M=[
14 5 21 02 22 41153.30000 73.00000000 3151.17000 259.30000 32.99700 245.76400
14 5 21 02 22 41174.10000 73.00000000 3153.02000 259.35000 32.99700 245.76400
14 5 21 02 23 41157.90000 73.07200000 3155.95000 259.94000 32.99700 245.76400
14 5 21 02 23 41158.50000 73.07200000 3155.58000 259.87000 32.99700 245.76400
14 5 21 02 23 41111.30000 72.73600000 3150.00000 259.82000 32.99700 245.76400
14 5 21 02 24 41128.50000 72.73600000 3150.53000 259.82000 32.99700 245.76400
14 5 21 02 24 41124.30000 72.83600000 3144.36000 259.07000 32.99700 245.18400
14 5 21 02 25 41111.30000 72.83600000 3147.49000 259.07000 32.99700 244.21100
14 5 21 02 25 41134.90000 72.83600000 3150.53000 259.30000 32.99700 244.21100
14 5 21 02 26 41137.60000 72.83600000 3148.44000 258.86000 32.99700 244.21100
14 5 21 02 26 41153.50000 72.83600000 3150.52000 259.09000 32.99700 244.21100
14 5 21 02 26 41161.10000 72.83600000 3154.85000 259.64000 32.99700 244.21100
14 5 21 02 27 41154.00000 72.83600000 3150.52000 259.64000 32.99700 244.21100
14 5 21 02 27 41146.30000 72.83600000 3149.88000 258.83000 32.99700 244.21100
14 5 21 02 28 41158.80000 72.83600000 3151.03000 259.48000 32.99700 244.21100
14 5 21 02 28 41111.30000 72.57700000 3142.46000 259.22000 32.99700 244.21100
14 5 21 02 29 41111.40000 72.55300000 3145.76000 258.93000 32.99700 244.64300
14 5 21 02 29 41116.50000 72.55300000 3154.01000 259.42000 32.99700 244.64300
14 5 21 02 29 41111.40000 72.55300000 3149.20000 259.12000 32.99700 244.64300
14 5 21 02 30 41139.70000 72.55300000 3157.62000 259.95000 32.99700 244.64300
14 5 21 02 30 41193.40000 72.55300000 3163.85000 260.12000 32.99700 244.64300
14 5 21 02 31 41197.10000 72.93800000 3166.89000 260.12000 32.99700 244.64300
14 5 21 02 31 41209.60000 72.93800000 3169.38000 260.12000 32.99700 244.64300
14 5 21 02 32 41229.90000 72.97700000 3170.51000 260.12000 32.99700 246.84200
14 5 21 02 32 41223.10000 72.97700000 3168.31000 260.12000 32.99700 246.21400
14 5 21 02 32 41223.40000 72.97700000 3169.22000 260.12000 32.99700 246.21400
14 5 21 02 33 41254.30000 72.97700000 3174.19000 260.45000 32.99700 246.21400
14 5 21 02 33 41223.80000 72.97700000 3171.05000 260.56000 32.99700 246.21400
14 5 21 02 34 41243.50000 72.97700000 3172.73000 260.57000 32.99700 246.21400
14 5 21 02 34 41199.30000 72.97700000 3166.11000 260.25000 32.99700 246.21400
14 5 21 02 35 41216.80000 72.97700000 3161.40000 259.87000 32.99700 246.21400
14 5 21 02 35 41247.80000 72.97700000 3166.85000 260.17000 32.99700 246.21400
14 5 21 02 35 41269.10000 72.97700000 3169.29000 260.17000 32.99700 246.21400
14 5 21 02 36 41337.10000 72.97700000 3176.74000 260.17000 32.99700 246.21400
14 5 21 02 36 41281.00000 72.97700000 3170.45000 260.17000 32.99700 246.21400
14 5 21 02 37 41309.50000 72.97700000 3175.85000 260.17000 32.99700 246.21400
14 5 21 02 37 41281.80000 72.97700000 3175.85000 260.17000 32.99700 246.21400
14 5 21 02 38 41281.90000 73.25200000 3172.48000 260.17000 32.99700 246.21400
14 5 21 02 38 41278.40000 73.25200000 3173.21000 260.17000 32.99700 246.21400
14 5 21 02 38 41296.30000 73.25200000 3182.24000 260.17000 32.99700 246.21400
14 5 21 02 39 41291.70000 73.25200000 3180.32000 260.17000 32.99700 246.21400
14 5 21 02 39 41287.20000 73.25200000 3178.10000 260.17000 32.99700 246.21400
14 5 21 02 40 41287.30000 73.25200000 3178.10000 260.17000 32.99700 246.21400
14 5 21 02 40 41287.30000 73.25200000 3180.25000 260.01000 32.99700 246.21400
14 5 21 02 41 41255.00000 73.25200000 3180.25000 260.05000 32.99700 246.21400
14 5 21 02 41 41276.40000 73.25200000 3175.87000 260.08000 32.99700 246.21400
14 5 21 02 41 41263.50000 73.25200000 3173.81000 260.08000 32.99700 246.21400
14 5 21 02 42 41312.70000 73.25200000 3177.76000 260.08000 32.99700 246.21400
14 5 21 02 42 41311.50000 73.25200000 3174.91000 260.08000 32.99700 246.21400
14 5 21 02 43 41307.00000 73.50000000 3176.12000 260.08000 32.99700 246.21400
14 5 21 02 43 41256.60000 72.90400000 3173.33000 259.52000 32.99700 246.21400
14 5 21 02 44 41247.50000 72.90400000 3173.33000 259.52000 32.99700 245.73300
14 5 21 02 44 41256.60000 72.97600000 3166.85000 259.56000 32.99700 245.73300
14 5 21 02 44 41253.90000 72.97600000 3171.50000 259.56000 32.99700 245.73300
14 5 21 02 45 41284.10000 72.97600000 3171.50000 259.56000 32.99700 245.73300
14 5 21 02 45 41253.90000 73.18800000 3174.28000 259.56000 32.99700 245.73300
14 5 21 02 46 41266.90000 73.05700000 3175.52000 259.96000 32.99700 245.73300
14 5 21 02 46 41278.20000 73.37500000 3175.91000 259.96000 32.99700 245.73300
14 5 21 02 47 41200.40000 73.37500000 3168.25000 259.51000 32.99700 245.73300
14 5 21 02 47 41206.90000 73.37500000 3168.23000 259.45000 32.99700 245.73300
14 5 21 02 47 41175.80000 73.37500000 3168.23000 259.45000 32.99700 245.73300
14 5 21 02 48 41159.60000 73.37500000 3167.40000 259.50000 32.99700 245.73300
14 5 21 02 48 41222.50000 73.37500000 3172.14000 259.90000 32.99700 245.73300
14 5 21 02 49 41261.00000 73.37500000 3178.19000 260.43000 32.99700 245.73300
14 5 21 02 49 41321.10000 73.37500000 3178.19000 260.43000 32.99700 246.84900
14 5 21 02 50 41267.80000 73.37500000 3178.19000 260.18000 32.99700 246.84900
14 5 21 02 50 41287.00000 73.37500000 3178.19000 260.18000 32.99700 246.84900
14 5 21 02 50 41282.00000 73.37500000 3183.35000 260.18000 32.99700 246.84900
14 5 21 02 51 41288.10000 73.37500000 3182.98000 260.18000 32.99700 246.84900
14 5 21 02 51 41310.90000 73.37500000 3183.35000 260.18000 32.99700 246.84900
14 5 21 02 52 41287.70000 73.37500000 3181.17000 260.18000 32.99700 246.84900
14 5 21 02 52 41284.80000 73.37500000 3181.17000 260.20000 32.99700 246.84900
14 5 21 02 53 41274.90000 73.37500000 3176.82000 260.20000 32.99700 246.84900
14 5 21 02 53 41259.70000 73.37500000 3172.10000 259.83000 32.99700 246.84900
14 5 21 02 53 41184.80000 72.72500000 3164.58000 259.83000 32.99700 246.84900
14 5 21 02 54 41190.80000 72.79700000 3163.50000 259.48000 32.99700 246.84900
14 5 21 02 54 41169.20000 72.70200000 3162.52000 259.42000 32.99700 246.84900
14 5 21 02 55 41246.70000 73.01100000 3168.77000 259.30000 32.99700 246.84900
14 5 21 02 55 41264.10000 73.01100000 3170.10000 259.30000 32.99700 246.84900
14 5 21 02 56 41220.60000 73.01100000 3170.10000 259.30000 32.99700 245.98000
14 5 21 02 56 41223.80000 73.01100000 3167.08000 258.98000 32.99700 245.98000
14 5 21 02 56 41188.60000 73.01100000 3166.79000 258.93000 32.99700 245.98000
14 5 21 02 57 41178.30000 73.01100000 3160.19000 258.59000 32.99700 245.98000
14 5 21 02 57 41168.40000 72.87400000 3160.74000 258.56000 32.99700 245.98000
14 5 21 02 58 41159.50000 72.87400000 3155.88000 258.42000 32.99700 245.98000
14 5 21 02 58 41200.00000 72.87400000 3157.40000 258.58000 32.99700 245.98000
14 5 21 02 59 41183.50000 72.87400000 3155.13000 258.31000 32.99700 245.98000
14 5 21 02 59 41174.10000 72.87400000 3151.00000 258.53000 32.99700 245.98000
14 5 21 02 59 41151.70000 72.87400000 3151.12000 257.50000 32.99700 245.98000
14 5 21 03 00 41144.80000 72.87400000 3150.81000 258.38000 32.99700 245.98000
14 5 21 03 00 41166.90000 72.87400000 3160.87000 258.77000 32.99700 245.98000
14 5 21 03 01 41208.90000 72.87400000 3164.43000 259.45000 32.99700 245.32100
14 5 21 03 01 41261.80000 72.87400000 3166.10000 259.75000 32.99700 245.32100
14 5 21 03 02 41247.90000 72.87400000 3167.85000 259.61000 32.99700 245.32100
14 5 21 03 02 41266.20000 72.87400000 3169.03000 259.57000 32.99700 245.32100
14 5 21 03 02 41274.40000 72.87400000 3170.92000 259.57000 32.99700 245.32100
14 5 21 03 03 41260.00000 72.87400000 3170.87000 259.77000 32.99700 245.32100
14 5 21 03 03 41278.60000 72.87400000 3170.87000 259.95000 32.99700 246.15000
14 5 21 03 04 41231.50000 73.00000000 3170.76000 259.95000 32.99700 246.15000
14 5 21 03 04 41224.60000 73.00000000 3170.02000 259.59000 32.99700 246.15000
14 5 21 03 05 41197.80000 72.87400000 3170.02000 259.20000 32.99700 246.15000
14 5 21 03 05 41197.80000 72.90300000 3160.76000 258.74000 32.99700 246.15000
