M=[
13 10 20 15 26 9724.70000 4.85400000 324.19000 42.51000 12.08000 60.55500
13 10 20 15 27 9728.50000 4.85400000 324.20000 42.51000 12.08000 60.55500
13 10 20 15 27 9724.80000 4.85400000 324.15000 42.51000 12.08000 60.55500
13 10 20 15 27 9724.80000 4.85400000 324.10000 42.51000 12.08000 60.48800
13 10 20 15 28 9721.50000 4.85400000 324.06000 42.51000 12.08000 60.13000
13 10 20 15 28 9721.50000 4.85400000 323.70000 42.51000 12.08000 60.13000
13 10 20 15 29 9721.50000 4.85400000 323.71000 42.51000 12.08000 60.13000
13 10 20 15 29 9721.50000 4.85400000 323.71000 42.51000 12.08000 60.13000
13 10 20 15 30 9710.20000 4.85400000 323.67000 42.36000 12.08000 60.13000
13 10 20 15 30 9718.00000 4.85400000 323.67000 42.39000 12.08000 60.13000
13 10 20 15 31 9716.80000 4.85400000 323.67000 42.39000 12.08000 60.13000
13 10 20 15 31 9718.10000 4.85400000 323.87000 42.39000 12.08000 60.13000
13 10 20 15 31 9716.20000 4.85400000 323.87000 42.39000 12.06200 60.13000
13 10 20 15 32 9718.50000 4.85400000 323.96000 42.39000 12.06200 60.13000
13 10 20 15 32 9716.50000 4.85400000 323.96000 42.39000 12.06200 60.13000
13 10 20 15 33 9716.40000 4.85400000 323.85000 42.39000 12.06200 60.13000
13 10 20 15 33 9720.00000 4.85400000 324.02000 42.39000 12.06200 60.13000
13 10 20 15 33 9720.00000 4.85400000 323.90000 42.39000 12.06200 60.13000
13 10 20 15 34 9720.10000 4.85400000 323.74000 42.45000 12.06200 60.13000
13 10 20 15 34 9720.10000 4.85400000 323.67000 42.45000 12.06200 60.13000
13 10 20 15 35 9720.00000 4.85400000 323.61000 42.45000 12.06200 60.13000
13 10 20 15 35 9720.10000 4.85400000 323.54000 42.45000 12.06200 60.13300
13 10 20 15 36 9720.10000 4.85400000 323.48000 42.45000 12.06200 60.13300
13 10 20 15 36 9722.70000 4.85400000 323.48000 42.45000 12.06200 60.13300
13 10 20 15 36 9723.50000 4.85400000 323.69000 42.48000 12.06200 60.13300
13 10 20 15 37 9724.10000 4.85400000 323.69000 42.48000 12.06200 60.13300
13 10 20 15 37 9728.00000 4.85400000 323.77000 42.53000 12.06200 60.13300
13 10 20 15 38 9728.30000 4.85400000 323.77000 42.53000 12.06200 60.13300
13 10 20 15 38 9728.40000 4.85400000 323.77000 42.54000 12.06200 60.13300
13 10 20 15 39 9728.00000 4.85400000 323.77000 42.54000 12.06200 60.13300
13 10 20 15 39 9723.20000 4.85400000 323.86000 42.54000 12.06200 60.13300
13 10 20 15 39 9725.40000 4.85400000 323.80000 42.52000 12.06200 60.13300
13 10 20 15 40 9724.40000 4.85400000 323.88000 42.52000 12.06200 60.13300
13 10 20 15 40 9723.70000 4.85400000 323.88000 42.52000 12.06200 60.13300
13 10 20 15 41 9723.10000 4.85400000 323.82000 42.52000 12.06200 60.13300
13 10 20 15 41 9723.10000 4.85400000 323.54000 42.52000 12.06200 60.13300
13 10 20 15 42 9723.00000 4.85400000 323.54000 42.51000 12.06200 60.13300
13 10 20 15 42 9723.20000 4.85400000 323.60000 42.51000 12.06200 60.13300
13 10 20 15 42 9721.10000 4.85400000 323.60000 42.51000 12.06200 60.13300
13 10 20 15 43 9722.10000 4.85400000 323.66000 42.51000 12.06200 60.13300
13 10 20 15 43 9719.50000 4.85400000 323.66000 42.51000 12.06200 60.13300
13 10 20 15 44 9719.60000 4.85400000 323.66000 42.51000 12.06200 60.13300
13 10 20 15 44 9719.60000 4.85400000 323.51000 42.51000 12.06200 60.13300
13 10 20 15 45 9719.60000 4.85400000 323.52000 42.51000 12.06200 60.13300
13 10 20 15 45 9719.50000 4.85400000 323.58000 42.48000 12.06200 60.13300
13 10 20 15 45 9719.60000 4.85400000 323.58000 42.48000 12.06200 60.13300
13 10 20 15 46 9719.60000 4.85400000 323.60000 42.48000 12.06200 60.13300
13 10 20 15 46 9719.60000 4.85400000 323.59000 42.45000 12.06200 60.13300
13 10 20 15 47 9710.10000 4.85400000 323.05000 42.45000 12.06200 60.13300
13 10 20 15 47 9711.30000 4.85400000 323.11000 42.45000 12.06200 60.13300
13 10 20 15 48 9711.40000 4.85400000 323.05000 42.45000 12.06200 60.13300
13 10 20 15 48 9711.50000 4.85400000 323.05000 42.45000 12.06200 60.13300
13 10 20 15 48 9714.60000 4.85400000 323.26000 42.48000 12.06200 60.13300
13 10 20 15 49 9715.00000 4.85400000 323.26000 42.48000 12.06200 60.13300
13 10 20 15 49 9715.80000 4.85400000 323.44000 42.48000 12.06200 60.13300
13 10 20 15 50 9716.50000 4.85400000 323.47000 42.48000 12.06200 60.13300
13 10 20 15 50 9718.20000 4.85400000 323.47000 42.48000 12.06200 60.13300
13 10 20 15 51 9719.30000 4.85400000 323.47000 42.48000 12.06200 60.13300
13 10 20 15 51 9721.60000 4.85400000 323.47000 42.48000 12.06200 60.13300
13 10 20 15 51 9721.60000 4.85400000 323.47000 42.54000 12.06200 60.13300
13 10 20 15 52 9721.60000 4.85400000 323.47000 42.54000 12.06200 60.13300
13 10 20 15 52 9719.90000 4.85400000 323.47000 42.54000 12.06200 60.13300
13 10 20 15 53 9719.80000 4.85400000 323.56000 42.51000 12.06200 60.13300
13 10 20 15 53 9721.60000 4.85400000 323.59000 42.51000 12.06200 60.13300
13 10 20 15 54 9721.50000 4.85400000 323.58000 42.50000 12.06200 60.13300
13 10 20 15 54 9718.70000 4.85400000 323.50000 42.50000 12.06200 60.13300
13 10 20 15 54 9715.70000 4.85400000 323.50000 42.49000 12.06200 60.13300
13 10 20 15 55 9714.30000 4.85400000 323.20000 42.49000 12.06200 60.13300
13 10 20 15 55 9714.30000 4.85400000 323.20000 42.49000 12.06200 60.13300
13 10 20 15 56 9712.10000 4.85400000 323.12000 42.39000 12.06200 60.13300
13 10 20 15 56 9712.20000 4.85400000 323.12000 42.46000 12.06200 60.13300
13 10 20 15 57 9717.20000 4.85400000 323.12000 42.47000 12.06200 59.92600
13 10 20 15 57 9717.60000 4.85400000 323.14000 42.47000 12.06200 59.92600
13 10 20 15 57 9717.10000 4.85400000 323.15000 42.47000 12.06200 59.92600
13 10 20 15 58 9717.00000 4.85400000 323.50000 42.47000 12.06200 59.92600
13 10 20 15 58 9717.00000 4.85400000 323.43000 42.47000 12.06200 59.92600
13 10 20 15 59 9712.20000 4.85400000 323.30000 42.46000 12.06200 59.92600
13 10 20 15 59 9712.20000 4.85400000 323.30000 42.46000 12.06200 59.92600
13 10 20 16 00 9712.30000 4.85400000 323.33000 42.42000 12.06200 59.92600
13 10 20 16 00 9712.30000 4.85400000 323.10000 42.42000 12.06200 59.98400
13 10 20 16 00 9711.20000 4.85400000 323.01000 42.42000 12.06200 59.82400
13 10 20 16 01 9711.30000 4.85400000 323.32000 42.42000 12.06200 59.82400
13 10 20 16 01 9711.30000 4.85400000 323.33000 42.42000 12.06200 59.82400
13 10 20 16 02 9711.30000 4.85400000 323.33000 42.41000 12.06200 59.82400
13 10 20 16 02 9715.70000 4.85400000 323.33000 42.41000 12.06200 59.82400
13 10 20 16 03 9711.50000 4.85400000 323.33000 42.42000 12.06200 59.82400
13 10 20 16 03 9712.50000 4.86000000 323.33000 42.42000 12.06200 59.82400
13 10 20 16 03 9714.10000 4.86000000 323.37000 42.42000 12.06200 59.82400
13 10 20 16 04 9712.90000 4.86000000 323.37000 42.42000 12.06200 59.82400
13 10 20 16 04 9711.90000 4.86000000 323.37000 42.42000 12.06200 59.82400
13 10 20 16 05 9711.30000 4.86000000 323.33000 42.42000 12.06200 59.82400
13 10 20 16 05 9705.00000 4.86000000 323.04000 42.42000 12.06200 59.82400
13 10 20 16 06 9705.50000 4.86000000 323.13000 42.42000 12.06200 59.82400
13 10 20 16 06 9701.00000 4.86000000 323.11000 42.33000 12.06200 59.82400
13 10 20 16 06 9701.00000 4.86000000 323.02000 42.32000 12.06200 59.82400
13 10 20 16 07 9700.90000 4.86900000 323.00000 42.27000 12.06200 59.82400
13 10 20 16 07 9701.00000 4.86900000 323.00000 42.27000 12.06200 59.82400
13 10 20 16 08 9695.30000 4.86900000 323.00000 42.28000 12.06200 59.82400
13 10 20 16 08 9698.50000 4.86900000 323.00000 42.28000 12.06200 59.82400
13 10 20 16 09 9699.30000 4.86900000 323.00000 42.28000 12.06200 59.82400
13 10 20 16 09 9700.00000 4.86900000 323.00000 42.35000 12.06200 59.82400
13 10 20 16 09 9695.30000 4.86900000 322.83000 42.35000 12.06200 59.82400
13 10 20 16 10 9696.00000 4.86900000 322.72000 42.35000 12.06200 59.64300
13 10 20 16 10 9690.00000 4.86900000 322.72000 42.35000 12.06200 59.64300
13 10 20 16 11 9690.10000 4.86900000 322.10000 42.35000 12.06200 59.64300
13 10 20 16 11 9692.70000 4.86900000 322.10000 42.35000 12.06200 59.64300
13 10 20 16 12 9684.80000 4.86900000 322.46000 42.35000 12.06200 59.64300
13 10 20 16 12 9687.20000 4.86900000 322.43000 42.33000 12.06200 59.64300
