M=[
 2 6 20 03 12 9015.00000 6.47200000 220.82000 43.26000 12.20400 48.64300
 2 6 20 03 13 9015.50000 6.47200000 220.82000 43.26000 12.20400 48.64300
 2 6 20 03 13 9015.00000 6.47200000 220.82000 43.28000 12.20400 48.64300
 2 6 20 03 14 9015.10000 6.47200000 220.75000 43.26000 12.20400 48.64300
 2 6 20 03 14 9015.50000 6.47200000 220.70000 43.26000 12.20400 48.87400
 2 6 20 03 15 9015.10000 6.47200000 220.68000 43.26000 12.20400 48.64300
 2 6 20 03 15 9015.00000 6.47200000 220.68000 43.26000 12.20400 48.64300
 2 6 20 03 16 9010.10000 6.47200000 220.69000 43.26000 12.20400 48.64300
 2 6 20 03 16 9010.00000 6.46000000 220.69000 43.26000 12.20400 48.87400
 2 6 20 03 17 9010.00000 6.47200000 220.69000 43.26000 12.24600 48.64300
 2 6 20 03 17 9005.00000 6.47200000 220.63000 43.26000 12.20400 48.64300
 2 6 20 03 18 9005.10000 6.47200000 220.62000 43.15000 12.20400 48.64300
 2 6 20 03 18 9005.00000 6.47200000 220.62000 43.15000 12.20400 48.64300
 2 6 20 03 19 9007.70000 6.47200000 220.60000 43.21000 12.20400 48.64300
 2 6 20 03 19 9007.80000 6.47200000 220.58000 43.21000 12.20400 48.87400
 2 6 20 03 20 9007.70000 6.47200000 220.58000 43.13000 12.20400 48.64300
 2 6 20 03 20 9010.60000 6.45000000 220.58000 43.13000 12.20400 48.64300
 2 6 20 03 21 9007.80000 6.47200000 220.58000 43.21000 12.20400 48.64300
 2 6 20 03 21 9015.10000 6.47200000 220.79000 43.21000 12.20400 48.64300
 2 6 20 03 22 9015.50000 6.47200000 220.92000 43.21000 12.10400 48.87400
 2 6 20 03 22 9015.40000 6.47200000 221.00000 43.21000 12.10400 48.64300
 2 6 20 03 23 9016.30000 6.47200000 221.00000 43.21000 12.11000 48.64300
 2 6 20 03 23 9016.40000 6.47200000 220.99000 43.21000 12.11000 48.64300
 2 6 20 03 24 9016.30000 6.47200000 220.97000 43.13000 12.11000 48.64300
 2 6 20 03 24 9018.70000 6.47200000 220.99000 43.21000 12.11000 48.64300
 2 6 20 03 25 9024.50000 6.47200000 221.00000 43.21000 12.11000 48.64300
 2 6 20 03 25 9023.20000 6.47200000 221.00000 43.21000 12.11000 48.64300
 2 6 20 03 25 9024.70000 6.46000000 220.92000 43.21000 12.11000 48.64300
 2 6 20 03 26 9022.70000 6.47200000 221.00000 43.44000 12.11000 48.64300
 2 6 20 03 26 9021.20000 6.47200000 220.99000 43.44000 12.11000 48.64300
 2 6 20 03 27 9024.40000 6.47200000 221.00000 43.44000 12.11000 48.64300
 2 6 20 03 27 9022.70000 6.47200000 221.00000 43.44000 12.11000 48.64300
 2 6 20 03 28 9021.70000 6.47200000 221.00000 43.44000 12.11000 48.64300
 2 6 20 03 28 9024.60000 6.45000000 221.00000 43.44000 12.11000 48.64300
 2 6 20 03 29 9024.60000 6.46000000 221.00000 43.13000 12.11000 48.64300
 2 6 20 03 29 9019.00000 6.47200000 221.00000 43.44000 12.11000 48.64300
 2 6 20 03 30 9021.20000 6.47200000 221.00000 43.44000 12.11000 48.64300
 2 6 20 03 30 9019.00000 6.47200000 221.00000 43.44000 12.10400 48.64300
 2 6 20 03 31 9019.50000 6.47200000 220.99000 43.44000 12.13700 48.64300
 2 6 20 03 31 9019.50000 6.47200000 220.99000 43.44000 12.22300 48.64300
 2 6 20 03 32 9019.50000 6.47200000 220.99000 43.44000 12.11000 48.64300
 2 6 20 03 32 9018.90000 6.47200000 220.99000 43.44000 12.13700 48.87400
 2 6 20 03 33 9018.90000 6.47200000 220.99000 43.44000 12.22300 48.64300
 2 6 20 03 33 9018.10000 6.47200000 220.91000 43.21000 12.22300 48.64300
 2 6 20 03 33 9016.80000 6.47200000 220.91000 43.44000 12.22300 48.64300
 2 6 20 03 34 9016.20000 6.47200000 220.88000 43.44000 12.22300 48.64300
 2 6 20 03 34 9013.40000 6.47200000 220.88000 43.44000 12.22300 48.64300
 2 6 20 03 35 9013.40000 6.47200000 220.94000 43.44000 12.22300 48.64300
 2 6 20 03 35 9013.70000 6.47200000 220.94000 43.44000 12.22300 48.64300
 2 6 20 03 36 9013.80000 6.47200000 220.96000 43.44000 12.22300 48.46400
 2 6 20 03 36 9013.80000 6.47200000 220.78000 43.44000 12.22300 48.46400
 2 6 20 03 37 9013.60000 6.47200000 220.78000 43.44000 12.22300 48.46400
 2 6 20 03 37 9014.00000 6.45000000 220.78000 43.44000 12.22300 48.46400
 2 6 20 03 38 9014.00000 6.47200000 220.81000 43.44000 12.22300 48.46400
 2 6 20 03 38 9014.00000 6.47200000 220.86000 43.44000 12.22300 48.46400
 2 6 20 03 39 9014.10000 6.47200000 220.86000 43.44000 12.11000 48.64300
 2 6 20 03 39 9014.00000 6.47200000 220.86000 43.44000 12.22300 48.46400
 2 6 20 03 40 9014.00000 6.47200000 220.86000 43.44000 12.22300 48.46400
 2 6 20 03 40 9014.90000 6.47200000 220.86000 43.44000 12.22300 48.46400
 2 6 20 03 41 9014.80000 6.47200000 220.86000 43.44000 12.22300 48.46400
 2 6 20 03 41 9014.90000 6.47200000 220.86000 43.44000 12.22300 48.46400
 2 6 20 03 42 9014.90000 6.47200000 221.00000 43.44000 12.22300 48.46400
 2 6 20 03 42 9014.80000 6.47200000 221.03000 43.44000 12.22300 48.64300
 2 6 20 03 42 9014.80000 6.47200000 221.06000 43.21000 12.22300 48.46400
 2 6 20 03 43 9014.90000 6.47200000 221.20000 43.49000 12.22300 48.46400
 2 6 20 03 43 9014.90000 6.47200000 221.20000 43.49000 12.22300 48.46400
 2 6 20 03 44 9014.80000 6.47200000 221.20000 43.21000 12.22300 48.46400
 2 6 20 03 44 9014.00000 6.47200000 221.27000 43.50000 12.22300 48.46400
 2 6 20 03 45 9014.10000 6.47200000 221.24000 43.50000 12.22300 48.64300
 2 6 20 03 45 9014.70000 6.47200000 221.24000 43.50000 12.22300 48.46400
 2 6 20 03 46 9014.00000 6.47200000 221.24000 43.50000 12.22300 48.46400
 2 6 20 03 46 9014.70000 6.47200000 221.24000 43.49000 12.22300 48.46400
 2 6 20 03 47 9014.90000 6.47200000 221.27000 43.50000 12.22300 48.46400
 2 6 20 03 47 9014.90000 6.47200000 221.27000 43.50000 12.22300 48.64300
 2 6 20 03 47 9015.00000 6.47200000 221.29000 43.50000 12.25000 48.46400
 2 6 20 03 48 9014.90000 6.45000000 221.24000 43.50000 12.25000 48.46400
 2 6 20 03 48 9015.00000 6.47200000 221.29000 43.21000 12.25000 48.64300
 2 6 20 03 49 9015.00000 6.47200000 221.29000 43.50000 12.25000 48.44000
 2 6 20 03 49 9031.00000 6.47200000 221.29000 43.50000 12.25000 48.44000
 2 6 20 03 50 9039.40000 6.43200000 221.48000 43.50000 12.25000 48.44000
 2 6 20 03 50 9033.80000 6.47200000 221.32000 43.50000 12.26800 48.44000
 2 6 20 03 51 9034.20000 6.43200000 221.32000 43.50000 12.26800 48.44000
 2 6 20 03 51 9032.60000 6.47200000 221.32000 43.51000 12.26800 48.44000
 2 6 20 03 52 9033.70000 6.47200000 221.32000 43.51000 12.26800 48.44000
 2 6 20 03 52 9026.70000 6.43200000 221.20000 43.51000 12.26800 48.64300
 2 6 20 03 52 9026.70000 6.43200000 221.20000 43.51000 12.26800 48.52600
 2 6 20 03 53 9024.80000 6.43200000 221.32000 43.55000 12.26800 48.64300
 2 6 20 03 53 9024.80000 6.43200000 221.31000 43.55000 12.26800 48.52600
 2 6 20 03 54 9024.20000 6.43200000 221.31000 43.55000 12.22300 48.52600
 2 6 20 03 54 9023.10000 6.43200000 221.48000 43.55000 12.26800 48.52600
 2 6 20 03 55 9025.40000 6.43200000 221.44000 43.55000 12.11000 48.52600
 2 6 20 03 55 9025.40000 6.43200000 221.44000 43.55000 12.26800 48.52600
 2 6 20 03 56 9029.80000 6.43200000 221.07000 43.63000 12.26800 48.52600
 2 6 20 03 56 9031.40000 6.43200000 221.27000 43.55000 12.22300 48.52600
 2 6 20 03 57 9030.30000 6.43200000 221.27000 43.55000 12.25000 48.52600
 2 6 20 03 57 9029.80000 6.43200000 221.24000 43.55000 12.26800 48.52600
 2 6 20 03 58 9028.90000 6.43200000 221.24000 43.55000 12.26800 48.52600
 2 6 20 03 58 9026.70000 6.43200000 221.20000 43.55000 12.22300 48.52600
 2 6 20 03 59 9026.70000 6.43200000 221.20000 43.55000 12.26800 48.52600
 2 6 20 03 59 9030.30000 6.43200000 221.20000 43.55000 12.26800 48.52600
 2 6 20 04 00 9030.20000 6.43200000 221.20000 43.55000 12.26800 48.52600
 2 6 20 04 00 9039.80000 6.43200000 221.35000 43.55000 12.26800 48.49700
 2 6 20 04 00 9039.10000 6.43200000 221.35000 43.55000 12.26800 48.61600
 2 6 20 04 01 9044.60000 6.43200000 221.63000 43.55000 12.26800 48.61600
 2 6 20 04 01 9039.70000 6.43200000 221.63000 43.55000 12.26800 48.61600
 2 6 20 04 02 9038.00000 6.48600000 221.58000 43.62000 12.26800 48.61600
 2 6 20 04 02 9039.70000 6.48600000 221.50000 43.61000 12.26800 48.61600
 2 6 20 04 03 9038.80000 6.48700000 221.50000 43.61000 12.26800 48.61600
 2 6 20 04 03 9033.80000 6.48700000 221.50000 43.61000 12.26800 48.61600
