M=[
22 1 21 22 38 27499.90000 6.17700000 1028.00000 114.32000 17.67100 71.64900
22 1 21 22 38 27493.00000 6.17700000 1028.69000 114.53000 17.67100 71.64900
22 1 21 22 39 27468.70000 6.17700000 1026.81000 114.46000 17.67100 71.64900
22 1 21 22 39 27475.40000 6.17700000 1026.81000 114.46000 17.67000 71.64900
22 1 21 22 39 27476.60000 6.17700000 1027.14000 114.46000 17.67000 71.64900
22 1 21 22 40 27496.10000 6.17700000 1028.00000 114.52000 17.67000 71.70200
22 1 21 22 40 27488.80000 6.17700000 1027.99000 114.52000 17.67000 71.70200
22 1 21 22 41 27496.20000 6.17700000 1028.47000 114.52000 17.67000 71.70200
22 1 21 22 41 27496.20000 6.17700000 1029.29000 114.52000 17.67000 71.70200
22 1 21 22 42 27494.10000 6.17700000 1029.68000 114.65000 17.67000 71.70200
22 1 21 22 42 27494.00000 6.17700000 1030.24000 114.65000 17.67000 71.70200
22 1 21 22 42 27494.00000 6.17700000 1030.61000 114.65000 17.67000 71.93300
22 1 21 22 43 27446.90000 6.17700000 1028.11000 114.62000 17.67000 71.93300
22 1 21 22 43 27434.50000 6.17700000 1028.00000 114.56000 17.67000 71.93300
22 1 21 22 44 27412.10000 6.17700000 1028.00000 114.45000 17.67000 71.93300
22 1 21 22 44 27401.00000 6.17700000 1026.26000 114.44000 17.67000 71.93300
22 1 21 22 45 27401.10000 6.17700000 1026.01000 114.36000 17.67000 71.93300
22 1 21 22 45 27412.10000 6.17700000 1025.52000 114.36000 17.67000 71.93300
22 1 21 22 45 27401.10000 6.17700000 1025.00000 114.19000 17.67000 71.93300
22 1 21 22 46 27423.50000 6.17700000 1025.38000 114.25000 17.67000 71.60000
22 1 21 22 46 27403.50000 6.17700000 1025.00000 114.25000 17.67000 71.60000
22 1 21 22 47 27389.20000 6.17700000 1023.77000 114.25000 17.67000 71.60000
22 1 21 22 47 27373.20000 6.17700000 1022.29000 114.25000 17.67000 71.60000
22 1 21 22 48 27331.90000 6.16300000 1022.39000 114.08000 17.67000 71.60000
22 1 21 22 48 27383.80000 6.16300000 1023.36000 114.08000 17.67000 71.60000
22 1 21 22 48 27384.80000 6.16300000 1022.86000 114.08000 17.67000 71.60000
22 1 21 22 49 27385.00000 6.10200000 1022.65000 114.12000 17.67000 71.60000
22 1 21 22 49 27383.80000 6.10200000 1022.30000 114.03000 17.67000 71.56300
22 1 21 22 50 27333.10000 6.10200000 1018.36000 113.75000 17.67000 71.56300
22 1 21 22 50 27338.90000 6.10200000 1018.93000 113.59000 17.67000 71.56300
22 1 21 22 51 27321.40000 6.10200000 1018.00000 113.64000 17.67000 71.44000
22 1 21 22 51 27360.00000 6.10200000 1018.45000 113.67000 17.67000 71.44000
22 1 21 22 51 27300.00000 6.10200000 1016.67000 113.52000 17.66000 71.44000
22 1 21 22 52 27261.40000 6.10200000 1015.49000 113.50000 17.66000 71.13600
22 1 21 22 52 27210.00000 6.14400000 1012.15000 113.50000 17.66000 71.13600
22 1 21 22 53 27187.00000 6.14400000 1011.18000 113.45000 17.66000 70.94000
22 1 21 22 53 27122.10000 6.14400000 1007.54000 113.20000 17.65400 70.94000
22 1 21 22 54 27075.40000 6.11400000 1006.14000 113.00000 17.65400 70.65500
22 1 21 22 54 27128.90000 6.11400000 1006.80000 113.00000 17.65400 70.65500
22 1 21 22 54 27041.20000 6.11400000 1006.63000 112.74000 17.65400 70.65500
22 1 21 22 55 27033.40000 6.11400000 1006.47000 112.74000 17.65000 70.80000
22 1 21 22 55 26975.20000 6.10600000 1005.05000 112.77000 17.63900 70.80000
22 1 21 22 56 27037.10000 6.10600000 1009.03000 112.79000 17.65000 70.75000
22 1 21 22 56 27026.10000 6.08000000 1007.96000 112.68000 17.65000 70.75000
22 1 21 22 57 26999.60000 6.05900000 1007.90000 112.68000 17.65000 70.75000
22 1 21 22 57 26979.70000 6.06100000 1007.43000 112.68000 17.65000 70.66200
22 1 21 22 57 26993.20000 6.06100000 1007.01000 112.57000 17.65000 70.66200
22 1 21 22 58 27011.20000 6.06100000 1007.90000 112.58000 17.65000 70.58000
22 1 21 22 58 27015.20000 6.06100000 1008.75000 112.58000 17.65000 70.58000
22 1 21 22 59 27008.90000 6.06100000 1007.01000 112.67000 17.65000 70.58000
22 1 21 22 59 26989.10000 6.06100000 1007.02000 112.63000 17.65000 70.58000
22 1 21 23 00 26994.40000 6.06100000 1007.01000 112.54000 17.65000 70.58000
22 1 21 23 00 26987.90000 6.06100000 1005.00000 112.71000 17.65000 70.58000
22 1 21 23 00 26990.60000 6.06100000 1003.94000 112.70000 17.65000 70.58000
22 1 21 23 01 26996.30000 6.06100000 1003.17000 112.71000 17.65000 70.58200
22 1 21 23 01 26962.10000 6.06100000 1002.28000 112.55000 17.65000 70.58200
22 1 21 23 02 26932.70000 6.06100000 1001.73000 112.51000 17.65000 70.42100
22 1 21 23 02 26979.60000 6.05800000 1003.10000 112.54000 17.65000 70.42100
22 1 21 23 03 26969.00000 6.05800000 1003.49000 112.54000 17.65000 70.42100
22 1 21 23 03 26987.40000 6.05800000 1004.93000 112.58000 17.65000 70.42100
22 1 21 23 03 26984.80000 6.06100000 1006.90000 112.58000 17.65000 70.42100
22 1 21 23 04 26987.10000 6.06100000 1006.94000 112.58000 17.65000 70.42100
22 1 21 23 04 27067.80000 6.06100000 1009.37000 113.10000 17.65000 70.42100
22 1 21 23 05 27099.40000 6.06100000 1011.47000 113.38000 17.65000 70.42100
22 1 21 23 05 27139.30000 6.06100000 1011.99000 113.38000 17.65000 70.42100
22 1 21 23 06 27141.70000 6.06100000 1012.62000 113.63000 17.65000 70.42100
22 1 21 23 06 27090.30000 6.06100000 1011.58000 113.58000 17.65000 71.09900
22 1 21 23 06 27090.30000 6.06100000 1010.02000 113.58000 17.65000 71.09900
22 1 21 23 07 27018.80000 6.06100000 1008.39000 113.51000 17.65000 70.83000
22 1 21 23 07 27019.40000 6.06100000 1008.16000 113.28000 17.65000 70.83000
22 1 21 23 08 27013.10000 6.06100000 1008.47000 113.21000 17.65000 70.83000
22 1 21 23 08 27033.40000 6.07700000 1010.48000 113.17000 17.65000 70.83000
22 1 21 23 09 27014.50000 6.07700000 1009.93000 112.95000 17.65000 70.83000
22 1 21 23 09 27011.90000 6.07700000 1008.59000 113.00000 17.65000 70.77600
22 1 21 23 09 27063.70000 6.07700000 1011.77000 113.00000 17.65000 70.77600
22 1 21 23 10 27035.40000 6.07700000 1009.84000 113.00000 17.65000 70.77600
22 1 21 23 10 27100.00000 6.07700000 1012.39000 113.24000 17.65000 70.77600
22 1 21 23 11 27088.00000 6.07700000 1010.90000 113.44000 17.65000 70.77600
22 1 21 23 11 27126.90000 6.07700000 1012.79000 113.40000 17.65000 70.77600
22 1 21 23 12 27141.50000 6.07700000 1013.26000 113.40000 17.65000 70.77600
22 1 21 23 12 27092.80000 6.07700000 1010.95000 113.42000 17.65000 70.95500
22 1 21 23 12 27105.00000 6.07700000 1011.59000 113.44000 17.65000 70.95500
22 1 21 23 13 27122.90000 6.07700000 1013.00000 113.44000 17.65000 70.95500
22 1 21 23 13 27104.20000 6.07700000 1013.95000 113.46000 17.65000 70.95500
22 1 21 23 14 27121.00000 6.07700000 1013.61000 113.46000 17.65000 70.95500
22 1 21 23 14 27105.70000 6.07700000 1011.95000 113.50000 17.65000 70.95500
22 1 21 23 15 27108.50000 6.07700000 1013.25000 113.53000 17.65000 70.95500
22 1 21 23 15 27109.00000 6.07700000 1013.05000 113.53000 17.65000 70.95500
22 1 21 23 15 27070.00000 6.07700000 1011.65000 113.39000 17.65000 70.95500
22 1 21 23 16 27084.20000 6.07700000 1011.65000 113.39000 17.65000 70.95500
22 1 21 23 16 27121.00000 6.07700000 1014.12000 113.39000 17.65000 70.95500
22 1 21 23 17 27139.90000 6.11100000 1014.99000 113.45000 17.65000 70.95500
22 1 21 23 17 27139.70000 6.11100000 1013.88000 113.48000 17.65000 70.95500
22 1 21 23 18 27136.10000 6.08600000 1013.10000 113.28000 17.65000 70.95500
22 1 21 23 18 27103.80000 6.07200000 1013.33000 113.27000 17.68200 70.95500
22 1 21 23 18 27081.50000 6.07200000 1012.74000 113.26000 17.68200 70.95500
22 1 21 23 19 27074.70000 6.07200000 1011.76000 113.14000 17.60200 70.95500
22 1 21 23 19 27074.70000 6.07200000 1011.67000 113.14000 17.60200 70.95500
22 1 21 23 20 27139.30000 6.07200000 1015.15000 113.34000 17.60200 71.15000
22 1 21 23 20 27092.30000 6.07200000 1013.98000 113.34000 17.58600 71.15000
22 1 21 23 21 27079.70000 6.07200000 1011.99000 113.28000 17.68200 71.15000
22 1 21 23 21 27087.20000 6.07200000 1012.05000 113.18000 17.68200 71.15000
22 1 21 23 21 27110.80000 6.07200000 1012.12000 113.18000 17.68200 71.15000
22 1 21 23 22 27133.30000 6.07200000 1014.64000 113.32000 17.71600 71.15000
22 1 21 23 22 27131.70000 6.07200000 1015.45000 113.43000 17.71600 71.15000
