M=[
24 3 21 11 35 47662.50000 10.54800000 1446.93000 164.49000 31.85100 118.03600
24 3 21 11 35 47665.90000 10.54800000 1446.93000 164.42000 31.85100 118.03600
24 3 21 11 36 47682.20000 10.54800000 1447.59000 164.42000 31.85100 118.03600
24 3 21 11 36 47683.00000 10.54800000 1447.59000 164.59000 31.85100 118.03600
24 3 21 11 36 47682.90000 10.54800000 1447.59000 164.59000 31.85100 118.03600
24 3 21 11 37 47662.70000 10.54800000 1445.01000 164.42000 32.30900 118.03600
24 3 21 11 37 47620.00000 10.52100000 1444.56000 164.42000 32.30900 118.03600
24 3 21 11 38 47661.80000 10.52100000 1444.55000 164.42000 32.30900 118.03600
24 3 21 11 38 47655.80000 10.52100000 1444.71000 164.33000 32.30900 118.03600
24 3 21 11 39 47662.00000 10.52100000 1444.70000 164.34000 32.30900 118.03600
24 3 21 11 39 47651.90000 10.52100000 1444.79000 164.33000 32.30900 118.03600
24 3 21 11 39 47670.90000 10.52100000 1445.48000 164.33000 32.30900 118.03600
24 3 21 11 40 47680.00000 10.52100000 1445.61000 164.33000 32.30900 118.03600
24 3 21 11 40 47671.00000 10.52100000 1446.40000 164.31000 32.01600 118.03600
24 3 21 11 41 47675.60000 10.52100000 1446.39000 164.28000 32.32000 118.03600
24 3 21 11 41 47675.50000 10.52100000 1447.13000 164.31000 32.32000 118.03600
24 3 21 11 42 47675.70000 10.52100000 1447.32000 164.31000 32.32000 118.03600
24 3 21 11 42 47697.30000 10.52100000 1446.93000 164.31000 32.32000 118.06900
24 3 21 11 42 47687.40000 10.52100000 1446.87000 164.31000 32.32000 118.06900
24 3 21 11 43 47710.20000 10.52100000 1446.76000 164.31000 31.93200 118.06900
24 3 21 11 43 47709.40000 10.52100000 1446.76000 164.30000 32.50500 118.06900
24 3 21 11 44 47719.40000 10.52100000 1447.84000 164.31000 32.50500 117.95100
24 3 21 11 44 47719.50000 10.52100000 1447.84000 164.31000 32.50500 117.95100
24 3 21 11 45 47755.00000 10.52100000 1448.73000 164.31000 32.50500 117.95100
24 3 21 11 45 47723.20000 10.52100000 1447.94000 164.31000 32.50500 117.93200
24 3 21 11 45 47713.40000 10.52100000 1448.00000 164.31000 32.50500 117.93200
24 3 21 11 46 47682.40000 10.52100000 1448.00000 164.31000 32.28600 117.93200
24 3 21 11 46 47683.60000 10.52100000 1447.02000 164.31000 32.28600 117.93200
24 3 21 11 47 47689.20000 10.52100000 1447.02000 164.33000 32.28600 117.93200
24 3 21 11 47 47681.10000 10.52100000 1447.03000 164.33000 32.28600 117.93200
24 3 21 11 48 47676.70000 10.52100000 1447.08000 164.24000 32.28600 117.93200
24 3 21 11 48 47670.00000 10.52100000 1447.08000 164.23000 31.92900 117.93200
24 3 21 11 48 47681.00000 10.52100000 1447.08000 164.23000 31.92900 117.93200
24 3 21 11 49 47689.10000 10.52100000 1447.07000 164.22000 32.27200 117.93200
24 3 21 11 49 47688.60000 10.52100000 1447.07000 164.22000 32.27200 117.93200
24 3 21 11 50 47675.30000 10.58100000 1447.08000 164.21000 32.27200 117.93200
24 3 21 11 50 47672.40000 10.58100000 1447.08000 164.13000 32.27200 117.93200
24 3 21 11 51 47648.40000 10.58100000 1447.32000 163.88000 32.27200 117.93200
24 3 21 11 51 47675.60000 10.58100000 1447.43000 163.99000 32.27200 117.93200
24 3 21 11 51 47689.20000 10.58100000 1448.78000 163.99000 32.27200 117.93200
24 3 21 11 52 47723.00000 10.58100000 1449.00000 164.00000 32.27200 117.93200
24 3 21 11 52 47759.40000 10.58100000 1449.60000 164.00000 32.27200 117.93200
24 3 21 11 53 47777.00000 10.58100000 1449.71000 164.00000 32.27200 117.93200
24 3 21 11 53 47771.30000 10.58100000 1449.72000 164.24000 32.27200 117.93200
24 3 21 11 54 47737.20000 10.58100000 1449.72000 164.19000 32.27200 118.19800
24 3 21 11 54 47737.20000 10.58100000 1449.72000 164.19000 32.27200 118.19800
24 3 21 11 54 47714.30000 10.58100000 1449.72000 164.19000 32.13300 118.19800
24 3 21 11 55 47717.90000 10.58100000 1448.88000 164.19000 32.13300 118.19800
24 3 21 11 55 47722.90000 10.58100000 1448.58000 164.19000 32.13300 118.19800
24 3 21 11 56 47739.70000 10.58100000 1449.26000 164.19000 32.13300 117.91000
24 3 21 11 56 47749.30000 10.58100000 1449.26000 164.19000 32.48600 117.91000
24 3 21 11 57 47749.50000 10.58100000 1448.88000 164.19000 32.48600 117.91000
24 3 21 11 57 47749.50000 10.58100000 1448.68000 164.18000 32.48600 117.91000
24 3 21 11 57 47775.20000 10.58100000 1449.08000 164.18000 32.48600 117.91000
24 3 21 11 58 47784.80000 10.58100000 1449.08000 164.18000 31.95400 117.91000
24 3 21 11 58 47794.60000 10.58100000 1449.54000 164.32000 31.95400 117.91000
24 3 21 11 59 47800.00000 10.58100000 1449.68000 164.48000 31.95400 117.91000
24 3 21 11 59 47822.90000 10.58100000 1449.72000 164.45000 31.93200 117.91000
24 3 21 11 59 47823.00000 10.58100000 1449.72000 164.67000 31.93200 117.91000
24 3 21 12 00 47895.00000 10.58100000 1450.53000 164.66000 31.85400 118.19400
24 3 21 12 00 47953.90000 10.58100000 1450.71000 164.66000 31.85400 118.19400
24 3 21 12 01 47995.00000 10.58100000 1451.00000 164.99000 31.63200 118.53900
24 3 21 12 01 48000.00000 10.58100000 1451.00000 164.99000 31.41800 118.53900
24 3 21 12 02 48031.20000 10.58600000 1451.00000 164.99000 31.48100 118.53900
24 3 21 12 02 48098.00000 10.58600000 1452.10000 165.46000 31.48100 118.53900
24 3 21 12 02 48105.00000 10.58700000 1453.40000 165.31000 31.48100 118.53900
24 3 21 12 03 48080.80000 10.59000000 1452.74000 165.31000 31.48100 118.53900
24 3 21 12 03 48088.10000 10.59000000 1453.04000 165.09000 31.48100 118.53900
24 3 21 12 04 48054.10000 10.59000000 1452.21000 165.02000 31.48100 118.53900
24 3 21 12 04 48034.30000 10.59000000 1451.06000 164.93000 31.48100 118.53900
24 3 21 12 05 48032.20000 10.59000000 1451.23000 164.93000 31.48100 118.53900
24 3 21 12 05 48077.80000 10.59000000 1452.82000 164.93000 31.48100 118.53900
24 3 21 12 05 48126.30000 10.59000000 1453.55000 165.03000 31.48100 118.53900
24 3 21 12 06 48142.10000 10.59000000 1456.49000 165.03000 31.48100 118.87900
24 3 21 12 06 48134.60000 10.59000000 1457.66000 165.15000 31.48100 118.87900
24 3 21 12 07 48103.00000 10.59000000 1458.00000 165.17000 31.48100 118.87900
24 3 21 12 07 48085.90000 10.60000000 1458.98000 165.17000 31.48100 118.87900
24 3 21 12 08 48145.00000 10.60000000 1462.91000 165.17000 31.48100 118.87900
24 3 21 12 08 48143.60000 10.60000000 1464.08000 165.17000 31.48100 118.87900
24 3 21 12 08 48149.60000 10.60000000 1464.42000 165.33000 31.72400 118.87900
24 3 21 12 09 48200.30000 10.60000000 1465.00000 165.33000 31.72400 118.87900
24 3 21 12 09 48200.40000 10.60000000 1466.00000 165.33000 31.72900 118.87900
24 3 21 12 10 48200.30000 10.61000000 1466.66000 165.33000 31.76800 119.18300
24 3 21 12 10 48200.20000 10.61000000 1465.37000 165.33000 31.44600 119.18300
24 3 21 12 11 48126.60000 10.61000000 1465.65000 165.33000 31.44600 119.18300
24 3 21 12 11 48175.10000 10.61000000 1467.93000 165.33000 31.44300 119.18800
24 3 21 12 11 48187.00000 10.61000000 1469.00000 165.33000 31.44300 119.18800
24 3 21 12 12 48189.50000 10.61000000 1469.34000 165.48000 31.44300 119.18800
24 3 21 12 12 48166.90000 10.61000000 1470.00000 165.55000 31.44300 119.32900
24 3 21 12 13 48196.80000 10.61000000 1470.00000 165.59000 31.64700 119.47600
24 3 21 12 13 48173.60000 10.61000000 1468.65000 165.61000 31.64700 119.47600
24 3 21 12 14 48130.70000 10.61000000 1468.02000 165.36000 31.64700 119.47600
24 3 21 12 14 48114.40000 10.61000000 1468.02000 165.36000 31.64700 119.47600
24 3 21 12 14 48102.90000 10.61000000 1465.69000 165.26000 31.64700 119.18800
24 3 21 12 15 48188.40000 10.61000000 1467.09000 165.48000 31.65000 119.12800
24 3 21 12 15 48183.60000 10.61000000 1467.00000 165.45000 31.58700 119.12800
24 3 21 12 16 48165.40000 10.61000000 1466.77000 165.52000 31.58600 119.12800
24 3 21 12 16 48177.70000 10.61000000 1466.29000 165.59000 31.40900 119.12800
24 3 21 12 17 48176.30000 10.61000000 1466.28000 165.59000 31.40900 119.12800
24 3 21 12 17 48185.00000 10.61000000 1467.38000 165.59000 31.40900 119.12800
24 3 21 12 17 48196.10000 10.61000000 1466.49000 165.59000 31.40900 119.12800
24 3 21 12 18 48136.10000 10.61000000 1466.49000 165.59000 31.40900 119.12800
