M=[
25 7 20 11 54 8257.10000 5.51200000 243.62000 40.81000 20.47200 54.96400
25 7 20 11 54 8257.10000 5.51200000 243.61000 40.81000 20.47200 54.96400
25 7 20 11 55 8257.00000 5.51200000 243.52000 40.81000 20.47200 54.96400
25 7 20 11 55 8257.00000 5.50500000 243.59000 40.81000 20.47200 54.96400
25 7 20 11 56 8257.10000 5.50500000 243.56000 40.81000 20.47200 54.96400
25 7 20 11 56 8256.20000 5.50500000 243.60000 40.81000 20.47200 54.96400
25 7 20 11 56 8256.20000 5.50500000 243.60000 40.88000 20.47200 54.96400
25 7 20 11 57 8256.10000 5.50500000 243.71000 40.88000 20.47200 54.96400
25 7 20 11 57 8256.10000 5.50500000 243.60000 40.87000 20.47200 54.96400
25 7 20 11 58 8253.00000 5.50500000 243.60000 40.87000 20.47200 54.96400
25 7 20 11 58 8253.10000 5.50500000 243.59000 40.87000 20.47200 54.96400
25 7 20 11 59 8253.10000 5.50500000 243.61000 40.87000 20.47200 54.96400
25 7 20 11 59 8253.10000 5.50500000 243.61000 40.80000 20.47200 54.96400
25 7 20 12 00 8253.10000 5.50500000 243.62000 40.80000 20.47200 54.96400
25 7 20 12 00 8253.00000 5.50500000 243.62000 40.81000 20.47200 54.96400
25 7 20 12 01 8253.10000 5.50500000 243.61000 40.82000 20.47200 54.96400
25 7 20 12 01 8253.00000 5.50500000 243.62000 40.82000 20.47200 54.96400
25 7 20 12 02 8253.10000 5.50500000 243.67000 40.82000 20.47200 54.96400
25 7 20 12 02 8253.00000 5.50500000 243.66000 40.82000 20.47200 54.96400
25 7 20 12 02 8253.10000 5.50500000 243.67000 40.82000 20.47200 54.96400
25 7 20 12 03 8253.10000 5.50500000 243.70000 40.82000 20.47200 54.96400
25 7 20 12 03 8253.10000 5.50500000 243.75000 40.82000 20.47200 54.96400
25 7 20 12 04 8253.00000 5.50500000 243.83000 40.82000 20.47200 54.96400
25 7 20 12 04 8253.10000 5.50500000 243.81000 40.82000 20.47200 54.96400
25 7 20 12 05 8253.10000 5.50500000 243.88000 40.81000 20.47200 54.96400
25 7 20 12 05 8253.10000 5.50500000 243.88000 40.81000 20.47200 54.96400
25 7 20 12 05 8253.00000 5.50500000 243.88000 40.81000 20.47200 54.96400
25 7 20 12 06 8253.00000 5.50500000 243.89000 40.81000 20.47200 54.96400
25 7 20 12 06 8253.00000 5.50500000 243.89000 40.81000 20.47200 54.96400
25 7 20 12 07 8253.10000 5.50500000 244.13000 40.80000 20.47200 54.96400
25 7 20 12 07 8253.10000 5.50500000 244.18000 40.80000 20.47200 54.96400
25 7 20 12 08 8253.10000 5.50500000 244.36000 40.80000 20.47200 54.96400
25 7 20 12 08 8253.10000 5.50500000 244.37000 40.80000 20.47200 54.85700
25 7 20 12 09 8253.00000 5.50500000 244.38000 40.80000 20.47200 54.85700
25 7 20 12 09 8253.00000 5.50500000 244.39000 40.80000 20.47200 54.85700
25 7 20 12 10 8253.10000 5.50500000 244.56000 40.80000 20.47200 54.85700
25 7 20 12 10 8253.30000 5.50500000 244.61000 40.80000 20.47200 54.85700
25 7 20 12 11 8253.50000 5.50500000 244.66000 40.91000 20.47200 54.85700
25 7 20 12 11 8253.60000 5.50500000 244.91000 40.90000 20.47200 54.85700
25 7 20 12 11 8255.10000 5.50500000 245.00000 40.90000 20.47200 54.85700
25 7 20 12 12 8257.70000 5.50500000 244.97000 40.90000 20.47200 54.85700
25 7 20 12 12 8258.00000 5.50500000 244.97000 40.95000 20.52600 54.85700
25 7 20 12 13 8260.80000 5.50500000 244.97000 40.94000 20.52600 54.85700
25 7 20 12 13 8260.80000 5.50500000 244.88000 40.94000 20.52600 54.85700
25 7 20 12 14 8260.80000 5.50500000 244.88000 40.94000 20.52600 54.85700
25 7 20 12 14 8261.00000 5.50500000 244.62000 40.98000 20.52600 54.85700
25 7 20 12 15 8261.10000 5.50500000 244.78000 40.98000 20.52600 54.85700
25 7 20 12 15 8261.60000 5.50500000 244.70000 40.98000 20.52600 54.85700
25 7 20 12 15 8261.60000 5.50500000 244.59000 40.98000 20.52600 54.85700
25 7 20 12 16 8261.60000 5.50500000 244.67000 40.97000 20.52600 54.85700
25 7 20 12 16 8261.50000 5.50500000 244.70000 40.97000 20.52600 54.85700
25 7 20 12 17 8261.60000 5.50500000 244.70000 40.97000 20.52600 54.85700
25 7 20 12 17 8261.60000 5.50500000 244.70000 40.97000 20.52600 54.85700
25 7 20 12 18 8261.60000 5.50500000 244.87000 40.91000 20.52600 54.85700
25 7 20 12 18 8261.60000 5.50500000 244.71000 40.91000 20.52600 54.85700
25 7 20 12 19 8261.60000 5.50500000 244.71000 40.91000 20.52600 54.85700
25 7 20 12 19 8261.50000 5.50500000 244.71000 40.91000 20.52600 54.85700
25 7 20 12 19 8261.50000 5.50500000 244.71000 40.91000 20.52600 54.85700
25 7 20 12 20 8261.60000 5.50500000 244.70000 40.91000 20.52600 54.85700
25 7 20 12 20 8261.60000 5.50500000 244.71000 40.91000 20.52600 54.85700
25 7 20 12 21 8261.60000 5.50500000 244.70000 40.91000 20.52600 54.85700
25 7 20 12 21 8261.60000 5.50500000 244.71000 40.91000 20.52600 54.85700
25 7 20 12 22 8261.50000 5.50500000 244.70000 40.91000 20.52600 54.85700
25 7 20 12 22 8261.60000 5.50500000 244.38000 40.91000 20.52600 54.85700
25 7 20 12 23 8261.60000 5.50500000 244.54000 40.91000 20.52600 54.85700
25 7 20 12 23 8261.60000 5.50500000 244.54000 40.87000 20.52600 54.85700
25 7 20 12 24 8261.50000 5.50500000 244.54000 40.87000 20.52600 54.85700
25 7 20 12 24 8261.60000 5.50500000 244.77000 40.87000 20.52600 54.85700
25 7 20 12 24 8261.60000 5.50500000 244.77000 40.87000 20.52600 54.85700
25 7 20 12 25 8261.50000 5.50500000 244.77000 40.87000 20.52600 54.85700
25 7 20 12 25 8261.60000 5.50500000 244.99000 40.87000 20.52600 54.85700
25 7 20 12 26 8261.60000 5.50500000 245.00000 40.87000 20.52600 54.85700
25 7 20 12 26 8261.60000 5.50500000 245.00000 40.87000 20.52600 54.85700
25 7 20 12 27 8261.50000 5.50500000 245.00000 40.93000 20.52600 54.85700
25 7 20 12 27 8261.60000 5.50500000 245.09000 40.93000 20.52600 54.85700
25 7 20 12 28 8261.60000 5.50500000 245.18000 40.93000 20.52600 54.85700
25 7 20 12 28 8261.60000 5.50500000 245.11000 40.93000 20.57300 54.85700
25 7 20 12 28 8261.60000 5.50500000 245.20000 40.92000 20.57300 54.85700
25 7 20 12 29 8261.60000 5.50500000 245.16000 40.91000 20.57300 55.10500
25 7 20 12 29 8261.60000 5.50500000 245.17000 40.91000 20.57300 55.10500
25 7 20 12 30 8261.60000 5.50500000 245.15000 40.88000 20.57300 55.10500
25 7 20 12 30 8261.50000 5.50500000 245.01000 40.88000 20.57300 55.10500
25 7 20 12 31 8261.60000 5.50500000 245.01000 40.88000 20.57300 55.10500
25 7 20 12 31 8261.60000 5.50500000 244.67000 40.88000 20.57300 55.10500
25 7 20 12 32 8261.60000 5.50500000 244.68000 40.88000 20.57300 55.10500
25 7 20 12 32 8261.60000 5.50500000 244.68000 40.88000 20.57300 55.10500
25 7 20 12 33 8261.50000 5.50500000 244.68000 40.83000 20.57300 55.10500
25 7 20 12 33 8261.60000 5.50500000 244.67000 40.81000 20.57300 55.10500
25 7 20 12 33 8261.60000 5.50500000 244.68000 40.83000 20.57300 55.10500
25 7 20 12 34 8261.60000 5.50500000 244.68000 40.83000 20.57300 55.10500
25 7 20 12 34 8261.50000 5.50500000 244.68000 40.83000 20.57300 55.10500
25 7 20 12 35 8261.60000 5.50500000 244.67000 40.83000 20.57300 55.10500
25 7 20 12 35 8261.60000 5.50500000 244.68000 40.83000 20.57800 55.10500
25 7 20 12 36 8261.60000 5.50500000 244.68000 40.83000 20.57800 55.10500
25 7 20 12 36 8261.60000 5.50500000 244.68000 40.81000 20.57800 55.10500
25 7 20 12 37 8261.50000 5.50500000 244.68000 40.81000 20.57800 55.10500
25 7 20 12 37 8261.50000 5.50500000 244.47000 40.81000 20.57800 55.10500
25 7 20 12 37 8261.50000 5.50500000 244.36000 40.81000 20.57800 55.10500
25 7 20 12 38 8261.50000 5.50500000 244.37000 40.81000 20.57800 55.10500
25 7 20 12 38 8261.50000 5.50500000 244.37000 40.81000 20.57800 55.10500
25 7 20 12 39 8261.60000 5.50500000 244.51000 40.81000 20.57800 55.10500
25 7 20 12 39 8261.60000 5.50500000 244.50000 40.81000 20.57800 55.10500
25 7 20 12 40 8261.60000 5.50500000 244.51000 40.81000 20.57800 55.10500
25 7 20 12 40 8261.60000 5.50500000 244.52000 40.81000 20.57800 55.10500
25 7 20 12 41 8261.60000 5.50500000 244.52000 40.80000 20.57800 55.10500
25 7 20 12 41 8261.60000 5.50500000 244.52000 40.80000 20.57800 55.10500
25 7 20 12 41 8261.60000 5.50500000 244.52000 40.80000 20.57800 55.10500
25 7 20 12 42 8261.60000 5.50500000 244.57000 40.80000 20.57800 55.10500
25 7 20 12 42 8261.50000 5.50500000 244.64000 40.80000 20.57800 55.10500
