M=[
 4 7 21 05 15 29262.80000 48.07200000 1875.49000 117.28000 19.00900 96.85000
 4 7 21 05 15 29265.60000 48.07200000 1875.48000 117.28000 19.00900 96.85000
 4 7 21 05 16 29265.60000 48.07200000 1875.48000 117.28000 19.00900 96.85000
 4 7 21 05 16 29278.10000 48.07200000 1875.48000 117.28000 19.00900 96.85000
 4 7 21 05 16 29262.90000 48.07200000 1875.48000 117.28000 19.00900 96.85000
 4 7 21 05 17 29262.90000 47.99700000 1872.79000 117.28000 19.00900 96.85000
 4 7 21 05 17 29263.00000 47.99700000 1872.83000 117.28000 19.00900 96.85000
 4 7 21 05 18 29262.00000 47.99700000 1872.45000 117.28000 19.00900 96.85000
 4 7 21 05 18 29262.00000 47.99700000 1872.45000 117.28000 19.00900 96.85000
 4 7 21 05 19 29244.20000 47.99700000 1872.45000 117.28000 19.00900 96.85000
 4 7 21 05 19 29257.40000 47.99700000 1872.45000 117.28000 19.00900 96.85000
 4 7 21 05 19 29257.40000 47.99700000 1871.66000 117.28000 19.00900 96.85000
 4 7 21 05 20 29258.50000 47.99700000 1872.79000 117.15000 19.00900 96.85000
 4 7 21 05 20 29264.10000 47.99700000 1872.78000 117.15000 19.00900 96.85000
 4 7 21 05 21 29260.60000 47.99700000 1872.78000 117.15000 19.00900 96.85000
 4 7 21 05 21 29260.60000 47.99700000 1872.78000 117.15000 19.00900 96.85000
 4 7 21 05 22 29277.70000 47.99700000 1872.78000 117.15000 19.00900 96.85000
 4 7 21 05 22 29277.70000 47.99700000 1872.78000 117.15000 19.00900 96.85000
 4 7 21 05 22 29278.00000 47.99700000 1875.49000 117.30000 19.00900 96.85000
 4 7 21 05 23 29288.00000 47.99700000 1876.82000 117.30000 19.00900 96.85000
 4 7 21 05 23 29288.00000 47.99700000 1876.82000 117.30000 19.00900 96.85000
 4 7 21 05 24 29290.50000 47.99700000 1876.14000 117.30000 19.00900 96.85000
 4 7 21 05 24 29290.40000 47.99700000 1878.71000 117.30000 19.00900 96.85000
 4 7 21 05 25 29290.40000 47.99700000 1878.92000 117.30000 19.00900 96.85000
 4 7 21 05 25 29299.60000 47.99700000 1878.72000 117.41000 19.00900 96.85000
 4 7 21 05 25 29306.30000 47.99700000 1878.99000 117.41000 19.00900 96.85000
 4 7 21 05 26 29301.10000 47.99700000 1879.00000 117.41000 19.00900 96.85000
 4 7 21 05 26 29306.30000 47.99700000 1879.39000 117.41000 19.00900 96.85000
 4 7 21 05 27 29301.10000 47.99700000 1878.75000 117.36000 19.00900 96.85000
 4 7 21 05 27 29301.00000 47.99700000 1878.08000 117.36000 19.00900 96.85000
 4 7 21 05 28 29301.00000 47.99700000 1878.08000 117.36000 19.00900 96.85000
 4 7 21 05 28 29293.60000 47.99700000 1879.38000 117.36000 19.00900 96.85000
 4 7 21 05 28 29293.50000 47.99700000 1879.38000 117.36000 19.00900 96.85000
 4 7 21 05 29 29293.60000 47.99700000 1879.39000 117.35000 19.00900 96.97400
 4 7 21 05 29 29293.60000 47.99700000 1879.39000 117.34000 19.00900 96.97400
 4 7 21 05 30 29293.60000 47.99700000 1879.38000 117.34000 19.00900 96.97400
 4 7 21 05 30 29293.60000 47.99700000 1879.38000 117.33000 19.00900 96.97400
 4 7 21 05 31 29293.60000 47.99700000 1879.80000 117.33000 19.00900 96.97400
 4 7 21 05 31 29293.50000 47.99700000 1880.67000 117.33000 19.00900 96.97400
 4 7 21 05 31 29293.50000 47.99700000 1882.79000 117.33000 19.00900 96.97400
 4 7 21 05 32 29293.50000 47.99700000 1882.90000 117.33000 19.00900 96.97400
 4 7 21 05 32 29293.50000 47.99700000 1879.55000 117.33000 19.00900 96.97400
 4 7 21 05 33 29293.50000 47.99700000 1879.55000 117.33000 19.00900 96.97400
 4 7 21 05 33 29306.30000 48.35700000 1881.11000 117.33000 19.00900 96.97400
 4 7 21 05 34 29338.00000 48.35700000 1882.84000 117.33000 19.00900 96.97400
 4 7 21 05 34 29338.40000 48.40000000 1885.00000 117.33000 19.00900 96.97400
 4 7 21 05 34 29349.70000 48.40000000 1885.00000 117.62000 19.00900 96.97400
 4 7 21 05 35 29347.00000 48.48300000 1885.57000 117.66000 19.00900 96.97400
 4 7 21 05 35 29347.10000 48.48300000 1885.57000 117.66000 19.00900 96.97400
 4 7 21 05 36 29347.10000 48.48300000 1884.33000 117.66000 19.00900 96.97400
 4 7 21 05 36 29349.70000 48.48300000 1884.33000 117.66000 19.00900 96.97400
 4 7 21 05 37 29349.60000 48.48300000 1884.01000 117.68000 19.00900 96.97400
 4 7 21 05 37 29349.60000 48.48300000 1884.01000 117.63000 19.00900 96.97400
 4 7 21 05 37 29349.70000 48.38700000 1884.01000 117.63000 19.00900 96.97400
 4 7 21 05 38 29349.70000 48.38700000 1884.51000 117.63000 19.00900 96.97400
 4 7 21 05 38 29353.00000 48.38700000 1884.04000 117.63000 19.00900 96.97400
 4 7 21 05 39 29352.90000 48.38700000 1884.36000 117.63000 19.00900 96.97400
 4 7 21 05 39 29352.90000 48.38700000 1884.36000 117.63000 19.00900 96.97400
 4 7 21 05 40 29353.00000 48.38700000 1884.36000 117.63000 19.00900 96.97400
 4 7 21 05 40 29353.00000 48.38700000 1883.81000 117.63000 19.00900 97.31100
 4 7 21 05 41 29353.00000 48.38700000 1882.95000 117.63000 19.04900 97.31100
 4 7 21 05 41 29353.00000 48.38700000 1883.01000 117.63000 19.25200 97.56300
 4 7 21 05 41 29426.50000 48.52400000 1898.97000 118.00000 19.25200 97.56300
 4 7 21 05 42 29436.70000 48.60500000 1900.02000 118.00000 19.25200 97.56300
 4 7 21 05 42 29490.80000 48.60500000 1910.50000 118.40000 19.25200 97.56300
 4 7 21 05 43 29490.80000 48.60500000 1908.86000 118.40000 19.25200 97.71000
 4 7 21 05 43 29539.00000 49.00000000 1911.68000 118.58000 19.25200 97.71400
 4 7 21 05 44 29583.40000 49.16200000 1912.88000 118.80000 19.25200 97.90200
 4 7 21 05 44 29583.40000 49.08200000 1911.98000 118.80000 19.25200 97.90200
 4 7 21 05 44 29583.40000 49.08200000 1912.34000 118.76000 19.25200 97.90200
 4 7 21 05 45 29659.80000 49.25100000 1917.06000 119.07000 19.25200 98.33000
 4 7 21 05 45 29699.90000 49.27500000 1917.76000 119.26000 19.24900 98.45500
 4 7 21 05 46 29671.20000 49.27500000 1917.77000 119.22000 19.24900 98.45500
 4 7 21 05 46 29678.80000 49.00300000 1919.95000 119.42000 19.24900 98.45500
 4 7 21 05 47 29685.50000 49.10600000 1920.70000 119.43000 19.24900 98.45500
 4 7 21 05 47 29671.00000 49.04200000 1919.38000 119.50000 19.24900 98.45500
 4 7 21 05 47 29632.60000 48.99700000 1917.77000 119.35000 19.24600 98.52900
 4 7 21 05 48 29674.40000 48.89300000 1919.94000 119.44000 19.24600 98.52900
 4 7 21 05 48 29670.80000 48.89300000 1917.89000 119.50000 19.24600 98.88000
 4 7 21 05 49 29649.30000 48.89300000 1917.87000 119.50000 19.24600 99.34000
 4 7 21 05 49 29658.00000 48.89300000 1916.53000 119.50000 19.24600 99.49000
 4 7 21 05 50 29671.30000 48.89300000 1917.23000 119.50000 19.17600 99.28600
 4 7 21 05 50 29661.70000 48.89300000 1917.23000 119.51000 19.17600 99.28600
 4 7 21 05 50 29667.50000 48.89300000 1918.62000 119.53000 19.17600 99.28600
 4 7 21 05 51 29662.90000 48.89300000 1919.00000 119.53000 19.17600 99.28600
 4 7 21 05 51 29658.70000 48.89300000 1919.00000 119.52000 19.17600 99.28600
 4 7 21 05 52 29650.20000 48.89300000 1919.86000 119.52000 19.24000 99.28600
 4 7 21 05 52 29650.00000 48.89300000 1916.25000 119.52000 19.24000 99.28600
 4 7 21 05 53 29650.30000 48.89300000 1916.25000 119.52000 19.24400 99.28600
 4 7 21 05 53 29650.20000 48.89300000 1918.27000 119.49000 19.24100 99.28600
 4 7 21 05 53 29650.20000 48.89300000 1918.06000 119.49000 19.24100 99.28600
 4 7 21 05 54 29650.20000 48.75400000 1918.27000 119.49000 19.24100 99.28600
 4 7 21 05 54 29652.00000 48.75400000 1920.00000 119.53000 19.24100 99.28600
 4 7 21 05 55 29662.30000 48.75400000 1921.44000 119.70000 19.24100 99.28600
 4 7 21 05 55 29656.10000 48.75400000 1921.44000 119.70000 19.24100 99.28600
 4 7 21 05 56 29657.20000 48.75400000 1920.24000 119.76000 19.24100 99.28600
 4 7 21 05 56 29664.90000 48.75400000 1927.10000 119.80000 19.24100 99.28600
 4 7 21 05 56 29669.90000 48.75400000 1924.47000 119.80000 19.24100 99.36600
 4 7 21 05 57 29700.00000 48.75400000 1924.85000 120.10000 19.24100 99.36600
 4 7 21 05 57 29700.00000 48.75400000 1923.94000 120.10000 19.24100 99.36600
 4 7 21 05 58 29700.00000 48.75400000 1923.00000 120.10000 19.23800 99.36600
 4 7 21 05 58 29668.00000 48.75400000 1921.02000 119.73000 19.23800 99.36600
 4 7 21 05 59 29667.40000 48.97500000 1920.77000 119.69000 19.23800 99.36600
