M=[
28 8 20 04 50 9622.60000 5.47400000 327.57000 47.82000 18.85400 62.99700
28 8 20 04 51 9624.20000 5.47400000 327.68000 47.82000 18.85400 62.99700
28 8 20 04 51 9624.20000 5.47400000 327.82000 47.82000 18.85400 62.97100
28 8 20 04 52 9620.20000 5.47400000 327.74000 47.82000 18.85400 62.97100
28 8 20 04 52 9623.10000 5.47400000 327.74000 47.82000 18.85400 62.97100
28 8 20 04 53 9620.30000 5.47400000 327.71000 47.82000 18.85400 62.97100
28 8 20 04 53 9620.30000 5.47400000 327.69000 47.82000 18.85400 62.91100
28 8 20 04 54 9617.30000 5.47400000 327.69000 47.82000 18.85400 62.91100
28 8 20 04 54 9617.70000 5.47400000 327.50000 47.82000 18.85400 62.91100
28 8 20 04 55 9617.40000 5.47400000 327.50000 47.82000 18.85400 62.91100
28 8 20 04 55 9618.00000 5.47400000 327.48000 47.76000 18.85400 62.91100
28 8 20 04 56 9619.00000 5.47400000 327.38000 47.76000 18.85400 62.91100
28 8 20 04 56 9617.80000 5.47400000 327.57000 47.76000 18.85400 62.91100
28 8 20 04 57 9618.80000 5.47400000 327.55000 47.76000 18.85400 62.91100
28 8 20 04 57 9618.40000 5.47400000 327.46000 47.76000 18.85400 62.91100
28 8 20 04 58 9618.30000 5.47400000 327.46000 47.76000 18.81900 62.91100
28 8 20 04 58 9618.70000 5.47400000 327.63000 47.76000 18.81900 62.91100
28 8 20 04 59 9620.90000 5.47400000 327.60000 47.76000 18.81900 62.91100
28 8 20 04 59 9620.80000 5.47400000 327.75000 47.76000 18.81900 62.91100
28 8 20 04 59 9619.90000 5.45200000 327.77000 47.76000 18.81900 62.91000
28 8 20 05 00 9623.10000 5.47000000 327.97000 47.88000 18.81900 62.91000
28 8 20 05 01 9623.10000 5.47000000 327.97000 47.88000 18.81900 62.91000
28 8 20 05 01 9624.40000 5.47000000 327.88000 47.88000 18.81900 62.91000
28 8 20 05 02 9627.80000 5.47000000 327.89000 47.88000 18.81900 62.91000
28 8 20 05 02 9623.40000 5.47000000 327.71000 47.85000 18.87200 62.91000
28 8 20 05 03 9623.20000 5.44500000 327.46000 47.85000 18.87200 62.91000
28 8 20 05 03 9623.30000 5.44500000 327.46000 47.85000 18.89100 62.91000
28 8 20 05 04 9623.30000 5.44500000 327.46000 47.85000 18.89100 62.91000
28 8 20 05 04 9624.50000 5.44500000 327.46000 47.85000 18.80000 62.91000
28 8 20 05 05 9623.80000 5.44500000 327.38000 47.81000 18.80000 62.91000
28 8 20 05 05 9626.90000 5.44500000 327.33000 47.81000 18.80000 62.91000
28 8 20 05 05 9627.50000 5.44500000 327.28000 47.81000 18.80000 62.91000
28 8 20 05 06 9628.00000 5.44500000 327.26000 47.81000 18.80000 62.70100
28 8 20 05 06 9627.20000 5.44500000 327.15000 47.81000 18.80000 62.64300
28 8 20 05 07 9627.10000 5.44500000 327.15000 47.81000 18.80000 62.64300
28 8 20 05 07 9619.80000 5.44500000 326.82000 47.81000 18.80000 62.64300
28 8 20 05 08 9619.80000 5.44500000 326.82000 47.81000 18.80000 62.64300
28 8 20 05 08 9619.80000 5.44500000 326.78000 47.79000 18.80000 62.64300
28 8 20 05 09 9614.30000 5.44500000 326.62000 47.79000 18.80000 62.65000
28 8 20 05 09 9614.60000 5.44500000 326.66000 47.81000 18.80000 62.65000
28 8 20 05 10 9611.90000 5.44500000 326.66000 47.81000 18.80000 62.65000
28 8 20 05 11 9609.80000 5.44500000 326.69000 47.81000 18.80000 62.65000
28 8 20 05 11 9604.30000 5.44500000 326.55000 47.81000 18.80000 62.65000
28 8 20 05 12 9608.20000 5.43600000 326.67000 47.81000 18.80000 62.55000
28 8 20 05 12 9608.20000 5.43600000 326.64000 47.81000 18.80000 62.55000
28 8 20 05 13 9608.30000 5.43600000 326.64000 47.81000 18.80000 62.54800
28 8 20 05 13 9608.30000 5.43600000 326.65000 47.81000 18.80000 62.54800
28 8 20 05 14 9608.30000 5.43600000 326.65000 47.81000 18.80000 62.54800
28 8 20 05 14 9610.80000 5.43600000 326.77000 47.81000 18.72600 62.54800
28 8 20 05 15 9610.70000 5.43600000 326.74000 47.83000 18.62500 62.54800
28 8 20 05 15 9610.80000 5.43600000 326.74000 47.83000 18.62500 62.54800
28 8 20 05 16 9610.80000 5.43600000 326.70000 47.83000 18.62500 62.54800
28 8 20 05 16 9609.50000 5.43600000 326.70000 47.83000 18.62500 62.54800
28 8 20 05 16 9608.40000 5.43600000 326.72000 47.83000 18.62500 62.54800
28 8 20 05 17 9608.40000 5.43600000 326.78000 47.83000 18.62500 62.54800
28 8 20 05 17 9608.40000 5.43600000 326.77000 47.83000 18.62500 62.54800
28 8 20 05 18 9611.00000 5.43600000 326.78000 47.81000 18.62500 62.54800
28 8 20 05 18 9610.90000 5.43600000 326.99000 47.81000 18.57500 62.54800
28 8 20 05 19 9610.90000 5.43600000 327.09000 47.81000 18.57500 62.54800
28 8 20 05 19 9611.00000 5.43600000 327.09000 47.81000 18.57500 62.54800
28 8 20 05 20 9610.90000 5.43600000 327.12000 47.81000 18.57500 62.54800
28 8 20 05 20 9609.60000 5.43600000 327.12000 47.81000 18.52000 62.54800
28 8 20 05 21 9610.40000 5.43600000 327.12000 47.81000 18.52000 62.54800
28 8 20 05 21 9610.70000 5.43600000 326.74000 47.81000 18.52000 62.54800
28 8 20 05 22 9610.70000 5.43600000 326.74000 47.81000 18.52000 62.54800
28 8 20 05 22 9605.30000 5.43600000 326.74000 47.81000 18.52000 62.54800
28 8 20 05 23 9606.50000 5.43600000 326.66000 47.81000 18.52000 62.55000
28 8 20 05 23 9606.50000 5.43600000 326.65000 47.81000 18.52000 62.55000
28 8 20 05 24 9605.30000 5.43600000 326.64000 47.81000 18.52000 62.55000
28 8 20 05 24 9605.40000 5.43600000 326.46000 47.69000 18.45200 62.55000
28 8 20 05 25 9605.50000 5.43600000 326.46000 47.69000 18.45200 62.55000
28 8 20 05 25 9605.40000 5.43600000 326.47000 47.69000 18.45200 62.55000
28 8 20 05 26 9605.50000 5.43600000 326.42000 47.69000 18.45200 62.55000
28 8 20 05 26 9605.30000 5.43600000 326.56000 47.69000 18.49600 62.55000
28 8 20 05 27 9604.90000 5.43600000 326.43000 47.69000 18.49600 62.55000
28 8 20 05 27 9605.90000 5.43600000 326.38000 47.69000 18.49600 62.55000
28 8 20 05 28 9605.90000 5.43600000 326.38000 47.69000 18.49600 62.55000
28 8 20 05 28 9606.80000 5.43600000 326.50000 47.69000 18.49600 62.55000
28 8 20 05 28 9608.40000 5.43600000 326.50000 47.69000 18.49600 62.55000
28 8 20 05 29 9607.80000 5.43600000 326.76000 47.65000 18.49600 62.55000
28 8 20 05 29 9608.40000 5.43600000 326.76000 47.65000 18.49600 62.55000
28 8 20 05 30 9608.30000 5.43600000 326.81000 47.65000 18.49600 62.55000
28 8 20 05 30 9608.30000 5.43600000 326.81000 47.65000 18.49600 62.55000
28 8 20 05 31 9608.20000 5.43600000 326.74000 47.65000 18.49600 62.55000
28 8 20 05 31 9608.20000 5.43600000 326.61000 47.65000 18.49600 62.55000
28 8 20 05 32 9608.20000 5.43600000 326.66000 47.65000 18.49600 62.55000
28 8 20 05 32 9608.60000 5.43600000 326.66000 47.65000 18.49600 62.55000
28 8 20 05 33 9608.30000 5.43600000 326.66000 47.65000 18.49600 62.55000
28 8 20 05 33 9610.20000 5.43600000 326.66000 47.65000 18.49600 62.55000
28 8 20 05 34 9608.90000 5.43600000 326.63000 47.65000 18.49600 62.55000
28 8 20 05 34 9606.30000 5.43600000 326.61000 47.65000 18.49600 62.55000
28 8 20 05 35 9610.50000 5.43600000 326.56000 47.63000 18.49600 62.55000
28 8 20 05 35 9607.70000 5.43600000 326.56000 47.65000 18.49600 62.55000
28 8 20 05 35 9606.60000 5.43600000 326.56000 47.65000 18.49600 62.55000
28 8 20 05 36 9607.30000 5.43600000 326.49000 47.65000 18.49600 62.55000
28 8 20 05 36 9610.50000 5.43600000 326.61000 47.65000 18.49600 62.55000
28 8 20 05 37 9607.80000 5.43600000 326.68000 47.65000 18.49600 62.55000
28 8 20 05 37 9608.70000 5.43600000 326.68000 47.65000 18.49600 62.55000
28 8 20 05 38 9609.70000 5.43600000 326.68000 47.65000 18.49600 62.55000
28 8 20 05 38 9611.10000 5.43000000 326.68000 47.65000 18.49600 62.55000
28 8 20 05 39 9606.50000 5.43000000 326.71000 47.65000 18.49600 62.71000
28 8 20 05 39 9606.20000 5.43000000 326.71000 47.65000 18.49600 62.71000
28 8 20 05 40 9607.20000 5.43000000 326.75000 47.65000 18.49600 62.71000
28 8 20 05 40 9607.30000 5.43000000 326.75000 47.65000 18.49600 62.71000
28 8 20 05 41 9608.10000 5.43000000 326.75000 47.65000 18.49600 62.71000
28 8 20 05 41 9608.10000 5.43000000 326.79000 47.65000 18.49600 62.71000
28 8 20 05 42 9608.10000 5.43000000 326.81000 47.65000 18.49600 62.71000
28 8 20 05 42 9608.10000 5.43000000 327.11000 47.65000 18.49600 62.71000
28 8 20 05 43 9608.10000 5.43000000 327.11000 47.65000 18.49600 62.71000
