M=[
20 1 21 20 39 28921.00000 6.39000000 1104.81000 121.43000 19.15300 80.73500
20 1 21 20 40 28927.10000 6.39000000 1105.00000 121.46000 19.15300 81.09600
20 1 21 20 40 28890.00000 6.39000000 1105.00000 121.46000 19.15300 81.09600
20 1 21 20 41 28860.10000 6.39000000 1102.92000 121.30000 19.14900 81.09600
20 1 21 20 41 28852.00000 6.39000000 1101.01000 121.30000 19.14900 80.91000
20 1 21 20 41 28852.00000 6.39000000 1100.46000 121.30000 19.14900 80.91000
20 1 21 20 42 28852.00000 6.38600000 1100.24000 121.22000 19.14900 80.75600
20 1 21 20 42 28852.00000 6.38600000 1100.17000 121.24000 19.14900 80.75600
20 1 21 20 43 28787.50000 6.38500000 1096.78000 121.18000 19.14800 80.84900
20 1 21 20 43 28809.50000 6.36000000 1098.50000 121.18000 19.14800 80.84900
20 1 21 20 44 28852.50000 6.36000000 1099.00000 121.18000 19.14800 80.84900
20 1 21 20 44 28866.50000 6.36000000 1100.68000 121.12000 19.14900 80.84900
20 1 21 20 44 28926.90000 6.36000000 1103.91000 121.49000 19.14900 80.84900
20 1 21 20 45 28932.10000 6.36000000 1105.15000 121.49000 19.15100 80.84900
20 1 21 20 45 28942.80000 6.36000000 1105.49000 121.39000 19.15100 80.84900
20 1 21 20 46 28946.60000 6.36000000 1106.02000 121.39000 19.15100 81.15200
20 1 21 20 46 28954.20000 6.36000000 1106.44000 121.45000 19.15100 81.15200
20 1 21 20 47 28964.90000 6.36000000 1107.42000 121.50000 19.21100 81.28400
20 1 21 20 47 29000.00000 6.36000000 1107.99000 121.50000 19.21100 81.28400
20 1 21 20 47 29017.20000 6.36000000 1110.20000 121.50000 19.21200 81.28400
20 1 21 20 48 29052.40000 6.36000000 1110.97000 121.68000 19.21200 81.48600
20 1 21 20 48 29053.40000 6.36000000 1111.20000 121.61000 19.21300 81.48600
20 1 21 20 49 29029.70000 6.36000000 1109.34000 121.61000 19.27700 81.48600
20 1 21 20 49 29032.50000 6.36000000 1109.41000 121.61000 19.37600 81.48600
20 1 21 20 50 29031.40000 6.36000000 1109.44000 121.61000 19.52000 81.49400
20 1 21 20 50 29031.80000 6.36000000 1110.00000 121.63000 19.52000 81.33900
20 1 21 20 50 29029.40000 6.36000000 1108.58000 121.67000 19.52000 81.33900
20 1 21 20 51 29014.30000 6.36000000 1107.98000 121.72000 19.52000 81.40000
20 1 21 20 51 29011.30000 6.39000000 1107.00000 121.72000 19.52000 81.40000
20 1 21 20 52 29011.20000 6.39000000 1105.89000 121.67000 19.52000 81.21900
20 1 21 20 52 28973.20000 6.39000000 1104.46000 121.62000 19.52000 81.12000
20 1 21 20 53 28976.80000 6.40000000 1104.38000 121.48000 19.52000 81.12000
20 1 21 20 53 28977.60000 6.40000000 1103.12000 121.37000 19.52000 81.12000
20 1 21 20 53 28922.40000 6.40000000 1101.56000 121.36000 19.52000 81.00000
20 1 21 20 54 28945.90000 6.40000000 1101.35000 121.14000 19.52000 81.00000
20 1 21 20 54 28950.10000 6.40000000 1102.37000 121.20000 19.52000 81.18000
20 1 21 20 55 28969.50000 6.38300000 1103.11000 121.20000 19.52000 81.18000
20 1 21 20 55 28980.00000 6.38300000 1103.10000 121.20000 19.52000 81.18000
20 1 21 20 56 28957.80000 6.36300000 1102.90000 121.38000 19.57800 81.10700
20 1 21 20 56 28970.10000 6.36300000 1102.55000 121.30000 19.57800 81.10700
20 1 21 20 56 28968.40000 6.36300000 1102.31000 121.30000 19.57800 81.10700
20 1 21 20 57 28999.90000 6.36300000 1102.25000 121.34000 19.57800 81.10700
20 1 21 20 57 28992.20000 6.36300000 1102.25000 121.55000 19.57800 81.14900
20 1 21 20 58 28975.40000 6.38400000 1102.24000 121.42000 19.57800 81.05000
20 1 21 20 58 28961.30000 6.38400000 1102.25000 121.42000 19.57800 81.10700
20 1 21 20 59 28943.20000 6.38400000 1102.45000 121.42000 19.57800 81.13000
20 1 21 20 59 28953.30000 6.40800000 1102.82000 121.42000 19.57800 81.13000
20 1 21 20 59 28953.30000 6.40800000 1102.08000 121.31000 19.57800 81.10700
20 1 21 21 00 29000.00000 6.42300000 1107.02000 121.43000 19.57800 81.21400
20 1 21 21 00 29024.80000 6.42300000 1106.49000 121.66000 19.57800 81.21400
20 1 21 21 01 29001.40000 6.42300000 1104.62000 121.66000 19.57800 81.21400
20 1 21 21 01 29000.10000 6.42300000 1103.59000 121.58000 19.57800 81.21400
20 1 21 21 02 28963.60000 6.42300000 1103.04000 121.58000 19.57800 81.34800
20 1 21 21 02 28964.90000 6.42300000 1102.67000 121.51000 19.57800 81.34800
20 1 21 21 02 28958.90000 6.42300000 1102.90000 121.51000 19.72000 81.34800
20 1 21 21 03 28949.00000 6.42300000 1103.33000 121.51000 19.72000 81.34800
20 1 21 21 03 28953.90000 6.42300000 1103.09000 121.62000 19.72000 81.34800
20 1 21 21 04 28917.90000 6.42300000 1101.59000 121.47000 19.72000 81.34800
20 1 21 21 04 28905.60000 6.42300000 1099.93000 121.35000 19.71900 81.34800
20 1 21 21 05 28879.40000 6.42300000 1099.59000 121.35000 19.86600 81.34800
20 1 21 21 05 28900.40000 6.42300000 1099.70000 121.35000 19.86600 81.27700
20 1 21 21 05 28900.10000 6.39200000 1099.69000 121.37000 19.50300 81.27700
20 1 21 21 06 28884.90000 6.39200000 1099.00000 121.35000 19.50300 81.27700
20 1 21 21 06 28873.80000 6.39200000 1098.14000 121.35000 19.89700 81.27700
20 1 21 21 07 28856.20000 6.39200000 1097.85000 121.34000 19.89500 81.27700
20 1 21 21 07 28850.10000 6.39200000 1095.30000 121.34000 19.89500 81.27700
20 1 21 21 08 28822.70000 6.39200000 1093.78000 121.06000 19.77800 81.04100
20 1 21 21 08 28801.80000 6.39200000 1094.18000 120.87000 19.76800 81.04100
20 1 21 21 08 28780.30000 6.39200000 1093.29000 120.76000 19.77700 81.04100
20 1 21 21 09 28765.90000 6.39200000 1091.93000 120.55000 19.77700 81.04100
20 1 21 21 09 28745.20000 6.39200000 1090.53000 120.50000 19.77700 80.82900
20 1 21 21 10 28736.30000 6.39200000 1090.26000 120.45000 19.41200 80.67300
20 1 21 21 10 28745.00000 6.39200000 1092.03000 120.59000 19.41200 80.67300
20 1 21 21 11 28740.00000 6.38100000 1092.82000 120.59000 19.69800 80.67300
20 1 21 21 11 28730.40000 6.38100000 1090.00000 120.51000 19.69800 80.67300
20 1 21 21 11 28730.30000 6.38100000 1091.31000 120.51000 19.69800 80.83700
20 1 21 21 12 28674.50000 6.38100000 1085.93000 120.16000 19.69800 80.83700
20 1 21 21 12 28686.90000 6.38100000 1086.43000 120.36000 19.69800 80.66000
20 1 21 21 13 28700.00000 6.38100000 1088.05000 120.36000 19.69800 80.75800
20 1 21 21 13 28704.10000 6.36700000 1087.79000 120.37000 19.69800 80.75800
20 1 21 21 14 28700.00000 6.36700000 1087.32000 120.24000 19.69800 80.69100
20 1 21 21 14 28698.90000 6.36700000 1086.81000 120.14000 19.69800 80.69000
20 1 21 21 14 28700.00000 6.36700000 1086.00000 120.11000 19.69800 80.69000
20 1 21 21 15 28737.40000 6.36700000 1089.00000 120.28000 19.69800 80.69000
20 1 21 21 15 28729.00000 6.36700000 1088.45000 120.28000 19.69800 80.75000
20 1 21 21 16 28712.30000 6.36700000 1086.90000 120.24000 19.69700 80.87800
20 1 21 21 16 28737.20000 6.36200000 1089.15000 120.21000 19.69700 80.87800
20 1 21 21 17 28701.90000 6.36200000 1089.22000 120.38000 19.69700 80.87800
20 1 21 21 17 28679.80000 6.36200000 1087.84000 120.20000 19.69700 80.87800
20 1 21 21 17 28688.70000 6.36200000 1087.61000 120.12000 19.69700 80.62400
20 1 21 21 18 28684.90000 6.36200000 1086.80000 120.15000 19.69800 80.76800
20 1 21 21 18 28690.00000 6.36200000 1087.26000 120.12000 19.69800 80.76800
20 1 21 21 19 28699.90000 6.36200000 1087.01000 120.12000 19.69800 80.76800
20 1 21 21 19 28700.00000 6.36200000 1087.22000 120.15000 19.69800 80.76800
20 1 21 21 20 28700.00000 6.36200000 1087.73000 120.15000 19.69800 80.76800
20 1 21 21 20 28650.10000 6.36200000 1080.00000 120.00000 19.69800 80.80000
20 1 21 21 20 28648.60000 6.36200000 1084.22000 120.12000 19.69800 80.80000
20 1 21 21 21 28629.80000 6.36200000 1082.77000 120.07000 19.69800 80.80000
20 1 21 21 21 28618.50000 6.36200000 1083.43000 120.06000 19.69800 80.50500
20 1 21 21 22 28617.10000 6.36200000 1083.23000 120.06000 19.69800 80.50500
20 1 21 21 22 28550.00000 6.35900000 1080.64000 119.81000 19.49400 80.50500
20 1 21 21 23 28588.60000 6.35900000 1081.01000 119.81000 19.49400 80.50500
20 1 21 21 23 28572.40000 6.35900000 1080.21000 119.93000 19.69800 80.50500
20 1 21 21 23 28580.00000 6.35900000 1079.78000 119.93000 19.69800 80.50500
20 1 21 21 24 28600.00000 6.35900000 1081.37000 119.94000 19.49500 80.50500
