M=[
26 8 20 01 47 9595.90000 5.46600000 324.16000 49.14000 18.29400 63.07000
26 8 20 01 47 9595.90000 5.46600000 323.76000 49.14000 18.29400 63.07000
26 8 20 01 48 9590.50000 5.46600000 323.65000 49.14000 18.29400 63.07000
26 8 20 01 48 9589.00000 5.46600000 323.65000 49.14000 18.29400 63.07000
26 8 20 01 49 9593.50000 5.46600000 323.82000 49.14000 18.29400 63.07000
26 8 20 01 49 9593.40000 5.46600000 324.01000 49.14000 18.29400 63.02900
26 8 20 01 50 9596.70000 5.46600000 324.01000 49.14000 18.29400 63.02900
26 8 20 01 50 9600.90000 5.46600000 324.23000 49.14000 18.29400 63.02900
26 8 20 01 51 9601.40000 5.46600000 324.23000 49.14000 18.29400 63.02900
26 8 20 01 51 9601.90000 5.46600000 324.23000 49.14000 18.29400 63.02900
26 8 20 01 52 9601.80000 5.46600000 324.11000 49.14000 18.29400 63.02900
26 8 20 01 52 9601.80000 5.46600000 324.11000 49.14000 18.29400 63.02900
26 8 20 01 53 9599.70000 5.46600000 324.11000 49.14000 18.29400 63.02900
26 8 20 01 53 9599.80000 5.46600000 324.09000 49.14000 18.29400 63.02900
26 8 20 01 54 9599.40000 5.46600000 324.09000 49.14000 18.29400 63.02900
26 8 20 01 54 9599.30000 5.46600000 324.09000 49.14000 18.29400 63.02900
26 8 20 01 55 9603.30000 5.46600000 324.04000 49.14000 18.29400 63.02900
26 8 20 01 55 9603.30000 5.46600000 324.04000 49.14000 18.29400 63.02900
26 8 20 01 56 9603.20000 5.46600000 324.04000 49.14000 18.29400 63.02900
26 8 20 01 56 9601.20000 5.46600000 324.04000 49.14000 18.29400 63.02900
26 8 20 01 56 9603.60000 5.46600000 323.98000 49.14000 18.29400 63.02900
26 8 20 01 57 9603.60000 5.46600000 324.08000 49.14000 18.29400 63.02900
26 8 20 01 58 9603.70000 5.46600000 324.22000 49.14000 18.29400 63.02900
26 8 20 01 58 9603.80000 5.46600000 323.98000 49.14000 18.29400 63.02900
26 8 20 01 58 9603.80000 5.46600000 323.98000 49.14000 18.29400 63.02900
26 8 20 01 59 9603.80000 5.46600000 323.97000 49.14000 18.29400 63.02900
26 8 20 01 59 9603.80000 5.46600000 323.97000 49.14000 18.29400 63.02900
26 8 20 02 00 9606.50000 5.46600000 323.97000 49.14000 18.29400 63.02900
26 8 20 02 00 9604.80000 5.46600000 323.97000 49.14000 18.29400 63.02900
26 8 20 02 01 9604.40000 5.46600000 323.97000 49.14000 18.29400 63.02900
26 8 20 02 01 9604.40000 5.46600000 323.97000 49.14000 18.29400 63.02900
26 8 20 02 02 9607.20000 5.46600000 324.23000 49.14000 18.29400 63.02900
26 8 20 02 02 9607.20000 5.46600000 324.23000 49.26000 18.29400 63.02900
26 8 20 02 03 9605.90000 5.46600000 324.23000 49.26000 18.29400 63.02900
26 8 20 02 03 9605.10000 5.46600000 324.16000 49.26000 18.29400 63.02900
26 8 20 02 04 9608.90000 5.46600000 324.17000 49.26000 18.29400 63.02900
26 8 20 02 04 9613.80000 5.50000000 324.58000 49.26000 18.48500 63.02900
26 8 20 02 05 9613.70000 5.50000000 324.63000 49.26000 18.48500 63.02900
26 8 20 02 05 9615.30000 5.52900000 324.63000 49.26000 18.48500 63.02900
26 8 20 02 06 9623.10000 5.52900000 325.00000 49.26000 18.48500 63.02900
26 8 20 02 06 9621.80000 5.52900000 324.96000 49.26000 18.48500 63.02900
26 8 20 02 07 9625.30000 5.52900000 324.96000 49.26000 18.48500 63.02900
26 8 20 02 07 9622.40000 5.52900000 324.96000 49.26000 18.48500 63.02900
26 8 20 02 08 9624.10000 5.52900000 324.95000 49.26000 18.48500 63.02900
26 8 20 02 08 9623.90000 5.52900000 324.95000 49.26000 18.48500 63.02900
26 8 20 02 09 9629.80000 5.52900000 324.95000 49.26000 18.48500 63.02900
26 8 20 02 09 9624.90000 5.52900000 324.95000 49.26000 18.48500 63.02900
26 8 20 02 09 9627.70000 5.52900000 324.79000 49.26000 18.48500 63.02900
26 8 20 02 10 9627.60000 5.52900000 324.44000 49.26000 18.48500 63.02900
26 8 20 02 10 9627.60000 5.52900000 324.44000 49.26000 18.48900 63.02900
26 8 20 02 11 9626.50000 5.52900000 324.41000 49.26000 18.48900 63.02900
26 8 20 02 11 9624.00000 5.52900000 324.41000 49.26000 18.48900 63.02900
26 8 20 02 12 9620.50000 5.52900000 324.41000 49.26000 18.48900 63.02900
26 8 20 02 12 9618.90000 5.52900000 324.52000 49.26000 18.48900 63.02900
26 8 20 02 13 9617.70000 5.52900000 324.52000 49.26000 18.48900 63.02900
26 8 20 02 13 9617.60000 5.50900000 324.52000 49.26000 18.48900 63.02900
26 8 20 02 14 9622.10000 5.50900000 324.53000 49.31000 18.48900 63.02900
26 8 20 02 14 9622.10000 5.50900000 324.53000 49.31000 18.48900 63.02900
26 8 20 02 15 9622.20000 5.50900000 324.83000 49.31000 18.48900 63.02900
26 8 20 02 15 9622.00000 5.50900000 324.81000 49.31000 18.48900 63.02900
26 8 20 02 16 9622.00000 5.50900000 324.81000 49.31000 18.48900 63.02900
26 8 20 02 16 9622.00000 5.50900000 324.81000 49.31000 18.48900 63.02900
26 8 20 02 17 9620.70000 5.50900000 324.81000 49.31000 18.48900 63.02900
26 8 20 02 17 9622.10000 5.50900000 324.81000 49.31000 18.48900 63.02900
26 8 20 02 18 9622.20000 5.50900000 324.81000 49.31000 18.48900 63.02900
26 8 20 02 18 9622.20000 5.50900000 324.72000 49.31000 18.48900 63.02900
26 8 20 02 19 9622.20000 5.50900000 324.72000 49.31000 18.48900 63.02900
26 8 20 02 19 9622.20000 5.50900000 324.66000 49.31000 18.48900 63.02900
26 8 20 02 20 9622.00000 5.50900000 324.66000 49.31000 18.48900 63.02900
26 8 20 02 20 9619.90000 5.50900000 324.81000 49.31000 18.48900 63.02900
26 8 20 02 21 9617.60000 5.50900000 324.70000 49.31000 18.48900 63.02900
26 8 20 02 21 9623.10000 5.50900000 324.81000 49.31000 18.48900 63.02900
26 8 20 02 22 9621.30000 5.50900000 324.81000 49.31000 18.48900 63.02900
26 8 20 02 22 9627.30000 5.50900000 324.81000 49.38000 18.48900 63.02900
26 8 20 02 23 9628.20000 5.50900000 325.00000 49.38000 18.48900 63.02900
26 8 20 02 23 9628.40000 5.50900000 325.23000 49.38000 18.48900 63.02900
26 8 20 02 24 9625.90000 5.50900000 325.28000 49.38000 18.48900 63.02900
26 8 20 02 24 9625.30000 5.50900000 325.29000 49.38000 18.51400 63.02900
26 8 20 02 25 9625.80000 5.50900000 325.29000 49.38000 18.51400 63.02900
26 8 20 02 25 9626.00000 5.50900000 325.29000 49.38000 18.51400 63.02900
26 8 20 02 26 9626.00000 5.50900000 325.29000 49.38000 18.51400 63.02900
26 8 20 02 26 9625.90000 5.50900000 325.29000 49.38000 18.51400 63.02900
26 8 20 02 27 9623.20000 5.50900000 325.00000 49.38000 18.51400 63.02900
26 8 20 02 27 9622.60000 5.50900000 325.00000 49.38000 18.51400 63.02900
26 8 20 02 27 9622.50000 5.50900000 325.06000 49.38000 18.51200 63.02900
26 8 20 02 28 9621.40000 5.50900000 325.06000 49.38000 18.51200 63.02900
26 8 20 02 28 9621.40000 5.50900000 325.06000 49.38000 18.51200 63.02900
26 8 20 02 29 9621.40000 5.50900000 325.06000 49.38000 18.51200 63.02900
26 8 20 02 29 9621.30000 5.50900000 325.01000 49.38000 18.51200 63.02900
26 8 20 02 30 9621.40000 5.50900000 325.01000 49.38000 18.51200 63.02900
26 8 20 02 30 9621.40000 5.50900000 324.74000 49.38000 18.51200 63.02900
26 8 20 02 31 9621.40000 5.50900000 324.74000 49.38000 18.51200 63.02900
26 8 20 02 31 9621.40000 5.50900000 324.83000 49.38000 18.51200 63.02900
26 8 20 02 32 9621.40000 5.50900000 324.83000 49.38000 18.51200 63.02900
26 8 20 02 32 9625.70000 5.50900000 325.14000 49.38000 18.51200 63.02900
26 8 20 02 33 9625.10000 5.50900000 325.14000 49.38000 18.51200 63.42700
26 8 20 02 33 9627.80000 5.50900000 325.32000 49.40000 18.51200 63.42700
26 8 20 02 34 9629.00000 5.50900000 325.32000 49.40000 18.51200 63.42700
26 8 20 02 34 9630.10000 5.50900000 325.32000 49.40000 18.51200 63.42700
26 8 20 02 35 9630.00000 5.50900000 325.32000 49.40000 18.51200 63.42700
26 8 20 02 35 9634.20000 5.50900000 325.32000 49.44000 18.51200 63.42700
26 8 20 02 36 9634.70000 5.50900000 325.32000 49.44000 18.51200 63.42700
26 8 20 02 36 9634.10000 5.50900000 325.38000 49.44000 18.51200 63.42700
26 8 20 02 37 9635.90000 5.50900000 325.92000 49.44000 18.56100 63.45000
26 8 20 02 37 9640.00000 5.50900000 325.99000 49.48000 18.56100 63.45000
26 8 20 02 38 9639.40000 5.50900000 325.99000 49.48000 18.56100 63.45000
26 8 20 02 38 9640.40000 5.50900000 326.01000 49.48000 18.56800 63.45000
26 8 20 02 39 9640.50000 5.50900000 326.19000 49.48000 18.56800 63.45000
26 8 20 02 39 9641.60000 5.50900000 326.25000 49.48000 18.56800 63.45000
