M=[
29 10 20 20 26 11553.70000 4.61600000 333.30000 47.15000 11.87200 48.40800
29 10 20 20 27 11550.90000 4.61600000 333.09000 47.08000 11.87200 48.40800
29 10 20 20 27 11554.40000 4.61600000 333.15000 47.08000 11.87200 48.40800
29 10 20 20 27 11552.30000 4.61600000 333.03000 47.08000 11.87200 48.40800
29 10 20 20 28 11554.60000 4.61600000 333.26000 47.10000 11.87200 48.40800
29 10 20 20 28 11555.00000 4.61600000 333.26000 47.11000 11.87200 48.40800
29 10 20 20 29 11555.60000 4.61600000 333.03000 47.11000 11.87300 48.40800
29 10 20 20 29 11557.40000 4.61600000 333.02000 47.11000 11.87300 48.40800
29 10 20 20 30 11561.80000 4.61600000 333.29000 47.11000 11.87300 48.40800
29 10 20 20 30 11563.20000 4.61600000 333.29000 47.14000 11.87300 48.40800
29 10 20 20 30 11551.50000 4.61600000 333.29000 47.14000 11.87300 48.40800
29 10 20 20 31 11552.10000 4.61600000 333.21000 47.14000 11.87300 48.40800
29 10 20 20 31 11553.00000 4.61600000 332.80000 47.14000 11.87300 48.40800
29 10 20 20 32 11545.70000 4.61600000 332.92000 47.14000 11.87300 48.40800
29 10 20 20 32 11535.00000 4.61600000 332.92000 47.14000 11.87300 48.40800
29 10 20 20 33 11525.40000 4.61600000 332.79000 47.14000 11.87300 48.40800
29 10 20 20 33 11531.70000 4.61600000 332.85000 47.14000 11.87300 48.40800
29 10 20 20 33 11505.50000 4.61600000 332.60000 47.14000 11.87300 48.40800
29 10 20 20 34 11520.00000 4.61600000 332.60000 47.09000 11.87300 48.40800
29 10 20 20 34 11513.90000 4.61600000 332.35000 47.08000 11.87300 48.40800
29 10 20 20 35 11515.00000 4.61600000 332.54000 47.12000 11.87300 48.40800
29 10 20 20 35 11513.90000 4.61600000 332.50000 47.12000 11.87300 48.40800
29 10 20 20 36 11514.90000 4.61600000 332.51000 47.12000 11.87300 48.40800
29 10 20 20 36 11512.30000 4.61600000 332.73000 47.12000 11.87300 48.40800
29 10 20 20 36 11513.80000 4.61600000 332.79000 47.12000 11.87300 48.40800
29 10 20 20 37 11520.60000 4.61600000 332.87000 47.12000 11.87300 48.67000
29 10 20 20 37 11524.60000 4.61600000 332.87000 47.12000 11.87300 48.67000
29 10 20 20 38 11524.60000 4.61600000 332.97000 47.12000 11.87300 48.67000
29 10 20 20 38 11520.90000 4.61600000 332.99000 47.18000 11.87300 48.67000
29 10 20 20 39 11517.40000 4.61600000 332.81000 47.18000 11.79900 48.67000
29 10 20 20 39 11518.20000 4.61600000 332.81000 47.18000 11.79900 48.67000
29 10 20 20 39 11517.80000 4.61600000 332.94000 47.18000 11.74600 48.67000
29 10 20 20 40 11513.70000 4.61600000 332.94000 47.18000 11.74600 48.67000
29 10 20 20 40 11519.70000 4.61600000 332.94000 47.18000 11.75000 48.67000
29 10 20 20 41 11529.00000 4.61600000 333.26000 47.18000 11.75000 48.67000
29 10 20 20 41 11534.90000 4.61600000 333.41000 47.18000 11.75000 48.67000
29 10 20 20 42 11544.50000 4.63600000 333.37000 47.18000 11.66400 48.67000
29 10 20 20 42 11544.40000 4.63600000 333.38000 47.18000 11.66400 48.67000
29 10 20 20 42 11537.50000 4.63600000 333.38000 47.18000 11.66400 48.67000
29 10 20 20 43 11528.20000 4.63600000 333.38000 47.18000 11.66400 48.67000
29 10 20 20 43 11528.20000 4.63600000 333.07000 47.18000 11.66400 48.67000
29 10 20 20 44 11536.50000 4.63600000 333.07000 47.18000 11.66400 48.67000
29 10 20 20 44 11536.50000 4.63600000 333.21000 47.20000 11.66400 48.67000
29 10 20 20 45 11541.60000 4.63600000 333.23000 47.20000 11.74900 48.67000
29 10 20 20 45 11543.10000 4.63600000 333.23000 47.20000 11.74900 48.67000
29 10 20 20 45 11537.20000 4.63600000 333.01000 47.18000 11.74900 48.67000
29 10 20 20 46 11538.70000 4.63600000 333.01000 47.18000 11.74900 48.67000
29 10 20 20 46 11536.80000 4.63600000 333.01000 47.18000 11.74900 48.67000
29 10 20 20 47 11533.40000 4.63600000 333.01000 47.18000 11.74900 48.67000
29 10 20 20 47 11532.90000 4.62700000 333.01000 47.18000 11.74900 48.67000
29 10 20 20 48 11532.60000 4.62700000 333.01000 47.18000 11.95400 48.67000
29 10 20 20 48 11534.10000 4.62700000 332.86000 47.18000 11.95400 48.67000
29 10 20 20 48 11533.50000 4.62700000 332.72000 47.18000 11.95400 48.67000
29 10 20 20 49 11533.40000 4.62700000 332.83000 47.18000 11.95400 48.67000
29 10 20 20 49 11533.40000 4.62700000 332.95000 47.18000 11.70200 48.67000
29 10 20 20 50 11535.50000 4.62700000 333.02000 47.18000 11.95500 48.67000
29 10 20 20 50 11540.60000 4.62700000 333.07000 47.18000 11.95500 48.67000
29 10 20 20 51 11540.40000 4.62700000 332.98000 47.14000 11.95500 48.67000
29 10 20 20 51 11532.80000 4.62700000 332.98000 47.14000 11.95500 48.67000
29 10 20 20 51 11531.60000 4.62700000 332.87000 47.14000 11.95500 48.67000
29 10 20 20 52 11530.00000 4.62700000 332.73000 47.11000 11.95500 48.67000
29 10 20 20 52 11520.80000 4.62700000 332.70000 47.11000 11.95500 48.67000
29 10 20 20 53 11530.00000 4.62700000 332.79000 47.03000 11.95500 48.67000
29 10 20 20 53 11545.30000 4.62700000 333.24000 47.03000 11.95500 48.67000
29 10 20 20 54 11549.40000 4.62700000 333.24000 47.03000 11.95500 48.67000
29 10 20 20 54 11542.20000 4.62700000 333.23000 47.11000 11.71700 48.67000
29 10 20 20 54 11542.20000 4.62700000 333.01000 47.11000 11.71700 48.67000
29 10 20 20 55 11542.20000 4.62700000 333.15000 47.11000 11.71700 48.67000
29 10 20 20 55 11542.20000 4.62700000 333.15000 47.11000 11.71700 48.67000
29 10 20 20 56 11542.20000 4.62700000 333.05000 47.19000 11.71700 48.67000
29 10 20 20 56 11544.20000 4.62700000 333.00000 47.19000 11.71700 48.67000
29 10 20 20 57 11546.20000 4.62700000 333.10000 47.19000 11.71700 48.67000
29 10 20 20 57 11546.20000 4.62700000 333.10000 47.19000 11.71700 48.67000
29 10 20 20 57 11546.20000 4.64000000 333.05000 47.19000 11.71700 48.67000
29 10 20 20 58 11546.20000 4.64000000 333.03000 47.11000 11.71700 48.67000
29 10 20 20 58 11546.10000 4.64000000 332.99000 47.14000 11.71700 48.67000
29 10 20 20 59 11546.10000 4.64100000 332.99000 47.14000 11.71700 48.85100
29 10 20 20 59 11546.20000 4.64100000 332.99000 47.14000 11.71700 48.85100
29 10 20 21 00 11546.10000 4.64100000 333.04000 47.16000 11.71700 48.85100
29 10 20 21 00 11542.40000 4.64100000 333.04000 47.16000 11.71700 48.85100
29 10 20 21 00 11533.60000 4.64100000 332.22000 47.16000 11.71700 48.85100
29 10 20 21 01 11526.60000 4.64100000 331.85000 47.16000 11.71700 48.85100
29 10 20 21 01 11526.60000 4.62300000 331.99000 47.16000 11.71700 48.64400
29 10 20 21 02 11527.40000 4.61500000 331.99000 47.09000 11.77100 48.64300
29 10 20 21 02 11528.70000 4.61500000 332.21000 47.09000 11.77100 48.64300
29 10 20 21 03 11526.80000 4.61500000 332.37000 47.09000 11.77100 48.65100
29 10 20 21 03 11527.20000 4.61500000 332.48000 47.10000 11.77100 48.65100
29 10 20 21 03 11528.00000 4.61500000 332.48000 47.10000 11.77100 48.79000
29 10 20 21 04 11527.80000 4.62000000 332.28000 47.10000 11.94400 48.79000
29 10 20 21 04 11527.80000 4.62000000 332.36000 47.10000 11.94400 48.79000
29 10 20 21 05 11527.90000 4.62000000 332.62000 47.10000 11.94400 48.79000
29 10 20 21 05 11527.80000 4.62000000 332.62000 47.10000 11.77100 48.79000
29 10 20 21 06 11527.90000 4.62000000 332.77000 47.10000 11.77100 48.79000
29 10 20 21 06 11530.40000 4.62000000 332.77000 47.11000 11.81900 48.79000
29 10 20 21 06 11532.00000 4.62000000 333.03000 47.11000 11.81900 48.79000
29 10 20 21 07 11532.10000 4.62000000 333.03000 47.11000 11.81900 48.79000
29 10 20 21 07 11532.10000 4.62000000 333.03000 47.11000 11.81900 48.79000
29 10 20 21 08 11537.30000 4.62000000 333.04000 47.11000 11.81900 48.79000
29 10 20 21 08 11538.80000 4.62000000 333.04000 47.11000 11.81900 48.79000
29 10 20 21 09 11539.50000 4.62000000 333.04000 47.14000 11.81900 48.75600
29 10 20 21 09 11539.70000 4.62000000 333.04000 47.14000 11.81900 48.75600
29 10 20 21 09 11543.20000 4.62000000 333.04000 47.14000 11.81900 48.75600
29 10 20 21 10 11549.80000 4.62000000 333.04000 47.14000 11.81900 48.75600
29 10 20 21 10 11546.20000 4.62000000 333.04000 47.14000 11.81900 48.75600
29 10 20 21 11 11544.40000 4.62000000 333.25000 47.14000 11.81900 48.75600
29 10 20 21 11 11547.50000 4.62000000 333.40000 47.14000 11.81900 48.75600
