M=[
25 7 21 19 42 29240.70000 40.56800000 1828.93000 106.18000 27.32700 82.76000
25 7 21 19 42 29233.90000 40.56800000 1829.08000 106.18000 27.32700 82.76000
25 7 21 19 43 29226.80000 40.56800000 1829.08000 106.18000 27.32700 82.76000
25 7 21 19 43 29200.20000 40.56800000 1829.08000 106.12000 27.32700 82.60400
25 7 21 19 43 29179.50000 40.56800000 1829.08000 106.12000 27.32700 82.60400
25 7 21 19 44 29182.00000 40.56800000 1826.41000 106.12000 27.32700 82.60400
25 7 21 19 44 29182.00000 40.56800000 1828.53000 106.12000 27.32700 82.60400
25 7 21 19 45 29232.70000 40.56800000 1829.57000 106.23000 27.32700 82.60400
25 7 21 19 45 29181.50000 40.56800000 1826.40000 106.23000 27.32700 82.60400
25 7 21 19 46 29164.50000 40.56800000 1826.40000 106.23000 27.32700 82.60400
25 7 21 19 46 29168.60000 40.56800000 1826.40000 106.23000 27.31900 82.60400
25 7 21 19 46 29164.80000 40.56800000 1826.40000 106.23000 27.31900 82.60400
25 7 21 19 47 29163.80000 40.56800000 1825.84000 105.95000 27.31900 82.60400
25 7 21 19 47 29163.80000 40.56800000 1826.22000 105.95000 27.31900 82.60400
25 7 21 19 48 29147.70000 40.56800000 1826.22000 105.95000 27.31900 82.60400
25 7 21 19 48 29147.70000 40.56800000 1826.22000 105.95000 27.31900 82.60400
25 7 21 19 49 29157.50000 40.56800000 1826.22000 105.88000 27.31900 82.60400
25 7 21 19 49 29173.00000 40.56800000 1828.00000 105.88000 27.18400 82.60400
25 7 21 19 50 29186.40000 40.56800000 1828.50000 106.01000 27.18400 82.60400
25 7 21 19 50 29186.40000 40.56800000 1828.50000 105.98000 27.18400 82.60400
25 7 21 19 50 29187.60000 40.40100000 1828.24000 105.98000 27.18400 82.60400
25 7 21 19 51 29193.50000 40.40100000 1828.65000 106.12000 27.18400 82.60400
25 7 21 19 51 29181.00000 40.40100000 1828.65000 106.12000 27.18400 82.60400
25 7 21 19 52 29162.20000 40.40100000 1828.65000 106.12000 27.18400 82.60400
25 7 21 19 52 29142.20000 40.40100000 1828.65000 106.12000 27.18400 82.60400
25 7 21 19 53 29143.90000 40.40100000 1825.61000 106.12000 27.18400 82.60400
25 7 21 19 53 29146.80000 40.40100000 1826.91000 105.87000 27.18400 82.60400
25 7 21 19 53 29146.80000 40.40100000 1826.91000 105.83000 27.18400 82.60400
25 7 21 19 54 29150.80000 40.40100000 1826.15000 105.83000 27.18400 82.60400
25 7 21 19 54 29173.30000 40.40100000 1826.86000 105.83000 27.18400 82.60400
25 7 21 19 55 29153.80000 40.31500000 1826.07000 105.83000 27.18400 82.60400
25 7 21 19 55 29166.70000 40.31500000 1826.07000 105.83000 27.18400 82.60400
25 7 21 19 56 29169.70000 40.31500000 1825.62000 105.88000 27.18400 82.60400
25 7 21 19 56 29154.80000 40.31500000 1825.88000 105.88000 27.18400 82.60400
25 7 21 19 56 29163.30000 40.31500000 1827.08000 105.88000 27.18400 82.60400
25 7 21 19 57 29167.20000 40.31500000 1826.66000 105.89000 27.18400 82.60400
25 7 21 19 57 29177.80000 40.31500000 1826.66000 105.89000 27.18400 82.60400
25 7 21 19 58 29181.50000 40.31500000 1828.95000 105.89000 27.18400 82.60400
25 7 21 19 58 29159.50000 40.31500000 1828.95000 105.89000 27.18400 82.60400
25 7 21 19 59 29130.10000 40.31500000 1828.95000 105.78000 27.18400 82.60400
25 7 21 19 59 29130.10000 40.31500000 1826.34000 105.78000 27.18400 82.60400
25 7 21 19 59 29149.50000 40.31500000 1827.09000 105.93000 27.18400 82.60400
25 7 21 20 00 29154.70000 40.31500000 1826.88000 105.86000 27.18400 82.37900
25 7 21 20 00 29154.70000 40.31500000 1826.88000 105.86000 27.18400 82.23600
25 7 21 20 01 29141.80000 40.31500000 1825.79000 105.86000 27.18400 82.23600
25 7 21 20 01 29159.80000 40.31500000 1826.10000 105.80000 27.18400 82.23600
25 7 21 20 02 29138.40000 40.31500000 1824.02000 105.65000 27.18400 82.14500
25 7 21 20 02 29155.60000 40.31500000 1824.06000 105.66000 27.18400 82.14500
25 7 21 20 02 29160.80000 40.31500000 1824.38000 105.66000 27.18400 82.14500
25 7 21 20 03 29153.40000 40.31500000 1824.06000 105.66000 27.18400 82.14500
25 7 21 20 03 29153.40000 40.31500000 1820.99000 105.50000 27.18400 82.14500
25 7 21 20 04 29130.20000 40.31500000 1821.90000 105.50000 27.18400 82.14500
25 7 21 20 04 29130.20000 40.31500000 1821.50000 105.50000 27.00000 82.14500
25 7 21 20 05 29135.80000 40.31500000 1821.64000 105.50000 27.30900 82.14500
25 7 21 20 05 29143.20000 40.31500000 1823.01000 105.50000 27.30900 82.14500
25 7 21 20 05 29153.30000 40.31500000 1824.16000 105.50000 27.30900 82.14500
25 7 21 20 06 29155.70000 40.31500000 1824.37000 105.59000 27.56900 82.14500
25 7 21 20 06 29157.20000 40.21000000 1824.38000 105.54000 27.56900 82.14500
25 7 21 20 07 29161.60000 40.21000000 1824.76000 105.54000 27.56900 82.14500
25 7 21 20 07 29169.70000 40.21000000 1824.76000 105.54000 27.56900 82.14500
25 7 21 20 08 29166.90000 40.16800000 1825.09000 105.54000 27.56900 82.14500
25 7 21 20 08 29166.80000 40.16800000 1824.18000 105.54000 27.56900 82.14500
25 7 21 20 08 29176.60000 40.16800000 1824.65000 105.54000 27.56900 82.14500
25 7 21 20 09 29176.60000 40.16800000 1824.89000 105.54000 27.53400 82.14500
25 7 21 20 09 29184.20000 40.16800000 1824.88000 105.54000 27.53400 82.14500
25 7 21 20 10 29185.30000 40.16800000 1824.85000 105.54000 27.53400 82.14500
25 7 21 20 10 29205.40000 40.28000000 1826.49000 105.57000 27.53400 82.14500
25 7 21 20 11 29212.70000 40.28000000 1827.08000 105.57000 27.42500 82.14500
25 7 21 20 11 29202.60000 40.28000000 1826.59000 105.57000 27.42500 82.14500
25 7 21 20 12 29220.50000 40.28000000 1826.56000 105.68000 27.42500 82.14500
25 7 21 20 12 29213.20000 40.28000000 1826.56000 105.68000 27.56400 82.14500
25 7 21 20 12 29222.00000 40.28000000 1828.23000 105.68000 27.56400 82.14500
25 7 21 20 13 29213.00000 40.28000000 1827.29000 105.76000 27.61100 82.14500
25 7 21 20 13 29218.60000 40.28000000 1828.09000 105.76000 27.61000 82.14500
25 7 21 20 14 29212.10000 40.28000000 1828.04000 105.76000 27.61000 82.14500
25 7 21 20 14 29226.20000 40.28000000 1828.04000 105.76000 27.61000 82.14500
25 7 21 20 15 29223.70000 40.28000000 1827.74000 105.76000 27.61000 82.14500
25 7 21 20 15 29223.40000 40.28000000 1827.74000 105.76000 27.61000 82.14500
25 7 21 20 15 29231.20000 40.28000000 1828.23000 105.76000 27.61000 82.14500
25 7 21 20 16 29250.80000 40.28000000 1828.23000 105.76000 27.61000 82.14500
25 7 21 20 16 29250.00000 40.28000000 1828.23000 105.93000 27.61100 82.14500
25 7 21 20 17 29263.20000 40.28000000 1830.14000 105.93000 27.61100 82.14500
25 7 21 20 17 29251.80000 40.28000000 1830.14000 105.93000 27.61100 82.14500
25 7 21 20 18 29264.10000 40.28000000 1830.42000 105.95000 27.61100 82.14500
25 7 21 20 18 29264.20000 40.28000000 1830.43000 105.95000 27.61100 82.14500
25 7 21 20 18 29249.20000 40.28000000 1830.42000 105.95000 27.61100 82.14500
25 7 21 20 19 29230.40000 40.28000000 1827.15000 105.67000 27.61100 82.14500
25 7 21 20 19 29239.70000 40.28000000 1828.37000 105.77000 27.61100 82.36900
25 7 21 20 20 29240.00000 40.28000000 1828.72000 105.77000 27.50300 82.36900
25 7 21 20 20 29252.40000 40.28000000 1830.26000 105.77000 27.50300 82.36900
25 7 21 20 21 29256.70000 40.28000000 1831.00000 105.88000 27.50300 82.36900
25 7 21 20 21 29240.00000 40.28000000 1831.00000 105.84000 27.50300 82.36900
25 7 21 20 21 29233.60000 40.28000000 1829.54000 105.77000 27.50300 82.36900
25 7 21 20 22 29235.80000 40.28000000 1829.23000 105.77000 27.50300 82.36900
25 7 21 20 22 29226.30000 40.28000000 1828.10000 105.75000 27.42800 82.36900
25 7 21 20 23 29216.50000 40.28000000 1828.10000 105.75000 27.42800 82.36900
25 7 21 20 23 29218.50000 40.28000000 1827.50000 105.72000 27.42800 82.36900
25 7 21 20 24 29215.90000 40.28000000 1826.55000 105.71000 27.42800 82.36900
25 7 21 20 24 29200.90000 40.28000000 1825.51000 105.68000 27.42800 82.36900
25 7 21 20 24 29205.10000 40.28000000 1826.92000 105.68000 27.42800 82.36900
25 7 21 20 25 29215.40000 40.28000000 1826.92000 105.68000 27.42800 82.36900
25 7 21 20 25 29215.40000 40.28000000 1828.65000 105.68000 27.42800 82.36900
25 7 21 20 26 29224.20000 40.28000000 1827.12000 105.68000 27.42800 82.36900
