M=[
20 4 21 13 47 46752.90000 28.48700000 1842.50000 217.18000 33.87900 197.94900
20 4 21 13 47 46743.40000 28.56300000 1840.54000 217.30000 33.87900 197.94900
20 4 21 13 48 46713.80000 28.56300000 1842.89000 217.67000 33.87900 197.86000
20 4 21 13 48 46693.10000 28.56300000 1839.21000 217.05000 33.87900 197.86000
20 4 21 13 49 46736.70000 28.56300000 1842.37000 217.85000 33.87900 197.86000
20 4 21 13 49 46735.40000 28.56300000 1841.71000 217.57000 33.87900 197.86000
20 4 21 13 50 46736.70000 28.56300000 1842.00000 217.51000 33.87900 197.86000
20 4 21 13 50 46736.70000 28.56300000 1841.99000 217.04000 34.11200 197.86000
20 4 21 13 50 46760.60000 28.56300000 1842.00000 217.15000 34.11200 198.96000
20 4 21 13 51 46759.70000 28.56300000 1843.67000 216.61000 34.46600 199.17600
20 4 21 13 51 46699.90000 28.56300000 1839.82000 216.32000 34.46600 199.17600
20 4 21 13 52 46765.00000 28.56300000 1842.43000 216.77000 34.46600 199.17600
20 4 21 13 52 46830.70000 28.56300000 1846.48000 217.99000 34.46600 200.00000
20 4 21 13 53 46790.80000 28.56300000 1847.91000 218.23000 34.46600 200.00000
20 4 21 13 53 46825.20000 28.56300000 1848.00000 218.35000 34.46600 200.00000
20 4 21 13 53 46818.90000 28.56300000 1847.99000 218.38000 34.13400 200.11200
20 4 21 13 54 46836.40000 28.60000000 1848.00000 218.62000 34.13500 200.11200
20 4 21 13 54 46836.30000 28.72800000 1847.85000 218.71000 34.13500 200.40300
20 4 21 13 55 46837.90000 28.72800000 1847.37000 218.88000 34.13500 200.07900
20 4 21 13 55 46825.30000 28.72800000 1845.78000 218.06000 34.13500 199.81800
20 4 21 13 56 46810.40000 28.72800000 1845.90000 218.26000 34.53700 199.76600
20 4 21 13 56 46796.80000 28.72800000 1844.95000 218.58000 34.53700 199.76600
20 4 21 13 56 46832.40000 28.77100000 1846.21000 218.96000 34.53700 200.70800
20 4 21 13 57 46804.70000 28.77100000 1846.04000 219.06000 34.53700 199.92000
20 4 21 13 57 46792.30000 28.77100000 1845.60000 218.71000 34.13700 200.12000
20 4 21 13 58 46822.00000 28.76700000 1847.78000 218.96000 34.13700 200.12000
20 4 21 13 58 46834.20000 28.83400000 1849.65000 219.52000 34.13700 200.12000
20 4 21 13 59 46836.20000 28.88100000 1849.77000 219.28000 34.13700 200.12000
20 4 21 13 59 46825.50000 28.79700000 1847.78000 218.86000 34.44900 200.12000
20 4 21 13 59 46844.30000 28.79700000 1848.00000 218.94000 34.44900 199.70900
20 4 21 14 00 46939.30000 28.79700000 1852.73000 219.16000 34.44900 199.70900
20 4 21 14 00 46926.40000 28.79700000 1853.00000 218.70000 34.63700 199.70900
20 4 21 14 01 46943.00000 28.96400000 1854.52000 218.71000 34.63700 199.70900
20 4 21 14 01 46942.90000 28.96400000 1855.49000 218.74000 34.63700 199.15500
20 4 21 14 02 46924.10000 28.96400000 1851.50000 218.17000 34.63700 199.15500
20 4 21 14 02 46856.00000 28.87600000 1847.94000 218.17000 34.63700 198.45000
20 4 21 14 02 46885.30000 28.87600000 1848.80000 217.58000 34.63700 198.45000
20 4 21 14 03 46876.70000 28.87600000 1848.15000 217.57000 34.63700 198.45000
20 4 21 14 03 46876.70000 28.87600000 1847.04000 217.60000 34.63700 198.45000
20 4 21 14 04 46876.70000 28.87600000 1846.74000 218.27000 34.63700 198.14000
20 4 21 14 04 46876.60000 28.87600000 1846.00000 217.27000 34.63700 198.14000
20 4 21 14 05 46876.60000 28.87600000 1846.66000 217.20000 34.63700 197.90000
20 4 21 14 05 46875.50000 28.87600000 1845.77000 217.71000 34.63700 197.90000
20 4 21 14 05 46875.60000 28.87600000 1846.30000 217.62000 34.28000 197.90000
20 4 21 14 06 46922.00000 28.87600000 1849.08000 218.16000 34.28000 197.90000
20 4 21 14 06 46922.00000 28.91400000 1849.27000 217.94000 34.28000 197.90000
20 4 21 14 07 46922.40000 28.99500000 1848.11000 217.76000 34.28000 197.90000
20 4 21 14 07 46916.90000 28.89900000 1846.60000 218.15000 34.28000 197.90000
20 4 21 14 08 46944.40000 28.89900000 1849.26000 218.14000 34.28000 197.90000
20 4 21 14 08 46949.90000 29.08000000 1849.85000 218.02000 34.28000 198.51800
20 4 21 14 08 46950.00000 29.13400000 1849.63000 218.05000 34.28000 198.51800
20 4 21 14 09 46945.10000 29.14400000 1849.00000 217.95000 34.28000 199.00000
20 4 21 14 09 46900.10000 29.14400000 1847.65000 217.82000 34.76500 199.00000
20 4 21 14 10 46875.60000 29.07700000 1846.60000 217.32000 34.76500 199.00000
20 4 21 14 10 46821.10000 29.07700000 1845.16000 217.32000 34.76500 197.92000
20 4 21 14 11 46820.00000 29.07700000 1847.19000 217.71000 34.76500 197.92000
20 4 21 14 11 46820.00000 29.07700000 1848.40000 217.89000 34.76500 197.92000
20 4 21 14 11 46820.00000 29.07700000 1849.17000 218.31000 34.76500 197.92000
20 4 21 14 12 46884.40000 29.07700000 1850.43000 218.28000 34.76500 197.92000
20 4 21 14 12 46819.90000 29.07700000 1847.91000 218.60000 34.76500 197.92000
20 4 21 14 13 46820.00000 29.01900000 1847.44000 217.71000 34.28100 197.92000
20 4 21 14 13 46800.20000 29.01900000 1845.55000 217.50000 34.28100 197.18300
20 4 21 14 14 46761.70000 28.92300000 1845.03000 217.35000 34.28100 197.18300
20 4 21 14 14 46750.00000 28.94000000 1844.01000 217.35000 34.28100 196.90300
20 4 21 14 14 46769.10000 28.86000000 1845.84000 217.79000 34.28100 196.90300
20 4 21 14 15 46731.60000 28.86000000 1841.82000 217.52000 34.12600 196.90300
20 4 21 14 15 46752.30000 28.84300000 1843.90000 217.93000 34.12600 196.87900
20 4 21 14 16 46738.10000 28.84300000 1843.61000 217.79000 34.12600 196.87900
20 4 21 14 16 46733.60000 28.84300000 1842.53000 217.71000 34.12600 196.87900
20 4 21 14 17 46750.00000 28.84300000 1843.50000 217.75000 34.12800 196.87900
20 4 21 14 17 46753.50000 28.83000000 1844.37000 217.68000 34.12800 196.87900
20 4 21 14 17 46796.90000 28.83000000 1845.24000 217.57000 34.12800 196.99000
20 4 21 14 18 46796.80000 28.83000000 1844.39000 217.69000 34.12800 196.99000
20 4 21 14 18 46762.00000 28.83000000 1843.43000 217.07000 34.12800 196.99000
20 4 21 14 19 46762.10000 28.76300000 1842.42000 217.02000 34.51700 196.99000
20 4 21 14 19 46736.30000 28.76300000 1841.52000 216.67000 34.51700 195.89700
20 4 21 14 20 46710.00000 28.76300000 1839.96000 216.59000 34.51700 195.89700
20 4 21 14 20 46673.10000 28.76300000 1839.96000 216.42000 34.51700 195.50400
20 4 21 14 20 46676.20000 28.76300000 1838.98000 216.16000 34.51700 195.50400
20 4 21 14 21 46672.80000 28.76300000 1838.19000 215.88000 34.51700 195.50400
20 4 21 14 21 46625.60000 28.62900000 1834.83000 215.69000 34.51700 195.15000
20 4 21 14 22 46609.50000 28.47300000 1833.52000 215.42000 34.51700 195.14900
20 4 21 14 22 46566.00000 28.44600000 1833.18000 215.11000 34.51700 194.89800
20 4 21 14 23 46629.90000 28.45200000 1833.39000 215.57000 34.51700 195.22000
20 4 21 14 23 46687.10000 28.45200000 1836.49000 215.97000 34.51700 195.89900
20 4 21 14 23 46684.50000 28.45200000 1836.80000 215.87000 34.51700 195.89900
20 4 21 14 24 46717.80000 28.58400000 1837.43000 216.44000 34.51700 196.07900
20 4 21 14 24 46655.90000 28.58400000 1837.06000 215.98000 34.51700 195.73900
20 4 21 14 25 46629.70000 28.58400000 1835.70000 215.58000 34.51700 195.73900
20 4 21 14 25 46670.70000 28.58400000 1837.35000 215.69000 34.51700 195.91000
20 4 21 14 26 46661.80000 28.58400000 1836.00000 215.90000 34.44300 195.91000
20 4 21 14 26 46667.00000 28.58400000 1836.01000 215.11000 34.44300 195.91000
20 4 21 14 26 46670.60000 28.58400000 1836.01000 215.19000 34.12500 195.91000
20 4 21 14 27 46669.70000 28.58400000 1836.01000 215.25000 34.12500 195.91000
20 4 21 14 27 46687.90000 28.58400000 1836.09000 215.25000 34.12500 196.21000
20 4 21 14 28 46659.90000 28.58400000 1835.55000 215.25000 34.12500 196.40000
20 4 21 14 28 46649.10000 28.58400000 1835.35000 215.25000 34.12500 196.40000
20 4 21 14 29 46652.00000 28.58400000 1835.35000 215.25000 34.12500 196.40000
20 4 21 14 29 46652.00000 28.58400000 1835.60000 215.27000 34.12500 196.40000
20 4 21 14 29 46644.80000 28.58400000 1835.59000 215.17000 34.12500 196.40000
20 4 21 14 30 46613.30000 28.57000000 1833.03000 214.61000 34.12500 197.69400
20 4 21 14 30 46577.70000 28.57000000 1832.58000 214.71000 34.12500 197.69400
