M=[
23 9 20 16 28 8971.90000 5.00300000 290.71000 38.15000 11.79100 45.34400
23 9 20 16 29 8971.90000 5.00300000 290.69000 38.15000 11.79100 45.34400
23 9 20 16 29 8971.80000 5.00300000 290.69000 38.15000 11.79100 45.34400
23 9 20 16 30 8971.80000 5.00300000 290.72000 38.15000 11.79100 45.34400
23 9 20 16 30 8970.90000 5.00300000 290.70000 38.16000 11.79100 45.34400
23 9 20 16 30 8970.90000 5.00300000 290.70000 38.16000 11.79100 45.34400
23 9 20 16 31 8971.90000 5.00300000 290.70000 38.16000 11.79100 45.34400
23 9 20 16 31 8972.00000 5.00300000 290.70000 38.16000 11.79100 45.34400
23 9 20 16 32 8972.90000 5.00300000 290.70000 38.16000 11.79100 45.34400
23 9 20 16 32 8972.80000 5.00300000 290.70000 38.16000 11.79100 45.34400
23 9 20 16 33 8972.90000 5.00300000 290.70000 38.16000 11.79100 45.34400
23 9 20 16 33 8972.80000 5.00300000 290.70000 38.18000 11.79100 45.34400
23 9 20 16 33 8972.90000 5.00300000 290.70000 38.19000 11.79100 45.34400
23 9 20 16 34 8972.90000 5.00300000 290.70000 38.19000 11.79100 45.34400
23 9 20 16 34 8972.80000 5.00300000 290.70000 38.19000 11.80000 45.34400
23 9 20 16 35 8973.80000 5.00300000 290.72000 38.19000 11.80000 45.34400
23 9 20 16 35 8972.90000 5.00300000 290.72000 38.19000 11.80000 45.34400
23 9 20 16 36 8973.40000 5.00300000 290.72000 38.19000 11.80000 45.34400
23 9 20 16 36 8973.80000 5.00300000 290.72000 38.19000 11.80000 45.23000
23 9 20 16 36 8973.90000 5.00300000 290.71000 38.19000 11.80000 45.23000
23 9 20 16 37 8973.90000 5.00300000 290.71000 38.19000 11.80000 45.23000
23 9 20 16 37 8973.90000 5.00300000 290.71000 38.19000 11.80000 45.23000
23 9 20 16 38 8974.90000 5.00300000 290.71000 38.19000 11.80000 45.23000
23 9 20 16 38 8974.90000 5.00300000 290.71000 38.19000 11.80000 45.23000
23 9 20 16 39 8974.80000 5.00300000 290.71000 38.19000 11.80000 45.23000
23 9 20 16 39 8975.80000 5.00300000 290.89000 38.19000 11.80000 45.23000
23 9 20 16 39 8976.90000 5.00300000 290.95000 38.19000 11.80000 45.23000
23 9 20 16 40 8981.90000 5.00300000 291.10000 38.19000 11.80000 45.23000
23 9 20 16 40 8982.50000 5.00300000 291.10000 38.21000 11.80000 45.23100
23 9 20 16 41 8984.90000 5.00300000 291.47000 38.21000 11.80000 45.23100
23 9 20 16 41 8984.90000 5.00300000 291.47000 38.21000 11.80000 45.23100
23 9 20 16 42 8984.90000 5.01700000 291.47000 38.21000 11.80000 45.23100
23 9 20 16 42 8984.90000 5.01700000 291.44000 38.23000 11.80000 45.23100
23 9 20 16 42 8984.90000 5.01700000 291.27000 38.23000 11.80000 45.23100
23 9 20 16 43 8984.90000 5.01600000 291.27000 38.23000 11.80000 45.23100
23 9 20 16 43 8986.00000 5.01600000 291.15000 38.23000 11.80000 45.28500
23 9 20 16 44 8986.00000 5.01600000 291.15000 38.23000 11.80000 45.28500
23 9 20 16 44 8986.30000 5.01600000 291.15000 38.23000 11.80000 45.28500
23 9 20 16 45 8986.90000 5.01600000 291.00000 38.23000 11.80000 45.28500
23 9 20 16 45 8986.90000 5.01600000 291.00000 38.23000 11.80000 45.28500
23 9 20 16 45 8987.80000 5.00600000 290.79000 38.23000 11.80000 45.28500
23 9 20 16 46 8987.90000 4.99500000 290.79000 38.23000 11.80000 45.28500
23 9 20 16 46 8987.90000 4.99500000 290.79000 38.23000 11.80000 45.28500
23 9 20 16 47 8987.60000 5.02200000 290.79000 38.23000 11.80000 45.28500
23 9 20 16 47 8987.80000 5.02200000 290.79000 38.23000 11.80000 45.28500
23 9 20 16 48 8987.90000 5.02200000 290.91000 38.23000 11.80000 45.28500
23 9 20 16 48 8987.80000 5.02200000 290.85000 38.19000 11.80000 45.28500
23 9 20 16 48 8987.80000 5.02200000 290.85000 38.17000 11.80000 45.28500
23 9 20 16 49 8987.70000 5.02200000 290.72000 38.17000 11.80000 45.28500
23 9 20 16 49 8987.70000 5.02200000 290.72000 38.17000 11.80000 45.28500
23 9 20 16 50 8987.70000 5.02200000 290.72000 38.17000 11.80000 45.28500
23 9 20 16 50 8987.70000 5.02200000 290.72000 38.17000 11.80000 45.28500
23 9 20 16 51 8987.10000 5.02200000 290.62000 38.17000 11.80000 45.28500
23 9 20 16 51 8987.00000 5.02200000 290.76000 38.17000 11.80000 45.28500
23 9 20 16 52 8986.20000 5.02200000 290.72000 38.17000 11.80000 45.28500
23 9 20 16 52 8984.90000 5.02200000 290.64000 38.17000 11.80000 45.28500
23 9 20 16 52 8984.80000 5.02200000 290.64000 38.17000 11.80000 45.28500
23 9 20 16 53 8984.90000 5.02200000 290.83000 38.17000 11.80000 45.28500
23 9 20 16 53 8984.90000 5.02200000 290.83000 38.17000 11.80000 45.28500
23 9 20 16 54 8984.90000 5.02200000 290.83000 38.15000 11.80000 45.28500
23 9 20 16 54 8984.80000 5.02200000 290.83000 38.15000 11.80000 45.28500
23 9 20 16 55 8984.90000 5.02200000 290.80000 38.15000 11.80000 45.28500
23 9 20 16 55 8981.70000 5.02200000 290.81000 38.15000 11.80000 45.28500
23 9 20 16 55 8983.20000 5.02200000 290.89000 38.15000 11.80000 45.28500
23 9 20 16 56 8983.20000 5.02200000 290.87000 38.15000 11.80000 45.28500
23 9 20 16 56 8982.80000 5.02200000 290.87000 38.19000 11.80000 45.28500
23 9 20 16 57 8982.90000 5.02200000 290.89000 38.19000 11.80000 45.28500
23 9 20 16 57 8982.90000 5.02200000 290.89000 38.19000 11.80000 45.28500
23 9 20 16 58 8982.90000 5.02200000 290.89000 38.19000 11.80100 45.28500
23 9 20 16 58 8985.40000 5.02200000 290.89000 38.19000 11.80000 45.28500
23 9 20 16 58 8987.00000 5.02200000 290.89000 38.19000 11.80000 45.28500
23 9 20 16 59 8987.00000 5.02200000 291.28000 38.19000 11.80000 45.28500
23 9 20 16 59 8987.00000 5.02200000 291.22000 38.19000 11.80000 45.28500
23 9 20 17 00 8988.50000 5.02200000 291.29000 38.16000 11.80000 45.22600
23 9 20 17 00 8988.50000 5.03800000 291.14000 38.16000 11.80000 45.22600
23 9 20 17 01 8988.50000 5.03800000 291.14000 38.16000 11.80000 45.22600
23 9 20 17 01 8988.40000 5.03800000 290.96000 38.16000 11.80000 45.22600
23 9 20 17 01 8987.40000 5.03800000 290.96000 38.16000 11.80000 45.22600
23 9 20 17 02 8987.40000 5.03800000 290.95000 38.16000 11.80000 45.22600
23 9 20 17 02 8987.20000 5.03800000 290.96000 38.16000 11.80000 45.22600
23 9 20 17 03 8987.80000 5.03800000 290.96000 38.16000 11.80000 45.22600
23 9 20 17 03 8986.90000 5.03800000 290.97000 38.16000 11.80000 45.22600
23 9 20 17 04 8986.90000 5.03800000 290.95000 38.13000 11.80000 45.22600
23 9 20 17 04 8986.90000 5.03800000 290.92000 38.13000 11.80000 45.22600
23 9 20 17 04 8987.40000 5.03800000 290.92000 38.13000 11.80000 45.22600
23 9 20 17 05 8987.00000 5.03800000 290.94000 38.13000 11.80000 45.22600
23 9 20 17 05 8987.00000 5.03800000 290.83000 38.13000 11.80000 45.22600
23 9 20 17 06 8987.00000 5.03800000 290.81000 38.13000 11.80000 45.22600
23 9 20 17 06 8986.90000 5.03800000 290.81000 38.13000 11.80000 45.22600
23 9 20 17 07 8988.80000 5.03800000 291.13000 38.13000 11.80000 45.22600
23 9 20 17 07 8987.70000 5.03800000 291.13000 38.13000 11.80000 45.22600
23 9 20 17 07 8988.90000 5.03800000 291.17000 38.13000 11.80000 45.22600
23 9 20 17 08 8988.30000 5.03800000 291.17000 38.13000 11.80000 45.22600
23 9 20 17 08 8986.20000 5.03800000 290.81000 38.17000 11.80000 45.22600
23 9 20 17 09 8986.20000 5.03800000 290.81000 38.16000 11.80000 45.22600
23 9 20 17 09 8986.20000 5.03800000 290.81000 38.16000 11.80000 45.22600
23 9 20 17 10 8986.20000 5.03800000 291.12000 38.16000 11.80000 45.22600
23 9 20 17 10 8986.10000 5.03800000 291.12000 38.16000 11.80000 45.22600
23 9 20 17 10 8986.20000 5.03800000 291.12000 38.16000 11.80000 45.22600
23 9 20 17 11 8986.10000 5.03800000 291.02000 38.16000 11.80000 45.22600
23 9 20 17 11 8986.20000 5.03800000 290.94000 38.16000 11.80000 45.22600
23 9 20 17 12 8986.20000 5.03800000 291.07000 38.16000 11.79000 45.22600
23 9 20 17 12 8986.20000 5.03800000 291.07000 38.16000 11.79000 45.22600
23 9 20 17 13 8986.20000 5.03800000 291.07000 38.16000 11.79000 45.22600
23 9 20 17 13 8986.20000 5.03800000 290.94000 38.16000 11.79000 45.22600
23 9 20 17 13 8986.10000 5.03800000 290.85000 38.16000 11.79000 45.22600
23 9 20 17 14 8986.10000 5.03800000 290.82000 38.16000 11.79000 45.22600
23 9 20 17 14 8986.20000 5.03800000 290.73000 38.16000 11.79000 45.22600
23 9 20 17 15 8986.20000 5.03800000 290.68000 38.16000 11.79000 45.22600
