M=[
23 7 21 02 50 27667.60000 38.50000000 1744.52000 102.74000 16.46500 83.17800
23 7 21 02 51 27669.00000 38.66400000 1746.86000 102.81000 16.46500 83.17800
23 7 21 02 51 27683.60000 38.66400000 1746.97000 102.80000 16.46500 83.17800
23 7 21 02 52 27683.70000 38.59200000 1746.97000 102.88000 16.32100 83.17800
23 7 21 02 52 27685.00000 38.59200000 1747.20000 102.89000 16.32100 83.17800
23 7 21 02 52 27685.00000 38.59200000 1747.54000 102.94000 16.32100 83.17800
23 7 21 02 53 27685.10000 38.59200000 1747.98000 102.91000 16.32100 83.44500
23 7 21 02 53 27691.80000 38.45900000 1747.98000 102.91000 16.32100 83.44500
23 7 21 02 54 27691.80000 38.44500000 1747.98000 102.96000 16.32100 83.44500
23 7 21 02 54 27691.90000 38.44500000 1748.87000 102.96000 16.32100 83.44500
23 7 21 02 55 27696.80000 38.49200000 1748.87000 102.93000 16.32100 83.44500
23 7 21 02 55 27699.80000 38.49200000 1748.99000 102.98000 16.32100 83.44500
23 7 21 02 55 27695.00000 38.49200000 1749.99000 103.04000 16.32100 83.44500
23 7 21 02 56 27695.00000 38.49200000 1750.00000 103.04000 16.32100 83.44500
23 7 21 02 56 27699.80000 38.49200000 1750.23000 103.04000 16.32100 83.44500
23 7 21 02 57 27699.90000 38.49200000 1750.57000 102.98000 16.32100 83.44500
23 7 21 02 57 27699.90000 38.70000000 1750.56000 103.06000 16.32100 83.44500
23 7 21 02 58 27699.90000 38.70000000 1750.56000 103.08000 16.32100 83.44500
23 7 21 02 58 27699.90000 38.70000000 1750.56000 103.08000 16.32100 83.44500
23 7 21 02 58 27699.90000 38.70000000 1750.55000 103.08000 16.32100 83.44500
23 7 21 02 59 27699.90000 38.70000000 1750.62000 103.08000 16.32100 83.44500
23 7 21 02 59 27699.80000 38.70000000 1750.61000 103.03000 16.32100 83.44500
23 7 21 03 00 27699.90000 38.55600000 1751.00000 103.06000 16.32100 83.44500
23 7 21 03 00 27700.00000 38.69200000 1751.13000 103.06000 16.32100 83.44500
23 7 21 03 01 27700.00000 38.69200000 1751.49000 103.06000 16.32100 83.44500
23 7 21 03 01 27699.80000 38.50600000 1750.46000 103.06000 16.32100 83.44500
23 7 21 03 02 27699.80000 38.50600000 1750.58000 103.06000 16.32100 83.44500
23 7 21 03 02 27696.20000 38.53000000 1750.60000 102.84000 16.32100 83.44500
23 7 21 03 02 27696.20000 38.53000000 1750.85000 102.86000 16.32100 83.44500
23 7 21 03 03 27696.20000 38.53000000 1750.85000 102.88000 16.32100 83.44500
23 7 21 03 03 27696.20000 38.53000000 1750.85000 102.87000 16.32100 83.44500
23 7 21 03 04 27696.70000 38.60800000 1750.74000 102.87000 16.32100 83.44500
23 7 21 03 04 27691.80000 38.60800000 1751.41000 102.86000 16.32100 83.44500
23 7 21 03 05 27692.50000 38.67400000 1751.36000 102.82000 16.32100 83.44500
23 7 21 03 05 27692.90000 38.67400000 1751.33000 102.82000 16.32100 83.44500
23 7 21 03 05 27692.50000 38.67400000 1750.76000 102.81000 16.32100 83.44500
23 7 21 03 06 27691.80000 38.67400000 1751.00000 102.77000 16.32100 83.44500
23 7 21 03 06 27691.90000 38.67400000 1750.98000 102.83000 16.32100 83.59300
23 7 21 03 07 27696.90000 38.67400000 1751.26000 102.83000 16.32100 83.59300
23 7 21 03 07 27691.80000 38.79400000 1751.46000 102.82000 16.32100 83.59300
23 7 21 03 08 27691.80000 38.79400000 1751.45000 102.82000 16.32100 83.59300
23 7 21 03 08 27691.80000 38.82800000 1751.45000 102.82000 16.32100 83.59300
23 7 21 03 08 27691.80000 39.25100000 1751.46000 102.82000 16.32100 83.59300
23 7 21 03 09 27699.80000 39.45500000 1753.00000 102.89000 16.32100 83.59300
23 7 21 03 09 27691.90000 39.45500000 1751.19000 102.89000 16.32100 83.59300
23 7 21 03 10 27691.90000 39.23700000 1751.97000 102.89000 16.32100 83.59300
23 7 21 03 10 27691.90000 39.23700000 1751.97000 102.89000 16.32100 83.59300
23 7 21 03 11 27691.90000 39.23700000 1751.95000 102.89000 16.32100 83.59300
23 7 21 03 11 27691.90000 39.23700000 1751.95000 102.89000 16.32100 83.59300
23 7 21 03 11 27691.80000 39.30700000 1751.95000 102.89000 16.32100 83.59300
23 7 21 03 12 27691.90000 39.41600000 1751.54000 102.81000 16.32100 83.59300
23 7 21 03 12 27691.80000 39.36900000 1751.15000 102.81000 16.32100 83.59300
23 7 21 03 13 27684.70000 39.36900000 1751.15000 102.81000 16.32100 83.59300
23 7 21 03 13 27684.70000 39.36900000 1749.66000 102.81000 16.32100 83.59300
23 7 21 03 14 27685.40000 39.36900000 1749.66000 102.81000 16.32100 83.59300
23 7 21 03 14 27685.40000 39.36900000 1749.66000 102.86000 16.32100 83.59300
23 7 21 03 14 27687.40000 39.36900000 1751.08000 102.81000 16.32100 83.59300
23 7 21 03 15 27688.20000 39.36900000 1751.08000 102.85000 16.32100 83.59300
23 7 21 03 15 27700.00000 39.36900000 1751.95000 102.85000 16.32100 83.59300
23 7 21 03 16 27698.70000 39.36900000 1751.95000 102.85000 16.32100 83.51000
23 7 21 03 16 27706.60000 39.81200000 1751.95000 102.85000 16.32100 83.51000
23 7 21 03 17 27707.90000 39.81200000 1752.21000 102.85000 16.32100 83.51000
23 7 21 03 17 27707.90000 39.79500000 1753.00000 102.85000 16.32100 83.51000
23 7 21 03 17 27707.70000 39.79500000 1752.24000 102.85000 16.32100 83.51000
23 7 21 03 18 27707.70000 39.79500000 1752.44000 102.93000 16.32100 83.51000
23 7 21 03 18 27707.40000 39.79500000 1750.48000 102.93000 16.32100 83.51000
23 7 21 03 19 27710.40000 39.79500000 1751.16000 102.93000 16.32100 83.51000
23 7 21 03 19 27710.30000 39.79500000 1751.16000 102.93000 16.32100 83.51000
23 7 21 03 20 27712.70000 39.53600000 1750.56000 102.93000 16.32100 83.51000
23 7 21 03 20 27710.40000 39.53600000 1750.56000 102.93000 16.32100 83.51000
23 7 21 03 21 27670.00000 39.53600000 1750.56000 102.93000 16.32100 83.51000
23 7 21 03 21 27689.90000 39.53600000 1750.56000 102.77000 16.32100 83.51000
23 7 21 03 21 27693.20000 39.53600000 1749.72000 102.77000 16.32100 83.51000
23 7 21 03 22 27695.40000 39.53600000 1750.24000 102.77000 16.32100 83.51000
23 7 21 03 22 27695.40000 39.53600000 1748.41000 102.71000 16.32100 83.51000
23 7 21 03 23 27695.50000 39.53600000 1748.30000 102.65000 16.32100 83.51000
23 7 21 03 23 27683.50000 39.53600000 1748.26000 102.65000 16.32100 83.51000
23 7 21 03 24 27683.40000 39.53600000 1747.72000 102.65000 16.32100 83.51000
23 7 21 03 24 27683.50000 39.53600000 1748.30000 102.60000 16.32100 83.51000
23 7 21 03 24 27683.50000 39.53600000 1748.30000 102.60000 16.32100 83.51000
23 7 21 03 25 27683.40000 39.38000000 1747.42000 102.60000 16.32100 83.51000
23 7 21 03 25 27687.00000 39.38000000 1747.42000 102.65000 16.32100 83.51000
23 7 21 03 26 27687.00000 39.38000000 1747.06000 102.65000 16.32100 83.51000
23 7 21 03 26 27686.50000 39.34300000 1747.06000 102.65000 16.32100 83.51000
23 7 21 03 27 27686.50000 39.34300000 1747.59000 102.65000 16.32100 83.51000
23 7 21 03 27 27685.70000 39.34300000 1747.68000 102.62000 16.32100 83.51000
23 7 21 03 27 27688.10000 39.34300000 1747.68000 102.63000 16.32100 83.51000
23 7 21 03 28 27691.90000 39.34300000 1748.05000 102.63000 16.32100 83.51000
23 7 21 03 28 27683.70000 39.34300000 1748.05000 102.63000 16.32100 83.51000
23 7 21 03 29 27686.90000 39.34300000 1748.88000 102.63000 16.32100 83.51000
23 7 21 03 29 27685.80000 39.34300000 1748.88000 102.65000 16.32100 83.51000
23 7 21 03 30 27683.50000 39.34300000 1748.88000 102.65000 16.32100 83.51000
23 7 21 03 30 27683.50000 39.34300000 1748.88000 102.62000 16.32100 83.51000
23 7 21 03 30 27690.30000 39.34300000 1748.88000 102.62000 16.32100 83.51000
23 7 21 03 31 27687.60000 39.35900000 1750.44000 102.62000 16.32100 83.51000
23 7 21 03 31 27687.60000 39.35900000 1750.44000 102.62000 16.32100 83.51000
23 7 21 03 32 27691.80000 39.35900000 1750.67000 102.62000 16.32100 83.51000
23 7 21 03 32 27683.50000 39.35900000 1750.67000 102.62000 16.32100 83.50200
23 7 21 03 33 27687.70000 39.35900000 1750.03000 102.62000 16.32100 83.50200
23 7 21 03 33 27687.70000 39.35900000 1750.45000 102.62000 16.32100 83.50200
23 7 21 03 33 27690.90000 39.35900000 1750.28000 102.62000 16.32100 83.50200
23 7 21 03 34 27691.90000 39.35900000 1750.28000 102.64000 16.32100 83.50200
23 7 21 03 34 27685.80000 39.35900000 1750.28000 102.64000 16.32100 83.50200
