M=[
21 5 21 05 57 32774.70000 59.91700000 2262.91000 166.16000 26.32000 143.42000
21 5 21 05 58 32737.90000 59.91700000 2260.80000 165.96000 26.32000 142.65500
21 5 21 05 58 32791.70000 59.91700000 2264.34000 166.62000 26.32000 142.65500
21 5 21 05 59 32769.10000 59.65000000 2261.22000 166.20000 26.32100 142.65500
21 5 21 05 59 32770.30000 59.65000000 2262.20000 166.22000 26.32100 142.65500
21 5 21 06 00 32776.10000 59.65000000 2259.15000 166.22000 26.32100 142.65500
21 5 21 06 00 32738.30000 59.65000000 2255.00000 165.95000 26.32000 143.09500
21 5 21 06 00 32701.20000 59.65000000 2254.31000 165.95000 26.32000 143.09500
21 5 21 06 01 32700.00000 59.65000000 2252.23000 165.71000 26.32000 143.09500
21 5 21 06 01 32740.70000 59.65000000 2253.89000 165.73000 26.32000 143.09500
21 5 21 06 02 32719.20000 59.37100000 2253.12000 166.23000 26.32000 143.09500
21 5 21 06 02 32696.10000 58.95800000 2248.21000 165.75000 26.32000 142.56900
21 5 21 06 03 32592.80000 58.92500000 2237.07000 165.21000 26.32000 142.00000
21 5 21 06 03 32523.50000 58.60000000 2241.11000 165.27000 26.32000 141.77900
21 5 21 06 03 32495.00000 58.52000000 2236.61000 164.66000 26.32000 141.46100
21 5 21 06 04 32530.00000 58.60000000 2237.27000 164.84000 26.23800 141.46100
21 5 21 06 04 32470.10000 58.60000000 2232.41000 164.73000 26.23800 141.45700
21 5 21 06 05 32494.80000 58.37400000 2234.99000 164.62000 26.21100 141.45700
21 5 21 06 05 32490.60000 58.20000000 2234.96000 164.80000 26.21100 141.45700
21 5 21 06 06 32483.90000 58.33200000 2233.42000 164.81000 26.21100 141.45700
21 5 21 06 06 32567.80000 58.33200000 2238.24000 165.67000 26.21100 142.08600
21 5 21 06 06 32571.30000 58.33200000 2239.48000 165.67000 26.21100 142.08600
21 5 21 06 07 32580.20000 58.75900000 2239.47000 165.49000 26.21100 142.08600
21 5 21 06 07 32518.70000 58.61600000 2237.25000 165.00000 26.21100 142.08600
21 5 21 06 08 32470.50000 58.43700000 2231.31000 164.69000 26.18500 141.25600
21 5 21 06 08 32460.40000 58.43700000 2235.88000 164.64000 26.18500 141.25600
21 5 21 06 09 32460.40000 58.43700000 2232.99000 164.64000 26.16100 141.25600
21 5 21 06 09 32383.70000 58.06700000 2232.21000 164.35000 26.16100 141.25600
21 5 21 06 09 32355.80000 57.98500000 2230.00000 163.87000 26.16000 140.51800
21 5 21 06 10 32399.80000 57.67700000 2232.95000 164.59000 26.13600 140.31100
21 5 21 06 10 32403.00000 57.98900000 2231.14000 164.37000 26.13600 140.31100
21 5 21 06 11 32411.00000 57.96300000 2230.72000 164.88000 26.13500 140.31100
21 5 21 06 11 32411.10000 57.96300000 2231.36000 164.85000 26.13600 141.21100
21 5 21 06 12 32411.10000 57.96300000 2232.90000 165.12000 26.13600 141.21100
21 5 21 06 12 32411.00000 57.99800000 2229.16000 164.06000 26.13600 141.21100
21 5 21 06 12 32411.10000 57.99800000 2227.25000 164.51000 26.13600 141.21100
21 5 21 06 13 32351.80000 57.99800000 2225.05000 164.13000 26.13600 141.21100
21 5 21 06 13 32305.10000 57.99800000 2222.70000 164.08000 26.13600 140.76000
21 5 21 06 14 32265.00000 57.49200000 2223.76000 164.00000 26.10000 140.64500
21 5 21 06 14 32234.50000 57.49200000 2223.96000 163.71000 26.04500 140.24900
21 5 21 06 15 32223.10000 57.28300000 2222.22000 163.60000 26.04500 139.75900
21 5 21 06 15 32269.80000 57.62100000 2220.58000 164.33000 26.13600 140.39200
21 5 21 06 15 32309.00000 57.76300000 2222.22000 164.61000 26.11400 140.85200
21 5 21 06 16 32423.00000 57.92800000 2231.50000 164.98000 26.11400 142.18600
21 5 21 06 16 32414.20000 58.07500000 2229.05000 165.26000 26.11000 142.16700
21 5 21 06 17 32424.30000 58.07500000 2227.86000 165.24000 26.11000 142.16700
21 5 21 06 17 32446.60000 58.28600000 2228.90000 165.62000 26.11000 142.16700
21 5 21 06 18 32446.70000 58.16700000 2228.95000 165.76000 26.11000 142.16700
21 5 21 06 18 32392.10000 58.08600000 2228.94000 165.41000 26.11000 142.16700
21 5 21 06 18 32401.90000 58.00000000 2230.00000 165.80000 26.11000 142.61100
21 5 21 06 19 32404.30000 58.00000000 2228.21000 165.90000 26.11000 143.13700
21 5 21 06 19 32357.80000 58.00000000 2224.87000 165.90000 26.10900 142.65600
21 5 21 06 20 32386.90000 58.11800000 2222.37000 165.44000 26.04600 142.63100
21 5 21 06 20 32450.50000 58.11800000 2228.29000 166.02000 26.10900 142.28000
21 5 21 06 21 32497.80000 58.39700000 2230.62000 166.41000 26.06500 142.28000
21 5 21 06 21 32422.40000 58.39700000 2228.35000 166.58000 26.07000 143.48100
21 5 21 06 21 32418.10000 58.39700000 2221.12000 166.71000 26.07000 143.48100
21 5 21 06 22 32448.00000 58.39700000 2225.13000 166.79000 26.18600 143.48100
21 5 21 06 22 32458.20000 58.39700000 2227.14000 167.07000 26.23800 143.48100
21 5 21 06 23 32500.00000 58.50700000 2231.38000 167.25000 26.23800 143.48100
21 5 21 06 23 32567.60000 58.73300000 2235.16000 167.25000 26.32000 143.48100
21 5 21 06 24 32528.80000 58.73300000 2232.69000 167.07000 26.32000 143.48100
21 5 21 06 24 32604.00000 58.86500000 2235.58000 167.62000 26.32000 143.48100
21 5 21 06 24 32583.90000 58.87100000 2237.66000 167.59000 26.32000 143.48100
21 5 21 06 25 32582.60000 58.87100000 2240.80000 167.63000 26.32000 143.48100
21 5 21 06 25 32616.50000 59.16500000 2244.86000 168.05000 26.31900 143.48100
21 5 21 06 26 32605.10000 59.13700000 2238.16000 167.79000 26.43900 143.34200
21 5 21 06 26 32585.10000 59.07500000 2237.95000 167.75000 26.43800 143.34200
21 5 21 06 27 32581.40000 59.07500000 2235.86000 167.62000 26.43800 143.34200
21 5 21 06 27 32512.70000 58.62400000 2231.37000 166.95000 26.43800 142.73500
21 5 21 06 27 32513.60000 58.62400000 2232.20000 166.93000 26.25900 142.73500
21 5 21 06 28 32554.30000 58.75900000 2236.52000 167.56000 26.58600 143.08900
21 5 21 06 28 32548.60000 58.81600000 2233.73000 167.46000 26.58600 143.08900
21 5 21 06 29 32536.80000 58.81600000 2232.17000 167.06000 26.58600 143.08900
21 5 21 06 29 32500.10000 58.81600000 2231.91000 167.11000 26.58600 143.08900
21 5 21 06 30 32502.80000 58.81600000 2230.72000 166.84000 26.58600 143.08900
21 5 21 06 30 32522.70000 58.57700000 2234.75000 166.78000 26.58600 143.08900
21 5 21 06 30 32561.90000 58.57700000 2239.03000 167.49000 26.58600 142.28100
21 5 21 06 31 32616.50000 58.57700000 2243.01000 168.15000 26.58600 142.28100
21 5 21 06 31 32607.90000 58.74700000 2240.11000 167.74000 26.73100 142.28100
21 5 21 06 32 32636.60000 58.74700000 2244.60000 167.74000 26.73100 142.28100
21 5 21 06 32 32633.40000 58.74700000 2244.19000 167.89000 26.73100 142.28100
21 5 21 06 33 32645.30000 58.74700000 2244.73000 167.89000 26.73100 142.28100
21 5 21 06 33 32688.80000 58.95300000 2246.69000 167.98000 26.73100 142.28100
21 5 21 06 33 32688.60000 59.20700000 2248.73000 168.32000 26.73100 142.28100
21 5 21 06 34 32661.60000 59.16200000 2244.00000 168.32000 26.73100 142.28100
21 5 21 06 34 32685.30000 59.30700000 2247.89000 168.31000 26.73100 142.28100
21 5 21 06 35 32719.10000 59.31000000 2251.35000 168.86000 26.73100 143.83600
21 5 21 06 35 32681.00000 59.21400000 2248.67000 168.51000 26.73100 143.83600
21 5 21 06 36 32697.20000 59.21400000 2248.04000 168.33000 26.73100 143.83600
21 5 21 06 36 32702.70000 59.21400000 2248.24000 168.33000 26.63500 143.83600
21 5 21 06 36 32689.10000 59.21400000 2248.46000 167.96000 26.64800 143.83600
21 5 21 06 37 32645.70000 59.21400000 2246.54000 167.68000 26.65100 143.83600
21 5 21 06 37 32652.80000 59.11100000 2249.26000 167.68000 26.65100 143.83600
21 5 21 06 38 32662.30000 59.11100000 2249.89000 167.87000 26.65100 143.83600
21 5 21 06 38 32648.10000 59.11100000 2249.35000 167.76000 26.65100 143.34100
21 5 21 06 39 32651.10000 58.89000000 2247.92000 167.76000 26.59900 143.34100
21 5 21 06 39 32663.10000 58.89000000 2246.80000 168.20000 26.59900 143.34100
21 5 21 06 39 32653.00000 58.89000000 2245.00000 168.20000 26.52700 143.34100
21 5 21 06 40 32625.50000 58.77900000 2241.44000 167.52000 26.52700 143.34100
21 5 21 06 40 32638.70000 58.95500000 2244.86000 167.47000 26.52700 143.34100
21 5 21 06 41 32641.00000 58.95500000 2245.36000 167.47000 26.52700 143.34100
