M=[
15 7 21 14 45 26934.00000 36.72800000 1625.12000 106.06000 15.91300 84.60900
15 7 21 14 46 26956.60000 36.72800000 1626.64000 106.06000 15.91300 84.60900
15 7 21 14 46 26966.70000 36.72800000 1626.99000 106.06000 15.91300 84.60900
15 7 21 14 47 26963.10000 36.72800000 1627.00000 106.26000 15.91300 84.60900
15 7 21 14 47 26967.60000 36.72800000 1628.39000 106.35000 15.91300 84.60900
15 7 21 14 47 26970.90000 36.84600000 1629.12000 106.35000 15.91300 84.60900
15 7 21 14 48 26948.70000 36.84600000 1626.92000 106.27000 15.97300 84.60900
15 7 21 14 48 26949.90000 36.84600000 1626.71000 106.27000 15.97300 84.60900
15 7 21 14 49 26953.00000 36.84600000 1627.07000 106.26000 15.97300 84.85900
15 7 21 14 49 26951.20000 36.84600000 1627.06000 106.28000 15.97300 84.85900
15 7 21 14 50 26932.60000 36.83900000 1626.31000 106.28000 15.97300 84.85900
15 7 21 14 50 26953.40000 36.83900000 1627.69000 106.08000 15.97300 84.85900
15 7 21 14 51 26953.60000 36.83900000 1628.32000 106.08000 15.97300 84.85900
15 7 21 14 51 26956.40000 36.83900000 1630.17000 106.08000 15.97300 84.85900
15 7 21 14 51 26954.60000 36.83900000 1630.17000 106.08000 15.97300 84.85900
15 7 21 14 52 26958.50000 36.85600000 1630.17000 106.23000 15.97300 84.85900
15 7 21 14 52 26958.40000 36.85600000 1629.70000 106.19000 15.97300 84.85900
15 7 21 14 53 26954.30000 36.85600000 1629.77000 106.21000 15.97300 84.85900
15 7 21 14 53 26946.30000 36.85600000 1629.77000 106.22000 15.97300 84.85900
15 7 21 14 54 26950.90000 36.93400000 1629.77000 106.22000 15.97300 84.85900
15 7 21 14 54 26952.70000 36.93400000 1629.81000 106.22000 15.97300 84.85900
15 7 21 14 54 26953.40000 36.93400000 1630.06000 106.22000 15.97300 84.85900
15 7 21 14 55 26953.30000 36.93400000 1629.77000 106.10000 15.97300 84.85900
15 7 21 14 55 26933.20000 36.93400000 1629.76000 106.10000 15.97300 84.85900
15 7 21 14 56 26935.90000 36.93400000 1626.99000 106.12000 15.97300 84.85900
15 7 21 14 56 26930.10000 36.93400000 1626.99000 106.06000 15.97300 84.85900
15 7 21 14 57 26930.10000 36.93400000 1626.99000 106.06000 15.97300 84.85900
15 7 21 14 57 26904.50000 36.93400000 1626.90000 106.06000 15.97300 84.85900
15 7 21 14 57 26900.00000 36.93400000 1625.01000 106.06000 15.97300 84.85900
15 7 21 14 58 26905.30000 36.93400000 1625.00000 106.06000 15.97300 84.85900
15 7 21 14 58 26904.20000 36.93400000 1625.01000 106.06000 15.97300 84.85900
15 7 21 14 59 26900.00000 36.93400000 1624.94000 106.06000 15.97300 84.85900
15 7 21 14 59 26900.10000 36.93400000 1624.95000 106.06000 15.97300 84.85900
15 7 21 15 00 26900.00000 36.93400000 1623.33000 105.78000 15.97300 84.85900
15 7 21 15 00 26877.00000 36.93400000 1621.60000 105.77000 15.97300 84.85900
15 7 21 15 00 26873.20000 36.93400000 1621.60000 105.65000 15.97300 84.85900
15 7 21 15 01 26895.90000 36.93400000 1623.27000 105.83000 15.97300 84.85900
15 7 21 15 01 26890.70000 36.93400000 1623.03000 105.86000 15.97300 84.85900
15 7 21 15 02 26909.60000 36.90000000 1625.86000 106.06000 15.97300 84.64800
15 7 21 15 02 26905.20000 36.90000000 1624.68000 106.04000 15.97300 84.64800
15 7 21 15 03 26911.70000 36.90000000 1625.45000 106.08000 15.97300 84.64800
15 7 21 15 03 26880.30000 36.90000000 1623.01000 106.08000 15.97300 84.64800
15 7 21 15 03 26873.40000 36.90000000 1621.43000 105.85000 15.97300 84.64800
15 7 21 15 04 26864.10000 36.90000000 1622.61000 105.85000 15.97300 84.64800
15 7 21 15 04 26865.80000 36.90000000 1621.49000 105.85000 15.97300 84.64800
15 7 21 15 05 26853.90000 36.90000000 1621.42000 105.75000 15.97300 84.64800
15 7 21 15 05 26858.10000 36.90000000 1622.31000 105.75000 15.97300 84.64800
15 7 21 15 06 26866.50000 36.90000000 1622.08000 105.87000 15.97300 84.64800
15 7 21 15 06 26873.10000 36.90000000 1622.65000 105.89000 15.97300 84.64800
15 7 21 15 06 26876.40000 36.90000000 1623.42000 105.90000 15.97300 84.64800
15 7 21 15 07 26882.50000 36.90000000 1622.89000 105.90000 15.97300 84.64800
15 7 21 15 07 26883.50000 36.90000000 1624.51000 105.90000 15.97300 84.64800
15 7 21 15 08 26875.70000 36.90000000 1624.26000 105.90000 15.97300 84.64800
15 7 21 15 08 26879.00000 36.90000000 1624.43000 106.00000 15.97300 84.64800
15 7 21 15 09 26879.00000 36.90000000 1625.22000 106.09000 15.97300 84.64800
15 7 21 15 09 26869.60000 36.90000000 1624.69000 106.07000 15.97300 84.64800
15 7 21 15 09 26876.40000 36.90000000 1622.86000 106.02000 15.97300 84.64800
15 7 21 15 10 26869.50000 36.90000000 1622.97000 106.01000 15.97300 84.64800
15 7 21 15 10 26869.80000 36.90000000 1623.76000 106.02000 15.97300 84.64800
15 7 21 15 11 26887.10000 36.90000000 1623.76000 106.28000 15.97300 84.90500
15 7 21 15 11 26898.10000 36.90000000 1626.50000 106.46000 15.97300 84.90500
15 7 21 15 12 26911.10000 36.90000000 1628.80000 106.39000 15.97300 84.90500
15 7 21 15 12 26914.80000 36.90000000 1627.69000 106.39000 15.97300 84.90500
15 7 21 15 13 26914.70000 36.90000000 1629.06000 106.42000 15.97300 84.90500
15 7 21 15 13 26915.70000 36.90000000 1628.89000 106.42000 15.97300 84.90500
15 7 21 15 13 26913.30000 36.90000000 1628.53000 106.42000 15.97300 84.90500
15 7 21 15 14 26913.30000 36.90000000 1629.34000 106.42000 15.97300 84.90500
15 7 21 15 14 26912.80000 36.90000000 1629.52000 106.42000 15.97300 84.90500
15 7 21 15 15 26913.30000 36.90000000 1627.49000 106.42000 15.97300 84.90500
15 7 21 15 15 26892.90000 36.90000000 1627.48000 106.15000 15.97300 84.90500
15 7 21 15 16 26892.90000 36.90000000 1627.07000 106.15000 15.97300 84.90500
15 7 21 15 16 26892.90000 36.90000000 1627.07000 106.15000 15.97300 84.90500
15 7 21 15 16 26892.90000 36.90000000 1626.78000 106.15000 15.97300 84.90500
15 7 21 15 17 26892.90000 36.90000000 1628.33000 106.23000 15.97300 84.90500
15 7 21 15 17 26913.10000 36.90000000 1629.16000 106.23000 15.97300 84.90500
15 7 21 15 18 26913.20000 36.90000000 1629.00000 106.23000 15.97300 84.90500
15 7 21 15 18 26917.20000 36.90000000 1627.71000 106.23000 15.97300 84.90500
15 7 21 15 19 26922.00000 36.90000000 1627.71000 106.24000 15.97300 84.90500
15 7 21 15 19 26935.60000 36.90000000 1629.98000 106.24000 15.97300 84.90500
15 7 21 15 19 26939.70000 36.90000000 1632.95000 106.24000 15.97300 84.90500
15 7 21 15 20 26936.30000 36.90000000 1632.22000 106.24000 15.97300 84.90500
15 7 21 15 20 26936.30000 36.90000000 1632.34000 106.24000 15.97300 84.90500
15 7 21 15 21 26941.10000 36.90000000 1632.34000 106.24000 15.97300 84.90500
15 7 21 15 21 26942.70000 36.90000000 1632.34000 106.36000 15.97300 84.90500
15 7 21 15 22 26940.00000 36.90000000 1632.39000 106.30000 15.97300 84.90500
15 7 21 15 22 26940.30000 36.90000000 1633.68000 106.30000 15.97300 84.90500
15 7 21 15 22 26941.90000 36.90000000 1632.42000 106.33000 15.97300 84.90500
15 7 21 15 23 26947.00000 36.97500000 1632.00000 106.33000 15.97300 84.90500
15 7 21 15 23 26941.80000 36.97500000 1632.00000 106.41000 15.97300 84.90500
15 7 21 15 24 26942.00000 36.97500000 1630.47000 106.40000 15.97300 84.90500
15 7 21 15 24 26945.80000 36.97500000 1631.53000 106.40000 15.97300 84.90500
15 7 21 15 25 26945.90000 36.97500000 1632.00000 106.40000 15.97300 84.90500
15 7 21 15 25 26955.20000 36.97500000 1632.00000 106.47000 15.97300 84.90500
15 7 21 15 25 26947.90000 36.97500000 1633.60000 106.47000 15.97300 84.90500
15 7 21 15 26 26947.80000 36.97500000 1633.60000 106.39000 15.97300 84.90500
15 7 21 15 26 26940.20000 36.97500000 1629.89000 106.40000 15.97300 84.90500
15 7 21 15 27 26940.30000 36.97500000 1629.88000 106.40000 15.97300 84.90500
15 7 21 15 27 26940.20000 36.97500000 1629.88000 106.40000 15.97300 84.90500
15 7 21 15 28 26940.00000 36.97500000 1630.10000 106.40000 15.92100 84.90500
15 7 21 15 28 26940.00000 36.97500000 1630.10000 106.40000 15.92100 84.90500
15 7 21 15 28 26917.30000 36.97500000 1629.32000 106.39000 15.92100 84.90500
15 7 21 15 29 26925.40000 36.97500000 1629.67000 106.39000 15.92100 84.90500
15 7 21 15 29 26927.60000 36.97500000 1629.39000 106.39000 15.92100 84.90500
