M=[
31 7 21 05 28 35016.70000 42.54400000 2055.18000 121.58000 22.65700 92.48100
31 7 21 05 28 35015.20000 42.54400000 2055.88000 121.58000 22.65700 92.48100
31 7 21 05 29 34971.50000 42.46100000 2050.58000 121.48000 22.65700 92.48100
31 7 21 05 29 34924.10000 42.46100000 2048.21000 121.26000 22.65700 92.48100
31 7 21 05 30 34903.90000 42.46100000 2048.48000 121.26000 22.65700 92.38000
31 7 21 05 30 34925.80000 42.46100000 2048.48000 121.02000 22.65700 92.38000
31 7 21 05 30 34847.90000 42.26100000 2046.90000 121.04000 22.65700 92.38000
31 7 21 05 31 34840.50000 42.26100000 2043.35000 120.87000 22.65700 92.38000
31 7 21 05 31 34840.50000 41.85300000 2042.15000 120.87000 22.65700 92.38000
31 7 21 05 32 34738.10000 41.98900000 2041.37000 120.31000 22.65700 92.38000
31 7 21 05 32 34800.00000 41.98900000 2044.71000 120.31000 22.65700 92.38000
31 7 21 05 33 34800.00000 41.98900000 2045.91000 120.31000 22.65700 92.38000
31 7 21 05 33 34869.90000 41.98900000 2047.63000 120.66000 22.65700 92.38000
31 7 21 05 33 34806.90000 41.98900000 2048.27000 120.52000 22.64500 92.38000
31 7 21 05 34 34806.60000 41.98900000 2048.28000 120.45000 22.64500 92.38000
31 7 21 05 34 34802.40000 41.98900000 2048.28000 120.49000 22.64500 92.38000
31 7 21 05 35 34813.10000 41.98900000 2048.05000 120.49000 22.64500 92.38000
31 7 21 05 35 34876.30000 41.98900000 2050.00000 120.49000 22.64500 92.38000
31 7 21 05 36 34883.10000 41.98900000 2051.21000 120.49000 22.64500 92.53300
31 7 21 05 36 34898.00000 42.26700000 2051.37000 120.49000 22.64500 92.53300
31 7 21 05 36 34903.40000 42.26700000 2051.94000 120.49000 22.64500 92.53300
31 7 21 05 37 34883.60000 42.26700000 2051.94000 120.49000 22.64500 92.53300
31 7 21 05 37 34883.60000 42.26700000 2051.94000 120.49000 22.64500 92.53300
31 7 21 05 38 34963.00000 42.26700000 2051.94000 120.49000 22.64500 92.53300
31 7 21 05 38 34965.90000 42.26700000 2051.94000 120.49000 22.64500 92.53300
31 7 21 05 39 34957.10000 42.26700000 2053.05000 120.80000 22.64500 92.53300
31 7 21 05 39 34935.90000 42.26700000 2051.91000 120.80000 22.64500 92.53300
31 7 21 05 39 34931.10000 42.26700000 2049.90000 120.80000 22.64500 92.53300
31 7 21 05 40 34920.90000 42.26700000 2049.90000 120.80000 22.64500 92.53300
31 7 21 05 40 34943.80000 42.26700000 2049.24000 120.80000 22.64500 92.53300
31 7 21 05 41 34955.00000 42.26700000 2048.96000 120.66000 22.64500 92.53300
31 7 21 05 41 34940.30000 42.26700000 2047.99000 120.66000 22.64500 92.53300
31 7 21 05 42 34930.40000 42.26700000 2046.23000 120.66000 22.64500 92.53300
31 7 21 05 42 34927.80000 42.26700000 2045.98000 120.66000 22.64500 92.53300
31 7 21 05 42 34925.80000 42.26700000 2045.98000 120.66000 22.64500 92.53300
31 7 21 05 43 34923.70000 42.26700000 2044.16000 120.50000 22.64500 92.53300
31 7 21 05 43 34900.10000 42.26700000 2044.16000 120.50000 22.64500 92.53300
31 7 21 05 44 34900.10000 42.26700000 2042.20000 120.50000 22.64500 92.53300
31 7 21 05 44 34903.50000 42.26700000 2042.20000 120.50000 22.64500 92.53300
31 7 21 05 45 34900.00000 42.26700000 2042.20000 120.50000 22.64500 92.53300
31 7 21 05 45 34915.00000 42.26700000 2045.96000 120.72000 22.64500 92.56200
31 7 21 05 46 34976.40000 42.26700000 2047.46000 120.72000 22.64500 92.67000
31 7 21 05 46 34943.40000 42.26700000 2048.00000 120.72000 22.64500 92.67000
31 7 21 05 46 34934.10000 42.26700000 2046.36000 120.72000 22.64500 92.67000
31 7 21 05 47 34932.80000 42.26700000 2046.79000 120.72000 22.64500 92.67000
31 7 21 05 47 34936.70000 42.26700000 2046.06000 120.72000 22.64500 92.67000
31 7 21 05 48 34949.70000 42.26700000 2046.86000 120.72000 22.64500 92.66300
31 7 21 05 48 34943.50000 42.26700000 2046.86000 120.68000 22.64500 92.66300
31 7 21 05 49 34935.00000 42.26700000 2044.68000 120.68000 22.64500 92.66300
31 7 21 05 49 34935.00000 42.26700000 2044.68000 120.68000 22.64500 92.66300
31 7 21 05 49 34865.10000 42.26700000 2042.21000 120.29000 22.64500 92.66300
31 7 21 05 50 34843.50000 42.26700000 2041.80000 120.32000 22.64500 92.66300
31 7 21 05 50 34818.40000 42.26700000 2041.80000 120.26000 22.64500 92.66300
31 7 21 05 51 34818.30000 42.26700000 2040.00000 120.15000 22.64500 92.66300
31 7 21 05 51 34820.00000 42.26700000 2039.99000 120.15000 22.64500 92.66300
31 7 21 05 52 34850.00000 42.26700000 2042.05000 120.34000 22.64500 92.66300
31 7 21 05 52 34877.60000 42.26700000 2043.13000 120.43000 22.64500 92.66300
31 7 21 05 52 34863.80000 42.26700000 2043.15000 120.43000 22.64500 92.66300
31 7 21 05 53 34886.20000 42.26700000 2043.62000 120.43000 22.64500 92.66300
31 7 21 05 53 34885.00000 42.25700000 2044.07000 120.43000 22.64500 92.66300
31 7 21 05 54 34889.00000 42.21900000 2044.96000 120.38000 22.64500 92.66300
31 7 21 05 54 34885.00000 42.21900000 2044.98000 120.38000 22.64500 92.66300
31 7 21 05 55 34961.70000 42.21900000 2047.12000 120.39000 22.64500 92.66300
31 7 21 05 55 34990.70000 42.21900000 2047.99000 120.39000 22.64500 92.66300
31 7 21 05 55 34967.00000 42.21900000 2046.72000 120.31000 22.64500 92.66300
31 7 21 05 56 35003.80000 42.32800000 2049.70000 120.31000 22.64500 92.83600
31 7 21 05 56 34996.40000 42.32800000 2049.99000 120.31000 22.64500 92.83600
31 7 21 05 57 35055.70000 42.39900000 2050.00000 120.31000 22.64500 92.83600
31 7 21 05 57 35074.80000 42.39900000 2053.67000 120.31000 22.64500 92.83600
31 7 21 05 58 35128.40000 42.39900000 2054.51000 120.31000 22.64500 93.03600
31 7 21 05 58 35128.50000 42.50800000 2055.27000 120.31000 22.64500 93.03600
31 7 21 05 58 35128.50000 42.50800000 2051.95000 120.31000 22.64500 93.03600
31 7 21 05 59 35100.00000 42.50800000 2051.95000 120.31000 22.64500 93.03600
31 7 21 06 00 35100.30000 42.50800000 2051.94000 120.31000 22.64500 93.03600
31 7 21 06 00 35100.10000 42.50800000 2050.89000 120.31000 22.64500 93.03600
31 7 21 06 01 35057.90000 42.50800000 2050.89000 120.31000 22.64500 93.03600
31 7 21 06 01 35057.60000 42.50800000 2050.89000 120.31000 22.61000 93.03600
31 7 21 06 02 35040.60000 42.50800000 2049.71000 120.50000 22.61000 93.03600
31 7 21 06 02 35037.60000 42.50800000 2049.71000 120.50000 22.61000 93.03600
31 7 21 06 03 35022.60000 42.50800000 2049.71000 120.50000 22.61000 93.03600
31 7 21 06 03 35014.30000 42.50800000 2049.71000 120.50000 22.61000 93.03600
31 7 21 06 03 35029.00000 42.50800000 2051.40000 120.59000 22.61000 93.03600
31 7 21 06 04 35031.00000 42.50800000 2051.32000 120.59000 22.61000 93.03600
31 7 21 06 04 35018.00000 42.50800000 2051.32000 120.59000 22.61000 93.03600
31 7 21 06 05 35010.00000 42.50800000 2051.32000 120.59000 22.61000 93.03600
31 7 21 06 05 35028.90000 42.50800000 2051.33000 120.59000 22.61000 93.17100
31 7 21 06 06 35012.50000 42.50800000 2051.33000 120.59000 22.61000 93.17100
31 7 21 06 06 35026.10000 42.50800000 2051.33000 120.59000 22.61000 93.17100
31 7 21 06 07 35026.00000 42.50800000 2051.33000 120.60000 22.61000 93.17100
31 7 21 06 07 35015.30000 42.50800000 2051.33000 120.56000 22.61000 93.17100
31 7 21 06 07 35029.80000 42.50800000 2051.33000 120.60000 22.61000 93.17100
31 7 21 06 08 35013.20000 42.50800000 2051.33000 120.60000 22.61000 93.17100
31 7 21 06 08 35008.60000 42.50800000 2051.33000 120.60000 22.61000 93.41100
31 7 21 06 09 35024.40000 42.50800000 2051.33000 120.60000 22.61000 93.41100
31 7 21 06 09 35002.00000 42.50800000 2051.07000 120.60000 22.61000 93.41100
31 7 21 06 10 35005.90000 42.50800000 2051.30000 120.62000 22.61000 93.41100
31 7 21 06 10 35005.70000 42.50800000 2051.32000 120.62000 22.61000 93.41100
31 7 21 06 10 35026.70000 42.50800000 2051.32000 120.62000 22.61000 93.41100
31 7 21 06 11 35013.90000 42.50800000 2051.33000 120.62000 22.61000 93.41100
31 7 21 06 11 35011.10000 42.50800000 2051.33000 120.64000 22.61000 93.41100
31 7 21 06 12 35011.00000 42.50800000 2051.33000 120.64000 22.61000 93.41100
31 7 21 06 12 35006.30000 42.50800000 2051.67000 120.62000 22.61000 93.41100
31 7 21 06 13 35007.50000 42.50800000 2051.69000 120.62000 22.61000 93.41100
