M=[
18 11 20 14 23 15099.90000 5.11700000 401.02000 60.12000 13.58100 53.28000
18 11 20 14 23 15110.90000 5.11700000 401.41000 60.15000 13.58100 53.28000
18 11 20 14 24 15120.00000 5.11700000 401.31000 60.20000 13.58100 53.28000
18 11 20 14 24 15113.60000 5.11700000 401.30000 60.20000 13.58100 53.28000
18 11 20 14 25 15120.00000 5.11700000 401.34000 60.20000 13.58100 53.28000
18 11 20 14 25 15120.00000 5.11700000 401.50000 60.20000 13.58100 53.28000
18 11 20 14 25 15113.70000 5.11700000 401.51000 60.23000 13.58100 53.28000
18 11 20 14 26 15107.00000 5.11700000 401.04000 60.23000 13.58100 53.28000
18 11 20 14 26 15104.20000 5.11700000 400.87000 60.14000 13.58100 53.28000
18 11 20 14 27 15098.10000 5.11700000 400.72000 59.93000 13.58100 53.28000
18 11 20 14 27 15086.00000 5.11700000 400.72000 59.90000 13.58100 53.28000
18 11 20 14 28 15094.20000 5.11700000 400.72000 59.91000 13.58100 53.28000
18 11 20 14 28 15095.10000 5.11700000 400.82000 59.84000 13.58100 53.28000
18 11 20 14 28 15081.30000 5.11700000 400.55000 59.78000 13.58100 53.28000
18 11 20 14 29 15080.50000 5.11700000 400.55000 59.78000 13.58100 53.28000
18 11 20 14 29 15067.00000 5.08300000 400.01000 59.82000 13.58100 53.28000
18 11 20 14 30 15074.00000 5.07800000 400.01000 59.83000 13.58100 53.28000
18 11 20 14 30 15081.10000 5.07800000 400.32000 59.83000 13.58100 53.28000
18 11 20 14 30 15075.10000 5.07800000 400.41000 59.87000 13.58100 53.28000
18 11 20 14 31 15074.00000 5.07800000 400.00000 59.87000 13.58100 53.28000
18 11 20 14 31 15054.80000 5.07800000 400.00000 59.84000 13.58100 53.28000
18 11 20 14 32 15041.30000 5.06600000 399.31000 59.83000 13.58100 53.28000
18 11 20 14 32 15029.70000 5.06600000 399.20000 59.73000 13.58100 52.99000
18 11 20 14 33 15030.00000 5.06600000 399.21000 59.68000 13.58100 52.99000
18 11 20 14 33 15023.40000 5.04700000 399.21000 59.65000 13.58100 52.99000
18 11 20 14 33 15000.10000 5.02000000 397.94000 59.59000 13.58000 52.70000
18 11 20 14 34 15021.00000 5.04500000 398.54000 59.59000 13.58000 52.70000
18 11 20 14 34 15018.10000 5.04500000 398.72000 59.64000 13.58000 52.73900
18 11 20 14 35 15020.00000 5.04500000 399.05000 59.64000 13.58000 52.78200
18 11 20 14 35 15018.40000 5.04500000 398.79000 59.76000 13.58000 52.78200
18 11 20 14 36 15000.00000 5.02000000 398.51000 59.61000 13.58000 52.78200
18 11 20 14 36 14991.40000 5.01900000 398.28000 59.58000 13.58000 52.78200
18 11 20 14 36 15020.00000 5.00500000 398.96000 59.71000 13.58000 52.78200
18 11 20 14 37 15020.00000 5.00500000 398.92000 59.77000 13.58000 52.78200
18 11 20 14 37 15020.00000 5.00500000 398.72000 59.77000 13.58000 52.78200
18 11 20 14 38 15011.50000 5.00500000 398.74000 59.71000 13.58000 52.78200
18 11 20 14 38 15019.70000 5.00500000 398.74000 59.71000 13.58000 52.78200
18 11 20 14 39 15019.80000 5.00500000 398.78000 59.77000 13.58000 52.78200
18 11 20 14 39 15020.00000 5.00500000 398.75000 59.77000 13.58000 52.78200
18 11 20 14 39 15031.00000 5.00500000 398.75000 59.77000 13.58000 52.78000
18 11 20 14 40 15029.40000 5.00500000 399.15000 59.88000 13.58000 52.78000
18 11 20 14 40 15020.10000 5.00500000 399.15000 59.79000 13.58000 52.78000
18 11 20 14 41 15020.00000 5.00500000 398.50000 59.78000 13.58000 52.85900
18 11 20 14 41 15020.10000 5.00500000 398.51000 59.78000 13.58000 52.85900
18 11 20 14 42 15020.00000 5.00500000 398.61000 59.78000 13.58000 52.84500
18 11 20 14 42 15020.10000 5.00500000 399.10000 59.77000 13.58000 52.84500
18 11 20 14 42 15020.00000 5.00500000 398.81000 59.77000 13.58000 52.84500
18 11 20 14 43 15025.00000 5.00500000 398.93000 59.88000 13.58000 52.84500
18 11 20 14 43 15032.00000 5.00500000 398.75000 59.83000 13.58000 52.84500
18 11 20 14 44 15049.00000 5.00500000 399.40000 59.83000 13.58200 52.84500
18 11 20 14 44 15050.00000 5.00500000 399.50000 59.96000 13.58200 52.84500
18 11 20 14 45 15049.90000 5.00500000 399.43000 59.94000 13.58200 52.84500
18 11 20 14 45 15050.00000 5.02400000 399.59000 59.94000 13.58200 52.84500
18 11 20 14 45 15050.00000 5.02400000 399.65000 59.94000 13.58200 52.84500
18 11 20 14 46 15055.20000 5.02400000 399.63000 60.00000 13.58200 52.84500
18 11 20 14 46 15055.10000 5.02400000 399.75000 60.07000 13.58200 52.84500
18 11 20 14 47 15055.10000 5.05000000 399.92000 60.07000 13.58200 52.84500
18 11 20 14 47 15060.00000 5.05000000 399.92000 60.07000 13.58200 52.84500
18 11 20 14 48 15062.40000 5.05000000 400.34000 60.11000 13.58200 52.84500
18 11 20 14 48 15060.00000 5.05600000 400.12000 60.11000 13.58200 52.84500
18 11 20 14 48 15040.00000 5.05600000 400.07000 60.09000 13.58200 52.84500
18 11 20 14 49 15048.40000 5.05600000 399.89000 60.10000 13.58200 52.84500
18 11 20 14 49 15035.10000 5.05600000 399.33000 60.10000 13.58200 52.84500
18 11 20 14 50 15019.80000 5.04100000 399.59000 60.09000 13.58200 52.84500
18 11 20 14 50 15029.90000 5.04100000 399.56000 60.08000 13.63000 52.84500
18 11 20 14 51 15029.00000 5.04100000 399.68000 60.08000 13.63000 52.84500
18 11 20 14 51 15042.60000 5.01900000 399.68000 60.08000 13.63000 52.84500
18 11 20 14 51 15056.40000 5.01900000 400.17000 60.20000 13.63000 52.84500
18 11 20 14 52 15038.90000 5.01900000 400.17000 60.22000 13.63000 52.84500
18 11 20 14 52 15036.20000 5.01900000 399.74000 60.13000 13.63000 52.84500
18 11 20 14 53 15037.20000 5.01900000 399.58000 60.20000 13.63000 52.84500
18 11 20 14 53 15020.20000 5.01900000 399.19000 60.11000 13.63000 52.84500
18 11 20 14 54 15011.80000 5.01900000 398.77000 60.02000 13.63000 52.84500
18 11 20 14 54 15008.00000 5.01900000 398.77000 60.02000 13.63000 52.84500
18 11 20 14 54 15008.20000 5.01900000 398.92000 59.95000 13.63000 52.84500
18 11 20 14 55 15008.80000 5.01900000 398.79000 59.95000 13.63000 52.84500
18 11 20 14 55 15016.00000 5.01900000 398.79000 59.96000 13.63000 52.84500
18 11 20 14 56 15002.90000 5.01900000 398.79000 59.85000 13.63000 52.84500
18 11 20 14 56 14985.00000 5.01900000 398.61000 59.85000 13.63000 52.84500
18 11 20 14 57 14985.10000 5.01900000 398.50000 59.80000 13.63000 52.84500
18 11 20 14 57 14973.40000 4.99200000 398.22000 59.80000 13.63000 52.84500
18 11 20 14 57 14945.70000 4.97500000 397.65000 59.77000 13.63000 52.84500
18 11 20 14 58 14976.00000 4.97000000 398.34000 59.78000 13.63000 52.84500
18 11 20 14 58 14959.10000 4.97000000 398.10000 59.75000 13.63000 52.84500
18 11 20 14 59 14940.00000 4.97000000 397.06000 59.57000 13.63000 52.84500
18 11 20 14 59 14936.30000 4.92700000 397.00000 59.53000 13.63000 52.84500
18 11 20 15 00 14930.00000 4.94000000 397.00000 59.56000 13.63000 52.84500
18 11 20 15 00 14949.90000 4.92600000 397.38000 59.62000 13.63000 52.84500
18 11 20 15 00 14944.60000 4.92000000 397.18000 59.58000 13.63000 52.84500
18 11 20 15 01 14891.00000 4.90800000 396.06000 59.19000 13.63000 52.84500
18 11 20 15 01 14917.80000 4.90800000 396.79000 59.37000 13.63000 52.84500
18 11 20 15 02 14888.00000 4.90800000 396.02000 59.16000 13.63000 52.60000
18 11 20 15 02 14900.00000 4.90000000 396.07000 59.27000 13.63000 52.60000
18 11 20 15 03 14909.30000 4.87200000 396.74000 59.39000 13.63000 52.60000
18 11 20 15 03 14917.20000 4.87200000 396.33000 59.39000 13.63000 52.60000
18 11 20 15 03 14905.20000 4.87200000 396.00000 59.32000 13.63000 52.60000
18 11 20 15 04 14885.30000 4.87200000 396.00000 59.39000 13.63000 52.60000
18 11 20 15 04 14856.40000 4.87200000 395.20000 59.25000 13.63000 52.60000
18 11 20 15 05 14869.40000 4.87200000 395.67000 59.25000 13.63000 52.60000
18 11 20 15 05 14834.30000 4.87200000 394.48000 59.21000 13.63000 52.60000
18 11 20 15 06 14821.50000 4.90400000 394.46000 59.21000 13.63000 52.52400
18 11 20 15 06 14820.10000 4.89000000 394.00000 59.05000 13.63000 52.52400
18 11 20 15 06 14829.60000 4.88900000 394.73000 59.13000 13.63000 52.52400
18 11 20 15 07 14861.60000 4.88900000 395.00000 59.13000 13.63000 52.52400
18 11 20 15 07 14861.70000 4.88900000 395.59000 59.29000 13.63000 52.52400
18 11 20 15 08 14850.00000 4.88900000 395.19000 59.22000 13.63000 52.52400
