M=[
 5 4 21 02 16 49124.70000 12.89800000 1745.62000 170.29000 34.76400 161.47700
 5 4 21 02 16 49124.70000 12.89800000 1745.62000 170.29000 34.76400 161.47700
 5 4 21 02 17 49135.30000 12.85600000 1745.62000 170.29000 34.76400 161.47700
 5 4 21 02 17 49135.20000 12.86300000 1746.38000 170.29000 34.76400 161.47700
 5 4 21 02 18 49138.60000 12.91100000 1746.03000 170.29000 34.76400 161.47700
 5 4 21 02 18 49117.50000 12.84900000 1745.61000 170.61000 34.76400 161.47700
 5 4 21 02 19 49118.20000 12.84900000 1745.61000 170.61000 34.76400 161.05300
 5 4 21 02 19 49117.50000 12.84900000 1745.61000 170.60000 34.76400 161.05300
 5 4 21 02 19 49118.30000 12.84900000 1745.73000 170.60000 34.76400 161.05300
 5 4 21 02 20 49114.90000 12.84900000 1745.73000 170.77000 34.76400 161.05300
 5 4 21 02 20 49087.00000 12.84900000 1742.75000 170.77000 34.76400 161.05300
 5 4 21 02 21 49058.50000 12.84900000 1742.36000 170.35000 34.76400 160.78300
 5 4 21 02 21 49044.20000 12.84900000 1741.84000 170.35000 34.76400 160.78300
 5 4 21 02 22 49020.80000 12.84900000 1741.39000 170.21000 34.76400 160.56100
 5 4 21 02 22 49024.40000 12.84900000 1740.56000 170.21000 34.76400 160.56100
 5 4 21 02 22 49020.70000 12.76500000 1740.10000 170.21000 34.76400 160.56100
 5 4 21 02 23 49093.10000 12.78000000 1742.68000 170.21000 34.76400 160.56100
 5 4 21 02 23 49069.70000 12.78800000 1742.75000 170.58000 34.76400 160.56100
 5 4 21 02 24 49053.30000 12.78800000 1740.49000 170.23000 34.76400 160.56100
 5 4 21 02 24 49056.40000 12.78800000 1740.63000 170.23000 34.76400 160.56100
 5 4 21 02 25 49056.40000 12.78800000 1740.63000 170.23000 34.76400 160.56100
 5 4 21 02 25 49054.10000 12.76900000 1740.63000 170.23000 34.76400 160.56100
 5 4 21 02 25 49040.40000 12.76900000 1741.45000 170.23000 34.76400 160.56100
 5 4 21 02 26 49025.60000 12.76900000 1740.56000 170.24000 34.76400 160.18500
 5 4 21 02 26 49025.60000 12.67900000 1740.16000 170.24000 34.76400 160.18500
 5 4 21 02 27 49014.00000 12.67900000 1739.97000 170.24000 34.76400 160.18500
 5 4 21 02 27 49049.20000 12.67900000 1740.71000 170.37000 34.29500 160.18500
 5 4 21 02 28 49077.30000 12.71300000 1742.54000 170.37000 34.29500 160.18500
 5 4 21 02 28 49084.60000 12.74600000 1742.54000 170.37000 34.29500 160.18500
 5 4 21 02 28 49092.50000 12.74600000 1742.54000 170.37000 34.29500 159.97700
 5 4 21 02 29 49100.00000 12.74600000 1743.25000 170.73000 34.29500 159.76100
 5 4 21 02 29 49100.40000 12.72600000 1743.88000 170.73000 34.29500 159.76100
 5 4 21 02 30 49072.20000 12.72600000 1742.81000 170.75000 34.29500 159.76100
 5 4 21 02 30 49061.60000 12.72600000 1742.81000 170.75000 34.29500 159.76100
 5 4 21 02 31 49069.40000 12.72600000 1742.81000 170.75000 34.29500 159.76100
 5 4 21 02 31 49092.40000 12.67600000 1742.96000 170.75000 34.29500 159.76100
 5 4 21 02 31 49128.90000 12.72200000 1742.96000 170.89000 34.29500 159.76100
 5 4 21 02 32 49140.10000 12.72200000 1742.96000 171.22000 34.29500 159.76100
 5 4 21 02 32 49134.60000 12.75300000 1745.28000 171.22000 34.29500 159.76100
 5 4 21 02 33 49185.70000 12.83500000 1745.01000 171.27000 34.29500 159.76100
 5 4 21 02 33 49177.20000 12.83500000 1745.29000 171.29000 34.29500 159.76100
 5 4 21 02 34 49177.20000 12.81200000 1745.81000 171.35000 34.29500 159.76100
 5 4 21 02 34 49139.50000 12.81200000 1745.81000 171.35000 34.29500 159.76100
 5 4 21 02 34 49157.90000 12.81200000 1745.81000 171.36000 34.29500 159.76100
 5 4 21 02 35 49142.60000 12.81200000 1745.81000 171.36000 34.43500 159.76100
 5 4 21 02 35 49140.20000 12.81200000 1745.81000 171.92000 34.43500 159.76100
 5 4 21 02 36 49137.00000 12.81200000 1745.81000 171.92000 34.43500 159.76100
 5 4 21 02 36 49139.90000 12.81200000 1743.00000 171.92000 34.43500 159.76100
 5 4 21 02 37 49142.20000 12.81200000 1743.00000 172.04000 34.43500 159.76100
 5 4 21 02 37 49157.80000 12.81200000 1743.00000 172.82000 34.43500 159.76100
 5 4 21 02 37 49132.50000 12.75800000 1743.00000 172.82000 34.43500 159.76100
 5 4 21 02 38 49145.40000 12.75800000 1743.00000 172.82000 34.43500 159.76100
 5 4 21 02 38 49136.40000 12.75800000 1743.00000 173.01000 34.43500 159.76100
 5 4 21 02 39 49131.30000 12.75800000 1743.00000 173.08000 34.43500 159.76100
 5 4 21 02 39 49131.70000 12.75800000 1743.00000 173.42000 34.43500 159.76100
 5 4 21 02 40 49136.50000 12.76700000 1744.43000 174.12000 34.43500 159.76100
 5 4 21 02 40 49162.90000 12.78100000 1744.86000 174.46000 34.48200 159.76100
 5 4 21 02 40 49171.10000 12.78100000 1744.86000 174.46000 34.48200 159.76100
 5 4 21 02 41 49186.40000 12.84200000 1744.86000 174.83000 34.48200 159.76100
 5 4 21 02 41 49173.20000 12.80700000 1744.86000 174.83000 34.48200 159.76100
 5 4 21 02 42 49166.80000 12.80700000 1744.86000 174.41000 34.48200 159.76100
 5 4 21 02 42 49145.00000 12.80700000 1744.86000 174.40000 34.48200 159.76100
 5 4 21 02 43 49142.30000 12.80700000 1744.86000 174.67000 34.48200 160.45400
 5 4 21 02 43 49142.40000 12.80700000 1745.61000 175.21000 34.48200 160.45400
 5 4 21 02 43 49131.30000 12.79400000 1745.61000 175.62000 34.48200 160.45400
 5 4 21 02 44 49139.30000 12.78400000 1745.61000 175.80000 34.48200 160.45400
 5 4 21 02 44 49141.00000 12.78400000 1744.33000 175.70000 34.48200 160.45400
 5 4 21 02 45 49139.00000 12.78400000 1744.02000 175.83000 34.48200 160.60000
 5 4 21 02 45 49137.80000 12.78400000 1744.02000 176.00000 34.48200 160.60000
 5 4 21 02 46 49124.80000 12.78400000 1744.02000 176.00000 34.48200 160.60000
 5 4 21 02 46 49126.10000 12.78400000 1744.02000 176.20000 34.48200 160.60000
 5 4 21 02 46 49126.40000 12.78400000 1744.02000 176.19000 34.48200 160.60000
 5 4 21 02 47 49126.50000 12.78400000 1744.02000 176.31000 34.48200 160.60000
 5 4 21 02 47 49126.40000 12.71900000 1744.02000 176.14000 34.48200 160.28300
 5 4 21 02 48 49096.10000 12.73300000 1744.02000 175.53000 34.48200 160.28300
 5 4 21 02 48 49089.30000 12.73300000 1744.02000 175.14000 34.48200 160.28300
 5 4 21 02 49 49085.50000 12.73300000 1744.03000 175.65000 34.48200 160.28300
 5 4 21 02 49 49091.70000 12.73300000 1744.03000 175.14000 34.48200 160.28300
 5 4 21 02 49 49078.10000 12.73300000 1743.07000 174.63000 34.48200 160.28300
 5 4 21 02 50 49082.20000 12.73300000 1743.07000 175.06000 34.48200 160.28300
 5 4 21 02 50 49069.30000 12.73300000 1743.07000 175.11000 34.48200 160.28300
 5 4 21 02 51 49073.50000 12.73300000 1743.07000 175.41000 34.48200 160.28300
 5 4 21 02 51 49075.00000 12.73300000 1743.07000 175.43000 34.48200 160.28300
 5 4 21 02 52 49066.10000 12.73300000 1743.07000 175.79000 34.48200 160.28300
 5 4 21 02 52 49064.10000 12.73300000 1743.00000 175.61000 34.48200 160.28300
 5 4 21 02 52 49066.10000 12.73300000 1743.00000 175.57000 34.48200 160.28300
 5 4 21 02 53 49078.90000 12.73300000 1743.01000 175.63000 34.48200 160.28300
 5 4 21 02 53 49069.70000 12.70100000 1743.01000 175.69000 34.48200 160.28300
 5 4 21 02 54 49074.10000 12.70100000 1743.00000 175.69000 34.48200 160.28300
 5 4 21 02 54 49074.10000 12.70100000 1743.00000 175.69000 34.48200 160.28300
 5 4 21 02 55 49074.10000 12.70100000 1743.00000 175.18000 34.48200 160.08200
 5 4 21 02 55 49063.60000 12.68100000 1740.03000 175.18000 34.48200 160.08200
 5 4 21 02 55 49025.30000 12.60800000 1740.03000 175.12000 34.48200 160.08200
 5 4 21 02 56 49039.60000 12.59800000 1740.03000 174.95000 34.48200 160.08200
 5 4 21 02 56 49068.30000 12.59800000 1741.51000 174.95000 34.48200 160.08200
 5 4 21 02 57 49062.00000 12.59800000 1741.51000 174.95000 34.46400 160.08200
 5 4 21 02 57 49086.50000 12.59800000 1741.89000 174.95000 34.46400 160.08200
 5 4 21 02 58 49101.40000 12.59800000 1742.01000 174.95000 34.46400 160.40400
 5 4 21 02 58 49098.60000 12.59800000 1742.01000 174.95000 34.46400 160.40400
 5 4 21 02 58 49101.40000 12.59800000 1742.01000 175.76000 34.46400 160.40400
 5 4 21 02 59 49110.60000 12.59800000 1742.43000 176.15000 34.46400 160.40400
 5 4 21 02 59 49087.60000 12.59800000 1741.34000 176.15000 34.46400 160.40400
