M=[
 9 7 21 07 30 27812.30000 41.94800000 1792.70000 110.71000 17.04700 92.16700
 9 7 21 07 31 27807.10000 41.94800000 1792.91000 110.71000 17.04700 92.16700
 9 7 21 07 31 27806.50000 41.94800000 1791.63000 110.58000 17.04700 91.98900
 9 7 21 07 32 27800.20000 41.94800000 1792.18000 110.58000 17.04700 91.98900
 9 7 21 07 32 27801.80000 41.96100000 1792.27000 110.58000 17.04700 91.98900
 9 7 21 07 33 27800.20000 41.96100000 1790.56000 110.52000 17.04700 91.98900
 9 7 21 07 33 27795.40000 41.96100000 1790.60000 110.43000 17.04700 91.89900
 9 7 21 07 33 27768.20000 41.96100000 1789.84000 110.43000 17.04700 91.89900
 9 7 21 07 34 27775.90000 41.96100000 1790.38000 110.48000 17.04700 91.89900
 9 7 21 07 34 27778.60000 41.96100000 1790.38000 110.48000 17.04700 91.89900
 9 7 21 07 35 27780.80000 41.96100000 1790.35000 110.48000 17.04700 91.89900
 9 7 21 07 35 27781.50000 41.96100000 1789.95000 110.48000 17.04700 91.89900
 9 7 21 07 36 27793.30000 41.96100000 1790.23000 110.48000 17.04000 91.89900
 9 7 21 07 36 27800.40000 41.96100000 1790.80000 110.63000 17.04000 91.89900
 9 7 21 07 36 27822.60000 41.96100000 1791.18000 110.64000 17.04000 91.89900
 9 7 21 07 37 27825.20000 41.96100000 1791.84000 110.64000 17.04000 91.89900
 9 7 21 07 37 27831.00000 41.96100000 1792.04000 110.64000 17.04000 91.89900
 9 7 21 07 38 27813.40000 41.96100000 1792.05000 110.64000 17.04000 91.89900
 9 7 21 07 38 27805.70000 41.96100000 1791.48000 110.64000 17.04000 91.89900
 9 7 21 07 39 27805.20000 41.96100000 1791.48000 110.64000 17.04000 91.89900
 9 7 21 07 39 27805.20000 41.96100000 1789.67000 110.64000 17.04000 91.89900
 9 7 21 07 39 27805.20000 41.96100000 1789.66000 110.64000 17.04000 91.89900
 9 7 21 07 40 27805.60000 41.96100000 1789.66000 110.64000 17.04000 91.89900
 9 7 21 07 40 27827.80000 41.96100000 1789.66000 110.68000 17.04000 91.89900
 9 7 21 07 41 27827.80000 41.96100000 1791.39000 110.68000 17.04000 92.17400
 9 7 21 07 41 27825.10000 41.96100000 1790.34000 110.68000 17.04000 92.17400
 9 7 21 07 42 27832.60000 41.96100000 1791.15000 110.68000 17.04000 92.17400
 9 7 21 07 42 27827.20000 41.96100000 1789.36000 110.68000 17.04000 92.17400
 9 7 21 07 42 27825.10000 41.96100000 1789.93000 110.69000 17.04000 92.17400
 9 7 21 07 43 27836.00000 41.96100000 1791.27000 110.69000 17.04000 92.17400
 9 7 21 07 43 27834.80000 41.96100000 1791.27000 110.78000 17.04000 92.17400
 9 7 21 07 44 27836.10000 41.96100000 1792.17000 110.78000 17.04000 92.17400
 9 7 21 07 44 27853.00000 41.96100000 1792.50000 110.78000 17.04000 92.17400
 9 7 21 07 45 27853.10000 41.96100000 1794.23000 110.78000 17.04000 92.17400
 9 7 21 07 45 27853.10000 41.96100000 1794.23000 110.88000 17.04000 92.17400
 9 7 21 07 45 27853.10000 41.96100000 1794.05000 110.88000 17.04000 92.17400
 9 7 21 07 46 27834.00000 41.96100000 1794.06000 110.88000 17.04000 92.17400
 9 7 21 07 46 27833.90000 41.96100000 1793.65000 110.88000 17.04000 92.17400
 9 7 21 07 47 27833.90000 41.96100000 1793.69000 110.87000 17.04000 92.17400
 9 7 21 07 47 27837.60000 41.96100000 1794.57000 110.87000 17.04000 92.17400
 9 7 21 07 48 27808.60000 42.12800000 1793.83000 110.87000 17.04000 92.17400
 9 7 21 07 48 27815.10000 42.12800000 1793.83000 110.87000 17.04000 92.17400
 9 7 21 07 48 27815.30000 42.12800000 1795.17000 110.87000 17.04000 92.17400
 9 7 21 07 49 27818.40000 42.12800000 1795.65000 110.87000 17.04000 92.17400
 9 7 21 07 49 27818.40000 42.12800000 1795.21000 110.75000 17.04000 92.17400
 9 7 21 07 50 27818.90000 42.12800000 1795.91000 110.75000 17.04000 92.39400
 9 7 21 07 50 27818.90000 42.12800000 1795.66000 110.75000 17.04000 92.39400
 9 7 21 07 51 27806.70000 42.12800000 1795.65000 110.75000 17.04000 92.39400
 9 7 21 07 51 27808.30000 42.12800000 1795.30000 110.71000 17.04000 92.39400
 9 7 21 07 52 27805.00000 42.12800000 1794.51000 110.71000 17.04000 92.39400
 9 7 21 07 52 27790.20000 42.15500000 1794.51000 110.71000 17.04000 92.39400
 9 7 21 07 52 27790.40000 42.15500000 1793.15000 110.71000 17.04000 92.39400
 9 7 21 07 53 27788.70000 42.15000000 1792.60000 110.54000 17.04000 92.39400
 9 7 21 07 53 27799.10000 42.15000000 1791.59000 110.54000 17.04000 92.39400
 9 7 21 07 54 27794.90000 42.15000000 1792.97000 110.69000 17.04000 92.39400
 9 7 21 07 54 27788.80000 42.15000000 1792.97000 110.67000 17.04000 92.39400
 9 7 21 07 55 27793.30000 42.15000000 1792.97000 110.67000 17.04000 92.39400
 9 7 21 07 55 27790.40000 42.15000000 1792.97000 110.51000 17.04000 92.39400
 9 7 21 07 55 27790.50000 42.15000000 1792.10000 110.51000 17.04000 92.39400
 9 7 21 07 56 27790.50000 42.15000000 1792.09000 110.51000 17.04000 92.39400
 9 7 21 07 56 27790.50000 42.15000000 1791.25000 110.51000 17.04000 92.39400
 9 7 21 07 57 27788.10000 42.15000000 1790.01000 110.51000 17.04000 92.39400
 9 7 21 07 57 27788.20000 42.15000000 1790.79000 110.51000 17.04000 92.39400
 9 7 21 07 58 27788.10000 42.02600000 1790.79000 110.51000 17.04000 92.39400
 9 7 21 07 58 27788.20000 41.91800000 1790.31000 110.45000 17.04000 92.39400
 9 7 21 07 58 27788.10000 41.91800000 1790.31000 110.45000 17.04000 92.39400
 9 7 21 07 59 27788.10000 42.08700000 1790.31000 110.45000 17.04000 92.39400
 9 7 21 07 59 27789.00000 42.08700000 1792.61000 110.61000 17.04000 92.39400
 9 7 21 08 00 27798.00000 42.20800000 1796.92000 110.73000 17.04000 92.39400
 9 7 21 08 00 27798.00000 42.20800000 1795.35000 110.66000 17.04000 92.39400
 9 7 21 08 01 27798.00000 42.20800000 1795.35000 110.66000 17.04000 92.39400
 9 7 21 08 01 27798.00000 42.17200000 1793.48000 110.66000 17.04000 92.39400
 9 7 21 08 01 27764.90000 42.17200000 1791.97000 110.66000 17.04000 92.39400
 9 7 21 08 02 27733.00000 42.17200000 1788.55000 110.25000 17.04000 92.39400
 9 7 21 08 02 27715.10000 41.83300000 1789.21000 110.18000 17.04000 92.39400
 9 7 21 08 03 27720.70000 41.83300000 1787.94000 110.18000 17.04000 92.39400
 9 7 21 08 03 27750.70000 41.83300000 1789.81000 110.18000 17.04000 92.39400
 9 7 21 08 04 27737.00000 41.83300000 1787.57000 110.15000 17.04000 92.39400
 9 7 21 08 04 27710.70000 41.83300000 1787.01000 110.02000 17.04000 92.39400
 9 7 21 08 04 27717.40000 41.83300000 1787.01000 110.02000 17.04000 92.39400
 9 7 21 08 05 27708.00000 41.83300000 1785.00000 110.09000 17.04000 92.39400
 9 7 21 08 05 27711.10000 41.83300000 1787.05000 110.16000 17.04000 92.39400
 9 7 21 08 06 27718.60000 41.83300000 1788.57000 110.16000 17.04000 92.39400
 9 7 21 08 06 27707.90000 41.83300000 1787.03000 110.16000 17.04000 92.39400
 9 7 21 08 07 27670.90000 41.83300000 1781.31000 109.94000 17.04000 92.39400
 9 7 21 08 07 27641.50000 41.69400000 1780.22000 109.78000 17.04000 92.39400
 9 7 21 08 08 27645.90000 41.69400000 1781.95000 109.78000 17.04000 92.39400
 9 7 21 08 08 27648.30000 41.69400000 1780.57000 109.78000 17.04000 92.39400
 9 7 21 08 08 27635.60000 41.69100000 1776.51000 109.76000 17.04000 92.39400
 9 7 21 08 09 27645.80000 41.69100000 1777.55000 109.76000 17.04000 92.39400
 9 7 21 08 09 27644.60000 41.69100000 1778.82000 109.76000 17.04000 92.39400
 9 7 21 08 10 27643.30000 41.69100000 1778.82000 109.76000 17.04000 92.39400
 9 7 21 08 10 27630.20000 41.66400000 1777.34000 109.72000 17.04000 92.39400
 9 7 21 08 11 27653.00000 41.66400000 1777.46000 109.72000 17.04000 92.39400
 9 7 21 08 11 27683.70000 41.66400000 1781.39000 109.72000 17.04000 92.39400
 9 7 21 08 11 27683.60000 41.66400000 1781.38000 109.72000 17.04000 92.39400
 9 7 21 08 12 27665.40000 41.66400000 1780.11000 109.72000 17.04000 92.39400
 9 7 21 08 12 27677.10000 41.66400000 1779.93000 109.72000 17.04000 92.39400
 9 7 21 08 13 27677.30000 41.66400000 1780.67000 109.72000 17.04000 92.39400
 9 7 21 08 13 27661.70000 41.66400000 1779.92000 109.72000 17.04000 92.39400
 9 7 21 08 14 27648.10000 41.66400000 1778.74000 109.72000 17.04000 92.39400
 9 7 21 08 14 27646.40000 41.76100000 1777.34000 109.72000 17.04000 92.39400
 9 7 21 08 14 27648.90000 41.76100000 1777.89000 109.86000 17.04000 92.39400
