M=[
 7 2 21 19 25 31917.30000 6.84700000 1316.82000 125.01000 19.05200 77.43000
 7 2 21 19 26 31929.90000 6.84700000 1316.46000 125.05000 19.05200 77.43000
 7 2 21 19 26 31913.90000 6.84700000 1316.29000 125.03000 19.05200 77.43000
 7 2 21 19 27 31914.90000 6.84700000 1315.37000 125.09000 19.05200 77.43000
 7 2 21 19 27 31883.60000 6.84700000 1314.95000 125.02000 19.05200 77.43000
 7 2 21 19 27 31879.00000 6.82500000 1313.88000 125.02000 19.05200 77.43000
 7 2 21 19 28 31914.90000 6.82500000 1313.67000 125.13000 19.05200 77.25700
 7 2 21 19 28 31909.00000 6.82500000 1313.78000 125.04000 19.05200 77.25700
 7 2 21 19 29 31919.20000 6.82500000 1314.75000 125.19000 19.05200 77.30700
 7 2 21 19 29 31919.30000 6.82500000 1314.82000 125.19000 19.05200 77.30700
 7 2 21 19 30 31938.70000 6.82500000 1315.38000 125.21000 19.05200 77.30700
 7 2 21 19 30 31980.00000 6.82500000 1316.51000 125.28000 19.05200 77.33900
 7 2 21 19 30 31987.80000 6.82500000 1317.77000 125.28000 19.05200 77.33900
 7 2 21 19 31 31984.40000 6.82500000 1318.35000 125.28000 19.05200 77.33900
 7 2 21 19 31 31987.90000 6.82500000 1319.19000 125.28000 19.05200 77.33900
 7 2 21 19 32 31960.30000 6.82500000 1318.22000 125.28000 19.14200 77.33900
 7 2 21 19 32 31930.50000 6.82500000 1315.37000 125.20000 19.14800 77.33900
 7 2 21 19 33 31926.90000 6.82500000 1314.82000 125.01000 19.14800 77.33900
 7 2 21 19 33 31941.50000 6.82500000 1315.63000 124.98000 18.84000 77.33900
 7 2 21 19 33 31931.60000 6.82500000 1315.15000 124.97000 18.84000 77.16700
 7 2 21 19 34 31957.60000 6.82500000 1316.94000 124.97000 18.84000 77.16700
 7 2 21 19 34 31958.20000 6.82500000 1317.87000 125.22000 18.84000 77.16700
 7 2 21 19 35 31985.70000 6.84600000 1318.32000 125.25000 19.28300 77.16700
 7 2 21 19 35 31999.90000 6.84600000 1319.25000 125.25000 19.37700 77.16700
 7 2 21 19 36 31999.90000 6.84600000 1319.81000 125.32000 19.40500 77.16700
 7 2 21 19 36 31991.30000 6.84600000 1318.82000 125.32000 19.40500 77.16700
 7 2 21 19 36 31934.30000 6.84600000 1317.01000 125.20000 19.11200 77.16700
 7 2 21 19 37 31934.20000 6.84600000 1315.76000 125.08000 19.11200 77.16700
 7 2 21 19 37 31934.30000 6.84600000 1315.17000 125.05000 19.11200 77.16700
 7 2 21 19 38 31938.20000 6.83800000 1316.14000 125.05000 19.11200 77.06900
 7 2 21 19 38 31932.50000 6.83800000 1315.66000 125.00000 19.11200 77.06900
 7 2 21 19 39 31923.00000 6.83800000 1315.53000 125.05000 19.11200 77.06900
 7 2 21 19 39 31931.60000 6.83800000 1316.75000 125.05000 19.11200 77.06900
 7 2 21 19 39 31928.80000 6.83800000 1316.06000 125.05000 19.11200 77.06900
 7 2 21 19 40 31935.40000 6.83800000 1317.19000 125.04000 19.11200 77.06900
 7 2 21 19 40 31915.80000 6.83800000 1316.42000 125.04000 18.99800 77.06900
 7 2 21 19 41 31895.80000 6.83800000 1314.89000 124.91000 18.99800 77.06900
 7 2 21 19 41 31905.50000 6.83800000 1315.37000 125.06000 18.99800 77.06900
 7 2 21 19 42 31901.50000 6.83800000 1315.65000 125.12000 18.99800 77.06900
 7 2 21 19 42 31921.60000 6.83800000 1317.00000 125.59000 18.99800 77.06900
 7 2 21 19 42 31915.90000 6.83800000 1318.73000 125.78000 18.99800 77.06900
 7 2 21 19 43 31923.60000 6.83800000 1318.56000 125.71000 18.99800 77.06900
 7 2 21 19 43 31902.60000 6.86300000 1317.48000 125.59000 18.99800 77.06900
 7 2 21 19 44 31902.70000 6.86300000 1316.11000 125.32000 18.99500 77.10000
 7 2 21 19 44 31884.90000 6.84000000 1315.65000 125.25000 18.99500 77.10000
 7 2 21 19 45 31894.40000 6.86100000 1315.78000 125.22000 18.99500 77.10000
 7 2 21 19 45 31918.40000 6.86100000 1316.94000 125.36000 18.99500 77.10000
 7 2 21 19 45 31904.20000 6.86100000 1317.60000 125.45000 18.99500 77.10000
 7 2 21 19 46 31921.30000 6.84100000 1318.02000 125.45000 18.99500 77.10000
 7 2 21 19 46 31910.80000 6.84100000 1318.03000 125.57000 18.99500 77.10000
 7 2 21 19 47 31905.90000 6.86400000 1317.93000 125.57000 18.99500 77.10000
 7 2 21 19 47 31904.50000 6.86400000 1317.08000 125.38000 18.99500 77.10000
 7 2 21 19 48 31913.20000 6.86400000 1317.75000 125.32000 18.99500 77.10000
 7 2 21 19 48 31919.60000 6.86400000 1318.12000 125.32000 18.99500 77.10000
 7 2 21 19 48 31921.00000 6.86400000 1318.22000 125.32000 18.99500 77.10000
 7 2 21 19 49 31916.40000 6.86300000 1317.59000 125.38000 18.99500 77.10000
 7 2 21 19 49 31909.60000 6.86300000 1318.06000 125.38000 18.99500 77.10000
 7 2 21 19 50 31901.70000 6.86300000 1317.77000 125.29000 18.99500 77.10000
 7 2 21 19 50 31900.00000 6.86300000 1317.75000 125.27000 18.99500 77.10000
 7 2 21 19 51 31900.00000 6.86300000 1317.47000 125.22000 18.99500 77.10000
 7 2 21 19 51 31900.10000 6.86300000 1315.69000 125.22000 18.99500 77.10300
 7 2 21 19 51 31900.00000 6.86300000 1315.03000 124.94000 18.99500 76.91700
 7 2 21 19 52 31900.00000 6.86300000 1315.09000 125.13000 18.99500 76.90000
 7 2 21 19 52 31883.30000 6.86300000 1314.73000 125.13000 18.92300 77.01000
 7 2 21 19 53 31887.60000 6.86300000 1315.35000 125.16000 18.92300 77.01000
 7 2 21 19 53 31920.80000 6.86300000 1316.77000 125.23000 18.99500 76.78000
 7 2 21 19 54 31923.60000 6.86300000 1316.37000 125.29000 18.99500 76.78000
 7 2 21 19 54 31889.40000 6.86300000 1315.65000 125.19000 18.99500 76.89000
 7 2 21 19 54 31873.90000 6.86300000 1314.69000 124.91000 18.99500 76.89000
 7 2 21 19 55 31851.50000 6.86300000 1313.96000 125.06000 18.99500 76.89000
 7 2 21 19 55 31817.90000 6.86300000 1311.68000 124.80000 18.99500 76.89000
 7 2 21 19 56 31780.00000 6.83800000 1308.97000 124.74000 18.99500 76.89000
 7 2 21 19 56 31802.80000 6.83800000 1308.64000 124.86000 18.99500 76.60100
 7 2 21 19 57 31757.30000 6.83800000 1306.05000 124.68000 18.99500 76.60100
 7 2 21 19 57 31778.00000 6.83800000 1306.84000 124.69000 18.99500 76.60100
 7 2 21 19 57 31785.70000 6.83800000 1307.62000 124.72000 18.99500 76.57200
 7 2 21 19 58 31736.20000 6.83800000 1306.00000 124.72000 18.99500 76.57200
 7 2 21 19 58 31670.90000 6.83800000 1302.88000 124.61000 18.99500 76.57200
 7 2 21 19 59 31682.20000 6.83800000 1303.23000 124.62000 18.99500 76.57200
 7 2 21 19 59 31650.00000 6.79100000 1301.46000 124.46000 18.77200 76.57200
 7 2 21 20 00 31682.40000 6.79100000 1303.71000 124.46000 18.77200 76.57200
 7 2 21 20 00 31699.70000 6.76600000 1305.27000 124.66000 18.77200 76.57200
 7 2 21 20 00 31600.00000 6.81700000 1304.70000 124.66000 19.07900 76.57200
 7 2 21 20 01 31560.00000 6.81700000 1302.90000 124.16000 19.07900 76.57200
 7 2 21 20 01 31463.90000 6.81700000 1298.24000 123.67000 18.92300 76.57200
 7 2 21 20 02 31449.50000 6.76300000 1295.91000 123.59000 18.92300 76.23800
 7 2 21 20 02 31466.20000 6.73400000 1296.00000 123.53000 18.92300 76.23800
 7 2 21 20 03 31489.40000 6.71900000 1297.24000 123.63000 18.92300 76.23800
 7 2 21 20 03 31498.00000 6.71900000 1296.39000 123.60000 18.92300 76.34600
 7 2 21 20 03 31526.20000 6.71900000 1297.14000 123.82000 18.92300 76.34600
 7 2 21 20 04 31500.60000 6.71900000 1297.30000 123.79000 18.92300 76.34600
 7 2 21 20 04 31535.20000 6.74900000 1297.98000 123.69000 18.92300 76.56400
 7 2 21 20 05 31602.90000 6.74900000 1301.43000 123.69000 19.07900 76.56400
 7 2 21 20 05 31576.20000 6.74900000 1302.79000 124.02000 19.07900 76.56400
 7 2 21 20 06 31645.90000 6.74900000 1305.44000 124.01000 19.07900 76.56400
 7 2 21 20 06 31592.00000 6.74900000 1302.65000 124.18000 19.07900 76.56400
 7 2 21 20 06 31592.00000 6.74900000 1300.66000 124.18000 19.07900 76.56400
 7 2 21 20 07 31512.20000 6.74900000 1298.09000 124.00000 19.07900 76.56400
 7 2 21 20 07 31542.40000 6.74900000 1296.35000 123.84000 19.32500 76.56400
 7 2 21 20 08 31559.20000 6.74900000 1298.00000 124.05000 19.32500 76.56400
 7 2 21 20 08 31551.00000 6.74900000 1300.47000 124.05000 19.32500 76.63900
 7 2 21 20 09 31551.10000 6.74900000 1300.38000 123.99000 19.36600 76.63900
 7 2 21 20 09 31551.00000 6.74900000 1299.35000 124.02000 19.36600 76.59900
 7 2 21 20 09 31528.90000 6.74900000 1298.90000 123.94000 19.36600 76.59900
 7 2 21 20 10 31550.00000 6.74900000 1300.92000 124.04000 18.99900 76.59900
