M=[
 2 6 21 11 17 30353.20000 55.10500000 2189.30000 148.33000 23.93800 126.41500
 2 6 21 11 17 30382.50000 55.10500000 2190.49000 148.39000 23.93800 126.18300
 2 6 21 11 18 30450.00000 55.10500000 2197.93000 148.83000 23.93800 126.65500
 2 6 21 11 18 30466.90000 55.10500000 2198.61000 148.83000 23.93800 126.65500
 2 6 21 11 19 30467.00000 55.10500000 2199.08000 149.07000 23.93800 126.65500
 2 6 21 11 19 30475.50000 55.10500000 2200.00000 149.36000 23.93800 126.65500
 2 6 21 11 19 30500.30000 55.10500000 2204.58000 149.30000 23.93800 126.78200
 2 6 21 11 20 30506.70000 55.38400000 2204.78000 149.30000 23.93800 126.78200
 2 6 21 11 20 30506.80000 55.38400000 2203.77000 149.30000 23.93800 126.78200
 2 6 21 11 21 30480.20000 55.38400000 2204.44000 149.23000 23.93800 126.78200
 2 6 21 11 21 30461.70000 55.38400000 2202.23000 149.23000 23.93800 126.78200
 2 6 21 11 22 30469.50000 55.29600000 2199.90000 149.23000 23.93800 126.78200
 2 6 21 11 22 30489.00000 55.29600000 2201.95000 149.20000 23.95700 126.78200
 2 6 21 11 22 30479.90000 55.29600000 2201.42000 149.20000 23.95700 126.78200
 2 6 21 11 23 30472.90000 55.29600000 2198.83000 149.20000 23.95700 126.78200
 2 6 21 11 23 30500.00000 55.29600000 2201.00000 149.20000 23.95700 126.78200
 2 6 21 11 24 30507.10000 55.43000000 2201.97000 149.46000 23.95700 126.78200
 2 6 21 11 24 30526.70000 55.43000000 2204.64000 149.50000 23.95700 126.78200
 2 6 21 11 25 30584.50000 55.43000000 2206.00000 149.72000 23.95700 126.78200
 2 6 21 11 25 30582.80000 55.43000000 2210.81000 149.72000 23.95700 126.78200
 2 6 21 11 26 30576.20000 55.43000000 2211.35000 149.72000 23.95700 126.78200
 2 6 21 11 26 30598.10000 55.43000000 2211.54000 149.72000 23.95700 126.78200
 2 6 21 11 26 30580.00000 55.43000000 2210.51000 149.80000 23.95700 126.78200
 2 6 21 11 27 30572.30000 55.58900000 2209.89000 149.80000 23.95700 126.78200
 2 6 21 11 27 30556.70000 55.58900000 2207.58000 149.80000 23.95700 126.78200
 2 6 21 11 28 30554.90000 55.58900000 2208.38000 149.55000 23.96000 126.89000
 2 6 21 11 28 30546.30000 55.58900000 2206.64000 149.51000 23.96000 126.89000
 2 6 21 11 29 30536.50000 55.58900000 2205.99000 149.41000 23.96000 126.89000
 2 6 21 11 29 30536.50000 55.58900000 2205.34000 149.47000 23.96000 126.89000
 2 6 21 11 29 30530.80000 55.50000000 2205.12000 149.47000 23.96000 126.89000
 2 6 21 11 30 30530.30000 55.50000000 2203.20000 149.51000 23.96000 126.83100
 2 6 21 11 30 30532.60000 55.50000000 2202.46000 149.35000 23.96000 126.83100
 2 6 21 11 31 30530.20000 55.50000000 2203.37000 149.35000 23.96000 126.83100
 2 6 21 11 31 30548.50000 55.50000000 2207.22000 149.35000 23.96000 126.83100
 2 6 21 11 32 30560.30000 55.50000000 2209.66000 149.60000 23.96000 126.83100
 2 6 21 11 32 30546.80000 55.40600000 2207.80000 149.60000 23.96000 126.83100
 2 6 21 11 32 30546.50000 55.40600000 2207.39000 149.53000 23.96000 126.94700
 2 6 21 11 33 30554.20000 55.40600000 2207.39000 149.53000 23.96000 126.94700
 2 6 21 11 33 30545.10000 55.40600000 2207.42000 149.53000 23.96000 126.94700
 2 6 21 11 34 30535.60000 55.40600000 2207.31000 149.60000 23.96000 126.97700
 2 6 21 11 34 30539.90000 55.40600000 2207.43000 149.60000 23.96000 126.97700
 2 6 21 11 35 30540.00000 55.40600000 2209.46000 149.49000 23.96000 126.80600
 2 6 21 11 35 30553.30000 55.43500000 2213.34000 149.64000 23.96000 126.80600
 2 6 21 11 35 30574.00000 55.43500000 2213.21000 149.64000 23.85000 126.93100
 2 6 21 11 36 30560.30000 55.50000000 2212.46000 149.64000 23.85000 127.06200
 2 6 21 11 36 30565.50000 55.50000000 2212.45000 149.83000 23.85000 127.06200
 2 6 21 11 37 30558.10000 55.50000000 2211.90000 149.64000 23.85000 127.06200
 2 6 21 11 37 30550.00000 55.50000000 2213.38000 149.65000 23.85000 127.06200
 2 6 21 11 38 30557.80000 55.50000000 2212.71000 149.56000 23.85000 127.06200
 2 6 21 11 38 30567.00000 55.71400000 2213.78000 149.56000 23.85000 127.06200
 2 6 21 11 39 30590.60000 55.71400000 2215.47000 149.56000 23.85000 127.06200
 2 6 21 11 39 30574.20000 55.71400000 2214.94000 149.79000 23.85000 127.06200
 2 6 21 11 39 30600.00000 55.75900000 2215.55000 149.73000 23.85000 127.06200
 2 6 21 11 40 30629.20000 55.63800000 2215.94000 149.96000 23.85000 127.06200
 2 6 21 11 40 30606.00000 55.63800000 2214.51000 149.96000 23.85000 127.06200
 2 6 21 11 41 30606.00000 55.63800000 2213.83000 149.96000 23.85000 127.48400
 2 6 21 11 41 30624.80000 55.63800000 2214.99000 149.96000 23.96000 127.48400
 2 6 21 11 42 30629.90000 55.63800000 2215.56000 149.96000 23.96000 127.48400
 2 6 21 11 42 30630.00000 55.79000000 2215.99000 149.96000 23.96000 127.51600
 2 6 21 11 42 30630.00000 55.79000000 2218.00000 149.96000 23.96000 127.51600
 2 6 21 11 43 30666.60000 55.79000000 2218.00000 149.96000 23.96000 127.51600
 2 6 21 11 43 30667.80000 55.79000000 2217.91000 150.15000 23.96000 127.51600
 2 6 21 11 44 30659.30000 55.91400000 2218.08000 150.15000 23.96000 127.51600
 2 6 21 11 44 30655.70000 55.91400000 2219.99000 150.15000 23.96000 127.51600
 2 6 21 11 45 30647.60000 55.91400000 2218.17000 150.20000 23.96000 127.51600
 2 6 21 11 45 30643.70000 55.91400000 2219.49000 150.20000 23.96000 127.51600
 2 6 21 11 45 30628.00000 55.91400000 2222.61000 150.17000 23.96000 127.51600
 2 6 21 11 46 30619.10000 55.80000000 2222.00000 150.17000 23.96000 127.51600
 2 6 21 11 46 30622.10000 55.80000000 2221.57000 150.09000 23.96000 127.51600
 2 6 21 11 47 30621.30000 55.80000000 2221.53000 150.09000 23.96000 127.51600
 2 6 21 11 47 30602.20000 55.80000000 2219.25000 150.09000 23.96000 127.51600
 2 6 21 11 48 30608.40000 55.57800000 2218.82000 150.09000 23.96000 127.51600
 2 6 21 11 48 30615.20000 55.57800000 2218.60000 149.81000 23.96000 127.51600
 2 6 21 11 49 30613.10000 55.57800000 2216.45000 149.79000 23.96000 127.51600
 2 6 21 11 49 30613.10000 55.57800000 2216.39000 149.77000 23.85700 127.03000
 2 6 21 11 49 30613.10000 55.57800000 2214.68000 149.67000 23.85700 127.03000
 2 6 21 11 50 30600.10000 55.57800000 2213.91000 149.67000 23.85700 127.03000
 2 6 21 11 50 30599.00000 55.57800000 2214.91000 149.67000 23.85700 127.03000
 2 6 21 11 51 30588.50000 55.57800000 2213.64000 149.67000 23.85700 127.03000
 2 6 21 11 51 30572.70000 55.57800000 2211.48000 149.67000 23.85700 127.03000
 2 6 21 11 52 30551.10000 55.57800000 2210.32000 149.67000 23.85700 127.03000
 2 6 21 11 52 30549.20000 55.57800000 2208.24000 149.45000 23.95900 127.07000
 2 6 21 11 52 30551.50000 55.57800000 2209.03000 149.45000 23.95900 127.07000
 2 6 21 11 53 30541.60000 55.57800000 2209.04000 149.39000 23.95900 127.07000
 2 6 21 11 53 30558.00000 55.57800000 2211.81000 149.69000 23.95900 127.07000
 2 6 21 11 54 30546.30000 55.57800000 2209.77000 149.64000 23.95900 126.81700
 2 6 21 11 54 30552.60000 55.57800000 2209.40000 149.64000 23.95900 126.81700
 2 6 21 11 55 30563.00000 55.40600000 2210.46000 149.61000 23.95900 126.81700
 2 6 21 11 55 30543.70000 55.40600000 2210.31000 149.66000 23.95900 126.81700
 2 6 21 11 55 30560.10000 55.40600000 2210.31000 149.68000 23.95900 126.81700
 2 6 21 11 56 30570.00000 55.40600000 2212.09000 150.00000 23.95900 126.81700
 2 6 21 11 56 30577.20000 55.49600000 2212.77000 149.94000 23.95900 126.89700
 2 6 21 11 57 30596.10000 55.49600000 2212.77000 149.94000 23.95900 126.89700
 2 6 21 11 57 30593.70000 55.49600000 2215.89000 150.05000 23.95900 126.89700
 2 6 21 11 58 30569.50000 55.49600000 2214.81000 150.05000 23.95900 126.89700
 2 6 21 11 58 30550.00000 55.49600000 2213.08000 149.91000 23.95900 126.89700
 2 6 21 11 58 30540.20000 55.49600000 2210.50000 149.91000 23.95900 126.89700
 2 6 21 11 59 30537.00000 55.49600000 2210.66000 149.77000 23.95900 126.89700
 2 6 21 11 59 30550.00000 55.49600000 2210.83000 149.72000 23.95900 126.89700
 2 6 21 12 00 30549.90000 55.49600000 2211.78000 149.99000 23.95900 127.09300
 2 6 21 12 00 30550.00000 55.59200000 2214.32000 149.99000 23.95900 127.09300
 2 6 21 12 01 30599.90000 55.59200000 2218.00000 150.21000 23.95900 127.09300
