M=[
20 5 20 16 46 8662.10000 5.86900000 190.69000 40.17000 11.72300 43.84900
20 5 20 16 46 8656.20000 5.85400000 190.56000 40.17000 11.75500 43.59800
20 5 20 16 47 8657.80000 5.85400000 190.43000 40.08000 11.75500 43.59800
20 5 20 16 47 8669.70000 5.85400000 190.48000 40.12000 11.75500 43.59800
20 5 20 16 48 8667.30000 5.85400000 190.61000 40.12000 11.75500 43.59800
20 5 20 16 48 8666.30000 5.85400000 190.57000 40.12000 11.75500 43.59800
20 5 20 16 49 8665.90000 5.85400000 190.57000 40.08000 11.75500 43.88300
20 5 20 16 49 8665.90000 5.85400000 190.57000 40.12000 11.75500 43.59800
20 5 20 16 49 8666.00000 5.85400000 190.74000 40.12000 11.75500 43.59800
20 5 20 16 50 8666.00000 5.85400000 190.66000 40.11000 11.72600 43.59800
20 5 20 16 50 8665.20000 5.85400000 190.66000 40.11000 11.72600 43.65400
20 5 20 16 51 8666.90000 5.85400000 190.66000 40.14000 11.72600 43.65400
20 5 20 16 51 8675.70000 5.85400000 190.89000 40.14000 11.72600 43.65400
20 5 20 16 52 8673.10000 5.85400000 190.89000 40.12000 11.72600 43.65400
20 5 20 16 52 8673.00000 5.85400000 190.78000 40.12000 11.72600 43.65400
20 5 20 16 53 8673.60000 5.85400000 190.76000 40.12000 11.72600 43.65400
20 5 20 16 53 8671.30000 5.85400000 190.76000 40.12000 11.72600 43.65400
20 5 20 16 54 8670.30000 5.83800000 190.66000 40.12000 11.72600 43.65400
20 5 20 16 54 8670.00000 5.83800000 190.66000 40.09000 11.72600 43.65400
20 5 20 16 55 8662.90000 5.83800000 190.66000 40.10000 11.72600 43.65400
20 5 20 16 55 8657.20000 5.83800000 190.59000 40.10000 11.72600 43.65400
20 5 20 16 56 8655.90000 5.84700000 190.59000 40.10000 11.72600 43.65400
20 5 20 16 56 8655.90000 5.84700000 190.56000 40.10000 11.72600 43.65400
20 5 20 16 57 8657.10000 5.84700000 190.66000 40.10000 11.72600 43.65400
20 5 20 16 57 8657.10000 5.84700000 190.56000 40.10000 11.72600 43.65400
20 5 20 16 57 8657.10000 5.84700000 190.56000 40.10000 11.72600 43.65400
20 5 20 16 58 8657.10000 5.86900000 190.56000 40.10000 11.72600 43.65400
20 5 20 16 58 8656.40000 5.84700000 190.55000 40.10000 11.72600 43.65400
20 5 20 16 59 8663.90000 5.84700000 190.56000 40.10000 11.72600 43.65400
20 5 20 16 59 8666.00000 5.84700000 190.62000 40.09000 11.72600 43.65400
20 5 20 17 00 8664.90000 5.84700000 190.78000 40.09000 11.69800 43.59800
20 5 20 17 00 8660.20000 5.84700000 190.61000 40.09000 11.69800 43.65400
20 5 20 17 01 8660.10000 5.84700000 190.60000 40.09000 11.69800 43.65400
20 5 20 17 01 8657.60000 5.84700000 190.61000 40.10000 11.69800 43.65400
20 5 20 17 02 8664.10000 5.85200000 190.60000 40.10000 11.69800 43.65400
20 5 20 17 02 8664.70000 5.85200000 190.61000 40.10000 11.69800 43.65400
20 5 20 17 03 8664.80000 5.85200000 190.79000 40.10000 11.69800 43.65400
20 5 20 17 03 8665.40000 5.85200000 190.79000 40.10000 11.69800 43.65400
20 5 20 17 04 8666.90000 5.85200000 190.78000 40.11000 11.69800 43.65400
20 5 20 17 04 8664.50000 5.85200000 190.78000 40.11000 11.69800 43.65400
20 5 20 17 05 8664.60000 5.85200000 190.78000 40.07000 11.69800 43.59800
20 5 20 17 05 8663.90000 5.85200000 190.78000 40.07000 11.69800 43.65400
20 5 20 17 06 8659.70000 5.85200000 190.69000 40.07000 11.69800 43.65400
20 5 20 17 06 8660.70000 5.85200000 190.64000 40.07000 11.69800 43.65400
20 5 20 17 07 8635.10000 5.85200000 190.55000 40.07000 11.69800 43.65400
20 5 20 17 07 8642.20000 5.84700000 190.55000 40.07000 11.69800 43.65400
20 5 20 17 08 8639.80000 5.85200000 190.55000 40.07000 11.69800 43.65400
20 5 20 17 08 8634.50000 5.85200000 190.40000 40.05000 11.69800 43.65400
20 5 20 17 09 8635.10000 5.85200000 190.39000 40.05000 11.69800 43.65400
20 5 20 17 09 8640.00000 5.85200000 190.39000 40.05000 11.69800 43.65400
20 5 20 17 09 8640.00000 5.85200000 190.33000 40.03000 11.69800 43.65400
20 5 20 17 10 8640.00000 5.84600000 190.33000 40.00000 11.69800 43.65400
20 5 20 17 10 8635.10000 5.84600000 190.33000 40.00000 11.69800 43.65400
20 5 20 17 11 8640.00000 5.84600000 190.31000 40.00000 11.69800 43.65400
20 5 20 17 11 8647.60000 5.84600000 190.44000 40.00000 11.69800 43.65400
20 5 20 17 12 8647.90000 5.84600000 190.42000 40.00000 11.69800 43.65400
20 5 20 17 12 8648.80000 5.84600000 190.43000 40.00000 11.69800 43.65400
20 5 20 17 13 8648.80000 5.84600000 190.31000 40.08000 11.69800 43.65400
20 5 20 17 13 8648.80000 5.84600000 190.30000 40.03000 11.69800 43.65400
20 5 20 17 14 8649.70000 5.84600000 190.26000 40.07000 11.69800 43.82100
20 5 20 17 14 8652.60000 5.84600000 190.26000 40.06000 11.69200 43.82100
20 5 20 17 15 8652.60000 5.84600000 190.37000 40.02000 11.69200 43.82100
20 5 20 17 15 8647.90000 5.84600000 190.37000 39.99000 11.69200 43.82100
20 5 20 17 16 8647.00000 5.84600000 190.30000 39.99000 11.69200 43.82100
20 5 20 17 16 8643.70000 5.84600000 190.30000 39.99000 11.68300 43.82100
20 5 20 17 16 8640.70000 5.84600000 190.28000 40.03000 11.68300 43.82100
20 5 20 17 17 8642.40000 5.84600000 190.28000 40.03000 11.68300 43.82100
20 5 20 17 17 8641.00000 5.84600000 190.31000 40.03000 11.68300 43.82100
20 5 20 17 18 8646.90000 5.84600000 190.29000 40.03000 11.65900 43.82100
20 5 20 17 18 8647.00000 5.84600000 190.29000 40.03000 11.65900 43.82100
20 5 20 17 19 8647.00000 5.84600000 190.28000 40.03000 11.65900 43.79800
20 5 20 17 19 8647.00000 5.84600000 190.26000 40.03000 11.65900 43.79800
20 5 20 17 20 8643.60000 5.84600000 190.27000 40.03000 11.65900 43.82100
20 5 20 17 20 8640.10000 5.84600000 190.26000 40.03000 11.65900 43.82100
20 5 20 17 21 8640.10000 5.84600000 190.26000 40.03000 11.66600 43.79800
20 5 20 17 21 8638.00000 5.83400000 190.13000 39.98000 11.66600 43.79800
20 5 20 17 22 8631.00000 5.83400000 190.00000 39.97000 11.66600 43.82100
20 5 20 17 22 8630.10000 5.83400000 190.01000 39.94000 11.66600 43.79800
20 5 20 17 22 8630.10000 5.82200000 190.01000 39.94000 11.66600 43.79800
20 5 20 17 23 8638.00000 5.84600000 190.01000 39.94000 11.66600 43.79800
20 5 20 17 24 8658.30000 5.82200000 190.36000 40.08000 11.66600 43.79800
20 5 20 17 24 8638.00000 5.82200000 190.36000 40.05000 11.66600 43.79800
20 5 20 17 25 8668.50000 5.82200000 190.50000 40.05000 11.66600 43.79800
20 5 20 17 25 8668.50000 5.82200000 190.55000 40.05000 11.66600 43.82100
20 5 20 17 26 8669.00000 5.82200000 190.55000 40.05000 11.66600 43.86100
20 5 20 17 26 8669.00000 5.82200000 190.36000 40.05000 11.66600 43.86100
20 5 20 17 26 8674.30000 5.82200000 190.55000 40.05000 11.66600 43.86100
20 5 20 17 27 8674.20000 5.82200000 190.58000 40.05000 11.66600 43.82100
20 5 20 17 27 8674.30000 5.82200000 190.72000 40.05000 11.66600 43.86100
20 5 20 17 28 8672.40000 5.84600000 190.86000 40.13000 11.66600 43.82100
20 5 20 17 28 8675.60000 5.82200000 190.87000 40.17000 11.66600 43.86100
20 5 20 17 29 8675.30000 5.82200000 190.84000 40.16000 11.66600 43.86100
20 5 20 17 29 8684.40000 5.84000000 190.88000 40.18000 11.71100 43.86100
20 5 20 17 30 8687.00000 5.85800000 190.91000 40.18000 11.76600 43.86100
20 5 20 17 30 8682.00000 5.84600000 190.85000 40.18000 11.76600 43.86100
20 5 20 17 31 8681.40000 5.85800000 190.85000 40.18000 11.76600 43.86100
20 5 20 17 31 8681.40000 5.85800000 190.85000 40.18000 11.76600 43.86100
20 5 20 17 32 8682.00000 5.85800000 190.98000 40.18000 11.76600 43.86100
20 5 20 17 32 8681.40000 5.85800000 190.96000 40.22000 11.76600 43.95900
20 5 20 17 33 8685.40000 5.85800000 190.96000 40.22000 11.76600 43.95900
20 5 20 17 33 8685.50000 5.85800000 190.88000 40.20000 11.76600 43.95900
20 5 20 17 34 8686.70000 5.86500000 190.88000 40.20000 11.76600 43.95900
20 5 20 17 34 8686.40000 5.86500000 190.95000 40.14000 11.76600 43.95900
20 5 20 17 35 8686.20000 5.86500000 190.96000 40.14000 11.76600 43.95900
20 5 20 17 35 8686.00000 5.86500000 190.90000 40.14000 11.76600 43.95900
20 5 20 17 35 8697.90000 5.86500000 190.89000 40.14000 11.76600 43.95900
20 5 20 17 36 8691.80000 5.86500000 190.97000 40.14000 11.76600 43.97000
20 5 20 17 36 8691.80000 5.86500000 190.94000 40.14000 11.66600 43.97000
20 5 20 17 37 8702.00000 5.86500000 191.01000 40.14000 11.76600 43.97000
