M=[
21 4 20 19 56 6357.40000 4.83500000 159.23000 37.76000 8.96700 39.51800
21 4 20 19 56 6357.40000 4.83500000 159.27000 37.76000 8.96700 39.51800
21 4 20 19 57 6357.50000 4.83500000 159.30000 37.79000 8.96700 39.51800
21 4 20 19 57 6357.40000 4.83500000 159.35000 37.76000 8.96700 39.51800
21 4 20 19 57 6354.90000 4.83500000 159.21000 37.79000 8.96700 39.51800
21 4 20 19 58 6354.90000 4.83500000 159.21000 37.76000 8.96700 39.51800
21 4 20 19 58 6354.90000 4.83500000 159.21000 37.79000 8.96700 39.51800
21 4 20 19 59 6354.80000 4.83500000 159.20000 37.79000 8.96700 39.51800
21 4 20 19 59 6354.70000 4.83500000 158.99000 37.79000 8.96700 39.51800
21 4 20 19 59 6352.20000 4.83500000 158.99000 37.76000 8.96700 39.51800
21 4 20 20 00 6350.00000 4.82500000 159.01000 37.79000 8.96700 39.51800
21 4 20 20 00 6350.00000 4.82500000 158.94000 37.79000 8.96700 39.51800
21 4 20 20 01 6350.10000 4.82500000 158.94000 37.79000 8.96700 39.60800
21 4 20 20 01 6350.00000 4.82500000 158.94000 37.79000 8.96700 39.51800
21 4 20 20 02 6350.10000 4.82500000 158.98000 37.74000 8.93400 39.51800
21 4 20 20 02 6350.10000 4.82500000 158.89000 37.74000 8.96700 39.51800
21 4 20 20 02 6350.10000 4.82500000 158.89000 37.74000 8.96700 39.51800
21 4 20 20 03 6350.10000 4.82500000 158.80000 37.74000 8.96700 39.51800
21 4 20 20 03 6350.00000 4.82500000 158.80000 37.74000 8.96700 39.51800
21 4 20 20 04 6344.00000 4.82500000 158.78000 37.71000 8.96700 39.51800
21 4 20 20 04 6344.00000 4.82500000 158.78000 37.71000 8.96700 39.51800
21 4 20 20 05 6343.90000 4.82500000 158.74000 37.71000 8.96700 39.51800
21 4 20 20 05 6343.90000 4.82500000 158.73000 37.71000 8.96700 39.39200
21 4 20 20 05 6343.90000 4.82500000 158.73000 37.71000 8.96700 39.39200
21 4 20 20 06 6336.00000 4.82500000 158.54000 37.71000 8.96700 39.39200
21 4 20 20 06 6335.00000 4.82500000 158.55000 37.71000 8.96700 39.51800
21 4 20 20 07 6334.50000 4.82500000 158.55000 37.71000 8.96700 39.51800
21 4 20 20 07 6335.20000 4.82500000 158.52000 37.71000 8.96700 39.36900
21 4 20 20 08 6335.30000 4.82500000 158.50000 37.71000 8.96700 39.36900
21 4 20 20 08 6335.30000 4.82500000 158.44000 37.63000 8.96700 39.36900
21 4 20 20 08 6335.30000 4.82500000 158.44000 37.63000 8.96700 39.36900
21 4 20 20 09 6333.40000 4.82500000 158.39000 37.63000 8.96700 39.36900
21 4 20 20 09 6334.90000 4.82500000 158.33000 37.61000 8.96700 39.36900
21 4 20 20 10 6335.30000 4.82500000 158.33000 37.61000 8.96700 39.36900
21 4 20 20 10 6335.30000 4.82500000 158.40000 37.71000 8.96700 39.36900
21 4 20 20 10 6335.20000 4.82500000 158.52000 37.61000 8.96700 39.36900
21 4 20 20 11 6335.50000 4.82500000 158.50000 37.63000 8.96700 39.36900
21 4 20 20 11 6335.50000 4.82500000 158.49000 37.61000 8.96700 39.36900
21 4 20 20 12 6335.40000 4.82500000 158.49000 37.61000 8.96700 39.36900
21 4 20 20 12 6335.50000 4.82500000 158.48000 37.61000 8.96700 39.36900
21 4 20 20 13 6335.50000 4.82500000 158.50000 37.61000 8.96700 39.36900
21 4 20 20 13 6335.50000 4.82500000 158.57000 37.61000 8.96700 39.36900
21 4 20 20 13 6335.50000 4.82500000 158.51000 37.61000 8.96700 39.36900
21 4 20 20 14 6335.40000 4.82500000 158.55000 37.61000 8.96700 39.36900
21 4 20 20 14 6338.40000 4.82500000 158.51000 37.61000 8.96700 39.36900
21 4 20 20 15 6339.70000 4.80000000 158.54000 37.61000 8.96700 39.36900
21 4 20 20 15 6339.20000 4.80000000 158.54000 37.61000 8.96700 39.36900
21 4 20 20 16 6339.10000 4.80000000 158.54000 37.59000 8.96700 39.36900
21 4 20 20 16 6339.00000 4.80000000 158.54000 37.59000 8.96700 39.36900
21 4 20 20 16 6339.00000 4.80000000 158.54000 37.59000 8.96700 39.36900
21 4 20 20 17 6339.70000 4.80000000 158.54000 37.71000 8.92500 39.36900
21 4 20 20 17 6339.70000 4.80000000 158.54000 37.59000 8.92500 39.36900
21 4 20 20 18 6339.70000 4.80000000 158.54000 37.59000 8.92500 39.36900
21 4 20 20 18 6339.60000 4.79000000 158.53000 37.59000 8.92500 39.36900
21 4 20 20 18 6339.70000 4.79000000 158.53000 37.59000 8.92500 39.36900
21 4 20 20 19 6339.70000 4.79000000 158.53000 37.54000 8.92500 39.36900
21 4 20 20 19 6338.50000 4.79000000 158.53000 37.54000 8.94000 39.36900
21 4 20 20 20 6339.60000 4.80600000 158.54000 37.55000 8.96700 39.36900
21 4 20 20 20 6328.30000 4.80600000 158.54000 37.57000 8.94000 39.36900
21 4 20 20 21 6339.50000 4.80600000 158.54000 37.55000 8.94000 39.36900
21 4 20 20 21 6339.50000 4.80600000 158.54000 37.52000 8.94000 39.36900
21 4 20 20 21 6337.40000 4.80600000 158.54000 37.57000 8.94000 39.36900
21 4 20 20 22 6337.40000 4.80600000 158.54000 37.52000 8.96700 39.36900
21 4 20 20 22 6339.10000 4.80600000 158.54000 37.57000 8.94000 39.36900
21 4 20 20 23 6339.70000 4.80600000 158.53000 37.52000 8.94000 39.36900
21 4 20 20 23 6339.60000 4.80600000 158.68000 37.52000 8.94000 39.36900
21 4 20 20 24 6341.20000 4.80600000 158.68000 37.52000 8.94000 39.36900
21 4 20 20 24 6341.20000 4.80600000 158.84000 37.53000 8.94000 39.36900
21 4 20 20 24 6341.20000 4.80600000 158.77000 37.53000 8.94000 39.36900
21 4 20 20 25 6341.20000 4.80000000 158.80000 37.53000 8.92500 39.36900
21 4 20 20 25 6341.20000 4.80000000 158.93000 37.53000 8.94000 39.36900
21 4 20 20 26 6341.20000 4.80800000 158.93000 37.53000 8.90900 39.36900
21 4 20 20 26 6341.20000 4.79800000 158.93000 37.53000 8.90900 39.36900
21 4 20 20 26 6341.10000 4.79800000 158.95000 37.53000 8.90900 39.36900
21 4 20 20 27 6341.10000 4.79800000 158.93000 37.54000 8.90900 39.36900
21 4 20 20 27 6341.20000 4.79800000 158.81000 37.54000 8.90900 39.36900
21 4 20 20 28 6341.10000 4.79800000 158.81000 37.54000 8.94000 39.36900
21 4 20 20 28 6341.20000 4.80900000 158.81000 37.54000 8.90900 39.25000
21 4 20 20 29 6340.10000 4.80900000 158.81000 37.54000 8.90900 39.25000
21 4 20 20 29 6340.90000 4.80900000 158.66000 37.51000 8.90900 39.20800
21 4 20 20 29 6341.20000 4.80900000 158.67000 37.51000 8.92500 39.20800
21 4 20 20 30 6341.20000 4.80900000 158.67000 37.50000 8.90900 39.20800
21 4 20 20 30 6341.20000 4.80900000 158.67000 37.50000 8.90900 39.20800
21 4 20 20 31 6341.20000 4.79800000 158.67000 37.50000 8.90900 39.20800
21 4 20 20 31 6341.20000 4.80900000 158.67000 37.50000 8.90900 39.20800
21 4 20 20 32 6341.20000 4.80900000 158.72000 37.54000 8.90900 39.20800
21 4 20 20 32 6341.20000 4.79800000 158.54000 37.54000 8.90900 39.20800
21 4 20 20 32 6340.20000 4.80900000 158.57000 37.54000 8.90900 39.20800
21 4 20 20 33 6340.20000 4.80900000 158.54000 37.54000 8.90900 39.14400
21 4 20 20 33 6340.60000 4.80900000 158.52000 37.54000 8.90900 39.14400
21 4 20 20 34 6340.60000 4.80900000 158.52000 37.54000 8.90900 39.14400
21 4 20 20 34 6341.00000 4.80900000 158.54000 37.54000 8.90900 39.14400
21 4 20 20 34 6341.20000 4.80900000 158.56000 37.51000 8.90900 39.14400
21 4 20 20 35 6341.10000 4.80900000 158.59000 37.54000 8.90900 39.14400
21 4 20 20 35 6341.10000 4.80900000 158.53000 37.54000 8.90900 39.14400
21 4 20 20 36 6340.30000 4.79800000 158.56000 37.54000 8.90900 39.14400
21 4 20 20 36 6340.10000 4.80900000 158.49000 37.54000 8.90900 39.14400
21 4 20 20 37 6340.10000 4.80900000 158.48000 37.54000 8.94000 39.14400
21 4 20 20 37 6340.00000 4.80900000 158.48000 37.54000 8.90900 39.06000
21 4 20 20 37 6341.10000 4.80900000 158.59000 37.51000 8.90900 39.06000
21 4 20 20 38 6341.20000 4.80900000 158.64000 37.51000 8.90900 39.06000
21 4 20 20 38 6341.20000 4.80900000 158.64000 37.51000 8.90900 39.06000
21 4 20 20 39 6341.30000 4.80900000 158.57000 37.51000 8.90900 39.06000
21 4 20 20 39 6341.30000 4.80900000 158.57000 37.51000 8.90900 39.06000
21 4 20 20 40 6342.00000 4.80900000 158.66000 37.51000 8.90900 39.06000
21 4 20 20 40 6342.00000 4.79800000 158.60000 37.51000 8.90900 39.06000
21 4 20 20 40 6341.50000 4.80900000 158.60000 37.51000 8.90900 39.06000
21 4 20 20 41 6341.50000 4.80900000 158.60000 37.51000 8.90900 39.08500
21 4 20 20 41 6340.90000 4.80900000 158.63000 37.51000 8.90900 39.08500
21 4 20 20 42 6340.50000 4.80900000 158.63000 37.51000 8.90900 39.08500
21 4 20 20 42 6340.10000 4.79800000 158.63000 37.51000 8.90900 39.08500
