M=[
30 7 21 07 51 33441.90000 42.14400000 2022.72000 119.06000 22.30000 90.80100
30 7 21 07 51 33442.30000 42.14400000 2022.89000 119.06000 22.30000 90.80100
30 7 21 07 52 33437.70000 42.14400000 2022.52000 119.03000 22.30000 90.80100
30 7 21 07 52 33433.40000 42.14400000 2022.52000 119.03000 22.30000 90.80100
30 7 21 07 53 33442.70000 42.14400000 2022.52000 119.03000 22.30000 90.80100
30 7 21 07 53 33382.40000 42.14400000 2022.52000 119.09000 22.30000 90.80100
30 7 21 07 53 33390.90000 42.14400000 2022.51000 119.09000 22.30000 90.80100
30 7 21 07 54 33414.30000 42.14400000 2020.01000 118.96000 22.30000 90.80100
30 7 21 07 54 33396.90000 42.14400000 2020.01000 118.96000 22.30000 90.80100
30 7 21 07 55 33391.50000 42.14400000 2020.00000 118.94000 22.30000 90.80100
30 7 21 07 55 33378.40000 41.99000000 2017.33000 118.94000 22.30000 90.80100
30 7 21 07 56 33372.20000 41.99000000 2017.33000 118.87000 22.30000 90.80100
30 7 21 07 56 33392.50000 41.99000000 2018.02000 118.87000 22.30000 90.80100
30 7 21 07 56 33392.10000 41.99000000 2017.79000 118.87000 22.30000 90.80100
30 7 21 07 57 33404.00000 41.99000000 2016.93000 118.93000 22.30000 90.80100
30 7 21 07 57 33400.90000 41.99000000 2017.18000 118.97000 22.30000 90.80100
30 7 21 07 58 33401.80000 41.99000000 2018.38000 118.97000 22.30000 90.80100
30 7 21 07 58 33400.10000 41.99000000 2018.38000 118.97000 22.30000 90.80100
30 7 21 07 59 33400.20000 41.99000000 2018.38000 118.97000 22.30000 90.80100
30 7 21 07 59 33400.70000 41.99000000 2021.21000 118.97000 22.30000 90.80100
30 7 21 07 59 33408.60000 41.99000000 2021.21000 118.99000 22.30000 90.80100
30 7 21 08 00 33409.30000 42.14300000 2022.37000 119.01000 22.30000 90.80100
30 7 21 08 00 33408.90000 42.14300000 2022.48000 119.01000 22.30000 90.80100
30 7 21 08 01 33410.00000 42.14300000 2022.55000 119.01000 22.30000 90.80100
30 7 21 08 01 33413.30000 42.14300000 2021.32000 119.01000 22.30000 90.80100
30 7 21 08 02 33407.00000 42.14300000 2020.15000 119.01000 22.30000 90.80100
30 7 21 08 02 33407.00000 42.14300000 2020.88000 119.02000 22.30000 90.80100
30 7 21 08 02 33407.00000 42.14300000 2019.82000 118.74000 22.30000 90.80100
30 7 21 08 03 33407.00000 42.14300000 2020.73000 118.74000 22.30000 90.80100
30 7 21 08 03 33386.40000 42.14300000 2019.82000 118.74000 22.30000 90.80100
30 7 21 08 04 33366.60000 41.99000000 2019.00000 118.74000 22.30000 90.80100
30 7 21 08 04 33377.40000 41.99000000 2019.00000 118.74000 22.30000 90.80100
30 7 21 08 05 33381.00000 41.99000000 2019.01000 118.74000 22.30000 90.80100
30 7 21 08 05 33363.10000 41.99000000 2017.00000 118.67000 22.30000 90.80100
30 7 21 08 05 33355.50000 41.99000000 2016.53000 118.67000 22.30000 90.80100
30 7 21 08 06 33350.10000 41.90500000 2016.19000 118.67000 22.30000 90.80100
30 7 21 08 06 33350.00000 41.90500000 2015.97000 118.55000 22.30000 90.80100
30 7 21 08 07 33350.80000 41.90500000 2015.97000 118.50000 22.30000 90.80100
30 7 21 08 07 33350.80000 41.90500000 2015.54000 118.45000 22.30000 90.80100
30 7 21 08 08 33350.70000 41.90500000 2015.41000 118.29000 22.30000 90.80100
30 7 21 08 08 33350.90000 41.90500000 2015.00000 118.29000 22.30000 90.80100
30 7 21 08 09 33354.00000 41.90500000 2015.00000 118.29000 22.30000 90.80100
30 7 21 08 09 33365.00000 41.90500000 2016.03000 118.29000 22.30000 90.80100
30 7 21 08 09 33369.20000 41.90500000 2016.22000 118.44000 22.30000 90.80100
30 7 21 08 10 33375.60000 41.90500000 2015.57000 118.44000 22.30000 90.80100
30 7 21 08 10 33371.30000 41.90500000 2016.98000 118.44000 22.30000 90.80100
30 7 21 08 11 33390.80000 41.90500000 2017.31000 118.41000 22.30000 90.80100
30 7 21 08 11 33380.30000 41.90500000 2016.59000 118.41000 22.30000 90.80100
30 7 21 08 12 33390.80000 41.90500000 2017.01000 118.41000 22.30000 90.80100
30 7 21 08 12 33400.00000 41.90500000 2017.50000 118.45000 22.30100 90.80100
30 7 21 08 12 33399.40000 41.90500000 2017.55000 118.45000 22.30100 90.80100
30 7 21 08 13 33399.50000 41.90500000 2017.57000 118.38000 22.30100 90.80100
30 7 21 08 13 33387.20000 41.90500000 2017.66000 118.45000 22.30100 90.55900
30 7 21 08 14 33386.40000 41.90500000 2017.36000 118.42000 22.30100 90.55900
30 7 21 08 14 33393.80000 41.90500000 2017.36000 118.42000 22.30100 90.55900
30 7 21 08 15 33394.90000 41.90500000 2017.76000 118.42000 22.30100 90.55900
30 7 21 08 15 33391.10000 41.90500000 2017.32000 118.42000 22.30100 90.55900
30 7 21 08 15 33391.60000 41.90500000 2016.93000 118.42000 22.30100 90.55900
30 7 21 08 16 33379.70000 41.90500000 2016.40000 118.35000 22.30100 90.55900
30 7 21 08 16 33373.50000 41.90500000 2016.08000 118.35000 22.30100 90.55900
30 7 21 08 17 33376.10000 41.90500000 2016.38000 118.35000 22.26200 90.55900
30 7 21 08 17 33379.40000 41.90500000 2016.01000 118.35000 22.26200 90.55900
30 7 21 08 18 33398.20000 41.95100000 2018.00000 118.35000 22.26200 90.55900
30 7 21 08 18 33391.70000 41.95100000 2017.53000 118.39000 22.26200 90.55900
30 7 21 08 18 33391.10000 41.95100000 2017.53000 118.36000 22.26200 90.55900
30 7 21 08 19 33395.50000 41.95100000 2016.74000 118.36000 22.26200 90.55900
30 7 21 08 19 33403.90000 41.95100000 2016.74000 118.36000 22.26200 90.55900
30 7 21 08 20 33404.00000 41.95100000 2016.50000 118.39000 22.26200 90.69700
30 7 21 08 20 33404.00000 41.95100000 2016.91000 118.39000 22.26200 90.69700
30 7 21 08 21 33404.00000 41.95100000 2016.92000 118.39000 22.26200 90.83000
30 7 21 08 21 33403.90000 41.95100000 2016.99000 118.39000 22.22700 90.83000
30 7 21 08 21 33404.00000 41.95100000 2017.48000 118.39000 22.22700 90.83000
30 7 21 08 22 33404.00000 41.95100000 2017.49000 118.52000 22.22700 90.83000
30 7 21 08 22 33404.00000 41.95100000 2017.49000 118.52000 22.22700 90.83000
30 7 21 08 23 33404.00000 41.95100000 2018.78000 118.52000 22.22700 90.83000
30 7 21 08 23 33404.00000 41.95100000 2018.79000 118.52000 22.22700 90.83000
30 7 21 08 24 33403.90000 41.95100000 2018.32000 118.53000 22.22700 90.83000
30 7 21 08 24 33404.00000 41.95100000 2018.79000 118.53000 22.22700 90.83000
30 7 21 08 24 33404.00000 41.95100000 2017.48000 118.48000 22.22700 90.83000
30 7 21 08 25 33404.00000 41.95100000 2017.50000 118.49000 22.22700 90.83000
30 7 21 08 25 33404.00000 41.95100000 2017.30000 118.49000 22.22700 90.83000
30 7 21 08 26 33404.00000 41.95100000 2017.30000 118.49000 22.22700 90.83000
30 7 21 08 26 33403.90000 41.95100000 2017.30000 118.49000 22.22700 90.83000
30 7 21 08 27 33404.00000 41.95100000 2016.79000 118.43000 22.22700 90.83000
30 7 21 08 27 33403.90000 41.95100000 2015.65000 118.43000 22.22700 90.83000
30 7 21 08 28 33404.00000 41.95100000 2015.01000 118.43000 22.22700 90.83000
30 7 21 08 28 33404.00000 41.95100000 2015.16000 118.36000 22.22700 90.83000
30 7 21 08 28 33385.60000 41.95100000 2015.89000 118.35000 22.22700 90.83000
30 7 21 08 29 33404.00000 41.95100000 2016.02000 118.35000 22.22700 90.83000
30 7 21 08 29 33404.00000 41.95100000 2016.03000 118.35000 22.22700 90.83000
30 7 21 08 30 33372.40000 41.95100000 2015.63000 118.36000 22.22700 90.83000
30 7 21 08 30 33358.00000 41.95100000 2013.00000 118.19000 22.22700 90.83000
30 7 21 08 31 33357.90000 41.95100000 2011.95000 118.19000 22.22700 90.83000
30 7 21 08 31 33362.10000 41.95100000 2012.35000 118.19000 22.22700 90.83000
30 7 21 08 31 33362.10000 41.95100000 2012.16000 118.19000 22.22700 90.83000
30 7 21 08 32 33357.90000 41.96000000 2011.99000 118.19000 22.22700 90.83000
30 7 21 08 32 33350.10000 41.96000000 2011.99000 118.19000 22.22700 90.83000
30 7 21 08 33 33361.20000 41.96000000 2012.00000 118.18000 22.22700 90.83000
30 7 21 08 33 33352.20000 41.96000000 2012.00000 118.19000 22.22700 90.83000
30 7 21 08 34 33361.80000 42.00000000 2011.99000 118.23000 22.22700 90.83000
30 7 21 08 34 33362.20000 42.00000000 2013.00000 118.23000 22.22700 90.44100
30 7 21 08 34 33370.90000 42.00000000 2014.86000 118.29000 22.22700 90.44100
30 7 21 08 35 33361.10000 42.00000000 2014.20000 118.26000 22.22700 90.27000
