M=[
10 5 21 05 16 48770.60000 104.19400000 3387.32000 327.61000 38.85200 260.59100
10 5 21 05 16 48770.70000 104.18400000 3388.87000 328.05000 38.85200 260.59100
10 5 21 05 17 48770.70000 104.07200000 3388.43000 327.83000 38.85200 260.59100
10 5 21 05 17 48750.70000 104.07200000 3388.00000 327.98000 38.85200 259.90800
10 5 21 05 18 48725.30000 104.00000000 3388.01000 328.15000 38.85200 259.90800
10 5 21 05 18 48720.80000 104.00000000 3388.97000 328.19000 38.85200 259.90800
10 5 21 05 19 48725.10000 104.22800000 3389.08000 327.87000 38.85200 259.90800
10 5 21 05 19 48700.00000 104.44300000 3389.54000 327.91000 38.85200 259.90800
10 5 21 05 19 48631.10000 104.12300000 3381.34000 327.14000 38.85200 259.66400
10 5 21 05 20 48629.40000 103.95100000 3381.34000 327.23000 38.85200 259.48000
10 5 21 05 20 48625.10000 103.95100000 3380.92000 327.24000 38.85200 259.48000
10 5 21 05 21 48575.00000 103.81500000 3382.41000 327.01000 38.85200 259.48000
10 5 21 05 21 48575.00000 103.59200000 3377.56000 327.91000 38.85200 259.48000
10 5 21 05 22 48577.00000 103.65000000 3378.48000 327.84000 38.85200 259.48000
10 5 21 05 22 48627.90000 103.65000000 3376.99000 327.54000 38.85200 259.48000
10 5 21 05 22 48598.30000 104.04800000 3373.63000 327.44000 38.85200 259.10000
10 5 21 05 23 48591.80000 103.38000000 3367.01000 327.29000 38.85200 259.10000
10 5 21 05 23 48472.60000 103.40800000 3359.56000 326.63000 38.85200 258.66000
10 5 21 05 24 48440.10000 103.31200000 3353.52000 326.19000 38.85200 257.98000
10 5 21 05 24 48483.00000 103.31200000 3361.17000 326.52000 38.85200 257.98000
10 5 21 05 25 48469.20000 103.00000000 3359.54000 326.62000 38.85200 257.98000
10 5 21 05 25 48469.20000 103.17200000 3360.73000 326.79000 38.85200 257.98000
10 5 21 05 25 48505.00000 103.17200000 3363.33000 326.92000 38.85200 257.97800
10 5 21 05 26 48495.50000 103.17200000 3363.04000 326.80000 38.85200 257.97800
10 5 21 05 26 48505.00000 103.06500000 3363.33000 326.13000 38.85200 257.97800
10 5 21 05 27 48505.00000 103.26700000 3366.82000 326.08000 38.85200 257.97800
10 5 21 05 27 48505.00000 103.32000000 3372.14000 326.28000 38.85200 257.97800
10 5 21 05 28 48505.00000 103.48200000 3375.74000 326.50000 38.85200 257.97800
10 5 21 05 28 48516.50000 103.42000000 3376.03000 325.98000 38.85200 258.10500
10 5 21 05 28 48516.40000 103.36000000 3376.02000 326.42000 38.85200 258.10500
10 5 21 05 29 48505.00000 103.11400000 3369.72000 325.92000 38.85200 258.10500
10 5 21 05 29 48498.60000 103.11400000 3370.24000 326.00000 38.85200 258.10500
10 5 21 05 30 48498.70000 102.90100000 3371.63000 326.72000 38.85200 258.10500
10 5 21 05 30 48498.70000 103.16800000 3374.87000 326.97000 38.85200 258.51200
10 5 21 05 31 48498.70000 103.08500000 3378.59000 327.62000 38.85200 258.51200
10 5 21 05 31 48545.70000 103.44500000 3382.83000 328.63000 38.85200 258.51200
10 5 21 05 31 48545.70000 103.32100000 3384.91000 327.79000 38.85200 258.56800
10 5 21 05 32 48531.00000 103.32100000 3384.75000 328.13000 38.85200 258.56800
10 5 21 05 32 48512.40000 103.48900000 3384.53000 327.71000 38.85200 259.16300
10 5 21 05 33 48497.50000 103.48900000 3384.80000 327.65000 38.85200 259.16300
10 5 21 05 33 48430.40000 103.04400000 3375.40000 327.21000 38.85200 257.97800
10 5 21 05 34 48430.30000 103.04400000 3376.00000 326.94000 38.64000 257.42700
10 5 21 05 34 48430.40000 103.26000000 3373.76000 327.09000 38.64000 257.42700
10 5 21 05 34 48412.90000 103.00600000 3369.43000 326.97000 38.64000 257.42700
10 5 21 05 35 48394.80000 103.13000000 3368.26000 326.77000 38.64000 257.42700
10 5 21 05 35 48412.80000 103.14800000 3372.12000 327.52000 38.64000 257.42700
10 5 21 05 36 48437.00000 103.72900000 3378.80000 327.78000 38.64000 257.42700
10 5 21 05 36 48394.60000 103.72900000 3375.53000 327.47000 38.64000 257.42700
10 5 21 05 37 48390.00000 103.72900000 3372.55000 327.68000 38.64000 257.42700
10 5 21 05 37 48355.50000 103.78600000 3366.66000 326.84000 38.64000 257.42700
10 5 21 05 37 48354.10000 103.72400000 3370.04000 327.34000 38.64000 257.69300
10 5 21 05 38 48397.10000 104.00000000 3371.38000 327.32000 38.64000 258.74600
10 5 21 05 38 48366.00000 104.26100000 3369.62000 327.33000 38.64000 258.74600
10 5 21 05 39 48395.50000 104.58200000 3370.76000 327.40000 38.64000 258.60000
10 5 21 05 39 48363.30000 104.39300000 3366.93000 327.22000 38.64000 258.60000
10 5 21 05 40 48363.20000 103.85300000 3362.67000 326.78000 38.64000 258.60000
10 5 21 05 40 48370.30000 104.08900000 3364.93000 326.94000 38.64000 259.43000
10 5 21 05 40 48379.10000 104.66900000 3367.30000 326.96000 38.64000 259.43000
10 5 21 05 41 48400.00000 104.89700000 3370.95000 327.23000 38.64000 259.43000
10 5 21 05 41 48394.00000 104.84000000 3369.02000 327.23000 38.50100 259.43000
10 5 21 05 42 48399.90000 105.29300000 3369.62000 327.47000 38.50100 259.43000
10 5 21 05 42 48399.90000 105.00000000 3369.14000 327.73000 38.50100 259.43000
10 5 21 05 43 48387.20000 104.66600000 3367.13000 327.99000 38.50100 259.43000
10 5 21 05 43 48374.30000 104.45200000 3365.48000 328.39000 38.50100 259.30900
10 5 21 05 43 48378.40000 104.28300000 3365.45000 328.78000 38.50100 259.30900
10 5 21 05 44 48377.00000 104.50000000 3365.13000 328.73000 38.50100 258.87900
10 5 21 05 44 48377.30000 104.72200000 3366.95000 328.77000 38.50100 258.87900
10 5 21 05 45 48377.30000 104.89000000 3368.50000 328.43000 38.50100 258.87900
10 5 21 05 45 48434.00000 105.00600000 3370.09000 328.71000 38.50100 258.87900
10 5 21 05 46 48446.30000 105.73000000 3371.80000 328.78000 38.50100 258.87900
10 5 21 05 46 48456.00000 106.00000000 3378.11000 328.99000 38.50100 258.87900
10 5 21 05 46 48456.00000 105.75000000 3377.88000 328.89000 38.50100 258.87900
10 5 21 05 47 48470.10000 105.98100000 3379.23000 329.01000 38.50100 258.87900
10 5 21 05 47 48471.40000 106.61000000 3380.42000 329.36000 38.50100 258.87900
10 5 21 05 48 48457.60000 106.93000000 3381.96000 329.42000 38.50100 259.01500
10 5 21 05 48 48471.40000 106.16100000 3379.99000 329.94000 38.50100 259.01500
10 5 21 05 49 48456.00000 105.50900000 3379.55000 329.94000 38.50100 259.01500
10 5 21 05 49 48448.70000 106.33200000 3380.00000 329.67000 38.50100 259.01500
10 5 21 05 49 48448.60000 106.29300000 3382.35000 329.30000 38.50100 259.01500
10 5 21 05 50 48468.10000 107.00000000 3384.44000 330.00000 38.50100 258.68200
10 5 21 05 50 48471.40000 106.66100000 3386.43000 329.17000 38.50100 258.68200
10 5 21 05 51 48471.40000 106.50600000 3386.28000 328.57000 38.50100 258.68200
10 5 21 05 51 48471.40000 106.68200000 3384.35000 328.55000 38.50100 258.68200
10 5 21 05 52 48471.30000 106.83200000 3383.65000 328.62000 38.50100 258.68200
10 5 21 05 52 48471.40000 106.65700000 3381.02000 328.53000 38.50100 258.68200
10 5 21 05 52 48471.30000 106.84500000 3382.74000 329.33000 38.50100 258.68200
10 5 21 05 53 48504.50000 107.23600000 3387.73000 329.33000 38.50100 258.68200
10 5 21 05 53 48544.00000 107.91800000 3389.94000 329.78000 38.50100 258.68200
10 5 21 05 54 48544.10000 107.00000000 3387.22000 329.66000 38.50100 258.36500
10 5 21 05 54 48549.00000 106.67500000 3386.25000 329.75000 38.50100 258.36500
10 5 21 05 55 48551.90000 106.69500000 3388.02000 329.17000 38.50100 258.36500
10 5 21 05 55 48538.80000 107.01100000 3386.65000 328.34000 38.50100 258.36500
10 5 21 05 55 48544.60000 106.70000000 3386.44000 328.38000 38.50100 258.36500
10 5 21 05 56 48546.40000 106.87700000 3386.94000 328.26000 38.50100 258.36500
10 5 21 05 56 48549.30000 106.39600000 3389.00000 328.37000 38.50100 258.36500
10 5 21 05 57 48571.30000 106.28200000 3389.00000 328.38000 38.50100 258.36500
10 5 21 05 57 48552.80000 106.50400000 3386.18000 328.74000 38.50100 258.36500
10 5 21 05 58 48560.30000 106.60400000 3388.92000 328.87000 38.50100 258.36500
10 5 21 05 58 48566.90000 106.35600000 3389.51000 328.97000 38.50100 258.36500
10 5 21 05 58 48577.10000 106.56400000 3390.00000 329.22000 38.50100 258.01700
10 5 21 05 59 48615.30000 106.56700000 3395.00000 329.81000 38.50100 258.42900
