M=[
24 1 21 10 17 26811.40000 6.33800000 1101.01000 115.86000 17.95600 73.87000
24 1 21 10 17 26812.60000 6.33800000 1101.00000 115.66000 17.95600 73.87000
24 1 21 10 18 26812.30000 6.33700000 1099.81000 115.66000 17.95600 74.01000
24 1 21 10 18 26795.40000 6.33700000 1097.50000 115.64000 17.95600 74.01000
24 1 21 10 19 26765.50000 6.33700000 1096.01000 115.64000 17.95600 74.01000
24 1 21 10 19 26753.20000 6.33700000 1094.60000 115.56000 17.95600 74.01000
24 1 21 10 19 26748.60000 6.33700000 1093.24000 115.55000 17.95600 74.01000
24 1 21 10 20 26734.10000 6.33700000 1091.08000 115.38000 17.95600 74.01000
24 1 21 10 20 26710.90000 6.33700000 1090.99000 115.43000 18.12700 74.01000
24 1 21 10 21 26716.10000 6.33700000 1092.31000 115.43000 18.12700 73.80000
24 1 21 10 21 26705.00000 6.33700000 1091.90000 115.33000 18.12700 73.80000
24 1 21 10 22 26716.90000 6.33700000 1094.38000 115.33000 18.12700 73.80000
24 1 21 10 22 26736.70000 6.33700000 1095.01000 115.51000 18.12700 73.80000
24 1 21 10 22 26752.30000 6.33700000 1095.22000 115.43000 18.12700 73.55400
24 1 21 10 23 26741.30000 6.33700000 1095.13000 115.43000 18.12700 73.52200
24 1 21 10 23 26756.00000 6.33700000 1096.52000 115.59000 18.12700 73.52200
24 1 21 10 24 26767.10000 6.33700000 1096.10000 115.59000 18.12700 73.51200
24 1 21 10 24 26753.80000 6.33700000 1095.13000 115.59000 18.12700 73.51200
24 1 21 10 25 26753.90000 6.33700000 1095.38000 115.59000 18.12700 73.51200
24 1 21 10 25 26754.90000 6.33700000 1096.02000 115.59000 18.12700 73.51200
24 1 21 10 25 26754.80000 6.33700000 1095.23000 115.59000 18.12700 73.51200
24 1 21 10 26 26739.40000 6.33700000 1095.32000 115.59000 18.12700 73.51200
24 1 21 10 26 26747.10000 6.33700000 1095.87000 115.59000 18.12700 73.64000
24 1 21 10 27 26755.00000 6.33700000 1095.99000 115.59000 18.12700 73.64000
24 1 21 10 27 26755.00000 6.33700000 1096.59000 115.59000 18.12700 73.64000
24 1 21 10 28 26771.20000 6.33700000 1096.97000 115.63000 18.12700 73.64000
24 1 21 10 28 26771.20000 6.33700000 1096.61000 115.63000 18.12700 73.64000
24 1 21 10 28 26769.10000 6.33700000 1096.60000 115.63000 18.12700 73.64000
24 1 21 10 29 26745.20000 6.33700000 1095.33000 115.63000 18.12700 73.64000
24 1 21 10 29 26739.70000 6.30400000 1094.01000 115.51000 18.12700 73.64000
24 1 21 10 30 26745.10000 6.30400000 1093.83000 115.51000 18.12700 73.64000
24 1 21 10 30 26745.50000 6.30400000 1093.78000 115.51000 18.12700 73.64000
24 1 21 10 31 26745.90000 6.30400000 1094.99000 115.51000 18.12700 73.64000
24 1 21 10 31 26765.30000 6.30400000 1094.99000 115.51000 18.12700 73.64000
24 1 21 10 31 26765.30000 6.30400000 1094.92000 115.51000 18.12700 73.75100
24 1 21 10 32 26762.10000 6.30400000 1095.00000 115.51000 18.19300 73.75100
24 1 21 10 32 26762.20000 6.30400000 1095.00000 115.47000 18.19300 73.75100
24 1 21 10 33 26763.00000 6.30400000 1095.05000 115.47000 18.19300 73.71900
24 1 21 10 33 26763.10000 6.30400000 1095.05000 115.47000 18.19300 73.71900
24 1 21 10 34 26763.10000 6.30400000 1095.83000 115.66000 18.19300 73.71900
24 1 21 10 34 26767.50000 6.28100000 1096.00000 115.66000 18.19300 73.71900
24 1 21 10 34 26776.90000 6.28100000 1095.74000 115.66000 18.19300 73.71400
24 1 21 10 35 26776.80000 6.28100000 1095.72000 115.66000 18.19300 73.71400
24 1 21 10 35 26776.80000 6.28100000 1096.32000 115.66000 18.19300 73.71400
24 1 21 10 36 26776.90000 6.28100000 1096.34000 115.66000 18.19300 73.66800
24 1 21 10 36 26777.00000 6.28100000 1096.35000 115.68000 18.19300 73.66800
24 1 21 10 37 26777.00000 6.28100000 1096.55000 115.68000 18.19300 73.66800
24 1 21 10 37 26777.00000 6.28100000 1096.51000 115.71000 18.19300 73.66800
24 1 21 10 37 26777.00000 6.28100000 1096.59000 115.71000 18.19300 73.66800
24 1 21 10 38 26779.10000 6.28100000 1097.00000 115.79000 18.19300 73.66800
24 1 21 10 38 26812.20000 6.28100000 1098.00000 115.79000 18.19300 73.66800
24 1 21 10 39 26810.90000 6.28100000 1097.96000 115.79000 18.19300 73.66800
24 1 21 10 39 26810.90000 6.28100000 1096.89000 115.79000 18.19300 73.66800
24 1 21 10 39 26795.40000 6.30900000 1096.66000 115.70000 18.19300 73.66800
24 1 21 10 40 26799.80000 6.30900000 1097.58000 115.70000 18.16500 74.00400
24 1 21 10 40 26795.40000 6.30900000 1097.02000 115.74000 18.10000 74.00400
24 1 21 10 41 26799.30000 6.30900000 1097.89000 115.74000 18.10000 74.00400
24 1 21 10 41 26799.30000 6.30900000 1097.94000 115.74000 18.10000 74.00400
24 1 21 10 42 26799.40000 6.30900000 1098.16000 115.74000 18.10000 74.00400
24 1 21 10 42 26801.30000 6.30900000 1097.81000 115.74000 18.10000 74.00400
24 1 21 10 42 26802.40000 6.32800000 1098.16000 115.74000 18.10000 74.00400
24 1 21 10 43 26798.20000 6.32800000 1098.06000 115.70000 18.10000 74.00400
24 1 21 10 43 26795.30000 6.32800000 1097.55000 115.70000 18.10000 74.00400
24 1 21 10 44 26805.40000 6.32800000 1097.54000 115.72000 18.10000 74.00400
24 1 21 10 44 26782.70000 6.32800000 1097.82000 115.70000 18.10000 74.00400
24 1 21 10 45 26795.40000 6.32800000 1097.73000 115.70000 18.10000 74.00400
24 1 21 10 45 26808.40000 6.32800000 1097.65000 115.76000 18.10000 74.00400
24 1 21 10 45 26814.90000 6.32800000 1098.13000 115.76000 18.10000 74.00400
24 1 21 10 46 26815.00000 6.32800000 1098.99000 115.75000 18.10000 73.90000
24 1 21 10 46 26819.30000 6.32800000 1098.99000 115.75000 18.10000 73.90000
24 1 21 10 47 26826.10000 6.32800000 1099.80000 115.75000 18.10000 73.90000
24 1 21 10 47 26815.00000 6.32800000 1099.60000 115.80000 18.10000 73.90000
24 1 21 10 48 26807.60000 6.32800000 1099.00000 115.78000 18.10000 73.90000
24 1 21 10 48 26788.00000 6.32800000 1098.00000 115.58000 18.10000 73.90000
24 1 21 10 48 26815.00000 6.32800000 1099.37000 115.58000 18.10000 73.90000
24 1 21 10 49 26815.00000 6.32800000 1099.99000 115.58000 18.10000 73.90000
24 1 21 10 49 26815.00000 6.32800000 1100.60000 115.79000 18.10000 73.90000
24 1 21 10 50 26841.70000 6.32800000 1100.85000 115.80000 18.10000 73.90000
24 1 21 10 50 26841.00000 6.30500000 1101.29000 115.88000 18.10000 73.90000
24 1 21 10 51 26843.70000 6.31900000 1101.30000 116.00000 18.10000 73.90000
24 1 21 10 51 26826.20000 6.31900000 1101.51000 116.01000 18.10000 73.90000
24 1 21 10 51 26828.50000 6.33600000 1101.20000 116.06000 18.10000 73.90000
24 1 21 10 52 26825.70000 6.33900000 1101.53000 116.12000 18.10000 74.19400
24 1 21 10 52 26834.00000 6.33900000 1101.54000 116.17000 18.10000 74.19400
24 1 21 10 53 26838.80000 6.33900000 1101.31000 116.17000 18.10000 74.43600
24 1 21 10 53 26838.80000 6.33900000 1101.00000 116.20000 18.10000 74.43600
24 1 21 10 54 26838.70000 6.33900000 1100.78000 116.09000 18.10000 74.43600
24 1 21 10 54 26825.10000 6.33900000 1100.11000 116.09000 18.10000 74.43600
24 1 21 10 54 26838.20000 6.33900000 1099.75000 116.11000 18.10000 74.68200
24 1 21 10 55 26828.20000 6.34100000 1099.83000 116.20000 18.10000 74.68200
24 1 21 10 55 26846.30000 6.34100000 1099.98000 116.27000 18.10000 74.71300
24 1 21 10 56 26849.90000 6.34100000 1099.73000 116.30000 18.10000 74.71300
24 1 21 10 56 26854.70000 6.34100000 1101.30000 116.29000 18.10000 74.71300
24 1 21 10 57 26854.70000 6.34100000 1101.29000 116.39000 18.10000 74.71300
24 1 21 10 57 26858.60000 6.34100000 1101.30000 116.46000 18.10000 74.71300
24 1 21 10 57 26869.90000 6.34800000 1101.99000 116.45000 18.10000 74.50200
24 1 21 10 58 26873.90000 6.31800000 1101.19000 116.45000 18.10000 74.50200
24 1 21 10 58 26866.60000 6.31800000 1101.05000 116.41000 18.10000 74.47200
24 1 21 10 59 26878.40000 6.31800000 1101.55000 116.40000 18.10000 74.47200
24 1 21 10 59 26875.70000 6.31800000 1101.53000 116.47000 18.10000 74.47200
24 1 21 11 00 26878.30000 6.34000000 1102.00000 116.46000 18.18300 74.47200
24 1 21 11 00 26925.10000 6.34000000 1102.99000 116.48000 18.18300 74.44100
24 1 21 11 00 26919.00000 6.34000000 1103.49000 116.48000 18.18300 74.44100
24 1 21 11 01 26931.70000 6.34000000 1103.99000 116.48000 18.18300 74.48200
24 1 21 11 01 26934.80000 6.34000000 1103.99000 116.48000 18.18300 74.48200
