M=[
17 12 20 00 13 17403.60000 5.30800000 524.42000 75.88000 13.99000 59.96900
17 12 20 00 13 17425.10000 5.30800000 525.00000 75.88000 13.99000 59.96900
17 12 20 00 14 17415.00000 5.30800000 525.29000 75.92000 13.99000 59.96900
17 12 20 00 14 17417.90000 5.30800000 525.49000 76.11000 13.99000 59.96900
17 12 20 00 15 17436.20000 5.30800000 525.76000 76.11000 13.99000 59.96900
17 12 20 00 15 17433.80000 5.30800000 526.43000 76.31000 13.99000 59.96900
17 12 20 00 15 17438.00000 5.31000000 527.39000 76.41000 13.99000 59.96900
17 12 20 00 16 17435.10000 5.31000000 527.56000 76.46000 13.99000 59.96900
17 12 20 00 16 17468.20000 5.31000000 528.00000 76.60000 13.99000 59.96900
17 12 20 00 17 17463.20000 5.31000000 528.15000 76.63000 13.99000 59.96900
17 12 20 00 17 17460.00000 5.31000000 528.00000 76.65000 13.99000 59.96900
17 12 20 00 18 17456.30000 5.31000000 527.86000 76.65000 14.09500 59.96900
17 12 20 00 18 17463.80000 5.31000000 527.91000 76.64000 14.09500 60.17400
17 12 20 00 18 17468.20000 5.31000000 527.99000 76.65000 14.09600 60.17400
17 12 20 00 19 17465.60000 5.31000000 527.97000 76.57000 14.09600 60.17400
17 12 20 00 19 17465.60000 5.31000000 528.13000 76.56000 14.09600 60.17400
17 12 20 00 20 17473.10000 5.31000000 528.54000 76.69000 14.09600 60.17400
17 12 20 00 20 17480.20000 5.30500000 528.88000 76.77000 14.09600 60.22900
17 12 20 00 21 17483.70000 5.30500000 529.30000 76.76000 14.09600 60.22900
17 12 20 00 21 17495.40000 5.30500000 529.73000 76.99000 14.09600 60.22900
17 12 20 00 21 17489.70000 5.30500000 529.81000 76.93000 14.09600 60.22900
17 12 20 00 22 17465.40000 5.30500000 528.99000 76.93000 14.09600 60.22900
17 12 20 00 22 17465.40000 5.30500000 529.13000 76.93000 14.09600 60.22900
17 12 20 00 23 17482.80000 5.30500000 530.00000 77.00000 14.09600 60.22900
17 12 20 00 23 17460.00000 5.30500000 529.36000 76.93000 14.09600 60.22900
17 12 20 00 24 17460.00000 5.30500000 529.00000 76.93000 14.09600 60.22900
17 12 20 00 24 17460.00000 5.30500000 529.03000 76.93000 14.09600 60.22900
17 12 20 00 24 17460.00000 5.30500000 528.41000 76.84000 14.09600 60.22900
17 12 20 00 25 17460.60000 5.30500000 528.52000 76.85000 14.09600 60.22900
17 12 20 00 25 17460.50000 5.30500000 528.08000 76.65000 14.09600 60.22900
17 12 20 00 26 17439.30000 5.30500000 527.64000 76.47000 14.09600 60.22900
17 12 20 00 26 17449.60000 5.30900000 528.05000 76.54000 14.05100 60.22900
17 12 20 00 27 17437.90000 5.30900000 527.72000 76.54000 14.13100 60.22900
17 12 20 00 27 17435.10000 5.30900000 527.55000 76.47000 14.13100 60.22900
17 12 20 00 27 17420.90000 5.30900000 527.18000 76.45000 14.13100 60.22900
17 12 20 00 28 17421.20000 5.30900000 527.02000 76.39000 14.13100 60.22900
17 12 20 00 28 17415.10000 5.30900000 527.15000 76.33000 14.13100 60.22900
17 12 20 00 29 17424.30000 5.30900000 527.99000 76.47000 13.99000 60.22900
17 12 20 00 29 17423.10000 5.30900000 527.97000 76.47000 13.99000 60.22900
17 12 20 00 30 17416.20000 5.30900000 527.95000 76.33000 13.99000 60.22900
17 12 20 00 30 17408.80000 5.30900000 526.77000 76.33000 13.99000 60.22900
17 12 20 00 30 17403.60000 5.30900000 526.47000 76.24000 13.99000 60.22900
17 12 20 00 31 17400.00000 5.30900000 526.08000 76.18000 13.99000 60.22900
17 12 20 00 31 17396.20000 5.30900000 526.00000 76.16000 13.99000 60.22900
17 12 20 00 32 17404.60000 5.30900000 526.01000 76.16000 13.99000 60.22900
17 12 20 00 32 17396.90000 5.30900000 525.81000 75.90000 13.99000 60.22900
17 12 20 00 33 17410.70000 5.30900000 525.79000 75.90000 13.99000 60.22900
17 12 20 00 33 17430.00000 5.30900000 526.11000 75.81000 13.99000 60.22900
17 12 20 00 33 17411.80000 5.30900000 524.78000 75.51000 13.99000 60.22900
17 12 20 00 34 17397.60000 5.28400000 524.45000 75.56000 13.99000 60.22900
17 12 20 00 34 17411.00000 5.28400000 525.00000 75.56000 13.99000 60.22900
17 12 20 00 35 17411.00000 5.28400000 525.76000 75.74000 13.99000 60.22900
17 12 20 00 35 17407.60000 5.28400000 525.43000 75.78000 13.99000 60.22900
17 12 20 00 36 17415.10000 5.28400000 525.11000 75.83000 13.99000 60.22900
17 12 20 00 36 17422.80000 5.28400000 525.06000 75.83000 13.99000 60.22900
17 12 20 00 36 17418.30000 5.28400000 524.99000 75.68000 13.99000 60.22900
17 12 20 00 37 17414.10000 5.28400000 525.11000 75.52000 13.99000 60.22900
17 12 20 00 37 17414.20000 5.28400000 524.90000 75.28000 13.99000 59.80300
17 12 20 00 38 17400.10000 5.28400000 524.24000 75.27000 13.99000 59.80300
17 12 20 00 38 17412.00000 5.28400000 524.78000 75.39000 13.99000 59.80300
17 12 20 00 39 17434.40000 5.28400000 525.29000 75.50000 13.99000 59.80300
17 12 20 00 39 17435.00000 5.28400000 525.94000 75.50000 13.99000 59.80300
17 12 20 00 39 17437.70000 5.28400000 526.19000 75.64000 13.99000 59.80300
17 12 20 00 40 17434.00000 5.28400000 526.19000 75.42000 13.99000 59.80300
17 12 20 00 40 17435.80000 5.28400000 526.19000 75.42000 13.99000 59.80300
17 12 20 00 41 17423.70000 5.31600000 524.73000 75.21000 13.99000 59.80300
17 12 20 00 41 17432.20000 5.31600000 524.73000 75.20000 14.04200 59.80300
17 12 20 00 42 17424.10000 5.31600000 523.99000 75.15000 13.99000 59.80300
17 12 20 00 42 17417.50000 5.31600000 523.99000 75.10000 13.99000 59.80300
17 12 20 00 42 17429.00000 5.28400000 524.74000 75.37000 13.99000 59.80300
17 12 20 00 43 17450.40000 5.28400000 525.45000 75.50000 13.99000 59.80300
17 12 20 00 43 17470.00000 5.28400000 526.40000 75.63000 13.99000 59.80300
17 12 20 00 44 17470.10000 5.28400000 526.30000 75.69000 13.99000 59.85800
17 12 20 00 44 17470.60000 5.28400000 526.38000 75.64000 13.99000 59.85800
17 12 20 00 45 17470.60000 5.28400000 526.45000 75.58000 13.99000 59.85800
17 12 20 00 45 17470.70000 5.28400000 526.51000 75.58000 13.99000 59.85800
17 12 20 00 45 17470.70000 5.28400000 526.51000 75.58000 13.99000 59.85800
17 12 20 00 46 17470.70000 5.28400000 526.40000 75.58000 13.99000 59.85800
17 12 20 00 46 17470.70000 5.28400000 526.50000 75.58000 13.99000 59.85800
17 12 20 00 47 17470.70000 5.28400000 526.46000 75.58000 13.99000 59.85800
17 12 20 00 47 17471.70000 5.28400000 526.46000 75.58000 13.99000 59.85800
17 12 20 00 48 17467.70000 5.28400000 526.03000 75.58000 13.99000 59.85800
17 12 20 00 48 17467.50000 5.28400000 526.03000 75.58000 13.99000 59.85800
17 12 20 00 48 17464.90000 5.28400000 525.70000 75.58000 13.99000 59.85800
17 12 20 00 49 17466.20000 5.28400000 526.07000 75.70000 13.99000 59.85800
17 12 20 00 49 17466.60000 5.28400000 526.25000 75.70000 13.99000 59.85800
17 12 20 00 50 17465.00000 5.28400000 526.17000 75.77000 13.99000 59.85800
17 12 20 00 50 17467.40000 5.28400000 526.19000 75.79000 13.99000 59.85800
17 12 20 00 51 17466.80000 5.28400000 526.19000 75.79000 13.99000 59.85800
17 12 20 00 51 17463.50000 5.28400000 526.28000 75.79000 13.99000 59.85800
17 12 20 00 51 17466.40000 5.28400000 526.20000 75.70000 13.99000 59.85800
17 12 20 00 52 17466.40000 5.28400000 525.90000 75.70000 13.99000 59.85800
17 12 20 00 52 17466.50000 5.28400000 525.90000 75.69000 13.99000 59.85800
17 12 20 00 53 17484.70000 5.28400000 526.28000 75.69000 13.99000 59.85800
17 12 20 00 53 17500.00000 5.28400000 526.28000 75.69000 13.99000 59.85800
17 12 20 00 54 17499.90000 5.28400000 526.31000 75.69000 13.99000 59.85800
17 12 20 00 54 17499.90000 5.28400000 526.69000 75.80000 13.99000 59.85800
17 12 20 00 54 17499.90000 5.28400000 526.73000 75.90000 13.99000 59.85800
17 12 20 00 55 17506.10000 5.28400000 527.32000 75.90000 13.99000 59.85800
17 12 20 00 55 17499.90000 5.28400000 527.92000 76.01000 13.99000 59.85800
17 12 20 00 56 17500.00000 5.28400000 528.23000 76.08000 13.99000 59.85800
17 12 20 00 56 17500.00000 5.28400000 528.24000 76.08000 13.99000 59.91400
17 12 20 00 57 17497.10000 5.28400000 528.12000 76.12000 13.99000 59.91400
17 12 20 00 57 17493.90000 5.28400000 527.56000 76.12000 13.99000 59.91400
17 12 20 00 57 17491.70000 5.28400000 527.66000 76.14000 13.99000 59.91400
17 12 20 00 58 17495.00000 5.28400000 527.83000 76.14000 13.99000 59.91400
