M=[
 9 12 20 20 29 15138.90000 5.05900000 470.46000 62.70000 14.48300 56.69300
 9 12 20 20 30 15144.80000 5.05900000 470.46000 62.70000 14.48300 56.69300
 9 12 20 20 30 15139.80000 5.05900000 470.69000 62.70000 14.48300 56.50300
 9 12 20 20 31 15139.80000 5.05900000 470.70000 62.70000 14.48300 56.50300
 9 12 20 20 31 15134.70000 5.05900000 470.69000 62.74000 14.48300 56.50300
 9 12 20 20 32 15101.60000 5.05900000 470.00000 62.69000 14.42500 56.50300
 9 12 20 20 32 15118.20000 5.05900000 470.00000 62.69000 14.42500 56.50300
 9 12 20 20 32 15106.90000 5.05900000 470.35000 62.69000 14.42500 56.50300
 9 12 20 20 33 15111.30000 5.05900000 470.35000 62.69000 14.42500 56.50300
 9 12 20 20 33 15116.70000 5.05900000 470.49000 62.69000 14.40900 56.50300
 9 12 20 20 34 15108.70000 5.05900000 470.50000 62.69000 14.40900 56.50300
 9 12 20 20 34 15118.10000 5.05900000 470.49000 62.69000 14.40900 56.50300
 9 12 20 20 35 15112.30000 5.05900000 471.01000 62.76000 14.40900 56.50300
 9 12 20 20 35 15114.50000 5.05900000 471.76000 62.78000 14.40900 56.50300
 9 12 20 20 35 15112.40000 5.05900000 471.61000 62.78000 14.40900 56.50300
 9 12 20 20 36 15105.70000 5.05900000 471.62000 62.78000 14.40900 56.50300
 9 12 20 20 36 15105.80000 5.05900000 471.58000 62.78000 14.54200 56.50300
 9 12 20 20 37 15110.00000 5.05900000 471.53000 62.84000 14.54200 56.50300
 9 12 20 20 37 15109.00000 5.05900000 471.53000 62.84000 14.41000 56.50300
 9 12 20 20 38 15109.70000 5.05900000 471.52000 62.85000 14.41000 56.50300
 9 12 20 20 38 15112.00000 5.05900000 471.52000 62.85000 14.41000 56.50300
 9 12 20 20 38 15108.60000 5.05900000 471.52000 62.85000 14.41000 56.50300
 9 12 20 20 39 15106.80000 5.05900000 471.75000 62.85000 14.41000 56.50300
 9 12 20 20 39 15108.50000 5.05900000 471.75000 62.88000 14.41000 56.50300
 9 12 20 20 40 15109.60000 5.05900000 471.78000 62.88000 14.41000 56.50300
 9 12 20 20 40 15109.60000 5.05900000 471.73000 62.88000 14.41000 56.50300
 9 12 20 20 41 15109.60000 5.05900000 471.99000 62.88000 14.41000 56.50300
 9 12 20 20 41 15120.90000 5.05900000 472.34000 62.88000 14.41000 56.46600
 9 12 20 20 41 15113.90000 5.05900000 472.27000 62.88000 14.41000 56.34900
 9 12 20 20 42 15116.60000 5.05900000 472.49000 62.89000 14.41000 56.34900
 9 12 20 20 42 15127.00000 5.05900000 473.07000 62.89000 14.41000 56.34900
 9 12 20 20 43 15128.10000 5.07900000 473.04000 62.89000 14.41000 56.34900
 9 12 20 20 43 15125.00000 5.07900000 472.94000 62.89000 14.41000 56.34900
 9 12 20 20 44 15128.10000 5.07900000 473.04000 62.93000 14.41000 56.41500
 9 12 20 20 44 15128.70000 5.07900000 473.16000 62.93000 14.41000 56.41500
 9 12 20 20 45 15128.60000 5.07900000 473.60000 62.93000 14.41000 56.41500
 9 12 20 20 45 15136.70000 5.05600000 473.62000 62.93000 14.41000 56.41500
 9 12 20 20 45 15138.30000 5.05600000 473.94000 62.93000 14.41000 56.41500
 9 12 20 20 46 15136.90000 5.05600000 473.86000 62.93000 14.41000 56.41500
 9 12 20 20 46 15137.80000 5.05600000 473.86000 62.93000 14.41000 56.34100
 9 12 20 20 47 15142.50000 5.05600000 473.99000 62.93000 14.41000 56.34100
 9 12 20 20 47 15150.30000 5.05600000 474.62000 63.22000 14.41000 56.34100
 9 12 20 20 48 15150.40000 5.05600000 475.00000 63.22000 14.40900 56.34100
 9 12 20 20 48 15154.80000 5.05600000 474.99000 63.22000 14.40900 56.34100
 9 12 20 20 48 15154.80000 5.05600000 474.71000 63.21000 14.40900 56.45200
 9 12 20 20 49 15148.90000 5.05600000 474.73000 63.23000 14.40900 56.45200
 9 12 20 20 49 15150.20000 5.05600000 474.81000 63.22000 14.40900 56.45200
 9 12 20 20 50 15152.00000 5.05600000 474.91000 63.18000 14.40900 56.45200
 9 12 20 20 50 15200.00000 5.05600000 475.40000 63.29000 14.28000 56.45200
 9 12 20 20 51 15198.70000 5.05600000 475.64000 63.36000 14.26000 56.48700
 9 12 20 20 51 15200.50000 5.05600000 475.65000 63.37000 14.26000 56.48700
 9 12 20 20 51 15212.80000 5.09200000 475.65000 63.37000 14.28000 56.62100
 9 12 20 20 52 15205.80000 5.09200000 475.49000 63.40000 14.28000 56.65900
 9 12 20 20 52 15200.10000 5.09200000 474.90000 63.40000 14.28000 56.70800
 9 12 20 20 53 15192.50000 5.09200000 474.96000 63.37000 14.27900 56.70800
 9 12 20 20 53 15195.10000 5.09200000 474.74000 63.32000 14.27900 56.70800
 9 12 20 20 54 15202.00000 5.09200000 475.12000 63.36000 14.27900 56.70800
 9 12 20 20 54 15203.70000 5.09200000 475.33000 63.31000 14.27900 56.70800
 9 12 20 20 54 15203.80000 5.09200000 474.94000 63.36000 14.27900 56.70800
 9 12 20 20 55 15190.30000 5.09400000 475.00000 63.36000 14.27900 56.70800
 9 12 20 20 55 15191.80000 5.09400000 474.91000 63.36000 14.33800 56.70800
 9 12 20 20 56 15198.30000 5.09400000 475.00000 63.36000 14.32100 56.70800
 9 12 20 20 56 15199.70000 5.09400000 474.99000 63.36000 14.03000 56.70800
 9 12 20 20 57 15200.90000 5.09400000 475.40000 63.36000 14.22700 56.70800
 9 12 20 20 57 15196.10000 5.09400000 475.33000 63.36000 14.22700 56.70800
 9 12 20 20 57 15198.40000 5.09400000 475.33000 63.42000 14.22700 56.70800
 9 12 20 20 58 15197.10000 5.09400000 475.24000 63.44000 14.22700 56.85500
 9 12 20 20 58 15197.60000 5.09400000 475.24000 63.44000 14.22700 56.85500
 9 12 20 20 59 15197.10000 5.09400000 475.41000 63.44000 14.22700 56.85500
 9 12 20 20 59 15196.10000 5.09400000 475.11000 63.46000 14.22700 56.85500
 9 12 20 21 00 15188.70000 5.09400000 475.20000 63.44000 14.20700 56.85500
 9 12 20 21 00 15188.60000 5.09900000 474.38000 63.42000 14.24800 56.85500
 9 12 20 21 00 15190.30000 5.09900000 474.12000 63.32000 14.24800 56.85500
 9 12 20 21 01 15197.50000 5.09900000 474.86000 63.32000 14.24800 56.85500
 9 12 20 21 01 15194.10000 5.09900000 474.96000 63.32000 14.24800 56.85500
 9 12 20 21 02 15196.10000 5.09900000 475.09000 63.42000 14.24800 56.85500
 9 12 20 21 02 15196.10000 5.09900000 475.47000 63.42000 14.24800 56.77700
 9 12 20 21 03 15195.00000 5.09900000 474.92000 63.42000 14.24800 56.77700
 9 12 20 21 03 15196.70000 5.09900000 475.28000 63.42000 14.24800 56.77700
 9 12 20 21 03 15200.10000 5.09900000 475.26000 63.56000 14.24800 56.77700
 9 12 20 21 04 15202.60000 5.09900000 475.50000 63.57000 14.23400 56.77700
 9 12 20 21 04 15202.70000 5.09900000 475.84000 63.59000 14.23400 56.77700
 9 12 20 21 05 15205.20000 5.09900000 476.00000 63.60000 14.23400 56.77700
 9 12 20 21 05 15225.70000 5.10000000 476.25000 63.60000 14.23400 56.77700
 9 12 20 21 06 15226.40000 5.10000000 476.62000 63.60000 14.23400 56.77700
 9 12 20 21 06 15227.00000 5.10000000 476.46000 63.73000 14.23400 56.77700
 9 12 20 21 06 15227.10000 5.10000000 476.64000 63.73000 14.23400 56.77700
 9 12 20 21 07 15227.60000 5.10000000 476.64000 63.73000 14.22000 56.77700
 9 12 20 21 07 15227.20000 5.10000000 476.86000 63.74000 14.22000 56.77700
 9 12 20 21 08 15228.70000 5.10000000 476.63000 63.81000 14.22000 56.77700
 9 12 20 21 08 15230.00000 5.10000000 476.63000 63.81000 14.20600 56.77700
 9 12 20 21 09 15244.20000 5.10000000 476.63000 63.81000 14.20600 56.77700
 9 12 20 21 09 15250.00000 5.10000000 477.05000 63.81000 14.23000 56.77700
 9 12 20 21 09 15262.40000 5.10000000 477.13000 63.82000 14.23000 56.77700
 9 12 20 21 10 15262.30000 5.10000000 477.05000 63.81000 14.23000 56.77700
 9 12 20 21 10 15279.20000 5.10000000 477.41000 63.92000 14.23000 56.77700
 9 12 20 21 11 15280.00000 5.10000000 477.58000 63.92000 14.23000 56.77700
 9 12 20 21 11 15280.00000 5.10000000 477.41000 64.00000 14.23000 56.77700
 9 12 20 21 12 15280.00000 5.10000000 477.69000 64.04000 14.23000 56.77700
 9 12 20 21 12 15282.00000 5.10000000 478.38000 64.10000 14.23000 57.13200
 9 12 20 21 12 15287.70000 5.10000000 478.28000 64.19000 14.23000 57.13200
 9 12 20 21 13 15287.80000 5.10000000 478.27000 64.19000 14.23000 57.13200
 9 12 20 21 13 15287.80000 5.10000000 478.27000 64.19000 14.23000 57.13200
 9 12 20 21 14 15300.00000 5.10000000 478.12000 64.19000 14.23000 57.13200
 9 12 20 21 14 15300.00000 5.10000000 478.07000 64.19000 14.23000 57.13200
 9 12 20 21 15 15299.90000 5.10000000 477.53000 64.19000 14.23000 57.11600
