M=[
29 7 20 06 06 9393.30000 6.34000000 273.77000 48.13000 17.50000 61.34900
29 7 20 06 07 9403.20000 6.34000000 273.79000 48.20000 17.50000 61.34900
29 7 20 06 07 9414.90000 6.36600000 273.95000 48.45000 17.50000 61.34900
29 7 20 06 08 9404.30000 6.36600000 273.39000 48.45000 17.50000 61.34900
29 7 20 06 08 9400.10000 6.36600000 273.42000 48.28000 17.50000 61.53300
29 7 20 06 09 9400.10000 6.36600000 273.25000 48.28000 17.50000 61.49700
29 7 20 06 10 9413.10000 6.36600000 273.68000 48.28000 17.50000 61.49700
29 7 20 06 10 9411.90000 6.36600000 273.68000 48.32000 17.50000 61.49700
29 7 20 06 11 9412.80000 6.36600000 273.74000 48.32000 17.50000 61.49700
29 7 20 06 11 9413.90000 6.36600000 273.42000 48.32000 17.45000 61.49700
29 7 20 06 12 9402.00000 6.36600000 273.26000 48.17000 17.45000 61.27000
29 7 20 06 12 9410.40000 6.36600000 273.74000 48.17000 17.45000 61.27000
29 7 20 06 13 9408.50000 6.36600000 273.38000 48.17000 17.45000 61.27000
29 7 20 06 13 9402.00000 6.36600000 273.22000 48.17000 17.45000 61.27000
29 7 20 06 14 9400.00000 6.36600000 273.23000 48.17000 17.45000 61.27000
29 7 20 06 14 9394.30000 6.36600000 273.09000 48.17000 17.45000 61.27000
29 7 20 06 15 9397.90000 6.36600000 273.09000 48.17000 17.45000 61.27000
29 7 20 06 15 9401.80000 6.36600000 273.27000 48.17000 17.45000 61.27000
29 7 20 06 16 9398.10000 6.36600000 272.92000 48.17000 17.45000 61.27000
29 7 20 06 16 9395.80000 6.36600000 272.95000 48.17000 17.45000 61.27000
29 7 20 06 17 9395.20000 6.36600000 273.04000 48.17000 17.45000 61.27000
29 7 20 06 17 9395.20000 6.36600000 273.08000 48.17000 17.45000 61.27000
29 7 20 06 18 9398.50000 6.36600000 273.34000 48.17000 17.45000 61.27000
29 7 20 06 18 9400.00000 6.36600000 273.20000 48.17000 17.46000 61.27000
29 7 20 06 19 9395.00000 6.36600000 272.89000 48.09000 17.46000 61.27000
29 7 20 06 19 9388.60000 6.36600000 272.71000 48.08000 17.45500 61.27000
29 7 20 06 20 9388.00000 6.36600000 272.61000 48.08000 17.45500 61.27000
29 7 20 06 20 9393.80000 6.36600000 273.01000 48.12000 17.45500 61.27000
29 7 20 06 21 9393.40000 6.36600000 272.90000 48.12000 17.45500 61.27000
29 7 20 06 21 9394.00000 6.36600000 272.82000 48.12000 17.45500 61.27000
29 7 20 06 22 9398.00000 6.36600000 273.07000 48.11000 17.45500 61.27000
29 7 20 06 22 9396.50000 6.36600000 272.95000 48.11000 17.45500 61.27000
29 7 20 06 23 9396.10000 6.36600000 272.86000 48.11000 17.45500 61.27000
29 7 20 06 23 9396.00000 6.36600000 272.86000 48.11000 17.45500 61.27000
29 7 20 06 24 9399.90000 6.35000000 273.54000 48.11000 17.45500 61.27000
29 7 20 06 24 9400.00000 6.35000000 273.88000 48.11000 17.45500 61.27000
29 7 20 06 25 9406.20000 6.35000000 273.97000 48.11000 17.45500 61.27000
29 7 20 06 25 9408.40000 6.35000000 274.10000 48.15000 17.45500 61.22900
29 7 20 06 26 9414.30000 6.35000000 274.16000 48.15000 17.45500 61.22900
29 7 20 06 26 9412.10000 6.35000000 274.17000 48.15000 17.45500 61.22900
29 7 20 06 27 9410.60000 6.35000000 274.17000 48.15000 17.45500 61.22900
29 7 20 06 27 9412.00000 6.35000000 274.18000 48.15000 17.45500 61.22900
29 7 20 06 27 9412.10000 6.35000000 274.10000 48.31000 17.45500 61.22900
29 7 20 06 28 9409.90000 6.35000000 274.05000 48.31000 17.45500 61.22900
29 7 20 06 28 9405.70000 6.35000000 274.04000 48.31000 17.45500 61.22900
29 7 20 06 29 9398.20000 6.35000000 273.71000 48.09000 17.45500 61.22900
29 7 20 06 29 9393.50000 6.35000000 273.43000 48.11000 17.45500 61.22900
29 7 20 06 30 9394.40000 6.35000000 273.63000 48.11000 17.45500 61.22900
29 7 20 06 30 9394.40000 6.35000000 273.63000 48.11000 17.45500 61.22900
29 7 20 06 31 9391.90000 6.35000000 273.70000 48.15000 17.45500 61.22900
29 7 20 06 31 9391.90000 6.35000000 273.45000 48.15000 17.45500 61.22900
29 7 20 06 32 9389.90000 6.35000000 273.87000 48.15000 17.45500 61.22900
29 7 20 06 32 9397.00000 6.35000000 274.00000 48.20000 17.45500 61.22900
29 7 20 06 33 9397.00000 6.35000000 273.93000 48.20000 17.45500 61.22900
29 7 20 06 33 9388.00000 6.35000000 273.58000 48.18000 17.45500 61.22900
29 7 20 06 34 9388.20000 6.35000000 273.58000 48.18000 17.45500 61.22900
29 7 20 06 34 9388.10000 6.35000000 273.67000 48.19000 17.45500 61.22900
29 7 20 06 35 9388.80000 6.35000000 273.91000 48.18000 17.45500 61.22900
29 7 20 06 35 9392.80000 6.35000000 273.91000 48.18000 17.45500 61.22900
29 7 20 06 36 9392.10000 6.35000000 273.90000 48.18000 17.45500 61.22900
29 7 20 06 36 9393.10000 6.35700000 274.04000 48.18000 17.45500 61.22900
29 7 20 06 37 9393.00000 6.35700000 274.04000 48.18000 17.45500 61.34400
29 7 20 06 37 9393.00000 6.35700000 274.43000 48.18000 17.45500 61.34400
29 7 20 06 38 9397.30000 6.35700000 274.42000 48.18000 17.45500 61.34400
29 7 20 06 38 9407.80000 6.35700000 274.79000 48.18000 17.45500 61.34400
29 7 20 06 39 9407.80000 6.35700000 274.76000 48.18000 17.53700 61.34400
29 7 20 06 39 9401.70000 6.35700000 274.43000 48.18000 17.53700 61.34400
29 7 20 06 40 9401.70000 6.34600000 274.43000 48.18000 17.53700 61.34400
29 7 20 06 40 9405.20000 6.34600000 274.72000 48.18000 17.53700 61.32000
29 7 20 06 41 9411.50000 6.34600000 274.95000 48.28000 17.53700 61.32000
29 7 20 06 41 9411.00000 6.34600000 274.94000 48.28000 17.63600 61.32000
29 7 20 06 42 9408.40000 6.34600000 274.95000 48.35000 17.63600 61.32000
29 7 20 06 42 9407.00000 6.34600000 274.73000 48.35000 17.63600 61.32000
29 7 20 06 42 9407.90000 6.34600000 274.71000 48.35000 17.63600 61.32000
29 7 20 06 43 9401.90000 6.34600000 274.71000 48.35000 17.63600 61.32000
29 7 20 06 43 9406.80000 6.34600000 274.72000 48.36000 17.63600 61.32000
29 7 20 06 44 9408.00000 6.34600000 274.72000 48.36000 17.63600 61.26100
29 7 20 06 44 9411.70000 6.34600000 274.85000 48.36000 17.63600 61.26100
29 7 20 06 45 9408.20000 6.34600000 274.79000 48.36000 17.62400 61.26100
29 7 20 06 45 9408.10000 6.34600000 274.85000 48.33000 17.64600 61.26100
29 7 20 06 46 9408.10000 6.34600000 274.70000 48.33000 17.64600 61.26100
29 7 20 06 46 9407.10000 6.34600000 274.44000 48.25000 17.64600 61.26100
29 7 20 06 47 9407.00000 6.34600000 274.68000 48.25000 17.64600 61.26100
29 7 20 06 47 9406.70000 6.34600000 274.73000 48.25000 17.64600 61.26100
29 7 20 06 48 9402.10000 6.34600000 274.68000 48.25000 17.64600 61.26100
29 7 20 06 48 9401.60000 6.34600000 274.63000 48.25000 17.64600 61.26100
29 7 20 06 49 9396.50000 6.34600000 274.47000 48.31000 17.64600 61.26100
29 7 20 06 49 9396.40000 6.34600000 274.45000 48.31000 17.64600 61.26100
29 7 20 06 50 9396.50000 6.34600000 274.31000 48.31000 17.64600 61.32500
29 7 20 06 50 9396.50000 6.34600000 274.24000 48.39000 17.64600 61.43600
29 7 20 06 51 9392.20000 6.34600000 273.73000 48.39000 17.64600 61.47800
29 7 20 06 51 9392.30000 6.34600000 273.79000 48.39000 17.64600 61.44000
29 7 20 06 52 9396.20000 6.34600000 273.85000 48.39000 17.64600 61.44000
29 7 20 06 52 9395.30000 6.34600000 274.24000 48.38000 17.64600 61.44000
29 7 20 06 53 9396.30000 6.34600000 274.18000 48.38000 17.64600 61.44000
29 7 20 06 53 9396.40000 6.34600000 274.30000 48.36000 17.64600 61.44000
29 7 20 06 53 9396.40000 6.34600000 274.51000 48.39000 17.64600 61.44000
29 7 20 06 54 9396.40000 6.34600000 274.32000 48.43000 17.64600 61.44000
29 7 20 06 54 9396.30000 6.34600000 274.62000 48.43000 17.64600 61.44000
29 7 20 06 55 9398.00000 6.34600000 274.68000 48.46000 17.64600 61.44000
29 7 20 06 55 9407.00000 6.34600000 274.73000 48.47000 17.64600 61.44000
29 7 20 06 56 9407.00000 6.34600000 274.73000 48.50000 17.64600 61.44000
29 7 20 06 56 9411.70000 6.34600000 274.86000 48.50000 17.64600 61.44000
29 7 20 06 57 9414.90000 6.34600000 274.88000 48.51000 17.64600 61.44000
29 7 20 06 57 9428.70000 6.37200000 274.94000 48.51000 17.64600 61.44000
29 7 20 06 58 9437.70000 6.37200000 274.96000 48.59000 17.64600 61.44000
29 7 20 06 58 9438.50000 6.37200000 274.86000 48.44000 17.64600 61.44000
29 7 20 06 59 9431.50000 6.36600000 274.68000 48.48000 17.65900 61.44000
29 7 20 06 59 9432.90000 6.36600000 274.50000 48.52000 17.65900 61.44000
