M=[
 2 12 20 06 39 15658.40000 5.21100000 490.16000 72.19000 12.97700 62.50000
 2 12 20 06 39 15647.20000 5.21100000 490.18000 72.19000 12.97700 62.50000
 2 12 20 06 40 15654.80000 5.21100000 490.37000 72.39000 12.97700 62.50000
 2 12 20 06 40 15653.90000 5.21100000 490.37000 72.39000 12.97700 62.50000
 2 12 20 06 41 15652.60000 5.21100000 490.36000 72.33000 12.97700 62.50000
 2 12 20 06 41 15649.30000 5.21100000 490.07000 72.33000 12.97700 62.50000
 2 12 20 06 41 15644.80000 5.21100000 490.01000 72.33000 12.97700 62.50000
 2 12 20 06 42 15628.10000 5.21100000 490.01000 72.33000 12.97700 62.50000
 2 12 20 06 42 15637.30000 5.21100000 490.23000 72.20000 12.97700 62.50000
 2 12 20 06 43 15649.50000 5.21100000 490.28000 72.20000 12.97700 62.50000
 2 12 20 06 43 15649.50000 5.21100000 490.28000 72.27000 12.97700 62.45000
 2 12 20 06 44 15646.20000 5.21100000 490.07000 72.22000 12.97700 62.45000
 2 12 20 06 44 15622.10000 5.21100000 490.07000 72.25000 12.97700 62.45000
 2 12 20 06 44 15608.20000 5.21100000 490.00000 72.16000 12.97700 62.45000
 2 12 20 06 45 15617.50000 5.21100000 489.73000 72.14000 12.97700 62.45000
 2 12 20 06 45 15617.50000 5.21100000 489.77000 72.14000 12.97700 62.45000
 2 12 20 06 46 15615.00000 5.21100000 489.77000 72.14000 12.97700 62.45000
 2 12 20 06 46 15610.00000 5.21100000 489.81000 72.15000 12.97700 62.45000
 2 12 20 06 46 15590.00000 5.21100000 489.00000 72.15000 12.97700 62.45000
 2 12 20 06 47 15580.00000 5.21100000 489.19000 72.15000 12.97700 62.45000
 2 12 20 06 47 15580.00000 5.21100000 489.37000 72.00000 12.97700 62.45000
 2 12 20 06 48 15581.90000 5.21100000 489.00000 72.00000 12.97700 62.45000
 2 12 20 06 48 15586.90000 5.21100000 489.15000 71.99000 12.97700 62.45000
 2 12 20 06 49 15586.80000 5.21100000 489.15000 71.97000 12.97700 62.45000
 2 12 20 06 49 15600.70000 5.21100000 489.05000 72.02000 12.97700 62.45000
 2 12 20 06 49 15595.80000 5.21100000 489.05000 72.02000 12.97700 62.45000
 2 12 20 06 50 15595.90000 5.21100000 489.05000 72.09000 12.97700 62.45000
 2 12 20 06 50 15608.10000 5.21100000 489.44000 72.25000 12.97700 62.45000
 2 12 20 06 51 15604.70000 5.21100000 489.52000 72.25000 12.97700 62.45000
 2 12 20 06 51 15606.50000 5.21100000 489.56000 72.29000 12.97700 62.45000
 2 12 20 06 52 15613.90000 5.21100000 489.99000 72.40000 12.97700 62.45000
 2 12 20 06 52 15615.50000 5.21100000 489.98000 72.40000 12.97700 62.45000
 2 12 20 06 52 15622.90000 5.21100000 490.03000 72.60000 12.97700 62.45000
 2 12 20 06 53 15653.70000 5.21100000 490.96000 72.91000 12.97700 62.45000
 2 12 20 06 53 15651.80000 5.21100000 491.13000 73.00000 12.97700 62.45000
 2 12 20 06 54 15651.80000 5.22200000 491.13000 72.90000 12.97700 62.45000
 2 12 20 06 54 15650.70000 5.22200000 491.13000 72.93000 12.97700 62.45000
 2 12 20 06 55 15625.00000 5.22200000 491.04000 72.97000 12.97700 62.45000
 2 12 20 06 55 15640.50000 5.22200000 491.04000 73.30000 12.97700 62.45000
 2 12 20 06 55 15672.30000 5.22200000 491.34000 73.69000 12.97700 62.72200
 2 12 20 06 56 15679.80000 5.22200000 491.96000 73.50000 12.97700 62.72200
 2 12 20 06 56 15691.00000 5.22200000 491.99000 73.66000 12.97700 62.72200
 2 12 20 06 57 15680.10000 5.21400000 491.98000 73.58000 12.97700 62.72200
 2 12 20 06 57 15686.20000 5.21400000 491.51000 73.59000 12.97700 62.72200
 2 12 20 06 58 15694.50000 5.21400000 491.51000 73.42000 12.97700 62.72200
 2 12 20 06 58 15695.20000 5.21400000 491.51000 73.51000 12.97700 62.72200
 2 12 20 06 58 15731.10000 5.21400000 491.90000 73.72000 12.97700 62.72200
 2 12 20 06 59 15726.40000 5.21400000 492.00000 73.63000 12.97700 62.72200
 2 12 20 06 59 15729.80000 5.21400000 492.00000 73.77000 12.97700 62.72200
 2 12 20 07 00 15739.90000 5.21400000 492.75000 73.67000 12.97700 62.72200
 2 12 20 07 00 15754.10000 5.21400000 493.59000 74.05000 12.97700 62.83700
 2 12 20 07 01 15759.70000 5.21400000 494.62000 74.10000 12.97700 62.91400
 2 12 20 07 01 15762.70000 5.21400000 494.78000 74.03000 12.97700 62.91400
 2 12 20 07 01 15750.10000 5.21400000 494.70000 73.81000 12.97700 62.92900
 2 12 20 07 02 15740.00000 5.22500000 494.02000 73.76000 13.00900 63.10100
 2 12 20 07 02 15760.20000 5.23100000 494.20000 73.75000 13.01000 63.09600
 2 12 20 07 03 15776.60000 5.23100000 494.44000 73.63000 13.01000 63.09600
 2 12 20 07 03 15770.10000 5.23100000 494.28000 73.69000 13.01000 63.09600
 2 12 20 07 04 15752.90000 5.23100000 494.11000 73.58000 13.01000 63.09600
 2 12 20 07 04 15740.20000 5.23100000 493.88000 73.52000 13.01000 63.09600
 2 12 20 07 04 15723.80000 5.23100000 494.00000 73.43000 13.01000 63.09600
 2 12 20 07 05 15711.60000 5.23100000 492.90000 73.31000 13.01000 63.09600
 2 12 20 07 05 15713.90000 5.25500000 492.82000 73.52000 13.01000 63.09600
 2 12 20 07 06 15727.10000 5.21800000 493.32000 73.49000 13.01000 63.09600
 2 12 20 07 06 15723.00000 5.21800000 492.98000 73.27000 13.01000 63.09600
 2 12 20 07 07 15706.60000 5.21700000 492.34000 72.98000 13.01000 63.09600
 2 12 20 07 07 15689.80000 5.21700000 491.73000 72.90000 13.01000 63.09600
 2 12 20 07 07 15698.60000 5.21700000 491.73000 73.02000 13.01000 63.09600
 2 12 20 07 08 15702.40000 5.21700000 491.84000 72.92000 13.01000 63.09600
 2 12 20 07 08 15698.40000 5.21200000 491.57000 73.01000 13.01000 63.09600
 2 12 20 07 09 15695.20000 5.21200000 491.93000 73.16000 13.01000 63.09600
 2 12 20 07 09 15697.10000 5.21200000 491.55000 73.07000 13.01000 63.09600
 2 12 20 07 10 15691.60000 5.21200000 491.31000 73.08000 13.01000 63.09600
 2 12 20 07 10 15692.40000 5.21200000 491.51000 72.92000 13.01000 63.09600
 2 12 20 07 10 15687.20000 5.21200000 491.51000 73.11000 13.01000 63.09600
 2 12 20 07 11 15686.10000 5.21200000 491.61000 72.98000 13.01000 63.09600
 2 12 20 07 11 15685.10000 5.21200000 491.38000 72.95000 13.01000 63.09600
 2 12 20 07 12 15681.70000 5.21200000 491.34000 72.96000 13.01000 62.85900
 2 12 20 07 12 15675.80000 5.21200000 491.19000 72.96000 13.01000 62.85900
 2 12 20 07 13 15675.70000 5.21200000 491.33000 72.96000 13.01000 62.85900
 2 12 20 07 13 15697.20000 5.21200000 491.33000 72.98000 13.01000 62.85900
 2 12 20 07 13 15698.10000 5.21200000 491.33000 73.09000 13.01000 62.85900
 2 12 20 07 14 15693.50000 5.21200000 491.45000 73.10000 13.01000 62.85900
 2 12 20 07 14 15681.10000 5.21200000 491.45000 73.10000 13.01000 62.85900
 2 12 20 07 15 15682.00000 5.21200000 491.24000 73.08000 13.01000 62.85900
 2 12 20 07 15 15675.70000 5.21200000 491.00000 73.02000 13.01000 62.85900
 2 12 20 07 16 15673.50000 5.21200000 490.78000 73.02000 13.01000 62.85900
 2 12 20 07 16 15675.50000 5.21200000 490.81000 72.88000 12.93600 62.85900
 2 12 20 07 16 15709.40000 5.21200000 491.54000 73.15000 12.93600 62.85900
 2 12 20 07 17 15713.40000 5.21200000 491.54000 73.08000 12.93600 62.85900
 2 12 20 07 17 15709.20000 5.21200000 491.55000 73.11000 12.93600 62.85900
 2 12 20 07 18 15715.90000 5.21200000 491.55000 73.20000 12.93600 62.85900
 2 12 20 07 18 15730.10000 5.22000000 491.89000 73.26000 12.93600 62.85900
 2 12 20 07 19 15721.00000 5.22000000 492.20000 73.30000 12.93600 62.85900
 2 12 20 07 19 15709.90000 5.22000000 492.19000 73.23000 12.93600 62.85900
 2 12 20 07 19 15700.00000 5.22000000 491.08000 73.21000 12.93600 62.85900
 2 12 20 07 20 15663.70000 5.22000000 490.67000 73.02000 12.93600 62.85900
 2 12 20 07 20 15660.10000 5.21800000 490.67000 73.02000 12.93600 62.85900
 2 12 20 07 21 15660.10000 5.21800000 490.39000 72.88000 12.93600 62.85900
 2 12 20 07 21 15665.60000 5.21800000 490.83000 72.97000 12.93600 62.85900
 2 12 20 07 22 15667.70000 5.21800000 490.69000 73.07000 12.93600 62.85900
 2 12 20 07 22 15665.70000 5.21800000 490.69000 73.00000 12.93600 62.85900
 2 12 20 07 22 15675.30000 5.21800000 490.86000 73.08000 12.93600 62.85900
 2 12 20 07 23 15667.70000 5.21800000 490.87000 73.12000 12.93600 62.85900
 2 12 20 07 23 15665.80000 5.21800000 490.71000 73.07000 12.93600 62.85900
 2 12 20 07 24 15665.70000 5.21800000 490.71000 73.05000 12.93600 62.85900
