M=[
24 7 20 09 28 8240.10000 5.45200000 235.81000 38.36000 20.04900 54.09800
24 7 20 09 28 8240.10000 5.45200000 235.77000 38.36000 20.04900 54.09800
24 7 20 09 29 8240.10000 5.45200000 235.78000 38.36000 20.04900 54.09800
24 7 20 09 30 8240.10000 5.45200000 235.81000 38.36000 20.04900 54.09800
24 7 20 09 31 8240.00000 5.45200000 235.79000 38.36000 20.04900 54.09800
24 7 20 09 31 8240.00000 5.45200000 235.53000 38.36000 20.04900 54.09800
24 7 20 09 32 8240.00000 5.45200000 235.39000 38.36000 19.94700 54.09800
24 7 20 09 33 8240.10000 5.45200000 235.39000 38.36000 19.94700 54.09800
24 7 20 09 34 8240.00000 5.45200000 235.56000 38.36000 19.94700 54.09800
24 7 20 09 34 8240.00000 5.45200000 235.54000 38.36000 19.93500 54.09800
24 7 20 09 35 8240.10000 5.45200000 235.49000 38.36000 19.93500 54.09800
24 7 20 09 36 8240.10000 5.45200000 235.49000 38.35000 19.93500 54.09800
24 7 20 09 37 8239.90000 5.45200000 235.48000 38.35000 19.93500 54.09800
24 7 20 09 38 8239.50000 5.45200000 235.48000 38.33000 19.93500 54.09800
24 7 20 09 38 8237.20000 5.45200000 235.38000 38.33000 19.93500 54.09800
24 7 20 09 39 8234.00000 5.45200000 235.33000 38.33000 19.93500 54.09800
24 7 20 09 40 8234.00000 5.45200000 235.37000 38.33000 19.93500 54.09800
24 7 20 09 41 8233.90000 5.45200000 235.38000 38.33000 19.93500 54.09800
24 7 20 09 42 8234.00000 5.45200000 235.18000 38.33000 19.93500 54.09800
24 7 20 09 42 8234.00000 5.45200000 235.18000 38.33000 19.98100 54.09800
24 7 20 09 43 8233.90000 5.45200000 235.22000 38.33000 19.98100 54.09800
24 7 20 09 44 8233.90000 5.43200000 235.21000 38.33000 19.98100 54.09800
24 7 20 09 44 8234.00000 5.43200000 235.09000 38.33000 19.98100 54.09800
24 7 20 09 45 8235.70000 5.43200000 235.01000 38.33000 19.98100 54.01800
24 7 20 09 46 8235.80000 5.43200000 235.25000 38.33000 19.98100 54.01000
24 7 20 09 47 8235.70000 5.43200000 235.37000 38.33000 19.98100 54.01000
24 7 20 09 48 8235.80000 5.43200000 235.52000 38.33000 19.98100 54.01000
24 7 20 09 48 8235.80000 5.43200000 235.36000 38.33000 19.98100 54.01000
24 7 20 09 49 8235.80000 5.43200000 235.47000 38.33000 19.98100 54.01000
24 7 20 09 50 8235.80000 5.43200000 235.41000 38.33000 19.98100 54.01000
24 7 20 09 51 8235.70000 5.43200000 235.32000 38.34000 19.98100 54.01000
24 7 20 09 51 8235.80000 5.43200000 235.43000 38.34000 19.98100 54.01000
24 7 20 09 52 8235.80000 5.43200000 235.26000 38.34000 19.98100 54.01000
24 7 20 09 53 8235.80000 5.43200000 235.31000 38.34000 19.98100 54.01000
24 7 20 09 53 8236.70000 5.43200000 235.38000 38.34000 19.98100 54.01000
24 7 20 09 54 8241.80000 5.43200000 235.48000 38.34000 19.98100 54.01000
24 7 20 09 55 8242.20000 5.43200000 235.62000 38.34000 19.98100 54.01000
24 7 20 09 56 8242.30000 5.43200000 235.86000 38.34000 19.98100 54.01000
24 7 20 09 57 8242.80000 5.43200000 235.79000 38.34000 19.98100 54.01000
24 7 20 09 57 8244.60000 5.43200000 235.84000 38.35000 19.98100 54.01000
24 7 20 09 58 8245.90000 5.43200000 235.99000 38.35000 19.98100 54.01000
24 7 20 09 59 8246.40000 5.43200000 236.21000 38.35000 19.98100 54.01000
24 7 20 10 00 8246.30000 5.43900000 236.22000 38.35000 19.98100 54.01000
24 7 20 10 01 8246.30000 5.43900000 236.29000 38.35000 19.98100 54.01000
24 7 20 10 02 8246.10000 5.43900000 236.15000 38.35000 19.98100 54.17600
24 7 20 10 03 8246.10000 5.43900000 235.91000 38.37000 19.98100 54.17600
24 7 20 10 04 8243.80000 5.43900000 235.90000 38.37000 19.98100 54.17600
24 7 20 10 04 8246.80000 5.43900000 235.65000 38.37000 19.92400 54.17600
24 7 20 10 05 8245.70000 5.43900000 235.75000 38.37000 19.92800 54.17600
24 7 20 10 06 8245.70000 5.43900000 235.75000 38.37000 19.92800 54.17600
24 7 20 10 07 8245.90000 5.43900000 235.73000 38.35000 19.91800 54.17600
24 7 20 10 08 8244.00000 5.43900000 235.74000 38.35000 19.91800 54.17600
24 7 20 10 09 8245.90000 5.43900000 235.71000 38.35000 19.91800 54.17600
24 7 20 10 10 8245.60000 5.45300000 235.72000 38.32000 19.91800 54.17600
24 7 20 10 10 8245.60000 5.45300000 235.78000 38.33000 19.91800 54.09100
24 7 20 10 11 8245.60000 5.45300000 235.80000 38.33000 19.91800 54.09100
24 7 20 10 12 8245.50000 5.45300000 235.83000 38.33000 19.91800 54.09100
24 7 20 10 13 8245.60000 5.45300000 236.02000 38.35000 19.91800 54.09100
24 7 20 10 13 8245.60000 5.45300000 236.03000 38.35000 19.91800 54.09100
24 7 20 10 14 8248.40000 5.45300000 236.10000 38.35000 19.91800 54.09100
24 7 20 10 15 8251.10000 5.45300000 236.18000 38.36000 19.91800 54.09100
24 7 20 10 16 8252.70000 5.45300000 236.20000 38.36000 19.95100 54.09100
24 7 20 10 18 8255.10000 5.45300000 236.34000 38.36000 20.05000 54.09100
24 7 20 10 18 8255.00000 5.45300000 236.42000 38.36000 20.08400 54.09100
24 7 20 10 19 8254.70000 5.45300000 236.34000 38.36000 20.08400 54.09000
24 7 20 10 20 8256.30000 5.45300000 236.42000 38.35000 20.08400 54.09000
24 7 20 10 20 8257.20000 5.45300000 236.48000 38.35000 20.08400 54.09000
24 7 20 10 21 8259.60000 5.45300000 236.50000 38.35000 20.08400 54.09000
24 7 20 10 22 8260.60000 5.45300000 236.50000 38.35000 20.08400 54.09000
24 7 20 10 23 8262.10000 5.45300000 236.55000 38.35000 20.08400 54.09000
24 7 20 10 24 8262.10000 5.45300000 236.55000 38.35000 20.08400 54.09000
24 7 20 10 24 8262.00000 5.45300000 236.56000 38.35000 20.21500 54.09000
24 7 20 10 25 8262.10000 5.45300000 236.55000 38.39000 20.26900 54.09000
24 7 20 10 26 8262.80000 5.45300000 236.56000 38.40000 20.26900 54.09000
24 7 20 10 27 8262.80000 5.45300000 236.56000 38.40000 20.31300 54.15300
24 7 20 10 27 8262.70000 5.45300000 236.57000 38.40000 20.31300 54.15300
24 7 20 10 28 8262.20000 5.45300000 236.56000 38.39000 20.33200 54.15300
24 7 20 10 29 8256.90000 5.45300000 236.57000 38.39000 20.36300 54.15300
24 7 20 10 30 8256.00000 5.45300000 236.57000 38.39000 20.34700 54.15300
24 7 20 10 31 8256.00000 5.44000000 237.18000 38.41000 20.34700 54.15300
24 7 20 10 32 8256.00000 5.44000000 237.81000 38.44000 20.40000 54.15300
24 7 20 10 34 8267.90000 5.44000000 237.84000 38.44000 20.40000 54.15300
24 7 20 10 34 8267.90000 5.44000000 237.93000 38.44000 20.40000 54.15300
24 7 20 10 35 8267.90000 5.44000000 237.77000 38.44000 20.40900 54.15300
24 7 20 10 36 8267.90000 5.45300000 237.66000 38.44000 20.40900 54.15300
24 7 20 10 37 8271.50000 5.45300000 237.89000 38.44000 20.44000 54.15300
24 7 20 10 37 8272.00000 5.45300000 238.13000 38.44000 20.44000 54.17600
24 7 20 10 39 8271.10000 5.45300000 238.07000 38.44000 20.52300 54.17600
24 7 20 10 40 8271.00000 5.45300000 238.02000 38.44000 20.59700 54.17600
24 7 20 10 42 8271.00000 5.45300000 237.87000 38.44000 20.59700 54.17600
24 7 20 10 43 8270.90000 5.45300000 237.97000 38.44000 20.59700 54.17600
24 7 20 10 44 8270.30000 5.45300000 237.97000 38.44000 20.59800 54.17600
24 7 20 10 44 8270.20000 5.45300000 238.11000 38.44000 20.61500 54.17600
24 7 20 10 45 8270.20000 5.45300000 238.59000 38.44000 20.61500 54.17600
24 7 20 10 46 8270.20000 5.45300000 238.97000 38.44000 20.61500 54.17600
24 7 20 10 47 8270.90000 5.45300000 238.97000 38.60000 20.59900 54.17600
24 7 20 10 48 8275.80000 5.45300000 239.25000 38.58000 20.62600 54.17600
24 7 20 10 48 8276.60000 5.45300000 239.25000 38.58000 20.62600 54.17600
24 7 20 10 50 8276.10000 5.45300000 238.75000 38.58000 20.62600 54.17600
24 7 20 10 51 8276.10000 5.45300000 238.75000 38.58000 20.62600 54.17600
24 7 20 10 52 8276.10000 5.45300000 238.75000 38.58000 20.62600 54.17600
24 7 20 10 52 8275.00000 5.45300000 238.75000 38.58000 20.67000 54.17600
24 7 20 10 53 8275.00000 5.45300000 238.71000 38.50000 20.67700 54.17600
24 7 20 10 54 8275.00000 5.45300000 238.52000 38.50000 20.67700 54.17600
24 7 20 10 55 8274.90000 5.45300000 238.46000 38.50000 20.67700 54.17600
24 7 20 10 56 8275.00000 5.45300000 238.45000 38.50000 20.67400 54.17600
24 7 20 10 57 8274.90000 5.45300000 238.13000 38.50000 20.74900 54.17600
24 7 20 10 58 8275.00000 5.45300000 238.21000 38.50000 20.75000 54.17600
24 7 20 10 58 8275.00000 5.45300000 238.59000 38.50000 20.72900 54.17600
