M=[
13 8 20 22 51 9948.50000 5.87100000 360.10000 48.24000 17.47300 73.00400
13 8 20 22 52 9948.80000 5.87100000 360.21000 48.24000 17.47300 72.90000
13 8 20 22 52 9940.10000 5.87100000 359.91000 48.13000 17.47300 72.90000
13 8 20 22 53 9940.00000 5.87100000 359.37000 48.02000 17.47300 72.92300
13 8 20 22 53 9940.00000 5.87100000 360.04000 48.02000 17.47300 73.06200
13 8 20 22 54 9940.00000 5.87100000 359.91000 47.99000 17.45100 73.06200
13 8 20 22 54 9943.80000 5.87100000 360.13000 47.99000 17.45100 73.06200
13 8 20 22 55 9945.20000 5.87100000 359.95000 47.99000 17.45100 73.35000
13 8 20 22 56 9945.30000 5.87100000 360.03000 48.11000 17.45600 73.35000
13 8 20 22 56 9945.30000 5.87100000 360.37000 48.11000 17.45600 73.35000
13 8 20 22 56 9945.40000 5.87100000 360.37000 48.11000 17.47600 73.35000
13 8 20 22 57 9945.40000 5.87100000 360.15000 48.11000 17.47600 73.35000
13 8 20 22 57 9945.50000 5.87100000 359.90000 48.11000 17.47600 73.35000
13 8 20 22 58 9945.50000 5.87100000 359.46000 48.08000 17.48400 73.35000
13 8 20 22 58 9945.50000 5.87100000 359.37000 48.01000 17.48400 73.49300
13 8 20 22 59 9945.60000 5.87100000 359.00000 48.01000 17.48400 73.49300
13 8 20 22 59 9931.70000 5.87100000 358.64000 48.00000 17.48400 73.49300
13 8 20 23 00 9934.60000 5.87100000 358.94000 47.87000 17.48400 73.12500
13 8 20 23 00 9945.90000 5.87100000 359.62000 48.01000 17.48400 73.12500
13 8 20 23 01 9945.60000 5.87100000 359.50000 48.01000 17.48400 73.10200
13 8 20 23 01 9945.60000 5.87100000 359.33000 48.10000 17.55200 73.10200
13 8 20 23 02 9948.40000 5.87100000 359.26000 48.16000 17.55200 73.10200
13 8 20 23 02 9948.90000 5.87100000 359.35000 48.18000 17.55200 73.57900
13 8 20 23 03 9948.30000 5.87100000 358.57000 48.17000 17.55200 73.57900
13 8 20 23 03 9948.30000 5.87100000 358.32000 48.08000 17.55200 73.57900
13 8 20 23 04 9948.00000 5.85000000 358.03000 48.08000 17.55200 73.57900
13 8 20 23 04 9948.00000 5.85000000 357.95000 48.08000 17.55200 73.57900
13 8 20 23 05 9956.90000 5.85600000 358.52000 48.08000 17.55200 73.57900
13 8 20 23 06 9957.10000 5.85600000 357.96000 48.08000 17.55200 73.57900
13 8 20 23 06 9957.30000 5.85600000 358.21000 48.08000 17.55200 73.57900
13 8 20 23 07 9961.20000 5.85600000 358.22000 48.08000 17.53800 73.57900
13 8 20 23 07 9950.60000 5.85600000 356.35000 48.08000 17.53800 73.57900
13 8 20 23 08 9945.00000 5.84000000 355.62000 48.08000 17.53800 73.33300
13 8 20 23 09 9944.40000 5.84000000 355.68000 48.08000 17.53800 73.33300
13 8 20 23 09 9945.10000 5.84000000 356.90000 48.05000 17.53800 73.33300
13 8 20 23 10 9957.60000 5.84000000 357.01000 48.09000 17.53800 73.33300
13 8 20 23 10 9957.90000 5.84000000 357.77000 48.09000 17.53800 73.78000
13 8 20 23 11 9957.00000 5.84000000 357.58000 48.09000 17.53800 73.69000
13 8 20 23 12 9957.30000 5.84000000 357.89000 48.09000 17.53800 74.01000
13 8 20 23 12 9958.30000 5.84000000 357.92000 48.09000 17.53800 74.01000
13 8 20 23 13 9958.10000 5.84000000 358.06000 48.09000 17.53800 74.01000
13 8 20 23 13 9958.10000 5.84000000 357.83000 48.09000 17.53800 74.01400
13 8 20 23 13 9958.20000 5.84000000 358.06000 48.09000 17.53800 74.01400
13 8 20 23 14 9958.50000 5.84000000 358.22000 48.09000 17.53800 74.21400
13 8 20 23 14 9958.50000 5.87600000 358.66000 48.09000 17.53800 74.24000
13 8 20 23 15 9958.40000 5.87600000 358.99000 48.30000 17.53800 74.28200
13 8 20 23 15 9958.50000 5.87600000 359.27000 48.30000 17.53800 74.28200
13 8 20 23 16 9958.50000 5.87600000 359.37000 48.23000 17.53800 74.44500
13 8 20 23 16 9958.00000 5.87600000 359.37000 48.23000 17.53800 74.44500
13 8 20 23 17 9958.00000 5.87600000 359.38000 48.23000 17.53800 74.33400
13 8 20 23 17 9957.40000 5.87600000 358.99000 48.24000 17.53800 74.33400
13 8 20 23 18 9950.20000 5.87600000 359.00000 48.24000 17.53800 74.33400
13 8 20 23 18 9950.20000 5.87600000 359.22000 48.24000 17.53800 74.33400
13 8 20 23 19 9950.00000 5.87600000 359.11000 48.25000 17.53800 74.33400
13 8 20 23 19 9937.90000 5.87500000 357.72000 48.25000 17.53800 74.33400
13 8 20 23 20 9933.60000 5.87500000 357.19000 48.18000 17.53800 74.33400
13 8 20 23 21 9939.70000 5.87500000 357.35000 48.16000 17.53800 74.05400
13 8 20 23 21 9939.10000 5.87500000 357.35000 48.13000 17.53800 74.07500
13 8 20 23 22 9940.00000 5.87500000 357.68000 48.13000 17.53800 74.07500
13 8 20 23 22 9940.90000 5.87500000 358.32000 48.13000 17.53800 74.07500
13 8 20 23 23 9940.90000 5.87500000 357.93000 48.13000 17.53800 74.01100
13 8 20 23 23 9941.00000 5.87500000 357.68000 48.13000 17.53800 74.01100
13 8 20 23 24 9941.00000 5.87500000 357.69000 48.13000 17.53800 74.01100
13 8 20 23 24 9942.60000 5.87500000 357.48000 48.13000 17.53800 74.01100
13 8 20 23 24 9942.50000 5.87500000 357.54000 48.13000 17.53800 73.77100
13 8 20 23 25 9945.00000 5.87500000 357.73000 48.13000 17.53800 73.77100
13 8 20 23 26 9945.90000 5.87500000 358.12000 48.28000 17.53800 73.80500
13 8 20 23 26 9945.10000 5.87500000 358.07000 48.30000 17.53800 73.78100
13 8 20 23 27 9945.90000 5.87500000 357.94000 48.30000 17.53800 73.78100
13 8 20 23 27 9942.50000 5.87500000 357.65000 48.30000 17.53800 73.78100
13 8 20 23 28 9942.50000 5.87500000 357.65000 48.30000 17.53800 73.78100
13 8 20 23 28 9940.10000 5.87500000 357.73000 48.29000 17.53800 73.78100
13 8 20 23 29 9941.70000 5.87500000 357.73000 48.29000 17.53800 73.78100
13 8 20 23 29 9942.30000 5.87500000 357.69000 48.29000 17.53800 73.78100
13 8 20 23 30 9939.10000 5.87500000 357.64000 48.29000 17.53800 73.78100
13 8 20 23 30 9943.50000 5.87500000 358.20000 48.29000 17.53800 73.78100
13 8 20 23 31 9946.00000 5.87500000 358.49000 48.29000 17.53800 73.78100
13 8 20 23 31 9948.50000 5.87500000 358.88000 48.29000 17.53800 73.78100
13 8 20 23 32 9947.60000 5.87500000 358.88000 48.37000 17.53800 73.47000
13 8 20 23 32 9948.30000 5.87500000 359.08000 48.38000 17.53800 73.47000
13 8 20 23 32 9948.00000 5.87500000 359.09000 48.42000 17.53800 73.47000
13 8 20 23 33 9948.90000 5.87500000 359.44000 48.44000 17.53800 73.47000
13 8 20 23 33 9948.40000 5.87500000 359.05000 48.38000 17.56900 73.47000
13 8 20 23 34 9948.40000 5.87500000 358.84000 48.38000 17.56900 73.47000
13 8 20 23 34 9948.70000 5.87500000 358.85000 48.38000 17.56900 73.60100
13 8 20 23 35 9947.70000 5.87500000 358.85000 48.38000 17.56900 73.69000
13 8 20 23 36 9947.90000 5.87500000 358.78000 48.38000 17.56900 73.69000
13 8 20 23 36 9947.50000 5.87500000 358.86000 48.33000 17.56900 73.69000
13 8 20 23 36 9948.70000 5.87500000 358.60000 48.33000 17.54200 73.69000
13 8 20 23 37 9948.70000 5.87500000 358.73000 48.33000 17.54200 73.69000
13 8 20 23 37 9947.60000 5.87500000 358.71000 48.33000 17.54200 73.69000
13 8 20 23 38 9946.90000 5.87500000 358.61000 48.33000 17.54200 73.69000
13 8 20 23 38 9944.70000 5.87500000 358.16000 48.33000 17.54200 73.57400
13 8 20 23 39 9938.00000 5.87500000 358.16000 48.33000 17.54200 73.57400
13 8 20 23 39 9937.80000 5.87500000 358.02000 48.33000 17.54200 73.57400
13 8 20 23 40 9936.80000 5.87500000 358.03000 48.33000 17.54200 73.57400
13 8 20 23 40 9940.10000 5.87500000 358.41000 48.33000 17.54200 73.62100
13 8 20 23 41 9940.10000 5.87500000 358.41000 48.33000 17.54200 73.62000
13 8 20 23 41 9940.20000 5.87500000 358.67000 48.33000 17.54200 73.62000
13 8 20 23 42 9946.60000 5.87500000 359.13000 48.33000 17.54200 73.62000
13 8 20 23 42 9955.00000 5.87500000 359.54000 48.33000 17.54200 73.62000
13 8 20 23 43 9958.50000 5.87500000 360.10000 48.33000 17.54200 73.62000
13 8 20 23 43 9969.90000 5.87500000 360.48000 48.33000 17.54200 73.51100
13 8 20 23 44 9966.40000 5.87500000 360.52000 48.33000 17.54200 73.51100
13 8 20 23 44 9966.30000 5.87500000 360.71000 48.33000 17.54200 73.51100
13 8 20 23 45 9969.20000 5.87500000 360.22000 48.45000 17.54200 73.51100
13 8 20 23 46 9961.90000 5.87500000 360.50000 48.45000 17.54200 73.62200
13 8 20 23 46 9961.80000 5.87500000 360.13000 48.45000 17.54200 73.52000
13 8 20 23 47 9957.10000 5.87500000 359.95000 48.45000 17.54200 73.62000
