M=[
14 3 21 15 56 49569.70000 10.81400000 1541.77000 180.28000 26.22200 120.81300
14 3 21 15 57 49589.80000 10.81400000 1541.73000 180.28000 26.22200 120.81300
14 3 21 15 57 49592.80000 10.81400000 1543.67000 180.28000 26.22200 120.81300
14 3 21 15 58 49670.50000 10.83500000 1545.41000 180.70000 26.14700 120.81300
14 3 21 15 58 49657.20000 10.83500000 1545.41000 180.56000 26.14700 120.81300
14 3 21 15 58 49695.30000 10.83500000 1544.81000 180.73000 26.14700 120.81300
14 3 21 15 59 49665.60000 10.85700000 1544.81000 180.60000 26.14700 120.81300
14 3 21 15 59 49693.40000 10.85700000 1545.50000 180.55000 26.14700 120.94600
14 3 21 16 00 49697.10000 10.85700000 1547.94000 180.55000 26.14700 120.94600
14 3 21 16 00 49736.50000 10.85700000 1544.97000 180.86000 26.14700 120.94600
14 3 21 16 01 49671.80000 10.85700000 1544.00000 180.65000 26.14700 120.76000
14 3 21 16 01 49647.30000 10.84600000 1540.00000 179.84000 26.14700 120.33000
14 3 21 16 01 49600.20000 10.84600000 1538.80000 179.80000 26.14700 120.33000
14 3 21 16 02 49593.00000 10.84600000 1539.39000 179.76000 26.14700 120.33000
14 3 21 16 02 49593.00000 10.84600000 1538.93000 179.60000 26.14700 120.33000
14 3 21 16 03 49555.50000 10.84600000 1536.70000 179.54000 26.14700 120.33400
14 3 21 16 03 49516.50000 10.84600000 1533.00000 179.19000 26.14700 119.84400
14 3 21 16 04 49480.10000 10.84600000 1532.51000 179.28000 26.14700 119.82600
14 3 21 16 04 49482.20000 10.78000000 1531.38000 179.53000 26.14700 119.82600
14 3 21 16 04 49481.80000 10.78000000 1534.35000 179.53000 26.14700 120.07300
14 3 21 16 05 49517.40000 10.78000000 1537.23000 180.26000 26.14700 120.07300
14 3 21 16 05 49466.60000 10.78000000 1534.73000 180.26000 26.14700 120.34800
14 3 21 16 06 49425.90000 10.78000000 1534.65000 179.54000 26.14700 120.34800
14 3 21 16 06 49425.80000 10.74300000 1534.69000 179.44000 26.14700 120.34800
14 3 21 16 07 49476.40000 10.76100000 1536.86000 179.67000 26.14700 120.34800
14 3 21 16 07 49566.90000 10.74200000 1537.12000 179.67000 26.14700 120.07000
14 3 21 16 07 49562.20000 10.74200000 1538.80000 180.27000 26.14700 120.07000
14 3 21 16 08 49568.70000 10.74200000 1538.17000 180.27000 26.14700 120.07000
14 3 21 16 08 49599.80000 10.74200000 1538.86000 180.63000 26.14700 121.21100
14 3 21 16 09 49667.40000 10.87100000 1542.07000 181.12000 26.14700 121.41400
14 3 21 16 09 49679.40000 10.87100000 1542.52000 181.14000 26.14700 121.41500
14 3 21 16 10 49763.50000 10.87100000 1545.00000 181.60000 26.14700 122.00900
14 3 21 16 10 49800.50000 10.89800000 1547.07000 181.60000 26.14700 122.00900
14 3 21 16 10 49796.90000 10.89800000 1546.17000 181.60000 26.07700 122.00900
14 3 21 16 11 49803.50000 10.91000000 1547.12000 181.60000 26.07700 122.00900
14 3 21 16 11 49839.60000 10.91000000 1548.70000 181.69000 26.07700 122.00900
14 3 21 16 12 49846.70000 10.93600000 1548.69000 182.16000 26.07700 122.59500
14 3 21 16 12 49864.00000 10.93600000 1548.70000 182.16000 26.07700 122.59500
14 3 21 16 13 49874.60000 10.93600000 1547.86000 181.88000 26.07700 122.81600
14 3 21 16 13 49838.20000 10.93600000 1547.23000 181.35000 26.07700 122.81600
14 3 21 16 13 49863.80000 10.93600000 1548.57000 181.58000 26.07700 122.81600
14 3 21 16 14 49848.20000 10.93600000 1547.27000 181.51000 26.07700 122.92700
14 3 21 16 14 49863.30000 10.93600000 1547.12000 181.51000 26.07700 122.92700
14 3 21 16 15 49869.80000 11.01400000 1548.55000 181.51000 26.07700 123.25400
14 3 21 16 15 49850.20000 11.01400000 1547.79000 181.53000 26.07700 123.25400
14 3 21 16 16 49822.40000 11.01400000 1546.50000 181.51000 26.07700 123.25400
14 3 21 16 16 49796.70000 11.01400000 1547.19000 181.29000 26.07700 123.28700
14 3 21 16 16 49788.10000 11.01400000 1547.19000 181.28000 26.07700 123.23600
14 3 21 16 17 49790.90000 11.01400000 1546.99000 181.28000 26.07700 123.23600
14 3 21 16 17 49847.30000 11.01400000 1547.27000 181.28000 26.07700 123.23600
14 3 21 16 18 49881.30000 11.01400000 1548.56000 181.50000 26.07700 123.35400
14 3 21 16 18 49870.50000 11.01400000 1548.71000 181.51000 26.07700 123.35400
14 3 21 16 19 49900.00000 11.01400000 1550.35000 181.62000 26.07700 123.35400
14 3 21 16 19 49881.10000 11.01400000 1550.35000 181.70000 26.07700 123.35400
14 3 21 16 19 49870.60000 11.01400000 1550.34000 181.70000 26.07700 123.35400
14 3 21 16 20 49870.50000 11.01400000 1550.36000 181.70000 26.07700 123.35400
14 3 21 16 20 49879.80000 11.01400000 1551.38000 181.70000 26.07700 123.49500
14 3 21 16 21 49887.90000 11.01400000 1553.00000 181.84000 26.07700 123.49500
14 3 21 16 21 49890.00000 11.01400000 1552.42000 181.84000 26.07700 123.49500
14 3 21 16 21 49890.00000 11.01400000 1551.24000 181.84000 26.07700 123.49500
14 3 21 16 22 49870.50000 11.01400000 1550.01000 181.46000 26.07700 123.49500
14 3 21 16 22 49870.50000 10.94300000 1548.92000 181.46000 26.07700 123.70900
14 3 21 16 23 49870.50000 10.94300000 1549.64000 181.49000 26.07700 123.70900
14 3 21 16 23 49858.20000 10.94300000 1549.22000 181.49000 26.07700 123.70900
14 3 21 16 24 49829.20000 10.94300000 1549.61000 181.47000 26.07700 123.69300
14 3 21 16 24 49829.10000 10.94300000 1549.59000 181.47000 26.14800 123.69300
14 3 21 16 24 49829.00000 10.94300000 1549.99000 181.60000 26.14800 123.69300
14 3 21 16 25 49829.50000 10.94300000 1548.88000 181.50000 26.14800 123.69300
14 3 21 16 25 49828.00000 10.91600000 1548.42000 181.28000 26.14800 123.30000
14 3 21 16 26 49800.10000 10.93700000 1547.89000 181.28000 26.14800 123.30000
14 3 21 16 26 49800.10000 10.93700000 1547.89000 181.19000 26.14800 123.30000
14 3 21 16 27 49800.00000 10.93600000 1548.32000 181.12000 26.14800 123.30000
14 3 21 16 27 49764.40000 10.93600000 1547.89000 181.12000 26.14800 123.30000
14 3 21 16 27 49821.50000 10.93600000 1547.99000 181.12000 26.14800 123.30000
14 3 21 16 28 49776.30000 10.93600000 1546.76000 181.10000 26.14800 123.30000
14 3 21 16 28 49765.20000 10.93600000 1547.43000 181.02000 26.14800 123.30000
14 3 21 16 29 49752.10000 10.93600000 1545.65000 181.15000 26.14800 123.30000
14 3 21 16 29 49748.40000 10.93600000 1546.66000 181.15000 26.14800 123.30000
14 3 21 16 30 49715.30000 10.93600000 1545.14000 180.75000 26.14800 123.30000
14 3 21 16 30 49728.60000 10.93600000 1543.71000 180.75000 26.14800 123.30000
14 3 21 16 30 49720.00000 10.93600000 1545.14000 180.85000 26.14800 123.30000
14 3 21 16 31 49720.00000 10.93600000 1545.27000 180.74000 26.14800 123.30000
14 3 21 16 31 49648.30000 10.93600000 1542.01000 180.55000 26.14800 122.30200
14 3 21 16 32 49679.90000 10.93600000 1541.30000 180.55000 26.14800 122.30200
14 3 21 16 32 49665.90000 10.88500000 1544.23000 180.55000 26.14800 122.30200
14 3 21 16 33 49633.80000 10.84500000 1541.00000 180.45000 26.14800 122.30200
14 3 21 16 33 49639.90000 10.84500000 1540.99000 180.45000 26.14800 122.30200
14 3 21 16 33 49639.90000 10.84500000 1541.96000 180.44000 26.14800 122.30200
14 3 21 16 34 49639.90000 10.84500000 1542.07000 180.44000 26.14800 122.30200
14 3 21 16 34 49639.90000 10.84500000 1541.29000 180.44000 26.14800 122.30200
14 3 21 16 35 49635.10000 10.84500000 1541.28000 180.24000 26.14000 122.30200
14 3 21 16 35 49635.00000 10.84500000 1538.50000 180.00000 26.14000 122.30200
14 3 21 16 36 49589.50000 10.84500000 1538.47000 180.00000 26.14000 122.30200
14 3 21 16 36 49589.60000 10.84500000 1539.75000 180.29000 26.14000 122.29800
14 3 21 16 36 49560.70000 10.84500000 1538.09000 180.16000 26.14000 122.29800
14 3 21 16 37 49500.10000 10.84500000 1537.86000 179.61000 26.14000 122.29800
14 3 21 16 37 49559.50000 10.84500000 1536.32000 179.61000 26.14000 122.29800
14 3 21 16 38 49577.70000 10.84500000 1539.57000 180.39000 26.14000 122.29800
14 3 21 16 38 49529.50000 10.84500000 1537.72000 180.00000 26.14000 122.29800
14 3 21 16 39 49571.60000 10.84500000 1538.44000 180.00000 26.14000 122.29800
14 3 21 16 39 49550.10000 10.84500000 1538.44000 180.25000 26.14000 122.29800
14 3 21 16 39 49555.20000 10.84500000 1538.44000 179.83000 26.14000 121.76800
