M=[
21 4 20 12 53 6322.00000 4.80800000 158.43000 37.49000 8.91800 38.82900
21 4 20 12 54 6321.50000 4.80800000 158.43000 37.49000 8.91800 38.82900
21 4 20 12 54 6322.00000 4.80800000 158.35000 37.49000 8.91800 38.82900
21 4 20 12 54 6321.10000 4.80800000 158.35000 37.49000 8.91800 38.82900
21 4 20 12 55 6321.10000 4.80800000 158.23000 37.49000 8.91800 38.82900
21 4 20 12 55 6321.00000 4.80800000 158.15000 37.49000 8.90900 38.82900
21 4 20 12 56 6321.10000 4.80800000 158.15000 37.49000 8.90900 38.82900
21 4 20 12 56 6321.10000 4.80800000 158.15000 37.49000 8.90900 38.82900
21 4 20 12 57 6321.10000 4.80800000 158.06000 37.49000 8.90900 38.77000
21 4 20 12 57 6321.10000 4.80800000 158.03000 37.49000 8.90900 38.77000
21 4 20 12 57 6321.00000 4.80800000 158.00000 37.49000 8.90900 38.77000
21 4 20 12 58 6309.20000 4.80800000 157.78000 37.48000 8.90900 38.77000
21 4 20 12 58 6308.50000 4.80800000 157.79000 37.49000 8.90900 38.90700
21 4 20 12 59 6308.50000 4.80800000 157.84000 37.44000 8.90900 38.77000
21 4 20 12 59 6307.20000 4.80800000 157.83000 37.44000 8.90900 38.77000
21 4 20 13 00 6310.90000 4.80000000 157.89000 37.44000 8.90900 38.77000
21 4 20 13 00 6309.80000 4.80000000 158.00000 37.44000 8.90900 38.77000
21 4 20 13 00 6318.50000 4.80000000 158.00000 37.44000 8.90900 38.77000
21 4 20 13 01 6319.20000 4.80000000 158.15000 37.44000 8.90900 38.77000
21 4 20 13 01 6319.30000 4.80000000 158.15000 37.44000 8.90900 38.77000
21 4 20 13 02 6319.30000 4.80000000 158.22000 37.44000 8.90900 38.77000
21 4 20 13 02 6319.30000 4.80000000 158.22000 37.44000 8.90900 38.77000
21 4 20 13 02 6321.30000 4.80000000 158.22000 37.44000 8.90900 38.77000
21 4 20 13 03 6329.90000 4.80000000 158.46000 37.44000 8.90900 38.77000
21 4 20 13 03 6327.00000 4.80000000 158.41000 37.44000 8.90900 38.77000
21 4 20 13 04 6328.40000 4.80000000 158.54000 37.44000 8.90900 38.77000
21 4 20 13 04 6327.20000 4.80000000 158.55000 37.44000 8.90900 38.77000
21 4 20 13 05 6322.80000 4.80000000 158.48000 37.44000 8.90900 38.77000
21 4 20 13 05 6322.80000 4.80000000 158.53000 37.44000 8.90900 38.77000
21 4 20 13 05 6322.80000 4.80000000 158.55000 37.44000 8.90900 38.77000
21 4 20 13 06 6322.80000 4.80000000 158.57000 37.44000 8.90900 38.76900
21 4 20 13 06 6323.00000 4.80000000 158.57000 37.44000 8.90900 38.76900
21 4 20 13 07 6322.70000 4.80000000 158.58000 37.46000 8.90900 38.76900
21 4 20 13 07 6322.80000 4.80000000 158.58000 37.46000 8.90900 38.76900
21 4 20 13 08 6322.70000 4.80000000 158.57000 37.46000 8.91800 38.76900
21 4 20 13 08 6325.00000 4.80000000 158.58000 37.46000 8.90900 38.76900
21 4 20 13 08 6325.00000 4.80000000 158.58000 37.46000 8.90900 38.76900
21 4 20 13 09 6324.90000 4.80000000 158.78000 37.46000 8.91800 38.76900
21 4 20 13 09 6327.40000 4.80000000 158.78000 37.46000 8.90900 38.76900
21 4 20 13 10 6326.90000 4.80000000 158.78000 37.46000 8.90900 38.77000
21 4 20 13 10 6326.90000 4.80000000 158.76000 37.46000 8.90900 38.76900
21 4 20 13 10 6326.90000 4.80000000 158.74000 37.46000 8.90900 38.76900
21 4 20 13 11 6330.00000 4.80000000 158.76000 37.46000 8.91800 38.76900
21 4 20 13 11 6330.00000 4.80000000 158.76000 37.53000 8.90900 38.76900
21 4 20 13 12 6330.00000 4.80000000 158.78000 37.53000 8.91800 38.76900
21 4 20 13 12 6332.80000 4.80000000 158.79000 37.46000 8.91800 38.76900
21 4 20 13 13 6331.30000 4.80000000 158.84000 37.53000 8.90900 38.76100
21 4 20 13 13 6331.30000 4.80000000 158.88000 37.53000 8.90900 38.83600
21 4 20 13 13 6331.10000 4.80000000 158.77000 37.53000 8.90900 38.83500
21 4 20 13 14 6330.10000 4.80000000 158.81000 37.53000 8.90900 38.83700
21 4 20 13 14 6330.30000 4.80000000 158.80000 37.53000 8.91800 38.83000
21 4 20 13 15 6330.30000 4.80000000 158.81000 37.53000 8.90900 38.83000
21 4 20 13 15 6330.30000 4.80000000 158.81000 37.53000 8.90900 38.82800
21 4 20 13 16 6330.10000 4.80000000 158.60000 37.53000 8.90900 38.82600
21 4 20 13 16 6326.30000 4.80000000 158.46000 37.53000 8.90900 38.79900
21 4 20 13 16 6325.80000 4.80000000 158.52000 37.53000 8.90900 38.80400
21 4 20 13 17 6325.80000 4.80000000 158.58000 37.53000 8.90900 38.78700
21 4 20 13 17 6325.80000 4.80800000 158.55000 37.53000 8.90900 38.78300
21 4 20 13 18 6325.80000 4.80000000 158.55000 37.53000 8.90900 38.78600
21 4 20 13 18 6325.20000 4.80000000 158.58000 37.53000 8.90900 38.79000
21 4 20 13 18 6325.30000 4.80000000 158.57000 37.53000 8.90900 38.80800
21 4 20 13 19 6325.30000 4.80000000 158.57000 37.51000 8.90900 38.81400
21 4 20 13 19 6322.90000 4.80800000 158.31000 37.50000 8.90900 38.81100
21 4 20 13 20 6322.90000 4.80800000 158.24000 37.50000 8.90900 38.81100
21 4 20 13 20 6322.90000 4.80000000 158.24000 37.51000 8.90900 38.80400
21 4 20 13 21 6321.00000 4.80000000 158.30000 37.51000 8.90900 38.80700
21 4 20 13 21 6321.10000 4.80800000 158.30000 37.51000 8.90900 38.81900
21 4 20 13 21 6320.00000 4.80000000 158.30000 37.49000 8.90900 38.81600
21 4 20 13 22 6319.50000 4.81000000 158.29000 37.51000 8.81100 38.81600
21 4 20 13 22 6319.40000 4.81000000 158.30000 37.49000 8.81100 38.81600
21 4 20 13 23 6319.40000 4.81000000 158.30000 37.49000 8.81100 38.81600
21 4 20 13 23 6319.40000 4.81000000 158.15000 37.49000 8.81100 38.81600
21 4 20 13 24 6316.60000 4.81000000 158.13000 37.49000 8.81100 38.81600
21 4 20 13 24 6314.00000 4.81000000 158.13000 37.49000 8.81100 38.81600
21 4 20 13 24 6314.20000 4.81000000 158.05000 37.49000 8.81100 38.81600
21 4 20 13 25 6314.20000 4.81000000 158.03000 37.51000 8.81100 38.81600
21 4 20 13 25 6307.50000 4.81000000 157.90000 37.49000 8.91800 38.81600
21 4 20 13 26 6311.70000 4.81000000 157.94000 37.49000 8.81100 38.81600
21 4 20 13 26 6309.40000 4.81000000 157.94000 37.49000 8.81100 38.81600
21 4 20 13 27 6307.20000 4.81000000 157.94000 37.49000 8.81100 38.68000
21 4 20 13 27 6309.30000 4.81000000 157.82000 37.49000 8.81100 38.82100
21 4 20 13 27 6309.50000 4.81000000 157.73000 37.44000 8.81100 38.68000
21 4 20 13 28 6309.50000 4.81000000 157.73000 37.44000 8.81100 38.68000
21 4 20 13 28 6314.40000 4.81000000 157.95000 37.38000 8.81100 38.68000
21 4 20 13 29 6313.20000 4.81000000 158.00000 37.48000 8.81100 38.68000
21 4 20 13 29 6309.50000 4.81000000 158.03000 37.48000 8.81100 38.68000
21 4 20 13 29 6314.00000 4.81000000 158.04000 37.48000 8.81100 38.68000
21 4 20 13 30 6314.30000 4.81000000 158.05000 37.48000 8.81100 38.68000
21 4 20 13 30 6314.30000 4.81000000 158.14000 37.48000 8.81100 38.68000
21 4 20 13 31 6317.80000 4.81000000 158.19000 37.48000 8.81100 38.81600
21 4 20 13 31 6314.30000 4.81000000 158.19000 37.48000 8.81100 38.68000
21 4 20 13 32 6316.50000 4.81000000 158.15000 37.48000 8.81100 38.68000
21 4 20 13 32 6315.50000 4.81000000 157.97000 37.48000 8.91800 38.68000
21 4 20 13 32 6315.50000 4.81000000 157.94000 37.48000 8.81100 38.81600
21 4 20 13 33 6315.50000 4.81000000 157.92000 37.41000 8.91800 38.68000
21 4 20 13 33 6307.90000 4.81000000 157.80000 37.41000 8.81100 38.43000
21 4 20 13 34 6307.90000 4.81000000 157.80000 37.41000 8.81100 38.41200
21 4 20 13 34 6307.90000 4.81000000 157.68000 37.41000 8.81100 38.34000
21 4 20 13 35 6303.60000 4.81000000 157.59000 37.41000 8.81100 38.34000
21 4 20 13 35 6292.00000 4.81000000 157.35000 37.41000 8.81100 38.12700
21 4 20 13 35 6290.00000 4.81000000 157.11000 37.41000 8.81100 38.12700
21 4 20 13 36 6297.70000 4.81000000 157.26000 37.27000 8.81100 38.12700
21 4 20 13 36 6298.80000 4.81000000 157.31000 37.27000 8.79700 38.12700
21 4 20 13 37 6295.10000 4.81000000 157.19000 37.25000 8.79700 38.12700
21 4 20 13 37 6293.50000 4.80000000 157.05000 37.25000 8.79700 38.12700
21 4 20 13 37 6294.10000 4.80000000 156.93000 37.25000 8.77000 38.21800
21 4 20 13 38 6294.10000 4.80000000 156.93000 37.25000 8.77000 38.23000
21 4 20 13 38 6293.60000 4.80000000 156.98000 37.28000 8.77000 38.12700
21 4 20 13 39 6290.00000 4.80000000 156.86000 37.25000 8.77000 38.23000
21 4 20 13 39 6290.10000 4.80000000 156.83000 37.25000 8.77000 38.23000
21 4 20 13 40 6290.10000 4.80000000 156.83000 37.25000 8.77000 38.23000
