M=[
26 7 20 11 17 8543.70000 5.65600000 263.63000 41.59000 18.77700 55.92300
26 7 20 11 18 8541.00000 5.65600000 263.99000 41.57000 18.77700 55.92300
26 7 20 11 18 8541.70000 5.65600000 263.83000 41.62000 18.77700 55.92300
26 7 20 11 19 8541.70000 5.65600000 263.91000 41.60000 18.77700 55.92300
26 7 20 11 19 8539.00000 5.65600000 263.98000 41.60000 18.77700 55.92300
26 7 20 11 20 8539.10000 5.65600000 264.20000 41.56000 18.77700 55.83100
26 7 20 11 20 8531.90000 5.65600000 264.12000 41.50000 18.77700 55.83100
26 7 20 11 21 8531.60000 5.64300000 264.00000 41.50000 18.77700 55.83100
26 7 20 11 21 8531.50000 5.64300000 263.86000 41.52000 18.77700 55.83100
26 7 20 11 22 8531.60000 5.64300000 264.09000 41.49000 18.77700 55.83100
26 7 20 11 22 8533.90000 5.64300000 264.09000 41.49000 18.77700 55.83100
26 7 20 11 23 8540.00000 5.64300000 264.09000 41.49000 18.86300 55.83100
26 7 20 11 23 8540.30000 5.64300000 264.11000 41.58000 18.86100 55.83100
26 7 20 11 24 8542.50000 5.64300000 264.58000 41.58000 18.86100 55.83100
26 7 20 11 24 8543.60000 5.64300000 266.81000 41.58000 18.86100 55.83100
26 7 20 11 25 8549.30000 5.64300000 265.20000 41.72000 18.86100 55.83100
26 7 20 11 25 8550.00000 5.64300000 265.30000 41.63000 18.93600 55.83100
26 7 20 11 26 8550.00000 5.64300000 265.06000 41.67000 18.93600 55.83100
26 7 20 11 26 8552.00000 5.64300000 265.18000 41.61000 18.93600 55.83100
26 7 20 11 27 8552.00000 5.64300000 265.19000 41.61000 18.95500 55.83100
26 7 20 11 27 8550.00000 5.64300000 265.05000 41.64000 19.07300 55.83100
26 7 20 11 28 8549.10000 5.64200000 265.14000 41.63000 19.23300 55.83100
26 7 20 11 28 8546.40000 5.64200000 265.10000 41.66000 19.21200 55.83100
26 7 20 11 29 8546.10000 5.64200000 265.09000 41.63000 19.21200 55.83100
26 7 20 11 29 8535.40000 5.64400000 264.88000 41.63000 19.27500 55.83100
26 7 20 11 30 8528.70000 5.64400000 264.79000 41.63000 19.27500 55.83100
26 7 20 11 30 8526.00000 5.64400000 264.61000 41.63000 19.43100 55.83100
26 7 20 11 31 8526.90000 5.64400000 264.53000 41.63000 19.43100 55.83100
26 7 20 11 31 8526.80000 5.64400000 264.77000 41.54000 19.39000 55.83100
26 7 20 11 32 8534.40000 5.64400000 264.78000 41.54000 19.40600 55.83100
26 7 20 11 32 8539.10000 5.64400000 265.50000 41.54000 19.40700 55.68800
26 7 20 11 33 8538.50000 5.64400000 265.53000 41.56000 19.40700 55.68800
26 7 20 11 33 8541.30000 5.64400000 265.67000 41.56000 19.40700 55.68800
26 7 20 11 34 8541.80000 5.64400000 265.75000 41.56000 19.40700 55.68800
26 7 20 11 34 8541.70000 5.64400000 265.74000 41.56000 19.40700 55.68800
26 7 20 11 34 8541.80000 5.64400000 265.76000 41.60000 19.40700 55.68800
26 7 20 11 35 8541.70000 5.64400000 265.67000 41.63000 19.40700 55.68800
26 7 20 11 35 8541.70000 5.64400000 265.57000 41.59000 19.43000 55.68800
26 7 20 11 36 8541.80000 5.64400000 265.54000 41.59000 19.42900 55.68800
26 7 20 11 36 8541.80000 5.64400000 265.59000 41.65000 19.43000 55.68800
26 7 20 11 37 8541.70000 5.64400000 265.64000 41.65000 19.66300 55.68800
26 7 20 11 37 8541.80000 5.64400000 265.59000 41.60000 19.72700 55.68800
26 7 20 11 38 8541.70000 5.64400000 265.59000 41.60000 19.56500 55.68800
26 7 20 11 38 8541.80000 5.64400000 265.59000 41.60000 19.56500 55.68800
26 7 20 11 39 8540.30000 5.64400000 265.75000 41.60000 19.43000 55.68800
26 7 20 11 39 8539.10000 5.64400000 265.74000 41.60000 19.43000 55.68800
26 7 20 11 40 8539.10000 5.64400000 265.61000 41.60000 19.39200 55.71300
26 7 20 11 40 8537.20000 5.64400000 265.56000 41.60000 19.39200 55.71300
26 7 20 11 40 8537.30000 5.64400000 265.67000 41.60000 19.39200 55.71300
26 7 20 11 41 8538.70000 5.64400000 265.65000 41.60000 19.39200 55.71300
26 7 20 11 41 8540.10000 5.64400000 265.51000 41.60000 19.39200 55.71300
26 7 20 11 42 8544.80000 5.64400000 265.78000 41.60000 19.39200 55.71300
26 7 20 11 42 8545.70000 5.64400000 265.80000 41.60000 19.39200 55.71300
26 7 20 11 43 8546.90000 5.64400000 265.81000 41.60000 19.39200 55.71300
26 7 20 11 43 8549.50000 5.64400000 265.80000 41.60000 19.42900 55.71300
26 7 20 11 44 8547.90000 5.64400000 265.80000 41.68000 19.42900 55.71300
26 7 20 11 44 8548.10000 5.64400000 265.74000 41.68000 19.42900 55.71300
26 7 20 11 45 8547.50000 5.64400000 265.71000 41.68000 19.42900 55.71300
26 7 20 11 45 8547.60000 5.64400000 265.70000 41.68000 19.42900 55.71300
26 7 20 11 46 8547.70000 5.64400000 265.74000 41.68000 19.42900 55.71300
26 7 20 11 46 8547.70000 5.64400000 265.74000 41.68000 19.42900 55.71300
26 7 20 11 46 8547.70000 5.64400000 265.70000 41.68000 19.42900 55.71300
26 7 20 11 47 8547.70000 5.64400000 265.70000 41.69000 19.42900 55.71300
26 7 20 11 47 8547.80000 5.64400000 265.70000 41.69000 19.42900 55.71300
26 7 20 11 48 8547.80000 5.64400000 265.70000 41.75000 19.42900 55.71300
26 7 20 11 48 8549.40000 5.64400000 265.70000 41.75000 19.42900 55.71300
26 7 20 11 49 8553.30000 5.64400000 265.70000 41.72000 19.42900 55.71300
26 7 20 11 49 8553.40000 5.64400000 265.81000 41.76000 19.42900 55.71300
26 7 20 11 50 8556.00000 5.66800000 265.81000 41.76000 19.42900 55.71300
26 7 20 11 50 8555.40000 5.68100000 265.81000 41.76000 19.47600 55.71300
26 7 20 11 51 8554.00000 5.67900000 265.81000 41.76000 19.57300 55.71300
26 7 20 11 51 8555.10000 5.67900000 265.81000 41.79000 19.57300 55.71300
26 7 20 11 52 8553.50000 5.67900000 265.80000 41.78000 19.57300 55.71300
26 7 20 11 52 8552.60000 5.67900000 265.71000 41.79000 19.57300 55.71300
26 7 20 11 52 8552.50000 5.67900000 265.80000 41.79000 19.57300 55.71300
26 7 20 11 53 8549.60000 5.67900000 265.77000 41.79000 19.57300 55.71300
26 7 20 11 53 8549.70000 5.67900000 265.76000 41.79000 19.57300 55.71300
26 7 20 11 54 8541.70000 5.67900000 265.59000 41.78000 19.57300 55.71300
26 7 20 11 54 8543.40000 5.67900000 265.50000 41.77000 19.57300 55.71300
26 7 20 11 55 8542.50000 5.67900000 265.51000 41.77000 19.57300 55.71300
26 7 20 11 55 8542.50000 5.65800000 265.51000 41.77000 19.57300 55.71300
26 7 20 11 56 8542.40000 5.65800000 265.50000 41.77000 19.57300 55.71300
26 7 20 11 56 8542.40000 5.65800000 265.22000 41.77000 19.57300 55.71300
26 7 20 11 57 8542.50000 5.65800000 265.12000 41.77000 19.57300 55.71300
26 7 20 11 57 8542.50000 5.65800000 265.11000 41.64000 19.57300 55.71300
26 7 20 11 57 8542.40000 5.65800000 265.19000 41.64000 19.57300 55.71300
26 7 20 11 58 8542.40000 5.65800000 265.02000 41.64000 19.57300 55.79700
26 7 20 11 58 8542.40000 5.65800000 265.04000 41.64000 19.57300 55.79700
26 7 20 11 59 8542.40000 5.65800000 265.00000 41.64000 19.59000 55.79700
26 7 20 11 59 8548.30000 5.65800000 265.19000 41.64000 19.66100 55.79700
26 7 20 12 00 8548.20000 5.65800000 265.22000 41.63000 19.68000 55.71500
26 7 20 12 00 8549.90000 5.65800000 265.14000 41.61000 19.70400 55.71500
26 7 20 12 01 8550.00000 5.65800000 265.30000 41.61000 19.70400 55.71500
26 7 20 12 01 8549.90000 5.65800000 265.30000 41.61000 19.70400 55.71500
26 7 20 12 02 8555.00000 5.65800000 265.30000 41.61000 19.69300 55.71500
26 7 20 12 02 8555.90000 5.65800000 265.38000 41.61000 19.69300 55.71500
26 7 20 12 03 8555.10000 5.65800000 265.30000 41.64000 19.68000 55.71500
26 7 20 12 03 8555.60000 5.65800000 265.00000 41.65000 19.67900 55.71500
26 7 20 12 04 8556.60000 5.65800000 265.10000 41.65000 19.67900 55.71500
26 7 20 12 04 8556.60000 5.65800000 265.10000 41.65000 19.60500 55.71500
26 7 20 12 05 8556.50000 5.65800000 264.93000 41.64000 19.55100 55.71500
26 7 20 12 05 8556.50000 5.65800000 264.71000 41.64000 19.55100 55.71500
26 7 20 12 05 8556.50000 5.65800000 264.79000 41.62000 19.55100 55.71500
26 7 20 12 06 8557.80000 5.65800000 264.95000 41.62000 19.55100 55.71500
26 7 20 12 06 8558.60000 5.65800000 265.02000 41.62000 19.55100 55.71500
26 7 20 12 07 8559.70000 5.65800000 265.00000 41.62000 19.55100 55.71500
26 7 20 12 07 8559.90000 5.65800000 265.00000 41.62000 19.55100 55.71500
26 7 20 12 08 8559.90000 5.65800000 265.23000 41.62000 19.55100 55.71500
26 7 20 12 08 8560.00000 5.65800000 265.23000 41.63000 19.55100 55.71500
