M=[
28 11 20 09 57 14174.10000 5.16700000 427.40000 58.08000 12.59100 59.13000
28 11 20 09 57 14172.70000 5.14900000 427.40000 58.00000 12.59100 59.13000
28 11 20 09 58 14171.20000 5.14900000 427.40000 58.00000 12.59100 59.13000
28 11 20 09 58 14167.30000 5.14900000 427.17000 57.98000 12.59100 59.13000
28 11 20 09 58 14167.10000 5.14900000 426.62000 57.95000 12.59100 59.13000
28 11 20 09 59 14160.20000 5.14900000 426.61000 57.93000 12.59100 59.13000
28 11 20 09 59 14163.30000 5.14900000 426.84000 57.93000 12.59100 59.13000
28 11 20 10 00 14172.00000 5.14900000 426.88000 57.93000 12.59100 59.13000
28 11 20 10 00 14167.50000 5.14900000 427.06000 57.90000 12.59100 59.13000
28 11 20 10 01 14173.00000 5.14900000 427.20000 57.91000 12.59100 59.13000
28 11 20 10 01 14173.00000 5.14900000 427.51000 57.91000 12.59100 59.13000
28 11 20 10 01 14174.60000 5.14900000 427.65000 57.92000 12.59100 59.13000
28 11 20 10 02 14162.90000 5.14900000 427.59000 57.92000 12.59100 59.13000
28 11 20 10 02 14161.40000 5.14900000 427.09000 57.93000 12.59100 59.13000
28 11 20 10 03 14153.10000 5.14900000 426.69000 57.92000 12.59100 59.13000
28 11 20 10 03 14158.10000 5.14900000 427.06000 57.92000 12.59100 59.13000
28 11 20 10 04 14158.90000 5.14900000 427.06000 57.84000 12.59100 59.13000
28 11 20 10 04 14165.80000 5.14900000 427.54000 57.88000 12.59100 59.13000
28 11 20 10 04 14171.60000 5.14900000 427.87000 57.87000 12.59100 59.13000
28 11 20 10 05 14171.60000 5.14900000 427.92000 57.90000 12.59100 59.13000
28 11 20 10 05 14179.90000 5.14900000 427.92000 57.90000 12.59100 59.13000
28 11 20 10 06 14179.90000 5.14900000 428.22000 57.95000 12.59100 59.13000
28 11 20 10 06 14179.80000 5.14900000 428.22000 57.95000 12.59100 59.13000
28 11 20 10 06 14181.40000 5.14900000 428.42000 57.98000 12.59100 59.13000
28 11 20 10 07 14183.40000 5.14900000 428.50000 57.98000 12.59100 59.13000
28 11 20 10 07 14189.30000 5.14900000 428.50000 58.03000 12.59100 59.13000
28 11 20 10 08 14183.20000 5.14900000 428.50000 58.03000 12.59100 59.13000
28 11 20 10 08 14185.20000 5.14900000 428.41000 58.02000 12.59100 59.13000
28 11 20 10 09 14189.20000 5.14900000 428.47000 58.02000 12.59100 59.13000
28 11 20 10 09 14189.30000 5.14900000 428.40000 58.02000 12.59100 59.13000
28 11 20 10 09 14189.30000 5.14900000 428.30000 58.02000 12.59100 59.13000
28 11 20 10 10 14186.30000 5.14900000 428.19000 58.02000 12.59100 59.13000
28 11 20 10 10 14189.20000 5.14900000 428.19000 58.11000 12.59100 59.13000
28 11 20 10 11 14190.10000 5.14900000 428.49000 58.11000 12.59100 59.13000
28 11 20 10 11 14193.80000 5.14900000 428.79000 58.29000 12.59100 59.13000
28 11 20 10 12 14200.20000 5.14900000 428.79000 58.30000 12.59100 59.13000
28 11 20 10 12 14222.60000 5.14900000 428.94000 58.34000 12.59100 59.13000
28 11 20 10 12 14225.00000 5.14900000 428.93000 58.34000 12.59100 59.13000
28 11 20 10 13 14221.90000 5.14900000 428.74000 58.33000 12.59100 59.13000
28 11 20 10 13 14213.80000 5.14900000 428.67000 58.33000 12.59100 59.13000
28 11 20 10 14 14210.30000 5.14900000 429.07000 58.37000 12.59100 59.13000
28 11 20 10 14 14210.30000 5.14900000 428.99000 58.40000 12.59100 59.13000
28 11 20 10 15 14210.30000 5.14900000 428.97000 58.40000 12.59100 59.13000
28 11 20 10 15 14225.10000 5.17400000 429.40000 58.50000 12.59100 59.13000
28 11 20 10 15 14223.80000 5.17400000 429.40000 58.50000 12.59100 59.13000
28 11 20 10 16 14227.40000 5.17400000 429.38000 58.53000 12.59100 59.13000
28 11 20 10 16 14242.10000 5.17400000 429.49000 58.53000 12.59100 59.13000
28 11 20 10 17 14248.40000 5.17400000 429.49000 58.58000 12.59100 59.13000
28 11 20 10 17 14253.00000 5.17400000 429.57000 58.60000 12.59100 59.13000
28 11 20 10 18 14257.10000 5.17400000 429.83000 58.60000 12.59100 59.13000
28 11 20 10 18 14264.00000 5.17400000 429.84000 58.69000 12.59100 59.13000
28 11 20 10 18 14264.00000 5.17400000 430.35000 58.93000 12.59100 59.13000
28 11 20 10 19 14264.00000 5.17400000 430.43000 59.09000 12.59100 59.13000
28 11 20 10 19 14275.00000 5.17400000 430.97000 59.10000 12.59100 59.13000
28 11 20 10 20 14288.50000 5.17400000 431.00000 59.10000 12.59100 59.13000
28 11 20 10 20 14288.50000 5.17400000 431.18000 59.15000 12.59100 59.13000
28 11 20 10 21 14273.00000 5.19000000 431.00000 59.15000 12.44400 59.13000
28 11 20 10 21 14270.60000 5.19000000 431.00000 59.13000 12.44400 59.13000
28 11 20 10 21 14277.00000 5.19000000 430.57000 59.00000 12.44400 59.13000
28 11 20 10 22 14268.00000 5.19000000 430.40000 59.01000 12.44400 59.13000
28 11 20 10 22 14268.00000 5.19000000 430.50000 58.95000 12.44400 59.13000
28 11 20 10 23 14278.00000 5.19000000 430.82000 59.04000 12.44400 59.13000
28 11 20 10 23 14286.00000 5.19000000 431.30000 59.28000 12.44400 59.13000
28 11 20 10 24 14286.00000 5.19000000 431.72000 59.23000 12.44400 59.13000
28 11 20 10 24 14282.30000 5.19000000 431.30000 59.23000 12.44400 59.13000
28 11 20 10 24 14280.50000 5.19000000 431.30000 59.23000 12.44400 59.13000
28 11 20 10 25 14285.00000 5.19000000 431.51000 59.12000 12.39200 59.13000
28 11 20 10 25 14278.00000 5.19000000 431.09000 59.12000 12.39200 59.13000
28 11 20 10 26 14272.80000 5.19000000 431.07000 59.10000 12.39200 59.13000
28 11 20 10 26 14281.60000 5.19000000 431.26000 59.13000 12.39200 59.13000
28 11 20 10 27 14280.80000 5.19000000 431.26000 59.14000 12.39300 59.13000
28 11 20 10 27 14288.50000 5.19000000 431.63000 59.14000 12.39300 59.13000
28 11 20 10 27 14290.00000 5.19000000 431.30000 59.14000 12.39300 59.13000
28 11 20 10 28 14300.00000 5.19000000 431.53000 59.32000 12.39300 59.13000
28 11 20 10 28 14319.00000 5.19000000 431.45000 59.30000 12.39300 59.13000
28 11 20 10 29 14319.00000 5.19000000 431.52000 59.34000 12.39300 59.13000
28 11 20 10 29 14319.00000 5.19000000 431.72000 59.44000 12.39300 59.13000
28 11 20 10 30 14319.00000 5.20600000 431.47000 59.44000 12.39300 59.13000
28 11 20 10 30 14319.00000 5.20600000 431.68000 59.31000 12.39300 59.13000
28 11 20 10 30 14318.90000 5.20600000 431.30000 59.14000 12.39300 59.13000
28 11 20 10 31 14313.50000 5.20600000 431.49000 59.15000 12.39300 59.13000
28 11 20 10 31 14312.30000 5.20600000 431.34000 59.06000 12.39300 59.13000
28 11 20 10 32 14319.00000 5.20600000 431.51000 59.09000 12.39300 59.57100
28 11 20 10 32 14319.00000 5.20600000 431.44000 59.13000 12.39300 59.57100
28 11 20 10 33 14324.40000 5.20600000 431.35000 59.06000 12.39300 59.57100
28 11 20 10 33 14320.20000 5.20600000 431.16000 59.06000 12.39300 59.57100
28 11 20 10 33 14320.40000 5.20600000 431.07000 59.06000 12.39300 59.57100
28 11 20 10 34 14331.20000 5.20600000 431.33000 59.00000 12.39300 59.57100
28 11 20 10 34 14331.20000 5.20600000 431.56000 59.00000 12.39300 59.57100
28 11 20 10 35 14342.60000 5.20600000 431.76000 59.00000 12.39300 59.57100
28 11 20 10 35 14352.90000 5.20600000 432.51000 59.14000 12.39300 59.57100
28 11 20 10 36 14354.90000 5.20600000 432.90000 59.11000 12.39300 59.57100
28 11 20 10 36 14372.60000 5.20600000 432.88000 59.11000 12.39300 59.57100
28 11 20 10 36 14380.00000 5.20600000 432.59000 59.11000 12.39300 59.57100
28 11 20 10 37 14399.90000 5.20600000 432.59000 59.11000 12.39300 59.57100
28 11 20 10 37 14407.00000 5.20600000 432.48000 59.11000 12.39300 59.57100
28 11 20 10 38 14389.90000 5.20600000 432.48000 59.00000 12.39300 59.57100
28 11 20 10 38 14394.90000 5.20600000 432.47000 59.00000 12.39300 59.57100
28 11 20 10 39 14388.30000 5.20600000 432.00000 59.00000 12.39300 59.57100
28 11 20 10 39 14396.70000 5.20600000 432.38000 58.94000 12.39300 59.57100
28 11 20 10 39 14398.00000 5.20600000 432.21000 58.94000 12.39300 59.57100
28 11 20 10 40 14414.00000 5.20600000 432.68000 58.94000 12.39300 59.57100
28 11 20 10 40 14400.20000 5.20600000 432.56000 59.03000 12.39300 59.57100
28 11 20 10 41 14415.70000 5.20600000 432.71000 59.14000 12.39300 59.57100
28 11 20 10 41 14414.70000 5.20500000 432.87000 59.14000 12.39300 59.57100
28 11 20 10 42 14418.80000 5.20500000 433.00000 59.31000 12.39300 59.57100
