M=[
13 4 21 03 06 51041.60000 16.51700000 1817.36000 210.85000 41.21600 187.24900
13 4 21 03 07 51014.10000 16.51700000 1816.77000 210.58000 41.21600 187.24900
13 4 21 03 07 51000.30000 16.51700000 1816.77000 210.58000 41.21600 187.24900
13 4 21 03 07 50976.60000 16.51700000 1815.11000 210.58000 41.21600 187.24900
13 4 21 03 08 50976.80000 16.51700000 1816.15000 210.58000 41.21600 187.24900
13 4 21 03 08 50962.80000 16.51700000 1816.15000 210.58000 41.21600 187.36100
13 4 21 03 09 50997.30000 16.51700000 1816.15000 210.04000 41.21600 187.36100
13 4 21 03 09 51003.60000 16.51700000 1816.15000 210.05000 41.21600 187.36100
13 4 21 03 10 51028.30000 16.52400000 1816.15000 210.05000 41.21600 187.36100
13 4 21 03 10 51028.40000 16.52400000 1816.15000 210.05000 41.21600 187.36100
13 4 21 03 10 50983.60000 16.52400000 1816.15000 210.05000 41.21600 187.36100
13 4 21 03 11 50978.50000 16.52400000 1816.15000 210.24000 41.21600 187.36100
13 4 21 03 11 50979.60000 16.52400000 1816.15000 210.24000 41.21600 187.36100
13 4 21 03 12 50971.10000 16.52400000 1816.15000 210.24000 41.21600 187.36100
13 4 21 03 12 50975.00000 16.52400000 1816.15000 210.24000 41.40200 187.36100
13 4 21 03 13 50967.10000 16.52400000 1816.94000 210.24000 41.43900 187.36100
13 4 21 03 13 51028.30000 16.52400000 1818.22000 210.12000 41.48200 187.36100
13 4 21 03 13 51028.30000 16.52400000 1818.38000 210.12000 41.48200 187.36100
13 4 21 03 14 51028.30000 16.52400000 1818.38000 210.12000 41.48200 187.36100
13 4 21 03 14 51030.50000 16.52400000 1818.70000 211.05000 41.48200 187.81400
13 4 21 03 15 51041.50000 16.52400000 1818.70000 211.05000 41.48200 187.81400
13 4 21 03 15 51053.20000 16.52400000 1818.70000 211.05000 41.48200 187.81400
13 4 21 03 16 51028.40000 16.55000000 1819.12000 210.72000 41.53400 187.81400
13 4 21 03 16 50979.40000 16.55000000 1815.67000 210.72000 41.54300 187.81400
13 4 21 03 16 50910.80000 16.55000000 1814.88000 210.72000 41.54300 187.81400
13 4 21 03 17 50959.90000 16.55000000 1816.00000 210.39000 41.54300 187.81400
13 4 21 03 17 50958.10000 16.55000000 1816.00000 210.39000 41.54300 187.81400
13 4 21 03 18 50963.70000 16.55000000 1816.00000 210.39000 41.54300 187.81400
13 4 21 03 18 50964.30000 16.55000000 1816.00000 210.39000 41.54300 187.81400
13 4 21 03 19 50888.10000 16.55000000 1816.29000 210.67000 41.54300 187.81400
13 4 21 03 19 50869.00000 16.55000000 1815.16000 210.31000 41.54300 187.81400
13 4 21 03 19 50899.70000 16.57600000 1815.38000 210.31000 41.54300 187.81400
13 4 21 03 20 50896.50000 16.57600000 1815.87000 210.31000 41.54300 187.81400
13 4 21 03 20 50892.30000 16.57600000 1815.87000 210.48000 41.54300 187.81400
13 4 21 03 21 50892.30000 16.57600000 1815.87000 210.48000 41.46600 187.81400
13 4 21 03 21 50854.50000 16.57600000 1812.55000 210.48000 41.46600 187.81400
13 4 21 03 22 50866.80000 16.57600000 1814.35000 210.48000 41.46600 187.81400
13 4 21 03 22 50862.40000 16.57600000 1814.04000 210.48000 41.46600 187.81400
13 4 21 03 22 50831.60000 16.57600000 1813.27000 210.28000 41.46600 187.97200
13 4 21 03 23 50831.60000 16.57600000 1812.34000 210.00000 41.46600 187.97200
13 4 21 03 23 50831.60000 16.57600000 1812.34000 209.99000 41.46600 187.97200
13 4 21 03 24 50836.80000 16.57600000 1812.34000 209.99000 41.46600 187.97200
13 4 21 03 24 50850.90000 16.57600000 1812.34000 209.99000 41.46600 187.97200
13 4 21 03 25 50850.90000 16.57600000 1813.28000 209.99000 41.46600 187.97200
13 4 21 03 25 50850.90000 16.57600000 1813.28000 209.99000 41.46600 187.97200
13 4 21 03 25 50850.90000 16.57600000 1812.07000 209.63000 41.46600 187.97200
13 4 21 03 26 50850.80000 16.57600000 1812.15000 209.63000 41.46600 187.97200
13 4 21 03 26 50831.90000 16.57600000 1812.29000 209.63000 41.46600 187.97200
13 4 21 03 27 50831.50000 16.57600000 1812.05000 209.88000 41.46600 187.97200
13 4 21 03 27 50816.00000 16.57600000 1810.10000 209.88000 41.46600 187.97200
13 4 21 03 28 50762.70000 16.57600000 1810.10000 209.88000 41.46600 187.97200
13 4 21 03 28 50762.70000 16.57600000 1811.38000 209.88000 41.46600 187.97200
13 4 21 03 28 50762.70000 16.57600000 1811.38000 209.88000 41.46600 187.97200
13 4 21 03 29 50756.40000 16.57600000 1811.38000 210.72000 41.46600 187.97200
13 4 21 03 29 50756.40000 16.57600000 1810.64000 210.72000 41.46600 187.97200
13 4 21 03 30 50762.70000 16.57600000 1810.64000 210.72000 41.46600 187.97200
13 4 21 03 30 50762.60000 16.57600000 1812.13000 210.72000 41.46600 187.97200
13 4 21 03 31 50762.70000 16.57600000 1812.13000 211.13000 41.46600 187.97200
13 4 21 03 31 50762.00000 16.57600000 1811.18000 211.30000 41.46600 187.97200
13 4 21 03 31 50762.00000 16.57600000 1810.92000 211.09000 41.46600 187.97200
13 4 21 03 32 50761.90000 16.57600000 1810.92000 211.09000 41.46600 187.81700
13 4 21 03 32 50761.90000 16.57600000 1811.51000 211.09000 41.46600 187.81700
13 4 21 03 33 50736.90000 16.57600000 1811.51000 211.09000 41.46600 187.81700
13 4 21 03 33 50731.90000 16.57600000 1811.69000 210.95000 41.46600 187.81700
13 4 21 03 34 50731.50000 16.57600000 1811.47000 210.95000 41.46600 187.81700
13 4 21 03 34 50722.20000 16.57600000 1811.48000 211.20000 41.46600 187.81700
13 4 21 03 34 50715.00000 16.57600000 1811.73000 211.20000 41.46600 187.81700
13 4 21 03 35 50711.60000 16.57600000 1811.73000 211.20000 41.46600 187.81700
13 4 21 03 35 50711.60000 16.57600000 1811.91000 211.20000 41.46600 187.81700
13 4 21 03 36 50711.60000 16.57600000 1811.91000 211.20000 41.46600 187.81700
13 4 21 03 36 50711.70000 16.57600000 1811.91000 211.20000 41.46600 187.81700
13 4 21 03 37 50711.70000 16.57600000 1812.78000 211.20000 41.46600 187.81700
13 4 21 03 37 50700.00000 16.57600000 1810.59000 211.20000 41.31200 187.81700
13 4 21 03 37 50702.80000 16.57600000 1813.41000 211.20000 41.31200 187.81700
13 4 21 03 38 50702.80000 16.55000000 1813.27000 210.49000 41.31200 187.81700
13 4 21 03 38 50702.80000 16.55000000 1812.32000 210.49000 41.31200 187.81700
13 4 21 03 39 50700.10000 16.55000000 1812.32000 210.38000 41.31200 187.81700
13 4 21 03 39 50700.00000 16.55000000 1812.32000 210.38000 41.31200 187.81700
13 4 21 03 40 50700.10000 16.55000000 1812.32000 210.38000 41.31200 187.81700
13 4 21 03 40 50700.10000 16.55000000 1812.30000 210.38000 41.31200 187.81700
13 4 21 03 40 50700.10000 16.55000000 1813.44000 210.81000 41.31200 187.81700
13 4 21 03 41 50700.10000 16.55000000 1813.78000 210.81000 41.31200 187.81700
13 4 21 03 41 50716.40000 16.55000000 1813.78000 210.76000 41.31200 187.81700
13 4 21 03 42 50716.40000 16.55000000 1813.11000 210.76000 41.31200 187.70100
13 4 21 03 42 50716.40000 16.55000000 1813.11000 210.65000 41.31200 187.70000
13 4 21 03 43 50720.00000 16.55000000 1813.11000 210.65000 41.31200 187.70000
13 4 21 03 43 50719.90000 16.55000000 1813.70000 210.65000 41.33400 187.70000
13 4 21 03 43 50720.00000 16.55000000 1813.70000 210.65000 41.33400 187.70000
13 4 21 03 44 50720.00000 16.55000000 1813.69000 210.50000 41.33400 187.70000
13 4 21 03 44 50705.30000 16.55000000 1813.69000 210.50000 41.33400 187.27100
13 4 21 03 45 50705.40000 16.55000000 1814.00000 210.50000 41.33400 187.27100
13 4 21 03 45 50705.30000 16.55000000 1813.99000 210.50000 41.33400 187.27100
13 4 21 03 46 50711.10000 16.55000000 1814.00000 210.50000 41.33400 187.27100
13 4 21 03 46 50715.60000 16.55000000 1814.00000 210.49000 41.33400 187.27100
13 4 21 03 46 50715.80000 16.55000000 1814.00000 210.49000 41.33400 187.27100
13 4 21 03 47 50735.50000 16.55000000 1814.00000 210.49000 41.12800 187.27100
13 4 21 03 47 50735.30000 16.55000000 1814.00000 210.49000 41.12800 187.27100
13 4 21 03 48 50748.10000 16.55000000 1814.00000 210.49000 41.12800 187.27100
13 4 21 03 48 50748.00000 16.55000000 1814.00000 210.49000 41.12800 187.27100
13 4 21 03 49 50735.00000 16.55000000 1814.21000 210.35000 41.12800 187.27100
13 4 21 03 49 50656.20000 16.55000000 1812.66000 210.35000 41.13600 187.27100
13 4 21 03 49 50664.10000 16.55000000 1810.10000 210.35000 41.13600 187.27100
