M=[
17 4 21 07 18 52003.30000 38.20000000 2060.74000 273.41000 43.70600 239.20300
17 4 21 07 18 52003.30000 38.41500000 2060.75000 273.22000 43.71100 239.20300
17 4 21 07 19 52039.40000 38.49600000 2057.94000 273.18000 43.71100 239.20300
17 4 21 07 19 52011.00000 38.35900000 2057.08000 272.42000 43.71100 239.20300
17 4 21 07 20 52009.40000 38.21500000 2057.08000 272.17000 43.71100 238.94000
17 4 21 07 20 52013.90000 38.28000000 2056.82000 272.07000 43.71100 237.83100
17 4 21 07 21 52000.00000 38.06100000 2056.83000 272.43000 43.71100 237.56500
17 4 21 07 21 52038.60000 38.09900000 2058.60000 272.98000 43.71100 238.03400
17 4 21 07 21 52000.00000 37.94100000 2052.94000 272.30000 43.71100 238.03400
17 4 21 07 22 51978.70000 37.91000000 2052.85000 272.14000 43.71100 238.85100
17 4 21 07 22 51963.60000 37.90100000 2052.75000 272.10000 43.71100 238.85100
17 4 21 07 23 51961.80000 37.89800000 2053.46000 272.17000 43.71100 239.20100
17 4 21 07 23 51969.30000 38.00000000 2053.57000 271.95000 43.71100 239.17200
17 4 21 07 24 51960.10000 37.77300000 2054.00000 272.03000 43.71100 238.34900
17 4 21 07 24 52000.50000 38.00000000 2056.85000 272.51000 43.71100 238.34900
17 4 21 07 24 52020.60000 38.10300000 2056.85000 272.81000 43.71100 238.34900
17 4 21 07 25 51987.30000 37.98700000 2052.96000 272.52000 43.72000 238.34900
17 4 21 07 25 51965.20000 37.98700000 2052.61000 272.27000 43.72000 238.34900
17 4 21 07 26 51955.10000 37.83200000 2052.62000 272.04000 43.72000 238.34900
17 4 21 07 26 51940.00000 37.83200000 2052.32000 271.69000 43.72000 238.34900
17 4 21 07 27 51940.00000 37.87200000 2052.69000 271.92000 43.72000 238.34900
17 4 21 07 27 51948.60000 37.84800000 2053.40000 271.97000 43.72000 239.18300
17 4 21 07 27 51951.10000 37.80000000 2052.61000 271.75000 43.72000 239.17700
17 4 21 07 28 51941.30000 37.63200000 2053.03000 271.53000 43.72000 238.78500
17 4 21 07 28 51940.60000 37.63200000 2052.96000 271.43000 43.72000 238.78500
17 4 21 07 29 51961.60000 37.61200000 2053.75000 271.32000 43.72000 238.78500
17 4 21 07 29 51949.80000 37.61200000 2053.76000 271.32000 43.72000 238.78500
17 4 21 07 30 51951.70000 37.32800000 2054.13000 271.04000 43.72000 238.78500
17 4 21 07 30 51940.60000 37.15300000 2054.13000 270.81000 43.72000 238.78500
17 4 21 07 30 51910.70000 37.33300000 2054.13000 270.98000 43.72000 238.78500
17 4 21 07 31 51900.90000 37.57900000 2051.87000 270.33000 43.72000 238.81200
17 4 21 07 31 51899.80000 37.50800000 2051.84000 270.37000 43.72000 238.81200
17 4 21 07 32 51920.90000 37.50900000 2051.82000 270.56000 43.72000 238.81200
17 4 21 07 32 51939.00000 37.45100000 2053.46000 270.92000 43.69100 238.60300
17 4 21 07 33 51938.10000 37.51700000 2054.04000 270.92000 43.69100 238.60300
17 4 21 07 33 51930.10000 37.70900000 2054.12000 270.68000 43.69100 238.59900
17 4 21 07 33 51940.70000 37.57200000 2054.71000 270.81000 43.69100 238.59900
17 4 21 07 34 51949.10000 37.75800000 2054.71000 270.92000 43.69100 238.63800
17 4 21 07 34 51949.30000 37.79000000 2054.93000 270.76000 43.69100 238.63800
17 4 21 07 35 51955.50000 37.76200000 2054.93000 270.71000 43.69100 238.63800
17 4 21 07 35 51967.00000 37.76200000 2055.03000 270.84000 43.69100 239.36800
17 4 21 07 36 51977.80000 37.76200000 2055.03000 271.51000 43.69100 239.47900
17 4 21 07 36 51979.60000 37.54100000 2057.00000 271.51000 43.69100 240.03800
17 4 21 07 36 51998.30000 37.54100000 2057.26000 271.54000 43.69100 240.24800
17 4 21 07 37 52000.10000 37.50000000 2057.02000 270.87000 43.69100 240.84000
17 4 21 07 37 52000.00000 37.50000000 2057.05000 270.82000 43.53800 240.84000
17 4 21 07 38 51992.90000 37.50000000 2057.06000 271.28000 43.53800 240.80100
17 4 21 07 38 51993.40000 37.50000000 2057.25000 271.19000 43.53800 240.80100
17 4 21 07 39 52000.10000 37.66800000 2057.26000 271.20000 43.53800 240.80100
17 4 21 07 39 52061.60000 37.69200000 2060.00000 271.45000 43.53800 240.89200
17 4 21 07 39 52066.90000 37.69400000 2060.00000 271.68000 43.53800 240.89200
17 4 21 07 40 52067.40000 37.78800000 2063.59000 271.99000 43.53800 241.58700
17 4 21 07 40 52067.30000 37.79300000 2063.66000 271.89000 43.53800 241.51200
17 4 21 07 41 52068.40000 37.70000000 2062.19000 271.67000 43.53800 241.51200
17 4 21 07 41 52103.70000 37.65100000 2063.49000 271.67000 43.69500 242.16300
17 4 21 07 42 52106.90000 37.55800000 2062.37000 271.61000 43.69500 242.18500
17 4 21 07 42 52100.10000 37.68800000 2061.61000 271.50000 43.69500 242.21900
17 4 21 07 42 52103.90000 37.69100000 2061.62000 272.23000 43.78900 242.42000
17 4 21 07 43 52109.90000 37.69100000 2063.13000 272.23000 43.78900 242.42000
17 4 21 07 43 52120.10000 37.89900000 2061.87000 271.65000 43.60900 241.99600
17 4 21 07 44 52120.10000 37.69700000 2061.96000 272.13000 43.60900 241.83700
17 4 21 07 44 52120.30000 37.84500000 2063.44000 272.33000 43.60900 242.23500
17 4 21 07 45 52121.80000 37.74300000 2063.49000 272.22000 43.60900 242.23500
17 4 21 07 45 52129.60000 37.92900000 2065.00000 272.99000 43.60900 241.84400
17 4 21 07 45 52129.80000 37.92900000 2066.61000 272.99000 43.60900 241.73500
17 4 21 07 46 52142.50000 37.98900000 2067.06000 273.02000 43.60900 241.70000
17 4 21 07 46 52129.60000 37.98900000 2065.00000 272.59000 43.60900 241.70000
17 4 21 07 47 52133.00000 37.71400000 2065.05000 272.86000 43.60900 241.70000
17 4 21 07 47 52141.40000 37.77200000 2064.99000 273.10000 43.60900 241.31700
17 4 21 07 48 52112.30000 37.77200000 2064.78000 273.29000 43.60900 241.31700
17 4 21 07 48 52129.60000 37.78100000 2065.59000 273.45000 43.60900 241.19500
17 4 21 07 48 52124.50000 37.71600000 2065.60000 273.28000 43.60900 241.19500
17 4 21 07 49 52119.60000 37.69600000 2065.81000 273.81000 43.60900 241.19500
17 4 21 07 49 52111.90000 37.69600000 2064.41000 273.31000 43.60900 240.40300
17 4 21 07 50 52111.00000 37.60800000 2063.70000 273.46000 43.60900 240.13700
17 4 21 07 50 52113.90000 37.56300000 2064.21000 273.53000 43.60900 240.20200
17 4 21 07 51 52069.00000 37.53400000 2062.94000 272.99000 43.78200 240.20200
17 4 21 07 51 52046.40000 37.39000000 2060.45000 272.00000 43.78000 240.20200
17 4 21 07 51 52040.80000 37.39000000 2061.29000 272.06000 43.78000 240.20200
17 4 21 07 52 52058.00000 37.48600000 2061.28000 271.83000 43.78000 239.66600
17 4 21 07 52 52081.30000 37.62800000 2061.80000 272.55000 43.78000 239.66600
17 4 21 07 53 52086.20000 37.62800000 2061.80000 272.18000 43.78000 240.75000
17 4 21 07 53 52057.20000 37.71500000 2060.07000 272.04000 43.78000 240.53300
17 4 21 07 54 52037.90000 37.74000000 2060.71000 272.07000 43.78000 240.53300
17 4 21 07 54 52053.20000 37.74000000 2061.31000 272.19000 43.78000 240.53300
17 4 21 07 54 52069.10000 37.74000000 2062.10000 272.87000 43.78000 240.53300
17 4 21 07 55 52046.80000 37.74000000 2061.93000 273.25000 43.78000 240.34200
17 4 21 07 55 52049.00000 37.20800000 2061.53000 273.50000 43.78000 240.34200
17 4 21 07 56 52039.40000 37.20800000 2061.61000 273.79000 43.78000 240.89800
17 4 21 07 56 52027.70000 37.27200000 2060.57000 273.63000 43.78000 240.89800
17 4 21 07 57 52023.90000 37.27200000 2060.93000 273.63000 43.78000 240.89800
17 4 21 07 57 52033.40000 37.39200000 2060.93000 274.27000 43.78000 240.72000
17 4 21 07 57 52028.00000 37.39200000 2060.27000 274.60000 43.78000 241.02500
17 4 21 07 58 52024.10000 37.34200000 2060.57000 274.51000 43.78000 240.78900
17 4 21 07 58 52006.50000 37.06200000 2060.56000 274.27000 43.78000 240.78900
17 4 21 07 59 51999.90000 37.22300000 2059.62000 274.51000 43.78000 242.00000
17 4 21 07 59 52000.00000 37.17200000 2059.75000 273.85000 43.78000 241.91600
17 4 21 08 00 52004.40000 37.00000000 2059.75000 273.16000 43.78000 242.00000
17 4 21 08 00 52036.90000 37.19700000 2063.78000 274.53000 43.62400 242.42600
17 4 21 08 00 52060.20000 37.19700000 2063.96000 274.24000 43.62400 242.42600
17 4 21 08 01 52114.50000 37.08000000 2063.58000 274.38000 43.62400 242.86500
17 4 21 08 01 52128.30000 37.34300000 2066.48000 273.85000 43.62400 242.82200
