M=[
22 6 21 07 00 27613.60000 33.76900000 1639.09000 108.66000 15.13000 87.65500
22 6 21 07 00 27565.30000 33.88500000 1637.14000 108.57000 15.13000 87.64100
22 6 21 07 00 27565.20000 33.88500000 1637.83000 108.57000 15.13000 87.64100
22 6 21 07 01 27537.30000 33.88500000 1637.01000 108.56000 15.13000 87.64100
22 6 21 07 01 27547.70000 33.88500000 1637.93000 108.56000 15.23000 87.64100
22 6 21 07 02 27550.90000 33.88500000 1639.04000 108.81000 15.23000 87.57100
22 6 21 07 02 27575.40000 33.88500000 1641.27000 109.16000 15.23000 87.57100
22 6 21 07 03 27592.70000 33.88500000 1641.70000 109.23000 15.23000 87.57100
22 6 21 07 03 27609.50000 33.99600000 1642.00000 109.31000 15.23000 87.57100
22 6 21 07 03 27622.50000 33.99600000 1643.43000 109.22000 15.23000 87.86000
22 6 21 07 04 27599.70000 33.99600000 1641.36000 109.06000 15.28800 87.86000
22 6 21 07 04 27599.60000 33.99600000 1640.01000 109.06000 15.28800 87.86000
22 6 21 07 05 27567.60000 33.93600000 1640.00000 108.87000 15.28800 87.86000
22 6 21 07 05 27559.60000 33.93600000 1637.89000 108.81000 15.28800 87.86000
22 6 21 07 06 27550.10000 33.93600000 1637.79000 108.75000 15.28800 87.86000
22 6 21 07 06 27550.10000 33.93600000 1636.43000 108.75000 15.28800 87.57000
22 6 21 07 06 27487.80000 33.93600000 1632.91000 108.66000 15.28800 87.57000
22 6 21 07 07 27496.80000 33.93600000 1635.38000 108.53000 15.28800 87.57000
22 6 21 07 07 27496.50000 33.93600000 1634.91000 108.41000 15.28800 87.31300
22 6 21 07 08 27496.90000 33.93600000 1634.91000 108.34000 15.28800 87.31300
22 6 21 07 08 27496.80000 33.70500000 1633.53000 108.20000 15.28800 87.31300
22 6 21 07 09 27489.20000 33.70500000 1633.74000 108.19000 15.28800 87.31300
22 6 21 07 09 27489.20000 33.70500000 1632.79000 108.20000 15.11100 87.31300
22 6 21 07 09 27460.10000 33.70500000 1630.71000 108.06000 15.11100 87.31300
22 6 21 07 10 27399.70000 33.57300000 1629.53000 108.05000 15.12800 87.31300
22 6 21 07 10 27392.10000 33.57300000 1628.33000 107.78000 15.12800 86.47700
22 6 21 07 11 27412.90000 33.57300000 1629.72000 107.75000 15.12800 86.47700
22 6 21 07 11 27401.50000 33.57300000 1628.75000 107.75000 15.12800 86.28800
22 6 21 07 12 27415.50000 33.48600000 1628.75000 107.75000 15.23200 86.28800
22 6 21 07 12 27444.20000 33.48600000 1632.45000 107.75000 15.23200 86.28800
22 6 21 07 12 27466.90000 33.48600000 1633.63000 107.96000 15.23200 86.28800
22 6 21 07 13 27466.90000 33.48600000 1632.07000 107.96000 15.23200 86.28800
22 6 21 07 13 27433.30000 33.48600000 1631.47000 107.75000 15.23200 86.28800
22 6 21 07 14 27466.70000 33.48600000 1632.54000 107.75000 15.23200 86.28800
22 6 21 07 14 27509.60000 33.48600000 1632.51000 108.02000 15.23200 86.28800
22 6 21 07 15 27493.10000 33.71200000 1635.69000 108.02000 15.23200 86.28800
22 6 21 07 15 27517.10000 33.78900000 1636.92000 108.34000 15.23200 86.28800
22 6 21 07 15 27513.20000 33.78900000 1634.18000 108.28000 15.23200 86.28800
22 6 21 07 16 27502.20000 33.78900000 1633.73000 108.30000 15.23200 86.86400
22 6 21 07 16 27446.70000 33.78900000 1628.97000 108.30000 15.23200 86.86400
22 6 21 07 17 27433.60000 33.78900000 1628.97000 108.30000 15.23200 86.86400
22 6 21 07 17 27382.80000 33.78900000 1625.86000 107.72000 15.20000 86.86400
22 6 21 07 18 27404.20000 33.78900000 1627.55000 107.74000 15.20000 86.86400
22 6 21 07 18 27427.70000 33.78900000 1630.82000 107.74000 15.20000 86.86400
22 6 21 07 18 27418.40000 33.78900000 1628.59000 107.74000 15.20000 86.37200
22 6 21 07 19 27405.60000 33.78900000 1629.08000 107.69000 15.20000 86.37200
22 6 21 07 19 27411.60000 33.78900000 1629.26000 107.69000 15.20000 86.37200
22 6 21 07 20 27414.90000 33.78900000 1628.25000 107.72000 15.20000 86.37200
22 6 21 07 20 27410.40000 33.78900000 1627.17000 107.53000 15.20000 86.37200
22 6 21 07 21 27401.20000 33.78900000 1625.00000 107.44000 15.20000 86.37200
22 6 21 07 21 27400.00000 33.78900000 1625.01000 107.38000 15.20000 86.37200
22 6 21 07 21 27400.00000 33.78900000 1625.65000 107.34000 15.20000 86.37200
22 6 21 07 22 27408.80000 33.78900000 1625.66000 107.34000 15.20000 86.37200
22 6 21 07 22 27402.20000 33.78900000 1625.74000 107.43000 15.21500 86.37200
22 6 21 07 23 27400.00000 33.78900000 1625.92000 107.38000 15.21500 86.37200
22 6 21 07 23 27400.10000 33.78900000 1626.58000 107.46000 15.21500 86.37200
22 6 21 07 24 27418.10000 33.78900000 1626.00000 107.38000 15.21500 86.37200
22 6 21 07 24 27418.00000 33.78900000 1626.39000 107.38000 15.21500 86.37200
22 6 21 07 24 27419.30000 33.78900000 1627.79000 107.38000 15.21500 86.37200
22 6 21 07 25 27480.90000 33.78900000 1631.20000 107.98000 15.21500 86.37200
22 6 21 07 25 27491.20000 33.78900000 1630.62000 108.07000 15.21500 86.37200
22 6 21 07 26 27491.60000 33.78900000 1632.40000 108.07000 15.21500 86.37200
22 6 21 07 26 27489.40000 33.70900000 1633.91000 108.39000 15.21500 86.37200
22 6 21 07 27 27496.50000 33.70900000 1633.52000 108.39000 15.21500 86.37200
22 6 21 07 27 27517.00000 33.70900000 1635.62000 108.63000 15.21500 86.37200
22 6 21 07 27 27517.10000 33.70900000 1634.06000 108.49000 15.21500 86.37200
22 6 21 07 28 27517.10000 33.70900000 1634.58000 108.58000 15.21500 86.37200
22 6 21 07 28 27544.50000 33.70900000 1635.94000 108.58000 15.21500 86.37200
22 6 21 07 29 27550.00000 33.70900000 1637.06000 108.58000 15.21500 86.37200
22 6 21 07 29 27550.00000 33.70900000 1637.30000 108.58000 15.21500 86.37200
22 6 21 07 30 27562.50000 33.70900000 1638.01000 108.79000 15.21500 86.37200
22 6 21 07 30 27583.20000 33.70900000 1639.72000 108.79000 15.21500 86.37200
22 6 21 07 30 27577.90000 33.70900000 1638.01000 108.79000 15.21500 86.37200
22 6 21 07 31 27525.80000 33.70900000 1638.00000 108.66000 15.21500 86.37200
22 6 21 07 31 27519.90000 33.70900000 1635.01000 108.37000 15.20200 86.37200
22 6 21 07 32 27495.70000 33.70900000 1634.06000 108.37000 15.20200 86.37200
22 6 21 07 32 27480.40000 33.70900000 1634.05000 108.37000 15.20200 86.37200
22 6 21 07 33 27480.10000 33.70900000 1634.67000 108.56000 15.20200 86.37200
22 6 21 07 33 27501.60000 33.70900000 1634.97000 108.56000 15.20200 86.37200
22 6 21 07 34 27523.30000 33.70900000 1637.10000 108.56000 15.20200 86.37200
22 6 21 07 34 27531.50000 33.70900000 1637.01000 108.65000 15.20200 86.37200
22 6 21 07 34 27530.00000 33.70900000 1639.00000 108.65000 15.20200 86.37200
22 6 21 07 35 27530.00000 33.70900000 1639.83000 108.65000 15.20200 86.37200
22 6 21 07 35 27570.20000 33.70900000 1641.64000 109.00000 15.20200 87.36700
22 6 21 07 36 27566.60000 33.70900000 1641.46000 108.84000 15.20200 87.36700
22 6 21 07 36 27559.70000 33.70900000 1640.43000 108.84000 15.20200 87.36700
22 6 21 07 36 27564.90000 33.70900000 1640.47000 108.84000 15.20200 87.36700
22 6 21 07 37 27571.50000 33.70900000 1640.97000 108.84000 15.20200 87.36700
22 6 21 07 37 27573.90000 33.70900000 1640.96000 108.84000 15.20200 87.36700
22 6 21 07 38 27574.00000 33.70900000 1640.97000 109.14000 15.20200 87.36700
22 6 21 07 38 27573.90000 33.70900000 1639.86000 109.14000 15.20200 87.36700
22 6 21 07 39 27561.00000 33.70900000 1638.68000 108.76000 15.20200 87.65100
22 6 21 07 39 27536.30000 33.70900000 1637.46000 108.76000 15.20200 87.65100
22 6 21 07 39 27523.40000 33.70900000 1637.13000 108.76000 15.20200 87.65100
22 6 21 07 40 27523.50000 33.70900000 1635.87000 108.76000 15.20200 87.65100
22 6 21 07 40 27513.00000 33.70900000 1635.87000 108.46000 15.20200 87.65100
22 6 21 07 41 27541.00000 33.70900000 1637.20000 108.47000 15.20200 87.65100
22 6 21 07 41 27525.90000 33.81800000 1637.27000 108.47000 15.20200 87.16300
22 6 21 07 42 27563.80000 33.81800000 1638.82000 108.47000 15.20200 87.16300
22 6 21 07 42 27573.80000 33.81800000 1640.54000 108.47000 15.20200 87.16300
22 6 21 07 42 27562.00000 33.81800000 1641.26000 108.90000 15.20000 87.16300
22 6 21 07 43 27573.90000 33.93800000 1640.76000 108.87000 15.20000 87.16300
22 6 21 07 43 27539.10000 33.93800000 1640.55000 108.83000 15.20000 87.16300
