M=[
16 2 21 17 55 40105.20000 11.82800000 1454.99000 172.67000 32.49900 128.93200
16 2 21 17 56 40105.30000 11.82800000 1455.00000 172.45000 32.49900 128.93200
16 2 21 17 56 40089.70000 11.82800000 1454.16000 172.34000 32.49900 128.93200
16 2 21 17 57 40089.70000 11.82800000 1454.26000 172.21000 32.49900 128.93200
16 2 21 17 57 40060.10000 11.82800000 1454.42000 172.09000 32.49900 128.93200
16 2 21 17 58 40055.50000 11.82800000 1455.00000 171.78000 32.49900 128.93200
16 2 21 17 58 40002.10000 11.82800000 1454.91000 171.61000 32.49900 128.69600
16 2 21 17 58 40003.20000 11.82800000 1454.04000 171.61000 32.49900 128.69600
16 2 21 17 59 39928.60000 11.82800000 1451.15000 170.66000 32.49900 128.29400
16 2 21 17 59 39918.70000 11.76200000 1450.47000 170.66000 32.22700 128.37500
16 2 21 18 00 39906.20000 11.76200000 1449.49000 170.98000 32.22700 128.37500
16 2 21 18 00 39828.50000 11.76200000 1448.35000 170.61000 32.50000 128.28800
16 2 21 18 01 39806.10000 11.76200000 1445.83000 170.61000 32.59300 128.23000
16 2 21 18 01 39761.20000 11.76200000 1442.66000 169.89000 32.59300 127.35000
16 2 21 18 01 39755.50000 11.64300000 1438.83000 169.70000 32.55000 127.59900
16 2 21 18 02 39761.50000 11.64300000 1441.34000 169.70000 32.55000 128.03200
16 2 21 18 02 39802.30000 11.70500000 1442.63000 170.00000 32.68100 128.79600
16 2 21 18 03 39866.80000 11.70900000 1443.42000 170.41000 33.00000 129.01900
16 2 21 18 03 39797.90000 11.73200000 1440.49000 169.78000 33.00000 129.00900
16 2 21 18 04 39825.70000 11.73200000 1441.51000 169.72000 33.00000 129.00900
16 2 21 18 04 39824.70000 11.73200000 1440.38000 169.65000 33.00000 128.25000
16 2 21 18 04 39812.00000 11.73200000 1439.01000 169.56000 33.00000 128.32900
16 2 21 18 05 39859.50000 11.73200000 1440.97000 169.70000 33.00000 128.97600
16 2 21 18 05 39835.00000 11.70000000 1439.48000 169.22000 33.00000 128.84400
16 2 21 18 06 39844.30000 11.70000000 1440.01000 169.26000 33.00000 127.84500
16 2 21 18 06 39845.60000 11.70000000 1438.50000 168.95000 33.00000 127.86400
16 2 21 18 07 39894.50000 11.70000000 1440.00000 169.02000 33.00000 127.76300
16 2 21 18 07 39865.00000 11.70000000 1439.38000 168.49000 33.00000 127.62700
16 2 21 18 07 39850.10000 11.70000000 1441.27000 168.42000 33.00000 127.62700
16 2 21 18 08 39806.10000 11.55100000 1439.11000 168.30000 32.60700 127.49600
16 2 21 18 08 39780.50000 11.57800000 1437.18000 167.42000 32.55700 126.83200
16 2 21 18 09 39788.50000 11.63300000 1437.96000 167.51000 32.36000 126.85000
16 2 21 18 09 39723.90000 11.55400000 1434.40000 167.20000 32.36000 126.58000
16 2 21 18 10 39712.30000 11.50100000 1432.42000 167.05000 32.36000 126.63000
16 2 21 18 10 39678.90000 11.55500000 1431.81000 166.58000 32.36000 126.85400
16 2 21 18 10 39647.40000 11.43400000 1433.00000 167.08000 32.36000 126.74100
16 2 21 18 11 39692.80000 11.43400000 1434.88000 167.46000 32.36000 126.74100
16 2 21 18 11 39723.70000 11.60400000 1436.00000 167.39000 32.36000 127.53000
16 2 21 18 12 39754.70000 11.55600000 1436.00000 167.32000 32.36000 127.32800
16 2 21 18 12 39730.20000 11.55600000 1435.99000 167.26000 32.36000 127.33300
16 2 21 18 13 39658.50000 11.48500000 1433.07000 166.84000 32.52300 127.33300
16 2 21 18 13 39609.80000 11.48500000 1428.71000 166.31000 32.52300 125.85800
16 2 21 18 13 39655.90000 11.43900000 1430.01000 166.37000 32.52300 126.11800
16 2 21 18 14 39633.50000 11.43900000 1430.00000 165.83000 32.52300 125.47400
16 2 21 18 14 39607.80000 11.43400000 1430.71000 165.85000 32.52300 125.88900
16 2 21 18 15 39672.40000 11.43400000 1431.81000 165.99000 32.52300 125.88900
16 2 21 18 15 39748.90000 11.50000000 1434.73000 167.01000 32.52300 126.63700
16 2 21 18 16 39733.00000 11.52500000 1435.02000 167.35000 32.61600 126.61000
16 2 21 18 16 39769.00000 11.44800000 1436.00000 167.72000 32.57200 126.96700
16 2 21 18 16 39819.70000 11.44800000 1436.00000 167.97000 32.54700 127.26000
16 2 21 18 17 39851.30000 11.60900000 1436.00000 168.07000 32.54700 127.84600
16 2 21 18 17 39887.20000 11.66500000 1436.00000 168.26000 32.26800 127.83800
16 2 21 18 18 39867.80000 11.66500000 1436.00000 168.61000 32.26800 127.62800
16 2 21 18 18 39868.00000 11.66500000 1438.01000 168.40000 32.26800 127.93700
16 2 21 18 19 39915.80000 11.67200000 1439.58000 168.28000 32.26800 127.93700
16 2 21 18 19 39870.10000 11.67200000 1437.18000 168.37000 32.26800 127.71600
16 2 21 18 19 39872.50000 11.60800000 1437.81000 168.37000 32.26800 127.71600
16 2 21 18 20 39885.10000 11.60800000 1437.82000 168.47000 32.56900 127.41200
16 2 21 18 20 39885.00000 11.60800000 1436.40000 168.29000 32.56900 127.41200
16 2 21 18 21 39892.90000 11.60800000 1438.02000 168.41000 32.56900 127.25800
16 2 21 18 21 39908.40000 11.63400000 1440.00000 168.54000 32.56900 127.25800
16 2 21 18 22 39909.50000 11.63400000 1440.07000 168.57000 32.56900 127.25800
16 2 21 18 22 39908.50000 11.63400000 1441.94000 168.65000 32.56900 127.59900
16 2 21 18 22 39900.00000 11.63400000 1440.29000 168.64000 32.56900 127.79400
16 2 21 18 23 39899.30000 11.65800000 1441.39000 168.65000 32.56900 127.79400
16 2 21 18 23 39890.60000 11.65800000 1442.24000 168.60000 32.56900 127.87400
16 2 21 18 24 39890.10000 11.65800000 1442.24000 168.66000 32.56900 127.87400
16 2 21 18 24 39890.20000 11.65800000 1441.24000 168.44000 32.56900 127.87400
16 2 21 18 25 39900.90000 11.61300000 1441.78000 168.73000 32.56900 127.87400
16 2 21 18 25 39885.00000 11.61300000 1441.06000 168.76000 32.56900 127.70100
16 2 21 18 25 39975.00000 11.61300000 1444.60000 169.18000 32.56900 128.13200
16 2 21 18 26 39985.20000 11.61300000 1443.44000 169.46000 32.56900 128.25500
16 2 21 18 26 39975.00000 11.61300000 1442.65000 169.24000 32.56900 128.25500
16 2 21 18 27 39949.60000 11.68800000 1442.18000 169.16000 32.56900 128.25500
16 2 21 18 27 39949.60000 11.68800000 1441.89000 169.18000 32.56900 128.25500
16 2 21 18 28 39949.60000 11.68800000 1442.17000 169.14000 32.56900 128.25500
16 2 21 18 28 39949.60000 11.68800000 1441.77000 169.19000 32.56900 127.76400
16 2 21 18 28 39949.50000 11.68800000 1442.06000 169.40000 32.61900 127.76400
16 2 21 18 29 39960.50000 11.68800000 1442.06000 169.53000 32.61900 127.76400
16 2 21 18 29 40014.80000 11.70800000 1442.35000 169.89000 32.61900 127.76400
16 2 21 18 30 40016.60000 11.70800000 1443.00000 170.47000 32.61900 127.76400
16 2 21 18 30 39979.40000 11.70800000 1442.21000 170.20000 32.61900 127.76400
16 2 21 18 31 39965.40000 11.70800000 1440.71000 169.95000 32.61900 127.76400
16 2 21 18 31 39979.20000 11.70800000 1442.24000 169.88000 32.61900 127.76400
16 2 21 18 31 39979.20000 11.70800000 1442.26000 169.82000 32.30300 127.76400
16 2 21 18 32 39998.80000 11.74800000 1442.26000 169.82000 32.30300 127.70900
16 2 21 18 32 40035.50000 11.74800000 1442.95000 169.85000 32.30300 127.70900
16 2 21 18 33 40018.80000 11.74800000 1442.95000 169.85000 32.31400 127.41500
16 2 21 18 33 39989.60000 11.74800000 1441.84000 169.80000 32.61900 126.68000
16 2 21 18 34 39989.50000 11.74800000 1441.94000 169.80000 32.30800 126.68000
16 2 21 18 34 40005.90000 11.69000000 1442.10000 169.79000 32.61900 126.68000
16 2 21 18 34 39993.80000 11.66800000 1442.89000 169.67000 32.61900 126.68000
16 2 21 18 35 40001.60000 11.66800000 1442.93000 169.64000 32.61900 126.68000
16 2 21 18 35 40001.60000 11.66800000 1442.93000 169.64000 32.62000 127.05700
16 2 21 18 36 39999.90000 11.66800000 1442.92000 169.46000 32.62000 127.17900
16 2 21 18 36 40000.00000 11.66800000 1441.96000 169.47000 32.62000 126.95500
16 2 21 18 37 39990.10000 11.71100000 1442.55000 169.61000 32.62000 126.95500
16 2 21 18 37 39990.00000 11.73100000 1442.67000 169.50000 32.62000 126.95500
16 2 21 18 37 40000.00000 11.67900000 1442.67000 169.50000 32.62000 126.95500
16 2 21 18 38 40000.00000 11.67900000 1442.11000 169.70000 32.62000 126.95500
16 2 21 18 38 39986.40000 11.67900000 1442.12000 169.65000 32.62000 127.01900
16 2 21 18 39 40011.70000 11.67900000 1442.12000 169.72000 32.62000 126.61500
