M=[
 7 8 20 05 49 9966.90000 6.01900000 334.00000 50.20000 17.97000 80.67700
 7 8 20 05 49 9969.50000 6.01900000 334.00000 50.20000 17.97000 80.67700
 7 8 20 05 50 9969.00000 6.01900000 333.97000 50.20000 17.97000 80.67700
 7 8 20 05 50 9969.50000 6.01900000 333.98000 50.20000 17.97000 80.67700
 7 8 20 05 51 9969.50000 6.01900000 333.98000 50.20000 17.97000 80.67700
 7 8 20 05 51 9959.10000 6.01900000 333.97000 50.31000 17.97200 80.67700
 7 8 20 05 52 9966.20000 6.01900000 333.91000 50.31000 17.97200 80.67700
 7 8 20 05 52 9969.40000 6.01900000 333.91000 50.31000 17.97200 80.67700
 7 8 20 05 52 9972.10000 6.01900000 333.99000 50.34000 17.97200 80.67700
 7 8 20 05 53 9971.30000 6.01900000 333.99000 50.34000 17.97200 80.67700
 7 8 20 05 53 9972.60000 6.01900000 333.82000 50.34000 17.97200 80.62300
 7 8 20 05 54 9974.50000 6.01900000 334.01000 50.34000 17.97500 80.62300
 7 8 20 05 54 9979.30000 6.01900000 334.01000 50.34000 17.97500 80.62300
 7 8 20 05 55 9976.60000 6.01900000 334.01000 50.34000 17.97500 80.62300
 7 8 20 05 55 9977.50000 6.01900000 334.17000 50.35000 17.97500 80.62300
 7 8 20 05 56 9977.60000 6.01900000 334.06000 50.35000 17.97500 80.62300
 7 8 20 05 56 9974.50000 6.01900000 334.06000 50.35000 17.97500 80.62300
 7 8 20 05 57 9974.90000 6.01900000 334.05000 50.35000 17.97900 80.62300
 7 8 20 05 57 9970.80000 6.01900000 334.06000 50.35000 17.97900 80.62300
 7 8 20 05 58 9974.50000 6.01900000 334.05000 50.35000 17.97900 80.62300
 7 8 20 05 58 9974.50000 6.01900000 334.06000 50.35000 17.97900 80.62300
 7 8 20 05 59 9974.10000 6.01900000 333.80000 50.28000 17.97900 80.62300
 7 8 20 05 59 9968.10000 6.01900000 333.66000 50.28000 17.97900 80.62300
 7 8 20 06 00 9972.90000 6.01900000 333.62000 50.28000 17.97900 80.15300
 7 8 20 06 00 9973.00000 6.01900000 333.62000 50.28000 17.99200 80.07100
 7 8 20 06 01 9971.90000 6.01900000 333.55000 50.28000 17.99200 80.06800
 7 8 20 06 01 9971.90000 6.01900000 333.58000 50.28000 17.99200 80.18900
 7 8 20 06 02 9970.20000 6.01900000 333.51000 50.28000 17.99200 80.18900
 7 8 20 06 02 9970.30000 6.01900000 333.51000 50.28000 17.99200 80.18900
 7 8 20 06 03 9961.80000 6.01900000 333.51000 50.28000 17.99200 80.18900
 7 8 20 06 03 9962.50000 6.01900000 333.51000 50.28000 17.97500 80.18900
 7 8 20 06 04 9966.00000 6.01900000 333.51000 50.28000 17.97500 80.10400
 7 8 20 06 04 9966.20000 6.01900000 333.53000 50.19000 17.97500 80.10400
 7 8 20 06 05 9966.20000 6.01900000 333.51000 50.19000 17.97500 80.10400
 7 8 20 06 05 9966.30000 6.01900000 333.43000 50.19000 17.97500 80.10400
 7 8 20 06 06 9966.30000 6.01900000 333.34000 50.19000 17.97500 80.10400
 7 8 20 06 06 9966.30000 6.01900000 333.28000 50.19000 17.97300 80.10400
 7 8 20 06 06 9966.30000 6.01900000 333.28000 50.19000 17.97300 80.01900
 7 8 20 06 07 9966.30000 6.01900000 333.20000 50.19000 17.97300 80.01900
 7 8 20 06 07 9966.20000 6.01900000 333.36000 50.19000 17.97300 80.01100
 7 8 20 06 08 9966.30000 6.01900000 333.50000 50.15000 17.97300 80.01100
 7 8 20 06 08 9966.30000 6.01900000 333.51000 50.15000 17.97300 80.01100
 7 8 20 06 09 9966.30000 6.01900000 333.53000 50.15000 17.97700 80.01100
 7 8 20 06 09 9966.20000 6.01900000 333.52000 50.15000 17.97700 80.01100
 7 8 20 06 10 9966.30000 6.01900000 333.58000 50.15000 17.97700 80.01100
 7 8 20 06 10 9971.80000 6.01900000 333.61000 50.30000 17.97700 80.01100
 7 8 20 06 11 9970.00000 6.01900000 333.61000 50.30000 17.97700 80.01100
 7 8 20 06 11 9969.90000 6.01900000 333.51000 50.30000 17.97700 80.01100
 7 8 20 06 12 9971.30000 6.01900000 333.64000 50.30000 17.98100 80.01100
 7 8 20 06 12 9974.00000 6.01900000 333.64000 50.30000 17.98100 80.01100
 7 8 20 06 13 9974.10000 6.01900000 333.64000 50.22000 17.98100 80.01100
 7 8 20 06 13 9974.60000 6.01900000 333.67000 50.22000 17.98100 80.01100
 7 8 20 06 14 9976.90000 6.01900000 333.87000 50.22000 17.98100 80.01100
 7 8 20 06 14 9977.50000 6.01900000 333.88000 50.22000 17.98100 80.01100
 7 8 20 06 15 9977.60000 6.01900000 333.99000 50.22000 17.98100 80.01100
 7 8 20 06 15 9977.60000 6.01900000 333.95000 50.22000 17.97000 80.51600
 7 8 20 06 16 9978.30000 6.01900000 333.96000 50.22000 17.97000 80.43200
 7 8 20 06 16 9978.30000 6.01900000 333.99000 50.22000 17.97000 80.43200
 7 8 20 06 17 9988.90000 6.01900000 334.10000 50.25000 17.97000 80.43200
 7 8 20 06 17 9993.30000 6.01900000 334.10000 50.25000 17.97000 80.43200
 7 8 20 06 18 9995.20000 6.01900000 334.41000 50.25000 17.98500 80.40100
 7 8 20 06 18 9999.20000 6.01900000 334.48000 50.25000 17.98500 80.40100
 7 8 20 06 19 9999.30000 6.01900000 334.51000 50.25000 17.93100 80.40100
 7 8 20 06 19 9999.30000 6.01900000 334.51000 50.30000 17.93100 80.40100
 7 8 20 06 20 9999.60000 6.01900000 334.35000 50.30000 17.93100 80.40100
 7 8 20 06 20 9999.90000 6.01900000 334.54000 50.30000 17.93100 80.33900
 7 8 20 06 21 10002.40000 6.01900000 334.60000 50.30000 17.93100 80.33900
 7 8 20 06 21 10000.10000 6.01900000 334.61000 50.30000 17.97000 80.33900
 7 8 20 06 22 10001.80000 6.01900000 334.61000 50.35000 17.97000 80.33900
 7 8 20 06 22 10002.40000 6.01900000 334.60000 50.35000 17.97000 80.33800
 7 8 20 06 23 10002.30000 6.01900000 334.61000 50.39000 17.97000 80.35900
 7 8 20 06 23 10002.40000 6.01900000 334.61000 50.39000 17.97000 80.35900
 7 8 20 06 24 9999.80000 6.01900000 334.60000 50.39000 17.97000 80.50200
 7 8 20 06 24 9999.80000 6.01900000 334.60000 50.39000 17.97200 80.50200
 7 8 20 06 25 9999.40000 6.01900000 334.72000 50.39000 17.97200 80.50200
 7 8 20 06 25 9999.30000 6.01900000 334.72000 50.39000 17.97200 80.50200
 7 8 20 06 26 9999.30000 6.01900000 334.72000 50.39000 17.97200 80.50200
 7 8 20 06 26 9999.30000 6.01900000 334.68000 50.39000 17.97200 80.50200
 7 8 20 06 26 10000.50000 6.01900000 334.74000 50.39000 17.97200 80.50200
 7 8 20 06 27 10000.60000 6.01900000 334.74000 50.39000 17.97300 80.50200
 7 8 20 06 27 9999.90000 6.01900000 334.73000 50.39000 17.97300 80.71200
 7 8 20 06 28 10002.00000 6.01900000 334.73000 50.35000 17.97300 80.71300
 7 8 20 06 28 9999.40000 6.01900000 334.66000 50.35000 17.97300 80.72800
 7 8 20 06 29 9999.40000 6.01900000 334.53000 50.35000 17.97300 80.72800
 7 8 20 06 29 10004.80000 6.01900000 334.63000 50.35000 17.97300 80.72800
 7 8 20 06 30 10002.20000 6.01900000 334.60000 50.35000 17.97300 80.72800
 7 8 20 06 30 10004.00000 6.01900000 334.72000 50.35000 17.97300 80.72800
 7 8 20 06 31 10004.10000 6.01900000 334.72000 50.35000 17.97300 80.72800
 7 8 20 06 31 10006.10000 6.01900000 334.72000 50.35000 17.97300 80.72800
 7 8 20 06 32 10011.80000 6.01900000 334.74000 50.35000 17.97300 80.72800
 7 8 20 06 32 10010.90000 6.01900000 334.81000 50.35000 17.97300 80.72800
 7 8 20 06 33 10012.50000 6.01900000 334.87000 50.35000 17.97300 80.72800
 7 8 20 06 33 10012.60000 6.01900000 334.87000 50.50000 17.97300 80.72800
 7 8 20 06 34 10010.60000 6.06400000 334.87000 50.50000 17.97300 80.72800
 7 8 20 06 34 10005.20000 6.06400000 334.87000 50.50000 17.97300 80.72800
 7 8 20 06 35 10005.10000 6.06400000 334.74000 50.50000 17.97300 80.72800
 7 8 20 06 35 10005.10000 6.06100000 334.74000 50.46000 17.97300 80.86700
 7 8 20 06 36 10004.30000 6.06100000 334.74000 50.46000 17.97300 80.86700
 7 8 20 06 36 10004.20000 6.06100000 334.77000 50.46000 17.97300 80.86700
 7 8 20 06 37 10004.20000 6.06100000 334.74000 50.51000 17.97300 80.86700
 7 8 20 06 37 10004.30000 6.06100000 334.61000 50.51000 17.97300 80.86500
 7 8 20 06 38 10002.10000 6.06100000 334.58000 50.51000 17.97300 80.86500
 7 8 20 06 38 9999.30000 6.06100000 334.51000 50.51000 17.97300 80.86500
 7 8 20 06 39 9999.30000 6.06100000 334.37000 50.51000 17.97300 80.86500
 7 8 20 06 39 9999.40000 6.06100000 334.43000 50.51000 17.97300 80.86500
 7 8 20 06 39 9999.30000 6.06100000 334.55000 50.51000 17.97300 80.86500
 7 8 20 06 40 9996.00000 6.06100000 334.38000 50.51000 17.97300 80.86500
 7 8 20 06 40 9996.10000 6.06100000 334.50000 50.51000 17.97300 80.86500
 7 8 20 06 41 9996.00000 6.07400000 334.45000 50.51000 17.97300 80.86500
