M=[
 9 9 20 11 53 8708.40000 4.34800000 296.47000 40.83000 13.89700 51.84400
 9 9 20 11 53 8708.40000 4.34800000 296.27000 40.83000 13.89700 51.84400
 9 9 20 11 54 8708.50000 4.34800000 296.31000 40.83000 13.89700 51.84400
 9 9 20 11 54 8709.20000 4.34800000 296.40000 40.83000 13.89700 51.84400
 9 9 20 11 55 8709.10000 4.34800000 296.31000 40.83000 13.89700 51.84400
 9 9 20 11 55 8709.20000 4.34800000 296.31000 40.83000 13.89700 51.84400
 9 9 20 11 56 8709.20000 4.34800000 296.31000 40.83000 13.89700 51.84400
 9 9 20 11 56 8704.50000 4.34800000 296.17000 40.84000 13.89700 51.84400
 9 9 20 11 56 8704.60000 4.34800000 295.91000 40.84000 13.89700 51.84400
 9 9 20 11 57 8699.50000 4.34800000 295.49000 40.80000 13.89700 51.84400
 9 9 20 11 57 8697.20000 4.34800000 295.55000 40.80000 13.89700 51.84400
 9 9 20 11 58 8691.70000 4.34800000 295.35000 40.80000 13.89700 51.66700
 9 9 20 11 58 8699.90000 4.34800000 295.45000 40.80000 13.89500 51.66700
 9 9 20 11 59 8699.00000 4.34800000 295.45000 40.73000 13.89500 51.66700
 9 9 20 11 59 8699.00000 4.34800000 295.72000 40.73000 13.89500 51.66700
 9 9 20 11 59 8706.60000 4.34800000 295.72000 40.73000 13.89500 51.66700
 9 9 20 12 00 8709.70000 4.34800000 296.23000 40.75000 13.89500 51.69600
 9 9 20 12 00 8709.80000 4.34800000 296.24000 40.75000 13.89500 51.69600
 9 9 20 12 01 8710.00000 4.34800000 296.11000 40.75000 13.89500 51.69600
 9 9 20 12 01 8717.00000 4.34800000 296.11000 40.75000 13.89500 51.69600
 9 9 20 12 02 8719.70000 4.34800000 296.49000 40.75000 13.89500 51.69600
 9 9 20 12 02 8716.70000 4.34800000 296.49000 40.75000 13.89500 51.69600
 9 9 20 12 03 8718.10000 4.34800000 296.49000 40.84000 13.89500 51.69600
 9 9 20 12 03 8718.50000 4.34800000 296.68000 40.84000 13.89500 51.69600
 9 9 20 12 03 8718.50000 4.34800000 296.57000 40.84000 13.89500 51.69600
 9 9 20 12 04 8717.80000 4.34800000 296.78000 40.84000 13.89500 51.86200
 9 9 20 12 04 8715.30000 4.34800000 296.77000 40.84000 13.89500 51.86200
 9 9 20 12 05 8715.40000 4.34800000 296.51000 40.84000 13.90100 51.86200
 9 9 20 12 05 8715.40000 4.34800000 296.69000 40.84000 13.90100 51.86200
 9 9 20 12 06 8715.40000 4.34800000 296.69000 40.84000 13.90100 51.86200
 9 9 20 12 06 8720.60000 4.34800000 296.70000 40.84000 13.90100 51.75000
 9 9 20 12 06 8720.50000 4.34800000 296.78000 40.84000 13.90100 51.75000
 9 9 20 12 07 8719.70000 4.34800000 296.78000 40.84000 13.90100 51.75000
 9 9 20 12 07 8722.80000 4.34800000 296.83000 40.84000 13.90100 51.75000
 9 9 20 12 08 8728.00000 4.34800000 296.82000 40.84000 13.90100 51.75000
 9 9 20 12 08 8728.80000 4.34800000 296.82000 40.75000 13.90100 51.75000
 9 9 20 12 09 8733.70000 4.34800000 296.82000 40.75000 13.90000 51.75000
 9 9 20 12 09 8728.70000 4.34800000 296.82000 40.75000 13.90000 51.75000
 9 9 20 12 09 8727.90000 4.34800000 297.00000 40.75000 13.90000 51.75000
 9 9 20 12 10 8723.70000 4.34800000 297.00000 40.75000 13.90000 51.75000
 9 9 20 12 10 8734.90000 4.34800000 297.10000 40.75000 13.90000 51.75000
 9 9 20 12 11 8729.70000 4.34800000 297.10000 40.75000 13.96000 51.75000
 9 9 20 12 11 8729.70000 4.34800000 297.10000 40.75000 13.96000 51.75000
 9 9 20 12 12 8733.30000 4.34800000 297.48000 40.76000 13.96000 51.75000
 9 9 20 12 12 8733.40000 4.34300000 297.52000 40.76000 13.96000 51.75000
 9 9 20 12 13 8729.70000 4.34300000 297.16000 40.76000 13.96000 51.75000
 9 9 20 12 13 8716.80000 4.34300000 296.49000 40.75000 13.96000 51.75000
 9 9 20 12 13 8720.50000 4.34300000 296.49000 40.75000 13.96000 51.75000
 9 9 20 12 14 8720.60000 4.34300000 296.59000 40.71000 13.96000 51.75000
 9 9 20 12 14 8720.60000 4.34300000 296.45000 40.71000 13.96000 51.75000
 9 9 20 12 15 8720.60000 4.34300000 296.67000 40.71000 13.96000 51.75000
 9 9 20 12 15 8720.50000 4.34300000 296.55000 40.71000 13.96000 51.75000
 9 9 20 12 16 8720.60000 4.32700000 296.53000 40.71000 13.96000 51.75000
 9 9 20 12 16 8720.50000 4.32700000 296.42000 40.71000 13.96000 51.75000
 9 9 20 12 16 8720.60000 4.32700000 296.42000 40.71000 13.96000 51.75000
 9 9 20 12 17 8715.40000 4.32700000 296.36000 40.72000 13.96000 51.75000
 9 9 20 12 17 8714.90000 4.32700000 296.28000 40.72000 13.96000 51.75000
 9 9 20 12 18 8714.80000 4.32700000 296.21000 40.72000 13.96000 51.75000
 9 9 20 12 18 8714.70000 4.32700000 296.27000 40.67000 13.96000 51.75000
 9 9 20 12 19 8711.60000 4.32700000 295.65000 40.61000 13.97200 51.75000
 9 9 20 12 19 8711.60000 4.32700000 295.59000 40.61000 13.97200 51.75000
 9 9 20 12 20 8710.10000 4.32700000 295.59000 40.63000 13.97200 51.75000
 9 9 20 12 20 8708.20000 4.33000000 295.90000 40.63000 13.97200 51.75000
 9 9 20 12 20 8706.70000 4.33000000 295.90000 40.63000 14.00000 51.75000
 9 9 20 12 21 8703.00000 4.33100000 295.69000 40.58000 14.04400 51.75000
 9 9 20 12 21 8703.90000 4.33100000 295.68000 40.53000 14.04400 51.75000
 9 9 20 12 22 8704.10000 4.33100000 295.68000 40.60000 14.04400 51.75000
 9 9 20 12 22 8704.30000 4.33200000 295.68000 40.60000 14.04400 51.75000
 9 9 20 12 23 8705.20000 4.33100000 295.68000 40.60000 14.04400 51.75000
 9 9 20 12 23 8703.70000 4.32900000 295.28000 40.58000 14.04400 51.75000
 9 9 20 12 23 8702.90000 4.32700000 295.40000 40.58000 14.04400 51.75000
 9 9 20 12 24 8701.70000 4.32700000 295.40000 40.58000 14.04400 51.75000
 9 9 20 12 24 8700.90000 4.32700000 295.12000 40.58000 14.04400 51.39200
 9 9 20 12 25 8682.20000 4.32700000 294.63000 40.48000 14.04400 51.29800
 9 9 20 12 26 8682.20000 4.32700000 294.55000 40.48000 13.90600 51.29800
 9 9 20 12 26 8667.10000 4.32700000 293.71000 40.47000 13.90600 51.29800
 9 9 20 12 27 8672.40000 4.32200000 294.02000 40.47000 13.90600 51.29800
 9 9 20 12 27 8668.60000 4.32200000 294.10000 40.47000 13.98300 51.29800
 9 9 20 12 27 8668.60000 4.32200000 294.10000 40.47000 13.98300 51.24000
 9 9 20 12 28 8668.60000 4.32200000 294.09000 40.47000 14.08300 51.24000
 9 9 20 12 28 8668.60000 4.32200000 294.09000 40.43000 14.08300 51.17200
 9 9 20 12 29 8672.90000 4.32200000 294.10000 40.43000 14.08300 51.17200
 9 9 20 12 29 8677.70000 4.32200000 294.11000 40.48000 14.08300 51.17200
 9 9 20 12 30 8668.60000 4.32200000 294.10000 40.48000 14.08300 51.17200
 9 9 20 12 30 8668.00000 4.32200000 293.90000 40.48000 13.92100 51.17200
 9 9 20 12 31 8662.10000 4.32200000 293.90000 40.48000 13.92100 51.17200
 9 9 20 12 31 8660.00000 4.32200000 294.08000 40.48000 13.95900 51.17200
 9 9 20 12 31 8660.00000 4.32200000 294.11000 40.48000 13.95900 51.17200
 9 9 20 12 32 8660.00000 4.32200000 294.11000 40.48000 13.95900 51.17200
 9 9 20 12 32 8660.00000 4.32200000 294.11000 40.48000 13.95900 51.17200
 9 9 20 12 33 8660.00000 4.32200000 294.11000 40.48000 13.95900 51.21400
 9 9 20 12 33 8660.00000 4.32200000 294.12000 40.48000 13.95900 51.21400
 9 9 20 12 34 8660.00000 4.32200000 294.12000 40.48000 13.95900 51.21400
 9 9 20 12 34 8660.00000 4.32200000 294.21000 40.48000 13.95900 51.21400
 9 9 20 12 34 8664.50000 4.32200000 294.39000 40.48000 13.95900 51.21400
 9 9 20 12 35 8668.40000 4.32200000 294.54000 40.49000 13.95900 51.21400
 9 9 20 12 35 8668.90000 4.32200000 294.38000 40.49000 13.95900 51.21400
 9 9 20 12 36 8658.90000 4.32200000 294.26000 40.49000 13.95900 51.21400
 9 9 20 12 36 8664.50000 4.32200000 293.90000 40.44000 13.95900 51.24900
 9 9 20 12 37 8658.50000 4.32200000 294.37000 40.45000 13.95900 51.24900
 9 9 20 12 37 8661.40000 4.31500000 294.23000 40.41000 13.95900 51.24800
 9 9 20 12 38 8658.10000 4.31500000 294.27000 40.41000 13.95900 51.24800
 9 9 20 12 38 8658.80000 4.31500000 294.27000 40.41000 13.95900 51.24800
 9 9 20 12 39 8658.70000 4.31500000 294.27000 40.41000 13.95900 51.24800
 9 9 20 12 39 8662.50000 4.31300000 294.23000 40.41000 13.95900 51.24800
 9 9 20 12 39 8662.50000 4.31300000 294.23000 40.41000 13.95900 51.32900
 9 9 20 12 40 8661.60000 4.31300000 294.12000 40.41000 13.95900 51.32900
 9 9 20 12 40 8660.80000 4.31300000 294.12000 40.41000 14.06200 51.32900
 9 9 20 12 41 8660.50000 4.31300000 294.01000 40.48000 14.06200 51.32900
