M=[
14 10 20 05 43 9719.10000 4.84200000 325.32000 42.90000 12.01000 59.37500
14 10 20 05 43 9719.00000 4.84200000 325.38000 42.90000 12.01000 59.37500
14 10 20 05 44 9719.10000 4.83000000 325.38000 42.90000 12.01000 59.37500
14 10 20 05 44 9719.00000 4.83000000 325.42000 42.90000 12.01000 59.37500
14 10 20 05 44 9719.00000 4.83000000 325.42000 42.90000 12.01000 59.37500
14 10 20 05 45 9719.10000 4.83000000 325.42000 42.90000 12.01000 59.37500
14 10 20 05 45 9719.10000 4.83000000 325.42000 42.90000 12.01000 59.37500
14 10 20 05 46 9723.20000 4.83000000 325.42000 42.90000 12.01000 59.37500
14 10 20 05 46 9724.00000 4.83000000 325.42000 42.90000 12.01000 59.37500
14 10 20 05 47 9724.00000 4.83000000 325.42000 42.90000 12.01000 59.37500
14 10 20 05 47 9724.10000 4.83000000 325.65000 42.90000 12.01000 59.37500
14 10 20 05 47 9724.10000 4.83000000 325.65000 42.90000 12.01000 59.37500
14 10 20 05 48 9724.10000 4.83000000 325.65000 42.90000 12.01000 59.37500
14 10 20 05 48 9724.10000 4.83000000 325.77000 42.90000 12.01000 59.37500
14 10 20 05 49 9724.10000 4.83000000 325.77000 42.91000 12.01000 59.37500
14 10 20 05 49 9724.00000 4.83000000 325.77000 42.91000 12.01000 59.37500
14 10 20 05 50 9724.00000 4.83000000 325.77000 42.94000 12.01000 59.37500
14 10 20 05 50 9725.30000 4.83000000 325.90000 42.94000 12.01000 59.37500
14 10 20 05 50 9725.40000 4.83000000 325.90000 42.94000 12.01000 59.37500
14 10 20 05 51 9729.90000 4.83000000 325.90000 42.94000 12.01000 59.37500
14 10 20 05 51 9730.00000 4.83000000 325.90000 42.94000 12.01000 59.37500
14 10 20 05 52 9730.00000 4.83000000 325.90000 42.94000 12.01000 59.37500
14 10 20 05 52 9730.00000 4.83000000 325.90000 43.01000 12.01000 59.37500
14 10 20 05 53 9731.00000 4.83000000 325.92000 43.01000 12.01000 59.37500
14 10 20 05 53 9731.00000 4.83000000 325.92000 43.01000 12.01000 59.77800
14 10 20 05 53 9731.00000 4.83000000 325.92000 43.01000 12.01000 59.77800
14 10 20 05 54 9731.00000 4.83000000 325.92000 43.01000 12.01000 59.77800
14 10 20 05 54 9731.00000 4.83000000 325.92000 43.01000 12.01000 59.77800
14 10 20 05 55 9731.60000 4.83000000 325.92000 43.01000 12.01000 59.77800
14 10 20 05 55 9731.50000 4.83000000 325.92000 43.01000 12.01000 59.77800
14 10 20 05 56 9731.50000 4.83000000 325.99000 43.06000 12.01000 59.77800
14 10 20 05 56 9731.50000 4.83000000 326.00000 43.06000 12.01000 59.77800
14 10 20 05 56 9731.50000 4.83000000 325.99000 43.06000 12.01000 59.77800
14 10 20 05 57 9731.50000 4.83000000 325.99000 43.06000 12.01000 59.77800
14 10 20 05 57 9731.50000 4.83000000 325.99000 43.06000 12.01000 59.76100
14 10 20 05 58 9731.50000 4.83000000 326.00000 43.06000 12.01000 59.76100
14 10 20 05 58 9731.50000 4.83000000 326.00000 43.06000 12.01000 59.76100
14 10 20 05 59 9731.50000 4.83000000 326.00000 43.06000 12.01000 59.76100
14 10 20 05 59 9730.00000 4.83000000 326.00000 43.06000 12.01000 59.76100
14 10 20 05 59 9729.90000 4.83000000 326.00000 43.06000 12.01000 59.76100
14 10 20 06 00 9729.90000 4.83000000 326.00000 43.06000 12.01000 59.76100
14 10 20 06 00 9732.60000 4.83000000 325.99000 43.06000 12.01000 59.76100
14 10 20 06 01 9732.60000 4.83000000 325.99000 43.06000 12.01000 59.76100
14 10 20 06 01 9732.60000 4.83000000 326.00000 43.06000 12.01000 59.76100
14 10 20 06 02 9734.00000 4.83000000 326.00000 43.07000 12.01000 59.76100
14 10 20 06 02 9734.00000 4.83000000 326.00000 43.07000 12.01000 59.76100
14 10 20 06 02 9734.00000 4.83000000 326.00000 43.07000 12.01000 59.76100
14 10 20 06 03 9734.00000 4.83000000 326.00000 43.07000 12.01000 59.76100
14 10 20 06 03 9734.00000 4.83000000 326.00000 43.07000 12.01000 59.76100
14 10 20 06 04 9734.00000 4.83000000 326.00000 43.07000 12.01000 59.76100
14 10 20 06 04 9734.00000 4.83000000 326.00000 43.07000 12.01000 59.76100
14 10 20 06 05 9734.00000 4.83000000 326.00000 43.07000 12.01000 59.76100
14 10 20 06 05 9734.00000 4.83000000 326.00000 43.07000 12.01000 59.76100
14 10 20 06 05 9734.00000 4.83000000 326.00000 43.07000 12.01000 59.76100
14 10 20 06 06 9733.90000 4.83000000 326.00000 43.07000 12.01000 59.90000
14 10 20 06 06 9733.90000 4.83000000 326.00000 43.07000 12.01000 59.90000
14 10 20 06 07 9733.90000 4.83000000 326.00000 43.07000 12.01000 59.90000
14 10 20 06 07 9733.90000 4.83000000 326.00000 43.07000 12.01000 59.90000
14 10 20 06 08 9733.90000 4.83000000 326.00000 43.07000 12.01000 59.90000
14 10 20 06 08 9733.90000 4.83000000 326.00000 43.07000 12.01000 59.90000
14 10 20 06 08 9734.00000 4.83000000 326.00000 43.07000 12.01000 59.90000
14 10 20 06 09 9734.00000 4.83000000 326.00000 43.07000 12.01000 59.90000
14 10 20 06 09 9733.90000 4.83000000 325.73000 43.07000 12.01000 59.90000
14 10 20 06 10 9729.90000 4.83000000 325.69000 43.07000 12.01000 59.90000
14 10 20 06 10 9728.70000 4.83000000 325.50000 43.07000 12.01000 59.90000
14 10 20 06 10 9727.40000 4.83000000 325.50000 43.07000 12.01000 59.90000
14 10 20 06 11 9721.60000 4.83000000 325.50000 43.07000 12.01000 59.90000
14 10 20 06 11 9720.10000 4.83000000 325.50000 43.07000 12.01000 59.90000
14 10 20 06 12 9720.50000 4.83000000 325.50000 43.07000 12.01000 59.90000
14 10 20 06 12 9720.50000 4.83000000 325.50000 43.07000 12.01000 59.90000
14 10 20 06 13 9720.10000 4.83000000 325.50000 43.07000 12.01000 59.90000
14 10 20 06 13 9720.10000 4.83000000 325.50000 43.07000 12.01000 59.90000
14 10 20 06 13 9720.00000 4.83000000 325.50000 43.07000 12.01000 59.90000
14 10 20 06 14 9720.10000 4.83000000 325.50000 43.07000 12.01000 59.90000
14 10 20 06 14 9720.10000 4.83000000 325.50000 42.93000 12.01000 59.90000
14 10 20 06 15 9720.10000 4.83000000 325.50000 42.93000 12.01000 59.90000
14 10 20 06 15 9720.10000 4.83000000 325.50000 42.93000 12.01000 59.90000
14 10 20 06 16 9720.10000 4.83000000 325.48000 42.93000 12.01000 59.90000
14 10 20 06 16 9721.80000 4.83000000 325.49000 42.93000 12.01000 59.90000
14 10 20 06 16 9721.80000 4.83000000 325.49000 42.93000 12.01000 59.90000
14 10 20 06 17 9721.80000 4.83000000 325.49000 42.93000 12.01000 59.90000
14 10 20 06 17 9725.10000 4.83000000 325.49000 42.93000 12.01000 59.90000
14 10 20 06 18 9725.10000 4.83000000 325.50000 42.93000 12.01000 59.90000
14 10 20 06 18 9725.10000 4.83000000 325.49000 42.93000 12.01000 59.90000
14 10 20 06 19 9725.10000 4.83000000 325.09000 42.87000 12.01000 59.90000
14 10 20 06 19 9725.00000 4.83000000 325.09000 42.87000 12.01000 59.90000
14 10 20 06 19 9725.10000 4.83000000 325.09000 42.87000 12.01000 59.90000
14 10 20 06 20 9725.10000 4.83000000 325.09000 42.87000 12.01000 59.90000
14 10 20 06 20 9725.00000 4.83000000 325.09000 42.87000 12.01000 59.90000
14 10 20 06 21 9725.10000 4.83000000 325.10000 42.87000 12.01000 59.90000
14 10 20 06 21 9725.00000 4.83000000 325.10000 42.87000 12.01000 59.90000
14 10 20 06 22 9725.10000 4.83000000 325.10000 42.87000 12.01000 59.90000
14 10 20 06 22 9725.10000 4.83000000 325.10000 42.87000 12.01000 59.90000
14 10 20 06 22 9725.10000 4.83000000 325.35000 42.87000 12.01000 59.90000
14 10 20 06 23 9725.10000 4.83000000 325.34000 42.87000 12.01000 59.90000
14 10 20 06 23 9725.00000 4.83000000 325.34000 42.87000 12.01000 59.90000
14 10 20 06 24 9725.10000 4.83000000 325.28000 42.87000 12.01000 59.90000
14 10 20 06 24 9725.00000 4.83000000 325.28000 42.87000 12.01000 59.90000
14 10 20 06 25 9725.10000 4.83000000 325.28000 42.87000 12.01000 59.90000
14 10 20 06 25 9727.00000 4.83000000 325.35000 42.87000 12.01000 59.90000
14 10 20 06 25 9727.00000 4.83000000 325.35000 42.87000 12.01000 59.90000
14 10 20 06 26 9727.10000 4.83000000 325.35000 42.87000 12.01000 59.90000
14 10 20 06 26 9727.10000 4.83000000 325.35000 42.87000 12.01000 59.90000
14 10 20 06 27 9727.20000 4.83000000 325.35000 42.87000 12.01000 59.90000
14 10 20 06 27 9727.20000 4.83000000 325.35000 42.87000 12.01000 59.90000
14 10 20 06 28 9727.20000 4.83000000 325.35000 42.87000 12.01000 59.90000
14 10 20 06 28 9727.20000 4.83000000 325.35000 42.87000 12.01000 59.90000
14 10 20 06 28 9729.30000 4.83000000 325.34000 42.87000 12.01000 59.90000
