M=[
10 12 20 03 39 15290.80000 5.00600000 471.90000 63.66000 14.48900 57.24000
10 12 20 03 39 15290.80000 5.00600000 471.90000 63.66000 14.48900 57.24000
10 12 20 03 40 15290.80000 5.00600000 471.89000 63.66000 14.48900 57.24000
10 12 20 03 40 15290.90000 5.00600000 471.89000 63.66000 14.48900 57.24000
10 12 20 03 40 15290.40000 5.00600000 471.89000 63.65000 14.48900 57.24000
10 12 20 03 41 15290.50000 5.00600000 471.89000 63.65000 14.48900 57.24000
10 12 20 03 41 15290.40000 5.00600000 471.89000 63.65000 14.48900 57.24000
10 12 20 03 42 15290.50000 5.00600000 471.89000 63.65000 14.48900 57.24000
10 12 20 03 42 15290.40000 5.00600000 471.81000 63.65000 14.48900 57.24000
10 12 20 03 43 15290.40000 5.00600000 471.81000 63.65000 14.48900 57.24000
10 12 20 03 43 15290.80000 5.00600000 471.81000 63.65000 14.48900 57.24000
10 12 20 03 43 15290.90000 5.00600000 471.81000 63.65000 14.48900 57.24000
10 12 20 03 44 15290.80000 5.00600000 471.81000 63.66000 14.48900 57.24000
10 12 20 03 44 15290.80000 5.00600000 471.83000 63.65000 14.48900 57.24000
10 12 20 03 45 15290.30000 5.00600000 471.83000 63.65000 14.48900 57.24000
10 12 20 03 45 15290.30000 5.00600000 471.81000 63.60000 14.48900 57.24000
10 12 20 03 46 15290.30000 5.00600000 471.81000 63.60000 14.48900 57.24000
10 12 20 03 46 15284.90000 5.00600000 471.80000 63.60000 14.48900 57.24000
10 12 20 03 46 15286.70000 5.00600000 471.80000 63.60000 14.48900 57.24000
10 12 20 03 47 15286.70000 5.00600000 471.80000 63.57000 14.48900 57.24000
10 12 20 03 47 15286.70000 5.00600000 473.11000 63.57000 14.48900 57.24000
10 12 20 03 48 15301.80000 5.00600000 473.32000 63.57000 14.48900 57.24000
10 12 20 03 48 15303.70000 5.00600000 473.33000 63.57000 14.48900 57.24000
10 12 20 03 49 15310.60000 5.00600000 473.49000 63.74000 14.48900 57.24000
10 12 20 03 49 15310.00000 5.00600000 473.22000 63.74000 14.48900 57.24000
10 12 20 03 49 15310.00000 5.00600000 473.22000 63.74000 14.48900 57.24000
10 12 20 03 50 15297.70000 5.00600000 473.22000 63.74000 14.48900 57.24000
10 12 20 03 50 15297.70000 5.00600000 472.68000 63.74000 14.48900 57.24000
10 12 20 03 51 15293.70000 5.00600000 472.68000 63.66000 14.48900 57.24000
10 12 20 03 51 15293.70000 5.00600000 472.16000 63.66000 14.48900 57.24000
10 12 20 03 52 15293.70000 5.00600000 472.23000 63.66000 14.48900 57.24000
10 12 20 03 52 15293.70000 5.00600000 472.75000 63.66000 14.48900 57.24000
10 12 20 03 52 15296.10000 5.00600000 472.75000 63.66000 14.48900 57.24000
10 12 20 03 53 15296.00000 5.00600000 472.09000 63.66000 14.48900 57.24000
10 12 20 03 53 15296.30000 5.00600000 472.09000 63.66000 14.48900 57.24000
10 12 20 03 54 15296.30000 5.00600000 472.09000 63.66000 14.48900 57.24000
10 12 20 03 54 15296.40000 5.00600000 472.09000 63.66000 14.48900 57.24000
10 12 20 03 55 15296.40000 5.00600000 472.14000 63.70000 14.48900 57.24000
10 12 20 03 55 15259.40000 5.00600000 471.85000 63.59000 14.48900 57.24000
10 12 20 03 55 15253.60000 5.00600000 471.12000 63.59000 14.48900 57.24000
10 12 20 03 56 15253.60000 5.00600000 470.87000 63.59000 14.48900 57.24000
10 12 20 03 56 15253.70000 5.00600000 470.87000 63.56000 14.48900 57.24000
10 12 20 03 57 15253.60000 5.00600000 470.86000 63.56000 14.48900 57.24000
10 12 20 03 57 15253.60000 5.00600000 470.86000 63.54000 14.48900 57.24000
10 12 20 03 58 15255.80000 5.00600000 470.86000 63.54000 14.48900 57.24000
10 12 20 03 58 15247.10000 5.00600000 470.86000 63.54000 14.47900 57.24000
10 12 20 03 58 15247.10000 5.00600000 470.30000 63.54000 14.47900 57.24000
10 12 20 03 59 15247.10000 5.00600000 470.56000 63.54000 14.47900 57.24000
10 12 20 03 59 15247.10000 5.00600000 470.56000 63.54000 14.47900 57.24000
10 12 20 04 00 15247.60000 5.00600000 470.56000 63.54000 14.47900 57.24000
10 12 20 04 00 15247.60000 5.00600000 470.20000 63.54000 14.47900 57.24000
10 12 20 04 01 15243.50000 5.00600000 470.20000 63.54000 14.47900 57.24000
10 12 20 04 01 15243.70000 5.00600000 469.49000 63.53000 14.47900 57.24000
10 12 20 04 01 15243.70000 5.00600000 469.49000 63.53000 14.47900 57.24000
10 12 20 04 02 15243.70000 5.00600000 469.42000 63.53000 14.47900 57.24000
10 12 20 04 02 15243.70000 5.00600000 469.42000 63.53000 14.47900 57.24000
10 12 20 04 03 15244.80000 5.00600000 469.66000 63.53000 14.47900 57.24000
10 12 20 04 03 15244.70000 5.00600000 469.66000 63.53000 14.47900 57.24000
10 12 20 04 04 15244.70000 5.00600000 469.66000 63.53000 14.47900 57.24000
10 12 20 04 04 15245.10000 5.00600000 469.66000 63.53000 14.47900 57.24000
10 12 20 04 04 15247.60000 5.00600000 469.66000 63.53000 14.47900 57.24000
10 12 20 04 05 15248.70000 5.00600000 469.67000 63.53000 14.47900 57.24000
10 12 20 04 05 15248.70000 5.00600000 469.67000 63.53000 14.47900 57.24000
10 12 20 04 06 15248.70000 5.00600000 469.67000 63.53000 14.47900 57.24000
10 12 20 04 06 15248.70000 5.00600000 470.14000 63.53000 14.47900 57.24000
10 12 20 04 07 15255.70000 5.00600000 470.14000 63.53000 14.47900 57.24000
10 12 20 04 07 15255.70000 5.00600000 470.70000 63.53000 14.47900 57.24000
10 12 20 04 07 15255.70000 5.00600000 470.70000 63.53000 14.47900 57.24000
10 12 20 04 08 15255.70000 5.00600000 470.78000 63.53000 14.47900 57.24000
10 12 20 04 08 15258.70000 5.00600000 470.78000 63.53000 14.41000 57.24000
10 12 20 04 09 15258.80000 5.00600000 470.66000 63.53000 14.41000 57.24000
10 12 20 04 09 15258.80000 5.00600000 470.66000 63.53000 14.41000 57.24000
10 12 20 04 10 15266.20000 5.00600000 470.66000 63.53000 14.41000 57.24000
10 12 20 04 10 15266.20000 5.00600000 470.66000 63.59000 14.41000 57.24000
10 12 20 04 10 15267.10000 5.00600000 471.05000 63.58000 14.41000 57.24000
10 12 20 04 11 15263.80000 5.00600000 471.08000 63.58000 14.41000 57.24000
10 12 20 04 11 15267.00000 5.00600000 471.08000 63.58000 14.41000 56.99700
10 12 20 04 12 15267.00000 5.00600000 471.08000 63.58000 14.41000 56.99700
10 12 20 04 12 15280.10000 5.00600000 472.26000 63.63000 14.41000 56.99700
10 12 20 04 13 15284.80000 5.00600000 472.23000 63.63000 14.41000 56.99700
10 12 20 04 13 15284.80000 5.00600000 472.23000 63.63000 14.41000 56.99700
10 12 20 04 13 15284.80000 5.00600000 472.23000 63.63000 14.41000 56.99700
10 12 20 04 14 15290.10000 5.00600000 472.23000 63.63000 14.41000 56.99700
10 12 20 04 14 15290.30000 5.00600000 472.23000 63.63000 14.41000 56.99700
10 12 20 04 15 15288.80000 5.00600000 472.23000 63.63000 14.41000 56.99700
10 12 20 04 15 15293.40000 5.00600000 472.23000 63.71000 14.41000 56.99700
10 12 20 04 16 15295.90000 5.00600000 472.23000 63.71000 14.41000 56.99700
10 12 20 04 16 15296.00000 5.00600000 472.23000 63.71000 14.41000 56.99700
10 12 20 04 16 15296.00000 5.00600000 472.23000 63.71000 14.41000 56.99700
10 12 20 04 17 15296.10000 5.00600000 472.23000 63.71000 14.41000 56.99700
10 12 20 04 17 15296.10000 5.00600000 472.23000 63.71000 14.41000 56.99700
10 12 20 04 18 15296.00000 5.00600000 472.54000 63.71000 14.41000 56.99700
10 12 20 04 18 15296.00000 5.00600000 472.54000 63.71000 14.41000 56.99700
10 12 20 04 19 15296.00000 5.00600000 472.55000 63.71000 14.41000 56.99700
10 12 20 04 19 15296.00000 5.00600000 472.55000 63.73000 14.41000 56.99700
10 12 20 04 19 15307.50000 5.05200000 472.58000 63.73000 14.32900 56.99700
10 12 20 04 20 15307.30000 5.05200000 472.58000 63.75000 14.32900 56.99700
10 12 20 04 20 15307.20000 5.05800000 472.55000 63.75000 14.32900 56.99700
10 12 20 04 21 15302.20000 5.05800000 472.55000 63.84000 14.32900 56.99700
10 12 20 04 21 15302.20000 5.05800000 472.55000 63.84000 14.32000 56.99700
10 12 20 04 22 15306.20000 5.05800000 472.75000 63.84000 14.32000 56.99700
10 12 20 04 22 15309.60000 5.05800000 472.75000 63.84000 14.32000 56.99700
10 12 20 04 22 15308.60000 5.05800000 472.73000 63.84000 14.32000 56.99700
10 12 20 04 23 15310.50000 5.05800000 472.73000 63.91000 14.32000 56.99700
10 12 20 04 23 15310.60000 5.05800000 472.85000 63.91000 14.32000 56.99700
10 12 20 04 24 15310.60000 5.05800000 472.85000 63.90000 14.32000 56.99700
