M=[
30 7 20 15 00 9330.00000 6.10000000 269.95000 48.37000 17.26100 60.10300
30 7 20 15 00 9329.80000 6.10000000 269.95000 48.40000 17.26100 60.10300
30 7 20 15 01 9332.70000 6.10000000 270.02000 48.40000 17.26100 60.10300
30 7 20 15 01 9333.80000 6.10000000 270.07000 48.40000 17.26100 60.10300
30 7 20 15 02 9339.70000 6.07900000 270.28000 48.41000 17.26100 60.10300
30 7 20 15 02 9339.90000 6.07900000 270.28000 48.41000 17.26100 60.10300
30 7 20 15 03 9339.80000 6.07900000 270.36000 48.41000 17.26100 60.10300
30 7 20 15 03 9340.80000 6.07900000 270.46000 48.50000 17.26100 60.10300
30 7 20 15 04 9342.50000 6.07900000 270.47000 48.54000 17.26100 60.10300
30 7 20 15 04 9343.60000 6.09300000 270.46000 48.60000 17.26100 60.10300
30 7 20 15 05 9344.30000 6.09300000 270.45000 48.57000 17.26100 60.10300
30 7 20 15 05 9344.10000 6.09300000 270.73000 48.57000 17.26100 60.10300
30 7 20 15 06 9344.40000 6.09300000 270.62000 48.57000 17.34000 60.10300
30 7 20 15 06 9345.50000 6.09300000 270.75000 48.57000 17.34000 60.10300
30 7 20 15 07 9345.60000 6.09300000 270.79000 48.69000 17.34000 60.10300
30 7 20 15 07 9345.60000 6.09300000 270.75000 48.69000 17.34000 60.10300
30 7 20 15 07 9345.50000 6.09300000 270.76000 48.72000 17.34000 60.10300
30 7 20 15 08 9346.20000 6.09300000 270.78000 48.73000 17.34500 60.10300
30 7 20 15 08 9346.70000 6.09300000 270.76000 48.70000 17.34500 60.10300
30 7 20 15 09 9345.40000 6.09300000 270.76000 48.70000 17.34500 60.10300
30 7 20 15 10 9346.80000 6.09300000 270.75000 48.59000 17.34500 60.10300
30 7 20 15 10 9348.50000 6.09300000 270.76000 48.59000 17.38100 60.10300
30 7 20 15 11 9348.60000 6.09300000 270.75000 48.59000 17.38100 60.10300
30 7 20 15 11 9348.50000 6.09300000 270.75000 48.59000 17.38100 60.10300
30 7 20 15 11 9348.60000 6.09300000 270.79000 48.59000 17.38100 60.10300
30 7 20 15 12 9348.50000 6.09300000 270.89000 48.59000 17.38100 60.10300
30 7 20 15 12 9348.60000 6.09300000 270.90000 48.59000 17.38100 60.10300
30 7 20 15 13 9348.60000 6.09300000 270.89000 48.59000 17.38100 60.10300
30 7 20 15 13 9348.60000 6.09300000 270.89000 48.59000 17.38100 60.10300
30 7 20 15 14 9348.60000 6.09300000 270.89000 48.59000 17.38100 60.10300
30 7 20 15 14 9349.90000 6.09300000 270.93000 48.59000 17.38100 60.10300
30 7 20 15 15 9351.00000 6.09300000 270.99000 48.57000 17.38100 60.10300
30 7 20 15 15 9350.90000 6.09300000 270.81000 48.57000 17.38100 60.10300
30 7 20 15 16 9350.10000 6.09300000 270.48000 48.57000 17.38100 60.10300
30 7 20 15 16 9349.90000 6.09300000 270.34000 48.57000 17.38100 60.10300
30 7 20 15 17 9346.70000 6.09300000 270.29000 48.44000 17.38100 60.10300
30 7 20 15 17 9342.80000 6.09300000 270.25000 48.44000 17.38100 60.10300
30 7 20 15 18 9342.10000 6.09300000 270.12000 48.44000 17.38100 60.10300
30 7 20 15 18 9338.30000 6.09300000 270.10000 48.44000 17.38100 60.10300
30 7 20 15 19 9336.90000 6.09300000 269.84000 48.44000 17.38100 60.10300
30 7 20 15 19 9337.60000 6.09300000 269.89000 48.37000 17.38100 60.20000
30 7 20 15 20 9337.00000 6.09300000 269.90000 48.37000 17.38100 60.20000
30 7 20 15 20 9337.00000 6.09300000 269.94000 48.37000 17.38100 60.20000
30 7 20 15 20 9337.00000 6.09300000 270.00000 48.37000 17.38100 60.20000
30 7 20 15 21 9336.90000 6.09300000 270.01000 48.37000 17.38100 60.20000
30 7 20 15 21 9340.00000 6.09300000 270.01000 48.37000 17.38100 60.20000
30 7 20 15 22 9340.00000 6.09300000 270.13000 48.37000 17.38100 60.20000
30 7 20 15 22 9342.60000 6.09300000 270.27000 48.37000 17.38100 60.20000
30 7 20 15 23 9348.70000 6.09300000 270.32000 48.38000 17.38100 60.20000
30 7 20 15 23 9349.10000 6.09300000 270.31000 48.38000 17.38100 60.20000
30 7 20 15 24 9349.10000 6.09300000 270.22000 48.38000 17.38100 60.20000
30 7 20 15 24 9349.20000 6.09300000 270.22000 48.38000 17.38100 60.20000
30 7 20 15 25 9348.80000 6.09300000 270.55000 48.44000 17.38100 60.20000
30 7 20 15 25 9348.80000 6.09300000 270.58000 48.44000 17.38100 60.20000
30 7 20 15 26 9348.90000 6.09300000 270.58000 48.44000 17.38100 60.20000
30 7 20 15 26 9348.90000 6.09300000 270.59000 48.44000 17.38100 60.20000
30 7 20 15 27 9348.30000 6.09300000 270.64000 48.44000 17.38100 60.20000
30 7 20 15 27 9348.30000 6.09300000 270.64000 48.50000 17.38100 60.20000
30 7 20 15 28 9351.00000 6.09300000 270.69000 48.61000 17.38100 60.20000
30 7 20 15 28 9352.30000 6.09300000 270.69000 48.61000 17.38100 60.20000
30 7 20 15 29 9351.30000 6.09300000 270.70000 48.61000 17.38100 60.20000
30 7 20 15 29 9350.90000 6.09300000 270.77000 48.61000 17.38100 60.20000
30 7 20 15 30 9353.00000 6.09300000 270.77000 48.61000 17.38100 60.20000
30 7 20 15 30 9353.00000 6.10300000 270.77000 48.61000 17.38100 60.20000
30 7 20 15 31 9352.80000 6.10300000 270.77000 48.60000 17.38100 60.20000
30 7 20 15 31 9353.40000 6.10300000 270.77000 48.60000 17.38100 60.20000
30 7 20 15 32 9353.40000 6.10300000 270.77000 48.60000 17.38100 60.20000
30 7 20 15 32 9354.70000 6.10300000 270.88000 48.60000 17.38100 60.20000
30 7 20 15 32 9354.60000 6.10300000 270.88000 48.60000 17.38100 60.20000
30 7 20 15 33 9355.00000 6.10300000 270.81000 48.60000 17.38100 60.20000
30 7 20 15 33 9355.40000 6.10300000 270.90000 48.60000 17.38100 60.20000
30 7 20 15 34 9355.50000 6.10300000 270.76000 48.56000 17.38100 60.20000
30 7 20 15 34 9358.00000 6.10300000 270.77000 48.58000 17.38100 60.20000
30 7 20 15 35 9358.00000 6.10300000 270.86000 48.58000 17.38100 60.20000
30 7 20 15 35 9358.70000 6.10300000 270.86000 48.58000 17.38100 60.20000
30 7 20 15 36 9358.00000 6.10300000 270.86000 48.58000 17.38100 60.20000
30 7 20 15 36 9358.80000 6.10300000 270.85000 48.58000 17.38100 60.20000
30 7 20 15 37 9358.80000 6.10300000 271.05000 48.74000 17.38100 60.20000
30 7 20 15 37 9358.90000 6.11900000 271.14000 48.86000 17.38100 60.20000
30 7 20 15 38 9359.20000 6.11900000 271.14000 48.88000 17.38100 60.20000
30 7 20 15 38 9359.20000 6.11900000 270.94000 48.70000 17.38100 60.20000
30 7 20 15 39 9362.90000 6.11900000 270.94000 48.70000 17.38100 60.20000
30 7 20 15 39 9363.90000 6.11900000 270.92000 48.83000 17.38100 60.20000
30 7 20 15 40 9364.30000 6.11900000 270.92000 48.84000 17.38100 60.20000
30 7 20 15 40 9364.90000 6.11900000 270.99000 48.83000 17.38100 60.20000
30 7 20 15 41 9365.60000 6.11900000 271.06000 48.83000 17.38100 60.20000
30 7 20 15 41 9366.20000 6.11900000 271.17000 48.83000 17.38100 60.20000
30 7 20 15 42 9365.80000 6.11900000 271.29000 48.83000 17.38100 60.20000
30 7 20 15 42 9366.70000 6.11900000 271.22000 48.83000 17.38100 60.20000
30 7 20 15 42 9366.70000 6.11900000 271.25000 48.83000 17.38100 60.20000
30 7 20 15 43 9366.60000 6.11900000 271.25000 48.83000 17.38100 60.20000
30 7 20 15 43 9366.90000 6.11900000 271.41000 48.95000 17.38100 60.20000
30 7 20 15 44 9367.00000 6.11900000 271.38000 49.12000 17.38100 60.20000
30 7 20 15 44 9367.00000 6.11900000 271.36000 49.12000 17.38100 60.20000
30 7 20 15 45 9367.10000 6.11900000 271.56000 49.14000 17.38100 60.20000
30 7 20 15 45 9367.00000 6.11900000 271.59000 49.15000 17.38100 60.20000
30 7 20 15 46 9366.80000 6.11900000 271.58000 49.05000 17.38100 60.20000
30 7 20 15 46 9366.50000 6.11900000 271.25000 49.06000 17.38100 60.20000
30 7 20 15 47 9366.10000 6.11900000 271.25000 49.06000 17.38100 60.20000
30 7 20 15 47 9365.90000 6.11900000 271.19000 49.06000 17.38100 60.20000
30 7 20 15 48 9365.90000 6.11900000 271.06000 49.06000 17.38100 60.20000
30 7 20 15 48 9365.90000 6.11800000 271.07000 48.99000 17.38100 60.20000
30 7 20 15 49 9365.90000 6.11800000 271.05000 48.99000 17.38100 60.20000
30 7 20 15 49 9365.90000 6.11800000 270.92000 48.99000 17.38100 60.20000
30 7 20 15 50 9365.90000 6.11800000 270.91000 48.89000 17.38100 60.20000
30 7 20 15 50 9364.40000 6.11800000 270.86000 48.87000 17.38100 60.20000
30 7 20 15 51 9364.20000 6.11800000 270.72000 48.92000 17.38100 60.20000
30 7 20 15 51 9363.90000 6.11800000 270.77000 48.92000 17.38100 60.20000
30 7 20 15 51 9363.90000 6.11800000 270.78000 48.92000 17.38100 60.20000
