M=[
26 5 20 15 49 7991.00000 6.02000000 181.60000 38.30000 11.35800 40.62000
26 5 20 15 49 7993.90000 6.02000000 181.72000 38.30000 11.35800 40.62000
26 5 20 15 50 7992.00000 6.02000000 181.80000 38.30000 11.35800 40.62000
26 5 20 15 50 7997.60000 6.02000000 181.80000 38.42000 11.35800 40.62000
26 5 20 15 51 7998.10000 6.02000000 181.75000 38.42000 11.35800 40.62000
26 5 20 15 51 7997.60000 6.02000000 181.78000 38.42000 11.35800 40.62000
26 5 20 15 52 7997.60000 6.02000000 181.73000 38.41000 11.35800 40.62000
26 5 20 15 52 7995.10000 6.02000000 181.40000 38.41000 11.35800 40.62000
26 5 20 15 53 7995.10000 6.02000000 181.32000 38.41000 11.36700 40.62000
26 5 20 15 53 7992.20000 6.02000000 181.30000 38.41000 11.36700 40.42300
26 5 20 15 54 7993.00000 6.03700000 181.40000 38.41000 11.36700 40.62000
26 5 20 15 54 7990.80000 6.02000000 181.39000 38.41000 11.36700 40.62000
26 5 20 15 55 7992.80000 6.02000000 181.30000 38.41000 11.36700 40.62000
26 5 20 15 55 7993.00000 6.02000000 181.36000 38.35000 11.36700 40.42300
26 5 20 15 55 7993.00000 6.02000000 181.43000 38.35000 11.36700 40.62000
26 5 20 15 56 7993.00000 6.02000000 181.50000 38.35000 11.36700 40.58000
26 5 20 15 56 8000.00000 6.02000000 181.49000 38.35000 11.36700 40.62000
26 5 20 15 57 7994.00000 6.02000000 181.51000 38.41000 11.36700 40.58000
26 5 20 15 57 7993.00000 6.02000000 181.47000 38.35000 11.36700 40.58000
26 5 20 15 58 7977.70000 5.98500000 180.63000 38.42000 11.36700 40.50000
26 5 20 15 59 7952.00000 5.96800000 180.13000 38.19000 11.30400 40.44700
26 5 20 15 59 7955.50000 5.96800000 180.13000 38.20000 11.30400 40.39900
26 5 20 16 00 7963.50000 5.97000000 180.44000 38.19000 11.30400 40.39900
26 5 20 16 00 7951.10000 5.97000000 180.09000 38.19000 11.35800 40.39900
26 5 20 16 01 7969.90000 6.00000000 181.35000 38.37000 11.30400 40.58000
26 5 20 16 02 7979.10000 6.00000000 181.11000 38.38000 11.30400 40.58000
26 5 20 16 02 8011.90000 6.04900000 181.53000 38.38000 11.30400 40.58000
26 5 20 16 03 8010.10000 6.04900000 181.52000 38.38000 11.34900 40.76000
26 5 20 16 03 8010.10000 6.04900000 181.33000 38.38000 11.34900 40.76000
26 5 20 16 04 8010.10000 6.02700000 181.33000 38.47000 11.34900 40.76000
26 5 20 16 04 8007.10000 6.02600000 181.13000 38.43000 11.34900 40.76000
26 5 20 16 05 7998.00000 6.02800000 181.04000 38.43000 11.34900 40.76000
26 5 20 16 05 8006.20000 6.02800000 181.22000 38.43000 11.33400 40.76000
26 5 20 16 06 8017.70000 6.04500000 181.28000 38.50000 11.33400 40.76000
26 5 20 16 06 8019.00000 6.04500000 181.50000 38.57000 11.33400 40.76000
26 5 20 16 07 8015.70000 6.04500000 181.44000 38.55000 11.33400 40.76000
26 5 20 16 07 8015.80000 6.04500000 181.44000 38.55000 11.33400 40.76000
26 5 20 16 08 8017.00000 6.04500000 181.44000 38.55000 11.33400 40.76000
26 5 20 16 08 8013.30000 6.04500000 181.42000 38.55000 11.33400 40.76000
26 5 20 16 09 8012.90000 6.04500000 181.42000 38.47000 11.33400 40.76000
26 5 20 16 09 8012.20000 6.04500000 181.34000 38.57000 11.33400 40.39900
26 5 20 16 10 8011.50000 6.04500000 181.34000 38.50000 11.33400 40.76000
26 5 20 16 10 8012.10000 6.04500000 181.34000 38.50000 11.33400 40.58000
26 5 20 16 11 8011.20000 6.04500000 181.37000 38.50000 11.33400 40.76000
26 5 20 16 11 8011.20000 6.04500000 181.30000 38.50000 11.33400 40.76000
26 5 20 16 12 8012.00000 6.04500000 181.62000 38.47000 11.33400 40.77300
26 5 20 16 12 8012.00000 6.04500000 181.57000 38.50000 11.33400 40.58000
26 5 20 16 13 8012.00000 6.04500000 181.58000 38.50000 11.33400 40.77300
26 5 20 16 13 8023.20000 6.04000000 181.67000 38.50000 11.33400 40.77300
26 5 20 16 14 8023.30000 6.04500000 181.96000 38.50000 11.33400 40.77300
26 5 20 16 14 8023.70000 6.04000000 182.05000 38.54000 11.33400 40.77300
26 5 20 16 15 8021.00000 6.04000000 181.89000 38.54000 11.33400 40.77300
26 5 20 16 15 8018.80000 6.04000000 181.86000 38.54000 11.33400 40.77300
26 5 20 16 16 8021.80000 6.04000000 181.86000 38.54000 11.33400 40.76000
26 5 20 16 16 8020.10000 6.04000000 181.85000 38.53000 11.33400 40.77300
26 5 20 16 16 8020.00000 6.04000000 181.84000 38.53000 11.33400 40.77300
26 5 20 16 17 8019.10000 6.04000000 181.84000 38.53000 11.33400 40.77300
26 5 20 16 17 8014.10000 6.04000000 181.65000 38.53000 11.33400 40.77300
26 5 20 16 18 8013.80000 6.04000000 181.65000 38.52000 11.34900 40.77300
26 5 20 16 18 8013.40000 6.04000000 181.63000 38.52000 11.33400 40.77300
26 5 20 16 19 8013.30000 6.04000000 181.80000 38.52000 11.29300 40.77300
26 5 20 16 19 8023.50000 6.07100000 182.17000 38.53000 11.29300 40.58000
26 5 20 16 20 8021.60000 6.07100000 181.98000 38.52000 11.29300 40.77300
26 5 20 16 20 8020.10000 6.07100000 181.87000 38.60000 11.29300 40.77300
26 5 20 16 21 8017.40000 6.04500000 181.74000 38.52000 11.29300 40.77300
26 5 20 16 22 8018.60000 6.07100000 181.80000 38.52000 11.29300 40.77300
26 5 20 16 22 8012.00000 6.07100000 181.65000 38.54000 11.29300 40.77300
26 5 20 16 23 8010.00000 6.07100000 181.61000 38.53000 11.33400 40.77300
26 5 20 16 23 8014.40000 6.07100000 181.68000 38.52000 11.29300 40.77300
26 5 20 16 24 8015.10000 6.04000000 181.76000 38.52000 11.29300 40.77300
26 5 20 16 24 8015.10000 6.04000000 181.76000 38.52000 11.29300 40.77300
26 5 20 16 25 8017.50000 6.06400000 181.87000 38.55000 11.29300 40.77300
26 5 20 16 25 8017.60000 6.06400000 181.88000 38.55000 11.30600 40.77300
26 5 20 16 25 8013.60000 6.06400000 181.88000 38.50000 11.30600 40.77300
26 5 20 16 26 8017.50000 6.06400000 181.82000 38.50000 11.30600 40.77300
26 5 20 16 26 8017.50000 6.06400000 181.82000 38.50000 11.30600 40.77300
26 5 20 16 27 8020.70000 6.06400000 181.86000 38.50000 11.33400 40.77300
26 5 20 16 27 8020.60000 6.06400000 181.88000 38.50000 11.30600 40.77300
26 5 20 16 28 8025.70000 6.06400000 182.00000 38.50000 11.30600 40.77300
26 5 20 16 28 8028.00000 6.06400000 182.07000 38.50000 11.30600 40.77300
26 5 20 16 29 8029.10000 6.06300000 182.21000 38.50000 11.29300 40.77300
26 5 20 16 29 8029.10000 6.06300000 182.24000 38.50000 11.30600 40.77300
26 5 20 16 30 8029.10000 6.06300000 182.19000 38.50000 11.29300 40.88300
26 5 20 16 30 8025.90000 6.06300000 181.94000 38.50000 11.30600 40.88300
26 5 20 16 31 8029.00000 6.06300000 182.11000 38.52000 11.30600 40.88300
26 5 20 16 31 8021.60000 6.06300000 182.11000 38.52000 11.30600 40.88300
26 5 20 16 32 8017.10000 6.06300000 181.90000 38.50000 11.30600 40.88300
26 5 20 16 32 8017.70000 6.06300000 181.90000 38.50000 11.30600 40.88300
26 5 20 16 33 8020.10000 6.06300000 181.90000 38.52000 11.30600 40.88300
26 5 20 16 33 8018.30000 6.06300000 181.94000 38.47000 11.30600 40.92000
26 5 20 16 34 8017.50000 6.06300000 181.82000 38.47000 11.30600 40.92000
26 5 20 16 34 8018.40000 6.06300000 181.83000 38.47000 11.30600 40.92000
26 5 20 16 35 8020.00000 6.06400000 181.90000 38.47000 11.30600 40.92000
26 5 20 16 35 8017.50000 6.06300000 181.98000 38.47000 11.30600 40.92000
26 5 20 16 35 8017.50000 6.06400000 181.99000 38.47000 11.30600 40.92000
26 5 20 16 36 8018.30000 6.06300000 181.95000 38.47000 11.30600 40.92000
26 5 20 16 36 8019.10000 6.06400000 181.94000 38.47000 11.30600 40.92000
26 5 20 16 37 8019.70000 6.06300000 181.95000 38.47000 11.30600 40.92000
26 5 20 16 37 8021.50000 6.06300000 182.10000 38.47000 11.30600 40.92000
26 5 20 16 38 8019.70000 6.06300000 181.95000 38.49000 11.30600 40.92000
26 5 20 16 38 8019.70000 6.06800000 181.95000 38.51000 11.30600 40.92000
26 5 20 16 39 8019.60000 6.06800000 182.11000 38.51000 11.30600 40.92000
26 5 20 16 39 8019.10000 6.06800000 181.98000 38.51000 11.30600 40.92000
26 5 20 16 40 8019.50000 6.06800000 181.98000 38.47000 11.30600 40.92000
26 5 20 16 40 8019.60000 6.06800000 181.98000 38.53000 11.30600 40.92000
26 5 20 16 41 8017.40000 6.06800000 181.92000 38.53000 11.30600 40.92000
26 5 20 16 41 8012.10000 6.06800000 181.94000 38.53000 11.30600 40.92000
26 5 20 16 42 8012.60000 6.06800000 181.88000 38.53000 11.30600 40.92000
26 5 20 16 42 8012.60000 6.06800000 181.87000 38.53000 11.30600 40.92000
