M=[
19 7 20 11 22 7998.90000 5.22000000 205.18000 37.03000 16.68000 50.09300
19 7 20 11 22 7998.30000 5.22000000 205.18000 37.03000 16.68000 50.09300
19 7 20 11 23 7997.60000 5.22000000 205.18000 37.03000 16.68000 50.09300
19 7 20 11 23 7997.70000 5.22000000 204.98000 37.03000 16.68000 50.09300
19 7 20 11 24 7997.30000 5.22000000 204.96000 37.03000 16.68000 50.09300
19 7 20 11 24 7999.30000 5.22000000 204.96000 37.03000 16.68000 50.09300
19 7 20 11 25 7997.80000 5.22000000 205.00000 37.03000 16.68000 50.09300
19 7 20 11 25 7999.50000 5.22000000 205.00000 37.03000 16.68000 50.09300
19 7 20 11 26 7999.80000 5.22000000 205.00000 37.03000 16.68000 50.19000
19 7 20 11 26 7999.90000 5.22000000 205.00000 37.03000 16.68000 50.19000
19 7 20 11 27 7999.80000 5.22000000 205.00000 37.03000 16.68000 50.19000
19 7 20 11 27 7999.20000 5.22000000 205.06000 37.03000 16.68000 50.19000
19 7 20 11 28 7999.90000 5.22000000 205.03000 37.03000 16.68000 50.19000
19 7 20 11 28 7999.20000 5.22000000 205.03000 37.04000 16.68000 50.19000
19 7 20 11 28 7999.20000 5.22000000 205.03000 37.04000 16.68000 50.19000
19 7 20 11 29 7999.60000 5.22000000 205.03000 37.04000 16.68000 50.19000
19 7 20 11 29 7999.90000 5.22000000 205.03000 37.04000 16.68000 50.19000
19 7 20 11 30 7999.90000 5.22000000 205.10000 37.06000 16.68000 50.19000
19 7 20 11 30 7999.80000 5.22000000 205.10000 37.06000 16.68000 50.19000
19 7 20 11 31 7999.90000 5.22000000 205.10000 37.06000 16.68000 50.19000
19 7 20 11 31 8000.00000 5.22000000 205.10000 37.06000 16.68000 50.19000
19 7 20 11 32 8000.00000 5.22000000 205.10000 37.06000 16.68000 50.19000
19 7 20 11 32 8000.00000 5.22000000 205.10000 37.06000 16.68000 50.19000
19 7 20 11 33 8000.70000 5.22000000 205.10000 37.06000 16.68000 50.19000
19 7 20 11 33 8002.10000 5.22000000 205.10000 37.06000 16.68000 50.19000
19 7 20 11 33 8002.10000 5.22000000 205.10000 37.05000 16.68000 50.19000
19 7 20 11 34 8003.80000 5.22000000 205.16000 37.05000 16.68000 50.19000
19 7 20 11 34 8003.80000 5.22000000 205.17000 37.05000 16.68000 50.19000
19 7 20 11 35 8003.80000 5.22000000 205.18000 37.05000 16.68000 50.19000
19 7 20 11 35 8003.80000 5.22000000 205.19000 37.05000 16.68000 50.19000
19 7 20 11 36 8003.90000 5.22000000 205.19000 37.05000 16.68000 50.19000
19 7 20 11 36 8003.00000 5.22000000 205.20000 37.05000 16.68000 50.19000
19 7 20 11 37 8001.50000 5.22000000 205.20000 37.05000 16.68000 50.19000
19 7 20 11 37 8000.90000 5.22000000 205.20000 37.05000 16.68000 50.19000
19 7 20 11 37 8001.00000 5.22000000 205.12000 37.05000 16.68000 50.19000
19 7 20 11 38 8001.00000 5.22000000 205.17000 37.05000 16.68000 50.19000
19 7 20 11 38 8001.00000 5.22000000 205.17000 37.05000 16.68000 50.19000
19 7 20 11 39 8003.90000 5.22000000 205.14000 37.05000 16.68000 50.19000
19 7 20 11 39 8004.00000 5.22000000 205.15000 37.05000 16.68000 50.19000
19 7 20 11 40 8004.00000 5.22000000 205.15000 37.05000 16.68000 50.19000
19 7 20 11 40 8004.00000 5.22000000 205.15000 37.05000 16.68000 50.19000
19 7 20 11 41 8004.00000 5.22000000 205.16000 37.05000 16.68000 50.19000
19 7 20 11 41 8003.90000 5.22000000 205.16000 37.05000 16.68000 50.19000
19 7 20 11 41 8004.00000 5.22000000 205.16000 37.05000 16.68000 50.22000
19 7 20 11 42 8003.50000 5.22000000 205.16000 37.05000 16.68000 50.22000
19 7 20 11 42 8003.10000 5.22000000 205.15000 37.05000 16.68000 50.22000
19 7 20 11 43 8003.10000 5.22000000 205.16000 37.05000 16.68000 50.22000
19 7 20 11 43 8004.00000 5.22000000 205.16000 37.05000 16.68000 50.22000
19 7 20 11 44 8004.00000 5.22000000 205.17000 37.05000 16.68000 50.22000
19 7 20 11 44 8004.00000 5.22000000 205.16000 37.05000 16.68000 50.22000
19 7 20 11 45 8004.00000 5.22000000 205.16000 37.05000 16.68000 50.22000
19 7 20 11 45 8003.20000 5.22000000 205.15000 37.05000 16.68000 50.22000
19 7 20 11 45 8003.20000 5.22000000 205.16000 37.05000 16.68000 50.22000
19 7 20 11 46 8003.00000 5.22000000 205.16000 37.05000 16.68000 50.22000
19 7 20 11 46 8003.00000 5.22000000 205.16000 37.01000 16.64300 50.22000
19 7 20 11 47 8004.00000 5.22000000 205.16000 37.01000 16.64300 50.22000
19 7 20 11 47 8003.90000 5.22000000 205.16000 37.01000 16.64300 50.22000
19 7 20 11 48 8003.00000 5.22000000 205.15000 37.01000 16.64300 50.22000
19 7 20 11 48 8003.10000 5.22000000 205.15000 37.01000 16.64300 50.22000
19 7 20 11 49 8003.10000 5.22000000 205.09000 37.01000 16.64300 50.22000
19 7 20 11 49 8003.10000 5.22000000 205.09000 37.01000 16.64300 50.22000
19 7 20 11 50 8003.00000 5.22000000 205.09000 37.01000 16.64300 50.22000
19 7 20 11 50 8003.00000 5.22000000 204.97000 37.01000 16.64300 50.22000
19 7 20 11 50 8003.00000 5.22000000 204.97000 37.01000 16.64300 50.22000
19 7 20 11 51 8003.10000 5.22000000 204.93000 37.01000 16.64300 50.22000
19 7 20 11 51 8003.10000 5.22000000 204.87000 37.01000 16.64300 50.22000
19 7 20 11 52 8003.00000 5.22000000 204.91000 37.01000 16.64300 50.22000
19 7 20 11 52 8003.00000 5.22000000 204.91000 37.01000 16.64300 50.22000
19 7 20 11 53 8003.00000 5.22000000 204.92000 37.01000 16.64300 50.22000
19 7 20 11 53 8003.00000 5.22000000 204.92000 37.01000 16.64300 50.22000
19 7 20 11 54 8003.10000 5.22000000 204.92000 37.01000 16.64300 50.22000
19 7 20 11 54 8000.30000 5.22000000 204.91000 37.01000 16.64300 50.22000
19 7 20 11 54 7998.50000 5.22000000 204.90000 37.01000 16.64300 50.22000
19 7 20 11 55 7998.30000 5.22000000 204.91000 37.01000 16.64300 50.22000
19 7 20 11 55 7999.00000 5.22000000 204.91000 37.01000 16.64300 50.22000
19 7 20 11 56 7999.00000 5.22000000 204.91000 37.01000 16.64300 50.22000
19 7 20 11 56 8000.30000 5.22000000 204.89000 37.01000 16.64300 50.22000
19 7 20 11 57 8000.30000 5.22000000 204.82000 37.01000 16.64300 50.22000
19 7 20 11 57 8000.90000 5.22000000 204.88000 37.01000 16.64300 50.22000
19 7 20 11 58 8000.90000 5.22000000 204.88000 37.01000 16.64300 50.22000
19 7 20 11 58 8001.70000 5.22000000 204.88000 37.01000 16.64300 50.22000
19 7 20 11 58 8001.00000 5.22000000 204.88000 37.01000 16.64300 50.22000
19 7 20 11 59 8000.10000 5.22000000 204.88000 37.01000 16.64300 50.12900
19 7 20 11 59 7998.90000 5.22000000 204.90000 37.01000 16.64300 50.12900
19 7 20 12 00 7998.80000 5.22000000 204.74000 37.01000 16.64300 50.09000
19 7 20 12 00 7998.00000 5.22000000 204.87000 36.93000 16.64300 50.08900
19 7 20 12 01 7997.70000 5.22000000 204.87000 36.93000 16.64300 50.08900
19 7 20 12 01 7997.80000 5.22000000 204.87000 36.93000 16.64300 50.08900
19 7 20 12 02 7997.70000 5.22000000 204.76000 36.94000 16.64300 50.08900
19 7 20 12 02 7998.00000 5.22000000 204.84000 36.94000 16.64300 49.97600
19 7 20 12 03 7997.90000 5.22000000 204.75000 36.94000 16.64300 49.97600
19 7 20 12 03 7996.60000 5.22000000 204.73000 36.93000 16.64300 49.97600
19 7 20 12 04 7996.60000 5.22000000 204.71000 36.92000 16.64300 49.97600
19 7 20 12 04 7995.20000 5.22000000 204.70000 36.92000 16.64300 49.97600
19 7 20 12 04 7995.10000 5.22000000 204.70000 36.92000 16.64300 49.97600
19 7 20 12 05 7993.80000 5.22000000 204.65000 36.89000 16.64300 49.97600
19 7 20 12 05 7993.80000 5.22000000 204.65000 36.89000 16.64300 49.97600
19 7 20 12 06 7993.20000 5.22000000 204.70000 36.89000 16.64300 49.97600
19 7 20 12 06 7993.20000 5.24700000 204.70000 36.89000 16.64300 49.97600
19 7 20 12 07 7992.60000 5.24700000 204.69000 36.89000 16.64300 49.97600
19 7 20 12 07 7992.60000 5.24700000 204.79000 36.89000 16.64300 49.97600
19 7 20 12 08 7992.60000 5.24700000 204.86000 36.89000 16.64300 49.97600
19 7 20 12 08 7992.60000 5.24700000 204.87000 36.91000 16.64300 49.97600
19 7 20 12 08 7992.60000 5.24700000 204.87000 36.91000 16.64300 49.97600
19 7 20 12 09 7992.60000 5.24700000 204.87000 36.91000 16.64300 49.97600
19 7 20 12 09 7992.60000 5.24700000 204.87000 36.88000 16.64300 49.97600
19 7 20 12 10 7992.50000 5.24700000 204.87000 36.88000 16.64300 49.97600
19 7 20 12 10 7992.50000 5.24700000 204.87000 36.88000 16.64300 49.97600
19 7 20 12 11 7992.60000 5.24700000 204.87000 36.88000 16.64300 49.97600
