M=[
17 6 20 13 17 8490.00000 5.62700000 209.61000 39.86000 14.09600 47.47100
17 6 20 13 18 8500.00000 5.62700000 210.92000 40.02000 14.09600 47.51000
17 6 20 13 18 8500.00000 5.62700000 211.00000 40.02000 14.12500 47.54600
17 6 20 13 19 8490.70000 5.62700000 211.00000 39.99000 14.12500 47.57000
17 6 20 13 20 8464.50000 5.62700000 210.19000 39.88000 14.12500 47.36400
17 6 20 13 20 8475.90000 5.62600000 210.19000 39.87000 14.12500 47.56000
17 6 20 13 21 8465.80000 5.62600000 210.29000 39.87000 14.12500 47.36400
17 6 20 13 21 8433.30000 5.64200000 209.13000 39.71000 14.12500 47.34200
17 6 20 13 22 8447.20000 5.64200000 209.27000 39.71000 14.12500 47.34200
17 6 20 13 23 8436.30000 5.64200000 209.24000 39.71000 14.12500 47.19700
17 6 20 13 23 8440.80000 5.64200000 209.01000 39.71000 14.12500 47.18600
17 6 20 13 24 8439.80000 5.64200000 209.17000 39.77000 14.02900 47.18600
17 6 20 13 25 8435.70000 5.64200000 209.17000 39.77000 14.02900 47.18600
17 6 20 13 25 8437.10000 5.64200000 208.98000 39.77000 14.02900 47.18600
17 6 20 13 26 8440.00000 5.64200000 208.99000 39.77000 14.02900 47.18600
17 6 20 13 26 8437.30000 5.64200000 209.10000 39.77000 14.02900 47.10100
17 6 20 13 27 8438.30000 5.62800000 209.18000 39.77000 14.02900 47.10100
17 6 20 13 27 8432.40000 5.62800000 209.18000 39.77000 14.02900 47.10100
17 6 20 13 28 8425.40000 5.62800000 209.18000 39.77000 14.02900 47.10100
17 6 20 13 28 8417.50000 5.62800000 208.35000 39.70000 14.02900 46.93000
17 6 20 13 29 8424.00000 5.62800000 208.55000 39.70000 14.02900 46.93000
17 6 20 13 30 8419.40000 5.62800000 208.55000 39.70000 14.02900 46.93000
17 6 20 13 30 8417.60000 5.62800000 208.55000 39.70000 14.02900 46.84800
17 6 20 13 31 8412.90000 5.62800000 207.36000 39.56000 14.02900 46.84800
17 6 20 13 32 8417.70000 5.62800000 208.06000 39.56000 14.02900 46.84200
17 6 20 13 32 8419.90000 5.62800000 207.91000 39.56000 14.02900 46.84200
17 6 20 13 33 8423.60000 5.62800000 207.91000 39.56000 14.02900 46.84200
17 6 20 13 33 8428.60000 5.62800000 208.29000 39.56000 14.02900 46.93700
17 6 20 13 34 8428.40000 5.62800000 208.42000 39.56000 14.02900 46.93700
17 6 20 13 34 8427.10000 5.62800000 208.32000 39.56000 14.02900 46.93700
17 6 20 13 35 8429.60000 5.62800000 208.26000 39.56000 14.02900 46.93700
17 6 20 13 35 8429.60000 5.62800000 208.42000 39.56000 14.12500 46.93700
17 6 20 13 36 8432.00000 5.62800000 208.55000 39.56000 14.02900 46.93700
17 6 20 13 36 8430.80000 5.62800000 208.56000 39.56000 14.02900 46.93700
17 6 20 13 37 8429.70000 5.62800000 208.34000 39.63000 14.02900 46.93700
17 6 20 13 37 8429.70000 5.62800000 208.36000 39.63000 14.02900 46.93700
17 6 20 13 38 8428.30000 5.62800000 208.31000 39.57000 14.02900 46.93700
17 6 20 13 39 8427.30000 5.62800000 208.28000 39.58000 14.02900 46.93700
17 6 20 13 39 8427.20000 5.61400000 208.37000 39.58000 14.02900 46.93700
17 6 20 13 40 8427.30000 5.61400000 208.37000 39.58000 14.02900 46.93700
17 6 20 13 40 8427.30000 5.61400000 208.37000 39.58000 14.02900 46.93700
17 6 20 13 41 8427.30000 5.61400000 208.36000 39.58000 14.02900 46.93700
17 6 20 13 41 8427.00000 5.61400000 208.36000 39.58000 14.02900 46.93700
17 6 20 13 42 8427.30000 5.61400000 208.47000 39.58000 14.02900 46.93700
17 6 20 13 42 8429.00000 5.62800000 208.47000 39.58000 14.02900 46.93700
17 6 20 13 43 8425.40000 5.61400000 208.47000 39.58000 14.02900 46.93700
17 6 20 13 43 8434.50000 5.61400000 208.47000 39.58000 14.02900 46.93700
17 6 20 13 44 8438.00000 5.61400000 208.47000 39.66000 14.02900 46.93700
17 6 20 13 44 8430.80000 5.61400000 208.47000 39.66000 14.02900 46.93700
17 6 20 13 45 8430.30000 5.61400000 208.47000 39.66000 14.02900 46.93700
17 6 20 13 46 8433.10000 5.61400000 208.47000 39.66000 14.02900 46.93700
17 6 20 13 46 8433.90000 5.61400000 208.47000 39.66000 14.02900 46.93700
17 6 20 13 47 8431.50000 5.61400000 208.47000 39.66000 14.02900 46.93700
17 6 20 13 47 8428.80000 5.61400000 208.46000 39.65000 14.02900 46.93700
17 6 20 13 48 8427.60000 5.61400000 208.46000 39.65000 14.02900 46.93700
17 6 20 13 48 8426.40000 5.61400000 208.26000 39.63000 14.02900 46.93700
17 6 20 13 49 8430.40000 5.61400000 208.25000 39.63000 14.02900 46.93700
17 6 20 13 50 8426.50000 5.62800000 208.25000 39.63000 14.02900 46.93700
17 6 20 13 50 8431.50000 5.61400000 208.34000 39.63000 14.02900 46.90300
17 6 20 13 51 8421.90000 5.61400000 208.35000 39.63000 14.02900 46.90300
17 6 20 13 51 8428.30000 5.61400000 208.35000 39.64000 14.02900 46.90300
17 6 20 13 52 8426.30000 5.62800000 208.35000 39.64000 14.02900 46.90300
17 6 20 13 52 8423.30000 5.61400000 208.15000 39.63000 14.02900 46.90300
17 6 20 13 53 8422.70000 5.61400000 208.17000 39.63000 14.02900 46.90300
17 6 20 13 53 8424.00000 5.62800000 208.17000 39.64000 14.02900 46.90300
17 6 20 13 54 8423.90000 5.61400000 208.17000 39.63000 14.02900 46.90300
17 6 20 13 54 8427.90000 5.61800000 208.33000 39.63000 14.02900 46.90300
17 6 20 13 55 8427.90000 5.61800000 208.33000 39.63000 14.02900 46.90300
17 6 20 13 55 8427.30000 5.61800000 208.32000 39.63000 14.02900 46.90300
17 6 20 13 56 8427.10000 5.61800000 208.28000 39.62000 14.02900 46.90300
17 6 20 13 56 8427.00000 5.61800000 208.27000 39.62000 14.02900 46.90300
17 6 20 13 57 8425.50000 5.61800000 208.17000 39.62000 14.02900 46.90300
17 6 20 13 57 8425.50000 5.61800000 208.17000 39.62000 14.02900 46.90300
17 6 20 13 58 8420.00000 5.61800000 208.00000 39.55000 14.02900 46.90300
17 6 20 13 59 8422.00000 5.61800000 207.91000 39.55000 14.02900 46.90300
17 6 20 13 59 8420.00000 5.61800000 207.73000 39.55000 14.02900 46.90300
17 6 20 14 00 8417.00000 5.61800000 207.75000 39.55000 14.02900 46.90300
17 6 20 14 01 8400.70000 5.59900000 207.48000 39.49000 14.02800 46.86100
17 6 20 14 01 8408.30000 5.59900000 207.71000 39.49000 14.02300 46.86100
17 6 20 14 02 8414.00000 5.59900000 207.90000 39.49000 14.02300 46.86100
17 6 20 14 02 8411.50000 5.59900000 207.77000 39.49000 14.02300 46.86100
17 6 20 14 03 8411.40000 5.59900000 207.80000 39.49000 14.02300 46.86100
17 6 20 14 03 8410.20000 5.59900000 207.80000 39.55000 14.02300 46.86100
17 6 20 14 04 8408.30000 5.59900000 207.80000 39.57000 14.02300 46.86100
17 6 20 14 04 8409.70000 5.59900000 207.80000 39.57000 14.02300 46.86100
17 6 20 14 05 8411.40000 5.59900000 207.80000 39.57000 14.02300 46.86100
17 6 20 14 05 8411.50000 5.59900000 207.82000 39.57000 14.02300 46.86100
17 6 20 14 06 8408.10000 5.59900000 207.87000 39.57000 14.02300 46.86100
17 6 20 14 06 8408.00000 5.59900000 207.85000 39.57000 14.02300 46.90300
17 6 20 14 07 8416.70000 5.59900000 208.03000 39.57000 14.02800 46.86100
17 6 20 14 07 8425.40000 5.59900000 208.05000 39.57000 13.94100 46.86100
17 6 20 14 08 8428.60000 5.59900000 208.24000 39.57000 13.94100 46.90300
17 6 20 14 09 8428.60000 5.59900000 208.10000 39.57000 13.94100 46.86100
17 6 20 14 09 8428.50000 5.59900000 208.09000 39.57000 13.94100 46.86100
17 6 20 14 10 8429.10000 5.59900000 208.07000 39.57000 13.94100 46.86100
17 6 20 14 10 8428.70000 5.59900000 208.07000 39.57000 13.94100 46.86100
17 6 20 14 11 8428.60000 5.59900000 208.07000 39.57000 13.94100 46.90300
17 6 20 14 11 8428.60000 5.59900000 208.06000 39.57000 13.94100 46.90300
17 6 20 14 12 8428.70000 5.59900000 208.07000 39.64000 13.94600 46.86100
17 6 20 14 12 8428.70000 5.59900000 208.07000 39.64000 13.94600 46.86100
17 6 20 14 13 8418.00000 5.59900000 208.06000 39.64000 13.94600 46.95000
17 6 20 14 13 8419.30000 5.59900000 208.00000 39.64000 13.94600 46.95000
17 6 20 14 14 8419.50000 5.59900000 208.01000 39.59000 13.90000 46.95000
17 6 20 14 14 8419.50000 5.59900000 208.00000 39.59000 13.90000 46.95000
17 6 20 14 15 8419.40000 5.59900000 208.01000 39.64000 13.90000 46.95000
17 6 20 14 16 8420.00000 5.60000000 207.84000 39.59000 13.90000 46.95000
17 6 20 14 16 8428.00000 5.60000000 207.99000 39.59000 13.90000 46.95000
17 6 20 14 17 8426.20000 5.60000000 207.94000 39.59000 13.90000 46.95000
17 6 20 14 17 8434.90000 5.60000000 207.94000 39.62000 13.90000 46.95000
