M=[
 2 10 20 04 16 9090.80000 4.86900000 301.98000 39.95000 12.03300 56.28800
 2 10 20 04 16 9090.70000 4.86900000 302.02000 39.95000 12.03300 56.28800
 2 10 20 04 17 9090.70000 4.86900000 301.98000 39.95000 12.11700 56.24500
 2 10 20 04 17 9086.00000 4.86900000 301.98000 39.95000 12.10900 56.24500
 2 10 20 04 17 9086.00000 4.86900000 302.01000 39.95000 12.10900 56.24500
 2 10 20 04 18 9093.50000 4.86900000 302.01000 39.95000 12.03000 56.24500
 2 10 20 04 18 9095.60000 4.86900000 302.01000 39.95000 12.03000 56.24500
 2 10 20 04 19 9098.90000 4.86900000 301.92000 40.11000 12.04000 56.24500
 2 10 20 04 19 9098.90000 4.86900000 302.02000 40.11000 12.04000 56.24500
 2 10 20 04 20 9098.90000 4.86900000 302.02000 40.11000 12.04000 56.24500
 2 10 20 04 20 9099.00000 4.86900000 302.02000 40.10000 12.04000 56.24500
 2 10 20 04 20 9099.00000 4.86900000 302.02000 40.10000 12.04000 56.24500
 2 10 20 04 21 9098.90000 4.86900000 302.02000 40.10000 12.04000 56.24500
 2 10 20 04 21 9098.90000 4.86900000 302.02000 40.10000 12.04000 56.24500
 2 10 20 04 22 9098.90000 4.86900000 302.02000 40.10000 12.04200 56.24500
 2 10 20 04 22 9098.90000 4.86900000 302.02000 40.10000 12.04200 56.24500
 2 10 20 04 23 9098.90000 4.86900000 301.75000 40.10000 12.04200 56.24500
 2 10 20 04 23 9098.90000 4.86900000 301.75000 40.10000 12.04200 56.24500
 2 10 20 04 23 9098.90000 4.86900000 301.75000 40.10000 12.04200 56.24500
 2 10 20 04 24 9097.30000 4.86900000 301.75000 40.10000 12.04200 56.24500
 2 10 20 04 24 9097.30000 4.86900000 301.75000 40.10000 12.04200 56.24500
 2 10 20 04 25 9095.90000 4.86900000 301.75000 40.10000 12.04200 56.24500
 2 10 20 04 25 9095.90000 4.86900000 301.51000 40.10000 12.04200 56.24500
 2 10 20 04 26 9095.50000 4.86900000 301.41000 40.10000 12.04200 56.24500
 2 10 20 04 26 9095.40000 4.86900000 301.41000 40.10000 12.04200 56.24500
 2 10 20 04 26 9095.40000 4.86900000 301.41000 40.10000 12.04200 56.24500
 2 10 20 04 27 9095.40000 4.86900000 301.77000 40.10000 12.04200 56.24500
 2 10 20 04 27 9097.10000 4.86900000 301.62000 40.10000 12.04200 56.24500
 2 10 20 04 28 9097.00000 4.86900000 301.62000 40.10000 12.04200 56.24500
 2 10 20 04 28 9097.00000 4.86900000 301.62000 40.10000 12.04200 56.24500
 2 10 20 04 29 9097.00000 4.86900000 301.62000 40.10000 12.04200 56.24500
 2 10 20 04 29 9097.00000 4.86900000 301.62000 40.10000 12.04200 56.24500
 2 10 20 04 29 9097.00000 4.86900000 301.62000 40.10000 12.04200 56.24500
 2 10 20 04 30 9096.30000 4.86900000 301.62000 40.10000 12.04200 56.68400
 2 10 20 04 30 9096.30000 4.86900000 301.62000 40.10000 12.04200 56.66100
 2 10 20 04 31 9092.90000 4.86900000 301.62000 40.10000 12.04200 56.66100
 2 10 20 04 31 9092.90000 4.86900000 301.62000 40.10000 12.04200 56.66100
 2 10 20 04 32 9094.30000 4.86900000 301.41000 40.10000 12.04200 56.66100
 2 10 20 04 32 9093.90000 4.86900000 301.41000 40.10000 12.04200 56.66100
 2 10 20 04 32 9094.00000 4.86900000 301.43000 40.10000 12.04200 56.66100
 2 10 20 04 33 9093.50000 4.86900000 301.43000 40.10000 12.04200 56.66100
 2 10 20 04 33 9093.50000 4.92900000 301.43000 40.10000 12.04200 56.66100
 2 10 20 04 34 9089.50000 4.92900000 301.43000 40.10000 12.04200 56.66100
 2 10 20 04 34 9089.10000 4.92900000 301.43000 40.10000 12.04200 56.56100
 2 10 20 04 35 9088.80000 4.92900000 301.43000 40.10000 12.04200 56.56100
 2 10 20 04 35 9087.90000 4.92900000 301.43000 40.10000 12.04200 56.56100
 2 10 20 04 35 9087.50000 4.92900000 301.43000 40.10000 12.04200 56.56100
 2 10 20 04 36 9087.50000 4.92900000 301.29000 40.10000 12.04200 56.56100
 2 10 20 04 36 9087.10000 4.92900000 301.29000 40.10000 12.04200 56.56100
 2 10 20 04 37 9088.90000 4.92900000 301.29000 40.10000 12.04200 56.56100
 2 10 20 04 37 9088.90000 4.92900000 301.29000 40.10000 12.04200 56.50100
 2 10 20 04 38 9090.70000 4.92900000 301.33000 40.10000 12.04200 56.50100
 2 10 20 04 38 9089.50000 4.92900000 301.33000 40.10000 12.04200 56.50100
 2 10 20 04 38 9089.10000 4.92900000 301.33000 40.10000 12.04200 56.50100
 2 10 20 04 39 9089.10000 4.92900000 301.33000 40.10000 12.04200 56.50100
 2 10 20 04 39 9089.00000 4.92900000 301.33000 40.10000 12.04200 56.50100
 2 10 20 04 40 9089.00000 4.92900000 301.48000 40.10000 12.04200 56.50100
 2 10 20 04 40 9088.90000 4.92900000 301.48000 40.10000 12.04200 56.50100
 2 10 20 04 41 9088.60000 4.92900000 301.48000 40.10000 12.04200 56.50100
 2 10 20 04 41 9088.60000 4.92900000 301.48000 40.10000 12.04200 56.50100
 2 10 20 04 41 9088.60000 4.92900000 301.48000 40.10000 12.04200 56.50100
 2 10 20 04 42 9089.80000 4.92900000 301.48000 40.10000 12.04200 56.50100
 2 10 20 04 42 9089.80000 4.92900000 301.48000 40.10000 12.04200 56.50100
 2 10 20 04 43 9088.70000 4.92900000 301.48000 40.10000 12.04200 56.50100
 2 10 20 04 43 9088.70000 4.92900000 301.29000 40.10000 12.04200 56.50100
 2 10 20 04 44 9087.20000 4.92900000 301.40000 39.88000 12.04200 56.50100
 2 10 20 04 44 9087.20000 4.92900000 301.47000 39.88000 12.04200 56.50100
 2 10 20 04 44 9087.20000 4.92900000 301.47000 39.88000 12.04200 56.50100
 2 10 20 04 45 9087.20000 4.92900000 301.35000 39.88000 12.04200 56.50100
 2 10 20 04 45 9087.20000 4.92900000 301.38000 39.88000 12.04200 56.41800
 2 10 20 04 46 9087.10000 4.92900000 301.51000 39.88000 12.04200 56.41800
 2 10 20 04 46 9087.10000 4.92900000 301.51000 39.88000 12.04200 56.41800
 2 10 20 04 47 9087.10000 4.92900000 301.51000 39.88000 12.04200 56.41800
 2 10 20 04 47 9087.10000 4.92900000 301.51000 39.88000 12.04200 56.41800
 2 10 20 04 47 9087.10000 4.92900000 301.50000 39.94000 12.11900 56.41800
 2 10 20 04 48 9087.20000 4.92900000 301.50000 39.93000 12.11900 56.41800
 2 10 20 04 48 9087.10000 4.92900000 301.50000 39.93000 12.11900 56.41800
 2 10 20 04 49 9087.20000 4.92900000 301.28000 39.91000 12.04300 56.41800
 2 10 20 04 49 9087.10000 4.92900000 301.28000 39.91000 12.04300 56.41800
 2 10 20 04 50 9087.20000 4.92900000 301.29000 39.91000 12.04300 56.41800
 2 10 20 04 50 9087.20000 4.92900000 301.29000 39.91000 12.04300 56.41800
 2 10 20 04 50 9087.20000 4.92900000 301.29000 39.91000 12.04300 56.41800
 2 10 20 04 51 9087.20000 4.92900000 301.28000 39.92000 12.04300 56.41800
 2 10 20 04 51 9087.20000 4.92900000 301.16000 39.92000 12.04300 56.41800
 2 10 20 04 52 9087.20000 4.92900000 301.16000 39.92000 12.04300 56.41800
 2 10 20 04 52 9087.20000 4.92900000 301.16000 39.92000 12.03800 56.41800
 2 10 20 04 53 9087.20000 4.92900000 301.16000 39.92000 12.03800 56.41800
 2 10 20 04 53 9087.20000 4.92900000 301.15000 39.92000 12.03800 56.41800
 2 10 20 04 54 9087.20000 4.92900000 301.15000 39.92000 12.03800 56.41800
 2 10 20 04 54 9087.10000 4.92900000 301.15000 39.86000 12.03800 56.41800
 2 10 20 04 54 9077.10000 4.92900000 301.15000 39.86000 12.03800 56.41800
 2 10 20 04 55 9077.10000 4.92900000 301.15000 39.86000 12.03800 56.41800
 2 10 20 04 55 9077.10000 4.92900000 300.93000 39.86000 12.03800 56.41800
 2 10 20 04 56 9073.20000 4.92900000 300.93000 39.86000 12.03800 56.41800
 2 10 20 04 56 9073.20000 4.92900000 300.93000 39.86000 12.03800 56.41800
 2 10 20 04 57 9073.20000 4.92900000 300.93000 39.86000 12.03800 56.41800
 2 10 20 04 57 9073.30000 4.92900000 300.93000 39.86000 12.03800 56.41800
 2 10 20 04 57 9073.30000 4.92900000 300.93000 39.86000 12.03800 56.41800
 2 10 20 04 58 9067.30000 4.92900000 300.93000 39.86000 12.03800 56.41800
 2 10 20 04 58 9068.60000 4.92900000 300.93000 39.86000 12.03800 56.41800
 2 10 20 04 59 9063.00000 4.92900000 300.93000 39.86000 12.03800 56.41800
 2 10 20 04 59 9059.00000 4.92900000 300.54000 39.80000 12.03800 56.41800
 2 10 20 05 00 9059.00000 4.92900000 300.50000 39.80000 12.03800 56.41800
 2 10 20 05 00 9040.90000 4.92900000 299.82000 39.64000 12.03800 56.41800
 2 10 20 05 01 9040.80000 4.92900000 299.98000 39.64000 12.03800 55.74000
 2 10 20 05 01 9026.90000 4.92900000 299.35000 39.57000 12.03800 55.72300
 2 10 20 05 02 9024.40000 4.92900000 299.35000 39.51000 12.03800 55.72300
 2 10 20 05 02 9032.50000 4.92900000 299.35000 39.51000 12.03800 55.72300
