M=[
25 4 21 22 16 39865.10000 23.88300000 1870.00000 180.80000 27.90000 162.76400
25 4 21 22 17 39806.90000 23.88300000 1865.47000 180.82000 27.90000 162.76400
25 4 21 22 17 39797.00000 23.78000000 1866.73000 180.61000 27.90000 162.76400
25 4 21 22 18 39786.80000 23.72900000 1867.17000 180.75000 27.90000 162.76400
25 4 21 22 18 39854.30000 23.72900000 1870.22000 180.90000 27.90000 162.63400
25 4 21 22 19 39807.80000 23.72900000 1866.06000 180.69000 27.90000 162.63400
25 4 21 22 19 39797.70000 23.72900000 1868.20000 180.59000 27.90000 162.35100
25 4 21 22 19 39799.80000 23.72900000 1864.16000 180.68000 27.90000 162.35100
25 4 21 22 20 39796.30000 23.72900000 1863.12000 180.68000 27.90000 162.35100
25 4 21 22 20 39832.00000 23.72900000 1866.20000 180.67000 27.90000 162.52500
25 4 21 22 21 39827.80000 23.79200000 1866.53000 180.57000 28.00000 162.52500
25 4 21 22 21 39800.70000 23.79200000 1865.31000 180.27000 28.00000 162.35100
25 4 21 22 22 39815.20000 23.79200000 1863.56000 180.27000 28.00000 162.35100
25 4 21 22 22 39800.10000 23.79200000 1862.61000 180.09000 28.00000 162.35100
25 4 21 22 22 39807.60000 23.76300000 1863.41000 180.09000 28.00000 162.35100
25 4 21 22 23 39820.00000 23.76700000 1863.59000 180.09000 28.00000 162.35100
25 4 21 22 23 39800.00000 23.76700000 1862.44000 180.04000 28.00000 162.35100
25 4 21 22 24 39793.50000 23.76700000 1861.95000 180.03000 28.00000 162.35100
25 4 21 22 24 39799.20000 23.76700000 1862.19000 180.00000 28.00000 162.35100
25 4 21 22 25 39823.90000 23.79900000 1863.69000 180.48000 28.00000 162.35100
25 4 21 22 25 39850.00000 23.79900000 1864.96000 180.48000 28.00000 162.35100
25 4 21 22 25 39850.00000 23.79900000 1864.66000 180.48000 28.00000 162.35100
25 4 21 22 26 39843.50000 23.79700000 1864.43000 180.32000 27.99900 162.80500
25 4 21 22 26 39850.00000 23.79700000 1863.40000 180.10000 27.99900 162.80500
25 4 21 22 27 39849.80000 23.79700000 1862.88000 180.18000 27.99900 162.75500
25 4 21 22 27 39837.00000 23.71300000 1862.50000 180.18000 27.99900 162.75500
25 4 21 22 28 39828.30000 23.71300000 1863.77000 180.12000 27.99900 162.75500
25 4 21 22 28 39822.10000 23.76900000 1862.50000 180.12000 27.99900 162.75500
25 4 21 22 28 39803.40000 23.76900000 1861.48000 180.12000 27.99900 162.75500
25 4 21 22 29 39807.60000 23.76900000 1861.48000 180.12000 27.99900 162.75500
25 4 21 22 29 39815.40000 23.76900000 1861.72000 179.82000 27.99900 162.75500
25 4 21 22 30 39815.40000 23.76900000 1861.77000 179.99000 27.99900 162.75500
25 4 21 22 30 39800.10000 23.76900000 1860.63000 179.70000 27.99900 162.73400
25 4 21 22 30 39742.40000 23.76900000 1860.59000 179.79000 27.99900 162.73400
25 4 21 22 31 39727.40000 23.69900000 1859.28000 179.31000 27.99900 162.05900
25 4 21 22 31 39657.30000 23.60900000 1856.11000 179.21000 27.99900 162.05900
25 4 21 22 32 39711.90000 23.60900000 1855.00000 179.21000 27.99900 161.60800
25 4 21 22 32 39645.30000 23.60900000 1851.91000 179.02000 27.99900 161.60800
25 4 21 22 33 39652.10000 23.60900000 1853.10000 178.92000 27.99900 161.60800
25 4 21 22 33 39646.20000 23.60900000 1852.57000 178.81000 27.99900 161.60800
25 4 21 22 33 39661.10000 23.60900000 1852.92000 178.81000 27.99900 161.41300
25 4 21 22 34 39701.30000 23.60900000 1853.00000 178.94000 27.99900 161.41300
25 4 21 22 34 39715.40000 23.60900000 1861.61000 179.51000 27.99900 161.41300
25 4 21 22 35 39801.00000 23.60900000 1866.97000 179.80000 27.99900 162.79000
25 4 21 22 35 39827.00000 23.75700000 1870.00000 180.15000 27.99900 162.79000
25 4 21 22 36 39819.00000 23.73200000 1870.00000 179.83000 27.99900 162.79000
25 4 21 22 36 39900.00000 23.73200000 1872.64000 179.83000 27.99900 162.79000
25 4 21 22 36 39930.90000 23.73200000 1875.99000 180.50000 27.99900 163.47600
25 4 21 22 37 39928.30000 23.73200000 1875.59000 180.50000 27.99900 163.37800
25 4 21 22 37 39879.70000 23.73200000 1875.60000 180.43000 27.99900 163.18800
25 4 21 22 38 39932.40000 23.73200000 1873.13000 180.51000 27.99900 163.18800
25 4 21 22 38 39932.10000 23.73200000 1874.92000 180.51000 27.99900 163.18800
25 4 21 22 39 39944.80000 23.73200000 1877.10000 180.61000 27.99900 163.18800
25 4 21 22 39 39930.60000 23.73200000 1873.90000 180.61000 27.99900 163.18800
25 4 21 22 39 39944.80000 23.73200000 1876.96000 180.61000 27.99900 163.18800
25 4 21 22 40 40005.50000 23.73200000 1878.09000 180.61000 27.99900 163.18800
25 4 21 22 40 39988.90000 23.73200000 1873.84000 180.70000 27.99900 163.18800
25 4 21 22 41 39950.60000 23.73200000 1873.42000 180.59000 27.99900 163.18800
25 4 21 22 41 39997.00000 23.73200000 1876.88000 180.58000 27.99900 163.18800
25 4 21 22 42 40040.70000 23.73200000 1877.23000 180.58000 27.99900 163.18800
25 4 21 22 42 40077.90000 23.73200000 1879.04000 180.58000 27.99900 163.18800
25 4 21 22 42 40088.70000 23.73200000 1880.44000 180.58000 27.99900 163.18800
25 4 21 22 43 40095.30000 23.73200000 1883.17000 181.16000 27.99900 163.18800
25 4 21 22 43 40210.20000 23.93900000 1887.82000 181.96000 27.99900 163.18800
25 4 21 22 44 40206.10000 23.93900000 1886.90000 181.94000 27.99900 163.18800
25 4 21 22 44 40200.00000 23.93900000 1886.00000 181.94000 27.99900 163.18800
25 4 21 22 45 40199.50000 23.93900000 1884.28000 181.81000 27.99900 163.18800
25 4 21 22 45 40257.30000 23.93900000 1885.77000 182.15000 27.99900 163.18800
25 4 21 22 45 40367.10000 23.99100000 1889.76000 182.58000 27.99900 164.89500
25 4 21 22 46 40383.80000 24.03800000 1890.12000 182.50000 27.99900 164.89500
25 4 21 22 46 40440.00000 24.08100000 1893.18000 182.57000 27.99900 164.89500
25 4 21 22 47 40426.00000 24.11500000 1892.10000 182.66000 27.99900 164.89500
25 4 21 22 47 40393.50000 24.11500000 1892.52000 182.48000 27.99900 164.89500
25 4 21 22 48 40393.50000 24.08100000 1888.69000 182.25000 27.99900 164.89500
25 4 21 22 48 40318.00000 23.96300000 1885.37000 181.79000 27.99900 164.89500
25 4 21 22 48 40389.20000 23.96300000 1890.58000 181.79000 27.99900 164.89500
25 4 21 22 49 40362.90000 23.96300000 1887.57000 182.11000 27.99900 164.47800
25 4 21 22 49 40312.10000 23.96300000 1886.60000 181.69000 27.99900 164.47800
25 4 21 22 50 40312.00000 23.96300000 1886.01000 181.63000 27.99900 164.47800
25 4 21 22 50 40300.10000 23.96300000 1885.92000 181.52000 27.99900 164.47800
25 4 21 22 51 40257.50000 23.94000000 1884.26000 181.37000 27.99900 164.47800
25 4 21 22 51 40257.60000 23.94000000 1885.99000 181.37000 27.99900 164.47800
25 4 21 22 51 40274.80000 23.94000000 1885.30000 181.37000 27.99900 164.90000
25 4 21 22 52 40263.90000 23.95800000 1884.64000 181.23000 27.99900 164.90000
25 4 21 22 52 40254.00000 23.95800000 1882.46000 181.23000 27.99900 165.43300
25 4 21 22 53 40269.80000 23.95800000 1883.69000 181.23000 27.99900 165.43300
25 4 21 22 53 40275.10000 23.95800000 1882.70000 181.23000 27.99900 165.43300
25 4 21 22 54 40312.10000 23.95800000 1889.04000 181.46000 27.99900 165.43300
25 4 21 22 54 40448.50000 23.95800000 1894.99000 182.34000 27.99900 165.43300
25 4 21 22 54 40450.10000 23.95800000 1893.06000 182.34000 27.99900 165.43300
25 4 21 22 55 40382.50000 23.95800000 1890.42000 182.20000 27.99900 165.43300
25 4 21 22 55 40360.90000 23.95800000 1888.55000 182.20000 27.99900 165.43300
25 4 21 22 56 40364.80000 24.03200000 1888.70000 182.20000 27.99900 165.43300
25 4 21 22 56 40346.20000 24.03200000 1886.14000 181.71000 27.99900 165.43300
25 4 21 22 57 40332.20000 24.03200000 1886.12000 181.71000 27.99900 165.43300
25 4 21 22 57 40330.50000 24.03200000 1885.50000 181.85000 27.99900 165.43300
25 4 21 22 57 40307.90000 24.03200000 1883.57000 181.76000 27.99900 165.43300
25 4 21 22 58 40327.60000 24.03200000 1884.09000 181.52000 27.99900 165.43300
25 4 21 22 58 40316.20000 23.99600000 1883.96000 181.52000 27.99900 165.43300
25 4 21 22 59 40348.70000 23.99600000 1887.64000 181.52000 27.99900 165.43300
25 4 21 22 59 40337.00000 23.99600000 1887.11000 182.02000 27.99900 165.43300
25 4 21 23 00 40356.80000 23.99600000 1890.47000 182.09000 27.99900 165.43300
