M=[
 8 2 21 16 55 35926.80000 7.06400000 1427.64000 134.52000 19.29300 79.24500
 8 2 21 16 55 35933.10000 7.06400000 1429.01000 134.50000 19.29300 79.24500
 8 2 21 16 55 35943.30000 7.05300000 1431.40000 134.70000 19.29300 79.24500
 8 2 21 16 56 35979.90000 7.05300000 1431.61000 134.70000 19.29300 79.24500
 8 2 21 16 56 35997.20000 7.07900000 1432.13000 134.69000 19.29300 79.54600
 8 2 21 16 57 35998.30000 7.07900000 1432.00000 134.75000 19.29300 79.54600
 8 2 21 16 57 35980.90000 7.07900000 1431.62000 134.78000 19.29300 79.54600
 8 2 21 16 58 35960.00000 7.07900000 1430.28000 134.73000 19.29300 79.56500
 8 2 21 16 58 35942.60000 7.05100000 1427.46000 134.50000 19.29300 79.56500
 8 2 21 16 58 35918.70000 7.05100000 1426.33000 134.53000 19.29300 79.42900
 8 2 21 16 59 35900.00000 7.05100000 1425.01000 134.53000 19.29300 79.49000
 8 2 21 16 59 35874.10000 7.05100000 1425.17000 134.43000 19.29300 79.45800
 8 2 21 17 00 35905.50000 7.05100000 1426.30000 134.47000 19.29300 79.53900
 8 2 21 17 00 35950.00000 7.06400000 1430.31000 134.78000 19.29300 79.53900
 8 2 21 17 01 35940.20000 7.06400000 1430.38000 134.96000 19.29300 79.53900
 8 2 21 17 01 36000.00000 7.06400000 1433.70000 135.08000 19.36100 79.53900
 8 2 21 17 01 36000.00000 7.06400000 1430.81000 134.90000 19.36100 79.53900
 8 2 21 17 02 35999.90000 7.06400000 1429.16000 134.90000 19.36100 79.49600
 8 2 21 17 02 35916.70000 7.06400000 1427.35000 134.48000 19.36100 79.51400
 8 2 21 17 03 35916.80000 7.07000000 1426.35000 134.46000 19.36100 79.51400
 8 2 21 17 03 35783.10000 7.07000000 1425.00000 134.32000 19.36100 79.51400
 8 2 21 17 04 35784.40000 7.07000000 1425.35000 134.30000 19.36100 79.51400
 8 2 21 17 04 35724.90000 7.07000000 1425.26000 134.23000 19.36100 79.51400
 8 2 21 17 05 35735.10000 7.07000000 1424.34000 134.29000 19.36100 79.34600
 8 2 21 17 05 35644.00000 7.07000000 1423.96000 134.11000 19.36100 79.33300
 8 2 21 17 05 35571.10000 7.06400000 1419.68000 133.95000 19.36100 79.33300
 8 2 21 17 06 35590.60000 7.06400000 1417.35000 133.92000 19.36100 79.08200
 8 2 21 17 06 35561.10000 7.06400000 1416.13000 133.64000 19.36100 79.08200
 8 2 21 17 07 35471.40000 7.06400000 1415.61000 133.52000 19.36100 79.05200
 8 2 21 17 07 35450.10000 7.06400000 1415.04000 133.62000 19.36100 79.00000
 8 2 21 17 08 35475.10000 7.05600000 1414.31000 133.55000 19.36100 78.79300
 8 2 21 17 08 35450.00000 7.05600000 1417.99000 133.53000 19.36100 78.79300
 8 2 21 17 08 35375.80000 7.02700000 1415.29000 133.32000 19.36100 78.79300
 8 2 21 17 09 35288.70000 7.02700000 1411.86000 133.09000 19.23400 78.79300
 8 2 21 17 09 35324.90000 7.02700000 1412.95000 133.17000 19.23400 78.79300
 8 2 21 17 10 35284.10000 7.01000000 1412.18000 133.16000 19.17200 78.79300
 8 2 21 17 10 35312.70000 7.01000000 1415.78000 133.09000 19.38200 78.79300
 8 2 21 17 11 35342.30000 7.01100000 1416.43000 133.09000 19.38200 78.79300
 8 2 21 17 11 35431.20000 7.01100000 1419.92000 133.92000 19.38200 78.79300
 8 2 21 17 11 35331.70000 7.01100000 1415.47000 133.43000 19.38200 78.79300
 8 2 21 17 12 35426.70000 7.01800000 1418.01000 133.66000 19.38200 78.79300
 8 2 21 17 12 35430.50000 7.01800000 1418.47000 133.58000 19.38200 78.79300
 8 2 21 17 13 35430.40000 7.01800000 1419.22000 133.72000 19.38200 78.79300
 8 2 21 17 13 35500.00000 7.01800000 1421.80000 133.84000 19.38200 78.79300
 8 2 21 17 14 35538.60000 7.01800000 1421.95000 133.90000 19.38200 78.79300
 8 2 21 17 14 35577.60000 7.06600000 1421.65000 133.86000 19.38200 78.79300
 8 2 21 17 14 35500.00000 7.06600000 1418.02000 133.57000 19.38200 78.79300
 8 2 21 17 15 35512.50000 7.06600000 1420.90000 133.67000 19.38200 78.79300
 8 2 21 17 15 35518.10000 7.06600000 1422.13000 133.66000 19.38200 78.79300
 8 2 21 17 16 35517.40000 7.06600000 1422.96000 133.66000 19.21200 79.00500
 8 2 21 17 16 35538.60000 7.06600000 1423.46000 133.66000 19.42200 79.00500
 8 2 21 17 17 35593.70000 7.06500000 1424.47000 134.18000 19.42200 79.00500
 8 2 21 17 17 35572.90000 7.06500000 1424.48000 134.12000 19.42200 79.00500
 8 2 21 17 17 35580.90000 7.06500000 1424.64000 134.11000 19.42200 79.16200
 8 2 21 17 18 35570.40000 7.06500000 1424.37000 134.14000 19.42200 79.16200
 8 2 21 17 18 35580.10000 7.06500000 1424.27000 134.14000 19.42200 79.16200
 8 2 21 17 19 35550.70000 7.06500000 1424.26000 134.07000 19.42200 79.16200
 8 2 21 17 19 35569.90000 7.06500000 1422.92000 134.00000 19.42200 79.16200
 8 2 21 17 20 35549.50000 7.04600000 1421.77000 134.04000 19.42200 79.16200
 8 2 21 17 20 35588.60000 7.04600000 1422.01000 134.11000 19.42200 79.19700
 8 2 21 17 20 35623.00000 7.04600000 1424.10000 134.32000 19.42200 79.27800
 8 2 21 17 21 35675.60000 7.04600000 1424.84000 134.32000 19.42200 79.27800
 8 2 21 17 21 35703.10000 7.08400000 1424.39000 134.40000 19.42200 79.27800
 8 2 21 17 22 35676.40000 7.08600000 1424.98000 134.39000 19.42200 79.27800
 8 2 21 17 22 35664.90000 7.08800000 1424.93000 134.47000 19.42200 79.30200
 8 2 21 17 23 35640.80000 7.08800000 1424.92000 134.38000 19.42200 79.30200
 8 2 21 17 23 35665.90000 7.08800000 1425.00000 134.42000 19.42200 79.30200
 8 2 21 17 23 35663.70000 7.11000000 1425.00000 134.43000 19.42200 79.30200
 8 2 21 17 24 35653.90000 7.11000000 1425.00000 134.42000 19.42200 79.38200
 8 2 21 17 24 35653.70000 7.11000000 1423.93000 134.39000 19.42200 79.39100
 8 2 21 17 25 35653.80000 7.11000000 1423.91000 134.37000 19.42200 79.39100
 8 2 21 17 25 35653.80000 7.11000000 1423.90000 134.42000 19.42200 79.39100
 8 2 21 17 26 35665.40000 7.11000000 1424.55000 134.44000 19.42200 79.39100
 8 2 21 17 26 35665.70000 7.11000000 1425.85000 134.61000 19.42200 79.39100
 8 2 21 17 27 35665.90000 7.11000000 1425.50000 134.63000 19.42200 79.39100
 8 2 21 17 27 35666.00000 7.11000000 1425.49000 134.57000 19.42200 79.39100
 8 2 21 17 27 35661.90000 7.11000000 1423.98000 134.62000 19.42200 79.39100
 8 2 21 17 28 35640.00000 7.11000000 1423.76000 134.62000 19.42200 79.39100
 8 2 21 17 28 35652.70000 7.11000000 1424.63000 134.64000 19.42200 79.39100
 8 2 21 17 29 35665.90000 7.11000000 1425.04000 134.70000 19.42200 79.39100
 8 2 21 17 29 35687.60000 7.06500000 1424.19000 134.85000 19.42200 79.39100
 8 2 21 17 30 35625.20000 7.06500000 1421.06000 134.69000 19.42200 79.39100
 8 2 21 17 30 35673.60000 7.06500000 1424.26000 134.78000 19.42200 79.39100
 8 2 21 17 30 35699.00000 7.06500000 1424.79000 134.85000 19.42200 79.39100
 8 2 21 17 31 35700.00000 7.06500000 1426.82000 134.85000 19.42300 79.39100
 8 2 21 17 31 35692.30000 7.06500000 1426.99000 134.90000 19.42300 79.39100
 8 2 21 17 32 35694.90000 7.06500000 1426.99000 134.90000 19.42300 79.39100
 8 2 21 17 32 35694.00000 7.06500000 1426.98000 134.84000 19.42300 79.39100
 8 2 21 17 33 35700.00000 7.06500000 1426.79000 134.93000 19.42300 79.39100
 8 2 21 17 33 35800.00000 7.06500000 1429.46000 135.00000 19.42300 79.39100
 8 2 21 17 33 35803.00000 7.06500000 1428.65000 135.05000 19.42300 79.39100
 8 2 21 17 34 35827.20000 7.06500000 1426.31000 135.01000 19.42300 79.39100
 8 2 21 17 34 35790.30000 7.06500000 1426.79000 134.92000 19.42300 79.39100
 8 2 21 17 35 35811.60000 7.06500000 1426.67000 134.87000 19.42300 79.37500
 8 2 21 17 35 35822.90000 7.06500000 1426.10000 134.85000 19.42300 79.37500
 8 2 21 17 36 35822.90000 7.06500000 1426.11000 134.85000 19.42300 79.37500
 8 2 21 17 36 35822.90000 7.06500000 1425.78000 134.65000 19.42300 79.37500
 8 2 21 17 36 35763.20000 7.06500000 1424.44000 134.63000 19.42300 79.37500
 8 2 21 17 37 35792.40000 7.06500000 1425.00000 134.68000 19.42300 79.37500
 8 2 21 17 37 35753.20000 7.06500000 1425.00000 134.68000 19.42300 79.37500
 8 2 21 17 38 35822.30000 7.06500000 1425.00000 134.94000 19.42300 79.37500
 8 2 21 17 38 35764.60000 7.06500000 1424.74000 134.81000 19.42300 79.37500
 8 2 21 17 39 35809.90000 7.06500000 1422.93000 134.76000 19.42300 79.37500
 8 2 21 17 39 35782.40000 7.06500000 1422.99000 134.76000 19.42300 79.37500
 8 2 21 17 40 35750.80000 7.06500000 1420.01000 134.66000 19.42300 79.37500
