M=[
 3 7 20 03 57 8096.10000 5.03100000 201.50000 36.71000 15.12000 45.42000
 3 7 20 03 57 8096.10000 5.03100000 201.50000 36.71000 15.12000 45.42000
 3 7 20 03 57 8094.50000 5.03100000 201.49000 36.71000 15.12000 45.42000
 3 7 20 03 58 8094.20000 5.03100000 201.50000 36.71000 15.12000 45.42000
 3 7 20 03 58 8094.20000 5.03100000 201.50000 36.71000 15.08400 45.42000
 3 7 20 03 59 8095.20000 5.03100000 201.50000 36.71000 15.12000 45.42000
 3 7 20 03 59 8095.20000 5.03100000 201.50000 36.71000 15.12000 45.42000
 3 7 20 04 00 8096.60000 5.03100000 201.50000 36.71000 15.12000 45.42000
 3 7 20 04 00 8096.50000 5.03100000 201.50000 36.71000 15.12000 45.42000
 3 7 20 04 01 8097.90000 5.03100000 201.50000 36.71000 15.12000 45.42000
 3 7 20 04 01 8097.90000 5.03100000 201.74000 36.71000 15.12000 45.42000
 3 7 20 04 02 8097.90000 5.03100000 201.74000 36.71000 15.08400 45.42000
 3 7 20 04 02 8096.70000 5.03100000 201.77000 36.71000 15.12000 45.42000
 3 7 20 04 03 8099.20000 5.03100000 201.78000 36.71000 15.12000 45.42000
 3 7 20 04 03 8100.20000 5.03100000 201.78000 36.71000 15.12000 45.42000
 3 7 20 04 04 8101.60000 5.03100000 201.78000 36.71000 15.12000 45.42000
 3 7 20 04 04 8099.90000 5.03100000 201.78000 36.68000 15.12000 45.42000
 3 7 20 04 05 8099.90000 5.03100000 201.78000 36.71000 15.12000 45.42000
 3 7 20 04 05 8099.90000 5.03100000 201.78000 36.71000 15.12000 45.42000
 3 7 20 04 05 8099.80000 5.03100000 201.78000 36.71000 15.12000 45.42000
 3 7 20 04 06 8099.80000 5.03100000 201.79000 36.67000 15.12000 45.42000
 3 7 20 04 06 8099.30000 5.03100000 201.79000 36.67000 15.12000 45.42000
 3 7 20 04 07 8100.00000 5.03100000 201.79000 36.67000 15.12000 45.42000
 3 7 20 04 07 8100.00000 5.03100000 201.79000 36.67000 15.12000 45.42000
 3 7 20 04 08 8099.90000 5.03100000 201.79000 36.67000 15.12000 45.42000
 3 7 20 04 08 8099.90000 5.03100000 201.79000 36.67000 15.12000 45.42000
 3 7 20 04 09 8100.00000 5.03100000 201.79000 36.67000 15.12000 45.42000
 3 7 20 04 09 8100.00000 5.02000000 201.79000 36.67000 15.12000 45.42000
 3 7 20 04 10 8100.00000 5.02000000 201.79000 36.67000 15.12000 45.42000
 3 7 20 04 10 8100.00000 5.02000000 201.79000 36.67000 15.12000 45.42000
 3 7 20 04 10 8100.00000 5.02000000 201.79000 36.67000 15.12000 45.42000
 3 7 20 04 11 8100.00000 5.02000000 201.79000 36.67000 15.08400 45.42000
 3 7 20 04 11 8100.00000 5.02000000 201.78000 36.67000 15.12000 45.42000
 3 7 20 04 12 8099.90000 5.02000000 201.79000 36.67000 15.12000 45.42000
 3 7 20 04 12 8100.00000 5.02000000 201.79000 36.67000 15.12000 45.53900
 3 7 20 04 13 8099.90000 5.02000000 201.79000 36.67000 15.12000 45.53900
 3 7 20 04 13 8100.00000 5.02000000 201.79000 36.67000 15.12000 45.49700
 3 7 20 04 14 8101.00000 5.02000000 201.79000 36.67000 15.12000 45.49700
 3 7 20 04 14 8100.90000 5.02000000 201.45000 36.67000 15.12000 45.49700
 3 7 20 04 15 8100.90000 5.02000000 201.58000 36.67000 15.12000 45.47700
 3 7 20 04 15 8101.00000 5.02000000 201.57000 36.67000 15.08400 45.47700
 3 7 20 04 16 8101.00000 5.02000000 201.57000 36.67000 15.12000 45.47700
 3 7 20 04 16 8101.00000 5.02000000 201.57000 36.67000 15.12000 45.47700
 3 7 20 04 17 8101.00000 5.02000000 201.57000 36.67000 15.12000 45.47700
 3 7 20 04 17 8101.00000 5.02000000 201.47000 36.67000 15.08400 45.47700
 3 7 20 04 17 8100.90000 5.02000000 201.41000 36.67000 15.12000 45.40100
 3 7 20 04 18 8091.20000 5.03100000 201.39000 36.67000 15.12000 45.36000
 3 7 20 04 19 8094.00000 5.03100000 201.39000 36.67000 15.12000 45.36000
 3 7 20 04 19 8094.00000 5.02000000 201.39000 36.67000 15.12000 45.36000
 3 7 20 04 20 8093.10000 5.02000000 201.22000 36.67000 15.12000 45.36000
 3 7 20 04 20 8093.00000 5.02000000 201.20000 36.64000 15.12000 45.36000
 3 7 20 04 21 8093.00000 5.02000000 201.37000 36.64000 15.12000 45.36000
 3 7 20 04 21 8092.90000 5.02000000 201.37000 36.64000 15.08400 45.36000
 3 7 20 04 21 8093.00000 5.02000000 201.37000 36.64000 15.12000 45.36000
 3 7 20 04 22 8099.50000 5.02000000 201.50000 36.64000 15.12000 45.36000
 3 7 20 04 23 8100.40000 5.02000000 201.51000 36.64000 15.12000 45.36000
 3 7 20 04 23 8100.40000 5.02000000 201.51000 36.64000 15.12000 45.36000
 3 7 20 04 23 8100.40000 5.02000000 201.51000 36.64000 15.12000 45.36000
 3 7 20 04 24 8099.60000 5.02000000 201.51000 36.64000 15.12000 45.36000
 3 7 20 04 24 8099.60000 5.02000000 201.55000 36.64000 15.12000 45.36000
 3 7 20 04 25 8099.60000 5.02000000 201.51000 36.64000 15.08400 45.36000
 3 7 20 04 25 8099.60000 5.02000000 201.51000 36.64000 15.12000 45.40100
 3 7 20 04 26 8099.60000 5.02000000 201.51000 36.64000 15.19900 45.36000
 3 7 20 04 26 8099.60000 5.02000000 201.51000 36.64000 15.19900 45.36000
 3 7 20 04 27 8099.60000 5.02000000 201.51000 36.64000 15.19900 45.37300
 3 7 20 04 27 8099.60000 5.02000000 201.55000 36.64000 15.19900 45.37300
 3 7 20 04 28 8099.60000 5.02000000 201.50000 36.64000 15.19900 45.37300
 3 7 20 04 28 8099.60000 5.02000000 201.50000 36.63000 15.19900 45.37300
 3 7 20 04 29 8099.60000 5.02000000 201.48000 36.63000 15.19900 45.37300
 3 7 20 04 29 8099.60000 5.02000000 201.55000 36.63000 15.19900 45.37300
 3 7 20 04 30 8099.50000 5.02000000 201.55000 36.63000 15.19900 45.37300
 3 7 20 04 30 8099.60000 5.02000000 201.55000 36.63000 15.19900 45.39700
 3 7 20 04 30 8099.60000 5.02000000 201.55000 36.63000 15.19900 45.39700
 3 7 20 04 31 8101.90000 5.02000000 201.55000 36.63000 15.19900 45.39700
 3 7 20 04 31 8100.80000 5.02000000 201.55000 36.63000 15.19900 45.39700
 3 7 20 04 32 8100.90000 5.02000000 201.48000 36.63000 15.19900 45.39700
 3 7 20 04 32 8100.90000 5.02000000 201.55000 36.63000 15.19900 45.39700
 3 7 20 04 33 8100.90000 5.02000000 201.55000 36.63000 15.19900 45.39700
 3 7 20 04 33 8100.90000 5.02000000 201.55000 36.63000 15.19900 45.39700
 3 7 20 04 34 8100.90000 5.02000000 201.55000 36.63000 15.19900 45.39700
 3 7 20 04 34 8100.90000 5.02000000 201.55000 36.63000 15.19900 45.39700
 3 7 20 04 35 8100.90000 5.02000000 201.55000 36.63000 15.19900 45.39700
 3 7 20 04 35 8100.90000 5.02000000 201.52000 36.63000 15.19900 45.39700
 3 7 20 04 36 8100.80000 5.02000000 201.56000 36.63000 15.19900 45.39700
 3 7 20 04 36 8100.90000 5.02000000 201.56000 36.63000 15.19900 45.39700
 3 7 20 04 36 8100.90000 5.02000000 201.55000 36.63000 15.19900 45.39700
 3 7 20 04 37 8100.80000 5.02000000 201.55000 36.63000 15.19900 45.39700
 3 7 20 04 37 8100.80000 5.02000000 201.65000 36.63000 15.19900 45.39700
 3 7 20 04 38 8100.80000 5.02000000 201.66000 36.63000 15.19900 45.39700
 3 7 20 04 38 8100.80000 5.00900000 201.66000 36.63000 15.19900 45.39700
 3 7 20 04 39 8100.90000 5.00900000 201.65000 36.63000 15.19900 45.39700
 3 7 20 04 39 8100.90000 5.00900000 201.65000 36.63000 15.19900 45.39700
 3 7 20 04 40 8100.80000 5.00900000 201.65000 36.63000 15.20000 45.39700
 3 7 20 04 40 8100.90000 5.00900000 201.65000 36.63000 15.20000 45.39700
 3 7 20 04 41 8100.90000 5.01100000 201.61000 36.63000 15.20000 45.39700
 3 7 20 04 41 8103.00000 5.01100000 201.61000 36.63000 15.20000 45.39700
 3 7 20 04 42 8104.90000 5.01100000 201.88000 36.63000 15.20000 45.39700
 3 7 20 04 42 8104.90000 5.01100000 201.88000 36.63000 15.22800 45.39700
 3 7 20 04 42 8104.90000 5.01100000 201.88000 36.63000 15.22800 45.39700
 3 7 20 04 43 8104.90000 5.01100000 201.88000 36.63000 15.22800 45.39700
 3 7 20 04 43 8104.90000 5.01100000 201.87000 36.63000 15.22800 45.39700
 3 7 20 04 44 8104.90000 5.01100000 201.91000 36.63000 15.22800 45.39700
 3 7 20 04 44 8104.90000 5.01100000 201.91000 36.63000 15.22800 45.39700
 3 7 20 04 45 8104.90000 5.01100000 201.91000 36.63000 15.22800 45.39700
 3 7 20 04 45 8104.90000 5.01100000 201.91000 36.63000 15.22800 45.39700
 3 7 20 04 46 8104.90000 5.01100000 201.91000 36.63000 15.22800 45.39700
 3 7 20 04 46 8104.90000 5.01100000 201.91000 36.63000 15.22800 45.39700
 3 7 20 04 47 8104.90000 5.01100000 201.91000 36.63000 15.22800 45.39700
 3 7 20 04 47 8104.80000 5.01100000 201.91000 36.63000 15.22800 45.39700
