M=[
13 4 21 17 24 52938.00000 18.28500000 1917.66000 227.85000 41.84700 190.26100
13 4 21 17 24 52938.10000 18.30100000 1921.38000 228.14000 41.84700 190.83000
13 4 21 17 25 52949.90000 18.26000000 1919.29000 228.04000 41.84700 190.83000
13 4 21 17 25 52938.00000 18.30600000 1915.03000 227.84000 41.84700 190.83000
13 4 21 17 26 52926.30000 18.25500000 1916.00000 227.70000 41.84700 190.83000
13 4 21 17 26 52941.40000 18.25000000 1917.40000 227.84000 41.84700 190.83000
13 4 21 17 26 52947.00000 18.28100000 1918.28000 228.37000 41.84700 190.83000
13 4 21 17 27 52951.70000 18.36500000 1919.04000 228.49000 41.84700 190.83000
13 4 21 17 27 52951.60000 18.39100000 1919.58000 228.49000 41.84700 190.54200
13 4 21 17 28 52951.70000 18.39100000 1920.51000 228.27000 41.84700 190.54200
13 4 21 17 28 52951.70000 18.39100000 1919.59000 228.04000 41.84700 190.54200
13 4 21 17 29 52912.50000 18.31700000 1918.31000 227.85000 41.84700 190.54200
13 4 21 17 29 52917.30000 18.27500000 1918.88000 228.17000 41.84700 189.73100
13 4 21 17 29 52937.00000 18.31800000 1919.79000 228.40000 41.84700 189.73100
13 4 21 17 30 52930.30000 18.39700000 1920.37000 228.50000 41.84700 189.82900
13 4 21 17 30 52930.30000 18.39700000 1921.36000 228.50000 41.84700 189.82900
13 4 21 17 31 52951.60000 18.37700000 1922.83000 228.38000 41.84700 189.98800
13 4 21 17 31 52951.70000 18.28400000 1922.75000 228.34000 41.84700 189.98800
13 4 21 17 32 52951.70000 18.28400000 1922.76000 228.26000 41.84700 189.98800
13 4 21 17 32 52960.00000 18.34200000 1923.99000 228.00000 41.84700 189.98800
13 4 21 17 32 52992.60000 18.34200000 1924.09000 228.00000 42.05300 189.95700
13 4 21 17 33 52960.10000 18.34200000 1922.00000 227.70000 42.05300 190.06100
13 4 21 17 33 52984.30000 18.38400000 1923.34000 227.82000 42.05300 190.06100
13 4 21 17 34 52978.00000 18.40000000 1922.51000 227.85000 42.05300 190.46400
13 4 21 17 34 52972.80000 18.40000000 1921.66000 227.70000 42.05300 190.46400
13 4 21 17 35 52967.00000 18.42100000 1917.93000 227.68000 42.05300 190.46400
13 4 21 17 35 52967.10000 18.41500000 1917.41000 227.32000 42.05300 190.46400
13 4 21 17 35 52967.10000 18.44900000 1917.24000 227.19000 42.05300 190.46400
13 4 21 17 36 52960.10000 18.47200000 1918.37000 227.05000 42.05300 190.40300
13 4 21 17 36 52866.90000 18.39800000 1916.84000 226.79000 42.05300 190.40300
13 4 21 17 37 52912.50000 18.37000000 1918.78000 227.13000 42.05300 190.40300
13 4 21 17 37 52899.70000 18.46100000 1918.32000 227.15000 42.05300 190.22200
13 4 21 17 38 52899.70000 18.38800000 1916.68000 226.78000 42.18100 190.22200
13 4 21 17 38 52899.60000 18.38800000 1917.09000 226.62000 42.18100 190.22200
13 4 21 17 38 52903.90000 18.38800000 1918.78000 226.94000 42.19200 190.22200
13 4 21 17 39 52903.80000 18.36900000 1917.90000 226.80000 42.19200 190.22200
13 4 21 17 39 52903.80000 18.36900000 1918.06000 226.74000 42.19200 190.22200
13 4 21 17 40 52871.40000 18.22800000 1916.78000 226.79000 42.18400 190.15100
13 4 21 17 40 52885.30000 18.22800000 1917.47000 226.80000 42.18400 190.15100
13 4 21 17 41 52883.20000 18.32200000 1916.03000 226.80000 42.18400 190.15100
13 4 21 17 41 52890.10000 18.32200000 1916.08000 227.06000 42.18400 190.15100
13 4 21 17 41 52890.00000 18.25300000 1915.88000 226.64000 42.17700 190.15100
13 4 21 17 42 52889.90000 18.22500000 1916.82000 226.55000 42.17700 190.38300
13 4 21 17 42 52890.00000 18.20000000 1917.23000 226.76000 42.17700 190.38300
13 4 21 17 43 52890.00000 18.23000000 1916.92000 226.96000 42.17700 190.38300
13 4 21 17 43 52890.00000 18.27600000 1917.46000 226.78000 41.92600 190.38300
13 4 21 17 44 52890.00000 18.27600000 1917.45000 226.89000 41.92600 190.10200
13 4 21 17 44 52899.00000 18.27600000 1918.75000 227.04000 42.12200 190.10200
13 4 21 17 44 52899.00000 18.24500000 1918.79000 226.63000 42.12200 190.10200
13 4 21 17 45 52931.40000 18.24600000 1919.93000 226.87000 42.12200 190.10200
13 4 21 17 45 52942.70000 18.24600000 1919.99000 227.02000 42.12200 190.10200
13 4 21 17 46 52942.70000 18.14300000 1920.00000 226.97000 42.12200 190.10200
13 4 21 17 46 52924.80000 18.14300000 1918.67000 226.76000 41.86500 190.10200
13 4 21 17 47 52921.00000 18.19300000 1920.00000 226.79000 41.86500 190.10200
13 4 21 17 47 52921.10000 18.19300000 1919.88000 227.03000 41.86500 190.10200
13 4 21 17 47 52925.10000 18.19300000 1919.99000 227.29000 41.86500 190.10200
13 4 21 17 48 52921.30000 18.18900000 1922.03000 227.29000 41.86500 190.10200
13 4 21 17 48 52924.80000 18.19000000 1922.50000 227.58000 41.86500 190.10200
13 4 21 17 49 52924.70000 18.19000000 1921.75000 227.79000 41.85900 190.10200
13 4 21 17 49 52932.10000 18.31000000 1923.38000 227.67000 41.85900 190.82500
13 4 21 17 50 52927.10000 18.23600000 1922.65000 227.55000 41.85900 190.81400
13 4 21 17 50 52924.80000 18.25200000 1923.16000 227.53000 42.08500 190.81600
13 4 21 17 50 52926.90000 18.25200000 1923.31000 227.54000 42.08500 190.81600
13 4 21 17 51 52927.00000 18.25200000 1923.94000 227.87000 42.08500 190.81600
13 4 21 17 51 52942.90000 18.26100000 1923.93000 227.67000 41.86200 190.71700
13 4 21 17 52 52955.40000 18.26100000 1924.51000 227.83000 41.86200 190.59800
13 4 21 17 52 52986.70000 18.21600000 1924.65000 228.00000 41.86200 190.59800
13 4 21 17 53 52991.20000 18.21800000 1924.55000 227.73000 41.86200 190.59800
13 4 21 17 53 52990.50000 18.21800000 1924.63000 227.85000 41.86200 190.59800
13 4 21 17 53 53014.10000 18.24500000 1924.99000 227.89000 41.86200 191.00000
13 4 21 17 54 52983.20000 18.19200000 1925.00000 227.78000 41.86200 191.89700
13 4 21 17 54 52948.00000 18.19100000 1925.00000 227.72000 41.86200 192.20000
13 4 21 17 55 52947.90000 18.19000000 1924.67000 227.14000 41.86200 192.20000
13 4 21 17 55 52944.10000 18.19000000 1925.00000 227.13000 41.86200 193.26000
13 4 21 17 56 52954.80000 18.12500000 1924.91000 227.08000 41.86200 193.26000
13 4 21 17 56 52976.90000 18.12500000 1924.99000 227.47000 41.86200 193.02100
13 4 21 17 56 52976.40000 18.16900000 1924.99000 227.32000 41.86200 193.02100
13 4 21 17 57 52979.40000 18.16900000 1925.00000 226.98000 41.86200 193.02100
13 4 21 17 57 52968.70000 18.16900000 1924.99000 226.90000 41.86200 193.02100
13 4 21 17 58 52969.20000 18.16900000 1924.90000 226.82000 41.86200 193.11900
13 4 21 17 58 52986.40000 18.15600000 1925.00000 226.85000 41.86200 193.34800
13 4 21 17 59 52983.50000 18.15600000 1928.97000 227.00000 41.86200 192.75700
13 4 21 17 59 52996.30000 18.15600000 1931.13000 227.44000 41.86200 192.75700
13 4 21 17 59 52996.40000 18.19200000 1933.23000 227.53000 41.86200 192.55500
13 4 21 18 00 52994.80000 18.14800000 1933.23000 227.48000 41.86200 192.34000
13 4 21 18 00 53006.70000 18.14800000 1933.23000 227.54000 41.86200 192.34000
13 4 21 18 01 53010.00000 18.14800000 1934.96000 227.53000 42.02900 192.34000
13 4 21 18 01 53007.20000 18.20900000 1934.98000 227.54000 42.02900 192.35600
13 4 21 18 02 53004.20000 18.20900000 1933.38000 227.29000 42.02900 192.55200
13 4 21 18 02 53008.00000 18.20900000 1935.00000 227.37000 42.02900 192.64900
13 4 21 18 02 53014.10000 18.20900000 1936.39000 227.09000 42.02900 192.64900
13 4 21 18 03 53008.70000 18.22000000 1936.20000 227.09000 42.02900 192.64900
13 4 21 18 03 53008.70000 18.22000000 1931.67000 227.06000 42.02900 192.64900
13 4 21 18 04 53004.20000 18.18500000 1932.10000 226.99000 42.02900 192.43800
13 4 21 18 04 53005.00000 18.18500000 1931.19000 226.89000 42.02900 192.43800
13 4 21 18 05 53005.00000 18.21600000 1931.58000 226.60000 42.02900 192.43800
13 4 21 18 05 53005.10000 18.21600000 1930.55000 226.77000 42.02900 192.36800
13 4 21 18 05 53014.00000 18.21600000 1931.19000 226.93000 42.02900 192.36800
13 4 21 18 06 53048.90000 18.17600000 1931.89000 226.91000 42.02900 193.12100
13 4 21 18 06 53074.20000 18.17600000 1932.40000 226.61000 42.02900 193.12100
13 4 21 18 07 53079.00000 18.17300000 1931.57000 226.66000 41.85900 193.12100
13 4 21 18 07 53097.20000 18.17300000 1932.25000 226.73000 41.85900 193.12100
