M=[
18 5 20 10 55 8921.10000 6.22000000 195.89000 41.77000 11.80000 44.39900
18 5 20 10 55 8921.10000 6.22000000 195.89000 41.77000 11.80000 44.39900
18 5 20 10 56 8920.00000 6.22000000 196.06000 41.80000 11.84900 44.39900
18 5 20 10 56 8920.00000 6.22000000 196.06000 41.76000 11.80000 44.39900
18 5 20 10 56 8913.40000 6.22000000 195.97000 41.76000 11.80000 44.39900
18 5 20 10 57 8905.50000 6.22000000 195.97000 41.76000 11.80000 44.39900
18 5 20 10 57 8905.00000 6.22000000 195.74000 41.76000 11.80000 44.39900
18 5 20 10 58 8911.70000 6.22000000 195.90000 41.76000 11.80000 44.39900
18 5 20 10 58 8913.40000 6.22000000 196.05000 41.76000 11.80000 44.39900
18 5 20 10 59 8914.90000 6.22000000 195.99000 41.77000 11.80000 44.39900
18 5 20 10 59 8914.80000 6.22000000 196.11000 41.77000 11.80000 44.39900
18 5 20 11 00 8914.60000 6.22000000 196.11000 41.77000 11.80000 44.39900
18 5 20 11 00 8915.00000 6.22000000 196.13000 41.77000 11.80000 44.39900
18 5 20 11 01 8922.00000 6.22000000 196.09000 41.76000 11.80000 44.39900
18 5 20 11 01 8922.00000 6.22000000 196.12000 41.76000 11.80000 44.39900
18 5 20 11 02 8921.90000 6.22000000 196.27000 41.76000 11.80000 44.39900
18 5 20 11 02 8921.90000 6.22500000 196.27000 41.76000 11.80000 44.39900
18 5 20 11 02 8920.00000 6.22500000 196.20000 41.77000 11.80000 44.39900
18 5 20 11 03 8922.00000 6.22500000 196.31000 41.77000 11.80000 44.39900
18 5 20 11 03 8922.00000 6.22500000 196.32000 41.77000 11.80000 44.39900
18 5 20 11 04 8922.10000 6.22500000 196.39000 41.77000 11.80000 44.39900
18 5 20 11 04 8922.10000 6.22500000 196.41000 41.77000 11.80000 44.52300
18 5 20 11 05 8922.10000 6.22500000 196.41000 41.85000 11.80000 44.52300
18 5 20 11 05 8922.10000 6.22500000 196.27000 41.85000 11.80000 44.52300
18 5 20 11 06 8922.10000 6.22500000 196.57000 41.85000 11.80000 44.52300
18 5 20 11 06 8949.90000 6.22500000 196.62000 41.77000 11.87900 44.52300
18 5 20 11 07 8949.90000 6.22000000 196.56000 41.91000 11.87900 44.52300
18 5 20 11 07 8941.10000 6.22500000 196.59000 41.91000 11.87900 44.56400
18 5 20 11 08 8941.10000 6.22500000 196.59000 41.91000 11.87900 44.56400
18 5 20 11 08 8947.40000 6.22500000 196.59000 41.91000 11.87900 44.56400
18 5 20 11 08 8947.90000 6.23800000 196.59000 41.92000 11.87900 44.52300
18 5 20 11 09 8947.40000 6.23800000 196.47000 41.92000 11.87900 44.56400
18 5 20 11 09 8947.40000 6.23800000 196.49000 41.92000 11.87900 44.56400
18 5 20 11 10 8947.90000 6.24000000 196.66000 41.91000 11.87900 44.56400
18 5 20 11 10 8961.90000 6.24000000 196.59000 41.86000 11.87900 44.51000
18 5 20 11 11 8959.40000 6.24300000 196.69000 41.86000 11.87900 44.51000
18 5 20 11 11 8962.00000 6.24300000 196.67000 41.86000 11.87900 44.51000
18 5 20 11 12 8947.40000 6.24300000 196.60000 41.89000 11.80000 44.51000
18 5 20 11 12 8946.20000 6.24300000 196.59000 41.92000 11.87900 44.51000
18 5 20 11 13 8951.30000 6.24300000 196.60000 41.89000 11.87900 44.51000
18 5 20 11 13 8950.90000 6.24300000 196.11000 41.79000 11.87900 44.51000
18 5 20 11 14 8950.90000 6.24300000 196.32000 41.79000 11.87900 44.51000
18 5 20 11 14 8949.60000 6.24300000 196.38000 41.79000 11.87900 44.51000
18 5 20 11 14 8949.10000 6.24300000 196.19000 41.79000 11.87900 44.51000
18 5 20 11 15 8949.20000 6.24300000 196.19000 41.79000 11.87900 44.51000
18 5 20 11 15 8949.20000 6.24300000 196.19000 41.79000 11.87900 44.51000
18 5 20 11 16 8949.20000 6.24300000 196.43000 41.79000 11.87900 44.51000
18 5 20 11 16 8949.10000 6.24300000 196.37000 41.79000 11.87900 44.51000
18 5 20 11 17 8949.20000 6.24300000 196.39000 41.79000 11.87900 44.40900
18 5 20 11 17 8949.10000 6.24300000 196.38000 41.79000 11.87900 44.40900
18 5 20 11 18 8949.10000 6.24300000 196.38000 41.79000 11.87900 44.40900
18 5 20 11 18 8949.10000 6.24300000 196.24000 41.79000 11.87900 44.40900
18 5 20 11 19 8949.10000 6.24300000 196.24000 41.92000 11.87900 44.40900
18 5 20 11 19 8946.60000 6.24300000 196.26000 41.79000 11.87900 44.51500
18 5 20 11 19 8946.50000 6.24300000 196.31000 41.79000 11.87900 44.51500
18 5 20 11 20 8946.50000 6.24300000 196.28000 41.79000 11.80000 44.40900
18 5 20 11 20 8945.90000 6.24300000 196.27000 41.75000 11.87900 44.51500
18 5 20 11 21 8945.90000 6.24300000 196.26000 41.72000 11.87900 44.51500
18 5 20 11 21 8945.90000 6.24300000 196.27000 41.72000 11.87900 44.40800
18 5 20 11 22 8945.90000 6.24300000 196.43000 41.72000 11.87900 44.40800
18 5 20 11 22 8946.00000 6.24300000 196.47000 41.72000 11.87900 44.40800
18 5 20 11 23 8945.80000 6.24300000 196.47000 41.72000 11.87900 44.40800
18 5 20 11 23 8945.90000 6.24300000 196.28000 41.72000 11.87900 44.51000
18 5 20 11 23 8944.10000 6.24300000 196.28000 41.72000 11.87900 44.40800
18 5 20 11 24 8940.10000 6.24300000 196.28000 41.72000 11.87900 44.51500
18 5 20 11 24 8940.10000 6.24300000 196.28000 41.72000 11.87900 44.51000
18 5 20 11 25 8940.20000 6.24300000 196.20000 41.72000 11.87900 44.40800
18 5 20 11 25 8940.00000 6.24300000 195.96000 41.72000 11.87900 44.40800
18 5 20 11 26 8935.10000 6.24300000 195.96000 41.71000 11.80000 44.40800
18 5 20 11 26 8931.70000 6.24300000 196.15000 41.71000 11.87900 44.40800
18 5 20 11 27 8927.30000 6.24300000 196.13000 41.71000 11.80000 44.40800
18 5 20 11 27 8927.30000 6.24300000 196.03000 41.71000 11.87900 44.40800
18 5 20 11 27 8927.20000 6.24300000 195.96000 41.71000 11.87900 44.40800
18 5 20 11 28 8929.00000 6.24300000 196.02000 41.71000 11.87900 44.40800
18 5 20 11 28 8927.70000 6.24300000 195.85000 41.73000 11.87900 44.40800
18 5 20 11 29 8927.30000 6.24300000 195.96000 41.73000 11.87900 44.40800
18 5 20 11 29 8930.00000 6.24300000 196.04000 41.73000 11.87900 44.51500
18 5 20 11 30 8935.00000 6.24300000 196.25000 41.73000 11.87900 44.40800
18 5 20 11 30 8934.70000 6.24300000 196.25000 41.73000 11.87900 44.40800
18 5 20 11 31 8934.70000 6.24300000 196.25000 41.73000 11.87900 44.40800
18 5 20 11 31 8928.10000 6.24300000 196.25000 41.73000 11.87900 44.51500
18 5 20 11 32 8935.00000 6.24300000 196.25000 41.73000 11.80000 44.40800
18 5 20 11 32 8928.10000 6.24300000 196.17000 41.73000 11.87900 44.40800
18 5 20 11 32 8928.70000 6.24300000 196.17000 41.73000 11.87900 44.40800
18 5 20 11 33 8930.70000 6.25600000 196.14000 41.73000 11.87900 44.40800
18 5 20 11 33 8929.10000 6.25600000 196.18000 41.73000 11.87900 44.40800
18 5 20 11 34 8928.80000 6.24300000 196.18000 41.73000 11.87900 44.40800
18 5 20 11 34 8928.90000 6.25600000 196.20000 41.73000 11.87900 44.40800
18 5 20 11 35 8929.80000 6.25600000 196.18000 41.73000 11.87900 44.40800
18 5 20 11 35 8930.00000 6.25600000 196.18000 41.73000 11.87900 44.40800
18 5 20 11 36 8928.00000 6.25600000 196.22000 41.73000 11.87900 44.40800
18 5 20 11 36 8920.10000 6.25600000 196.22000 41.73000 11.87900 44.40800
18 5 20 11 36 8920.00000 6.25300000 196.22000 41.73000 11.87900 44.40800
18 5 20 11 37 8920.10000 6.25600000 196.22000 41.73000 11.87900 44.51500
18 5 20 11 37 8920.10000 6.25300000 196.11000 41.73000 11.87900 44.40800
18 5 20 11 38 8920.10000 6.25300000 196.12000 41.73000 11.87900 44.40800
18 5 20 11 38 8920.00000 6.25600000 196.12000 41.73000 11.87900 44.40800
18 5 20 11 39 8920.00000 6.25300000 196.01000 41.73000 11.87900 44.34500
18 5 20 11 39 8925.00000 6.25600000 196.01000 41.73000 11.87900 44.34500
18 5 20 11 40 8924.90000 6.25300000 196.01000 41.72000 11.87900 44.34500
18 5 20 11 40 8925.00000 6.25300000 196.04000 41.71000 11.87900 44.34500
18 5 20 11 41 8925.00000 6.25600000 196.00000 41.71000 11.87900 44.34500
18 5 20 11 41 8924.90000 6.25600000 196.03000 41.71000 11.87900 44.34500
18 5 20 11 41 8925.00000 6.25300000 196.04000 41.71000 11.87900 44.34500
18 5 20 11 42 8923.00000 6.25300000 196.03000 41.71000 11.87900 44.34500
18 5 20 11 42 8921.80000 6.25300000 196.01000 41.71000 11.87900 44.34500
18 5 20 11 43 8920.10000 6.25300000 196.01000 41.71000 11.87900 44.34500
18 5 20 11 43 8920.00000 6.25300000 196.05000 41.71000 11.80000 44.34500
18 5 20 11 44 8921.30000 6.25300000 196.05000 41.71000 11.87900 44.34500
