M=[
 6 9 20 01 08 8632.80000 4.52000000 285.04000 40.49000 14.02200 48.07100
 6 9 20 01 08 8621.60000 4.52000000 284.29000 40.49000 14.02200 47.68800
 6 9 20 01 09 8621.40000 4.52000000 283.68000 40.22000 14.02200 47.83400
 6 9 20 01 09 8626.30000 4.52000000 284.56000 40.22000 14.03600 47.83400
 6 9 20 01 10 8627.50000 4.52000000 284.40000 40.22000 13.92600 47.82000
 6 9 20 01 10 8632.00000 4.52000000 284.40000 40.22000 13.92600 47.81200
 6 9 20 01 11 8630.40000 4.52000000 284.40000 40.22000 14.17000 47.81200
 6 9 20 01 11 8625.80000 4.52000000 284.51000 40.22000 14.17000 47.81200
 6 9 20 01 12 8626.30000 4.52000000 284.82000 40.22000 14.17000 47.81200
 6 9 20 01 12 8626.30000 4.52000000 284.94000 40.22000 14.05700 47.81200
 6 9 20 01 12 8633.50000 4.52000000 285.00000 40.22000 14.05700 47.81200
 6 9 20 01 13 8641.50000 4.52000000 286.15000 40.22000 14.04800 47.81200
 6 9 20 01 13 8637.50000 4.52000000 286.15000 40.22000 14.13500 47.81200
 6 9 20 01 14 8639.90000 4.52000000 286.15000 40.22000 14.13500 47.81200
 6 9 20 01 14 8639.90000 4.52000000 286.15000 40.22000 14.13500 47.79400
 6 9 20 01 15 8645.00000 4.52000000 285.51000 40.22000 14.13300 47.85000
 6 9 20 01 15 8645.30000 4.52000000 285.77000 40.22000 14.13300 47.85000
 6 9 20 01 16 8643.00000 4.52000000 285.77000 40.22000 14.13300 47.85000
 6 9 20 01 16 8643.00000 4.52000000 285.77000 40.22000 14.13300 47.85000
 6 9 20 01 16 8641.00000 4.52000000 285.46000 40.22000 14.00200 47.85000
 6 9 20 01 17 8634.50000 4.52000000 285.68000 40.22000 14.00200 47.85000
 6 9 20 01 17 8633.90000 4.52000000 285.24000 40.22000 14.00200 47.85000
 6 9 20 01 18 8632.10000 4.52000000 285.24000 40.22000 14.00200 47.85000
 6 9 20 01 18 8623.20000 4.52000000 285.24000 40.22000 14.00200 47.85000
 6 9 20 01 19 8626.40000 4.52000000 284.75000 40.22000 14.00200 47.85000
 6 9 20 01 19 8623.30000 4.52000000 284.17000 40.22000 14.00200 47.85000
 6 9 20 01 20 8621.40000 4.52000000 284.13000 40.22000 14.00200 47.85000
 6 9 20 01 20 8616.40000 4.52000000 284.41000 40.22000 14.00200 47.85000
 6 9 20 01 20 8615.10000 4.52000000 284.00000 40.22000 14.00200 47.85000
 6 9 20 01 21 8611.30000 4.52000000 283.74000 40.22000 14.00200 47.85000
 6 9 20 01 21 8611.20000 4.52000000 283.91000 40.22000 14.00200 47.55200
 6 9 20 01 22 8611.50000 4.52000000 283.90000 40.22000 14.00200 47.59100
 6 9 20 01 22 8611.50000 4.52000000 284.25000 40.22000 14.00200 47.59100
 6 9 20 01 23 8610.50000 4.52000000 283.69000 40.22000 14.00200 47.59100
 6 9 20 01 23 8617.90000 4.52000000 284.22000 40.22000 14.00200 47.59100
 6 9 20 01 24 8617.80000 4.52000000 284.23000 40.22000 14.00200 47.59100
 6 9 20 01 24 8616.50000 4.52000000 284.32000 40.22000 14.00200 47.59100
 6 9 20 01 24 8617.90000 4.52000000 284.32000 40.22000 14.00200 47.59100
 6 9 20 01 25 8616.70000 4.52000000 284.32000 40.22000 14.00200 47.59100
 6 9 20 01 25 8616.70000 4.52000000 284.32000 40.22000 14.00200 47.59100
 6 9 20 01 26 8616.80000 4.52000000 284.32000 40.22000 14.00200 47.59100
 6 9 20 01 26 8616.50000 4.52000000 284.32000 40.22000 14.00200 47.59100
 6 9 20 01 27 8617.80000 4.52000000 284.66000 40.22000 14.00200 47.59100
 6 9 20 01 27 8617.80000 4.52000000 284.66000 40.22000 14.01000 47.59100
 6 9 20 01 27 8622.00000 4.52000000 284.66000 40.22000 14.01000 47.72400
 6 9 20 01 28 8622.00000 4.52000000 284.66000 40.22000 14.01000 47.72400
 6 9 20 01 28 8618.10000 4.52000000 284.79000 40.22000 14.01000 47.72400
 6 9 20 01 29 8607.90000 4.52000000 284.79000 40.22000 14.01000 47.72400
 6 9 20 01 29 8611.20000 4.52000000 283.97000 40.22000 14.01000 47.79600
 6 9 20 01 30 8616.20000 4.52000000 283.90000 40.22000 14.01000 47.79600
 6 9 20 01 30 8617.00000 4.52000000 283.90000 40.22000 14.01000 47.79600
 6 9 20 01 31 8624.00000 4.52000000 283.90000 40.22000 14.01000 47.79600
 6 9 20 01 31 8617.10000 4.52000000 284.15000 40.22000 14.01000 47.79600
 6 9 20 01 31 8612.50000 4.52000000 284.15000 40.22000 14.01000 47.79600
 6 9 20 01 32 8610.50000 4.52000000 284.15000 40.22000 14.01000 47.79600
 6 9 20 01 32 8605.60000 4.52000000 283.51000 40.21000 14.01000 47.79600
 6 9 20 01 33 8592.40000 4.52000000 282.23000 40.21000 14.01000 47.79600
 6 9 20 01 34 8590.70000 4.52000000 282.72000 40.21000 14.01000 47.79600
 6 9 20 01 34 8587.90000 4.52000000 282.29000 40.21000 14.01000 47.79600
 6 9 20 01 34 8590.20000 4.52000000 282.95000 40.21000 14.01000 47.79600
 6 9 20 01 35 8590.20000 4.52000000 283.24000 40.21000 14.01000 47.79600
 6 9 20 01 35 8591.10000 4.52000000 282.75000 40.21000 14.01000 47.79600
 6 9 20 01 36 8592.10000 4.52000000 282.43000 40.21000 14.01000 47.79600
 6 9 20 01 36 8590.60000 4.52000000 281.92000 40.21000 14.01000 47.79600
 6 9 20 01 37 8585.00000 4.52000000 281.92000 40.21000 14.01000 47.79600
 6 9 20 01 37 8580.50000 4.52000000 281.83000 40.21000 14.01000 47.79600
 6 9 20 01 38 8590.70000 4.52000000 281.85000 40.21000 14.01000 47.34000
 6 9 20 01 38 8590.70000 4.52000000 281.80000 40.21000 14.01000 47.21800
 6 9 20 01 38 8586.90000 4.52000000 281.22000 40.21000 14.01000 47.21800
 6 9 20 01 39 8586.90000 4.52000000 281.24000 40.21000 14.01000 47.21800
 6 9 20 01 39 8586.90000 4.52000000 281.24000 40.21000 14.01000 47.15100
 6 9 20 01 40 8586.90000 4.52000000 281.62000 40.21000 14.01000 47.15100
 6 9 20 01 40 8592.20000 4.52000000 281.62000 40.21000 14.01000 47.15100
 6 9 20 01 41 8590.70000 4.52000000 281.94000 40.09000 14.01000 47.15100
 6 9 20 01 41 8588.40000 4.52000000 281.56000 40.09000 13.87900 47.15100
 6 9 20 01 41 8588.40000 4.52000000 281.67000 40.09000 13.87700 47.15100
 6 9 20 01 42 8588.40000 4.50400000 281.67000 40.09000 13.87700 47.15100
 6 9 20 01 42 8588.30000 4.50400000 281.67000 40.09000 13.87700 47.15100
 6 9 20 01 43 8586.90000 4.50400000 281.67000 40.09000 13.87700 47.15100
 6 9 20 01 43 8586.90000 4.50400000 281.97000 40.09000 13.87700 47.15100
 6 9 20 01 44 8595.20000 4.50400000 281.97000 40.09000 13.87700 47.15100
 6 9 20 01 44 8590.60000 4.50400000 282.19000 40.09000 13.87700 47.15100
 6 9 20 01 45 8590.50000 4.50400000 282.05000 40.10000 13.87700 47.15100
 6 9 20 01 45 8589.10000 4.50400000 282.05000 40.10000 13.87700 47.15100
 6 9 20 01 45 8596.00000 4.50400000 283.06000 40.14000 13.87700 47.15100
 6 9 20 01 46 8596.00000 4.50400000 283.12000 40.16000 13.87700 47.19000
 6 9 20 01 46 8590.40000 4.50400000 282.87000 40.16000 13.87700 47.19000
 6 9 20 01 47 8590.50000 4.50400000 282.87000 40.16000 13.87700 47.19000
 6 9 20 01 47 8596.70000 4.50400000 282.77000 40.16000 13.87700 47.19000
 6 9 20 01 48 8596.70000 4.50400000 282.77000 40.16000 13.87700 47.19000
 6 9 20 01 48 8595.50000 4.50400000 282.72000 40.16000 13.87700 47.19000
 6 9 20 01 48 8601.20000 4.50400000 282.72000 40.16000 13.87700 47.19000
 6 9 20 01 49 8601.20000 4.50400000 282.72000 40.16000 13.87700 47.19000
 6 9 20 01 49 8594.40000 4.50400000 282.72000 40.16000 13.87700 47.19000
 6 9 20 01 50 8594.40000 4.50400000 281.95000 40.16000 13.87700 47.11000
 6 9 20 01 50 8590.50000 4.50400000 281.95000 40.16000 13.87700 47.04600
 6 9 20 01 51 8584.80000 4.50400000 281.08000 40.16000 13.87700 47.04600
 6 9 20 01 51 8585.60000 4.50400000 281.08000 40.16000 13.87700 46.85700
 6 9 20 01 52 8580.00000 4.50400000 280.71000 40.16000 13.87700 46.65300
 6 9 20 01 52 8578.70000 4.50400000 280.02000 40.16000 13.87700 46.52200
 6 9 20 01 53 8578.70000 4.50400000 280.49000 40.16000 13.87700 46.52200
 6 9 20 01 53 8578.70000 4.50400000 280.49000 40.16000 13.87700 46.52200
 6 9 20 01 53 8578.60000 4.50400000 280.63000 40.16000 13.87700 46.52200
 6 9 20 01 54 8573.50000 4.50400000 280.27000 40.16000 13.87700 46.52200
 6 9 20 01 54 8572.10000 4.50400000 280.00000 40.16000 13.87700 46.52200
 6 9 20 01 55 8561.00000 4.48300000 279.97000 39.95000 13.87700 46.52200
 6 9 20 01 55 8563.70000 4.48300000 279.13000 39.95000 13.87700 46.52200
 6 9 20 01 56 8561.10000 4.48300000 278.66000 39.95000 13.87700 46.52200
 6 9 20 01 56 8561.10000 4.48300000 279.60000 39.95000 13.87700 46.52200
