M=[
23 4 21 20 20 42393.70000 26.61800000 1959.89000 199.78000 31.50000 180.44000
23 4 21 20 21 42377.80000 26.59400000 1956.26000 199.67000 31.50000 180.44000
23 4 21 20 21 42342.70000 26.59400000 1956.00000 199.44000 31.50000 180.44000
23 4 21 20 22 42349.00000 26.57300000 1955.76000 199.44000 31.50000 180.51400
23 4 21 20 22 42386.40000 26.57300000 1955.43000 199.50000 31.50000 180.51400
23 4 21 20 22 42401.00000 26.64500000 1953.47000 199.50000 31.50000 180.51400
23 4 21 20 23 42396.30000 26.64500000 1953.47000 199.41000 31.50000 180.60400
23 4 21 20 23 42436.00000 26.71000000 1953.93000 199.65000 31.50000 181.03200
23 4 21 20 24 42438.00000 26.71000000 1955.96000 200.11000 31.50000 181.23600
23 4 21 20 24 42475.90000 26.71000000 1958.45000 199.84000 31.50000 181.23600
23 4 21 20 25 42471.00000 26.76200000 1958.44000 199.73000 31.50000 181.48700
23 4 21 20 25 42438.30000 26.76200000 1954.75000 199.74000 31.50000 181.48700
23 4 21 20 25 42426.30000 26.63500000 1952.30000 199.37000 31.50000 181.48700
23 4 21 20 26 42456.70000 26.63500000 1954.03000 199.44000 31.50000 181.31100
23 4 21 20 26 42456.90000 26.69300000 1953.60000 199.59000 31.50000 181.31100
23 4 21 20 27 42486.20000 26.75400000 1953.54000 199.81000 31.50000 181.31100
23 4 21 20 27 42486.10000 26.75400000 1955.08000 199.39000 31.50000 181.31100
23 4 21 20 28 42486.10000 26.75100000 1955.48000 199.54000 31.50000 181.49800
23 4 21 20 28 42515.10000 26.75100000 1955.49000 199.67000 31.50000 181.49800
23 4 21 20 28 42508.60000 26.75100000 1956.33000 199.62000 31.50000 181.56000
23 4 21 20 29 42508.70000 26.75100000 1957.45000 199.62000 31.50000 181.56000
23 4 21 20 29 42515.10000 26.75100000 1959.03000 199.62000 31.50000 181.56000
23 4 21 20 30 42515.10000 26.72600000 1959.83000 199.85000 31.50000 181.56000
23 4 21 20 30 42521.00000 26.72600000 1960.00000 199.74000 31.50000 181.51100
23 4 21 20 31 42521.00000 26.72600000 1961.67000 199.67000 31.50000 181.51100
23 4 21 20 31 42521.00000 26.72600000 1962.51000 199.75000 31.50000 181.51100
23 4 21 20 31 42521.00000 26.76300000 1962.50000 199.79000 31.50000 181.51100
23 4 21 20 32 42547.80000 26.76300000 1962.74000 199.76000 31.50000 181.51100
23 4 21 20 32 42561.60000 26.76300000 1962.99000 199.76000 31.50000 181.51100
23 4 21 20 33 42566.20000 26.67000000 1963.54000 200.16000 31.55100 181.59700
23 4 21 20 33 42566.10000 26.67000000 1963.99000 200.14000 31.55100 181.62800
23 4 21 20 34 42566.20000 26.67000000 1966.00000 200.23000 31.55100 181.62800
23 4 21 20 34 42557.20000 26.65200000 1968.00000 200.42000 31.55100 181.62800
23 4 21 20 34 42531.10000 26.65200000 1968.80000 200.41000 31.55100 181.62800
23 4 21 20 35 42529.80000 26.65200000 1964.30000 200.41000 31.55100 181.62800
23 4 21 20 35 42488.60000 26.65200000 1963.25000 200.62000 31.55100 181.62800
23 4 21 20 36 42455.90000 26.66400000 1959.02000 200.62000 31.55100 181.20200
23 4 21 20 36 42436.00000 26.66400000 1956.26000 199.95000 31.50100 181.20200
23 4 21 20 37 42396.60000 26.66400000 1953.47000 199.83000 31.50100 181.20200
23 4 21 20 37 42430.40000 26.66400000 1955.05000 200.11000 31.50100 181.20200
23 4 21 20 37 42430.30000 26.66200000 1955.10000 200.11000 31.50100 181.20200
23 4 21 20 38 42430.40000 26.66200000 1955.10000 200.11000 31.50100 181.25500
23 4 21 20 38 42418.30000 26.68000000 1950.20000 199.80000 31.50200 181.25500
23 4 21 20 39 42425.00000 26.68000000 1948.93000 199.89000 31.50200 181.25500
23 4 21 20 39 42399.60000 26.68000000 1948.57000 199.89000 31.50200 181.25500
23 4 21 20 40 42350.10000 26.64200000 1944.65000 199.26000 31.50200 181.25500
23 4 21 20 40 42350.10000 26.55900000 1945.46000 199.26000 31.50200 181.25500
23 4 21 20 40 42353.30000 26.51700000 1946.68000 199.26000 31.41100 181.25500
23 4 21 20 41 42353.30000 26.50500000 1946.70000 199.40000 31.41100 180.92000
23 4 21 20 41 42394.40000 26.47600000 1948.54000 198.93000 31.41100 180.92000
23 4 21 20 42 42394.40000 26.47500000 1948.55000 199.19000 31.41100 180.74900
23 4 21 20 42 42394.40000 26.47500000 1950.94000 199.04000 31.41100 180.74900
23 4 21 20 43 42439.30000 26.47500000 1949.98000 199.14000 31.55100 180.74900
23 4 21 20 43 42424.20000 26.47500000 1949.65000 199.14000 31.55100 180.74900
23 4 21 20 43 42394.40000 26.50500000 1947.84000 199.13000 31.55100 180.81000
23 4 21 20 44 42388.70000 26.50500000 1947.70000 199.13000 31.55100 180.81000
23 4 21 20 44 42388.70000 26.59900000 1946.37000 199.12000 31.41100 180.81000
23 4 21 20 45 42388.70000 26.77500000 1944.46000 199.12000 31.41100 180.81000
23 4 21 20 45 42350.80000 26.72700000 1943.64000 199.03000 31.41100 180.81000
23 4 21 20 46 42350.80000 26.62500000 1942.40000 199.03000 31.41100 180.81000
23 4 21 20 46 42350.80000 26.57300000 1943.14000 199.03000 31.41100 180.81000
23 4 21 20 46 42342.40000 26.57300000 1947.53000 199.03000 31.41100 180.81000
23 4 21 20 47 42342.40000 26.57300000 1948.20000 198.58000 31.55100 179.64500
23 4 21 20 47 42342.40000 26.57300000 1947.26000 198.39000 31.55100 179.64500
23 4 21 20 48 42342.30000 26.35000000 1947.61000 198.55000 31.55100 179.64500
23 4 21 20 48 42320.30000 26.35000000 1941.59000 197.70000 31.55200 179.64500
23 4 21 20 49 42227.80000 26.35000000 1939.03000 197.60000 31.55200 178.70400
23 4 21 20 49 42200.10000 26.16900000 1940.35000 197.61000 31.55200 178.71800
23 4 21 20 49 42096.00000 26.08600000 1936.09000 196.56000 31.55200 178.38500
23 4 21 20 50 42093.90000 26.07100000 1935.47000 196.42000 31.55200 178.10000
23 4 21 20 50 42138.10000 26.10600000 1939.85000 197.17000 31.55200 177.98000
23 4 21 20 51 42136.50000 26.14400000 1944.10000 197.41000 31.55200 177.98000
23 4 21 20 51 42136.50000 26.13000000 1941.42000 197.28000 31.55200 177.98000
23 4 21 20 52 42164.60000 26.13000000 1943.78000 197.21000 31.55200 178.21700
23 4 21 20 52 42168.40000 26.22000000 1944.57000 197.35000 31.55200 178.21700
23 4 21 20 52 42168.40000 26.13700000 1941.87000 197.35000 31.55200 178.57100
23 4 21 20 53 42086.80000 26.09400000 1937.36000 196.87000 31.55200 178.05100
23 4 21 20 53 42008.30000 25.98800000 1931.46000 196.27000 31.55200 177.49700
23 4 21 20 54 42019.90000 25.93500000 1929.79000 196.38000 31.55200 177.31900
23 4 21 20 54 41936.20000 25.86700000 1922.36000 195.58000 31.55200 176.60000
23 4 21 20 55 41952.90000 25.87400000 1926.50000 196.30000 31.55200 176.85800
23 4 21 20 55 41984.80000 25.87400000 1930.00000 196.49000 31.55200 176.85800
23 4 21 20 55 41971.20000 25.87400000 1932.82000 196.46000 31.55200 177.38500
23 4 21 20 56 41971.10000 25.87400000 1931.77000 196.11000 31.55200 177.18400
23 4 21 20 56 41971.10000 25.87400000 1931.79000 196.17000 31.55200 177.18400
23 4 21 20 57 41971.20000 25.87400000 1933.86000 196.00000 31.55200 177.18400
23 4 21 20 57 41999.90000 25.87400000 1936.84000 196.12000 31.55200 177.18400
23 4 21 20 58 41993.80000 25.87400000 1932.81000 195.83000 31.55200 177.18400
23 4 21 20 58 41941.80000 25.93700000 1930.80000 195.53000 31.55200 177.18400
23 4 21 20 58 41907.40000 25.93700000 1926.91000 195.53000 31.55200 177.06000
23 4 21 20 59 41910.20000 25.93700000 1926.28000 195.37000 31.55200 177.06000
23 4 21 20 59 41910.30000 25.94500000 1928.00000 195.00000 31.55200 177.06500
23 4 21 21 00 41933.30000 25.94500000 1929.07000 195.48000 31.55200 177.06500
23 4 21 21 00 42000.00000 26.05400000 1933.67000 195.71000 31.55200 177.06500
23 4 21 21 01 42039.60000 26.05400000 1936.69000 195.97000 31.55200 177.06500
23 4 21 21 01 42058.60000 26.01100000 1937.24000 196.13000 31.55200 177.06500
23 4 21 21 01 42075.30000 26.01100000 1941.04000 196.53000 31.55200 177.06500
23 4 21 21 02 42123.70000 26.01100000 1943.11000 196.48000 31.55200 177.06500
23 4 21 21 02 42100.30000 26.01100000 1943.20000 196.48000 31.75000 177.06500
23 4 21 21 03 42065.30000 26.15000000 1943.51000 196.80000 31.75000 177.06500
23 4 21 21 03 42062.60000 26.15000000 1941.91000 196.18000 31.75000 177.06500
23 4 21 21 04 42068.70000 26.15000000 1941.90000 196.00000 31.75000 177.06500
