M=[
11 9 20 14 44 8708.60000 4.34000000 310.18000 41.08000 14.01000 52.47300
11 9 20 14 44 8710.00000 4.34000000 310.18000 41.09000 14.01000 52.47300
11 9 20 14 45 8719.80000 4.34000000 310.42000 41.09000 14.01000 52.61000
11 9 20 14 45 8718.50000 4.34000000 310.55000 41.09000 14.01000 52.61000
11 9 20 14 46 8720.00000 4.34000000 310.80000 41.09000 14.01000 52.61000
11 9 20 14 46 8724.00000 4.34000000 310.99000 41.09000 14.01000 52.61000
11 9 20 14 47 8724.00000 4.34000000 311.15000 41.09000 14.01000 52.61000
11 9 20 14 47 8723.60000 4.34000000 311.15000 41.09000 14.01000 52.70500
11 9 20 14 48 8723.60000 4.34000000 311.15000 41.09000 14.01000 52.70500
11 9 20 14 48 8723.50000 4.34000000 310.66000 41.09000 14.01000 52.70500
11 9 20 14 48 8723.60000 4.34000000 310.66000 41.09000 14.01000 52.70500
11 9 20 14 49 8723.60000 4.34000000 310.99000 41.09000 14.01000 52.70500
11 9 20 14 49 8723.60000 4.34000000 310.99000 41.09000 14.01000 52.70500
11 9 20 14 50 8722.70000 4.34000000 310.85000 41.09000 14.01700 52.70500
11 9 20 14 50 8722.60000 4.34000000 310.60000 41.09000 14.01700 52.70500
11 9 20 14 51 8723.50000 4.34000000 310.98000 41.09000 14.01700 52.70500
11 9 20 14 51 8724.00000 4.34000000 310.98000 41.09000 14.01700 52.70500
11 9 20 14 51 8723.90000 4.34000000 311.00000 41.22000 14.01700 52.70500
11 9 20 14 52 8723.60000 4.34000000 311.00000 41.22000 14.01700 52.70500
11 9 20 14 52 8722.60000 4.34000000 310.91000 41.22000 14.01700 52.70500
11 9 20 14 53 8722.70000 4.34000000 310.82000 41.22000 14.01700 52.70500
11 9 20 14 53 8722.70000 4.34000000 310.82000 41.22000 14.01700 52.70500
11 9 20 14 54 8722.70000 4.41100000 310.90000 41.22000 14.01700 52.70500
11 9 20 14 54 8722.70000 4.41100000 311.00000 41.22000 14.01700 52.70500
11 9 20 14 54 8722.70000 4.41100000 311.22000 41.22000 14.01700 52.70500
11 9 20 14 55 8722.60000 4.41100000 311.27000 41.22000 14.01700 52.70500
11 9 20 14 55 8722.70000 4.41100000 311.27000 41.22000 14.01700 52.70500
11 9 20 14 56 8722.60000 4.41100000 311.21000 41.22000 14.01700 52.70500
11 9 20 14 56 8722.70000 4.41100000 311.21000 41.22000 14.01700 52.70500
11 9 20 14 57 8722.70000 4.41100000 311.00000 41.22000 14.01700 52.70500
11 9 20 14 57 8722.70000 4.41100000 311.00000 41.22000 14.01700 52.70500
11 9 20 14 58 8722.70000 4.41100000 311.00000 41.23000 14.01700 52.70500
11 9 20 14 58 8722.60000 4.41100000 311.00000 41.23000 14.01700 52.70500
11 9 20 14 58 8720.10000 4.41100000 310.73000 41.23000 14.01700 52.70500
11 9 20 14 59 8720.40000 4.41100000 310.61000 41.20000 14.01700 52.70500
11 9 20 14 59 8720.40000 4.41100000 310.61000 41.20000 14.01700 52.70500
11 9 20 15 00 8720.40000 4.41100000 310.85000 41.20000 14.01700 52.70000
11 9 20 15 00 8723.80000 4.41100000 310.85000 41.20000 14.07100 52.70000
11 9 20 15 01 8724.20000 4.41100000 310.86000 41.20000 14.07100 52.70000
11 9 20 15 01 8722.90000 4.41100000 310.96000 41.20000 14.07100 52.70000
11 9 20 15 01 8722.80000 4.41100000 310.96000 41.20000 14.07100 52.70000
11 9 20 15 02 8722.00000 4.41100000 310.93000 41.23000 14.07100 52.70000
11 9 20 15 02 8721.90000 4.41100000 310.93000 41.23000 14.07100 52.70000
11 9 20 15 03 8722.00000 4.41100000 311.29000 41.23000 14.07100 52.70000
11 9 20 15 03 8722.70000 4.41100000 311.80000 41.30000 14.07100 52.78000
11 9 20 15 04 8730.00000 4.41100000 312.75000 41.30000 14.07100 52.78000
11 9 20 15 04 8730.00000 4.41000000 312.81000 41.30000 14.07200 52.78000
11 9 20 15 05 8732.40000 4.41000000 313.07000 41.35000 14.07200 52.78000
11 9 20 15 05 8732.50000 4.41000000 313.15000 41.35000 14.07200 52.78000
11 9 20 15 05 8731.70000 4.41000000 312.96000 41.35000 14.07200 52.78000
11 9 20 15 06 8739.40000 4.42600000 312.95000 41.35000 14.07200 52.78000
11 9 20 15 06 8744.80000 4.42600000 313.75000 41.35000 14.07200 53.00000
11 9 20 15 07 8743.60000 4.42600000 313.89000 41.35000 14.07200 53.00000
11 9 20 15 07 8742.20000 4.42600000 313.89000 41.32000 14.07200 52.98700
11 9 20 15 08 8739.20000 4.42600000 313.21000 41.32000 14.07200 52.98700
11 9 20 15 08 8741.30000 4.42600000 313.47000 41.32000 14.07200 52.98700
11 9 20 15 09 8739.30000 4.42600000 313.26000 41.32000 14.07200 52.98700
11 9 20 15 09 8739.30000 4.42600000 313.32000 41.32000 14.07200 53.00000
11 9 20 15 09 8739.20000 4.42600000 313.26000 41.32000 14.07200 53.00000
11 9 20 15 10 8739.20000 4.42600000 312.98000 41.32000 14.07200 53.00000
11 9 20 15 10 8749.00000 4.42600000 313.31000 41.32000 14.07200 53.00000
11 9 20 15 11 8749.00000 4.42600000 313.44000 41.32000 14.07200 53.00000
11 9 20 15 11 8749.00000 4.42600000 313.44000 41.32000 14.07200 53.00000
11 9 20 15 12 8744.50000 4.42600000 313.12000 41.32000 14.07200 53.00000
11 9 20 15 12 8742.00000 4.42600000 312.65000 41.32000 14.07200 53.00000
11 9 20 15 12 8741.40000 4.42600000 312.71000 41.32000 14.07200 53.00000
11 9 20 15 13 8741.10000 4.42600000 312.76000 41.32000 14.07200 53.00000
11 9 20 15 13 8748.80000 4.42600000 312.76000 41.32000 14.07200 53.00000
11 9 20 15 14 8748.90000 4.42600000 312.76000 41.32000 14.07200 53.00000
11 9 20 15 14 8748.90000 4.42700000 312.98000 41.32000 14.07200 53.00000
11 9 20 15 15 8746.80000 4.42700000 313.27000 41.32000 14.07200 53.00000
11 9 20 15 15 8746.80000 4.42700000 313.13000 41.32000 14.07200 53.00000
11 9 20 15 16 8746.80000 4.42700000 312.58000 41.18000 14.07200 53.00000
11 9 20 15 16 8746.80000 4.42700000 312.58000 41.18000 14.07200 53.00000
11 9 20 15 16 8746.70000 4.42700000 312.73000 41.18000 14.07200 53.00000
11 9 20 15 17 8746.70000 4.42700000 312.69000 41.18000 14.07200 53.00000
11 9 20 15 17 8745.10000 4.42000000 312.78000 41.18000 14.07200 53.00000
11 9 20 15 18 8739.30000 4.42000000 312.78000 41.18000 14.07200 53.00000
11 9 20 15 18 8739.30000 4.42000000 312.58000 41.18000 14.07200 53.00000
11 9 20 15 19 8742.00000 4.36400000 313.01000 41.18000 14.07200 53.00000
11 9 20 15 19 8743.90000 4.36400000 312.85000 41.18000 14.07200 53.00000
11 9 20 15 19 8743.50000 4.36400000 313.03000 41.23000 14.07200 52.70400
11 9 20 15 20 8746.10000 4.36800000 313.37000 41.23000 14.07200 52.70400
11 9 20 15 20 8743.90000 4.36800000 313.38000 41.23000 14.07200 52.70400
11 9 20 15 21 8743.60000 4.36800000 313.37000 41.23000 14.07200 52.65000
11 9 20 15 21 8742.20000 4.36800000 312.64000 41.23000 14.07200 52.65000
11 9 20 15 22 8742.10000 4.36800000 312.99000 41.23000 14.07200 52.65000
11 9 20 15 22 8739.10000 4.36800000 312.86000 41.23000 14.07200 52.65000
11 9 20 15 23 8739.10000 4.36800000 312.86000 41.23000 14.07200 52.65000
11 9 20 15 23 8739.10000 4.36800000 313.06000 41.23000 14.07200 52.65000
11 9 20 15 23 8742.20000 4.36800000 313.59000 41.23000 14.07200 52.80500
11 9 20 15 24 8744.30000 4.36800000 313.74000 41.23000 14.07200 52.80500
11 9 20 15 24 8745.70000 4.36800000 313.64000 41.23000 14.07200 52.80500
11 9 20 15 25 8744.00000 4.36800000 313.87000 41.23000 14.07200 52.80500
11 9 20 15 25 8743.40000 4.36800000 313.50000 41.23000 14.07200 52.73800
11 9 20 15 26 8739.20000 4.38400000 313.07000 41.23000 14.07200 52.73800
11 9 20 15 26 8742.00000 4.38400000 313.05000 41.23000 14.07200 52.73800
11 9 20 15 26 8741.10000 4.48300000 313.27000 41.23000 14.07200 52.73800
11 9 20 15 27 8741.10000 4.48300000 313.27000 41.13000 14.07200 52.73800
11 9 20 15 27 8740.90000 4.40900000 313.30000 41.13000 14.07200 52.73800
11 9 20 15 28 8742.90000 4.40900000 313.45000 41.13000 14.07200 52.73800
11 9 20 15 28 8742.20000 4.40900000 313.45000 41.13000 14.07200 52.73800
11 9 20 15 29 8742.20000 4.40900000 313.21000 41.13000 14.07200 52.73800
11 9 20 15 29 8742.30000 4.40900000 313.14000 41.13000 14.07200 52.73800
11 9 20 15 29 8742.30000 4.40900000 313.18000 41.13000 14.07200 52.73800
11 9 20 15 30 8742.30000 4.40900000 313.01000 41.13000 14.07200 52.72600
11 9 20 15 30 8739.20000 4.40900000 313.00000 41.13000 14.07200 52.72600
11 9 20 15 31 8740.80000 4.40900000 313.00000 41.13000 14.07200 52.72600
11 9 20 15 31 8741.40000 4.40900000 313.08000 41.13000 14.07200 52.72600
