M=[
 3 5 21 01 36 47999.00000 37.05300000 2491.99000 226.56000 34.42300 205.55800
 3 5 21 01 36 47999.00000 37.05300000 2491.99000 226.56000 34.42300 205.55800
 3 5 21 01 37 47997.80000 37.05300000 2491.99000 226.56000 34.42300 205.55800
 3 5 21 01 37 47997.90000 37.05300000 2491.99000 226.56000 34.42300 205.55800
 3 5 21 01 38 47997.90000 37.05300000 2491.99000 226.56000 34.42300 205.55800
 3 5 21 01 38 47997.90000 37.05300000 2491.99000 226.79000 34.42300 205.55800
 3 5 21 01 39 48101.10000 37.05300000 2494.99000 226.58000 34.42300 205.55800
 3 5 21 01 39 48066.50000 37.05300000 2494.79000 226.58000 34.42300 205.55800
 3 5 21 01 39 48093.50000 37.05300000 2495.99000 226.92000 34.42300 205.55800
 3 5 21 01 40 48134.40000 37.05300000 2499.97000 227.09000 34.42300 205.55800
 3 5 21 01 40 48219.30000 37.23000000 2500.00000 227.31000 34.42300 205.55800
 3 5 21 01 41 48266.00000 37.28900000 2505.00000 227.75000 34.42300 205.55800
 3 5 21 01 41 48364.30000 37.40500000 2509.00000 227.98000 34.69700 205.55800
 3 5 21 01 42 48369.10000 37.40500000 2509.28000 227.99000 34.69700 205.55800
 3 5 21 01 42 48310.00000 37.40500000 2507.21000 227.94000 34.69700 205.54600
 3 5 21 01 42 48305.00000 37.40500000 2509.50000 227.94000 34.69700 205.54600
 3 5 21 01 43 48321.10000 37.40500000 2511.50000 228.20000 34.69700 205.54600
 3 5 21 01 43 48311.80000 37.39500000 2511.48000 227.89000 34.69700 205.54600
 3 5 21 01 44 48281.70000 37.39500000 2510.59000 227.70000 34.69700 205.54600
 3 5 21 01 44 48287.60000 37.39500000 2510.59000 227.73000 34.69700 205.54600
 3 5 21 01 45 48281.20000 37.39500000 2508.86000 227.75000 34.69700 205.54600
 3 5 21 01 45 48281.50000 37.39500000 2508.86000 227.68000 34.69700 205.54600
 3 5 21 01 45 48273.60000 37.39500000 2509.03000 227.68000 34.69700 205.62700
 3 5 21 01 46 48231.70000 37.39500000 2506.10000 227.62000 34.69700 205.62700
 3 5 21 01 46 48229.10000 37.39500000 2503.61000 227.62000 34.69700 205.62700
 3 5 21 01 47 48228.90000 37.39500000 2506.33000 227.37000 34.69700 205.62700
 3 5 21 01 47 48232.50000 37.39500000 2506.33000 227.37000 34.69700 205.62700
 3 5 21 01 48 48233.30000 37.39500000 2507.19000 227.37000 34.69700 205.62700
 3 5 21 01 48 48263.10000 37.39500000 2507.87000 227.37000 34.69700 205.62700
 3 5 21 01 48 48264.40000 37.39500000 2507.87000 227.37000 34.69700 205.62700
 3 5 21 01 49 48264.50000 37.32400000 2509.33000 227.37000 34.69700 205.62700
 3 5 21 01 49 48270.90000 37.32400000 2509.43000 227.37000 34.69700 205.62700
 3 5 21 01 50 48273.10000 37.32400000 2509.11000 227.61000 34.69700 205.62700
 3 5 21 01 50 48268.10000 37.32400000 2507.64000 227.61000 34.69700 205.62700
 3 5 21 01 51 48265.10000 37.32400000 2507.64000 227.61000 34.69700 205.62700
 3 5 21 01 51 48265.10000 37.32400000 2508.10000 227.61000 34.69700 205.62700
 3 5 21 01 51 48275.10000 37.32400000 2507.56000 227.64000 34.69700 205.62700
 3 5 21 01 52 48265.10000 37.32400000 2504.96000 227.64000 34.69700 205.62700
 3 5 21 01 52 48265.00000 37.32400000 2502.19000 227.64000 34.69700 205.62700
 3 5 21 01 53 48265.10000 37.32400000 2502.46000 227.64000 34.69700 205.62700
 3 5 21 01 53 48245.00000 37.32400000 2505.31000 227.64000 34.69700 205.62700
 3 5 21 01 54 48256.00000 37.32400000 2505.31000 227.39000 34.69700 205.62700
 3 5 21 01 54 48244.40000 37.32400000 2505.24000 227.39000 34.69700 205.62700
 3 5 21 01 54 48244.40000 37.32400000 2507.42000 227.31000 34.69700 205.62700
 3 5 21 01 55 48270.10000 37.32400000 2507.10000 227.31000 34.69700 205.62700
 3 5 21 01 55 48254.20000 37.32400000 2505.45000 227.31000 34.69700 205.62700
 3 5 21 01 56 48249.30000 37.40900000 2505.71000 227.31000 34.69700 205.62700
 3 5 21 01 56 48249.30000 37.40900000 2506.13000 227.31000 34.69700 205.62700
 3 5 21 01 57 48262.50000 37.40900000 2506.13000 227.31000 34.69700 205.62700
 3 5 21 01 57 48234.60000 37.40900000 2507.19000 227.56000 34.69700 205.62700
 3 5 21 01 57 48234.70000 37.40900000 2507.08000 227.56000 34.69700 206.69200
 3 5 21 01 58 48230.00000 37.40900000 2509.05000 227.56000 34.69700 206.69200
 3 5 21 01 58 48227.60000 37.40900000 2509.04000 227.56000 34.69700 206.69200
 3 5 21 01 59 48215.60000 37.40900000 2509.04000 227.50000 34.69700 206.69200
 3 5 21 01 59 48215.60000 37.41000000 2508.99000 227.50000 34.69700 206.69200
 3 5 21 02 00 48219.30000 37.41000000 2509.22000 227.50000 34.69700 206.69200
 3 5 21 02 00 48276.50000 37.41000000 2511.70000 227.50000 34.69700 206.69200
 3 5 21 02 00 48298.30000 37.49200000 2513.25000 227.50000 34.69700 206.69200
 3 5 21 02 01 48321.70000 37.52200000 2510.39000 227.50000 34.69700 206.69200
 3 5 21 02 01 48291.80000 37.52200000 2507.46000 227.50000 34.69700 206.69200
 3 5 21 02 02 48285.00000 37.46500000 2508.49000 227.50000 34.69700 206.69200
 3 5 21 02 02 48287.60000 37.46500000 2509.90000 227.50000 34.69700 206.69200
 3 5 21 02 03 48289.80000 37.46500000 2511.83000 227.50000 34.69700 206.99900
 3 5 21 02 03 48272.00000 37.54300000 2510.48000 227.65000 34.65100 206.99900
 3 5 21 02 03 48257.00000 37.54300000 2510.69000 227.65000 34.65100 206.99900
 3 5 21 02 04 48212.20000 37.54300000 2508.09000 227.65000 34.65100 206.99900
 3 5 21 02 04 48207.60000 37.44200000 2507.91000 227.65000 34.65100 206.99900
 3 5 21 02 05 48268.60000 37.44200000 2509.52000 227.65000 34.65100 206.99900
 3 5 21 02 05 48233.10000 37.44200000 2507.71000 227.65000 34.65100 207.00000
 3 5 21 02 06 48233.10000 37.44200000 2507.71000 227.65000 34.65100 207.38800
 3 5 21 02 06 48232.80000 37.44200000 2507.71000 227.65000 34.65100 207.38800
 3 5 21 02 06 48187.90000 37.44200000 2504.94000 227.65000 34.65100 207.38800
 3 5 21 02 07 48180.00000 37.44200000 2504.94000 227.44000 34.65100 207.38800
 3 5 21 02 07 48193.90000 37.44200000 2506.61000 227.44000 34.65100 206.99900
 3 5 21 02 08 48181.30000 37.39900000 2506.18000 227.51000 34.65100 206.99900
 3 5 21 02 08 48180.80000 37.36400000 2506.00000 227.39000 34.65100 206.99900
 3 5 21 02 09 48173.00000 37.36400000 2506.16000 227.39000 34.65100 206.99900
 3 5 21 02 09 48156.00000 37.36400000 2504.89000 227.39000 34.65100 206.99900
 3 5 21 02 09 48130.50000 37.36400000 2502.21000 227.27000 34.65100 206.99900
 3 5 21 02 10 48154.90000 37.37600000 2504.45000 227.42000 34.65100 206.99900
 3 5 21 02 10 48204.10000 37.36700000 2504.85000 227.47000 34.65100 206.99900
 3 5 21 02 11 48181.20000 37.36700000 2504.85000 227.47000 34.65100 206.99900
 3 5 21 02 11 48160.10000 37.36700000 2505.80000 227.25000 34.65100 206.99900
 3 5 21 02 12 48148.20000 37.36700000 2505.80000 226.93000 34.69700 206.99900
 3 5 21 02 12 48178.70000 37.36700000 2504.51000 227.21000 34.69700 206.99900
 3 5 21 02 12 48194.00000 37.36700000 2506.47000 227.21000 34.69700 206.99900
 3 5 21 02 13 48228.90000 37.39600000 2505.83000 227.21000 34.69700 206.99900
 3 5 21 02 13 48260.90000 37.39600000 2507.52000 227.32000 34.69700 206.99900
 3 5 21 02 14 48260.90000 37.39600000 2506.19000 227.32000 34.69700 206.99900
 3 5 21 02 14 48228.50000 37.39600000 2504.03000 227.30000 34.69700 206.99900
 3 5 21 02 15 48203.40000 37.39600000 2504.03000 227.30000 34.69700 206.99900
 3 5 21 02 15 48216.20000 37.39600000 2503.85000 227.09000 34.69700 206.99900
 3 5 21 02 15 48198.50000 37.39600000 2503.62000 227.14000 34.69700 206.99900
 3 5 21 02 16 48197.60000 37.39600000 2505.47000 227.14000 34.69700 206.99900
 3 5 21 02 16 48202.60000 37.39600000 2505.79000 227.14000 34.69700 206.99900
 3 5 21 02 17 48206.00000 37.39600000 2505.79000 227.14000 34.69700 206.99900
 3 5 21 02 17 48242.60000 37.39600000 2506.66000 227.14000 34.69700 206.99900
 3 5 21 02 18 48250.00000 37.39600000 2506.66000 227.14000 34.69700 206.99900
 3 5 21 02 18 48250.00000 37.39600000 2506.66000 227.14000 34.69700 206.99900
 3 5 21 02 18 48249.90000 37.39600000 2507.83000 227.14000 34.69700 206.99900
 3 5 21 02 19 48245.70000 37.39600000 2507.84000 227.14000 34.69700 206.99900
 3 5 21 02 19 48245.70000 37.39600000 2507.54000 227.14000 34.69700 206.99900
