M=[
 9 7 21 21 56 28570.60000 42.54800000 1811.82000 113.59000 17.00200 94.58300
 9 7 21 21 56 28575.20000 42.54800000 1811.82000 113.59000 17.00200 94.58300
 9 7 21 21 57 28576.80000 42.54800000 1811.17000 113.59000 17.00200 94.58300
 9 7 21 21 57 28568.60000 42.54800000 1811.17000 113.59000 17.00200 94.14200
 9 7 21 21 57 28578.10000 42.54800000 1812.04000 113.59000 17.00200 94.14200
 9 7 21 21 58 28578.10000 42.54800000 1812.04000 113.59000 17.00200 94.14200
 9 7 21 21 58 28564.10000 42.54800000 1812.04000 113.53000 17.00200 94.14200
 9 7 21 21 59 28576.10000 42.54800000 1810.43000 113.58000 17.00200 94.14200
 9 7 21 21 59 28578.10000 42.54800000 1811.76000 113.57000 17.00200 94.14200
 9 7 21 22 00 28563.70000 42.54800000 1811.76000 113.57000 17.00200 94.14200
 9 7 21 22 00 28578.20000 42.40200000 1811.76000 113.67000 17.00200 94.14200
 9 7 21 22 00 28580.60000 42.40200000 1811.82000 113.67000 17.00200 94.07300
 9 7 21 22 01 28595.00000 42.40200000 1813.10000 113.62000 17.00200 94.07300
 9 7 21 22 01 28594.90000 42.40200000 1812.19000 113.62000 17.00200 94.07300
 9 7 21 22 02 28622.10000 42.36800000 1813.82000 113.62000 17.00200 94.07300
 9 7 21 22 02 28622.10000 42.36800000 1813.51000 113.62000 17.00200 94.07300
 9 7 21 22 03 28617.80000 42.36800000 1813.96000 113.62000 16.92300 94.07300
 9 7 21 22 03 28602.00000 42.36800000 1813.39000 113.62000 16.92300 94.07300
 9 7 21 22 03 28611.90000 42.36800000 1812.77000 113.62000 16.92300 94.07300
 9 7 21 22 04 28614.70000 42.36800000 1814.79000 113.62000 16.92300 94.07300
 9 7 21 22 04 28600.30000 42.36800000 1813.20000 113.62000 16.92300 94.07300
 9 7 21 22 05 28606.50000 42.36800000 1813.20000 113.62000 16.92300 94.07300
 9 7 21 22 05 28602.90000 42.36800000 1813.20000 113.62000 16.92300 94.07300
 9 7 21 22 06 28608.10000 42.36800000 1815.34000 113.62000 16.92300 94.07300
 9 7 21 22 06 28600.10000 42.36800000 1815.34000 113.62000 16.92300 94.07300
 9 7 21 22 06 28593.70000 42.36800000 1815.34000 113.62000 16.91600 94.07300
 9 7 21 22 07 28586.50000 42.36800000 1813.05000 113.62000 16.91600 94.07300
 9 7 21 22 07 28582.40000 42.36800000 1812.99000 113.62000 16.91600 94.07300
 9 7 21 22 08 28578.60000 42.36800000 1812.99000 113.62000 16.91600 94.07300
 9 7 21 22 08 28578.60000 42.36800000 1814.18000 113.62000 16.91600 94.07300
 9 7 21 22 09 28578.60000 42.36800000 1814.31000 113.62000 16.91600 94.07300
 9 7 21 22 09 28583.80000 42.39000000 1814.31000 113.62000 16.91600 94.07300
 9 7 21 22 09 28583.70000 42.39000000 1814.14000 113.62000 16.91600 94.07300
 9 7 21 22 10 28580.00000 42.39000000 1814.14000 113.62000 16.91600 94.07300
 9 7 21 22 10 28568.10000 42.39000000 1814.14000 113.62000 16.91600 94.07300
 9 7 21 22 11 28568.00000 42.39000000 1814.14000 113.62000 16.91600 94.07300
 9 7 21 22 11 28568.00000 42.39000000 1813.34000 113.62000 16.91600 94.07300
 9 7 21 22 12 28560.00000 42.39000000 1812.16000 113.62000 16.91600 94.07300
 9 7 21 22 12 28560.00000 42.39000000 1812.16000 113.62000 16.91600 94.07300
 9 7 21 22 13 28560.00000 42.51700000 1812.16000 113.62000 16.91600 94.07300
 9 7 21 22 13 28560.00000 42.51700000 1812.16000 113.62000 16.91600 94.07300
 9 7 21 22 13 28559.90000 42.51700000 1813.87000 113.62000 16.91600 94.07300
 9 7 21 22 14 28572.00000 42.51700000 1813.87000 113.62000 16.91600 94.07300
 9 7 21 22 14 28572.20000 42.51700000 1814.98000 113.89000 16.91600 94.07300
 9 7 21 22 15 28578.10000 42.51700000 1815.00000 113.89000 16.91600 94.07300
 9 7 21 22 15 28585.70000 42.51700000 1815.00000 113.89000 16.91600 94.07300
 9 7 21 22 16 28585.40000 42.51700000 1815.01000 113.89000 16.91600 94.07300
 9 7 21 22 16 28573.70000 42.51700000 1815.00000 113.89000 16.91600 94.07300
 9 7 21 22 16 28562.40000 42.51700000 1815.00000 113.89000 16.91600 94.07300
 9 7 21 22 17 28569.40000 42.51700000 1814.00000 113.89000 16.91600 94.07300
 9 7 21 22 17 28563.00000 42.51700000 1812.88000 113.89000 16.91600 94.07300
 9 7 21 22 18 28563.10000 42.51700000 1813.42000 113.89000 16.91600 94.07300
 9 7 21 22 18 28562.40000 42.51700000 1813.42000 113.89000 16.91600 94.07300
 9 7 21 22 19 28564.00000 42.51700000 1813.42000 113.74000 16.91600 93.99900
 9 7 21 22 19 28563.00000 42.51700000 1813.42000 113.74000 16.91600 93.99900
 9 7 21 22 19 28560.00000 42.51700000 1813.16000 113.74000 16.91600 93.99900
 9 7 21 22 20 28566.70000 42.51700000 1813.16000 113.74000 16.78400 93.99900
 9 7 21 22 20 28566.70000 42.51700000 1813.78000 113.74000 16.78400 93.99900
 9 7 21 22 21 28559.90000 42.51700000 1813.78000 113.74000 16.78400 93.99900
 9 7 21 22 21 28535.20000 42.51700000 1813.78000 113.76000 16.78400 93.99900
 9 7 21 22 22 28556.00000 42.51700000 1813.78000 113.76000 16.78400 93.99900
 9 7 21 22 22 28549.50000 42.51700000 1813.78000 113.76000 16.78400 93.99900
 9 7 21 22 22 28557.80000 42.51700000 1813.78000 113.77000 16.78400 93.99900
 9 7 21 22 23 28562.00000 42.51700000 1814.73000 113.89000 16.78400 93.99900
 9 7 21 22 23 28574.20000 42.51700000 1817.02000 114.00000 16.78400 93.99900
 9 7 21 22 24 28574.10000 42.51700000 1819.97000 114.00000 16.78400 93.99900
 9 7 21 22 24 28574.30000 42.51700000 1819.97000 114.10000 16.78400 93.99900
 9 7 21 22 25 28577.40000 42.51700000 1820.46000 114.13000 16.78400 93.99900
 9 7 21 22 25 28577.30000 42.51700000 1820.09000 114.15000 16.78400 93.99900
 9 7 21 22 25 28577.40000 42.51700000 1820.20000 114.05000 16.78400 93.99900
 9 7 21 22 26 28585.90000 42.51700000 1820.79000 114.08000 16.78400 93.99900
 9 7 21 22 26 28595.10000 42.51700000 1821.63000 114.08000 16.78400 93.99900
 9 7 21 22 27 28595.20000 42.51700000 1822.86000 114.08000 16.78400 93.99900
 9 7 21 22 27 28595.20000 42.51700000 1820.92000 114.08000 16.78400 93.99900
 9 7 21 22 28 28595.20000 42.51700000 1822.00000 114.16000 16.78400 93.99900
 9 7 21 22 28 28596.30000 42.51700000 1821.71000 114.15000 16.78400 93.99900
 9 7 21 22 28 28596.30000 42.51700000 1821.94000 114.15000 16.78400 93.99900
 9 7 21 22 29 28596.20000 42.73100000 1821.94000 114.21000 16.78400 93.99900
 9 7 21 22 29 28596.20000 42.73100000 1821.94000 114.23000 16.78400 93.99900
 9 7 21 22 30 28596.20000 42.63900000 1823.55000 114.31000 16.78400 93.99900
 9 7 21 22 30 28606.60000 42.63900000 1826.97000 114.31000 16.78400 93.99900
 9 7 21 22 31 28613.90000 42.63900000 1825.46000 114.31000 16.78400 93.99900
 9 7 21 22 31 28622.10000 42.63900000 1824.74000 114.31000 16.78400 93.99900
 9 7 21 22 31 28622.20000 42.63900000 1825.79000 114.32000 16.80300 93.99900
 9 7 21 22 32 28652.60000 42.63900000 1824.44000 114.28000 16.80300 93.99900
 9 7 21 22 32 28652.50000 42.63900000 1824.68000 114.46000 16.80300 93.99900
 9 7 21 22 33 28645.30000 42.63900000 1824.44000 114.46000 16.80300 93.99900
 9 7 21 22 33 28617.20000 42.63900000 1824.45000 114.46000 16.80300 93.99900
 9 7 21 22 34 28642.00000 42.63900000 1825.89000 114.46000 16.80300 93.99900
 9 7 21 22 34 28643.50000 42.63900000 1825.89000 114.46000 16.80300 93.99900
 9 7 21 22 35 28644.00000 42.71500000 1825.59000 114.46000 16.80300 93.99900
 9 7 21 22 35 28640.50000 42.71500000 1824.79000 114.46000 16.80300 93.99900
 9 7 21 22 35 28640.50000 42.71500000 1825.43000 114.46000 16.80300 93.99900
 9 7 21 22 36 28641.20000 42.71500000 1824.44000 114.46000 16.80300 93.99900
 9 7 21 22 36 28641.20000 42.71500000 1823.48000 114.46000 16.80300 93.99900
 9 7 21 22 37 28630.00000 42.71500000 1823.48000 114.30000 16.80300 93.99900
 9 7 21 22 37 28630.00000 42.71500000 1823.99000 114.37000 16.80300 93.99900
 9 7 21 22 38 28630.00000 42.71500000 1823.99000 114.37000 16.80300 94.40900
 9 7 21 22 38 28638.60000 42.71500000 1823.98000 114.37000 16.80300 94.40900
 9 7 21 22 38 28638.60000 42.71500000 1822.82000 114.37000 16.80300 94.40900
 9 7 21 22 39 28635.30000 42.71500000 1822.82000 114.37000 16.80300 94.40900
 9 7 21 22 39 28635.30000 42.71500000 1820.59000 114.37000 16.80300 94.40900
 9 7 21 22 40 28629.30000 42.71500000 1821.85000 114.37000 16.80300 94.40900
