M=[
20 1 21 13 31 28588.30000 6.33800000 1062.31000 118.90000 22.39900 78.25000
20 1 21 13 32 28569.40000 6.33800000 1061.62000 118.77000 22.52000 78.25000
20 1 21 13 32 28571.50000 6.33800000 1062.54000 118.85000 22.62000 78.25000
20 1 21 13 33 28576.80000 6.33800000 1062.06000 118.85000 22.62000 78.25000
20 1 21 13 33 28553.30000 6.33800000 1060.85000 118.81000 22.54600 78.25000
20 1 21 13 33 28571.70000 6.33800000 1060.00000 118.80000 22.54600 78.25000
20 1 21 13 34 28547.00000 6.33800000 1059.05000 118.76000 22.54600 77.98000
20 1 21 13 34 28540.60000 6.33800000 1059.14000 118.76000 22.54600 77.98000
20 1 21 13 35 28594.10000 6.33800000 1060.74000 118.98000 22.54600 77.98000
20 1 21 13 35 28559.30000 6.33800000 1057.99000 118.89000 22.54700 77.98000
20 1 21 13 36 28517.50000 6.33800000 1056.56000 118.89000 22.54700 77.95800
20 1 21 13 36 28517.80000 6.33200000 1056.54000 118.89000 22.54700 77.65000
20 1 21 13 36 28566.70000 6.33200000 1058.52000 118.87000 22.16400 77.65000
20 1 21 13 37 28570.00000 6.33200000 1058.98000 118.87000 22.54700 77.65000
20 1 21 13 37 28627.40000 6.35000000 1062.79000 119.18000 22.77000 77.65000
20 1 21 13 38 28587.00000 6.35000000 1061.53000 119.06000 22.31600 78.16800
20 1 21 13 38 28584.30000 6.35000000 1059.98000 119.04000 22.31600 78.16800
20 1 21 13 39 28593.40000 6.35000000 1061.36000 118.91000 22.55700 78.16800
20 1 21 13 39 28639.80000 6.35000000 1060.90000 119.04000 22.55700 78.17000
20 1 21 13 39 28686.40000 6.35500000 1064.31000 119.48000 22.55700 78.15000
20 1 21 13 40 28739.40000 6.36100000 1067.12000 119.92000 22.20600 78.43400
20 1 21 13 40 28758.20000 6.36100000 1068.32000 119.88000 22.55600 78.50900
20 1 21 13 41 28772.10000 6.36100000 1068.79000 119.85000 22.56900 78.50900
20 1 21 13 41 28775.00000 6.36100000 1068.00000 119.91000 22.77000 78.50900
20 1 21 13 41 28752.20000 6.36100000 1066.88000 119.92000 22.77000 78.50900
20 1 21 13 42 28758.10000 6.36100000 1066.35000 119.99000 22.77000 78.50900
20 1 21 13 42 28750.00000 6.36100000 1066.41000 120.00000 22.77000 78.50900
20 1 21 13 43 28750.00000 6.36100000 1067.67000 120.09000 22.77000 78.39000
20 1 21 13 43 28775.00000 6.36100000 1068.74000 120.15000 22.76000 78.39000
20 1 21 13 44 28774.90000 6.37500000 1069.40000 120.06000 22.77000 78.39000
20 1 21 13 44 28769.80000 6.37500000 1069.98000 120.06000 22.76900 78.51000
20 1 21 13 44 28766.30000 6.37500000 1068.70000 120.00000 22.77000 78.51000
20 1 21 13 45 28775.00000 6.37500000 1070.00000 120.14000 22.88200 78.51000
20 1 21 13 45 28822.20000 6.37500000 1071.68000 120.31000 23.12900 78.51000
20 1 21 13 46 28833.00000 6.37500000 1071.75000 120.31000 23.13000 78.88000
20 1 21 13 46 28852.00000 6.39400000 1073.42000 120.45000 23.00200 78.86700
20 1 21 13 47 28870.20000 6.39400000 1073.99000 120.57000 22.98400 79.00000
20 1 21 13 47 28870.10000 6.42000000 1075.86000 120.55000 22.75300 79.00000
20 1 21 13 47 28926.70000 6.42000000 1079.55000 120.78000 23.25000 79.10700
20 1 21 13 48 28905.00000 6.40300000 1077.28000 120.58000 22.75900 79.01200
20 1 21 13 48 28900.30000 6.40300000 1078.57000 120.89000 22.76700 79.01200
20 1 21 13 49 28900.10000 6.40300000 1078.50000 120.98000 23.50000 79.01200
20 1 21 13 49 28900.10000 6.40900000 1079.97000 121.06000 22.83300 79.29000
20 1 21 13 50 28900.10000 6.40900000 1081.37000 121.05000 22.83300 79.29000
20 1 21 13 50 28918.70000 6.42200000 1082.92000 121.11000 22.89800 79.29000
20 1 21 13 50 28932.60000 6.42200000 1081.29000 121.00000 22.89800 79.34500
20 1 21 13 51 28907.20000 6.42200000 1081.19000 121.10000 22.98000 79.34500
20 1 21 13 51 28931.90000 6.42200000 1082.43000 121.08000 22.96600 79.34500
20 1 21 13 52 28931.70000 6.42400000 1082.00000 121.25000 22.96600 79.41000
20 1 21 13 52 28907.70000 6.42400000 1081.46000 121.15000 22.96600 79.41000
20 1 21 13 53 28907.20000 6.42400000 1080.43000 121.03000 22.98000 79.41000
20 1 21 13 53 28893.10000 6.42400000 1080.51000 121.02000 22.98000 79.25700
20 1 21 13 53 28897.30000 6.42400000 1081.22000 121.12000 22.98000 79.19000
20 1 21 13 54 28887.70000 6.42700000 1082.71000 121.09000 22.85800 79.36000
20 1 21 13 54 28886.60000 6.42700000 1080.91000 121.16000 22.85800 79.36000
20 1 21 13 55 28900.00000 6.42700000 1081.67000 121.16000 23.24000 79.36000
20 1 21 13 55 28896.20000 6.42700000 1082.56000 121.29000 23.27900 79.40000
20 1 21 13 56 28891.00000 6.42700000 1082.28000 121.20000 23.27900 79.40000
20 1 21 13 56 28870.10000 6.42700000 1081.23000 121.14000 23.49900 79.40000
20 1 21 13 56 28880.30000 6.42700000 1082.24000 121.13000 23.49900 79.40000
20 1 21 13 57 28880.00000 6.42700000 1081.29000 121.09000 23.49900 79.40000
20 1 21 13 57 28878.50000 6.42700000 1081.75000 121.09000 22.09500 79.40000
20 1 21 13 58 28862.90000 6.42700000 1080.18000 121.09000 22.99500 79.40000
20 1 21 13 58 28869.00000 6.42700000 1081.61000 121.08000 22.99500 79.40000
20 1 21 13 59 28900.00000 6.42700000 1083.00000 121.09000 22.99500 79.48000
20 1 21 13 59 28899.90000 6.42700000 1083.07000 121.05000 22.99500 79.40900
20 1 21 13 59 28933.80000 6.42700000 1083.26000 121.20000 22.79000 79.40900
20 1 21 14 00 28900.00000 6.38100000 1083.42000 121.02000 22.79000 79.40900
20 1 21 14 00 28949.00000 6.38100000 1084.31000 121.02000 22.97600 79.57300
20 1 21 14 01 28972.80000 6.38100000 1084.64000 121.24000 22.99200 79.57300
20 1 21 14 01 29031.80000 6.38100000 1085.00000 121.24000 22.99400 79.51000
20 1 21 14 02 29034.70000 6.38100000 1087.74000 121.48000 22.99400 79.56000
20 1 21 14 02 29028.00000 6.38100000 1086.21000 121.48000 22.96800 79.56000
20 1 21 14 02 29026.70000 6.38100000 1087.00000 121.87000 22.94700 79.56000
20 1 21 14 03 29043.10000 6.38100000 1087.00000 121.76000 22.94700 79.56000
20 1 21 14 03 29043.10000 6.42200000 1088.07000 121.66000 22.94700 79.91000
20 1 21 14 04 29000.10000 6.42200000 1086.61000 121.56000 22.94700 79.54000
20 1 21 14 04 28985.80000 6.39800000 1086.51000 121.51000 22.94700 79.51000
20 1 21 14 05 28950.00000 6.38700000 1083.60000 121.30000 22.94700 79.32600
20 1 21 14 05 28950.30000 6.38700000 1083.65000 121.21000 22.79400 79.32100
20 1 21 14 05 28950.00000 6.38700000 1082.22000 121.00000 22.79400 79.35000
20 1 21 14 06 28950.00000 6.36500000 1081.99000 120.65000 22.79400 79.29100
20 1 21 14 06 28907.90000 6.36500000 1079.90000 120.43000 22.79400 79.42800
20 1 21 14 07 28894.90000 6.37200000 1080.02000 120.17000 22.79400 79.42800
20 1 21 14 07 28899.20000 6.37200000 1081.63000 120.39000 22.79400 79.42800
20 1 21 14 08 28860.00000 6.36100000 1079.97000 120.14000 22.79000 79.42800
20 1 21 14 08 28889.60000 6.36100000 1081.24000 120.07000 22.79000 79.28000
20 1 21 14 08 28865.10000 6.36100000 1080.75000 120.02000 22.80000 79.28000
20 1 21 14 09 28919.10000 6.36100000 1081.63000 120.06000 22.86600 79.28000
20 1 21 14 09 28936.60000 6.36100000 1083.18000 120.02000 22.86600 79.43000
20 1 21 14 10 28891.10000 6.36100000 1081.72000 119.66000 22.63100 79.40000
20 1 21 14 10 28925.60000 6.36100000 1082.93000 119.80000 22.63100 79.40000
20 1 21 14 11 28950.00000 6.36100000 1083.80000 119.72000 22.63100 79.31000
20 1 21 14 11 28999.00000 6.36100000 1087.30000 120.01000 22.63100 79.31000
20 1 21 14 11 28999.80000 6.36100000 1087.31000 120.22000 22.63100 79.57800
20 1 21 14 12 28994.20000 6.36100000 1088.04000 120.38000 22.63400 79.67700
20 1 21 14 12 28974.80000 6.37300000 1089.76000 120.25000 22.90500 79.67700
20 1 21 14 13 29005.90000 6.37300000 1090.00000 120.53000 22.90500 79.75700
20 1 21 14 13 28942.80000 6.37300000 1087.49000 120.40000 22.90500 79.75700
20 1 21 14 14 28960.10000 6.37300000 1089.61000 120.40000 22.63300 79.75700
20 1 21 14 14 28940.30000 6.37300000 1089.13000 120.34000 22.63300 79.72600
20 1 21 14 14 28917.90000 6.37300000 1087.94000 120.18000 22.63300 79.72600
20 1 21 14 15 28919.70000 6.37300000 1088.00000 120.07000 22.63300 79.72600
20 1 21 14 15 28907.00000 6.37300000 1087.08000 120.25000 22.63300 79.29000
20 1 21 14 16 28908.40000 6.37300000 1085.59000 120.07000 22.63300 79.29000
