M=[
 2 1 21 08 34 24190.00000 4.64400000 596.03000 101.64000 13.94100 46.72800
 2 1 21 08 35 24180.10000 4.64400000 596.25000 101.77000 13.94100 46.72800
 2 1 21 08 35 24197.10000 4.64400000 596.32000 101.89000 13.94100 46.72800
 2 1 21 08 35 24189.60000 4.64400000 595.88000 101.88000 13.94100 46.72800
 2 1 21 08 36 24197.90000 4.64400000 595.88000 101.80000 13.94100 46.72800
 2 1 21 08 36 24199.00000 4.64400000 596.16000 101.80000 13.94100 46.72800
 2 1 21 08 37 24208.00000 4.64400000 596.24000 101.80000 13.96900 46.72800
 2 1 21 08 37 24206.50000 4.64400000 596.32000 101.80000 13.96900 46.72800
 2 1 21 08 38 24214.90000 4.60600000 596.32000 101.80000 13.96900 46.72800
 2 1 21 08 38 24214.80000 4.60600000 596.51000 101.81000 13.96900 46.72800
 2 1 21 08 38 24213.70000 4.60600000 596.40000 101.78000 13.96900 46.92000
 2 1 21 08 39 24201.40000 4.60600000 596.33000 101.80000 13.96900 46.87900
 2 1 21 08 39 24217.90000 4.60600000 596.51000 101.80000 13.96900 46.87900
 2 1 21 08 40 24215.10000 4.61000000 596.69000 101.83000 13.96900 46.77400
 2 1 21 08 40 24217.90000 4.61000000 596.69000 101.83000 13.96900 46.84600
 2 1 21 08 41 24217.90000 4.61000000 597.04000 101.88000 13.96900 46.73000
 2 1 21 08 41 24218.00000 4.61000000 597.04000 101.88000 13.96900 46.73000
 2 1 21 08 41 24217.80000 4.61000000 597.04000 101.88000 13.96900 46.73000
 2 1 21 08 42 24220.00000 4.61000000 597.30000 102.00000 13.96900 47.00500
 2 1 21 08 42 24214.90000 4.61000000 597.30000 101.83000 13.96900 46.94900
 2 1 21 08 43 24214.80000 4.61000000 596.96000 101.87000 13.96900 46.94900
 2 1 21 08 43 24223.60000 4.61000000 596.80000 101.87000 13.83700 46.94900
 2 1 21 08 44 24224.00000 4.61000000 596.94000 101.87000 13.83700 46.83100
 2 1 21 08 44 24222.50000 4.61000000 596.94000 101.87000 13.83700 46.96400
 2 1 21 08 44 24225.00000 4.61000000 597.01000 101.87000 13.83700 46.96400
 2 1 21 08 45 24225.00000 4.61200000 597.11000 101.87000 13.83700 46.96400
 2 1 21 08 45 24229.40000 4.61200000 597.23000 101.97000 13.90900 46.96400
 2 1 21 08 46 24232.00000 4.61200000 597.15000 102.01000 13.98600 46.96400
 2 1 21 08 46 24244.00000 4.61200000 597.25000 102.01000 13.98600 46.96400
 2 1 21 08 46 24255.70000 4.61200000 597.19000 102.07000 13.90900 46.96400
 2 1 21 08 47 24264.90000 4.61200000 597.37000 102.07000 13.90900 46.96400
 2 1 21 08 47 24274.70000 4.61200000 597.45000 102.02000 13.90900 46.96400
 2 1 21 08 48 24271.20000 4.61200000 597.60000 102.02000 13.90900 46.96400
 2 1 21 08 48 24279.00000 4.61200000 597.56000 102.02000 13.90900 46.96400
 2 1 21 08 49 24282.00000 4.64700000 598.10000 102.02000 13.90900 46.96400
 2 1 21 08 49 24273.10000 4.64700000 597.49000 102.02000 13.90900 46.96400
 2 1 21 08 49 24267.70000 4.64700000 597.37000 102.02000 13.90900 47.00000
 2 1 21 08 50 24268.20000 4.64700000 597.45000 102.09000 13.90900 47.00000
 2 1 21 08 50 24277.20000 4.64700000 597.45000 102.07000 13.90900 47.00000
 2 1 21 08 51 24267.80000 4.64700000 597.41000 102.07000 13.90900 47.00000
 2 1 21 08 51 24274.90000 4.64700000 597.41000 102.07000 13.90900 47.00000
 2 1 21 08 52 24272.00000 4.64700000 597.44000 101.92000 13.90900 47.00000
 2 1 21 08 52 24265.00000 4.64700000 597.40000 102.10000 13.90900 47.00000
 2 1 21 08 52 24265.10000 4.64700000 597.00000 102.09000 13.90900 47.00000
 2 1 21 08 53 24269.70000 4.64700000 597.00000 102.00000 13.90900 46.87900
 2 1 21 08 53 24269.50000 4.64700000 597.00000 102.05000 13.90900 46.87900
 2 1 21 08 54 24274.00000 4.64700000 597.24000 102.05000 13.90900 46.75500
 2 1 21 08 54 24274.00000 4.64700000 597.50000 102.05000 13.90900 46.75500
 2 1 21 08 55 24274.00000 4.64700000 598.01000 102.05000 13.90900 46.75500
 2 1 21 08 55 24282.00000 4.64700000 597.98000 102.20000 13.90900 46.75500
 2 1 21 08 55 24282.00000 4.64700000 598.14000 102.20000 13.90900 46.75500
 2 1 21 08 56 24274.80000 4.64700000 598.14000 102.24000 13.90900 46.75500
 2 1 21 08 56 24275.20000 4.64700000 598.17000 102.24000 13.84300 46.75500
 2 1 21 08 57 24273.90000 4.64700000 598.00000 102.24000 13.84300 46.75500
 2 1 21 08 57 24277.90000 4.64700000 598.00000 102.23000 13.84300 46.75500
 2 1 21 08 58 24278.90000 4.64700000 597.89000 102.18000 13.84300 46.75500
 2 1 21 08 58 24281.90000 4.64700000 597.84000 102.18000 13.84300 46.75500
 2 1 21 08 58 24282.00000 4.64700000 597.84000 102.23000 13.84300 46.75500
 2 1 21 08 59 24287.00000 4.64700000 597.84000 102.21000 13.84300 46.75500
 2 1 21 08 59 24287.00000 4.64700000 598.13000 102.20000 13.84300 46.75500
 2 1 21 09 00 24288.90000 4.64700000 598.20000 102.17000 13.84300 46.75500
 2 1 21 09 00 24291.00000 4.64700000 598.02000 102.14000 13.84300 46.75500
 2 1 21 09 01 24294.90000 4.64700000 598.25000 102.21000 13.84300 46.75500
 2 1 21 09 01 24274.20000 4.64700000 598.01000 102.13000 13.84300 46.75500
 2 1 21 09 01 24274.20000 4.64700000 598.01000 102.01000 13.84300 46.75500
 2 1 21 09 02 24283.90000 4.64300000 598.01000 102.08000 13.88900 46.81000
 2 1 21 09 02 24290.90000 4.64300000 598.01000 102.08000 13.88900 46.84900
 2 1 21 09 03 24280.00000 4.64300000 598.00000 102.08000 13.88900 46.84900
 2 1 21 09 03 24275.00000 4.64300000 598.00000 102.08000 13.88900 46.80000
 2 1 21 09 04 24274.30000 4.64300000 598.00000 102.08000 13.88900 46.74500
 2 1 21 09 04 24274.30000 4.64300000 598.00000 102.14000 13.88900 46.74500
 2 1 21 09 04 24274.20000 4.64300000 598.00000 102.09000 13.88900 46.74500
 2 1 21 09 05 24274.30000 4.64300000 598.00000 102.12000 13.88900 46.74500
 2 1 21 09 05 24274.30000 4.64300000 598.00000 102.12000 13.88900 46.74500
 2 1 21 09 06 24274.30000 4.64300000 598.00000 102.10000 13.88900 46.72800
 2 1 21 09 06 24274.20000 4.64300000 598.01000 102.09000 13.88900 46.72800
 2 1 21 09 07 24274.30000 4.64300000 598.01000 102.09000 13.88900 46.72800
 2 1 21 09 07 24274.30000 4.64300000 598.01000 101.92000 13.88900 46.72800
 2 1 21 09 07 24279.20000 4.64300000 598.00000 101.92000 13.88900 46.72800
 2 1 21 09 08 24279.20000 4.64300000 598.00000 102.15000 13.88900 46.72800
 2 1 21 09 08 24279.20000 4.64300000 598.41000 102.15000 13.88900 46.72000
 2 1 21 09 09 24279.20000 4.64300000 598.45000 102.23000 13.88900 46.72000
 2 1 21 09 09 24279.20000 4.64300000 598.76000 102.16000 13.88900 46.72000
 2 1 21 09 10 24284.70000 4.64300000 599.02000 102.20000 13.88900 46.72000
 2 1 21 09 10 24278.90000 4.64300000 599.01000 102.20000 13.88900 46.72000
 2 1 21 09 10 24277.70000 4.64300000 599.02000 102.21000 13.88900 46.72000
 2 1 21 09 11 24274.20000 4.64300000 599.04000 102.14000 13.88900 46.70000
 2 1 21 09 11 24277.80000 4.64300000 599.05000 102.16000 13.88900 46.70000
 2 1 21 09 12 24277.30000 4.64300000 599.05000 102.16000 13.88900 46.70000
 2 1 21 09 12 24270.40000 4.64300000 598.36000 102.16000 13.92000 46.54700
 2 1 21 09 13 24255.00000 4.64300000 598.01000 102.13000 13.92000 46.54700
 2 1 21 09 13 24244.60000 4.64300000 598.01000 102.12000 13.92100 46.54000
 2 1 21 09 13 24255.00000 4.64300000 598.01000 102.00000 13.92100 46.54000
 2 1 21 09 14 24249.20000 4.64300000 598.00000 102.00000 13.92100 46.54000
 2 1 21 09 14 24240.10000 4.64300000 597.72000 102.04000 13.92100 46.54000
 2 1 21 09 15 24239.20000 4.64300000 597.89000 102.04000 13.92100 46.54000
 2 1 21 09 15 24243.40000 4.64300000 597.66000 102.04000 13.92100 46.54000
 2 1 21 09 16 24253.80000 4.64300000 597.60000 102.04000 13.92100 46.54000
 2 1 21 09 16 24252.00000 4.64300000 597.60000 102.01000 13.92100 46.54000
 2 1 21 09 16 24260.00000 4.64300000 597.60000 102.09000 13.92100 46.54000
 2 1 21 09 17 24268.20000 4.60500000 597.60000 102.19000 13.92100 46.78200
 2 1 21 09 17 24280.40000 4.60500000 598.00000 102.21000 13.92100 46.78100
 2 1 21 09 18 24288.00000 4.60500000 598.00000 102.21000 13.92100 46.96900
 2 1 21 09 18 24285.10000 4.60500000 598.00000 102.21000 13.92100 46.96900
 2 1 21 09 19 24288.00000 4.60500000 598.00000 102.21000 13.92100 46.96900
 2 1 21 09 19 24283.50000 4.60500000 598.00000 102.19000 13.92100 46.96900
