M=[
 1 1 21 04 03 23893.00000 4.70500000 607.47000 107.66000 13.90800 53.47700
 1 1 21 04 03 23884.40000 4.70500000 607.47000 107.66000 13.90800 53.37400
 1 1 21 04 04 23887.20000 4.70500000 607.47000 107.43000 13.90800 53.37400
 1 1 21 04 04 23887.20000 4.70500000 607.21000 107.45000 13.90800 53.34900
 1 1 21 04 05 23887.20000 4.70500000 607.06000 107.19000 13.90800 53.34900
 1 1 21 04 05 23879.10000 4.70500000 607.06000 107.02000 13.90800 53.34900
 1 1 21 04 06 23881.20000 4.70500000 607.01000 107.13000 13.90800 53.34900
 1 1 21 04 06 23881.20000 4.70500000 607.01000 107.28000 13.90800 53.34900
 1 1 21 04 06 23881.40000 4.70500000 607.01000 107.28000 13.90800 53.34900
 1 1 21 04 07 23884.70000 4.70500000 607.01000 107.37000 13.90800 53.34900
 1 1 21 04 07 23884.70000 4.70500000 607.01000 107.37000 13.90800 53.34900
 1 1 21 04 08 23899.00000 4.70500000 607.36000 107.45000 13.90800 53.34900
 1 1 21 04 08 23893.20000 4.70500000 607.36000 107.45000 13.90800 53.34900
 1 1 21 04 09 23894.30000 4.70500000 607.02000 107.38000 13.90800 53.34900
 1 1 21 04 09 23892.80000 4.70500000 607.02000 107.38000 13.90800 53.34900
 1 1 21 04 09 23887.90000 4.70500000 607.02000 107.47000 13.90800 53.34900
 1 1 21 04 10 23888.00000 4.70500000 606.78000 107.47000 13.90800 53.34900
 1 1 21 04 10 23894.40000 4.70500000 606.78000 107.47000 13.90800 53.34900
 1 1 21 04 11 23894.10000 4.70500000 606.90000 107.47000 13.90800 53.34900
 1 1 21 04 11 23894.40000 4.70500000 606.89000 107.47000 13.90800 53.34900
 1 1 21 04 12 23895.10000 4.70500000 607.31000 107.42000 13.90800 53.34900
 1 1 21 04 12 23895.10000 4.70500000 606.62000 107.42000 13.90800 53.34900
 1 1 21 04 12 23889.70000 4.70500000 606.76000 107.45000 13.90800 53.34900
 1 1 21 04 13 23883.20000 4.70500000 606.99000 107.37000 13.90800 53.34900
 1 1 21 04 13 23883.10000 4.70500000 606.59000 107.37000 13.90800 53.34900
 1 1 21 04 14 23883.20000 4.70500000 606.59000 107.37000 13.90800 53.34900
 1 1 21 04 14 23881.20000 4.70500000 606.84000 107.37000 13.90800 53.34900
 1 1 21 04 15 23885.10000 4.70500000 606.84000 107.37000 13.90800 53.34900
 1 1 21 04 15 23885.10000 4.70500000 606.84000 107.37000 13.90800 53.34900
 1 1 21 04 15 23900.00000 4.70500000 607.05000 107.46000 13.90800 53.34900
 1 1 21 04 16 23899.90000 4.70500000 607.71000 107.53000 13.90800 53.34900
 1 1 21 04 16 23910.00000 4.70500000 607.71000 107.75000 13.90800 53.34900
 1 1 21 04 17 23919.40000 4.70500000 607.86000 107.76000 13.90800 53.34900
 1 1 21 04 17 23922.00000 4.70500000 608.04000 107.76000 13.90800 53.34900
 1 1 21 04 18 23911.00000 4.70500000 608.04000 107.76000 13.90800 53.34900
 1 1 21 04 18 23919.80000 4.70200000 608.04000 107.75000 13.90800 53.34900
 1 1 21 04 18 23930.00000 4.70200000 608.04000 107.75000 13.90800 53.34900
 1 1 21 04 19 23929.90000 4.70200000 608.08000 107.64000 13.90800 53.34900
 1 1 21 04 19 23929.90000 4.70200000 608.08000 107.50000 13.90800 53.34900
 1 1 21 04 20 23926.50000 4.70200000 608.08000 107.53000 13.90800 53.34900
 1 1 21 04 20 23915.80000 4.73800000 608.08000 107.59000 13.90800 53.34900
 1 1 21 04 21 23915.50000 4.74000000 608.08000 107.59000 13.90800 53.34900
 1 1 21 04 21 23915.50000 4.74000000 608.08000 107.59000 13.90800 53.34900
 1 1 21 04 21 23915.50000 4.74000000 608.15000 107.59000 13.90800 53.34900
 1 1 21 04 22 23916.90000 4.74000000 608.15000 107.59000 13.90800 53.34900
 1 1 21 04 22 23937.90000 4.74000000 608.03000 107.57000 13.90800 53.34900
 1 1 21 04 23 23931.40000 4.74000000 607.99000 107.57000 13.90800 53.34900
 1 1 21 04 23 23925.10000 4.74000000 607.91000 107.41000 13.90800 53.34900
 1 1 21 04 24 23911.30000 4.74000000 607.91000 107.50000 13.90800 53.34900
 1 1 21 04 24 23905.00000 4.74800000 607.20000 107.50000 13.90800 53.34900
 1 1 21 04 24 23905.00000 4.74800000 607.20000 107.35000 13.90800 53.34900
 1 1 21 04 25 23905.10000 4.74800000 607.20000 107.35000 13.90800 53.34900
 1 1 21 04 25 23920.00000 4.74800000 607.20000 107.35000 13.90800 53.34900
 1 1 21 04 26 23920.00000 4.74800000 607.20000 107.32000 13.90800 53.34900
 1 1 21 04 26 23920.00000 4.75000000 607.20000 107.32000 13.90800 53.34900
 1 1 21 04 27 23920.00000 4.75000000 607.35000 107.31000 13.90800 53.34900
 1 1 21 04 27 23919.90000 4.75800000 607.35000 107.31000 13.90800 53.34900
 1 1 21 04 27 23919.90000 4.75400000 607.35000 107.30000 13.90800 53.34900
 1 1 21 04 28 23920.00000 4.75400000 607.35000 107.30000 13.90800 53.34900
 1 1 21 04 28 23920.00000 4.75400000 607.35000 107.33000 13.90800 53.34900
 1 1 21 04 29 23920.00000 4.75400000 607.49000 107.33000 13.90800 53.34900
 1 1 21 04 29 23910.10000 4.75400000 607.70000 107.29000 13.90800 53.34900
 1 1 21 04 29 23907.90000 4.75400000 607.70000 107.24000 13.90800 53.34900
 1 1 21 04 30 23908.30000 4.75400000 607.66000 107.43000 13.90800 53.34900
 1 1 21 04 30 23919.90000 4.75400000 607.74000 107.43000 13.90800 53.34900
 1 1 21 04 31 23919.90000 4.75400000 607.20000 107.40000 13.90800 53.34900
 1 1 21 04 31 23919.90000 4.75500000 607.21000 107.40000 13.90800 53.34900
 1 1 21 04 32 23900.00000 4.75200000 607.20000 107.50000 13.90800 53.34900
 1 1 21 04 32 23900.00000 4.75200000 606.89000 107.46000 13.90800 53.34900
 1 1 21 04 32 23900.00000 4.75200000 606.89000 107.46000 13.90800 53.34900
 1 1 21 04 33 23881.10000 4.75200000 606.89000 107.46000 13.90800 53.34900
 1 1 21 04 33 23842.50000 4.75200000 605.38000 107.46000 13.90800 53.34900
 1 1 21 04 34 23830.10000 4.75200000 605.38000 107.46000 13.90800 53.34900
 1 1 21 04 34 23860.10000 4.74000000 605.39000 107.46000 13.90800 53.34900
 1 1 21 04 35 23835.20000 4.74000000 605.07000 107.43000 13.90800 53.34900
 1 1 21 04 35 23830.30000 4.74000000 605.97000 107.40000 13.90800 53.34900
 1 1 21 04 35 23830.30000 4.74000000 605.56000 107.40000 13.90800 53.34900
 1 1 21 04 36 23833.70000 4.74000000 605.56000 107.36000 13.90800 53.34900
 1 1 21 04 36 23833.80000 4.74000000 605.51000 106.90000 13.90800 53.34900
 1 1 21 04 37 23833.80000 4.74000000 605.51000 107.02000 13.90800 53.34900
 1 1 21 04 37 23833.80000 4.74000000 605.37000 106.73000 13.90800 53.34900
 1 1 21 04 38 23835.00000 4.74000000 605.41000 106.55000 13.90800 53.34900
 1 1 21 04 38 23835.10000 4.74000000 605.41000 106.55000 13.90800 53.34900
 1 1 21 04 38 23835.00000 4.74000000 605.41000 106.59000 13.90800 53.43500
 1 1 21 04 39 23822.60000 4.74000000 605.41000 106.66000 13.90800 53.43500
 1 1 21 04 39 23820.10000 4.74000000 605.32000 106.82000 13.90800 53.43500
 1 1 21 04 40 23820.00000 4.74000000 605.51000 106.66000 13.90800 53.43500
 1 1 21 04 40 23820.00000 4.74000000 605.51000 106.48000 13.90800 53.43500
 1 1 21 04 41 23809.00000 4.74000000 605.51000 106.36000 13.90800 53.43500
 1 1 21 04 41 23807.40000 4.74000000 604.33000 106.08000 13.90800 53.43500
 1 1 21 04 41 23785.00000 4.74000000 604.26000 106.05000 13.90800 53.43500
 1 1 21 04 42 23740.40000 4.74000000 603.54000 106.08000 13.90800 53.43500
 1 1 21 04 42 23769.90000 4.74000000 604.32000 106.08000 13.90800 53.43500
 1 1 21 04 43 23784.00000 4.74000000 604.32000 106.08000 13.90800 53.43500
 1 1 21 04 43 23758.00000 4.74000000 604.84000 106.20000 13.90800 53.43500
 1 1 21 04 44 23788.10000 4.74000000 604.61000 106.34000 13.90800 53.43500
 1 1 21 04 44 23793.90000 4.74000000 604.68000 106.34000 13.90800 53.43500
 1 1 21 04 44 23793.90000 4.74000000 604.11000 106.34000 13.90800 53.43500
 1 1 21 04 45 23795.20000 4.74000000 604.11000 106.34000 13.90800 53.43500
 1 1 21 04 45 23795.20000 4.74000000 604.11000 106.34000 13.90800 53.43500
 1 1 21 04 46 23795.30000 4.74000000 604.11000 106.53000 13.90800 53.43500
 1 1 21 04 46 23810.50000 4.74000000 605.58000 106.64000 13.90800 53.43500
 1 1 21 04 47 23810.00000 4.74000000 605.58000 106.69000 13.90800 53.43500
 1 1 21 04 47 23805.90000 4.74100000 605.58000 106.65000 13.90800 53.43500
 1 1 21 04 47 23805.90000 4.74100000 605.58000 106.65000 13.90800 53.43500
 1 1 21 04 48 23813.80000 4.74100000 605.58000 106.65000 13.90800 53.43500
