M=[
 9 5 20 16 33 9012.00000 6.65400000 197.51000 44.66000 12.20300 42.34000
 9 5 20 16 34 9000.00000 6.65400000 196.92000 44.67000 12.20300 42.34000
 9 5 20 16 34 9004.60000 6.66600000 197.02000 44.61000 12.20300 42.34000
 9 5 20 16 35 9004.20000 6.66600000 197.12000 44.61000 12.20300 42.34000
 9 5 20 16 35 8991.10000 6.65400000 197.04000 44.61000 12.15000 42.34000
 9 5 20 16 36 8995.40000 6.66600000 197.00000 44.56000 12.15000 42.34000
 9 5 20 16 36 8990.00000 6.65400000 197.00000 44.56000 12.15000 42.34000
 9 5 20 16 37 8993.80000 6.65400000 196.92000 44.56000 12.15000 42.34000
 9 5 20 16 37 9008.80000 6.65400000 197.04000 44.56000 12.15000 42.61500
 9 5 20 16 38 9006.90000 6.65400000 197.20000 44.56000 12.15000 42.34000
 9 5 20 16 38 9002.50000 6.66600000 197.14000 44.56000 12.15000 42.34000
 9 5 20 16 39 9011.80000 6.65400000 197.29000 44.56000 12.15000 42.34000
 9 5 20 16 39 9007.60000 6.66600000 197.29000 44.68000 12.15000 42.61500
 9 5 20 16 40 9002.40000 6.65300000 197.29000 44.56000 12.15000 42.34000
 9 5 20 16 40 9006.70000 6.65400000 197.29000 44.69000 12.15000 42.34000
 9 5 20 16 41 9014.00000 6.65400000 197.30000 44.66000 12.15000 42.61500
 9 5 20 16 41 9013.90000 6.65400000 197.20000 44.66000 12.15000 42.34000
 9 5 20 16 42 9013.50000 6.65400000 197.43000 44.68000 12.15000 42.34000
 9 5 20 16 42 9011.10000 6.65400000 197.43000 44.59000 12.15000 42.34000
 9 5 20 16 42 9011.40000 6.65400000 197.43000 44.59000 12.15000 42.34000
 9 5 20 16 43 9011.40000 6.65300000 197.43000 44.62000 12.15000 42.34000
 9 5 20 16 43 9010.10000 6.65400000 197.20000 44.62000 12.15000 42.34000
 9 5 20 16 44 9005.70000 6.65400000 197.10000 44.62000 12.15000 42.34000
 9 5 20 16 44 9016.90000 6.65400000 197.40000 44.62000 12.15000 42.34000
 9 5 20 16 45 9017.00000 6.65400000 197.19000 44.62000 12.15000 42.34000
 9 5 20 16 45 9022.00000 6.65400000 197.21000 44.62000 12.17400 42.34000
 9 5 20 16 46 9028.00000 6.65400000 197.23000 44.60000 12.17400 42.34000
 9 5 20 16 46 9030.00000 6.65400000 197.23000 44.60000 12.17400 42.34000
 9 5 20 16 47 9035.00000 6.65400000 197.27000 44.60000 12.17400 42.34000
 9 5 20 16 47 9037.90000 6.66600000 197.27000 44.60000 12.17400 42.34000
 9 5 20 16 48 9038.10000 6.66600000 197.36000 44.60000 12.17400 42.34000
 9 5 20 16 48 9031.20000 6.65400000 197.36000 44.60000 12.17400 42.34000
 9 5 20 16 49 9024.20000 6.65400000 197.18000 44.62000 12.17400 42.34000
 9 5 20 16 49 9018.40000 6.65400000 197.36000 44.65000 12.17400 42.34000
 9 5 20 16 50 9015.30000 6.65400000 196.96000 44.65000 12.15000 42.34000
 9 5 20 16 50 9021.60000 6.61500000 196.96000 44.48000 12.17400 42.34000
 9 5 20 16 51 9020.50000 6.61500000 197.01000 44.48000 12.17400 42.34000
 9 5 20 16 51 9018.50000 6.61500000 196.81000 44.56000 12.17400 42.34000
 9 5 20 16 52 9018.10000 6.61500000 196.73000 44.56000 12.17400 42.39600
 9 5 20 16 52 9018.00000 6.61500000 196.73000 44.56000 12.17400 42.39600
 9 5 20 16 53 9018.10000 6.61500000 196.68000 44.54000 12.17400 42.39600
 9 5 20 16 53 9018.10000 6.61500000 196.68000 44.54000 12.17400 42.39600
 9 5 20 16 54 9017.50000 6.61500000 196.75000 44.54000 12.17400 42.39600
 9 5 20 16 54 9017.40000 6.61500000 196.75000 44.54000 12.17400 42.39600
 9 5 20 16 55 9023.20000 6.61500000 196.80000 44.46000 12.17400 42.39600
 9 5 20 16 55 9019.50000 6.61500000 196.81000 44.46000 12.17400 42.39600
 9 5 20 16 56 9015.40000 6.61500000 196.57000 44.46000 12.17400 42.39600
 9 5 20 16 56 9006.40000 6.61500000 196.66000 44.46000 12.17400 42.39600
 9 5 20 16 57 9011.30000 6.62800000 196.70000 44.46000 12.15000 42.39600
 9 5 20 16 57 9020.00000 6.61500000 196.70000 44.51000 12.15000 42.21200
 9 5 20 16 58 9010.40000 6.61500000 196.67000 44.51000 12.15000 42.21200
 9 5 20 16 58 9019.90000 6.61500000 196.72000 44.51000 12.15000 42.21200
 9 5 20 16 59 9021.50000 6.61500000 196.63000 44.48000 12.15000 42.21200
 9 5 20 16 59 9021.10000 6.61500000 196.58000 44.48000 12.15000 42.21200
 9 5 20 17 00 9021.40000 6.61500000 196.66000 44.48000 12.15000 42.21200
 9 5 20 17 00 9021.50000 6.61500000 196.67000 44.48000 12.15000 42.21200
 9 5 20 17 01 9021.50000 6.61500000 196.67000 44.48000 12.15000 42.21200
 9 5 20 17 01 9021.50000 6.61500000 196.75000 44.48000 12.15000 42.21200
 9 5 20 17 02 9020.20000 6.61500000 196.76000 44.46000 12.15000 42.29100
 9 5 20 17 02 9020.20000 6.61500000 196.76000 44.51000 12.15000 42.29100
 9 5 20 17 03 9020.20000 6.61500000 196.72000 44.49000 12.15000 42.29100
 9 5 20 17 03 9020.10000 6.61500000 196.72000 44.49000 12.16600 42.29100
 9 5 20 17 04 9020.00000 6.61500000 196.72000 44.60000 12.16600 42.29100
 9 5 20 17 04 9018.60000 6.61500000 196.79000 44.60000 12.16600 42.29100
 9 5 20 17 05 9015.70000 6.61500000 196.96000 44.60000 12.16600 42.29100
 9 5 20 17 05 9009.50000 6.61500000 196.78000 44.55000 12.16600 42.29100
 9 5 20 17 06 9009.60000 6.61500000 196.78000 44.55000 12.16600 42.29100
 9 5 20 17 06 9009.40000 6.61500000 196.74000 44.55000 12.16600 42.29100
 9 5 20 17 07 9008.70000 6.61500000 196.74000 44.55000 12.16600 42.29100
 9 5 20 17 07 9008.10000 6.61500000 196.74000 44.55000 12.16600 42.29100
 9 5 20 17 07 9008.10000 6.62800000 196.63000 44.55000 12.16600 42.29100
 9 5 20 17 08 9003.40000 6.61500000 196.61000 44.55000 12.16600 42.29100
 9 5 20 17 08 9006.30000 6.61500000 196.55000 44.55000 12.16600 42.29100
 9 5 20 17 09 9006.30000 6.61500000 196.55000 44.55000 12.16600 42.29100
 9 5 20 17 09 9015.60000 6.61500000 196.55000 44.55000 12.16600 42.29100
 9 5 20 17 10 9016.60000 6.61500000 196.59000 44.55000 12.16600 42.25800
 9 5 20 17 10 9016.10000 6.61500000 196.60000 44.55000 12.16600 42.25800
 9 5 20 17 11 9012.30000 6.61500000 196.59000 44.55000 12.16600 42.25800
 9 5 20 17 11 9007.70000 6.61500000 196.59000 44.55000 12.16600 42.25800
 9 5 20 17 12 8998.20000 6.61500000 196.35000 44.55000 12.15000 42.26900
 9 5 20 17 12 9006.20000 6.61500000 196.32000 44.55000 12.16600 42.26900
 9 5 20 17 13 9006.30000 6.61500000 196.38000 44.55000 12.13300 42.25800
 9 5 20 17 13 9006.30000 6.61500000 196.38000 44.48000 12.13300 42.25800
 9 5 20 17 14 9006.30000 6.61500000 196.37000 44.48000 12.13300 42.25800
 9 5 20 17 14 9006.30000 6.61500000 196.37000 44.48000 12.13300 42.25800
 9 5 20 17 15 9006.20000 6.61500000 196.27000 44.48000 12.13300 42.25800
 9 5 20 17 15 9006.30000 6.61500000 196.27000 44.48000 12.13300 42.25800
 9 5 20 17 16 9006.30000 6.61500000 196.27000 44.48000 12.13300 42.25800
 9 5 20 17 16 9006.20000 6.61500000 196.20000 44.41000 12.13300 42.26400
 9 5 20 17 17 9006.20000 6.61500000 196.20000 44.41000 12.13300 42.26400
 9 5 20 17 17 9017.40000 6.61500000 196.50000 44.41000 12.13300 42.26400
 9 5 20 17 18 9012.90000 6.59000000 196.50000 44.41000 12.13300 42.26400
 9 5 20 17 18 9012.90000 6.59000000 196.60000 44.41000 12.13300 42.26400
 9 5 20 17 18 9012.90000 6.59000000 196.26000 44.41000 12.13300 42.26400
 9 5 20 17 19 9010.40000 6.59000000 196.60000 44.45000 12.16600 42.26400
 9 5 20 17 19 9017.30000 6.59000000 196.60000 44.45000 12.13300 42.26400
 9 5 20 17 20 9017.30000 6.59000000 196.60000 44.45000 12.13300 42.25800
 9 5 20 17 20 9013.80000 6.59000000 196.60000 44.45000 12.13300 42.26400
 9 5 20 17 21 9012.10000 6.59000000 196.60000 44.45000 12.13300 42.26400
 9 5 20 17 21 9013.00000 6.59000000 196.60000 44.42000 12.13300 42.26400
 9 5 20 17 22 9013.30000 6.59000000 196.60000 44.42000 12.13300 42.26400
 9 5 20 17 22 9016.60000 6.59000000 196.66000 44.44000 12.13300 42.26400
 9 5 20 17 23 9015.50000 6.59000000 196.66000 44.44000 12.13300 42.26400
 9 5 20 17 23 9016.10000 6.59000000 196.66000 44.44000 12.13300 42.26400
 9 5 20 17 24 9015.40000 6.61500000 196.66000 44.44000 12.13300 42.26400
 9 5 20 17 24 9013.30000 6.59000000 196.66000 44.44000 12.13300 42.26400
 9 5 20 17 25 9014.60000 6.59000000 196.66000 44.44000 12.13300 42.26400
 9 5 20 17 25 9016.00000 6.59000000 196.66000 44.44000 12.13300 42.26400
 9 5 20 17 26 9017.30000 6.59000000 196.77000 44.41000 12.13300 42.26400
