M=[
 5 7 20 19 17 8050.30000 4.99700000 200.96000 36.86000 15.91800 45.22600
 5 7 20 19 17 8050.40000 4.99700000 200.96000 36.86000 15.91800 45.27000
 5 7 20 19 18 8050.20000 4.99700000 200.96000 36.86000 15.91800 45.27000
 5 7 20 19 18 8050.30000 4.99700000 200.97000 36.86000 15.91800 45.27000
 5 7 20 19 19 8050.10000 4.99700000 200.97000 36.86000 15.91800 45.27000
 5 7 20 19 19 8050.10000 4.99700000 200.86000 36.86000 15.91800 45.22600
 5 7 20 19 20 8050.00000 4.99700000 200.92000 36.86000 15.91800 45.27000
 5 7 20 19 20 8049.90000 4.99700000 200.92000 36.86000 15.91800 45.27000
 5 7 20 19 21 8050.00000 4.99700000 200.92000 36.86000 15.91800 45.27000
 5 7 20 19 21 8050.00000 4.99700000 200.92000 36.86000 15.91800 45.27000
 5 7 20 19 21 8049.90000 4.99700000 200.92000 36.86000 15.91800 45.27000
 5 7 20 19 22 8049.90000 4.99700000 200.95000 36.86000 15.91800 45.27000
 5 7 20 19 22 8050.00000 4.99700000 200.95000 36.86000 15.91800 45.22600
 5 7 20 19 23 8050.00000 4.99700000 200.94000 36.86000 15.91800 45.27000
 5 7 20 19 23 8050.00000 4.99700000 200.93000 36.86000 15.91800 45.27000
 5 7 20 19 24 8049.90000 4.99700000 200.93000 36.86000 15.91800 45.27000
 5 7 20 19 24 8049.90000 4.99700000 200.93000 36.86000 15.91800 45.27000
 5 7 20 19 25 8050.30000 4.99700000 200.94000 36.86000 15.91800 45.27000
 5 7 20 19 25 8050.60000 4.99700000 200.95000 36.86000 15.91800 45.27000
 5 7 20 19 26 8050.60000 5.00100000 200.96000 36.86000 15.91800 45.22600
 5 7 20 19 26 8050.60000 4.99700000 200.96000 36.86000 15.91800 45.27000
 5 7 20 19 26 8050.60000 4.99700000 200.96000 36.86000 15.91800 45.27000
 5 7 20 19 27 8050.60000 4.99700000 201.03000 36.86000 15.91800 45.27000
 5 7 20 19 27 8050.50000 4.99700000 201.03000 36.86000 15.91800 45.27000
 5 7 20 19 28 8050.70000 4.99700000 201.03000 36.86000 15.83200 45.22600
 5 7 20 19 28 8050.60000 4.99700000 201.03000 36.86000 15.84600 45.27000
 5 7 20 19 29 8050.70000 4.99700000 201.02000 36.86000 15.84600 45.27000
 5 7 20 19 29 8050.70000 5.00100000 201.02000 36.86000 15.90300 45.27000
 5 7 20 19 30 8050.70000 4.99700000 201.02000 36.86000 15.90300 45.27000
 5 7 20 19 30 8050.60000 4.99700000 200.98000 36.89000 15.90300 45.27000
 5 7 20 19 30 8050.60000 4.99700000 200.98000 36.89000 15.90300 45.27000
 5 7 20 19 31 8050.70000 4.99700000 200.98000 36.89000 15.84600 45.27000
 5 7 20 19 31 8050.70000 4.99700000 200.99000 36.89000 15.90300 45.27000
 5 7 20 19 32 8050.70000 4.99700000 200.97000 36.89000 15.90300 45.27000
 5 7 20 19 32 8050.70000 4.99700000 200.97000 36.89000 15.90300 45.27000
 5 7 20 19 33 8050.80000 4.99700000 200.97000 36.89000 15.90300 45.27000
 5 7 20 19 33 8050.70000 4.99700000 200.96000 36.89000 15.90300 45.27000
 5 7 20 19 34 8050.10000 4.99700000 200.96000 36.89000 15.90300 45.27000
 5 7 20 19 34 8050.10000 4.99700000 200.96000 36.89000 15.90300 45.27000
 5 7 20 19 35 8050.00000 4.99700000 200.92000 36.89000 15.90300 45.27000
 5 7 20 19 35 8050.10000 4.99700000 200.91000 36.89000 15.90300 45.27000
 5 7 20 19 36 8050.00000 4.99700000 200.90000 36.89000 15.90300 45.27000
 5 7 20 19 36 8050.00000 4.99700000 200.86000 36.86000 15.90300 45.27000
 5 7 20 19 36 8049.90000 4.99700000 200.86000 36.86000 15.90300 45.27000
 5 7 20 19 37 8049.90000 4.99700000 200.86000 36.86000 15.90300 45.27000
 5 7 20 19 37 8049.90000 4.99700000 200.86000 36.86000 15.90300 45.27000
 5 7 20 19 38 8050.00000 4.99700000 200.86000 36.86000 15.90300 45.27000
 5 7 20 19 38 8049.90000 4.99700000 200.86000 36.86000 15.90300 45.27000
 5 7 20 19 39 8050.00000 4.99700000 200.85000 36.86000 15.90300 45.27000
 5 7 20 19 39 8050.00000 4.99700000 200.86000 36.86000 15.90300 45.22600
 5 7 20 19 40 8049.00000 4.99700000 200.86000 36.86000 15.90300 45.27000
 5 7 20 19 40 8049.10000 4.99700000 200.86000 36.86000 15.90300 45.27000
 5 7 20 19 41 8048.90000 4.99700000 200.79000 36.86000 15.90300 45.27000
 5 7 20 19 41 8049.00000 4.99700000 200.72000 36.86000 15.90300 45.27000
 5 7 20 19 42 8049.00000 4.99700000 200.72000 36.86000 15.90300 45.27000
 5 7 20 19 42 8048.90000 4.99700000 200.76000 36.86000 15.90300 45.27000
 5 7 20 19 43 8048.90000 4.99700000 200.76000 36.86000 15.90300 45.27000
 5 7 20 19 43 8049.00000 4.99700000 200.75000 36.86000 15.90300 45.27000
 5 7 20 19 43 8048.90000 4.99700000 200.75000 36.86000 15.90300 45.27000
 5 7 20 19 44 8048.80000 4.99700000 200.76000 36.85000 15.90300 45.22600
 5 7 20 19 44 8048.90000 4.99700000 200.76000 36.85000 15.90300 45.27000
 5 7 20 19 45 8048.90000 4.99700000 200.79000 36.85000 15.90300 45.27000
 5 7 20 19 45 8048.90000 4.99700000 200.83000 36.85000 15.90300 45.27000
 5 7 20 19 46 8048.90000 4.99700000 200.83000 36.85000 15.97000 45.27000
 5 7 20 19 46 8048.90000 4.99700000 200.81000 36.85000 15.97000 45.27000
 5 7 20 19 47 8048.90000 4.99100000 200.81000 36.85000 15.97000 45.27000
 5 7 20 19 47 8048.90000 5.00000000 200.73000 36.85000 15.97000 45.22600
 5 7 20 19 48 8048.90000 5.00000000 200.73000 36.85000 16.00000 45.27000
 5 7 20 19 48 8048.80000 5.00000000 200.78000 36.85000 15.97000 45.27000
 5 7 20 19 48 8048.90000 5.00000000 200.79000 36.85000 16.05100 45.27000
 5 7 20 19 49 8048.90000 5.00000000 200.78000 36.85000 16.05100 45.27000
 5 7 20 19 49 8048.80000 5.00000000 200.78000 36.85000 16.05100 45.27000
 5 7 20 19 50 8048.90000 5.00000000 200.78000 36.85000 16.06000 45.27000
 5 7 20 19 50 8048.80000 5.00000000 200.78000 36.85000 16.04900 45.27000
 5 7 20 19 51 8041.40000 5.00000000 200.78000 36.85000 16.04900 45.27000
 5 7 20 19 51 8041.30000 5.00000000 200.76000 36.83000 16.04900 45.27000
 5 7 20 19 52 8041.30000 5.00000000 200.69000 36.83000 16.04900 45.27000
 5 7 20 19 52 8041.30000 5.00000000 200.68000 36.83000 16.04900 45.22600
 5 7 20 19 52 8041.40000 5.00000000 200.63000 36.83000 16.04900 45.27000
 5 7 20 19 53 8041.40000 5.00000000 200.58000 36.81000 15.96200 45.27000
 5 7 20 19 53 8043.10000 5.00000000 200.63000 36.81000 15.96200 45.22600
 5 7 20 19 54 8042.20000 5.00000000 200.63000 36.81000 15.96200 45.27000
 5 7 20 19 54 8042.30000 5.00000000 200.63000 36.81000 15.87200 45.27000
 5 7 20 19 55 8042.40000 5.00000000 200.63000 36.81000 15.91200 45.27000
 5 7 20 19 55 8043.60000 5.00000000 200.65000 36.81000 15.91200 45.22600
 5 7 20 19 56 8044.80000 5.00000000 200.76000 36.81000 15.91200 45.27000
 5 7 20 19 56 8044.80000 5.00000000 200.76000 36.81000 15.91200 45.27000
 5 7 20 19 57 8044.80000 5.00000000 200.69000 36.81000 15.91200 45.27000
 5 7 20 19 57 8044.80000 5.00000000 200.69000 36.81000 15.91200 45.27000
 5 7 20 19 57 8044.10000 5.00000000 200.69000 36.81000 15.91200 45.27000
 5 7 20 19 58 8044.10000 5.00000000 200.69000 36.83000 15.91200 45.27000
 5 7 20 19 58 8041.40000 5.00000000 200.67000 36.83000 15.91200 45.27000
 5 7 20 19 59 8042.90000 5.00000000 200.61000 36.83000 15.91200 45.27000
 5 7 20 19 59 8040.30000 5.00000000 200.66000 36.80000 15.91200 45.27000
 5 7 20 20 00 8041.00000 5.00000000 200.54000 36.80000 15.91200 45.27000
 5 7 20 20 00 8040.10000 5.00000000 200.67000 36.80000 15.91200 45.27000
 5 7 20 20 01 8041.00000 5.00000000 200.54000 36.80000 15.91200 45.22600
 5 7 20 20 01 8039.90000 5.00000000 200.58000 36.80000 15.91200 45.27000
 5 7 20 20 02 8043.40000 5.00000000 200.57000 36.80000 15.91200 45.27000
 5 7 20 20 02 8040.30000 5.00000000 200.62000 36.80000 15.91200 45.27000
 5 7 20 20 03 8041.60000 5.00000000 200.62000 36.83000 15.91200 45.27000
 5 7 20 20 03 8039.80000 5.00000000 200.62000 36.80000 15.91200 45.27000
 5 7 20 20 03 8039.50000 5.00000000 200.59000 36.80000 15.91200 45.27000
 5 7 20 20 04 8040.60000 5.00000000 200.53000 36.80000 15.91200 45.27000
 5 7 20 20 04 8039.10000 5.00000000 200.52000 36.80000 15.91200 45.27000
 5 7 20 20 05 8040.20000 5.00000000 200.52000 36.80000 15.91200 45.22600
 5 7 20 20 05 8040.00000 5.00000000 200.52000 36.80000 15.91200 45.27000
 5 7 20 20 06 8040.50000 5.00000000 200.53000 36.80000 15.91200 45.27000
 5 7 20 20 06 8040.00000 5.00000000 200.54000 36.80000 15.91200 45.27000
