M=[
 5 9 20 02 30 8851.50000 4.76100000 329.16000 42.79000 15.98500 50.47700
 5 9 20 02 30 8845.40000 4.76100000 329.00000 42.79000 15.98500 50.47700
 5 9 20 02 30 8844.20000 4.75700000 328.67000 42.79000 15.98500 50.47700
 5 9 20 02 31 8847.10000 4.75700000 328.67000 42.66000 15.98500 50.47700
 5 9 20 02 31 8847.00000 4.75700000 328.67000 42.66000 15.97800 50.47700
 5 9 20 02 32 8850.30000 4.75700000 328.65000 42.66000 15.97800 50.47700
 5 9 20 02 32 8846.20000 4.81000000 328.55000 42.66000 15.97800 50.47700
 5 9 20 02 33 8844.50000 4.81000000 328.55000 42.66000 15.97800 50.47700
 5 9 20 02 33 8842.40000 4.81000000 328.71000 42.66000 15.97800 50.47700
 5 9 20 02 34 8843.10000 4.81000000 328.71000 42.66000 15.97800 50.47700
 5 9 20 02 34 8843.20000 4.81000000 328.99000 42.66000 15.97800 50.47700
 5 9 20 02 34 8835.60000 4.81000000 328.99000 42.66000 15.99300 50.47700
 5 9 20 02 35 8835.40000 4.81000000 328.60000 42.66000 15.99300 50.47700
 5 9 20 02 35 8835.40000 4.81000000 328.60000 42.66000 15.99300 50.47700
 5 9 20 02 36 8836.30000 4.81000000 328.60000 42.66000 15.99300 50.47700
 5 9 20 02 36 8836.30000 4.81000000 328.60000 42.66000 15.99300 50.47700
 5 9 20 02 37 8850.20000 4.81000000 328.60000 42.66000 15.99300 50.47700
 5 9 20 02 37 8850.70000 4.81000000 329.98000 42.66000 15.99300 50.47700
 5 9 20 02 38 8840.90000 4.81000000 328.84000 42.66000 15.99300 50.47700
 5 9 20 02 38 8844.10000 4.80800000 329.32000 42.66000 15.99300 50.47700
 5 9 20 02 38 8835.30000 4.80800000 329.31000 42.66000 15.99300 50.47700
 5 9 20 02 39 8836.00000 4.80800000 329.31000 42.66000 15.99300 50.47700
 5 9 20 02 39 8840.40000 4.80800000 329.31000 42.66000 15.99300 50.47700
 5 9 20 02 40 8830.50000 4.80800000 328.52000 42.66000 15.99300 50.47700
 5 9 20 02 40 8829.50000 4.80800000 328.52000 42.66000 15.99300 50.47700
 5 9 20 02 41 8828.90000 4.80800000 328.47000 42.66000 15.99300 50.47700
 5 9 20 02 41 8830.70000 4.80800000 328.74000 42.66000 15.96000 50.47700
 5 9 20 02 42 8830.80000 4.80800000 328.74000 42.66000 15.96000 50.47700
 5 9 20 02 42 8830.80000 4.80800000 328.74000 42.66000 15.96000 50.47700
 5 9 20 02 42 8830.70000 4.80800000 328.74000 42.66000 15.99300 50.47700
 5 9 20 02 43 8828.10000 4.80800000 328.74000 42.66000 15.99300 50.47700
 5 9 20 02 43 8826.20000 4.80800000 328.74000 42.54000 15.99300 50.47700
 5 9 20 02 44 8833.00000 4.72600000 328.74000 42.57000 15.99300 50.47700
 5 9 20 02 44 8832.40000 4.72600000 328.92000 42.57000 15.99300 50.47700
 5 9 20 02 45 8826.90000 4.72600000 328.92000 42.57000 15.99300 50.47700
 5 9 20 02 45 8828.40000 4.72600000 328.99000 42.57000 15.99300 50.47700
 5 9 20 02 45 8837.10000 4.72600000 329.09000 42.57000 15.99300 50.47700
 5 9 20 02 46 8845.80000 4.72600000 329.09000 42.57000 15.99300 50.47700
 5 9 20 02 46 8845.30000 4.72600000 329.09000 42.57000 15.99300 50.47700
 5 9 20 02 47 8842.50000 4.72600000 329.09000 42.57000 15.99300 50.47700
 5 9 20 02 47 8841.60000 4.72600000 329.09000 42.57000 15.99300 50.47700
 5 9 20 02 48 8832.10000 4.72600000 329.09000 42.57000 15.99300 50.47700
 5 9 20 02 48 8826.70000 4.72600000 328.48000 42.54000 15.99300 50.47700
 5 9 20 02 49 8826.70000 4.72600000 328.38000 42.54000 15.99300 50.47700
 5 9 20 02 49 8828.80000 4.72600000 328.66000 42.54000 15.99300 50.47700
 5 9 20 02 49 8828.90000 4.72600000 328.66000 42.54000 15.99300 50.47700
 5 9 20 02 50 8842.80000 4.72600000 328.66000 42.54000 15.99300 50.47700
 5 9 20 02 50 8834.90000 4.72600000 328.66000 42.54000 15.99300 50.47700
 5 9 20 02 51 8836.10000 4.75000000 329.16000 42.53000 15.99300 50.47700
 5 9 20 02 51 8836.10000 4.75000000 329.35000 42.53000 15.99300 50.47700
 5 9 20 02 52 8836.10000 4.75000000 329.35000 42.53000 15.99300 50.47700
 5 9 20 02 52 8836.20000 4.75000000 329.35000 42.53000 15.99300 50.47700
 5 9 20 02 52 8836.20000 4.75000000 329.35000 42.53000 15.99300 50.47700
 5 9 20 02 53 8840.30000 4.75000000 329.35000 42.53000 15.99300 50.47700
 5 9 20 02 53 8842.40000 4.75000000 329.35000 42.53000 15.99300 50.47700
 5 9 20 02 54 8838.80000 4.75000000 329.35000 42.53000 15.99300 50.47700
 5 9 20 02 54 8838.80000 4.75000000 329.35000 42.53000 15.99300 50.47700
 5 9 20 02 55 8836.30000 4.75000000 329.35000 42.53000 15.99300 50.47700
 5 9 20 02 55 8834.30000 4.75000000 329.00000 42.53000 15.99300 50.47700
 5 9 20 02 55 8827.30000 4.75000000 328.79000 42.53000 15.99300 50.47700
 5 9 20 02 56 8832.00000 4.75000000 328.79000 42.53000 15.99300 50.47700
 5 9 20 02 56 8828.20000 4.75000000 328.79000 42.53000 15.99300 50.47700
 5 9 20 02 57 8831.30000 4.75000000 328.79000 42.53000 15.99300 50.47700
 5 9 20 02 57 8832.50000 4.75000000 328.79000 42.53000 15.99300 50.47700
 5 9 20 02 58 8832.50000 4.75000000 328.79000 42.40000 15.99300 50.47700
 5 9 20 02 58 8829.80000 4.75000000 328.79000 42.40000 15.99300 50.47700
 5 9 20 02 59 8843.30000 4.75000000 328.79000 42.40000 15.99300 50.47700
 5 9 20 02 59 8834.70000 4.75000000 329.28000 42.45000 15.99300 50.47700
 5 9 20 02 59 8835.10000 4.75000000 329.28000 42.45000 15.99300 50.47700
 5 9 20 03 00 8835.40000 4.73300000 328.54000 42.45000 15.99300 50.47700
 5 9 20 03 00 8835.40000 4.73300000 328.54000 42.45000 15.99300 50.47700
 5 9 20 03 01 8843.20000 4.73300000 328.54000 42.45000 15.99300 50.47700
 5 9 20 03 01 8843.20000 4.73300000 329.58000 42.45000 15.99300 50.47700
 5 9 20 03 02 8845.10000 4.73300000 329.58000 42.45000 15.99300 50.47700
 5 9 20 03 02 8845.20000 4.73300000 329.58000 42.45000 15.99300 50.47700
 5 9 20 03 02 8845.00000 4.73300000 329.58000 42.45000 15.99300 50.47700
 5 9 20 03 03 8849.20000 4.73300000 329.58000 42.45000 15.99300 50.47700
 5 9 20 03 03 8849.10000 4.73300000 329.89000 42.45000 15.99300 50.47700
 5 9 20 03 04 8849.20000 4.73300000 329.89000 42.45000 15.99300 50.47700
 5 9 20 03 04 8844.30000 4.73300000 329.89000 42.45000 15.99300 50.47700
 5 9 20 03 05 8844.30000 4.73300000 329.89000 42.45000 15.99300 50.47700
 5 9 20 03 05 8841.10000 4.73300000 329.89000 42.45000 15.99300 50.47700
 5 9 20 03 06 8844.10000 4.73300000 329.89000 42.45000 15.99300 50.47700
 5 9 20 03 06 8844.10000 4.73300000 329.83000 42.45000 15.99300 50.47700
 5 9 20 03 06 8844.50000 4.73300000 329.83000 42.45000 15.99300 50.47700
 5 9 20 03 07 8845.80000 4.73300000 329.83000 42.45000 15.99300 50.47700
 5 9 20 03 07 8845.80000 4.73300000 330.15000 42.45000 15.99300 50.47700
 5 9 20 03 08 8849.30000 4.73300000 330.67000 42.45000 15.99300 50.47700
 5 9 20 03 08 8849.30000 4.73300000 330.67000 42.45000 15.99300 50.47700
 5 9 20 03 09 8849.30000 4.79600000 330.67000 42.45000 15.99300 50.47700
 5 9 20 03 09 8846.10000 4.79600000 330.17000 42.45000 15.99300 50.47700
 5 9 20 03 09 8846.10000 4.79600000 330.17000 42.45000 15.99300 50.47700
 5 9 20 03 10 8852.20000 4.79600000 330.17000 42.45000 15.99300 50.47700
 5 9 20 03 10 8846.10000 4.79600000 330.17000 42.45000 15.99300 50.47700
 5 9 20 03 11 8852.20000 4.79600000 330.63000 42.45000 15.99300 50.47700
 5 9 20 03 11 8850.00000 4.79600000 330.63000 42.45000 15.99300 50.47700
 5 9 20 03 12 8851.70000 4.79600000 330.63000 42.45000 15.99300 50.47700
 5 9 20 03 12 8851.30000 4.79600000 330.42000 42.45000 15.99300 50.47700
 5 9 20 03 13 8850.20000 4.79600000 330.42000 42.45000 15.99300 50.47700
 5 9 20 03 13 8850.10000 4.79600000 330.42000 42.45000 15.99300 50.47700
 5 9 20 03 14 8850.10000 4.79600000 330.38000 42.45000 15.99300 50.47700
 5 9 20 03 14 8850.10000 4.79600000 330.24000 42.45000 15.99300 50.47700
 5 9 20 03 14 8849.90000 4.79600000 330.24000 42.45000 15.99300 50.47700
 5 9 20 03 15 8841.30000 4.79600000 329.87000 42.45000 15.90700 50.47700
 5 9 20 03 15 8841.30000 4.79600000 329.98000 42.45000 15.90700 50.47700
 5 9 20 03 16 8837.50000 4.79600000 329.34000 42.45000 15.89900 50.47700
 5 9 20 03 16 8837.50000 4.79600000 329.34000 42.64000 15.89900 50.47700
 5 9 20 03 17 8834.60000 4.79600000 329.34000 42.64000 15.89900 50.47700
 5 9 20 03 17 8828.20000 4.79600000 329.34000 42.64000 15.89900 50.47700
