M=[
18 7 21 14 39 26766.90000 35.73000000 1641.70000 100.88000 17.36700 80.76300
18 7 21 14 39 26728.70000 35.56600000 1637.72000 100.74000 17.36700 80.76300
18 7 21 14 40 26755.50000 35.56600000 1637.62000 100.74000 17.36700 80.00000
18 7 21 14 40 26740.70000 35.56600000 1638.37000 99.97000 17.36700 80.00000
18 7 21 14 40 26736.90000 35.56600000 1637.18000 100.08000 17.36700 79.67000
18 7 21 14 41 26600.80000 35.32900000 1630.80000 99.99000 17.07800 79.47600
18 7 21 14 41 26481.70000 35.32900000 1621.18000 99.37000 17.07800 79.47600
18 7 21 14 42 26511.80000 35.34300000 1623.71000 99.43000 17.05100 79.07300
18 7 21 14 42 26544.70000 35.34300000 1626.34000 99.59000 17.05100 78.87500
18 7 21 14 43 26506.60000 35.34300000 1622.02000 99.55000 17.05100 78.87500
18 7 21 14 43 26536.00000 35.34300000 1624.36000 99.73000 17.05100 78.87500
18 7 21 14 43 26600.80000 35.34300000 1627.13000 99.92000 17.05100 78.87500
18 7 21 14 44 26580.10000 35.34300000 1627.16000 100.07000 17.05100 78.87500
18 7 21 14 44 26576.80000 35.34300000 1627.02000 100.02000 17.05100 78.87500
18 7 21 14 45 26562.30000 35.34300000 1624.90000 99.80000 17.05100 78.87500
18 7 21 14 45 26576.60000 35.34300000 1627.86000 99.87000 17.05100 78.87500
18 7 21 14 46 26600.60000 35.31100000 1627.33000 99.84000 17.05100 78.87500
18 7 21 14 46 26574.20000 35.31100000 1622.43000 99.50000 17.05100 78.87500
18 7 21 14 46 26567.80000 35.31100000 1622.43000 99.50000 17.05100 78.93000
18 7 21 14 47 26585.30000 35.31100000 1624.01000 99.37000 17.05100 79.00900
18 7 21 14 47 26575.50000 35.31100000 1624.01000 99.42000 17.05100 79.06000
18 7 21 14 48 26560.60000 35.18100000 1622.08000 99.32000 17.05100 78.98000
18 7 21 14 48 26552.10000 35.18100000 1618.87000 99.17000 17.05100 78.98000
18 7 21 14 49 26564.50000 35.18100000 1621.69000 99.43000 17.05100 78.98000
18 7 21 14 49 26567.90000 35.18100000 1621.69000 99.42000 17.05100 78.98000
18 7 21 14 49 26565.90000 35.18100000 1620.61000 99.41000 17.05100 78.98000
18 7 21 14 50 26584.30000 35.18100000 1621.95000 99.47000 17.05100 78.98000
18 7 21 14 50 26596.60000 35.18100000 1623.13000 99.47000 17.05100 78.98000
18 7 21 14 51 26559.40000 35.18100000 1620.01000 99.48000 17.05100 78.98000
18 7 21 14 51 26568.20000 35.18100000 1622.30000 99.48000 17.05100 78.98000
18 7 21 14 52 26611.40000 35.18100000 1622.57000 99.48000 17.05100 78.98000
18 7 21 14 52 26609.40000 35.18100000 1622.57000 99.56000 17.05100 78.98000
18 7 21 14 52 26613.60000 35.18100000 1622.85000 99.56000 17.05100 78.98000
18 7 21 14 53 26602.60000 35.18100000 1622.92000 99.56000 17.05100 78.98000
18 7 21 14 53 26602.70000 35.18100000 1622.96000 99.56000 17.05100 78.98000
18 7 21 14 54 26602.60000 35.18100000 1622.61000 99.56000 17.05100 78.98000
18 7 21 14 54 26602.70000 35.18100000 1622.60000 99.56000 17.05100 78.98000
18 7 21 14 55 26611.30000 35.18100000 1622.03000 99.56000 17.05100 78.98000
18 7 21 14 55 26615.80000 35.18100000 1621.59000 99.56000 17.05100 78.98000
18 7 21 14 55 26591.00000 35.18100000 1616.91000 99.56000 17.05100 78.98000
18 7 21 14 56 26578.30000 35.18100000 1619.25000 99.56000 17.05100 79.01000
18 7 21 14 56 26592.60000 35.18100000 1619.13000 99.43000 17.05100 79.01000
18 7 21 14 57 26611.40000 35.18100000 1619.81000 99.48000 17.05100 79.01000
18 7 21 14 57 26596.70000 35.18100000 1619.81000 99.48000 17.05100 79.01000
18 7 21 14 58 26581.90000 35.18100000 1617.96000 99.48000 17.05100 79.01000
18 7 21 14 58 26579.90000 35.18100000 1618.06000 99.48000 17.05100 79.01000
18 7 21 14 59 26573.20000 35.14000000 1618.13000 99.45000 17.05100 79.01000
18 7 21 14 59 26567.60000 35.14000000 1618.04000 99.45000 17.05100 79.01000
18 7 21 14 59 26570.00000 35.14000000 1618.04000 99.45000 17.05100 79.01000
18 7 21 15 00 26556.40000 35.14000000 1613.98000 99.45000 16.74800 79.01000
18 7 21 15 00 26542.00000 35.00000000 1613.96000 99.19000 16.74800 78.68000
18 7 21 15 01 26563.70000 35.00000000 1615.20000 99.39000 16.74800 78.68000
18 7 21 15 01 26568.70000 35.00000000 1617.91000 99.39000 16.74800 78.68000
18 7 21 15 02 26568.80000 35.00000000 1617.32000 99.39000 16.74800 78.68000
18 7 21 15 02 26564.80000 35.00000000 1617.65000 99.39000 16.74800 79.08900
18 7 21 15 02 26569.90000 35.00000000 1619.50000 99.68000 16.74800 79.08900
18 7 21 15 03 26570.00000 35.00000000 1619.50000 99.71000 16.74800 79.08900
18 7 21 15 03 26570.00000 35.00000000 1617.68000 99.69000 16.74800 79.08900
18 7 21 15 04 26569.10000 35.00000000 1617.46000 99.69000 16.74800 78.95900
18 7 21 15 04 26577.20000 35.00000000 1617.46000 99.72000 16.56900 78.95900
18 7 21 15 05 26576.80000 35.00000000 1617.24000 99.65000 16.56900 79.10500
18 7 21 15 05 26588.40000 35.00000000 1616.44000 99.65000 16.56900 79.10500
18 7 21 15 05 26592.70000 35.00000000 1617.90000 99.91000 16.56900 79.10500
18 7 21 15 06 26589.20000 35.00000000 1616.78000 99.91000 16.64600 79.10500
18 7 21 15 06 26591.50000 35.00000000 1617.24000 99.91000 16.52200 79.10500
18 7 21 15 07 26632.70000 35.00000000 1618.57000 99.91000 16.52200 79.10500
18 7 21 15 07 26663.20000 35.00000000 1620.93000 100.22000 16.51900 79.10500
18 7 21 15 08 26650.70000 35.00000000 1620.30000 100.22000 16.51900 79.10500
18 7 21 15 08 26640.40000 35.00000000 1620.30000 100.22000 16.51900 79.10500
18 7 21 15 08 26658.20000 35.34200000 1622.09000 100.38000 16.48100 79.10500
18 7 21 15 09 26653.20000 35.34200000 1620.72000 100.37000 16.48100 79.10500
18 7 21 15 09 26641.60000 35.34200000 1620.16000 100.34000 16.44500 79.10500
18 7 21 15 10 26636.20000 35.34200000 1619.50000 100.18000 16.44500 79.10500
18 7 21 15 10 26636.10000 35.34200000 1620.77000 100.21000 16.44500 79.10500
18 7 21 15 11 26634.80000 35.34200000 1620.77000 100.21000 16.44200 79.10500
18 7 21 15 11 26634.80000 35.23400000 1620.26000 100.21000 16.44200 79.10500
18 7 21 15 11 26654.00000 35.23400000 1620.29000 100.21000 16.44200 79.10500
18 7 21 15 12 26653.70000 35.23400000 1620.02000 100.21000 16.44200 79.10500
18 7 21 15 12 26650.00000 35.23400000 1620.02000 100.21000 16.44200 79.10500
18 7 21 15 13 26653.00000 35.23400000 1620.38000 100.21000 16.44200 79.10500
18 7 21 15 13 26648.00000 35.23400000 1620.38000 100.21000 16.44200 79.10500
18 7 21 15 14 26653.00000 35.23400000 1620.40000 100.21000 16.41000 79.10500
18 7 21 15 14 26664.00000 35.23400000 1620.40000 100.21000 16.41000 79.10500
18 7 21 15 14 26664.00000 35.23400000 1620.40000 100.21000 16.41000 79.10500
18 7 21 15 15 26663.90000 35.23400000 1620.40000 100.21000 16.28600 79.10500
18 7 21 15 15 26662.70000 35.23400000 1620.39000 100.21000 16.28600 79.10500
18 7 21 15 16 26627.10000 35.23400000 1618.23000 100.21000 16.28600 79.10500
18 7 21 15 16 26645.40000 35.23400000 1619.12000 100.21000 16.28600 79.10500
18 7 21 15 17 26651.20000 35.23400000 1619.91000 100.21000 16.28600 79.10500
18 7 21 15 17 26663.80000 35.23400000 1620.39000 100.31000 16.28600 79.10500
18 7 21 15 17 26664.00000 35.23400000 1620.38000 100.31000 16.28600 79.10500
18 7 21 15 18 26658.80000 35.23400000 1619.43000 100.31000 16.30000 79.10500
18 7 21 15 18 26662.40000 35.23400000 1619.58000 100.31000 16.32500 79.10500
18 7 21 15 19 26655.00000 35.23400000 1619.74000 100.31000 16.33400 79.10500
18 7 21 15 19 26655.00000 35.23400000 1619.96000 100.29000 16.33300 79.10500
18 7 21 15 20 26659.30000 35.23400000 1619.96000 100.31000 16.33200 79.52000
18 7 21 15 20 26659.30000 35.23400000 1619.74000 100.31000 16.33200 79.52000
18 7 21 15 20 26662.30000 35.23400000 1619.74000 100.31000 16.33200 79.52000
18 7 21 15 21 26649.90000 35.23400000 1618.99000 100.40000 16.33200 79.52000
18 7 21 15 21 26653.20000 35.23400000 1618.30000 100.40000 16.33200 79.52000
18 7 21 15 22 26649.60000 35.23400000 1618.30000 100.40000 16.33200 79.52000
18 7 21 15 22 26647.20000 35.23400000 1618.30000 100.40000 16.33200 79.52000
18 7 21 15 23 26630.20000 35.23400000 1618.30000 100.37000 16.37900 79.52000
18 7 21 15 23 26650.40000 35.23400000 1617.33000 100.37000 16.37900 79.52000
