M=[
 1 12 20 16 23 15774.30000 5.20400000 491.72000 73.30000 13.18000 63.24600
 1 12 20 16 23 15799.90000 5.20400000 491.88000 73.39000 13.18000 63.42000
 1 12 20 16 23 15835.90000 5.23700000 493.89000 73.73000 13.18000 63.75600
 1 12 20 16 24 15844.00000 5.23800000 493.87000 73.71000 13.18000 63.75600
 1 12 20 16 24 15850.00000 5.23800000 494.71000 74.09000 13.18000 63.75600
 1 12 20 16 25 15873.30000 5.23800000 494.68000 74.27000 13.18000 63.75600
 1 12 20 16 25 15900.10000 5.23800000 496.04000 74.46000 13.21200 63.75000
 1 12 20 16 26 15889.90000 5.23800000 496.51000 74.59000 13.21200 63.65600
 1 12 20 16 26 15870.00000 5.23800000 495.87000 74.37000 13.21200 63.65600
 1 12 20 16 26 15839.10000 5.23800000 495.19000 74.19000 13.21200 63.65600
 1 12 20 16 27 15835.70000 5.23800000 495.03000 73.92000 13.21200 63.60300
 1 12 20 16 27 15800.00000 5.23800000 493.52000 73.70000 13.21200 63.60300
 1 12 20 16 28 15799.90000 5.23800000 493.97000 73.70000 13.21200 63.60300
 1 12 20 16 28 15800.00000 5.23800000 494.22000 73.84000 13.21200 63.60300
 1 12 20 16 29 15813.80000 5.23800000 494.22000 73.87000 13.21200 63.60300
 1 12 20 16 29 15800.10000 5.23800000 494.61000 73.83000 13.21200 63.60300
 1 12 20 16 29 15800.10000 5.23800000 493.40000 73.76000 13.21200 63.60300
 1 12 20 16 30 15774.30000 5.20400000 492.44000 73.37000 13.21200 63.60300
 1 12 20 16 30 15818.70000 5.20400000 493.00000 73.93000 13.21200 63.60300
 1 12 20 16 31 15817.50000 5.20400000 493.42000 74.10000 13.21200 63.42000
 1 12 20 16 31 15842.00000 5.20400000 494.20000 74.10000 13.21200 63.52300
 1 12 20 16 32 15836.30000 5.20400000 494.52000 74.09000 13.21200 63.52300
 1 12 20 16 32 15817.50000 5.20400000 493.90000 73.82000 13.21200 63.52300
 1 12 20 16 32 15809.70000 5.20400000 492.86000 73.64000 13.21200 63.52300
 1 12 20 16 33 15810.00000 5.20400000 492.91000 73.72000 13.21200 63.52300
 1 12 20 16 33 15800.40000 5.20400000 492.72000 73.68000 13.21200 63.41800
 1 12 20 16 34 15810.00000 5.20400000 493.27000 73.73000 13.21200 63.41800
 1 12 20 16 34 15835.80000 5.20400000 493.94000 73.86000 13.21200 63.41800
 1 12 20 16 35 15850.00000 5.20400000 494.41000 74.15000 13.21200 63.41800
 1 12 20 16 35 15830.00000 5.20400000 493.93000 73.95000 13.21200 63.41800
 1 12 20 16 35 15850.00000 5.20400000 494.50000 74.02000 13.18000 63.41800
 1 12 20 16 36 15870.40000 5.20400000 496.44000 74.14000 13.18000 63.41800
 1 12 20 16 36 15890.80000 5.20400000 497.37000 74.34000 13.18000 63.41800
 1 12 20 16 37 15890.70000 5.20400000 497.60000 74.48000 13.18000 63.92800
 1 12 20 16 37 15889.30000 5.20400000 496.43000 74.30000 13.18000 63.92800
 1 12 20 16 38 15901.90000 5.26500000 497.05000 74.49000 13.18000 63.92800
 1 12 20 16 38 15900.00000 5.26500000 497.05000 74.60000 13.18000 63.81900
 1 12 20 16 38 15900.10000 5.26200000 497.10000 74.72000 13.18000 63.81900
 1 12 20 16 39 15900.10000 5.26200000 497.18000 74.61000 13.18000 63.81900
 1 12 20 16 39 15901.60000 5.26200000 496.41000 74.61000 13.18000 63.81900
 1 12 20 16 40 15865.40000 5.26200000 494.37000 74.13000 13.18000 63.81900
 1 12 20 16 40 15838.90000 5.23000000 494.01000 74.12000 13.18000 63.81900
 1 12 20 16 41 15829.90000 5.22200000 493.80000 74.04000 13.18000 63.81900
 1 12 20 16 41 15852.10000 5.22200000 493.76000 73.99000 13.18000 63.81900
 1 12 20 16 41 15845.60000 5.22200000 493.94000 74.07000 13.18000 63.81900
 1 12 20 16 42 15826.70000 5.19400000 493.71000 73.85000 13.18000 63.81900
 1 12 20 16 42 15839.20000 5.19400000 493.41000 73.88000 13.18000 63.81900
 1 12 20 16 43 15826.30000 5.19400000 493.42000 73.88000 13.18000 63.81900
 1 12 20 16 43 15841.10000 5.23000000 493.68000 73.97000 13.18000 63.81900
 1 12 20 16 44 15840.00000 5.23000000 493.30000 73.82000 13.18000 63.50200
 1 12 20 16 44 15872.00000 5.23000000 494.68000 74.12000 13.18000 63.50200
 1 12 20 16 44 15882.80000 5.23000000 494.75000 74.28000 13.18000 63.81900
 1 12 20 16 45 15875.60000 5.23000000 494.58000 74.11000 13.18000 63.81900
 1 12 20 16 45 15860.10000 5.23000000 493.35000 73.76000 13.18000 63.44200
 1 12 20 16 46 15875.50000 5.23000000 494.73000 74.06000 13.18000 63.71500
 1 12 20 16 46 15912.00000 5.23000000 495.71000 73.88000 13.18000 63.71500
 1 12 20 16 47 15924.30000 5.23000000 496.41000 74.23000 13.18000 63.71500
 1 12 20 16 47 15924.70000 5.25000000 496.23000 74.23000 13.18000 63.71500
 1 12 20 16 47 15934.00000 5.25000000 496.66000 74.16000 13.18000 63.78600
 1 12 20 16 48 15932.50000 5.25000000 496.60000 74.02000 13.18000 63.78600
 1 12 20 16 48 15924.80000 5.25000000 495.72000 74.04000 13.18000 63.78600
 1 12 20 16 49 15923.80000 5.25000000 495.72000 73.86000 13.19400 63.78600
 1 12 20 16 49 15922.10000 5.25000000 496.32000 74.05000 13.18300 63.77500
 1 12 20 16 50 15922.10000 5.25000000 496.11000 74.05000 13.18300 63.83700
 1 12 20 16 50 15923.80000 5.25000000 496.30000 74.16000 13.18300 63.83700
 1 12 20 16 50 15929.40000 5.25000000 496.53000 74.18000 13.18300 63.83700
 1 12 20 16 51 15939.10000 5.22800000 496.44000 74.26000 13.18300 63.83700
 1 12 20 16 51 15922.60000 5.25500000 496.13000 74.20000 13.18300 63.83700
 1 12 20 16 52 15910.00000 5.25500000 495.11000 74.11000 13.18300 63.83700
 1 12 20 16 52 15887.70000 5.25500000 494.81000 73.91000 13.18300 63.83700
 1 12 20 16 53 15882.00000 5.25500000 494.14000 73.60000 13.18300 63.83700
 1 12 20 16 53 15880.00000 5.25500000 493.78000 73.60000 13.18300 63.83700
 1 12 20 16 53 15887.90000 5.25500000 493.29000 73.67000 13.18300 63.83700
 1 12 20 16 54 15862.80000 5.25500000 493.48000 73.55000 13.18300 63.83700
 1 12 20 16 54 15852.70000 5.25500000 493.12000 73.40000 13.18300 63.83700
 1 12 20 16 55 15852.80000 5.25500000 492.98000 73.35000 13.18300 63.83700
 1 12 20 16 55 15857.40000 5.25500000 493.30000 73.32000 13.18300 63.83700
 1 12 20 16 56 15834.30000 5.25500000 493.12000 73.21000 13.18300 63.83700
 1 12 20 16 56 15840.50000 5.25500000 493.19000 73.38000 13.18300 63.83700
 1 12 20 16 56 15830.10000 5.25500000 493.27000 73.35000 13.18300 63.83700
 1 12 20 16 57 15834.80000 5.25500000 493.49000 73.22000 13.18300 63.83700
 1 12 20 16 57 15840.00000 5.25500000 493.77000 73.39000 13.18300 63.83700
 1 12 20 16 58 15824.60000 5.25500000 493.31000 73.25000 13.18300 63.83700
 1 12 20 16 58 15853.30000 5.25500000 494.04000 73.35000 13.18300 64.07500
 1 12 20 16 59 15840.60000 5.21700000 494.79000 73.36000 13.18300 64.07500
 1 12 20 16 59 15826.70000 5.21700000 493.75000 73.27000 13.18300 64.07500
 1 12 20 16 59 15837.90000 5.21700000 493.88000 73.39000 13.18300 64.07500
 1 12 20 17 00 15828.20000 5.21700000 493.86000 73.44000 13.18300 64.07500
 1 12 20 17 00 15861.90000 5.21700000 495.35000 73.76000 13.18300 64.31300
 1 12 20 17 01 15862.00000 5.21700000 496.37000 73.80000 13.18300 64.48000
 1 12 20 17 01 15840.20000 5.21700000 494.97000 73.72000 13.18300 64.49400
 1 12 20 17 02 15840.20000 5.21700000 494.63000 73.63000 13.18000 64.35900
 1 12 20 17 02 15819.60000 5.21700000 493.86000 73.46000 13.18000 64.35900
 1 12 20 17 02 15818.70000 5.22300000 492.99000 73.30000 13.25500 64.11600
 1 12 20 17 03 15812.60000 5.19100000 492.66000 73.30000 13.18000 64.12100
 1 12 20 17 03 15806.70000 5.19100000 492.44000 73.25000 13.18000 64.12100
 1 12 20 17 04 15806.10000 5.17700000 492.01000 73.15000 13.18000 64.12100
 1 12 20 17 04 15800.00000 5.17700000 490.65000 72.93000 13.18000 64.12100
 1 12 20 17 05 15806.00000 5.17100000 491.42000 72.94000 13.18000 63.96600
 1 12 20 17 05 15806.20000 5.17100000 491.37000 72.94000 13.18000 63.96600
 1 12 20 17 05 15783.60000 5.17000000 490.47000 72.92000 13.18000 63.90200
 1 12 20 17 06 15805.30000 5.17000000 491.58000 73.09000 13.18000 63.90200
 1 12 20 17 06 15783.60000 5.16400000 490.33000 72.92000 13.18000 63.90200
 1 12 20 17 07 15755.70000 5.15400000 489.71000 72.65000 13.18000 63.90200
 1 12 20 17 07 15698.40000 5.14600000 488.53000 72.55000 13.18000 63.65000
 1 12 20 17 08 15636.60000 5.13300000 487.72000 72.21000 13.18000 63.65000
