M=[
12 3 21 06 42 47701.20000 10.26500000 1511.84000 174.76000 27.11800 128.65900
12 3 21 06 42 47691.60000 10.26500000 1511.88000 174.76000 27.11800 128.65900
12 3 21 06 43 47691.70000 10.26500000 1512.08000 174.56000 27.11800 128.65900
12 3 21 06 43 47691.60000 10.26300000 1512.07000 174.48000 27.11800 128.65900
12 3 21 06 44 47675.10000 10.26300000 1511.30000 174.50000 26.70600 128.65900
12 3 21 06 44 47687.10000 10.26300000 1511.34000 174.66000 26.70600 128.65900
12 3 21 06 45 47687.50000 10.26300000 1510.85000 174.43000 26.70600 128.50300
12 3 21 06 45 47611.80000 10.26300000 1508.32000 174.32000 26.70600 128.44300
12 3 21 06 45 47602.00000 10.26300000 1508.93000 174.32000 26.70600 128.19000
12 3 21 06 46 47642.80000 10.26300000 1508.93000 174.65000 26.70600 128.19000
12 3 21 06 46 47643.80000 10.26300000 1510.19000 174.66000 26.70600 128.19000
12 3 21 06 47 47680.30000 10.26300000 1511.14000 174.88000 26.70600 128.19000
12 3 21 06 47 47700.70000 10.26300000 1511.34000 175.01000 26.70600 128.19000
12 3 21 06 47 47701.00000 10.26300000 1512.10000 174.80000 26.70600 128.19000
12 3 21 06 48 47707.30000 10.26300000 1512.10000 174.80000 26.70600 128.19000
12 3 21 06 48 47698.60000 10.26300000 1511.12000 174.75000 26.70600 128.19000
12 3 21 06 49 47715.40000 10.26300000 1510.66000 174.75000 26.70600 128.19000
12 3 21 06 49 47715.40000 10.26300000 1510.66000 174.78000 27.00800 128.19000
12 3 21 06 50 47739.50000 10.26300000 1510.66000 174.91000 27.00800 128.31000
12 3 21 06 50 47715.50000 10.26300000 1510.74000 174.88000 27.00800 128.31000
12 3 21 06 50 47715.50000 10.26300000 1509.97000 174.88000 27.00800 128.31000
12 3 21 06 51 47715.60000 10.26300000 1511.65000 174.86000 27.00800 128.31000
12 3 21 06 51 47715.60000 10.26300000 1510.93000 174.86000 27.00800 128.31000
12 3 21 06 52 47699.00000 10.27800000 1512.06000 174.98000 27.00800 128.31000
12 3 21 06 52 47679.80000 10.27800000 1512.06000 174.74000 27.00800 128.31000
12 3 21 06 53 47654.40000 10.27800000 1510.52000 174.74000 27.00800 128.31000
12 3 21 06 53 47629.60000 10.27800000 1510.51000 174.74000 27.00800 128.31000
12 3 21 06 53 47659.10000 10.27800000 1511.61000 174.74000 27.00800 128.31000
12 3 21 06 54 47659.00000 10.27800000 1511.10000 174.74000 27.00800 128.31000
12 3 21 06 54 47659.00000 10.27800000 1511.10000 174.74000 27.00800 128.31000
12 3 21 06 55 47677.80000 10.25800000 1512.23000 174.60000 27.00800 128.31000
12 3 21 06 55 47693.70000 10.25800000 1513.65000 174.70000 27.00800 128.31000
12 3 21 06 56 47699.30000 10.25800000 1512.70000 174.70000 27.00800 128.31000
12 3 21 06 56 47756.60000 10.25800000 1515.35000 174.70000 27.00800 128.31000
12 3 21 06 56 47729.50000 10.25800000 1513.95000 174.78000 27.00800 128.31000
12 3 21 06 57 47736.80000 10.25800000 1513.46000 174.78000 27.00800 128.31000
12 3 21 06 57 47736.70000 10.25800000 1512.66000 174.78000 27.00800 128.31000
12 3 21 06 58 47710.20000 10.25800000 1512.65000 174.78000 27.00800 128.31000
12 3 21 06 58 47705.00000 10.25800000 1513.18000 174.59000 27.00800 128.31000
12 3 21 06 59 47700.10000 10.25800000 1513.18000 174.46000 27.10600 128.31000
12 3 21 06 59 47700.00000 10.25800000 1512.28000 174.56000 27.10600 128.31000
12 3 21 06 59 47700.00000 10.25800000 1511.83000 174.56000 27.10600 128.31000
12 3 21 07 00 47651.80000 10.25800000 1511.04000 174.57000 27.10600 128.15900
12 3 21 07 00 47629.60000 10.25800000 1510.00000 174.35000 27.10600 128.15900
12 3 21 07 01 47588.30000 10.25800000 1509.14000 174.29000 27.10600 128.00300
12 3 21 07 01 47567.00000 10.25800000 1508.86000 174.29000 27.10600 128.00300
12 3 21 07 02 47512.80000 10.25800000 1508.00000 173.74000 27.10600 127.69400
12 3 21 07 02 47512.30000 10.24600000 1506.62000 173.88000 27.13900 127.56300
12 3 21 07 02 47501.00000 10.25100000 1506.63000 173.80000 27.13900 127.49300
12 3 21 07 03 47492.00000 10.25100000 1506.63000 173.80000 27.13900 127.49300
12 3 21 07 03 47470.00000 10.25100000 1506.00000 173.65000 27.13900 127.49300
12 3 21 07 04 47440.30000 10.21200000 1505.36000 173.47000 27.13900 127.49300
12 3 21 07 04 47499.10000 10.21200000 1504.22000 173.46000 27.13900 127.49300
12 3 21 07 05 47478.30000 10.21200000 1504.31000 173.48000 27.13900 127.49300
12 3 21 07 05 47526.20000 10.21200000 1505.31000 173.91000 27.13900 127.49300
12 3 21 07 05 47523.70000 10.21200000 1506.10000 173.88000 27.13900 127.49300
12 3 21 07 06 47507.90000 10.21200000 1506.39000 173.78000 27.13900 127.49300
12 3 21 07 06 47488.20000 10.21200000 1505.62000 173.72000 27.13900 127.49300
12 3 21 07 07 47488.20000 10.21200000 1504.56000 173.76000 27.13900 127.49300
12 3 21 07 07 47497.80000 10.21200000 1505.63000 173.94000 27.13900 127.49300
12 3 21 07 08 47501.70000 10.21200000 1505.00000 173.94000 27.13900 127.49300
12 3 21 07 08 47501.70000 10.21200000 1504.99000 173.88000 27.13900 127.49300
12 3 21 07 08 47488.40000 10.21200000 1504.36000 173.84000 27.10800 127.49300
12 3 21 07 09 47501.70000 10.21200000 1505.00000 173.84000 27.10800 127.49300
12 3 21 07 09 47501.60000 10.21200000 1505.00000 173.88000 27.10800 127.50400
12 3 21 07 10 47490.10000 10.21200000 1504.49000 173.79000 27.10800 127.50400
12 3 21 07 10 47501.80000 10.20900000 1504.30000 173.94000 27.10800 127.50400
12 3 21 07 11 47498.50000 10.20900000 1504.30000 173.82000 27.10800 127.50400
12 3 21 07 11 47476.30000 10.20900000 1501.47000 173.82000 27.10800 127.50400
12 3 21 07 11 47437.60000 10.20900000 1500.98000 173.68000 27.10800 127.50400
12 3 21 07 12 47449.90000 10.20900000 1502.61000 173.54000 27.10800 127.50400
12 3 21 07 12 47437.10000 10.20900000 1501.97000 173.54000 27.10800 127.25400
12 3 21 07 13 47493.50000 10.20900000 1502.62000 173.72000 27.10800 127.25400
12 3 21 07 13 47485.30000 10.20900000 1502.60000 173.72000 27.10800 127.25400
12 3 21 07 14 47446.10000 10.20900000 1501.13000 173.63000 27.10800 126.98200
12 3 21 07 14 47449.30000 10.20900000 1501.16000 173.61000 27.10800 126.98200
12 3 21 07 14 47442.60000 10.20900000 1500.34000 173.34000 27.10800 126.98200
12 3 21 07 15 47424.10000 10.20900000 1500.01000 173.53000 27.10800 126.98200
12 3 21 07 15 47439.90000 10.20900000 1501.05000 173.49000 27.10800 126.98200
12 3 21 07 16 47465.30000 10.20900000 1501.00000 173.79000 27.10800 126.98200
12 3 21 07 16 47452.00000 10.20900000 1501.00000 173.79000 27.10800 126.98200
12 3 21 07 17 47459.40000 10.20900000 1501.00000 173.79000 27.10800 126.98200
12 3 21 07 17 47488.90000 10.20900000 1503.01000 173.86000 27.10800 126.98200
12 3 21 07 17 47457.20000 10.20900000 1501.18000 173.86000 27.10800 126.98200
12 3 21 07 18 47489.90000 10.20900000 1501.83000 173.86000 27.10800 126.98200
12 3 21 07 18 47490.00000 10.20900000 1502.12000 173.91000 27.10800 126.98200
12 3 21 07 19 47465.80000 10.20900000 1502.11000 173.75000 27.10800 126.98200
12 3 21 07 19 47490.00000 10.20900000 1502.11000 174.00000 27.10800 126.98200
12 3 21 07 20 47481.50000 10.20000000 1501.42000 174.00000 27.10800 126.98200
12 3 21 07 20 47481.50000 10.17700000 1501.54000 174.05000 27.10800 126.98200
12 3 21 07 20 47475.70000 10.17700000 1501.95000 174.05000 27.10800 126.98200
12 3 21 07 21 47478.80000 10.17700000 1501.95000 174.06000 27.10800 127.19300
12 3 21 07 21 47482.80000 10.17700000 1501.96000 174.11000 27.10800 127.19300
12 3 21 07 22 47478.00000 10.17700000 1502.00000 173.96000 27.10800 127.19300
12 3 21 07 22 47450.00000 10.17700000 1501.95000 173.80000 27.10800 127.16200
12 3 21 07 23 47366.40000 10.17700000 1499.79000 173.75000 27.10800 127.16200
12 3 21 07 23 47330.40000 10.17700000 1497.81000 173.75000 27.10800 127.16200
12 3 21 07 23 47335.10000 10.15500000 1497.56000 173.15000 27.10800 127.13300
12 3 21 07 24 47332.50000 10.13400000 1497.78000 173.31000 27.10800 126.60100
12 3 21 07 24 47337.20000 10.13400000 1497.48000 173.35000 27.10800 126.94200
12 3 21 07 25 47319.70000 10.13400000 1497.35000 173.13000 27.10800 126.94200
12 3 21 07 25 47335.90000 10.13400000 1497.00000 173.32000 27.10800 126.94200
