M=[
30 7 21 00 38 33687.80000 41.73600000 2017.60000 118.89000 22.36400 90.87800
30 7 21 00 39 33685.30000 41.73600000 2018.15000 118.89000 22.36400 90.87800
30 7 21 00 39 33680.60000 41.73600000 2018.97000 118.89000 22.36400 90.87800
30 7 21 00 39 33702.80000 41.73600000 2021.97000 118.89000 22.36400 90.87800
30 7 21 00 40 33675.20000 41.85100000 2019.70000 119.23000 22.36400 90.87800
30 7 21 00 40 33669.10000 41.85100000 2017.29000 119.23000 22.36400 90.87800
30 7 21 00 41 33650.20000 41.85100000 2014.57000 119.06000 22.36400 90.87800
30 7 21 00 41 33650.20000 41.85100000 2014.50000 119.06000 22.36400 90.87800
30 7 21 00 42 33644.60000 41.85100000 2014.61000 119.06000 22.36400 90.87800
30 7 21 00 42 33652.00000 41.83300000 2014.70000 119.06000 22.36400 90.87800
30 7 21 00 42 33648.90000 41.83300000 2013.57000 119.06000 22.36400 90.87800
30 7 21 00 43 33649.00000 41.83300000 2013.57000 119.06000 22.36400 90.87800
30 7 21 00 43 33644.60000 41.83300000 2013.57000 119.06000 22.36400 90.87800
30 7 21 00 44 33648.20000 41.71300000 2013.57000 119.06000 22.36400 90.87800
30 7 21 00 44 33648.20000 41.71300000 2013.57000 119.06000 22.36400 90.87800
30 7 21 00 45 33648.20000 41.71300000 2013.04000 119.06000 22.36400 90.87800
30 7 21 00 45 33648.20000 41.71300000 2013.04000 119.06000 22.36400 90.87800
30 7 21 00 45 33648.20000 41.71300000 2013.04000 119.06000 22.36400 90.87800
30 7 21 00 46 33642.80000 41.71300000 2013.03000 118.75000 22.36400 90.87800
30 7 21 00 46 33635.90000 41.71300000 2013.03000 118.61000 22.36400 90.87800
30 7 21 00 47 33635.80000 41.71300000 2010.46000 118.61000 22.36400 90.87800
30 7 21 00 47 33575.30000 41.71300000 2005.39000 118.46000 22.36400 90.87800
30 7 21 00 48 33575.00000 41.71300000 2006.00000 118.36000 22.36400 90.87800
30 7 21 00 48 33571.70000 41.71300000 2006.00000 118.36000 22.36400 90.87800
30 7 21 00 48 33571.70000 41.71300000 2006.00000 118.36000 22.36400 90.87800
30 7 21 00 49 33595.60000 41.71300000 2007.48000 118.36000 22.36400 90.87800
30 7 21 00 49 33592.40000 41.71300000 2009.01000 118.36000 22.36400 90.87800
30 7 21 00 50 33631.70000 41.71300000 2009.84000 118.45000 22.36400 90.87800
30 7 21 00 50 33631.70000 41.71300000 2010.92000 118.45000 22.36400 90.87800
30 7 21 00 51 33631.70000 41.71300000 2010.49000 118.45000 22.36400 90.87800
30 7 21 00 51 33631.70000 41.71300000 2010.37000 118.45000 22.36400 90.87800
30 7 21 00 52 33638.70000 41.71300000 2011.47000 118.45000 22.36400 90.87800
30 7 21 00 52 33638.70000 41.71300000 2011.47000 118.45000 22.36400 90.87800
30 7 21 00 52 33631.70000 41.71300000 2011.26000 118.45000 22.36400 90.87800
30 7 21 00 53 33625.20000 41.71300000 2011.26000 118.45000 22.36400 90.87800
30 7 21 00 53 33625.20000 41.71300000 2011.26000 118.45000 22.36400 90.87800
30 7 21 00 54 33625.20000 41.71300000 2010.63000 118.45000 22.36400 90.87800
30 7 21 00 54 33625.10000 41.71300000 2010.63000 118.45000 22.36400 90.87800
30 7 21 00 55 33607.90000 41.71300000 2012.15000 118.45000 22.36400 90.87800
30 7 21 00 55 33618.80000 41.71300000 2012.12000 118.53000 22.36400 90.87800
30 7 21 00 55 33615.20000 41.71300000 2012.12000 118.49000 22.36400 90.87800
30 7 21 00 56 33613.90000 41.71300000 2012.12000 118.49000 22.36400 90.87800
30 7 21 00 56 33613.90000 41.71300000 2012.59000 118.49000 22.36400 90.87800
30 7 21 00 57 33593.00000 41.71300000 2012.59000 118.49000 22.36400 90.87800
30 7 21 00 57 33593.00000 41.71300000 2013.72000 118.49000 22.36400 90.87800
30 7 21 00 58 33593.00000 41.71300000 2013.72000 118.49000 22.36400 90.87800
30 7 21 00 58 33593.00000 41.71300000 2013.49000 118.49000 22.36400 90.87800
30 7 21 00 58 33592.90000 41.71300000 2013.49000 118.49000 22.36400 90.87800
30 7 21 00 59 33598.70000 41.71300000 2013.92000 118.49000 22.36400 90.87800
30 7 21 00 59 33598.70000 41.71300000 2013.92000 118.49000 22.36400 90.87800
30 7 21 01 00 33606.30000 41.71300000 2015.47000 118.48000 22.36400 90.87800
30 7 21 01 00 33621.90000 41.71300000 2015.47000 118.48000 22.36400 91.12600
30 7 21 01 01 33625.10000 41.71300000 2015.47000 118.48000 22.36400 91.12600
30 7 21 01 01 33623.10000 41.71300000 2017.07000 118.48000 22.36400 91.12600
30 7 21 01 01 33614.20000 41.71300000 2017.07000 118.48000 22.36400 91.12600
30 7 21 01 02 33591.70000 41.71300000 2017.07000 118.48000 22.36400 91.12600
30 7 21 01 02 33583.20000 41.71300000 2017.07000 118.48000 22.36400 91.12600
30 7 21 01 03 33571.70000 41.71300000 2010.56000 118.28000 22.36400 91.12600
30 7 21 01 03 33572.30000 41.71300000 2011.87000 118.28000 22.36400 91.12600
30 7 21 01 04 33571.80000 41.71300000 2013.04000 118.30000 22.36400 91.12600
30 7 21 01 04 33571.80000 41.71300000 2013.04000 118.30000 22.36400 91.12600
30 7 21 01 04 33571.80000 41.71300000 2013.80000 118.30000 22.36400 91.12600
30 7 21 01 05 33571.80000 41.71300000 2013.80000 118.30000 22.36400 91.12600
30 7 21 01 05 33606.20000 41.71300000 2013.80000 118.30000 22.36400 91.12600
30 7 21 01 06 33601.90000 41.71300000 2014.05000 118.30000 22.36400 91.12600
30 7 21 01 06 33601.90000 41.71300000 2017.91000 118.30000 22.36400 91.12600
30 7 21 01 07 33601.90000 41.71300000 2017.91000 118.30000 22.36400 91.12600
30 7 21 01 07 33625.10000 41.71300000 2017.91000 118.49000 22.36400 91.12600
30 7 21 01 08 33625.00000 41.71300000 2017.91000 118.54000 22.36400 91.12600
30 7 21 01 08 33625.10000 41.71300000 2017.91000 118.56000 22.36400 91.12600
30 7 21 01 08 33625.10000 41.71300000 2017.91000 118.56000 22.36400 91.12600
30 7 21 01 09 33625.10000 41.71300000 2018.29000 118.49000 22.36300 91.12600
30 7 21 01 09 33625.00000 41.71300000 2018.29000 118.49000 22.36300 91.12600
30 7 21 01 10 33638.50000 41.73000000 2018.29000 118.49000 22.36300 91.12600
30 7 21 01 10 33638.50000 41.73000000 2018.23000 118.49000 22.36300 91.12600
30 7 21 01 11 33638.50000 41.73000000 2018.23000 118.49000 22.36300 91.12600
30 7 21 01 11 33602.70000 41.73000000 2016.82000 118.49000 22.36300 91.12600
30 7 21 01 11 33613.80000 41.73000000 2016.82000 118.49000 22.36300 91.12600
30 7 21 01 12 33603.90000 41.73000000 2019.27000 118.46000 22.36300 91.12600
30 7 21 01 12 33603.90000 41.73000000 2019.27000 118.46000 22.36300 91.12600
30 7 21 01 13 33610.80000 41.73000000 2018.93000 118.46000 22.36300 91.35000
30 7 21 01 13 33631.70000 41.73000000 2019.84000 118.68000 22.36300 91.36300
30 7 21 01 14 33631.60000 41.73000000 2022.28000 118.66000 22.36300 91.36300
30 7 21 01 14 33638.70000 41.73000000 2022.28000 118.66000 22.36300 91.36300
30 7 21 01 14 33684.20000 41.73000000 2025.00000 118.66000 22.36300 91.36300
30 7 21 01 15 33684.20000 41.73000000 2026.99000 118.66000 22.36300 91.36300
30 7 21 01 15 33702.80000 41.73000000 2029.00000 118.66000 22.36300 91.36300
30 7 21 01 16 33715.30000 41.73000000 2028.23000 118.66000 22.36300 91.36300
30 7 21 01 16 33699.90000 41.73000000 2024.32000 118.66000 22.36300 91.36300
30 7 21 01 17 33665.00000 41.73000000 2023.20000 118.66000 22.36300 91.36300
30 7 21 01 17 33647.80000 41.73000000 2023.00000 118.66000 22.36300 91.36300
30 7 21 01 17 33651.60000 41.73000000 2023.00000 118.66000 22.36300 91.36300
30 7 21 01 18 33651.70000 41.73000000 2023.00000 118.66000 22.36300 91.36300
30 7 21 01 18 33651.70000 41.73000000 2023.00000 118.74000 22.36300 91.36300
30 7 21 01 19 33649.80000 41.73000000 2023.95000 118.74000 22.36300 91.36300
30 7 21 01 19 33649.80000 41.73000000 2023.95000 118.74000 22.36300 91.36300
30 7 21 01 20 33631.50000 41.73000000 2023.95000 118.74000 22.36300 91.36300
30 7 21 01 20 33631.50000 41.73000000 2023.95000 118.74000 22.36300 91.36300
30 7 21 01 21 33617.60000 41.94300000 2023.95000 118.74000 22.36300 91.36300
30 7 21 01 21 33630.20000 41.94300000 2021.07000 118.74000 22.36300 91.36300
30 7 21 01 21 33630.20000 41.92700000 2021.07000 118.74000 22.36300 91.36300
30 7 21 01 22 33624.50000 41.92700000 2020.45000 118.74000 22.36300 91.36300
30 7 21 01 22 33631.80000 41.86600000 2021.86000 118.74000 22.36300 91.36300
