M=[
26 4 21 19 41 44688.60000 26.92600000 2063.40000 203.22000 31.99000 185.31600
26 4 21 19 41 44666.50000 26.93500000 2062.01000 203.15000 31.99000 185.31600
26 4 21 19 41 44661.60000 26.93500000 2061.21000 203.13000 31.99000 185.33400
26 4 21 19 42 44694.20000 26.94200000 2063.01000 203.30000 31.99000 185.33400
26 4 21 19 42 44691.60000 26.94200000 2062.63000 203.38000 31.99000 185.33400
26 4 21 19 43 44657.90000 26.94200000 2060.16000 203.38000 31.99000 185.33400
26 4 21 19 43 44651.50000 26.94200000 2060.75000 203.38000 31.99000 185.33400
26 4 21 19 44 44679.50000 26.79600000 2061.59000 203.09000 31.99000 185.33400
26 4 21 19 44 44665.60000 26.79600000 2061.60000 203.18000 31.99000 185.49000
26 4 21 19 44 44667.80000 26.79600000 2062.43000 203.09000 32.25200 185.49000
26 4 21 19 45 44652.50000 26.79600000 2062.22000 203.05000 32.20200 185.49000
26 4 21 19 45 44654.30000 26.79600000 2061.43000 203.12000 32.20200 185.49000
26 4 21 19 46 44639.90000 26.80300000 2060.98000 203.10000 32.20200 185.63000
26 4 21 19 46 44640.90000 26.80300000 2061.05000 203.07000 32.20200 185.63000
26 4 21 19 47 44651.60000 26.80300000 2062.90000 203.15000 32.20200 185.59300
26 4 21 19 47 44640.00000 26.80300000 2062.14000 203.15000 32.20200 185.61400
26 4 21 19 47 44607.90000 26.80300000 2059.37000 202.83000 32.20200 185.61400
26 4 21 19 48 44615.50000 26.80300000 2059.44000 202.78000 32.20200 185.61400
26 4 21 19 48 44609.70000 26.80300000 2059.36000 202.78000 32.20200 185.61400
26 4 21 19 49 44606.70000 26.80300000 2059.35000 202.78000 32.20200 185.61400
26 4 21 19 49 44580.40000 26.80300000 2059.16000 202.72000 32.20200 185.61400
26 4 21 19 50 44567.40000 26.81700000 2058.70000 202.76000 32.20200 185.61400
26 4 21 19 50 44612.70000 26.81700000 2063.01000 203.11000 32.00900 185.61400
26 4 21 19 50 44639.90000 26.81700000 2062.68000 203.10000 32.00900 185.61400
26 4 21 19 51 44649.00000 26.81700000 2064.08000 203.15000 32.00900 185.61400
26 4 21 19 51 44649.00000 26.81700000 2064.69000 203.15000 32.00900 185.61400
26 4 21 19 52 44749.00000 26.81700000 2067.75000 203.18000 32.00900 185.61400
26 4 21 19 52 44762.30000 26.81700000 2067.76000 203.38000 32.00900 185.20000
26 4 21 19 53 44781.80000 26.81700000 2067.20000 203.38000 32.00900 185.20000
26 4 21 19 53 44765.10000 26.81700000 2065.32000 203.55000 32.00900 185.20000
26 4 21 19 53 44763.70000 26.81700000 2064.44000 203.55000 31.81800 185.20000
26 4 21 19 54 44790.70000 26.81700000 2066.30000 203.55000 31.81800 185.20000
26 4 21 19 54 44785.30000 26.81700000 2066.30000 203.55000 31.81800 185.20000
26 4 21 19 55 44796.20000 26.81700000 2065.52000 203.55000 31.81800 185.20000
26 4 21 19 55 44800.00000 26.81700000 2064.83000 203.55000 31.81800 185.20000
26 4 21 19 56 44775.20000 26.81700000 2062.39000 203.41000 31.81800 184.95200
26 4 21 19 56 44781.40000 26.81700000 2062.50000 203.45000 31.81800 184.95200
26 4 21 19 56 44777.20000 26.81700000 2062.50000 203.40000 31.81800 184.95200
26 4 21 19 57 44803.40000 26.81700000 2063.43000 203.73000 31.81800 184.88600
26 4 21 19 57 44784.40000 26.81700000 2063.76000 203.73000 31.81800 184.88600
26 4 21 19 58 44787.40000 26.81700000 2063.89000 203.64000 31.81800 184.88600
26 4 21 19 58 44783.90000 26.81700000 2063.83000 203.64000 31.81800 184.88600
26 4 21 19 59 44792.30000 26.81700000 2063.68000 203.54000 31.81800 184.88600
26 4 21 19 59 44843.70000 26.81700000 2065.78000 203.49000 31.81800 185.30000
26 4 21 19 59 44832.50000 26.81700000 2065.37000 203.87000 31.81800 185.30000
26 4 21 20 00 44799.70000 26.81700000 2063.67000 203.71000 31.81800 185.08300
26 4 21 20 00 44763.50000 26.92500000 2062.26000 203.50000 31.81800 185.08300
26 4 21 20 01 44721.20000 26.92500000 2060.02000 203.50000 31.81800 184.37700
26 4 21 20 01 44715.30000 26.86600000 2060.30000 203.14000 31.81800 184.37700
26 4 21 20 02 44698.60000 26.86600000 2059.22000 203.07000 31.81800 184.34200
26 4 21 20 02 44693.30000 26.86600000 2059.32000 202.90000 31.81800 184.12300
26 4 21 20 02 44706.40000 26.86600000 2060.30000 202.90000 31.81800 184.20700
26 4 21 20 03 44677.40000 26.86600000 2058.73000 202.90000 31.81800 184.20700
26 4 21 20 03 44681.10000 26.86600000 2058.69000 202.74000 31.81800 184.20700
26 4 21 20 04 44722.70000 26.79000000 2060.31000 203.12000 31.81800 184.20700
26 4 21 20 04 44718.10000 26.79000000 2060.57000 202.99000 31.81800 184.20700
26 4 21 20 05 44711.10000 26.79000000 2060.57000 203.00000 31.81800 184.44200
26 4 21 20 05 44697.30000 26.79100000 2061.13000 203.00000 31.81800 184.44200
26 4 21 20 05 44692.30000 26.79100000 2061.49000 202.88000 31.81800 184.79700
26 4 21 20 06 44680.50000 26.79100000 2059.83000 202.88000 31.81800 184.79700
26 4 21 20 06 44679.70000 26.79100000 2059.63000 202.84000 32.16200 184.79700
26 4 21 20 07 44687.00000 26.79100000 2059.42000 202.77000 32.16200 184.79700
26 4 21 20 07 44694.20000 26.79100000 2059.84000 202.77000 32.16200 184.79700
26 4 21 20 08 44693.40000 26.79100000 2059.83000 202.87000 32.16200 184.48600
26 4 21 20 08 44709.70000 26.79100000 2059.84000 202.92000 32.16200 184.48600
26 4 21 20 08 44705.00000 26.79100000 2059.84000 202.92000 32.16200 184.48600
26 4 21 20 09 44737.50000 26.79100000 2062.41000 203.15000 32.16200 184.48600
26 4 21 20 09 44740.00000 26.79100000 2060.96000 202.93000 32.16200 184.48600
26 4 21 20 10 44721.60000 26.76000000 2061.60000 203.09000 32.16200 184.48600
26 4 21 20 10 44689.40000 26.76000000 2059.91000 202.82000 32.16200 184.14700
26 4 21 20 11 44683.40000 26.76000000 2059.90000 202.82000 32.47900 184.14700
26 4 21 20 11 44638.80000 26.76000000 2059.06000 202.82000 32.46400 184.14700
26 4 21 20 11 44615.70000 26.76000000 2058.37000 202.82000 32.46400 184.14700
26 4 21 20 12 44617.40000 26.76000000 2057.53000 202.57000 32.46400 184.14700
26 4 21 20 12 44638.30000 26.76000000 2058.26000 202.57000 32.46400 184.14700
26 4 21 20 13 44626.40000 26.76000000 2058.41000 202.57000 32.46400 184.14700
26 4 21 20 13 44622.60000 26.76000000 2058.86000 202.53000 32.46400 184.14700
26 4 21 20 14 44605.10000 26.76000000 2058.75000 202.43000 32.46400 184.14700
26 4 21 20 14 44622.20000 26.76000000 2057.81000 202.43000 32.46400 184.14700
26 4 21 20 14 44625.70000 26.76000000 2058.35000 202.51000 32.46400 184.14700
26 4 21 20 15 44625.00000 26.76000000 2062.51000 202.59000 32.26000 184.14700
26 4 21 20 15 44682.10000 26.76000000 2063.94000 202.90000 32.02500 184.14700
26 4 21 20 16 44662.00000 26.78600000 2063.18000 202.90000 32.02500 184.14700
26 4 21 20 16 44658.50000 26.78600000 2063.28000 202.68000 32.02500 184.14700
26 4 21 20 17 44541.50000 26.78600000 2056.52000 201.92000 32.02500 183.64200
26 4 21 20 17 44486.90000 26.78600000 2053.44000 201.86000 32.02500 183.46500
26 4 21 20 17 44444.80000 26.69500000 2054.30000 201.40000 31.97800 183.46500
26 4 21 20 18 44474.00000 26.69500000 2055.69000 201.37000 31.97800 183.36400
26 4 21 20 18 44457.30000 26.69500000 2054.24000 201.23000 31.97800 183.44200
26 4 21 20 19 44443.60000 26.69500000 2054.57000 201.10000 31.97800 183.36300
26 4 21 20 19 44437.80000 26.69500000 2054.21000 201.25000 31.97800 183.26900
26 4 21 20 20 44430.30000 26.69500000 2054.27000 201.32000 31.97800 183.49300
26 4 21 20 20 44428.00000 26.69500000 2055.44000 201.31000 31.97800 183.49300
26 4 21 20 20 44452.60000 26.69500000 2056.70000 201.52000 31.97800 183.49300
26 4 21 20 21 44366.80000 26.69500000 2053.22000 201.20000 31.97800 183.03400
26 4 21 20 21 44337.70000 26.69500000 2051.33000 200.78000 31.97800 183.07400
26 4 21 20 22 44361.70000 26.55700000 2051.34000 200.90000 31.97800 183.07400
26 4 21 20 22 44370.80000 26.55700000 2053.41000 200.97000 31.97800 183.07400
26 4 21 20 23 44374.80000 26.55700000 2051.73000 200.97000 31.97800 183.07400
26 4 21 20 23 44371.20000 26.55700000 2051.70000 200.83000 31.82100 183.18100
26 4 21 20 23 44384.30000 26.55700000 2054.26000 201.08000 31.82100 183.18100
26 4 21 20 24 44387.60000 26.55700000 2054.39000 201.08000 31.82100 183.16200
