M=[
25 5 20 00 55 8078.80000 6.12500000 185.99000 39.02000 11.25000 41.79800
25 5 20 00 55 8078.80000 6.12500000 185.99000 39.02000 11.25000 41.79800
25 5 20 00 56 8081.80000 6.12500000 186.09000 39.02000 11.03100 41.79800
25 5 20 00 56 8078.90000 6.12500000 186.09000 39.07000 11.25000 41.79800
25 5 20 00 56 8078.80000 6.12500000 186.05000 39.07000 11.25000 41.79800
25 5 20 00 57 8074.70000 6.12500000 186.05000 39.07000 11.25000 41.79800
25 5 20 00 57 8075.60000 6.12500000 186.05000 39.07000 11.25000 41.79800
25 5 20 00 58 8086.30000 6.12500000 186.12000 39.07000 11.25000 41.79800
25 5 20 00 58 8086.30000 6.11300000 186.12000 39.07000 11.25000 41.79800
25 5 20 00 59 8090.60000 6.12500000 186.12000 39.07000 11.25000 41.79800
25 5 20 00 59 8091.20000 6.12500000 186.23000 39.07000 11.25000 41.79800
25 5 20 01 00 8090.10000 6.12500000 186.23000 39.07000 11.25000 41.79800
25 5 20 01 00 8084.00000 6.12500000 186.24000 39.07000 11.25000 41.79800
25 5 20 01 01 8084.00000 6.12500000 186.24000 39.07000 11.25000 41.79800
25 5 20 01 01 8083.20000 6.12500000 186.24000 39.07000 11.25000 41.79800
25 5 20 01 02 8080.20000 6.12500000 186.24000 39.05000 11.25000 41.79800
25 5 20 01 02 8070.10000 6.12500000 186.24000 39.03000 11.25000 41.79800
25 5 20 01 03 8068.80000 6.12500000 186.24000 39.03000 11.25000 41.79800
25 5 20 01 03 8068.80000 6.12500000 185.72000 39.03000 11.25000 41.79800
25 5 20 01 04 8068.80000 6.12500000 185.72000 39.03000 11.25000 41.79800
25 5 20 01 04 8068.80000 6.12500000 185.75000 39.03000 11.25000 41.79800
25 5 20 01 04 8068.80000 6.12500000 185.75000 39.03000 11.25000 41.79800
25 5 20 01 05 8068.70000 6.12500000 185.75000 39.03000 11.25000 41.79800
25 5 20 01 05 8068.80000 6.11300000 185.75000 39.01000 11.25000 41.79800
25 5 20 01 06 8075.90000 6.12500000 185.78000 39.01000 11.25000 41.79800
25 5 20 01 06 8078.50000 6.12400000 185.75000 39.01000 11.25000 41.79800
25 5 20 01 07 8072.10000 6.12400000 185.78000 39.01000 11.25000 41.79800
25 5 20 01 07 8072.10000 6.11300000 185.78000 39.01000 11.25000 41.79800
25 5 20 01 08 8072.10000 6.12400000 185.78000 39.01000 11.25000 41.79800
25 5 20 01 08 8072.10000 6.12400000 185.75000 39.01000 11.25000 41.79800
25 5 20 01 09 8072.10000 6.12400000 186.09000 39.01000 11.25000 41.79800
25 5 20 01 09 8068.70000 6.12400000 186.09000 39.01000 11.25000 41.79800
25 5 20 01 10 8068.70000 6.12400000 186.09000 38.98000 11.25000 41.79800
25 5 20 01 10 8068.80000 6.12400000 186.09000 38.98000 11.25000 41.79800
25 5 20 01 10 8068.80000 6.12400000 185.79000 38.98000 11.03100 41.79800
25 5 20 01 11 8068.60000 6.12400000 185.79000 38.98000 11.25000 41.79800
25 5 20 01 11 8060.10000 6.12400000 185.88000 38.98000 11.25000 41.79800
25 5 20 01 12 8060.10000 6.12400000 185.85000 38.98000 11.25000 41.79800
25 5 20 01 12 8060.00000 6.12400000 185.85000 38.98000 11.25000 41.79800
25 5 20 01 13 8060.00000 6.11300000 185.85000 38.98000 11.25000 41.79800
25 5 20 01 13 8056.70000 6.12400000 185.80000 39.01000 11.25000 41.79800
25 5 20 01 14 8056.60000 6.12400000 185.59000 38.98000 11.25000 41.79800
25 5 20 01 14 8056.60000 6.12400000 185.59000 38.98000 11.25000 41.79800
25 5 20 01 15 8069.40000 6.12400000 185.59000 39.01000 11.25000 41.79800
25 5 20 01 15 8077.30000 6.12400000 185.59000 38.98000 11.25000 41.79800
25 5 20 01 16 8073.40000 6.12400000 185.59000 39.01000 11.25000 41.79800
25 5 20 01 16 8073.10000 6.12200000 185.59000 38.98000 11.25000 41.79800
25 5 20 01 17 8073.10000 6.12400000 185.63000 38.98000 11.25000 41.79800
25 5 20 01 17 8073.10000 6.12400000 185.59000 38.98000 11.25000 41.79800
25 5 20 01 18 8073.10000 6.12400000 185.59000 39.05000 11.25000 41.79800
25 5 20 01 18 8073.10000 6.12400000 185.59000 38.98000 11.25000 41.79800
25 5 20 01 18 8073.00000 6.12400000 186.04000 38.98000 11.25000 41.79800
25 5 20 01 19 8073.00000 6.12500000 185.98000 38.98000 11.25000 41.79800
25 5 20 01 19 8071.60000 6.12400000 185.98000 38.98000 11.25000 41.79800
25 5 20 01 20 8071.60000 6.12400000 185.98000 38.98000 11.25000 41.79800
25 5 20 01 20 8065.10000 6.12400000 185.98000 38.98000 11.25000 41.79800
25 5 20 01 21 8059.80000 6.12400000 185.98000 38.98000 11.25000 41.79800
25 5 20 01 21 8060.40000 6.12400000 185.98000 38.98000 11.25000 41.79800
25 5 20 01 22 8062.80000 6.12200000 185.98000 38.98000 11.25000 41.79800
25 5 20 01 22 8062.80000 6.12400000 185.54000 38.98000 11.25000 41.79800
25 5 20 01 23 8062.90000 6.12400000 185.54000 38.98000 11.25000 41.79800
25 5 20 01 23 8058.80000 6.09200000 185.54000 38.98000 11.25000 41.79800
25 5 20 01 24 8055.30000 6.09000000 185.54000 38.98000 11.25000 41.79800
25 5 20 01 24 8055.00000 6.09000000 185.54000 38.98000 11.03100 41.79800
25 5 20 01 25 8053.50000 6.09000000 185.53000 38.98000 11.25000 41.79800
25 5 20 01 25 8056.10000 6.09000000 185.53000 38.98000 11.25000 41.79800
25 5 20 01 25 8056.10000 6.09000000 185.53000 39.01000 11.25000 41.79800
25 5 20 01 26 8055.50000 6.09000000 185.53000 38.86000 11.25000 41.79800
25 5 20 01 26 8056.10000 6.09000000 185.53000 38.86000 11.25000 41.79800
25 5 20 01 27 8055.50000 6.09000000 185.53000 38.86000 11.25000 41.79800
25 5 20 01 27 8054.70000 6.09000000 185.53000 38.86000 11.25000 41.79800
25 5 20 01 28 8054.70000 6.09000000 185.25000 38.86000 11.25000 41.79800
25 5 20 01 28 8053.20000 6.09000000 185.25000 38.98000 11.25000 41.79800
25 5 20 01 29 8050.10000 6.09000000 185.21000 38.86000 11.25000 41.79800
25 5 20 01 29 8050.10000 6.09000000 185.21000 38.86000 11.25000 41.79800
25 5 20 01 30 8051.20000 6.09000000 185.21000 38.86000 11.25000 41.79800
25 5 20 01 30 8054.00000 6.09000000 185.29000 38.86000 11.25000 41.79800
25 5 20 01 31 8054.00000 6.09000000 185.39000 38.86000 11.25000 41.79800
25 5 20 01 31 8054.00000 6.09000000 185.39000 38.86000 11.25000 41.79800
25 5 20 01 31 8059.90000 6.09000000 185.53000 38.86000 11.25000 41.79800
25 5 20 01 32 8060.00000 6.09000000 185.53000 38.86000 11.25000 41.79800
25 5 20 01 32 8060.00000 6.09000000 185.53000 38.86000 11.25000 41.79800
25 5 20 01 33 8060.00000 6.09000000 185.53000 38.86000 11.25000 41.73100
25 5 20 01 33 8066.90000 6.09000000 185.53000 38.86000 11.25000 41.79800
25 5 20 01 34 8068.90000 6.09000000 185.75000 38.86000 11.25000 41.79800
25 5 20 01 34 8068.90000 6.09000000 185.75000 38.86000 11.25000 41.79800
25 5 20 01 35 8069.50000 6.09000000 185.75000 38.86000 11.25000 41.79800
25 5 20 01 35 8070.90000 6.09000000 185.74000 38.86000 11.25000 41.79800
25 5 20 01 36 8068.30000 6.09000000 185.74000 38.86000 11.25000 41.79800
25 5 20 01 36 8070.70000 6.09000000 185.75000 38.86000 11.25000 41.79800
25 5 20 01 37 8070.70000 6.09000000 185.94000 38.86000 11.25000 41.79800
25 5 20 01 37 8070.70000 6.09000000 185.94000 39.02000 11.25000 41.79800
25 5 20 01 38 8072.20000 6.09000000 185.94000 39.02000 11.25000 41.79800
25 5 20 01 38 8072.70000 6.09000000 185.95000 39.02000 11.25000 41.79800
25 5 20 01 38 8072.90000 6.09000000 185.95000 39.02000 11.25000 41.79800
25 5 20 01 39 8073.10000 6.09000000 185.95000 39.02000 11.25000 41.79800
25 5 20 01 39 8073.10000 6.09000000 185.95000 39.02000 11.25000 41.79800
25 5 20 01 40 8073.00000 6.09000000 185.95000 39.02000 11.25000 41.79800
25 5 20 01 40 8073.00000 6.09000000 185.95000 39.02000 11.25000 41.79800
25 5 20 01 41 8073.00000 6.09000000 185.95000 39.02000 11.25000 41.73100
25 5 20 01 41 8064.20000 6.09000000 186.00000 39.02000 11.25000 41.79800
25 5 20 01 42 8060.80000 6.09000000 185.64000 39.02000 11.25000 41.79800
25 5 20 01 42 8062.80000 6.09000000 185.64000 39.02000 11.25000 41.79800
25 5 20 01 43 8060.00000 6.09000000 185.64000 39.02000 11.25000 41.73100
25 5 20 01 43 8063.80000 6.09000000 185.64000 39.02000 11.25000 41.79800
25 5 20 01 44 8063.20000 6.09000000 185.64000 39.02000 11.25000 41.79800
25 5 20 01 44 8061.40000 6.09000000 185.64000 38.86000 11.25000 41.79800
25 5 20 01 44 8061.40000 6.09000000 185.64000 39.02000 11.25000 41.79800
25 5 20 01 45 8062.70000 6.09000000 185.64000 39.02000 11.25000 41.79800
