M=[
27 9 20 08 00 9167.80000 4.94100000 304.25000 39.20000 12.95000 47.24000
27 9 20 08 01 9167.30000 4.94200000 304.44000 39.17000 12.95000 47.24000
27 9 20 08 01 9167.10000 4.94200000 304.34000 39.17000 12.95000 47.24000
27 9 20 08 02 9165.70000 4.94200000 304.11000 39.14000 12.93500 47.09900
27 9 20 08 02 9165.70000 4.94200000 304.11000 39.14000 12.90000 47.12200
27 9 20 08 03 9167.10000 4.94200000 304.11000 39.14000 12.90000 47.12200
27 9 20 08 03 9167.10000 4.94200000 304.00000 39.14000 12.90000 47.12200
27 9 20 08 04 9167.90000 4.94200000 304.00000 39.14000 12.90000 47.12200
27 9 20 08 04 9167.90000 4.94200000 304.00000 39.14000 12.90000 47.12200
27 9 20 08 04 9162.30000 4.94200000 304.29000 39.14000 12.90000 47.12200
27 9 20 08 05 9163.70000 4.94200000 304.29000 39.16000 12.90000 47.12200
27 9 20 08 05 9163.60000 4.94200000 304.24000 39.16000 12.90000 47.12200
27 9 20 08 06 9162.00000 4.94200000 304.05000 39.16000 12.90000 47.08200
27 9 20 08 06 9162.00000 4.94200000 304.14000 39.16000 12.90000 47.08200
27 9 20 08 07 9161.90000 4.94200000 304.14000 39.16000 12.90000 47.08200
27 9 20 08 07 9164.10000 4.94200000 304.14000 39.16000 12.90000 47.09000
27 9 20 08 07 9163.50000 4.94200000 304.01000 39.16000 12.90000 47.09000
27 9 20 08 08 9164.00000 4.94200000 304.01000 39.16000 12.90000 47.09000
27 9 20 08 08 9166.10000 4.94200000 304.03000 39.16000 12.90000 47.09000
27 9 20 08 09 9163.60000 4.94200000 304.03000 39.16000 12.90000 47.09000
27 9 20 08 09 9163.50000 4.94800000 304.03000 39.16000 12.90000 47.09000
27 9 20 08 10 9165.50000 4.94800000 304.16000 39.16000 12.90000 47.09000
27 9 20 08 10 9164.90000 4.94800000 304.16000 39.16000 12.90000 47.09000
27 9 20 08 10 9165.90000 4.94800000 304.19000 39.16000 12.90000 47.09000
27 9 20 08 11 9165.90000 4.94800000 304.18000 39.16000 12.90000 47.09000
27 9 20 08 11 9165.90000 4.94300000 304.01000 39.11000 12.90000 47.09000
27 9 20 08 12 9163.50000 4.94300000 303.71000 39.11000 12.90000 47.09000
27 9 20 08 12 9163.60000 4.94300000 303.42000 39.11000 12.89200 47.09000
27 9 20 08 13 9159.30000 4.94300000 302.70000 38.98000 12.89200 46.88500
27 9 20 08 13 9152.20000 4.94300000 303.20000 39.01000 12.89200 46.88500
27 9 20 08 13 9152.40000 4.94300000 302.74000 38.98000 12.89200 46.82700
27 9 20 08 14 9150.60000 4.94300000 302.60000 38.95000 12.89200 46.82100
27 9 20 08 14 9150.60000 4.94200000 302.46000 38.91000 12.89200 46.82000
27 9 20 08 15 9150.10000 4.94200000 302.46000 38.91000 12.89200 46.82000
27 9 20 08 15 9150.50000 4.94200000 302.78000 38.91000 12.89200 46.82000
27 9 20 08 16 9150.10000 4.94200000 302.67000 38.91000 12.89200 46.82000
27 9 20 08 16 9150.00000 4.94200000 303.02000 38.91000 12.89200 46.82000
27 9 20 08 16 9157.00000 4.94200000 303.10000 38.91000 12.89200 46.82000
27 9 20 08 17 9156.60000 4.94200000 303.19000 38.91000 12.89200 46.89000
27 9 20 08 17 9157.90000 4.94200000 303.19000 38.91000 12.89200 46.89000
27 9 20 08 18 9157.90000 4.94200000 303.02000 38.91000 12.89200 46.89000
27 9 20 08 18 9157.90000 4.94200000 302.90000 38.99000 12.89200 46.89000
27 9 20 08 19 9158.90000 4.94200000 302.71000 39.05000 12.89200 46.89000
27 9 20 08 19 9158.90000 4.94200000 302.71000 39.05000 12.89200 46.89000
27 9 20 08 20 9158.90000 4.94200000 302.76000 39.05000 12.89200 46.89000
27 9 20 08 20 9158.80000 4.94200000 302.80000 39.05000 12.89200 46.89000
27 9 20 08 20 9158.80000 4.94100000 303.19000 39.05000 12.89200 46.89000
27 9 20 08 21 9161.70000 4.94100000 303.33000 39.05000 12.89200 46.89000
27 9 20 08 21 9161.70000 4.93200000 302.90000 39.05000 12.89200 46.89000
27 9 20 08 22 9160.00000 4.93200000 302.90000 39.05000 12.89200 46.89000
27 9 20 08 22 9159.80000 4.93000000 303.02000 39.05000 12.89200 46.89000
27 9 20 08 23 9155.10000 4.93000000 303.02000 39.05000 12.89200 46.89000
27 9 20 08 23 9155.10000 4.93000000 302.91000 39.05000 12.89200 46.89000
27 9 20 08 23 9155.10000 4.93000000 302.91000 39.05000 12.89200 46.89000
27 9 20 08 24 9155.10000 4.93000000 302.98000 39.05000 12.89200 46.99700
27 9 20 08 24 9155.10000 4.93000000 302.98000 39.05000 12.89200 47.02800
27 9 20 08 25 9155.00000 4.93600000 302.98000 39.05000 12.89200 47.03900
27 9 20 08 25 9155.00000 4.93100000 303.12000 39.14000 12.89200 47.03900
27 9 20 08 26 9156.60000 4.93100000 303.13000 39.14000 12.89200 47.03900
27 9 20 08 26 9155.90000 4.93100000 303.18000 39.14000 12.89200 47.03900
27 9 20 08 26 9155.60000 4.93100000 303.18000 39.14000 12.89200 47.03900
27 9 20 08 27 9156.00000 4.93100000 303.18000 39.14000 12.89200 47.03900
27 9 20 08 27 9156.00000 4.93000000 303.19000 39.14000 12.89200 47.04900
27 9 20 08 28 9158.30000 4.93000000 303.19000 39.16000 12.89200 47.04900
27 9 20 08 28 9155.30000 4.93000000 303.30000 39.16000 12.89200 47.04900
27 9 20 08 29 9151.90000 4.93000000 302.90000 39.16000 12.89200 47.04900
27 9 20 08 29 9151.60000 4.93600000 302.90000 39.16000 12.89200 47.04900
27 9 20 08 29 9151.60000 4.93600000 302.57000 39.16000 12.89200 47.04900
27 9 20 08 30 9151.30000 4.93600000 302.57000 39.12000 12.89200 47.04900
27 9 20 08 30 9147.00000 4.93600000 302.00000 39.10000 12.89200 47.04900
27 9 20 08 31 9142.30000 4.93600000 301.85000 39.10000 12.89200 47.04900
27 9 20 08 31 9135.40000 4.93600000 301.85000 39.10000 12.89200 47.04900
27 9 20 08 32 9132.00000 4.93600000 301.55000 39.01000 12.89200 47.04900
27 9 20 08 32 9132.10000 4.93600000 301.75000 39.01000 12.89200 47.04900
27 9 20 08 33 9133.80000 4.93600000 302.03000 39.01000 12.89200 47.04900
27 9 20 08 33 9132.10000 4.93600000 301.96000 39.01000 12.89200 47.04900
27 9 20 08 33 9132.00000 4.92600000 301.96000 39.01000 12.89200 47.04900
27 9 20 08 34 9133.00000 4.92500000 301.70000 39.01000 12.89200 47.04900
27 9 20 08 34 9132.90000 4.92500000 301.86000 39.01000 12.89200 47.04900
27 9 20 08 35 9143.30000 4.92400000 301.98000 39.01000 12.89200 47.04900
27 9 20 08 35 9138.10000 4.92800000 301.98000 39.01000 12.89200 47.04900
27 9 20 08 36 9140.00000 4.92800000 301.98000 39.01000 12.89200 47.04900
27 9 20 08 36 9142.00000 4.93400000 301.98000 39.01000 12.89200 47.04900
27 9 20 08 36 9145.60000 4.93400000 302.26000 39.01000 12.89200 47.04900
27 9 20 08 37 9146.20000 4.93700000 302.34000 39.10000 12.89200 47.04900
27 9 20 08 37 9149.40000 4.93700000 302.34000 39.10000 12.89200 47.04900
27 9 20 08 38 9148.40000 4.94600000 302.42000 39.13000 12.89200 47.04900
27 9 20 08 38 9147.00000 4.94600000 302.42000 39.13000 12.89200 47.04900
27 9 20 08 39 9140.90000 4.92500000 302.17000 39.13000 12.89200 47.04900
27 9 20 08 39 9142.30000 4.92500000 302.23000 39.13000 12.89200 47.04900
27 9 20 08 39 9144.20000 4.92500000 302.22000 39.13000 12.89200 47.04900
27 9 20 08 40 9147.30000 4.92500000 302.30000 39.11000 12.89200 47.04900
27 9 20 08 40 9150.00000 4.92500000 302.67000 39.11000 12.89200 47.04900
27 9 20 08 41 9149.90000 4.92500000 302.61000 39.13000 12.89200 47.04900
27 9 20 08 41 9150.00000 4.92500000 302.61000 39.13000 12.89200 47.04900
27 9 20 08 42 9150.00000 4.92500000 302.61000 39.13000 12.89200 47.04900
27 9 20 08 42 9150.00000 4.95700000 302.61000 39.13000 12.89200 47.04900
27 9 20 08 42 9150.00000 4.95700000 302.39000 39.13000 12.89200 47.04900
27 9 20 08 43 9149.90000 4.95700000 302.42000 39.13000 12.89200 47.04900
27 9 20 08 43 9149.90000 4.95700000 302.21000 39.13000 12.89200 47.04900
27 9 20 08 44 9149.90000 4.95700000 302.21000 39.13000 12.89200 47.04900
27 9 20 08 44 9149.90000 4.95700000 302.08000 39.13000 12.89200 47.04900
27 9 20 08 45 9147.00000 4.95700000 302.08000 39.13000 12.89200 47.04900
27 9 20 08 45 9146.00000 4.95700000 302.35000 39.13000 12.89200 47.04900
27 9 20 08 46 9146.00000 4.95700000 302.35000 39.13000 12.89200 47.04900
27 9 20 08 46 9144.50000 4.95700000 302.50000 39.13000 12.89200 47.04900
27 9 20 08 46 9144.50000 4.95700000 302.50000 39.13000 12.89200 47.04900
27 9 20 08 47 9146.90000 4.95700000 302.50000 39.13000 12.89200 47.04900
27 9 20 08 47 9146.90000 4.95700000 302.50000 39.13000 12.89200 47.04900
