M=[
 4 6 21 13 33 30262.10000 52.51400000 2180.80000 144.79000 24.64000 127.26700
 4 6 21 13 34 30292.10000 52.51400000 2182.60000 144.93000 24.68400 127.30600
 4 6 21 13 34 30308.00000 52.51400000 2185.90000 145.11000 24.68400 127.25200
 4 6 21 13 35 30288.90000 52.51400000 2182.73000 145.11000 24.68400 127.25200
 4 6 21 13 35 30279.10000 52.51400000 2182.54000 145.11000 24.68400 127.25200
 4 6 21 13 36 30294.10000 52.46200000 2183.38000 144.85000 24.68400 127.25200
 4 6 21 13 36 30288.30000 52.46200000 2182.36000 144.83000 24.68400 127.41100
 4 6 21 13 36 30300.00000 52.46200000 2183.64000 144.81000 24.68400 127.41100
 4 6 21 13 37 30296.10000 52.46200000 2182.97000 144.75000 24.68400 127.41100
 4 6 21 13 37 30299.60000 52.52500000 2183.32000 144.78000 24.68400 127.41100
 4 6 21 13 38 30292.90000 52.45200000 2181.13000 144.80000 24.68400 127.41100
 4 6 21 13 38 30292.80000 52.45200000 2184.94000 144.89000 24.62300 127.41100
 4 6 21 13 39 30292.90000 52.45200000 2186.38000 144.91000 24.62300 127.41100
 4 6 21 13 39 30300.00000 52.45200000 2185.39000 145.02000 24.62300 127.41100
 4 6 21 13 39 30326.30000 52.45200000 2184.01000 145.13000 24.62300 127.43400
 4 6 21 13 40 30331.00000 52.45200000 2185.10000 145.13000 24.62300 127.43400
 4 6 21 13 40 30330.90000 52.45200000 2184.95000 145.03000 24.62300 127.43400
 4 6 21 13 41 30331.00000 52.59000000 2184.74000 145.05000 24.62300 127.43400
 4 6 21 13 41 30330.90000 52.51600000 2185.79000 144.96000 24.62300 127.43400
 4 6 21 13 42 30322.90000 52.51600000 2186.13000 144.99000 24.62300 127.43400
 4 6 21 13 42 30311.60000 52.51600000 2185.67000 144.98000 24.69600 127.43400
 4 6 21 13 42 30306.70000 52.51600000 2184.88000 144.98000 24.69600 127.43400
 4 6 21 13 43 30310.10000 52.51600000 2184.28000 145.00000 24.69600 127.43400
 4 6 21 13 43 30310.10000 52.51600000 2184.28000 145.05000 24.69600 127.43400
 4 6 21 13 44 30310.10000 52.51600000 2184.47000 145.02000 24.69600 127.43400
 4 6 21 13 44 30310.10000 52.51600000 2184.37000 145.04000 24.69600 127.43400
 4 6 21 13 45 30290.00000 52.54200000 2184.13000 144.97000 24.69600 127.43400
 4 6 21 13 45 30284.80000 52.54200000 2185.57000 145.01000 24.69600 127.43400
 4 6 21 13 45 30278.80000 52.54200000 2188.36000 145.38000 24.69600 127.43400
 4 6 21 13 46 30284.60000 52.54200000 2188.64000 145.09000 24.69600 127.43400
 4 6 21 13 46 30252.70000 52.54200000 2186.12000 145.01000 24.69600 127.43400
 4 6 21 13 47 30247.60000 52.54200000 2182.34000 144.94000 24.69600 127.43400
 4 6 21 13 47 30187.50000 52.54200000 2178.44000 144.78000 24.72000 126.67000
 4 6 21 13 48 30170.60000 52.54200000 2175.74000 144.65000 24.72000 126.67000
 4 6 21 13 48 30170.60000 52.54200000 2176.84000 144.65000 24.72000 126.44200
 4 6 21 13 48 30170.60000 52.54200000 2175.92000 144.78000 24.72000 126.44200
 4 6 21 13 49 30187.10000 52.54200000 2176.35000 144.91000 24.72000 126.44200
 4 6 21 13 49 30212.00000 52.54200000 2178.90000 144.91000 24.72000 126.44200
 4 6 21 13 50 30214.10000 52.54200000 2179.38000 145.01000 24.72800 126.84900
 4 6 21 13 50 30196.60000 52.54200000 2178.92000 145.17000 24.72800 126.84900
 4 6 21 13 51 30159.30000 52.54200000 2175.59000 144.73000 24.72800 126.84900
 4 6 21 13 51 30134.50000 52.25200000 2174.65000 144.53000 24.72800 126.62100
 4 6 21 13 51 30134.40000 52.25200000 2172.53000 144.65000 24.72800 126.54500
 4 6 21 13 52 30168.90000 52.25200000 2178.16000 144.88000 24.72800 126.71800
 4 6 21 13 52 30156.00000 52.25200000 2177.10000 144.94000 24.72800 126.78900
 4 6 21 13 53 30178.30000 52.25200000 2176.57000 144.91000 24.72800 126.78900
 4 6 21 13 53 30178.70000 52.25200000 2177.03000 144.92000 24.74400 126.78100
 4 6 21 13 54 30166.90000 52.25200000 2176.19000 144.92000 24.74400 126.69500
 4 6 21 13 54 30175.90000 52.32100000 2174.84000 144.84000 24.76800 126.69500
 4 6 21 13 54 30180.70000 52.32100000 2176.43000 144.84000 24.81600 126.70300
 4 6 21 13 55 30203.50000 52.32100000 2178.27000 144.92000 24.84000 126.70300
 4 6 21 13 55 30206.00000 52.32100000 2178.68000 144.93000 24.84000 126.98000
 4 6 21 13 56 30192.20000 52.51800000 2178.04000 144.92000 24.84000 126.98000
 4 6 21 13 56 30220.40000 52.51800000 2179.37000 144.92000 24.84000 126.98000
 4 6 21 13 57 30234.10000 52.50800000 2180.41000 144.93000 24.84000 126.98000
 4 6 21 13 57 30224.30000 52.50800000 2179.08000 145.02000 24.84000 126.98000
 4 6 21 13 57 30180.10000 52.50800000 2174.67000 144.94000 24.84000 126.98000
 4 6 21 13 58 30204.40000 52.50800000 2179.35000 144.93000 24.84000 126.77000
 4 6 21 13 58 30199.90000 52.50800000 2180.31000 145.07000 24.84000 126.77000
 4 6 21 13 59 30200.00000 52.50800000 2180.88000 144.99000 24.84000 126.70700
 4 6 21 13 59 30200.00000 52.50800000 2181.39000 144.99000 24.84000 126.70000
 4 6 21 14 00 30200.00000 52.50800000 2181.39000 145.02000 24.84000 126.84900
 4 6 21 14 00 30200.00000 52.50800000 2180.79000 145.10000 24.84000 126.84900
 4 6 21 14 01 30230.10000 52.50800000 2184.45000 145.32000 24.84000 127.03900
 4 6 21 14 01 30231.60000 52.50800000 2183.99000 145.62000 24.84000 127.03900
 4 6 21 14 01 30200.10000 52.50800000 2181.25000 145.24000 24.84000 127.03900
 4 6 21 14 02 30136.90000 52.38100000 2177.40000 145.01000 24.84000 126.74100
 4 6 21 14 02 30134.50000 52.38100000 2177.01000 144.90000 24.84000 126.60400
 4 6 21 14 03 30065.50000 52.38100000 2176.59000 144.90000 24.84000 126.60400
 4 6 21 14 03 30026.30000 52.19700000 2167.32000 144.44000 24.82700 126.60400
 4 6 21 14 04 29990.20000 52.19700000 2166.35000 144.26000 24.82700 125.76200
 4 6 21 14 04 30044.80000 52.19700000 2170.43000 144.26000 24.82700 125.77200
 4 6 21 14 04 30065.40000 52.19700000 2170.47000 144.48000 24.82700 125.77200
 4 6 21 14 05 30038.60000 52.19700000 2171.95000 144.36000 24.82700 125.77200
 4 6 21 14 05 30067.70000 52.19700000 2173.25000 144.60000 24.82700 126.12600
 4 6 21 14 06 30073.90000 52.19700000 2173.89000 144.90000 24.82700 126.12600
 4 6 21 14 06 30092.10000 52.19700000 2175.85000 144.86000 24.82700 126.12600
 4 6 21 14 07 30109.80000 52.19700000 2174.80000 144.86000 24.82700 126.12600
 4 6 21 14 07 30090.10000 52.19700000 2173.59000 144.76000 24.82700 126.12600
 4 6 21 14 07 30083.80000 52.19700000 2173.50000 144.76000 24.82700 126.12600
 4 6 21 14 08 30072.00000 52.19700000 2171.46000 144.59000 24.82700 126.12600
 4 6 21 14 08 30063.40000 52.19700000 2172.02000 144.59000 24.82700 126.12600
 4 6 21 14 09 30067.20000 52.19700000 2171.29000 144.78000 24.82700 126.12600
 4 6 21 14 09 30035.50000 52.19700000 2173.18000 144.58000 24.82700 126.12600
 4 6 21 14 10 30000.10000 52.19700000 2166.92000 144.29000 24.86400 126.12600
 4 6 21 14 10 29995.00000 52.19700000 2166.66000 144.29000 24.86400 126.12600
 4 6 21 14 10 29929.80000 52.19700000 2160.11000 143.99000 24.88800 126.12600
 4 6 21 14 11 29918.30000 52.19700000 2160.01000 143.83000 24.88800 126.12600
 4 6 21 14 11 29946.90000 51.93500000 2160.44000 144.00000 24.88800 126.12600
 4 6 21 14 12 29918.20000 51.93500000 2157.46000 143.91000 24.88800 125.53200
 4 6 21 14 12 29896.10000 51.93500000 2153.90000 143.80000 24.88800 125.53200
 4 6 21 14 13 29915.70000 51.93500000 2155.14000 143.80000 24.88800 125.53200
 4 6 21 14 13 29924.20000 51.93500000 2157.92000 143.80000 24.88800 125.53200
 4 6 21 14 13 29900.90000 51.93500000 2155.49000 143.67000 24.88800 125.53200
 4 6 21 14 14 29882.60000 51.82200000 2152.67000 143.40000 24.88800 125.12400
 4 6 21 14 14 29846.70000 51.82200000 2148.73000 143.38000 24.80600 124.88700
 4 6 21 14 15 29854.60000 51.82200000 2153.90000 143.10000 24.80600 124.94500
 4 6 21 14 15 29879.50000 51.82200000 2154.60000 143.32000 24.80600 124.94500
 4 6 21 14 16 29868.20000 51.81200000 2151.39000 143.34000 24.80600 124.94500
 4 6 21 14 16 29769.80000 51.58900000 2145.55000 142.91000 24.80600 124.76000
 4 6 21 14 16 29816.80000 51.74700000 2147.60000 143.04000 25.00000 124.80100
 4 6 21 14 17 29843.90000 51.74700000 2149.76000 143.04000 25.00000 124.80100
