M=[
30 5 21 04 27 28661.00000 51.84000000 1883.83000 137.28000 21.83000 122.17700
30 5 21 04 28 28661.00000 51.89500000 1883.96000 137.28000 21.83000 122.17700
30 5 21 04 28 28665.40000 51.89500000 1883.03000 137.28000 21.83000 122.17700
30 5 21 04 29 28667.60000 51.89500000 1883.03000 137.14000 21.83000 122.17700
30 5 21 04 29 28693.50000 51.89500000 1883.03000 137.14000 21.83000 122.17700
30 5 21 04 29 28682.00000 51.89500000 1883.54000 137.14000 21.83000 122.17700
30 5 21 04 30 28732.40000 51.89500000 1883.55000 137.14000 21.83000 122.17700
30 5 21 04 30 28763.40000 51.89500000 1885.19000 137.14000 21.83000 122.17700
30 5 21 04 31 28785.60000 51.89500000 1890.31000 137.14000 21.83000 122.17700
30 5 21 04 31 28857.20000 52.32300000 1893.13000 138.17000 21.83000 122.76500
30 5 21 04 32 28853.50000 52.27400000 1893.02000 138.28000 21.83000 122.76500
30 5 21 04 32 28942.60000 52.27400000 1897.35000 138.70000 21.82600 122.99700
30 5 21 04 32 28949.90000 52.27400000 1897.63000 138.53000 21.82600 122.99700
30 5 21 04 33 28935.00000 52.27400000 1902.05000 138.65000 21.82600 122.99700
30 5 21 04 33 29000.00000 52.59000000 1905.46000 138.77000 21.82600 122.99700
30 5 21 04 34 28961.30000 52.60300000 1907.22000 138.37000 21.82600 124.01300
30 5 21 04 34 28961.20000 52.60300000 1905.21000 138.29000 21.82600 124.01300
30 5 21 04 35 28945.70000 52.60300000 1909.18000 138.58000 21.82600 124.01300
30 5 21 04 35 28900.00000 52.54300000 1905.19000 138.23000 21.82600 123.60100
30 5 21 04 35 28884.30000 52.54300000 1906.19000 138.29000 21.82600 123.60100
30 5 21 04 36 28894.30000 52.54300000 1906.19000 138.27000 21.82600 123.60100
30 5 21 04 36 28885.80000 52.54300000 1905.78000 138.27000 21.82600 123.60100
30 5 21 04 37 28883.90000 52.54300000 1905.94000 138.27000 21.82600 123.60100
30 5 21 04 37 28865.40000 52.54300000 1904.25000 138.27000 21.82600 123.60100
30 5 21 04 38 28829.20000 52.49700000 1902.14000 138.27000 21.82600 123.13900
30 5 21 04 38 28799.30000 52.49700000 1901.06000 138.27000 21.82600 123.13900
30 5 21 04 38 28806.20000 52.49700000 1901.29000 138.27000 21.82600 123.13900
30 5 21 04 39 28856.30000 52.49700000 1902.84000 138.26000 21.82600 123.13900
30 5 21 04 39 28801.00000 52.49700000 1903.46000 138.26000 21.82600 123.13900
30 5 21 04 40 28757.50000 52.49700000 1900.66000 138.26000 21.82600 123.13900
30 5 21 04 40 28765.20000 52.49700000 1901.00000 138.08000 21.82600 123.13900
30 5 21 04 41 28768.80000 52.49700000 1900.99000 138.08000 21.82600 123.13900
30 5 21 04 41 28795.80000 52.49700000 1902.98000 138.08000 21.82600 123.13900
30 5 21 04 41 28795.80000 52.49700000 1902.99000 138.08000 21.82600 123.13900
30 5 21 04 42 28795.80000 52.49700000 1902.02000 138.08000 21.82600 123.00000
30 5 21 04 42 28756.20000 52.49700000 1901.83000 138.08000 21.82600 123.00000
30 5 21 04 43 28756.40000 52.49700000 1901.84000 138.08000 21.82600 123.00000
30 5 21 04 43 28755.00000 52.49700000 1900.33000 138.08000 21.82600 123.00000
30 5 21 04 44 28738.40000 52.49700000 1902.26000 138.08000 21.82600 123.00000
30 5 21 04 44 28723.40000 52.49700000 1903.85000 138.08000 21.82600 123.00000
30 5 21 04 44 28723.50000 52.49700000 1904.86000 138.08000 21.82600 123.00000
30 5 21 04 45 28756.20000 52.49700000 1907.44000 138.08000 21.82600 123.00000
30 5 21 04 45 28717.70000 52.49700000 1905.00000 138.08000 21.82600 123.00000
30 5 21 04 46 28660.40000 52.49700000 1898.70000 137.94000 21.82600 123.00000
30 5 21 04 46 28619.80000 52.49700000 1896.00000 137.51000 21.82600 123.00000
30 5 21 04 47 28638.40000 52.49700000 1896.00000 137.51000 21.82600 123.00000
30 5 21 04 47 28702.90000 52.08700000 1895.87000 137.94000 21.82600 121.98800
30 5 21 04 47 28683.40000 52.08700000 1895.87000 137.94000 21.82600 121.98800
30 5 21 04 48 28647.30000 52.08700000 1895.27000 137.94000 21.82600 121.98800
30 5 21 04 48 28647.30000 52.08700000 1898.01000 137.89000 21.82600 121.98800
30 5 21 04 49 28756.80000 52.08700000 1898.01000 138.28000 21.82600 121.98800
30 5 21 04 49 28724.40000 52.08700000 1900.12000 138.28000 21.82600 121.98800
30 5 21 04 50 28714.30000 52.08700000 1900.55000 138.28000 21.82600 121.98800
30 5 21 04 50 28707.80000 52.08700000 1900.55000 138.28000 21.82600 121.98800
30 5 21 04 50 28680.80000 52.08700000 1898.66000 137.73000 22.00800 121.98800
30 5 21 04 51 28670.40000 52.27200000 1898.66000 137.73000 21.99300 121.98800
30 5 21 04 51 28657.10000 52.27200000 1896.75000 137.73000 21.99300 121.98800
30 5 21 04 52 28633.80000 52.27200000 1896.26000 137.65000 21.99300 121.98800
30 5 21 04 52 28644.10000 52.27200000 1895.36000 137.65000 21.99300 121.98800
30 5 21 04 53 28638.50000 52.27200000 1894.51000 137.66000 21.99300 121.98800
30 5 21 04 53 28638.50000 52.27200000 1893.39000 137.63000 21.99300 121.98800
30 5 21 04 53 28638.50000 52.27200000 1893.22000 137.66000 21.99300 121.98800
30 5 21 04 54 28644.40000 52.27200000 1894.83000 137.66000 21.99300 121.98800
30 5 21 04 54 28614.40000 52.27200000 1892.15000 137.50000 21.99300 121.98800
30 5 21 04 55 28597.70000 52.27200000 1892.15000 137.50000 21.99300 121.98800
30 5 21 04 55 28603.00000 52.27200000 1891.02000 137.50000 21.99300 121.98800
30 5 21 04 56 28614.40000 52.27200000 1891.72000 137.50000 21.99300 121.98800
30 5 21 04 56 28646.40000 52.27200000 1893.40000 137.50000 21.99300 121.98800
30 5 21 04 56 28628.10000 52.27200000 1893.40000 137.79000 21.99300 121.98800
30 5 21 04 57 28628.10000 52.27200000 1893.40000 137.79000 21.99300 121.98800
30 5 21 04 57 28631.70000 52.19800000 1895.04000 137.79000 21.99300 121.98800
30 5 21 04 58 28618.30000 52.19800000 1894.82000 137.79000 21.99300 121.98800
30 5 21 04 58 28630.10000 52.19800000 1895.09000 138.19000 21.99300 121.98800
30 5 21 04 59 28630.10000 52.19800000 1895.09000 138.36000 21.99300 121.98800
30 5 21 04 59 28645.50000 52.19800000 1893.51000 138.36000 21.99300 121.98800
30 5 21 04 59 28639.30000 52.19800000 1892.51000 138.34000 21.99300 123.45100
30 5 21 05 00 28686.30000 52.19800000 1896.53000 138.34000 21.99300 123.49000
30 5 21 05 00 28700.20000 52.19800000 1896.53000 138.81000 21.99300 123.47600
30 5 21 05 01 28701.20000 52.19800000 1898.47000 138.81000 21.99300 123.47600
30 5 21 05 01 28701.10000 52.19800000 1898.47000 138.76000 21.99300 123.47600
30 5 21 05 02 28701.20000 52.19800000 1895.62000 138.76000 21.99300 123.47600
30 5 21 05 02 28710.20000 52.19800000 1902.10000 139.00000 21.99300 123.47600
30 5 21 05 02 28713.60000 52.19800000 1899.72000 139.00000 21.99300 123.47600
30 5 21 05 03 28735.00000 52.19800000 1900.86000 138.87000 21.99300 123.47600
30 5 21 05 03 28731.30000 52.29200000 1902.63000 138.89000 21.99300 123.47600
30 5 21 05 04 28731.30000 52.29200000 1904.98000 138.89000 21.99300 123.47600
30 5 21 05 04 28743.00000 52.29200000 1904.17000 138.89000 21.99300 123.47600
30 5 21 05 05 28795.60000 52.29200000 1904.17000 138.89000 21.99300 123.47600
30 5 21 05 05 28795.70000 52.29200000 1906.16000 138.89000 21.99300 123.47600
30 5 21 05 05 28817.40000 52.29200000 1907.40000 139.12000 21.99300 123.69400
30 5 21 05 06 28849.30000 52.29200000 1910.00000 139.40000 21.99300 123.73100
30 5 21 05 06 28883.80000 52.29200000 1913.86000 139.40000 21.99300 123.80600
30 5 21 05 07 28883.30000 52.29200000 1914.86000 139.59000 21.99300 123.80600
30 5 21 05 07 28883.30000 52.29200000 1912.80000 139.59000 21.99300 123.80600
30 5 21 05 08 28786.10000 52.29200000 1910.68000 139.59000 21.99300 123.80600
30 5 21 05 08 28840.80000 52.29200000 1912.86000 139.17000 21.99300 123.80600
30 5 21 05 08 28813.80000 52.29200000 1912.01000 139.17000 21.99300 123.80600
30 5 21 05 09 28825.80000 52.49200000 1913.05000 139.17000 21.99300 123.80600
30 5 21 05 09 28803.10000 52.49200000 1912.23000 139.17000 21.99300 123.80600
30 5 21 05 10 28765.40000 52.49200000 1910.14000 139.17000 21.99300 123.80600
30 5 21 05 10 28736.70000 52.49200000 1906.99000 139.17000 21.99300 123.80600
30 5 21 05 11 28764.00000 52.36100000 1909.38000 139.07000 21.99300 123.80600
