M=[
19 2 21 17 18 44926.50000 12.62100000 1617.73000 194.00000 31.21000 146.18700
19 2 21 17 18 44949.90000 12.62100000 1617.57000 193.99000 31.21000 146.37800
19 2 21 17 19 44949.90000 12.62100000 1617.94000 193.93000 31.21000 146.45100
19 2 21 17 19 44975.00000 12.53500000 1617.80000 194.21000 31.21000 145.62000
19 2 21 17 20 44980.30000 12.53500000 1617.74000 194.16000 31.21000 146.05600
19 2 21 17 20 44999.00000 12.53500000 1617.41000 193.89000 31.21000 146.05600
19 2 21 17 21 45022.10000 12.53500000 1617.40000 194.22000 31.21000 146.27400
19 2 21 17 21 44980.50000 12.53500000 1615.81000 193.76000 31.10800 146.33300
19 2 21 17 21 44931.20000 12.53500000 1615.02000 193.45000 31.10800 146.33300
19 2 21 17 22 44926.40000 12.53500000 1615.67000 193.86000 31.10800 146.31500
19 2 21 17 22 44926.50000 12.53500000 1615.29000 193.51000 31.10800 146.31500
19 2 21 17 23 44886.10000 12.53500000 1615.47000 193.66000 31.10800 146.31500
19 2 21 17 23 44883.30000 12.57000000 1616.28000 193.70000 31.10800 146.61800
19 2 21 17 24 44970.50000 12.57000000 1616.80000 193.69000 31.10800 146.61800
19 2 21 17 24 44912.40000 12.57000000 1616.11000 193.69000 31.10800 146.61800
19 2 21 17 24 44917.60000 12.53900000 1616.21000 193.54000 31.10800 146.76300
19 2 21 17 25 44950.00000 12.53900000 1616.50000 193.62000 31.10800 146.76300
19 2 21 17 25 44909.60000 12.53900000 1616.56000 193.48000 31.10800 146.76300
19 2 21 17 26 44907.20000 12.57000000 1617.23000 193.22000 31.10800 146.81100
19 2 21 17 26 44884.70000 12.55600000 1617.32000 193.16000 31.10800 146.89700
19 2 21 17 27 44950.00000 12.57000000 1618.00000 193.45000 31.10800 146.89700
19 2 21 17 27 44936.70000 12.57000000 1618.93000 193.46000 31.10800 146.89700
19 2 21 17 27 44908.20000 12.57000000 1618.98000 193.34000 31.20100 146.89700
19 2 21 17 28 44945.60000 12.57000000 1619.00000 193.63000 31.20100 147.13600
19 2 21 17 28 44920.50000 12.57000000 1618.98000 193.47000 31.20100 146.87500
19 2 21 17 29 44929.30000 12.60200000 1618.91000 193.41000 31.20100 147.22400
19 2 21 17 29 44903.80000 12.60200000 1618.91000 193.41000 31.20100 146.95000
19 2 21 17 30 44901.00000 12.60200000 1618.91000 193.37000 31.20100 146.95000
19 2 21 17 30 44883.40000 12.60200000 1618.90000 193.63000 31.20100 147.37300
19 2 21 17 30 44919.70000 12.60200000 1618.81000 193.99000 31.20100 147.37300
19 2 21 17 31 44934.10000 12.62900000 1618.99000 193.86000 31.20100 147.37300
19 2 21 17 31 44942.70000 12.62900000 1619.98000 193.99000 31.20100 147.37300
19 2 21 17 32 44946.40000 12.62900000 1620.00000 193.86000 31.20100 147.37900
19 2 21 17 32 44956.30000 12.62600000 1619.99000 193.85000 31.20100 147.37900
19 2 21 17 33 44964.60000 12.62600000 1619.99000 193.55000 31.20100 147.37200
19 2 21 17 33 44980.00000 12.62600000 1620.00000 193.54000 31.20100 147.54500
19 2 21 17 33 44982.30000 12.62600000 1620.00000 193.55000 31.20100 147.54500
19 2 21 17 34 44999.90000 12.62800000 1620.00000 193.79000 31.20100 147.54500
19 2 21 17 34 44982.40000 12.62800000 1619.99000 193.58000 31.20100 147.54500
19 2 21 17 35 44896.90000 12.62800000 1620.00000 193.33000 31.20100 147.41300
19 2 21 17 35 44850.10000 12.62800000 1618.12000 193.15000 31.20000 147.41300
19 2 21 17 36 44841.60000 12.62800000 1617.48000 193.16000 31.20000 147.41300
19 2 21 17 36 44859.50000 12.62400000 1617.68000 193.04000 31.20000 147.26800
19 2 21 17 36 44896.80000 12.62400000 1619.89000 193.31000 31.20000 147.26800
19 2 21 17 37 44890.00000 12.62400000 1619.99000 193.42000 31.20000 147.16000
19 2 21 17 37 44904.90000 12.62400000 1619.98000 193.50000 31.20000 147.65900
19 2 21 17 38 44890.70000 12.58900000 1619.99000 193.62000 31.20000 147.59700
19 2 21 17 38 44896.20000 12.61900000 1620.00000 193.62000 31.20000 147.59700
19 2 21 17 38 44925.50000 12.61900000 1619.99000 193.65000 31.20000 147.59700
19 2 21 17 39 44914.80000 12.61900000 1620.00000 193.64000 31.20000 147.69500
19 2 21 17 39 44909.00000 12.61900000 1620.00000 193.60000 31.20000 147.72700
19 2 21 17 40 44879.60000 12.61900000 1619.99000 193.79000 31.20000 147.72700
19 2 21 17 40 44879.30000 12.61900000 1622.00000 193.72000 31.20000 147.72800
19 2 21 17 41 44886.70000 12.61900000 1621.51000 193.59000 31.25700 147.72800
19 2 21 17 41 44914.10000 12.61900000 1621.51000 193.59000 31.25700 147.72800
19 2 21 17 41 44915.00000 12.61900000 1621.51000 193.49000 31.25700 147.72800
19 2 21 17 42 44920.80000 12.61900000 1621.50000 193.54000 31.25700 147.72800
19 2 21 17 42 44928.90000 12.61900000 1621.15000 193.63000 31.25700 147.72800
19 2 21 17 43 44937.00000 12.67100000 1621.37000 193.92000 31.28300 147.72800
19 2 21 17 43 44939.30000 12.67400000 1620.91000 193.92000 31.28300 147.29100
19 2 21 17 44 44950.00000 12.67400000 1621.42000 194.15000 31.28300 147.29100
19 2 21 17 44 44985.80000 12.67400000 1621.92000 194.12000 31.28300 147.29100
19 2 21 17 44 44987.00000 12.67400000 1621.66000 194.01000 31.28300 147.29100
19 2 21 17 45 44995.90000 12.67400000 1622.00000 193.87000 31.28300 147.69800
19 2 21 17 45 44974.60000 12.67400000 1622.00000 193.78000 31.07300 147.69800
19 2 21 17 46 44962.10000 12.68700000 1622.01000 193.50000 31.07300 147.61300
19 2 21 17 46 44995.70000 12.68700000 1621.93000 193.58000 31.07300 147.61200
19 2 21 17 47 44986.10000 12.69100000 1621.81000 193.36000 31.07300 147.61200
19 2 21 17 47 44994.40000 12.69100000 1621.00000 193.44000 31.07300 147.61200
19 2 21 17 47 44999.00000 12.69100000 1620.02000 193.52000 31.07300 147.61200
19 2 21 17 48 45000.00000 12.69100000 1620.32000 193.82000 31.07300 147.61200
19 2 21 17 48 45000.00000 12.69100000 1620.90000 193.94000 31.07300 147.61200
19 2 21 17 49 45034.40000 12.69100000 1621.00000 194.05000 31.07300 147.46500
19 2 21 17 49 45018.90000 12.69100000 1621.00000 194.03000 31.07300 147.46500
19 2 21 17 50 45021.70000 12.69100000 1621.00000 193.82000 31.07300 147.46500
19 2 21 17 50 44963.20000 12.69100000 1620.00000 193.50000 31.07300 147.39100
19 2 21 17 50 44999.90000 12.69100000 1620.00000 193.63000 31.07300 147.67800
19 2 21 17 51 45000.00000 12.69100000 1620.97000 193.80000 31.07300 147.67800
19 2 21 17 51 44980.90000 12.69100000 1620.31000 193.74000 31.07300 147.67800
19 2 21 17 52 44960.20000 12.69700000 1620.00000 193.73000 31.07300 147.35100
19 2 21 17 52 44932.80000 12.69700000 1618.26000 193.51000 31.28100 147.35100
19 2 21 17 53 44950.00000 12.69700000 1618.92000 193.54000 31.28100 147.35100
19 2 21 17 53 44937.00000 12.69700000 1619.12000 193.91000 31.28100 147.71700
19 2 21 17 53 44956.70000 12.70300000 1619.37000 193.94000 31.28300 147.71000
19 2 21 17 54 44980.80000 12.70300000 1619.39000 194.07000 31.28300 147.76900
19 2 21 17 54 44980.10000 12.75900000 1619.85000 194.02000 31.28300 147.76900
19 2 21 17 55 45032.70000 12.75900000 1620.00000 194.21000 31.11800 147.76900
19 2 21 17 55 45034.40000 12.75900000 1619.89000 194.54000 31.11800 147.62400
19 2 21 17 56 45034.40000 12.75900000 1619.99000 194.55000 31.11800 147.99900
19 2 21 17 56 45045.00000 12.75900000 1619.99000 194.62000 31.11800 147.99900
19 2 21 17 56 45050.00000 12.75900000 1619.84000 194.59000 31.11800 147.99900
19 2 21 17 57 45050.00000 12.73700000 1619.58000 194.66000 31.11800 147.99900
19 2 21 17 57 45050.00000 12.73500000 1619.82000 194.75000 31.11800 147.99900
19 2 21 17 58 45074.00000 12.69500000 1619.83000 194.78000 31.11800 147.99900
19 2 21 17 58 45066.70000 12.69500000 1619.83000 194.74000 31.11800 147.99900
19 2 21 17 59 45074.00000 12.69500000 1619.83000 194.84000 31.11800 147.62200
19 2 21 17 59 45074.00000 12.69900000 1619.82000 194.99000 31.11800 147.62200
19 2 21 17 59 45075.00000 12.70100000 1618.21000 195.10000 31.11800 147.62200
19 2 21 18 00 45099.60000 12.72100000 1619.83000 195.53000 31.11800 147.94900
19 2 21 18 00 45068.80000 12.72100000 1619.83000 194.98000 31.11800 147.78200
19 2 21 18 01 45070.60000 12.72100000 1619.14000 194.89000 31.28100 147.67500
19 2 21 18 01 45080.90000 12.72100000 1619.06000 195.04000 31.28100 147.67500
