M=[
 3 4 21 14 33 50450.90000 12.80000000 1791.55000 181.79000 35.40400 145.48300
 3 4 21 14 34 50450.00000 12.80000000 1791.55000 182.00000 35.40400 145.80000
 3 4 21 14 34 50450.00000 12.80000000 1791.55000 181.86000 35.40400 145.80000
 3 4 21 14 35 50443.80000 12.80000000 1791.55000 181.86000 35.40400 146.89900
 3 4 21 14 35 50449.90000 12.80000000 1791.88000 181.88000 35.40400 147.02400
 3 4 21 14 36 50435.50000 12.80000000 1791.68000 181.89000 35.40400 147.25100
 3 4 21 14 36 50414.70000 12.80000000 1790.11000 181.80000 35.40400 147.33700
 3 4 21 14 36 50411.00000 12.80000000 1788.93000 181.80000 35.40400 147.33700
 3 4 21 14 37 50411.00000 12.80000000 1788.74000 181.83000 35.40400 147.33700
 3 4 21 14 37 50417.00000 12.80000000 1788.83000 181.83000 35.40400 147.33700
 3 4 21 14 38 50403.80000 12.80000000 1787.57000 181.77000 35.40400 147.33700
 3 4 21 14 38 50403.70000 12.80000000 1787.56000 181.77000 35.40400 147.34700
 3 4 21 14 39 50403.80000 12.80000000 1787.71000 181.67000 35.39900 146.94500
 3 4 21 14 39 50404.80000 12.80000000 1788.92000 181.67000 35.39900 146.94500
 3 4 21 14 39 50404.80000 12.80000000 1788.87000 181.62000 35.39900 146.94500
 3 4 21 14 40 50382.70000 12.80000000 1786.35000 181.52000 35.32700 147.57800
 3 4 21 14 40 50382.70000 12.80000000 1786.37000 181.40000 35.32700 147.57800
 3 4 21 14 41 50386.50000 12.80000000 1786.37000 181.40000 35.32700 147.57800
 3 4 21 14 41 50378.80000 12.80000000 1786.01000 181.42000 35.32700 147.57800
 3 4 21 14 42 50378.40000 12.80000000 1786.00000 181.31000 35.32700 147.57800
 3 4 21 14 42 50378.40000 12.80000000 1786.01000 181.34000 35.32700 147.57800
 3 4 21 14 42 50393.10000 12.80000000 1786.01000 181.35000 35.32700 147.57800
 3 4 21 14 43 50395.10000 12.80000000 1785.32000 181.37000 35.32700 147.47900
 3 4 21 14 43 50393.10000 12.80000000 1785.32000 181.27000 35.32700 147.47900
 3 4 21 14 44 50397.30000 12.78700000 1785.72000 181.24000 35.32700 147.49200
 3 4 21 14 44 50378.10000 12.78700000 1784.82000 181.24000 35.32700 147.49200
 3 4 21 14 45 50377.70000 12.78700000 1785.27000 181.24000 35.32700 147.49200
 3 4 21 14 45 50374.50000 12.78700000 1785.46000 181.24000 35.32700 147.49200
 3 4 21 14 45 50370.70000 12.78700000 1784.38000 181.12000 35.32700 147.49200
 3 4 21 14 46 50370.70000 12.78700000 1784.18000 181.10000 35.32700 147.49000
 3 4 21 14 46 50365.70000 12.78700000 1784.65000 181.02000 35.32700 147.49000
 3 4 21 14 47 50362.20000 12.78700000 1784.86000 180.98000 35.32700 147.24400
 3 4 21 14 47 50335.20000 12.78700000 1785.11000 180.97000 35.08100 147.19300
 3 4 21 14 48 50356.00000 12.78700000 1785.29000 180.66000 35.08100 147.19300
 3 4 21 14 48 50335.90000 12.78700000 1784.74000 180.80000 35.08100 147.19300
 3 4 21 14 48 50300.00000 12.78700000 1784.00000 180.71000 35.08100 147.19300
 3 4 21 14 49 50300.00000 12.70600000 1783.89000 180.71000 35.08100 147.19300
 3 4 21 14 49 50310.80000 12.70600000 1783.18000 180.71000 35.08100 147.19300
 3 4 21 14 50 50350.00000 12.70600000 1784.20000 180.66000 35.08100 147.08300
 3 4 21 14 50 50353.50000 12.70600000 1784.51000 180.76000 35.08100 147.08300
 3 4 21 14 51 50358.50000 12.70600000 1786.01000 180.92000 35.08100 147.08300
 3 4 21 14 51 50358.80000 12.70600000 1786.01000 180.95000 35.08100 147.08300
 3 4 21 14 51 50358.50000 12.70600000 1785.13000 180.81000 35.08000 147.08300
 3 4 21 14 52 50344.70000 12.74900000 1784.91000 180.81000 35.08000 147.29200
 3 4 21 14 52 50339.50000 12.73900000 1784.10000 180.70000 35.08000 147.15900
 3 4 21 14 53 50310.80000 12.74500000 1783.49000 180.70000 35.08000 147.15900
 3 4 21 14 53 50310.80000 12.74500000 1782.06000 180.38000 35.08000 146.83400
 3 4 21 14 54 50310.50000 12.74500000 1783.89000 180.31000 35.08000 146.83400
 3 4 21 14 54 50305.30000 12.74500000 1782.75000 180.31000 35.08000 146.83400
 3 4 21 14 54 50326.00000 12.73700000 1783.31000 180.38000 35.08000 146.83400
 3 4 21 14 55 50337.30000 12.73700000 1784.58000 180.52000 35.08000 146.83400
 3 4 21 14 55 50332.10000 12.73700000 1783.48000 180.52000 35.08000 146.83400
 3 4 21 14 56 50324.10000 12.77400000 1783.48000 180.37000 35.08000 146.83400
 3 4 21 14 56 50305.00000 12.77400000 1781.56000 180.26000 35.08000 146.91900
 3 4 21 14 57 50305.10000 12.77400000 1782.73000 180.24000 35.08000 146.91900
 3 4 21 14 57 50305.10000 12.77400000 1781.35000 180.23000 35.08000 146.91900
 3 4 21 14 57 50305.00000 12.77400000 1781.35000 180.13000 35.08000 146.91900
 3 4 21 14 58 50300.10000 12.77400000 1779.80000 180.00000 35.08000 146.80000
 3 4 21 14 58 50280.20000 12.77400000 1779.38000 179.88000 35.08000 146.80000
 3 4 21 14 59 50280.00000 12.77400000 1777.39000 179.59000 35.08000 146.80000
 3 4 21 14 59 50260.10000 12.62400000 1778.24000 179.53000 35.08000 146.45400
 3 4 21 15 00 50250.10000 12.65100000 1776.71000 179.53000 35.08000 146.45400
 3 4 21 15 00 50250.00000 12.61000000 1775.00000 179.49000 35.08000 146.45400
 3 4 21 15 00 50230.00000 12.61400000 1772.17000 179.49000 35.08000 146.45400
 3 4 21 15 01 50188.70000 12.58100000 1771.03000 179.30000 35.08000 146.10900
 3 4 21 15 01 50181.10000 12.58100000 1771.01000 179.12000 35.08000 145.12300
 3 4 21 15 02 50200.00000 12.51700000 1774.49000 179.21000 34.84500 145.12300
 3 4 21 15 02 50199.90000 12.51700000 1774.32000 179.31000 34.84500 145.12300
 3 4 21 15 03 50200.00000 12.51700000 1776.49000 179.55000 34.72600 145.12300
 3 4 21 15 03 50265.40000 12.55000000 1778.90000 179.96000 34.68600 145.12300
 3 4 21 15 03 50268.70000 12.55000000 1779.64000 180.00000 34.68600 145.12300
 3 4 21 15 04 50280.30000 12.62500000 1779.63000 179.99000 34.68600 145.12300
 3 4 21 15 04 50291.40000 12.62500000 1780.98000 180.10000 34.68600 145.12300
 3 4 21 15 05 50300.80000 12.62500000 1781.18000 180.11000 34.68600 145.94700
 3 4 21 15 05 50302.30000 12.62500000 1779.59000 180.11000 34.68600 145.94700
 3 4 21 15 06 50306.30000 12.62500000 1781.11000 180.11000 34.68600 145.94700
 3 4 21 15 06 50306.30000 12.62500000 1781.18000 180.12000 34.68600 145.94700
 3 4 21 15 06 50315.50000 12.62500000 1781.19000 180.12000 34.60600 145.94700
 3 4 21 15 07 50315.60000 12.62500000 1781.19000 180.17000 34.60600 145.94700
 3 4 21 15 07 50302.10000 12.62500000 1781.13000 180.16000 34.60600 145.94700
 3 4 21 15 08 50322.30000 12.62500000 1780.61000 180.22000 34.60600 145.94700
 3 4 21 15 08 50322.40000 12.62500000 1781.47000 180.22000 34.60600 145.94700
 3 4 21 15 09 50322.30000 12.62500000 1780.82000 180.22000 34.60600 145.94700
 3 4 21 15 09 50325.00000 12.62500000 1779.64000 180.19000 34.60600 145.94700
 3 4 21 15 09 50299.10000 12.67800000 1776.85000 180.19000 34.60600 145.94700
 3 4 21 15 10 50295.90000 12.67800000 1777.24000 180.00000 34.60600 145.94700
 3 4 21 15 10 50279.10000 12.67800000 1776.17000 180.00000 34.71700 145.94700
 3 4 21 15 11 50265.50000 12.67800000 1773.86000 179.61000 34.71700 145.94700
 3 4 21 15 11 50295.10000 12.67800000 1776.35000 179.74000 34.71700 145.94700
 3 4 21 15 12 50295.10000 12.67800000 1776.47000 179.82000 34.71700 147.03000
 3 4 21 15 12 50275.00000 12.67800000 1775.00000 179.82000 34.71700 147.03000
 3 4 21 15 12 50266.60000 12.67800000 1773.80000 179.49000 34.71700 147.03000
 3 4 21 15 13 50271.60000 12.67800000 1775.50000 179.42000 34.02300 147.03000
 3 4 21 15 13 50271.70000 12.67800000 1774.21000 179.46000 34.02300 147.03000
 3 4 21 15 14 50220.00000 12.67800000 1772.26000 179.29000 34.02300 146.88400
 3 4 21 15 14 50228.10000 12.67800000 1772.77000 179.29000 34.02300 146.88400
 3 4 21 15 15 50210.10000 12.67800000 1773.05000 179.29000 34.02300 146.88400
 3 4 21 15 15 50222.50000 12.54900000 1773.97000 179.00000 34.25200 146.88400
 3 4 21 15 15 50229.00000 12.54900000 1775.31000 179.00000 34.25200 146.88400
 3 4 21 15 16 50237.60000 12.54900000 1778.47000 179.27000 34.25200 146.95600
 3 4 21 15 16 50238.60000 12.54900000 1778.47000 179.21000 34.25200 146.95600
 3 4 21 15 17 50238.60000 12.54900000 1777.30000 179.42000 34.14000 146.95600
