M=[
13 6 21 22 01 32094.00000 48.74800000 2083.98000 141.17000 20.39200 109.61300
13 6 21 22 01 32107.00000 48.74800000 2084.06000 141.16000 20.39200 109.61300
13 6 21 22 02 32126.70000 48.61600000 2085.09000 141.16000 20.39200 109.61300
13 6 21 22 02 32170.10000 48.61600000 2087.00000 141.16000 20.39200 109.61300
13 6 21 22 03 32178.70000 48.66800000 2088.25000 141.20000 20.39200 109.61300
13 6 21 22 03 32170.00000 48.66800000 2086.54000 141.20000 20.39200 109.61300
13 6 21 22 03 32197.90000 48.66800000 2088.91000 141.17000 20.39200 109.61300
13 6 21 22 04 32210.10000 48.65000000 2089.26000 141.14000 20.39200 109.61300
13 6 21 22 04 32254.90000 48.65000000 2090.59000 141.25000 20.39200 109.61300
13 6 21 22 05 32208.40000 48.67400000 2089.13000 141.25000 20.39200 109.61300
13 6 21 22 05 32211.20000 48.69100000 2090.59000 141.25000 20.39200 109.61300
13 6 21 22 06 32219.10000 48.69100000 2089.41000 141.26000 20.39200 109.61300
13 6 21 22 06 32191.20000 48.69100000 2087.16000 141.15000 20.39200 109.61300
13 6 21 22 06 32197.40000 48.60000000 2085.50000 141.22000 20.39200 109.61300
13 6 21 22 07 32215.50000 48.60000000 2088.80000 141.29000 20.39200 109.61300
13 6 21 22 07 32186.60000 48.63400000 2087.84000 141.25000 20.39200 109.61300
13 6 21 22 08 32198.90000 48.64000000 2087.12000 141.26000 20.39200 109.61300
13 6 21 22 08 32198.10000 48.64000000 2085.69000 141.26000 20.39200 109.79300
13 6 21 22 09 32198.90000 48.64000000 2087.38000 141.34000 20.39200 109.79300
13 6 21 22 09 32199.00000 48.63900000 2087.38000 141.34000 20.39200 109.79300
13 6 21 22 10 32194.90000 48.63900000 2087.29000 141.28000 20.39200 109.79300
13 6 21 22 10 32224.30000 48.63900000 2089.09000 141.28000 20.39200 109.79300
13 6 21 22 11 32227.60000 48.63900000 2089.23000 141.42000 20.39200 109.79300
13 6 21 22 11 32211.30000 48.59300000 2090.05000 141.48000 20.39200 109.79300
13 6 21 22 11 32199.40000 48.59300000 2085.88000 141.47000 20.26400 109.79300
13 6 21 22 12 32170.00000 48.60200000 2084.58000 141.26000 20.26400 109.53000
13 6 21 22 12 32138.90000 48.51400000 2083.03000 141.26000 20.26400 109.53000
13 6 21 22 13 32138.30000 48.51400000 2084.16000 141.26000 20.26400 109.53000
13 6 21 22 13 32029.20000 48.43700000 2078.84000 140.85000 20.26400 109.53000
13 6 21 22 14 32000.90000 48.45000000 2077.52000 140.60000 20.26400 109.53000
13 6 21 22 14 32035.70000 48.45000000 2079.95000 140.80000 20.26400 108.91900
13 6 21 22 14 32029.40000 48.45000000 2077.58000 140.85000 20.26400 109.16900
13 6 21 22 15 32022.60000 48.45000000 2077.45000 140.85000 20.26400 109.16900
13 6 21 22 16 32076.40000 48.48500000 2082.75000 141.04000 20.26400 109.16900
13 6 21 22 17 32084.30000 48.57600000 2082.65000 141.04000 20.26400 109.16900
13 6 21 22 17 32073.90000 48.66900000 2082.23000 141.21000 20.26400 109.32100
13 6 21 22 17 32048.30000 48.66900000 2081.84000 141.13000 20.26400 109.32100
13 6 21 22 18 32050.40000 48.66900000 2081.79000 141.10000 20.26400 109.32100
13 6 21 22 18 32050.50000 48.66900000 2081.79000 141.10000 20.42900 109.38800
13 6 21 22 19 32050.40000 48.66900000 2083.02000 141.39000 20.42900 109.38800
13 6 21 22 19 32050.40000 48.66900000 2083.02000 141.40000 20.64800 109.38800
13 6 21 22 20 32050.50000 48.66900000 2080.05000 141.40000 20.64800 109.38800
13 6 21 22 20 32062.20000 48.55600000 2080.64000 141.40000 20.64800 109.38800
13 6 21 22 20 32038.20000 48.55600000 2078.20000 141.35000 20.64800 109.38800
13 6 21 22 21 32043.50000 48.55600000 2078.19000 141.35000 20.64800 109.31400
13 6 21 22 21 32043.90000 48.55600000 2078.70000 141.35000 20.75600 109.31400
13 6 21 22 22 32046.00000 48.55600000 2078.70000 141.31000 20.77600 109.31400
13 6 21 22 22 32032.30000 48.55600000 2078.70000 141.23000 20.77600 109.31400
13 6 21 22 23 32068.80000 48.55600000 2079.59000 141.23000 20.77600 109.31400
13 6 21 22 23 32047.00000 48.50000000 2078.33000 141.23000 20.77600 109.31400
13 6 21 22 23 32059.00000 48.50000000 2078.33000 141.25000 20.77600 109.31400
13 6 21 22 24 32066.60000 48.43200000 2078.50000 141.26000 20.77600 109.31400
13 6 21 22 24 32069.30000 48.43200000 2078.34000 141.26000 20.77600 109.31400
13 6 21 22 25 32071.40000 48.46800000 2078.34000 141.26000 20.77600 109.31400
13 6 21 22 25 32059.00000 48.46800000 2078.69000 141.08000 20.77600 109.31400
13 6 21 22 26 32062.60000 48.46800000 2078.68000 141.03000 20.77600 109.31400
13 6 21 22 26 32094.00000 48.46800000 2077.29000 141.03000 20.77600 109.31400
13 6 21 22 26 32095.00000 48.46800000 2077.83000 141.03000 20.77600 109.31400
13 6 21 22 27 32089.90000 48.46800000 2076.50000 141.03000 20.77600 109.31400
13 6 21 22 27 32079.30000 48.41300000 2076.31000 141.03000 20.77600 109.31400
13 6 21 22 28 32089.70000 48.41300000 2077.51000 140.85000 20.77600 109.31400
13 6 21 22 28 32020.60000 48.37100000 2070.78000 140.85000 20.77600 109.31400
13 6 21 22 29 31996.60000 48.37100000 2070.02000 140.85000 20.77600 109.31400
13 6 21 22 29 31965.60000 48.37100000 2066.61000 140.35000 20.77600 109.31400
13 6 21 22 29 31961.30000 48.37100000 2067.61000 140.22000 20.77600 109.31400
13 6 21 22 30 31991.40000 48.37100000 2069.15000 140.21000 20.77600 108.77100
13 6 21 22 30 31996.40000 48.37100000 2069.87000 140.64000 20.77600 108.94700
13 6 21 22 31 32015.10000 48.37100000 2071.08000 140.64000 20.77600 109.19900
13 6 21 22 31 32019.90000 48.37100000 2071.60000 140.64000 20.77600 109.19900
13 6 21 22 32 32028.00000 48.40100000 2072.76000 140.64000 20.77600 109.19900
13 6 21 22 32 32033.80000 48.40100000 2074.42000 140.64000 20.77600 109.19900
13 6 21 22 32 32029.90000 48.40100000 2073.35000 140.64000 20.77600 109.19900
13 6 21 22 33 32029.90000 48.40100000 2074.20000 140.66000 20.77600 109.19900
13 6 21 22 33 32029.90000 48.40100000 2074.29000 140.66000 20.77600 109.35100
13 6 21 22 34 31997.70000 48.40100000 2071.43000 140.66000 20.77600 109.35100
13 6 21 22 34 32011.10000 48.40100000 2071.17000 140.73000 20.77600 109.35100
13 6 21 22 35 31998.10000 48.40100000 2070.51000 140.73000 20.77600 109.35100
13 6 21 22 35 32009.70000 48.53800000 2073.44000 140.73000 20.77600 109.15300
13 6 21 22 35 32009.70000 48.53800000 2073.28000 141.00000 20.77600 109.15300
13 6 21 22 36 32028.30000 48.53800000 2075.29000 141.27000 20.77600 109.15300
13 6 21 22 36 32039.20000 48.53800000 2076.48000 141.29000 20.77600 109.15300
13 6 21 22 37 32032.90000 48.53800000 2077.18000 141.21000 20.77600 109.15300
13 6 21 22 37 32037.70000 48.53800000 2077.17000 141.21000 20.77600 109.15300
13 6 21 22 38 32037.90000 48.53800000 2077.17000 141.21000 20.77600 109.15300
13 6 21 22 38 32039.00000 48.52300000 2074.76000 141.21000 20.77600 109.15300
13 6 21 22 38 32038.90000 48.52300000 2074.76000 141.15000 20.77600 109.15300
13 6 21 22 39 32050.00000 48.52300000 2076.13000 141.15000 20.75200 109.15300
13 6 21 22 39 32080.00000 48.52300000 2076.13000 141.15000 20.75200 109.15300
13 6 21 22 40 32080.00000 48.52300000 2078.28000 141.15000 20.75200 109.15300
13 6 21 22 40 32142.70000 48.59000000 2081.20000 141.47000 20.75200 109.15300
13 6 21 22 41 32165.50000 48.59000000 2081.28000 141.47000 20.75200 109.15300
13 6 21 22 41 32172.20000 48.59000000 2082.78000 141.52000 20.75200 109.15300
13 6 21 22 41 32153.70000 48.59000000 2082.06000 141.47000 20.75200 109.34500
13 6 21 22 42 32169.90000 48.59000000 2081.30000 141.47000 20.75200 109.34500
13 6 21 22 42 32132.00000 48.59000000 2080.87000 141.47000 20.75200 109.27800
13 6 21 22 43 32132.10000 48.59000000 2080.78000 141.47000 20.75200 109.27800
13 6 21 22 43 32132.00000 48.66300000 2081.11000 141.54000 20.75200 109.27800
13 6 21 22 44 32132.00000 48.66300000 2080.98000 141.54000 20.75200 109.27800
13 6 21 22 44 32106.80000 48.66300000 2081.19000 141.54000 20.75200 109.27800
13 6 21 22 44 32105.10000 48.66100000 2081.43000 141.54000 20.75200 109.27800
13 6 21 22 45 32105.00000 48.66100000 2080.88000 141.31000 20.75200 109.27800
13 6 21 22 45 32132.00000 48.66100000 2080.71000 141.34000 20.75200 109.27800
