M=[
11 8 20 13 38 9873.10000 5.77500000 327.45000 47.68000 17.44400 71.19700
11 8 20 13 39 9869.30000 5.77500000 327.18000 47.70000 17.44400 71.19700
11 8 20 13 39 9875.20000 5.76800000 327.13000 47.68000 17.42600 71.19700
11 8 20 13 40 9889.90000 5.76800000 327.74000 47.73000 17.42100 71.19700
11 8 20 13 40 9895.40000 5.80100000 328.35000 47.73000 17.42100 71.19700
11 8 20 13 41 9898.50000 5.79400000 328.21000 47.77000 17.42100 71.74200
11 8 20 13 41 9899.70000 5.79400000 328.26000 47.74000 17.42100 71.74200
11 8 20 13 42 9901.00000 5.79400000 328.41000 47.74000 17.42100 71.74200
11 8 20 13 42 9897.20000 5.79400000 328.19000 47.74000 17.42100 71.74200
11 8 20 13 43 9890.00000 5.79400000 328.13000 47.74000 17.42100 71.74200
11 8 20 13 43 9889.90000 5.79400000 328.13000 47.74000 17.42100 71.74200
11 8 20 13 44 9890.00000 5.79400000 328.19000 47.77000 17.42100 71.74200
11 8 20 13 44 9889.10000 5.79400000 328.12000 47.74000 17.42100 71.74200
11 8 20 13 45 9885.30000 5.78400000 327.52000 47.73000 17.42100 71.74200
11 8 20 13 45 9885.20000 5.77600000 327.43000 47.68000 17.42100 71.60000
11 8 20 13 46 9887.10000 5.77600000 327.52000 47.60000 17.42100 71.60000
11 8 20 13 46 9889.00000 5.77600000 328.14000 47.61000 17.42100 71.60000
11 8 20 13 47 9890.00000 5.78000000 328.03000 47.61000 17.42100 71.60000
11 8 20 13 47 9893.10000 5.78000000 329.15000 47.65000 17.42100 71.60000
11 8 20 13 48 9908.40000 5.79900000 329.21000 47.65000 17.42100 71.78000
11 8 20 13 49 9909.80000 5.80300000 329.97000 47.75000 17.42100 71.81500
11 8 20 13 49 9923.70000 5.80300000 330.60000 47.77000 17.42100 72.03000
11 8 20 13 50 9923.60000 5.80700000 330.68000 47.78000 17.42100 72.20600
11 8 20 13 50 9922.70000 5.78700000 330.66000 47.77000 17.40100 72.26200
11 8 20 13 51 9920.30000 5.79300000 330.52000 47.77000 17.40100 72.33000
11 8 20 13 51 9921.10000 5.79300000 330.63000 47.77000 17.40100 72.33000
11 8 20 13 52 9921.10000 5.79900000 330.93000 47.89000 17.40100 72.38300
11 8 20 13 52 9919.00000 5.79900000 330.93000 47.89000 17.41500 72.51000
11 8 20 13 53 9916.40000 5.79900000 330.90000 47.89000 17.46000 72.51000
11 8 20 13 53 9915.80000 5.79900000 330.69000 47.89000 17.47400 72.33000
11 8 20 13 54 9915.80000 5.79900000 330.84000 47.89000 17.47400 72.33000
11 8 20 13 54 9915.80000 5.79900000 331.02000 47.91000 17.47400 72.02600
11 8 20 13 55 9915.80000 5.79900000 330.52000 47.91000 17.47400 72.02600
11 8 20 13 55 9915.80000 5.79900000 330.50000 47.91000 17.47100 72.02600
11 8 20 13 56 9913.50000 5.79900000 330.63000 47.91000 17.47100 72.02600
11 8 20 13 56 9910.10000 5.79900000 330.48000 47.84000 17.47100 72.08400
11 8 20 13 57 9907.00000 5.79900000 330.34000 47.84000 17.47100 72.07000
11 8 20 13 57 9915.00000 5.79900000 330.84000 47.83000 17.47100 72.07000
11 8 20 13 58 9916.70000 5.79900000 331.02000 47.85000 17.48200 72.07000
11 8 20 13 58 9916.50000 5.78900000 331.03000 47.86000 17.48200 72.07000
11 8 20 13 59 9916.50000 5.78900000 330.77000 47.94000 17.50500 72.07000
11 8 20 13 59 9915.50000 5.78900000 330.69000 47.91000 17.46900 72.07000
11 8 20 14 00 9915.50000 5.78900000 330.93000 47.91000 17.46900 72.06600
11 8 20 14 00 9915.50000 5.79000000 331.09000 47.91000 17.48600 72.06600
11 8 20 14 01 9915.50000 5.79000000 330.73000 47.99000 17.48600 72.06600
11 8 20 14 01 9915.50000 5.79000000 330.76000 47.91000 17.41800 72.06600
11 8 20 14 02 9915.40000 5.79000000 330.43000 47.91000 17.41800 72.06600
11 8 20 14 02 9914.70000 5.79300000 330.70000 47.86000 17.41800 72.06600
11 8 20 14 03 9910.90000 5.79300000 330.62000 47.87000 17.41800 72.06600
11 8 20 14 03 9907.80000 5.79300000 330.43000 47.87000 17.41800 72.06600
11 8 20 14 04 9900.10000 5.79300000 330.36000 47.87000 17.41800 72.06600
11 8 20 14 04 9897.80000 5.79300000 330.37000 47.87000 17.41800 72.06600
11 8 20 14 05 9897.70000 5.79300000 330.35000 47.86000 17.49800 72.06600
11 8 20 14 05 9895.40000 5.79300000 330.33000 47.80000 17.49800 72.06600
11 8 20 14 06 9891.00000 5.78400000 330.34000 47.75000 17.49800 72.06600
11 8 20 14 06 9886.20000 5.78400000 330.35000 47.75000 17.45700 72.00000
11 8 20 14 07 9888.90000 5.78400000 330.34000 47.70000 17.45700 72.00000
11 8 20 14 07 9899.60000 5.78400000 330.50000 47.70000 17.47500 71.88000
11 8 20 14 08 9889.30000 5.78400000 330.03000 47.74000 17.47500 71.99000
11 8 20 14 08 9888.90000 5.78400000 329.86000 47.67000 17.47000 71.99000
11 8 20 14 09 9886.40000 5.78400000 329.93000 47.70000 17.47000 71.99000
11 8 20 14 09 9889.30000 5.78400000 329.97000 47.70000 17.47000 71.99000
11 8 20 14 10 9889.40000 5.78400000 330.13000 47.77000 17.49700 71.99000
11 8 20 14 10 9889.30000 5.78400000 330.01000 47.77000 17.49700 71.99000
11 8 20 14 11 9889.30000 5.78400000 330.02000 47.77000 17.49700 71.99000
11 8 20 14 11 9888.20000 5.78400000 329.91000 47.77000 17.49700 71.85000
11 8 20 14 12 9888.20000 5.78200000 329.81000 47.73000 17.49700 71.85000
11 8 20 14 12 9888.50000 5.78000000 329.83000 47.74000 17.49700 71.85000
11 8 20 14 13 9881.40000 5.78000000 329.85000 47.72000 17.49700 71.85000
11 8 20 14 13 9859.80000 5.79100000 329.50000 47.66000 17.40600 71.78500
11 8 20 14 14 9867.20000 5.79100000 329.02000 47.63000 17.40600 71.78500
11 8 20 14 14 9879.10000 5.79100000 329.55000 47.70000 17.40600 71.78500
11 8 20 14 15 9851.40000 5.79100000 328.38000 47.70000 17.40600 71.72200
11 8 20 14 16 9856.20000 5.77400000 328.45000 47.70000 17.40600 71.72200
11 8 20 14 16 9854.60000 5.77300000 328.41000 47.70000 17.40600 71.72200
11 8 20 14 17 9854.60000 5.77300000 328.56000 47.70000 17.40600 71.52000
11 8 20 14 17 9854.60000 5.77300000 328.74000 47.54000 17.40600 71.52000
11 8 20 14 18 9854.50000 5.77300000 328.64000 47.54000 17.40600 71.52000
11 8 20 14 18 9859.90000 5.77300000 328.60000 47.48000 17.40600 71.52000
11 8 20 14 19 9867.20000 5.77300000 329.00000 47.60000 17.40600 71.52000
11 8 20 14 19 9873.30000 5.77300000 328.99000 47.60000 17.40600 71.52000
11 8 20 14 20 9858.70000 5.77300000 328.84000 47.51000 17.40800 71.66400
11 8 20 14 20 9856.20000 5.77300000 328.75000 47.50000 17.40800 71.66400
11 8 20 14 21 9855.10000 5.77300000 328.75000 47.51000 17.40800 71.66400
11 8 20 14 21 9851.10000 5.77300000 328.42000 47.42000 17.40800 71.66400
11 8 20 14 22 9850.00000 5.77300000 327.89000 47.42000 17.40800 71.66400
11 8 20 14 22 9850.10000 5.77300000 328.67000 47.40000 17.40800 71.66400
11 8 20 14 23 9859.80000 5.77300000 328.67000 47.43000 17.40800 71.66400
11 8 20 14 24 9868.10000 5.77300000 329.27000 47.47000 17.40800 71.66400
11 8 20 14 24 9868.10000 5.77300000 329.26000 47.47000 17.40800 71.66400
11 8 20 14 25 9866.00000 5.77300000 329.22000 47.47000 17.40800 71.66400
11 8 20 14 25 9868.10000 5.77300000 329.39000 47.47000 17.40800 71.77600
11 8 20 14 26 9870.20000 5.77300000 329.55000 47.54000 17.40800 71.77600
11 8 20 14 26 9872.10000 5.77300000 329.49000 47.54000 17.40800 71.77600
11 8 20 14 27 9863.20000 5.77300000 329.24000 47.55000 17.40800 71.77600
11 8 20 14 27 9860.80000 5.77300000 328.91000 47.58000 17.40800 71.77600
11 8 20 14 28 9866.00000 5.77300000 328.87000 47.58000 17.40800 71.77600
11 8 20 14 28 9865.20000 5.77300000 329.04000 47.58000 17.40800 71.77600
11 8 20 14 28 9863.30000 5.77300000 328.90000 47.54000 17.40800 71.77600
11 8 20 14 29 9863.10000 5.78100000 329.06000 47.54000 17.40800 71.77600
11 8 20 14 29 9874.40000 5.78100000 329.12000 47.54000 17.40800 71.77600
11 8 20 14 30 9876.50000 5.80400000 329.38000 47.54000 17.40800 71.77600
11 8 20 14 30 9882.40000 5.80400000 329.48000 47.54000 17.40800 71.77600
11 8 20 14 31 9876.40000 5.80400000 329.55000 47.54000 17.40800 71.77600
11 8 20 14 31 9874.50000 5.80400000 329.38000 47.54000 17.40800 71.77600
11 8 20 14 32 9872.40000 5.80400000 329.19000 47.54000 17.40800 71.77600
11 8 20 14 32 9876.80000 5.79000000 329.43000 47.60000 17.40800 71.77600
11 8 20 14 33 9872.30000 5.79000000 329.00000 47.64000 17.40000 71.77600
11 8 20 14 33 9871.60000 5.81600000 329.36000 47.61000 17.40000 71.77600
