M=[
11 4 21 01 08 50205.80000 17.10800000 1781.57000 211.75000 42.50000 179.67000
11 4 21 01 08 50192.20000 17.10800000 1781.57000 211.75000 42.41300 179.67000
11 4 21 01 09 50190.80000 17.10800000 1780.09000 211.44000 42.41300 179.67000
11 4 21 01 09 50190.80000 17.10800000 1780.00000 211.28000 42.41300 179.67000
11 4 21 01 10 50170.80000 17.10800000 1777.61000 210.74000 42.41300 179.51200
11 4 21 01 10 50167.20000 17.10800000 1777.61000 210.74000 42.41300 179.89900
11 4 21 01 10 50167.20000 17.10800000 1777.61000 211.20000 42.41300 179.89900
11 4 21 01 11 50182.20000 17.10800000 1779.79000 211.03000 42.41300 180.25800
11 4 21 01 11 50206.70000 17.10800000 1779.79000 211.03000 42.41300 180.25800
11 4 21 01 12 50206.70000 17.10800000 1779.79000 211.25000 42.41300 180.25800
11 4 21 01 12 50187.40000 17.10800000 1779.79000 211.25000 42.41300 181.13000
11 4 21 01 13 50187.30000 17.10700000 1779.79000 211.10000 42.41300 181.13000
11 4 21 01 13 50192.90000 17.03500000 1779.79000 211.10000 42.41300 181.13000
11 4 21 01 13 50188.30000 17.03500000 1779.62000 211.10000 42.41300 181.20000
11 4 21 01 14 50183.90000 17.03500000 1779.62000 211.00000 42.41200 181.20000
11 4 21 01 14 50188.80000 17.03500000 1779.62000 211.00000 42.41200 181.20000
11 4 21 01 15 50200.30000 17.03500000 1780.46000 211.00000 42.41200 181.20000
11 4 21 01 15 50209.50000 17.03500000 1780.94000 211.00000 42.41200 181.86800
11 4 21 01 16 50214.80000 17.03200000 1780.94000 211.10000 42.41200 182.00000
11 4 21 01 16 50206.70000 17.03200000 1780.94000 211.06000 42.41200 182.00000
11 4 21 01 16 50206.70000 17.03200000 1780.94000 211.06000 42.41200 182.00000
11 4 21 01 17 50206.70000 17.03200000 1781.37000 211.06000 42.41200 182.00000
11 4 21 01 17 50206.80000 17.03200000 1781.37000 211.06000 42.55400 183.00000
11 4 21 01 18 50192.30000 17.03200000 1781.37000 211.09000 42.55400 183.18900
11 4 21 01 18 50171.20000 17.03200000 1782.02000 211.09000 42.55400 183.18900
11 4 21 01 19 50206.60000 17.03200000 1782.79000 211.09000 42.55400 183.25700
11 4 21 01 19 50206.60000 17.03200000 1782.75000 211.10000 42.55400 184.10100
11 4 21 01 19 50229.60000 17.03200000 1782.75000 211.10000 42.55400 184.09500
11 4 21 01 20 50246.90000 17.03200000 1783.27000 211.92000 42.55400 183.38100
11 4 21 01 20 50247.60000 17.03200000 1783.27000 211.92000 42.55400 183.17000
11 4 21 01 21 50255.00000 17.03200000 1783.02000 211.92000 42.55400 183.17000
11 4 21 01 21 50265.60000 17.03200000 1782.81000 211.92000 42.55400 183.17000
11 4 21 01 22 50265.30000 17.03200000 1782.79000 211.92000 42.55400 183.17000
11 4 21 01 22 50268.70000 17.03200000 1783.28000 211.92000 42.55400 184.09200
11 4 21 01 22 50268.70000 17.03200000 1783.28000 212.03000 42.55400 184.09200
11 4 21 01 23 50268.70000 17.03200000 1784.39000 212.35000 42.55400 184.11100
11 4 21 01 23 50268.70000 17.03200000 1784.39000 212.35000 42.55400 184.11100
11 4 21 01 24 50307.30000 17.02000000 1784.27000 212.35000 42.55400 184.20000
11 4 21 01 24 50307.30000 17.02000000 1784.27000 212.02000 42.55400 184.20000
11 4 21 01 25 50294.40000 17.02000000 1784.27000 211.73000 42.55400 184.20000
11 4 21 01 25 50294.50000 17.02000000 1784.27000 211.73000 42.55400 184.20000
11 4 21 01 25 50270.20000 17.02000000 1784.80000 211.73000 42.55400 184.20000
11 4 21 01 26 50270.20000 17.05600000 1784.80000 211.31000 42.55400 184.20000
11 4 21 01 26 50270.20000 17.05600000 1784.80000 210.70000 42.55400 183.13300
11 4 21 01 27 50270.20000 17.05600000 1785.96000 210.56000 42.55400 183.13300
11 4 21 01 27 50246.60000 17.05600000 1785.96000 210.56000 42.55400 183.12900
11 4 21 01 28 50252.10000 17.05600000 1785.89000 210.22000 42.55400 183.12900
11 4 21 01 28 50252.10000 17.05600000 1785.17000 210.48000 42.55400 183.21300
11 4 21 01 28 50195.60000 17.05600000 1785.17000 210.00000 42.55400 183.30100
11 4 21 01 29 50198.10000 17.05600000 1785.31000 208.98000 42.55400 183.30100
11 4 21 01 29 50198.20000 17.03000000 1785.40000 209.52000 42.55400 183.30100
11 4 21 01 30 50226.80000 17.03000000 1785.40000 210.41000 42.55400 184.93400
11 4 21 01 30 50226.80000 17.03000000 1785.40000 209.78000 42.55400 185.00000
11 4 21 01 31 50226.80000 17.03000000 1784.96000 209.73000 42.55400 185.19700
11 4 21 01 31 50226.80000 17.03000000 1784.97000 209.73000 42.55400 185.24000
11 4 21 01 31 50226.80000 17.03000000 1784.97000 209.73000 42.55400 185.64900
11 4 21 01 32 50240.40000 17.03000000 1784.72000 209.73000 42.55400 186.10000
11 4 21 01 32 50240.40000 17.03000000 1784.74000 209.73000 42.55400 186.08600
11 4 21 01 33 50261.30000 17.03000000 1784.74000 209.73000 42.55400 186.70000
11 4 21 01 33 50274.90000 17.03000000 1786.07000 210.38000 42.55400 186.70000
11 4 21 01 34 50300.00000 17.03000000 1786.07000 211.10000 42.55400 186.82900
11 4 21 01 34 50300.00000 17.03000000 1787.52000 211.10000 42.55400 186.82900
11 4 21 01 34 50300.00000 17.03000000 1789.34000 211.39000 42.55400 186.96900
11 4 21 01 35 50312.90000 17.03000000 1790.68000 211.94000 42.55400 186.83100
11 4 21 01 35 50313.00000 17.03000000 1792.17000 211.47000 42.55400 186.99900
11 4 21 01 36 50264.10000 17.03000000 1792.19000 211.47000 42.55400 187.00000
11 4 21 01 36 50262.00000 17.03000000 1790.06000 210.62000 42.55400 187.00000
11 4 21 01 37 50253.80000 17.03000000 1790.07000 210.62000 42.55400 186.55300
11 4 21 01 37 50253.80000 17.03000000 1790.07000 210.62000 42.55400 186.55300
11 4 21 01 37 50289.80000 17.03000000 1790.07000 210.62000 42.55400 186.55300
11 4 21 01 38 50289.80000 17.03000000 1790.07000 210.69000 42.44500 186.09900
11 4 21 01 38 50289.80000 17.03000000 1790.07000 210.61000 42.44500 186.09900
11 4 21 01 39 50268.60000 17.03000000 1790.07000 210.61000 42.44500 186.09900
11 4 21 01 39 50268.60000 17.03000000 1789.50000 210.61000 42.44500 186.92100
11 4 21 01 40 50268.60000 17.03000000 1789.50000 210.72000 42.44500 186.92100
11 4 21 01 40 50268.60000 17.03000000 1789.50000 210.72000 42.44500 186.92100
11 4 21 01 40 50268.70000 17.03000000 1789.50000 210.72000 42.44500 186.92100
11 4 21 01 41 50243.00000 17.12600000 1789.50000 210.47000 42.44500 186.92100
11 4 21 01 41 50242.90000 17.16000000 1787.80000 210.47000 42.44500 186.92100
11 4 21 01 42 50243.00000 17.16000000 1788.25000 210.47000 42.44500 186.92100
11 4 21 01 42 50243.00000 17.16000000 1788.25000 210.81000 42.35600 187.09700
11 4 21 01 43 50245.90000 17.16000000 1788.25000 210.91000 42.35600 187.24400
11 4 21 01 43 50245.90000 17.16000000 1787.26000 210.91000 42.35600 186.83800
11 4 21 01 43 50245.90000 17.16000000 1787.26000 210.91000 42.35600 186.83800
11 4 21 01 44 50245.90000 17.16000000 1787.26000 210.91000 42.35600 186.83800
11 4 21 01 44 50245.90000 17.16000000 1788.35000 210.91000 42.35600 186.83800
11 4 21 01 45 50245.90000 17.16000000 1788.35000 211.18000 42.35600 185.50800
11 4 21 01 45 50245.90000 17.16000000 1788.35000 211.18000 42.00100 185.50800
11 4 21 01 46 50249.30000 17.16000000 1788.35000 211.18000 42.00100 185.50800
11 4 21 01 46 50249.30000 17.16000000 1788.35000 210.76000 42.00000 187.32100
11 4 21 01 46 50251.50000 17.16000000 1787.71000 210.76000 42.00000 187.32100
11 4 21 01 47 50263.40000 17.16000000 1787.71000 210.63000 42.00000 187.01800
11 4 21 01 47 50263.40000 17.16000000 1789.35000 210.70000 42.00000 187.14100
11 4 21 01 48 50263.50000 17.16000000 1789.35000 210.92000 41.96200 187.14100
11 4 21 01 48 50284.50000 17.16000000 1789.35000 210.73000 41.96200 187.14100
11 4 21 01 49 50299.90000 17.16000000 1789.35000 210.68000 41.96200 187.14100
11 4 21 01 49 50299.90000 17.16000000 1789.84000 210.68000 41.96200 187.14100
11 4 21 01 49 50273.50000 17.16000000 1789.84000 210.68000 41.92000 187.32100
11 4 21 01 50 50273.50000 17.16000000 1789.84000 210.68000 41.92000 187.32100
11 4 21 01 50 50273.50000 17.16000000 1789.84000 210.68000 41.92000 187.69900
11 4 21 01 51 50292.90000 17.16000000 1789.84000 210.68000 41.92000 187.61100
11 4 21 01 51 50293.00000 17.16000000 1789.84000 210.68000 41.92000 187.61100
