M=[
 3 3 21 07 49 41296.70000 9.47400000 1302.98000 160.51000 26.60000 107.37800
 3 3 21 07 49 41302.80000 9.47400000 1302.99000 160.51000 26.60000 107.37800
 3 3 21 07 50 41311.90000 9.47400000 1303.99000 160.71000 26.60000 107.37800
 3 3 21 07 50 41332.00000 9.47400000 1304.71000 160.62000 26.60000 107.37800
 3 3 21 07 51 41328.40000 9.47400000 1304.42000 160.45000 26.60000 107.27000
 3 3 21 07 51 41328.30000 9.46000000 1303.23000 160.31000 26.60000 107.27000
 3 3 21 07 51 41251.00000 9.46000000 1302.51000 160.32000 26.60000 106.93800
 3 3 21 07 52 41240.10000 9.41300000 1301.21000 160.30000 26.60000 106.96100
 3 3 21 07 52 41226.30000 9.41300000 1300.00000 160.36000 26.60000 106.85700
 3 3 21 07 53 41208.10000 9.41300000 1299.60000 160.15000 26.60000 106.84700
 3 3 21 07 53 41208.10000 9.41300000 1299.60000 160.26000 26.60000 106.97300
 3 3 21 07 54 41183.00000 9.41300000 1299.07000 159.87000 26.60000 106.97300
 3 3 21 07 54 41206.90000 9.41300000 1298.09000 159.87000 26.60000 106.97300
 3 3 21 07 54 41220.00000 9.41300000 1298.47000 159.87000 26.60000 106.97300
 3 3 21 07 55 41226.40000 9.41300000 1298.47000 160.22000 26.60000 106.97300
 3 3 21 07 55 41220.40000 9.41300000 1298.46000 160.21000 26.60000 106.97300
 3 3 21 07 56 41219.90000 9.41300000 1298.46000 160.21000 26.60000 106.97300
 3 3 21 07 56 41219.80000 9.41300000 1298.97000 160.18000 26.60000 106.97300
 3 3 21 07 57 41219.80000 9.41300000 1298.85000 160.18000 26.60000 106.97300
 3 3 21 07 57 41209.20000 9.41300000 1298.27000 160.04000 26.60000 106.97300
 3 3 21 07 57 41209.20000 9.41300000 1297.50000 160.04000 26.60000 106.97300
 3 3 21 07 58 41209.20000 9.41300000 1297.49000 160.06000 26.59600 106.97300
 3 3 21 07 58 41199.50000 9.41300000 1298.40000 160.01000 26.59600 106.97300
 3 3 21 07 59 41187.80000 9.39500000 1297.00000 160.02000 26.59600 106.97300
 3 3 21 07 59 41178.60000 9.39500000 1297.24000 160.16000 26.59600 106.97300
 3 3 21 08 00 41178.50000 9.39500000 1297.90000 160.27000 26.59600 106.97300
 3 3 21 08 00 41220.00000 9.39500000 1300.67000 160.51000 26.59600 106.97300
 3 3 21 08 00 41249.70000 9.39500000 1301.61000 160.51000 26.59600 106.97300
 3 3 21 08 01 41269.90000 9.39500000 1304.00000 160.54000 26.59600 106.97300
 3 3 21 08 01 41319.80000 9.39500000 1304.60000 160.56000 26.59600 106.97300
 3 3 21 08 02 41319.80000 9.39500000 1305.08000 160.35000 26.59600 106.97300
 3 3 21 08 02 41330.00000 9.39500000 1304.52000 160.35000 26.59600 106.97300
 3 3 21 08 03 41330.00000 9.39500000 1303.57000 160.07000 26.59600 106.97300
 3 3 21 08 03 41335.20000 9.41000000 1304.10000 159.85000 26.59600 106.97300
 3 3 21 08 03 41330.80000 9.41000000 1302.61000 159.78000 26.59600 106.97300
 3 3 21 08 04 41350.10000 9.41000000 1305.46000 159.78000 26.59600 106.97300
 3 3 21 08 04 41320.10000 9.41600000 1303.51000 159.95000 26.59700 107.39900
 3 3 21 08 05 41340.20000 9.41600000 1304.82000 159.95000 26.33200 107.39900
 3 3 21 08 05 41325.10000 9.41600000 1304.59000 159.62000 26.33200 106.95500
 3 3 21 08 06 41336.30000 9.42800000 1304.80000 159.58000 26.33200 106.95500
 3 3 21 08 06 41355.90000 9.42800000 1304.52000 159.57000 26.33200 106.95500
 3 3 21 08 06 41355.90000 9.44100000 1304.32000 159.69000 26.33200 106.95500
 3 3 21 08 07 41353.40000 9.44100000 1304.32000 159.61000 26.33200 106.95500
 3 3 21 08 07 41352.50000 9.44100000 1304.32000 159.64000 26.33200 106.95500
 3 3 21 08 08 41352.30000 9.41400000 1304.32000 159.62000 26.33200 106.95500
 3 3 21 08 08 41400.00000 9.41400000 1304.70000 159.70000 26.33200 106.95500
 3 3 21 08 09 41434.60000 9.41400000 1305.40000 159.96000 26.33200 106.95500
 3 3 21 08 09 41452.10000 9.41400000 1307.25000 159.96000 26.33200 106.95500
 3 3 21 08 09 41457.80000 9.41400000 1307.44000 160.06000 26.33200 106.95500
 3 3 21 08 10 41352.30000 9.41400000 1305.71000 160.00000 26.33200 106.95500
 3 3 21 08 10 41328.10000 9.41400000 1303.53000 159.57000 26.33200 106.95500
 3 3 21 08 11 41366.70000 9.41400000 1304.73000 159.57000 26.33200 106.95500
 3 3 21 08 11 41337.80000 9.41400000 1303.69000 159.57000 26.33200 106.95500
 3 3 21 08 12 41337.80000 9.41400000 1305.26000 159.63000 26.33200 106.95500
 3 3 21 08 12 41341.00000 9.41400000 1304.47000 159.34000 26.33200 106.95500
 3 3 21 08 12 41337.90000 9.41400000 1305.70000 159.38000 26.33200 106.95500
 3 3 21 08 13 41340.00000 9.42700000 1307.47000 159.59000 26.33200 106.96000
 3 3 21 08 13 41340.00000 9.42700000 1307.74000 159.61000 26.33200 106.96000
 3 3 21 08 14 41369.60000 9.42700000 1308.09000 159.61000 26.33200 106.96000
 3 3 21 08 14 41386.90000 9.42700000 1307.43000 159.66000 26.33200 106.96000
 3 3 21 08 15 41443.90000 9.42700000 1308.30000 159.66000 26.33200 106.96000
 3 3 21 08 15 41451.30000 9.42700000 1307.45000 160.11000 26.33200 106.96000
 3 3 21 08 15 41485.00000 9.42700000 1307.42000 160.12000 26.33200 106.96000
 3 3 21 08 16 41487.80000 9.42700000 1307.85000 160.28000 26.33200 106.96000
 3 3 21 08 16 41492.40000 9.48300000 1306.80000 160.28000 26.33200 106.96000
 3 3 21 08 17 41497.90000 9.48300000 1307.73000 160.45000 26.33200 106.96000
 3 3 21 08 17 41485.10000 9.48300000 1307.87000 160.11000 26.33200 106.96000
 3 3 21 08 18 41497.90000 9.48300000 1308.85000 160.42000 26.33200 106.96000
 3 3 21 08 18 41520.20000 9.48300000 1310.72000 160.52000 26.33200 106.96000
 3 3 21 08 18 41717.80000 9.45900000 1313.97000 160.69000 26.33200 106.96000
 3 3 21 08 19 41727.80000 9.45900000 1315.00000 161.00000 26.33200 107.50000
 3 3 21 08 19 41757.20000 9.50000000 1316.51000 161.35000 26.33200 107.50000
 3 3 21 08 20 41800.10000 9.50000000 1316.01000 161.48000 26.33200 107.51000
 3 3 21 08 20 41744.70000 9.50000000 1313.90000 161.48000 26.33200 107.51000
 3 3 21 08 21 41780.60000 9.50300000 1314.59000 161.48000 26.33200 107.51000
 3 3 21 08 21 41850.00000 9.52600000 1316.52000 162.11000 26.33200 107.82700
 3 3 21 08 21 41861.60000 9.55400000 1318.00000 162.30000 26.33200 107.82700
 3 3 21 08 22 41887.00000 9.55400000 1319.52000 162.35000 26.33200 107.96700
 3 3 21 08 22 41887.90000 9.55400000 1319.61000 162.27000 26.33200 108.14800
 3 3 21 08 23 41871.00000 9.55500000 1318.97000 162.07000 26.33200 108.14400
 3 3 21 08 23 41899.90000 9.53200000 1319.79000 162.13000 26.33200 108.14800
 3 3 21 08 24 41870.00000 9.53200000 1318.00000 161.58000 26.33200 107.96200
 3 3 21 08 24 41877.10000 9.53200000 1317.54000 161.74000 26.33200 107.96200
 3 3 21 08 24 41924.00000 9.53200000 1319.74000 161.83000 26.33200 107.96200
 3 3 21 08 25 41950.00000 9.53300000 1319.27000 161.71000 26.33200 107.96200
 3 3 21 08 25 41949.90000 9.55400000 1319.70000 161.71000 26.38000 107.83100
 3 3 21 08 26 41970.20000 9.55100000 1319.01000 161.77000 26.38000 108.04300
 3 3 21 08 26 41980.00000 9.55100000 1319.06000 161.86000 26.58700 108.04300
 3 3 21 08 27 41984.00000 9.55100000 1319.44000 161.66000 26.58700 108.04300
 3 3 21 08 27 41975.70000 9.55100000 1319.55000 161.66000 26.58700 108.04300
 3 3 21 08 27 41980.10000 9.55100000 1319.01000 161.61000 26.58700 108.04300
 3 3 21 08 28 41980.00000 9.55100000 1318.07000 161.61000 26.58700 107.37100
 3 3 21 08 28 41980.00000 9.55100000 1317.91000 161.48000 26.58700 107.29600
 3 3 21 08 29 41953.30000 9.55100000 1318.94000 161.35000 26.58700 107.39400
 3 3 21 08 29 41939.40000 9.55100000 1318.94000 161.65000 26.58700 107.39400
 3 3 21 08 30 41940.00000 9.55100000 1318.91000 161.64000 26.58700 107.39400
 3 3 21 08 30 41986.90000 9.52200000 1318.95000 161.65000 26.58700 107.39400
 3 3 21 08 30 42000.00000 9.52200000 1319.87000 161.65000 26.58700 107.39400
 3 3 21 08 31 42000.00000 9.51400000 1319.98000 161.84000 26.58700 107.45600
 3 3 21 08 31 41999.90000 9.51400000 1319.40000 161.63000 26.58700 107.45600
 3 3 21 08 32 41985.00000 9.51400000 1319.22000 161.33000 26.58200 107.45600
 3 3 21 08 32 41910.80000 9.51400000 1317.62000 161.17000 26.60000 107.45600
 3 3 21 08 32 41925.80000 9.51400000 1317.09000 161.09000 26.60000 107.44300
