M=[
16 2 21 03 39 40709.50000 12.70300000 1499.12000 179.38000 35.55800 136.57500
16 2 21 03 39 40709.30000 12.70300000 1497.87000 179.38000 35.70000 136.57500
16 2 21 03 39 40702.50000 12.70300000 1497.96000 179.38000 35.70000 136.18700
16 2 21 03 40 40689.90000 12.70300000 1497.96000 179.29000 35.70000 136.11000
16 2 21 03 40 40723.90000 12.67400000 1498.41000 179.10000 35.70000 136.11000
16 2 21 03 41 40702.80000 12.67400000 1498.41000 179.10000 35.70000 136.11000
16 2 21 03 41 40603.40000 12.67400000 1494.14000 178.91000 35.70000 136.11000
16 2 21 03 42 40676.80000 12.67400000 1494.14000 178.99000 35.70000 135.66900
16 2 21 03 42 40679.80000 12.67400000 1495.30000 179.29000 35.70000 135.66900
16 2 21 03 42 40654.00000 12.57800000 1495.30000 179.05000 35.93600 135.53200
16 2 21 03 43 40679.80000 12.57800000 1495.63000 179.05000 35.96300 135.53200
16 2 21 03 43 40674.60000 12.57800000 1495.25000 179.03000 35.96300 135.53200
16 2 21 03 44 40674.50000 12.57800000 1495.35000 178.74000 35.96300 135.46100
16 2 21 03 44 40623.80000 12.57800000 1492.77000 178.74000 35.96300 135.46100
16 2 21 03 45 40617.90000 12.57800000 1494.02000 178.26000 35.96200 135.46100
16 2 21 03 45 40541.10000 12.54600000 1492.13000 178.03000 35.51800 135.46100
16 2 21 03 45 40512.90000 12.54600000 1493.78000 178.05000 35.51800 135.46100
16 2 21 03 46 40532.50000 12.51700000 1493.75000 178.08000 35.99600 135.46100
16 2 21 03 46 40529.10000 12.46900000 1494.05000 178.08000 35.99600 135.46100
16 2 21 03 47 40563.90000 12.46900000 1494.65000 178.08000 36.00000 135.46100
16 2 21 03 47 40593.50000 12.46900000 1494.80000 178.88000 35.47800 135.46100
16 2 21 03 48 40561.70000 12.50900000 1493.28000 178.27000 35.38700 135.46100
16 2 21 03 48 40557.10000 12.50900000 1493.56000 178.31000 35.38700 135.46100
16 2 21 03 48 40583.90000 12.50900000 1496.13000 178.31000 35.38700 135.46100
16 2 21 03 49 40646.20000 12.50900000 1495.53000 178.31000 35.38700 135.46100
16 2 21 03 49 40657.20000 12.50900000 1496.31000 178.70000 35.38700 135.46100
16 2 21 03 50 40675.90000 12.50900000 1496.40000 178.70000 35.38700 135.46100
16 2 21 03 50 40663.20000 12.55900000 1496.68000 178.70000 35.65900 135.46100
16 2 21 03 51 40643.90000 12.55900000 1497.18000 178.70000 35.65900 135.36700
16 2 21 03 51 40644.00000 12.55900000 1496.40000 178.68000 35.70300 135.36700
16 2 21 03 51 40620.20000 12.53200000 1496.40000 178.68000 35.70300 135.36700
16 2 21 03 52 40626.50000 12.53200000 1496.40000 178.68000 35.70300 135.36700
16 2 21 03 52 40637.00000 12.53200000 1496.80000 178.49000 36.00000 134.94800
16 2 21 03 53 40644.00000 12.53200000 1496.98000 178.49000 36.00000 134.94800
16 2 21 03 53 40644.00000 12.53200000 1496.98000 178.49000 35.99900 134.94800
16 2 21 03 54 40644.90000 12.53200000 1496.98000 178.55000 35.99900 134.94800
16 2 21 03 54 40650.00000 12.53200000 1496.97000 178.55000 35.99900 134.94800
16 2 21 03 54 40650.00000 12.53200000 1497.43000 178.70000 35.99900 134.94800
16 2 21 03 55 40650.00000 12.53200000 1497.43000 178.55000 36.00900 134.94800
16 2 21 03 55 40650.00000 12.53200000 1495.19000 178.55000 36.00900 135.02100
16 2 21 03 56 40649.90000 12.53200000 1496.00000 178.55000 36.00900 135.02100
16 2 21 03 56 40649.80000 12.53200000 1496.00000 178.47000 36.00900 135.02100
16 2 21 03 57 40649.90000 12.53200000 1497.24000 178.47000 36.00900 135.02100
16 2 21 03 57 40679.10000 12.53200000 1497.14000 178.48000 36.00900 135.02100
16 2 21 03 57 40657.70000 12.53200000 1496.62000 178.48000 35.77000 135.02100
16 2 21 03 58 40686.70000 12.53200000 1496.62000 178.53000 35.77000 135.02100
16 2 21 03 58 40703.20000 12.53200000 1497.46000 178.53000 35.77000 135.02100
16 2 21 03 59 40702.50000 12.53200000 1497.46000 178.71000 35.77000 135.02100
16 2 21 03 59 40765.20000 12.53200000 1498.00000 178.98000 35.77000 135.02100
16 2 21 04 00 40814.10000 12.53200000 1499.00000 178.98000 35.77000 135.02100
16 2 21 04 00 40759.80000 12.53200000 1497.69000 179.00000 35.77000 135.02100
16 2 21 04 00 40724.00000 12.53200000 1497.69000 179.00000 35.77000 135.02100
16 2 21 04 01 40641.30000 12.53200000 1496.78000 178.37000 36.10000 134.83900
16 2 21 04 01 40652.50000 12.53200000 1495.64000 178.37000 36.10000 134.83900
16 2 21 04 02 40624.80000 12.53200000 1494.68000 178.17000 36.10000 134.83900
16 2 21 04 02 40600.30000 12.53200000 1494.68000 177.71000 36.10000 134.83900
16 2 21 04 03 40663.00000 12.53200000 1494.68000 177.99000 36.10100 133.96200
16 2 21 04 03 40623.60000 12.53200000 1494.37000 178.16000 36.10000 133.96200
16 2 21 04 03 40650.00000 12.53200000 1495.21000 178.16000 36.10000 133.96200
16 2 21 04 04 40724.70000 12.53200000 1495.94000 178.43000 36.11400 134.58400
16 2 21 04 04 40740.70000 12.53200000 1495.95000 178.42000 36.11400 134.58400
16 2 21 04 05 40719.90000 12.53200000 1492.80000 178.42000 36.11400 134.58400
16 2 21 04 05 40728.90000 12.53200000 1492.80000 178.42000 36.10200 134.58400
16 2 21 04 06 40729.00000 12.53200000 1492.80000 178.42000 36.10200 134.58400
16 2 21 04 06 40719.80000 12.53200000 1492.78000 178.22000 36.10200 134.58400
16 2 21 04 06 40740.00000 12.53200000 1492.78000 178.43000 36.10200 133.50400
16 2 21 04 07 40720.60000 12.53200000 1492.78000 178.43000 36.10200 133.34700
16 2 21 04 07 40740.00000 12.53200000 1492.33000 178.43000 36.10200 133.34700
16 2 21 04 08 40740.00000 12.53200000 1493.65000 178.11000 36.10200 133.27200
16 2 21 04 08 40730.50000 12.53200000 1494.79000 178.23000 36.10200 133.27200
16 2 21 04 09 40732.50000 12.53200000 1494.80000 178.23000 36.10200 133.82100
16 2 21 04 09 40732.60000 12.53200000 1494.79000 178.23000 36.10200 134.52900
16 2 21 04 09 40732.60000 12.53200000 1494.90000 178.23000 36.10200 134.62400
16 2 21 04 10 40745.00000 12.53200000 1495.48000 178.64000 36.10200 134.59400
16 2 21 04 10 40774.20000 12.53200000 1495.47000 178.64000 36.10200 135.07100
16 2 21 04 11 40774.10000 12.53200000 1495.47000 178.64000 36.10200 135.07100
16 2 21 04 11 40795.00000 12.53200000 1495.47000 178.57000 36.10200 135.07100
16 2 21 04 12 40794.90000 12.53200000 1494.40000 178.52000 36.10200 135.07100
16 2 21 04 12 40794.90000 12.53200000 1494.64000 178.52000 36.10200 135.07100
16 2 21 04 12 40785.00000 12.53200000 1494.70000 177.80000 36.10200 135.07100
16 2 21 04 13 40788.90000 12.53200000 1495.33000 177.80000 36.10200 135.07100
16 2 21 04 13 40795.00000 12.53200000 1495.91000 177.80000 36.10200 135.07100
16 2 21 04 14 40794.90000 12.53200000 1495.93000 177.74000 36.10200 135.07100
16 2 21 04 14 40841.30000 12.53200000 1495.92000 177.74000 36.10200 135.07100
16 2 21 04 15 40841.90000 12.53200000 1495.92000 178.25000 36.10200 135.07100
16 2 21 04 15 40924.20000 12.53200000 1495.97000 177.74000 36.10200 135.07100
16 2 21 04 15 41013.00000 12.53200000 1497.41000 177.81000 36.10200 133.50400
16 2 21 04 16 41067.00000 12.53200000 1498.55000 177.90000 36.10200 133.73900
16 2 21 04 16 40966.20000 12.53200000 1496.06000 177.11000 36.10200 133.73900
16 2 21 04 17 41019.30000 12.53200000 1497.09000 177.21000 36.10200 135.12400
16 2 21 04 17 41009.30000 12.53200000 1499.00000 177.36000 36.10200 136.69400
16 2 21 04 18 41000.10000 12.53200000 1499.98000 177.83000 36.10200 136.45400
16 2 21 04 18 40872.70000 12.53200000 1497.08000 177.88000 36.10200 137.70900
16 2 21 04 18 40996.50000 12.53200000 1499.94000 178.15000 36.10200 137.47100
16 2 21 04 19 40976.30000 12.53200000 1501.13000 178.15000 36.10200 137.37600
16 2 21 04 19 40859.10000 12.53200000 1499.05000 178.15000 36.10200 137.01500
16 2 21 04 20 40878.50000 12.53200000 1498.39000 177.68000 35.69500 136.53600
16 2 21 04 20 40894.30000 12.53200000 1496.96000 177.68000 35.68100 136.70900
16 2 21 04 21 40675.10000 12.53200000 1494.00000 177.11000 35.68100 136.70900
16 2 21 04 21 40661.20000 12.53200000 1495.22000 177.11000 35.68100 135.49100
16 2 21 04 21 40687.90000 12.53200000 1492.64000 177.11000 35.68100 135.21800
16 2 21 04 22 40682.60000 12.53200000 1492.64000 177.03000 35.68100 135.21800
