M=[
30 4 21 09 20 45264.20000 29.59500000 2309.01000 219.95000 33.83000 198.50400
30 4 21 09 20 45271.10000 29.59500000 2309.01000 219.95000 33.83000 198.50400
30 4 21 09 21 45270.90000 29.59500000 2309.01000 219.82000 33.83000 198.50400
30 4 21 09 21 45271.00000 29.59500000 2307.43000 219.82000 33.83000 198.50400
30 4 21 09 22 45255.00000 29.59500000 2306.58000 219.77000 33.83000 198.50400
30 4 21 09 22 45259.70000 29.59500000 2308.05000 219.87000 33.83000 198.50400
30 4 21 09 23 45265.20000 29.59500000 2308.00000 219.87000 33.83000 198.50400
30 4 21 09 23 45291.90000 29.54700000 2309.95000 219.87000 33.83600 198.50400
30 4 21 09 23 45289.50000 29.54700000 2309.47000 219.93000 33.83600 198.50400
30 4 21 09 24 45281.60000 29.54700000 2308.75000 219.94000 33.83600 198.50400
30 4 21 09 24 45290.90000 29.54700000 2309.12000 219.94000 33.83600 198.20000
30 4 21 09 25 45291.70000 29.54700000 2309.59000 219.95000 33.83600 198.20000
30 4 21 09 25 45288.70000 29.54700000 2309.60000 219.94000 33.83600 198.20000
30 4 21 09 26 45280.10000 29.55900000 2311.59000 219.94000 33.83600 198.20000
30 4 21 09 26 45292.50000 29.55900000 2312.00000 219.97000 33.83600 198.20000
30 4 21 09 26 45294.30000 29.55300000 2312.00000 219.98000 33.83600 198.20000
30 4 21 09 27 45307.40000 29.50000000 2314.21000 219.95000 33.83600 198.20000
30 4 21 09 27 45333.00000 29.50000000 2314.21000 220.39000 33.83600 198.20000
30 4 21 09 28 45330.30000 29.56900000 2314.21000 220.39000 33.83600 198.20000
30 4 21 09 28 45298.00000 29.56900000 2310.57000 220.17000 33.83600 198.30000
30 4 21 09 29 45251.30000 29.49100000 2308.91000 219.92000 33.83600 198.30000
30 4 21 09 29 45251.40000 29.48200000 2309.99000 219.92000 33.83600 198.30000
30 4 21 09 29 45192.20000 29.44100000 2309.23000 219.61000 33.83600 198.30000
30 4 21 09 30 45203.90000 29.45500000 2310.00000 219.84000 33.83600 198.34100
30 4 21 09 30 45208.80000 29.46600000 2310.11000 219.95000 33.83600 198.30000
30 4 21 09 31 45200.70000 29.48300000 2310.00000 219.95000 33.64600 198.30000
30 4 21 09 31 45150.00000 29.47000000 2309.10000 219.85000 33.65100 198.35800
30 4 21 09 32 45128.20000 29.43900000 2309.10000 219.85000 33.65100 198.30000
30 4 21 09 32 45146.30000 29.44500000 2308.07000 219.36000 33.65100 198.30000
30 4 21 09 32 45151.50000 29.44500000 2307.48000 219.36000 33.65100 198.30000
30 4 21 09 33 45163.60000 29.38600000 2308.98000 219.36000 33.65100 198.30000
30 4 21 09 33 45171.40000 29.38600000 2309.00000 219.40000 33.65100 198.30000
30 4 21 09 34 45165.10000 29.38600000 2308.45000 219.40000 33.65100 198.30000
30 4 21 09 34 45165.10000 29.38600000 2307.75000 219.29000 33.65100 198.30000
30 4 21 09 35 45151.00000 29.38600000 2307.75000 219.25000 33.65100 198.30000
30 4 21 09 35 45094.20000 29.38600000 2303.54000 219.10000 33.84900 198.30000
30 4 21 09 35 45083.00000 29.38600000 2302.96000 219.00000 33.84900 198.30000
30 4 21 09 36 45094.10000 29.38600000 2304.39000 218.88000 33.84900 198.30000
30 4 21 09 36 45077.80000 29.38600000 2303.54000 218.87000 33.84900 198.30000
30 4 21 09 37 45077.80000 29.38600000 2303.53000 218.80000 33.84900 198.30000
30 4 21 09 37 45017.70000 29.38600000 2301.92000 218.43000 33.84900 198.30000
30 4 21 09 38 45000.10000 29.28100000 2301.02000 218.23000 33.84900 197.62900
30 4 21 09 38 45041.50000 29.28100000 2302.37000 218.36000 33.84900 197.62900
30 4 21 09 38 45043.70000 29.28100000 2302.08000 218.37000 33.84900 197.47200
30 4 21 09 39 45053.30000 29.28100000 2302.29000 218.42000 33.84900 197.47200
30 4 21 09 39 45092.30000 29.28400000 2303.99000 218.42000 33.84900 197.46800
30 4 21 09 40 45103.60000 29.33900000 2306.90000 218.71000 33.84900 197.46800
30 4 21 09 40 45069.40000 29.33800000 2305.09000 218.43000 33.84900 197.46800
30 4 21 09 41 45050.50000 29.33800000 2305.32000 218.34000 33.84900 197.46800
30 4 21 09 41 45058.50000 29.33800000 2304.55000 218.34000 33.84900 197.46800
30 4 21 09 41 45021.60000 29.31700000 2302.35000 218.15000 33.64500 197.46800
30 4 21 09 42 45021.50000 29.28200000 2302.23000 218.15000 33.64500 197.46800
30 4 21 09 42 45049.60000 29.28200000 2302.21000 218.15000 33.64500 197.46800
30 4 21 09 43 45023.70000 29.28200000 2302.20000 218.18000 33.64500 197.46800
30 4 21 09 43 45035.00000 29.28200000 2302.21000 218.13000 33.64500 197.46800
30 4 21 09 44 45051.00000 29.28200000 2302.66000 218.12000 33.64500 197.46800
30 4 21 09 44 45055.50000 29.28200000 2302.99000 218.24000 33.64500 197.44900
30 4 21 09 44 45055.50000 29.28200000 2303.00000 218.29000 33.64500 197.44900
30 4 21 09 45 45079.80000 29.28200000 2303.00000 218.34000 33.64500 197.44900
30 4 21 09 45 45065.60000 29.30000000 2302.97000 218.34000 33.64500 197.61500
30 4 21 09 46 45060.10000 29.30000000 2302.98000 218.34000 33.64500 197.61500
30 4 21 09 46 45058.10000 29.30000000 2302.97000 218.13000 33.64500 197.61500
30 4 21 09 47 45057.90000 29.30000000 2302.99000 218.12000 33.64500 197.61500
30 4 21 09 47 45062.80000 29.30000000 2302.99000 217.91000 33.64500 197.66600
30 4 21 09 47 45067.30000 29.30000000 2303.43000 218.07000 33.64500 197.66600
30 4 21 09 48 45066.40000 29.30000000 2303.92000 218.10000 33.64500 197.42600
30 4 21 09 48 45066.50000 29.30000000 2304.02000 218.10000 33.64500 197.42600
30 4 21 09 49 45068.00000 29.30000000 2304.89000 218.49000 33.64500 197.42600
30 4 21 09 49 45066.60000 29.29400000 2304.82000 218.49000 33.64500 197.42600
30 4 21 09 50 45088.50000 29.29400000 2307.06000 218.49000 33.64500 197.42600
30 4 21 09 50 45066.60000 29.29400000 2306.93000 218.49000 33.64500 197.42600
30 4 21 09 50 45086.50000 29.29400000 2307.75000 218.49000 33.64500 197.42600
30 4 21 09 51 45075.50000 29.28800000 2307.06000 218.49000 33.64500 197.42600
30 4 21 09 51 45080.40000 29.28800000 2307.06000 218.45000 33.64500 197.42600
30 4 21 09 52 45075.30000 29.28800000 2307.06000 218.33000 33.64500 197.42600
30 4 21 09 52 45067.60000 29.28800000 2305.35000 218.34000 33.64500 197.42600
30 4 21 09 53 45064.70000 29.23400000 2305.02000 218.34000 33.64500 197.42600
30 4 21 09 53 45099.90000 29.23400000 2306.12000 218.30000 33.64500 197.42600
30 4 21 09 53 45104.80000 29.23400000 2306.27000 218.45000 33.64500 197.42600
30 4 21 09 54 45105.80000 29.23400000 2306.96000 218.45000 33.64500 197.42600
30 4 21 09 54 45107.80000 29.23400000 2307.23000 218.45000 33.64500 197.42600
30 4 21 09 55 45108.10000 29.23400000 2307.99000 218.40000 33.64500 197.42600
30 4 21 09 55 45115.70000 29.23400000 2308.00000 218.40000 33.64500 197.42600
30 4 21 09 56 45154.00000 29.23400000 2308.89000 218.63000 33.64500 197.42600
30 4 21 09 56 45160.20000 29.23400000 2308.77000 218.63000 33.64500 197.42600
30 4 21 09 56 45156.00000 29.23400000 2308.41000 218.68000 33.64500 197.42600
30 4 21 09 57 45155.30000 29.34500000 2307.38000 218.76000 33.64500 197.42600
30 4 21 09 57 45154.20000 29.34500000 2306.36000 218.69000 33.64500 197.42600
30 4 21 09 58 45154.00000 29.34500000 2306.30000 218.69000 33.64500 197.33400
30 4 21 09 58 45100.10000 29.34500000 2305.02000 218.69000 33.64500 197.33400
30 4 21 09 59 45089.40000 29.34500000 2303.76000 218.15000 33.64500 197.33400
30 4 21 09 59 45065.90000 29.34500000 2302.99000 218.15000 33.64500 197.33400
30 4 21 09 59 45038.10000 29.34500000 2298.91000 218.15000 33.64500 197.33400
30 4 21 10 00 45038.10000 29.34500000 2298.43000 217.95000 33.92100 197.33400
30 4 21 10 00 45048.50000 29.34500000 2301.07000 218.24000 33.92100 197.33400
30 4 21 10 01 45038.10000 29.34500000 2299.55000 218.24000 33.92100 197.33400
30 4 21 10 01 45067.10000 29.34500000 2301.23000 218.24000 33.92100 198.03000
30 4 21 10 02 45075.80000 29.34500000 2303.04000 218.50000 33.92100 198.03000
30 4 21 10 02 45104.70000 29.34500000 2303.61000 218.21000 33.92100 198.30000
30 4 21 10 02 45106.40000 29.34500000 2302.65000 218.49000 33.92100 198.71700
30 4 21 10 03 45107.60000 29.34500000 2302.78000 218.49000 33.92100 198.71700
30 4 21 10 03 45106.60000 29.34500000 2302.59000 218.60000 33.92100 198.71700
