M=[
 1 6 20 10 55 8593.60000 6.24500000 213.20000 41.37000 11.74500 46.32800
 1 6 20 10 56 8593.60000 6.24500000 213.20000 41.37000 11.74500 46.32800
 1 6 20 10 56 8594.00000 6.24500000 213.36000 41.37000 11.79800 46.32800
 1 6 20 10 56 8593.70000 6.24500000 213.42000 41.42000 11.74500 46.32800
 1 6 20 10 57 8593.70000 6.24500000 213.30000 41.42000 11.74500 46.32800
 1 6 20 10 57 8594.30000 6.23000000 213.30000 41.40000 11.74500 46.44100
 1 6 20 10 58 8594.00000 6.24500000 213.30000 41.40000 11.74500 46.44100
 1 6 20 10 58 8597.40000 6.24500000 213.31000 41.40000 11.74500 46.32800
 1 6 20 10 59 8594.50000 6.24500000 213.31000 41.40000 11.74500 46.44100
 1 6 20 10 59 8594.30000 6.24500000 213.31000 41.40000 11.74500 46.35700
 1 6 20 11 00 8594.90000 6.24500000 213.31000 41.38000 11.74500 46.35700
 1 6 20 11 00 8596.00000 6.24500000 213.45000 41.38000 11.74500 46.35700
 1 6 20 11 01 8598.10000 6.24500000 213.45000 41.46000 11.74500 46.35700
 1 6 20 11 01 8598.00000 6.24500000 213.80000 41.46000 11.74500 46.35700
 1 6 20 11 02 8597.00000 6.24500000 213.77000 41.46000 11.74500 46.35700
 1 6 20 11 02 8596.90000 6.24500000 213.45000 41.46000 11.74500 46.41000
 1 6 20 11 02 8596.70000 6.24500000 213.77000 41.46000 11.77200 46.41000
 1 6 20 11 03 8595.30000 6.24500000 213.62000 41.46000 11.74500 46.41000
 1 6 20 11 03 8595.30000 6.24500000 213.63000 41.46000 11.74500 46.41000
 1 6 20 11 04 8593.40000 6.24500000 213.61000 41.46000 11.74500 46.41000
 1 6 20 11 04 8593.40000 6.24500000 213.61000 41.46000 11.74500 46.41000
 1 6 20 11 05 8593.70000 6.24500000 213.61000 41.46000 11.74500 46.41000
 1 6 20 11 05 8593.30000 6.23000000 213.61000 41.46000 11.74500 46.41000
 1 6 20 11 06 8590.40000 6.24500000 213.60000 41.46000 11.74500 46.41000
 1 6 20 11 06 8589.50000 6.24500000 213.30000 41.46000 11.74500 46.41000
 1 6 20 11 07 8589.40000 6.24500000 213.30000 41.46000 11.74500 46.41000
 1 6 20 11 07 8585.30000 6.24500000 213.29000 41.46000 11.74500 46.41000
 1 6 20 11 08 8580.00000 6.24500000 213.10000 41.46000 11.74500 46.41000
 1 6 20 11 08 8583.00000 6.24500000 213.10000 41.46000 11.79800 46.41000
 1 6 20 11 08 8584.50000 6.24500000 213.10000 41.43000 11.74500 46.41000
 1 6 20 11 09 8584.40000 6.25800000 213.10000 41.38000 11.74500 46.41000
 1 6 20 11 09 8584.40000 6.24500000 213.10000 41.38000 11.74500 46.41000
 1 6 20 11 10 8583.10000 6.24500000 212.80000 41.38000 11.74500 46.41000
 1 6 20 11 10 8583.40000 6.24500000 212.97000 41.38000 11.74500 46.41000
 1 6 20 11 11 8580.10000 6.24500000 212.77000 41.38000 11.74500 46.41000
 1 6 20 11 11 8574.80000 6.24500000 212.59000 41.38000 11.74500 46.41000
 1 6 20 11 12 8574.20000 6.24500000 212.60000 41.32000 11.74500 46.41000
 1 6 20 11 12 8573.40000 6.24500000 212.60000 41.32000 11.79800 46.41000
 1 6 20 11 13 8572.10000 6.24500000 212.60000 41.32000 11.74500 46.41000
 1 6 20 11 13 8575.60000 6.24500000 212.61000 41.32000 11.77200 46.41000
 1 6 20 11 14 8575.30000 6.24500000 212.62000 41.32000 11.74500 46.41000
 1 6 20 11 14 8574.20000 6.24500000 212.63000 41.32000 11.74500 46.41000
 1 6 20 11 14 8575.50000 6.24500000 212.64000 41.32000 11.74500 46.41000
 1 6 20 11 15 8573.70000 6.23000000 212.68000 41.32000 11.74500 46.41000
 1 6 20 11 15 8571.80000 6.24500000 212.58000 41.32000 11.74500 46.41000
 1 6 20 11 16 8575.20000 6.24500000 212.56000 41.32000 11.74500 46.41000
 1 6 20 11 16 8571.80000 6.24500000 212.49000 41.32000 11.74500 46.41000
 1 6 20 11 17 8572.70000 6.24500000 212.50000 41.32000 11.74500 46.41000
 1 6 20 11 17 8574.20000 6.24500000 212.50000 41.32000 11.74500 46.41000
 1 6 20 11 18 8571.50000 6.24500000 212.50000 41.32000 11.74500 46.41000
 1 6 20 11 18 8571.00000 6.24500000 212.50000 41.32000 11.74500 46.41000
 1 6 20 11 19 8571.00000 6.24000000 212.50000 41.32000 11.74500 46.41000
 1 6 20 11 19 8570.90000 6.24500000 212.50000 41.32000 11.79800 46.41000
 1 6 20 11 20 8571.00000 6.24500000 212.50000 41.32000 11.74500 46.41000
 1 6 20 11 20 8570.10000 6.24500000 212.68000 41.32000 11.74500 46.41000
 1 6 20 11 21 8570.00000 6.24500000 212.67000 41.28000 11.74500 46.41000
 1 6 20 11 21 8570.00000 6.23000000 212.68000 41.27000 11.79800 46.20000
 1 6 20 11 21 8570.00000 6.24500000 212.55000 41.27000 11.74500 46.20000
 1 6 20 11 22 8568.90000 6.24500000 212.67000 41.27000 11.74500 46.20000
 1 6 20 11 22 8567.10000 6.24500000 212.67000 41.32000 11.73800 46.20700
 1 6 20 11 23 8566.00000 6.24500000 212.67000 41.27000 11.73800 46.20700
 1 6 20 11 23 8567.80000 6.24500000 212.55000 41.27000 11.73800 46.20000
 1 6 20 11 24 8567.20000 6.24500000 212.49000 41.27000 11.73800 46.20000
 1 6 20 11 24 8567.50000 6.24500000 212.48000 41.27000 11.73800 46.20000
 1 6 20 11 25 8567.80000 6.24500000 212.49000 41.27000 11.73800 46.20000
 1 6 20 11 25 8573.40000 6.23000000 212.37000 41.25000 11.73800 46.20000
 1 6 20 11 26 8572.50000 6.24500000 212.54000 41.25000 11.73800 46.20000
 1 6 20 11 26 8572.60000 6.24500000 212.55000 41.25000 11.73800 46.20000
 1 6 20 11 27 8572.60000 6.24500000 212.53000 41.25000 11.73800 46.20000
 1 6 20 11 27 8572.00000 6.24500000 212.51000 41.25000 11.78100 46.20000
 1 6 20 11 28 8570.00000 6.24500000 212.29000 41.25000 11.73800 46.20000
 1 6 20 11 28 8570.10000 6.23200000 212.28000 41.25000 11.73800 46.20000
 1 6 20 11 28 8570.10000 6.21300000 212.28000 41.25000 11.73800 46.20000
 1 6 20 11 29 8570.10000 6.21300000 212.45000 41.25000 11.73800 46.20000
 1 6 20 11 29 8570.10000 6.21300000 212.51000 41.25000 11.73800 46.20000
 1 6 20 11 30 8570.10000 6.21300000 212.41000 41.25000 11.73800 46.20000
 1 6 20 11 30 8570.00000 6.21300000 212.41000 41.26000 11.73800 46.20000
 1 6 20 11 31 8570.10000 6.21300000 212.40000 41.26000 11.78100 46.20000
 1 6 20 11 31 8570.10000 6.21300000 212.45000 41.26000 11.73800 46.20000
 1 6 20 11 32 8565.40000 6.23400000 212.40000 41.26000 11.73800 45.96600
 1 6 20 11 32 8567.30000 6.21300000 212.39000 41.26000 11.73800 46.04600
 1 6 20 11 33 8570.10000 6.21300000 212.35000 41.25000 11.73800 46.04600
 1 6 20 11 33 8565.10000 6.21300000 212.30000 41.25000 11.73800 46.04600
 1 6 20 11 34 8565.50000 6.21300000 212.30000 41.25000 11.73800 46.04600
 1 6 20 11 34 8566.40000 6.21300000 212.19000 41.25000 11.73800 46.04600
 1 6 20 11 34 8565.80000 6.23400000 212.24000 41.25000 11.73800 46.20000
 1 6 20 11 35 8566.80000 6.21300000 212.30000 41.25000 11.73800 46.04600
 1 6 20 11 35 8570.10000 6.21300000 212.47000 41.25000 11.73800 46.04600
 1 6 20 11 36 8570.10000 6.21300000 212.55000 41.25000 11.73800 46.04600
 1 6 20 11 36 8572.50000 6.21300000 212.54000 41.25000 11.73800 46.21100
 1 6 20 11 37 8573.00000 6.21300000 212.54000 41.25000 11.73800 46.21100
 1 6 20 11 37 8573.90000 6.21300000 212.54000 41.25000 11.73800 46.04600
 1 6 20 11 38 8573.90000 6.21700000 212.55000 41.25000 11.73800 46.21100
 1 6 20 11 38 8573.80000 6.21700000 212.46000 41.25000 11.73800 46.21100
 1 6 20 11 39 8570.80000 6.21700000 212.48000 41.32000 11.73800 46.21100
 1 6 20 11 39 8570.60000 6.21700000 212.48000 41.25000 11.73800 46.21100
 1 6 20 11 40 8572.10000 6.21700000 212.54000 41.28000 11.73800 46.21100
 1 6 20 11 40 8572.80000 6.21700000 212.67000 41.28000 11.73800 46.21100
 1 6 20 11 40 8572.90000 6.21700000 212.58000 41.28000 11.73800 46.21100
 1 6 20 11 41 8572.90000 6.21300000 212.59000 41.28000 11.73800 46.21100
 1 6 20 11 41 8573.00000 6.21700000 212.56000 41.28000 11.73800 46.21100
 1 6 20 11 42 8570.50000 6.21700000 212.56000 41.31000 11.73800 46.21100
 1 6 20 11 42 8570.50000 6.22900000 212.53000 41.31000 11.79800 46.21100
 1 6 20 11 43 8573.00000 6.22900000 212.55000 41.31000 11.73800 46.20000
 1 6 20 11 43 8571.50000 6.22900000 212.55000 41.31000 11.73800 46.04600
 1 6 20 11 44 8570.30000 6.22900000 212.57000 41.31000 11.73800 46.21100
 1 6 20 11 44 8570.20000 6.22900000 212.57000 41.28000 11.73800 46.21100
 1 6 20 11 45 8571.50000 6.22900000 212.55000 41.31000 11.73800 46.21100
 1 6 20 11 45 8570.30000 6.22900000 212.62000 41.31000 11.73800 46.21100
