M=[
 6 5 20 05 45 8327.40000 6.63100000 190.76000 43.18000 10.21500 40.65800
 6 5 20 05 45 8322.50000 6.63100000 190.76000 43.20000 10.21500 40.80600
 6 5 20 05 46 8326.10000 6.63100000 190.80000 43.20000 10.21500 40.65800
 6 5 20 05 46 8326.40000 6.63100000 190.80000 43.20000 10.21500 40.65800
 6 5 20 05 47 8321.30000 6.63100000 190.83000 43.20000 10.21500 40.65800
 6 5 20 05 47 8326.40000 6.63100000 190.76000 43.20000 10.21500 40.65800
 6 5 20 05 48 8307.80000 6.63100000 190.53000 43.18000 10.21500 40.65800
 6 5 20 05 48 8296.50000 6.63100000 190.27000 43.18000 10.21500 40.56200
 6 5 20 05 49 8314.80000 6.63100000 190.44000 43.18000 10.21500 40.56200
 6 5 20 05 50 8306.10000 6.63100000 190.27000 43.18000 10.21500 40.56200
 6 5 20 05 50 8311.40000 6.63200000 190.27000 43.18000 10.21500 40.56200
 6 5 20 05 51 8311.40000 6.63200000 190.24000 43.18000 10.21500 40.56200
 6 5 20 05 51 8316.40000 6.63200000 190.24000 43.18000 10.21500 40.56200
 6 5 20 05 51 8318.40000 6.63200000 190.24000 43.18000 10.21500 40.56200
 6 5 20 05 52 8318.30000 6.63200000 190.60000 43.18000 10.21500 40.56200
 6 5 20 05 52 8317.40000 6.63200000 190.60000 43.18000 10.21500 40.56200
 6 5 20 05 53 8312.30000 6.63200000 190.49000 43.10000 10.21500 40.56200
 6 5 20 05 53 8322.00000 6.63200000 190.44000 43.10000 10.21500 40.56200
 6 5 20 05 54 8322.10000 6.63200000 190.61000 43.18000 10.21500 40.56200
 6 5 20 05 54 8320.00000 6.63200000 190.68000 43.10000 10.21500 40.56200
 6 5 20 05 55 8319.90000 6.63200000 190.68000 43.21000 10.21500 40.56200
 6 5 20 05 55 8319.90000 6.63200000 190.48000 43.21000 10.21500 40.56200
 6 5 20 05 56 8319.80000 6.63200000 190.48000 43.21000 10.21500 40.56200
 6 5 20 05 56 8319.80000 6.63200000 190.75000 43.21000 10.21500 40.56200
 6 5 20 05 57 8323.60000 6.63200000 190.75000 43.21000 10.21500 40.56200
 6 5 20 05 57 8320.00000 6.63200000 190.67000 43.21000 10.21500 40.56200
 6 5 20 05 58 8320.00000 6.63200000 190.69000 43.21000 10.21500 40.56200
 6 5 20 05 58 8320.00000 6.63200000 190.73000 43.21000 10.21500 40.56200
 6 5 20 05 59 8319.90000 6.63200000 190.72000 43.21000 10.21500 40.56200
 6 5 20 05 59 8320.00000 6.63200000 190.84000 43.21000 10.21500 40.56200
 6 5 20 06 00 8329.00000 6.63200000 191.07000 43.21000 10.21500 40.56200
 6 5 20 06 00 8334.70000 6.63200000 191.30000 43.21000 10.21500 40.56200
 6 5 20 06 01 8333.20000 6.63200000 191.56000 43.21000 10.21500 40.56200
 6 5 20 06 01 8337.00000 6.63200000 191.66000 43.21000 10.21500 40.56200
 6 5 20 06 02 8336.80000 6.63200000 191.56000 43.28000 10.21500 40.56200
 6 5 20 06 02 8334.00000 6.63200000 191.56000 43.28000 10.21500 40.56200
 6 5 20 06 03 8336.70000 6.63200000 191.66000 43.28000 10.21500 40.56200
 6 5 20 06 03 8335.70000 6.63200000 191.50000 43.28000 10.21500 40.56200
 6 5 20 06 04 8336.70000 6.63200000 191.71000 43.28000 10.21500 40.56200
 6 5 20 06 04 8345.00000 6.63200000 191.75000 43.28000 10.21500 40.56200
 6 5 20 06 05 8350.00000 6.63200000 191.82000 43.28000 10.21500 40.56200
 6 5 20 06 05 8349.80000 6.63200000 191.82000 43.28000 10.21500 40.56200
 6 5 20 06 06 8350.60000 6.63200000 191.87000 43.28000 10.21500 40.56200
 6 5 20 06 06 8350.60000 6.63200000 191.64000 43.28000 10.21500 40.56200
 6 5 20 06 07 8350.80000 6.63200000 191.61000 43.28000 10.21500 40.56200
 6 5 20 06 07 8352.30000 6.63200000 191.61000 43.39000 10.21500 40.56200
 6 5 20 06 08 8353.40000 6.63200000 191.83000 43.38000 10.21500 40.56200
 6 5 20 06 08 8353.40000 6.66700000 191.78000 43.38000 10.21500 40.56200
 6 5 20 06 09 8353.50000 6.66700000 191.74000 43.38000 10.21500 40.56200
 6 5 20 06 09 8351.10000 6.66700000 191.71000 43.38000 10.21500 40.56200
 6 5 20 06 10 8352.40000 6.66700000 191.74000 43.35000 10.21500 40.56200
 6 5 20 06 10 8350.40000 6.66700000 191.78000 43.35000 10.21500 40.56200
 6 5 20 06 11 8347.40000 6.66700000 191.78000 43.35000 10.21500 40.56200
 6 5 20 06 11 8348.10000 6.67500000 191.80000 43.35000 10.21500 40.56200
 6 5 20 06 12 8348.00000 6.67500000 191.85000 43.35000 10.21500 40.56200
 6 5 20 06 12 8347.20000 6.67500000 191.85000 43.35000 10.21500 40.56200
 6 5 20 06 13 8350.00000 6.67500000 191.79000 43.35000 10.21500 40.56200
 6 5 20 06 13 8349.90000 6.67500000 191.99000 43.35000 10.21500 40.81900
 6 5 20 06 14 8350.00000 6.67500000 191.99000 43.35000 10.21500 40.56200
 6 5 20 06 14 8349.90000 6.67500000 192.00000 43.38000 10.21500 40.81900
 6 5 20 06 15 8350.00000 6.67500000 192.00000 43.35000 10.21500 40.81900
 6 5 20 06 15 8349.90000 6.67500000 192.00000 43.40000 10.21500 40.81900
 6 5 20 06 16 8349.90000 6.68000000 192.08000 43.40000 10.21500 40.81900
 6 5 20 06 16 8351.50000 6.68100000 192.08000 43.40000 10.21500 40.81900
 6 5 20 06 17 8352.00000 6.68900000 192.09000 43.40000 10.21500 40.81900
 6 5 20 06 17 8351.90000 6.68900000 192.09000 43.40000 10.21500 40.81900
 6 5 20 06 18 8354.00000 6.69800000 191.99000 43.40000 10.21500 40.81900
 6 5 20 06 18 8356.10000 6.70300000 192.05000 43.40000 10.21500 40.81900
 6 5 20 06 19 8357.00000 6.70300000 192.02000 43.40000 10.21500 40.81900
 6 5 20 06 19 8356.60000 6.70300000 192.02000 43.40000 10.21500 40.81900
 6 5 20 06 20 8358.00000 6.70300000 192.02000 43.40000 10.21500 40.81900
 6 5 20 06 20 8356.30000 6.70300000 192.11000 43.40000 10.21500 40.81900
 6 5 20 06 21 8359.90000 6.70300000 191.95000 43.40000 10.21500 40.81900
 6 5 20 06 21 8363.40000 6.70300000 191.95000 43.40000 10.21500 40.81900
 6 5 20 06 21 8364.10000 6.70300000 192.07000 43.40000 10.21500 40.81900
 6 5 20 06 22 8348.80000 6.68900000 191.80000 43.40000 10.21500 40.81900
 6 5 20 06 23 8349.40000 6.68900000 191.80000 43.40000 10.21500 40.81900
 6 5 20 06 23 8355.60000 6.68900000 191.82000 43.40000 10.21500 40.81900
 6 5 20 06 23 8353.20000 6.68900000 191.82000 43.40000 10.21500 40.81900
 6 5 20 06 24 8351.90000 6.68900000 191.75000 43.40000 10.21500 40.81900
 6 5 20 06 25 8350.00000 6.68900000 191.66000 43.40000 10.21500 40.81900
 6 5 20 06 25 8349.20000 6.68900000 191.66000 43.40000 10.21500 40.81900
 6 5 20 06 25 8349.30000 6.68900000 191.66000 43.35000 10.21500 40.81900
 6 5 20 06 26 8349.30000 6.68900000 191.66000 43.35000 10.21500 40.81900
 6 5 20 06 26 8355.30000 6.68900000 191.66000 43.42000 10.21500 40.81900
 6 5 20 06 27 8355.80000 6.69900000 191.81000 43.42000 10.21500 40.81900
 6 5 20 06 27 8355.80000 6.68900000 191.81000 43.42000 10.21500 40.81900
 6 5 20 06 28 8355.90000 6.68900000 191.81000 43.41000 10.21500 40.81900
 6 5 20 06 28 8355.70000 6.68900000 191.81000 43.42000 10.21500 40.81900
 6 5 20 06 29 8355.70000 6.68900000 191.71000 43.39000 10.21500 40.81900
 6 5 20 06 29 8351.60000 6.68900000 191.82000 43.39000 10.21500 40.81900
 6 5 20 06 30 8355.80000 6.68900000 191.88000 43.39000 10.21500 40.56200
 6 5 20 06 30 8355.90000 6.68900000 191.88000 43.39000 10.21500 40.56200
 6 5 20 06 31 8355.80000 6.68900000 191.88000 43.38000 10.21500 40.81900
 6 5 20 06 31 8361.70000 6.68900000 192.10000 43.44000 10.21500 40.81900
 6 5 20 06 32 8359.90000 6.68900000 192.11000 43.44000 10.21500 40.81900
 6 5 20 06 32 8357.60000 6.68900000 192.09000 43.42000 10.21500 40.56200
 6 5 20 06 33 8357.90000 6.68900000 192.09000 43.42000 10.21500 40.81900
 6 5 20 06 33 8355.90000 6.68900000 192.09000 43.42000 10.21500 40.56200
 6 5 20 06 34 8355.90000 6.69700000 191.95000 43.42000 10.21500 40.81900
 6 5 20 06 34 8355.90000 6.69700000 191.95000 43.42000 10.21500 40.81900
 6 5 20 06 35 8356.90000 6.71800000 192.01000 43.42000 10.21500 40.81900
 6 5 20 06 35 8355.90000 6.71800000 191.85000 43.42000 10.21500 40.81900
 6 5 20 06 36 8356.00000 6.71800000 191.72000 43.41000 10.21500 40.81900
 6 5 20 06 36 8349.80000 6.71800000 191.72000 43.41000 10.21500 40.81900
 6 5 20 06 37 8348.90000 6.71800000 191.72000 43.41000 10.21500 40.81900
 6 5 20 06 37 8345.10000 6.71800000 191.59000 43.41000 10.21500 40.81900
 6 5 20 06 38 8344.90000 6.71800000 191.59000 43.41000 10.21500 40.81900
 6 5 20 06 38 8352.60000 6.71800000 191.72000 43.41000 10.21500 40.81900
