M=[
26 12 20 19 44 21134.30000 4.71700000 527.56000 107.49000 14.50400 54.80900
26 12 20 19 44 21140.40000 4.71700000 527.28000 107.44000 14.50400 54.80900
26 12 20 19 45 21130.20000 4.71700000 527.20000 107.44000 14.50400 54.80900
26 12 20 19 45 21132.10000 4.71700000 527.21000 107.37000 14.50400 54.80900
26 12 20 19 46 21133.10000 4.71700000 527.20000 107.33000 14.50400 54.80900
26 12 20 19 46 21125.10000 4.71700000 527.20000 107.32000 14.50400 54.80900
26 12 20 19 47 21125.00000 4.71700000 527.20000 107.32000 14.50400 54.80900
26 12 20 19 47 21135.10000 4.71700000 527.15000 107.45000 14.50400 54.68800
26 12 20 19 47 21125.00000 4.71700000 526.81000 107.41000 14.50400 54.68800
26 12 20 19 48 21134.10000 4.71700000 527.07000 107.48000 14.50400 54.68800
26 12 20 19 48 21136.70000 4.71700000 527.22000 107.47000 14.50400 54.68800
26 12 20 19 49 21125.10000 4.71700000 527.22000 107.47000 14.50400 54.68800
26 12 20 19 49 21140.10000 4.71700000 527.06000 107.50000 14.50400 54.64900
26 12 20 19 50 21138.50000 4.71700000 527.07000 107.51000 14.50400 54.64900
26 12 20 19 50 21138.70000 4.71700000 527.07000 107.63000 14.50400 54.64900
26 12 20 19 50 21140.00000 4.71700000 527.07000 107.52000 14.50400 54.64900
26 12 20 19 51 21140.00000 4.71700000 527.25000 107.57000 14.50400 54.64900
26 12 20 19 51 21139.90000 4.71700000 527.98000 107.57000 14.50400 54.64900
26 12 20 19 52 21145.90000 4.71700000 527.85000 107.67000 14.50400 54.64900
26 12 20 19 52 21144.80000 4.71700000 527.86000 107.41000 14.50400 54.64900
26 12 20 19 52 21145.80000 4.71700000 527.86000 107.41000 14.50400 54.64900
26 12 20 19 53 21145.70000 4.71700000 527.62000 107.41000 14.50400 54.64900
26 12 20 19 53 21144.50000 4.71700000 527.40000 107.47000 14.50400 54.64900
26 12 20 19 54 21149.50000 4.71700000 527.65000 107.50000 14.50400 54.64900
26 12 20 19 54 21154.30000 4.71700000 527.61000 107.50000 14.50400 54.64900
26 12 20 19 55 21168.90000 4.71700000 528.14000 107.67000 14.50400 54.64900
26 12 20 19 55 21176.70000 4.66700000 528.56000 107.67000 14.50400 54.64900
26 12 20 19 55 21178.70000 4.66700000 528.58000 107.66000 14.50400 54.64900
26 12 20 19 56 21179.90000 4.66700000 528.76000 107.71000 14.50400 54.64900
26 12 20 19 56 21180.00000 4.66700000 528.80000 107.68000 14.50400 54.64900
26 12 20 19 57 21184.70000 4.66700000 528.42000 107.61000 14.50400 54.64900
26 12 20 19 57 21184.70000 4.66700000 527.99000 107.61000 14.50400 54.64900
26 12 20 19 58 21180.00000 4.66700000 527.70000 107.66000 14.50400 54.64900
26 12 20 19 58 21179.00000 4.66700000 527.50000 107.58000 14.50400 54.64900
26 12 20 19 58 21178.00000 4.66700000 527.50000 107.58000 14.50400 54.64900
26 12 20 19 59 21176.20000 4.66700000 527.51000 107.69000 14.50400 54.64900
26 12 20 19 59 21180.00000 4.66700000 527.68000 107.80000 14.47500 54.64900
26 12 20 20 00 21216.90000 4.66700000 527.67000 107.70000 14.47500 54.64900
26 12 20 20 00 21215.90000 4.66700000 528.36000 107.98000 14.44500 54.64900
26 12 20 20 01 21227.90000 4.66700000 528.48000 107.95000 14.44500 54.64900
26 12 20 20 01 21229.40000 4.66700000 528.54000 107.95000 14.44500 54.64900
26 12 20 20 01 21229.90000 4.66700000 528.50000 107.95000 14.44500 54.64900
26 12 20 20 02 21229.90000 4.66700000 528.23000 107.83000 14.44500 54.64900
26 12 20 20 02 21197.20000 4.66700000 527.70000 107.74000 14.44500 54.64900
26 12 20 20 03 21199.70000 4.66700000 527.50000 107.61000 14.44500 54.64900
26 12 20 20 03 21197.30000 4.66700000 527.07000 107.61000 14.44500 54.64900
26 12 20 20 04 21195.10000 4.66700000 527.19000 107.65000 14.44500 54.64900
26 12 20 20 04 21195.10000 4.66700000 527.14000 107.65000 14.44500 54.64900
26 12 20 20 04 21199.70000 4.66700000 527.34000 107.75000 14.44500 54.62900
26 12 20 20 05 21170.10000 4.66700000 527.34000 107.61000 14.44500 54.62900
26 12 20 20 05 21169.00000 4.66700000 527.34000 107.51000 14.44500 54.62900
26 12 20 20 06 21193.10000 4.66700000 526.89000 107.64000 14.44500 54.62900
26 12 20 20 06 21190.10000 4.66700000 527.25000 107.70000 14.44500 54.62900
26 12 20 20 07 21181.90000 4.66700000 527.10000 107.70000 14.44500 54.62900
26 12 20 20 07 21184.50000 4.66700000 527.20000 107.70000 14.44500 54.62900
26 12 20 20 07 21182.40000 4.66700000 527.06000 107.23000 14.44500 54.62900
26 12 20 20 08 21182.30000 4.66700000 526.56000 107.30000 14.44500 54.62900
26 12 20 20 08 21182.50000 4.66700000 526.56000 107.23000 14.44500 54.62900
26 12 20 20 09 21182.50000 4.66700000 526.68000 107.20000 14.44500 54.62900
26 12 20 20 09 21178.40000 4.66700000 526.76000 107.26000 14.44500 54.62900
26 12 20 20 10 21177.90000 4.66700000 526.32000 107.26000 14.44500 54.62900
26 12 20 20 10 21147.70000 4.66700000 526.18000 107.10000 14.44500 54.62900
26 12 20 20 10 21149.60000 4.66700000 525.66000 107.10000 14.44500 54.62900
26 12 20 20 11 21134.90000 4.70100000 525.57000 106.98000 14.44500 54.50000
26 12 20 20 11 21118.30000 4.70900000 525.57000 106.98000 14.44500 54.50000
26 12 20 20 12 21148.90000 4.70900000 525.50000 107.02000 14.44500 54.52800
26 12 20 20 12 21131.50000 4.70900000 525.33000 107.02000 14.44500 54.52800
26 12 20 20 13 21143.50000 4.70900000 525.49000 107.08000 14.35100 54.40400
26 12 20 20 13 21149.50000 4.70900000 525.45000 107.11000 14.35100 54.40400
26 12 20 20 13 21149.50000 4.70900000 525.50000 107.11000 14.35100 54.40400
26 12 20 20 14 21133.30000 4.70900000 525.47000 107.05000 14.35100 54.40400
26 12 20 20 14 21140.00000 4.70900000 525.47000 107.05000 14.35100 54.40400
26 12 20 20 15 21139.90000 4.71700000 525.49000 107.05000 14.35100 54.40400
26 12 20 20 15 21147.20000 4.71700000 525.71000 107.11000 14.35000 54.40400
26 12 20 20 16 21149.40000 4.72000000 525.93000 107.04000 14.35000 54.40400
26 12 20 20 16 21149.20000 4.72000000 526.06000 107.04000 14.35000 54.40400
26 12 20 20 16 21149.20000 4.72000000 526.06000 107.04000 14.35000 54.40400
26 12 20 20 17 21149.40000 4.72000000 526.10000 107.02000 14.35000 54.40400
26 12 20 20 17 21150.00000 4.72000000 526.10000 107.02000 14.35000 54.40400
26 12 20 20 18 21177.90000 4.72000000 526.32000 107.02000 14.30000 54.40400
26 12 20 20 18 21169.40000 4.72000000 526.50000 107.13000 14.30000 54.40400
26 12 20 20 19 21162.00000 4.72000000 525.94000 107.11000 14.30000 54.40400
26 12 20 20 19 21163.80000 4.72000000 525.72000 107.11000 14.30000 54.40400
26 12 20 20 19 21163.90000 4.72000000 526.57000 107.21000 14.30000 54.40400
26 12 20 20 20 21173.40000 4.72000000 526.02000 107.09000 14.30000 54.40400
26 12 20 20 20 21168.50000 4.72000000 526.08000 107.06000 14.30000 54.40400
26 12 20 20 21 21163.60000 4.72000000 525.92000 107.06000 14.30000 54.40400
26 12 20 20 21 21153.70000 4.72000000 525.89000 106.99000 14.30000 54.40400
26 12 20 20 22 21150.50000 4.72000000 525.89000 106.99000 14.30000 54.40400
26 12 20 20 22 21161.60000 4.72000000 526.51000 107.03000 14.37800 54.40400
26 12 20 20 22 21162.30000 4.72000000 526.35000 107.03000 14.37800 54.40400
26 12 20 20 23 21170.30000 4.72000000 526.25000 107.03000 14.37800 54.40400
26 12 20 20 23 21169.90000 4.72000000 526.25000 107.03000 14.37800 54.40400
26 12 20 20 24 21179.80000 4.72000000 526.23000 107.03000 14.37800 54.51900
26 12 20 20 24 21182.00000 4.72000000 526.83000 107.09000 14.37800 54.51900
26 12 20 20 25 21181.90000 4.72000000 526.86000 107.11000 14.37800 54.51900
26 12 20 20 25 21182.00000 4.72000000 526.81000 107.11000 14.37800 54.51900
26 12 20 20 25 21190.20000 4.72000000 526.81000 107.19000 14.37800 54.51900
26 12 20 20 26 21210.10000 4.72000000 527.00000 107.21000 14.37800 54.51900
26 12 20 20 26 21216.20000 4.72000000 527.00000 107.22000 14.37800 54.51900
26 12 20 20 27 21216.20000 4.72000000 527.60000 107.26000 14.37800 54.51900
26 12 20 20 27 21220.00000 4.72000000 527.60000 107.36000 14.37800 54.51900
26 12 20 20 28 21220.00000 4.72000000 527.86000 107.36000 14.37800 54.51900
26 12 20 20 28 21224.60000 4.72000000 527.86000 107.36000 14.37800 54.51900
26 12 20 20 28 21218.80000 4.72000000 527.87000 107.36000 14.37800 54.51900
