M=[
10 7 21 12 22 28567.00000 41.65000000 1783.28000 111.99000 17.02800 93.27300
10 7 21 12 22 28539.80000 41.65000000 1782.09000 111.99000 17.02800 93.27300
10 7 21 12 23 28537.60000 41.65000000 1781.31000 111.99000 17.02800 93.27300
10 7 21 12 23 28543.10000 41.65000000 1781.90000 111.99000 17.02800 93.27300
10 7 21 12 23 28532.90000 41.65000000 1781.03000 111.88000 17.02800 93.27300
10 7 21 12 24 28540.40000 41.65000000 1781.46000 111.88000 17.02800 93.27300
10 7 21 12 24 28539.10000 41.65000000 1780.07000 111.88000 17.02800 93.27300
10 7 21 12 25 28535.50000 41.65000000 1780.07000 111.79000 17.02800 93.27300
10 7 21 12 25 28500.10000 41.65000000 1780.06000 111.79000 17.02800 93.27300
10 7 21 12 26 28500.10000 41.65000000 1778.58000 111.79000 17.02800 93.27300
10 7 21 12 26 28500.10000 41.65000000 1778.58000 111.79000 17.02800 93.27300
10 7 21 12 27 28500.10000 41.65000000 1778.58000 111.79000 17.02800 93.27300
10 7 21 12 27 28500.10000 41.65000000 1778.58000 111.68000 17.02800 93.27300
10 7 21 12 27 28500.10000 41.65000000 1778.21000 111.68000 17.02800 93.27300
10 7 21 12 28 28500.10000 41.65000000 1778.01000 111.62000 17.02800 93.27300
10 7 21 12 28 28500.10000 41.65000000 1778.00000 111.62000 17.02800 93.27300
10 7 21 12 29 28492.50000 41.65000000 1776.54000 111.62000 17.02800 93.23600
10 7 21 12 29 28493.10000 41.65000000 1777.24000 111.62000 17.02800 93.23600
10 7 21 12 30 28493.10000 41.65000000 1777.84000 111.62000 17.02800 93.23600
10 7 21 12 30 28493.00000 41.65000000 1777.68000 111.63000 17.02800 93.23600
10 7 21 12 30 28493.00000 41.65000000 1779.68000 111.63000 17.02800 93.23600
10 7 21 12 31 28513.10000 41.65000000 1780.50000 111.63000 17.02800 93.23600
10 7 21 12 31 28513.30000 41.65000000 1781.09000 111.92000 17.02800 93.23600
10 7 21 12 32 28513.30000 41.65000000 1780.18000 111.92000 17.02800 93.23600
10 7 21 12 32 28504.20000 41.65000000 1779.11000 111.76000 17.02800 93.23600
10 7 21 12 33 28505.40000 41.65000000 1779.11000 111.76000 17.02800 93.23600
10 7 21 12 33 28505.40000 41.65000000 1779.11000 111.76000 17.02800 93.23600
10 7 21 12 33 28513.20000 41.65000000 1779.80000 111.76000 17.02800 93.23600
10 7 21 12 34 28513.20000 41.65000000 1780.15000 111.76000 17.02800 93.23600
10 7 21 12 34 28513.20000 41.65000000 1780.40000 111.76000 17.02800 93.23600
10 7 21 12 35 28513.20000 41.65000000 1780.77000 111.76000 17.02800 93.23600
10 7 21 12 35 28513.20000 41.65000000 1779.56000 111.76000 17.02800 93.23600
10 7 21 12 36 28513.30000 41.65000000 1779.56000 111.76000 17.02800 93.23600
10 7 21 12 36 28513.30000 41.65000000 1783.92000 111.76000 17.02800 93.23600
10 7 21 12 36 28513.20000 41.65000000 1782.06000 111.76000 17.02800 93.23600
10 7 21 12 37 28513.30000 41.65000000 1781.50000 111.94000 17.02800 93.23600
10 7 21 12 37 28513.30000 41.65000000 1781.50000 111.94000 17.02800 93.23600
10 7 21 12 38 28513.30000 41.62300000 1781.87000 111.79000 17.02800 93.23600
10 7 21 12 38 28513.20000 41.62300000 1782.23000 111.93000 17.02800 93.23600
10 7 21 12 39 28537.40000 41.62300000 1783.47000 112.01000 17.02800 93.23600
10 7 21 12 39 28538.10000 41.62300000 1783.45000 112.01000 17.02800 93.23600
10 7 21 12 39 28552.80000 41.62300000 1783.45000 112.10000 17.02800 93.23600
10 7 21 12 40 28553.70000 41.62300000 1784.00000 112.10000 17.02800 93.23600
10 7 21 12 40 28538.10000 41.62300000 1782.89000 112.10000 17.02800 93.23600
10 7 21 12 41 28538.90000 41.62300000 1783.62000 112.01000 17.02800 93.17600
10 7 21 12 41 28500.10000 41.62300000 1781.49000 111.79000 17.02800 93.17600
10 7 21 12 42 28501.20000 41.62300000 1780.84000 111.83000 17.02800 93.17600
10 7 21 12 42 28512.80000 41.62300000 1782.99000 111.83000 17.02800 93.17600
10 7 21 12 42 28510.20000 41.62300000 1782.80000 111.86000 17.02800 93.17600
10 7 21 12 43 28515.30000 41.62300000 1782.80000 111.87000 17.02800 93.17600
10 7 21 12 43 28514.20000 41.62300000 1783.93000 111.87000 17.02800 93.17600
10 7 21 12 44 28514.00000 41.62300000 1783.89000 111.87000 17.02800 93.17600
10 7 21 12 44 28514.30000 41.62300000 1783.89000 111.87000 17.02800 93.17600
10 7 21 12 45 28514.30000 41.61100000 1783.17000 111.87000 17.02800 93.17600
10 7 21 12 45 28514.20000 41.61100000 1783.17000 111.87000 17.02800 93.17600
10 7 21 12 46 28510.80000 41.61100000 1781.83000 111.87000 17.02800 93.17600
10 7 21 12 46 28515.30000 41.61100000 1783.94000 111.87000 17.02800 93.17600
10 7 21 12 46 28515.20000 41.61100000 1783.94000 111.87000 17.02800 93.17600
10 7 21 12 47 28520.30000 41.61100000 1784.00000 111.86000 17.02800 93.17600
10 7 21 12 47 28520.30000 41.61100000 1784.00000 111.86000 17.02800 93.17600
10 7 21 12 48 28520.40000 41.61100000 1784.00000 111.86000 16.98700 93.17600
10 7 21 12 48 28520.50000 41.61100000 1784.00000 111.86000 16.98700 93.17600
10 7 21 12 49 28513.00000 41.61100000 1782.16000 111.86000 16.98700 93.17600
10 7 21 12 49 28516.30000 41.61100000 1782.30000 111.86000 16.98700 93.09500
10 7 21 12 49 28516.20000 41.61100000 1782.30000 111.86000 16.98700 93.09500
10 7 21 12 50 28506.20000 41.61100000 1780.16000 111.79000 16.98700 93.09500
10 7 21 12 50 28501.90000 41.61100000 1780.16000 111.81000 16.98700 93.09500
10 7 21 12 51 28510.50000 41.61100000 1780.16000 111.81000 16.98700 93.09500
10 7 21 12 51 28510.50000 41.61100000 1782.74000 111.81000 16.98700 93.09500
10 7 21 12 52 28522.10000 41.61100000 1782.74000 111.81000 16.98700 93.09500
10 7 21 12 52 28526.10000 41.61100000 1784.00000 111.87000 16.98700 93.09500
10 7 21 12 52 28535.40000 41.61100000 1784.00000 112.07000 16.98700 93.09500
10 7 21 12 53 28535.30000 41.61100000 1782.85000 112.07000 16.98700 93.09500
10 7 21 12 53 28539.20000 41.61100000 1783.65000 112.07000 16.98700 93.09500
10 7 21 12 54 28550.40000 41.60300000 1783.99000 111.98000 16.98700 93.09500
10 7 21 12 54 28532.50000 41.60300000 1783.48000 111.97000 16.98700 93.09500
10 7 21 12 55 28552.00000 41.60300000 1783.48000 111.97000 16.98700 93.09500
10 7 21 12 55 28545.70000 41.60300000 1784.00000 111.93000 16.98700 93.09500
10 7 21 12 55 28532.60000 41.60300000 1784.00000 111.95000 17.02800 93.09500
10 7 21 12 56 28532.50000 41.60300000 1784.00000 111.97000 17.02800 93.09500
10 7 21 12 56 28532.40000 41.64000000 1783.84000 111.97000 17.02800 93.09500
10 7 21 12 57 28544.20000 41.64000000 1786.21000 111.97000 17.02800 93.09500
10 7 21 12 57 28544.10000 41.64000000 1784.92000 111.97000 17.02800 93.09500
10 7 21 12 58 28538.50000 41.64000000 1784.24000 111.97000 17.02800 93.09500
10 7 21 12 58 28538.50000 41.64000000 1784.24000 111.93000 17.02800 93.09500
10 7 21 12 58 28532.20000 41.64000000 1784.24000 111.88000 17.02800 93.09500
10 7 21 12 59 28538.40000 41.64000000 1786.52000 111.88000 17.02800 93.09500
10 7 21 12 59 28538.40000 41.64000000 1785.03000 112.00000 17.02800 93.09500
10 7 21 13 00 28544.80000 41.64000000 1784.53000 112.02000 16.98500 93.09500
10 7 21 13 00 28530.80000 41.64000000 1784.53000 112.02000 16.98500 93.09500
10 7 21 13 01 28537.20000 41.64000000 1783.44000 112.02000 16.98500 93.09500
10 7 21 13 01 28552.70000 41.64000000 1783.44000 112.02000 16.98500 93.09500
10 7 21 13 01 28552.70000 41.64000000 1783.44000 112.02000 16.98500 93.09500
10 7 21 13 02 28552.80000 41.64000000 1785.54000 112.02000 16.98500 93.09500
10 7 21 13 02 28552.70000 41.64000000 1785.54000 112.11000 16.98500 93.09500
10 7 21 13 03 28555.00000 41.64000000 1788.07000 112.11000 16.98500 93.09500
10 7 21 13 03 28554.90000 41.64000000 1786.79000 112.11000 16.98500 93.09500
10 7 21 13 04 28555.00000 41.64000000 1786.98000 112.14000 16.98500 93.28400
10 7 21 13 04 28550.50000 41.78400000 1786.98000 112.12000 16.98500 93.28400
10 7 21 13 05 28550.40000 41.78400000 1785.62000 112.12000 16.98500 93.21900
10 7 21 13 05 28550.00000 41.78400000 1785.01000 112.12000 16.98500 93.21900
10 7 21 13 05 28537.30000 41.72400000 1785.01000 112.12000 16.98500 93.21900
10 7 21 13 06 28530.80000 41.72400000 1785.01000 112.12000 16.98500 93.21900
