M=[
 3 10 20 09 06 8989.80000 4.77000000 295.67000 38.86000 12.23000 53.69000
 3 10 20 09 06 8990.50000 4.77000000 295.67000 38.86000 12.23000 53.69000
 3 10 20 09 07 8992.10000 4.77000000 295.75000 38.86000 12.23000 53.69000
 3 10 20 09 07 8990.40000 4.77000000 295.75000 38.86000 12.24000 53.69000
 3 10 20 09 08 8990.50000 4.77000000 295.75000 38.86000 12.24000 53.69000
 3 10 20 09 08 8990.50000 4.77000000 295.75000 38.86000 12.24000 53.69000
 3 10 20 09 08 8990.10000 4.77000000 295.75000 38.86000 12.24000 53.69000
 3 10 20 09 09 8992.90000 4.77000000 295.66000 38.86000 12.24000 53.69000
 3 10 20 09 09 8992.80000 4.77000000 295.64000 38.86000 12.24000 53.69000
 3 10 20 09 10 8997.60000 4.77000000 295.64000 38.86000 12.24000 53.69000
 3 10 20 09 10 8995.00000 4.77000000 295.51000 38.86000 12.24000 53.69000
 3 10 20 09 11 8995.00000 4.77000000 295.50000 38.86000 12.24000 53.69000
 3 10 20 09 11 8994.40000 4.77000000 295.31000 38.83000 12.24000 53.69000
 3 10 20 09 11 8994.40000 4.77000000 295.31000 38.83000 12.24000 53.69000
 3 10 20 09 12 8994.40000 4.77000000 295.31000 38.83000 12.24000 53.69000
 3 10 20 09 12 8992.60000 4.77000000 295.31000 38.83000 12.24000 53.69000
 3 10 20 09 13 8993.10000 4.77000000 295.31000 38.83000 12.24000 53.69500
 3 10 20 09 13 8994.10000 4.77000000 295.42000 38.83000 12.24000 53.69500
 3 10 20 09 14 8994.30000 4.77000000 295.43000 38.83000 12.24000 53.69500
 3 10 20 09 14 8994.60000 4.77000000 295.42000 38.83000 12.24000 53.69500
 3 10 20 09 14 8996.00000 4.77000000 295.49000 38.83000 12.24000 53.69500
 3 10 20 09 15 8994.90000 4.77000000 295.49000 38.83000 12.24000 53.69500
 3 10 20 09 15 8995.10000 4.77000000 295.50000 38.83000 12.24000 53.69500
 3 10 20 09 16 8995.10000 4.77000000 295.50000 38.83000 12.24000 53.69500
 3 10 20 09 16 8995.90000 4.77000000 295.50000 38.83000 12.24000 53.69500
 3 10 20 09 17 8996.00000 4.77000000 295.50000 38.83000 12.24000 53.69500
 3 10 20 09 17 8996.00000 4.77000000 295.50000 38.83000 12.24000 53.69500
 3 10 20 09 17 8996.00000 4.77000000 295.50000 38.83000 12.24000 53.69500
 3 10 20 09 18 9002.10000 4.77000000 295.50000 38.83000 12.24000 53.69500
 3 10 20 09 18 9002.10000 4.77000000 295.64000 38.83000 12.24000 53.69500
 3 10 20 09 19 9001.30000 4.77000000 295.64000 38.83000 12.24000 53.69500
 3 10 20 09 19 9002.90000 4.77000000 295.65000 38.83000 12.24000 53.69500
 3 10 20 09 20 9003.70000 4.77000000 295.65000 38.83000 12.24000 53.69500
 3 10 20 09 20 9003.90000 4.77000000 295.64000 38.83000 12.19500 53.69500
 3 10 20 09 20 9005.20000 4.77000000 295.65000 38.83000 12.19500 53.78700
 3 10 20 09 21 9005.20000 4.77000000 296.05000 38.83000 12.19600 53.78700
 3 10 20 09 21 9005.20000 4.77000000 296.05000 38.83000 12.19600 53.78700
 3 10 20 09 22 9005.20000 4.77000000 296.07000 38.83000 12.19600 53.78700
 3 10 20 09 22 9005.10000 4.77000000 296.07000 38.87000 12.19600 53.78700
 3 10 20 09 23 9005.20000 4.77000000 296.10000 38.87000 12.19600 53.78700
 3 10 20 09 23 9005.20000 4.77000000 296.10000 38.87000 12.19600 53.78700
 3 10 20 09 23 9005.20000 4.77000000 296.10000 38.87000 12.19600 53.78700
 3 10 20 09 24 9005.10000 4.77000000 296.10000 38.87000 12.19600 53.81200
 3 10 20 09 24 9005.20000 4.77000000 296.10000 38.87000 12.19600 53.81200
 3 10 20 09 25 9005.10000 4.77000000 296.11000 38.87000 12.19600 53.82200
 3 10 20 09 25 9005.20000 4.77000000 296.09000 38.87000 12.19800 53.82200
 3 10 20 09 26 9003.70000 4.77000000 296.05000 38.87000 12.19800 53.82200
 3 10 20 09 26 9003.70000 4.77000000 296.02000 38.87000 12.19800 53.82200
 3 10 20 09 26 9002.20000 4.77000000 296.10000 38.88000 12.19800 53.82200
 3 10 20 09 27 9003.00000 4.77000000 296.11000 38.88000 12.19800 53.82200
 3 10 20 09 27 9003.90000 4.77000000 296.11000 38.88000 12.19800 53.82200
 3 10 20 09 28 9003.80000 4.77000000 296.32000 38.90000 12.19800 53.82200
 3 10 20 09 28 9003.90000 4.77000000 296.31000 38.90000 12.19800 53.82200
 3 10 20 09 29 9003.80000 4.77000000 296.29000 38.90000 12.19800 53.82200
 3 10 20 09 29 9003.90000 4.77000000 296.29000 38.90000 12.19800 53.82200
 3 10 20 09 29 9003.90000 4.77000000 296.29000 38.90000 12.19800 53.82200
 3 10 20 09 30 9003.80000 4.77000000 296.29000 38.87000 12.19800 53.82200
 3 10 20 09 30 9003.80000 4.77000000 296.29000 38.87000 12.19800 53.82200
 3 10 20 09 31 9005.00000 4.77000000 296.29000 38.87000 12.19800 53.82200
 3 10 20 09 31 9004.20000 4.77000000 296.25000 38.87000 12.19800 53.82200
 3 10 20 09 32 9003.80000 4.77000000 296.40000 38.87000 12.19800 53.82200
 3 10 20 09 32 9003.80000 4.77000000 296.39000 38.87000 12.19800 53.82200
 3 10 20 09 32 9003.90000 4.77000000 296.39000 38.87000 12.19800 53.82200
 3 10 20 09 33 9005.00000 4.77000000 296.39000 38.87000 12.19800 53.82200
 3 10 20 09 33 9005.10000 4.77000000 296.39000 38.87000 12.19800 53.92400
 3 10 20 09 34 9004.50000 4.77000000 296.39000 38.87000 12.19800 53.96000
 3 10 20 09 34 9005.20000 4.77000000 296.39000 38.87000 12.21300 53.96000
 3 10 20 09 35 9005.20000 4.77000000 296.38000 38.87000 12.21300 54.06300
 3 10 20 09 35 9005.20000 4.77000000 296.39000 38.90000 12.21300 54.10700
 3 10 20 09 36 9005.10000 4.77000000 296.39000 38.90000 12.21300 54.10700
 3 10 20 09 36 9005.10000 4.80900000 296.39000 38.90000 12.21300 54.10700
 3 10 20 09 36 9005.10000 4.81500000 296.38000 38.90000 12.21300 54.10700
 3 10 20 09 37 9003.60000 4.81500000 296.38000 38.90000 12.21300 54.10700
 3 10 20 09 37 9003.60000 4.81500000 296.38000 38.90000 12.21300 54.10700
 3 10 20 09 38 9003.70000 4.81500000 296.38000 38.90000 12.21300 54.10700
 3 10 20 09 38 9003.70000 4.81500000 296.39000 38.90000 12.21300 54.10700
 3 10 20 09 39 9003.70000 4.80200000 296.39000 38.90000 12.21300 54.10700
 3 10 20 09 39 9003.70000 4.80200000 296.39000 38.90000 12.21300 54.10700
 3 10 20 09 39 9003.60000 4.80200000 296.39000 38.90000 12.21300 54.10700
 3 10 20 09 40 9003.70000 4.80200000 296.44000 38.90000 12.21300 54.10700
 3 10 20 09 40 9003.70000 4.80200000 296.44000 38.90000 12.21300 54.10700
 3 10 20 09 41 9003.70000 4.80200000 296.43000 38.90000 12.21300 54.10700
 3 10 20 09 41 9002.80000 4.80200000 296.44000 38.87000 12.21300 54.10700
 3 10 20 09 42 9000.40000 4.80200000 296.36000 38.87000 12.21300 54.10700
 3 10 20 09 42 8999.70000 4.80200000 296.24000 38.88000 12.21300 54.10700
 3 10 20 09 42 8999.50000 4.80200000 296.24000 38.88000 12.21300 54.10700
 3 10 20 09 43 9000.70000 4.80200000 296.24000 38.88000 12.21300 54.10700
 3 10 20 09 43 8999.20000 4.80200000 296.24000 38.88000 12.21300 54.10700
 3 10 20 09 44 9001.70000 4.80200000 296.30000 38.88000 12.21300 54.10700
 3 10 20 09 44 8999.90000 4.80200000 296.30000 38.88000 12.21300 54.10700
 3 10 20 09 45 8999.30000 4.80200000 296.24000 38.88000 12.21300 54.10700
 3 10 20 09 45 8999.30000 4.80200000 296.24000 38.88000 12.21300 54.10700
 3 10 20 09 45 8999.30000 4.80200000 296.24000 38.88000 12.21300 54.10700
 3 10 20 09 46 8999.20000 4.80200000 296.19000 38.88000 12.21300 54.10700
 3 10 20 09 46 8998.40000 4.80200000 296.19000 38.88000 12.21300 54.10700
 3 10 20 09 47 8998.40000 4.80200000 296.17000 38.88000 12.21300 54.10700
 3 10 20 09 47 8998.30000 4.80200000 296.17000 38.88000 12.21300 54.10700
 3 10 20 09 48 8998.30000 4.80200000 296.16000 38.88000 12.21300 54.10700
 3 10 20 09 48 8998.70000 4.80200000 296.16000 38.88000 12.21300 54.10700
 3 10 20 09 48 8998.10000 4.80200000 296.16000 38.88000 12.21300 54.10700
 3 10 20 09 49 8998.10000 4.80200000 296.03000 38.88000 12.21300 54.10700
 3 10 20 09 49 8998.00000 4.80200000 295.89000 38.88000 12.21300 54.10700
 3 10 20 09 50 8997.00000 4.82000000 295.89000 38.88000 12.21300 54.10700
 3 10 20 09 50 8996.30000 4.82000000 295.89000 38.88000 12.21300 54.10700
 3 10 20 09 51 8996.30000 4.82000000 295.74000 38.88000 12.21300 54.10700
 3 10 20 09 51 8996.20000 4.82000000 295.86000 38.88000 12.21300 54.10700
 3 10 20 09 51 8997.00000 4.82000000 295.86000 38.88000 12.21300 54.10700
 3 10 20 09 52 8996.00000 4.82000000 295.80000 38.88000 12.21300 54.10700
