M=[
19 6 20 08 33 8297.20000 5.59000000 203.71000 38.42000 14.79300 46.20000
19 6 20 08 33 8293.50000 5.59000000 203.71000 38.42000 14.79300 46.20000
19 6 20 08 34 8294.90000 5.59000000 203.71000 38.42000 14.79300 46.20000
19 6 20 08 34 8298.20000 5.59000000 203.86000 38.42000 14.79300 46.20000
19 6 20 08 35 8301.20000 5.59000000 204.09000 38.42000 14.79200 46.20000
19 6 20 08 35 8301.20000 5.59000000 204.09000 38.42000 14.79200 46.20000
19 6 20 08 36 8301.20000 5.59000000 204.16000 38.42000 14.79200 46.20000
19 6 20 08 37 8301.30000 5.59000000 204.19000 38.42000 14.79200 46.20000
19 6 20 08 37 8301.40000 5.59000000 204.36000 38.42000 14.79200 46.20000
19 6 20 08 38 8303.10000 5.59000000 204.35000 38.42000 14.80000 46.20000
19 6 20 08 38 8308.10000 5.59000000 204.45000 38.42000 14.80000 46.20000
19 6 20 08 39 8310.00000 5.59000000 204.46000 38.42000 14.83800 46.20000
19 6 20 08 39 8310.00000 5.59000000 204.46000 38.42000 14.83800 46.20000
19 6 20 08 40 8310.00000 5.59000000 204.31000 38.42000 14.83800 46.20000
19 6 20 08 40 8310.00000 5.59000000 204.32000 38.42000 14.80000 46.20000
19 6 20 08 41 8312.40000 5.59000000 204.34000 38.42000 14.83800 46.20000
19 6 20 08 41 8312.40000 5.59000000 204.40000 38.42000 14.83800 46.20000
19 6 20 08 42 8312.40000 5.59000000 204.36000 38.42000 14.83800 46.20000
19 6 20 08 42 8311.80000 5.59000000 204.36000 38.52000 14.80000 46.20000
19 6 20 08 43 8312.60000 5.59000000 204.28000 38.52000 14.83800 46.20000
19 6 20 08 43 8312.50000 5.59000000 204.24000 38.52000 14.83800 46.20000
19 6 20 08 44 8311.50000 5.59000000 204.24000 38.52000 14.83800 46.20000
19 6 20 08 44 8312.50000 5.60000000 204.29000 38.52000 14.83800 46.20000
19 6 20 08 45 8312.60000 5.60000000 204.37000 38.52000 14.83800 46.20000
19 6 20 08 45 8311.80000 5.60000000 204.30000 38.52000 14.79900 46.20000
19 6 20 08 46 8312.50000 5.60700000 204.30000 38.52000 14.79900 46.20000
19 6 20 08 46 8310.00000 5.60700000 204.30000 38.52000 14.79900 46.20000
19 6 20 08 47 8312.50000 5.60700000 204.36000 38.52000 14.79900 46.20000
19 6 20 08 47 8312.50000 5.60700000 204.36000 38.52000 14.79900 46.20000
19 6 20 08 48 8312.60000 5.60700000 204.35000 38.52000 14.79900 46.20000
19 6 20 08 48 8312.60000 5.60700000 204.35000 38.52000 14.79900 46.20000
19 6 20 08 49 8316.00000 5.61600000 204.35000 38.52000 14.79900 46.20000
19 6 20 08 50 8315.60000 5.61600000 204.35000 38.52000 14.79900 46.20000
19 6 20 08 50 8315.70000 5.61600000 204.35000 38.52000 14.79900 46.20000
19 6 20 08 51 8315.70000 5.61600000 204.35000 38.52000 14.79900 46.20000
19 6 20 08 51 8315.70000 5.61600000 204.46000 38.52000 14.79900 46.20000
19 6 20 08 52 8315.60000 5.61600000 204.46000 38.52000 14.79900 46.20000
19 6 20 08 52 8315.70000 5.61600000 204.60000 38.52000 14.79900 46.20000
19 6 20 08 53 8315.70000 5.61800000 204.49000 38.56000 14.79900 46.20000
19 6 20 08 53 8315.60000 5.61800000 204.30000 38.56000 14.79900 46.20000
19 6 20 08 54 8315.70000 5.61800000 204.30000 38.56000 14.79900 46.20000
19 6 20 08 54 8315.80000 5.61800000 204.30000 38.56000 14.79900 46.20000
19 6 20 08 55 8315.80000 5.61800000 204.30000 38.56000 14.79900 46.20000
19 6 20 08 55 8312.70000 5.61800000 204.30000 38.52000 14.79900 46.20000
19 6 20 08 56 8312.60000 5.61800000 204.30000 38.52000 14.79900 46.20000
19 6 20 08 56 8313.80000 5.61800000 204.28000 38.52000 14.79900 46.20000
19 6 20 08 57 8312.50000 5.61800000 204.24000 38.52000 14.79900 46.20000
19 6 20 08 57 8314.60000 5.61800000 204.24000 38.56000 14.79900 46.20000
19 6 20 08 58 8315.60000 5.60700000 204.33000 38.52000 14.79900 46.20000
19 6 20 08 58 8315.60000 5.60700000 204.23000 38.52000 14.79900 46.20000
19 6 20 08 59 8315.60000 5.60700000 204.19000 38.52000 14.79900 46.20000
19 6 20 08 59 8315.50000 5.60700000 204.15000 38.52000 14.79900 46.20000
19 6 20 09 00 8315.50000 5.60700000 204.18000 38.52000 14.79900 46.20000
19 6 20 09 00 8315.90000 5.60700000 204.19000 38.52000 14.79900 46.20000
19 6 20 09 01 8315.80000 5.60700000 204.37000 38.52000 14.79900 46.20000
19 6 20 09 01 8315.90000 5.60700000 204.37000 38.52000 14.79900 46.23900
19 6 20 09 02 8315.90000 5.60700000 204.42000 38.52000 14.79900 46.28000
19 6 20 09 02 8316.10000 5.60700000 204.47000 38.52000 14.79900 46.28000
19 6 20 09 03 8334.30000 5.60700000 204.67000 38.52000 14.79900 46.28000
19 6 20 09 04 8332.70000 5.62000000 204.67000 38.58000 14.79900 46.28000
19 6 20 09 04 8334.30000 5.60700000 204.71000 38.58000 14.79900 46.28000
19 6 20 09 05 8334.40000 5.62000000 204.79000 38.58000 14.79900 46.28000
19 6 20 09 05 8334.40000 5.62000000 204.81000 38.58000 14.79900 46.28000
19 6 20 09 06 8336.10000 5.62000000 204.81000 38.58000 14.79900 46.28000
19 6 20 09 06 8336.00000 5.62600000 204.80000 38.58000 14.79900 46.28000
19 6 20 09 07 8338.20000 5.62000000 204.80000 38.58000 14.79900 46.28000
19 6 20 09 07 8338.30000 5.62600000 204.76000 38.58000 14.79900 46.28000
19 6 20 09 08 8342.20000 5.62600000 204.76000 38.60000 14.79900 46.28000
19 6 20 09 08 8342.20000 5.62000000 204.76000 38.60000 14.79900 46.28000
19 6 20 09 09 8342.20000 5.62600000 204.76000 38.60000 14.79900 46.28000
19 6 20 09 09 8342.30000 5.62000000 204.72000 38.60000 14.79900 46.28000
19 6 20 09 10 8341.50000 5.62600000 204.61000 38.60000 14.79900 46.28000
19 6 20 09 11 8345.10000 5.62600000 204.61000 38.65000 14.79900 46.28000
19 6 20 09 11 8341.80000 5.62600000 204.72000 38.65000 14.79900 46.28000
19 6 20 09 12 8340.10000 5.62600000 204.69000 38.65000 14.79900 46.28000
19 6 20 09 12 8338.30000 5.62600000 204.65000 38.65000 14.79900 46.28000
19 6 20 09 13 8340.70000 5.62600000 204.66000 38.65000 14.79900 46.28000
19 6 20 09 13 8340.10000 5.62600000 204.74000 38.65000 14.79900 46.28000
19 6 20 09 14 8340.10000 5.62600000 204.72000 38.65000 14.79900 46.28000
19 6 20 09 14 8340.70000 5.62600000 204.72000 38.65000 14.79900 46.28000
19 6 20 09 15 8370.00000 5.62600000 205.04000 38.88000 14.79900 46.28000
19 6 20 09 15 8379.10000 5.62600000 205.29000 38.78000 14.79900 46.28000
19 6 20 09 16 8392.50000 5.62600000 205.99000 38.94000 14.79900 46.38400
19 6 20 09 17 8398.70000 5.62600000 206.27000 38.94000 14.79900 46.38400
19 6 20 09 18 8389.20000 5.62600000 205.85000 38.87000 14.79900 46.38400
19 6 20 09 19 8380.10000 5.62600000 205.85000 38.83000 14.79900 46.38400
19 6 20 09 19 8390.40000 5.62600000 205.94000 38.83000 14.79900 46.38400
19 6 20 09 20 8390.60000 5.62600000 205.98000 38.83000 14.79900 46.38400
19 6 20 09 20 8383.30000 5.62600000 205.98000 38.83000 14.79900 46.38400
19 6 20 09 21 8382.10000 5.64200000 205.98000 38.83000 14.79900 46.38400
19 6 20 09 22 8381.20000 5.64200000 205.98000 38.83000 14.79900 46.38400
19 6 20 09 22 8381.10000 5.64200000 205.62000 38.83000 14.79900 46.46000
19 6 20 09 23 8379.20000 5.64200000 205.48000 38.83000 14.79900 46.38400
19 6 20 09 23 8379.10000 5.64200000 205.66000 38.84000 14.79900 46.38400
19 6 20 09 24 8384.80000 5.64200000 205.78000 38.84000 14.79900 46.38400
19 6 20 09 24 8384.80000 5.64200000 205.76000 38.84000 14.79900 46.38400
19 6 20 09 25 8384.80000 5.64200000 205.83000 38.85000 14.79900 46.38400
19 6 20 09 25 8384.10000 5.64200000 205.78000 38.85000 14.79900 46.38400
19 6 20 09 26 8373.40000 5.63200000 205.74000 38.85000 14.69800 46.38400
19 6 20 09 26 8373.40000 5.63200000 205.72000 38.85000 14.69800 46.38400
19 6 20 09 27 8375.70000 5.63200000 205.55000 38.85000 14.69800 46.38400
19 6 20 09 27 8376.50000 5.63200000 205.69000 38.85000 14.69800 46.38400
19 6 20 09 28 8376.50000 5.63200000 205.65000 38.85000 14.69800 46.38400
19 6 20 09 29 8376.50000 5.63200000 205.65000 38.85000 14.69800 46.38400
19 6 20 09 29 8373.50000 5.63200000 205.38000 38.85000 14.69800 46.38400
19 6 20 09 30 8373.40000 5.62200000 205.41000 38.83000 14.69800 46.38400
19 6 20 09 30 8382.00000 5.62200000 205.80000 38.83000 14.69800 46.46000
19 6 20 09 31 8375.00000 5.62200000 205.81000 38.86000 14.69800 46.38400
19 6 20 09 31 8372.40000 5.62200000 205.63000 38.86000 14.69800 46.38400
