M=[
 6 6 21 23 08 29371.70000 52.56700000 2227.11000 144.25000 23.83300 122.74600
 6 6 21 23 08 29349.50000 52.56700000 2226.33000 144.25000 23.83300 122.74600
 6 6 21 23 08 29361.10000 52.56700000 2226.32000 144.25000 23.83300 122.74600
 6 6 21 23 09 29358.20000 52.56700000 2226.34000 144.26000 23.83300 122.74600
 6 6 21 23 09 29355.70000 52.56700000 2225.86000 144.26000 23.83300 122.74600
 6 6 21 23 10 29355.60000 52.56700000 2225.85000 144.26000 23.83300 122.68700
 6 6 21 23 10 29354.60000 52.56700000 2225.85000 144.26000 23.83300 122.68700
 6 6 21 23 11 29354.10000 52.56700000 2223.96000 144.34000 23.83300 122.68700
 6 6 21 23 11 29349.00000 52.56700000 2223.25000 144.20000 23.83300 122.68700
 6 6 21 23 11 29346.40000 52.56700000 2223.46000 144.20000 23.83300 122.68700
 6 6 21 23 12 29338.60000 52.56700000 2224.32000 144.17000 23.83300 122.68700
 6 6 21 23 12 29338.60000 52.56700000 2225.86000 144.45000 23.83300 122.68700
 6 6 21 23 13 29354.10000 52.56700000 2225.86000 144.41000 23.83300 122.68700
 6 6 21 23 13 29354.10000 52.56700000 2224.43000 144.41000 23.83300 122.68700
 6 6 21 23 14 29354.30000 52.56700000 2224.43000 144.41000 23.83300 122.68700
 6 6 21 23 14 29354.10000 52.56700000 2223.99000 144.41000 23.83300 122.68700
 6 6 21 23 15 29355.70000 52.56700000 2224.12000 144.41000 23.83300 122.68700
 6 6 21 23 15 29359.80000 52.56700000 2224.12000 144.41000 23.83300 122.68700
 6 6 21 23 15 29358.70000 52.56700000 2223.51000 144.29000 23.83300 122.52400
 6 6 21 23 16 29358.90000 52.56700000 2223.97000 144.29000 23.83300 122.52400
 6 6 21 23 16 29362.30000 52.56700000 2223.97000 144.37000 23.83300 122.52400
 6 6 21 23 17 29363.50000 52.56700000 2223.97000 144.37000 23.83300 122.52400
 6 6 21 23 17 29362.80000 52.56700000 2223.97000 144.37000 23.83300 122.52400
 6 6 21 23 18 29363.30000 52.56700000 2224.11000 144.37000 23.83300 122.52400
 6 6 21 23 18 29354.50000 52.56700000 2224.11000 144.37000 23.83300 122.52400
 6 6 21 23 18 29354.50000 52.56700000 2223.98000 144.37000 23.83300 122.52400
 6 6 21 23 19 29354.50000 52.56700000 2223.98000 144.37000 23.83300 122.52400
 6 6 21 23 19 29364.70000 52.56700000 2224.11000 144.45000 23.83300 122.52400
 6 6 21 23 20 29373.40000 52.56700000 2223.37000 144.45000 23.83300 122.52400
 6 6 21 23 20 29376.90000 52.56700000 2223.37000 144.45000 23.83300 122.52400
 6 6 21 23 21 29349.50000 52.56700000 2220.45000 144.45000 23.83300 122.52400
 6 6 21 23 21 29311.50000 52.56700000 2220.45000 144.45000 23.83300 122.52400
 6 6 21 23 21 29311.50000 52.56700000 2217.70000 144.45000 23.83300 122.52400
 6 6 21 23 22 29304.70000 52.56700000 2218.59000 144.45000 23.83300 122.52400
 6 6 21 23 22 29304.70000 52.56700000 2220.06000 144.15000 23.83300 122.52400
 6 6 21 23 23 29322.10000 52.56700000 2219.37000 144.05000 23.83300 122.52400
 6 6 21 23 23 29315.90000 52.56700000 2217.23000 144.05000 23.83300 122.52400
 6 6 21 23 24 29315.90000 52.56700000 2217.56000 144.05000 23.83300 122.52400
 6 6 21 23 24 29328.40000 52.56700000 2217.56000 144.05000 23.83300 122.52400
 6 6 21 23 24 29342.50000 52.56700000 2217.56000 144.05000 23.83300 122.52400
 6 6 21 23 25 29365.60000 52.56700000 2217.56000 144.16000 23.83300 122.52400
 6 6 21 23 25 29358.00000 52.56700000 2220.80000 144.21000 23.83300 122.52400
 6 6 21 23 26 29357.90000 52.56700000 2219.37000 144.16000 23.83300 122.52400
 6 6 21 23 26 29358.00000 52.56700000 2220.36000 144.16000 23.83300 122.52400
 6 6 21 23 27 29369.10000 52.56700000 2222.21000 144.16000 23.83300 122.52400
 6 6 21 23 27 29369.20000 52.56700000 2222.21000 144.16000 23.83300 122.52400
 6 6 21 23 27 29360.10000 52.56700000 2222.21000 144.16000 23.83300 122.52400
 6 6 21 23 28 29366.10000 52.56700000 2221.23000 144.20000 23.83300 122.52400
 6 6 21 23 28 29366.10000 52.56700000 2221.23000 144.25000 23.83300 122.52400
 6 6 21 23 29 29371.30000 52.56700000 2224.02000 144.16000 23.83300 122.52400
 6 6 21 23 29 29376.80000 52.56700000 2223.50000 144.16000 23.83300 122.56700
 6 6 21 23 30 29372.90000 52.56700000 2223.50000 144.23000 23.83300 122.56700
 6 6 21 23 30 29365.80000 52.56700000 2222.77000 144.12000 23.83300 122.56700
 6 6 21 23 30 29357.90000 52.56700000 2222.77000 144.12000 23.83300 122.56700
 6 6 21 23 31 29365.60000 52.56700000 2222.77000 144.12000 23.83300 122.56700
 6 6 21 23 31 29375.80000 52.56700000 2224.12000 144.31000 23.83300 122.56700
 6 6 21 23 32 29382.30000 52.56700000 2228.53000 144.40000 23.83300 122.72600
 6 6 21 23 32 29382.30000 52.56700000 2228.53000 144.45000 23.83300 122.72600
 6 6 21 23 33 29389.30000 52.56700000 2228.59000 144.42000 23.83300 122.72600
 6 6 21 23 33 29389.30000 52.56700000 2228.13000 144.42000 23.83300 122.72600
 6 6 21 23 33 29370.10000 52.56700000 2228.13000 144.42000 23.83300 122.52200
 6 6 21 23 34 29370.10000 52.56700000 2228.13000 144.42000 23.83300 122.52200
 6 6 21 23 34 29372.80000 52.56700000 2228.13000 144.48000 23.83300 122.52200
 6 6 21 23 35 29370.10000 52.56700000 2227.49000 144.48000 23.83300 122.52200
 6 6 21 23 35 29374.30000 52.56700000 2227.49000 144.46000 23.83300 122.52200
 6 6 21 23 36 29374.30000 52.56700000 2229.00000 144.46000 23.83300 122.52200
 6 6 21 23 36 29370.10000 52.56700000 2229.00000 144.46000 23.83300 122.86000
 6 6 21 23 36 29364.10000 52.60800000 2229.00000 144.46000 23.83300 122.86000
 6 6 21 23 37 29364.60000 52.60800000 2227.63000 144.46000 23.83300 122.86000
 6 6 21 23 37 29364.00000 52.60800000 2227.64000 144.46000 23.83300 122.86000
 6 6 21 23 38 29364.00000 52.60800000 2227.64000 144.32000 23.83300 122.86000
 6 6 21 23 38 29337.30000 52.60400000 2227.64000 144.32000 23.83300 122.86000
 6 6 21 23 39 29337.30000 52.60400000 2227.64000 144.32000 23.83300 122.86000
 6 6 21 23 39 29361.00000 52.60400000 2227.41000 144.32000 23.83300 122.86000
 6 6 21 23 39 29361.50000 52.60400000 2227.41000 144.32000 23.83300 122.86000
 6 6 21 23 40 29358.50000 52.60400000 2227.41000 144.43000 23.83300 122.86000
 6 6 21 23 40 29373.70000 52.67400000 2227.64000 144.47000 23.83300 122.86000
 6 6 21 23 41 29375.80000 52.61700000 2227.64000 144.45000 23.83300 122.86000
 6 6 21 23 41 29374.90000 52.61700000 2227.64000 144.48000 23.83300 122.86000
 6 6 21 23 42 29374.90000 52.61700000 2227.65000 144.48000 23.83300 122.86000
 6 6 21 23 42 29382.80000 52.61700000 2227.64000 144.48000 23.83300 122.82900
 6 6 21 23 42 29378.40000 52.61700000 2227.64000 144.48000 23.83300 122.82900
 6 6 21 23 43 29383.60000 52.61700000 2227.64000 144.48000 23.83300 122.82900
 6 6 21 23 43 29390.20000 52.61700000 2227.64000 144.48000 23.83300 122.82900
 6 6 21 23 44 29390.30000 52.61700000 2227.64000 144.51000 23.83300 122.81200
 6 6 21 23 44 29390.30000 52.61700000 2227.64000 144.51000 23.83300 122.81200
 6 6 21 23 45 29392.80000 52.61700000 2227.64000 144.51000 23.83300 122.81200
 6 6 21 23 45 29401.00000 52.61700000 2227.65000 144.51000 23.83300 122.81200
 6 6 21 23 46 29400.90000 52.61700000 2227.65000 144.51000 23.83300 122.81200
 6 6 21 23 46 29401.00000 52.61700000 2227.00000 144.56000 23.83300 122.81200
 6 6 21 23 46 29401.00000 52.61700000 2227.00000 144.56000 23.83300 122.81200
 6 6 21 23 47 29401.00000 52.61700000 2227.00000 144.59000 23.83300 122.81200
 6 6 21 23 47 29400.00000 52.61700000 2227.00000 144.46000 23.83300 122.81200
 6 6 21 23 48 29400.00000 52.61700000 2226.88000 144.53000 23.83300 122.87300
 6 6 21 23 48 29440.20000 52.61700000 2229.00000 144.75000 23.83300 122.87300
 6 6 21 23 49 29455.50000 52.61700000 2230.00000 144.97000 23.83300 123.11100
 6 6 21 23 49 29455.50000 52.61700000 2230.63000 144.97000 23.83300 123.11100
 6 6 21 23 49 29448.90000 52.61700000 2230.40000 144.97000 23.83300 123.11100
 6 6 21 23 50 29440.90000 52.61700000 2229.01000 144.97000 23.83300 123.11100
 6 6 21 23 50 29455.50000 52.61700000 2229.67000 144.97000 23.83300 123.11100
 6 6 21 23 51 29455.50000 52.61700000 2230.32000 144.94000 23.83300 123.11100
 6 6 21 23 51 29455.50000 52.61700000 2229.73000 144.94000 23.83300 123.11100
