M=[
30 6 20 11 02 8165.10000 5.13000000 202.61000 36.97000 14.73000 46.56500
30 6 20 11 03 8163.00000 5.13000000 202.61000 36.97000 14.73000 46.56500
30 6 20 11 03 8165.10000 5.13000000 202.62000 36.97000 14.73000 46.56500
30 6 20 11 04 8165.20000 5.13000000 202.67000 36.97000 14.73000 46.40700
30 6 20 11 04 8163.10000 5.13000000 202.68000 36.97000 14.73000 46.56500
30 6 20 11 05 8163.00000 5.13000000 202.66000 36.97000 14.73000 46.56500
30 6 20 11 05 8160.00000 5.13000000 202.69000 36.97000 14.73000 46.40700
30 6 20 11 06 8160.30000 5.13000000 202.62000 36.97000 14.73000 46.40700
30 6 20 11 06 8160.30000 5.13000000 202.61000 36.97000 14.73000 46.56500
30 6 20 11 07 8163.10000 5.13000000 202.63000 36.90000 14.73000 46.40700
30 6 20 11 07 8161.00000 5.13000000 202.69000 36.90000 14.73000 46.40700
30 6 20 11 08 8160.50000 5.13000000 202.69000 36.90000 14.73000 46.56500
30 6 20 11 08 8160.30000 5.13000000 202.66000 36.87000 14.73000 46.56500
30 6 20 11 08 8160.20000 5.13000000 202.65000 36.92000 14.73000 46.56500
30 6 20 11 09 8160.90000 5.13000000 202.74000 36.92000 14.73000 46.56500
30 6 20 11 09 8160.90000 5.13000000 202.70000 36.92000 14.73000 46.56500
30 6 20 11 10 8160.90000 5.13000000 202.79000 36.92000 14.71900 46.56500
30 6 20 11 10 8160.90000 5.13000000 202.78000 36.92000 14.71900 46.56500
30 6 20 11 11 8160.90000 5.13000000 202.73000 36.87000 14.71900 46.56500
30 6 20 11 11 8160.90000 5.13000000 202.78000 36.87000 14.71900 46.56500
30 6 20 11 12 8160.90000 5.13000000 202.68000 36.87000 14.71900 46.56500
30 6 20 11 12 8160.90000 5.13000000 202.68000 36.87000 14.71900 46.56500
30 6 20 11 13 8160.90000 5.13000000 202.69000 36.92000 14.71900 46.56500
30 6 20 11 13 8160.90000 5.13000000 202.69000 36.89000 14.71900 46.56500
30 6 20 11 14 8162.40000 5.13000000 202.69000 36.89000 14.71900 46.40700
30 6 20 11 14 8163.70000 5.13000000 202.69000 36.89000 14.70300 46.56500
30 6 20 11 15 8165.80000 5.13000000 202.69000 36.92000 14.70300 46.56500
30 6 20 11 15 8165.40000 5.13000000 202.71000 36.91000 14.70300 46.56500
30 6 20 11 15 8165.30000 5.13000000 202.63000 36.91000 14.70300 46.56500
30 6 20 11 16 8164.10000 5.13000000 202.63000 36.91000 14.70300 46.56500
30 6 20 11 16 8164.10000 5.13000000 202.61000 36.91000 14.70300 46.56500
30 6 20 11 17 8164.10000 5.13000000 202.61000 36.91000 14.70300 46.56500
30 6 20 11 17 8164.10000 5.13000000 202.62000 36.91000 14.70300 46.56500
30 6 20 11 18 8164.00000 5.13000000 202.62000 36.91000 14.70300 46.56500
30 6 20 11 18 8164.10000 5.13000000 202.62000 36.91000 14.70300 46.56500
30 6 20 11 19 8164.00000 5.13000000 202.62000 36.91000 14.70300 46.56500
30 6 20 11 19 8164.10000 5.13000000 202.62000 36.91000 14.70300 46.56500
30 6 20 11 20 8164.00000 5.13000000 202.62000 36.91000 14.70300 46.56500
30 6 20 11 20 8164.00000 5.13000000 202.62000 36.91000 14.70300 46.56500
30 6 20 11 21 8164.10000 5.13000000 202.62000 36.91000 14.70300 46.56500
30 6 20 11 21 8164.10000 5.13000000 202.61000 36.91000 14.70300 46.56500
30 6 20 11 21 8164.10000 5.13000000 202.61000 36.91000 14.70300 46.56500
30 6 20 11 22 8164.00000 5.13000000 202.62000 36.91000 14.70300 46.56500
30 6 20 11 22 8164.00000 5.13000000 202.65000 36.91000 14.70300 46.56500
30 6 20 11 23 8164.00000 5.13000000 202.66000 36.91000 14.70300 46.56500
30 6 20 11 23 8165.00000 5.13000000 202.76000 36.91000 14.73000 46.56500
30 6 20 11 24 8164.70000 5.13000000 202.77000 36.91000 14.73000 46.56500
30 6 20 11 24 8165.00000 5.13000000 202.76000 36.91000 14.79000 46.56500
30 6 20 11 25 8165.10000 5.13000000 202.79000 36.91000 14.79000 46.56500
30 6 20 11 25 8166.10000 5.13000000 202.78000 36.91000 14.79000 46.56500
30 6 20 11 26 8167.60000 5.13000000 202.78000 36.91000 14.79000 46.56500
30 6 20 11 26 8169.90000 5.13000000 202.78000 36.91000 14.79000 46.56500
30 6 20 11 27 8169.20000 5.13000000 202.79000 36.93000 14.79000 46.56500
30 6 20 11 27 8167.60000 5.13000000 202.75000 36.93000 14.79000 46.40700
30 6 20 11 28 8167.70000 5.13000000 202.75000 36.93000 14.79000 46.40700
30 6 20 11 28 8167.70000 5.13000000 202.75000 36.93000 14.79000 46.56500
30 6 20 11 28 8167.70000 5.13000000 202.75000 36.93000 14.79000 46.56500
30 6 20 11 29 8167.70000 5.13000000 202.74000 36.93000 14.79000 46.56500
30 6 20 11 29 8167.70000 5.13000000 202.73000 36.93000 14.79000 46.56500
30 6 20 11 30 8167.60000 5.13000000 202.76000 36.93000 14.79000 46.56500
30 6 20 11 30 8170.40000 5.13000000 202.79000 36.93000 14.79000 46.40700
30 6 20 11 31 8171.80000 5.13000000 202.79000 36.94000 14.79000 46.56500
30 6 20 11 31 8173.80000 5.13000000 202.91000 36.94000 14.79000 46.40700
30 6 20 11 32 8173.80000 5.13000000 202.91000 36.94000 14.79000 46.40700
30 6 20 11 32 8173.90000 5.13000000 202.91000 36.94000 14.79000 46.56500
30 6 20 11 33 8174.40000 5.13000000 202.97000 36.94000 14.79000 46.40700
30 6 20 11 33 8177.10000 5.13000000 202.94000 36.98000 14.79000 46.56500
30 6 20 11 34 8184.00000 5.13000000 202.97000 36.98000 14.79000 46.56500
30 6 20 11 34 8179.20000 5.13000000 202.99000 36.98000 14.79000 46.56500
30 6 20 11 35 8179.20000 5.13000000 202.97000 36.98000 14.94000 46.40700
30 6 20 11 35 8180.30000 5.13000000 202.97000 36.98000 14.94000 46.56500
30 6 20 11 36 8179.70000 5.13000000 202.97000 36.98000 14.94000 46.56500
30 6 20 11 36 8179.10000 5.13000000 202.96000 36.98000 14.94000 46.56500
30 6 20 11 37 8179.20000 5.13000000 202.96000 36.98000 14.94000 46.56500
30 6 20 11 37 8179.20000 5.13000000 202.97000 36.98000 14.94000 46.56500
30 6 20 11 38 8178.40000 5.13000000 202.97000 36.98000 14.94000 46.56500
30 6 20 11 38 8178.50000 5.13000000 202.97000 36.98000 14.94000 46.56500
30 6 20 11 39 8176.70000 5.13000000 202.99000 36.98000 14.94000 46.40700
30 6 20 11 39 8179.30000 5.13000000 203.01000 36.96000 14.94000 46.56500
30 6 20 11 39 8183.50000 5.13000000 203.16000 36.96000 14.94000 46.45600
30 6 20 11 40 8183.50000 5.13000000 203.20000 36.96000 14.94000 46.45600
30 6 20 11 40 8185.00000 5.13000000 203.19000 36.96000 14.94000 46.45600
30 6 20 11 41 8184.90000 5.13000000 203.36000 36.96000 14.94000 46.45600
30 6 20 11 41 8181.10000 5.13000000 203.44000 36.96000 14.94000 46.45600
30 6 20 11 42 8183.40000 5.13900000 203.45000 36.96000 14.94000 46.53300
30 6 20 11 42 8184.40000 5.13900000 203.21000 36.96000 14.94000 46.53300
30 6 20 11 43 8182.90000 5.13900000 203.30000 37.01000 14.94000 46.52600
30 6 20 11 43 8184.20000 5.13900000 203.34000 37.01000 14.94000 46.53300
30 6 20 11 44 8184.90000 5.13900000 203.39000 37.01000 14.94000 46.52600
30 6 20 11 44 8184.30000 5.13900000 203.32000 37.01000 14.94000 46.52600
30 6 20 11 45 8184.90000 5.13900000 203.44000 37.01000 14.94000 46.53300
30 6 20 11 45 8184.90000 5.13900000 203.44000 37.01000 14.94000 46.52600
30 6 20 11 46 8184.90000 5.13900000 203.43000 37.01000 14.94000 46.55200
30 6 20 11 46 8185.00000 5.13900000 203.47000 37.01000 14.94000 46.55200
30 6 20 11 47 8185.00000 5.14000000 203.58000 37.01000 14.94000 46.55200
30 6 20 11 47 8186.40000 5.14000000 203.49000 37.01000 14.94000 46.55200
30 6 20 11 48 8186.10000 5.14000000 203.50000 37.01000 14.94000 46.55200
30 6 20 11 48 8186.20000 5.14000000 203.50000 37.01000 14.94000 46.55200
30 6 20 11 48 8186.10000 5.13900000 203.33000 37.01000 14.94000 46.55200
30 6 20 11 49 8184.90000 5.14000000 203.33000 37.01000 14.94000 46.55200
30 6 20 11 49 8185.00000 5.14000000 203.33000 37.01000 14.94000 46.55200
30 6 20 11 50 8184.90000 5.13900000 203.41000 37.01000 14.94000 46.55200
30 6 20 11 50 8184.90000 5.14000000 203.43000 37.01000 14.94000 46.55200
30 6 20 11 51 8184.10000 5.14000000 203.42000 37.01000 14.94000 46.53300
30 6 20 11 51 8184.00000 5.14000000 203.49000 37.01000 14.94000 46.55200
30 6 20 11 52 8182.00000 5.14000000 203.46000 37.01000 14.94000 46.55200
30 6 20 11 52 8181.90000 5.14000000 203.46000 37.01000 14.94000 46.55200
30 6 20 11 53 8181.00000 5.14000000 203.35000 37.01000 14.94000 46.55200
30 6 20 11 53 8181.00000 5.14000000 203.35000 37.01000 14.94000 46.55200
