M=[
10 6 20 17 45 8607.60000 5.95000000 214.69000 40.81000 14.00900 48.17400
10 6 20 17 45 8607.60000 5.95000000 214.69000 40.81000 13.93400 48.17400
10 6 20 17 46 8608.10000 5.95000000 214.69000 40.81000 13.93400 48.17400
10 6 20 17 46 8608.10000 5.95000000 214.69000 40.84000 13.87200 48.01700
10 6 20 17 46 8606.80000 5.95000000 214.69000 40.84000 13.87200 48.01700
10 6 20 17 47 8608.10000 5.95000000 214.64000 40.84000 13.86600 48.01700
10 6 20 17 47 8607.60000 5.95000000 214.64000 40.84000 13.86600 48.17400
10 6 20 17 48 8606.00000 5.95000000 214.38000 40.87000 13.87400 48.25700
10 6 20 17 48 8605.10000 5.95000000 214.10000 40.87000 13.87400 48.17400
10 6 20 17 49 8605.00000 5.95000000 214.19000 40.87000 13.87400 48.17400
10 6 20 17 49 8607.10000 5.99000000 214.19000 40.87000 13.89400 48.17400
10 6 20 17 50 8605.10000 5.95000000 214.29000 40.87000 13.89400 48.17400
10 6 20 17 50 8605.00000 5.95000000 214.29000 40.87000 13.89400 48.25700
10 6 20 17 51 8605.10000 5.95000000 214.19000 40.87000 13.89400 48.17400
10 6 20 17 51 8605.10000 5.95000000 214.29000 40.88000 13.91900 48.09600
10 6 20 17 52 8605.00000 5.95000000 214.29000 40.88000 13.94400 48.09600
10 6 20 17 52 8605.10000 5.95000000 214.40000 40.88000 13.95800 48.09600
10 6 20 17 52 8604.90000 5.95000000 214.40000 40.88000 13.97100 48.09600
10 6 20 17 53 8604.90000 5.95000000 214.40000 40.88000 13.97100 48.09600
10 6 20 17 53 8604.90000 5.95000000 214.35000 40.87000 13.93500 48.09600
10 6 20 17 54 8604.90000 5.95000000 214.41000 40.87000 13.96600 48.09600
10 6 20 17 54 8611.10000 5.94800000 214.44000 40.88000 13.97200 48.20700
10 6 20 17 55 8611.00000 5.94800000 214.51000 40.88000 13.97200 48.20700
10 6 20 17 55 8605.00000 5.94800000 214.51000 40.88000 13.97200 48.20700
10 6 20 17 56 8611.00000 5.94800000 214.51000 40.88000 13.97200 48.20700
10 6 20 17 56 8611.00000 5.94800000 214.51000 40.88000 13.97200 48.20700
10 6 20 17 57 8611.10000 5.95000000 214.57000 40.88000 13.97200 48.20700
10 6 20 17 57 8611.00000 5.94800000 214.57000 40.88000 13.97200 48.20700
10 6 20 17 57 8614.40000 5.94800000 214.57000 40.88000 13.97200 48.20700
10 6 20 17 58 8615.90000 5.94800000 214.53000 40.88000 13.95800 48.20700
10 6 20 17 58 8615.90000 5.94800000 214.53000 40.88000 13.95800 48.20700
10 6 20 17 59 8612.60000 5.94800000 214.51000 40.88000 13.95800 48.20700
10 6 20 17 59 8612.60000 5.94800000 214.51000 40.88000 13.97200 48.20700
10 6 20 18 00 8612.50000 5.94800000 214.51000 40.88000 13.95800 48.09600
10 6 20 18 00 8611.00000 5.94800000 214.50000 40.88000 13.95800 48.07500
10 6 20 18 01 8612.70000 5.94800000 214.50000 40.88000 13.95800 48.07500
10 6 20 18 01 8618.00000 5.94800000 214.63000 40.91000 13.95800 48.07500
10 6 20 18 02 8615.00000 5.96800000 214.61000 40.90000 13.95800 48.07500
10 6 20 18 03 8611.30000 5.96800000 214.70000 40.90000 13.95800 48.16200
10 6 20 18 03 8611.20000 5.96800000 214.70000 40.90000 13.95800 48.07500
10 6 20 18 03 8610.50000 5.96800000 214.56000 40.90000 13.99900 48.07500
10 6 20 18 04 8601.10000 5.96800000 214.38000 40.84000 13.99900 48.16200
10 6 20 18 05 8601.50000 5.96800000 214.38000 40.84000 13.99900 48.07500
10 6 20 18 05 8608.90000 5.96800000 214.38000 40.84000 13.99900 48.07500
10 6 20 18 06 8607.90000 5.96800000 214.38000 40.84000 13.99900 48.07500
10 6 20 18 06 8607.90000 5.96800000 214.38000 40.86000 13.99900 48.07500
10 6 20 18 06 8607.90000 5.96800000 214.38000 40.86000 13.99900 48.20800
10 6 20 18 07 8609.40000 5.96800000 214.54000 40.86000 13.92500 48.20800
10 6 20 18 07 8607.80000 5.96800000 214.54000 40.86000 13.92500 48.20800
10 6 20 18 08 8610.40000 5.96800000 214.52000 40.86000 13.92500 48.20800
10 6 20 18 08 8610.10000 5.96800000 214.52000 40.85000 13.92500 48.20800
10 6 20 18 09 8610.40000 5.96800000 214.52000 40.83000 13.92500 48.20800
10 6 20 18 09 8610.20000 5.96800000 214.52000 40.83000 13.91200 48.20800
10 6 20 18 10 8610.20000 5.96800000 214.54000 40.83000 13.87000 48.10100
10 6 20 18 10 8613.60000 5.96800000 214.52000 40.83000 13.87000 48.10100
10 6 20 18 11 8616.10000 5.96800000 214.51000 40.83000 13.75000 48.10100
10 6 20 18 11 8611.50000 5.96800000 214.51000 40.83000 13.75000 48.10100
10 6 20 18 12 8617.50000 5.96800000 214.50000 40.82000 13.75000 48.10100
10 6 20 18 12 8619.40000 5.96800000 214.51000 40.82000 13.75000 48.10100
10 6 20 18 13 8621.60000 5.96800000 214.51000 40.82000 13.75000 48.10100
10 6 20 18 13 8620.60000 5.96800000 214.55000 40.82000 13.75000 48.10100
10 6 20 18 14 8619.50000 5.96800000 214.52000 40.81000 13.75000 48.10100
10 6 20 18 14 8619.50000 5.96800000 214.52000 40.81000 13.75000 48.10100
10 6 20 18 15 8618.60000 5.96800000 214.55000 40.81000 13.75000 48.10100
10 6 20 18 15 8618.70000 5.96800000 214.54000 40.81000 13.75000 48.10100
10 6 20 18 16 8618.30000 5.96800000 214.51000 40.81000 13.87000 48.20800
10 6 20 18 16 8618.70000 5.96800000 214.51000 40.81000 13.75000 48.10100
10 6 20 18 17 8618.60000 5.96800000 214.51000 40.81000 13.75000 48.20800
10 6 20 18 17 8622.80000 5.96800000 214.54000 40.81000 13.75000 48.10100
10 6 20 18 18 8622.60000 5.96800000 214.54000 40.81000 13.90900 48.10100
10 6 20 18 18 8626.20000 5.96800000 214.59000 40.81000 13.90900 48.10100
10 6 20 18 19 8626.20000 5.95100000 214.59000 40.81000 13.90900 48.10100
10 6 20 18 19 8623.70000 5.95100000 214.60000 40.81000 13.90900 48.10100
10 6 20 18 20 8623.70000 5.95100000 214.60000 40.84000 13.91000 48.10100
10 6 20 18 20 8619.30000 5.95100000 214.51000 40.84000 13.91000 48.05200
10 6 20 18 20 8619.10000 5.95100000 214.52000 40.84000 13.88700 48.05200
10 6 20 18 21 8619.10000 5.95100000 214.51000 40.83000 13.96000 48.05200
10 6 20 18 21 8619.10000 5.95100000 214.50000 40.83000 13.96000 48.05200
10 6 20 18 22 8619.00000 5.95100000 214.50000 40.83000 13.99100 48.05200
10 6 20 18 22 8619.10000 5.95100000 214.45000 40.83000 13.99100 48.05200
10 6 20 18 23 8617.00000 5.95100000 214.45000 40.84000 13.94600 48.05200
10 6 20 18 23 8617.00000 5.95100000 214.45000 40.84000 13.94600 48.05200
10 6 20 18 24 8617.10000 5.95600000 214.50000 40.84000 13.94600 48.05200
10 6 20 18 24 8617.00000 5.95600000 214.46000 40.84000 13.94600 48.05200
10 6 20 18 25 8616.50000 5.95600000 214.52000 40.84000 13.94600 48.05200
10 6 20 18 25 8617.00000 5.95600000 214.46000 40.84000 13.94600 48.05200
10 6 20 18 26 8616.50000 5.94700000 214.55000 40.84000 13.94600 48.05200
10 6 20 18 26 8616.50000 5.95600000 214.55000 40.84000 13.94600 48.05200
10 6 20 18 27 8617.20000 5.95600000 214.59000 40.88000 13.94600 48.05200
10 6 20 18 27 8620.60000 5.95600000 214.69000 40.88000 13.94600 48.05200
10 6 20 18 28 8625.60000 5.95600000 214.69000 40.88000 13.95500 48.20800
10 6 20 18 28 8626.20000 5.95600000 214.69000 40.88000 13.95500 48.05200
10 6 20 18 29 8616.50000 5.95600000 214.69000 40.88000 13.95500 48.05200
10 6 20 18 29 8626.90000 5.95600000 214.69000 40.88000 13.95500 48.05200
10 6 20 18 30 8620.10000 5.95800000 214.63000 40.88000 13.97500 48.05200
10 6 20 18 30 8622.20000 5.95800000 214.58000 40.87000 14.10800 48.05200
10 6 20 18 31 8622.60000 5.95800000 214.60000 40.87000 14.05900 48.05200
10 6 20 18 31 8619.20000 5.95800000 214.55000 40.87000 14.14400 48.05200
10 6 20 18 32 8619.90000 5.95800000 214.56000 40.87000 14.13800 48.20800
10 6 20 18 32 8621.20000 5.95800000 214.61000 40.87000 14.03900 48.05200
10 6 20 18 33 8621.20000 5.95800000 214.56000 40.87000 14.03900 48.05200
10 6 20 18 33 8620.90000 5.95800000 214.55000 40.82000 14.07700 48.19800
10 6 20 18 33 8621.20000 5.95800000 214.55000 40.82000 14.07700 48.19800
10 6 20 18 34 8623.50000 5.95800000 214.55000 40.82000 14.13900 48.10100
10 6 20 18 35 8638.90000 5.95800000 214.83000 40.82000 14.25800 48.24700
10 6 20 18 35 8660.00000 5.97500000 215.19000 40.82000 14.20900 48.24700
10 6 20 18 36 8659.90000 5.97500000 215.49000 40.89000 14.23000 48.24700
10 6 20 18 37 8717.90000 5.99100000 216.95000 41.14000 14.15900 48.24700
10 6 20 18 37 8713.80000 5.98400000 217.75000 41.20000 13.99400 48.37600
