M=[
22 6 21 21 17 27389.10000 31.78000000 1598.98000 101.55000 14.37400 89.32400
22 6 21 21 18 27400.30000 31.58100000 1599.04000 101.61000 14.37400 89.66300
22 6 21 21 18 27405.10000 31.58100000 1599.04000 101.67000 14.37400 89.66300
22 6 21 21 18 27405.00000 31.58100000 1599.04000 101.67000 14.37400 89.66300
22 6 21 21 19 27396.40000 31.66500000 1599.00000 101.67000 14.37400 89.66300
22 6 21 21 19 27355.80000 31.66500000 1596.92000 101.67000 14.37400 89.66300
22 6 21 21 20 27313.20000 31.66500000 1595.72000 101.58000 14.37400 89.57400
22 6 21 21 20 27268.40000 31.66500000 1594.58000 101.58000 14.37400 89.57400
22 6 21 21 21 27264.20000 31.46800000 1595.03000 101.36000 14.37400 89.31000
22 6 21 21 21 27305.70000 31.46800000 1594.37000 101.40000 14.37400 89.31000
22 6 21 21 22 27317.00000 31.46800000 1594.37000 101.40000 14.37400 89.31000
22 6 21 21 22 27325.30000 31.46800000 1594.37000 101.40000 14.37400 89.31000
22 6 21 21 22 27340.70000 31.46800000 1595.58000 101.42000 14.37400 89.31000
22 6 21 21 23 27347.20000 31.54800000 1595.10000 101.44000 14.37400 89.50000
22 6 21 21 23 27313.10000 31.54800000 1595.10000 101.44000 14.37400 89.50000
22 6 21 21 24 27318.60000 31.49100000 1595.21000 101.44000 14.37400 89.66100
22 6 21 21 24 27316.30000 31.55600000 1596.01000 101.50000 14.37400 89.66100
22 6 21 21 25 27311.40000 31.55600000 1596.01000 101.50000 14.37400 89.66100
22 6 21 21 25 27312.60000 31.55600000 1594.91000 101.50000 14.37400 89.66100
22 6 21 21 25 27308.20000 31.55600000 1596.01000 101.50000 14.37400 89.66100
22 6 21 21 26 27308.20000 31.55600000 1593.80000 101.51000 14.37400 89.34500
22 6 21 21 26 27308.10000 31.55600000 1592.95000 101.55000 14.37400 89.34500
22 6 21 21 27 27308.10000 31.46900000 1592.91000 101.55000 14.37400 89.34500
22 6 21 21 27 27345.20000 31.46900000 1593.67000 101.55000 14.37400 89.34500
22 6 21 21 28 27343.20000 31.46900000 1593.78000 101.50000 14.37400 89.34500
22 6 21 21 28 27315.50000 31.46900000 1592.87000 101.50000 14.37400 89.34500
22 6 21 21 28 27315.50000 31.46900000 1592.28000 101.50000 14.37400 89.13900
22 6 21 21 29 27270.20000 31.43400000 1587.83000 101.50000 14.37400 89.13900
22 6 21 21 29 27264.20000 31.35600000 1588.86000 101.50000 14.37400 89.13900
22 6 21 21 30 27264.20000 31.35600000 1587.95000 101.37000 14.37400 89.20800
22 6 21 21 30 27284.60000 31.35600000 1589.75000 101.37000 14.37400 89.20800
22 6 21 21 31 27301.10000 31.35600000 1591.81000 101.38000 14.37400 89.20800
22 6 21 21 31 27318.80000 31.35400000 1590.75000 101.34000 14.37400 89.20800
22 6 21 21 31 27318.60000 31.35400000 1590.62000 101.38000 14.37400 89.20800
22 6 21 21 32 27318.60000 31.35400000 1590.62000 101.34000 14.37400 89.22700
22 6 21 21 32 27318.50000 31.35400000 1590.61000 101.34000 14.37400 89.22700
22 6 21 21 33 27312.10000 31.35400000 1590.30000 101.34000 14.37400 89.22700
22 6 21 21 33 27307.50000 31.35400000 1589.86000 101.32000 14.37400 89.22700
22 6 21 21 34 27291.00000 31.37900000 1588.26000 101.32000 14.37400 89.22700
22 6 21 21 34 27246.60000 31.30300000 1587.40000 101.32000 14.37400 89.22700
22 6 21 21 34 27181.40000 31.30300000 1579.63000 100.76000 14.37400 89.22700
22 6 21 21 35 27210.00000 31.12500000 1581.42000 100.68000 14.37400 88.68000
22 6 21 21 35 27207.20000 31.28100000 1583.23000 100.56000 14.37400 88.68000
22 6 21 21 36 27207.20000 31.28100000 1583.95000 100.50000 14.37400 88.51800
22 6 21 21 36 27148.80000 31.04000000 1579.65000 100.23000 14.37400 88.15300
22 6 21 21 37 27148.70000 30.97100000 1575.65000 99.93000 14.37400 88.12100
22 6 21 21 37 27148.70000 30.97100000 1575.37000 100.16000 14.37400 88.12100
22 6 21 21 37 27127.90000 30.97100000 1573.97000 100.00000 14.29500 88.90800
22 6 21 21 38 27128.70000 30.97100000 1573.35000 100.31000 14.29500 89.69300
22 6 21 21 38 27135.20000 30.97100000 1575.19000 100.31000 14.29500 89.69300
22 6 21 21 39 27139.70000 30.97100000 1574.89000 100.32000 14.29500 89.72800
22 6 21 21 39 27116.30000 30.97100000 1573.19000 99.87000 14.29500 89.72800
22 6 21 21 40 27150.00000 30.97100000 1575.24000 100.30000 14.29500 89.43500
22 6 21 21 40 27138.00000 30.97100000 1575.04000 100.49000 14.29500 89.89200
22 6 21 21 40 27116.30000 30.97100000 1575.04000 100.13000 14.29500 89.89200
22 6 21 21 41 27119.30000 30.97100000 1572.78000 100.13000 14.29500 90.09900
22 6 21 21 41 27125.70000 30.97100000 1572.78000 99.96000 14.29500 90.08300
22 6 21 21 42 27116.30000 30.97100000 1569.39000 100.01000 14.29500 90.40700
22 6 21 21 42 27121.80000 30.97100000 1570.02000 100.14000 14.29500 90.40700
22 6 21 21 43 27118.00000 30.97100000 1569.43000 100.18000 14.29500 90.40700
22 6 21 21 43 27118.00000 30.97100000 1567.05000 99.83000 14.29500 90.40700
22 6 21 21 43 27087.30000 30.84800000 1567.19000 99.82000 14.29500 91.04500
22 6 21 21 44 27064.60000 30.79500000 1567.26000 99.86000 14.29500 91.04500
22 6 21 21 44 27069.70000 30.81100000 1569.04000 99.86000 14.29500 91.04500
22 6 21 21 45 27014.80000 30.81100000 1563.88000 99.90000 14.29500 91.04500
22 6 21 21 45 26967.10000 30.81100000 1562.19000 99.90000 14.29500 91.04500
22 6 21 21 46 26954.10000 30.81100000 1560.22000 99.76000 14.29500 91.04500
22 6 21 21 46 26960.50000 30.67500000 1561.43000 99.72000 14.29500 90.19900
22 6 21 21 46 26961.00000 30.67700000 1561.42000 99.72000 14.29500 90.19900
22 6 21 21 47 26960.90000 30.67700000 1562.29000 99.65000 14.29500 90.19900
22 6 21 21 47 26977.70000 30.67700000 1562.00000 99.61000 14.29500 90.19900
22 6 21 21 48 27004.30000 30.67700000 1560.16000 99.52000 14.29500 90.19900
22 6 21 21 48 27051.30000 30.74300000 1565.02000 99.85000 14.29500 90.19900
22 6 21 21 49 27021.40000 30.74300000 1566.64000 99.89000 14.29500 90.19900
22 6 21 21 49 27021.60000 30.74300000 1568.61000 99.89000 14.29500 90.80300
22 6 21 21 49 27054.50000 30.74300000 1569.05000 99.89000 14.29500 90.80300
22 6 21 21 50 27085.00000 30.74300000 1568.00000 99.89000 14.18700 90.83500
22 6 21 21 50 27069.20000 30.74300000 1569.58000 99.89000 14.18700 90.83500
22 6 21 21 51 27066.60000 30.74300000 1569.00000 100.08000 14.18700 90.83500
22 6 21 21 51 27075.60000 30.74300000 1569.00000 100.08000 14.18700 90.83500
22 6 21 21 52 27100.40000 30.74300000 1571.00000 100.35000 14.18700 91.37800
22 6 21 21 52 27100.10000 30.74300000 1570.60000 100.35000 14.18700 91.81500
22 6 21 21 52 27081.70000 30.89100000 1570.40000 100.35000 14.18700 91.26900
22 6 21 21 53 27068.70000 30.96000000 1569.59000 100.36000 14.18700 91.26900
22 6 21 21 53 27062.40000 30.90000000 1569.00000 100.13000 14.18700 91.19200
22 6 21 21 54 27020.70000 30.81300000 1562.89000 99.76000 14.18700 91.34600
22 6 21 21 54 27023.60000 30.81300000 1561.01000 99.65000 14.18700 90.98400
22 6 21 21 55 26994.80000 30.64200000 1558.56000 99.31000 14.18700 90.98400
22 6 21 21 55 27074.20000 30.64200000 1564.12000 99.65000 14.18700 90.98400
22 6 21 21 55 27105.50000 30.64200000 1564.12000 99.97000 14.18700 90.98400
22 6 21 21 56 27091.50000 30.64200000 1566.66000 99.97000 14.18700 90.70400
22 6 21 21 56 27115.50000 30.64200000 1569.40000 100.21000 14.18700 90.70400
22 6 21 21 57 27132.40000 30.64200000 1569.27000 100.19000 14.18700 90.70400
22 6 21 21 57 27138.70000 30.64200000 1569.65000 100.19000 14.18700 90.70400
22 6 21 21 58 27150.00000 30.64200000 1571.49000 100.19000 14.18700 90.70400
22 6 21 21 58 27133.10000 30.64200000 1569.00000 100.19000 14.18700 91.28000
22 6 21 21 58 27173.80000 30.64200000 1567.85000 100.19000 14.18700 91.28000
22 6 21 21 59 27189.40000 30.64200000 1570.53000 100.19000 14.18700 91.28000
22 6 21 21 59 27200.80000 30.64200000 1570.51000 100.19000 14.18700 91.28000
22 6 21 22 00 27182.40000 30.64200000 1569.90000 100.05000 14.18700 91.15200
22 6 21 22 00 27210.00000 30.64200000 1572.00000 100.05000 14.18700 91.15200
22 6 21 22 01 27258.50000 30.85500000 1575.61000 100.05000 14.18700 91.15200
22 6 21 22 01 27240.40000 30.85500000 1576.81000 100.60000 14.18700 91.15200
22 6 21 22 01 27240.60000 30.85500000 1577.00000 100.60000 14.18700 91.15200
