M=[
 5 12 20 23 40 15772.00000 5.10700000 490.78000 68.13000 16.44800 58.97000
 5 12 20 23 40 15774.90000 5.10700000 490.69000 68.13000 16.43100 58.97000
 5 12 20 23 41 15780.00000 5.10700000 490.79000 68.13000 16.39200 58.97000
 5 12 20 23 41 15771.20000 5.10700000 490.73000 68.13000 16.38300 58.97000
 5 12 20 23 41 15777.00000 5.10700000 490.91000 68.13000 16.01300 58.97000
 5 12 20 23 42 15777.80000 5.10700000 490.91000 68.06000 16.00000 58.97000
 5 12 20 23 42 15776.30000 5.10700000 490.91000 68.06000 16.00000 58.97000
 5 12 20 23 43 15776.30000 5.10700000 491.02000 68.09000 16.13300 58.97000
 5 12 20 23 43 15778.80000 5.10700000 491.02000 68.10000 16.07300 58.97000
 5 12 20 23 44 15779.70000 5.10700000 491.09000 68.10000 16.12600 58.97000
 5 12 20 23 44 15775.80000 5.10700000 491.09000 68.10000 16.00000 58.97000
 5 12 20 23 44 15779.30000 5.10700000 491.07000 68.10000 16.06800 58.97000
 5 12 20 23 45 15781.90000 5.10700000 491.40000 68.14000 16.09800 59.13000
 5 12 20 23 45 15797.10000 5.10700000 491.70000 68.14000 16.13700 59.13000
 5 12 20 23 46 15798.10000 5.10700000 491.65000 68.23000 16.14600 59.13000
 5 12 20 23 46 15800.00000 5.10700000 491.48000 68.23000 16.14600 59.13000
 5 12 20 23 47 15793.00000 5.10700000 491.43000 68.23000 16.14600 59.11000
 5 12 20 23 47 15788.70000 5.10700000 491.43000 68.20000 16.14700 59.11000
 5 12 20 23 47 15800.00000 5.10700000 491.57000 68.30000 16.14700 59.11000
 5 12 20 23 48 15798.20000 5.10700000 491.57000 68.30000 16.26600 59.11000
 5 12 20 23 48 15791.60000 5.10700000 491.57000 68.30000 16.26600 59.11000
 5 12 20 23 49 15791.60000 5.10700000 491.40000 68.26000 16.63700 59.11000
 5 12 20 23 49 15799.10000 5.10700000 491.61000 68.26000 16.54000 59.11000
 5 12 20 23 50 15795.50000 5.10700000 491.39000 68.26000 16.70500 59.11000
 5 12 20 23 50 15791.30000 5.10700000 491.39000 68.31000 16.75000 59.11000
 5 12 20 23 50 15788.10000 5.10700000 491.21000 68.31000 16.72500 59.11000
 5 12 20 23 51 15800.00000 5.10700000 491.52000 68.32000 16.73200 59.11000
 5 12 20 23 51 15798.20000 5.10700000 491.62000 68.39000 16.73300 59.11000
 5 12 20 23 52 15798.20000 5.10700000 491.58000 68.49000 16.86600 59.11000
 5 12 20 23 52 15799.10000 5.10700000 491.58000 68.53000 16.73200 59.11000
 5 12 20 23 53 15799.00000 5.10700000 491.60000 68.50000 16.73200 59.11000
 5 12 20 23 53 15799.90000 5.10700000 491.85000 68.50000 16.37600 59.11000
 5 12 20 23 53 15799.30000 5.10700000 491.84000 68.50000 16.37600 59.11000
 5 12 20 23 54 15800.00000 5.10700000 491.85000 68.60000 16.37600 59.11000
 5 12 20 23 54 15799.10000 5.10700000 491.85000 68.60000 16.28200 59.11000
 5 12 20 23 55 15799.10000 5.10700000 491.85000 68.60000 16.28200 59.20900
 5 12 20 23 55 15799.90000 5.10700000 491.85000 68.60000 16.27800 59.20900
 5 12 20 23 56 15799.90000 5.10700000 491.90000 68.60000 16.27800 59.20900
 5 12 20 23 56 15815.80000 5.10700000 492.48000 68.66000 16.27800 59.20900
 5 12 20 23 56 15818.00000 5.10700000 492.86000 68.68000 16.20400 59.20900
 5 12 20 23 57 15814.60000 5.10700000 492.23000 68.68000 16.00000 59.20900
 5 12 20 23 57 15814.60000 5.10900000 492.23000 68.68000 16.00000 59.20900
 5 12 20 23 58 15811.50000 5.10900000 492.51000 68.61000 16.00000 59.28000
 5 12 20 23 58 15811.50000 5.10900000 492.92000 68.61000 16.21400 59.28000
 5 12 20 23 59 15807.70000 5.10900000 492.92000 68.65000 16.21400 59.28000
 5 12 20 23 59 15807.70000 5.10900000 492.96000 68.65000 16.21400 59.28000
 5 12 20 23 59 15812.00000 5.10900000 492.77000 68.65000 16.21400 59.28000
 6 12 20 00 00 15812.10000 5.10900000 494.00000 68.65000 16.25300 59.28000
 6 12 20 00 00 15812.10000 5.10900000 494.01000 68.70000 16.25300 59.30400
 6 12 20 00 01 15811.90000 5.10900000 494.09000 68.73000 16.25300 59.30400
 6 12 20 00 01 15811.90000 5.10900000 494.55000 68.82000 16.25300 59.30400
 6 12 20 00 02 15812.00000 5.10900000 494.77000 68.91000 16.25300 59.30400
 6 12 20 00 02 15812.00000 5.10900000 494.87000 69.00000 16.25300 59.30400
 6 12 20 00 02 15820.00000 5.10900000 495.74000 69.07000 16.00300 59.30400
 6 12 20 00 03 15882.60000 5.11700000 497.13000 69.25000 16.19700 59.30400
 6 12 20 00 03 15880.00000 5.11700000 497.49000 69.37000 16.19700 59.30400
 6 12 20 00 04 15879.40000 5.11700000 497.17000 69.50000 16.11700 59.30400
 6 12 20 00 04 15886.60000 5.11700000 497.46000 69.51000 16.00000 59.30400
 6 12 20 00 05 15883.70000 5.13200000 497.59000 69.69000 16.09500 59.30400
 6 12 20 00 05 15893.20000 5.13200000 497.76000 69.69000 16.25000 59.30400
 6 12 20 00 05 15889.10000 5.13200000 497.67000 69.89000 16.25000 59.30400
 6 12 20 00 06 15876.90000 5.13200000 497.59000 69.75000 16.25000 59.30400
 6 12 20 00 06 15879.60000 5.13200000 497.87000 69.75000 16.25000 59.30400
 6 12 20 00 07 15881.00000 5.13200000 497.87000 69.78000 16.25000 59.30400
 6 12 20 00 07 15879.80000 5.13200000 498.28000 69.73000 16.25000 59.30400
 6 12 20 00 08 15885.50000 5.13300000 498.58000 69.81000 16.25000 59.30400
 6 12 20 00 08 15885.50000 5.13300000 498.58000 69.77000 16.25000 59.30400
 6 12 20 00 08 15880.10000 5.13300000 497.96000 69.70000 15.86600 59.30400
 6 12 20 00 09 15874.80000 5.13300000 498.00000 69.72000 15.86600 59.30400
 6 12 20 00 09 15874.00000 5.13300000 498.34000 69.72000 15.76000 59.30400
 6 12 20 00 10 15881.90000 5.13300000 498.62000 69.72000 15.91600 59.30400
 6 12 20 00 10 15875.10000 5.13300000 498.62000 69.72000 15.73600 59.30400
 6 12 20 00 11 15873.40000 5.13300000 498.62000 69.72000 15.73600 59.30400
 6 12 20 00 11 15870.00000 5.13300000 498.00000 69.77000 15.91800 59.30400
 6 12 20 00 11 15867.20000 5.13300000 497.88000 69.77000 15.91800 59.30400
 6 12 20 00 12 15859.80000 5.13300000 497.43000 69.77000 15.91800 59.30400
 6 12 20 00 12 15859.80000 5.13300000 497.79000 69.77000 15.91800 59.30400
 6 12 20 00 13 15867.00000 5.13300000 497.79000 69.77000 15.91800 59.30400
 6 12 20 00 13 15867.10000 5.13300000 497.79000 69.77000 15.91800 59.30400
 6 12 20 00 14 15865.60000 5.13300000 497.80000 69.77000 15.91800 59.30400
 6 12 20 00 14 15865.60000 5.13300000 497.80000 69.77000 15.91800 59.30400
 6 12 20 00 14 15868.10000 5.13300000 497.80000 69.70000 15.90800 59.30400
 6 12 20 00 15 15865.50000 5.13300000 498.35000 69.70000 15.89200 59.30400
 6 12 20 00 15 15865.60000 5.13300000 497.94000 69.70000 15.88000 59.30400
 6 12 20 00 16 15865.60000 5.13300000 497.88000 69.69000 15.85200 59.30400
 6 12 20 00 16 15865.50000 5.13300000 497.96000 69.69000 15.81100 59.30400
 6 12 20 00 17 15865.50000 5.13300000 498.22000 69.63000 15.63500 59.30400
 6 12 20 00 17 15865.60000 5.13300000 498.32000 69.63000 15.73500 59.30400
 6 12 20 00 17 15865.60000 5.13300000 498.24000 69.58000 15.73500 59.30400
 6 12 20 00 18 15865.60000 5.13300000 498.32000 69.58000 15.81500 59.30400
 6 12 20 00 18 15865.60000 5.13300000 498.32000 69.58000 15.73700 59.30400
 6 12 20 00 19 15868.10000 5.13300000 498.58000 69.58000 15.73700 59.30400
 6 12 20 00 19 15868.10000 5.13300000 498.39000 69.71000 15.64200 59.30400
 6 12 20 00 20 15840.00000 5.13300000 498.22000 69.59000 15.72500 59.30400
 6 12 20 00 20 15842.80000 5.13300000 498.15000 69.55000 15.72500 59.30400
 6 12 20 00 20 15840.00000 5.13300000 497.81000 69.55000 15.63500 59.40200
 6 12 20 00 21 15840.10000 5.13300000 498.00000 69.34000 15.70300 59.40200
 6 12 20 00 21 15839.80000 5.13300000 497.99000 69.34000 15.75900 59.40200
 6 12 20 00 22 15840.00000 5.13300000 497.88000 69.35000 15.75900 59.40200
 6 12 20 00 22 15839.70000 5.13300000 497.66000 69.35000 15.68800 59.40200
 6 12 20 00 23 15839.70000 5.13300000 497.66000 69.35000 15.68800 59.40200
 6 12 20 00 23 15847.60000 5.13300000 497.66000 69.35000 15.68800 59.40200
 6 12 20 00 23 15839.70000 5.13300000 497.51000 69.35000 15.68800 59.40200
 6 12 20 00 24 15839.60000 5.13300000 497.43000 69.30000 15.91400 59.40200
 6 12 20 00 24 15836.50000 5.13300000 497.43000 69.30000 15.91400 59.40200
 6 12 20 00 25 15836.10000 5.13100000 497.43000 69.28000 15.69100 59.40200
