M=[
27 4 21 02 49 44715.80000 27.59100000 2094.32000 207.29000 31.94200 190.54100
27 4 21 02 49 44748.60000 27.59100000 2094.85000 207.69000 31.94200 190.54100
27 4 21 02 50 44745.90000 27.59100000 2094.86000 207.69000 31.94200 190.54100
27 4 21 02 50 44721.00000 27.59100000 2094.53000 207.69000 31.94200 190.54100
27 4 21 02 51 44721.00000 27.59100000 2094.53000 207.69000 31.94200 190.54100
27 4 21 02 51 44731.50000 27.58800000 2095.62000 207.40000 31.94200 190.54100
27 4 21 02 51 44723.60000 27.58800000 2095.62000 207.40000 31.94200 190.54100
27 4 21 02 52 44687.40000 27.58800000 2094.19000 207.24000 31.94200 190.54100
27 4 21 02 52 44700.70000 27.58800000 2094.27000 207.24000 31.94200 190.54100
27 4 21 02 53 44687.50000 27.48400000 2094.27000 207.24000 31.94200 190.54100
27 4 21 02 53 44687.50000 27.48400000 2092.48000 207.24000 31.94200 190.54100
27 4 21 02 54 44666.00000 27.48400000 2092.48000 207.05000 31.94200 190.54100
27 4 21 02 54 44669.20000 27.41500000 2090.36000 207.05000 31.94200 190.54100
27 4 21 02 54 44676.00000 27.41500000 2090.88000 207.05000 31.94200 190.54100
27 4 21 02 55 44705.20000 27.41500000 2091.72000 207.05000 31.94200 190.54100
27 4 21 02 55 44694.00000 27.41500000 2091.72000 207.05000 31.94200 190.54100
27 4 21 02 56 44692.10000 27.41500000 2091.56000 207.05000 31.94200 190.54100
27 4 21 02 56 44710.80000 27.60200000 2091.56000 207.05000 31.94200 190.92900
27 4 21 02 57 44682.70000 27.60200000 2091.56000 207.05000 31.94200 190.92900
27 4 21 02 57 44689.10000 27.60200000 2090.58000 207.05000 31.94200 190.92900
27 4 21 02 57 44666.70000 27.60200000 2089.46000 207.05000 31.94200 190.92900
27 4 21 02 58 44656.10000 27.60200000 2089.46000 207.05000 31.94200 190.92900
27 4 21 02 58 44667.90000 27.60200000 2089.45000 207.05000 31.94200 190.92900
27 4 21 02 59 44673.70000 27.60200000 2089.45000 207.19000 31.94200 190.92900
27 4 21 02 59 44689.40000 27.60200000 2089.45000 207.33000 31.94200 190.92900
27 4 21 03 00 44680.60000 27.60200000 2089.45000 207.34000 31.94200 190.92900
27 4 21 03 00 44647.20000 27.60200000 2089.45000 207.34000 31.94200 190.24600
27 4 21 03 00 44652.80000 27.60200000 2089.45000 207.34000 31.94200 190.24600
27 4 21 03 01 44651.70000 27.60200000 2089.45000 207.34000 31.94200 190.24600
27 4 21 03 01 44646.90000 27.60200000 2089.24000 207.19000 31.94200 190.24600
27 4 21 03 02 44647.90000 27.60200000 2089.24000 207.19000 31.94200 190.24600
27 4 21 03 02 44666.90000 27.60200000 2089.24000 207.19000 31.94200 190.24600
27 4 21 03 03 44665.70000 27.60200000 2088.61000 207.24000 31.67900 190.24600
27 4 21 03 03 44667.60000 27.60200000 2088.94000 207.71000 31.67900 190.24600
27 4 21 03 03 44659.00000 27.60200000 2088.94000 207.71000 31.67900 190.24600
27 4 21 03 04 44634.30000 27.60200000 2086.51000 207.71000 31.67400 190.24600
27 4 21 03 04 44602.50000 27.60200000 2083.53000 206.97000 31.67400 190.24600
27 4 21 03 05 44579.70000 27.60200000 2083.53000 207.03000 31.67400 190.24600
27 4 21 03 05 44610.20000 27.60200000 2084.10000 207.03000 31.67400 190.24600
27 4 21 03 06 44611.30000 27.60200000 2086.18000 207.12000 31.67400 189.82500
27 4 21 03 06 44595.80000 27.60200000 2084.77000 207.10000 31.67400 189.82500
27 4 21 03 06 44598.00000 27.60200000 2084.41000 207.10000 31.67400 189.82500
27 4 21 03 07 44594.20000 27.60200000 2083.57000 207.10000 31.67300 189.82500
27 4 21 03 07 44593.00000 27.60200000 2083.57000 207.00000 31.67300 189.82500
27 4 21 03 08 44593.00000 27.60200000 2083.02000 206.97000 31.67300 189.82500
27 4 21 03 08 44579.80000 27.60200000 2081.32000 206.33000 31.67300 189.82500
27 4 21 03 09 44579.70000 27.34800000 2081.32000 206.24000 31.67300 189.82500
27 4 21 03 09 44569.40000 27.34800000 2083.12000 206.41000 31.67300 189.08900
27 4 21 03 09 44561.20000 27.30500000 2081.31000 206.41000 31.67300 189.08900
27 4 21 03 10 44561.90000 27.30500000 2081.78000 206.03000 31.67300 189.08900
27 4 21 03 10 44578.90000 27.30500000 2080.54000 206.13000 31.67300 189.08900
27 4 21 03 11 44566.60000 27.30500000 2079.55000 206.13000 31.66100 189.08900
27 4 21 03 11 44578.70000 27.30500000 2077.69000 206.13000 31.66100 189.08900
27 4 21 03 12 44580.10000 27.30500000 2077.57000 206.13000 31.66100 189.08900
27 4 21 03 12 44576.00000 27.30500000 2078.57000 206.26000 31.66100 189.08900
27 4 21 03 12 44581.90000 27.30500000 2078.39000 206.26000 31.66100 189.08900
27 4 21 03 13 44576.50000 27.30500000 2077.67000 206.26000 31.66100 189.08900
27 4 21 03 13 44565.60000 27.30500000 2077.56000 206.26000 31.66100 189.08900
27 4 21 03 14 44552.80000 27.30500000 2076.64000 206.26000 31.66100 189.08900
27 4 21 03 14 44574.30000 27.30500000 2078.77000 206.26000 31.66100 189.08900
27 4 21 03 15 44583.00000 27.30500000 2077.90000 206.26000 31.66100 189.08900
27 4 21 03 15 44572.10000 27.30500000 2077.99000 206.14000 31.66100 189.08900
27 4 21 03 15 44558.60000 27.30500000 2078.63000 206.14000 31.66100 189.08900
27 4 21 03 16 44580.80000 27.30500000 2082.28000 206.14000 31.66100 189.08900
27 4 21 03 16 44568.00000 27.30500000 2082.33000 206.14000 31.66100 189.08900
27 4 21 03 17 44582.80000 27.30500000 2082.33000 206.14000 31.66100 189.08900
27 4 21 03 17 44571.00000 27.30500000 2082.33000 206.14000 31.66100 189.08900
27 4 21 03 18 44581.60000 27.30500000 2082.33000 206.14000 31.66100 189.08900
27 4 21 03 18 44501.50000 27.30500000 2077.02000 206.14000 31.66100 189.08900
27 4 21 03 18 44533.90000 27.30500000 2077.61000 206.22000 31.66100 188.95300
27 4 21 03 19 44519.70000 27.30500000 2077.61000 206.22000 31.66100 188.68300
27 4 21 03 19 44503.10000 27.30500000 2077.71000 206.22000 31.66100 188.68300
27 4 21 03 20 44520.80000 27.36100000 2077.37000 206.22000 31.66100 188.68300
27 4 21 03 20 44529.30000 27.36100000 2078.22000 206.22000 31.66100 188.90500
27 4 21 03 21 44528.10000 27.36100000 2079.19000 206.20000 31.66100 188.90500
27 4 21 03 21 44501.20000 27.36100000 2077.06000 206.20000 31.66100 188.90500
27 4 21 03 21 44500.00000 27.36100000 2076.95000 205.78000 31.66100 188.90500
27 4 21 03 22 44436.40000 27.36100000 2067.50000 205.51000 31.66100 188.47100
27 4 21 03 22 44400.00000 27.16300000 2064.75000 205.32000 31.66100 187.76600
27 4 21 03 23 44425.30000 27.16300000 2066.54000 205.34000 31.66100 187.76600
27 4 21 03 23 44361.10000 27.16300000 2061.31000 204.77000 31.66100 187.97000
27 4 21 03 24 44284.50000 27.08500000 2060.71000 204.56000 31.66100 187.97000
27 4 21 03 24 44329.20000 27.06800000 2063.71000 204.48000 31.66100 187.97000
27 4 21 03 24 44335.10000 27.06800000 2063.70000 204.48000 31.66100 187.97000
27 4 21 03 25 44345.90000 27.06800000 2064.00000 204.78000 31.66100 187.97000
27 4 21 03 25 44360.90000 27.13400000 2065.00000 204.87000 31.66100 187.97000
27 4 21 03 26 44363.10000 27.13400000 2065.75000 204.77000 31.66100 187.97000
27 4 21 03 26 44375.90000 27.10000000 2065.99000 204.82000 31.66100 187.97000
27 4 21 03 27 44377.80000 27.10000000 2067.95000 204.82000 31.66100 187.97000
27 4 21 03 27 44360.40000 27.11600000 2064.99000 204.82000 31.66100 187.97000
27 4 21 03 27 44363.00000 27.11600000 2066.36000 204.82000 31.66100 187.97000
27 4 21 03 28 44408.80000 27.11600000 2068.99000 204.82000 31.66100 187.97000
27 4 21 03 28 44371.40000 27.11600000 2068.99000 204.82000 31.66100 187.97000
27 4 21 03 29 44414.70000 27.11600000 2069.63000 204.82000 31.66100 187.97000
27 4 21 03 29 44417.00000 27.11600000 2070.17000 204.82000 31.66100 187.97000
27 4 21 03 30 44417.10000 27.11600000 2070.17000 204.82000 31.66100 187.97000
27 4 21 03 30 44417.00000 27.11600000 2069.21000 205.30000 31.66100 187.97000
27 4 21 03 30 44417.10000 27.11600000 2068.02000 204.92000 31.66100 187.97000
27 4 21 03 31 44450.20000 27.11600000 2068.02000 205.50000 31.66100 187.97000
27 4 21 03 31 44464.90000 27.11600000 2072.95000 205.61000 31.66100 187.97000
27 4 21 03 32 44495.50000 27.13400000 2072.99000 205.61000 31.66100 187.97000
27 4 21 03 32 44473.00000 27.13400000 2072.99000 205.61000 31.66100 187.97000
