M=[
25 5 21 17 11 31003.60000 63.93400000 2112.05000 142.14000 26.10600 117.63600
25 5 21 17 12 31030.80000 64.15000000 2113.18000 142.43000 26.10600 117.63600
25 5 21 17 12 31034.00000 64.15000000 2111.39000 142.00000 26.10600 117.63600
25 5 21 17 13 31062.50000 64.08800000 2111.51000 141.92000 25.77700 117.63600
25 5 21 17 13 31057.30000 64.00000000 2115.69000 142.14000 25.77700 117.63600
25 5 21 17 13 31084.80000 63.93400000 2115.94000 142.15000 25.77700 117.63600
25 5 21 17 14 31041.90000 63.93400000 2112.01000 141.93000 25.77700 117.63600
25 5 21 17 14 31024.80000 63.93400000 2113.85000 141.74000 25.77700 117.63600
25 5 21 17 15 31079.60000 63.95900000 2117.53000 141.74000 25.77700 117.63600
25 5 21 17 15 31027.80000 63.67000000 2111.85000 141.88000 25.77700 117.63600
25 5 21 17 16 31022.70000 63.63600000 2110.64000 141.62000 25.77700 117.63600
25 5 21 17 16 30988.60000 63.54700000 2106.00000 141.46000 25.77700 116.69000
25 5 21 17 16 30969.60000 63.54700000 2105.87000 141.38000 25.77700 116.16100
25 5 21 17 17 30962.20000 63.54700000 2105.54000 141.36000 25.77700 116.16100
25 5 21 17 17 30940.00000 63.43400000 2102.88000 141.36000 25.77700 116.16100
25 5 21 17 18 30958.30000 63.24000000 2105.40000 141.21000 25.77700 116.16100
25 5 21 17 18 30992.00000 63.24000000 2102.29000 141.51000 25.77700 116.16100
25 5 21 17 19 30998.50000 63.42800000 2106.93000 141.43000 25.77700 116.16100
25 5 21 17 19 30983.70000 63.23400000 2103.50000 141.26000 25.77700 115.84500
25 5 21 17 19 30978.40000 63.23400000 2103.63000 141.17000 25.77700 115.84500
25 5 21 17 20 30978.30000 63.21400000 2104.06000 141.43000 25.77700 115.84500
25 5 21 17 20 30980.10000 63.44100000 2103.34000 141.43000 25.77700 115.84500
25 5 21 17 21 30969.60000 63.33800000 2102.65000 141.20000 25.77700 115.84500
25 5 21 17 21 30946.40000 63.12300000 2101.21000 141.10000 25.77700 115.84500
25 5 21 17 22 30924.30000 63.09400000 2099.26000 141.01000 25.77700 115.84500
25 5 21 17 22 30940.70000 62.99400000 2099.36000 141.17000 25.77700 115.84500
25 5 21 17 22 30884.00000 62.99400000 2094.39000 140.87000 25.77700 115.33200
25 5 21 17 23 30832.40000 62.83400000 2088.29000 140.56000 25.77700 115.33200
25 5 21 17 23 30828.90000 62.61700000 2088.02000 140.50000 25.77700 115.33200
25 5 21 17 24 30829.00000 62.77500000 2088.99000 140.51000 25.77700 115.38700
25 5 21 17 24 30832.20000 62.37600000 2085.01000 140.61000 25.77700 115.38700
25 5 21 17 25 30800.00000 62.37600000 2080.00000 140.04000 25.77700 115.38700
25 5 21 17 25 30850.20000 62.24900000 2085.97000 140.53000 25.77700 114.70500
25 5 21 17 25 30854.90000 62.24900000 2088.90000 140.78000 25.77700 114.70500
25 5 21 17 26 30843.20000 62.63800000 2084.39000 140.68000 25.77700 114.70500
25 5 21 17 26 30844.50000 62.41800000 2086.07000 140.47000 25.77700 114.70500
25 5 21 17 27 30903.70000 62.70700000 2090.05000 140.94000 25.77700 115.45600
25 5 21 17 27 30859.70000 62.40900000 2084.55000 140.66000 25.77700 115.45600
25 5 21 17 28 30854.80000 62.40900000 2083.99000 140.66000 25.77700 115.45600
25 5 21 17 28 30873.70000 62.35200000 2085.18000 140.75000 25.77700 115.04600
25 5 21 17 28 30874.90000 62.35200000 2086.41000 140.90000 25.77700 115.04600
25 5 21 17 29 30906.40000 62.54000000 2086.49000 140.90000 25.77700 115.04600
25 5 21 17 29 30904.90000 62.73800000 2087.09000 140.88000 25.77700 115.04600
25 5 21 17 30 30904.90000 62.50400000 2087.36000 140.81000 25.77700 115.04600
25 5 21 17 30 30869.80000 62.31000000 2083.20000 140.43000 25.77700 115.04600
25 5 21 17 31 30829.40000 62.24700000 2080.79000 140.37000 25.77700 115.04600
25 5 21 17 31 30814.40000 62.36800000 2078.40000 140.37000 25.77700 115.04600
25 5 21 17 31 30739.50000 62.27500000 2067.56000 140.10000 25.77700 115.04600
25 5 21 17 32 30749.30000 61.92300000 2070.23000 139.85000 25.77700 115.04600
25 5 21 17 32 30862.40000 62.04400000 2083.17000 140.48000 25.46100 115.00000
25 5 21 17 33 30803.50000 62.04400000 2076.34000 140.02000 25.46100 114.71200
25 5 21 17 33 30781.10000 61.81800000 2075.20000 139.88000 25.46100 114.71200
25 5 21 17 34 30789.20000 62.12800000 2078.79000 140.12000 25.46100 114.71200
25 5 21 17 34 30838.10000 62.12800000 2081.38000 140.28000 25.46100 114.71200
25 5 21 17 34 30785.20000 62.12800000 2073.44000 139.88000 25.46100 114.71200
25 5 21 17 35 30818.80000 62.07400000 2078.73000 140.05000 25.46100 114.71200
25 5 21 17 35 30840.50000 62.07400000 2078.45000 140.31000 25.46100 114.71200
25 5 21 17 36 30824.70000 62.13500000 2078.22000 140.26000 25.46100 114.65100
25 5 21 17 36 30851.10000 62.31400000 2080.14000 140.26000 25.46100 114.65100
25 5 21 17 37 30828.30000 62.44100000 2081.07000 140.42000 25.46100 114.65100
25 5 21 17 37 30830.60000 62.44100000 2082.86000 140.42000 25.46100 114.65100
25 5 21 17 37 30834.10000 62.44100000 2082.98000 140.42000 25.46100 114.65100
25 5 21 17 38 30856.10000 62.63800000 2092.22000 140.62000 25.46100 115.38900
25 5 21 17 38 30870.50000 62.81700000 2089.81000 140.85000 25.46100 115.38900
25 5 21 17 39 30895.80000 62.81700000 2092.49000 140.93000 25.46100 115.38900
25 5 21 17 39 30900.90000 62.81700000 2093.67000 140.93000 25.46100 115.38900
25 5 21 17 40 30904.90000 62.77800000 2094.14000 140.93000 25.46100 115.38900
25 5 21 17 40 30887.00000 62.77800000 2095.65000 141.19000 25.46100 115.38900
25 5 21 17 40 30879.10000 62.77800000 2094.91000 141.15000 25.46100 115.38900
25 5 21 17 41 30863.90000 62.59300000 2088.80000 140.63000 25.46100 115.27400
25 5 21 17 41 30861.30000 62.59300000 2087.18000 140.65000 25.46100 115.27400
25 5 21 17 42 30891.40000 62.59300000 2093.49000 140.97000 25.46100 115.27400
25 5 21 17 42 30912.60000 62.59300000 2093.51000 140.97000 25.46100 115.27400
25 5 21 17 43 30915.80000 62.65500000 2093.82000 141.10000 25.46100 115.27400
25 5 21 17 43 30942.90000 62.66000000 2096.80000 141.46000 25.39600 116.14400
25 5 21 17 43 30963.60000 62.66000000 2102.00000 141.81000 25.39600 116.13200
25 5 21 17 44 30969.70000 63.00600000 2107.44000 141.81000 25.39600 116.13200
25 5 21 17 44 30982.10000 63.04900000 2104.64000 142.00000 25.39600 116.62500
25 5 21 17 45 30990.00000 63.13500000 2104.99000 142.07000 25.39600 116.62500
25 5 21 17 45 30990.00000 63.13500000 2106.89000 141.99000 25.39600 116.62500
25 5 21 17 46 30980.00000 63.13500000 2101.57000 141.72000 25.39600 116.62500
25 5 21 17 46 30947.80000 62.76400000 2100.56000 141.72000 25.39600 116.62500
25 5 21 17 46 30999.90000 62.86500000 2106.09000 142.16000 25.39600 116.62500
25 5 21 17 47 31011.90000 62.99800000 2107.99000 142.19000 25.39600 116.62500
25 5 21 17 47 31048.00000 62.99800000 2112.83000 142.14000 25.39600 116.62500
25 5 21 17 48 31052.10000 63.15100000 2114.29000 142.40000 25.39600 116.62500
25 5 21 17 48 31029.50000 63.15100000 2112.80000 142.32000 25.39600 116.62500
25 5 21 17 49 31050.70000 63.13900000 2113.56000 142.44000 25.39600 117.30600
25 5 21 17 49 31044.70000 63.13900000 2114.03000 142.34000 25.39600 117.30600
25 5 21 17 49 31043.30000 63.13900000 2113.66000 142.34000 25.39600 117.30600
25 5 21 17 50 31057.20000 63.13900000 2110.69000 142.41000 25.39600 117.66100
25 5 21 17 50 31029.70000 63.13900000 2108.30000 142.12000 25.39600 117.48100
25 5 21 17 51 31029.60000 63.13900000 2112.99000 142.12000 25.39600 117.48100
25 5 21 17 51 31027.70000 62.64700000 2112.02000 142.21000 25.39600 117.48100
25 5 21 17 52 31036.70000 62.64700000 2115.51000 142.30000 25.39600 117.48100
25 5 21 17 52 31028.10000 62.64700000 2116.00000 142.30000 25.39600 117.48100
25 5 21 17 52 31048.80000 62.64700000 2116.21000 142.67000 25.39600 117.48100
25 5 21 17 53 31042.50000 63.15900000 2117.84000 142.85000 25.47400 117.67400
25 5 21 17 53 31050.50000 63.15900000 2116.01000 142.89000 25.47400 117.67400
25 5 21 17 54 31050.40000 62.90100000 2115.71000 142.89000 25.47400 117.67400
25 5 21 17 54 31050.00000 62.90100000 2116.23000 143.00000 25.47400 117.67400
25 5 21 17 55 31069.30000 62.90100000 2116.10000 143.00000 25.46300 117.67400
