M=[
12 7 20 10 54 8210.00000 5.74200000 212.93000 39.80000 17.50800 50.73900
12 7 20 10 54 8210.00000 5.74200000 212.93000 39.80000 17.50800 50.73900
12 7 20 10 54 8210.10000 5.74200000 212.93000 39.80000 17.50800 50.73900
12 7 20 10 55 8210.10000 5.74200000 212.92000 39.80000 17.50800 50.73900
12 7 20 10 55 8210.10000 5.74200000 212.92000 39.80000 17.50800 50.73900
12 7 20 10 56 8210.00000 5.74200000 212.92000 39.80000 17.50800 50.73900
12 7 20 10 56 8210.10000 5.74200000 212.93000 39.80000 17.50800 50.73900
12 7 20 10 57 8210.00000 5.74200000 212.93000 39.80000 17.50800 50.73900
12 7 20 10 57 8210.10000 5.74200000 212.92000 39.80000 17.50800 50.73900
12 7 20 10 58 8210.10000 5.74200000 212.93000 39.80000 17.50800 50.73900
12 7 20 10 58 8210.10000 5.74200000 212.93000 39.80000 17.50800 50.73900
12 7 20 10 58 8210.10000 5.74200000 212.93000 39.80000 17.50800 50.73900
12 7 20 10 59 8210.00000 5.74200000 212.88000 39.80000 17.50800 50.73900
12 7 20 10 59 8210.10000 5.74200000 212.89000 39.80000 17.50800 50.73900
12 7 20 11 00 8210.00000 5.74200000 212.85000 39.80000 17.50800 50.73900
12 7 20 11 00 8210.10000 5.74200000 212.85000 39.80000 17.50800 50.73900
12 7 20 11 01 8210.00000 5.74200000 212.86000 39.80000 17.50800 50.39300
12 7 20 11 01 8210.00000 5.74200000 212.90000 39.80000 17.50800 50.73900
12 7 20 11 02 8210.10000 5.74200000 212.79000 39.80000 17.50800 50.73900
12 7 20 11 02 8210.00000 5.74200000 212.79000 39.80000 17.50800 50.73900
12 7 20 11 03 8210.00000 5.74200000 212.79000 39.80000 17.50800 50.73900
12 7 20 11 03 8210.10000 5.74200000 212.93000 39.80000 17.50800 50.73900
12 7 20 11 03 8210.10000 5.74200000 212.93000 39.80000 17.50800 50.73900
12 7 20 11 04 8210.10000 5.74200000 212.93000 39.80000 17.50800 50.73900
12 7 20 11 04 8210.10000 5.74200000 212.93000 39.80000 17.50800 50.73900
12 7 20 11 05 8210.00000 5.74200000 212.95000 39.80000 17.50800 50.73900
12 7 20 11 05 8210.10000 5.74200000 212.95000 39.80000 17.50800 50.73900
12 7 20 11 06 8210.00000 5.74200000 212.95000 39.80000 17.50800 50.73900
12 7 20 11 06 8210.10000 5.74200000 212.92000 39.80000 17.50800 50.73900
12 7 20 11 06 8210.10000 5.74200000 212.92000 39.80000 17.50800 50.73900
12 7 20 11 07 8210.10000 5.72600000 212.86000 39.80000 17.50800 50.73900
12 7 20 11 07 8210.00000 5.72600000 212.77000 39.80000 17.50800 50.73900
12 7 20 11 08 8210.10000 5.72600000 212.77000 39.80000 17.50800 50.73900
12 7 20 11 08 8210.10000 5.72600000 212.77000 39.80000 17.50800 50.73900
12 7 20 11 09 8210.00000 5.72600000 212.77000 39.80000 17.50800 50.73900
12 7 20 11 09 8210.10000 5.72600000 212.85000 39.80000 17.50800 50.73900
12 7 20 11 10 8210.10000 5.72600000 212.82000 39.80000 17.50800 50.73900
12 7 20 11 10 8210.00000 5.72600000 212.82000 39.80000 17.50800 50.73900
12 7 20 11 11 8210.00000 5.72600000 212.82000 39.80000 17.50800 50.73900
12 7 20 11 11 8210.00000 5.72600000 212.76000 39.80000 17.50800 50.73900
12 7 20 11 11 8210.00000 5.72600000 212.76000 39.80000 17.50800 50.73900
12 7 20 11 12 8210.10000 5.72600000 212.80000 39.80000 17.50800 50.73900
12 7 20 11 12 8210.10000 5.72600000 212.76000 39.80000 17.50800 50.73900
12 7 20 11 13 8208.10000 5.72600000 212.76000 39.79000 17.50800 50.73900
12 7 20 11 13 8208.00000 5.72600000 212.76000 39.74000 17.50800 50.73900
12 7 20 11 14 8208.00000 5.72600000 212.64000 39.74000 17.50800 50.73900
12 7 20 11 14 8208.10000 5.72600000 212.64000 39.74000 17.50800 50.73900
12 7 20 11 15 8206.30000 5.72600000 212.72000 39.74000 17.50800 50.73900
12 7 20 11 15 8206.00000 5.72600000 212.43000 39.74000 17.50800 50.73900
12 7 20 11 16 8206.00000 5.72600000 212.43000 39.74000 17.50800 50.73900
12 7 20 11 16 8206.00000 5.72600000 212.54000 39.74000 17.50800 50.73900
12 7 20 11 16 8206.00000 5.72600000 212.54000 39.73000 17.50800 50.73900
12 7 20 11 17 8205.90000 5.72600000 212.55000 39.73000 17.50800 50.73900
12 7 20 11 17 8206.00000 5.72600000 212.55000 39.73000 17.50800 50.57000
12 7 20 11 18 8205.80000 5.72600000 212.49000 39.73000 17.50800 50.57000
12 7 20 11 18 8205.80000 5.72600000 212.54000 39.73000 17.50800 50.45000
12 7 20 11 19 8205.80000 5.72600000 212.60000 39.73000 17.50800 50.45000
12 7 20 11 19 8205.70000 5.72600000 212.60000 39.73000 17.50800 50.45000
12 7 20 11 20 8205.80000 5.72600000 212.58000 39.73000 17.50800 50.45000
12 7 20 11 20 8205.70000 5.72600000 212.51000 39.73000 17.50800 50.45000
12 7 20 11 21 8200.00000 5.72600000 212.60000 39.73000 17.50800 50.45000
12 7 20 11 21 8200.40000 5.72600000 212.57000 39.73000 17.50800 50.45000
12 7 20 11 22 8200.10000 5.72600000 212.57000 39.72000 17.50800 50.45000
12 7 20 11 22 8200.20000 5.72600000 212.57000 39.72000 17.50800 50.45000
12 7 20 11 23 8200.20000 5.72600000 212.57000 39.72000 17.50800 50.39500
12 7 20 11 23 8201.10000 5.72600000 212.60000 39.72000 17.50800 50.39500
12 7 20 11 23 8202.50000 5.72600000 212.60000 39.72000 17.50800 50.39500
12 7 20 11 24 8202.60000 5.72600000 212.75000 39.72000 17.50800 50.39500
12 7 20 11 24 8202.60000 5.72600000 212.75000 39.72000 17.50800 50.39500
12 7 20 11 25 8202.80000 5.72600000 212.61000 39.72000 17.50800 50.39500
12 7 20 11 25 8202.90000 5.72600000 212.60000 39.72000 17.50800 50.39500
12 7 20 11 26 8204.00000 5.72600000 212.68000 39.72000 17.50800 50.39500
12 7 20 11 26 8204.00000 5.72600000 212.68000 39.72000 17.50800 50.39500
12 7 20 11 27 8204.10000 5.72200000 212.65000 39.72000 17.50800 50.39500
12 7 20 11 27 8203.30000 5.72200000 212.65000 39.72000 17.50800 50.39500
12 7 20 11 28 8202.60000 5.72200000 212.65000 39.72000 17.50800 50.39500
12 7 20 11 28 8203.30000 5.72200000 212.70000 39.72000 17.50800 50.39500
12 7 20 11 28 8202.70000 5.72200000 212.66000 39.72000 17.50800 50.39500
12 7 20 11 29 8202.60000 5.72200000 212.68000 39.72000 17.50800 50.39500
12 7 20 11 29 8202.60000 5.72200000 212.68000 39.72000 17.50800 50.39500
12 7 20 11 30 8202.70000 5.72200000 212.66000 39.72000 17.50800 50.39500
12 7 20 11 30 8202.50000 5.72200000 212.66000 39.72000 17.50800 50.39500
12 7 20 11 31 8202.10000 5.72200000 212.66000 39.72000 17.50800 50.39500
12 7 20 11 31 8201.80000 5.72200000 212.66000 39.72000 17.50800 50.39500
12 7 20 11 32 8201.80000 5.72200000 212.66000 39.72000 17.50800 50.39500
12 7 20 11 32 8201.90000 5.72200000 212.66000 39.74000 17.50800 50.39500
12 7 20 11 32 8201.90000 5.72200000 212.66000 39.74000 17.50800 50.39500
12 7 20 11 33 8200.60000 5.72200000 212.66000 39.74000 17.50800 50.39500
12 7 20 11 33 8200.00000 5.72200000 212.66000 39.74000 17.50800 50.39500
12 7 20 11 34 8200.10000 5.72200000 212.66000 39.74000 17.50800 50.39500
12 7 20 11 34 8200.20000 5.72200000 212.65000 39.74000 17.50800 50.39500
12 7 20 11 35 8200.20000 5.72200000 212.65000 39.74000 17.50800 50.39500
12 7 20 11 35 8198.60000 5.72200000 212.65000 39.74000 17.50800 50.39500
12 7 20 11 36 8198.70000 5.72200000 212.65000 39.74000 17.50800 50.39500
12 7 20 11 36 8198.60000 5.72200000 212.66000 39.74000 17.50800 50.39500
12 7 20 11 36 8200.20000 5.72200000 212.66000 39.74000 17.50800 50.39500
12 7 20 11 37 8200.10000 5.72200000 212.66000 39.74000 17.50800 50.39500
12 7 20 11 37 8199.00000 5.72200000 212.65000 39.74000 17.50800 50.39500
12 7 20 11 38 8199.00000 5.72200000 212.66000 39.74000 17.50800 50.39500
12 7 20 11 38 8199.00000 5.72100000 212.66000 39.74000 17.50800 50.39500
12 7 20 11 39 8197.00000 5.72100000 212.66000 39.74000 17.50800 50.39500
12 7 20 11 39 8198.60000 5.72100000 212.66000 39.74000 17.50800 50.39500
12 7 20 11 40 8198.60000 5.72100000 212.46000 39.74000 17.50800 50.39500
12 7 20 11 40 8197.60000 5.72100000 212.49000 39.74000 17.50800 50.39500
12 7 20 11 40 8198.00000 5.72100000 212.46000 39.74000 17.50800 50.39500
12 7 20 11 41 8198.10000 5.72100000 212.46000 39.74000 17.50800 50.39500
12 7 20 11 41 8198.10000 5.72100000 212.45000 39.74000 17.50800 50.39500
12 7 20 11 42 8198.10000 5.72100000 212.44000 39.66000 17.50800 50.39500
12 7 20 11 42 8198.10000 5.72100000 212.44000 39.66000 17.50800 50.39500
