M=[
12 12 20 05 59 15154.60000 4.94200000 460.68000 61.84000 14.04600 54.09400
12 12 20 06 00 15143.00000 4.94200000 460.57000 61.84000 14.04600 54.09400
12 12 20 06 00 15146.80000 4.94200000 460.74000 61.84000 14.04600 54.09400
12 12 20 06 01 15149.00000 4.94200000 460.74000 61.84000 14.04600 54.09400
12 12 20 06 01 15149.30000 4.94200000 460.74000 61.84000 14.04600 54.09400
12 12 20 06 02 15149.30000 4.94200000 461.07000 61.84000 14.04600 54.09400
12 12 20 06 02 15147.30000 4.94200000 460.67000 61.84000 14.04600 54.09400
12 12 20 06 02 15147.40000 4.94200000 460.42000 61.84000 14.04600 54.09400
12 12 20 06 03 15147.70000 4.94200000 460.45000 61.84000 14.04600 54.17300
12 12 20 06 03 15150.00000 4.94200000 460.48000 61.84000 14.04600 54.17300
12 12 20 06 04 15147.90000 4.94200000 460.48000 61.84000 14.04600 54.17300
12 12 20 06 04 15154.90000 4.94200000 460.48000 61.84000 14.04600 54.17300
12 12 20 06 05 15154.90000 4.94200000 460.48000 61.84000 14.04600 54.17300
12 12 20 06 05 15154.90000 4.94200000 460.48000 61.84000 14.04600 54.17300
12 12 20 06 05 15156.00000 4.94200000 460.48000 61.84000 14.04600 54.17300
12 12 20 06 06 15155.90000 4.94200000 460.48000 61.84000 14.04600 54.17300
12 12 20 06 06 15155.90000 4.94200000 460.89000 61.84000 14.04600 54.17300
12 12 20 06 07 15155.90000 4.94200000 461.05000 61.88000 14.04600 54.17300
12 12 20 06 07 15152.00000 4.94200000 461.05000 61.88000 14.04600 54.17300
12 12 20 06 08 15152.30000 4.94200000 461.13000 61.88000 14.04600 54.17300
12 12 20 06 08 15154.00000 4.94200000 461.13000 61.88000 14.04600 54.17300
12 12 20 06 08 15154.00000 4.94200000 461.13000 61.88000 14.04600 54.17300
12 12 20 06 09 15152.80000 4.94200000 461.13000 61.96000 14.04600 54.17300
12 12 20 06 09 15151.20000 4.94200000 461.33000 61.96000 14.04600 54.17300
12 12 20 06 10 15151.20000 4.94200000 461.33000 61.93000 14.04600 54.17300
12 12 20 06 10 15151.30000 4.94200000 461.33000 61.93000 14.04600 54.17300
12 12 20 06 11 15154.70000 4.94200000 461.19000 62.00000 14.04600 54.17300
12 12 20 06 11 15155.70000 4.94200000 461.06000 61.93000 14.04600 54.17300
12 12 20 06 11 15151.50000 4.94200000 461.06000 61.94000 14.04600 54.17300
12 12 20 06 12 15151.50000 4.94200000 461.20000 61.94000 14.04600 54.17300
12 12 20 06 12 15151.50000 4.94200000 461.20000 61.95000 14.04600 54.17300
12 12 20 06 13 15156.70000 4.94200000 461.20000 61.95000 14.04600 54.17300
12 12 20 06 13 15163.30000 4.94200000 461.20000 61.95000 14.04600 54.17300
12 12 20 06 14 15156.10000 4.94200000 461.47000 61.97000 14.04600 54.17300
12 12 20 06 14 15158.50000 4.95400000 461.47000 61.97000 14.04600 54.17300
12 12 20 06 14 15158.50000 4.95400000 461.47000 61.96000 14.04600 54.17300
12 12 20 06 15 15158.50000 4.95400000 461.47000 61.96000 14.04600 54.17300
12 12 20 06 15 15158.50000 4.95400000 461.47000 61.94000 14.04600 54.17300
12 12 20 06 16 15158.50000 4.95400000 461.46000 61.94000 14.04600 54.17300
12 12 20 06 16 15158.50000 4.95400000 461.46000 61.94000 14.04600 54.17300
12 12 20 06 17 15163.10000 4.95500000 461.46000 61.96000 14.04600 54.17300
12 12 20 06 17 15163.30000 4.95500000 461.46000 61.96000 14.04600 54.17300
12 12 20 06 17 15168.80000 4.95500000 461.97000 61.96000 14.04600 54.17300
12 12 20 06 18 15164.80000 4.95500000 461.97000 61.96000 14.04600 54.17300
12 12 20 06 18 15169.80000 4.95500000 461.98000 62.12000 14.04600 54.17300
12 12 20 06 19 15168.10000 4.95500000 461.79000 62.20000 14.04600 54.17300
12 12 20 06 19 15169.90000 4.95500000 461.79000 62.20000 14.04600 54.17300
12 12 20 06 20 15169.90000 4.95500000 461.82000 62.20000 14.04600 54.17300
12 12 20 06 20 15171.80000 4.95500000 461.83000 62.20000 14.04600 54.17300
12 12 20 06 20 15171.80000 4.95500000 461.89000 62.20000 14.04600 54.17300
12 12 20 06 21 15173.00000 4.95500000 461.87000 62.20000 14.04600 54.17300
12 12 20 06 21 15175.00000 4.95500000 461.87000 62.20000 14.04600 54.17300
12 12 20 06 22 15175.10000 4.95500000 461.84000 62.20000 14.04600 54.17300
12 12 20 06 22 15174.00000 4.95500000 461.84000 62.20000 14.04600 54.17300
12 12 20 06 23 15174.10000 4.95500000 461.84000 62.20000 14.04600 54.17300
12 12 20 06 23 15174.00000 4.95500000 461.84000 62.20000 14.04600 54.17300
12 12 20 06 23 15174.00000 4.95500000 461.84000 62.20000 14.04600 54.17300
12 12 20 06 24 15174.10000 4.95500000 461.85000 62.20000 14.04600 54.17300
12 12 20 06 24 15174.10000 4.95500000 461.85000 62.20000 14.04600 54.17300
12 12 20 06 25 15174.10000 4.95500000 461.85000 62.15000 14.04600 54.17300
12 12 20 06 25 15179.90000 4.95500000 461.85000 62.15000 14.04600 54.17300
12 12 20 06 26 15179.90000 4.95500000 462.00000 62.19000 14.04600 54.17300
12 12 20 06 26 15179.90000 4.95500000 461.85000 62.19000 14.04600 54.34200
12 12 20 06 26 15179.80000 4.95500000 461.85000 62.10000 14.04600 54.34200
12 12 20 06 27 15159.60000 4.95500000 461.22000 62.10000 14.04600 54.34200
12 12 20 06 27 15157.30000 4.95500000 461.20000 62.04000 14.04600 54.34200
12 12 20 06 28 15155.70000 4.95500000 460.72000 62.04000 14.04600 54.34200
12 12 20 06 28 15155.70000 4.95500000 460.72000 62.00000 14.04600 54.34200
12 12 20 06 29 15155.70000 4.95500000 460.72000 62.00000 14.04600 54.34200
12 12 20 06 29 15151.20000 4.95500000 460.55000 62.00000 14.04600 54.34200
12 12 20 06 29 15151.30000 4.95500000 460.55000 62.00000 14.04600 54.34200
12 12 20 06 30 15151.30000 4.95500000 460.33000 62.00000 14.04600 54.34200
12 12 20 06 30 15151.20000 4.95500000 460.33000 62.00000 14.04600 54.34200
12 12 20 06 31 15151.20000 4.95500000 460.29000 62.00000 14.04600 54.34200
12 12 20 06 31 15151.30000 4.95500000 460.52000 62.00000 14.03600 54.22800
12 12 20 06 32 15151.30000 4.95500000 460.46000 62.00000 14.03600 54.22800
12 12 20 06 32 15143.40000 4.95500000 460.59000 62.00000 14.03600 54.22800
12 12 20 06 32 15143.40000 4.95500000 460.28000 62.00000 14.03600 54.22800
12 12 20 06 33 15143.00000 4.95500000 460.29000 62.00000 14.03600 54.22800
12 12 20 06 33 15143.10000 4.95500000 460.29000 62.00000 14.03600 54.22800
12 12 20 06 34 15126.60000 4.93900000 460.00000 61.91000 14.03600 54.22800
12 12 20 06 34 15135.90000 4.93900000 460.00000 61.91000 14.03600 54.22800
12 12 20 06 35 15135.90000 4.93900000 460.00000 61.91000 14.03600 54.22800
12 12 20 06 35 15135.90000 4.93900000 460.03000 61.89000 14.03600 54.22800
12 12 20 06 35 15135.90000 4.93900000 460.01000 61.80000 14.03600 54.22800
12 12 20 06 36 15136.00000 4.93900000 460.00000 61.80000 14.03600 54.22800
12 12 20 06 36 15136.00000 4.93900000 460.00000 61.80000 14.03600 54.22800
12 12 20 06 37 15142.80000 4.93900000 460.00000 61.80000 14.03600 54.12000
12 12 20 06 37 15136.50000 4.93900000 460.01000 61.80000 14.03600 54.12000
12 12 20 06 38 15135.90000 4.93900000 460.01000 61.80000 14.03600 54.12000
12 12 20 06 38 15131.60000 4.93900000 460.01000 61.83000 14.03600 54.12000
12 12 20 06 38 15128.00000 4.93900000 459.60000 61.83000 14.03600 54.12000
12 12 20 06 39 15128.80000 4.93900000 459.45000 61.83000 14.03600 54.12000
12 12 20 06 39 15126.60000 4.93900000 459.38000 61.77000 14.03600 54.12000
12 12 20 06 40 15126.60000 4.93900000 459.50000 61.77000 14.03600 54.12000
12 12 20 06 40 15126.70000 4.93800000 459.29000 61.77000 14.03600 54.12000
12 12 20 06 41 15126.70000 4.93600000 459.29000 61.77000 14.03600 54.12000
12 12 20 06 41 15126.70000 4.93600000 459.07000 61.77000 14.03600 54.12000
12 12 20 06 41 15126.10000 4.93600000 459.16000 61.77000 14.03600 54.12000
12 12 20 06 42 15120.00000 4.93600000 459.16000 61.77000 14.03600 54.12000
12 12 20 06 42 15120.00000 4.93600000 459.16000 61.77000 14.03600 54.12000
12 12 20 06 43 15121.30000 4.93600000 459.16000 61.77000 13.90400 54.12000
12 12 20 06 43 15126.10000 4.93600000 459.16000 61.77000 13.90400 54.12000
12 12 20 06 44 15126.10000 4.93600000 459.16000 61.77000 13.90400 54.12000
12 12 20 06 44 15129.90000 4.93600000 459.16000 61.77000 13.90400 54.12000
12 12 20 06 44 15129.90000 4.93600000 459.16000 61.77000 13.90400 54.12000
