M=[
15 1 21 19 26 29689.10000 6.28300000 960.00000 116.77000 15.82100 84.81300
15 1 21 19 26 29666.20000 6.28300000 958.45000 116.56000 15.82100 84.81300
15 1 21 19 26 29650.00000 6.28300000 959.42000 116.56000 15.82100 84.81300
15 1 21 19 27 29643.20000 6.27000000 959.21000 116.54000 15.82100 84.81300
15 1 21 19 27 29657.80000 6.27000000 959.86000 116.54000 15.93100 84.99700
15 1 21 19 28 29650.40000 6.27000000 958.80000 116.53000 15.93100 85.05700
15 1 21 19 28 29705.20000 6.25200000 961.41000 116.53000 15.93100 85.05700
15 1 21 19 29 29705.30000 6.25200000 960.76000 116.53000 15.93100 85.05700
15 1 21 19 29 29659.70000 6.25200000 959.46000 116.53000 15.93100 85.05700
15 1 21 19 29 29664.00000 6.25200000 959.46000 116.53000 15.93100 85.05700
15 1 21 19 30 29684.30000 6.25200000 959.57000 116.73000 15.93100 84.87800
15 1 21 19 30 29697.80000 6.25200000 959.70000 116.58000 15.93100 84.87800
15 1 21 19 31 29721.60000 6.25200000 960.78000 116.84000 15.93100 84.87800
15 1 21 19 31 29691.30000 6.24900000 959.42000 116.75000 15.82100 84.88700
15 1 21 19 32 29664.10000 6.24900000 959.00000 116.67000 15.82100 84.77100
15 1 21 19 32 29600.00000 6.24900000 955.28000 116.34000 15.82100 84.77100
15 1 21 19 32 29573.30000 6.23600000 955.10000 116.18000 15.82100 84.77100
15 1 21 19 33 29517.20000 6.23600000 952.51000 116.18000 15.82100 84.77100
15 1 21 19 33 29511.10000 6.23600000 952.94000 116.01000 15.82000 84.77100
15 1 21 19 34 29519.30000 6.23600000 953.90000 116.12000 15.82000 84.77100
15 1 21 19 34 29595.10000 6.23600000 956.84000 116.31000 15.82000 84.77100
15 1 21 19 35 29637.70000 6.23600000 958.60000 116.74000 15.82000 84.70500
15 1 21 19 35 29632.30000 6.23600000 959.18000 116.52000 15.82000 84.70500
15 1 21 19 35 29651.40000 6.23600000 959.56000 116.52000 15.82000 84.88400
15 1 21 19 36 29658.80000 6.23600000 959.95000 116.87000 15.82000 84.88400
15 1 21 19 36 29680.80000 6.23600000 960.69000 116.94000 15.82000 84.88400
15 1 21 19 37 29690.30000 6.23600000 961.00000 116.95000 15.82000 84.88400
15 1 21 19 37 29635.00000 6.23600000 958.91000 116.73000 15.82000 84.88400
15 1 21 19 38 29643.30000 6.23600000 959.02000 116.79000 15.82000 84.88400
15 1 21 19 38 29678.50000 6.23600000 960.46000 116.79000 15.82000 84.88400
15 1 21 19 38 29542.70000 6.23600000 954.88000 116.72000 15.82000 84.88400
15 1 21 19 39 29535.90000 6.23600000 955.00000 116.17000 15.82000 84.88400
15 1 21 19 39 29499.90000 6.23600000 954.28000 116.17000 15.82000 84.88400
15 1 21 19 40 29465.30000 6.23600000 953.31000 116.01000 15.82000 84.63700
15 1 21 19 40 29450.00000 6.23600000 950.90000 115.72000 15.82000 84.59000
15 1 21 19 41 29450.20000 6.23600000 950.76000 115.92000 15.82000 84.59000
15 1 21 19 41 29450.00000 6.23600000 950.03000 115.83000 15.82000 84.59000
15 1 21 19 41 29424.80000 6.23600000 948.78000 115.64000 15.82000 84.59000
15 1 21 19 42 29465.00000 6.23600000 950.51000 115.78000 15.82000 84.59000
15 1 21 19 42 29459.00000 6.23600000 950.38000 115.78000 15.82000 84.59000
15 1 21 19 43 29500.00000 6.23600000 951.34000 116.01000 15.82000 84.78700
15 1 21 19 43 29534.10000 6.23600000 954.81000 116.02000 15.82000 84.78700
15 1 21 19 44 29500.80000 6.23600000 953.34000 116.13000 15.82000 84.78700
15 1 21 19 44 29533.70000 6.23600000 954.47000 116.00000 15.82000 84.78700
15 1 21 19 44 29521.30000 6.23600000 954.74000 116.33000 15.82000 84.78700
15 1 21 19 45 29519.70000 6.23600000 953.59000 116.33000 15.82000 84.78700
15 1 21 19 45 29551.70000 6.23600000 954.64000 116.26000 15.82000 84.78700
15 1 21 19 46 29549.90000 6.23600000 956.32000 116.26000 15.82000 84.60700
15 1 21 19 46 29595.70000 6.23600000 957.83000 116.36000 15.82000 84.60700
15 1 21 19 47 29595.80000 6.23600000 957.83000 116.70000 15.82000 84.60700
15 1 21 19 47 29584.50000 6.23600000 956.56000 116.53000 15.82000 84.60700
15 1 21 19 47 29549.90000 6.23600000 955.08000 116.31000 15.82000 84.60700
15 1 21 19 48 29460.50000 6.23800000 952.57000 116.11000 15.82000 84.60700
15 1 21 19 48 29484.60000 6.23800000 952.40000 116.11000 15.82000 84.60700
15 1 21 19 49 29400.00000 6.23800000 950.51000 115.88000 15.82000 84.60700
15 1 21 19 49 29403.20000 6.23800000 950.00000 115.88000 15.82000 84.60700
15 1 21 19 50 29375.10000 6.23800000 949.09000 115.68000 15.82000 84.60700
15 1 21 19 50 29354.00000 6.23800000 949.94000 115.68000 15.82000 84.60700
15 1 21 19 50 29351.10000 6.23800000 948.45000 115.52000 15.82000 84.27200
15 1 21 19 51 29376.50000 6.23800000 951.09000 115.64000 15.82000 84.27200
15 1 21 19 51 29359.80000 6.23800000 948.42000 115.54000 15.82000 84.27200
15 1 21 19 52 29390.10000 6.22100000 949.10000 115.71000 15.80400 84.27200
15 1 21 19 52 29383.40000 6.22100000 948.45000 115.73000 15.80400 84.27200
15 1 21 19 53 29300.00000 6.22100000 945.79000 115.50000 15.80400 84.27200
15 1 21 19 53 29309.00000 6.22100000 946.41000 115.54000 15.80400 84.27200
15 1 21 19 53 29309.00000 6.22100000 946.52000 115.57000 15.80400 84.27200
15 1 21 19 54 29348.30000 6.22100000 948.06000 115.50000 15.80400 84.27200
15 1 21 19 54 29352.80000 6.22100000 947.16000 115.50000 15.80400 84.27200
15 1 21 19 55 29333.20000 6.22100000 946.50000 115.50000 15.80400 84.27200
15 1 21 19 55 29311.00000 6.22100000 945.00000 115.47000 15.80400 84.27200
15 1 21 19 56 29330.80000 6.19700000 945.56000 115.61000 15.80400 84.11300
15 1 21 19 56 29335.90000 6.19700000 945.74000 115.77000 15.80400 84.11300
15 1 21 19 56 29364.00000 6.19700000 945.00000 115.77000 15.80400 84.11300
15 1 21 19 57 29303.50000 6.19700000 944.39000 115.56000 15.80400 84.03200
15 1 21 19 57 29298.60000 6.19700000 942.65000 115.56000 15.80400 84.03200
15 1 21 19 58 29211.00000 6.19700000 939.69000 115.11000 15.80400 84.03200
15 1 21 19 58 29193.60000 6.19700000 939.29000 115.15000 15.80400 83.59200
15 1 21 19 59 29189.30000 6.19700000 940.19000 115.23000 15.80400 83.59200
15 1 21 19 59 29177.00000 6.19700000 940.01000 115.06000 15.80400 83.69000
15 1 21 19 59 29165.10000 6.19500000 938.00000 115.06000 15.80400 83.69000
15 1 21 20 00 29137.00000 6.17800000 936.28000 114.94000 15.80400 83.91400
15 1 21 20 00 29116.70000 6.17800000 935.45000 114.89000 15.80400 83.91400
15 1 21 20 01 29111.50000 6.17800000 934.41000 114.88000 15.80400 83.91400
15 1 21 20 01 29068.90000 6.17800000 932.05000 114.74000 15.80400 83.65600
15 1 21 20 02 29247.10000 6.17800000 940.47000 115.23000 15.80400 83.65600
15 1 21 20 02 29300.40000 6.16500000 942.80000 115.65000 15.80400 83.65600
15 1 21 20 02 29286.80000 6.16500000 943.20000 115.61000 15.80400 83.70000
15 1 21 20 03 29275.00000 6.16500000 943.60000 115.60000 15.80400 83.70200
15 1 21 20 03 29217.00000 6.16500000 943.20000 115.60000 15.80400 83.70200
15 1 21 20 04 29268.30000 6.16500000 942.99000 115.60000 15.80400 83.70200
15 1 21 20 04 29249.00000 6.16500000 942.48000 115.50000 15.80400 83.70200
15 1 21 20 05 29173.10000 6.16500000 938.77000 115.03000 15.80400 83.70200
15 1 21 20 05 29118.20000 6.16500000 937.07000 114.76000 15.80400 83.70200
15 1 21 20 05 29049.50000 6.16500000 934.93000 114.46000 15.80400 83.70200
15 1 21 20 06 29062.50000 6.15800000 936.36000 114.53000 15.72000 83.70200
15 1 21 20 06 28971.60000 6.15800000 931.89000 114.40000 15.68100 83.70200
15 1 21 20 07 28993.70000 6.15800000 932.40000 114.22000 15.68100 83.70200
15 1 21 20 07 28950.40000 6.15800000 930.00000 114.37000 15.69700 83.70200
15 1 21 20 08 28994.90000 6.14800000 930.02000 114.26000 15.68000 83.70200
15 1 21 20 08 29008.20000 6.14800000 931.97000 114.38000 15.64800 83.70200
15 1 21 20 08 28920.40000 6.14800000 928.54000 114.01000 15.66700 83.70200
15 1 21 20 09 28976.50000 6.14800000 928.01000 114.12000 15.66700 83.70200
15 1 21 20 09 28976.70000 6.16700000 928.33000 114.10000 15.50000 83.70200
15 1 21 20 10 28969.70000 6.16700000 926.16000 114.03000 15.50000 82.94600
15 1 21 20 10 28970.40000 6.16700000 928.21000 114.12000 15.59000 82.94600
15 1 21 20 11 29014.30000 6.16700000 928.99000 114.21000 15.59000 82.94600
