M=[
13 5 20 22 37 8629.50000 5.78700000 185.37000 40.21000 12.16700 39.83500
13 5 20 22 37 8635.10000 5.78700000 185.37000 40.20000 12.08400 39.83500
13 5 20 22 38 8633.80000 5.78700000 185.37000 40.20000 12.16700 39.83500
13 5 20 22 38 8631.60000 5.78700000 185.36000 40.21000 12.16700 39.83500
13 5 20 22 38 8633.70000 5.78700000 185.36000 40.20000 12.16700 39.83500
13 5 20 22 39 8630.40000 5.78700000 185.30000 40.20000 12.16700 39.83500
13 5 20 22 39 8626.00000 5.78700000 185.30000 40.20000 12.16700 39.91300
13 5 20 22 40 8616.90000 5.78700000 184.91000 40.20000 12.16700 39.90500
13 5 20 22 40 8600.00000 5.78700000 184.44000 40.20000 12.16700 39.74400
13 5 20 22 41 8600.50000 5.78700000 184.60000 40.20000 12.16700 39.74400
13 5 20 22 41 8597.20000 5.78700000 184.47000 40.20000 12.16700 39.74400
13 5 20 22 42 8599.10000 5.78700000 184.34000 39.96000 12.16700 39.74400
13 5 20 22 43 8599.20000 5.78700000 184.42000 39.96000 12.16700 39.74400
13 5 20 22 43 8599.10000 5.79600000 184.29000 39.96000 12.16700 39.74400
13 5 20 22 44 8596.00000 5.78700000 184.30000 40.02000 12.16700 39.74400
13 5 20 22 44 8599.90000 5.78700000 184.29000 39.95000 12.16700 39.74400
13 5 20 22 44 8599.90000 5.78700000 184.30000 39.98000 12.16700 39.74400
13 5 20 22 45 8600.00000 5.78700000 184.26000 39.98000 12.16700 39.74400
13 5 20 22 45 8590.60000 5.78700000 184.30000 39.98000 12.17300 39.74400
13 5 20 22 46 8599.60000 5.78700000 184.19000 39.98000 12.16700 39.74400
13 5 20 22 46 8592.40000 5.79000000 184.12000 39.98000 12.16700 39.74400
13 5 20 22 47 8592.20000 5.78700000 184.03000 39.98000 12.16700 39.74400
13 5 20 22 47 8584.10000 5.78700000 183.77000 39.98000 12.16700 39.74400
13 5 20 22 48 8584.10000 5.78700000 183.69000 39.98000 12.16700 39.74400
13 5 20 22 48 8587.90000 5.72200000 183.73000 39.98000 12.16700 39.74400
13 5 20 22 49 8587.90000 5.72200000 183.68000 39.98000 12.16700 39.74400
13 5 20 22 49 8590.00000 5.72200000 183.67000 39.98000 12.16700 39.74400
13 5 20 22 50 8590.00000 5.72200000 183.67000 39.90000 12.16700 39.74400
13 5 20 22 50 8590.00000 5.72200000 183.70000 39.90000 12.16700 39.60600
13 5 20 22 51 8591.20000 5.72200000 183.70000 39.88000 12.17300 39.60600
13 5 20 22 51 8603.30000 5.72200000 183.70000 39.88000 12.16700 39.61700
13 5 20 22 52 8602.70000 5.72200000 183.98000 39.88000 12.16700 39.61700
13 5 20 22 52 8602.60000 5.72200000 183.99000 39.88000 12.17300 39.60600
13 5 20 22 52 8602.70000 5.72200000 184.00000 39.88000 12.16700 39.68700
13 5 20 22 53 8599.60000 5.72200000 183.99000 39.88000 12.16700 39.68700
13 5 20 22 53 8602.70000 5.72200000 183.99000 39.88000 12.16700 39.68700
13 5 20 22 54 8601.40000 5.72200000 183.99000 39.88000 12.16700 39.68700
13 5 20 22 54 8609.50000 5.72200000 184.00000 39.88000 12.16700 39.68700
13 5 20 22 55 8610.70000 5.72200000 184.21000 39.88000 12.16700 39.68700
13 5 20 22 55 8600.30000 5.72200000 184.21000 39.88000 12.16700 39.68700
13 5 20 22 56 8602.10000 5.72200000 184.21000 39.88000 12.17300 39.68700
13 5 20 22 56 8602.10000 5.72200000 184.21000 39.88000 12.16700 39.68700
13 5 20 22 57 8602.10000 5.72200000 184.02000 39.88000 12.16700 39.68700
13 5 20 22 57 8602.00000 5.72200000 183.98000 39.88000 12.16700 39.68700
13 5 20 22 57 8610.70000 5.72200000 183.98000 39.88000 12.16700 39.68700
13 5 20 22 58 8622.00000 5.72200000 184.42000 39.90000 12.16700 39.60600
13 5 20 22 58 8622.00000 5.72200000 184.46000 39.88000 12.16700 39.68700
13 5 20 22 59 8629.70000 5.72200000 184.66000 39.88000 12.16700 39.77200
13 5 20 22 59 8625.70000 5.72200000 184.66000 39.98000 12.16700 39.77200
13 5 20 23 00 8625.80000 5.72200000 184.48000 40.09000 12.16700 39.60600
13 5 20 23 00 8621.60000 5.72200000 184.46000 40.08000 12.16700 39.77200
13 5 20 23 01 8625.30000 5.72200000 184.46000 40.08000 12.16700 39.77200
13 5 20 23 01 8624.10000 5.72200000 184.46000 40.08000 12.16700 39.69700
13 5 20 23 02 8619.30000 5.72200000 184.46000 40.08000 12.16700 39.69700
13 5 20 23 02 8624.90000 5.72200000 184.31000 40.01000 12.16700 39.69700
13 5 20 23 03 8625.50000 5.72200000 184.31000 40.01000 12.16700 39.69700
13 5 20 23 03 8626.20000 5.72200000 184.31000 40.01000 12.16700 39.69700
13 5 20 23 04 8627.00000 5.72200000 184.31000 40.01000 12.16700 39.69700
13 5 20 23 04 8630.20000 5.73600000 184.68000 40.01000 12.16700 39.69700
13 5 20 23 05 8631.80000 5.73600000 184.63000 40.01000 12.16700 39.69700
13 5 20 23 05 8636.00000 5.73600000 184.63000 40.04000 12.16700 39.77200
13 5 20 23 05 8649.00000 5.73600000 184.74000 40.04000 12.16700 39.69700
13 5 20 23 06 8644.10000 5.73600000 184.76000 40.04000 12.16700 39.69700
13 5 20 23 06 8649.90000 5.73600000 184.76000 40.08000 12.16700 39.69700
13 5 20 23 07 8642.80000 5.78700000 184.69000 40.04000 12.16700 39.69700
13 5 20 23 07 8645.40000 5.73600000 184.69000 40.02000 12.16700 39.69700
13 5 20 23 08 8639.70000 5.73600000 184.69000 40.02000 12.16700 39.69700
13 5 20 23 08 8639.90000 5.73600000 184.51000 40.02000 12.16700 39.69700
13 5 20 23 09 8643.10000 5.73600000 184.59000 40.02000 12.16700 39.69700
13 5 20 23 09 8642.10000 5.73600000 184.59000 40.02000 12.16700 39.60000
13 5 20 23 10 8646.10000 5.73600000 184.52000 40.02000 12.16700 39.60000
13 5 20 23 10 8637.30000 5.73600000 184.52000 40.02000 12.16700 39.60000
13 5 20 23 11 8637.80000 5.73600000 184.49000 40.02000 12.16700 39.77200
13 5 20 23 11 8634.90000 5.73600000 184.46000 40.02000 12.16700 39.60000
13 5 20 23 12 8627.40000 5.73600000 184.46000 40.00000 12.16700 39.60000
13 5 20 23 12 8623.10000 5.73600000 184.03000 40.00000 12.16700 39.60000
13 5 20 23 12 8622.60000 5.74200000 184.08000 40.00000 12.16700 39.69700
13 5 20 23 13 8622.10000 5.74200000 184.08000 40.04000 12.17300 39.60000
13 5 20 23 13 8620.50000 5.74200000 184.15000 40.00000 12.16700 39.60000
13 5 20 23 14 8621.50000 5.74200000 184.15000 39.95000 12.16700 39.60000
13 5 20 23 14 8620.90000 5.74200000 184.11000 39.95000 12.16700 39.60000
13 5 20 23 15 8620.90000 5.74200000 184.14000 39.86000 12.16700 39.69700
13 5 20 23 15 8620.80000 5.74200000 184.14000 39.86000 12.16700 39.60000
13 5 20 23 16 8619.20000 5.74200000 184.14000 39.86000 12.16700 39.60000
13 5 20 23 16 8617.70000 5.74200000 184.14000 39.86000 12.16700 39.77200
13 5 20 23 17 8616.80000 5.74200000 184.01000 40.00000 12.16700 39.60000
13 5 20 23 17 8616.80000 5.74200000 184.00000 39.86000 12.16700 39.60000
13 5 20 23 18 8616.80000 5.72200000 183.99000 39.86000 12.16700 39.60000
13 5 20 23 18 8615.20000 5.74200000 183.99000 39.86000 12.16700 39.60000
13 5 20 23 19 8623.00000 5.74200000 184.53000 39.86000 12.16700 39.79300
13 5 20 23 19 8634.70000 5.74200000 184.71000 39.86000 12.17300 39.79300
13 5 20 23 20 8633.80000 5.74200000 184.76000 39.86000 12.16700 39.79300
13 5 20 23 20 8620.90000 5.74200000 184.76000 40.02000 12.16700 39.79300
13 5 20 23 20 8634.30000 5.74800000 184.90000 39.86000 12.16700 39.83500
13 5 20 23 21 8633.00000 5.74800000 184.76000 39.86000 12.16700 39.83500
13 5 20 23 21 8633.00000 5.74800000 184.76000 39.86000 12.08400 39.83500
13 5 20 23 22 8633.00000 5.74800000 184.81000 39.95000 12.16700 39.83500
13 5 20 23 22 8633.00000 5.74800000 184.81000 39.86000 12.16700 39.83500
13 5 20 23 23 8633.00000 5.74800000 184.99000 39.86000 12.16700 39.83500
13 5 20 23 23 8633.00000 5.74800000 184.96000 39.86000 12.16700 39.83500
13 5 20 23 24 8634.70000 5.74800000 184.96000 39.86000 12.16700 39.83500
13 5 20 23 24 8634.70000 5.74800000 184.96000 39.86000 12.16700 39.83500
13 5 20 23 24 8639.60000 5.74800000 184.96000 39.86000 12.17300 39.83500
13 5 20 23 25 8639.80000 5.74800000 184.88000 39.86000 12.16700 39.83500
13 5 20 23 25 8642.20000 5.74800000 184.88000 40.01000 12.16700 39.83500
13 5 20 23 26 8642.30000 5.74800000 184.89000 40.01000 12.16700 39.83500
13 5 20 23 26 8642.20000 5.72200000 184.76000 40.01000 12.16700 39.83500
13 5 20 23 27 8637.90000 5.74800000 184.77000 40.01000 12.16700 39.83500
13 5 20 23 27 8633.00000 5.74800000 184.77000 40.01000 12.16700 39.83500
