M=[
25 10 20 23 21 11005.00000 4.82400000 343.46000 49.63000 11.27600 52.89400
25 10 20 23 21 11005.00000 4.82400000 343.46000 49.63000 11.27600 52.89400
25 10 20 23 21 11005.00000 4.82400000 343.46000 49.63000 11.27600 52.89400
25 10 20 23 22 11004.90000 4.82400000 343.47000 49.63000 11.27600 52.89400
25 10 20 23 22 11003.60000 4.82400000 343.47000 49.63000 11.27600 52.89400
25 10 20 23 23 11003.50000 4.82400000 343.46000 49.63000 11.27600 52.89400
25 10 20 23 23 11003.50000 4.82400000 343.46000 49.63000 11.27600 52.89400
25 10 20 23 24 11003.10000 4.87500000 343.46000 49.63000 11.27600 52.89400
25 10 20 23 24 11005.00000 4.87500000 343.46000 49.62000 11.27600 52.89400
25 10 20 23 24 11004.60000 4.84800000 343.46000 49.62000 11.27600 52.89400
25 10 20 23 25 11004.70000 4.84800000 343.46000 49.62000 11.27600 52.89400
25 10 20 23 25 11004.70000 4.84900000 343.46000 49.61000 11.27600 52.89400
25 10 20 23 26 11004.90000 4.84900000 343.46000 49.61000 11.27600 52.89400
25 10 20 23 26 11004.90000 4.84900000 343.46000 49.61000 11.27600 52.89400
25 10 20 23 27 11004.90000 4.84900000 343.46000 49.61000 11.27600 52.89400
25 10 20 23 27 11004.90000 4.84900000 343.47000 49.61000 11.27600 53.09900
25 10 20 23 27 11005.00000 4.84900000 343.47000 49.61000 11.27600 53.09900
25 10 20 23 28 11005.00000 4.84900000 343.50000 49.61000 11.27600 53.09900
25 10 20 23 28 11004.90000 4.84900000 343.50000 49.61000 11.27600 53.09900
25 10 20 23 29 11004.80000 4.84900000 343.50000 49.62000 11.27600 53.09900
25 10 20 23 29 11005.00000 4.84900000 343.50000 49.62000 11.27600 53.09900
25 10 20 23 30 11005.00000 4.84900000 343.50000 49.62000 11.27600 53.09900
25 10 20 23 30 11005.00000 4.84900000 343.50000 49.61000 11.27600 53.09900
25 10 20 23 30 11004.90000 4.84900000 343.50000 49.62000 11.27600 53.09900
25 10 20 23 31 11004.90000 4.84900000 343.50000 49.62000 11.27600 53.09900
25 10 20 23 31 11004.90000 4.84900000 343.50000 49.62000 11.27600 53.09900
25 10 20 23 32 11004.90000 4.84900000 343.50000 49.62000 11.27600 53.09900
25 10 20 23 32 11004.90000 4.84900000 343.50000 49.62000 11.27600 53.09900
25 10 20 23 33 11005.00000 4.84900000 343.50000 49.62000 11.27600 53.09900
25 10 20 23 33 11005.00000 4.84900000 343.50000 49.62000 11.27600 53.09900
25 10 20 23 33 11005.00000 4.84900000 343.48000 49.62000 11.27600 53.09900
25 10 20 23 34 11004.90000 4.84900000 343.48000 49.62000 11.27600 53.09900
25 10 20 23 34 11004.80000 4.84900000 343.49000 49.62000 11.27600 53.09900
25 10 20 23 35 11004.80000 4.84900000 343.50000 49.65000 11.27600 53.09900
25 10 20 23 35 11005.00000 4.84900000 343.52000 49.65000 11.27600 53.09900
25 10 20 23 36 11004.90000 4.84900000 343.52000 49.65000 11.27600 53.09900
25 10 20 23 36 11005.00000 4.84900000 343.56000 49.66000 11.27600 53.09900
25 10 20 23 36 11005.00000 4.84900000 343.56000 49.65000 11.27600 53.09900
25 10 20 23 37 11004.90000 4.84900000 343.56000 49.65000 11.27600 53.09900
25 10 20 23 37 11004.90000 4.84900000 343.56000 49.65000 11.27600 53.09900
25 10 20 23 38 11005.00000 4.84900000 343.56000 49.65000 11.27600 53.09900
25 10 20 23 38 11005.00000 4.84900000 343.56000 49.65000 11.27600 53.09900
25 10 20 23 39 11005.00000 4.84900000 343.56000 49.65000 11.27600 53.09900
25 10 20 23 39 11005.00000 4.84900000 343.69000 49.68000 11.27600 53.09900
25 10 20 23 39 11005.00000 4.84900000 343.63000 49.68000 11.27600 53.09900
25 10 20 23 40 11005.00000 4.84900000 343.63000 49.68000 11.27600 53.09900
25 10 20 23 40 11004.90000 4.85700000 343.65000 49.68000 11.27600 53.09900
25 10 20 23 41 11004.90000 4.85700000 343.65000 49.68000 11.27600 53.09900
25 10 20 23 41 11005.00000 4.85700000 343.68000 49.68000 11.27600 53.09900
25 10 20 23 42 11005.00000 4.85700000 343.80000 49.68000 11.27600 53.09900
25 10 20 23 42 11008.00000 4.85700000 343.80000 49.68000 11.27600 53.09900
25 10 20 23 42 11007.90000 4.85700000 343.80000 49.68000 11.27600 53.09900
25 10 20 23 43 11007.90000 4.85700000 343.80000 49.70000 11.27600 53.09900
25 10 20 23 43 11008.00000 4.85700000 343.80000 49.70000 11.27600 53.09900
25 10 20 23 44 11010.00000 4.85700000 343.70000 49.70000 11.27600 53.09900
25 10 20 23 44 11010.00000 4.85700000 343.68000 49.70000 11.27600 53.09900
25 10 20 23 45 11009.90000 4.85700000 343.67000 49.70000 11.27600 53.09900
25 10 20 23 45 11009.90000 4.85700000 343.67000 49.70000 11.27600 53.09900
25 10 20 23 45 11009.80000 4.85700000 343.67000 49.70000 11.27600 53.09900
25 10 20 23 46 11006.40000 4.85700000 343.50000 49.70000 11.27600 53.09900
25 10 20 23 46 11004.50000 4.85700000 343.33000 49.70000 11.27600 53.09900
25 10 20 23 47 11001.10000 4.85700000 342.94000 49.70000 11.27600 53.09900
25 10 20 23 47 11001.10000 4.85700000 342.94000 49.70000 11.27600 53.09900
25 10 20 23 48 11001.20000 4.85700000 342.94000 49.64000 11.27600 53.09900
25 10 20 23 48 11001.20000 4.85700000 342.94000 49.64000 11.27600 53.09900
25 10 20 23 48 11001.20000 4.85700000 342.91000 49.63000 11.27600 53.09900
25 10 20 23 49 11001.20000 4.85700000 342.91000 49.63000 11.27600 53.09900
25 10 20 23 49 11001.10000 4.85700000 342.91000 49.63000 11.27600 53.09900
25 10 20 23 50 11001.20000 4.85700000 342.91000 49.65000 11.27600 53.09900
25 10 20 23 50 10999.20000 4.85700000 342.91000 49.65000 11.27600 53.09900
25 10 20 23 51 10996.10000 4.85700000 342.91000 49.65000 11.27600 53.09900
25 10 20 23 51 10996.70000 4.85700000 342.91000 49.65000 11.27600 53.09900
25 10 20 23 51 10998.20000 4.85700000 343.07000 49.65000 11.27600 53.09900
25 10 20 23 52 11000.70000 4.85500000 343.07000 49.65000 11.27600 53.09900
25 10 20 23 52 10997.40000 4.85500000 343.07000 49.65000 11.27600 53.09900
25 10 20 23 53 10997.10000 4.85500000 343.07000 49.65000 11.27600 53.09900
25 10 20 23 53 10997.10000 4.80400000 343.07000 49.65000 11.27600 53.09900
25 10 20 23 54 10990.50000 4.80400000 342.61000 49.57000 11.27600 53.09900
25 10 20 23 54 10989.20000 4.80400000 342.54000 49.57000 11.27600 53.09900
25 10 20 23 54 10990.30000 4.80400000 342.54000 49.57000 11.27600 53.09900
25 10 20 23 55 10995.80000 4.84400000 342.54000 49.57000 11.27600 53.09900
25 10 20 23 55 10994.50000 4.84400000 342.54000 49.57000 11.27600 53.09900
25 10 20 23 56 10996.80000 4.84400000 342.70000 49.57000 11.27600 53.09900
25 10 20 23 56 10994.50000 4.84400000 342.70000 49.57000 11.27600 53.09900
25 10 20 23 57 10994.00000 4.84400000 342.70000 49.57000 11.27600 53.09900
25 10 20 23 57 10990.90000 4.84400000 342.70000 49.57000 11.27600 53.09900
25 10 20 23 57 10991.00000 4.84400000 342.54000 49.57000 11.27600 53.09900
25 10 20 23 58 10990.90000 4.84400000 342.54000 49.57000 11.27600 53.09900
25 10 20 23 58 10990.90000 4.84400000 342.54000 49.57000 11.27600 53.09900
25 10 20 23 59 10990.90000 4.84400000 342.54000 49.57000 11.27600 53.09900
25 10 20 23 59 10990.90000 4.84400000 342.54000 49.62000 11.27600 53.09900
26 10 20 00 00 10996.90000 4.84400000 342.59000 49.62000 11.27600 53.09900
26 10 20 00 00 10994.00000 4.84400000 342.60000 49.61000 11.25000 53.09900
26 10 20 00 00 10994.00000 4.84400000 342.60000 49.64000 11.25000 53.09900
26 10 20 00 01 10997.00000 4.84400000 342.60000 49.68000 11.25000 53.09900
26 10 20 00 01 10996.90000 4.84400000 342.39000 49.68000 11.25000 53.09900
26 10 20 00 02 10993.40000 4.84400000 342.39000 49.68000 11.25000 53.09900
26 10 20 00 02 10993.50000 4.85300000 342.39000 49.68000 11.25000 53.09900
26 10 20 00 03 10993.50000 4.85300000 342.39000 49.68000 11.25000 53.09900
26 10 20 00 03 10993.40000 4.86600000 342.11000 49.68000 11.25000 53.09900
26 10 20 00 03 10993.40000 4.85100000 342.11000 49.68000 11.25000 53.09900
26 10 20 00 04 10987.20000 4.85100000 342.11000 49.68000 11.25000 53.09900
26 10 20 00 04 10981.10000 4.85100000 341.69000 49.68000 11.25000 53.09900
26 10 20 00 05 10980.90000 4.85100000 341.36000 49.68000 11.25000 53.09900
26 10 20 00 05 10981.80000 4.85100000 341.36000 49.68000 11.25000 53.09900
26 10 20 00 06 10981.50000 4.85100000 341.36000 49.68000 11.25000 53.09900
