M=[
24 7 20 20 35 8242.00000 5.46400000 243.60000 38.32000 20.53200 55.30200
24 7 20 20 35 8241.90000 5.46400000 243.66000 38.32000 20.53200 55.30200
24 7 20 20 36 8242.00000 5.46400000 243.53000 38.32000 20.53200 55.30200
24 7 20 20 36 8242.00000 5.46400000 243.35000 38.32000 20.53200 55.30200
24 7 20 20 37 8243.00000 5.46400000 243.41000 38.32000 20.46700 55.30200
24 7 20 20 37 8249.20000 5.46400000 243.48000 38.32000 20.46700 55.30200
24 7 20 20 37 8252.10000 5.46400000 243.60000 38.32000 20.46700 55.30200
24 7 20 20 38 8254.10000 5.46400000 243.60000 38.32000 20.46700 55.30200
24 7 20 20 38 8254.10000 5.46400000 243.52000 38.32000 20.46700 55.30200
24 7 20 20 39 8255.00000 5.46400000 243.75000 38.32000 20.46700 55.30200
24 7 20 20 39 8257.60000 5.46400000 244.00000 38.41000 20.46700 55.30200
24 7 20 20 40 8257.50000 5.46400000 244.10000 38.41000 20.46700 55.30200
24 7 20 20 40 8260.10000 5.46400000 244.45000 38.41000 20.46700 55.30200
24 7 20 20 41 8260.50000 5.46400000 244.71000 38.41000 20.46700 55.30200
24 7 20 20 41 8260.10000 5.46400000 244.03000 38.41000 20.46700 55.30200
24 7 20 20 42 8260.20000 5.46400000 244.36000 38.42000 20.46700 55.30200
24 7 20 20 42 8259.20000 5.46400000 244.51000 38.42000 20.46700 55.30200
24 7 20 20 43 8259.30000 5.46400000 244.35000 38.42000 20.46700 55.30200
24 7 20 20 43 8259.30000 5.46400000 244.20000 38.42000 20.46700 55.30200
24 7 20 20 44 8260.60000 5.46400000 244.79000 38.40000 20.46700 55.30200
24 7 20 20 44 8261.90000 5.46400000 245.18000 38.40000 20.46700 55.30200
24 7 20 20 44 8262.00000 5.46400000 245.18000 38.40000 20.46700 55.30200
24 7 20 20 45 8262.00000 5.46400000 245.49000 38.40000 20.46700 55.30200
24 7 20 20 45 8262.90000 5.46400000 245.74000 38.40000 20.46700 55.30200
24 7 20 20 46 8262.90000 5.46400000 245.88000 38.40000 20.46700 55.30200
24 7 20 20 46 8263.30000 5.46400000 245.89000 38.40000 20.46700 55.30200
24 7 20 20 47 8265.00000 5.46400000 246.16000 38.40000 20.46700 55.30200
24 7 20 20 47 8269.90000 5.46400000 246.33000 38.40000 20.46700 55.30200
24 7 20 20 48 8269.80000 5.46400000 246.21000 38.40000 20.46700 55.30200
24 7 20 20 48 8269.80000 5.46400000 245.94000 38.40000 20.46700 55.30200
24 7 20 20 49 8269.80000 5.46400000 245.89000 38.40000 20.46700 55.30200
24 7 20 20 49 8269.70000 5.46400000 245.80000 38.40000 20.46700 55.30200
24 7 20 20 50 8269.80000 5.46400000 245.89000 38.39000 20.46700 55.30200
24 7 20 20 50 8269.80000 5.46400000 246.21000 38.39000 20.46700 55.30200
24 7 20 20 51 8269.90000 5.46400000 246.57000 38.39000 20.46700 55.30200
24 7 20 20 51 8269.90000 5.46400000 246.46000 38.39000 20.46700 55.30200
24 7 20 20 52 8269.90000 5.46400000 246.18000 38.39000 20.46700 55.30200
24 7 20 20 52 8269.80000 5.46400000 246.00000 38.39000 20.46700 55.30200
24 7 20 20 53 8269.90000 5.48000000 246.07000 38.39000 20.39000 55.30200
24 7 20 20 53 8269.80000 5.48000000 246.01000 38.39000 20.39000 55.30200
24 7 20 20 53 8269.90000 5.48000000 246.02000 38.39000 20.39000 55.30200
24 7 20 20 54 8269.80000 5.48000000 246.12000 38.39000 20.39000 55.30200
24 7 20 20 54 8269.90000 5.48100000 246.11000 38.30000 20.39000 55.30200
24 7 20 20 55 8268.20000 5.48100000 246.01000 38.30000 20.39000 55.30200
24 7 20 20 55 8266.30000 5.48100000 245.80000 38.30000 20.39000 55.30200
24 7 20 20 56 8266.40000 5.48100000 245.74000 38.30000 20.39000 55.30200
24 7 20 20 56 8266.70000 5.48000000 245.92000 38.30000 20.39000 55.30200
24 7 20 20 57 8268.10000 5.48000000 246.03000 38.29000 20.39000 55.30200
24 7 20 20 57 8268.10000 5.48000000 246.03000 38.25000 20.39000 55.30200
24 7 20 20 58 8268.20000 5.48000000 246.24000 38.25000 20.39000 55.30200
24 7 20 20 58 8269.00000 5.48000000 246.22000 38.25000 20.39000 55.30200
24 7 20 20 59 8269.00000 5.48000000 246.14000 38.25000 20.39000 55.30200
24 7 20 20 59 8269.90000 5.48000000 246.14000 38.25000 20.39000 55.30200
24 7 20 20 59 8269.80000 5.48000000 246.01000 38.25000 20.39000 55.30200
24 7 20 21 00 8272.30000 5.48000000 246.30000 38.25000 20.39000 55.30200
24 7 20 21 00 8272.50000 5.48000000 246.32000 38.25000 20.39000 55.30200
24 7 20 21 01 8273.80000 5.48000000 246.86000 38.25000 20.39000 55.30200
24 7 20 21 01 8273.80000 5.48000000 246.85000 38.25000 20.39000 55.30200
24 7 20 21 02 8277.90000 5.48400000 246.89000 38.30000 20.39000 55.30200
24 7 20 21 02 8278.10000 5.48400000 246.85000 38.30000 20.31800 55.30200
24 7 20 21 03 8279.10000 5.48400000 246.74000 38.30000 20.31800 55.30200
24 7 20 21 03 8280.00000 5.48400000 246.74000 38.30000 20.31800 55.30200
24 7 20 21 04 8284.10000 5.48400000 246.74000 38.30000 20.31800 55.30200
24 7 20 21 04 8285.00000 5.48400000 246.82000 38.30000 20.31800 55.30200
24 7 20 21 05 8284.20000 5.48400000 246.89000 38.30000 20.31800 55.30200
24 7 20 21 05 8283.80000 5.48400000 246.89000 38.36000 20.31800 55.30200
24 7 20 21 06 8283.40000 5.48000000 247.07000 38.36000 20.31800 55.30200
24 7 20 21 06 8278.20000 5.48000000 246.38000 38.36000 20.31800 55.30200
24 7 20 21 07 8272.60000 5.48000000 246.54000 38.36000 20.17600 55.30200
24 7 20 21 07 8272.60000 5.48000000 246.50000 38.36000 20.17600 55.30200
24 7 20 21 08 8272.50000 5.48000000 246.42000 38.36000 20.17600 55.30200
24 7 20 21 08 8271.10000 5.48000000 246.50000 38.36000 20.17600 55.30200
24 7 20 21 09 8272.50000 5.48000000 246.35000 38.36000 20.17600 55.30200
24 7 20 21 09 8269.80000 5.48000000 246.35000 38.36000 20.17600 55.30200
24 7 20 21 09 8272.40000 5.48000000 246.34000 38.36000 20.17600 55.30200
24 7 20 21 10 8273.40000 5.48000000 246.35000 38.36000 20.17600 55.30200
24 7 20 21 10 8273.40000 5.48000000 246.49000 38.36000 20.18500 55.30200
24 7 20 21 11 8273.40000 5.48000000 246.63000 38.36000 20.18500 55.30200
24 7 20 21 11 8273.40000 5.48000000 246.63000 38.36000 20.18500 55.30200
24 7 20 21 12 8278.10000 5.48000000 246.49000 38.36000 20.18500 55.30200
24 7 20 21 12 8279.80000 5.48000000 246.51000 38.36000 20.18500 55.30200
24 7 20 21 13 8279.80000 5.48000000 246.33000 38.36000 20.17500 55.30200
24 7 20 21 13 8279.80000 5.48000000 246.17000 38.39000 20.17400 55.30200
24 7 20 21 14 8279.80000 5.48000000 245.77000 38.39000 20.17400 55.30200
24 7 20 21 14 8279.80000 5.48000000 245.76000 38.37000 20.17400 55.30200
24 7 20 21 14 8279.70000 5.48000000 245.75000 38.37000 20.17400 55.30200
24 7 20 21 15 8279.50000 5.48000000 245.75000 38.37000 20.17400 55.30200
24 7 20 21 15 8273.90000 5.48000000 245.69000 38.37000 20.14400 55.30200
24 7 20 21 16 8272.80000 5.48000000 245.51000 38.37000 20.14400 55.30200
24 7 20 21 16 8266.30000 5.48000000 245.56000 38.37000 20.14400 55.30200
24 7 20 21 17 8272.80000 5.48000000 245.57000 38.37000 20.14400 55.30200
24 7 20 21 17 8272.80000 5.48000000 245.60000 38.37000 20.14400 55.30200
24 7 20 21 18 8272.40000 5.48000000 245.50000 38.37000 20.18100 55.30200
24 7 20 21 18 8270.00000 5.48000000 245.51000 38.37000 20.18100 55.30200
24 7 20 21 19 8266.30000 5.48000000 245.51000 38.36000 20.18100 55.30200
24 7 20 21 19 8263.70000 5.48000000 245.11000 38.32000 20.18100 55.24600
24 7 20 21 20 8257.80000 5.48000000 245.29000 38.32000 20.18100 55.24600
24 7 20 21 20 8257.80000 5.48000000 245.19000 38.32000 20.18100 55.24600
24 7 20 21 20 8255.70000 5.48000000 245.05000 38.32000 20.18100 55.24600
24 7 20 21 21 8258.60000 5.48000000 244.97000 38.32000 20.18100 55.24600
24 7 20 21 21 8257.60000 5.48000000 244.91000 38.32000 20.11700 55.24600
24 7 20 21 22 8257.30000 5.48000000 245.00000 38.32000 20.11700 55.24600
24 7 20 21 22 8257.30000 5.48000000 244.99000 38.32000 20.11700 55.24600
24 7 20 21 23 8257.30000 5.48000000 245.27000 38.32000 20.11700 55.24600
24 7 20 21 23 8256.80000 5.47900000 245.40000 38.32000 20.11700 55.24600
24 7 20 21 24 8259.10000 5.47900000 245.45000 38.32000 20.11700 55.24600
24 7 20 21 24 8263.70000 5.47900000 245.45000 38.32000 20.11700 55.24600
24 7 20 21 25 8265.70000 5.47900000 245.50000 38.32000 20.11700 55.24600
24 7 20 21 25 8264.10000 5.47400000 245.36000 38.32000 20.11700 55.24600
