M=[
 3 7 21 07 43 29034.90000 46.25700000 1845.85000 117.05000 18.40500 99.06600
 3 7 21 07 43 29074.80000 46.40900000 1845.77000 117.33000 18.41900 99.12000
 3 7 21 07 43 29038.30000 46.40900000 1843.00000 117.18000 18.41900 99.12000
 3 7 21 07 44 29055.60000 46.37000000 1842.92000 117.15000 18.42100 99.12000
 3 7 21 07 44 29021.90000 46.37000000 1843.39000 117.05000 18.42100 99.08300
 3 7 21 07 45 29029.90000 46.37000000 1843.39000 117.05000 18.42100 99.08300
 3 7 21 07 45 29078.80000 46.37000000 1843.41000 117.05000 18.42100 98.95400
 3 7 21 07 46 29073.70000 46.50000000 1845.25000 117.12000 18.42100 98.95400
 3 7 21 07 46 29119.20000 46.65900000 1846.70000 117.20000 18.42100 98.95400
 3 7 21 07 46 29018.30000 46.55500000 1845.09000 117.20000 18.42100 98.95400
 3 7 21 07 47 29034.60000 46.46200000 1841.08000 117.14000 18.42100 98.95400
 3 7 21 07 47 29038.90000 46.46200000 1841.23000 117.22000 18.42100 98.95400
 3 7 21 07 48 29039.50000 46.46200000 1843.53000 117.22000 18.42100 98.95400
 3 7 21 07 48 29093.80000 46.46200000 1845.11000 117.22000 18.42100 98.95400
 3 7 21 07 49 29095.10000 46.46200000 1844.99000 117.22000 18.42100 98.95400
 3 7 21 07 49 29062.90000 46.46200000 1844.98000 117.22000 18.42100 98.95400
 3 7 21 07 49 29077.20000 46.46200000 1844.85000 117.22000 18.42100 98.95400
 3 7 21 07 50 29065.10000 46.46200000 1844.84000 117.22000 18.42100 98.95400
 3 7 21 07 50 29068.80000 46.46200000 1844.53000 117.30000 18.45100 98.95400
 3 7 21 07 51 29072.00000 46.46200000 1844.54000 117.30000 18.45100 98.95400
 3 7 21 07 51 29092.70000 46.46200000 1844.99000 117.30000 18.45100 98.95400
 3 7 21 07 52 29094.00000 46.46200000 1844.99000 117.30000 18.45100 98.95400
 3 7 21 07 52 29090.10000 46.46200000 1844.99000 117.30000 18.44200 98.95400
 3 7 21 07 52 29090.00000 46.46200000 1845.00000 117.30000 18.44200 98.95400
 3 7 21 07 53 29071.20000 46.46200000 1845.00000 117.30000 18.44200 98.95400
 3 7 21 07 53 29068.70000 46.46200000 1845.00000 117.28000 18.42100 98.95400
 3 7 21 07 54 29088.60000 46.46200000 1845.25000 117.30000 18.42000 98.95400
 3 7 21 07 54 29094.10000 46.46200000 1849.19000 117.33000 18.42100 98.95400
 3 7 21 07 55 29108.70000 46.46200000 1851.14000 117.33000 18.42100 98.95400
 3 7 21 07 55 29187.00000 46.46200000 1854.16000 117.52000 18.42100 99.00900
 3 7 21 07 55 29209.20000 46.86500000 1860.80000 117.71000 18.42100 99.31500
 3 7 21 07 56 29222.50000 46.88100000 1859.78000 117.71000 18.42100 99.31500
 3 7 21 07 56 29189.90000 46.88100000 1857.86000 117.71000 18.42100 99.31500
 3 7 21 07 57 29166.60000 46.88100000 1858.29000 117.53000 18.42100 99.31500
 3 7 21 07 57 29138.40000 46.88100000 1857.69000 117.53000 18.42100 99.13800
 3 7 21 07 58 29138.90000 46.64300000 1855.68000 117.51000 18.42100 99.13800
 3 7 21 07 58 29132.10000 46.62100000 1854.12000 117.52000 18.42100 99.13800
 3 7 21 07 58 29128.00000 46.62100000 1854.12000 117.52000 18.42100 99.13800
 3 7 21 07 59 29128.90000 46.61600000 1854.12000 117.52000 18.42100 99.13800
 3 7 21 07 59 29123.30000 46.61200000 1851.78000 117.49000 18.42000 99.13800
 3 7 21 08 00 29128.90000 46.67100000 1854.29000 117.60000 18.41600 99.13800
 3 7 21 08 00 29177.50000 46.77100000 1859.64000 117.64000 18.41600 99.33900
 3 7 21 08 01 29158.40000 46.77100000 1856.80000 117.58000 18.41600 99.45200
 3 7 21 08 01 29133.50000 46.77100000 1855.99000 117.60000 18.41600 99.35800
 3 7 21 08 01 29141.90000 46.77100000 1853.83000 117.51000 18.41600 99.35800
 3 7 21 08 02 29129.20000 46.62300000 1852.59000 117.41000 18.41600 99.35800
 3 7 21 08 02 29087.40000 46.62300000 1850.08000 117.42000 18.40000 99.35800
 3 7 21 08 03 29085.90000 46.48300000 1848.67000 117.46000 18.40000 99.35800
 3 7 21 08 03 29075.80000 46.44800000 1850.54000 117.41000 18.40000 99.35800
 3 7 21 08 04 29054.10000 46.50300000 1850.22000 117.32000 18.40000 99.24400
 3 7 21 08 04 29057.20000 46.50300000 1849.92000 117.29000 18.38000 99.24400
 3 7 21 08 04 29063.40000 46.50300000 1850.25000 117.31000 18.38000 99.24400
 3 7 21 08 05 29064.80000 46.50300000 1851.06000 117.31000 18.38000 99.24400
 3 7 21 08 05 29076.10000 46.50300000 1850.72000 117.33000 18.38000 99.24400
 3 7 21 08 06 29069.70000 46.45800000 1851.26000 117.26000 18.38000 99.24400
 3 7 21 08 06 29069.90000 46.45800000 1850.00000 117.22000 18.38000 99.24400
 3 7 21 08 07 29061.10000 46.45800000 1850.52000 117.22000 18.38000 99.24400
 3 7 21 08 07 29078.80000 46.45800000 1850.99000 117.22000 18.38000 99.24400
 3 7 21 08 07 29061.00000 46.45800000 1850.99000 117.22000 18.38000 99.47400
 3 7 21 08 08 29061.00000 46.51000000 1850.89000 117.22000 18.38000 99.47400
 3 7 21 08 08 29063.70000 46.51000000 1850.35000 117.09000 18.38000 99.47400
 3 7 21 08 09 29071.60000 46.48300000 1850.50000 117.09000 18.38000 99.47400
 3 7 21 08 09 29075.00000 46.48300000 1850.12000 117.09000 18.38000 99.47400
 3 7 21 08 10 29075.10000 46.48300000 1850.66000 117.09000 18.38000 99.47400
 3 7 21 08 10 29075.00000 46.64200000 1851.00000 117.08000 18.38000 99.47400
 3 7 21 08 11 29075.00000 46.64200000 1851.00000 117.08000 18.38000 99.47400
 3 7 21 08 11 29075.10000 46.59800000 1851.00000 117.06000 18.38000 99.47400
 3 7 21 08 11 29131.20000 46.91300000 1855.26000 117.06000 18.38000 99.47400
 3 7 21 08 12 29148.70000 46.91300000 1854.30000 117.10000 18.38000 99.47400
 3 7 21 08 12 29122.80000 46.91300000 1853.87000 117.10000 18.38000 99.47400
 3 7 21 08 13 29115.80000 47.03800000 1854.22000 117.07000 18.38000 99.47400
 3 7 21 08 13 29130.10000 47.10300000 1854.22000 117.08000 18.38000 99.47400
 3 7 21 08 14 29107.40000 47.10300000 1854.22000 116.98000 18.38000 99.47400
 3 7 21 08 14 29123.30000 47.14700000 1854.19000 116.99000 18.38000 99.47400
 3 7 21 08 14 29114.80000 47.14700000 1854.19000 116.92000 18.38000 99.47400
 3 7 21 08 15 29114.90000 47.14700000 1854.19000 116.97000 18.38000 99.47400
 3 7 21 08 15 29115.20000 47.14700000 1854.19000 116.91000 18.38000 99.47400
 3 7 21 08 16 29113.00000 47.14700000 1852.04000 116.98000 18.38000 99.47400
 3 7 21 08 16 29122.90000 47.14700000 1852.29000 116.99000 18.38000 99.47400
 3 7 21 08 17 29124.70000 47.50000000 1852.08000 117.03000 18.38000 99.47400
 3 7 21 08 17 29110.60000 47.80700000 1850.61000 116.95000 18.38000 99.47400
 3 7 21 08 17 29123.10000 47.85300000 1850.86000 116.98000 18.38000 99.47400
 3 7 21 08 18 29106.90000 47.81600000 1850.96000 116.98000 18.38000 99.47400
 3 7 21 08 18 29115.50000 47.80800000 1850.96000 116.99000 18.38000 99.47400
 3 7 21 08 19 29112.30000 47.80800000 1850.96000 116.96000 18.38000 99.47400
 3 7 21 08 19 29100.00000 47.94000000 1850.01000 116.99000 18.38000 99.47400
 3 7 21 08 20 29075.10000 47.94000000 1850.00000 116.99000 18.38000 99.47400
 3 7 21 08 20 29060.30000 47.94000000 1849.99000 116.99000 18.38000 99.47400
 3 7 21 08 20 29073.00000 47.94000000 1850.00000 116.96000 18.38000 99.47400
 3 7 21 08 21 29053.60000 47.94000000 1849.50000 116.99000 18.38000 99.24400
 3 7 21 08 21 29059.80000 47.74000000 1849.22000 116.96000 18.38000 99.24400
 3 7 21 08 22 29053.80000 47.68400000 1849.56000 116.96000 18.38000 99.24400
 3 7 21 08 22 29059.90000 47.68400000 1849.56000 117.00000 18.38000 99.24400
 3 7 21 08 23 29059.90000 47.68400000 1849.28000 116.99000 18.38000 99.24400
 3 7 21 08 23 29070.40000 47.68400000 1849.28000 116.98000 18.38000 99.24400
 3 7 21 08 23 29071.50000 47.68400000 1848.88000 116.99000 18.38000 99.24400
 3 7 21 08 24 29080.80000 47.55400000 1848.72000 116.97000 18.38000 98.99100
 3 7 21 08 24 29099.90000 48.07600000 1850.00000 116.97000 18.38000 98.99100
 3 7 21 08 25 29095.90000 48.26900000 1850.94000 116.97000 18.38000 98.99100
 3 7 21 08 25 29097.70000 48.34600000 1849.83000 117.01000 18.38000 98.99100
 3 7 21 08 26 29090.20000 48.34600000 1849.83000 117.01000 18.38000 99.05100
 3 7 21 08 26 29090.90000 48.34600000 1848.55000 117.01000 18.38000 99.05100
 3 7 21 08 26 29090.30000 48.34600000 1848.55000 116.96000 18.38000 99.05100
