M=[
15 6 20 19 47 8328.00000 5.52900000 205.41000 38.72000 13.80100 46.61300
15 6 20 19 47 8327.90000 5.52900000 205.41000 38.72000 13.80100 46.61300
15 6 20 19 48 8326.50000 5.52900000 205.41000 38.70000 13.86700 46.61300
15 6 20 19 48 8326.30000 5.52900000 205.33000 38.70000 13.80100 46.61300
15 6 20 19 49 8326.30000 5.52900000 205.41000 38.70000 13.80100 46.61300
15 6 20 19 49 8329.30000 5.52900000 205.50000 38.70000 13.80100 46.61300
15 6 20 19 50 8329.30000 5.52900000 205.43000 38.70000 13.80100 46.61300
15 6 20 19 50 8330.30000 5.52900000 205.40000 38.70000 13.80100 46.61300
15 6 20 19 51 8331.10000 5.52900000 205.51000 38.70000 13.80100 46.61300
15 6 20 19 51 8333.50000 5.52900000 205.40000 38.72000 13.80100 46.61300
15 6 20 19 52 8337.50000 5.52900000 205.69000 38.70000 13.80100 46.61300
15 6 20 19 52 8341.00000 5.52900000 205.81000 38.70000 13.80100 46.61300
15 6 20 19 53 8341.10000 5.52900000 205.79000 38.70000 13.80100 46.61300
15 6 20 19 53 8339.70000 5.52900000 205.75000 38.70000 13.80100 46.61300
15 6 20 19 54 8342.40000 5.52900000 205.75000 38.76000 13.80100 46.61300
15 6 20 19 54 8342.30000 5.52900000 205.75000 38.76000 13.80100 46.61300
15 6 20 19 55 8341.60000 5.52900000 205.79000 38.76000 13.80100 46.61300
15 6 20 19 55 8343.90000 5.52900000 205.77000 38.76000 13.80100 46.61300
15 6 20 19 56 8341.60000 5.52900000 205.69000 38.75000 13.86700 46.61300
15 6 20 19 56 8337.30000 5.52900000 205.50000 38.75000 13.80100 46.61300
15 6 20 19 57 8334.30000 5.52900000 205.57000 38.75000 13.80100 46.61300
15 6 20 19 57 8337.20000 5.52900000 205.57000 38.75000 13.86700 46.61300
15 6 20 19 57 8336.50000 5.53500000 205.57000 38.75000 13.80100 46.61300
15 6 20 19 58 8329.10000 5.53500000 205.30000 38.75000 13.86700 46.61300
15 6 20 19 59 8330.00000 5.53500000 205.34000 38.63000 13.80100 46.61300
15 6 20 19 59 8333.50000 5.53500000 205.51000 38.63000 13.80100 46.61300
15 6 20 19 59 8333.50000 5.53500000 205.55000 38.63000 13.80100 46.61300
15 6 20 20 00 8341.60000 5.52900000 206.00000 38.63000 13.80100 46.47100
15 6 20 20 01 8342.90000 5.53500000 206.14000 38.63000 13.80100 46.47100
15 6 20 20 01 8343.00000 5.53500000 206.15000 38.63000 13.86700 46.55000
15 6 20 20 01 8343.80000 5.53500000 206.14000 38.63000 13.80100 46.55000
15 6 20 20 02 8342.80000 5.53500000 206.15000 38.63000 13.80100 46.55000
15 6 20 20 02 8343.40000 5.53500000 206.00000 38.63000 13.80100 46.55000
15 6 20 20 03 8339.50000 5.53500000 205.83000 38.75000 13.80100 46.55000
15 6 20 20 03 8342.80000 5.53500000 205.88000 38.75000 13.80100 46.55000
15 6 20 20 04 8344.00000 5.53500000 205.94000 38.75000 13.80100 46.55000
15 6 20 20 04 8340.30000 5.53500000 205.79000 38.75000 13.80100 46.55000
15 6 20 20 05 8340.30000 5.53500000 205.58000 38.75000 13.80100 46.55000
15 6 20 20 05 8340.30000 5.53500000 205.61000 38.75000 13.80100 46.55000
15 6 20 20 06 8340.30000 5.53500000 205.51000 38.75000 13.80100 46.55000
15 6 20 20 06 8341.40000 5.53500000 205.72000 38.71000 13.80100 46.47100
15 6 20 20 07 8344.80000 5.53500000 205.79000 38.71000 13.80100 46.55000
15 6 20 20 07 8344.80000 5.53500000 205.74000 38.72000 13.80100 46.55000
15 6 20 20 08 8344.90000 5.53500000 205.79000 38.75000 13.80100 46.55000
15 6 20 20 08 8340.40000 5.53300000 205.74000 38.72000 13.86700 46.55000
15 6 20 20 09 8340.40000 5.53300000 205.56000 38.72000 13.80100 46.55000
15 6 20 20 09 8340.40000 5.53300000 205.56000 38.72000 13.80100 46.55000
15 6 20 20 10 8340.10000 5.53300000 205.54000 38.71000 13.90100 46.55000
15 6 20 20 10 8343.00000 5.52900000 205.72000 38.72000 13.90100 46.55000
15 6 20 20 11 8342.50000 5.53300000 205.76000 38.72000 13.80100 46.55000
15 6 20 20 11 8342.50000 5.53300000 205.74000 38.72000 13.90100 46.55000
15 6 20 20 12 8340.20000 5.53300000 205.74000 38.72000 13.90100 46.55000
15 6 20 20 12 8332.40000 5.52900000 205.55000 38.72000 13.90100 46.55000
15 6 20 20 12 8332.50000 5.53300000 205.55000 38.72000 13.90100 46.47100
15 6 20 20 13 8332.90000 5.53300000 205.43000 38.72000 13.90100 46.55000
15 6 20 20 13 8327.60000 5.53300000 205.39000 38.72000 13.90100 46.55000
15 6 20 20 14 8327.50000 5.53300000 205.36000 38.72000 13.90100 46.55000
15 6 20 20 14 8326.80000 5.52900000 205.40000 38.72000 13.90100 46.55000
15 6 20 20 15 8324.40000 5.53300000 205.27000 38.72000 13.90100 46.55000
15 6 20 20 15 8327.30000 5.53300000 205.33000 38.71000 13.90100 46.55000
15 6 20 20 16 8324.10000 5.53300000 205.33000 38.72000 13.90100 46.55000
15 6 20 20 16 8327.50000 5.53300000 205.17000 38.72000 13.90100 46.55000
15 6 20 20 17 8326.80000 5.53300000 205.34000 38.75000 13.90100 46.55000
15 6 20 20 17 8327.50000 5.53300000 205.34000 38.72000 13.90100 46.55000
15 6 20 20 18 8327.10000 5.53300000 205.39000 38.72000 13.90100 46.55000
15 6 20 20 18 8327.40000 5.53300000 205.37000 38.72000 13.90100 46.55000
15 6 20 20 19 8327.50000 5.53300000 205.35000 38.70000 13.90100 46.55000
15 6 20 20 19 8325.70000 5.53300000 205.35000 38.75000 13.90100 46.55000
15 6 20 20 20 8327.50000 5.53300000 205.20000 38.70000 13.90100 46.55000
15 6 20 20 20 8324.90000 5.52900000 205.26000 38.70000 13.90100 46.55000
15 6 20 20 21 8325.90000 5.53300000 205.25000 38.70000 13.90100 46.55000
15 6 20 20 21 8327.50000 5.53300000 205.34000 38.70000 13.90100 46.55000
15 6 20 20 22 8327.40000 5.52900000 205.34000 38.70000 13.90100 46.55000
15 6 20 20 22 8327.50000 5.53300000 205.39000 38.74000 13.90100 46.55000
15 6 20 20 22 8327.50000 5.53300000 205.34000 38.74000 13.90100 46.55000
15 6 20 20 23 8327.50000 5.53300000 205.39000 38.74000 13.90100 46.55000
15 6 20 20 23 8327.40000 5.53300000 205.39000 38.74000 13.90100 46.55000
15 6 20 20 24 8327.40000 5.53300000 205.38000 38.74000 13.80100 46.55000
15 6 20 20 24 8327.50000 5.53300000 205.39000 38.74000 13.90100 46.55000
15 6 20 20 25 8327.50000 5.53300000 205.35000 38.74000 13.90100 46.55000
15 6 20 20 25 8327.40000 5.53300000 205.30000 38.74000 13.90100 46.55000
15 6 20 20 26 8327.50000 5.53300000 205.35000 38.72000 13.90100 46.55000
15 6 20 20 26 8327.50000 5.52900000 205.35000 38.72000 13.90100 46.55000
15 6 20 20 27 8327.50000 5.53300000 205.26000 38.73000 13.80100 46.80100
15 6 20 20 27 8327.50000 5.52900000 205.30000 38.73000 13.90100 46.55000
15 6 20 20 28 8328.00000 5.53300000 205.30000 38.75000 13.90100 46.55000
15 6 20 20 28 8327.50000 5.53300000 205.36000 38.74000 13.90100 46.55000
15 6 20 20 28 8329.90000 5.53300000 205.28000 38.71000 13.90100 46.55000
15 6 20 20 29 8339.90000 5.53300000 205.39000 38.75000 13.90100 46.55000
15 6 20 20 29 8339.80000 5.53300000 205.39000 38.76000 13.90100 46.55000
15 6 20 20 30 8329.10000 5.53300000 205.53000 38.76000 13.90100 46.55000
15 6 20 20 30 8340.00000 5.53300000 205.53000 38.76000 13.90100 46.55000
15 6 20 20 31 8340.00000 5.53300000 205.53000 38.76000 13.90100 46.55000
15 6 20 20 31 8339.00000 5.52900000 205.53000 38.76000 13.90100 46.55000
15 6 20 20 32 8338.80000 5.53300000 205.53000 38.76000 13.90100 46.55000
15 6 20 20 32 8337.40000 5.53300000 205.53000 38.76000 13.90100 46.55000
15 6 20 20 33 8336.20000 5.53300000 205.52000 38.73000 13.90100 46.55000
15 6 20 20 33 8336.20000 5.53300000 205.47000 38.73000 13.90100 46.80100
15 6 20 20 34 8337.90000 5.53300000 205.56000 38.76000 13.90100 46.55000
15 6 20 20 34 8338.30000 5.53500000 205.56000 38.73000 13.90100 46.55000
15 6 20 20 35 8337.30000 5.53300000 205.47000 38.73000 13.90100 46.55000
15 6 20 20 35 8337.00000 5.53300000 205.47000 38.73000 13.90100 46.55000
15 6 20 20 36 8340.30000 5.52900000 205.47000 38.73000 13.86700 46.55000
15 6 20 20 36 8344.80000 5.54100000 205.60000 38.76000 13.90100 46.55000
15 6 20 20 36 8344.70000 5.54100000 205.47000 38.73000 13.90100 46.55000
15 6 20 20 37 8345.00000 5.54100000 205.60000 38.80000 13.90100 46.55000
15 6 20 20 37 8342.60000 5.54100000 205.71000 38.80000 13.80100 46.55000
15 6 20 20 38 8341.90000 5.54100000 205.79000 38.73000 13.90100 46.36900
15 6 20 20 38 8341.90000 5.54100000 205.78000 38.80000 13.90100 46.55000
