M=[
28 1 21 00 02 25357.30000 5.69300000 1033.81000 101.80000 16.01800 65.00000
28 1 21 00 02 25256.00000 5.69300000 1034.72000 102.08000 16.01800 65.00000
28 1 21 00 02 25191.30000 5.69300000 1029.90000 101.88000 16.01800 65.00000
28 1 21 00 03 25125.00000 5.69600000 1028.01000 101.49000 16.01800 65.00000
28 1 21 00 03 25085.60000 5.69600000 1027.11000 101.49000 16.01800 65.00000
28 1 21 00 04 25119.70000 5.69600000 1027.33000 101.05000 16.01800 65.00000
28 1 21 00 04 25099.10000 5.69600000 1030.00000 101.35000 16.01800 65.00000
28 1 21 00 05 25143.70000 5.69600000 1030.00000 101.35000 16.01800 65.00000
28 1 21 00 05 25144.30000 5.69600000 1031.00000 101.35000 16.01800 65.00000
28 1 21 00 05 25116.00000 5.69600000 1031.62000 101.35000 16.01800 65.00000
28 1 21 00 06 25155.60000 5.69600000 1033.00000 101.35000 16.01800 64.85400
28 1 21 00 06 25145.10000 5.69600000 1032.02000 101.35000 16.01800 64.85400
28 1 21 00 07 25146.70000 5.69600000 1032.85000 101.93000 16.01800 64.85400
28 1 21 00 07 25143.50000 5.69600000 1032.85000 101.93000 16.01800 64.85400
28 1 21 00 08 25100.10000 5.69600000 1029.91000 101.66000 16.01800 64.85400
28 1 21 00 08 25044.80000 5.69600000 1029.49000 101.65000 16.01800 64.85400
28 1 21 00 08 25064.90000 5.69600000 1029.49000 101.65000 16.01800 64.85400
28 1 21 00 09 25078.60000 5.69600000 1029.34000 101.54000 16.01800 64.85400
28 1 21 00 09 25073.00000 5.69600000 1028.72000 101.54000 16.01800 64.85400
28 1 21 00 10 25110.40000 5.69600000 1031.24000 101.45000 16.01800 64.85400
28 1 21 00 10 25121.00000 5.69600000 1031.24000 101.45000 16.01800 64.85400
28 1 21 00 11 25157.40000 5.69600000 1031.24000 101.45000 16.01800 64.85400
28 1 21 00 11 25117.30000 5.69600000 1031.59000 101.45000 16.01800 64.85400
28 1 21 00 11 25115.80000 5.69600000 1032.06000 101.45000 16.01800 64.85400
28 1 21 00 12 25106.60000 5.69600000 1031.94000 101.75000 16.01800 64.85400
28 1 21 00 12 25050.40000 5.69600000 1030.82000 101.60000 16.01800 64.85400
28 1 21 00 13 25044.80000 5.69600000 1028.83000 101.60000 16.01800 64.85400
28 1 21 00 13 24986.00000 5.69600000 1027.09000 101.33000 16.01800 64.84800
28 1 21 00 14 24985.10000 5.69600000 1025.35000 101.33000 16.01800 64.84800
28 1 21 00 14 24981.00000 5.69600000 1024.17000 101.33000 16.01800 64.84800
28 1 21 00 14 24950.00000 5.65000000 1022.68000 101.33000 16.01800 64.84800
28 1 21 00 15 24957.30000 5.65000000 1021.28000 101.33000 16.01800 64.84800
28 1 21 00 15 24878.60000 5.65000000 1020.00000 101.33000 16.01800 64.84800
28 1 21 00 16 24850.20000 5.65000000 1018.58000 101.04000 16.01800 64.58000
28 1 21 00 16 24850.60000 5.65000000 1017.51000 100.93000 16.01800 64.58000
28 1 21 00 17 24850.20000 5.65000000 1017.30000 100.88000 16.01800 64.46700
28 1 21 00 17 24837.30000 5.65000000 1017.94000 100.88000 16.01800 64.46700
28 1 21 00 17 24810.00000 5.65000000 1017.16000 100.88000 16.01800 64.46700
28 1 21 00 18 24829.40000 5.65000000 1018.29000 100.78000 16.01800 64.46700
28 1 21 00 18 24828.80000 5.64800000 1016.33000 100.70000 16.01800 64.46700
28 1 21 00 19 24824.10000 5.64800000 1015.98000 100.70000 16.01800 64.46700
28 1 21 00 19 24810.70000 5.64800000 1014.99000 100.70000 16.01800 64.46700
28 1 21 00 20 24811.50000 5.64800000 1013.88000 100.70000 16.01800 64.46700
28 1 21 00 20 24838.80000 5.64800000 1013.17000 100.70000 16.01800 64.46700
28 1 21 00 20 24860.00000 5.64800000 1017.11000 100.75000 16.01800 64.46700
28 1 21 00 21 24839.40000 5.64800000 1016.60000 100.75000 16.01800 64.46700
28 1 21 00 21 24861.90000 5.64800000 1015.45000 100.75000 16.01800 64.46700
28 1 21 00 22 24827.00000 5.64800000 1015.00000 100.71000 16.01800 64.46700
28 1 21 00 22 24813.30000 5.63000000 1011.16000 100.57000 16.01800 64.46700
28 1 21 00 23 24800.10000 5.63000000 1011.67000 100.53000 16.01800 64.46700
28 1 21 00 23 24743.60000 5.62400000 1010.56000 100.25000 16.01800 63.91300
28 1 21 00 23 24810.60000 5.62400000 1012.73000 100.37000 16.01800 64.00000
28 1 21 00 24 24808.40000 5.62400000 1012.13000 100.54000 16.01800 64.00000
28 1 21 00 24 24815.20000 5.62400000 1013.78000 100.54000 16.01800 64.00000
28 1 21 00 25 24869.20000 5.62400000 1014.90000 100.80000 16.01800 64.00000
28 1 21 00 25 24867.20000 5.62400000 1015.08000 100.80000 16.01800 64.00000
28 1 21 00 26 24970.20000 5.62400000 1018.98000 100.80000 16.01800 64.43600
28 1 21 00 26 24989.50000 5.62400000 1020.91000 101.04000 15.87500 64.43600
28 1 21 00 26 24961.10000 5.62400000 1019.99000 101.04000 15.97500 64.43600
28 1 21 00 27 24989.60000 5.62400000 1022.47000 101.05000 15.97500 64.69300
28 1 21 00 27 25003.00000 5.62400000 1025.86000 101.05000 15.97500 64.82500
28 1 21 00 28 25021.40000 5.64400000 1024.64000 101.25000 15.97500 64.82500
28 1 21 00 28 25008.30000 5.64400000 1024.68000 101.25000 15.97500 64.82500
28 1 21 00 29 25055.10000 5.64400000 1025.66000 101.42000 15.97500 64.82500
28 1 21 00 29 25030.50000 5.64400000 1025.72000 101.42000 15.97500 64.82500
28 1 21 00 29 25024.50000 5.64400000 1025.11000 101.42000 15.97500 64.82500
28 1 21 00 30 25078.40000 5.64400000 1026.54000 101.79000 15.97500 64.63300
28 1 21 00 30 25078.40000 5.64400000 1027.97000 101.79000 15.97500 64.65600
28 1 21 00 31 25035.10000 5.64400000 1026.86000 101.83000 15.97500 64.65500
28 1 21 00 31 25035.10000 5.64400000 1026.96000 101.91000 15.97500 64.65500
28 1 21 00 32 25035.00000 5.64400000 1027.43000 101.91000 15.97500 64.65500
28 1 21 00 32 25035.00000 5.64400000 1027.43000 101.91000 15.97500 64.65500
28 1 21 00 32 25022.30000 5.64400000 1027.43000 101.91000 15.97500 64.65500
28 1 21 00 33 25010.90000 5.64400000 1028.19000 101.91000 15.97500 64.65500
28 1 21 00 33 25046.90000 5.64400000 1027.18000 101.88000 15.97500 64.65500
28 1 21 00 34 25029.70000 5.64400000 1027.16000 101.88000 15.97500 64.65500
28 1 21 00 34 25001.00000 5.64400000 1023.64000 101.63000 15.97500 64.65500
28 1 21 00 35 24961.00000 5.64400000 1022.79000 101.60000 15.97500 64.65500
28 1 21 00 35 24956.10000 5.64400000 1022.38000 101.60000 15.97500 64.65500
28 1 21 00 35 25063.40000 5.64400000 1027.39000 101.60000 15.97500 64.65500
28 1 21 00 36 25092.80000 5.66500000 1028.89000 102.11000 15.97500 64.65500
28 1 21 00 36 25099.90000 5.66500000 1029.46000 102.19000 15.97500 64.65500
28 1 21 00 37 25099.90000 5.66500000 1029.56000 102.17000 15.97500 64.65500
28 1 21 00 37 25087.90000 5.66500000 1027.25000 101.99000 15.97500 64.65500
28 1 21 00 38 25074.80000 5.66500000 1027.51000 101.99000 15.97500 64.65500
28 1 21 00 38 25067.10000 5.66500000 1029.76000 102.05000 15.97500 64.65500
28 1 21 00 38 25067.10000 5.66500000 1029.44000 101.97000 15.97500 64.65500
28 1 21 00 39 25087.20000 5.66500000 1031.09000 101.97000 15.97500 64.65500
28 1 21 00 39 25087.50000 5.66500000 1031.09000 102.04000 15.97500 64.65500
28 1 21 00 40 25094.10000 5.66500000 1030.29000 102.04000 15.97500 64.65500
28 1 21 00 40 25099.00000 5.66500000 1030.72000 102.04000 15.97500 64.65500
28 1 21 00 41 25099.00000 5.66500000 1032.00000 102.22000 15.97500 64.29900
28 1 21 00 41 25085.10000 5.68900000 1031.27000 102.22000 15.97500 64.29900
28 1 21 00 41 25085.10000 5.68900000 1031.27000 102.22000 15.97500 64.29900
28 1 21 00 42 25092.20000 5.68900000 1031.56000 102.38000 15.97500 64.10000
28 1 21 00 42 25088.90000 5.68900000 1030.40000 102.38000 15.97500 64.10000
28 1 21 00 43 25099.00000 5.68900000 1031.99000 102.38000 15.97500 64.10000
28 1 21 00 43 25085.30000 5.68900000 1031.22000 102.38000 15.97500 64.10000
28 1 21 00 44 25088.50000 5.68900000 1031.22000 102.38000 15.97500 64.10000
28 1 21 00 44 25065.70000 5.68900000 1030.58000 102.38000 15.97500 64.10000
28 1 21 00 45 25076.10000 5.68900000 1029.46000 102.38000 15.97500 64.10000
28 1 21 00 45 25096.50000 5.68900000 1029.46000 102.38000 15.97500 64.10000
28 1 21 00 45 25077.00000 5.68900000 1030.19000 102.38000 15.97500 64.10000
28 1 21 00 46 25098.90000 5.68900000 1030.19000 102.38000 15.97500 64.10000
28 1 21 00 46 25136.90000 5.68900000 1032.00000 102.38000 15.97500 64.10000
