M=[
21 6 20 10 52 8362.30000 5.56200000 205.48000 38.57000 15.83900 46.00200
21 6 20 10 53 8362.30000 5.56200000 205.40000 38.57000 15.83900 46.00200
21 6 20 10 53 8362.20000 5.56200000 205.40000 38.57000 15.83900 46.00200
21 6 20 10 53 8362.10000 5.56200000 205.40000 38.57000 15.83900 46.00200
21 6 20 10 54 8362.10000 5.56200000 205.40000 38.57000 15.83900 46.00200
21 6 20 10 54 8362.20000 5.56200000 205.40000 38.57000 15.83900 46.00200
21 6 20 10 55 8362.20000 5.56200000 205.40000 38.57000 15.83900 46.00200
21 6 20 10 55 8362.20000 5.56200000 205.40000 38.57000 15.83900 46.00200
21 6 20 10 56 8362.20000 5.56200000 205.43000 38.57000 15.83900 46.00200
21 6 20 10 56 8362.10000 5.56200000 205.43000 38.57000 15.83900 46.00200
21 6 20 10 57 8362.20000 5.56200000 205.43000 38.57000 15.83900 46.00200
21 6 20 10 57 8362.10000 5.56200000 205.43000 38.57000 15.83900 46.00200
21 6 20 10 57 8362.10000 5.56200000 205.43000 38.57000 15.83900 46.00200
21 6 20 10 58 8362.10000 5.56200000 205.43000 38.57000 15.83900 46.00200
21 6 20 10 58 8362.90000 5.56200000 205.43000 38.57000 15.83900 46.00200
21 6 20 10 59 8363.00000 5.56200000 205.43000 38.57000 15.83900 46.00200
21 6 20 10 59 8362.90000 5.56200000 205.43000 38.57000 15.83900 46.00200
21 6 20 11 00 8363.00000 5.56200000 205.42000 38.57000 15.83900 46.00200
21 6 20 11 00 8362.80000 5.56200000 205.43000 38.57000 15.83900 46.00200
21 6 20 11 01 8362.80000 5.56200000 205.43000 38.57000 15.83900 46.00200
21 6 20 11 01 8362.50000 5.56200000 205.45000 38.57000 15.83900 46.00200
21 6 20 11 02 8362.20000 5.56200000 205.45000 38.57000 15.83900 46.00200
21 6 20 11 02 8362.10000 5.56200000 205.40000 38.57000 15.83900 46.00200
21 6 20 11 02 8362.10000 5.56200000 205.40000 38.57000 15.83900 46.00200
21 6 20 11 03 8362.10000 5.56200000 205.40000 38.57000 15.83900 46.00200
21 6 20 11 03 8362.10000 5.56200000 205.33000 38.57000 15.83900 46.00200
21 6 20 11 04 8362.00000 5.56200000 205.34000 38.57000 15.83900 46.00200
21 6 20 11 04 8362.00000 5.56200000 205.34000 38.57000 15.83900 46.00200
21 6 20 11 05 8362.00000 5.56200000 205.33000 38.57000 15.83900 46.00200
21 6 20 11 05 8362.10000 5.56200000 205.33000 38.57000 15.83900 46.00200
21 6 20 11 06 8355.90000 5.56200000 205.31000 38.57000 15.83900 46.00200
21 6 20 11 06 8353.30000 5.56200000 205.31000 38.57000 15.83900 46.00200
21 6 20 11 07 8354.70000 5.56200000 205.31000 38.57000 15.83900 46.00200
21 6 20 11 07 8355.10000 5.56200000 205.31000 38.57000 15.83900 46.00200
21 6 20 11 07 8354.90000 5.56200000 205.22000 38.57000 15.83900 46.00200
21 6 20 11 08 8354.10000 5.56200000 205.22000 38.57000 15.83900 46.00200
21 6 20 11 08 8353.30000 5.56200000 205.20000 38.57000 15.83900 46.00200
21 6 20 11 09 8353.30000 5.56200000 205.20000 38.57000 15.83900 46.00200
21 6 20 11 09 8353.40000 5.53700000 205.20000 38.57000 15.83900 46.00200
21 6 20 11 10 8353.40000 5.53700000 205.33000 38.57000 15.83900 46.00200
21 6 20 11 10 8353.40000 5.53700000 205.33000 38.60000 15.83900 46.00200
21 6 20 11 11 8353.40000 5.53700000 205.18000 38.60000 15.83900 46.00200
21 6 20 11 11 8353.40000 5.53700000 205.18000 38.60000 15.83900 46.00200
21 6 20 11 12 8352.70000 5.53700000 205.14000 38.60000 15.83900 46.00200
21 6 20 11 12 8351.40000 5.53700000 205.13000 38.60000 15.83900 46.00200
21 6 20 11 13 8351.50000 5.53700000 205.13000 38.60000 15.83900 46.00200
21 6 20 11 13 8351.40000 5.53700000 205.13000 38.60000 15.83900 46.00200
21 6 20 11 13 8351.40000 5.53700000 205.20000 38.60000 15.83900 46.00200
21 6 20 11 14 8351.50000 5.53700000 205.20000 38.60000 15.83900 46.00200
21 6 20 11 14 8351.40000 5.53700000 205.20000 38.60000 15.83900 46.00200
21 6 20 11 15 8351.50000 5.53700000 205.20000 38.60000 15.83900 46.00200
21 6 20 11 15 8351.40000 5.53700000 205.18000 38.60000 15.83900 46.00200
21 6 20 11 16 8355.90000 5.56200000 205.16000 38.60000 15.83900 46.02800
21 6 20 11 16 8355.80000 5.53700000 205.18000 38.60000 15.83900 46.02800
21 6 20 11 17 8357.20000 5.53700000 205.29000 38.60000 15.83900 46.02800
21 6 20 11 17 8351.60000 5.53700000 205.29000 38.60000 15.83900 46.02800
21 6 20 11 18 8353.00000 5.53700000 205.17000 38.55000 15.83900 46.00200
21 6 20 11 18 8353.40000 5.53700000 205.12000 38.55000 15.83900 46.02800
21 6 20 11 19 8353.60000 5.53700000 205.13000 38.55000 15.83900 46.02800
21 6 20 11 19 8351.70000 5.53700000 205.13000 38.55000 15.83900 46.00200
21 6 20 11 19 8354.60000 5.53700000 205.13000 38.55000 15.83900 46.02800
21 6 20 11 20 8354.60000 5.53700000 205.20000 38.55000 15.83900 46.00200
21 6 20 11 20 8354.50000 5.53700000 205.20000 38.55000 15.83900 46.02800
21 6 20 11 21 8354.50000 5.53700000 205.20000 38.55000 15.83900 46.02800
21 6 20 11 21 8354.20000 5.53700000 205.20000 38.58000 15.83900 46.02800
21 6 20 11 22 8352.90000 5.53700000 205.16000 38.58000 15.83900 46.02800
21 6 20 11 22 8352.90000 5.53700000 205.16000 38.58000 15.83900 46.02800
21 6 20 11 22 8351.40000 5.53700000 205.16000 38.58000 15.83900 46.02800
21 6 20 11 23 8351.40000 5.53700000 205.16000 38.58000 15.83900 46.00200
21 6 20 11 23 8354.50000 5.53700000 205.16000 38.58000 15.83900 46.00000
21 6 20 11 24 8354.40000 5.53700000 205.16000 38.58000 15.83900 46.00000
21 6 20 11 24 8354.40000 5.53700000 205.16000 38.58000 15.83900 46.00000
21 6 20 11 25 8354.50000 5.53700000 205.16000 38.58000 15.83900 46.00000
21 6 20 11 25 8354.60000 5.53700000 205.16000 38.58000 15.83900 46.00000
21 6 20 11 26 8354.60000 5.53700000 205.15000 38.58000 15.83900 46.00000
21 6 20 11 26 8354.70000 5.53700000 205.15000 38.58000 15.83900 46.00000
21 6 20 11 26 8356.80000 5.53700000 205.15000 38.58000 15.83900 46.00000
21 6 20 11 27 8357.30000 5.53700000 205.16000 38.58000 15.83900 46.00000
21 6 20 11 27 8359.90000 5.53700000 205.16000 38.58000 15.83900 46.00000
21 6 20 11 28 8360.90000 5.53700000 205.16000 38.58000 15.83900 46.00000
21 6 20 11 28 8357.20000 5.53700000 205.36000 38.58000 15.83900 46.00000
21 6 20 11 29 8357.00000 5.53700000 205.36000 38.55000 15.83900 46.00000
21 6 20 11 29 8357.00000 5.53700000 205.36000 38.64000 15.83900 46.00000
21 6 20 11 30 8357.20000 5.53700000 205.41000 38.64000 15.83900 46.00000
21 6 20 11 30 8357.20000 5.53700000 205.43000 38.64000 15.83900 46.00000
21 6 20 11 31 8357.10000 5.53700000 205.43000 38.64000 15.83900 46.00000
21 6 20 11 31 8357.10000 5.53700000 205.45000 38.64000 15.83900 46.00000
21 6 20 11 31 8357.10000 5.53700000 205.45000 38.64000 15.83900 46.00000
21 6 20 11 32 8357.20000 5.53700000 205.45000 38.64000 15.83900 46.00000
21 6 20 11 32 8362.30000 5.53700000 205.45000 38.64000 15.83900 46.00000
21 6 20 11 33 8362.20000 5.53700000 205.45000 38.64000 15.83900 46.00000
21 6 20 11 33 8362.20000 5.53700000 205.45000 38.64000 15.83900 46.00000
21 6 20 11 34 8362.90000 5.53700000 205.63000 38.64000 15.83900 46.00000
21 6 20 11 34 8362.90000 5.53700000 205.63000 38.64000 15.83900 46.00000
21 6 20 11 35 8361.70000 5.53700000 205.63000 38.64000 15.83900 46.00000
21 6 20 11 35 8362.80000 5.53700000 205.63000 38.64000 15.83900 46.00000
21 6 20 11 36 8362.70000 5.53700000 205.63000 38.64000 15.83900 46.00000
21 6 20 11 36 8362.90000 5.53700000 205.63000 38.64000 15.83900 46.00000
21 6 20 11 36 8362.90000 5.53700000 205.63000 38.64000 15.83900 46.00000
21 6 20 11 37 8362.80000 5.53700000 205.53000 38.64000 15.83900 46.00000
21 6 20 11 37 8362.80000 5.53700000 205.53000 38.64000 15.83900 46.00000
21 6 20 11 38 8360.70000 5.56200000 205.43000 38.64000 15.83900 46.00000
21 6 20 11 38 8360.70000 5.53700000 205.40000 38.64000 15.83900 46.00000
21 6 20 11 39 8360.70000 5.53700000 205.40000 38.64000 15.71900 46.00000
21 6 20 11 39 8360.60000 5.53700000 205.40000 38.64000 15.71900 46.00000
21 6 20 11 40 8360.60000 5.53700000 205.43000 38.64000 15.71900 46.00000
21 6 20 11 40 8361.00000 5.53700000 205.42000 38.64000 15.71900 46.00000
21 6 20 11 41 8360.70000 5.53700000 205.43000 38.64000 15.71900 46.00000
21 6 20 11 41 8362.20000 5.53700000 205.43000 38.64000 15.71900 46.00000
