M=[
25 4 20 11 22 7028.90000 5.32400000 181.26000 41.52000 9.44400 41.23000
25 4 20 11 23 7029.70000 5.32400000 181.20000 41.79000 9.44400 41.23000
25 4 20 11 23 7030.40000 5.32400000 181.30000 41.77000 9.44400 41.23000
25 4 20 11 24 7030.40000 5.32400000 181.28000 41.77000 9.44400 41.23000
25 4 20 11 24 7031.70000 5.32400000 181.34000 41.77000 9.44400 41.23000
25 4 20 11 25 7031.70000 5.32400000 181.41000 41.55000 9.50000 41.23000
25 4 20 11 25 7040.20000 5.32400000 181.49000 41.77000 9.50000 41.23000
25 4 20 11 26 7021.50000 5.32400000 181.03000 41.77000 9.50000 41.23000
25 4 20 11 26 7017.10000 5.32400000 180.21000 41.77000 9.47600 41.10000
25 4 20 11 27 7000.50000 5.31200000 180.29000 41.77000 9.47600 41.10000
25 4 20 11 27 7000.10000 5.32400000 180.24000 41.77000 9.47600 41.10000
25 4 20 11 28 7000.00000 5.32400000 180.08000 41.77000 9.47600 41.10000
25 4 20 11 28 7000.20000 5.32400000 180.00000 41.77000 9.44400 41.10000
25 4 20 11 28 6994.80000 5.32400000 180.00000 41.52000 9.47600 41.10000
25 4 20 11 29 6985.70000 5.32400000 179.60000 41.33000 9.47600 41.10000
25 4 20 11 29 6985.70000 5.32400000 179.42000 41.33000 9.47600 41.10000
25 4 20 11 30 6985.70000 5.27900000 179.42000 41.33000 9.47600 41.10000
25 4 20 11 30 6991.80000 5.27900000 179.53000 41.43000 9.47600 41.10000
25 4 20 11 31 6991.90000 5.27900000 179.63000 41.43000 9.47600 41.10000
25 4 20 11 31 6986.30000 5.27900000 179.49000 41.43000 9.47600 41.10000
25 4 20 11 32 6991.20000 5.27900000 179.64000 41.43000 9.47600 41.10000
25 4 20 11 32 6991.00000 5.27900000 179.62000 41.42000 9.47600 41.10000
25 4 20 11 33 6985.10000 5.27900000 179.53000 41.42000 9.47600 41.10000
25 4 20 11 33 6989.90000 5.27900000 179.53000 41.42000 9.47600 41.10000
25 4 20 11 34 6990.50000 5.27900000 179.60000 41.45000 9.47600 41.10000
25 4 20 11 34 6990.50000 5.27900000 179.53000 41.45000 9.47600 41.10000
25 4 20 11 34 6990.50000 5.27900000 179.65000 41.45000 9.47600 41.10000
25 4 20 11 35 6990.60000 5.27900000 179.64000 41.45000 9.47600 41.03000
25 4 20 11 35 6990.50000 5.27900000 179.64000 41.45000 9.47600 41.23000
25 4 20 11 36 6986.00000 5.27900000 179.64000 41.45000 9.47600 41.03000
25 4 20 11 36 6986.10000 5.27900000 179.61000 41.45000 9.44400 41.03000
25 4 20 11 37 6987.00000 5.27900000 179.61000 41.45000 9.47600 41.03000
25 4 20 11 37 6986.40000 5.27900000 179.42000 41.45000 9.47600 41.03000
25 4 20 11 38 6986.10000 5.27900000 179.40000 41.45000 9.47600 41.03000
25 4 20 11 38 6979.10000 5.27900000 179.07000 41.14000 9.47600 40.90100
25 4 20 11 39 6978.30000 5.27900000 179.16000 41.24000 9.47600 40.90100
25 4 20 11 39 6979.30000 5.27900000 178.85000 41.14000 9.47600 40.90100
25 4 20 11 39 6975.30000 5.27900000 178.76000 41.11000 9.47600 40.90100
25 4 20 11 40 6975.40000 5.27900000 178.89000 41.05000 9.47600 40.90100
25 4 20 11 40 6978.00000 5.27900000 178.90000 41.05000 9.47600 40.90100
25 4 20 11 41 6983.80000 5.27900000 179.20000 41.26000 9.44400 40.90100
25 4 20 11 41 6977.90000 5.27900000 179.20000 41.26000 9.47600 40.90100
25 4 20 11 42 6987.40000 5.27900000 179.39000 41.24000 9.47600 40.90100
25 4 20 11 42 6982.30000 5.27900000 179.31000 41.21000 9.47600 40.90100
25 4 20 11 43 6982.10000 5.27900000 179.20000 41.20000 9.47600 40.90100
25 4 20 11 43 6982.20000 5.27900000 179.20000 41.20000 9.44400 40.90100
25 4 20 11 44 6985.50000 5.27900000 179.19000 41.20000 9.47600 40.90100
25 4 20 11 44 6987.80000 5.27900000 179.34000 41.22000 9.47600 40.90100
25 4 20 11 44 6985.60000 5.27900000 179.17000 41.22000 9.47600 40.90100
25 4 20 11 45 6988.40000 5.27900000 179.39000 41.22000 9.47600 40.90100
25 4 20 11 45 6988.50000 5.27900000 179.41000 41.22000 9.47600 40.90100
25 4 20 11 46 6989.10000 5.27900000 179.54000 41.45000 9.47600 40.90100
25 4 20 11 46 6993.00000 5.27900000 179.54000 41.45000 9.47600 40.90100
25 4 20 11 47 6986.50000 5.27900000 179.42000 41.45000 9.47600 40.90100
25 4 20 11 47 6986.50000 5.27900000 179.42000 41.42000 9.47600 40.92000
25 4 20 11 48 6985.10000 5.27900000 179.40000 41.42000 9.48600 40.92000
25 4 20 11 48 6980.30000 5.27900000 179.31000 41.42000 9.48600 40.92000
25 4 20 11 48 6981.50000 5.27900000 179.23000 41.42000 9.48600 40.98900
25 4 20 11 49 6986.00000 5.27900000 179.29000 41.32000 9.45600 40.92000
25 4 20 11 49 6987.20000 5.27900000 179.28000 41.42000 9.45500 40.98900
25 4 20 11 50 6987.80000 5.27900000 179.31000 41.42000 9.48600 40.92000
25 4 20 11 50 6988.40000 5.27900000 179.31000 41.42000 9.45500 40.98900
25 4 20 11 51 6988.40000 5.27900000 179.31000 41.22000 9.45500 40.98900
25 4 20 11 51 6988.40000 5.27900000 179.39000 41.42000 9.45500 41.03000
25 4 20 11 52 6988.40000 5.29600000 179.31000 41.32000 9.45500 40.98900
25 4 20 11 52 6992.70000 5.29600000 179.72000 41.42000 9.45500 41.03000
25 4 20 11 52 6997.00000 5.29600000 179.72000 41.45000 9.45500 40.98900
25 4 20 11 53 6997.00000 5.29600000 179.71000 41.42000 9.45500 40.98900
25 4 20 11 53 6996.70000 5.29600000 179.71000 41.42000 9.45500 40.98900
25 4 20 11 54 6995.70000 5.29600000 179.63000 41.51000 9.45500 40.98900
25 4 20 11 54 6995.80000 5.27900000 179.70000 41.51000 9.45500 40.98900
25 4 20 11 55 6995.40000 5.29600000 179.74000 41.51000 9.45500 40.98900
25 4 20 11 55 6995.70000 5.29600000 179.73000 41.51000 9.45500 40.98900
25 4 20 11 56 6995.50000 5.27900000 179.72000 41.42000 9.45500 40.98900
25 4 20 11 56 6989.00000 5.29600000 179.50000 41.42000 9.45500 40.98900
25 4 20 11 57 6987.50000 5.29600000 179.50000 41.51000 9.45500 40.98900
25 4 20 11 57 6984.10000 5.29600000 179.34000 41.51000 9.45500 40.98900
25 4 20 11 57 6987.20000 5.29600000 179.32000 41.51000 9.45500 40.98900
25 4 20 11 58 6986.10000 5.29600000 179.35000 41.51000 9.45500 40.98900
25 4 20 11 58 6986.90000 5.29600000 179.35000 41.51000 9.45500 40.98900
25 4 20 11 59 6984.20000 5.29600000 179.37000 41.37000 9.45500 40.98900
25 4 20 11 59 6983.80000 5.29600000 179.37000 41.37000 9.45500 40.98900
25 4 20 12 00 6982.90000 5.29600000 179.31000 41.51000 9.45500 40.98900
25 4 20 12 00 6982.80000 5.29600000 179.42000 41.37000 9.45500 40.98900
25 4 20 12 01 6983.60000 5.29600000 179.42000 41.37000 9.45500 40.98900
25 4 20 12 01 6988.40000 5.29600000 179.50000 41.37000 9.45500 40.98900
25 4 20 12 01 6990.10000 5.29600000 179.50000 41.37000 9.45500 40.98900
25 4 20 12 02 6986.80000 5.29600000 179.54000 41.37000 9.45500 40.98900
25 4 20 12 02 6983.00000 5.29600000 179.50000 41.37000 9.45500 40.98900
25 4 20 12 03 6983.00000 5.29600000 179.46000 41.37000 9.45500 40.98900
25 4 20 12 03 6983.00000 5.29600000 179.53000 41.37000 9.45500 40.98900
25 4 20 12 04 6986.10000 5.29600000 179.53000 41.37000 9.45500 40.92000
25 4 20 12 04 6986.10000 5.29600000 179.53000 41.37000 9.45500 40.98900
25 4 20 12 05 6984.70000 5.27900000 179.54000 41.37000 9.45500 40.98900
25 4 20 12 05 6985.00000 5.29600000 179.54000 41.51000 9.45500 40.98900
25 4 20 12 06 6986.70000 5.29600000 179.54000 41.44000 9.45500 40.92000
25 4 20 12 06 6985.20000 5.29600000 179.54000 41.44000 9.45500 40.98900
25 4 20 12 06 6985.60000 5.29600000 179.54000 41.44000 9.45500 40.98900
25 4 20 12 07 6984.80000 5.29600000 179.64000 41.44000 9.45500 40.98900
25 4 20 12 07 6985.50000 5.27500000 179.66000 41.44000 9.45500 40.98900
25 4 20 12 08 6983.40000 5.27500000 179.68000 41.44000 9.45500 40.92000
25 4 20 12 08 6984.60000 5.27500000 179.68000 41.44000 9.45500 40.98900
25 4 20 12 09 6984.00000 5.27500000 179.64000 41.37000 9.45500 40.95000
25 4 20 12 09 6984.10000 5.28900000 179.64000 41.37000 9.45500 40.95000
25 4 20 12 10 6984.60000 5.28900000 179.74000 41.41000 9.45500 40.97700
25 4 20 12 10 6989.80000 5.28900000 179.74000 41.41000 9.45500 40.97700
25 4 20 12 10 6989.30000 5.28900000 179.76000 41.41000 9.45500 40.98900
25 4 20 12 11 6992.90000 5.28900000 179.97000 41.41000 9.45500 40.97700
25 4 20 12 11 6994.30000 5.28900000 179.96000 41.41000 9.45500 40.97700
25 4 20 12 12 6988.20000 5.28900000 179.87000 41.41000 9.45500 40.97700
25 4 20 12 12 6987.90000 5.28900000 179.84000 41.41000 9.45500 40.97700
