M=[
12 6 20 20 24 8371.70000 5.65200000 210.32000 39.74000 13.10800 45.48200
12 6 20 20 24 8372.50000 5.65200000 210.37000 39.74000 13.10800 45.48200
12 6 20 20 25 8377.30000 5.65200000 210.39000 39.74000 13.12200 45.48200
12 6 20 20 25 8377.30000 5.65200000 210.39000 39.74000 13.10800 45.48200
12 6 20 20 26 8378.30000 5.65200000 210.39000 39.74000 13.10800 45.48200
12 6 20 20 26 8379.80000 5.65200000 210.45000 39.74000 13.10800 45.48200
12 6 20 20 27 8384.10000 5.65200000 210.45000 39.76000 13.10800 45.48200
12 6 20 20 27 8384.70000 5.66000000 210.45000 39.82000 13.10800 45.48200
12 6 20 20 28 8384.80000 5.66000000 210.54000 39.76000 13.10800 45.35100
12 6 20 20 28 8384.80000 5.66000000 210.54000 39.76000 13.10800 45.57500
12 6 20 20 28 8387.40000 5.66000000 210.56000 39.76000 13.10800 45.48200
12 6 20 20 29 8384.80000 5.66000000 210.55000 39.76000 13.10800 45.48200
12 6 20 20 29 8384.90000 5.66000000 210.58000 39.76000 13.12200 45.48200
12 6 20 20 30 8384.80000 5.66000000 210.59000 39.76000 13.10800 45.35100
12 6 20 20 30 8387.40000 5.66000000 210.59000 39.76000 13.10800 45.48200
12 6 20 20 31 8387.20000 5.66000000 210.59000 39.76000 13.12200 45.48200
12 6 20 20 31 8387.20000 5.66000000 210.65000 39.86000 13.10800 45.59800
12 6 20 20 32 8386.10000 5.66000000 210.65000 39.86000 13.12000 45.59800
12 6 20 20 32 8385.20000 5.66000000 210.65000 39.86000 13.12000 45.59800
12 6 20 20 33 8380.00000 5.66000000 210.64000 39.86000 13.12000 45.59800
12 6 20 20 33 8381.40000 5.66000000 210.64000 39.86000 13.12000 45.68000
12 6 20 20 34 8381.40000 5.66000000 210.65000 39.86000 13.12000 45.59800
12 6 20 20 34 8381.50000 5.66000000 210.65000 39.86000 13.12000 45.59800
12 6 20 20 35 8379.30000 5.66000000 210.65000 39.86000 13.12000 45.48200
12 6 20 20 35 8380.00000 5.66000000 210.65000 39.86000 13.12000 45.59800
12 6 20 20 36 8380.00000 5.66000000 210.65000 39.86000 13.12000 45.59800
12 6 20 20 36 8380.00000 5.66000000 210.65000 39.86000 13.12000 45.59800
12 6 20 20 37 8386.50000 5.66000000 210.80000 39.86000 13.12000 45.59800
12 6 20 20 37 8388.60000 5.66000000 210.80000 39.86000 13.12000 45.59800
12 6 20 20 38 8389.00000 5.66000000 210.86000 39.86000 13.12000 45.59800
12 6 20 20 39 8392.00000 5.66000000 210.64000 39.86000 13.12000 45.62400
12 6 20 20 39 8418.00000 5.65200000 211.74000 39.98000 13.12200 45.62400
12 6 20 20 40 8420.00000 5.66000000 211.74000 39.99000 13.12000 45.78000
12 6 20 20 40 8418.10000 5.66000000 211.64000 39.99000 13.12000 45.78000
12 6 20 20 41 8414.50000 5.66000000 211.36000 40.00000 13.12000 45.78000
12 6 20 20 41 8413.30000 5.66000000 211.28000 40.00000 13.12000 45.78000
12 6 20 20 42 8412.80000 5.66000000 211.43000 40.00000 13.12000 45.78000
12 6 20 20 42 8410.00000 5.70200000 211.35000 40.00000 13.12000 45.78000
12 6 20 20 43 8410.00000 5.70200000 211.36000 40.00000 13.12000 45.78000
12 6 20 20 43 8412.40000 5.70200000 211.37000 40.00000 13.12000 45.78000
12 6 20 20 44 8412.40000 5.70200000 211.36000 40.00000 13.12000 45.78000
12 6 20 20 44 8412.00000 5.70200000 211.49000 40.00000 13.12200 45.78000
12 6 20 20 45 8415.00000 5.70200000 211.50000 40.00000 13.19900 45.62400
12 6 20 20 45 8416.20000 5.70200000 211.50000 39.98000 13.19900 45.78000
12 6 20 20 46 8412.90000 5.70200000 211.57000 39.91000 13.19900 45.78000
12 6 20 20 46 8412.10000 5.70200000 211.54000 39.91000 13.19900 45.78000
12 6 20 20 47 8413.40000 5.70200000 211.50000 39.91000 13.19900 45.78000
12 6 20 20 48 8412.00000 5.70200000 211.50000 39.93000 13.19900 45.59800
12 6 20 20 48 8412.10000 5.70200000 211.50000 39.93000 13.12000 45.62400
12 6 20 20 49 8405.20000 5.70200000 211.49000 39.93000 13.19900 45.78000
12 6 20 20 49 8404.40000 5.70200000 211.36000 39.93000 13.19900 45.78000
12 6 20 20 49 8405.30000 5.70200000 211.20000 39.88000 13.19900 45.78000
12 6 20 20 50 8407.00000 5.70200000 211.22000 39.89000 13.19900 45.78000
12 6 20 20 51 8407.90000 5.70200000 211.22000 39.89000 13.19900 45.62400
12 6 20 20 51 8406.60000 5.70200000 211.15000 39.91000 13.12200 45.62400
12 6 20 20 52 8407.30000 5.70200000 211.15000 39.89000 13.12200 45.78000
12 6 20 20 52 8406.60000 5.70200000 211.17000 39.89000 13.19900 45.62400
12 6 20 20 53 8407.30000 5.70200000 211.30000 39.86000 13.19900 45.78000
12 6 20 20 53 8409.80000 5.70200000 211.21000 39.86000 13.19900 45.78000
12 6 20 20 54 8407.50000 5.70200000 211.18000 39.86000 13.19900 45.68000
12 6 20 20 54 8409.20000 5.70200000 211.33000 39.86000 13.19900 45.78000
12 6 20 20 55 8407.90000 5.70200000 211.25000 39.86000 13.19900 45.78000
12 6 20 20 55 8404.70000 5.70200000 211.25000 39.86000 13.19900 45.78000
12 6 20 20 56 8404.00000 5.70200000 211.00000 39.81000 13.19900 45.62400
12 6 20 20 56 8405.40000 5.70200000 211.00000 39.86000 13.19900 45.78000
12 6 20 20 57 8404.20000 5.70200000 211.00000 39.81000 13.25600 45.78000
12 6 20 20 57 8404.20000 5.70200000 211.00000 39.81000 13.25600 45.78000
12 6 20 20 58 8404.60000 5.70200000 211.10000 39.81000 13.25600 45.78000
12 6 20 20 58 8407.90000 5.70200000 211.17000 39.81000 13.12200 45.62400
12 6 20 20 59 8408.40000 5.70200000 211.17000 39.81000 13.25600 45.68000
12 6 20 20 59 8407.20000 5.70200000 211.12000 39.81000 13.12200 45.78000
12 6 20 21 00 8407.90000 5.70200000 211.05000 39.81000 13.25600 45.78000
12 6 20 21 00 8409.90000 5.70200000 210.97000 39.81000 13.12200 45.78000
12 6 20 21 01 8409.80000 5.69200000 211.11000 39.81000 13.19900 45.78000
12 6 20 21 01 8415.80000 5.70200000 211.08000 39.80000 13.25600 45.78000
12 6 20 21 02 8416.30000 5.69200000 211.12000 39.80000 13.25600 45.78000
12 6 20 21 02 8416.30000 5.69200000 211.18000 39.86000 13.25600 45.78000
12 6 20 21 02 8416.30000 5.69200000 211.18000 39.80000 13.25600 45.68000
12 6 20 21 03 8416.60000 5.69200000 211.13000 39.80000 13.25600 45.78000
12 6 20 21 04 8417.50000 5.69200000 211.13000 39.80000 13.25600 45.78000
12 6 20 21 04 8416.70000 5.69200000 211.13000 39.80000 13.22000 45.78000
12 6 20 21 05 8415.40000 5.69200000 211.28000 39.85000 13.22000 45.78000
12 6 20 21 05 8414.10000 5.69200000 211.28000 39.82000 13.22000 45.62400
12 6 20 21 05 8414.10000 5.69200000 211.28000 39.82000 13.19900 45.78000
12 6 20 21 06 8414.10000 5.69200000 211.28000 39.82000 13.22000 45.78000
12 6 20 21 06 8414.20000 5.69200000 211.21000 39.82000 13.22500 45.62400
12 6 20 21 07 8414.20000 5.69200000 211.21000 39.82000 13.22000 45.78000
12 6 20 21 07 8414.10000 5.69200000 211.23000 39.82000 13.22000 45.62400
12 6 20 21 08 8414.30000 5.69200000 211.47000 39.82000 13.22000 45.78000
12 6 20 21 08 8414.20000 5.69200000 211.47000 39.82000 13.22000 45.62400
12 6 20 21 09 8414.10000 5.69200000 211.47000 39.85000 13.22000 45.78000
12 6 20 21 09 8414.20000 5.69200000 211.38000 39.85000 13.22000 45.78000
12 6 20 21 10 8414.10000 5.69200000 211.39000 39.85000 13.22000 45.78000
12 6 20 21 10 8414.20000 5.69200000 211.42000 39.85000 13.19900 45.78000
12 6 20 21 11 8410.20000 5.69200000 211.44000 39.85000 13.22000 45.68000
12 6 20 21 11 8411.80000 5.69200000 211.35000 39.85000 13.22000 45.78000
12 6 20 21 12 8406.70000 5.69200000 211.26000 39.85000 13.22000 45.78000
12 6 20 21 12 8404.20000 5.69200000 211.20000 39.85000 13.22000 45.78000
12 6 20 21 13 8404.20000 5.69200000 211.20000 39.85000 13.22000 45.78000
12 6 20 21 13 8404.20000 5.69200000 211.20000 39.85000 13.22000 45.78000
12 6 20 21 14 8404.10000 5.70200000 211.20000 39.85000 13.22000 45.62400
12 6 20 21 14 8404.10000 5.69200000 211.14000 39.85000 13.22500 45.78000
12 6 20 21 15 8403.60000 5.69200000 211.06000 39.85000 13.22000 45.78000
12 6 20 21 15 8403.60000 5.69200000 210.80000 39.85000 13.22000 45.78000
12 6 20 21 16 8396.60000 5.69200000 210.90000 39.78000 13.22000 45.78000
12 6 20 21 16 8396.00000 5.69200000 210.79000 39.74000 13.22000 45.78000
12 6 20 21 17 8380.40000 5.69200000 210.79000 39.71000 13.22500 45.78000
12 6 20 21 17 8396.00000 5.69200000 210.56000 39.71000 13.22000 45.78000
12 6 20 21 18 8382.60000 5.69200000 211.14000 39.70000 13.22000 45.57800
