M=[
28 12 20 00 14 21432.50000 4.71000000 570.43000 106.15000 14.04800 54.87100
28 12 20 00 14 21427.10000 4.71000000 571.62000 106.24000 14.04800 54.81100
28 12 20 00 15 21449.50000 4.71000000 571.98000 106.24000 14.04800 54.96000
28 12 20 00 15 21425.10000 4.71000000 569.41000 106.38000 14.04800 54.96000
28 12 20 00 16 21433.00000 4.71000000 569.78000 105.95000 14.04800 54.96000
28 12 20 00 16 21464.90000 4.71000000 571.60000 106.22000 14.04800 54.96000
28 12 20 00 16 21485.30000 4.71000000 571.68000 106.50000 14.04800 54.96000
28 12 20 00 17 21532.50000 4.75500000 574.26000 106.82000 14.04800 54.96000
28 12 20 00 17 21523.80000 4.75500000 574.90000 107.08000 14.04800 55.09100
28 12 20 00 18 21509.50000 4.78500000 574.90000 106.84000 14.04800 55.16100
28 12 20 00 18 21487.90000 4.78500000 575.00000 107.14000 14.04800 55.16100
28 12 20 00 19 21523.90000 4.78500000 574.54000 106.82000 14.04800 55.16100
28 12 20 00 19 21527.30000 4.78500000 575.00000 107.21000 14.04800 55.16100
28 12 20 00 19 21537.90000 4.78500000 575.62000 106.92000 14.04800 55.14300
28 12 20 00 20 21549.90000 4.82600000 575.99000 107.27000 14.07300 55.22000
28 12 20 00 20 21540.10000 4.79100000 574.92000 106.92000 14.07300 55.22000
28 12 20 00 21 21502.50000 4.79100000 572.32000 106.60000 14.07300 55.22000
28 12 20 00 21 21490.00000 4.79100000 572.09000 106.54000 14.07300 55.22000
28 12 20 00 22 21513.60000 4.79100000 573.19000 106.60000 14.07300 55.22000
28 12 20 00 22 21530.00000 4.79100000 575.06000 107.09000 14.07300 55.22000
28 12 20 00 22 21568.10000 4.79100000 576.00000 106.81000 14.07300 55.13100
28 12 20 00 23 21579.80000 4.79100000 576.32000 106.82000 14.07300 55.13100
28 12 20 00 23 21625.80000 4.79100000 576.79000 106.82000 14.07300 55.13100
28 12 20 00 24 21719.90000 4.79100000 577.53000 106.82000 14.07300 55.13100
28 12 20 00 24 21691.40000 4.79100000 576.84000 106.82000 14.07300 55.13100
28 12 20 00 25 21672.30000 4.79100000 577.79000 106.98000 14.07300 55.13100
28 12 20 00 25 21664.00000 4.79100000 577.68000 106.98000 14.07300 55.13100
28 12 20 00 25 21664.00000 4.79100000 576.24000 106.92000 14.07300 55.13100
28 12 20 00 26 21660.00000 4.79100000 575.01000 106.77000 14.07300 55.13100
28 12 20 00 26 21673.20000 4.79100000 576.69000 106.77000 14.07300 55.13100
28 12 20 00 27 21675.00000 4.79100000 575.83000 106.77000 14.07300 55.13100
28 12 20 00 27 21675.00000 4.79100000 575.72000 106.95000 14.07300 55.13100
28 12 20 00 28 21660.00000 4.79100000 575.50000 106.89000 14.07300 55.13100
28 12 20 00 28 21641.60000 4.79100000 575.03000 106.89000 14.07300 55.23000
28 12 20 00 28 21618.90000 4.79100000 574.65000 106.65000 14.07300 55.23000
28 12 20 00 29 21641.90000 4.79100000 575.00000 106.90000 14.07300 55.23000
28 12 20 00 29 21649.90000 4.79100000 575.50000 106.90000 14.07300 55.23000
28 12 20 00 30 21669.60000 4.79100000 576.28000 106.98000 14.07300 55.23000
28 12 20 00 30 21706.00000 4.79100000 576.24000 107.10000 14.07300 55.23000
28 12 20 00 31 21707.10000 4.79100000 575.82000 107.01000 14.07300 55.24900
28 12 20 00 31 21711.10000 4.79100000 575.81000 106.98000 14.07300 55.24900
28 12 20 00 31 21673.10000 4.79100000 574.90000 106.88000 14.07300 55.24900
28 12 20 00 32 21681.60000 4.79100000 575.03000 106.77000 14.07300 55.24900
28 12 20 00 32 21677.00000 4.79100000 575.08000 106.90000 14.07300 55.24900
28 12 20 00 33 21680.40000 4.79100000 574.99000 106.90000 14.07300 55.24900
28 12 20 00 33 21733.90000 4.79100000 575.65000 106.88000 14.07300 55.24900
28 12 20 00 34 21769.90000 4.79100000 575.81000 106.88000 14.07300 55.24900
28 12 20 00 34 21785.70000 4.79100000 575.09000 106.89000 14.07300 55.16100
28 12 20 00 34 21763.10000 4.79100000 575.64000 106.90000 14.07300 55.16100
28 12 20 00 35 21778.10000 4.79100000 575.27000 106.95000 14.07300 55.16100
28 12 20 00 35 21783.60000 4.79100000 572.10000 106.75000 14.07300 55.16100
28 12 20 00 36 21785.10000 4.79100000 572.95000 106.66000 14.07300 55.16100
28 12 20 00 36 21747.10000 4.79100000 572.53000 106.79000 14.07300 55.09800
28 12 20 00 37 21755.10000 4.79100000 572.14000 106.64000 14.07300 55.09800
28 12 20 00 37 21760.00000 4.79100000 572.90000 106.64000 14.07300 55.10000
28 12 20 00 37 21770.40000 4.79100000 573.32000 106.64000 14.07300 55.10000
28 12 20 00 38 21800.30000 4.79100000 573.83000 106.55000 14.07300 55.10000
28 12 20 00 38 21849.90000 4.79100000 574.23000 106.55000 14.07300 55.10000
28 12 20 00 39 21820.00000 4.79100000 573.48000 106.49000 14.07300 55.10000
28 12 20 00 39 21820.20000 4.79100000 573.36000 106.49000 14.07300 55.10000
28 12 20 00 40 21820.20000 4.79100000 572.26000 106.12000 14.07300 55.10000
28 12 20 00 40 21821.20000 4.79100000 572.44000 105.97000 14.07300 55.10000
28 12 20 00 40 21803.60000 4.79100000 572.24000 105.66000 14.07300 55.10000
28 12 20 00 41 21803.40000 4.79100000 572.27000 105.55000 14.07300 55.10000
28 12 20 00 41 21792.10000 4.79100000 572.14000 105.42000 14.07300 55.10000
28 12 20 00 42 21763.20000 4.79100000 571.76000 105.37000 14.07300 55.10000
28 12 20 00 42 21808.20000 4.79100000 572.47000 105.37000 14.07300 55.10000
28 12 20 00 43 21821.00000 4.79500000 573.56000 106.06000 14.07300 55.10000
28 12 20 00 43 21840.00000 4.79500000 574.72000 106.06000 14.07300 55.10000
28 12 20 00 43 21839.90000 4.79500000 574.50000 106.06000 14.07300 55.10000
28 12 20 00 44 21840.20000 4.79500000 574.35000 105.93000 14.07300 55.10000
28 12 20 00 44 21843.80000 4.79500000 573.45000 105.79000 14.07300 55.10000
28 12 20 00 45 21840.10000 4.79500000 573.14000 105.80000 14.07300 55.10000
28 12 20 00 45 21833.70000 4.79500000 572.32000 105.80000 14.07300 55.10000
28 12 20 00 46 21839.30000 4.79500000 572.78000 106.02000 14.07300 55.10000
28 12 20 00 46 21840.40000 4.79500000 572.27000 106.09000 14.07300 55.10000
28 12 20 00 46 21814.30000 4.79500000 572.70000 106.09000 14.07300 55.10000
28 12 20 00 47 21800.00000 4.79500000 572.07000 106.09000 14.07300 55.10000
28 12 20 00 47 21800.00000 4.79500000 570.95000 105.71000 14.07300 55.08000
28 12 20 00 48 21787.30000 4.79500000 570.95000 105.79000 14.07300 55.08000
28 12 20 00 48 21769.20000 4.79500000 571.67000 105.79000 14.07300 55.08000
28 12 20 00 49 21776.60000 4.79500000 572.23000 105.86000 14.07300 55.08000
28 12 20 00 49 21815.10000 4.79500000 573.26000 106.01000 14.07300 55.08000
28 12 20 00 49 21830.00000 4.79500000 573.95000 106.18000 14.07300 55.08000
28 12 20 00 50 21797.20000 4.79500000 574.00000 106.18000 14.07300 55.08000
28 12 20 00 50 21806.30000 4.79500000 573.25000 106.04000 14.07300 55.08000
28 12 20 00 51 21789.10000 4.79500000 573.25000 106.04000 14.07300 55.08000
28 12 20 00 51 21789.10000 4.79500000 573.55000 106.04000 14.07300 55.08000
28 12 20 00 52 21788.20000 4.79500000 572.71000 105.94000 14.07300 55.08000
28 12 20 00 52 21753.00000 4.79500000 572.62000 105.84000 14.07300 55.08000
28 12 20 00 52 21757.20000 4.79500000 572.62000 105.86000 14.07300 55.08000
28 12 20 00 53 21753.80000 4.79500000 571.60000 105.64000 14.07300 55.08000
28 12 20 00 53 21753.80000 4.79500000 571.47000 105.64000 14.07300 55.08000
28 12 20 00 54 21753.80000 4.79500000 571.72000 105.73000 14.07300 55.08000
28 12 20 00 54 21804.50000 4.79500000 572.82000 105.75000 14.07300 55.08000
28 12 20 00 55 21820.00000 4.79500000 572.82000 105.88000 14.07300 55.12700
28 12 20 00 55 21820.00000 4.79500000 574.87000 105.91000 14.07300 55.22000
28 12 20 00 55 21820.00000 4.79500000 574.34000 106.12000 14.07300 55.22000
28 12 20 00 56 21779.10000 4.79500000 573.81000 106.12000 14.07300 55.22000
28 12 20 00 56 21773.90000 4.79500000 573.53000 105.69000 14.07300 55.22000
28 12 20 00 57 21770.20000 4.79500000 572.92000 105.66000 14.07300 55.22000
28 12 20 00 57 21776.60000 4.79500000 572.56000 105.66000 14.07300 55.22000
28 12 20 00 58 21771.90000 4.79500000 572.21000 105.50000 14.07300 55.22000
28 12 20 00 58 21777.00000 4.79500000 573.20000 105.63000 14.07300 55.28200
28 12 20 00 58 21773.70000 4.79500000 572.84000 105.47000 14.07300 55.28200
