M=[
23 3 21 21 17 45957.00000 10.27700000 1410.01000 154.56000 31.37000 115.39000
23 3 21 21 18 45957.10000 10.27700000 1410.01000 154.61000 31.37000 115.40400
23 3 21 21 18 45951.40000 10.26500000 1409.81000 154.69000 31.37000 115.40400
23 3 21 21 19 45940.50000 10.26500000 1408.40000 154.59000 31.37000 115.26100
23 3 21 21 19 45930.00000 10.26500000 1407.68000 154.59000 31.37000 115.26100
23 3 21 21 20 45893.10000 10.25600000 1407.01000 154.35000 31.48100 115.26100
23 3 21 21 20 45882.30000 10.25600000 1407.00000 154.13000 31.48100 115.21600
23 3 21 21 20 45862.80000 10.25600000 1406.02000 154.00000 31.48200 115.21600
23 3 21 21 21 45839.30000 10.25600000 1405.89000 154.06000 31.48200 115.19400
23 3 21 21 21 45812.90000 10.25600000 1404.62000 154.06000 31.62600 115.19400
23 3 21 21 22 45796.90000 10.23000000 1404.16000 153.60000 31.62600 115.19400
23 3 21 21 22 45765.10000 10.23000000 1403.87000 153.61000 31.62600 115.19400
23 3 21 21 23 45780.10000 10.23000000 1403.84000 153.65000 31.62600 115.19400
23 3 21 21 23 45817.10000 10.23000000 1403.77000 153.65000 31.62600 115.19400
23 3 21 21 23 45825.60000 10.23000000 1403.76000 153.11000 31.35800 115.19400
23 3 21 21 24 45823.90000 10.23000000 1403.14000 153.18000 31.35800 115.19400
23 3 21 21 24 45825.70000 10.23000000 1403.14000 153.13000 31.35800 115.19400
23 3 21 21 25 45841.00000 10.21000000 1404.54000 153.22000 31.35800 115.19400
23 3 21 21 25 45825.70000 10.21000000 1403.86000 153.24000 31.59900 115.19400
23 3 21 21 26 45825.70000 10.21000000 1403.86000 153.35000 31.59900 115.19400
23 3 21 21 26 45823.90000 10.21000000 1402.30000 153.34000 31.59900 115.19400
23 3 21 21 26 45780.50000 10.23500000 1401.00000 153.27000 31.59900 115.19400
23 3 21 21 27 45759.00000 10.23500000 1400.80000 153.21000 31.59900 115.19400
23 3 21 21 27 45779.90000 10.23100000 1400.42000 153.11000 31.59900 115.19400
23 3 21 21 28 45774.40000 10.23400000 1402.53000 153.14000 31.59900 115.19400
23 3 21 21 28 45779.90000 10.23400000 1403.00000 153.13000 31.59900 115.19400
23 3 21 21 29 45792.60000 10.23400000 1403.00000 153.29000 31.21200 115.19400
23 3 21 21 29 45821.50000 10.23400000 1403.00000 153.30000 31.21200 115.19400
23 3 21 21 29 45825.70000 10.23400000 1403.00000 153.32000 31.21200 115.19400
23 3 21 21 30 45825.70000 10.21400000 1403.00000 153.35000 31.21200 115.19400
23 3 21 21 30 45799.50000 10.21400000 1403.00000 153.36000 31.21200 115.19400
23 3 21 21 31 45814.30000 10.21400000 1402.00000 153.25000 31.21200 114.72900
23 3 21 21 31 45788.90000 10.21400000 1401.10000 153.35000 31.33400 114.60000
23 3 21 21 32 45812.70000 10.21400000 1401.09000 153.35000 31.33400 114.60000
23 3 21 21 32 45815.00000 10.21400000 1401.97000 153.50000 31.33400 114.60000
23 3 21 21 32 45826.70000 10.21400000 1402.97000 153.64000 31.33400 114.60000
23 3 21 21 33 45897.40000 10.26800000 1405.95000 153.90000 31.33400 114.60000
23 3 21 21 33 45932.90000 10.26800000 1407.24000 154.15000 31.33400 114.60000
23 3 21 21 34 45933.00000 10.26800000 1408.31000 154.15000 31.30000 115.06800
23 3 21 21 34 45928.70000 10.26400000 1406.02000 153.94000 31.30000 115.06800
23 3 21 21 35 45942.10000 10.26400000 1406.54000 153.94000 31.38900 115.06800
23 3 21 21 35 45955.20000 10.26400000 1406.71000 154.02000 31.30000 115.06800
23 3 21 21 35 45967.40000 10.26400000 1408.94000 153.93000 31.30000 114.78000
23 3 21 21 36 45979.40000 10.30800000 1409.52000 153.95000 31.30000 114.95400
23 3 21 21 36 46000.00000 10.30800000 1409.78000 154.05000 31.30000 114.95900
23 3 21 21 37 46062.70000 10.28900000 1410.41000 154.09000 31.30000 114.95900
23 3 21 21 37 46047.60000 10.28900000 1407.94000 153.90000 31.30000 114.95900
23 3 21 21 38 46047.60000 10.28900000 1407.85000 153.97000 31.30000 114.95900
23 3 21 21 38 46001.00000 10.28900000 1406.72000 153.88000 31.30000 114.95900
23 3 21 21 38 45991.10000 10.28900000 1406.71000 153.82000 31.30000 114.95900
23 3 21 21 39 45991.00000 10.28900000 1406.00000 153.72000 31.30000 114.95900
23 3 21 21 39 45989.70000 10.28900000 1405.34000 153.82000 31.30000 114.95900
23 3 21 21 40 45963.10000 10.28900000 1405.00000 153.82000 31.30000 114.95900
23 3 21 21 40 45963.00000 10.28900000 1405.00000 153.82000 31.30000 114.95900
23 3 21 21 41 45903.10000 10.28900000 1403.60000 153.57000 31.30000 114.95900
23 3 21 21 41 45963.10000 10.28900000 1403.09000 153.57000 31.30000 114.95900
23 3 21 21 41 45962.90000 10.28900000 1403.09000 153.57000 31.30000 114.95900
23 3 21 21 42 45963.10000 10.28900000 1404.63000 154.01000 31.30000 114.95900
23 3 21 21 42 45896.70000 10.28900000 1403.64000 154.01000 31.30000 114.70300
23 3 21 21 43 45961.80000 10.28900000 1402.61000 154.01000 31.30000 114.45600
23 3 21 21 43 45826.10000 10.28900000 1400.08000 153.82000 31.30000 114.35200
23 3 21 21 44 45896.50000 10.28900000 1400.31000 153.82000 31.30000 114.35200
23 3 21 21 44 45936.80000 10.28900000 1400.96000 154.20000 31.30000 114.35200
23 3 21 21 44 45948.60000 10.28900000 1400.97000 154.20000 31.30000 114.35200
23 3 21 21 45 45948.60000 10.28700000 1400.97000 154.12000 31.00500 114.35200
23 3 21 21 45 45988.60000 10.28700000 1400.97000 154.01000 31.00500 114.35200
23 3 21 21 46 45952.20000 10.28700000 1400.97000 154.01000 31.00500 114.51300
23 3 21 21 46 45951.60000 10.28700000 1400.97000 154.01000 31.00500 114.51300
23 3 21 21 47 45991.10000 10.28700000 1400.97000 154.01000 31.00500 114.51300
23 3 21 21 47 46020.20000 10.28700000 1400.97000 154.01000 31.00500 114.51300
23 3 21 21 47 46024.20000 10.28700000 1400.97000 154.01000 31.00500 114.51300
23 3 21 21 48 45999.90000 10.28700000 1404.99000 154.30000 31.00500 114.51300
23 3 21 21 48 46040.00000 10.28700000 1405.00000 154.30000 31.36100 114.51300
23 3 21 21 49 46040.00000 10.28700000 1405.56000 154.30000 31.36100 114.51300
23 3 21 21 49 46039.70000 10.25700000 1406.27000 154.31000 31.36100 114.51300
23 3 21 21 50 46100.00000 10.25700000 1407.34000 154.36000 31.36100 114.51300
23 3 21 21 50 46082.80000 10.25700000 1407.34000 154.34000 31.36100 114.51300
23 3 21 21 50 46109.10000 10.25700000 1407.33000 154.34000 31.36100 114.51300
23 3 21 21 51 46120.10000 10.26300000 1407.55000 154.34000 31.36100 114.51400
23 3 21 21 51 46119.70000 10.26300000 1407.98000 154.34000 31.36100 114.51400
23 3 21 21 52 46141.40000 10.26300000 1408.10000 154.34000 31.36100 114.51400
23 3 21 21 52 46170.50000 10.26300000 1408.10000 154.38000 31.36100 114.51400
23 3 21 21 53 46170.30000 10.26300000 1408.77000 154.38000 31.36100 114.51400
23 3 21 21 53 46170.40000 10.26300000 1409.16000 154.46000 31.36100 114.70300
23 3 21 21 53 46170.30000 10.26300000 1409.33000 154.68000 31.36100 114.70300
23 3 21 21 54 46170.40000 10.26300000 1409.32000 154.82000 31.36100 114.70300
23 3 21 21 54 46142.60000 10.26300000 1409.32000 154.82000 31.36100 114.70300
23 3 21 21 55 46125.80000 10.26300000 1409.00000 154.79000 31.36100 114.97800
23 3 21 21 55 46120.20000 10.26300000 1408.30000 154.79000 31.36100 114.97800
23 3 21 21 56 46158.10000 10.26300000 1409.90000 154.96000 31.36100 114.97800
23 3 21 21 56 46168.30000 10.26800000 1409.90000 155.04000 31.36100 114.97800
23 3 21 21 56 46119.70000 10.26800000 1408.11000 154.85000 31.36100 114.97800
23 3 21 21 57 46119.70000 10.26800000 1408.11000 154.85000 31.36100 114.97800
23 3 21 21 57 46119.70000 10.26800000 1408.11000 154.96000 31.36100 114.97800
23 3 21 21 58 46122.10000 10.26800000 1408.11000 154.93000 31.54800 114.97800
23 3 21 21 58 46124.60000 10.26800000 1407.64000 155.04000 31.54800 114.97800
23 3 21 21 59 46124.60000 10.26800000 1407.93000 155.04000 31.54800 114.97800
23 3 21 21 59 46124.60000 10.26800000 1407.93000 155.10000 31.54800 114.97800
23 3 21 21 59 46124.60000 10.26800000 1407.92000 155.10000 31.42300 114.97800
23 3 21 22 00 46136.20000 10.26800000 1407.36000 155.05000 31.42300 114.97800
23 3 21 22 00 46071.10000 10.26800000 1405.05000 155.05000 31.42300 114.97800
23 3 21 22 01 46086.70000 10.26800000 1404.74000 155.00000 31.42300 114.97800
