M=[
22 4 21 08 38 44562.30000 27.95500000 2028.66000 216.67000 33.27000 195.14900
22 4 21 08 39 44567.20000 27.95500000 2029.09000 216.95000 33.27000 195.14900
22 4 21 08 39 44567.10000 27.93500000 2028.44000 216.71000 33.27000 195.14900
22 4 21 08 39 44527.40000 27.88000000 2026.52000 216.39000 33.27000 195.14900
22 4 21 08 40 44510.00000 27.88000000 2024.92000 216.20000 33.27000 194.68200
22 4 21 08 40 44527.40000 27.88000000 2025.40000 216.34000 33.27000 194.68200
22 4 21 08 41 44533.70000 27.88000000 2027.41000 216.64000 33.27000 194.68200
22 4 21 08 41 44557.40000 27.94800000 2029.30000 216.73000 33.27000 194.68200
22 4 21 08 42 44500.00000 27.94800000 2026.08000 216.65000 33.27000 194.68200
22 4 21 08 42 44500.10000 27.94800000 2024.05000 215.76000 33.27000 195.01600
22 4 21 08 42 44497.50000 27.94800000 2024.24000 215.88000 33.27000 195.01600
22 4 21 08 43 44455.30000 27.94800000 2020.82000 215.77000 33.27000 195.01600
22 4 21 08 43 44457.80000 27.94800000 2021.95000 215.90000 33.27000 195.01600
22 4 21 08 44 44405.50000 27.94800000 2020.00000 215.66000 33.27000 195.01600
22 4 21 08 44 44385.90000 27.94800000 2016.47000 215.33000 33.27000 195.01600
22 4 21 08 45 44382.50000 27.67500000 2012.00000 214.58000 33.32200 194.49100
22 4 21 08 45 44349.40000 27.56500000 2008.03000 214.73000 33.32200 194.49100
22 4 21 08 45 44314.80000 27.37700000 2009.38000 214.42000 33.32200 194.49100
22 4 21 08 46 44339.10000 27.37700000 2007.16000 214.84000 33.32200 194.10600
22 4 21 08 46 44438.00000 27.37700000 2018.07000 215.51000 33.32200 194.10600
22 4 21 08 47 44436.90000 27.74900000 2019.42000 216.58000 33.32200 194.10600
22 4 21 08 47 44427.10000 27.65300000 2018.68000 215.93000 33.32200 194.10600
22 4 21 08 48 44437.00000 27.65300000 2018.29000 215.62000 33.32200 194.10600
22 4 21 08 48 44455.70000 27.65300000 2019.26000 215.54000 33.13300 194.10600
22 4 21 08 48 44544.20000 27.65300000 2025.74000 216.59000 33.13300 195.61200
22 4 21 08 49 44602.70000 27.65300000 2027.75000 216.91000 33.13300 195.61200
22 4 21 08 49 44647.90000 27.91100000 2031.39000 217.36000 33.13300 195.61200
22 4 21 08 50 44659.50000 28.05200000 2031.48000 217.45000 33.13300 196.28600
22 4 21 08 50 44584.10000 27.85900000 2027.21000 217.11000 33.13300 196.28600
22 4 21 08 51 44601.40000 27.90800000 2027.99000 216.87000 33.13300 196.28600
22 4 21 08 51 44588.40000 27.84900000 2028.00000 217.20000 33.13300 196.28600
22 4 21 08 51 44623.10000 27.84900000 2031.89000 217.20000 33.13300 196.28600
22 4 21 08 52 44596.20000 27.97100000 2028.13000 217.33000 33.13300 196.28600
22 4 21 08 52 44573.20000 27.97100000 2028.31000 217.09000 33.13300 196.28600
22 4 21 08 53 44550.10000 27.97100000 2026.16000 216.76000 33.13300 196.28600
22 4 21 08 53 44540.70000 27.97100000 2025.75000 216.51000 33.13400 196.28600
22 4 21 08 54 44464.80000 27.97100000 2021.92000 215.28000 33.13400 196.28600
22 4 21 08 54 44413.00000 27.73100000 2018.00000 215.96000 33.13400 195.19200
22 4 21 08 54 44370.70000 27.73100000 2016.54000 215.50000 33.13400 195.19200
22 4 21 08 55 44444.00000 27.89300000 2022.07000 216.18000 33.13400 195.19200
22 4 21 08 55 44376.90000 27.89300000 2020.09000 216.70000 33.13400 195.19200
22 4 21 08 56 44364.50000 27.76500000 2020.08000 216.18000 33.13400 195.19200
22 4 21 08 56 44330.20000 27.76500000 2015.00000 215.53000 33.13400 195.19200
22 4 21 08 57 44282.70000 27.76500000 2015.06000 215.59000 33.13400 194.55900
22 4 21 08 57 44325.90000 27.76500000 2021.90000 215.56000 33.13400 194.55900
22 4 21 08 57 44320.20000 27.76500000 2024.27000 215.78000 33.13400 194.55900
22 4 21 08 58 44354.90000 27.76500000 2026.09000 215.74000 33.13400 194.55900
22 4 21 08 58 44423.60000 27.81800000 2030.48000 216.80000 33.13400 194.55900
22 4 21 08 59 44548.80000 27.94600000 2034.80000 217.46000 33.13400 194.55900
22 4 21 08 59 44552.70000 27.94600000 2035.38000 217.68000 33.13400 194.55900
22 4 21 09 00 44599.50000 28.05700000 2041.24000 218.38000 33.13400 196.17200
22 4 21 09 00 44599.30000 28.05500000 2039.21000 218.71000 33.13400 196.17200
22 4 21 09 00 44543.50000 28.05500000 2038.15000 218.27000 33.13400 196.17200
22 4 21 09 01 44484.80000 28.05500000 2032.35000 217.32000 33.29500 195.69200
22 4 21 09 01 44483.10000 28.00500000 2033.21000 217.54000 33.29100 195.69200
22 4 21 09 02 44443.80000 28.00700000 2030.63000 217.31000 33.29100 195.51000
22 4 21 09 02 44443.40000 28.00700000 2032.30000 217.12000 33.29100 195.51000
22 4 21 09 03 44461.50000 27.93300000 2033.90000 218.17000 33.29100 195.51000
22 4 21 09 03 44506.90000 28.02600000 2036.59000 218.28000 33.29100 195.51000
22 4 21 09 03 44572.40000 28.05600000 2039.89000 218.28000 33.29100 195.51000
22 4 21 09 04 44582.40000 28.05600000 2038.78000 218.46000 33.29100 195.51000
22 4 21 09 04 44600.00000 28.06900000 2039.50000 218.62000 33.29100 195.51000
22 4 21 09 05 44516.40000 28.06900000 2036.32000 217.98000 33.29100 195.51000
22 4 21 09 05 44448.20000 28.04200000 2033.25000 217.98000 33.29100 195.51000
22 4 21 09 06 44455.60000 28.07900000 2033.30000 217.69000 33.29100 195.51000
22 4 21 09 06 44434.60000 28.25800000 2032.55000 217.69000 33.29100 195.51000
22 4 21 09 06 44414.40000 28.26100000 2027.81000 217.42000 33.29100 195.51000
22 4 21 09 07 44365.00000 28.32700000 2026.45000 217.42000 33.29100 195.51000
22 4 21 09 07 44404.60000 28.23400000 2029.30000 217.65000 33.29100 195.51000
22 4 21 09 08 44437.70000 28.44000000 2032.42000 217.90000 33.29100 195.51000
22 4 21 09 08 44431.40000 28.53600000 2033.85000 217.90000 33.29100 196.90700
22 4 21 09 09 44339.40000 28.43500000 2028.97000 218.04000 32.94800 196.90700
22 4 21 09 09 44374.90000 28.50900000 2028.28000 218.15000 32.94800 196.90700
22 4 21 09 09 44353.80000 28.50900000 2026.46000 217.53000 32.94800 196.90700
22 4 21 09 10 44345.90000 28.58100000 2025.18000 217.53000 32.94800 196.90700
22 4 21 09 10 44439.90000 28.64100000 2032.69000 218.25000 32.94800 196.90700
22 4 21 09 11 44401.00000 28.80100000 2029.55000 218.13000 32.94800 196.90700
22 4 21 09 11 44424.40000 28.80100000 2029.83000 218.41000 32.94800 196.90700
22 4 21 09 12 44425.70000 28.89400000 2030.69000 218.26000 32.94800 196.90700
22 4 21 09 12 44445.60000 29.04400000 2032.88000 218.56000 32.94800 196.90700
22 4 21 09 12 44470.80000 29.23500000 2033.44000 219.02000 32.94800 196.90700
22 4 21 09 13 44477.70000 29.09500000 2034.74000 219.36000 32.94800 196.90700
22 4 21 09 13 44483.00000 29.07600000 2036.04000 220.06000 32.94800 196.90700
22 4 21 09 14 44470.00000 28.97000000 2033.25000 220.06000 32.94800 196.90700
22 4 21 09 14 44444.80000 28.97000000 2031.98000 219.24000 32.94800 196.90700
22 4 21 09 15 44446.60000 28.78800000 2033.37000 219.28000 32.94800 196.90700
22 4 21 09 15 44408.40000 28.78800000 2029.56000 218.92000 32.94800 196.90700
22 4 21 09 15 44372.30000 28.69600000 2027.72000 218.38000 32.94800 196.55300
22 4 21 09 16 44368.30000 28.78400000 2026.05000 218.50000 32.94800 196.65500
22 4 21 09 16 44436.60000 28.98200000 2031.56000 219.26000 32.94800 196.65500
22 4 21 09 17 44478.50000 28.98200000 2033.44000 220.26000 32.94800 197.00000
22 4 21 09 17 44585.30000 29.08100000 2037.07000 220.82000 32.94800 197.74300
22 4 21 09 18 44659.90000 28.98300000 2039.48000 222.17000 32.94800 197.93800
22 4 21 09 18 44667.60000 29.04900000 2041.00000 222.56000 32.94800 198.25200
22 4 21 09 18 44643.60000 29.04900000 2041.09000 222.16000 32.94800 198.25200
22 4 21 09 19 44604.10000 28.75300000 2038.34000 222.54000 32.92000 198.25200
22 4 21 09 19 44626.20000 28.75300000 2040.29000 223.25000 33.20200 198.25200
22 4 21 09 20 44676.50000 28.98400000 2041.58000 223.68000 33.20200 198.25200
22 4 21 09 20 44725.40000 28.98400000 2044.38000 224.48000 33.20200 198.60000
22 4 21 09 21 44692.90000 28.98400000 2042.58000 225.06000 33.20200 198.60000
22 4 21 09 21 44686.30000 28.98400000 2043.12000 225.19000 33.20200 198.60000
22 4 21 09 21 44686.30000 28.98400000 2043.12000 225.35000 33.20200 198.60000
