M=[
18 5 21 20 20 35303.50000 71.55100000 2777.38000 239.52000 29.30300 204.50800
18 5 21 20 21 35361.20000 71.81400000 2783.25000 240.09000 29.30300 204.50800
18 5 21 20 21 35378.70000 71.81400000 2782.97000 240.19000 29.30300 204.50800
18 5 21 20 22 35386.20000 71.81400000 2785.56000 240.74000 29.30300 206.36200
18 5 21 20 22 35406.10000 71.81400000 2783.64000 240.89000 29.30300 206.36200
18 5 21 20 23 35440.10000 72.42700000 2788.41000 241.00000 29.30300 206.36200
18 5 21 20 23 35401.10000 72.42700000 2785.01000 240.83000 29.30300 206.36200
18 5 21 20 23 35419.20000 72.42700000 2785.01000 240.90000 29.30300 206.36200
18 5 21 20 24 35401.30000 72.25600000 2786.33000 241.00000 29.30300 207.56300
18 5 21 20 24 35399.60000 72.44200000 2788.62000 241.00000 29.30300 207.56300
18 5 21 20 25 35458.10000 72.44200000 2788.76000 241.34000 29.30300 207.56300
18 5 21 20 25 35544.10000 72.53400000 2793.16000 242.02000 29.30300 207.56300
18 5 21 20 26 35540.10000 72.53400000 2795.54000 241.80000 29.78800 207.65000
18 5 21 20 26 35553.80000 72.81800000 2798.94000 242.18000 29.78800 207.89700
18 5 21 20 26 35508.00000 72.81800000 2798.52000 242.38000 29.78800 207.89700
18 5 21 20 27 35643.40000 72.62800000 2806.72000 242.84000 29.78800 207.97900
18 5 21 20 27 35643.50000 72.62800000 2813.31000 243.67000 29.78800 207.97900
18 5 21 20 28 35655.50000 72.62800000 2821.72000 243.74000 29.78800 207.78300
18 5 21 20 28 35667.70000 72.62800000 2817.64000 243.21000 29.96700 207.82400
18 5 21 20 29 35686.20000 72.62800000 2822.52000 243.53000 29.96700 207.82400
18 5 21 20 29 35686.20000 72.62800000 2823.08000 243.49000 29.96700 207.82400
18 5 21 20 29 35648.20000 72.62800000 2823.44000 243.10000 29.96700 207.82400
18 5 21 20 30 35695.20000 72.62800000 2829.00000 243.29000 29.96700 207.82400
18 5 21 20 30 35611.00000 72.62800000 2819.70000 243.09000 29.96700 207.82400
18 5 21 20 31 35602.70000 72.62800000 2821.97000 242.80000 29.96700 207.82400
18 5 21 20 31 35555.20000 72.62800000 2822.38000 242.80000 29.96700 207.82400
18 5 21 20 32 35517.30000 72.62800000 2813.93000 242.06000 29.96700 207.82400
18 5 21 20 32 35530.30000 72.41600000 2814.73000 242.06000 29.96700 207.82400
18 5 21 20 32 35499.80000 72.41600000 2809.50000 241.62000 29.96700 207.82400
18 5 21 20 33 35493.90000 72.41600000 2809.72000 241.21000 29.96700 207.82400
18 5 21 20 33 35482.40000 72.41600000 2810.01000 241.38000 29.96700 207.24700
18 5 21 20 34 35471.80000 72.25800000 2805.30000 240.87000 29.96700 207.24700
18 5 21 20 34 35471.70000 72.25800000 2806.76000 240.79000 29.96700 207.24700
18 5 21 20 35 35543.30000 72.25800000 2812.05000 240.79000 29.96700 207.24700
18 5 21 20 35 35520.30000 72.44100000 2811.15000 241.99000 29.96700 207.24700
18 5 21 20 35 35489.40000 72.23600000 2808.04000 241.79000 29.96700 207.24700
18 5 21 20 36 35468.40000 72.07000000 2804.23000 241.14000 29.96700 207.24700
18 5 21 20 36 35491.20000 72.15400000 2804.44000 241.14000 29.96700 207.24700
18 5 21 20 37 35505.90000 72.15400000 2804.48000 241.98000 29.96700 207.24700
18 5 21 20 37 35500.70000 72.15400000 2803.91000 241.98000 29.96700 207.24700
18 5 21 20 38 35486.60000 72.15400000 2804.98000 241.98000 29.96700 207.24700
18 5 21 20 38 35486.60000 72.15400000 2804.30000 241.89000 29.96700 207.24700
18 5 21 20 38 35499.60000 72.15400000 2803.99000 242.02000 29.96700 207.24700
18 5 21 20 39 35602.40000 72.29500000 2813.34000 242.45000 29.96700 207.24700
18 5 21 20 39 35595.60000 72.29500000 2814.61000 242.45000 29.96700 207.24700
18 5 21 20 40 35562.30000 72.29500000 2812.41000 242.69000 29.96700 207.24700
18 5 21 20 40 35623.60000 72.29500000 2815.45000 243.32000 29.96700 207.24700
18 5 21 20 41 35654.50000 72.29500000 2818.91000 243.43000 29.96700 207.40000
18 5 21 20 41 35605.50000 72.61900000 2817.01000 243.16000 29.96700 207.40000
18 5 21 20 41 35593.80000 72.61900000 2815.63000 242.74000 29.96700 207.40000
18 5 21 20 42 35551.30000 72.61900000 2811.51000 242.57000 29.96700 207.40000
18 5 21 20 42 35552.30000 72.61900000 2811.00000 242.40000 29.96700 207.40000
18 5 21 20 43 35553.40000 72.31200000 2812.87000 242.61000 29.96700 207.40000
18 5 21 20 43 35567.90000 72.31200000 2812.62000 242.61000 29.96700 207.40000
18 5 21 20 44 35563.60000 72.31200000 2813.63000 242.61000 29.96700 207.40000
18 5 21 20 44 35571.20000 72.19400000 2814.26000 242.61000 30.02800 207.40000
18 5 21 20 44 35563.60000 72.19400000 2813.39000 242.87000 30.02800 207.40000
18 5 21 20 45 35545.10000 72.31400000 2814.37000 243.22000 30.02800 207.40000
18 5 21 20 45 35533.20000 72.18500000 2812.33000 242.64000 30.02800 207.40000
18 5 21 20 46 35583.10000 72.18500000 2816.86000 242.70000 30.02800 207.40000
18 5 21 20 46 35700.00000 72.18500000 2824.81000 243.40000 30.02800 207.40000
18 5 21 20 47 35712.00000 72.78700000 2824.14000 244.21000 29.82200 207.40000
18 5 21 20 47 35683.80000 72.54800000 2821.69000 243.65000 29.82100 207.40000
18 5 21 20 47 35590.90000 72.36200000 2818.06000 243.65000 29.82100 207.40000
18 5 21 20 48 35558.90000 72.36200000 2811.80000 243.65000 29.82100 207.40000
18 5 21 20 48 35546.50000 72.43300000 2811.29000 242.45000 29.82100 207.40000
18 5 21 20 49 35497.40000 72.43300000 2806.57000 242.19000 29.82100 206.56500
18 5 21 20 49 35522.80000 72.58100000 2811.50000 242.24000 29.82100 206.56500
18 5 21 20 50 35495.60000 72.58100000 2807.23000 241.46000 29.82100 206.56500
18 5 21 20 50 35527.70000 72.58100000 2807.89000 241.53000 29.82100 206.56500
18 5 21 20 50 35529.10000 72.58100000 2809.27000 241.78000 29.82100 206.56500
18 5 21 20 51 35545.60000 72.58100000 2814.71000 242.25000 29.82100 206.56500
18 5 21 20 51 35530.30000 72.55300000 2812.66000 242.42000 29.82100 206.56500
18 5 21 20 52 35501.40000 72.55300000 2807.16000 241.84000 29.82100 206.56500
18 5 21 20 52 35504.60000 72.55300000 2808.24000 241.65000 29.82100 206.56500
18 5 21 20 53 35562.60000 72.48600000 2814.51000 242.30000 29.82100 206.56500
18 5 21 20 53 35534.00000 72.48600000 2815.00000 241.97000 29.61700 207.13600
18 5 21 20 53 35554.30000 72.48600000 2816.87000 242.03000 29.61700 207.13600
18 5 21 20 54 35638.00000 72.48600000 2823.90000 242.91000 29.61700 207.40000
18 5 21 20 54 35590.50000 72.48600000 2821.29000 242.24000 29.61700 207.40000
18 5 21 20 55 35604.70000 72.83100000 2823.32000 242.24000 29.61700 207.39900
18 5 21 20 55 35556.30000 72.91100000 2819.99000 242.24000 29.61700 207.39900
18 5 21 20 56 35526.50000 72.91100000 2817.41000 241.45000 29.61700 207.39900
18 5 21 20 56 35519.80000 72.91000000 2817.06000 241.66000 29.61700 207.39900
18 5 21 20 56 35519.80000 72.91000000 2818.42000 241.46000 29.61700 207.36600
18 5 21 20 57 35519.80000 72.91900000 2817.49000 241.57000 29.61700 207.36600
18 5 21 20 57 35573.60000 72.91900000 2820.00000 241.89000 29.61700 207.36600
18 5 21 20 58 35577.00000 72.81000000 2820.28000 241.85000 29.61700 207.36600
18 5 21 20 58 35544.60000 72.81000000 2818.50000 241.85000 29.61700 207.36600
18 5 21 20 59 35546.30000 72.81000000 2819.56000 241.85000 29.61700 207.36600
18 5 21 20 59 35521.60000 72.81000000 2815.21000 241.76000 29.61700 207.36600
18 5 21 20 59 35526.10000 72.81000000 2815.99000 241.90000 29.61700 207.36600
18 5 21 21 00 35609.30000 72.74400000 2826.60000 242.06000 29.61700 207.40000
18 5 21 21 00 35622.00000 72.74400000 2827.68000 243.13000 29.61700 207.67400
18 5 21 21 01 35661.80000 72.74400000 2828.19000 243.38000 29.61700 207.67400
18 5 21 21 01 35638.20000 72.74400000 2826.93000 243.13000 29.61700 207.67400
18 5 21 21 02 35590.90000 72.74400000 2829.00000 242.99000 29.61700 207.67400
18 5 21 21 02 35615.30000 72.74400000 2828.99000 242.99000 29.61700 207.67400
18 5 21 21 02 35640.70000 72.74400000 2834.00000 242.99000 29.61700 207.67400
18 5 21 21 03 35726.60000 72.98300000 2838.98000 242.99000 29.61700 207.67400
18 5 21 21 03 35734.80000 73.18300000 2841.83000 242.99000 29.61700 207.67400
18 5 21 21 04 35741.50000 73.21800000 2844.19000 243.67000 29.61700 207.67400
