M=[
11 12 20 08 34 14784.40000 4.85100000 449.86000 58.86000 13.92500 53.34400
11 12 20 08 34 14782.80000 4.85100000 449.68000 58.86000 13.92500 53.34400
11 12 20 08 35 14779.20000 4.85100000 450.02000 58.86000 13.92500 53.34400
11 12 20 08 35 14779.10000 4.85100000 450.19000 58.97000 13.92500 53.34400
11 12 20 08 36 14772.60000 4.85100000 450.01000 58.91000 13.92500 53.34400
11 12 20 08 36 14772.60000 4.85100000 450.01000 58.91000 13.92500 53.34400
11 12 20 08 36 14775.00000 4.85100000 450.27000 58.91000 13.92500 53.34400
11 12 20 08 37 14779.40000 4.85100000 450.64000 58.99000 13.92500 53.34400
11 12 20 08 37 14780.90000 4.85100000 450.70000 58.99000 13.92500 53.34400
11 12 20 08 38 14786.00000 4.85100000 450.99000 59.11000 13.92500 53.34400
11 12 20 08 38 14786.00000 4.85100000 451.08000 59.11000 14.11600 53.34400
11 12 20 08 39 14785.90000 4.85100000 450.43000 59.11000 14.11600 53.34400
11 12 20 08 39 14777.20000 4.85100000 450.39000 59.11000 14.11600 53.34400
11 12 20 08 39 14775.90000 4.85100000 450.33000 59.10000 14.11600 53.34400
11 12 20 08 40 14777.10000 4.85100000 450.43000 59.11000 14.11600 53.34400
11 12 20 08 40 14781.20000 4.85100000 450.43000 59.11000 14.11600 53.34400
11 12 20 08 41 14775.90000 4.85100000 450.50000 59.28000 14.11600 53.34400
11 12 20 08 41 14771.40000 4.85100000 450.50000 59.28000 14.11600 53.34400
11 12 20 08 42 14770.50000 4.85100000 450.49000 59.20000 14.11600 53.34400
11 12 20 08 42 14761.00000 4.85100000 450.00000 59.20000 14.11600 53.34400
11 12 20 08 42 14756.10000 4.85100000 449.58000 59.20000 14.11600 53.34400
11 12 20 08 43 14751.80000 4.85100000 449.45000 59.01000 14.11600 53.34400
11 12 20 08 43 14750.00000 4.85100000 449.45000 59.00000 14.11600 53.34400
11 12 20 08 44 14753.10000 4.85100000 449.44000 58.96000 14.11600 53.34400
11 12 20 08 44 14744.80000 4.82800000 449.02000 58.83000 14.11600 53.34400
11 12 20 08 45 14744.60000 4.82800000 449.02000 58.83000 14.11600 53.34400
11 12 20 08 45 14747.70000 4.82800000 449.02000 58.83000 14.11600 53.34400
11 12 20 08 45 14758.90000 4.80300000 449.77000 58.83000 14.11600 53.34400
11 12 20 08 46 14751.80000 4.80300000 449.04000 58.80000 13.91200 53.34400
11 12 20 08 46 14741.00000 4.80300000 449.00000 58.71000 13.91200 53.34400
11 12 20 08 47 14731.40000 4.80300000 449.00000 58.69000 13.91100 53.34400
11 12 20 08 47 14737.30000 4.81400000 449.01000 58.69000 13.91100 53.34400
11 12 20 08 48 14738.70000 4.81400000 449.00000 58.69000 13.91100 53.34400
11 12 20 08 48 14726.60000 4.81400000 449.01000 58.69000 13.96400 53.34400
11 12 20 08 48 14726.50000 4.81400000 449.00000 58.69000 13.96400 53.34400
11 12 20 08 49 14733.60000 4.81400000 449.01000 58.69000 13.96400 53.34400
11 12 20 08 49 14736.80000 4.81400000 449.00000 58.69000 13.96400 53.34400
11 12 20 08 50 14735.20000 4.81400000 449.00000 58.69000 13.96400 53.34400
11 12 20 08 50 14737.00000 4.81400000 448.60000 58.69000 13.96400 53.34400
11 12 20 08 51 14736.90000 4.81400000 448.70000 58.71000 13.96400 53.34400
11 12 20 08 51 14737.00000 4.81400000 448.71000 58.71000 13.96400 53.34400
11 12 20 08 51 14737.00000 4.81400000 448.70000 58.72000 13.96400 53.34400
11 12 20 08 52 14746.80000 4.81400000 448.80000 58.72000 13.96400 53.34400
11 12 20 08 52 14748.70000 4.81400000 448.80000 58.72000 13.96400 53.34400
11 12 20 08 53 14758.70000 4.81400000 448.80000 58.72000 13.96400 53.34400
11 12 20 08 53 14757.10000 4.81400000 448.80000 58.77000 13.96400 53.34400
11 12 20 08 54 14747.50000 4.81400000 448.80000 58.77000 13.96400 53.34400
11 12 20 08 54 14747.50000 4.81400000 448.80000 58.77000 13.96400 53.34400
11 12 20 08 54 14747.40000 4.81400000 448.75000 58.74000 13.96400 53.34400
11 12 20 08 55 14747.40000 4.81400000 448.95000 58.74000 13.96400 53.34400
11 12 20 08 55 14748.10000 4.81400000 448.95000 58.74000 13.96400 53.34400
11 12 20 08 56 14739.40000 4.81400000 448.94000 58.62000 13.90000 53.34400
11 12 20 08 56 14730.80000 4.81400000 447.68000 58.62000 13.90000 53.34400
11 12 20 08 57 14730.80000 4.81400000 447.89000 58.62000 13.90000 53.34400
11 12 20 08 57 14730.80000 4.81400000 447.88000 58.62000 13.90000 53.34400
11 12 20 08 57 14736.90000 4.81400000 448.33000 58.62000 13.90000 53.34400
11 12 20 08 58 14733.10000 4.81400000 448.32000 58.62000 13.90000 53.34400
11 12 20 08 58 14735.00000 4.81400000 448.37000 58.62000 13.90000 53.34400
11 12 20 08 59 14735.00000 4.81400000 448.85000 58.73000 13.90000 53.34400
11 12 20 08 59 14776.90000 4.81400000 449.10000 58.76000 13.90000 53.34400
11 12 20 09 00 14778.40000 4.81400000 449.84000 58.76000 13.90000 53.34400
11 12 20 09 00 14766.00000 4.81400000 449.10000 58.76000 13.90000 53.34400
11 12 20 09 00 14761.90000 4.81400000 449.10000 58.86000 13.82200 53.34400
11 12 20 09 01 14761.70000 4.81400000 449.34000 58.87000 13.82200 53.34400
11 12 20 09 01 14750.10000 4.81400000 449.11000 58.87000 13.82200 53.34400
11 12 20 09 02 14742.50000 4.81400000 449.11000 58.88000 13.82200 53.34400
11 12 20 09 02 14752.50000 4.81400000 449.20000 58.89000 13.82200 53.34400
11 12 20 09 03 14751.10000 4.81400000 449.11000 58.89000 13.82200 53.34400
11 12 20 09 03 14747.10000 4.81400000 449.11000 58.89000 13.82200 53.34400
11 12 20 09 03 14748.00000 4.81400000 449.11000 58.90000 13.82200 53.34400
11 12 20 09 04 14746.90000 4.81400000 449.11000 58.90000 13.82200 53.34400
11 12 20 09 04 14746.90000 4.81400000 449.11000 58.80000 13.82200 53.34400
11 12 20 09 05 14744.20000 4.81400000 448.83000 58.82000 13.82200 53.34400
11 12 20 09 05 14744.10000 4.81400000 448.68000 58.69000 13.82200 53.34400
11 12 20 09 06 14725.30000 4.81400000 448.68000 58.69000 13.82200 53.34400
11 12 20 09 06 14724.50000 4.81400000 448.28000 58.55000 13.82200 52.86000
11 12 20 09 06 14727.90000 4.81400000 448.42000 58.55000 13.82200 52.86000
11 12 20 09 07 14727.10000 4.81400000 448.41000 58.55000 13.82200 52.86000
11 12 20 09 07 14727.10000 4.81400000 448.40000 58.55000 13.82200 52.86000
11 12 20 09 08 14723.20000 4.81400000 447.96000 58.51000 13.82200 52.86000
11 12 20 09 08 14726.10000 4.77800000 448.15000 58.52000 13.82200 52.86000
11 12 20 09 09 14725.90000 4.77800000 447.90000 58.52000 13.82200 52.86000
11 12 20 09 09 14726.00000 4.77800000 448.41000 58.51000 13.82200 52.86000
11 12 20 09 09 14743.80000 4.77800000 448.64000 58.52000 13.82200 52.86000
11 12 20 09 10 14743.90000 4.77800000 448.67000 58.52000 13.82200 52.86000
11 12 20 09 10 14743.90000 4.77800000 448.64000 58.54000 13.82200 52.86000
11 12 20 09 11 14730.10000 4.77800000 448.05000 58.49000 13.82200 52.86000
11 12 20 09 11 14733.90000 4.77800000 448.05000 58.52000 13.82200 52.86000
11 12 20 09 12 14730.00000 4.77800000 448.05000 58.52000 13.82200 52.86000
11 12 20 09 12 14723.10000 4.77800000 447.68000 58.52000 13.82200 52.86000
11 12 20 09 12 14723.20000 4.77800000 447.26000 58.52000 13.82200 52.86000
11 12 20 09 13 14712.40000 4.79000000 447.54000 58.52000 13.82200 52.86000
11 12 20 09 13 14704.10000 4.79000000 447.34000 58.38000 13.82200 52.67000
11 12 20 09 14 14701.40000 4.79000000 447.49000 58.43000 13.82200 52.59100
11 12 20 09 14 14700.00000 4.79000000 447.03000 58.43000 13.82200 52.59100
11 12 20 09 15 14700.20000 4.79000000 447.01000 58.43000 13.82200 52.59100
11 12 20 09 15 14700.00000 4.79000000 446.75000 58.43000 13.82200 52.59100
11 12 20 09 15 14694.00000 4.79000000 446.54000 58.43000 13.82200 52.59100
11 12 20 09 16 14690.50000 4.79000000 446.57000 58.40000 13.82200 52.59100
11 12 20 09 16 14699.10000 4.79000000 446.63000 58.40000 13.82200 52.59100
11 12 20 09 17 14697.90000 4.79000000 446.80000 58.43000 13.82200 52.59100
11 12 20 09 17 14699.90000 4.79000000 446.80000 58.43000 13.82200 52.59100
11 12 20 09 18 14697.80000 4.79000000 446.77000 58.41000 13.80000 52.59100
11 12 20 09 18 14699.90000 4.79000000 447.00000 58.43000 13.80000 52.59100
11 12 20 09 18 14697.70000 4.79000000 446.73000 58.41000 13.80000 52.59100
11 12 20 09 19 14699.40000 4.79000000 446.66000 58.32000 13.80000 52.59100
