M=[
27 6 20 18 19 8114.90000 5.18500000 200.98000 37.55000 14.32800 47.33200
27 6 20 18 20 8115.40000 5.19900000 200.98000 37.54000 14.32800 47.33200
27 6 20 18 20 8115.40000 5.19900000 201.01000 37.55000 14.32800 47.33200
27 6 20 18 21 8117.90000 5.19900000 201.08000 37.56000 14.32800 47.33200
27 6 20 18 21 8119.90000 5.19900000 201.10000 37.56000 14.33500 47.33200
27 6 20 18 22 8120.10000 5.19900000 201.10000 37.56000 14.33500 47.33200
27 6 20 18 22 8120.10000 5.19900000 201.15000 37.56000 14.33500 47.33200
27 6 20 18 23 8117.30000 5.19900000 201.14000 37.56000 14.33500 47.33200
27 6 20 18 23 8117.90000 5.19900000 201.06000 37.56000 14.33500 47.33200
27 6 20 18 24 8118.70000 5.19900000 201.14000 37.56000 14.33500 47.33200
27 6 20 18 24 8118.70000 5.19900000 201.14000 37.55000 14.33500 47.33200
27 6 20 18 25 8118.60000 5.19900000 201.14000 37.55000 14.33500 47.33200
27 6 20 18 25 8111.10000 5.19900000 200.86000 37.55000 14.32300 47.33200
27 6 20 18 26 8110.30000 5.19900000 201.00000 37.55000 14.32300 47.33200
27 6 20 18 26 8110.30000 5.19900000 200.76000 37.55000 14.32300 47.33200
27 6 20 18 27 8110.10000 5.19900000 200.76000 37.55000 14.32300 47.33200
27 6 20 18 27 8106.40000 5.19900000 200.77000 37.55000 14.32300 47.33200
27 6 20 18 28 8106.40000 5.19900000 200.77000 37.55000 14.32300 47.33200
27 6 20 18 28 8104.70000 5.19900000 200.79000 37.55000 14.32300 47.33200
27 6 20 18 29 8104.70000 5.19900000 200.79000 37.55000 14.32300 47.33200
27 6 20 18 29 8104.30000 5.19900000 200.80000 37.55000 14.32300 47.25700
27 6 20 18 30 8104.40000 5.19900000 200.93000 37.55000 14.32300 47.25800
27 6 20 18 30 8105.00000 5.19900000 200.95000 37.54000 14.32300 47.25700
27 6 20 18 30 8104.90000 5.19900000 201.02000 37.54000 14.32300 47.25700
27 6 20 18 31 8105.00000 5.19900000 201.02000 37.54000 14.32200 47.25700
27 6 20 18 31 8116.10000 5.19900000 201.02000 37.54000 14.32200 47.25700
27 6 20 18 32 8116.20000 5.19900000 201.20000 37.55000 14.32200 47.25800
27 6 20 18 32 8118.80000 5.19900000 201.20000 37.54000 14.32200 47.25700
27 6 20 18 33 8117.50000 5.19900000 201.11000 37.56000 14.32200 47.25700
27 6 20 18 33 8114.60000 5.19900000 201.11000 37.56000 14.32200 47.25700
27 6 20 18 34 8115.90000 5.19900000 201.05000 37.56000 14.32200 47.25700
27 6 20 18 34 8117.10000 5.19900000 201.05000 37.56000 14.32200 47.25700
27 6 20 18 35 8117.40000 5.19900000 201.22000 37.56000 14.32200 47.25700
27 6 20 18 35 8118.20000 5.19900000 201.22000 37.56000 14.32200 47.25700
27 6 20 18 36 8119.30000 5.19900000 201.24000 37.56000 14.32200 47.25700
27 6 20 18 36 8120.40000 5.19900000 201.26000 37.56000 14.32200 47.25700
27 6 20 18 37 8120.70000 5.19900000 201.25000 37.56000 14.32200 47.25700
27 6 20 18 37 8120.90000 5.19900000 201.26000 37.56000 14.32200 47.25700
27 6 20 18 38 8119.20000 5.19900000 201.26000 37.56000 14.32200 47.25700
27 6 20 18 38 8118.50000 5.19900000 201.26000 37.56000 14.32200 47.25700
27 6 20 18 39 8116.50000 5.19900000 201.17000 37.56000 14.32200 47.25700
27 6 20 18 39 8115.90000 5.19900000 201.18000 37.56000 14.32200 47.25700
27 6 20 18 40 8117.90000 5.19900000 201.18000 37.56000 14.35000 47.25700
27 6 20 18 40 8116.50000 5.19900000 201.18000 37.56000 14.35000 47.25700
27 6 20 18 41 8116.00000 5.19900000 201.18000 37.56000 14.35000 47.25700
27 6 20 18 41 8116.00000 5.19900000 201.11000 37.56000 14.35000 47.25700
27 6 20 18 41 8116.00000 5.19900000 201.11000 37.56000 14.35000 47.25700
27 6 20 18 42 8119.40000 5.19900000 201.12000 37.56000 14.35000 47.25700
27 6 20 18 42 8119.40000 5.19900000 201.11000 37.56000 14.35000 47.25700
27 6 20 18 43 8119.30000 5.19900000 201.12000 37.56000 14.35000 47.25700
27 6 20 18 43 8119.30000 5.19900000 201.27000 37.56000 14.35000 47.25700
27 6 20 18 44 8119.40000 5.19900000 201.27000 37.60000 14.35000 47.25700
27 6 20 18 44 8120.00000 5.19900000 201.27000 37.60000 14.35000 47.25700
27 6 20 18 45 8119.90000 5.19900000 201.32000 37.60000 14.35000 47.25700
27 6 20 18 45 8120.00000 5.19900000 201.32000 37.60000 14.35000 47.25800
27 6 20 18 46 8119.90000 5.19000000 201.32000 37.60000 14.35000 47.25700
27 6 20 18 46 8119.90000 5.19000000 201.32000 37.60000 14.35000 47.25700
27 6 20 18 47 8120.00000 5.19000000 201.32000 37.60000 14.35000 47.32700
27 6 20 18 47 8119.90000 5.19000000 201.26000 37.60000 14.35000 47.32700
27 6 20 18 48 8119.90000 5.19000000 201.21000 37.60000 14.35000 47.32700
27 6 20 18 48 8120.00000 5.19000000 201.21000 37.60000 14.39900 47.32700
27 6 20 18 49 8120.00000 5.19000000 201.21000 37.60000 14.39900 47.32700
27 6 20 18 49 8120.00000 5.19000000 201.17000 37.60000 14.39900 47.32700
27 6 20 18 50 8119.90000 5.19000000 201.17000 37.60000 14.39900 47.32700
27 6 20 18 50 8119.90000 5.19000000 201.36000 37.60000 14.39800 47.32700
27 6 20 18 50 8119.90000 5.19000000 201.40000 37.60000 14.39800 47.32700
27 6 20 18 51 8119.90000 5.19000000 201.40000 37.60000 14.39800 47.32700
27 6 20 18 51 8120.00000 5.19000000 201.40000 37.60000 14.39800 47.32700
27 6 20 18 52 8120.00000 5.19000000 201.40000 37.56000 14.39800 47.32700
27 6 20 18 52 8120.00000 5.19000000 201.45000 37.60000 14.39800 47.32700
27 6 20 18 53 8126.30000 5.19000000 201.45000 37.60000 14.39800 47.32700
27 6 20 18 53 8128.50000 5.19000000 201.47000 37.60000 14.39800 47.32700
27 6 20 18 54 8128.40000 5.19000000 201.28000 37.60000 14.39800 47.32700
27 6 20 18 54 8128.40000 5.19000000 201.28000 37.60000 14.39800 47.32700
27 6 20 18 55 8128.50000 5.19000000 201.13000 37.60000 14.39800 47.32700
27 6 20 18 55 8128.40000 5.19000000 201.11000 37.60000 14.39800 47.32700
27 6 20 18 56 8128.40000 5.19000000 201.11000 37.60000 14.39800 47.32700
27 6 20 18 56 8128.40000 5.19000000 201.12000 37.60000 14.39800 47.32700
27 6 20 18 57 8128.40000 5.19000000 201.12000 37.60000 14.39800 47.32700
27 6 20 18 57 8128.30000 5.19000000 201.06000 37.60000 14.39800 47.32700
27 6 20 18 58 8119.90000 5.19000000 200.83000 37.60000 14.39800 47.32700
27 6 20 18 58 8120.00000 5.19000000 200.97000 37.60000 14.39800 47.32700
27 6 20 18 58 8119.90000 5.19000000 200.90000 37.60000 14.39800 47.32700
27 6 20 18 59 8119.90000 5.19000000 200.86000 37.60000 14.39800 47.29700
27 6 20 18 59 8120.00000 5.19000000 200.86000 37.60000 14.39800 47.29700
27 6 20 19 00 8120.00000 5.19000000 200.75000 37.56000 14.39800 47.29700
27 6 20 19 00 8120.00000 5.19000000 200.82000 37.60000 14.39800 47.29700
27 6 20 19 01 8120.00000 5.19000000 200.85000 37.60000 14.39800 47.29700
27 6 20 19 01 8118.40000 5.23800000 200.88000 37.60000 14.39800 47.29700
27 6 20 19 02 8119.80000 5.23800000 200.90000 37.54000 14.39800 47.29700
27 6 20 19 02 8119.80000 5.23800000 200.89000 37.54000 14.39800 47.29700
27 6 20 19 03 8119.80000 5.23800000 200.90000 37.54000 14.39800 47.29700
27 6 20 19 03 8119.80000 5.23800000 200.90000 37.54000 14.35100 47.29700
27 6 20 19 04 8119.10000 5.20300000 200.90000 37.54000 14.36400 47.17400
27 6 20 19 04 8118.60000 5.23800000 200.91000 37.52000 14.36400 47.17400
27 6 20 19 05 8118.60000 5.20300000 200.91000 37.54000 14.36400 47.17400
27 6 20 19 05 8118.40000 5.23800000 200.91000 37.54000 14.36400 47.17400
27 6 20 19 06 8118.50000 5.23800000 200.90000 37.54000 14.36400 47.17400
27 6 20 19 06 8118.50000 5.23800000 200.91000 37.54000 14.36400 47.17400
27 6 20 19 06 8118.40000 5.23800000 200.91000 37.54000 14.40000 47.17400
27 6 20 19 07 8115.10000 5.23800000 200.91000 37.54000 14.40000 47.17400
27 6 20 19 08 8113.80000 5.20300000 200.91000 37.51000 14.40000 47.17400
27 6 20 19 08 8113.80000 5.23800000 200.89000 37.51000 14.40000 47.17400
27 6 20 19 09 8115.00000 5.23800000 200.88000 37.51000 14.40000 47.17400
27 6 20 19 09 8116.20000 5.23800000 200.89000 37.51000 14.56900 47.17400
27 6 20 19 10 8116.10000 5.20300000 200.89000 37.51000 14.56900 47.17400
27 6 20 19 10 8118.50000 5.23800000 200.89000 37.51000 14.56900 47.17400
27 6 20 19 11 8123.10000 5.23800000 201.01000 37.51000 14.56900 47.17400
27 6 20 19 11 8123.10000 5.20300000 201.01000 37.51000 14.56900 47.17400
