M=[
13 1 17 09 43 756.49000 1.12316000 9.13088 3.75937 3.99106 41.73422
13 1 17 09 41 756.44200 1.12316000 9.10899 3.75937 3.99106 41.73422
13 1 17 09 43 756.44400 1.12316000 9.10899 3.75937 3.99106 41.73422
13 1 17 09 42 758.99400 1.12316000 9.10899 3.75937 3.99106 41.73422
13 1 17 09 44 758.71000 1.12316000 9.11200 3.75937 3.85007 41.73422
13 1 17 09 46 758.99900 1.12316000 9.09310 3.75937 3.85007 41.73422
13 1 17 09 46 759.00000 1.12316000 9.09310 3.75937 3.85007 41.73422
13 1 17 09 46 759.70900 1.12316000 9.09425 3.75937 3.85007 41.73422
13 1 17 09 44 759.00100 1.12316000 9.09787 3.75937 3.85007 41.73422
13 1 17 09 47 760.27600 1.12316000 9.09790 3.75937 3.85007 41.73422
13 1 17 09 47 760.28000 1.12316000 9.09794 3.75937 3.85007 41.73422
13 1 17 09 48 760.27900 1.12316000 9.12990 3.75937 3.85007 41.73422
13 1 17 09 48 760.28000 1.12316000 9.12990 3.75937 3.85007 41.73422
13 1 17 09 49 761.00000 1.12316000 9.12990 3.75937 3.85007 41.73422
13 1 17 09 47 760.22200 1.12316000 9.12990 3.75937 3.85007 41.73422
13 1 17 09 48 764.07900 1.12316000 9.13411 3.75937 3.85007 41.73422
13 1 17 09 48 761.16900 1.12316000 9.13411 3.75937 3.85007 41.73422
13 1 17 09 48 761.50100 1.12316000 9.14880 3.75937 3.85007 41.73422
13 1 17 09 52 763.77700 1.12316000 9.15890 3.75937 3.85007 41.73422
13 1 17 09 49 763.75000 1.12316000 9.16900 3.75937 3.85007 41.73422
13 1 17 09 52 767.68800 1.12316000 9.17790 3.75937 3.85007 41.80125
13 1 17 09 50 764.11100 1.12316000 9.17790 3.75937 3.85007 41.80125
13 1 17 09 51 764.00000 1.12316000 9.17791 3.75937 3.85007 41.80125
13 1 17 09 53 764.00100 1.12316000 9.17791 3.75937 3.85007 41.80125
13 1 17 09 52 766.25800 1.12316000 9.17787 3.75937 3.85007 41.80182
13 1 17 09 54 766.25800 1.12316000 9.17799 3.75937 3.85007 41.80182
13 1 17 09 54 765.88400 1.12316000 9.21212 3.75937 3.85007 41.80182
13 1 17 09 53 764.02100 1.12316000 9.20800 3.75937 3.85007 41.80182
13 1 17 09 55 765.66200 1.12316000 9.18519 3.75937 3.85007 41.80182
13 1 17 09 56 764.02100 1.12316000 9.18520 3.75937 3.85007 41.80182
13 1 17 09 55 764.02000 1.12316000 9.18520 3.75937 3.85007 41.80182
13 1 17 09 58 765.00000 1.12316000 9.18520 3.75937 3.85007 41.80182
13 1 17 09 55 764.99900 1.12316000 9.18520 3.75937 3.85007 41.80182
13 1 17 09 58 765.00000 1.12316000 9.18520 3.75937 3.85007 41.80182
13 1 17 09 56 765.00000 1.12316000 9.18520 3.75937 3.85007 41.80182
13 1 17 09 59 765.00000 1.12316000 9.15523 3.75937 3.85007 41.80182
13 1 17 09 59 765.00000 1.12316000 9.15523 3.75937 3.85007 41.80182
13 1 17 10 00 765.00500 1.12316000 9.15523 3.75937 3.85007 41.80182
13 1 17 10 01 765.00900 1.12316000 9.15529 3.75937 3.85007 41.80182
13 1 17 10 01 765.01900 1.12316000 9.15529 3.75937 3.85007 41.80182
13 1 17 10 02 765.01800 1.12316000 9.15529 3.75937 3.85007 41.80182
13 1 17 09 59 763.30200 1.12316000 9.15529 3.75937 3.85007 41.80182
13 1 17 10 00 765.00900 1.12316000 9.15529 3.75937 3.85007 41.80182
13 1 17 10 03 763.19200 1.12316000 9.15529 3.75937 3.85007 41.80182
13 1 17 10 01 763.59500 1.12316000 9.15529 3.75937 3.85007 41.80182
13 1 17 10 03 763.08000 1.12316000 9.15529 3.75937 3.85007 41.80182
13 1 17 10 02 763.19100 1.12316000 9.15529 3.75937 3.85007 41.80182
13 1 17 10 02 763.30200 1.12316000 9.15529 3.75937 3.85007 41.80182
13 1 17 10 03 764.65000 1.12316000 9.15529 3.75937 3.85007 41.80182
13 1 17 10 06 764.63900 1.12316000 9.15529 3.75937 3.85007 41.97688
13 1 17 10 06 764.90900 1.12316000 9.15529 3.75937 3.85007 41.97688
13 1 17 10 04 764.89000 1.12316000 9.18770 3.75937 3.85007 41.97688
13 1 17 10 05 763.08000 1.12316000 9.18762 3.75937 3.85007 41.97688
13 1 17 10 05 763.21100 1.12316000 9.18753 3.75937 3.85007 41.97688
13 1 17 10 08 763.43300 1.12316000 9.18749 3.75937 3.85007 42.76099
13 1 17 10 06 763.43300 1.12316000 9.18749 3.75937 3.85007 42.76099
13 1 17 10 06 763.32300 1.12316000 9.18749 3.75937 3.85007 42.76099
13 1 17 10 10 765.01400 1.12316000 9.18749 3.75937 3.85007 42.76099
13 1 17 10 09 765.01400 1.12316000 9.18749 3.75937 3.85007 42.76099
13 1 17 10 10 765.01400 1.12316000 9.21012 3.75937 3.85007 42.76099
13 1 17 10 10 765.01400 1.12316000 9.21012 3.75937 3.85007 42.76099
13 1 17 10 11 764.99900 1.12316000 9.21012 3.75937 3.85007 42.76099
13 1 17 10 09 764.02000 1.12316000 9.21012 3.75937 3.85007 42.76099
13 1 17 10 10 764.99600 1.17000000 9.19687 3.75937 3.85007 42.76099
13 1 17 10 10 764.00000 1.14685000 9.19684 3.75937 3.85007 42.76099
13 1 17 10 12 763.52600 1.15161000 9.16690 3.75937 3.85007 42.76099
13 1 17 10 11 764.01000 1.15161000 9.16690 3.75937 3.85007 42.76099
13 1 17 10 12 764.99600 1.15161000 9.16690 3.75937 3.85007 42.76099
13 1 17 10 14 764.99900 1.15161000 9.16690 3.75937 3.85007 42.76099
13 1 17 10 12 764.99900 1.15161000 9.20000 3.75937 3.85007 42.76099
13 1 17 10 13 765.01700 1.15161000 9.20000 3.75937 3.85007 42.76099
13 1 17 10 14 766.19800 1.15161000 9.20000 3.75937 3.85007 42.76099
13 1 17 10 14 765.14100 1.15161000 9.20000 3.75937 3.85007 42.76099
13 1 17 10 14 765.25400 1.15161000 9.20000 3.75937 3.85007 42.76099
13 1 17 10 15 767.39600 1.15161000 9.19778 3.75937 3.85007 42.76099
13 1 17 10 18 765.42000 1.15161000 9.19778 3.75937 3.85007 42.76099
13 1 17 10 18 766.21900 1.15161000 9.19778 3.75937 3.85007 42.76099
13 1 17 10 16 765.75200 1.15161000 9.16100 3.75937 3.85007 42.76099
13 1 17 10 18 767.72900 1.15161000 9.16100 3.75937 3.85007 42.76099
13 1 17 10 19 767.89900 1.15161000 9.20000 3.75937 3.85007 42.76099
13 1 17 10 20 767.74000 1.15161000 9.20000 3.75937 4.09999 42.76099
13 1 17 10 21 767.55900 1.15161000 9.20000 3.75937 4.09999 42.76099
13 1 17 10 21 765.97600 1.15161000 9.22500 3.75937 4.09999 42.76099
13 1 17 10 19 767.60000 1.15161000 9.22500 3.75937 4.09999 42.76099
13 1 17 10 21 767.59900 1.15161000 9.22500 3.75937 4.09999 42.76099
13 1 17 10 20 767.48700 1.15161000 9.22500 3.75937 4.09999 42.76099
13 1 17 10 22 767.59900 1.15161000 9.22500 3.75937 4.09999 42.76099
13 1 17 10 23 766.99000 1.15161000 9.22500 3.75937 4.09999 42.76099
13 1 17 10 21 766.98900 1.15161000 9.20100 3.75937 4.09999 42.76099
13 1 17 10 22 766.99800 1.15161000 9.20100 3.75937 4.09999 42.76099
13 1 17 10 24 767.00000 1.15161000 9.20100 3.75937 4.09999 42.76099
13 1 17 10 23 766.97900 1.15161000 9.20100 3.75937 4.09999 42.76099
13 1 17 10 23 766.89900 1.15161000 9.20100 3.75937 4.09999 42.76099
13 1 17 10 25 766.99900 1.15161000 9.20100 3.75937 4.09999 42.76099
13 1 17 10 27 766.99800 1.15161000 9.20100 3.75937 4.09999 42.76099
13 1 17 10 27 766.99800 1.15161000 9.21895 3.75937 4.09999 42.76099
13 1 17 10 28 766.99900 1.15161000 9.21895 3.75937 4.09999 42.76099
13 1 17 10 25 766.99800 1.15161000 9.21895 3.75937 4.09999 42.76099
13 1 17 10 28 766.99900 1.15161000 9.21891 3.75937 4.09999 42.76099
13 1 17 10 28 766.97400 1.15161000 9.21892 3.75937 4.09999 42.76099
13 1 17 10 27 766.99000 1.15161000 9.21889 3.75937 4.09999 42.76099
13 1 17 10 27 766.99000 1.15161000 9.21889 3.75937 4.09999 42.76099
13 1 17 10 30 766.99000 1.15161000 9.21889 3.75937 4.09999 42.76099
13 1 17 10 28 766.30800 1.15161000 9.21889 3.75937 4.09999 42.76099
13 1 17 10 29 765.56600 1.15161000 9.20000 3.75937 4.09999 42.76099
13 1 17 10 29 765.56600 1.15161000 9.18896 3.75937 4.09999 42.76099
13 1 17 10 29 765.44000 1.15161000 9.18896 3.75937 4.09999 42.76099
13 1 17 10 32 765.44000 1.15161000 9.18896 3.75937 4.09999 42.76099
13 1 17 10 30 765.56700 1.15161000 9.18896 3.75937 4.09999 42.76099
13 1 17 10 31 765.56700 1.15161000 9.18896 3.75937 4.09999 42.76099
13 1 17 10 32 765.44000 1.15161000 9.18000 3.75937 4.09999 42.76099
13 1 17 10 32 764.00000 1.15161000 9.18000 3.75937 4.09999 42.76099
13 1 17 10 34 764.00000 1.15161000 9.18000 3.75937 4.09999 42.76099
13 1 17 10 33 765.39000 1.15161000 9.18000 3.75937 4.09999 42.76099
13 1 17 10 36 765.29000 1.15161000 9.17100 3.75937 4.09999 42.76099
13 1 17 10 34 764.15600 1.15161000 9.16101 3.75937 4.09999 42.76099
13 1 17 10 34 764.15600 1.15161000 9.16101 3.75937 4.09999 42.76099
