M=[
25 3 21 16 10 43068.30000 9.20000000 1338.38000 143.86000 26.14400 100.90000
25 3 21 16 10 43028.00000 9.20000000 1337.60000 143.75000 26.14400 100.90000
25 3 21 16 10 43022.10000 9.20000000 1336.01000 143.62000 26.14400 100.90000
25 3 21 16 11 43059.70000 9.20000000 1337.89000 143.49000 26.14400 100.76000
25 3 21 16 11 43239.90000 9.20000000 1339.81000 143.86000 25.95000 100.90000
25 3 21 16 12 43194.80000 9.20000000 1339.30000 144.06000 25.95000 100.78100
25 3 21 16 12 43318.80000 9.20000000 1341.18000 144.31000 25.95000 101.11600
25 3 21 16 13 43401.10000 9.20000000 1343.98000 144.80000 26.24800 101.11600
25 3 21 16 13 43495.00000 9.20000000 1348.17000 145.02000 26.24800 101.11600
25 3 21 16 13 43494.90000 9.20000000 1349.99000 145.59000 26.24800 101.95400
25 3 21 16 14 43515.60000 9.20000000 1350.91000 145.62000 26.24800 102.01300
25 3 21 16 14 43540.80000 9.20000000 1351.29000 146.10000 26.24800 102.01300
25 3 21 16 15 43645.70000 9.20000000 1353.77000 146.50000 26.24800 102.48700
25 3 21 16 15 43623.80000 9.20000000 1354.62000 146.96000 26.24800 102.63000
25 3 21 16 16 43630.00000 9.20000000 1354.93000 146.96000 26.24800 102.63000
25 3 21 16 16 43752.30000 9.20000000 1357.15000 147.31000 26.24800 102.63200
25 3 21 16 16 43775.40000 9.20000000 1357.87000 147.34000 26.24800 102.96300
25 3 21 16 17 43727.70000 9.20000000 1358.27000 147.34000 26.24800 103.11100
25 3 21 16 17 43808.90000 9.20000000 1360.00000 147.34000 26.24800 102.86400
25 3 21 16 18 43861.70000 9.20000000 1360.81000 147.54000 26.24800 102.86400
25 3 21 16 18 43777.00000 9.20000000 1360.13000 147.22000 26.24800 102.86400
25 3 21 16 19 43827.90000 9.20000000 1360.39000 147.10000 26.24800 102.86400
25 3 21 16 19 43780.90000 9.20000000 1360.02000 146.89000 26.24800 103.22600
25 3 21 16 19 43750.90000 9.20000000 1360.02000 146.82000 26.21900 102.39000
25 3 21 16 20 43800.00000 9.20000000 1360.39000 146.94000 26.21900 102.39000
25 3 21 16 20 43861.70000 9.20000000 1362.87000 147.16000 26.21900 102.39000
25 3 21 16 21 43849.50000 9.20000000 1361.51000 146.93000 26.21900 103.20900
25 3 21 16 21 43794.50000 9.20000000 1359.67000 146.79000 26.21900 103.20900
25 3 21 16 22 43780.00000 9.20000000 1360.33000 146.72000 26.21900 103.20900
25 3 21 16 22 43755.10000 9.20000000 1358.67000 146.59000 26.21900 103.25600
25 3 21 16 22 43732.00000 9.20000000 1358.67000 146.51000 26.21900 102.68000
25 3 21 16 23 43749.90000 9.20000000 1357.03000 146.52000 26.21900 102.68000
25 3 21 16 23 43635.90000 9.20000000 1357.02000 146.32000 26.21900 102.68000
25 3 21 16 24 43636.00000 9.20000000 1355.94000 146.33000 26.21900 102.68000
25 3 21 16 24 43571.10000 9.20000000 1354.04000 146.15000 26.21900 102.25800
25 3 21 16 25 43572.20000 9.20000000 1351.06000 145.82000 26.21900 102.25800
25 3 21 16 25 43593.00000 9.20000000 1353.65000 146.14000 26.21900 102.25800
25 3 21 16 25 43522.70000 9.20000000 1350.00000 145.96000 26.21900 102.25800
25 3 21 16 26 43477.00000 9.20000000 1350.90000 145.64000 26.21900 102.25800
25 3 21 16 26 43448.60000 9.20000000 1347.31000 145.48000 26.21900 102.25800
25 3 21 16 27 43465.00000 9.20000000 1348.33000 145.33000 26.21900 102.25800
25 3 21 16 27 43468.00000 9.20000000 1347.04000 145.33000 26.21900 102.25800
25 3 21 16 28 43457.50000 9.20000000 1346.68000 145.29000 26.26100 101.21000
25 3 21 16 28 43376.50000 9.20000000 1344.50000 144.98000 26.26100 101.21000
25 3 21 16 28 43287.00000 9.20000000 1342.42000 144.93000 26.26100 101.21000
25 3 21 16 29 43235.00000 9.20000000 1340.40000 144.85000 26.26100 101.03200
25 3 21 16 29 43142.70000 9.20000000 1338.29000 144.58000 26.26100 101.03200
25 3 21 16 30 43150.00000 9.20000000 1340.49000 144.58000 26.26100 100.82600
25 3 21 16 30 43131.50000 9.20000000 1339.27000 144.19000 26.26100 100.82600
25 3 21 16 31 43166.00000 9.20000000 1340.00000 144.30000 26.26100 100.73000
25 3 21 16 31 43298.60000 9.20000000 1345.11000 144.68000 26.38200 100.80900
25 3 21 16 31 43292.70000 9.20000000 1345.64000 144.83000 26.30200 100.80900
25 3 21 16 32 43244.40000 9.20000000 1343.35000 144.40000 26.45600 100.80900
25 3 21 16 32 43253.20000 9.20000000 1344.57000 144.64000 26.45600 100.99000
25 3 21 16 33 43339.20000 9.20000000 1346.65000 144.78000 26.45600 101.21500
25 3 21 16 33 43345.50000 9.20000000 1347.52000 145.07000 26.45600 101.21500
25 3 21 16 34 43352.90000 9.20000000 1348.18000 145.07000 26.45600 101.21500
25 3 21 16 34 43357.50000 9.20000000 1348.03000 144.95000 26.45600 101.21500
25 3 21 16 34 43460.30000 9.20000000 1352.09000 145.56000 26.29600 101.21500
25 3 21 16 35 43439.60000 9.20000000 1351.92000 145.68000 26.29600 101.21500
25 3 21 16 35 43452.70000 9.20000000 1351.12000 145.77000 26.29600 101.21500
25 3 21 16 36 43376.20000 9.20000000 1350.00000 145.57000 26.29600 101.21500
25 3 21 16 36 43337.80000 9.20000000 1348.52000 145.04000 26.29600 101.21500
25 3 21 16 37 43289.60000 9.20000000 1346.50000 145.21000 26.29600 101.21500
25 3 21 16 37 43279.60000 9.20000000 1345.36000 145.01000 26.29600 101.21500
25 3 21 16 37 43268.30000 9.20000000 1344.91000 145.00000 26.29600 101.21500
25 3 21 16 38 43294.10000 9.20000000 1345.24000 144.77000 26.08100 101.32600
25 3 21 16 38 43319.10000 9.23600000 1345.24000 144.98000 26.08200 101.32600
25 3 21 16 39 43350.90000 9.23600000 1347.84000 145.03000 26.08200 101.29300
25 3 21 16 39 43471.40000 9.24500000 1347.84000 145.21000 26.08100 101.29300
25 3 21 16 40 43400.00000 9.24500000 1349.52000 145.36000 26.08100 101.29300
25 3 21 16 40 43286.70000 9.24500000 1345.08000 145.36000 26.08100 101.56700
25 3 21 16 40 43287.00000 9.24500000 1345.77000 145.36000 26.08100 101.56700
25 3 21 16 41 43398.90000 9.24500000 1349.99000 145.18000 26.08100 101.56700
25 3 21 16 41 43375.70000 9.24500000 1349.15000 145.20000 26.08100 101.56700
25 3 21 16 42 43384.00000 9.24500000 1348.79000 145.19000 26.08000 101.56700
25 3 21 16 42 43375.80000 9.24500000 1348.40000 145.05000 26.08000 101.56700
25 3 21 16 43 43398.90000 9.24500000 1349.24000 145.37000 26.08000 101.56700
25 3 21 16 43 43430.00000 9.27800000 1350.00000 145.44000 26.08000 101.90700
25 3 21 16 43 43536.30000 9.27800000 1350.00000 145.96000 26.08000 101.90700
25 3 21 16 44 43542.60000 9.27800000 1352.91000 145.89000 26.08000 101.90700
25 3 21 16 44 43581.70000 9.27800000 1353.77000 145.89000 26.08000 101.90700
25 3 21 16 45 43509.10000 9.27800000 1352.31000 145.51000 26.20500 101.90700
25 3 21 16 45 43568.60000 9.27800000 1350.98000 145.84000 26.20500 101.90700
25 3 21 16 46 43651.80000 9.27800000 1355.83000 145.90000 26.20500 101.90700
25 3 21 16 46 43694.10000 9.27800000 1356.53000 146.00000 26.20500 102.23400
25 3 21 16 46 43646.40000 9.27800000 1356.28000 146.13000 26.20500 102.24100
25 3 21 16 47 43623.40000 9.33200000 1357.30000 146.13000 26.21100 102.27800
25 3 21 16 47 43623.30000 9.33200000 1357.25000 146.13000 26.21100 102.27300
25 3 21 16 48 43639.50000 9.33200000 1356.37000 146.17000 26.21100 102.32400
25 3 21 16 48 43632.70000 9.33200000 1356.28000 146.17000 26.21100 102.33500
25 3 21 16 49 43623.00000 9.33200000 1355.06000 145.97000 26.21100 102.33500
25 3 21 16 49 43620.60000 9.33200000 1355.32000 145.97000 26.21100 102.33500
25 3 21 16 49 43562.00000 9.33200000 1355.00000 145.89000 26.21100 102.33200
25 3 21 16 50 43515.30000 9.33200000 1353.48000 145.89000 26.21100 102.33200
25 3 21 16 50 43573.50000 9.33200000 1353.76000 145.91000 26.15700 102.33200
25 3 21 16 51 43559.20000 9.33200000 1353.05000 145.91000 26.17800 102.13300
25 3 21 16 51 43500.00000 9.33200000 1352.84000 145.67000 26.17800 102.13300
25 3 21 16 52 43500.10000 9.33200000 1353.18000 145.80000 26.17800 102.13300
25 3 21 16 52 43472.30000 9.33200000 1352.16000 145.80000 26.17800 102.13300
25 3 21 16 52 43460.20000 9.33200000 1350.27000 145.80000 26.17800 102.13300
25 3 21 16 53 43440.00000 9.33200000 1348.94000 145.27000 26.17800 102.13300
25 3 21 16 53 43459.10000 9.33200000 1348.94000 145.35000 26.17800 102.13300
