M=[
18 2 21 05 38 43346.80000 12.91900000 1578.71000 194.17000 34.02000 137.38200
18 2 21 05 38 43374.90000 12.91900000 1578.91000 194.17000 34.02000 137.38200
18 2 21 05 38 43374.90000 12.91900000 1579.37000 194.17000 34.02000 137.58300
18 2 21 05 39 43374.90000 12.91900000 1579.48000 194.17000 34.02000 137.60400
18 2 21 05 39 43374.40000 12.91900000 1579.49000 194.17000 34.02000 137.80000
18 2 21 05 40 43381.00000 12.91900000 1579.50000 194.06000 34.02000 137.80000
18 2 21 05 40 43377.50000 12.91900000 1578.94000 194.08000 33.75400 137.80000
18 2 21 05 40 43377.40000 12.91900000 1579.00000 194.08000 33.75400 137.80000
18 2 21 05 41 43370.60000 12.91900000 1578.99000 194.08000 33.75400 137.80000
18 2 21 05 41 43372.50000 12.91900000 1578.99000 194.08000 33.75400 137.97700
18 2 21 05 42 43369.70000 12.91900000 1578.99000 194.08000 33.75400 137.97700
18 2 21 05 42 43369.40000 12.91900000 1578.99000 194.15000 33.75400 137.97700
18 2 21 05 43 43375.60000 12.91900000 1578.61000 194.15000 33.75400 137.97700
18 2 21 05 43 43373.90000 12.91900000 1578.38000 194.15000 33.75400 137.97700
18 2 21 05 43 43371.70000 12.91900000 1578.38000 194.15000 33.75400 137.97700
18 2 21 05 44 43385.40000 12.91900000 1578.28000 194.15000 33.75400 137.97700
18 2 21 05 44 43377.20000 12.91900000 1577.74000 194.40000 33.75400 137.97700
18 2 21 05 45 43369.40000 12.91100000 1577.34000 194.35000 33.75400 137.97700
18 2 21 05 45 43354.70000 12.91100000 1577.05000 194.00000 33.75400 137.97700
18 2 21 05 46 43369.40000 12.91100000 1577.49000 193.84000 33.75400 137.97700
18 2 21 05 46 43378.40000 12.91100000 1577.50000 193.84000 33.75400 137.97700
18 2 21 05 46 43350.00000 12.89200000 1576.96000 193.47000 33.75400 137.97700
18 2 21 05 47 43350.10000 12.89200000 1577.32000 193.34000 33.75400 137.97700
18 2 21 05 47 43350.00000 12.89200000 1577.84000 193.34000 33.75400 137.97700
18 2 21 05 48 43354.40000 12.89200000 1577.14000 193.80000 33.75400 137.97700
18 2 21 05 48 43354.30000 12.89200000 1577.38000 193.54000 33.75400 137.97700
18 2 21 05 49 43346.90000 12.89200000 1577.30000 193.56000 33.75400 137.97700
18 2 21 05 49 43338.80000 12.83000000 1577.12000 193.56000 33.75400 137.97700
18 2 21 05 50 43338.90000 12.86100000 1576.64000 193.78000 33.75400 137.97700
18 2 21 05 50 43344.50000 12.86100000 1577.73000 193.82000 33.75400 137.97700
18 2 21 05 50 43345.30000 12.86100000 1577.73000 193.82000 33.75400 137.97700
18 2 21 05 51 43341.60000 12.86100000 1577.74000 193.82000 33.75400 137.97700
18 2 21 05 51 43325.00000 12.86100000 1577.56000 193.69000 33.75400 137.97700
18 2 21 05 52 43307.80000 12.76400000 1576.92000 193.69000 33.75400 137.97700
18 2 21 05 52 43288.20000 12.76400000 1576.68000 193.69000 33.75400 137.27000
18 2 21 05 53 43308.90000 12.76400000 1577.40000 193.69000 33.75400 137.27000
18 2 21 05 53 43295.40000 12.76400000 1577.13000 193.69000 33.75400 137.27000
18 2 21 05 53 43303.50000 12.76400000 1576.60000 193.55000 33.75400 137.27000
18 2 21 05 54 43305.80000 12.76400000 1576.25000 193.70000 33.75400 137.27000
18 2 21 05 54 43297.40000 12.79400000 1576.25000 193.70000 33.75400 137.27000
18 2 21 05 55 43305.00000 12.79400000 1576.30000 193.81000 33.75400 137.27000
18 2 21 05 55 43302.50000 12.79400000 1576.30000 193.81000 33.75400 137.72800
18 2 21 05 56 43319.90000 12.79400000 1577.39000 194.05000 33.75400 137.77000
18 2 21 05 56 43319.90000 12.79400000 1577.31000 194.05000 33.75400 137.77000
18 2 21 05 56 43329.90000 12.79400000 1577.63000 194.12000 33.75400 137.77000
18 2 21 05 57 43336.40000 12.84600000 1577.57000 194.11000 33.75400 137.77000
18 2 21 05 57 43337.30000 12.84600000 1577.85000 194.38000 33.75400 137.77000
18 2 21 05 58 43343.00000 12.84600000 1578.04000 194.35000 33.75400 137.77000
18 2 21 05 58 43349.70000 12.84600000 1577.86000 194.30000 33.75400 137.77000
18 2 21 05 59 43363.70000 12.84600000 1578.37000 194.36000 33.75400 137.77000
18 2 21 05 59 43367.00000 12.84600000 1578.70000 194.39000 33.75400 137.77000
18 2 21 05 59 43367.00000 12.84600000 1578.69000 194.39000 33.75400 137.77000
18 2 21 06 00 43356.60000 12.84600000 1577.82000 194.40000 33.75400 137.77000
18 2 21 06 00 43358.30000 12.84600000 1578.03000 194.40000 33.75400 137.77000
18 2 21 06 01 43363.00000 12.80500000 1578.32000 194.06000 33.75400 137.77000
18 2 21 06 01 43340.10000 12.80500000 1578.42000 194.06000 33.75400 137.77000
18 2 21 06 02 43335.50000 12.80500000 1578.44000 194.02000 33.75400 137.77000
18 2 21 06 02 43345.70000 12.80500000 1578.44000 193.97000 33.75400 137.77000
18 2 21 06 02 43348.10000 12.80500000 1578.43000 193.97000 33.75400 137.77000
18 2 21 06 03 43359.60000 12.80500000 1578.43000 194.23000 33.75400 137.77000
18 2 21 06 03 43360.50000 12.80500000 1578.43000 194.04000 33.75400 137.77000
18 2 21 06 04 43373.80000 12.80500000 1578.43000 194.26000 33.75400 137.79300
18 2 21 06 04 43383.00000 12.80500000 1579.93000 194.19000 33.75400 137.79300
18 2 21 06 05 43390.70000 12.83600000 1580.63000 194.19000 33.75400 137.79300
18 2 21 06 05 43386.90000 12.86000000 1579.70000 194.06000 33.75400 137.79300
18 2 21 06 05 43376.20000 12.86000000 1578.33000 194.00000 33.75400 137.79300
18 2 21 06 06 43353.80000 12.86000000 1576.88000 193.76000 33.75400 137.79300
18 2 21 06 06 43354.30000 12.76300000 1576.56000 193.76000 33.75400 137.79300
18 2 21 06 07 43350.10000 12.76300000 1576.52000 193.76000 33.75400 137.79300
18 2 21 06 07 43350.00000 12.76300000 1576.80000 193.76000 33.75400 137.79300
18 2 21 06 08 43351.30000 12.76300000 1577.05000 193.76000 33.75400 137.79300
18 2 21 06 08 43350.00000 12.76300000 1574.14000 194.06000 33.75400 137.75800
18 2 21 06 08 43350.10000 12.76300000 1574.93000 194.03000 33.75400 137.75800
18 2 21 06 09 43310.90000 12.86200000 1573.02000 193.98000 33.53500 137.75800
18 2 21 06 09 43300.00000 12.86200000 1573.49000 193.98000 33.53500 137.75800
18 2 21 06 10 43297.60000 12.86200000 1572.85000 193.82000 33.53500 137.75800
18 2 21 06 10 43278.40000 12.86200000 1571.73000 193.37000 33.53500 137.75800
18 2 21 06 11 43278.40000 12.86200000 1571.73000 193.37000 33.53500 137.75800
18 2 21 06 11 43295.20000 12.86200000 1570.48000 193.45000 33.53500 137.75800
18 2 21 06 11 43279.60000 12.86200000 1570.34000 193.35000 33.53500 137.75800
18 2 21 06 12 43282.00000 12.86200000 1569.99000 193.22000 33.61600 137.36200
18 2 21 06 12 43286.90000 12.86200000 1570.90000 193.68000 33.61600 137.36200
18 2 21 06 13 43291.00000 12.86200000 1570.89000 193.68000 33.61600 137.36200
18 2 21 06 13 43293.60000 12.86200000 1571.00000 193.68000 33.61600 137.36200
18 2 21 06 14 43297.10000 12.86200000 1574.15000 193.68000 33.61600 137.36200
18 2 21 06 14 43303.50000 12.86200000 1574.85000 193.86000 33.61600 137.20000
18 2 21 06 14 43302.20000 12.86200000 1574.62000 193.86000 33.61600 137.20000
18 2 21 06 15 43303.80000 12.81100000 1574.66000 193.86000 33.61600 137.20000
18 2 21 06 15 43311.70000 12.81100000 1574.80000 193.86000 33.61600 136.32500
18 2 21 06 16 43311.60000 12.81100000 1575.33000 193.86000 33.61600 136.32500
18 2 21 06 16 43315.00000 12.81100000 1577.20000 193.95000 33.61600 136.17900
18 2 21 06 17 43339.40000 12.81100000 1576.92000 194.17000 33.61600 136.17900
18 2 21 06 17 43339.30000 12.81100000 1576.85000 194.26000 33.61600 136.17900
18 2 21 06 17 43322.00000 12.81100000 1576.97000 194.26000 33.75200 135.98100
18 2 21 06 18 43315.00000 12.81100000 1576.77000 194.08000 33.75200 136.17400
18 2 21 06 18 43314.00000 12.81100000 1576.71000 193.75000 33.75200 136.17400
18 2 21 06 19 43314.10000 12.81100000 1576.50000 193.70000 33.75200 135.94600
18 2 21 06 19 43311.80000 12.81100000 1576.49000 193.79000 33.75200 135.94600
18 2 21 06 20 43311.70000 12.81100000 1576.50000 193.72000 33.50100 135.78100
18 2 21 06 20 43309.70000 12.81100000 1577.39000 193.74000 33.50100 135.78100
18 2 21 06 21 43300.20000 12.81100000 1578.63000 193.68000 33.50100 135.78100
18 2 21 06 21 43300.10000 12.81100000 1579.03000 193.86000 33.50100 135.92400
