M=[
 6 4 21 21 11 49069.70000 15.05100000 1784.00000 203.58000 35.92800 158.45800
 6 4 21 21 11 49052.20000 15.05100000 1783.53000 203.57000 35.92800 158.45800
 6 4 21 21 12 49049.10000 15.07300000 1783.73000 203.53000 35.92800 158.45800
 6 4 21 21 12 49056.90000 15.07300000 1784.00000 203.63000 35.92800 158.52500
 6 4 21 21 13 49056.50000 15.07300000 1784.46000 203.63000 35.92800 158.52500
 6 4 21 21 13 49057.00000 15.07300000 1784.44000 203.82000 35.92000 158.52500
 6 4 21 21 14 49054.80000 15.07300000 1783.81000 203.89000 35.92000 158.52500
 6 4 21 21 14 49057.00000 15.09000000 1784.42000 204.00000 35.92000 158.52300
 6 4 21 21 14 49057.00000 15.09000000 1784.67000 204.41000 35.92000 158.52300
 6 4 21 21 15 49036.20000 15.09000000 1784.32000 204.56000 35.92000 158.52300
 6 4 21 21 15 49043.80000 15.09000000 1783.81000 204.59000 35.92000 158.52300
 6 4 21 21 16 49040.30000 15.07300000 1783.59000 204.64000 35.92000 158.52300
 6 4 21 21 16 49035.90000 15.07300000 1783.59000 204.59000 35.92000 158.52300
 6 4 21 21 17 49036.00000 15.07300000 1782.87000 204.43000 35.92000 158.25400
 6 4 21 21 17 49036.60000 15.07300000 1783.58000 204.43000 35.68900 158.25400
 6 4 21 21 17 49036.60000 15.07300000 1782.81000 203.70000 35.68900 158.25400
 6 4 21 21 18 49027.10000 15.07700000 1782.62000 203.58000 35.68900 158.25400
 6 4 21 21 18 49027.10000 15.06900000 1782.00000 203.40000 35.68900 158.25400
 6 4 21 21 19 49014.60000 15.04200000 1781.57000 203.31000 35.68900 158.25400
 6 4 21 21 19 49014.70000 15.04200000 1781.61000 203.07000 35.68900 158.25400
 6 4 21 21 20 49010.50000 15.03700000 1781.57000 202.71000 35.68900 158.25400
 6 4 21 21 20 48978.20000 15.06300000 1779.46000 202.45000 35.68900 158.25400
 6 4 21 21 20 48978.20000 15.06300000 1781.15000 201.92000 35.68900 157.92700
 6 4 21 21 21 48978.20000 15.06300000 1781.16000 201.71000 35.68900 157.92700
 6 4 21 21 21 48916.00000 15.06300000 1780.51000 201.88000 35.68900 157.92700
 6 4 21 21 22 48882.80000 15.03000000 1778.83000 200.70000 35.68900 157.26400
 6 4 21 21 22 48880.50000 15.02600000 1778.19000 200.38000 35.68900 157.26400
 6 4 21 21 23 48865.80000 15.02600000 1778.82000 199.77000 35.68900 157.26400
 6 4 21 21 23 48877.50000 15.02600000 1778.82000 199.93000 35.68900 157.17900
 6 4 21 21 23 48877.60000 15.02600000 1778.00000 200.24000 35.68900 157.17900
 6 4 21 21 24 48877.60000 14.98100000 1777.11000 200.43000 35.68900 157.17900
 6 4 21 21 24 48860.90000 14.98100000 1776.92000 200.43000 35.68900 157.03000
 6 4 21 21 25 48860.90000 14.98100000 1776.35000 200.21000 35.68900 157.03000
 6 4 21 21 25 48833.70000 14.97900000 1775.00000 199.48000 35.68900 156.62500
 6 4 21 21 26 48830.10000 14.97900000 1775.39000 199.03000 35.68900 156.62500
 6 4 21 21 26 48811.40000 14.97900000 1775.01000 198.64000 35.68900 156.44700
 6 4 21 21 26 48800.00000 14.90600000 1773.64000 198.32000 35.68900 156.25900
 6 4 21 21 27 48784.10000 14.90600000 1772.85000 198.00000 35.68900 156.25900
 6 4 21 21 27 48784.00000 14.90600000 1773.09000 198.85000 35.68900 156.25900
 6 4 21 21 28 48816.20000 14.90600000 1773.15000 198.97000 35.18600 156.25900
 6 4 21 21 28 48833.70000 14.90600000 1776.07000 199.55000 35.18600 156.25900
 6 4 21 21 29 48870.40000 14.90600000 1778.02000 200.06000 35.18600 156.25900
 6 4 21 21 29 48842.90000 14.95900000 1776.10000 199.53000 35.18600 156.77900
 6 4 21 21 29 48882.00000 14.95900000 1776.71000 199.53000 35.18600 156.77900
 6 4 21 21 30 48874.10000 14.95900000 1776.71000 199.93000 35.18600 156.77900
 6 4 21 21 30 48874.10000 14.91200000 1776.72000 199.63000 35.18600 156.77900
 6 4 21 21 31 48874.10000 14.87400000 1776.05000 199.84000 35.18600 156.69000
 6 4 21 21 31 48874.10000 14.87400000 1775.65000 199.48000 35.18600 156.69000
 6 4 21 21 32 48834.40000 14.87400000 1774.56000 199.51000 35.18600 156.40900
 6 4 21 21 32 48790.00000 14.90700000 1766.00000 198.45000 35.18600 156.25900
 6 4 21 21 32 48704.60000 14.84500000 1762.90000 197.47000 35.18600 156.00000
 6 4 21 21 33 48706.80000 14.73000000 1768.63000 197.70000 35.18600 156.00000
 6 4 21 21 33 48778.50000 14.73000000 1769.71000 198.11000 35.18600 156.00000
 6 4 21 21 34 48784.50000 14.80600000 1770.54000 198.08000 35.18600 156.00000
 6 4 21 21 34 48784.50000 14.78000000 1771.14000 197.92000 35.18600 156.00000
 6 4 21 21 35 48789.80000 14.78000000 1771.09000 198.16000 35.18600 156.00000
 6 4 21 21 35 48790.00000 14.79500000 1771.73000 198.60000 35.18600 156.00000
 6 4 21 21 35 48790.00000 14.79500000 1774.39000 198.71000 35.18600 156.00000
 6 4 21 21 36 48790.00000 14.79500000 1775.12000 198.77000 35.18600 156.00000
 6 4 21 21 36 48790.00000 14.81900000 1774.54000 198.27000 35.18600 156.00000
 6 4 21 21 37 48790.00000 14.81900000 1773.10000 197.98000 35.18600 156.00000
 6 4 21 21 37 48820.50000 14.81900000 1774.12000 198.17000 35.18600 156.00000
 6 4 21 21 38 48834.40000 14.81900000 1774.12000 198.17000 35.18600 156.00000
 6 4 21 21 38 48856.60000 14.81900000 1776.32000 199.00000 35.18600 156.34000
 6 4 21 21 38 48869.90000 14.81900000 1776.86000 199.21000 35.59800 156.34000
 6 4 21 21 39 48877.60000 14.81900000 1776.86000 199.24000 35.59800 156.34000
 6 4 21 21 39 48864.50000 14.81900000 1777.67000 198.51000 35.59800 156.34000
 6 4 21 21 40 48823.30000 14.81900000 1773.86000 198.20000 35.59800 156.34000
 6 4 21 21 40 48847.40000 14.81900000 1776.70000 198.78000 35.59800 156.34000
 6 4 21 21 41 48845.50000 14.85200000 1777.11000 198.57000 35.59800 156.34000
 6 4 21 21 41 48825.30000 14.79700000 1774.99000 198.57000 35.59800 156.34000
 6 4 21 21 41 48817.00000 14.79700000 1774.98000 198.92000 35.57500 156.34000
 6 4 21 21 42 48845.60000 14.79700000 1774.98000 198.97000 35.57500 156.83000
 6 4 21 21 42 48883.90000 14.89000000 1779.33000 199.65000 35.57500 156.93000
 6 4 21 21 43 48884.00000 14.85100000 1779.43000 199.23000 35.57500 156.93000
 6 4 21 21 43 48883.90000 14.85100000 1778.00000 199.71000 35.57500 156.93000
 6 4 21 21 44 48877.20000 14.85100000 1777.99000 199.52000 35.57500 156.93000
 6 4 21 21 44 48877.20000 14.85100000 1780.82000 200.00000 35.57500 156.93000
 6 4 21 21 44 48879.90000 14.93300000 1780.61000 199.77000 35.57500 156.93000
 6 4 21 21 45 48880.00000 14.93300000 1780.92000 199.77000 35.69000 156.93000
 6 4 21 21 45 48880.00000 14.93300000 1780.35000 200.08000 35.69000 157.08000
 6 4 21 21 46 48880.00000 14.93300000 1785.00000 200.47000 35.69000 157.08000
 6 4 21 21 46 48899.90000 14.93300000 1781.05000 200.26000 35.69000 157.08000
 6 4 21 21 47 48900.00000 14.93300000 1783.63000 200.78000 35.69000 157.08000
 6 4 21 21 47 48900.00000 14.95700000 1782.53000 200.71000 35.69000 157.62200
 6 4 21 21 47 48900.00000 14.95700000 1784.14000 200.82000 35.69000 157.62200
 6 4 21 21 48 48900.00000 14.95700000 1785.72000 200.89000 35.69000 157.54200
 6 4 21 21 48 48900.00000 14.99700000 1786.45000 200.99000 35.69000 157.54200
 6 4 21 21 49 48953.40000 14.99500000 1787.50000 201.21000 35.69000 157.54200
 6 4 21 21 49 48975.60000 14.99500000 1787.44000 200.98000 36.01000 157.75500
 6 4 21 21 50 48987.20000 14.99500000 1787.44000 201.48000 36.01000 157.94200
 6 4 21 21 50 48983.50000 14.99500000 1787.52000 201.73000 36.01000 157.94200
 6 4 21 21 50 48994.60000 14.99500000 1787.52000 201.54000 36.01000 157.94200
 6 4 21 21 51 48951.60000 14.99500000 1784.62000 200.74000 36.01000 157.83800
 6 4 21 21 51 48994.60000 15.01300000 1788.00000 201.23000 36.01000 158.14000
 6 4 21 21 52 49014.40000 15.01300000 1786.23000 200.74000 36.01000 158.14000
 6 4 21 21 52 49004.50000 15.01300000 1788.22000 201.15000 36.01000 158.14000
 6 4 21 21 53 49008.20000 15.01300000 1789.73000 201.14000 36.01000 158.14000
 6 4 21 21 53 49008.20000 15.01300000 1789.74000 201.10000 36.01000 158.14000
 6 4 21 21 53 49008.20000 15.01300000 1789.22000 201.10000 36.01000 158.01100
 6 4 21 21 54 49000.00000 15.01300000 1789.66000 201.31000 36.01000 158.01100
 6 4 21 21 54 48985.30000 15.01300000 1789.66000 201.31000 36.01000 158.01100
