M=[
27 7 21 22 09 32372.10000 41.07700000 1910.00000 112.78000 23.10700 86.00000
27 7 21 22 09 32372.70000 41.07700000 1910.00000 112.78000 23.10700 86.00000
27 7 21 22 10 32366.90000 41.07700000 1910.00000 112.78000 23.10700 86.00000
27 7 21 22 10 32395.10000 41.07700000 1909.48000 112.78000 23.10700 86.00000
27 7 21 22 10 32399.80000 41.07700000 1909.99000 112.78000 23.10700 86.00000
27 7 21 22 11 32394.30000 41.07700000 1910.00000 112.78000 23.10700 86.00000
27 7 21 22 11 32371.00000 41.07700000 1910.00000 112.78000 23.10700 86.00000
27 7 21 22 12 32374.50000 41.07700000 1910.00000 112.78000 23.10700 86.00000
27 7 21 22 12 32374.50000 41.07700000 1908.75000 112.78000 23.10700 86.00000
27 7 21 22 13 32385.40000 41.07700000 1908.81000 112.78000 23.11200 86.00000
27 7 21 22 13 32385.40000 41.07700000 1909.97000 112.78000 23.11200 86.00000
27 7 21 22 13 32386.90000 41.07700000 1909.97000 112.78000 23.11200 86.00000
27 7 21 22 14 32399.90000 41.07700000 1909.54000 112.80000 23.11200 86.00000
27 7 21 22 14 32378.30000 41.07700000 1909.54000 112.62000 23.11200 86.00000
27 7 21 22 15 32314.60000 41.07600000 1907.99000 112.64000 23.11200 86.00000
27 7 21 22 15 32314.50000 41.07600000 1906.17000 112.51000 23.11200 86.00000
27 7 21 22 16 32268.80000 41.07600000 1906.89000 112.51000 23.11200 86.00000
27 7 21 22 16 32328.70000 40.95900000 1906.89000 112.60000 23.11200 86.00000
27 7 21 22 16 32355.10000 40.95900000 1909.58000 112.66000 23.11200 86.00000
27 7 21 22 17 32362.40000 40.95900000 1909.58000 112.66000 23.11200 86.00000
27 7 21 22 17 32363.40000 40.95900000 1909.58000 112.66000 23.11200 86.00000
27 7 21 22 18 32366.40000 40.95900000 1910.20000 112.66000 23.11200 86.00000
27 7 21 22 18 32383.20000 40.95900000 1910.20000 112.66000 23.11200 86.00000
27 7 21 22 19 32388.80000 40.95900000 1910.20000 112.66000 23.11200 86.00000
27 7 21 22 19 32388.80000 40.95900000 1910.39000 112.66000 23.11800 86.00000
27 7 21 22 19 32390.00000 40.95900000 1909.37000 112.66000 23.11800 86.00000
27 7 21 22 20 32415.90000 40.95900000 1911.33000 112.66000 23.11800 86.00000
27 7 21 22 20 32449.90000 40.95900000 1911.33000 112.75000 23.11800 86.00000
27 7 21 22 21 32449.90000 40.95900000 1911.33000 112.88000 23.11800 86.00000
27 7 21 22 21 32448.30000 40.95900000 1914.85000 112.88000 23.11800 86.00000
27 7 21 22 22 32458.80000 40.95900000 1914.98000 112.86000 23.11800 86.00000
27 7 21 22 22 32460.30000 40.95900000 1914.98000 112.86000 23.11800 86.00000
27 7 21 22 22 32460.30000 40.95900000 1914.98000 112.86000 23.11800 86.00000
27 7 21 22 23 32468.10000 40.95900000 1916.29000 112.86000 23.11800 86.00000
27 7 21 22 23 32469.40000 40.95900000 1916.29000 112.92000 23.08100 86.00000
27 7 21 22 24 32472.10000 40.95900000 1916.29000 112.92000 23.08100 86.00000
27 7 21 22 24 32436.40000 40.95900000 1916.29000 112.89000 23.08100 86.00000
27 7 21 22 25 32420.10000 40.95900000 1916.29000 112.89000 23.08100 86.00000
27 7 21 22 25 32415.90000 40.95900000 1914.23000 112.89000 23.08100 86.00000
27 7 21 22 26 32428.30000 40.95900000 1914.23000 112.89000 23.08100 86.00000
27 7 21 22 26 32428.30000 40.95900000 1915.97000 112.85000 23.08100 86.00000
27 7 21 22 26 32436.40000 40.95900000 1915.97000 112.85000 23.08100 86.00000
27 7 21 22 27 32394.50000 40.95900000 1912.22000 112.74000 23.08100 86.00000
27 7 21 22 27 32409.50000 40.95900000 1912.22000 112.74000 23.08100 86.00000
27 7 21 22 28 32398.40000 40.95900000 1914.28000 112.77000 23.02700 86.22700
27 7 21 22 28 32392.40000 40.95900000 1914.28000 112.77000 23.02300 86.22700
27 7 21 22 29 32401.00000 40.95900000 1914.28000 112.77000 23.02300 86.22700
27 7 21 22 29 32401.30000 40.95900000 1914.28000 112.77000 23.02300 86.22700
27 7 21 22 29 32401.30000 40.95900000 1914.28000 112.77000 23.02300 86.22700
27 7 21 22 30 32411.00000 40.95900000 1914.28000 112.77000 23.02300 86.22700
27 7 21 22 30 32411.00000 40.95900000 1915.39000 112.75000 23.02300 86.22700
27 7 21 22 31 32411.00000 40.95900000 1915.39000 112.66000 23.02300 86.22700
27 7 21 22 31 32411.00000 40.95900000 1915.62000 112.67000 23.02700 86.22700
27 7 21 22 32 32411.00000 40.95900000 1915.80000 112.67000 23.02700 86.22700
27 7 21 22 32 32411.00000 40.95900000 1916.02000 112.68000 23.02700 86.22700
27 7 21 22 32 32468.80000 40.95900000 1916.02000 112.68000 23.02700 86.22700
27 7 21 22 33 32552.00000 40.95900000 1911.42000 112.68000 23.02700 86.22700
27 7 21 22 33 32577.40000 40.95900000 1911.42000 112.87000 23.02700 86.22700
27 7 21 22 34 32616.40000 40.95900000 1917.25000 112.93000 23.02700 86.22700
27 7 21 22 34 32596.30000 40.95900000 1917.25000 112.93000 23.06500 86.22700
27 7 21 22 35 32596.30000 40.95900000 1917.25000 112.93000 23.06500 86.22700
27 7 21 22 35 32596.30000 40.95900000 1917.88000 112.93000 23.06500 86.22700
27 7 21 22 35 32602.10000 40.95900000 1918.99000 112.93000 23.06500 86.22700
27 7 21 22 36 32596.30000 40.95900000 1921.74000 112.93000 23.06500 86.22700
27 7 21 22 36 32559.90000 40.95900000 1922.27000 112.87000 23.06500 86.22700
27 7 21 22 37 32616.50000 41.34100000 1922.27000 112.87000 23.06500 86.22700
27 7 21 22 37 32669.40000 41.34100000 1926.89000 112.92000 23.06500 86.22700
27 7 21 22 38 32669.30000 41.34100000 1928.00000 112.92000 23.06500 86.22700
27 7 21 22 38 32689.00000 41.34100000 1930.94000 113.24000 23.06500 86.22700
27 7 21 22 38 32690.00000 41.34100000 1931.24000 113.24000 23.06500 86.22700
27 7 21 22 39 32694.90000 41.34100000 1934.99000 113.24000 23.06500 86.22700
27 7 21 22 39 32780.00000 41.34100000 1938.99000 113.24000 23.06500 86.22700
27 7 21 22 40 32780.00000 41.34100000 1939.79000 113.40000 23.06500 86.22700
27 7 21 22 40 32788.70000 41.34100000 1941.22000 113.40000 23.06500 86.22700
27 7 21 22 41 32812.70000 41.34100000 1943.76000 113.46000 23.06500 86.22700
27 7 21 22 41 32812.70000 41.60800000 1944.58000 113.46000 23.06500 86.83800
27 7 21 22 41 32822.00000 41.60800000 1944.81000 113.46000 23.06500 86.83800
27 7 21 22 42 32828.60000 41.60800000 1944.80000 113.40000 23.06500 86.83800
27 7 21 22 42 32842.00000 41.60800000 1944.78000 113.50000 23.06500 86.83800
27 7 21 22 43 32898.70000 41.60800000 1946.10000 113.52000 23.06500 86.83800
27 7 21 22 43 32931.00000 41.60800000 1947.70000 113.63000 23.06500 86.87000
27 7 21 22 44 32942.30000 41.60800000 1944.93000 113.70000 23.06500 86.87000
27 7 21 22 44 32970.50000 41.60800000 1944.93000 113.70000 23.06500 86.87000
27 7 21 22 45 32995.00000 41.60800000 1951.29000 113.78000 23.06500 86.87000
27 7 21 22 45 32994.70000 41.60800000 1950.73000 113.84000 23.06500 86.87000
27 7 21 22 45 33049.70000 41.64800000 1951.77000 113.84000 23.06500 86.87000
27 7 21 22 46 33140.90000 41.64800000 1954.50000 114.03000 23.06500 86.87000
27 7 21 22 46 33091.90000 41.82300000 1949.95000 114.09000 23.04100 86.87000
27 7 21 22 47 33029.70000 41.82300000 1945.69000 113.91000 23.04100 86.87000
27 7 21 22 47 33011.00000 41.82300000 1943.75000 113.79000 23.04100 86.87000
27 7 21 22 48 33039.10000 41.82300000 1946.02000 113.79000 23.04100 86.87000
27 7 21 22 48 33019.00000 41.82300000 1944.72000 114.06000 23.04100 86.87000
27 7 21 22 48 33010.00000 41.82300000 1945.34000 114.06000 23.04100 86.87000
27 7 21 22 49 33056.40000 41.82300000 1947.10000 114.17000 23.04100 86.87000
27 7 21 22 49 33082.20000 41.82300000 1948.41000 114.29000 23.04100 86.87000
27 7 21 22 50 33071.50000 41.82300000 1948.05000 114.19000 23.04100 86.87000
27 7 21 22 50 33047.40000 41.82300000 1946.35000 113.99000 23.04100 86.87000
27 7 21 22 51 33065.40000 41.82300000 1946.35000 113.99000 23.04100 86.87000
27 7 21 22 51 33047.60000 41.82300000 1945.82000 113.99000 23.04100 86.87000
27 7 21 22 51 33089.10000 41.82300000 1945.82000 113.99000 23.04100 87.18200
27 7 21 22 52 33146.00000 41.82300000 1947.78000 114.04000 23.04100 87.18200
27 7 21 22 52 33137.80000 41.99200000 1949.41000 114.04000 23.04100 87.18200
27 7 21 22 53 33165.50000 41.99200000 1949.86000 114.04000 23.04100 87.18200
