M=[
28 6 20 02 50 8018.50000 4.96900000 196.00000 36.30000 14.06000 45.92000
28 6 20 02 51 8020.10000 4.96900000 196.01000 36.31000 14.06000 45.92000
28 6 20 02 51 8020.10000 4.96900000 196.01000 36.31000 14.06000 45.92000
28 6 20 02 52 8020.10000 4.96900000 196.01000 36.31000 14.06000 45.92000
28 6 20 02 52 8020.00000 4.96900000 196.01000 36.31000 14.06000 45.92000
28 6 20 02 53 8020.00000 4.96900000 196.04000 36.31000 14.06000 45.92000
28 6 20 02 53 8020.00000 4.96900000 196.11000 36.31000 14.06000 45.92000
28 6 20 02 54 8019.00000 4.96900000 196.11000 36.31000 14.06000 45.92000
28 6 20 02 54 8018.90000 4.96900000 196.11000 36.31000 14.19400 45.92000
28 6 20 02 54 8018.90000 4.96900000 196.11000 36.31000 14.19400 45.92000
28 6 20 02 55 8018.90000 4.96900000 196.04000 36.37000 14.19400 45.92000
28 6 20 02 55 8018.90000 4.96900000 196.04000 36.37000 14.19400 45.92000
28 6 20 02 56 8019.00000 4.96900000 196.04000 36.37000 14.19400 45.92000
28 6 20 02 56 8019.00000 4.96900000 196.04000 36.37000 14.19400 45.92000
28 6 20 02 57 8019.00000 4.96900000 196.12000 36.37000 14.19400 45.92000
28 6 20 02 57 8019.00000 4.96900000 196.12000 36.37000 14.19400 45.92000
28 6 20 02 58 8021.20000 4.96900000 196.12000 36.41000 14.19400 45.92000
28 6 20 02 58 8021.20000 4.96900000 196.12000 36.41000 14.19400 45.92000
28 6 20 02 59 8021.20000 4.96900000 196.12000 36.41000 14.19400 45.92000
28 6 20 02 59 8021.20000 4.96900000 196.12000 36.41000 14.19400 45.92000
28 6 20 02 59 8021.20000 4.96900000 196.15000 36.41000 14.19400 45.92000
28 6 20 03 00 8023.40000 4.96900000 196.15000 36.41000 14.19400 45.92000
28 6 20 03 00 8022.20000 4.96900000 196.15000 36.41000 14.19400 45.92000
28 6 20 03 01 8022.30000 4.96900000 196.15000 36.41000 14.19400 45.92000
28 6 20 03 01 8022.30000 4.96900000 196.16000 36.41000 14.19400 45.92000
28 6 20 03 02 8022.30000 4.96900000 196.16000 36.41000 14.19400 45.92000
28 6 20 03 02 8022.30000 4.96900000 196.16000 36.41000 14.19400 45.92000
28 6 20 03 03 8022.30000 4.96900000 196.16000 36.41000 14.19400 45.92000
28 6 20 03 03 8022.30000 4.96900000 196.16000 36.41000 14.19400 45.92000
28 6 20 03 04 8024.50000 4.96900000 196.23000 36.41000 14.19400 45.92000
28 6 20 03 04 8024.50000 4.96900000 196.27000 36.41000 14.19400 45.92000
28 6 20 03 05 8024.50000 4.96900000 196.27000 36.41000 14.19400 45.92000
28 6 20 03 05 8026.00000 4.96900000 196.27000 36.41000 14.19400 45.92000
28 6 20 03 06 8025.90000 4.96900000 196.27000 36.41000 14.19400 45.92000
28 6 20 03 06 8025.90000 4.96900000 196.32000 36.41000 14.19400 45.92000
28 6 20 03 07 8026.00000 4.96900000 196.32000 36.41000 14.19400 45.92000
28 6 20 03 07 8025.70000 4.96900000 196.32000 36.41000 14.19400 45.92000
28 6 20 03 08 8024.40000 5.01400000 196.14000 36.41000 14.19400 45.92000
28 6 20 03 08 8020.30000 5.01400000 196.14000 36.41000 14.19400 45.92000
28 6 20 03 09 8020.30000 5.01400000 196.09000 36.41000 14.19400 45.92000
28 6 20 03 09 8017.90000 5.01400000 196.10000 36.41000 14.19400 45.92000
28 6 20 03 09 8017.90000 5.01400000 196.10000 36.41000 14.19400 45.92000
28 6 20 03 10 8017.90000 5.01400000 196.10000 36.41000 14.19400 45.92000
28 6 20 03 10 8017.90000 5.01400000 196.10000 36.41000 14.19700 45.92000
28 6 20 03 11 8017.90000 5.01400000 196.10000 36.41000 14.19700 45.92000
28 6 20 03 11 8016.30000 5.01400000 196.01000 36.41000 14.19700 45.92000
28 6 20 03 12 8016.30000 5.01400000 196.03000 36.41000 14.19700 45.92000
28 6 20 03 12 8016.30000 5.01400000 196.04000 36.41000 14.19700 45.92000
28 6 20 03 13 8017.40000 5.01400000 196.04000 36.41000 14.19400 45.92000
28 6 20 03 13 8015.30000 5.01400000 196.04000 36.41000 14.19700 45.92000
28 6 20 03 13 8016.40000 5.01400000 196.04000 36.41000 14.19700 45.92000
28 6 20 03 14 8015.20000 5.01400000 196.05000 36.41000 14.19700 45.92000
28 6 20 03 14 8015.20000 5.01400000 196.05000 36.41000 14.19700 45.92000
28 6 20 03 15 8013.20000 5.01400000 196.05000 36.41000 14.19700 45.92000
28 6 20 03 15 8013.20000 5.01400000 196.05000 36.41000 14.19700 45.92000
28 6 20 03 16 8010.60000 5.01400000 196.06000 36.41000 14.19700 45.92000
28 6 20 03 16 8012.20000 5.01400000 196.04000 36.41000 14.19700 45.92000
28 6 20 03 17 8012.20000 5.01400000 196.05000 36.41000 14.19700 45.92000
28 6 20 03 17 8012.30000 5.01400000 196.05000 36.41000 14.19700 45.92000
28 6 20 03 18 8012.30000 5.01400000 196.04000 36.41000 14.19700 45.92000
28 6 20 03 18 8012.20000 5.01400000 196.04000 36.41000 14.19700 45.92000
28 6 20 03 19 8012.30000 5.01400000 196.04000 36.41000 14.19700 45.92000
28 6 20 03 19 8012.30000 5.01400000 196.04000 36.41000 14.19700 45.92000
28 6 20 03 20 8012.30000 5.01400000 196.11000 36.41000 14.19700 45.92000
28 6 20 03 20 8015.50000 5.01400000 196.11000 36.41000 14.19700 45.92000
28 6 20 03 20 8014.70000 5.01400000 196.11000 36.41000 14.19700 45.92000
28 6 20 03 21 8014.70000 5.01400000 196.11000 36.43000 14.19700 45.92000
28 6 20 03 21 8014.70000 5.01400000 196.11000 36.43000 14.19700 45.92000
28 6 20 03 22 8013.20000 5.01400000 196.11000 36.43000 14.19700 45.92000
28 6 20 03 22 8015.70000 5.01400000 196.11000 36.43000 14.19700 45.92000
28 6 20 03 23 8015.70000 5.01400000 196.07000 36.43000 14.19700 45.92000
28 6 20 03 23 8012.50000 5.01400000 196.07000 36.43000 14.21200 45.92000
28 6 20 03 24 8015.70000 5.01400000 196.07000 36.43000 14.21200 45.92000
28 6 20 03 24 8015.70000 5.01400000 196.07000 36.43000 14.21200 45.92000
28 6 20 03 25 8012.50000 5.01400000 196.07000 36.43000 14.21200 45.92000
28 6 20 03 25 8012.60000 5.01400000 196.07000 36.43000 14.21200 45.92000
28 6 20 03 26 8012.60000 5.01400000 196.07000 36.43000 14.21200 45.92000
28 6 20 03 26 8012.50000 5.01400000 196.06000 36.43000 14.21200 45.92000
28 6 20 03 26 8012.50000 5.01400000 196.04000 36.43000 14.21200 45.92000
28 6 20 03 27 8013.90000 5.01400000 196.05000 36.43000 14.21200 45.92000
28 6 20 03 27 8013.90000 5.01400000 196.05000 36.43000 14.21200 45.92000
28 6 20 03 28 8015.30000 5.01400000 196.05000 36.43000 14.21200 45.92000
28 6 20 03 28 8012.90000 5.01400000 196.05000 36.43000 14.21200 45.92000
28 6 20 03 29 8014.90000 5.01400000 196.05000 36.41000 14.21200 45.92000
28 6 20 03 29 8015.70000 5.01400000 196.05000 36.43000 14.21200 45.92000
28 6 20 03 30 8015.60000 5.01400000 196.04000 36.43000 14.21200 45.92000
28 6 20 03 30 8015.60000 5.01400000 196.05000 36.43000 14.21200 45.92000
28 6 20 03 31 8014.90000 5.01400000 196.05000 36.43000 14.21200 45.92000
28 6 20 03 31 8004.00000 5.01400000 196.05000 36.43000 14.21200 45.92000
28 6 20 03 32 8011.60000 4.99300000 196.03000 36.43000 14.21200 45.92000
28 6 20 03 32 8011.70000 4.99300000 196.03000 36.43000 14.21200 45.92000
28 6 20 03 33 8011.70000 4.99300000 196.03000 36.43000 14.21200 45.92000
28 6 20 03 33 8011.70000 4.99300000 196.03000 36.43000 14.21200 45.92000
28 6 20 03 33 8011.00000 4.99300000 196.03000 36.43000 14.21200 45.92000
28 6 20 03 34 8011.10000 4.99300000 196.03000 36.43000 14.21200 45.92000
28 6 20 03 34 8011.10000 4.99300000 196.03000 36.43000 14.21200 45.92000
28 6 20 03 35 8011.10000 4.99300000 196.03000 36.43000 14.24900 45.92000
28 6 20 03 35 8011.10000 4.99300000 196.03000 36.43000 14.24900 45.92000
28 6 20 03 36 8011.10000 4.99300000 196.03000 36.43000 14.24900 45.92000
28 6 20 03 36 8011.10000 4.99300000 196.03000 36.43000 14.24900 45.92000
28 6 20 03 37 8011.10000 4.99300000 196.04000 36.43000 14.24900 45.92000
28 6 20 03 37 8011.10000 4.99300000 196.04000 36.43000 14.24900 45.92000
28 6 20 03 38 8011.10000 4.99300000 196.04000 36.43000 14.24900 45.92000
28 6 20 03 38 8011.10000 4.99300000 196.04000 36.43000 14.24900 45.92000
28 6 20 03 38 8011.10000 4.99300000 196.04000 36.40000 14.24900 45.92000
28 6 20 03 39 8011.10000 4.99300000 196.04000 36.40000 14.24900 45.92000
28 6 20 03 39 8011.00000 4.99300000 196.04000 36.40000 14.24900 45.92000
28 6 20 03 40 8011.00000 4.99300000 196.04000 36.40000 14.24900 45.92000
28 6 20 03 40 8010.90000 4.99300000 196.04000 36.40000 14.24900 45.92000
