M=[
 4 2 21 12 41 31470.10000 6.47100000 1368.11000 124.00000 17.23200 76.77300
 4 2 21 12 42 31450.10000 6.47100000 1368.12000 123.93000 17.23200 76.88000
 4 2 21 12 42 31437.30000 6.47100000 1365.38000 123.87000 17.23200 76.88000
 4 2 21 12 43 31490.20000 6.47100000 1368.11000 123.88000 17.23200 76.88000
 4 2 21 12 43 31465.60000 6.47100000 1367.18000 123.88000 17.23200 76.88000
 4 2 21 12 44 31453.70000 6.47100000 1366.39000 123.96000 17.23200 76.88000
 4 2 21 12 44 31451.70000 6.47100000 1367.55000 123.92000 17.23200 76.88000
 4 2 21 12 44 31445.20000 6.47100000 1367.50000 123.97000 17.23200 76.88000
 4 2 21 12 45 31447.80000 6.47100000 1367.00000 123.96000 17.23200 76.88000
 4 2 21 12 45 31455.40000 6.47100000 1367.15000 124.00000 17.23200 76.98800
 4 2 21 12 46 31469.90000 6.49600000 1368.11000 123.99000 17.23200 76.98800
 4 2 21 12 46 31470.00000 6.49700000 1367.53000 123.99000 17.23200 76.98800
 4 2 21 12 47 31470.00000 6.49700000 1368.09000 124.00000 17.23200 77.26800
 4 2 21 12 47 31469.90000 6.49700000 1367.01000 124.00000 17.23200 77.41800
 4 2 21 12 48 31469.90000 6.49700000 1367.40000 124.00000 17.23200 77.50300
 4 2 21 12 48 31470.00000 6.49700000 1367.01000 124.00000 17.23200 77.38100
 4 2 21 12 48 31469.90000 6.49700000 1366.99000 123.99000 17.23200 77.38100
 4 2 21 12 49 31465.20000 6.49700000 1367.00000 123.99000 17.23200 77.38100
 4 2 21 12 49 31454.70000 6.49400000 1367.02000 124.02000 17.23100 77.38100
 4 2 21 12 50 31467.20000 6.49400000 1367.02000 124.00000 17.23100 77.57500
 4 2 21 12 50 31470.00000 6.49400000 1368.40000 124.03000 17.23100 77.57500
 4 2 21 12 51 31486.60000 6.49400000 1368.52000 124.03000 17.23100 77.57500
 4 2 21 12 51 31456.80000 6.49400000 1368.07000 124.03000 17.23100 77.51200
 4 2 21 12 52 31498.20000 6.49400000 1368.99000 124.15000 17.23100 77.51200
 4 2 21 12 52 31474.60000 6.49400000 1369.15000 124.12000 17.23100 77.51200
 4 2 21 12 53 31492.80000 6.49400000 1370.00000 124.15000 17.23100 77.51200
 4 2 21 12 53 31463.00000 6.49400000 1369.36000 123.97000 17.23100 77.51200
 4 2 21 12 53 31464.30000 6.49400000 1369.73000 123.95000 17.23100 77.51200
 4 2 21 12 54 31452.00000 6.49400000 1367.78000 123.95000 17.23100 77.51200
 4 2 21 12 54 31450.00000 6.49400000 1367.84000 123.98000 17.23100 77.51200
 4 2 21 12 55 31438.40000 6.49400000 1367.00000 123.84000 17.23100 77.51200
 4 2 21 12 55 31458.80000 6.49400000 1370.00000 123.84000 17.23100 77.51200
 4 2 21 12 56 31453.70000 6.49400000 1370.00000 123.96000 17.23100 77.51200
 4 2 21 12 56 31459.90000 6.51000000 1371.59000 124.15000 17.23100 77.51200
 4 2 21 12 57 31459.90000 6.51000000 1370.29000 124.14000 17.23100 77.51200
 4 2 21 12 57 31432.70000 6.51000000 1369.51000 124.10000 17.39900 77.51200
 4 2 21 12 57 31443.00000 6.51000000 1369.06000 124.10000 17.39900 77.27300
 4 2 21 12 58 31448.40000 6.52700000 1369.06000 124.20000 17.39900 77.15800
 4 2 21 12 58 31434.50000 6.52700000 1369.40000 124.10000 17.39900 77.15800
 4 2 21 12 59 31450.10000 6.52700000 1368.10000 124.12000 17.08400 77.15800
 4 2 21 12 59 31432.60000 6.52700000 1365.85000 124.08000 17.08400 77.15800
 4 2 21 13 00 31387.00000 6.52700000 1365.00000 124.08000 17.26600 77.29500
 4 2 21 13 00 31345.80000 6.49400000 1363.13000 123.88000 17.26600 77.29500
 4 2 21 13 01 31303.60000 6.49400000 1361.47000 123.90000 17.26600 77.29500
 4 2 21 13 01 31368.30000 6.49400000 1364.39000 123.90000 17.26600 77.29500
 4 2 21 13 01 31368.90000 6.49400000 1364.88000 124.22000 17.26600 77.29500
 4 2 21 13 02 31352.20000 6.49400000 1365.13000 124.20000 17.26600 77.54100
 4 2 21 13 02 31314.30000 6.51300000 1362.87000 124.13000 17.26600 77.54000
 4 2 21 13 03 31290.10000 6.51300000 1362.07000 123.96000 17.26600 77.54000
 4 2 21 13 03 31313.70000 6.49700000 1361.53000 123.90000 17.26600 77.54000
 4 2 21 13 04 31318.20000 6.51400000 1362.45000 124.00000 17.26600 77.27000
 4 2 21 13 04 31326.40000 6.51400000 1361.60000 124.00000 17.26600 77.26300
 4 2 21 13 05 31322.20000 6.51400000 1361.12000 123.91000 17.26600 77.26300
 4 2 21 13 05 31329.60000 6.48300000 1360.90000 123.91000 17.07900 77.25700
 4 2 21 13 05 31290.00000 6.47900000 1360.01000 123.80000 17.07900 77.33400
 4 2 21 13 06 31331.50000 6.47900000 1361.08000 123.85000 17.07900 77.33400
 4 2 21 13 06 31325.90000 6.47900000 1361.47000 123.84000 17.07900 77.33400
 4 2 21 13 07 31344.90000 6.47900000 1361.54000 123.88000 17.07900 77.33400
 4 2 21 13 07 31335.00000 6.47900000 1361.07000 123.84000 17.07900 77.33400
 4 2 21 13 08 31330.00000 6.47900000 1361.14000 123.91000 17.07900 77.33400
 4 2 21 13 08 31348.40000 6.47900000 1362.94000 123.91000 17.07900 77.33400
 4 2 21 13 09 31356.70000 6.47900000 1363.75000 123.91000 17.07900 77.33400
 4 2 21 13 09 31340.80000 6.47900000 1363.39000 123.91000 17.07900 77.33400
 4 2 21 13 09 31320.50000 6.47900000 1361.97000 123.91000 17.07900 77.33400
 4 2 21 13 10 31346.40000 6.47900000 1362.18000 123.78000 17.07900 77.33400
 4 2 21 13 10 31351.60000 6.47900000 1361.26000 123.84000 17.07900 77.33400
 4 2 21 13 11 31356.60000 6.47900000 1362.01000 123.96000 17.07900 77.33400
 4 2 21 13 11 31351.30000 6.47900000 1361.07000 123.97000 17.07900 77.33400
 4 2 21 13 12 31330.80000 6.47900000 1361.13000 123.97000 17.07900 77.37300
 4 2 21 13 12 31330.20000 6.47900000 1361.74000 123.97000 17.07900 77.37300
 4 2 21 13 13 31320.50000 6.47900000 1360.10000 123.97000 17.07900 77.37300
 4 2 21 13 13 31320.50000 6.47900000 1359.65000 123.90000 17.07900 77.37300
 4 2 21 13 13 31324.20000 6.49200000 1360.54000 123.99000 17.07900 77.37300
 4 2 21 13 14 31329.50000 6.49200000 1360.77000 123.99000 17.07900 77.37300
 4 2 21 13 14 31320.60000 6.49200000 1360.09000 123.99000 17.07900 77.37300
 4 2 21 13 15 31320.50000 6.49200000 1360.07000 123.99000 17.07900 77.37300
 4 2 21 13 15 31271.30000 6.49200000 1357.72000 123.74000 17.07900 77.37300
 4 2 21 13 16 31316.60000 6.49200000 1359.98000 123.97000 17.07900 77.37300
 4 2 21 13 16 31316.50000 6.49200000 1359.99000 123.97000 17.07900 77.37300
 4 2 21 13 17 31316.50000 6.49200000 1360.00000 123.97000 17.07900 77.37300
 4 2 21 13 17 31286.10000 6.49200000 1357.54000 123.87000 17.07900 77.37300
 4 2 21 13 17 31262.80000 6.49200000 1356.44000 123.85000 17.07900 76.89000
 4 2 21 13 18 31278.40000 6.49200000 1356.49000 123.85000 17.07900 76.89000
 4 2 21 13 18 31265.00000 6.49200000 1354.60000 123.74000 17.07900 76.89000
 4 2 21 13 19 31284.10000 6.49200000 1356.47000 123.81000 17.07900 76.94200
 4 2 21 13 19 31280.00000 6.48700000 1356.46000 123.83000 17.07900 76.94200
 4 2 21 13 20 31299.70000 6.48700000 1358.53000 123.83000 17.07900 77.00000
 4 2 21 13 20 31295.20000 6.48700000 1356.95000 123.83000 17.07900 77.00000
 4 2 21 13 21 31289.00000 6.48700000 1356.58000 123.80000 17.07900 77.00000
 4 2 21 13 21 31262.20000 6.48700000 1356.76000 123.83000 17.34600 77.00000
 4 2 21 13 21 31216.50000 6.48700000 1355.41000 123.83000 17.34600 77.00000
 4 2 21 13 22 31228.40000 6.48700000 1355.84000 123.73000 17.12100 77.00000
 4 2 21 13 22 31234.10000 6.48700000 1356.53000 123.73000 17.12100 77.00000
 4 2 21 13 23 31236.50000 6.48700000 1355.97000 123.66000 17.12100 77.00000
 4 2 21 13 23 31281.00000 6.48700000 1355.94000 123.66000 17.12100 77.00000
 4 2 21 13 24 31289.50000 6.48700000 1356.75000 123.85000 17.12100 77.09200
 4 2 21 13 24 31261.30000 6.48700000 1356.44000 123.79000 17.12100 77.09200
 4 2 21 13 25 31266.50000 6.48700000 1356.28000 123.78000 17.12100 77.09200
 4 2 21 13 25 31256.40000 6.48700000 1356.27000 123.78000 17.12100 76.95200
 4 2 21 13 25 31237.60000 6.48700000 1355.33000 123.78000 17.12700 76.95600
 4 2 21 13 26 31235.10000 6.48700000 1355.61000 123.78000 17.12700 76.95600
 4 2 21 13 26 31235.10000 6.48700000 1355.00000 123.78000 17.12700 76.95600
 4 2 21 13 27 31247.70000 6.48700000 1355.70000 123.78000 17.12700 76.95600
 4 2 21 13 27 31248.00000 6.48700000 1355.77000 123.78000 17.12700 76.95600
 4 2 21 13 28 31245.70000 6.48700000 1356.30000 123.73000 17.39900 76.95600
