M=[
24 12 20 03 31 18780.10000 4.15200000 472.21000 83.99000 13.36900 44.78000
24 12 20 03 31 18781.90000 4.15200000 472.73000 83.99000 13.36900 44.78000
24 12 20 03 32 18785.90000 4.15200000 472.74000 83.99000 13.36900 45.14000
24 12 20 03 32 18780.10000 4.15200000 472.47000 84.27000 13.36900 45.14000
24 12 20 03 33 18780.10000 4.15200000 472.47000 84.27000 13.36900 45.14000
24 12 20 03 33 18780.10000 4.15200000 472.16000 84.27000 13.36900 45.14000
24 12 20 03 34 18811.80000 4.15200000 472.79000 84.27000 13.36900 45.14000
24 12 20 03 34 18811.80000 4.15200000 472.79000 84.27000 13.36900 45.14000
24 12 20 03 34 18811.70000 4.15200000 473.07000 84.27000 13.36900 45.14000
24 12 20 03 35 18817.30000 4.15200000 473.27000 84.27000 13.36900 45.14000
24 12 20 03 35 18816.90000 4.15200000 473.22000 84.27000 13.36900 45.14000
24 12 20 03 36 18815.00000 4.15200000 472.90000 84.52000 13.36900 45.14000
24 12 20 03 36 18807.60000 4.15200000 472.89000 84.46000 13.36900 45.14000
24 12 20 03 37 18800.00000 4.15200000 472.23000 84.13000 13.36900 45.14000
24 12 20 03 37 18790.10000 4.15200000 472.51000 84.27000 13.36900 45.14000
24 12 20 03 37 18780.10000 4.15200000 472.36000 84.12000 13.36900 45.14000
24 12 20 03 38 18780.10000 4.15200000 472.36000 84.21000 13.36900 45.14000
24 12 20 03 38 18780.10000 4.15200000 471.97000 84.14000 13.36900 45.14000
24 12 20 03 39 18787.40000 4.15200000 471.97000 84.27000 13.36900 45.14000
24 12 20 03 39 18802.80000 4.15200000 471.97000 84.27000 13.36900 45.14000
24 12 20 03 40 18802.80000 4.15200000 472.27000 84.27000 13.36900 45.14000
24 12 20 03 40 18799.70000 4.15200000 472.27000 84.27000 13.36900 45.14000
24 12 20 03 40 18800.80000 4.15200000 472.51000 84.27000 13.36900 45.14000
24 12 20 03 41 18801.00000 4.15200000 472.51000 84.22000 13.36900 45.14000
24 12 20 03 41 18801.00000 4.15200000 472.09000 84.22000 13.36900 45.14000
24 12 20 03 42 18799.70000 4.15200000 471.99000 84.22000 13.36900 45.14000
24 12 20 03 42 18800.90000 4.15200000 471.99000 84.13000 13.36900 45.14000
24 12 20 03 43 18780.50000 4.15200000 471.99000 84.07000 13.36900 45.14000
24 12 20 03 43 18780.10000 4.15200000 471.99000 83.92000 13.36900 45.14000
24 12 20 03 43 18780.10000 4.15200000 471.99000 83.80000 13.36900 45.14000
24 12 20 03 44 18764.20000 4.15200000 471.99000 83.80000 13.36900 45.14000
24 12 20 03 44 18766.80000 4.15200000 471.99000 83.80000 13.36900 45.14000
24 12 20 03 45 18761.30000 4.15200000 470.90000 83.80000 13.36900 45.14000
24 12 20 03 45 18761.30000 4.15200000 470.90000 84.07000 13.36900 45.14000
24 12 20 03 46 18769.40000 4.15200000 471.58000 84.08000 13.36900 45.14000
24 12 20 03 46 18769.40000 4.15200000 471.58000 84.20000 13.36900 45.14000
24 12 20 03 46 18793.00000 4.15200000 471.58000 84.31000 13.36900 45.14000
24 12 20 03 47 18792.90000 4.15200000 471.58000 84.31000 13.36900 45.14000
24 12 20 03 47 18792.90000 4.15200000 471.60000 84.31000 13.36900 45.14000
24 12 20 03 48 18769.20000 4.15200000 471.60000 84.31000 13.36900 45.14000
24 12 20 03 48 18770.80000 4.15200000 471.09000 84.05000 13.36900 45.14000
24 12 20 03 49 18761.30000 4.15200000 470.96000 84.05000 13.36900 45.14000
24 12 20 03 49 18774.00000 4.21600000 471.56000 84.05000 13.36900 45.14000
24 12 20 03 49 18786.80000 4.21600000 471.74000 84.08000 13.36900 45.14000
24 12 20 03 50 18791.70000 4.21600000 472.01000 84.08000 13.36900 45.14000
24 12 20 03 50 18789.60000 4.21600000 472.02000 84.29000 13.36900 45.14000
24 12 20 03 51 18792.90000 4.21600000 472.17000 84.44000 13.36900 45.14000
24 12 20 03 51 18809.20000 4.21600000 472.56000 84.43000 13.36900 45.14000
24 12 20 03 52 18813.60000 4.21600000 472.56000 84.54000 13.36900 45.14000
24 12 20 03 52 18824.70000 4.21600000 472.69000 84.60000 13.36900 45.14000
24 12 20 03 52 18824.90000 4.21600000 472.99000 84.60000 13.36900 45.14000
24 12 20 03 53 18804.10000 4.21600000 472.99000 84.64000 13.36900 45.14000
24 12 20 03 53 18791.50000 4.21600000 472.98000 84.48000 13.36900 45.14000
24 12 20 03 54 18782.50000 4.21600000 472.98000 84.14000 13.36900 45.14000
24 12 20 03 54 18773.20000 4.21600000 471.80000 84.08000 13.36900 45.14000
24 12 20 03 55 18777.70000 4.21600000 471.80000 84.05000 13.36900 45.14000
24 12 20 03 55 18784.20000 4.21600000 472.10000 84.05000 13.36900 45.14000
24 12 20 03 55 18806.50000 4.21600000 472.10000 84.37000 13.36900 45.14000
24 12 20 03 56 18810.50000 4.21600000 472.56000 84.37000 13.36900 45.14000
24 12 20 03 56 18810.50000 4.21600000 472.57000 84.35000 13.36900 45.14000
24 12 20 03 57 18810.50000 4.22600000 472.43000 84.23000 13.36900 45.14000
24 12 20 03 57 18813.80000 4.22600000 472.43000 84.23000 13.36900 45.14000
24 12 20 03 58 18818.00000 4.22600000 472.43000 84.23000 13.36900 45.14000
24 12 20 03 58 18817.00000 4.22600000 472.66000 84.27000 13.36900 45.14000
24 12 20 03 58 18800.00000 4.22600000 472.66000 84.12000 13.36900 45.14000
24 12 20 03 59 18796.00000 4.22600000 472.39000 84.10000 13.36900 45.14000
24 12 20 03 59 18789.40000 4.22600000 472.39000 84.15000 13.36900 45.14000
24 12 20 04 00 18799.20000 4.22600000 472.53000 84.20000 13.36900 45.61700
24 12 20 04 00 18788.70000 4.22600000 472.48000 84.12000 13.36900 45.61700
24 12 20 04 01 18789.90000 4.22600000 472.48000 84.12000 13.36900 45.61700
24 12 20 04 01 18817.80000 4.22600000 472.98000 84.21000 13.36900 45.61700
24 12 20 04 01 18823.00000 4.23000000 472.98000 84.21000 13.36900 45.61700
24 12 20 04 02 18825.00000 4.24000000 473.52000 84.62000 13.36900 45.61700
24 12 20 04 02 18829.00000 4.24000000 473.98000 84.86000 13.36900 45.61700
24 12 20 04 03 18840.00000 4.24000000 474.06000 84.90000 13.36900 45.61700
24 12 20 04 03 18878.30000 4.26200000 474.92000 85.23000 13.36900 45.79000
24 12 20 04 04 18878.40000 4.26200000 474.92000 85.03000 13.36900 45.79000
24 12 20 04 04 18885.10000 4.26200000 474.83000 85.03000 13.36900 45.79000
24 12 20 04 04 18885.00000 4.26200000 474.83000 85.30000 13.36900 45.79000
24 12 20 04 05 18881.40000 4.26200000 474.96000 85.34000 13.36900 45.82400
24 12 20 04 05 18889.00000 4.26200000 474.96000 85.37000 13.36900 45.82400
24 12 20 04 06 18883.90000 4.26200000 474.85000 85.36000 13.36900 45.82400
24 12 20 04 06 18884.00000 4.26200000 474.86000 85.28000 13.36900 45.82400
24 12 20 04 07 18884.00000 4.26200000 474.86000 85.50000 13.36900 45.82400
24 12 20 04 07 18899.10000 4.26200000 474.86000 85.61000 13.36900 45.82400
24 12 20 04 07 18893.90000 4.26200000 474.86000 85.61000 13.36900 45.82400
24 12 20 04 08 18897.20000 4.26200000 474.86000 85.65000 13.36900 45.82400
24 12 20 04 08 18899.90000 4.26200000 475.39000 85.71000 13.36900 45.82400
24 12 20 04 09 18900.00000 4.26200000 475.35000 85.76000 13.36900 45.82400
24 12 20 04 09 18897.50000 4.26200000 475.35000 85.76000 13.36900 45.82400
24 12 20 04 10 18870.20000 4.26200000 475.39000 85.76000 13.36900 45.82400
24 12 20 04 10 18883.50000 4.26200000 475.39000 85.76000 13.36900 45.82400
24 12 20 04 10 18879.00000 4.26200000 475.39000 85.49000 13.36900 45.82400
24 12 20 04 11 18879.00000 4.26200000 475.39000 85.54000 13.36900 45.82400
24 12 20 04 11 18873.80000 4.26200000 475.39000 85.36000 13.36900 45.82400
24 12 20 04 12 18870.00000 4.26200000 475.00000 85.30000 13.36900 45.82400
24 12 20 04 12 18882.00000 4.26200000 475.43000 85.30000 13.36900 45.82400
24 12 20 04 13 18878.90000 4.26200000 475.43000 85.54000 13.36900 45.82400
24 12 20 04 13 18875.50000 4.26200000 475.44000 85.54000 13.36900 45.82400
24 12 20 04 13 18870.60000 4.26200000 475.68000 85.54000 13.36900 45.82400
24 12 20 04 14 18870.50000 4.26200000 475.68000 85.39000 13.36900 45.82400
24 12 20 04 14 18870.00000 4.26200000 475.68000 85.39000 13.36900 45.82400
24 12 20 04 15 18870.10000 4.26200000 475.31000 85.39000 13.36900 45.82400
24 12 20 04 15 18871.50000 4.26200000 475.80000 85.63000 13.36900 45.82400
24 12 20 04 16 18870.10000 4.26200000 475.81000 85.63000 13.36900 45.82400
24 12 20 04 16 18870.00000 4.26200000 475.81000 85.63000 13.36900 45.82400
