M=[
14 6 20 11 41 8379.70000 5.70000000 210.16000 39.61000 14.38800 45.95900
14 6 20 11 42 8382.20000 5.70000000 210.18000 39.61000 14.39200 45.95900
14 6 20 11 42 8379.60000 5.70000000 210.18000 39.61000 14.43100 45.81200
14 6 20 11 42 8380.50000 5.70000000 210.18000 39.61000 14.38800 45.95900
14 6 20 11 43 8379.60000 5.70000000 210.18000 39.61000 14.39200 45.95900
14 6 20 11 43 8380.30000 5.70000000 210.18000 39.61000 14.38800 45.95900
14 6 20 11 44 8379.70000 5.70000000 210.18000 39.61000 14.38800 45.95900
14 6 20 11 44 8379.60000 5.70000000 210.17000 39.61000 14.38800 45.95900
14 6 20 11 45 8379.60000 5.71000000 210.17000 39.61000 14.38800 45.95900
14 6 20 11 45 8379.60000 5.71000000 210.18000 39.61000 14.36600 45.95900
14 6 20 11 46 8381.00000 5.71000000 210.18000 39.61000 14.36600 45.95900
14 6 20 11 46 8379.50000 5.71000000 210.18000 39.61000 14.35800 45.95900
14 6 20 11 47 8380.50000 5.71000000 210.18000 39.61000 14.38800 45.95900
14 6 20 11 47 8380.00000 5.71000000 210.18000 39.61000 14.39200 45.95900
14 6 20 11 48 8378.00000 5.71000000 210.18000 39.56000 14.35800 45.95900
14 6 20 11 48 8378.20000 5.71300000 210.18000 39.56000 14.35800 45.95900
14 6 20 11 49 8378.90000 5.71300000 210.17000 39.56000 14.35800 45.95900
14 6 20 11 49 8377.30000 5.71300000 210.17000 39.56000 14.35800 45.95900
14 6 20 11 50 8377.40000 5.71300000 210.17000 39.56000 14.35800 45.95900
14 6 20 11 50 8374.10000 5.71300000 210.18000 39.62000 14.39200 45.95900
14 6 20 11 51 8375.60000 5.71300000 210.18000 39.54000 14.35800 45.95900
14 6 20 11 51 8375.40000 5.71300000 210.18000 39.56000 14.38800 45.95900
14 6 20 11 52 8375.20000 5.71300000 210.18000 39.54000 14.39200 45.95900
14 6 20 11 52 8377.40000 5.71300000 210.18000 39.62000 14.35800 45.95900
14 6 20 11 53 8377.70000 5.71300000 210.08000 39.54000 14.35800 45.95900
14 6 20 11 53 8377.70000 5.71300000 210.09000 39.54000 14.35800 45.95900
14 6 20 11 54 8377.40000 5.71300000 210.09000 39.55000 14.35800 45.95900
14 6 20 11 54 8377.50000 5.71300000 210.09000 39.55000 14.35800 45.95900
14 6 20 11 55 8377.50000 5.71300000 210.09000 39.55000 14.35800 45.95900
14 6 20 11 55 8377.50000 5.71300000 210.09000 39.55000 14.35800 45.95900
14 6 20 11 56 8377.50000 5.71300000 210.09000 39.55000 14.35800 45.95900
14 6 20 11 56 8377.40000 5.71300000 210.09000 39.55000 14.35800 45.95900
14 6 20 11 57 8377.50000 5.71300000 210.00000 39.53000 14.35800 45.95900
14 6 20 11 57 8373.20000 5.71300000 210.01000 39.54000 14.35800 45.95900
14 6 20 11 58 8372.80000 5.71300000 210.01000 39.53000 14.35800 45.95900
14 6 20 11 58 8372.00000 5.71300000 210.01000 39.53000 14.35800 45.95900
14 6 20 11 59 8374.40000 5.70000000 210.01000 39.53000 14.35800 45.95900
14 6 20 11 59 8373.70000 5.71300000 210.01000 39.56000 14.35800 45.95900
14 6 20 12 00 8373.80000 5.71300000 209.81000 39.51000 14.39200 45.95900
14 6 20 12 00 8372.40000 5.71300000 209.81000 39.51000 14.35800 45.95900
14 6 20 12 01 8375.10000 5.71300000 209.81000 39.51000 14.35800 45.95900
14 6 20 12 01 8375.10000 5.71300000 209.83000 39.51000 14.35800 45.95900
14 6 20 12 02 8375.10000 5.71300000 209.81000 39.58000 14.35800 45.95900
14 6 20 12 02 8375.00000 5.71300000 209.81000 39.56000 14.39000 45.95900
14 6 20 12 03 8378.70000 5.71300000 209.99000 39.58000 14.39000 45.95900
14 6 20 12 03 8376.20000 5.71300000 209.99000 39.51000 14.39000 45.95900
14 6 20 12 04 8375.80000 5.71300000 210.00000 39.54000 14.39000 45.95900
14 6 20 12 04 8375.00000 5.71300000 210.05000 39.54000 14.39000 45.95900
14 6 20 12 05 8378.40000 5.71300000 209.93000 39.51000 14.39000 45.95900
14 6 20 12 05 8378.50000 5.71300000 209.93000 39.54000 14.39000 45.95900
14 6 20 12 06 8377.10000 5.71300000 209.93000 39.54000 14.39000 45.95900
14 6 20 12 06 8377.10000 5.70500000 209.98000 39.58000 14.37500 45.95900
14 6 20 12 07 8377.10000 5.71300000 209.98000 39.58000 14.38100 45.95900
14 6 20 12 07 8374.90000 5.71300000 210.00000 39.58000 14.37500 45.95900
14 6 20 12 08 8374.90000 5.71300000 209.98000 39.58000 14.37500 45.95900
14 6 20 12 08 8374.90000 5.71300000 210.05000 39.58000 14.37500 45.95900
14 6 20 12 09 8374.10000 5.71300000 209.94000 39.58000 14.37500 45.95900
14 6 20 12 09 8377.60000 5.71300000 209.92000 39.58000 14.39000 45.95900
14 6 20 12 10 8377.60000 5.71300000 209.92000 39.58000 14.37500 45.95900
14 6 20 12 10 8374.80000 5.71300000 209.99000 39.56000 14.37500 45.95900
14 6 20 12 10 8377.80000 5.70000000 209.99000 39.56000 14.37500 45.95900
14 6 20 12 11 8375.90000 5.71300000 209.97000 39.56000 14.37500 45.95900
14 6 20 12 11 8378.00000 5.71300000 210.05000 39.58000 14.37500 45.95900
14 6 20 12 12 8375.70000 5.71300000 209.98000 39.56000 14.37500 45.95900
14 6 20 12 12 8375.60000 5.71300000 209.98000 39.56000 14.39000 45.95900
14 6 20 12 13 8375.60000 5.71300000 209.98000 39.58000 14.37500 45.95900
14 6 20 12 13 8374.40000 5.71300000 209.99000 39.56000 14.37500 45.95900
14 6 20 12 14 8376.00000 5.71300000 209.99000 39.56000 14.39000 45.95900
14 6 20 12 14 8375.90000 5.71300000 210.07000 39.56000 14.37500 45.95900
14 6 20 12 15 8378.00000 5.71300000 210.07000 39.59000 14.39000 45.95900
14 6 20 12 15 8378.70000 5.71300000 210.05000 39.59000 14.37500 45.95900
14 6 20 12 16 8379.10000 5.71300000 210.06000 39.59000 14.37500 45.95900
14 6 20 12 16 8379.10000 5.71300000 210.00000 39.59000 14.37500 45.95900
14 6 20 12 17 8378.90000 5.71300000 210.00000 39.59000 14.37500 45.95900
14 6 20 12 17 8378.70000 5.71300000 210.00000 39.59000 14.37500 45.95900
14 6 20 12 18 8376.60000 5.71300000 210.00000 39.56000 14.39000 45.95900
14 6 20 12 18 8377.60000 5.71300000 210.00000 39.56000 14.37500 45.95900
14 6 20 12 19 8379.30000 5.71300000 210.00000 39.59000 14.39000 45.81200
14 6 20 12 19 8379.30000 5.71300000 209.93000 39.59000 14.37500 45.95900
14 6 20 12 20 8375.20000 5.71300000 209.93000 39.59000 14.37500 45.95900
14 6 20 12 20 8374.80000 5.71300000 209.88000 39.59000 14.37500 45.95900
14 6 20 12 21 8374.90000 5.71300000 209.93000 39.59000 14.37500 45.95900
14 6 20 12 21 8376.10000 5.70000000 209.92000 39.59000 14.42800 45.95900
14 6 20 12 22 8375.30000 5.71300000 209.92000 39.56000 14.42800 45.95900
14 6 20 12 22 8374.70000 5.71300000 209.92000 39.56000 14.42800 45.95900
14 6 20 12 23 8376.20000 5.71300000 209.84000 39.56000 14.42800 45.95900
14 6 20 12 23 8373.90000 5.71300000 209.88000 39.56000 14.42800 45.95900
14 6 20 12 24 8372.40000 5.71300000 209.88000 39.56000 14.42800 45.95900
14 6 20 12 24 8372.40000 5.71300000 209.88000 39.56000 14.42800 45.95900
14 6 20 12 25 8372.50000 5.70500000 209.88000 39.56000 14.42800 45.95900
14 6 20 12 25 8372.00000 5.71300000 209.88000 39.56000 14.42800 45.95900
14 6 20 12 26 8371.40000 5.71300000 209.85000 39.56000 14.42800 45.95900
14 6 20 12 26 8371.10000 5.71300000 209.85000 39.56000 14.42800 45.95900
14 6 20 12 27 8371.20000 5.71300000 209.85000 39.56000 14.38100 45.95900
14 6 20 12 27 8371.20000 5.71300000 209.85000 39.56000 14.42800 45.81200
14 6 20 12 28 8371.10000 5.71300000 209.81000 39.56000 14.38100 45.95900
14 6 20 12 28 8371.20000 5.71300000 209.81000 39.56000 14.42800 45.95900
14 6 20 12 29 8371.20000 5.71300000 209.52000 39.56000 14.42800 45.95900
14 6 20 12 29 8370.70000 5.71300000 209.81000 39.56000 14.42800 45.95900
14 6 20 12 30 8367.10000 5.71300000 209.40000 39.56000 14.42800 45.95900
14 6 20 12 30 8366.90000 5.71300000 209.27000 39.56000 14.42800 45.95900
14 6 20 12 31 8361.90000 5.71300000 209.35000 39.56000 14.42800 45.95900
14 6 20 12 31 8350.40000 5.71300000 209.28000 39.50000 14.42800 45.95900
14 6 20 12 32 8350.50000 5.71300000 209.02000 39.50000 14.42800 45.89000
14 6 20 12 32 8350.60000 5.71300000 209.02000 39.50000 14.42800 45.89000
14 6 20 12 33 8350.60000 5.71300000 209.16000 39.50000 14.36900 45.89000
14 6 20 12 33 8351.40000 5.71300000 209.16000 39.50000 14.36900 45.89000
14 6 20 12 34 8350.60000 5.71300000 209.16000 39.50000 14.36900 45.95900
14 6 20 12 34 8350.00000 5.71300000 209.17000 39.50000 14.36900 45.89000
