M=[
16 7 21 19 32 27046.60000 35.64300000 1616.85000 105.19000 17.52900 81.68100
16 7 21 19 32 27030.00000 35.64300000 1617.73000 105.19000 17.51600 81.68100
16 7 21 19 32 27033.80000 35.64300000 1616.87000 105.19000 17.51600 81.68100
16 7 21 19 33 27029.60000 35.64300000 1616.75000 104.97000 17.51600 81.68100
16 7 21 19 33 27028.50000 35.64300000 1614.46000 104.97000 17.51600 81.68100
16 7 21 19 34 27033.30000 35.64300000 1614.39000 104.92000 17.51600 81.68100
16 7 21 19 34 27037.80000 35.64300000 1615.93000 104.92000 17.51600 81.68100
16 7 21 19 35 27049.20000 35.64300000 1615.93000 104.97000 17.51600 80.77900
16 7 21 19 35 27033.80000 35.64300000 1615.25000 104.97000 17.51600 80.77900
16 7 21 19 36 27043.40000 35.64300000 1615.03000 104.97000 17.51600 80.77900
16 7 21 19 36 27030.30000 35.64300000 1615.33000 104.97000 17.51600 80.77900
16 7 21 19 36 27030.20000 35.64300000 1615.03000 104.97000 17.51600 80.77900
16 7 21 19 37 27030.20000 35.64300000 1615.03000 104.97000 17.51600 80.77900
16 7 21 19 37 27030.30000 35.64300000 1615.66000 104.97000 17.51600 80.77900
16 7 21 19 38 27035.00000 35.64300000 1615.66000 104.97000 17.43500 80.77900
16 7 21 19 38 27030.10000 35.64300000 1616.19000 104.97000 17.43500 80.77900
16 7 21 19 39 27027.30000 35.64300000 1616.19000 104.97000 17.43500 80.77900
16 7 21 19 39 27027.40000 35.64300000 1615.36000 104.97000 17.43500 80.77900
16 7 21 19 39 27027.00000 35.64300000 1615.33000 104.97000 17.43500 80.77900
16 7 21 19 40 27018.80000 35.64300000 1615.00000 104.97000 17.43500 80.77900
16 7 21 19 40 27043.70000 35.64300000 1616.27000 104.97000 17.43500 80.77900
16 7 21 19 41 27041.60000 35.64300000 1618.28000 104.97000 17.43500 80.77900
16 7 21 19 41 27051.30000 35.64300000 1618.67000 104.97000 17.43500 80.77900
16 7 21 19 42 27051.50000 35.64300000 1618.67000 104.97000 17.43500 80.77900
16 7 21 19 42 27039.70000 35.64300000 1619.00000 104.97000 17.43500 80.77900
16 7 21 19 42 27018.90000 35.64300000 1618.48000 104.97000 17.43500 80.77900
16 7 21 19 43 27018.90000 35.64300000 1617.00000 104.99000 17.43500 80.52200
16 7 21 19 43 27018.80000 35.64300000 1617.00000 104.99000 17.43500 80.52200
16 7 21 19 44 27018.80000 35.60400000 1616.13000 104.97000 17.56300 80.52200
16 7 21 19 44 27018.90000 35.60400000 1616.13000 104.97000 17.56300 80.52200
16 7 21 19 45 27018.90000 35.60400000 1616.13000 104.97000 17.56300 80.42100
16 7 21 19 45 27018.90000 35.60400000 1616.34000 104.96000 17.56300 80.42100
16 7 21 19 45 27018.80000 35.60400000 1616.85000 104.96000 17.56300 80.42100
16 7 21 19 46 27018.80000 35.60400000 1616.85000 104.96000 17.56300 80.42100
16 7 21 19 46 27018.90000 35.60400000 1616.85000 104.96000 17.56300 80.42100
16 7 21 19 47 27018.90000 35.60400000 1616.88000 104.96000 17.56300 80.42100
16 7 21 19 47 27018.90000 35.60400000 1617.00000 104.96000 17.56300 80.42100
16 7 21 19 48 27018.90000 35.60400000 1617.00000 104.96000 17.56300 80.42100
16 7 21 19 48 27018.90000 35.60400000 1617.21000 105.01000 17.56300 80.42100
16 7 21 19 48 27019.00000 35.60400000 1617.21000 105.01000 17.56300 80.42100
16 7 21 19 49 27018.80000 35.60400000 1617.21000 105.01000 17.56300 80.42100
16 7 21 19 49 27018.80000 35.60400000 1616.88000 105.01000 17.56300 80.42100
16 7 21 19 50 27018.80000 35.60400000 1617.00000 105.01000 17.56300 80.42100
16 7 21 19 50 27018.80000 35.60400000 1617.08000 105.01000 17.56300 80.42100
16 7 21 19 51 27018.90000 35.60400000 1617.09000 105.01000 17.56300 80.42100
16 7 21 19 51 27018.90000 35.60400000 1617.09000 105.01000 17.56300 80.42100
16 7 21 19 51 27018.90000 35.60400000 1617.09000 105.10000 17.56300 80.42100
16 7 21 19 52 27018.90000 35.60400000 1617.09000 105.08000 17.56300 80.42100
16 7 21 19 52 27018.90000 35.60400000 1617.09000 105.12000 17.56300 80.42100
16 7 21 19 53 27018.90000 35.60400000 1618.89000 105.12000 17.56300 80.42100
16 7 21 19 53 27018.80000 35.60400000 1618.61000 105.12000 17.56300 80.42100
16 7 21 19 54 27018.80000 35.60400000 1618.46000 105.04000 17.56300 80.42100
16 7 21 19 54 27018.80000 35.60600000 1618.46000 105.04000 17.56300 80.42100
16 7 21 19 55 27018.90000 35.60600000 1618.46000 105.04000 17.56300 80.61900
16 7 21 19 55 27019.70000 35.60600000 1619.53000 105.04000 17.63400 80.61900
16 7 21 19 55 27019.60000 35.60600000 1619.53000 105.04000 17.63400 80.61900
16 7 21 19 56 27019.70000 35.60600000 1619.47000 105.12000 17.63400 80.61900
16 7 21 19 56 27040.90000 35.60600000 1619.65000 105.12000 17.63400 80.61900
16 7 21 19 57 27028.40000 35.60600000 1619.70000 105.12000 17.63500 80.61900
16 7 21 19 57 27045.70000 35.60600000 1620.00000 105.12000 17.63500 80.61900
16 7 21 19 58 27037.20000 35.60600000 1621.31000 105.12000 17.63500 80.61900
16 7 21 19 58 27034.30000 35.60600000 1621.67000 105.23000 17.63500 80.61900
16 7 21 19 58 27028.70000 35.60600000 1621.67000 105.23000 17.63500 80.61900
16 7 21 19 59 27038.00000 35.60600000 1621.56000 105.27000 17.63500 80.61900
16 7 21 19 59 27038.00000 35.60600000 1621.56000 105.27000 17.63500 80.61900
16 7 21 20 00 27028.70000 35.60600000 1621.07000 105.27000 17.63500 80.61900
16 7 21 20 00 27055.70000 35.60600000 1622.98000 105.32000 17.63500 80.61900
16 7 21 20 01 27055.70000 35.60600000 1623.19000 105.32000 17.63500 80.61900
16 7 21 20 01 27052.00000 35.60600000 1623.04000 105.32000 17.63500 80.61900
16 7 21 20 01 27055.40000 35.60600000 1623.04000 105.32000 17.63500 80.61900
16 7 21 20 02 27058.80000 35.60600000 1623.72000 105.61000 17.63500 80.61900
16 7 21 20 02 27073.40000 35.60600000 1624.41000 105.61000 17.63500 80.94700
16 7 21 20 03 27074.20000 35.60600000 1624.80000 105.61000 17.63500 80.94700
16 7 21 20 03 27065.40000 35.60600000 1624.80000 105.58000 17.63500 80.94700
16 7 21 20 04 27056.10000 35.60600000 1624.80000 105.58000 17.63500 81.00600
16 7 21 20 04 27045.80000 35.60600000 1623.25000 105.58000 17.63500 81.00600
16 7 21 20 04 27045.30000 35.60600000 1623.81000 105.58000 17.63500 81.00600
16 7 21 20 05 27052.50000 35.60600000 1623.81000 105.58000 17.63500 81.00600
16 7 21 20 05 27044.30000 35.60600000 1623.81000 105.58000 17.63500 81.00600
16 7 21 20 06 27044.30000 35.60600000 1622.84000 105.58000 17.63500 80.80900
16 7 21 20 06 27053.90000 35.60600000 1622.56000 105.58000 17.63500 80.80900
16 7 21 20 07 27058.20000 35.60600000 1622.56000 105.58000 17.63500 80.80900
16 7 21 20 07 27058.10000 35.60600000 1621.31000 105.58000 17.63500 80.80900
16 7 21 20 07 27033.30000 35.60600000 1620.94000 105.58000 17.63500 80.80900
16 7 21 20 08 27024.50000 35.60600000 1620.94000 105.58000 17.63500 80.80900
16 7 21 20 08 27021.20000 35.60600000 1619.71000 105.58000 17.63500 80.80900
16 7 21 20 09 27018.00000 35.60600000 1617.56000 105.58000 17.63500 80.34400
16 7 21 20 09 27010.90000 35.60600000 1617.09000 105.58000 17.63500 80.34400
16 7 21 20 10 27007.50000 35.60600000 1616.54000 105.00000 17.63500 80.34400
16 7 21 20 10 27007.70000 35.60600000 1618.07000 105.00000 17.63500 80.34400
16 7 21 20 10 27007.70000 35.60600000 1619.21000 105.00000 17.63500 80.34400
16 7 21 20 11 27039.40000 35.60600000 1619.50000 105.12000 17.63500 80.53500
16 7 21 20 11 27036.90000 35.60600000 1619.50000 105.12000 17.63500 80.53500
16 7 21 20 12 27036.80000 35.60600000 1619.50000 105.12000 17.63500 80.53500
16 7 21 20 12 27053.10000 35.60600000 1621.74000 105.12000 17.63500 80.53500
16 7 21 20 13 27065.40000 35.60600000 1622.18000 105.42000 17.63500 80.53500
16 7 21 20 13 27062.70000 35.60600000 1622.18000 105.42000 17.63500 80.53500
16 7 21 20 13 27057.90000 35.60600000 1621.59000 105.42000 17.63500 80.53500
16 7 21 20 14 27064.70000 35.60600000 1621.59000 105.28000 17.63500 80.53500
16 7 21 20 14 27057.60000 35.60600000 1621.41000 105.28000 17.63500 80.53500
16 7 21 20 15 27057.90000 35.60600000 1620.30000 105.28000 17.63500 80.53500
16 7 21 20 15 27035.40000 35.60600000 1619.81000 105.28000 17.63500 80.79900
16 7 21 20 16 27027.90000 35.60600000 1619.80000 105.28000 17.65200 80.79900
