M=[
28 9 20 13 01 9354.00000 5.04600000 312.61000 40.10000 12.69700 49.49700
28 9 20 13 01 9354.00000 5.04600000 312.61000 40.10000 12.69700 49.49700
28 9 20 13 02 9351.20000 5.04600000 312.15000 40.10000 12.69700 49.49700
28 9 20 13 02 9350.00000 5.04600000 312.16000 40.10000 12.69700 49.49700
28 9 20 13 02 9348.70000 5.04600000 312.16000 40.10000 12.69700 49.49700
28 9 20 13 03 9348.70000 5.04600000 311.87000 40.08000 12.69700 49.58000
28 9 20 13 03 9348.70000 5.04600000 312.00000 40.08000 12.69700 49.58000
28 9 20 13 04 9348.70000 5.04600000 311.83000 40.08000 12.69700 49.58000
28 9 20 13 04 9343.40000 4.97700000 311.83000 40.08000 12.69700 49.58000
28 9 20 13 05 9344.80000 4.97700000 311.87000 40.08000 12.69700 49.58000
28 9 20 13 05 9346.00000 4.97700000 312.04000 40.08000 12.69700 49.58000
28 9 20 13 05 9346.00000 4.97700000 312.04000 40.14000 12.69700 49.58000
28 9 20 13 06 9350.20000 4.97700000 312.60000 40.14000 12.69700 49.58000
28 9 20 13 06 9350.20000 4.97700000 312.60000 40.14000 12.69700 49.58000
28 9 20 13 07 9350.10000 4.97700000 312.26000 40.14000 12.69700 49.58000
28 9 20 13 07 9350.20000 4.97700000 311.87000 40.14000 12.69000 49.58000
28 9 20 13 08 9346.20000 4.97700000 311.84000 40.14000 12.69000 49.58000
28 9 20 13 08 9346.20000 4.97700000 311.95000 40.14000 12.69000 49.58000
28 9 20 13 09 9350.50000 4.97700000 312.17000 40.14000 12.69000 49.58000
28 9 20 13 09 9354.50000 4.97700000 312.38000 40.14000 12.69000 49.58000
28 9 20 13 09 9359.40000 4.97700000 312.57000 40.14000 12.69000 49.58000
28 9 20 13 10 9361.50000 4.97700000 312.61000 40.13000 12.69000 49.58000
28 9 20 13 10 9356.90000 4.97700000 312.52000 40.13000 12.69000 49.58000
28 9 20 13 11 9360.20000 4.97700000 312.52000 40.16000 12.69000 49.58000
28 9 20 13 11 9365.90000 4.97700000 312.99000 40.16000 12.69000 49.70400
28 9 20 13 12 9366.50000 4.97700000 312.98000 40.15000 12.69000 49.70400
28 9 20 13 12 9366.60000 4.97700000 312.95000 40.18000 12.69000 49.70400
28 9 20 13 12 9360.50000 4.97700000 312.95000 40.18000 12.69000 49.70400
28 9 20 13 13 9366.60000 4.97700000 313.02000 40.18000 12.69000 49.70400
28 9 20 13 13 9370.00000 4.97700000 313.15000 40.19000 12.69000 49.70400
28 9 20 13 14 9375.00000 4.97700000 313.15000 40.19000 12.69000 49.70400
28 9 20 13 14 9386.30000 4.97700000 313.27000 40.12000 12.69000 49.70400
28 9 20 13 15 9378.90000 4.97700000 313.10000 40.12000 12.69000 49.70400
28 9 20 13 15 9381.10000 4.97700000 313.11000 40.12000 12.69000 49.70400
28 9 20 13 16 9383.10000 4.97700000 313.13000 40.12000 12.69000 49.70400
28 9 20 13 16 9379.20000 4.97700000 313.20000 40.12000 12.69000 49.70400
28 9 20 13 17 9376.60000 4.97700000 313.12000 40.12000 12.69000 49.70400
28 9 20 13 17 9376.50000 4.97700000 312.71000 40.12000 12.69000 49.70400
28 9 20 13 17 9378.40000 4.97700000 312.78000 40.12000 12.69000 49.70400
28 9 20 13 18 9380.10000 4.97700000 312.78000 40.17000 12.69000 49.70400
28 9 20 13 18 9384.50000 4.97700000 313.09000 40.17000 12.69000 49.70400
28 9 20 13 19 9380.10000 4.97700000 312.79000 40.17000 12.76400 49.70400
28 9 20 13 19 9378.30000 4.97700000 312.97000 40.17000 12.76400 49.70400
28 9 20 13 20 9376.90000 4.97700000 312.97000 40.17000 12.76400 49.70400
28 9 20 13 20 9380.00000 4.97700000 312.89000 40.17000 12.76400 49.70400
28 9 20 13 20 9379.40000 4.97700000 312.96000 40.17000 12.76400 49.70400
28 9 20 13 21 9381.30000 4.97700000 312.93000 40.17000 12.76400 49.70400
28 9 20 13 21 9378.10000 4.97700000 312.88000 40.17000 12.76400 49.45100
28 9 20 13 22 9378.80000 4.97700000 312.65000 40.17000 12.76400 49.32000
28 9 20 13 22 9378.50000 4.97700000 312.64000 40.17000 12.76400 49.32000
28 9 20 13 23 9376.20000 4.97700000 312.50000 40.17000 12.76400 49.32000
28 9 20 13 23 9376.20000 4.97700000 312.18000 40.17000 12.76400 49.32000
28 9 20 13 24 9376.10000 4.97700000 312.18000 40.17000 12.76400 49.32000
28 9 20 13 24 9372.80000 4.97700000 312.12000 40.02000 12.76400 49.32000
28 9 20 13 24 9372.90000 4.97700000 312.12000 40.02000 12.76400 49.32000
28 9 20 13 25 9372.00000 4.97700000 312.12000 40.02000 12.76400 49.32000
28 9 20 13 25 9374.10000 4.97700000 312.68000 40.02000 12.76400 49.32000
28 9 20 13 26 9373.20000 4.97700000 312.71000 40.03000 12.76400 49.32000
28 9 20 13 26 9372.90000 4.97700000 312.42000 40.03000 12.76400 49.32000
28 9 20 13 27 9373.40000 4.97700000 312.39000 40.03000 12.76400 49.32000
28 9 20 13 27 9373.40000 4.97700000 312.28000 40.03000 12.76400 49.32000
28 9 20 13 27 9374.90000 4.97700000 312.44000 40.03000 12.76400 49.32000
28 9 20 13 28 9375.10000 4.97700000 312.44000 40.03000 12.76400 49.32000
28 9 20 13 28 9377.30000 4.97700000 312.44000 40.03000 12.76400 49.32000
28 9 20 13 29 9377.70000 4.97700000 312.44000 40.03000 12.76400 49.32000
28 9 20 13 29 9377.70000 4.97700000 312.53000 40.10000 12.76400 49.32000
28 9 20 13 30 9378.80000 4.97700000 312.53000 40.10000 12.81500 49.32000
28 9 20 13 30 9378.80000 4.97700000 312.53000 40.10000 12.81500 49.32000
28 9 20 13 30 9378.80000 4.97700000 312.54000 40.10000 12.81500 49.07000
28 9 20 13 31 9375.10000 4.97700000 312.54000 40.10000 12.81500 48.91300
28 9 20 13 31 9375.10000 4.97700000 312.00000 40.00000 12.81500 49.00100
28 9 20 13 32 9372.20000 4.97700000 311.95000 40.00000 12.81500 49.00100
28 9 20 13 32 9372.20000 4.97700000 311.83000 40.00000 12.81500 49.00100
28 9 20 13 33 9372.20000 4.97700000 312.08000 40.00000 12.81500 49.00100
28 9 20 13 33 9372.20000 4.97700000 312.15000 40.00000 12.81500 49.00100
28 9 20 13 34 9372.60000 4.97700000 312.10000 40.00000 12.81500 49.00100
28 9 20 13 34 9372.60000 4.97700000 312.15000 40.00000 12.81500 49.00100
28 9 20 13 34 9372.60000 4.97700000 312.53000 40.00000 12.81500 49.00100
28 9 20 13 35 9372.60000 4.97700000 312.66000 40.00000 12.81500 49.00100
28 9 20 13 35 9372.60000 4.97700000 312.66000 40.00000 12.81500 49.00100
28 9 20 13 36 9372.60000 4.97700000 312.66000 40.00000 12.81500 49.00100
28 9 20 13 36 9372.60000 4.97700000 312.58000 40.00000 12.81500 49.00100
28 9 20 13 37 9372.60000 4.97700000 312.58000 40.00000 12.81500 49.00100
28 9 20 13 37 9363.40000 4.97700000 311.94000 40.00000 12.81500 49.12000
28 9 20 13 37 9363.40000 4.97700000 311.94000 40.00000 12.81500 49.12000
28 9 20 13 38 9358.30000 4.97700000 311.83000 40.00000 12.81500 49.12000
28 9 20 13 38 9356.50000 4.97700000 311.83000 40.00000 12.81500 49.12000
28 9 20 13 39 9365.00000 4.97700000 311.83000 40.00000 12.81500 49.12000
28 9 20 13 39 9364.90000 4.97700000 311.88000 40.00000 12.81500 49.12000
28 9 20 13 40 9365.00000 4.96800000 311.98000 40.00000 12.81500 49.12000
28 9 20 13 40 9365.00000 4.96800000 312.44000 40.00000 12.81500 49.12000
28 9 20 13 40 9365.00000 4.96800000 312.40000 40.00000 12.81500 49.12000
28 9 20 13 41 9366.90000 4.96800000 312.61000 40.00000 12.81500 49.12000
28 9 20 13 41 9366.90000 4.96800000 312.61000 40.00000 12.81500 49.12000
28 9 20 13 42 9363.40000 4.96800000 312.23000 40.00000 12.81500 49.12000
28 9 20 13 42 9365.80000 4.96800000 312.23000 40.00000 12.81500 49.12000
28 9 20 13 43 9365.10000 4.96800000 312.21000 40.06000 12.81500 49.12000
28 9 20 13 43 9365.10000 4.96800000 312.20000 40.06000 12.81500 49.12000
28 9 20 13 44 9363.50000 4.97000000 312.32000 40.06000 12.81500 49.12000
28 9 20 13 44 9363.50000 4.97000000 311.86000 40.06000 12.81500 49.12000
28 9 20 13 44 9363.50000 4.97000000 311.75000 40.06000 12.81500 49.12000
28 9 20 13 45 9363.40000 4.97000000 311.75000 40.00000 12.81500 49.12000
28 9 20 13 45 9356.60000 4.97000000 311.75000 40.00000 12.81500 49.12000
28 9 20 13 46 9356.50000 4.97000000 311.74000 40.00000 12.81500 49.12000
28 9 20 13 46 9356.50000 4.97000000 312.00000 40.00000 12.81500 49.12000
28 9 20 13 47 9356.50000 4.97000000 312.00000 40.01000 12.81500 49.05900
28 9 20 13 47 9356.50000 4.97000000 311.77000 40.01000 12.81500 49.05900
28 9 20 13 48 9344.20000 4.97000000 311.48000 39.95000 12.81500 49.05900
28 9 20 13 48 9344.10000 4.97000000 311.50000 39.95000 12.81500 49.05900
