M=[
30 7 21 15 03 32880.70000 40.87000000 1970.00000 115.40000 22.34600 87.88100
30 7 21 15 03 32879.90000 40.87000000 1971.09000 115.40000 22.34600 87.88100
30 7 21 15 04 32886.30000 40.87000000 1970.70000 115.40000 22.34600 87.88100
30 7 21 15 04 32890.10000 40.87000000 1971.23000 115.40000 22.34600 87.88100
30 7 21 15 04 32865.20000 40.87000000 1971.40000 115.40000 22.34600 87.88100
30 7 21 15 05 32838.80000 40.87000000 1970.77000 115.51000 22.34600 87.88100
30 7 21 15 05 32838.80000 40.78800000 1972.84000 115.51000 22.34600 87.88100
30 7 21 15 06 32841.50000 40.78800000 1972.51000 115.51000 22.34600 87.88100
30 7 21 15 06 32850.00000 40.78800000 1972.51000 115.51000 22.34600 87.88100
30 7 21 15 07 32843.70000 40.78800000 1971.59000 115.53000 22.34600 87.88100
30 7 21 15 07 32850.00000 40.78800000 1971.59000 115.53000 22.32300 87.88100
30 7 21 15 07 32849.90000 40.78800000 1971.59000 115.53000 22.32300 87.88100
30 7 21 15 08 32876.20000 40.78800000 1972.52000 115.53000 22.32300 87.88100
30 7 21 15 08 32887.50000 40.78800000 1972.52000 115.66000 22.32300 87.88100
30 7 21 15 09 32887.30000 40.78800000 1972.61000 115.67000 22.32300 87.88100
30 7 21 15 09 32884.80000 40.78800000 1971.47000 115.67000 22.32300 87.88100
30 7 21 15 10 32885.10000 40.78800000 1971.69000 115.67000 22.32300 87.88100
30 7 21 15 10 32883.30000 40.78800000 1972.36000 115.63000 22.32300 87.88100
30 7 21 15 11 32883.40000 40.78800000 1971.96000 115.63000 22.32300 87.88100
30 7 21 15 11 32867.80000 40.78800000 1971.48000 115.57000 22.32300 87.88100
30 7 21 15 11 32850.00000 40.78800000 1970.01000 115.57000 22.32300 87.88100
30 7 21 15 12 32861.20000 40.78800000 1969.26000 115.45000 22.32300 87.88100
30 7 21 15 12 32852.70000 40.78800000 1969.26000 115.45000 22.32300 87.88100
30 7 21 15 13 32858.30000 40.78800000 1971.00000 115.45000 22.32300 87.88100
30 7 21 15 13 32886.70000 40.77000000 1972.39000 115.45000 22.32300 87.88100
30 7 21 15 14 32886.70000 40.77000000 1972.36000 115.60000 22.32300 87.88100
30 7 21 15 14 32886.80000 40.77000000 1972.09000 115.65000 22.32300 87.88100
30 7 21 15 14 32886.70000 40.77000000 1973.60000 115.67000 22.32300 87.88100
30 7 21 15 15 32886.80000 40.77000000 1973.06000 115.64000 22.32300 87.88100
30 7 21 15 15 32886.80000 40.84900000 1972.84000 115.64000 22.32300 87.88100
30 7 21 15 16 32916.00000 40.84900000 1972.84000 115.65000 22.32300 87.88100
30 7 21 15 16 32918.80000 40.84900000 1972.84000 115.69000 22.32300 87.88100
30 7 21 15 17 32919.50000 40.84900000 1974.68000 115.69000 22.32300 87.61000
30 7 21 15 17 32946.40000 40.84900000 1974.89000 115.85000 22.46200 87.61000
30 7 21 15 17 32939.20000 40.84900000 1975.48000 115.85000 22.47400 87.61000
30 7 21 15 18 32943.50000 40.84900000 1975.86000 115.85000 22.47400 87.61000
30 7 21 15 18 32929.60000 40.84900000 1975.32000 115.82000 22.47400 87.61000
30 7 21 15 19 32925.20000 40.84900000 1974.93000 115.82000 22.53100 87.61000
30 7 21 15 19 32922.50000 40.84900000 1974.81000 115.79000 22.53100 87.61000
30 7 21 15 20 32922.80000 40.84900000 1974.36000 115.79000 22.63600 87.79000
30 7 21 15 20 32890.90000 40.84900000 1973.84000 115.79000 22.65500 87.79000
30 7 21 15 20 32889.70000 40.84900000 1972.84000 115.60000 22.65500 87.77900
30 7 21 15 21 32904.50000 40.84900000 1974.06000 115.57000 22.65600 87.77900
30 7 21 15 21 32898.40000 40.84900000 1973.66000 115.56000 22.65600 87.77900
30 7 21 15 22 32916.30000 40.84900000 1974.20000 115.57000 22.52500 87.77900
30 7 21 15 22 32940.60000 40.84900000 1975.00000 115.57000 22.52600 87.77900
30 7 21 15 23 32931.20000 40.84900000 1975.00000 115.73000 22.52600 87.77900
30 7 21 15 23 32943.70000 40.84900000 1975.00000 115.73000 22.52600 87.77900
30 7 21 15 23 32949.90000 40.84900000 1975.00000 115.73000 22.52600 87.77900
30 7 21 15 24 32949.90000 40.84900000 1975.97000 115.86000 22.52600 87.77900
30 7 21 15 24 32950.00000 40.84900000 1976.74000 115.86000 22.52600 87.77900
30 7 21 15 25 32950.10000 40.84900000 1976.74000 115.91000 22.52600 87.77900
30 7 21 15 25 32950.00000 40.84900000 1976.75000 115.91000 22.52600 87.77900
30 7 21 15 26 32957.90000 40.84900000 1976.75000 115.81000 22.52600 87.77900
30 7 21 15 26 32967.00000 40.84900000 1976.75000 115.81000 22.52600 87.77900
30 7 21 15 27 32968.10000 40.84900000 1977.79000 115.81000 22.52600 87.77900
30 7 21 15 27 32942.90000 40.84900000 1975.57000 115.81000 22.52600 87.77900
30 7 21 15 27 32941.70000 40.84900000 1975.57000 115.81000 22.52600 87.77900
30 7 21 15 28 32949.80000 40.84900000 1975.57000 115.81000 22.52600 87.77900
30 7 21 15 28 32931.30000 40.84900000 1975.57000 115.87000 22.52600 87.77900
30 7 21 15 29 32920.00000 40.84900000 1975.31000 115.87000 22.52600 87.77900
30 7 21 15 29 32938.60000 40.84900000 1973.15000 115.78000 22.52600 87.77900
30 7 21 15 30 32964.10000 40.84900000 1975.99000 115.78000 22.52600 87.98800
30 7 21 15 30 32961.60000 40.84900000 1976.00000 115.78000 22.52600 87.98800
30 7 21 15 30 32970.40000 40.84900000 1976.00000 115.78000 22.52600 87.98800
30 7 21 15 31 32959.70000 40.84900000 1975.68000 115.78000 22.52600 87.98800
30 7 21 15 31 32965.40000 40.84900000 1975.58000 115.78000 22.52600 87.98800
30 7 21 15 32 32954.10000 40.84900000 1975.99000 115.83000 22.52600 87.98800
30 7 21 15 32 32970.40000 40.84900000 1976.00000 115.92000 22.52600 87.98800
30 7 21 15 33 32970.50000 40.84900000 1978.70000 115.95000 22.52600 87.98800
30 7 21 15 33 32931.30000 40.84900000 1976.78000 115.95000 22.52600 87.98800
30 7 21 15 33 32937.30000 40.84900000 1977.51000 115.86000 22.52600 87.98800
30 7 21 15 34 32929.60000 40.84900000 1977.01000 115.81000 22.52600 87.98800
30 7 21 15 34 32945.00000 40.84900000 1976.84000 115.81000 22.52600 87.98800
30 7 21 15 35 32960.30000 41.00000000 1978.40000 116.10000 22.52600 87.98800
30 7 21 15 35 32955.70000 41.00000000 1978.11000 116.05000 22.52600 87.98800
30 7 21 15 36 32948.00000 41.00000000 1978.23000 116.05000 22.52600 88.20600
30 7 21 15 36 32938.40000 41.00000000 1978.53000 116.03000 22.52600 88.18800
30 7 21 15 37 32923.50000 41.00000000 1978.77000 116.03000 22.52600 88.18800
30 7 21 15 37 32936.40000 41.00000000 1978.77000 116.03000 22.52600 88.18800
30 7 21 15 37 32944.90000 41.00000000 1979.09000 116.03000 22.52600 88.00800
30 7 21 15 38 32942.70000 41.00000000 1979.74000 116.03000 22.52600 88.00800
30 7 21 15 38 32951.40000 41.00000000 1980.67000 116.03000 22.52600 88.00800
30 7 21 15 39 32951.40000 41.00000000 1980.45000 116.09000 22.52600 88.00800
30 7 21 15 39 32950.10000 41.00000000 1981.71000 116.12000 22.52600 88.00800
30 7 21 15 40 32959.70000 41.00000000 1981.88000 116.17000 22.52600 88.00800
30 7 21 15 40 32948.60000 41.00000000 1981.42000 116.17000 22.52600 88.00800
30 7 21 15 40 32961.30000 41.00000000 1982.13000 116.15000 22.52600 88.00800
30 7 21 15 41 32965.50000 41.06800000 1982.48000 116.13000 22.52600 88.00800
30 7 21 15 41 32970.50000 41.06800000 1982.48000 116.19000 22.52600 88.00800
30 7 21 15 42 33001.70000 41.06800000 1982.59000 116.21000 22.52600 88.00800
30 7 21 15 42 32977.20000 41.06800000 1982.42000 116.18000 22.52600 88.00800
30 7 21 15 43 32973.60000 41.06800000 1983.58000 116.20000 22.52600 88.00800
30 7 21 15 43 32968.20000 41.06800000 1983.51000 116.19000 22.52600 88.00800
30 7 21 15 43 32960.80000 41.06800000 1982.76000 116.22000 22.52600 88.00800
30 7 21 15 44 32954.40000 41.06800000 1982.76000 116.19000 22.52600 88.00800
30 7 21 15 44 32968.20000 41.06800000 1982.96000 116.21000 22.52600 88.00800
30 7 21 15 45 32968.60000 41.06800000 1982.76000 116.22000 22.52600 88.00800
30 7 21 15 45 32965.40000 41.06800000 1982.76000 116.22000 22.52600 88.00800
30 7 21 15 46 32957.70000 41.06800000 1982.76000 116.21000 22.52600 88.00800
30 7 21 15 46 32957.70000 41.06800000 1982.01000 116.21000 22.52600 88.00800
30 7 21 15 46 32957.70000 41.06800000 1981.13000 116.21000 22.52600 88.00800
30 7 21 15 47 32945.60000 41.06800000 1981.00000 116.13000 22.52600 88.00800
