M=[
18 11 20 21 31 14910.00000 5.16900000 398.70000 61.38000 13.60900 52.37900
18 11 20 21 31 14910.80000 5.16900000 398.71000 61.37000 13.60900 52.37900
18 11 20 21 31 14892.50000 5.16900000 398.70000 61.28000 13.60900 52.37900
18 11 20 21 32 14893.60000 5.23100000 398.57000 61.23000 13.60900 52.37900
18 11 20 21 32 14865.60000 5.16800000 397.77000 61.12000 13.60900 52.21000
18 11 20 21 33 14863.00000 5.16100000 397.71000 61.10000 13.60900 52.01000
18 11 20 21 33 14885.50000 5.16100000 398.24000 61.21000 13.60900 52.01000
18 11 20 21 34 14882.00000 5.16100000 398.06000 61.18000 13.60900 52.01000
18 11 20 21 34 14889.00000 5.16100000 398.57000 61.21000 13.60900 52.01000
18 11 20 21 34 14903.70000 5.16000000 398.57000 61.28000 13.60900 52.01000
18 11 20 21 35 14902.80000 5.16000000 398.61000 61.28000 13.60900 52.01000
18 11 20 21 35 14893.70000 5.16000000 398.51000 61.28000 13.60900 52.01000
18 11 20 21 36 14897.10000 5.16000000 398.70000 61.28000 13.60900 52.01000
18 11 20 21 36 14910.60000 5.15500000 398.69000 61.28000 13.60900 52.42000
18 11 20 21 37 14921.90000 5.15500000 399.00000 61.47000 13.60900 52.42000
18 11 20 21 37 14928.60000 5.15500000 399.44000 61.49000 13.60900 52.42000
18 11 20 21 37 14928.70000 5.18600000 399.64000 61.54000 13.60900 52.42000
18 11 20 21 38 14934.50000 5.18600000 399.38000 61.50000 13.60900 52.42000
18 11 20 21 38 14931.00000 5.17200000 399.38000 61.50000 13.60900 52.42000
18 11 20 21 39 14933.20000 5.17200000 399.64000 61.54000 13.60900 52.42000
18 11 20 21 39 14935.70000 5.16500000 399.64000 61.47000 13.60900 52.42000
18 11 20 21 40 14935.80000 5.16500000 399.64000 61.46000 13.60900 52.42000
18 11 20 21 40 14935.80000 5.16500000 399.65000 61.46000 13.60900 52.42000
18 11 20 21 40 14935.70000 5.16500000 399.65000 61.47000 13.60900 52.42000
18 11 20 21 41 14935.80000 5.16500000 399.65000 61.47000 13.60900 52.42000
18 11 20 21 41 14935.90000 5.16500000 399.73000 61.49000 13.60900 52.42000
18 11 20 21 42 14935.90000 5.16500000 399.74000 61.49000 13.60900 52.42000
18 11 20 21 42 14935.90000 5.16500000 399.79000 61.47000 13.60900 52.42000
18 11 20 21 43 14935.90000 5.16500000 399.79000 61.48000 13.60900 52.42000
18 11 20 21 43 14935.90000 5.16500000 399.83000 61.48000 13.60900 52.42000
18 11 20 21 43 14938.80000 5.16500000 399.83000 61.48000 13.60900 52.42000
18 11 20 21 44 14942.00000 5.16500000 399.82000 61.48000 13.60900 52.42000
18 11 20 21 44 14942.00000 5.16500000 399.82000 61.48000 13.60900 52.42000
18 11 20 21 45 14942.00000 5.16500000 399.99000 61.48000 13.60900 52.42000
18 11 20 21 45 14942.20000 5.16500000 400.00000 61.48000 13.60900 52.42000
18 11 20 21 46 14949.00000 5.16500000 400.00000 61.48000 13.60900 52.42000
18 11 20 21 46 14949.00000 5.16500000 400.00000 61.51000 13.60900 52.54900
18 11 20 21 46 14949.00000 5.16500000 399.99000 61.46000 13.60900 52.54900
18 11 20 21 47 14949.00000 5.16500000 399.99000 61.46000 13.60900 52.54900
18 11 20 21 47 14949.00000 5.16500000 399.89000 61.46000 13.60900 52.54900
18 11 20 21 48 14949.00000 5.16500000 399.65000 61.41000 13.60800 52.54900
18 11 20 21 48 14949.00000 5.16500000 399.82000 61.41000 13.60800 52.51000
18 11 20 21 49 14950.00000 5.16500000 399.82000 61.41000 13.60800 52.51000
18 11 20 21 49 14950.00000 5.19600000 399.82000 61.41000 13.60800 52.51000
18 11 20 21 49 14950.00000 5.19600000 399.81000 61.49000 13.60800 52.51000
18 11 20 21 50 14962.20000 5.19600000 399.76000 61.46000 13.60800 52.51000
18 11 20 21 50 14981.20000 5.19600000 399.72000 61.46000 13.60800 52.51000
18 11 20 21 51 14982.00000 5.19600000 399.73000 61.50000 13.60800 52.51000
18 11 20 21 51 14994.80000 5.19600000 399.54000 61.43000 13.60800 52.51000
18 11 20 21 52 14994.40000 5.19600000 399.50000 61.37000 13.60800 52.51000
18 11 20 21 52 14993.20000 5.19600000 399.50000 61.36000 13.60800 52.51000
18 11 20 21 52 14996.40000 5.19600000 399.50000 61.35000 13.60800 52.51000
18 11 20 21 53 14993.20000 5.19600000 399.32000 61.35000 13.60800 52.51000
18 11 20 21 53 14991.90000 5.19600000 399.36000 61.35000 13.60800 52.51000
18 11 20 21 54 15000.00000 5.19600000 399.51000 61.35000 13.60800 52.51000
18 11 20 21 54 14999.90000 5.19600000 399.51000 61.35000 13.60800 52.51000
18 11 20 21 55 15000.00000 5.19600000 399.51000 61.37000 13.60800 52.51000
18 11 20 21 55 14999.90000 5.19600000 399.52000 61.37000 13.60800 52.51000
18 11 20 21 55 14998.20000 5.19600000 399.56000 61.35000 13.60800 52.51000
18 11 20 21 56 15000.00000 5.19600000 399.51000 61.35000 13.60800 52.51000
18 11 20 21 56 14999.90000 5.19600000 399.64000 61.50000 13.60800 52.52900
18 11 20 21 57 14999.60000 5.19600000 399.66000 61.50000 13.60800 52.52900
18 11 20 21 57 14995.00000 5.19600000 399.54000 61.50000 13.60800 52.52900
18 11 20 21 58 14999.80000 5.19600000 399.54000 61.62000 13.60800 52.52900
18 11 20 21 58 15000.00000 5.19600000 399.83000 61.71000 13.60800 52.52900
18 11 20 21 58 15000.00000 5.19600000 399.83000 61.74000 13.60800 52.66300
18 11 20 21 59 15000.00000 5.19600000 399.84000 61.95000 13.60800 52.66300
18 11 20 21 59 15000.00000 5.22000000 399.84000 61.92000 13.59400 52.66300
18 11 20 22 00 14995.00000 5.22000000 400.00000 61.86000 13.59400 52.66300
18 11 20 22 00 14994.90000 5.19400000 400.00000 61.87000 13.59400 52.66300
18 11 20 22 01 14999.90000 5.19400000 400.00000 61.87000 13.59400 52.66300
18 11 20 22 01 14999.90000 5.19400000 400.00000 61.87000 13.59400 52.66300
18 11 20 22 01 14999.00000 5.19400000 400.00000 61.91000 13.59400 52.66300
18 11 20 22 02 14991.70000 5.19400000 400.00000 61.90000 13.59400 52.66300
18 11 20 22 02 14995.60000 5.19400000 400.00000 61.90000 13.59400 52.66300
18 11 20 22 03 14997.30000 5.19400000 400.00000 61.90000 13.59400 52.66300
18 11 20 22 03 14997.70000 5.19400000 400.00000 61.91000 13.59400 52.66300
18 11 20 22 04 14997.60000 5.19400000 400.00000 61.91000 13.59400 52.66300
18 11 20 22 04 14997.80000 5.19400000 400.00000 62.04000 13.59400 52.66300
18 11 20 22 04 15000.00000 5.19400000 400.00000 62.08000 13.59400 52.68400
18 11 20 22 05 15014.90000 5.21200000 400.00000 62.14000 13.59400 52.68400
18 11 20 22 05 15033.40000 5.22300000 400.27000 62.22000 13.59400 52.68400
18 11 20 22 06 15035.70000 5.25000000 400.36000 62.25000 13.59400 52.68400
18 11 20 22 06 15048.50000 5.25000000 400.66000 62.25000 13.59400 52.68400
18 11 20 22 06 15044.20000 5.25000000 400.66000 62.25000 13.53400 52.68400
18 11 20 22 07 15043.20000 5.25000000 400.46000 62.24000 13.53400 52.68400
18 11 20 22 07 15034.40000 5.27700000 400.46000 62.18000 13.53400 52.68400
18 11 20 22 08 15026.90000 5.27300000 400.30000 62.18000 13.53400 52.68400
18 11 20 22 08 15017.20000 5.27300000 400.02000 62.20000 13.53400 52.68400
18 11 20 22 09 14996.70000 5.27300000 400.01000 62.13000 13.53400 52.68400
18 11 20 22 09 14988.90000 5.27300000 399.84000 61.99000 13.53400 52.68400
18 11 20 22 09 14957.40000 5.27300000 399.51000 61.99000 13.53400 52.68400
18 11 20 22 10 14954.00000 5.27300000 399.51000 61.99000 13.53400 52.68400
18 11 20 22 10 14956.90000 5.27300000 399.52000 61.88000 13.53400 52.68400
18 11 20 22 11 14977.70000 5.27300000 399.51000 61.95000 13.53400 52.68400
18 11 20 22 11 14984.40000 5.27300000 399.65000 61.95000 13.53400 52.68400
18 11 20 22 12 14982.90000 5.27300000 399.55000 62.05000 13.53400 52.68400
18 11 20 22 12 14991.50000 5.27300000 399.78000 62.09000 13.53400 52.68400
18 11 20 22 12 15000.00000 5.23900000 399.78000 62.09000 13.53400 52.68400
18 11 20 22 13 14989.50000 5.23900000 399.95000 62.16000 13.53400 52.68400
18 11 20 22 13 14981.80000 5.23900000 399.68000 62.12000 13.53400 52.68400
18 11 20 22 14 14982.90000 5.23900000 399.68000 62.12000 13.53400 52.68400
18 11 20 22 14 14985.50000 5.23900000 399.59000 62.05000 13.53400 52.68400
18 11 20 22 15 14980.10000 5.23900000 399.59000 62.05000 13.53400 52.68400
18 11 20 22 15 14950.70000 5.23100000 399.13000 61.91000 13.53400 52.68400
18 11 20 22 15 14950.00000 5.23100000 399.00000 61.91000 13.53400 52.68400
