M=[
 8 6 21 11 09 27022.00000 45.69200000 2057.78000 129.45000 21.82100 107.26100
 8 6 21 11 10 27021.90000 45.69200000 2054.34000 129.40000 21.82100 107.26100
 8 6 21 11 10 27006.20000 45.87700000 2057.41000 129.40000 21.82100 107.26100
 8 6 21 11 10 27008.70000 45.87800000 2060.00000 129.40000 21.82100 107.26100
 8 6 21 11 11 27024.70000 45.87800000 2061.08000 129.63000 21.82100 107.26100
 8 6 21 11 11 27024.60000 45.87800000 2062.04000 129.72000 21.82100 107.26100
 8 6 21 11 12 27011.30000 45.87800000 2059.52000 129.53000 21.82100 107.39800
 8 6 21 11 12 27016.40000 45.87600000 2059.02000 129.63000 21.82100 107.39800
 8 6 21 11 13 27020.10000 45.87600000 2061.53000 129.74000 21.82100 107.39800
 8 6 21 11 13 27076.30000 45.87600000 2064.03000 129.90000 21.82100 107.39800
 8 6 21 11 13 27064.20000 45.87600000 2063.33000 129.85000 21.82100 107.83200
 8 6 21 11 14 27077.10000 46.04500000 2064.55000 129.81000 21.82100 107.83200
 8 6 21 11 14 27053.50000 46.04500000 2062.70000 129.81000 21.82100 108.11000
 8 6 21 11 15 27063.60000 46.04500000 2063.64000 129.82000 21.82100 108.11000
 8 6 21 11 15 27071.30000 46.04500000 2064.51000 129.80000 21.82100 108.11000
 8 6 21 11 16 27086.70000 46.04500000 2065.93000 129.99000 21.82100 108.11000
 8 6 21 11 16 27066.20000 46.11400000 2065.02000 129.89000 21.82100 108.11000
 8 6 21 11 16 27059.00000 46.11400000 2064.56000 129.82000 21.82100 108.11000
 8 6 21 11 17 27037.30000 46.11400000 2061.28000 129.82000 21.82100 108.11000
 8 6 21 11 17 27019.10000 46.11400000 2059.01000 129.82000 21.82100 108.11000
 8 6 21 11 18 27024.60000 46.11400000 2060.00000 129.71000 21.82100 108.11000
 8 6 21 11 18 27060.40000 46.11400000 2060.00000 129.71000 21.82100 108.11000
 8 6 21 11 19 27078.00000 46.11400000 2066.07000 130.00000 21.82100 108.11000
 8 6 21 11 19 27094.40000 46.11400000 2064.16000 130.17000 21.82100 108.11000
 8 6 21 11 19 27085.00000 46.11400000 2065.12000 130.24000 21.82100 108.11000
 8 6 21 11 20 27091.00000 46.11400000 2063.28000 130.19000 21.82100 108.11000
 8 6 21 11 20 27100.00000 46.03300000 2066.62000 130.23000 21.82100 108.11000
 8 6 21 11 21 27130.00000 46.03300000 2068.07000 130.30000 21.82100 108.11000
 8 6 21 11 21 27128.00000 46.03300000 2066.96000 130.42000 21.82100 108.11000
 8 6 21 11 22 27128.00000 46.03300000 2066.08000 130.42000 21.82100 108.11000
 8 6 21 11 22 27131.40000 46.03300000 2068.01000 130.36000 21.82100 108.11000
 8 6 21 11 22 27130.20000 46.03300000 2066.57000 130.42000 21.82100 108.11000
 8 6 21 11 23 27122.10000 46.03300000 2066.52000 130.42000 21.82100 108.11000
 8 6 21 11 23 27109.90000 46.03300000 2066.52000 130.42000 21.82100 108.11000
 8 6 21 11 24 27127.60000 46.03300000 2067.75000 130.42000 21.82100 108.11000
 8 6 21 11 24 27119.20000 46.03300000 2067.62000 130.42000 21.82100 108.11000
 8 6 21 11 25 27113.10000 46.03300000 2067.64000 130.43000 21.82100 108.11000
 8 6 21 11 25 27126.30000 46.03300000 2069.54000 130.43000 21.82100 108.11000
 8 6 21 11 25 27125.60000 46.03300000 2070.31000 130.43000 21.82100 108.11000
 8 6 21 11 26 27129.00000 46.02100000 2070.69000 130.43000 21.82100 108.11000
 8 6 21 11 26 27136.30000 46.02100000 2070.19000 130.43000 21.82100 108.11000
 8 6 21 11 27 27138.80000 46.02100000 2070.14000 130.52000 21.82100 108.11000
 8 6 21 11 27 27138.90000 46.02000000 2071.27000 130.69000 21.82100 108.11000
 8 6 21 11 28 27120.00000 46.02000000 2069.00000 130.38000 21.82100 108.11000
 8 6 21 11 28 27059.60000 46.02000000 2062.91000 130.22000 21.82100 108.11000
 8 6 21 11 28 27050.10000 46.02000000 2062.67000 130.28000 21.82100 108.11000
 8 6 21 11 29 27057.30000 46.02000000 2063.80000 130.28000 21.82100 108.11000
 8 6 21 11 29 27050.00000 46.02000000 2061.06000 130.07000 21.82100 108.11000
 8 6 21 11 30 27065.20000 46.02000000 2063.58000 130.07000 21.82100 108.15500
 8 6 21 11 30 27029.60000 45.92900000 2060.20000 130.07000 21.82100 108.15500
 8 6 21 11 31 27009.80000 45.83000000 2055.90000 130.10000 21.82100 108.15500
 8 6 21 11 31 27013.40000 45.83000000 2057.92000 130.10000 21.82100 108.15500
 8 6 21 11 31 27013.40000 45.80300000 2058.50000 130.05000 21.82100 108.15500
 8 6 21 11 32 26985.50000 45.73000000 2056.18000 130.00000 21.82100 108.15500
 8 6 21 11 32 26997.60000 45.73000000 2056.49000 129.90000 21.82100 108.15500
 8 6 21 11 33 27011.00000 45.73000000 2057.21000 129.91000 21.82100 108.15500
 8 6 21 11 33 26999.90000 45.73000000 2054.49000 129.91000 21.82100 108.15500
 8 6 21 11 34 26982.70000 45.73000000 2053.07000 129.65000 21.82100 108.15500
 8 6 21 11 34 26988.60000 45.73000000 2054.47000 129.65000 21.82100 108.15500
 8 6 21 11 34 26980.70000 45.73000000 2053.67000 129.65000 21.82100 107.26800
 8 6 21 11 35 26970.10000 45.53200000 2050.93000 129.65000 21.82100 107.24800
 8 6 21 11 35 26970.00000 45.53200000 2053.09000 129.65000 21.82100 107.26400
 8 6 21 11 36 26999.90000 45.53200000 2056.83000 129.71000 21.82100 107.26400
 8 6 21 11 36 26999.90000 45.65000000 2057.71000 129.76000 21.82100 107.26400
 8 6 21 11 37 27035.20000 45.78900000 2058.99000 129.91000 21.82100 107.26400
 8 6 21 11 37 27070.30000 45.78900000 2061.37000 130.05000 21.82100 107.26400
 8 6 21 11 37 27055.40000 45.78900000 2061.37000 129.94000 21.82100 107.26400
 8 6 21 11 38 27055.60000 45.78900000 2060.79000 130.05000 21.82100 107.26400
 8 6 21 11 38 27058.90000 45.78900000 2062.95000 130.05000 21.82100 107.26400
 8 6 21 11 39 27058.90000 45.78900000 2063.59000 130.10000 21.82100 107.26400
 8 6 21 11 39 27076.20000 45.78900000 2065.52000 130.10000 21.82100 107.26400
 8 6 21 11 40 27076.90000 45.78900000 2064.25000 130.19000 21.82100 107.26400
 8 6 21 11 40 27089.50000 46.01300000 2066.00000 130.19000 21.82100 107.26400
 8 6 21 11 40 27163.00000 46.02100000 2070.02000 130.69000 21.82100 107.26400
 8 6 21 11 41 27129.00000 46.02100000 2068.56000 130.64000 21.94500 107.26400
 8 6 21 11 41 27107.20000 46.02100000 2065.74000 130.64000 21.94500 107.26400
 8 6 21 11 42 27091.50000 45.96700000 2062.53000 130.37000 21.94500 108.36600
 8 6 21 11 42 27143.10000 45.96700000 2067.08000 130.37000 21.94500 108.36600
 8 6 21 11 43 27143.00000 45.96700000 2065.01000 130.55000 21.94500 108.36600
 8 6 21 11 43 27141.00000 45.97500000 2067.81000 130.55000 21.94500 108.36600
 8 6 21 11 43 27146.80000 45.97500000 2067.35000 130.69000 21.94500 108.36600
 8 6 21 11 44 27145.00000 46.01700000 2067.71000 130.70000 21.94500 108.36600
 8 6 21 11 44 27152.20000 46.01700000 2068.00000 130.79000 21.94500 108.36600
 8 6 21 11 45 27122.00000 46.01700000 2067.99000 130.70000 21.94500 108.36600
 8 6 21 11 45 27105.00000 46.01700000 2065.56000 130.70000 21.94500 108.36600
 8 6 21 11 46 27101.10000 46.01700000 2065.00000 130.61000 21.94500 108.36600
 8 6 21 11 46 27074.50000 46.01700000 2064.15000 130.52000 21.94500 108.36600
 8 6 21 11 46 27108.90000 46.01700000 2067.89000 130.53000 21.94500 108.36600
 8 6 21 11 47 27142.90000 46.01700000 2068.00000 130.53000 21.94500 108.36600
 8 6 21 11 47 27140.00000 46.01700000 2068.05000 130.53000 21.94500 108.36600
 8 6 21 11 48 27107.00000 46.01700000 2067.70000 130.59000 21.94500 108.36600
 8 6 21 11 48 27174.00000 46.01700000 2072.87000 130.61000 21.94500 108.36600
 8 6 21 11 49 27200.00000 46.16500000 2076.80000 130.99000 22.09300 108.36600
 8 6 21 11 49 27180.60000 46.22700000 2074.12000 130.99000 22.09300 108.70800
 8 6 21 11 49 27176.60000 46.22700000 2074.00000 130.93000 22.09300 108.70800
 8 6 21 11 50 27147.80000 46.22700000 2074.47000 130.78000 22.09300 108.53100
 8 6 21 11 50 27171.10000 46.22700000 2074.92000 130.78000 22.09300 108.53100
 8 6 21 11 51 27129.80000 46.22700000 2074.13000 130.68000 22.09300 108.53100
 8 6 21 11 51 27120.30000 46.22700000 2073.20000 130.76000 22.09300 108.53100
 8 6 21 11 52 27125.30000 46.22700000 2074.11000 130.79000 22.09300 108.53100
 8 6 21 11 52 27145.50000 46.22700000 2075.69000 130.83000 22.09300 108.53100
 8 6 21 11 52 27146.90000 46.22700000 2075.15000 130.83000 22.09300 108.53100
