M=[
31 5 21 16 23 30679.70000 56.40400000 2189.99000 152.93000 23.51500 129.75100
31 5 21 16 23 30669.20000 56.50700000 2190.02000 152.74000 23.51500 129.75100
31 5 21 16 24 30659.80000 56.41600000 2194.16000 152.76000 23.51500 129.90800
31 5 21 16 24 30640.70000 56.41600000 2186.28000 152.81000 23.51500 129.90800
31 5 21 16 25 30634.60000 56.44300000 2184.23000 152.79000 23.51500 129.90000
31 5 21 16 25 30620.10000 56.34100000 2181.34000 152.61000 23.51500 129.90000
31 5 21 16 26 30629.90000 56.35200000 2181.71000 152.71000 23.51500 129.90000
31 5 21 16 26 30603.30000 56.35000000 2181.25000 152.59000 23.51500 129.90000
31 5 21 16 26 30585.40000 56.26600000 2183.00000 152.50000 23.51500 129.90000
31 5 21 16 27 30584.10000 56.26600000 2182.81000 152.50000 23.51500 129.90000
31 5 21 16 27 30552.00000 56.26600000 2180.35000 152.41000 23.51500 129.90000
31 5 21 16 28 30426.30000 56.26600000 2172.04000 152.04000 23.51500 129.00000
31 5 21 16 28 30444.10000 56.00200000 2169.34000 151.58000 23.51500 129.00000
31 5 21 16 29 30449.60000 56.00200000 2170.60000 151.65000 23.51500 128.67400
31 5 21 16 29 30400.70000 56.03800000 2164.65000 151.69000 23.51500 128.67400
31 5 21 16 29 30450.50000 56.03800000 2169.24000 151.70000 23.51500 128.67400
31 5 21 16 30 30506.50000 56.03800000 2172.44000 152.41000 23.51500 129.14200
31 5 21 16 30 30423.80000 56.03800000 2166.29000 152.41000 23.51500 129.14200
31 5 21 16 31 30436.70000 56.03800000 2166.61000 152.41000 23.51500 129.14200
31 5 21 16 31 30400.60000 55.82500000 2161.10000 152.41000 23.51500 129.14200
31 5 21 16 32 30400.00000 55.82500000 2162.28000 151.27000 23.51500 128.56300
31 5 21 16 32 30410.00000 55.82500000 2164.00000 151.51000 23.51500 128.80000
31 5 21 16 32 30400.00000 55.82500000 2156.77000 151.13000 23.51500 128.80000
31 5 21 16 33 30400.10000 55.82500000 2158.52000 151.21000 23.51500 128.80000
31 5 21 16 33 30410.00000 55.82500000 2160.21000 151.21000 23.51500 128.80000
31 5 21 16 34 30423.10000 55.82500000 2161.89000 151.29000 23.51500 128.80000
31 5 21 16 34 30400.20000 55.82500000 2160.47000 151.29000 23.51500 128.80000
31 5 21 16 35 30403.60000 55.75100000 2162.39000 151.22000 23.51500 128.80000
31 5 21 16 35 30369.70000 55.75100000 2162.43000 150.96000 23.80600 128.80000
31 5 21 16 35 30358.10000 55.75100000 2162.64000 151.01000 23.80600 128.80000
31 5 21 16 36 30355.30000 55.75100000 2157.21000 150.66000 23.80600 128.51600
31 5 21 16 36 30355.40000 55.70900000 2157.15000 150.70000 23.80600 128.51600
31 5 21 16 37 30331.80000 55.70900000 2154.23000 150.70000 23.80600 128.51600
31 5 21 16 37 30313.40000 55.70900000 2155.88000 150.45000 23.80600 128.51600
31 5 21 16 38 30323.60000 55.50200000 2153.33000 150.35000 23.80600 128.51600
31 5 21 16 38 30321.30000 55.50200000 2150.25000 150.35000 23.80600 128.51600
31 5 21 16 38 30354.10000 55.50200000 2152.22000 150.48000 23.80600 128.51600
31 5 21 16 39 30367.30000 55.50200000 2155.65000 150.52000 23.80600 127.62900
31 5 21 16 39 30367.30000 55.50200000 2153.66000 150.52000 23.80600 126.95500
31 5 21 16 40 30376.40000 55.50200000 2155.26000 150.53000 23.80600 126.95500
31 5 21 16 40 30372.70000 55.50200000 2153.19000 150.53000 23.80600 126.95500
31 5 21 16 41 30354.80000 55.50200000 2150.18000 150.43000 23.80600 126.95500
31 5 21 16 41 30332.50000 55.50200000 2147.77000 150.06000 23.80600 126.95500
31 5 21 16 41 30327.30000 55.50200000 2149.96000 150.06000 23.80600 126.95500
31 5 21 16 42 30321.10000 55.45100000 2149.99000 150.19000 23.80600 126.95500
31 5 21 16 42 30327.20000 55.44500000 2150.79000 150.37000 23.80600 126.95500
31 5 21 16 43 30327.20000 55.44500000 2152.87000 150.37000 23.80600 126.95500
31 5 21 16 43 30359.90000 55.44500000 2152.55000 150.33000 23.80600 126.95500
31 5 21 16 44 30375.30000 55.44500000 2154.83000 150.44000 23.80600 126.95500
31 5 21 16 44 30360.40000 55.44500000 2153.34000 150.45000 23.80600 126.95500
31 5 21 16 44 30364.60000 55.44500000 2152.18000 150.24000 24.06300 127.50800
31 5 21 16 45 30406.80000 55.44500000 2159.85000 150.36000 24.06300 127.50800
31 5 21 16 45 30399.00000 55.63700000 2158.32000 150.36000 24.06300 127.50800
31 5 21 16 46 30375.60000 55.70800000 2158.31000 150.36000 24.06300 128.22200
31 5 21 16 46 30383.50000 55.70800000 2156.34000 150.79000 24.06300 128.22200
31 5 21 16 47 30385.10000 55.70800000 2156.50000 150.80000 24.06300 128.22200
31 5 21 16 47 30385.00000 55.70100000 2156.50000 150.80000 24.06300 128.22200
31 5 21 16 47 30429.50000 55.70100000 2159.11000 150.97000 24.06300 128.22200
31 5 21 16 48 30403.50000 55.70100000 2158.01000 150.97000 24.06300 128.22200
31 5 21 16 48 30414.20000 55.70100000 2155.10000 151.00000 24.06300 128.22200
31 5 21 16 49 30414.20000 55.70100000 2157.42000 150.92000 24.06300 128.22200
31 5 21 16 49 30431.90000 55.70100000 2160.89000 150.97000 24.06300 128.22200
31 5 21 16 50 30456.20000 55.70100000 2163.21000 151.12000 24.06300 128.24200
31 5 21 16 50 30460.90000 55.70100000 2163.27000 151.49000 24.06300 128.24200
31 5 21 16 50 30461.00000 55.70100000 2163.00000 151.49000 24.06300 128.24200
31 5 21 16 51 30461.00000 55.70100000 2160.75000 151.47000 24.06300 128.24200
31 5 21 16 51 30419.40000 55.70100000 2158.08000 151.47000 24.06300 128.24200
31 5 21 16 52 30416.00000 55.70100000 2156.29000 150.98000 24.06300 128.08500
31 5 21 16 52 30400.00000 55.70100000 2156.81000 150.98000 24.06300 128.08500
31 5 21 16 53 30344.10000 55.70100000 2152.51000 150.98000 24.06300 128.08500
31 5 21 16 53 30335.60000 55.53300000 2148.47000 150.92000 24.06300 128.08500
31 5 21 16 53 30335.60000 55.53300000 2148.81000 150.92000 24.06300 128.08500
31 5 21 16 54 30370.30000 55.53300000 2151.10000 151.04000 24.06300 128.08500
31 5 21 16 54 30385.60000 55.53300000 2153.19000 151.04000 24.06300 128.08500
31 5 21 16 55 30389.90000 55.53300000 2153.65000 151.36000 24.06300 128.08500
31 5 21 16 55 30379.30000 55.53300000 2154.58000 151.36000 24.06300 128.08500
31 5 21 16 56 30379.30000 55.57600000 2154.35000 151.45000 24.06300 128.08500
31 5 21 16 56 30372.70000 55.68000000 2153.70000 151.45000 24.06300 128.08500
31 5 21 16 56 30373.50000 55.68000000 2153.82000 151.42000 24.06300 128.08500
31 5 21 16 57 30370.80000 55.68000000 2152.99000 151.42000 24.06300 128.08500
31 5 21 16 57 30359.70000 55.68000000 2153.00000 151.42000 24.06300 128.08500
31 5 21 16 58 30372.00000 55.68000000 2154.84000 151.44000 24.06300 128.08500
31 5 21 16 58 30399.80000 55.68000000 2157.08000 151.50000 24.06300 128.08500
31 5 21 16 59 30398.20000 55.68000000 2155.92000 151.50000 24.06300 128.08500
31 5 21 16 59 30409.00000 55.68000000 2157.00000 151.62000 24.06300 128.08500
31 5 21 16 59 30406.70000 55.68000000 2157.57000 151.69000 24.06300 128.08500
31 5 21 17 00 30423.70000 55.68000000 2157.41000 151.68000 24.06300 127.86200
31 5 21 17 00 30398.00000 55.68000000 2155.00000 151.68000 24.06300 127.81500
31 5 21 17 01 30375.10000 55.68000000 2153.79000 151.23000 24.06300 127.81500
31 5 21 17 01 30359.60000 55.68000000 2152.88000 151.02000 24.06300 127.81500
31 5 21 17 02 30353.90000 55.68000000 2151.26000 150.95000 24.06300 127.55800
31 5 21 17 02 30320.30000 55.68000000 2147.15000 150.95000 24.06300 127.55800
31 5 21 17 02 30320.30000 55.68000000 2145.57000 150.78000 24.06300 127.55800
31 5 21 17 03 30247.50000 55.68000000 2141.86000 150.78000 24.06300 127.55800
31 5 21 17 03 30244.00000 55.68000000 2140.32000 150.36000 24.06300 127.55800
31 5 21 17 04 30196.10000 55.68000000 2141.79000 150.36000 24.06300 127.55800
31 5 21 17 04 30267.00000 55.68000000 2142.39000 150.30000 24.06300 127.55800
31 5 21 17 05 30270.50000 55.68000000 2142.63000 150.56000 24.06300 127.55800
31 5 21 17 05 30314.30000 55.33600000 2145.78000 150.79000 24.06300 127.55800
31 5 21 17 05 30314.30000 55.33600000 2146.39000 150.79000 24.06300 127.55800
31 5 21 17 06 30250.40000 55.30100000 2143.07000 150.79000 24.06300 127.02300
31 5 21 17 06 30218.90000 55.29400000 2138.07000 150.79000 24.06300 127.02300
