M=[
29 7 20 14 13 9455.00000 6.25800000 274.50000 47.23000 17.60600 62.33200
29 7 20 14 13 9455.60000 6.25800000 274.46000 47.23000 17.60600 62.33200
29 7 20 14 14 9457.20000 6.25800000 274.71000 47.23000 17.60600 62.33200
29 7 20 14 14 9462.90000 6.25800000 274.79000 47.23000 17.60600 62.33200
29 7 20 14 15 9464.30000 6.25800000 274.79000 47.33000 17.60600 62.33200
29 7 20 14 15 9465.00000 6.25800000 275.00000 47.33000 17.60600 62.33200
29 7 20 14 16 9464.90000 6.25800000 275.06000 47.33000 17.60600 62.33200
29 7 20 14 16 9475.10000 6.25800000 274.97000 47.33000 17.45900 62.33200
29 7 20 14 17 9475.20000 6.25800000 274.93000 47.41000 17.45900 62.33200
29 7 20 14 17 9472.60000 6.25800000 274.97000 47.39000 17.45900 62.33200
29 7 20 14 18 9472.70000 6.25800000 274.95000 47.36000 17.45900 62.33200
29 7 20 14 18 9476.10000 6.25800000 274.99000 47.36000 17.45900 62.33200
29 7 20 14 19 9479.80000 6.26500000 274.99000 47.36000 17.45900 62.33200
29 7 20 14 19 9479.30000 6.26500000 275.04000 47.36000 17.45900 62.33200
29 7 20 14 20 9479.90000 6.26500000 274.96000 47.44000 17.45900 62.45700
29 7 20 14 20 9477.10000 6.26500000 275.09000 47.45000 17.45900 62.45700
29 7 20 14 21 9474.40000 6.26500000 274.96000 47.45000 17.45900 62.45700
29 7 20 14 21 9476.10000 6.26500000 275.01000 47.45000 17.45900 62.45700
29 7 20 14 22 9474.00000 6.26500000 275.06000 47.40000 17.45900 62.45700
29 7 20 14 22 9473.60000 6.26500000 275.04000 47.40000 17.45900 62.45700
29 7 20 14 22 9472.80000 6.26500000 275.02000 47.40000 17.45900 62.45700
29 7 20 14 23 9461.70000 6.26500000 274.94000 47.40000 17.45900 62.45700
29 7 20 14 23 9463.50000 6.26500000 274.80000 47.40000 17.45900 62.45700
29 7 20 14 24 9465.70000 6.26500000 274.80000 47.30000 17.45900 62.45700
29 7 20 14 24 9465.80000 6.26500000 274.79000 47.32000 17.45900 62.45700
29 7 20 14 25 9464.60000 6.26500000 274.80000 47.29000 17.45900 62.45700
29 7 20 14 25 9460.10000 6.26500000 274.79000 47.29000 17.45900 62.40200
29 7 20 14 26 9454.50000 6.26500000 274.71000 47.29000 17.45900 62.40200
29 7 20 14 26 9455.80000 6.26500000 274.72000 47.29000 17.50000 62.40200
29 7 20 14 27 9455.10000 6.26500000 274.72000 47.27000 17.50000 62.40200
29 7 20 14 27 9455.10000 6.26500000 274.72000 47.27000 17.50000 62.40200
29 7 20 14 28 9457.10000 6.26500000 274.72000 47.27000 17.51100 62.40200
29 7 20 14 28 9457.10000 6.26500000 274.71000 47.27000 17.51100 62.40200
29 7 20 14 29 9457.00000 6.26500000 274.71000 47.27000 17.51100 62.40200
29 7 20 14 29 9458.50000 6.26500000 274.72000 47.31000 17.51100 62.22300
29 7 20 14 30 9459.80000 6.26500000 274.72000 47.31000 17.51100 62.22300
29 7 20 14 30 9460.20000 6.26500000 274.65000 47.31000 17.51100 62.22300
29 7 20 14 31 9460.10000 6.26500000 274.65000 47.31000 17.51100 62.22300
29 7 20 14 31 9468.80000 6.26500000 274.68000 47.31000 17.51100 62.22300
29 7 20 14 32 9479.90000 6.26900000 274.99000 47.31000 17.51100 62.22300
29 7 20 14 32 9481.70000 6.26900000 275.30000 47.44000 17.51100 62.51500
29 7 20 14 33 9485.10000 6.26900000 275.56000 47.44000 17.51100 62.58200
29 7 20 14 33 9491.50000 6.26900000 275.56000 47.40000 17.51100 62.58200
29 7 20 14 34 9490.80000 6.26900000 275.52000 47.42000 17.51100 62.58200
29 7 20 14 34 9484.00000 6.26900000 275.52000 47.39000 17.51100 62.58200
29 7 20 14 35 9485.90000 6.26900000 275.51000 47.39000 17.51100 62.58200
29 7 20 14 35 9480.50000 6.26900000 275.50000 47.39000 17.51100 62.58200
29 7 20 14 36 9481.30000 6.26900000 275.31000 47.39000 17.58100 62.58200
29 7 20 14 36 9481.40000 6.26900000 275.31000 47.39000 17.58100 62.58200
29 7 20 14 37 9481.30000 6.26900000 275.30000 47.32000 17.58100 62.58200
29 7 20 14 37 9478.30000 6.26900000 275.06000 47.32000 17.58100 62.58200
29 7 20 14 38 9480.00000 6.26900000 275.04000 47.32000 17.58100 62.58200
29 7 20 14 38 9480.20000 6.26900000 275.17000 47.32000 17.58100 62.58200
29 7 20 14 38 9484.50000 6.26900000 275.20000 47.33000 17.52500 62.58200
29 7 20 14 39 9483.70000 6.26900000 275.20000 47.33000 17.52500 62.58200
29 7 20 14 39 9485.10000 6.26900000 275.28000 47.35000 17.52500 62.58200
29 7 20 14 40 9490.10000 6.26900000 275.32000 47.35000 17.52500 62.58200
29 7 20 14 41 9490.10000 6.26900000 275.33000 47.35000 17.52500 62.58200
29 7 20 14 41 9490.10000 6.26900000 275.22000 47.35000 17.52500 62.58200
29 7 20 14 42 9494.00000 6.26900000 275.27000 47.31000 17.52500 62.58200
29 7 20 14 42 9494.00000 6.26900000 274.94000 47.22000 17.48900 62.58200
29 7 20 14 43 9517.40000 6.26900000 275.28000 47.24000 17.36100 62.58200
29 7 20 14 44 9528.90000 6.28600000 275.63000 47.24000 17.36100 62.58200
29 7 20 14 44 9528.50000 6.28600000 275.49000 47.40000 17.34000 62.58200
29 7 20 14 45 9548.50000 6.28600000 275.73000 47.56000 17.34000 62.58200
29 7 20 14 46 9560.70000 6.28600000 276.49000 47.82000 17.34000 62.67400
29 7 20 14 47 9574.00000 6.28600000 276.47000 47.76000 17.31000 62.67400
29 7 20 14 47 9560.10000 6.28600000 276.29000 47.76000 17.32000 62.67400
29 7 20 14 48 9565.40000 6.28600000 276.39000 47.76000 17.32000 62.67400
29 7 20 14 49 9560.00000 6.28600000 276.01000 47.76000 17.30000 62.67000
29 7 20 14 50 9595.00000 6.28600000 276.50000 47.70000 17.30000 62.67000
29 7 20 14 51 9582.80000 6.28600000 275.62000 47.60000 17.30000 62.67000
29 7 20 14 52 9574.00000 6.28600000 275.52000 47.53000 17.30800 62.50200
29 7 20 14 53 9572.40000 6.28600000 275.35000 47.45000 17.30800 62.50200
29 7 20 14 53 9543.40000 6.28600000 274.80000 47.45000 17.30800 62.25200
29 7 20 14 54 9490.10000 6.21500000 273.54000 47.20000 17.30800 61.87900
29 7 20 14 56 9434.00000 6.20400000 272.80000 46.90000 17.29600 61.40400
29 7 20 14 57 9433.80000 6.21300000 272.95000 47.13000 17.19000 61.65000
29 7 20 14 58 9448.80000 6.20100000 273.01000 47.13000 17.20100 61.65000
29 7 20 14 59 9440.30000 6.20100000 272.99000 47.13000 17.20100 61.65000
29 7 20 14 59 9443.10000 6.20100000 272.98000 47.07000 17.20100 61.65800
29 7 20 15 00 9445.40000 6.20100000 273.08000 47.09000 17.20100 61.81500
29 7 20 15 00 9479.20000 6.20100000 273.43000 47.11000 17.22800 61.82300
29 7 20 15 01 9476.60000 6.20100000 273.47000 47.18000 17.25200 61.82300
29 7 20 15 02 9481.90000 6.20100000 273.59000 47.18000 17.25200 61.82300
29 7 20 15 02 9474.20000 6.20100000 273.59000 47.14000 17.25600 61.82300
29 7 20 15 03 9457.60000 6.20100000 273.08000 47.13000 17.25700 61.82300
29 7 20 15 03 9462.10000 6.22000000 273.14000 47.13000 17.25700 61.82300
29 7 20 15 04 9473.70000 6.22000000 273.49000 47.13000 17.25700 61.82300
29 7 20 15 05 9464.90000 6.22000000 273.39000 47.11000 17.25700 61.82300
29 7 20 15 05 9470.00000 6.22000000 273.48000 47.08000 17.25700 61.82300
29 7 20 15 06 9473.90000 6.22000000 273.78000 47.08000 17.27000 61.82300
29 7 20 15 06 9477.40000 6.22000000 273.79000 47.08000 17.27000 61.82300
29 7 20 15 07 9483.20000 6.22000000 273.85000 47.08000 17.27000 62.66200
29 7 20 15 07 9490.00000 6.23900000 273.99000 47.08000 17.25000 62.66700
29 7 20 15 08 9490.00000 6.24000000 274.24000 47.08000 17.25000 62.66700
29 7 20 15 09 9484.40000 6.24000000 273.82000 47.28000 17.25000 62.66700
29 7 20 15 09 9474.30000 6.23500000 273.70000 47.28000 17.28700 62.42200
29 7 20 15 10 9479.80000 6.23500000 273.70000 47.28000 17.28700 62.23600
29 7 20 15 10 9477.40000 6.23500000 273.82000 47.27000 17.28700 62.23600
29 7 20 15 11 9480.00000 6.23500000 273.82000 47.27000 17.28700 62.23600
29 7 20 15 11 9480.00000 6.23500000 273.98000 47.31000 17.28700 62.26000
29 7 20 15 12 9480.00000 6.23500000 274.00000 47.31000 17.28700 62.44500
29 7 20 15 12 9495.80000 6.23500000 274.20000 47.38000 17.28700 62.44500
29 7 20 15 13 9496.30000 6.23500000 274.40000 47.44000 17.28700 62.43400
29 7 20 15 13 9503.20000 6.24900000 274.53000 47.49000 17.28700 62.43400
29 7 20 15 14 9505.50000 6.24900000 274.46000 47.50000 17.34000 62.43400
29 7 20 15 14 9496.00000 6.24000000 274.41000 47.50000 17.34000 62.46900
29 7 20 15 15 9500.00000 6.24000000 274.41000 47.50000 17.34000 62.29700
