M=[
 1 12 20 02 07 16354.00000 5.77700000 508.67000 74.51000 13.52700 67.31900
 1 12 20 02 07 16358.70000 5.77700000 508.67000 74.51000 13.52700 67.31900
 1 12 20 02 08 16349.00000 5.76000000 508.67000 74.41000 13.52700 67.31900
 1 12 20 02 08 16333.00000 5.78600000 508.67000 74.41000 13.52700 67.31900
 1 12 20 02 08 16333.00000 5.78600000 508.67000 74.41000 13.52700 67.31900
 1 12 20 02 09 16322.10000 5.78600000 508.67000 74.41000 13.52700 67.31900
 1 12 20 02 09 16320.30000 5.78600000 508.67000 74.37000 13.52700 67.31900
 1 12 20 02 10 16320.30000 5.78600000 508.67000 74.57000 13.52700 67.31900
 1 12 20 02 10 16320.30000 5.78600000 508.67000 74.57000 13.52700 67.31900
 1 12 20 02 11 16320.30000 5.76200000 508.67000 74.24000 13.52700 67.31900
 1 12 20 02 11 16314.60000 5.76200000 507.29000 74.06000 13.52700 67.31900
 1 12 20 02 11 16303.90000 5.76200000 505.93000 74.05000 13.52700 67.31900
 1 12 20 02 12 16306.20000 5.76200000 505.93000 73.97000 13.52700 67.31900
 1 12 20 02 12 16315.60000 5.76200000 505.93000 73.97000 13.52700 67.31900
 1 12 20 02 13 16332.00000 5.76200000 505.93000 74.34000 13.52700 67.31900
 1 12 20 02 13 16344.10000 5.76200000 505.93000 74.19000 13.52700 67.31900
 1 12 20 02 14 16347.10000 5.76200000 505.93000 74.16000 13.52700 67.31900
 1 12 20 02 14 16345.30000 5.76200000 508.28000 74.25000 13.52700 67.31900
 1 12 20 02 14 16345.30000 5.76200000 508.12000 74.13000 13.52700 67.31900
 1 12 20 02 15 16348.70000 5.76200000 508.12000 74.13000 13.52700 67.31900
 1 12 20 02 15 16348.70000 5.76200000 508.12000 74.13000 13.52700 67.31900
 1 12 20 02 16 16348.80000 5.77300000 508.12000 74.13000 13.52700 67.31900
 1 12 20 02 16 16335.10000 5.77300000 507.73000 74.10000 13.52700 67.31900
 1 12 20 02 17 16320.10000 5.77300000 507.73000 73.85000 13.52700 67.31900
 1 12 20 02 17 16309.80000 5.77300000 507.04000 73.80000 13.52700 67.31900
 1 12 20 02 17 16309.80000 5.77300000 507.04000 74.23000 13.52700 67.31900
 1 12 20 02 18 16326.10000 5.77300000 507.04000 74.19000 13.52700 67.31900
 1 12 20 02 18 16326.10000 5.77300000 507.65000 74.34000 13.52700 67.31900
 1 12 20 02 19 16326.10000 5.77300000 507.78000 74.42000 13.52700 67.31900
 1 12 20 02 19 16329.20000 5.77300000 507.78000 74.42000 13.52700 67.31900
 1 12 20 02 20 16340.00000 5.77300000 507.90000 74.42000 13.52700 67.31900
 1 12 20 02 20 16339.90000 5.77300000 507.79000 74.30000 13.52700 67.31900
 1 12 20 02 20 16358.90000 5.77300000 507.79000 74.23000 13.52700 67.31900
 1 12 20 02 21 16358.60000 5.77300000 507.84000 74.19000 13.52700 67.31900
 1 12 20 02 21 16360.50000 5.77200000 507.84000 74.19000 13.52700 67.31900
 1 12 20 02 22 16360.50000 5.77200000 508.45000 74.19000 13.52700 67.31900
 1 12 20 02 22 16375.50000 5.77200000 508.45000 74.20000 13.52700 67.31900
 1 12 20 02 23 16385.30000 5.77200000 508.45000 74.30000 13.52700 67.31900
 1 12 20 02 23 16387.10000 5.77200000 508.60000 74.49000 13.52700 67.31900
 1 12 20 02 23 16377.70000 5.77200000 508.39000 74.49000 13.52700 67.31900
 1 12 20 02 24 16377.70000 5.77200000 508.39000 74.49000 13.52700 67.31900
 1 12 20 02 24 16381.80000 5.77200000 508.39000 74.59000 13.52700 67.31900
 1 12 20 02 25 16388.80000 5.77000000 508.66000 74.59000 13.52700 67.31900
 1 12 20 02 25 16389.30000 5.77000000 508.89000 74.51000 13.52700 67.31900
 1 12 20 02 26 16378.80000 5.77000000 508.80000 74.51000 13.52700 67.31900
 1 12 20 02 26 16378.80000 5.77000000 508.80000 74.51000 13.52700 67.31900
 1 12 20 02 26 16375.00000 5.77000000 508.80000 74.33000 13.52700 67.31900
 1 12 20 02 27 16360.10000 5.77000000 507.90000 74.33000 13.52700 67.31900
 1 12 20 02 27 16362.20000 5.77000000 507.69000 74.33000 13.52700 67.31900
 1 12 20 02 28 16361.00000 5.77000000 508.12000 74.33000 13.52700 67.31900
 1 12 20 02 28 16360.10000 5.77000000 508.12000 74.33000 13.52700 67.31900
 1 12 20 02 29 16360.10000 5.77000000 508.12000 74.33000 13.43200 67.31900
 1 12 20 02 29 16355.10000 5.77000000 507.47000 74.33000 13.43200 67.31900
 1 12 20 02 29 16355.10000 5.77000000 507.47000 74.33000 13.43200 67.31900
 1 12 20 02 30 16355.10000 5.77000000 507.47000 74.41000 13.43200 67.31900
 1 12 20 02 30 16358.10000 5.77000000 507.47000 74.40000 13.43200 67.31900
 1 12 20 02 31 16367.50000 5.77000000 507.47000 74.40000 13.43200 67.31900
 1 12 20 02 31 16358.90000 5.77000000 507.47000 74.39000 13.43200 67.31900
 1 12 20 02 32 16362.50000 5.77000000 507.40000 74.39000 13.43200 67.31900
 1 12 20 02 32 16366.70000 5.77000000 507.40000 74.39000 13.43200 67.31900
 1 12 20 02 32 16350.00000 5.77000000 507.40000 74.33000 13.43200 67.31900
 1 12 20 02 33 16331.70000 5.77000000 507.12000 74.33000 13.43200 67.31900
 1 12 20 02 33 16327.70000 5.77000000 506.99000 74.33000 13.43200 67.31900
 1 12 20 02 34 16340.30000 5.77000000 507.01000 74.33000 13.43200 67.31900
 1 12 20 02 34 16335.20000 5.77000000 507.01000 74.33000 13.43200 67.31900
 1 12 20 02 35 16336.00000 5.77000000 506.54000 74.30000 13.43200 67.31900
 1 12 20 02 35 16336.40000 5.77000000 506.54000 74.14000 13.43200 67.31900
 1 12 20 02 35 16330.40000 5.77000000 506.45000 74.18000 13.43200 67.31900
 1 12 20 02 36 16323.50000 5.77000000 506.45000 74.09000 13.43200 67.31900
 1 12 20 02 36 16326.80000 5.77000000 506.30000 74.09000 13.43200 66.80700
 1 12 20 02 37 16326.80000 5.77000000 506.90000 74.32000 13.43200 66.80700
 1 12 20 02 37 16346.50000 5.77000000 506.98000 74.38000 13.43200 66.80700
 1 12 20 02 38 16356.20000 5.77000000 506.98000 74.38000 13.43200 66.80700
 1 12 20 02 38 16347.50000 5.77000000 506.98000 74.38000 13.43200 66.80700
 1 12 20 02 38 16338.70000 5.77000000 506.98000 74.38000 13.43200 66.80700
 1 12 20 02 39 16365.30000 5.77000000 507.00000 74.66000 13.43200 66.80700
 1 12 20 02 39 16380.20000 5.77000000 507.40000 74.66000 13.43200 66.80700
 1 12 20 02 40 16389.10000 5.77000000 507.81000 74.74000 13.43200 66.80700
 1 12 20 02 40 16385.30000 5.77000000 507.93000 74.78000 13.43200 66.80700
 1 12 20 02 41 16389.40000 5.77000000 507.93000 74.78000 13.43200 66.80700
 1 12 20 02 41 16382.90000 5.77000000 507.93000 74.92000 13.43200 66.80700
 1 12 20 02 41 16388.10000 5.77000000 507.70000 74.86000 13.43200 66.80700
 1 12 20 02 42 16393.10000 5.77000000 507.70000 74.74000 13.43200 66.80700
 1 12 20 02 42 16395.90000 5.74700000 507.70000 74.74000 13.43200 66.80700
 1 12 20 02 43 16388.20000 5.74700000 507.70000 74.74000 13.43200 66.80700
 1 12 20 02 43 16394.90000 5.74700000 507.68000 74.70000 13.43200 66.80700
 1 12 20 02 44 16395.40000 5.74700000 507.72000 74.70000 13.43200 66.80700
 1 12 20 02 44 16396.80000 5.74700000 507.72000 74.69000 13.43200 66.80700
 1 12 20 02 44 16400.20000 5.74700000 507.73000 74.69000 13.43200 66.80700
 1 12 20 02 45 16400.50000 5.74700000 507.79000 74.69000 13.43200 66.80700
 1 12 20 02 45 16402.80000 5.74700000 507.79000 74.69000 13.43200 66.80700
 1 12 20 02 46 16405.00000 5.74700000 507.96000 74.79000 13.43200 67.27600
 1 12 20 02 46 16405.60000 5.74700000 507.96000 74.77000 13.43200 67.37200
 1 12 20 02 47 16408.40000 5.74700000 507.96000 74.77000 13.43200 67.37200
 1 12 20 02 47 16409.80000 5.74700000 507.96000 74.77000 13.43200 67.37200
 1 12 20 02 47 16411.30000 5.74700000 507.96000 74.92000 13.43200 67.37200
 1 12 20 02 48 16407.70000 5.74700000 507.96000 74.97000 13.43200 67.47900
 1 12 20 02 48 16410.40000 5.74700000 507.96000 74.88000 13.43200 67.47900
 1 12 20 02 49 16410.60000 5.74700000 507.96000 74.88000 13.43200 67.47900
 1 12 20 02 49 16403.50000 5.74700000 507.96000 74.88000 13.43200 67.47900
 1 12 20 02 50 16394.10000 5.74700000 506.99000 74.88000 13.43200 67.47900
 1 12 20 02 50 16392.70000 5.74700000 506.79000 74.98000 13.43200 67.47900
 1 12 20 02 50 16409.10000 5.74700000 507.47000 75.07000 13.43200 67.47900
 1 12 20 02 51 16398.00000 5.74700000 507.17000 75.03000 13.43200 67.47900
 1 12 20 02 51 16392.90000 5.74700000 507.17000 75.03000 13.43200 67.47900
 1 12 20 02 52 16386.80000 5.77800000 506.88000 75.02000 13.43200 67.47900
