M=[
26 3 21 13 35 44988.10000 9.86700000 1388.81000 152.67000 27.62500 109.54500
26 3 21 13 36 44961.30000 9.89600000 1387.92000 152.50000 27.62500 109.54500
26 3 21 13 36 44961.30000 9.89600000 1387.92000 152.50000 27.62500 109.54500
26 3 21 13 37 44961.30000 9.89600000 1387.98000 152.30000 27.62500 109.54500
26 3 21 13 37 45003.00000 9.89600000 1388.00000 152.49000 27.62500 109.54500
26 3 21 13 37 45029.90000 9.89600000 1389.68000 152.55000 27.62500 109.54500
26 3 21 13 38 45051.50000 9.89600000 1389.68000 152.74000 27.62500 109.54500
26 3 21 13 38 45045.40000 9.89600000 1390.23000 152.74000 27.62500 109.54500
26 3 21 13 39 45065.40000 9.89600000 1391.00000 152.74000 27.62500 109.54500
26 3 21 13 39 45068.70000 9.89600000 1390.99000 152.74000 27.62500 109.54500
26 3 21 13 40 45066.30000 9.89600000 1390.99000 152.74000 27.62500 109.54500
26 3 21 13 40 45045.40000 9.89600000 1390.99000 152.74000 27.62500 109.54500
26 3 21 13 40 45048.30000 9.89600000 1391.00000 152.62000 27.62500 109.54500
26 3 21 13 41 45048.60000 9.89600000 1391.50000 152.62000 27.62500 109.54500
26 3 21 13 41 45088.50000 9.89600000 1391.90000 152.70000 27.70600 109.54500
26 3 21 13 42 45118.50000 9.89600000 1394.20000 152.90000 27.70600 109.54500
26 3 21 13 42 45168.00000 9.89600000 1396.99000 153.04000 27.70600 109.54500
26 3 21 13 43 45198.40000 9.89600000 1397.28000 153.24000 27.70600 109.62200
26 3 21 13 43 45171.00000 9.89600000 1397.00000 153.24000 27.70600 109.62200
26 3 21 13 43 45190.00000 9.89600000 1397.35000 153.23000 27.70600 109.62200
26 3 21 13 44 45210.50000 9.89600000 1397.36000 153.17000 27.65400 109.62200
26 3 21 13 44 45242.80000 9.89600000 1398.87000 153.40000 27.65400 109.62200
26 3 21 13 45 45250.00000 9.89600000 1399.00000 153.34000 27.65400 109.62200
26 3 21 13 45 45254.00000 9.89600000 1399.75000 153.37000 27.65400 109.62200
26 3 21 13 46 45258.80000 9.89600000 1398.84000 153.16000 27.65400 109.62200
26 3 21 13 46 45210.60000 9.89600000 1396.79000 153.02000 27.65400 109.62200
26 3 21 13 46 45239.40000 9.89600000 1398.75000 153.14000 27.65400 109.62200
26 3 21 13 47 45245.50000 9.89600000 1398.54000 153.07000 27.65400 109.62200
26 3 21 13 47 45239.30000 9.89600000 1398.00000 153.07000 27.65400 109.62200
26 3 21 13 48 45232.70000 9.89600000 1397.92000 153.18000 27.65400 109.62200
26 3 21 13 48 45209.70000 9.89600000 1397.02000 152.96000 27.65400 109.62200
26 3 21 13 49 45200.10000 9.94900000 1397.19000 153.03000 27.65400 109.62200
26 3 21 13 49 45203.70000 9.94900000 1397.19000 153.03000 27.69000 109.62200
26 3 21 13 49 45200.10000 9.94900000 1396.84000 152.97000 27.69000 109.62200
26 3 21 13 50 45200.10000 9.94900000 1397.39000 153.00000 27.69000 109.62200
26 3 21 13 50 45200.10000 9.94900000 1397.05000 153.00000 27.69000 110.00000
26 3 21 13 51 45187.90000 9.93600000 1396.26000 153.00000 27.69000 110.13600
26 3 21 13 51 45159.90000 9.93600000 1395.69000 152.97000 27.69000 110.13600
26 3 21 13 52 45150.00000 9.92400000 1395.54000 152.89000 27.69000 110.13600
26 3 21 13 52 45214.60000 9.92400000 1396.99000 152.89000 27.69000 110.13600
26 3 21 13 52 45182.90000 9.92400000 1397.86000 152.89000 27.69000 110.13600
26 3 21 13 53 45255.20000 9.92400000 1398.96000 153.11000 27.69000 110.13600
26 3 21 13 53 45255.10000 9.92400000 1399.80000 153.06000 27.69000 109.99500
26 3 21 13 54 45251.00000 9.92400000 1399.78000 153.13000 27.69000 109.99500
26 3 21 13 54 45271.10000 9.92400000 1399.99000 153.12000 27.69000 109.99500
26 3 21 13 55 45259.10000 9.92400000 1400.00000 153.12000 27.69000 109.99500
26 3 21 13 55 45275.50000 9.92400000 1400.00000 153.16000 27.69000 110.15700
26 3 21 13 55 45283.40000 9.92400000 1402.06000 153.24000 27.69000 110.15700
26 3 21 13 56 45282.20000 9.92400000 1402.58000 153.26000 27.69000 110.15700
26 3 21 13 56 45265.80000 9.92400000 1400.13000 153.28000 27.69000 110.15700
26 3 21 13 57 45262.50000 9.92400000 1400.00000 153.06000 27.69000 110.15700
26 3 21 13 57 45282.40000 9.92400000 1400.87000 153.10000 27.69000 110.15700
26 3 21 13 58 45285.90000 9.92400000 1401.46000 153.21000 27.69000 110.15700
26 3 21 13 58 45302.40000 9.92400000 1401.37000 153.21000 27.58300 110.15700
26 3 21 13 58 45277.50000 9.92400000 1398.33000 153.21000 27.58300 110.15700
26 3 21 13 59 45304.50000 9.92400000 1399.42000 153.21000 27.58300 110.15700
26 3 21 13 59 45305.20000 9.92400000 1399.84000 153.21000 27.58300 110.15700
26 3 21 14 00 45305.20000 9.92400000 1401.60000 153.33000 27.58300 110.15700
26 3 21 14 00 45413.90000 9.92400000 1402.59000 153.51000 27.58300 110.15700
26 3 21 14 01 45391.20000 9.92400000 1401.10000 153.44000 27.58300 110.15700
26 3 21 14 01 45371.10000 9.92400000 1400.02000 153.36000 27.58300 110.15700
26 3 21 14 01 45318.50000 9.92400000 1400.01000 153.40000 27.58300 110.15700
26 3 21 14 02 45299.50000 9.92400000 1398.57000 153.40000 27.58300 110.15700
26 3 21 14 02 45295.10000 9.92400000 1399.30000 153.41000 27.58300 110.15700
26 3 21 14 03 45300.70000 9.92400000 1399.14000 153.41000 27.58300 110.15700
26 3 21 14 03 45271.30000 9.92400000 1398.45000 153.41000 27.58300 110.15700
26 3 21 14 04 45271.20000 9.92400000 1397.49000 153.41000 27.58300 110.15700
26 3 21 14 04 45247.00000 9.92400000 1396.98000 153.41000 27.58300 110.15700
26 3 21 14 04 45219.90000 9.92400000 1397.00000 153.67000 27.58300 110.15700
26 3 21 14 05 45287.00000 9.92400000 1398.58000 153.64000 27.58300 110.15700
26 3 21 14 05 45265.40000 9.92400000 1396.81000 153.64000 27.58300 110.15700
26 3 21 14 06 45247.80000 9.92400000 1397.62000 153.63000 27.58300 110.15700
26 3 21 14 06 45222.30000 9.92400000 1397.14000 153.63000 27.58300 110.15700
26 3 21 14 07 45174.60000 9.92400000 1396.50000 153.52000 27.58300 110.15700
26 3 21 14 07 45193.30000 9.92400000 1396.56000 153.46000 27.58300 110.15700
26 3 21 14 07 45215.40000 9.92400000 1397.80000 153.46000 27.58300 110.15700
26 3 21 14 08 45221.40000 9.92400000 1397.83000 153.54000 27.58300 110.15700
26 3 21 14 08 45200.40000 9.92400000 1397.36000 153.54000 27.58300 110.15700
26 3 21 14 09 45200.10000 9.92400000 1397.33000 153.43000 27.58300 110.15700
26 3 21 14 09 45206.30000 9.92400000 1397.05000 153.41000 27.58300 110.15700
26 3 21 14 10 45183.40000 9.92400000 1397.41000 153.41000 27.58300 110.15700
26 3 21 14 10 45189.50000 9.92400000 1397.79000 153.40000 27.58300 110.15700
26 3 21 14 10 45182.50000 9.92400000 1397.48000 153.40000 27.50300 110.22200
26 3 21 14 11 45188.70000 9.92400000 1397.88000 153.40000 27.49300 110.22200
26 3 21 14 11 45222.00000 9.92400000 1398.42000 153.40000 27.49300 110.22200
26 3 21 14 12 45233.70000 9.92400000 1398.18000 153.40000 27.49300 110.22200
26 3 21 14 12 45235.50000 9.92400000 1398.12000 153.40000 27.49300 110.22200
26 3 21 14 13 45210.90000 9.92400000 1397.80000 153.40000 27.49300 110.00800
26 3 21 14 13 45210.10000 9.92400000 1397.17000 153.40000 27.49300 110.00800
26 3 21 14 13 45218.00000 9.92400000 1397.86000 153.40000 27.49300 110.00800
26 3 21 14 14 45216.50000 9.92400000 1397.84000 153.31000 27.49300 110.10700
26 3 21 14 14 45208.90000 9.92400000 1397.18000 153.31000 27.46900 110.10700
26 3 21 14 15 45234.20000 9.92400000 1397.20000 153.31000 27.46900 110.10700
26 3 21 14 15 45233.80000 9.92400000 1397.32000 153.31000 27.46900 110.10700
26 3 21 14 16 45231.80000 9.92400000 1397.56000 153.31000 27.46900 110.10700
26 3 21 14 16 45227.90000 9.92400000 1397.38000 153.30000 27.46900 110.10700
26 3 21 14 16 45203.50000 9.92400000 1397.51000 153.13000 27.46900 110.10700
26 3 21 14 17 45187.00000 9.92400000 1396.83000 153.13000 27.46900 110.10700
26 3 21 14 17 45202.50000 9.92400000 1396.46000 153.13000 27.46900 110.10700
26 3 21 14 18 45230.00000 9.92400000 1396.99000 153.04000 27.46900 110.10700
26 3 21 14 18 45282.10000 9.92400000 1397.99000 153.04000 27.46900 110.10700
26 3 21 14 19 45298.30000 9.92400000 1397.99000 153.04000 27.46900 110.10700
26 3 21 14 19 45300.80000 9.92400000 1399.68000 153.04000 27.46900 110.10700
