M=[
14 9 20 00 35 8705.00000 4.37500000 303.82000 40.30000 14.72300 51.81600
14 9 20 00 36 8705.00000 4.37500000 303.47000 40.30000 14.86300 51.81600
14 9 20 00 36 8705.20000 4.37500000 303.47000 40.30000 14.86300 51.81600
14 9 20 00 37 8703.00000 4.33800000 303.15000 40.30000 14.86300 51.81600
14 9 20 00 37 8703.00000 4.33800000 303.20000 40.30000 14.86300 51.81600
14 9 20 00 38 8703.00000 4.33800000 303.10000 40.30000 14.72800 51.81600
14 9 20 00 38 8705.40000 4.33800000 303.06000 40.30000 14.72900 51.81600
14 9 20 00 39 8705.40000 4.33800000 303.06000 40.30000 14.72900 51.81600
14 9 20 00 39 8703.20000 4.33800000 303.35000 40.30000 14.72900 51.81600
14 9 20 00 39 8704.90000 4.33800000 303.62000 40.30000 14.72900 51.81600
14 9 20 00 40 8704.90000 4.33800000 303.62000 40.30000 14.72900 51.81600
14 9 20 00 40 8704.90000 4.33800000 303.62000 40.30000 14.72900 51.81600
14 9 20 00 41 8703.00000 4.33800000 303.50000 40.27000 14.72900 51.81600
14 9 20 00 41 8703.00000 4.33800000 303.50000 40.27000 14.72900 51.81600
14 9 20 00 42 8703.00000 4.33800000 303.33000 40.27000 14.72900 51.81600
14 9 20 00 42 8703.00000 4.33800000 303.33000 40.15000 14.72900 51.81600
14 9 20 00 42 8702.90000 4.33800000 303.33000 40.15000 14.72900 51.81600
14 9 20 00 43 8703.00000 4.33800000 303.27000 40.15000 14.72900 51.81600
14 9 20 00 43 8702.90000 4.33800000 303.27000 40.15000 14.72900 51.81600
14 9 20 00 44 8703.00000 4.33800000 303.27000 40.21000 14.72900 51.81600
14 9 20 00 44 8703.00000 4.33800000 303.86000 40.21000 14.72900 51.81600
14 9 20 00 45 8706.60000 4.33800000 303.57000 40.21000 14.72900 51.81600
14 9 20 00 45 8706.60000 4.33800000 303.69000 40.21000 14.72900 51.81600
14 9 20 00 45 8707.90000 4.33800000 303.69000 40.21000 14.72900 51.81600
14 9 20 00 46 8707.00000 4.33800000 303.26000 40.21000 14.72900 51.81600
14 9 20 00 46 8707.90000 4.33800000 303.26000 40.21000 14.72900 51.81600
14 9 20 00 47 8706.90000 4.33800000 302.88000 40.22000 14.72900 51.81600
14 9 20 00 47 8702.30000 4.33800000 302.88000 40.22000 14.72900 51.81600
14 9 20 00 48 8696.60000 4.33800000 302.11000 40.22000 14.72900 51.81600
14 9 20 00 48 8696.50000 4.33800000 302.11000 40.22000 14.72900 51.81600
14 9 20 00 49 8694.20000 4.33800000 302.16000 40.22000 14.72400 51.81600
14 9 20 00 49 8694.40000 4.33800000 302.16000 40.22000 14.72400 51.81600
14 9 20 00 49 8683.50000 4.33800000 301.10000 39.96000 14.72400 51.81600
14 9 20 00 50 8694.40000 4.33800000 302.15000 39.92000 14.72400 51.50000
14 9 20 00 50 8691.80000 4.33800000 301.77000 39.92000 14.72400 51.50000
14 9 20 00 51 8691.80000 4.33800000 301.77000 40.06000 14.72400 51.50000
14 9 20 00 51 8691.70000 4.33800000 302.04000 40.06000 14.72400 51.50000
14 9 20 00 52 8694.80000 4.33800000 302.58000 40.06000 14.72400 51.50000
14 9 20 00 52 8694.80000 4.33800000 302.86000 40.06000 14.72400 51.50000
14 9 20 00 53 8697.80000 4.33800000 302.86000 40.06000 14.72400 51.50000
14 9 20 00 53 8703.00000 4.33800000 303.20000 40.26000 14.72400 51.50000
14 9 20 00 53 8704.80000 4.33800000 303.20000 40.26000 14.72400 51.50000
14 9 20 00 54 8699.80000 4.33800000 303.12000 40.26000 14.72400 51.50000
14 9 20 00 54 8701.00000 4.33800000 303.28000 40.26000 14.72400 51.50000
14 9 20 00 55 8701.90000 4.33800000 303.28000 40.25000 14.72400 51.50000
14 9 20 00 55 8700.20000 4.33800000 303.38000 40.25000 14.72400 51.50000
14 9 20 00 56 8701.50000 4.33800000 303.38000 40.25000 14.72400 51.50000
14 9 20 00 56 8702.30000 4.33800000 303.31000 40.25000 14.72400 51.50000
14 9 20 00 57 8701.60000 4.33800000 303.31000 40.25000 14.72400 51.50000
14 9 20 00 57 8702.10000 4.33800000 303.31000 40.29000 14.72400 51.50000
14 9 20 00 57 8701.60000 4.33800000 303.31000 40.29000 14.72400 51.50000
14 9 20 00 58 8701.60000 4.33800000 303.31000 40.29000 14.72400 51.50000
14 9 20 00 58 8702.10000 4.33800000 303.31000 40.29000 14.72400 51.50000
14 9 20 00 59 8701.40000 4.33800000 303.47000 40.29000 14.72400 51.50000
14 9 20 00 59 8700.70000 4.33800000 303.37000 40.29000 14.72400 51.50000
14 9 20 01 00 8700.70000 4.33800000 303.59000 40.29000 14.72400 51.50000
14 9 20 01 00 8704.80000 4.33800000 303.86000 40.29000 14.72400 51.50000
14 9 20 01 01 8706.10000 4.33800000 303.86000 40.29000 14.72400 51.50000
14 9 20 01 01 8706.20000 4.33800000 303.86000 40.29000 14.72400 51.50000
14 9 20 01 02 8706.20000 4.33800000 304.25000 40.29000 14.72400 51.50000
14 9 20 01 02 8706.00000 4.33800000 304.25000 40.29000 14.72400 51.50000
14 9 20 01 02 8706.00000 4.33800000 304.17000 40.29000 14.72400 51.50000
14 9 20 01 03 8705.90000 4.33800000 304.38000 40.29000 14.72400 51.50000
14 9 20 01 03 8705.90000 4.33800000 304.38000 40.29000 14.72400 51.50000
14 9 20 01 04 8706.20000 4.33800000 304.35000 40.29000 14.72400 51.99900
14 9 20 01 04 8706.20000 4.33800000 304.38000 40.29000 14.72400 51.99900
14 9 20 01 05 8705.80000 4.33800000 304.37000 40.29000 14.72400 51.99900
14 9 20 01 05 8705.70000 4.33800000 304.37000 40.29000 14.72400 51.99900
14 9 20 01 05 8703.00000 4.33800000 304.35000 40.29000 14.72400 51.99900
14 9 20 01 06 8704.30000 4.33800000 304.35000 40.29000 14.72400 51.88500
14 9 20 01 06 8704.30000 4.33800000 304.35000 40.29000 14.72400 51.85000
14 9 20 01 07 8704.30000 4.33800000 304.00000 40.29000 14.72400 51.85000
14 9 20 01 07 8703.70000 4.33800000 304.00000 40.29000 14.72400 51.85000
14 9 20 01 08 8705.10000 4.33800000 304.00000 40.29000 14.78200 51.83900
14 9 20 01 08 8704.70000 4.33800000 304.14000 40.29000 14.78200 51.83900
14 9 20 01 08 8704.90000 4.33800000 304.27000 40.29000 14.78200 51.83900
14 9 20 01 09 8704.90000 4.33800000 304.40000 40.29000 14.78200 51.83900
14 9 20 01 09 8716.00000 4.33800000 304.74000 40.29000 14.78200 51.83900
14 9 20 01 10 8714.40000 4.33800000 304.74000 40.29000 14.72400 51.83900
14 9 20 01 10 8714.40000 4.33800000 304.74000 40.29000 14.72400 51.83900
14 9 20 01 11 8714.40000 4.33800000 304.39000 40.29000 14.72400 51.83900
14 9 20 01 11 8712.60000 4.33800000 304.35000 40.29000 14.72400 51.83900
14 9 20 01 12 8712.60000 4.33800000 304.35000 40.29000 14.72400 51.83900
14 9 20 01 12 8712.60000 4.33800000 304.44000 40.29000 14.72400 51.83900
14 9 20 01 12 8712.60000 4.33800000 304.44000 40.29000 14.72400 51.83900
14 9 20 01 13 8712.60000 4.33800000 304.60000 40.46000 14.72400 51.83900
14 9 20 01 13 8712.60000 4.33800000 304.64000 40.46000 14.72400 51.83900
14 9 20 01 14 8712.50000 4.33800000 304.64000 40.46000 14.72400 51.83900
14 9 20 01 14 8712.50000 4.33800000 304.61000 40.46000 14.72400 51.85100
14 9 20 01 15 8705.30000 4.33800000 304.61000 40.46000 14.72400 51.85100
14 9 20 01 15 8706.80000 4.33800000 304.61000 40.46000 14.72400 51.85100
14 9 20 01 15 8707.10000 4.33800000 304.61000 40.46000 14.72400 51.85100
14 9 20 01 16 8707.20000 4.33800000 304.61000 40.46000 14.72400 51.85100
14 9 20 01 16 8707.20000 4.33800000 304.31000 40.46000 14.72400 51.85100
14 9 20 01 17 8706.60000 4.33800000 304.32000 40.46000 14.72400 51.85100
14 9 20 01 17 8706.60000 4.33800000 304.32000 40.46000 14.72400 51.85100
14 9 20 01 18 8707.30000 4.33800000 304.32000 40.46000 14.72400 51.85100
14 9 20 01 18 8711.10000 4.33800000 304.41000 40.46000 14.72400 51.85100
14 9 20 01 18 8712.40000 4.33800000 304.85000 40.46000 14.72400 51.85100
14 9 20 01 19 8712.40000 4.33800000 304.85000 40.46000 14.72400 51.85100
14 9 20 01 19 8712.50000 4.33800000 304.75000 40.46000 14.72400 51.85100
14 9 20 01 20 8712.20000 4.33800000 304.75000 40.46000 14.72400 51.85100
14 9 20 01 20 8712.20000 4.33800000 304.75000 40.46000 14.72400 51.85100
14 9 20 01 21 8706.70000 4.33800000 304.33000 40.46000 14.72400 51.85100
14 9 20 01 21 8708.70000 4.33800000 304.32000 40.46000 14.72400 51.85200
14 9 20 01 21 8709.50000 4.33800000 304.50000 40.46000 14.72400 51.85200
14 9 20 01 22 8709.30000 4.33800000 304.50000 40.46000 14.72400 51.85200
14 9 20 01 22 8710.60000 4.33800000 304.50000 40.46000 14.72400 51.85200
14 9 20 01 23 8711.40000 4.33800000 304.61000 40.46000 14.72400 51.85200
