M=[
15 7 20 16 20 8080.80000 5.44300000 209.29000 37.95000 17.08700 53.95700
15 7 20 16 21 8075.80000 5.44300000 209.28000 37.95000 17.08700 53.95700
15 7 20 16 21 8077.00000 5.44300000 209.14000 37.90000 17.08700 53.95700
15 7 20 16 22 8077.00000 5.44300000 209.10000 37.90000 17.02000 53.95700
15 7 20 16 22 8077.80000 5.44300000 209.10000 37.90000 17.01900 53.95700
15 7 20 16 22 8078.60000 5.44900000 209.10000 37.90000 17.01900 53.95700
15 7 20 16 23 8078.60000 5.44900000 209.10000 37.90000 17.01900 53.95700
15 7 20 16 23 8079.40000 5.44900000 209.10000 37.90000 17.01000 53.95700
15 7 20 16 24 8079.10000 5.44900000 209.09000 37.88000 17.01000 53.95700
15 7 20 16 24 8079.10000 5.44900000 209.09000 37.88000 16.92600 53.95700
15 7 20 16 25 8079.10000 5.44900000 209.09000 37.88000 16.92600 53.95700
15 7 20 16 25 8079.10000 5.44900000 209.10000 37.88000 16.88800 53.95700
15 7 20 16 26 8079.10000 5.44900000 209.09000 37.88000 16.88800 53.89300
15 7 20 16 26 8079.10000 5.44900000 209.09000 37.88000 16.88800 53.89300
15 7 20 16 27 8079.00000 5.44900000 209.08000 37.88000 16.88800 53.89300
15 7 20 16 27 8079.10000 5.44900000 209.08000 37.88000 16.88800 53.89300
15 7 20 16 27 8079.00000 5.44900000 209.08000 37.88000 16.88800 53.89300
15 7 20 16 28 8079.00000 5.44900000 209.08000 37.87000 16.88800 53.89300
15 7 20 16 28 8079.10000 5.44900000 209.08000 37.87000 16.88800 53.89300
15 7 20 16 29 8079.00000 5.44900000 209.10000 37.87000 16.88800 53.89300
15 7 20 16 29 8079.10000 5.45500000 209.10000 37.87000 16.88800 53.89300
15 7 20 16 30 8079.10000 5.45500000 209.12000 37.86000 16.88800 53.89300
15 7 20 16 30 8079.00000 5.45500000 209.12000 37.86000 16.88800 53.89300
15 7 20 16 31 8079.10000 5.45500000 209.11000 37.86000 16.88800 53.89300
15 7 20 16 31 8079.00000 5.45500000 209.11000 37.86000 16.88800 53.89300
15 7 20 16 31 8079.10000 5.45500000 209.12000 37.86000 16.88800 53.89300
15 7 20 16 32 8075.70000 5.45500000 209.11000 37.86000 16.88800 53.89300
15 7 20 16 32 8076.60000 5.45500000 209.12000 37.86000 16.88800 53.89300
15 7 20 16 33 8070.80000 5.45500000 209.12000 37.85000 16.88800 53.85400
15 7 20 16 33 8070.00000 5.45500000 208.80000 37.85000 16.88800 53.85400
15 7 20 16 34 8070.00000 5.45500000 208.90000 37.85000 16.88800 53.85400
15 7 20 16 34 8070.00000 5.45500000 208.90000 37.85000 16.88800 53.85400
15 7 20 16 35 8070.00000 5.45500000 208.85000 37.85000 16.88800 53.85400
15 7 20 16 35 8070.00000 5.45500000 208.83000 37.85000 16.88800 53.85400
15 7 20 16 36 8070.00000 5.45500000 208.83000 37.85000 16.88800 53.85400
15 7 20 16 36 8070.40000 5.45500000 208.83000 37.86000 16.88800 53.85400
15 7 20 16 37 8075.80000 5.45500000 208.98000 37.86000 16.88800 53.85400
15 7 20 16 37 8075.80000 5.45500000 209.03000 37.87000 16.88800 53.85400
15 7 20 16 37 8075.80000 5.45500000 208.97000 37.87000 16.88800 53.85400
15 7 20 16 38 8075.80000 5.45500000 209.02000 37.87000 16.88800 53.85400
15 7 20 16 38 8075.40000 5.45500000 209.00000 37.87000 16.88800 53.85400
15 7 20 16 39 8075.30000 5.45500000 209.02000 37.88000 16.88800 53.85400
15 7 20 16 39 8075.20000 5.45500000 209.01000 37.88000 16.88800 53.85400
15 7 20 16 40 8075.20000 5.45500000 208.94000 37.89000 16.88800 53.85400
15 7 20 16 40 8070.60000 5.45500000 208.86000 37.87000 16.88800 53.85400
15 7 20 16 41 8070.60000 5.45500000 208.86000 37.87000 16.88800 53.85400
15 7 20 16 41 8074.20000 5.45500000 208.95000 37.87000 16.88800 53.85400
15 7 20 16 42 8073.10000 5.45400000 208.78000 37.87000 16.88800 53.85400
15 7 20 16 42 8073.40000 5.45400000 208.79000 37.86000 16.88800 53.85400
15 7 20 16 43 8073.30000 5.45400000 208.55000 37.86000 16.88800 53.85400
15 7 20 16 43 8070.10000 5.45400000 208.53000 37.86000 16.85000 53.85400
15 7 20 16 44 8070.00000 5.45400000 208.53000 37.86000 16.85000 53.85400
15 7 20 16 44 8073.20000 5.45400000 208.66000 37.86000 16.85000 53.85400
15 7 20 16 45 8069.90000 5.45400000 208.55000 37.86000 16.90200 53.85400
15 7 20 16 45 8071.20000 5.45400000 208.66000 37.85000 16.90200 53.85400
15 7 20 16 45 8071.20000 5.45400000 208.66000 37.85000 16.90100 53.85400
15 7 20 16 46 8071.20000 5.45400000 208.66000 37.85000 16.90100 53.85400
15 7 20 16 46 8071.20000 5.45400000 208.65000 37.85000 16.90100 53.85400
15 7 20 16 47 8068.90000 5.45400000 208.65000 37.85000 16.90100 53.85400
15 7 20 16 47 8068.90000 5.45400000 208.55000 37.85000 16.90100 53.85400
15 7 20 16 48 8068.90000 5.45400000 208.56000 37.79000 16.90100 53.85400
15 7 20 16 48 8068.90000 5.45400000 208.41000 37.78000 16.90100 53.85400
15 7 20 16 49 8068.80000 5.45400000 208.36000 37.78000 16.90100 53.85400
15 7 20 16 49 8068.80000 5.45400000 208.36000 37.78000 16.90100 53.85400
15 7 20 16 50 8068.90000 5.45400000 208.36000 37.78000 16.90100 53.85400
15 7 20 16 50 8066.60000 5.45400000 208.04000 37.66000 16.90100 53.85400
15 7 20 16 51 8071.20000 5.45400000 208.30000 37.72000 16.90100 53.85400
15 7 20 16 51 8070.80000 5.45400000 208.33000 37.72000 16.90100 53.85400
15 7 20 16 52 8070.80000 5.45400000 208.40000 37.77000 16.90100 53.85400
15 7 20 16 52 8070.90000 5.45400000 208.42000 37.77000 16.90100 53.85400
15 7 20 16 53 8071.20000 5.45400000 208.57000 37.83000 16.90100 53.85400
15 7 20 16 53 8071.20000 5.45400000 208.57000 37.83000 16.90100 53.85400
15 7 20 16 54 8071.20000 5.45400000 208.52000 37.83000 16.90100 53.85400
15 7 20 16 54 8077.10000 5.45400000 208.58000 37.81000 16.90100 53.85400
15 7 20 16 55 8079.10000 5.45400000 208.80000 37.84000 16.90100 53.85400
15 7 20 16 55 8079.00000 5.45400000 208.79000 37.84000 16.90100 53.85400
15 7 20 16 56 8079.40000 5.45400000 208.80000 37.84000 16.90100 53.85400
15 7 20 16 56 8080.70000 5.45400000 208.98000 37.84000 16.90100 53.85400
15 7 20 16 57 8080.70000 5.45400000 208.98000 37.84000 16.90100 53.85400
15 7 20 16 57 8080.60000 5.45400000 208.90000 37.93000 16.90100 53.85400
15 7 20 16 57 8083.00000 5.45400000 208.96000 37.93000 16.90100 53.85400
15 7 20 16 58 8082.90000 5.45400000 209.09000 37.97000 16.90100 53.85400
15 7 20 16 58 8083.00000 5.45400000 209.12000 37.97000 16.90100 53.85400
15 7 20 16 59 8083.00000 5.45400000 209.11000 37.97000 16.88000 53.85400
15 7 20 16 59 8082.30000 5.45400000 209.11000 37.97000 16.88000 53.85400
15 7 20 17 00 8082.30000 5.45400000 209.11000 37.93000 16.88000 53.85400
15 7 20 17 00 8082.20000 5.45500000 209.11000 37.93000 16.88000 53.85400
15 7 20 17 01 8082.90000 5.45500000 209.14000 37.93000 16.88000 53.85400
15 7 20 17 01 8084.90000 5.45500000 209.17000 37.93000 16.88000 53.85400
15 7 20 17 01 8085.00000 5.45500000 209.16000 37.98000 16.88000 53.85400
15 7 20 17 02 8085.90000 5.45500000 209.21000 37.98000 16.88000 53.85400
15 7 20 17 02 8086.00000 5.45500000 209.17000 37.98000 16.88000 53.85400
15 7 20 17 03 8085.90000 5.45500000 209.15000 37.95000 16.88000 53.85400
15 7 20 17 03 8085.90000 5.45500000 209.10000 37.95000 16.88000 53.85400
15 7 20 17 04 8086.00000 5.45500000 209.10000 37.95000 16.88000 53.85400
15 7 20 17 04 8087.10000 5.45500000 209.10000 37.95000 16.88000 53.85400
15 7 20 17 05 8085.90000 5.45500000 209.09000 37.95000 16.88000 53.85400
15 7 20 17 05 8085.90000 5.45500000 209.09000 37.95000 16.88000 54.09000
15 7 20 17 06 8086.00000 5.45500000 208.99000 37.93000 16.88000 54.09000
15 7 20 17 06 8086.00000 5.45500000 208.99000 37.93000 16.88000 54.09000
15 7 20 17 07 8085.90000 5.45500000 208.98000 37.93000 16.88000 54.09000
15 7 20 17 07 8086.00000 5.45500000 208.99000 37.93000 16.88000 54.09000
15 7 20 17 07 8086.00000 5.45500000 208.99000 37.93000 16.88000 54.09000
15 7 20 17 08 8086.00000 5.45500000 208.99000 37.99000 16.88000 54.09000
15 7 20 17 08 8086.00000 5.45500000 208.99000 37.99000 16.88000 54.09000
15 7 20 17 09 8085.90000 5.45500000 208.98000 37.98000 16.88000 54.09000
15 7 20 17 09 8086.00000 5.45500000 208.99000 37.98000 16.88000 54.09000
15 7 20 17 10 8086.00000 5.45500000 209.07000 37.98000 16.88000 54.09000
15 7 20 17 10 8086.00000 5.45500000 209.07000 37.98000 16.88000 54.09000
