M=[
25 11 20 17 45 15953.20000 6.32600000 493.92000 72.65000 14.50300 69.28200
25 11 20 17 46 15956.60000 6.32600000 493.93000 72.78000 14.50300 69.29100
25 11 20 17 46 15951.60000 6.32600000 493.47000 72.69000 14.50300 69.29100
25 11 20 17 47 15955.20000 6.36800000 493.47000 72.69000 14.50300 69.29100
25 11 20 17 47 15958.70000 6.36800000 493.47000 72.74000 14.50300 69.29100
25 11 20 17 47 15959.90000 6.36800000 494.00000 72.80000 14.50300 69.29100
25 11 20 17 48 15966.90000 6.36800000 493.99000 72.80000 14.50300 69.29100
25 11 20 17 48 15972.90000 6.39000000 494.30000 72.80000 14.50300 69.29100
25 11 20 17 49 15972.60000 6.39000000 494.51000 72.83000 14.50300 69.41400
25 11 20 17 49 15969.10000 6.39000000 494.48000 72.88000 14.50300 69.25100
25 11 20 17 50 15963.70000 6.39000000 494.14000 72.80000 14.50300 69.25100
25 11 20 17 50 15960.20000 6.39000000 494.27000 72.76000 14.50300 69.25100
25 11 20 17 50 15964.90000 6.43300000 494.47000 72.76000 14.50300 69.25100
25 11 20 17 51 15975.90000 6.39500000 494.57000 72.76000 14.50300 69.56900
25 11 20 17 51 15970.20000 6.39500000 494.36000 72.84000 14.50300 69.47300
25 11 20 17 52 15971.30000 6.43400000 494.60000 72.85000 14.50300 69.47300
25 11 20 17 52 15971.50000 6.43400000 494.53000 72.90000 14.50300 69.32000
25 11 20 17 53 15982.20000 6.43400000 494.65000 72.92000 14.50300 69.32000
25 11 20 17 53 15982.00000 6.43400000 494.64000 72.95000 14.48800 69.32000
25 11 20 17 53 15985.30000 6.43400000 494.60000 72.95000 14.48800 69.32000
25 11 20 17 54 15987.70000 6.44900000 494.69000 72.97000 14.48800 69.48900
25 11 20 17 54 15994.20000 6.44900000 494.90000 72.95000 14.48800 69.48900
25 11 20 17 55 15979.40000 6.44900000 494.49000 72.88000 14.54000 69.48900
25 11 20 17 55 15974.20000 6.44900000 494.58000 72.86000 14.54000 69.48900
25 11 20 17 56 15986.90000 6.44900000 494.83000 72.86000 14.54000 69.48900
25 11 20 17 56 15991.40000 6.44900000 495.19000 72.95000 14.54000 69.48900
25 11 20 17 56 15990.70000 6.44900000 495.19000 73.06000 14.54000 69.48900
25 11 20 17 57 15990.80000 6.44900000 495.01000 73.06000 14.54000 69.32100
25 11 20 17 57 15987.80000 6.44900000 495.11000 72.99000 14.54000 69.26000
25 11 20 17 58 15986.30000 6.44900000 495.19000 73.00000 14.50100 69.26000
25 11 20 17 58 15990.00000 6.44900000 495.18000 73.00000 14.50100 69.26000
25 11 20 17 59 15999.10000 6.44900000 495.22000 73.00000 14.50100 69.26000
25 11 20 17 59 16000.00000 6.44900000 495.95000 73.05000 14.50100 69.26000
25 11 20 17 59 16008.60000 6.44900000 495.85000 73.07000 14.52000 69.46000
25 11 20 18 00 16016.30000 6.44900000 495.62000 73.05000 14.52000 69.46000
25 11 20 18 00 16022.90000 6.44900000 495.62000 73.02000 14.52000 69.46000
25 11 20 18 01 16023.00000 6.44900000 495.98000 73.02000 14.52000 69.46000
25 11 20 18 01 16010.00000 6.44900000 495.80000 73.05000 14.52000 69.46000
25 11 20 18 02 16010.70000 6.44900000 495.62000 73.09000 14.52000 69.46000
25 11 20 18 02 16012.20000 6.44900000 495.63000 73.07000 14.52000 69.46000
25 11 20 18 02 16025.40000 6.40100000 495.67000 73.12000 14.52000 69.46000
25 11 20 18 03 16017.90000 6.40100000 495.67000 73.14000 14.52000 69.46000
25 11 20 18 03 16013.70000 6.40100000 495.15000 73.10000 14.52000 69.46000
25 11 20 18 04 16026.30000 6.40100000 495.54000 73.16000 14.55800 69.46000
25 11 20 18 04 16023.90000 6.40100000 495.97000 73.16000 14.55800 69.46000
25 11 20 18 05 16037.50000 6.38800000 495.97000 73.16000 14.55800 69.46000
25 11 20 18 05 16034.00000 6.38800000 495.97000 73.16000 14.55800 69.46000
25 11 20 18 05 16039.90000 6.38800000 496.02000 73.17000 14.55800 69.43300
25 11 20 18 06 16035.40000 6.42900000 496.02000 73.23000 14.55800 69.43300
25 11 20 18 06 16034.80000 6.42900000 495.87000 73.22000 14.55800 69.43300
25 11 20 18 07 16019.80000 6.42900000 495.66000 73.22000 14.55800 69.43300
25 11 20 18 07 16021.90000 6.42900000 495.55000 73.22000 14.55800 69.43300
25 11 20 18 08 16013.80000 6.42900000 495.49000 73.22000 14.55800 69.43300
25 11 20 18 08 16017.70000 6.42900000 495.55000 73.22000 14.55800 69.43300
25 11 20 18 08 16021.60000 6.42900000 495.92000 73.22000 14.55800 69.43300
25 11 20 18 09 16033.10000 6.42900000 496.03000 73.24000 14.55800 69.43300
25 11 20 18 09 16040.00000 6.42900000 496.39000 73.25000 14.55800 69.43300
25 11 20 18 10 16043.40000 6.42900000 496.75000 73.25000 14.56200 69.43300
25 11 20 18 10 16044.90000 6.42900000 496.76000 73.25000 14.56200 69.43300
25 11 20 18 11 16045.00000 6.42900000 496.76000 73.25000 14.56200 69.48700
25 11 20 18 11 16045.00000 6.42900000 496.85000 73.25000 14.56200 69.48700
25 11 20 18 11 16063.40000 6.42900000 496.75000 73.25000 14.56200 69.48700
25 11 20 18 12 16059.70000 6.42900000 496.75000 73.25000 14.56200 69.48700
25 11 20 18 12 16055.50000 6.42800000 496.76000 73.25000 14.56200 69.48700
25 11 20 18 13 16043.30000 6.42800000 496.75000 73.25000 14.56200 69.47900
25 11 20 18 13 16042.60000 6.42800000 496.39000 73.23000 14.56200 69.47900
25 11 20 18 14 16032.30000 6.42800000 496.28000 73.23000 14.56200 69.47900
25 11 20 18 14 16034.30000 6.42800000 496.45000 73.29000 14.56200 69.47900
25 11 20 18 14 16033.70000 6.42400000 496.52000 73.30000 14.56200 69.47900
25 11 20 18 15 16029.20000 6.42400000 496.48000 73.27000 14.56200 69.47900
25 11 20 18 15 16024.60000 6.42400000 496.52000 73.27000 14.56200 69.47900
25 11 20 18 16 16027.50000 6.42400000 496.63000 73.30000 14.56200 69.47900
25 11 20 18 16 16030.00000 6.42400000 496.72000 73.30000 14.56200 69.24100
25 11 20 18 17 16031.30000 6.42400000 496.68000 73.28000 14.56200 69.24100
25 11 20 18 17 16031.20000 6.39800000 496.50000 73.29000 14.56200 69.24100
25 11 20 18 17 16045.90000 6.43400000 496.57000 73.29000 14.56200 69.24100
25 11 20 18 18 16059.40000 6.40700000 496.94000 73.29000 14.56200 69.24100
25 11 20 18 18 16068.00000 6.40700000 496.99000 73.29000 14.56200 69.24100
25 11 20 18 19 16068.10000 6.40700000 496.98000 73.29000 14.56200 69.24100
25 11 20 18 19 16068.10000 6.40700000 497.02000 73.30000 14.56200 69.24100
25 11 20 18 20 16068.10000 6.40700000 497.37000 73.41000 14.56200 69.24100
25 11 20 18 20 16050.20000 6.40700000 497.30000 73.37000 14.56200 69.24100
25 11 20 18 20 16053.30000 6.40700000 496.55000 73.29000 14.56200 69.24100
25 11 20 18 21 16040.00000 6.40700000 496.83000 73.29000 14.56200 69.30200
25 11 20 18 21 16045.10000 6.40700000 496.83000 73.28000 14.56200 69.30200
25 11 20 18 22 16040.10000 6.43000000 497.01000 73.28000 14.56200 69.51500
25 11 20 18 22 16032.00000 6.43000000 496.81000 73.28000 14.56200 69.51500
25 11 20 18 23 16046.00000 6.43000000 496.99000 73.32000 14.56200 69.71700
25 11 20 18 23 16042.50000 6.43000000 496.85000 73.32000 14.56200 69.71700
25 11 20 18 23 16033.80000 6.43000000 496.77000 73.33000 14.56200 69.71700
25 11 20 18 24 16045.80000 6.43000000 496.71000 73.33000 14.56200 69.71700
25 11 20 18 24 16056.60000 6.43000000 496.99000 73.39000 14.56200 69.71700
25 11 20 18 25 16064.50000 6.43000000 496.99000 73.42000 14.56200 69.80700
25 11 20 18 25 16064.80000 6.43000000 496.99000 73.41000 14.56200 69.80700
25 11 20 18 26 16057.10000 6.43000000 496.99000 73.40000 14.56200 69.80700
25 11 20 18 26 16052.30000 6.43000000 496.82000 73.36000 14.56200 69.97300
25 11 20 18 26 16050.30000 6.43000000 496.88000 73.36000 14.56200 69.82100
25 11 20 18 27 16050.40000 6.40100000 496.98000 73.36000 14.56200 69.82100
25 11 20 18 27 16055.50000 6.40100000 497.30000 73.42000 14.56200 70.04000
25 11 20 18 28 16050.30000 6.40100000 497.48000 73.42000 14.56200 70.04000
25 11 20 18 28 16049.10000 6.40200000 497.50000 73.43000 14.56200 70.04000
25 11 20 18 29 16049.10000 6.40200000 497.50000 73.43000 14.56200 70.12000
25 11 20 18 29 16050.80000 6.40200000 497.50000 73.43000 14.56200 70.12000
25 11 20 18 29 16064.50000 6.40200000 498.00000 73.45000 14.56200 70.12000
25 11 20 18 30 16065.80000 6.40200000 498.18000 73.42000 14.56200 70.12000
25 11 20 18 30 16057.90000 6.40200000 498.00000 73.42000 14.56200 70.12000
