M=[
19 1 21 01 50 30753.40000 6.57200000 1095.16000 129.58000 17.34500 85.13300
19 1 21 01 50 30755.70000 6.57200000 1096.72000 129.65000 17.34500 85.13300
19 1 21 01 51 30724.80000 6.57200000 1095.61000 129.51000 17.34500 85.13300
19 1 21 01 51 30700.10000 6.57200000 1091.00000 129.36000 17.34500 85.13300
19 1 21 01 52 30671.30000 6.57200000 1087.83000 129.36000 17.34500 85.13300
19 1 21 01 52 30655.10000 6.57200000 1089.69000 129.24000 17.34500 85.13300
19 1 21 01 53 30601.80000 6.57200000 1087.24000 129.11000 17.34500 85.00000
19 1 21 01 53 30609.50000 6.57200000 1089.01000 129.08000 17.34500 85.20500
19 1 21 01 53 30617.40000 6.59000000 1089.00000 129.28000 17.34500 85.14800
19 1 21 01 54 30559.00000 6.59000000 1085.42000 129.14000 17.34500 85.14800
19 1 21 01 54 30550.10000 6.59000000 1084.62000 128.90000 17.20000 85.14800
19 1 21 01 55 30509.10000 6.59000000 1085.90000 128.60000 17.19900 84.99300
19 1 21 01 55 30473.80000 6.59000000 1084.77000 128.60000 17.17300 84.99300
19 1 21 01 56 30458.20000 6.59000000 1085.01000 128.60000 17.17300 84.99300
19 1 21 01 56 30383.70000 6.59000000 1080.14000 127.94000 17.17200 84.99300
19 1 21 01 56 30414.70000 6.59000000 1083.08000 128.02000 17.17200 85.28400
19 1 21 01 57 30402.20000 6.59000000 1081.93000 128.02000 17.17200 85.28400
19 1 21 01 57 30413.60000 6.52200000 1083.43000 128.14000 17.05500 85.28400
19 1 21 01 58 30444.40000 6.49000000 1084.38000 128.15000 17.05500 85.28400
19 1 21 01 58 30456.80000 6.49000000 1085.61000 128.36000 17.05500 85.28400
19 1 21 01 59 30498.20000 6.53200000 1088.66000 128.49000 17.05500 85.28400
19 1 21 01 59 30506.10000 6.53200000 1087.37000 128.38000 17.05500 85.28400
19 1 21 01 59 30506.60000 6.53200000 1087.12000 128.46000 17.00000 85.28400
19 1 21 02 00 30495.20000 6.53200000 1089.27000 128.68000 17.20700 85.28400
19 1 21 02 00 30497.20000 6.53200000 1091.15000 128.59000 16.97000 85.28400
19 1 21 02 01 30563.10000 6.53200000 1096.34000 129.61000 16.97000 85.28400
19 1 21 02 01 30565.80000 6.53200000 1096.42000 129.39000 16.97000 85.28400
19 1 21 02 02 30569.10000 6.53200000 1097.24000 129.38000 16.97000 85.28400
19 1 21 02 02 30556.90000 6.53200000 1095.29000 129.39000 16.97000 85.28400
19 1 21 02 02 30546.60000 6.53200000 1096.12000 129.49000 16.97000 85.28400
19 1 21 02 03 30533.00000 6.53200000 1094.43000 129.32000 16.97000 85.28400
19 1 21 02 03 30493.80000 6.53200000 1090.55000 129.18000 16.97000 85.28400
19 1 21 02 04 30489.20000 6.53200000 1092.03000 129.02000 16.97000 85.28400
19 1 21 02 04 30520.00000 6.53200000 1093.88000 129.02000 16.97000 85.28400
19 1 21 02 05 30530.10000 6.53200000 1093.26000 129.29000 16.97000 85.28400
19 1 21 02 05 30518.30000 6.53200000 1095.68000 129.46000 16.97000 85.28400
19 1 21 02 06 30547.50000 6.53200000 1095.68000 129.55000 16.97000 85.28400
19 1 21 02 06 30547.50000 6.53200000 1094.28000 129.52000 16.97000 85.28400
19 1 21 02 06 30552.80000 6.53200000 1095.51000 129.55000 16.97000 85.28400
19 1 21 02 07 30528.90000 6.53200000 1093.00000 129.45000 16.97000 85.28400
19 1 21 02 07 30553.20000 6.53200000 1094.87000 129.37000 16.97000 85.28400
19 1 21 02 08 30553.60000 6.53200000 1093.06000 129.32000 16.97000 85.28400
19 1 21 02 08 30528.00000 6.53200000 1093.16000 129.32000 16.97000 85.28400
19 1 21 02 08 30505.10000 6.53200000 1090.90000 129.37000 16.97000 85.28400
19 1 21 02 09 30528.00000 6.53200000 1094.35000 129.34000 16.97000 85.28400
19 1 21 02 09 30522.50000 6.53200000 1092.14000 129.44000 17.19000 85.28400
19 1 21 02 10 30510.00000 6.53200000 1092.95000 129.40000 17.19000 85.85200
19 1 21 02 10 30484.40000 6.53200000 1091.01000 129.38000 17.19000 85.85200
19 1 21 02 11 30484.40000 6.53200000 1091.04000 129.38000 17.19000 85.85200
19 1 21 02 11 30480.90000 6.54700000 1091.16000 129.13000 17.19000 85.85200
19 1 21 02 12 30501.00000 6.54700000 1091.09000 129.13000 17.19000 85.85200
19 1 21 02 12 30508.00000 6.54700000 1091.32000 129.13000 17.19000 85.85200
19 1 21 02 12 30529.90000 6.54700000 1091.99000 129.13000 17.19000 85.85200
19 1 21 02 13 30561.90000 6.54700000 1094.14000 129.27000 17.19000 85.85200
19 1 21 02 13 30557.70000 6.54700000 1094.41000 129.22000 17.19000 85.85200
19 1 21 02 14 30558.20000 6.54700000 1094.46000 129.22000 17.19000 85.85200
19 1 21 02 14 30528.90000 6.54700000 1093.69000 129.33000 17.19000 85.85200
19 1 21 02 15 30521.70000 6.54700000 1093.55000 129.35000 17.19000 85.85200
19 1 21 02 15 30538.00000 6.54700000 1096.00000 129.35000 17.19000 85.85200
19 1 21 02 15 30535.00000 6.54700000 1095.61000 129.37000 17.19000 85.85200
19 1 21 02 16 30538.00000 6.54700000 1097.00000 129.38000 17.19000 85.85200
19 1 21 02 16 30560.90000 6.54700000 1098.86000 129.60000 17.19000 85.85200
19 1 21 02 17 30529.20000 6.59200000 1099.84000 129.59000 17.19000 85.85200
19 1 21 02 17 30523.80000 6.59600000 1094.22000 129.48000 17.19000 85.85200
19 1 21 02 17 30500.30000 6.61600000 1094.17000 129.29000 17.19000 85.85200
19 1 21 02 18 30448.50000 6.61900000 1090.87000 129.14000 17.19000 85.76700
19 1 21 02 18 30445.10000 6.61900000 1091.65000 129.00000 17.19000 85.76700
19 1 21 02 19 30452.40000 6.61900000 1091.40000 128.93000 17.19000 85.76700
19 1 21 02 19 30455.50000 6.56500000 1091.40000 128.88000 17.19000 85.55900
19 1 21 02 20 30430.20000 6.56500000 1090.54000 128.74000 17.19000 85.55900
19 1 21 02 20 30417.00000 6.56500000 1088.76000 128.76000 17.19000 85.55900
19 1 21 02 20 30423.10000 6.56500000 1085.93000 128.76000 17.19000 85.55900
19 1 21 02 21 30427.20000 6.54500000 1089.81000 128.59000 17.19000 85.55900
19 1 21 02 21 30434.30000 6.54500000 1089.99000 128.69000 17.19000 85.55900
19 1 21 02 22 30412.70000 6.54500000 1089.29000 128.68000 17.19000 85.55900
19 1 21 02 22 30430.60000 6.54500000 1090.64000 128.72000 17.19000 85.55900
19 1 21 02 23 30417.20000 6.54500000 1088.58000 128.64000 17.19000 85.55900
19 1 21 02 23 30403.70000 6.54500000 1088.78000 128.57000 17.19000 85.55900
19 1 21 02 23 30389.50000 6.54500000 1088.83000 128.45000 17.19000 85.55900
19 1 21 02 24 30367.20000 6.54500000 1087.60000 128.46000 17.19000 85.55900
19 1 21 02 24 30389.10000 6.54500000 1091.13000 128.50000 17.19000 85.55900
19 1 21 02 25 30364.10000 6.57800000 1089.71000 128.50000 17.19000 85.55900
19 1 21 02 25 30364.10000 6.57800000 1089.83000 128.45000 17.19000 85.55900
19 1 21 02 26 30380.90000 6.59200000 1091.73000 128.37000 17.19000 85.55900
19 1 21 02 26 30361.00000 6.59200000 1090.86000 128.40000 17.19000 85.55900
19 1 21 02 26 30393.90000 6.59200000 1092.75000 128.48000 17.19000 85.55900
19 1 21 02 27 30368.90000 6.59200000 1091.68000 128.42000 17.19000 85.55900
19 1 21 02 27 30374.50000 6.59200000 1091.52000 128.27000 17.19000 86.50000
19 1 21 02 28 30356.90000 6.59200000 1090.73000 128.22000 17.19000 86.50000
19 1 21 02 28 30409.40000 6.59200000 1092.99000 128.32000 17.19000 86.50000
19 1 21 02 29 30421.00000 6.59200000 1093.91000 128.32000 17.19000 86.50000
19 1 21 02 29 30420.80000 6.59200000 1093.75000 128.32000 17.19000 86.50000
19 1 21 02 29 30430.90000 6.59200000 1095.10000 128.43000 17.19000 86.50000
19 1 21 02 30 30412.50000 6.59200000 1094.92000 128.43000 17.19000 86.50000
19 1 21 02 30 30410.30000 6.59200000 1094.44000 128.43000 17.19000 86.68100
19 1 21 02 31 30388.30000 6.59200000 1095.18000 128.43000 17.19000 86.82500
19 1 21 02 31 30449.90000 6.59200000 1097.11000 128.43000 17.19000 86.82500
19 1 21 02 32 30456.40000 6.59300000 1097.08000 128.43000 17.19000 86.82500
19 1 21 02 32 30470.60000 6.59300000 1097.52000 128.73000 17.19000 86.82500
19 1 21 02 32 30493.10000 6.59300000 1098.00000 128.77000 17.19000 87.07700
19 1 21 02 33 30526.50000 6.59300000 1099.45000 128.77000 17.19000 87.07700
19 1 21 02 33 30502.30000 6.59300000 1098.46000 129.02000 17.19000 87.07700
19 1 21 02 34 30532.90000 6.59300000 1098.23000 129.02000 17.19000 87.04500
19 1 21 02 34 30509.80000 6.59300000 1097.97000 129.02000 17.19000 87.04500
19 1 21 02 35 30460.00000 6.59300000 1095.34000 129.00000 17.19000 87.04500
