M=[
24 6 20 10 02 8429.00000 5.63000000 214.81000 38.47000 15.20600 51.32900
24 6 20 10 02 8421.50000 5.61100000 214.78000 38.57000 15.20600 51.09700
24 6 20 10 03 8421.50000 5.61100000 214.78000 38.46000 15.20200 51.18900
24 6 20 10 03 8421.40000 5.61100000 214.78000 38.46000 15.20200 51.18900
24 6 20 10 04 8421.50000 5.61000000 214.90000 38.46000 15.20200 51.13000
24 6 20 10 04 8421.40000 5.61000000 214.89000 38.46000 15.20200 51.13000
24 6 20 10 05 8421.50000 5.61000000 214.90000 38.46000 15.20200 51.13000
24 6 20 10 05 8425.70000 5.61000000 214.95000 38.46000 15.20200 51.13000
24 6 20 10 06 8425.70000 5.61000000 214.95000 38.46000 15.20200 51.13000
24 6 20 10 06 8431.50000 5.61000000 215.03000 38.47000 15.20200 51.13000
24 6 20 10 06 8431.50000 5.61000000 215.03000 38.47000 15.20200 51.13000
24 6 20 10 07 8431.60000 5.61000000 215.03000 38.47000 15.20200 51.13000
24 6 20 10 07 8432.10000 5.61000000 214.99000 38.47000 15.20200 51.18900
24 6 20 10 08 8432.80000 5.61000000 214.99000 38.45000 15.20200 51.23500
24 6 20 10 08 8433.10000 5.61900000 214.90000 38.45000 15.20200 51.23500
24 6 20 10 09 8433.10000 5.61900000 214.89000 38.47000 15.20200 51.13000
24 6 20 10 09 8433.00000 5.61900000 214.89000 38.47000 15.20200 51.23500
24 6 20 10 10 8433.00000 5.61900000 214.79000 38.47000 15.20200 51.13000
24 6 20 10 10 8433.00000 5.61900000 214.79000 38.47000 15.20200 51.23500
24 6 20 10 11 8433.80000 5.61900000 214.79000 38.48000 15.21600 51.23500
24 6 20 10 11 8433.90000 5.61900000 214.79000 38.48000 15.21600 51.23500
24 6 20 10 11 8433.90000 5.61900000 214.92000 38.48000 15.21600 51.23500
24 6 20 10 12 8435.00000 5.61900000 214.92000 38.47000 15.21600 51.23500
24 6 20 10 12 8434.90000 5.61900000 214.92000 38.47000 15.21600 51.23500
24 6 20 10 13 8435.00000 5.61900000 215.06000 38.47000 15.21600 51.23500
24 6 20 10 13 8435.00000 5.61900000 215.06000 38.47000 15.21600 51.23500
24 6 20 10 14 8435.90000 5.61900000 215.06000 38.47000 15.21600 51.23500
24 6 20 10 14 8436.20000 5.61900000 215.07000 38.47000 15.21600 51.23500
24 6 20 10 15 8436.10000 5.61000000 214.89000 38.45000 15.20200 51.23500
24 6 20 10 15 8436.20000 5.61900000 214.89000 38.45000 15.20200 51.23500
24 6 20 10 16 8436.20000 5.61900000 215.00000 38.45000 15.20200 51.13000
24 6 20 10 16 8436.20000 5.61900000 215.00000 38.47000 15.20200 51.23500
24 6 20 10 17 8436.20000 5.61900000 215.00000 38.47000 15.20000 51.23500
24 6 20 10 17 8436.20000 5.61900000 215.01000 38.47000 15.20000 51.23500
24 6 20 10 17 8436.10000 5.61900000 215.01000 38.47000 15.20000 51.23500
24 6 20 10 18 8436.10000 5.61900000 215.01000 38.47000 15.20000 51.13000
24 6 20 10 18 8436.20000 5.61900000 215.01000 38.47000 15.20000 51.23500
24 6 20 10 19 8436.10000 5.61900000 215.01000 38.47000 15.20000 51.23500
24 6 20 10 19 8436.10000 5.61900000 215.01000 38.47000 15.20000 51.23500
24 6 20 10 20 8436.20000 5.61900000 214.89000 38.47000 15.20000 51.23500
24 6 20 10 20 8436.10000 5.61900000 214.80000 38.45000 15.20000 51.23500
24 6 20 10 21 8436.20000 5.61900000 214.77000 38.45000 15.20600 51.18900
24 6 20 10 21 8436.10000 5.61000000 214.77000 38.43000 15.20600 51.13000
24 6 20 10 22 8436.20000 5.61900000 214.78000 38.43000 15.20600 51.23500
24 6 20 10 22 8436.20000 5.61900000 214.58000 38.43000 15.20600 51.10000
24 6 20 10 22 8436.10000 5.61900000 214.58000 38.43000 15.15100 51.10000
24 6 20 10 23 8436.10000 5.61000000 214.50000 38.45000 15.15100 51.10000
24 6 20 10 23 8436.20000 5.61900000 214.50000 38.43000 15.14500 51.10000
24 6 20 10 24 8436.20000 5.61900000 214.29000 38.42000 15.15100 51.10000
24 6 20 10 24 8436.10000 5.61000000 214.30000 38.42000 15.15100 51.10000
24 6 20 10 25 8435.00000 5.61900000 214.30000 38.42000 15.17100 51.18000
24 6 20 10 25 8434.60000 5.61900000 214.44000 38.42000 15.17100 51.61400
24 6 20 10 26 8425.80000 5.61900000 214.39000 38.43000 15.17100 51.61600
24 6 20 10 26 8425.80000 5.61900000 214.34000 38.42000 15.17100 51.57600
24 6 20 10 27 8425.80000 5.61900000 214.30000 38.41000 15.17100 51.57600
24 6 20 10 27 8425.70000 5.61900000 214.29000 38.40000 15.17100 51.57600
24 6 20 10 28 8425.70000 5.61900000 214.30000 38.40000 15.17100 51.49000
24 6 20 10 28 8425.70000 5.61900000 214.30000 38.40000 15.17100 51.49000
24 6 20 10 29 8425.80000 5.61900000 214.10000 38.40000 15.17100 51.49000
24 6 20 10 29 8425.70000 5.61900000 213.58000 38.32000 15.17100 51.49000
24 6 20 10 30 8425.80000 5.61900000 213.60000 38.34000 15.17100 51.49000
24 6 20 10 30 8425.80000 5.61900000 213.51000 38.34000 15.17100 51.49000
24 6 20 10 31 8425.80000 5.61900000 213.52000 38.34000 15.17100 51.28000
24 6 20 10 31 8425.70000 5.61900000 213.51000 38.34000 15.17100 51.28000
24 6 20 10 32 8425.80000 5.61900000 213.54000 38.34000 15.12900 51.28000
24 6 20 10 32 8425.80000 5.61900000 213.54000 38.31000 15.12900 51.28000
24 6 20 10 33 8425.70000 5.61900000 213.54000 38.31000 15.12900 51.28000
24 6 20 10 33 8425.80000 5.61900000 213.74000 38.37000 15.12900 51.28000
24 6 20 10 34 8430.80000 5.61900000 213.87000 38.37000 15.12900 51.28000
24 6 20 10 34 8431.40000 5.61900000 213.65000 38.36000 15.13600 51.28000
24 6 20 10 35 8431.30000 5.61900000 213.64000 38.36000 15.13600 51.28000
24 6 20 10 35 8431.40000 5.61900000 213.61000 38.37000 15.13600 51.28000
24 6 20 10 36 8425.90000 5.61900000 213.25000 38.38000 15.13600 51.06400
24 6 20 10 36 8422.40000 5.61900000 212.73000 38.29000 15.10000 51.06400
24 6 20 10 37 8421.60000 5.61000000 212.79000 38.29000 15.10000 51.06400
24 6 20 10 37 8418.30000 5.61000000 212.59000 38.38000 15.04800 51.06400
24 6 20 10 38 8394.40000 5.61900000 211.77000 38.18000 15.05400 50.76500
24 6 20 10 38 8316.50000 5.55000000 210.65000 37.99000 15.01000 50.48000
24 6 20 10 39 8306.70000 5.55000000 211.10000 37.95000 15.00000 50.41900
24 6 20 10 40 8300.00000 5.55000000 210.60000 37.95000 15.00000 50.41900
24 6 20 10 40 8302.10000 5.54000000 210.77000 37.89000 15.00000 50.41900
24 6 20 10 41 8308.00000 5.55000000 211.00000 37.95000 15.00000 50.41900
24 6 20 10 42 8310.20000 5.54000000 211.00000 37.89000 15.00000 50.41900
24 6 20 10 42 8318.90000 5.55000000 211.64000 38.03000 15.00000 50.49500
24 6 20 10 43 8322.60000 5.54000000 211.80000 38.03000 15.00000 50.49500
24 6 20 10 43 8320.10000 5.54000000 211.54000 38.03000 15.00000 50.41900
24 6 20 10 44 8322.70000 5.54000000 211.65000 38.03000 15.00000 50.49500
24 6 20 10 44 8320.70000 5.54000000 211.51000 38.03000 15.00000 50.49500
24 6 20 10 45 8318.40000 5.54000000 211.66000 38.04000 15.00000 50.49500
24 6 20 10 45 8310.00000 5.54000000 211.52000 38.02000 15.00000 50.84300
24 6 20 10 46 8316.80000 5.54000000 211.54000 38.02000 15.00000 50.84300
24 6 20 10 46 8316.80000 5.55000000 211.55000 38.02000 15.00000 50.84300
24 6 20 10 47 8316.80000 5.54000000 211.74000 38.02000 14.99300 50.84300
24 6 20 10 47 8318.20000 5.54000000 211.73000 38.02000 14.99300 50.84300
24 6 20 10 48 8318.90000 5.54000000 211.84000 38.07000 14.97100 50.49500
24 6 20 10 48 8316.00000 5.54000000 211.89000 38.05000 14.97100 50.49500
24 6 20 10 49 8316.00000 5.54000000 211.79000 38.08000 14.97100 50.74000
24 6 20 10 49 8316.00000 5.55000000 211.79000 38.08000 14.97100 50.74000
24 6 20 10 50 8316.00000 5.54000000 211.97000 38.08000 14.97500 50.74000
24 6 20 10 50 8313.00000 5.55000000 211.90000 38.08000 15.02700 50.74000
24 6 20 10 51 8305.40000 5.54000000 211.57000 38.08000 15.02700 50.83100
24 6 20 10 51 8305.30000 5.54000000 211.56000 38.05000 15.03200 50.83100
24 6 20 10 52 8305.30000 5.54000000 211.56000 38.05000 15.03200 50.83100
24 6 20 10 52 8305.30000 5.54000000 211.56000 38.05000 15.03200 50.83100
24 6 20 10 53 8300.00000 5.55000000 211.51000 38.05000 15.03200 50.83100
24 6 20 10 53 8299.90000 5.54000000 211.50000 38.05000 15.03200 50.62000
24 6 20 10 53 8295.20000 5.55000000 211.35000 38.04000 15.03200 50.63400
24 6 20 10 54 8299.70000 5.56400000 211.23000 38.04000 14.97800 50.63400
24 6 20 10 54 8299.50000 5.56400000 211.36000 38.04000 14.94200 50.61900
