M=[
31 1 21 08 16 27862.80000 6.21500000 1115.82000 108.72000 16.76900 69.98200
31 1 21 08 17 27900.00000 6.21500000 1115.98000 108.72000 16.76900 69.98200
31 1 21 08 17 27900.00000 6.21500000 1116.22000 108.80000 16.76900 69.98200
31 1 21 08 18 27883.10000 6.21500000 1115.91000 108.80000 16.61800 69.98200
31 1 21 08 18 27889.60000 6.21500000 1115.91000 108.75000 16.75300 69.89700
31 1 21 08 18 27901.50000 6.21500000 1116.16000 108.74000 16.75300 69.89700
31 1 21 08 19 27901.80000 6.21500000 1115.95000 108.74000 16.75300 69.89700
31 1 21 08 19 27909.20000 6.21500000 1115.95000 108.64000 16.75300 69.89700
31 1 21 08 20 27905.40000 6.21500000 1116.48000 108.64000 16.75300 69.89700
31 1 21 08 20 27889.60000 6.21500000 1116.39000 108.54000 16.75300 69.89700
31 1 21 08 21 27881.40000 6.21500000 1116.77000 108.54000 16.75300 69.89700
31 1 21 08 21 27889.80000 6.21500000 1116.67000 108.54000 16.75300 69.89700
31 1 21 08 21 27875.00000 6.21500000 1116.34000 108.67000 16.75300 69.89700
31 1 21 08 22 27869.00000 6.21500000 1116.33000 108.66000 16.75300 69.89700
31 1 21 08 22 27874.30000 6.21500000 1115.98000 108.66000 16.75300 69.89700
31 1 21 08 23 27880.00000 6.21500000 1115.96000 108.66000 16.75300 69.89700
31 1 21 08 23 27864.20000 6.16500000 1115.96000 108.55000 16.75300 69.89700
31 1 21 08 24 27879.00000 6.16500000 1115.88000 108.55000 16.75300 69.89700
31 1 21 08 24 27880.00000 6.16500000 1115.67000 108.59000 16.75300 69.89000
31 1 21 08 24 27884.10000 6.16500000 1115.93000 108.59000 16.75300 69.89000
31 1 21 08 25 27867.00000 6.16500000 1115.93000 108.58000 16.75300 69.89000
31 1 21 08 25 27871.40000 6.18900000 1116.30000 108.58000 16.75300 69.89000
31 1 21 08 26 27857.90000 6.18900000 1115.66000 108.58000 16.75300 69.89000
31 1 21 08 26 27850.30000 6.18900000 1115.67000 108.56000 16.75300 69.89000
31 1 21 08 27 27846.90000 6.18300000 1115.61000 108.56000 16.75300 69.89000
31 1 21 08 27 27846.10000 6.18300000 1115.61000 108.45000 16.75300 69.89000
31 1 21 08 27 27869.70000 6.18500000 1114.82000 108.42000 16.75300 69.89000
31 1 21 08 28 27837.30000 6.18500000 1114.82000 108.44000 16.93800 69.89000
31 1 21 08 28 27844.70000 6.17500000 1113.92000 108.44000 16.93800 69.89000
31 1 21 08 29 27843.00000 6.17500000 1114.57000 108.45000 16.93800 69.89000
31 1 21 08 29 27865.30000 6.17500000 1114.58000 108.45000 16.93800 69.89000
31 1 21 08 30 27855.80000 6.17500000 1114.80000 108.44000 16.93800 69.89000
31 1 21 08 30 27838.50000 6.17500000 1113.94000 108.36000 16.59300 69.89000
31 1 21 08 30 27837.00000 6.17500000 1114.38000 108.36000 16.73600 69.89000
31 1 21 08 31 27832.20000 6.17500000 1114.00000 108.33000 16.73600 69.89000
31 1 21 08 31 27851.20000 6.17500000 1114.36000 108.36000 16.71900 69.89000
31 1 21 08 32 27851.10000 6.17500000 1114.45000 108.36000 16.70300 69.89000
31 1 21 08 32 27866.30000 6.17500000 1114.44000 108.36000 16.70300 69.89000
31 1 21 08 33 27867.60000 6.17500000 1114.81000 108.37000 16.68800 69.89000
31 1 21 08 33 27840.30000 6.17500000 1114.77000 108.32000 16.68800 69.89000
31 1 21 08 33 27855.60000 6.17500000 1114.69000 108.32000 16.68800 69.89000
31 1 21 08 34 27836.90000 6.17500000 1114.26000 108.32000 16.67200 69.62600
31 1 21 08 34 27828.30000 6.17500000 1114.26000 108.32000 16.65500 69.62600
31 1 21 08 35 27835.30000 6.17500000 1114.25000 108.32000 16.79000 69.62600
31 1 21 08 35 27830.10000 6.17500000 1114.25000 108.32000 16.79000 69.62600
31 1 21 08 36 27828.30000 6.17500000 1114.22000 108.28000 16.79000 69.62600
31 1 21 08 36 27828.40000 6.17500000 1113.58000 108.23000 16.79000 69.62600
31 1 21 08 36 27818.40000 6.17500000 1113.58000 108.23000 16.63400 69.62600
31 1 21 08 37 27827.50000 6.17500000 1113.58000 108.23000 16.62300 69.54900
31 1 21 08 37 27841.90000 6.17500000 1114.13000 108.34000 16.62300 69.54900
31 1 21 08 38 27820.00000 6.17500000 1114.13000 108.34000 16.62300 69.54900
31 1 21 08 38 27800.10000 6.17500000 1113.12000 108.15000 16.62300 69.54900
31 1 21 08 39 27800.00000 6.17500000 1112.87000 108.16000 16.62300 69.54900
31 1 21 08 39 27801.40000 6.17500000 1112.84000 108.16000 16.62300 69.54900
31 1 21 08 39 27790.10000 6.17500000 1111.85000 108.21000 16.62300 69.54900
31 1 21 08 40 27770.10000 6.17500000 1111.72000 108.04000 16.62300 69.54900
31 1 21 08 40 27733.10000 6.17500000 1111.00000 108.03000 16.62300 69.54900
31 1 21 08 41 27733.00000 6.14500000 1110.70000 108.01000 16.62300 69.54900
31 1 21 08 41 27712.70000 6.14500000 1110.73000 108.01000 16.62300 69.54900
31 1 21 08 42 27701.30000 6.14500000 1110.98000 108.00000 16.62300 69.54900
31 1 21 08 42 27767.80000 6.14500000 1111.48000 108.00000 16.62300 69.51900
31 1 21 08 42 27770.60000 6.14500000 1111.76000 108.12000 16.62300 69.51900
31 1 21 08 43 27780.00000 6.14500000 1112.42000 108.18000 16.62300 69.51900
31 1 21 08 43 27839.80000 6.14500000 1113.37000 108.12000 16.62300 69.51900
31 1 21 08 44 27841.50000 6.14500000 1114.99000 108.12000 16.62300 69.51900
31 1 21 08 44 27820.70000 6.14500000 1113.37000 108.26000 16.62300 69.51900
31 1 21 08 45 27759.60000 6.15000000 1112.04000 108.26000 16.62300 69.51900
31 1 21 08 45 27733.00000 6.15000000 1112.00000 108.00000 16.62300 69.51900
31 1 21 08 45 27715.90000 6.15000000 1111.01000 107.84000 16.62300 69.51900
31 1 21 08 46 27726.50000 6.15000000 1110.70000 107.87000 16.62300 69.51900
31 1 21 08 46 27735.10000 6.15000000 1111.73000 107.87000 16.70000 69.51900
31 1 21 08 47 27700.00000 6.15000000 1110.00000 107.99000 16.70000 69.51900
31 1 21 08 47 27684.20000 6.15000000 1110.67000 107.99000 16.70000 69.51900
31 1 21 08 48 27684.30000 6.15000000 1111.12000 107.99000 16.70000 69.51900
31 1 21 08 48 27702.40000 6.15000000 1111.44000 107.99000 16.70000 69.29500
31 1 21 08 48 27686.10000 6.15000000 1110.94000 107.90000 16.70000 69.29500
31 1 21 08 49 27701.50000 6.15000000 1111.17000 107.90000 16.70000 69.29500
31 1 21 08 49 27694.50000 6.15000000 1110.83000 107.83000 16.70000 69.29500
31 1 21 08 50 27694.40000 6.15000000 1110.78000 107.83000 16.70000 69.29500
31 1 21 08 50 27712.20000 6.15000000 1110.78000 107.88000 16.70000 69.29500
31 1 21 08 51 27661.50000 6.15000000 1111.16000 107.89000 16.70000 69.29500
31 1 21 08 51 27679.10000 6.15000000 1111.52000 107.89000 16.70000 69.29500
31 1 21 08 51 27678.80000 6.15000000 1111.53000 108.01000 16.70000 69.29500
31 1 21 08 52 27661.70000 6.15000000 1111.01000 108.00000 16.70000 69.29500
31 1 21 08 52 27661.70000 6.15000000 1111.38000 108.00000 16.70000 69.29500
31 1 21 08 53 27678.50000 6.15000000 1111.00000 107.95000 16.70000 69.29500
31 1 21 08 53 27688.80000 6.15000000 1111.67000 107.97000 16.70000 69.29500
31 1 21 08 54 27676.00000 6.15000000 1111.27000 108.04000 16.70000 69.29500
31 1 21 08 54 27675.90000 6.15000000 1111.08000 107.99000 16.70000 69.51200
31 1 21 08 54 27664.50000 6.15000000 1111.05000 107.99000 16.70000 69.51200
31 1 21 08 55 27662.00000 6.15000000 1111.05000 107.99000 16.70000 69.51200
31 1 21 08 55 27661.60000 6.15000000 1111.15000 108.00000 16.70000 69.51200
31 1 21 08 56 27666.70000 6.15000000 1111.30000 108.00000 16.70000 69.51200
31 1 21 08 56 27687.80000 6.15000000 1111.30000 108.14000 16.70000 69.51200
31 1 21 08 57 27677.70000 6.15900000 1111.40000 108.14000 16.70000 69.44800
31 1 21 08 57 27709.60000 6.15900000 1112.51000 108.16000 16.70000 69.44800
31 1 21 08 57 27702.70000 6.15900000 1112.00000 108.16000 16.70000 69.44800
31 1 21 08 58 27679.50000 6.15900000 1111.78000 108.15000 16.70000 69.44800
31 1 21 08 58 27701.70000 6.15900000 1111.77000 108.15000 16.70000 69.44800
31 1 21 08 59 27690.50000 6.15900000 1111.64000 108.15000 16.70000 69.44800
31 1 21 08 59 27715.00000 6.15900000 1111.86000 108.09000 16.70000 69.44800
31 1 21 09 00 27714.90000 6.15900000 1112.00000 108.09000 16.70000 69.44800
31 1 21 09 00 27697.90000 6.15900000 1111.42000 108.09000 16.52400 69.44800
31 1 21 09 00 27691.20000 6.15900000 1111.32000 108.09000 16.52400 69.44800
31 1 21 09 01 27715.00000 6.15900000 1111.55000 108.12000 16.68000 69.44800
