M=[
13 5 20 06 55 8216.20000 5.63000000 175.82000 38.94000 11.85000 38.75600
13 5 20 06 55 8220.00000 5.63000000 175.81000 38.94000 11.85000 38.75600
13 5 20 06 56 8222.00000 5.63000000 175.75000 39.07000 11.85000 38.75600
13 5 20 06 56 8222.00000 5.63000000 175.75000 38.94000 11.85000 38.75600
13 5 20 06 57 8222.00000 5.63000000 175.81000 39.10000 11.85000 38.75600
13 5 20 06 57 8222.00000 5.63000000 175.90000 39.10000 11.85000 38.75600
13 5 20 06 58 8220.90000 5.63000000 175.89000 39.07000 11.85000 38.75600
13 5 20 06 58 8222.00000 5.63000000 175.89000 39.09000 11.85000 38.75600
13 5 20 06 59 8222.00000 5.63000000 175.89000 39.07000 11.85000 38.75600
13 5 20 06 59 8221.90000 5.63000000 175.79000 39.07000 11.85000 38.75600
13 5 20 07 00 8220.20000 5.62900000 175.79000 39.07000 11.85000 38.75600
13 5 20 07 01 8222.20000 5.62900000 175.86000 39.07000 11.85000 38.75600
13 5 20 07 01 8229.90000 5.62900000 175.86000 39.07000 11.85000 38.75600
13 5 20 07 02 8230.60000 5.62900000 175.86000 39.10000 11.85000 38.75600
13 5 20 07 03 8233.30000 5.62900000 175.91000 39.10000 11.85000 38.66000
13 5 20 07 03 8233.30000 5.62900000 175.86000 39.11000 11.85000 38.75600
13 5 20 07 03 8233.40000 5.62900000 175.96000 39.11000 11.85000 38.48800
13 5 20 07 04 8227.00000 5.62900000 175.73000 39.07000 11.85000 38.75600
13 5 20 07 04 8224.60000 5.62900000 175.83000 39.11000 11.80000 38.75600
13 5 20 07 05 8224.60000 5.62900000 175.87000 39.05000 11.80000 38.75600
13 5 20 07 05 8226.90000 5.62900000 175.87000 39.05000 11.80000 38.75600
13 5 20 07 06 8226.90000 5.63000000 175.87000 39.05000 11.80000 38.75600
13 5 20 07 06 8224.10000 5.62900000 175.87000 39.05000 11.80000 38.75600
13 5 20 07 07 8224.10000 5.62900000 175.87000 39.05000 11.80000 38.75600
13 5 20 07 07 8224.10000 5.62900000 175.87000 39.05000 11.80000 38.75600
13 5 20 07 07 8224.10000 5.62900000 175.87000 39.05000 11.80000 38.75600
13 5 20 07 08 8224.10000 5.62900000 175.70000 39.05000 11.84700 38.66000
13 5 20 07 08 8216.80000 5.62900000 175.70000 39.07000 11.84700 38.75600
13 5 20 07 09 8219.70000 5.62900000 175.70000 39.07000 11.84700 38.75600
13 5 20 07 09 8218.40000 5.62900000 175.69000 39.07000 11.84700 38.75600
13 5 20 07 10 8217.20000 5.62900000 175.73000 39.07000 11.84800 38.75600
13 5 20 07 10 8217.00000 5.62900000 175.73000 39.07000 11.84800 38.66000
13 5 20 07 11 8216.90000 5.62900000 175.73000 39.07000 11.84800 38.75600
13 5 20 07 11 8217.00000 5.62900000 175.73000 39.06000 11.84800 38.75600
13 5 20 07 11 8217.00000 5.62900000 175.70000 39.06000 11.84800 38.75600
13 5 20 07 12 8217.00000 5.62900000 175.70000 39.06000 11.84800 38.75600
13 5 20 07 12 8217.00000 5.62900000 175.70000 39.06000 11.84800 38.75600
13 5 20 07 13 8215.90000 5.62900000 175.70000 39.06000 11.84800 38.75600
13 5 20 07 13 8216.10000 5.62900000 175.72000 39.06000 11.84800 38.75600
13 5 20 07 14 8216.10000 5.62900000 175.74000 39.06000 11.84800 38.75600
13 5 20 07 14 8215.20000 5.63000000 175.73000 39.06000 11.84800 38.75600
13 5 20 07 15 8218.40000 5.62900000 175.73000 39.06000 11.84800 38.75600
13 5 20 07 15 8217.60000 5.62900000 175.78000 39.06000 11.84800 38.75600
13 5 20 07 17 8210.10000 5.64100000 175.70000 39.08000 11.89400 38.75600
13 5 20 07 17 8210.00000 5.64100000 175.71000 39.06000 11.89400 38.75600
13 5 20 07 18 8216.00000 5.64100000 175.71000 39.06000 11.89400 38.75600
13 5 20 07 19 8207.20000 5.61500000 175.68000 39.06000 11.89400 38.72600
13 5 20 07 20 8198.60000 5.61500000 175.62000 39.06000 11.84800 38.72600
13 5 20 07 21 8205.30000 5.61500000 175.69000 39.06000 11.88100 38.72600
13 5 20 07 21 8204.90000 5.60800000 175.69000 39.01000 11.88100 38.72600
13 5 20 07 22 8202.80000 5.60800000 175.69000 39.01000 11.88100 38.72600
13 5 20 07 22 8203.80000 5.60800000 175.66000 39.01000 11.88100 38.72600
13 5 20 07 23 8206.60000 5.60800000 175.63000 39.05000 11.84800 38.72600
13 5 20 07 25 8205.60000 5.60800000 175.62000 39.04000 11.88000 38.72600
13 5 20 07 25 8204.60000 5.60800000 175.45000 39.04000 11.88000 38.72600
13 5 20 07 26 8203.20000 5.62600000 175.52000 39.03000 11.94700 38.72600
13 5 20 07 27 8203.20000 5.62600000 175.52000 39.03000 11.94700 38.66000
13 5 20 07 27 8206.80000 5.62600000 175.52000 39.03000 11.94700 38.72600
13 5 20 07 28 8205.30000 5.62600000 175.60000 39.03000 11.94700 38.72600
13 5 20 07 28 8207.70000 5.61500000 175.60000 39.00000 11.95400 38.72600
13 5 20 07 29 8210.30000 5.62600000 175.59000 39.00000 11.95400 38.72600
13 5 20 07 29 8211.90000 5.62600000 175.56000 39.00000 11.95400 38.72600
13 5 20 07 30 8209.40000 5.63000000 175.56000 39.00000 11.95400 38.72600
13 5 20 07 30 8204.00000 5.63000000 175.60000 39.03000 11.95300 38.72600
13 5 20 07 31 8205.20000 5.63000000 175.54000 39.00000 11.95300 38.72600
13 5 20 07 31 8198.00000 5.63000000 175.48000 39.00000 11.95300 38.72600
13 5 20 07 32 8196.10000 5.63000000 175.42000 39.00000 11.95300 38.72600
13 5 20 07 32 8195.40000 5.63000000 175.49000 39.00000 11.95300 38.72600
13 5 20 07 33 8201.70000 5.63000000 175.55000 39.00000 11.95300 38.72600
13 5 20 07 33 8200.90000 5.63000000 175.49000 39.00000 11.95300 38.72600
13 5 20 07 34 8199.00000 5.63000000 175.58000 39.00000 11.95300 38.72600
13 5 20 07 34 8193.20000 5.62600000 175.56000 39.00000 11.95300 38.72600
13 5 20 07 35 8193.20000 5.63000000 175.55000 39.00000 11.95300 38.72600
13 5 20 07 35 8186.90000 5.63000000 175.39000 39.00000 11.95300 38.72600
13 5 20 07 36 8187.20000 5.63000000 175.36000 39.00000 11.95300 38.72600
13 5 20 07 36 8192.00000 5.63000000 175.45000 39.00000 11.95300 38.72600
13 5 20 07 37 8197.50000 5.63000000 175.45000 38.98000 11.95300 38.72600
13 5 20 07 37 8194.90000 5.63000000 175.54000 38.98000 11.88000 38.72600
13 5 20 07 37 8195.10000 5.63000000 175.54000 38.98000 11.95300 38.66000
13 5 20 07 38 8198.20000 5.63000000 175.51000 38.98000 11.95300 38.72600
13 5 20 07 38 8200.10000 5.63000000 175.51000 38.98000 11.96000 38.72600
13 5 20 07 39 8203.90000 5.63000000 175.60000 38.96000 11.96000 38.72600
13 5 20 07 40 8203.40000 5.63000000 175.62000 38.96000 11.96000 38.72600
13 5 20 07 42 8203.10000 5.63000000 175.60000 38.96000 12.07800 38.62100
13 5 20 07 42 8202.80000 5.63000000 175.49000 38.96000 12.11000 38.62100
13 5 20 07 44 8202.40000 5.63000000 175.62000 39.00000 12.11000 38.62100
13 5 20 07 44 8202.50000 5.63000000 175.60000 39.00000 12.11000 38.62100
13 5 20 07 45 8204.30000 5.63000000 175.61000 39.00000 12.11000 38.62100
13 5 20 07 45 8207.80000 5.63000000 175.61000 38.98000 12.11000 38.62100
13 5 20 07 46 8212.30000 5.63000000 175.65000 39.00000 12.07800 38.62100
13 5 20 07 47 8212.40000 5.63000000 175.70000 39.02000 12.11000 38.62100
13 5 20 07 47 8211.90000 5.63000000 175.70000 39.02000 12.11000 38.62100
13 5 20 07 48 8216.50000 5.63000000 175.70000 39.02000 12.17100 38.62100
13 5 20 07 48 8215.10000 5.63000000 175.70000 38.96000 12.22300 38.62100
13 5 20 07 49 8215.80000 5.63000000 175.70000 39.02000 12.17100 38.62100
13 5 20 07 49 8214.90000 5.63000000 175.70000 38.96000 12.22300 38.62100
13 5 20 07 50 8213.80000 5.63000000 175.59000 38.99000 12.22300 38.62100
13 5 20 07 51 8213.00000 5.63000000 175.63000 38.99000 12.17100 38.62100
13 5 20 07 52 8210.00000 5.63000000 175.63000 38.99000 12.22300 38.72600
13 5 20 07 52 8210.00000 5.62600000 175.50000 38.99000 12.16400 38.62100
13 5 20 07 53 8210.00000 5.63000000 175.60000 38.99000 12.14100 38.62100
13 5 20 07 53 8209.90000 5.63000000 175.60000 38.99000 12.14100 38.62100
13 5 20 07 54 8209.90000 5.63000000 175.58000 38.99000 12.14100 38.62100
13 5 20 07 54 8210.00000 5.63000000 175.58000 38.99000 12.14100 38.72600
13 5 20 07 55 8210.00000 5.62600000 175.58000 38.99000 12.14300 38.62100
13 5 20 07 55 8210.00000 5.62600000 175.59000 38.99000 12.14000 38.62100
13 5 20 07 55 8209.90000 5.63000000 175.58000 38.99000 12.17300 38.62100
13 5 20 07 56 8210.00000 5.63000000 175.47000 38.94000 12.12700 38.72600
13 5 20 07 56 8209.80000 5.63000000 175.47000 38.94000 12.12700 38.62100
