M=[
31 7 21 19 52 34816.60000 42.52100000 2069.18000 120.59000 22.57200 93.20000
31 7 21 19 53 34817.30000 42.52100000 2068.32000 120.59000 22.57200 93.20000
31 7 21 19 53 34831.20000 42.52100000 2068.62000 120.59000 22.57200 93.20000
31 7 21 19 54 34818.50000 42.52100000 2068.62000 120.59000 22.57200 93.20000
31 7 21 19 54 34824.20000 42.52100000 2068.99000 120.52000 22.57200 93.20000
31 7 21 19 55 34823.40000 42.52100000 2068.99000 120.52000 22.57200 93.20000
31 7 21 19 55 34823.50000 42.52100000 2070.90000 120.52000 22.57200 93.20000
31 7 21 19 55 34826.20000 42.52100000 2071.87000 120.65000 22.57200 93.20000
31 7 21 19 56 34837.70000 42.52100000 2071.67000 120.65000 22.57200 93.20000
31 7 21 19 56 34825.40000 42.52100000 2069.94000 120.65000 22.57200 93.20000
31 7 21 19 57 34825.30000 42.52100000 2069.93000 120.59000 22.57200 93.20000
31 7 21 19 57 34825.90000 42.52100000 2069.93000 120.59000 22.57200 93.20000
31 7 21 19 58 34829.00000 42.52100000 2069.93000 120.59000 22.57200 93.20000
31 7 21 19 58 34828.90000 42.52100000 2069.93000 120.59000 22.57200 93.20000
31 7 21 19 59 34829.00000 42.52100000 2071.29000 120.60000 22.57200 93.20000
31 7 21 19 59 34838.60000 42.52100000 2071.74000 120.60000 22.57200 93.20000
31 7 21 19 59 34840.30000 42.52100000 2071.88000 120.60000 22.57200 93.20000
31 7 21 20 00 34824.80000 42.52100000 2071.00000 120.57000 22.57200 93.20000
31 7 21 20 00 34820.70000 42.52100000 2070.52000 120.53000 22.57200 93.26800
31 7 21 20 01 34820.80000 42.52100000 2070.52000 120.53000 22.57200 93.26800
31 7 21 20 01 34820.00000 42.52100000 2069.77000 120.53000 22.57200 93.26800
31 7 21 20 02 34820.00000 42.52100000 2069.45000 120.53000 22.57200 93.26800
31 7 21 20 02 34810.00000 42.52100000 2069.45000 120.53000 22.57200 93.26800
31 7 21 20 02 34810.10000 42.52100000 2069.45000 120.52000 22.57200 93.26800
31 7 21 20 03 34810.10000 42.52100000 2069.45000 120.52000 22.57200 93.26800
31 7 21 20 03 34816.50000 42.52100000 2069.45000 120.56000 22.57200 93.26800
31 7 21 20 04 34816.50000 42.52100000 2070.00000 120.56000 22.57200 93.26800
31 7 21 20 04 34816.50000 42.52100000 2070.00000 120.56000 22.57200 93.26800
31 7 21 20 05 34810.10000 42.52100000 2069.63000 120.56000 22.57200 93.26800
31 7 21 20 05 34795.80000 42.52100000 2069.63000 120.53000 22.57200 93.26800
31 7 21 20 05 34795.90000 42.52100000 2069.63000 120.53000 22.57200 93.26800
31 7 21 20 06 34791.30000 42.52100000 2068.00000 120.47000 22.57200 93.19000
31 7 21 20 06 34796.30000 42.52100000 2068.00000 120.47000 22.57200 93.19000
31 7 21 20 07 34790.10000 42.52100000 2065.67000 120.47000 22.57200 93.19000
31 7 21 20 07 34790.20000 42.52100000 2065.67000 120.47000 22.57200 93.19000
31 7 21 20 08 34795.50000 42.52100000 2066.07000 120.47000 22.57200 93.19000
31 7 21 20 08 34795.50000 42.52100000 2064.35000 120.41000 22.57200 93.19000
31 7 21 20 08 34791.70000 42.52100000 2065.32000 120.41000 22.57200 93.19000
31 7 21 20 09 34777.70000 42.52100000 2065.32000 120.41000 22.57200 93.17000
31 7 21 20 09 34780.10000 42.52100000 2065.32000 120.41000 22.57200 93.17000
31 7 21 20 10 34778.90000 42.52100000 2065.50000 120.41000 22.57200 93.17000
31 7 21 20 10 34778.90000 42.52100000 2065.50000 120.41000 22.61500 93.17000
31 7 21 20 11 34778.90000 42.52100000 2065.50000 120.41000 22.61500 93.06400
31 7 21 20 11 34768.60000 42.52100000 2065.50000 120.41000 22.61500 93.06400
31 7 21 20 11 34768.70000 42.52100000 2065.50000 120.28000 22.61500 93.06400
31 7 21 20 12 34768.70000 42.52100000 2062.89000 120.28000 22.61500 93.06400
31 7 21 20 12 34768.60000 42.52100000 2062.89000 120.28000 22.61500 93.06400
31 7 21 20 13 34765.10000 42.52100000 2062.27000 120.26000 22.61500 93.06400
31 7 21 20 13 34765.10000 42.52100000 2062.87000 120.27000 22.61500 93.06400
31 7 21 20 14 34765.10000 42.52100000 2063.50000 120.28000 22.61500 93.06400
31 7 21 20 14 34752.80000 42.52100000 2063.34000 120.28000 22.61500 93.06400
31 7 21 20 15 34746.30000 42.52100000 2063.49000 120.28000 22.61500 93.06400
31 7 21 20 15 34738.30000 42.52100000 2062.11000 120.28000 22.61500 93.06400
31 7 21 20 15 34725.30000 42.52100000 2062.20000 120.28000 22.61500 93.06400
31 7 21 20 16 34727.60000 42.52100000 2062.88000 120.27000 22.61500 93.06400
31 7 21 20 16 34726.40000 42.52100000 2062.69000 120.27000 22.61500 93.07900
31 7 21 20 17 34767.80000 42.52100000 2064.11000 120.27000 22.61500 93.07900
31 7 21 20 17 34768.50000 42.52100000 2064.77000 120.27000 22.61500 93.07900
31 7 21 20 18 34768.60000 42.52100000 2064.77000 120.27000 22.61500 93.07900
31 7 21 20 18 34768.60000 42.50900000 2066.79000 120.27000 22.61500 93.07900
31 7 21 20 18 34768.60000 42.50900000 2066.80000 120.27000 22.61500 93.07900
31 7 21 20 19 34770.00000 42.50900000 2066.88000 120.32000 22.61500 93.07900
31 7 21 20 19 34770.40000 42.50900000 2066.88000 120.38000 22.61500 93.07900
31 7 21 20 20 34780.20000 42.50900000 2066.88000 120.42000 22.61500 93.07900
31 7 21 20 20 34788.80000 42.50900000 2067.19000 120.40000 22.61500 93.07900
31 7 21 20 21 34791.40000 42.50900000 2067.19000 120.40000 22.61500 93.07900
31 7 21 20 21 34802.70000 42.50900000 2068.32000 120.40000 22.61500 93.07900
31 7 21 20 21 34800.00000 42.50900000 2068.32000 120.40000 22.61500 93.07900
31 7 21 20 22 34788.80000 42.50900000 2068.33000 120.40000 22.61500 93.07900
31 7 21 20 22 34803.60000 42.50900000 2068.78000 120.40000 22.61500 93.07900
31 7 21 20 23 34810.60000 42.50900000 2068.78000 120.40000 22.61500 93.07900
31 7 21 20 23 34800.10000 42.50900000 2068.33000 120.52000 22.61500 93.07900
31 7 21 20 24 34800.10000 42.50900000 2068.34000 120.48000 22.61500 93.07900
31 7 21 20 24 34807.30000 42.50900000 2069.90000 120.48000 22.61500 93.07900
31 7 21 20 24 34816.50000 42.50900000 2069.90000 120.48000 22.61500 93.07900
31 7 21 20 25 34802.60000 42.80400000 2069.90000 120.48000 22.61500 93.07900
31 7 21 20 25 34850.00000 42.82200000 2073.09000 120.48000 22.61500 93.07900
31 7 21 20 26 34861.30000 42.82200000 2074.51000 120.73000 22.61500 93.07900
31 7 21 20 26 34856.40000 42.82200000 2074.26000 120.71000 22.61500 93.07900
31 7 21 20 27 34854.80000 42.82600000 2074.03000 120.71000 22.61500 93.07900
31 7 21 20 27 34865.70000 42.82600000 2075.63000 120.75000 22.61500 93.07900
31 7 21 20 27 34862.10000 42.82600000 2075.63000 120.75000 22.61500 93.07900
31 7 21 20 28 34868.20000 42.82600000 2075.27000 120.75000 22.61500 93.07900
31 7 21 20 28 34871.60000 42.82600000 2076.22000 120.75000 22.66500 93.07900
31 7 21 20 29 34875.00000 42.82600000 2076.50000 120.75000 22.66500 93.07900
31 7 21 20 29 34887.30000 42.82600000 2078.01000 120.95000 22.66500 93.07900
31 7 21 20 30 34898.20000 42.82600000 2078.01000 120.96000 22.66500 93.07900
31 7 21 20 30 34904.20000 42.82600000 2078.01000 120.96000 22.66500 93.07900
31 7 21 20 30 34904.10000 42.82600000 2079.00000 120.94000 22.66500 93.07900
31 7 21 20 31 34904.10000 42.82600000 2079.42000 120.94000 22.66500 93.07900
31 7 21 20 31 34904.20000 42.82600000 2077.49000 120.94000 22.66500 93.07900
31 7 21 20 32 34904.20000 42.82600000 2077.77000 120.94000 22.66500 93.07900
31 7 21 20 32 34920.40000 42.82600000 2079.03000 120.98000 22.66500 93.07900
31 7 21 20 33 34920.40000 42.82600000 2079.03000 120.98000 22.66500 93.07900
31 7 21 20 33 34920.40000 42.82600000 2080.65000 121.00000 22.66500 93.07900
31 7 21 20 34 34971.80000 42.82600000 2085.08000 121.00000 22.66500 93.53500
31 7 21 20 34 34977.00000 42.82600000 2084.69000 121.00000 22.66500 93.53500
31 7 21 20 34 34977.00000 42.82600000 2083.64000 121.00000 22.66500 93.53500
31 7 21 20 35 34989.90000 42.82600000 2085.47000 121.00000 22.66500 93.53500
31 7 21 20 35 35040.30000 42.82600000 2090.00000 121.14000 22.66500 93.53500
31 7 21 20 36 35092.10000 42.82600000 2090.99000 121.24000 22.66500 93.69500
31 7 21 20 36 35110.00000 42.82600000 2091.00000 121.34000 22.66500 93.69500
31 7 21 20 37 35153.70000 43.00000000 2096.67000 121.49000 22.66500 93.73200
