M=[
25 9 20 05 22 9163.60000 4.93000000 294.99000 38.16000 12.37000 46.33100
25 9 20 05 22 9162.30000 4.93000000 294.99000 38.16000 12.37000 46.33100
25 9 20 05 22 9162.00000 4.93000000 294.86000 38.16000 12.37000 46.33100
25 9 20 05 23 9159.50000 4.93000000 294.58000 38.16000 12.37000 46.33100
25 9 20 05 23 9160.10000 4.93000000 294.58000 38.16000 12.37000 46.33100
25 9 20 05 24 9161.60000 4.93000000 294.58000 38.16000 12.37000 46.33100
25 9 20 05 24 9163.60000 4.93000000 294.58000 38.15000 12.37000 46.33100
25 9 20 05 25 9165.10000 4.93000000 294.58000 38.15000 12.37000 46.33100
25 9 20 05 25 9165.40000 4.93000000 294.58000 38.15000 12.37000 46.33100
25 9 20 05 25 9165.60000 4.93000000 294.99000 38.15000 12.37000 46.33100
25 9 20 05 26 9162.30000 4.93000000 294.99000 38.17000 12.37000 46.33100
25 9 20 05 26 9161.70000 4.93000000 294.79000 38.17000 12.37000 46.33100
25 9 20 05 27 9165.70000 4.93000000 294.79000 38.17000 12.37000 46.33100
25 9 20 05 27 9165.40000 4.93000000 294.79000 38.17000 12.37000 46.33100
25 9 20 05 28 9163.70000 4.93000000 294.79000 38.17000 12.37000 46.33100
25 9 20 05 28 9165.10000 4.93000000 294.79000 38.17000 12.37000 46.33100
25 9 20 05 28 9165.30000 4.93000000 294.72000 38.17000 12.37000 46.63200
25 9 20 05 29 9165.50000 4.93000000 294.72000 38.17000 12.37000 46.63200
25 9 20 05 29 9168.00000 4.93000000 295.00000 38.17000 12.37000 46.63200
25 9 20 05 30 9166.00000 4.93000000 294.99000 38.17000 12.37000 46.63200
25 9 20 05 30 9165.50000 4.93000000 294.89000 38.16000 12.37000 46.63200
25 9 20 05 31 9164.10000 4.93000000 294.69000 38.16000 12.37000 46.63200
25 9 20 05 31 9164.30000 4.93000000 294.96000 38.16000 12.37000 46.63200
25 9 20 05 32 9163.60000 4.93000000 294.99000 38.16000 12.37000 46.63200
25 9 20 05 32 9165.40000 4.93000000 294.99000 38.16000 12.37000 46.63200
25 9 20 05 32 9167.00000 4.93000000 294.99000 38.16000 12.37000 46.63200
25 9 20 05 33 9166.80000 4.93000000 295.04000 38.16000 12.37000 46.63200
25 9 20 05 33 9161.00000 4.93000000 295.04000 38.16000 12.37000 46.63200
25 9 20 05 34 9162.10000 4.93000000 295.04000 38.16000 12.37000 46.63200
25 9 20 05 34 9162.20000 4.93000000 295.04000 38.17000 12.37000 46.63200
25 9 20 05 35 9162.10000 4.93000000 295.06000 38.17000 12.37000 46.63200
25 9 20 05 35 9162.20000 4.93000000 295.06000 38.20000 12.37000 46.63200
25 9 20 05 35 9162.20000 4.96300000 295.34000 38.20000 12.37000 46.63200
25 9 20 05 36 9164.60000 4.96300000 295.24000 38.17000 12.37000 46.63200
25 9 20 05 36 9164.00000 4.96300000 295.24000 38.17000 12.37000 46.63200
25 9 20 05 37 9162.60000 4.96300000 295.16000 38.17000 12.37000 46.63200
25 9 20 05 37 9162.60000 4.96300000 295.16000 38.17000 12.37000 46.63200
25 9 20 05 38 9162.60000 4.96300000 295.06000 38.17000 12.37000 46.63200
25 9 20 05 38 9157.80000 4.96300000 294.95000 38.14000 12.37000 46.63200
25 9 20 05 38 9158.30000 4.96300000 294.95000 38.14000 12.37000 46.63200
25 9 20 05 39 9158.90000 4.96300000 294.95000 38.14000 12.37000 46.63200
25 9 20 05 39 9159.90000 4.96300000 294.95000 38.14000 12.37000 46.63200
25 9 20 05 40 9158.30000 4.96300000 294.95000 38.14000 12.37000 46.63200
25 9 20 05 40 9159.00000 4.96300000 294.95000 38.16000 12.37000 46.63200
25 9 20 05 41 9156.40000 4.96300000 294.63000 38.12000 12.37000 46.63200
25 9 20 05 41 9151.00000 4.96300000 294.51000 38.12000 12.37000 46.63200
25 9 20 05 41 9155.10000 4.96300000 294.51000 38.12000 12.37000 46.32800
25 9 20 05 42 9150.70000 4.96300000 294.51000 38.12000 12.37000 46.32800
25 9 20 05 42 9151.70000 4.96300000 294.51000 38.12000 12.37000 46.32800
25 9 20 05 43 9153.30000 4.92500000 295.01000 38.12000 12.37000 46.32800
25 9 20 05 43 9154.50000 4.92500000 295.00000 38.12000 12.37000 46.32800
25 9 20 05 44 9152.10000 4.92500000 295.00000 38.12000 12.37000 46.32800
25 9 20 05 44 9154.40000 4.92500000 295.08000 38.12000 12.37000 46.32800
25 9 20 05 44 9153.40000 4.92500000 294.63000 38.12000 12.37000 46.32800
25 9 20 05 45 9151.90000 4.92500000 294.63000 38.12000 12.37000 46.32800
25 9 20 05 45 9151.20000 4.92500000 294.63000 38.12000 12.37000 46.32800
25 9 20 05 46 9149.70000 4.92500000 294.13000 38.12000 12.37000 46.32800
25 9 20 05 46 9149.20000 4.92500000 294.13000 38.09000 12.37000 46.26500
25 9 20 05 47 9149.30000 4.92500000 294.13000 38.09000 12.37000 46.26500
25 9 20 05 47 9149.60000 4.92500000 293.93000 38.09000 12.37000 46.26500
25 9 20 05 47 9149.30000 4.92500000 293.97000 38.09000 12.37000 46.26500
25 9 20 05 48 9146.60000 4.92500000 293.81000 38.09000 12.37000 46.26500
25 9 20 05 48 9147.30000 4.92500000 293.72000 38.09000 12.37000 46.26500
25 9 20 05 49 9147.00000 4.92500000 293.67000 38.09000 12.37000 46.26500
25 9 20 05 49 9148.30000 4.92500000 293.75000 38.09000 12.37000 46.26500
25 9 20 05 50 9145.80000 4.92500000 293.60000 38.09000 12.37000 46.26500
25 9 20 05 50 9145.30000 4.92500000 293.39000 38.09000 12.37000 46.26500
25 9 20 05 50 9144.90000 4.92500000 293.00000 38.09000 12.37000 46.26500
25 9 20 05 51 9144.90000 4.92500000 292.93000 38.09000 12.37000 46.23700
25 9 20 05 51 9142.50000 4.95900000 293.00000 38.09000 12.37000 46.23700
25 9 20 05 52 9142.00000 4.95900000 293.00000 38.09000 12.37000 46.24000
25 9 20 05 52 9144.90000 4.95900000 292.92000 38.09000 12.37000 46.24500
25 9 20 05 53 9145.00000 4.95900000 293.08000 38.09000 12.37000 46.24500
25 9 20 05 53 9145.00000 4.95900000 292.94000 38.09000 12.37000 46.24500
25 9 20 05 53 9144.90000 4.95900000 292.96000 38.09000 12.37000 46.24500
25 9 20 05 54 9144.90000 4.95900000 292.96000 38.09000 12.37000 46.24500
25 9 20 05 54 9145.00000 4.95900000 292.96000 38.09000 12.37000 46.24500
25 9 20 05 55 9144.90000 4.95900000 292.97000 38.05000 12.37000 46.24500
25 9 20 05 55 9145.20000 4.95900000 293.03000 38.05000 12.37000 46.24500
25 9 20 05 56 9141.20000 4.95900000 292.76000 38.05000 12.37000 46.24500
25 9 20 05 56 9142.30000 4.95900000 292.76000 38.01000 12.37000 46.23200
25 9 20 05 57 9141.00000 4.95400000 292.83000 37.99000 12.37000 46.19400
25 9 20 05 57 9141.00000 4.95400000 292.83000 37.98000 12.37000 46.19400
25 9 20 05 57 9141.10000 4.95400000 292.81000 37.98000 12.37000 46.19400
25 9 20 05 58 9141.10000 4.95400000 292.40000 37.98000 12.37000 46.19400
25 9 20 05 58 9141.10000 4.95400000 292.40000 37.98000 12.37000 46.19400
25 9 20 05 59 9141.00000 4.95400000 292.37000 37.98000 12.37000 46.19400
25 9 20 05 59 9138.10000 4.95400000 292.45000 37.96000 12.37000 46.19400
25 9 20 06 00 9139.20000 4.95400000 292.25000 37.96000 12.37000 46.19400
25 9 20 06 00 9140.20000 4.95400000 292.49000 37.95000 12.37000 46.19400
25 9 20 06 00 9141.60000 4.95400000 292.30000 37.94000 12.37000 46.20000
25 9 20 06 01 9142.30000 4.95400000 292.50000 37.94000 12.37000 46.20000
25 9 20 06 01 9143.80000 4.95400000 292.50000 37.94000 12.37000 46.20000
25 9 20 06 02 9146.10000 4.95400000 292.94000 38.00000 12.37000 46.20000
25 9 20 06 02 9150.70000 4.92500000 292.94000 38.04000 12.37000 46.20000
25 9 20 06 03 9153.50000 4.90100000 292.94000 38.01000 12.37000 46.20000
25 9 20 06 03 9151.60000 4.90200000 292.82000 38.01000 12.37000 46.20000
25 9 20 06 04 9152.50000 4.90200000 293.23000 38.01000 12.37000 46.20000
25 9 20 06 04 9153.20000 4.90200000 293.23000 38.00000 12.37000 46.20000
25 9 20 06 05 9151.80000 4.90200000 293.02000 38.00000 12.37000 46.20000
25 9 20 06 05 9153.80000 4.90200000 293.09000 38.00000 12.37000 46.20000
25 9 20 06 05 9150.00000 4.90200000 293.09000 38.00000 12.37000 46.20000
25 9 20 06 06 9150.00000 4.90200000 293.09000 38.00000 12.37000 46.20000
25 9 20 06 06 9151.00000 4.90200000 293.09000 38.00000 12.37000 46.20000
25 9 20 06 07 9151.90000 4.90200000 293.09000 38.00000 12.37000 46.20000
25 9 20 06 07 9151.80000 4.90200000 293.09000 38.00000 12.37000 46.20000
25 9 20 06 08 9147.80000 4.90200000 293.09000 38.01000 12.37000 46.20000
25 9 20 06 08 9145.50000 4.90200000 292.48000 38.01000 12.37000 46.20000
25 9 20 06 08 9146.30000 4.90200000 292.69000 38.01000 12.37000 46.20000
