M=[
22 11 20 11 13 15207.40000 5.25600000 450.64000 69.94000 13.89400 56.86800
22 11 20 11 13 15210.00000 5.25600000 450.94000 69.94000 13.89400 56.86800
22 11 20 11 14 15225.00000 5.25600000 450.94000 70.01000 13.89400 56.86800
22 11 20 11 14 15223.40000 5.25600000 450.94000 70.01000 13.89400 56.86800
22 11 20 11 15 15219.80000 5.19700000 451.05000 70.01000 13.89400 56.89100
22 11 20 11 15 15228.90000 5.19700000 451.44000 70.01000 13.89400 56.89100
22 11 20 11 15 15230.00000 5.19700000 451.51000 70.10000 13.89400 56.89100
22 11 20 11 16 15242.20000 5.19700000 451.72000 69.99000 13.89400 56.89100
22 11 20 11 16 15241.10000 5.19700000 451.72000 70.05000 13.89400 56.89100
22 11 20 11 17 15264.80000 5.19700000 452.45000 70.15000 13.89400 56.89100
22 11 20 11 17 15248.20000 5.19500000 452.32000 70.11000 13.89400 56.89100
22 11 20 11 18 15215.00000 5.19500000 451.45000 70.09000 13.89400 56.89100
22 11 20 11 18 15203.30000 5.19500000 450.76000 69.91000 13.89400 56.89100
22 11 20 11 18 15203.30000 5.18400000 450.76000 69.91000 13.89400 56.89100
22 11 20 11 19 15202.50000 5.18400000 450.76000 69.88000 13.89000 56.95000
22 11 20 11 19 15200.10000 5.18400000 450.76000 69.98000 13.89000 56.95000
22 11 20 11 20 15179.90000 5.18400000 450.10000 69.78000 13.89000 56.95000
22 11 20 11 20 15170.20000 5.18400000 450.30000 69.87000 13.89000 56.95000
22 11 20 11 21 15158.60000 5.18400000 450.18000 69.89000 13.89000 56.95000
22 11 20 11 21 15142.60000 5.18400000 450.57000 69.89000 13.89000 56.95000
22 11 20 11 21 15150.00000 5.18400000 450.34000 69.89000 13.89000 56.95000
22 11 20 11 22 15132.60000 5.18400000 450.11000 69.86000 13.89000 56.95000
22 11 20 11 22 15146.80000 5.18400000 450.35000 69.92000 13.89000 56.68300
22 11 20 11 23 15099.50000 5.18400000 449.50000 69.86000 13.88900 56.68300
22 11 20 11 23 15139.60000 5.18000000 449.48000 69.91000 13.80300 56.66000
22 11 20 11 24 15149.90000 5.18000000 450.63000 70.18000 13.80300 56.66000
22 11 20 11 24 15158.80000 5.18000000 451.31000 70.18000 13.88900 56.66000
22 11 20 11 24 15150.90000 5.18000000 449.86000 70.05000 13.88900 56.66000
22 11 20 11 25 15143.80000 5.18000000 448.59000 70.01000 13.88900 56.66000
22 11 20 11 25 15129.40000 5.18000000 449.40000 69.92000 13.88900 56.66000
22 11 20 11 26 15136.40000 5.18000000 449.40000 69.95000 13.88900 56.66000
22 11 20 11 26 15122.30000 5.18000000 449.22000 69.88000 13.88900 56.66000
22 11 20 11 27 15129.80000 5.18000000 449.52000 69.88000 13.88900 56.66000
22 11 20 11 27 15141.50000 5.18000000 449.94000 69.97000 13.88900 56.66000
22 11 20 11 27 15126.40000 5.18000000 449.81000 69.92000 13.88900 56.66000
22 11 20 11 28 15125.50000 5.18000000 449.54000 69.92000 13.88900 56.66000
22 11 20 11 28 15120.10000 5.18000000 448.23000 69.77000 13.86400 56.61900
22 11 20 11 29 15111.80000 5.18000000 449.50000 69.71000 13.80300 56.74500
22 11 20 11 29 15112.20000 5.18000000 448.86000 69.77000 13.88900 56.74500
22 11 20 11 30 15100.00000 5.18000000 448.21000 69.74000 13.88900 56.74500
22 11 20 11 30 15105.00000 5.18000000 448.43000 69.68000 13.88900 56.74500
22 11 20 11 30 15119.70000 5.18000000 448.88000 69.91000 13.88900 56.63800
22 11 20 11 31 15098.80000 5.18000000 448.40000 69.84000 13.88900 56.63800
22 11 20 11 31 15094.30000 5.18000000 447.69000 69.73000 13.88900 56.63800
22 11 20 11 32 15073.60000 5.18000000 447.47000 69.72000 13.89000 56.63800
22 11 20 11 32 15068.30000 5.18000000 445.86000 69.41000 13.89000 56.55000
22 11 20 11 33 15058.30000 5.18000000 442.82000 69.27000 13.90000 56.55000
22 11 20 11 33 15039.30000 5.17500000 441.28000 69.17000 13.90000 56.55000
22 11 20 11 33 15040.70000 5.17500000 443.11000 69.17000 13.90000 56.42000
22 11 20 11 34 15034.40000 5.17500000 443.55000 69.00000 13.90000 56.12800
22 11 20 11 34 15009.00000 5.17500000 442.21000 68.75000 13.90000 55.94700
22 11 20 11 35 15005.00000 5.16800000 441.08000 68.98000 13.90500 56.05000
22 11 20 11 35 14960.70000 5.16800000 440.25000 68.51000 13.90500 55.88000
22 11 20 11 36 14945.70000 5.14500000 440.34000 68.59000 13.90500 55.79900
22 11 20 11 36 14950.00000 5.14500000 440.06000 68.40000 13.90500 55.74000
22 11 20 11 36 14930.40000 5.14500000 440.00000 68.58000 13.90500 55.75000
22 11 20 11 37 14925.70000 5.07000000 439.39000 68.66000 13.90500 55.83700
22 11 20 11 37 14930.10000 5.14000000 439.73000 68.85000 13.90500 55.92800
22 11 20 11 38 14941.90000 5.08300000 440.87000 68.99000 13.90500 55.83500
22 11 20 11 38 14974.10000 5.14100000 440.52000 68.96000 13.90500 56.07800
22 11 20 11 38 14956.80000 5.14100000 440.18000 68.83000 13.90500 56.00000
22 11 20 11 39 14980.00000 5.14100000 441.52000 68.83000 13.90500 56.00000
22 11 20 11 39 14986.20000 5.14100000 441.32000 68.76000 13.90500 55.96600
22 11 20 11 40 14975.00000 5.14100000 441.00000 68.75000 13.90500 55.95000
22 11 20 11 40 14975.40000 5.14100000 441.01000 68.92000 13.90500 55.95900
22 11 20 11 41 14954.00000 5.12600000 439.60000 68.75000 13.90500 55.95900
22 11 20 11 41 14942.30000 5.12600000 439.21000 68.58000 13.90500 55.82600
22 11 20 11 41 14937.30000 5.12600000 439.65000 68.52000 13.90500 55.65200
22 11 20 11 42 14947.60000 5.12600000 439.40000 68.57000 13.90500 55.65200
22 11 20 11 42 14950.10000 5.12600000 440.00000 68.62000 13.85200 55.65200
22 11 20 11 43 14964.60000 5.12600000 439.99000 68.62000 13.76800 55.65200
22 11 20 11 43 14958.80000 5.12600000 439.17000 68.74000 13.76800 55.65200
22 11 20 11 44 14960.80000 5.12600000 439.01000 68.68000 13.76800 55.65200
22 11 20 11 44 14964.70000 5.12600000 439.08000 68.68000 13.87400 55.65200
22 11 20 11 44 14965.20000 5.13000000 439.61000 68.68000 13.87400 55.65200
22 11 20 11 45 14970.10000 5.13400000 440.04000 68.71000 13.87400 55.65200
22 11 20 11 45 14970.00000 5.13400000 440.29000 68.70000 13.87400 55.65200
22 11 20 11 46 14950.00000 5.13400000 439.70000 68.56000 13.87400 55.65200
22 11 20 11 46 14941.80000 5.13400000 439.32000 68.34000 13.87400 55.65200
22 11 20 11 47 14940.10000 5.11200000 439.30000 68.46000 13.87400 55.73900
22 11 20 11 47 14919.10000 5.11000000 438.28000 68.46000 13.87400 55.59900
22 11 20 11 47 14920.10000 5.11000000 437.56000 68.28000 13.87400 55.59900
22 11 20 11 48 14908.40000 5.11000000 437.28000 68.38000 13.90000 55.65900
22 11 20 11 48 14905.50000 5.09700000 436.20000 68.20000 13.90000 55.44000
22 11 20 11 49 14900.00000 5.11600000 435.10000 68.20000 13.83900 55.39000
22 11 20 11 49 14907.70000 5.11600000 435.10000 68.10000 13.83900 55.47900
22 11 20 11 50 14889.80000 5.11600000 435.40000 68.04000 13.83900 55.47900
22 11 20 11 50 14900.00000 5.06700000 435.15000 67.72000 13.83900 55.41100
22 11 20 11 50 14904.90000 5.06700000 435.47000 67.66000 13.83900 55.41100
22 11 20 11 51 14880.30000 5.08400000 435.00000 67.50000 13.83900 55.41100
22 11 20 11 51 14883.90000 5.08400000 434.39000 67.19000 13.83900 55.19000
22 11 20 11 52 14826.40000 5.07000000 432.19000 66.97000 13.72800 55.00000
22 11 20 11 52 14800.00000 5.06000000 431.00000 65.81000 13.72800 54.86200
22 11 20 11 53 14820.60000 5.01100000 429.90000 65.75000 13.72800 54.74000
22 11 20 11 53 14830.00000 5.03800000 432.37000 66.57000 13.82300 55.09700
22 11 20 11 53 14783.70000 4.99200000 430.42000 66.56000 13.82300 55.09700
22 11 20 11 54 14763.50000 4.93800000 430.00000 66.82000 13.82300 55.09700
22 11 20 11 54 14755.00000 4.88300000 430.54000 66.51000 13.72900 54.43000
22 11 20 11 55 14787.30000 4.89000000 431.28000 66.40000 13.72900 54.43000
22 11 20 11 55 14820.70000 4.82000000 433.05000 66.83000 13.80900 54.95000
22 11 20 11 56 14833.60000 4.78200000 433.88000 67.13000 13.80900 54.84200
22 11 20 11 56 14820.00000 4.86200000 433.64000 67.16000 13.80900 54.84200
22 11 20 11 56 14806.10000 4.80200000 433.49000 67.17000 13.80900 54.84200
22 11 20 11 57 14819.00000 4.80200000 433.62000 67.31000 13.80900 54.85000
22 11 20 11 57 14845.60000 4.80000000 434.25000 67.24000 13.80900 54.85000
22 11 20 11 58 14849.90000 4.80000000 436.06000 67.00000 13.80900 55.01100
