M=[
17 4 21 00 10 51581.20000 34.20100000 2061.12000 264.96000 44.39300 229.47300
17 4 21 00 10 51565.50000 34.14700000 2058.12000 263.13000 44.39300 229.45300
17 4 21 00 10 51585.30000 34.07700000 2061.41000 263.25000 44.39300 229.45300
17 4 21 00 11 51591.90000 33.97700000 2061.73000 264.24000 44.39300 229.90000
17 4 21 00 11 51576.60000 34.27700000 2061.70000 264.14000 44.39300 229.39600
17 4 21 00 12 51598.90000 33.97300000 2061.87000 264.14000 44.39300 229.54800
17 4 21 00 12 51598.90000 33.42200000 2064.00000 264.60000 44.39300 229.23000
17 4 21 00 13 51590.20000 33.78500000 2063.99000 264.28000 44.39300 228.59100
17 4 21 00 13 51563.70000 33.82900000 2064.00000 264.28000 44.39300 228.59100
17 4 21 00 13 51548.40000 33.82900000 2063.11000 264.79000 44.39300 228.59100
17 4 21 00 14 51546.20000 34.10300000 2063.66000 264.79000 44.39300 228.59100
17 4 21 00 14 51545.50000 34.21800000 2063.99000 265.04000 44.39300 229.99700
17 4 21 00 15 51547.20000 34.21800000 2065.26000 265.82000 44.39300 229.99700
17 4 21 00 15 51588.50000 34.21800000 2067.35000 266.60000 44.74100 229.99700
17 4 21 00 16 51581.70000 34.21800000 2065.09000 266.42000 44.74100 229.99700
17 4 21 00 16 51552.70000 34.16100000 2065.09000 265.89000 44.89900 229.99700
17 4 21 00 16 51552.80000 34.09500000 2061.72000 265.54000 44.95400 229.99700
17 4 21 00 17 51552.80000 34.09500000 2062.08000 264.94000 44.95400 229.99700
17 4 21 00 17 51538.00000 34.09500000 2058.86000 264.89000 44.95400 229.58700
17 4 21 00 18 51500.00000 34.04100000 2058.36000 264.67000 44.95400 228.48400
17 4 21 00 18 51478.30000 33.73800000 2057.36000 264.81000 44.95400 228.48400
17 4 21 00 19 51478.20000 33.64700000 2056.39000 265.88000 44.95400 228.37800
17 4 21 00 19 51455.40000 33.53900000 2055.00000 265.88000 44.95400 227.64600
17 4 21 00 19 51440.20000 33.53900000 2053.86000 264.88000 44.68500 227.64600
17 4 21 00 20 51451.10000 33.54800000 2053.96000 266.30000 44.68500 227.91900
17 4 21 00 20 51440.90000 33.54800000 2053.43000 266.35000 44.68500 227.91900
17 4 21 00 21 51407.20000 33.54800000 2052.00000 267.01000 44.68500 227.44200
17 4 21 00 21 51393.40000 33.34200000 2051.92000 266.83000 44.68500 227.44200
17 4 21 00 22 51356.70000 33.34200000 2048.66000 266.12000 44.68500 227.44200
17 4 21 00 22 51337.40000 33.34200000 2047.24000 266.12000 44.68500 227.44200
17 4 21 00 22 51278.40000 33.34100000 2044.76000 265.05000 44.68500 227.44200
17 4 21 00 23 51262.00000 33.01100000 2041.11000 264.83000 44.68500 227.44200
17 4 21 00 23 51241.50000 32.95700000 2039.35000 264.22000 44.68500 225.90100
17 4 21 00 24 51231.80000 32.95700000 2039.19000 263.94000 44.68500 225.17200
17 4 21 00 24 51198.40000 32.97800000 2039.26000 263.92000 44.68500 225.17200
17 4 21 00 25 51180.20000 33.13200000 2036.06000 263.71000 44.67800 225.47200
17 4 21 00 25 51180.00000 33.36400000 2038.08000 263.31000 44.67800 225.44200
17 4 21 00 25 51234.90000 33.37500000 2043.10000 263.73000 44.33100 225.44200
17 4 21 00 26 51269.20000 33.37500000 2045.12000 265.00000 44.33100 225.44200
17 4 21 00 26 51275.40000 33.37500000 2046.49000 265.00000 44.33100 225.44200
17 4 21 00 27 51275.40000 33.39500000 2047.27000 265.25000 44.33100 225.44200
17 4 21 00 27 51278.40000 33.39500000 2047.46000 265.39000 44.33100 225.44200
17 4 21 00 28 51278.40000 33.39500000 2047.46000 265.88000 44.33100 225.44200
17 4 21 00 29 51278.40000 33.36100000 2048.43000 265.88000 44.33100 226.40700
17 4 21 00 30 51278.40000 33.37700000 2050.34000 267.36000 44.33100 226.06600
17 4 21 00 30 51278.40000 33.31200000 2052.12000 267.59000 43.89300 226.22200
17 4 21 00 31 51291.70000 33.31200000 2053.72000 268.04000 43.89300 226.38900
17 4 21 00 31 51311.00000 33.19000000 2054.29000 268.09000 43.89200 226.38900
17 4 21 00 31 51308.50000 33.30900000 2055.31000 268.83000 43.89200 226.38900
17 4 21 00 32 51310.00000 33.24800000 2054.63000 269.49000 43.89200 226.87600
17 4 21 00 32 51254.40000 33.13100000 2049.80000 268.83000 43.89200 226.87600
17 4 21 00 33 51239.80000 33.09700000 2047.62000 268.70000 43.89200 226.87600
17 4 21 00 33 51229.90000 33.09700000 2047.61000 269.32000 43.89200 226.87600
17 4 21 00 34 51229.80000 32.99500000 2044.35000 267.84000 43.89200 226.87600
17 4 21 00 34 51180.00000 32.97500000 2042.29000 267.58000 43.89200 226.87600
17 4 21 00 34 51172.40000 32.97500000 2040.87000 267.06000 43.89200 226.87600
17 4 21 00 35 51172.50000 32.97500000 2043.85000 267.67000 43.89200 226.87600
17 4 21 00 35 51213.00000 32.97500000 2046.72000 269.71000 43.89200 226.87600
17 4 21 00 36 51273.20000 32.97500000 2048.98000 270.27000 43.89200 226.45800
17 4 21 00 36 51286.80000 32.97500000 2050.00000 270.72000 43.89200 226.45800
17 4 21 00 37 51276.70000 32.97500000 2050.53000 271.85000 43.89200 226.45800
17 4 21 00 37 51244.10000 32.76100000 2045.42000 271.17000 43.89200 227.35200
17 4 21 00 37 51244.10000 32.92000000 2046.45000 271.44000 43.62300 227.35200
17 4 21 00 38 51244.20000 32.75200000 2047.87000 273.00000 43.62300 227.35200
17 4 21 00 38 51260.50000 32.83100000 2051.00000 273.45000 43.73200 227.35200
17 4 21 00 39 51260.40000 32.83100000 2050.67000 272.47000 43.73200 228.44200
17 4 21 00 39 51237.80000 32.83100000 2048.90000 272.45000 43.73200 228.44200
17 4 21 00 40 51224.50000 32.83100000 2048.78000 273.53000 43.73200 228.44200
17 4 21 00 40 51229.20000 32.83100000 2048.07000 274.33000 43.73200 228.44200
17 4 21 00 40 51254.10000 32.67100000 2050.14000 274.97000 43.73200 228.44200
17 4 21 00 41 51254.10000 32.72100000 2049.93000 274.96000 43.73200 228.44200
17 4 21 00 41 51216.50000 32.72100000 2048.17000 274.90000 43.73200 228.88900
17 4 21 00 42 51201.40000 32.19500000 2046.69000 273.96000 43.73200 227.51200
17 4 21 00 42 51206.00000 32.19500000 2046.45000 274.59000 43.73200 227.51200
17 4 21 00 43 51210.30000 32.49200000 2046.45000 273.99000 43.73200 227.51200
17 4 21 00 43 51200.10000 32.65900000 2045.87000 274.59000 43.73200 227.51200
17 4 21 00 43 51200.00000 32.65900000 2043.85000 275.02000 43.73200 227.51200
17 4 21 00 44 51174.60000 32.52900000 2044.24000 276.20000 43.73200 227.78200
17 4 21 00 44 51173.20000 32.53500000 2043.64000 274.21000 43.73200 227.78200
17 4 21 00 45 51168.60000 32.53500000 2042.88000 274.02000 43.45700 227.78200
17 4 21 00 45 51169.90000 32.74500000 2045.32000 274.93000 43.45700 227.78200
17 4 21 00 46 51215.30000 32.74500000 2045.32000 274.55000 43.45700 227.78200
17 4 21 00 46 51230.50000 32.84000000 2047.48000 273.75000 43.45700 227.78200
17 4 21 00 46 51249.50000 32.86900000 2047.38000 272.60000 43.45700 227.78200
17 4 21 00 47 51256.20000 32.86900000 2048.04000 272.77000 43.45700 227.78200
17 4 21 00 47 51254.00000 32.86900000 2047.50000 270.78000 43.45700 227.78200
17 4 21 00 48 51280.60000 32.99000000 2047.50000 271.10000 43.48900 227.78200
17 4 21 00 48 51281.70000 33.02500000 2049.79000 271.44000 43.48900 227.78200
17 4 21 00 49 51306.70000 32.97600000 2049.79000 270.13000 43.48900 227.78200
17 4 21 00 49 51307.30000 32.98400000 2050.33000 271.28000 43.48900 227.78200
17 4 21 00 49 51317.30000 32.87000000 2051.44000 272.25000 43.48900 227.78200
17 4 21 00 50 51346.90000 32.87000000 2051.95000 271.49000 43.48900 227.78200
17 4 21 00 50 51361.60000 32.79500000 2052.36000 271.21000 43.97300 228.51800
17 4 21 00 51 51379.10000 32.79500000 2052.94000 271.21000 44.11200 228.51800
17 4 21 00 51 51371.50000 32.79500000 2053.46000 270.89000 44.14400 228.51800
17 4 21 00 52 51334.80000 32.79500000 2051.85000 270.30000 44.08500 228.51800
17 4 21 00 52 51368.60000 32.79500000 2053.05000 271.16000 44.08500 228.51800
17 4 21 00 52 51351.30000 32.79500000 2053.68000 271.16000 44.08500 228.51800
17 4 21 00 53 51348.00000 32.79500000 2053.62000 270.46000 44.08500 229.66700
17 4 21 00 53 51344.60000 32.79500000 2052.01000 269.62000 44.08500 229.66700
17 4 21 00 54 51366.30000 32.79500000 2053.13000 269.90000 44.01500 229.66700
17 4 21 00 54 51370.70000 32.79500000 2054.74000 270.41000 44.01500 229.66700
