M=[
 7 7 21 12 18 29554.60000 46.52400000 2023.98000 120.65000 17.83500 100.93700
 7 7 21 12 19 29534.50000 46.52400000 2023.50000 120.70000 17.83500 100.93700
 7 7 21 12 19 29546.40000 46.52400000 2023.97000 120.55000 17.83500 100.93700
 7 7 21 12 20 29534.00000 46.52400000 2023.96000 120.55000 17.83500 100.93700
 7 7 21 12 20 29526.20000 46.52400000 2023.33000 120.56000 17.83500 100.93700
 7 7 21 12 20 29526.10000 46.52400000 2021.96000 120.56000 17.83500 100.93700
 7 7 21 12 21 29520.00000 46.52400000 2021.08000 120.56000 17.83500 100.93700
 7 7 21 12 21 29512.50000 46.52400000 2020.00000 120.56000 17.83500 100.93700
 7 7 21 12 22 29492.20000 46.52400000 2018.78000 120.28000 17.83500 100.97900
 7 7 21 12 22 29509.40000 46.52400000 2019.41000 120.28000 17.83500 100.97900
 7 7 21 12 23 29510.70000 46.52400000 2019.41000 120.28000 17.83500 100.97900
 7 7 21 12 23 29519.00000 46.52400000 2020.72000 120.28000 17.83500 100.97900
 7 7 21 12 23 29518.70000 46.52400000 2019.97000 120.35000 17.83500 100.97900
 7 7 21 12 24 29518.90000 46.52700000 2020.68000 120.41000 17.83500 100.97900
 7 7 21 12 24 29524.60000 46.50700000 2020.87000 120.40000 17.83500 100.97900
 7 7 21 12 25 29530.20000 46.50700000 2020.97000 120.32000 17.83500 100.97900
 7 7 21 12 25 29510.10000 46.50700000 2019.25000 120.25000 17.83500 100.97900
 7 7 21 12 26 29508.30000 46.50700000 2019.01000 120.22000 17.83500 100.97900
 7 7 21 12 26 29514.20000 46.50700000 2020.44000 120.33000 17.83500 100.97900
 7 7 21 12 26 29510.20000 46.50700000 2019.85000 120.25000 17.83500 100.96900
 7 7 21 12 27 29510.20000 46.50700000 2019.60000 120.25000 17.83500 100.96900
 7 7 21 12 27 29510.10000 46.46000000 2018.55000 120.14000 17.83500 100.96900
 7 7 21 12 28 29510.20000 46.46000000 2018.55000 120.14000 17.83500 100.96900
 7 7 21 12 28 29510.20000 46.46000000 2019.42000 120.14000 17.83500 100.96900
 7 7 21 12 29 29510.20000 46.46000000 2019.61000 120.14000 17.83500 100.96900
 7 7 21 12 29 29516.70000 46.46000000 2019.61000 120.14000 17.83500 100.96900
 7 7 21 12 29 29514.70000 46.54700000 2021.47000 120.14000 17.83500 100.96900
 7 7 21 12 30 29497.10000 46.54700000 2019.96000 120.06000 17.83500 100.96900
 7 7 21 12 30 29500.40000 46.54700000 2019.85000 120.06000 17.83500 100.96900
 7 7 21 12 31 29504.20000 46.41400000 2019.85000 120.06000 17.83500 100.96900
 7 7 21 12 31 29504.30000 46.41400000 2019.85000 120.02000 17.83500 100.96900
 7 7 21 12 32 29504.30000 46.41400000 2019.85000 120.11000 17.83500 100.96900
 7 7 21 12 32 29495.00000 46.41400000 2018.50000 119.97000 17.83500 100.96900
 7 7 21 12 32 29495.10000 46.41400000 2019.00000 119.97000 17.83500 100.96900
 7 7 21 12 33 29508.50000 46.41400000 2019.44000 119.97000 17.83500 100.96900
 7 7 21 12 33 29546.80000 46.41400000 2020.98000 119.97000 17.83500 100.96900
 7 7 21 12 34 29546.90000 46.41400000 2020.99000 119.97000 17.83500 100.98000
 7 7 21 12 34 29557.00000 46.41400000 2022.69000 119.97000 17.83500 100.98000
 7 7 21 12 35 29559.30000 46.41400000 2022.95000 119.97000 17.83500 100.98000
 7 7 21 12 35 29559.30000 46.41400000 2022.54000 119.97000 17.83500 100.98000
 7 7 21 12 35 29559.30000 46.41400000 2022.42000 119.97000 17.83500 100.98000
 7 7 21 12 36 29559.20000 46.41400000 2022.63000 120.29000 17.83500 100.98000
 7 7 21 12 36 29559.20000 46.41400000 2022.63000 120.29000 17.83500 100.95900
 7 7 21 12 37 29559.30000 46.41400000 2022.63000 120.29000 17.83500 100.95900
 7 7 21 12 37 29559.20000 46.41400000 2022.63000 120.29000 17.83500 100.95900
 7 7 21 12 38 29559.30000 46.41400000 2021.55000 120.20000 17.83500 100.95900
 7 7 21 12 38 29559.30000 46.41400000 2021.21000 120.20000 17.83500 100.95900
 7 7 21 12 39 29559.20000 46.41400000 2022.62000 120.20000 17.83500 100.95900
 7 7 21 12 39 29558.70000 46.41400000 2023.02000 120.20000 17.83500 100.95900
 7 7 21 12 39 29559.30000 46.41400000 2023.01000 120.20000 17.83500 100.95900
 7 7 21 12 40 29559.20000 46.41400000 2023.68000 120.33000 17.83500 100.95900
 7 7 21 12 40 29596.90000 46.41400000 2025.19000 120.33000 17.83500 100.95900
 7 7 21 12 41 29644.90000 46.41400000 2026.88000 120.44000 17.83500 100.95900
 7 7 21 12 41 29632.60000 46.60300000 2027.81000 120.44000 17.83500 100.95900
 7 7 21 12 42 29526.70000 46.65300000 2023.51000 120.44000 17.83500 100.95900
 7 7 21 12 42 29495.00000 46.65300000 2017.85000 120.06000 17.83500 100.95900
 7 7 21 12 42 29466.10000 46.65300000 2012.78000 120.06000 17.83500 100.74800
 7 7 21 12 43 29488.30000 46.47700000 2015.98000 120.06000 17.83500 100.74800
 7 7 21 12 43 29483.50000 46.47700000 2015.98000 120.06000 17.83500 100.74800
 7 7 21 12 44 29463.20000 46.40000000 2015.30000 119.85000 17.83500 100.74800
 7 7 21 12 44 29463.20000 46.48300000 2016.18000 119.85000 17.83500 100.74800
 7 7 21 12 45 29436.70000 46.48300000 2014.86000 119.85000 17.83500 100.74800
 7 7 21 12 45 29451.50000 46.48300000 2015.96000 119.85000 17.83500 100.74800
 7 7 21 12 45 29467.30000 46.48300000 2016.48000 119.85000 17.83500 100.74800
 7 7 21 12 46 29429.80000 46.45000000 2010.00000 119.85000 17.83500 100.74800
 7 7 21 12 46 29402.10000 46.45000000 2011.18000 119.85000 17.83500 100.74800
 7 7 21 12 47 29413.50000 46.30900000 2011.42000 119.88000 17.83500 100.74800
 7 7 21 12 47 29446.30000 46.35600000 2013.49000 119.88000 17.83500 100.74800
 7 7 21 12 48 29451.30000 46.35600000 2013.55000 119.94000 17.83500 100.74800
 7 7 21 12 48 29461.10000 46.35600000 2014.63000 120.14000 17.93100 100.74800
 7 7 21 12 48 29514.20000 46.35600000 2016.49000 120.14000 17.93100 100.74800
 7 7 21 12 49 29498.30000 46.35600000 2016.49000 120.31000 17.93100 100.74800
 7 7 21 12 49 29498.40000 46.35600000 2016.49000 120.31000 17.93100 100.74800
 7 7 21 12 50 29498.50000 46.35600000 2016.49000 120.31000 17.93100 100.74800
 7 7 21 12 50 29471.90000 46.35600000 2016.49000 120.31000 17.93100 100.74800
 7 7 21 12 51 29456.60000 46.35600000 2015.01000 120.31000 17.93100 100.74800
 7 7 21 12 51 29456.90000 46.35600000 2015.01000 120.31000 17.93100 100.74800
 7 7 21 12 51 29445.50000 46.35600000 2011.83000 119.96000 17.93100 100.74800
 7 7 21 12 52 29459.30000 46.35600000 2012.13000 119.93000 17.93100 100.74800
 7 7 21 12 52 29457.80000 46.35600000 2013.06000 119.98000 17.93100 100.74800
 7 7 21 12 53 29453.80000 46.35600000 2012.08000 119.96000 17.93000 100.74800
 7 7 21 12 53 29454.60000 46.35600000 2012.48000 119.96000 17.93000 100.41800
 7 7 21 12 54 29453.80000 46.35100000 2012.46000 119.96000 17.93000 100.41800
 7 7 21 12 54 29477.20000 46.35100000 2012.68000 119.96000 17.93000 100.41800
 7 7 21 12 54 29471.90000 46.35100000 2013.16000 119.96000 17.93000 100.41800
 7 7 21 12 55 29466.20000 46.35100000 2012.91000 120.00000 17.93000 100.41800
 7 7 21 12 55 29465.70000 46.46800000 2012.90000 120.00000 17.93000 100.41800
 7 7 21 12 56 29470.30000 46.46800000 2012.91000 119.98000 17.93000 100.06400
 7 7 21 12 56 29466.40000 46.46800000 2013.71000 119.98000 17.93000 100.06400
 7 7 21 12 57 29467.40000 46.46800000 2014.10000 120.00000 17.93000 100.06400
 7 7 21 12 57 29497.10000 46.46800000 2015.37000 120.00000 17.93000 100.06400
 7 7 21 12 57 29496.60000 46.46800000 2016.49000 120.00000 17.93000 100.06400
 7 7 21 12 58 29501.70000 46.40500000 2016.49000 120.05000 17.93000 100.06400
 7 7 21 12 58 29484.60000 46.40500000 2017.34000 120.05000 17.93000 100.06400
 7 7 21 12 59 29512.80000 46.40500000 2017.10000 120.09000 17.93000 100.06400
 7 7 21 12 59 29508.80000 46.40500000 2017.09000 120.09000 17.93000 100.06400
 7 7 21 13 00 29515.30000 46.40500000 2017.93000 120.09000 17.93000 100.06400
 7 7 21 13 00 29491.00000 46.40500000 2017.93000 120.09000 17.93000 100.06400
 7 7 21 13 00 29503.50000 46.40500000 2017.93000 120.05000 17.93000 100.06400
 7 7 21 13 01 29507.20000 46.40500000 2017.99000 120.05000 17.93000 100.06400
 7 7 21 13 01 29507.20000 46.40500000 2017.69000 120.05000 17.93000 100.06400
 7 7 21 13 02 29507.20000 46.40500000 2016.50000 120.05000 17.93000 100.06400
