M=[
20 9 20 01 31 9279.40000 5.21000000 322.58000 40.68000 12.93500 48.46500
20 9 20 01 32 9279.40000 5.21000000 322.58000 40.68000 12.93500 48.46500
20 9 20 01 32 9274.40000 5.21000000 322.58000 40.68000 12.93500 48.46500
20 9 20 01 33 9274.50000 5.21000000 322.58000 40.68000 12.93500 48.46500
20 9 20 01 33 9274.50000 5.15200000 322.38000 40.68000 12.93500 48.46500
20 9 20 01 33 9274.50000 5.15200000 322.38000 40.68000 12.93500 48.46500
20 9 20 01 34 9274.50000 5.15200000 322.38000 40.68000 12.93500 48.46500
20 9 20 01 34 9274.50000 5.15200000 322.38000 40.68000 12.93500 48.46500
20 9 20 01 35 9274.50000 5.15200000 322.38000 40.68000 12.93500 48.46500
20 9 20 01 35 9274.50000 5.15200000 322.40000 40.68000 12.93500 48.46500
20 9 20 01 36 9274.50000 5.15200000 322.55000 40.68000 12.93500 48.46500
20 9 20 01 36 9279.40000 5.15200000 322.55000 40.68000 12.93500 48.46500
20 9 20 01 36 9279.40000 5.15200000 322.55000 40.68000 12.93500 48.46500
20 9 20 01 37 9285.50000 5.15200000 322.55000 40.68000 12.93500 48.46500
20 9 20 01 37 9285.50000 5.15200000 322.55000 40.68000 12.93500 48.46500
20 9 20 01 38 9288.10000 5.15200000 322.55000 40.86000 12.93500 48.46500
20 9 20 01 38 9288.10000 5.15200000 322.55000 40.86000 12.93500 48.46500
20 9 20 01 39 9288.10000 5.15200000 322.55000 40.86000 12.93500 48.46500
20 9 20 01 39 9288.10000 5.15200000 322.55000 40.86000 12.93500 48.46500
20 9 20 01 39 9288.10000 5.15200000 322.55000 40.86000 12.93500 48.46500
20 9 20 01 40 9288.00000 5.15200000 322.55000 40.86000 12.93500 48.79300
20 9 20 01 40 9288.10000 5.15200000 322.55000 40.86000 12.93500 48.79300
20 9 20 01 41 9288.10000 5.15200000 322.55000 40.86000 12.93500 48.79300
20 9 20 01 41 9295.10000 5.15200000 322.55000 40.86000 12.93500 48.79300
20 9 20 01 42 9294.00000 5.15200000 322.55000 40.86000 12.93500 48.79300
20 9 20 01 42 9294.20000 5.15200000 322.55000 40.86000 12.93500 48.79300
20 9 20 01 42 9294.20000 5.15200000 322.55000 40.86000 12.93500 48.79300
20 9 20 01 43 9294.20000 5.15200000 322.55000 40.86000 12.93500 48.79300
20 9 20 01 43 9293.60000 5.15200000 322.55000 40.86000 12.93500 48.79300
20 9 20 01 44 9293.40000 5.15200000 322.55000 40.86000 12.93500 48.79300
20 9 20 01 44 9293.50000 5.15200000 322.85000 40.86000 12.93500 48.79300
20 9 20 01 45 9288.40000 5.15200000 322.71000 40.82000 12.93500 48.79300
20 9 20 01 45 9282.50000 5.15200000 322.71000 40.82000 12.93500 48.79300
20 9 20 01 46 9282.50000 5.15200000 322.71000 40.82000 12.93500 48.79300
20 9 20 01 46 9282.50000 5.15200000 322.78000 40.82000 12.93500 48.79300
20 9 20 01 46 9281.20000 5.15200000 322.78000 40.82000 12.93500 48.79300
20 9 20 01 47 9281.20000 5.15200000 322.78000 40.82000 12.93500 48.79300
20 9 20 01 47 9275.00000 5.15200000 322.78000 40.82000 12.93500 48.79300
20 9 20 01 48 9275.00000 5.15200000 322.78000 40.82000 12.93500 48.79300
20 9 20 01 48 9275.00000 5.15200000 322.78000 40.82000 12.93500 48.79300
20 9 20 01 49 9270.70000 5.15200000 322.78000 40.82000 12.93500 48.69300
20 9 20 01 49 9254.60000 5.15200000 322.35000 40.82000 12.93500 48.69300
20 9 20 01 49 9254.60000 5.15200000 322.36000 40.82000 12.93500 48.69300
20 9 20 01 50 9250.00000 5.15200000 321.96000 40.82000 12.93500 48.69300
20 9 20 01 50 9250.00000 5.15200000 322.00000 40.82000 12.93500 48.69300
20 9 20 01 51 9249.10000 5.15200000 322.00000 40.82000 12.93500 48.66900
20 9 20 01 51 9248.30000 5.15200000 322.00000 40.82000 12.93500 48.66900
20 9 20 01 52 9248.10000 5.15200000 322.00000 40.82000 12.93500 48.66900
20 9 20 01 52 9245.00000 5.15200000 322.00000 40.82000 12.93500 48.66900
20 9 20 01 52 9245.00000 5.15200000 322.00000 40.82000 12.93500 48.66900
20 9 20 01 53 9250.90000 5.15200000 322.00000 40.82000 12.93500 48.66900
20 9 20 01 53 9250.90000 5.15200000 322.00000 40.82000 12.93500 48.66900
20 9 20 01 54 9250.90000 5.15200000 322.00000 40.82000 12.93500 48.66900
20 9 20 01 54 9253.80000 5.15200000 322.00000 40.82000 12.93500 48.66900
20 9 20 01 55 9248.50000 5.15200000 322.00000 40.82000 12.93500 48.66900
20 9 20 01 55 9248.60000 5.15200000 322.00000 40.82000 12.93500 48.66900
20 9 20 01 55 9251.40000 5.15200000 322.00000 40.82000 12.93500 48.66900
20 9 20 01 56 9251.40000 5.15200000 322.00000 40.82000 12.93500 48.66900
20 9 20 01 56 9254.60000 5.15200000 322.00000 40.82000 12.93500 48.66900
20 9 20 01 57 9254.70000 5.15200000 322.00000 40.82000 12.93500 48.66900
20 9 20 01 57 9257.60000 5.15200000 322.00000 40.82000 12.93400 48.66900
20 9 20 01 58 9257.60000 5.15200000 322.00000 40.82000 12.93500 48.66900
20 9 20 01 58 9259.30000 5.15200000 322.00000 40.82000 12.93500 48.66900
20 9 20 01 58 9259.30000 5.15200000 322.00000 40.82000 12.93500 48.66900
20 9 20 01 59 9262.80000 5.15200000 322.00000 40.82000 12.93500 48.66900
20 9 20 01 59 9262.80000 5.15200000 322.00000 40.82000 12.93500 48.66900
20 9 20 02 00 9245.00000 5.15200000 321.36000 40.82000 12.93500 48.52900
20 9 20 02 00 9244.00000 5.15200000 321.33000 40.82000 12.93500 48.52900
20 9 20 02 01 9244.10000 5.15200000 321.30000 40.82000 12.93500 48.58600
20 9 20 02 01 9244.00000 5.15200000 321.30000 40.82000 12.93500 48.58600
20 9 20 02 02 9244.10000 5.15200000 321.30000 40.82000 12.93500 48.55400
20 9 20 02 02 9244.10000 5.15200000 321.30000 40.82000 12.93500 48.55400
20 9 20 02 02 9244.10000 5.15200000 321.30000 40.68000 12.93500 48.55400
20 9 20 02 03 9244.00000 5.15200000 321.30000 40.68000 12.93500 48.55400
20 9 20 02 03 9247.30000 5.15200000 321.30000 40.68000 12.93500 48.55400
20 9 20 02 04 9247.30000 5.15200000 321.30000 40.68000 12.93500 48.55400
20 9 20 02 04 9251.10000 5.15200000 321.46000 40.68000 12.93500 48.55400
20 9 20 02 05 9252.30000 5.15200000 321.46000 40.68000 12.93500 48.55400
20 9 20 02 05 9252.30000 5.15200000 321.46000 40.68000 12.93500 48.55400
20 9 20 02 05 9253.70000 5.15200000 321.46000 40.68000 12.93500 48.55400
20 9 20 02 06 9252.40000 5.15200000 321.46000 40.68000 12.93500 48.55400
20 9 20 02 06 9252.40000 5.15200000 321.46000 40.68000 12.93500 48.55400
20 9 20 02 07 9252.40000 5.15200000 322.00000 40.68000 12.93500 48.55400
20 9 20 02 07 9257.90000 5.15200000 322.00000 40.68000 12.93500 48.55400
20 9 20 02 08 9258.00000 5.15200000 322.00000 40.68000 12.93500 48.55400
20 9 20 02 08 9258.40000 5.15200000 322.34000 40.68000 12.93500 48.55400
20 9 20 02 08 9260.10000 5.15200000 322.34000 40.68000 12.93500 48.55400
20 9 20 02 09 9260.20000 5.15200000 322.34000 40.75000 12.93500 48.55400
20 9 20 02 09 9260.20000 5.15200000 322.34000 40.76000 12.93500 48.55400
20 9 20 02 10 9260.10000 5.15200000 322.27000 40.76000 12.93500 48.55400
20 9 20 02 10 9260.10000 5.15200000 322.27000 40.76000 12.93500 48.55400
20 9 20 02 11 9261.90000 5.15200000 322.27000 40.76000 12.93500 48.55400
20 9 20 02 11 9261.90000 5.15200000 322.27000 40.76000 12.93500 48.55400
20 9 20 02 11 9261.90000 5.15200000 322.27000 40.76000 12.93500 48.55400
20 9 20 02 12 9262.70000 5.15200000 322.33000 40.76000 12.93500 48.55400
20 9 20 02 12 9262.80000 5.15200000 322.33000 40.76000 12.93500 48.55400
20 9 20 02 13 9262.80000 5.15200000 322.33000 40.76000 12.93500 48.55400
20 9 20 02 13 9262.80000 5.15200000 322.33000 40.76000 12.93500 48.55400
20 9 20 02 14 9270.10000 5.15200000 322.33000 40.76000 12.93500 48.55400
20 9 20 02 14 9268.90000 5.15200000 322.33000 40.76000 12.93500 48.55400
20 9 20 02 14 9268.90000 5.15200000 322.33000 40.76000 12.93500 48.55400
20 9 20 02 15 9268.80000 5.15200000 322.35000 40.76000 12.93500 48.55400
20 9 20 02 15 9268.80000 5.15200000 322.35000 40.76000 12.93500 48.55400
20 9 20 02 16 9268.80000 5.15200000 322.35000 40.76000 12.93500 48.55400
20 9 20 02 16 9268.00000 5.15200000 322.35000 40.76000 12.93500 48.55400
20 9 20 02 17 9268.80000 5.15200000 322.35000 40.76000 12.93500 48.55400
20 9 20 02 17 9268.80000 5.15200000 322.35000 40.76000 12.93500 48.55400
20 9 20 02 17 9268.80000 5.15200000 322.35000 40.76000 12.93500 48.55400
20 9 20 02 18 9268.80000 5.19000000 322.35000 40.76000 12.93500 48.55400
