M=[
12 11 20 00 52 13267.60000 4.28500000 389.39000 49.41000 13.67300 49.61600
12 11 20 00 52 13266.40000 4.28500000 389.39000 49.40000 13.67300 49.61600
12 11 20 00 53 13260.10000 4.28500000 389.00000 49.40000 13.67300 49.61600
12 11 20 00 53 13269.50000 4.28500000 389.02000 49.40000 13.67300 49.61600
12 11 20 00 54 13276.60000 4.28500000 389.61000 49.40000 13.67300 49.61600
12 11 20 00 54 13281.90000 4.28500000 389.69000 49.46000 13.67300 49.61600
12 11 20 00 54 13295.20000 4.28500000 390.08000 49.46000 13.67300 49.61600
12 11 20 00 55 13291.40000 4.28500000 390.02000 49.46000 13.67300 49.61600
12 11 20 00 55 13295.50000 4.28500000 389.73000 49.46000 13.67300 49.61600
12 11 20 00 56 13295.80000 4.28500000 389.73000 49.46000 13.67300 49.61600
12 11 20 00 56 13285.80000 4.28500000 389.61000 49.46000 13.67300 49.61600
12 11 20 00 57 13285.50000 4.28500000 389.61000 49.46000 13.67300 49.61600
12 11 20 00 57 13285.50000 4.28500000 389.61000 49.46000 13.67300 49.61600
12 11 20 00 57 13291.20000 4.28500000 389.61000 49.48000 13.67300 49.61600
12 11 20 00 58 13292.30000 4.28500000 389.67000 49.48000 13.67300 49.61600
12 11 20 00 58 13285.20000 4.28500000 389.67000 49.51000 13.67300 49.61600
12 11 20 00 59 13284.20000 4.28500000 389.47000 49.51000 13.67300 49.61600
12 11 20 00 59 13280.20000 4.28500000 389.47000 49.51000 13.67300 49.61600
12 11 20 01 00 13280.20000 4.28500000 389.47000 49.51000 13.67300 49.84800
12 11 20 01 00 13257.50000 4.28500000 389.16000 49.37000 13.67300 49.84800
12 11 20 01 00 13262.70000 4.28500000 389.16000 49.37000 13.67300 49.84800
12 11 20 01 01 13257.40000 4.28500000 389.16000 49.34000 13.67300 49.84800
12 11 20 01 01 13257.40000 4.28500000 388.61000 49.34000 13.67300 49.84800
12 11 20 01 02 13256.40000 4.29000000 388.84000 49.34000 13.53300 49.67600
12 11 20 01 02 13256.70000 4.29000000 388.95000 49.34000 13.53200 49.76600
12 11 20 01 03 13259.10000 4.29000000 388.95000 49.34000 13.53200 49.76600
12 11 20 01 03 13264.20000 4.29000000 388.95000 49.43000 13.53200 49.76600
12 11 20 01 03 13264.20000 4.29000000 388.95000 49.43000 13.53200 49.76600
12 11 20 01 04 13265.80000 4.29000000 389.26000 49.43000 13.53200 49.76600
12 11 20 01 04 13271.20000 4.29000000 389.26000 49.43000 13.53200 49.76600
12 11 20 01 05 13271.20000 4.29000000 389.27000 49.43000 13.53200 49.76600
12 11 20 01 05 13264.20000 4.29000000 389.26000 49.39000 13.53200 49.76600
12 11 20 01 06 13264.20000 4.29000000 388.96000 49.39000 13.53200 49.76600
12 11 20 01 06 13253.50000 4.29000000 388.96000 49.39000 13.53200 49.76600
12 11 20 01 06 13253.50000 4.29000000 388.96000 49.39000 13.53200 49.76600
12 11 20 01 07 13253.50000 4.29000000 388.96000 49.39000 13.53200 49.76600
12 11 20 01 07 13250.10000 4.29000000 388.96000 49.39000 13.53200 49.76600
12 11 20 01 08 13250.10000 4.29000000 388.50000 49.39000 13.53200 49.76600
12 11 20 01 08 13250.00000 4.29000000 388.50000 49.39000 13.53200 49.76600
12 11 20 01 09 13246.20000 4.29000000 388.50000 49.39000 13.53200 49.76600
12 11 20 01 09 13259.30000 4.29000000 388.66000 49.39000 13.53200 49.76600
12 11 20 01 09 13259.30000 4.29000000 388.66000 49.39000 13.53200 49.76600
12 11 20 01 10 13255.20000 4.29000000 388.48000 49.39000 13.53200 49.76600
12 11 20 01 10 13257.50000 4.29000000 388.65000 49.37000 13.53200 49.76600
12 11 20 01 11 13266.30000 4.29000000 388.65000 49.37000 13.53200 49.76600
12 11 20 01 11 13271.10000 4.29000000 388.97000 49.37000 13.53200 49.76600
12 11 20 01 12 13271.20000 4.29000000 389.22000 49.44000 13.53200 49.76600
12 11 20 01 12 13277.60000 4.29000000 389.14000 49.44000 13.53200 49.76600
12 11 20 01 12 13276.80000 4.29000000 389.14000 49.44000 13.53200 49.76600
12 11 20 01 13 13273.70000 4.29000000 389.08000 49.44000 13.53200 49.76600
12 11 20 01 13 13273.50000 4.29000000 389.08000 49.44000 13.53200 49.76600
12 11 20 01 14 13275.50000 4.29000000 389.16000 49.44000 13.53200 49.76600
12 11 20 01 14 13275.50000 4.29000000 389.29000 49.44000 13.53200 49.76600
12 11 20 01 15 13276.00000 4.29000000 389.29000 49.44000 13.53200 49.76600
12 11 20 01 15 13281.40000 4.29000000 389.29000 49.44000 13.53200 49.76600
12 11 20 01 15 13281.40000 4.29000000 389.29000 49.44000 13.53200 49.76600
12 11 20 01 16 13273.90000 4.29000000 389.29000 49.44000 13.53200 49.76600
12 11 20 01 16 13273.90000 4.29000000 389.29000 49.44000 13.53200 49.76600
12 11 20 01 17 13273.90000 4.29000000 389.29000 49.44000 13.53200 49.76600
12 11 20 01 17 13278.80000 4.29000000 389.43000 49.44000 13.53200 49.76600
12 11 20 01 18 13278.80000 4.29000000 389.30000 49.44000 13.53200 49.76600
12 11 20 01 18 13266.80000 4.29000000 389.14000 49.44000 13.53200 49.76600
12 11 20 01 18 13266.90000 4.29000000 389.14000 49.44000 13.53200 49.76600
12 11 20 01 19 13267.30000 4.29000000 389.14000 49.44000 13.53200 49.76600
12 11 20 01 19 13278.60000 4.29000000 389.55000 49.44000 13.53200 49.76600
12 11 20 01 20 13276.10000 4.29000000 389.55000 49.44000 13.53200 49.76600
12 11 20 01 20 13277.20000 4.29000000 389.57000 49.44000 13.53200 49.76600
12 11 20 01 21 13279.90000 4.29000000 389.59000 49.44000 13.53200 49.76600
12 11 20 01 21 13275.40000 4.29000000 389.64000 49.44000 13.53200 49.76600
12 11 20 01 21 13275.40000 4.29000000 389.64000 49.45000 13.53200 49.76600
12 11 20 01 22 13287.90000 4.29000000 389.64000 49.45000 13.53200 49.76600
12 11 20 01 22 13287.90000 4.30600000 389.64000 49.45000 13.53200 49.76600
12 11 20 01 23 13280.70000 4.30600000 389.56000 49.45000 13.53200 49.76600
12 11 20 01 23 13280.70000 4.30600000 389.56000 49.45000 13.53200 49.76600
12 11 20 01 24 13284.00000 4.30600000 389.56000 49.45000 13.53200 49.76600
12 11 20 01 24 13279.40000 4.30600000 389.76000 49.45000 13.53200 49.76600
12 11 20 01 24 13279.40000 4.30600000 389.76000 49.45000 13.53200 49.76600
12 11 20 01 25 13279.40000 4.30600000 389.56000 49.45000 13.53200 49.76600
12 11 20 01 25 13279.40000 4.30600000 389.56000 49.45000 13.53200 49.76600
12 11 20 01 26 13274.50000 4.30600000 389.56000 49.45000 13.53200 49.76600
12 11 20 01 26 13275.80000 4.30600000 389.56000 49.45000 13.53200 49.76600
12 11 20 01 27 13275.80000 4.30600000 389.56000 49.45000 13.53200 49.76600
12 11 20 01 27 13275.80000 4.30600000 389.56000 49.45000 13.53200 49.76600
12 11 20 01 27 13275.80000 4.30600000 389.52000 49.45000 13.53200 49.76600
12 11 20 01 28 13275.80000 4.30600000 389.52000 49.45000 13.53200 49.76600
12 11 20 01 28 13275.80000 4.30600000 389.52000 49.45000 13.53200 49.76600
12 11 20 01 29 13284.30000 4.30600000 389.52000 49.45000 13.53200 49.76600
12 11 20 01 29 13287.70000 4.30600000 389.52000 49.45000 13.53200 49.76600
12 11 20 01 30 13284.40000 4.30600000 389.52000 49.45000 13.53200 49.76600
12 11 20 01 30 13284.40000 4.30600000 389.52000 49.45000 13.53200 49.76600
12 11 20 01 30 13284.40000 4.30600000 389.52000 49.45000 13.53200 49.76600
12 11 20 01 31 13281.90000 4.30600000 389.80000 49.45000 13.53200 49.76600
12 11 20 01 31 13284.10000 4.30600000 389.80000 49.45000 13.53200 49.76600
12 11 20 01 32 13276.40000 4.30600000 389.60000 49.45000 13.53200 49.76600
12 11 20 01 32 13273.60000 4.30600000 389.60000 49.45000 13.53200 49.76600
12 11 20 01 32 13275.90000 4.30600000 389.32000 49.45000 13.53200 49.76600
12 11 20 01 33 13274.70000 4.30600000 389.32000 49.45000 13.53200 49.76600
12 11 20 01 33 13277.30000 4.30600000 389.32000 49.45000 13.53200 49.76600
12 11 20 01 34 13275.10000 4.30600000 389.32000 49.45000 13.53200 49.76600
12 11 20 01 34 13275.10000 4.30600000 389.29000 49.45000 13.53200 49.76600
12 11 20 01 35 13275.10000 4.30600000 389.29000 49.45000 13.53200 49.76600
12 11 20 01 35 13275.10000 4.30600000 389.29000 49.45000 13.53200 49.76600
12 11 20 01 35 13274.60000 4.30600000 389.29000 49.45000 13.53200 49.76600
12 11 20 01 36 13274.60000 4.30600000 389.26000 49.45000 13.53200 49.76600
12 11 20 01 36 13274.40000 4.30600000 389.26000 49.45000 13.53200 49.76600
12 11 20 01 37 13274.40000 4.30600000 389.26000 49.45000 13.53200 49.76600
