M=[
 6 8 20 04 39 9770.00000 5.93300000 331.76000 48.89000 17.65200 79.37300
 6 8 20 04 40 9774.50000 5.90700000 332.20000 48.89000 17.65200 78.97900
 6 8 20 04 40 9779.50000 5.92800000 332.29000 48.89000 17.68500 78.97900
 6 8 20 04 41 9779.50000 5.92800000 332.29000 48.89000 17.68500 78.97900
 6 8 20 04 41 9779.50000 5.92800000 331.88000 48.89000 17.68500 78.97900
 6 8 20 04 42 9778.10000 5.92800000 331.88000 48.89000 17.68500 78.84100
 6 8 20 04 42 9776.10000 5.92800000 331.78000 48.89000 17.68500 78.80500
 6 8 20 04 43 9776.20000 5.92800000 331.85000 48.89000 17.68500 78.80500
 6 8 20 04 43 9776.20000 5.92800000 331.81000 48.89000 17.68500 79.00700
 6 8 20 04 44 9776.40000 5.90800000 331.72000 48.89000 17.68500 79.00700
 6 8 20 04 44 9778.20000 5.90800000 331.45000 48.89000 17.68500 78.98300
 6 8 20 04 45 9779.50000 5.90800000 331.57000 48.81000 17.68500 79.00300
 6 8 20 04 45 9779.60000 5.90800000 331.32000 48.71000 17.68500 79.00300
 6 8 20 04 46 9779.50000 5.91600000 331.32000 48.71000 17.68500 79.00300
 6 8 20 04 47 9779.60000 5.91600000 331.99000 48.92000 17.68500 79.00300
 6 8 20 04 47 9790.10000 5.91600000 331.99000 48.92000 17.68500 79.00300
 6 8 20 04 48 9791.00000 5.91600000 332.40000 48.92000 17.68500 79.40200
 6 8 20 04 48 9791.00000 5.91600000 332.34000 48.92000 17.68500 79.61500
 6 8 20 04 49 9799.20000 5.91600000 332.51000 48.92000 17.68500 79.56200
 6 8 20 04 49 9798.60000 5.91600000 332.52000 48.92000 17.68500 79.78200
 6 8 20 04 50 9793.40000 5.91600000 332.52000 48.92000 17.68500 79.78200
 6 8 20 04 50 9794.90000 5.91600000 332.32000 48.92000 17.68500 79.75100
 6 8 20 04 51 9794.00000 5.91600000 332.32000 48.92000 17.68500 79.75100
 6 8 20 04 51 9794.00000 5.91600000 332.32000 48.92000 17.68500 79.75100
 6 8 20 04 52 9793.30000 5.91600000 332.32000 48.92000 17.68500 79.75100
 6 8 20 04 52 9792.80000 5.91600000 332.34000 48.92000 17.68500 79.62000
 6 8 20 04 53 9792.70000 5.91600000 332.29000 48.92000 17.68500 79.62000
 6 8 20 04 53 9793.20000 5.91600000 332.28000 48.92000 17.68500 79.62000
 6 8 20 04 54 9793.80000 5.91600000 332.41000 48.92000 17.68500 79.62000
 6 8 20 04 54 9793.60000 5.91600000 332.29000 48.92000 17.68500 79.62000
 6 8 20 04 55 9790.10000 5.91000000 332.27000 48.92000 17.68500 79.62000
 6 8 20 04 55 9783.70000 5.91000000 332.00000 48.92000 17.68500 79.33100
 6 8 20 04 56 9796.40000 5.91000000 332.49000 48.92000 17.68500 79.33100
 6 8 20 04 56 9797.90000 5.91000000 332.49000 48.92000 17.68500 79.33100
 6 8 20 04 57 9799.30000 5.91000000 332.50000 48.90000 17.68500 79.33100
 6 8 20 04 57 9799.10000 5.90400000 332.52000 48.90000 17.68500 79.33100
 6 8 20 04 58 9799.50000 5.90400000 332.52000 48.90000 17.68500 79.33100
 6 8 20 04 58 9796.40000 5.90400000 332.36000 48.93000 17.68500 80.04000
 6 8 20 04 59 9793.80000 5.90200000 332.38000 48.90000 17.62100 80.45700
 6 8 20 04 59 9793.80000 5.90200000 332.42000 48.90000 17.62100 80.19900
 6 8 20 05 00 9793.00000 5.90200000 332.33000 48.86000 17.62100 80.19900
 6 8 20 05 00 9787.10000 5.90000000 332.33000 48.84000 17.62100 80.19900
 6 8 20 05 01 9784.30000 5.90000000 332.33000 48.84000 17.62100 80.23400
 6 8 20 05 01 9784.80000 5.90000000 332.30000 48.83000 17.62100 80.23400
 6 8 20 05 02 9785.80000 5.90000000 332.30000 48.83000 17.62100 80.23400
 6 8 20 05 02 9785.80000 5.90200000 332.62000 48.83000 17.62100 80.58200
 6 8 20 05 03 9790.00000 5.90200000 333.00000 48.83000 17.62100 80.80300
 6 8 20 05 03 9790.00000 5.90200000 333.00000 48.83000 17.62100 80.67100
 6 8 20 05 04 9790.00000 5.90200000 333.11000 48.97000 17.62100 80.91700
 6 8 20 05 04 9806.30000 5.90200000 333.30000 48.99000 17.62100 81.18500
 6 8 20 05 05 9806.40000 5.90200000 333.32000 48.98000 17.62100 80.90100
 6 8 20 05 05 9798.20000 5.90200000 333.31000 48.98000 17.62100 81.14600
 6 8 20 05 06 9796.10000 5.90700000 333.15000 48.98000 17.62100 81.03500
 6 8 20 05 06 9801.40000 5.90700000 333.32000 48.98000 17.62100 81.18600
 6 8 20 05 07 9804.60000 5.90700000 333.43000 48.98000 17.62100 81.28100
 6 8 20 05 07 9805.00000 5.90700000 333.47000 48.98000 17.62100 81.28100
 6 8 20 05 08 9806.40000 5.94000000 333.51000 49.03000 17.62100 81.28100
 6 8 20 05 08 9807.10000 5.93700000 333.51000 49.03000 17.62100 80.75900
 6 8 20 05 09 9809.80000 5.92100000 333.58000 49.03000 17.62100 80.75500
 6 8 20 05 09 9808.50000 5.92700000 333.53000 48.97000 17.62100 80.75500
 6 8 20 05 10 9808.60000 5.92000000 333.59000 48.97000 17.62100 80.75500
 6 8 20 05 10 9804.60000 5.92000000 333.51000 48.97000 17.62100 80.75500
 6 8 20 05 11 9804.70000 5.92000000 333.54000 48.97000 17.62100 80.75500
 6 8 20 05 11 9804.70000 5.92000000 333.54000 48.97000 17.62100 80.75500
 6 8 20 05 12 9804.60000 5.91900000 333.54000 48.97000 17.62100 80.75500
 6 8 20 05 12 9804.70000 5.91900000 333.67000 48.97000 17.62100 80.75500
 6 8 20 05 13 9804.70000 5.92100000 333.59000 48.96000 17.62100 80.75500
 6 8 20 05 13 9804.70000 5.92100000 333.62000 48.96000 17.62100 80.75500
 6 8 20 05 14 9804.60000 5.93000000 333.63000 48.96000 17.62100 80.81200
 6 8 20 05 14 9804.60000 5.93000000 333.62000 48.96000 17.62100 80.81200
 6 8 20 05 15 9804.70000 5.93000000 333.66000 48.96000 17.62100 80.81200
 6 8 20 05 15 9804.60000 5.93000000 333.60000 48.96000 17.69800 80.81200
 6 8 20 05 16 9804.60000 5.93000000 333.43000 48.96000 17.69800 80.81200
 6 8 20 05 16 9804.70000 5.93000000 333.43000 48.96000 17.69800 80.81200
 6 8 20 05 17 9804.70000 5.93000000 333.40000 48.96000 17.69800 80.52000
 6 8 20 05 17 9804.60000 5.93000000 333.40000 48.96000 17.69800 80.52000
 6 8 20 05 17 9800.30000 5.93000000 333.28000 48.96000 17.69800 80.54400
 6 8 20 05 18 9800.10000 5.92000000 333.29000 48.96000 17.69800 80.54400
 6 8 20 05 18 9800.20000 5.92000000 333.21000 48.96000 17.69800 80.54400
 6 8 20 05 19 9800.10000 5.92000000 333.33000 48.96000 17.69800 80.54400
 6 8 20 05 19 9804.60000 5.92500000 333.71000 48.96000 17.69800 80.54400
 6 8 20 05 20 9805.30000 5.92500000 333.71000 48.96000 17.69800 80.54400
 6 8 20 05 20 9806.80000 5.92500000 333.69000 48.96000 17.69800 80.54400
 6 8 20 05 21 9805.30000 5.92500000 333.68000 48.96000 17.69800 80.54400
 6 8 20 05 21 9806.70000 5.91700000 333.68000 48.96000 17.69800 80.54400
 6 8 20 05 22 9807.60000 5.91700000 333.68000 48.96000 17.69800 80.54400
 6 8 20 05 22 9806.90000 5.91700000 333.68000 48.96000 17.69800 80.54400
 6 8 20 05 23 9807.00000 5.91700000 333.67000 48.96000 17.69800 80.54400
 6 8 20 05 23 9809.10000 5.91700000 333.68000 48.96000 17.69800 80.54400
 6 8 20 05 24 9808.40000 5.91700000 333.69000 48.96000 17.69800 80.54400
 6 8 20 05 24 9807.60000 5.93100000 333.69000 48.96000 17.69800 80.54400
 6 8 20 05 25 9807.40000 5.93100000 333.69000 48.96000 17.69800 80.54400
 6 8 20 05 25 9807.70000 5.94300000 333.69000 48.96000 17.69800 80.54400
 6 8 20 05 26 9807.50000 5.93300000 333.67000 48.96000 17.69800 80.54400
 6 8 20 05 26 9807.60000 5.93300000 333.67000 48.96000 17.69800 80.28000
 6 8 20 05 26 9807.60000 5.93300000 333.67000 48.96000 17.69800 80.28000
 6 8 20 05 27 9804.40000 5.93300000 333.03000 48.96000 17.69800 80.08900
 6 8 20 05 27 9804.50000 5.93300000 332.68000 48.96000 17.69800 80.08900
 6 8 20 05 28 9804.50000 5.93300000 332.68000 48.85000 17.69800 80.02300
 6 8 20 05 28 9804.50000 5.91500000 332.73000 48.85000 17.69800 80.02300
 6 8 20 05 29 9804.50000 5.91500000 332.72000 48.85000 17.69800 80.02300
 6 8 20 05 29 9804.50000 5.91300000 332.86000 48.85000 17.69800 80.16900
 6 8 20 05 30 9804.40000 5.93900000 332.78000 48.85000 17.69800 80.16900
 6 8 20 05 30 9804.40000 5.92100000 332.59000 48.85000 17.69800 80.16900
 6 8 20 05 31 9800.20000 5.92100000 332.59000 48.85000 17.69800 80.16900
 6 8 20 05 31 9800.20000 5.92100000 332.59000 48.85000 17.69800 80.28000
 6 8 20 05 32 9800.20000 5.92100000 332.59000 48.85000 17.69800 80.28000
 6 8 20 05 32 9798.00000 5.91600000 332.60000 48.85000 17.69800 80.28000
 6 8 20 05 33 9798.00000 5.91400000 332.60000 48.84000 17.69800 80.28000
