M=[
20 9 20 15 53 9188.00000 5.13000000 314.55000 39.58000 13.03100 47.59600
20 9 20 15 54 9188.00000 5.13000000 314.55000 39.58000 13.03100 47.59600
20 9 20 15 54 9188.10000 5.13000000 314.53000 39.58000 13.03100 47.59600
20 9 20 15 55 9188.10000 5.13000000 314.50000 39.56000 13.03100 47.59600
20 9 20 15 55 9188.00000 5.13000000 314.50000 39.54000 13.03100 47.59600
20 9 20 15 55 9188.10000 5.13000000 314.51000 39.54000 13.03100 47.59600
20 9 20 15 56 9188.10000 5.13000000 314.51000 39.53000 13.03100 47.59600
20 9 20 15 56 9188.00000 5.13000000 314.51000 39.53000 13.03100 47.59600
20 9 20 15 57 9188.10000 5.13600000 314.50000 39.53000 13.03100 47.59600
20 9 20 15 57 9188.10000 5.13600000 314.50000 39.53000 13.03100 47.59600
20 9 20 15 58 9188.10000 5.13600000 314.50000 39.57000 13.03100 47.59600
20 9 20 15 58 9187.10000 5.13600000 314.50000 39.57000 13.03100 47.59600
20 9 20 15 58 9187.00000 5.13600000 314.39000 39.57000 13.03100 47.59600
20 9 20 15 59 9187.00000 5.13600000 314.21000 39.57000 13.03100 47.59600
20 9 20 15 59 9185.00000 5.13600000 314.20000 39.57000 13.03100 47.59600
20 9 20 16 00 9175.90000 5.13600000 313.13000 39.53000 13.03100 47.59600
20 9 20 16 00 9182.10000 5.13600000 312.83000 39.44000 13.03100 47.59600
20 9 20 16 01 9174.20000 5.13600000 312.80000 39.43000 13.03100 47.59600
20 9 20 16 01 9174.60000 5.13600000 313.15000 39.41000 13.03100 47.59600
20 9 20 16 02 9179.90000 5.13600000 312.87000 39.43000 13.03100 47.32900
20 9 20 16 02 9182.30000 5.13600000 313.03000 39.42000 13.03100 47.24400
20 9 20 16 03 9182.30000 5.12400000 313.21000 39.42000 13.11100 47.32900
20 9 20 16 03 9182.30000 5.12400000 312.45000 39.42000 13.11100 47.20100
20 9 20 16 04 9173.00000 5.12400000 311.41000 39.39000 13.11100 47.20000
20 9 20 16 04 9173.00000 5.12400000 311.55000 39.39000 13.11100 47.27900
20 9 20 16 05 9173.00000 5.12400000 311.53000 39.36000 13.11100 47.22900
20 9 20 16 05 9172.00000 5.12400000 311.58000 39.36000 13.11100 47.22800
20 9 20 16 05 9172.00000 5.12400000 311.60000 39.40000 13.11100 47.22800
20 9 20 16 06 9172.10000 5.12400000 311.81000 39.40000 13.11100 47.22800
20 9 20 16 06 9172.10000 5.12400000 312.00000 39.43000 13.11100 47.22800
20 9 20 16 07 9172.00000 5.12400000 311.65000 39.41000 13.11100 47.22800
20 9 20 16 07 9172.10000 5.12400000 311.26000 39.38000 13.11100 47.22800
20 9 20 16 08 9172.10000 5.12400000 311.23000 39.38000 13.11100 47.22800
20 9 20 16 08 9172.00000 5.12400000 311.33000 39.38000 13.11100 47.22800
20 9 20 16 09 9172.00000 5.12400000 311.59000 39.38000 13.11100 47.22800
20 9 20 16 09 9172.00000 5.12400000 311.26000 39.38000 13.11100 47.21300
20 9 20 16 09 9170.00000 5.12400000 311.20000 39.35000 13.11100 47.21300
20 9 20 16 10 9169.10000 5.12400000 310.83000 39.35000 13.11100 47.21300
20 9 20 16 10 9169.00000 5.12400000 310.63000 39.29000 13.11100 47.21300
20 9 20 16 11 9168.00000 5.12400000 310.63000 39.29000 13.03000 47.21300
20 9 20 16 11 9167.10000 5.12900000 310.62000 39.29000 13.03000 47.21300
20 9 20 16 12 9166.40000 5.12900000 310.68000 39.29000 13.02800 47.21300
20 9 20 16 12 9160.30000 5.12900000 310.73000 39.30000 13.02800 47.21300
20 9 20 16 12 9163.40000 5.12900000 310.95000 39.29000 13.00000 47.21300
20 9 20 16 13 9159.90000 5.12900000 311.00000 39.28000 13.00000 47.21300
20 9 20 16 13 9160.00000 5.12900000 311.00000 39.28000 13.00000 47.21300
20 9 20 16 14 9160.10000 5.12900000 311.15000 39.28000 13.00000 47.21300
20 9 20 16 14 9161.90000 5.12900000 311.49000 39.37000 13.02400 47.21300
20 9 20 16 15 9165.90000 5.12900000 311.49000 39.37000 13.02400 47.21300
20 9 20 16 15 9159.40000 5.12900000 311.09000 39.29000 13.02400 47.21300
20 9 20 16 15 9160.20000 5.12900000 311.09000 39.28000 13.02400 47.21300
20 9 20 16 16 9159.20000 5.12900000 310.80000 39.28000 13.02400 47.21300
20 9 20 16 16 9160.20000 5.12900000 310.95000 39.28000 13.02400 47.21300
20 9 20 16 17 9161.70000 5.12900000 311.01000 39.28000 13.02400 47.21300
20 9 20 16 17 9162.40000 5.12900000 311.02000 39.32000 13.02400 47.06000
20 9 20 16 18 9163.70000 5.12900000 311.20000 39.32000 13.02400 47.06000
20 9 20 16 18 9169.40000 5.12900000 311.64000 39.32000 13.02400 47.06000
20 9 20 16 18 9175.90000 5.12900000 311.64000 39.36000 13.02400 47.06000
20 9 20 16 19 9173.40000 5.12900000 311.67000 39.36000 13.02400 47.30400
20 9 20 16 19 9173.40000 5.12900000 311.67000 39.36000 13.02400 47.30400
20 9 20 16 20 9168.00000 5.12900000 311.64000 39.36000 13.02400 47.30400
20 9 20 16 20 9164.60000 5.12900000 311.64000 39.36000 13.02400 47.30400
20 9 20 16 21 9160.10000 5.12900000 311.02000 39.36000 13.02400 47.30400
20 9 20 16 21 9162.50000 5.12900000 310.87000 39.30000 13.02400 47.30400
20 9 20 16 21 9162.60000 5.12900000 310.87000 39.30000 13.02400 47.30400
20 9 20 16 22 9161.90000 5.12900000 310.87000 39.29000 13.02400 47.30400
20 9 20 16 22 9160.50000 5.12900000 310.68000 39.30000 13.02400 47.30400
20 9 20 16 23 9157.40000 5.12900000 310.68000 39.27000 13.02400 47.30400
20 9 20 16 23 9157.40000 5.12900000 310.67000 39.28000 13.02400 47.30400
20 9 20 16 24 9157.40000 5.12900000 310.67000 39.27000 13.02400 47.30400
20 9 20 16 24 9150.70000 5.12900000 310.60000 39.21000 12.97800 47.30400
20 9 20 16 24 9150.00000 5.12900000 310.61000 39.21000 12.85400 47.00000
20 9 20 16 25 9153.10000 5.12900000 310.97000 39.31000 12.85400 47.00000
20 9 20 16 25 9152.90000 5.12900000 310.71000 39.27000 12.85400 47.00000
20 9 20 16 26 9150.70000 5.12900000 310.67000 39.27000 12.85400 47.00000
20 9 20 16 26 9150.10000 5.12900000 310.78000 39.27000 12.85400 47.00000
20 9 20 16 27 9150.20000 5.12900000 310.88000 39.34000 12.83100 47.00000
20 9 20 16 27 9150.10000 5.12900000 310.56000 39.34000 12.83100 47.00000
20 9 20 16 28 9139.00000 5.12900000 310.02000 39.22000 12.83100 46.91800
20 9 20 16 28 9130.10000 5.12900000 309.76000 39.14000 12.82700 46.92600
20 9 20 16 29 9129.10000 5.12900000 310.03000 39.19000 12.82700 46.92600
20 9 20 16 29 9128.70000 5.12900000 309.81000 39.19000 12.82700 46.91900
20 9 20 16 30 9118.00000 5.12900000 309.53000 39.19000 12.80800 46.91900
20 9 20 16 30 9131.10000 5.12900000 309.82000 39.19000 12.84700 46.82600
20 9 20 16 31 9142.50000 5.12900000 310.50000 39.19000 12.84700 46.82600
20 9 20 16 31 9144.80000 5.12900000 310.76000 39.19000 12.84700 46.82600
20 9 20 16 31 9146.50000 5.12900000 310.83000 39.19000 12.84700 46.82600
20 9 20 16 32 9157.10000 5.12900000 311.19000 39.31000 12.67200 46.82600
20 9 20 16 32 9164.10000 5.12900000 311.19000 39.31000 12.67200 46.82600
20 9 20 16 33 9157.50000 5.12900000 311.02000 39.35000 12.67200 46.82600
20 9 20 16 33 9156.00000 5.12900000 311.05000 39.35000 12.67200 46.82600
20 9 20 16 34 9156.10000 5.12900000 311.06000 39.35000 12.67200 46.82600
20 9 20 16 34 9156.00000 5.12900000 311.05000 39.35000 12.67200 46.82600
20 9 20 16 35 9156.10000 5.12900000 311.16000 39.36000 12.67200 46.82600
20 9 20 16 35 9173.30000 5.12900000 311.33000 39.36000 12.75100 47.40800
20 9 20 16 35 9170.10000 5.12900000 311.84000 39.42000 12.75100 47.40800
20 9 20 16 36 9170.20000 5.12900000 311.86000 39.42000 12.75100 47.40800
20 9 20 16 36 9170.20000 5.12900000 311.69000 39.42000 12.75100 47.40800
20 9 20 16 37 9171.70000 5.12900000 311.69000 39.42000 12.75100 47.40800
20 9 20 16 37 9173.30000 5.12900000 311.75000 39.42000 12.72800 47.40800
20 9 20 16 38 9173.30000 5.12900000 311.88000 39.44000 12.72800 47.40800
20 9 20 16 38 9173.20000 5.12900000 311.88000 39.44000 12.72800 47.40800
20 9 20 16 38 9173.30000 5.12900000 311.88000 39.44000 12.72800 47.40800
20 9 20 16 39 9170.80000 5.12900000 311.87000 39.48000 12.72800 47.40800
20 9 20 16 39 9170.90000 5.12900000 311.48000 39.48000 12.77700 47.40800
20 9 20 16 40 9170.80000 5.12900000 311.48000 39.40000 12.77700 47.40800
20 9 20 16 40 9170.90000 5.12900000 311.45000 39.40000 12.77700 47.40800
20 9 20 16 41 9170.90000 5.12900000 311.89000 39.40000 12.85600 47.40800
20 9 20 16 41 9173.10000 5.12900000 311.89000 39.46000 12.85600 47.40800
