M=[
13 8 20 14 32 9749.90000 5.63000000 332.08000 45.98000 17.93000 67.89300
13 8 20 14 33 9755.10000 5.63000000 332.11000 45.98000 17.93000 67.89300
13 8 20 14 33 9756.00000 5.63000000 332.01000 45.98000 17.93000 67.89300
13 8 20 14 34 9755.70000 5.63000000 331.95000 45.98000 17.93000 67.89300
13 8 20 14 34 9760.00000 5.67600000 331.99000 45.98000 17.92500 67.89300
13 8 20 14 35 9767.70000 5.67600000 332.22000 45.98000 17.92200 67.89300
13 8 20 14 35 9764.60000 5.67600000 332.15000 45.98000 17.92200 67.89300
13 8 20 14 36 9769.60000 5.67600000 332.45000 45.98000 17.93000 67.89300
13 8 20 14 36 9764.50000 5.67600000 332.28000 45.98000 17.93000 67.89300
13 8 20 14 37 9761.80000 5.67600000 332.04000 45.98000 17.93000 67.89300
13 8 20 14 37 9764.40000 5.67600000 332.44000 45.96000 17.93000 68.15500
13 8 20 14 38 9762.50000 5.67600000 332.34000 45.96000 17.93000 68.15500
13 8 20 14 38 9766.10000 5.67600000 332.13000 45.96000 17.93000 68.28000
13 8 20 14 39 9765.00000 5.67600000 332.12000 45.98000 17.93000 68.28000
13 8 20 14 39 9763.50000 5.67600000 332.13000 45.98000 17.93000 68.28000
13 8 20 14 40 9763.00000 5.67600000 332.45000 45.98000 17.93000 68.28000
13 8 20 14 40 9761.60000 5.67600000 332.41000 45.98000 17.93000 68.28000
13 8 20 14 41 9757.80000 5.67600000 332.26000 45.98000 17.93000 68.28000
13 8 20 14 41 9758.00000 5.67600000 332.46000 45.98000 17.93000 68.28000
13 8 20 14 42 9757.50000 5.67600000 332.28000 45.98000 17.93000 68.28000
13 8 20 14 42 9757.50000 5.67600000 332.45000 45.98000 17.87700 68.28000
13 8 20 14 43 9757.40000 5.67600000 332.45000 45.98000 17.87700 68.28000
13 8 20 14 43 9758.00000 5.67600000 332.45000 45.98000 17.85000 68.28000
13 8 20 14 44 9756.90000 5.67600000 332.50000 46.02000 17.85000 68.28000
13 8 20 14 44 9759.50000 5.67600000 332.54000 46.02000 17.80000 68.28000
13 8 20 14 44 9763.40000 5.67600000 332.51000 46.02000 17.79900 68.28000
13 8 20 14 45 9765.70000 5.67600000 332.81000 46.02000 17.71100 68.28000
13 8 20 14 45 9764.30000 5.67600000 332.68000 46.07000 17.80000 68.28000
13 8 20 14 46 9762.40000 5.67600000 332.50000 46.06000 17.79900 68.28000
13 8 20 14 46 9756.30000 5.67600000 332.23000 46.06000 17.79900 68.28000
13 8 20 14 47 9755.70000 5.67200000 332.15000 46.06000 17.80000 68.28000
13 8 20 14 47 9751.80000 5.67200000 332.18000 46.06000 17.80000 68.28000
13 8 20 14 48 9751.00000 5.67200000 332.07000 46.06000 17.80000 68.28000
13 8 20 14 48 9746.70000 5.67200000 332.17000 46.02000 17.80000 68.12700
13 8 20 14 49 9748.30000 5.67200000 332.15000 46.02000 17.79900 68.12700
13 8 20 14 49 9745.00000 5.67200000 332.15000 46.02000 17.70000 68.12700
13 8 20 14 50 9747.30000 5.67200000 332.19000 46.02000 17.80000 68.12700
13 8 20 14 50 9749.70000 5.67200000 332.24000 46.02000 17.80000 68.12700
13 8 20 14 51 9753.30000 5.67200000 332.53000 46.02000 17.80000 68.12700
13 8 20 14 51 9749.90000 5.67200000 332.31000 46.02000 17.80000 68.12700
13 8 20 14 52 9747.80000 5.67200000 332.23000 46.02000 17.80000 68.12700
13 8 20 14 52 9746.60000 5.67200000 332.23000 46.01000 17.80000 68.12700
13 8 20 14 53 9747.80000 5.67200000 332.11000 46.01000 17.79900 68.12700
13 8 20 14 53 9747.30000 5.67200000 331.82000 46.01000 17.80000 68.12700
13 8 20 14 54 9741.20000 5.67200000 331.80000 46.01000 17.80000 68.12700
13 8 20 14 54 9742.50000 5.67200000 331.72000 46.01000 17.80000 67.86700
13 8 20 14 55 9748.20000 5.67200000 331.72000 46.01000 17.80000 67.86700
13 8 20 14 55 9747.40000 5.67200000 331.70000 46.01000 17.80000 67.86700
13 8 20 14 56 9740.90000 5.67200000 331.68000 46.01000 17.70000 67.86700
13 8 20 14 56 9736.20000 5.67200000 331.67000 46.01000 17.70000 67.86700
13 8 20 14 56 9742.80000 5.67200000 331.79000 46.01000 17.70000 67.86700
13 8 20 14 57 9748.40000 5.67200000 332.01000 46.01000 17.70000 67.86700
13 8 20 14 57 9750.10000 5.67200000 331.88000 46.01000 17.79800 67.86700
13 8 20 14 58 9750.20000 5.67200000 332.00000 45.98000 17.65200 67.86700
13 8 20 14 58 9750.40000 5.67200000 332.12000 45.98000 17.65200 67.86700
13 8 20 14 59 9753.20000 5.67200000 332.29000 45.99000 17.80000 67.86700
13 8 20 14 59 9753.50000 5.67200000 332.73000 46.02000 17.80000 67.88800
13 8 20 15 00 9758.10000 5.67200000 332.85000 46.02000 17.81100 67.88800
13 8 20 15 00 9759.50000 5.67200000 332.68000 46.01000 17.81200 67.88800
13 8 20 15 01 9760.00000 5.67200000 332.21000 46.01000 17.81200 67.88800
13 8 20 15 01 9760.10000 5.67200000 332.16000 46.01000 17.81200 67.88800
13 8 20 15 02 9754.00000 5.67200000 331.89000 46.01000 17.75900 67.88800
13 8 20 15 02 9750.20000 5.67200000 331.58000 46.01000 17.65200 67.88800
13 8 20 15 03 9743.80000 5.67200000 331.66000 46.01000 17.76300 67.88800
13 8 20 15 03 9739.40000 5.67200000 331.45000 46.01000 17.76300 67.88800
13 8 20 15 04 9740.70000 5.67200000 331.57000 45.89000 17.72700 67.88800
13 8 20 15 04 9739.50000 5.67200000 331.57000 45.89000 17.72700 67.88800
13 8 20 15 05 9739.20000 5.66900000 331.57000 45.90000 17.75700 67.73900
13 8 20 15 05 9734.30000 5.66900000 331.34000 45.90000 17.75600 67.73900
13 8 20 15 06 9742.90000 5.66900000 331.40000 45.86000 17.75300 67.73900
13 8 20 15 06 9745.20000 5.66900000 331.44000 45.86000 17.75300 67.73900
13 8 20 15 07 9738.10000 5.66900000 331.41000 45.86000 17.64700 67.73900
13 8 20 15 07 9744.50000 5.66900000 331.42000 45.92000 17.74800 67.73900
13 8 20 15 08 9747.30000 5.66900000 331.42000 45.90000 17.76200 67.73900
13 8 20 15 08 9739.80000 5.66900000 331.17000 45.91000 17.44300 67.73900
13 8 20 15 09 9738.90000 5.66900000 331.32000 45.91000 17.69800 67.73900
13 8 20 15 09 9743.30000 5.66900000 331.32000 45.91000 17.69800 67.73900
13 8 20 15 10 9738.90000 5.66900000 331.33000 45.91000 17.75200 67.73900
13 8 20 15 10 9734.30000 5.66900000 330.57000 45.91000 17.75200 67.73900
13 8 20 15 11 9734.30000 5.66900000 330.81000 45.86000 17.75200 67.73900
13 8 20 15 11 9733.30000 5.66900000 330.54000 45.86000 17.69800 67.73900
13 8 20 15 12 9733.20000 5.66900000 330.59000 45.86000 17.75000 67.73900
13 8 20 15 12 9734.90000 5.66900000 330.73000 45.84000 17.75000 67.57000
13 8 20 15 13 9733.90000 5.66900000 330.73000 45.84000 17.75000 67.57000
13 8 20 15 13 9730.70000 5.66900000 330.39000 45.84000 17.75100 67.57000
13 8 20 15 14 9728.20000 5.66900000 330.11000 45.84000 17.72000 67.57000
13 8 20 15 14 9728.20000 5.66900000 330.14000 45.84000 17.73300 67.57000
13 8 20 15 15 9724.00000 5.65300000 330.19000 45.81000 17.73300 67.57000
13 8 20 15 15 9736.20000 5.65300000 330.77000 45.83000 17.75100 67.57000
13 8 20 15 16 9737.70000 5.65100000 330.76000 45.83000 17.75100 67.57000
13 8 20 15 16 9737.50000 5.65100000 330.70000 45.83000 17.75100 67.57000
13 8 20 15 17 9741.10000 5.65100000 331.33000 46.01000 17.75100 67.57000
13 8 20 15 17 9739.60000 5.65300000 331.23000 46.01000 17.75100 67.57000
13 8 20 15 18 9742.40000 5.65300000 331.56000 46.01000 17.75100 67.57000
13 8 20 15 18 9741.90000 5.65300000 331.46000 46.06000 17.64300 67.57000
13 8 20 15 19 9752.20000 5.67500000 331.85000 46.06000 17.70000 67.57000
13 8 20 15 20 9741.90000 5.67500000 331.72000 46.15000 17.70000 67.57000
13 8 20 15 20 9751.00000 5.67500000 331.61000 46.15000 17.70000 67.57000
13 8 20 15 20 9750.80000 5.67500000 331.71000 46.15000 17.70000 67.75500
13 8 20 15 21 9749.50000 5.67500000 331.70000 46.15000 17.70000 67.75500
13 8 20 15 22 9739.80000 5.67500000 331.49000 45.96000 17.70000 67.75500
13 8 20 15 22 9735.90000 5.67500000 331.22000 45.96000 17.70000 67.75500
13 8 20 15 23 9731.40000 5.67500000 330.70000 45.96000 17.70000 67.75500
13 8 20 15 23 9731.50000 5.67500000 330.58000 45.95000 17.70000 67.75500
13 8 20 15 23 9725.50000 5.67500000 330.49000 45.95000 17.70000 67.75500
13 8 20 15 24 9725.40000 5.67500000 330.49000 45.95000 17.70000 67.75500
13 8 20 15 24 9723.70000 5.67500000 330.40000 45.94000 17.70000 67.75500
13 8 20 15 25 9724.50000 5.67500000 330.68000 45.94000 17.70000 67.75500
13 8 20 15 25 9727.20000 5.67500000 330.55000 45.94000 17.70000 67.75500
