M=[
31 5 20 02 36 8665.20000 6.66300000 218.65000 42.56000 11.97700 49.19600
31 5 20 02 37 8665.60000 6.66300000 218.69000 42.52000 11.97700 48.69500
31 5 20 02 37 8659.50000 6.66300000 218.70000 42.56000 11.97700 49.19600
31 5 20 02 37 8659.50000 6.66300000 218.70000 42.56000 11.97700 49.19600
31 5 20 02 38 8662.20000 6.66300000 218.70000 42.56000 11.95600 49.19600
31 5 20 02 38 8666.00000 6.66300000 218.70000 42.56000 11.97700 48.69500
31 5 20 02 39 8661.50000 6.66300000 218.70000 42.56000 11.97700 49.19600
31 5 20 02 39 8662.20000 6.66300000 218.70000 42.52000 11.95600 49.19600
31 5 20 02 40 8656.50000 6.66500000 218.39000 42.56000 11.95600 49.19600
31 5 20 02 40 8660.30000 6.66300000 218.70000 42.54000 11.97700 48.69500
31 5 20 02 41 8655.10000 6.66300000 218.39000 42.54000 11.97700 49.19600
31 5 20 02 41 8660.00000 6.66300000 218.39000 42.54000 11.97700 49.19600
31 5 20 02 42 8660.00000 6.66300000 218.39000 42.54000 11.97700 49.19600
31 5 20 02 42 8659.90000 6.66300000 218.39000 42.54000 11.97700 49.19600
31 5 20 02 43 8659.10000 6.66300000 218.39000 42.54000 11.97700 49.19600
31 5 20 02 43 8659.10000 6.66300000 218.39000 42.54000 11.97700 49.19600
31 5 20 02 44 8659.10000 6.66300000 218.39000 42.54000 11.97700 49.19600
31 5 20 02 44 8659.90000 6.66300000 218.39000 42.54000 11.97700 49.19600
31 5 20 02 45 8659.90000 6.66300000 218.39000 42.51000 11.97700 49.19600
31 5 20 02 45 8660.00000 6.66300000 218.51000 42.51000 11.97700 49.19600
31 5 20 02 45 8661.70000 6.66300000 218.51000 42.51000 11.97700 49.19600
31 5 20 02 46 8663.80000 6.66300000 218.51000 42.51000 11.97700 48.69500
31 5 20 02 46 8663.80000 6.66300000 218.39000 42.50000 11.97700 49.19600
31 5 20 02 47 8666.00000 6.66300000 218.85000 42.50000 11.97700 49.19600
31 5 20 02 47 8666.00000 6.66500000 218.79000 42.50000 11.97700 49.19600
31 5 20 02 48 8666.00000 6.66300000 218.79000 42.50000 11.97700 49.19600
31 5 20 02 48 8666.00000 6.66300000 218.79000 42.50000 11.97700 49.19600
31 5 20 02 49 8665.90000 6.66300000 218.79000 42.50000 11.97700 49.19600
31 5 20 02 49 8666.00000 6.66300000 218.79000 42.50000 11.97700 49.19600
31 5 20 02 50 8666.00000 6.66300000 218.88000 42.50000 11.97700 49.19600
31 5 20 02 50 8665.00000 6.66300000 218.88000 42.59000 11.97700 49.19600
31 5 20 02 51 8666.00000 6.66300000 218.88000 42.59000 11.97700 49.19600
31 5 20 02 51 8665.90000 6.66300000 218.88000 42.59000 11.95600 48.69500
31 5 20 02 52 8665.90000 6.66300000 218.80000 42.59000 11.97700 49.19600
31 5 20 02 52 8664.70000 6.66300000 218.71000 42.59000 11.97700 49.19600
31 5 20 02 53 8667.40000 6.66300000 218.71000 42.59000 11.97700 49.19600
31 5 20 02 53 8667.40000 6.66300000 218.71000 42.51000 11.95600 49.19600
31 5 20 02 54 8667.40000 6.66300000 218.71000 42.59000 11.97700 49.19600
31 5 20 02 54 8667.40000 6.66300000 218.71000 42.54000 11.97700 49.19600
31 5 20 02 54 8667.40000 6.66300000 218.71000 42.54000 11.97700 49.19600
31 5 20 02 55 8671.30000 6.66300000 218.67000 42.59000 11.97700 49.19600
31 5 20 02 55 8671.30000 6.66300000 218.67000 42.59000 11.97700 48.69500
31 5 20 02 56 8671.20000 6.66300000 218.71000 42.59000 11.97700 49.19600
31 5 20 02 56 8671.20000 6.66300000 218.67000 42.53000 11.97700 49.19600
31 5 20 02 57 8669.90000 6.66300000 218.67000 42.53000 11.97700 49.19600
31 5 20 02 57 8669.90000 6.66300000 218.54000 42.53000 11.97700 49.19600
31 5 20 02 58 8669.90000 6.66300000 218.54000 42.53000 11.97700 49.19600
31 5 20 02 58 8669.90000 6.66300000 218.31000 42.53000 11.97700 49.19600
31 5 20 02 59 8669.90000 6.66300000 218.31000 42.50000 11.97700 49.19600
31 5 20 02 59 8665.80000 6.66300000 218.08000 42.50000 11.97700 49.19600
31 5 20 03 00 8665.80000 6.66300000 218.08000 42.50000 11.97700 49.19600
31 5 20 03 00 8664.90000 6.66300000 218.08000 42.50000 11.97700 49.19600
31 5 20 03 00 8664.90000 6.66300000 218.08000 42.40000 11.97700 49.19600
31 5 20 03 01 8664.90000 6.66300000 218.06000 42.40000 11.97700 49.19600
31 5 20 03 02 8664.90000 6.66300000 218.06000 42.40000 11.97700 49.03600
31 5 20 03 02 8663.20000 6.66300000 217.95000 42.40000 11.97700 49.03600
31 5 20 03 02 8661.20000 6.66300000 218.31000 42.40000 11.97700 49.03600
31 5 20 03 03 8663.90000 6.66300000 217.95000 42.40000 11.97700 49.03600
31 5 20 03 03 8663.90000 6.66300000 217.95000 42.40000 11.97700 49.03600
31 5 20 03 04 8663.90000 6.66500000 218.05000 42.44000 11.97700 49.03600
31 5 20 03 04 8663.90000 6.66300000 218.31000 42.44000 11.97700 49.03600
31 5 20 03 05 8666.30000 6.66300000 217.68000 42.44000 11.97700 48.69500
31 5 20 03 05 8660.30000 6.66300000 217.68000 42.44000 11.95600 49.03600
31 5 20 03 06 8660.40000 6.66500000 218.05000 42.44000 11.97700 49.03600
31 5 20 03 06 8660.40000 6.66300000 217.68000 42.44000 11.97700 49.03600
31 5 20 03 07 8660.20000 6.66300000 218.05000 42.42000 11.97700 49.03600
31 5 20 03 07 8660.20000 6.66300000 217.76000 42.42000 11.97700 49.02400
31 5 20 03 08 8656.00000 6.66300000 217.74000 42.42000 11.95600 49.02400
31 5 20 03 08 8657.20000 6.66300000 217.74000 42.42000 11.97700 49.03600
31 5 20 03 09 8657.20000 6.66300000 217.75000 42.42000 11.97700 49.02400
31 5 20 03 09 8658.30000 6.66300000 217.68000 42.42000 11.97700 49.02400
31 5 20 03 10 8655.70000 6.66300000 218.05000 42.44000 11.95600 49.02400
31 5 20 03 10 8651.10000 6.66300000 217.75000 42.42000 11.97700 49.02400
31 5 20 03 11 8653.40000 6.66300000 217.75000 42.42000 11.97700 49.02400
31 5 20 03 11 8653.40000 6.66300000 217.75000 42.42000 11.97700 49.02400
31 5 20 03 12 8656.20000 6.66300000 217.75000 42.42000 11.97700 49.02400
31 5 20 03 12 8651.90000 6.66300000 217.75000 42.34000 11.97700 49.02400
31 5 20 03 13 8655.70000 6.66300000 217.75000 42.32000 11.97700 49.02400
31 5 20 03 13 8657.80000 6.66300000 217.75000 42.32000 11.97700 49.02400
31 5 20 03 14 8654.70000 6.66300000 217.51000 42.34000 11.97700 49.02400
31 5 20 03 14 8650.20000 6.61900000 216.42000 42.32000 11.97700 49.02400
31 5 20 03 15 8650.20000 6.61900000 216.49000 42.32000 11.97700 48.68000
31 5 20 03 15 8651.10000 6.61900000 215.55000 41.96000 11.97700 48.32000
31 5 20 03 16 8652.20000 6.59400000 215.87000 42.11000 11.97700 48.37900
31 5 20 03 16 8651.10000 6.59400000 216.06000 42.11000 11.97700 48.37900
31 5 20 03 17 8653.90000 6.59400000 216.31000 42.18000 11.97700 48.37900
31 5 20 03 17 8653.90000 6.59400000 216.48000 42.18000 11.97700 48.33100
31 5 20 03 18 8654.00000 6.59400000 216.53000 42.24000 11.97700 48.33100
31 5 20 03 18 8654.00000 6.59400000 216.52000 42.24000 11.97700 48.33100
31 5 20 03 19 8654.00000 6.61500000 216.58000 42.24000 11.97700 48.33100
31 5 20 03 19 8650.20000 6.61500000 216.40000 42.24000 11.97700 48.33100
31 5 20 03 20 8654.00000 6.61500000 216.53000 42.16000 11.97700 48.33100
31 5 20 03 20 8651.30000 6.61900000 215.74000 42.18000 11.94900 48.28700
31 5 20 03 21 8651.20000 6.61500000 215.73000 42.18000 11.94900 48.28700
31 5 20 03 21 8655.90000 6.61500000 215.88000 42.18000 11.94900 48.33100
31 5 20 03 22 8654.20000 6.61500000 215.88000 42.10000 11.93300 48.28700
31 5 20 03 22 8669.00000 6.61500000 216.38000 42.10000 11.93600 48.28700
31 5 20 03 23 8678.50000 6.61000000 216.63000 42.10000 11.93600 48.28700
31 5 20 03 23 8669.70000 6.61000000 216.68000 42.10000 11.93600 48.28700
31 5 20 03 24 8678.00000 6.61000000 216.68000 42.10000 11.93600 48.28700
31 5 20 03 24 8678.00000 6.61000000 215.73000 42.20000 11.93600 48.28700
31 5 20 03 25 8672.40000 6.61000000 216.64000 42.20000 11.93600 48.28700
31 5 20 03 25 8670.50000 6.61000000 216.64000 42.20000 11.93600 48.28700
31 5 20 03 26 8672.30000 6.61000000 216.64000 42.10000 11.93600 48.72700
31 5 20 03 26 8676.20000 6.61000000 216.64000 42.18000 11.97700 48.72700
31 5 20 03 27 8674.20000 6.61000000 216.42000 42.20000 11.93600 48.72700
31 5 20 03 27 8674.00000 6.61000000 216.64000 42.20000 11.93600 48.72700
31 5 20 03 28 8671.90000 6.61000000 216.42000 42.20000 11.93600 48.72700
31 5 20 03 28 8671.90000 6.61000000 216.63000 42.20000 11.93600 48.72700
