M=[
22 2 21 09 28 45949.90000 12.50800000 1535.27000 180.05000 29.95800 128.24800
22 2 21 09 28 45976.80000 12.50800000 1536.55000 180.39000 29.95800 128.24800
22 2 21 09 29 45977.00000 12.50800000 1537.01000 180.40000 29.95800 128.24800
22 2 21 09 29 45977.00000 12.50800000 1536.58000 180.12000 29.95800 128.24800
22 2 21 09 30 45977.00000 12.50800000 1536.44000 180.10000 29.95800 128.24800
22 2 21 09 30 45977.00000 12.50800000 1536.52000 180.06000 29.95800 128.24800
22 2 21 09 31 45977.00000 12.50800000 1536.57000 180.11000 29.95800 128.24800
22 2 21 09 31 45940.20000 12.50800000 1534.40000 179.65000 29.95800 128.24800
22 2 21 09 31 45934.30000 12.50800000 1534.40000 179.66000 29.95800 128.24800
22 2 21 09 32 45926.50000 12.50800000 1534.40000 179.73000 29.95800 128.24800
22 2 21 09 32 45935.20000 12.50800000 1535.40000 179.70000 29.95800 128.24800
22 2 21 09 33 45944.70000 12.50800000 1535.28000 179.70000 29.95800 128.24800
22 2 21 09 33 45944.60000 12.50800000 1535.20000 179.78000 29.95800 127.80000
22 2 21 09 34 45915.10000 12.50800000 1533.28000 179.50000 29.95800 127.06700
22 2 21 09 34 45914.10000 12.47000000 1533.09000 179.52000 29.95800 127.06700
22 2 21 09 34 45880.10000 12.47000000 1532.01000 179.41000 29.95800 127.06700
22 2 21 09 35 45865.80000 12.47000000 1532.11000 179.15000 29.95800 127.06700
22 2 21 09 35 45854.50000 12.47000000 1532.01000 179.16000 29.95800 127.24300
22 2 21 09 36 45854.20000 12.47000000 1531.82000 179.16000 29.95800 127.42000
22 2 21 09 36 45812.40000 12.47000000 1528.59000 178.66000 30.17900 127.42000
22 2 21 09 37 45641.50000 12.47000000 1525.55000 178.40000 30.17900 127.42000
22 2 21 09 37 45612.10000 12.47000000 1524.49000 178.05000 30.17900 126.62500
22 2 21 09 37 45391.30000 12.47000000 1522.04000 177.70000 29.95800 126.62500
22 2 21 09 38 45494.60000 12.40000000 1522.94000 177.74000 29.95800 126.62500
22 2 21 09 38 45522.20000 12.40100000 1522.70000 178.08000 29.95800 126.62500
22 2 21 09 39 45542.10000 12.40100000 1522.08000 178.26000 29.95800 126.62500
22 2 21 09 39 45558.30000 12.40100000 1521.01000 178.53000 30.00000 126.62500
22 2 21 09 40 45558.00000 12.40000000 1521.01000 178.38000 30.00000 126.62500
22 2 21 09 40 45600.00000 12.40000000 1525.11000 178.37000 30.00000 126.62500
22 2 21 09 40 45689.60000 12.40000000 1527.44000 178.87000 30.00000 126.62500
22 2 21 09 41 45719.00000 12.40000000 1527.00000 179.10000 30.00000 126.62500
22 2 21 09 41 45757.70000 12.40000000 1527.02000 179.45000 30.00000 126.62500
22 2 21 09 42 45753.00000 12.40800000 1527.00000 179.05000 30.00000 126.62500
22 2 21 09 42 45722.60000 12.40800000 1526.15000 179.19000 30.00000 126.62500
22 2 21 09 43 45758.40000 12.40800000 1527.00000 179.50000 30.00000 126.62500
22 2 21 09 43 45751.60000 12.40800000 1527.73000 179.53000 30.00000 128.08500
22 2 21 09 43 45719.80000 12.40800000 1526.14000 179.15000 30.00000 128.08500
22 2 21 09 44 45724.90000 12.40800000 1526.51000 178.95000 30.00000 127.93900
22 2 21 09 44 45700.10000 12.40800000 1526.21000 178.96000 30.00000 127.66100
22 2 21 09 45 45707.00000 12.40800000 1527.12000 179.28000 30.00000 127.66100
22 2 21 09 45 45787.60000 12.40800000 1529.81000 179.32000 30.00000 127.66100
22 2 21 09 46 45811.70000 12.40800000 1531.18000 179.69000 30.00000 127.66100
22 2 21 09 46 45802.10000 12.46700000 1530.61000 179.69000 30.00000 128.37500
22 2 21 09 46 45802.00000 12.46700000 1529.01000 179.36000 29.95800 128.37500
22 2 21 09 47 45700.10000 12.46700000 1528.00000 179.26000 29.95800 128.37500
22 2 21 09 47 45636.60000 12.46700000 1525.07000 178.65000 29.95800 127.80000
22 2 21 09 48 45574.80000 12.46700000 1523.59000 178.61000 29.75000 127.63800
22 2 21 09 48 45600.20000 12.40000000 1522.61000 178.42000 29.75000 127.63800
22 2 21 09 49 45565.00000 12.40000000 1521.10000 178.14000 29.75000 127.63800
22 2 21 09 49 45568.10000 12.40000000 1520.01000 178.16000 29.75000 127.26200
22 2 21 09 49 45599.50000 12.40000000 1521.09000 178.20000 29.75000 127.26200
22 2 21 09 50 45599.80000 12.40000000 1521.15000 178.09000 29.75000 127.26200
22 2 21 09 50 45624.60000 12.40000000 1521.09000 178.24000 29.75000 127.26200
22 2 21 09 51 45614.80000 12.40000000 1520.00000 178.12000 29.75000 127.55600
22 2 21 09 51 45526.80000 12.40000000 1518.23000 177.78000 29.75000 127.55600
22 2 21 09 52 45468.60000 12.40000000 1515.00000 177.77000 29.75000 127.55600
22 2 21 09 52 45512.70000 12.30000000 1516.58000 177.53000 29.75000 126.89800
22 2 21 09 52 45469.40000 12.30000000 1515.64000 177.63000 29.75000 126.89800
22 2 21 09 53 45422.60000 12.30000000 1515.01000 177.50000 29.75000 126.89800
22 2 21 09 53 45420.30000 12.30000000 1512.60000 177.46000 29.75000 126.89800
22 2 21 09 54 45237.10000 12.14200000 1507.47000 177.00000 29.75000 126.59400
22 2 21 09 54 45200.00000 12.24400000 1508.88000 177.11000 29.75000 126.65900
22 2 21 09 55 45222.10000 12.23500000 1509.35000 177.04000 29.75000 126.77800
22 2 21 09 55 45280.00000 12.29800000 1509.86000 177.18000 29.75000 126.77800
22 2 21 09 55 45306.80000 12.29800000 1511.35000 177.44000 29.75000 126.77800
22 2 21 09 56 45250.00000 12.29800000 1509.16000 177.03000 29.75000 126.60600
22 2 21 09 56 45114.30000 12.24800000 1505.48000 176.61000 29.75000 126.35800
22 2 21 09 57 45106.00000 12.24800000 1505.27000 176.44000 29.75000 126.00000
22 2 21 09 57 45169.90000 12.24800000 1505.87000 176.77000 29.75000 126.00000
22 2 21 09 58 45088.50000 12.24800000 1501.60000 176.40000 29.75000 126.06500
22 2 21 09 58 45000.00000 12.24800000 1500.00000 175.34000 29.75000 126.06500
22 2 21 09 58 44986.10000 12.24800000 1499.24000 175.31000 29.75000 126.06500
22 2 21 09 59 45075.00000 12.22400000 1504.70000 175.63000 29.75000 126.06500
22 2 21 09 59 45036.40000 12.22400000 1498.39000 175.79000 29.75000 125.88600
22 2 21 10 00 45095.20000 12.22400000 1501.00000 176.06000 29.75000 125.97700
22 2 21 10 00 45200.10000 12.23700000 1503.97000 176.45000 29.75000 125.97700
22 2 21 10 00 45297.70000 12.24800000 1509.27000 177.00000 29.75000 126.58800
22 2 21 10 01 45319.50000 12.24800000 1511.19000 177.20000 29.75000 127.00100
22 2 21 10 01 45364.60000 12.24800000 1512.03000 177.42000 29.75000 127.00100
22 2 21 10 02 45365.70000 12.27900000 1512.18000 177.25000 29.75000 127.00100
22 2 21 10 02 45383.80000 12.27400000 1512.25000 177.40000 29.75000 127.00100
22 2 21 10 03 45301.70000 12.27400000 1510.02000 177.44000 29.75000 127.00100
22 2 21 10 03 45300.10000 12.21900000 1507.44000 177.08000 29.75000 127.00100
22 2 21 10 03 45173.60000 12.21900000 1500.43000 176.08000 29.75000 127.00100
22 2 21 10 04 45160.20000 12.14400000 1500.89000 176.10000 29.75000 126.63400
22 2 21 10 04 45039.30000 12.15800000 1496.00000 174.93000 29.75000 126.63400
22 2 21 10 05 45001.00000 12.14100000 1494.85000 174.78000 29.50100 126.63400
22 2 21 10 05 44889.80000 12.10000000 1491.34000 174.00000 29.50100 125.50000
22 2 21 10 06 45000.00000 12.10000000 1496.90000 175.18000 29.50100 125.82800
22 2 21 10 06 44961.40000 12.10000000 1496.90000 174.84000 29.50100 125.82800
22 2 21 10 06 45097.30000 12.15800000 1498.00000 175.27000 29.50100 125.78400
22 2 21 10 07 45000.70000 12.15800000 1493.62000 174.59000 29.50100 125.82400
22 2 21 10 07 44919.80000 12.01000000 1490.99000 174.18000 29.50100 125.30300
22 2 21 10 08 44788.00000 12.01000000 1492.20000 174.42000 29.50100 125.13200
22 2 21 10 08 44713.00000 12.01000000 1486.76000 173.53000 29.50100 125.16700
22 2 21 10 09 44658.00000 12.00600000 1485.50000 173.11000 29.50000 124.49900
22 2 21 10 09 44677.20000 12.02000000 1482.36000 173.15000 29.50000 124.49900
22 2 21 10 09 44581.10000 12.00000000 1481.00000 172.21000 29.50000 124.49900
22 2 21 10 10 44642.80000 11.99100000 1483.44000 172.40000 29.50000 124.60100
22 2 21 10 10 44580.50000 11.99100000 1480.52000 172.36000 29.50000 124.49700
22 2 21 10 11 44437.40000 11.99100000 1475.88000 172.00000 29.50000 124.25600
22 2 21 10 11 44284.50000 11.90100000 1466.12000 171.00000 29.50000 123.75900
