M=[
31 1 21 15 25 27391.90000 6.08900000 1091.89000 105.96000 16.84700 69.27200
31 1 21 15 25 27397.30000 6.08900000 1092.54000 105.90000 16.69300 69.27200
31 1 21 15 25 27411.50000 6.08900000 1093.92000 106.00000 16.69300 69.27200
31 1 21 15 26 27410.50000 6.08900000 1092.32000 106.03000 16.69300 69.27200
31 1 21 15 26 27412.30000 6.08900000 1092.89000 106.00000 16.69300 69.27200
31 1 21 15 27 27391.20000 6.08900000 1092.86000 106.05000 16.69300 69.27200
31 1 21 15 27 27333.00000 6.08400000 1090.73000 105.75000 16.69300 69.27200
31 1 21 15 28 27322.20000 6.08400000 1089.25000 105.75000 16.69300 69.27200
31 1 21 15 28 27339.80000 6.08400000 1090.00000 105.75000 16.69300 69.27200
31 1 21 15 28 27345.60000 6.08400000 1090.17000 105.71000 16.69300 69.27200
31 1 21 15 29 27357.90000 6.08100000 1090.86000 105.72000 16.69300 69.27200
31 1 21 15 29 27334.40000 6.08100000 1089.69000 105.72000 16.69300 69.27200
31 1 21 15 30 27300.90000 6.08100000 1088.34000 105.71000 16.69300 68.76900
31 1 21 15 30 27288.10000 6.08100000 1086.00000 105.49000 16.69300 68.76900
31 1 21 15 31 27270.70000 6.08100000 1087.12000 105.53000 16.69300 68.76900
31 1 21 15 31 27257.40000 6.08100000 1086.00000 105.41000 16.69300 68.76900
31 1 21 15 31 27274.00000 6.08100000 1088.17000 105.54000 16.69300 68.76900
31 1 21 15 32 27283.10000 6.06500000 1087.93000 105.57000 16.69300 68.76900
31 1 21 15 32 27272.70000 6.06500000 1087.67000 105.62000 16.69300 68.76900
31 1 21 15 33 27240.00000 6.06500000 1088.05000 105.79000 16.69300 69.17400
31 1 21 15 33 27188.10000 6.06500000 1086.07000 105.56000 16.69300 69.17400
31 1 21 15 34 27169.10000 6.05000000 1084.16000 105.50000 16.69300 68.88300
31 1 21 15 34 27169.10000 6.05000000 1082.09000 105.32000 16.69300 68.70900
31 1 21 15 34 27200.00000 6.05000000 1080.10000 105.30000 16.69300 68.70900
31 1 21 15 35 27208.60000 6.05000000 1081.65000 105.28000 16.69300 68.70900
31 1 21 15 35 27181.10000 6.05000000 1079.99000 105.20000 16.69300 68.77800
31 1 21 15 36 27098.80000 6.05000000 1078.66000 105.02000 16.69300 68.85600
31 1 21 15 36 27000.00000 6.04800000 1074.99000 104.74000 16.69300 68.85600
31 1 21 15 37 27003.60000 6.04400000 1076.34000 104.85000 16.69300 68.85600
31 1 21 15 37 27055.80000 6.04400000 1078.48000 105.06000 16.69300 68.85600
31 1 21 15 37 27000.10000 6.04400000 1076.71000 104.81000 16.69300 68.85600
31 1 21 15 38 27055.00000 6.04900000 1078.28000 105.02000 16.69300 68.85600
31 1 21 15 38 27091.50000 6.04900000 1079.44000 105.22000 16.69300 68.85600
31 1 21 15 39 27115.80000 6.04900000 1080.27000 105.05000 16.69300 68.85600
31 1 21 15 39 27127.00000 6.04900000 1081.79000 105.26000 16.69300 68.85600
31 1 21 15 40 27050.00000 6.04200000 1076.82000 105.06000 16.69300 68.95000
31 1 21 15 40 26964.70000 6.03800000 1076.85000 104.79000 16.69300 68.95000
31 1 21 15 41 26987.70000 6.03800000 1080.04000 104.83000 16.69300 68.95000
31 1 21 15 41 26993.50000 6.03800000 1077.32000 104.83000 16.69300 68.95000
31 1 21 15 41 27055.80000 6.03800000 1079.42000 104.82000 16.69300 68.95000
31 1 21 15 42 27036.70000 6.03800000 1078.93000 104.72000 16.69300 68.95000
31 1 21 15 42 27039.60000 6.03800000 1079.23000 104.77000 16.69300 68.95000
31 1 21 15 43 27045.40000 6.02500000 1079.79000 104.79000 16.69300 68.95000
31 1 21 15 43 27087.20000 6.02500000 1080.21000 104.85000 16.69300 68.95000
31 1 21 15 43 27093.60000 6.02500000 1080.29000 104.92000 16.69300 68.95000
31 1 21 15 44 27102.20000 6.02500000 1080.77000 104.93000 16.69300 68.95000
31 1 21 15 44 27106.20000 6.02500000 1080.79000 105.05000 16.69300 68.95000
31 1 21 15 45 27028.30000 6.02500000 1077.67000 104.78000 16.69300 68.95000
31 1 21 15 45 27090.60000 6.02500000 1078.92000 104.90000 16.69300 68.95000
31 1 21 15 46 27068.20000 6.02500000 1079.03000 104.95000 16.69300 68.95000
31 1 21 15 46 27033.60000 6.02500000 1078.00000 104.95000 16.69300 68.95000
31 1 21 15 47 27033.60000 6.02500000 1077.36000 104.85000 16.69300 68.72100
31 1 21 15 47 27050.70000 6.02000000 1079.10000 104.84000 16.69300 68.72100
31 1 21 15 47 27039.20000 6.02000000 1077.65000 104.82000 16.69300 68.72100
31 1 21 15 48 27035.80000 6.02000000 1076.76000 104.77000 16.69300 68.79300
31 1 21 15 48 27059.30000 6.01600000 1077.44000 104.77000 16.69300 68.79300
31 1 21 15 49 27071.70000 6.01000000 1078.00000 104.82000 16.69300 68.79300
31 1 21 15 49 27059.90000 6.00600000 1076.47000 104.82000 16.69300 68.79300
31 1 21 15 50 27023.70000 5.98300000 1071.94000 104.40000 16.69300 68.79300
31 1 21 15 50 27041.90000 5.98700000 1072.45000 104.31000 16.69300 68.79300
31 1 21 15 50 27054.70000 5.98100000 1074.36000 104.19000 16.69300 68.79300
31 1 21 15 51 27090.30000 5.98100000 1074.97000 104.17000 16.76900 68.79300
31 1 21 15 51 27155.20000 5.95800000 1077.20000 104.53000 16.76900 68.79300
31 1 21 15 52 27144.80000 6.00200000 1076.86000 104.82000 16.76900 68.79300
31 1 21 15 52 27143.00000 5.98300000 1077.25000 104.92000 16.76900 68.79300
31 1 21 15 53 27241.40000 5.98300000 1080.00000 105.21000 16.76900 68.79300
31 1 21 15 53 27197.90000 5.99900000 1081.53000 105.21000 16.76900 68.79300
31 1 21 15 53 27183.50000 5.99900000 1081.00000 105.09000 16.76900 68.79300
31 1 21 15 54 27151.00000 5.99900000 1080.75000 105.05000 16.76900 68.79300
31 1 21 15 54 27134.20000 5.99900000 1081.15000 104.96000 16.76900 68.79300
31 1 21 15 55 27089.40000 5.99900000 1080.09000 104.91000 16.76900 68.79300
31 1 21 15 55 27147.60000 5.99800000 1082.00000 104.96000 16.76900 68.79300
31 1 21 15 56 27177.50000 5.99800000 1083.44000 105.15000 16.76900 68.79300
31 1 21 15 56 27169.30000 5.99800000 1082.90000 105.26000 16.76900 68.79300
31 1 21 15 56 27196.40000 6.03600000 1084.00000 105.29000 16.76900 68.79300
31 1 21 15 57 27224.20000 6.02400000 1085.18000 105.28000 16.76900 68.79300
31 1 21 15 57 27225.00000 6.02400000 1087.02000 105.28000 16.76900 68.79300
31 1 21 15 58 27225.00000 6.02400000 1086.55000 105.40000 16.76900 68.79300
31 1 21 15 58 27277.50000 6.02400000 1084.70000 105.26000 16.76900 68.79300
31 1 21 15 59 27266.00000 6.02400000 1085.79000 105.26000 16.76900 68.79300
31 1 21 15 59 27250.00000 6.02400000 1085.38000 105.23000 16.76900 68.79300
31 1 21 15 59 27225.00000 6.02700000 1085.00000 105.19000 16.76900 69.08500
31 1 21 16 00 27170.60000 6.02600000 1083.60000 105.00000 16.76900 69.08500
31 1 21 16 00 27153.30000 6.00100000 1082.99000 104.81000 16.76900 68.89300
31 1 21 16 01 27201.50000 6.02100000 1082.50000 104.94000 16.76900 68.89300
31 1 21 16 01 27205.90000 6.02100000 1081.84000 104.94000 16.76900 68.89300
31 1 21 16 02 27207.70000 6.02100000 1080.01000 105.00000 16.76900 68.83500
31 1 21 16 02 27194.80000 6.02100000 1078.05000 105.00000 16.76900 68.83500
31 1 21 16 02 27156.90000 5.99100000 1079.60000 104.72000 16.76900 68.83500
31 1 21 16 03 27124.00000 5.99100000 1077.01000 104.54000 16.76900 68.83500
31 1 21 16 03 27060.90000 5.97300000 1075.16000 104.31000 16.76900 68.80000
31 1 21 16 04 27101.80000 5.96600000 1074.27000 104.25000 16.76900 68.80000
31 1 21 16 04 27040.30000 5.96600000 1074.53000 104.27000 16.76900 68.80000
31 1 21 16 05 27052.20000 5.90700000 1077.07000 104.29000 16.76900 68.80000
31 1 21 16 05 27104.40000 5.95900000 1080.23000 104.73000 16.76900 68.80200
31 1 21 16 05 27126.60000 5.95900000 1080.50000 105.29000 16.76900 68.80200
31 1 21 16 06 27242.40000 5.95900000 1082.74000 105.40000 16.76900 69.20900
31 1 21 16 06 27231.60000 5.95900000 1082.85000 105.48000 16.76900 69.20900
31 1 21 16 07 27245.20000 5.98400000 1083.75000 105.70000 16.76900 69.20900
31 1 21 16 07 27245.80000 5.98400000 1084.00000 105.70000 16.76900 69.33700
31 1 21 16 08 27275.00000 6.01000000 1085.17000 105.70000 16.68400 69.64100
31 1 21 16 08 27283.20000 6.01000000 1087.28000 105.96000 16.68400 69.64700
31 1 21 16 08 27241.20000 6.01000000 1086.56000 105.99000 16.68400 69.64700
31 1 21 16 09 27288.50000 6.01000000 1086.00000 106.10000 16.68400 69.64700
31 1 21 16 09 27273.80000 6.01000000 1087.28000 106.10000 16.68400 69.64700
