M=[
17 6 20 22 01 8376.00000 5.56500000 206.68000 39.07000 14.24400 46.79600
17 6 20 22 02 8376.10000 5.56500000 206.68000 39.07000 14.24400 46.79600
17 6 20 22 02 8371.70000 5.56500000 206.50000 39.07000 14.21400 46.79600
17 6 20 22 03 8371.70000 5.56500000 206.48000 39.07000 14.21400 46.79600
17 6 20 22 03 8371.00000 5.56500000 206.48000 39.03000 14.21400 46.79600
17 6 20 22 04 8369.40000 5.56500000 206.48000 39.03000 14.21400 46.79600
17 6 20 22 04 8372.70000 5.56500000 206.48000 39.03000 14.21400 46.79600
17 6 20 22 05 8375.20000 5.56500000 206.48000 39.03000 14.21400 46.79600
17 6 20 22 05 8376.30000 5.56500000 206.48000 39.03000 14.21400 46.79600
17 6 20 22 06 8376.20000 5.56500000 206.57000 39.03000 14.21400 46.79600
17 6 20 22 06 8376.30000 5.56500000 206.61000 39.03000 14.26700 46.79600
17 6 20 22 07 8374.40000 5.56500000 206.61000 39.03000 14.26700 46.79600
17 6 20 22 07 8374.40000 5.56500000 206.61000 39.03000 14.26700 46.79600
17 6 20 22 08 8374.30000 5.55800000 206.61000 39.03000 14.26700 46.79600
17 6 20 22 08 8371.70000 5.56500000 206.61000 39.03000 14.26700 46.79600
17 6 20 22 09 8370.90000 5.56500000 206.43000 39.03000 14.26700 46.79600
17 6 20 22 09 8371.00000 5.56500000 206.43000 39.03000 14.21400 46.79600
17 6 20 22 10 8371.00000 5.55800000 206.43000 39.03000 14.26700 46.79600
17 6 20 22 10 8371.00000 5.55800000 206.43000 39.03000 14.26700 46.79600
17 6 20 22 11 8370.70000 5.56500000 206.51000 39.03000 14.21400 46.79600
17 6 20 22 11 8370.70000 5.56500000 206.44000 39.03000 14.26700 46.79600
17 6 20 22 12 8370.00000 5.56500000 206.44000 39.03000 14.26700 46.79600
17 6 20 22 12 8368.90000 5.56500000 206.18000 39.03000 14.26700 46.79600
17 6 20 22 13 8367.90000 5.56500000 206.18000 39.03000 14.26700 46.79600
17 6 20 22 13 8367.80000 5.56500000 206.26000 39.03000 14.26700 46.79600
17 6 20 22 14 8367.90000 5.56500000 206.23000 38.98000 14.26700 46.79600
17 6 20 22 14 8366.90000 5.56500000 206.22000 38.98000 14.26700 46.79600
17 6 20 22 15 8364.60000 5.56500000 206.19000 38.98000 14.26700 46.79600
17 6 20 22 15 8367.70000 5.56500000 206.16000 38.98000 14.26700 46.79600
17 6 20 22 16 8364.90000 5.56500000 206.16000 38.98000 14.26700 46.79600
17 6 20 22 16 8371.70000 5.56500000 206.42000 39.04000 14.26700 46.79600
17 6 20 22 17 8371.70000 5.56500000 206.48000 39.04000 14.26700 46.79600
17 6 20 22 17 8373.50000 5.56500000 206.49000 39.03000 14.26700 46.79600
17 6 20 22 18 8374.40000 5.57500000 206.48000 39.02000 14.21400 46.79600
17 6 20 22 18 8376.50000 5.57500000 206.74000 39.02000 14.26700 46.79600
17 6 20 22 19 8376.50000 5.57500000 206.74000 39.02000 14.26700 46.79600
17 6 20 22 19 8385.20000 5.57500000 206.74000 39.04000 14.26700 46.79600
17 6 20 22 20 8386.10000 5.57500000 206.74000 39.11000 14.26700 46.79600
17 6 20 22 20 8387.50000 5.57500000 206.89000 39.09000 14.26700 46.79600
17 6 20 22 21 8381.60000 5.57500000 206.66000 39.09000 14.26700 46.79600
17 6 20 22 22 8382.80000 5.57500000 206.66000 39.09000 14.26700 46.79600
17 6 20 22 22 8383.30000 5.57500000 206.66000 39.09000 14.40300 46.79600
17 6 20 22 23 8381.10000 5.57500000 206.66000 39.09000 14.40300 46.89200
17 6 20 22 23 8381.50000 5.57500000 206.66000 39.09000 14.40300 46.89200
17 6 20 22 24 8378.90000 5.57500000 206.66000 39.10000 14.40300 46.89200
17 6 20 22 24 8374.10000 5.57500000 206.34000 39.10000 14.40300 46.89100
17 6 20 22 25 8374.10000 5.57500000 206.29000 39.10000 14.40300 46.89100
17 6 20 22 25 8372.70000 5.57500000 206.30000 39.10000 14.40300 46.89100
17 6 20 22 26 8374.10000 5.57500000 206.30000 39.06000 14.40300 46.89100
17 6 20 22 26 8383.50000 5.57500000 206.30000 39.06000 14.39800 46.89100
17 6 20 22 27 8382.90000 5.57500000 206.30000 39.06000 14.39800 46.89100
17 6 20 22 27 8381.50000 5.57500000 206.30000 39.06000 14.37200 46.89100
17 6 20 22 28 8381.60000 5.57500000 206.50000 39.06000 14.37200 46.89100
17 6 20 22 28 8381.60000 5.57500000 206.50000 39.06000 14.37500 46.89100
17 6 20 22 29 8381.70000 5.57500000 206.48000 39.06000 14.36500 46.89200
17 6 20 22 29 8381.70000 5.57500000 206.49000 39.06000 14.36500 46.89100
17 6 20 22 30 8379.80000 5.57500000 206.50000 39.06000 14.36500 46.89100
17 6 20 22 30 8380.00000 5.57500000 206.50000 39.06000 14.36500 46.89100
17 6 20 22 31 8380.00000 5.57500000 206.48000 39.06000 14.36500 46.89100
17 6 20 22 31 8379.80000 5.57500000 206.47000 39.06000 14.36500 46.89100
17 6 20 22 32 8379.80000 5.57500000 206.48000 39.06000 14.36500 46.89100
17 6 20 22 32 8381.90000 5.57500000 206.48000 39.06000 14.36500 46.89100
17 6 20 22 33 8382.30000 5.57500000 206.48000 39.10000 14.36500 46.89200
17 6 20 22 33 8382.50000 5.57500000 206.48000 39.06000 14.36500 46.89100
17 6 20 22 34 8384.30000 5.57500000 206.48000 39.06000 14.36500 46.89200
17 6 20 22 34 8382.70000 5.57500000 206.51000 39.06000 14.36500 46.89100
17 6 20 22 35 8382.20000 5.57500000 206.52000 39.06000 14.36500 46.89100
17 6 20 22 35 8384.20000 5.57500000 206.52000 39.06000 14.36500 46.89200
17 6 20 22 36 8384.20000 5.57500000 206.52000 39.06000 14.40300 46.89200
17 6 20 22 36 8390.00000 5.57500000 206.73000 39.06000 14.40300 46.89100
17 6 20 22 37 8390.10000 5.57500000 206.74000 39.06000 14.40300 46.89100
17 6 20 22 37 8390.10000 5.57500000 206.85000 39.06000 14.37000 46.89100
17 6 20 22 38 8390.10000 5.57500000 206.85000 39.10000 14.37000 46.89100
17 6 20 22 38 8391.90000 5.57000000 206.83000 39.10000 14.37000 46.89100
17 6 20 22 39 8394.00000 5.57000000 206.85000 39.06000 14.37000 46.89100
17 6 20 22 39 8400.00000 5.57000000 206.98000 39.06000 14.37000 46.89100
17 6 20 22 40 8402.40000 5.57000000 206.98000 39.06000 14.37000 46.89200
17 6 20 22 40 8393.10000 5.57000000 206.65000 39.06000 14.37000 46.89100
17 6 20 22 41 8393.10000 5.57000000 206.58000 39.10000 14.37000 46.89100
17 6 20 22 41 8393.40000 5.57000000 206.58000 39.10000 14.37000 46.89100
17 6 20 22 42 8400.00000 5.57000000 206.72000 39.10000 14.37000 46.89100
17 6 20 22 42 8400.60000 5.57000000 206.82000 39.06000 14.37000 46.89100
17 6 20 22 43 8396.90000 5.57000000 206.82000 39.07000 14.37000 46.89200
17 6 20 22 43 8396.90000 5.57000000 206.82000 39.07000 14.37000 46.89200
17 6 20 22 44 8394.30000 5.57500000 206.69000 39.07000 14.37000 46.89200
17 6 20 22 45 8393.50000 5.57000000 206.69000 39.07000 14.37000 46.89200
17 6 20 22 45 8400.90000 5.57000000 206.70000 39.07000 14.37000 46.89100
17 6 20 22 46 8401.00000 5.57000000 206.77000 39.07000 14.37000 46.89100
17 6 20 22 46 8405.00000 5.57000000 206.90000 39.07000 14.37000 46.89100
17 6 20 22 47 8405.00000 5.57000000 206.90000 39.07000 14.37000 46.89100
17 6 20 22 47 8401.00000 5.57000000 206.82000 39.11000 14.37000 46.89100
17 6 20 22 48 8401.00000 5.57000000 206.74000 39.11000 14.37000 46.89200
17 6 20 22 48 8401.00000 5.57000000 206.73000 39.11000 14.37000 46.89100
17 6 20 22 49 8396.80000 5.57000000 206.63000 39.11000 14.37000 46.89100
17 6 20 22 49 8396.00000 5.57000000 206.60000 39.11000 14.30000 46.89100
17 6 20 22 50 8399.10000 5.57000000 206.61000 39.06000 14.30000 46.89100
17 6 20 22 50 8399.30000 5.57300000 206.61000 39.06000 14.30000 46.89100
17 6 20 22 51 8401.20000 5.57300000 206.67000 39.06000 14.30000 46.89100
17 6 20 22 51 8396.10000 5.57300000 206.61000 39.06000 14.30000 46.89100
17 6 20 22 52 8388.30000 5.57300000 206.44000 39.06000 14.37000 46.89100
17 6 20 22 52 8388.30000 5.56700000 206.42000 39.06000 14.37000 46.89200
17 6 20 22 53 8389.10000 5.56700000 206.42000 39.06000 14.30000 46.89100
17 6 20 22 54 8391.70000 5.56700000 206.42000 39.06000 14.30000 46.89100
17 6 20 22 54 8391.70000 5.56700000 206.48000 39.06000 14.30000 46.89100
17 6 20 22 54 8391.60000 5.56700000 206.48000 39.06000 14.30000 46.89100
17 6 20 22 55 8389.30000 5.56700000 206.48000 39.06000 14.30000 46.89100
17 6 20 22 55 8390.10000 5.56700000 206.48000 39.06000 14.30000 46.89200
17 6 20 22 56 8390.10000 5.56700000 206.42000 39.06000 14.30000 46.89100
17 6 20 22 56 8391.20000 5.56700000 206.54000 39.06000 14.30000 46.89100
