M=[
19 7 21 19 25 25970.40000 35.75900000 1537.66000 96.25000 16.00300 76.58000
19 7 21 19 26 25971.60000 35.75900000 1537.15000 96.25000 16.00300 76.58000
19 7 21 19 26 25992.20000 35.75900000 1538.30000 96.25000 16.00300 76.58000
19 7 21 19 27 26001.90000 35.75900000 1539.17000 96.25000 16.00300 76.58000
19 7 21 19 27 26015.10000 35.75900000 1539.49000 96.25000 16.00300 76.58000
19 7 21 19 27 26023.10000 35.75900000 1540.84000 96.45000 16.00300 76.58000
19 7 21 19 28 26022.10000 35.75900000 1540.77000 96.45000 16.00300 76.58000
19 7 21 19 28 26023.20000 35.75900000 1540.80000 96.45000 16.00300 76.78400
19 7 21 19 29 26023.30000 35.75900000 1541.53000 96.45000 16.00300 76.78400
19 7 21 19 29 26023.30000 35.75900000 1541.70000 96.45000 16.00300 76.78400
19 7 21 19 30 26015.40000 35.75900000 1541.46000 96.45000 16.00300 76.78400
19 7 21 19 30 26007.80000 35.75900000 1541.41000 96.45000 16.00300 76.78400
19 7 21 19 30 26010.50000 35.75900000 1541.98000 96.45000 16.00300 76.78400
19 7 21 19 31 26010.40000 35.75900000 1541.98000 96.48000 16.00300 76.78400
19 7 21 19 31 26016.30000 35.75900000 1541.65000 96.48000 16.01700 76.78400
19 7 21 19 32 26023.10000 35.75900000 1542.65000 96.48000 16.01700 76.78400
19 7 21 19 32 26016.30000 35.75900000 1542.55000 96.48000 16.01700 76.78400
19 7 21 19 33 26015.70000 35.75900000 1542.48000 96.48000 16.01700 76.78400
19 7 21 19 33 26009.90000 35.75900000 1542.19000 96.48000 16.01700 76.78400
19 7 21 19 33 26010.70000 35.75900000 1542.19000 96.48000 16.01700 76.78400
19 7 21 19 34 26044.50000 35.75900000 1542.22000 96.48000 16.01700 76.78400
19 7 21 19 34 26026.50000 35.75900000 1542.22000 96.48000 16.01700 76.78400
19 7 21 19 35 26029.30000 35.90800000 1542.91000 96.61000 16.01700 76.78400
19 7 21 19 35 26030.90000 35.90800000 1543.40000 96.59000 16.01700 76.78400
19 7 21 19 36 26029.40000 35.90800000 1542.92000 96.59000 16.01700 76.78400
19 7 21 19 36 26028.90000 35.90800000 1542.84000 96.59000 16.01700 76.78400
19 7 21 19 37 26035.00000 35.90800000 1543.40000 96.59000 16.01700 76.78400
19 7 21 19 37 26028.90000 35.90800000 1542.88000 96.59000 16.01700 76.78400
19 7 21 19 37 26028.90000 35.90800000 1543.45000 96.59000 16.01700 76.78400
19 7 21 19 38 26014.50000 35.90800000 1543.45000 96.59000 16.01700 77.22800
19 7 21 19 38 26011.20000 35.90800000 1543.15000 96.59000 16.01700 77.22800
19 7 21 19 39 26011.60000 35.90800000 1543.92000 96.56000 16.01700 77.22800
19 7 21 19 39 26011.60000 35.90800000 1544.00000 96.61000 16.01700 77.22800
19 7 21 19 40 26011.70000 35.90800000 1543.71000 96.61000 16.01700 77.22800
19 7 21 19 40 26011.70000 35.88500000 1544.00000 96.70000 16.01700 77.22800
19 7 21 19 40 26011.70000 35.88500000 1544.00000 96.70000 16.01700 77.22800
19 7 21 19 41 26011.70000 35.88500000 1543.99000 96.78000 16.01700 77.22800
19 7 21 19 41 26011.60000 35.88500000 1544.00000 96.78000 16.01700 77.22800
19 7 21 19 42 26011.70000 35.88500000 1544.88000 96.78000 16.01700 77.22800
19 7 21 19 42 26019.30000 35.88500000 1545.17000 96.78000 16.01700 77.22800
19 7 21 19 43 26019.30000 35.88500000 1545.17000 96.78000 16.01700 77.22800
19 7 21 19 43 26019.30000 35.88500000 1545.17000 96.79000 16.01700 77.22800
19 7 21 19 43 26019.20000 35.88500000 1545.17000 96.77000 16.01700 77.22800
19 7 21 19 44 26019.30000 35.88500000 1545.17000 96.77000 16.01700 77.22800
19 7 21 19 44 26015.20000 35.88500000 1545.17000 96.81000 16.01700 77.22800
19 7 21 19 45 26011.70000 35.88500000 1544.94000 96.82000 16.01700 77.22800
19 7 21 19 45 26011.70000 35.88500000 1545.13000 96.82000 16.01700 77.22800
19 7 21 19 46 26011.70000 35.87100000 1545.13000 96.82000 16.01700 77.22800
19 7 21 19 46 26011.70000 35.87100000 1545.13000 96.82000 16.01700 77.22800
19 7 21 19 46 26011.70000 35.87100000 1544.00000 96.81000 16.01700 77.22800
19 7 21 19 47 26011.70000 35.87100000 1544.44000 96.79000 16.01700 77.60500
19 7 21 19 47 26011.70000 35.87100000 1544.48000 96.79000 16.01700 77.73900
19 7 21 19 48 26016.10000 35.87100000 1544.01000 96.79000 16.01700 77.73900
19 7 21 19 48 26016.10000 35.87100000 1544.01000 96.79000 16.01700 77.73900
19 7 21 19 49 26016.10000 35.87100000 1544.01000 96.79000 16.01700 77.80900
19 7 21 19 49 26016.10000 35.87100000 1544.01000 96.74000 16.01700 77.80900
19 7 21 19 49 26013.10000 35.87100000 1544.00000 96.74000 16.01700 77.80900
19 7 21 19 50 26013.20000 35.87100000 1544.00000 96.74000 16.01700 77.80900
19 7 21 19 50 26013.10000 35.87100000 1542.72000 96.74000 16.01700 77.80900
19 7 21 19 51 26013.10000 35.87100000 1541.41000 96.52000 16.01700 77.80900
19 7 21 19 51 26013.20000 35.87100000 1541.41000 96.50000 16.01700 77.80900
19 7 21 19 52 25994.80000 35.87100000 1541.76000 96.59000 16.01700 77.80900
19 7 21 19 52 25990.00000 35.87100000 1541.41000 96.59000 16.01100 77.80900
19 7 21 19 52 25988.10000 35.87100000 1541.20000 96.59000 16.01100 77.89400
19 7 21 19 53 25995.00000 35.87100000 1541.68000 96.59000 16.01100 77.89400
19 7 21 19 53 26014.80000 35.87100000 1541.64000 96.64000 16.01100 77.87400
19 7 21 19 54 26018.20000 35.87100000 1543.41000 96.71000 16.01100 77.87400
19 7 21 19 54 26016.90000 35.87100000 1543.41000 96.71000 16.01100 77.87400
19 7 21 19 55 26015.30000 35.87100000 1543.32000 96.71000 16.01100 77.87400
19 7 21 19 55 26015.30000 35.87100000 1543.32000 96.75000 16.01100 77.87400
19 7 21 19 55 26015.30000 35.87100000 1543.90000 96.71000 16.01100 77.87400
19 7 21 19 56 26039.60000 35.87100000 1544.62000 96.86000 16.01100 77.87400
19 7 21 19 56 26050.00000 35.87100000 1547.59000 96.98000 16.01100 77.87400
19 7 21 19 57 26053.90000 35.87100000 1547.71000 96.97000 16.01100 77.87400
19 7 21 19 57 26053.90000 35.87100000 1547.74000 96.98000 16.01100 77.87400
19 7 21 19 58 26053.90000 35.87100000 1547.26000 96.96000 16.01100 77.87400
19 7 21 19 58 26053.90000 35.87100000 1546.30000 96.96000 16.01100 77.87400
19 7 21 19 59 26069.10000 35.87100000 1547.52000 96.91000 16.01100 77.90300
19 7 21 19 59 26060.40000 35.87100000 1546.03000 96.86000 16.01100 77.93100
19 7 21 19 59 26053.90000 35.87100000 1546.15000 96.86000 16.01100 77.93100
19 7 21 20 00 26070.20000 35.87100000 1545.88000 96.86000 16.01100 78.11200
19 7 21 20 00 26080.40000 35.87100000 1547.73000 96.96000 16.01100 78.11200
19 7 21 20 01 26071.10000 35.87100000 1547.83000 96.96000 16.01100 78.11200
19 7 21 20 01 26063.70000 35.87100000 1547.83000 96.96000 16.01100 78.11200
19 7 21 20 02 26057.20000 35.87100000 1547.67000 96.86000 16.01100 78.11200
19 7 21 20 02 26056.60000 35.87100000 1547.01000 96.84000 16.01100 78.11200
19 7 21 20 02 26053.90000 35.87100000 1547.01000 96.84000 16.01100 78.11200
19 7 21 20 03 26054.00000 35.87100000 1545.62000 96.84000 16.01100 78.11200
19 7 21 20 03 26053.90000 35.87100000 1545.61000 96.84000 16.01100 78.11200
19 7 21 20 04 26054.40000 35.87100000 1545.59000 96.66000 16.01100 78.11200
19 7 21 20 04 26063.20000 35.87100000 1545.36000 96.69000 16.01100 78.11200
19 7 21 20 05 26053.90000 35.87100000 1545.34000 96.69000 16.01100 78.11200
19 7 21 20 05 26053.90000 35.87100000 1544.67000 96.69000 16.01100 78.11200
19 7 21 20 05 26051.40000 35.87100000 1544.68000 96.46000 16.01100 77.61000
19 7 21 20 06 26030.30000 35.87100000 1544.44000 96.46000 16.01100 77.61000
19 7 21 20 06 26030.40000 35.87100000 1545.93000 96.46000 16.01100 77.61000
19 7 21 20 07 26034.70000 35.87100000 1545.74000 96.46000 16.01100 77.61000
19 7 21 20 07 26035.90000 35.87100000 1545.92000 96.62000 16.01100 77.61000
19 7 21 20 08 26030.40000 35.87100000 1545.92000 96.62000 16.01100 77.61000
19 7 21 20 08 26030.40000 35.87100000 1545.78000 96.62000 16.01100 77.61000
19 7 21 20 08 26040.10000 35.87100000 1545.73000 96.62000 16.01100 77.61000
19 7 21 20 09 26046.90000 35.87100000 1545.65000 96.62000 16.08500 77.61000
19 7 21 20 09 26048.80000 35.87100000 1545.65000 96.62000 16.08500 77.61000
19 7 21 20 10 26046.90000 35.87100000 1545.10000 96.62000 16.08500 77.61000
19 7 21 20 10 26046.80000 35.82200000 1544.93000 96.62000 16.08500 77.61000
