M=[
 5 8 20 20 12 9846.30000 6.17400000 337.36000 50.04000 17.99900 80.18200
 5 8 20 20 12 9846.20000 6.17400000 337.35000 50.04000 17.99900 80.18200
 5 8 20 20 13 9844.20000 6.17400000 337.35000 50.04000 17.99900 80.18200
 5 8 20 20 13 9844.80000 6.17400000 337.37000 50.04000 17.99900 80.18200
 5 8 20 20 14 9843.60000 6.17400000 337.26000 50.04000 17.99900 80.18200
 5 8 20 20 14 9843.60000 6.17400000 337.42000 50.04000 17.99900 80.18200
 5 8 20 20 15 9841.60000 6.17400000 337.36000 50.04000 17.99900 80.18200
 5 8 20 20 15 9843.80000 6.17400000 337.69000 50.04000 17.99900 80.18200
 5 8 20 20 16 9843.80000 6.17400000 337.70000 50.04000 17.99900 80.18200
 5 8 20 20 16 9846.10000 6.16000000 337.80000 50.10000 17.97500 80.22500
 5 8 20 20 17 9850.00000 6.16000000 338.00000 50.10000 17.96200 80.22500
 5 8 20 20 17 9850.00000 6.16000000 338.29000 50.10000 17.96200 80.22500
 5 8 20 20 18 9850.00000 6.16000000 338.39000 50.11000 17.96200 80.41100
 5 8 20 20 18 9857.80000 6.16000000 338.39000 50.16000 18.00000 80.41100
 5 8 20 20 19 9860.50000 6.16000000 338.74000 50.16000 18.00000 80.41100
 5 8 20 20 19 9863.90000 6.16000000 338.97000 50.16000 18.00000 80.41100
 5 8 20 20 20 9866.80000 6.16000000 338.98000 50.16000 18.00000 80.41100
 5 8 20 20 20 9863.60000 6.16000000 338.97000 50.14000 18.00000 80.37400
 5 8 20 20 21 9861.80000 6.16000000 338.76000 50.14000 18.00000 80.37400
 5 8 20 20 21 9862.10000 6.16000000 338.25000 50.14000 17.99900 80.37400
 5 8 20 20 22 9862.00000 6.16000000 337.97000 50.14000 17.99900 80.37400
 5 8 20 20 22 9860.00000 6.16000000 338.00000 50.12000 17.99900 80.37400
 5 8 20 20 23 9861.50000 6.16000000 337.95000 50.10000 17.99900 80.37400
 5 8 20 20 23 9860.90000 6.16000000 338.35000 50.12000 17.99900 80.37400
 5 8 20 20 24 9860.60000 6.16000000 338.44000 50.12000 18.00000 80.37400
 5 8 20 20 24 9860.10000 6.16000000 337.75000 50.12000 18.00000 80.37400
 5 8 20 20 25 9860.10000 6.16000000 337.91000 50.12000 18.00000 80.37400
 5 8 20 20 25 9860.20000 6.16000000 337.91000 50.12000 18.00000 80.37400
 5 8 20 20 26 9860.10000 6.16000000 337.70000 50.12000 18.00000 80.34300
 5 8 20 20 26 9860.20000 6.16000000 337.93000 50.12000 18.00000 80.34300
 5 8 20 20 27 9860.40000 6.16000000 337.97000 50.12000 18.00000 80.34300
 5 8 20 20 27 9860.50000 6.16000000 337.97000 50.12000 18.00000 80.34300
 5 8 20 20 28 9860.90000 6.16000000 338.05000 50.12000 18.00000 80.41100
 5 8 20 20 28 9861.00000 6.16000000 338.05000 50.12000 18.00000 80.41100
 5 8 20 20 29 9861.00000 6.16000000 338.16000 50.12000 18.00000 80.41100
 5 8 20 20 29 9861.00000 6.16000000 338.03000 50.06000 18.00000 80.41100
 5 8 20 20 30 9861.00000 6.16000000 338.06000 50.03000 18.00000 80.37200
 5 8 20 20 30 9861.70000 6.16000000 338.06000 50.03000 18.00000 80.40800
 5 8 20 20 31 9861.00000 6.17900000 338.01000 50.03000 18.00000 80.40800
 5 8 20 20 31 9861.10000 6.17900000 338.01000 50.03000 18.00000 80.40800
 5 8 20 20 32 9861.30000 6.17900000 338.00000 50.03000 18.00000 80.40800
 5 8 20 20 32 9861.60000 6.17900000 338.00000 50.03000 18.00000 80.40800
 5 8 20 20 32 9861.70000 6.17900000 338.00000 50.03000 18.00000 80.40800
 5 8 20 20 33 9863.20000 6.17900000 337.94000 50.05000 18.00000 80.40800
 5 8 20 20 33 9861.70000 6.17900000 337.68000 50.01000 18.00000 80.40800
 5 8 20 20 34 9861.80000 6.17900000 337.69000 50.00000 18.00000 80.40800
 5 8 20 20 34 9861.70000 6.17900000 337.70000 50.00000 17.98100 80.40800
 5 8 20 20 35 9861.80000 6.17900000 337.35000 50.00000 18.04800 80.40800
 5 8 20 20 35 9862.30000 6.17900000 337.45000 50.00000 17.97600 80.40800
 5 8 20 20 36 9862.90000 6.17900000 337.45000 50.06000 18.01800 80.40800
 5 8 20 20 36 9861.70000 6.17900000 337.45000 50.06000 18.01600 80.40800
 5 8 20 20 37 9863.50000 6.17900000 337.45000 50.06000 17.97200 80.40800
 5 8 20 20 37 9863.10000 6.17900000 337.45000 50.06000 17.97200 80.40800
 5 8 20 20 38 9861.90000 6.17900000 337.50000 50.07000 17.97200 80.40800
 5 8 20 20 38 9861.90000 6.17900000 337.66000 50.07000 17.97200 80.40800
 5 8 20 20 39 9861.80000 6.17900000 337.62000 50.07000 18.01900 80.40800
 5 8 20 20 39 9861.20000 6.17900000 337.62000 50.07000 18.01900 80.40800
 5 8 20 20 40 9861.10000 6.17900000 337.67000 50.07000 18.01900 80.40800
 5 8 20 20 40 9861.10000 6.17900000 337.82000 50.07000 18.01900 80.21100
 5 8 20 20 41 9861.10000 6.17900000 337.80000 50.07000 18.01900 80.21100
 5 8 20 20 41 9861.10000 6.17900000 337.60000 50.02000 17.98500 80.21100
 5 8 20 20 42 9861.00000 6.17700000 337.61000 50.08000 17.98500 80.21100
 5 8 20 20 42 9861.00000 6.17700000 337.60000 50.06000 17.98500 80.21100
 5 8 20 20 42 9861.00000 6.17000000 337.60000 50.06000 17.98500 80.21100
 5 8 20 20 43 9860.00000 6.17000000 337.59000 50.06000 17.98500 80.21100
 5 8 20 20 43 9849.40000 6.17000000 337.51000 50.09000 17.98500 80.21100
 5 8 20 20 44 9848.20000 6.17000000 337.53000 50.09000 17.98500 80.21100
 5 8 20 20 44 9848.30000 6.17000000 337.65000 50.09000 17.98500 80.21100
 5 8 20 20 45 9848.20000 6.17000000 337.63000 50.09000 17.98800 80.18000
 5 8 20 20 45 9848.30000 6.17000000 337.49000 50.09000 17.98800 80.18000
 5 8 20 20 46 9846.50000 6.17000000 337.45000 50.09000 17.98800 80.18000
 5 8 20 20 46 9840.70000 6.17000000 337.33000 50.09000 17.98800 80.22800
 5 8 20 20 47 9845.20000 6.17000000 337.32000 50.09000 17.98800 80.22400
 5 8 20 20 47 9846.30000 6.17000000 337.32000 50.09000 17.98800 80.20500
 5 8 20 20 48 9846.30000 6.17000000 337.29000 50.13000 17.99200 80.20500
 5 8 20 20 48 9850.40000 6.17000000 337.31000 50.13000 17.99200 80.20500
 5 8 20 20 49 9848.00000 6.17000000 337.44000 50.13000 17.99200 80.20500
 5 8 20 20 49 9849.20000 6.17000000 337.49000 50.13000 17.99200 80.20500
 5 8 20 20 50 9848.70000 6.17000000 337.49000 50.13000 17.99200 80.20500
 5 8 20 20 50 9848.60000 6.17000000 337.36000 50.10000 17.99200 80.20600
 5 8 20 20 51 9848.00000 6.17000000 337.33000 50.13000 17.99200 80.20600
 5 8 20 20 51 9847.90000 6.17000000 337.34000 50.13000 17.98900 80.20600
 5 8 20 20 51 9848.00000 6.17000000 337.38000 50.13000 17.98900 80.20600
 5 8 20 20 52 9848.00000 6.17000000 337.31000 50.14000 17.98900 80.20600
 5 8 20 20 52 9848.80000 6.17000000 337.36000 50.12000 17.98900 80.20600
 5 8 20 20 53 9848.70000 6.17000000 337.29000 50.12000 17.98900 80.20600
 5 8 20 20 53 9848.00000 6.17000000 337.23000 50.12000 17.98100 80.20600
 5 8 20 20 54 9845.90000 6.17000000 337.26000 50.12000 17.98900 79.78200
 5 8 20 20 54 9846.00000 6.17000000 337.25000 50.13000 17.98900 79.78200
 5 8 20 20 55 9845.60000 6.17000000 337.20000 50.11000 17.99000 79.78200
 5 8 20 20 55 9845.50000 6.17000000 337.18000 50.11000 17.99000 79.78200
 5 8 20 20 56 9845.70000 6.17000000 337.21000 50.11000 17.99000 79.78200
 5 8 20 20 56 9845.70000 6.17000000 337.21000 50.13000 17.99000 79.78200
 5 8 20 20 57 9848.60000 6.17000000 337.49000 50.13000 18.05200 80.20800
 5 8 20 20 57 9849.40000 6.17000000 337.50000 50.14000 18.05200 80.20800
 5 8 20 20 58 9859.80000 6.17000000 337.50000 50.15000 18.05200 80.20800
 5 8 20 20 58 9857.50000 6.17000000 337.85000 50.15000 18.05200 80.20800
 5 8 20 20 59 9859.50000 6.17000000 337.87000 50.13000 18.05200 80.07900
 5 8 20 20 59 9860.70000 6.17000000 337.82000 50.13000 18.05200 80.28000
 5 8 20 21 00 9859.30000 6.17000000 337.83000 50.13000 18.04700 80.28000
 5 8 20 21 00 9858.80000 6.17000000 337.81000 50.11000 18.00700 80.28000
 5 8 20 21 01 9858.90000 6.17000000 337.81000 50.11000 18.00700 80.28000
 5 8 20 21 01 9859.10000 6.17000000 337.71000 50.11000 17.98300 80.28000
 5 8 20 21 02 9858.90000 6.17000000 337.71000 50.11000 17.99100 80.28000
 5 8 20 21 02 9860.00000 6.17000000 337.70000 50.11000 17.99100 80.28000
 5 8 20 21 02 9857.90000 6.17000000 337.71000 50.11000 17.98100 80.28000
 5 8 20 21 03 9858.00000 6.17000000 337.71000 50.11000 18.00000 80.28000
 5 8 20 21 03 9858.00000 6.17000000 337.71000 50.11000 18.00000 80.28000
 5 8 20 21 04 9858.00000 6.17000000 337.70000 50.11000 18.00000 79.72700
