M=[
25 5 20 08 38 8135.30000 6.18500000 187.43000 39.43000 11.32000 41.84800
25 5 20 08 39 8139.00000 6.18500000 187.36000 39.43000 11.32000 41.84800
25 5 20 08 39 8140.80000 6.18500000 187.43000 39.43000 11.32000 41.84800
25 5 20 08 40 8142.00000 6.18500000 187.48000 39.43000 11.32000 41.84800
25 5 20 08 40 8143.50000 6.19100000 187.38000 39.43000 11.32000 41.84800
25 5 20 08 40 8142.00000 6.19100000 187.41000 39.43000 11.32000 41.84800
25 5 20 08 41 8142.80000 6.17100000 187.38000 39.49000 11.32000 41.84800
25 5 20 08 41 8144.00000 6.18500000 187.39000 39.49000 11.32000 41.84800
25 5 20 08 42 8147.10000 6.18500000 187.42000 39.50000 11.32000 41.84800
25 5 20 08 42 8148.20000 6.18500000 187.45000 39.50000 11.32000 41.84800
25 5 20 08 43 8148.10000 6.18500000 187.45000 39.50000 11.32000 41.84800
25 5 20 08 43 8148.10000 6.18500000 187.40000 39.50000 11.32000 41.76200
25 5 20 08 44 8140.90000 6.18500000 187.20000 39.48000 11.32000 41.84800
25 5 20 08 44 8135.90000 6.18500000 187.08000 39.50000 11.32000 41.86400
25 5 20 08 45 8135.90000 6.18500000 187.06000 39.48000 11.32000 41.84800
25 5 20 08 45 8135.00000 6.16400000 187.07000 39.48000 11.32000 41.84800
25 5 20 08 46 8133.10000 6.16400000 187.03000 39.48000 11.32000 41.84800
25 5 20 08 46 8135.20000 6.16400000 187.26000 39.41000 11.32000 41.84800
25 5 20 08 46 8133.10000 6.16400000 187.06000 39.41000 11.32000 41.84800
25 5 20 08 47 8140.60000 6.16400000 187.28000 39.41000 11.32000 41.84800
25 5 20 08 47 8137.50000 6.16400000 187.28000 39.46000 11.32000 41.84800
25 5 20 08 48 8140.50000 6.16400000 187.07000 39.46000 11.32000 41.84800
25 5 20 08 48 8136.10000 6.16400000 187.10000 39.46000 11.32000 41.84800
25 5 20 08 49 8135.10000 6.16400000 187.17000 39.46000 11.32000 41.84800
25 5 20 08 49 8139.00000 6.16400000 187.17000 39.48000 11.32000 41.84800
25 5 20 08 50 8138.60000 6.16400000 187.01000 39.46000 11.32000 41.84800
25 5 20 08 50 8138.60000 6.16400000 187.15000 39.46000 11.32000 41.84800
25 5 20 08 51 8138.50000 6.16400000 187.15000 39.46000 11.32000 41.84800
25 5 20 08 51 8138.60000 6.16400000 187.19000 39.46000 11.32000 41.84800
25 5 20 08 51 8138.60000 6.16400000 187.18000 39.46000 11.32000 41.84800
25 5 20 08 52 8135.20000 6.16400000 187.18000 39.46000 11.32000 41.84800
25 5 20 08 52 8136.70000 6.16400000 186.98000 39.46000 11.32000 41.84800
25 5 20 08 53 8136.80000 6.16400000 186.91000 39.46000 11.33600 41.84800
25 5 20 08 53 8131.10000 6.18500000 186.81000 39.46000 11.33600 41.84800
25 5 20 08 54 8130.10000 6.18500000 186.81000 39.42000 11.33600 41.84800
25 5 20 08 54 8130.00000 6.18500000 186.81000 39.46000 11.33600 41.84800
25 5 20 08 55 8130.10000 6.18500000 186.72000 39.42000 11.32000 41.76200
25 5 20 08 55 8128.80000 6.18500000 186.76000 39.42000 11.33600 41.84800
25 5 20 08 56 8128.80000 6.18500000 186.76000 39.42000 11.33600 41.84800
25 5 20 08 56 8127.60000 6.17500000 186.67000 39.39000 11.33600 41.84800
25 5 20 08 57 8127.50000 6.17500000 186.67000 39.38000 11.33600 41.84800
25 5 20 08 57 8125.10000 6.17500000 186.66000 39.38000 11.33600 41.84800
25 5 20 08 58 8125.40000 6.17500000 186.67000 39.38000 11.33600 41.84800
25 5 20 08 58 8125.20000 6.17500000 186.67000 39.38000 11.33600 41.84800
25 5 20 08 58 8125.10000 6.17500000 186.67000 39.38000 11.33600 41.84800
25 5 20 08 59 8124.80000 6.17500000 186.67000 39.38000 11.33600 41.84800
25 5 20 08 59 8125.30000 6.17500000 186.68000 39.38000 11.32000 41.84800
25 5 20 09 00 8117.20000 6.17500000 186.66000 39.38000 11.32000 41.84800
25 5 20 09 00 8119.60000 6.17500000 186.66000 39.38000 11.32000 41.71700
25 5 20 09 01 8120.70000 6.17500000 186.67000 39.40000 11.32000 41.71700
25 5 20 09 01 8125.30000 6.17500000 186.67000 39.42000 11.32000 41.71700
25 5 20 09 02 8127.10000 6.17500000 186.67000 39.38000 11.32000 41.71700
25 5 20 09 02 8126.10000 6.17500000 186.67000 39.41000 11.32000 41.71700
25 5 20 09 03 8122.90000 6.17500000 186.77000 39.41000 11.32000 41.71700
25 5 20 09 03 8119.70000 6.17500000 186.67000 39.41000 11.32000 41.71700
25 5 20 09 04 8117.40000 6.17500000 186.67000 39.41000 11.32000 41.71700
25 5 20 09 04 8120.90000 6.17500000 186.67000 39.41000 11.32000 41.71700
25 5 20 09 04 8119.60000 6.17500000 186.66000 39.41000 11.32000 41.71700
25 5 20 09 05 8123.20000 6.17500000 186.78000 39.41000 11.32000 41.71700
25 5 20 09 05 8122.90000 6.17500000 186.78000 39.37000 11.32000 41.84800
25 5 20 09 06 8123.60000 6.17500000 186.91000 39.37000 11.32000 41.71700
25 5 20 09 06 8123.30000 6.17500000 186.91000 39.41000 11.32000 41.71700
25 5 20 09 07 8124.30000 6.17500000 186.91000 39.37000 11.32000 41.71700
25 5 20 09 07 8123.10000 6.17500000 186.91000 39.37000 11.32000 41.71700
25 5 20 09 08 8123.60000 6.17500000 186.77000 39.37000 11.32000 41.71700
25 5 20 09 08 8125.00000 6.17500000 186.79000 39.37000 11.32000 41.71700
25 5 20 09 09 8125.00000 6.17500000 186.93000 39.37000 11.32000 41.71700
25 5 20 09 09 8124.40000 6.17500000 186.83000 39.39000 11.32000 41.71700
25 5 20 09 09 8125.00000 6.18500000 186.83000 39.39000 11.32000 41.71700
25 5 20 09 10 8129.10000 6.17500000 187.05000 39.39000 11.32000 41.84800
25 5 20 09 10 8124.40000 6.20400000 187.01000 39.39000 11.32000 41.71700
25 5 20 09 11 8132.90000 6.21000000 187.04000 39.39000 11.32000 41.80100
25 5 20 09 11 8132.90000 6.21000000 187.03000 39.37000 11.32000 41.80100
25 5 20 09 12 8132.90000 6.21000000 187.03000 39.39000 11.32000 41.80100
25 5 20 09 12 8132.90000 6.21000000 187.04000 39.39000 11.32000 41.80100
25 5 20 09 13 8130.00000 6.17500000 187.03000 39.39000 11.32000 41.80100
25 5 20 09 13 8137.00000 6.21000000 187.13000 39.39000 11.32000 41.80100
25 5 20 09 14 8135.10000 6.21000000 187.09000 39.39000 11.32000 41.80100
25 5 20 09 14 8136.10000 6.21000000 187.14000 39.39000 11.32000 41.80100
25 5 20 09 15 8132.90000 6.20900000 187.14000 39.40000 11.32000 41.80100
25 5 20 09 15 8135.10000 6.20900000 187.06000 39.37000 11.32000 41.76100
25 5 20 09 15 8134.40000 6.17500000 187.14000 39.37000 11.32000 41.76100
25 5 20 09 16 8132.90000 6.21000000 187.14000 39.39000 11.32000 41.84200
25 5 20 09 16 8136.60000 6.21000000 187.14000 39.41000 11.32000 41.84200
25 5 20 09 17 8138.40000 6.21000000 187.06000 39.43000 11.32000 41.84200
25 5 20 09 17 8138.60000 6.21900000 187.03000 39.43000 11.32000 41.84200
25 5 20 09 18 8137.20000 6.23000000 187.11000 39.43000 11.32000 41.84200
25 5 20 09 18 8138.60000 6.23000000 187.11000 39.43000 11.32000 41.84200
25 5 20 09 19 8138.80000 6.24800000 187.13000 39.42000 11.32000 41.84200
25 5 20 09 19 8138.60000 6.24800000 187.11000 39.42000 11.32000 41.84200
25 5 20 09 20 8140.10000 6.24800000 187.16000 39.42000 11.32000 41.84200
25 5 20 09 20 8140.00000 6.24900000 187.16000 39.42000 11.32000 41.84200
25 5 20 09 21 8140.00000 6.25000000 187.16000 39.42000 11.32000 41.84200
25 5 20 09 21 8140.90000 6.26100000 187.17000 39.42000 11.33600 41.84200
25 5 20 09 21 8141.90000 6.27300000 187.24000 39.51000 11.32000 41.84200
25 5 20 09 22 8150.00000 6.29500000 187.55000 39.42000 11.32000 41.84200
25 5 20 09 22 8149.50000 6.29500000 187.73000 39.51000 11.32000 41.84200
25 5 20 09 23 8158.80000 6.31600000 188.29000 39.80000 11.32000 42.00000
25 5 20 09 24 8156.60000 6.31600000 188.17000 39.73000 11.32000 42.00000
25 5 20 09 24 8152.00000 6.29200000 188.16000 39.73000 11.32000 42.00000
25 5 20 09 25 8153.90000 6.29800000 188.01000 39.80000 11.32000 42.00000
25 5 20 09 25 8153.90000 6.29800000 188.09000 39.70000 11.32000 42.00000
25 5 20 09 26 8153.70000 6.29800000 188.09000 39.70000 11.32000 42.00000
25 5 20 09 26 8148.30000 6.29800000 188.21000 39.69000 11.32000 42.00000
25 5 20 09 27 8151.30000 6.29800000 188.17000 39.69000 11.32000 42.00000
25 5 20 09 27 8144.50000 6.28200000 188.11000 39.69000 11.32000 42.00000
25 5 20 09 28 8144.20000 6.29200000 188.11000 39.69000 11.32000 42.00000
25 5 20 09 28 8142.00000 6.29200000 188.01000 39.69000 11.32000 42.00000
25 5 20 09 28 8143.00000 6.29200000 188.00000 39.69000 11.32000 42.00000
