M=[
 7 9 20 15 15 8534.90000 4.17700000 287.58000 40.33000 13.69200 48.59000
 7 9 20 15 15 8535.00000 4.17700000 287.94000 40.26000 13.69200 48.59000
 7 9 20 15 16 8535.00000 4.17700000 288.00000 40.26000 13.69200 48.59000
 7 9 20 15 16 8535.00000 4.17700000 288.26000 40.26000 13.74500 48.62100
 7 9 20 15 17 8535.00000 4.17700000 288.30000 40.36000 13.76400 48.62100
 7 9 20 15 17 8536.50000 4.17700000 288.47000 40.38000 13.76400 48.62100
 7 9 20 15 18 8538.90000 4.17700000 288.27000 40.38000 13.76300 48.62100
 7 9 20 15 18 8537.00000 4.17700000 287.80000 40.37000 13.76400 48.69000
 7 9 20 15 19 8537.00000 4.17700000 287.46000 40.37000 13.76400 48.69000
 7 9 20 15 19 8537.90000 4.20000000 287.46000 40.37000 13.76400 48.69000
 7 9 20 15 19 8536.60000 4.20000000 287.36000 40.37000 13.74500 48.69000
 7 9 20 15 20 8536.90000 4.22600000 287.46000 40.37000 13.74500 48.69000
 7 9 20 15 20 8538.90000 4.23800000 287.88000 40.49000 13.74500 48.69000
 7 9 20 15 21 8539.40000 4.23800000 287.55000 40.48000 13.74500 48.69000
 7 9 20 15 21 8539.40000 4.23800000 287.80000 40.48000 13.74500 48.69000
 7 9 20 15 22 8539.40000 4.23800000 288.00000 40.48000 13.74500 48.69000
 7 9 20 15 22 8539.30000 4.23800000 287.98000 40.50000 13.74500 48.69000
 7 9 20 15 23 8539.40000 4.23800000 287.89000 40.52000 13.74500 48.69000
 7 9 20 15 23 8545.00000 4.23800000 287.97000 40.52000 13.74500 48.69000
 7 9 20 15 23 8545.40000 4.23800000 288.00000 40.52000 13.74500 48.69000
 7 9 20 15 24 8543.20000 4.23800000 288.60000 40.52000 13.74500 49.00900
 7 9 20 15 24 8556.90000 4.23800000 289.38000 40.60000 13.74500 49.00900
 7 9 20 15 25 8558.10000 4.23800000 290.00000 40.62000 13.76100 49.00900
 7 9 20 15 25 8574.90000 4.23800000 291.58000 40.62000 13.76200 49.28000
 7 9 20 15 26 8578.70000 4.23800000 291.97000 40.74000 13.76200 49.28000
 7 9 20 15 26 8578.60000 4.23800000 291.15000 40.69000 13.76200 49.28000
 7 9 20 15 27 8578.40000 4.19500000 291.67000 40.73000 13.76100 49.28000
 7 9 20 15 27 8584.30000 4.19500000 290.67000 40.73000 13.76100 49.28000
 7 9 20 15 28 8581.90000 4.19500000 291.30000 40.73000 13.76100 49.57600
 7 9 20 15 28 8595.90000 4.19500000 292.00000 40.83000 13.76100 49.57600
 7 9 20 15 29 8600.00000 4.19500000 292.91000 40.83000 13.76400 49.64700
 7 9 20 15 29 8580.90000 4.19500000 291.68000 40.76000 13.76400 49.57000
 7 9 20 15 30 8588.20000 4.19500000 292.50000 40.76000 13.79100 49.46000
 7 9 20 15 30 8594.50000 4.19500000 292.75000 40.76000 13.79100 49.73900
 7 9 20 15 31 8591.10000 4.19500000 291.85000 40.76000 13.79200 49.68300
 7 9 20 15 31 8590.60000 4.19500000 292.08000 40.76000 13.79200 49.68300
 7 9 20 15 32 8587.50000 4.19500000 292.05000 40.74000 13.79200 49.68300
 7 9 20 15 32 8587.60000 4.19500000 292.00000 40.74000 13.79200 49.52000
 7 9 20 15 33 8587.60000 4.19500000 292.25000 40.71000 13.79200 49.61000
 7 9 20 15 33 8576.30000 4.19500000 291.56000 40.66000 13.79200 49.44000
 7 9 20 15 33 8576.20000 4.19500000 291.56000 40.66000 13.79200 49.44100
 7 9 20 15 34 8576.30000 4.19500000 291.69000 40.72000 13.79200 49.44100
 7 9 20 15 34 8578.80000 4.25400000 292.14000 40.78000 13.79200 49.44100
 7 9 20 15 35 8586.50000 4.25400000 292.14000 40.83000 13.79200 49.65000
 7 9 20 15 35 8585.40000 4.23800000 292.19000 40.93000 13.79200 49.65000
 7 9 20 15 36 8588.70000 4.25400000 293.12000 40.93000 13.79200 49.56800
 7 9 20 15 36 8592.30000 4.25400000 292.74000 40.93000 13.79200 49.56800
 7 9 20 15 37 8584.10000 4.25400000 291.44000 40.93000 13.79200 49.68000
 7 9 20 15 37 8577.70000 4.25400000 291.00000 40.93000 13.79200 49.68000
 7 9 20 15 38 8575.20000 4.25400000 291.00000 40.93000 13.79200 49.68000
 7 9 20 15 38 8584.60000 4.25400000 292.01000 40.93000 13.79200 49.54000
 7 9 20 15 39 8592.40000 4.21500000 292.95000 40.94000 13.79200 49.54000
 7 9 20 15 39 8592.50000 4.22000000 292.57000 40.95000 13.79200 49.54000
 7 9 20 15 39 8592.40000 4.22000000 292.59000 40.98000 13.79200 49.54000
 7 9 20 15 40 8592.10000 4.22000000 292.73000 41.00000 13.79200 49.54000
 7 9 20 15 40 8595.30000 4.22000000 293.16000 40.99000 13.79200 49.78000
 7 9 20 15 41 8595.10000 4.22000000 292.84000 40.99000 13.79200 49.78000
 7 9 20 15 41 8595.20000 4.22000000 291.99000 40.93000 13.79200 49.78000
 7 9 20 15 42 8593.90000 4.22000000 292.50000 40.96000 13.79200 50.00000
 7 9 20 15 42 8595.30000 4.22000000 292.58000 40.98000 13.79200 50.00000
 7 9 20 15 43 8595.30000 4.22000000 293.38000 41.00000 13.79200 50.00000
 7 9 20 15 43 8595.30000 4.22000000 292.92000 41.00000 13.79200 50.00000
 7 9 20 15 44 8595.10000 4.22000000 292.92000 41.00000 13.79200 50.00000
 7 9 20 15 44 8594.10000 4.22000000 292.79000 40.87000 13.79200 50.00000
 7 9 20 15 44 8594.50000 4.22000000 292.91000 40.94000 13.79200 50.00100
 7 9 20 15 45 8594.20000 4.24300000 291.76000 40.94000 13.83700 50.00100
 7 9 20 15 45 8594.20000 4.24300000 292.25000 40.90000 13.83700 50.00100
 7 9 20 15 46 8594.40000 4.24300000 291.94000 40.95000 13.83700 50.00100
 7 9 20 15 46 8595.30000 4.24300000 292.03000 40.95000 13.83700 50.00100
 7 9 20 15 47 8598.40000 4.24300000 291.72000 40.95000 13.83700 50.00100
 7 9 20 15 47 8597.80000 4.24300000 291.98000 40.95000 13.83700 50.19200
 7 9 20 15 47 8594.60000 4.24300000 292.14000 40.99000 13.83700 50.20300
 7 9 20 15 48 8599.00000 4.24300000 292.17000 40.95000 13.83700 50.20300
 7 9 20 15 48 8605.90000 4.24200000 292.93000 40.94000 13.87100 50.23300
 7 9 20 15 49 8609.70000 4.24200000 292.74000 41.00000 13.87100 50.25500
 7 9 20 15 49 8615.00000 4.24200000 293.31000 41.09000 13.87100 50.28000
 7 9 20 15 50 8617.30000 4.24200000 294.56000 41.08000 13.87100 50.50000
 7 9 20 15 50 8617.30000 4.24200000 293.87000 41.09000 13.87100 50.50000
 7 9 20 15 51 8617.80000 4.24200000 293.98000 41.10000 13.87100 50.41900
 7 9 20 15 51 8617.50000 4.24200000 294.68000 41.10000 13.87100 50.41900
 7 9 20 15 52 8616.00000 4.24200000 294.35000 41.06000 13.87100 50.41900
 7 9 20 15 52 8618.00000 4.24200000 293.72000 40.94000 13.87100 50.41900
 7 9 20 15 53 8618.00000 4.24200000 293.64000 40.94000 13.87100 50.41900
 7 9 20 15 53 8618.00000 4.24200000 293.60000 40.94000 13.87100 50.41900
 7 9 20 15 54 8619.20000 4.24200000 293.87000 40.94000 13.87100 50.41900
 7 9 20 15 54 8619.30000 4.24200000 293.91000 40.88000 13.87100 50.41900
 7 9 20 15 54 8620.00000 4.25500000 293.99000 40.88000 13.87100 50.41900
 7 9 20 15 55 8619.90000 4.25500000 293.94000 40.88000 13.87100 50.41900
 7 9 20 15 55 8619.30000 4.25500000 293.34000 40.88000 14.05300 50.41900
 7 9 20 15 56 8616.90000 4.25500000 293.13000 40.88000 14.11500 50.41900
 7 9 20 15 56 8613.50000 4.25500000 293.36000 40.96000 14.11500 50.41900
 7 9 20 15 57 8613.50000 4.25500000 293.44000 40.96000 14.11500 50.41900
 7 9 20 15 57 8613.40000 4.25500000 293.16000 40.95000 14.11500 50.41900
 7 9 20 15 58 8611.70000 4.25500000 293.56000 40.95000 14.11500 50.41900
 7 9 20 15 58 8608.20000 4.25500000 293.21000 40.95000 14.11500 50.41900
 7 9 20 15 58 8612.10000 4.25500000 293.90000 40.95000 14.11500 50.41900
 7 9 20 15 59 8613.50000 4.25500000 293.99000 40.95000 14.11500 50.41900
 7 9 20 15 59 8610.90000 4.25500000 293.66000 40.93000 14.11500 50.41900
 7 9 20 16 00 8615.00000 4.25500000 294.28000 40.93000 14.11500 49.98500
 7 9 20 16 00 8613.10000 4.25500000 293.48000 40.93000 14.11500 49.98500
 7 9 20 16 01 8609.30000 4.25500000 293.15000 40.90000 14.11500 50.15300
 7 9 20 16 01 8609.20000 4.25500000 293.30000 40.90000 14.11500 50.15300
 7 9 20 16 02 8601.00000 4.25600000 292.48000 40.90000 14.11500 50.15300
 7 9 20 16 02 8600.10000 4.25600000 292.41000 40.90000 14.11500 50.15300
 7 9 20 16 03 8600.10000 4.25600000 293.07000 40.90000 14.11500 50.15300
 7 9 20 16 03 8600.90000 4.25600000 293.07000 40.91000 14.11500 50.15300
 7 9 20 16 04 8599.20000 4.23900000 292.64000 40.91000 14.11500 50.12700
 7 9 20 16 04 8604.40000 4.23900000 293.33000 40.93000 14.11500 50.27900
 7 9 20 16 05 8604.30000 4.23900000 293.50000 40.93000 14.11500 50.27900
