M=[
15 3 21 13 19 47503.00000 10.29300000 1494.02000 173.78000 25.13400 116.12100
15 3 21 13 19 47638.70000 10.29300000 1495.46000 173.83000 25.13400 116.12100
15 3 21 13 20 47618.60000 10.29300000 1496.25000 173.81000 25.13400 116.12100
15 3 21 13 20 47607.20000 10.31700000 1497.20000 173.88000 25.13400 116.12100
15 3 21 13 20 47669.60000 10.31700000 1498.00000 174.01000 25.13400 116.12100
15 3 21 13 21 47651.90000 10.31700000 1497.19000 173.87000 25.13400 116.12100
15 3 21 13 21 47639.70000 10.31700000 1496.46000 173.66000 25.13400 116.12100
15 3 21 13 22 47601.00000 10.31700000 1495.47000 173.55000 25.13400 116.12100
15 3 21 13 22 47642.30000 10.31700000 1495.81000 173.60000 25.13400 116.12100
15 3 21 13 23 47702.90000 10.31700000 1497.80000 173.70000 25.13400 116.12100
15 3 21 13 23 47702.90000 10.31700000 1497.71000 173.76000 25.13400 116.12100
15 3 21 13 23 47729.00000 10.32800000 1498.01000 173.83000 25.13400 117.23900
15 3 21 13 24 47728.80000 10.32800000 1498.10000 173.83000 25.13400 117.23900
15 3 21 13 24 47717.50000 10.32800000 1498.10000 173.91000 25.13400 117.23900
15 3 21 13 25 47760.10000 10.32800000 1500.36000 174.02000 25.13400 117.23900
15 3 21 13 25 47731.80000 10.32800000 1498.64000 173.66000 25.13400 117.23900
15 3 21 13 26 47740.00000 10.32800000 1498.64000 173.71000 25.13400 117.23900
15 3 21 13 26 47757.20000 10.32800000 1499.87000 173.71000 25.13400 117.17300
15 3 21 13 26 47760.10000 10.32800000 1499.88000 173.97000 25.13400 117.17300
15 3 21 13 27 47801.60000 10.32800000 1500.17000 173.97000 25.13400 117.21100
15 3 21 13 27 47812.80000 10.32800000 1501.04000 174.13000 25.13400 117.21100
15 3 21 13 28 47817.40000 10.32800000 1501.05000 174.20000 25.13400 117.45400
15 3 21 13 28 47870.00000 10.32800000 1503.86000 174.23000 25.31000 117.35200
15 3 21 13 29 47873.00000 10.32800000 1504.92000 174.22000 25.31000 117.37000
15 3 21 13 29 47874.80000 10.32800000 1504.88000 174.27000 25.31000 117.37000
15 3 21 13 29 47905.70000 10.32800000 1505.00000 174.36000 25.31000 117.27700
15 3 21 13 30 47870.40000 10.32800000 1503.63000 174.31000 25.31000 117.27700
15 3 21 13 30 47895.10000 10.32800000 1504.96000 174.12000 25.31000 117.29100
15 3 21 13 31 47915.80000 10.32800000 1504.57000 174.19000 25.31000 117.29100
15 3 21 13 31 47920.00000 10.32800000 1505.00000 174.28000 25.31000 117.29100
15 3 21 13 32 47920.00000 10.30300000 1505.00000 174.27000 25.31000 117.34200
15 3 21 13 32 47900.00000 10.30300000 1504.83000 174.11000 25.31000 117.34200
15 3 21 13 32 47827.10000 10.30300000 1503.62000 173.94000 25.31000 117.34200
15 3 21 13 33 47851.40000 10.30300000 1503.37000 173.94000 25.31000 117.02400
15 3 21 13 33 47819.30000 10.30300000 1504.66000 174.05000 25.31000 117.02400
15 3 21 13 34 47850.00000 10.30300000 1504.34000 174.02000 25.31000 117.02400
15 3 21 13 34 47832.90000 10.30300000 1504.47000 173.95000 25.31000 117.02400
15 3 21 13 35 47840.60000 10.30300000 1504.58000 173.95000 25.31000 117.02400
15 3 21 13 35 47820.10000 10.30300000 1503.99000 173.97000 25.31000 117.02400
15 3 21 13 35 47850.70000 10.35100000 1504.53000 174.00000 25.31000 117.02400
15 3 21 13 36 47867.60000 10.35100000 1505.00000 174.07000 25.31000 117.02400
15 3 21 13 36 47871.60000 10.35100000 1505.00000 174.09000 25.31000 117.02400
15 3 21 13 37 47858.00000 10.35100000 1504.32000 173.99000 25.31000 117.02400
15 3 21 13 37 47860.10000 10.35100000 1504.59000 173.98000 25.31000 116.92500
15 3 21 13 38 47871.70000 10.34400000 1504.86000 173.98000 25.31000 117.11300
15 3 21 13 38 47871.70000 10.34400000 1504.98000 173.80000 25.31000 117.11300
15 3 21 13 38 47866.80000 10.34400000 1504.97000 173.80000 25.31000 117.11300
15 3 21 13 39 47871.60000 10.34400000 1504.32000 173.82000 25.31000 117.11300
15 3 21 13 39 47871.70000 10.34400000 1504.98000 173.82000 25.31000 116.97100
15 3 21 13 40 47822.60000 10.34000000 1504.73000 174.07000 25.31000 116.97100
15 3 21 13 40 47843.20000 10.34000000 1504.20000 174.01000 25.31000 116.97100
15 3 21 13 41 47840.70000 10.34000000 1503.21000 173.91000 25.31000 116.98900
15 3 21 13 41 47868.20000 10.34000000 1503.34000 173.96000 25.31000 116.98900
15 3 21 13 41 47871.40000 10.34000000 1502.70000 174.03000 25.31000 116.98900
15 3 21 13 42 47834.80000 10.34000000 1502.65000 173.99000 25.31000 116.98900
15 3 21 13 42 47856.50000 10.34000000 1502.70000 173.84000 25.31000 116.98900
15 3 21 13 43 47848.20000 10.34000000 1502.38000 173.98000 25.31000 116.98900
15 3 21 13 43 47799.00000 10.34000000 1501.64000 173.74000 25.31000 116.98900
15 3 21 13 44 47741.30000 10.34000000 1500.95000 173.49000 25.31000 116.98900
15 3 21 13 44 47749.00000 10.34000000 1501.39000 173.58000 25.31000 116.97200
15 3 21 13 44 47668.00000 10.34000000 1500.33000 173.50000 25.31000 116.82800
15 3 21 13 45 47690.20000 10.34000000 1499.20000 173.12000 25.31000 116.82800
15 3 21 13 45 47748.00000 10.34000000 1501.57000 173.12000 25.31000 116.82800
15 3 21 13 46 47743.60000 10.33500000 1501.33000 173.71000 25.31000 116.82800
15 3 21 13 46 47711.00000 10.32600000 1501.44000 173.59000 25.31000 116.82800
15 3 21 13 47 47592.90000 10.32600000 1499.05000 173.58000 25.31000 116.82800
15 3 21 13 47 47632.40000 10.28500000 1499.50000 173.36000 25.31000 116.82800
15 3 21 13 47 47626.20000 10.28500000 1500.09000 173.16000 25.31000 116.82800
15 3 21 13 48 47680.30000 10.29700000 1500.33000 173.43000 25.31000 116.82800
15 3 21 13 48 47656.90000 10.29700000 1500.00000 173.26000 25.31000 116.82800
15 3 21 13 49 47661.30000 10.29700000 1498.84000 173.05000 25.31000 116.82800
15 3 21 13 49 47656.10000 10.29700000 1499.19000 173.07000 25.31000 116.82800
15 3 21 13 50 47684.20000 10.29700000 1498.68000 173.30000 25.31000 116.82800
15 3 21 13 50 47709.90000 10.29700000 1499.48000 173.21000 25.31000 116.82800
15 3 21 13 50 47743.60000 10.29700000 1499.48000 173.21000 25.31000 116.82800
15 3 21 13 51 47761.80000 10.29700000 1500.82000 173.59000 25.31000 116.67100
15 3 21 13 51 47784.40000 10.29700000 1500.88000 173.41000 25.31000 116.67100
15 3 21 13 52 47788.20000 10.29700000 1500.01000 173.52000 25.31000 116.67100
15 3 21 13 52 47800.00000 10.29700000 1500.00000 173.44000 25.31000 116.67100
15 3 21 13 53 47812.80000 10.29700000 1502.22000 173.51000 25.31000 116.67100
15 3 21 13 53 47874.60000 10.29700000 1502.22000 173.79000 25.31000 116.67100
15 3 21 13 53 47887.60000 10.29700000 1503.91000 173.79000 25.31000 116.67100
15 3 21 13 54 47844.40000 10.29700000 1502.94000 173.52000 25.31000 116.67100
15 3 21 13 54 47849.70000 10.29700000 1502.52000 173.52000 25.31000 116.67100
15 3 21 13 55 47887.60000 10.29700000 1503.60000 173.60000 25.31000 116.82800
15 3 21 13 55 47861.00000 10.29700000 1502.21000 173.60000 25.31000 116.82800
15 3 21 13 56 47861.10000 10.29700000 1502.77000 173.57000 25.31000 116.82800
15 3 21 13 56 47785.80000 10.29700000 1500.88000 173.50000 25.31000 116.82800
15 3 21 13 56 47789.60000 10.29700000 1500.74000 173.35000 25.31000 116.82800
15 3 21 13 57 47795.50000 10.29700000 1501.42000 173.33000 25.31000 116.82800
15 3 21 13 57 47753.80000 10.29700000 1501.10000 173.21000 25.31000 116.82800
15 3 21 13 58 47760.00000 10.33100000 1501.85000 173.21000 25.31000 116.82800
15 3 21 13 58 47801.00000 10.33100000 1502.10000 173.55000 25.31000 117.32300
15 3 21 13 58 47834.40000 10.33100000 1503.01000 173.55000 25.31000 117.32300
15 3 21 13 59 47800.10000 10.33100000 1502.50000 173.55000 25.31000 117.35400
15 3 21 13 59 47786.90000 10.33100000 1502.62000 173.55000 25.31000 117.35400
15 3 21 14 00 47768.10000 10.33100000 1502.22000 173.55000 25.31000 117.35400
15 3 21 14 00 47803.60000 10.33100000 1504.11000 173.55000 25.31000 117.35400
15 3 21 14 01 47819.90000 10.33100000 1504.90000 173.65000 25.31000 117.35400
15 3 21 14 01 47857.50000 10.38100000 1505.00000 173.85000 25.31000 117.35400
15 3 21 14 01 47863.00000 10.38100000 1505.00000 173.80000 25.31000 117.44800
15 3 21 14 02 47884.70000 10.38100000 1504.99000 173.86000 25.31000 117.56900
