M=[
 2 2 21 03 16 27873.60000 6.19400000 1132.73000 110.11000 16.64100 75.90700
 2 2 21 03 16 27869.00000 6.19400000 1133.45000 110.11000 16.64100 75.90700
 2 2 21 03 16 27877.60000 6.19400000 1133.45000 110.11000 16.64100 75.90700
 2 2 21 03 17 27863.40000 6.19400000 1131.60000 110.41000 16.64100 75.90700
 2 2 21 03 17 27873.60000 6.19400000 1132.45000 110.41000 16.64100 75.90700
 2 2 21 03 18 27866.80000 6.19400000 1132.74000 110.41000 16.64100 75.90700
 2 2 21 03 18 27879.80000 6.19400000 1134.34000 110.41000 16.64100 75.90700
 2 2 21 03 19 27861.80000 6.19400000 1133.16000 110.41000 16.64100 75.90700
 2 2 21 03 19 27879.80000 6.19400000 1134.42000 110.41000 16.64100 75.90700
 2 2 21 03 19 27895.70000 6.19400000 1134.39000 110.57000 16.64100 75.90700
 2 2 21 03 20 27874.40000 6.19400000 1133.76000 110.57000 16.64100 75.90700
 2 2 21 03 20 27869.00000 6.19400000 1133.24000 110.49000 16.64100 75.90700
 2 2 21 03 21 27867.20000 6.19400000 1133.24000 110.53000 16.64100 75.90700
 2 2 21 03 21 27867.30000 6.19400000 1134.92000 110.53000 16.64100 75.88400
 2 2 21 03 22 27867.30000 6.19400000 1135.00000 110.53000 16.64100 75.88400
 2 2 21 03 22 27855.70000 6.19400000 1135.37000 110.53000 16.64100 75.88400
 2 2 21 03 22 27859.20000 6.19400000 1135.79000 110.61000 16.64100 75.88400
 2 2 21 03 23 27859.20000 6.19400000 1135.92000 110.61000 16.64100 75.88400
 2 2 21 03 23 27866.90000 6.19400000 1135.36000 110.61000 16.64100 75.88400
 2 2 21 03 24 27862.10000 6.19400000 1134.73000 110.61000 16.64100 75.88400
 2 2 21 03 24 27863.70000 6.19400000 1133.64000 110.61000 16.64100 75.88400
 2 2 21 03 25 27863.70000 6.19400000 1133.45000 110.61000 16.64100 75.88400
 2 2 21 03 25 27850.10000 6.19400000 1134.25000 110.61000 16.72300 75.88400
 2 2 21 03 25 27879.20000 6.19400000 1134.25000 110.61000 16.72300 75.88400
 2 2 21 03 26 27875.00000 6.19400000 1135.09000 110.80000 16.72300 75.88400
 2 2 21 03 26 27850.00000 6.19400000 1134.83000 110.52000 16.72300 75.88400
 2 2 21 03 27 27850.00000 6.19400000 1134.83000 110.52000 16.72300 75.88400
 2 2 21 03 27 27864.00000 6.19400000 1133.95000 110.52000 16.72300 75.88400
 2 2 21 03 28 27865.00000 6.19400000 1134.35000 110.46000 16.72300 75.88400
 2 2 21 03 28 27863.80000 6.19400000 1134.34000 110.46000 16.72300 75.88400
 2 2 21 03 29 27863.80000 6.19400000 1134.34000 110.46000 16.72300 75.88400
 2 2 21 03 29 27845.70000 6.19400000 1134.34000 110.46000 16.72300 75.88400
 2 2 21 03 29 27862.80000 6.19400000 1134.34000 110.46000 16.72300 75.88400
 2 2 21 03 30 27890.50000 6.19400000 1135.46000 110.46000 16.72300 75.88400
 2 2 21 03 30 27890.60000 6.19400000 1136.13000 110.46000 16.72300 75.88400
 2 2 21 03 31 27880.90000 6.19700000 1135.31000 110.46000 16.72300 75.88400
 2 2 21 03 31 27861.90000 6.19700000 1135.31000 110.43000 16.72300 75.88400
 2 2 21 03 32 27839.60000 6.19700000 1134.77000 110.43000 16.72300 75.88400
 2 2 21 03 32 27855.60000 6.19700000 1134.04000 110.43000 16.72300 76.52600
 2 2 21 03 32 27852.80000 6.19700000 1135.16000 110.43000 16.72300 76.52600
 2 2 21 03 33 27866.00000 6.19800000 1135.16000 110.43000 16.72300 76.52600
 2 2 21 03 33 27883.20000 6.19600000 1135.72000 110.43000 16.72300 76.52600
 2 2 21 03 34 27883.20000 6.19600000 1135.14000 110.43000 16.72300 76.52600
 2 2 21 03 34 27855.10000 6.19600000 1133.92000 110.43000 16.72300 76.52600
 2 2 21 03 35 27855.10000 6.19600000 1133.59000 110.43000 16.72300 76.52600
 2 2 21 03 35 27860.40000 6.19600000 1133.91000 110.43000 16.72300 76.92100
 2 2 21 03 35 27882.00000 6.19600000 1133.91000 110.43000 16.72300 76.94800
 2 2 21 03 36 27880.10000 6.19600000 1135.19000 110.43000 16.72300 76.94800
 2 2 21 03 36 27903.70000 6.19600000 1136.86000 110.43000 16.72300 76.94800
 2 2 21 03 37 27881.50000 6.19600000 1137.05000 110.43000 16.72300 76.94800
 2 2 21 03 37 27888.70000 6.19600000 1136.29000 110.43000 16.72300 77.00000
 2 2 21 03 38 27888.70000 6.19600000 1136.29000 110.43000 16.72300 77.00000
 2 2 21 03 38 27868.70000 6.19600000 1134.98000 110.43000 16.72300 77.00000
 2 2 21 03 38 27868.80000 6.19600000 1136.03000 110.43000 16.72300 77.05500
 2 2 21 03 39 27868.70000 6.19600000 1136.02000 110.43000 16.72300 77.05500
 2 2 21 03 39 27868.80000 6.19600000 1136.91000 110.43000 16.72300 77.05500
 2 2 21 03 40 27865.80000 6.19600000 1136.91000 110.43000 16.72300 77.05500
 2 2 21 03 40 27868.80000 6.19600000 1136.91000 110.43000 16.72300 77.05500
 2 2 21 03 41 27868.80000 6.19600000 1136.91000 110.43000 16.72300 77.05500
 2 2 21 03 41 27888.60000 6.23100000 1137.58000 110.43000 16.72300 77.05500
 2 2 21 03 41 27897.60000 6.23100000 1137.59000 110.43000 16.72300 77.05500
 2 2 21 03 42 27909.30000 6.23100000 1137.59000 110.43000 16.72300 77.05700
 2 2 21 03 42 27878.30000 6.23100000 1137.59000 110.43000 16.72300 77.05700
 2 2 21 03 43 27868.90000 6.23100000 1137.02000 110.43000 16.72300 77.05700
 2 2 21 03 43 27868.90000 6.23100000 1136.39000 110.43000 16.72300 77.05700
 2 2 21 03 44 27875.60000 6.23100000 1136.39000 110.43000 16.72300 77.05700
 2 2 21 03 44 27876.30000 6.23100000 1136.71000 110.43000 16.72300 77.05700
 2 2 21 03 44 27875.50000 6.23100000 1136.81000 110.43000 16.72300 77.05700
 2 2 21 03 45 27899.10000 6.23100000 1136.81000 110.43000 16.72300 77.05700
 2 2 21 03 45 27900.20000 6.23100000 1139.97000 110.43000 16.72300 77.05700
 2 2 21 03 46 27894.90000 6.23000000 1139.44000 110.43000 16.72300 77.05700
 2 2 21 03 46 27868.90000 6.23000000 1138.77000 110.43000 16.72300 77.05700
 2 2 21 03 47 27881.40000 6.23000000 1137.13000 110.43000 16.72300 77.05700
 2 2 21 03 47 27847.80000 6.23000000 1135.84000 110.30000 16.72300 77.05700
 2 2 21 03 47 27842.80000 6.23000000 1136.18000 110.30000 16.72300 77.05700
 2 2 21 03 48 27835.70000 6.23000000 1136.18000 110.30000 16.72300 77.05700
 2 2 21 03 48 27832.50000 6.23000000 1135.82000 110.30000 16.72300 77.05700
 2 2 21 03 49 27873.90000 6.23000000 1137.32000 110.30000 16.72300 77.05700
 2 2 21 03 49 27890.50000 6.23000000 1137.32000 110.30000 16.72300 77.05700
 2 2 21 03 50 27868.80000 6.23000000 1137.32000 110.30000 16.72300 77.05700
 2 2 21 03 50 27875.70000 6.23000000 1137.32000 110.60000 16.72300 77.05700
 2 2 21 03 50 27854.30000 6.23000000 1137.32000 110.60000 16.72300 77.05700
 2 2 21 03 51 27834.50000 6.23000000 1136.44000 110.36000 16.72300 76.48500
 2 2 21 03 51 27845.20000 6.23000000 1136.44000 110.44000 16.72300 76.48500
 2 2 21 03 52 27836.30000 6.23000000 1136.44000 110.44000 16.72300 76.27100
 2 2 21 03 52 27832.60000 6.23000000 1135.74000 110.43000 16.72300 76.27100
 2 2 21 03 53 27832.40000 6.23000000 1135.80000 110.43000 16.72300 76.27100
 2 2 21 03 53 27823.40000 6.23000000 1135.80000 110.43000 16.72300 76.27100
 2 2 21 03 53 27822.80000 6.23000000 1135.80000 110.43000 16.72300 76.27100
 2 2 21 03 54 27824.30000 6.23000000 1135.80000 110.47000 16.72300 76.30700
 2 2 21 03 54 27825.40000 6.23000000 1137.30000 110.47000 16.72300 76.30700
 2 2 21 03 55 27817.70000 6.23000000 1137.30000 110.47000 16.72300 76.30700
 2 2 21 03 55 27821.80000 6.23000000 1135.96000 110.43000 16.72300 76.13700
 2 2 21 03 56 27833.10000 6.23000000 1135.96000 110.43000 16.72300 76.13700
 2 2 21 03 56 27822.20000 6.23000000 1135.59000 110.42000 16.72300 76.13700
 2 2 21 03 56 27823.60000 6.23000000 1135.68000 110.41000 16.72300 76.13700
 2 2 21 03 57 27811.80000 6.23000000 1134.13000 110.23000 16.72300 76.13700
 2 2 21 03 57 27818.80000 6.23000000 1134.13000 110.23000 16.72300 76.13700
 2 2 21 03 58 27802.40000 6.23000000 1134.07000 110.23000 16.72300 76.02400
 2 2 21 03 58 27823.30000 6.23000000 1135.11000 110.34000 16.72300 76.02400
 2 2 21 03 59 27823.70000 6.23000000 1135.11000 110.34000 16.72300 76.02400
 2 2 21 03 59 27819.20000 6.23000000 1134.88000 110.34000 16.72300 76.02400
 2 2 21 03 59 27815.70000 6.23000000 1134.76000 110.30000 16.72300 76.02400
 2 2 21 04 00 27824.30000 6.23000000 1134.28000 110.30000 16.72300 76.02400
 2 2 21 04 00 27829.60000 6.23000000 1134.98000 110.30000 16.72300 76.02400
