M=[
 8 8 20 06 44 9865.00000 5.81100000 323.77000 48.75000 17.81100 79.58000
 8 8 20 06 44 9867.60000 5.81100000 323.84000 48.75000 17.81100 79.58000
 8 8 20 06 45 9867.70000 5.81100000 323.85000 48.75000 17.81100 79.58000
 8 8 20 06 45 9867.80000 5.81100000 323.95000 48.75000 17.81100 79.58000
 8 8 20 06 46 9870.60000 5.81100000 324.01000 48.75000 17.81100 79.58000
 8 8 20 06 46 9870.00000 5.81100000 323.98000 48.75000 17.81100 79.58000
 8 8 20 06 47 9872.00000 5.81100000 324.03000 48.75000 17.81100 79.58000
 8 8 20 06 47 9872.40000 5.81100000 324.05000 48.75000 17.81100 79.58000
 8 8 20 06 47 9870.00000 5.81100000 323.87000 48.75000 17.81100 79.58000
 8 8 20 06 48 9869.10000 5.83100000 323.58000 48.77000 17.81100 79.58800
 8 8 20 06 48 9869.00000 5.83100000 323.60000 48.77000 17.81100 79.58800
 8 8 20 06 49 9869.10000 5.83100000 323.52000 48.77000 17.81100 79.12000
 8 8 20 06 49 9869.00000 5.83100000 323.52000 48.77000 17.81100 79.12000
 8 8 20 06 50 9869.10000 5.83100000 323.42000 48.77000 17.81100 79.12000
 8 8 20 06 50 9869.10000 5.83100000 323.21000 48.68000 17.81100 79.12000
 8 8 20 06 51 9869.10000 5.82700000 323.21000 48.68000 17.81100 79.12000
 8 8 20 06 51 9866.80000 5.82700000 323.26000 48.68000 17.81100 79.12000
 8 8 20 06 52 9864.90000 5.82700000 323.27000 48.68000 17.81100 79.12000
 8 8 20 06 52 9860.90000 5.82700000 323.27000 48.68000 17.81100 79.12000
 8 8 20 06 53 9858.80000 5.82700000 323.19000 48.68000 17.81100 79.12000
 8 8 20 06 53 9858.80000 5.82700000 323.14000 48.65000 17.81100 79.12000
 8 8 20 06 54 9859.50000 5.82700000 323.09000 48.65000 17.81100 79.12000
 8 8 20 06 54 9859.10000 5.82700000 323.11000 48.65000 17.81100 79.12000
 8 8 20 06 55 9859.10000 5.82700000 323.13000 48.65000 17.81100 79.12000
 8 8 20 06 55 9859.00000 5.82700000 323.17000 48.65000 17.81100 79.12000
 8 8 20 06 55 9858.10000 5.82700000 323.15000 48.65000 17.81100 79.12000
 8 8 20 06 56 9857.70000 5.82700000 323.13000 48.65000 17.81100 79.12000
 8 8 20 06 56 9857.50000 5.82700000 323.15000 48.65000 17.81100 79.12000
 8 8 20 06 57 9857.50000 5.82700000 323.36000 48.65000 17.81100 79.12000
 8 8 20 06 57 9857.40000 5.82700000 323.36000 48.65000 17.81100 79.12000
 8 8 20 06 58 9857.40000 5.82700000 323.46000 48.65000 17.81100 79.12000
 8 8 20 06 58 9859.00000 5.82700000 323.48000 48.65000 17.81100 79.12000
 8 8 20 06 59 9859.00000 5.82700000 323.49000 48.65000 17.81100 79.12000
 8 8 20 06 59 9859.70000 5.82700000 323.50000 48.72000 17.81100 79.12000
 8 8 20 07 00 9859.70000 5.82700000 323.50000 48.72000 17.81100 79.12000
 8 8 20 07 00 9864.90000 5.82700000 323.50000 48.72000 17.81100 79.12000
 8 8 20 07 00 9865.40000 5.82700000 323.50000 48.72000 17.81100 79.12000
 8 8 20 07 01 9866.20000 5.82700000 323.49000 48.72000 17.81100 79.12000
 8 8 20 07 01 9866.20000 5.82700000 323.49000 48.72000 17.81100 79.12000
 8 8 20 07 02 9864.00000 5.82700000 323.50000 48.72000 17.81100 79.12000
 8 8 20 07 02 9862.00000 5.82700000 323.49000 48.72000 17.81100 79.12000
 8 8 20 07 03 9862.80000 5.82700000 323.49000 48.72000 17.81100 79.12000
 8 8 20 07 03 9863.10000 5.82700000 323.50000 48.72000 17.81100 79.12000
 8 8 20 07 04 9863.00000 5.82700000 323.49000 48.72000 17.81100 79.12000
 8 8 20 07 04 9862.80000 5.82700000 323.49000 48.72000 17.81100 79.12000
 8 8 20 07 05 9861.90000 5.82700000 323.37000 48.75000 17.81100 79.12000
 8 8 20 07 05 9862.40000 5.82700000 323.35000 48.75000 17.81100 79.12000
 8 8 20 07 05 9862.10000 5.82700000 323.27000 48.75000 17.81100 79.12000
 8 8 20 07 06 9861.60000 5.82700000 323.25000 48.75000 17.81100 79.12000
 8 8 20 07 06 9861.60000 5.82700000 323.18000 48.70000 17.81100 79.12000
 8 8 20 07 07 9855.90000 5.82700000 323.19000 48.70000 17.81100 79.12000
 8 8 20 07 07 9855.40000 5.82700000 323.19000 48.70000 17.81100 79.12000
 8 8 20 07 08 9855.30000 5.82700000 323.15000 48.70000 17.81100 79.12000
 8 8 20 07 08 9857.50000 5.82700000 323.25000 48.70000 17.81100 79.41700
 8 8 20 07 09 9857.50000 5.82700000 323.20000 48.70000 17.81100 79.41700
 8 8 20 07 09 9857.50000 5.82700000 323.19000 48.70000 17.81100 79.41700
 8 8 20 07 10 9858.40000 5.82700000 323.19000 48.70000 17.81100 79.41700
 8 8 20 07 10 9858.50000 5.82700000 323.22000 48.70000 17.81100 79.41700
 8 8 20 07 11 9861.10000 5.82700000 323.23000 48.70000 17.81100 79.44400
 8 8 20 07 11 9861.10000 5.82700000 323.27000 48.70000 17.81100 79.42400
 8 8 20 07 11 9861.20000 5.82700000 323.27000 48.70000 17.81100 79.42400
 8 8 20 07 12 9861.10000 5.82700000 323.30000 48.70000 17.81100 79.42400
 8 8 20 07 12 9861.00000 5.82700000 323.29000 48.70000 17.81100 79.42400
 8 8 20 07 13 9861.70000 5.82700000 323.27000 48.70000 17.81100 79.42400
 8 8 20 07 13 9861.40000 5.82700000 323.26000 48.70000 17.81100 79.42400
 8 8 20 07 14 9861.40000 5.81000000 323.23000 48.70000 17.81100 79.42400
 8 8 20 07 14 9863.30000 5.81000000 323.28000 48.70000 17.81100 79.42400
 8 8 20 07 15 9863.20000 5.81000000 323.28000 48.70000 17.81100 79.42400
 8 8 20 07 15 9867.50000 5.81000000 323.47000 48.70000 17.81100 79.42400
 8 8 20 07 16 9868.80000 5.81000000 323.47000 48.70000 17.81100 79.42400
 8 8 20 07 16 9869.30000 5.81000000 323.47000 48.68000 17.81100 79.42400
 8 8 20 07 16 9869.60000 5.81000000 323.47000 48.68000 17.81100 79.42400
 8 8 20 07 17 9868.70000 5.81000000 323.48000 48.68000 17.81100 79.42400
 8 8 20 07 17 9871.80000 5.81000000 323.50000 48.68000 17.81100 79.42400
 8 8 20 07 18 9875.90000 5.81000000 323.50000 48.68000 17.81100 79.42400
 8 8 20 07 18 9878.50000 5.82000000 323.49000 48.74000 17.81100 79.42400
 8 8 20 07 19 9871.70000 5.82000000 323.51000 48.72000 17.81100 79.42400
 8 8 20 07 19 9871.70000 5.82000000 323.69000 48.72000 17.81100 79.42400
 8 8 20 07 20 9871.70000 5.82300000 323.71000 48.72000 17.81100 79.42400
 8 8 20 07 20 9871.70000 5.82300000 323.79000 48.72000 17.81100 79.42400
 8 8 20 07 20 9871.70000 5.82300000 323.80000 48.72000 17.81100 79.42400
 8 8 20 07 21 9873.20000 5.82300000 323.85000 48.73000 17.81100 79.42400
 8 8 20 07 21 9873.10000 5.82300000 323.85000 48.73000 17.81100 79.42400
 8 8 20 07 22 9873.10000 5.82500000 323.67000 48.73000 17.81100 79.42400
 8 8 20 07 22 9873.90000 5.82500000 323.80000 48.73000 17.81100 79.42400
 8 8 20 07 23 9878.70000 5.82500000 323.87000 48.73000 17.81100 79.42400
 8 8 20 07 23 9878.40000 5.82500000 323.73000 48.73000 17.81100 79.42400
 8 8 20 07 24 9878.60000 5.82500000 323.73000 48.73000 17.81100 79.42400
 8 8 20 07 24 9876.30000 5.82500000 323.69000 48.73000 17.81100 79.42400
 8 8 20 07 25 9876.50000 5.82500000 323.69000 48.73000 17.81100 79.42400
 8 8 20 07 25 9876.80000 5.82700000 323.69000 48.73000 17.81100 79.42400
 8 8 20 07 25 9877.30000 5.82700000 323.69000 48.73000 17.81100 79.42400
 8 8 20 07 26 9878.60000 5.82700000 323.71000 48.73000 17.81100 79.42400
 8 8 20 07 26 9878.60000 5.82700000 323.77000 48.73000 17.81100 79.42400
 8 8 20 07 27 9880.00000 5.82700000 323.78000 48.73000 17.81100 79.42400
 8 8 20 07 27 9880.00000 5.82700000 323.79000 48.73000 17.81100 79.42400
 8 8 20 07 28 9880.00000 5.82700000 323.79000 48.73000 17.81100 79.42400
 8 8 20 07 28 9880.10000 5.82700000 323.76000 48.73000 17.81100 79.42400
 8 8 20 07 29 9880.10000 5.82700000 323.80000 48.73000 17.81100 79.42400
 8 8 20 07 29 9878.70000 5.81900000 323.83000 48.75000 17.81100 79.42400
 8 8 20 07 29 9878.80000 5.82000000 323.72000 48.75000 17.81100 79.42400
 8 8 20 07 30 9878.80000 5.82000000 323.95000 48.75000 17.81100 79.42400
 8 8 20 07 30 9878.70000 5.82000000 323.99000 48.75000 17.81100 79.42400
 8 8 20 07 31 9880.00000 5.82000000 324.16000 48.75000 17.81100 79.42400
 8 8 20 07 31 9880.00000 5.82000000 324.16000 48.75000 17.81100 79.42400
 8 8 20 07 32 9881.90000 5.82000000 324.16000 48.75000 17.81100 79.42400
 8 8 20 07 32 9881.90000 5.82000000 324.16000 48.77000 17.81100 79.42400
 8 8 20 07 33 9879.10000 5.82000000 324.32000 48.77000 17.81100 79.42400
 8 8 20 07 33 9878.50000 5.82000000 324.35000 48.75000 17.81100 79.42400
