M=[
24 11 20 20 21 16152.00000 6.05000000 515.01000 75.98000 14.94000 73.14000
24 11 20 20 21 16147.70000 6.05000000 514.42000 75.93000 14.94000 73.12500
24 11 20 20 22 16145.10000 6.05000000 514.42000 75.81000 14.94000 73.12500
24 11 20 20 22 16127.00000 6.05000000 513.73000 75.69000 14.94000 73.00000
24 11 20 20 22 16115.30000 6.05000000 513.21000 75.61000 14.94000 72.96400
24 11 20 20 23 16120.00000 6.05000000 514.15000 75.65000 14.94000 72.96400
24 11 20 20 23 16137.00000 6.05000000 514.22000 75.65000 14.94000 73.00000
24 11 20 20 24 16126.90000 6.05000000 513.98000 75.75000 14.94000 73.01100
24 11 20 20 24 16116.30000 6.05000000 513.98000 75.78000 14.94000 73.01100
24 11 20 20 25 16100.10000 6.05000000 513.00000 75.67000 14.94000 73.01100
24 11 20 20 25 16105.50000 6.05000000 513.32000 75.58000 14.94000 73.01100
24 11 20 20 25 16100.30000 6.05000000 513.38000 75.54000 14.94000 73.09000
24 11 20 20 26 16101.00000 6.05000000 513.26000 75.50000 14.94000 72.78900
24 11 20 20 26 16100.10000 6.05000000 512.96000 75.48000 14.94000 72.79500
24 11 20 20 27 16081.80000 6.05000000 512.67000 75.48000 14.94000 72.64400
24 11 20 20 27 16078.20000 6.05000000 511.94000 75.42000 14.94000 72.64400
24 11 20 20 28 16072.00000 6.05000000 512.29000 75.42000 14.94000 72.61000
24 11 20 20 28 16070.00000 6.05000000 511.60000 75.39000 14.94000 72.61000
24 11 20 20 28 16054.10000 6.05000000 510.53000 75.15000 14.94400 72.41900
24 11 20 20 29 16067.00000 6.00000000 511.19000 75.17000 14.94400 72.37100
24 11 20 20 29 16076.40000 6.00000000 511.33000 75.17000 14.94400 72.42000
24 11 20 20 30 16045.90000 6.00000000 510.53000 75.18000 14.94400 72.43200
24 11 20 20 30 16015.40000 6.00000000 509.39000 75.00000 14.94000 72.09300
24 11 20 20 31 16021.00000 5.99100000 509.95000 75.09000 14.94000 72.43200
24 11 20 20 31 16040.80000 5.99100000 510.94000 75.29000 14.94000 72.42000
24 11 20 20 31 16043.30000 5.99100000 511.10000 75.35000 14.94000 72.42000
24 11 20 20 32 16057.60000 5.99100000 510.91000 75.33000 14.94000 72.49400
24 11 20 20 32 16077.90000 5.99600000 511.89000 75.33000 14.94000 72.49400
24 11 20 20 33 16054.80000 5.99600000 510.65000 75.33000 14.94000 72.60000
24 11 20 20 33 16053.00000 5.99600000 510.73000 75.32000 14.94000 72.58000
24 11 20 20 34 16025.10000 5.99600000 509.63000 75.31000 14.94000 72.58700
24 11 20 20 34 16021.10000 5.99600000 509.44000 75.10000 14.94000 72.23000
24 11 20 20 34 16004.90000 5.99600000 509.30000 75.04000 14.94000 72.23000
24 11 20 20 35 16000.10000 5.99600000 509.82000 75.02000 14.94000 72.23000
24 11 20 20 35 16030.60000 5.99600000 510.00000 75.13000 14.90000 72.23000
24 11 20 20 36 16039.00000 5.99600000 510.84000 75.21000 15.02400 72.23000
24 11 20 20 36 16010.10000 5.99600000 509.24000 75.06000 15.02400 72.23000
24 11 20 20 37 16009.30000 5.98700000 509.23000 75.09000 15.02400 72.23000
24 11 20 20 37 16045.80000 5.98900000 511.00000 75.15000 15.02400 72.23000
24 11 20 20 37 16030.10000 5.98900000 510.41000 75.15000 15.02400 72.09000
24 11 20 20 38 16004.30000 5.98900000 509.54000 75.08000 15.02400 72.09000
24 11 20 20 38 16028.50000 5.98900000 509.93000 75.18000 15.02400 72.09000
24 11 20 20 39 16042.20000 5.98900000 510.46000 75.18000 14.84600 72.09000
24 11 20 20 39 16038.10000 5.98900000 510.44000 75.20000 14.84600 72.09000
24 11 20 20 40 16018.50000 5.98900000 509.57000 75.19000 14.84600 71.90100
24 11 20 20 40 16027.90000 5.98900000 509.67000 75.11000 14.84600 71.96000
24 11 20 20 40 16013.10000 5.98900000 509.78000 75.15000 14.84600 71.96000
24 11 20 20 41 16043.80000 6.00000000 509.98000 75.17000 14.84600 71.96000
24 11 20 20 41 16051.60000 6.00000000 510.00000 75.35000 14.84600 71.99000
24 11 20 20 42 16055.60000 6.00000000 509.88000 75.33000 14.84600 71.66300
24 11 20 20 42 16059.40000 6.04800000 509.93000 75.40000 14.84600 71.97000
24 11 20 20 43 16063.30000 6.04800000 509.97000 75.34000 14.84600 71.71300
24 11 20 20 43 16055.80000 6.04800000 509.66000 75.20000 14.84100 71.63600
24 11 20 20 43 16030.40000 6.04800000 509.53000 75.04000 14.84100 71.63600
24 11 20 20 44 16042.80000 6.04800000 509.65000 75.04000 14.84100 71.76700
24 11 20 20 44 16041.00000 6.04800000 509.92000 75.04000 14.84100 71.76700
24 11 20 20 45 16038.50000 6.04800000 509.82000 75.14000 14.84100 71.76700
24 11 20 20 45 16024.10000 6.04800000 509.40000 75.01000 14.84100 71.76700
24 11 20 20 46 16014.10000 6.04800000 509.29000 74.95000 14.84100 71.76700
24 11 20 20 46 16030.00000 6.04800000 509.80000 75.10000 14.84100 71.76700
24 11 20 20 46 16022.50000 6.06000000 509.69000 75.10000 14.84100 71.76700
24 11 20 20 47 16022.50000 6.06000000 509.99000 75.27000 14.84100 71.76700
24 11 20 20 47 16043.70000 6.09100000 509.79000 75.30000 14.84100 71.76700
24 11 20 20 48 16043.70000 6.09100000 510.00000 75.38000 14.84100 71.76700
24 11 20 20 48 16049.90000 6.10000000 509.67000 75.38000 14.82600 71.76700
24 11 20 20 49 16049.90000 6.12000000 509.75000 75.34000 14.82600 71.76700
24 11 20 20 49 16065.30000 6.12000000 509.99000 75.17000 14.82600 71.76700
24 11 20 20 49 16066.00000 6.11400000 509.99000 75.16000 14.82600 71.76700
24 11 20 20 50 16053.70000 6.11400000 509.77000 75.17000 14.82600 71.76700
24 11 20 20 50 16039.90000 6.11400000 509.39000 75.12000 14.82600 71.76700
24 11 20 20 51 16024.10000 6.11400000 509.80000 75.12000 14.82600 71.76700
24 11 20 20 51 16014.00000 6.11900000 509.52000 75.07000 14.82600 71.76700
24 11 20 20 52 16001.10000 6.11900000 509.29000 75.06000 14.82600 71.76700
24 11 20 20 52 16001.10000 6.09100000 509.20000 74.94000 14.82600 71.76700
24 11 20 20 52 16003.60000 6.09100000 509.04000 74.93000 14.82600 71.76700
24 11 20 20 53 16004.30000 6.09100000 509.20000 74.92000 14.82600 71.76700
24 11 20 20 53 16031.00000 6.09100000 509.91000 74.94000 14.82600 71.76000
24 11 20 20 54 16030.90000 6.09100000 510.49000 75.08000 14.82600 72.02900
24 11 20 20 54 16027.20000 6.12000000 510.52000 75.08000 14.82600 72.02900
24 11 20 20 55 16029.90000 6.15000000 510.17000 75.08000 14.82600 72.02900
24 11 20 20 55 16029.80000 6.15000000 510.17000 75.11000 14.82600 72.02900
24 11 20 20 55 16015.70000 6.15000000 509.90000 75.00000 14.81100 72.02900
24 11 20 20 56 16028.00000 6.15000000 510.15000 75.03000 14.81100 72.02900
24 11 20 20 56 16013.90000 6.15000000 510.14000 75.03000 14.81100 72.02900
24 11 20 20 57 16029.80000 6.16300000 510.16000 75.03000 14.81100 72.02900
24 11 20 20 57 16035.10000 6.17400000 510.80000 75.11000 14.81100 72.02900
24 11 20 20 58 16024.20000 6.18000000 510.54000 75.11000 14.81100 72.02900
24 11 20 20 58 16035.70000 6.18000000 510.80000 75.11000 14.81100 72.02900
24 11 20 20 58 16038.30000 6.19100000 510.91000 75.16000 14.81100 72.02900
24 11 20 20 59 16039.60000 6.20000000 510.92000 75.16000 14.81100 72.02900
24 11 20 20 59 16041.00000 6.18500000 510.61000 75.16000 14.81100 72.02900
24 11 20 21 00 16041.10000 6.18500000 510.72000 75.16000 14.81100 72.02900
24 11 20 21 00 16029.40000 6.18500000 510.21000 75.14000 14.79600 72.02900
24 11 20 21 01 16043.00000 6.18500000 510.21000 75.14000 14.79600 72.02900
24 11 20 21 01 16050.60000 6.18500000 510.16000 75.14000 14.79600 72.02900
24 11 20 21 01 16076.90000 6.18100000 511.00000 75.14000 14.79600 72.02900
24 11 20 21 02 16064.90000 6.18100000 510.75000 75.33000 14.79600 72.02900
24 11 20 21 02 16066.60000 6.18100000 510.99000 75.39000 14.79600 72.02900
24 11 20 21 03 16066.50000 6.14300000 511.00000 75.43000 14.79600 72.25200
24 11 20 21 03 16066.60000 6.19100000 511.00000 75.43000 14.79600 72.25200
24 11 20 21 04 16066.60000 6.19100000 511.00000 75.45000 14.79600 72.39300
24 11 20 21 04 16066.60000 6.19100000 510.97000 75.45000 14.79600 72.39300
24 11 20 21 04 16066.60000 6.19100000 511.00000 75.42000 14.79600 72.39300
24 11 20 21 05 16066.60000 6.19100000 511.00000 75.47000 14.99200 72.39300
24 11 20 21 05 16066.60000 6.19100000 510.76000 75.47000 14.99200 72.39300
24 11 20 21 06 16065.80000 6.19100000 511.00000 75.48000 14.99200 72.39300
