M=[
 1 8 21 17 34 34557.40000 43.24500000 2153.49000 121.92000 22.84900 101.51500
 1 8 21 17 35 34556.30000 43.24500000 2153.25000 121.92000 22.84900 101.51500
 1 8 21 17 35 34502.80000 43.24500000 2152.19000 121.92000 22.84900 101.51500
 1 8 21 17 35 34504.50000 43.24500000 2153.14000 121.92000 22.84900 101.51500
 1 8 21 17 36 34525.50000 43.24500000 2154.24000 121.92000 22.84900 101.44000
 1 8 21 17 36 34535.50000 43.24500000 2154.55000 121.92000 22.84900 101.44000
 1 8 21 17 37 34531.40000 43.24500000 2154.55000 121.93000 22.84900 101.44000
 1 8 21 17 37 34530.60000 43.24500000 2154.70000 121.93000 22.84900 101.44000
 1 8 21 17 38 34547.20000 43.24500000 2155.00000 121.93000 22.84900 101.44000
 1 8 21 17 38 34525.10000 43.24500000 2154.28000 121.93000 22.84900 101.44000
 1 8 21 17 38 34544.50000 43.24500000 2154.98000 121.93000 22.84900 101.44000
 1 8 21 17 39 34516.30000 43.24500000 2154.98000 121.88000 22.84900 101.44000
 1 8 21 17 39 34479.60000 43.16300000 2153.26000 121.88000 22.66300 101.44000
 1 8 21 17 40 34520.10000 43.28000000 2155.00000 121.88000 22.72200 101.44000
 1 8 21 17 40 34520.30000 43.28000000 2155.14000 121.88000 22.72200 101.44000
 1 8 21 17 41 34521.80000 43.28000000 2155.88000 121.88000 22.72200 101.44000
 1 8 21 17 41 34507.40000 43.28000000 2155.25000 121.88000 22.72200 101.44000
 1 8 21 17 41 34500.00000 43.28000000 2154.67000 121.88000 22.72200 101.44000
 1 8 21 17 42 34498.90000 43.28000000 2155.52000 121.72000 22.72200 101.44000
 1 8 21 17 42 34480.70000 43.28000000 2154.81000 121.72000 22.72200 101.44000
 1 8 21 17 43 34484.60000 43.28000000 2154.81000 121.73000 22.72200 101.44000
 1 8 21 17 43 34488.80000 43.28000000 2155.86000 121.73000 22.72200 101.44000
 1 8 21 17 44 34504.30000 43.28000000 2155.88000 121.79000 22.72200 101.20200
 1 8 21 17 44 34491.40000 43.28000000 2155.74000 121.79000 22.72200 101.20200
 1 8 21 17 45 34491.50000 43.28000000 2155.74000 121.79000 22.72200 101.20200
 1 8 21 17 45 34495.30000 43.28000000 2155.51000 121.74000 22.72200 101.20200
 1 8 21 17 45 34507.30000 43.28000000 2156.95000 121.74000 22.72200 101.20200
 1 8 21 17 46 34496.00000 43.28000000 2156.23000 121.68000 22.72200 101.20200
 1 8 21 17 46 34496.00000 43.28000000 2156.23000 121.68000 22.72200 101.20200
 1 8 21 17 47 34522.00000 43.28000000 2156.95000 121.68000 22.72200 101.20200
 1 8 21 17 47 34540.10000 43.28000000 2158.80000 121.72000 22.72200 101.20200
 1 8 21 17 48 34546.90000 43.28000000 2160.56000 121.72000 22.72200 101.20200
 1 8 21 17 48 34564.80000 43.30000000 2160.98000 121.76000 22.72200 101.20200
 1 8 21 17 48 34585.50000 43.30000000 2161.48000 121.85000 22.72200 101.20200
 1 8 21 17 49 34630.10000 43.30000000 2162.00000 121.92000 22.83300 101.20200
 1 8 21 17 49 34658.70000 43.30000000 2166.12000 122.00000 22.83300 101.59400
 1 8 21 17 50 34678.40000 43.30000000 2167.41000 122.00000 22.83300 101.94600
 1 8 21 17 50 34645.50000 43.30000000 2165.68000 122.00000 22.83300 101.94600
 1 8 21 17 51 34624.00000 43.30000000 2165.22000 122.00000 22.83300 101.94600
 1 8 21 17 51 34598.80000 43.30000000 2165.35000 122.00000 22.83300 101.38100
 1 8 21 17 51 34594.40000 43.30000000 2164.36000 122.00000 22.83300 101.38100
 1 8 21 17 52 34565.60000 43.30000000 2164.36000 122.00000 22.83300 101.38100
 1 8 21 17 52 34557.00000 43.30000000 2164.36000 122.00000 22.83300 101.38100
 1 8 21 17 53 34580.00000 43.30000000 2163.94000 122.00000 22.83300 101.38100
 1 8 21 17 53 34531.10000 43.30000000 2163.52000 121.63000 22.83300 101.38100
 1 8 21 17 54 34542.20000 43.30000000 2162.29000 121.63000 22.83300 101.38100
 1 8 21 17 54 34540.60000 43.30000000 2162.08000 121.63000 22.83300 101.38100
 1 8 21 17 54 34534.70000 43.30000000 2161.91000 121.53000 22.83300 101.38100
 1 8 21 17 55 34525.90000 43.30000000 2162.88000 121.53000 22.83300 101.38100
 1 8 21 17 55 34505.70000 43.30000000 2162.19000 121.53000 22.83300 100.77900
 1 8 21 17 56 34515.80000 43.30000000 2161.67000 121.39000 22.83300 100.77900
 1 8 21 17 56 34505.20000 43.30000000 2161.67000 121.31000 22.83300 100.77900
 1 8 21 17 57 34523.70000 43.30000000 2162.14000 121.31000 22.83300 100.77900
 1 8 21 17 57 34517.40000 43.30000000 2161.14000 121.31000 22.83300 100.77900
 1 8 21 17 57 34504.20000 43.30000000 2161.28000 121.30000 22.83300 100.77900
 1 8 21 17 58 34553.70000 43.15900000 2163.66000 121.30000 22.83300 100.77900
 1 8 21 17 58 34527.30000 43.15900000 2163.66000 121.30000 22.83300 100.77900
 1 8 21 17 59 34575.70000 43.15900000 2163.94000 121.35000 22.83300 100.77900
 1 8 21 17 59 34586.50000 43.15900000 2164.69000 121.57000 22.83300 101.16900
 1 8 21 18 00 34608.40000 43.15900000 2165.67000 121.57000 22.83300 101.16900
 1 8 21 18 00 34608.30000 43.15900000 2163.59000 121.57000 22.83300 101.16900
 1 8 21 18 01 34553.80000 43.15900000 2163.59000 121.57000 22.72100 101.16900
 1 8 21 18 01 34541.60000 43.15900000 2162.49000 121.33000 22.72100 101.16900
 1 8 21 18 01 34555.50000 43.15900000 2163.50000 121.33000 22.72100 101.16900
 1 8 21 18 02 34550.70000 43.15900000 2163.25000 121.33000 22.72100 101.11700
 1 8 21 18 02 34546.40000 43.27100000 2163.42000 121.33000 22.72100 100.97400
 1 8 21 18 03 34547.70000 43.27100000 2164.53000 121.33000 22.72100 100.95500
 1 8 21 18 03 34547.20000 43.27100000 2164.53000 121.33000 22.72100 100.95500
 1 8 21 18 04 34548.80000 43.27100000 2164.53000 121.35000 22.72100 100.95500
 1 8 21 18 04 34547.10000 43.27100000 2164.69000 121.41000 22.72100 100.95500
 1 8 21 18 04 34570.50000 43.27100000 2166.43000 121.41000 22.72100 100.95500
 1 8 21 18 05 34568.00000 43.27100000 2166.54000 121.41000 22.72100 100.95500
 1 8 21 18 05 34604.20000 43.27100000 2167.77000 121.63000 22.72100 100.95500
 1 8 21 18 06 34600.00000 43.27100000 2167.84000 121.66000 22.72100 100.95500
 1 8 21 18 06 34614.90000 43.27100000 2169.00000 121.66000 22.72100 100.95500
 1 8 21 18 07 34610.10000 43.27100000 2169.99000 121.66000 22.72100 100.95500
 1 8 21 18 07 34614.90000 43.27100000 2170.00000 121.66000 22.72100 100.95500
 1 8 21 18 07 34616.00000 43.27100000 2169.85000 121.66000 22.72100 100.95500
 1 8 21 18 08 34591.90000 43.27100000 2169.85000 121.62000 22.72100 100.95500
 1 8 21 18 08 34595.70000 43.41200000 2170.00000 121.68000 22.72100 100.95500
 1 8 21 18 09 34600.30000 43.41200000 2170.00000 121.68000 22.72100 100.95500
 1 8 21 18 09 34603.10000 43.43700000 2170.00000 121.68000 22.72100 100.95500
 1 8 21 18 10 34588.20000 43.43700000 2171.57000 121.68000 22.72100 100.95500
 1 8 21 18 10 34584.60000 43.43700000 2170.01000 121.61000 22.72100 100.95500
 1 8 21 18 10 34584.60000 43.43700000 2169.26000 121.61000 22.72100 100.95500
 1 8 21 18 11 34564.50000 43.43700000 2169.63000 121.48000 22.72100 100.95500
 1 8 21 18 11 34565.60000 43.43700000 2170.50000 121.48000 22.72100 100.95500
 1 8 21 18 12 34562.50000 43.43700000 2170.78000 121.49000 22.72100 100.95500
 1 8 21 18 12 34560.10000 43.43700000 2170.78000 121.49000 22.72100 100.95500
 1 8 21 18 13 34549.30000 43.34000000 2170.00000 121.49000 22.72100 100.95500
 1 8 21 18 13 34541.50000 43.34000000 2170.24000 121.49000 22.72100 100.95500
 1 8 21 18 13 34543.40000 43.34000000 2170.13000 121.47000 22.72100 100.95500
 1 8 21 18 14 34531.80000 43.34000000 2170.56000 121.49000 22.72100 100.95500
 1 8 21 18 14 34535.70000 43.34000000 2170.01000 121.49000 22.72100 100.95500
 1 8 21 18 15 34549.70000 43.34000000 2171.62000 121.49000 22.72100 100.95500
 1 8 21 18 15 34562.00000 43.34000000 2171.99000 121.49000 22.72100 100.95500
 1 8 21 18 16 34577.30000 43.34000000 2174.55000 121.49000 22.72100 100.95500
 1 8 21 18 16 34604.30000 43.40000000 2175.50000 121.49000 22.72100 100.95500
 1 8 21 18 17 34621.50000 43.40000000 2177.15000 121.49000 22.72100 100.95500
 1 8 21 18 17 34602.30000 43.39900000 2175.76000 121.49000 22.72100 100.95500
 1 8 21 18 17 34608.40000 43.39900000 2176.20000 121.63000 22.72100 100.95500
 1 8 21 18 18 34620.90000 43.39900000 2176.21000 121.63000 22.72100 100.95500
