M=[
20 11 20 23 35 15709.10000 5.02100000 428.88000 69.60000 13.54000 53.23300
20 11 20 23 36 15709.00000 5.02100000 428.93000 69.60000 13.54000 53.23300
20 11 20 23 36 15709.90000 5.02100000 428.93000 69.60000 13.54000 53.23300
20 11 20 23 37 15710.40000 5.02100000 428.93000 69.60000 13.54000 53.23300
20 11 20 23 37 15709.10000 5.02100000 428.93000 69.60000 13.54000 53.23300
20 11 20 23 37 15709.10000 5.02100000 428.97000 69.67000 13.54000 53.23300
20 11 20 23 38 15709.10000 5.02100000 428.90000 69.67000 13.54000 53.23300
20 11 20 23 38 15712.80000 5.02100000 428.90000 69.67000 13.54000 53.23300
20 11 20 23 39 15709.00000 5.02100000 429.07000 69.74000 13.54000 53.23300
20 11 20 23 39 15714.60000 5.02100000 428.99000 69.74000 13.54000 53.23300
20 11 20 23 40 15712.80000 5.02100000 429.05000 69.74000 13.54000 53.23300
20 11 20 23 40 15716.90000 5.02100000 429.21000 69.74000 13.54000 53.23300
20 11 20 23 40 15721.90000 5.02100000 429.46000 69.84000 13.54000 53.23300
20 11 20 23 41 15722.10000 5.02100000 429.46000 69.84000 13.54000 53.23300
20 11 20 23 41 15729.70000 5.02100000 429.46000 69.84000 13.54000 53.23300
20 11 20 23 42 15722.50000 5.02100000 429.58000 69.84000 13.54000 53.23300
20 11 20 23 42 15730.10000 5.03200000 429.58000 69.80000 13.54000 53.23300
20 11 20 23 43 15730.20000 5.06200000 429.58000 69.77000 13.54000 53.23300
20 11 20 23 43 15733.10000 5.07300000 429.82000 69.85000 13.54000 53.23300
20 11 20 23 43 15733.20000 5.07300000 429.86000 69.85000 13.54000 53.23300
20 11 20 23 44 15740.40000 5.07300000 430.00000 69.86000 13.54000 53.23300
20 11 20 23 44 15742.00000 5.07300000 430.00000 69.86000 13.54000 53.23300
20 11 20 23 45 15740.80000 5.07300000 430.00000 69.86000 13.54000 53.23300
20 11 20 23 45 15746.30000 5.07300000 430.00000 69.88000 13.54000 53.23300
20 11 20 23 46 15749.20000 5.07300000 430.00000 69.84000 13.54000 53.23300
20 11 20 23 46 15743.60000 5.07300000 429.99000 69.81000 13.54000 53.23300
20 11 20 23 46 15733.50000 5.07300000 429.99000 69.87000 13.54000 53.23300
20 11 20 23 47 15733.60000 5.07300000 429.50000 69.83000 13.54000 53.23300
20 11 20 23 47 15733.60000 5.07300000 429.50000 69.84000 13.54000 53.23300
20 11 20 23 48 15733.60000 5.07300000 429.54000 69.87000 13.54000 53.23300
20 11 20 23 48 15728.20000 5.07300000 429.42000 69.85000 13.54000 53.23300
20 11 20 23 49 15737.90000 5.07300000 429.55000 69.85000 13.54000 53.23300
20 11 20 23 49 15727.00000 5.07300000 429.62000 69.87000 13.54000 53.23300
20 11 20 23 49 15728.70000 5.07300000 429.37000 69.87000 13.54000 53.23300
20 11 20 23 50 15727.00000 5.07300000 429.30000 69.85000 13.54000 53.23300
20 11 20 23 50 15727.00000 5.07300000 429.30000 69.68000 13.54000 53.23300
20 11 20 23 51 15727.00000 5.07300000 429.30000 69.68000 13.54000 53.23300
20 11 20 23 51 15727.00000 5.07300000 429.30000 69.68000 13.54000 53.23300
20 11 20 23 52 15726.90000 5.07300000 429.27000 69.68000 13.54000 53.23300
20 11 20 23 52 15726.90000 5.07300000 429.27000 69.68000 13.54000 53.23300
20 11 20 23 52 15727.00000 5.07300000 429.27000 69.68000 13.54000 53.23300
20 11 20 23 53 15729.10000 5.07300000 429.27000 69.68000 13.54000 53.23300
20 11 20 23 53 15727.90000 5.07300000 429.55000 69.68000 13.54000 53.23300
20 11 20 23 54 15727.90000 5.07300000 429.70000 69.76000 13.54000 53.23300
20 11 20 23 54 15728.20000 5.07300000 429.69000 69.69000 13.54000 53.23300
20 11 20 23 55 15728.10000 5.07300000 429.70000 69.66000 13.54000 53.23300
20 11 20 23 55 15728.00000 5.10000000 429.69000 69.66000 13.54000 53.23300
20 11 20 23 55 15728.10000 5.10000000 429.70000 69.69000 13.54000 53.23300
20 11 20 23 56 15711.20000 5.11000000 429.70000 69.66000 13.54000 53.23300
20 11 20 23 56 15718.10000 5.11400000 429.69000 69.66000 13.54000 53.23300
20 11 20 23 57 15721.20000 5.11700000 429.69000 69.61000 13.54000 53.23300
20 11 20 23 57 15721.20000 5.11700000 429.53000 69.61000 13.54000 53.23300
20 11 20 23 58 15715.10000 5.11700000 429.53000 69.63000 13.54000 53.23300
20 11 20 23 58 15728.90000 5.11700000 429.90000 69.56000 13.54000 53.23300
20 11 20 23 58 15733.00000 5.11700000 429.97000 69.56000 13.54000 53.23300
20 11 20 23 59 15738.00000 5.12000000 430.00000 69.61000 13.54000 53.23300
20 11 20 23 59 15740.80000 5.12000000 429.99000 69.61000 13.54000 53.23300
21 11 20 00 00 15735.60000 5.12000000 429.99000 69.62000 13.50000 53.23300
21 11 20 00 00 15750.50000 5.12000000 429.99000 69.62000 13.50000 53.23300
21 11 20 00 01 15756.30000 5.12000000 429.99000 69.62000 13.50000 53.23300
21 11 20 00 01 15750.00000 5.12000000 429.99000 69.69000 13.50000 53.23300
21 11 20 00 01 15752.10000 5.12000000 430.00000 69.69000 13.50000 53.23300
21 11 20 00 02 15755.70000 5.12000000 430.00000 69.69000 13.50000 53.23300
21 11 20 00 02 15750.20000 5.12000000 430.00000 69.69000 13.50000 53.23300
21 11 20 00 03 15754.80000 5.14100000 430.00000 69.72000 13.50000 53.23300
21 11 20 00 03 15758.40000 5.14100000 430.00000 69.75000 13.50000 53.23300
21 11 20 00 04 15750.10000 5.14100000 430.00000 69.75000 13.50000 53.23300
21 11 20 00 04 15750.00000 5.14100000 430.00000 69.75000 13.50000 53.23300
21 11 20 00 04 15734.80000 5.14100000 430.00000 69.75000 13.50000 53.23300
21 11 20 00 05 15724.50000 5.15000000 430.00000 69.75000 13.50000 53.23300
21 11 20 00 05 15716.30000 5.15000000 430.00000 69.76000 13.50000 53.39000
21 11 20 00 06 15716.30000 5.15000000 430.26000 69.76000 13.50000 53.39000
21 11 20 00 06 15716.30000 5.15000000 430.95000 69.76000 13.50000 53.39000
21 11 20 00 07 15723.30000 5.15000000 431.00000 69.76000 13.50000 53.39000
21 11 20 00 07 15724.00000 5.16700000 431.56000 69.78000 13.56300 53.39000
21 11 20 00 07 15722.30000 5.17000000 431.55000 69.78000 13.56300 53.39000
21 11 20 00 08 15719.30000 5.17000000 431.50000 69.82000 13.56300 53.39000
21 11 20 00 08 15721.90000 5.18100000 431.50000 69.82000 13.56300 53.35200
21 11 20 00 09 15723.60000 5.18100000 431.96000 69.94000 13.56300 53.35200
21 11 20 00 09 15717.10000 5.18100000 431.80000 70.16000 13.56300 53.35200
21 11 20 00 10 15718.80000 5.19100000 431.98000 70.16000 13.56300 53.35200
21 11 20 00 10 15718.80000 5.19100000 431.92000 70.28000 13.56300 53.35200
21 11 20 00 10 15714.00000 5.19400000 432.00000 70.29000 13.56300 53.35200
21 11 20 00 11 15702.00000 5.20000000 432.30000 70.29000 13.56300 53.35200
21 11 20 00 11 15698.40000 5.20000000 432.30000 70.29000 13.56300 53.35200
21 11 20 00 12 15700.60000 5.20000000 432.30000 70.30000 13.56300 53.35200
21 11 20 00 12 15700.50000 5.20000000 432.30000 70.30000 13.56300 53.35200
21 11 20 00 13 15701.80000 5.20000000 432.30000 70.23000 13.56300 53.35200
21 11 20 00 13 15713.10000 5.20000000 432.48000 70.23000 13.56300 53.35200
21 11 20 00 13 15713.50000 5.20000000 432.78000 70.31000 13.56300 53.35200
21 11 20 00 14 15711.20000 5.20000000 433.00000 70.34000 13.56300 53.35200
21 11 20 00 14 15708.20000 5.20000000 432.99000 70.29000 13.56300 53.35200
21 11 20 00 15 15711.40000 5.20000000 432.93000 70.17000 13.56300 53.35200
21 11 20 00 15 15711.40000 5.16300000 432.57000 70.13000 13.56300 53.35200
21 11 20 00 16 15708.40000 5.16300000 433.00000 70.10000 13.56300 53.35200
21 11 20 00 16 15715.80000 5.16300000 433.73000 70.10000 13.56300 53.35200
21 11 20 00 16 15715.80000 5.16300000 433.87000 70.26000 13.56300 53.54800
21 11 20 00 17 15734.60000 5.16300000 434.00000 70.18000 13.56300 53.54800
21 11 20 00 17 15737.90000 5.16300000 434.40000 70.24000 13.56300 53.54800
21 11 20 00 18 15757.90000 5.15600000 434.21000 70.34000 13.56300 53.54800
21 11 20 00 18 15767.50000 5.15600000 434.44000 70.33000 13.56300 53.54800
21 11 20 00 19 15767.40000 5.15600000 434.18000 70.18000 13.56300 53.54800
21 11 20 00 19 15763.90000 5.15600000 433.79000 70.15000 13.56300 53.54800
21 11 20 00 19 15767.50000 5.15600000 434.34000 70.23000 13.56300 53.54800
21 11 20 00 20 15767.50000 5.15600000 434.28000 70.23000 13.56300 53.54800
21 11 20 00 20 15775.00000 5.15600000 434.56000 70.23000 13.56300 53.54800
