M=[
30 10 20 03 34 11556.70000 4.55000000 330.45000 46.85000 11.14900 49.05900
30 10 20 03 35 11556.60000 4.55000000 330.45000 46.85000 11.14900 49.05900
30 10 20 03 35 11552.10000 4.55000000 330.45000 46.85000 11.14900 49.05900
30 10 20 03 36 11547.90000 4.55000000 330.45000 46.85000 11.14900 49.05900
30 10 20 03 36 11547.90000 4.55000000 330.45000 46.85000 11.11000 49.05900
30 10 20 03 37 11547.90000 4.55000000 330.45000 46.85000 11.11000 49.05900
30 10 20 03 37 11547.90000 4.55000000 330.45000 46.85000 11.11000 49.05900
30 10 20 03 37 11547.90000 4.55000000 330.45000 46.85000 11.11000 49.05900
30 10 20 03 38 11545.80000 4.55000000 331.00000 46.85000 11.11000 49.05900
30 10 20 03 38 11545.80000 4.55000000 331.00000 46.85000 11.11000 49.05900
30 10 20 03 39 11545.80000 4.55000000 331.00000 46.85000 11.11000 49.05900
30 10 20 03 39 11546.50000 4.55000000 331.00000 46.85000 11.11000 49.05900
30 10 20 03 40 11546.50000 4.55000000 330.51000 46.85000 11.11000 49.05900
30 10 20 03 40 11545.20000 4.55000000 330.51000 46.85000 11.11000 49.05900
30 10 20 03 40 11541.00000 4.55000000 330.31000 46.85000 11.11000 49.05900
30 10 20 03 41 11541.00000 4.55000000 330.34000 46.85000 11.11000 49.05900
30 10 20 03 41 11541.00000 4.55000000 330.14000 46.85000 11.11000 49.05900
30 10 20 03 42 11541.00000 4.55000000 330.14000 46.85000 11.11000 49.05900
30 10 20 03 42 11540.90000 4.55000000 330.01000 46.85000 11.11000 49.05900
30 10 20 03 43 11540.90000 4.55000000 330.01000 46.85000 11.11000 49.05900
30 10 20 03 43 11540.90000 4.55000000 330.01000 46.85000 11.11000 49.05900
30 10 20 03 43 11528.10000 4.55000000 330.01000 46.85000 11.11000 49.05900
30 10 20 03 44 11517.20000 4.55000000 330.01000 46.85000 11.11000 49.05900
30 10 20 03 44 11517.10000 4.55000000 330.01000 46.85000 11.11000 49.05900
30 10 20 03 45 11512.00000 4.55000000 329.65000 46.85000 11.11000 48.61600
30 10 20 03 45 11512.10000 4.55000000 329.65000 46.85000 11.11000 48.61600
30 10 20 03 46 11512.00000 4.55000000 329.65000 46.61000 11.11000 48.61600
30 10 20 03 46 11512.10000 4.55000000 329.65000 46.61000 11.11000 48.61600
30 10 20 03 46 11512.10000 4.55000000 329.65000 46.61000 11.11000 48.61600
30 10 20 03 47 11512.10000 4.55000000 329.65000 46.61000 11.11000 48.61600
30 10 20 03 47 11524.50000 4.55000000 329.65000 46.61000 11.11000 48.61600
30 10 20 03 48 11524.50000 4.55000000 329.65000 46.61000 11.11000 48.61600
30 10 20 03 48 11524.50000 4.55000000 329.65000 46.61000 11.11000 48.61600
30 10 20 03 49 11524.50000 4.55000000 329.65000 46.61000 11.11000 48.61600
30 10 20 03 49 11522.70000 4.55000000 329.65000 46.61000 11.11000 48.61600
30 10 20 03 49 11522.70000 4.55000000 329.99000 46.61000 11.11000 48.61600
30 10 20 03 50 11515.00000 4.55000000 329.87000 46.61000 11.11000 48.61600
30 10 20 03 50 11512.80000 4.55000000 329.87000 46.61000 11.11000 48.61600
30 10 20 03 51 11506.40000 4.55000000 329.52000 46.61000 11.11000 48.61600
30 10 20 03 51 11498.20000 4.55000000 329.51000 46.61000 11.11000 48.61600
30 10 20 03 52 11498.20000 4.55000000 329.51000 46.51000 11.11000 48.39300
30 10 20 03 52 11489.40000 4.55000000 329.36000 46.51000 11.11000 48.39300
30 10 20 03 52 11489.40000 4.55000000 329.40000 46.48000 11.11000 48.39300
30 10 20 03 53 11488.20000 4.55000000 329.46000 46.47000 11.11000 48.25600
30 10 20 03 53 11485.10000 4.55000000 329.46000 46.48000 11.11000 48.25600
30 10 20 03 54 11485.10000 4.55000000 329.46000 46.50000 11.11000 48.25600
30 10 20 03 54 11488.50000 4.55000000 329.46000 46.50000 11.11000 48.25600
30 10 20 03 55 11485.00000 4.55000000 329.46000 46.50000 11.11000 48.25600
30 10 20 03 55 11478.30000 4.55000000 329.46000 46.50000 11.11000 48.25600
30 10 20 03 55 11484.50000 4.55000000 329.46000 46.50000 11.11000 48.25600
30 10 20 03 56 11488.30000 4.55000000 329.46000 46.50000 11.11000 48.25600
30 10 20 03 56 11485.00000 4.55000000 329.46000 46.50000 11.11000 48.25600
30 10 20 03 57 11485.90000 4.55000000 329.46000 46.50000 11.11000 48.25600
30 10 20 03 57 11482.20000 4.55000000 329.46000 46.50000 11.11000 48.25600
30 10 20 03 58 11482.20000 4.55000000 329.46000 46.50000 11.11000 48.25600
30 10 20 03 58 11487.30000 4.55000000 329.46000 46.50000 11.11000 48.25600
30 10 20 03 58 11488.30000 4.55000000 329.46000 46.50000 11.11000 48.25600
30 10 20 03 59 11488.40000 4.55000000 329.46000 46.50000 11.11000 48.25600
30 10 20 03 59 11488.40000 4.55000000 329.46000 46.50000 11.11000 48.25600
30 10 20 04 00 11488.30000 4.55000000 329.46000 46.50000 11.11000 48.25600
30 10 20 04 00 11488.40000 4.55000000 329.46000 46.49000 11.11000 48.24300
30 10 20 04 01 11501.50000 4.55000000 329.96000 46.49000 11.11000 48.24300
30 10 20 04 01 11507.30000 4.55000000 330.40000 46.49000 11.11000 48.24300
30 10 20 04 01 11507.30000 4.55000000 330.40000 46.49000 11.11000 48.24300
30 10 20 04 02 11511.90000 4.55000000 330.40000 46.49000 11.11000 48.24300
30 10 20 04 02 11520.30000 4.55000000 330.40000 46.49000 11.11000 48.24300
30 10 20 04 03 11523.50000 4.55000000 330.40000 46.73000 11.11000 48.24300
30 10 20 04 03 11517.40000 4.55000000 330.40000 46.73000 11.11000 48.24300
30 10 20 04 04 11517.40000 4.55000000 330.40000 46.73000 11.11000 48.24300
30 10 20 04 04 11510.80000 4.55000000 330.40000 46.73000 11.11000 48.24300
30 10 20 04 04 11513.60000 4.55000000 330.40000 46.73000 11.11000 48.24300
30 10 20 04 05 11510.70000 4.55000000 330.40000 46.73000 11.11000 48.24300
30 10 20 04 05 11510.70000 4.55000000 330.27000 46.73000 11.11000 48.24300
30 10 20 04 06 11508.30000 4.55000000 330.27000 46.73000 11.11000 48.24300
30 10 20 04 06 11508.20000 4.55000000 330.27000 46.73000 11.11000 48.24300
30 10 20 04 07 11508.20000 4.55000000 330.27000 46.73000 11.11000 48.24300
30 10 20 04 07 11508.90000 4.55000000 330.27000 46.67000 11.11000 48.24300
30 10 20 04 07 11508.80000 4.55000000 330.27000 46.67000 11.11000 48.24300
30 10 20 04 08 11517.00000 4.55000000 330.27000 46.67000 11.11000 48.24300
30 10 20 04 08 11523.00000 4.55000000 330.27000 46.67000 11.11000 48.24300
30 10 20 04 09 11523.40000 4.55000000 330.27000 46.67000 11.11000 48.24300
30 10 20 04 09 11523.40000 4.55000000 330.27000 46.67000 11.11000 48.24300
30 10 20 04 10 11523.40000 4.55000000 330.67000 46.67000 11.11000 48.24300
30 10 20 04 10 11527.40000 4.55000000 330.67000 46.67000 11.26900 48.24300
30 10 20 04 10 11516.50000 4.55000000 330.55000 46.67000 11.26900 48.24300
30 10 20 04 11 11516.50000 4.55000000 330.55000 46.67000 11.26900 48.24300
30 10 20 04 11 11513.60000 4.55000000 330.55000 46.67000 11.26900 48.24300
30 10 20 04 12 11513.50000 4.55000000 330.59000 46.67000 11.26900 48.24300
30 10 20 04 12 11513.50000 4.55000000 330.59000 46.67000 11.26900 48.24300
30 10 20 04 13 11513.50000 4.55000000 330.59000 46.67000 11.09600 48.24300
30 10 20 04 13 11496.90000 4.55000000 330.30000 46.67000 11.01000 48.24300
30 10 20 04 13 11499.00000 4.55000000 330.30000 46.67000 11.01000 48.24300
30 10 20 04 14 11475.10000 4.55000000 330.18000 46.67000 11.01000 48.24300
30 10 20 04 14 11463.10000 4.55000000 330.18000 46.67000 11.00000 48.24300
30 10 20 04 15 11477.50000 4.55000000 329.85000 46.67000 10.97400 48.24300
30 10 20 04 15 11474.60000 4.55000000 329.84000 46.67000 10.97400 48.24300
30 10 20 04 16 11474.60000 4.55000000 329.84000 46.57000 10.97400 48.24300
30 10 20 04 16 11474.70000 4.55000000 329.85000 46.57000 10.97400 48.24300
30 10 20 04 16 11479.30000 4.55000000 329.85000 46.57000 10.97400 48.24300
30 10 20 04 17 11479.30000 4.55000000 329.85000 46.57000 10.97400 48.24300
30 10 20 04 17 11479.30000 4.55000000 329.85000 46.57000 10.97400 48.30700
30 10 20 04 18 11479.10000 4.55000000 329.85000 46.57000 10.97400 48.30700
30 10 20 04 18 11480.90000 4.55000000 329.85000 46.57000 10.97400 48.30700
30 10 20 04 19 11480.90000 4.55000000 329.85000 46.57000 10.97400 48.30700
30 10 20 04 19 11480.90000 4.55000000 329.85000 46.57000 10.97400 48.30700
30 10 20 04 19 11481.00000 4.55000000 329.85000 46.57000 10.97400 48.30700
