M=[
 4 3 21 05 14 41002.20000 9.29300000 1286.41000 154.43000 25.65300 102.70700
 4 3 21 05 14 40993.10000 9.29300000 1286.41000 154.38000 25.65300 102.70700
 4 3 21 05 15 41003.30000 9.29300000 1286.41000 154.38000 25.65300 102.70700
 4 3 21 05 15 40936.30000 9.29300000 1283.48000 154.38000 25.65300 102.70700
 4 3 21 05 15 40890.50000 9.29300000 1281.61000 153.93000 25.65200 102.70700
 4 3 21 05 16 40874.40000 9.29300000 1281.60000 153.93000 25.65200 102.70700
 4 3 21 05 16 40856.30000 9.25000000 1280.23000 153.90000 25.65200 102.70700
 4 3 21 05 17 40901.60000 9.25000000 1282.00000 153.89000 25.65200 102.70700
 4 3 21 05 17 40893.30000 9.25000000 1280.79000 153.89000 25.65200 102.70700
 4 3 21 05 18 40904.70000 9.25000000 1282.87000 153.94000 25.65200 102.70700
 4 3 21 05 18 40866.70000 9.25000000 1279.88000 153.82000 25.65200 102.45100
 4 3 21 05 18 40871.90000 9.25000000 1279.99000 153.80000 25.65200 102.45100
 4 3 21 05 19 40900.00000 9.25000000 1279.81000 153.80000 25.65200 102.45100
 4 3 21 05 19 40876.30000 9.25000000 1279.01000 153.98000 25.65200 102.45100
 4 3 21 05 20 40939.00000 9.25000000 1281.63000 153.98000 25.65200 102.45100
 4 3 21 05 20 40896.00000 9.25000000 1280.00000 153.98000 25.65200 102.45100
 4 3 21 05 21 40899.90000 9.25000000 1278.87000 153.80000 25.65200 102.45100
 4 3 21 05 21 40874.10000 9.25000000 1276.94000 153.74000 25.65200 102.45100
 4 3 21 05 21 40908.70000 9.25000000 1279.12000 153.73000 25.65200 102.45100
 4 3 21 05 22 40869.10000 9.25000000 1279.92000 153.73000 25.65200 102.50900
 4 3 21 05 22 40915.70000 9.25000000 1281.75000 153.76000 25.65200 102.50900
 4 3 21 05 23 40909.20000 9.25000000 1280.48000 153.96000 25.65200 102.50900
 4 3 21 05 23 40967.20000 9.25000000 1284.53000 154.11000 25.65200 102.50900
 4 3 21 05 24 40957.90000 9.25000000 1285.13000 154.11000 25.65200 102.50900
 4 3 21 05 24 40991.60000 9.25000000 1286.00000 154.11000 25.65200 102.50900
 4 3 21 05 24 41027.00000 9.25000000 1286.68000 154.61000 25.65200 102.50900
 4 3 21 05 25 41054.30000 9.25000000 1289.08000 154.61000 25.79100 102.50900
 4 3 21 05 25 41025.50000 9.25000000 1288.31000 154.61000 25.79100 102.50900
 4 3 21 05 26 41010.50000 9.25000000 1287.94000 154.52000 25.79100 102.50900
 4 3 21 05 26 41018.30000 9.25000000 1288.31000 154.52000 25.79100 102.50900
 4 3 21 05 27 41011.00000 9.25000000 1287.34000 154.52000 25.79100 102.50900
 4 3 21 05 27 40972.90000 9.25000000 1285.87000 154.52000 25.79100 102.50900
 4 3 21 05 27 40959.90000 9.25000000 1285.49000 154.52000 25.79100 102.50900
 4 3 21 05 28 40959.60000 9.25000000 1285.32000 154.26000 25.79100 102.50900
 4 3 21 05 28 40995.00000 9.25000000 1286.22000 154.26000 25.79100 102.50900
 4 3 21 05 29 40991.80000 9.25000000 1286.64000 154.26000 25.79100 102.50900
 4 3 21 05 29 40974.10000 9.25000000 1285.23000 154.26000 25.79100 102.50900
 4 3 21 05 30 40922.90000 9.25000000 1284.92000 154.26000 25.79100 102.50900
 4 3 21 05 30 40905.80000 9.25000000 1282.56000 153.90000 25.79100 102.50900
 4 3 21 05 30 40904.00000 9.25000000 1281.93000 153.90000 25.79100 102.50900
 4 3 21 05 31 40900.00000 9.25000000 1280.87000 153.69000 25.79100 102.50900
 4 3 21 05 31 40879.50000 9.25000000 1280.54000 153.66000 25.79100 102.50900
 4 3 21 05 32 40918.30000 9.25000000 1282.97000 153.85000 25.79100 102.50900
 4 3 21 05 32 41006.00000 9.25000000 1286.92000 154.05000 25.79100 102.50900
 4 3 21 05 33 41029.70000 9.29800000 1287.77000 154.05000 25.79100 102.50900
 4 3 21 05 33 41153.90000 9.29800000 1292.62000 154.05000 25.80400 102.50900
 4 3 21 05 33 41169.60000 9.29800000 1293.49000 154.91000 25.80400 102.50900
 4 3 21 05 34 41142.30000 9.38400000 1293.13000 155.04000 25.80400 102.50900
 4 3 21 05 34 41117.30000 9.37000000 1292.39000 154.82000 25.80400 103.28900
 4 3 21 05 35 41087.30000 9.37000000 1290.31000 154.57000 25.80400 103.28900
 4 3 21 05 35 41160.30000 9.37000000 1291.87000 155.02000 25.80400 103.39900
 4 3 21 05 36 41183.80000 9.37000000 1292.52000 155.05000 25.80400 103.39900
 4 3 21 05 36 41222.80000 9.37000000 1294.41000 155.15000 25.80400 103.42400
 4 3 21 05 36 41267.70000 9.37000000 1296.65000 155.27000 25.80400 103.42400
 4 3 21 05 37 41236.00000 9.37000000 1296.08000 155.27000 25.80400 103.42400
 4 3 21 05 37 41242.50000 9.37000000 1296.23000 155.45000 25.80400 103.42400
 4 3 21 05 38 41239.10000 9.37000000 1295.24000 155.35000 25.80400 103.42400
 4 3 21 05 38 41213.50000 9.37000000 1295.03000 155.23000 25.80400 103.52400
 4 3 21 05 39 41210.40000 9.37000000 1295.60000 155.36000 25.80400 103.52400
 4 3 21 05 39 41238.90000 9.37000000 1295.99000 155.37000 25.80400 103.52400
 4 3 21 05 39 41242.90000 9.37000000 1295.80000 155.37000 25.80400 103.52400
 4 3 21 05 40 41230.00000 9.37000000 1294.98000 155.60000 25.80400 103.52400
 4 3 21 05 40 41173.20000 9.37000000 1292.67000 155.61000 25.80400 103.52400
 4 3 21 05 41 41140.00000 9.37000000 1292.00000 155.27000 25.80400 103.45600
 4 3 21 05 41 41142.10000 9.37000000 1293.50000 155.47000 25.80400 103.45600
 4 3 21 05 42 41127.60000 9.37000000 1292.05000 155.46000 25.80400 103.45600
 4 3 21 05 42 41165.50000 9.37000000 1292.59000 155.87000 25.80400 103.45600
 4 3 21 05 42 41159.50000 9.37000000 1293.38000 155.91000 25.80400 103.45600
 4 3 21 05 43 41142.20000 9.37000000 1293.34000 155.92000 25.80400 103.45600
 4 3 21 05 43 41132.40000 9.37000000 1293.05000 155.94000 25.80400 103.45600
 4 3 21 05 44 41212.50000 9.37000000 1296.97000 156.19000 25.80400 103.45600
 4 3 21 05 44 41189.70000 9.37000000 1296.70000 156.33000 25.80400 103.45600
 4 3 21 05 45 41181.80000 9.37000000 1296.09000 156.17000 25.80400 103.45600
 4 3 21 05 45 41178.30000 9.37000000 1295.13000 156.08000 25.80400 103.45600
 4 3 21 05 45 41233.40000 9.37000000 1296.25000 156.18000 25.80400 103.45600
 4 3 21 05 46 41248.70000 9.37000000 1295.95000 156.19000 25.80400 103.45600
 4 3 21 05 46 41296.50000 9.37000000 1298.05000 156.48000 25.80400 103.45600
 4 3 21 05 47 41286.00000 9.37000000 1296.76000 156.44000 25.80400 103.45600
 4 3 21 05 47 41274.00000 9.37000000 1296.57000 156.67000 25.80400 103.45600
 4 3 21 05 48 41266.20000 9.37000000 1296.30000 156.67000 25.80400 103.45600
 4 3 21 05 48 41239.20000 9.37000000 1295.59000 156.62000 25.80400 103.45600
 4 3 21 05 48 41261.30000 9.37000000 1298.29000 156.55000 25.80400 103.77500
 4 3 21 05 49 41257.60000 9.37000000 1298.81000 156.58000 25.80400 103.77500
 4 3 21 05 49 41237.20000 9.37000000 1298.42000 156.57000 25.80400 103.77500
 4 3 21 05 50 41222.00000 9.37000000 1298.22000 156.37000 25.80400 103.77500
 4 3 21 05 50 41187.60000 9.37000000 1296.11000 156.37000 25.80400 103.77500
 4 3 21 05 51 41245.50000 9.37000000 1298.36000 156.37000 25.80400 103.77500
 4 3 21 05 51 41221.10000 9.37000000 1298.08000 156.19000 25.80400 103.77500
 4 3 21 05 51 41262.30000 9.39500000 1298.89000 156.30000 25.80400 103.77500
 4 3 21 05 52 41244.00000 9.39500000 1299.31000 156.30000 25.80400 103.77500
 4 3 21 05 52 41240.40000 9.39500000 1298.61000 156.37000 25.80400 103.84600
 4 3 21 05 53 41234.40000 9.39500000 1299.19000 156.30000 25.80400 103.84600
 4 3 21 05 53 41264.20000 9.39500000 1300.00000 156.56000 25.80400 103.84600
 4 3 21 05 54 41308.90000 9.39500000 1300.68000 156.54000 25.80400 103.84600
 4 3 21 05 54 41308.90000 9.39500000 1299.59000 156.54000 25.80400 104.09300
 4 3 21 05 54 41282.90000 9.39500000 1300.04000 156.64000 25.80400 104.09300
 4 3 21 05 55 41256.90000 9.39500000 1299.16000 156.52000 25.80400 104.09300
 4 3 21 05 55 41260.70000 9.39500000 1299.72000 156.52000 25.80400 104.09300
 4 3 21 05 56 41262.30000 9.39500000 1299.42000 156.64000 25.80400 104.09300
 4 3 21 05 56 41252.50000 9.39500000 1298.58000 156.60000 25.80400 104.09300
 4 3 21 05 56 41251.50000 9.39500000 1298.60000 156.54000 25.80400 104.09300
 4 3 21 05 57 41251.40000 9.39500000 1298.77000 156.54000 25.80400 104.09300
 4 3 21 05 57 41251.50000 9.39500000 1298.38000 156.54000 25.62700 104.09300
