M=[
27 7 20 11 31 8727.60000 6.10900000 275.87000 41.45000 18.16800 58.86000
27 7 20 11 32 8729.30000 6.10900000 276.17000 41.45000 18.16800 58.86000
27 7 20 11 32 8729.40000 6.14600000 276.17000 41.45000 18.16800 58.89100
27 7 20 11 33 8730.00000 6.14600000 276.29000 41.55000 18.16800 58.89100
27 7 20 11 33 8730.60000 6.14600000 276.35000 41.55000 18.16800 58.89100
27 7 20 11 34 8724.70000 6.14600000 276.17000 41.55000 18.16800 58.89100
27 7 20 11 34 8724.80000 6.14600000 276.27000 41.55000 18.16800 58.89100
27 7 20 11 35 8717.90000 6.14600000 276.24000 41.55000 18.16800 58.89100
27 7 20 11 35 8716.20000 6.14600000 276.25000 41.55000 18.16800 58.89100
27 7 20 11 36 8719.90000 6.14600000 276.48000 41.55000 18.16800 58.89100
27 7 20 11 36 8726.70000 6.16800000 276.54000 41.54000 18.16800 58.89100
27 7 20 11 37 8726.10000 6.16800000 276.55000 41.54000 18.15100 58.89100
27 7 20 11 37 8725.90000 6.16800000 276.54000 41.54000 18.15100 58.89100
27 7 20 11 38 8727.10000 6.16800000 276.83000 41.69000 18.15100 59.20900
27 7 20 11 38 8727.10000 6.16800000 276.92000 41.69000 18.15100 59.20900
27 7 20 11 39 8730.60000 6.16800000 276.87000 41.69000 18.15100 59.20900
27 7 20 11 39 8730.50000 6.18900000 276.99000 41.69000 18.15100 59.20900
27 7 20 11 40 8730.60000 6.18900000 276.83000 41.72000 18.15100 59.20900
27 7 20 11 40 8730.70000 6.18900000 276.51000 41.72000 18.15100 59.20900
27 7 20 11 41 8728.10000 6.18900000 276.50000 41.71000 18.15100 59.20900
27 7 20 11 41 8719.80000 6.18900000 276.57000 41.71000 18.15100 59.20900
27 7 20 11 41 8726.50000 6.18900000 276.19000 41.71000 18.13400 59.20900
27 7 20 11 42 8725.60000 6.18900000 276.75000 41.71000 18.13400 59.20900
27 7 20 11 42 8730.60000 6.18900000 276.92000 41.71000 18.09500 59.20900
27 7 20 11 43 8727.20000 6.18900000 276.67000 41.71000 18.09500 59.20900
27 7 20 11 43 8726.90000 6.18900000 276.81000 41.71000 18.09500 59.20900
27 7 20 11 44 8720.70000 6.18900000 276.68000 41.71000 18.09500 59.20900
27 7 20 11 44 8722.50000 6.18900000 276.68000 41.71000 18.09500 59.20900
27 7 20 11 45 8723.50000 6.18900000 276.55000 41.71000 18.09500 59.20900
27 7 20 11 45 8723.40000 6.18900000 276.64000 41.71000 18.09500 58.98800
27 7 20 11 46 8730.70000 6.18900000 276.86000 41.71000 18.09500 59.01300
27 7 20 11 46 8730.70000 6.18900000 276.99000 41.71000 18.09500 59.04900
27 7 20 11 47 8730.70000 6.18900000 276.86000 41.71000 18.09500 59.06300
27 7 20 11 47 8731.80000 6.18900000 276.85000 41.71000 18.09500 59.06300
27 7 20 11 48 8733.90000 6.18900000 276.95000 41.71000 18.00900 59.06300
27 7 20 11 48 8733.80000 6.18900000 276.95000 41.76000 18.00900 59.06300
27 7 20 11 49 8734.00000 6.18900000 276.95000 41.76000 18.00900 59.01700
27 7 20 11 49 8734.00000 6.18900000 276.95000 41.76000 18.00900 59.01700
27 7 20 11 49 8738.00000 6.18900000 276.95000 41.76000 18.00900 59.01700
27 7 20 11 50 8740.80000 6.18900000 276.94000 41.76000 18.00900 59.01700
27 7 20 11 50 8741.60000 6.18900000 277.00000 41.76000 18.00900 59.01700
27 7 20 11 51 8743.20000 6.18900000 277.00000 41.81000 18.00900 59.01700
27 7 20 11 51 8756.50000 6.18900000 277.07000 41.81000 18.00900 59.01700
27 7 20 11 52 8751.70000 6.18900000 277.40000 41.85000 18.00900 59.01700
27 7 20 11 52 8757.20000 6.18900000 277.48000 41.85000 18.00900 59.01700
27 7 20 11 53 8757.60000 6.18900000 277.49000 41.85000 18.00900 59.01700
27 7 20 11 53 8756.30000 6.18900000 277.49000 41.85000 18.00900 59.01700
27 7 20 11 54 8756.50000 6.18900000 277.57000 41.85000 18.00900 59.01700
27 7 20 11 54 8757.20000 6.18900000 277.67000 41.85000 17.98800 59.01700
27 7 20 11 55 8758.90000 6.18900000 277.77000 41.85000 17.98800 59.01700
27 7 20 11 55 8759.10000 6.18900000 277.63000 41.85000 17.96600 59.01700
27 7 20 11 56 8755.10000 6.18900000 277.33000 41.85000 17.96600 59.01700
27 7 20 11 56 8755.00000 6.18900000 277.28000 41.85000 17.96600 59.01700
27 7 20 11 57 8754.90000 6.18900000 277.35000 41.85000 17.96600 59.01700
27 7 20 11 57 8751.80000 6.18900000 277.34000 41.86000 17.91000 59.01700
27 7 20 11 58 8743.90000 6.18900000 277.16000 41.85000 17.91000 59.01700
27 7 20 11 58 8744.20000 6.18900000 277.50000 41.92000 17.85800 59.01700
27 7 20 11 59 8744.30000 6.18900000 277.42000 41.92000 17.85800 59.01700
27 7 20 11 59 8744.30000 6.18900000 277.22000 41.93000 17.85800 59.01700
27 7 20 11 59 8745.50000 6.18900000 277.27000 41.98000 17.85800 59.01700
27 7 20 12 00 8768.80000 6.18900000 277.59000 42.25000 17.89700 59.01700
27 7 20 12 01 8764.90000 6.18900000 277.60000 42.15000 17.95400 59.01700
27 7 20 12 01 8761.40000 6.18600000 277.57000 42.10000 17.95400 59.01700
27 7 20 12 02 8760.30000 6.17200000 277.51000 42.13000 17.95400 59.01700
27 7 20 12 02 8752.60000 6.17200000 277.11000 42.05000 17.95400 59.01700
27 7 20 12 03 8748.30000 6.17200000 276.90000 42.03000 17.95400 59.01700
27 7 20 12 03 8750.80000 6.17200000 276.89000 42.02000 17.95400 59.01700
27 7 20 12 04 8751.00000 6.17200000 277.22000 42.00000 17.95400 59.01700
27 7 20 12 04 8750.90000 6.17200000 277.22000 42.00000 17.99000 59.01700
27 7 20 12 04 8750.00000 6.16500000 277.00000 42.00000 17.99000 59.01700
27 7 20 12 05 8749.80000 6.16500000 277.22000 42.05000 17.99000 59.01700
27 7 20 12 05 8748.60000 6.16500000 277.08000 42.05000 17.99000 59.01700
27 7 20 12 06 8746.20000 6.16500000 277.00000 42.05000 17.99000 59.01700
27 7 20 12 06 8737.20000 6.14700000 276.64000 42.05000 17.99000 59.27700
27 7 20 12 07 8735.70000 6.14700000 276.29000 41.81000 18.00400 59.28800
27 7 20 12 07 8735.30000 6.14700000 276.37000 41.81000 18.00400 59.28800
27 7 20 12 08 8735.00000 6.14700000 276.08000 41.83000 18.05700 59.22400
27 7 20 12 09 8723.00000 6.12900000 275.96000 41.79000 18.05700 59.05300
27 7 20 12 09 8725.00000 6.12900000 275.96000 41.79000 18.05700 59.07000
27 7 20 12 09 8724.90000 6.12900000 275.95000 41.79000 18.05700 59.07000
27 7 20 12 10 8724.80000 6.12900000 275.88000 41.77000 18.05700 59.07000
27 7 20 12 10 8718.60000 6.12900000 275.88000 41.73000 18.09700 59.07000
27 7 20 12 11 8718.60000 6.12900000 275.64000 41.71000 18.01600 58.84000
27 7 20 12 11 8720.00000 6.12900000 275.64000 41.71000 18.01600 59.02400
27 7 20 12 12 8720.60000 6.12900000 275.94000 41.71000 18.01600 59.00400
27 7 20 12 12 8720.60000 6.12900000 275.88000 41.71000 18.01600 59.00400
27 7 20 12 13 8720.10000 6.12900000 275.70000 41.71000 18.01600 58.95500
27 7 20 12 13 8718.00000 6.13300000 275.64000 41.71000 18.01600 58.95500
27 7 20 12 14 8718.70000 6.13300000 275.67000 41.71000 18.01600 58.95100
27 7 20 12 14 8718.00000 6.13300000 275.67000 41.71000 18.01600 58.92000
27 7 20 12 15 8717.20000 6.13300000 275.76000 41.71000 18.01600 58.92000
27 7 20 12 15 8718.40000 6.13300000 275.69000 41.73000 18.01600 58.92000
27 7 20 12 16 8725.20000 6.13300000 275.98000 41.76000 18.01600 58.92000
27 7 20 12 16 8732.70000 6.13100000 276.00000 41.76000 18.01600 58.92000
27 7 20 12 17 8725.70000 6.13100000 275.89000 41.83000 18.01600 58.92000
27 7 20 12 17 8726.10000 6.13100000 276.06000 41.80000 18.01600 58.92000
27 7 20 12 18 8726.10000 6.13100000 276.06000 41.81000 18.01600 58.92000
27 7 20 12 18 8725.60000 6.13100000 276.09000 41.81000 18.01600 58.92000
27 7 20 12 18 8727.10000 6.13100000 276.11000 41.82000 18.01600 58.92000
27 7 20 12 19 8727.10000 6.13100000 276.09000 41.82000 18.01600 58.92000
27 7 20 12 19 8727.80000 6.13100000 276.11000 41.84000 18.01600 58.92000
27 7 20 12 20 8730.00000 6.13100000 276.06000 41.84000 18.01600 58.81000
27 7 20 12 20 8728.60000 6.13100000 275.87000 41.84000 18.01600 58.81000
27 7 20 12 21 8729.60000 6.13100000 275.85000 41.84000 18.00700 58.81000
27 7 20 12 21 8732.30000 6.13100000 276.15000 41.81000 18.00700 58.81000
27 7 20 12 22 8736.80000 6.13100000 276.19000 41.81000 17.97000 58.81000
27 7 20 12 22 8738.30000 6.13700000 276.38000 41.81000 17.97000 58.81000
27 7 20 12 23 8739.50000 6.13700000 276.38000 41.81000 17.97000 58.81000
27 7 20 12 23 8741.10000 6.13700000 276.47000 41.81000 17.97000 58.81000
