M=[
10 7 21 19 34 28136.90000 41.16500000 1763.42000 111.16000 16.82500 90.71700
10 7 21 19 35 28120.70000 41.10100000 1762.51000 111.16000 16.82500 90.60100
10 7 21 19 35 28131.80000 41.10100000 1762.51000 111.16000 16.82500 90.60100
10 7 21 19 36 28139.10000 41.10100000 1764.93000 111.16000 16.82500 90.60100
10 7 21 19 36 28145.70000 41.10100000 1764.68000 111.19000 16.82500 90.60100
10 7 21 19 36 28145.70000 41.10100000 1764.68000 111.19000 16.82500 90.60100
10 7 21 19 37 28150.20000 41.10100000 1764.81000 111.19000 16.82500 90.60100
10 7 21 19 37 28172.10000 41.10100000 1766.61000 111.19000 16.82500 90.60100
10 7 21 19 38 28179.80000 41.17300000 1767.00000 111.19000 16.82500 90.60100
10 7 21 19 38 28179.80000 41.17300000 1767.00000 111.19000 16.82500 90.60100
10 7 21 19 39 28186.20000 41.17300000 1767.00000 111.19000 16.82500 90.60100
10 7 21 19 39 28191.10000 41.17300000 1767.00000 111.45000 16.82500 90.60100
10 7 21 19 39 28189.00000 41.17300000 1767.00000 111.45000 16.82500 90.60100
10 7 21 19 40 28175.80000 41.17300000 1767.00000 111.36000 16.82500 90.60100
10 7 21 19 40 28157.10000 41.17300000 1765.53000 111.36000 16.82500 90.92100
10 7 21 19 41 28162.70000 41.17300000 1766.16000 111.36000 16.82500 90.92100
10 7 21 19 41 28181.10000 41.17300000 1766.99000 111.36000 16.82500 90.92100
10 7 21 19 42 28175.60000 41.17300000 1766.99000 111.36000 16.82500 90.92100
10 7 21 19 42 28182.10000 41.17300000 1767.61000 111.42000 16.82500 90.92100
10 7 21 19 42 28182.10000 41.17300000 1768.05000 111.42000 16.82500 90.92100
10 7 21 19 43 28185.40000 41.17300000 1767.88000 111.42000 16.82500 90.92100
10 7 21 19 43 28152.30000 41.17300000 1765.43000 111.21000 16.75700 90.76300
10 7 21 19 44 28149.50000 41.17300000 1764.56000 111.21000 16.75700 90.76300
10 7 21 19 44 28148.60000 41.02500000 1764.56000 111.21000 16.75700 90.76300
10 7 21 19 45 28156.30000 41.02500000 1764.93000 111.21000 16.75700 90.76300
10 7 21 19 45 28171.60000 41.02500000 1764.93000 111.21000 16.75700 90.76300
10 7 21 19 45 28171.60000 41.02500000 1764.93000 111.21000 16.75700 90.76300
10 7 21 19 46 28180.70000 41.02500000 1767.55000 111.33000 16.75700 90.76300
10 7 21 19 46 28186.50000 41.02500000 1767.55000 111.33000 16.75700 90.76300
10 7 21 19 47 28186.40000 41.02500000 1768.02000 111.33000 16.75700 90.76300
10 7 21 19 47 28184.60000 41.02500000 1768.02000 111.33000 16.75700 90.76300
10 7 21 19 48 28182.80000 41.02500000 1768.02000 111.33000 16.75700 90.76300
10 7 21 19 48 28189.30000 41.02500000 1768.01000 111.35000 16.75700 90.76300
10 7 21 19 48 28183.00000 41.02500000 1767.24000 111.35000 16.75700 90.76300
10 7 21 19 49 28182.80000 41.02500000 1765.79000 111.35000 16.75700 90.76300
10 7 21 19 49 28149.00000 41.02500000 1765.00000 111.35000 16.75700 90.76300
10 7 21 19 50 28152.00000 41.02500000 1763.83000 111.35000 16.75700 90.76300
10 7 21 19 50 28152.00000 41.10600000 1765.86000 111.35000 16.75700 90.76300
10 7 21 19 51 28185.50000 41.10600000 1766.16000 111.35000 16.75700 90.76300
10 7 21 19 51 28178.80000 41.10600000 1766.16000 111.38000 16.75700 90.76300
10 7 21 19 52 28186.10000 41.10600000 1766.57000 111.38000 16.75700 90.76300
10 7 21 19 52 28178.90000 41.10600000 1766.57000 111.38000 16.75700 90.76300
10 7 21 19 52 28178.80000 41.10600000 1764.74000 111.38000 16.75700 90.76300
10 7 21 19 53 28175.80000 41.10600000 1765.30000 111.38000 16.75700 90.76300
10 7 21 19 53 28185.80000 41.10600000 1765.91000 111.36000 16.75700 90.76300
10 7 21 19 54 28186.80000 41.10600000 1765.87000 111.36000 16.75700 90.76300
10 7 21 19 54 28186.60000 41.10600000 1765.87000 111.38000 16.75700 90.76300
10 7 21 19 55 28185.20000 41.10600000 1765.87000 111.38000 16.75700 90.76300
10 7 21 19 55 28189.90000 41.10600000 1765.87000 111.38000 16.75700 90.76300
10 7 21 19 55 28189.90000 41.10600000 1765.47000 111.35000 16.75700 90.76300
10 7 21 19 56 28187.50000 41.10600000 1765.54000 111.35000 16.75700 90.76300
10 7 21 19 56 28191.10000 41.10600000 1765.54000 111.35000 16.75700 90.76300
10 7 21 19 57 28191.50000 41.10600000 1765.54000 111.35000 16.75700 90.76300
10 7 21 19 57 28191.50000 41.10600000 1765.54000 111.35000 16.75700 90.76300
10 7 21 19 58 28190.20000 41.10600000 1765.54000 111.35000 16.75700 90.76300
10 7 21 19 58 28190.20000 41.05100000 1765.54000 111.35000 16.75700 90.76300
10 7 21 19 58 28200.00000 41.05100000 1765.54000 111.35000 16.75700 90.76300
10 7 21 19 59 28200.00000 41.05100000 1766.33000 111.46000 16.75700 90.76300
10 7 21 19 59 28187.60000 41.05100000 1765.01000 111.46000 16.75700 90.76300
10 7 21 20 00 28187.60000 41.05100000 1765.01000 111.46000 16.75700 90.76300
10 7 21 20 00 28162.70000 41.05100000 1765.00000 111.22000 16.75700 90.76300
10 7 21 20 01 28158.30000 41.05100000 1763.68000 111.22000 16.75700 90.76300
10 7 21 20 01 28153.20000 41.05100000 1763.73000 111.22000 16.75700 90.76300
10 7 21 20 01 28150.40000 41.05100000 1763.73000 111.32000 16.75700 90.76300
10 7 21 20 02 28138.30000 41.05100000 1763.73000 111.32000 16.75700 90.76300
10 7 21 20 02 28141.70000 41.05100000 1763.10000 111.32000 16.75700 90.76300
10 7 21 20 03 28140.40000 41.05100000 1763.10000 111.32000 16.75700 90.76300
10 7 21 20 03 28141.30000 41.05100000 1762.99000 111.31000 16.75700 90.76300
10 7 21 20 04 28139.90000 41.05100000 1763.64000 111.31000 16.75700 90.76300
10 7 21 20 04 28152.60000 41.05100000 1763.64000 111.35000 16.75700 90.76300
10 7 21 20 04 28158.10000 41.05100000 1765.46000 111.35000 16.75700 90.76300
10 7 21 20 05 28158.10000 41.05100000 1765.62000 111.35000 16.75700 90.76300
10 7 21 20 05 28148.00000 41.05100000 1765.62000 111.35000 16.75700 90.76300
10 7 21 20 06 28156.20000 41.05100000 1764.49000 111.42000 16.75700 90.76300
10 7 21 20 06 28147.60000 41.05100000 1764.82000 111.42000 16.75700 90.76300
10 7 21 20 07 28136.10000 41.05100000 1763.41000 111.42000 16.75700 90.76300
10 7 21 20 07 28109.60000 41.05100000 1760.57000 111.04000 16.75700 90.76300
10 7 21 20 07 28080.80000 41.05100000 1758.84000 111.04000 16.75700 90.76300
10 7 21 20 08 28087.10000 41.05100000 1761.35000 111.04000 16.75700 90.76300
10 7 21 20 08 28110.60000 41.05100000 1761.35000 111.04000 16.75700 90.76300
10 7 21 20 09 28050.30000 41.05100000 1760.20000 111.27000 16.81900 90.60000
10 7 21 20 09 28049.10000 41.05100000 1758.24000 110.96000 16.81800 90.40600
10 7 21 20 10 28042.30000 41.05100000 1759.68000 110.96000 16.81800 90.40600
10 7 21 20 10 27956.10000 41.05100000 1755.01000 110.64000 16.81800 89.81400
10 7 21 20 11 27953.10000 41.05100000 1756.63000 110.64000 16.81600 89.81400
10 7 21 20 11 27930.60000 41.05100000 1753.83000 110.64000 16.81600 89.81400
10 7 21 20 11 27920.90000 41.05100000 1753.83000 110.62000 16.81600 89.81400
10 7 21 20 12 27879.80000 41.05100000 1752.34000 110.62000 16.81600 89.81400
10 7 21 20 12 27884.90000 41.05100000 1752.34000 110.62000 16.81600 89.81400
10 7 21 20 13 27911.40000 41.05100000 1752.34000 110.62000 16.81600 89.81400
10 7 21 20 13 27945.40000 41.05100000 1758.23000 110.62000 16.81600 89.81400
10 7 21 20 14 27943.30000 41.05100000 1758.30000 110.62000 16.81600 89.99900
10 7 21 20 14 27934.20000 41.05100000 1757.06000 110.62000 16.81600 89.99900
10 7 21 20 14 27939.60000 41.05100000 1758.25000 110.62000 16.81600 89.99900
10 7 21 20 15 27930.90000 41.05100000 1758.54000 110.62000 16.81600 89.99900
10 7 21 20 15 27938.50000 41.05100000 1757.81000 110.62000 16.81600 89.99900
10 7 21 20 16 27905.90000 41.05100000 1757.14000 110.99000 16.81600 90.00000
10 7 21 20 16 27901.90000 41.05100000 1756.27000 110.99000 16.81600 90.00000
10 7 21 20 17 27900.50000 41.05100000 1756.27000 110.99000 16.81600 90.00000
10 7 21 20 17 27930.60000 41.05100000 1759.45000 110.99000 16.81600 90.00000
10 7 21 20 17 27930.60000 41.05100000 1760.63000 110.99000 16.81600 90.00000
10 7 21 20 18 28020.30000 41.05100000 1760.63000 110.99000 16.81600 90.00000
10 7 21 20 18 28039.30000 41.05100000 1765.72000 110.99000 16.81600 90.00000
