M=[
31 5 20 18 49 8550.70000 6.46800000 211.50000 41.80000 11.68300 47.25600
31 5 20 18 49 8550.70000 6.46800000 211.50000 41.80000 11.68300 47.25600
31 5 20 18 49 8550.70000 6.46800000 211.57000 41.80000 11.68300 47.25600
31 5 20 18 50 8547.70000 6.46800000 211.47000 41.90000 11.69400 47.25600
31 5 20 18 50 8546.90000 6.46800000 211.47000 41.80000 11.68300 47.25600
31 5 20 18 51 8548.70000 6.46800000 211.47000 41.80000 11.68300 47.09900
31 5 20 18 51 8548.80000 6.46800000 211.47000 41.80000 11.68300 47.15400
31 5 20 18 52 8549.00000 6.46800000 211.47000 41.80000 11.69400 47.25600
31 5 20 18 52 8552.60000 6.46800000 211.47000 41.80000 11.68300 47.25600
31 5 20 18 53 8555.80000 6.46800000 211.47000 41.80000 11.68300 47.25600
31 5 20 18 53 8545.70000 6.46800000 211.47000 41.80000 11.69400 47.25600
31 5 20 18 54 8553.70000 6.47500000 211.48000 41.80000 11.68300 47.25600
31 5 20 18 54 8553.70000 6.46800000 211.47000 41.78000 11.68300 47.25600
31 5 20 18 55 8556.50000 6.46800000 211.48000 41.80000 11.68300 47.25600
31 5 20 18 55 8556.50000 6.46800000 211.47000 41.80000 11.68300 47.25600
31 5 20 18 56 8556.50000 6.46800000 211.47000 41.80000 11.68300 47.25600
31 5 20 18 56 8560.00000 6.46800000 211.77000 41.97000 11.68300 47.25600
31 5 20 18 56 8555.00000 6.46800000 211.63000 41.80000 11.68300 47.25600
31 5 20 18 57 8555.00000 6.46800000 211.63000 41.80000 11.68300 47.25600
31 5 20 18 57 8559.50000 6.46800000 211.64000 41.80000 11.68300 47.25600
31 5 20 18 58 8555.00000 6.46800000 211.64000 41.80000 11.69400 47.25600
31 5 20 18 58 8555.70000 6.46800000 211.64000 41.80000 11.68300 47.25600
31 5 20 18 59 8558.80000 6.46800000 211.64000 41.85000 11.68300 47.25600
31 5 20 18 59 8553.70000 6.46800000 211.63000 41.85000 11.68300 47.25600
31 5 20 19 00 8555.70000 6.46800000 211.70000 41.97000 11.68300 47.25600
31 5 20 19 00 8557.60000 6.46800000 211.68000 41.85000 11.68300 47.25600
31 5 20 19 01 8558.40000 6.46800000 211.67000 41.85000 11.68300 47.25600
31 5 20 19 01 8557.50000 6.46800000 211.67000 41.85000 11.68300 47.25600
31 5 20 19 02 8557.50000 6.46800000 211.67000 41.85000 11.68300 47.25600
31 5 20 19 02 8555.50000 6.49000000 211.67000 41.85000 11.68300 47.25600
31 5 20 19 03 8555.50000 6.49000000 211.58000 41.85000 11.68300 47.25600
31 5 20 19 03 8549.60000 6.49000000 211.49000 41.90000 11.68300 47.25600
31 5 20 19 04 8547.40000 6.47500000 211.50000 41.80000 11.68300 47.25600
31 5 20 19 04 8552.60000 6.49000000 211.65000 41.90000 11.68300 47.25600
31 5 20 19 04 8547.40000 6.49000000 211.49000 41.97000 11.68300 47.25600
31 5 20 19 05 8546.90000 6.49000000 211.64000 41.85000 11.68300 47.25600
31 5 20 19 05 8552.60000 6.49000000 211.68000 41.85000 11.68300 47.25600
31 5 20 19 06 8547.20000 6.49000000 211.69000 41.85000 11.68300 47.15400
31 5 20 19 06 8550.80000 6.49000000 211.60000 41.85000 11.68300 47.25600
31 5 20 19 07 8553.00000 6.49000000 211.68000 41.85000 11.68300 47.25600
31 5 20 19 07 8552.90000 6.49000000 211.69000 41.85000 11.68300 47.12400
31 5 20 19 08 8552.90000 6.49000000 211.69000 41.80000 11.68300 47.12400
31 5 20 19 08 8553.00000 6.49000000 211.69000 41.80000 11.68300 47.12400
31 5 20 19 09 8552.90000 6.49000000 211.95000 41.83000 11.68300 47.12400
31 5 20 19 09 8554.40000 6.49000000 211.81000 41.80000 11.69400 47.12400
31 5 20 19 10 8559.10000 6.49000000 211.93000 41.80000 11.68300 47.12400
31 5 20 19 10 8554.80000 6.49000000 211.84000 41.80000 11.68300 47.12400
31 5 20 19 11 8554.80000 6.49000000 211.95000 41.80000 11.68300 47.12400
31 5 20 19 11 8559.90000 6.49000000 211.95000 41.80000 11.68300 47.12400
31 5 20 19 11 8560.00000 6.49000000 211.95000 41.80000 11.68300 47.12400
31 5 20 19 12 8559.10000 6.49700000 211.95000 41.80000 11.68300 47.12400
31 5 20 19 12 8558.60000 6.49700000 211.95000 41.85000 11.69400 47.12400
31 5 20 19 13 8560.40000 6.49700000 212.00000 41.89000 11.68300 47.12400
31 5 20 19 13 8560.50000 6.49700000 212.16000 41.89000 11.69400 47.12400
31 5 20 19 14 8564.60000 6.49700000 212.17000 41.89000 11.69400 47.27300
31 5 20 19 14 8564.60000 6.49700000 212.17000 41.96000 11.68300 47.27300
31 5 20 19 15 8573.00000 6.49700000 212.38000 41.99000 11.68300 47.37600
31 5 20 19 15 8572.10000 6.49700000 212.39000 41.99000 11.68300 47.37600
31 5 20 19 16 8571.20000 6.49700000 212.49000 41.99000 11.68300 47.37600
31 5 20 19 16 8578.60000 6.49700000 212.50000 41.99000 11.75100 47.37600
31 5 20 19 17 8579.90000 6.49900000 212.50000 41.96000 11.75100 47.37600
31 5 20 19 17 8582.50000 6.49900000 212.49000 41.96000 11.75100 47.37600
31 5 20 19 18 8581.00000 6.49900000 212.50000 41.99000 11.79700 47.12400
31 5 20 19 18 8583.00000 6.49900000 212.50000 41.99000 11.79700 47.37600
31 5 20 19 19 8583.30000 6.49900000 212.94000 41.99000 11.79700 47.48500
31 5 20 19 19 8583.30000 6.49900000 212.91000 42.02000 11.79700 47.48500
31 5 20 19 20 8583.20000 6.49900000 212.82000 42.06000 11.79700 47.37600
31 5 20 19 20 8584.70000 6.49900000 212.86000 42.06000 11.79700 47.48500
31 5 20 19 21 8584.70000 6.49900000 212.76000 42.07000 11.79700 47.48500
31 5 20 19 21 8583.40000 6.49900000 212.65000 42.07000 11.79700 47.48500
31 5 20 19 22 8583.40000 6.49900000 212.65000 42.07000 11.79700 47.48500
31 5 20 19 22 8583.40000 6.49900000 212.65000 42.07000 11.79700 47.48500
31 5 20 19 23 8583.40000 6.49900000 212.53000 42.03000 11.79700 47.48500
31 5 20 19 23 8579.50000 6.49900000 212.60000 42.03000 11.79700 47.48500
31 5 20 19 23 8579.70000 6.49900000 212.60000 42.03000 11.79700 47.48500
31 5 20 19 24 8579.90000 6.49900000 212.65000 42.03000 11.79700 47.48500
31 5 20 19 24 8580.00000 6.49900000 212.65000 42.03000 11.79700 47.48500
31 5 20 19 25 8579.90000 6.49900000 212.65000 42.03000 11.79700 47.48500
31 5 20 19 25 8581.60000 6.49900000 212.65000 42.03000 11.79700 47.51700
31 5 20 19 26 8584.30000 6.49900000 212.65000 42.03000 11.79700 47.51700
31 5 20 19 26 8586.40000 6.49900000 212.65000 42.07000 11.79700 47.51700
31 5 20 19 27 8586.20000 6.49900000 212.65000 42.07000 11.79700 47.51700
31 5 20 19 27 8586.80000 6.49900000 212.80000 42.03000 11.79700 47.51700
31 5 20 19 28 8584.00000 6.49900000 212.56000 42.03000 11.79700 47.51700
31 5 20 19 28 8584.10000 6.49900000 212.56000 42.03000 11.79700 47.51700
31 5 20 19 29 8582.10000 6.49900000 212.56000 42.03000 11.79700 47.51700
31 5 20 19 29 8582.10000 6.49900000 212.56000 42.07000 11.79700 47.51700
31 5 20 19 30 8582.10000 6.49900000 212.64000 42.03000 11.79700 47.51700
31 5 20 19 30 8582.10000 6.49900000 212.66000 42.03000 11.79700 47.51700
31 5 20 19 31 8582.00000 6.49900000 212.67000 42.03000 11.79700 47.51700
31 5 20 19 31 8580.10000 6.49900000 212.49000 42.03000 11.79700 47.51700
31 5 20 19 32 8580.10000 6.49900000 212.40000 42.07000 11.79700 47.48900
31 5 20 19 32 8580.10000 6.49900000 212.19000 42.02000 11.68300 47.48900
31 5 20 19 33 8579.50000 6.49900000 212.33000 42.02000 11.79700 47.48900
31 5 20 19 33 8575.30000 6.49900000 212.48000 42.03000 11.79700 47.48900
31 5 20 19 34 8580.10000 6.49900000 212.45000 42.02000 11.79700 47.48900
31 5 20 19 34 8576.20000 6.49900000 212.62000 42.02000 11.79700 47.48900
31 5 20 19 35 8576.20000 6.49900000 212.53000 42.00000 11.79700 47.48900
31 5 20 19 35 8575.50000 6.49900000 212.53000 42.00000 11.68300 47.44100
31 5 20 19 35 8575.50000 6.49900000 212.71000 42.00000 11.79700 47.48900
31 5 20 19 36 8575.60000 6.49900000 212.43000 42.01000 11.79700 47.44100
31 5 20 19 36 8570.80000 6.49900000 212.43000 42.01000 11.79700 47.44100
31 5 20 19 37 8572.50000 6.49900000 212.56000 42.01000 11.79700 47.44100
31 5 20 19 37 8572.50000 6.49900000 212.57000 42.00000 11.79700 47.44100
31 5 20 19 38 8572.50000 6.49900000 212.56000 42.00000 11.79700 47.44100
31 5 20 19 38 8572.50000 6.49900000 212.56000 42.01000 11.76200 47.44100
31 5 20 19 39 8572.40000 6.49900000 212.46000 42.00000 11.76200 47.44100
31 5 20 19 39 8572.50000 6.49900000 212.44000 42.00000 11.76200 47.44100
31 5 20 19 40 8572.50000 6.49900000 212.57000 42.00000 11.76200 47.44100
