M=[
 5 6 20 14 14 8612.10000 6.07800000 215.63000 41.84000 12.81000 46.91600
 5 6 20 14 14 8612.20000 6.08100000 215.63000 41.84000 12.81000 46.91600
 5 6 20 14 15 8612.10000 6.08300000 215.64000 41.84000 12.81000 46.91600
 5 6 20 14 15 8609.90000 6.08300000 215.64000 41.84000 12.81000 46.91600
 5 6 20 14 16 8609.90000 6.08300000 215.65000 41.84000 12.81000 46.91600
 5 6 20 14 16 8611.60000 6.08300000 215.65000 41.85000 12.81000 46.91600
 5 6 20 14 17 8611.60000 6.08300000 215.65000 41.85000 12.81000 46.91600
 5 6 20 14 17 8611.60000 6.08300000 215.65000 41.85000 12.81000 46.91600
 5 6 20 14 18 8611.60000 6.08300000 215.67000 41.85000 12.81000 46.94800
 5 6 20 14 18 8611.50000 6.08100000 215.65000 41.85000 12.81000 46.94800
 5 6 20 14 18 8611.50000 6.08300000 215.64000 41.85000 12.81000 46.94800
 5 6 20 14 19 8611.50000 6.08300000 215.33000 41.85000 12.81000 46.94800
 5 6 20 14 19 8611.50000 6.08300000 215.32000 41.85000 12.81000 46.99100
 5 6 20 14 20 8611.50000 6.08300000 215.33000 41.77000 12.81000 46.99100
 5 6 20 14 20 8611.50000 6.08300000 215.33000 41.85000 12.81000 46.94800
 5 6 20 14 21 8611.50000 6.08300000 215.33000 41.77000 12.81000 46.94800
 5 6 20 14 21 8609.20000 6.08300000 215.32000 41.84000 12.81000 46.99100
 5 6 20 14 22 8609.20000 6.08100000 215.33000 41.84000 12.81000 46.99100
 5 6 20 14 22 8607.30000 6.08300000 215.35000 41.84000 12.81000 46.99100
 5 6 20 14 23 8606.00000 6.08300000 215.34000 41.84000 12.81000 46.99100
 5 6 20 14 23 8605.90000 6.08300000 215.34000 41.84000 12.81000 46.99100
 5 6 20 14 24 8603.70000 6.08300000 215.32000 41.85000 12.81000 46.99100
 5 6 20 14 24 8603.60000 6.08300000 215.32000 41.84000 12.81000 46.99100
 5 6 20 14 24 8603.70000 6.08300000 215.32000 41.84000 12.81000 46.99100
 5 6 20 14 25 8603.60000 6.08300000 215.32000 41.80000 12.81000 46.99100
 5 6 20 14 25 8603.60000 6.08300000 215.34000 41.80000 12.81000 46.94800
 5 6 20 14 26 8603.70000 6.08300000 215.34000 41.80000 12.81000 46.99100
 5 6 20 14 26 8603.70000 6.08300000 215.35000 41.80000 12.81000 46.93500
 5 6 20 14 27 8603.70000 6.08300000 215.32000 41.80000 12.81000 46.93500
 5 6 20 14 27 8603.10000 6.08300000 215.35000 41.84000 12.76300 46.93500
 5 6 20 14 28 8603.10000 6.08300000 215.42000 41.80000 12.76300 46.93500
 5 6 20 14 28 8603.10000 6.08300000 215.48000 41.81000 12.76300 46.93500
 5 6 20 14 29 8605.70000 6.08300000 215.48000 41.81000 12.76300 46.93500
 5 6 20 14 29 8606.10000 6.08300000 215.41000 41.80000 12.76300 46.99100
 5 6 20 14 30 8611.40000 6.08300000 215.50000 41.80000 12.76300 46.93500
 5 6 20 14 30 8611.40000 6.08300000 215.50000 41.80000 12.76300 46.93500
 5 6 20 14 31 8611.20000 6.08300000 215.49000 41.80000 12.80500 46.93500
 5 6 20 14 31 8606.50000 6.08300000 215.49000 41.80000 12.76300 46.93500
 5 6 20 14 32 8605.60000 6.08300000 215.49000 41.80000 12.76300 46.93500
 5 6 20 14 32 8605.70000 6.08300000 215.50000 41.80000 12.76300 46.93500
 5 6 20 14 33 8605.70000 6.07800000 215.52000 41.80000 12.76300 46.93500
 5 6 20 14 33 8605.70000 6.08300000 215.42000 41.79000 12.76300 46.93500
 5 6 20 14 33 8599.00000 6.08300000 215.29000 41.79000 12.76300 46.93500
 5 6 20 14 34 8590.50000 6.08300000 215.29000 41.79000 12.76300 46.86000
 5 6 20 14 34 8590.80000 6.08300000 215.16000 41.80000 12.76300 46.86000
 5 6 20 14 35 8590.80000 6.08300000 215.12000 41.73000 12.76300 46.86000
 5 6 20 14 35 8590.60000 6.07800000 215.00000 41.70000 12.80500 46.86000
 5 6 20 14 36 8590.60000 6.08300000 215.00000 41.70000 12.76300 46.86000
 5 6 20 14 36 8594.70000 6.08300000 215.16000 41.70000 12.76300 46.86000
 5 6 20 14 37 8594.70000 6.08300000 215.29000 41.70000 12.76300 46.86000
 5 6 20 14 37 8595.00000 6.08300000 215.07000 41.73000 12.76300 46.86000
 5 6 20 14 38 8599.90000 6.08300000 215.31000 41.70000 12.76300 46.86000
 5 6 20 14 38 8599.80000 6.08300000 215.31000 41.70000 12.76300 46.86000
 5 6 20 14 39 8599.80000 6.07500000 215.31000 41.70000 12.76300 46.86000
 5 6 20 14 39 8601.40000 6.07500000 215.32000 41.70000 12.76300 46.86000
 5 6 20 14 40 8600.30000 6.07500000 215.27000 41.70000 12.76300 46.86000
 5 6 20 14 40 8600.20000 6.07500000 215.26000 41.70000 12.76300 46.86000
 5 6 20 14 41 8601.20000 6.07500000 215.36000 41.70000 12.80500 46.86000
 5 6 20 14 41 8606.70000 6.07500000 215.39000 41.78000 12.77300 46.87000
 5 6 20 14 42 8607.30000 6.07500000 215.41000 41.78000 12.77300 46.87000
 5 6 20 14 42 8606.80000 6.07500000 215.41000 41.75000 12.77300 46.87000
 5 6 20 14 42 8606.70000 6.07500000 215.37000 41.75000 12.77300 46.87000
 5 6 20 14 43 8606.80000 6.07500000 215.38000 41.75000 12.77300 46.87000
 5 6 20 14 43 8606.70000 6.07500000 215.34000 41.75000 12.77300 46.87000
 5 6 20 14 44 8606.80000 6.07500000 215.35000 41.75000 12.77300 46.87000
 5 6 20 14 44 8606.80000 6.07500000 215.40000 41.78000 12.88000 46.87000
 5 6 20 14 45 8605.10000 6.07500000 215.40000 41.75000 12.77300 46.87000
 5 6 20 14 45 8605.00000 6.06600000 215.40000 41.80000 12.77300 46.87000
 5 6 20 14 46 8605.00000 6.06600000 215.40000 41.80000 12.77300 46.87000
 5 6 20 14 46 8605.10000 6.06600000 215.41000 41.80000 12.77300 46.87000
 5 6 20 14 47 8603.40000 6.06600000 215.41000 41.75000 12.77300 46.87000
 5 6 20 14 47 8601.30000 6.06600000 215.28000 41.80000 12.77300 46.87000
 5 6 20 14 48 8601.10000 6.06600000 215.28000 41.80000 12.77300 46.87000
 5 6 20 14 48 8599.70000 6.06600000 215.28000 41.80000 12.77300 46.87000
 5 6 20 14 48 8598.40000 6.06600000 215.25000 41.80000 12.77300 46.87000
 5 6 20 14 49 8598.00000 6.06600000 215.13000 41.80000 12.77300 46.87000
 5 6 20 14 49 8597.90000 6.06600000 215.16000 41.78000 12.77300 46.87000
 5 6 20 14 50 8598.00000 6.06600000 215.28000 41.78000 12.77300 46.87000
 5 6 20 14 50 8598.00000 6.06600000 215.28000 41.78000 12.77300 46.87000
 5 6 20 14 51 8598.00000 6.06600000 215.28000 41.78000 12.77300 46.87000
 5 6 20 14 51 8598.00000 6.06600000 215.28000 41.80000 12.77300 46.87000
 5 6 20 14 52 8597.90000 6.06600000 215.28000 41.80000 12.77300 46.87000
 5 6 20 14 52 8594.80000 6.06600000 215.30000 41.76000 12.77300 46.87000
 5 6 20 14 53 8588.70000 6.06600000 215.30000 41.73000 12.77300 46.87000
 5 6 20 14 53 8587.00000 6.06600000 214.89000 41.73000 12.77300 46.87000
 5 6 20 14 54 8585.50000 6.06600000 214.89000 41.73000 12.77300 46.87000
 5 6 20 14 54 8584.30000 6.06600000 214.87000 41.73000 12.77300 46.87000
 5 6 20 14 55 8584.30000 6.06600000 214.78000 41.73000 12.77300 46.77000
 5 6 20 14 55 8569.80000 6.06600000 214.45000 41.56000 12.77300 46.77000
 5 6 20 14 56 8559.90000 6.06600000 214.12000 41.54000 12.77300 46.77000
 5 6 20 14 56 8563.70000 6.06600000 214.02000 41.54000 12.77300 46.77000
 5 6 20 14 57 8569.30000 6.06600000 214.04000 41.54000 12.88000 46.77000
 5 6 20 14 57 8569.30000 6.06600000 214.15000 41.54000 12.77300 46.77000
 5 6 20 14 58 8569.20000 6.06600000 214.13000 41.54000 12.77300 46.72900
 5 6 20 14 58 8568.50000 6.06600000 214.13000 41.54000 12.77300 46.72900
 5 6 20 14 59 8573.10000 6.06600000 214.15000 41.54000 12.77300 46.72900
 5 6 20 14 59 8572.00000 6.06600000 214.16000 41.54000 12.76300 46.72900
 5 6 20 15 00 8572.20000 6.06600000 214.24000 41.55000 12.77300 46.72900
 5 6 20 15 00 8572.30000 6.06600000 214.24000 41.55000 12.77300 46.72900
 5 6 20 15 01 8572.30000 6.06600000 214.16000 41.55000 12.77300 46.72900
 5 6 20 15 01 8570.80000 6.06600000 214.16000 41.55000 12.77300 46.72900
 5 6 20 15 02 8570.80000 6.06600000 214.16000 41.55000 12.77300 46.72900
 5 6 20 15 02 8570.00000 6.06600000 214.06000 41.51000 12.77300 46.72900
 5 6 20 15 03 8570.10000 6.07500000 214.03000 41.51000 12.77300 46.72900
 5 6 20 15 03 8570.00000 6.01600000 212.01000 41.16000 12.77300 46.42500
 5 6 20 15 04 8560.90000 6.00100000 212.23000 41.16000 12.77300 46.50900
 5 6 20 15 05 8570.10000 6.00100000 212.46000 41.32000 12.77300 46.50900
 5 6 20 15 05 8562.60000 6.00100000 212.77000 41.16000 12.77300 46.50900
 5 6 20 15 06 8567.00000 6.04100000 212.81000 41.35000 12.77300 46.50900
