M=[
 2 2 21 10 25 29146.00000 6.35100000 1185.48000 116.90000 16.69600 74.61700
 2 2 21 10 25 29193.30000 6.35100000 1186.78000 116.90000 16.69600 74.61700
 2 2 21 10 26 29236.30000 6.35100000 1187.57000 117.22000 16.69600 74.45100
 2 2 21 10 26 29223.90000 6.35100000 1188.99000 117.11000 16.69600 74.45100
 2 2 21 10 26 29234.50000 6.33600000 1189.67000 117.11000 16.69600 74.45100
 2 2 21 10 27 29235.00000 6.33600000 1190.50000 117.11000 16.69600 74.45100
 2 2 21 10 27 29234.90000 6.33600000 1190.50000 117.11000 16.69600 74.45100
 2 2 21 10 28 29235.00000 6.35900000 1190.00000 117.06000 16.69600 74.45100
 2 2 21 10 28 29240.40000 6.35900000 1190.00000 116.92000 16.69600 74.45100
 2 2 21 10 29 29241.40000 6.35900000 1189.99000 117.03000 16.69600 74.45100
 2 2 21 10 29 29241.10000 6.35900000 1189.99000 117.11000 16.69600 74.45100
 2 2 21 10 29 29242.00000 6.35900000 1189.99000 117.11000 16.69600 74.43500
 2 2 21 10 30 29283.10000 6.35900000 1190.00000 117.30000 16.78400 74.43500
 2 2 21 10 30 29290.00000 6.35900000 1192.83000 117.39000 16.77100 74.43500
 2 2 21 10 31 29293.50000 6.35900000 1192.41000 117.54000 16.77100 74.43500
 2 2 21 10 31 29276.10000 6.35900000 1191.90000 117.36000 16.77100 74.43500
 2 2 21 10 32 29255.00000 6.35900000 1191.52000 117.36000 16.77100 74.43500
 2 2 21 10 32 29255.00000 6.35900000 1191.42000 117.36000 16.79000 74.43500
 2 2 21 10 32 29235.10000 6.35900000 1192.04000 117.35000 16.79000 74.43500
 2 2 21 10 33 29235.70000 6.34800000 1193.47000 117.35000 16.79000 74.43500
 2 2 21 10 33 29223.90000 6.34800000 1192.72000 117.34000 16.79000 74.43500
 2 2 21 10 34 29209.60000 6.35800000 1192.73000 117.36000 16.79000 74.43500
 2 2 21 10 34 29239.60000 6.35800000 1193.11000 117.36000 16.80100 74.43500
 2 2 21 10 35 29240.10000 6.35800000 1193.28000 117.29000 16.80100 74.43500
 2 2 21 10 35 29251.80000 6.35800000 1193.99000 117.27000 16.80900 74.43500
 2 2 21 10 35 29256.20000 6.35800000 1193.51000 117.43000 16.80900 74.43500
 2 2 21 10 36 29241.70000 6.37500000 1192.81000 117.43000 16.80900 74.43500
 2 2 21 10 36 29243.60000 6.37500000 1192.44000 117.43000 16.80000 74.43500
 2 2 21 10 37 29252.10000 6.37500000 1193.30000 117.41000 16.80000 74.43500
 2 2 21 10 37 29242.80000 6.37500000 1193.18000 117.52000 16.80000 74.43500
 2 2 21 10 38 29242.70000 6.37500000 1193.30000 117.43000 16.80000 74.43500
 2 2 21 10 38 29216.20000 6.37500000 1192.16000 117.40000 16.80000 74.43500
 2 2 21 10 38 29242.60000 6.37500000 1193.30000 117.43000 16.80000 74.43500
 2 2 21 10 39 29250.00000 6.37500000 1194.61000 117.68000 16.80000 74.43500
 2 2 21 10 39 29245.90000 6.37500000 1194.81000 117.64000 16.80000 74.43500
 2 2 21 10 40 29238.30000 6.37500000 1194.17000 117.55000 16.80000 74.43500
 2 2 21 10 40 29228.60000 6.37500000 1193.65000 117.60000 16.80000 74.43500
 2 2 21 10 41 29231.00000 6.37500000 1192.81000 117.48000 16.80000 74.43500
 2 2 21 10 41 29226.40000 6.37500000 1192.56000 117.47000 16.80000 74.43500
 2 2 21 10 41 29226.40000 6.35500000 1192.33000 117.33000 16.80000 74.43500
 2 2 21 10 42 29222.50000 6.35500000 1193.18000 117.34000 16.80000 74.43500
 2 2 21 10 42 29220.30000 6.32200000 1192.80000 117.30000 16.80000 74.43500
 2 2 21 10 43 29220.30000 6.35300000 1193.44000 117.31000 16.80000 74.43500
 2 2 21 10 43 29208.80000 6.35300000 1193.56000 117.37000 16.80000 74.43500
 2 2 21 10 44 29209.90000 6.35300000 1193.89000 117.37000 16.80000 74.43500
 2 2 21 10 44 29208.90000 6.35300000 1193.26000 117.37000 16.80000 74.43500
 2 2 21 10 44 29187.20000 6.35300000 1193.00000 117.25000 16.80000 74.54700
 2 2 21 10 45 29174.30000 6.35000000 1192.56000 117.30000 16.80000 74.54700
 2 2 21 10 45 29177.90000 6.35000000 1193.41000 117.37000 16.80000 74.54700
 2 2 21 10 46 29177.90000 6.35000000 1193.87000 117.39000 16.80000 74.68000
 2 2 21 10 46 29175.10000 6.35000000 1193.65000 117.28000 16.80000 74.68000
 2 2 21 10 47 29174.20000 6.35000000 1193.97000 117.28000 16.80000 74.68000
 2 2 21 10 47 29163.50000 6.35000000 1193.96000 117.15000 16.80000 74.68000
 2 2 21 10 47 29146.00000 6.35000000 1193.59000 117.17000 16.80000 74.68000
 2 2 21 10 48 29131.00000 6.35000000 1193.39000 117.16000 16.80000 74.68000
 2 2 21 10 48 29126.60000 6.34200000 1191.73000 117.07000 16.80000 74.68000
 2 2 21 10 49 29126.60000 6.34200000 1192.60000 117.13000 16.80000 74.68000
 2 2 21 10 49 29145.00000 6.38300000 1194.00000 117.17000 16.80000 74.68000
 2 2 21 10 50 29173.90000 6.38300000 1195.40000 117.29000 16.80000 74.68000
 2 2 21 10 50 29171.70000 6.38300000 1196.85000 117.45000 16.80000 74.68000
 2 2 21 10 50 29150.10000 6.38300000 1196.71000 117.45000 16.80000 74.64500
 2 2 21 10 51 29146.00000 6.38300000 1194.64000 117.15000 16.80000 74.64500
 2 2 21 10 51 29110.10000 6.38300000 1193.50000 117.17000 16.80000 74.64500
 2 2 21 10 52 29127.20000 6.38300000 1194.69000 117.26000 16.80000 74.64500
 2 2 21 10 52 29129.90000 6.38300000 1194.70000 117.26000 16.80000 74.64500
 2 2 21 10 53 29125.00000 6.38300000 1196.41000 117.40000 16.80000 74.64500
 2 2 21 10 53 29138.10000 6.38300000 1196.12000 117.48000 16.80000 74.64500
 2 2 21 10 53 29135.80000 6.38300000 1195.63000 117.48000 16.80000 74.64500
 2 2 21 10 54 29146.20000 6.38300000 1195.51000 117.58000 16.80000 74.64500
 2 2 21 10 54 29140.00000 6.38300000 1193.28000 117.51000 16.80000 74.64500
 2 2 21 10 55 29139.90000 6.38300000 1192.16000 117.48000 16.80000 74.64500
 2 2 21 10 55 29138.80000 6.38300000 1192.03000 117.35000 16.80000 74.64500
 2 2 21 10 56 29140.90000 6.35200000 1192.11000 117.34000 16.80000 74.64500
 2 2 21 10 56 29140.90000 6.35200000 1192.10000 117.28000 16.80000 74.64500
 2 2 21 10 56 29147.20000 6.35200000 1190.74000 117.24000 16.80000 74.64500
 2 2 21 10 57 29135.60000 6.35200000 1190.69000 117.21000 16.80000 74.64500
 2 2 21 10 57 29145.90000 6.35200000 1192.00000 117.25000 16.80000 74.50900
 2 2 21 10 58 29169.90000 6.35200000 1193.00000 117.39000 16.80000 74.50900
 2 2 21 10 58 29205.80000 6.35200000 1195.07000 117.48000 16.72700 74.50900
 2 2 21 10 59 29201.20000 6.35200000 1195.00000 117.39000 16.72700 74.50900
 2 2 21 10 59 29216.00000 6.35200000 1195.62000 117.52000 16.72700 74.50900
 2 2 21 10 59 29215.60000 6.37000000 1195.07000 117.44000 16.72700 74.50900
 2 2 21 11 00 29221.80000 6.37000000 1197.50000 117.47000 16.71500 74.50900
 2 2 21 11 00 29214.50000 6.37000000 1197.99000 117.47000 16.71500 74.50900
 2 2 21 11 01 29214.50000 6.37000000 1199.34000 117.53000 16.71500 74.50900
 2 2 21 11 01 29204.20000 6.37000000 1198.67000 117.54000 16.71500 74.50900
 2 2 21 11 02 29204.50000 6.37000000 1199.10000 117.46000 16.71500 74.50900
 2 2 21 11 02 29181.10000 6.39900000 1198.02000 117.41000 16.71500 75.06800
 2 2 21 11 02 29181.20000 6.39900000 1198.43000 117.35000 16.79900 75.06800
 2 2 21 11 03 29182.10000 6.39900000 1198.66000 117.42000 16.79900 75.06800
 2 2 21 11 03 29213.00000 6.39900000 1200.00000 117.42000 16.79900 75.06800
 2 2 21 11 04 29203.00000 6.37800000 1200.00000 117.43000 16.79900 75.06800
 2 2 21 11 04 29200.00000 6.37800000 1199.76000 117.43000 16.79900 75.05900
 2 2 21 11 05 29214.50000 6.37800000 1200.00000 117.43000 16.79900 75.05900
 2 2 21 11 05 29226.30000 6.37800000 1201.48000 117.58000 16.79900 75.05900
 2 2 21 11 05 29226.40000 6.37800000 1201.01000 117.58000 16.79900 75.05900
 2 2 21 11 06 29226.40000 6.37800000 1199.64000 117.60000 16.79900 75.05900
 2 2 21 11 06 29196.70000 6.37800000 1198.41000 117.56000 16.79900 75.05900
 2 2 21 11 07 29200.00000 6.37800000 1199.57000 117.56000 16.79900 75.05900
 2 2 21 11 07 29203.30000 6.37800000 1199.41000 117.55000 16.79900 75.05900
 2 2 21 11 08 29213.50000 6.37800000 1199.71000 117.50000 16.79900 75.06000
 2 2 21 11 08 29225.30000 6.37800000 1200.00000 117.60000 16.79900 75.06000
 2 2 21 11 08 29215.00000 6.37800000 1200.00000 117.60000 16.79900 75.06000
 2 2 21 11 09 29215.10000 6.37800000 1199.44000 117.60000 16.79900 75.06000
 2 2 21 11 09 29230.00000 6.37800000 1199.46000 117.71000 16.79900 75.06000
