M=[
20 2 21 00 27 46021.00000 12.45500000 1597.51000 192.59000 31.64700 147.97000
20 2 21 00 28 46013.70000 12.45500000 1597.80000 192.69000 31.64700 147.97000
20 2 21 00 28 46015.20000 12.45500000 1598.00000 193.03000 31.64700 147.97000
20 2 21 00 29 46064.60000 12.45500000 1598.00000 193.10000 31.64700 147.97000
20 2 21 00 29 46064.60000 12.45500000 1600.50000 193.11000 31.64700 147.97000
20 2 21 00 29 46064.70000 12.45500000 1600.50000 193.11000 31.68400 147.97000
20 2 21 00 30 46064.60000 12.45500000 1602.83000 193.71000 31.68400 149.03500
20 2 21 00 30 46064.60000 12.45500000 1603.04000 193.86000 31.68400 149.03500
20 2 21 00 31 46064.60000 12.45500000 1603.51000 194.17000 31.83700 149.03500
20 2 21 00 31 46064.70000 12.45500000 1604.04000 194.37000 31.83700 149.03500
20 2 21 00 32 46064.60000 12.45500000 1604.06000 194.21000 31.83700 150.00600
20 2 21 00 32 46076.00000 12.45500000 1604.09000 194.21000 31.83700 150.00600
20 2 21 00 32 46066.20000 12.45500000 1604.09000 194.22000 31.83700 150.74100
20 2 21 00 33 46064.70000 12.58900000 1604.08000 194.30000 31.83700 150.47200
20 2 21 00 33 45982.80000 12.58900000 1604.00000 193.92000 31.83700 150.47200
20 2 21 00 34 45955.30000 12.58900000 1603.03000 193.87000 31.83700 150.47200
20 2 21 00 34 45972.80000 12.58900000 1602.01000 193.79000 31.83700 151.15000
20 2 21 00 35 45889.40000 12.58900000 1602.84000 193.79000 31.83700 151.15000
20 2 21 00 35 45956.60000 12.58900000 1604.00000 193.85000 31.83700 151.17000
20 2 21 00 35 45985.20000 12.58900000 1603.99000 193.96000 31.83700 151.25000
20 2 21 00 36 45997.20000 12.58900000 1604.00000 193.97000 31.83700 151.96900
20 2 21 00 36 46000.00000 12.58900000 1605.03000 193.93000 31.83700 151.96900
20 2 21 00 37 45985.20000 12.63000000 1604.98000 193.80000 31.69100 151.61400
20 2 21 00 37 45980.00000 12.63000000 1605.34000 194.02000 31.69100 151.61400
20 2 21 00 38 45976.20000 12.63000000 1605.57000 193.88000 31.69100 151.61400
20 2 21 00 38 45982.30000 12.63000000 1605.58000 193.88000 31.69100 151.95000
20 2 21 00 38 45990.50000 12.64400000 1605.44000 193.79000 31.69100 151.13400
20 2 21 00 39 45999.90000 12.63900000 1605.30000 193.93000 31.69100 150.61800
20 2 21 00 39 45999.90000 12.63900000 1605.30000 193.88000 31.69100 150.61800
20 2 21 00 40 46039.60000 12.63900000 1605.49000 193.69000 31.69100 150.61800
20 2 21 00 40 46061.10000 12.63900000 1605.49000 193.69000 31.69100 150.61800
20 2 21 00 41 46080.10000 12.63900000 1605.07000 194.12000 31.69100 150.61800
20 2 21 00 41 46069.30000 12.63900000 1605.07000 194.13000 31.69100 150.61800
20 2 21 00 41 46069.40000 12.63900000 1605.11000 194.03000 31.69100 150.61800
20 2 21 00 42 46069.40000 12.63900000 1605.01000 194.03000 32.00000 150.52100
20 2 21 00 42 46080.10000 12.63900000 1605.00000 194.19000 32.00000 150.52100
20 2 21 00 43 46087.00000 12.63900000 1604.00000 194.02000 32.00000 150.52100
20 2 21 00 43 46023.30000 12.63900000 1601.21000 193.72000 32.00000 150.52100
20 2 21 00 44 46032.70000 12.63900000 1600.50000 193.56000 32.00000 150.99800
20 2 21 00 44 46012.80000 12.63900000 1599.98000 193.58000 32.00000 150.99800
20 2 21 00 44 46017.90000 12.63900000 1599.69000 193.58000 32.01000 150.99800
20 2 21 00 45 46054.50000 12.61200000 1598.00000 193.46000 32.15000 150.99800
20 2 21 00 45 46139.80000 12.61200000 1597.86000 193.71000 32.30100 150.99800
20 2 21 00 46 46176.00000 12.61200000 1598.33000 194.03000 32.15500 151.49300
20 2 21 00 46 46218.90000 12.61200000 1598.70000 193.83000 32.15500 152.18000
20 2 21 00 47 46279.80000 12.61200000 1599.29000 193.87000 32.15500 152.18000
20 2 21 00 47 46299.90000 12.61200000 1599.29000 194.03000 32.15500 152.18000
20 2 21 00 47 46318.80000 12.61200000 1599.29000 193.96000 32.32900 152.18000
20 2 21 00 48 46375.00000 12.61200000 1598.80000 194.24000 32.32900 151.85000
20 2 21 00 48 46124.00000 12.57700000 1597.34000 193.67000 32.38000 151.85000
20 2 21 00 49 46336.10000 12.56900000 1597.48000 194.28000 32.38000 151.85000
20 2 21 00 49 46309.90000 12.56300000 1597.51000 194.28000 32.38000 151.29800
20 2 21 00 50 46292.20000 12.56300000 1597.65000 194.22000 32.65200 151.29800
20 2 21 00 50 46322.60000 12.56300000 1597.78000 194.29000 32.38100 151.29800
20 2 21 00 50 46360.30000 12.61100000 1598.92000 194.48000 32.63000 152.11900
20 2 21 00 51 46372.30000 12.60800000 1600.14000 195.11000 32.63000 152.50000
20 2 21 00 51 46423.20000 12.60800000 1601.11000 194.98000 32.63000 152.50000
20 2 21 00 52 46308.60000 12.60800000 1600.11000 194.45000 32.63000 152.00000
20 2 21 00 52 46323.40000 12.60800000 1600.11000 194.45000 32.63000 152.00000
20 2 21 00 53 46347.00000 12.60800000 1598.55000 194.60000 32.63000 151.79800
20 2 21 00 53 46332.80000 12.60800000 1598.16000 195.04000 32.63000 151.79800
20 2 21 00 53 46326.70000 12.60800000 1598.16000 194.76000 32.63000 152.04100
20 2 21 00 54 46223.80000 12.58500000 1597.01000 194.89000 32.63000 152.04100
20 2 21 00 54 46288.50000 12.58500000 1596.93000 194.74000 32.63000 152.08700
20 2 21 00 55 46312.00000 12.58500000 1597.38000 194.63000 32.63000 152.36100
20 2 21 00 55 46308.90000 12.58500000 1597.04000 194.37000 32.63000 152.36100
20 2 21 00 56 46354.70000 12.58500000 1598.05000 194.37000 32.57700 152.36100
20 2 21 00 56 46338.90000 12.58500000 1597.96000 194.37000 32.57700 152.36100
20 2 21 00 56 46311.20000 12.58500000 1597.82000 194.54000 32.57700 152.36100
20 2 21 00 57 46255.20000 12.58500000 1596.51000 194.16000 32.57700 152.58800
20 2 21 00 57 46274.50000 12.58500000 1596.31000 194.16000 32.57700 152.58800
20 2 21 00 58 46287.30000 12.58500000 1596.78000 193.80000 32.57700 152.58800
20 2 21 00 58 46291.50000 12.58500000 1596.01000 193.76000 32.57700 152.58800
20 2 21 00 59 46318.00000 12.58500000 1596.00000 193.76000 32.57700 151.57100
20 2 21 00 59 46340.00000 12.58500000 1596.01000 193.76000 32.57700 151.12300
20 2 21 00 59 46356.60000 12.58500000 1596.00000 193.94000 32.57700 151.12300
20 2 21 01 00 46311.70000 12.58500000 1595.11000 193.71000 32.57700 151.16000
20 2 21 01 00 46331.70000 12.58500000 1595.02000 193.28000 32.65100 151.16000
20 2 21 01 01 46356.50000 12.58500000 1595.00000 193.28000 32.65200 150.17000
20 2 21 01 01 46386.00000 12.58500000 1595.00000 193.31000 32.65200 149.95100
20 2 21 01 01 46440.80000 12.63000000 1595.00000 193.31000 32.65200 150.38800
20 2 21 01 02 46450.40000 12.66200000 1595.64000 193.60000 32.65200 150.64000
20 2 21 01 02 46476.20000 12.67400000 1595.66000 193.76000 32.78600 150.29100
20 2 21 01 03 46499.80000 12.67400000 1596.86000 194.09000 32.79000 150.29100
20 2 21 01 03 46558.70000 12.68500000 1599.25000 194.51000 32.79000 150.42900
20 2 21 01 04 46568.60000 12.68500000 1599.08000 194.40000 32.79000 150.59800
20 2 21 01 04 46591.00000 12.71000000 1600.10000 194.57000 32.79000 150.34300
20 2 21 01 04 46592.10000 12.75000000 1601.17000 194.57000 32.79000 150.34300
20 2 21 01 05 46451.10000 12.75000000 1600.49000 194.50000 32.79000 150.34300
20 2 21 01 05 46451.70000 12.75000000 1602.33000 194.47000 32.79000 149.61500
20 2 21 01 06 46451.10000 12.75000000 1602.12000 194.24000 32.79000 149.61500
20 2 21 01 06 46453.70000 12.78000000 1603.55000 194.24000 32.79000 149.46200
20 2 21 01 07 46485.10000 12.73500000 1604.09000 194.92000 32.79000 150.27000
20 2 21 01 07 46466.60000 12.80000000 1604.09000 194.65000 32.79000 150.03600
20 2 21 01 07 46466.60000 12.80000000 1604.09000 194.94000 32.79000 150.03600
20 2 21 01 08 46495.30000 12.80000000 1604.09000 194.94000 32.79000 150.03600
20 2 21 01 08 46495.30000 12.80000000 1604.08000 194.83000 32.79000 150.03600
20 2 21 01 09 46520.30000 12.84100000 1604.99000 195.04000 32.79000 150.03600
20 2 21 01 09 46495.20000 12.83100000 1604.99000 194.96000 32.79000 150.03600
20 2 21 01 10 46475.00000 12.83100000 1604.72000 194.49000 32.79000 150.03600
20 2 21 01 10 46492.80000 12.83100000 1605.10000 194.49000 32.55300 150.08000
20 2 21 01 10 46492.70000 12.83100000 1605.10000 194.49000 32.36600 150.08000
