M=[
28 2 21 01 19 38562.10000 9.11800000 1213.77000 141.85000 26.27900 99.03600
28 2 21 01 20 38618.30000 9.11800000 1214.90000 141.85000 26.27900 99.03600
28 2 21 01 20 38649.90000 9.11800000 1215.24000 141.85000 26.27900 99.03600
28 2 21 01 21 38718.50000 9.11800000 1216.20000 142.12000 26.27900 99.03600
28 2 21 01 21 38718.50000 9.11800000 1217.99000 142.12000 26.27900 99.03600
28 2 21 01 21 38718.50000 9.11800000 1218.00000 142.12000 26.27900 99.03600
28 2 21 01 22 38718.40000 9.11800000 1218.00000 142.12000 26.27900 99.03600
28 2 21 01 22 38718.40000 9.11800000 1217.70000 142.12000 26.27900 99.03600
28 2 21 01 23 38689.40000 9.11800000 1217.70000 142.12000 26.27900 99.03600
28 2 21 01 23 38692.20000 9.11800000 1217.70000 142.12000 26.27900 99.03600
28 2 21 01 24 38702.50000 9.11800000 1218.27000 142.71000 26.27900 99.76600
28 2 21 01 24 38702.50000 9.11800000 1217.48000 142.71000 26.27900 99.76600
28 2 21 01 24 38692.20000 9.11800000 1216.94000 142.71000 26.27900 99.76600
28 2 21 01 25 38682.80000 9.11800000 1216.94000 142.71000 26.27900 99.76600
28 2 21 01 25 38682.00000 9.11800000 1215.69000 142.71000 26.27900 99.76600
28 2 21 01 26 38691.30000 9.11800000 1216.06000 142.71000 26.27900 99.76600
28 2 21 01 26 38667.50000 9.11800000 1216.06000 142.71000 26.27900 99.76600
28 2 21 01 27 38675.00000 9.11800000 1218.29000 142.54000 26.27900 99.76600
28 2 21 01 27 38643.10000 9.11800000 1217.98000 142.50000 26.27900 99.76600
28 2 21 01 27 38610.00000 9.11800000 1217.98000 142.50000 26.27900 99.76600
28 2 21 01 28 38630.00000 9.11800000 1218.45000 142.50000 26.27900 99.76600
28 2 21 01 28 38630.00000 9.11800000 1220.28000 142.50000 26.27900 99.76600
28 2 21 01 29 38665.00000 9.11800000 1220.60000 142.50000 26.27900 99.76600
28 2 21 01 29 38655.40000 9.11800000 1219.79000 142.50000 26.27900 99.72000
28 2 21 01 30 38655.40000 9.11800000 1219.37000 142.50000 26.27900 99.72000
28 2 21 01 30 38619.60000 9.11800000 1218.55000 142.50000 26.27900 99.72000
28 2 21 01 30 38628.30000 9.11800000 1218.23000 142.50000 26.27900 99.72000
28 2 21 01 31 38623.20000 9.11800000 1218.23000 142.50000 26.27900 99.72000
28 2 21 01 31 38623.20000 9.11800000 1218.69000 142.50000 26.27900 99.72000
28 2 21 01 32 38585.20000 9.11800000 1217.91000 142.50000 26.27900 99.72000
28 2 21 01 32 38565.60000 9.11800000 1217.91000 142.50000 26.27900 99.72000
28 2 21 01 33 38539.30000 9.11800000 1216.54000 142.50000 26.27900 99.72000
28 2 21 01 33 38576.80000 9.11800000 1216.67000 142.50000 26.27900 99.72000
28 2 21 01 33 38630.80000 9.11800000 1218.13000 142.50000 26.27900 99.72000
28 2 21 01 34 38562.50000 9.11800000 1216.13000 142.50000 26.27900 99.72000
28 2 21 01 34 38573.90000 9.11800000 1216.73000 142.50000 26.27900 99.72000
28 2 21 01 35 38625.30000 9.11800000 1218.87000 142.31000 26.27900 99.72000
28 2 21 01 35 38626.80000 9.11800000 1218.55000 142.31000 26.27900 99.72000
28 2 21 01 36 38657.00000 9.11800000 1217.76000 142.31000 26.27900 99.72000
28 2 21 01 36 38568.40000 9.11800000 1217.62000 142.31000 26.27900 99.72000
28 2 21 01 36 38570.10000 9.11800000 1215.38000 142.31000 26.27900 99.72000
28 2 21 01 37 38581.30000 9.11800000 1215.08000 142.31000 26.27900 99.72000
28 2 21 01 37 38574.20000 9.11800000 1215.92000 142.31000 26.27900 99.72000
28 2 21 01 38 38528.20000 9.11800000 1215.92000 142.31000 26.27900 99.72000
28 2 21 01 38 38467.30000 9.11800000 1212.00000 142.31000 26.27900 99.72000
28 2 21 01 39 38360.20000 9.11800000 1212.43000 142.31000 26.27900 99.72000
28 2 21 01 39 38363.30000 9.11800000 1210.77000 142.31000 26.27900 99.72000
28 2 21 01 39 38408.60000 9.11800000 1211.24000 142.31000 26.27900 99.72000
28 2 21 01 40 38430.00000 9.11800000 1212.30000 142.31000 26.27900 99.72000
28 2 21 01 40 38461.50000 9.11800000 1212.29000 142.03000 26.27900 99.72000
28 2 21 01 41 38467.70000 9.11800000 1212.29000 141.98000 26.27900 99.72000
28 2 21 01 41 38378.00000 9.11800000 1210.81000 141.98000 26.27900 99.72000
28 2 21 01 42 38378.00000 9.11800000 1210.81000 141.74000 26.27900 99.28600
28 2 21 01 42 38442.60000 9.11800000 1210.81000 141.81000 26.27900 99.28600
28 2 21 01 42 38470.60000 9.11800000 1212.00000 141.81000 26.27900 99.28600
28 2 21 01 43 38414.40000 9.11800000 1212.00000 141.81000 26.27900 99.28600
28 2 21 01 43 38460.60000 9.11800000 1211.64000 141.81000 26.27900 99.28600
28 2 21 01 44 38471.40000 9.11800000 1211.64000 141.81000 26.27900 99.28600
28 2 21 01 44 38490.10000 9.11800000 1213.99000 141.81000 26.27900 99.28600
28 2 21 01 45 38513.80000 9.11800000 1213.99000 141.81000 26.27900 99.28600
28 2 21 01 45 38509.30000 9.11800000 1213.99000 141.81000 26.27900 99.28600
28 2 21 01 45 38514.00000 9.11800000 1213.52000 141.81000 26.27900 99.28600
28 2 21 01 46 38523.90000 9.11800000 1213.73000 142.01000 26.27900 99.28600
28 2 21 01 46 38523.90000 9.11800000 1213.73000 142.01000 26.27900 99.28600
28 2 21 01 47 38538.20000 9.11800000 1214.77000 142.01000 26.27900 99.28600
28 2 21 01 47 38481.40000 9.11800000 1213.26000 142.01000 26.27900 99.28600
28 2 21 01 48 38489.20000 9.11800000 1212.33000 142.01000 26.27900 99.28600
28 2 21 01 48 38489.20000 9.11800000 1212.31000 142.01000 26.27900 99.28600
28 2 21 01 48 38525.50000 9.11800000 1213.54000 142.01000 26.27900 99.28600
28 2 21 01 49 38525.50000 9.11800000 1213.08000 142.01000 26.27900 99.28600
28 2 21 01 49 38522.50000 9.11000000 1213.08000 142.01000 26.27900 99.28600
28 2 21 01 50 38539.80000 9.07200000 1213.24000 142.01000 26.27900 99.28600
28 2 21 01 50 38538.30000 9.07200000 1213.23000 142.01000 26.27900 99.28600
28 2 21 01 51 38539.70000 9.07200000 1213.23000 142.01000 26.27900 99.28600
28 2 21 01 51 38592.40000 9.07200000 1213.51000 141.72000 26.27900 99.28600
28 2 21 01 51 38638.40000 9.07200000 1217.26000 141.72000 26.27900 99.28600
28 2 21 01 52 38665.00000 9.07200000 1218.57000 141.72000 26.27900 99.28600
28 2 21 01 52 38676.00000 9.07200000 1218.57000 141.72000 26.27900 99.28600
28 2 21 01 53 38654.40000 9.07200000 1218.57000 141.72000 26.27900 99.28600
28 2 21 01 53 38617.20000 9.07200000 1213.46000 141.72000 26.27900 99.28600
28 2 21 01 54 38609.40000 9.07200000 1214.00000 141.72000 26.27900 99.28600
28 2 21 01 54 38635.60000 9.07200000 1214.54000 141.72000 26.27900 98.76500
28 2 21 01 54 38693.00000 9.07200000 1218.09000 142.39000 26.27900 99.11500
28 2 21 01 55 38695.10000 9.07200000 1218.13000 142.39000 26.27900 99.11500
28 2 21 01 55 38699.70000 9.07200000 1218.13000 142.40000 26.27900 99.11500
28 2 21 01 56 38668.40000 9.07200000 1218.13000 142.40000 26.27900 99.04900
28 2 21 01 56 38696.80000 9.10100000 1218.13000 142.33000 26.27900 99.04900
28 2 21 01 57 38666.20000 9.10100000 1216.77000 142.33000 26.27900 99.04900
28 2 21 01 57 38680.00000 9.10100000 1216.77000 142.26000 26.27900 99.04900
28 2 21 01 57 38681.20000 9.10100000 1218.45000 142.50000 26.27900 99.04900
28 2 21 01 58 38686.00000 9.10100000 1218.26000 142.50000 26.27900 99.04900
28 2 21 01 58 38644.30000 9.10100000 1218.51000 142.47000 26.27900 99.04900
28 2 21 01 59 38650.80000 9.10100000 1218.46000 142.31000 26.27900 99.04900
28 2 21 01 59 38645.40000 9.10100000 1217.41000 142.37000 26.27900 99.04900
28 2 21 02 00 38641.70000 9.10100000 1217.41000 142.37000 26.27900 99.04900
28 2 21 02 00 38613.70000 9.10100000 1217.41000 142.37000 26.27900 99.04900
28 2 21 02 00 38627.70000 9.10100000 1216.13000 142.37000 26.27900 99.04900
28 2 21 02 01 38604.50000 9.10100000 1215.96000 142.37000 26.27900 99.04900
28 2 21 02 01 38615.80000 9.10100000 1214.55000 142.37000 26.27900 99.04900
28 2 21 02 02 38660.00000 9.10100000 1214.55000 142.37000 26.27900 99.04900
28 2 21 02 02 38684.50000 9.10100000 1218.03000 142.37000 26.27900 99.04900
28 2 21 02 03 38684.00000 9.10100000 1218.70000 142.37000 26.27900 99.04900
28 2 21 02 03 38658.40000 9.10100000 1218.33000 142.45000 26.27900 99.04900
28 2 21 02 03 38633.00000 9.10100000 1217.58000 142.45000 26.27900 99.04900
28 2 21 02 04 38599.30000 9.10100000 1216.02000 142.45000 26.14300 99.04900
