M=[
13 5 21 04 53 41926.00000 76.65900000 3244.81000 268.00000 32.22100 254.64100
13 5 21 04 53 41896.90000 76.50000000 3242.52000 267.66000 32.22100 254.64100
13 5 21 04 54 41922.40000 76.67800000 3244.01000 267.84000 32.22100 255.31700
13 5 21 04 54 41937.70000 76.75000000 3245.91000 267.95000 32.22100 254.65300
13 5 21 04 55 41949.20000 76.75000000 3243.25000 268.10000 32.22100 254.65300
13 5 21 04 55 41942.80000 76.77300000 3241.51000 268.10000 32.17800 254.72500
13 5 21 04 56 41904.40000 76.75000000 3238.81000 267.87000 32.17800 254.72500
13 5 21 04 56 41902.60000 76.56200000 3237.10000 267.89000 32.17800 254.72500
13 5 21 04 56 41857.50000 76.56200000 3234.88000 267.50000 32.17800 254.72500
13 5 21 04 57 41939.40000 76.89000000 3245.36000 267.75000 32.17800 254.72500
13 5 21 04 57 41939.10000 77.08600000 3241.99000 268.31000 32.17800 255.63800
13 5 21 04 58 41928.30000 77.10700000 3244.00000 268.30000 32.17800 255.63800
13 5 21 04 58 41923.80000 77.31100000 3243.85000 268.42000 32.17800 256.42600
13 5 21 04 59 41930.80000 77.41600000 3243.57000 268.20000 32.17800 256.42600
13 5 21 04 59 41963.40000 77.51700000 3247.09000 268.44000 32.17800 256.42600
13 5 21 04 59 41964.00000 77.78100000 3244.62000 268.98000 32.17800 256.42600
13 5 21 05 00 41982.60000 77.55800000 3247.10000 269.43000 32.17800 256.42600
13 5 21 05 00 42054.20000 77.34800000 3253.20000 269.93000 32.17800 258.38100
13 5 21 05 01 42076.00000 77.34800000 3260.51000 271.22000 32.17800 259.46300
13 5 21 05 01 42097.60000 77.41200000 3258.93000 271.36000 32.17800 258.57100
13 5 21 05 02 42115.60000 77.41200000 3263.78000 271.43000 32.17800 258.57100
13 5 21 05 02 42113.50000 77.91000000 3266.66000 271.71000 32.17800 259.61700
13 5 21 05 02 42100.50000 77.99800000 3264.00000 271.78000 32.17800 258.89400
13 5 21 05 03 42123.40000 78.00000000 3263.92000 271.78000 32.22200 258.89400
13 5 21 05 03 42114.00000 78.00000000 3263.17000 271.23000 32.22200 258.83000
13 5 21 05 04 42118.40000 77.90700000 3260.40000 271.47000 32.22200 259.23300
13 5 21 05 04 42074.30000 77.73500000 3258.34000 270.53000 32.22200 259.68000
13 5 21 05 05 42044.70000 77.59400000 3254.99000 270.52000 32.22200 259.68000
13 5 21 05 05 42016.00000 77.59300000 3250.00000 270.24000 32.22200 259.68000
13 5 21 05 05 42056.40000 77.50600000 3255.00000 270.57000 32.22200 259.68000
13 5 21 05 06 42101.20000 77.77300000 3263.40000 271.18000 32.22200 260.33000
13 5 21 05 06 42186.90000 78.12300000 3275.53000 271.61000 32.22200 259.97100
13 5 21 05 07 42182.30000 78.05600000 3272.52000 271.60000 32.22200 260.92000
13 5 21 05 07 42184.80000 77.82800000 3276.30000 271.54000 32.22200 260.92000
13 5 21 05 08 42184.80000 77.77600000 3278.02000 271.71000 32.22200 260.92000
13 5 21 05 08 42217.20000 77.92900000 3278.03000 271.54000 32.22200 260.31200
13 5 21 05 08 42217.10000 77.77300000 3276.45000 270.79000 32.02100 260.24600
13 5 21 05 09 42247.00000 77.85500000 3282.62000 271.05000 32.22200 260.24600
13 5 21 05 09 42250.60000 77.85500000 3285.00000 271.52000 32.22200 260.65600
13 5 21 05 10 42279.60000 77.80000000 3285.25000 271.77000 32.22200 260.96300
13 5 21 05 10 42280.10000 77.80000000 3283.68000 271.64000 32.22200 261.04000
13 5 21 05 11 42287.40000 77.96900000 3282.91000 272.02000 32.22200 261.04000
13 5 21 05 11 42250.10000 77.95500000 3281.45000 272.02000 32.34400 261.04000
13 5 21 05 11 42246.90000 77.77100000 3278.58000 271.74000 32.19100 261.04000
13 5 21 05 12 42243.60000 77.77100000 3280.69000 271.78000 32.19100 260.96800
13 5 21 05 12 42247.90000 77.77100000 3281.11000 271.97000 32.19100 261.02800
13 5 21 05 13 42230.10000 77.77100000 3280.48000 271.70000 32.19100 261.02800
13 5 21 05 13 42250.00000 77.93900000 3285.04000 272.03000 32.19100 261.19400
13 5 21 05 14 42262.30000 77.93900000 3286.91000 272.20000 32.19100 261.19400
13 5 21 05 14 42290.50000 77.93900000 3298.36000 272.31000 32.71900 261.88900
13 5 21 05 14 42250.20000 77.92500000 3290.06000 271.92000 32.67200 261.44700
13 5 21 05 15 42254.30000 77.92500000 3299.06000 272.18000 32.67200 261.44700
13 5 21 05 15 42256.90000 77.91500000 3294.88000 272.32000 32.67200 261.42400
13 5 21 05 16 42256.80000 77.87500000 3297.83000 272.41000 32.67200 261.42400
13 5 21 05 16 42252.70000 77.93000000 3298.43000 272.52000 32.67200 261.30400
13 5 21 05 17 42253.60000 77.86400000 3295.23000 272.18000 32.67200 261.30400
13 5 21 05 17 42250.10000 77.77100000 3289.46000 272.04000 32.66300 261.30400
13 5 21 05 17 42261.80000 77.89400000 3290.00000 272.04000 32.66300 261.30400
13 5 21 05 18 42268.10000 77.89400000 3294.07000 272.53000 32.66300 261.02200
13 5 21 05 18 42268.00000 77.89400000 3296.30000 272.62000 32.66300 261.02200
13 5 21 05 19 42313.50000 77.82800000 3299.55000 272.85000 32.66300 260.78300
13 5 21 05 19 42313.50000 77.82800000 3296.30000 272.84000 32.66300 260.78300
13 5 21 05 20 42313.50000 77.77100000 3290.57000 272.49000 32.66300 260.78300
13 5 21 05 20 42312.50000 77.77100000 3291.85000 272.81000 32.66300 260.78300
13 5 21 05 20 42325.70000 77.77100000 3296.13000 273.00000 32.66300 260.68900
13 5 21 05 21 42325.70000 77.77100000 3297.88000 273.02000 32.66300 260.68900
13 5 21 05 21 42330.30000 77.95300000 3303.53000 273.01000 32.71700 260.68900
13 5 21 05 22 42325.20000 77.95300000 3300.03000 273.02000 32.71700 260.34700
13 5 21 05 22 42293.20000 77.77100000 3300.71000 272.88000 32.71700 260.34700
13 5 21 05 23 42309.80000 77.62000000 3304.80000 273.16000 32.71700 260.02700
13 5 21 05 23 42314.80000 77.62000000 3306.70000 273.15000 32.71700 260.04700
13 5 21 05 23 42353.30000 77.88200000 3305.91000 273.34000 32.71700 260.82700
13 5 21 05 24 42353.60000 77.88200000 3301.12000 273.44000 32.71700 260.82700
13 5 21 05 24 42354.10000 77.98300000 3300.48000 273.16000 32.71700 259.70700
13 5 21 05 25 42377.20000 77.98300000 3302.43000 273.41000 32.71700 260.13000
13 5 21 05 25 42395.10000 78.00000000 3304.45000 273.42000 32.71700 260.13000
13 5 21 05 26 42399.30000 78.23900000 3308.08000 273.40000 32.71700 260.13000
13 5 21 05 26 42406.50000 78.23900000 3315.99000 273.54000 32.71700 261.49400
13 5 21 05 26 42395.30000 78.23900000 3312.50000 273.61000 32.71700 261.49400
13 5 21 05 27 42397.00000 78.23900000 3316.25000 273.80000 32.71700 261.49400
13 5 21 05 27 42413.30000 78.10600000 3314.72000 273.86000 32.71700 261.98500
13 5 21 05 28 42414.30000 78.20000000 3318.92000 273.90000 32.71700 261.97800
13 5 21 05 28 42428.60000 78.25400000 3319.00000 274.04000 32.71700 261.97800
13 5 21 05 29 42444.60000 78.26700000 3320.19000 274.04000 32.71700 261.97800
13 5 21 05 29 42460.20000 78.46100000 3323.46000 274.14000 32.71700 261.97800
13 5 21 05 29 42464.20000 78.20800000 3327.24000 274.34000 32.72000 261.97800
13 5 21 05 30 42464.20000 78.27800000 3325.91000 274.59000 32.72000 261.89600
13 5 21 05 30 42396.10000 78.00000000 3320.21000 274.44000 32.72000 261.89600
13 5 21 05 31 42365.90000 77.90500000 3316.65000 274.17000 32.72000 261.89600
13 5 21 05 31 42362.70000 77.90500000 3318.25000 274.18000 32.72000 261.89600
13 5 21 05 32 42378.40000 77.86500000 3319.42000 274.17000 32.72000 259.84000
13 5 21 05 32 42422.90000 78.00500000 3319.96000 274.18000 32.72000 259.84000
13 5 21 05 32 42423.10000 78.04300000 3310.00000 273.90000 32.72000 260.00000
13 5 21 05 33 42429.90000 78.04300000 3310.16000 273.79000 32.72000 260.00000
13 5 21 05 33 42467.90000 78.03400000 3313.87000 274.05000 32.72000 260.36300
13 5 21 05 34 42465.70000 78.03400000 3314.57000 274.34000 32.72000 260.36300
13 5 21 05 34 42431.90000 78.05700000 3313.31000 274.16000 32.72000 261.00000
13 5 21 05 35 42442.10000 77.99900000 3313.33000 274.57000 32.72000 261.00000
13 5 21 05 35 42439.80000 77.99900000 3311.16000 275.00000 32.72000 261.00000
13 5 21 05 35 42437.60000 77.99900000 3313.87000 275.00000 32.72000 261.00000
13 5 21 05 36 42427.10000 78.23000000 3313.28000 274.70000 32.72000 260.48000
13 5 21 05 36 42379.80000 78.00000000 3305.35000 274.68000 32.72000 260.48000
