M=[
15 7 21 21 57 26910.90000 37.07200000 1630.65000 106.23000 16.06000 85.55500
15 7 21 21 57 26891.00000 37.07500000 1631.23000 106.23000 16.06000 85.55500
15 7 21 21 57 26865.20000 37.07500000 1629.18000 106.23000 16.06000 85.55500
15 7 21 21 58 26865.20000 37.07500000 1627.43000 106.23000 16.06000 85.55500
15 7 21 21 58 26865.20000 37.08600000 1627.33000 106.23000 16.06000 85.55500
15 7 21 21 59 26858.90000 37.08600000 1627.48000 106.23000 16.06000 85.55500
15 7 21 21 59 26858.90000 37.08600000 1628.01000 106.23000 16.06000 85.55500
15 7 21 22 00 26813.80000 36.90800000 1624.81000 106.23000 16.06000 85.55500
15 7 21 22 00 26813.80000 36.90800000 1624.81000 105.96000 16.06000 85.55500
15 7 21 22 00 26825.80000 36.90800000 1625.00000 105.96000 16.06000 85.55500
15 7 21 22 01 26833.50000 36.90800000 1625.00000 105.96000 16.06000 85.55500
15 7 21 22 01 26833.50000 36.90800000 1624.83000 106.24000 16.06000 85.55500
15 7 21 22 02 26831.50000 36.90800000 1624.80000 106.24000 16.06000 85.55500
15 7 21 22 02 26831.50000 36.90800000 1624.64000 106.24000 16.06000 85.55500
15 7 21 22 03 26834.50000 36.90800000 1625.00000 106.24000 16.06000 85.55500
15 7 21 22 03 26841.60000 36.90800000 1624.34000 106.24000 16.06000 85.55500
15 7 21 22 03 26836.10000 36.90800000 1624.02000 106.24000 16.06000 85.55500
15 7 21 22 04 26831.50000 36.90800000 1622.43000 106.24000 16.06000 85.55500
15 7 21 22 04 26786.80000 36.90800000 1619.24000 106.24000 16.06000 85.55500
15 7 21 22 05 26817.20000 36.90800000 1621.38000 106.24000 16.06000 85.55500
15 7 21 22 05 26816.20000 36.90800000 1621.38000 106.24000 16.06000 85.55500
15 7 21 22 06 26815.00000 36.90800000 1624.29000 106.24000 16.06000 85.55500
15 7 21 22 06 26822.50000 36.90800000 1624.89000 106.24000 16.06000 85.55500
15 7 21 22 06 26828.00000 36.90800000 1624.83000 106.24000 16.06000 85.55500
15 7 21 22 07 26833.20000 36.90800000 1625.63000 106.24000 16.06000 85.55500
15 7 21 22 07 26826.00000 36.90800000 1625.63000 106.24000 16.06000 85.55500
15 7 21 22 08 26857.30000 36.90800000 1625.63000 106.66000 16.06000 85.55500
15 7 21 22 08 26852.90000 36.90800000 1625.80000 106.62000 16.06000 85.55500
15 7 21 22 09 26854.50000 36.90800000 1625.80000 106.62000 16.06000 85.55500
15 7 21 22 09 26865.00000 36.90800000 1627.08000 106.63000 16.06000 85.55500
15 7 21 22 10 26865.00000 36.90800000 1627.08000 106.65000 16.06000 85.32600
15 7 21 22 10 26884.50000 36.90800000 1627.92000 106.65000 16.06000 85.32600
15 7 21 22 10 26884.50000 36.90800000 1628.15000 106.65000 16.06000 85.32600
15 7 21 22 11 26891.00000 36.90800000 1628.15000 106.65000 16.06000 85.32600
15 7 21 22 11 26886.30000 36.90800000 1629.81000 106.80000 16.06000 85.32600
15 7 21 22 12 26896.30000 36.90800000 1630.16000 106.82000 16.06000 85.32600
15 7 21 22 12 26901.50000 36.90800000 1630.16000 106.82000 16.06000 85.32600
15 7 21 22 13 26901.60000 37.04700000 1630.16000 106.83000 16.06000 85.32600
15 7 21 22 13 26896.40000 37.04700000 1630.16000 106.83000 16.06000 85.32600
15 7 21 22 13 26873.60000 37.04700000 1627.63000 106.76000 16.06000 85.32600
15 7 21 22 14 26870.00000 37.04700000 1626.87000 106.69000 16.06000 85.45600
15 7 21 22 14 26871.80000 37.04700000 1626.87000 106.69000 16.06000 85.45600
15 7 21 22 15 26888.30000 37.04700000 1626.87000 106.69000 16.06000 85.45600
15 7 21 22 15 26921.50000 37.04700000 1628.18000 106.71000 16.06000 85.45600
15 7 21 22 16 26921.70000 37.04700000 1628.18000 106.71000 16.06000 85.45600
15 7 21 22 16 26941.90000 37.05400000 1628.18000 106.82000 16.06000 85.45600
15 7 21 22 16 26950.60000 37.05400000 1628.18000 106.82000 16.06000 85.45600
15 7 21 22 17 26924.50000 37.05400000 1628.18000 106.82000 16.06000 85.45600
15 7 21 22 17 26921.80000 37.05400000 1628.20000 106.82000 16.06000 85.45600
15 7 21 22 18 26932.10000 37.05400000 1629.14000 106.82000 16.06000 85.45600
15 7 21 22 18 26954.10000 37.05400000 1629.14000 106.82000 16.06000 85.45600
15 7 21 22 19 26947.40000 37.05400000 1628.78000 106.82000 16.06000 85.45600
15 7 21 22 19 26945.20000 37.05400000 1628.78000 106.82000 16.06000 85.45600
15 7 21 22 19 26939.40000 37.05400000 1628.78000 106.70000 16.06000 85.45600
15 7 21 22 20 26932.00000 37.05400000 1628.78000 106.63000 16.06000 85.45600
15 7 21 22 20 26932.00000 37.05400000 1628.19000 106.63000 16.06000 85.45600
15 7 21 22 21 26948.30000 37.05400000 1627.69000 106.63000 16.06000 85.45600
15 7 21 22 21 26935.10000 37.05400000 1627.19000 106.63000 16.06000 85.45600
15 7 21 22 22 26932.00000 37.05400000 1626.30000 106.63000 16.06000 85.45600
15 7 21 22 22 26938.60000 37.05400000 1627.26000 106.56000 16.06000 85.45600
15 7 21 22 22 26938.60000 37.05400000 1627.81000 106.56000 16.06000 85.45600
15 7 21 22 23 26953.90000 37.05400000 1627.45000 106.56000 16.06000 85.45600
15 7 21 22 23 26937.80000 37.05400000 1627.45000 106.56000 16.06000 85.45600
15 7 21 22 24 26932.00000 37.05400000 1627.45000 106.56000 16.06000 85.45600
15 7 21 22 24 26932.00000 37.05400000 1627.01000 106.56000 16.06000 85.45600
15 7 21 22 25 26932.00000 37.05400000 1625.61000 106.56000 16.06000 85.45600
15 7 21 22 25 26932.00000 37.05400000 1625.61000 106.56000 16.06000 85.45600
15 7 21 22 25 26921.70000 37.05400000 1625.61000 106.56000 16.06000 85.45600
15 7 21 22 26 26924.10000 37.05400000 1628.16000 106.56000 16.06000 85.45600
15 7 21 22 26 26930.80000 37.05400000 1631.42000 106.56000 16.06000 85.45600
15 7 21 22 27 26953.60000 37.05400000 1631.42000 106.56000 16.06000 85.45600
15 7 21 22 27 26947.80000 37.05400000 1630.74000 106.56000 16.06000 85.45600
15 7 21 22 28 26947.80000 37.05400000 1631.95000 106.56000 16.06000 85.45600
15 7 21 22 28 26954.10000 37.05400000 1631.95000 106.56000 16.06000 85.45600
15 7 21 22 28 26954.10000 37.05400000 1631.95000 106.56000 16.06000 85.45600
15 7 21 22 29 26942.00000 37.05400000 1631.95000 106.73000 16.06000 85.45600
15 7 21 22 29 26938.10000 37.05400000 1631.95000 106.73000 16.06000 85.45600
15 7 21 22 30 26934.60000 37.05400000 1630.27000 106.64000 16.06000 85.45600
15 7 21 22 30 26930.00000 37.05400000 1630.27000 106.64000 16.06000 85.45600
15 7 21 22 31 26932.00000 37.05400000 1630.27000 106.64000 16.06000 85.45600
15 7 21 22 31 26933.80000 37.05400000 1630.27000 106.64000 16.06000 85.45600
15 7 21 22 31 26932.00000 37.05400000 1630.93000 106.64000 16.06000 85.45600
15 7 21 22 32 26932.00000 37.05400000 1631.00000 106.50000 16.06000 85.45600
15 7 21 22 32 26922.90000 37.05400000 1630.31000 106.50000 16.06000 85.45600
15 7 21 22 33 26922.90000 36.97700000 1630.93000 106.50000 16.06000 85.45600
15 7 21 22 33 26923.00000 37.01800000 1630.85000 106.50000 16.06000 85.45600
15 7 21 22 34 26922.90000 37.01800000 1630.53000 106.44000 16.06000 85.45600
15 7 21 22 34 26922.90000 37.01800000 1631.05000 106.44000 16.06000 85.45600
15 7 21 22 34 26922.90000 37.01800000 1631.05000 106.47000 16.06000 85.45600
15 7 21 22 35 26913.20000 37.01800000 1631.05000 106.47000 16.30300 85.45600
15 7 21 22 35 26916.00000 37.01800000 1631.05000 106.47000 16.30300 85.45600
15 7 21 22 36 26916.00000 37.01800000 1631.62000 106.47000 16.30300 85.45600
15 7 21 22 36 26915.70000 37.01800000 1631.95000 106.44000 16.30300 85.45600
15 7 21 22 37 26915.60000 37.01800000 1634.18000 106.44000 16.30300 85.45600
15 7 21 22 37 26929.50000 37.01800000 1636.00000 106.44000 16.30300 85.45600
15 7 21 22 38 26929.50000 37.01800000 1636.00000 106.44000 16.30300 85.45600
15 7 21 22 38 26918.70000 37.01800000 1632.89000 106.44000 16.30300 85.45600
15 7 21 22 38 26902.70000 37.01800000 1632.89000 106.44000 16.30300 85.45600
15 7 21 22 39 26896.50000 37.01800000 1631.66000 106.40000 16.30300 85.45600
15 7 21 22 39 26896.40000 37.01800000 1631.35000 106.40000 16.30300 85.45600
15 7 21 22 40 26898.00000 37.01800000 1630.93000 106.40000 16.30300 85.45600
15 7 21 22 40 26886.80000 37.01800000 1629.57000 106.40000 16.30300 85.45600
15 7 21 22 41 26882.20000 37.01800000 1629.66000 106.40000 16.30300 85.45600
