M=[
 6 6 20 13 41 8574.80000 6.11100000 214.88000 41.64000 12.71500 46.57800
 6 6 20 13 41 8576.90000 6.09300000 214.88000 41.64000 12.71500 46.57800
 6 6 20 13 42 8579.40000 6.09300000 215.13000 41.64000 12.71500 46.57800
 6 6 20 13 42 8581.00000 6.09300000 215.03000 41.64000 12.71500 46.57800
 6 6 20 13 43 8580.90000 6.11200000 215.09000 41.64000 12.71500 46.57800
 6 6 20 13 43 8577.50000 6.11200000 215.05000 41.64000 12.71500 46.57800
 6 6 20 13 44 8577.20000 6.11200000 215.05000 41.64000 12.71500 46.57800
 6 6 20 13 44 8582.70000 6.11200000 214.94000 41.64000 12.71500 46.57800
 6 6 20 13 44 8579.40000 6.11200000 215.00000 41.64000 12.71500 46.57800
 6 6 20 13 45 8579.50000 6.11200000 215.00000 41.64000 12.71500 46.57800
 6 6 20 13 45 8580.90000 6.11200000 215.00000 41.64000 12.71500 46.57800
 6 6 20 13 46 8581.60000 6.11200000 215.07000 41.64000 12.71500 46.57800
 6 6 20 13 46 8582.70000 6.11200000 215.09000 41.64000 12.71500 46.57800
 6 6 20 13 47 8580.70000 6.11200000 215.01000 41.68000 12.71500 46.57800
 6 6 20 13 47 8582.20000 6.11200000 214.97000 41.68000 12.71500 46.57800
 6 6 20 13 48 8582.80000 6.11200000 214.97000 41.64000 12.71500 46.57800
 6 6 20 13 48 8581.70000 6.11200000 214.97000 41.64000 12.71500 46.57800
 6 6 20 13 49 8581.70000 6.11200000 214.97000 41.64000 12.71500 46.57800
 6 6 20 13 49 8578.50000 6.11200000 214.93000 41.64000 12.71500 46.49000
 6 6 20 13 49 8577.80000 6.11200000 214.81000 41.64000 12.71500 46.57800
 6 6 20 13 50 8579.10000 6.11200000 214.81000 41.64000 12.71500 46.57800
 6 6 20 13 50 8582.20000 6.11200000 214.85000 41.64000 12.71500 46.57800
 6 6 20 13 51 8583.10000 6.11200000 214.85000 41.64000 12.71500 46.57800
 6 6 20 13 51 8582.40000 6.11200000 214.85000 41.64000 12.71500 46.57800
 6 6 20 13 52 8583.00000 6.11200000 214.85000 41.64000 12.71500 46.57800
 6 6 20 13 52 8582.50000 6.11200000 215.01000 41.64000 12.71500 46.57800
 6 6 20 13 53 8582.50000 6.11200000 215.01000 41.68000 12.71500 46.57800
 6 6 20 13 53 8580.30000 6.11200000 215.00000 41.70000 12.71500 46.57800
 6 6 20 13 54 8580.00000 6.11200000 215.00000 41.70000 12.71500 46.57800
 6 6 20 13 54 8580.30000 6.09300000 214.83000 41.70000 12.71500 46.57800
 6 6 20 13 54 8581.20000 6.11200000 214.86000 41.70000 12.71500 46.57800
 6 6 20 13 55 8581.20000 6.10000000 214.81000 41.68000 12.71500 46.57800
 6 6 20 13 55 8580.30000 6.10000000 214.81000 41.70000 12.71500 46.57800
 6 6 20 13 56 8580.00000 6.10000000 214.74000 41.64000 12.71500 46.57800
 6 6 20 13 56 8580.00000 6.10000000 214.74000 41.70000 12.71500 46.57800
 6 6 20 13 57 8577.10000 6.10000000 214.74000 41.70000 12.71500 46.57800
 6 6 20 13 57 8570.90000 6.10000000 214.74000 41.70000 12.71500 46.57800
 6 6 20 13 58 8573.90000 6.10000000 214.59000 41.70000 12.71500 46.57800
 6 6 20 13 58 8572.80000 6.09300000 214.59000 41.65000 12.71500 46.57800
 6 6 20 13 59 8574.60000 6.10000000 214.59000 41.66000 12.71500 46.57800
 6 6 20 13 59 8574.60000 6.10000000 214.63000 41.66000 12.71500 46.57800
 6 6 20 14 00 8580.10000 6.10000000 214.63000 41.66000 12.71500 46.57800
 6 6 20 14 00 8577.00000 6.10000000 214.79000 41.66000 12.71500 46.57800
 6 6 20 14 01 8578.00000 6.10000000 214.79000 41.66000 12.71500 46.57800
 6 6 20 14 01 8578.40000 6.10000000 214.84000 41.66000 12.71500 46.57800
 6 6 20 14 01 8579.60000 6.09600000 214.86000 41.69000 12.71500 46.57800
 6 6 20 14 02 8580.00000 6.09600000 214.90000 41.70000 12.71500 46.49000
 6 6 20 14 02 8579.20000 6.09600000 214.90000 41.70000 12.71500 46.57800
 6 6 20 14 03 8579.20000 6.09600000 214.90000 41.70000 12.71500 46.57800
 6 6 20 14 03 8579.10000 6.09600000 214.90000 41.73000 12.71500 46.57800
 6 6 20 14 04 8583.40000 6.09600000 214.86000 41.73000 12.71500 46.57800
 6 6 20 14 04 8581.50000 6.09600000 214.87000 41.73000 12.71500 46.57800
 6 6 20 14 05 8585.10000 6.09600000 214.87000 41.73000 12.71500 46.57800
 6 6 20 14 05 8587.00000 6.09600000 214.88000 41.73000 12.71500 46.57800
 6 6 20 14 06 8583.70000 6.09600000 214.88000 41.73000 12.71500 46.57800
 6 6 20 14 06 8591.30000 6.09600000 214.90000 41.73000 12.71500 46.57800
 6 6 20 14 07 8588.00000 6.09600000 214.88000 41.73000 12.71500 46.57800
 6 6 20 14 07 8588.70000 6.09600000 214.90000 41.73000 12.71500 46.57800
 6 6 20 14 08 8589.70000 6.09600000 214.90000 41.73000 12.71500 46.57800
 6 6 20 14 08 8590.90000 6.09600000 214.90000 41.73000 12.71500 46.57800
 6 6 20 14 09 8591.40000 6.09600000 214.90000 41.73000 12.71500 46.57800
 6 6 20 14 09 8588.00000 6.10000000 214.90000 41.73000 12.71500 46.57800
 6 6 20 14 09 8592.00000 6.09600000 214.90000 41.70000 12.71500 46.57800
 6 6 20 14 10 8590.70000 6.09600000 214.90000 41.73000 12.71500 46.57800
 6 6 20 14 10 8590.90000 6.09600000 214.90000 41.70000 12.71500 46.57800
 6 6 20 14 11 8592.20000 6.09600000 214.90000 41.74000 12.71500 46.57800
 6 6 20 14 11 8592.30000 6.09600000 214.90000 41.74000 12.71500 46.57800
 6 6 20 14 12 8590.60000 6.09600000 214.90000 41.74000 12.71500 46.57800
 6 6 20 14 12 8590.60000 6.10000000 214.90000 41.74000 12.71000 46.57800
 6 6 20 14 13 8590.80000 6.09600000 214.90000 41.74000 12.71000 46.57800
 6 6 20 14 13 8590.60000 6.09600000 214.90000 41.74000 12.71000 46.57800
 6 6 20 14 13 8591.70000 6.09600000 214.90000 41.74000 12.71000 46.57800
 6 6 20 14 14 8591.70000 6.09600000 214.90000 41.73000 12.71000 46.57800
 6 6 20 14 14 8593.80000 6.09600000 214.90000 41.74000 12.71500 46.49000
 6 6 20 14 15 8590.50000 6.09600000 214.90000 41.73000 12.71000 46.57800
 6 6 20 14 15 8588.80000 6.09600000 214.90000 41.73000 12.71000 46.57800
 6 6 20 14 16 8586.60000 6.10000000 214.90000 41.73000 12.71000 46.76900
 6 6 20 14 16 8586.50000 6.09600000 214.73000 41.73000 12.71000 46.76900
 6 6 20 14 17 8586.50000 6.09600000 214.74000 41.70000 12.71000 46.62100
 6 6 20 14 17 8586.40000 6.09600000 214.74000 41.73000 12.71000 46.62100
 6 6 20 14 18 8583.50000 6.09600000 214.74000 41.67000 12.71000 46.62100
 6 6 20 14 18 8582.00000 6.09600000 214.74000 41.67000 12.71000 46.62100
 6 6 20 14 18 8582.00000 6.09600000 214.74000 41.67000 12.71000 46.62100
 6 6 20 14 19 8582.40000 6.09600000 214.73000 41.67000 12.71000 46.62100
 6 6 20 14 19 8582.00000 6.09600000 214.71000 41.67000 12.71000 46.62100
 6 6 20 14 20 8582.00000 6.09600000 214.71000 41.67000 12.71000 46.62400
 6 6 20 14 20 8582.10000 6.09600000 214.71000 41.67000 12.71000 46.62400
 6 6 20 14 21 8581.40000 6.09600000 214.76000 41.67000 12.71000 46.62400
 6 6 20 14 21 8582.10000 6.09600000 214.76000 41.67000 12.71000 46.62400
 6 6 20 14 22 8582.00000 6.09600000 214.74000 41.67000 12.71000 46.62400
 6 6 20 14 22 8582.00000 6.09600000 214.76000 41.67000 12.71000 46.62400
 6 6 20 14 22 8582.00000 6.09600000 214.76000 41.67000 12.71500 46.62400
 6 6 20 14 23 8582.10000 6.09600000 214.51000 41.67000 12.71000 46.62400
 6 6 20 14 23 8582.10000 6.09600000 214.51000 41.67000 12.71000 46.62400
 6 6 20 14 24 8582.00000 6.09600000 214.57000 41.67000 12.71000 46.62400
 6 6 20 14 24 8582.10000 6.09600000 214.59000 41.67000 12.71000 46.62400
 6 6 20 14 25 8582.10000 6.09600000 214.59000 41.67000 12.71000 46.62400
 6 6 20 14 25 8582.10000 6.09600000 214.59000 41.67000 12.71000 46.62400
 6 6 20 14 26 8582.10000 6.09600000 214.59000 41.67000 12.71000 46.62400
 6 6 20 14 26 8582.10000 6.09600000 214.65000 41.67000 12.71000 46.62400
 6 6 20 14 27 8582.00000 6.10000000 214.60000 41.67000 12.71000 46.62400
 6 6 20 14 27 8580.40000 6.09600000 214.59000 41.67000 12.71000 46.62400
 6 6 20 14 27 8580.40000 6.09600000 214.59000 41.73000 12.71000 46.62400
 6 6 20 14 28 8580.10000 6.09600000 214.60000 41.67000 12.71000 46.62400
 6 6 20 14 28 8578.50000 6.09600000 214.58000 41.67000 12.71000 46.62400
 6 6 20 14 29 8578.60000 6.09600000 214.54000 41.74000 12.71000 46.62400
 6 6 20 14 29 8578.60000 6.09600000 214.54000 41.67000 12.71000 46.62400
 6 6 20 14 30 8578.60000 6.09600000 214.59000 41.67000 12.71000 46.62400
 6 6 20 14 30 8578.60000 6.09600000 214.54000 41.67000 12.71000 46.62400
