M=[
19 12 20 02 14 18807.30000 5.27700000 529.93000 88.41000 15.53000 59.72000
19 12 20 02 14 18807.30000 5.27700000 529.75000 88.41000 15.53000 59.72000
19 12 20 02 15 18809.90000 5.27700000 529.81000 88.41000 15.53000 59.72000
19 12 20 02 15 18805.20000 5.27700000 529.81000 88.28000 15.53000 59.82300
19 12 20 02 16 18805.00000 5.27700000 529.79000 88.28000 15.53000 59.82300
19 12 20 02 16 18805.40000 5.27700000 529.79000 88.38000 15.56900 59.82300
19 12 20 02 17 18805.40000 5.27700000 529.81000 88.38000 15.56900 59.82300
19 12 20 02 17 18802.90000 5.27700000 530.00000 88.38000 15.56900 59.82300
19 12 20 02 17 18789.90000 5.27700000 529.78000 88.34000 15.56900 59.82300
19 12 20 02 18 18793.90000 5.27700000 529.78000 88.34000 15.56900 59.82300
19 12 20 02 18 18787.30000 5.27700000 529.89000 88.33000 15.51000 59.82300
19 12 20 02 19 18788.60000 5.27700000 529.89000 88.33000 15.51000 59.82300
19 12 20 02 19 18786.50000 5.27700000 529.91000 88.25000 15.51000 59.82300
19 12 20 02 20 18785.10000 5.27700000 529.91000 88.25000 15.51000 59.82300
19 12 20 02 20 18782.60000 5.27700000 529.91000 88.25000 15.58900 59.82300
19 12 20 02 20 18785.40000 5.27700000 529.91000 88.25000 15.50000 59.82300
19 12 20 02 21 18785.40000 5.26100000 530.00000 88.28000 15.50000 59.82300
19 12 20 02 21 18810.10000 5.26100000 530.00000 88.28000 15.50000 59.82300
19 12 20 02 22 18807.60000 5.26100000 530.00000 88.29000 15.50000 59.82300
19 12 20 02 22 18810.50000 5.26100000 530.39000 88.29000 15.50000 59.82300
19 12 20 02 23 18810.50000 5.26100000 530.39000 88.29000 15.50000 59.82300
19 12 20 02 23 18810.50000 5.26100000 530.51000 88.29000 15.50000 59.82300
19 12 20 02 23 18810.50000 5.26100000 530.51000 88.29000 15.50000 59.82300
19 12 20 02 24 18809.70000 5.26100000 530.51000 88.29000 15.46400 59.82300
19 12 20 02 24 18809.70000 5.26100000 530.51000 88.29000 15.48000 59.82300
19 12 20 02 25 18820.00000 5.26100000 530.51000 88.29000 15.46400 59.82300
19 12 20 02 25 18820.00000 5.26100000 530.51000 88.29000 15.46400 59.82300
19 12 20 02 26 18828.00000 5.26100000 530.68000 88.29000 15.46400 59.82300
19 12 20 02 26 18834.50000 5.26100000 530.92000 88.34000 15.46400 59.82300
19 12 20 02 26 18819.60000 5.26100000 531.08000 88.40000 15.46400 59.82300
19 12 20 02 27 18819.60000 5.26100000 531.08000 88.40000 15.46400 59.82300
19 12 20 02 27 18818.20000 5.26100000 530.87000 88.40000 15.46400 59.82300
19 12 20 02 28 18818.00000 5.26100000 530.72000 88.40000 15.46400 59.82300
19 12 20 02 28 18818.00000 5.26100000 530.72000 88.29000 15.46400 59.82300
19 12 20 02 29 18801.30000 5.26100000 529.85000 88.20000 15.37500 59.82300
19 12 20 02 29 18801.30000 5.26100000 529.85000 88.20000 15.37500 59.82300
19 12 20 02 29 18797.50000 5.26100000 529.85000 88.15000 15.37500 59.82300
19 12 20 02 30 18804.80000 5.26100000 529.85000 88.23000 15.48100 59.82300
19 12 20 02 30 18809.50000 5.26100000 530.25000 88.23000 15.48100 59.82300
19 12 20 02 31 18809.50000 5.26100000 530.25000 88.23000 15.48100 59.82300
19 12 20 02 31 18819.90000 5.26100000 530.33000 88.23000 15.43000 59.82300
19 12 20 02 32 18834.50000 5.26100000 530.49000 88.23000 15.43000 59.82300
19 12 20 02 32 18834.50000 5.26100000 530.49000 88.23000 15.43000 59.82300
19 12 20 02 32 18813.60000 5.26100000 530.49000 88.23000 15.43000 59.82300
19 12 20 02 33 18817.40000 5.26100000 530.49000 88.23000 15.43000 59.82300
19 12 20 02 33 18817.40000 5.26100000 530.49000 88.21000 15.43000 59.82300
19 12 20 02 34 18833.60000 5.26100000 530.49000 88.21000 15.43000 59.82300
19 12 20 02 34 18827.10000 5.26100000 530.18000 88.14000 15.43000 59.82300
19 12 20 02 35 18827.40000 5.26100000 530.51000 88.14000 15.43000 59.82300
19 12 20 02 35 18834.40000 5.26100000 530.60000 88.14000 15.43000 59.82300
19 12 20 02 35 18834.40000 5.26100000 530.67000 88.06000 15.43000 59.82300
19 12 20 02 36 18833.70000 5.26100000 530.89000 88.04000 15.43000 59.82300
19 12 20 02 36 18834.10000 5.26100000 530.89000 88.04000 15.43000 59.82300
19 12 20 02 37 18830.00000 5.26100000 530.89000 87.96000 15.43000 59.82300
19 12 20 02 37 18830.00000 5.26100000 530.89000 87.96000 15.43000 59.82300
19 12 20 02 38 18832.30000 5.26100000 530.64000 87.96000 15.43000 59.82300
19 12 20 02 38 18834.40000 5.26100000 530.64000 87.96000 15.43000 59.82300
19 12 20 02 38 18834.40000 5.26100000 530.75000 87.96000 15.43000 59.82300
19 12 20 02 39 18833.90000 5.26100000 530.58000 87.96000 15.37400 59.82300
19 12 20 02 39 18834.10000 5.26100000 530.58000 87.96000 15.37400 59.82300
19 12 20 02 40 18831.60000 5.26100000 530.58000 87.96000 15.41000 59.82300
19 12 20 02 40 18839.90000 5.26100000 530.58000 87.96000 15.36800 59.82300
19 12 20 02 41 18839.90000 5.26100000 530.58000 87.96000 15.36800 59.82300
19 12 20 02 41 18839.90000 5.26100000 530.75000 87.96000 15.36800 59.82300
19 12 20 02 41 18839.90000 5.26100000 530.76000 87.96000 15.36800 59.82300
19 12 20 02 42 18839.90000 5.26100000 530.79000 87.96000 15.36800 59.82300
19 12 20 02 42 18839.90000 5.26100000 531.29000 87.96000 15.36800 59.82300
19 12 20 02 43 18853.80000 5.26100000 531.84000 87.96000 15.36800 59.82300
19 12 20 02 43 18853.90000 5.26100000 531.71000 87.96000 15.36800 59.82300
19 12 20 02 44 18860.00000 5.26100000 531.75000 87.96000 15.32900 59.82300
19 12 20 02 44 18885.80000 5.26100000 531.86000 88.17000 15.32900 59.82300
19 12 20 02 44 18886.90000 5.26100000 531.86000 88.28000 15.32900 59.82300
19 12 20 02 45 18864.20000 5.26100000 531.67000 88.44000 15.32900 59.82300
19 12 20 02 45 18888.00000 5.26100000 531.61000 88.44000 15.32900 59.82300
19 12 20 02 46 18890.70000 5.26100000 531.61000 88.44000 15.32900 59.82300
19 12 20 02 46 18885.50000 5.26100000 532.12000 88.44000 15.32900 59.82300
19 12 20 02 47 18889.00000 5.26100000 532.12000 88.44000 15.32900 59.82300
19 12 20 02 47 18883.40000 5.26100000 532.12000 88.44000 15.33000 59.82300
19 12 20 02 47 18883.40000 5.23800000 532.11000 88.44000 15.33000 59.82300
19 12 20 02 48 18880.10000 5.26000000 532.12000 88.44000 15.33000 59.82300
19 12 20 02 48 18883.90000 5.26000000 532.22000 88.44000 15.28100 59.82300
19 12 20 02 49 18874.20000 5.26000000 532.35000 88.44000 15.28100 59.82300
19 12 20 02 49 18871.20000 5.26000000 532.66000 88.44000 15.28100 59.82300
19 12 20 02 50 18874.00000 5.26000000 533.84000 88.45000 15.28100 59.82300
19 12 20 02 50 18874.00000 5.26000000 533.80000 88.52000 15.28100 59.82300
19 12 20 02 50 18874.00000 5.26000000 533.77000 88.44000 15.28100 59.82300
19 12 20 02 51 18873.90000 5.26000000 533.77000 88.44000 15.28100 59.82300
19 12 20 02 51 18873.90000 5.26000000 533.99000 88.44000 15.28100 59.82300
19 12 20 02 52 18873.90000 5.26000000 533.98000 88.44000 15.28100 59.82300
19 12 20 02 52 18874.00000 5.26000000 533.99000 88.44000 15.28100 59.82300
19 12 20 02 53 18874.00000 5.26000000 534.82000 88.44000 15.28100 59.82300
19 12 20 02 53 18872.10000 5.26000000 534.61000 88.44000 15.28100 59.82300
19 12 20 02 53 18872.10000 5.26000000 534.83000 88.45000 15.28100 59.82300
19 12 20 02 54 18874.00000 5.26000000 535.27000 88.61000 15.28100 60.06100
19 12 20 02 54 18874.00000 5.26000000 535.62000 88.61000 15.22000 60.06100
19 12 20 02 55 18889.90000 5.26000000 535.71000 88.69000 15.22000 60.06100
19 12 20 02 55 18889.90000 5.26000000 535.71000 88.69000 15.22000 60.06100
19 12 20 02 56 18893.00000 5.26000000 535.34000 88.69000 15.22000 60.06100
19 12 20 02 56 18890.10000 5.26000000 535.07000 88.62000 15.22000 60.06100
19 12 20 02 56 18887.40000 5.26000000 534.76000 88.62000 15.42100 60.06100
19 12 20 02 57 18893.00000 5.26000000 534.76000 88.62000 15.42100 60.06100
19 12 20 02 57 18893.00000 5.26000000 535.39000 88.62000 15.42100 60.06100
19 12 20 02 58 18894.00000 5.26000000 535.66000 88.62000 15.42100 60.06100
19 12 20 02 58 18899.10000 5.26000000 535.86000 88.78000 15.42100 60.06100
19 12 20 02 59 18899.90000 5.26000000 535.86000 88.78000 15.42100 60.06100
19 12 20 02 59 18899.90000 5.26000000 535.86000 88.78000 15.46700 60.20000
