M=[
26 2 21 13 37 38369.80000 8.74300000 1214.77000 141.80000 25.43300 98.94000
26 2 21 13 37 38382.80000 8.74300000 1213.51000 141.30000 25.43300 98.94000
26 2 21 13 38 38382.90000 8.74300000 1213.15000 141.30000 25.43300 98.71600
26 2 21 13 38 38313.80000 8.74300000 1213.01000 141.30000 25.43300 98.67600
26 2 21 13 39 38399.90000 8.74300000 1214.25000 141.30000 25.43300 98.09900
26 2 21 13 39 38393.50000 8.74300000 1213.98000 141.51000 25.43300 98.42000
26 2 21 13 40 38334.30000 8.74300000 1213.00000 141.51000 25.43300 98.42000
26 2 21 13 40 38288.90000 8.74300000 1211.30000 141.07000 25.43300 97.94000
26 2 21 13 40 38233.00000 8.74300000 1211.05000 141.00000 25.43300 98.43500
26 2 21 13 41 38231.30000 8.74300000 1210.32000 140.71000 25.75800 98.43500
26 2 21 13 41 38177.20000 8.74300000 1209.01000 140.68000 25.75800 98.43500
26 2 21 13 42 38206.80000 8.73000000 1210.54000 140.90000 25.75800 98.43500
26 2 21 13 42 38218.70000 8.73000000 1211.55000 140.84000 25.75800 98.43500
26 2 21 13 43 38211.80000 8.73000000 1211.65000 140.90000 25.75800 98.39500
26 2 21 13 43 38181.80000 8.73000000 1211.60000 140.98000 25.75800 98.39500
26 2 21 13 43 38207.80000 8.73000000 1211.36000 141.10000 25.75800 98.39500
26 2 21 13 44 38182.40000 8.73000000 1212.72000 141.20000 25.75800 98.39500
26 2 21 13 44 38188.60000 8.73000000 1210.84000 140.92000 25.75800 98.39500
26 2 21 13 45 38188.60000 8.73000000 1210.65000 140.92000 25.75800 98.39500
26 2 21 13 45 38197.70000 8.73000000 1210.65000 140.86000 25.75800 98.39500
26 2 21 13 46 38197.70000 8.73000000 1211.98000 141.11000 25.75800 98.39500
26 2 21 13 46 38206.20000 8.73000000 1212.73000 141.29000 25.75800 98.39500
26 2 21 13 46 38188.70000 8.73000000 1212.27000 141.29000 25.75800 98.39500
26 2 21 13 47 38200.50000 8.73000000 1212.94000 140.99000 25.75800 98.58300
26 2 21 13 47 38222.10000 8.73000000 1212.80000 140.99000 25.75800 98.52400
26 2 21 13 48 38269.90000 8.73000000 1214.27000 140.99000 25.75800 98.52400
26 2 21 13 48 38332.50000 8.73000000 1215.15000 140.99000 25.75800 98.52400
26 2 21 13 49 38359.80000 8.73000000 1216.32000 141.96000 25.75800 98.52400
26 2 21 13 49 38430.00000 8.73000000 1219.06000 142.21000 25.75800 98.52400
26 2 21 13 49 38441.30000 8.73000000 1219.11000 142.21000 25.75800 98.52400
26 2 21 13 50 38375.70000 8.73000000 1218.02000 142.10000 25.75800 98.52400
26 2 21 13 50 38328.20000 8.73000000 1216.87000 141.69000 25.75800 98.52400
26 2 21 13 51 38388.30000 8.78200000 1218.17000 141.58000 25.75800 98.52400
26 2 21 13 51 38455.70000 8.78200000 1219.06000 141.58000 25.75800 98.78600
26 2 21 13 52 38465.10000 8.78200000 1220.95000 141.58000 25.75800 98.78600
26 2 21 13 52 38466.00000 8.78200000 1221.45000 141.58000 25.75800 98.92300
26 2 21 13 52 38467.60000 8.86700000 1220.15000 141.58000 25.75800 98.92200
26 2 21 13 53 38466.70000 8.86700000 1220.97000 142.21000 25.75800 98.92200
26 2 21 13 53 38468.80000 8.86700000 1220.36000 142.16000 25.75800 98.92200
26 2 21 13 54 38414.70000 8.86700000 1220.01000 142.16000 25.75800 98.92200
26 2 21 13 54 38421.10000 8.86700000 1220.39000 142.16000 25.75800 98.92200
26 2 21 13 55 38412.60000 8.87500000 1219.29000 142.16000 25.75800 98.92200
26 2 21 13 55 38418.40000 8.87500000 1219.29000 142.39000 25.75800 98.92200
26 2 21 13 55 38380.60000 8.87500000 1217.91000 142.39000 25.75800 98.92200
26 2 21 13 56 38350.10000 8.87500000 1217.27000 142.39000 25.75800 98.92200
26 2 21 13 56 38312.40000 8.87500000 1215.74000 141.86000 25.75800 98.92200
26 2 21 13 57 38305.10000 8.87500000 1215.23000 141.81000 25.75800 98.92200
26 2 21 13 57 38259.90000 8.87500000 1215.00000 141.55000 25.75800 98.92200
26 2 21 13 57 38200.10000 8.87500000 1212.51000 141.44000 25.75800 98.92200
26 2 21 13 58 38119.50000 8.87500000 1211.01000 141.29000 25.75800 98.92200
26 2 21 13 58 38073.80000 8.87500000 1208.01000 141.00000 25.75800 97.81000
26 2 21 13 59 38030.60000 8.87500000 1208.17000 140.61000 25.75800 97.81000
26 2 21 13 59 37917.70000 8.87500000 1205.83000 140.10000 25.75800 97.81000
26 2 21 14 00 37955.30000 8.87500000 1207.21000 140.13000 25.75800 97.85700
26 2 21 14 00 37944.00000 8.87500000 1205.91000 139.99000 25.75800 97.85700
26 2 21 14 01 37983.80000 8.77500000 1208.17000 140.37000 25.75800 97.85700
26 2 21 14 01 38106.40000 8.81400000 1211.31000 141.16000 25.75800 97.85700
26 2 21 14 01 38042.20000 8.81400000 1209.69000 140.89000 25.75800 97.85700
26 2 21 14 02 38089.70000 8.81400000 1212.55000 141.21000 25.75800 97.85700
26 2 21 14 02 38137.90000 8.81400000 1214.95000 141.44000 25.75800 97.85700
26 2 21 14 03 38149.60000 8.81400000 1216.19000 142.01000 25.75800 97.85700
26 2 21 14 03 38152.20000 8.81400000 1216.97000 142.09000 25.75700 97.85700
26 2 21 14 04 38207.90000 8.81400000 1218.15000 142.27000 25.75700 97.85700
26 2 21 14 04 38258.10000 8.88300000 1219.79000 142.70000 25.75700 98.69600
26 2 21 14 04 38267.60000 8.89400000 1219.74000 142.91000 25.75700 98.69600
26 2 21 14 05 38268.10000 8.89400000 1219.83000 143.00000 25.75700 98.69600
26 2 21 14 05 38298.70000 8.89400000 1220.50000 143.27000 25.75700 98.69600
26 2 21 14 06 38281.30000 8.89400000 1220.59000 143.26000 25.75700 98.69600
26 2 21 14 06 38205.20000 8.89400000 1218.91000 142.73000 25.75700 98.69600
26 2 21 14 06 38296.60000 8.89400000 1222.31000 143.13000 25.75700 98.69600
26 2 21 14 07 38317.90000 8.89400000 1222.87000 143.46000 25.75700 98.69600
26 2 21 14 07 38251.30000 8.89400000 1220.96000 143.12000 25.75700 98.81300
26 2 21 14 08 38186.90000 8.89400000 1219.44000 142.87000 25.75700 98.81300
26 2 21 14 08 38159.00000 8.89400000 1218.25000 142.87000 25.75700 98.81300
26 2 21 14 09 38189.40000 8.89400000 1218.69000 142.44000 25.75700 98.81300
26 2 21 14 09 38249.40000 8.89400000 1221.37000 142.86000 25.75700 98.81300
26 2 21 14 09 38223.30000 8.89400000 1221.77000 142.90000 25.75700 98.81300
26 2 21 14 10 38150.10000 8.89400000 1219.77000 142.83000 25.75700 98.81300
26 2 21 14 10 38150.00000 8.86700000 1220.12000 142.41000 25.43100 98.81300
26 2 21 14 11 38140.00000 8.86700000 1218.75000 142.41000 25.43100 98.81300
26 2 21 14 11 38092.70000 8.86700000 1217.23000 142.09000 25.43100 98.81300
26 2 21 14 12 38042.30000 8.86700000 1214.92000 141.84000 25.43100 98.81300
26 2 21 14 12 38031.00000 8.86700000 1213.57000 141.67000 25.43100 98.81300
26 2 21 14 12 37952.00000 8.86700000 1211.90000 141.35000 25.43100 98.81300
26 2 21 14 13 37970.50000 8.86700000 1211.61000 141.77000 25.43100 98.81300
26 2 21 14 13 38069.00000 8.86700000 1216.07000 142.07000 25.43100 98.21000
26 2 21 14 14 38184.50000 8.86700000 1219.47000 142.07000 25.43100 98.21000
26 2 21 14 14 38104.60000 8.87300000 1217.78000 142.07000 25.43100 98.21000
26 2 21 14 15 37994.50000 8.87300000 1217.92000 142.07000 25.43100 98.24000
26 2 21 14 15 37989.80000 8.87300000 1214.08000 141.45000 25.43100 98.24000
26 2 21 14 15 38073.50000 8.87300000 1215.95000 141.64000 25.43100 98.19900
26 2 21 14 16 38154.60000 8.87300000 1219.12000 142.46000 25.43100 98.19900
26 2 21 14 16 38251.20000 8.87300000 1221.00000 142.58000 25.43100 98.19900
26 2 21 14 17 38169.80000 8.86700000 1221.21000 142.14000 25.43100 98.19900
26 2 21 14 17 38255.30000 8.86700000 1220.75000 142.65000 25.43100 98.19900
26 2 21 14 18 38247.20000 8.86700000 1222.93000 142.65000 25.43100 98.19900
26 2 21 14 18 38264.20000 8.86700000 1225.99000 143.04000 25.43100 98.19900
26 2 21 14 18 38276.60000 8.86700000 1226.59000 143.27000 25.43100 98.19900
26 2 21 14 19 38317.40000 8.86700000 1227.19000 143.50000 25.43100 98.19900
26 2 21 14 19 38327.80000 8.86700000 1226.72000 143.50000 25.43100 98.19900
26 2 21 14 20 38350.80000 8.86700000 1226.97000 143.50000 25.43100 98.19900
26 2 21 14 20 38316.70000 8.86700000 1224.88000 143.19000 25.43100 98.19900
26 2 21 14 21 38350.40000 8.91500000 1226.88000 143.50000 25.43100 98.19900
26 2 21 14 21 38342.80000 8.91500000 1226.90000 143.15000 25.43100 98.19900
26 2 21 14 21 38327.80000 8.91500000 1226.37000 143.15000 25.43100 98.19900
