M=[
22 3 21 02 26 47942.70000 9.87300000 1494.80000 162.56000 27.43000 123.08000
22 3 21 02 26 47942.80000 9.87300000 1494.80000 162.58000 27.43000 123.10100
22 3 21 02 27 47936.90000 9.87300000 1492.83000 162.58000 27.43000 123.10100
22 3 21 02 27 47936.80000 9.87300000 1492.83000 162.66000 27.43000 123.10100
22 3 21 02 27 47936.90000 9.87300000 1492.83000 162.66000 27.43000 123.10100
22 3 21 02 28 47947.60000 9.87300000 1492.83000 162.66000 27.43000 123.10100
22 3 21 02 28 47930.90000 9.87300000 1492.83000 162.66000 27.43000 123.10100
22 3 21 02 29 47935.60000 9.87300000 1492.83000 162.66000 27.43000 123.10100
22 3 21 02 29 47927.60000 9.87300000 1492.83000 162.52000 27.43000 123.10100
22 3 21 02 30 47949.00000 9.87300000 1492.83000 162.62000 27.43000 123.10100
22 3 21 02 30 47949.00000 9.87300000 1492.83000 162.62000 27.43000 123.10100
22 3 21 02 30 47936.70000 9.87300000 1492.83000 162.55000 27.43000 123.10100
22 3 21 02 31 47901.70000 9.87300000 1491.41000 162.55000 27.43000 123.10100
22 3 21 02 31 47901.90000 9.87300000 1491.41000 162.55000 27.43000 123.10100
22 3 21 02 32 47935.50000 9.87300000 1491.41000 162.55000 27.43000 123.10100
22 3 21 02 32 47887.90000 9.87300000 1491.41000 162.40000 27.43000 123.10100
22 3 21 02 33 47887.90000 9.87300000 1491.41000 162.40000 27.43000 123.10100
22 3 21 02 33 47887.90000 9.87300000 1491.41000 162.40000 27.43000 123.10100
22 3 21 02 33 47942.00000 9.87300000 1491.41000 162.40000 27.43000 123.10100
22 3 21 02 34 47959.70000 9.87300000 1492.19000 162.40000 27.43000 123.10100
22 3 21 02 34 47959.70000 9.87300000 1492.20000 162.40000 27.43000 123.10100
22 3 21 02 35 47999.30000 9.87300000 1492.20000 162.66000 27.43000 123.10100
22 3 21 02 35 47999.30000 9.87300000 1492.20000 162.66000 27.43000 123.10100
22 3 21 02 36 48047.30000 9.87300000 1492.20000 162.76000 27.43000 123.10100
22 3 21 02 36 48014.80000 9.87300000 1492.20000 162.76000 27.43000 123.10100
22 3 21 02 36 48007.10000 9.87300000 1492.20000 162.76000 27.43000 123.10100
22 3 21 02 37 48002.30000 9.87300000 1492.20000 162.76000 27.43000 123.10100
22 3 21 02 37 47995.00000 9.87300000 1492.20000 162.78000 27.43000 123.10100
22 3 21 02 38 47995.00000 9.87300000 1492.20000 162.78000 27.43000 123.10100
22 3 21 02 38 47983.90000 9.87300000 1492.20000 162.60000 27.43000 123.10100
22 3 21 02 39 47970.50000 9.87300000 1492.20000 162.60000 27.43000 123.10100
22 3 21 02 39 47968.30000 9.87300000 1492.20000 162.60000 27.43000 123.10100
22 3 21 02 39 47963.80000 9.87300000 1491.45000 162.60000 27.43000 123.10100
22 3 21 02 40 47963.80000 9.87300000 1492.19000 162.60000 27.43000 123.10100
22 3 21 02 40 47973.80000 9.87300000 1492.19000 162.60000 27.43000 123.10100
22 3 21 02 41 47988.80000 9.87300000 1492.19000 162.60000 27.43000 123.10100
22 3 21 02 41 47966.60000 9.87300000 1492.19000 162.60000 27.43000 123.10100
22 3 21 02 42 47962.00000 9.87300000 1492.19000 162.60000 27.43000 123.47000
22 3 21 02 42 47959.00000 9.87300000 1492.19000 162.60000 27.43000 123.47000
22 3 21 02 42 47952.50000 9.87300000 1492.19000 162.60000 27.43000 123.47000
22 3 21 02 43 47943.00000 9.87300000 1492.19000 162.60000 27.43000 123.47000
22 3 21 02 43 47932.20000 9.87300000 1492.19000 162.48000 27.43000 123.47000
22 3 21 02 44 47932.20000 9.87300000 1489.80000 162.48000 27.43000 123.47000
22 3 21 02 44 47943.80000 9.87300000 1490.18000 162.48000 27.43000 123.47000
22 3 21 02 45 47977.30000 9.87300000 1490.60000 162.48000 27.43000 123.47000
22 3 21 02 45 47977.40000 9.87300000 1490.60000 162.48000 27.43000 123.47000
22 3 21 02 45 47953.70000 9.87300000 1490.60000 162.48000 27.43000 123.47000
22 3 21 02 46 47938.40000 9.87300000 1490.50000 162.48000 27.43000 123.47000
22 3 21 02 46 47932.30000 9.87300000 1490.50000 162.40000 27.43000 123.47000
22 3 21 02 47 47932.30000 9.87300000 1490.22000 162.40000 27.43000 123.47000
22 3 21 02 47 47938.60000 9.87300000 1490.36000 162.40000 27.43000 123.47000
22 3 21 02 48 47949.60000 9.87300000 1490.55000 162.40000 27.43000 123.47000
22 3 21 02 48 47958.00000 9.87300000 1490.55000 162.44000 27.43000 123.47000
22 3 21 02 48 47958.00000 9.87300000 1490.55000 162.44000 27.43000 123.47000
22 3 21 02 49 47958.00000 9.87300000 1490.55000 162.44000 27.43000 123.47000
22 3 21 02 49 47987.90000 9.87300000 1490.55000 162.44000 27.43000 123.47000
22 3 21 02 50 47981.40000 9.87300000 1490.55000 162.44000 27.43000 123.47000
22 3 21 02 50 47949.80000 9.87300000 1490.55000 162.44000 27.37800 123.47000
22 3 21 02 51 47940.20000 9.87300000 1490.55000 162.44000 27.37800 123.47000
22 3 21 02 51 47950.50000 9.87300000 1490.55000 162.44000 27.37800 123.47000
22 3 21 02 51 47941.60000 9.87300000 1490.60000 162.55000 27.37800 123.47000
22 3 21 02 52 47954.00000 9.87300000 1490.60000 162.55000 27.37800 123.47000
22 3 21 02 52 47970.90000 9.87300000 1490.60000 162.55000 27.37800 123.47000
22 3 21 02 53 48003.50000 9.87300000 1491.00000 162.55000 27.37800 123.47000
22 3 21 02 53 48001.10000 9.87300000 1491.00000 162.55000 27.37800 123.47000
22 3 21 02 54 48000.60000 9.87300000 1492.86000 162.60000 27.37800 123.47000
22 3 21 02 54 47975.90000 9.87300000 1492.86000 162.60000 27.37800 123.47000
22 3 21 02 54 47984.90000 9.87300000 1492.69000 162.60000 27.37800 123.47000
22 3 21 02 55 47986.00000 9.87300000 1492.69000 162.60000 27.37800 123.47000
22 3 21 02 55 47974.30000 9.87300000 1492.69000 162.60000 27.37800 123.47000
22 3 21 02 56 47963.70000 9.87300000 1492.69000 162.60000 27.37800 123.47000
22 3 21 02 56 47940.10000 9.87300000 1492.69000 162.60000 27.37800 123.47000
22 3 21 02 57 47940.50000 9.87300000 1491.64000 162.60000 27.37800 123.47000
22 3 21 02 57 47967.80000 9.87300000 1491.64000 162.60000 27.37800 123.47000
22 3 21 02 57 47972.00000 9.87300000 1492.57000 162.60000 27.37800 123.47000
22 3 21 02 58 47982.40000 9.99600000 1492.57000 162.60000 27.37800 123.47000
22 3 21 02 58 47992.20000 9.99600000 1492.57000 162.60000 27.37800 123.26300
22 3 21 02 59 48009.90000 10.01300000 1492.57000 162.60000 27.37800 123.26300
22 3 21 02 59 47996.50000 10.00700000 1492.57000 162.60000 27.37800 123.26300
22 3 21 03 00 48031.40000 10.00700000 1492.64000 162.60000 27.37800 123.26300
22 3 21 03 00 48037.60000 10.00700000 1492.46000 162.60000 27.37600 123.26300
22 3 21 03 01 48059.20000 10.00700000 1492.46000 162.60000 27.37600 123.26300
22 3 21 03 01 48063.50000 10.00700000 1492.33000 162.60000 27.37600 123.26300
22 3 21 03 01 48074.10000 10.00700000 1492.35000 162.60000 27.37600 123.26300
22 3 21 03 02 48068.60000 10.00700000 1492.35000 162.60000 27.37600 123.26300
22 3 21 03 02 48065.60000 10.00700000 1492.64000 162.60000 27.37600 123.26300
22 3 21 03 03 48062.80000 10.00700000 1492.62000 162.49000 27.37600 123.26300
22 3 21 03 03 48074.40000 10.00700000 1492.62000 162.49000 27.37600 123.26300
22 3 21 03 04 48081.90000 10.00700000 1492.64000 162.49000 27.37700 123.26300
22 3 21 03 04 48074.50000 10.00700000 1492.64000 162.49000 27.37700 123.26300
22 3 21 03 04 48085.50000 10.00700000 1492.64000 162.49000 27.37700 123.26300
22 3 21 03 05 48084.30000 10.00700000 1492.64000 162.49000 27.37700 123.26300
22 3 21 03 05 48071.70000 10.00700000 1492.64000 162.49000 27.37700 123.26300
22 3 21 03 06 48086.20000 10.00700000 1492.54000 162.49000 27.37700 123.26300
22 3 21 03 06 48105.00000 10.00700000 1492.54000 162.49000 27.37700 123.26300
22 3 21 03 07 48094.70000 10.00700000 1492.63000 162.49000 27.37700 123.26300
22 3 21 03 07 48104.90000 10.00700000 1492.64000 162.49000 27.37700 123.26300
22 3 21 03 07 48105.00000 10.00700000 1492.64000 162.49000 27.37700 123.26300
22 3 21 03 08 48103.40000 10.00700000 1492.64000 162.49000 27.37700 123.26300
22 3 21 03 08 48100.40000 10.00700000 1492.64000 162.49000 27.37700 123.26300
22 3 21 03 09 48100.30000 10.00700000 1492.64000 162.72000 27.37700 123.26300
22 3 21 03 09 48110.60000 10.00700000 1492.64000 162.72000 27.37700 123.28200
22 3 21 03 10 48117.80000 10.00700000 1492.64000 162.72000 27.37700 123.28200
