M=[
 8 7 21 09 52 27580.70000 42.15000000 1843.00000 110.28000 16.93300 95.35800
 8 7 21 09 52 27580.40000 42.15000000 1841.20000 110.28000 16.93300 95.35800
 8 7 21 09 53 27558.50000 42.15000000 1841.20000 110.28000 16.93300 95.35800
 8 7 21 09 53 27557.40000 42.15000000 1841.55000 110.20000 16.93300 95.35800
 8 7 21 09 54 27548.50000 42.09900000 1840.51000 110.21000 16.93300 95.35800
 8 7 21 09 54 27566.70000 42.09900000 1841.67000 110.21000 16.93300 95.35800
 8 7 21 09 55 27566.70000 42.14200000 1841.16000 110.21000 16.93300 95.35800
 8 7 21 09 55 27539.30000 42.10000000 1839.76000 110.20000 16.93300 95.35800
 8 7 21 09 55 27538.00000 42.10000000 1837.77000 110.20000 16.93300 95.35800
 8 7 21 09 56 27538.00000 42.10000000 1838.08000 110.04000 16.93300 94.91800
 8 7 21 09 56 27551.80000 42.10000000 1839.24000 110.04000 16.93300 94.91800
 8 7 21 09 57 27551.80000 42.10000000 1838.01000 110.04000 16.93300 94.91800
 8 7 21 09 57 27551.80000 42.10000000 1838.01000 110.07000 16.93300 94.91800
 8 7 21 09 58 27552.60000 42.10000000 1838.00000 110.08000 16.93300 94.91800
 8 7 21 09 58 27552.60000 42.10000000 1838.00000 110.08000 16.93300 94.91800
 8 7 21 09 58 27552.60000 42.10000000 1838.19000 110.19000 16.93300 95.01300
 8 7 21 09 59 27570.30000 42.10000000 1838.19000 110.19000 16.93300 95.01300
 8 7 21 09 59 27569.40000 42.10000000 1838.47000 110.20000 16.93300 95.01300
 8 7 21 10 00 27542.30000 42.10000000 1836.86000 110.11000 16.93300 95.01300
 8 7 21 10 00 27522.80000 42.10000000 1835.90000 110.01000 16.93300 95.01300
 8 7 21 10 01 27521.10000 42.10000000 1835.76000 109.91000 16.93300 95.01300
 8 7 21 10 01 27513.80000 41.97300000 1834.74000 109.87000 16.93300 95.01300
 8 7 21 10 01 27512.60000 41.95700000 1835.64000 109.86000 16.93300 95.01300
 8 7 21 10 02 27512.60000 41.98700000 1835.41000 109.88000 16.93300 95.01300
 8 7 21 10 02 27512.70000 41.98700000 1836.90000 109.91000 16.93300 95.01300
 8 7 21 10 03 27512.70000 41.98700000 1839.47000 110.00000 16.93300 95.01300
 8 7 21 10 03 27512.70000 41.98700000 1839.47000 110.00000 16.93300 95.01300
 8 7 21 10 04 27532.10000 41.98700000 1839.24000 110.00000 16.93300 95.01300
 8 7 21 10 04 27554.30000 41.98700000 1839.72000 110.34000 16.93300 95.01300
 8 7 21 10 04 27571.00000 41.98700000 1841.48000 110.35000 16.93300 95.01300
 8 7 21 10 05 27561.20000 41.98700000 1840.68000 110.34000 16.93300 95.01300
 8 7 21 10 05 27582.80000 41.98700000 1840.68000 110.36000 16.93300 95.01300
 8 7 21 10 06 27580.40000 42.21500000 1841.12000 110.43000 16.93300 95.01300
 8 7 21 10 06 27574.00000 42.14300000 1841.11000 110.36000 16.93300 95.01300
 8 7 21 10 07 27583.90000 42.14300000 1841.12000 110.36000 16.93300 95.01300
 8 7 21 10 07 27587.10000 42.25100000 1842.14000 110.36000 16.93300 95.01300
 8 7 21 10 07 27584.00000 42.25100000 1840.83000 110.36000 16.93300 95.01300
 8 7 21 10 08 27584.00000 42.25100000 1840.93000 110.36000 16.93300 95.45900
 8 7 21 10 08 27528.50000 42.37100000 1838.74000 110.16000 16.93300 95.45900
 8 7 21 10 09 27526.80000 42.37100000 1835.19000 110.16000 16.93300 95.45900
 8 7 21 10 09 27510.70000 42.37100000 1835.01000 110.16000 16.93300 95.45900
 8 7 21 10 10 27510.70000 42.23900000 1834.30000 110.00000 16.93300 95.45900
 8 7 21 10 10 27509.40000 42.23900000 1834.35000 110.00000 16.93300 95.45900
 8 7 21 10 10 27534.30000 42.23900000 1835.90000 110.02000 16.93300 95.45900
 8 7 21 10 11 27560.40000 42.23900000 1837.07000 110.16000 16.93300 95.45900
 8 7 21 10 11 27557.90000 42.23900000 1837.34000 110.25000 16.93300 95.45900
 8 7 21 10 12 27581.40000 42.23900000 1837.46000 110.25000 16.93300 95.45900
 8 7 21 10 12 27563.80000 42.35600000 1839.59000 110.25000 16.93300 95.45900
 8 7 21 10 13 27565.50000 42.35600000 1838.12000 110.25000 16.93300 95.45900
 8 7 21 10 13 27565.50000 42.35600000 1839.10000 110.37000 16.93300 95.45900
 8 7 21 10 14 27590.00000 42.34800000 1839.10000 110.37000 16.93300 95.45900
 8 7 21 10 14 27599.00000 42.34800000 1839.72000 110.37000 16.93300 95.45900
 8 7 21 10 14 27599.10000 42.34800000 1840.00000 110.37000 16.93300 95.45900
 8 7 21 10 15 27599.10000 42.34800000 1839.01000 110.37000 16.93300 95.45900
 8 7 21 10 15 27598.70000 42.34800000 1839.42000 110.38000 16.93300 95.45900
 8 7 21 10 16 27599.60000 42.34800000 1838.78000 110.39000 16.93300 95.45900
 8 7 21 10 16 27600.00000 42.34800000 1839.00000 110.39000 16.93300 95.45900
 8 7 21 10 17 27596.30000 42.34800000 1837.62000 110.30000 16.93300 95.45900
 8 7 21 10 17 27592.40000 42.34800000 1837.00000 110.30000 16.94600 95.45900
 8 7 21 10 17 27596.30000 42.25500000 1837.55000 110.19000 16.94600 95.45900
 8 7 21 10 18 27614.10000 42.25500000 1838.86000 110.19000 16.94600 95.45900
 8 7 21 10 18 27614.00000 42.25500000 1839.17000 110.19000 16.94600 95.45900
 8 7 21 10 19 27618.90000 42.26100000 1839.17000 110.35000 16.94600 95.27800
 8 7 21 10 19 27619.70000 42.26100000 1840.92000 110.39000 16.94600 95.27800
 8 7 21 10 20 27631.00000 42.26100000 1840.92000 110.39000 16.94600 95.27800
 8 7 21 10 20 27620.10000 42.26100000 1840.58000 110.47000 16.94800 95.45000
 8 7 21 10 20 27620.00000 42.39800000 1840.91000 110.46000 16.94800 95.45000
 8 7 21 10 21 27620.10000 42.39800000 1840.50000 110.46000 16.92300 95.45000
 8 7 21 10 21 27623.70000 42.39800000 1840.50000 110.43000 16.92300 95.45000
 8 7 21 10 22 27631.00000 42.39800000 1840.50000 110.54000 16.92300 95.45000
 8 7 21 10 22 27623.60000 42.39800000 1841.01000 110.54000 16.94800 95.45000
 8 7 21 10 23 27623.50000 42.39800000 1841.05000 110.54000 16.94800 95.45000
 8 7 21 10 23 27625.00000 42.39800000 1842.00000 110.55000 16.94800 95.45000
 8 7 21 10 23 27622.50000 42.39800000 1842.08000 110.55000 16.94800 95.45000
 8 7 21 10 24 27622.50000 42.39800000 1842.30000 110.55000 16.94800 95.45000
 8 7 21 10 24 27628.70000 42.39800000 1841.93000 110.58000 16.94800 95.45000
 8 7 21 10 25 27635.10000 42.41200000 1841.29000 110.54000 16.94800 95.45000
 8 7 21 10 25 27635.30000 42.35100000 1842.92000 110.54000 16.94800 95.45000
 8 7 21 10 26 27660.80000 42.44900000 1844.49000 110.70000 16.94800 95.45000
 8 7 21 10 26 27659.10000 42.44900000 1843.56000 110.70000 16.94800 95.45000
 8 7 21 10 26 27659.50000 42.44900000 1843.85000 110.70000 16.94800 95.45000
 8 7 21 10 27 27640.30000 42.44900000 1842.39000 110.70000 16.94900 95.45000
 8 7 21 10 27 27652.00000 42.44900000 1844.40000 110.50000 16.94900 95.45000
 8 7 21 10 28 27645.50000 42.44900000 1844.97000 110.55000 16.94900 95.63400
 8 7 21 10 28 27645.40000 42.52700000 1844.70000 110.55000 16.94900 95.63400
 8 7 21 10 29 27645.50000 42.52700000 1845.46000 110.57000 16.94900 95.65000
 8 7 21 10 29 27645.40000 42.52700000 1845.68000 110.56000 16.94700 95.65000
 8 7 21 10 29 27645.50000 42.49800000 1844.71000 110.56000 16.94700 95.65000
 8 7 21 10 30 27645.50000 42.49800000 1844.48000 110.56000 16.94700 95.65000
 8 7 21 10 30 27626.70000 42.49800000 1843.85000 110.50000 16.94700 95.65000
 8 7 21 10 31 27629.10000 42.49800000 1843.10000 110.50000 16.94700 95.65000
 8 7 21 10 31 27639.60000 42.49800000 1843.68000 110.50000 16.94700 95.65000
 8 7 21 10 32 27639.60000 42.45300000 1843.87000 110.48000 16.94700 95.65000
 8 7 21 10 32 27639.60000 42.45300000 1843.88000 110.51000 16.94700 95.65000
 8 7 21 10 32 27639.60000 42.45300000 1843.01000 110.36000 16.94700 95.65000
 8 7 21 10 33 27639.50000 42.45300000 1842.99000 110.37000 16.94700 95.65000
 8 7 21 10 33 27639.50000 42.45300000 1842.68000 110.37000 16.94700 95.65000
 8 7 21 10 34 27639.60000 42.40800000 1842.72000 110.44000 16.94700 95.65000
 8 7 21 10 34 27628.20000 42.40800000 1842.32000 110.44000 16.94700 95.65000
 8 7 21 10 35 27646.20000 42.40800000 1843.00000 110.44000 16.94700 95.65000
 8 7 21 10 35 27646.20000 42.40800000 1843.87000 110.57000 16.94700 95.65000
 8 7 21 10 35 27646.20000 42.55400000 1843.87000 110.57000 16.94700 95.65000
 8 7 21 10 36 27655.40000 42.55400000 1843.81000 110.57000 16.94700 95.65000
