M=[
22 2 21 02 20 46798.50000 12.70200000 1564.99000 184.94000 30.79500 128.55400
22 2 21 02 21 46798.50000 12.70200000 1565.00000 184.94000 30.79500 128.55400
22 2 21 02 21 46814.50000 12.70200000 1566.87000 184.94000 30.79500 128.58800
22 2 21 02 22 46857.60000 12.65700000 1566.56000 184.94000 30.79500 128.58800
22 2 21 02 22 46865.00000 12.65700000 1566.56000 184.94000 30.79500 128.84800
22 2 21 02 23 46866.10000 12.65700000 1568.30000 184.94000 30.79500 128.84800
22 2 21 02 23 46908.60000 12.65700000 1569.30000 184.94000 30.79500 129.15700
22 2 21 02 23 46954.80000 12.65700000 1569.30000 184.94000 30.79500 129.15700
22 2 21 02 24 47003.60000 12.65700000 1570.40000 184.94000 30.79500 129.15700
22 2 21 02 24 47001.40000 12.65700000 1572.63000 184.94000 30.79500 129.15700
22 2 21 02 25 47018.20000 12.65700000 1572.84000 184.94000 30.79500 129.15700
22 2 21 02 25 47024.00000 12.65700000 1573.48000 185.57000 30.79500 129.15700
22 2 21 02 26 47091.80000 12.65700000 1575.35000 186.06000 30.79500 129.15700
22 2 21 02 26 47069.00000 12.65700000 1575.35000 186.06000 30.79500 129.15700
22 2 21 02 26 47077.80000 12.65700000 1575.50000 186.26000 30.79500 129.15700
22 2 21 02 27 47112.00000 12.65700000 1575.50000 186.31000 30.79500 129.15700
22 2 21 02 27 47194.30000 12.65700000 1578.78000 186.90000 30.79500 129.15700
22 2 21 02 28 47185.40000 12.65700000 1578.63000 186.72000 30.79500 130.24500
22 2 21 02 28 47173.00000 12.65700000 1579.11000 186.42000 30.79500 130.24500
22 2 21 02 29 47156.80000 12.65700000 1578.86000 186.39000 30.79500 130.24500
22 2 21 02 29 47162.70000 12.65700000 1579.12000 186.34000 30.79500 130.24500
22 2 21 02 29 47156.70000 12.65700000 1579.12000 186.41000 30.79500 130.24500
22 2 21 02 30 47142.50000 12.65700000 1579.20000 186.66000 30.80000 130.24500
22 2 21 02 30 47181.90000 12.65700000 1582.46000 186.87000 30.80000 130.24500
22 2 21 02 31 47188.80000 12.65700000 1582.29000 186.87000 30.80000 130.65900
22 2 21 02 31 47187.40000 12.85000000 1583.99000 187.03000 30.80000 130.74000
22 2 21 02 32 47187.40000 12.85000000 1583.99000 186.90000 30.80000 130.74000
22 2 21 02 32 47187.40000 12.85000000 1583.99000 186.74000 30.80000 130.74000
22 2 21 02 32 47154.60000 12.85000000 1582.83000 186.54000 30.80000 130.74000
22 2 21 02 33 47152.00000 12.85000000 1582.83000 186.54000 30.80000 130.74000
22 2 21 02 33 47150.60000 12.85000000 1582.99000 186.52000 30.80000 130.42900
22 2 21 02 34 47179.90000 12.85000000 1583.00000 186.52000 30.80000 130.21700
22 2 21 02 34 47179.90000 12.85000000 1583.00000 186.52000 30.80000 130.21700
22 2 21 02 35 47238.00000 12.85000000 1585.42000 186.52000 30.80000 130.21700
22 2 21 02 35 47250.00000 12.85000000 1585.42000 186.88000 30.80000 130.21700
22 2 21 02 35 47272.90000 12.85000000 1585.58000 186.88000 30.80000 130.21700
22 2 21 02 36 47269.70000 12.85000000 1584.28000 186.81000 30.92700 130.21700
22 2 21 02 36 47260.40000 12.85000000 1584.19000 186.81000 30.92700 130.21700
22 2 21 02 37 47260.40000 12.85000000 1584.06000 186.81000 30.92700 130.21700
22 2 21 02 37 47260.00000 12.85000000 1584.53000 187.10000 30.92700 130.21700
22 2 21 02 38 47236.90000 12.85000000 1583.06000 187.03000 30.92700 130.21700
22 2 21 02 38 47236.90000 12.88400000 1582.87000 186.82000 30.92700 130.21700
22 2 21 02 38 47200.10000 12.88400000 1582.87000 186.84000 30.92700 130.21700
22 2 21 02 39 47151.50000 12.87200000 1582.87000 186.88000 30.92700 130.40200
22 2 21 02 39 47151.50000 12.87200000 1581.41000 186.79000 30.92700 130.40200
22 2 21 02 40 47151.50000 12.87200000 1581.71000 186.94000 30.92700 130.40200
22 2 21 02 40 47122.70000 12.90000000 1579.77000 186.94000 30.92700 130.40200
22 2 21 02 41 47145.00000 12.90000000 1580.58000 186.94000 30.92700 130.40200
22 2 21 02 41 47178.50000 12.90000000 1580.58000 187.03000 30.92700 130.40200
22 2 21 02 41 47178.40000 12.90000000 1580.58000 187.06000 30.92700 130.40200
22 2 21 02 42 47178.40000 12.90000000 1581.49000 187.06000 30.92700 130.40200
22 2 21 02 42 47178.50000 12.90000000 1582.30000 187.08000 30.92700 130.40200
22 2 21 02 43 47178.40000 12.90000000 1582.30000 186.93000 30.92700 130.40200
22 2 21 02 43 47178.40000 12.92600000 1580.80000 186.93000 30.92700 130.40200
22 2 21 02 43 47178.40000 12.92600000 1580.80000 186.93000 30.92700 130.40200
22 2 21 02 44 47157.70000 12.92600000 1579.27000 186.82000 30.92700 130.40200
22 2 21 02 44 47157.70000 12.92600000 1578.60000 186.82000 30.92700 130.40200
22 2 21 02 45 47112.50000 12.92600000 1578.60000 186.82000 30.92700 130.40200
22 2 21 02 45 47079.50000 12.92600000 1576.17000 186.85000 30.92700 130.40200
22 2 21 02 46 47059.00000 12.92600000 1576.17000 186.85000 30.92700 130.40200
22 2 21 02 46 47039.50000 12.85300000 1576.17000 186.85000 30.56500 130.40200
22 2 21 02 46 47027.70000 12.85300000 1576.00000 186.85000 30.56500 130.40200
22 2 21 02 47 47028.00000 12.85300000 1576.27000 186.78000 30.62300 130.40200
22 2 21 02 47 47020.80000 12.85300000 1576.99000 186.75000 30.62300 130.40200
22 2 21 02 48 47036.10000 12.85300000 1577.00000 186.75000 31.29000 130.40200
22 2 21 02 48 47037.30000 12.85300000 1576.88000 186.69000 31.29000 130.40200
22 2 21 02 49 47037.30000 12.85300000 1575.57000 186.69000 31.29000 130.40200
22 2 21 02 49 47047.60000 12.85300000 1575.21000 186.62000 31.29000 130.40200
22 2 21 02 49 47042.90000 12.85300000 1575.21000 186.62000 31.29000 130.40200
22 2 21 02 50 47003.20000 12.85300000 1576.02000 186.62000 31.29000 130.40200
22 2 21 02 50 46964.90000 12.85300000 1574.85000 186.62000 31.29000 130.40200
22 2 21 02 51 46964.90000 12.85300000 1573.15000 186.62000 31.29000 130.40200
22 2 21 02 51 46968.30000 12.85300000 1573.15000 186.62000 31.29000 130.40200
22 2 21 02 52 47002.70000 12.85300000 1574.55000 186.62000 31.29000 130.40200
22 2 21 02 52 46996.70000 12.85300000 1575.01000 186.62000 31.29000 130.40200
22 2 21 02 52 46984.40000 12.85300000 1575.48000 186.62000 31.29000 130.40200
22 2 21 02 53 46991.30000 12.85300000 1575.96000 186.62000 31.29000 130.40200
22 2 21 02 53 46996.90000 12.85300000 1575.76000 186.62000 31.29000 130.40200
22 2 21 02 54 47003.10000 12.85300000 1575.75000 186.38000 31.29000 130.40200
22 2 21 02 54 47011.80000 12.85300000 1576.14000 186.38000 31.29000 130.40200
22 2 21 02 55 47008.90000 12.85300000 1575.01000 186.30000 31.29000 130.40200
22 2 21 02 55 47016.00000 12.85300000 1575.07000 186.30000 31.29000 130.40200
22 2 21 02 55 47015.20000 12.85300000 1575.07000 186.30000 31.29000 130.40200
22 2 21 02 56 47026.50000 12.85300000 1575.14000 186.30000 31.29000 130.40200
22 2 21 02 56 47026.50000 12.85300000 1574.75000 186.30000 31.29000 130.40200
22 2 21 02 57 47002.00000 12.85300000 1574.75000 186.30000 31.29000 130.40200
22 2 21 02 57 47042.80000 12.85300000 1575.15000 186.30000 31.29000 130.40200
22 2 21 02 58 47093.30000 12.85300000 1578.10000 186.30000 31.29000 130.40200
22 2 21 02 58 47093.30000 12.85300000 1579.01000 186.30000 31.29000 130.40200
22 2 21 02 58 47093.30000 12.85300000 1577.15000 186.52000 31.29000 130.40200
22 2 21 02 59 47077.20000 12.85300000 1577.15000 186.52000 31.29000 130.40200
22 2 21 02 59 47033.50000 12.85300000 1574.58000 186.52000 31.29000 130.40200
22 2 21 03 00 47017.70000 12.85300000 1574.00000 186.26000 31.29000 130.40200
22 2 21 03 00 46986.40000 12.72900000 1574.00000 186.33000 31.29000 130.40200
22 2 21 03 01 46983.90000 12.72900000 1573.65000 186.33000 31.29000 130.40200
22 2 21 03 01 47012.60000 12.72900000 1574.88000 186.33000 31.29000 130.40200
22 2 21 03 01 47093.10000 12.72900000 1577.94000 186.33000 31.21700 129.82600
22 2 21 03 02 47104.10000 12.78500000 1578.98000 187.10000 30.78900 129.37300
22 2 21 03 02 47103.90000 12.78500000 1578.98000 187.08000 30.78900 129.37300
22 2 21 03 03 47100.60000 12.78500000 1578.98000 187.02000 30.78900 129.37300
22 2 21 03 03 47059.30000 12.78500000 1574.80000 186.95000 30.78900 129.37300
22 2 21 03 04 47043.30000 12.78500000 1573.51000 186.54000 30.94300 129.37300
