M=[
 1 12 20 23 31 15578.00000 5.10100000 486.68000 70.11000 13.07800 62.08500
 1 12 20 23 31 15583.70000 5.10100000 486.86000 70.18000 13.07800 62.08500
 1 12 20 23 32 15591.90000 5.10100000 486.87000 70.33000 13.07800 62.08500
 1 12 20 23 32 15603.70000 5.10100000 487.37000 70.22000 13.07800 62.08500
 1 12 20 23 33 15607.10000 5.10100000 487.36000 70.22000 13.07800 62.08500
 1 12 20 23 33 15600.20000 5.10100000 487.47000 70.22000 13.07800 62.08500
 1 12 20 23 33 15599.10000 5.10100000 487.76000 70.45000 13.07800 62.08500
 1 12 20 23 34 15600.20000 5.10100000 488.32000 70.63000 13.07800 62.08500
 1 12 20 23 34 15600.30000 5.10100000 488.12000 70.63000 13.07800 62.08500
 1 12 20 23 35 15610.90000 5.10100000 488.45000 70.63000 13.07800 62.08500
 1 12 20 23 35 15612.20000 5.10100000 488.46000 70.68000 13.07800 62.08500
 1 12 20 23 36 15620.20000 5.13300000 488.41000 70.72000 13.07800 62.08500
 1 12 20 23 36 15621.00000 5.13300000 488.35000 70.89000 13.07800 62.08500
 1 12 20 23 36 15631.00000 5.13800000 488.30000 70.75000 13.09400 62.08500
 1 12 20 23 37 15622.90000 5.13700000 488.46000 70.82000 13.09400 62.08500
 1 12 20 23 37 15619.90000 5.13700000 488.46000 70.82000 13.09400 62.08500
 1 12 20 23 38 15632.90000 5.13700000 488.72000 70.82000 13.09400 62.08500
 1 12 20 23 38 15628.00000 5.13700000 488.44000 70.77000 13.09400 62.08500
 1 12 20 23 39 15625.70000 5.13700000 488.27000 70.77000 13.09400 62.08500
 1 12 20 23 39 15624.80000 5.13700000 488.18000 70.77000 13.09400 62.08500
 1 12 20 23 39 15615.60000 5.13700000 488.29000 70.77000 13.09400 62.08500
 1 12 20 23 40 15580.10000 5.13700000 488.29000 70.77000 13.09400 62.08500
 1 12 20 23 40 15560.00000 5.13700000 487.02000 70.77000 13.09400 62.35300
 1 12 20 23 41 15555.00000 5.13700000 487.02000 70.50000 13.09400 62.35300
 1 12 20 23 41 15555.10000 5.13700000 487.02000 70.48000 13.09400 62.35300
 1 12 20 23 42 15555.10000 5.13700000 487.02000 70.48000 13.09400 62.35300
 1 12 20 23 42 15555.10000 5.13700000 487.17000 70.48000 13.09400 62.35300
 1 12 20 23 42 15555.00000 5.13700000 487.17000 70.48000 13.09400 62.35300
 1 12 20 23 43 15577.10000 5.13700000 487.80000 70.46000 13.09400 62.35300
 1 12 20 23 43 15590.80000 5.13700000 488.13000 70.55000 13.09400 62.35300
 1 12 20 23 44 15597.10000 5.13700000 488.28000 70.55000 13.09400 62.35300
 1 12 20 23 44 15604.30000 5.13700000 488.42000 70.55000 13.09400 62.35300
 1 12 20 23 45 15598.70000 5.13700000 488.68000 70.55000 13.09400 62.35300
 1 12 20 23 45 15610.90000 5.13700000 488.67000 70.77000 13.09400 62.35300
 1 12 20 23 45 15616.20000 5.13700000 488.92000 70.77000 13.09400 62.35300
 1 12 20 23 46 15618.50000 5.13700000 489.15000 70.82000 13.09400 62.53200
 1 12 20 23 46 15606.00000 5.13700000 488.68000 70.82000 13.09400 62.53200
 1 12 20 23 47 15601.20000 5.13700000 488.52000 70.88000 13.09400 62.39000
 1 12 20 23 47 15603.90000 5.13700000 488.60000 70.89000 13.09400 62.39000
 1 12 20 23 48 15603.90000 5.13700000 489.00000 70.92000 13.09400 62.39000
 1 12 20 23 48 15624.40000 5.13700000 489.00000 71.02000 13.09400 62.39000
 1 12 20 23 48 15636.60000 5.13700000 489.63000 71.04000 13.09400 62.39000
 1 12 20 23 49 15647.10000 5.13700000 489.17000 71.04000 13.09400 62.43000
 1 12 20 23 49 15647.10000 5.12000000 489.29000 71.04000 13.09400 62.43000
 1 12 20 23 50 15640.80000 5.12000000 489.07000 71.04000 13.09400 62.43000
 1 12 20 23 50 15634.10000 5.12000000 489.20000 71.04000 13.09400 62.43000
 1 12 20 23 51 15645.50000 5.12000000 489.20000 70.90000 13.09400 62.43000
 1 12 20 23 51 15638.20000 5.12000000 489.20000 70.95000 13.09400 62.43000
 1 12 20 23 51 15643.90000 5.12000000 489.04000 70.99000 13.09400 62.43000
 1 12 20 23 52 15646.30000 5.12000000 489.00000 70.99000 13.09400 62.43000
 1 12 20 23 52 15643.10000 5.12000000 489.00000 70.99000 13.09400 62.43000
 1 12 20 23 53 15643.60000 5.12000000 489.00000 70.99000 13.09400 62.43000
 1 12 20 23 53 15641.00000 5.12000000 489.00000 70.99000 13.09400 62.43000
 1 12 20 23 54 15641.00000 5.12000000 489.00000 70.99000 13.09400 62.43000
 1 12 20 23 54 15641.10000 5.12000000 489.00000 70.99000 13.09400 62.43000
 1 12 20 23 54 15638.60000 5.12000000 488.58000 71.03000 13.09400 62.43000
 1 12 20 23 55 15647.10000 5.12000000 488.58000 71.03000 13.09400 62.43000
 1 12 20 23 55 15640.60000 5.13500000 488.00000 71.03000 13.09400 62.43000
 1 12 20 23 56 15638.20000 5.13500000 488.23000 71.03000 13.09400 62.43000
 1 12 20 23 56 15604.00000 5.13500000 487.12000 70.98000 13.09400 62.43000
 1 12 20 23 57 15601.30000 5.13500000 487.01000 70.98000 13.09400 62.43000
 1 12 20 23 57 15591.40000 5.13500000 487.00000 70.83000 13.09400 62.43000
 1 12 20 23 57 15592.30000 5.13500000 487.00000 70.83000 13.09400 62.43000
 1 12 20 23 58 15590.00000 5.13500000 487.00000 70.83000 13.09400 62.43000
 1 12 20 23 58 15589.80000 5.13500000 486.67000 70.64000 13.09400 62.24000
 1 12 20 23 59 15577.00000 5.13500000 485.84000 70.64000 13.09400 62.09100
 1 12 20 23 59 15575.00000 5.13500000 485.84000 70.61000 13.09400 62.09100
 2 12 20 00 00 15575.00000 5.13500000 485.84000 70.61000 13.09400 62.09100
 2 12 20 00 00 15560.00000 5.13500000 485.66000 70.51000 12.98900 62.09100
 2 12 20 00 00 15565.20000 5.13500000 485.65000 70.46000 12.98900 62.09100
 2 12 20 00 01 15564.40000 5.13500000 485.38000 70.38000 12.92700 62.09100
 2 12 20 00 01 15550.00000 5.13500000 484.12000 70.11000 12.92700 61.95800
 2 12 20 00 02 15530.10000 5.13500000 484.33000 70.08000 12.92700 61.90000
 2 12 20 00 02 15530.10000 5.13500000 483.70000 70.00000 12.92700 61.81500
 2 12 20 00 03 15501.10000 5.09900000 482.48000 69.85000 12.92700 61.68000
 2 12 20 00 03 15460.10000 5.08400000 482.00000 69.54000 12.92700 61.59100
 2 12 20 00 03 15460.50000 5.08400000 482.00000 69.57000 12.92700 61.59100
 2 12 20 00 04 15451.30000 5.08100000 482.00000 69.35000 12.92700 61.59100
 2 12 20 00 04 15481.10000 5.08100000 483.66000 69.61000 12.92700 61.61800
 2 12 20 00 05 15471.80000 5.07400000 483.25000 69.53000 12.92700 61.61800
 2 12 20 00 05 15430.00000 5.05900000 481.00000 69.32000 12.92700 61.53900
 2 12 20 00 06 15400.10000 5.05800000 478.71000 69.10000 12.92700 61.42800
 2 12 20 00 06 15385.30000 5.05800000 479.47000 69.00000 12.92700 61.42800
 2 12 20 00 06 15369.90000 5.03900000 479.26000 68.91000 12.92700 61.28300
 2 12 20 00 07 15374.70000 5.03800000 479.48000 69.10000 12.92700 61.42800
 2 12 20 00 07 15402.80000 5.03800000 480.77000 69.49000 12.92700 61.42800
 2 12 20 00 08 15431.00000 5.03800000 481.06000 69.62000 12.92700 61.42800
 2 12 20 00 08 15415.40000 5.03800000 481.14000 69.44000 12.92700 61.42800
 2 12 20 00 09 15400.00000 5.09000000 480.43000 69.40000 12.92700 61.42800
 2 12 20 00 09 15409.80000 5.08300000 480.77000 69.40000 12.92700 61.42800
 2 12 20 00 09 15401.80000 5.05800000 480.20000 69.53000 12.92700 61.42800
 2 12 20 00 10 15374.90000 5.05800000 479.56000 69.33000 12.92700 61.42800
 2 12 20 00 10 15411.60000 5.05800000 480.68000 69.50000 12.92700 61.42800
 2 12 20 00 11 15409.20000 5.05800000 480.90000 69.49000 12.92700 61.42800
 2 12 20 00 11 15435.80000 5.05800000 482.14000 69.62000 12.92700 61.42800
 2 12 20 00 12 15432.60000 5.05800000 482.67000 69.72000 12.92700 61.42800
 2 12 20 00 12 15432.60000 5.05800000 482.35000 69.77000 12.92700 61.42800
 2 12 20 00 12 15453.40000 5.05800000 483.36000 69.72000 12.92700 61.42800
 2 12 20 00 13 15462.90000 5.05800000 483.70000 69.72000 12.92700 61.42800
 2 12 20 00 13 15474.30000 5.05800000 483.75000 69.97000 12.92700 61.42800
 2 12 20 00 14 15469.80000 5.05800000 483.64000 69.97000 12.92700 61.42800
 2 12 20 00 14 15473.70000 5.05800000 483.98000 69.97000 12.92700 61.42800
 2 12 20 00 14 15473.70000 5.05800000 483.98000 69.89000 12.92700 61.42800
 2 12 20 00 15 15466.00000 5.05800000 484.32000 69.89000 12.92700 61.42800
 2 12 20 00 15 15464.00000 5.05800000 484.32000 69.89000 12.92700 61.42800
 2 12 20 00 16 15440.00000 5.05800000 483.96000 69.89000 12.92700 61.42800
