M=[
29 5 21 21 18 28296.10000 51.79200000 1856.01000 133.50000 21.89400 120.29800
29 5 21 21 18 28296.50000 51.79200000 1857.27000 133.51000 21.89400 120.29800
29 5 21 21 19 28300.00000 51.79200000 1856.78000 133.52000 21.89400 120.29800
29 5 21 21 19 28289.70000 51.79200000 1858.28000 133.48000 21.89400 120.29800
29 5 21 21 19 28286.00000 51.79200000 1860.00000 133.46000 21.89400 120.29800
29 5 21 21 20 28255.80000 51.79200000 1856.91000 133.45000 22.12600 120.29800
29 5 21 21 20 28257.40000 51.79200000 1856.75000 133.45000 22.12600 120.29800
29 5 21 21 21 28244.90000 51.79200000 1856.00000 133.53000 22.13100 120.29800
29 5 21 21 21 28241.90000 51.79200000 1852.63000 133.26000 22.15200 120.29800
29 5 21 21 22 28289.00000 51.79200000 1855.60000 133.26000 22.17400 120.09600
29 5 21 21 22 28270.50000 51.79200000 1854.04000 133.25000 22.21700 120.09600
29 5 21 21 22 28264.10000 51.79200000 1854.15000 133.18000 22.23900 120.09600
29 5 21 21 23 28231.70000 51.79200000 1851.69000 133.15000 22.23900 120.09600
29 5 21 21 23 28205.90000 51.79200000 1847.52000 132.94000 22.23900 120.09600
29 5 21 21 24 28219.70000 51.79200000 1844.88000 132.94000 22.23900 120.09600
29 5 21 21 24 28213.50000 51.79200000 1846.22000 132.94000 22.23900 119.64100
29 5 21 21 25 28242.40000 51.79200000 1848.37000 132.94000 22.23900 119.64100
29 5 21 21 25 28200.50000 51.51000000 1846.80000 132.71000 22.23900 119.64100
29 5 21 21 26 28176.70000 51.51000000 1844.76000 132.71000 22.20900 119.64100
29 5 21 21 26 28115.30000 51.51000000 1840.19000 132.48000 22.20900 119.64100
29 5 21 21 26 28121.20000 51.51000000 1838.80000 132.05000 22.26000 119.64100
29 5 21 21 27 28100.00000 51.51000000 1840.46000 132.05000 22.26000 118.34400
29 5 21 21 27 28089.40000 51.21600000 1837.27000 131.95000 22.26000 118.34400
29 5 21 21 28 28081.50000 51.24700000 1835.80000 131.82000 22.26000 118.34400
29 5 21 21 28 28091.90000 51.24700000 1835.54000 131.61000 22.26000 118.34400
29 5 21 21 29 28084.80000 51.23600000 1833.75000 131.61000 22.26000 118.34400
29 5 21 21 29 28102.10000 51.23600000 1839.82000 131.84000 22.26000 118.34400
29 5 21 21 29 28123.30000 51.23600000 1839.13000 131.90000 22.26000 118.34400
29 5 21 21 30 28116.70000 51.23600000 1842.30000 131.98000 22.26000 118.10200
29 5 21 21 30 28166.20000 51.23600000 1847.44000 132.26000 22.26000 118.10200
29 5 21 21 31 28135.70000 51.49600000 1844.94000 131.94000 22.26000 118.10200
29 5 21 21 31 28116.10000 51.52400000 1842.36000 131.94000 22.26000 118.10200
29 5 21 21 32 28163.80000 51.69200000 1849.10000 132.23000 22.26000 118.49600
29 5 21 21 32 28190.70000 51.69200000 1849.11000 132.51000 22.26000 118.49600
29 5 21 21 32 28199.80000 51.69200000 1851.74000 132.51000 22.26000 118.49600
29 5 21 21 33 28166.50000 51.69200000 1846.44000 132.51000 22.26000 118.70000
29 5 21 21 33 28120.40000 51.69200000 1844.38000 132.51000 22.26000 118.70000
29 5 21 21 34 28184.10000 51.54000000 1849.28000 132.45000 22.26000 118.41700
29 5 21 21 34 28184.10000 51.54000000 1852.69000 132.45000 22.26000 118.41700
29 5 21 21 35 28207.50000 51.54000000 1854.56000 132.45000 22.26000 119.15900
29 5 21 21 35 28187.20000 51.54000000 1852.47000 132.73000 22.26000 119.15900
29 5 21 21 35 28186.90000 51.54000000 1848.02000 132.65000 22.26000 119.15900
29 5 21 21 36 28119.90000 51.54000000 1843.26000 132.20000 22.26000 118.69500
29 5 21 21 36 28160.40000 51.54000000 1845.57000 132.26000 22.26000 118.69500
29 5 21 21 37 28148.40000 51.60500000 1845.56000 132.26000 22.26000 118.69500
29 5 21 21 37 28300.00000 51.50000000 1852.72000 133.18000 22.26000 119.06000
29 5 21 21 38 28278.80000 51.50000000 1850.78000 132.99000 22.26000 119.06000
29 5 21 21 38 28294.40000 51.50000000 1852.74000 133.02000 22.26000 119.06000
29 5 21 21 38 28299.90000 51.50000000 1854.64000 133.30000 22.26000 119.06000
29 5 21 21 39 28300.00000 51.50000000 1855.10000 133.30000 22.26000 119.06000
29 5 21 21 39 28330.00000 51.50000000 1855.52000 133.35000 22.26000 119.06000
29 5 21 21 40 28320.00000 51.50000000 1855.00000 133.33000 22.26000 119.06000
29 5 21 21 40 28319.40000 51.94400000 1852.97000 133.33000 22.26000 120.07600
29 5 21 21 41 28310.70000 51.94400000 1855.20000 133.21000 22.26000 120.07600
29 5 21 21 41 28271.20000 51.94400000 1855.04000 133.21000 22.26000 120.07600
29 5 21 21 41 28271.10000 52.00400000 1854.30000 132.93000 22.26000 120.07600
29 5 21 21 42 28281.30000 52.00400000 1852.74000 132.93000 22.26000 120.07600
29 5 21 21 42 28281.50000 52.00400000 1852.75000 132.93000 22.26000 120.07600
29 5 21 21 43 28285.30000 52.00400000 1853.65000 133.32000 22.26000 120.07600
29 5 21 21 43 28328.30000 52.00400000 1857.65000 133.43000 22.26000 119.96900
29 5 21 21 44 28290.10000 52.00400000 1854.44000 133.43000 22.26000 120.48400
29 5 21 21 44 28282.50000 52.00400000 1852.73000 133.24000 22.26000 120.48400
29 5 21 21 45 28223.60000 52.00600000 1847.12000 133.11000 22.28200 119.96900
29 5 21 21 45 28213.30000 52.00600000 1847.33000 132.90000 22.28200 119.96900
29 5 21 21 46 28232.00000 51.79400000 1847.26000 133.05000 22.28200 119.96900
29 5 21 21 46 28187.70000 51.79400000 1842.99000 132.80000 22.28200 119.96900
29 5 21 21 46 28244.90000 51.91500000 1848.86000 133.48000 22.28200 119.96900
29 5 21 21 47 28265.80000 51.91500000 1851.85000 133.49000 22.28200 120.57700
29 5 21 21 47 28323.30000 52.19500000 1856.55000 133.74000 22.30300 120.73800
29 5 21 21 48 28341.50000 52.33100000 1856.55000 133.77000 22.30300 120.73800
29 5 21 21 48 28380.50000 52.62500000 1861.54000 133.77000 22.30300 120.73800
29 5 21 21 49 28450.10000 52.68700000 1861.81000 134.73000 22.32500 120.73800
29 5 21 21 49 28454.70000 52.68700000 1861.92000 134.73000 22.32500 120.73800
29 5 21 21 49 28542.30000 52.68700000 1868.60000 135.61000 22.47500 121.28500
29 5 21 21 50 28504.10000 52.68700000 1866.18000 134.99000 22.36800 121.28500
29 5 21 21 50 28508.00000 52.68700000 1864.76000 135.06000 22.67700 121.28500
29 5 21 21 51 28497.70000 52.68700000 1867.74000 134.99000 22.43400 121.28500
29 5 21 21 51 28480.50000 52.48500000 1868.62000 134.87000 22.43400 121.55800
29 5 21 21 52 28465.90000 52.48500000 1866.31000 134.57000 22.49900 121.56200
29 5 21 21 52 28452.60000 52.48500000 1863.82000 134.36000 22.54300 121.56200
29 5 21 21 52 28450.10000 52.48500000 1863.81000 134.26000 22.56500 121.56200
29 5 21 21 53 28477.90000 52.48500000 1869.00000 134.26000 22.60900 121.36200
29 5 21 21 53 28477.90000 52.48500000 1870.00000 134.67000 22.65200 121.46400
29 5 21 21 54 28500.10000 52.39800000 1871.15000 134.67000 22.65200 121.46400
29 5 21 21 54 28473.90000 52.37100000 1869.00000 134.22000 22.65200 121.46400
29 5 21 21 55 28478.00000 52.37100000 1869.60000 134.35000 22.65200 121.22000
29 5 21 21 55 28477.90000 52.37100000 1867.52000 133.97000 22.65200 121.18100
29 5 21 21 55 28511.10000 52.37100000 1868.90000 134.37000 22.70000 121.18100
29 5 21 21 56 28478.10000 52.37100000 1867.85000 134.18000 22.70000 121.18100
29 5 21 21 56 28477.30000 52.31900000 1868.02000 134.00000 22.70000 121.18100
29 5 21 21 57 28461.70000 52.31900000 1868.01000 134.02000 22.74100 121.18100
29 5 21 21 57 28556.50000 52.45300000 1874.05000 134.00000 22.74100 121.18100
29 5 21 21 58 28591.10000 52.45300000 1874.14000 134.65000 22.74100 121.91800
29 5 21 21 58 28598.00000 52.45300000 1874.78000 134.58000 22.74100 122.08400
29 5 21 21 58 28574.60000 52.45300000 1873.42000 134.48000 22.74100 122.08400
29 5 21 21 59 28574.50000 52.45300000 1874.54000 134.46000 22.74100 122.08400
29 5 21 21 59 28572.40000 52.61300000 1878.29000 134.57000 22.74100 122.08400
29 5 21 22 00 28534.50000 52.61300000 1879.00000 134.57000 22.74100 122.08400
29 5 21 22 00 28527.00000 52.61300000 1875.01000 134.23000 22.74100 121.60100
29 5 21 22 01 28470.00000 52.61300000 1874.21000 134.19000 22.74100 121.60100
29 5 21 22 01 28499.90000 52.61300000 1876.52000 134.06000 22.74100 121.60100
29 5 21 22 01 28517.40000 52.42700000 1875.60000 134.02000 22.74100 121.57800
