M=[
16 5 21 04 27 39816.50000 81.91400000 3142.11000 256.12000 32.14600 232.33200
16 5 21 04 27 39821.80000 81.91400000 3142.11000 256.07000 32.14600 232.33200
16 5 21 04 28 39831.60000 81.91400000 3142.31000 256.07000 32.14600 232.33200
16 5 21 04 28 39854.40000 81.91400000 3144.17000 256.07000 32.14600 232.33200
16 5 21 04 29 39857.40000 81.91400000 3145.18000 256.07000 32.14600 232.33200
16 5 21 04 29 39854.90000 82.00000000 3145.65000 256.86000 32.14600 232.33200
16 5 21 04 29 39835.30000 82.00000000 3146.75000 256.85000 32.14600 232.33200
16 5 21 04 30 39830.10000 82.00000000 3147.70000 256.86000 32.14600 232.33200
16 5 21 04 30 39830.20000 82.37900000 3146.29000 257.03000 32.14600 232.33200
16 5 21 04 31 39838.50000 82.43500000 3146.29000 257.13000 32.14600 232.33200
16 5 21 04 31 39838.50000 82.43500000 3145.89000 257.13000 32.14600 232.33200
16 5 21 04 32 39839.70000 82.43500000 3145.88000 257.13000 32.14600 232.33200
16 5 21 04 32 39800.10000 82.43500000 3144.96000 257.02000 32.14600 232.33200
16 5 21 04 32 39790.40000 82.43500000 3144.96000 257.02000 32.14600 232.33200
16 5 21 04 33 39729.40000 81.99900000 3140.09000 257.02000 32.14600 232.33200
16 5 21 04 33 39720.10000 81.99900000 3135.53000 257.02000 32.14600 231.00000
16 5 21 04 34 39718.10000 81.99900000 3139.86000 257.02000 32.14600 231.00000
16 5 21 04 34 39755.90000 81.99900000 3139.59000 256.67000 32.14600 231.00000
16 5 21 04 35 39762.20000 81.99900000 3141.19000 256.67000 32.14600 231.00000
16 5 21 04 35 39748.20000 81.99900000 3141.00000 256.67000 32.14600 231.00000
16 5 21 04 35 39748.20000 81.99900000 3144.39000 257.45000 32.14600 231.00000
16 5 21 04 36 39765.40000 81.99900000 3147.35000 257.26000 32.14600 231.00000
16 5 21 04 36 39755.90000 81.99900000 3147.89000 257.26000 32.14600 230.35600
16 5 21 04 37 39768.00000 81.99900000 3145.03000 257.26000 32.14600 230.35600
16 5 21 04 37 39761.70000 81.95100000 3145.03000 257.26000 32.14600 230.35600
16 5 21 04 38 39770.90000 81.95100000 3145.03000 257.26000 32.14600 230.35600
16 5 21 04 38 39771.00000 81.95100000 3148.53000 257.26000 32.14600 230.58000
16 5 21 04 38 39770.80000 82.09000000 3147.73000 257.26000 32.14600 230.58500
16 5 21 04 39 39787.90000 82.09000000 3147.73000 256.66000 32.14600 230.58500
16 5 21 04 39 39785.50000 82.13800000 3149.99000 256.66000 32.14600 230.58500
16 5 21 04 40 39807.90000 82.13800000 3149.99000 256.66000 32.14600 230.58500
16 5 21 04 40 39785.20000 82.13800000 3149.99000 256.66000 32.14600 230.58500
16 5 21 04 41 39786.30000 82.13800000 3150.62000 256.66000 32.14600 230.58500
16 5 21 04 41 39777.20000 82.13800000 3149.94000 256.66000 32.14600 230.58500
16 5 21 04 41 39781.80000 82.13800000 3149.94000 256.66000 32.14600 230.58500
16 5 21 04 42 39760.30000 81.80000000 3147.14000 256.66000 32.14600 230.58500
16 5 21 04 42 39760.30000 81.80000000 3145.66000 256.04000 32.14600 230.58500
16 5 21 04 43 39750.10000 81.54200000 3145.66000 256.41000 32.14600 230.58500
16 5 21 04 43 39750.10000 81.54200000 3146.10000 256.41000 32.14600 230.58500
16 5 21 04 44 39750.10000 81.54200000 3145.67000 256.84000 32.14600 230.58500
16 5 21 04 44 39750.10000 81.54200000 3143.60000 256.84000 32.14600 230.58500
16 5 21 04 44 39750.00000 81.54200000 3143.60000 256.84000 32.14600 230.58500
16 5 21 04 45 39726.90000 81.54200000 3142.34000 256.84000 32.14600 230.58500
16 5 21 04 45 39776.70000 81.54200000 3142.34000 256.84000 32.14600 230.58500
16 5 21 04 46 39769.20000 81.54200000 3141.92000 256.84000 32.14600 230.58500
16 5 21 04 46 39753.30000 81.54200000 3139.79000 256.84000 32.14600 230.58500
16 5 21 04 47 39753.30000 81.54200000 3141.53000 257.12000 32.14600 230.58500
16 5 21 04 47 39700.30000 81.54200000 3138.54000 257.12000 32.14600 230.58500
16 5 21 04 47 39720.40000 81.54200000 3138.54000 257.12000 32.14600 230.58500
16 5 21 04 48 39741.90000 81.54200000 3138.54000 257.12000 32.14600 230.58500
16 5 21 04 48 39741.70000 81.54200000 3141.83000 257.12000 32.14600 230.58500
16 5 21 04 49 39729.20000 81.54200000 3139.77000 257.12000 32.14600 230.58500
16 5 21 04 49 39733.70000 81.54200000 3140.99000 257.05000 32.14600 230.58500
16 5 21 04 50 39729.90000 81.54200000 3140.99000 257.05000 32.14600 230.58500
16 5 21 04 50 39729.70000 81.54200000 3140.18000 257.05000 32.14600 230.58500
16 5 21 04 50 39721.60000 81.54200000 3140.63000 257.05000 32.14600 230.58500
16 5 21 04 51 39751.90000 81.54200000 3141.38000 257.05000 32.14600 230.58500
16 5 21 04 51 39735.00000 81.75200000 3142.30000 256.59000 32.14600 230.58500
16 5 21 04 52 39718.00000 81.75200000 3138.07000 256.59000 32.14600 230.58500
16 5 21 04 52 39693.60000 81.75200000 3138.07000 255.87000 32.14600 230.58500
16 5 21 04 53 39690.20000 81.75200000 3136.40000 255.87000 32.14600 230.58500
16 5 21 04 53 39690.70000 81.75200000 3138.20000 255.96000 32.14600 230.58500
16 5 21 04 53 39686.90000 81.75200000 3136.72000 255.72000 32.14600 230.58500
16 5 21 04 54 39686.90000 81.37300000 3134.58000 255.72000 32.14600 230.58500
16 5 21 04 54 39686.40000 81.37300000 3135.32000 255.72000 32.14600 230.58500
16 5 21 04 55 39677.10000 81.37300000 3135.32000 255.72000 32.14600 230.58500
16 5 21 04 55 39677.10000 81.37300000 3135.49000 255.35000 32.14600 230.58500
16 5 21 04 56 39669.50000 81.37300000 3135.49000 255.35000 32.14600 230.58500
16 5 21 04 56 39658.40000 81.37300000 3132.09000 255.21000 32.14600 230.58500
16 5 21 04 56 39654.40000 81.37300000 3132.09000 255.18000 32.14600 230.58500
16 5 21 04 57 39610.80000 81.23200000 3128.58000 255.18000 32.14600 230.58500
16 5 21 04 57 39627.00000 81.23200000 3129.04000 255.18000 32.14600 230.58500
16 5 21 04 58 39640.30000 81.23200000 3129.04000 255.18000 32.14600 230.58500
16 5 21 04 58 39630.50000 81.24800000 3129.04000 255.18000 32.14600 230.58500
16 5 21 04 58 39644.60000 81.24800000 3130.46000 255.18000 32.14600 230.58500
16 5 21 04 59 39616.00000 81.24800000 3131.40000 255.18000 32.14600 230.58500
16 5 21 04 59 39633.90000 81.24800000 3131.40000 255.18000 32.14600 230.58500
16 5 21 05 00 39661.10000 81.24800000 3130.78000 255.18000 32.14600 230.58500
16 5 21 05 00 39700.00000 81.24800000 3131.53000 255.56000 32.14600 230.04300
16 5 21 05 01 39742.20000 81.24800000 3135.71000 255.57000 32.14600 230.49300
16 5 21 05 01 39735.30000 81.54700000 3133.68000 255.40000 32.14600 230.49300
16 5 21 05 02 39751.30000 81.54700000 3133.68000 255.40000 32.14600 230.48900
16 5 21 05 02 39748.10000 81.54700000 3135.05000 255.40000 32.14600 230.48900
16 5 21 05 02 39749.00000 81.54700000 3133.68000 255.37000 32.14600 230.48900
16 5 21 05 03 39746.80000 81.54700000 3136.50000 255.47000 32.14600 230.48900
16 5 21 05 03 39746.80000 81.54700000 3135.31000 255.47000 32.14600 230.48900
16 5 21 05 04 39746.80000 81.54700000 3135.31000 255.43000 32.14600 230.48900
16 5 21 05 04 39771.80000 81.54700000 3135.31000 255.43000 32.14600 230.48900
16 5 21 05 04 39756.80000 81.54700000 3138.98000 255.43000 32.14600 230.48900
16 5 21 05 05 39792.00000 81.54700000 3141.70000 255.43000 32.14600 230.48900
16 5 21 05 05 39807.90000 81.54700000 3141.70000 255.43000 32.14600 230.48900
16 5 21 05 06 39793.20000 81.54700000 3139.11000 255.43000 32.14600 230.48900
16 5 21 05 06 39762.30000 81.54700000 3135.91000 255.33000 32.14600 230.48900
16 5 21 05 07 39752.40000 81.54700000 3136.17000 255.30000 32.14600 230.48900
16 5 21 05 07 39751.90000 81.54700000 3138.59000 255.30000 32.14600 230.48900
16 5 21 05 07 39751.90000 81.69000000 3138.59000 255.30000 32.14600 230.48900
16 5 21 05 08 39783.50000 81.69000000 3139.69000 255.30000 32.14600 230.48900
16 5 21 05 08 39796.10000 81.69000000 3140.79000 255.90000 32.14600 230.48900
16 5 21 05 09 39770.20000 81.69000000 3140.79000 255.91000 32.14600 230.48900
16 5 21 05 09 39770.10000 81.69000000 3139.36000 255.61000 32.14600 230.48900
16 5 21 05 10 39752.00000 81.69000000 3137.62000 255.60000 32.14600 230.48900
16 5 21 05 10 39751.90000 81.67200000 3140.20000 255.60000 32.14600 230.48900
