M=[
14 5 20 23 10 9051.60000 5.82500000 188.20000 40.80000 11.99800 40.09800
14 5 20 23 11 9052.60000 5.82500000 188.33000 40.80000 11.99800 40.09800
14 5 20 23 11 9052.60000 5.82500000 188.33000 40.80000 11.99800 40.09800
14 5 20 23 12 9046.70000 5.82500000 188.33000 40.80000 11.99800 40.05000
14 5 20 23 12 9048.00000 5.82500000 188.33000 40.80000 11.99800 40.09800
14 5 20 23 13 9044.10000 5.82500000 187.92000 40.80000 11.99800 40.09800
14 5 20 23 13 9049.10000 5.82500000 187.85000 40.79000 11.99800 40.09800
14 5 20 23 14 9048.00000 5.82000000 187.93000 40.80000 11.99800 40.09800
14 5 20 23 14 9049.10000 5.82500000 187.86000 40.80000 11.99800 40.09800
14 5 20 23 15 9050.70000 5.82500000 187.78000 40.80000 11.99800 40.09800
14 5 20 23 15 9052.00000 5.82500000 187.78000 40.80000 11.99800 40.09800
14 5 20 23 15 9052.10000 5.82500000 187.78000 40.80000 11.99800 40.09800
14 5 20 23 16 9052.10000 5.82500000 187.97000 40.79000 11.99800 40.09800
14 5 20 23 16 9052.00000 5.82500000 187.97000 40.79000 11.99800 40.09800
14 5 20 23 17 9054.90000 5.82500000 187.97000 40.80000 11.99800 40.09800
14 5 20 23 17 9055.00000 5.82000000 188.33000 40.80000 11.99800 40.09800
14 5 20 23 18 9053.80000 5.82500000 187.97000 40.80000 11.99800 40.09800
14 5 20 23 18 9055.00000 5.82500000 187.97000 40.74000 11.99800 40.09800
14 5 20 23 19 9055.00000 5.82500000 187.97000 40.74000 11.99800 40.09800
14 5 20 23 19 9065.30000 5.82500000 187.97000 40.74000 11.99800 40.09800
14 5 20 23 19 9068.80000 5.82500000 188.26000 40.75000 11.99800 40.09800
14 5 20 23 20 9070.00000 5.81900000 188.26000 40.75000 11.99800 40.09800
14 5 20 23 20 9072.60000 5.82500000 188.26000 40.75000 11.99800 40.09800
14 5 20 23 21 9074.70000 5.82500000 188.24000 40.75000 11.99800 40.09800
14 5 20 23 21 9068.80000 5.82500000 188.24000 40.75000 11.99800 40.09800
14 5 20 23 22 9061.90000 5.82500000 188.18000 40.75000 11.99800 40.09800
14 5 20 23 22 9056.80000 5.82500000 188.18000 40.75000 11.99800 40.09800
14 5 20 23 23 9056.00000 5.82500000 188.18000 40.75000 11.99800 40.09800
14 5 20 23 23 9057.20000 5.82500000 188.24000 40.75000 11.99800 40.09800
14 5 20 23 24 9063.00000 5.82500000 188.10000 40.75000 11.99800 40.09800
14 5 20 23 24 9064.90000 5.82500000 188.10000 40.75000 11.99800 40.09800
14 5 20 23 25 9064.90000 5.82500000 188.17000 40.75000 11.99800 40.09800
14 5 20 23 25 9074.00000 5.82500000 188.10000 40.75000 11.99800 40.09800
14 5 20 23 26 9077.20000 5.82500000 188.47000 40.77000 11.99800 40.09800
14 5 20 23 26 9077.20000 5.82500000 188.47000 40.77000 11.99800 40.09800
14 5 20 23 27 9078.10000 5.82500000 188.47000 40.77000 11.99800 40.09800
14 5 20 23 27 9078.00000 5.82000000 188.18000 40.77000 11.99800 40.09800
14 5 20 23 27 9088.60000 5.82500000 188.47000 40.77000 11.99800 40.09800
14 5 20 23 28 9081.00000 5.82500000 188.47000 40.77000 11.99800 40.09800
14 5 20 23 28 9081.00000 5.82500000 188.47000 40.77000 11.99800 40.09800
14 5 20 23 29 9080.00000 5.82000000 188.47000 40.77000 11.99800 40.09800
14 5 20 23 29 9080.00000 5.82500000 188.42000 40.77000 11.99800 40.09800
14 5 20 23 30 9080.00000 5.82500000 188.42000 40.77000 11.99800 40.09800
14 5 20 23 30 9080.30000 5.82500000 188.24000 40.77000 11.99800 40.09800
14 5 20 23 31 9080.90000 5.82500000 188.24000 40.77000 11.99800 40.09800
14 5 20 23 31 9088.30000 5.82500000 188.35000 40.77000 11.99800 40.09800
14 5 20 23 32 9109.90000 5.82000000 188.67000 40.78000 12.03300 40.09800
14 5 20 23 32 9109.90000 5.82500000 188.67000 40.78000 11.99800 40.09800
14 5 20 23 33 9106.60000 5.82500000 188.67000 40.78000 11.99800 40.09800
14 5 20 23 33 9099.90000 5.82500000 188.67000 40.78000 11.99800 40.09800
14 5 20 23 34 9102.00000 5.82500000 188.67000 40.78000 11.99800 40.09800
14 5 20 23 35 9099.00000 5.82500000 188.55000 40.78000 11.99800 40.09800
14 5 20 23 35 9099.00000 5.82500000 188.67000 40.78000 11.99800 40.09800
14 5 20 23 36 9102.30000 5.82500000 188.67000 40.78000 11.99800 40.05000
14 5 20 23 36 9098.90000 5.82500000 188.67000 40.78000 11.99800 40.09800
14 5 20 23 36 9087.20000 5.82500000 188.56000 40.78000 11.99800 40.09800
14 5 20 23 37 9078.80000 5.82500000 188.56000 40.78000 11.99800 40.09800
14 5 20 23 37 9081.00000 5.82500000 188.47000 40.78000 11.99800 40.09800
14 5 20 23 38 9071.80000 5.82000000 188.44000 40.75000 11.99800 40.09800
14 5 20 23 38 9073.90000 5.82500000 188.44000 40.78000 11.99800 40.09800
14 5 20 23 39 9063.80000 5.82500000 188.47000 40.78000 12.00300 40.09800
14 5 20 23 39 9071.00000 5.82500000 188.35000 40.78000 12.00300 40.09800
14 5 20 23 40 9071.00000 5.82500000 188.36000 40.78000 12.00300 40.09800
14 5 20 23 40 9077.30000 5.82500000 188.36000 40.78000 12.00300 40.09800
14 5 20 23 41 9071.00000 5.81900000 188.36000 40.78000 12.00300 40.09800
14 5 20 23 41 9075.90000 5.82500000 188.37000 40.78000 12.00300 40.09800
14 5 20 23 42 9065.00000 5.82500000 188.37000 40.78000 12.00300 40.09800
14 5 20 23 42 9055.90000 5.82500000 188.28000 40.78000 12.00300 40.09800
14 5 20 23 43 9056.70000 5.82500000 188.28000 40.78000 12.00300 40.09800
14 5 20 23 43 9057.50000 5.82500000 188.28000 40.78000 12.00300 40.11400
14 5 20 23 44 9056.70000 5.82500000 188.28000 40.78000 12.00300 40.11400
14 5 20 23 44 9057.10000 5.82500000 188.35000 40.78000 12.00300 40.11400
14 5 20 23 45 9057.10000 5.82500000 188.35000 40.78000 12.00300 40.11400
14 5 20 23 45 9057.10000 5.82500000 188.28000 40.76000 11.99800 40.11400
14 5 20 23 46 9049.80000 5.82500000 188.28000 40.76000 12.00300 40.11400
14 5 20 23 46 9057.80000 5.82500000 188.28000 40.76000 12.00300 40.11400
14 5 20 23 46 9069.40000 5.82500000 188.28000 40.76000 12.00300 40.11400
14 5 20 23 47 9070.10000 5.82500000 188.28000 40.76000 12.00300 40.11400
14 5 20 23 47 9057.50000 5.82500000 188.28000 40.76000 12.00300 40.11400
14 5 20 23 48 9069.40000 5.82500000 188.28000 40.78000 12.00300 40.11400
14 5 20 23 48 9071.10000 5.82500000 188.28000 40.78000 12.00300 40.09800
14 5 20 23 49 9069.20000 5.82500000 188.37000 40.78000 12.00300 40.11400
14 5 20 23 49 9074.20000 5.82500000 188.37000 40.78000 12.00300 40.11400
14 5 20 23 50 9076.00000 5.82500000 188.35000 40.78000 12.00300 40.11400
14 5 20 23 50 9071.50000 5.81000000 188.37000 40.78000 12.00300 40.11400
14 5 20 23 51 9071.40000 5.81000000 188.35000 40.78000 12.00300 40.11400
14 5 20 23 51 9066.00000 5.82500000 188.37000 40.80000 12.00300 40.11400
14 5 20 23 51 9053.70000 5.80000000 188.35000 40.80000 12.03300 40.05000
14 5 20 23 52 9050.60000 5.80000000 188.00000 40.80000 12.00300 40.05000
14 5 20 23 53 9048.80000 5.80000000 188.00000 40.80000 12.00300 40.05000
14 5 20 23 53 9048.30000 5.80000000 188.08000 40.80000 12.00300 40.05000
14 5 20 23 53 9050.40000 5.80000000 188.08000 40.80000 11.96100 40.05000
14 5 20 23 54 9052.00000 5.80000000 188.06000 40.80000 11.93400 40.11400
14 5 20 23 54 9052.00000 5.80000000 188.06000 40.64000 11.93400 40.05000
14 5 20 23 55 9056.80000 5.80000000 188.06000 40.64000 11.93400 40.05000
14 5 20 23 55 9056.80000 5.80000000 188.04000 40.64000 11.93400 40.05000
14 5 20 23 56 9052.90000 5.80000000 188.04000 40.75000 11.93400 40.05000
14 5 20 23 56 9059.10000 5.80000000 188.04000 40.75000 11.93400 40.05000
14 5 20 23 57 9058.90000 5.80000000 188.04000 40.75000 11.93400 40.05000
14 5 20 23 57 9058.00000 5.80000000 187.96000 40.75000 11.93400 40.05000
14 5 20 23 58 9043.80000 5.81600000 188.04000 40.75000 11.93400 39.97800
14 5 20 23 58 9049.20000 5.78900000 187.96000 40.75000 11.93400 39.97800
14 5 20 23 59 9049.20000 5.78900000 187.96000 40.75000 11.93400 39.97800
14 5 20 23 59 9049.20000 5.78900000 188.06000 40.75000 11.93400 39.97800
14 5 20 23 59 9053.60000 5.80000000 188.04000 40.75000 11.93400 39.97800
15 5 20 00 00 9053.10000 5.78900000 188.13000 40.69000 11.97000 39.97800
15 5 20 00 00 9064.50000 5.78900000 188.13000 40.75000 11.97000 39.97800
15 5 20 00 01 9086.00000 5.78900000 188.59000 40.69000 11.97000 39.97800
15 5 20 00 01 9094.80000 5.78900000 188.70000 40.85000 11.97000 40.09800
