M=[
29 12 20 11 53 21804.10000 4.59700000 591.69000 103.89000 14.00400 52.89100
29 12 20 11 53 21804.20000 4.59700000 592.00000 103.89000 14.00400 52.89100
29 12 20 11 54 21811.10000 4.59700000 591.52000 103.96000 14.00400 52.89100
29 12 20 11 54 21811.20000 4.59700000 591.81000 103.99000 14.00400 52.89100
29 12 20 11 55 21807.20000 4.59700000 591.83000 103.99000 14.00400 52.89100
29 12 20 11 55 21815.00000 4.59700000 591.84000 104.05000 14.00400 52.89100
29 12 20 11 55 21817.10000 4.59700000 591.99000 104.04000 14.00400 52.89100
29 12 20 11 56 21811.20000 4.59700000 591.99000 104.04000 14.00400 52.89100
29 12 20 11 56 21811.30000 4.59700000 591.84000 104.01000 14.00400 52.89100
29 12 20 11 57 21811.30000 4.59700000 591.81000 104.01000 14.00400 52.89100
29 12 20 11 57 21885.10000 4.59700000 596.12000 104.47000 14.00400 52.89100
29 12 20 11 58 21884.30000 4.59700000 596.36000 104.75000 14.00400 53.52500
29 12 20 11 58 21892.60000 4.59700000 595.81000 104.62000 14.00400 53.39900
29 12 20 11 58 21900.80000 4.65100000 596.50000 104.71000 14.00400 53.39900
29 12 20 11 59 21895.90000 4.65100000 595.62000 104.63000 14.00400 53.39900
29 12 20 11 59 21944.40000 4.65100000 596.21000 104.96000 14.00400 53.39900
29 12 20 12 00 21950.00000 4.65100000 597.83000 105.03000 14.00400 53.39900
29 12 20 12 00 21950.00000 4.65100000 597.87000 105.04000 14.00400 53.39900
29 12 20 12 01 21977.00000 4.65400000 597.88000 105.18000 14.00400 53.39900
29 12 20 12 01 21980.40000 4.65400000 598.12000 105.33000 14.00400 53.39900
29 12 20 12 01 21993.90000 4.65400000 598.15000 105.55000 14.05000 53.39900
29 12 20 12 02 21989.90000 4.65400000 597.13000 105.57000 14.05000 53.39900
29 12 20 12 02 21991.30000 4.65400000 597.56000 105.57000 14.05000 53.39900
29 12 20 12 03 21995.00000 4.65400000 598.21000 105.35000 14.05000 53.39900
29 12 20 12 03 22000.00000 4.65400000 598.47000 105.33000 14.05000 53.39900
29 12 20 12 04 22005.00000 4.65400000 598.80000 105.33000 14.05000 53.58700
29 12 20 12 04 22045.30000 4.65400000 599.32000 105.40000 14.05000 53.58700
29 12 20 12 04 22049.00000 4.66300000 599.32000 105.48000 14.05000 53.58700
29 12 20 12 05 22052.00000 4.66200000 599.65000 105.49000 14.05000 53.58700
29 12 20 12 05 22070.00000 4.66200000 599.95000 105.83000 14.05000 53.58700
29 12 20 12 06 22063.90000 4.66200000 600.61000 105.91000 14.05000 54.06400
29 12 20 12 06 22044.00000 4.66200000 600.26000 105.60000 14.05000 53.88200
29 12 20 12 07 22070.00000 4.66200000 600.84000 105.96000 14.05000 53.88200
29 12 20 12 07 22069.90000 4.66200000 601.00000 106.09000 14.05000 53.88200
29 12 20 12 07 22069.90000 4.66200000 601.46000 105.82000 14.05000 53.88200
29 12 20 12 08 22071.10000 4.70000000 601.51000 105.88000 14.05000 53.88200
29 12 20 12 08 22093.10000 4.70000000 602.00000 106.16000 14.05000 53.88200
29 12 20 12 09 22102.30000 4.70000000 602.99000 106.18000 14.05000 53.88200
29 12 20 12 09 22121.70000 4.70000000 603.36000 106.30000 14.05000 53.88200
29 12 20 12 10 22091.30000 4.70000000 603.00000 106.30000 14.05000 54.12900
29 12 20 12 10 22099.00000 4.70000000 602.86000 106.18000 14.05000 54.12900
29 12 20 12 10 22081.20000 4.70000000 602.41000 106.12000 14.05000 54.12900
29 12 20 12 11 22075.10000 4.70000000 601.47000 106.07000 14.05000 54.12100
29 12 20 12 11 22066.00000 4.70000000 600.99000 105.69000 14.05000 54.12100
29 12 20 12 12 22062.50000 4.70000000 601.09000 105.92000 14.05000 54.12100
29 12 20 12 12 22073.30000 4.70000000 601.56000 105.80000 14.05000 54.12100
29 12 20 12 13 22062.50000 4.70000000 600.81000 105.87000 14.05000 54.12100
29 12 20 12 13 22034.60000 4.70000000 601.45000 105.85000 14.05000 54.12100
29 12 20 12 13 22062.00000 4.70000000 601.98000 105.95000 14.05000 54.12100
29 12 20 12 14 22064.90000 4.70000000 601.98000 105.95000 14.05000 54.12100
29 12 20 12 14 22070.00000 4.68700000 601.91000 105.94000 14.05000 54.12100
29 12 20 12 15 22088.50000 4.68700000 602.21000 106.00000 14.05000 54.20100
29 12 20 12 15 22097.90000 4.68700000 602.49000 106.04000 14.05000 54.20100
29 12 20 12 15 22086.40000 4.68700000 601.57000 106.00000 14.05000 54.20100
29 12 20 12 16 22075.20000 4.68700000 601.64000 105.93000 14.05000 54.20100
29 12 20 12 16 22075.20000 4.68700000 601.64000 105.93000 14.05000 54.20100
29 12 20 12 17 22065.00000 4.68700000 601.09000 105.90000 14.19400 54.20100
29 12 20 12 17 22062.00000 4.68700000 600.47000 105.94000 14.19400 54.20100
29 12 20 12 18 22068.40000 4.68700000 601.10000 105.98000 14.19400 54.20100
29 12 20 12 18 22065.00000 4.68700000 599.89000 105.91000 14.19400 54.20100
29 12 20 12 18 22065.00000 4.68700000 600.08000 105.90000 14.19400 53.99500
29 12 20 12 19 22064.20000 4.68700000 599.82000 105.70000 14.19400 53.99500
29 12 20 12 19 22065.20000 4.68700000 600.00000 105.81000 14.19400 53.99500
29 12 20 12 20 22057.00000 4.70300000 600.66000 105.81000 14.19400 53.99500
29 12 20 12 20 22056.90000 4.70000000 600.54000 105.69000 14.19400 53.99500
29 12 20 12 21 22057.00000 4.70000000 600.47000 105.69000 14.19400 53.99500
29 12 20 12 21 22057.00000 4.70000000 600.07000 105.64000 14.19400 53.99500
29 12 20 12 21 22033.20000 4.70000000 599.22000 105.50000 14.19400 53.99500
29 12 20 12 22 22034.30000 4.70000000 599.29000 105.43000 14.19400 53.99500
29 12 20 12 22 22015.70000 4.70000000 599.21000 105.09000 14.19400 53.99500
29 12 20 12 23 22027.30000 4.70000000 598.75000 105.18000 14.19400 53.99500
29 12 20 12 23 22026.10000 4.70000000 599.00000 105.18000 14.19400 53.99500
29 12 20 12 24 22032.10000 4.70000000 599.73000 105.55000 14.19400 53.99500
29 12 20 12 24 22038.20000 4.70000000 599.79000 105.55000 14.19400 53.99500
29 12 20 12 24 22030.00000 4.70000000 599.52000 105.55000 14.19400 53.99500
29 12 20 12 25 22029.90000 4.70000000 600.35000 105.55000 14.19400 53.99500
29 12 20 12 25 22031.80000 4.70000000 600.32000 105.41000 14.19400 53.91100
29 12 20 12 26 22030.10000 4.70000000 600.17000 105.39000 14.19400 53.91100
29 12 20 12 26 22037.90000 4.70000000 600.17000 105.39000 14.19400 53.86100
29 12 20 12 27 22049.30000 4.70000000 600.45000 105.46000 14.19400 53.86100
29 12 20 12 27 22057.00000 4.70000000 601.10000 105.46000 14.19400 53.86100
29 12 20 12 27 22057.00000 4.70000000 601.65000 105.65000 14.19400 53.86100
29 12 20 12 28 22057.00000 4.70000000 600.64000 105.63000 14.19400 53.86100
29 12 20 12 28 22057.00000 4.70000000 600.76000 105.63000 14.19400 53.78000
29 12 20 12 29 22056.90000 4.70000000 600.82000 105.65000 14.19400 53.78000
29 12 20 12 29 22056.90000 4.70000000 601.03000 105.65000 14.19400 53.78000
29 12 20 12 30 22070.00000 4.70000000 601.17000 105.75000 14.19400 53.78000
29 12 20 12 30 22070.00000 4.70000000 601.24000 105.75000 14.19400 53.78000
29 12 20 12 30 22060.10000 4.70000000 600.84000 105.67000 14.19400 53.78000
29 12 20 12 31 22065.10000 4.70000000 600.84000 105.55000 14.19400 53.78000
29 12 20 12 31 22060.20000 4.70000000 600.20000 105.51000 14.19400 53.78000
29 12 20 12 32 22050.00000 4.70000000 599.91000 105.54000 14.19400 53.78000
29 12 20 12 32 22069.90000 4.70000000 599.99000 105.43000 14.19400 53.78000
29 12 20 12 33 22070.00000 4.70000000 600.00000 105.55000 14.19400 53.78000
29 12 20 12 33 22080.00000 4.69400000 600.00000 105.61000 14.19400 53.78000
29 12 20 12 33 22079.90000 4.69400000 600.14000 105.58000 14.19400 53.78000
29 12 20 12 34 22084.60000 4.69400000 599.93000 105.60000 14.19400 53.56400
29 12 20 12 34 22084.60000 4.69400000 599.01000 105.61000 14.19400 53.56400
29 12 20 12 35 22084.70000 4.69400000 599.13000 105.68000 14.19400 53.56400
29 12 20 12 35 22084.60000 4.69400000 599.04000 105.78000 14.19400 53.56400
29 12 20 12 36 22074.00000 4.69400000 599.15000 105.68000 14.19400 53.56400
29 12 20 12 36 22057.10000 4.69400000 599.11000 105.68000 14.19400 53.56400
29 12 20 12 36 22066.00000 4.69400000 599.12000 105.68000 14.19400 53.56400
29 12 20 12 37 22064.00000 4.69400000 599.29000 105.83000 14.19400 53.56400
29 12 20 12 37 22064.00000 4.69400000 599.99000 105.79000 14.19400 53.56400
