M=[
24 6 20 02 15 8522.30000 5.62900000 215.54000 39.22000 15.60000 51.57400
24 6 20 02 15 8522.30000 5.62900000 215.54000 39.22000 15.60000 51.57400
24 6 20 02 16 8522.30000 5.62900000 215.54000 39.22000 15.60000 51.57400
24 6 20 02 16 8522.30000 5.62900000 215.54000 39.22000 15.60000 51.57400
24 6 20 02 17 8522.00000 5.62900000 215.55000 39.22000 15.60000 51.57400
24 6 20 02 17 8522.00000 5.62900000 215.55000 39.22000 15.60000 51.57400
24 6 20 02 17 8521.80000 5.62900000 215.54000 39.22000 15.60000 51.57400
24 6 20 02 18 8521.80000 5.62900000 215.55000 39.22000 15.60000 51.57400
24 6 20 02 18 8521.90000 5.62900000 215.55000 39.22000 15.60900 51.57400
24 6 20 02 19 8522.30000 5.62500000 215.55000 39.22000 15.60000 51.57400
24 6 20 02 19 8523.60000 5.62900000 215.55000 39.22000 15.60000 51.71200
24 6 20 02 20 8523.20000 5.62900000 215.55000 39.22000 15.60000 51.71200
24 6 20 02 20 8523.20000 5.62900000 215.61000 39.22000 15.60000 51.87000
24 6 20 02 21 8523.70000 5.62900000 215.61000 39.22000 15.60000 51.84800
24 6 20 02 21 8523.70000 5.62900000 215.62000 39.22000 15.60000 51.84800
24 6 20 02 22 8523.70000 5.62900000 215.65000 39.22000 15.60000 51.84800
24 6 20 02 22 8523.70000 5.62900000 215.65000 39.22000 15.60000 51.84800
24 6 20 02 22 8523.60000 5.62900000 215.65000 39.22000 15.60000 51.84800
24 6 20 02 23 8523.60000 5.62900000 215.67000 39.22000 15.60000 51.84800
24 6 20 02 23 8523.60000 5.62900000 215.67000 39.22000 15.60000 51.93000
24 6 20 02 24 8523.60000 5.62900000 215.67000 39.22000 15.60000 51.93000
24 6 20 02 24 8523.60000 5.62900000 215.67000 39.22000 15.60000 51.93000
24 6 20 02 25 8523.70000 5.62900000 215.67000 39.22000 15.60000 52.00000
24 6 20 02 25 8524.10000 5.62900000 215.67000 39.22000 15.60000 52.00000
24 6 20 02 26 8524.10000 5.62900000 215.67000 39.22000 15.60000 51.96600
24 6 20 02 26 8526.10000 5.62900000 215.67000 39.22000 15.60000 51.96600
24 6 20 02 26 8524.10000 5.62900000 215.67000 39.22000 15.60000 51.96600
24 6 20 02 27 8524.50000 5.62900000 215.67000 39.22000 15.60000 51.96600
24 6 20 02 27 8524.80000 5.62900000 215.67000 39.22000 15.60000 51.96600
24 6 20 02 28 8524.80000 5.62900000 215.66000 39.22000 15.60000 51.96600
24 6 20 02 28 8524.80000 5.62900000 215.66000 39.22000 15.60000 51.96600
24 6 20 02 29 8523.50000 5.62900000 215.66000 39.22000 15.60000 51.96600
24 6 20 02 29 8523.00000 5.62900000 215.66000 39.22000 15.60000 51.96600
24 6 20 02 30 8523.00000 5.62900000 215.66000 39.22000 15.60000 51.96600
24 6 20 02 30 8524.00000 5.62900000 215.66000 39.22000 15.60000 51.96600
24 6 20 02 31 8526.00000 5.62900000 215.66000 39.22000 15.60000 51.96600
24 6 20 02 31 8526.00000 5.62900000 215.66000 39.22000 15.60000 51.96600
24 6 20 02 31 8525.40000 5.62900000 215.66000 39.22000 15.60000 51.96600
24 6 20 02 32 8525.40000 5.62900000 215.66000 39.22000 15.60000 52.04100
24 6 20 02 32 8524.20000 5.62900000 215.66000 39.22000 15.60000 52.10000
24 6 20 02 33 8524.20000 5.62900000 215.66000 39.22000 15.60000 52.10000
24 6 20 02 33 8524.10000 5.62900000 215.66000 39.22000 15.60000 52.20300
24 6 20 02 34 8523.80000 5.62900000 215.66000 39.22000 15.60000 52.20300
24 6 20 02 34 8523.80000 5.62900000 215.66000 39.22000 15.60000 52.20300
24 6 20 02 35 8523.90000 5.62900000 215.66000 39.22000 15.60000 52.45300
24 6 20 02 35 8524.00000 5.62500000 215.66000 39.22000 15.60000 52.55000
24 6 20 02 35 8522.30000 5.62900000 215.75000 39.22000 15.60000 52.63800
24 6 20 02 36 8522.30000 5.62900000 215.74000 39.22000 15.60000 52.50500
24 6 20 02 36 8522.20000 5.62900000 215.74000 39.22000 15.60000 52.50500
24 6 20 02 37 8522.20000 5.62900000 215.74000 39.22000 15.60900 52.50500
24 6 20 02 37 8522.70000 5.62900000 215.80000 39.22000 15.60000 52.50500
24 6 20 02 38 8521.90000 5.62900000 215.80000 39.22000 15.60000 52.50500
24 6 20 02 38 8521.90000 5.62900000 215.88000 39.22000 15.60900 52.50500
24 6 20 02 39 8522.00000 5.62900000 215.81000 39.14000 15.60000 52.50500
24 6 20 02 39 8521.90000 5.62900000 215.81000 39.14000 15.60000 52.50500
24 6 20 02 40 8522.00000 5.62500000 215.81000 39.14000 15.60000 52.50500
24 6 20 02 40 8520.00000 5.62900000 215.81000 39.14000 15.60000 52.25000
24 6 20 02 40 8520.30000 5.62900000 215.81000 39.14000 15.60000 52.25000
24 6 20 02 41 8520.30000 5.62900000 215.91000 39.14000 15.60000 52.25000
24 6 20 02 41 8520.30000 5.62900000 215.91000 39.14000 15.60900 52.25000
24 6 20 02 42 8520.80000 5.62900000 215.97000 39.14000 15.60000 52.40400
24 6 20 02 42 8522.90000 5.62900000 215.99000 39.14000 15.60000 52.40400
24 6 20 02 43 8523.80000 5.62900000 215.99000 39.14000 15.60000 52.40400
24 6 20 02 43 8523.70000 5.62900000 216.04000 39.14000 15.60000 52.40300
24 6 20 02 44 8523.20000 5.62900000 216.04000 39.14000 15.60000 52.29900
24 6 20 02 44 8523.20000 5.62900000 216.26000 39.14000 15.60000 52.29900
24 6 20 02 45 8523.20000 5.62900000 216.43000 39.14000 15.60000 52.29900
24 6 20 02 45 8523.60000 5.62900000 216.47000 39.14000 15.60000 52.33800
24 6 20 02 46 8526.90000 5.62900000 216.54000 39.14000 15.60000 52.33400
24 6 20 02 46 8528.10000 5.62900000 216.63000 39.14000 15.60000 52.33400
24 6 20 02 47 8526.90000 5.62900000 216.83000 39.14000 15.60000 52.33400
24 6 20 02 47 8537.20000 5.62900000 216.83000 39.14000 15.60000 52.33400
24 6 20 02 47 8537.20000 5.62900000 216.83000 39.14000 15.60000 52.33400
24 6 20 02 48 8536.90000 5.62900000 216.99000 39.14000 15.60000 52.33400
24 6 20 02 48 8537.70000 5.62900000 217.16000 39.14000 15.60000 52.33400
24 6 20 02 49 8537.70000 5.62900000 217.29000 39.14000 15.60000 52.33400
24 6 20 02 49 8537.70000 5.66000000 217.30000 39.14000 15.60000 52.33400
24 6 20 02 50 8539.60000 5.66000000 217.30000 39.14000 15.60000 52.33400
24 6 20 02 50 8539.60000 5.66000000 217.22000 39.14000 15.60000 52.33400
24 6 20 02 51 8539.60000 5.66000000 217.22000 39.14000 15.60000 52.33400
24 6 20 02 51 8539.60000 5.66000000 217.34000 39.14000 15.60000 52.33400
24 6 20 02 52 8539.60000 5.66000000 217.35000 39.14000 15.60000 52.33400
24 6 20 02 52 8539.60000 5.66000000 217.35000 39.14000 15.60000 52.33400
24 6 20 02 53 8537.00000 5.66000000 217.35000 39.14000 15.60000 52.33400
24 6 20 02 53 8537.00000 5.66000000 217.35000 39.14000 15.60000 52.33400
24 6 20 02 53 8537.10000 5.66000000 217.35000 39.14000 15.60000 52.33400
24 6 20 02 54 8537.10000 5.66000000 217.15000 39.14000 15.60000 52.33400
24 6 20 02 54 8537.10000 5.66000000 217.15000 39.14000 15.60000 52.33400
24 6 20 02 55 8537.10000 5.66000000 217.14000 39.14000 15.60000 52.33400
24 6 20 02 55 8537.10000 5.66000000 217.15000 39.14000 15.60000 52.33400
24 6 20 02 56 8537.10000 5.66000000 217.15000 39.14000 15.60000 52.33400
24 6 20 02 56 8536.80000 5.66000000 217.15000 39.14000 15.60000 52.33400
24 6 20 02 57 8536.10000 5.66000000 217.19000 39.14000 15.60000 52.33400
24 6 20 02 57 8536.10000 5.66000000 217.19000 39.14000 15.60000 52.33400
24 6 20 02 58 8536.10000 5.66000000 217.19000 39.14000 15.60000 52.33400
24 6 20 02 58 8539.00000 5.66000000 217.14000 39.14000 15.60000 52.33400
24 6 20 02 58 8540.70000 5.66000000 217.14000 39.14000 15.60000 52.33400
24 6 20 02 59 8539.60000 5.66000000 217.14000 39.14000 15.60000 52.33400
24 6 20 02 59 8539.60000 5.66000000 217.14000 39.14000 15.60000 52.33400
24 6 20 03 00 8541.00000 5.66000000 217.14000 39.14000 15.60000 52.33400
24 6 20 03 00 8541.00000 5.66000000 217.14000 39.14000 15.60000 52.33400
24 6 20 03 01 8541.00000 5.66000000 217.45000 39.14000 15.60000 52.33400
24 6 20 03 01 8541.00000 5.66000000 217.45000 39.14000 15.60000 52.33400
24 6 20 03 02 8541.00000 5.66800000 217.45000 39.14000 15.60000 52.33400
24 6 20 03 02 8539.00000 5.66800000 217.07000 39.14000 15.60000 52.33400
24 6 20 03 03 8539.70000 5.66800000 217.10000 39.14000 15.60000 52.33400
24 6 20 03 03 8539.70000 5.66800000 217.10000 39.14000 15.60000 52.33400
24 6 20 03 04 8539.70000 5.66800000 217.10000 39.14000 15.60000 52.33400
24 6 20 03 04 8541.00000 5.66800000 217.10000 39.14000 15.60000 52.33400
