M=[
 3 6 20 04 34 8500.10000 6.15000000 211.38000 41.13000 11.97700 45.63200
 3 6 20 04 35 8500.20000 6.15000000 211.39000 41.13000 11.97700 45.63200
 3 6 20 04 35 8500.20000 6.15000000 211.40000 41.13000 11.97700 45.63200
 3 6 20 04 36 8500.10000 6.15000000 211.37000 41.13000 11.97700 45.63200
 3 6 20 04 36 8500.20000 6.19600000 211.39000 41.13000 11.97700 45.79600
 3 6 20 04 37 8500.10000 6.19600000 211.39000 41.13000 11.97700 45.79600
 3 6 20 04 37 8500.20000 6.15000000 211.39000 41.09000 11.97700 45.79600
 3 6 20 04 37 8500.20000 6.19600000 211.39000 41.09000 11.97700 45.79600
 3 6 20 04 38 8500.10000 6.19600000 211.39000 41.09000 11.97700 45.79600
 3 6 20 04 38 8500.20000 6.19600000 211.39000 41.09000 11.97700 45.79600
 3 6 20 04 39 8500.20000 6.19600000 211.39000 41.10000 11.97700 45.79600
 3 6 20 04 39 8500.20000 6.19600000 211.39000 41.10000 11.97700 45.79600
 3 6 20 04 40 8500.20000 6.15000000 211.39000 41.10000 11.97700 45.79600
 3 6 20 04 40 8500.10000 6.19600000 211.39000 41.10000 11.97700 45.79600
 3 6 20 04 41 8500.20000 6.19600000 211.39000 41.10000 11.97700 45.79600
 3 6 20 04 41 8500.20000 6.19600000 211.39000 41.10000 11.97700 45.79600
 3 6 20 04 42 8500.20000 6.15000000 211.39000 41.10000 11.97700 45.79600
 3 6 20 04 42 8501.20000 6.19600000 211.39000 41.09000 11.97700 45.79600
 3 6 20 04 43 8501.10000 6.19600000 211.39000 41.12000 11.97700 45.79600
 3 6 20 04 43 8501.20000 6.19600000 211.48000 41.12000 11.97700 45.79600
 3 6 20 04 44 8501.20000 6.19600000 211.48000 41.12000 11.97700 45.79600
 3 6 20 04 44 8501.20000 6.19600000 211.48000 41.12000 11.97700 45.79600
 3 6 20 04 45 8501.20000 6.19600000 211.48000 41.12000 11.97700 45.79600
 3 6 20 04 45 8501.20000 6.19600000 211.48000 41.12000 11.97700 45.63200
 3 6 20 04 46 8501.20000 6.19600000 211.48000 41.12000 11.97700 45.79600
 3 6 20 04 47 8501.80000 6.19600000 211.48000 41.12000 11.97700 45.79600
 3 6 20 04 47 8501.80000 6.19600000 211.48000 41.12000 11.97700 45.79600
 3 6 20 04 47 8501.80000 6.19600000 211.48000 41.12000 11.97700 45.79600
 3 6 20 04 48 8501.70000 6.19600000 211.39000 41.12000 11.97700 45.79600
 3 6 20 04 48 8501.60000 6.19600000 211.45000 41.12000 11.97700 45.79600
 3 6 20 04 49 8501.60000 6.19600000 211.40000 41.12000 11.97700 45.79600
 3 6 20 04 49 8501.70000 6.19600000 211.40000 41.12000 11.97700 45.79600
 3 6 20 04 50 8501.70000 6.19600000 211.37000 41.12000 11.97700 45.79600
 3 6 20 04 50 8501.60000 6.19600000 211.37000 41.12000 11.97700 45.79600
 3 6 20 04 51 8501.60000 6.19600000 211.37000 41.12000 11.97700 45.79600
 3 6 20 04 52 8499.90000 6.18300000 211.30000 41.09000 11.97700 45.79600
 3 6 20 04 52 8499.90000 6.18300000 211.10000 41.09000 11.97700 45.79600
 3 6 20 04 53 8498.90000 6.18300000 211.10000 41.09000 11.97700 45.79600
 3 6 20 04 53 8498.90000 6.18300000 211.01000 41.09000 11.97700 45.79600
 3 6 20 04 54 8498.80000 6.18300000 211.01000 41.09000 11.97700 45.79600
 3 6 20 04 54 8497.60000 6.18300000 211.01000 41.09000 11.97700 45.79600
 3 6 20 04 55 8493.10000 6.18400000 211.01000 41.09000 11.97700 45.79600
 3 6 20 04 55 8490.90000 6.15000000 211.01000 41.09000 11.97700 45.79600
 3 6 20 04 56 8491.00000 6.18400000 211.01000 41.09000 11.97700 45.79600
 3 6 20 04 56 8488.60000 6.18400000 211.01000 41.02000 11.97700 45.79600
 3 6 20 04 57 8488.60000 6.18400000 211.01000 41.02000 11.97700 45.79600
 3 6 20 04 57 8491.00000 6.18400000 211.30000 41.02000 11.97700 45.79600
 3 6 20 04 58 8491.00000 6.18400000 211.30000 41.03000 11.97700 45.79600
 3 6 20 04 58 8490.80000 6.18400000 211.30000 41.03000 12.01300 45.79600
 3 6 20 04 58 8490.80000 6.18400000 211.09000 41.03000 12.01300 45.79600
 3 6 20 04 59 8490.90000 6.18300000 211.09000 41.03000 11.97700 45.79600
 3 6 20 05 00 8490.80000 6.18300000 211.09000 41.03000 11.97700 45.79600
 3 6 20 05 00 8490.90000 6.18300000 211.07000 41.03000 11.97700 45.79600
 3 6 20 05 00 8490.90000 6.18300000 211.07000 41.03000 11.97700 45.79600
 3 6 20 05 01 8490.80000 6.18300000 211.15000 41.03000 11.97700 45.79600
 3 6 20 05 01 8490.90000 6.18300000 211.15000 41.03000 11.97700 45.79600
 3 6 20 05 02 8490.90000 6.18400000 211.12000 41.03000 12.01300 45.79600
 3 6 20 05 02 8490.90000 6.18300000 211.07000 41.03000 11.97700 45.79600
 3 6 20 05 03 8490.80000 6.18300000 211.07000 41.03000 11.97700 45.79600
 3 6 20 05 03 8490.90000 6.18300000 211.15000 40.96000 11.97700 45.79600
 3 6 20 05 04 8490.90000 6.18400000 211.15000 40.96000 11.97700 45.79600
 3 6 20 05 04 8490.90000 6.18300000 211.25000 40.96000 11.97700 45.63200
 3 6 20 05 05 8491.30000 6.18400000 211.25000 40.96000 11.97700 45.79600
 3 6 20 05 05 8491.30000 6.18300000 211.25000 40.96000 11.97700 45.79600
 3 6 20 05 06 8491.30000 6.18300000 211.11000 40.96000 11.97700 45.79600
 3 6 20 05 06 8492.10000 6.18300000 211.11000 40.96000 11.97700 45.79600
 3 6 20 05 07 8492.00000 6.18300000 211.11000 40.96000 11.97700 45.79600
 3 6 20 05 07 8492.00000 6.18300000 211.09000 40.96000 11.97700 45.79600
 3 6 20 05 08 8492.00000 6.18300000 211.09000 40.96000 11.97700 45.63200
 3 6 20 05 08 8492.00000 6.18300000 211.08000 40.96000 11.97700 45.63200
 3 6 20 05 09 8492.00000 6.18300000 211.05000 41.09000 11.97700 45.79600
 3 6 20 05 09 8492.10000 6.17000000 211.15000 40.96000 11.97700 45.79600
 3 6 20 05 10 8492.10000 6.17000000 211.15000 40.96000 11.97700 45.79600
 3 6 20 05 10 8492.10000 6.17000000 211.15000 40.96000 11.97700 45.79600
 3 6 20 05 11 8492.10000 6.17000000 211.15000 40.92000 11.97700 45.63400
 3 6 20 05 11 8492.10000 6.17000000 211.16000 40.94000 11.97700 45.79600
 3 6 20 05 12 8492.10000 6.17000000 211.15000 40.94000 11.97700 45.79600
 3 6 20 05 12 8492.10000 6.17000000 211.03000 40.94000 11.97700 45.79600
 3 6 20 05 13 8485.10000 6.17000000 210.58000 40.89000 11.97700 45.79600
 3 6 20 05 13 8485.00000 6.18400000 210.57000 40.89000 11.97700 45.79600
 3 6 20 05 14 8481.30000 6.17000000 210.57000 40.89000 11.97700 45.75400
 3 6 20 05 14 8481.20000 6.17100000 210.58000 40.82000 11.97700 45.75400
 3 6 20 05 15 8475.00000 6.17100000 210.57000 40.82000 11.97700 45.75400
 3 6 20 05 15 8485.00000 6.17100000 210.57000 40.81000 11.97700 45.75400
 3 6 20 05 16 8470.90000 6.17100000 210.36000 40.81000 11.97700 45.63200
 3 6 20 05 16 8470.90000 6.17000000 210.24000 40.76000 11.97700 45.79600
 3 6 20 05 17 8470.90000 6.17100000 210.24000 40.76000 11.97700 45.75400
 3 6 20 05 18 8450.00000 6.15000000 209.52000 40.75000 11.97700 45.75400
 3 6 20 05 18 8450.00000 6.15000000 209.77000 40.75000 11.97400 45.75400
 3 6 20 05 19 8455.70000 6.15000000 209.89000 40.75000 11.97400 45.75400
 3 6 20 05 19 8450.20000 6.15000000 209.76000 40.73000 11.97400 45.75400
 3 6 20 05 20 8456.60000 6.15000000 209.90000 40.73000 11.97400 45.75400
 3 6 20 05 20 8456.90000 6.15000000 210.05000 40.73000 11.97400 45.75400
 3 6 20 05 21 8459.90000 6.15000000 210.05000 40.81000 11.97400 45.75400
 3 6 20 05 21 8459.80000 6.17100000 209.99000 40.73000 11.97400 45.75400
 3 6 20 05 22 8455.80000 6.15000000 210.05000 40.75000 11.97400 45.75400
 3 6 20 05 22 8455.70000 6.15000000 210.05000 40.73000 11.97400 45.75400
 3 6 20 05 23 8450.00000 6.15000000 209.78000 40.73000 11.97400 45.75400
 3 6 20 05 23 8446.30000 6.17100000 209.77000 40.69000 11.97400 45.79600
 3 6 20 05 24 8447.10000 6.15000000 209.77000 40.61000 11.97400 45.75400
 3 6 20 05 24 8448.90000 6.15000000 209.63000 40.69000 11.97400 45.75400
 3 6 20 05 25 8448.30000 6.15000000 209.63000 40.69000 11.97400 45.75400
 3 6 20 05 26 8447.20000 6.15000000 209.63000 40.61000 11.97400 45.75400
 3 6 20 05 26 8447.20000 6.15000000 209.63000 40.61000 11.97400 45.75400
 3 6 20 05 27 8446.30000 6.15000000 209.70000 40.61000 11.97400 45.75400
 3 6 20 05 28 8419.30000 6.13300000 209.28000 40.50000 11.97700 45.09100
 3 6 20 05 28 8441.90000 6.14200000 209.62000 40.67000 11.97400 45.09100
 3 6 20 05 29 8441.90000 6.14200000 209.42000 40.67000 11.97700 45.09100
 3 6 20 05 29 8445.00000 6.14200000 209.45000 40.67000 11.97400 45.09100
