M=[
23 8 20 05 31 9849.00000 5.64200000 331.07000 49.87000 22.62700 64.15800
23 8 20 05 31 9848.90000 5.64200000 331.07000 49.87000 22.62700 64.15800
23 8 20 05 32 9848.90000 5.64200000 330.96000 49.87000 22.68000 64.15800
23 8 20 05 32 9846.90000 5.64200000 330.95000 49.87000 22.68100 64.15800
23 8 20 05 33 9843.00000 5.64200000 330.95000 49.94000 22.68200 64.15800
23 8 20 05 33 9843.00000 5.64200000 330.63000 49.94000 22.68200 64.15800
23 8 20 05 34 9843.10000 5.64200000 330.63000 49.90000 22.73700 64.15800
23 8 20 05 34 9843.10000 5.64200000 330.63000 49.90000 22.73700 64.15800
23 8 20 05 35 9843.00000 5.64200000 330.63000 49.90000 22.73700 64.15800
23 8 20 05 35 9843.00000 5.64200000 330.63000 49.90000 22.73700 64.15800
23 8 20 05 36 9843.00000 5.64200000 330.35000 49.90000 22.73700 64.15800
23 8 20 05 36 9843.00000 5.64200000 330.33000 49.90000 22.73700 64.15800
23 8 20 05 37 9843.10000 5.64200000 330.34000 49.90000 22.73700 64.15800
23 8 20 05 37 9843.00000 5.64200000 330.34000 49.89000 22.73700 64.15800
23 8 20 05 37 9843.00000 5.64200000 330.33000 49.84000 22.67000 63.90600
23 8 20 05 38 9842.00000 5.64200000 330.40000 49.82000 22.67000 63.90600
23 8 20 05 38 9840.30000 5.64200000 330.40000 49.82000 22.67000 63.90600
23 8 20 05 39 9840.20000 5.64200000 330.34000 49.84000 22.67000 63.89900
23 8 20 05 39 9840.10000 5.64200000 330.34000 49.86000 22.75500 63.89900
23 8 20 05 40 9840.20000 5.64200000 330.34000 49.85000 22.75500 63.89900
23 8 20 05 40 9840.20000 5.64200000 330.37000 49.85000 22.75500 63.89900
23 8 20 05 41 9840.00000 5.64200000 330.36000 49.81000 22.66900 63.89900
23 8 20 05 41 9840.10000 5.64200000 330.36000 49.83000 22.66900 63.89900
23 8 20 05 42 9840.00000 5.62500000 330.36000 49.83000 22.66900 63.68900
23 8 20 05 42 9840.10000 5.62500000 330.36000 49.83000 22.66900 63.68900
23 8 20 05 43 9840.10000 5.62500000 330.36000 49.83000 22.66900 63.68900
23 8 20 05 43 9840.10000 5.62500000 330.36000 49.83000 22.66900 63.68900
23 8 20 05 44 9840.10000 5.62500000 330.36000 49.75000 22.59600 63.68900
23 8 20 05 44 9840.10000 5.62500000 330.36000 49.79000 22.59600 63.68900
23 8 20 05 45 9840.00000 5.62500000 330.33000 49.79000 22.74300 63.68900
23 8 20 05 45 9840.10000 5.62500000 330.33000 49.75000 22.74300 63.68900
23 8 20 05 46 9840.10000 5.62500000 330.32000 49.75000 22.74300 63.68900
23 8 20 05 46 9840.10000 5.62500000 330.32000 49.75000 22.74300 63.68900
23 8 20 05 47 9840.10000 5.62500000 330.33000 49.75000 22.74300 63.68900
23 8 20 05 47 9840.00000 5.62500000 330.33000 49.75000 22.74300 63.68900
23 8 20 05 47 9840.10000 5.62500000 330.33000 49.75000 22.74300 63.68900
23 8 20 05 48 9840.00000 5.62500000 330.33000 49.80000 22.74300 63.68900
23 8 20 05 48 9840.10000 5.62500000 330.33000 49.80000 22.74300 63.68900
23 8 20 05 49 9840.10000 5.62500000 330.33000 49.80000 22.74300 63.68900
23 8 20 05 49 9840.00000 5.62500000 330.30000 49.80000 22.74300 63.68900
23 8 20 05 50 9840.00000 5.62500000 330.31000 49.80000 22.69600 63.68900
23 8 20 05 50 9840.00000 5.62500000 330.26000 49.80000 22.69600 63.68900
23 8 20 05 51 9840.00000 5.62500000 330.26000 49.80000 22.69600 63.68900
23 8 20 05 51 9840.00000 5.62500000 330.20000 49.80000 22.69600 63.68900
23 8 20 05 51 9839.90000 5.62000000 330.10000 49.80000 22.69600 63.68900
23 8 20 05 52 9830.80000 5.62000000 330.10000 49.69000 22.51000 63.57400
23 8 20 05 52 9830.90000 5.62000000 330.10000 49.68000 22.48200 63.53000
23 8 20 05 53 9830.90000 5.62000000 330.00000 49.68000 22.45700 63.53000
23 8 20 05 53 9828.90000 5.62000000 330.00000 49.63000 22.39100 63.51300
23 8 20 05 54 9828.90000 5.62000000 329.49000 49.63000 22.39100 63.51300
23 8 20 05 54 9828.80000 5.62000000 329.68000 49.63000 22.39100 63.51300
23 8 20 05 55 9831.30000 5.62000000 329.68000 49.76000 22.39100 63.51300
23 8 20 05 55 9831.30000 5.62000000 329.68000 49.76000 22.32800 63.51300
23 8 20 05 56 9831.30000 5.62000000 330.00000 49.76000 22.32800 63.51300
23 8 20 05 56 9836.70000 5.62000000 330.14000 49.76000 22.31900 63.51300
23 8 20 05 57 9836.70000 5.62000000 330.31000 49.76000 22.31900 63.51300
23 8 20 05 57 9836.80000 5.62000000 330.32000 49.76000 22.21500 63.51300
23 8 20 05 58 9838.70000 5.62000000 330.64000 49.86000 22.21500 63.51300
23 8 20 05 58 9838.70000 5.62000000 330.61000 49.86000 22.21500 63.51300
23 8 20 05 59 9838.70000 5.62000000 330.61000 49.86000 22.20800 63.51300
23 8 20 05 59 9838.70000 5.62000000 330.61000 49.86000 22.14000 63.51300
23 8 20 06 00 9838.70000 5.62000000 330.61000 49.86000 22.14000 63.51300
23 8 20 06 00 9838.80000 5.62000000 330.61000 49.86000 22.14000 63.51300
23 8 20 06 01 9838.60000 5.62000000 330.61000 49.81000 22.11000 63.51300
23 8 20 06 01 9838.50000 5.62000000 330.61000 49.81000 21.95600 63.51300
23 8 20 06 02 9838.50000 5.62000000 330.67000 49.81000 21.91900 63.51300
23 8 20 06 02 9838.60000 5.62000000 330.67000 49.78000 21.91900 63.51300
23 8 20 06 03 9833.30000 5.62000000 330.68000 49.78000 21.91900 63.51300
23 8 20 06 03 9833.30000 5.62700000 330.68000 49.78000 21.86000 63.51300
23 8 20 06 04 9837.50000 5.62700000 330.68000 49.78000 21.86000 63.51300
23 8 20 06 04 9837.40000 5.62700000 330.67000 49.78000 21.84800 63.51300
23 8 20 06 04 9837.40000 5.62700000 330.83000 49.78000 21.84800 63.51300
23 8 20 06 05 9840.20000 5.62700000 330.83000 49.78000 21.84800 63.51300
23 8 20 06 06 9840.80000 5.62700000 331.29000 49.78000 21.84800 64.41500
23 8 20 06 06 9845.40000 5.62700000 331.29000 49.78000 21.84800 64.41400
23 8 20 06 07 9849.00000 5.62700000 332.29000 49.78000 22.04300 64.41400
23 8 20 06 07 9849.30000 5.62700000 332.52000 49.78000 22.04400 64.41400
23 8 20 06 08 9860.10000 5.62700000 332.85000 49.78000 22.10600 64.41400
23 8 20 06 09 9858.70000 5.62700000 332.47000 49.78000 22.10500 64.41400
23 8 20 06 09 9859.90000 5.62700000 332.47000 49.78000 22.10500 64.41400
23 8 20 06 10 9859.90000 5.62700000 332.80000 49.78000 22.10500 64.41400
23 8 20 06 10 9858.30000 5.62700000 332.74000 49.78000 22.10500 64.41400
23 8 20 06 11 9857.90000 5.62700000 332.57000 49.78000 22.11000 64.41400
23 8 20 06 11 9857.90000 5.62700000 332.49000 49.78000 22.11000 64.41400
23 8 20 06 12 9857.90000 5.62700000 332.17000 49.78000 22.20300 64.41400
23 8 20 06 12 9856.60000 5.62700000 332.04000 49.78000 22.20300 64.41400
23 8 20 06 12 9856.20000 5.62700000 332.47000 49.78000 22.11300 64.41400
23 8 20 06 13 9856.20000 5.62700000 332.36000 49.78000 22.22900 64.41400
23 8 20 06 13 9856.30000 5.62700000 332.45000 50.10000 22.22900 64.41400
23 8 20 06 14 9856.40000 5.62700000 332.43000 50.10000 22.23000 64.41400
23 8 20 06 14 9856.40000 5.62700000 332.48000 50.10000 22.22700 64.41400
23 8 20 06 15 9856.30000 5.62700000 332.53000 50.10000 22.22700 64.41400
23 8 20 06 15 9856.30000 5.62700000 332.73000 50.10000 22.22700 64.41400
23 8 20 06 16 9856.90000 5.62700000 332.57000 50.10000 22.22700 64.41400
23 8 20 06 16 9857.10000 5.62700000 332.57000 50.10000 22.22700 64.41400
23 8 20 06 17 9857.10000 5.62700000 332.56000 50.10000 22.22700 64.41400
23 8 20 06 17 9856.90000 5.62700000 332.45000 50.10000 22.22700 64.41400
23 8 20 06 18 9856.30000 5.62700000 332.08000 50.10000 22.19100 64.41400
23 8 20 06 18 9856.30000 5.63800000 332.08000 50.10000 22.12000 64.41400
23 8 20 06 19 9856.40000 5.63800000 331.95000 50.10000 22.12000 64.68900
23 8 20 06 19 9856.30000 5.65200000 331.89000 50.10000 22.12000 64.68900
23 8 20 06 20 9849.70000 5.65200000 331.89000 50.10000 22.12000 64.68900
23 8 20 06 20 9851.20000 5.65200000 331.89000 50.10000 22.12000 64.68900
23 8 20 06 21 9849.40000 5.65200000 332.12000 50.10000 22.12000 64.68900
23 8 20 06 21 9849.30000 5.65200000 332.13000 50.10000 22.12000 64.68900
23 8 20 06 21 9849.30000 5.65200000 332.16000 50.10000 22.12000 64.68900
23 8 20 06 22 9849.40000 5.65200000 332.14000 50.12000 22.12000 64.70000
23 8 20 06 22 9849.40000 5.65200000 332.14000 50.12000 22.12000 64.70000
23 8 20 06 23 9849.40000 5.65200000 332.14000 50.14000 22.12000 64.70000
