M=[
11 11 20 03 30 13068.70000 4.37000000 392.69000 50.58000 13.59400 50.92300
11 11 20 03 30 13067.80000 4.37000000 392.69000 50.58000 13.59400 50.92300
11 11 20 03 31 13067.80000 4.37000000 392.83000 50.58000 13.59400 50.92300
11 11 20 03 31 13066.40000 4.37000000 392.83000 50.58000 13.59400 50.92300
11 11 20 03 32 13062.80000 4.37000000 392.46000 50.58000 13.59400 50.92300
11 11 20 03 32 13062.80000 4.37000000 392.46000 50.58000 13.59400 50.92300
11 11 20 03 32 13054.70000 4.37000000 392.46000 50.58000 13.59400 50.92300
11 11 20 03 33 13053.70000 4.37000000 392.46000 50.58000 13.59400 50.92300
11 11 20 03 33 13053.70000 4.37000000 392.46000 50.58000 13.59400 50.92300
11 11 20 03 34 13050.20000 4.37000000 392.10000 50.58000 13.59400 50.92300
11 11 20 03 34 13050.00000 4.37000000 392.10000 50.58000 13.59400 50.92300
11 11 20 03 35 13053.80000 4.37000000 392.10000 50.58000 13.59400 50.92300
11 11 20 03 35 13053.80000 4.37000000 392.10000 50.58000 13.59400 50.92300
11 11 20 03 35 13053.80000 4.37000000 392.10000 50.58000 13.59400 50.92300
11 11 20 03 36 13058.00000 4.37000000 392.48000 50.58000 13.59400 50.92300
11 11 20 03 36 13058.00000 4.37000000 392.48000 50.58000 13.59400 50.92300
11 11 20 03 37 13058.00000 4.37000000 392.64000 50.58000 13.59400 50.92300
11 11 20 03 37 13067.00000 4.37000000 392.68000 50.58000 13.59400 50.92300
11 11 20 03 38 13067.00000 4.37000000 392.68000 50.58000 13.59400 50.92300
11 11 20 03 38 13068.80000 4.37000000 392.68000 50.58000 13.59400 50.92300
11 11 20 03 38 13070.20000 4.37000000 392.42000 50.58000 13.59400 50.92300
11 11 20 03 39 13069.10000 4.37000000 392.42000 50.58000 13.59400 50.92300
11 11 20 03 39 13070.10000 4.37000000 392.74000 50.58000 13.59400 50.92300
11 11 20 03 40 13073.00000 4.37000000 392.62000 50.58000 13.59400 50.92300
11 11 20 03 40 13073.00000 4.37000000 392.80000 50.58000 13.59400 50.92300
11 11 20 03 41 13073.00000 4.37000000 392.80000 50.58000 13.78400 50.92300
11 11 20 03 41 13070.40000 4.37000000 392.81000 50.58000 13.78400 50.92300
11 11 20 03 41 13070.40000 4.37000000 392.83000 50.58000 13.78400 50.92300
11 11 20 03 42 13071.90000 4.37000000 392.76000 50.58000 13.78400 50.92300
11 11 20 03 42 13073.20000 4.37000000 392.76000 50.82000 13.78400 50.92300
11 11 20 03 43 13073.20000 4.37000000 392.76000 50.81000 13.78400 50.98900
11 11 20 03 43 13073.20000 4.37000000 392.76000 50.81000 13.78400 50.98900
11 11 20 03 44 13073.60000 4.38800000 392.76000 50.84000 13.78400 50.98900
11 11 20 03 44 13073.60000 4.38800000 392.76000 50.84000 13.78400 50.98900
11 11 20 03 44 13073.80000 4.38800000 392.72000 50.84000 13.78400 50.98900
11 11 20 03 45 13073.80000 4.38800000 392.83000 50.84000 13.78400 50.98900
11 11 20 03 45 13073.80000 4.38800000 392.83000 50.86000 13.78400 50.98900
11 11 20 03 46 13073.80000 4.38800000 392.83000 50.86000 13.78400 50.98900
11 11 20 03 46 13073.80000 4.38800000 392.32000 50.87000 13.78400 50.98900
11 11 20 03 47 13073.70000 4.38800000 392.32000 50.87000 13.78400 50.98900
11 11 20 03 47 13073.70000 4.38800000 392.51000 50.87000 13.78400 50.98900
11 11 20 03 47 13073.70000 4.38800000 392.73000 50.85000 13.78400 50.98900
11 11 20 03 48 13073.80000 4.38800000 392.52000 50.85000 13.78400 50.98900
11 11 20 03 48 13073.80000 4.38800000 392.52000 50.84000 13.78400 50.98900
11 11 20 03 49 13073.80000 4.38800000 392.52000 50.84000 13.78400 50.98900
11 11 20 03 49 13073.30000 4.38800000 392.30000 50.84000 13.78400 50.98900
11 11 20 03 50 13073.20000 4.38800000 392.38000 50.84000 13.78400 50.98900
11 11 20 03 50 13073.20000 4.38800000 392.31000 50.84000 13.78400 50.98900
11 11 20 03 50 13073.20000 4.38800000 392.31000 50.84000 13.78400 50.98900
11 11 20 03 51 13073.20000 4.38800000 392.31000 50.84000 13.78400 50.98900
11 11 20 03 51 13073.20000 4.38800000 392.31000 50.84000 13.78400 50.98900
11 11 20 03 52 13074.40000 4.38800000 392.31000 50.84000 13.78400 50.98900
11 11 20 03 52 13074.40000 4.38800000 392.31000 50.84000 13.61400 50.98900
11 11 20 03 53 13074.40000 4.39200000 392.99000 50.84000 13.61400 50.98900
11 11 20 03 53 13075.00000 4.39200000 392.99000 50.84000 13.61400 50.98900
11 11 20 03 53 13075.00000 4.39200000 392.99000 50.84000 13.61400 50.98900
11 11 20 03 54 13075.00000 4.39200000 393.19000 50.84000 13.61400 50.98900
11 11 20 03 54 13075.00000 4.39200000 393.22000 50.84000 13.61400 50.98900
11 11 20 03 55 13075.00000 4.39200000 393.22000 50.84000 13.61400 50.98900
11 11 20 03 55 13075.00000 4.39200000 393.21000 50.84000 13.61400 50.98900
11 11 20 03 56 13072.60000 4.39200000 392.90000 50.84000 13.61400 50.98900
11 11 20 03 56 13071.90000 4.39200000 392.90000 50.84000 13.61400 50.98900
11 11 20 03 56 13071.90000 4.39200000 392.90000 50.84000 13.61400 50.98900
11 11 20 03 57 13067.50000 4.39200000 392.85000 50.84000 13.61400 50.98900
11 11 20 03 57 13065.80000 4.39200000 392.56000 50.84000 13.61400 50.98900
11 11 20 03 58 13063.20000 4.39200000 392.56000 50.84000 13.61400 50.98900
11 11 20 03 58 13061.00000 4.39200000 392.56000 50.65000 13.61400 50.98900
11 11 20 03 59 13061.00000 4.39200000 392.56000 50.65000 13.61400 50.98900
11 11 20 03 59 13050.00000 4.39200000 392.14000 50.60000 13.61400 50.98900
11 11 20 03 59 13050.00000 4.39200000 392.13000 50.55000 13.61400 50.98900
11 11 20 04 00 13065.60000 4.39200000 393.05000 50.55000 13.61400 50.98900
11 11 20 04 00 13066.20000 4.39200000 393.02000 50.57000 13.61400 50.75800
11 11 20 04 01 13068.50000 4.39200000 393.02000 50.57000 13.61400 50.75800
11 11 20 04 01 13068.50000 4.39200000 393.23000 50.57000 13.61400 50.75800
11 11 20 04 02 13068.40000 4.39200000 393.43000 50.57000 13.61400 50.75800
11 11 20 04 02 13068.50000 4.39200000 393.69000 50.68000 13.61400 50.75800
11 11 20 04 02 13070.00000 4.39200000 394.66000 50.68000 13.61400 50.75800
11 11 20 04 03 13077.50000 4.39200000 394.65000 50.68000 13.61400 50.75800
11 11 20 04 03 13077.40000 4.39200000 394.54000 50.68000 13.61400 50.75800
11 11 20 04 04 13079.90000 4.39200000 394.30000 50.68000 13.61400 50.75800
11 11 20 04 04 13079.90000 4.39200000 394.30000 50.68000 13.61400 50.75800
11 11 20 04 05 13080.00000 4.39200000 394.15000 50.68000 13.61400 50.75800
11 11 20 04 05 13080.00000 4.39200000 394.01000 50.68000 13.61400 50.75800
11 11 20 04 05 13079.90000 4.39200000 394.13000 50.68000 13.61400 50.75800
11 11 20 04 06 13079.90000 4.39200000 394.13000 50.68000 13.61400 50.75800
11 11 20 04 06 13080.00000 4.39200000 394.51000 50.68000 13.61400 50.75800
11 11 20 04 07 13080.00000 4.39200000 394.16000 50.68000 13.61400 50.75800
11 11 20 04 07 13080.00000 4.39200000 394.16000 50.68000 13.61400 50.75800
11 11 20 04 08 13080.00000 4.39200000 394.16000 50.68000 13.61400 50.75800
11 11 20 04 08 13073.10000 4.39200000 394.16000 50.68000 13.61400 50.75800
11 11 20 04 08 13073.10000 4.40000000 394.11000 50.68000 13.61400 50.69300
11 11 20 04 09 13073.10000 4.40000000 394.11000 50.68000 13.61400 50.69300
11 11 20 04 09 13073.10000 4.40000000 393.54000 50.63000 13.61400 50.69300
11 11 20 04 10 13073.10000 4.40000000 393.54000 50.63000 13.61400 50.69300
11 11 20 04 10 13053.40000 4.40000000 393.54000 50.63000 13.61400 50.41700
11 11 20 04 11 13050.10000 4.40000000 392.02000 50.63000 13.61400 50.43100
11 11 20 04 11 13050.00000 4.40000000 391.79000 50.63000 13.61400 50.43100
11 11 20 04 12 13050.10000 4.40000000 391.79000 50.63000 13.61400 50.43100
11 11 20 04 12 13050.10000 4.40000000 391.79000 50.63000 13.61400 50.49000
11 11 20 04 12 13037.10000 4.40000000 391.79000 50.63000 13.61400 50.49000
11 11 20 04 13 13043.70000 4.40000000 391.59000 50.50000 13.61400 50.49000
11 11 20 04 13 13048.60000 4.40000000 391.92000 50.50000 13.61400 50.49000
11 11 20 04 14 13048.60000 4.40000000 391.92000 50.50000 13.61400 50.49000
11 11 20 04 14 13048.60000 4.40000000 391.92000 50.50000 13.61400 50.49000
11 11 20 04 15 13048.60000 4.40000000 392.06000 50.50000 13.61400 50.49000
11 11 20 04 15 13051.60000 4.40000000 392.06000 50.50000 13.61400 50.49000
