M=[
17 2 21 01 04 40689.20000 11.88400000 1464.06000 172.81000 31.48300 128.23000
17 2 21 01 04 40669.10000 11.88400000 1464.05000 172.81000 31.48300 127.82000
17 2 21 01 05 40703.00000 11.88400000 1464.06000 172.87000 31.48300 127.82000
17 2 21 01 05 40741.80000 11.88400000 1464.95000 173.25000 31.58000 127.82000
17 2 21 01 05 40745.70000 11.88400000 1466.25000 173.25000 31.58000 128.64900
17 2 21 01 06 40782.30000 11.88400000 1467.85000 173.16000 31.99500 128.64900
17 2 21 01 06 40804.00000 11.88400000 1467.85000 173.06000 31.29000 128.65000
17 2 21 01 07 40817.10000 11.95400000 1467.19000 173.16000 31.29000 128.65000
17 2 21 01 07 40831.80000 12.04200000 1467.86000 173.25000 31.29000 128.65000
17 2 21 01 08 40833.50000 12.04200000 1467.86000 173.25000 31.29000 128.63900
17 2 21 01 08 40773.80000 12.04200000 1466.44000 173.03000 31.29000 128.63900
17 2 21 01 08 40759.60000 12.04200000 1466.44000 172.91000 31.29000 128.63900
17 2 21 01 09 40741.60000 12.04200000 1465.42000 172.89000 31.29000 128.63900
17 2 21 01 09 40707.30000 12.04200000 1465.18000 172.39000 31.29000 128.63900
17 2 21 01 10 40711.60000 12.04200000 1465.18000 172.39000 31.29000 127.84700
17 2 21 01 10 40748.50000 12.04200000 1465.87000 172.39000 31.29000 127.84700
17 2 21 01 11 40748.50000 12.04200000 1465.87000 172.39000 31.29000 127.84700
17 2 21 01 11 40771.10000 12.04200000 1465.89000 172.39000 31.29000 127.84700
17 2 21 01 11 40783.00000 12.04200000 1465.89000 173.07000 31.29000 127.84700
17 2 21 01 12 40782.70000 12.04200000 1466.28000 173.07000 31.29000 127.84700
17 2 21 01 12 40760.20000 12.04200000 1466.28000 173.07000 31.29000 127.84700
17 2 21 01 13 40770.70000 12.05000000 1466.28000 173.07000 31.29000 127.84700
17 2 21 01 13 40771.20000 12.17100000 1466.43000 173.07000 31.29000 127.84700
17 2 21 01 14 40729.10000 12.17100000 1464.98000 173.07000 31.29000 127.84700
17 2 21 01 14 40740.50000 12.17100000 1465.38000 173.06000 31.29000 127.84700
17 2 21 01 14 40752.20000 12.17100000 1466.48000 173.06000 31.29000 127.84700
17 2 21 01 15 40731.80000 12.17100000 1466.48000 173.06000 31.31600 127.87400
17 2 21 01 15 40759.70000 12.26500000 1467.53000 173.26000 31.31600 127.87400
17 2 21 01 16 40769.90000 12.22900000 1468.24000 173.26000 31.31600 127.87400
17 2 21 01 16 40774.90000 12.22900000 1467.33000 173.25000 31.31600 127.87400
17 2 21 01 17 40786.90000 12.22900000 1467.68000 173.25000 31.31600 127.87400
17 2 21 01 17 40769.90000 12.27000000 1466.23000 173.21000 31.31600 127.87400
17 2 21 01 17 40735.00000 12.29700000 1465.85000 173.21000 31.31600 127.87400
17 2 21 01 18 40732.80000 12.30000000 1464.74000 173.02000 31.31600 127.87400
17 2 21 01 18 40719.10000 12.27400000 1463.25000 173.02000 31.31600 127.87400
17 2 21 01 19 40628.10000 12.27400000 1462.31000 172.44000 31.31600 127.87400
17 2 21 01 19 40664.10000 12.25200000 1462.31000 172.19000 31.31600 127.01200
17 2 21 01 20 40706.50000 12.23600000 1462.96000 172.19000 31.31600 127.01200
17 2 21 01 20 40681.70000 12.23600000 1462.68000 172.19000 31.31600 127.51600
17 2 21 01 20 40681.70000 12.23600000 1462.68000 172.19000 31.31600 127.51600
17 2 21 01 21 40688.00000 12.23600000 1462.68000 172.19000 31.31600 126.80800
17 2 21 01 21 40703.60000 12.23600000 1462.68000 172.19000 31.31600 127.20900
17 2 21 01 22 40712.60000 12.23600000 1462.37000 172.19000 31.31600 127.20900
17 2 21 01 22 40681.60000 12.21400000 1460.61000 172.07000 31.31600 127.20900
17 2 21 01 23 40648.90000 12.18500000 1460.08000 171.78000 31.31600 127.20900
17 2 21 01 23 40632.40000 12.18500000 1457.94000 171.78000 31.31600 127.20900
17 2 21 01 23 40715.10000 12.21100000 1460.98000 172.04000 31.31600 127.20900
17 2 21 01 24 40733.80000 12.21100000 1461.64000 172.04000 31.31600 127.20900
17 2 21 01 24 40726.00000 12.21100000 1462.27000 172.04000 31.31600 127.20900
17 2 21 01 25 40725.40000 12.21100000 1462.27000 172.09000 31.31600 127.20900
17 2 21 01 25 40704.00000 12.21100000 1460.24000 172.09000 31.31600 127.20900
17 2 21 01 26 40687.60000 12.21100000 1458.64000 172.00000 31.31600 127.20900
17 2 21 01 26 40659.20000 12.21100000 1457.70000 171.58000 31.31600 126.54600
17 2 21 01 26 40698.30000 12.21100000 1459.53000 171.99000 31.31600 126.54600
17 2 21 01 27 40689.40000 12.27800000 1459.54000 172.08000 31.31600 126.54600
17 2 21 01 27 40705.90000 12.27800000 1458.87000 172.08000 31.31600 126.54600
17 2 21 01 28 40705.80000 12.27800000 1459.63000 172.08000 31.31600 126.54600
17 2 21 01 28 40697.10000 12.15200000 1459.63000 171.77000 31.31600 126.54600
17 2 21 01 29 40695.70000 12.15200000 1459.63000 171.77000 31.31600 126.54600
17 2 21 01 29 40698.40000 12.15200000 1459.49000 171.77000 31.31600 126.54600
17 2 21 01 29 40672.40000 12.15200000 1457.37000 171.53000 31.31600 126.54600
17 2 21 01 30 40687.70000 12.15200000 1457.03000 171.53000 31.31600 126.54600
17 2 21 01 30 40703.40000 12.15200000 1458.25000 172.22000 31.31600 126.54600
17 2 21 01 31 40702.20000 12.15200000 1458.56000 172.22000 31.31600 126.54600
17 2 21 01 31 40738.80000 12.19500000 1458.56000 172.22000 31.31600 126.54600
17 2 21 01 32 40725.40000 12.19500000 1458.56000 172.12000 31.31600 126.54600
17 2 21 01 32 40715.50000 12.19500000 1459.22000 172.12000 30.93100 126.54600
17 2 21 01 32 40741.30000 12.19500000 1459.22000 172.28000 30.93100 126.54600
17 2 21 01 33 40744.10000 12.19500000 1459.22000 172.28000 30.93100 126.54600
17 2 21 01 33 40749.90000 12.19500000 1459.22000 172.38000 30.93100 126.54600
17 2 21 01 34 40750.00000 12.19500000 1459.22000 172.54000 30.93100 126.72000
17 2 21 01 34 40776.90000 12.19500000 1460.90000 172.54000 30.93100 126.72000
17 2 21 01 35 40760.50000 12.19500000 1460.90000 172.54000 30.93100 126.72000
17 2 21 01 35 40757.70000 12.19500000 1460.16000 172.54000 30.57100 126.72000
17 2 21 01 35 40763.00000 12.19500000 1461.18000 172.33000 30.57100 126.72000
17 2 21 01 36 40779.40000 12.19500000 1460.18000 172.33000 30.57200 126.72000
17 2 21 01 36 40782.40000 12.19500000 1460.17000 172.41000 30.57200 126.72000
17 2 21 01 37 40792.40000 12.19500000 1460.17000 172.33000 30.57200 126.72000
17 2 21 01 37 40800.00000 12.19000000 1460.94000 172.33000 30.57200 126.72000
17 2 21 01 38 40820.70000 12.19000000 1460.94000 172.56000 30.57200 126.72000
17 2 21 01 38 40819.30000 12.19000000 1462.49000 172.57000 30.77300 126.72000
17 2 21 01 38 40819.10000 12.19000000 1462.49000 172.57000 30.77300 126.72000
17 2 21 01 39 40816.10000 12.19000000 1462.49000 172.47000 30.77300 126.72000
17 2 21 01 39 40813.90000 12.19000000 1461.31000 172.47000 30.77300 126.72000
17 2 21 01 40 40827.60000 12.19000000 1461.31000 172.62000 30.77300 126.72000
17 2 21 01 40 40836.30000 12.19000000 1461.31000 172.62000 30.77300 126.72000
17 2 21 01 41 40831.50000 12.19000000 1461.31000 172.62000 30.77300 126.20000
17 2 21 01 41 40842.90000 12.19000000 1463.34000 172.62000 30.77300 126.20000
17 2 21 01 41 40850.00000 12.19000000 1463.34000 172.62000 30.77300 126.20000
17 2 21 01 42 40858.50000 12.19000000 1463.52000 172.62000 30.77300 126.47600
17 2 21 01 42 40858.50000 12.19000000 1462.54000 172.52000 30.77300 126.47600
17 2 21 01 43 40860.00000 12.19000000 1462.53000 172.74000 30.77300 126.47600
17 2 21 01 43 40850.30000 12.19000000 1462.43000 172.69000 30.77300 126.47600
17 2 21 01 44 40847.60000 12.19000000 1462.08000 172.68000 30.77300 126.47600
17 2 21 01 44 40866.30000 12.19000000 1463.10000 172.90000 30.77300 126.60800
17 2 21 01 44 40863.80000 12.19000000 1463.10000 172.90000 30.77300 126.60800
17 2 21 01 45 40866.10000 12.18800000 1463.49000 172.94000 30.77300 126.60800
17 2 21 01 45 40868.10000 12.18800000 1463.49000 172.94000 30.77300 126.60800
17 2 21 01 46 40847.70000 12.18800000 1463.15000 172.96000 30.77300 126.60800
17 2 21 01 46 40839.20000 12.18800000 1460.60000 172.81000 30.77300 126.60800
17 2 21 01 47 40827.70000 12.18800000 1460.72000 172.81000 30.77300 126.60800
17 2 21 01 47 40838.80000 12.18800000 1460.72000 172.81000 30.77300 126.60800
