M=[
12 6 21 17 06 29418.00000 45.90100000 1979.00000 133.80000 19.94000 105.32900
12 6 21 17 06 29417.50000 45.90100000 1982.45000 133.80000 19.94000 105.32900
12 6 21 17 07 29412.90000 45.90100000 1982.45000 133.78000 19.94000 105.32900
12 6 21 17 07 29427.30000 45.90100000 1983.16000 133.75000 19.94000 105.32900
12 6 21 17 08 29412.30000 46.04800000 1983.16000 133.75000 19.94000 105.32900
12 6 21 17 08 29422.00000 46.04800000 1984.12000 133.75000 19.94000 105.32900
12 6 21 17 09 29425.80000 46.04800000 1984.12000 133.75000 19.94000 105.32900
12 6 21 17 09 29411.50000 46.04800000 1985.01000 133.75000 19.94000 105.32900
12 6 21 17 09 29422.80000 46.04800000 1985.20000 133.75000 19.94000 105.32900
12 6 21 17 10 29408.20000 46.04800000 1985.20000 133.75000 19.94000 105.32900
12 6 21 17 10 29415.30000 46.04800000 1985.20000 133.73000 19.94000 105.32900
12 6 21 17 11 29405.80000 46.04800000 1984.75000 133.73000 19.94000 105.32900
12 6 21 17 11 29394.20000 45.93100000 1983.44000 133.73000 19.94000 105.32900
12 6 21 17 12 29395.10000 45.93100000 1983.30000 133.73000 19.94000 105.32900
12 6 21 17 12 29384.10000 45.93100000 1983.30000 133.73000 19.94000 105.32900
12 6 21 17 12 29388.50000 45.93100000 1983.30000 133.73000 19.94000 105.32900
12 6 21 17 13 29388.50000 45.93100000 1983.18000 133.73000 19.94000 105.32900
12 6 21 17 13 29397.80000 45.93100000 1983.18000 133.64000 19.94000 105.32900
12 6 21 17 14 29406.00000 45.93100000 1983.18000 133.69000 19.94000 105.32900
12 6 21 17 14 29392.80000 45.93100000 1983.18000 133.68000 19.94000 105.32900
12 6 21 17 15 29388.00000 45.93100000 1985.35000 133.66000 19.94000 105.32900
12 6 21 17 15 29398.10000 45.93100000 1986.53000 133.66000 19.94000 105.32900
12 6 21 17 15 29415.80000 45.93100000 1987.79000 133.73000 19.94000 105.32900
12 6 21 17 16 29406.50000 45.93100000 1987.79000 133.81000 19.94000 105.32900
12 6 21 17 16 29399.50000 45.93100000 1985.54000 133.81000 19.94000 105.32900
12 6 21 17 17 29390.60000 45.93100000 1985.12000 133.81000 19.94000 105.32900
12 6 21 17 17 29374.00000 45.93100000 1985.12000 133.81000 19.94000 105.32900
12 6 21 17 18 29356.80000 45.93100000 1983.16000 133.53000 19.94000 105.32900
12 6 21 17 18 29351.20000 45.93100000 1982.62000 133.53000 19.94000 105.32900
12 6 21 17 18 29354.50000 45.93100000 1982.62000 133.53000 19.94000 105.32900
12 6 21 17 19 29354.70000 45.93100000 1982.62000 133.44000 19.94000 105.32900
12 6 21 17 19 29363.30000 45.93100000 1983.79000 133.44000 19.94000 105.32900
12 6 21 17 20 29352.30000 45.93100000 1982.76000 133.46000 19.94000 105.32900
12 6 21 17 20 29353.90000 45.93100000 1981.91000 133.46000 19.94000 105.32900
12 6 21 17 21 29376.60000 45.93100000 1983.77000 133.49000 19.94000 105.32900
12 6 21 17 21 29376.60000 45.93100000 1983.77000 133.49000 19.94000 105.32900
12 6 21 17 21 29375.00000 45.93100000 1983.46000 133.54000 19.94000 105.32900
12 6 21 17 22 29351.20000 45.93100000 1983.46000 133.54000 19.94000 105.32900
12 6 21 17 22 29313.20000 45.93100000 1979.89000 133.54000 19.94000 105.32900
12 6 21 17 23 29350.80000 45.93100000 1979.89000 133.51000 19.94000 105.32900
12 6 21 17 23 29334.20000 45.93100000 1980.45000 133.51000 19.94000 105.32900
12 6 21 17 24 29346.40000 45.93100000 1980.45000 133.51000 19.94000 105.32900
12 6 21 17 24 29346.40000 45.93100000 1979.90000 133.51000 19.94000 105.32900
12 6 21 17 25 29349.90000 45.93100000 1979.90000 133.51000 19.94000 105.32900
12 6 21 17 25 29365.40000 45.93100000 1979.90000 133.51000 19.94000 105.32900
12 6 21 17 25 29371.20000 45.93100000 1979.90000 133.51000 19.94000 105.32900
12 6 21 17 26 29383.00000 45.93100000 1980.92000 133.57000 19.94000 105.32900
12 6 21 17 26 29377.20000 45.93100000 1980.92000 133.57000 19.94000 105.32900
12 6 21 17 27 29387.70000 45.93100000 1982.45000 133.57000 19.94000 105.32900
12 6 21 17 27 29397.20000 45.93100000 1983.70000 133.57000 19.94000 105.32900
12 6 21 17 28 29396.20000 45.93100000 1983.70000 133.57000 19.94000 105.32900
12 6 21 17 28 29364.60000 45.93100000 1981.97000 133.57000 19.94000 105.32900
12 6 21 17 28 29373.50000 45.93100000 1981.97000 133.57000 19.94000 105.32900
12 6 21 17 29 29396.20000 45.93100000 1982.05000 133.50000 19.94000 105.32900
12 6 21 17 29 29369.70000 45.93100000 1982.05000 133.50000 19.94000 105.32900
12 6 21 17 30 29369.60000 45.93100000 1982.05000 133.50000 19.94000 105.32900
12 6 21 17 30 29383.70000 45.93100000 1981.22000 133.50000 19.94000 105.32900
12 6 21 17 31 29387.20000 45.93100000 1982.00000 133.50000 19.94000 105.32900
12 6 21 17 31 29422.20000 45.93100000 1983.12000 133.50000 19.94000 105.32900
12 6 21 17 31 29422.50000 45.93100000 1984.66000 133.50000 19.94000 105.48600
12 6 21 17 32 29428.60000 45.93100000 1986.31000 133.50000 19.94000 105.48600
12 6 21 17 32 29428.60000 45.93100000 1986.31000 133.50000 19.94000 105.48600
12 6 21 17 33 29428.60000 45.93100000 1987.64000 133.50000 19.94000 105.48600
12 6 21 17 33 29433.20000 45.93100000 1987.89000 133.50000 19.94000 105.48600
12 6 21 17 34 29440.20000 45.93100000 1986.37000 133.50000 19.94000 105.48600
12 6 21 17 34 29440.10000 45.93100000 1986.35000 133.50000 19.94000 105.48600
12 6 21 17 34 29440.20000 45.93100000 1986.35000 133.50000 19.94000 105.48600
12 6 21 17 35 29447.10000 45.93100000 1987.79000 134.05000 19.94000 105.48600
12 6 21 17 35 29465.40000 45.93100000 1987.90000 134.05000 19.94000 105.48600
12 6 21 17 36 29474.70000 45.93100000 1989.75000 134.05000 19.94000 105.48600
12 6 21 17 36 29466.20000 45.93100000 1989.28000 134.05000 19.94000 105.48600
12 6 21 17 37 29565.60000 46.10800000 1995.00000 134.73000 19.94000 105.48600
12 6 21 17 37 29564.50000 46.10800000 1992.52000 134.73000 19.94000 105.48600
12 6 21 17 37 29564.60000 46.10800000 1993.85000 134.73000 19.94000 105.48600
12 6 21 17 38 29571.20000 46.10800000 1993.85000 135.21000 19.94000 105.48600
12 6 21 17 38 29576.00000 46.23900000 1999.61000 135.21000 19.94000 105.48600
12 6 21 17 39 29598.20000 46.23900000 1999.99000 135.35000 19.94000 105.48600
12 6 21 17 39 29599.90000 46.23900000 2002.33000 135.55000 19.94000 105.48600
12 6 21 17 40 29637.80000 46.23900000 2008.81000 135.86000 19.94000 106.68700
12 6 21 17 40 29610.70000 46.36000000 2005.71000 135.86000 19.94000 106.68700
12 6 21 17 40 29640.50000 46.36000000 2006.39000 135.70000 19.94000 106.68700
12 6 21 17 41 29607.80000 46.36000000 2002.95000 135.59000 19.94000 106.68700
12 6 21 17 41 29595.80000 46.36000000 2003.28000 135.62000 19.94000 106.68700
12 6 21 17 42 29583.00000 46.36000000 2001.64000 135.62000 19.94000 106.68700
12 6 21 17 42 29584.20000 46.36000000 2001.84000 135.66000 19.94000 106.68700
12 6 21 17 43 29576.50000 46.36000000 2001.84000 135.49000 19.94000 106.68700
12 6 21 17 43 29592.20000 46.36000000 2001.85000 135.49000 19.94000 106.68700
12 6 21 17 43 29592.10000 46.36000000 2002.86000 135.49000 19.94000 106.68700
12 6 21 17 44 29589.40000 46.36000000 2002.52000 135.57000 19.94000 106.68700
12 6 21 17 44 29567.00000 46.36000000 2002.08000 135.57000 19.94000 106.68700
12 6 21 17 45 29602.80000 46.36000000 2003.52000 135.73000 19.93000 106.68700
12 6 21 17 45 29608.80000 46.36000000 2002.04000 135.59000 19.93000 106.68700
12 6 21 17 46 29604.60000 46.36000000 2002.04000 135.42000 19.93000 106.68700
12 6 21 17 46 29617.10000 46.36000000 2005.14000 135.40000 19.93000 106.68700
12 6 21 17 46 29615.10000 46.36000000 2005.03000 135.69000 19.93000 106.68700
12 6 21 17 47 29591.50000 46.36000000 2002.83000 135.69000 19.93000 106.68700
12 6 21 17 47 29591.50000 46.36000000 2002.06000 135.69000 19.93000 106.68700
12 6 21 17 48 29578.10000 46.36000000 2002.06000 135.69000 19.93000 106.68700
12 6 21 17 48 29572.50000 46.36000000 2000.01000 135.69000 19.93000 106.68700
12 6 21 17 49 29567.10000 46.36000000 1998.66000 135.16000 19.93000 106.68700
12 6 21 17 49 29572.50000 46.36000000 1998.66000 135.16000 19.93000 106.68700
12 6 21 17 49 29574.00000 46.36000000 2000.04000 135.16000 19.93000 106.50200
