M=[
24 5 20 01 32 8440.70000 6.19800000 191.01000 40.57000 11.50100 43.23200
24 5 20 01 32 8440.80000 6.19800000 191.01000 40.57000 11.54300 43.23200
24 5 20 01 33 8440.80000 6.19800000 191.01000 40.57000 11.54300 43.23200
24 5 20 01 33 8440.80000 6.19800000 190.74000 40.57000 11.50800 43.23200
24 5 20 01 33 8440.80000 6.19800000 190.74000 40.48000 11.54300 43.23200
24 5 20 01 34 8440.80000 6.19800000 190.74000 40.48000 11.54300 43.23200
24 5 20 01 34 8440.80000 6.19800000 190.74000 40.48000 11.54300 43.23200
24 5 20 01 35 8440.70000 6.19800000 190.68000 40.48000 11.54300 43.23200
24 5 20 01 35 8440.80000 6.19800000 190.68000 40.48000 11.54300 43.23200
24 5 20 01 36 8440.80000 6.19800000 190.68000 40.48000 11.54300 43.23200
24 5 20 01 36 8440.80000 6.19800000 190.68000 40.48000 11.54300 43.23200
24 5 20 01 37 8440.80000 6.19800000 190.66000 40.48000 11.50100 43.23200
24 5 20 01 37 8440.70000 6.19800000 190.68000 40.57000 11.54300 43.23200
24 5 20 01 37 8440.00000 6.19800000 190.66000 40.52000 11.54300 43.23200
24 5 20 01 38 8429.90000 6.19800000 190.66000 40.48000 11.54300 43.23200
24 5 20 01 38 8430.00000 6.19800000 190.66000 40.52000 11.54300 43.23200
24 5 20 01 39 8429.90000 6.19800000 190.66000 40.49000 11.50800 43.23200
24 5 20 01 39 8429.90000 6.19800000 190.66000 40.52000 11.54300 43.23200
24 5 20 01 40 8429.90000 6.19800000 190.66000 40.52000 11.54300 43.23200
24 5 20 01 40 8429.90000 6.19800000 190.66000 40.52000 11.54300 43.23200
24 5 20 01 41 8429.90000 6.19800000 190.66000 40.52000 11.54300 43.23200
24 5 20 01 41 8429.80000 6.19800000 190.66000 40.52000 11.54300 43.23200
24 5 20 01 42 8430.00000 6.19800000 190.66000 40.52000 11.54300 43.23200
24 5 20 01 42 8429.70000 6.19800000 190.66000 40.52000 11.54300 43.23200
24 5 20 01 42 8429.70000 6.15700000 190.78000 40.52000 11.54300 43.23200
24 5 20 01 43 8429.90000 6.19800000 190.78000 40.52000 11.54300 43.23200
24 5 20 01 43 8430.00000 6.16700000 190.80000 40.52000 11.54300 43.10000
24 5 20 01 44 8430.00000 6.16700000 190.80000 40.52000 11.54300 42.89800
24 5 20 01 44 8430.00000 6.16700000 190.80000 40.63000 11.54300 43.23200
24 5 20 01 45 8430.00000 6.16700000 190.80000 40.63000 11.54300 43.23200
24 5 20 01 45 8435.90000 6.16700000 190.78000 40.63000 11.54300 43.23200
24 5 20 01 46 8435.90000 6.16700000 190.80000 40.63000 11.54300 43.23200
24 5 20 01 46 8440.80000 6.19900000 190.80000 40.63000 11.54300 43.23200
24 5 20 01 47 8441.60000 6.16700000 190.80000 40.63000 11.54300 43.23200
24 5 20 01 47 8435.90000 6.19900000 190.80000 40.63000 11.54300 43.23200
24 5 20 01 48 8437.40000 6.19900000 190.80000 40.63000 11.54300 43.23200
24 5 20 01 48 8436.40000 6.19900000 190.80000 40.63000 11.54300 43.23200
24 5 20 01 49 8432.40000 6.19900000 190.80000 40.63000 11.54300 43.23200
24 5 20 01 49 8433.50000 6.19900000 190.80000 40.63000 11.50100 43.23200
24 5 20 01 49 8434.20000 6.19900000 190.66000 40.56000 11.54300 43.23200
24 5 20 01 50 8434.20000 6.19900000 190.86000 40.56000 11.54300 43.23200
24 5 20 01 50 8434.20000 6.19900000 190.86000 40.56000 11.50100 43.23200
24 5 20 01 51 8434.20000 6.19900000 190.86000 40.56000 11.54300 43.23200
24 5 20 01 51 8436.40000 6.19900000 190.86000 40.56000 11.54300 43.10000
24 5 20 01 52 8434.90000 6.19900000 190.80000 40.56000 11.54300 43.23200
24 5 20 01 52 8434.20000 6.19900000 190.80000 40.56000 11.54300 43.23200
24 5 20 01 53 8434.30000 6.19900000 190.80000 40.56000 11.50100 43.23200
24 5 20 01 53 8434.20000 6.19900000 190.80000 40.56000 11.54300 43.23200
24 5 20 01 53 8434.20000 6.19900000 190.80000 40.63000 11.54300 42.89800
24 5 20 01 54 8434.20000 6.19900000 190.80000 40.56000 11.54300 43.23200
24 5 20 01 54 8429.90000 6.19900000 190.80000 40.56000 11.54300 43.23200
24 5 20 01 55 8429.60000 6.19900000 190.80000 40.56000 11.54300 43.23200
24 5 20 01 55 8429.60000 6.19900000 190.80000 40.56000 11.54300 42.89800
24 5 20 01 56 8429.70000 6.19900000 190.80000 40.56000 11.50100 43.10000
24 5 20 01 56 8429.70000 6.19900000 190.80000 40.56000 11.54300 43.23200
24 5 20 01 57 8429.70000 6.19900000 190.80000 40.56000 11.50100 43.23200
24 5 20 01 57 8429.70000 6.19900000 190.80000 40.56000 11.54300 43.23200
24 5 20 01 57 8429.70000 6.19900000 190.80000 40.56000 11.54300 43.23200
24 5 20 01 58 8429.70000 6.17000000 190.84000 40.56000 11.54300 43.23200
24 5 20 01 58 8429.70000 6.17000000 190.84000 40.56000 11.54300 43.23200
24 5 20 01 59 8429.70000 6.17000000 190.84000 40.56000 11.53000 43.23200
24 5 20 01 59 8429.70000 6.17000000 190.84000 40.56000 11.54300 42.89800
24 5 20 02 00 8429.70000 6.17000000 190.84000 40.63000 11.54300 43.23200
24 5 20 02 00 8429.70000 6.17000000 190.83000 40.56000 11.54300 43.23200
24 5 20 02 01 8434.50000 6.17000000 190.94000 40.56000 11.54300 43.43000
24 5 20 02 01 8433.80000 6.17000000 190.94000 40.63000 11.54300 43.43000
24 5 20 02 02 8433.80000 6.17000000 190.94000 40.56000 11.50800 43.43000
24 5 20 02 02 8433.90000 6.18500000 190.94000 40.56000 11.54300 43.43000
24 5 20 02 03 8433.80000 6.18500000 191.04000 40.63000 11.54300 43.43000
24 5 20 02 03 8433.90000 6.18500000 191.04000 40.56000 11.54300 43.43000
24 5 20 02 03 8433.80000 6.18500000 191.04000 40.56000 11.50800 43.43000
24 5 20 02 04 8436.50000 6.18500000 191.04000 40.56000 11.54300 43.43000
24 5 20 02 04 8433.80000 6.18500000 191.04000 40.56000 11.54300 43.43000
24 5 20 02 05 8436.50000 6.18500000 191.04000 40.56000 11.54300 43.43000
24 5 20 02 05 8436.50000 6.19800000 191.04000 40.56000 11.54300 43.43000
24 5 20 02 06 8436.50000 6.19800000 191.04000 40.56000 11.54300 43.43000
24 5 20 02 06 8433.50000 6.19800000 191.04000 40.56000 11.54300 43.43000
24 5 20 02 07 8432.70000 6.19800000 191.04000 40.56000 11.54300 43.43000
24 5 20 02 07 8432.70000 6.19800000 191.04000 40.56000 11.54300 43.43000
24 5 20 02 07 8431.80000 6.19800000 191.04000 40.56000 11.54300 43.43000
24 5 20 02 08 8431.50000 6.19800000 191.04000 40.56000 11.54300 43.43000
24 5 20 02 08 8431.50000 6.19800000 191.04000 40.56000 11.54300 43.43000
24 5 20 02 09 8433.10000 6.17000000 191.04000 40.56000 11.54300 43.43000
24 5 20 02 09 8433.10000 6.19800000 191.04000 40.56000 11.54300 43.43000
24 5 20 02 10 8436.10000 6.19800000 191.04000 40.56000 11.54300 43.23200
24 5 20 02 10 8436.10000 6.19800000 191.04000 40.56000 11.54300 43.43000
24 5 20 02 11 8440.40000 6.19800000 191.04000 40.56000 11.54300 43.43000
24 5 20 02 11 8440.40000 6.19800000 191.04000 40.56000 11.54300 43.43000
24 5 20 02 11 8440.40000 6.19800000 191.04000 40.56000 11.53000 43.43000
24 5 20 02 12 8441.10000 6.19800000 191.09000 40.56000 11.54300 43.43000
24 5 20 02 12 8441.30000 6.19800000 191.09000 40.56000 11.54300 42.89800
24 5 20 02 13 8441.30000 6.19800000 190.94000 40.63000 11.50800 43.43000
24 5 20 02 13 8441.30000 6.19800000 191.09000 40.56000 11.54300 43.43000
24 5 20 02 14 8440.30000 6.19800000 191.09000 40.56000 11.50800 43.23200
24 5 20 02 14 8442.90000 6.19800000 191.09000 40.56000 11.54300 43.43000
24 5 20 02 15 8443.20000 6.19800000 191.09000 40.56000 11.50800 43.43000
24 5 20 02 15 8443.20000 6.19800000 191.09000 40.56000 11.49300 43.43000
24 5 20 02 15 8443.20000 6.19800000 191.09000 40.56000 11.49300 43.43000
24 5 20 02 16 8443.20000 6.19800000 191.09000 40.63000 11.49300 43.43000
24 5 20 02 16 8440.70000 6.19800000 191.04000 40.56000 11.49300 43.43000
24 5 20 02 17 8440.30000 6.19800000 191.09000 40.56000 11.49300 43.43000
24 5 20 02 17 8447.40000 6.18800000 191.09000 40.56000 11.49300 43.43000
24 5 20 02 18 8447.30000 6.19800000 191.09000 40.63000 11.49300 43.43000
24 5 20 02 18 8447.30000 6.19800000 191.20000 40.56000 11.49300 43.43000
24 5 20 02 19 8447.30000 6.19800000 191.20000 40.56000 11.49300 43.43000
24 5 20 02 19 8448.40000 6.19800000 191.45000 40.56000 11.49300 43.43000
24 5 20 02 20 8448.70000 6.19800000 191.54000 40.56000 11.49300 43.43000
24 5 20 02 20 8450.00000 6.19800000 191.68000 40.56000 11.49300 43.43000
24 5 20 02 21 8450.00000 6.18500000 191.68000 40.56000 11.49300 43.43000
