M=[
30 3 21 10 28 50187.80000 10.97300000 1559.26000 167.66000 36.00900 128.35500
30 3 21 10 28 50145.50000 10.97700000 1559.45000 167.55000 35.98300 128.35500
30 3 21 10 29 50114.80000 10.99800000 1558.42000 167.22000 35.93000 128.40300
30 3 21 10 29 50125.50000 10.97400000 1558.89000 167.22000 35.93000 128.40700
30 3 21 10 29 50150.00000 10.97400000 1559.53000 167.21000 35.93000 128.40700
30 3 21 10 30 50196.20000 10.98200000 1560.54000 167.57000 35.93000 128.40700
30 3 21 10 30 50145.40000 10.98200000 1560.55000 167.23000 35.93000 128.40700
30 3 21 10 31 50134.90000 10.98200000 1559.84000 167.21000 35.93000 128.40700
30 3 21 10 31 50144.90000 10.98200000 1559.85000 167.28000 35.93000 128.40700
30 3 21 10 32 50136.40000 10.98200000 1560.59000 167.28000 35.93000 128.44900
30 3 21 10 32 50128.50000 10.98200000 1560.42000 167.33000 35.83500 128.44900
30 3 21 10 32 50072.90000 10.98200000 1560.01000 167.26000 35.78600 128.59200
30 3 21 10 33 50121.10000 10.98200000 1560.01000 167.42000 35.78600 128.59200
30 3 21 10 33 50110.60000 10.98200000 1560.56000 167.25000 35.72900 128.59200
30 3 21 10 34 50125.00000 10.98200000 1560.01000 167.29000 35.69400 128.44200
30 3 21 10 34 50129.20000 10.98200000 1560.01000 167.36000 35.69400 128.44200
30 3 21 10 35 50128.90000 10.98200000 1560.01000 167.36000 35.69400 128.44200
30 3 21 10 35 50129.00000 10.98200000 1560.00000 167.42000 35.61300 128.44200
30 3 21 10 35 50130.00000 10.98200000 1559.84000 167.30000 35.59500 128.44200
30 3 21 10 36 50161.00000 10.98200000 1558.96000 167.33000 35.56200 128.58100
30 3 21 10 36 50156.30000 10.98200000 1558.95000 167.31000 35.47400 128.58100
30 3 21 10 37 50157.60000 10.98200000 1558.96000 167.34000 35.43400 128.58100
30 3 21 10 37 50109.10000 10.89100000 1557.76000 167.34000 35.43400 128.58100
30 3 21 10 38 50110.00000 10.89200000 1557.74000 167.30000 35.40100 128.58100
30 3 21 10 38 50149.70000 10.89600000 1557.66000 167.36000 35.25000 128.58100
30 3 21 10 38 50145.50000 10.89600000 1559.17000 167.25000 35.21000 128.58100
30 3 21 10 39 50120.40000 10.89600000 1558.51000 167.22000 35.21000 128.58100
30 3 21 10 39 50119.00000 10.89600000 1558.71000 167.24000 35.30700 128.58100
30 3 21 10 40 50114.90000 10.89600000 1558.71000 167.24000 35.30700 128.49500
30 3 21 10 40 50114.30000 10.89600000 1558.45000 167.18000 35.30700 128.49500
30 3 21 10 41 50097.20000 10.89600000 1557.50000 166.99000 35.23400 128.43100
30 3 21 10 41 50065.20000 10.89600000 1557.08000 167.03000 35.25400 128.43100
30 3 21 10 41 50065.40000 10.89600000 1556.30000 166.89000 35.21600 128.43100
30 3 21 10 42 50059.90000 10.89600000 1555.03000 166.85000 35.21500 128.39200
30 3 21 10 42 50049.60000 10.89600000 1554.24000 166.87000 35.21500 128.39200
30 3 21 10 43 50049.60000 10.88600000 1554.07000 166.89000 35.01100 128.39200
30 3 21 10 43 50037.80000 10.89000000 1553.92000 166.95000 35.02600 128.39200
30 3 21 10 44 49972.70000 10.89000000 1552.82000 166.80000 34.80500 128.32900
30 3 21 10 44 49867.30000 10.89000000 1549.20000 166.64000 34.80500 128.32900
30 3 21 10 44 49864.70000 10.89000000 1550.92000 166.41000 34.80500 128.32900
30 3 21 10 45 49950.00000 10.89000000 1554.39000 166.56000 34.80500 128.32900
30 3 21 10 45 50010.20000 10.89000000 1555.13000 166.73000 34.97600 128.32900
30 3 21 10 46 50037.60000 10.90000000 1555.91000 166.94000 34.97600 128.32900
30 3 21 10 46 50058.80000 10.90000000 1555.92000 167.04000 35.02900 128.32900
30 3 21 10 47 50052.80000 10.90000000 1555.91000 166.97000 35.03000 128.32900
30 3 21 10 47 50068.00000 10.90000000 1556.26000 166.97000 35.03000 128.32900
30 3 21 10 47 50097.60000 10.90000000 1556.78000 167.18000 35.03000 128.32900
30 3 21 10 48 50102.50000 10.90000000 1556.78000 167.12000 35.03000 128.20300
30 3 21 10 48 50102.00000 10.90000000 1556.81000 167.12000 34.96700 128.20300
30 3 21 10 49 50102.10000 10.90000000 1557.18000 167.12000 34.96700 128.20300
30 3 21 10 49 50102.00000 10.90000000 1557.19000 167.12000 35.06900 128.20300
30 3 21 10 50 50102.00000 10.90000000 1556.82000 167.12000 34.95100 128.11100
30 3 21 10 50 50102.00000 10.90000000 1557.04000 167.12000 35.04900 128.11100
30 3 21 10 50 50102.50000 10.90000000 1557.18000 167.38000 34.75500 128.11100
30 3 21 10 51 50102.50000 10.90000000 1557.18000 167.38000 34.75500 128.11100
30 3 21 10 51 50102.10000 10.90000000 1557.13000 167.38000 34.75500 128.11100
30 3 21 10 52 50102.00000 10.90000000 1556.78000 167.33000 34.76000 128.11100
30 3 21 10 52 50102.00000 10.91900000 1556.79000 167.33000 34.93500 128.11100
30 3 21 10 53 50102.00000 10.91900000 1556.79000 167.33000 34.93500 128.11100
30 3 21 10 53 50102.00000 10.91900000 1556.78000 167.49000 34.93500 128.11100
30 3 21 10 53 50102.00000 10.91900000 1556.79000 167.39000 34.93500 128.11100
30 3 21 10 54 50090.90000 10.91900000 1556.79000 167.31000 34.93000 128.37700
30 3 21 10 54 50091.00000 10.91900000 1558.23000 167.31000 34.93000 128.37700
30 3 21 10 55 50077.40000 10.91900000 1559.12000 167.31000 34.93000 128.37700
30 3 21 10 55 50064.90000 10.91900000 1559.33000 167.42000 34.93000 128.37700
30 3 21 10 56 50064.90000 10.91900000 1559.63000 167.34000 34.90000 128.37700
30 3 21 10 56 50064.80000 10.91900000 1559.62000 167.36000 34.90000 128.37700
30 3 21 10 56 50064.90000 10.92700000 1559.63000 167.32000 34.90000 128.37700
30 3 21 10 57 50053.00000 10.92700000 1559.62000 167.35000 34.90000 128.37700
30 3 21 10 57 50036.70000 10.92700000 1559.62000 167.44000 34.90000 128.37700
30 3 21 10 58 50058.10000 10.92700000 1559.62000 167.44000 34.90000 128.37700
30 3 21 10 58 50064.80000 10.92700000 1560.39000 167.54000 34.90000 128.43100
30 3 21 10 59 50064.90000 10.92700000 1561.20000 167.58000 34.90000 128.43100
30 3 21 10 59 50070.00000 10.92700000 1560.98000 167.57000 34.90000 128.43100
30 3 21 10 59 50070.00000 10.92700000 1561.91000 167.62000 34.90000 128.43100
30 3 21 11 00 50065.80000 10.92700000 1562.49000 167.63000 34.90000 128.43400
30 3 21 11 00 50070.00000 10.92700000 1563.41000 167.63000 34.51700 128.43400
30 3 21 11 01 50094.90000 10.92700000 1563.44000 167.84000 34.51700 128.43400
30 3 21 11 01 50113.30000 10.97200000 1563.45000 167.84000 34.51700 128.51300
30 3 21 11 02 50117.10000 10.97200000 1563.44000 167.95000 34.51700 128.51300
30 3 21 11 02 50125.00000 10.97200000 1563.44000 168.29000 34.86400 128.51300
30 3 21 11 02 50141.00000 10.97200000 1563.44000 168.50000 34.86400 128.51300
30 3 21 11 03 50163.90000 10.98000000 1563.44000 168.50000 34.86400 128.51300
30 3 21 11 03 50167.10000 10.98000000 1563.44000 169.13000 34.86400 128.51300
30 3 21 11 04 50174.90000 10.98000000 1563.44000 169.50000 34.86400 128.51300
30 3 21 11 04 50200.00000 10.98000000 1563.45000 169.61000 34.86400 128.51300
30 3 21 11 05 50200.00000 10.98000000 1563.45000 168.96000 34.86400 128.51300
30 3 21 11 05 50199.00000 10.98000000 1563.14000 169.11000 34.94600 128.51300
30 3 21 11 05 50193.90000 10.98000000 1562.83000 169.61000 34.94600 128.59200
30 3 21 11 06 50180.50000 10.98000000 1562.89000 169.03000 34.94600 128.60400
30 3 21 11 06 50177.70000 10.98000000 1563.22000 169.06000 35.00000 128.60400
30 3 21 11 07 50190.90000 10.98000000 1563.28000 168.81000 35.08700 128.60400
30 3 21 11 07 50191.00000 10.98000000 1563.45000 169.38000 35.08700 128.76700
30 3 21 11 08 50190.80000 10.98000000 1563.45000 169.20000 35.08800 129.02400
30 3 21 11 08 50190.90000 10.97700000 1563.45000 169.13000 35.08800 129.02400
30 3 21 11 08 50197.70000 10.97700000 1563.45000 169.12000 35.08800 129.02400
30 3 21 11 09 50197.80000 10.97700000 1563.45000 168.97000 35.08800 129.02400
30 3 21 11 09 50200.80000 10.97700000 1563.45000 169.05000 35.08900 129.02400
30 3 21 11 10 50213.00000 11.00000000 1564.99000 169.31000 35.08900 129.18900
30 3 21 11 10 50213.00000 11.00000000 1565.00000 169.17000 35.08900 128.96800
30 3 21 11 11 50213.00000 11.00000000 1565.00000 169.36000 35.21100 128.96800
30 3 21 11 11 50213.00000 11.03800000 1565.00000 169.21000 35.21100 128.96800
