M=[
 1 5 21 06 45 48020.10000 32.60200000 2371.00000 225.68000 34.13200 207.08100
 1 5 21 06 46 48000.20000 32.60200000 2366.90000 225.19000 34.13200 206.94500
 1 5 21 06 46 48015.50000 32.60200000 2367.31000 225.19000 34.12300 206.94500
 1 5 21 06 47 48013.50000 32.60200000 2367.85000 225.19000 34.12300 206.50000
 1 5 21 06 47 48041.80000 32.56800000 2369.12000 225.37000 34.12300 206.22900
 1 5 21 06 47 48030.90000 32.56100000 2369.12000 225.36000 34.12300 206.22900
 1 5 21 06 48 48016.60000 32.51600000 2370.61000 225.23000 34.12300 205.91400
 1 5 21 06 48 48007.80000 32.51600000 2370.62000 225.23000 34.12300 205.91400
 1 5 21 06 49 48018.40000 32.61400000 2370.80000 225.42000 34.15000 205.91400
 1 5 21 06 49 48028.70000 32.61400000 2371.00000 225.51000 34.12300 206.08400
 1 5 21 06 50 48033.30000 32.61400000 2371.00000 225.59000 34.12300 206.08400
 1 5 21 06 50 48055.20000 32.63300000 2372.90000 225.90000 34.12300 206.48100
 1 5 21 06 50 48075.50000 32.63300000 2373.00000 226.03000 34.12300 206.50000
 1 5 21 06 51 48071.70000 32.63300000 2373.40000 226.11000 34.16000 206.50000
 1 5 21 06 51 48081.80000 32.64300000 2374.63000 226.11000 34.16000 206.50000
 1 5 21 06 52 48095.50000 32.56100000 2375.54000 226.26000 34.16000 206.50000
 1 5 21 06 52 48088.70000 32.56100000 2374.41000 226.21000 34.16000 206.50000
 1 5 21 06 53 48088.60000 32.56100000 2373.24000 226.05000 34.16000 206.50000
 1 5 21 06 53 48091.00000 32.55200000 2372.60000 226.03000 34.16000 206.50000
 1 5 21 06 53 48091.00000 32.54400000 2372.00000 225.79000 34.16000 206.50000
 1 5 21 06 54 48091.10000 32.47600000 2370.17000 225.65000 34.16000 206.50000
 1 5 21 06 54 48077.50000 32.53200000 2372.01000 225.93000 34.16000 206.50000
 1 5 21 06 55 48099.40000 32.53200000 2373.07000 225.93000 34.16000 206.50000
 1 5 21 06 55 48108.00000 32.47300000 2373.51000 226.06000 34.16000 206.50000
 1 5 21 06 56 48113.70000 32.47300000 2374.54000 225.94000 34.16000 206.50000
 1 5 21 06 56 48112.60000 32.47300000 2373.58000 225.90000 34.16000 206.50000
 1 5 21 06 56 48112.70000 32.47300000 2372.57000 225.84000 34.16000 206.50000
 1 5 21 06 57 48080.00000 32.47300000 2372.31000 225.85000 34.16000 206.50000
 1 5 21 06 57 48080.00000 32.47300000 2369.91000 225.85000 34.16000 206.50000
 1 5 21 06 58 48080.00000 32.39200000 2369.91000 225.68000 34.16000 206.50000
 1 5 21 06 58 48020.20000 32.38800000 2369.91000 225.64000 34.16000 206.50000
 1 5 21 06 59 48019.50000 32.34400000 2369.90000 225.77000 34.16000 206.50000
 1 5 21 06 59 48005.60000 32.34400000 2367.94000 225.76000 34.16000 206.50000
 1 5 21 06 59 48003.60000 32.40000000 2367.47000 225.65000 34.16000 206.50000
 1 5 21 07 00 48021.70000 32.40000000 2368.36000 225.77000 34.16200 206.50000
 1 5 21 07 00 48028.10000 32.40000000 2369.73000 225.91000 34.16200 206.50000
 1 5 21 07 01 48058.00000 32.40000000 2369.90000 226.01000 34.16200 206.50000
 1 5 21 07 01 48058.40000 32.40000000 2374.27000 226.01000 34.16200 206.50000
 1 5 21 07 02 48064.50000 32.40000000 2373.79000 226.03000 34.16200 206.50000
 1 5 21 07 02 48019.80000 32.40000000 2370.42000 226.03000 34.16200 206.50000
 1 5 21 07 02 48012.10000 32.40000000 2370.01000 225.93000 34.16200 206.50000
 1 5 21 07 03 48035.90000 32.44500000 2370.44000 225.93000 34.16200 206.50000
 1 5 21 07 03 48052.30000 32.37100000 2371.37000 226.06000 34.16200 207.08200
 1 5 21 07 04 48055.30000 32.37100000 2370.73000 226.06000 34.17900 207.17100
 1 5 21 07 04 48037.70000 32.37100000 2371.04000 226.04000 34.03800 207.17100
 1 5 21 07 05 48042.80000 32.37100000 2370.72000 225.98000 34.12800 207.17100
 1 5 21 07 05 48040.10000 32.36800000 2370.00000 225.85000 34.12800 207.17100
 1 5 21 07 05 48035.40000 32.36800000 2370.01000 225.90000 34.11000 207.17100
 1 5 21 07 06 48030.00000 32.33300000 2370.01000 225.80000 34.11000 207.17100
 1 5 21 07 06 47995.30000 32.35100000 2370.01000 225.70000 34.49900 207.17100
 1 5 21 07 07 47989.80000 32.36800000 2368.03000 225.70000 34.11700 207.17100
 1 5 21 07 07 47995.30000 32.36800000 2368.57000 225.58000 34.11700 207.17100
 1 5 21 07 08 48004.90000 32.36800000 2369.02000 225.58000 34.11700 207.17100
 1 5 21 07 08 48006.50000 32.34300000 2370.09000 225.67000 34.11700 207.17100
 1 5 21 07 08 47999.90000 32.34300000 2369.55000 225.55000 34.11700 206.95300
 1 5 21 07 09 47989.90000 32.34300000 2368.93000 225.40000 34.11700 206.95300
 1 5 21 07 09 47989.80000 32.38000000 2367.03000 225.43000 34.11700 206.95300
 1 5 21 07 10 47945.30000 32.27700000 2365.20000 225.41000 34.00700 206.95300
 1 5 21 07 10 47932.20000 32.33100000 2364.74000 225.17000 34.00000 206.34100
 1 5 21 07 11 47947.20000 32.32500000 2365.13000 225.22000 34.00000 206.34000
 1 5 21 07 11 47935.20000 32.32500000 2365.14000 225.19000 34.00000 206.34000
 1 5 21 07 12 47960.80000 32.32500000 2365.13000 225.19000 34.00000 206.34000
 1 5 21 07 12 47961.50000 32.31700000 2364.10000 225.19000 34.00000 206.34000
 1 5 21 07 12 47954.00000 32.31700000 2364.17000 225.19000 34.00000 206.34000
 1 5 21 07 13 47947.20000 32.31700000 2362.68000 225.19000 34.00000 206.34000
 1 5 21 07 13 47948.20000 32.31700000 2362.63000 225.18000 34.00000 206.34000
 1 5 21 07 14 47915.30000 32.31700000 2361.30000 225.11000 34.00000 206.34000
 1 5 21 07 14 47895.40000 32.23500000 2361.31000 225.11000 33.82700 206.34000
 1 5 21 07 15 47895.40000 32.15500000 2361.01000 225.11000 33.83900 206.34000
 1 5 21 07 15 47923.80000 32.24600000 2362.08000 225.01000 33.83900 206.34000
 1 5 21 07 15 47940.30000 32.27100000 2364.89000 225.28000 33.83900 206.34000
 1 5 21 07 16 47954.70000 32.27100000 2364.99000 225.28000 33.83900 206.34000
 1 5 21 07 16 47955.70000 32.29900000 2364.99000 225.21000 33.82200 206.34000
 1 5 21 07 17 47956.90000 32.29900000 2364.99000 225.21000 33.82200 206.34000
 1 5 21 07 17 47957.10000 32.32900000 2364.99000 225.33000 33.82200 206.34000
 1 5 21 07 18 47979.90000 32.38000000 2366.19000 225.51000 33.82200 206.34000
 1 5 21 07 18 48006.40000 32.43200000 2369.18000 225.54000 33.81900 207.06800
 1 5 21 07 18 48015.70000 32.39900000 2369.18000 225.69000 33.81900 207.06800
 1 5 21 07 19 48023.00000 32.39900000 2368.40000 225.64000 33.81900 207.06800
 1 5 21 07 19 48023.00000 32.39900000 2367.67000 225.70000 33.93600 207.06800
 1 5 21 07 20 48022.90000 32.39900000 2367.62000 225.68000 33.93600 207.06900
 1 5 21 07 20 48030.30000 32.39900000 2368.86000 225.75000 33.93600 207.06900
 1 5 21 07 21 48044.70000 32.43200000 2367.80000 225.70000 33.93600 207.06900
 1 5 21 07 21 48047.90000 32.43200000 2368.05000 225.65000 33.93600 207.06900
 1 5 21 07 21 48038.70000 32.48500000 2364.81000 225.35000 33.93600 207.06900
 1 5 21 07 22 48041.90000 32.48500000 2365.74000 225.51000 33.93600 207.46700
 1 5 21 07 22 48040.30000 32.48500000 2366.02000 225.56000 33.93600 207.45800
 1 5 21 07 23 48040.30000 32.54300000 2366.68000 225.56000 33.93600 207.45800
 1 5 21 07 23 48040.20000 32.59700000 2366.69000 225.56000 33.93600 207.45800
 1 5 21 07 24 48040.30000 32.59700000 2365.31000 225.44000 33.93600 207.45800
 1 5 21 07 24 48038.70000 32.59700000 2364.55000 225.41000 33.93600 207.66700
 1 5 21 07 24 48038.70000 32.59700000 2364.56000 225.42000 33.93600 207.66700
 1 5 21 07 25 48038.80000 32.59700000 2363.37000 225.42000 34.00100 207.66700
 1 5 21 07 25 48038.80000 32.59700000 2364.55000 225.37000 34.03300 207.66700
 1 5 21 07 26 48038.80000 32.59700000 2365.28000 225.40000 33.95600 207.98500
 1 5 21 07 26 48038.70000 32.54100000 2365.28000 225.40000 33.95600 207.98500
 1 5 21 07 27 48038.70000 32.54100000 2364.73000 225.44000 33.95600 207.98500
 1 5 21 07 27 48038.40000 32.54100000 2363.72000 225.43000 33.95600 207.98500
 1 5 21 07 27 48020.30000 32.54100000 2361.32000 225.43000 33.95600 207.98500
 1 5 21 07 28 48014.10000 32.39200000 2362.54000 225.20000 33.98400 207.98500
 1 5 21 07 28 48014.00000 32.39200000 2362.18000 225.20000 33.98400 207.66700
 1 5 21 07 29 48005.10000 32.39200000 2361.32000 225.20000 33.98700 207.66700
