M=[
17 10 20 12 11 9692.00000 4.76000000 314.49000 40.30000 11.65900 53.45300
17 10 20 12 11 9689.80000 4.76000000 314.42000 40.30000 11.65900 53.45300
17 10 20 12 11 9689.80000 4.76100000 314.41000 40.30000 11.65900 53.45300
17 10 20 12 12 9688.90000 4.76100000 314.28000 40.30000 11.65900 53.45300
17 10 20 12 12 9686.40000 4.76100000 314.28000 40.30000 11.65900 53.45300
17 10 20 12 13 9686.40000 4.76100000 314.28000 40.30000 11.65900 53.45300
17 10 20 12 13 9687.90000 4.76100000 314.28000 40.30000 11.65900 53.45300
17 10 20 12 14 9687.90000 4.76100000 314.16000 40.30000 11.65900 53.45300
17 10 20 12 14 9686.10000 4.76100000 314.16000 40.30000 11.65900 53.45300
17 10 20 12 14 9686.10000 4.76100000 314.25000 40.30000 11.65900 53.45300
17 10 20 12 15 9687.40000 4.76100000 314.25000 40.25000 11.65900 53.45300
17 10 20 12 15 9686.90000 4.76100000 314.19000 40.25000 11.65900 53.45300
17 10 20 12 16 9686.80000 4.76100000 314.19000 40.25000 11.65900 53.45300
17 10 20 12 16 9686.90000 4.76100000 314.19000 40.25000 11.65900 53.45300
17 10 20 12 17 9686.90000 4.76100000 314.12000 40.25000 11.65900 53.45300
17 10 20 12 17 9686.90000 4.76100000 314.13000 40.25000 11.65900 53.45300
17 10 20 12 17 9686.90000 4.76100000 314.13000 40.25000 11.65900 53.45300
17 10 20 12 18 9686.80000 4.76100000 314.13000 40.24000 11.65900 53.45300
17 10 20 12 18 9685.90000 4.76100000 314.13000 40.24000 11.65900 53.45300
17 10 20 12 19 9685.90000 4.76100000 314.00000 40.24000 11.65900 53.45300
17 10 20 12 19 9686.80000 4.76100000 314.05000 40.24000 11.65900 53.45300
17 10 20 12 20 9686.80000 4.76100000 314.01000 40.24000 11.65900 53.45300
17 10 20 12 20 9686.80000 4.76100000 314.11000 40.24000 11.65900 53.45300
17 10 20 12 20 9686.80000 4.76100000 314.11000 40.24000 11.65900 53.45300
17 10 20 12 21 9686.90000 4.76100000 314.20000 40.29000 11.65900 53.45300
17 10 20 12 21 9686.90000 4.76100000 314.28000 40.29000 11.65900 53.45300
17 10 20 12 22 9686.90000 4.76100000 314.26000 40.29000 11.65900 53.45300
17 10 20 12 22 9686.90000 4.76100000 314.14000 40.29000 11.65900 53.45300
17 10 20 12 22 9686.90000 4.76100000 314.08000 40.29000 11.65900 53.45300
17 10 20 12 23 9686.80000 4.76100000 314.08000 40.29000 11.65900 53.45300
17 10 20 12 23 9686.90000 4.76100000 314.14000 40.29000 11.65900 53.45300
17 10 20 12 24 9686.80000 4.76100000 314.14000 40.29000 11.65900 53.45300
17 10 20 12 24 9686.80000 4.76100000 314.14000 40.29000 11.65900 53.45300
17 10 20 12 25 9686.80000 4.76100000 314.21000 40.29000 11.65900 53.45300
17 10 20 12 25 9686.80000 4.76100000 314.17000 40.29000 11.65900 53.45300
17 10 20 12 25 9686.80000 4.76100000 314.17000 40.29000 11.65900 53.45300
17 10 20 12 26 9686.80000 4.76100000 314.15000 40.29000 11.65900 53.45300
17 10 20 12 26 9686.90000 4.76100000 314.15000 40.29000 11.65900 53.45300
17 10 20 12 27 9686.80000 4.76100000 314.15000 40.31000 11.65900 53.45300
17 10 20 12 27 9686.90000 4.76100000 314.17000 40.31000 11.65900 53.45300
17 10 20 12 28 9686.90000 4.76100000 314.17000 40.31000 11.65900 53.45300
17 10 20 12 28 9686.80000 4.76100000 314.17000 40.31000 11.65900 53.45300
17 10 20 12 28 9686.80000 4.76100000 314.17000 40.31000 11.65900 53.45300
17 10 20 12 29 9686.90000 4.76100000 314.18000 40.31000 11.65900 53.45300
17 10 20 12 29 9686.80000 4.76100000 314.18000 40.31000 11.65900 53.45300
17 10 20 12 30 9688.00000 4.76100000 314.18000 40.33000 11.65900 53.45300
17 10 20 12 30 9687.50000 4.76100000 314.17000 40.33000 11.65900 53.45300
17 10 20 12 31 9685.00000 4.76100000 314.17000 40.33000 11.65900 53.45300
17 10 20 12 31 9685.00000 4.76100000 314.09000 40.33000 11.65900 53.45300
17 10 20 12 31 9683.30000 4.76100000 314.09000 40.33000 11.65900 53.45300
17 10 20 12 32 9683.30000 4.76100000 314.08000 40.33000 11.65900 53.45300
17 10 20 12 32 9680.70000 4.76100000 314.08000 40.33000 11.65900 53.45300
17 10 20 12 33 9680.70000 4.76100000 314.00000 40.33000 11.65900 53.45300
17 10 20 12 33 9680.70000 4.76100000 314.00000 40.31000 11.65900 53.45300
17 10 20 12 34 9678.90000 4.76100000 314.00000 40.31000 11.65900 53.45300
17 10 20 12 34 9678.50000 4.76100000 314.00000 40.31000 11.65900 53.45300
17 10 20 12 34 9678.50000 4.76100000 314.00000 40.31000 11.65900 53.45300
17 10 20 12 35 9673.70000 4.76100000 314.00000 40.31000 11.65900 53.45300
17 10 20 12 35 9674.80000 4.76100000 313.81000 40.31000 11.65900 53.45300
17 10 20 12 36 9677.60000 4.76100000 313.81000 40.30000 11.65900 53.45300
17 10 20 12 36 9679.10000 4.76100000 313.81000 40.30000 11.65900 53.45300
17 10 20 12 37 9680.40000 4.76100000 313.81000 40.30000 11.65900 53.45300
17 10 20 12 37 9683.60000 4.76100000 313.81000 40.33000 11.65900 53.45300
17 10 20 12 37 9686.40000 4.76100000 313.81000 40.33000 11.65900 53.45300
17 10 20 12 38 9687.80000 4.76100000 313.81000 40.33000 11.65900 53.11000
17 10 20 12 38 9687.30000 4.76100000 313.82000 40.33000 11.65900 53.11000
17 10 20 12 39 9687.90000 4.71800000 313.90000 40.33000 11.65900 53.11000
17 10 20 12 39 9687.40000 4.71800000 313.90000 40.34000 11.65900 53.11000
17 10 20 12 40 9688.90000 4.71800000 313.85000 40.34000 11.65900 53.11000
17 10 20 12 40 9689.00000 4.71800000 313.85000 40.34000 11.65900 53.11000
17 10 20 12 40 9688.70000 4.71800000 313.85000 40.34000 11.65900 53.11000
17 10 20 12 41 9688.90000 4.71800000 313.86000 40.34000 11.65900 53.11000
17 10 20 12 41 9688.90000 4.71800000 313.86000 40.34000 11.65900 53.11000
17 10 20 12 42 9687.50000 4.71800000 313.86000 40.34000 11.65900 53.11000
17 10 20 12 42 9687.50000 4.71800000 313.86000 40.39000 11.65900 53.11000
17 10 20 12 43 9687.80000 4.71800000 313.86000 40.39000 11.65900 53.11000
17 10 20 12 43 9687.90000 4.71800000 313.80000 40.39000 11.65900 53.11000
17 10 20 12 43 9688.40000 4.71800000 313.80000 40.39000 11.65900 53.11000
17 10 20 12 44 9687.60000 4.71800000 313.80000 40.39000 11.65900 53.11000
17 10 20 12 44 9688.10000 4.71800000 313.85000 40.39000 11.65900 53.11000
17 10 20 12 45 9688.40000 4.71800000 313.83000 40.39000 11.65900 53.11000
17 10 20 12 45 9687.20000 4.71800000 313.83000 40.35000 11.65900 53.11000
17 10 20 12 46 9687.30000 4.73300000 313.83000 40.35000 11.65900 53.11000
17 10 20 12 46 9686.90000 4.73300000 313.83000 40.35000 11.65900 53.11000
17 10 20 12 46 9686.90000 4.73300000 313.83000 40.35000 11.65900 53.11000
17 10 20 12 47 9688.00000 4.73300000 313.89000 40.35000 11.65900 53.11000
17 10 20 12 47 9690.70000 4.73300000 313.89000 40.35000 11.65900 53.11000
17 10 20 12 48 9686.90000 4.74900000 313.81000 40.36000 11.65900 53.11000
17 10 20 12 48 9687.00000 4.74900000 313.81000 40.36000 11.65900 53.11000
17 10 20 12 49 9687.00000 4.74900000 313.76000 40.36000 11.65900 53.11000
17 10 20 12 49 9687.00000 4.74900000 313.76000 40.36000 11.65900 53.11000
17 10 20 12 49 9684.10000 4.74900000 313.76000 40.36000 11.65900 53.11000
17 10 20 12 50 9683.80000 4.74900000 313.76000 40.36000 11.65900 53.11000
17 10 20 12 50 9686.00000 4.74900000 313.76000 40.36000 11.65900 53.11000
17 10 20 12 51 9686.90000 4.74900000 313.76000 40.36000 11.65900 53.11000
17 10 20 12 51 9688.70000 4.74900000 313.61000 40.36000 11.65900 53.11000
17 10 20 12 52 9688.20000 4.74900000 313.61000 40.36000 11.65900 53.11000
17 10 20 12 52 9688.50000 4.74900000 313.62000 40.36000 11.65900 53.11000
17 10 20 12 52 9689.70000 4.74900000 313.71000 40.36000 11.65900 53.11000
17 10 20 12 53 9690.60000 4.74900000 313.81000 40.36000 11.65900 53.11000
17 10 20 12 53 9689.70000 4.74900000 313.85000 40.36000 11.65900 53.11000
17 10 20 12 54 9691.50000 4.74900000 313.85000 40.39000 11.65900 53.11000
17 10 20 12 54 9692.20000 4.74900000 313.85000 40.39000 11.65900 53.11000
17 10 20 12 55 9692.20000 4.74900000 313.93000 40.39000 11.65900 53.11000
17 10 20 12 55 9692.20000 4.74900000 313.96000 40.39000 11.65900 53.11000
17 10 20 12 55 9692.20000 4.74900000 314.17000 40.39000 11.65900 53.11000
17 10 20 12 56 9692.20000 4.74900000 314.17000 40.39000 11.65900 53.11000
17 10 20 12 56 9696.70000 4.75100000 314.17000 40.39000 11.65900 53.11000
