M=[
23 2 21 07 09 41312.10000 10.02100000 1320.24000 155.96000 24.71500 105.00800
23 2 21 07 09 41283.10000 10.00700000 1319.50000 155.84000 24.71500 105.00800
23 2 21 07 09 41250.00000 10.00700000 1319.38000 155.70000 24.71500 105.00800
23 2 21 07 10 41184.90000 10.00700000 1316.90000 155.40000 24.71500 105.00800
23 2 21 07 10 41034.10000 9.98700000 1312.38000 154.82000 24.71500 105.00800
23 2 21 07 11 41000.90000 9.98700000 1309.44000 154.67000 24.48600 105.00800
23 2 21 07 11 41053.00000 9.98700000 1311.42000 154.50000 24.48600 105.00800
23 2 21 07 12 41089.00000 9.98700000 1312.98000 154.76000 24.48600 105.00800
23 2 21 07 12 40954.30000 9.98700000 1309.00000 153.98000 24.48600 103.88900
23 2 21 07 12 40914.50000 9.98700000 1306.67000 153.86000 24.48600 103.56800
23 2 21 07 13 40948.80000 9.98700000 1308.66000 154.13000 24.48600 104.00900
23 2 21 07 13 40932.40000 9.97100000 1307.28000 154.38000 24.48600 104.00900
23 2 21 07 14 40932.40000 9.97100000 1307.75000 154.02000 24.48600 104.00900
23 2 21 07 14 40954.40000 9.97100000 1307.66000 154.24000 24.71600 104.00900
23 2 21 07 15 40900.00000 9.97100000 1305.24000 154.07000 24.71600 103.71800
23 2 21 07 15 40839.00000 9.97100000 1303.00000 153.79000 24.71600 103.03700
23 2 21 07 15 40806.10000 9.97100000 1302.51000 153.47000 24.71600 102.83200
23 2 21 07 16 40710.60000 9.97100000 1299.23000 153.47000 24.71100 102.83200
23 2 21 07 16 40737.70000 9.97100000 1302.88000 153.62000 24.71100 102.83200
23 2 21 07 17 40888.90000 9.97100000 1310.29000 154.64000 24.71100 102.83200
23 2 21 07 17 40793.00000 9.97100000 1307.22000 154.09000 24.71100 102.83200
23 2 21 07 18 40873.80000 9.95600000 1308.53000 154.09000 24.48600 102.83200
23 2 21 07 18 40888.90000 9.95600000 1309.09000 154.46000 24.67600 103.58600
23 2 21 07 18 40984.10000 9.95600000 1313.00000 155.14000 24.67600 103.58600
23 2 21 07 19 41051.60000 9.95600000 1315.00000 155.39000 24.67600 103.58600
23 2 21 07 19 41068.40000 10.00000000 1313.73000 155.44000 24.67600 103.58600
23 2 21 07 20 41114.60000 10.05300000 1316.92000 155.60000 24.67600 104.82500
23 2 21 07 20 41133.40000 10.05800000 1315.96000 155.70000 24.67600 105.09600
23 2 21 07 21 41046.80000 10.05800000 1311.33000 155.32000 24.67600 105.09600
23 2 21 07 21 40836.90000 10.02100000 1305.11000 153.94000 24.67200 103.57900
23 2 21 07 21 40900.70000 10.02100000 1307.88000 154.29000 24.67200 103.57900
23 2 21 07 22 40959.70000 10.02100000 1307.55000 154.27000 24.67200 103.52200
23 2 21 07 22 40965.90000 10.02100000 1309.99000 155.11000 24.67200 103.90100
23 2 21 07 23 40900.10000 10.02100000 1306.51000 154.25000 24.67200 103.90100
23 2 21 07 23 40888.00000 9.94800000 1305.01000 153.94000 24.66000 103.50000
23 2 21 07 24 40820.00000 9.93700000 1303.57000 153.47000 24.66000 103.23500
23 2 21 07 24 40877.10000 9.93700000 1307.23000 153.55000 24.66000 103.18200
23 2 21 07 24 40919.40000 9.93700000 1308.96000 154.64000 24.66000 103.18200
23 2 21 07 25 40888.10000 9.91000000 1307.02000 154.04000 24.66000 103.18200
23 2 21 07 25 40820.10000 9.91000000 1302.64000 153.69000 24.66000 103.45400
23 2 21 07 26 40887.10000 9.91000000 1306.39000 153.84000 24.66000 103.39300
23 2 21 07 26 40824.70000 9.92700000 1306.02000 154.23000 24.66000 103.39300
23 2 21 07 27 40842.90000 9.92700000 1305.42000 153.79000 24.66000 103.39300
23 2 21 07 27 40845.20000 9.92700000 1306.32000 153.79000 24.48400 103.39300
23 2 21 07 27 40846.10000 9.91100000 1305.21000 153.79000 24.48400 103.39300
23 2 21 07 28 40926.40000 9.91100000 1307.16000 153.74000 24.48400 103.39300
23 2 21 07 28 40930.60000 9.91100000 1307.15000 154.21000 24.48400 103.39300
23 2 21 07 29 41075.60000 9.91100000 1312.48000 154.86000 24.48400 103.39300
23 2 21 07 29 41020.90000 9.91100000 1313.34000 154.99000 24.48400 103.39300
23 2 21 07 30 41071.60000 9.91100000 1311.77000 154.84000 24.48400 104.31700
23 2 21 07 30 40932.40000 9.91100000 1307.51000 154.48000 24.46000 104.31700
23 2 21 07 30 40960.40000 9.91100000 1308.87000 154.03000 24.43700 104.31700
23 2 21 07 31 40930.30000 9.93600000 1307.77000 154.47000 24.43700 104.31700
23 2 21 07 31 41074.00000 9.93600000 1313.77000 155.25000 24.43700 104.31700
23 2 21 07 32 41114.60000 10.02400000 1314.47000 155.72000 24.43700 104.78100
23 2 21 07 32 41196.10000 10.08700000 1315.52000 155.65000 24.43700 104.97200
23 2 21 07 33 41253.70000 10.04500000 1315.99000 155.98000 24.43700 104.96100
23 2 21 07 33 41308.90000 10.14000000 1317.00000 156.31000 24.43700 104.96100
23 2 21 07 33 41358.50000 10.11100000 1319.00000 156.38000 24.43700 104.96100
23 2 21 07 34 41346.90000 10.11100000 1319.99000 156.31000 24.43700 104.96100
23 2 21 07 34 41358.50000 10.12000000 1319.99000 156.22000 24.43700 105.21100
23 2 21 07 35 41284.20000 10.12000000 1317.01000 156.02000 24.43700 105.21100
23 2 21 07 35 41182.40000 10.08300000 1315.19000 155.54000 24.43700 104.56000
23 2 21 07 36 41229.60000 10.08300000 1316.40000 155.72000 24.43800 104.56000
23 2 21 07 36 41265.20000 10.08300000 1319.00000 155.62000 24.43800 104.62900
23 2 21 07 36 41220.40000 10.08300000 1315.01000 155.71000 24.43700 104.62900
23 2 21 07 37 41238.10000 10.08300000 1316.67000 155.37000 24.41300 104.62900
23 2 21 07 37 41248.60000 10.10500000 1319.14000 155.45000 24.41300 104.62900
23 2 21 07 38 41225.20000 10.09300000 1316.91000 155.61000 24.41300 104.86500
23 2 21 07 38 41227.40000 10.09300000 1317.05000 155.68000 24.43000 104.80600
23 2 21 07 39 41219.10000 10.09300000 1316.31000 155.51000 24.41400 104.80600
23 2 21 07 39 41174.90000 10.04700000 1313.64000 155.36000 24.41400 104.22100
23 2 21 07 39 41116.80000 10.02900000 1312.50000 154.70000 24.41400 103.98700
23 2 21 07 40 41227.90000 10.02900000 1316.06000 155.17000 24.41400 103.98700
23 2 21 07 40 41295.20000 10.02900000 1319.19000 155.17000 24.41400 104.59600
23 2 21 07 41 41297.90000 10.02900000 1318.87000 155.91000 24.27300 104.83600
23 2 21 07 41 41324.70000 10.02900000 1320.00000 156.19000 24.36700 105.00800
23 2 21 07 42 41304.90000 10.02900000 1321.12000 156.58000 24.36700 105.00800
23 2 21 07 42 41347.80000 10.02900000 1320.84000 156.33000 24.40100 105.00800
23 2 21 07 42 41358.50000 10.02900000 1322.98000 156.27000 24.40100 105.00800
23 2 21 07 43 41391.50000 10.07100000 1323.11000 156.35000 24.40100 105.36400
23 2 21 07 43 41408.10000 10.07100000 1325.78000 156.36000 24.43600 105.64100
23 2 21 07 44 41408.10000 10.15200000 1325.62000 156.40000 24.43600 105.64100
23 2 21 07 44 41408.10000 10.15200000 1325.11000 156.45000 24.43600 105.52200
23 2 21 07 44 41457.80000 10.13900000 1328.73000 156.81000 24.43600 105.52200
23 2 21 07 45 41459.90000 10.23000000 1329.65000 156.31000 24.10100 105.52200
23 2 21 07 45 41479.40000 10.20000000 1330.09000 156.69000 24.10100 105.52200
23 2 21 07 46 41411.10000 10.20000000 1328.19000 156.29000 24.10100 105.66200
23 2 21 07 46 41314.10000 10.20000000 1324.97000 156.03000 24.10100 105.66200
23 2 21 07 47 41314.10000 10.09100000 1324.31000 155.99000 24.43600 104.92600
23 2 21 07 47 41342.50000 10.09100000 1324.11000 155.98000 24.43600 104.92600
23 2 21 07 47 41312.10000 10.12100000 1322.37000 155.98000 24.43600 104.68900
23 2 21 07 48 41342.50000 10.08200000 1324.59000 156.23000 24.43600 104.91300
23 2 21 07 48 41345.30000 10.08200000 1322.79000 156.15000 24.43600 104.91300
23 2 21 07 49 41312.30000 10.07900000 1320.43000 155.89000 24.43600 104.91300
23 2 21 07 49 41300.00000 10.07900000 1321.37000 155.96000 24.43700 104.91300
23 2 21 07 50 41309.40000 10.07900000 1321.31000 155.98000 24.43700 104.91300
23 2 21 07 50 41257.20000 10.07900000 1317.83000 155.78000 24.43700 104.91300
23 2 21 07 50 41216.50000 10.07900000 1317.62000 155.79000 24.43700 104.91300
23 2 21 07 51 41141.10000 10.07900000 1315.01000 155.48000 24.43700 104.91300
23 2 21 07 51 41192.90000 10.08400000 1317.19000 155.48000 24.43700 104.60300
23 2 21 07 52 41150.30000 10.08400000 1315.05000 155.92000 24.43700 105.02600
23 2 21 07 52 41150.20000 10.08400000 1314.37000 156.10000 24.43700 105.02600
