M=[
 4 5 20 12 11 7950.10000 6.24900000 183.00000 42.02000 9.38200 39.43900
 4 5 20 12 11 7951.30000 6.24900000 183.13000 42.02000 9.38200 39.43900
 4 5 20 12 12 7952.60000 6.25000000 183.20000 42.05000 9.37600 39.43900
 4 5 20 12 12 7951.30000 6.25000000 183.29000 42.06000 9.38200 39.47700
 4 5 20 12 12 7956.10000 6.25000000 183.21000 42.05000 9.37600 39.47700
 4 5 20 12 13 7956.80000 6.25000000 183.25000 42.05000 9.38200 39.47700
 4 5 20 12 13 7952.10000 6.25000000 183.21000 42.04000 9.38200 39.47700
 4 5 20 12 14 7957.00000 6.25000000 183.25000 42.04000 9.38200 39.47700
 4 5 20 12 14 7957.00000 6.25000000 183.33000 42.04000 9.38200 39.47700
 4 5 20 12 15 7957.00000 6.25000000 183.33000 42.08000 9.38200 39.47700
 4 5 20 12 15 7957.00000 6.25000000 183.34000 42.06000 9.38200 39.47700
 4 5 20 12 16 7957.20000 6.25000000 183.40000 42.06000 9.38200 39.47700
 4 5 20 12 16 7965.70000 6.25000000 183.45000 42.06000 9.38200 39.47700
 4 5 20 12 17 7967.00000 6.25000000 183.49000 42.06000 9.38200 39.47700
 4 5 20 12 17 7969.40000 6.25000000 183.60000 42.06000 9.38200 39.47700
 4 5 20 12 18 7971.90000 6.25000000 183.60000 42.18000 9.38200 39.47700
 4 5 20 12 18 7974.80000 6.25000000 183.91000 42.18000 9.38200 39.47700
 4 5 20 12 19 7975.40000 6.25000000 183.98000 42.18000 9.38200 39.47700
 4 5 20 12 19 7975.10000 6.25000000 183.87000 42.22000 9.38200 39.47700
 4 5 20 12 20 7965.70000 6.25000000 183.93000 42.22000 9.38200 39.47700
 4 5 20 12 20 7976.00000 6.25000000 183.93000 42.22000 9.38200 39.47700
 4 5 20 12 21 7977.00000 6.25000000 184.00000 42.27000 9.38200 39.47700
 4 5 20 12 21 7979.20000 6.25000000 184.08000 42.30000 9.38200 39.58000
 4 5 20 12 22 7980.00000 6.25000000 184.25000 42.30000 9.38200 39.58000
 4 5 20 12 22 7983.30000 6.25000000 184.40000 42.34000 9.38200 39.58000
 4 5 20 12 23 7991.50000 6.25000000 184.75000 42.34000 9.38200 39.58000
 4 5 20 12 23 7989.90000 6.25000000 184.76000 42.34000 9.38200 39.58000
 4 5 20 12 24 7996.00000 6.25000000 184.76000 42.45000 9.38200 39.58000
 4 5 20 12 24 7996.10000 6.25000000 185.21000 42.42000 9.38200 39.58000
 4 5 20 12 25 7995.60000 6.25000000 185.13000 42.42000 9.38200 39.68200
 4 5 20 12 25 7993.40000 6.25000000 184.96000 42.42000 9.38200 39.68200
 4 5 20 12 26 7995.00000 6.25000000 184.82000 42.44000 9.38200 39.68200
 4 5 20 12 27 7995.00000 6.25000000 184.83000 42.42000 9.38200 39.68200
 4 5 20 12 27 7994.20000 6.25000000 184.82000 42.45000 9.38200 39.68200
 4 5 20 12 28 7994.10000 6.29900000 184.60000 42.45000 9.38200 39.68200
 4 5 20 12 28 7994.70000 6.29900000 184.65000 42.45000 9.38200 39.68200
 4 5 20 12 29 7994.70000 6.29900000 184.76000 42.48000 9.38200 39.68200
 4 5 20 12 29 7999.90000 6.29900000 184.78000 42.49000 9.38200 39.68200
 4 5 20 12 30 7999.90000 6.29900000 184.79000 42.49000 9.38200 39.68200
 4 5 20 12 30 8006.50000 6.29900000 185.20000 42.52000 9.38200 39.68200
 4 5 20 12 31 8015.90000 6.29900000 185.35000 42.52000 9.38200 39.68200
 4 5 20 12 31 8014.40000 6.31000000 185.53000 42.63000 9.44000 39.68200
 4 5 20 12 32 8015.70000 6.31000000 185.89000 42.63000 9.44000 39.68200
 4 5 20 12 32 8021.40000 6.31000000 185.93000 42.69000 9.44000 39.85000
 4 5 20 12 33 8020.30000 6.31000000 185.50000 42.64000 9.44000 39.85000
 4 5 20 12 33 8015.70000 6.31000000 185.59000 42.64000 9.44000 39.85000
 4 5 20 12 34 8015.10000 6.31000000 185.40000 42.60000 9.44000 39.85000
 4 5 20 12 34 8009.30000 6.31000000 185.38000 42.64000 9.44000 39.85000
 4 5 20 12 35 8005.00000 6.31000000 185.32000 42.64000 9.44000 39.85000
 4 5 20 12 35 8000.00000 6.31000000 185.26000 42.46000 9.44000 39.85000
 4 5 20 12 36 7999.90000 6.31000000 185.41000 42.59000 9.44000 39.85000
 4 5 20 12 36 8000.00000 6.31000000 185.57000 42.59000 9.44000 39.85000
 4 5 20 12 37 7999.90000 6.31000000 185.61000 42.59000 9.44000 39.85000
 4 5 20 12 37 8000.00000 6.31000000 185.57000 42.59000 9.44000 39.85000
 4 5 20 12 38 8010.10000 6.31000000 185.78000 42.71000 9.44000 40.01000
 4 5 20 12 39 8010.00000 6.33000000 185.93000 42.70000 9.44000 40.01000
 4 5 20 12 39 8013.40000 6.33000000 185.98000 42.74000 9.44000 40.01000
 4 5 20 12 40 8015.20000 6.33000000 185.94000 42.70000 9.44000 40.01000
 4 5 20 12 40 8020.50000 6.33000000 186.00000 42.74000 9.44000 40.01000
 4 5 20 12 41 8024.20000 6.33000000 186.00000 42.78000 9.44000 40.01000
 4 5 20 12 41 8018.10000 6.31000000 186.00000 42.78000 9.44000 40.01000
 4 5 20 12 42 8019.30000 6.33000000 185.85000 42.78000 9.44000 39.85000
 4 5 20 12 42 8018.30000 6.33800000 185.69000 42.70000 9.44000 40.01000
 4 5 20 12 43 8007.90000 6.33800000 185.68000 42.66000 9.44000 40.01000
 4 5 20 12 43 8007.30000 6.33800000 185.49000 42.66000 9.44000 39.99400
 4 5 20 12 44 8013.40000 6.33800000 185.40000 42.66000 9.44000 39.99400
 4 5 20 12 44 8003.10000 6.33800000 185.18000 42.62000 9.44000 39.99400
 4 5 20 12 45 8004.30000 6.33800000 185.18000 42.62000 9.44000 39.99400
 4 5 20 12 45 8004.00000 6.33800000 185.17000 42.55000 9.44000 39.99400
 4 5 20 12 46 8004.00000 6.33800000 185.18000 42.55000 9.44000 39.99400
 4 5 20 12 46 8005.50000 6.33800000 185.20000 42.59000 9.44000 39.99400
 4 5 20 12 47 8001.20000 6.33800000 185.30000 42.62000 9.44000 39.99400
 4 5 20 12 47 8007.40000 6.33800000 185.36000 42.62000 9.44000 39.99400
 4 5 20 12 48 8009.70000 6.33800000 185.42000 42.62000 9.44000 39.99400
 4 5 20 12 48 8019.60000 6.33800000 185.55000 42.62000 9.44000 39.99400
 4 5 20 12 49 8017.90000 6.33800000 185.60000 42.62000 9.44000 39.99400
 4 5 20 12 49 8012.00000 6.33800000 185.65000 42.62000 9.44000 39.99400
 4 5 20 12 50 8012.50000 6.33800000 185.63000 42.66000 9.44000 39.99400
 4 5 20 12 50 8012.40000 6.33800000 185.64000 42.67000 9.44000 39.95800
 4 5 20 12 51 8021.60000 6.34000000 185.89000 42.74000 9.44000 39.95800
 4 5 20 12 51 8022.80000 6.34000000 185.89000 42.73000 9.44000 39.95800
 4 5 20 12 52 8026.10000 6.33800000 185.91000 42.73000 9.44000 39.95800
 4 5 20 12 52 8026.10000 6.38700000 185.91000 42.73000 9.44000 40.06000
 4 5 20 12 53 8018.20000 6.38700000 185.91000 42.70000 9.44000 40.06000
 4 5 20 12 53 8023.10000 6.38700000 185.91000 42.70000 9.44000 40.06000
 4 5 20 12 54 8016.10000 6.38700000 185.77000 42.73000 9.44000 40.06000
 4 5 20 12 54 8020.10000 6.34000000 185.63000 42.68000 9.44000 40.06000
 4 5 20 12 55 8010.00000 6.34000000 185.24000 42.68000 9.47600 40.06000
 4 5 20 12 55 8010.10000 6.38700000 185.21000 42.55000 9.47600 40.06000
 4 5 20 12 56 8010.10000 6.37400000 185.21000 42.55000 9.47400 40.06000
 4 5 20 12 56 8010.00000 6.37400000 185.18000 42.56000 9.47400 40.06000
 4 5 20 12 57 8009.20000 6.37400000 185.26000 42.53000 9.47400 40.06000
 4 5 20 12 57 8007.70000 6.37400000 185.26000 42.53000 9.47400 40.06000
 4 5 20 12 58 8001.10000 6.37400000 184.95000 42.53000 9.47400 40.06000
 4 5 20 12 58 8002.10000 6.34800000 184.96000 42.53000 9.47400 40.06000
 4 5 20 12 59 7995.70000 6.34800000 184.92000 42.53000 9.47400 40.06000
 4 5 20 12 59 7999.60000 6.33800000 184.72000 42.53000 9.47400 40.06000
 4 5 20 13 00 7999.20000 6.33800000 184.85000 42.44000 9.47400 40.06000
 4 5 20 13 00 8004.00000 6.33800000 185.03000 42.44000 9.47400 40.06000
 4 5 20 13 01 8006.90000 6.33800000 185.03000 42.44000 9.47400 40.06000
 4 5 20 13 01 8011.90000 6.33800000 185.29000 42.46000 9.47400 40.06000
 4 5 20 13 02 8013.10000 6.33800000 185.51000 42.46000 9.52700 40.06000
 4 5 20 13 02 8011.90000 6.33800000 185.51000 42.57000 9.52700 40.06000
 4 5 20 13 03 8015.50000 6.33800000 185.60000 42.60000 9.52700 39.91000
 4 5 20 13 03 8018.50000 6.33800000 185.66000 42.58000 9.47600 40.06000
 4 5 20 13 04 8010.50000 6.33800000 185.58000 42.60000 9.52700 40.06000
 4 5 20 13 04 8013.80000 6.33800000 185.43000 42.58000 9.52700 39.90800
 4 5 20 13 05 8013.70000 6.33800000 185.43000 42.58000 9.52700 39.90800
 4 5 20 13 05 8014.00000 6.33800000 185.44000 42.57000 9.47400 39.90800
 4 5 20 13 06 8020.00000 6.33800000 185.74000 42.63000 9.52700 39.91000
 4 5 20 13 06 8020.00000 6.33800000 185.74000 42.65000 9.52700 39.90800
