M=[
14 5 21 09 30 41897.20000 83.55100000 3282.67000 269.09000 33.54700 252.69600
14 5 21 09 31 41927.20000 84.03100000 3282.72000 269.05000 33.54700 252.94200
14 5 21 09 31 41900.10000 84.21400000 3282.93000 269.05000 33.94900 252.94200
14 5 21 09 32 41906.20000 84.50000000 3283.95000 269.20000 33.94900 252.94200
14 5 21 09 32 41906.10000 84.97100000 3284.00000 269.81000 33.94300 253.17400
14 5 21 09 33 41902.60000 84.50000000 3284.10000 269.79000 33.94300 253.17400
14 5 21 09 33 41900.10000 84.26400000 3283.56000 269.42000 33.94300 253.17400
14 5 21 09 33 41903.80000 84.48200000 3284.82000 269.63000 33.94300 253.17400
14 5 21 09 34 41985.70000 84.50400000 3291.79000 269.91000 33.94300 254.10000
14 5 21 09 34 42032.70000 84.26300000 3294.43000 270.49000 33.94300 254.54000
14 5 21 09 35 42058.70000 84.26300000 3296.91000 270.61000 33.94300 255.16700
14 5 21 09 35 42058.70000 84.22100000 3297.31000 271.15000 33.94300 255.79100
14 5 21 09 36 42050.10000 84.42700000 3295.76000 270.59000 33.94300 255.79100
14 5 21 09 36 42061.90000 84.50000000 3298.00000 270.97000 33.94300 255.96300
14 5 21 09 36 42014.20000 84.42800000 3297.29000 271.07000 33.94300 255.96300
14 5 21 09 37 41963.40000 84.72400000 3292.03000 271.00000 33.94300 255.96300
14 5 21 09 37 41982.60000 84.75600000 3291.76000 271.18000 33.94300 255.40400
14 5 21 09 38 41986.90000 84.49500000 3292.21000 270.98000 33.94300 255.30500
14 5 21 09 38 42006.80000 84.42000000 3291.53000 271.35000 33.94300 255.45100
14 5 21 09 39 41986.60000 84.35000000 3290.01000 271.20000 33.94300 255.87700
14 5 21 09 39 41993.20000 84.22200000 3289.86000 271.23000 33.94300 255.87700
14 5 21 09 39 41983.60000 84.22200000 3290.00000 271.24000 33.94300 256.85700
14 5 21 09 40 42003.60000 84.20000000 3289.99000 270.89000 33.94300 256.56000
14 5 21 09 40 42004.80000 83.95500000 3290.29000 270.80000 33.94300 255.94700
14 5 21 09 41 42005.70000 84.11100000 3288.36000 270.52000 33.94300 256.87700
14 5 21 09 41 42005.10000 84.26900000 3287.94000 270.40000 33.94300 256.67400
14 5 21 09 42 41992.50000 84.09500000 3286.52000 270.41000 33.94300 256.67400
14 5 21 09 42 41997.30000 83.76600000 3291.07000 270.16000 33.94300 257.54900
14 5 21 09 42 42009.10000 83.81500000 3294.97000 270.70000 33.94300 257.54900
14 5 21 09 43 42057.00000 84.27900000 3296.79000 271.86000 33.94300 258.10000
14 5 21 09 43 42051.00000 84.46800000 3296.00000 271.81000 33.94300 257.25400
14 5 21 09 44 42049.70000 84.50200000 3296.00000 271.80000 33.94300 256.80400
14 5 21 09 44 42044.10000 85.00000000 3296.00000 271.53000 33.94300 256.80400
14 5 21 09 45 42059.40000 85.30300000 3298.08000 271.38000 33.94300 256.80400
14 5 21 09 45 42004.70000 85.26800000 3294.72000 271.24000 33.94300 256.80400
14 5 21 09 45 42004.70000 85.36100000 3294.33000 271.95000 33.94300 256.80400
14 5 21 09 46 41993.50000 85.78300000 3290.42000 272.00000 33.94300 256.11400
14 5 21 09 46 41975.50000 85.35100000 3289.78000 272.40000 33.94300 256.11400
14 5 21 09 47 41942.70000 85.30500000 3289.78000 272.66000 33.74800 256.11400
14 5 21 09 47 41950.70000 85.56400000 3288.31000 272.39000 33.74800 256.11400
14 5 21 09 48 41930.90000 85.31400000 3285.78000 271.82000 33.74800 256.11400
14 5 21 09 48 41932.90000 84.87800000 3286.05000 271.84000 33.74800 255.25800
14 5 21 09 48 41932.90000 85.00000000 3285.54000 272.37000 33.74800 255.25800
14 5 21 09 49 41932.90000 84.95400000 3286.19000 272.31000 33.74800 255.29700
14 5 21 09 49 41922.10000 84.64700000 3286.20000 271.70000 33.74800 255.13900
14 5 21 09 50 41900.10000 84.80400000 3284.36000 271.35000 33.74800 254.77800
14 5 21 09 50 41881.70000 84.50000000 3280.79000 271.07000 34.00000 254.77800
14 5 21 09 51 41866.30000 84.34500000 3278.12000 270.86000 34.00000 254.77800
14 5 21 09 51 41828.20000 85.01400000 3276.29000 270.62000 34.00000 254.77800
14 5 21 09 51 41826.50000 84.25000000 3273.48000 270.62000 34.00000 254.33900
14 5 21 09 52 41840.30000 84.25000000 3273.93000 270.13000 34.00000 254.22700
14 5 21 09 52 41852.20000 84.44600000 3275.36000 270.18000 34.00000 254.22700
14 5 21 09 53 41844.10000 84.56100000 3275.10000 270.11000 34.00000 254.41900
14 5 21 09 53 41868.70000 84.66500000 3277.79000 270.00000 34.00000 254.41900
14 5 21 09 54 41883.40000 84.66500000 3278.18000 270.00000 34.00000 255.03900
14 5 21 09 54 41899.90000 84.66400000 3277.74000 269.94000 34.00000 255.29700
14 5 21 09 54 41900.00000 84.48100000 3274.92000 270.00000 34.00000 255.33800
14 5 21 09 55 41879.80000 84.49500000 3275.04000 270.00000 34.00000 255.33800
14 5 21 09 55 41892.40000 84.57500000 3277.96000 270.06000 33.73700 255.35200
14 5 21 09 56 41874.10000 84.04900000 3276.76000 269.57000 33.73700 255.94900
14 5 21 09 56 41871.90000 84.22700000 3277.82000 269.61000 33.73700 255.94900
14 5 21 09 57 41871.10000 84.20800000 3276.05000 269.59000 33.73700 255.94900
14 5 21 09 57 41875.80000 84.20800000 3276.04000 269.50000 33.73700 255.94900
14 5 21 09 57 41865.10000 84.20700000 3276.33000 269.50000 33.73700 255.94900
14 5 21 09 58 41832.60000 83.61700000 3275.89000 269.35000 33.73700 255.94900
14 5 21 09 58 41861.10000 83.90400000 3276.12000 269.60000 33.73700 255.94900
14 5 21 09 59 41860.80000 84.11100000 3276.90000 269.82000 33.73700 255.55100
14 5 21 09 59 41821.10000 84.00100000 3276.25000 269.58000 33.73700 255.55100
14 5 21 10 00 41821.10000 83.91100000 3273.88000 269.58000 33.73700 255.83000
14 5 21 10 00 41847.20000 84.00000000 3278.91000 269.97000 33.73700 255.03500
14 5 21 10 00 41824.30000 84.27600000 3278.79000 269.97000 33.73700 255.03500
14 5 21 10 01 41822.80000 83.91100000 3277.04000 269.97000 33.73700 255.03500
14 5 21 10 01 41800.10000 83.50000000 3276.31000 269.47000 33.73700 255.03500
14 5 21 10 02 41800.10000 83.44300000 3276.31000 269.37000 33.73700 255.03500
14 5 21 10 02 41796.50000 83.34500000 3277.00000 269.57000 33.73700 255.03500
14 5 21 10 03 41789.70000 83.58800000 3276.70000 269.56000 33.73700 255.03500
14 5 21 10 03 41784.40000 83.37200000 3276.30000 269.47000 33.73700 255.03500
14 5 21 10 03 41784.20000 83.37200000 3275.00000 269.36000 33.73700 255.03500
14 5 21 10 04 41771.40000 82.90000000 3271.31000 269.18000 33.73700 253.27800
14 5 21 10 04 41755.10000 82.85100000 3271.01000 269.18000 33.73700 253.27800
14 5 21 10 05 41751.00000 83.32900000 3267.00000 269.18000 33.73700 252.90300
14 5 21 10 05 41751.00000 83.19500000 3268.99000 269.32000 33.73700 252.90300
14 5 21 10 06 41742.20000 83.13500000 3268.83000 269.22000 33.73700 252.90300
14 5 21 10 06 41754.40000 83.36700000 3269.99000 269.64000 33.73700 254.03300
14 5 21 10 06 41751.60000 83.04000000 3270.63000 269.41000 33.73700 254.03300
14 5 21 10 07 41789.50000 83.38200000 3275.62000 269.86000 33.73700 254.03300
14 5 21 10 07 41806.60000 83.42900000 3277.00000 269.89000 33.73700 254.97700
14 5 21 10 08 41795.90000 83.56300000 3276.99000 269.73000 33.73700 254.97700
14 5 21 10 08 41820.00000 83.62000000 3278.97000 269.84000 33.95700 254.97700
14 5 21 10 09 41841.50000 83.53500000 3279.33000 270.49000 33.95700 254.97700
14 5 21 10 09 41866.00000 83.55000000 3281.36000 271.02000 33.95700 256.85100
14 5 21 10 09 41862.80000 83.66400000 3280.60000 270.80000 33.95700 256.10900
14 5 21 10 10 41850.10000 83.58200000 3280.00000 270.29000 33.95700 255.70700
14 5 21 10 10 41817.90000 83.45500000 3280.42000 271.16000 33.95700 255.85500
14 5 21 10 11 41811.80000 83.50100000 3280.29000 271.32000 33.95700 255.85500
14 5 21 10 11 41808.80000 83.19200000 3280.01000 271.29000 33.73800 255.85500
14 5 21 10 12 41745.80000 83.18100000 3280.01000 270.50000 33.73800 254.78900
14 5 21 10 12 41694.70000 83.18100000 3277.29000 270.48000 33.73800 254.68600
14 5 21 10 12 41692.40000 83.26800000 3277.39000 270.48000 33.73800 254.68600
14 5 21 10 13 41765.50000 83.47300000 3281.46000 270.28000 33.73800 254.68600
14 5 21 10 13 41792.50000 83.48100000 3286.56000 271.06000 33.73800 254.68600
14 5 21 10 14 41805.70000 83.72900000 3285.77000 270.85000 33.73800 254.50900
