M=[
 4 6 20 14 14 8668.70000 6.17000000 217.44000 42.34000 13.01300 46.54800
 4 6 20 14 14 8662.50000 6.17000000 217.19000 42.34000 13.01300 46.54800
 4 6 20 14 15 8661.50000 6.17000000 217.16000 42.34000 13.01300 46.46800
 4 6 20 14 15 8659.80000 6.17000000 217.13000 42.34000 13.01300 46.54800
 4 6 20 14 16 8666.20000 6.17000000 217.30000 42.33000 13.01300 46.54800
 4 6 20 14 16 8662.50000 6.17000000 217.30000 42.29000 13.01300 46.54800
 4 6 20 14 17 8662.30000 6.17000000 217.15000 42.29000 13.01300 46.54800
 4 6 20 14 17 8660.70000 6.17000000 217.15000 42.31000 13.03100 46.54800
 4 6 20 14 18 8659.70000 6.17000000 217.15000 42.31000 13.01300 46.54800
 4 6 20 14 18 8659.40000 6.17000000 217.15000 42.29000 13.01300 46.54800
 4 6 20 14 19 8657.80000 6.17000000 217.15000 42.31000 12.94600 46.54800
 4 6 20 14 19 8654.20000 6.17000000 217.02000 42.31000 13.01300 46.54800
 4 6 20 14 19 8653.10000 6.17000000 217.01000 42.34000 13.01300 46.54800
 4 6 20 14 20 8653.00000 6.17000000 217.01000 42.31000 13.01300 46.54800
 4 6 20 14 20 8660.70000 6.17000000 217.02000 42.31000 12.94600 46.54800
 4 6 20 14 21 8652.20000 6.17000000 217.02000 42.31000 13.01300 46.50700
 4 6 20 14 21 8651.90000 6.17000000 217.02000 42.29000 13.03100 46.54800
 4 6 20 14 22 8652.00000 6.17000000 217.02000 42.29000 13.01300 46.54800
 4 6 20 14 22 8646.90000 6.17000000 216.72000 42.29000 13.01300 46.54800
 4 6 20 14 23 8650.40000 6.17000000 216.71000 42.29000 13.01300 46.54800
 4 6 20 14 23 8659.60000 6.17000000 217.23000 42.29000 12.94600 46.54800
 4 6 20 14 24 8661.00000 6.17000000 217.09000 42.35000 12.94600 46.54800
 4 6 20 14 25 8662.60000 6.17000000 217.22000 42.38000 13.01300 46.54800
 4 6 20 14 25 8662.40000 6.17000000 217.19000 42.38000 13.01300 46.54800
 4 6 20 14 25 8657.20000 6.16700000 217.19000 42.38000 13.01300 46.50700
 4 6 20 14 26 8655.50000 6.17000000 217.17000 42.29000 13.01300 46.46800
 4 6 20 14 26 8655.40000 6.17000000 217.11000 42.38000 13.01300 46.54800
 4 6 20 14 27 8651.70000 6.17000000 217.11000 42.38000 13.01300 46.54800
 4 6 20 14 27 8653.20000 6.16700000 216.89000 42.38000 13.01300 46.46800
 4 6 20 14 28 8650.10000 6.17000000 216.86000 42.33000 13.01300 46.50700
 4 6 20 14 28 8650.00000 6.17000000 216.89000 42.33000 13.01300 46.54800
 4 6 20 14 29 8644.80000 6.17000000 216.71000 42.28000 13.01300 46.61100
 4 6 20 14 29 8642.80000 6.17000000 216.55000 42.28000 13.01300 46.61100
 4 6 20 14 30 8641.50000 6.17000000 216.37000 42.27000 13.01300 46.61100
 4 6 20 14 30 8635.00000 6.17000000 216.37000 42.23000 13.00800 46.46800
 4 6 20 14 31 8634.90000 6.17000000 216.37000 42.23000 13.00800 46.61100
 4 6 20 14 31 8634.80000 6.17000000 216.37000 42.24000 13.00800 46.61100
 4 6 20 14 32 8634.90000 6.17000000 216.36000 42.24000 12.94600 46.61100
 4 6 20 14 32 8632.40000 6.17000000 216.33000 42.21000 13.00800 46.61100
 4 6 20 14 33 8631.40000 6.12500000 216.25000 42.21000 13.00800 46.61100
 4 6 20 14 33 8630.10000 6.12500000 216.25000 42.20000 13.00800 46.61100
 4 6 20 14 34 8629.80000 6.12500000 216.17000 42.20000 13.00800 46.61100
 4 6 20 14 34 8629.80000 6.12500000 216.13000 42.20000 13.00800 46.54800
 4 6 20 14 35 8622.00000 6.17000000 216.01000 42.20000 13.00800 46.61100
 4 6 20 14 35 8617.10000 6.12500000 215.61000 42.20000 13.00800 46.44000
 4 6 20 14 36 8615.00000 6.12500000 215.61000 42.15000 13.00800 46.44000
 4 6 20 14 36 8610.90000 6.12500000 215.61000 42.15000 13.00800 46.44000
 4 6 20 14 37 8610.30000 6.12500000 215.61000 42.08000 13.00800 46.44000
 4 6 20 14 37 8610.30000 6.09400000 215.60000 42.08000 13.00800 46.44000
 4 6 20 14 38 8610.80000 6.11800000 215.51000 42.08000 13.00800 46.44000
 4 6 20 14 38 8610.80000 6.11800000 215.43000 42.09000 13.00800 46.44000
 4 6 20 14 39 8619.60000 6.11800000 215.44000 42.09000 13.00800 46.44000
 4 6 20 14 39 8621.80000 6.16400000 215.43000 42.09000 13.00800 46.44000
 4 6 20 14 40 8621.80000 6.11800000 215.44000 42.08000 13.00800 46.44000
 4 6 20 14 40 8621.10000 6.11800000 215.44000 42.09000 13.00800 46.44000
 4 6 20 14 41 8621.10000 6.11800000 215.44000 42.09000 12.94600 46.44000
 4 6 20 14 41 8621.10000 6.12500000 215.44000 42.15000 12.97700 46.44000
 4 6 20 14 42 8621.10000 6.11700000 215.44000 42.15000 12.97700 46.42200
 4 6 20 14 42 8621.10000 6.16400000 215.43000 42.15000 12.97700 46.42200
 4 6 20 14 43 8622.90000 6.11700000 215.43000 42.15000 12.97700 46.42200
 4 6 20 14 43 8610.30000 6.11700000 214.20000 42.02000 12.97700 46.42200
 4 6 20 14 44 8609.10000 6.11800000 214.28000 42.01000 12.97700 46.42200
 4 6 20 14 44 8609.10000 6.11700000 214.43000 42.01000 12.97700 46.42200
 4 6 20 14 45 8614.60000 6.11700000 214.75000 42.01000 12.97700 46.42200
 4 6 20 14 46 8623.30000 6.16400000 215.06000 42.14000 12.97700 46.42200
 4 6 20 14 46 8622.90000 6.11700000 215.05000 42.01000 12.97700 46.42200
 4 6 20 14 47 8621.10000 6.11700000 215.06000 42.14000 12.97700 46.42200
 4 6 20 14 47 8614.60000 6.11700000 214.81000 42.14000 12.97700 46.42200
 4 6 20 14 48 8612.10000 6.11700000 214.70000 42.14000 12.97700 46.42200
 4 6 20 14 48 8616.20000 6.11700000 214.95000 42.14000 12.97700 46.42200
 4 6 20 14 48 8615.50000 6.11700000 214.93000 42.14000 12.97700 46.42200
 4 6 20 14 49 8615.50000 6.11700000 214.93000 42.06000 12.97700 46.44000
 4 6 20 14 49 8615.50000 6.11700000 214.94000 42.06000 12.97700 46.42200
 4 6 20 14 50 8616.90000 6.11700000 214.94000 42.06000 12.99600 46.42200
 4 6 20 14 50 8616.80000 6.11200000 214.94000 42.06000 12.99600 46.42200
 4 6 20 14 51 8612.60000 6.11200000 214.83000 42.06000 12.99600 46.42200
 4 6 20 14 51 8614.10000 6.16400000 214.83000 42.06000 12.99600 46.42200
 4 6 20 14 52 8613.40000 6.11200000 214.83000 42.04000 12.99600 46.42200
 4 6 20 14 52 8613.30000 6.11000000 214.82000 42.06000 12.99600 46.42200
 4 6 20 14 53 8613.30000 6.11000000 214.82000 42.01000 12.99600 46.42200
 4 6 20 14 53 8617.20000 6.11000000 214.98000 42.01000 12.99600 46.42200
 4 6 20 14 54 8617.20000 6.11000000 214.99000 42.01000 12.99600 46.42200
 4 6 20 14 54 8613.30000 6.11000000 214.98000 42.01000 12.99600 46.42200
 4 6 20 14 55 8613.40000 6.11000000 214.99000 42.01000 12.99600 46.42200
 4 6 20 14 55 8613.30000 6.11200000 214.99000 42.01000 12.99600 46.42200
 4 6 20 14 56 8612.10000 6.11000000 214.99000 42.00000 12.99600 46.42200
 4 6 20 14 56 8612.10000 6.11000000 214.98000 42.00000 12.99600 46.42200
 4 6 20 14 57 8612.00000 6.11000000 214.98000 41.95000 12.99600 46.42200
 4 6 20 14 57 8612.10000 6.11000000 214.98000 41.95000 12.99600 46.42200
 4 6 20 14 58 8612.10000 6.11000000 214.99000 41.95000 12.99600 46.42200
 4 6 20 14 58 8612.10000 6.11000000 214.98000 41.95000 12.99600 46.42200
 4 6 20 14 59 8612.00000 6.11000000 215.06000 41.95000 12.99600 46.42200
 4 6 20 14 59 8612.10000 6.11000000 215.04000 41.95000 12.99600 46.42200
 4 6 20 15 00 8612.00000 6.11000000 215.04000 42.01000 12.99600 46.42200
 4 6 20 15 00 8612.00000 6.11000000 215.04000 42.01000 12.99600 46.42200
 4 6 20 15 01 8612.00000 6.11000000 215.03000 42.01000 12.99600 46.42200
 4 6 20 15 01 8612.00000 6.11200000 215.04000 42.01000 12.99600 46.42200
 4 6 20 15 02 8612.00000 6.11000000 215.04000 42.01000 12.99600 46.42200
 4 6 20 15 02 8612.00000 6.10900000 215.04000 42.01000 12.99600 46.42200
 4 6 20 15 03 8612.00000 6.10900000 215.04000 42.01000 12.99600 46.44000
 4 6 20 15 03 8612.00000 6.10900000 215.10000 42.02000 12.99600 46.42200
 4 6 20 15 04 8619.40000 6.10900000 215.10000 42.02000 12.97100 46.42200
 4 6 20 15 04 8617.70000 6.10900000 215.17000 42.02000 12.97100 46.42200
 4 6 20 15 05 8621.30000 6.10900000 215.36000 42.05000 12.97100 46.42200
 4 6 20 15 05 8621.30000 6.10900000 215.38000 42.05000 12.97100 46.42200
 4 6 20 15 06 8621.30000 6.10900000 215.38000 42.05000 12.97100 46.42200
 4 6 20 15 06 8621.30000 6.10900000 215.37000 42.05000 12.97100 46.42200
 4 6 20 15 07 8617.80000 6.10900000 215.07000 42.05000 12.97100 46.37600
 4 6 20 15 07 8617.80000 6.10900000 215.07000 42.02000 12.97100 46.37600
