M=[
28 7 20 22 06 9413.70000 6.21000000 272.18000 47.91000 18.38500 61.01000
28 7 20 22 06 9414.50000 6.21000000 272.26000 47.92000 18.38500 61.01000
28 7 20 22 07 9413.60000 6.21200000 272.26000 47.92000 18.40000 61.00100
28 7 20 22 07 9412.10000 6.21200000 272.27000 47.92000 18.40000 61.00100
28 7 20 22 08 9412.10000 6.21200000 272.27000 47.99000 18.42800 61.00100
28 7 20 22 08 9410.80000 6.21200000 272.27000 47.99000 18.42800 61.00100
28 7 20 22 09 9406.10000 6.21500000 272.01000 47.82000 18.45000 61.00100
28 7 20 22 09 9403.10000 6.21500000 272.13000 47.75000 18.45000 61.00100
28 7 20 22 10 9403.10000 6.21500000 272.13000 47.71000 18.45000 61.00100
28 7 20 22 10 9403.00000 6.21500000 272.00000 47.71000 18.45000 61.00100
28 7 20 22 11 9388.60000 6.21500000 271.52000 47.71000 18.45000 61.00100
28 7 20 22 11 9392.10000 6.21500000 271.51000 47.58000 18.43800 61.00100
28 7 20 22 12 9389.80000 6.21500000 271.51000 47.58000 18.43800 61.00100
28 7 20 22 12 9389.80000 6.21500000 271.50000 47.57000 18.39200 61.00100
28 7 20 22 13 9379.70000 6.21500000 271.00000 47.66000 18.43300 60.87000
28 7 20 22 14 9358.80000 6.21500000 271.34000 47.75000 18.43300 60.86000
28 7 20 22 14 9372.60000 6.21500000 271.30000 47.70000 18.43300 60.86000
28 7 20 22 14 9354.80000 6.21500000 271.03000 47.64000 18.43300 60.86000
28 7 20 22 15 9366.60000 6.21500000 271.13000 47.74000 18.30500 60.86000
28 7 20 22 15 9372.50000 6.21500000 271.11000 47.77000 18.25300 60.86000
28 7 20 22 16 9368.40000 6.21500000 271.10000 47.71000 18.25300 60.86000
28 7 20 22 16 9372.30000 6.21500000 271.03000 47.75000 18.31200 60.86000
28 7 20 22 17 9371.90000 6.21500000 271.11000 47.61000 18.31200 60.86000
28 7 20 22 17 9368.20000 6.21500000 271.12000 47.66000 18.31200 60.86000
28 7 20 22 18 9366.60000 6.21500000 271.12000 47.66000 18.31200 60.86000
28 7 20 22 18 9368.20000 6.21500000 271.12000 47.79000 18.31200 60.86000
28 7 20 22 19 9367.90000 6.21500000 271.17000 47.75000 18.31200 60.86000
28 7 20 22 19 9365.70000 6.21500000 271.17000 47.70000 18.50000 60.86000
28 7 20 22 20 9365.40000 6.19600000 271.30000 47.70000 18.59100 60.86000
28 7 20 22 20 9359.60000 6.19600000 271.30000 47.75000 18.70000 60.86000
28 7 20 22 21 9359.50000 6.19600000 271.21000 47.66000 18.70000 60.86000
28 7 20 22 21 9356.50000 6.19600000 271.14000 47.66000 18.74100 60.86000
28 7 20 22 22 9357.80000 6.19600000 271.15000 47.66000 18.78000 60.86000
28 7 20 22 22 9358.40000 6.19600000 271.21000 47.70000 18.77100 60.86000
28 7 20 22 23 9361.60000 6.19600000 271.43000 47.70000 18.78000 60.86000
28 7 20 22 23 9365.40000 6.19600000 271.43000 47.70000 18.85100 60.86000
28 7 20 22 24 9365.50000 6.19600000 271.43000 47.70000 18.78900 60.86000
28 7 20 22 24 9368.60000 6.19600000 271.59000 47.72000 18.78900 60.86000
28 7 20 22 25 9363.80000 6.19600000 271.44000 47.63000 18.78900 60.86000
28 7 20 22 25 9358.60000 6.19600000 271.00000 47.65000 18.78900 60.86000
28 7 20 22 26 9358.60000 6.19600000 271.00000 47.65000 18.78900 60.86000
28 7 20 22 26 9343.70000 6.19600000 271.01000 47.65000 18.81700 60.86000
28 7 20 22 27 9320.10000 6.19600000 270.80000 47.65000 18.75300 60.86000
28 7 20 22 28 9312.40000 6.19600000 270.45000 47.53000 18.65900 60.72300
28 7 20 22 28 9300.70000 6.18300000 270.07000 47.53000 18.73100 60.72300
28 7 20 22 29 9301.90000 6.18300000 270.20000 47.55000 18.73100 60.72300
28 7 20 22 29 9300.60000 6.18300000 270.32000 47.55000 18.73100 60.72300
28 7 20 22 30 9300.00000 6.16900000 270.47000 47.55000 18.60300 60.72300
28 7 20 22 31 9300.00000 6.13400000 270.20000 47.45000 18.40800 60.49000
28 7 20 22 31 9301.90000 6.13400000 270.38000 47.44000 18.36800 60.45900
28 7 20 22 32 9300.00000 6.13400000 270.32000 47.44000 18.36800 60.45900
28 7 20 22 32 9300.00000 6.13400000 270.25000 47.46000 18.34300 60.45900
28 7 20 22 33 9295.00000 6.13400000 270.30000 47.46000 18.37200 60.38800
28 7 20 22 33 9297.20000 6.12200000 270.38000 47.31000 18.38000 60.38800
28 7 20 22 34 9295.10000 6.10700000 270.38000 46.98000 18.38000 60.38800
28 7 20 22 35 9294.90000 6.09700000 270.24000 46.96000 18.38000 60.18100
28 7 20 22 36 9312.40000 6.09700000 270.54000 47.10000 18.38000 60.18100
28 7 20 22 36 9318.70000 6.09700000 270.56000 47.22000 18.38000 60.18100
28 7 20 22 37 9323.90000 6.09700000 270.61000 47.31000 18.38000 60.18100
28 7 20 22 37 9320.50000 6.09700000 270.43000 47.26000 18.53800 60.18100
28 7 20 22 38 9318.70000 6.09700000 270.44000 47.27000 18.64300 60.18100
28 7 20 22 39 9316.30000 6.09700000 270.18000 47.22000 18.70700 60.18100
28 7 20 22 39 9314.40000 6.09700000 270.18000 47.22000 18.73400 60.18100
28 7 20 22 39 9321.00000 6.09700000 270.18000 47.22000 18.69800 60.18100
28 7 20 22 40 9316.40000 6.09700000 270.18000 47.21000 18.50500 60.18100
28 7 20 22 40 9322.00000 6.09700000 270.18000 47.23000 18.54400 60.18100
28 7 20 22 41 9322.80000 6.09700000 270.18000 47.23000 18.54400 60.18100
28 7 20 22 41 9322.90000 6.15000000 270.44000 47.23000 18.53500 60.18100
28 7 20 22 42 9327.90000 6.15000000 270.72000 47.37000 18.45200 60.18100
28 7 20 22 42 9329.70000 6.15000000 270.71000 47.38000 18.42800 60.18100
28 7 20 22 43 9329.90000 6.14800000 270.71000 47.41000 18.42800 60.48600
28 7 20 22 43 9333.80000 6.15700000 270.71000 47.43000 18.42800 60.48600
28 7 20 22 44 9329.00000 6.15700000 270.70000 47.43000 18.42800 60.48600
28 7 20 22 44 9332.70000 6.15700000 270.50000 47.41000 18.42800 60.48600
28 7 20 22 45 9331.00000 6.15700000 270.41000 47.41000 18.42800 60.48600
28 7 20 22 45 9331.00000 6.15700000 270.41000 47.41000 18.61500 60.48600
28 7 20 22 46 9331.00000 6.15700000 270.57000 47.40000 18.52300 60.48600
28 7 20 22 46 9334.60000 6.15700000 270.57000 47.43000 18.55900 60.48600
28 7 20 22 47 9337.60000 6.15700000 270.57000 47.41000 18.55900 60.48600
28 7 20 22 47 9338.10000 6.15700000 270.57000 47.41000 18.57000 60.48600
28 7 20 22 48 9340.40000 6.15700000 270.57000 47.41000 18.57000 60.48600
28 7 20 22 48 9340.40000 6.15700000 270.57000 47.60000 18.57000 60.48600
28 7 20 22 49 9341.00000 6.15700000 270.85000 47.60000 18.57000 60.43000
28 7 20 22 49 9344.60000 6.15700000 270.85000 47.55000 18.57000 60.43000
28 7 20 22 50 9341.20000 6.15700000 270.85000 47.55000 18.57000 60.43000
28 7 20 22 50 9347.40000 6.15700000 271.08000 47.55000 18.57000 60.43000
28 7 20 22 51 9347.90000 6.15700000 271.08000 47.55000 18.57000 60.43000
28 7 20 22 51 9348.20000 6.15700000 271.21000 47.59000 18.51000 60.43000
28 7 20 22 51 9348.00000 6.15700000 271.14000 47.59000 18.51000 60.43000
28 7 20 22 52 9348.40000 6.15700000 271.33000 47.59000 18.40000 60.43000
28 7 20 22 52 9347.90000 6.15700000 271.37000 47.59000 18.40000 60.43000
28 7 20 22 53 9348.00000 6.15700000 271.37000 47.59000 18.40000 60.43000
28 7 20 22 53 9348.00000 6.15700000 271.31000 47.59000 18.37100 60.43000
28 7 20 22 54 9348.00000 6.16400000 271.03000 47.59000 18.33000 60.43000
28 7 20 22 54 9348.00000 6.16400000 271.03000 47.63000 18.33000 60.43000
28 7 20 22 55 9355.80000 6.16400000 271.32000 47.67000 18.35800 60.43000
28 7 20 22 55 9361.00000 6.16400000 271.33000 47.67000 18.35800 60.43000
28 7 20 22 56 9363.60000 6.16400000 271.53000 47.67000 18.35800 60.43000
28 7 20 22 56 9358.60000 6.16400000 271.50000 47.67000 18.35800 60.43000
28 7 20 22 57 9359.20000 6.16400000 271.46000 47.63000 18.35800 60.43000
28 7 20 22 58 9359.00000 6.16400000 271.46000 47.63000 18.35800 60.43000
28 7 20 22 58 9355.20000 6.16400000 271.46000 47.63000 18.35800 60.43000
28 7 20 22 59 9348.00000 6.16400000 271.45000 47.65000 18.35800 60.43000
28 7 20 22 59 9349.50000 6.16400000 271.44000 47.63000 18.35800 60.43000
28 7 20 23 00 9350.50000 6.16400000 271.44000 47.63000 18.35800 60.43000
28 7 20 23 00 9352.70000 6.16400000 271.48000 47.64000 18.35800 60.43000
28 7 20 23 01 9355.30000 6.16400000 271.48000 47.64000 18.35800 60.43000
28 7 20 23 01 9355.00000 6.16400000 271.59000 47.64000 18.42400 60.43000
28 7 20 23 01 9363.10000 6.16400000 271.70000 47.64000 18.42400 60.43000
