M=[
14 6 21 19 42 32805.90000 48.22400000 2095.69000 144.29000 20.59100 112.94400
14 6 21 19 43 32777.30000 48.22400000 2095.75000 144.33000 20.59100 112.94400
14 6 21 19 43 32782.20000 48.22400000 2095.75000 144.33000 20.59100 112.94400
14 6 21 19 44 32791.50000 48.22400000 2095.75000 144.32000 20.59100 112.94400
14 6 21 19 44 32782.30000 48.22400000 2095.76000 144.25000 20.59100 112.94400
14 6 21 19 45 32766.50000 48.22400000 2095.76000 144.28000 20.59100 112.94400
14 6 21 19 45 32788.10000 48.22400000 2095.76000 144.28000 20.59100 112.94400
14 6 21 19 45 32800.20000 48.22400000 2095.90000 144.28000 20.59100 112.94400
14 6 21 19 46 32800.20000 48.22400000 2095.76000 144.25000 20.59100 112.94400
14 6 21 19 46 32800.10000 48.22400000 2095.75000 144.19000 20.59100 112.94400
14 6 21 19 47 32800.10000 48.22400000 2095.75000 144.19000 20.59100 112.94400
14 6 21 19 47 32800.10000 48.22400000 2095.75000 144.19000 20.59100 112.94400
14 6 21 19 48 32810.60000 48.22400000 2095.75000 144.19000 20.59100 112.94400
14 6 21 19 48 32821.30000 48.22400000 2095.76000 144.38000 20.59100 112.94400
14 6 21 19 48 32816.20000 48.22400000 2095.81000 144.38000 20.59100 112.94400
14 6 21 19 49 32816.10000 48.22400000 2095.81000 144.29000 20.59100 112.94400
14 6 21 19 49 32816.30000 48.22400000 2095.81000 144.28000 20.59100 112.94400
14 6 21 19 50 32816.20000 48.22400000 2095.81000 144.28000 20.59100 112.94400
14 6 21 19 50 32811.00000 48.22400000 2095.81000 144.28000 20.60200 112.94400
14 6 21 19 51 32767.80000 48.22400000 2095.81000 144.22000 20.60200 112.94400
14 6 21 19 51 32768.40000 48.22400000 2096.62000 144.22000 20.60200 112.94400
14 6 21 19 51 32754.40000 48.22400000 2094.52000 144.22000 20.60200 112.94400
14 6 21 19 52 32757.40000 48.22400000 2095.70000 144.11000 20.60200 112.94400
14 6 21 19 52 32756.30000 48.22400000 2094.76000 144.11000 20.60200 112.94400
14 6 21 19 53 32756.40000 48.22400000 2095.05000 144.11000 20.60200 112.94400
14 6 21 19 53 32772.80000 48.22400000 2095.89000 144.11000 20.60200 112.94400
14 6 21 19 54 32773.90000 48.23100000 2095.89000 144.11000 20.60200 112.94400
14 6 21 19 54 32767.40000 48.17600000 2095.35000 144.13000 20.60200 112.94400
14 6 21 19 54 32756.50000 48.17600000 2094.71000 144.13000 20.60200 112.94400
14 6 21 19 55 32723.60000 48.17600000 2094.72000 144.13000 20.60200 112.94400
14 6 21 19 55 32663.90000 48.11200000 2090.50000 143.87000 20.60200 112.94400
14 6 21 19 56 32683.50000 48.11500000 2090.00000 143.87000 20.60200 112.94400
14 6 21 19 56 32699.20000 47.81600000 2090.93000 143.87000 20.60200 112.94400
14 6 21 19 57 32699.90000 47.42900000 2090.93000 143.83000 20.60200 112.94400
14 6 21 19 57 32696.90000 47.60100000 2091.49000 143.83000 20.60200 112.94400
14 6 21 19 57 32700.00000 47.80000000 2092.03000 143.83000 20.60200 112.94400
14 6 21 19 58 32736.90000 47.85700000 2094.71000 143.99000 20.60200 112.94400
14 6 21 19 58 32768.30000 47.85700000 2095.22000 143.99000 20.60200 112.94400
14 6 21 19 59 32784.00000 47.85700000 2096.37000 144.00000 20.60200 112.94400
14 6 21 19 59 32773.70000 47.85700000 2094.97000 144.00000 20.60200 112.94400
14 6 21 20 00 32773.70000 47.85700000 2095.72000 144.00000 20.60200 113.00600
14 6 21 20 00 32763.70000 47.85700000 2094.44000 144.06000 20.60200 113.00600
14 6 21 20 00 32763.60000 47.85700000 2094.76000 143.86000 20.60200 113.00600
14 6 21 20 01 32753.20000 47.85700000 2092.35000 143.87000 20.60200 113.00600
14 6 21 20 01 32731.80000 47.95600000 2090.99000 143.87000 20.60200 113.00600
14 6 21 20 02 32731.80000 47.95600000 2090.30000 143.87000 20.64500 113.00600
14 6 21 20 02 32731.60000 48.04600000 2090.30000 143.87000 20.64500 113.00600
14 6 21 20 03 32771.00000 48.04600000 2094.39000 143.93000 20.64500 113.00600
14 6 21 20 03 32797.90000 48.04600000 2096.00000 143.93000 20.64500 113.00600
14 6 21 20 03 32797.80000 48.04600000 2096.15000 143.93000 20.64500 113.00600
14 6 21 20 04 32808.10000 48.04600000 2096.23000 143.93000 20.64500 113.00600
14 6 21 20 04 32806.60000 48.04600000 2096.33000 144.10000 20.64500 113.00600
14 6 21 20 05 32840.20000 48.04600000 2097.69000 144.16000 20.64500 113.00600
14 6 21 20 05 32880.00000 48.04600000 2097.32000 144.16000 20.64500 113.00600
14 6 21 20 06 32887.00000 48.04600000 2098.55000 144.30000 20.64500 113.00600
14 6 21 20 06 32891.50000 48.04600000 2098.55000 144.30000 20.64500 113.00600
14 6 21 20 06 32930.50000 48.04600000 2098.88000 144.45000 20.64500 113.00600
14 6 21 20 07 32970.50000 48.04600000 2100.00000 144.47000 20.64500 113.00600
14 6 21 20 07 32959.10000 48.04600000 2101.11000 144.65000 20.64500 113.00600
14 6 21 20 08 32970.50000 48.04600000 2101.66000 144.62000 20.64500 113.00600
14 6 21 20 08 32955.30000 48.04600000 2101.66000 144.62000 20.64500 113.00600
14 6 21 20 09 32955.10000 48.04600000 2101.66000 144.62000 20.64500 113.00600
14 6 21 20 09 32946.20000 48.04600000 2101.65000 144.57000 20.64500 113.00600
14 6 21 20 09 32955.80000 48.04600000 2101.13000 144.57000 20.64500 113.00600
14 6 21 20 10 32930.30000 48.04600000 2101.00000 144.38000 20.64500 113.67200
14 6 21 20 10 32930.00000 48.04600000 2101.00000 144.38000 20.64500 113.67200
14 6 21 20 11 32917.30000 48.04600000 2101.01000 144.38000 20.64500 113.67200
14 6 21 20 11 32916.90000 48.04600000 2100.01000 144.38000 20.64500 113.67200
14 6 21 20 12 32914.60000 48.04600000 2100.00000 144.38000 20.64500 113.65900
14 6 21 20 12 32893.90000 48.04600000 2099.76000 144.38000 20.64500 113.65900
14 6 21 20 12 32947.50000 48.04600000 2099.42000 144.25000 20.64500 113.65900
14 6 21 20 13 32913.40000 48.04600000 2098.18000 144.25000 20.64500 113.65900
14 6 21 20 13 32919.90000 48.04600000 2097.63000 144.30000 20.64500 113.65900
14 6 21 20 14 32943.30000 48.04600000 2097.63000 144.30000 20.64500 113.65900
14 6 21 20 14 32943.20000 48.04600000 2099.73000 144.30000 20.64500 113.65900
14 6 21 20 15 32946.40000 48.04600000 2098.90000 144.30000 20.64500 113.65900
14 6 21 20 15 32930.00000 48.04600000 2097.36000 144.17000 20.64500 113.65900
14 6 21 20 15 32921.30000 48.04600000 2096.41000 144.17000 20.64500 113.65900
14 6 21 20 16 32895.00000 48.04600000 2096.08000 144.17000 20.64500 113.65900
14 6 21 20 16 32894.80000 48.04600000 2094.56000 144.06000 20.64500 113.65900
14 6 21 20 17 32894.90000 48.04600000 2094.56000 144.06000 20.64500 113.65900
14 6 21 20 17 32894.80000 48.04600000 2094.79000 144.06000 20.64500 113.65900
14 6 21 20 18 32883.50000 48.25800000 2094.79000 144.06000 20.64500 113.65900
14 6 21 20 18 32903.20000 48.25800000 2094.79000 144.06000 20.64500 113.65900
14 6 21 20 18 32903.20000 48.25800000 2095.94000 144.06000 20.64500 113.65900
14 6 21 20 19 32887.80000 48.25800000 2095.42000 144.06000 20.64500 113.65900
14 6 21 20 19 32887.60000 48.25800000 2095.00000 144.06000 20.64500 113.65900
14 6 21 20 20 32874.90000 48.25800000 2094.22000 144.06000 20.64500 113.65900
14 6 21 20 20 32848.00000 48.28600000 2094.00000 144.06000 20.64500 113.65900
14 6 21 20 21 32870.20000 48.28600000 2094.00000 144.04000 20.64500 113.65900
14 6 21 20 21 32851.00000 48.28600000 2094.00000 143.91000 20.64500 113.65900
14 6 21 20 21 32756.50000 48.20600000 2092.31000 143.91000 20.64500 113.65900
14 6 21 20 22 32810.10000 48.20600000 2092.30000 143.60000 20.64500 113.65900
14 6 21 20 22 32800.10000 48.15700000 2093.98000 143.60000 20.64500 113.65900
14 6 21 20 23 32797.00000 48.15700000 2093.98000 143.60000 20.64500 113.65900
14 6 21 20 23 32797.10000 48.15700000 2094.00000 143.60000 20.64500 113.65900
14 6 21 20 24 32797.10000 48.15700000 2094.11000 143.75000 20.64500 113.65900
14 6 21 20 24 32827.50000 48.15700000 2094.83000 143.75000 20.64500 113.65900
14 6 21 20 24 32831.90000 48.15700000 2095.08000 143.75000 20.64500 113.65900
14 6 21 20 25 32801.70000 48.15700000 2094.01000 143.75000 20.64500 113.65900
14 6 21 20 25 32771.60000 48.15700000 2094.01000 143.75000 20.64500 113.65900
14 6 21 20 26 32787.90000 48.12600000 2094.01000 143.63000 20.64500 113.65900
