M=[
 5 5 21 03 37 45822.50000 62.40800000 2737.41000 274.73000 34.41200 213.34400
 5 5 21 03 38 45819.10000 62.40800000 2736.11000 274.73000 34.41200 213.34400
 5 5 21 03 38 45810.00000 62.41700000 2735.81000 273.88000 34.41200 213.34400
 5 5 21 03 39 45824.40000 62.36300000 2733.13000 273.88000 34.41200 213.34400
 5 5 21 03 39 45878.80000 62.88500000 2740.15000 274.66000 34.41200 213.73000
 5 5 21 03 39 45924.90000 63.16800000 2742.35000 275.35000 34.41200 213.73000
 5 5 21 03 40 45830.60000 62.87200000 2734.60000 274.76000 34.41200 213.73000
 5 5 21 03 40 45804.30000 62.85700000 2734.60000 274.76000 34.41200 213.73000
 5 5 21 03 41 45768.60000 62.85700000 2728.91000 273.57000 34.41200 213.73000
 5 5 21 03 41 45761.70000 62.96400000 2728.64000 273.57000 34.41200 213.73000
 5 5 21 03 42 45709.60000 62.76700000 2724.52000 272.79000 34.41200 213.73000
 5 5 21 03 42 45730.20000 62.76700000 2728.96000 273.19000 34.41200 213.73000
 5 5 21 03 42 45728.60000 63.31800000 2725.80000 273.15000 34.41200 213.73000
 5 5 21 03 43 45729.90000 63.46200000 2725.50000 272.73000 34.41200 213.73000
 5 5 21 03 43 45698.90000 63.34100000 2723.87000 272.14000 34.41200 213.73000
 5 5 21 03 44 45732.90000 63.34100000 2725.35000 272.53000 34.41200 213.73000
 5 5 21 03 44 45757.70000 63.53500000 2730.01000 272.53000 34.41200 212.70900
 5 5 21 03 45 45757.70000 63.55000000 2729.99000 272.53000 34.41200 212.70900
 5 5 21 03 45 45716.50000 63.89700000 2729.17000 272.24000 34.41200 212.70900
 5 5 21 03 45 45734.00000 63.92700000 2730.00000 272.24000 34.41200 212.70900
 5 5 21 03 46 45698.90000 63.96200000 2729.10000 272.83000 34.41200 213.27400
 5 5 21 03 46 45689.00000 64.03200000 2728.62000 272.83000 34.41200 213.05100
 5 5 21 03 47 45674.30000 64.40000000 2727.08000 272.83000 34.41200 213.24600
 5 5 21 03 47 45642.20000 64.14600000 2723.93000 272.97000 34.41200 213.24600
 5 5 21 03 48 45642.20000 64.15600000 2724.89000 273.98000 34.41200 213.24600
 5 5 21 03 48 45675.60000 64.35300000 2725.52000 274.69000 34.41200 213.24600
 5 5 21 03 48 45668.50000 64.35700000 2725.52000 275.25000 34.41200 213.24600
 5 5 21 03 49 45720.20000 63.88900000 2729.31000 275.97000 34.41200 213.24600
 5 5 21 03 49 45720.20000 63.64500000 2729.79000 276.73000 34.41200 213.24600
 5 5 21 03 50 45678.40000 63.70900000 2727.71000 277.49000 34.41200 213.24600
 5 5 21 03 50 45665.30000 63.71700000 2722.21000 278.66000 34.41200 213.24600
 5 5 21 03 51 45654.40000 63.70800000 2725.39000 278.66000 34.41200 213.24600
 5 5 21 03 51 45575.40000 63.24100000 2722.64000 276.81000 34.41200 213.24600
 5 5 21 03 51 45620.90000 63.13000000 2728.34000 276.46000 34.41200 213.24600
 5 5 21 03 52 45586.80000 63.28900000 2727.74000 276.19000 34.41200 213.24600
 5 5 21 03 52 45626.20000 63.23800000 2727.74000 277.00000 34.41200 213.24600
 5 5 21 03 53 45638.60000 63.09900000 2730.00000 276.97000 34.41200 213.24600
 5 5 21 03 53 45669.40000 63.52900000 2732.78000 278.55000 34.41200 213.24600
 5 5 21 03 54 45649.70000 63.06100000 2736.58000 278.38000 34.41200 213.24600
 5 5 21 03 54 45603.90000 63.20800000 2730.61000 277.22000 34.41200 213.24600
 5 5 21 03 54 45598.50000 62.95800000 2730.95000 277.31000 34.41200 213.24600
 5 5 21 03 55 45613.40000 63.43300000 2731.08000 277.42000 34.41200 213.24600
 5 5 21 03 55 45628.80000 63.34900000 2733.20000 277.25000 34.41200 213.24600
 5 5 21 03 56 45654.90000 63.66100000 2733.20000 278.49000 34.41200 215.27300
 5 5 21 03 56 45646.40000 63.84700000 2737.63000 277.65000 34.41200 215.27300
 5 5 21 03 57 45610.80000 63.56100000 2737.24000 277.50000 34.41200 215.27300
 5 5 21 03 57 45604.20000 63.82000000 2740.31000 276.99000 34.41200 215.27300
 5 5 21 03 57 45647.30000 64.04100000 2742.56000 276.92000 34.41200 215.27300
 5 5 21 03 58 45656.70000 64.12800000 2743.65000 277.09000 34.41200 215.27300
 5 5 21 03 58 45637.40000 64.12800000 2741.63000 276.34000 34.41200 215.79500
 5 5 21 03 59 45613.60000 63.79400000 2742.14000 276.34000 34.41200 215.94900
 5 5 21 03 59 45613.70000 63.79600000 2741.43000 276.13000 34.41200 215.94900
 5 5 21 04 00 45610.70000 63.74300000 2743.02000 276.49000 34.41200 215.94900
 5 5 21 04 00 45613.60000 63.85600000 2746.34000 277.58000 34.41200 215.99500
 5 5 21 04 00 45614.20000 63.94300000 2747.46000 278.08000 34.41200 215.99500
 5 5 21 04 01 45662.70000 64.07400000 2746.33000 277.79000 34.41200 216.16400
 5 5 21 04 01 45662.80000 64.14200000 2748.74000 278.14000 34.41200 215.90500
 5 5 21 04 02 45632.10000 63.63000000 2746.34000 277.23000 34.41200 215.91700
 5 5 21 04 02 45645.20000 63.17500000 2746.33000 276.47000 34.05300 215.91700
 5 5 21 04 03 45635.00000 63.19000000 2744.35000 276.07000 34.05300 215.38000
 5 5 21 04 03 45624.60000 63.41700000 2741.27000 276.30000 34.05500 215.08100
 5 5 21 04 03 45634.90000 62.76300000 2741.51000 275.83000 34.05500 215.08100
 5 5 21 04 04 45621.90000 62.89100000 2739.11000 274.56000 34.05500 214.31500
 5 5 21 04 04 45601.10000 63.03500000 2737.81000 273.61000 34.05500 213.83600
 5 5 21 04 05 45615.10000 63.31200000 2736.99000 274.42000 34.05500 213.83600
 5 5 21 04 05 45597.60000 62.91500000 2736.23000 274.83000 34.05500 213.83600
 5 5 21 04 06 45604.70000 63.14700000 2735.70000 274.31000 34.05500 213.96800
 5 5 21 04 06 45604.70000 63.29000000 2739.30000 274.94000 34.05500 213.96800
 5 5 21 04 06 45604.80000 63.39200000 2740.00000 275.46000 34.05500 213.96800
 5 5 21 04 07 45702.10000 63.66000000 2747.20000 276.12000 34.05500 213.96800
 5 5 21 04 07 45730.20000 63.86200000 2757.80000 276.52000 34.05500 213.96800
 5 5 21 04 08 45738.90000 63.63100000 2757.66000 276.51000 34.05500 213.96800
 5 5 21 04 08 45713.00000 64.06600000 2759.71000 275.76000 34.05500 213.96800
 5 5 21 04 09 45669.10000 64.29200000 2761.15000 276.47000 34.05500 215.24200
 5 5 21 04 09 45608.90000 64.40100000 2752.74000 275.05000 34.05500 214.56500
 5 5 21 04 09 45610.30000 64.22700000 2749.61000 275.02000 34.05500 214.62200
 5 5 21 04 10 45678.40000 64.20200000 2761.41000 276.61000 34.05500 214.96100
 5 5 21 04 10 45678.60000 64.18100000 2758.42000 275.89000 34.05500 214.96100
 5 5 21 04 11 45673.30000 64.15800000 2756.57000 275.89000 34.05500 214.96100
 5 5 21 04 11 45671.10000 64.00000000 2756.99000 276.87000 34.05500 214.96100
 5 5 21 04 12 45668.50000 64.04800000 2751.90000 276.27000 34.05500 214.96100
 5 5 21 04 12 45632.80000 63.95800000 2749.96000 275.57000 34.05500 215.40800
 5 5 21 04 12 45649.40000 64.00000000 2754.88000 275.68000 34.05500 215.40800
 5 5 21 04 13 45660.70000 64.23300000 2756.55000 276.84000 34.05500 215.40800
 5 5 21 04 13 45681.00000 64.23300000 2756.12000 276.95000 34.05500 215.40800
 5 5 21 04 14 45656.20000 64.06700000 2754.94000 276.95000 34.05500 215.35900
 5 5 21 04 14 45644.30000 64.20400000 2756.10000 277.31000 34.05500 215.35900
 5 5 21 04 15 45629.10000 63.96700000 2756.11000 276.19000 34.05500 215.35900
 5 5 21 04 15 45608.70000 63.96700000 2752.39000 275.89000 34.03900 215.35900
 5 5 21 04 15 45630.80000 64.03300000 2754.13000 275.87000 34.03900 215.35900
 5 5 21 04 16 45630.80000 63.70800000 2753.29000 275.48000 34.03900 215.20900
 5 5 21 04 16 45604.10000 63.70800000 2747.85000 275.47000 34.03900 215.05600
 5 5 21 04 17 45602.40000 63.31700000 2748.25000 274.94000 34.03900 214.94400
 5 5 21 04 17 45599.00000 63.28600000 2748.25000 274.83000 34.03900 214.94500
 5 5 21 04 18 45596.90000 63.32200000 2745.78000 274.95000 34.03900 214.97700
 5 5 21 04 18 45586.70000 63.14500000 2745.31000 274.72000 34.03900 214.97700
 5 5 21 04 18 45594.60000 63.23100000 2746.11000 274.57000 34.03900 214.79100
 5 5 21 04 19 45601.40000 63.24300000 2746.48000 274.72000 34.03900 215.03200
 5 5 21 04 19 45604.00000 63.15700000 2746.93000 274.52000 34.03900 215.03200
 5 5 21 04 20 45595.90000 63.13900000 2745.31000 274.55000 34.03900 214.75700
 5 5 21 04 20 45602.90000 63.26000000 2746.50000 274.72000 34.03900 214.75700
 5 5 21 04 21 45634.20000 63.31200000 2748.96000 274.72000 34.03900 214.75700
