M=[
24 8 20 06 09 9905.20000 5.76200000 334.10000 51.60000 20.48500 68.70000
24 8 20 06 10 9905.00000 5.76200000 334.06000 51.60000 20.48500 68.70000
24 8 20 06 10 9905.10000 5.76200000 334.13000 51.60000 20.48500 68.70000
24 8 20 06 11 9905.10000 5.76200000 334.14000 51.60000 20.48500 68.70000
24 8 20 06 11 9905.10000 5.76200000 334.31000 51.60000 20.48500 68.70000
24 8 20 06 12 9905.10000 5.76200000 334.39000 51.60000 20.49400 68.70000
24 8 20 06 12 9905.10000 5.76200000 334.63000 51.60000 20.49400 68.70000
24 8 20 06 13 9905.20000 5.76200000 334.78000 51.89000 20.51100 68.70000
24 8 20 06 13 9905.20000 5.76200000 334.78000 51.89000 20.51100 68.70000
24 8 20 06 14 9909.40000 5.76200000 334.78000 51.89000 20.51100 68.70000
24 8 20 06 14 9909.20000 5.78600000 334.82000 51.89000 20.51100 68.70000
24 8 20 06 15 9910.20000 5.78600000 334.82000 51.89000 20.46400 68.70000
24 8 20 06 15 9912.70000 5.78600000 335.10000 52.03000 20.46400 68.70000
24 8 20 06 16 9914.60000 5.78600000 335.02000 52.03000 20.46400 68.70000
24 8 20 06 16 9915.20000 5.78600000 335.09000 51.98000 20.46400 68.70000
24 8 20 06 16 9918.00000 5.78600000 335.21000 51.98000 20.46400 68.70000
24 8 20 06 17 9920.70000 5.78600000 335.42000 52.05000 20.46400 68.70000
24 8 20 06 17 9923.00000 5.79100000 335.42000 52.05000 20.46400 68.70000
24 8 20 06 18 9923.00000 5.79100000 335.38000 52.09000 20.46400 68.70000
24 8 20 06 19 9924.90000 5.79600000 335.38000 52.16000 20.46400 68.70000
24 8 20 06 19 9926.20000 5.79600000 335.15000 52.16000 20.46400 69.20000
24 8 20 06 20 9935.00000 5.79600000 335.16000 52.16000 20.46400 69.20000
24 8 20 06 20 9929.90000 5.79600000 334.99000 52.16000 20.46400 69.20000
24 8 20 06 21 9929.90000 5.79600000 334.97000 52.16000 20.46400 69.20000
24 8 20 06 21 9926.40000 5.79600000 334.97000 52.16000 20.46400 69.11600
24 8 20 06 22 9926.40000 5.79600000 334.97000 52.16000 20.46400 69.11600
24 8 20 06 22 9926.40000 5.79600000 334.96000 52.16000 20.46400 69.11600
24 8 20 06 23 9926.40000 5.79600000 334.97000 52.16000 20.46400 69.11600
24 8 20 06 23 9926.20000 5.79600000 334.81000 52.16000 20.46400 69.11600
24 8 20 06 24 9926.20000 5.79600000 334.86000 52.16000 20.46400 69.11600
24 8 20 06 24 9926.20000 5.79600000 334.86000 52.16000 20.46400 69.11600
24 8 20 06 25 9927.70000 5.79600000 334.91000 52.16000 20.51400 69.11600
24 8 20 06 25 9928.80000 5.79600000 334.99000 52.16000 20.51300 69.11600
24 8 20 06 26 9928.70000 5.79600000 335.02000 52.16000 20.51300 69.11600
24 8 20 06 26 9929.70000 5.79600000 335.08000 52.16000 20.51300 69.11600
24 8 20 06 27 9929.80000 5.79600000 335.09000 52.21000 20.51300 69.11600
24 8 20 06 27 9929.70000 5.79600000 334.97000 52.21000 20.51300 69.11600
24 8 20 06 28 9931.70000 5.79600000 335.03000 52.21000 20.52300 69.11600
24 8 20 06 28 9931.20000 5.79600000 334.96000 52.15000 20.52300 69.11600
24 8 20 06 29 9931.10000 5.79600000 334.83000 52.15000 20.52000 69.11600
24 8 20 06 29 9928.30000 5.79600000 334.83000 52.15000 20.52000 69.11600
24 8 20 06 29 9928.20000 5.79600000 334.81000 52.15000 20.46700 69.11600
24 8 20 06 30 9921.90000 5.79600000 334.58000 51.99000 20.46700 69.11600
24 8 20 06 30 9921.90000 5.79600000 334.47000 51.99000 20.46700 69.11600
24 8 20 06 31 9922.00000 5.79600000 334.55000 51.99000 20.46700 69.10900
24 8 20 06 31 9922.00000 5.79900000 334.65000 51.99000 20.46700 69.10900
24 8 20 06 32 9921.90000 5.79900000 334.65000 51.99000 20.46700 69.10900
24 8 20 06 32 9926.00000 5.79900000 334.65000 51.99000 20.46700 69.10900
24 8 20 06 33 9926.00000 5.79900000 334.76000 51.99000 20.46700 69.10900
24 8 20 06 33 9926.00000 5.79900000 334.76000 51.99000 20.46700 69.10900
24 8 20 06 34 9925.90000 5.79900000 334.85000 51.99000 20.46700 69.10900
24 8 20 06 34 9926.00000 5.79900000 334.80000 51.99000 20.46700 69.10900
24 8 20 06 35 9929.70000 5.79900000 334.75000 51.99000 20.46700 69.10900
24 8 20 06 35 9929.70000 5.79900000 334.72000 51.99000 20.46700 69.10900
24 8 20 06 36 9930.40000 5.79900000 334.70000 51.99000 20.46700 69.10900
24 8 20 06 36 9930.70000 5.79900000 334.82000 51.99000 20.46700 69.10900
24 8 20 06 37 9935.40000 5.79900000 334.77000 51.99000 20.46700 69.10900
24 8 20 06 37 9949.90000 5.80000000 335.20000 52.09000 20.46700 69.45000
24 8 20 06 38 9952.20000 5.80000000 335.55000 52.09000 20.46700 69.45000
24 8 20 06 38 9952.20000 5.80000000 335.38000 52.15000 20.46700 69.45000
24 8 20 06 39 9957.80000 5.80000000 335.48000 52.16000 20.46700 69.62000
24 8 20 06 39 9956.20000 5.80000000 335.48000 52.21000 20.46700 69.62000
24 8 20 06 40 9958.30000 5.80000000 335.38000 52.21000 20.46700 69.62000
24 8 20 06 40 9958.10000 5.80000000 335.36000 52.21000 20.46700 69.62000
24 8 20 06 41 9956.10000 5.80000000 335.49000 52.21000 20.46700 69.62000
24 8 20 06 41 9955.10000 5.80000000 335.41000 52.21000 20.54100 69.62000
24 8 20 06 42 9955.10000 5.80000000 335.37000 52.21000 20.54100 69.62000
24 8 20 06 42 9955.10000 5.80000000 335.22000 52.21000 20.54100 69.62000
24 8 20 06 43 9955.00000 5.80000000 335.17000 52.21000 20.54100 69.62000
24 8 20 06 43 9955.00000 5.80000000 335.17000 52.21000 20.54100 69.62000
24 8 20 06 44 9955.00000 5.80000000 335.17000 52.21000 20.54100 69.62000
24 8 20 06 44 9955.00000 5.80000000 335.17000 52.21000 20.54100 69.62000
24 8 20 06 45 9955.10000 5.80000000 335.17000 52.21000 20.54100 69.62000
24 8 20 06 45 9955.10000 5.80000000 335.22000 52.34000 20.63800 69.62000
24 8 20 06 46 9955.00000 5.80000000 335.28000 52.34000 20.63800 69.70800
24 8 20 06 46 9955.10000 5.80000000 335.18000 52.34000 20.63800 69.70800
24 8 20 06 47 9955.00000 5.80000000 335.22000 52.34000 20.63800 69.70800
24 8 20 06 47 9955.00000 5.80000000 335.39000 52.34000 20.63800 69.70800
24 8 20 06 48 9955.10000 5.80000000 335.22000 52.34000 20.50000 69.76100
24 8 20 06 48 9957.50000 5.80000000 335.30000 52.34000 20.50000 69.88100
24 8 20 06 49 9958.30000 5.80000000 335.32000 52.34000 20.50000 69.88100
24 8 20 06 49 9958.20000 5.80000000 335.18000 52.34000 20.50000 69.88100
24 8 20 06 50 9955.00000 5.80000000 335.18000 52.34000 20.50000 69.94900
24 8 20 06 50 9956.20000 5.80000000 335.22000 52.34000 20.50000 69.94900
24 8 20 06 51 9956.60000 5.80000000 335.22000 52.34000 20.50000 69.94900
24 8 20 06 51 9956.60000 5.80000000 335.22000 52.34000 20.50000 69.94900
24 8 20 06 52 9959.00000 5.80000000 335.22000 52.32000 20.50000 70.02100
24 8 20 06 52 9959.00000 5.80000000 335.30000 52.32000 20.50000 70.02100
24 8 20 06 53 9958.90000 5.80000000 335.33000 52.32000 20.50000 70.02100
24 8 20 06 53 9963.00000 5.80000000 335.38000 52.32000 20.50000 70.02100
24 8 20 06 54 9963.00000 5.80000000 335.34000 52.32000 20.50000 70.02100
24 8 20 06 54 9962.90000 5.80000000 335.36000 52.23000 20.50000 70.02100
24 8 20 06 55 9963.00000 5.80000000 335.43000 52.23000 20.50000 70.02100
24 8 20 06 55 9963.60000 5.80000000 335.43000 52.23000 20.50000 70.02100
24 8 20 06 56 9963.60000 5.80000000 335.49000 52.23000 20.50000 70.02100
24 8 20 06 56 9963.70000 5.80000000 335.50000 52.23000 20.50000 70.02100
24 8 20 06 57 9963.60000 5.80000000 335.57000 52.23000 20.48900 70.02100
24 8 20 06 57 9964.70000 5.80000000 335.93000 52.23000 20.49000 70.02100
24 8 20 06 57 9964.70000 5.80000000 335.93000 52.29000 20.49000 70.02100
24 8 20 06 58 9965.90000 5.80000000 335.93000 52.29000 20.49000 70.02100
24 8 20 06 58 9967.00000 5.80000000 335.97000 52.28000 20.49000 70.02100
24 8 20 06 59 9969.90000 5.80000000 335.97000 52.28000 20.49000 70.02100
24 8 20 07 00 9971.90000 5.80000000 335.94000 52.28000 20.49000 70.02100
24 8 20 07 00 9985.00000 5.80000000 337.73000 52.33000 20.49000 70.16000
24 8 20 07 01 9985.00000 5.79900000 337.95000 52.38000 20.48900 70.16000
24 8 20 07 01 9984.90000 5.79800000 337.99000 52.38000 20.48900 70.16000
24 8 20 07 02 9980.80000 5.79800000 337.83000 52.38000 20.48900 70.16000
24 8 20 07 03 9980.80000 5.79800000 337.55000 52.38000 20.48900 70.16000
24 8 20 07 03 9973.00000 5.79800000 337.50000 52.38000 20.48900 70.16000
