M=[
17 10 20 19 18 9693.00000 4.73000000 313.73000 40.05000 11.52900 52.81000
17 10 20 19 19 9694.90000 4.73000000 313.73000 40.05000 11.52900 52.81000
17 10 20 19 19 9694.90000 4.73000000 313.73000 40.05000 11.52900 52.87200
17 10 20 19 19 9694.90000 4.73000000 313.73000 40.05000 11.52900 52.87200
17 10 20 19 20 9694.90000 4.73000000 313.73000 40.05000 11.52900 52.87200
17 10 20 19 20 9694.90000 4.73000000 313.73000 40.05000 11.52900 52.87200
17 10 20 19 21 9695.00000 4.73000000 313.64000 40.05000 11.52900 52.87200
17 10 20 19 21 9694.90000 4.73000000 313.64000 40.05000 11.52900 52.87200
17 10 20 19 22 9694.90000 4.73000000 313.64000 40.04000 11.52900 52.87200
17 10 20 19 22 9695.00000 4.73000000 313.64000 40.04000 11.52900 52.87200
17 10 20 19 22 9694.90000 4.73000000 313.64000 40.04000 11.52900 52.87200
17 10 20 19 23 9695.00000 4.73000000 313.82000 40.04000 11.52900 52.87200
17 10 20 19 23 9695.00000 4.73000000 313.82000 40.04000 11.52900 52.87200
17 10 20 19 24 9694.90000 4.73000000 313.82000 40.04000 11.52900 52.87200
17 10 20 19 24 9695.00000 4.73000000 313.82000 40.04000 11.52900 52.87200
17 10 20 19 25 9695.00000 4.73000000 313.82000 40.04000 11.52900 52.87200
17 10 20 19 25 9695.00000 4.73000000 313.73000 40.04000 11.52900 52.87200
17 10 20 19 25 9698.40000 4.73000000 313.73000 40.04000 11.52900 52.87200
17 10 20 19 26 9698.50000 4.73000000 313.78000 40.09000 11.52900 52.87200
17 10 20 19 26 9698.50000 4.73000000 313.78000 40.09000 11.52900 52.87200
17 10 20 19 27 9698.50000 4.73000000 313.78000 40.09000 11.52900 52.87200
17 10 20 19 27 9698.40000 4.73000000 313.78000 40.09000 11.52900 52.87200
17 10 20 19 28 9698.40000 4.73000000 313.78000 40.09000 11.52900 52.87200
17 10 20 19 28 9699.90000 4.73000000 313.78000 40.11000 11.52900 52.87200
17 10 20 19 28 9699.60000 4.70100000 313.78000 40.11000 11.52900 52.87200
17 10 20 19 29 9699.60000 4.70100000 313.83000 40.11000 11.52900 52.87200
17 10 20 19 29 9700.00000 4.70100000 313.83000 40.12000 11.52900 52.87200
17 10 20 19 30 9699.90000 4.70100000 313.86000 40.12000 11.52900 52.87200
17 10 20 19 30 9697.70000 4.70100000 313.86000 40.12000 11.52900 52.87200
17 10 20 19 31 9695.10000 4.70100000 313.91000 40.12000 11.52900 52.87200
17 10 20 19 31 9695.70000 4.70100000 313.90000 40.12000 11.52900 52.87200
17 10 20 19 31 9699.10000 4.70100000 313.76000 40.12000 11.52900 52.87200
17 10 20 19 32 9699.50000 4.70100000 313.76000 40.12000 11.52900 52.87200
17 10 20 19 32 9699.20000 4.70100000 313.76000 40.12000 11.52900 52.87200
17 10 20 19 33 9698.30000 4.70100000 313.73000 40.12000 11.52900 52.87200
17 10 20 19 33 9699.00000 4.70100000 313.73000 40.09000 11.52900 52.87200
17 10 20 19 33 9700.00000 4.70100000 313.73000 40.09000 11.52900 52.87200
17 10 20 19 34 9700.00000 4.70100000 313.73000 40.09000 11.52900 52.87200
17 10 20 19 34 9700.00000 4.70100000 313.73000 40.09000 11.52900 52.87200
17 10 20 19 35 9697.30000 4.70100000 313.73000 40.09000 11.52900 52.87200
17 10 20 19 35 9697.20000 4.70100000 313.73000 40.09000 11.52900 52.87200
17 10 20 19 36 9698.50000 4.70100000 313.51000 40.09000 11.52900 52.87200
17 10 20 19 36 9693.90000 4.70100000 313.51000 40.04000 11.52900 52.87200
17 10 20 19 36 9693.70000 4.70100000 313.51000 40.04000 11.52900 52.87200
17 10 20 19 37 9695.60000 4.70100000 313.51000 40.04000 11.52900 52.87200
17 10 20 19 37 9696.80000 4.70100000 313.69000 40.04000 11.52900 52.87200
17 10 20 19 38 9697.50000 4.70100000 313.69000 40.04000 11.52900 52.87200
17 10 20 19 38 9697.50000 4.70100000 313.69000 40.04000 11.52900 52.87200
17 10 20 19 39 9697.50000 4.70100000 313.70000 40.04000 11.52900 52.87200
17 10 20 19 39 9694.90000 4.70100000 313.70000 40.04000 11.52900 52.87200
17 10 20 19 39 9694.90000 4.70100000 313.70000 40.04000 11.52900 52.87200
17 10 20 19 40 9693.80000 4.70100000 313.57000 40.04000 11.52900 52.87200
17 10 20 19 40 9695.80000 4.70100000 313.57000 40.04000 11.52900 52.87200
17 10 20 19 41 9695.80000 4.70100000 313.57000 40.04000 11.52900 52.87200
17 10 20 19 41 9695.80000 4.70100000 313.57000 40.05000 11.52900 52.87200
17 10 20 19 42 9695.20000 4.70100000 313.57000 40.05000 11.52900 52.87200
17 10 20 19 42 9697.60000 4.70100000 313.57000 40.05000 11.52900 52.87200
17 10 20 19 42 9698.70000 4.70100000 313.57000 40.05000 11.52900 52.87200
17 10 20 19 43 9696.50000 4.70100000 313.57000 40.05000 11.52900 52.87200
17 10 20 19 43 9696.50000 4.70100000 313.57000 40.05000 11.52900 52.87200
17 10 20 19 44 9696.50000 4.70100000 313.57000 40.05000 11.52900 52.87200
17 10 20 19 44 9694.50000 4.70100000 313.57000 40.02000 11.52900 52.87200
17 10 20 19 45 9694.40000 4.70100000 313.57000 40.02000 11.52900 52.87200
17 10 20 19 45 9690.90000 4.70100000 313.51000 40.02000 11.52900 52.87200
17 10 20 19 45 9690.90000 4.70100000 313.51000 40.02000 11.52900 52.87200
17 10 20 19 46 9691.20000 4.70100000 313.52000 40.02000 11.52900 52.87200
17 10 20 19 46 9691.20000 4.70100000 313.52000 40.02000 11.52900 52.87200
17 10 20 19 47 9691.20000 4.70100000 313.52000 40.02000 11.52900 52.87200
17 10 20 19 47 9692.60000 4.70100000 313.52000 40.02000 11.52900 52.87200
17 10 20 19 48 9693.10000 4.70100000 313.51000 40.02000 11.52900 52.87200
17 10 20 19 48 9694.60000 4.71300000 313.51000 40.02000 11.52900 52.87200
17 10 20 19 48 9695.10000 4.71300000 313.51000 40.02000 11.52900 52.87200
17 10 20 19 49 9695.10000 4.71300000 313.51000 40.02000 11.52900 52.87200
17 10 20 19 49 9696.60000 4.71300000 313.52000 40.03000 11.52900 52.87200
17 10 20 19 50 9696.60000 4.71300000 313.52000 40.03000 11.52900 52.87200
17 10 20 19 50 9694.60000 4.71300000 313.52000 40.03000 11.52900 52.87200
17 10 20 19 51 9694.60000 4.71300000 313.51000 39.98000 11.52900 52.87200
17 10 20 19 51 9694.60000 4.71300000 313.51000 39.98000 11.52900 52.87200
17 10 20 19 51 9690.70000 4.71300000 313.52000 39.98000 11.52900 52.87200
17 10 20 19 52 9691.50000 4.71300000 313.52000 39.98000 11.52900 52.87200
17 10 20 19 52 9691.50000 4.71300000 313.50000 39.98000 11.52900 52.87200
17 10 20 19 53 9688.90000 4.71300000 313.31000 39.98000 11.52900 52.87200
17 10 20 19 53 9688.90000 4.71300000 313.31000 39.95000 11.52900 52.87200
17 10 20 19 54 9692.00000 4.71300000 313.31000 39.95000 11.52900 52.85500
17 10 20 19 54 9693.40000 4.71300000 313.31000 39.92000 11.52900 52.85500
17 10 20 19 54 9694.50000 4.71300000 313.31000 39.92000 11.52900 52.85500
17 10 20 19 55 9694.60000 4.71300000 313.31000 39.92000 11.52900 52.85500
17 10 20 19 55 9696.10000 4.71300000 313.40000 39.92000 11.52900 52.85500
17 10 20 19 56 9696.00000 4.71300000 313.40000 39.92000 11.52900 52.85500
17 10 20 19 56 9696.00000 4.71300000 313.40000 39.95000 11.52900 52.89500
17 10 20 19 57 9694.60000 4.71300000 313.40000 39.95000 11.52900 52.89500
17 10 20 19 57 9696.10000 4.71300000 313.40000 39.95000 11.52900 52.89500
17 10 20 19 57 9696.10000 4.71300000 313.40000 39.90000 11.52900 52.89500
17 10 20 19 58 9695.40000 4.71300000 313.51000 39.90000 11.52900 52.89500
17 10 20 19 58 9695.30000 4.71300000 313.51000 39.90000 11.52900 52.89500
17 10 20 19 59 9694.30000 4.71300000 313.51000 39.93000 11.52900 52.89500
17 10 20 19 59 9691.10000 4.71300000 313.51000 39.93000 11.52900 52.89500
17 10 20 20 00 9691.80000 4.71300000 313.51000 39.93000 11.52900 52.89500
17 10 20 20 00 9688.90000 4.71300000 313.51000 39.93000 11.52900 52.89500
17 10 20 20 00 9688.90000 4.71300000 313.50000 39.93000 11.52900 52.89500
17 10 20 20 01 9688.80000 4.71300000 313.34000 39.93000 11.52900 52.89500
17 10 20 20 01 9688.80000 4.71300000 313.32000 39.93000 11.52900 52.89500
17 10 20 20 02 9691.90000 4.71300000 313.33000 39.93000 11.52900 52.89500
17 10 20 20 02 9692.00000 4.71300000 313.33000 39.93000 11.52900 52.89500
17 10 20 20 03 9692.00000 4.71300000 313.33000 39.93000 11.52900 52.89500
17 10 20 20 03 9692.00000 4.71300000 313.33000 39.93000 11.52900 52.89500
17 10 20 20 03 9691.90000 4.71300000 313.33000 39.93000 11.52900 52.89500
17 10 20 20 04 9692.00000 4.71300000 313.33000 39.93000 11.52900 52.89500
