M=[
 1 12 16 18 38 708.60000 0.72470000 7.93542 3.64000 3.35000 59.36925
 1 12 16 18 38 708.61100 0.72470000 7.93542 3.64000 3.35000 59.36973
 1 12 16 18 40 710.39600 0.72470000 7.95887 3.64000 3.35000 59.36973
 1 12 16 18 39 710.40000 0.72470000 7.95887 3.64000 3.35000 59.36973
 1 12 16 18 41 710.39800 0.72470000 7.95883 3.64000 3.35000 59.36973
 1 12 16 18 41 710.39800 0.72470000 7.95883 3.64000 3.35000 59.36973
 1 12 16 18 41 710.39800 0.72470000 7.95883 3.64000 3.35000 59.36973
 1 12 16 18 41 710.39800 0.72470000 7.95883 3.64000 3.35000 59.36973
 1 12 16 18 42 710.39800 0.72470000 7.95883 3.64000 3.35000 59.36973
 1 12 16 18 43 710.39800 0.72470000 7.95883 3.64000 3.35000 59.36973
 1 12 16 18 43 710.39800 0.72470000 7.95883 3.64000 3.35000 59.36973
 1 12 16 18 44 710.39800 0.72470000 7.95883 3.64000 3.35000 59.37045
 1 12 16 18 45 710.39900 0.72470000 7.95883 3.64000 3.35000 59.37045
 1 12 16 18 45 710.39000 0.72470000 7.95883 3.64000 3.35000 59.37045
 1 12 16 18 46 710.38000 0.72470000 7.99762 3.64000 3.35000 59.37045
 1 12 16 18 45 710.36000 0.72470000 8.00000 3.64000 3.35000 59.37045
 1 12 16 18 46 710.36000 0.72470000 8.00000 3.64000 3.35000 59.37045
 1 12 16 18 46 710.39800 0.72470000 8.00000 3.64000 3.35000 59.37045
 1 12 16 18 47 710.39800 0.72470000 8.00000 3.64000 3.35000 59.37045
 1 12 16 18 47 709.58200 0.72470000 8.00000 3.64000 3.35000 59.37045
 1 12 16 18 48 709.58200 0.72470000 8.00000 3.64000 3.35000 59.37045
 1 12 16 18 49 709.58200 0.72470000 8.00000 3.64000 3.35000 59.37045
 1 12 16 18 48 710.40000 0.72470000 8.00000 3.64000 3.35000 59.37045
 1 12 16 18 48 710.40000 0.72470000 7.95984 3.64000 3.35000 59.37045
 1 12 16 18 50 710.40000 0.72470000 7.95984 3.64000 3.35000 59.37045
 1 12 16 18 49 710.40000 0.72470000 7.95984 3.64000 3.35000 59.37045
 1 12 16 18 50 710.40000 0.72470000 7.95984 3.64000 3.35000 59.37045
 1 12 16 18 51 710.10000 0.72470000 7.95984 3.64000 3.35000 59.37045
 1 12 16 18 51 710.10000 0.72470000 7.95984 3.64000 3.35000 59.37045
 1 12 16 18 51 710.10000 0.72470000 7.95963 3.64000 3.35000 64.99999
 1 12 16 18 53 710.10000 0.72470000 7.95963 3.64000 3.35000 64.99999
 1 12 16 18 53 710.38900 0.72470000 7.95963 3.64000 3.35000 64.99999
 1 12 16 18 52 710.39000 0.72470000 7.95960 3.64000 3.35000 64.99999
 1 12 16 18 54 710.30000 0.72470000 7.95960 3.64000 3.35000 64.99999
 1 12 16 18 54 710.30000 0.72470000 7.95960 3.64000 3.35000 64.99999
 1 12 16 18 54 710.30000 0.72589000 7.95960 3.64000 3.35000 60.86494
 1 12 16 19 51 710.40000 0.72370000 7.98325 3.67503 3.35000 63.30543
 1 12 16 19 53 710.40000 0.72370000 7.98325 3.67503 3.35000 63.30543
 1 12 16 19 53 710.40000 0.72370000 7.98325 3.67503 3.35000 63.30543
 1 12 16 19 54 710.40000 0.72370000 7.98325 3.67503 3.35000 63.30543
 1 12 16 19 53 710.39900 0.72370000 7.98325 3.67503 3.35000 63.30543
 1 12 16 19 54 710.40000 0.72370000 7.98325 3.67503 3.35000 63.30543
 1 12 16 19 55 710.40000 0.72370000 7.98325 3.67503 3.35000 63.30543
 1 12 16 19 55 710.40000 0.72370000 7.98325 3.67503 3.35000 63.30543
 1 12 16 19 56 710.40000 0.72370000 7.98325 3.67503 3.35000 63.30543
 1 12 16 19 55 710.40000 0.72370000 7.98000 3.67503 3.35000 60.48011
 1 12 16 19 57 710.40000 0.72370000 7.98000 3.67503 3.35000 60.48000
 1 12 16 19 57 710.40000 0.72370000 7.93003 3.67503 3.35000 59.50012
 1 12 16 19 57 710.40000 0.72370000 7.93003 3.67503 3.35000 59.50012
 1 12 16 19 59 710.40000 0.72370000 7.93006 3.67503 3.35000 59.50012
 1 12 16 19 58 710.40000 0.72370000 7.93006 3.67503 3.35000 59.50012
 1 12 16 19 58 710.40000 0.72200000 7.93006 3.67503 3.35000 59.50012
 1 12 16 19 59 710.40000 0.72200000 7.93006 3.67503 3.35000 59.50012
 1 12 16 19 59 710.40000 0.72200000 7.93006 3.67503 3.35000 59.50012
 1 12 16 20 00 710.40000 0.72200000 7.93800 3.67503 3.35000 59.50012
 1 12 16 20 01 710.40000 0.72200000 7.93800 3.67503 3.35000 59.50012
 1 12 16 20 01 710.40000 0.72200000 7.93800 3.67503 3.35000 59.50012
 1 12 16 20 01 710.39900 0.72200000 7.93800 3.67503 3.35000 59.50012
 1 12 16 20 02 710.40000 0.72200000 7.93800 3.67503 3.35000 59.50012
 1 12 16 20 02 710.40000 0.72200000 7.93800 3.67503 3.35000 59.50012
 1 12 16 20 03 710.40000 0.72200000 7.93800 3.67503 3.35000 59.50012
 1 12 16 20 04 710.40000 0.72200000 7.93800 3.67503 3.35000 59.50012
 1 12 16 20 05 710.37300 0.72200000 7.93000 3.67503 3.35000 59.50012
 1 12 16 20 05 710.10000 0.72200000 7.93000 3.63553 3.35000 59.50012
 1 12 16 20 05 710.39900 0.72200000 7.93000 3.63553 3.35000 59.50012
 1 12 16 20 05 710.39900 0.72200000 7.93000 3.63553 3.35000 59.50012
 1 12 16 20 05 709.88000 0.72200000 7.93000 3.63553 3.35000 59.50012
 1 12 16 20 07 709.28000 0.72200000 7.93000 3.63553 3.35000 59.50012
 1 12 16 20 06 709.29100 0.72200000 7.93000 3.63553 3.35000 59.50012
 1 12 16 20 07 709.29100 0.72200000 7.93000 3.63553 3.35000 59.50012
 1 12 16 20 07 709.29100 0.72200000 7.93000 3.63553 3.35000 59.50012
 1 12 16 20 08 709.99000 0.72200000 7.93000 3.63553 3.35000 60.01418
 1 12 16 20 10 708.99000 0.72200000 7.93000 3.63553 3.35000 60.01418
 1 12 16 20 09 707.74000 0.72200000 7.93000 3.63553 3.35000 60.01418
 1 12 16 20 09 708.96000 0.72200000 7.93000 3.63553 3.35000 60.01418
 1 12 16 20 11 708.96000 0.72200000 7.93000 3.63553 3.35000 60.01418
 1 12 16 20 11 707.76000 0.72200000 7.93000 3.63553 3.35000 60.01418
 1 12 16 20 12 708.97000 0.72200000 7.93000 3.63553 3.35000 60.01418
 1 12 16 20 11 708.96000 0.72200000 7.93000 3.63553 3.35000 60.01418
 1 12 16 20 12 708.96000 0.72200000 7.93000 3.63553 3.35000 60.01418
 1 12 16 20 12 708.94900 0.72200000 7.93000 3.63553 3.35000 60.01418
 1 12 16 20 13 708.94900 0.72200000 7.93000 3.63553 3.35000 60.01418
 1 12 16 20 14 708.98000 0.72200000 7.93000 3.63553 3.35000 60.01418
 1 12 16 20 14 708.95000 0.72200000 7.93000 3.63553 3.35000 60.01418
 1 12 16 20 14 708.94000 0.72200000 7.93000 3.63553 3.35000 60.01418
 1 12 16 20 15 708.94000 0.72200000 7.93000 3.63553 3.35000 60.01418
 1 12 16 20 15 708.98000 0.72200000 7.93000 3.63553 3.35000 60.01418
 1 12 16 20 17 708.46200 0.72200000 7.93000 3.63553 3.35000 60.01418
