M=[
 7 7 20 20 18 8192.60000 5.52900000 210.87000 38.26000 17.21100 48.43600
 7 7 20 20 18 8193.00000 5.52900000 210.87000 38.26000 17.21100 48.43600
 7 7 20 20 19 8193.00000 5.54200000 210.87000 38.26000 17.21100 48.43600
 7 7 20 20 19 8193.00000 5.52900000 210.97000 38.26000 17.21100 48.43600
 7 7 20 20 20 8193.00000 5.54200000 210.98000 38.26000 17.21100 48.43600
 7 7 20 20 20 8192.90000 5.54200000 210.97000 38.26000 17.21100 48.43600
 7 7 20 20 21 8193.00000 5.54200000 210.98000 38.26000 17.21100 48.43600
 7 7 20 20 21 8192.50000 5.54200000 210.93000 38.26000 17.20600 48.43600
 7 7 20 20 22 8192.50000 5.54200000 210.93000 38.26000 17.20600 48.43600
 7 7 20 20 22 8192.80000 5.54200000 210.94000 38.30000 17.20000 48.43600
 7 7 20 20 23 8192.80000 5.52900000 210.93000 38.30000 17.20000 48.43600
 7 7 20 20 23 8194.50000 5.54200000 210.93000 38.30000 17.20000 48.43600
 7 7 20 20 23 8194.50000 5.54200000 210.94000 38.30000 17.20600 48.43600
 7 7 20 20 24 8199.50000 5.54200000 211.00000 38.30000 17.20600 48.43600
 7 7 20 20 25 8199.00000 5.54200000 210.99000 38.35000 17.29000 48.43600
 7 7 20 20 25 8199.10000 5.54200000 210.99000 38.35000 17.29000 48.43600
 7 7 20 20 26 8199.10000 5.54300000 211.00000 38.35000 17.29000 48.43600
 7 7 20 20 26 8199.10000 5.54300000 211.10000 38.35000 17.29000 48.43600
 7 7 20 20 27 8199.10000 5.54300000 211.00000 38.35000 17.29000 48.43600
 7 7 20 20 27 8199.10000 5.54300000 210.96000 38.35000 17.29000 48.43600
 7 7 20 20 27 8199.10000 5.54300000 210.96000 38.35000 17.29000 48.43600
 7 7 20 20 28 8199.00000 5.54300000 210.97000 38.35000 17.29000 48.43600
 7 7 20 20 28 8199.00000 5.54300000 210.96000 38.35000 17.29000 48.43600
 7 7 20 20 29 8199.10000 5.54300000 211.00000 38.35000 17.29000 48.43600
 7 7 20 20 29 8199.40000 5.54300000 210.99000 38.37000 17.29000 48.43600
 7 7 20 20 30 8199.30000 5.54300000 211.14000 38.37000 17.29000 48.43600
 7 7 20 20 30 8199.40000 5.54300000 211.14000 38.37000 17.29000 48.43600
 7 7 20 20 31 8199.40000 5.54300000 211.08000 38.37000 17.29000 48.43600
 7 7 20 20 31 8199.40000 5.54300000 211.08000 38.37000 17.29000 48.43600
 7 7 20 20 32 8199.30000 5.54300000 211.10000 38.37000 17.29000 48.43600
 7 7 20 20 32 8199.40000 5.54300000 211.20000 38.37000 17.29000 48.43600
 7 7 20 20 33 8199.40000 5.54300000 211.21000 38.37000 17.29000 48.43600
 7 7 20 20 33 8199.90000 5.54300000 211.21000 38.37000 17.29000 48.43600
 7 7 20 20 34 8200.00000 5.54300000 211.26000 38.37000 17.29000 48.43600
 7 7 20 20 34 8200.10000 5.54300000 211.25000 38.37000 17.29000 48.43600
 7 7 20 20 35 8195.80000 5.53800000 211.31000 38.37000 17.29000 48.43600
 7 7 20 20 35 8199.20000 5.53800000 211.30000 38.37000 17.29000 48.43600
 7 7 20 20 35 8201.80000 5.53800000 211.30000 38.37000 17.29000 48.43600
 7 7 20 20 36 8201.70000 5.53800000 211.39000 38.37000 17.29000 48.43600
 7 7 20 20 37 8201.80000 5.53800000 211.39000 38.37000 17.29000 48.43600
 7 7 20 20 37 8201.00000 5.53800000 211.35000 38.37000 17.29000 48.43600
 7 7 20 20 37 8201.70000 5.53800000 211.35000 38.37000 17.29000 48.43600
 7 7 20 20 38 8201.70000 5.53800000 211.34000 38.37000 17.29000 48.43600
 7 7 20 20 38 8201.70000 5.53800000 211.23000 38.37000 17.29000 48.43600
 7 7 20 20 39 8201.80000 5.53800000 211.30000 38.33000 17.29000 48.43600
 7 7 20 20 39 8202.70000 5.53800000 211.33000 38.33000 17.29000 48.43600
 7 7 20 20 40 8201.70000 5.53800000 211.33000 38.33000 17.29000 48.43600
 7 7 20 20 40 8201.70000 5.53800000 211.34000 38.33000 17.29000 48.43600
 7 7 20 20 41 8201.70000 5.53800000 211.34000 38.33000 17.29000 48.43600
 7 7 20 20 41 8201.60000 5.53800000 211.34000 38.33000 17.29000 48.43600
 7 7 20 20 41 8201.70000 5.53800000 211.29000 38.33000 17.29000 48.43600
 7 7 20 20 42 8201.70000 5.53800000 211.34000 38.33000 17.29000 48.43600
 7 7 20 20 42 8201.70000 5.54300000 211.34000 38.33000 17.29000 48.43600
 7 7 20 20 43 8201.70000 5.53800000 211.34000 38.33000 17.29000 48.43600
 7 7 20 20 43 8201.70000 5.53800000 211.31000 38.34000 17.29000 48.43600
 7 7 20 20 44 8201.60000 5.53800000 211.31000 38.33000 17.29000 48.43600
 7 7 20 20 44 8201.70000 5.53800000 211.31000 38.34000 17.29000 48.43600
 7 7 20 20 45 8201.70000 5.53800000 211.31000 38.33000 17.29000 48.43600
 7 7 20 20 45 8201.80000 5.53800000 211.31000 38.38000 17.29000 48.43600
 7 7 20 20 46 8202.70000 5.53800000 211.31000 38.38000 17.29000 48.43600
 7 7 20 20 46 8206.50000 5.53800000 211.33000 38.38000 17.29000 48.43600
 7 7 20 20 47 8206.60000 5.53800000 211.33000 38.38000 17.29000 48.43600
 7 7 20 20 47 8209.50000 5.53800000 211.80000 38.38000 17.29000 48.43600
 7 7 20 20 48 8212.10000 5.53800000 211.88000 38.38000 17.29000 48.43600
 7 7 20 20 48 8211.90000 5.53800000 211.88000 38.38000 17.29000 48.50500
 7 7 20 20 49 8213.10000 5.53800000 211.88000 38.38000 17.29000 48.50500
 7 7 20 20 49 8214.90000 5.53800000 211.88000 38.38000 17.29500 48.50500
 7 7 20 20 50 8215.00000 5.53800000 211.89000 38.38000 17.29500 48.50500
 7 7 20 20 50 8215.00000 5.53800000 211.78000 38.38000 17.29500 48.50500
 7 7 20 20 51 8215.00000 5.53800000 211.84000 38.38000 17.29500 48.50500
 7 7 20 20 51 8215.00000 5.53800000 211.84000 38.38000 17.29500 48.50500
 7 7 20 20 51 8212.30000 5.53800000 211.84000 38.38000 17.29500 48.50500
 7 7 20 20 52 8211.20000 5.53800000 211.78000 38.38000 17.29500 48.50500
 7 7 20 20 52 8211.20000 5.53800000 211.74000 38.38000 17.29500 48.50500
 7 7 20 20 53 8211.10000 5.53800000 211.73000 38.38000 17.29500 48.50500
 7 7 20 20 53 8210.90000 5.53800000 211.68000 38.38000 17.29500 48.50500
 7 7 20 20 54 8211.20000 5.53800000 211.68000 38.48000 17.29500 48.50500
 7 7 20 20 54 8211.20000 5.53800000 211.77000 38.48000 17.29500 48.50500
 7 7 20 20 55 8211.20000 5.53800000 211.69000 38.48000 17.29500 48.50500
 7 7 20 20 55 8211.00000 5.53900000 211.26000 38.39000 17.29500 48.54800
 7 7 20 20 56 8211.00000 5.53900000 211.26000 38.39000 17.29500 48.54800
 7 7 20 20 56 8211.00000 5.53900000 211.43000 38.39000 17.29500 48.54800
 7 7 20 20 57 8211.00000 5.53900000 211.43000 38.39000 17.29500 48.54800
 7 7 20 20 57 8216.50000 5.53900000 211.43000 38.39000 17.18100 48.54800
 7 7 20 20 58 8217.40000 5.53900000 211.43000 38.39000 17.18100 48.54800
 7 7 20 20 58 8217.30000 5.53900000 211.90000 38.39000 17.18100 48.54800
 7 7 20 20 59 8217.30000 5.53900000 211.97000 38.39000 17.18100 48.54800
 7 7 20 20 59 8217.40000 5.53900000 211.97000 38.45000 17.18100 48.54800
 7 7 20 21 00 8222.50000 5.53900000 211.97000 38.45000 17.18100 48.54800
 7 7 20 21 00 8222.60000 5.53900000 212.04000 38.45000 17.29500 48.54800
 7 7 20 21 01 8217.50000 5.53900000 212.03000 38.45000 17.18100 48.54800
 7 7 20 21 01 8220.20000 5.53900000 212.01000 38.45000 17.18100 48.54800
 7 7 20 21 02 8218.80000 5.53900000 212.01000 38.42000 17.18100 48.54800
 7 7 20 21 02 8217.40000 5.53900000 212.01000 38.42000 17.18100 48.54800
 7 7 20 21 03 8217.30000 5.53900000 212.01000 38.42000 17.18100 48.54800
 7 7 20 21 03 8217.40000 5.53900000 211.92000 38.42000 17.18100 48.54800
 7 7 20 21 04 8217.30000 5.53900000 211.96000 38.42000 17.18100 48.54800
 7 7 20 21 04 8217.40000 5.53900000 211.96000 38.42000 17.18100 48.54800
 7 7 20 21 05 8217.40000 5.53900000 211.96000 38.42000 17.18100 48.54800
 7 7 20 21 05 8217.40000 5.53900000 211.96000 38.42000 17.18100 48.44200
 7 7 20 21 06 8217.40000 5.53900000 211.96000 38.45000 17.18100 48.44200
 7 7 20 21 06 8215.20000 5.53900000 212.00000 38.45000 17.18100 48.44200
 7 7 20 21 06 8217.10000 5.53900000 212.09000 38.45000 17.18100 48.44200
 7 7 20 21 07 8217.30000 5.53900000 212.01000 38.45000 17.18100 48.44200
 7 7 20 21 07 8217.40000 5.53900000 212.02000 38.45000 17.18100 48.44200
 7 7 20 21 08 8217.40000 5.53900000 212.02000 38.45000 17.18100 48.44200
 7 7 20 21 08 8217.40000 5.53900000 212.10000 38.45000 17.18100 48.44200
 7 7 20 21 09 8217.30000 5.53900000 212.09000 38.45000 17.18100 48.44200
 7 7 20 21 09 8217.40000 5.53900000 212.10000 38.45000 17.18100 48.44200
