M=[
11 9 20 07 28 8710.50000 4.35500000 308.40000 40.83000 13.90000 51.04000
11 9 20 07 29 8711.30000 4.35500000 308.56000 40.83000 13.90000 51.04000
11 9 20 07 29 8711.80000 4.40900000 308.54000 40.83000 13.90000 51.04000
11 9 20 07 29 8711.90000 4.40900000 308.56000 40.83000 13.90000 51.04000
11 9 20 07 30 8712.70000 4.40900000 308.48000 40.83000 13.90000 51.04000
11 9 20 07 30 8712.10000 4.40900000 308.39000 40.83000 13.90000 51.04000
11 9 20 07 31 8711.50000 4.40900000 307.81000 40.83000 13.90000 51.04000
11 9 20 07 31 8709.40000 4.40900000 307.81000 40.79000 13.90000 51.04000
11 9 20 07 32 8708.40000 4.40900000 307.81000 40.79000 13.90000 51.04000
11 9 20 07 32 8707.60000 4.40900000 307.81000 40.79000 13.90000 51.04000
11 9 20 07 32 8707.20000 4.40900000 307.81000 40.79000 13.90000 51.04000
11 9 20 07 33 8703.70000 4.40900000 307.47000 40.77000 13.90000 51.04000
11 9 20 07 33 8702.00000 4.40900000 307.44000 40.77000 13.90000 51.04000
11 9 20 07 34 8699.60000 4.40900000 307.49000 40.77000 13.90000 51.04000
11 9 20 07 34 8699.60000 4.40900000 307.69000 40.77000 13.90000 51.04000
11 9 20 07 35 8697.90000 4.40900000 307.19000 40.77000 13.90000 51.04000
11 9 20 07 35 8697.80000 4.40900000 307.30000 40.77000 13.90000 51.04000
11 9 20 07 35 8697.70000 4.40900000 307.20000 40.77000 13.90000 51.04000
11 9 20 07 36 8693.90000 4.40900000 307.20000 40.77000 13.90000 51.04000
11 9 20 07 36 8693.70000 4.40900000 307.53000 40.78000 13.90000 51.04000
11 9 20 07 37 8693.90000 4.40900000 307.41000 40.78000 13.90000 51.04000
11 9 20 07 37 8692.20000 4.40900000 307.61000 40.76000 13.90000 51.04000
11 9 20 07 38 8692.20000 4.40900000 307.68000 40.76000 13.90000 51.04000
11 9 20 07 38 8693.10000 4.40900000 307.66000 40.78000 13.90000 50.91700
11 9 20 07 38 8693.20000 4.40900000 307.66000 40.78000 13.90000 50.91700
11 9 20 07 39 8691.70000 4.40900000 307.61000 40.78000 13.90000 50.91700
11 9 20 07 39 8690.20000 4.40900000 307.61000 40.78000 13.90000 50.91700
11 9 20 07 40 8689.90000 4.40900000 307.27000 40.78000 13.90000 50.91700
11 9 20 07 40 8686.00000 4.40900000 307.30000 40.78000 13.90000 50.91700
11 9 20 07 41 8685.60000 4.40900000 307.08000 40.78000 13.90000 50.91700
11 9 20 07 41 8683.60000 4.40900000 307.08000 40.73000 13.90000 50.91700
11 9 20 07 42 8683.30000 4.40900000 307.08000 40.73000 13.90000 50.91700
11 9 20 07 42 8681.60000 4.40900000 307.08000 40.73000 13.90000 50.91700
11 9 20 07 42 8683.70000 4.40900000 307.08000 40.73000 13.90000 50.91700
11 9 20 07 43 8681.20000 4.40900000 306.90000 40.73000 13.90000 50.91700
11 9 20 07 43 8681.40000 4.40900000 306.90000 40.72000 13.90000 50.70100
11 9 20 07 44 8685.30000 4.40900000 306.90000 40.72000 13.90000 50.70100
11 9 20 07 44 8684.60000 4.40900000 306.90000 40.72000 13.90000 50.70100
11 9 20 07 45 8684.60000 4.40900000 306.97000 40.72000 13.90000 50.70100
11 9 20 07 45 8684.60000 4.40900000 306.97000 40.72000 13.90000 50.70100
11 9 20 07 45 8684.60000 4.36400000 306.97000 40.72000 13.90000 50.70100
11 9 20 07 46 8687.60000 4.36400000 307.32000 40.72000 13.90000 50.70100
11 9 20 07 46 8685.40000 4.36400000 307.32000 40.74000 13.90000 50.70100
11 9 20 07 47 8685.40000 4.36400000 307.11000 40.74000 13.90000 50.70100
11 9 20 07 47 8685.40000 4.36400000 307.07000 40.74000 13.90000 50.70100
11 9 20 07 48 8685.40000 4.36400000 307.07000 40.74000 13.90000 50.70100
11 9 20 07 48 8685.40000 4.36400000 306.94000 40.74000 13.90000 50.70100
11 9 20 07 48 8685.30000 4.36400000 306.94000 40.74000 13.90000 50.70100
11 9 20 07 49 8685.40000 4.36400000 306.66000 40.74000 13.90000 50.70100
11 9 20 07 49 8685.40000 4.36400000 306.55000 40.74000 13.90000 50.90000
11 9 20 07 50 8685.40000 4.36400000 306.46000 40.74000 13.90000 50.90000
11 9 20 07 50 8685.30000 4.36400000 306.38000 40.74000 13.93100 50.90000
11 9 20 07 51 8685.30000 4.36400000 306.38000 40.74000 13.93100 50.90000
11 9 20 07 51 8685.30000 4.36400000 306.58000 40.74000 13.93100 50.91700
11 9 20 07 51 8685.40000 4.36400000 306.35000 40.74000 13.93100 50.91700
11 9 20 07 52 8685.30000 4.36400000 306.75000 40.76000 13.93100 50.91700
11 9 20 07 52 8686.50000 4.38800000 306.68000 40.76000 13.93100 50.91700
11 9 20 07 53 8689.00000 4.38800000 306.63000 40.76000 13.93100 50.91700
11 9 20 07 53 8689.00000 4.38800000 306.63000 40.72000 13.93100 50.91700
11 9 20 07 54 8689.00000 4.38800000 306.43000 40.72000 13.93100 50.91700
11 9 20 07 54 8702.30000 4.38800000 307.12000 40.72000 13.93100 50.91700
11 9 20 07 55 8703.00000 4.38800000 307.13000 40.78000 13.93100 51.26200
11 9 20 07 55 8702.60000 4.38800000 307.02000 40.83000 13.93100 51.23000
11 9 20 07 55 8702.60000 4.38800000 307.02000 40.83000 13.93100 51.23000
11 9 20 07 56 8702.60000 4.38800000 307.10000 40.79000 13.93100 51.18600
11 9 20 07 56 8702.60000 4.38800000 306.98000 40.79000 13.93100 51.18600
11 9 20 07 57 8702.50000 4.38800000 307.10000 40.79000 13.93100 51.34700
11 9 20 07 57 8702.20000 4.38800000 306.82000 40.79000 13.93100 51.34700
11 9 20 07 58 8702.60000 4.38800000 306.82000 40.79000 13.93100 51.34700
11 9 20 07 58 8702.60000 4.38800000 307.43000 40.79000 13.93100 51.34700
11 9 20 07 58 8702.80000 4.40600000 307.43000 40.79000 13.93100 51.34700
11 9 20 07 59 8702.70000 4.40600000 307.21000 40.79000 13.93100 51.34700
11 9 20 07 59 8702.70000 4.40600000 307.17000 40.79000 13.93100 51.34700
11 9 20 08 00 8699.80000 4.40600000 307.17000 40.79000 13.93100 51.34700
11 9 20 08 00 8698.60000 4.40600000 307.20000 40.79000 13.93100 51.29900
11 9 20 08 01 8696.70000 4.40600000 307.01000 40.79000 13.93100 51.29900
11 9 20 08 01 8696.70000 4.40600000 307.23000 40.79000 13.93100 51.29900
11 9 20 08 01 8705.00000 4.40600000 307.50000 40.85000 13.93100 51.29900
11 9 20 08 02 8705.00000 4.40600000 307.68000 40.85000 13.93100 51.22400
11 9 20 08 02 8705.00000 4.40600000 307.85000 40.85000 13.93100 51.22400
11 9 20 08 03 8705.00000 4.40600000 308.06000 40.85000 13.93100 51.22400
11 9 20 08 03 8705.00000 4.40600000 308.24000 40.93000 13.93100 51.22400
11 9 20 08 04 8705.00000 4.44400000 308.25000 40.94000 13.94600 51.41900
11 9 20 08 04 8704.90000 4.44400000 308.25000 40.94000 13.94600 51.41900
11 9 20 08 04 8705.00000 4.44400000 308.27000 40.94000 13.94600 51.41900
11 9 20 08 05 8708.10000 4.44400000 308.20000 40.94000 13.94600 51.41900
11 9 20 08 05 8708.20000 4.44400000 308.20000 40.94000 13.94600 51.41900
11 9 20 08 06 8708.20000 4.44400000 308.20000 40.94000 13.94600 51.41900
11 9 20 08 06 8708.20000 4.44400000 308.20000 40.89000 13.94600 51.41900
11 9 20 08 07 8708.10000 4.44400000 308.33000 40.79000 13.94600 51.41900
11 9 20 08 07 8708.10000 4.44400000 309.00000 40.79000 13.94600 51.41900
11 9 20 08 07 8719.00000 4.44400000 309.90000 40.79000 13.94600 51.41900
11 9 20 08 08 8720.00000 4.44400000 309.49000 40.79000 13.94600 51.48000
11 9 20 08 08 8721.10000 4.44400000 310.00000 40.96000 13.94600 51.53100
11 9 20 08 09 8723.20000 4.44400000 309.52000 40.98000 13.94600 51.53300
11 9 20 08 10 8721.20000 4.44400000 309.52000 40.98000 13.94600 51.63000
11 9 20 08 10 8714.00000 4.44400000 309.18000 40.98000 13.94700 51.68400
11 9 20 08 11 8716.90000 4.44400000 309.26000 40.98000 13.94700 51.74000
11 9 20 08 11 8717.10000 4.44400000 309.46000 40.98000 13.94700 51.74000
11 9 20 08 11 8717.20000 4.41100000 309.73000 40.98000 13.94700 51.73900
11 9 20 08 12 8717.10000 4.41100000 309.76000 40.98000 13.94700 51.73900
11 9 20 08 12 8721.00000 4.41100000 310.00000 40.98000 13.94700 51.76900
11 9 20 08 13 8720.10000 4.41100000 309.81000 40.98000 13.94700 51.76900
11 9 20 08 13 8720.10000 4.41100000 309.70000 41.09000 13.94700 51.76900
11 9 20 08 14 8720.10000 4.41100000 309.70000 41.13000 13.94700 51.76900
11 9 20 08 14 8720.10000 4.41100000 309.70000 41.08000 13.94700 51.90000
11 9 20 08 14 8720.10000 4.41100000 309.72000 41.11000 13.94700 51.90000
11 9 20 08 15 8720.10000 4.41100000 309.99000 41.14000 13.94700 51.90000
11 9 20 08 15 8720.20000 4.41100000 310.00000 41.14000 13.94700 51.90000
