M=[
 4 11 20 14 26 11799.40000 4.04400000 326.18000 44.44000 13.10100 45.00300
 4 11 20 14 27 11792.70000 4.04400000 326.18000 44.42000 13.10100 45.00300
 4 11 20 14 27 11795.30000 4.04400000 326.18000 44.42000 13.10100 45.00300
 4 11 20 14 27 11792.80000 4.04400000 326.18000 44.42000 13.10100 45.00300
 4 11 20 14 28 11792.70000 4.04400000 326.18000 44.42000 13.10100 45.00300
 4 11 20 14 28 11792.70000 4.04400000 326.18000 44.39000 13.10100 45.00300
 4 11 20 14 29 11792.60000 4.04400000 326.18000 44.39000 13.10100 45.00300
 4 11 20 14 29 11792.60000 4.04400000 325.77000 44.36000 13.10100 45.00300
 4 11 20 14 30 11780.00000 4.04400000 325.30000 44.26000 13.10100 45.00300
 4 11 20 14 30 11793.70000 4.04400000 325.64000 44.34000 13.10100 45.00300
 4 11 20 14 30 11798.00000 4.04400000 326.04000 44.34000 13.10100 45.00300
 4 11 20 14 31 11797.90000 4.04400000 326.07000 44.46000 13.10100 45.00300
 4 11 20 14 31 11800.00000 4.04400000 325.90000 44.43000 13.10100 45.00300
 4 11 20 14 32 11804.60000 4.04400000 325.90000 44.46000 13.15000 45.00300
 4 11 20 14 32 11804.60000 4.04400000 326.23000 44.58000 13.15000 45.00300
 4 11 20 14 33 11809.90000 4.04400000 326.23000 44.58000 13.15000 45.00300
 4 11 20 14 33 11825.00000 4.04400000 327.07000 44.61000 13.26300 45.00300
 4 11 20 14 33 11823.10000 4.04400000 327.07000 44.61000 13.26300 45.00300
 4 11 20 14 34 11829.30000 4.04400000 326.95000 44.66000 13.26300 45.00300
 4 11 20 14 34 11829.60000 4.04400000 327.04000 44.71000 13.10200 45.00300
 4 11 20 14 35 11825.30000 4.04400000 326.83000 44.65000 13.10200 45.00300
 4 11 20 14 35 11814.50000 4.04400000 326.76000 44.65000 13.10200 45.00300
 4 11 20 14 36 11808.50000 4.04400000 326.75000 44.62000 13.10200 45.00300
 4 11 20 14 36 11812.80000 4.04400000 326.75000 44.60000 13.10200 45.00300
 4 11 20 14 36 11811.60000 4.07700000 326.75000 44.60000 13.10200 45.00300
 4 11 20 14 37 11801.80000 4.07700000 326.75000 44.60000 13.10200 45.00300
 4 11 20 14 37 11799.90000 4.07700000 326.30000 44.60000 13.10200 45.00300
 4 11 20 14 38 11800.10000 4.07700000 326.40000 44.47000 13.10200 45.00300
 4 11 20 14 38 11804.50000 4.07700000 326.40000 44.47000 13.10200 45.00300
 4 11 20 14 39 11812.20000 4.07700000 326.40000 44.47000 13.10200 45.00300
 4 11 20 14 39 11815.10000 4.07700000 326.40000 44.47000 13.10200 45.00300
 4 11 20 14 39 11810.70000 4.07700000 326.82000 44.47000 13.10200 45.00300
 4 11 20 14 40 11810.80000 4.07700000 326.82000 44.47000 13.10200 45.00300
 4 11 20 14 40 11815.10000 4.07700000 326.81000 44.47000 13.10200 45.00300
 4 11 20 14 41 11824.20000 4.07700000 327.12000 44.47000 13.10200 45.26200
 4 11 20 14 41 11814.40000 4.07700000 326.93000 44.56000 13.10200 45.26200
 4 11 20 14 42 11819.20000 4.07700000 326.97000 44.56000 13.10200 45.26200
 4 11 20 14 42 11819.00000 4.07700000 326.97000 44.56000 13.10200 45.26200
 4 11 20 14 42 11811.10000 4.07700000 326.97000 44.56000 13.10200 45.26200
 4 11 20 14 43 11811.00000 4.07700000 326.42000 44.48000 13.10200 45.26200
 4 11 20 14 43 11811.20000 4.07700000 326.55000 44.48000 13.10200 45.26200
 4 11 20 14 44 11819.70000 4.07700000 327.00000 44.48000 13.10200 45.26200
 4 11 20 14 44 11816.70000 4.07700000 326.77000 44.62000 13.10200 45.26200
 4 11 20 14 45 11812.70000 4.07700000 326.77000 44.62000 13.10200 45.26200
 4 11 20 14 45 11812.80000 4.07700000 326.51000 44.62000 13.20000 45.26200
 4 11 20 14 45 11812.80000 4.07700000 326.51000 44.62000 13.20000 45.26200
 4 11 20 14 46 11812.80000 4.07700000 326.21000 44.50000 13.20000 45.26200
 4 11 20 14 46 11811.10000 4.07700000 326.06000 44.50000 13.20000 45.26200
 4 11 20 14 47 11806.40000 4.07700000 326.16000 44.52000 13.20000 45.26200
 4 11 20 14 47 11804.90000 4.07700000 326.01000 44.50000 13.20000 45.26200
 4 11 20 14 48 11804.30000 4.07700000 326.01000 44.50000 13.20000 45.26200
 4 11 20 14 48 11807.70000 4.07700000 326.39000 44.50000 13.20000 45.26200
 4 11 20 14 48 11811.10000 4.07700000 326.23000 44.50000 13.20000 45.26200
 4 11 20 14 49 11812.40000 4.06800000 326.21000 44.50000 13.20000 45.26200
 4 11 20 14 49 11807.80000 4.06400000 326.21000 44.50000 13.20000 45.26200
 4 11 20 14 50 11814.50000 4.06400000 326.01000 44.50000 13.15000 45.26200
 4 11 20 14 50 11808.60000 4.06400000 325.89000 44.50000 13.11500 45.26200
 4 11 20 14 51 11814.70000 4.06400000 325.88000 44.41000 13.11500 45.26200
 4 11 20 14 51 11814.50000 4.06400000 325.88000 44.41000 13.11500 45.26200
 4 11 20 14 51 11814.50000 4.06400000 325.88000 44.41000 13.11500 45.06400
 4 11 20 14 52 11814.50000 4.06400000 325.88000 44.40000 13.11500 45.06400
 4 11 20 14 52 11814.50000 4.06400000 325.88000 44.40000 13.11500 45.06400
 4 11 20 14 53 11817.20000 4.06400000 325.88000 44.40000 13.11500 45.06400
 4 11 20 14 53 11816.90000 4.06400000 325.88000 44.39000 13.11500 45.06400
 4 11 20 14 54 11818.50000 4.06400000 325.92000 44.40000 13.11500 45.06400
 4 11 20 14 54 11820.10000 4.06400000 326.09000 44.43000 13.11500 45.06400
 4 11 20 14 54 11824.70000 4.06400000 326.43000 44.48000 13.11500 45.06400
 4 11 20 14 55 11830.00000 4.06400000 326.43000 44.55000 13.11500 45.06400
 4 11 20 14 55 11829.90000 4.06400000 326.43000 44.55000 13.11500 45.06400
 4 11 20 14 56 11821.20000 4.06400000 326.33000 44.55000 13.11500 45.06400
 4 11 20 14 56 11822.90000 4.06400000 326.31000 44.55000 13.11500 45.06400
 4 11 20 14 57 11825.50000 4.06400000 326.34000 44.51000 13.11500 45.09000
 4 11 20 14 57 11824.10000 4.06400000 326.35000 44.45000 13.11500 45.09000
 4 11 20 14 57 11825.00000 4.06400000 326.41000 44.45000 13.11500 45.09000
 4 11 20 14 58 11829.90000 4.06400000 326.41000 44.45000 13.11500 45.09000
 4 11 20 14 58 11830.00000 4.06400000 326.62000 44.59000 13.11500 45.09000
 4 11 20 14 59 11830.00000 4.06400000 326.62000 44.63000 13.11500 45.09000
 4 11 20 14 59 11839.00000 4.06400000 326.60000 44.62000 13.11500 45.09000
 4 11 20 15 00 11839.00000 4.06400000 326.60000 44.62000 13.11500 45.09000
 4 11 20 15 00 11849.90000 4.06400000 326.92000 44.62000 13.11500 45.09000
 4 11 20 15 00 11848.00000 4.06400000 326.92000 44.62000 13.11500 45.09000
 4 11 20 15 01 11850.00000 4.06400000 326.92000 44.62000 13.11500 45.09000
 4 11 20 15 01 11849.90000 4.06400000 326.92000 44.68000 13.11500 45.09000
 4 11 20 15 02 11843.10000 4.06400000 326.78000 44.68000 13.11500 45.09000
 4 11 20 15 02 11846.90000 4.06400000 326.78000 44.66000 13.11500 45.09000
 4 11 20 15 03 11846.70000 4.06400000 326.54000 44.66000 13.11500 45.09000
 4 11 20 15 03 11849.50000 4.06400000 326.54000 44.66000 13.11500 45.09000
 4 11 20 15 03 11850.00000 4.06400000 326.73000 44.66000 13.11500 45.09000
 4 11 20 15 04 11850.00000 4.06400000 326.72000 44.66000 13.11500 45.09000
 4 11 20 15 04 11868.30000 4.06400000 327.06000 44.71000 13.11500 45.09000
 4 11 20 15 05 11864.50000 4.06400000 327.07000 44.75000 13.11500 45.09000
 4 11 20 15 05 11867.60000 4.06400000 327.18000 44.78000 13.11500 45.09000
 4 11 20 15 06 11869.30000 4.06400000 327.18000 44.78000 13.11500 45.09000
 4 11 20 15 06 11869.30000 4.06400000 327.54000 44.84000 13.11500 45.09000
 4 11 20 15 06 11872.80000 4.06400000 327.75000 44.84000 13.11500 45.09000
 4 11 20 15 07 11874.40000 4.06400000 327.75000 44.86000 13.11500 45.09000
 4 11 20 15 07 11871.80000 4.06400000 327.74000 44.80000 13.11500 45.09000
 4 11 20 15 08 11856.80000 4.06400000 327.46000 44.80000 13.11500 45.09000
 4 11 20 15 08 11866.60000 4.06400000 327.46000 44.78000 13.11500 45.09000
 4 11 20 15 09 11858.10000 4.06400000 327.46000 44.78000 13.11500 45.09000
 4 11 20 15 09 11866.80000 4.06400000 327.56000 44.80000 13.11500 45.09000
 4 11 20 15 09 11864.70000 4.06400000 327.78000 44.80000 13.11500 45.09000
 4 11 20 15 10 11861.10000 4.06400000 327.65000 44.80000 13.11500 45.09000
 4 11 20 15 10 11862.20000 4.06400000 327.54000 44.80000 13.11500 45.18400
 4 11 20 15 11 11854.90000 4.06400000 327.49000 44.80000 13.11500 45.18400
 4 11 20 15 11 11849.60000 4.06400000 327.49000 44.80000 13.11500 45.18400
