M=[
 3 6 21 16 00 31826.80000 56.59900000 2302.27000 155.77000 24.60100 138.80400
 3 6 21 16 00 31850.00000 56.59900000 2308.46000 156.00000 24.60100 138.80400
 3 6 21 16 01 31849.90000 56.59900000 2308.46000 156.00000 24.60100 138.28300
 3 6 21 16 01 31850.00000 56.59900000 2307.67000 156.13000 24.60100 138.28300
 3 6 21 16 01 31849.90000 56.59900000 2306.00000 156.13000 24.60100 138.28300
 3 6 21 16 02 31804.10000 56.58000000 2300.01000 155.77000 24.60100 138.28300
 3 6 21 16 02 31789.90000 56.58000000 2300.11000 155.59000 24.60100 138.28300
 3 6 21 16 03 31759.60000 56.58000000 2298.68000 155.48000 24.60100 138.28300
 3 6 21 16 03 31751.70000 56.58000000 2298.68000 155.48000 24.60100 138.28300
 3 6 21 16 04 31750.00000 56.58000000 2298.68000 155.48000 24.60100 138.28300
 3 6 21 16 04 31761.30000 56.58000000 2299.09000 155.49000 24.60100 138.28300
 3 6 21 16 04 31761.80000 56.58000000 2298.52000 155.50000 24.60100 138.28300
 3 6 21 16 05 31762.10000 56.58000000 2297.70000 155.50000 24.60100 137.81000
 3 6 21 16 05 31762.10000 56.58000000 2296.92000 155.45000 24.60100 137.79200
 3 6 21 16 06 31761.70000 56.58000000 2297.37000 155.45000 24.60100 137.79200
 3 6 21 16 06 31751.60000 56.58000000 2298.22000 155.45000 24.60100 137.79200
 3 6 21 16 07 31762.50000 56.58000000 2299.99000 155.45000 24.60100 137.79200
 3 6 21 16 07 31770.90000 56.58000000 2299.39000 155.70000 24.60100 137.79200
 3 6 21 16 07 31773.00000 56.58000000 2297.18000 155.70000 24.60100 137.79200
 3 6 21 16 08 31778.40000 56.58000000 2297.18000 155.70000 24.60100 137.79200
 3 6 21 16 08 31767.20000 56.58000000 2300.00000 155.77000 24.60100 137.79200
 3 6 21 16 09 31789.60000 56.58000000 2300.00000 156.34000 24.60100 137.79200
 3 6 21 16 09 31791.60000 56.58000000 2300.92000 156.34000 24.60100 137.79200
 3 6 21 16 10 31783.20000 56.58200000 2302.22000 156.34000 24.60100 137.79200
 3 6 21 16 10 31790.70000 56.58200000 2302.23000 156.13000 24.60100 137.79200
 3 6 21 16 10 31799.40000 56.58200000 2301.69000 156.13000 24.60100 137.79200
 3 6 21 16 11 31800.00000 56.58200000 2303.53000 156.09000 24.60100 137.79200
 3 6 21 16 11 31800.00000 56.56100000 2304.62000 156.25000 24.60100 137.79200
 3 6 21 16 12 31800.00000 56.56100000 2304.09000 156.13000 24.60100 137.79200
 3 6 21 16 12 31825.40000 56.56100000 2304.75000 156.18000 24.60100 137.79200
 3 6 21 16 13 31825.50000 56.56100000 2304.81000 156.18000 24.60100 137.79200
 3 6 21 16 13 31841.30000 56.56100000 2304.41000 156.19000 24.60100 138.08500
 3 6 21 16 13 31881.60000 56.56100000 2304.41000 156.43000 24.49100 138.36000
 3 6 21 16 14 31879.00000 56.56100000 2308.07000 156.54000 24.49100 138.36000
 3 6 21 16 14 31890.50000 56.56100000 2309.39000 156.58000 24.49100 138.36000
 3 6 21 16 15 31895.50000 56.56100000 2310.48000 156.71000 24.49100 138.36000
 3 6 21 16 15 31895.50000 56.56100000 2311.11000 156.93000 24.49100 138.36000
 3 6 21 16 16 31898.40000 56.56100000 2312.13000 156.93000 24.49100 138.36000
 3 6 21 16 16 31904.00000 56.56100000 2315.11000 156.78000 24.49100 138.36000
 3 6 21 16 16 31941.30000 56.56100000 2315.78000 156.78000 24.49100 138.36000
 3 6 21 16 17 31975.50000 56.68500000 2315.83000 156.78000 24.49100 138.36000
 3 6 21 16 17 31975.60000 56.68500000 2315.05000 156.78000 24.49100 138.36000
 3 6 21 16 18 31941.40000 56.68500000 2315.05000 156.78000 24.49100 138.36000
 3 6 21 16 18 31976.10000 56.81000000 2315.39000 157.03000 24.49100 138.36000
 3 6 21 16 19 31976.20000 56.81700000 2316.92000 156.94000 24.49100 138.95700
 3 6 21 16 19 31983.60000 56.81700000 2316.99000 157.05000 24.49100 138.95700
 3 6 21 16 19 31992.30000 56.81700000 2316.93000 157.03000 24.49100 138.95700
 3 6 21 16 20 31974.90000 56.81400000 2314.92000 157.00000 24.49100 139.16500
 3 6 21 16 20 31972.70000 56.80800000 2312.29000 156.89000 24.49100 139.16500
 3 6 21 16 21 31972.60000 56.80800000 2313.57000 157.01000 24.49100 139.16500
 3 6 21 16 21 31976.40000 56.78400000 2311.44000 156.82000 24.49100 139.16500
 3 6 21 16 22 31942.10000 56.79300000 2309.44000 156.60000 24.49100 139.16500
 3 6 21 16 22 31942.10000 56.79300000 2309.46000 156.60000 24.49100 139.16500
 3 6 21 16 23 31901.50000 56.79300000 2306.30000 156.60000 24.49100 139.16500
 3 6 21 16 23 31929.10000 56.79300000 2306.30000 156.60000 24.49100 139.16500
 3 6 21 16 23 31968.20000 56.79300000 2315.15000 156.69000 24.49100 139.16500
 3 6 21 16 24 31926.70000 56.79300000 2312.08000 156.60000 24.59100 139.30400
 3 6 21 16 24 31923.60000 56.79300000 2310.11000 156.35000 24.59100 139.30400
 3 6 21 16 25 31947.80000 56.79300000 2310.11000 156.35000 24.59100 139.30400
 3 6 21 16 25 31925.60000 56.93000000 2310.52000 156.71000 24.59100 139.30400
 3 6 21 16 26 31963.60000 56.93000000 2315.50000 157.00000 24.59100 140.00000
 3 6 21 16 26 31975.00000 57.18400000 2316.14000 157.04000 24.59100 140.00000
 3 6 21 16 26 31976.70000 57.18400000 2318.46000 157.04000 24.59100 140.00000
 3 6 21 16 27 32028.30000 57.24400000 2320.39000 157.32000 24.59100 140.78100
 3 6 21 16 27 32011.20000 57.24400000 2316.57000 157.11000 24.59100 140.78100
 3 6 21 16 28 32002.40000 57.50300000 2319.67000 157.01000 24.59100 140.78100
 3 6 21 16 28 32006.80000 57.41300000 2319.67000 157.12000 24.59100 141.30100
 3 6 21 16 29 32006.80000 57.41300000 2320.48000 157.20000 24.59100 141.30100
 3 6 21 16 29 32009.00000 57.41300000 2318.70000 157.20000 24.59100 141.30200
 3 6 21 16 29 32014.70000 57.41300000 2320.23000 157.20000 24.59100 141.51400
 3 6 21 16 30 32015.50000 57.41300000 2319.50000 157.14000 24.59100 141.51400
 3 6 21 16 30 31988.80000 57.41300000 2317.11000 157.14000 24.59100 141.51400
 3 6 21 16 31 31999.40000 57.41300000 2319.36000 157.14000 24.59100 141.51400
 3 6 21 16 31 32002.50000 57.11300000 2322.72000 157.04000 24.59100 141.51400
 3 6 21 16 32 32000.30000 57.11300000 2322.99000 157.04000 24.61300 141.51400
 3 6 21 16 32 31995.30000 57.32500000 2320.35000 157.23000 24.61300 141.51400
 3 6 21 16 32 32028.30000 57.32500000 2322.99000 157.25000 24.61300 141.51400
 3 6 21 16 33 32073.50000 57.32600000 2327.84000 157.80000 24.61300 141.51400
 3 6 21 16 33 32072.60000 57.32600000 2325.38000 157.90000 24.61300 142.18500
 3 6 21 16 34 32073.50000 57.32600000 2329.82000 157.90000 24.61300 142.18500
 3 6 21 16 34 32073.50000 57.28000000 2329.80000 157.90000 24.61300 141.68300
 3 6 21 16 35 32073.50000 57.28000000 2327.53000 157.90000 24.61300 142.03300
 3 6 21 16 35 32072.60000 57.28000000 2327.37000 157.88000 24.61300 142.03300
 3 6 21 16 35 32049.60000 57.28000000 2328.98000 157.88000 24.61300 142.22000
 3 6 21 16 36 32058.00000 57.36300000 2330.08000 158.10000 24.61300 142.23400
 3 6 21 16 36 32058.00000 57.44100000 2330.08000 157.94000 24.61300 142.23400
 3 6 21 16 37 32107.90000 57.51100000 2336.72000 158.16000 24.61300 142.35400
 3 6 21 16 37 32098.10000 57.51100000 2332.47000 157.95000 24.61300 142.35400
 3 6 21 16 38 32112.00000 57.51100000 2334.60000 158.10000 24.61300 142.35400
 3 6 21 16 38 32112.00000 57.51100000 2336.70000 157.93000 24.61300 142.35400
 3 6 21 16 38 32112.00000 57.51600000 2337.66000 158.28000 24.61300 142.35400
 3 6 21 16 39 32126.90000 57.58400000 2342.71000 158.59000 24.61300 142.30600
 3 6 21 16 39 32131.10000 57.58400000 2342.54000 158.59000 24.61300 142.30600
 3 6 21 16 40 32136.10000 57.58400000 2342.22000 158.89000 24.61300 142.30600
 3 6 21 16 40 32127.70000 57.58400000 2341.95000 158.46000 24.61300 142.30600
 3 6 21 16 41 32119.20000 57.58400000 2340.84000 158.29000 24.61300 142.30600
 3 6 21 16 41 32093.40000 57.58400000 2339.75000 158.26000 24.61300 142.30600
 3 6 21 16 41 32074.70000 57.58400000 2338.39000 158.26000 24.61300 142.30600
 3 6 21 16 42 32078.90000 57.58400000 2337.08000 158.33000 24.61300 142.60000
 3 6 21 16 42 32070.60000 57.58400000 2336.38000 158.36000 24.61300 142.60000
 3 6 21 16 43 32074.20000 57.58400000 2336.38000 158.29000 24.61300 142.60000
 3 6 21 16 43 32074.20000 57.58400000 2333.82000 158.09000 24.61300 142.60000
