M=[
18 9 20 06 22 9230.10000 5.13500000 324.95000 40.93000 13.72300 49.86100
18 9 20 06 22 9230.10000 5.13500000 324.96000 40.93000 13.72300 49.86100
18 9 20 06 23 9231.90000 5.13500000 325.25000 40.93000 13.66000 49.86100
18 9 20 06 23 9234.80000 5.13500000 325.31000 40.93000 13.66000 49.86100
18 9 20 06 24 9234.10000 5.13500000 325.28000 40.93000 13.66000 49.86100
18 9 20 06 24 9234.00000 5.13500000 325.28000 40.93000 13.66000 49.86100
18 9 20 06 25 9232.90000 5.13500000 325.28000 40.93000 13.66000 49.86100
18 9 20 06 25 9233.40000 5.13500000 325.28000 40.93000 13.66000 49.86100
18 9 20 06 25 9233.70000 5.13500000 325.28000 40.93000 13.66000 49.86100
18 9 20 06 26 9233.70000 5.13500000 325.28000 40.93000 13.66000 49.86100
18 9 20 06 26 9233.70000 5.13500000 325.28000 40.93000 13.66000 49.86100
18 9 20 06 27 9233.70000 5.13500000 325.28000 40.93000 13.66000 49.86100
18 9 20 06 27 9233.70000 5.13500000 325.32000 40.93000 13.66000 49.86100
18 9 20 06 28 9233.70000 5.17200000 325.32000 40.93000 13.66000 49.86100
18 9 20 06 28 9236.00000 5.17200000 325.34000 40.93000 13.66000 49.86100
18 9 20 06 28 9236.00000 5.17200000 325.43000 40.93000 13.66000 49.86100
18 9 20 06 29 9236.10000 5.17200000 325.44000 40.96000 13.66000 49.86100
18 9 20 06 29 9236.60000 5.17200000 325.25000 40.93000 13.66000 49.86100
18 9 20 06 30 9236.70000 5.17200000 325.28000 40.93000 13.66000 49.86100
18 9 20 06 30 9238.40000 5.17200000 325.11000 40.93000 13.66000 49.86100
18 9 20 06 31 9238.30000 5.17200000 325.13000 40.93000 13.66000 49.86100
18 9 20 06 31 9237.80000 5.17200000 325.12000 40.93000 13.66000 49.86100
18 9 20 06 31 9237.50000 5.17200000 325.12000 40.93000 13.66000 49.86100
18 9 20 06 32 9238.60000 5.17200000 325.12000 40.93000 13.66000 49.85100
18 9 20 06 32 9238.50000 5.16200000 325.36000 40.93000 13.66000 49.85100
18 9 20 06 33 9238.90000 5.16200000 325.53000 40.93000 13.66000 49.85100
18 9 20 06 33 9241.90000 5.16200000 325.93000 40.93000 13.66000 49.85100
18 9 20 06 34 9241.90000 5.16200000 325.92000 40.93000 13.66000 49.85100
18 9 20 06 34 9245.00000 5.16200000 325.93000 40.93000 13.66000 49.85100
18 9 20 06 34 9244.90000 5.16200000 325.93000 40.93000 13.66000 49.85100
18 9 20 06 35 9246.00000 5.16200000 326.10000 40.93000 13.66000 49.85100
18 9 20 06 35 9246.00000 5.16200000 326.08000 40.93000 13.66000 49.85100
18 9 20 06 36 9246.00000 5.16200000 326.11000 40.93000 13.66000 49.85100
18 9 20 06 36 9245.90000 5.16200000 326.16000 40.93000 13.66000 49.85100
18 9 20 06 37 9245.60000 5.16200000 326.15000 40.93000 13.60000 49.85100
18 9 20 06 37 9245.90000 5.17200000 326.14000 40.93000 13.60000 50.11300
18 9 20 06 37 9246.00000 5.17200000 326.14000 40.93000 13.60000 50.11300
18 9 20 06 38 9244.10000 5.17200000 326.05000 40.93000 13.60000 50.11300
18 9 20 06 38 9245.30000 5.17200000 326.05000 40.93000 13.60000 50.11300
18 9 20 06 39 9247.00000 5.17200000 326.05000 40.93000 13.60000 50.11300
18 9 20 06 39 9253.40000 5.17200000 326.21000 40.93000 13.60000 50.11300
18 9 20 06 40 9249.20000 5.17200000 326.21000 40.93000 13.60000 50.11300
18 9 20 06 40 9251.20000 5.17200000 326.33000 40.93000 13.60000 50.11300
18 9 20 06 41 9252.30000 5.17200000 326.33000 40.93000 13.60000 50.11300
18 9 20 06 41 9253.10000 5.17200000 326.56000 40.93000 13.60000 50.11300
18 9 20 06 41 9256.00000 5.17200000 326.69000 40.93000 13.60000 50.11300
18 9 20 06 42 9256.00000 5.17200000 326.85000 40.93000 13.60000 50.11300
18 9 20 06 42 9257.70000 5.11200000 327.00000 40.93000 13.60000 50.11300
18 9 20 06 43 9259.80000 5.11700000 327.13000 40.93000 13.60000 50.11300
18 9 20 06 43 9259.80000 5.11900000 327.15000 40.93000 13.60000 50.11300
18 9 20 06 44 9262.00000 5.12400000 327.14000 41.04000 13.60000 50.11300
18 9 20 06 44 9261.00000 5.12800000 327.16000 41.04000 13.60000 50.11300
18 9 20 06 44 9262.00000 5.12900000 327.25000 41.04000 13.60000 50.11300
18 9 20 06 45 9265.80000 5.12900000 327.17000 41.04000 13.60000 50.11300
18 9 20 06 45 9258.60000 5.12900000 326.89000 41.04000 13.60000 50.11300
18 9 20 06 46 9261.80000 5.12900000 326.84000 41.04000 13.60000 50.11300
18 9 20 06 46 9261.60000 5.12900000 326.71000 41.04000 13.60000 50.11300
18 9 20 06 47 9260.80000 5.16100000 326.71000 41.04000 13.60000 50.11300
18 9 20 06 47 9260.50000 5.16100000 326.70000 41.04000 13.60000 50.11300
18 9 20 06 47 9262.70000 5.16100000 326.71000 41.04000 13.60000 50.11300
18 9 20 06 48 9264.70000 5.16100000 326.71000 41.06000 13.60000 50.22300
18 9 20 06 48 9264.70000 5.16100000 327.19000 41.06000 13.60000 50.22300
18 9 20 06 49 9268.50000 5.16100000 327.36000 41.06000 13.60000 50.22300
18 9 20 06 49 9268.60000 5.16100000 327.47000 41.06000 13.60000 50.22300
18 9 20 06 50 9269.90000 5.16100000 327.60000 41.09000 13.60000 50.22300
18 9 20 06 50 9275.00000 5.16100000 327.92000 41.09000 13.60000 50.22300
18 9 20 06 50 9279.40000 5.16100000 328.17000 41.09000 13.60000 50.22300
18 9 20 06 51 9281.60000 5.16100000 327.95000 41.09000 13.61500 50.22300
18 9 20 06 51 9284.20000 5.16100000 328.33000 41.09000 13.61500 50.23400
18 9 20 06 52 9281.30000 5.16100000 328.10000 41.12000 13.61500 50.23400
18 9 20 06 52 9278.00000 5.16100000 328.09000 41.12000 13.61500 50.23400
18 9 20 06 53 9277.40000 5.16100000 328.03000 41.12000 13.61500 50.23400
18 9 20 06 53 9275.50000 5.16100000 327.79000 41.12000 13.61500 50.23400
18 9 20 06 53 9275.30000 5.16100000 327.79000 41.05000 13.61500 50.23400
18 9 20 06 54 9272.00000 5.16100000 327.77000 41.09000 13.61500 50.23400
18 9 20 06 54 9271.10000 5.16100000 327.69000 41.07000 13.61500 50.23400
18 9 20 06 55 9271.10000 5.16100000 328.09000 41.07000 13.61500 50.23400
18 9 20 06 55 9271.10000 5.16100000 328.09000 41.07000 13.61500 50.23400
18 9 20 06 56 9271.50000 5.16100000 327.98000 41.07000 13.61500 50.23400
18 9 20 06 56 9277.40000 5.16100000 328.04000 41.07000 13.61500 50.23400
18 9 20 06 57 9275.90000 5.16100000 327.82000 41.08000 13.61500 50.23400
18 9 20 06 57 9275.20000 5.16100000 327.83000 41.08000 13.61500 50.23400
18 9 20 06 57 9275.70000 5.16100000 327.83000 41.08000 13.61500 50.23400
18 9 20 06 58 9274.10000 5.16100000 327.83000 41.08000 13.61500 50.23400
18 9 20 06 58 9274.10000 5.16100000 327.82000 41.08000 13.61500 50.23400
18 9 20 06 59 9274.10000 5.16100000 327.93000 41.10000 13.61500 50.23400
18 9 20 06 59 9275.30000 5.16100000 327.92000 41.10000 13.61500 50.23400
18 9 20 07 00 9273.60000 5.16100000 327.95000 41.10000 13.61500 50.23400
18 9 20 07 00 9268.50000 5.16100000 327.76000 41.09000 13.61500 50.23400
18 9 20 07 01 9266.80000 5.16100000 327.56000 41.09000 13.61500 50.23400
18 9 20 07 01 9265.20000 5.16100000 327.56000 41.09000 13.61500 50.23400
18 9 20 07 01 9265.10000 5.16100000 327.54000 41.09000 13.61500 50.23400
18 9 20 07 02 9259.40000 5.10200000 327.38000 41.09000 13.52900 50.23400
18 9 20 07 02 9259.30000 5.10200000 327.38000 41.09000 13.52900 50.23400
18 9 20 07 03 9261.10000 5.10200000 327.41000 41.09000 13.52900 50.23400
18 9 20 07 03 9265.40000 5.10200000 327.41000 41.13000 13.52900 50.23400
18 9 20 07 04 9262.80000 5.10200000 327.41000 41.13000 13.52900 50.23400
18 9 20 07 04 9262.80000 5.10200000 327.67000 41.13000 13.52900 50.23400
18 9 20 07 04 9260.80000 5.13500000 327.60000 41.13000 13.52900 50.23400
18 9 20 07 05 9261.10000 5.13500000 327.65000 41.12000 13.52900 50.23400
18 9 20 07 05 9260.30000 5.13500000 327.60000 41.12000 13.52900 50.23400
18 9 20 07 06 9259.80000 5.13500000 327.56000 41.12000 13.52900 50.23400
18 9 20 07 06 9259.80000 5.13500000 327.57000 41.12000 13.52900 50.23400
18 9 20 07 07 9258.30000 5.13500000 327.48000 41.10000 13.52900 50.23400
18 9 20 07 07 9258.20000 5.13500000 327.23000 41.10000 13.52900 50.23400
18 9 20 07 07 9257.10000 5.13500000 327.23000 41.10000 13.52900 50.23400
18 9 20 07 08 9257.00000 5.13500000 327.08000 41.10000 13.52900 50.23400
18 9 20 07 08 9257.00000 5.13500000 327.08000 41.11000 13.52900 50.23400
18 9 20 07 09 9257.00000 5.13500000 327.12000 41.11000 13.52900 50.23400
