M=[
 1 7 20 03 05 8137.50000 5.10200000 200.76000 36.79000 14.58600 45.92000
 1 7 20 03 06 8138.90000 5.10200000 200.76000 36.79000 14.58600 45.92000
 1 7 20 03 06 8138.90000 5.10200000 200.75000 36.79000 14.58600 45.92000
 1 7 20 03 07 8138.90000 5.10200000 200.75000 36.79000 14.58600 45.89000
 1 7 20 03 07 8137.50000 5.10200000 200.61000 36.79000 14.58600 45.92000
 1 7 20 03 08 8137.50000 5.10200000 200.75000 36.79000 14.58600 45.92000
 1 7 20 03 08 8137.50000 5.10200000 200.75000 36.79000 14.58600 45.92000
 1 7 20 03 09 8132.90000 5.10200000 200.59000 36.79000 14.58600 45.92000
 1 7 20 03 09 8134.70000 5.10200000 200.71000 36.79000 14.58600 45.92000
 1 7 20 03 10 8134.00000 5.10200000 200.71000 36.79000 14.58600 45.92000
 1 7 20 03 10 8134.00000 5.10200000 200.59000 36.79000 14.58600 45.92000
 1 7 20 03 11 8134.00000 5.10200000 200.59000 36.79000 14.58600 45.92000
 1 7 20 03 11 8135.40000 5.10200000 200.59000 36.79000 14.58600 45.92000
 1 7 20 03 11 8137.40000 5.10200000 200.59000 36.79000 14.58600 45.92000
 1 7 20 03 12 8137.50000 5.10200000 200.59000 36.79000 14.58600 45.92000
 1 7 20 03 12 8137.50000 5.10200000 200.59000 36.79000 14.58600 45.89000
 1 7 20 03 13 8137.50000 5.10200000 200.76000 36.79000 14.45600 45.89000
 1 7 20 03 13 8137.50000 5.10200000 200.76000 36.79000 14.58600 45.92000
 1 7 20 03 14 8137.50000 5.10200000 200.75000 36.76000 14.58600 45.92000
 1 7 20 03 14 8135.10000 5.10200000 200.75000 36.76000 14.58600 45.92000
 1 7 20 03 15 8136.40000 5.10200000 200.81000 36.76000 14.58600 45.92000
 1 7 20 03 15 8136.40000 5.10200000 200.81000 36.76000 14.58600 45.92000
 1 7 20 03 16 8135.10000 5.10200000 200.81000 36.76000 14.58600 45.89000
 1 7 20 03 16 8135.40000 5.10200000 200.81000 36.76000 14.58600 45.92000
 1 7 20 03 17 8135.40000 5.10200000 200.81000 36.76000 14.58600 45.92000
 1 7 20 03 17 8136.40000 5.10200000 200.86000 36.80000 14.58600 45.92000
 1 7 20 03 17 8135.50000 5.10200000 200.86000 36.80000 14.58600 45.92000
 1 7 20 03 18 8135.50000 5.10200000 200.78000 36.80000 14.58600 45.92000
 1 7 20 03 18 8135.90000 5.10200000 200.78000 36.76000 14.45600 45.92000
 1 7 20 03 19 8135.50000 5.10200000 200.78000 36.78000 14.58600 45.92000
 1 7 20 03 19 8135.60000 5.10200000 200.78000 36.78000 14.58600 45.92000
 1 7 20 03 20 8132.80000 5.10200000 200.78000 36.78000 14.58600 45.92000
 1 7 20 03 20 8132.80000 5.10200000 200.80000 36.78000 14.58600 45.92000
 1 7 20 03 21 8125.90000 5.10200000 200.80000 36.78000 14.58600 45.92000
 1 7 20 03 21 8127.20000 5.10200000 200.80000 36.76000 14.58600 45.92000
 1 7 20 03 22 8127.20000 5.10200000 200.80000 36.78000 14.58600 45.92000
 1 7 20 03 22 8129.70000 5.10200000 200.80000 36.78000 14.58600 45.92000
 1 7 20 03 23 8130.30000 5.10200000 200.80000 36.78000 14.58600 45.92000
 1 7 20 03 23 8130.30000 5.10200000 200.80000 36.78000 14.58600 45.92000
 1 7 20 03 24 8130.30000 5.10200000 200.80000 36.76000 14.58600 45.92000
 1 7 20 03 24 8128.70000 5.10200000 200.80000 36.78000 14.58600 45.92000
 1 7 20 03 24 8127.60000 5.10200000 200.80000 36.78000 14.58600 45.92000
 1 7 20 03 25 8127.60000 5.10200000 200.80000 36.78000 14.58600 45.92000
 1 7 20 03 25 8127.60000 5.10200000 200.57000 36.78000 14.45600 45.92000
 1 7 20 03 26 8127.60000 5.10200000 200.57000 36.78000 14.58600 45.92000
 1 7 20 03 26 8127.60000 5.10200000 200.57000 36.78000 14.58600 45.92000
 1 7 20 03 27 8127.50000 5.10200000 200.57000 36.78000 14.58600 45.92000
 1 7 20 03 27 8127.60000 5.10200000 200.57000 36.78000 14.58600 45.92000
 1 7 20 03 28 8127.50000 5.10200000 200.57000 36.78000 14.67700 45.92000
 1 7 20 03 28 8127.50000 5.10200000 200.57000 36.78000 14.67700 45.92000
 1 7 20 03 29 8127.50000 5.10200000 200.57000 36.76000 14.67700 45.92000
 1 7 20 03 29 8127.50000 5.10200000 200.57000 36.72000 14.67700 45.92000
 1 7 20 03 30 8127.60000 5.10200000 200.57000 36.74000 14.67700 45.92000
 1 7 20 03 30 8127.60000 5.10200000 200.57000 36.75000 14.67700 45.92000
 1 7 20 03 31 8127.50000 5.10200000 200.57000 36.75000 14.67700 45.92000
 1 7 20 03 31 8127.60000 5.10200000 200.58000 36.75000 14.67700 45.89000
 1 7 20 03 31 8130.30000 5.10200000 200.77000 36.88000 14.67700 45.89900
 1 7 20 03 32 8133.90000 5.11400000 200.77000 36.94000 14.67700 46.01700
 1 7 20 03 33 8133.90000 5.11400000 200.77000 36.89000 14.67700 46.01700
 1 7 20 03 33 8129.40000 5.10200000 200.61000 36.84000 14.67700 46.01700
 1 7 20 03 34 8127.60000 5.11400000 200.58000 36.84000 14.67700 46.01700
 1 7 20 03 34 8127.70000 5.09100000 200.56000 36.84000 14.67700 45.82100
 1 7 20 03 35 8120.30000 5.07200000 200.15000 36.84000 14.67700 45.75500
 1 7 20 03 36 8119.00000 5.07200000 200.41000 36.69000 14.67700 45.75500
 1 7 20 03 36 8118.30000 5.07200000 200.15000 36.84000 14.67700 45.75700
 1 7 20 03 37 8121.40000 5.07200000 199.91000 36.69000 14.67700 45.75700
 1 7 20 03 37 8121.40000 5.07200000 199.91000 36.69000 14.67700 45.75500
 1 7 20 03 37 8121.40000 5.07100000 200.03000 36.84000 14.67700 45.75500
 1 7 20 03 38 8121.40000 5.07100000 200.03000 36.69000 14.67700 45.75500
 1 7 20 03 38 8124.90000 5.07100000 200.03000 36.69000 14.67700 45.75500
 1 7 20 03 39 8124.90000 5.07100000 200.35000 36.73000 14.67700 45.75500
 1 7 20 03 39 8124.80000 5.07100000 200.34000 36.73000 14.67700 45.75500
 1 7 20 03 40 8124.90000 5.07100000 200.34000 36.73000 14.67700 45.75500
 1 7 20 03 40 8124.80000 5.07100000 200.35000 36.73000 14.67700 45.75700
 1 7 20 03 41 8124.80000 5.07100000 200.35000 36.73000 14.67700 45.75500
 1 7 20 03 41 8125.50000 5.07100000 200.34000 36.73000 14.67700 45.75500
 1 7 20 03 42 8125.70000 5.07100000 200.35000 36.73000 14.67700 45.75500
 1 7 20 03 42 8125.70000 5.07100000 200.34000 36.73000 14.67700 45.75500
 1 7 20 03 43 8125.60000 5.07100000 200.34000 36.73000 14.67700 45.68900
 1 7 20 03 43 8125.60000 5.07100000 200.34000 36.73000 14.67700 45.68900
 1 7 20 03 44 8125.60000 5.07100000 200.35000 36.74000 14.67800 45.68900
 1 7 20 03 44 8125.60000 5.07100000 200.35000 36.74000 14.67800 45.68900
 1 7 20 03 45 8125.60000 5.07100000 200.35000 36.74000 14.67800 45.68900
 1 7 20 03 45 8125.70000 5.07100000 200.35000 36.74000 14.67800 45.68900
 1 7 20 03 46 8125.70000 5.07100000 200.34000 36.79000 14.67800 45.68900
 1 7 20 03 46 8125.70000 5.07100000 200.38000 36.79000 14.67700 45.68900
 1 7 20 03 47 8125.70000 5.07100000 200.39000 36.79000 14.67800 45.68900
 1 7 20 03 47 8125.70000 5.08200000 200.39000 36.79000 14.67800 45.68900
 1 7 20 03 47 8125.70000 5.08200000 200.40000 36.79000 14.67800 45.68900
 1 7 20 03 48 8130.00000 5.08200000 200.40000 36.79000 14.67800 45.68900
 1 7 20 03 48 8131.20000 5.08200000 200.40000 36.82000 14.67800 45.68900
 1 7 20 03 49 8131.90000 5.08200000 200.48000 36.82000 14.67800 45.68900
 1 7 20 03 49 8131.90000 5.08200000 200.48000 36.82000 14.67800 45.68900
 1 7 20 03 50 8130.40000 5.08200000 200.48000 36.82000 14.67800 45.68900
 1 7 20 03 50 8130.40000 5.08200000 200.48000 36.82000 14.67800 45.68900
 1 7 20 03 51 8131.30000 5.08200000 200.48000 36.82000 14.67800 45.68900
 1 7 20 03 51 8129.90000 5.08200000 200.48000 36.82000 14.67800 45.68900
 1 7 20 03 52 8129.90000 5.08200000 200.48000 36.82000 14.67700 45.68900
 1 7 20 03 52 8129.90000 5.08200000 200.48000 36.82000 14.67800 45.68900
 1 7 20 03 53 8129.90000 5.08200000 200.48000 36.82000 14.67700 45.68900
 1 7 20 03 53 8130.90000 5.08200000 200.48000 36.82000 14.67800 45.68900
 1 7 20 03 53 8130.90000 5.08200000 200.48000 36.82000 14.67700 45.68900
 1 7 20 03 54 8130.90000 5.08200000 200.48000 36.82000 14.67800 45.68900
 1 7 20 03 54 8131.00000 5.08200000 200.48000 36.82000 14.67800 45.68900
 1 7 20 03 55 8131.00000 5.08200000 200.51000 36.82000 14.67800 45.68900
 1 7 20 03 55 8131.30000 5.08200000 200.51000 36.82000 14.67800 45.68900
 1 7 20 03 56 8137.30000 5.08200000 200.51000 36.82000 14.67700 45.68900
 1 7 20 03 56 8137.30000 5.08200000 200.73000 36.79000 14.67800 45.83400
 1 7 20 03 57 8137.50000 5.08200000 200.80000 36.79000 14.67800 45.83400
