M=[
16 1 21 09 41 30981.70000 6.40000000 1003.73000 121.03000 16.57000 87.39300
16 1 21 09 41 30956.60000 6.40000000 1002.41000 121.03000 16.57000 87.39300
16 1 21 09 42 30948.10000 6.37500000 1002.00000 120.76000 16.57000 87.39300
16 1 21 09 42 30948.10000 6.37500000 1001.62000 120.66000 16.57000 87.39300
16 1 21 09 43 30948.00000 6.37500000 1001.26000 120.66000 16.57000 87.39300
16 1 21 09 43 30900.00000 6.37500000 1000.02000 120.68000 16.57000 87.39300
16 1 21 09 43 30900.10000 6.37500000 1000.00000 120.52000 16.78000 87.39300
16 1 21 09 44 30880.10000 6.37500000 999.30000 120.52000 16.78000 87.39300
16 1 21 09 44 30880.00000 6.37500000 998.21000 120.40000 16.63800 87.39300
16 1 21 09 45 30864.10000 6.37500000 998.01000 120.28000 16.63800 87.48800
16 1 21 09 45 30842.90000 6.37500000 998.32000 120.28000 16.62600 87.44900
16 1 21 09 46 30842.80000 6.37500000 998.55000 120.28000 16.62600 86.99000
16 1 21 09 46 30806.70000 6.37500000 996.59000 120.12000 16.62600 86.99000
16 1 21 09 46 30806.70000 6.37500000 997.57000 120.16000 16.62600 86.88100
16 1 21 09 47 30820.40000 6.37500000 998.46000 120.26000 16.62600 86.88100
16 1 21 09 47 30864.20000 6.37500000 1000.00000 120.45000 16.62600 86.87300
16 1 21 09 48 30878.50000 6.37500000 1000.57000 120.51000 16.62800 86.87300
16 1 21 09 48 30860.60000 6.37500000 999.85000 120.51000 16.62800 86.87300
16 1 21 09 49 30848.70000 6.37500000 999.51000 120.51000 16.62800 86.87300
16 1 21 09 49 30873.80000 6.37500000 1000.00000 120.51000 16.62800 86.87300
16 1 21 09 49 30894.20000 6.37500000 1000.00000 120.51000 16.62800 86.87300
16 1 21 09 50 30900.00000 6.37500000 999.99000 120.52000 16.62800 87.06600
16 1 21 09 50 30900.00000 6.39700000 1000.90000 120.53000 16.62800 87.06600
16 1 21 09 51 30935.50000 6.39900000 1001.50000 120.76000 16.62800 87.06600
16 1 21 09 51 30923.10000 6.39900000 1001.40000 120.78000 16.62800 87.06600
16 1 21 09 52 30907.50000 6.41000000 1001.85000 120.70000 16.62800 86.87300
16 1 21 09 52 30908.90000 6.41000000 1001.81000 120.70000 16.62800 86.87300
16 1 21 09 52 30952.80000 6.41000000 1002.48000 120.71000 16.62800 86.87300
16 1 21 09 53 30980.00000 6.43000000 1003.08000 120.77000 16.62800 86.87300
16 1 21 09 53 30981.30000 6.43000000 1002.70000 120.77000 16.62800 86.87300
16 1 21 09 54 30924.10000 6.43000000 1001.45000 120.80000 16.62800 86.44600
16 1 21 09 54 30931.00000 6.43000000 1001.45000 120.56000 16.62800 86.54800
16 1 21 09 55 30940.90000 6.43000000 1002.94000 120.78000 16.62800 86.54800
16 1 21 09 55 30935.00000 6.43000000 1002.11000 120.58000 16.62800 86.54800
16 1 21 09 55 30957.40000 6.43000000 1003.30000 120.62000 16.62800 86.54800
16 1 21 09 56 30974.20000 6.43000000 1003.43000 120.62000 16.62800 86.54800
16 1 21 09 56 30974.90000 6.43000000 1003.60000 120.62000 16.62800 86.54800
16 1 21 09 57 30960.40000 6.43000000 1003.45000 120.54000 16.62800 86.54800
16 1 21 09 57 30964.80000 6.43000000 1003.36000 120.54000 16.62800 86.54800
16 1 21 09 58 30968.00000 6.43000000 1003.35000 120.54000 16.62800 86.54800
16 1 21 09 58 30945.30000 6.40700000 1003.11000 120.52000 16.62800 86.54800
16 1 21 09 58 30945.00000 6.40700000 1003.40000 120.52000 16.62800 86.67700
16 1 21 09 59 30946.40000 6.40700000 1003.84000 120.62000 16.62800 86.67700
16 1 21 09 59 30935.00000 6.40700000 1003.85000 120.62000 16.62800 86.67700
16 1 21 10 00 31040.70000 6.40700000 1008.22000 120.90000 16.62800 86.67700
16 1 21 10 00 31078.00000 6.43300000 1007.91000 121.01000 16.62800 86.67700
16 1 21 10 01 31021.90000 6.43300000 1006.10000 120.90000 16.62800 86.67700
16 1 21 10 01 31078.10000 6.43900000 1007.76000 120.80000 16.62800 86.67700
16 1 21 10 01 31184.90000 6.45000000 1009.91000 121.02000 16.62800 86.67700
16 1 21 10 02 31215.00000 6.45000000 1009.69000 121.04000 16.62800 86.84300
16 1 21 10 02 31186.30000 6.43800000 1009.00000 121.00000 16.62800 86.70800
16 1 21 10 03 31221.70000 6.43800000 1010.00000 121.11000 16.62800 86.70800
16 1 21 10 03 31275.60000 6.43800000 1012.00000 121.35000 16.59000 86.70800
16 1 21 10 04 31315.00000 6.45400000 1013.00000 121.52000 16.59000 86.87700
16 1 21 10 04 31300.50000 6.45400000 1011.99000 121.50000 16.59000 86.87700
16 1 21 10 04 31281.20000 6.44100000 1010.29000 121.22000 16.59000 86.87700
16 1 21 10 05 31319.40000 6.44100000 1011.67000 121.58000 16.62000 86.67600
16 1 21 10 05 31281.20000 6.44100000 1010.38000 121.49000 16.62000 86.67600
16 1 21 10 06 31326.70000 6.44100000 1011.30000 121.96000 16.62000 86.86700
16 1 21 10 06 31331.90000 6.44100000 1011.97000 121.84000 16.62000 86.86700
16 1 21 10 07 31342.20000 6.44100000 1012.00000 121.97000 16.62000 86.86700
16 1 21 10 07 31336.10000 6.44100000 1011.62000 121.97000 16.62000 86.86700
16 1 21 10 07 31313.50000 6.45000000 1011.75000 121.97000 16.62000 86.95900
16 1 21 10 08 31301.30000 6.45000000 1011.00000 121.97000 16.62000 86.95900
16 1 21 10 08 31270.50000 6.45000000 1010.51000 121.60000 16.62000 86.95900
16 1 21 10 09 31285.40000 6.45000000 1009.73000 121.60000 16.62000 86.95900
16 1 21 10 09 31300.10000 6.45000000 1009.99000 121.66000 16.62000 86.95900
16 1 21 10 10 31300.00000 6.45000000 1010.00000 121.85000 16.62000 86.95900
16 1 21 10 10 31330.00000 6.45000000 1011.42000 122.00000 16.62000 86.95900
16 1 21 10 10 31330.00000 6.45000000 1012.37000 122.20000 16.62000 86.95900
16 1 21 10 11 31307.20000 6.45000000 1010.57000 122.05000 16.62000 87.00200
16 1 21 10 11 31307.20000 6.45000000 1011.06000 122.05000 16.62000 87.00100
16 1 21 10 12 31326.10000 6.45000000 1010.79000 122.01000 16.62000 87.00100
16 1 21 10 12 31314.50000 6.45000000 1010.08000 122.26000 16.62000 87.00100
16 1 21 10 13 31321.10000 6.45000000 1010.35000 122.22000 16.62000 87.00100
16 1 21 10 13 31376.20000 6.45000000 1010.99000 122.30000 16.62000 87.00100
16 1 21 10 13 31375.70000 6.45700000 1011.50000 122.30000 16.62000 87.00100
16 1 21 10 14 31365.70000 6.45700000 1011.10000 122.30000 16.65700 87.36300
16 1 21 10 14 31350.00000 6.45700000 1011.24000 122.45000 16.65700 87.36300
16 1 21 10 15 31227.10000 6.45700000 1011.07000 122.31000 16.65700 87.09100
16 1 21 10 15 31296.10000 6.45700000 1010.50000 122.29000 16.65700 87.09100
16 1 21 10 16 31258.00000 6.45700000 1009.48000 122.28000 16.65700 87.09100
16 1 21 10 16 31256.90000 6.45700000 1009.01000 122.11000 16.65700 87.16300
16 1 21 10 16 31256.90000 6.45700000 1009.00000 122.15000 16.65700 87.16300
16 1 21 10 17 31235.70000 6.45700000 1008.63000 122.01000 16.65700 87.16300
16 1 21 10 17 31234.10000 6.45700000 1007.00000 122.04000 16.65700 86.95800
16 1 21 10 18 31222.10000 6.45000000 1007.00000 121.86000 16.65700 86.88900
16 1 21 10 18 31249.90000 6.45000000 1007.92000 122.28000 16.65700 86.88900
16 1 21 10 19 31235.10000 6.45000000 1006.44000 122.08000 16.65700 86.88900
16 1 21 10 19 31226.90000 6.45000000 1007.51000 122.04000 16.65700 86.88800
16 1 21 10 19 31236.70000 6.45000000 1007.20000 121.90000 16.65700 86.88800
16 1 21 10 20 31225.80000 6.45000000 1007.07000 121.96000 16.65700 86.88800
16 1 21 10 20 31225.20000 6.45000000 1006.77000 121.88000 16.65700 86.88800
16 1 21 10 21 31224.20000 6.45000000 1007.28000 122.03000 16.65700 87.07800
16 1 21 10 21 31224.70000 6.45000000 1007.00000 122.00000 16.65600 87.07800
16 1 21 10 22 31215.50000 6.45000000 1006.82000 121.83000 16.65600 87.01200
16 1 21 10 22 31211.90000 6.45000000 1006.68000 121.90000 16.65600 87.01200
16 1 21 10 22 31213.10000 6.45000000 1006.44000 121.90000 16.65600 87.51800
16 1 21 10 23 31215.00000 6.45000000 1006.00000 121.90000 16.65600 87.52000
16 1 21 10 23 31216.90000 6.45000000 1006.00000 121.85000 16.65600 87.52200
16 1 21 10 24 31220.40000 6.45000000 1006.36000 121.88000 16.65600 87.52200
16 1 21 10 24 31201.60000 6.45000000 1005.76000 121.91000 16.65600 87.52200
16 1 21 10 25 31200.00000 6.45000000 1004.83000 121.90000 16.65600 87.52200
16 1 21 10 25 31200.00000 6.45000000 1005.76000 121.90000 16.65600 87.52200
16 1 21 10 25 31200.10000 6.45000000 1005.76000 121.90000 16.65600 87.52200
