M=[
22 6 21 14 08 24525.60000 27.85400000 1448.03000 90.10000 12.63300 74.59800
22 6 21 14 09 24556.80000 27.92800000 1449.98000 90.42000 12.63300 74.92500
22 6 21 14 09 24521.20000 27.82000000 1444.50000 90.17000 12.63300 74.92500
22 6 21 14 10 24540.10000 27.93700000 1445.83000 90.25000 12.63300 74.92500
22 6 21 14 10 24587.40000 27.96000000 1448.36000 90.18000 12.63300 74.83000
22 6 21 14 10 24621.60000 28.09500000 1451.07000 90.86000 12.63300 74.83000
22 6 21 14 11 24651.60000 28.07900000 1451.28000 90.96000 12.63300 74.83000
22 6 21 14 11 24643.40000 28.08700000 1449.18000 91.09000 12.67200 74.83000
22 6 21 14 12 24620.80000 28.09300000 1448.58000 90.86000 12.70400 74.83000
22 6 21 14 12 24600.00000 28.04900000 1446.63000 90.50000 12.70400 74.83000
22 6 21 14 13 24627.00000 28.05400000 1450.00000 90.98000 12.70400 74.83000
22 6 21 14 13 24679.00000 28.12300000 1454.41000 91.17000 12.70300 75.39900
22 6 21 14 13 24694.60000 28.20900000 1453.67000 91.19000 12.70300 75.39900
22 6 21 14 14 24707.00000 28.20900000 1453.01000 91.24000 12.70300 75.51800
22 6 21 14 14 24715.60000 28.07700000 1453.85000 91.00000 12.70300 75.51800
22 6 21 14 15 24748.60000 28.21800000 1454.76000 91.18000 12.70500 75.51800
22 6 21 14 15 24776.90000 28.27200000 1458.89000 91.44000 12.70500 75.51800
22 6 21 14 16 24873.00000 28.28300000 1465.37000 91.46000 12.70500 76.50500
22 6 21 14 16 24853.60000 28.46300000 1462.57000 91.70000 12.72400 76.42300
22 6 21 14 16 24785.00000 28.45000000 1458.55000 91.70000 12.72400 76.42300
22 6 21 14 17 24739.00000 28.45000000 1457.14000 91.24000 12.72400 76.42300
22 6 21 14 17 24650.80000 28.45000000 1452.36000 91.26000 12.72400 75.72100
22 6 21 14 18 24691.30000 28.45000000 1453.88000 91.06000 12.69700 75.95000
22 6 21 14 18 24779.00000 28.45000000 1460.39000 91.42000 12.69700 75.95000
22 6 21 14 19 24765.70000 28.45000000 1459.04000 91.47000 12.69700 76.28600
22 6 21 14 19 24810.50000 28.45000000 1459.52000 91.63000 12.69700 76.49000
22 6 21 14 19 24747.70000 28.45000000 1458.25000 91.36000 12.69700 76.49000
22 6 21 14 20 24683.60000 28.45000000 1454.91000 91.15000 12.69700 75.94000
22 6 21 14 20 24635.70000 28.45000000 1451.46000 90.90000 12.69700 75.94000
22 6 21 14 21 24627.10000 28.04300000 1450.52000 90.61000 12.69700 75.94000
22 6 21 14 21 24694.20000 28.13200000 1453.43000 90.85000 12.69700 75.94000
22 6 21 14 22 24731.90000 28.21600000 1455.94000 91.17000 12.69700 75.94000
22 6 21 14 22 24735.40000 28.31000000 1457.41000 91.32000 12.69700 75.94000
22 6 21 14 22 24783.60000 28.31000000 1458.21000 91.46000 12.69700 75.94000
22 6 21 14 23 24817.50000 28.34700000 1461.00000 91.41000 12.69700 75.94000
22 6 21 14 23 24804.40000 28.34700000 1460.91000 91.48000 12.69700 75.94000
22 6 21 14 24 24862.40000 28.46500000 1463.24000 91.84000 12.69700 76.26300
22 6 21 14 24 24990.00000 28.53100000 1470.73000 92.44000 12.75000 76.99400
22 6 21 14 25 24987.70000 28.53100000 1473.34000 92.58000 12.75000 77.14200
22 6 21 14 25 24940.60000 28.67600000 1470.00000 92.40000 12.75000 77.14200
22 6 21 14 25 24979.60000 28.55000000 1470.47000 92.25000 12.75000 77.14200
22 6 21 14 26 24999.90000 28.64300000 1473.23000 92.09000 12.75000 77.14200
22 6 21 14 26 24953.40000 28.54900000 1472.77000 92.01000 12.75000 77.14200
22 6 21 14 27 24949.10000 28.54900000 1475.89000 92.23000 12.75000 77.33300
22 6 21 14 27 25048.30000 28.54900000 1478.86000 92.84000 12.75000 77.56700
22 6 21 14 28 25061.70000 28.75000000 1477.53000 92.90000 12.75000 77.56700
22 6 21 14 28 25075.70000 28.75000000 1476.80000 92.91000 12.76400 77.48200
22 6 21 14 28 25037.60000 28.75000000 1475.01000 93.04000 12.76400 77.48200
22 6 21 14 29 25039.30000 28.75000000 1476.44000 93.09000 12.76400 77.55900
22 6 21 14 29 24996.00000 28.75100000 1473.44000 92.74000 12.76400 77.55900
22 6 21 14 30 24965.30000 28.75200000 1469.44000 92.67000 12.76400 77.48900
22 6 21 14 30 24992.40000 28.81200000 1475.12000 93.17000 12.76400 77.66000
22 6 21 14 31 25063.80000 28.89400000 1477.45000 93.40000 12.76400 77.84100
22 6 21 14 31 25075.60000 28.85300000 1479.12000 93.49000 12.76400 77.76900
22 6 21 14 31 25069.50000 28.92700000 1480.00000 93.69000 12.76400 78.19400
22 6 21 14 32 25045.50000 29.05300000 1480.37000 93.67000 12.76400 78.58600
22 6 21 14 32 25047.50000 29.05300000 1480.78000 93.64000 12.76400 78.29700
22 6 21 14 33 25069.00000 28.94200000 1482.86000 93.80000 12.76400 78.58300
22 6 21 14 33 25036.80000 28.98900000 1480.07000 93.67000 12.76400 78.58300
22 6 21 14 34 25007.10000 28.90100000 1478.15000 93.51000 12.76400 78.58300
22 6 21 14 34 25021.10000 28.90000000 1480.40000 93.52000 12.76400 78.02300
22 6 21 14 34 24992.60000 28.90000000 1478.13000 93.33000 12.76400 78.02300
22 6 21 14 35 24973.50000 28.80200000 1474.99000 93.39000 12.76400 78.02300
22 6 21 14 35 24931.40000 28.80200000 1471.88000 92.95000 12.76400 78.02300
22 6 21 14 36 24943.40000 28.77500000 1474.22000 93.15000 12.76400 78.02300
22 6 21 14 36 24943.80000 28.71500000 1472.14000 92.68000 12.76400 78.02300
22 6 21 14 37 24964.60000 28.71500000 1474.93000 93.19000 12.76400 78.02300
22 6 21 14 37 25022.60000 28.71500000 1478.96000 93.54000 12.76400 78.02300
22 6 21 14 37 24974.20000 28.85300000 1475.53000 93.22000 12.70500 78.02300
22 6 21 14 38 25052.70000 28.85300000 1477.87000 93.05000 12.70500 78.02300
22 6 21 14 38 25025.90000 28.85100000 1477.39000 93.46000 12.70500 77.97700
22 6 21 14 39 25029.90000 28.85100000 1477.24000 93.10000 12.70500 77.97700
22 6 21 14 39 25061.00000 28.85100000 1480.00000 93.31000 12.70500 77.97700
22 6 21 14 40 25080.10000 28.85100000 1480.99000 93.34000 12.70500 77.80300
22 6 21 14 40 25100.00000 28.96400000 1483.04000 93.46000 12.70500 77.80300
22 6 21 14 40 25069.30000 28.97800000 1480.03000 93.21000 12.70500 77.80300
22 6 21 14 41 25050.00000 28.90000000 1478.99000 93.03000 12.70500 77.80300
22 6 21 14 41 25073.10000 28.92500000 1479.44000 93.17000 12.70500 77.80300
22 6 21 14 42 25053.60000 28.91200000 1479.99000 93.19000 12.70500 77.76000
22 6 21 14 42 25072.20000 28.98100000 1482.31000 93.29000 12.70500 77.76000
22 6 21 14 43 25097.20000 29.00700000 1483.00000 93.57000 12.85700 77.76000
22 6 21 14 43 25173.10000 29.17700000 1490.65000 93.79000 12.85700 77.76000
22 6 21 14 43 25195.60000 29.19400000 1491.54000 93.94000 12.85700 78.42300
22 6 21 14 44 25181.50000 29.19400000 1490.85000 93.69000 12.85700 78.42300
22 6 21 14 44 25202.60000 29.20300000 1491.66000 94.10000 12.85700 78.42300
22 6 21 14 45 25141.40000 29.22900000 1492.22000 93.96000 12.85700 78.42300
22 6 21 14 45 25132.90000 29.09200000 1490.14000 93.66000 12.78700 78.42300
22 6 21 14 46 25088.60000 29.06200000 1487.82000 93.63000 12.78700 78.42300
22 6 21 14 46 25080.80000 28.99900000 1486.90000 93.45000 12.78700 78.02200
22 6 21 14 46 25079.80000 29.01100000 1485.65000 93.42000 12.78700 77.69200
22 6 21 14 47 25053.20000 29.01100000 1484.83000 93.33000 12.78700 77.69200
22 6 21 14 47 25033.50000 29.01100000 1483.40000 93.02000 12.81900 77.69200
22 6 21 14 48 25100.80000 28.85000000 1485.04000 93.29000 12.79400 77.69200
22 6 21 14 48 25185.90000 29.03800000 1491.44000 93.77000 12.79400 78.07900
22 6 21 14 49 25166.90000 29.03800000 1493.06000 93.83000 12.79400 78.25900
22 6 21 14 49 25133.20000 29.03800000 1489.04000 93.83000 12.79400 78.03400
22 6 21 14 49 25213.30000 29.07300000 1494.62000 93.98000 12.79400 78.03400
22 6 21 14 50 25218.00000 29.18200000 1495.84000 94.09000 12.78500 78.37800
22 6 21 14 50 25288.40000 29.30500000 1503.16000 94.52000 12.79600 78.47900
22 6 21 14 51 25307.70000 29.50000000 1504.25000 94.91000 12.81200 78.95000
22 6 21 14 51 25322.80000 29.48500000 1505.34000 94.83000 12.81200 79.09300
22 6 21 14 52 25384.90000 29.48500000 1506.09000 95.17000 12.81200 78.77800
22 6 21 14 52 25372.20000 29.49300000 1502.35000 94.89000 12.81200 78.77800
22 6 21 14 52 25441.50000 29.49300000 1508.35000 95.11000 12.81300 78.77800
22 6 21 14 53 25416.40000 29.48100000 1506.29000 95.19000 12.81300 79.27700
