M=[
 8 9 20 06 02 8685.70000 4.39200000 292.73000 41.11000 14.16600 52.79300
 8 9 20 06 02 8689.50000 4.39200000 292.73000 41.11000 14.16600 52.79300
 8 9 20 06 03 8691.40000 4.37500000 292.73000 41.11000 14.16600 52.79300
 8 9 20 06 03 8691.70000 4.37500000 293.05000 41.11000 14.16600 52.79300
 8 9 20 06 04 8691.50000 4.37500000 293.31000 41.11000 14.16600 52.79300
 8 9 20 06 04 8691.40000 4.37500000 293.31000 41.11000 14.16600 52.79300
 8 9 20 06 04 8691.40000 4.37500000 293.67000 40.98000 14.16600 52.79300
 8 9 20 06 05 8691.40000 4.37500000 293.84000 41.09000 14.16600 52.69000
 8 9 20 06 05 8690.90000 4.37500000 293.31000 40.99000 14.16600 52.69000
 8 9 20 06 06 8691.00000 4.37500000 293.44000 40.99000 14.16600 52.69000
 8 9 20 06 06 8691.00000 4.37500000 293.46000 40.99000 14.16600 52.69000
 8 9 20 06 07 8691.00000 4.37500000 293.31000 40.99000 14.16600 52.69000
 8 9 20 06 07 8691.00000 4.37500000 293.33000 40.99000 14.16600 52.69000
 8 9 20 06 07 8690.10000 4.37500000 293.33000 40.99000 14.16600 52.69000
 8 9 20 06 08 8690.10000 4.37500000 293.65000 41.00000 14.16600 52.69000
 8 9 20 06 08 8690.10000 4.37500000 293.65000 41.00000 14.16600 52.69000
 8 9 20 06 09 8691.50000 4.37500000 293.68000 41.00000 14.16600 52.89000
 8 9 20 06 09 8691.50000 4.37500000 293.69000 41.00000 14.16600 52.89000
 8 9 20 06 10 8692.70000 4.37500000 293.69000 41.00000 14.16600 52.89000
 8 9 20 06 10 8695.50000 4.37500000 294.23000 41.00000 14.16600 52.89000
 8 9 20 06 10 8695.50000 4.37500000 294.21000 41.07000 14.16600 52.89000
 8 9 20 06 11 8698.00000 4.37500000 294.21000 41.07000 14.16600 52.89000
 8 9 20 06 11 8697.90000 4.37500000 294.12000 41.07000 14.16600 52.89000
 8 9 20 06 12 8699.20000 4.37500000 294.08000 41.07000 14.16600 52.89000
 8 9 20 06 12 8699.30000 4.37500000 294.04000 41.07000 14.16600 52.89000
 8 9 20 06 13 8699.30000 4.37500000 294.04000 41.07000 14.16600 52.89000
 8 9 20 06 13 8699.30000 4.37500000 294.05000 41.07000 14.16600 52.89000
 8 9 20 06 13 8699.20000 4.37500000 293.99000 41.07000 14.16600 52.89000
 8 9 20 06 14 8699.30000 4.37500000 293.99000 41.07000 14.18700 52.89000
 8 9 20 06 14 8699.30000 4.37500000 293.99000 41.07000 14.18700 52.89000
 8 9 20 06 15 8699.30000 4.37500000 293.74000 41.07000 14.18700 52.89000
 8 9 20 06 15 8699.30000 4.37500000 293.73000 41.07000 14.18700 52.89000
 8 9 20 06 16 8699.20000 4.37500000 293.62000 41.07000 14.18700 52.89000
 8 9 20 06 16 8700.90000 4.37500000 293.62000 41.07000 14.18700 52.89000
 8 9 20 06 16 8701.40000 4.37500000 293.62000 41.07000 14.18700 52.89000
 8 9 20 06 17 8700.60000 4.37500000 293.58000 41.07000 14.18700 52.89000
 8 9 20 06 17 8713.50000 4.37000000 294.17000 41.08000 14.18700 52.89000
 8 9 20 06 18 8713.90000 4.37000000 294.35000 41.08000 14.18700 52.89000
 8 9 20 06 18 8713.80000 4.37000000 294.17000 41.26000 14.04300 53.11000
 8 9 20 06 19 8712.80000 4.37000000 294.31000 41.25000 14.04300 53.11000
 8 9 20 06 19 8715.20000 4.37000000 294.31000 41.25000 14.04300 53.11000
 8 9 20 06 20 8718.50000 4.37000000 294.66000 41.23000 14.04300 53.11000
 8 9 20 06 20 8719.90000 4.37000000 294.72000 41.23000 14.04300 53.11000
 8 9 20 06 21 8721.30000 4.37000000 294.78000 41.23000 14.04300 53.11000
 8 9 20 06 21 8721.40000 4.37000000 294.78000 41.23000 14.10300 53.11000
 8 9 20 06 22 8721.40000 4.37000000 294.78000 41.23000 14.10300 53.11000
 8 9 20 06 22 8721.40000 4.37000000 294.49000 41.23000 14.10300 53.28600
 8 9 20 06 22 8721.40000 4.37000000 294.49000 41.23000 14.10300 53.28600
 8 9 20 06 23 8721.30000 4.37000000 294.43000 41.18000 14.10300 53.28600
 8 9 20 06 23 8721.40000 4.37000000 294.08000 41.18000 14.10300 53.28600
 8 9 20 06 24 8721.40000 4.37000000 294.11000 41.21000 14.10300 53.28600
 8 9 20 06 24 8721.40000 4.37000000 294.11000 41.21000 14.09300 53.28600
 8 9 20 06 25 8721.40000 4.37000000 294.11000 41.21000 14.01900 53.28600
 8 9 20 06 25 8721.40000 4.37000000 294.11000 41.21000 14.01900 53.55600
 8 9 20 06 26 8722.20000 4.37000000 294.11000 41.14000 14.01900 53.55600
 8 9 20 06 26 8722.60000 4.37000000 294.07000 41.15000 14.01900 53.55600
 8 9 20 06 26 8722.60000 4.37000000 294.07000 41.15000 14.01900 53.55600
 8 9 20 06 27 8722.60000 4.37000000 294.21000 41.10000 14.01900 53.55600
 8 9 20 06 27 8722.60000 4.39100000 294.21000 41.10000 14.01900 53.55600
 8 9 20 06 28 8722.50000 4.41900000 294.21000 41.10000 14.01900 53.55600
 8 9 20 06 28 8721.40000 4.41900000 294.21000 41.11000 14.01900 53.55600
 8 9 20 06 29 8721.50000 4.41900000 294.22000 41.11000 14.01900 53.55600
 8 9 20 06 29 8721.90000 4.41900000 294.22000 41.11000 14.01900 53.55600
 8 9 20 06 29 8722.00000 4.41900000 294.22000 41.11000 14.01900 53.55600
 8 9 20 06 30 8722.00000 4.41900000 294.42000 41.12000 14.01900 53.55600
 8 9 20 06 30 8722.00000 4.41900000 294.42000 41.13000 14.01900 53.55600
 8 9 20 06 31 8722.20000 4.41900000 294.42000 41.12000 14.01900 53.55600
 8 9 20 06 31 8722.00000 4.41900000 294.10000 41.12000 14.01900 53.55600
 8 9 20 06 32 8721.40000 4.41900000 294.01000 41.05000 14.01900 53.55600
 8 9 20 06 32 8718.60000 4.41900000 294.01000 41.07000 14.01900 53.55600
 8 9 20 06 33 8715.10000 4.41900000 293.56000 41.01000 14.01900 53.55600
 8 9 20 06 33 8710.40000 4.41900000 293.05000 40.88000 14.01900 53.07800
 8 9 20 06 33 8707.30000 4.41900000 293.10000 40.89000 14.01900 53.07800
 8 9 20 06 34 8705.50000 4.41900000 293.14000 40.89000 14.01900 53.07800
 8 9 20 06 34 8705.40000 4.41900000 293.33000 40.84000 14.01900 52.92000
 8 9 20 06 35 8705.40000 4.41900000 293.09000 40.84000 14.01900 52.92000
 8 9 20 06 35 8705.50000 4.41900000 293.09000 40.82000 14.01900 52.92000
 8 9 20 06 36 8705.40000 4.41900000 293.09000 40.81000 14.01900 52.64600
 8 9 20 06 36 8705.50000 4.41900000 293.01000 40.81000 14.01900 52.55200
 8 9 20 06 36 8705.30000 4.41900000 292.82000 40.74000 14.01900 52.46000
 8 9 20 06 37 8702.40000 4.41900000 292.81000 40.82000 14.01900 52.46000
 8 9 20 06 37 8702.40000 4.41900000 292.81000 40.83000 14.01900 52.46000
 8 9 20 06 38 8703.40000 4.41900000 292.95000 40.84000 14.01900 52.46000
 8 9 20 06 38 8706.40000 4.41900000 292.95000 40.84000 14.01900 52.46000
 8 9 20 06 39 8706.50000 4.41900000 293.11000 40.84000 14.01900 52.46000
 8 9 20 06 39 8706.50000 4.41900000 292.95000 40.86000 14.01900 52.46000
 8 9 20 06 39 8706.50000 4.41900000 292.97000 40.86000 14.01900 52.46000
 8 9 20 06 40 8706.60000 4.41900000 292.88000 40.80000 14.01900 52.46000
 8 9 20 06 40 8706.60000 4.41900000 292.88000 40.80000 14.01900 52.46000
 8 9 20 06 41 8706.60000 4.41900000 292.93000 40.80000 14.01900 52.46000
 8 9 20 06 41 8708.90000 4.41900000 292.93000 40.79000 14.01900 52.46000
 8 9 20 06 42 8711.10000 4.41900000 292.92000 40.82000 14.01900 52.46000
 8 9 20 06 42 8713.50000 4.41900000 293.00000 40.83000 14.08700 52.57600
 8 9 20 06 43 8713.70000 4.41900000 293.00000 40.85000 14.08700 52.57600
 8 9 20 06 43 8713.70000 4.41900000 293.00000 40.87000 14.08700 52.57600
 8 9 20 06 43 8713.80000 4.41900000 293.00000 40.87000 14.08700 52.57600
 8 9 20 06 44 8713.50000 4.41900000 293.00000 40.88000 14.08700 52.57600
 8 9 20 06 44 8713.40000 4.41900000 293.09000 40.86000 14.08700 52.57600
 8 9 20 06 45 8715.20000 4.41900000 293.20000 40.96000 14.08700 52.57600
 8 9 20 06 45 8715.20000 4.41900000 293.27000 40.94000 14.08700 52.57600
 8 9 20 06 46 8715.20000 4.41900000 293.27000 40.94000 14.08700 52.57600
 8 9 20 06 46 8715.20000 4.41900000 293.26000 40.94000 14.08700 52.57600
 8 9 20 06 47 8715.20000 4.41900000 293.27000 40.96000 14.08700 52.57600
 8 9 20 06 47 8712.70000 4.41900000 293.26000 40.96000 14.08700 52.57600
 8 9 20 06 47 8712.70000 4.41900000 293.26000 40.96000 14.08700 52.57600
 8 9 20 06 48 8712.60000 4.41900000 293.41000 41.05000 14.08700 52.57600
 8 9 20 06 48 8712.70000 4.41900000 293.44000 41.05000 14.08700 52.57600
 8 9 20 06 49 8712.70000 4.41900000 293.65000 41.05000 14.08700 52.57600
 8 9 20 06 49 8712.70000 4.41900000 293.65000 41.05000 14.08700 52.57600
