M=[
21 7 20 16 23 8141.40000 5.37300000 212.35000 38.17000 18.46700 53.50400
21 7 20 16 24 8141.30000 5.37400000 212.35000 38.17000 18.46700 53.50400
21 7 20 16 24 8143.10000 5.37400000 212.35000 38.20000 18.46700 53.50400
21 7 20 16 25 8145.80000 5.37400000 212.51000 38.20000 18.46700 53.50400
21 7 20 16 25 8146.60000 5.37400000 212.47000 38.20000 18.46700 53.50400
21 7 20 16 26 8145.70000 5.37400000 212.47000 38.20000 18.46700 53.50400
21 7 20 16 26 8145.80000 5.37400000 212.37000 38.20000 18.35100 53.50400
21 7 20 16 26 8145.70000 5.37400000 212.38000 38.20000 18.35100 53.50400
21 7 20 16 27 8145.70000 5.37400000 212.38000 38.15000 18.19900 53.50400
21 7 20 16 27 8145.70000 5.37400000 212.38000 38.15000 18.19900 53.50400
21 7 20 16 28 8145.00000 5.37400000 212.27000 38.15000 18.15100 53.50400
21 7 20 16 28 8145.00000 5.37400000 212.28000 38.15000 18.15100 53.50400
21 7 20 16 29 8145.10000 5.37400000 212.28000 38.15000 18.22700 53.50400
21 7 20 16 29 8145.10000 5.37400000 212.28000 38.15000 18.22700 53.50400
21 7 20 16 30 8145.00000 5.37400000 212.27000 38.11000 18.22700 53.50400
21 7 20 16 30 8145.10000 5.37400000 212.15000 38.11000 18.22700 53.50400
21 7 20 16 31 8145.00000 5.37400000 212.15000 38.11000 18.22700 53.50400
21 7 20 16 31 8145.00000 5.37400000 212.15000 38.11000 18.22700 53.50400
21 7 20 16 32 8145.00000 5.37400000 212.12000 38.11000 18.22700 53.50400
21 7 20 16 32 8145.10000 5.37400000 212.03000 38.11000 18.22700 53.50400
21 7 20 16 32 8145.00000 5.37400000 212.17000 38.11000 18.22700 53.50400
21 7 20 16 33 8145.10000 5.37800000 212.08000 38.10000 18.22700 53.50400
21 7 20 16 33 8145.10000 5.37400000 212.08000 38.10000 18.22700 53.50400
21 7 20 16 34 8145.00000 5.37400000 212.08000 38.10000 18.22700 53.50400
21 7 20 16 34 8144.90000 5.37400000 212.04000 38.10000 18.22700 53.63000
21 7 20 16 35 8143.10000 5.37400000 212.06000 38.10000 18.11000 53.63000
21 7 20 16 35 8143.10000 5.37400000 212.07000 38.10000 18.11000 53.63000
21 7 20 16 36 8142.30000 5.37400000 212.07000 38.10000 18.11000 53.63000
21 7 20 16 36 8142.30000 5.37400000 212.07000 38.07000 18.11000 53.63000
21 7 20 16 37 8140.10000 5.37400000 212.07000 38.07000 18.11000 53.63000
21 7 20 16 37 8140.00000 5.37400000 212.07000 38.07000 18.11000 53.63000
21 7 20 16 37 8140.00000 5.37400000 212.08000 38.07000 18.25000 53.53000
21 7 20 16 38 8142.80000 5.37400000 212.09000 38.07000 18.36000 53.53000
21 7 20 16 38 8143.90000 5.37400000 212.16000 38.07000 18.35300 53.53000
21 7 20 16 39 8144.10000 5.37400000 212.16000 38.10000 18.35300 53.53000
21 7 20 16 39 8144.10000 5.37400000 212.22000 38.10000 18.35300 53.53000
21 7 20 16 40 8144.00000 5.37400000 212.21000 38.10000 18.35300 53.53000
21 7 20 16 40 8144.00000 5.37400000 212.24000 38.10000 18.35300 53.53000
21 7 20 16 41 8144.00000 5.37400000 212.24000 38.10000 18.35300 53.53000
21 7 20 16 41 8145.00000 5.37400000 212.24000 38.11000 18.35300 53.53000
21 7 20 16 42 8145.00000 5.37400000 212.27000 38.06000 18.35300 53.53000
21 7 20 16 42 8144.20000 5.37400000 212.27000 38.06000 18.35300 53.53000
21 7 20 16 43 8144.20000 5.37400000 212.27000 38.04000 18.35300 53.53000
21 7 20 16 43 8144.20000 5.37400000 212.04000 38.04000 18.35300 53.53000
21 7 20 16 44 8144.20000 5.37400000 212.16000 38.04000 18.35300 53.53000
21 7 20 16 44 8144.20000 5.37400000 212.18000 38.04000 18.35300 53.53000
21 7 20 16 44 8144.20000 5.37400000 212.19000 38.04000 18.35300 53.53000
21 7 20 16 45 8144.10000 5.37400000 212.20000 38.04000 18.35300 53.53000
21 7 20 16 45 8144.10000 5.37400000 212.20000 38.00000 18.42500 53.53000
21 7 20 16 46 8144.10000 5.37400000 212.17000 38.03000 18.42500 53.53000
21 7 20 16 46 8144.20000 5.37400000 212.36000 38.03000 18.42500 53.53000
21 7 20 16 47 8144.80000 5.37400000 212.36000 38.03000 18.49900 53.53000
21 7 20 16 47 8144.90000 5.37400000 212.35000 38.03000 18.49900 53.53000
21 7 20 16 48 8144.10000 5.37400000 212.32000 38.03000 18.49900 53.53000
21 7 20 16 48 8144.20000 5.37400000 212.32000 38.02000 18.49900 53.53000
21 7 20 16 49 8144.20000 5.37400000 212.34000 38.02000 18.49900 53.53000
21 7 20 16 49 8144.30000 5.37400000 212.37000 38.02000 18.49900 53.53000
21 7 20 16 49 8144.40000 5.37400000 212.37000 38.02000 18.49900 53.53000
21 7 20 16 50 8144.00000 5.37400000 212.37000 38.02000 18.49900 53.53000
21 7 20 16 50 8144.40000 5.37400000 212.37000 38.02000 18.26200 53.53000
21 7 20 16 51 8143.80000 5.37400000 212.37000 38.02000 18.26200 53.53000
21 7 20 16 51 8143.70000 5.37400000 212.37000 38.02000 18.26200 53.53000
21 7 20 16 52 8143.80000 5.37400000 212.38000 38.02000 18.26200 53.53000
21 7 20 16 52 8143.80000 5.37400000 212.38000 38.02000 18.26200 53.53000
21 7 20 16 53 8143.80000 5.37400000 212.38000 38.02000 18.26200 53.53000
21 7 20 16 53 8143.50000 5.37400000 212.35000 38.02000 18.23300 53.53000
21 7 20 16 54 8143.60000 5.37400000 212.35000 38.02000 18.23300 53.53000
21 7 20 16 54 8143.70000 5.37400000 212.34000 38.02000 18.23300 53.53000
21 7 20 16 54 8144.70000 5.37400000 212.34000 38.02000 18.23300 53.53000
21 7 20 16 55 8144.70000 5.37400000 212.38000 38.02000 18.23300 53.53000
21 7 20 16 55 8144.00000 5.37400000 212.38000 38.02000 18.23300 53.53000
21 7 20 16 56 8144.90000 5.37400000 212.38000 38.02000 18.32400 53.53000
21 7 20 16 56 8144.90000 5.37400000 212.38000 38.01000 18.32400 53.53000
21 7 20 16 57 8144.70000 5.37400000 212.30000 38.01000 18.32400 53.53000
21 7 20 16 57 8144.90000 5.37400000 212.30000 38.01000 18.37200 53.53000
21 7 20 16 58 8145.00000 5.37400000 212.38000 38.01000 18.37200 53.53000
21 7 20 16 58 8144.90000 5.37400000 212.38000 38.01000 18.37200 53.53000
21 7 20 16 59 8145.00000 5.37400000 212.37000 38.01000 18.37200 53.53000
21 7 20 16 59 8145.00000 5.37400000 212.49000 38.01000 18.37200 53.53000
21 7 20 16 59 8144.90000 5.37400000 212.49000 38.01000 18.37200 53.53000
21 7 20 17 00 8143.10000 5.37400000 212.45000 38.01000 18.37200 53.53000
21 7 20 17 00 8142.90000 5.37400000 212.45000 38.01000 18.46100 53.53000
21 7 20 17 01 8142.90000 5.37400000 212.40000 38.01000 18.46100 53.53000
21 7 20 17 01 8142.90000 5.37400000 212.36000 38.01000 18.46100 53.53000
21 7 20 17 02 8144.70000 5.37400000 212.57000 38.01000 18.46100 53.53000
21 7 20 17 02 8144.70000 5.37400000 212.57000 38.01000 18.46100 53.53000
21 7 20 17 03 8144.70000 5.37400000 212.56000 38.01000 18.46100 53.53000
21 7 20 17 03 8144.70000 5.37400000 212.56000 38.00000 18.46100 53.53000
21 7 20 17 04 8144.60000 5.37400000 212.55000 38.00000 18.58700 53.53000
21 7 20 17 04 8144.70000 5.37400000 212.56000 38.00000 18.58700 53.53000
21 7 20 17 04 8141.80000 5.37400000 212.58000 38.00000 18.58700 53.53000
21 7 20 17 05 8142.30000 5.37400000 212.55000 38.00000 18.60900 53.53000
21 7 20 17 05 8143.40000 5.37400000 212.55000 38.00000 18.60900 53.53000
21 7 20 17 06 8143.50000 5.37400000 212.55000 37.98000 18.60900 53.53000
21 7 20 17 06 8142.10000 5.37400000 212.55000 37.98000 18.60900 53.53000
21 7 20 17 07 8143.60000 5.37400000 212.55000 37.98000 18.60900 53.53000
21 7 20 17 07 8142.60000 5.37400000 212.56000 37.98000 18.60000 53.53000
21 7 20 17 08 8141.90000 5.37400000 212.55000 37.95000 18.60000 53.53000
21 7 20 17 08 8141.80000 5.37400000 212.46000 37.95000 18.60000 53.53000
21 7 20 17 08 8141.80000 5.37400000 212.45000 37.95000 18.60000 53.53000
21 7 20 17 09 8141.90000 5.37400000 212.45000 37.93000 18.60000 53.53000
21 7 20 17 09 8141.80000 5.37400000 212.46000 37.93000 18.60000 53.53000
21 7 20 17 10 8142.70000 5.37400000 212.36000 37.93000 18.66000 53.53000
21 7 20 17 10 8143.30000 5.37400000 212.34000 37.93000 18.62100 53.53000
21 7 20 17 11 8142.00000 5.37400000 212.30000 37.93000 18.62100 53.53000
21 7 20 17 11 8142.00000 5.37400000 212.33000 37.93000 18.62100 53.53000
21 7 20 17 12 8142.00000 5.37400000 212.22000 37.93000 18.62100 53.53000
21 7 20 17 12 8141.90000 5.37400000 212.22000 37.93000 18.64300 53.53000
21 7 20 17 13 8140.50000 5.37400000 212.19000 37.93000 18.64300 53.53000
