M=[
 6 8 21 13 09 34697.10000 44.19100000 2359.07000 123.47000 22.54800 104.15900
 6 8 21 13 09 34714.30000 44.33000000 2358.82000 123.59000 22.54800 104.15900
 6 8 21 13 10 34704.80000 44.33000000 2359.82000 123.59000 22.54800 104.15900
 6 8 21 13 10 34714.20000 44.33000000 2359.98000 123.59000 22.54800 104.15900
 6 8 21 13 11 34729.10000 44.33000000 2361.25000 123.60000 22.54800 104.15900
 6 8 21 13 11 34732.40000 44.33000000 2360.64000 123.60000 22.54800 104.15900
 6 8 21 13 12 34746.40000 44.33000000 2360.65000 123.60000 22.54800 104.15900
 6 8 21 13 12 34735.50000 44.38500000 2360.30000 123.69000 22.54800 104.15900
 6 8 21 13 13 34714.30000 44.38500000 2358.14000 123.69000 22.54800 104.15900
 6 8 21 13 13 34706.10000 44.38500000 2357.63000 123.69000 22.54800 104.15900
 6 8 21 13 13 34714.30000 44.38500000 2357.33000 123.67000 22.54800 104.12100
 6 8 21 13 14 34702.50000 44.38600000 2357.88000 123.64000 22.54800 104.11300
 6 8 21 13 14 34716.90000 44.38500000 2358.17000 123.64000 22.54800 104.11300
 6 8 21 13 15 34737.10000 44.38500000 2359.81000 123.64000 22.54800 104.11300
 6 8 21 13 15 34746.60000 44.38500000 2359.33000 123.71000 22.54800 104.11300
 6 8 21 13 16 34744.10000 44.38500000 2359.15000 123.71000 22.54800 104.11300
 6 8 21 13 16 34743.70000 44.38500000 2358.06000 123.71000 22.54800 104.11300
 6 8 21 13 16 34718.90000 44.38500000 2358.01000 123.71000 22.54800 104.11300
 6 8 21 13 17 34730.00000 44.38500000 2358.41000 123.71000 22.54800 104.11300
 6 8 21 13 17 34727.10000 44.38500000 2358.01000 123.71000 22.54800 104.11300
 6 8 21 13 18 34727.80000 44.21600000 2357.38000 123.54000 22.54800 103.46700
 6 8 21 13 18 34718.30000 44.21600000 2357.66000 123.52000 22.54800 103.46700
 6 8 21 13 19 34726.90000 44.22300000 2358.34000 123.52000 22.54800 103.45500
 6 8 21 13 19 34750.00000 44.22300000 2359.69000 123.52000 22.54800 103.52100
 6 8 21 13 19 34750.00000 44.25000000 2359.81000 123.52000 22.54800 103.55500
 6 8 21 13 20 34757.00000 44.25000000 2363.61000 123.52000 22.54800 103.55500
 6 8 21 13 20 34757.00000 44.25000000 2363.06000 123.52000 22.54800 103.55500
 6 8 21 13 21 34757.00000 44.25000000 2364.01000 123.52000 22.54800 103.55500
 6 8 21 13 21 34740.10000 44.25000000 2360.64000 123.52000 22.54800 103.55500
 6 8 21 13 22 34740.20000 44.25000000 2360.77000 123.52000 22.54800 103.55500
 6 8 21 13 22 34757.00000 44.25000000 2361.00000 123.53000 22.54800 103.55500
 6 8 21 13 22 34759.90000 44.25000000 2361.55000 123.53000 22.54800 103.55500
 6 8 21 13 23 34769.90000 44.25000000 2361.55000 123.54000 22.54800 103.55500
 6 8 21 13 23 34770.00000 44.25000000 2361.55000 123.54000 22.54800 103.55500
 6 8 21 13 24 34790.60000 44.25000000 2363.14000 123.54000 22.54800 103.55500
 6 8 21 13 24 34782.60000 44.25000000 2363.21000 123.54000 22.54800 103.55500
 6 8 21 13 25 34760.00000 44.25000000 2361.55000 123.43000 22.54800 103.55500
 6 8 21 13 25 34759.90000 44.25000000 2359.28000 123.43000 22.54800 103.55500
 6 8 21 13 25 34754.20000 44.25000000 2359.36000 123.43000 22.54800 103.55500
 6 8 21 13 26 34726.00000 44.25000000 2360.11000 123.43000 22.54800 103.74000
 6 8 21 13 26 34750.20000 44.25000000 2359.94000 123.43000 22.54800 103.74000
 6 8 21 13 27 34773.30000 44.25000000 2359.99000 123.43000 22.54800 103.74000
 6 8 21 13 27 34782.00000 44.25000000 2360.99000 123.54000 22.54800 103.74000
 6 8 21 13 28 34790.50000 44.27500000 2362.09000 123.54000 22.54800 103.74000
 6 8 21 13 28 34796.00000 44.27500000 2362.98000 123.54000 22.54800 103.74000
 6 8 21 13 28 34783.30000 44.27500000 2360.00000 123.54000 22.54800 103.83400
 6 8 21 13 29 34796.00000 44.27500000 2360.23000 123.60000 22.54800 103.83400
 6 8 21 13 29 34796.00000 44.27500000 2360.14000 123.63000 22.54800 103.83400
 6 8 21 13 30 34798.70000 44.27500000 2361.66000 123.63000 22.54800 103.84000
 6 8 21 13 30 34798.60000 44.27500000 2362.05000 123.65000 22.54800 103.84000
 6 8 21 13 31 34798.60000 44.27500000 2362.09000 123.71000 22.54800 103.84000
 6 8 21 13 31 34798.60000 44.27500000 2360.19000 123.71000 22.54800 103.84000
 6 8 21 13 32 34780.10000 44.27500000 2360.19000 123.64000 22.54800 103.84000
 6 8 21 13 32 34738.80000 44.27500000 2359.11000 123.59000 22.54800 103.84000
 6 8 21 13 32 34744.00000 44.27500000 2357.85000 123.59000 22.54800 103.84000
 6 8 21 13 33 34740.10000 44.27500000 2356.39000 123.59000 22.54800 103.84000
 6 8 21 13 33 34714.10000 44.27500000 2355.42000 123.59000 22.54800 103.84000
 6 8 21 13 34 34709.20000 44.27500000 2355.87000 123.59000 22.54800 103.74500
 6 8 21 13 34 34749.00000 44.27500000 2356.93000 123.59000 22.54800 103.74500
 6 8 21 13 35 34736.40000 44.27500000 2358.69000 123.59000 22.54800 103.74500
 6 8 21 13 35 34736.20000 44.27500000 2358.10000 123.59000 22.54800 103.74500
 6 8 21 13 35 34723.50000 44.27500000 2358.70000 123.69000 22.54800 103.74500
 6 8 21 13 36 34717.90000 44.27500000 2358.53000 123.69000 22.54800 103.74500
 6 8 21 13 36 34709.40000 44.27500000 2358.14000 123.62000 22.54800 103.74500
 6 8 21 13 37 34699.80000 44.27500000 2357.22000 123.62000 22.54800 103.74500
 6 8 21 13 37 34714.00000 44.27500000 2357.22000 123.62000 22.54800 103.74500
 6 8 21 13 38 34711.00000 44.27500000 2357.22000 123.62000 22.54800 103.74500
 6 8 21 13 38 34725.30000 44.27500000 2357.70000 123.62000 22.54800 103.74500
 6 8 21 13 38 34729.80000 44.27500000 2358.70000 123.62000 22.54800 103.74500
 6 8 21 13 39 34733.70000 44.27500000 2358.70000 123.62000 22.54800 103.74500
 6 8 21 13 39 34731.70000 44.27500000 2358.70000 123.62000 22.54800 103.74500
 6 8 21 13 40 34736.70000 44.27500000 2359.99000 123.66000 22.54800 103.74500
 6 8 21 13 40 34726.90000 44.27500000 2359.23000 123.64000 22.54800 103.74500
 6 8 21 13 41 34729.50000 44.27500000 2359.59000 123.64000 22.54800 103.74500
 6 8 21 13 41 34743.90000 44.27500000 2359.69000 123.64000 22.54800 103.74500
 6 8 21 13 41 34743.90000 44.27500000 2359.99000 123.64000 22.54800 103.74500
 6 8 21 13 42 34705.90000 44.27500000 2359.10000 123.64000 22.54800 103.74500
 6 8 21 13 42 34704.20000 44.27500000 2359.10000 123.64000 22.54800 103.74500
 6 8 21 13 43 34701.90000 44.27500000 2357.56000 123.62000 22.54800 103.74500
 6 8 21 13 43 34711.30000 44.27500000 2357.88000 123.62000 22.54800 103.74500
 6 8 21 13 44 34717.20000 44.27500000 2358.70000 123.62000 22.54800 103.74500
 6 8 21 13 44 34713.10000 44.27500000 2357.98000 123.62000 22.54800 103.74500
 6 8 21 13 44 34722.00000 44.27500000 2360.24000 123.70000 22.54800 103.74500
 6 8 21 13 45 34719.90000 44.27500000 2360.23000 123.68000 22.54800 103.74500
 6 8 21 13 45 34719.90000 44.27500000 2360.31000 123.70000 22.54800 103.74500
 6 8 21 13 46 34719.80000 44.27500000 2359.78000 123.78000 22.54800 103.74500
 6 8 21 13 46 34706.30000 44.27500000 2358.78000 123.78000 22.54800 103.74500
 6 8 21 13 47 34708.70000 44.23300000 2358.26000 123.58000 22.54800 103.74500
 6 8 21 13 47 34693.20000 44.23300000 2358.36000 123.58000 22.54800 103.74500
 6 8 21 13 48 34666.00000 44.23300000 2357.99000 123.58000 22.54800 103.74500
 6 8 21 13 48 34679.80000 44.23200000 2357.31000 123.60000 22.54800 103.74500
 6 8 21 13 48 34679.90000 44.23200000 2357.54000 123.64000 22.54800 103.74500
 6 8 21 13 49 34701.00000 44.23200000 2357.40000 123.66000 22.54800 103.74500
 6 8 21 13 49 34698.20000 44.23200000 2358.05000 123.66000 22.54800 103.74500
 6 8 21 13 50 34682.20000 44.23200000 2356.99000 123.66000 22.54800 103.74500
 6 8 21 13 50 34658.70000 44.23200000 2356.20000 123.66000 22.54800 103.74500
 6 8 21 13 51 34666.20000 44.23200000 2356.22000 123.66000 22.54800 103.74500
 6 8 21 13 51 34664.20000 44.23200000 2356.20000 123.66000 22.54800 103.74500
 6 8 21 13 51 34647.00000 44.23200000 2356.20000 123.66000 22.54800 103.74500
 6 8 21 13 52 34632.80000 44.23200000 2352.84000 123.66000 22.54800 103.74500
 6 8 21 13 52 34647.30000 44.23200000 2352.84000 123.66000 22.54800 103.74500
 6 8 21 13 53 34650.00000 44.23200000 2352.75000 123.66000 22.54800 103.74500
