M=[
 5 7 21 02 47 29105.80000 47.22100000 1907.48000 119.61000 18.84400 98.38000
 5 7 21 02 47 29102.70000 47.22100000 1907.48000 119.61000 18.84400 98.38000
 5 7 21 02 48 29088.20000 47.22100000 1907.48000 119.61000 18.84400 98.08900
 5 7 21 02 48 29037.90000 47.22100000 1903.06000 119.61000 18.84400 98.08900
 5 7 21 02 48 29048.20000 47.22100000 1905.02000 119.61000 18.84400 98.08900
 5 7 21 02 49 29042.80000 47.22100000 1903.88000 119.61000 18.84400 98.08900
 5 7 21 02 49 29069.00000 47.22100000 1904.99000 119.61000 18.84400 98.08900
 5 7 21 02 50 29086.90000 47.22100000 1904.99000 119.61000 18.84400 98.08900
 5 7 21 02 50 29121.90000 47.22100000 1907.01000 119.61000 18.84400 98.08900
 5 7 21 02 51 29087.00000 47.22100000 1907.01000 119.61000 18.84400 98.08900
 5 7 21 02 51 29066.60000 47.22100000 1907.01000 119.61000 18.84400 98.08900
 5 7 21 02 52 29067.20000 47.22100000 1906.04000 119.61000 18.84400 98.08900
 5 7 21 02 52 29025.90000 47.22100000 1906.04000 119.61000 18.84400 98.08900
 5 7 21 02 52 29034.70000 47.22100000 1903.00000 119.61000 18.84400 98.08900
 5 7 21 02 53 29032.10000 47.22100000 1904.92000 119.61000 18.84400 98.08900
 5 7 21 02 53 29029.20000 47.22100000 1903.81000 119.61000 18.84400 98.08900
 5 7 21 02 54 29014.30000 47.22100000 1902.00000 119.11000 18.84400 98.08900
 5 7 21 02 54 29014.30000 47.22100000 1899.38000 119.11000 18.69100 97.85000
 5 7 21 02 55 29022.30000 47.22100000 1900.01000 119.11000 18.69100 97.85000
 5 7 21 02 55 29014.40000 47.22100000 1900.00000 119.11000 18.69100 97.85000
 5 7 21 02 55 29014.30000 47.22100000 1900.00000 119.11000 18.69100 97.85000
 5 7 21 02 56 29022.20000 47.22100000 1902.22000 119.11000 18.69100 97.85000
 5 7 21 02 56 29032.10000 47.22100000 1904.39000 119.11000 18.69100 97.85000
 5 7 21 02 57 29066.10000 47.22100000 1904.39000 119.11000 18.69100 97.85000
 5 7 21 02 57 29059.30000 47.22100000 1903.99000 119.11000 18.69100 98.13300
 5 7 21 02 58 29063.40000 47.22100000 1903.99000 119.11000 18.69100 98.13300
 5 7 21 02 58 29064.60000 47.22100000 1903.99000 119.11000 18.69100 98.13300
 5 7 21 02 58 29066.00000 47.22100000 1903.97000 119.11000 18.69100 98.13300
 5 7 21 02 59 29067.40000 47.22100000 1904.92000 119.11000 18.69100 98.13300
 5 7 21 02 59 29067.40000 47.22100000 1904.51000 119.11000 18.69100 98.13300
 5 7 21 03 00 29061.00000 47.22100000 1904.51000 119.11000 18.69100 98.13300
 5 7 21 03 00 29048.30000 47.22100000 1901.99000 119.11000 18.69100 98.13300
 5 7 21 03 01 29004.70000 47.22100000 1901.94000 119.11000 18.69100 98.13300
 5 7 21 03 01 29012.10000 47.22100000 1900.93000 119.11000 18.69100 98.13300
 5 7 21 03 01 29039.70000 47.22100000 1900.93000 119.11000 18.69100 98.13300
 5 7 21 03 02 29017.60000 47.22100000 1901.51000 119.11000 18.69100 98.13300
 5 7 21 03 02 29013.30000 47.22100000 1901.51000 119.11000 18.69100 98.13300
 5 7 21 03 03 29000.10000 47.22100000 1898.62000 119.08000 18.69100 98.13300
 5 7 21 03 03 28969.30000 47.22100000 1895.77000 118.90000 18.67300 98.13300
 5 7 21 03 04 28969.30000 47.22100000 1899.27000 118.99000 18.67300 98.13300
 5 7 21 03 04 29006.70000 47.22100000 1899.27000 119.08000 18.67300 98.13300
 5 7 21 03 04 29021.80000 47.22100000 1904.98000 119.08000 18.67300 98.13300
 5 7 21 03 05 29059.70000 47.22100000 1904.98000 119.32000 18.67300 98.13300
 5 7 21 03 05 29067.50000 47.22100000 1904.98000 119.32000 18.67300 98.13300
 5 7 21 03 06 29067.50000 47.22100000 1906.47000 119.32000 18.67300 98.13300
 5 7 21 03 06 29067.50000 47.22100000 1907.36000 119.32000 18.67300 98.13300
 5 7 21 03 07 29106.50000 47.22100000 1908.67000 119.64000 18.67300 98.43600
 5 7 21 03 07 29094.70000 47.22100000 1908.27000 119.64000 18.67300 98.43600
 5 7 21 03 07 29112.60000 47.22100000 1910.59000 119.64000 18.67300 98.43600
 5 7 21 03 08 29112.60000 47.22100000 1910.02000 119.83000 18.67300 98.43600
 5 7 21 03 08 29111.10000 47.22100000 1910.05000 119.83000 18.67300 98.43600
 5 7 21 03 09 29111.10000 47.22100000 1909.49000 119.83000 18.67300 98.43600
 5 7 21 03 09 29088.20000 47.22100000 1908.30000 119.83000 18.67300 98.43600
 5 7 21 03 10 29101.10000 47.22100000 1909.24000 119.83000 18.67300 98.43600
 5 7 21 03 10 29101.10000 47.22100000 1908.46000 119.83000 18.67300 98.43600
 5 7 21 03 10 29101.10000 47.22100000 1908.46000 119.83000 18.67300 98.43600
 5 7 21 03 11 29100.70000 47.22100000 1909.52000 119.63000 18.67300 98.43600
 5 7 21 03 11 29094.70000 47.22100000 1909.52000 119.63000 18.67300 98.43600
 5 7 21 03 12 29094.70000 47.22100000 1907.91000 119.63000 18.67300 98.43600
 5 7 21 03 12 29094.70000 47.22100000 1907.91000 119.63000 18.67300 98.43600
 5 7 21 03 13 29094.70000 47.22100000 1907.91000 119.63000 18.67300 98.43600
 5 7 21 03 13 29094.60000 47.22100000 1907.91000 119.63000 18.67300 98.43600
 5 7 21 03 13 29094.60000 47.22100000 1907.91000 119.63000 18.67300 98.43600
 5 7 21 03 14 29077.60000 47.22100000 1907.91000 119.63000 18.67300 98.43600
 5 7 21 03 14 29077.60000 47.22100000 1907.91000 119.63000 18.67300 98.43600
 5 7 21 03 15 29095.60000 47.22100000 1907.91000 119.63000 18.67300 98.43600
 5 7 21 03 15 29095.60000 47.22100000 1907.91000 119.63000 18.67300 98.43600
 5 7 21 03 16 29105.70000 47.22100000 1911.04000 119.63000 18.67300 98.43600
 5 7 21 03 16 29107.50000 47.22100000 1911.04000 119.63000 18.67300 98.43600
 5 7 21 03 16 29104.00000 47.22100000 1910.41000 119.63000 18.67300 98.43600
 5 7 21 03 17 29112.50000 47.22100000 1910.41000 119.63000 18.67300 98.43600
 5 7 21 03 17 29112.50000 47.22100000 1910.41000 119.72000 18.67300 98.43600
 5 7 21 03 18 29133.60000 47.22100000 1910.79000 119.75000 18.67300 98.43600
 5 7 21 03 18 29139.50000 47.22100000 1912.58000 119.94000 18.67300 98.43600
 5 7 21 03 19 29139.50000 47.22100000 1912.59000 119.91000 18.67300 98.43600
 5 7 21 03 19 29128.60000 47.22100000 1911.78000 119.86000 18.67300 98.43600
 5 7 21 03 19 29135.40000 47.22100000 1911.78000 119.96000 18.67300 98.30000
 5 7 21 03 20 29138.10000 47.22100000 1912.97000 119.91000 18.67300 98.30000
 5 7 21 03 20 29138.40000 47.26200000 1912.97000 119.94000 18.67300 98.30000
 5 7 21 03 21 29131.00000 47.26200000 1913.79000 119.94000 18.67300 98.30000
 5 7 21 03 21 29129.60000 47.26200000 1913.79000 119.92000 18.67300 98.30000
 5 7 21 03 22 29117.90000 47.26200000 1911.84000 119.92000 18.67300 98.38800
 5 7 21 03 22 29104.10000 47.26200000 1911.84000 119.76000 18.67300 98.38800
 5 7 21 03 23 29109.60000 47.26200000 1911.39000 119.76000 18.67300 98.38800
 5 7 21 03 23 29111.40000 47.26200000 1911.39000 119.76000 18.67300 98.38800
 5 7 21 03 23 29118.80000 47.26200000 1911.39000 119.76000 18.67300 98.38800
 5 7 21 03 24 29118.80000 47.26200000 1912.61000 119.76000 18.67300 98.38800
 5 7 21 03 24 29110.10000 47.26200000 1912.60000 119.76000 18.67300 98.21500
 5 7 21 03 25 29091.10000 47.26200000 1912.60000 119.76000 18.67300 98.21500
 5 7 21 03 25 29073.40000 47.26200000 1912.60000 119.76000 18.67300 98.21500
 5 7 21 03 26 29076.20000 47.26200000 1912.60000 119.55000 18.67300 98.21500
 5 7 21 03 26 29059.50000 47.26200000 1910.39000 119.43000 18.67300 98.21500
 5 7 21 03 26 29062.60000 47.26200000 1908.15000 119.40000 18.67300 98.21500
 5 7 21 03 27 29045.90000 47.26200000 1908.15000 119.40000 18.67300 98.18900
 5 7 21 03 27 29047.80000 47.26200000 1908.15000 119.30000 18.67300 98.18900
 5 7 21 03 28 29036.10000 47.26200000 1907.51000 119.27000 18.67300 98.18900
 5 7 21 03 28 29036.10000 47.26200000 1907.50000 119.25000 18.65400 98.18900
 5 7 21 03 29 29036.80000 47.26200000 1907.50000 119.23000 18.65400 97.96100
 5 7 21 03 29 29041.80000 47.26200000 1906.33000 119.23000 18.65400 97.96100
 5 7 21 03 29 29041.80000 47.26200000 1906.33000 119.23000 18.65400 97.96100
 5 7 21 03 30 29049.40000 47.26200000 1905.80000 119.23000 18.65400 97.96100
 5 7 21 03 30 29012.30000 47.26200000 1905.80000 119.23000 18.65400 97.96100
 5 7 21 03 31 29012.30000 47.26200000 1905.80000 119.23000 18.65400 97.96100
