M=[
26 6 20 10 01 8219.70000 5.42900000 206.53000 37.46000 14.16200 49.84900
26 6 20 10 02 8220.30000 5.42900000 206.47000 37.46000 14.16200 49.84900
26 6 20 10 02 8224.70000 5.42900000 206.47000 37.46000 14.16200 49.84900
26 6 20 10 03 8232.00000 5.42900000 206.80000 37.46000 14.16200 49.84900
26 6 20 10 03 8230.70000 5.42900000 206.80000 37.50000 14.31700 49.97900
26 6 20 10 04 8230.70000 5.42900000 206.98000 37.50000 14.31700 49.97900
26 6 20 10 04 8230.70000 5.42900000 206.98000 37.50000 14.31700 49.97900
26 6 20 10 05 8230.70000 5.42900000 206.89000 37.50000 14.31700 50.08500
26 6 20 10 06 8239.90000 5.42000000 206.73000 37.53000 14.31700 50.08500
26 6 20 10 06 8244.40000 5.42000000 207.00000 37.53000 14.31700 50.19000
26 6 20 10 07 8246.40000 5.42000000 207.02000 37.53000 14.31700 50.19000
26 6 20 10 08 8246.40000 5.42000000 207.07000 37.53000 14.31700 50.16400
26 6 20 10 08 8246.40000 5.42000000 207.07000 37.53000 14.31700 50.16400
26 6 20 10 09 8246.40000 5.42000000 207.07000 37.50000 14.31700 50.16400
26 6 20 10 09 8246.30000 5.42000000 206.82000 37.53000 14.31700 50.16400
26 6 20 10 10 8238.40000 5.42000000 206.82000 37.53000 14.16200 50.09800
26 6 20 10 10 8237.10000 5.42000000 206.71000 37.53000 14.31700 50.09800
26 6 20 10 11 8235.30000 5.42000000 206.71000 37.53000 14.31700 50.09800
26 6 20 10 11 8230.70000 5.42000000 206.15000 37.53000 14.31700 50.09800
26 6 20 10 12 8230.10000 5.42000000 206.41000 37.49000 14.31700 50.09800
26 6 20 10 12 8230.00000 5.42000000 206.41000 37.49000 14.31700 50.09800
26 6 20 10 13 8230.10000 5.42900000 206.52000 37.49000 14.31700 50.09800
26 6 20 10 13 8231.00000 5.42000000 206.56000 37.49000 14.31700 50.09800
26 6 20 10 14 8226.90000 5.42000000 206.56000 37.49000 14.31700 50.09800
26 6 20 10 14 8225.40000 5.42000000 206.56000 37.49000 14.31700 50.09800
26 6 20 10 15 8224.80000 5.42000000 206.40000 37.49000 14.31700 50.09800
26 6 20 10 15 8227.40000 5.42000000 206.47000 37.49000 14.31700 50.16400
26 6 20 10 16 8230.00000 5.42000000 206.44000 37.48000 14.31700 50.09800
26 6 20 10 16 8229.90000 5.42000000 206.44000 37.48000 14.31700 50.09800
26 6 20 10 17 8230.00000 5.42000000 206.53000 37.48000 14.31700 50.09800
26 6 20 10 17 8230.50000 5.42000000 206.53000 37.48000 14.31700 50.09800
26 6 20 10 18 8230.50000 5.42000000 206.53000 37.48000 14.31700 50.13100
26 6 20 10 18 8230.60000 5.42000000 206.54000 37.48000 14.31700 50.13100
26 6 20 10 19 8230.60000 5.42900000 206.54000 37.48000 14.31700 50.13100
26 6 20 10 19 8231.50000 5.42000000 206.54000 37.48000 14.31700 50.13100
26 6 20 10 20 8230.50000 5.42900000 206.54000 37.48000 14.31700 50.13100
26 6 20 10 20 8230.60000 5.42000000 206.54000 37.48000 14.31700 50.13100
26 6 20 10 21 8230.10000 5.42000000 206.36000 37.48000 14.31700 50.13100
26 6 20 10 21 8230.10000 5.42000000 206.35000 37.48000 14.31700 50.13100
26 6 20 10 22 8224.90000 5.42000000 206.34000 37.48000 14.31700 50.13100
26 6 20 10 22 8224.80000 5.42000000 206.35000 37.48000 14.31700 50.13100
26 6 20 10 23 8224.90000 5.42000000 206.36000 37.48000 14.31700 50.13100
26 6 20 10 23 8224.90000 5.42000000 206.33000 37.48000 14.31700 50.13100
26 6 20 10 24 8224.80000 5.42900000 206.31000 37.48000 14.31700 50.13100
26 6 20 10 24 8224.80000 5.42000000 206.31000 37.48000 14.31700 50.13100
26 6 20 10 25 8224.90000 5.42000000 206.35000 37.48000 14.31700 50.07900
26 6 20 10 25 8224.90000 5.42000000 206.35000 37.48000 14.31700 50.07900
26 6 20 10 26 8224.70000 5.42900000 206.33000 37.48000 14.31700 50.07900
26 6 20 10 26 8226.40000 5.41300000 206.34000 37.48000 14.31700 50.07900
26 6 20 10 27 8226.50000 5.41300000 206.35000 37.48000 14.31700 50.07900
26 6 20 10 27 8226.50000 5.41300000 206.35000 37.48000 14.32300 50.07900
26 6 20 10 27 8226.50000 5.41300000 206.44000 37.48000 14.32300 50.07900
26 6 20 10 28 8226.50000 5.41300000 206.51000 37.48000 14.32300 50.07900
26 6 20 10 28 8226.50000 5.41300000 206.61000 37.48000 14.32300 50.13100
26 6 20 10 29 8226.40000 5.41300000 206.61000 37.48000 14.32300 50.07900
26 6 20 10 29 8226.40000 5.42000000 206.61000 37.48000 14.32300 50.07900
26 6 20 10 30 8226.40000 5.41300000 206.39000 37.49000 14.32300 50.07900
26 6 20 10 30 8226.40000 5.41300000 206.37000 37.49000 14.32300 50.07900
26 6 20 10 31 8226.50000 5.41300000 206.41000 37.49000 14.32300 50.07900
26 6 20 10 31 8225.00000 5.41300000 206.41000 37.47000 14.32300 50.07900
26 6 20 10 32 8222.20000 5.41300000 206.41000 37.47000 14.32300 50.13100
26 6 20 10 32 8220.00000 5.41300000 206.38000 37.47000 14.32300 50.07900
26 6 20 10 33 8220.00000 5.41300000 206.38000 37.47000 14.32300 50.07900
26 6 20 10 33 8220.00000 5.41300000 206.44000 37.47000 14.31700 50.07900
26 6 20 10 34 8221.30000 5.41300000 206.48000 37.47000 14.32300 50.07900
26 6 20 10 34 8221.00000 5.41300000 206.51000 37.47000 14.32300 50.07900
26 6 20 10 35 8217.40000 5.41300000 206.50000 37.47000 14.32300 50.07900
26 6 20 10 35 8217.10000 5.41800000 206.50000 37.47000 14.32300 50.13100
26 6 20 10 36 8217.40000 5.41800000 206.49000 37.47000 14.32300 50.07900
26 6 20 10 36 8217.40000 5.41800000 206.49000 37.47000 14.32300 50.07000
26 6 20 10 37 8217.40000 5.41800000 206.49000 37.47000 14.32300 50.07000
26 6 20 10 37 8218.20000 5.41800000 206.49000 37.47000 14.32300 50.07000
26 6 20 10 38 8219.30000 5.41800000 206.50000 37.47000 14.32300 50.07000
26 6 20 10 38 8218.30000 5.41800000 206.50000 37.47000 14.32300 50.07000
26 6 20 10 39 8218.30000 5.41800000 206.49000 37.47000 14.32300 50.07000
26 6 20 10 39 8216.60000 5.41800000 206.38000 37.47000 14.32300 50.07000
26 6 20 10 40 8214.40000 5.41800000 206.38000 37.47000 14.32300 50.07000
26 6 20 10 40 8214.40000 5.41800000 206.30000 37.47000 14.32300 50.07000
26 6 20 10 41 8214.40000 5.41800000 206.30000 37.47000 14.32300 50.07000
26 6 20 10 41 8214.40000 5.41800000 206.20000 37.47000 14.32300 50.07000
26 6 20 10 42 8213.40000 5.41800000 206.11000 37.47000 14.32300 50.07000
26 6 20 10 42 8209.90000 5.41800000 206.10000 37.49000 14.32300 50.07000
26 6 20 10 43 8206.90000 5.41800000 206.02000 37.49000 14.32300 50.07000
26 6 20 10 43 8206.80000 5.41800000 206.01000 37.49000 14.31700 50.07000
26 6 20 10 44 8204.10000 5.41800000 206.07000 37.49000 14.32300 50.07000
26 6 20 10 44 8203.50000 5.41800000 206.01000 37.49000 14.32300 50.07000
26 6 20 10 45 8202.60000 5.41800000 205.92000 37.49000 14.31700 50.07000
26 6 20 10 45 8201.00000 5.41800000 205.93000 37.49000 14.31700 50.07000
26 6 20 10 46 8202.00000 5.41800000 205.93000 37.49000 14.32300 50.07000
26 6 20 10 46 8203.40000 5.41800000 205.99000 37.49000 14.32300 50.07000
26 6 20 10 47 8203.40000 5.41800000 206.08000 37.49000 14.32300 50.07000
26 6 20 10 47 8205.00000 5.41800000 206.08000 37.49000 14.32300 50.07000
26 6 20 10 47 8205.00000 5.41800000 206.08000 37.49000 14.32300 50.07000
26 6 20 10 48 8205.00000 5.41800000 206.08000 37.49000 14.32300 50.07000
26 6 20 10 48 8204.10000 5.41800000 206.00000 37.49000 14.32300 50.07000
26 6 20 10 49 8204.00000 5.41800000 206.09000 37.49000 14.32300 50.07000
26 6 20 10 49 8204.10000 5.41800000 206.00000 37.49000 14.32300 50.07000
26 6 20 10 50 8204.00000 5.41800000 206.05000 37.49000 14.32300 50.07000
26 6 20 10 50 8204.00000 5.41800000 206.05000 37.49000 14.32300 50.07000
26 6 20 10 51 8204.10000 5.41800000 206.03000 37.49000 14.32300 50.07000
26 6 20 10 51 8204.00000 5.41800000 206.07000 37.49000 14.32300 50.07000
26 6 20 10 52 8204.00000 5.41800000 206.07000 37.47000 14.32300 50.07000
26 6 20 10 52 8204.00000 5.41800000 206.08000 37.47000 14.32300 50.07000
26 6 20 10 53 8205.10000 5.41800000 206.10000 37.47000 14.32300 50.07000
26 6 20 10 53 8209.80000 5.41800000 206.32000 37.49000 14.32300 50.07000
26 6 20 10 54 8209.90000 5.41800000 206.27000 37.49000 14.32300 50.07000
26 6 20 10 54 8209.90000 5.41800000 206.27000 37.49000 14.32300 50.07000
26 6 20 10 55 8209.90000 5.41800000 206.30000 37.49000 14.32300 50.07000
26 6 20 10 55 8210.00000 5.41800000 206.14000 37.49000 14.32300 50.07000
