M=[
14 1 21 07 47 31599.90000 6.28900000 950.22000 123.35000 16.52000 94.30300
14 1 21 07 47 31676.50000 6.28900000 951.87000 123.35000 16.52000 94.30300
14 1 21 07 48 31712.60000 6.28900000 952.00000 123.61000 16.52000 94.30300
14 1 21 07 48 31701.20000 6.26300000 951.65000 123.61000 16.52000 94.30300
14 1 21 07 49 31726.00000 6.26300000 950.82000 123.61000 16.52000 94.30300
14 1 21 07 49 31717.70000 6.26300000 949.46000 123.00000 16.52000 94.30300
14 1 21 07 50 31700.10000 6.26300000 948.89000 122.90000 16.52000 94.18500
14 1 21 07 50 31695.80000 6.25900000 949.59000 122.54000 16.52000 94.18500
14 1 21 07 50 31675.00000 6.21500000 947.78000 122.07000 16.52000 94.18500
14 1 21 07 51 31679.90000 6.21500000 948.38000 122.50000 16.52000 94.18500
14 1 21 07 51 31673.80000 6.21500000 948.01000 122.07000 16.52000 94.18500
14 1 21 07 52 31637.10000 6.21500000 946.81000 122.05000 16.52000 94.18500
14 1 21 07 52 31660.50000 6.21500000 947.29000 121.78000 16.52000 93.79000
14 1 21 07 53 31645.00000 6.21500000 947.59000 121.88000 16.52000 93.79000
14 1 21 07 53 31636.00000 6.27300000 947.68000 121.88000 16.52000 93.79000
14 1 21 07 53 31638.40000 6.27300000 948.49000 122.21000 16.52000 93.79000
14 1 21 07 54 31650.00000 6.27300000 947.80000 122.13000 16.52000 94.01700
14 1 21 07 54 31668.50000 6.27300000 949.19000 122.20000 16.52000 94.01700
14 1 21 07 55 31636.10000 6.27300000 949.19000 121.97000 16.52000 94.01700
14 1 21 07 55 31605.90000 6.25900000 947.75000 121.99000 16.52000 93.87500
14 1 21 07 56 31605.30000 6.25900000 948.96000 122.00000 16.52000 93.87500
14 1 21 07 56 31612.00000 6.25900000 949.32000 122.26000 16.52000 94.14500
14 1 21 07 56 31607.00000 6.26300000 949.32000 122.26000 16.52000 94.14500
14 1 21 07 57 31611.90000 6.26300000 949.78000 122.26000 16.52000 94.14500
14 1 21 07 57 31612.40000 6.27000000 949.70000 122.26000 16.51900 93.87400
14 1 21 07 58 31605.50000 6.27000000 949.43000 122.32000 16.51900 93.90800
14 1 21 07 58 31605.20000 6.27000000 949.41000 122.32000 16.51900 93.90800
14 1 21 07 58 31598.80000 6.27000000 949.41000 122.14000 16.51900 93.90800
14 1 21 07 59 31587.40000 6.27000000 947.94000 122.26000 16.51900 93.90800
14 1 21 07 59 31531.90000 6.28800000 947.35000 122.30000 16.51900 93.90800
14 1 21 08 00 31542.00000 6.28800000 946.60000 122.21000 16.51900 93.90800
14 1 21 08 00 31573.70000 6.25400000 948.25000 122.21000 16.51900 93.70100
14 1 21 08 01 31631.00000 6.25400000 949.93000 122.19000 16.51900 93.70100
14 1 21 08 01 31719.60000 6.25400000 954.22000 122.42000 16.51900 93.70100
14 1 21 08 01 31798.70000 6.25400000 956.48000 122.83000 16.51900 93.70100
14 1 21 08 02 31768.60000 6.25400000 955.13000 122.71000 16.51900 93.94500
14 1 21 08 02 31764.90000 6.25400000 955.48000 122.77000 16.51900 93.94500
14 1 21 08 03 31766.20000 6.25400000 955.13000 122.77000 16.51900 93.94500
14 1 21 08 03 31799.00000 6.25400000 956.00000 122.95000 16.51900 93.94500
14 1 21 08 04 31787.30000 6.25400000 956.50000 123.00000 16.51900 93.84900
14 1 21 08 04 31761.00000 6.25400000 955.71000 123.00000 16.51900 93.84900
14 1 21 08 04 31760.80000 6.26600000 955.00000 123.00000 16.65500 93.85100
14 1 21 08 05 31756.20000 6.26600000 952.77000 122.98000 16.65500 93.85100
14 1 21 08 05 31739.60000 6.26600000 952.98000 123.00000 16.65500 93.85100
14 1 21 08 06 31758.10000 6.26600000 954.68000 122.91000 16.65500 93.85100
14 1 21 08 06 31798.80000 6.26600000 958.00000 123.47000 16.65500 93.85100
14 1 21 08 07 31798.90000 6.30000000 961.99000 123.53000 16.65500 93.94300
14 1 21 08 07 31842.00000 6.30000000 961.91000 123.80000 16.65500 93.94300
14 1 21 08 07 31900.00000 6.30000000 961.93000 123.68000 16.65500 93.94300
14 1 21 08 08 31905.00000 6.30000000 962.00000 123.84000 16.65500 93.94300
14 1 21 08 08 31868.90000 6.30000000 960.34000 123.86000 16.65500 93.94300
14 1 21 08 09 31892.40000 6.30000000 960.00000 123.86000 16.65500 93.94300
14 1 21 08 09 31909.50000 6.30000000 961.17000 123.61000 16.65500 93.94300
14 1 21 08 10 31903.60000 6.30000000 961.45000 123.78000 16.65500 93.76700
14 1 21 08 10 31914.10000 6.30000000 962.13000 123.71000 16.65500 93.96200
14 1 21 08 10 31885.80000 6.30000000 961.76000 123.67000 16.65500 93.96200
14 1 21 08 11 31899.70000 6.30000000 961.11000 123.68000 16.65500 93.79100
14 1 21 08 11 31868.40000 6.27100000 960.24000 123.32000 16.65500 93.79100
14 1 21 08 12 31866.90000 6.27100000 960.63000 123.43000 16.65500 93.67800
14 1 21 08 12 31881.10000 6.27300000 960.43000 123.41000 16.65500 93.67800
14 1 21 08 13 31916.20000 6.28500000 962.23000 123.48000 16.65500 93.83500
14 1 21 08 13 31910.00000 6.28500000 962.15000 123.60000 16.65500 93.83500
14 1 21 08 13 31922.10000 6.28700000 962.03000 123.63000 16.65500 93.83500
14 1 21 08 14 31919.90000 6.28500000 962.48000 123.74000 16.65500 93.88200
14 1 21 08 14 31900.00000 6.28500000 962.01000 123.63000 16.65500 93.88200
14 1 21 08 15 31900.00000 6.28200000 963.00000 123.66000 16.65500 93.84800
14 1 21 08 15 31901.70000 6.28200000 964.31000 123.60000 16.27800 93.84800
14 1 21 08 16 31902.90000 6.28600000 964.63000 123.55000 16.27800 93.84800
14 1 21 08 16 31904.40000 6.28200000 964.16000 123.55000 16.27000 93.84800
14 1 21 08 16 31866.40000 6.28200000 960.85000 123.32000 16.27000 93.84800
14 1 21 08 17 31816.10000 6.27000000 958.85000 123.15000 16.27000 93.84800
14 1 21 08 17 31819.70000 6.29000000 958.85000 123.15000 16.27000 93.84800
14 1 21 08 18 31784.10000 6.26900000 958.42000 123.11000 16.27000 93.84800
14 1 21 08 18 31777.10000 6.26900000 957.01000 122.86000 16.27000 93.84800
14 1 21 08 19 31778.40000 6.25900000 957.48000 122.87000 16.27000 93.84800
14 1 21 08 19 31827.00000 6.26100000 959.24000 122.88000 16.27000 93.69400
14 1 21 08 19 31803.10000 6.26100000 958.94000 122.97000 16.27000 93.71600
14 1 21 08 20 31800.00000 6.28600000 958.01000 122.87000 16.27000 93.70000
14 1 21 08 20 31800.10000 6.28600000 958.02000 122.87000 16.43200 93.70000
14 1 21 08 21 31800.10000 6.28600000 958.06000 122.88000 16.43200 93.70000
14 1 21 08 21 31800.10000 6.28600000 957.06000 122.63000 16.43200 93.70000
14 1 21 08 22 31790.70000 6.28600000 956.88000 122.23000 16.43200 93.70000
14 1 21 08 22 31767.40000 6.23500000 955.79000 122.23000 16.43200 93.70000
14 1 21 08 22 31775.50000 6.23500000 956.96000 122.36000 16.43200 93.70000
14 1 21 08 23 31775.50000 6.23500000 956.31000 122.62000 16.43200 93.70000
14 1 21 08 23 31750.10000 6.23500000 955.77000 122.48000 16.43200 93.51800
14 1 21 08 24 31726.10000 6.23500000 956.11000 122.44000 16.43200 93.51800
14 1 21 08 24 31759.00000 6.23400000 956.33000 122.44000 16.43200 93.16100
14 1 21 08 25 31740.00000 6.23400000 955.61000 122.47000 16.43200 93.16100
14 1 21 08 25 31730.40000 6.23400000 955.40000 122.59000 16.43200 93.16100
14 1 21 08 25 31730.00000 6.23400000 954.57000 122.59000 16.43200 93.28000
14 1 21 08 26 31730.20000 6.23400000 955.24000 122.36000 16.43200 93.38000
14 1 21 08 26 31730.20000 6.23400000 954.85000 122.29000 16.43200 93.38000
14 1 21 08 27 31711.30000 6.23400000 954.72000 122.26000 16.43200 93.38000
14 1 21 08 27 31711.40000 6.25400000 954.56000 122.16000 16.43200 93.38000
14 1 21 08 28 31700.10000 6.25400000 954.01000 122.06000 16.43200 93.38000
14 1 21 08 28 31669.60000 6.25400000 953.57000 122.16000 16.43200 93.38000
14 1 21 08 28 31730.90000 6.25400000 956.34000 122.26000 16.43200 93.38000
14 1 21 08 29 31712.90000 6.26100000 955.85000 122.38000 16.43200 93.38000
14 1 21 08 29 31700.00000 6.26100000 954.53000 122.14000 16.43200 93.38000
14 1 21 08 30 31713.30000 6.26100000 956.00000 122.13000 16.43200 93.28500
14 1 21 08 30 31776.60000 6.26100000 958.70000 122.35000 16.43200 93.28500
14 1 21 08 31 31732.50000 6.26100000 956.93000 122.35000 16.43200 93.28500
14 1 21 08 31 31771.40000 6.26100000 956.49000 122.35000 16.43200 93.28500
14 1 21 08 31 31759.30000 6.26100000 957.29000 122.42000 16.43200 93.31100
14 1 21 08 32 31755.10000 6.24000000 957.06000 122.37000 16.43200 93.31100
