M=[
12 9 20 05 13 8769.90000 4.39100000 315.14000 41.51000 16.59500 53.71900
12 9 20 05 14 8769.90000 4.39100000 315.14000 41.51000 16.59500 53.71900
12 9 20 05 14 8769.80000 4.39100000 315.14000 41.51000 16.59500 53.71900
12 9 20 05 15 8769.80000 4.39100000 315.14000 41.51000 16.59500 53.71900
12 9 20 05 15 8769.90000 4.39100000 314.60000 41.51000 16.59500 53.71900
12 9 20 05 16 8769.80000 4.39100000 314.66000 41.47000 16.59500 53.74800
12 9 20 05 16 8769.90000 4.39100000 314.66000 41.47000 16.59500 53.74800
12 9 20 05 16 8768.40000 4.39100000 314.31000 41.47000 16.59500 53.74800
12 9 20 05 17 8769.80000 4.39100000 314.69000 41.47000 16.59500 53.74800
12 9 20 05 17 8769.80000 4.39100000 314.69000 41.47000 16.59500 53.74800
12 9 20 05 18 8769.80000 4.39100000 314.69000 41.47000 16.59500 53.69400
12 9 20 05 18 8769.90000 4.39100000 314.20000 41.47000 16.59500 53.69400
12 9 20 05 19 8769.90000 4.39100000 314.20000 41.47000 16.59500 53.76500
12 9 20 05 19 8769.80000 4.39100000 314.20000 41.47000 16.57500 53.76500
12 9 20 05 19 8769.80000 4.39100000 314.20000 41.47000 16.57500 53.73900
12 9 20 05 20 8769.90000 4.39100000 314.40000 41.47000 16.57500 53.73900
12 9 20 05 20 8769.90000 4.39100000 314.27000 41.47000 16.57500 53.73900
12 9 20 05 21 8769.80000 4.39100000 314.24000 41.47000 16.57500 53.73900
12 9 20 05 21 8769.80000 4.39100000 314.24000 41.47000 16.57500 53.73900
12 9 20 05 22 8769.90000 4.39100000 314.38000 41.47000 16.57500 53.77800
12 9 20 05 22 8769.80000 4.39100000 314.38000 41.47000 16.57500 53.77800
12 9 20 05 22 8769.80000 4.39100000 314.38000 41.47000 16.57500 53.77800
12 9 20 05 23 8769.80000 4.39100000 314.51000 41.47000 16.57500 53.77800
12 9 20 05 23 8769.90000 4.39100000 314.51000 41.47000 16.57500 53.77800
12 9 20 05 24 8769.90000 4.39100000 314.51000 41.47000 16.57500 53.88500
12 9 20 05 24 8769.80000 4.39100000 314.50000 41.47000 16.57500 53.88500
12 9 20 05 25 8769.80000 4.39100000 314.74000 41.47000 16.57500 53.88500
12 9 20 05 25 8769.80000 4.39100000 314.74000 41.47000 16.57500 53.88500
12 9 20 05 25 8769.90000 4.39100000 314.74000 41.47000 16.57500 53.88500
12 9 20 05 26 8769.80000 4.39100000 314.74000 41.47000 16.57500 53.88500
12 9 20 05 26 8769.80000 4.39100000 314.21000 41.47000 16.57500 53.88500
12 9 20 05 27 8769.80000 4.39100000 314.21000 41.47000 16.57500 53.88500
12 9 20 05 27 8769.90000 4.39100000 314.21000 41.47000 16.57500 53.88500
12 9 20 05 28 8769.90000 4.39100000 314.26000 41.47000 16.57500 53.88500
12 9 20 05 28 8769.90000 4.39100000 314.45000 41.47000 16.57500 53.92000
12 9 20 05 29 8769.90000 4.39100000 314.45000 41.47000 16.57500 53.92000
12 9 20 05 29 8769.80000 4.39100000 314.53000 41.47000 16.57500 53.92000
12 9 20 05 29 8769.90000 4.39100000 314.35000 41.47000 16.47800 53.92000
12 9 20 05 30 8769.80000 4.39100000 314.35000 41.47000 16.47800 53.92200
12 9 20 05 30 8769.90000 4.39100000 314.41000 41.47000 16.47800 53.92200
12 9 20 05 31 8769.90000 4.39100000 314.10000 41.47000 16.47800 53.92200
12 9 20 05 31 8769.90000 4.39100000 314.10000 41.47000 16.47800 53.92200
12 9 20 05 32 8769.90000 4.39100000 313.42000 41.47000 16.39100 53.92200
12 9 20 05 32 8769.90000 4.39100000 313.42000 41.47000 16.22600 53.81700
12 9 20 05 32 8769.90000 4.39100000 313.42000 41.47000 16.32500 53.81700
12 9 20 05 33 8769.90000 4.39100000 313.42000 41.47000 16.32500 53.81700
12 9 20 05 33 8768.50000 4.39100000 313.42000 41.47000 16.32500 53.81700
12 9 20 05 34 8769.90000 4.39100000 313.42000 41.47000 16.32500 53.81700
12 9 20 05 34 8769.80000 4.39100000 313.72000 41.47000 16.32500 53.81700
12 9 20 05 35 8769.80000 4.39100000 313.72000 41.47000 16.32500 53.81700
12 9 20 05 35 8769.90000 4.39100000 313.72000 41.47000 16.32500 53.81700
12 9 20 05 35 8770.00000 4.39100000 313.72000 41.47000 16.32500 53.81700
12 9 20 05 36 8770.00000 4.39100000 313.79000 41.47000 16.32500 53.81700
12 9 20 05 36 8771.40000 4.39100000 313.80000 41.47000 16.32500 53.81700
12 9 20 05 37 8772.50000 4.39100000 313.80000 41.47000 16.32500 53.81700
12 9 20 05 37 8772.10000 4.39100000 313.80000 41.47000 16.32500 53.81700
12 9 20 05 38 8773.00000 4.39100000 313.80000 41.47000 16.32500 53.81700
12 9 20 05 38 8772.90000 4.39100000 314.23000 41.47000 16.32500 53.81700
12 9 20 05 38 8773.00000 4.39100000 314.23000 41.47000 16.32500 53.91700
12 9 20 05 39 8774.40000 4.39100000 314.05000 41.47000 16.29400 53.83100
12 9 20 05 39 8775.20000 4.39100000 314.05000 41.47000 16.29400 53.83100
12 9 20 05 40 8776.50000 4.39100000 314.21000 41.47000 16.29400 53.83100
12 9 20 05 40 8776.50000 4.39100000 314.21000 41.47000 16.29400 53.77200
12 9 20 05 41 8776.50000 4.39100000 314.24000 41.47000 16.21900 53.77200
12 9 20 05 41 8776.50000 4.39100000 313.97000 41.47000 16.20000 53.77200
12 9 20 05 41 8776.50000 4.39100000 313.97000 41.47000 16.15000 53.77200
12 9 20 05 42 8776.60000 4.39100000 314.30000 41.47000 16.13400 53.77200
12 9 20 05 42 8775.30000 4.39100000 314.04000 41.47000 16.13400 53.74200
12 9 20 05 43 8775.30000 4.39100000 314.04000 41.47000 16.13400 53.74200
12 9 20 05 43 8776.60000 4.39100000 314.04000 41.47000 16.13400 53.74200
12 9 20 05 44 8777.10000 4.39100000 314.04000 41.47000 16.13400 53.74200
12 9 20 05 44 8777.20000 4.39100000 314.18000 41.47000 16.11700 53.75700
12 9 20 05 45 8777.10000 4.39100000 314.18000 41.47000 16.11700 53.75700
12 9 20 05 45 8778.30000 4.39100000 314.18000 41.47000 16.11700 53.75700
12 9 20 05 45 8776.60000 4.39100000 314.18000 41.47000 16.11700 53.75700
12 9 20 05 46 8777.40000 4.39100000 314.18000 41.47000 16.11600 53.75700
12 9 20 05 46 8778.80000 4.39100000 314.18000 41.47000 16.11600 53.85200
12 9 20 05 47 8778.40000 4.39100000 314.18000 41.47000 16.11600 53.85200
12 9 20 05 47 8778.40000 4.39100000 314.26000 41.47000 16.11600 53.85200
12 9 20 05 48 8778.30000 4.39100000 314.26000 41.47000 16.11600 53.85200
12 9 20 05 48 8778.40000 4.39100000 314.26000 41.47000 16.11600 53.85200
12 9 20 05 48 8778.40000 4.39100000 314.26000 41.47000 16.11600 53.82100
12 9 20 05 49 8778.30000 4.39100000 314.26000 41.47000 16.11600 53.82100
12 9 20 05 49 8778.40000 4.39100000 314.26000 41.47000 16.11600 53.82100
12 9 20 05 50 8778.40000 4.39100000 314.26000 41.47000 16.11600 53.82100
12 9 20 05 50 8778.40000 4.39100000 314.26000 41.47000 16.02300 53.77700
12 9 20 05 51 8778.40000 4.39100000 314.01000 41.47000 16.02300 53.77700
12 9 20 05 51 8778.40000 4.39100000 314.01000 41.47000 16.02300 53.77700
12 9 20 05 51 8778.40000 4.39100000 314.01000 41.47000 16.02300 53.77700
12 9 20 05 52 8778.40000 4.39100000 314.00000 41.47000 16.02300 53.77700
12 9 20 05 52 8778.30000 4.39100000 314.00000 41.47000 16.02300 53.89100
12 9 20 05 53 8778.20000 4.39100000 314.00000 41.47000 16.02300 53.89100
12 9 20 05 53 8778.20000 4.39100000 314.00000 41.47000 16.00100 53.89100
12 9 20 05 54 8778.50000 4.39100000 314.00000 41.47000 16.00100 53.89100
12 9 20 05 54 8778.50000 4.43300000 314.00000 41.47000 16.00100 53.89100
12 9 20 05 54 8779.60000 4.43300000 314.00000 41.47000 16.00100 53.74800
12 9 20 05 55 8780.00000 4.45000000 314.00000 41.47000 16.00100 53.74800
12 9 20 05 55 8779.90000 4.45000000 314.00000 41.47000 16.00100 53.74800
12 9 20 05 56 8778.60000 4.45000000 314.30000 41.47000 16.00100 53.74800
12 9 20 05 56 8778.50000 4.44100000 314.30000 41.47000 16.00000 53.74800
12 9 20 05 57 8778.10000 4.46200000 314.30000 41.47000 16.00000 53.73600
12 9 20 05 57 8778.30000 4.46200000 314.18000 41.47000 16.00000 53.73600
12 9 20 05 57 8778.30000 4.46200000 314.18000 41.47000 16.00000 53.73600
12 9 20 05 58 8778.20000 4.46200000 314.04000 41.47000 16.00000 53.73600
12 9 20 05 58 8775.50000 4.46200000 314.04000 41.47000 16.03300 53.68000
12 9 20 05 59 8775.50000 4.46200000 314.04000 41.47000 16.03300 53.68000
12 9 20 05 59 8775.60000 4.46200000 314.21000 41.47000 16.03300 53.68000
12 9 20 06 00 8775.50000 4.46200000 314.21000 41.47000 16.03300 53.68000
12 9 20 06 00 8775.50000 4.47300000 314.07000 41.47000 16.02600 53.68000
