M=[
 7 6 21 20 36 29110.70000 51.58700000 2226.58000 142.21000 23.73100 120.69900
 7 6 21 20 37 29107.90000 51.58700000 2227.19000 142.21000 23.73100 120.69900
 7 6 21 20 37 29137.40000 51.58700000 2229.44000 142.24000 23.73100 120.69900
 7 6 21 20 37 29142.30000 51.58700000 2231.21000 142.24000 23.73100 120.69900
 7 6 21 20 38 29150.00000 51.58700000 2233.75000 142.24000 23.73100 121.17300
 7 6 21 20 38 29153.10000 51.58700000 2232.66000 142.55000 23.73100 121.17300
 7 6 21 20 39 29136.00000 51.58700000 2231.00000 142.41000 23.73100 121.17300
 7 6 21 20 39 29132.30000 51.58700000 2230.48000 142.41000 23.73100 121.17300
 7 6 21 20 40 29108.80000 51.58700000 2230.47000 142.14000 23.73100 121.17300
 7 6 21 20 40 29079.30000 51.58700000 2227.43000 142.14000 23.73100 121.17300
 7 6 21 20 40 29068.20000 51.58700000 2225.92000 142.14000 23.73100 120.94400
 7 6 21 20 41 29060.00000 51.58700000 2225.00000 142.00000 23.73100 120.94400
 7 6 21 20 41 29085.10000 51.58700000 2225.80000 141.89000 23.73100 120.94400
 7 6 21 20 42 29074.90000 51.58700000 2227.64000 141.86000 23.73100 120.94400
 7 6 21 20 42 29080.10000 51.58700000 2225.10000 141.86000 23.73100 120.94400
 7 6 21 20 43 29037.30000 51.45900000 2225.10000 141.86000 23.73100 120.94400
 7 6 21 20 43 29042.60000 51.45900000 2225.00000 141.61000 23.73100 120.94400
 7 6 21 20 43 29045.30000 51.45900000 2222.43000 141.61000 23.73100 120.48200
 7 6 21 20 44 29045.40000 51.45900000 2222.01000 141.61000 23.73100 120.48200
 7 6 21 20 44 29057.10000 51.45900000 2223.23000 141.61000 23.73100 120.48200
 7 6 21 20 45 29068.90000 51.45900000 2223.93000 141.61000 23.73100 120.48200
 7 6 21 20 45 29049.10000 51.35400000 2223.71000 141.77000 23.73100 120.48200
 7 6 21 20 46 29054.20000 51.35400000 2223.71000 141.76000 23.73100 120.48200
 7 6 21 20 46 29004.30000 51.35400000 2218.86000 141.74000 23.73100 120.47500
 7 6 21 20 46 29009.20000 51.35400000 2215.00000 141.41000 23.73100 120.16300
 7 6 21 20 47 29019.00000 51.35400000 2215.00000 141.44000 23.73100 120.16300
 7 6 21 20 47 28997.60000 51.35400000 2214.11000 141.40000 23.73100 119.80000
 7 6 21 20 48 28826.60000 51.35400000 2203.39000 140.66000 23.73100 119.54300
 7 6 21 20 48 28611.80000 50.91200000 2195.47000 140.00000 23.73100 118.45100
 7 6 21 20 49 28517.00000 50.80000000 2187.38000 140.04000 23.50100 117.67700
 7 6 21 20 49 28582.20000 50.80000000 2194.73000 140.55000 23.50100 118.00100
 7 6 21 20 49 28500.10000 50.80000000 2187.60000 140.00000 23.50100 118.00100
 7 6 21 20 50 28310.00000 50.60000000 2180.00000 139.51000 23.48000 116.93000
 7 6 21 20 50 28074.20000 50.01000000 2173.39000 138.30000 23.41200 116.00100
 7 6 21 20 51 28098.90000 50.12700000 2170.92000 137.21000 23.20000 115.82300
 7 6 21 20 51 28228.10000 50.37200000 2178.35000 138.83000 23.42400 116.56200
 7 6 21 20 52 28235.70000 50.43900000 2176.91000 138.34000 23.11500 116.86300
 7 6 21 20 52 28302.60000 50.44100000 2181.05000 138.52000 23.38800 117.16600
 7 6 21 20 52 28238.20000 50.43300000 2176.92000 138.09000 23.38800 117.00000
 7 6 21 20 53 28234.20000 50.50000000 2175.01000 138.17000 23.38800 116.53900
 7 6 21 20 53 28226.60000 50.50000000 2173.36000 138.13000 23.36500 116.38300
 7 6 21 20 54 28244.20000 50.50000000 2174.81000 138.27000 23.36500 116.38300
 7 6 21 20 54 28296.20000 50.49100000 2179.09000 138.31000 23.37500 116.38300
 7 6 21 20 55 28299.20000 50.49100000 2181.25000 138.55000 23.37500 116.38300
 7 6 21 20 55 28341.80000 50.55700000 2185.12000 138.76000 23.37700 116.38300
 7 6 21 20 55 28346.50000 50.60000000 2189.35000 138.98000 23.39500 116.38300
 7 6 21 20 56 28380.50000 50.60000000 2192.73000 139.03000 23.34200 116.38300
 7 6 21 20 56 28380.50000 50.60000000 2192.22000 139.14000 23.31400 117.16600
 7 6 21 20 57 28429.40000 50.60000000 2192.92000 139.24000 23.28200 117.16600
 7 6 21 20 57 28452.70000 50.60000000 2195.59000 139.26000 23.28200 117.59800
 7 6 21 20 58 28447.80000 50.60000000 2196.57000 139.35000 23.29700 117.76300
 7 6 21 20 58 28399.90000 50.60000000 2190.39000 138.91000 23.27400 117.65400
 7 6 21 20 58 28318.70000 50.60000000 2182.77000 138.43000 23.25200 116.79300
 7 6 21 20 59 28270.60000 50.60000000 2176.00000 138.33000 23.22900 116.49100
 7 6 21 20 59 28312.60000 50.60000000 2182.95000 138.84000 23.22900 116.49100
 7 6 21 21 00 28248.30000 50.43300000 2178.01000 138.52000 23.20700 116.96400
 7 6 21 21 00 28283.90000 50.43300000 2181.60000 138.68000 23.20500 116.96400
 7 6 21 21 01 28303.60000 50.37600000 2184.33000 138.72000 23.20500 116.96400
 7 6 21 21 01 28360.10000 50.37600000 2186.61000 139.00000 23.20500 116.96400
 7 6 21 21 01 28356.90000 50.63100000 2185.96000 139.15000 23.20500 116.96400
 7 6 21 21 02 28351.90000 50.53700000 2182.26000 138.93000 23.18400 117.01000
 7 6 21 21 02 28358.20000 50.53700000 2181.80000 138.83000 23.18400 117.01000
 7 6 21 21 03 28366.10000 50.53700000 2182.09000 138.96000 23.18400 117.01000
 7 6 21 21 03 28388.10000 50.53700000 2182.92000 138.88000 23.18400 117.01000
 7 6 21 21 04 28411.90000 50.53700000 2186.81000 138.76000 23.18400 117.16600
 7 6 21 21 04 28412.00000 50.55000000 2186.80000 138.92000 23.18400 117.29100
 7 6 21 21 04 28433.70000 50.55000000 2186.80000 138.91000 23.18400 117.47000
 7 6 21 21 05 28400.50000 50.55000000 2187.01000 138.91000 23.18400 117.40400
 7 6 21 21 05 28403.30000 50.55000000 2185.97000 138.73000 23.18400 117.40400
 7 6 21 21 06 28364.40000 50.55000000 2184.56000 138.68000 23.18400 117.40400
 7 6 21 21 06 28344.80000 50.55000000 2181.87000 138.41000 23.18400 117.40400
 7 6 21 21 07 28378.50000 50.38400000 2180.01000 138.53000 23.18400 117.40400
 7 6 21 21 07 28352.60000 50.38400000 2178.01000 138.47000 23.18400 117.40400
 7 6 21 21 07 28317.40000 50.38400000 2171.09000 138.11000 23.18400 116.49100
 7 6 21 21 08 28339.80000 50.38400000 2175.34000 138.54000 23.18400 116.49100
 7 6 21 21 08 28312.70000 50.38400000 2169.56000 138.28000 23.18400 116.49100
 7 6 21 21 09 28300.10000 50.09000000 2170.06000 138.19000 23.18400 116.19000
 7 6 21 21 09 28235.00000 50.01000000 2162.76000 137.60000 23.18400 115.89000
 7 6 21 21 10 28253.40000 50.01100000 2165.77000 137.83000 23.18400 115.89000
 7 6 21 21 10 28310.00000 50.01100000 2167.91000 138.06000 23.18400 115.96900
 7 6 21 21 10 28310.90000 50.04200000 2168.51000 138.14000 23.18400 115.96900
 7 6 21 21 11 28307.80000 50.04200000 2168.67000 138.01000 23.18400 115.96900
 7 6 21 21 11 28301.50000 50.04200000 2167.25000 137.74000 23.18400 115.96900
 7 6 21 21 12 28300.00000 50.02500000 2167.49000 137.65000 23.18400 115.96900
 7 6 21 21 12 28226.50000 49.92400000 2165.11000 137.38000 23.18400 115.96900
 7 6 21 21 13 28227.90000 49.90400000 2158.76000 137.28000 23.18400 115.50200
 7 6 21 21 13 28170.10000 49.60100000 2146.39000 136.86000 23.18400 115.00000
 7 6 21 21 13 28123.10000 49.50000000 2140.63000 136.65000 23.18400 114.69700
 7 6 21 21 14 28109.10000 49.27500000 2142.10000 136.36000 23.18400 114.60500
 7 6 21 21 14 28111.50000 49.27500000 2141.54000 136.44000 23.18400 115.00000
 7 6 21 21 15 28042.30000 49.27500000 2140.86000 136.51000 23.18400 115.00000
 7 6 21 21 15 27915.80000 49.20600000 2135.76000 135.72000 23.18400 115.00000
 7 6 21 21 16 27680.00000 48.79700000 2118.00000 133.84000 23.16200 113.81100
 7 6 21 21 16 27798.50000 48.62100000 2130.98000 134.09000 23.16200 113.91700
 7 6 21 21 16 27794.50000 48.68000000 2133.98000 134.13000 23.16300 113.91700
 7 6 21 21 17 27702.00000 48.62600000 2122.55000 133.91000 23.16300 113.91700
 7 6 21 21 17 27730.00000 48.66200000 2127.04000 134.00000 23.16300 113.91700
 7 6 21 21 18 27845.90000 48.86500000 2131.35000 134.36000 23.16300 113.91700
 7 6 21 21 18 27875.50000 49.02700000 2140.66000 135.07000 23.16300 114.47100
 7 6 21 21 19 27919.90000 49.23800000 2144.77000 134.91000 23.16300 114.76600
 7 6 21 21 19 28019.40000 49.42200000 2154.48000 135.60000 23.16300 115.35000
 7 6 21 21 19 28041.90000 49.42200000 2159.98000 135.82000 23.23000 115.35000
