M=[
17 4 21 21 34 51268.60000 34.72200000 2011.00000 267.57000 42.95900 251.83400
17 4 21 21 34 51263.30000 34.73000000 2010.44000 267.60000 42.95900 251.83400
17 4 21 21 35 51265.70000 34.80100000 2010.58000 268.57000 42.95900 251.89800
17 4 21 21 35 51261.50000 34.80100000 2010.93000 268.92000 42.95900 251.89800
17 4 21 21 36 51261.10000 34.80100000 2010.83000 269.04000 42.95900 251.89800
17 4 21 21 36 51248.30000 34.80100000 2011.44000 269.10000 42.95900 251.90500
17 4 21 21 36 51240.70000 34.88800000 2011.15000 269.30000 42.95900 251.24800
17 4 21 21 37 51229.90000 34.88800000 2011.10000 269.48000 42.95900 250.22900
17 4 21 21 37 51232.40000 34.87300000 2011.09000 269.48000 42.95900 250.22900
17 4 21 21 38 51229.50000 34.87300000 2011.19000 269.48000 42.94800 249.24100
17 4 21 21 38 51230.10000 34.87300000 2011.19000 269.73000 42.94800 249.03100
17 4 21 21 39 51230.10000 34.77700000 2011.99000 269.89000 42.94800 249.03100
17 4 21 21 39 51230.10000 34.77700000 2013.20000 270.83000 42.94800 249.25700
17 4 21 21 39 51230.10000 34.80500000 2015.47000 270.83000 42.94800 249.04900
17 4 21 21 40 51230.00000 34.74100000 2013.01000 269.21000 42.94800 249.80800
17 4 21 21 40 51211.00000 34.74000000 2013.63000 268.50000 42.94800 249.80800
17 4 21 21 41 51211.20000 34.74000000 2013.67000 267.70000 42.94800 249.93700
17 4 21 21 41 51203.30000 34.74000000 2013.00000 267.70000 42.94800 249.93700
17 4 21 21 42 51197.10000 34.73800000 2012.97000 267.98000 42.94800 249.89100
17 4 21 21 42 51197.00000 34.73800000 2012.03000 268.27000 42.94800 249.94800
17 4 21 21 42 51198.50000 34.73500000 2011.76000 268.25000 42.94800 249.94800
17 4 21 21 43 51200.30000 34.73500000 2011.98000 268.29000 42.94800 249.94800
17 4 21 21 43 51192.00000 34.73500000 2011.31000 267.92000 42.94800 249.94800
17 4 21 21 44 51177.60000 34.73500000 2010.87000 267.51000 42.94800 250.00100
17 4 21 21 44 51177.20000 34.64300000 2010.07000 267.56000 42.94800 250.00100
17 4 21 21 45 51165.70000 34.64000000 2009.24000 267.41000 42.94800 250.00100
17 4 21 21 45 51172.50000 34.53500000 2009.97000 267.29000 42.94800 250.00100
17 4 21 21 45 51167.60000 34.54800000 2009.96000 267.29000 42.94800 250.00100
17 4 21 21 46 51183.60000 34.54400000 2009.67000 266.65000 42.94800 249.21700
17 4 21 21 46 51172.80000 34.54400000 2009.22000 266.35000 42.94800 249.53800
17 4 21 21 47 51181.30000 34.52700000 2009.50000 267.25000 42.94800 249.53800
17 4 21 21 47 51160.90000 34.52700000 2006.78000 266.84000 42.94800 249.53800
17 4 21 21 48 51170.00000 34.52700000 2008.95000 266.84000 42.94800 249.53800
17 4 21 21 48 51164.50000 34.54700000 2008.09000 266.60000 42.94800 249.53800
17 4 21 21 48 51166.50000 34.53900000 2007.54000 266.44000 42.94800 249.53800
17 4 21 21 49 51162.10000 34.53600000 2005.94000 266.10000 42.94800 248.50800
17 4 21 21 49 51130.10000 34.51100000 2004.05000 265.64000 42.94800 247.80900
17 4 21 21 50 51100.20000 34.51200000 2004.05000 265.64000 42.94800 247.80900
17 4 21 21 50 51160.00000 34.51200000 2008.36000 266.50000 42.94800 246.73100
17 4 21 21 51 51111.60000 34.51200000 2005.34000 266.57000 42.94800 245.04400
17 4 21 21 51 51107.90000 34.51100000 2005.46000 266.51000 42.94800 246.59600
17 4 21 21 51 51041.50000 34.40900000 2004.29000 265.67000 42.59500 246.59600
17 4 21 21 52 51036.40000 34.41100000 2003.39000 265.90000 42.59500 246.79800
17 4 21 21 52 51029.80000 34.37500000 2003.70000 265.66000 42.59500 246.85300
17 4 21 21 53 51072.00000 34.32800000 2006.37000 265.66000 42.59500 246.85300
17 4 21 21 53 51077.50000 34.34100000 2006.04000 266.27000 42.59500 246.85300
17 4 21 21 54 51081.80000 34.34100000 2008.25000 266.63000 42.59500 247.97400
17 4 21 21 54 51032.90000 34.40500000 2005.75000 265.97000 42.59500 247.35900
17 4 21 21 54 51029.60000 34.21200000 2006.00000 266.31000 42.59500 247.35900
17 4 21 21 55 51029.60000 34.21300000 2005.94000 265.46000 42.59500 246.54400
17 4 21 21 55 51079.60000 34.21300000 2008.09000 265.38000 42.59500 246.54400
17 4 21 21 56 51085.00000 34.21300000 2009.42000 265.95000 42.59500 246.54400
17 4 21 21 56 51123.40000 34.21300000 2009.43000 265.49000 42.59500 246.54400
17 4 21 21 56 51118.60000 34.21300000 2009.79000 265.49000 42.59500 247.30500
17 4 21 21 57 51106.30000 34.21300000 2008.20000 265.42000 42.59500 247.30500
17 4 21 21 57 51110.90000 34.21300000 2008.33000 265.23000 42.59500 247.30500
17 4 21 21 58 51110.70000 34.21300000 2009.81000 265.49000 42.59500 247.07400
17 4 21 21 58 51139.90000 34.37000000 2009.81000 265.24000 42.59500 247.07400
17 4 21 21 59 51134.20000 34.38000000 2009.81000 265.29000 42.59500 247.07400
17 4 21 21 59 51133.00000 34.38000000 2011.29000 265.29000 42.97900 247.07400
17 4 21 21 59 51137.00000 34.38000000 2011.29000 265.06000 42.97900 247.07400
17 4 21 22 00 51134.00000 34.40700000 2012.52000 264.14000 42.97900 247.07400
17 4 21 22 00 51145.50000 34.40700000 2010.36000 264.49000 42.97900 247.07400
17 4 21 22 01 51172.40000 34.55200000 2012.45000 265.10000 42.97900 247.07400
17 4 21 22 01 51167.90000 34.36800000 2012.03000 264.51000 42.97900 247.07400
17 4 21 22 02 51163.20000 34.29400000 2012.05000 264.50000 42.97900 247.13400
17 4 21 22 02 51113.00000 34.31600000 2011.51000 264.04000 42.97900 247.13400
17 4 21 22 02 51110.70000 34.20800000 2010.01000 264.37000 42.97900 247.13400
17 4 21 22 03 51110.70000 34.20800000 2010.00000 264.19000 42.97900 247.13400
17 4 21 22 03 51080.20000 34.20800000 2008.13000 264.05000 42.97900 247.13400
17 4 21 22 04 51085.60000 33.98200000 2007.80000 263.40000 42.97900 247.13400
17 4 21 22 04 51082.10000 33.98200000 2007.81000 264.49000 42.97900 247.13400
17 4 21 22 05 51078.30000 33.98200000 2007.80000 263.96000 42.97900 247.13400
17 4 21 22 05 51079.60000 33.98200000 2008.00000 263.80000 42.98500 247.99200
17 4 21 22 05 51095.30000 34.22600000 2008.73000 264.03000 42.99000 247.99200
17 4 21 22 06 51085.90000 34.22600000 2007.81000 263.45000 43.01200 248.32900
17 4 21 22 06 51085.00000 34.22600000 2006.81000 263.89000 43.01200 247.60800
17 4 21 22 07 51078.10000 34.22600000 2007.16000 263.85000 43.01200 246.96800
17 4 21 22 07 51108.70000 34.26500000 2008.90000 264.47000 43.01200 246.96800
17 4 21 22 08 51091.00000 34.22300000 2008.90000 263.80000 43.01200 246.96800
17 4 21 22 08 51077.00000 34.22300000 2007.42000 263.93000 43.01200 246.96800
17 4 21 22 08 51100.20000 34.22300000 2008.99000 264.56000 43.01200 246.96800
17 4 21 22 09 51091.70000 34.31200000 2008.35000 264.08000 43.01200 246.96800
17 4 21 22 09 51082.00000 34.25800000 2006.68000 264.08000 43.01200 246.96800
17 4 21 22 10 51077.00000 34.25300000 2007.22000 263.91000 43.01200 247.16700
17 4 21 22 10 51100.10000 34.22500000 2009.21000 264.08000 43.01200 247.16700
17 4 21 22 11 51099.10000 34.31100000 2010.00000 263.91000 43.01200 247.16700
17 4 21 22 11 51081.00000 34.31100000 2010.00000 264.40000 43.01200 247.16700
17 4 21 22 11 51100.70000 34.31100000 2009.40000 264.03000 43.01200 247.16700
17 4 21 22 12 51100.90000 34.31100000 2009.63000 264.26000 43.09900 246.52800
17 4 21 22 12 51100.90000 34.31100000 2009.57000 264.14000 43.09900 246.52800
17 4 21 22 13 51127.90000 34.31100000 2010.00000 264.69000 43.09900 246.52800
17 4 21 22 13 51147.90000 34.29800000 2010.00000 264.47000 43.09900 245.68300
17 4 21 22 14 51146.00000 34.30700000 2013.03000 264.01000 43.09900 245.68300
17 4 21 22 14 51124.70000 34.29800000 2012.02000 263.83000 43.09900 245.68300
17 4 21 22 14 51130.60000 34.29800000 2012.18000 264.18000 43.09900 245.68300
17 4 21 22 15 51165.50000 34.29800000 2014.05000 264.15000 43.09900 245.81000
17 4 21 22 15 51165.50000 34.29800000 2014.05000 264.15000 43.02700 245.67500
17 4 21 22 16 51165.40000 34.32900000 2014.08000 264.57000 43.02700 245.67500
17 4 21 22 16 51166.00000 34.32900000 2015.06000 264.57000 43.02700 245.67500
17 4 21 22 17 51165.90000 34.32900000 2014.02000 264.38000 43.02700 245.67500
17 4 21 22 17 51154.20000 34.32900000 2013.98000 264.19000 43.02700 245.67500
