M=[
28 4 21 14 30 45276.80000 28.32300000 2248.94000 211.91000 34.67400 193.57400
28 4 21 14 30 45233.30000 28.32300000 2245.35000 211.70000 34.67400 193.57400
28 4 21 14 31 45248.40000 28.32300000 2245.36000 211.70000 34.67400 193.57400
28 4 21 14 31 45229.60000 28.32300000 2244.50000 211.58000 34.67400 193.57400
28 4 21 14 32 45248.50000 28.32300000 2244.49000 211.32000 34.67400 193.57400
28 4 21 14 32 45278.40000 28.30700000 2246.52000 211.70000 34.67400 193.57400
28 4 21 14 32 45283.10000 28.30700000 2247.76000 211.70000 34.67400 193.57400
28 4 21 14 33 45288.20000 28.30700000 2247.84000 211.70000 34.67400 193.57400
28 4 21 14 33 45301.40000 28.30700000 2249.89000 211.96000 34.67400 193.49100
28 4 21 14 34 45304.70000 28.30700000 2250.17000 211.82000 34.63500 193.49100
28 4 21 14 34 45300.00000 28.30700000 2249.19000 211.82000 34.63500 193.48500
28 4 21 14 35 45269.20000 28.39600000 2249.30000 211.66000 34.63500 193.48500
28 4 21 14 35 45247.00000 28.39600000 2246.57000 211.66000 34.63500 193.48500
28 4 21 14 35 45253.80000 28.39600000 2247.00000 211.66000 34.63500 193.48500
28 4 21 14 36 45260.60000 28.39600000 2247.32000 211.28000 34.63500 193.41800
28 4 21 14 36 45265.40000 28.39600000 2248.04000 211.28000 34.63500 193.41800
28 4 21 14 37 45323.80000 28.39600000 2250.91000 211.28000 34.63500 193.41800
28 4 21 14 37 45287.80000 28.39600000 2249.82000 211.47000 34.63500 193.41800
28 4 21 14 38 45280.00000 28.39600000 2249.98000 211.47000 34.63500 193.46600
28 4 21 14 38 45264.40000 28.28500000 2249.69000 211.25000 34.63500 193.46600
28 4 21 14 38 45276.10000 28.28500000 2249.54000 211.46000 34.63500 193.46600
28 4 21 14 39 45251.90000 28.28500000 2247.89000 211.39000 34.63500 193.46600
28 4 21 14 39 45250.70000 28.29400000 2246.09000 211.12000 34.63500 193.46600
28 4 21 14 40 45250.10000 28.29400000 2245.64000 211.06000 34.63500 193.46600
28 4 21 14 40 45241.90000 28.29400000 2245.56000 210.96000 34.63500 193.46600
28 4 21 14 41 45241.90000 28.29400000 2246.00000 210.90000 34.63500 193.46600
28 4 21 14 41 45241.90000 28.29400000 2246.00000 210.90000 34.63500 193.46600
28 4 21 14 41 45207.20000 28.29400000 2243.99000 210.84000 34.63500 193.46600
28 4 21 14 42 45159.40000 28.18100000 2242.02000 210.44000 34.63500 193.46600
28 4 21 14 42 45156.70000 28.18100000 2238.02000 210.29000 34.63500 193.46600
28 4 21 14 43 45145.10000 28.18100000 2234.84000 210.01000 34.63500 193.46600
28 4 21 14 43 45142.50000 28.18100000 2234.26000 210.01000 34.63500 193.46600
28 4 21 14 44 45174.20000 28.18100000 2237.25000 209.83000 34.63500 193.46600
28 4 21 14 44 45180.60000 28.18100000 2237.98000 210.22000 34.63500 193.46600
28 4 21 14 45 45145.30000 28.18100000 2237.84000 210.13000 34.63500 193.46600
28 4 21 14 45 45202.10000 28.10600000 2240.94000 210.58000 34.63500 193.46600
28 4 21 14 45 45169.00000 28.10600000 2241.78000 210.65000 34.63500 193.46600
28 4 21 14 46 45193.20000 28.10600000 2241.68000 210.39000 34.63500 193.46600
28 4 21 14 46 45215.20000 28.10600000 2243.97000 210.59000 34.63500 193.46600
28 4 21 14 47 45202.20000 28.10600000 2244.20000 210.59000 34.63500 193.46600
28 4 21 14 47 45207.40000 28.10600000 2245.06000 210.59000 34.63500 193.46600
28 4 21 14 48 45207.40000 28.12300000 2245.00000 210.73000 34.63500 193.46600
28 4 21 14 48 45185.30000 28.12300000 2244.62000 210.54000 34.63500 192.96700
28 4 21 14 48 45250.00000 28.12300000 2248.19000 210.61000 33.94200 192.96700
28 4 21 14 49 45242.30000 28.12300000 2247.58000 210.82000 33.94200 192.96700
28 4 21 14 49 45244.30000 28.12300000 2246.76000 210.82000 33.94200 192.96700
28 4 21 14 50 45228.70000 28.12300000 2245.27000 210.53000 33.94200 192.96700
28 4 21 14 50 45241.60000 28.12300000 2243.97000 210.55000 34.13900 192.96700
28 4 21 14 51 45223.00000 28.12300000 2242.08000 210.55000 34.47800 192.96700
28 4 21 14 51 45233.90000 28.12300000 2244.02000 210.55000 34.47800 192.96700
28 4 21 14 51 45233.90000 28.15100000 2244.72000 210.55000 34.47800 192.96700
28 4 21 14 52 45233.80000 28.15100000 2245.15000 210.55000 34.47800 192.96700
28 4 21 14 52 45214.80000 28.15100000 2244.21000 210.33000 34.47800 192.96700
28 4 21 14 53 45200.10000 28.15100000 2244.98000 210.39000 34.47800 192.96700
28 4 21 14 53 45174.10000 28.15100000 2243.21000 210.14000 34.47800 192.96700
28 4 21 14 54 45222.70000 28.15100000 2245.14000 210.14000 34.47800 192.96700
28 4 21 14 54 45239.30000 28.15100000 2248.44000 210.14000 34.47800 192.96700
28 4 21 14 54 45255.00000 28.15100000 2248.45000 210.14000 34.47800 192.96700
28 4 21 14 55 45273.60000 28.15100000 2248.66000 210.14000 34.25300 192.96700
28 4 21 14 55 45298.80000 28.15100000 2249.00000 210.14000 34.25400 192.96700
28 4 21 14 56 45266.20000 28.15100000 2249.00000 210.56000 34.25400 193.05100
28 4 21 14 56 45240.50000 28.15100000 2248.69000 210.45000 34.25400 193.05100
28 4 21 14 57 45240.60000 28.15100000 2245.43000 210.16000 34.25400 193.05100
28 4 21 14 57 45200.20000 28.15100000 2243.19000 210.17000 34.25400 193.05100
28 4 21 14 57 45202.00000 28.15100000 2243.21000 210.17000 34.25400 193.05100
28 4 21 14 58 45189.40000 28.15100000 2243.80000 210.17000 34.25400 193.05100
28 4 21 14 58 45159.00000 28.15100000 2241.29000 210.17000 34.25400 193.05100
28 4 21 14 59 45169.80000 28.15100000 2242.96000 210.17000 34.25400 193.05100
28 4 21 14 59 45171.50000 28.15100000 2243.96000 210.56000 34.25400 193.05100
28 4 21 15 00 45158.50000 28.15100000 2243.96000 210.33000 34.25400 193.05100
28 4 21 15 00 45160.30000 28.05900000 2245.13000 210.33000 34.25400 192.46700
28 4 21 15 00 45209.80000 28.05900000 2245.85000 210.49000 34.25400 192.46700
28 4 21 15 01 45238.50000 28.05900000 2249.00000 210.49000 34.42900 192.85900
28 4 21 15 01 45222.00000 28.05900000 2246.29000 210.85000 34.03300 192.85900
28 4 21 15 02 45180.20000 28.05900000 2244.10000 210.85000 34.03300 192.85900
28 4 21 15 02 45175.50000 28.05900000 2243.03000 210.58000 34.03300 192.85900
28 4 21 15 03 45174.50000 28.05900000 2243.03000 210.51000 34.03300 192.85900
28 4 21 15 03 45151.20000 28.05900000 2240.62000 210.39000 34.03300 192.85900
28 4 21 15 03 45126.90000 28.05900000 2239.02000 210.16000 34.03300 192.85900
28 4 21 15 04 45110.10000 28.05900000 2236.53000 209.97000 34.03300 192.27500
28 4 21 15 04 45100.20000 28.05900000 2237.17000 210.00000 34.03300 192.27500
28 4 21 15 05 45064.20000 28.05900000 2231.69000 209.51000 34.03300 192.12400
28 4 21 15 05 45056.00000 28.05900000 2231.53000 209.46000 34.03300 191.88300
28 4 21 15 06 45080.90000 28.05900000 2233.40000 209.58000 34.03300 191.88300
28 4 21 15 06 45055.80000 27.99300000 2228.73000 209.28000 34.45200 191.75700
28 4 21 15 06 45042.50000 27.92000000 2225.87000 209.28000 34.45200 191.94100
28 4 21 15 07 45010.00000 27.92000000 2221.51000 208.83000 34.45200 191.94100
28 4 21 15 07 45002.40000 27.90000000 2218.46000 208.81000 34.45200 191.94100
28 4 21 15 08 44983.90000 27.90000000 2217.56000 208.69000 34.45200 191.94100
28 4 21 15 08 44986.00000 27.90000000 2218.66000 208.76000 34.45200 191.94100
28 4 21 15 09 44983.90000 27.90000000 2218.46000 208.73000 34.45200 191.94100
28 4 21 15 09 44969.90000 27.90000000 2217.44000 208.64000 34.45200 191.94100
28 4 21 15 09 44949.10000 27.90000000 2219.37000 208.56000 34.45200 191.94100
28 4 21 15 10 44947.70000 27.90000000 2218.30000 208.64000 34.25400 191.64400
28 4 21 15 10 44965.70000 27.89600000 2221.74000 208.74000 34.25400 191.64400
28 4 21 15 11 44959.60000 27.89600000 2222.87000 208.82000 34.25400 191.64400
28 4 21 15 11 44961.50000 27.73800000 2220.09000 208.80000 34.25400 191.64400
28 4 21 15 12 44967.10000 27.73800000 2221.38000 208.77000 34.25400 191.64400
28 4 21 15 12 44970.00000 27.73800000 2223.18000 208.77000 34.25400 191.64400
28 4 21 15 12 44930.30000 27.73800000 2218.02000 208.45000 34.25400 191.65500
28 4 21 15 13 44926.50000 27.73800000 2216.02000 208.48000 34.25400 191.65500
28 4 21 15 13 44898.30000 27.73800000 2213.45000 208.04000 34.25400 191.65500
