M=[
10 9 20 09 41 8702.70000 4.33200000 308.18000 41.05000 14.61700 51.30000
10 9 20 09 41 8710.30000 4.33200000 308.54000 41.05000 14.61700 51.30000
10 9 20 09 41 8709.90000 4.33200000 308.62000 41.05000 14.61700 51.30000
10 9 20 09 42 8709.90000 4.33200000 308.88000 41.05000 14.61700 51.30000
10 9 20 09 42 8711.90000 4.33200000 308.88000 41.05000 14.61700 51.30000
10 9 20 09 43 8713.80000 4.33200000 308.98000 41.05000 14.61700 51.30000
10 9 20 09 43 8713.90000 4.33200000 308.91000 41.05000 14.61700 51.30000
10 9 20 09 44 8713.90000 4.33200000 308.91000 41.05000 14.57700 51.30000
10 9 20 09 44 8713.90000 4.33200000 308.59000 41.05000 14.57700 51.30000
10 9 20 09 44 8713.90000 4.33200000 308.59000 41.05000 14.57700 51.30000
10 9 20 09 45 8713.90000 4.33200000 308.72000 41.05000 14.57700 51.30000
10 9 20 09 45 8713.90000 4.33200000 308.58000 41.05000 14.57700 51.30000
10 9 20 09 46 8713.90000 4.33200000 308.58000 41.05000 14.57700 51.30000
10 9 20 09 46 8713.30000 4.33200000 308.58000 41.05000 14.57700 51.30000
10 9 20 09 47 8712.00000 4.33200000 308.40000 41.05000 14.57700 51.30000
10 9 20 09 47 8705.10000 4.33200000 308.40000 41.05000 14.57700 51.30000
10 9 20 09 48 8705.00000 4.33200000 308.08000 41.05000 14.57700 51.30000
10 9 20 09 48 8703.00000 4.33200000 307.97000 41.05000 14.57700 51.30000
10 9 20 09 48 8703.00000 4.33200000 307.97000 41.05000 14.57700 51.30000
10 9 20 09 49 8703.00000 4.33200000 307.97000 41.05000 14.48800 51.30000
10 9 20 09 49 8703.00000 4.33200000 308.38000 41.05000 14.48800 51.30000
10 9 20 09 50 8704.00000 4.33200000 308.64000 41.05000 14.48800 51.30000
10 9 20 09 50 8708.40000 4.33200000 308.64000 41.05000 14.48800 51.30000
10 9 20 09 51 8708.40000 4.33200000 308.64000 41.05000 14.54400 51.61000
10 9 20 09 51 8710.50000 4.33200000 309.20000 41.12000 14.54000 51.61000
10 9 20 09 51 8710.40000 4.33200000 309.29000 41.12000 14.54000 51.61000
10 9 20 09 52 8710.50000 4.33200000 309.28000 41.12000 14.54000 51.61000
10 9 20 09 52 8710.50000 4.33200000 309.28000 41.12000 14.54000 51.61000
10 9 20 09 53 8710.50000 4.33000000 309.22000 41.12000 14.54000 51.61000
10 9 20 09 53 8710.40000 4.33000000 309.30000 41.12000 14.54000 51.61000
10 9 20 09 54 8710.50000 4.33000000 309.52000 41.12000 14.54000 51.61000
10 9 20 09 54 8710.50000 4.33000000 309.20000 41.11000 14.54000 51.61000
10 9 20 09 54 8710.50000 4.33000000 309.27000 41.10000 14.54000 51.61000
10 9 20 09 55 8710.50000 4.33000000 309.27000 41.10000 14.54400 51.61000
10 9 20 09 55 8710.50000 4.33000000 309.08000 41.10000 14.54400 51.61000
10 9 20 09 56 8710.40000 4.33000000 309.15000 41.10000 14.54400 51.61000
10 9 20 09 56 8710.40000 4.33000000 309.23000 41.10000 14.54400 51.61000
10 9 20 09 57 8710.80000 4.33000000 309.27000 41.10000 14.54400 51.61000
10 9 20 09 57 8710.80000 4.33000000 309.19000 41.10000 14.54400 51.61000
10 9 20 09 57 8714.10000 4.33000000 309.19000 41.10000 14.54400 51.61000
10 9 20 09 58 8713.40000 4.33000000 309.19000 41.11000 14.54400 51.61000
10 9 20 09 58 8716.90000 4.33000000 309.19000 41.11000 14.54400 51.61000
10 9 20 09 59 8717.40000 4.33000000 309.05000 41.11000 14.54400 51.61000
10 9 20 09 59 8717.10000 4.33000000 309.06000 41.10000 14.54400 51.62200
10 9 20 10 00 8716.10000 4.33000000 308.82000 41.10000 14.54400 51.62200
10 9 20 10 00 8715.10000 4.33000000 308.82000 41.10000 14.54400 51.62200
10 9 20 10 00 8715.20000 4.33000000 309.25000 41.10000 14.54400 51.62200
10 9 20 10 01 8715.20000 4.33000000 309.25000 41.10000 14.54400 51.56000
10 9 20 10 01 8719.00000 4.33000000 309.67000 41.10000 14.54400 51.56000
10 9 20 10 02 8720.10000 4.33000000 309.79000 41.10000 14.54400 51.66000
10 9 20 10 02 8720.10000 4.33000000 309.79000 41.10000 14.54400 51.66000
10 9 20 10 03 8720.10000 4.34700000 309.81000 41.10000 14.54400 51.66000
10 9 20 10 03 8720.10000 4.34700000 309.82000 41.10000 14.54400 51.67000
10 9 20 10 04 8736.70000 4.34700000 309.99000 41.18000 14.54400 51.71200
10 9 20 10 04 8734.60000 4.34700000 310.00000 41.18000 14.55600 51.71200
10 9 20 10 05 8734.60000 4.34700000 309.99000 41.18000 14.55600 51.71200
10 9 20 10 05 8734.60000 4.34700000 310.00000 41.18000 14.55600 51.71200
10 9 20 10 05 8730.20000 4.34700000 310.31000 41.18000 14.55600 51.71200
10 9 20 10 06 8730.70000 4.34700000 310.23000 41.18000 14.55600 51.71200
10 9 20 10 06 8730.60000 4.34700000 310.49000 41.18000 14.56300 51.71200
10 9 20 10 07 8733.80000 4.34700000 310.53000 41.16000 14.56300 51.78000
10 9 20 10 07 8733.80000 4.34700000 310.62000 41.16000 14.58600 51.75800
10 9 20 10 08 8733.80000 4.34700000 310.50000 41.16000 14.58600 51.75800
10 9 20 10 08 8734.00000 4.34700000 310.50000 41.16000 14.58600 51.75800
10 9 20 10 08 8736.70000 4.34700000 310.97000 41.16000 14.58600 51.75000
10 9 20 10 09 8739.20000 4.34700000 311.09000 41.16000 14.58600 51.75000
10 9 20 10 09 8734.10000 4.34700000 310.97000 41.16000 14.58600 51.75000
10 9 20 10 10 8738.70000 4.34700000 311.53000 41.16000 14.58600 51.75000
10 9 20 10 10 8738.70000 4.33200000 311.47000 41.16000 14.58600 51.75000
10 9 20 10 11 8736.90000 4.33200000 311.85000 41.16000 14.58600 51.75000
10 9 20 10 11 8737.00000 4.34900000 311.51000 41.16000 14.58600 51.75000
10 9 20 10 11 8737.00000 4.33100000 311.68000 41.18000 14.58600 51.75000
10 9 20 10 12 8737.00000 4.33100000 311.72000 41.18000 14.58600 51.75000
10 9 20 10 12 8737.00000 4.33100000 311.76000 41.20000 14.58600 51.75000
10 9 20 10 13 8736.90000 4.33100000 311.76000 41.20000 14.58600 51.75000
10 9 20 10 13 8737.00000 4.33100000 311.76000 41.20000 14.58600 51.75000
10 9 20 10 14 8737.00000 4.33100000 311.78000 41.20000 14.58600 51.75000
10 9 20 10 14 8736.90000 4.34200000 311.67000 41.20000 14.58600 51.75000
10 9 20 10 15 8737.00000 4.34200000 311.70000 41.20000 14.58600 51.84000
10 9 20 10 15 8738.80000 4.34000000 311.78000 41.20000 14.58600 51.84000
10 9 20 10 15 8739.70000 4.34000000 311.36000 41.20000 14.58600 51.84000
10 9 20 10 16 8739.40000 4.34000000 311.36000 41.20000 14.58600 51.84000
10 9 20 10 16 8739.40000 4.34000000 311.36000 41.20000 14.58600 51.84000
10 9 20 10 17 8737.20000 4.34000000 311.51000 41.20000 14.58600 51.84000
10 9 20 10 17 8737.10000 4.34000000 311.50000 41.20000 14.58600 51.74200
10 9 20 10 18 8737.20000 4.35000000 311.30000 41.20000 14.58600 51.74000
10 9 20 10 18 8737.10000 4.33200000 311.44000 41.20000 14.58600 51.74000
10 9 20 10 18 8737.00000 4.33200000 311.15000 41.20000 14.58600 51.74000
10 9 20 10 19 8737.10000 4.33200000 311.06000 41.20000 14.58600 51.72700
10 9 20 10 19 8737.10000 4.33200000 311.01000 41.20000 14.58600 51.72700
10 9 20 10 20 8737.10000 4.33200000 311.01000 41.20000 14.58600 51.72700
10 9 20 10 20 8737.00000 4.33200000 311.01000 41.20000 14.58600 51.72700
10 9 20 10 21 8737.10000 4.34800000 311.15000 41.20000 14.58600 51.72700
10 9 20 10 21 8737.10000 4.34800000 311.18000 41.20000 14.58600 51.72700
10 9 20 10 21 8735.00000 4.34800000 311.18000 41.20000 14.58600 51.72700
10 9 20 10 22 8734.10000 4.34800000 311.18000 41.20000 14.58600 51.72700
10 9 20 10 22 8734.10000 4.34800000 311.08000 41.20000 14.58600 51.72700
10 9 20 10 23 8734.10000 4.34800000 311.02000 41.18000 14.58600 51.72700
10 9 20 10 23 8729.60000 4.34800000 310.98000 41.16000 14.58600 51.72700
10 9 20 10 24 8728.80000 4.36100000 310.97000 41.16000 14.65000 51.72700
10 9 20 10 24 8728.80000 4.36100000 311.28000 41.16000 14.65000 51.72700
10 9 20 10 24 8728.80000 4.36100000 311.11000 41.16000 14.65000 51.72700
10 9 20 10 25 8727.70000 4.36600000 310.74000 41.12000 14.65000 51.72700
10 9 20 10 25 8723.80000 4.36600000 310.87000 41.12000 14.65000 51.72700
10 9 20 10 26 8727.80000 4.36600000 311.27000 41.12000 14.65000 51.72700
10 9 20 10 26 8731.70000 4.36600000 311.27000 41.12000 14.65000 51.72700
10 9 20 10 27 8735.60000 4.36600000 312.14000 41.12000 14.65000 51.72700
10 9 20 10 27 8733.70000 4.36600000 312.09000 41.12000 14.65000 51.72700
10 9 20 10 28 8730.60000 4.36600000 311.91000 41.15000 14.65000 51.72700
