M=[
 9 11 20 15 52 12748.10000 4.16300000 371.67000 49.32000 11.57000 48.60200
 9 11 20 15 52 12748.00000 4.16300000 371.70000 49.27000 11.57000 48.60200
 9 11 20 15 53 12733.10000 4.16300000 371.45000 49.27000 11.57000 48.60200
 9 11 20 15 53 12724.70000 4.16300000 371.30000 49.27000 11.57000 48.60200
 9 11 20 15 54 12700.10000 4.16300000 370.73000 49.20000 11.57000 48.60200
 9 11 20 15 54 12703.90000 4.16300000 370.73000 49.13000 11.57000 48.60200
 9 11 20 15 54 12714.90000 4.16300000 370.93000 49.16000 11.57000 48.60200
 9 11 20 15 55 12690.10000 4.16300000 370.59000 49.05000 11.57000 48.60200
 9 11 20 15 55 12684.50000 4.16300000 370.59000 49.04000 11.57000 48.60200
 9 11 20 15 56 12673.80000 4.16300000 370.10000 49.04000 11.57000 48.60200
 9 11 20 15 56 12667.80000 4.19100000 370.03000 49.04000 11.57000 48.60200
 9 11 20 15 57 12705.90000 4.19100000 370.69000 49.07000 11.57000 48.60200
 9 11 20 15 57 12705.90000 4.19100000 370.62000 49.07000 11.57000 48.60200
 9 11 20 15 57 12709.00000 4.19100000 370.62000 49.07000 11.57000 48.60200
 9 11 20 15 58 12689.90000 4.19100000 370.62000 49.08000 11.57000 48.60200
 9 11 20 15 58 12704.10000 4.19100000 370.91000 49.11000 11.57000 48.60200
 9 11 20 15 59 12725.10000 4.19100000 371.19000 49.11000 11.57000 48.60200
 9 11 20 15 59 12710.20000 4.19100000 370.86000 49.16000 11.57000 48.60200
 9 11 20 16 00 12700.10000 4.19100000 370.32000 49.13000 11.57000 48.60200
 9 11 20 16 00 12680.40000 4.19100000 369.29000 49.00000 11.57000 48.60200
 9 11 20 16 00 12680.00000 4.19100000 369.45000 48.91000 11.57000 48.60200
 9 11 20 16 01 12663.70000 4.19100000 369.13000 48.89000 11.57000 48.60200
 9 11 20 16 01 12659.70000 4.19100000 368.81000 48.78000 11.51700 48.60200
 9 11 20 16 02 12710.30000 4.19100000 369.21000 48.95000 11.51700 48.60200
 9 11 20 16 02 12729.90000 4.16000000 370.74000 49.03000 11.51700 48.60200
 9 11 20 16 03 12740.80000 4.16000000 371.27000 49.08000 11.51700 48.60200
 9 11 20 16 03 12732.10000 4.16000000 371.41000 49.17000 11.51700 48.60200
 9 11 20 16 03 12723.20000 4.16000000 371.03000 49.11000 11.51700 48.60200
 9 11 20 16 04 12724.00000 4.16000000 371.51000 49.13000 11.51700 48.60200
 9 11 20 16 04 12690.10000 4.16000000 371.47000 49.01000 11.51700 48.60200
 9 11 20 16 05 12675.80000 4.19100000 370.88000 49.01000 11.51700 48.60200
 9 11 20 16 05 12654.30000 4.19100000 370.68000 48.93000 11.51700 48.60200
 9 11 20 16 05 12630.10000 4.19100000 369.74000 48.83000 11.51700 48.60200
 9 11 20 16 06 12641.00000 4.19100000 369.80000 48.81000 11.51700 48.60200
 9 11 20 16 06 12616.00000 4.19100000 369.79000 48.81000 11.51700 48.60200
 9 11 20 16 07 12627.90000 4.19100000 370.28000 48.81000 11.51700 48.60200
 9 11 20 16 07 12626.50000 4.19100000 370.13000 48.81000 11.51700 48.60200
 9 11 20 16 08 12614.90000 4.19100000 369.46000 48.76000 11.51700 48.60200
 9 11 20 16 08 12616.50000 4.19100000 369.46000 48.76000 11.51700 48.60200
 9 11 20 16 08 12629.90000 4.19100000 369.85000 48.79000 11.51700 48.60200
 9 11 20 16 09 12640.60000 4.19100000 369.72000 48.80000 11.51700 48.60200
 9 11 20 16 09 12649.60000 4.19100000 369.43000 48.80000 11.59100 48.60200
 9 11 20 16 10 12613.50000 4.19100000 369.01000 48.75000 11.59100 48.60200
 9 11 20 16 10 12611.50000 4.19300000 368.75000 48.76000 11.59100 48.60200
 9 11 20 16 11 12589.10000 4.19300000 368.47000 48.73000 11.59100 48.60200
 9 11 20 16 11 12612.00000 4.19300000 369.11000 48.73000 11.59100 48.60200
 9 11 20 16 11 12595.00000 4.19300000 368.68000 48.73000 11.59100 48.60200
 9 11 20 16 12 12613.10000 4.13800000 369.29000 48.78000 11.59100 48.32700
 9 11 20 16 12 12601.20000 4.13800000 368.84000 48.78000 11.59100 48.32700
 9 11 20 16 13 12590.00000 4.13800000 368.59000 48.72000 11.59100 48.32700
 9 11 20 16 13 12573.80000 4.13800000 368.59000 48.71000 11.59100 48.32700
 9 11 20 16 14 12591.70000 4.13800000 368.50000 48.71000 11.59100 48.32700
 9 11 20 16 14 12604.50000 4.13800000 369.59000 48.71000 11.59100 48.32700
 9 11 20 16 14 12586.30000 4.13800000 368.76000 48.71000 11.59100 48.32700
 9 11 20 16 15 12561.00000 4.13800000 367.71000 48.71000 11.59100 48.32700
 9 11 20 16 15 12585.10000 4.13800000 368.50000 48.71000 11.53800 48.32700
 9 11 20 16 16 12607.40000 4.13800000 368.90000 48.71000 11.53800 48.32700
 9 11 20 16 16 12624.50000 4.13800000 369.78000 48.95000 11.53800 48.32700
 9 11 20 16 17 12635.80000 4.13800000 369.84000 49.04000 11.53800 48.29700
 9 11 20 16 17 12613.80000 4.13800000 369.62000 48.96000 11.53800 48.29700
 9 11 20 16 17 12614.70000 4.13800000 369.52000 48.96000 11.53800 48.29700
 9 11 20 16 18 12626.50000 4.19900000 369.62000 48.99000 11.53800 48.29700
 9 11 20 16 18 12618.90000 4.19900000 369.94000 49.02000 11.53800 48.29700
 9 11 20 16 19 12622.00000 4.20100000 369.95000 49.04000 11.53800 48.29700
 9 11 20 16 19 12622.00000 4.20100000 369.73000 49.04000 11.53800 48.29700
 9 11 20 16 20 12630.00000 4.21000000 370.46000 49.04000 11.53800 48.29700
 9 11 20 16 20 12631.20000 4.21000000 370.75000 49.04000 11.53800 48.29700
 9 11 20 16 20 12650.00000 4.21000000 370.90000 49.04000 11.53800 48.29700
 9 11 20 16 21 12659.80000 4.22000000 371.31000 49.22000 11.53800 48.29700
 9 11 20 16 21 12675.00000 4.22000000 371.64000 49.33000 11.53800 48.29700
 9 11 20 16 22 12665.70000 4.22300000 371.24000 49.28000 11.53800 48.29700
 9 11 20 16 22 12654.80000 4.22300000 371.21000 49.28000 11.53800 48.75900
 9 11 20 16 23 12659.70000 4.22300000 371.47000 49.28000 11.53800 48.75900
 9 11 20 16 23 12662.10000 4.22900000 371.49000 49.34000 11.53800 48.72800
 9 11 20 16 23 12662.40000 4.22900000 371.65000 49.34000 11.53800 48.72800
 9 11 20 16 24 12641.50000 4.23000000 371.50000 49.34000 11.53800 48.80700
 9 11 20 16 24 12655.30000 4.23000000 371.63000 49.34000 11.53800 48.80700
 9 11 20 16 25 12650.00000 4.23000000 371.50000 49.29000 11.53800 48.80700
 9 11 20 16 25 12631.20000 4.23000000 371.41000 49.23000 11.53800 48.80700
 9 11 20 16 26 12630.10000 4.23000000 371.54000 49.23000 11.53800 48.80700
 9 11 20 16 26 12646.60000 4.23000000 371.46000 49.23000 11.58200 48.80700
 9 11 20 16 26 12643.10000 4.23000000 371.45000 49.23000 11.58200 48.80700
 9 11 20 16 27 12621.90000 4.23000000 371.18000 49.17000 11.59100 48.80700
 9 11 20 16 27 12606.70000 4.23000000 370.46000 49.08000 11.59100 48.80700
 9 11 20 16 28 12609.40000 4.23000000 370.43000 49.08000 11.59100 48.80700
 9 11 20 16 28 12622.00000 4.23000000 370.66000 49.00000 11.59000 48.80700
 9 11 20 16 29 12617.60000 4.23000000 370.46000 49.09000 11.59000 48.80700
 9 11 20 16 29 12607.70000 4.23000000 370.40000 49.09000 11.59000 48.74200
 9 11 20 16 29 12607.70000 4.23000000 370.08000 49.09000 11.59000 48.74200
 9 11 20 16 30 12602.90000 4.23500000 370.11000 49.09000 11.59000 48.74200
 9 11 20 16 30 12603.60000 4.23500000 370.00000 49.09000 11.59000 48.74200
 9 11 20 16 31 12616.10000 4.25000000 370.09000 49.09000 11.59000 48.87000
 9 11 20 16 31 12630.00000 4.25000000 370.72000 49.16000 11.59000 49.04900
 9 11 20 16 32 12636.00000 4.25000000 370.98000 49.19000 11.59000 49.04900
 9 11 20 16 32 12648.80000 4.25000000 371.46000 49.27000 11.59000 49.04900
 9 11 20 16 32 12650.00000 4.25000000 371.53000 49.27000 11.59000 49.04900
 9 11 20 16 33 12650.00000 4.25000000 371.77000 49.27000 11.59000 49.04900
 9 11 20 16 33 12650.10000 4.25000000 371.77000 49.27000 11.59000 49.04900
 9 11 20 16 34 12650.10000 4.25000000 371.89000 49.27000 11.59000 49.04900
 9 11 20 16 34 12651.70000 4.25000000 371.86000 49.27000 11.59000 49.04900
 9 11 20 16 35 12651.70000 4.25000000 371.91000 49.23000 11.59000 49.04900
 9 11 20 16 35 12653.00000 4.25000000 371.83000 49.23000 11.59000 49.04900
 9 11 20 16 35 12650.00000 4.25000000 371.83000 49.23000 11.59000 49.04900
 9 11 20 16 36 12650.10000 4.25000000 371.83000 49.23000 11.59000 49.04900
 9 11 20 16 36 12634.40000 4.25000000 371.53000 49.20000 11.59000 49.04900
 9 11 20 16 37 12647.00000 4.25000000 371.90000 49.20000 11.59000 49.04900
