M=[
18 11 20 00 07 14891.90000 4.88000000 407.73000 64.58000 14.04300 56.40000
18 11 20 00 08 14891.00000 4.88000000 407.73000 64.56000 14.04300 56.40000
18 11 20 00 08 14891.00000 4.88500000 407.73000 64.46000 14.04300 56.40000
18 11 20 00 08 14890.00000 4.88500000 408.00000 64.56000 14.04300 56.40000
18 11 20 00 09 14887.80000 4.88500000 408.00000 64.56000 14.04300 56.40000
18 11 20 00 09 14891.70000 4.89000000 408.84000 64.62000 14.04300 56.40000
18 11 20 00 10 14891.80000 4.89000000 408.66000 64.62000 14.04100 56.40000
18 11 20 00 10 14891.80000 4.89500000 408.55000 64.62000 14.04100 56.49900
18 11 20 00 11 14891.20000 4.89500000 408.89000 64.64000 13.89200 56.56000
18 11 20 00 11 14893.60000 4.90500000 409.00000 64.79000 13.89200 56.52700
18 11 20 00 11 14890.40000 4.90500000 408.91000 64.79000 13.89200 56.60000
18 11 20 00 12 14893.50000 4.90500000 408.84000 64.78000 13.89200 56.60000
18 11 20 00 12 14910.10000 4.91100000 409.00000 64.81000 13.89200 56.79000
18 11 20 00 13 14925.10000 4.91100000 409.75000 64.84000 13.89200 56.79600
18 11 20 00 13 14932.00000 4.91100000 409.59000 64.76000 13.89200 56.79600
18 11 20 00 14 14934.60000 4.91100000 409.59000 64.83000 13.89200 56.79600
18 11 20 00 14 14934.90000 4.91100000 410.00000 64.89000 13.89200 57.00000
18 11 20 00 14 14935.00000 4.91100000 410.00000 64.89000 13.89300 57.04700
18 11 20 00 15 14936.00000 4.91100000 409.89000 64.79000 13.89300 57.04700
18 11 20 00 15 14936.00000 4.91100000 409.99000 64.76000 13.98200 57.04700
18 11 20 00 16 14936.00000 4.91600000 409.45000 64.75000 13.98200 57.04700
18 11 20 00 16 14936.10000 4.91600000 409.95000 64.75000 13.98200 56.91000
18 11 20 00 17 14948.60000 4.91600000 409.95000 64.71000 13.87000 56.91000
18 11 20 00 17 14948.50000 4.88900000 408.78000 64.44000 13.87000 56.91000
18 11 20 00 17 14948.50000 4.88900000 409.52000 64.42000 13.98100 56.91000
18 11 20 00 18 14948.60000 4.88300000 409.44000 64.32000 13.98100 56.91000
18 11 20 00 18 14948.60000 4.88300000 409.37000 64.47000 13.98100 56.91000
18 11 20 00 19 14954.80000 4.88300000 409.97000 64.47000 13.98100 56.91000
18 11 20 00 19 14967.40000 4.88300000 409.99000 64.52000 13.98100 56.91000
18 11 20 00 20 14968.60000 4.88300000 409.88000 64.48000 13.98100 56.91000
18 11 20 00 20 14964.30000 4.88300000 410.00000 64.48000 13.98100 56.91000
18 11 20 00 20 14980.80000 4.88300000 410.00000 64.48000 13.98100 56.91000
18 11 20 00 21 14980.80000 4.88300000 410.00000 64.41000 13.98100 56.91000
18 11 20 00 21 14976.80000 4.88300000 410.00000 64.41000 13.98100 56.91000
18 11 20 00 22 14971.20000 4.88900000 410.22000 64.27000 13.98100 56.91000
18 11 20 00 22 14966.70000 4.88900000 409.52000 64.16000 13.98100 56.91000
18 11 20 00 23 14967.00000 4.88900000 409.57000 64.16000 13.98100 56.91000
18 11 20 00 23 14972.80000 4.88900000 409.83000 64.11000 13.98100 56.91000
18 11 20 00 23 14989.90000 4.88900000 410.21000 64.11000 13.98100 56.91000
18 11 20 00 24 14989.80000 4.88900000 410.57000 63.91000 13.98100 56.91000
18 11 20 00 24 14989.70000 4.88900000 410.60000 63.82000 13.98100 56.91000
18 11 20 00 25 14989.60000 4.88900000 410.29000 63.73000 13.98100 56.91000
18 11 20 00 25 14964.90000 4.88900000 410.04000 63.95000 13.98100 56.91000
18 11 20 00 26 14962.70000 4.88900000 409.87000 63.95000 13.98100 56.91000
18 11 20 00 26 14957.80000 4.88900000 409.54000 64.04000 13.98100 56.91000
18 11 20 00 26 14957.70000 4.88900000 409.37000 63.96000 13.98100 56.91000
18 11 20 00 27 14955.00000 4.87500000 409.27000 64.00000 13.98100 56.91000
18 11 20 00 27 14963.60000 4.87500000 409.06000 64.12000 13.98100 56.91000
18 11 20 00 28 14959.10000 4.87500000 409.21000 63.97000 13.98100 56.91000
18 11 20 00 28 14959.10000 4.87500000 409.35000 63.96000 13.98100 56.91000
18 11 20 00 29 14955.10000 4.87500000 409.25000 64.00000 13.98100 56.91000
18 11 20 00 29 14957.20000 4.87500000 409.50000 64.01000 13.98100 56.91000
18 11 20 00 29 14955.00000 4.87500000 409.50000 63.99000 13.98100 56.91000
18 11 20 00 30 14951.10000 4.87500000 409.31000 63.86000 13.98100 56.91000
18 11 20 00 30 14951.10000 4.87500000 408.74000 63.57000 13.98100 56.91000
18 11 20 00 31 14941.90000 4.87500000 408.07000 63.45000 13.98100 56.91000
18 11 20 00 31 14940.00000 4.87500000 408.00000 63.45000 13.98100 56.91000
18 11 20 00 32 14940.10000 4.86500000 408.65000 63.35000 13.98100 56.64300
18 11 20 00 32 14929.10000 4.86000000 408.53000 63.34000 13.90400 56.64300
18 11 20 00 32 14931.20000 4.86000000 408.53000 63.34000 13.90400 56.64300
18 11 20 00 33 14938.00000 4.86000000 408.53000 63.40000 13.90400 56.64300
18 11 20 00 33 14942.10000 4.86000000 408.57000 63.36000 13.90400 56.64300
18 11 20 00 34 14936.10000 4.86000000 408.53000 63.39000 13.90400 56.64300
18 11 20 00 34 14950.90000 4.86000000 408.53000 63.50000 13.90400 56.64300
18 11 20 00 35 14950.90000 4.86000000 408.53000 63.53000 13.90400 56.64300
18 11 20 00 35 14942.10000 4.86000000 408.53000 63.40000 13.90400 56.64300
18 11 20 00 35 14937.20000 4.86000000 408.53000 63.50000 13.90400 56.64300
18 11 20 00 36 14916.40000 4.86000000 408.52000 63.46000 13.90400 56.64300
18 11 20 00 36 14888.00000 4.85000000 407.12000 63.27000 13.90400 56.55200
18 11 20 00 37 14887.70000 4.85000000 407.14000 63.32000 13.90400 56.55200
18 11 20 00 37 14882.80000 4.85000000 407.43000 63.30000 13.90400 56.55200
18 11 20 00 38 14851.10000 4.85000000 407.16000 63.08000 13.90400 56.55200
18 11 20 00 38 14862.90000 4.85000000 407.04000 63.11000 13.90400 56.55200
18 11 20 00 38 14860.00000 4.85000000 406.05000 62.83000 13.90400 56.20000
18 11 20 00 39 14834.10000 4.85000000 405.90000 62.83000 13.90400 56.20000
18 11 20 00 39 14841.70000 4.85000000 405.91000 62.92000 13.90400 56.07800
18 11 20 00 40 14868.70000 4.85000000 407.06000 63.04000 13.90400 56.16900
18 11 20 00 40 14869.20000 4.85000000 407.10000 63.21000 13.90400 56.16900
18 11 20 00 40 14868.20000 4.85000000 407.10000 63.17000 13.90400 56.16900
18 11 20 00 41 14879.90000 4.85000000 407.10000 63.23000 13.90400 56.16900
18 11 20 00 41 14887.90000 4.85000000 407.15000 63.18000 13.90400 56.16900
18 11 20 00 42 14868.50000 4.84000000 407.11000 63.06000 13.90400 56.26000
18 11 20 00 42 14873.50000 4.83200000 407.11000 63.06000 13.90400 56.26000
18 11 20 00 43 14873.50000 4.83200000 406.89000 63.16000 13.90400 56.26000
18 11 20 00 43 14879.90000 4.82900000 406.97000 63.30000 13.90400 56.26000
18 11 20 00 43 14879.90000 4.82900000 406.97000 63.25000 13.90400 56.26000
18 11 20 00 44 14885.00000 4.82900000 406.97000 63.25000 13.90400 56.26000
18 11 20 00 44 14885.00000 4.82900000 406.73000 63.22000 13.90400 56.26000
18 11 20 00 45 14881.40000 4.82900000 407.02000 63.22000 13.90400 56.26000
18 11 20 00 45 14885.20000 4.82900000 406.84000 63.23000 13.90400 56.26000
18 11 20 00 46 14889.90000 4.82900000 407.17000 63.35000 13.90400 56.26000
18 11 20 00 46 14890.00000 4.82900000 407.17000 63.33000 13.90400 56.26000
18 11 20 00 46 14890.00000 4.82900000 407.17000 63.33000 13.90400 56.26000
18 11 20 00 47 14892.00000 4.82900000 407.67000 63.33000 13.90400 56.26000
18 11 20 00 47 14892.60000 4.82900000 407.61000 63.32000 13.90400 56.26000
18 11 20 00 48 14869.00000 4.83900000 407.24000 63.18000 13.90400 56.26000
18 11 20 00 48 14863.50000 4.83900000 407.24000 63.25000 13.90400 56.26000
18 11 20 00 49 14879.10000 4.83900000 407.32000 63.28000 13.90400 56.26000
18 11 20 00 49 14886.20000 4.83900000 407.32000 63.38000 13.90400 56.26000
18 11 20 00 49 14895.90000 4.82800000 408.04000 63.38000 13.90400 56.26000
18 11 20 00 50 14892.00000 4.82800000 408.04000 63.30000 13.90400 56.26000
18 11 20 00 50 14886.50000 4.82800000 408.04000 63.28000 13.90400 56.26000
18 11 20 00 51 14893.30000 4.82800000 408.04000 63.29000 13.90400 56.26000
18 11 20 00 51 14899.90000 4.82800000 408.21000 63.29000 13.90400 56.26000
18 11 20 00 52 14900.00000 4.82800000 408.10000 63.22000 13.90400 56.26000
18 11 20 00 52 14899.90000 4.82800000 408.19000 63.22000 13.90400 56.26000
