M=[
20 12 20 06 45 19190.10000 5.19500000 529.14000 99.13000 15.48200 59.47700
20 12 20 06 46 19190.10000 5.19500000 528.79000 99.14000 15.57100 59.47700
20 12 20 06 46 19185.00000 5.19500000 528.80000 99.14000 15.57100 59.47700
20 12 20 06 47 19185.10000 5.19500000 528.80000 99.34000 15.57100 59.47700
20 12 20 06 47 19180.00000 5.19500000 529.17000 99.32000 15.57100 59.47700
20 12 20 06 47 19163.40000 5.19500000 529.17000 99.32000 15.57100 59.47700
20 12 20 06 48 19160.10000 5.19500000 529.17000 99.32000 15.57100 59.47700
20 12 20 06 48 19160.10000 5.19500000 528.89000 99.05000 15.57100 59.47700
20 12 20 06 49 19160.00000 5.19500000 528.88000 99.04000 15.57100 59.47700
20 12 20 06 49 19158.40000 5.19500000 528.88000 99.04000 15.57100 59.47700
20 12 20 06 50 19150.00000 5.19500000 528.64000 98.90000 15.57100 59.47700
20 12 20 06 50 19151.60000 5.19500000 528.81000 98.90000 15.57100 59.47700
20 12 20 06 50 19151.60000 5.19500000 528.80000 98.90000 15.57100 59.47700
20 12 20 06 51 19169.50000 5.19500000 528.80000 98.92000 15.57100 59.47700
20 12 20 06 51 19169.50000 5.19500000 528.80000 98.92000 15.57100 59.47700
20 12 20 06 52 19169.50000 5.19500000 528.80000 98.99000 15.57100 59.47700
20 12 20 06 52 19169.50000 5.19500000 528.80000 98.83000 15.57100 59.47700
20 12 20 06 53 19163.60000 5.19500000 528.84000 98.89000 15.57100 59.47700
20 12 20 06 53 19163.40000 5.19500000 528.83000 98.89000 15.57100 59.47700
20 12 20 06 53 19160.10000 5.19500000 528.83000 98.86000 15.57100 59.47700
20 12 20 06 54 19150.10000 5.19500000 528.84000 98.71000 15.57100 59.47700
20 12 20 06 54 19158.90000 5.19500000 528.84000 98.94000 15.57100 59.47700
20 12 20 06 55 19155.50000 5.19500000 528.82000 98.99000 15.57100 59.47700
20 12 20 06 55 19150.00000 5.19500000 528.82000 99.12000 15.57100 59.47700
20 12 20 06 56 19150.00000 5.19500000 528.82000 99.20000 15.57100 59.47700
20 12 20 06 56 19148.60000 5.19500000 528.85000 99.02000 15.57100 59.47700
20 12 20 06 56 19142.20000 5.19500000 528.85000 99.02000 15.57100 59.47700
20 12 20 06 57 19142.20000 5.19500000 528.85000 99.02000 15.57100 59.47700
20 12 20 06 57 19140.00000 5.19500000 528.85000 99.04000 15.57100 59.47700
20 12 20 06 58 19137.50000 5.19500000 528.94000 99.04000 15.57100 59.47700
20 12 20 06 58 19140.00000 5.19500000 528.94000 99.09000 15.57100 59.47700
20 12 20 06 59 19140.10000 5.19500000 528.94000 99.09000 15.57100 59.47700
20 12 20 06 59 19140.10000 5.19500000 528.94000 99.10000 15.57100 59.47700
20 12 20 06 59 19137.40000 5.19500000 528.93000 99.00000 15.57100 59.47700
20 12 20 07 00 19121.70000 5.19500000 528.93000 99.01000 15.57100 59.47700
20 12 20 07 00 19121.70000 5.19500000 528.68000 99.01000 15.57100 59.47700
20 12 20 07 01 19126.60000 5.19500000 528.67000 99.01000 15.57100 59.47700
20 12 20 07 01 19126.60000 5.19500000 528.67000 99.11000 15.57100 59.47700
20 12 20 07 02 19130.60000 5.19500000 528.88000 99.11000 15.57100 59.48700
20 12 20 07 02 19136.10000 5.19500000 528.89000 99.14000 15.57100 59.48700
20 12 20 07 02 19137.70000 5.19500000 528.89000 99.03000 15.57100 59.48700
20 12 20 07 03 19137.70000 5.19500000 528.89000 99.04000 15.57100 59.48700
20 12 20 07 03 19137.70000 5.19500000 528.73000 99.21000 15.57100 59.48700
20 12 20 07 04 19140.20000 5.19500000 528.76000 99.19000 15.57100 59.48700
20 12 20 07 04 19140.20000 5.19500000 528.76000 99.26000 15.57100 59.48700
20 12 20 07 05 19140.10000 5.19500000 528.79000 99.46000 15.57100 59.48700
20 12 20 07 05 19140.20000 5.19500000 528.79000 99.46000 15.57100 59.48700
20 12 20 07 05 19140.20000 5.19500000 528.79000 99.62000 15.57100 59.48700
20 12 20 07 06 19140.10000 5.19500000 528.99000 99.61000 15.57100 59.48700
20 12 20 07 06 19152.50000 5.19500000 529.49000 99.61000 15.57100 59.48700
20 12 20 07 07 19152.60000 5.19500000 529.49000 99.47000 15.57100 59.48700
20 12 20 07 07 19159.80000 5.19500000 529.31000 99.48000 15.57100 59.48700
20 12 20 07 08 19155.20000 5.19500000 529.31000 99.51000 15.57100 59.48700
20 12 20 07 08 19160.00000 5.19500000 529.32000 99.51000 15.57100 59.48700
20 12 20 07 08 19162.00000 5.19500000 529.31000 99.40000 15.57100 59.48700
20 12 20 07 09 19158.30000 5.19500000 529.31000 99.28000 15.57100 59.48700
20 12 20 07 09 19158.40000 5.19500000 529.31000 99.38000 15.57100 59.48700
20 12 20 07 10 19151.20000 5.19500000 529.08000 99.12000 15.57100 59.48700
20 12 20 07 10 19154.70000 5.19500000 529.22000 99.18000 15.57100 59.48700
20 12 20 07 11 19156.20000 5.19500000 529.39000 99.18000 15.57100 59.48700
20 12 20 07 11 19154.50000 5.19500000 529.39000 99.31000 15.57100 59.48700
20 12 20 07 11 19154.50000 5.19500000 529.47000 99.31000 15.57100 59.48700
20 12 20 07 12 19154.50000 5.19500000 529.47000 99.31000 15.57100 59.48700
20 12 20 07 12 19154.50000 5.19500000 529.47000 99.31000 15.57100 59.48700
20 12 20 07 13 19154.40000 5.19500000 529.47000 99.31000 15.57100 59.48700
20 12 20 07 13 19154.50000 5.19500000 529.76000 99.42000 15.57100 59.48700
20 12 20 07 14 19154.40000 5.19500000 529.91000 99.42000 15.57100 59.48700
20 12 20 07 14 19154.50000 5.19500000 530.42000 99.64000 15.57100 59.48700
20 12 20 07 14 19154.50000 5.19500000 530.43000 99.83000 15.57100 59.48700
20 12 20 07 15 19154.40000 5.19500000 530.81000 99.74000 15.57100 59.48700
20 12 20 07 15 19154.50000 5.19500000 530.69000 99.74000 15.57100 59.48700
20 12 20 07 16 19154.50000 5.19500000 530.68000 99.59000 15.57100 59.48700
20 12 20 07 16 19154.40000 5.19500000 530.54000 99.59000 15.57100 59.48700
20 12 20 07 17 19154.50000 5.19500000 530.54000 99.58000 15.57100 59.48700
20 12 20 07 17 19154.50000 5.19500000 530.76000 99.64000 15.57100 59.48700
20 12 20 07 17 19154.50000 5.19500000 530.77000 99.70000 15.57100 59.48700
20 12 20 07 18 19154.50000 5.19500000 530.81000 99.74000 15.57100 59.48700
20 12 20 07 18 19154.50000 5.19500000 530.81000 99.74000 15.57100 59.48700
20 12 20 07 19 19154.40000 5.19500000 530.86000 99.85000 15.57100 59.48700
20 12 20 07 19 19167.70000 5.19500000 531.00000 99.87000 15.57100 59.48700
20 12 20 07 20 19170.00000 5.19500000 531.00000 99.87000 15.57100 59.48700
20 12 20 07 20 19160.50000 5.19500000 530.77000 99.64000 15.57100 59.48700
20 12 20 07 20 19166.50000 5.19500000 530.77000 99.67000 15.57100 59.48700
20 12 20 07 21 19157.90000 5.19500000 530.70000 99.62000 15.57100 59.48700
20 12 20 07 21 19162.30000 5.19500000 530.99000 99.62000 15.57100 59.48700
20 12 20 07 22 19154.50000 5.19500000 530.98000 99.74000 15.57100 59.48700
20 12 20 07 22 19159.50000 5.19500000 530.67000 99.80000 15.57100 59.48700
20 12 20 07 23 19159.50000 5.19500000 530.67000 99.80000 15.57100 59.48700
20 12 20 07 23 19154.80000 5.19500000 530.75000 99.69000 15.57100 59.48700
20 12 20 07 23 19150.10000 5.19500000 530.05000 99.53000 15.57100 59.48700
20 12 20 07 24 19150.00000 5.19500000 530.26000 99.54000 15.57100 59.48700
20 12 20 07 24 19135.20000 5.19500000 530.00000 99.42000 15.57100 59.48700
20 12 20 07 25 19116.50000 5.19500000 530.00000 99.17000 15.57100 59.48700
20 12 20 07 25 19116.60000 5.19500000 529.79000 99.25000 15.57100 59.48700
20 12 20 07 26 19093.00000 5.19500000 529.65000 99.11000 15.57100 59.48700
20 12 20 07 26 19073.40000 5.19500000 528.97000 98.78000 15.57100 59.48700
20 12 20 07 26 19088.30000 5.19500000 528.89000 98.70000 15.57100 59.57100
20 12 20 07 27 19088.20000 5.19500000 528.90000 98.64000 15.57100 59.57100
20 12 20 07 27 19100.50000 5.19500000 529.08000 98.96000 15.57100 59.57100
20 12 20 07 28 19106.00000 5.19500000 529.67000 99.14000 15.57100 59.57100
20 12 20 07 28 19113.30000 5.19500000 529.67000 99.14000 15.57100 59.57100
20 12 20 07 29 19116.50000 5.19500000 529.67000 99.14000 15.57100 59.57100
20 12 20 07 29 19107.00000 5.19500000 529.67000 99.14000 15.57100 59.57100
20 12 20 07 29 19112.90000 5.19500000 529.66000 99.14000 15.57100 59.57100
20 12 20 07 30 19121.80000 5.19500000 529.45000 99.14000 15.57100 59.57100
20 12 20 07 30 19121.80000 5.19500000 529.65000 99.03000 15.58800 59.57100
