M=[
18 12 20 11 56 18660.00000 5.25000000 530.58000 88.37000 18.36400 60.17000
18 12 20 11 57 18655.00000 5.25000000 530.30000 88.37000 18.36400 60.17000
18 12 20 11 57 18655.00000 5.25000000 530.44000 88.37000 18.36400 60.21200
18 12 20 11 58 18653.10000 5.25000000 530.43000 88.30000 18.30000 60.21200
18 12 20 11 58 18653.10000 5.25000000 530.55000 88.30000 18.38500 60.21200
18 12 20 11 59 18653.20000 5.25000000 530.54000 88.33000 18.38500 60.21200
18 12 20 11 59 18648.60000 5.25000000 530.55000 88.37000 18.38500 60.21200
18 12 20 11 59 18648.60000 5.25000000 530.68000 88.46000 18.38500 60.21200
18 12 20 12 00 18659.10000 5.25000000 530.72000 88.50000 18.08400 60.21200
18 12 20 12 00 18678.40000 5.28600000 530.97000 88.50000 18.08400 60.21200
18 12 20 12 01 18678.40000 5.28600000 530.97000 88.56000 18.08400 60.21200
18 12 20 12 01 18658.50000 5.28600000 530.54000 88.31000 18.08400 60.21200
18 12 20 12 02 18654.90000 5.28600000 530.45000 88.18000 18.08400 60.21200
18 12 20 12 02 18640.00000 5.28600000 529.48000 88.16000 18.00000 60.21200
18 12 20 12 02 18625.10000 5.28600000 529.55000 88.16000 18.00000 60.21200
18 12 20 12 03 18615.40000 5.28600000 528.78000 87.81000 18.00000 60.21200
18 12 20 12 03 18580.10000 5.28600000 528.78000 87.71000 18.00000 60.21200
18 12 20 12 04 18598.10000 5.28600000 529.03000 87.72000 18.00000 60.21200
18 12 20 12 04 18581.00000 5.25800000 528.84000 87.72000 18.00000 60.19200
18 12 20 12 05 18593.90000 5.25800000 528.10000 87.59000 18.00000 60.19200
18 12 20 12 05 18579.50000 5.25800000 528.10000 87.57000 18.00000 60.19200
18 12 20 12 05 18572.20000 5.25000000 527.61000 87.27000 18.00000 60.19200
18 12 20 12 06 18568.60000 5.25000000 527.38000 86.99000 18.00000 60.19200
18 12 20 12 06 18549.90000 5.24600000 526.32000 86.74000 18.15200 60.19200
18 12 20 12 07 18580.00000 5.24600000 526.88000 86.83000 17.68000 60.19200
18 12 20 12 07 18579.90000 5.24600000 527.62000 87.31000 17.68000 60.19200
18 12 20 12 08 18570.20000 5.24600000 527.00000 87.33000 17.68000 60.19200
18 12 20 12 08 18575.90000 5.22100000 527.53000 87.30000 17.68000 60.19200
18 12 20 12 08 18575.90000 5.22100000 527.75000 87.38000 17.65000 60.19200
18 12 20 12 09 18594.30000 5.22100000 528.13000 87.43000 17.96900 60.19200
18 12 20 12 09 18609.00000 5.22100000 528.28000 87.51000 17.96900 60.19200
18 12 20 12 10 18631.10000 5.22100000 528.99000 87.70000 17.69700 60.19200
18 12 20 12 10 18619.00000 5.22100000 528.99000 87.83000 17.99700 60.19200
18 12 20 12 11 18638.90000 5.22100000 528.98000 87.83000 17.65000 60.19200
18 12 20 12 11 18650.00000 5.22100000 530.15000 88.00000 17.65000 60.19200
18 12 20 12 11 18678.30000 5.22100000 530.16000 88.19000 17.65000 60.19200
18 12 20 12 12 18712.00000 5.22100000 531.13000 88.49000 17.65100 60.32300
18 12 20 12 12 18739.00000 5.22100000 531.78000 88.71000 17.78000 60.32300
18 12 20 12 13 18791.90000 5.27700000 532.93000 89.11000 17.78000 60.32300
18 12 20 12 13 18776.00000 5.27700000 533.15000 89.05000 17.66300 60.56600
18 12 20 12 14 18778.10000 5.27700000 533.13000 89.26000 17.66300 60.56600
18 12 20 12 14 18768.40000 5.27700000 533.23000 89.18000 17.66300 60.56600
18 12 20 12 14 18780.70000 5.27700000 533.05000 89.32000 17.72600 60.45800
18 12 20 12 15 18793.30000 5.27700000 532.79000 89.18000 17.72600 60.45800
18 12 20 12 15 18781.20000 5.27700000 532.53000 89.20000 17.72600 60.45800
18 12 20 12 16 18775.90000 5.27700000 532.55000 89.12000 17.72600 60.45800
18 12 20 12 16 18779.60000 5.27700000 532.47000 89.18000 17.72600 60.45800
18 12 20 12 17 18766.50000 5.27700000 532.58000 89.12000 17.72600 60.45800
18 12 20 12 17 18766.20000 5.27700000 532.33000 89.25000 17.72600 60.45800
18 12 20 12 17 18763.20000 5.27700000 532.20000 89.25000 17.65000 60.45800
18 12 20 12 18 18758.80000 5.27700000 531.51000 89.13000 17.65000 60.45800
18 12 20 12 18 18740.00000 5.27700000 531.53000 89.17000 17.59200 60.45800
18 12 20 12 19 18751.50000 5.27700000 532.10000 89.12000 17.58100 60.45800
18 12 20 12 19 18741.90000 5.28300000 531.48000 89.02000 17.12900 60.45800
18 12 20 12 20 18740.10000 5.28300000 531.24000 88.92000 17.30000 60.45800
18 12 20 12 20 18752.30000 5.28300000 531.59000 88.97000 17.30100 60.45800
18 12 20 12 20 18754.80000 5.28300000 531.89000 88.97000 17.30100 60.45800
18 12 20 12 21 18753.90000 5.28300000 531.89000 89.04000 17.11900 60.45800
18 12 20 12 21 18746.50000 5.28300000 531.89000 89.04000 17.11900 60.45800
18 12 20 12 22 18740.00000 5.28300000 530.95000 89.12000 17.03200 60.45800
18 12 20 12 22 18727.80000 5.28300000 531.13000 88.88000 17.30500 60.45800
18 12 20 12 23 18728.50000 5.28300000 530.86000 88.78000 17.03200 60.45800
18 12 20 12 23 18721.80000 5.28300000 530.54000 88.76000 17.03100 60.45800
18 12 20 12 23 18728.50000 5.28300000 530.50000 88.75000 17.20200 60.45800
18 12 20 12 24 18716.50000 5.28300000 530.17000 88.65000 17.17600 60.45800
18 12 20 12 24 18707.70000 5.28300000 530.02000 88.65000 17.17600 60.45800
18 12 20 12 25 18701.00000 5.28300000 529.71000 88.54000 17.09700 60.45800
18 12 20 12 25 18715.40000 5.28300000 529.74000 88.54000 17.03200 60.45800
18 12 20 12 26 18712.30000 5.28300000 529.87000 88.75000 17.03200 60.45800
18 12 20 12 26 18726.80000 5.28300000 530.05000 88.65000 17.03200 60.45800
18 12 20 12 26 18725.00000 5.28300000 530.00000 88.64000 17.03200 60.45800
18 12 20 12 27 18722.30000 5.28300000 529.59000 88.65000 17.34300 60.45800
18 12 20 12 27 18696.10000 5.28300000 528.73000 88.35000 17.34300 60.45800
18 12 20 12 28 18696.10000 5.28300000 528.73000 88.35000 17.34200 60.45800
18 12 20 12 28 18698.90000 5.28300000 529.65000 88.59000 17.34300 60.45800
18 12 20 12 29 18713.50000 5.28300000 529.90000 88.59000 17.34300 60.45800
18 12 20 12 29 18714.40000 5.28300000 529.59000 88.69000 17.34300 60.45800
18 12 20 12 29 18699.30000 5.28300000 528.79000 88.67000 17.34300 60.45800
18 12 20 12 30 18710.60000 5.28300000 529.31000 88.81000 17.34300 60.45800
18 12 20 12 30 18726.50000 5.28300000 529.84000 89.02000 17.34300 60.16400
18 12 20 12 31 18729.00000 5.28300000 530.01000 89.02000 17.49000 60.16400
18 12 20 12 31 18748.30000 5.28300000 530.12000 89.17000 17.49000 60.16400
18 12 20 12 32 18739.90000 5.28300000 530.28000 89.18000 17.88500 60.16400
18 12 20 12 32 18740.00000 5.28300000 529.97000 89.04000 17.53700 60.16400
18 12 20 12 32 18740.00000 5.28300000 530.51000 89.04000 17.74700 60.16400
18 12 20 12 33 18741.70000 5.28300000 530.39000 89.04000 17.74700 60.31000
18 12 20 12 33 18740.00000 5.28300000 530.39000 88.87000 17.82900 60.31000
18 12 20 12 34 18722.00000 5.28300000 529.74000 88.87000 17.82900 60.31000
18 12 20 12 34 18722.00000 5.28300000 529.89000 88.87000 17.82900 60.31000
18 12 20 12 35 18722.00000 5.28300000 530.08000 88.87000 17.82900 60.30900
18 12 20 12 35 18722.00000 5.28300000 529.90000 88.87000 17.82900 60.30900
18 12 20 12 35 18722.00000 5.28300000 529.88000 88.87000 17.82900 60.30900
18 12 20 12 36 18723.20000 5.28300000 530.18000 88.93000 17.74700 60.30900
18 12 20 12 36 18727.00000 5.28300000 530.59000 88.93000 17.74700 60.30900
18 12 20 12 37 18732.70000 5.28300000 530.59000 89.02000 17.98000 60.30900
18 12 20 12 37 18736.90000 5.28300000 530.75000 89.02000 18.04000 60.30900
18 12 20 12 38 18736.90000 5.28300000 530.74000 88.92000 18.04000 60.30900
18 12 20 12 38 18730.10000 5.28300000 530.21000 88.91000 17.80600 60.30900
18 12 20 12 38 18717.00000 5.28300000 529.99000 88.85000 17.80000 60.30900
18 12 20 12 39 18700.50000 5.28300000 529.99000 88.85000 17.74700 60.30900
18 12 20 12 39 18716.60000 5.28300000 530.31000 88.93000 17.74700 60.30900
18 12 20 12 40 18710.30000 5.28300000 530.19000 89.00000 17.74700 60.30900
18 12 20 12 40 18712.50000 5.28300000 530.19000 89.00000 17.74700 60.30900
18 12 20 12 41 18724.90000 5.28300000 530.02000 89.03000 17.61500 60.30900
18 12 20 12 41 18723.60000 5.28300000 530.01000 89.03000 17.80000 60.30900
18 12 20 12 41 18720.10000 5.28300000 529.79000 89.03000 17.82900 60.30900
