M=[
20 7 21 02 37 25735.20000 33.35700000 1496.04000 93.12000 16.52000 73.42300
20 7 21 02 37 25733.90000 33.35700000 1496.18000 93.41000 16.52000 73.42300
20 7 21 02 38 25734.00000 33.38900000 1496.27000 93.41000 16.52000 73.42300
20 7 21 02 38 25734.00000 33.38900000 1495.33000 93.36000 16.52000 73.42300
20 7 21 02 39 25717.20000 33.38900000 1495.55000 93.34000 16.52000 73.42300
20 7 21 02 39 25725.80000 33.38900000 1495.55000 93.34000 16.52000 73.42300
20 7 21 02 39 25712.60000 33.38900000 1494.95000 93.34000 16.52000 73.42300
20 7 21 02 40 25708.60000 33.38900000 1494.13000 93.34000 16.52000 73.42300
20 7 21 02 40 25723.10000 33.32700000 1494.13000 93.34000 16.52000 73.42300
20 7 21 02 41 25720.60000 33.32700000 1494.60000 93.22000 16.43800 73.42300
20 7 21 02 41 25706.50000 33.32700000 1494.60000 93.22000 16.43800 73.42300
20 7 21 02 42 25706.60000 33.32700000 1494.28000 93.22000 16.43800 73.42300
20 7 21 02 42 25700.00000 33.32700000 1494.28000 92.80000 16.43800 73.42300
20 7 21 02 42 25677.70000 33.32700000 1494.28000 92.74000 16.43800 73.42300
20 7 21 02 43 25705.80000 33.32700000 1494.28000 92.74000 16.43800 73.42300
20 7 21 02 43 25708.40000 33.32700000 1491.78000 92.74000 16.43800 73.42300
20 7 21 02 44 25699.20000 33.32700000 1491.12000 92.70000 16.43800 73.42300
20 7 21 02 44 25670.00000 33.32700000 1489.02000 92.36000 16.43800 73.42300
20 7 21 02 45 25663.40000 33.08200000 1487.27000 92.39000 16.43800 73.42300
20 7 21 02 45 25676.00000 33.08200000 1489.65000 92.41000 16.43800 73.47700
20 7 21 02 46 25702.20000 33.20600000 1489.68000 92.59000 16.43800 73.47700
20 7 21 02 46 25632.60000 33.20600000 1489.68000 92.59000 16.43800 73.47700
20 7 21 02 46 25667.60000 33.20600000 1487.25000 92.59000 16.43800 73.47700
20 7 21 02 47 25688.10000 33.20600000 1488.55000 92.59000 16.43800 73.47700
20 7 21 02 47 25694.60000 33.20600000 1491.03000 92.78000 16.43800 73.47700
20 7 21 02 48 25705.10000 33.20600000 1491.02000 92.78000 16.43800 73.47700
20 7 21 02 48 25704.30000 33.20600000 1490.90000 92.78000 16.43800 73.47700
20 7 21 02 49 25704.20000 33.20600000 1491.80000 92.78000 16.43800 73.47700
20 7 21 02 49 25724.30000 33.20600000 1490.10000 92.78000 16.28600 73.47700
20 7 21 02 49 25723.10000 33.20600000 1491.77000 92.78000 16.28600 73.47700
20 7 21 02 50 25717.40000 33.20600000 1491.95000 92.78000 16.28600 73.47700
20 7 21 02 50 25704.20000 33.20600000 1491.16000 92.78000 16.28600 73.47700
20 7 21 02 51 25704.20000 33.20600000 1491.50000 92.78000 16.28600 73.47700
20 7 21 02 51 25694.60000 33.20600000 1491.12000 92.78000 16.28600 73.47700
20 7 21 02 52 25678.60000 33.20600000 1490.41000 92.78000 16.28600 73.47700
20 7 21 02 52 25686.40000 33.20600000 1489.48000 92.78000 16.28600 73.47700
20 7 21 02 52 25645.50000 33.20600000 1489.48000 92.76000 16.38300 73.47700
20 7 21 02 53 25673.90000 33.20600000 1489.48000 92.76000 16.38300 73.47700
20 7 21 02 53 25689.10000 33.25400000 1489.45000 92.76000 16.38300 73.47700
20 7 21 02 54 25699.60000 33.25400000 1490.45000 92.76000 16.38300 73.47700
20 7 21 02 54 25693.50000 33.25400000 1490.45000 92.76000 16.38300 73.47700
20 7 21 02 55 25663.10000 33.25400000 1490.02000 92.76000 16.38300 73.47700
20 7 21 02 55 25658.50000 33.25400000 1488.00000 92.76000 16.38300 73.47700
20 7 21 02 55 25652.60000 33.25400000 1487.28000 92.53000 16.38300 73.47700
20 7 21 02 56 25621.00000 33.25400000 1486.98000 92.55000 16.38300 73.31400
20 7 21 02 56 25618.30000 33.25400000 1485.76000 92.42000 16.38300 73.31400
20 7 21 02 57 25613.90000 33.25400000 1486.53000 92.47000 16.38300 73.31400
20 7 21 02 57 25635.60000 33.25400000 1488.62000 92.47000 16.38300 73.31400
20 7 21 02 58 25624.60000 33.25400000 1487.84000 92.61000 16.38300 73.31400
20 7 21 02 58 25605.50000 33.25400000 1487.84000 92.61000 16.38300 73.31400
20 7 21 02 58 25595.40000 33.25400000 1486.54000 92.61000 16.38300 73.31400
20 7 21 02 59 25571.70000 33.25400000 1485.29000 92.36000 16.38300 73.31400
20 7 21 02 59 25604.80000 33.25400000 1485.52000 92.33000 16.38300 73.31400
20 7 21 03 00 25599.30000 33.25400000 1486.93000 92.32000 16.38300 73.31400
20 7 21 03 00 25630.20000 33.25400000 1486.19000 92.32000 16.38300 73.49200
20 7 21 03 01 25620.10000 33.25400000 1486.56000 92.46000 16.38300 73.49200
20 7 21 03 01 25620.20000 33.25400000 1486.56000 92.43000 16.38300 73.49200
20 7 21 03 02 25640.50000 33.25400000 1487.69000 92.56000 16.38300 73.49200
20 7 21 03 02 25640.50000 33.25400000 1488.56000 92.56000 16.12900 73.49200
20 7 21 03 02 25652.60000 33.25400000 1489.76000 92.56000 16.12900 73.49200
20 7 21 03 03 25657.80000 33.25400000 1490.12000 92.56000 16.12900 73.49200
20 7 21 03 03 25640.50000 33.25400000 1490.21000 92.56000 16.12900 73.49200
20 7 21 03 04 25645.30000 33.25400000 1490.21000 92.56000 16.12900 73.49200
20 7 21 03 04 25620.30000 33.25400000 1487.98000 92.56000 16.12900 73.49200
20 7 21 03 05 25620.10000 33.25400000 1487.98000 92.56000 16.12900 73.49200
20 7 21 03 05 25612.50000 33.25400000 1488.42000 92.56000 16.12900 73.49200
20 7 21 03 05 25613.00000 33.25400000 1487.09000 92.45000 16.12900 73.49200
20 7 21 03 06 25599.80000 33.25400000 1485.70000 92.45000 16.12900 73.49200
20 7 21 03 06 25599.80000 33.25400000 1485.70000 92.43000 16.12900 73.49200
20 7 21 03 07 25599.80000 33.25400000 1485.71000 92.43000 16.12900 73.49200
20 7 21 03 07 25598.20000 33.25400000 1485.71000 92.43000 16.12900 73.49200
20 7 21 03 08 25582.30000 33.25400000 1485.00000 92.43000 16.12900 73.49200
20 7 21 03 08 25578.70000 33.25400000 1485.00000 92.44000 16.12900 73.49200
20 7 21 03 08 25533.00000 33.25400000 1482.24000 92.44000 16.12900 73.00000
20 7 21 03 09 25615.00000 33.25400000 1483.20000 92.44000 16.17200 73.27900
20 7 21 03 09 25636.90000 33.25400000 1484.55000 92.49000 16.17200 73.27900
20 7 21 03 10 25656.20000 33.25400000 1485.33000 92.49000 16.17200 73.27900
20 7 21 03 10 25636.90000 33.25400000 1486.33000 92.49000 16.17200 73.27900
20 7 21 03 11 25633.30000 33.25400000 1485.94000 92.49000 16.17200 73.27900
20 7 21 03 11 25643.80000 33.25400000 1485.94000 92.49000 16.17200 73.27900
20 7 21 03 11 25666.80000 33.25400000 1488.91000 92.71000 16.17200 73.27900
20 7 21 03 12 25649.10000 33.25400000 1488.91000 92.71000 16.17200 73.27900
20 7 21 03 12 25641.70000 33.25400000 1487.68000 92.71000 16.17200 73.27900
20 7 21 03 13 25620.40000 33.25400000 1487.68000 92.71000 16.17200 73.27900
20 7 21 03 13 25622.30000 33.25400000 1488.88000 92.71000 16.17200 73.27900
20 7 21 03 14 25622.30000 33.25400000 1487.89000 92.71000 16.17200 73.27900
20 7 21 03 14 25593.40000 33.25400000 1486.70000 92.60000 16.17200 73.01800
20 7 21 03 14 25584.40000 33.25400000 1486.11000 92.60000 16.17200 73.01800
20 7 21 03 15 25597.20000 33.25400000 1485.01000 92.60000 16.17200 73.01800
20 7 21 03 15 25564.20000 33.25400000 1482.38000 92.18000 16.17200 73.01800
20 7 21 03 16 25546.60000 33.25400000 1482.25000 92.18000 16.17200 73.01800
20 7 21 03 16 25578.20000 33.25400000 1482.70000 92.18000 16.17200 72.73800
20 7 21 03 17 25533.00000 33.25400000 1476.72000 91.93000 16.17200 72.63000
20 7 21 03 17 25416.50000 33.00000000 1473.69000 91.51000 16.16200 72.52600
20 7 21 03 18 25338.70000 32.82600000 1472.25000 90.84000 16.16200 72.28700
20 7 21 03 18 25355.90000 32.79100000 1473.80000 91.12000 16.16200 72.30300
20 7 21 03 18 25224.70000 32.50000000 1465.35000 90.50000 16.16200 71.61900
20 7 21 03 19 25173.70000 32.57500000 1468.91000 90.74000 16.00700 71.67000
20 7 21 03 19 25219.30000 32.57500000 1467.03000 90.46000 16.00700 71.67000
20 7 21 03 20 25205.10000 32.56600000 1467.30000 90.61000 16.00700 71.92000
20 7 21 03 20 25258.60000 32.59500000 1469.26000 90.90000 16.09500 71.92000
20 7 21 03 21 25228.80000 32.59500000 1467.15000 90.74000 16.01600 71.92000
20 7 21 03 21 25165.40000 32.59500000 1462.68000 90.45000 16.00000 71.67000
20 7 21 03 21 25150.10000 32.59500000 1461.48000 90.33000 16.00000 71.68300
20 7 21 03 22 25147.10000 32.59500000 1460.80000 90.32000 16.00000 71.68300
