M=[
 9 7 20 21 46 8181.00000 5.87100000 212.69000 39.35000 17.13200 49.98600
 9 7 20 21 46 8179.40000 5.87100000 214.50000 39.35000 17.13200 49.98600
 9 7 20 21 47 8181.00000 5.90200000 214.26000 39.35000 17.13200 50.32200
 9 7 20 21 48 8213.80000 5.90200000 213.01000 39.35000 17.15800 50.32200
 9 7 20 21 48 8212.80000 5.87700000 214.49000 39.35000 17.15000 50.32200
 9 7 20 21 48 8181.00000 5.87700000 214.49000 39.35000 17.13200 49.98600
 9 7 20 21 49 8181.00000 5.87700000 213.01000 39.35000 17.13200 49.98600
 9 7 20 21 49 8179.40000 5.87100000 214.48000 39.32000 17.13200 50.32200
 9 7 20 21 49 8181.50000 5.87100000 213.01000 38.97000 17.15800 49.98600
 9 7 20 21 50 8181.00000 5.90200000 214.46000 38.99000 17.13200 50.32200
 9 7 20 21 51 8212.80000 5.87100000 214.42000 39.32000 17.13200 50.32200
 9 7 20 21 51 8181.00000 5.87600000 214.41000 39.32000 17.15800 50.32200
 9 7 20 21 51 8181.00000 5.80700000 214.41000 39.32000 17.13200 50.32200
 9 7 20 21 52 8212.80000 5.87600000 214.42000 39.32000 17.09700 50.32200
 9 7 20 21 52 8212.70000 5.87600000 214.42000 39.32000 17.15800 50.32200
 9 7 20 21 53 8212.80000 5.87600000 213.01000 39.32000 17.10200 49.98600
 9 7 20 21 53 8181.50000 5.87600000 213.01000 38.99000 17.15800 49.98600
 9 7 20 21 53 8213.60000 5.90200000 214.42000 39.32000 17.09700 50.32200
 9 7 20 21 54 8179.40000 5.87600000 213.01000 39.00000 17.13200 49.98600
 9 7 20 21 54 8214.50000 5.87600000 214.39000 39.32000 17.15800 49.98600
 9 7 20 21 55 8216.40000 5.90200000 213.01000 39.32000 17.13200 49.98600
 9 7 20 21 55 8216.30000 5.87600000 214.40000 39.32000 17.12500 49.98600
 9 7 20 21 56 8216.40000 5.87700000 214.48000 39.32000 17.15800 49.98600
 9 7 20 21 56 8181.00000 5.87600000 214.48000 38.97000 17.10200 50.31900
 9 7 20 21 57 8216.30000 5.90200000 213.01000 39.26000 17.09700 49.98600
 9 7 20 21 57 8216.30000 5.87600000 214.50000 39.26000 17.15800 49.98600
 9 7 20 21 58 8216.40000 5.87600000 214.49000 39.00000 17.15800 49.98600
 9 7 20 21 58 8181.00000 5.87600000 213.01000 39.29000 17.15000 50.32200
 9 7 20 21 59 8179.40000 5.90200000 214.26000 39.29000 17.12500 50.32200
 9 7 20 21 59 8181.00000 5.90200000 213.01000 39.29000 17.15800 50.31900
 9 7 20 22 00 8216.40000 5.90200000 212.69000 38.98000 17.15800 50.32200
 9 7 20 22 00 8216.40000 5.80700000 212.69000 39.30000 17.10200 49.98600
 9 7 20 22 01 8216.40000 5.87700000 214.50000 39.00000 17.16600 50.32200
 9 7 20 22 02 8216.50000 5.87600000 214.50000 39.28000 17.16600 49.98600
 9 7 20 22 01 8216.50000 5.80700000 212.69000 38.94000 17.16600 50.32200
 9 7 20 22 02 8181.00000 5.90200000 213.01000 39.32000 17.16600 50.32200
 9 7 20 22 02 8181.00000 5.90200000 214.63000 39.32000 17.16600 49.98600
 9 7 20 22 03 8212.80000 5.88000000 213.01000 38.94000 17.15800 49.98600
 9 7 20 22 03 8212.70000 5.90200000 213.01000 39.31000 17.16600 49.98600
 9 7 20 22 04 8212.70000 5.90200000 214.49000 39.24000 17.16600 50.30100
 9 7 20 22 05 8207.40000 5.87600000 214.41000 39.24000 17.15800 50.26300
 9 7 20 22 05 8207.50000 5.87700000 213.01000 39.24000 17.15800 50.26300
 9 7 20 22 05 8207.40000 5.87600000 212.69000 38.94000 17.16600 50.24200
 9 7 20 22 06 8207.40000 5.87600000 214.26000 39.23000 17.16600 49.98600
 9 7 20 22 06 8207.40000 5.90200000 213.98000 39.23000 17.16600 49.98600
 9 7 20 22 07 8179.40000 5.88000000 214.04000 38.99000 17.15800 49.98600
 9 7 20 22 07 8207.40000 5.80700000 214.04000 39.23000 17.16600 50.16700
 9 7 20 22 08 8207.50000 5.87600000 214.11000 39.23000 17.16600 50.16700
 9 7 20 22 08 8179.40000 5.80700000 214.09000 39.23000 17.16600 50.16700
 9 7 20 22 09 8207.40000 5.87600000 214.09000 38.94000 17.15800 50.16700
 9 7 20 22 10 8179.40000 5.87600000 213.01000 39.00000 17.16600 49.98600
 9 7 20 22 09 8207.50000 5.87600000 214.09000 39.18000 17.16600 50.16700
 9 7 20 22 10 8207.40000 5.90200000 213.01000 39.18000 17.09700 50.16700
 9 7 20 22 10 8203.00000 5.90200000 213.01000 39.30000 17.16600 50.16700
 9 7 20 22 11 8179.40000 5.87600000 214.26000 39.23000 17.15800 49.98600
 9 7 20 22 11 8181.00000 5.89200000 214.09000 39.32000 17.16600 50.24700
 9 7 20 22 12 8204.50000 5.89200000 214.25000 39.00000 17.16600 49.98600
 9 7 20 22 13 8204.50000 5.80700000 214.35000 39.32000 17.16600 49.98600
 9 7 20 22 13 8203.50000 5.89200000 214.35000 39.32000 17.16600 50.24700
 9 7 20 22 14 8204.40000 5.89200000 213.01000 39.32000 17.15800 50.24700
 9 7 20 22 14 8179.40000 5.89200000 214.30000 39.32000 17.20000 50.24700
 9 7 20 22 14 8203.10000 5.90200000 214.41000 39.32000 17.20000 50.24700
 9 7 20 22 15 8203.10000 5.90000000 214.33000 39.32000 17.20000 50.24700
 9 7 20 22 15 8202.90000 5.90200000 212.69000 38.97000 17.20000 49.98600
 9 7 20 22 16 8202.20000 5.88000000 214.34000 39.36000 17.20000 49.98600
 9 7 20 22 16 8202.30000 5.87700000 214.34000 39.36000 17.20000 50.24700
 9 7 20 22 17 8181.00000 5.90000000 214.21000 39.36000 17.10200 50.24700
 9 7 20 22 17 8201.70000 5.90000000 214.20000 38.94000 17.20000 49.98600
 9 7 20 22 18 8200.50000 5.90000000 213.01000 38.94000 17.20000 49.98600
 9 7 20 22 18 8200.70000 5.90000000 214.20000 38.94000 17.15800 49.98600
 9 7 20 22 19 8200.10000 5.90200000 213.01000 39.36000 17.20000 50.24700
 9 7 20 22 19 8200.10000 5.90000000 214.26000 39.00000 17.20000 50.24700
 9 7 20 22 19 8181.00000 5.90000000 214.27000 39.36000 17.25700 50.24700
 9 7 20 22 20 8201.20000 5.90000000 213.01000 39.36000 17.25700 50.24700
 9 7 20 22 20 8202.20000 5.90000000 214.30000 38.94000 17.15800 50.24700
 9 7 20 22 21 8181.00000 5.90200000 214.29000 38.94000 17.25700 50.24700
 9 7 20 22 21 8179.40000 5.90000000 213.01000 39.36000 17.15800 50.24700
 9 7 20 22 22 8202.30000 5.87700000 214.29000 38.94000 17.25700 50.24700
 9 7 20 22 22 8181.00000 5.90200000 214.25000 39.36000 17.25700 50.24700
 9 7 20 22 23 8201.10000 5.90000000 214.26000 39.29000 17.25700 50.24700
 9 7 20 22 24 8201.00000 5.87700000 214.26000 39.29000 17.25700 50.24700
 9 7 20 22 24 8200.50000 5.90000000 213.01000 39.00000 17.25700 49.98600
 9 7 20 22 25 8181.00000 5.90200000 214.31000 39.30000 17.15800 50.24700
 9 7 20 22 25 8181.00000 5.90000000 212.69000 39.29000 17.09700 50.24700
 9 7 20 22 25 8190.00000 5.90000000 214.36000 39.00000 17.15800 49.98600
 9 7 20 22 26 8190.20000 5.90000000 214.36000 38.94000 17.26500 49.98600
 9 7 20 22 26 8190.00000 5.88100000 214.25000 39.29000 17.26500 50.24700
 9 7 20 22 27 8189.10000 5.90200000 213.01000 39.29000 17.26500 50.24700
 9 7 20 22 27 8189.00000 5.88100000 214.25000 39.29000 17.26000 49.98600
 9 7 20 22 28 8181.00000 5.88100000 213.01000 39.00000 17.15800 50.24700
 9 7 20 22 28 8181.00000 5.88100000 214.25000 39.29000 17.15800 49.98600
 9 7 20 22 29 8185.00000 5.90200000 212.69000 39.00000 17.26000 50.24700
 9 7 20 22 29 8181.00000 5.90200000 214.09000 39.00000 17.26000 49.98600
 9 7 20 22 29 8181.00000 5.90200000 214.05000 39.30000 17.15800 50.24700
 9 7 20 22 30 8179.40000 5.88100000 213.01000 39.29000 17.10200 50.24700
 9 7 20 22 30 8179.40000 5.88100000 214.14000 39.29000 17.15800 50.24700
 9 7 20 22 31 8181.00000 5.88100000 213.01000 39.29000 17.26000 50.24700
 9 7 20 22 32 8190.10000 5.80700000 214.14000 39.29000 17.09700 49.98600
 9 7 20 22 32 8190.50000 5.88100000 213.01000 39.29000 17.15800 50.24700
 9 7 20 22 33 8188.20000 5.90200000 214.36000 38.94000 17.09700 49.98600
 9 7 20 22 33 8181.00000 5.90200000 214.37000 39.29000 17.26000 49.98600
 9 7 20 22 34 8190.50000 5.89700000 214.37000 39.29000 17.26000 50.24700
 9 7 20 22 34 8181.50000 5.89700000 214.39000 39.29000 17.26000 50.24700
 9 7 20 22 34 8181.50000 5.89700000 214.39000 38.98000 17.26000 49.98600
 9 7 20 22 35 8189.40000 5.87700000 214.39000 39.29000 17.26000 49.98600
 9 7 20 22 35 8188.90000 5.89700000 214.26000 39.29000 17.26000 50.24700
 9 7 20 22 35 8181.50000 5.80700000 213.01000 39.29000 17.09700 49.98600
 9 7 20 22 36 8179.40000 5.87700000 214.53000 38.97000 17.26000 50.24700
 9 7 20 22 36 8188.90000 5.89700000 214.53000 39.00000 17.15000 50.24700
