M=[
13 8 20 06 17 9776.10000 5.73000000 331.51000 45.96000 17.50000 67.25000
13 8 20 06 18 9778.80000 5.73000000 331.51000 45.95000 17.50000 67.25000
13 8 20 06 18 9776.50000 5.73000000 331.50000 45.94000 17.50000 67.25000
13 8 20 06 18 9776.60000 5.71000000 331.50000 45.91000 17.50000 67.25000
13 8 20 06 19 9776.60000 5.71000000 331.51000 45.91000 17.50000 67.25000
13 8 20 06 19 9776.60000 5.71000000 331.60000 45.91000 17.50000 67.25000
13 8 20 06 20 9776.50000 5.71000000 331.61000 45.91000 17.50000 67.25000
13 8 20 06 20 9776.70000 5.69500000 331.71000 45.91000 17.50000 67.25000
13 8 20 06 21 9776.60000 5.69100000 331.68000 45.91000 17.50000 67.25000
13 8 20 06 21 9771.70000 5.69100000 331.61000 45.90000 17.50000 67.55000
13 8 20 06 22 9767.40000 5.69100000 331.22000 45.90000 17.50000 67.67700
13 8 20 06 22 9769.80000 5.69100000 331.22000 45.90000 17.50000 67.67700
13 8 20 06 23 9769.40000 5.69100000 331.21000 45.92000 17.52800 67.56000
13 8 20 06 23 9768.50000 5.69100000 331.22000 45.92000 17.52800 67.56000
13 8 20 06 24 9768.40000 5.69100000 331.36000 45.95000 17.52800 67.56000
13 8 20 06 24 9770.90000 5.69100000 331.42000 45.96000 17.52800 67.48000
13 8 20 06 25 9777.30000 5.69100000 331.52000 46.01000 17.52800 67.48000
13 8 20 06 25 9778.80000 5.69100000 331.68000 46.01000 17.52800 67.48000
13 8 20 06 25 9777.20000 5.69100000 331.68000 46.01000 17.52800 67.48000
13 8 20 06 26 9775.10000 5.69100000 331.68000 45.96000 17.52800 67.47000
13 8 20 06 26 9774.10000 5.69100000 331.66000 45.96000 17.52800 67.49900
13 8 20 06 27 9773.50000 5.69100000 331.75000 45.96000 17.52800 67.49000
13 8 20 06 27 9773.60000 5.69100000 331.43000 45.95000 17.52800 67.49000
13 8 20 06 28 9773.60000 5.70300000 331.49000 45.95000 17.52800 67.49600
13 8 20 06 28 9778.20000 5.70300000 331.49000 45.95000 17.52800 67.55000
13 8 20 06 29 9776.00000 5.70300000 331.49000 45.95000 17.52800 67.55000
13 8 20 06 29 9776.00000 5.70300000 331.64000 45.95000 17.52800 67.55000
13 8 20 06 30 9775.90000 5.70300000 331.45000 45.90000 17.52800 67.53000
13 8 20 06 30 9775.90000 5.70300000 331.26000 45.90000 17.52800 67.72700
13 8 20 06 31 9775.80000 5.70300000 331.28000 45.91000 17.52800 67.72700
13 8 20 06 31 9776.00000 5.70300000 331.84000 45.91000 17.52800 67.72700
13 8 20 06 32 9778.60000 5.70300000 331.84000 45.91000 17.52800 67.67000
13 8 20 06 32 9781.80000 5.70300000 332.04000 45.98000 17.52800 67.67000
13 8 20 06 33 9784.30000 5.70300000 332.25000 46.01000 17.52800 67.67000
13 8 20 06 33 9784.20000 5.70300000 332.23000 46.01000 17.48000 67.67000
13 8 20 06 34 9784.20000 5.70300000 332.23000 46.04000 17.46600 67.67000
13 8 20 06 34 9784.40000 5.72200000 332.23000 46.04000 17.46600 67.78000
13 8 20 06 34 9789.60000 5.72200000 332.23000 46.04000 17.46600 67.78000
13 8 20 06 35 9789.60000 5.72200000 332.23000 46.04000 17.46600 67.78000
13 8 20 06 35 9788.70000 5.72200000 332.03000 46.02000 17.46600 67.78000
13 8 20 06 36 9793.20000 5.72200000 332.14000 46.02000 17.46600 67.78000
13 8 20 06 36 9793.70000 5.72200000 332.39000 46.02000 17.46600 67.78000
13 8 20 06 37 9793.70000 5.72200000 332.40000 46.02000 17.46600 67.78000
13 8 20 06 37 9793.70000 5.72200000 332.11000 46.02000 17.46600 67.78000
13 8 20 06 38 9793.60000 5.72200000 332.12000 46.02000 17.46600 67.78000
13 8 20 06 38 9793.60000 5.72200000 332.11000 46.02000 17.46600 67.78000
13 8 20 06 39 9793.60000 5.72200000 332.42000 46.02000 17.46600 67.78000
13 8 20 06 39 9793.60000 5.72200000 332.43000 46.03000 17.46600 67.78000
13 8 20 06 40 9793.70000 5.72200000 332.42000 46.04000 17.46600 67.78000
13 8 20 06 40 9793.60000 5.72200000 332.07000 46.04000 17.46600 68.11600
13 8 20 06 40 9793.70000 5.72200000 332.07000 46.04000 17.46600 68.11600
13 8 20 06 41 9793.60000 5.72200000 332.07000 46.04000 17.46600 68.11600
13 8 20 06 41 9793.60000 5.72200000 331.87000 46.04000 17.46600 68.11600
13 8 20 06 42 9793.50000 5.72200000 331.87000 46.04000 17.46600 68.11600
13 8 20 06 42 9793.60000 5.72200000 331.66000 46.04000 17.43900 68.11600
13 8 20 06 43 9793.50000 5.72400000 331.92000 46.02000 17.43800 68.11600
13 8 20 06 43 9793.50000 5.72400000 332.00000 46.02000 17.43800 68.11600
13 8 20 06 44 9793.60000 5.73400000 332.00000 46.01000 17.43800 68.11600
13 8 20 06 44 9793.70000 5.73400000 332.00000 46.01000 17.43800 68.06000
13 8 20 06 45 9795.50000 5.73400000 332.00000 46.01000 17.43800 68.11100
13 8 20 06 45 9795.50000 5.71800000 331.99000 46.01000 17.43800 68.11100
13 8 20 06 46 9796.80000 5.71800000 332.53000 46.01000 17.43800 68.11100
13 8 20 06 46 9797.20000 5.71800000 332.53000 46.01000 17.45500 68.11100
13 8 20 06 47 9805.20000 5.71800000 333.07000 46.01000 17.45500 68.11100
13 8 20 06 47 9806.70000 5.71800000 333.03000 46.01000 17.45500 68.11100
13 8 20 06 48 9810.50000 5.71800000 333.03000 46.14000 17.45500 68.00200
13 8 20 06 48 9809.50000 5.73200000 333.13000 46.12000 17.45500 67.78000
13 8 20 06 49 9809.50000 5.73200000 333.06000 46.12000 17.45500 67.78000
13 8 20 06 49 9809.50000 5.73200000 332.99000 46.12000 17.45500 67.78000
13 8 20 06 49 9809.50000 5.73200000 332.99000 46.12000 17.45500 67.75000
13 8 20 06 50 9809.50000 5.73200000 332.88000 46.12000 17.45500 67.75000
13 8 20 06 50 9806.80000 5.73200000 332.75000 46.12000 17.40500 67.78500
13 8 20 06 51 9806.70000 5.73200000 333.01000 46.12000 17.40500 67.78500
13 8 20 06 51 9806.80000 5.73200000 333.03000 46.12000 17.40500 67.70000
13 8 20 06 52 9808.30000 5.73200000 332.93000 46.12000 17.40500 67.70000
13 8 20 06 52 9806.70000 5.73200000 332.97000 46.12000 17.40500 67.70000
13 8 20 06 53 9806.60000 5.73200000 332.97000 46.12000 17.40500 67.70000
13 8 20 06 53 9806.70000 5.73200000 332.71000 46.04000 17.40500 67.80000
13 8 20 06 54 9805.20000 5.73200000 332.72000 46.04000 17.40500 67.80000
13 8 20 06 54 9804.40000 5.73200000 332.77000 46.04000 17.40500 67.80000
13 8 20 06 55 9804.40000 5.73200000 332.84000 46.04000 17.40500 67.70000
13 8 20 06 55 9807.00000 5.73200000 332.74000 46.04000 17.40500 67.70000
13 8 20 06 55 9804.50000 5.73200000 332.66000 46.04000 17.40500 67.70000
13 8 20 06 56 9804.50000 5.73200000 332.81000 46.04000 17.40500 67.70000
13 8 20 06 56 9804.50000 5.73200000 332.84000 46.04000 17.40500 67.70000
13 8 20 06 57 9804.50000 5.73200000 332.81000 46.04000 17.40500 67.70000
13 8 20 06 57 9804.50000 5.73200000 332.81000 46.04000 17.40500 67.88000
13 8 20 06 58 9804.50000 5.73200000 332.81000 46.04000 17.40500 67.88000
13 8 20 06 58 9804.40000 5.73200000 332.81000 46.04000 17.40500 67.88000
13 8 20 06 59 9804.50000 5.73200000 332.82000 46.04000 17.40500 67.88000
13 8 20 06 59 9804.50000 5.73200000 332.82000 46.04000 17.40500 67.88000
13 8 20 06 59 9804.50000 5.73200000 332.82000 46.04000 17.40500 67.90000
13 8 20 07 00 9804.40000 5.73200000 332.81000 46.05000 17.40000 67.84900
13 8 20 07 00 9804.40000 5.73200000 332.82000 46.05000 17.40000 67.84900
13 8 20 07 01 9804.50000 5.73200000 332.86000 46.04000 17.40000 67.84900
13 8 20 07 01 9806.10000 5.73200000 332.86000 46.04000 17.40000 67.84900
13 8 20 07 02 9806.10000 5.73200000 333.03000 46.04000 17.40000 67.84900
13 8 20 07 02 9805.30000 5.73200000 333.03000 46.04000 17.40000 67.84900
13 8 20 07 03 9805.20000 5.73200000 333.25000 46.11000 17.40000 67.84900
13 8 20 07 03 9805.20000 5.73200000 333.00000 46.10000 17.40000 67.84900
13 8 20 07 04 9805.20000 5.73200000 333.00000 46.10000 17.40000 67.84900
13 8 20 07 04 9805.20000 5.73200000 332.98000 46.10000 17.41700 68.18200
13 8 20 07 05 9805.30000 5.73200000 332.81000 46.10000 17.41700 68.18200
13 8 20 07 05 9805.30000 5.73200000 332.93000 46.10000 17.41700 68.18200
13 8 20 07 06 9811.10000 5.73200000 332.87000 46.10000 17.41700 68.27700
13 8 20 07 06 9811.20000 5.73200000 332.91000 46.10000 17.41700 68.27700
13 8 20 07 06 9811.20000 5.73200000 332.90000 46.10000 17.41700 68.27700
13 8 20 07 07 9812.00000 5.73200000 333.00000 46.10000 17.41700 68.27700
13 8 20 07 07 9811.90000 5.73200000 333.00000 46.07000 17.41700 68.27700
