M=[
18 5 21 13 11 36047.00000 73.08700000 2792.40000 250.05000 30.42800 203.57400
18 5 21 13 11 36122.50000 73.08700000 2801.21000 251.39000 30.42800 203.57400
18 5 21 13 12 36094.10000 73.08700000 2799.39000 251.11000 30.42800 203.57400
18 5 21 13 12 36042.70000 73.08700000 2792.00000 250.47000 30.42800 203.57400
18 5 21 13 12 36031.10000 72.85600000 2792.00000 250.26000 30.42800 203.57400
18 5 21 13 13 36050.00000 72.85600000 2797.58000 250.47000 30.42800 203.57400
18 5 21 13 13 36028.40000 72.85600000 2788.65000 249.94000 30.42800 203.57400
18 5 21 13 14 36006.80000 72.70000000 2788.00000 249.72000 30.42800 203.57400
18 5 21 13 14 36000.10000 72.70000000 2785.92000 249.17000 30.26000 203.57400
18 5 21 13 15 35929.30000 72.70000000 2775.02000 248.77000 30.31800 203.57400
18 5 21 13 15 35861.00000 71.84100000 2765.01000 248.00000 30.28900 203.57400
18 5 21 13 15 35865.10000 72.04500000 2771.05000 248.62000 30.28900 201.29500
18 5 21 13 16 35944.60000 72.18000000 2782.25000 249.30000 30.28900 201.23300
18 5 21 13 16 35857.90000 72.18000000 2769.07000 248.69000 30.28900 201.23300
18 5 21 13 17 35817.50000 71.91300000 2766.32000 248.50000 30.25900 201.23300
18 5 21 13 17 35772.00000 71.73200000 2759.08000 247.78000 30.25900 200.60000
18 5 21 13 18 35753.00000 71.72100000 2756.03000 247.67000 30.25900 200.05500
18 5 21 13 18 35790.20000 71.72100000 2761.12000 247.79000 30.25900 200.05500
18 5 21 13 18 35728.10000 71.72100000 2756.99000 247.25000 30.25900 200.00000
18 5 21 13 19 35739.50000 71.72100000 2754.08000 246.54000 30.25900 200.05900
18 5 21 13 19 35686.20000 71.84900000 2752.00000 245.64000 30.25900 200.00000
18 5 21 13 20 35675.60000 71.36000000 2755.00000 245.23000 30.10000 199.89500
18 5 21 13 20 35654.90000 71.36000000 2750.01000 244.35000 30.23000 199.99900
18 5 21 13 21 35578.90000 71.36000000 2745.53000 244.82000 30.20100 199.99900
18 5 21 13 21 35575.10000 71.35100000 2748.02000 245.69000 30.20100 199.39200
18 5 21 13 21 35598.20000 71.57000000 2750.70000 245.32000 30.14200 199.39200
18 5 21 13 22 35768.90000 71.77200000 2764.89000 246.12000 30.14200 199.37500
18 5 21 13 22 35749.20000 71.68000000 2763.14000 246.67000 30.14200 199.37500
18 5 21 13 23 35733.80000 71.62900000 2750.02000 245.77000 30.14200 199.37500
18 5 21 13 23 35790.30000 71.62900000 2759.17000 246.70000 30.14200 199.37500
18 5 21 13 24 35772.80000 71.62900000 2755.91000 246.70000 30.14200 199.37500
18 5 21 13 24 35832.40000 71.92100000 2764.80000 246.72000 30.14200 199.37500
18 5 21 13 24 35717.90000 71.78900000 2758.01000 246.21000 30.11300 200.85000
18 5 21 13 25 35820.50000 71.78900000 2764.38000 246.97000 30.11300 200.55400
18 5 21 13 25 35797.90000 71.78000000 2763.14000 246.53000 30.11300 199.97600
18 5 21 13 26 35803.60000 71.78000000 2767.83000 247.13000 30.11300 200.14500
18 5 21 13 26 35769.80000 71.78000000 2763.22000 246.84000 30.08400 200.14500
18 5 21 13 27 35735.10000 71.78000000 2762.75000 246.73000 30.08400 200.14500
18 5 21 13 27 35709.00000 71.76700000 2766.10000 246.44000 30.08400 200.14500
18 5 21 13 27 35718.40000 71.76700000 2767.82000 247.02000 30.08400 200.14500
18 5 21 13 28 35720.90000 71.99500000 2768.64000 247.17000 30.08400 200.14500
18 5 21 13 28 35700.10000 71.99500000 2769.00000 246.92000 30.08400 200.14500
18 5 21 13 29 35707.90000 71.99500000 2768.66000 246.73000 30.08400 200.14500
18 5 21 13 29 35772.50000 71.99500000 2776.94000 247.25000 30.08400 200.14500
18 5 21 13 30 35775.20000 71.99500000 2776.09000 247.77000 30.08400 200.14500
18 5 21 13 30 35859.20000 72.31000000 2784.99000 248.46000 30.08400 201.07700
18 5 21 13 30 35894.90000 72.31000000 2790.35000 248.84000 30.08400 201.19300
18 5 21 13 31 35875.30000 72.40500000 2793.57000 249.33000 30.08400 201.19300
18 5 21 13 31 35890.00000 72.40500000 2793.16000 249.48000 30.08400 201.19300
18 5 21 13 32 35901.70000 72.40500000 2793.20000 249.62000 30.08400 201.19300
18 5 21 13 32 35889.40000 72.40500000 2793.21000 249.73000 30.08400 201.19300
18 5 21 13 33 35850.00000 72.32700000 2790.01000 249.73000 30.08400 201.19300
18 5 21 13 33 35861.40000 72.45700000 2792.06000 249.06000 30.08400 200.83300
18 5 21 13 33 35817.90000 72.45700000 2788.45000 248.75000 30.08400 200.83300
18 5 21 13 34 35848.20000 72.23400000 2789.05000 248.73000 30.08400 200.83300
18 5 21 13 34 35880.30000 72.23400000 2789.07000 248.71000 30.08400 200.99000
18 5 21 13 35 35842.30000 72.41400000 2789.73000 248.97000 30.08400 200.99000
18 5 21 13 35 35899.90000 72.41400000 2795.74000 249.81000 30.08400 200.99000
18 5 21 13 36 35941.10000 72.50000000 2797.06000 250.91000 30.08400 200.99000
18 5 21 13 36 35943.20000 72.64600000 2799.00000 250.76000 30.08400 200.99000
18 5 21 13 36 35946.50000 72.64600000 2799.64000 250.84000 30.31600 200.99000
18 5 21 13 37 35931.80000 72.51800000 2795.75000 250.43000 30.31600 200.99000
18 5 21 13 37 35905.80000 72.51800000 2792.82000 250.94000 30.31600 200.99000
18 5 21 13 38 35925.90000 72.48800000 2796.55000 250.94000 30.31600 201.87100
18 5 21 13 38 35920.30000 72.48800000 2796.17000 251.00000 30.31600 201.87100
18 5 21 13 39 35927.20000 72.48800000 2796.04000 250.65000 30.31600 201.87100
18 5 21 13 39 35925.20000 72.48800000 2795.90000 251.00000 30.31600 201.87100
18 5 21 13 39 35923.90000 72.68600000 2797.49000 250.77000 30.31600 201.87100
18 5 21 13 40 35930.00000 72.68600000 2796.58000 250.98000 30.31600 202.18700
18 5 21 13 40 35921.10000 72.68600000 2795.58000 250.32000 30.31600 202.18700
18 5 21 13 41 35906.80000 72.68600000 2798.63000 251.22000 30.31600 202.18700
18 5 21 13 41 35903.50000 72.68600000 2795.51000 251.35000 30.31600 201.92500
18 5 21 13 42 35850.00000 72.37100000 2780.01000 250.69000 30.31600 201.34700
18 5 21 13 42 35865.30000 72.49900000 2784.29000 250.93000 30.31600 201.34700
18 5 21 13 42 35866.00000 72.49900000 2783.29000 250.46000 30.31600 201.34700
18 5 21 13 43 35897.00000 72.46400000 2789.46000 250.80000 30.13500 201.34700
18 5 21 13 43 35901.00000 72.46000000 2794.16000 251.19000 30.13500 201.34700
18 5 21 13 44 35938.30000 72.42600000 2793.46000 251.65000 30.13500 201.34700
18 5 21 13 44 35978.10000 72.50800000 2795.66000 251.91000 30.13500 201.34700
18 5 21 13 45 35981.50000 72.62200000 2796.55000 251.82000 30.13500 201.34700
18 5 21 13 45 35907.10000 72.62200000 2788.39000 251.04000 30.13500 202.86800
18 5 21 13 45 35915.50000 72.26800000 2786.96000 251.04000 30.13500 202.86800
18 5 21 13 46 35907.30000 72.26800000 2788.39000 250.94000 30.13500 202.86800
18 5 21 13 46 35844.70000 72.23800000 2784.53000 250.50000 30.13500 202.86800
18 5 21 13 47 35842.20000 72.20600000 2780.00000 250.00000 30.13500 202.86800
18 5 21 13 47 35853.20000 72.10700000 2778.41000 249.14000 30.13500 202.86800
18 5 21 13 48 35872.40000 72.29100000 2780.80000 249.65000 30.13500 201.97700
18 5 21 13 48 35912.30000 72.31000000 2786.30000 249.85000 30.13500 201.97700
18 5 21 13 48 35894.30000 72.31000000 2784.47000 249.21000 30.13500 201.97700
18 5 21 13 49 35924.20000 72.31000000 2784.48000 249.42000 30.08500 201.97700
18 5 21 13 49 35957.50000 72.31000000 2789.55000 249.67000 30.08500 201.97700
18 5 21 13 50 35921.00000 72.31000000 2787.19000 249.82000 30.08500 201.97700
18 5 21 13 50 35897.80000 72.31000000 2788.93000 249.68000 30.08500 201.97700
18 5 21 13 51 35847.30000 72.31000000 2782.29000 248.67000 30.08500 201.97700
18 5 21 13 51 35815.50000 72.31000000 2773.29000 248.55000 30.08500 201.97700
18 5 21 13 51 35810.00000 71.84200000 2774.71000 248.16000 30.08500 201.97700
18 5 21 13 52 35800.10000 71.88300000 2766.01000 247.11000 30.08500 201.97700
18 5 21 13 52 35779.80000 71.65000000 2768.25000 247.24000 30.08500 201.97700
18 5 21 13 53 35741.60000 71.83400000 2762.02000 247.15000 30.08500 201.97700
18 5 21 13 53 35751.40000 71.63800000 2764.86000 246.89000 30.08500 201.97700
18 5 21 13 54 35759.70000 71.64400000 2765.89000 247.01000 30.08500 201.97700
18 5 21 13 54 35878.60000 71.74000000 2776.42000 247.69000 30.08500 201.97700
