M=[
26 11 20 22 17 14319.10000 5.02300000 434.11000 58.44000 12.01000 58.66500
26 11 20 22 18 14335.60000 5.02300000 434.69000 58.63000 12.01000 58.66500
26 11 20 22 18 14338.30000 5.02300000 434.77000 58.61000 12.01000 58.66500
26 11 20 22 19 14335.70000 5.04200000 435.00000 58.61000 12.01000 58.88800
26 11 20 22 19 14335.70000 5.04200000 435.00000 58.61000 12.01000 58.88800
26 11 20 22 20 14335.70000 5.04600000 435.70000 58.64000 12.01000 58.88800
26 11 20 22 20 14335.70000 5.04600000 435.66000 58.67000 12.01000 58.88800
26 11 20 22 20 14335.40000 5.04600000 435.66000 58.67000 12.01000 58.88800
26 11 20 22 21 14335.90000 5.04600000 435.74000 58.67000 12.01000 58.88800
26 11 20 22 21 14335.90000 5.04600000 435.68000 58.77000 12.01000 58.88800
26 11 20 22 22 14335.10000 5.04600000 435.78000 58.80000 12.01000 58.88800
26 11 20 22 22 14328.80000 5.04600000 435.85000 58.80000 12.01000 58.88800
26 11 20 22 23 14331.50000 5.06600000 435.74000 58.81000 12.01000 58.88800
26 11 20 22 23 14340.80000 5.06600000 435.98000 58.81000 12.01000 58.88800
26 11 20 22 23 14337.10000 5.06600000 435.98000 58.79000 12.01000 58.88800
26 11 20 22 24 14340.00000 5.06600000 436.00000 58.79000 12.01000 58.88800
26 11 20 22 24 14341.90000 5.06600000 436.04000 58.71000 12.01000 58.88800
26 11 20 22 25 14349.90000 5.06600000 436.06000 58.71000 12.01000 58.88800
26 11 20 22 25 14347.00000 5.06600000 436.06000 58.71000 12.01000 58.88800
26 11 20 22 26 14349.40000 5.06600000 436.06000 58.78000 12.01000 58.88800
26 11 20 22 26 14360.00000 5.08700000 436.17000 58.78000 12.01800 58.88800
26 11 20 22 26 14386.30000 5.09600000 436.27000 58.78000 12.01800 58.88800
26 11 20 22 27 14392.40000 5.09600000 436.38000 58.81000 12.01800 58.88800
26 11 20 22 27 14400.00000 5.09600000 436.42000 58.80000 12.01800 58.88800
26 11 20 22 28 14410.70000 5.09600000 436.62000 58.80000 12.01800 58.88800
26 11 20 22 28 14413.20000 5.09600000 436.67000 58.80000 12.01800 58.88800
26 11 20 22 29 14409.00000 5.09600000 436.66000 58.79000 12.01800 58.88800
26 11 20 22 29 14406.70000 5.09600000 436.67000 58.78000 12.01800 59.28900
26 11 20 22 29 14408.10000 5.09600000 436.67000 58.78000 12.01800 59.28900
26 11 20 22 30 14415.30000 5.09600000 436.67000 58.78000 12.01800 59.28900
26 11 20 22 30 14420.50000 5.09500000 436.82000 58.77000 12.01800 59.28900
26 11 20 22 31 14427.00000 5.09500000 436.71000 58.81000 12.01800 59.33200
26 11 20 22 31 14433.90000 5.09500000 436.92000 58.81000 12.01800 59.33200
26 11 20 22 32 14440.50000 5.10000000 437.04000 58.82000 12.01800 59.33200
26 11 20 22 32 14442.80000 5.10100000 437.04000 58.77000 12.01800 59.33200
26 11 20 22 32 14449.90000 5.10100000 437.59000 58.82000 12.11100 59.33200
26 11 20 22 33 14442.10000 5.10100000 437.76000 58.94000 12.11100 59.51700
26 11 20 22 33 14437.50000 5.10100000 437.93000 59.06000 12.11100 59.51700
26 11 20 22 34 14410.20000 5.10100000 437.93000 59.09000 12.10200 59.51700
26 11 20 22 34 14421.70000 5.10100000 437.93000 59.11000 12.10200 59.51700
26 11 20 22 35 14425.00000 5.10100000 438.07000 59.19000 12.10200 59.51700
26 11 20 22 35 14422.50000 5.10100000 438.07000 59.22000 12.10200 59.51700
26 11 20 22 35 14426.10000 5.10100000 438.06000 59.22000 12.10200 59.51700
26 11 20 22 36 14424.20000 5.10100000 438.06000 59.24000 12.10200 59.51700
26 11 20 22 36 14420.00000 5.11500000 437.43000 59.25000 12.10200 59.51700
26 11 20 22 37 14396.20000 5.11000000 435.79000 59.24000 12.10000 59.51700
26 11 20 22 37 14391.70000 5.11000000 435.86000 59.24000 12.10000 59.51700
26 11 20 22 38 14404.00000 5.11000000 436.88000 59.24000 12.10000 59.35200
26 11 20 22 38 14423.10000 5.11000000 437.80000 59.34000 12.10000 59.35200
26 11 20 22 38 14441.40000 5.11600000 437.91000 59.35000 12.10000 59.35200
26 11 20 22 39 14441.00000 5.11300000 438.02000 59.42000 12.10000 59.35200
26 11 20 22 39 14443.10000 5.11300000 438.02000 59.44000 12.10000 59.35200
26 11 20 22 40 14445.00000 5.11300000 438.07000 59.45000 12.10000 59.35200
26 11 20 22 40 14445.00000 5.11300000 438.07000 59.46000 12.10000 59.35200
26 11 20 22 41 14445.00000 5.11300000 438.07000 59.46000 12.10000 59.35200
26 11 20 22 41 14445.00000 5.11300000 438.06000 59.47000 12.10000 59.35200
26 11 20 22 41 14445.00000 5.11300000 438.07000 59.49000 12.10000 59.51700
26 11 20 22 42 14443.10000 5.11300000 438.07000 59.45000 12.10000 59.53900
26 11 20 22 42 14433.30000 5.11300000 438.07000 59.51000 12.10000 59.53900
26 11 20 22 43 14410.10000 5.11300000 437.72000 59.50000 12.10000 59.53900
26 11 20 22 43 14405.50000 5.11300000 436.87000 59.52000 12.10000 59.53900
26 11 20 22 44 14410.70000 5.11300000 436.58000 59.51000 12.10000 59.53900
26 11 20 22 44 14426.90000 5.11300000 436.88000 59.52000 12.10000 59.53900
26 11 20 22 44 14441.60000 5.11300000 437.00000 59.49000 12.10000 59.53900
26 11 20 22 45 14443.90000 5.11300000 437.00000 59.58000 12.10000 59.53900
26 11 20 22 45 14446.80000 5.12000000 437.26000 59.58000 12.10000 59.53900
26 11 20 22 46 14446.80000 5.12000000 438.07000 59.68000 12.10000 59.53900
26 11 20 22 46 14450.80000 5.12000000 437.97000 59.65000 12.10000 59.53900
26 11 20 22 47 14444.10000 5.11700000 436.55000 59.49000 12.10000 59.53900
26 11 20 22 47 14425.30000 5.11700000 436.24000 59.46000 12.10000 59.53900
26 11 20 22 47 14400.00000 5.11700000 435.69000 59.46000 12.20800 59.34500
26 11 20 22 48 14390.90000 5.11700000 435.30000 59.28000 12.20800 59.41600
26 11 20 22 48 14400.00000 5.11700000 435.74000 59.28000 12.20800 59.41600
26 11 20 22 49 14397.50000 5.11700000 435.76000 59.22000 12.20800 59.41600
26 11 20 22 49 14378.70000 5.09700000 435.42000 59.10000 12.20800 59.41600
26 11 20 22 50 14379.70000 5.09700000 435.00000 59.15000 12.20800 59.41600
26 11 20 22 50 14388.20000 5.09700000 436.09000 59.27000 12.20800 59.41600
26 11 20 22 50 14378.90000 5.09700000 435.33000 59.10000 12.20800 59.41600
26 11 20 22 51 14364.20000 5.09700000 435.23000 59.10000 12.20800 59.41600
26 11 20 22 51 14390.00000 5.09700000 436.18000 59.18000 12.20800 59.35700
26 11 20 22 52 14389.40000 5.09700000 436.09000 59.28000 12.20800 59.35700
26 11 20 22 52 14400.00000 5.09700000 435.95000 59.28000 12.20800 59.35700
26 11 20 22 52 14400.00000 5.09700000 435.95000 59.37000 12.20800 59.35700
26 11 20 22 53 14399.90000 5.09700000 436.23000 59.43000 12.20800 59.35700
26 11 20 22 53 14400.00000 5.13900000 436.43000 59.43000 12.20800 59.35700
26 11 20 22 54 14385.80000 5.13900000 436.12000 59.43000 12.20800 59.35700
26 11 20 22 54 14375.70000 5.13900000 436.29000 59.38000 12.20800 59.35700
26 11 20 22 55 14395.50000 5.13900000 436.60000 59.42000 12.20800 59.35700
26 11 20 22 55 14395.50000 5.07800000 436.60000 59.42000 12.20800 59.35700
26 11 20 22 55 14394.50000 5.07800000 436.70000 59.42000 12.20800 59.35700
26 11 20 22 56 14399.90000 5.13200000 436.83000 59.48000 12.20800 59.35700
26 11 20 22 56 14399.10000 5.13200000 436.82000 59.50000 12.20800 59.24000
26 11 20 22 57 14419.30000 5.13200000 436.94000 59.55000 12.20800 59.27500
26 11 20 22 57 14427.90000 5.13200000 436.94000 59.62000 12.21100 59.27500
26 11 20 22 58 14415.20000 5.13200000 437.28000 59.62000 12.21100 59.41500
26 11 20 22 58 14419.10000 5.13200000 437.63000 59.62000 12.31600 59.41500
26 11 20 22 58 14424.40000 5.13200000 437.63000 59.73000 12.31600 59.41500
26 11 20 22 59 14419.90000 5.13200000 437.64000 59.67000 12.31600 59.41500
26 11 20 22 59 14417.80000 5.13200000 437.89000 59.60000 12.31600 59.41500
26 11 20 23 00 14425.80000 5.16500000 437.93000 59.41000 12.32000 59.41500
26 11 20 23 00 14422.40000 5.16500000 437.16000 59.41000 12.32000 59.48700
26 11 20 23 01 14420.00000 5.16500000 436.65000 59.33000 12.32000 59.48700
26 11 20 23 01 14395.60000 5.16500000 436.50000 59.30000 12.32000 59.48700
26 11 20 23 01 14390.00000 5.16500000 436.39000 59.29000 12.32000 59.48700
26 11 20 23 02 14370.10000 5.16500000 435.66000 59.05000 12.32000 59.26400
26 11 20 23 02 14370.10000 5.16500000 435.66000 59.23000 12.32000 59.26400
