M=[
 4 6 21 20 44 30485.90000 53.80600000 2215.65000 147.54000 24.40800 130.11700
 4 6 21 20 44 30488.40000 53.80600000 2216.62000 147.57000 24.40800 130.11700
 4 6 21 20 45 30506.30000 53.80600000 2217.59000 147.57000 24.40800 130.11700
 4 6 21 20 45 30521.20000 53.80600000 2220.00000 147.57000 24.40800 130.11700
 4 6 21 20 45 30522.60000 53.80600000 2219.99000 147.57000 24.40800 130.11700
 4 6 21 20 46 30525.30000 53.80600000 2220.00000 147.57000 24.40800 130.11700
 4 6 21 20 46 30529.50000 53.80600000 2219.85000 147.60000 24.40800 130.11700
 4 6 21 20 47 30529.50000 53.80600000 2219.85000 147.60000 24.40800 130.11700
 4 6 21 20 47 30518.80000 53.80600000 2219.99000 147.82000 24.40800 130.11700
 4 6 21 20 48 30518.80000 53.94700000 2222.00000 147.82000 24.40800 130.74800
 4 6 21 20 48 30514.70000 53.94700000 2221.99000 147.82000 24.40800 130.74800
 4 6 21 20 48 30521.50000 53.94700000 2221.77000 147.90000 24.40800 130.74800
 4 6 21 20 49 30505.40000 53.94700000 2219.98000 147.90000 24.40800 130.71700
 4 6 21 20 49 30492.60000 53.90300000 2219.15000 147.90000 24.40800 130.71700
 4 6 21 20 50 30495.50000 53.99600000 2219.68000 147.90000 24.40800 130.71700
 4 6 21 20 50 30518.60000 53.99600000 2219.70000 147.90000 24.40800 130.71700
 4 6 21 20 51 30503.50000 54.03500000 2221.21000 147.78000 24.40800 130.71700
 4 6 21 20 51 30511.20000 54.03500000 2222.05000 147.78000 24.40800 130.71700
 4 6 21 20 51 30512.50000 54.03500000 2222.05000 147.78000 24.40800 130.71700
 4 6 21 20 52 30512.40000 54.03500000 2223.56000 147.57000 24.40800 130.71700
 4 6 21 20 52 30506.70000 54.03500000 2223.08000 147.60000 24.40800 130.71700
 4 6 21 20 53 30473.10000 54.03500000 2221.15000 147.56000 24.40800 130.71700
 4 6 21 20 53 30458.20000 54.03500000 2221.14000 147.51000 24.40800 130.71700
 4 6 21 20 54 30450.10000 54.03500000 2221.15000 147.51000 24.40800 130.71700
 4 6 21 20 54 30454.00000 53.93000000 2222.50000 147.51000 24.40800 130.71700
 4 6 21 20 54 30450.80000 53.93000000 2222.51000 147.51000 24.40800 130.71700
 4 6 21 20 55 30413.00000 53.93000000 2219.24000 147.51000 24.40800 130.71700
 4 6 21 20 55 30413.00000 53.93000000 2221.99000 147.51000 24.40800 130.71700
 4 6 21 20 56 30424.00000 53.93000000 2221.96000 147.51000 24.40800 130.09000
 4 6 21 20 56 30460.30000 53.93000000 2223.03000 147.51000 24.40800 130.09000
 4 6 21 20 57 30456.90000 53.71500000 2221.75000 147.51000 24.40800 130.09000
 4 6 21 20 57 30457.30000 53.71500000 2222.60000 147.26000 24.40800 130.09000
 4 6 21 20 57 30457.30000 53.71500000 2222.22000 147.32000 24.40800 130.09000
 4 6 21 20 58 30474.50000 53.73000000 2221.49000 147.41000 24.40800 130.09000
 4 6 21 20 58 30476.00000 53.73000000 2221.49000 147.41000 24.40800 130.09000
 4 6 21 20 59 30476.00000 53.73000000 2221.49000 147.41000 24.40800 130.09000
 4 6 21 20 59 30472.70000 53.73000000 2223.44000 147.55000 24.40800 130.09000
 4 6 21 21 00 30472.80000 53.73000000 2224.13000 147.55000 24.40800 130.09000
 4 6 21 21 00 30472.80000 53.73000000 2224.13000 147.69000 24.40800 130.09000
 4 6 21 21 00 30472.80000 53.73000000 2226.38000 147.69000 24.40800 130.09000
 4 6 21 21 01 30511.20000 53.73000000 2227.14000 147.69000 24.40800 130.09000
 4 6 21 21 01 30511.60000 53.73000000 2227.14000 147.69000 24.40800 130.09000
 4 6 21 21 02 30478.30000 53.73000000 2226.63000 147.69000 24.40800 130.09000
 4 6 21 21 02 30541.30000 53.73000000 2231.92000 147.47000 24.40800 130.18400
 4 6 21 21 03 30585.80000 53.73000000 2237.98000 147.90000 24.40800 130.62700
 4 6 21 21 03 30588.00000 53.73000000 2238.69000 147.90000 24.40800 130.62700
 4 6 21 21 03 30599.90000 53.73000000 2239.47000 148.04000 24.40800 130.62700
 4 6 21 21 04 30587.60000 53.73000000 2240.25000 148.45000 24.40800 130.74900
 4 6 21 21 04 30599.00000 53.73000000 2242.29000 148.45000 24.40800 130.74900
 4 6 21 21 05 30587.60000 54.19400000 2242.76000 148.43000 24.40800 130.74900
 4 6 21 21 05 30593.50000 54.19400000 2241.88000 148.42000 24.40800 130.74900
 4 6 21 21 06 30577.70000 54.19400000 2242.80000 148.42000 24.40800 130.74900
 4 6 21 21 06 30596.00000 54.19400000 2243.34000 148.42000 24.40800 130.74900
 4 6 21 21 06 30599.90000 54.19400000 2244.01000 148.42000 24.40800 130.74900
 4 6 21 21 07 30614.00000 54.19400000 2245.57000 148.51000 24.40800 130.74900
 4 6 21 21 07 30619.70000 54.19400000 2246.01000 148.57000 24.40800 130.74900
 4 6 21 21 08 30606.30000 54.24100000 2246.00000 148.57000 24.40800 130.74900
 4 6 21 21 08 30615.80000 54.24100000 2246.01000 148.57000 24.40800 130.74900
 4 6 21 21 09 30609.30000 54.24100000 2246.00000 148.61000 24.40800 130.74900
 4 6 21 21 09 30620.00000 54.24100000 2246.00000 148.61000 24.40800 130.74900
 4 6 21 21 09 30612.10000 54.24100000 2246.00000 148.61000 24.40800 130.74900
 4 6 21 21 10 30604.90000 54.62900000 2246.99000 148.61000 24.40800 130.74900
 4 6 21 21 10 30600.00000 54.62900000 2246.08000 148.61000 24.40800 130.74900
 4 6 21 21 11 30572.30000 54.42200000 2245.00000 148.42000 24.40800 130.74900
 4 6 21 21 11 30579.90000 54.42200000 2244.84000 148.14000 24.40800 130.74900
 4 6 21 21 12 30555.20000 54.41700000 2244.84000 148.14000 24.40800 130.74900
 4 6 21 21 12 30570.40000 54.41700000 2241.51000 148.22000 24.47300 130.74900
 4 6 21 21 12 30565.60000 54.41700000 2242.73000 148.11000 24.47300 130.74900
 4 6 21 21 13 30553.20000 54.41700000 2242.08000 148.11000 24.47300 130.74900
 4 6 21 21 13 30549.80000 54.41700000 2242.48000 148.11000 24.47300 130.74900
 4 6 21 21 14 30558.30000 54.26400000 2242.38000 148.08000 24.47300 130.74900
 4 6 21 21 14 30551.30000 54.26400000 2242.89000 148.34000 24.47300 130.74900
 4 6 21 21 15 30580.00000 54.42500000 2247.00000 148.34000 24.47300 130.74900
 4 6 21 21 15 30580.00000 54.37200000 2247.94000 148.36000 24.47300 130.74900
 4 6 21 21 15 30584.00000 54.37200000 2247.71000 148.36000 24.47300 130.92000
 4 6 21 21 16 30582.40000 54.37200000 2247.32000 148.18000 24.47300 130.92000
 4 6 21 21 16 30583.90000 54.37200000 2248.01000 148.18000 24.47300 130.92000
 4 6 21 21 17 30570.30000 54.37200000 2248.00000 148.11000 24.47300 130.92000
 4 6 21 21 17 30585.00000 54.37200000 2246.30000 148.11000 24.47300 130.92000
 4 6 21 21 18 30565.80000 54.37200000 2246.03000 148.11000 24.47300 130.92000
 4 6 21 21 18 30565.90000 54.29700000 2246.89000 148.12000 24.47300 130.92000
 4 6 21 21 19 30593.90000 54.29700000 2249.00000 148.12000 24.47300 130.92000
 4 6 21 21 19 30596.00000 54.29700000 2249.36000 148.12000 24.47300 130.92000
 4 6 21 21 19 30596.20000 54.29700000 2249.99000 148.13000 24.47300 130.92000
 4 6 21 21 20 30600.00000 54.29700000 2252.53000 148.13000 24.47300 130.92000
 4 6 21 21 20 30600.00000 54.29700000 2251.83000 148.13000 24.47300 130.92000
 4 6 21 21 21 30620.60000 54.29700000 2252.98000 148.13000 24.47300 130.92000
 4 6 21 21 21 30635.50000 54.29700000 2252.48000 148.13000 24.47300 130.92000
 4 6 21 21 22 30642.60000 54.29700000 2253.19000 148.26000 24.47300 130.92000
 4 6 21 21 22 30631.40000 54.29700000 2253.55000 148.26000 24.47300 130.92000
 4 6 21 21 22 30625.00000 54.29700000 2251.67000 148.26000 24.47300 130.92000
 4 6 21 21 23 30632.60000 54.29700000 2249.97000 148.26000 24.47300 130.92000
 4 6 21 21 23 30634.50000 54.29700000 2249.97000 148.31000 24.47300 130.92000
 4 6 21 21 24 30640.30000 54.29700000 2248.80000 148.31000 24.47300 130.92000
 4 6 21 21 24 30640.30000 54.29700000 2253.30000 148.35000 24.47300 130.92000
 4 6 21 21 25 30640.30000 54.29700000 2252.19000 148.37000 24.47300 130.92000
 4 6 21 21 25 30634.80000 54.29700000 2252.67000 148.37000 24.47300 130.92000
 4 6 21 21 25 30634.80000 54.29700000 2252.67000 148.37000 24.47300 130.92000
 4 6 21 21 26 30625.00000 54.29700000 2247.06000 148.29000 24.47300 130.92000
 4 6 21 21 26 30599.50000 54.29700000 2247.36000 148.29000 24.47300 130.92000
 4 6 21 21 27 30600.70000 54.51500000 2247.67000 148.29000 24.47300 130.92000
 4 6 21 21 27 30607.60000 54.51500000 2245.83000 148.29000 24.47300 130.92000
