M=[
12 8 20 22 27 9826.50000 5.70000000 327.83000 46.27000 17.60000 70.54900
12 8 20 22 27 9825.40000 5.70000000 327.93000 46.27000 17.60000 70.54900
12 8 20 22 28 9825.00000 5.70000000 327.93000 46.27000 17.60000 70.56900
12 8 20 22 28 9823.10000 5.70000000 327.93000 46.27000 17.60000 70.56900
12 8 20 22 28 9820.80000 5.70000000 327.94000 46.27000 17.60000 70.56900
12 8 20 22 29 9819.20000 5.70000000 327.93000 46.27000 17.60000 70.56900
12 8 20 22 29 9819.60000 5.70000000 327.94000 46.27000 17.60000 70.56900
12 8 20 22 30 9821.90000 5.70000000 327.94000 46.24000 17.60000 70.56900
12 8 20 22 30 9822.50000 5.70000000 327.94000 46.24000 17.60000 70.56900
12 8 20 22 31 9821.90000 5.70000000 327.93000 46.24000 17.60000 70.56900
12 8 20 22 31 9821.40000 5.70000000 327.85000 46.24000 17.60000 70.56900
12 8 20 22 32 9821.60000 5.70000000 327.85000 46.24000 17.60000 70.56900
12 8 20 22 32 9820.50000 5.70000000 327.85000 46.12000 17.55200 70.56900
12 8 20 22 33 9820.50000 5.70000000 327.85000 46.12000 17.55200 70.56900
12 8 20 22 33 9820.60000 5.70000000 327.79000 46.18000 17.55200 70.56900
12 8 20 22 34 9821.00000 5.70000000 327.79000 46.18000 17.55200 70.56900
12 8 20 22 34 9821.00000 5.70000000 328.03000 46.18000 17.55200 70.56900
12 8 20 22 35 9821.90000 5.70000000 328.03000 46.18000 17.55200 70.56900
12 8 20 22 35 9821.00000 5.70000000 327.77000 46.18000 17.55200 70.56900
12 8 20 22 35 9821.70000 5.70000000 327.98000 46.25000 17.55200 70.56900
12 8 20 22 36 9823.60000 5.70000000 327.98000 46.25000 17.55200 70.61700
12 8 20 22 36 9823.10000 5.70000000 327.98000 46.25000 17.55200 70.61700
12 8 20 22 37 9823.10000 5.70000000 327.97000 46.25000 17.55200 70.61700
12 8 20 22 37 9822.60000 5.70000000 327.97000 46.26000 17.55200 70.61700
12 8 20 22 38 9822.30000 5.70000000 328.09000 46.26000 17.55200 70.61700
12 8 20 22 38 9822.30000 5.70000000 328.09000 46.26000 17.55200 70.61700
12 8 20 22 39 9824.40000 5.70000000 328.09000 46.24000 17.55200 70.61700
12 8 20 22 39 9824.30000 5.70000000 328.04000 46.24000 17.55200 70.61700
12 8 20 22 40 9826.00000 5.70000000 328.07000 46.24000 17.55200 70.61700
12 8 20 22 40 9824.50000 5.70000000 328.10000 46.24000 17.55200 70.61700
12 8 20 22 41 9824.50000 5.70000000 327.97000 46.25000 17.55200 70.61700
12 8 20 22 41 9822.30000 5.70000000 327.97000 46.25000 17.55200 70.61700
12 8 20 22 42 9822.40000 5.70000000 327.96000 46.25000 17.55200 70.61700
12 8 20 22 42 9811.60000 5.70000000 327.73000 46.25000 17.55200 70.60000
12 8 20 22 42 9810.00000 5.70000000 327.73000 46.25000 17.55200 70.60000
12 8 20 22 43 9810.00000 5.70000000 327.73000 46.25000 17.55200 70.60000
12 8 20 22 43 9810.10000 5.70000000 327.72000 46.25000 17.55200 70.60000
12 8 20 22 44 9810.10000 5.70000000 327.50000 46.25000 17.55200 70.60000
12 8 20 22 44 9810.10000 5.70000000 327.50000 46.25000 17.55200 70.60000
12 8 20 22 45 9810.10000 5.70000000 327.50000 46.25000 17.55200 70.60000
12 8 20 22 45 9810.10000 5.70000000 327.20000 46.13000 17.55200 70.60000
12 8 20 22 46 9810.00000 5.70000000 326.96000 46.13000 17.55200 70.60000
12 8 20 22 46 9810.10000 5.70000000 326.96000 46.15000 17.55200 70.66900
12 8 20 22 47 9810.00000 5.70000000 327.25000 46.15000 17.55200 70.66900
12 8 20 22 47 9810.10000 5.70000000 327.25000 46.15000 17.55200 70.66900
12 8 20 22 47 9810.00000 5.70000000 327.26000 46.15000 17.50300 70.66900
12 8 20 22 48 9809.50000 5.70000000 327.26000 46.15000 17.50300 70.66900
12 8 20 22 48 9809.00000 5.70000000 327.26000 46.15000 17.50300 70.66900
12 8 20 22 49 9806.70000 5.70000000 327.28000 46.15000 17.50300 70.66900
12 8 20 22 49 9806.60000 5.70000000 327.28000 46.15000 17.50300 70.66900
12 8 20 22 50 9801.00000 5.70000000 327.52000 46.16000 17.50300 70.66900
12 8 20 22 50 9800.40000 5.70000000 327.52000 46.15000 17.50500 70.66900
12 8 20 22 51 9810.60000 5.70000000 327.78000 46.15000 17.50500 70.66900
12 8 20 22 51 9804.70000 5.70000000 327.65000 46.15000 17.50500 70.66900
12 8 20 22 52 9806.20000 5.70000000 327.65000 46.15000 17.50500 70.66900
12 8 20 22 52 9806.30000 5.70000000 327.79000 46.15000 17.50500 70.66900
12 8 20 22 53 9806.20000 5.70000000 327.81000 46.15000 17.50500 70.66900
12 8 20 22 53 9810.70000 5.70000000 327.80000 46.15000 17.50500 70.66900
12 8 20 22 54 9813.60000 5.70000000 327.80000 46.15000 17.50500 70.66900
12 8 20 22 54 9812.60000 5.70000000 327.80000 46.15000 17.50500 70.66900
12 8 20 22 55 9812.80000 5.70000000 327.84000 46.15000 17.50500 70.66900
12 8 20 22 55 9813.00000 5.70000000 327.84000 46.26000 17.50500 70.76600
12 8 20 22 56 9806.30000 5.70000000 327.92000 46.26000 17.52500 70.78000
12 8 20 22 56 9814.80000 5.70000000 327.89000 46.26000 17.52500 70.78000
12 8 20 22 57 9814.80000 5.70000000 327.89000 46.26000 17.52500 70.78000
12 8 20 22 57 9814.70000 5.70000000 327.89000 46.26000 17.52500 70.78000
12 8 20 22 58 9806.30000 5.70000000 327.82000 46.19000 17.52500 70.78000
12 8 20 22 58 9807.70000 5.70000000 327.83000 46.19000 17.52500 70.78000
12 8 20 22 59 9808.80000 5.70000000 327.90000 46.19000 17.52500 70.78000
12 8 20 22 59 9812.50000 5.70000000 328.12000 46.26000 17.52500 70.78000
12 8 20 23 00 9806.80000 5.70000000 328.12000 46.26000 17.52500 70.98400
12 8 20 23 00 9804.50000 5.70000000 328.11000 46.26000 17.52500 70.98400
12 8 20 23 01 9809.10000 5.70000000 328.14000 46.26000 17.52500 70.98400
12 8 20 23 01 9806.60000 5.70000000 328.13000 46.26000 17.52500 70.98400
12 8 20 23 02 9812.00000 5.70000000 328.13000 46.26000 17.52500 70.98400
12 8 20 23 02 9812.00000 5.70000000 328.14000 46.26000 17.52500 70.98400
12 8 20 23 02 9814.70000 5.70000000 328.20000 46.24000 17.52500 70.98400
12 8 20 23 03 9814.60000 5.70000000 328.49000 46.30000 17.52500 70.98400
12 8 20 23 04 9822.20000 5.70000000 328.52000 46.30000 17.54600 70.95600
12 8 20 23 04 9819.80000 5.70000000 328.77000 46.30000 17.54600 70.95600
12 8 20 23 04 9821.00000 5.70000000 328.79000 46.32000 17.54600 70.95900
12 8 20 23 05 9826.30000 5.70000000 328.78000 46.32000 17.54600 70.95900
12 8 20 23 05 9824.80000 5.70000000 328.79000 46.32000 17.54600 71.14100
12 8 20 23 06 9826.40000 5.70000000 328.79000 46.32000 17.54600 71.14100
12 8 20 23 06 9830.70000 5.70000000 328.79000 46.32000 17.54600 71.14100
12 8 20 23 07 9826.50000 5.70000000 328.66000 46.32000 17.54600 71.14100
12 8 20 23 07 9831.60000 5.70000000 328.85000 46.32000 17.54600 71.14100
12 8 20 23 08 9831.60000 5.70000000 328.85000 46.32000 17.54600 71.14100
12 8 20 23 08 9826.70000 5.70000000 328.85000 46.32000 17.54600 71.14100
12 8 20 23 09 9831.70000 5.70000000 328.84000 46.32000 17.59500 71.14100
12 8 20 23 09 9831.50000 5.70000000 328.85000 46.32000 17.59500 71.14100
12 8 20 23 10 9831.10000 5.70000000 328.85000 46.32000 17.60000 71.14100
12 8 20 23 10 9831.10000 5.70000000 328.85000 46.32000 17.60000 71.14100
12 8 20 23 11 9831.00000 5.70000000 328.85000 46.31000 17.60000 71.14100
12 8 20 23 11 9828.60000 5.70000000 328.85000 46.31000 17.60000 71.14100
12 8 20 23 12 9823.50000 5.70000000 328.59000 46.31000 17.60000 71.14100
12 8 20 23 12 9823.00000 5.70000000 328.59000 46.33000 17.60000 71.14100
12 8 20 23 13 9820.70000 5.70000000 328.58000 46.33000 17.60000 71.14100
12 8 20 23 13 9820.70000 5.70000000 328.57000 46.33000 17.60000 71.14100
12 8 20 23 14 9820.70000 5.70000000 328.19000 46.33000 17.60000 71.14100
12 8 20 23 14 9814.10000 5.70000000 328.19000 46.33000 17.60000 71.14100
12 8 20 23 14 9814.00000 5.70000000 328.24000 46.30000 17.60000 71.14100
12 8 20 23 15 9818.30000 5.70000000 328.24000 46.30000 17.60000 71.14100
12 8 20 23 15 9818.20000 5.70000000 328.23000 46.30000 17.60000 71.14100
12 8 20 23 16 9818.20000 5.70000000 328.23000 46.30000 17.60000 71.09700
12 8 20 23 16 9818.20000 5.71900000 328.23000 46.30000 17.60000 71.09700
12 8 20 23 17 9818.10000 5.71900000 328.24000 46.30000 17.60000 71.09700
12 8 20 23 17 9818.20000 5.71900000 328.23000 46.30000 17.60000 71.09700
12 8 20 23 18 9817.10000 5.71900000 328.12000 46.30000 17.60000 71.09700
