M=[
16 9 20 10 53 9160.00000 5.18300000 305.29000 40.29000 13.72600 48.55600
16 9 20 10 53 9160.10000 5.18300000 305.29000 40.29000 13.72600 48.55600
16 9 20 10 54 9162.50000 5.18300000 305.29000 40.29000 13.72600 48.55600
16 9 20 10 54 9162.50000 5.18300000 305.10000 40.29000 13.72600 48.52900
16 9 20 10 55 9160.90000 5.18300000 305.14000 40.29000 13.72600 48.52900
16 9 20 10 55 9160.60000 5.18300000 305.14000 40.29000 13.72600 48.52900
16 9 20 10 55 9160.50000 5.18300000 305.14000 40.29000 13.72600 48.52900
16 9 20 10 56 9160.60000 5.18300000 305.00000 40.29000 13.72600 48.52900
16 9 20 10 56 9160.10000 5.18300000 305.00000 40.29000 13.72600 48.52900
16 9 20 10 57 9160.10000 5.18300000 305.00000 40.29000 13.72600 48.52900
16 9 20 10 57 9160.10000 5.18300000 305.00000 40.29000 13.72600 48.52900
16 9 20 10 58 9160.00000 5.18300000 305.00000 40.28000 13.72600 48.52900
16 9 20 10 58 9160.10000 5.18300000 304.98000 40.28000 13.72600 48.49600
16 9 20 10 58 9160.10000 5.18300000 304.98000 40.20000 13.72600 48.49600
16 9 20 10 59 9160.00000 5.18300000 304.97000 40.20000 13.72600 48.49600
16 9 20 10 59 9160.30000 5.18300000 305.16000 40.20000 13.72600 48.49600
16 9 20 11 00 9160.00000 5.18300000 305.16000 40.20000 13.72600 48.49600
16 9 20 11 00 9160.50000 5.18300000 305.16000 40.20000 13.72600 48.59400
16 9 20 11 01 9163.20000 5.18300000 305.54000 40.20000 13.72600 48.59400
16 9 20 11 01 9164.90000 5.18300000 305.79000 40.20000 13.72600 48.59400
16 9 20 11 02 9173.90000 5.18300000 305.75000 40.20000 13.72600 48.59400
16 9 20 11 02 9174.90000 5.18300000 306.21000 40.20000 13.72600 48.59400
16 9 20 11 02 9175.00000 5.18300000 306.09000 40.20000 13.72600 48.59400
16 9 20 11 03 9183.00000 5.18300000 306.29000 40.20000 13.72600 48.59400
16 9 20 11 03 9185.50000 5.18300000 306.32000 40.20000 13.72600 48.59400
16 9 20 11 04 9182.30000 5.18300000 306.31000 40.35000 13.72600 48.59400
16 9 20 11 04 9182.20000 5.18300000 306.22000 40.34000 13.72600 48.59400
16 9 20 11 05 9183.70000 5.18300000 306.34000 40.34000 13.72600 48.59400
16 9 20 11 05 9188.00000 5.18300000 306.28000 40.34000 13.72600 48.59400
16 9 20 11 05 9188.00000 5.18300000 306.37000 40.34000 13.72600 48.59400
16 9 20 11 06 9189.80000 5.18300000 306.39000 40.34000 13.72600 48.59400
16 9 20 11 06 9184.50000 5.18300000 306.39000 40.34000 13.72600 48.59400
16 9 20 11 07 9180.20000 5.18300000 305.83000 40.34000 13.72600 48.59400
16 9 20 11 07 9180.40000 5.18300000 305.83000 40.34000 13.72600 48.59400
16 9 20 11 08 9181.60000 5.18300000 305.83000 40.34000 13.72600 48.59400
16 9 20 11 08 9178.90000 5.18300000 305.87000 40.34000 13.72600 48.59400
16 9 20 11 08 9178.10000 5.18300000 305.87000 40.34000 13.72600 48.59400
16 9 20 11 09 9178.00000 5.18300000 305.99000 40.34000 13.72600 48.59400
16 9 20 11 09 9178.00000 5.18300000 306.13000 40.34000 13.72600 48.59400
16 9 20 11 10 9181.60000 5.18300000 306.48000 40.34000 13.72600 48.59400
16 9 20 11 10 9181.60000 5.18300000 306.84000 40.34000 13.72600 48.59400
16 9 20 11 11 9181.60000 5.18300000 306.84000 40.35000 13.72600 48.59400
16 9 20 11 11 9185.40000 5.18300000 306.58000 40.35000 13.72600 48.59400
16 9 20 11 11 9184.40000 5.18300000 306.58000 40.35000 13.72600 48.59400
16 9 20 11 12 9182.70000 5.18300000 306.56000 40.35000 13.72600 48.59400
16 9 20 11 12 9183.60000 5.18300000 306.35000 40.35000 13.72600 48.59400
16 9 20 11 13 9183.70000 5.18300000 306.26000 40.30000 13.72600 48.59400
16 9 20 11 13 9181.70000 5.18300000 306.26000 40.30000 13.72600 48.59400
16 9 20 11 14 9180.40000 5.18300000 306.24000 40.30000 13.72600 48.59400
16 9 20 11 14 9179.70000 5.18300000 306.25000 40.30000 13.72600 48.59400
16 9 20 11 14 9179.60000 5.18300000 306.25000 40.30000 13.72600 48.59400
16 9 20 11 15 9179.60000 5.18300000 306.32000 40.30000 13.72600 48.59400
16 9 20 11 15 9179.70000 5.18300000 306.32000 40.30000 13.72600 48.59400
16 9 20 11 16 9181.60000 5.18300000 306.37000 40.34000 13.72600 48.59400
16 9 20 11 16 9181.60000 5.18300000 306.38000 40.33000 13.72600 48.59400
16 9 20 11 17 9181.70000 5.18300000 306.38000 40.33000 13.72600 48.59400
16 9 20 11 17 9180.80000 5.18300000 306.23000 40.33000 13.72600 48.59400
16 9 20 11 17 9181.30000 5.18300000 306.37000 40.33000 13.72600 48.59400
16 9 20 11 18 9182.70000 5.18300000 306.37000 40.33000 13.72600 48.59400
16 9 20 11 18 9182.70000 5.18300000 306.26000 40.33000 13.72600 48.59400
16 9 20 11 19 9182.70000 5.18300000 306.50000 40.33000 13.72600 48.59400
16 9 20 11 19 9182.60000 5.18300000 306.50000 40.33000 13.72600 48.59400
16 9 20 11 20 9183.70000 5.18300000 306.50000 40.33000 13.73600 48.59400
16 9 20 11 20 9183.70000 5.18300000 306.77000 40.33000 13.73600 48.77600
16 9 20 11 20 9183.70000 5.18300000 306.60000 40.33000 13.73600 48.77600
16 9 20 11 21 9183.60000 5.18300000 306.60000 40.33000 13.73600 48.73600
16 9 20 11 21 9183.70000 5.18300000 306.40000 40.33000 13.73600 48.73600
16 9 20 11 22 9183.70000 5.18300000 306.39000 40.33000 13.80000 48.73600
16 9 20 11 22 9181.30000 5.18300000 306.19000 40.33000 13.80000 48.73600
16 9 20 11 23 9181.70000 5.18300000 306.29000 40.33000 13.80000 48.73600
16 9 20 11 23 9181.80000 5.18300000 306.22000 40.37000 13.80000 48.73600
16 9 20 11 23 9181.80000 5.18300000 306.22000 40.37000 13.80000 48.73600
16 9 20 11 24 9181.60000 5.18300000 306.17000 40.37000 13.80000 48.73600
16 9 20 11 24 9184.50000 5.18300000 306.19000 40.37000 13.80000 48.73600
16 9 20 11 25 9181.90000 5.18300000 306.19000 40.32000 13.80000 48.73600
16 9 20 11 25 9181.80000 5.18300000 306.18000 40.32000 13.85000 48.73600
16 9 20 11 26 9181.70000 5.18300000 306.18000 40.32000 13.85000 48.73600
16 9 20 11 26 9181.90000 5.18300000 306.02000 40.32000 13.85000 48.73600
16 9 20 11 26 9179.60000 5.20000000 306.00000 40.32000 13.90000 48.73600
16 9 20 11 27 9179.60000 5.20000000 306.00000 40.32000 13.90000 48.73600
16 9 20 11 27 9179.70000 5.20000000 305.70000 40.32000 13.90000 48.73600
16 9 20 11 28 9179.70000 5.20000000 305.81000 40.32000 13.90000 48.73600
16 9 20 11 28 9179.60000 5.20000000 305.75000 40.32000 13.90000 48.73600
16 9 20 11 29 9179.70000 5.20000000 305.83000 40.32000 13.90000 48.73600
16 9 20 11 29 9179.70000 5.20000000 305.83000 40.32000 13.90000 48.73600
16 9 20 11 30 9181.10000 5.20000000 305.99000 40.32000 13.90000 48.73600
16 9 20 11 30 9179.80000 5.20000000 306.26000 40.32000 13.90000 48.73600
16 9 20 11 30 9182.80000 5.20000000 306.39000 40.32000 13.90000 48.73600
16 9 20 11 31 9182.40000 5.20000000 306.39000 40.32000 13.90000 48.73600
16 9 20 11 31 9182.40000 5.20000000 306.39000 40.32000 13.90500 48.73600
16 9 20 11 32 9182.30000 5.20000000 306.39000 40.32000 13.90500 48.73600
16 9 20 11 32 9182.40000 5.20000000 306.46000 40.32000 13.90500 48.73600
16 9 20 11 33 9182.40000 5.20000000 306.40000 40.32000 13.90500 48.73600
16 9 20 11 33 9182.40000 5.20000000 306.39000 40.32000 13.90500 48.73600
16 9 20 11 33 9182.30000 5.20000000 306.39000 40.32000 13.90500 48.73600
16 9 20 11 34 9182.40000 5.20000000 306.01000 40.32000 13.90500 48.56100
16 9 20 11 34 9181.60000 5.20000000 306.04000 40.32000 13.80100 48.56100
16 9 20 11 35 9181.70000 5.20000000 306.09000 40.32000 13.80100 48.56100
16 9 20 11 35 9181.70000 5.20000000 306.07000 40.32000 13.80100 48.56100
16 9 20 11 36 9179.80000 5.20000000 306.07000 40.33000 13.80100 48.44500
16 9 20 11 36 9179.80000 5.20000000 306.07000 40.33000 13.80100 48.44500
16 9 20 11 36 9179.70000 5.20000000 306.07000 40.33000 13.80100 48.44500
16 9 20 11 37 9180.80000 5.20000000 306.07000 40.33000 13.80100 48.44500
16 9 20 11 37 9180.80000 5.20000000 306.25000 40.33000 13.80100 48.44500
16 9 20 11 38 9179.60000 5.20000000 306.25000 40.33000 13.80100 48.44500
16 9 20 11 38 9179.70000 5.20000000 306.14000 40.33000 13.80100 48.44500
16 9 20 11 39 9179.70000 5.20000000 306.12000 40.33000 13.80100 48.44500
16 9 20 11 39 9179.60000 5.20000000 306.13000 40.33000 13.80100 48.44500
16 9 20 11 39 9179.60000 5.10600000 306.00000 40.33000 13.80100 48.44500
