M=[
11 9 20 21 58 8756.10000 4.43200000 312.53000 41.47000 16.59000 53.92400
11 9 20 21 58 8758.70000 4.43200000 313.15000 41.47000 16.52100 53.92400
11 9 20 21 59 8759.30000 4.43200000 313.15000 41.47000 16.52100 53.92400
11 9 20 21 59 8759.30000 4.43200000 313.32000 41.47000 16.45700 53.92400
11 9 20 22 00 8760.00000 4.43200000 313.32000 41.53000 16.42100 53.92400
11 9 20 22 00 8760.00000 4.43200000 313.32000 41.53000 16.34500 53.92400
11 9 20 22 00 8760.00000 4.43200000 313.71000 41.53000 16.25600 53.92400
11 9 20 22 01 8760.00000 4.43200000 313.71000 41.53000 16.25600 53.91000
11 9 20 22 01 8760.00000 4.43200000 313.87000 41.53000 16.44400 53.91000
11 9 20 22 02 8760.00000 4.43200000 313.87000 41.53000 16.47400 53.80700
11 9 20 22 02 8769.80000 4.43200000 314.00000 41.53000 16.50000 53.80700
11 9 20 22 03 8765.60000 4.43200000 314.00000 41.53000 16.54800 53.70800
11 9 20 22 03 8765.60000 4.43200000 314.30000 41.53000 16.66000 53.47300
11 9 20 22 03 8765.50000 4.43200000 314.29000 41.53000 16.65200 53.47300
11 9 20 22 04 8765.60000 4.43200000 314.29000 41.64000 16.65200 53.47300
11 9 20 22 04 8765.60000 4.43200000 314.29000 41.64000 16.53200 53.47300
11 9 20 22 05 8769.90000 4.43200000 314.78000 41.64000 16.66300 53.47300
11 9 20 22 05 8769.90000 4.43200000 314.97000 41.64000 16.73600 53.47300
11 9 20 22 06 8769.90000 4.43200000 314.97000 41.63000 16.73700 53.47300
11 9 20 22 06 8769.90000 4.43200000 314.81000 41.64000 16.66900 53.47300
11 9 20 22 06 8769.90000 4.43200000 314.97000 41.64000 16.66200 53.47300
11 9 20 22 07 8769.90000 4.43200000 314.96000 41.64000 16.66200 53.47300
11 9 20 22 07 8769.90000 4.45000000 314.81000 41.64000 16.66000 53.47300
11 9 20 22 08 8769.80000 4.45000000 314.70000 41.64000 16.65700 53.47300
11 9 20 22 08 8769.80000 4.45000000 314.70000 41.64000 16.70500 53.47300
11 9 20 22 09 8769.90000 4.45000000 314.91000 41.64000 16.86900 53.47300
11 9 20 22 09 8768.00000 4.45000000 314.83000 41.64000 16.88300 53.47300
11 9 20 22 09 8768.00000 4.45000000 314.79000 41.64000 16.85200 53.47300
11 9 20 22 10 8768.00000 4.45000000 314.70000 41.64000 16.85200 53.47300
11 9 20 22 10 8769.90000 4.45000000 315.00000 41.64000 16.79100 53.47300
11 9 20 22 11 8769.90000 4.43400000 315.00000 41.64000 16.92300 53.47300
11 9 20 22 11 8769.90000 4.43400000 315.73000 41.64000 16.83800 53.47300
11 9 20 22 12 8793.50000 4.43400000 316.69000 41.78000 16.88700 53.47300
11 9 20 22 12 8790.00000 4.43400000 316.06000 41.75000 17.07200 53.47300
11 9 20 22 13 8788.90000 4.43400000 315.98000 41.75000 16.91200 53.47300
11 9 20 22 13 8786.20000 4.43400000 315.83000 41.75000 16.94500 53.47300
11 9 20 22 13 8780.40000 4.43400000 315.83000 41.75000 16.94000 53.47300
11 9 20 22 14 8780.40000 4.43400000 315.60000 41.66000 16.88500 53.47300
11 9 20 22 14 8784.50000 4.43400000 315.58000 41.66000 16.88500 53.47300
11 9 20 22 15 8789.90000 4.43400000 315.89000 41.64000 16.88500 53.47300
11 9 20 22 15 8791.90000 4.43400000 316.00000 41.64000 16.88500 53.47300
11 9 20 22 16 8791.90000 4.43400000 316.16000 41.64000 16.97200 53.47300
11 9 20 22 16 8790.10000 4.43400000 316.10000 41.64000 16.97200 53.47300
11 9 20 22 16 8785.10000 4.43400000 315.67000 41.64000 16.97200 53.47300
11 9 20 22 17 8778.00000 4.43400000 315.55000 41.64000 16.97200 53.47300
11 9 20 22 17 8788.40000 4.43400000 316.09000 41.61000 16.97200 53.47300
11 9 20 22 18 8788.80000 4.43400000 316.27000 41.61000 16.97200 53.47300
11 9 20 22 18 8788.70000 4.43400000 316.43000 41.61000 16.97200 53.47300
11 9 20 22 19 8787.80000 4.43400000 316.15000 41.61000 16.97200 53.47300
11 9 20 22 19 8785.10000 4.43400000 316.15000 41.61000 16.90700 53.47300
11 9 20 22 20 8787.70000 4.43400000 316.15000 41.61000 16.90700 53.47300
11 9 20 22 20 8787.50000 4.45000000 316.15000 41.61000 16.90700 53.47300
11 9 20 22 20 8787.60000 4.45000000 315.84000 41.61000 16.90700 53.47300
11 9 20 22 21 8784.60000 4.45000000 315.78000 41.61000 16.90700 53.47300
11 9 20 22 21 8780.30000 4.45000000 315.64000 41.61000 16.90700 53.47300
11 9 20 22 22 8780.80000 4.45000000 315.64000 41.61000 16.90700 53.47300
11 9 20 22 22 8781.80000 4.45000000 315.52000 41.60000 16.90700 53.47300
11 9 20 22 23 8782.10000 4.45000000 315.52000 41.60000 16.90700 53.47300
11 9 20 22 23 8782.60000 4.45000000 315.52000 41.60000 16.89600 53.47300
11 9 20 22 23 8789.90000 4.45000000 316.23000 41.60000 16.97100 53.47300
11 9 20 22 24 8787.40000 4.45000000 316.23000 41.60000 16.97100 53.47300
11 9 20 22 24 8787.40000 4.45000000 316.04000 41.60000 16.91800 53.47300
11 9 20 22 25 8787.40000 4.45000000 316.04000 41.60000 16.91800 53.47300
11 9 20 22 25 8787.40000 4.45000000 316.04000 41.60000 16.85600 53.47300
11 9 20 22 26 8787.40000 4.45000000 316.04000 41.60000 16.85100 53.47300
11 9 20 22 26 8787.40000 4.45000000 316.23000 41.61000 16.85100 53.47300
11 9 20 22 26 8783.80000 4.45000000 316.21000 41.61000 16.85100 53.47300
11 9 20 22 27 8783.50000 4.45000000 316.42000 41.61000 16.85100 53.47300
11 9 20 22 27 8783.90000 4.45000000 316.33000 41.61000 16.85100 53.47300
11 9 20 22 28 8784.90000 4.45000000 316.45000 41.61000 16.74200 53.47300
11 9 20 22 28 8784.90000 4.45000000 316.26000 41.61000 16.74200 53.47300
11 9 20 22 29 8785.00000 4.45000000 316.23000 41.61000 16.74200 53.47300
11 9 20 22 29 8783.20000 4.45000000 315.49000 41.61000 16.67500 53.47300
11 9 20 22 29 8778.10000 4.45000000 315.32000 41.61000 16.67500 53.47300
11 9 20 22 30 8772.20000 4.45000000 315.32000 41.61000 16.67500 53.47300
11 9 20 22 30 8770.10000 4.45000000 315.32000 41.61000 16.44100 53.47300
11 9 20 22 31 8771.40000 4.45000000 315.15000 41.61000 16.55700 53.47300
11 9 20 22 31 8772.00000 4.45000000 315.00000 41.61000 16.55700 53.47300
11 9 20 22 32 8781.60000 4.45000000 315.00000 41.61000 16.55700 53.47300
11 9 20 22 32 8778.70000 4.45000000 315.78000 41.61000 16.55700 53.47300
11 9 20 22 33 8774.10000 4.45000000 315.30000 41.61000 16.55700 53.47300
11 9 20 22 33 8772.80000 4.45000000 315.30000 41.61000 16.54000 53.47300
11 9 20 22 33 8772.20000 4.45000000 315.63000 41.61000 16.54000 53.47300
11 9 20 22 34 8775.00000 4.45000000 315.56000 41.47000 16.54000 53.47300
11 9 20 22 34 8776.90000 4.45000000 315.40000 41.47000 16.54000 53.47300
11 9 20 22 35 8781.30000 4.45000000 315.40000 41.47000 16.54000 53.47300
11 9 20 22 35 8784.70000 4.45000000 315.81000 41.47000 16.54000 53.47300
11 9 20 22 36 8784.60000 4.45000000 315.70000 41.47000 16.54000 53.47300
11 9 20 22 36 8784.60000 4.45000000 315.70000 41.47000 16.52400 53.47300
11 9 20 22 36 8784.70000 4.45000000 315.70000 41.47000 16.52400 53.47300
11 9 20 22 37 8784.60000 4.45000000 315.70000 41.47000 16.52400 53.47300
11 9 20 22 37 8786.00000 4.45000000 316.70000 41.47000 16.52400 53.65700
11 9 20 22 38 8786.00000 4.45000000 316.48000 41.59000 16.52500 53.65900
11 9 20 22 38 8786.00000 4.45000000 316.70000 41.59000 16.52500 53.65900
11 9 20 22 39 8786.00000 4.45000000 316.82000 41.59000 16.52500 53.65900
11 9 20 22 39 8786.00000 4.45000000 316.96000 41.59000 16.70100 53.65900
11 9 20 22 39 8786.00000 4.45000000 316.96000 41.59000 16.83600 53.65900
11 9 20 22 40 8786.00000 4.45000000 317.00000 41.55000 16.84200 53.65900
11 9 20 22 40 8785.90000 4.45000000 317.00000 41.54000 17.01100 53.65900
11 9 20 22 41 8786.00000 4.45000000 317.00000 41.54000 16.95400 53.65900
11 9 20 22 41 8786.00000 4.45000000 316.84000 41.54000 16.95400 53.65900
11 9 20 22 42 8784.70000 4.45000000 316.50000 41.54000 16.76600 53.65900
11 9 20 22 42 8779.30000 4.45000000 316.27000 41.54000 16.76600 53.65900
11 9 20 22 43 8776.70000 4.45000000 316.27000 41.54000 16.75500 53.46700
11 9 20 22 43 8775.70000 4.45000000 316.17000 41.43000 16.75500 53.46700
11 9 20 22 43 8775.60000 4.45000000 316.17000 41.43000 16.75500 53.46700
11 9 20 22 44 8774.10000 4.45000000 316.17000 41.43000 16.75500 53.46700
11 9 20 22 44 8774.10000 4.45000000 316.25000 41.43000 16.75500 53.46700
11 9 20 22 45 8775.60000 4.45000000 316.35000 41.43000 16.75500 53.46700
