M=[
 4 8 21 10 34 31977.40000 41.23400000 2102.64000 115.79000 22.13500 95.94000
 4 8 21 10 34 31977.60000 41.23400000 2103.25000 115.83000 22.13500 95.94000
 4 8 21 10 34 31974.20000 41.23400000 2101.98000 115.74000 22.13500 95.94000
 4 8 21 10 35 31969.90000 41.23400000 2101.12000 115.74000 22.13500 95.94000
 4 8 21 10 35 31969.90000 41.23400000 2100.58000 115.74000 22.13500 95.94000
 4 8 21 10 36 31969.90000 41.23400000 2100.59000 115.74000 22.13500 95.94000
 4 8 21 10 36 31970.40000 41.23400000 2102.14000 115.74000 22.13500 95.94000
 4 8 21 10 37 31969.90000 41.23400000 2101.08000 115.74000 22.13500 95.94000
 4 8 21 10 37 31955.50000 41.23400000 2101.80000 115.71000 22.13500 95.94000
 4 8 21 10 37 31956.80000 41.23400000 2102.08000 115.71000 22.13500 95.94000
 4 8 21 10 38 31965.90000 41.23400000 2102.38000 115.71000 22.13500 95.94000
 4 8 21 10 38 31999.10000 41.23400000 2104.07000 115.71000 22.13500 96.65700
 4 8 21 10 39 31992.80000 41.23400000 2104.08000 115.71000 22.13500 96.65700
 4 8 21 10 39 31998.50000 41.23400000 2104.08000 115.81000 22.13500 96.65700
 4 8 21 10 40 31999.50000 41.21800000 2104.56000 115.81000 22.13500 96.65700
 4 8 21 10 40 32000.00000 41.21800000 2104.44000 115.84000 22.13500 96.85500
 4 8 21 10 41 32002.00000 41.21800000 2103.66000 115.84000 22.13500 96.85500
 4 8 21 10 41 31999.10000 41.21800000 2103.48000 115.84000 22.13500 96.85500
 4 8 21 10 41 31999.10000 41.21800000 2102.22000 115.84000 22.13500 96.85500
 4 8 21 10 42 31999.00000 41.21800000 2103.50000 115.84000 22.13500 96.85500
 4 8 21 10 42 31999.10000 41.21800000 2104.41000 115.84000 22.13500 96.85500
 4 8 21 10 43 31999.00000 41.21800000 2103.52000 115.84000 22.13500 96.85500
 4 8 21 10 43 31993.40000 41.21800000 2102.52000 115.84000 22.13500 96.85500
 4 8 21 10 44 31971.00000 41.21800000 2102.45000 115.78000 22.13500 96.85500
 4 8 21 10 44 31986.30000 41.21800000 2102.45000 115.78000 22.13500 96.85500
 4 8 21 10 44 31978.60000 41.21800000 2103.10000 115.75000 22.13500 96.85500
 4 8 21 10 45 31970.00000 41.21800000 2102.71000 115.73000 22.13500 96.85500
 4 8 21 10 45 31965.90000 41.21800000 2102.70000 115.70000 22.13500 96.85500
 4 8 21 10 46 31960.70000 41.21800000 2102.70000 115.70000 22.13500 96.85500
 4 8 21 10 46 31957.30000 41.21800000 2102.71000 115.70000 22.13500 96.85500
 4 8 21 10 47 31955.00000 41.21800000 2102.70000 115.70000 22.13500 96.85500
 4 8 21 10 47 31952.60000 41.21800000 2102.71000 115.70000 22.13500 96.57900
 4 8 21 10 47 31960.00000 41.21800000 2102.70000 115.71000 22.13500 96.57900
 4 8 21 10 48 31959.30000 41.21800000 2101.66000 115.71000 22.13500 96.57900
 4 8 21 10 48 31959.30000 41.21800000 2101.34000 115.73000 22.13500 96.57900
 4 8 21 10 49 31958.50000 41.21800000 2101.58000 115.73000 22.13500 96.57900
 4 8 21 10 49 31960.00000 41.21800000 2101.58000 115.72000 22.13500 96.57900
 4 8 21 10 50 31960.00000 41.21800000 2101.83000 115.72000 22.13500 96.57900
 4 8 21 10 50 31960.00000 41.21800000 2101.81000 115.71000 22.13500 96.57900
 4 8 21 10 50 31990.10000 41.21800000 2101.82000 115.71000 22.13500 96.57900
 4 8 21 10 51 31986.20000 41.21800000 2102.99000 115.73000 22.13500 96.57900
 4 8 21 10 51 32025.00000 41.21800000 2104.49000 115.73000 22.13500 96.63500
 4 8 21 10 52 32026.50000 41.33000000 2105.75000 115.73000 22.13500 96.63500
 4 8 21 10 52 32040.00000 41.33000000 2106.07000 115.73000 22.13500 96.63500
 4 8 21 10 53 32034.10000 41.33000000 2106.07000 115.73000 22.13500 96.63500
 4 8 21 10 53 32034.10000 41.33000000 2106.08000 115.94000 22.13500 96.63500
 4 8 21 10 54 32049.20000 41.33000000 2107.30000 115.95000 22.13500 96.63500
 4 8 21 10 54 32065.70000 41.33000000 2107.52000 115.95000 22.13500 96.63500
 4 8 21 10 54 32084.60000 41.36900000 2108.07000 115.95000 22.13500 96.63500
 4 8 21 10 55 32083.80000 41.36900000 2109.08000 115.95000 22.13500 96.63500
 4 8 21 10 55 32100.80000 41.36900000 2111.02000 116.07000 22.13500 96.63500
 4 8 21 10 56 32112.00000 41.36900000 2110.19000 116.07000 22.15800 96.63500
 4 8 21 10 56 32121.40000 41.36900000 2110.17000 116.07000 22.15800 96.63500
 4 8 21 10 57 32116.00000 41.36900000 2110.18000 116.07000 22.15800 96.63500
 4 8 21 10 57 32112.80000 41.36900000 2110.36000 116.07000 22.15800 96.63500
 4 8 21 10 57 32112.10000 41.36900000 2111.99000 116.07000 22.15800 96.63500
 4 8 21 10 58 32112.00000 41.36900000 2112.00000 116.07000 22.15800 96.63500
 4 8 21 10 58 32100.10000 41.33600000 2111.18000 116.02000 22.15800 96.63500
 4 8 21 10 59 32109.90000 41.33600000 2111.34000 116.02000 22.15800 96.63500
 4 8 21 10 59 32126.30000 41.36500000 2111.22000 116.00000 22.15800 96.63500
 4 8 21 11 00 32133.90000 41.36500000 2108.71000 116.00000 22.15800 96.63500
 4 8 21 11 00 32150.50000 41.40200000 2111.19000 116.00000 22.15800 96.63500
 4 8 21 11 00 32159.70000 41.40200000 2111.19000 116.00000 22.15800 96.63500
 4 8 21 11 01 32150.60000 41.40200000 2111.97000 116.00000 22.15800 96.63500
 4 8 21 11 01 32150.60000 41.40200000 2109.68000 116.00000 22.15800 96.63500
 4 8 21 11 02 32163.60000 41.40200000 2109.78000 116.00000 22.15800 96.63500
 4 8 21 11 02 32186.30000 41.40200000 2109.59000 116.00000 22.15800 96.63500
 4 8 21 11 03 32188.70000 41.40200000 2110.13000 116.00000 22.15800 96.63500
 4 8 21 11 03 32189.10000 41.40200000 2109.59000 116.07000 22.15800 96.63500
 4 8 21 11 03 32188.70000 41.40200000 2109.01000 116.07000 22.15800 96.63500
 4 8 21 11 04 32184.90000 41.40200000 2109.17000 116.07000 22.15800 96.63500
 4 8 21 11 04 32189.10000 41.40200000 2109.17000 116.07000 22.15800 96.63500
 4 8 21 11 05 32195.00000 41.40200000 2110.61000 116.07000 22.15800 96.63500
 4 8 21 11 05 32227.20000 41.40200000 2111.14000 116.07000 22.15800 96.63500
 4 8 21 11 06 32261.90000 41.40200000 2117.28000 116.07000 22.15800 96.63500
 4 8 21 11 06 32266.40000 41.40200000 2116.69000 116.07000 22.15800 96.63500
 4 8 21 11 07 32261.10000 41.46200000 2116.91000 116.07000 22.15800 96.63500
 4 8 21 11 07 32260.10000 41.46400000 2119.83000 116.07000 22.15800 96.63500
 4 8 21 11 07 32255.00000 41.50000000 2119.00000 116.07000 22.15800 96.63500
 4 8 21 11 08 32255.10000 41.50000000 2119.00000 116.28000 22.15800 96.63500
 4 8 21 11 08 32250.00000 41.50000000 2116.86000 116.23000 22.15800 97.05000
 4 8 21 11 09 32250.10000 41.50000000 2117.83000 116.23000 22.15800 97.05000
 4 8 21 11 09 32250.00000 41.50000000 2117.76000 116.23000 22.15800 97.05000
 4 8 21 11 10 32207.10000 41.50000000 2116.81000 116.17000 22.15800 97.05000
 4 8 21 11 10 32207.60000 41.50000000 2116.01000 116.21000 22.15800 97.05000
 4 8 21 11 10 32201.10000 41.50000000 2114.50000 116.10000 22.15800 97.05000
 4 8 21 11 11 32201.20000 41.50000000 2114.36000 116.11000 22.15800 97.00800
 4 8 21 11 11 32201.20000 41.50000000 2114.12000 116.11000 22.15800 97.00800
 4 8 21 11 12 32165.30000 41.50000000 2114.25000 116.11000 22.15800 97.00800
 4 8 21 11 12 32154.40000 41.50000000 2112.37000 116.11000 22.15800 97.00800
 4 8 21 11 13 32151.70000 41.50000000 2112.99000 116.11000 22.15800 97.00800
 4 8 21 11 13 32154.70000 41.50000000 2112.49000 116.11000 22.15800 97.00800
 4 8 21 11 13 32155.20000 41.50000000 2112.62000 116.11000 22.15800 97.00800
 4 8 21 11 14 32151.80000 41.50000000 2112.50000 116.02000 22.15800 97.00800
 4 8 21 11 14 32151.60000 41.50000000 2111.54000 116.02000 22.15800 97.00800
 4 8 21 11 15 32151.70000 41.50000000 2112.38000 116.02000 22.15800 97.00800
 4 8 21 11 15 32141.70000 41.50000000 2112.00000 116.02000 22.15800 97.00800
 4 8 21 11 16 32130.00000 41.50000000 2111.19000 115.96000 22.15800 97.00800
 4 8 21 11 16 32129.10000 41.50000000 2109.00000 115.96000 22.15800 97.00800
 4 8 21 11 16 32125.70000 41.50000000 2108.51000 115.96000 22.15800 97.00800
 4 8 21 11 17 32132.60000 41.40100000 2109.18000 115.89000 22.15800 97.00800
 4 8 21 11 17 32130.00000 41.40100000 2109.27000 115.89000 22.15800 97.00800
 4 8 21 11 18 32129.90000 41.40100000 2108.88000 115.88000 22.15800 97.00800
