M=[
12 3 21 21 12 47247.30000 9.91000000 1452.83000 180.97000 25.94300 120.58000
12 3 21 21 12 47247.40000 9.91700000 1455.67000 180.92000 25.94300 120.58000
12 3 21 21 13 47279.70000 9.91700000 1457.35000 181.44000 25.94300 120.58000
12 3 21 21 13 47300.10000 9.91700000 1457.67000 181.81000 25.94300 120.58000
12 3 21 21 14 47304.00000 9.91700000 1460.02000 182.01000 25.94300 120.58000
12 3 21 21 14 47300.10000 9.91700000 1458.00000 182.21000 25.94300 120.26800
12 3 21 21 14 47304.10000 9.91700000 1458.55000 182.17000 25.94300 120.26800
12 3 21 21 15 47304.10000 9.91700000 1460.00000 182.37000 25.94300 120.26800
12 3 21 21 15 47360.80000 9.91700000 1461.18000 182.41000 25.94300 120.26800
12 3 21 21 16 47360.70000 9.91700000 1463.79000 182.65000 25.94300 120.26800
12 3 21 21 16 47360.80000 9.91700000 1462.46000 182.73000 25.94300 120.26800
12 3 21 21 17 47360.80000 9.91700000 1463.42000 182.94000 25.94300 120.56900
12 3 21 21 17 47414.50000 9.91700000 1463.91000 183.10000 25.99600 120.56900
12 3 21 21 17 47400.10000 9.91700000 1462.09000 183.25000 25.99600 120.56900
12 3 21 21 18 47417.60000 9.91700000 1460.54000 183.21000 25.99600 120.56900
12 3 21 21 18 47415.20000 9.91700000 1460.54000 183.42000 25.99600 120.56900
12 3 21 21 19 47414.80000 9.91700000 1460.24000 183.43000 25.99600 120.56900
12 3 21 21 19 47413.00000 9.91700000 1459.21000 182.99000 25.99600 120.56900
12 3 21 21 20 47372.50000 9.91700000 1457.67000 183.07000 25.99600 120.24500
12 3 21 21 20 47328.50000 9.91700000 1456.49000 182.86000 25.99600 120.01200
12 3 21 21 20 47310.40000 9.91700000 1455.03000 182.93000 25.99600 120.01200
12 3 21 21 21 47300.00000 9.91700000 1454.00000 182.36000 25.99600 120.01200
12 3 21 21 21 47260.10000 9.91700000 1453.17000 182.59000 25.99600 120.01200
12 3 21 21 22 47256.90000 9.91700000 1453.17000 182.54000 25.99600 120.01200
12 3 21 21 22 47268.70000 9.89600000 1454.82000 182.91000 25.99600 120.01200
12 3 21 21 23 47190.70000 9.89600000 1453.17000 182.52000 25.99600 120.01200
12 3 21 21 23 47190.80000 9.89600000 1453.01000 182.88000 25.99600 120.01200
12 3 21 21 23 47134.50000 9.89600000 1452.13000 182.82000 25.99600 120.01200
12 3 21 21 24 47156.90000 9.89600000 1452.33000 183.01000 26.02700 120.01200
12 3 21 21 24 47190.70000 9.89600000 1453.33000 183.21000 26.02700 120.01200
12 3 21 21 25 47160.10000 9.89600000 1452.79000 183.40000 26.02700 119.43300
12 3 21 21 25 47190.70000 9.89600000 1455.67000 183.28000 26.02700 119.43300
12 3 21 21 26 47231.20000 9.89600000 1458.03000 183.56000 26.02700 119.43300
12 3 21 21 26 47247.30000 9.89600000 1460.07000 183.52000 26.02700 119.43300
12 3 21 21 26 47300.10000 9.89600000 1460.28000 183.69000 26.02700 119.43300
12 3 21 21 27 47304.10000 9.93800000 1461.31000 183.79000 26.02700 119.43300
12 3 21 21 27 47348.60000 9.93800000 1462.64000 183.79000 26.02700 119.43300
12 3 21 21 28 47360.80000 9.93800000 1463.20000 183.98000 26.03300 120.27500
12 3 21 21 28 47360.80000 9.93800000 1463.32000 183.97000 26.03300 120.27500
12 3 21 21 29 47360.80000 9.93800000 1462.86000 183.80000 26.03300 120.27500
12 3 21 21 29 47414.00000 9.93800000 1462.86000 184.10000 26.03300 120.27500
12 3 21 21 29 47416.30000 9.93800000 1462.86000 184.16000 26.03300 120.27500
12 3 21 21 30 47417.70000 9.93800000 1464.38000 183.85000 26.03300 120.69900
12 3 21 21 30 47460.00000 9.93700000 1464.42000 184.03000 26.03300 120.69900
12 3 21 21 31 47474.60000 9.93700000 1466.46000 184.21000 26.03300 120.69800
12 3 21 21 31 47474.60000 9.93700000 1465.99000 183.92000 26.03300 120.69800
12 3 21 21 32 47474.50000 9.93700000 1464.71000 183.90000 26.03300 120.69800
12 3 21 21 32 47506.80000 9.93700000 1466.41000 184.13000 26.03300 120.69800
12 3 21 21 32 47534.10000 9.93700000 1467.96000 184.75000 26.03300 120.83800
12 3 21 21 33 47588.60000 9.97700000 1469.57000 185.60000 26.03300 121.00000
12 3 21 21 33 47645.40000 9.97700000 1469.38000 185.48000 26.03300 121.00000
12 3 21 21 34 47680.20000 9.97700000 1469.37000 185.79000 26.03300 121.00000
12 3 21 21 34 47693.90000 9.97700000 1470.33000 185.91000 26.03300 121.35500
12 3 21 21 34 47740.00000 9.97700000 1470.50000 186.16000 26.03300 121.35500
12 3 21 21 35 47800.00000 9.99700000 1472.00000 186.72000 26.03300 121.35500
12 3 21 21 35 47776.50000 9.99700000 1471.35000 186.09000 26.03300 121.35500
12 3 21 21 36 47791.10000 9.99700000 1471.71000 186.65000 26.03300 121.18800
12 3 21 21 36 47787.10000 9.99700000 1472.06000 186.20000 26.03300 121.18800
12 3 21 21 37 47764.30000 9.99700000 1472.60000 186.37000 26.03300 121.18800
12 3 21 21 37 47770.80000 9.99700000 1472.25000 186.22000 26.03300 121.45300
12 3 21 21 37 47770.00000 9.99700000 1472.12000 186.19000 26.03300 121.45300
12 3 21 21 38 47770.00000 9.99700000 1472.13000 186.26000 26.03300 121.45300
12 3 21 21 38 47743.10000 9.99700000 1471.47000 185.87000 26.03300 121.45300
12 3 21 21 39 47741.60000 10.00300000 1470.00000 185.62000 26.03300 121.45300
12 3 21 21 39 47722.00000 10.00300000 1469.01000 185.20000 26.03300 121.45300
12 3 21 21 40 47714.70000 10.00300000 1468.64000 185.49000 26.03300 121.45300
12 3 21 21 40 47702.90000 10.00300000 1468.18000 185.08000 26.03300 121.45300
12 3 21 21 40 47645.80000 10.00300000 1467.18000 184.67000 26.03300 121.45300
12 3 21 21 41 47655.00000 10.00300000 1468.20000 185.64000 26.03300 121.45300
12 3 21 21 41 47655.10000 10.00300000 1467.19000 185.11000 26.03300 121.45300
12 3 21 21 42 47669.60000 10.00300000 1468.07000 185.25000 26.03300 121.45300
12 3 21 21 42 47699.10000 10.00300000 1468.02000 185.47000 26.03300 121.45300
12 3 21 21 43 47676.20000 10.00300000 1468.56000 185.58000 26.03300 121.45300
12 3 21 21 43 47690.60000 10.00300000 1467.66000 186.01000 26.03300 121.45300
12 3 21 21 43 47659.00000 9.98900000 1467.62000 185.75000 26.03300 121.45300
12 3 21 21 44 47673.80000 9.98900000 1467.62000 185.68000 26.03300 121.22600
12 3 21 21 44 47661.60000 9.98900000 1468.90000 185.68000 26.03300 121.22600
12 3 21 21 45 47673.10000 9.98900000 1468.24000 185.37000 26.03300 121.22600
12 3 21 21 45 47674.00000 9.98900000 1468.69000 185.37000 26.03300 121.22600
12 3 21 21 46 47598.90000 9.98900000 1467.52000 185.00000 26.03300 121.22600
12 3 21 21 46 47626.00000 9.98900000 1468.34000 185.06000 26.03300 121.22600
12 3 21 21 46 47591.80000 9.98900000 1467.50000 184.63000 26.03300 121.22600
12 3 21 21 47 47588.70000 9.98900000 1466.36000 184.93000 26.03300 121.22600
12 3 21 21 47 47538.60000 9.98900000 1466.36000 184.59000 26.03300 121.22600
12 3 21 21 48 47534.70000 9.98900000 1465.56000 184.93000 26.03300 121.22600
12 3 21 21 48 47531.50000 9.98900000 1466.68000 185.00000 26.03300 121.22600
12 3 21 21 49 47531.70000 9.98900000 1467.58000 184.64000 26.03300 120.77500
12 3 21 21 49 47531.70000 9.98900000 1467.58000 184.52000 26.03300 120.79500
12 3 21 21 49 47547.00000 9.98900000 1467.58000 184.64000 26.02500 120.76300
12 3 21 21 50 47559.90000 9.98900000 1467.05000 184.98000 26.02500 120.76300
12 3 21 21 50 47559.90000 9.98900000 1469.37000 185.36000 26.02500 120.76300
12 3 21 21 51 47559.90000 9.98900000 1468.55000 185.30000 26.02500 120.76300
12 3 21 21 51 47559.80000 9.98900000 1468.07000 185.01000 26.02500 120.76300
12 3 21 21 52 47559.90000 9.98900000 1467.82000 185.02000 26.02500 120.76300
12 3 21 21 52 47559.90000 9.98900000 1468.18000 185.10000 26.02500 120.76300
12 3 21 21 52 47559.80000 9.98900000 1468.59000 185.17000 26.02500 120.76300
12 3 21 21 53 47559.90000 9.98900000 1469.26000 185.20000 26.02500 120.76300
12 3 21 21 53 47559.90000 9.98900000 1469.25000 185.04000 26.02500 120.76300
12 3 21 21 54 47559.90000 9.98900000 1469.47000 185.35000 26.02500 120.76300
12 3 21 21 54 47559.80000 9.98900000 1469.48000 185.35000 26.06800 120.76300
12 3 21 21 55 47559.90000 9.98900000 1468.84000 185.38000 26.06800 120.76300
12 3 21 21 55 47581.80000 9.97600000 1469.12000 185.72000 26.06800 121.01600
12 3 21 21 55 47589.90000 9.97600000 1469.12000 185.85000 26.06800 121.01600
