M=[
 7 3 21 18 49 42426.80000 9.52600000 1396.84000 156.88000 26.29900 106.26000
 7 3 21 18 50 42417.70000 9.52600000 1396.01000 156.90000 26.29900 106.26000
 7 3 21 18 50 42400.00000 9.52600000 1396.01000 156.82000 26.29900 106.26000
 7 3 21 18 51 42400.00000 9.52600000 1394.82000 156.82000 26.29900 106.26000
 7 3 21 18 51 42395.00000 9.52600000 1393.14000 156.80000 26.29900 106.26000
 7 3 21 18 51 42395.00000 9.52600000 1392.96000 156.80000 26.29900 106.26000
 7 3 21 18 52 42384.70000 9.52600000 1393.33000 156.80000 26.29900 106.26000
 7 3 21 18 52 42400.00000 9.52600000 1393.31000 156.80000 26.29900 106.26000
 7 3 21 18 53 42362.50000 9.52600000 1391.47000 156.80000 26.29900 106.26000
 7 3 21 18 53 42362.50000 9.50600000 1389.81000 156.81000 26.29900 106.26000
 7 3 21 18 54 42362.50000 9.50600000 1389.71000 156.81000 26.29900 106.26000
 7 3 21 18 54 42362.60000 9.50600000 1389.59000 156.81000 26.29900 106.26000
 7 3 21 18 54 42366.00000 9.50600000 1389.23000 156.81000 26.49700 106.26000
 7 3 21 18 55 42354.10000 9.50600000 1389.31000 156.81000 26.49700 106.26000
 7 3 21 18 55 42362.60000 9.50600000 1390.24000 156.97000 26.49700 106.26000
 7 3 21 18 56 42353.20000 9.50600000 1391.47000 156.95000 26.49700 106.26000
 7 3 21 18 56 42333.00000 9.50600000 1389.62000 156.82000 26.49700 106.26000
 7 3 21 18 57 42321.00000 9.50600000 1389.57000 156.82000 26.49700 106.26000
 7 3 21 18 57 42300.00000 9.50600000 1389.57000 156.91000 26.49700 106.26000
 7 3 21 18 57 42300.10000 9.50600000 1389.39000 156.91000 26.49700 106.08600
 7 3 21 18 58 42300.00000 9.50600000 1389.00000 156.84000 26.49700 106.08600
 7 3 21 18 58 42300.00000 9.50600000 1389.14000 156.82000 26.49700 106.08600
 7 3 21 18 59 42299.90000 9.50600000 1389.14000 156.86000 26.49700 106.08600
 7 3 21 18 59 42298.00000 9.50600000 1389.14000 156.86000 26.49700 106.08600
 7 3 21 19 00 42262.20000 9.50600000 1388.32000 156.86000 26.49700 106.08600
 7 3 21 19 00 42254.80000 9.50600000 1386.21000 156.86000 26.49700 106.08600
 7 3 21 19 00 42251.10000 9.50600000 1386.21000 156.86000 26.49700 106.08600
 7 3 21 19 01 42251.10000 9.49100000 1386.23000 156.86000 26.49700 106.08600
 7 3 21 19 01 42238.00000 9.49100000 1384.08000 156.86000 26.49700 106.08600
 7 3 21 19 02 42226.40000 9.45500000 1383.49000 156.85000 26.49700 106.08600
 7 3 21 19 02 42210.30000 9.45500000 1382.35000 156.81000 26.49700 105.96300
 7 3 21 19 03 42200.00000 9.45500000 1382.16000 156.67000 26.25900 105.96300
 7 3 21 19 03 42227.20000 9.45500000 1383.02000 156.67000 26.25900 105.69400
 7 3 21 19 03 42229.30000 9.45500000 1382.48000 156.67000 26.25900 105.69400
 7 3 21 19 04 42194.90000 9.45500000 1381.28000 156.65000 26.25900 105.65200
 7 3 21 19 04 42169.80000 9.45500000 1380.01000 156.65000 26.25900 105.64000
 7 3 21 19 05 42168.60000 9.45500000 1379.13000 156.65000 26.25900 105.64000
 7 3 21 19 05 42188.90000 9.45500000 1381.28000 156.29000 26.25900 105.64000
 7 3 21 19 06 42199.90000 9.46200000 1380.85000 156.13000 26.25900 105.64000
 7 3 21 19 06 42258.70000 9.46200000 1382.29000 156.13000 26.25900 105.64000
 7 3 21 19 06 42284.20000 9.46200000 1383.16000 156.56000 26.25900 105.64000
 7 3 21 19 07 42256.40000 9.46200000 1381.00000 156.56000 26.25900 105.64000
 7 3 21 19 07 42250.00000 9.46900000 1378.94000 156.56000 26.25900 105.64000
 7 3 21 19 08 42268.70000 9.46900000 1379.56000 156.36000 26.25900 105.64000
 7 3 21 19 08 42305.20000 9.46900000 1381.53000 156.36000 26.25900 105.64000
 7 3 21 19 09 42348.40000 9.47000000 1382.54000 156.36000 26.25900 105.64000
 7 3 21 19 09 42376.40000 9.47000000 1381.77000 156.51000 26.25900 105.64000
 7 3 21 19 09 42376.40000 9.47000000 1383.64000 156.58000 26.25900 105.64000
 7 3 21 19 10 42391.90000 9.47800000 1383.68000 156.58000 26.25900 105.64000
 7 3 21 19 10 42406.00000 9.47800000 1383.94000 156.74000 26.25900 105.64000
 7 3 21 19 11 42396.80000 9.47800000 1383.04000 156.74000 26.25900 105.64000
 7 3 21 19 11 42356.10000 9.47800000 1381.77000 156.73000 26.25900 105.56700
 7 3 21 19 12 42360.40000 9.47800000 1383.33000 156.61000 26.25900 105.56700
 7 3 21 19 12 42352.40000 9.47800000 1383.32000 156.61000 26.25900 105.56700
 7 3 21 19 12 42336.40000 9.48800000 1382.56000 156.61000 26.63300 105.58800
 7 3 21 19 13 42307.30000 9.48200000 1381.51000 156.55000 26.63300 105.58800
 7 3 21 19 13 42321.60000 9.48200000 1381.97000 156.37000 26.63300 105.58800
 7 3 21 19 14 42345.00000 9.48200000 1381.09000 156.37000 26.63300 105.58800
 7 3 21 19 14 42308.80000 9.48200000 1380.36000 156.29000 26.63300 105.56800
 7 3 21 19 15 42294.60000 9.48200000 1379.28000 156.29000 26.63300 105.56800
 7 3 21 19 15 42268.00000 9.48200000 1378.48000 156.29000 26.63300 105.56800
 7 3 21 19 15 42255.10000 9.48200000 1378.29000 156.19000 26.63300 105.56800
 7 3 21 19 16 42275.50000 9.48200000 1378.58000 156.19000 26.63300 105.56700
 7 3 21 19 16 42281.00000 9.48200000 1380.99000 156.10000 26.63300 105.56700
 7 3 21 19 17 42314.90000 9.48200000 1383.58000 156.42000 26.63300 105.56700
 7 3 21 19 17 42339.10000 9.48200000 1382.67000 156.38000 26.63300 105.56700
 7 3 21 19 18 42342.70000 9.48200000 1380.94000 156.38000 26.63300 105.56700
 7 3 21 19 18 42333.30000 9.48200000 1382.35000 156.38000 26.63300 105.56700
 7 3 21 19 18 42364.40000 9.48200000 1383.67000 156.38000 26.63300 105.56700
 7 3 21 19 19 42343.10000 9.48200000 1383.62000 156.38000 26.63300 105.48400
 7 3 21 19 19 42345.50000 9.48200000 1382.66000 156.38000 26.63300 105.48400
 7 3 21 19 20 42381.80000 9.48100000 1383.47000 156.42000 26.63300 105.48400
 7 3 21 19 20 42370.90000 9.48100000 1383.67000 156.39000 26.63300 105.48400
 7 3 21 19 21 42388.10000 9.48100000 1382.94000 156.39000 26.63300 105.48400
 7 3 21 19 21 42365.30000 9.48100000 1382.23000 156.39000 26.63300 105.48400
 7 3 21 19 21 42364.50000 9.48100000 1382.09000 156.39000 26.63300 105.48400
 7 3 21 19 22 42379.90000 9.48100000 1383.81000 156.39000 26.63300 105.56300
 7 3 21 19 22 42380.00000 9.48100000 1384.41000 156.39000 26.63300 105.56300
 7 3 21 19 23 42343.80000 9.48100000 1382.50000 156.35000 26.63300 105.56300
 7 3 21 19 23 42350.20000 9.48100000 1382.94000 156.35000 26.63300 105.56300
 7 3 21 19 24 42350.30000 9.48100000 1382.94000 156.35000 26.63300 105.56300
 7 3 21 19 24 42350.30000 9.48100000 1383.31000 156.30000 26.63300 105.56300
 7 3 21 19 24 42350.40000 9.48100000 1383.31000 156.29000 26.63300 105.56300
 7 3 21 19 25 42305.40000 9.48100000 1383.09000 156.29000 26.63300 105.56300
 7 3 21 19 25 42305.60000 9.48100000 1382.70000 156.29000 26.63300 105.56300
 7 3 21 19 26 42351.30000 9.48100000 1384.72000 156.29000 26.25900 105.56300
 7 3 21 19 26 42327.60000 9.48100000 1382.85000 156.25000 26.25900 105.56300
 7 3 21 19 27 42317.60000 9.48100000 1383.33000 156.25000 26.25900 105.56300
 7 3 21 19 27 42330.30000 9.48100000 1383.62000 156.30000 26.25900 105.56300
 7 3 21 19 27 42320.30000 9.47800000 1383.67000 156.30000 26.25900 105.56300
 7 3 21 19 28 42320.00000 9.47800000 1383.73000 156.30000 26.25900 105.56300
 7 3 21 19 28 42351.10000 9.47700000 1384.41000 156.30000 26.25900 105.56300
 7 3 21 19 29 42356.80000 9.47700000 1385.66000 156.30000 26.25900 105.65300
 7 3 21 19 29 42356.80000 9.47700000 1386.36000 156.30000 26.25900 105.65300
 7 3 21 19 29 42333.60000 9.47700000 1386.36000 156.30000 26.25900 105.65300
 7 3 21 19 30 42355.00000 9.47700000 1385.97000 156.56000 26.25900 105.65300
 7 3 21 19 30 42362.50000 9.47700000 1386.49000 156.56000 26.25900 105.65300
 7 3 21 19 31 42380.00000 9.47700000 1388.74000 156.58000 26.25900 105.65300
 7 3 21 19 31 42379.40000 9.47700000 1388.54000 156.58000 26.25900 105.65300
 7 3 21 19 32 42362.50000 9.48200000 1388.03000 156.57000 26.25900 105.65300
 7 3 21 19 32 42352.40000 9.48200000 1387.66000 156.65000 26.25900 105.65300
 7 3 21 19 32 42338.50000 9.48200000 1387.25000 156.65000 26.25900 105.65300
 7 3 21 19 33 42361.50000 9.48200000 1387.25000 156.60000 26.25900 105.65300
