M=[
 1 7 20 11 04 8181.00000 5.08400000 203.10000 37.03000 15.10400 46.23200
 1 7 20 11 05 8178.30000 5.08400000 203.06000 37.02000 15.10400 46.23200
 1 7 20 11 05 8178.90000 5.08400000 203.08000 37.02000 15.10400 46.23200
 1 7 20 11 06 8179.70000 5.09000000 203.08000 37.02000 15.10400 46.23200
 1 7 20 11 06 8180.60000 5.09000000 203.08000 37.02000 15.10400 46.23200
 1 7 20 11 07 8180.10000 5.09000000 203.08000 37.02000 15.10400 46.23200
 1 7 20 11 07 8179.70000 5.09000000 203.08000 37.02000 15.10400 46.23200
 1 7 20 11 08 8180.70000 5.09000000 203.07000 37.02000 15.10400 46.23200
 1 7 20 11 08 8179.50000 5.09000000 203.05000 36.98000 15.10400 46.23200
 1 7 20 11 09 8179.50000 5.09000000 203.02000 36.98000 15.10400 46.23200
 1 7 20 11 09 8179.70000 5.09000000 202.95000 36.98000 15.10400 46.23200
 1 7 20 11 09 8179.80000 5.09000000 202.95000 36.98000 15.10400 46.23200
 1 7 20 11 10 8179.10000 5.09000000 202.95000 36.98000 15.10400 46.23200
 1 7 20 11 10 8178.00000 5.09000000 202.92000 36.98000 15.07100 46.23200
 1 7 20 11 11 8178.00000 5.09000000 202.88000 36.98000 15.07100 46.23200
 1 7 20 11 11 8178.10000 5.09000000 202.86000 37.00000 15.07100 46.23200
 1 7 20 11 12 8177.90000 5.09000000 202.87000 37.00000 15.07100 46.23200
 1 7 20 11 12 8178.70000 5.09000000 203.21000 37.00000 15.07100 46.23200
 1 7 20 11 13 8177.50000 5.09000000 203.13000 37.00000 15.07100 46.23200
 1 7 20 11 13 8177.80000 5.09000000 203.06000 37.00000 15.07100 46.23200
 1 7 20 11 14 8177.60000 5.09000000 203.02000 37.00000 15.07100 46.23200
 1 7 20 11 14 8177.40000 5.09000000 202.96000 37.01000 15.07100 46.23200
 1 7 20 11 15 8177.50000 5.09000000 202.96000 37.01000 15.07100 46.23200
 1 7 20 11 15 8174.10000 5.09000000 202.96000 37.01000 15.07100 46.23200
 1 7 20 11 15 8173.70000 5.08000000 202.93000 36.97000 15.10400 46.23200
 1 7 20 11 16 8173.70000 5.08000000 202.64000 36.97000 15.07100 46.23200
 1 7 20 11 17 8173.70000 5.08000000 202.58000 36.97000 15.07100 46.23200
 1 7 20 11 17 8172.00000 5.08000000 202.67000 36.94000 15.07100 46.23200
 1 7 20 11 18 8171.90000 5.08000000 202.94000 36.94000 15.07100 46.23200
 1 7 20 11 18 8171.90000 5.08000000 202.75000 36.94000 15.07100 46.23200
 1 7 20 11 18 8171.80000 5.08000000 202.78000 36.94000 15.10400 46.23200
 1 7 20 11 19 8174.30000 5.08000000 202.80000 36.94000 15.07100 46.23200
 1 7 20 11 19 8176.40000 5.08000000 202.98000 36.96000 15.07100 46.23200
 1 7 20 11 20 8177.90000 5.08000000 203.00000 36.96000 15.10400 46.23200
 1 7 20 11 20 8177.80000 5.08000000 202.96000 36.96000 15.07100 46.23200
 1 7 20 11 21 8177.90000 5.08000000 202.96000 36.96000 15.07100 46.23200
 1 7 20 11 21 8177.90000 5.08000000 203.03000 36.96000 15.07100 46.23200
 1 7 20 11 22 8178.40000 5.08000000 203.03000 36.96000 15.10400 46.23200
 1 7 20 11 22 8179.70000 5.08000000 203.05000 37.00000 15.07100 46.23200
 1 7 20 11 23 8179.70000 5.08000000 203.02000 37.00000 15.07100 46.23200
 1 7 20 11 23 8181.00000 5.08000000 203.02000 37.00000 15.10400 46.23200
 1 7 20 11 24 8184.70000 5.08000000 203.11000 37.00000 15.10400 46.23200
 1 7 20 11 24 8185.10000 5.08000000 203.07000 37.00000 15.07100 46.23200
 1 7 20 11 25 8185.10000 5.08000000 203.12000 37.00000 15.07100 46.23200
 1 7 20 11 25 8185.10000 5.08000000 203.16000 37.00000 15.10400 46.23200
 1 7 20 11 25 8185.10000 5.08000000 203.17000 37.00000 15.07100 46.27000
 1 7 20 11 26 8185.10000 5.08000000 203.23000 37.00000 15.07100 46.27000
 1 7 20 11 26 8185.10000 5.08000000 203.15000 37.01000 15.10400 46.27000
 1 7 20 11 27 8182.80000 5.08000000 203.04000 37.01000 15.07100 46.27000
 1 7 20 11 27 8182.70000 5.08000000 203.04000 37.01000 15.10400 46.27000
 1 7 20 11 28 8182.80000 5.08000000 203.09000 37.01000 15.07100 46.27000
 1 7 20 11 28 8179.40000 5.08000000 203.04000 37.01000 15.07100 46.27000
 1 7 20 11 29 8182.40000 5.08000000 203.04000 37.01000 15.07100 46.27000
 1 7 20 11 29 8184.70000 5.08000000 203.06000 37.01000 15.07100 46.27000
 1 7 20 11 30 8180.50000 5.08000000 203.05000 37.01000 15.07100 46.27000
 1 7 20 11 30 8176.60000 5.08000000 203.05000 37.01000 15.07100 46.27000
 1 7 20 11 31 8178.40000 5.08000000 203.05000 37.01000 15.07100 46.27000
 1 7 20 11 31 8178.10000 5.08000000 203.06000 36.99000 15.07100 46.27000
 1 7 20 11 32 8178.10000 5.08000000 203.05000 36.99000 15.04200 46.27000
 1 7 20 11 32 8178.20000 5.08000000 203.05000 36.99000 15.07100 46.27000
 1 7 20 11 33 8178.10000 5.08000000 202.91000 36.99000 15.04200 46.27000
 1 7 20 11 33 8176.50000 5.08000000 202.91000 36.99000 15.07100 46.27000
 1 7 20 11 34 8177.50000 5.08000000 203.04000 36.99000 15.07100 46.27000
 1 7 20 11 34 8182.40000 5.08000000 203.05000 36.99000 15.04200 46.27000
 1 7 20 11 35 8183.00000 5.08000000 203.07000 36.99000 15.04200 46.27000
 1 7 20 11 35 8183.40000 5.08000000 203.10000 36.99000 15.04200 46.27000
 1 7 20 11 36 8183.90000 5.08000000 203.15000 36.99000 15.04200 46.27000
 1 7 20 11 36 8184.00000 5.08000000 203.15000 36.99000 15.04200 46.27000
 1 7 20 11 37 8185.50000 5.08000000 203.15000 36.99000 15.04200 46.27000
 1 7 20 11 37 8185.40000 5.08000000 203.15000 36.99000 15.04200 46.27000
 1 7 20 11 37 8184.80000 5.08000000 203.15000 36.99000 15.04200 46.27000
 1 7 20 11 38 8183.40000 5.08500000 203.13000 36.99000 15.04200 46.23500
 1 7 20 11 38 8183.20000 5.08500000 203.13000 36.99000 15.04200 46.23500
 1 7 20 11 39 8183.00000 5.08500000 203.06000 36.99000 15.04200 46.23500
 1 7 20 11 39 8179.30000 5.08500000 203.05000 37.03000 15.04200 46.23500
 1 7 20 11 40 8179.30000 5.08500000 203.05000 37.03000 15.00000 46.27000
 1 7 20 11 40 8179.40000 5.08500000 203.05000 37.03000 15.00000 46.23500
 1 7 20 11 41 8181.10000 5.08500000 203.05000 37.03000 15.00000 46.23500
 1 7 20 11 41 8181.10000 5.08500000 203.04000 37.03000 15.00000 46.19900
 1 7 20 11 42 8181.10000 5.08500000 202.94000 37.03000 15.00000 46.19900
 1 7 20 11 42 8179.30000 5.08500000 202.93000 37.03000 15.00000 46.19900
 1 7 20 11 43 8179.40000 5.08500000 202.93000 36.99000 15.00000 46.19900
 1 7 20 11 43 8181.00000 5.08500000 202.81000 37.03000 15.00000 46.19900
 1 7 20 11 43 8183.50000 5.08500000 202.95000 37.03000 15.00000 46.19900
 1 7 20 11 44 8183.50000 5.08500000 203.01000 36.99000 15.00000 46.19900
 1 7 20 11 44 8183.40000 5.08500000 203.03000 36.99000 15.00000 46.19900
 1 7 20 11 45 8183.00000 5.08500000 203.03000 36.95000 15.00000 46.19900
 1 7 20 11 45 8184.00000 5.08500000 203.00000 36.95000 15.01600 46.19900
 1 7 20 11 46 8184.00000 5.08500000 203.00000 36.95000 15.01600 46.19900
 1 7 20 11 46 8184.90000 5.08500000 203.01000 36.95000 15.01600 46.19900
 1 7 20 11 47 8184.90000 5.08500000 202.97000 36.95000 15.00300 46.19900
 1 7 20 11 47 8185.00000 5.08500000 203.05000 36.95000 15.00300 46.19900
 1 7 20 11 47 8187.80000 5.08500000 203.02000 36.95000 15.00300 46.19900
 1 7 20 11 48 8188.10000 5.08500000 203.03000 36.95000 15.00300 46.29900
 1 7 20 11 48 8187.80000 5.08500000 203.16000 36.95000 15.00300 46.29900
 1 7 20 11 49 8187.90000 5.08500000 203.16000 37.03000 15.00300 46.29900
 1 7 20 11 49 8189.90000 5.08500000 203.19000 37.03000 15.00300 46.29900
 1 7 20 11 50 8189.90000 5.08500000 203.12000 37.03000 15.00300 46.29900
 1 7 20 11 50 8190.00000 5.08500000 203.19000 37.03000 15.00300 46.29900
 1 7 20 11 51 8189.90000 5.09300000 203.18000 37.03000 15.00300 46.29900
 1 7 20 11 51 8190.00000 5.09300000 203.18000 37.03000 15.00300 46.29900
 1 7 20 11 52 8186.70000 5.09300000 203.17000 37.03000 15.00300 46.29900
 1 7 20 11 52 8186.30000 5.09300000 203.17000 37.03000 15.00300 46.29900
 1 7 20 11 53 8186.30000 5.09300000 203.17000 37.03000 15.00300 46.29900
 1 7 20 11 53 8185.00000 5.09300000 203.17000 37.03000 15.00300 46.29900
 1 7 20 11 54 8184.10000 5.09300000 203.17000 37.04000 15.00300 46.29900
 1 7 20 11 54 8186.40000 5.09300000 203.09000 37.04000 15.00300 46.29900
 1 7 20 11 55 8189.60000 5.09300000 203.10000 37.04000 15.00300 46.29900
 1 7 20 11 55 8189.70000 5.09300000 203.34000 37.04000 15.00300 46.29900
