M=[
 9 5 21 00 43 48523.40000 104.57000000 3190.12000 286.98000 38.47600 258.03100
 9 5 21 00 43 48523.30000 104.57000000 3189.96000 286.98000 38.47600 258.35500
 9 5 21 00 44 48523.30000 104.17100000 3190.24000 286.70000 38.47600 258.35500
 9 5 21 00 44 48523.40000 104.30900000 3190.69000 286.70000 38.47600 258.35500
 9 5 21 00 45 48523.30000 104.48900000 3190.34000 286.69000 38.47600 258.35500
 9 5 21 00 45 48523.30000 104.48900000 3184.25000 286.00000 38.47600 258.35500
 9 5 21 00 45 48523.60000 104.09300000 3182.80000 285.97000 38.47600 258.35500
 9 5 21 00 46 48523.30000 104.10100000 3180.09000 285.56000 38.47600 259.41400
 9 5 21 00 46 48499.90000 104.05000000 3173.43000 285.22000 38.47600 259.41400
 9 5 21 00 47 48461.40000 104.03800000 3174.27000 285.22000 38.47600 259.41400
 9 5 21 00 47 48461.40000 104.26100000 3178.80000 285.59000 38.47600 259.41400
 9 5 21 00 48 48461.30000 103.88300000 3171.24000 285.33000 38.47600 259.41400
 9 5 21 00 48 48452.10000 103.87600000 3171.31000 285.11000 38.47600 259.41400
 9 5 21 00 48 48452.10000 103.65000000 3172.00000 285.11000 38.47600 259.16000
 9 5 21 00 49 48452.10000 103.65000000 3172.93000 285.22000 38.47600 259.16000
 9 5 21 00 49 48408.10000 103.65200000 3161.01000 284.67000 38.47600 258.48400
 9 5 21 00 50 48408.10000 103.65200000 3164.55000 284.66000 38.47600 258.09100
 9 5 21 00 50 48408.00000 103.60700000 3163.68000 284.27000 38.47600 257.89100
 9 5 21 00 51 48374.90000 103.60700000 3164.09000 284.41000 38.47600 257.89100
 9 5 21 00 51 48374.90000 103.59200000 3169.06000 284.41000 38.47600 257.89100
 9 5 21 00 51 48374.80000 103.58700000 3168.85000 284.41000 38.47600 257.89100
 9 5 21 00 52 48374.90000 103.58700000 3168.48000 284.37000 38.47600 257.89100
 9 5 21 00 52 48374.80000 103.34500000 3163.89000 284.36000 38.47600 257.89100
 9 5 21 00 53 48350.00000 103.34500000 3157.07000 284.00000 38.47600 257.89100
 9 5 21 00 53 48350.00000 103.50200000 3160.00000 284.00000 38.47600 257.89100
 9 5 21 00 54 48347.20000 103.67200000 3160.00000 284.00000 38.47600 257.47300
 9 5 21 00 54 48349.90000 103.67200000 3164.52000 284.00000 38.47600 257.47300
 9 5 21 00 54 48349.90000 103.67200000 3164.50000 284.00000 38.47600 257.47300
 9 5 21 00 55 48325.20000 103.52100000 3166.20000 283.72000 38.47600 257.47300
 9 5 21 00 55 48320.30000 103.52100000 3162.59000 283.72000 38.47600 257.47300
 9 5 21 00 56 48300.10000 103.52100000 3163.01000 283.72000 38.47600 257.47300
 9 5 21 00 56 48282.90000 103.52100000 3157.09000 283.56000 38.47600 256.87600
 9 5 21 00 57 48275.40000 103.52100000 3156.48000 283.56000 38.47600 256.62100
 9 5 21 00 57 48275.40000 103.48800000 3160.99000 283.56000 38.47600 256.62100
 9 5 21 00 57 48275.40000 103.52600000 3161.71000 283.52000 38.47600 256.62100
 9 5 21 00 58 48250.00000 103.54800000 3161.57000 283.52000 38.47600 256.64900
 9 5 21 00 58 48254.90000 103.59700000 3168.40000 283.76000 38.47600 256.64900
 9 5 21 00 59 48254.80000 103.55000000 3160.98000 283.76000 38.47600 256.64900
 9 5 21 00 59 48250.00000 103.47900000 3160.82000 283.76000 38.47600 256.64900
 9 5 21 01 00 48250.10000 103.47900000 3160.63000 283.61000 38.47600 256.64900
 9 5 21 01 00 48250.10000 103.82500000 3159.88000 283.55000 38.47600 256.64900
 9 5 21 01 00 48201.90000 103.82500000 3155.49000 283.38000 38.47600 256.64900
 9 5 21 01 01 48167.70000 103.79400000 3150.19000 283.11000 38.47600 255.91900
 9 5 21 01 01 48165.10000 103.79400000 3143.91000 283.13000 38.47600 255.91900
 9 5 21 01 02 48164.00000 103.91600000 3150.73000 283.01000 38.47600 255.91900
 9 5 21 01 02 48170.10000 103.91600000 3151.51000 283.00000 38.47600 255.91900
 9 5 21 01 03 48167.60000 103.91600000 3152.93000 283.00000 38.47600 255.91900
 9 5 21 01 03 48171.30000 103.95900000 3156.23000 283.00000 38.13000 255.91900
 9 5 21 01 03 48208.30000 103.95900000 3158.85000 283.23000 38.13000 255.91900
 9 5 21 01 04 48229.20000 104.61100000 3161.24000 284.08000 38.13000 255.91900
 9 5 21 01 04 48240.50000 104.76400000 3164.00000 284.08000 38.13000 255.75600
 9 5 21 01 05 48273.30000 104.58000000 3167.39000 284.32000 38.13000 255.77200
 9 5 21 01 05 48282.40000 104.82800000 3167.28000 284.32000 38.13000 255.77200
 9 5 21 01 06 48273.60000 104.74900000 3168.43000 284.32000 38.13000 256.28100
 9 5 21 01 06 48275.70000 104.88800000 3168.73000 284.32000 38.24900 256.28100
 9 5 21 01 06 48276.10000 104.88800000 3171.67000 284.32000 38.24900 256.28100
 9 5 21 01 07 48297.10000 105.18500000 3169.30000 284.32000 38.24900 255.92200
 9 5 21 01 07 48269.30000 105.18500000 3164.25000 284.27000 38.24900 255.92200
 9 5 21 01 08 48275.10000 105.18500000 3166.94000 284.27000 38.24900 256.67400
 9 5 21 01 08 48300.30000 105.18500000 3172.16000 284.30000 38.24900 256.67400
 9 5 21 01 09 48306.10000 105.18500000 3173.16000 284.30000 38.24900 256.67400
 9 5 21 01 09 48312.30000 105.18500000 3173.19000 284.68000 38.24900 256.67400
 9 5 21 01 09 48310.20000 105.18500000 3175.68000 284.69000 38.29000 256.39900
 9 5 21 01 10 48311.10000 105.18500000 3173.96000 284.99000 38.29000 256.39900
 9 5 21 01 10 48321.60000 104.75100000 3179.01000 284.92000 38.29000 256.39900
 9 5 21 01 11 48336.50000 104.44200000 3179.99000 284.93000 38.29000 256.39900
 9 5 21 01 11 48350.10000 104.44200000 3179.99000 285.23000 38.29000 256.39900
 9 5 21 01 12 48345.30000 104.51200000 3182.43000 285.24000 38.29000 256.65400
 9 5 21 01 12 48350.90000 104.82900000 3182.01000 285.61000 38.29000 256.65400
 9 5 21 01 12 48358.60000 104.82900000 3187.00000 285.51000 38.29000 256.65400
 9 5 21 01 13 48355.50000 104.82900000 3187.00000 285.25000 38.29000 256.65400
 9 5 21 01 13 48355.50000 105.00400000 3182.06000 285.23000 38.29000 256.65400
 9 5 21 01 14 48355.40000 105.00400000 3184.76000 285.23000 38.26300 256.17200
 9 5 21 01 14 48355.60000 105.45900000 3187.05000 284.86000 38.26300 256.17200
 9 5 21 01 15 48348.30000 105.45900000 3187.13000 284.86000 38.26300 256.17200
 9 5 21 01 15 48320.60000 105.17300000 3186.23000 284.80000 38.26300 255.86400
 9 5 21 01 15 48310.10000 104.99900000 3185.52000 284.80000 38.26300 255.69800
 9 5 21 01 16 48310.20000 105.04100000 3191.60000 284.80000 38.26300 255.33200
 9 5 21 01 16 48310.20000 105.17500000 3192.41000 284.80000 38.26300 255.33200
 9 5 21 01 17 48344.20000 105.50000000 3192.99000 285.33000 38.26300 255.33200
 9 5 21 01 17 48333.20000 106.22000000 3190.98000 285.85000 38.17200 255.33200
 9 5 21 01 18 48333.10000 106.98000000 3192.82000 285.86000 38.17200 255.12600
 9 5 21 01 18 48278.60000 106.98000000 3191.13000 285.86000 38.17200 255.12600
 9 5 21 01 18 48257.60000 107.30200000 3188.87000 285.86000 38.17200 255.12600
 9 5 21 01 19 48231.10000 107.00600000 3184.91000 285.51000 38.17200 255.12600
 9 5 21 01 19 48250.00000 107.00600000 3186.53000 285.51000 38.17200 255.12600
 9 5 21 01 20 48269.40000 107.06900000 3190.63000 285.63000 38.17200 255.12600
 9 5 21 01 20 48198.90000 107.16400000 3188.43000 285.40000 38.17200 254.87300
 9 5 21 01 21 48161.70000 106.80400000 3186.04000 285.05000 38.17200 254.87300
 9 5 21 01 21 48209.20000 106.70400000 3187.09000 284.74000 38.17200 254.40300
 9 5 21 01 21 48181.80000 106.74200000 3187.94000 284.74000 38.17200 254.40300
 9 5 21 01 22 48186.00000 106.55500000 3187.94000 284.80000 38.13400 254.58700
 9 5 21 01 22 48190.70000 106.41400000 3186.04000 284.74000 38.13400 254.58700
 9 5 21 01 23 48189.70000 106.75000000 3181.84000 284.74000 38.14900 254.58700
 9 5 21 01 23 48269.40000 106.68200000 3185.68000 284.74000 38.14900 254.58700
 9 5 21 01 24 48263.20000 106.56300000 3186.57000 285.04000 38.14900 254.58700
 9 5 21 01 24 48272.90000 106.68500000 3187.57000 284.86000 38.14900 254.58700
 9 5 21 01 24 48295.70000 106.47500000 3187.57000 284.86000 38.14900 254.58700
 9 5 21 01 25 48296.00000 106.56500000 3189.86000 285.13000 38.14900 254.58700
 9 5 21 01 25 48296.00000 106.56500000 3190.26000 285.13000 38.14900 254.58700
 9 5 21 01 26 48279.60000 106.66200000 3189.47000 285.57000 38.14900 254.58700
