M=[
10 7 21 05 08 28371.70000 41.43700000 1780.62000 111.59000 17.05200 92.89100
10 7 21 05 09 28368.00000 41.43700000 1778.61000 111.72000 17.05200 92.89100
10 7 21 05 09 28368.00000 41.43700000 1778.61000 111.72000 17.05200 92.89100
10 7 21 05 09 28368.00000 41.67300000 1781.70000 111.72000 17.05200 92.89100
10 7 21 05 10 28371.40000 41.65700000 1780.85000 111.71000 17.05200 92.89100
10 7 21 05 10 28371.40000 41.65700000 1782.88000 111.81000 17.05200 92.89100
10 7 21 05 11 28389.20000 41.65700000 1782.56000 111.84000 17.05200 92.89100
10 7 21 05 11 28390.80000 41.65700000 1782.85000 111.84000 17.05200 92.89100
10 7 21 05 12 28375.50000 41.68700000 1782.85000 111.84000 17.05200 92.89100
10 7 21 05 12 28377.30000 41.68700000 1778.84000 111.84000 17.05200 92.89100
10 7 21 05 13 28371.40000 41.68700000 1778.84000 111.84000 17.05200 92.89100
10 7 21 05 13 28360.10000 41.68700000 1779.48000 111.74000 17.05200 92.89100
10 7 21 05 13 28361.40000 41.68700000 1779.48000 111.74000 17.05200 92.89100
10 7 21 05 14 28383.80000 41.68700000 1782.33000 111.74000 17.05200 92.89100
10 7 21 05 14 28401.70000 41.68700000 1784.90000 111.98000 17.05200 92.89100
10 7 21 05 15 28401.70000 41.68700000 1783.99000 111.98000 17.05200 92.89100
10 7 21 05 15 28401.70000 41.68700000 1785.16000 111.98000 17.05200 92.89100
10 7 21 05 16 28401.70000 41.68700000 1786.29000 111.98000 17.05200 92.89100
10 7 21 05 16 28401.60000 41.68700000 1786.29000 112.07000 17.05200 93.13500
10 7 21 05 16 28401.70000 41.68700000 1785.53000 112.07000 17.05200 93.13500
10 7 21 05 17 28418.60000 41.68700000 1785.53000 112.07000 17.05200 93.13500
10 7 21 05 17 28447.40000 41.68700000 1787.13000 112.13000 17.05200 93.13500
10 7 21 05 18 28447.50000 41.68700000 1786.22000 112.13000 17.05200 93.13500
10 7 21 05 18 28447.50000 41.68700000 1786.28000 112.08000 17.05200 93.13500
10 7 21 05 19 28448.60000 41.68700000 1786.28000 112.08000 17.05200 93.13500
10 7 21 05 19 28448.70000 41.68700000 1786.28000 112.17000 17.05200 93.13500
10 7 21 05 19 28448.70000 41.68700000 1786.28000 112.17000 17.05200 93.13500
10 7 21 05 20 28448.60000 41.68700000 1786.28000 112.17000 17.05200 93.13500
10 7 21 05 20 28448.60000 41.68700000 1786.28000 112.17000 17.05200 93.13500
10 7 21 05 21 28368.40000 41.68700000 1785.02000 111.99000 17.05200 93.13500
10 7 21 05 21 28399.90000 41.68700000 1785.02000 112.03000 17.05200 93.13500
10 7 21 05 22 28399.90000 41.68700000 1785.02000 112.03000 17.05200 93.13500
10 7 21 05 22 28399.90000 41.68700000 1785.00000 112.03000 17.05200 93.13500
10 7 21 05 22 28401.00000 41.68700000 1785.00000 112.03000 17.05200 93.13500
10 7 21 05 23 28404.10000 41.68700000 1785.00000 111.86000 17.05200 93.13500
10 7 21 05 23 28404.10000 41.68700000 1785.00000 111.86000 17.05200 93.13500
10 7 21 05 24 28389.90000 41.68700000 1785.00000 111.81000 17.05200 92.84200
10 7 21 05 24 28389.80000 41.68700000 1785.00000 111.81000 17.05200 92.84200
10 7 21 05 25 28380.10000 41.68700000 1785.00000 111.81000 17.05200 92.84200
10 7 21 05 25 28406.30000 41.68700000 1785.00000 111.81000 17.05200 92.84200
10 7 21 05 26 28398.70000 41.68700000 1785.00000 111.81000 17.05200 92.84200
10 7 21 05 26 28399.20000 41.68700000 1785.00000 111.81000 17.05200 92.84200
10 7 21 05 26 28404.20000 41.67700000 1785.00000 111.81000 17.05200 92.84200
10 7 21 05 27 28417.40000 41.67700000 1785.00000 111.81000 17.05200 92.84200
10 7 21 05 27 28418.90000 41.67700000 1785.00000 111.90000 17.05200 92.84200
10 7 21 05 28 28418.90000 41.67700000 1785.00000 111.90000 17.05200 92.84200
10 7 21 05 28 28418.80000 41.67700000 1786.31000 111.90000 17.05200 92.84200
10 7 21 05 29 28392.10000 41.67700000 1786.31000 111.90000 17.05200 92.84200
10 7 21 05 29 28383.00000 41.67700000 1786.31000 111.90000 17.05200 92.84200
10 7 21 05 29 28373.40000 41.67700000 1783.79000 111.87000 17.05200 92.84200
10 7 21 05 30 28373.00000 41.67700000 1782.65000 111.93000 17.05200 92.84200
10 7 21 05 30 28373.00000 41.67700000 1782.65000 111.93000 17.05200 92.84200
10 7 21 05 31 28400.00000 41.67700000 1784.66000 111.95000 17.05200 92.84200
10 7 21 05 31 28399.90000 41.67700000 1785.04000 112.04000 17.05200 92.84200
10 7 21 05 32 28400.00000 41.67700000 1785.56000 112.04000 17.05200 92.84200
10 7 21 05 32 28399.90000 41.67700000 1786.00000 112.04000 17.05200 93.02000
10 7 21 05 32 28399.90000 41.67700000 1786.00000 112.04000 17.05200 93.02000
10 7 21 05 33 28372.00000 41.67700000 1784.40000 112.04000 17.05200 93.02000
10 7 21 05 33 28374.60000 41.67700000 1785.19000 112.04000 17.05200 93.02000
10 7 21 05 34 28403.00000 41.67700000 1785.97000 112.04000 17.05200 93.02000
10 7 21 05 34 28410.20000 41.67700000 1785.97000 112.04000 17.05200 93.02000
10 7 21 05 35 28401.40000 41.67700000 1786.25000 112.04000 17.05200 93.02000
10 7 21 05 35 28379.90000 41.67700000 1786.25000 112.04000 17.05200 93.02000
10 7 21 05 35 28405.60000 41.67700000 1785.36000 112.04000 17.05200 93.02000
10 7 21 05 36 28413.80000 41.67700000 1785.36000 112.07000 17.05200 93.02000
10 7 21 05 36 28418.80000 41.73100000 1787.89000 112.07000 17.05200 93.02000
10 7 21 05 37 28418.00000 41.73100000 1787.98000 112.06000 17.05200 93.02000
10 7 21 05 37 28418.90000 41.73100000 1787.98000 112.06000 17.05200 93.02000
10 7 21 05 38 28418.90000 41.73100000 1788.67000 112.06000 17.05200 93.02000
10 7 21 05 38 28418.10000 41.73100000 1788.16000 112.07000 17.05200 93.02000
10 7 21 05 38 28418.00000 41.73100000 1787.09000 112.07000 17.05200 93.02000
10 7 21 05 39 28416.00000 41.73100000 1787.09000 112.07000 17.05200 93.02000
10 7 21 05 39 28416.10000 41.73100000 1787.91000 112.07000 17.05200 93.02000
10 7 21 05 40 28418.80000 41.73100000 1789.06000 112.13000 17.05200 93.02000
10 7 21 05 40 28421.30000 41.73100000 1788.53000 112.13000 17.05200 93.02000
10 7 21 05 41 28421.20000 41.73100000 1788.53000 112.13000 17.05200 93.02000
10 7 21 05 41 28421.30000 41.73100000 1787.93000 112.03000 17.05200 93.02000
10 7 21 05 42 28421.20000 41.73100000 1787.93000 112.10000 17.05200 93.02000
10 7 21 05 42 28420.40000 41.73100000 1789.49000 112.10000 17.05200 93.02000
10 7 21 05 42 28418.90000 41.73100000 1789.08000 112.10000 17.05200 93.02000
10 7 21 05 43 28411.80000 41.73100000 1789.08000 112.10000 17.05200 93.02000
10 7 21 05 43 28410.10000 41.73100000 1787.02000 112.03000 17.05200 93.02000
10 7 21 05 44 28414.40000 41.73100000 1786.58000 112.03000 17.05200 93.02000
10 7 21 05 44 28411.00000 41.73100000 1786.58000 112.01000 17.05200 93.02000
10 7 21 05 45 28422.70000 41.73100000 1786.58000 112.01000 17.05200 93.02000
10 7 21 05 45 28404.40000 41.73100000 1786.93000 112.01000 17.05200 93.02000
10 7 21 05 45 28404.40000 41.73100000 1788.21000 112.01000 17.05200 93.02000
10 7 21 05 46 28432.50000 41.73100000 1789.62000 112.01000 17.05200 93.02000
10 7 21 05 46 28432.50000 41.73100000 1789.49000 112.01000 17.05200 93.02000
10 7 21 05 47 28447.30000 41.73100000 1789.55000 112.16000 17.05200 93.02000
10 7 21 05 47 28448.70000 41.73100000 1790.45000 112.16000 17.05200 93.02000
10 7 21 05 48 28448.70000 41.73900000 1789.17000 112.16000 17.05200 93.02000
10 7 21 05 48 28448.70000 41.73900000 1790.50000 112.16000 17.05200 93.02000
10 7 21 05 48 28448.70000 41.73900000 1790.50000 112.20000 17.05200 93.02000
10 7 21 05 49 28448.70000 41.73900000 1790.52000 112.17000 17.05200 93.02000
10 7 21 05 49 28448.70000 41.73900000 1790.53000 112.17000 17.05200 93.02000
10 7 21 05 50 28446.40000 41.73900000 1790.53000 112.17000 17.05200 93.02000
10 7 21 05 50 28448.50000 41.73900000 1790.53000 112.17000 17.05200 93.02000
10 7 21 05 51 28448.60000 41.73900000 1790.01000 112.17000 17.05200 93.02000
10 7 21 05 51 28448.50000 41.73900000 1790.00000 112.17000 17.05200 93.02000
10 7 21 05 51 28448.50000 41.73900000 1790.00000 112.17000 17.05200 93.02000
10 7 21 05 52 28448.70000 41.73900000 1790.01000 112.17000 17.05200 93.02000
10 7 21 05 52 28448.60000 41.73900000 1790.01000 112.17000 17.05200 93.02000
