M=[
21 3 21 05 00 47939.30000 10.25000000 1491.75000 164.68000 26.28200 126.71700
21 3 21 05 00 48076.60000 10.25000000 1494.43000 164.98000 26.28200 126.71700
21 3 21 05 01 48081.90000 10.25000000 1495.76000 165.11000 26.28200 126.71700
21 3 21 05 01 48112.50000 10.25000000 1495.34000 165.41000 26.28200 126.71700
21 3 21 05 01 48089.70000 10.25000000 1495.56000 165.45000 26.28200 126.71700
21 3 21 05 02 48092.60000 10.25000000 1494.77000 165.12000 26.28200 126.71700
21 3 21 05 02 48100.90000 10.25000000 1495.69000 165.12000 26.28200 126.71700
21 3 21 05 03 48107.00000 10.25000000 1495.69000 165.13000 26.28200 126.71700
21 3 21 05 03 48109.10000 10.25000000 1495.69000 165.16000 26.28200 126.71700
21 3 21 05 04 48109.10000 10.25000000 1495.69000 165.16000 26.28200 126.71700
21 3 21 05 04 48116.90000 10.25000000 1495.68000 165.21000 26.28200 126.71700
21 3 21 05 04 48140.10000 10.25000000 1496.78000 165.21000 26.28200 126.71700
21 3 21 05 05 48139.90000 10.25000000 1496.06000 165.25000 26.28200 126.71700
21 3 21 05 05 48095.80000 10.25000000 1495.28000 165.25000 26.28200 126.71700
21 3 21 05 06 48099.80000 10.25000000 1495.28000 165.25000 26.28200 126.71700
21 3 21 05 06 48131.80000 10.25000000 1495.28000 165.21000 26.28200 126.71700
21 3 21 05 07 48138.00000 10.25000000 1495.49000 165.21000 26.28200 126.71700
21 3 21 05 07 48143.40000 10.25000000 1495.54000 165.21000 26.28200 126.71700
21 3 21 05 07 48151.70000 10.25000000 1496.81000 165.69000 26.28200 126.71700
21 3 21 05 08 48106.00000 10.28200000 1495.25000 165.69000 26.28200 126.71700
21 3 21 05 08 48098.10000 10.27400000 1494.27000 165.69000 26.28200 126.71700
21 3 21 05 09 48093.60000 10.27400000 1494.25000 165.69000 26.28200 126.71700
21 3 21 05 09 48093.60000 10.27400000 1494.22000 165.69000 26.28200 126.71700
21 3 21 05 10 48093.60000 10.27400000 1495.12000 165.42000 26.28200 126.71700
21 3 21 05 10 48113.00000 10.27400000 1495.99000 165.43000 26.28200 126.71700
21 3 21 05 10 48133.40000 10.27400000 1495.46000 165.43000 26.28200 126.71700
21 3 21 05 11 48104.60000 10.27400000 1495.87000 165.36000 26.28200 126.71700
21 3 21 05 11 48120.20000 10.27400000 1495.87000 165.36000 26.28200 126.71700
21 3 21 05 12 48125.20000 10.27400000 1496.10000 165.65000 26.28200 126.74700
21 3 21 05 12 48126.70000 10.27400000 1495.84000 165.65000 26.28200 126.74700
21 3 21 05 13 48132.30000 10.27400000 1496.25000 165.65000 26.28200 126.74700
21 3 21 05 13 48132.30000 10.27400000 1497.13000 165.65000 26.28200 126.74700
21 3 21 05 13 48132.80000 10.27400000 1497.13000 165.65000 26.28200 126.74700
21 3 21 05 14 48132.80000 10.27400000 1496.30000 165.65000 26.28200 126.74700
21 3 21 05 14 48132.70000 10.27400000 1496.08000 165.65000 26.28200 126.74700
21 3 21 05 15 48142.50000 10.27400000 1496.69000 165.65000 26.28200 126.74700
21 3 21 05 15 48150.60000 10.27400000 1496.69000 165.65000 26.28200 126.74700
21 3 21 05 16 48186.50000 10.27400000 1497.33000 165.77000 26.28200 126.74700
21 3 21 05 16 48194.80000 10.27400000 1498.04000 165.77000 26.28200 126.74700
21 3 21 05 16 48194.70000 10.27400000 1498.04000 165.80000 26.28200 126.74700
21 3 21 05 17 48190.10000 10.27400000 1498.20000 165.80000 26.28200 126.74700
21 3 21 05 17 48208.30000 10.27400000 1498.20000 165.80000 26.28200 126.74700
21 3 21 05 18 48208.20000 10.27400000 1498.20000 165.80000 26.28200 126.74700
21 3 21 05 18 48225.40000 10.27400000 1498.43000 165.80000 26.28200 126.74700
21 3 21 05 19 48243.20000 10.27400000 1498.43000 165.80000 26.28200 127.00000
21 3 21 05 19 48228.40000 10.27400000 1499.07000 165.80000 26.28200 127.00000
21 3 21 05 19 48214.30000 10.27400000 1499.04000 165.80000 26.28200 127.00000
21 3 21 05 20 48208.20000 10.27400000 1498.95000 165.65000 26.28200 127.00000
21 3 21 05 20 48172.20000 10.27400000 1497.92000 165.49000 26.28200 127.00000
21 3 21 05 21 48120.10000 10.27400000 1497.65000 165.49000 26.28200 127.00000
21 3 21 05 21 48095.00000 10.27400000 1496.36000 165.49000 26.28200 126.76600
21 3 21 05 22 48078.80000 10.27400000 1496.22000 165.22000 26.28200 126.58600
21 3 21 05 22 48118.10000 10.27400000 1496.15000 165.22000 26.28200 126.58600
21 3 21 05 22 48092.20000 10.27400000 1496.73000 165.25000 26.28200 126.58600
21 3 21 05 23 48092.10000 10.27400000 1496.60000 165.25000 26.28200 126.58600
21 3 21 05 23 48092.20000 10.27400000 1496.60000 165.25000 26.28200 126.58600
21 3 21 05 24 48092.20000 10.27400000 1495.92000 165.14000 26.28200 126.58600
21 3 21 05 24 48092.10000 10.27400000 1495.57000 165.14000 26.28200 126.58600
21 3 21 05 25 48034.40000 10.27400000 1494.05000 165.14000 26.28200 126.58600
21 3 21 05 25 48063.50000 10.27400000 1493.97000 164.94000 26.28200 126.58600
21 3 21 05 25 48082.70000 10.27400000 1495.03000 164.94000 26.28200 126.58600
21 3 21 05 26 48091.60000 10.27400000 1496.25000 164.94000 26.28200 126.58600
21 3 21 05 26 48139.10000 10.27400000 1497.31000 164.94000 26.28200 126.58600
21 3 21 05 27 48154.50000 10.27400000 1497.31000 165.22000 26.28200 126.58600
21 3 21 05 27 48166.10000 10.27400000 1497.31000 165.22000 26.28200 126.58600
21 3 21 05 28 48166.10000 10.27000000 1496.60000 165.02000 26.28200 126.58600
21 3 21 05 28 48165.20000 10.27000000 1497.33000 165.02000 26.28200 126.58600
21 3 21 05 28 48171.20000 10.27000000 1497.33000 165.02000 26.28200 126.58600
21 3 21 05 29 48183.00000 10.27000000 1497.33000 165.23000 26.28200 126.58600
21 3 21 05 29 48177.10000 10.27000000 1497.33000 165.10000 26.28200 126.58600
21 3 21 05 30 48164.40000 10.27000000 1497.33000 165.10000 26.28200 126.58600
21 3 21 05 30 48125.10000 10.27000000 1497.00000 165.18000 26.28200 126.58600
21 3 21 05 31 48102.80000 10.27000000 1496.75000 165.18000 26.28200 126.58600
21 3 21 05 31 48100.00000 10.27000000 1495.03000 165.18000 26.28200 126.58600
21 3 21 05 31 48063.60000 10.27000000 1495.13000 165.18000 26.28200 126.58600
21 3 21 05 32 48063.60000 10.27000000 1495.42000 164.79000 26.28200 126.58600
21 3 21 05 32 48132.30000 10.27000000 1494.71000 164.79000 26.28200 126.58600
21 3 21 05 33 48100.10000 10.27000000 1494.19000 164.79000 26.28200 126.58600
21 3 21 05 33 48104.30000 10.27000000 1493.51000 164.76000 26.28200 126.58600
21 3 21 05 34 48100.10000 10.27000000 1493.50000 164.58000 26.28200 126.58600
21 3 21 05 34 48100.10000 10.27000000 1493.39000 164.58000 26.20000 126.58600
21 3 21 05 34 48100.10000 10.27000000 1493.39000 164.58000 26.20000 126.58600
21 3 21 05 35 48049.60000 10.27000000 1493.22000 164.58000 26.20000 126.58600
21 3 21 05 35 48034.50000 10.27000000 1493.22000 164.58000 26.20000 126.58600
21 3 21 05 36 48034.40000 10.27000000 1493.22000 164.25000 26.20000 126.58600
21 3 21 05 36 48043.90000 10.27000000 1493.60000 164.25000 26.20000 126.58600
21 3 21 05 37 48048.20000 10.27000000 1493.60000 164.25000 26.20000 126.58600
21 3 21 05 37 48088.90000 10.27000000 1495.30000 164.25000 26.20000 126.58600
21 3 21 05 37 48098.30000 10.27000000 1495.16000 164.52000 26.20000 126.58600
21 3 21 05 38 48122.80000 10.27000000 1496.38000 164.70000 26.20000 126.58600
21 3 21 05 38 48138.10000 10.27000000 1496.11000 164.76000 26.20000 126.58600
21 3 21 05 39 48116.80000 10.27000000 1495.12000 164.30000 26.20000 126.58600
21 3 21 05 39 48116.80000 10.27000000 1494.73000 164.42000 26.25600 126.58600
21 3 21 05 40 48116.80000 10.27000000 1493.82000 164.02000 26.25600 125.74300
21 3 21 05 40 48119.20000 10.25200000 1494.11000 164.19000 26.25600 125.74300
21 3 21 05 40 48116.70000 10.25200000 1494.51000 164.19000 26.25600 125.67400
21 3 21 05 41 48123.40000 10.25200000 1494.74000 164.30000 26.25600 125.67400
21 3 21 05 41 48128.30000 10.25200000 1495.09000 164.45000 26.25600 125.67400
21 3 21 05 42 48133.40000 10.25200000 1495.89000 164.45000 26.25600 125.67400
21 3 21 05 42 48139.00000 10.25200000 1496.10000 164.45000 26.25600 125.67400
21 3 21 05 43 48159.60000 10.25200000 1496.10000 164.45000 26.25600 125.67400
21 3 21 05 43 48159.90000 10.25200000 1496.21000 164.45000 26.25600 125.67400
