M=[
 7 6 20 22 26 8618.20000 6.04700000 214.78000 41.27000 12.85300 46.26900
 7 6 20 22 26 8617.50000 6.06400000 214.78000 41.27000 12.85300 46.17900
 7 6 20 22 27 8620.30000 6.04700000 214.78000 41.27000 12.85300 46.17900
 7 6 20 22 27 8620.20000 6.04700000 214.83000 41.27000 12.85300 46.17900
 7 6 20 22 28 8620.20000 6.04700000 214.83000 41.27000 12.85300 46.17900
 7 6 20 22 28 8625.50000 6.04700000 214.84000 41.27000 12.85300 46.17900
 7 6 20 22 29 8625.70000 6.04700000 214.85000 41.27000 12.85300 46.17900
 7 6 20 22 29 8623.50000 6.06400000 215.00000 41.24000 12.85300 46.17900
 7 6 20 22 30 8634.10000 6.04700000 215.00000 41.29000 12.85300 46.17900
 7 6 20 22 31 8634.10000 6.04700000 215.00000 41.29000 12.85300 46.17900
 7 6 20 22 31 8634.20000 6.04700000 214.99000 41.29000 12.86400 46.17900
 7 6 20 22 32 8635.10000 6.04700000 214.99000 41.29000 12.85300 46.17900
 7 6 20 22 32 8635.60000 6.04700000 215.00000 41.29000 12.85300 46.17900
 7 6 20 22 33 8635.70000 6.04700000 215.00000 41.29000 12.85300 46.17900
 7 6 20 22 33 8634.00000 6.04700000 215.00000 41.24000 12.85300 46.17900
 7 6 20 22 34 8631.00000 6.04700000 215.00000 41.29000 12.85300 46.17900
 7 6 20 22 34 8630.00000 6.04700000 215.00000 41.29000 12.85300 46.17900
 7 6 20 22 35 8628.50000 6.04700000 214.99000 41.29000 12.86400 46.17900
 7 6 20 22 35 8628.40000 6.04700000 214.99000 41.29000 12.85300 46.17900
 7 6 20 22 36 8628.50000 6.06400000 215.00000 41.29000 12.85300 46.17900
 7 6 20 22 36 8628.50000 6.04700000 214.99000 41.27000 12.85300 46.17900
 7 6 20 22 37 8628.50000 6.04700000 214.99000 41.27000 12.85300 46.17900
 7 6 20 22 37 8628.50000 6.04700000 214.99000 41.27000 12.85300 46.17900
 7 6 20 22 38 8628.40000 6.04700000 214.99000 41.27000 12.85300 46.17900
 7 6 20 22 38 8637.30000 6.04700000 214.99000 41.27000 12.85300 45.88000
 7 6 20 22 39 8628.50000 6.04700000 215.00000 41.27000 12.85300 46.17900
 7 6 20 22 39 8638.00000 6.04700000 215.00000 41.29000 12.86400 46.17900
 7 6 20 22 40 8628.50000 6.04700000 215.00000 41.27000 12.85300 46.17900
 7 6 20 22 40 8636.50000 6.04700000 215.00000 41.29000 12.85300 46.17900
 7 6 20 22 41 8637.80000 6.04700000 215.00000 41.27000 12.85300 46.17900
 7 6 20 22 41 8647.90000 6.04700000 215.00000 41.27000 12.85300 46.35400
 7 6 20 22 42 8645.90000 6.04700000 215.24000 41.27000 12.85300 46.35400
 7 6 20 22 43 8647.90000 6.04700000 215.24000 41.29000 12.85300 46.35400
 7 6 20 22 43 8647.90000 6.04700000 215.00000 41.27000 12.85300 46.35400
 7 6 20 22 44 8648.00000 6.04700000 215.00000 41.27000 12.85300 46.35400
 7 6 20 22 44 8648.00000 6.04700000 215.25000 41.27000 12.85300 46.35400
 7 6 20 22 45 8646.80000 6.04700000 215.25000 41.30000 12.85300 46.35400
 7 6 20 22 45 8647.80000 6.04700000 215.25000 41.35000 12.85300 46.35400
 7 6 20 22 46 8647.80000 6.04700000 215.24000 41.35000 12.85300 46.35400
 7 6 20 22 46 8647.90000 6.04700000 215.24000 41.35000 12.85300 46.35400
 7 6 20 22 47 8648.00000 6.04700000 215.39000 41.30000 12.85300 46.35400
 7 6 20 22 47 8648.00000 6.04700000 215.39000 41.35000 12.85300 46.35400
 7 6 20 22 48 8649.30000 6.05400000 215.39000 41.35000 12.85300 46.35400
 7 6 20 22 48 8649.80000 6.04700000 215.39000 41.35000 12.85300 46.35400
 7 6 20 22 49 8649.90000 6.04700000 215.49000 41.30000 12.85300 46.35400
 7 6 20 22 49 8649.90000 6.04700000 215.49000 41.35000 12.85300 46.35400
 7 6 20 22 50 8648.20000 6.04700000 215.49000 41.35000 12.85300 46.35400
 7 6 20 22 51 8628.90000 6.06400000 214.88000 41.35000 12.85300 46.35400
 7 6 20 22 51 8628.90000 6.06400000 215.04000 41.35000 12.86400 46.35400
 7 6 20 22 52 8633.10000 6.04700000 215.04000 41.35000 12.85300 46.35400
 7 6 20 22 52 8633.80000 6.04700000 215.04000 41.35000 12.85300 46.29700
 7 6 20 22 53 8633.30000 6.04700000 214.99000 41.29000 12.85300 46.35400
 7 6 20 22 53 8624.60000 6.04700000 214.89000 41.29000 12.85300 46.35400
 7 6 20 22 54 8626.30000 6.04700000 214.95000 41.30000 12.85300 46.35400
 7 6 20 22 54 8626.20000 6.04700000 214.95000 41.30000 12.85300 46.35400
 7 6 20 22 55 8625.30000 6.04700000 214.95000 41.30000 12.85300 46.35400
 7 6 20 22 55 8626.20000 6.04700000 214.95000 41.29000 12.85300 46.35400
 7 6 20 22 56 8626.20000 6.04700000 214.95000 41.29000 12.85300 46.35400
 7 6 20 22 56 8626.20000 6.04700000 215.17000 41.29000 12.86400 46.29700
 7 6 20 22 57 8626.30000 6.04700000 215.17000 41.29000 12.85300 46.35400
 7 6 20 22 57 8631.50000 6.04700000 215.17000 41.29000 12.85300 46.35400
 7 6 20 22 58 8634.80000 6.04700000 215.16000 41.29000 12.85300 46.35400
 7 6 20 22 59 8634.90000 6.04700000 215.22000 41.29000 12.85300 46.35400
 7 6 20 22 59 8635.60000 6.04700000 215.22000 41.29000 12.85300 46.35400
 7 6 20 23 00 8635.60000 6.04700000 215.16000 41.31000 12.85300 46.29700
 7 6 20 23 00 8652.00000 6.04700000 216.95000 41.28000 12.85300 46.29700
 7 6 20 23 01 8656.50000 6.04700000 216.46000 41.46000 12.85300 46.38000
 7 6 20 23 01 8653.60000 6.04700000 216.71000 41.46000 12.85300 46.35400
 7 6 20 23 02 8653.60000 6.04700000 216.76000 41.28000 12.85300 46.38000
 7 6 20 23 02 8653.70000 6.04700000 216.67000 41.46000 12.85300 46.29700
 7 6 20 23 03 8647.30000 6.04700000 216.67000 41.46000 12.85300 46.38000
 7 6 20 23 03 8647.30000 6.04700000 216.65000 41.41000 12.85300 46.38000
 7 6 20 23 04 8647.40000 6.04700000 216.65000 41.46000 12.85300 46.38000
 7 6 20 23 04 8647.10000 6.04700000 216.67000 41.44000 12.85300 46.38000
 7 6 20 23 05 8647.20000 6.04700000 216.98000 41.41000 12.85300 46.38000
 7 6 20 23 05 8647.10000 6.04700000 216.98000 41.41000 12.85300 46.29700
 7 6 20 23 06 8651.20000 6.04700000 216.98000 41.44000 12.85300 46.29700
 7 6 20 23 07 8647.60000 6.04700000 216.97000 41.44000 12.85300 46.29700
 7 6 20 23 07 8647.30000 6.04700000 216.80000 41.41000 12.85300 46.29700
 7 6 20 23 08 8647.30000 6.04700000 216.76000 41.44000 12.85300 46.29700
 7 6 20 23 08 8647.30000 6.04700000 216.76000 41.44000 12.85300 46.29700
 7 6 20 23 09 8647.20000 6.04700000 216.76000 41.44000 12.85300 46.29700
 7 6 20 23 09 8651.00000 6.04700000 216.89000 41.44000 12.85300 46.29700
 7 6 20 23 10 8642.90000 6.04700000 216.83000 41.44000 12.85300 46.29700
 7 6 20 23 10 8643.00000 6.04700000 216.78000 41.44000 12.85300 46.29700
 7 6 20 23 11 8642.90000 6.04700000 216.78000 41.41000 12.85300 46.29700
 7 6 20 23 11 8641.60000 6.04700000 216.76000 41.41000 12.85300 46.29700
 7 6 20 23 12 8641.50000 6.04700000 216.76000 41.44000 12.85300 46.29700
 7 6 20 23 12 8641.60000 6.04700000 216.74000 41.44000 12.86400 46.29700
 7 6 20 23 13 8630.60000 6.04700000 216.34000 41.44000 12.85300 46.29700
 7 6 20 23 13 8635.70000 6.04700000 216.42000 41.44000 12.85300 46.29700
 7 6 20 23 14 8628.30000 6.04700000 215.98000 41.41000 12.85300 46.29700
 7 6 20 23 15 8626.10000 6.04700000 216.20000 41.44000 12.85300 46.29700
 7 6 20 23 15 8626.10000 6.05400000 216.02000 41.44000 12.85300 46.29700
 7 6 20 23 16 8626.10000 6.04700000 216.02000 41.44000 12.85300 46.29700
 7 6 20 23 16 8626.10000 6.04700000 216.02000 41.44000 12.85300 46.29700
 7 6 20 23 17 8624.60000 6.04700000 216.03000 41.41000 12.85300 46.29700
 7 6 20 23 17 8626.00000 6.04700000 216.03000 41.44000 12.85300 46.29700
 7 6 20 23 18 8617.80000 6.04700000 216.14000 41.28000 12.85300 46.29700
 7 6 20 23 18 8620.60000 6.04700000 216.14000 41.44000 12.85300 46.29700
 7 6 20 23 19 8620.60000 6.04700000 215.91000 41.28000 12.85300 46.29700
 7 6 20 23 19 8620.60000 6.04700000 215.93000 41.28000 12.85300 46.29700
 7 6 20 23 20 8617.60000 6.04700000 215.91000 41.28000 12.85300 46.29700
 7 6 20 23 20 8632.10000 6.04700000 216.29000 41.28000 12.85300 46.29700
 7 6 20 23 21 8632.10000 6.04700000 216.53000 41.28000 12.86400 46.29700
 7 6 20 23 21 8629.60000 6.04700000 216.52000 41.28000 12.85300 46.29700
 7 6 20 23 22 8629.60000 6.04700000 216.52000 41.28000 12.85300 46.29700
 7 6 20 23 22 8627.50000 6.04700000 216.09000 41.28000 12.85300 46.29700
 7 6 20 23 23 8627.60000 6.04700000 215.94000 41.28000 12.85300 46.29700
