M=[
 9 1 21 05 01 32598.90000 5.56200000 989.22000 137.41000 15.26500 54.74800
 9 1 21 05 02 32551.10000 5.56100000 987.72000 137.29000 15.26500 54.71900
 9 1 21 05 02 32543.00000 5.55600000 986.87000 137.19000 15.26500 54.75800
 9 1 21 05 03 32578.50000 5.55600000 988.05000 137.19000 15.26500 54.75800
 9 1 21 05 03 32560.30000 5.55600000 986.65000 137.12000 15.26500 54.75800
 9 1 21 05 04 32546.10000 5.55600000 986.00000 137.12000 15.26500 54.75800
 9 1 21 05 04 32546.10000 5.55600000 986.58000 137.12000 15.26500 54.75800
 9 1 21 05 04 32489.50000 5.55600000 985.66000 137.11000 15.26500 54.75800
 9 1 21 05 05 32547.60000 5.55600000 985.22000 137.11000 15.26500 54.75800
 9 1 21 05 05 32545.00000 5.55600000 985.22000 137.11000 15.26500 54.75800
 9 1 21 05 06 32543.40000 5.55600000 985.22000 137.07000 15.26500 54.75800
 9 1 21 05 06 32559.70000 5.55600000 985.22000 137.07000 15.26500 54.75800
 9 1 21 05 07 32559.80000 5.55600000 985.22000 137.07000 15.26500 54.75800
 9 1 21 05 07 32555.40000 5.55600000 986.55000 137.07000 15.26500 54.75800
 9 1 21 05 07 32555.70000 5.55600000 986.55000 137.07000 15.26500 54.75800
 9 1 21 05 08 32493.40000 5.55600000 983.57000 137.07000 15.26500 54.75800
 9 1 21 05 08 32492.30000 5.55600000 983.71000 137.07000 15.26500 54.75800
 9 1 21 05 09 32495.00000 5.55600000 983.80000 137.07000 15.26500 54.75800
 9 1 21 05 09 32518.10000 5.55600000 983.80000 137.07000 15.26500 54.75800
 9 1 21 05 10 32543.90000 5.55600000 983.80000 137.07000 15.26500 54.75800
 9 1 21 05 10 32479.60000 5.55600000 982.71000 137.04000 15.26500 54.75800
 9 1 21 05 10 32492.90000 5.55600000 982.71000 137.00000 15.26500 54.75800
 9 1 21 05 11 32525.50000 5.55600000 982.61000 137.00000 15.26500 54.70400
 9 1 21 05 11 32517.20000 5.55600000 983.72000 137.00000 15.26500 54.70400
 9 1 21 05 12 32517.20000 5.55600000 985.61000 137.00000 15.26500 54.70400
 9 1 21 05 12 32555.50000 5.55600000 986.53000 137.00000 15.26500 54.70400
 9 1 21 05 13 32560.00000 5.55600000 986.53000 137.00000 15.26500 54.70400
 9 1 21 05 13 32560.00000 5.55600000 986.53000 137.00000 15.26500 54.70400
 9 1 21 05 13 32560.00000 5.55600000 986.45000 137.00000 15.26500 54.70400
 9 1 21 05 14 32521.20000 5.55600000 984.50000 137.00000 15.26500 54.70400
 9 1 21 05 14 32521.20000 5.55600000 984.41000 137.00000 15.26500 54.70400
 9 1 21 05 15 32548.80000 5.55600000 985.71000 137.00000 15.26500 54.70400
 9 1 21 05 15 32521.10000 5.55600000 983.40000 137.00000 15.26500 54.70400
 9 1 21 05 16 32443.50000 5.55600000 981.87000 136.93000 15.26500 54.70400
 9 1 21 05 16 32441.10000 5.55600000 983.07000 136.93000 15.26500 54.70400
 9 1 21 05 16 32426.10000 5.55600000 983.07000 136.93000 15.26500 54.70400
 9 1 21 05 17 32481.20000 5.55600000 983.91000 136.93000 15.26500 54.70400
 9 1 21 05 17 32458.90000 5.55600000 983.91000 136.93000 15.26500 54.70400
 9 1 21 05 18 32478.00000 5.55600000 984.78000 136.93000 15.26500 54.71600
 9 1 21 05 18 32441.20000 5.55600000 984.06000 136.93000 15.26500 54.71600
 9 1 21 05 19 32444.90000 5.55600000 984.06000 136.93000 15.26500 54.71600
 9 1 21 05 19 32493.90000 5.55600000 984.80000 137.28000 15.26500 54.71600
 9 1 21 05 19 32497.30000 5.55600000 984.80000 137.28000 15.26500 54.71600
 9 1 21 05 20 32508.10000 5.55600000 985.01000 137.40000 15.26500 54.71600
 9 1 21 05 20 32474.30000 5.55600000 985.01000 137.39000 15.26500 54.71600
 9 1 21 05 21 32459.20000 5.55600000 984.19000 137.05000 15.26500 54.71600
 9 1 21 05 21 32443.60000 5.55600000 984.19000 137.01000 15.26500 54.71600
 9 1 21 05 22 32443.70000 5.55600000 984.19000 136.84000 15.26500 54.71600
 9 1 21 05 22 32435.10000 5.55600000 980.95000 136.64000 15.26500 54.32300
 9 1 21 05 22 32435.10000 5.55600000 982.94000 136.64000 15.26500 54.32300
 9 1 21 05 23 32476.20000 5.55600000 982.94000 136.64000 15.26500 54.32300
 9 1 21 05 23 32476.20000 5.55600000 982.47000 136.64000 15.26500 54.31700
 9 1 21 05 24 32402.10000 5.55600000 980.96000 136.47000 15.26500 54.31700
 9 1 21 05 24 32380.40000 5.55600000 980.75000 136.47000 15.26500 54.31700
 9 1 21 05 25 32380.40000 5.55600000 981.30000 136.09000 15.26500 54.31700
 9 1 21 05 25 32411.50000 5.55600000 981.66000 136.09000 15.26500 54.31700
 9 1 21 05 25 32426.70000 5.55600000 982.80000 136.09000 15.26500 54.31700
 9 1 21 05 26 32426.50000 5.55600000 982.17000 136.44000 15.26500 54.35700
 9 1 21 05 26 32426.50000 5.55600000 982.17000 136.28000 15.26500 54.35700
 9 1 21 05 27 32430.10000 5.55600000 982.80000 136.44000 15.26500 54.35700
 9 1 21 05 27 32404.90000 5.55600000 982.80000 136.44000 15.26500 54.35700
 9 1 21 05 28 32376.00000 5.55600000 979.65000 135.93000 15.26500 54.35700
 9 1 21 05 28 32370.10000 5.55600000 979.14000 135.77000 15.26500 54.35700
 9 1 21 05 28 32375.90000 5.55600000 979.46000 135.76000 15.26500 54.35700
 9 1 21 05 29 32360.00000 5.55600000 976.37000 135.70000 15.26500 54.35700
 9 1 21 05 29 32354.40000 5.55600000 975.65000 135.57000 15.26500 54.35700
 9 1 21 05 30 32354.40000 5.55600000 975.55000 135.58000 15.26500 54.35700
 9 1 21 05 30 32313.00000 5.55600000 974.93000 135.26000 15.26500 53.99700
 9 1 21 05 31 32308.20000 5.55600000 974.55000 135.26000 15.26500 53.99700
 9 1 21 05 31 32308.10000 5.55600000 974.85000 135.05000 15.26500 53.99700
 9 1 21 05 31 32326.30000 5.55600000 975.29000 135.05000 15.26500 53.99700
 9 1 21 05 32 32305.60000 5.55600000 974.22000 134.79000 15.26500 53.99700
 9 1 21 05 32 32268.80000 5.55600000 971.56000 134.75000 15.26500 53.99700
 9 1 21 05 33 32174.00000 5.55600000 971.02000 134.39000 15.26500 53.84300
 9 1 21 05 33 32214.30000 5.55600000 970.35000 135.20000 15.26500 53.79500
 9 1 21 05 34 32230.60000 5.55600000 972.06000 135.44000 15.26500 53.79500
 9 1 21 05 34 32214.80000 5.55600000 971.83000 135.45000 15.26500 53.79500
 9 1 21 05 34 32257.90000 5.55600000 973.14000 135.43000 15.26500 53.79500
 9 1 21 05 35 32299.40000 5.55600000 973.14000 135.20000 15.26500 53.79500
 9 1 21 05 35 32330.30000 5.55600000 973.90000 135.32000 15.26500 53.79500
 9 1 21 05 36 32368.60000 5.55600000 974.69000 135.47000 15.26500 53.79500
 9 1 21 05 36 32395.00000 5.55600000 975.09000 135.47000 15.26500 53.79500
 9 1 21 05 37 32402.00000 5.55600000 975.09000 135.96000 15.26500 53.79500
 9 1 21 05 37 32425.90000 5.55600000 976.74000 136.06000 15.26500 53.79500
 9 1 21 05 37 32431.30000 5.55600000 977.03000 135.91000 15.26500 53.79500
 9 1 21 05 38 32431.40000 5.55600000 977.03000 135.99000 15.26500 53.79500
 9 1 21 05 38 32431.50000 5.56000000 977.03000 135.99000 15.26500 53.79500
 9 1 21 05 39 32433.90000 5.56000000 977.39000 135.99000 15.26500 53.79500
 9 1 21 05 39 32435.30000 5.56000000 976.41000 135.97000 15.26500 54.27700
 9 1 21 05 40 32431.50000 5.56000000 976.41000 135.97000 15.26500 54.27700
 9 1 21 05 40 32425.90000 5.56000000 976.19000 135.58000 15.26500 54.27700
 9 1 21 05 40 32431.50000 5.56000000 976.19000 135.95000 15.26500 54.27700
 9 1 21 05 41 32435.00000 5.56000000 976.20000 135.95000 15.26500 54.27700
 9 1 21 05 41 32449.40000 5.56000000 976.20000 135.95000 15.26500 54.27700
 9 1 21 05 42 32440.00000 5.56000000 977.56000 136.10000 15.26500 54.27700
 9 1 21 05 42 32409.30000 5.56000000 977.56000 136.10000 15.26500 54.27700
 9 1 21 05 43 32423.40000 5.56000000 977.99000 136.10000 15.26500 54.27700
 9 1 21 05 43 32423.40000 5.56000000 976.13000 135.99000 15.26500 54.27700
 9 1 21 05 43 32423.40000 5.56000000 976.13000 135.98000 15.26900 54.27700
 9 1 21 05 44 32423.40000 5.56000000 976.13000 135.98000 15.26900 54.27700
 9 1 21 05 44 32423.40000 5.56000000 976.13000 136.00000 15.26900 54.27700
 9 1 21 05 45 32460.60000 5.56000000 978.00000 136.04000 15.26900 54.27700
 9 1 21 05 45 32430.20000 5.56000000 977.79000 136.04000 15.26900 54.27700
 9 1 21 05 45 32423.30000 5.56000000 977.79000 136.04000 15.26900 54.27700
 9 1 21 05 46 32413.20000 5.55200000 977.73000 136.04000 15.26900 54.27700
 9 1 21 05 46 32413.50000 5.55200000 977.73000 136.04000 15.26900 54.27700
