M=[
11 1 21 15 35 26495.50000 5.75000000 824.85000 104.64000 14.60800 71.30300
11 1 21 15 36 26499.10000 5.82300000 820.74000 104.64000 14.61500 71.55300
11 1 21 15 36 26476.80000 5.82300000 820.02000 104.68000 14.61500 71.69300
11 1 21 15 37 26462.90000 5.75200000 820.59000 105.03000 14.61500 71.33000
11 1 21 15 37 26514.70000 5.75200000 823.32000 105.30000 14.61500 71.67900
11 1 21 15 38 26512.40000 5.81000000 824.35000 105.57000 14.61500 71.60900
11 1 21 15 38 26650.80000 5.81000000 828.75000 105.51000 14.61500 71.89600
11 1 21 15 38 26548.00000 5.81000000 826.64000 105.92000 14.61500 71.65100
11 1 21 15 39 26513.60000 5.81000000 825.81000 105.76000 14.61500 71.90500
11 1 21 15 40 26505.80000 5.85900000 824.84000 105.32000 14.61500 71.90500
11 1 21 15 40 26422.00000 5.85900000 821.81000 105.08000 14.61500 71.90500
11 1 21 15 41 26475.70000 5.79900000 820.87000 104.98000 14.61500 71.90500
11 1 21 15 41 26384.60000 5.79900000 818.47000 104.27000 14.61500 71.13100
11 1 21 15 41 26350.90000 5.79900000 816.74000 104.18000 14.61500 71.13100
11 1 21 15 42 26340.70000 5.77500000 815.94000 104.47000 14.61500 71.91500
11 1 21 15 42 26309.60000 5.77500000 816.22000 104.53000 14.61500 71.58300
11 1 21 15 43 26270.00000 5.77500000 814.31000 103.90000 14.61500 71.58300
11 1 21 15 43 26123.30000 5.77500000 810.99000 103.05000 14.32900 71.06500
11 1 21 15 44 26058.30000 5.71400000 809.21000 103.36000 14.32900 70.74100
11 1 21 15 44 26049.00000 5.69800000 807.78000 102.75000 14.32900 70.42400
11 1 21 15 44 26168.80000 5.69800000 813.79000 104.25000 14.32900 70.77800
11 1 21 15 45 26298.70000 5.69800000 818.77000 104.51000 14.32900 71.15000
11 1 21 15 45 26346.60000 5.78700000 820.00000 104.80000 14.32900 71.82000
11 1 21 15 46 26325.80000 5.78700000 819.09000 104.64000 14.32900 71.89400
11 1 21 15 46 26106.80000 5.78700000 810.78000 103.49000 14.32900 70.87100
11 1 21 15 47 26084.50000 5.78700000 810.00000 103.09000 14.32900 70.65900
11 1 21 15 47 25948.60000 5.71300000 806.83000 102.40000 14.32900 70.01200
11 1 21 15 47 25938.30000 5.71300000 805.93000 102.53000 14.32900 70.13700
11 1 21 15 48 25957.40000 5.71300000 809.24000 102.61000 14.32900 70.45800
11 1 21 15 48 25888.30000 5.75300000 805.24000 102.12000 14.32900 70.62100
11 1 21 15 49 25835.40000 5.70500000 805.00000 102.20000 14.32900 70.62100
11 1 21 15 49 25833.60000 5.70500000 802.20000 101.41000 14.32900 70.62100
11 1 21 15 50 25727.00000 5.70500000 799.81000 101.30000 14.32900 69.92000
11 1 21 15 50 25957.80000 5.70500000 806.45000 102.68000 14.32900 70.50100
11 1 21 15 50 25921.10000 5.70500000 805.77000 103.06000 14.32900 70.46000
11 1 21 15 51 25762.60000 5.71000000 801.01000 102.00000 14.32900 70.46000
11 1 21 15 51 25873.40000 5.71000000 803.37000 102.20000 14.32900 70.29000
11 1 21 15 52 25844.90000 5.71000000 802.35000 102.45000 14.32900 70.50300
11 1 21 15 52 25999.90000 5.71100000 806.85000 103.45000 14.32900 71.28700
11 1 21 15 53 25971.90000 5.71100000 805.85000 103.49000 14.32900 71.12900
11 1 21 15 53 25981.10000 5.71100000 807.06000 103.31000 14.32900 71.12900
11 1 21 15 53 26082.00000 5.76600000 808.85000 103.50000 14.32900 71.39600
11 1 21 15 54 26195.80000 5.76600000 815.66000 104.06000 14.32900 72.00000
11 1 21 15 54 26264.60000 5.76600000 815.00000 104.55000 14.32900 72.00000
11 1 21 15 55 26385.30000 5.76600000 817.90000 104.81000 14.32900 72.71700
11 1 21 15 55 26258.20000 5.78700000 813.79000 104.06000 14.32900 72.45100
11 1 21 15 56 26156.40000 5.78700000 811.02000 103.70000 14.32900 72.45100
11 1 21 15 56 26043.70000 5.73100000 807.61000 102.75000 14.32900 71.31500
11 1 21 15 56 26084.40000 5.73100000 809.30000 103.46000 14.32600 71.18900
11 1 21 15 57 26045.90000 5.73100000 805.77000 103.21000 14.32600 71.18900
11 1 21 15 57 25961.30000 5.71900000 800.68000 102.62000 14.32600 71.18900
11 1 21 15 58 26068.20000 5.66500000 809.08000 103.00000 14.32600 71.60100
11 1 21 15 58 25958.00000 5.66500000 803.30000 102.37000 14.32600 71.60100
11 1 21 15 59 25946.20000 5.66500000 802.24000 102.36000 14.32600 71.60100
11 1 21 15 59 25901.10000 5.66500000 801.53000 102.12000 14.32600 71.55000
11 1 21 15 59 25902.60000 5.66500000 800.26000 102.23000 14.32600 71.26100
11 1 21 16 00 25858.30000 5.66500000 801.00000 102.03000 14.31600 70.93200
11 1 21 16 00 25755.20000 5.65300000 796.71000 101.53000 14.31600 70.68700
11 1 21 16 01 25700.00000 5.60800000 790.02000 100.28000 14.31600 69.74200
11 1 21 16 01 25650.10000 5.61600000 790.28000 100.11000 14.31100 69.61000
11 1 21 16 02 25624.20000 5.61200000 786.91000 99.22000 14.31100 69.19100
11 1 21 16 02 25657.70000 5.61200000 786.84000 100.60000 14.30000 69.62800
11 1 21 16 02 25575.00000 5.54000000 784.01000 99.80000 14.30000 69.64200
11 1 21 16 03 25500.10000 5.53200000 780.55000 98.42000 14.30000 68.55100
11 1 21 16 03 25607.30000 5.52100000 782.69000 99.00000 14.30000 69.33900
11 1 21 16 04 25821.80000 5.55000000 792.47000 100.42000 14.30000 70.08700
11 1 21 16 04 26037.60000 5.63600000 801.69000 101.79000 14.30000 71.06900
11 1 21 16 05 26225.80000 5.68900000 809.57000 103.09000 14.30000 71.67600
11 1 21 16 05 26232.50000 5.69600000 806.89000 102.66000 14.29600 73.35800
11 1 21 16 05 25932.00000 5.63600000 802.44000 101.70000 14.29600 72.29400
11 1 21 16 06 25822.00000 5.66000000 798.15000 101.30000 14.29600 71.69700
11 1 21 16 06 25718.70000 5.60400000 792.59000 100.29000 14.29600 70.59400
11 1 21 16 07 25697.20000 5.58000000 795.05000 100.42000 14.20000 70.55500
11 1 21 16 07 25551.30000 5.58000000 788.58000 99.01000 14.26700 69.45100
11 1 21 16 08 25500.00000 5.52400000 785.96000 99.23000 14.26700 69.28000
11 1 21 16 08 25640.10000 5.52400000 792.76000 101.00000 14.26700 69.65400
11 1 21 16 08 25560.10000 5.52600000 789.92000 100.53000 14.26700 69.30900
11 1 21 16 09 25460.10000 5.52600000 786.86000 99.76000 14.26700 68.66300
11 1 21 16 09 25571.80000 5.56400000 785.95000 99.64000 14.26700 68.12000
11 1 21 16 10 25500.00000 5.51300000 785.51000 99.46000 14.26700 68.85400
11 1 21 16 10 25617.20000 5.51300000 786.84000 100.23000 14.26700 69.43000
11 1 21 16 11 25600.10000 5.51300000 786.11000 100.26000 14.26700 69.17400
11 1 21 16 11 25511.20000 5.51300000 782.58000 99.64000 14.26700 68.87800
11 1 21 16 11 25528.40000 5.53100000 780.00000 99.95000 14.26700 68.70000
11 1 21 16 12 25426.00000 5.50000000 777.81000 99.02000 14.25300 68.69100
11 1 21 16 12 25353.10000 5.49400000 770.00000 98.27000 14.20000 68.24400
11 1 21 16 13 25300.00000 5.45500000 768.31000 97.27000 14.20000 68.12600
11 1 21 16 13 25417.90000 5.41900000 770.00000 97.00000 14.20000 67.63800
11 1 21 16 14 25412.10000 5.41900000 768.47000 96.92000 14.23900 67.73200
11 1 21 16 14 25340.10000 5.47800000 770.66000 98.04000 14.23900 67.80000
11 1 21 16 14 25202.60000 5.44700000 765.24000 96.96000 14.30000 67.46000
11 1 21 16 15 25360.60000 5.44700000 770.68000 97.29000 14.30000 67.67500
11 1 21 16 15 25222.50000 5.45000000 767.90000 97.03000 14.30000 67.82800
11 1 21 16 16 25250.80000 5.45000000 764.75000 96.86000 14.30000 67.87600
11 1 21 16 16 25282.80000 5.45000000 765.92000 96.83000 14.30000 67.96900
11 1 21 16 17 25250.00000 5.45000000 764.63000 96.22000 14.30000 67.96900
11 1 21 16 17 25177.10000 5.38000000 760.60000 96.66000 14.30000 67.96900
11 1 21 16 17 25100.00000 5.37700000 759.00000 95.95000 14.30000 66.70700
11 1 21 16 18 25084.30000 5.33100000 757.11000 95.20000 14.30000 66.25100
11 1 21 16 18 25070.10000 5.30000000 754.01000 94.69000 14.30000 65.68000
11 1 21 16 19 25180.20000 5.31000000 760.00000 95.46000 14.30000 65.19300
11 1 21 16 19 25301.30000 5.31900000 766.87000 96.70000 14.30000 66.36100
11 1 21 16 20 25271.40000 5.31900000 764.95000 96.47000 14.30000 66.38700
11 1 21 16 20 25161.70000 5.36600000 760.56000 96.12000 14.30000 66.68300
11 1 21 16 20 25251.50000 5.39500000 767.44000 97.26000 14.30000 66.65700
11 1 21 16 21 25284.50000 5.42600000 772.88000 98.44000 14.30000 67.44000
11 1 21 16 21 25463.80000 5.45000000 775.00000 98.13000 14.30000 68.09500
