M=[
11 6 21 19 39 30786.40000 47.56100000 1987.59000 136.01000 20.20400 106.24700
11 6 21 19 39 30797.70000 47.56100000 1987.59000 136.01000 20.20300 106.24700
11 6 21 19 40 30797.70000 47.56100000 1987.60000 136.01000 20.20300 106.24700
11 6 21 19 40 30778.50000 47.56100000 1983.50000 135.97000 20.20300 106.24700
11 6 21 19 41 30754.90000 47.56100000 1984.45000 135.97000 20.20300 106.24700
11 6 21 19 41 30806.60000 47.56100000 1987.60000 135.97000 20.11600 106.24700
11 6 21 19 42 30801.90000 47.56100000 1986.29000 135.97000 20.10300 106.24700
11 6 21 19 42 30819.10000 47.56100000 1987.37000 135.97000 20.20300 106.24700
11 6 21 19 42 30821.80000 47.56100000 1987.37000 135.97000 20.20300 106.24700
11 6 21 19 43 30861.60000 47.56100000 1990.34000 136.18000 20.20300 106.24700
11 6 21 19 43 30855.30000 47.56100000 1989.26000 136.29000 20.20300 106.24700
11 6 21 19 44 30825.10000 47.56100000 1986.50000 136.29000 20.20300 106.24700
11 6 21 19 44 30825.00000 47.56100000 1986.00000 136.29000 20.20300 106.24700
11 6 21 19 45 30808.70000 47.56100000 1986.00000 136.29000 20.20300 106.24700
11 6 21 19 45 30820.20000 47.56100000 1986.58000 136.29000 20.20300 106.24700
11 6 21 19 45 30820.20000 47.56100000 1986.00000 136.18000 20.20300 106.24700
11 6 21 19 46 30807.60000 47.44000000 1985.99000 136.18000 20.20300 106.24700
11 6 21 19 46 30788.10000 47.44000000 1984.41000 136.18000 20.20300 106.24700
11 6 21 19 47 30778.40000 47.44000000 1984.41000 135.93000 20.20300 106.24700
11 6 21 19 47 30778.30000 47.44000000 1984.40000 135.93000 20.20300 106.24700
11 6 21 19 48 30769.80000 47.44000000 1984.40000 135.93000 20.20300 106.24700
11 6 21 19 48 30742.20000 47.44000000 1983.42000 135.93000 20.20300 105.93700
11 6 21 19 48 30751.20000 47.44000000 1983.02000 135.93000 20.20300 105.93700
11 6 21 19 49 30737.90000 47.44000000 1980.27000 135.93000 20.20300 105.93700
11 6 21 19 49 30719.30000 47.44000000 1978.64000 135.55000 20.20300 105.93700
11 6 21 19 50 30757.10000 47.44000000 1981.86000 135.78000 20.20300 105.93700
11 6 21 19 50 30749.20000 47.44000000 1980.98000 135.76000 20.20300 105.93700
11 6 21 19 51 30732.40000 47.44000000 1981.62000 135.66000 20.20300 105.93700
11 6 21 19 51 30723.50000 47.44000000 1981.62000 135.66000 20.20300 105.93700
11 6 21 19 51 30723.50000 47.44000000 1979.80000 135.57000 20.20300 105.93700
11 6 21 19 52 30710.80000 47.44000000 1979.80000 135.57000 20.20300 105.93700
11 6 21 19 52 30730.40000 47.30800000 1981.04000 135.68000 20.20300 105.93700
11 6 21 19 53 30730.40000 47.30800000 1980.99000 135.68000 20.20300 105.93700
11 6 21 19 53 30730.50000 47.30800000 1981.85000 135.68000 20.20300 105.93700
11 6 21 19 54 30750.00000 47.30800000 1981.85000 135.68000 20.20300 105.93700
11 6 21 19 54 30750.00000 47.30800000 1982.52000 135.68000 20.20300 105.93700
11 6 21 19 54 30750.00000 47.30800000 1982.52000 135.68000 20.20300 105.93700
11 6 21 19 55 30757.60000 47.30800000 1982.37000 135.80000 20.20300 105.93700
11 6 21 19 55 30762.50000 47.30800000 1982.38000 135.80000 20.20300 105.93700
11 6 21 19 56 30777.10000 47.48000000 1983.92000 135.79000 20.20300 105.93700
11 6 21 19 56 30788.60000 47.48000000 1983.93000 135.79000 20.20300 105.93700
11 6 21 19 57 30791.60000 47.48000000 1983.93000 135.79000 20.20300 105.93700
11 6 21 19 57 30774.20000 47.48000000 1982.42000 135.79000 20.20300 105.93700
11 6 21 19 57 30779.70000 47.48000000 1983.04000 135.68000 20.20300 105.93700
11 6 21 19 58 30794.60000 47.48000000 1983.08000 135.83000 20.20300 105.93700
11 6 21 19 58 30800.00000 47.48000000 1983.08000 135.83000 20.20300 105.93700
11 6 21 19 59 30846.50000 47.48000000 1983.08000 135.83000 20.20300 105.93700
11 6 21 19 59 30836.90000 47.48000000 1984.49000 135.83000 20.20300 105.93700
11 6 21 20 00 30781.50000 47.48000000 1984.10000 135.83000 20.20300 105.93700
11 6 21 20 00 30750.00000 47.48000000 1978.99000 135.51000 20.20300 105.93700
11 6 21 20 00 30755.20000 47.48000000 1977.58000 135.50000 20.20300 105.93700
11 6 21 20 01 30749.70000 47.48000000 1976.49000 135.41000 20.20300 105.93700
11 6 21 20 01 30737.90000 47.48000000 1976.46000 135.20000 20.20300 105.93700
11 6 21 20 02 30744.90000 47.48000000 1976.64000 135.20000 20.20300 105.93700
11 6 21 20 02 30750.00000 47.48000000 1977.45000 135.37000 20.20300 105.93700
11 6 21 20 03 30758.40000 47.48000000 1978.40000 135.59000 20.20300 105.93700
11 6 21 20 03 30769.30000 47.48000000 1977.29000 135.39000 20.20300 105.93700
11 6 21 20 03 30769.90000 47.48000000 1976.94000 135.51000 20.20300 105.93700
11 6 21 20 04 30789.70000 47.48000000 1978.55000 135.51000 20.20300 105.93700
11 6 21 20 04 30803.80000 47.48000000 1978.07000 135.67000 20.20300 105.93700
11 6 21 20 05 30786.70000 47.48000000 1978.07000 135.58000 20.27400 105.93700
11 6 21 20 05 30803.60000 47.48000000 1978.61000 135.58000 20.27400 105.93700
11 6 21 20 06 30810.10000 47.48000000 1978.77000 135.69000 20.27400 105.93700
11 6 21 20 06 30810.10000 47.48000000 1978.10000 135.69000 20.27400 105.93700
11 6 21 20 06 30790.70000 47.48000000 1978.77000 135.69000 20.27400 105.93700
11 6 21 20 07 30790.70000 47.48000000 1977.34000 135.51000 20.27400 105.93700
11 6 21 20 07 30790.70000 47.46700000 1977.23000 135.42000 20.27400 105.93700
11 6 21 20 08 30802.40000 47.50000000 1978.99000 135.42000 20.27400 105.93700
11 6 21 20 08 30809.00000 47.50000000 1978.99000 135.42000 20.27400 105.93700
11 6 21 20 09 30825.00000 47.50000000 1980.00000 135.42000 20.27400 105.93700
11 6 21 20 09 30836.90000 47.50000000 1980.44000 135.42000 20.27400 105.93700
11 6 21 20 09 30848.10000 47.50000000 1981.11000 135.42000 20.27400 105.93700
11 6 21 20 10 30818.50000 47.50000000 1980.00000 135.65000 20.27400 105.93700
11 6 21 20 10 30818.60000 47.50000000 1980.00000 135.63000 20.27400 105.93700
11 6 21 20 11 30816.10000 47.61800000 1979.65000 135.63000 20.27400 105.93700
11 6 21 20 11 30816.00000 47.61800000 1979.33000 135.63000 20.27400 105.93700
11 6 21 20 12 30816.10000 47.61800000 1979.34000 135.60000 20.27400 105.93700
11 6 21 20 12 30832.60000 47.61800000 1980.05000 135.60000 20.27400 105.93700
11 6 21 20 12 30843.10000 47.61800000 1980.05000 135.60000 20.27400 105.93700
11 6 21 20 13 30849.90000 47.61800000 1984.51000 135.84000 20.27400 105.93700
11 6 21 20 13 30850.00000 47.61800000 1987.17000 135.84000 20.27400 105.93700
11 6 21 20 14 30850.00000 47.67100000 1987.70000 135.99000 20.27400 105.93700
11 6 21 20 14 30850.00000 47.67100000 1988.09000 135.99000 20.27400 105.93700
11 6 21 20 15 30850.00000 47.67100000 1986.67000 136.05000 20.27400 105.93700
11 6 21 20 15 30851.40000 47.67100000 1987.85000 136.05000 20.27400 105.93700
11 6 21 20 15 30865.90000 47.83600000 1988.25000 136.18000 20.27400 105.93700
11 6 21 20 16 30865.90000 47.80300000 1989.00000 136.19000 20.27400 105.93700
11 6 21 20 16 30865.80000 47.80300000 1988.38000 136.19000 20.27400 105.93700
11 6 21 20 17 30865.80000 47.65700000 1988.25000 136.19000 20.27400 105.93700
11 6 21 20 17 30843.10000 47.65700000 1985.90000 136.19000 20.27400 105.93700
11 6 21 20 18 30818.30000 47.65700000 1985.90000 136.10000 20.27400 105.93700
11 6 21 20 18 30830.10000 47.65700000 1985.60000 136.11000 20.27400 105.93700
11 6 21 20 18 30828.40000 47.65700000 1985.59000 135.95000 20.27400 105.93700
11 6 21 20 19 30841.60000 47.65700000 1983.86000 135.95000 20.27400 105.93700
11 6 21 20 19 30841.60000 47.65700000 1986.70000 135.95000 20.27400 105.63800
11 6 21 20 20 30841.60000 47.65700000 1986.70000 136.10000 20.25000 105.63800
11 6 21 20 20 30820.00000 47.65700000 1985.09000 136.02000 20.25000 105.63800
11 6 21 20 21 30828.20000 47.65700000 1985.08000 136.02000 20.25000 105.63800
11 6 21 20 21 30818.50000 47.65700000 1985.01000 136.02000 20.25000 105.63800
11 6 21 20 21 30799.00000 47.65700000 1982.61000 135.69000 20.25000 105.63800
11 6 21 20 22 30798.20000 47.43700000 1982.10000 135.69000 20.18200 105.63800
11 6 21 20 22 30777.80000 47.43700000 1980.89000 135.69000 20.18200 105.63800
