M=[
17 1 21 07 03 29167.80000 6.23100000 1000.69000 116.92000 16.52600 85.81800
17 1 21 07 04 29164.20000 6.23100000 1000.29000 116.92000 16.32500 85.81800
17 1 21 07 04 29155.20000 6.23100000 1000.23000 116.92000 16.32500 85.81800
17 1 21 07 05 29140.40000 6.23100000 1000.00000 116.75000 16.32500 85.81800
17 1 21 07 05 29143.90000 6.23100000 1000.00000 116.75000 16.32500 85.81800
17 1 21 07 05 29157.80000 6.23100000 1000.44000 116.75000 16.32500 85.81800
17 1 21 07 06 29168.50000 6.23000000 1001.06000 116.79000 16.36300 85.79200
17 1 21 07 06 29164.90000 6.23000000 1000.76000 116.76000 16.36300 85.79200
17 1 21 07 07 29171.40000 6.23000000 1001.04000 116.78000 16.36300 85.79200
17 1 21 07 07 29197.40000 6.23000000 1000.01000 116.92000 16.36300 85.95500
17 1 21 07 08 29211.70000 6.23000000 1001.11000 116.96000 16.36300 85.95500
17 1 21 07 08 29202.40000 6.23000000 1001.47000 116.96000 16.36300 85.95500
17 1 21 07 08 29243.70000 6.23000000 1002.42000 116.96000 16.36300 85.95500
17 1 21 07 09 29244.90000 6.23000000 1002.54000 117.10000 16.36300 86.02700
17 1 21 07 09 29206.10000 6.25400000 1000.32000 117.10000 16.36300 86.02700
17 1 21 07 10 29172.70000 6.25400000 999.16000 116.80000 16.36300 86.02700
17 1 21 07 10 29196.40000 6.25400000 999.16000 116.80000 16.36300 86.02700
17 1 21 07 11 29225.20000 6.24900000 999.16000 116.80000 16.36300 86.02700
17 1 21 07 11 29268.30000 6.24900000 1003.32000 116.99000 16.36300 86.02700
17 1 21 07 11 29271.00000 6.24900000 1004.11000 116.99000 16.36300 86.02700
17 1 21 07 12 29277.50000 6.24900000 1004.97000 116.99000 16.36300 86.02700
17 1 21 07 12 29282.40000 6.24900000 1005.20000 117.48000 16.36300 86.02700
17 1 21 07 13 29290.80000 6.24900000 1005.20000 117.48000 16.36300 86.02700
17 1 21 07 13 29306.40000 6.24900000 1005.20000 117.44000 16.36300 86.02700
17 1 21 07 14 29325.90000 6.24900000 1008.35000 117.58000 16.36300 86.49000
17 1 21 07 14 29370.80000 6.24900000 1010.54000 117.84000 16.36300 86.49000
17 1 21 07 14 29399.40000 6.25400000 1010.96000 117.85000 16.40300 86.49000
17 1 21 07 15 29377.50000 6.25400000 1010.80000 117.85000 16.40300 86.49000
17 1 21 07 15 29421.20000 6.25400000 1014.00000 117.96000 16.40300 86.59500
17 1 21 07 16 29421.20000 6.25400000 1014.83000 118.37000 16.65800 86.59500
17 1 21 07 16 29437.90000 6.25400000 1015.02000 118.37000 16.65800 86.59500
17 1 21 07 17 29444.40000 6.25400000 1016.01000 118.37000 16.65800 86.59500
17 1 21 07 17 29439.80000 6.25400000 1016.99000 118.37000 16.65800 86.59500
17 1 21 07 17 29439.70000 6.25400000 1016.30000 118.37000 16.65800 86.59500
17 1 21 07 18 29434.80000 6.25400000 1016.61000 118.37000 16.65800 86.59500
17 1 21 07 18 29387.20000 6.25400000 1017.37000 118.15000 16.65800 86.59500
17 1 21 07 19 29394.50000 6.25400000 1016.48000 118.13000 16.65800 86.59500
17 1 21 07 19 29385.80000 6.25400000 1015.35000 117.96000 16.65800 86.59500
17 1 21 07 20 29363.90000 6.25400000 1015.17000 117.96000 16.65800 86.59500
17 1 21 07 20 29370.20000 6.25400000 1015.16000 117.96000 16.65800 86.59500
17 1 21 07 20 29306.60000 6.25400000 1014.02000 117.80000 16.58000 86.59500
17 1 21 07 21 29326.20000 6.25400000 1012.95000 117.71000 16.58000 86.59500
17 1 21 07 21 29315.30000 6.25400000 1012.93000 117.71000 16.58000 86.59500
17 1 21 07 22 29320.00000 6.25400000 1012.62000 117.52000 16.58000 86.59500
17 1 21 07 22 29320.00000 6.25400000 1011.45000 117.52000 16.58000 86.59500
17 1 21 07 23 29271.70000 6.27800000 1010.60000 117.44000 16.58000 86.59500
17 1 21 07 23 29315.80000 6.27800000 1012.56000 117.63000 16.58000 86.59500
17 1 21 07 23 29290.50000 6.27800000 1011.37000 117.56000 16.58000 86.59500
17 1 21 07 24 29301.30000 6.27800000 1010.16000 117.49000 16.58000 86.59500
17 1 21 07 24 29241.80000 6.27800000 1009.13000 117.48000 16.58000 86.59500
17 1 21 07 25 29212.40000 6.27800000 1006.14000 117.39000 16.58000 86.18000
17 1 21 07 25 29199.50000 6.27800000 1006.00000 117.21000 16.58000 86.18000
17 1 21 07 26 29225.80000 6.27800000 1004.57000 117.21000 16.58000 86.18000
17 1 21 07 26 29207.20000 6.27800000 1004.59000 117.19000 16.58000 86.18000
17 1 21 07 26 29192.40000 6.25200000 1002.24000 117.19000 16.58000 86.18000
17 1 21 07 27 29192.30000 6.25200000 1001.16000 117.19000 16.58000 86.18000
17 1 21 07 27 29192.30000 6.25200000 1002.41000 116.79000 16.58000 86.18000
17 1 21 07 28 29192.30000 6.25200000 1001.60000 116.79000 16.58000 85.85500
17 1 21 07 28 29204.50000 6.25200000 1002.40000 116.75000 16.58000 85.85500
17 1 21 07 29 29200.10000 6.25200000 1003.06000 116.75000 16.58000 85.85500
17 1 21 07 29 29200.10000 6.25200000 1002.03000 116.75000 16.58000 85.85500
17 1 21 07 29 29231.80000 6.25200000 1002.34000 116.96000 16.58000 85.85500
17 1 21 07 30 29235.40000 6.25200000 1002.74000 116.83000 16.58000 86.04900
17 1 21 07 30 29187.20000 6.25200000 1001.01000 116.82000 16.58000 86.04900
17 1 21 07 31 29124.60000 6.25200000 1000.01000 116.82000 16.58000 86.04900
17 1 21 07 31 29057.00000 6.22800000 997.90000 116.44000 16.37600 86.04900
17 1 21 07 32 28970.10000 6.21600000 991.00000 116.22000 16.37600 85.23100
17 1 21 07 32 28926.90000 6.20000000 986.94000 115.84000 16.37600 84.81700
17 1 21 07 32 28970.20000 6.20000000 987.24000 115.91000 16.37600 84.81700
17 1 21 07 33 28913.20000 6.19400000 982.88000 115.08000 16.37600 84.81700
17 1 21 07 33 28898.30000 6.19400000 983.62000 115.37000 16.37600 84.99300
17 1 21 07 34 28821.00000 6.17800000 982.93000 115.23000 16.37600 84.75000
17 1 21 07 34 28844.00000 6.17500000 984.99000 115.00000 16.27100 84.61400
17 1 21 07 35 28833.70000 6.17500000 985.40000 115.53000 16.27100 84.61400
17 1 21 07 35 28934.20000 6.17500000 990.64000 116.01000 16.26900 85.38000
17 1 21 07 35 28933.70000 6.17500000 990.07000 115.69000 16.36400 85.62000
17 1 21 07 36 28856.50000 6.17500000 987.11000 115.49000 16.36400 85.62000
17 1 21 07 36 28856.50000 6.17500000 987.83000 115.64000 16.36400 85.62000
17 1 21 07 37 28894.80000 6.17500000 986.30000 115.67000 16.36400 85.62000
17 1 21 07 37 28834.10000 6.17500000 982.42000 115.21000 16.36400 85.00000
17 1 21 07 38 28799.20000 6.15000000 981.41000 115.17000 16.36400 84.61300
17 1 21 07 38 28820.00000 6.15000000 984.49000 115.57000 16.36400 84.61300
17 1 21 07 38 28862.10000 6.15000000 984.54000 115.60000 16.26900 84.61300
17 1 21 07 39 28871.30000 6.15000000 984.94000 115.46000 16.26900 84.61300
17 1 21 07 39 28854.80000 6.15000000 982.80000 115.20000 16.26900 84.61300
17 1 21 07 40 28838.10000 6.15000000 983.86000 115.07000 16.26900 84.61300
17 1 21 07 40 28816.20000 6.15000000 982.92000 115.07000 16.26900 84.61200
17 1 21 07 41 28848.80000 6.15000000 983.97000 115.21000 16.26900 84.71000
17 1 21 07 41 28895.10000 6.15000000 984.99000 115.55000 16.26900 84.71000
17 1 21 07 41 28893.40000 6.15000000 985.06000 115.55000 16.26900 85.07700
17 1 21 07 42 28891.50000 6.15000000 985.46000 115.50000 16.26900 84.82300
17 1 21 07 42 28870.90000 6.15000000 984.67000 115.50000 16.26900 84.82300
17 1 21 07 43 28867.10000 6.15000000 983.51000 115.50000 16.26900 84.82300
17 1 21 07 43 28838.80000 6.15000000 982.01000 115.50000 16.26900 84.83800
17 1 21 07 44 28847.20000 6.15000000 981.25000 115.25000 16.26900 84.83800
17 1 21 07 44 28859.00000 6.15000000 981.58000 115.31000 16.23000 84.83800
17 1 21 07 44 28878.70000 6.15000000 982.31000 115.27000 16.21200 84.84200
17 1 21 07 45 28801.10000 6.16900000 977.99000 114.83000 16.21200 84.84200
17 1 21 07 45 28739.40000 6.15600000 976.38000 114.68000 16.21400 84.84200
17 1 21 07 46 28753.40000 6.12200000 977.15000 114.85000 16.21400 84.27200
17 1 21 07 46 28737.80000 6.12200000 975.00000 114.61000 16.21400 84.27200
17 1 21 07 47 28710.00000 6.15000000 975.32000 114.67000 16.21400 84.25300
17 1 21 07 47 28700.20000 6.14500000 974.66000 114.79000 16.21400 84.25300
17 1 21 07 47 28702.10000 6.14500000 974.79000 114.86000 16.21400 84.25300
17 1 21 07 48 28828.50000 6.11200000 978.62000 115.44000 16.21400 84.25300
