M=[
13 5 21 12 03 41128.60000 72.46700000 3085.29000 260.89000 32.59100 244.91900
13 5 21 12 04 41221.40000 72.30200000 3089.98000 260.85000 32.59100 244.91900
13 5 21 12 04 41232.90000 72.72800000 3092.77000 261.38000 33.02000 246.38000
13 5 21 12 05 41158.70000 72.54600000 3084.11000 261.24000 33.02000 246.38000
13 5 21 12 05 41100.10000 72.41200000 3075.86000 260.29000 33.02000 244.83000
13 5 21 12 05 41132.80000 72.06600000 3079.21000 260.16000 33.02000 244.50600
13 5 21 12 06 41132.80000 72.06600000 3080.00000 260.58000 33.02000 245.02600
13 5 21 12 06 41216.60000 72.19800000 3085.97000 261.08000 33.02000 245.02600
13 5 21 12 07 41221.60000 72.19800000 3082.52000 261.12000 33.02000 245.34200
13 5 21 12 07 41232.80000 72.29900000 3081.85000 261.67000 33.02000 245.34200
13 5 21 12 08 41200.90000 72.32400000 3077.55000 261.26000 33.02000 245.28500
13 5 21 12 08 41219.00000 72.54100000 3077.58000 261.57000 33.02000 245.28500
13 5 21 12 08 41235.00000 72.45900000 3074.58000 261.49000 33.02000 245.28500
13 5 21 12 09 41323.50000 72.45900000 3081.85000 262.14000 33.02000 245.28500
13 5 21 12 09 41364.70000 72.82900000 3081.73000 262.45000 33.02000 246.48000
13 5 21 12 10 41338.10000 72.70100000 3085.48000 262.44000 33.02000 247.85200
13 5 21 12 10 41338.20000 72.84600000 3084.41000 262.60000 33.02000 247.85200
13 5 21 12 11 41338.20000 72.84600000 3081.03000 262.83000 33.02000 247.85200
13 5 21 12 11 41407.40000 72.90100000 3082.82000 263.00000 33.02000 248.12500
13 5 21 12 11 41485.00000 72.79300000 3090.16000 263.42000 33.02000 249.30100
13 5 21 12 12 41485.10000 72.84300000 3097.46000 263.74000 33.02000 250.00000
13 5 21 12 12 41559.90000 73.08100000 3108.03000 264.11000 33.02000 251.70000
13 5 21 12 13 41612.60000 73.27300000 3108.36000 264.23000 33.02000 252.04600
13 5 21 12 13 41546.80000 73.00000000 3108.76000 264.09000 33.20000 252.12600
13 5 21 12 14 41548.80000 73.23900000 3110.00000 263.52000 33.20000 252.12600
13 5 21 12 14 41544.00000 73.19300000 3114.99000 263.90000 33.30600 252.53000
13 5 21 12 15 41500.10000 73.21100000 3116.11000 263.99000 33.30600 252.03300
13 5 21 12 15 41548.60000 73.30600000 3127.12000 263.89000 33.30600 253.03300
13 5 21 12 15 41544.10000 73.42200000 3126.13000 263.88000 33.01200 253.03300
13 5 21 12 16 41500.10000 73.44300000 3127.29000 263.90000 33.01200 253.03300
13 5 21 12 16 41500.10000 73.32000000 3127.97000 264.35000 33.01200 253.03300
13 5 21 12 17 41501.00000 73.49400000 3130.00000 264.82000 33.01200 253.31100
13 5 21 12 17 41499.90000 73.49800000 3130.00000 264.51000 33.01200 253.31100
13 5 21 12 18 41529.00000 73.62900000 3138.22000 265.13000 33.01200 254.19900
13 5 21 12 18 41631.30000 73.62900000 3143.70000 265.38000 33.01200 254.20100
13 5 21 12 18 41621.00000 73.80100000 3148.00000 265.39000 33.01200 255.84600
13 5 21 12 19 41660.40000 73.80700000 3149.03000 265.39000 33.01200 255.66400
13 5 21 12 19 41619.30000 74.00500000 3153.06000 265.20000 33.01200 255.66400
13 5 21 12 20 41660.40000 73.83300000 3155.64000 265.22000 33.01200 255.66400
13 5 21 12 20 41659.40000 74.03500000 3157.67000 265.20000 33.01200 256.28000
13 5 21 12 21 41747.70000 74.03500000 3164.79000 266.01000 33.01200 256.97400
13 5 21 12 21 41761.30000 74.37700000 3166.98000 266.16000 33.01200 257.66500
13 5 21 12 21 41738.40000 74.55600000 3164.15000 265.83000 33.01200 256.71200
13 5 21 12 22 41727.20000 74.45100000 3169.06000 265.74000 33.01200 256.71200
13 5 21 12 22 41714.80000 74.37700000 3171.59000 265.92000 33.01200 256.71200
13 5 21 12 23 41668.20000 74.10900000 3165.88000 265.21000 33.01200 256.71200
13 5 21 12 23 41668.90000 74.40800000 3172.31000 265.39000 33.01200 256.71200
13 5 21 12 24 41667.20000 74.40700000 3173.12000 265.59000 33.01200 256.88600
13 5 21 12 24 41687.70000 74.04700000 3171.05000 265.42000 33.01200 256.88600
13 5 21 12 24 41722.40000 74.62300000 3173.53000 265.86000 33.01200 256.88600
13 5 21 12 25 41650.10000 74.60000000 3169.54000 265.19000 33.10500 256.88600
13 5 21 12 25 41679.10000 74.32100000 3165.00000 265.19000 33.10500 256.88600
13 5 21 12 26 41679.00000 74.40000000 3166.73000 265.55000 33.10500 256.21000
13 5 21 12 26 41692.80000 74.27500000 3168.55000 265.72000 33.10500 256.58400
13 5 21 12 27 41690.20000 74.30800000 3168.54000 265.44000 33.10500 256.58400
13 5 21 12 27 41669.10000 74.27500000 3167.90000 265.21000 33.10500 257.47000
13 5 21 12 28 41639.00000 74.12100000 3163.83000 264.89000 33.10500 257.47000
13 5 21 12 28 41636.30000 74.13000000 3167.95000 264.89000 33.10500 257.47000
13 5 21 12 28 41669.00000 74.36900000 3172.57000 265.51000 33.10500 257.47000
13 5 21 12 29 41681.90000 74.31500000 3177.21000 265.61000 33.10500 257.47000
13 5 21 12 29 41719.80000 74.56200000 3177.62000 266.00000 33.10500 257.47000
13 5 21 12 30 41676.00000 74.41600000 3173.00000 265.91000 33.10500 257.11100
13 5 21 12 30 41640.60000 74.49900000 3168.55000 265.44000 33.10500 257.29300
13 5 21 12 31 41620.10000 74.26900000 3164.49000 265.42000 33.10500 257.29300
13 5 21 12 31 41664.80000 74.50000000 3171.30000 265.65000 33.10500 257.29300
13 5 21 12 31 41623.40000 74.50000000 3168.40000 265.30000 33.10500 257.29300
13 5 21 12 32 41610.10000 74.46100000 3164.09000 265.12000 32.81800 257.41200
13 5 21 12 32 41612.60000 74.46100000 3164.64000 265.20000 32.81800 257.44500
13 5 21 12 33 41612.70000 74.46100000 3162.82000 265.28000 32.81800 257.44500
13 5 21 12 33 41612.70000 74.12700000 3158.01000 265.42000 32.81800 257.44500
13 5 21 12 34 41579.70000 74.00000000 3152.01000 264.88000 32.81800 257.37500
13 5 21 12 34 41654.90000 74.00000000 3158.11000 265.43000 32.81800 257.54000
13 5 21 12 34 41655.50000 74.08300000 3164.09000 265.75000 32.81800 257.54000
13 5 21 12 35 41625.20000 74.08300000 3159.82000 266.05000 33.07900 257.54000
13 5 21 12 35 41603.80000 74.08300000 3151.00000 266.10000 33.07900 257.54000
13 5 21 12 36 41565.00000 73.76200000 3146.24000 265.41000 33.07900 256.40700
13 5 21 12 36 41613.00000 73.91300000 3151.46000 265.83000 33.07900 256.40700
13 5 21 12 37 41605.40000 73.91300000 3149.94000 265.83000 33.07900 256.40700
13 5 21 12 37 41588.70000 74.02200000 3145.60000 265.46000 33.07900 256.42000
13 5 21 12 37 41537.10000 73.85300000 3130.92000 264.40000 33.07900 254.66600
13 5 21 12 38 41544.50000 73.76400000 3129.39000 264.57000 32.66100 254.66800
13 5 21 12 38 41500.10000 73.62900000 3122.37000 263.90000 32.66100 253.39700
13 5 21 12 39 41480.00000 73.37800000 3119.28000 263.72000 32.66100 253.60100
13 5 21 12 39 41486.10000 73.51100000 3119.46000 263.82000 32.66100 253.60100
13 5 21 12 40 41468.80000 73.41600000 3120.00000 263.69000 32.66100 254.92200
13 5 21 12 40 41424.30000 73.97200000 3126.51000 264.29000 32.66100 256.45100
13 5 21 12 40 41460.50000 73.75900000 3127.63000 264.58000 32.66100 256.45100
13 5 21 12 41 41461.60000 73.75900000 3131.00000 264.64000 32.66100 257.88000
13 5 21 12 41 41521.30000 74.04500000 3138.77000 265.00000 32.66100 257.88000
13 5 21 12 42 41516.40000 74.20300000 3137.03000 265.48000 32.66100 258.10000
13 5 21 12 42 41519.60000 74.20300000 3140.27000 265.09000 33.15900 258.10000
13 5 21 12 43 41510.10000 74.06600000 3140.15000 265.09000 33.15900 258.10000
13 5 21 12 43 41526.60000 73.81800000 3139.79000 264.52000 33.15900 258.10000
13 5 21 12 44 41489.60000 73.92400000 3137.42000 264.56000 33.15900 258.49900
13 5 21 12 44 41538.50000 73.93700000 3141.50000 264.57000 33.15900 258.49900
13 5 21 12 44 41512.20000 73.99100000 3141.48000 264.30000 33.15900 258.94400
13 5 21 12 45 41624.30000 73.80700000 3153.32000 264.41000 33.15900 258.94400
13 5 21 12 45 41675.50000 74.00000000 3157.90000 265.63000 33.15900 259.00200
13 5 21 12 46 41687.90000 74.42400000 3163.38000 265.77000 33.15900 260.22300
13 5 21 12 46 41651.30000 74.42400000 3163.24000 265.88000 33.15900 260.34900
13 5 21 12 47 41639.20000 74.24200000 3156.36000 265.85000 33.12600 260.34900
13 5 21 12 47 41639.20000 74.05700000 3160.87000 265.70000 33.12600 259.16200
