M=[
18 11 20 07 15 14995.00000 4.80100000 399.21000 61.24000 13.40000 52.86900
18 11 20 07 16 14998.90000 4.80100000 399.49000 61.33000 13.40000 52.86900
18 11 20 07 16 14997.20000 4.79900000 399.37000 61.33000 13.40000 52.86900
18 11 20 07 17 14992.30000 4.79900000 398.88000 61.25000 13.40000 53.02200
18 11 20 07 17 14982.10000 4.79900000 398.87000 61.24000 13.40000 53.02200
18 11 20 07 17 15000.00000 4.79900000 398.88000 61.25000 13.40000 53.02200
18 11 20 07 18 15000.00000 4.79900000 399.23000 61.33000 13.70900 53.02200
18 11 20 07 18 15005.00000 4.79900000 399.34000 61.29000 13.69700 53.02200
18 11 20 07 19 15005.00000 4.79900000 399.49000 61.30000 13.69700 53.02200
18 11 20 07 19 15012.80000 4.79900000 399.31000 61.24000 13.69700 53.02200
18 11 20 07 20 15007.30000 4.79900000 399.34000 61.22000 13.69700 53.01500
18 11 20 07 20 15005.10000 4.79900000 399.02000 61.20000 13.69700 53.01500
18 11 20 07 20 15005.00000 4.77700000 398.76000 61.25000 13.64800 53.01500
18 11 20 07 21 15005.10000 4.77700000 398.67000 61.26000 13.64800 53.01500
18 11 20 07 21 15005.10000 4.77700000 398.82000 61.34000 13.64800 53.01500
18 11 20 07 22 15005.10000 4.77700000 398.71000 61.27000 13.64800 53.01500
18 11 20 07 22 15005.00000 4.77700000 398.82000 61.29000 13.64800 53.01500
18 11 20 07 23 15005.10000 4.80100000 398.60000 61.29000 13.64800 53.01500
18 11 20 07 23 15005.10000 4.80100000 398.52000 61.34000 13.64800 53.01500
18 11 20 07 23 15000.00000 4.80100000 398.01000 61.34000 13.64800 53.01500
18 11 20 07 24 14982.00000 4.80100000 397.62000 61.27000 13.64800 53.01500
18 11 20 07 24 14978.20000 4.80100000 397.35000 61.27000 13.64800 53.01500
18 11 20 07 25 14975.00000 4.80100000 397.26000 61.19000 13.64800 53.01500
18 11 20 07 25 14982.70000 4.75300000 397.46000 61.18000 13.64800 53.01500
18 11 20 07 26 14986.40000 4.75300000 397.56000 61.19000 13.64800 53.01500
18 11 20 07 26 14977.50000 4.75300000 396.92000 61.15000 13.64800 53.01500
18 11 20 07 26 14977.40000 4.75300000 397.17000 61.12000 13.64800 53.01500
18 11 20 07 27 14961.10000 4.75300000 396.59000 61.09000 13.64800 53.01500
18 11 20 07 27 14961.10000 4.75300000 396.81000 61.05000 13.64800 53.01500
18 11 20 07 28 14959.00000 4.75300000 396.81000 61.02000 13.64800 53.01500
18 11 20 07 28 14959.00000 4.75300000 396.50000 61.02000 13.64800 53.01500
18 11 20 07 29 14962.80000 4.75200000 396.70000 61.02000 13.64800 53.01500
18 11 20 07 29 14959.80000 4.75200000 396.55000 61.03000 13.64800 52.91100
18 11 20 07 29 14959.00000 4.75200000 396.59000 61.00000 13.64800 52.91100
18 11 20 07 30 14958.70000 4.76500000 396.72000 60.98000 13.64800 52.91100
18 11 20 07 30 14960.80000 4.77700000 397.59000 61.06000 13.64800 52.91100
18 11 20 07 31 14973.90000 4.77700000 397.65000 61.06000 13.64800 52.91100
18 11 20 07 31 14982.50000 4.77700000 398.22000 61.17000 13.64800 52.91100
18 11 20 07 32 14987.50000 4.79900000 398.42000 61.17000 13.64800 52.99500
18 11 20 07 32 14993.70000 4.79900000 398.34000 61.16000 13.56700 52.99500
18 11 20 07 32 14997.10000 4.79900000 398.25000 61.16000 13.56700 52.99500
18 11 20 07 33 14997.00000 4.79900000 398.25000 61.22000 13.56700 52.99500
18 11 20 07 33 14997.10000 4.79900000 398.70000 61.31000 13.56700 52.99500
18 11 20 07 34 14999.90000 4.76100000 398.54000 61.18000 13.56700 52.99500
18 11 20 07 34 15000.00000 4.77000000 398.69000 61.26000 13.56700 52.99500
18 11 20 07 35 15000.80000 4.77000000 398.80000 61.26000 13.56700 52.99500
18 11 20 07 35 15005.00000 4.77000000 398.95000 61.26000 13.56700 52.99500
18 11 20 07 35 15007.70000 4.77000000 398.95000 61.26000 13.56700 52.99500
18 11 20 07 36 15009.50000 4.77000000 398.75000 61.32000 13.56700 52.99500
18 11 20 07 36 14997.10000 4.77000000 398.74000 61.25000 13.56700 52.99500
18 11 20 07 37 14995.10000 4.75400000 398.21000 61.20000 13.56700 52.99500
18 11 20 07 37 14995.10000 4.75400000 398.20000 61.26000 13.56700 52.99500
18 11 20 07 38 14995.10000 4.76600000 398.21000 61.31000 13.56700 52.99500
18 11 20 07 38 14995.30000 4.76600000 398.37000 61.28000 13.56700 52.99500
18 11 20 07 38 14995.30000 4.76600000 398.20000 61.28000 13.56700 52.99500
18 11 20 07 39 14986.20000 4.76600000 398.22000 61.28000 13.56700 52.99500
18 11 20 07 39 14986.50000 4.76600000 398.22000 61.28000 13.56700 52.99500
18 11 20 07 40 14983.30000 4.76600000 398.21000 61.28000 13.56700 52.99500
18 11 20 07 40 14983.30000 4.76600000 398.20000 61.28000 13.56700 52.99500
18 11 20 07 41 14987.60000 4.76600000 398.20000 61.28000 13.56700 52.99500
18 11 20 07 41 14988.10000 4.76600000 398.20000 61.28000 13.56700 53.10300
18 11 20 07 41 14994.90000 4.76600000 398.52000 61.34000 13.56700 53.10300
18 11 20 07 42 14989.50000 4.76600000 398.23000 61.34000 13.56700 53.10300
18 11 20 07 42 14989.10000 4.76600000 398.23000 61.34000 13.56700 53.02900
18 11 20 07 43 14989.10000 4.75400000 397.84000 61.31000 13.56700 53.02900
18 11 20 07 43 14989.10000 4.75400000 397.91000 61.29000 13.56700 53.02900
18 11 20 07 44 14988.50000 4.75400000 398.24000 61.31000 13.56700 53.02900
18 11 20 07 44 14988.80000 4.75400000 398.07000 61.25000 13.56700 53.02900
18 11 20 07 44 14992.50000 4.75400000 398.06000 61.27000 13.56700 52.96700
18 11 20 07 45 14994.90000 4.75400000 398.11000 61.27000 13.56700 52.96700
18 11 20 07 45 15010.00000 4.75400000 398.25000 61.27000 13.56700 52.96700
18 11 20 07 46 15015.00000 4.75000000 398.52000 61.33000 13.56700 52.96700
18 11 20 07 46 15015.00000 4.75000000 398.65000 61.34000 13.56700 53.06200
18 11 20 07 47 15015.00000 4.75000000 398.66000 61.42000 13.70800 53.06200
18 11 20 07 47 15034.20000 4.75000000 398.99000 61.42000 13.70800 53.06200
18 11 20 07 47 15034.90000 4.75000000 398.88000 61.42000 13.70800 53.06200
18 11 20 07 48 15035.00000 4.75000000 398.88000 61.50000 13.70800 53.06200
18 11 20 07 48 15044.80000 4.75000000 398.87000 61.51000 13.70800 53.06200
18 11 20 07 49 15058.90000 4.74400000 399.00000 61.60000 13.70800 53.06200
18 11 20 07 49 15088.90000 4.75000000 399.64000 61.65000 13.70800 53.06200
18 11 20 07 50 15094.90000 4.75000000 399.77000 61.65000 13.74500 53.06200
18 11 20 07 50 15097.50000 4.75000000 399.77000 61.65000 13.74500 53.06200
18 11 20 07 50 15089.90000 4.75000000 399.12000 61.59000 13.74500 53.06200
18 11 20 07 51 15098.20000 4.75000000 399.22000 61.59000 13.74500 53.06200
18 11 20 07 51 15095.30000 4.75000000 399.33000 61.59000 13.74500 53.06200
18 11 20 07 52 15095.20000 4.75000000 399.46000 61.64000 13.74500 53.06200
18 11 20 07 52 15099.40000 4.75000000 399.85000 61.64000 13.74500 53.06200
18 11 20 07 53 15129.90000 4.75000000 399.98000 61.74000 13.74500 53.06200
18 11 20 07 53 15123.10000 4.75000000 399.99000 61.63000 13.74500 53.06200
18 11 20 07 53 15121.80000 4.75000000 400.00000 61.69000 13.74500 53.06200
18 11 20 07 54 15123.70000 4.75000000 399.99000 61.73000 13.74500 53.06200
18 11 20 07 54 15125.00000 4.75000000 400.45000 61.76000 13.74500 53.06200
18 11 20 07 55 15142.10000 4.75000000 400.57000 61.84000 13.74800 53.06200
18 11 20 07 55 15144.00000 4.81200000 400.86000 61.86000 13.74800 53.06200
18 11 20 07 55 15140.10000 4.81200000 400.66000 61.78000 13.74800 53.06200
18 11 20 07 56 15149.60000 4.81200000 400.01000 61.72000 13.74800 53.06200
18 11 20 07 56 15150.10000 4.81200000 400.02000 61.72000 13.74800 53.06200
18 11 20 07 57 15161.70000 4.81200000 400.28000 61.76000 13.74800 53.06200
18 11 20 07 57 15161.80000 4.81200000 400.49000 61.76000 13.74800 53.06200
18 11 20 07 58 15161.90000 4.79000000 400.62000 61.72000 13.74800 53.06200
18 11 20 07 58 15178.00000 4.79000000 401.69000 61.77000 13.74800 53.40800
18 11 20 07 58 15232.00000 4.79000000 402.17000 61.89000 13.74800 53.43900
18 11 20 07 59 15227.00000 4.79000000 402.10000 61.85000 13.74800 53.30000
18 11 20 07 59 15219.50000 4.79000000 401.79000 61.86000 13.74800 53.24000
18 11 20 08 00 15209.40000 4.79000000 401.69000 61.86000 13.74800 53.30000
18 11 20 08 00 15209.40000 4.79100000 401.76000 61.80000 13.74800 53.30000
