M=[
24 3 21 04 26 45881.30000 10.39800000 1419.17000 161.79000 31.05000 116.84300
24 3 21 04 27 45889.30000 10.39800000 1418.60000 161.92000 31.36600 116.84300
24 3 21 04 27 45940.30000 10.39800000 1420.37000 162.23000 31.36600 116.84300
24 3 21 04 28 45944.40000 10.39800000 1421.13000 162.23000 31.36600 116.84300
24 3 21 04 28 45956.60000 10.39800000 1421.13000 162.47000 31.36600 116.84300
24 3 21 04 29 45977.80000 10.39800000 1421.13000 162.47000 31.36600 116.84300
24 3 21 04 29 45925.50000 10.39800000 1421.14000 162.47000 31.36600 116.84300
24 3 21 04 29 45950.00000 10.39800000 1421.55000 162.47000 31.36600 116.84300
24 3 21 04 30 45959.50000 10.39800000 1422.49000 162.47000 31.06400 116.84300
24 3 21 04 30 45989.40000 10.39800000 1423.20000 162.76000 31.06400 116.58500
24 3 21 04 31 46027.60000 10.39800000 1423.20000 163.00000 31.06400 116.58500
24 3 21 04 31 46043.50000 10.39800000 1423.20000 163.23000 31.06400 116.58500
24 3 21 04 32 46049.10000 10.39800000 1423.20000 163.33000 31.06400 116.58500
24 3 21 04 32 46075.50000 10.39800000 1425.77000 163.25000 31.06400 116.58500
24 3 21 04 32 46043.30000 10.39800000 1425.77000 163.27000 31.06400 116.58500
24 3 21 04 33 46072.00000 10.39800000 1425.77000 163.33000 31.06400 116.58500
24 3 21 04 33 46085.50000 10.39800000 1426.00000 163.33000 31.06400 116.58500
24 3 21 04 34 46017.20000 10.39800000 1426.19000 163.33000 31.06400 116.58500
24 3 21 04 34 46011.60000 10.39800000 1426.19000 163.33000 31.06400 116.58500
24 3 21 04 35 46011.50000 10.39800000 1426.19000 163.09000 31.06400 116.58500
24 3 21 04 35 45978.50000 10.39800000 1424.73000 163.09000 31.06400 116.58500
24 3 21 04 35 45978.90000 10.39800000 1424.73000 163.09000 31.06400 116.58500
24 3 21 04 36 45934.90000 10.39800000 1424.50000 163.09000 31.06400 116.58500
24 3 21 04 36 45907.50000 10.39800000 1422.86000 162.60000 31.06400 116.58500
24 3 21 04 37 45917.40000 10.39800000 1422.86000 162.60000 31.06400 116.58500
24 3 21 04 37 45928.80000 10.39800000 1422.25000 162.56000 31.06400 116.58500
24 3 21 04 38 45892.60000 10.39800000 1422.24000 162.56000 31.06400 116.58500
24 3 21 04 38 45901.60000 10.39800000 1422.24000 162.56000 31.06400 116.58500
24 3 21 04 38 45935.90000 10.39800000 1421.64000 162.56000 31.06400 116.58500
24 3 21 04 39 45899.40000 10.39800000 1421.64000 162.56000 31.06400 116.58500
24 3 21 04 39 45898.10000 10.39800000 1421.64000 162.37000 31.06400 116.58500
24 3 21 04 40 45893.90000 10.39800000 1421.64000 162.37000 31.24600 116.58500
24 3 21 04 40 45906.90000 10.39800000 1421.84000 162.37000 31.24600 116.58500
24 3 21 04 41 45896.00000 10.39800000 1421.91000 162.56000 31.68000 116.58500
24 3 21 04 41 45922.30000 10.39800000 1421.91000 162.56000 31.68000 116.58500
24 3 21 04 41 45955.80000 10.39800000 1423.13000 162.56000 31.68000 116.58500
24 3 21 04 42 45915.30000 10.39800000 1423.13000 162.56000 31.68000 116.58500
24 3 21 04 42 45909.80000 10.39800000 1420.97000 162.56000 31.68000 116.58500
24 3 21 04 43 45921.00000 10.39800000 1421.26000 162.56000 31.68000 116.58500
24 3 21 04 43 45922.10000 10.39800000 1421.32000 162.56000 31.68000 116.58500
24 3 21 04 44 45886.60000 10.39800000 1421.32000 162.45000 31.68000 116.58500
24 3 21 04 44 45870.40000 10.39800000 1420.52000 162.33000 31.68000 116.58500
24 3 21 04 44 45883.10000 10.39800000 1420.93000 162.33000 31.68000 116.58500
24 3 21 04 45 45859.50000 10.39800000 1420.93000 162.33000 31.68000 116.58500
24 3 21 04 45 45819.30000 10.39800000 1420.93000 162.33000 31.68000 116.58500
24 3 21 04 46 45831.90000 10.39800000 1420.93000 162.23000 31.68000 116.58500
24 3 21 04 46 45824.20000 10.39800000 1420.04000 162.23000 31.06400 116.58500
24 3 21 04 47 45861.00000 10.39800000 1420.59000 162.23000 31.36700 116.58500
24 3 21 04 47 45850.40000 10.39800000 1420.33000 162.23000 31.36600 116.58500
24 3 21 04 47 45852.80000 10.39800000 1420.29000 162.23000 31.36600 116.58500
24 3 21 04 48 45927.30000 10.39800000 1421.62000 162.23000 31.36600 116.58500
24 3 21 04 48 45913.60000 10.39800000 1421.62000 162.23000 31.36600 116.58500
24 3 21 04 49 45889.50000 10.39800000 1421.62000 162.23000 31.36600 116.58500
24 3 21 04 49 45857.90000 10.39800000 1420.82000 162.22000 31.36600 116.58500
24 3 21 04 50 45853.30000 10.39800000 1421.14000 162.22000 31.36600 116.58500
24 3 21 04 50 45838.00000 10.39800000 1420.41000 162.16000 31.36600 116.58500
24 3 21 04 50 45807.30000 10.39800000 1420.00000 162.16000 31.36600 116.58500
24 3 21 04 51 45807.20000 10.39800000 1420.00000 162.16000 31.36600 116.58500
24 3 21 04 51 45791.70000 10.39800000 1417.99000 162.16000 31.36600 116.58500
24 3 21 04 52 45759.00000 10.39800000 1417.97000 161.84000 30.68800 116.58500
24 3 21 04 52 45750.10000 10.39800000 1417.97000 161.79000 30.68800 116.58500
24 3 21 04 53 45755.00000 10.39800000 1417.97000 161.79000 30.68800 116.58500
24 3 21 04 53 45781.30000 10.39800000 1420.12000 162.14000 30.68800 116.58500
24 3 21 04 53 45762.40000 10.37100000 1420.12000 162.14000 30.68800 116.58500
24 3 21 04 54 45753.00000 10.37100000 1418.73000 162.14000 30.68800 116.58500
24 3 21 04 54 45750.30000 10.37100000 1419.27000 162.14000 31.28000 116.58500
24 3 21 04 55 45750.40000 10.37100000 1419.27000 162.14000 31.28000 116.58500
24 3 21 04 55 45755.50000 10.37100000 1419.27000 162.14000 31.28000 116.58500
24 3 21 04 56 45754.50000 10.32900000 1418.77000 161.72000 31.28000 116.58500
24 3 21 04 56 45709.00000 10.30000000 1418.83000 161.65000 31.28000 116.58500
24 3 21 04 56 45687.30000 10.29300000 1417.99000 161.53000 31.28000 116.58500
24 3 21 04 57 45707.40000 10.29300000 1417.12000 161.54000 31.28000 116.58500
24 3 21 04 57 45745.60000 10.29300000 1417.12000 161.53000 31.28000 116.58500
24 3 21 04 58 45752.20000 10.29300000 1417.12000 161.53000 31.28000 116.58500
24 3 21 04 58 45761.90000 10.29300000 1417.47000 161.41000 31.28000 116.58500
24 3 21 04 59 45768.00000 10.29300000 1419.07000 161.41000 31.28000 116.58500
24 3 21 04 59 45747.50000 10.29300000 1418.07000 161.41000 31.28000 116.58500
24 3 21 04 59 45767.30000 10.29300000 1417.94000 161.41000 31.28000 116.58500
24 3 21 05 00 45697.70000 10.31400000 1416.81000 161.32000 31.28000 116.58500
24 3 21 05 00 45691.20000 10.31400000 1416.32000 161.32000 31.28000 116.58500
24 3 21 05 01 45695.80000 10.31400000 1416.20000 161.28000 31.28000 116.58500
24 3 21 05 01 45632.40000 10.31400000 1415.89000 161.28000 31.28000 116.58500
24 3 21 05 02 45627.90000 10.31400000 1414.05000 161.28000 31.28000 116.58500
24 3 21 05 02 45600.10000 10.31400000 1414.19000 161.28000 31.28000 116.58500
24 3 21 05 02 45602.10000 10.28600000 1414.01000 160.91000 31.30500 115.11400
24 3 21 05 03 45593.70000 10.28600000 1414.00000 160.88000 31.30500 115.11400
24 3 21 05 03 45635.60000 10.28600000 1414.39000 161.15000 31.30500 115.11400
24 3 21 05 04 45596.90000 10.28600000 1414.02000 161.07000 31.30500 115.11400
24 3 21 05 04 45615.20000 10.28600000 1414.99000 161.10000 31.30500 115.11400
24 3 21 05 05 45615.20000 10.28600000 1414.44000 161.10000 31.30500 115.11400
24 3 21 05 05 45577.70000 10.28600000 1414.14000 161.10000 31.30500 115.11400
24 3 21 05 05 45577.70000 10.28600000 1413.80000 160.64000 31.30500 115.11400
24 3 21 05 06 45559.60000 10.28600000 1413.82000 160.51000 31.30500 115.11400
24 3 21 05 06 45559.60000 10.28600000 1413.99000 160.42000 31.30500 115.11400
24 3 21 05 07 45545.80000 10.28600000 1413.81000 160.46000 31.30500 115.11400
24 3 21 05 07 45545.30000 10.28600000 1413.75000 160.46000 31.30500 115.11400
24 3 21 05 08 45560.20000 10.28600000 1413.99000 160.40000 31.30500 115.11400
24 3 21 05 08 45553.40000 10.25400000 1414.00000 160.40000 31.30500 115.11400
24 3 21 05 08 45599.20000 10.25400000 1414.00000 160.40000 31.30500 115.11400
24 3 21 05 09 45610.20000 10.25400000 1415.00000 160.40000 31.30500 115.11400
24 3 21 05 09 45580.20000 10.25400000 1414.83000 160.40000 31.30500 115.11400
24 3 21 05 10 45597.90000 10.25400000 1413.70000 160.34000 31.30500 115.11400
