M=[
 1 6 20 18 50 8611.10000 6.29100000 214.61000 42.05000 11.75500 47.25200
 1 6 20 18 50 8612.00000 6.29100000 214.53000 42.05000 11.80800 47.25200
 1 6 20 18 51 8612.00000 6.30000000 214.53000 42.03000 11.80800 47.25200
 1 6 20 18 51 8611.30000 6.29100000 214.53000 42.05000 11.80800 47.25200
 1 6 20 18 52 8611.20000 6.29100000 214.54000 42.05000 11.80800 47.25200
 1 6 20 18 52 8611.10000 6.29100000 214.56000 42.05000 11.80800 47.21700
 1 6 20 18 53 8611.20000 6.25600000 214.61000 42.05000 11.80800 47.25200
 1 6 20 18 53 8611.10000 6.25600000 214.61000 42.05000 11.80800 47.25200
 1 6 20 18 54 8611.20000 6.27700000 214.69000 42.05000 11.80800 47.25200
 1 6 20 18 54 8613.30000 6.25600000 214.70000 42.09000 11.80800 47.18200
 1 6 20 18 54 8615.00000 6.27700000 214.89000 42.09000 11.78100 47.25200
 1 6 20 18 55 8614.90000 6.27700000 214.89000 42.09000 11.80800 47.25200
 1 6 20 18 55 8614.90000 6.27700000 214.89000 42.09000 11.80800 47.25200
 1 6 20 18 56 8614.90000 6.27700000 214.95000 42.09000 11.80800 47.25200
 1 6 20 18 56 8614.80000 6.27700000 214.95000 42.09000 11.80800 47.25200
 1 6 20 18 57 8614.90000 6.25600000 214.95000 42.09000 11.80800 47.25200
 1 6 20 18 57 8614.90000 6.27700000 214.96000 42.09000 11.80800 47.25200
 1 6 20 18 58 8614.90000 6.27700000 214.97000 42.09000 11.80800 47.25200
 1 6 20 18 58 8614.90000 6.25600000 214.97000 42.09000 11.80800 47.25200
 1 6 20 18 59 8614.90000 6.27700000 214.97000 42.09000 11.80800 47.25200
 1 6 20 18 59 8614.90000 6.27700000 214.98000 42.13000 11.80800 47.25200
 1 6 20 19 00 8614.50000 6.27700000 215.00000 42.09000 11.80800 47.25200
 1 6 20 19 00 8614.50000 6.27700000 214.99000 42.13000 11.80800 47.25200
 1 6 20 19 00 8614.90000 6.27700000 215.00000 42.12000 11.78100 47.25200
 1 6 20 19 01 8616.90000 6.27700000 215.00000 42.13000 11.80800 47.25200
 1 6 20 19 01 8615.00000 6.27700000 215.03000 42.12000 11.80800 47.25200
 1 6 20 19 02 8613.70000 6.27700000 215.06000 42.13000 11.80800 47.25200
 1 6 20 19 02 8614.40000 6.25600000 215.09000 42.13000 11.80800 47.25200
 1 6 20 19 03 8619.00000 6.27700000 215.09000 42.13000 11.80800 47.37500
 1 6 20 19 03 8618.60000 6.27700000 215.09000 42.13000 11.80800 47.37500
 1 6 20 19 04 8619.00000 6.27700000 215.06000 42.17000 11.80800 47.37500
 1 6 20 19 04 8618.80000 6.27700000 215.09000 42.17000 11.80800 47.21700
 1 6 20 19 05 8618.80000 6.27700000 215.09000 42.17000 11.80800 47.37500
 1 6 20 19 05 8618.70000 6.25600000 215.21000 42.17000 11.75500 47.37500
 1 6 20 19 05 8614.90000 6.27700000 215.22000 42.12000 11.80800 47.37500
 1 6 20 19 06 8614.90000 6.27700000 215.22000 42.17000 11.80800 47.37500
 1 6 20 19 06 8614.90000 6.27700000 214.94000 42.12000 11.80800 47.37500
 1 6 20 19 07 8616.20000 6.27700000 214.80000 42.17000 11.75500 47.25200
 1 6 20 19 07 8617.30000 6.27700000 214.80000 42.17000 11.80800 47.37500
 1 6 20 19 08 8616.90000 6.27700000 214.83000 42.17000 11.80800 47.25200
 1 6 20 19 08 8616.90000 6.25600000 214.90000 42.17000 11.80800 47.37500
 1 6 20 19 09 8617.50000 6.27700000 214.90000 42.17000 11.80800 47.37500
 1 6 20 19 09 8617.40000 6.27700000 214.93000 42.17000 11.80800 47.37500
 1 6 20 19 10 8617.00000 6.27700000 214.90000 42.17000 11.80800 47.37500
 1 6 20 19 10 8616.90000 6.27700000 214.82000 42.17000 11.80800 47.25200
 1 6 20 19 10 8616.90000 6.27700000 214.93000 42.17000 11.80800 47.37500
 1 6 20 19 11 8616.80000 6.27700000 214.91000 42.13000 11.80800 47.38800
 1 6 20 19 11 8616.90000 6.27700000 214.91000 42.17000 11.80800 47.38800
 1 6 20 19 12 8616.80000 6.25600000 214.89000 42.17000 11.75500 47.38800
 1 6 20 19 12 8616.90000 6.27700000 214.89000 42.17000 11.80800 47.38800
 1 6 20 19 13 8614.90000 6.27700000 214.86000 42.13000 11.80800 47.27100
 1 6 20 19 13 8614.90000 6.27700000 214.86000 42.17000 11.80800 47.27100
 1 6 20 19 14 8615.00000 6.27700000 215.05000 42.17000 11.80800 47.31300
 1 6 20 19 14 8616.50000 6.27700000 214.86000 42.17000 11.80800 47.31300
 1 6 20 19 14 8613.90000 6.25600000 214.93000 42.11000 11.80800 47.31300
 1 6 20 19 15 8614.90000 6.27700000 215.04000 42.11000 11.80800 47.31300
 1 6 20 19 15 8614.90000 6.25600000 215.04000 42.11000 11.80800 47.31300
 1 6 20 19 16 8612.70000 6.27700000 214.91000 42.12000 11.80800 47.31300
 1 6 20 19 16 8613.10000 6.27700000 214.91000 42.12000 11.80800 47.31300
 1 6 20 19 17 8615.00000 6.27700000 214.91000 42.12000 11.80800 47.31300
 1 6 20 19 17 8614.90000 6.27700000 215.10000 42.12000 11.78100 47.31300
 1 6 20 19 18 8615.00000 6.25600000 215.10000 42.12000 11.80800 47.31300
 1 6 20 19 18 8615.00000 6.27700000 215.07000 42.12000 11.80800 47.31300
 1 6 20 19 18 8615.00000 6.28200000 215.07000 42.12000 11.80800 47.31300
 1 6 20 19 19 8615.00000 6.28200000 215.08000 42.12000 11.80800 47.31300
 1 6 20 19 19 8616.30000 6.28800000 215.08000 42.12000 11.80800 47.31300
 1 6 20 19 20 8615.00000 6.28800000 215.07000 42.12000 11.78100 47.31300
 1 6 20 19 20 8619.00000 6.28800000 215.07000 42.12000 11.75500 47.31300
 1 6 20 19 21 8615.60000 6.28800000 215.08000 42.12000 11.80800 47.31300
 1 6 20 19 21 8615.70000 6.28200000 215.08000 42.12000 11.80800 47.31300
 1 6 20 19 22 8615.70000 6.28800000 215.08000 42.12000 11.80800 47.31300
 1 6 20 19 22 8615.60000 6.28200000 215.08000 42.11000 11.80800 47.31300
 1 6 20 19 23 8617.20000 6.27700000 215.25000 42.20000 11.80800 47.31300
 1 6 20 19 23 8617.70000 6.28800000 215.31000 42.20000 11.80800 47.31300
 1 6 20 19 24 8619.10000 6.28800000 215.26000 42.20000 11.80800 47.31300
 1 6 20 19 24 8617.90000 6.28800000 215.25000 42.20000 11.80800 47.31300
 1 6 20 19 24 8619.60000 6.28800000 215.24000 42.20000 11.80800 47.27100
 1 6 20 19 25 8619.60000 6.28800000 215.24000 42.20000 11.80800 47.31300
 1 6 20 19 25 8619.70000 6.28800000 215.24000 42.19000 11.78100 47.31300
 1 6 20 19 26 8619.70000 6.28800000 215.25000 42.19000 11.78100 47.31300
 1 6 20 19 26 8619.70000 6.28800000 215.28000 42.19000 11.80800 47.31300
 1 6 20 19 27 8619.70000 6.28800000 215.29000 42.24000 11.78100 47.31300
 1 6 20 19 27 8619.70000 6.28800000 215.28000 42.24000 11.80800 47.31300
 1 6 20 19 28 8619.70000 6.28800000 215.29000 42.24000 11.80800 47.31300
 1 6 20 19 28 8619.60000 6.28800000 215.30000 42.24000 11.80800 47.29800
 1 6 20 19 28 8619.70000 6.28800000 215.24000 42.24000 11.80800 47.29800
 1 6 20 19 29 8619.70000 6.29500000 215.44000 42.29000 11.80800 47.29800
 1 6 20 19 29 8625.00000 6.29500000 215.22000 42.31000 11.80800 47.29800
 1 6 20 19 30 8629.90000 6.29500000 215.46000 42.35000 11.80800 47.29800
 1 6 20 19 30 8621.20000 6.29500000 215.29000 42.35000 11.80800 47.29800
 1 6 20 19 31 8629.90000 6.29500000 215.45000 42.31000 11.78100 47.29800
 1 6 20 19 31 8639.40000 6.29500000 215.46000 42.31000 11.80800 47.29800
 1 6 20 19 32 8636.80000 6.29500000 215.46000 42.31000 11.80800 47.29800
 1 6 20 19 32 8634.70000 6.29500000 215.62000 42.31000 11.80800 47.29800
 1 6 20 19 33 8638.10000 6.29500000 215.60000 42.31000 11.80800 47.29800
 1 6 20 19 33 8639.90000 6.29500000 215.69000 42.31000 11.80800 47.29800
 1 6 20 19 34 8639.90000 6.29500000 215.67000 42.38000 11.75500 47.29800
 1 6 20 19 34 8639.90000 6.29500000 215.67000 42.43000 11.80800 47.29800
 1 6 20 19 34 8639.90000 6.27700000 215.77000 42.43000 11.80800 47.29800
 1 6 20 19 35 8639.90000 6.28200000 215.67000 42.43000 11.80800 47.29800
 1 6 20 19 35 8632.00000 6.29500000 215.38000 42.43000 11.80800 47.29800
 1 6 20 19 36 8632.00000 6.29500000 215.37000 42.43000 11.80100 47.29800
 1 6 20 19 36 8632.00000 6.29500000 215.38000 42.43000 11.80800 47.29800
 1 6 20 19 37 8622.50000 6.29500000 215.17000 42.43000 11.80800 47.29800
 1 6 20 19 37 8621.00000 6.29500000 215.08000 42.43000 11.80800 47.29800
 1 6 20 19 38 8622.00000 6.29500000 214.92000 42.25000 11.80800 47.31300
 1 6 20 19 38 8623.70000 6.29500000 214.92000 42.26000 11.80800 47.29800
 1 6 20 19 39 8621.90000 6.29500000 214.94000 42.25000 11.80800 47.29800
 1 6 20 19 39 8622.10000 6.29500000 214.94000 42.26000 11.80800 47.29800
