M=[
23 7 21 17 16 27276.00000 36.79400000 1707.33000 99.92000 16.17300 78.99500
23 7 21 17 16 27280.00000 36.79400000 1707.33000 99.95000 16.17300 78.99500
23 7 21 17 17 27288.00000 37.00000000 1708.13000 99.95000 16.17300 78.99500
23 7 21 17 17 27300.00000 37.00000000 1709.85000 99.95000 16.17300 78.99500
23 7 21 17 18 27299.90000 37.00000000 1710.03000 100.10000 16.17300 78.99500
23 7 21 17 18 27290.10000 37.00000000 1708.73000 100.10000 16.17300 78.99500
23 7 21 17 19 27293.10000 37.00000000 1708.36000 99.96000 16.17300 78.99500
23 7 21 17 19 27296.60000 37.00000000 1709.86000 100.00000 16.17300 78.99500
23 7 21 17 19 27295.50000 37.00000000 1709.86000 100.00000 16.17300 78.99500
23 7 21 17 20 27286.20000 37.00000000 1707.26000 99.95000 16.17300 78.99500
23 7 21 17 20 27269.10000 37.00000000 1707.23000 99.95000 16.17300 78.99500
23 7 21 17 21 27273.30000 37.00000000 1706.52000 99.94000 16.17300 78.99500
23 7 21 17 21 27273.30000 37.00000000 1705.34000 99.83000 16.17300 78.99500
23 7 21 17 22 27263.90000 37.00000000 1705.14000 99.80000 16.17300 78.99500
23 7 21 17 22 27288.20000 37.00000000 1705.75000 99.94000 16.17300 78.99500
23 7 21 17 23 27286.50000 37.00000000 1707.63000 99.94000 16.17300 78.99500
23 7 21 17 23 27278.70000 37.00000000 1706.53000 99.94000 16.17300 78.99500
23 7 21 17 23 27275.00000 37.00000000 1706.38000 99.94000 16.17300 78.99500
23 7 21 17 24 27275.00000 36.91100000 1706.40000 99.98000 16.17300 78.99500
23 7 21 17 24 27274.90000 36.91100000 1706.44000 99.89000 16.17300 78.99500
23 7 21 17 25 27274.90000 36.91100000 1705.00000 99.89000 16.17300 78.99500
23 7 21 17 25 27275.00000 36.91100000 1705.76000 99.94000 16.17300 78.99500
23 7 21 17 26 27275.00000 36.91100000 1705.76000 99.94000 16.17300 78.99500
23 7 21 17 26 27275.00000 36.91100000 1707.24000 100.02000 16.17300 78.99500
23 7 21 17 26 27275.00000 36.91100000 1707.24000 100.02000 16.17300 78.99500
23 7 21 17 27 27287.10000 36.91100000 1706.35000 100.02000 16.17300 78.99500
23 7 21 17 27 27285.10000 36.91100000 1706.30000 100.02000 16.17300 78.99500
23 7 21 17 28 27286.00000 36.86700000 1706.15000 100.02000 16.17300 78.99500
23 7 21 17 28 27280.20000 36.86700000 1706.16000 100.02000 16.17300 78.99500
23 7 21 17 29 27278.50000 36.86700000 1705.30000 99.88000 16.17300 78.99500
23 7 21 17 29 27276.50000 36.86700000 1705.30000 99.88000 16.17300 78.99500
23 7 21 17 29 27278.30000 36.86700000 1704.75000 99.88000 16.17300 78.99500
23 7 21 17 30 27280.00000 36.86700000 1704.63000 99.88000 16.17300 78.60000
23 7 21 17 30 27279.80000 36.86700000 1704.63000 99.88000 16.17300 78.60000
23 7 21 17 31 27281.10000 36.86700000 1704.63000 99.84000 16.17300 78.60000
23 7 21 17 31 27281.10000 36.86700000 1706.03000 99.84000 16.17300 78.60000
23 7 21 17 32 27281.10000 36.86700000 1705.91000 99.84000 16.17300 78.60000
23 7 21 17 32 27281.10000 36.86700000 1705.84000 99.84000 16.17300 78.60000
23 7 21 17 32 27277.00000 36.86700000 1705.00000 99.84000 16.17300 78.60000
23 7 21 17 33 27277.70000 36.86700000 1704.17000 99.93000 16.17300 78.60000
23 7 21 17 33 27257.00000 36.86700000 1703.01000 99.93000 16.17300 78.60000
23 7 21 17 34 27264.50000 36.85100000 1701.14000 99.93000 16.17300 78.60000
23 7 21 17 34 27250.00000 36.85100000 1698.00000 99.93000 16.17300 78.60000
23 7 21 17 35 27249.90000 36.85100000 1699.00000 99.78000 16.17300 78.43100
23 7 21 17 35 27268.50000 36.85100000 1699.00000 99.76000 16.17300 78.43100
23 7 21 17 35 27263.60000 36.85100000 1699.75000 99.76000 16.17300 78.43100
23 7 21 17 36 27268.50000 36.81600000 1702.25000 99.76000 16.17300 78.43100
23 7 21 17 36 27275.90000 36.81600000 1702.25000 99.85000 16.17300 78.43100
23 7 21 17 37 27281.10000 36.81600000 1702.85000 99.94000 16.17300 78.43100
23 7 21 17 37 27296.10000 36.81600000 1704.66000 99.95000 16.17300 78.43100
23 7 21 17 38 27299.50000 36.81600000 1705.86000 99.95000 16.17300 78.43100
23 7 21 17 38 27321.90000 36.81600000 1706.12000 99.95000 16.17300 78.43100
23 7 21 17 39 27336.10000 36.81600000 1706.12000 100.09000 16.17300 78.43100
23 7 21 17 39 27325.50000 36.81600000 1706.06000 100.08000 16.17300 78.43100
23 7 21 17 39 27332.10000 36.81600000 1706.06000 100.08000 16.17300 78.43100
23 7 21 17 40 27325.60000 36.81600000 1706.02000 100.04000 16.17300 78.43100
23 7 21 17 40 27310.00000 36.81600000 1705.66000 99.90000 16.17300 78.43100
23 7 21 17 41 27300.60000 36.81600000 1704.81000 99.90000 16.17300 78.43100
23 7 21 17 41 27303.10000 36.81600000 1703.71000 99.90000 16.17300 78.43100
23 7 21 17 42 27303.10000 36.81600000 1703.14000 99.90000 16.16200 78.43100
23 7 21 17 42 27303.10000 36.81600000 1702.97000 99.90000 16.16200 78.43100
23 7 21 17 42 27303.20000 36.81600000 1702.97000 99.90000 16.16200 78.43100
23 7 21 17 43 27299.10000 36.81600000 1702.38000 99.90000 16.16200 78.43100
23 7 21 17 43 27299.00000 36.81600000 1702.24000 99.90000 16.16200 78.43100
23 7 21 17 44 27301.20000 36.81600000 1702.04000 99.90000 16.16200 78.43100
23 7 21 17 44 27301.10000 36.81600000 1701.99000 99.90000 16.16200 78.43100
23 7 21 17 45 27309.90000 36.81600000 1702.00000 99.90000 16.16200 78.43100
23 7 21 17 45 27301.40000 36.92700000 1701.45000 99.81000 16.16200 78.43100
23 7 21 17 45 27300.10000 36.92700000 1699.80000 99.84000 16.16200 78.43100
23 7 21 17 46 27296.30000 36.92700000 1699.80000 99.84000 16.16200 78.43100
23 7 21 17 46 27296.30000 36.92700000 1701.03000 99.80000 16.16200 78.43100
23 7 21 17 47 27281.60000 36.92700000 1699.95000 99.80000 16.16200 78.43100
23 7 21 17 47 27285.90000 36.92700000 1700.80000 99.80000 16.16200 78.43100
23 7 21 17 48 27289.70000 36.92700000 1698.83000 99.70000 16.16200 78.43100
23 7 21 17 48 27298.90000 36.92700000 1701.16000 99.71000 16.16200 78.43100
23 7 21 17 48 27298.90000 36.92700000 1701.19000 99.87000 16.16200 78.43100
23 7 21 17 49 27308.80000 36.92700000 1701.55000 99.87000 16.16200 78.43100
23 7 21 17 49 27327.20000 36.92700000 1701.55000 99.87000 16.16200 78.43100
23 7 21 17 50 27320.50000 36.91900000 1700.81000 99.86000 16.16200 78.43100
23 7 21 17 50 27318.50000 36.91900000 1701.27000 99.86000 16.16200 78.43100
23 7 21 17 51 27323.20000 36.91900000 1702.26000 100.03000 16.16200 78.43100
23 7 21 17 51 27330.60000 36.91900000 1704.35000 100.03000 16.16200 78.43100
23 7 21 17 51 27338.40000 36.91900000 1704.35000 100.04000 16.16200 78.43100
23 7 21 17 52 27338.10000 37.00500000 1704.05000 100.20000 16.16200 78.43100
23 7 21 17 52 27346.50000 37.00500000 1704.43000 100.20000 16.16200 78.43100
23 7 21 17 53 27336.00000 37.00500000 1703.95000 100.20000 16.16200 78.43100
23 7 21 17 53 27336.00000 37.00500000 1703.94000 100.20000 16.16200 78.43100
23 7 21 17 54 27345.00000 37.00500000 1705.82000 100.23000 16.16200 78.43100
23 7 21 17 54 27339.20000 37.00500000 1706.37000 100.23000 16.16200 78.43100
23 7 21 17 54 27345.00000 37.00500000 1706.71000 100.25000 16.16200 78.43100
23 7 21 17 55 27344.80000 37.00500000 1706.31000 100.25000 16.16200 78.43100
23 7 21 17 55 27343.40000 37.00500000 1706.63000 100.25000 16.16200 78.69100
23 7 21 17 56 27343.40000 37.00500000 1706.41000 100.25000 16.16200 78.69100
23 7 21 17 56 27355.30000 37.00500000 1706.85000 100.25000 16.16200 78.69100
23 7 21 17 57 27362.50000 37.00500000 1711.47000 100.25000 16.16200 78.69100
23 7 21 17 57 27356.60000 37.00500000 1711.90000 100.24000 16.16200 78.69100
23 7 21 17 58 27361.40000 37.00500000 1710.69000 100.24000 16.16200 78.69100
23 7 21 17 58 27366.60000 37.00500000 1710.69000 100.21000 16.16200 78.69100
23 7 21 17 58 27361.30000 37.00500000 1710.76000 100.21000 16.16200 78.69100
23 7 21 17 59 27356.90000 37.00500000 1710.72000 100.21000 16.16200 78.69100
23 7 21 17 59 27356.90000 37.00500000 1711.47000 100.21000 16.16200 78.69100
23 7 21 18 00 27355.30000 37.00500000 1711.47000 100.21000 16.16200 78.69100
23 7 21 18 00 27353.20000 37.00500000 1710.69000 100.21000 16.16200 78.74600
23 7 21 18 01 27339.20000 37.00500000 1709.89000 100.20000 16.16200 78.74600
