M=[
 3 11 20 09 50 11631.20000 4.15000000 324.80000 45.32000 11.75000 45.40000
 3 11 20 09 50 11626.80000 4.15000000 324.67000 45.32000 11.75000 45.40000
 3 11 20 09 51 11623.70000 4.15000000 324.63000 45.28000 11.75000 45.40000
 3 11 20 09 51 11629.90000 4.15000000 324.50000 45.28000 11.75000 45.40000
 3 11 20 09 52 11628.30000 4.15000000 324.67000 45.28000 11.75000 45.40000
 3 11 20 09 52 11624.20000 4.15000000 324.78000 45.28000 11.75000 45.40000
 3 11 20 09 52 11626.90000 4.15000000 324.77000 45.28000 11.75000 45.40000
 3 11 20 09 53 11623.60000 4.15000000 324.77000 45.28000 11.75000 45.40000
 3 11 20 09 53 11624.10000 4.15000000 324.78000 45.28000 11.75000 45.40000
 3 11 20 09 54 11626.80000 4.15000000 324.78000 45.27000 11.75000 45.45500
 3 11 20 09 54 11628.40000 4.15000000 324.87000 45.27000 11.75000 45.45500
 3 11 20 09 55 11626.40000 4.15000000 324.87000 45.29000 11.75000 45.45500
 3 11 20 09 55 11632.20000 4.15000000 324.91000 45.29000 11.75000 45.45500
 3 11 20 09 56 11631.80000 4.15000000 324.91000 45.29000 11.61800 45.45500
 3 11 20 09 56 11630.20000 4.15000000 324.94000 45.29000 11.61800 45.45500
 3 11 20 09 56 11630.10000 4.15000000 324.94000 45.31000 11.61800 45.45500
 3 11 20 09 57 11630.00000 4.15000000 324.98000 45.31000 11.61800 45.45500
 3 11 20 09 57 11630.10000 4.15000000 324.95000 45.27000 11.61800 45.45500
 3 11 20 09 58 11630.10000 4.15000000 324.95000 45.27000 11.61800 45.45500
 3 11 20 09 58 11627.10000 4.15000000 324.90000 45.27000 11.61800 45.45500
 3 11 20 09 59 11621.90000 4.15000000 324.78000 45.27000 11.69300 45.49300
 3 11 20 09 59 11621.90000 4.15000000 324.61000 45.27000 11.69300 45.49300
 3 11 20 09 59 11621.90000 4.15000000 324.73000 45.27000 11.69300 45.48000
 3 11 20 10 00 11620.50000 4.15000000 324.63000 45.29000 11.67700 45.48000
 3 11 20 10 00 11616.60000 4.15000000 324.60000 45.29000 11.67700 45.48000
 3 11 20 10 01 11615.10000 4.14600000 324.64000 45.29000 11.67700 45.48000
 3 11 20 10 01 11619.00000 4.14600000 324.83000 45.29000 11.67700 45.48000
 3 11 20 10 02 11626.80000 4.14600000 324.79000 45.29000 11.67700 45.48000
 3 11 20 10 02 11626.20000 4.14600000 325.11000 45.29000 11.67700 45.48000
 3 11 20 10 02 11632.70000 4.14600000 325.19000 45.29000 11.67700 45.48000
 3 11 20 10 03 11631.40000 4.14600000 325.08000 45.31000 11.67700 45.48000
 3 11 20 10 03 11627.40000 4.14600000 324.94000 45.31000 11.67700 45.54000
 3 11 20 10 04 11622.50000 4.14600000 324.84000 45.31000 11.67700 45.54000
 3 11 20 10 04 11619.30000 4.15000000 324.84000 45.31000 11.67700 45.54000
 3 11 20 10 05 11619.10000 4.15000000 324.77000 45.30000 11.67700 45.54000
 3 11 20 10 05 11619.10000 4.15000000 324.47000 45.26000 11.67700 45.54000
 3 11 20 10 05 11598.20000 4.15000000 324.47000 45.25000 11.67700 45.45000
 3 11 20 10 06 11599.30000 4.15000000 324.04000 45.19000 11.67700 45.45000
 3 11 20 10 06 11599.70000 4.15000000 324.23000 45.19000 11.70100 45.40000
 3 11 20 10 07 11601.40000 4.15000000 324.23000 45.19000 11.70100 45.40000
 3 11 20 10 07 11599.60000 4.15000000 324.23000 45.19000 11.70100 45.40000
 3 11 20 10 08 11600.10000 4.15000000 324.23000 45.19000 11.70100 45.40000
 3 11 20 10 08 11602.20000 4.15000000 324.23000 45.19000 11.74200 45.40000
 3 11 20 10 08 11606.00000 4.15000000 324.32000 45.19000 11.71800 45.40000
 3 11 20 10 09 11602.90000 4.15000000 324.21000 45.16000 11.71800 45.40000
 3 11 20 10 09 11600.00000 4.15000000 324.05000 45.16000 11.71800 45.40000
 3 11 20 10 10 11592.70000 4.15000000 324.05000 45.08000 11.70600 45.30800
 3 11 20 10 10 11593.80000 4.15000000 324.05000 45.08000 11.70600 45.30800
 3 11 20 10 11 11591.50000 4.15000000 324.05000 45.08000 11.70600 45.30800
 3 11 20 10 11 11590.20000 4.15000000 324.05000 45.08000 11.70600 45.30800
 3 11 20 10 11 11591.40000 4.15000000 324.05000 45.08000 11.70600 45.30800
 3 11 20 10 12 11591.40000 4.15000000 324.09000 45.09000 11.70600 45.30800
 3 11 20 10 12 11594.00000 4.15000000 324.11000 45.09000 11.70600 45.30800
 3 11 20 10 13 11591.40000 4.15000000 324.05000 45.12000 11.70600 45.30800
 3 11 20 10 13 11592.40000 4.15000000 324.05000 45.12000 11.70600 45.30800
 3 11 20 10 14 11593.00000 4.15000000 324.05000 45.12000 11.63000 45.27000
 3 11 20 10 14 11593.00000 4.15000000 324.05000 45.09000 11.63000 45.27000
 3 11 20 10 14 11593.00000 4.15000000 324.04000 45.09000 11.63000 45.27000
 3 11 20 10 15 11591.70000 4.15000000 324.04000 45.12000 11.63000 45.27000
 3 11 20 10 15 11591.70000 4.15000000 323.99000 45.12000 11.63000 45.27000
 3 11 20 10 16 11593.10000 4.15000000 323.94000 45.12000 11.66000 45.27000
 3 11 20 10 16 11599.60000 4.15000000 324.00000 45.12000 11.66000 45.27000
 3 11 20 10 17 11605.00000 4.15000000 324.31000 45.12000 11.66000 45.27000
 3 11 20 10 17 11603.60000 4.15000000 324.31000 45.12000 11.66000 45.27000
 3 11 20 10 17 11605.00000 4.15000000 324.28000 45.12000 11.66000 45.27000
 3 11 20 10 18 11605.00000 4.15000000 324.28000 45.13000 11.66000 45.27000
 3 11 20 10 18 11603.60000 4.15000000 324.13000 45.13000 11.66000 45.27000
 3 11 20 10 19 11603.60000 4.15000000 324.24000 45.10000 11.66000 45.27000
 3 11 20 10 19 11596.30000 4.15000000 324.19000 45.10000 11.61000 45.27000
 3 11 20 10 20 11597.70000 4.15000000 324.24000 45.11000 11.63100 45.27000
 3 11 20 10 20 11597.80000 4.15000000 324.19000 45.11000 11.65000 45.27000
 3 11 20 10 20 11599.10000 4.15000000 324.19000 45.11000 11.65000 45.27000
 3 11 20 10 21 11600.00000 4.15000000 324.54000 45.13000 11.65000 45.27000
 3 11 20 10 21 11599.90000 4.15000000 324.61000 45.13000 11.65000 45.27000
 3 11 20 10 22 11600.00000 4.15000000 324.60000 45.13000 11.65000 45.27000
 3 11 20 10 22 11611.80000 4.15000000 324.59000 45.13000 11.66000 45.27000
 3 11 20 10 23 11613.40000 4.15000000 324.60000 45.16000 11.66000 45.27000
 3 11 20 10 23 11610.50000 4.15000000 324.78000 45.16000 11.66000 45.27000
 3 11 20 10 23 11610.50000 4.15000000 324.76000 45.13000 11.66000 45.27000
 3 11 20 10 24 11609.00000 4.15000000 324.72000 45.14000 11.66000 45.27000
 3 11 20 10 24 11608.70000 4.15000000 324.67000 45.14000 11.66000 45.27000
 3 11 20 10 25 11605.60000 4.15000000 324.51000 45.19000 11.66000 45.27000
 3 11 20 10 25 11603.40000 4.15000000 324.51000 45.19000 11.65800 45.27000
 3 11 20 10 26 11603.40000 4.15000000 324.38000 45.19000 11.65800 45.27000
 3 11 20 10 26 11603.40000 4.15000000 324.44000 45.19000 11.65600 45.27000
 3 11 20 10 26 11602.00000 4.15000000 324.42000 45.19000 11.60000 45.27000
 3 11 20 10 27 11600.90000 4.15000000 324.40000 45.13000 11.60000 45.27000
 3 11 20 10 27 11610.00000 4.15000000 324.99000 45.13000 11.60000 45.27000
 3 11 20 10 28 11610.60000 4.15000000 324.92000 45.13000 11.60000 45.27000
 3 11 20 10 28 11610.70000 4.15000000 324.86000 45.13000 11.60000 45.27000
 3 11 20 10 29 11610.80000 4.15000000 324.75000 45.21000 11.60000 45.27000
 3 11 20 10 29 11610.60000 4.15000000 324.60000 45.21000 11.60000 45.27000
 3 11 20 10 29 11603.40000 4.15000000 324.64000 45.21000 11.60000 45.27000
 3 11 20 10 30 11603.40000 4.15000000 324.57000 45.15000 11.60000 45.27000
 3 11 20 10 30 11601.30000 4.15000000 324.52000 45.15000 11.60000 45.27000
 3 11 20 10 31 11602.70000 4.15000000 324.53000 45.15000 11.60000 45.27000
 3 11 20 10 31 11601.30000 4.15000000 324.53000 45.15000 11.60000 45.27000
 3 11 20 10 32 11601.90000 4.15000000 324.41000 45.15000 11.60000 45.27000
 3 11 20 10 32 11600.40000 4.15000000 324.39000 45.15000 11.60000 45.27000
 3 11 20 10 32 11600.60000 4.15000000 324.67000 45.15000 11.60000 45.27000
 3 11 20 10 33 11601.80000 4.15000000 324.63000 45.12000 11.60000 45.27000
 3 11 20 10 33 11598.90000 4.15000000 324.62000 45.12000 11.60000 45.26400
 3 11 20 10 34 11591.40000 4.15000000 324.62000 45.06000 11.60000 45.26400
 3 11 20 10 34 11590.00000 4.15000000 324.27000 45.06000 11.63200 45.26400
 3 11 20 10 35 11590.10000 4.15000000 324.29000 45.06000 11.63200 45.26400
 3 11 20 10 35 11590.10000 4.15000000 324.29000 45.06000 11.63200 45.26400
