M=[
 7 9 20 07 16 8573.20000 4.30400000 292.03000 40.21000 14.23900 48.62300
 7 9 20 07 16 8572.30000 4.30400000 291.67000 40.21000 14.23900 48.62300
 7 9 20 07 17 8573.30000 4.30400000 291.58000 40.21000 14.23900 48.62300
 7 9 20 07 17 8568.80000 4.34100000 291.62000 40.21000 14.23600 48.53600
 7 9 20 07 18 8568.00000 4.34500000 290.85000 40.21000 14.23600 48.53600
 7 9 20 07 18 8563.00000 4.34500000 290.85000 40.21000 14.16400 48.55500
 7 9 20 07 19 8563.10000 4.34500000 290.85000 40.12000 14.12200 48.55500
 7 9 20 07 19 8563.10000 4.35000000 291.10000 40.09000 14.12200 48.55500
 7 9 20 07 20 8566.10000 4.35800000 291.42000 40.09000 14.12200 48.55500
 7 9 20 07 20 8566.10000 4.35800000 291.28000 40.09000 14.12200 48.55500
 7 9 20 07 20 8567.20000 4.35800000 291.28000 40.09000 14.12200 48.55500
 7 9 20 07 21 8566.00000 4.35800000 291.28000 40.09000 14.12200 48.55500
 7 9 20 07 21 8567.50000 4.35800000 291.43000 40.13000 14.12200 48.55500
 7 9 20 07 22 8573.20000 4.35800000 291.43000 40.13000 14.12200 48.61200
 7 9 20 07 22 8576.90000 4.35800000 291.88000 40.13000 14.12200 48.61200
 7 9 20 07 23 8578.40000 4.35800000 292.09000 40.13000 14.14200 48.61200
 7 9 20 07 23 8577.50000 4.35800000 292.43000 40.13000 14.14200 48.61200
 7 9 20 07 24 8577.60000 4.35800000 292.68000 40.22000 14.14200 48.61200
 7 9 20 07 24 8577.50000 4.35800000 292.43000 40.22000 14.12900 48.61200
 7 9 20 07 25 8577.60000 4.35100000 292.34000 40.22000 14.12900 48.61200
 7 9 20 07 25 8577.60000 4.35100000 292.55000 40.21000 14.12900 48.61200
 7 9 20 07 25 8577.60000 4.35100000 292.59000 40.19000 14.12900 48.61200
 7 9 20 07 26 8577.50000 4.35100000 292.60000 40.19000 14.11700 48.61200
 7 9 20 07 26 8577.60000 4.35100000 292.60000 40.19000 14.03600 48.61200
 7 9 20 07 27 8579.00000 4.35100000 293.15000 40.22000 14.03600 48.61200
 7 9 20 07 27 8580.40000 4.35100000 293.60000 40.22000 14.03000 48.61200
 7 9 20 07 28 8584.00000 4.35100000 293.84000 40.22000 14.01000 48.61200
 7 9 20 07 28 8587.30000 4.35100000 293.78000 40.22000 14.01000 48.61200
 7 9 20 07 29 8588.20000 4.35100000 293.78000 40.22000 14.01000 48.82000
 7 9 20 07 29 8593.00000 4.35100000 293.74000 40.22000 14.05500 48.82000
 7 9 20 07 30 8593.50000 4.35100000 293.72000 40.31000 14.05500 48.82000
 7 9 20 07 30 8598.00000 4.35100000 293.13000 40.30000 14.07600 48.82000
 7 9 20 07 31 8588.30000 4.35100000 292.73000 40.30000 14.07600 48.82000
 7 9 20 07 31 8588.30000 4.35100000 293.00000 40.26000 14.07600 48.82000
 7 9 20 07 32 8586.70000 4.35100000 293.27000 40.26000 14.07600 48.82000
 7 9 20 07 32 8588.10000 4.35100000 293.27000 40.26000 14.07600 48.82000
 7 9 20 07 32 8588.10000 4.35100000 293.27000 40.24000 14.07600 48.82000
 7 9 20 07 33 8588.10000 4.35100000 293.27000 40.28000 14.07600 48.82000
 7 9 20 07 33 8589.10000 4.35100000 293.34000 40.26000 14.07600 48.82000
 7 9 20 07 34 8589.90000 4.35100000 293.06000 40.26000 14.07600 48.66500
 7 9 20 07 34 8590.00000 4.35100000 293.06000 40.23000 14.07600 48.63800
 7 9 20 07 35 8590.00000 4.35100000 293.25000 40.23000 14.07600 48.63800
 7 9 20 07 35 8590.00000 4.35100000 293.25000 40.23000 14.07600 48.63800
 7 9 20 07 36 8588.70000 4.35100000 292.41000 40.23000 14.07600 48.63800
 7 9 20 07 36 8584.10000 4.35100000 292.40000 40.23000 14.07600 48.63800
 7 9 20 07 37 8580.00000 4.35100000 292.15000 40.12000 14.07600 48.50800
 7 9 20 07 37 8580.10000 4.35100000 292.19000 40.12000 14.07600 48.50200
 7 9 20 07 37 8583.40000 4.35100000 292.31000 40.12000 14.07600 48.50200
 7 9 20 07 38 8583.40000 4.35100000 292.44000 40.12000 14.07600 48.50200
 7 9 20 07 38 8585.30000 4.35100000 292.60000 40.12000 14.07600 48.50200
 7 9 20 07 39 8583.50000 4.35100000 292.25000 40.12000 14.05000 48.50200
 7 9 20 07 39 8583.00000 4.35100000 292.42000 40.12000 14.01500 48.50200
 7 9 20 07 40 8580.20000 4.35100000 292.42000 40.12000 14.00200 48.42600
 7 9 20 07 40 8580.20000 4.35100000 292.42000 40.12000 14.07600 48.46300
 7 9 20 07 40 8581.90000 4.35100000 292.35000 40.15000 14.07600 48.46300
 7 9 20 07 41 8583.40000 4.35100000 292.63000 40.15000 14.07600 48.46300
 7 9 20 07 41 8583.30000 4.35100000 292.20000 40.15000 14.07600 48.46300
 7 9 20 07 42 8580.20000 4.35100000 291.93000 40.14000 14.00200 48.46300
 7 9 20 07 42 8580.00000 4.31700000 291.66000 40.14000 14.00200 48.46300
 7 9 20 07 43 8580.10000 4.30700000 291.92000 40.14000 14.00200 48.50800
 7 9 20 07 43 8580.10000 4.30700000 291.43000 40.14000 14.00200 48.50800
 7 9 20 07 44 8579.10000 4.30700000 291.62000 40.12000 14.00200 48.50800
 7 9 20 07 44 8579.00000 4.30700000 291.64000 40.12000 14.00200 48.47000
 7 9 20 07 45 8579.10000 4.30200000 291.64000 40.12000 14.00200 48.47000
 7 9 20 07 45 8579.10000 4.30200000 291.41000 40.12000 14.00200 48.47000
 7 9 20 07 45 8573.70000 4.30200000 291.41000 40.12000 14.00200 48.47000
 7 9 20 07 46 8572.30000 4.29900000 291.35000 40.12000 14.00200 48.47000
 7 9 20 07 46 8569.20000 4.29900000 291.20000 40.12000 14.00200 48.47000
 7 9 20 07 47 8570.50000 4.30200000 291.29000 40.12000 14.00200 48.47000
 7 9 20 07 47 8570.40000 4.31800000 291.27000 40.12000 14.00200 48.47000
 7 9 20 07 48 8573.50000 4.37100000 291.27000 40.12000 14.00200 48.47000
 7 9 20 07 48 8575.00000 4.37100000 291.59000 40.12000 14.00200 48.47000
 7 9 20 07 48 8575.00000 4.37100000 292.34000 40.12000 14.00200 48.47000
 7 9 20 07 49 8580.10000 4.37100000 291.79000 40.12000 14.00200 48.47000
 7 9 20 07 49 8580.10000 4.38500000 291.61000 40.12000 14.00200 48.47000
 7 9 20 07 50 8579.80000 4.38500000 291.57000 40.12000 14.00200 48.47000
 7 9 20 07 50 8581.00000 4.38500000 291.39000 40.12000 14.00200 48.47000
 7 9 20 07 51 8582.80000 4.34800000 291.67000 40.12000 14.00200 48.47000
 7 9 20 07 51 8579.80000 4.34800000 291.67000 40.12000 14.00200 48.47000
 7 9 20 07 52 8579.80000 4.34800000 291.64000 40.12000 14.00200 48.47000
 7 9 20 07 52 8579.80000 4.34800000 291.63000 40.12000 14.00200 48.47000
 7 9 20 07 53 8579.80000 4.34800000 291.63000 40.12000 14.00200 48.47000
 7 9 20 07 53 8579.70000 4.36000000 291.02000 40.12000 14.00200 48.47000
 7 9 20 07 53 8579.70000 4.36000000 290.82000 40.12000 14.00200 48.54100
 7 9 20 07 54 8579.80000 4.36000000 290.82000 40.12000 14.00200 48.54100
 7 9 20 07 54 8579.80000 4.36000000 290.91000 40.12000 14.00200 48.54100
 7 9 20 07 55 8581.60000 4.36000000 291.86000 40.15000 14.00100 48.54100
 7 9 20 07 55 8582.20000 4.36000000 291.89000 40.15000 14.00100 48.54100
 7 9 20 07 56 8582.70000 4.36000000 291.82000 40.15000 14.00100 48.54100
 7 9 20 07 56 8583.30000 4.36000000 291.82000 40.15000 14.00100 48.54100
 7 9 20 07 56 8583.40000 4.36000000 292.16000 40.15000 14.00100 48.70600
 7 9 20 07 57 8583.40000 4.36000000 292.22000 40.15000 14.00100 48.70600
 7 9 20 07 57 8583.80000 4.36000000 291.91000 40.15000 14.00100 48.70600
 7 9 20 07 58 8580.30000 4.36000000 291.57000 40.15000 14.00100 48.70600
 7 9 20 07 58 8579.90000 4.36000000 291.58000 40.12000 14.00100 48.70600
 7 9 20 07 59 8579.80000 4.36000000 291.35000 40.12000 14.00100 48.70600
 7 9 20 07 59 8573.80000 4.36000000 291.09000 40.12000 14.00100 48.70600
 7 9 20 07 59 8573.60000 4.36000000 290.95000 40.12000 14.03600 48.70600
 7 9 20 08 00 8573.50000 4.36000000 290.54000 40.02000 14.03600 48.70600
 7 9 20 08 00 8570.00000 4.36000000 290.55000 39.99000 14.03600 48.70600
 7 9 20 08 01 8569.20000 4.36000000 290.35000 39.97000 14.03600 48.70600
 7 9 20 08 01 8569.30000 4.36000000 290.33000 39.97000 14.03600 48.70600
 7 9 20 08 02 8569.20000 4.36000000 290.59000 39.97000 14.03600 48.70600
 7 9 20 08 02 8567.10000 4.36000000 290.33000 39.97000 14.03600 48.70600
 7 9 20 08 03 8563.70000 4.36000000 290.22000 39.97000 14.03600 48.70600
 7 9 20 08 03 8563.70000 4.36000000 290.22000 39.95000 14.03600 48.70600
 7 9 20 08 03 8563.60000 4.36000000 290.10000 39.95000 14.03600 48.70600
 7 9 20 08 04 8561.60000 4.36000000 290.27000 39.99000 14.03600 48.70600
 7 9 20 08 04 8560.40000 4.36000000 290.03000 39.95000 14.03600 48.70600
