M=[
15 4 21 12 17 52299.90000 19.99100000 2039.00000 227.27000 41.80300 208.01300
15 4 21 12 17 52299.90000 19.99200000 2038.80000 227.28000 41.80300 208.01300
15 4 21 12 18 52299.90000 19.99200000 2038.32000 227.32000 41.80300 208.42200
15 4 21 12 18 52299.90000 19.99200000 2038.42000 227.43000 41.80300 208.42200
15 4 21 12 19 52285.10000 19.99200000 2037.41000 227.43000 41.80300 208.42200
15 4 21 12 19 52285.00000 19.99200000 2039.69000 227.31000 41.80300 208.42200
15 4 21 12 19 52292.00000 19.99200000 2040.08000 227.30000 41.80300 208.42200
15 4 21 12 20 52292.30000 19.97000000 2040.17000 227.07000 42.01700 208.42200
15 4 21 12 20 52300.00000 19.93500000 2040.81000 227.15000 42.01700 208.42200
15 4 21 12 21 52280.80000 19.93500000 2039.02000 226.98000 42.01700 208.42200
15 4 21 12 21 52278.50000 19.98600000 2038.62000 226.80000 42.01700 208.42200
15 4 21 12 22 52290.10000 19.94300000 2039.19000 226.81000 42.01700 208.42200
15 4 21 12 22 52287.40000 19.99700000 2039.31000 226.97000 42.01700 208.42200
15 4 21 12 22 52292.60000 19.99700000 2039.47000 226.92000 41.85100 208.42200
15 4 21 12 23 52317.70000 19.99700000 2040.29000 227.01000 41.85100 208.42200
15 4 21 12 23 52317.80000 19.92100000 2040.56000 226.87000 41.85100 208.42200
15 4 21 12 24 52316.40000 19.92100000 2038.20000 226.80000 41.98600 208.42200
15 4 21 12 24 52305.20000 19.92100000 2037.01000 226.66000 41.98600 208.42200
15 4 21 12 25 52317.70000 19.92100000 2038.56000 226.62000 41.98600 208.42200
15 4 21 12 25 52317.70000 19.90100000 2036.88000 226.72000 41.98600 208.42200
15 4 21 12 25 52317.70000 19.76600000 2037.20000 226.72000 41.98600 208.42200
15 4 21 12 26 52317.70000 19.73400000 2037.06000 226.67000 41.98600 208.42200
15 4 21 12 26 52317.70000 19.73400000 2036.82000 226.67000 41.98600 208.42200
15 4 21 12 27 52317.70000 19.73400000 2037.36000 226.70000 41.98600 208.42200
15 4 21 12 27 52317.70000 19.81200000 2036.77000 226.47000 41.98600 208.42200
15 4 21 12 28 52317.70000 19.81200000 2036.19000 226.47000 41.98600 208.42200
15 4 21 12 28 52317.80000 19.81200000 2038.19000 226.51000 41.98600 208.42200
15 4 21 12 28 52317.80000 19.75100000 2039.57000 226.52000 41.98600 208.42200
15 4 21 12 29 52317.80000 19.79200000 2039.35000 226.52000 41.98600 208.42200
15 4 21 12 29 52346.30000 19.79200000 2038.90000 226.87000 41.98600 208.42200
15 4 21 12 30 52346.30000 19.79800000 2039.60000 227.04000 41.98600 208.42200
15 4 21 12 30 52380.50000 19.79800000 2040.17000 227.12000 41.98600 208.42200
15 4 21 12 31 52380.40000 19.79800000 2040.16000 227.10000 41.98600 208.42200
15 4 21 12 31 52350.00000 19.79800000 2038.92000 227.10000 41.98600 208.42200
15 4 21 12 31 52358.10000 19.81400000 2039.22000 226.91000 41.98600 208.42200
15 4 21 12 32 52365.00000 19.78600000 2039.45000 226.98000 41.78600 208.44000
15 4 21 12 32 52357.70000 19.78600000 2039.27000 226.98000 41.91100 208.44200
15 4 21 12 33 52357.60000 19.74400000 2039.51000 226.74000 41.91100 209.04900
15 4 21 12 33 52357.70000 19.75300000 2039.07000 226.74000 41.91100 209.04900
15 4 21 12 34 52357.70000 19.75300000 2038.87000 226.74000 41.91100 209.04900
15 4 21 12 34 52357.70000 19.69300000 2038.58000 226.74000 41.91100 209.04900
15 4 21 12 34 52357.70000 19.73800000 2038.49000 226.64000 41.91100 209.04900
15 4 21 12 35 52357.60000 19.78400000 2038.78000 226.76000 41.91100 209.04900
15 4 21 12 35 52357.70000 19.78400000 2038.55000 226.71000 41.91100 209.04900
15 4 21 12 36 52357.60000 19.78700000 2038.44000 226.73000 41.91100 209.29700
15 4 21 12 36 52341.50000 19.78700000 2038.44000 226.77000 41.91100 209.19700
15 4 21 12 37 52341.50000 19.78700000 2036.61000 226.51000 41.91100 209.19700
15 4 21 12 37 52341.70000 19.78700000 2036.61000 226.52000 41.91100 209.19700
15 4 21 12 37 52354.90000 19.78700000 2037.24000 226.28000 41.91100 209.19700
15 4 21 12 38 52358.00000 19.78700000 2036.23000 226.40000 41.91100 209.19700
15 4 21 12 38 52356.40000 19.78700000 2036.69000 226.51000 41.91100 209.52400
15 4 21 12 39 52358.00000 19.74400000 2037.91000 226.67000 41.91100 209.52400
15 4 21 12 39 52358.00000 19.74400000 2038.01000 226.56000 41.91100 209.52400
15 4 21 12 40 52358.00000 19.73300000 2037.48000 226.49000 41.91100 209.27500
15 4 21 12 40 52358.00000 19.73300000 2037.27000 226.44000 41.91100 209.27400
15 4 21 12 40 52358.00000 19.73300000 2037.49000 226.23000 41.91100 209.27400
15 4 21 12 41 52358.00000 19.73300000 2036.14000 225.91000 41.91100 209.27400
15 4 21 12 41 52358.00000 19.67500000 2035.28000 225.91000 41.91100 209.27400
15 4 21 12 42 52358.00000 19.68400000 2034.91000 226.14000 41.91100 209.27400
15 4 21 12 42 52358.00000 19.69000000 2034.82000 226.14000 41.91100 209.27400
15 4 21 12 43 52358.00000 19.65300000 2034.70000 226.14000 41.91100 209.72000
15 4 21 12 43 52358.00000 19.65300000 2035.35000 226.14000 41.91100 209.28300
15 4 21 12 43 52358.00000 19.65300000 2036.29000 226.12000 41.91100 209.28300
15 4 21 12 44 52358.00000 19.73300000 2037.38000 226.24000 41.91100 209.98000
15 4 21 12 44 52382.50000 19.73300000 2037.33000 226.24000 41.91100 209.97800
15 4 21 12 45 52408.80000 19.72300000 2037.48000 226.62000 41.91100 210.00000
15 4 21 12 45 52418.10000 19.72300000 2037.56000 226.81000 41.91100 209.74600
15 4 21 12 46 52418.10000 19.72300000 2034.79000 226.81000 41.91100 209.97800
15 4 21 12 46 52418.10000 19.72300000 2036.06000 226.81000 41.91100 209.97800
15 4 21 12 46 52418.10000 19.79000000 2036.79000 226.72000 41.91100 210.50000
15 4 21 12 47 52418.10000 19.80500000 2036.80000 226.72000 41.91100 210.47000
15 4 21 12 47 52398.50000 19.80500000 2037.07000 226.84000 41.91100 210.40900
15 4 21 12 48 52391.00000 19.80500000 2036.48000 226.61000 41.91100 210.50000
15 4 21 12 48 52391.00000 19.80500000 2037.17000 226.61000 41.91100 211.02800
15 4 21 12 49 52369.10000 19.80500000 2036.44000 226.39000 41.91100 210.36700
15 4 21 12 49 52377.40000 19.87000000 2037.65000 226.62000 41.91100 209.25400
15 4 21 12 49 52382.40000 19.86900000 2037.86000 226.62000 41.91100 209.25400
15 4 21 12 50 52382.60000 19.87300000 2037.48000 226.70000 41.91100 209.10100
15 4 21 12 50 52382.60000 19.86500000 2038.20000 226.55000 42.12500 209.10100
15 4 21 12 51 52382.50000 19.88600000 2037.51000 226.36000 42.12500 209.10000
15 4 21 12 51 52372.80000 19.88600000 2037.06000 226.24000 42.12500 208.67400
15 4 21 12 52 52357.90000 19.88600000 2035.70000 226.25000 42.12500 208.67400
15 4 21 12 52 52359.50000 19.86200000 2037.10000 226.25000 42.10300 208.60100
15 4 21 12 52 52369.00000 19.86200000 2037.00000 226.25000 42.10300 208.09800
15 4 21 12 53 52367.20000 19.86200000 2036.99000 226.25000 42.10300 208.09800
15 4 21 12 53 52356.70000 19.86100000 2037.00000 226.29000 42.10300 208.09800
15 4 21 12 54 52350.20000 19.86100000 2036.01000 226.13000 42.10300 208.09800
15 4 21 12 54 52343.10000 19.86100000 2035.29000 226.13000 42.12900 208.09800
15 4 21 12 55 52341.00000 19.86100000 2034.35000 226.13000 42.12900 208.09800
15 4 21 12 55 52334.90000 19.86100000 2033.76000 226.13000 42.12900 208.09800
15 4 21 12 55 52358.50000 19.86100000 2037.07000 226.41000 42.12900 208.09800
15 4 21 12 56 52343.90000 19.83800000 2035.69000 226.41000 42.12900 208.77900
15 4 21 12 56 52349.70000 19.87200000 2036.53000 226.41000 42.12900 208.77900
15 4 21 12 57 52354.40000 19.87200000 2037.01000 226.34000 42.12900 208.77900
15 4 21 12 57 52367.60000 19.87200000 2037.74000 226.30000 42.12900 208.77900
15 4 21 12 58 52356.20000 19.87900000 2037.31000 226.42000 42.12900 208.77900
15 4 21 12 58 52364.70000 19.87900000 2037.66000 226.41000 42.12900 208.77900
15 4 21 12 58 52353.10000 19.87900000 2036.70000 226.41000 42.12900 208.77900
15 4 21 12 59 52379.10000 19.87900000 2039.20000 226.43000 42.12900 208.77900
15 4 21 12 59 52400.40000 19.87900000 2039.79000 226.43000 42.12900 208.72500
15 4 21 13 00 52399.60000 19.96800000 2039.83000 226.79000 42.12900 208.71300
15 4 21 13 00 52429.90000 19.96800000 2039.44000 226.79000 42.12900 208.71300
