M=[
16 5 21 18 43 38575.70000 77.33400000 2961.48000 251.24000 32.72900 216.82700
16 5 21 18 44 38491.70000 77.33400000 2955.11000 250.42000 32.72900 216.82700
16 5 21 18 44 38400.00000 77.24000000 2946.31000 250.14000 32.72900 216.44600
16 5 21 18 45 38340.10000 77.24000000 2936.99000 249.89000 32.72900 216.44600
16 5 21 18 45 38389.10000 77.24000000 2945.03000 250.12000 32.69500 216.20000
16 5 21 18 45 38612.90000 77.45300000 2965.96000 250.12000 32.69500 216.57500
16 5 21 18 46 38527.70000 77.35200000 2952.63000 250.75000 32.69500 216.57500
16 5 21 18 46 38512.90000 77.06500000 2953.86000 250.75000 32.69500 216.57500
16 5 21 18 47 38472.60000 76.95800000 2950.62000 250.37000 32.69500 216.57500
16 5 21 18 47 38469.80000 76.92300000 2957.54000 250.33000 32.69500 216.57500
16 5 21 18 48 38609.90000 77.36400000 2960.00000 250.33000 32.69500 216.57500
16 5 21 18 48 38554.90000 77.10900000 2955.05000 250.88000 32.69500 216.57500
16 5 21 18 48 38481.10000 76.90400000 2952.76000 250.91000 32.69500 216.57500
16 5 21 18 49 38524.30000 76.90400000 2951.99000 250.73000 32.69500 216.57500
16 5 21 18 49 38509.10000 76.90400000 2949.81000 250.69000 32.69500 216.57500
16 5 21 18 50 38400.00000 76.88700000 2940.00000 250.05000 32.79800 214.91200
16 5 21 18 50 38460.30000 76.88700000 2945.91000 250.42000 32.79800 214.91200
16 5 21 18 51 38344.10000 76.52800000 2938.40000 249.47000 32.79800 214.91200
16 5 21 18 51 38230.80000 76.33500000 2930.19000 248.74000 32.79800 214.01500
16 5 21 18 51 38180.40000 76.19000000 2926.68000 248.46000 32.79800 213.83000
16 5 21 18 52 38140.00000 76.12400000 2919.99000 247.50000 32.79800 212.59400
16 5 21 18 52 38025.00000 76.12400000 2913.71000 246.64000 32.79800 212.59400
16 5 21 18 53 37975.70000 76.10300000 2910.59000 246.94000 32.79800 211.73600
16 5 21 18 53 37899.80000 76.05500000 2904.72000 246.07000 32.79800 211.10900
16 5 21 18 54 37819.30000 75.97100000 2896.20000 246.01000 32.79800 211.10900
16 5 21 18 54 37800.90000 75.59300000 2900.43000 245.92000 32.79800 211.47700
16 5 21 18 54 37778.40000 75.59300000 2900.00000 246.61000 32.79800 211.47700
16 5 21 18 55 37667.00000 75.57000000 2891.05000 245.41000 32.79800 211.47700
16 5 21 18 55 37651.00000 75.64400000 2894.61000 245.29000 32.79800 211.47700
16 5 21 18 56 37620.10000 75.60000000 2890.34000 245.00000 32.79800 211.43500
16 5 21 18 56 37793.40000 75.70500000 2907.05000 246.02000 32.45700 211.97800
16 5 21 18 57 37730.00000 75.78100000 2896.14000 245.62000 32.45700 211.68600
16 5 21 18 57 37673.10000 75.82200000 2890.00000 245.19000 32.45700 211.68600
16 5 21 18 57 37676.40000 76.12300000 2888.69000 245.43000 32.38500 211.68600
16 5 21 18 58 37631.80000 75.60600000 2876.78000 245.00000 32.38500 211.68600
16 5 21 18 58 37664.20000 75.60000000 2879.48000 245.05000 32.38500 211.08500
16 5 21 18 59 37675.20000 75.50000000 2883.67000 244.92000 32.38500 211.08500
16 5 21 18 59 37574.20000 75.27600000 2874.55000 244.09000 32.38500 211.08500
16 5 21 19 00 37490.40000 75.31200000 2868.99000 243.88000 32.38500 210.69300
16 5 21 19 00 37528.80000 75.33800000 2869.63000 244.27000 32.94800 210.82900
16 5 21 19 00 37533.70000 75.33800000 2870.75000 244.27000 32.94800 210.84800
16 5 21 19 01 37699.10000 75.33200000 2888.20000 245.05000 32.94800 211.37900
16 5 21 19 01 37769.40000 75.88800000 2893.82000 245.29000 32.94800 211.37900
16 5 21 19 02 37720.20000 75.88800000 2878.13000 244.55000 32.94800 211.48900
16 5 21 19 02 37714.10000 75.50700000 2884.01000 245.33000 32.94800 211.48900
16 5 21 19 03 37710.10000 75.50700000 2875.67000 245.12000 32.94800 211.48900
16 5 21 19 03 37743.90000 75.60000000 2879.87000 244.84000 32.94800 211.46300
16 5 21 19 03 37750.00000 75.61900000 2885.54000 245.38000 32.94800 211.46300
16 5 21 19 04 37707.40000 75.57700000 2871.72000 244.81000 32.90100 211.40100
16 5 21 19 04 37575.20000 75.00000000 2870.75000 243.90000 32.42100 210.98900
16 5 21 19 05 37546.00000 75.25500000 2873.33000 244.00000 32.42100 210.35000
16 5 21 19 05 37456.90000 75.12900000 2866.42000 243.00000 32.42100 210.35000
16 5 21 19 06 37560.00000 75.20600000 2877.07000 243.57000 32.42100 210.86400
16 5 21 19 06 37639.10000 75.31200000 2875.13000 244.40000 32.42100 211.40200
16 5 21 19 06 37650.00000 75.32000000 2876.56000 244.39000 32.42100 211.38900
16 5 21 19 07 37524.30000 75.10300000 2861.84000 244.39000 32.42800 211.14900
16 5 21 19 07 37448.50000 75.00000000 2851.16000 242.40000 32.42800 210.20000
16 5 21 19 08 37444.10000 74.81200000 2857.51000 242.40000 32.42800 210.31000
16 5 21 19 08 37366.50000 74.62500000 2847.03000 242.01000 32.42800 210.31000
16 5 21 19 09 37300.10000 74.62500000 2838.27000 241.38000 32.42800 209.27000
16 5 21 19 09 37216.10000 74.34000000 2827.39000 240.69000 32.42800 207.91100
16 5 21 19 09 37199.50000 74.50900000 2827.51000 241.10000 32.42800 207.91500
16 5 21 19 10 37260.70000 74.54200000 2830.42000 241.25000 32.00000 208.39700
16 5 21 19 10 37400.20000 74.83700000 2842.57000 241.67000 32.00000 209.32800
16 5 21 19 11 37449.90000 74.76600000 2846.88000 241.69000 32.00000 209.79500
16 5 21 19 11 37579.00000 74.94900000 2857.07000 242.28000 32.72500 209.79500
16 5 21 19 12 37475.80000 74.51500000 2845.51000 241.93000 32.72500 210.14100
16 5 21 19 12 37373.80000 74.58400000 2832.87000 240.85000 32.72500 209.24600
16 5 21 19 12 37374.50000 74.58000000 2837.07000 240.81000 32.72500 209.31000
16 5 21 19 13 37400.00000 74.80900000 2843.22000 241.62000 32.72500 208.83800
16 5 21 19 13 37458.10000 74.43700000 2839.28000 241.09000 32.72500 208.82000
16 5 21 19 14 37540.80000 74.82800000 2848.46000 242.13000 32.72500 210.00000
16 5 21 19 14 37484.80000 74.58000000 2843.04000 241.55000 32.72500 210.00000
16 5 21 19 15 37528.50000 74.58000000 2842.45000 242.11000 32.72500 210.00000
16 5 21 19 15 37572.70000 74.51800000 2844.70000 242.07000 32.29300 209.94800
16 5 21 19 15 37618.30000 74.81300000 2850.17000 242.86000 32.29300 210.54800
16 5 21 19 16 37619.90000 74.93900000 2849.21000 243.89000 32.29300 210.81500
16 5 21 19 16 37619.90000 74.93900000 2848.38000 243.38000 32.29300 210.81500
16 5 21 19 17 37648.10000 74.93900000 2852.71000 243.59000 32.29300 210.81500
16 5 21 19 17 37664.50000 74.93900000 2854.62000 243.66000 32.29300 210.81500
16 5 21 19 18 37665.10000 74.93900000 2856.82000 243.70000 32.29300 211.79200
16 5 21 19 18 37700.00000 75.31200000 2859.35000 243.81000 32.29300 211.48800
16 5 21 19 18 37629.60000 75.10800000 2856.55000 243.49000 32.29300 211.76800
16 5 21 19 19 37549.20000 75.18900000 2845.14000 242.70000 32.29300 211.76800
16 5 21 19 19 37503.90000 75.00000000 2831.55000 242.70000 32.29300 210.85500
16 5 21 19 20 37475.70000 74.64800000 2828.64000 241.47000 32.29300 210.21000
16 5 21 19 20 37420.00000 74.88700000 2823.90000 241.70000 32.58000 210.21000
16 5 21 19 21 37450.00000 74.88700000 2831.12000 241.70000 32.58000 210.32900
16 5 21 19 21 37578.90000 75.00000000 2842.00000 242.88000 32.58000 210.99300
16 5 21 19 21 37608.50000 75.00000000 2845.59000 242.33000 32.58000 210.99300
16 5 21 19 22 37686.50000 75.19800000 2858.20000 242.97000 32.58000 211.13000
16 5 21 19 22 37710.70000 75.49100000 2859.01000 243.52000 32.29300 211.13000
16 5 21 19 23 37699.80000 75.35300000 2851.87000 243.22000 32.29300 211.13000
16 5 21 19 23 37604.60000 75.17000000 2846.51000 242.10000 32.29200 211.29400
16 5 21 19 24 37672.60000 75.25100000 2851.38000 242.91000 32.02000 211.29400
16 5 21 19 24 37650.00000 75.25200000 2851.03000 242.41000 32.02000 212.52500
16 5 21 19 24 37699.90000 75.47800000 2857.95000 243.17000 32.02000 212.91700
16 5 21 19 25 37711.90000 75.26900000 2855.02000 243.00000 32.02000 212.91700
16 5 21 19 25 37696.10000 75.46400000 2858.27000 243.15000 32.02000 213.37700
16 5 21 19 26 37728.40000 75.46000000 2861.11000 243.44000 32.15900 213.37700
16 5 21 19 26 37800.80000 75.56200000 2865.13000 243.44000 32.15900 213.37700
16 5 21 19 27 37800.00000 75.80300000 2867.07000 244.13000 32.15900 213.37700
