M=[
 7 12 20 18 27 15684.60000 5.04300000 485.20000 68.07000 15.47600 61.38700
 7 12 20 18 27 15700.40000 5.04300000 485.30000 68.05000 15.47600 61.38700
 7 12 20 18 28 15705.70000 5.04300000 485.45000 68.05000 15.47600 61.38700
 7 12 20 18 28 15707.60000 5.04300000 485.49000 68.21000 15.47600 61.38700
 7 12 20 18 28 15710.00000 5.04300000 485.50000 68.25000 15.47600 61.38700
 7 12 20 18 29 15710.10000 5.04300000 485.50000 68.31000 15.47600 61.59900
 7 12 20 18 29 15710.10000 5.04300000 485.50000 68.31000 15.47600 61.59900
 7 12 20 18 30 15684.20000 5.04300000 485.00000 68.05000 15.47600 61.59900
 7 12 20 18 30 15683.90000 5.04300000 485.00000 68.10000 15.47600 61.59900
 7 12 20 18 31 15681.30000 5.04300000 485.00000 68.04000 15.47600 61.59900
 7 12 20 18 31 15684.80000 5.04300000 485.00000 68.06000 15.47600 61.59900
 7 12 20 18 31 15708.20000 5.04300000 485.50000 68.10000 15.47600 61.67000
 7 12 20 18 32 15700.00000 5.04300000 485.50000 68.20000 15.47600 61.67000
 7 12 20 18 32 15704.10000 5.04300000 485.50000 68.20000 15.47600 61.67000
 7 12 20 18 33 15708.20000 5.04300000 485.52000 68.20000 15.56700 61.67000
 7 12 20 18 33 15702.10000 5.04300000 485.92000 68.21000 15.56700 61.84600
 7 12 20 18 34 15700.00000 5.04300000 485.53000 68.21000 15.56700 61.78000
 7 12 20 18 34 15700.00000 5.04300000 485.53000 68.17000 15.56700 61.78000
 7 12 20 18 34 15696.20000 5.04300000 485.95000 68.17000 15.56700 61.78000
 7 12 20 18 35 15690.20000 5.04300000 485.52000 68.21000 15.56700 61.78000
 7 12 20 18 35 15690.10000 5.04300000 485.64000 68.20000 15.56700 61.78000
 7 12 20 18 36 15690.00000 5.04300000 485.66000 68.20000 15.56700 61.78000
 7 12 20 18 36 15690.00000 5.04300000 485.64000 68.15000 15.56700 61.78000
 7 12 20 18 37 15690.50000 5.04300000 485.66000 68.16000 15.56700 61.78000
 7 12 20 18 37 15691.30000 5.04300000 485.67000 68.20000 15.56700 61.71600
 7 12 20 18 37 15699.40000 5.04300000 485.67000 68.20000 15.56700 61.71600
 7 12 20 18 38 15691.00000 5.04300000 485.63000 68.16000 15.56700 61.71600
 7 12 20 18 38 15691.10000 5.04300000 485.51000 68.17000 15.56700 61.71600
 7 12 20 18 39 15690.10000 5.03900000 485.51000 68.17000 15.56700 61.71600
 7 12 20 18 39 15692.50000 5.03900000 485.51000 68.17000 15.56700 61.71600
 7 12 20 18 40 15697.50000 5.03900000 485.66000 68.17000 15.56600 61.71600
 7 12 20 18 40 15698.70000 5.03900000 485.52000 68.17000 15.56600 61.71600
 7 12 20 18 40 15695.10000 5.03900000 485.52000 68.17000 15.56600 61.71600
 7 12 20 18 41 15695.00000 5.03900000 485.53000 68.20000 15.56600 61.71600
 7 12 20 18 41 15692.60000 5.03900000 485.52000 68.20000 15.56600 61.71600
 7 12 20 18 42 15692.60000 5.03900000 485.53000 68.20000 15.56600 61.71600
 7 12 20 18 42 15692.50000 5.03900000 485.53000 68.19000 15.56600 61.71600
 7 12 20 18 43 15692.60000 5.03900000 485.53000 68.19000 15.56600 61.71600
 7 12 20 18 43 15692.60000 5.03900000 485.53000 68.11000 15.56600 61.71600
 7 12 20 18 43 15690.20000 5.03900000 485.52000 68.11000 15.59400 61.71600
 7 12 20 18 44 15685.00000 5.03900000 485.00000 68.05000 15.59400 61.71600
 7 12 20 18 44 15680.10000 5.03900000 485.00000 68.02000 15.59400 61.71600
 7 12 20 18 45 15679.10000 5.03900000 485.00000 68.02000 15.59400 61.49200
 7 12 20 18 45 15665.00000 5.03900000 484.90000 68.01000 15.59400 61.49200
 7 12 20 18 46 15665.00000 5.03900000 484.89000 68.02000 15.59400 61.49200
 7 12 20 18 46 15661.20000 5.03900000 484.48000 68.02000 15.59400 61.49200
 7 12 20 18 46 15654.90000 5.03900000 484.06000 67.95000 15.59400 61.49200
 7 12 20 18 47 15631.10000 5.03900000 483.54000 67.80000 15.59400 61.21100
 7 12 20 18 47 15630.30000 5.03900000 483.29000 67.72000 15.59600 61.21100
 7 12 20 18 48 15630.10000 5.03900000 483.30000 67.60000 15.46700 61.21100
 7 12 20 18 48 15630.10000 5.03900000 483.30000 67.68000 15.46700 61.14900
 7 12 20 18 49 15630.20000 5.03900000 483.37000 67.65000 15.46700 61.21000
 7 12 20 18 49 15651.30000 5.03900000 483.37000 67.83000 15.53100 61.21000
 7 12 20 18 49 15654.80000 5.03900000 484.25000 67.89000 15.53100 61.21000
 7 12 20 18 50 15655.50000 5.03900000 484.53000 67.95000 15.53100 61.21000
 7 12 20 18 50 15641.40000 5.03900000 484.12000 67.95000 15.53100 61.21000
 7 12 20 18 51 15649.40000 5.03900000 484.41000 67.95000 15.53100 61.21000
 7 12 20 18 51 15649.40000 5.03900000 484.46000 67.95000 15.53100 61.21000
 7 12 20 18 52 15655.60000 5.03900000 484.90000 68.02000 15.53100 61.21000
 7 12 20 18 52 15675.60000 5.03900000 485.62000 68.16000 15.53100 61.21000
 7 12 20 18 52 15678.60000 5.03900000 485.68000 68.16000 15.53100 61.21000
 7 12 20 18 53 15678.60000 5.03900000 485.70000 68.15000 15.53100 61.21000
 7 12 20 18 53 15678.60000 5.03900000 485.40000 68.19000 15.56600 61.21000
 7 12 20 18 54 15657.50000 5.03900000 485.40000 68.19000 15.56600 61.21000
 7 12 20 18 54 15651.30000 5.03900000 484.41000 68.09000 15.56600 61.21000
 7 12 20 18 55 15655.50000 5.03900000 484.67000 68.10000 15.56600 61.21000
 7 12 20 18 55 15651.40000 5.03900000 484.75000 68.10000 15.56600 61.21000
 7 12 20 18 55 15652.00000 5.03900000 484.74000 68.10000 15.56600 61.21000
 7 12 20 18 56 15650.10000 5.03900000 484.73000 68.10000 15.56600 61.38000
 7 12 20 18 56 15650.20000 5.03900000 484.31000 68.03000 15.56600 61.38000
 7 12 20 18 57 15650.30000 5.03900000 484.60000 68.00000 15.60500 61.38000
 7 12 20 18 57 15649.30000 5.03900000 484.60000 68.00000 15.53200 61.38000
 7 12 20 18 58 15652.90000 5.03900000 484.92000 68.16000 15.53200 61.38000
 7 12 20 18 58 15653.00000 5.03900000 484.82000 68.16000 15.53200 61.38000
 7 12 20 18 58 15658.10000 5.03900000 484.54000 68.16000 15.53700 61.38000
 7 12 20 18 59 15658.10000 5.03900000 484.31000 68.16000 15.53700 61.38000
 7 12 20 18 59 15655.10000 5.03900000 484.21000 68.16000 15.53700 61.38000
 7 12 20 19 00 15640.90000 5.03900000 484.00000 68.13000 15.53700 61.38000
 7 12 20 19 00 15635.20000 5.03900000 483.49000 67.95000 15.53700 61.20900
 7 12 20 19 01 15630.60000 5.03900000 483.50000 67.95000 15.46800 61.15900
 7 12 20 19 01 15634.10000 5.03900000 483.90000 67.90000 15.46800 61.15900
 7 12 20 19 01 15647.70000 5.03900000 484.45000 67.91000 15.60600 61.15900
 7 12 20 19 02 15659.80000 5.03900000 484.57000 68.21000 15.60600 61.15900
 7 12 20 19 02 15660.70000 5.03900000 485.07000 68.21000 15.60600 61.15900
 7 12 20 19 03 15659.10000 5.03900000 484.84000 68.21000 15.60600 61.15900
 7 12 20 19 03 15661.90000 5.03900000 484.84000 68.21000 15.60600 61.54000
 7 12 20 19 04 15677.80000 5.03900000 485.44000 68.23000 15.60600 61.54000
 7 12 20 19 04 15690.00000 5.03900000 485.52000 68.43000 15.60600 61.54000
 7 12 20 19 04 15693.40000 5.03900000 485.68000 68.40000 15.60600 61.54000
 7 12 20 19 05 15691.30000 5.03900000 485.64000 68.40000 15.60600 61.54000
 7 12 20 19 05 15691.30000 5.03900000 485.42000 68.29000 15.60600 61.54000
 7 12 20 19 06 15691.30000 5.03900000 485.46000 68.29000 15.60600 61.54000
 7 12 20 19 06 15683.70000 5.03900000 485.42000 68.32000 15.60600 61.54000
 7 12 20 19 07 15683.80000 5.03900000 485.45000 68.28000 15.60600 61.54000
 7 12 20 19 07 15683.80000 5.03900000 485.45000 68.28000 15.60600 61.54000
 7 12 20 19 07 15684.10000 5.03900000 485.67000 68.30000 15.60600 61.54000
 7 12 20 19 08 15672.30000 5.03900000 485.38000 68.30000 15.60600 61.59000
 7 12 20 19 08 15672.30000 5.03900000 485.25000 68.30000 15.47000 61.59000
 7 12 20 19 09 15670.70000 5.03900000 485.61000 68.26000 15.47000 61.56200
 7 12 20 19 09 15677.50000 5.03900000 485.57000 68.26000 15.47000 61.56200
 7 12 20 19 10 15678.10000 5.03900000 485.44000 68.26000 15.47000 61.56200
 7 12 20 19 10 15678.10000 5.03900000 485.35000 68.26000 15.47000 61.56200
 7 12 20 19 10 15674.70000 5.02300000 485.40000 68.26000 15.57000 61.56200
 7 12 20 19 11 15678.10000 5.02300000 485.30000 68.29000 15.57000 61.56200
 7 12 20 19 11 15676.80000 5.02300000 485.30000 68.29000 15.57000 61.56200
 7 12 20 19 12 15661.60000 5.02300000 484.93000 68.17000 15.57000 61.56200
