M=[
31 10 20 01 02 11700.00000 4.53300000 329.88000 47.15000 11.42000 50.08300
31 10 20 01 02 11700.00000 4.53300000 329.88000 47.15000 11.42000 50.08300
31 10 20 01 03 11700.00000 4.53300000 329.88000 47.15000 11.42000 50.08300
31 10 20 01 03 11700.00000 4.53300000 330.00000 47.28000 11.42000 50.08300
31 10 20 01 04 11704.90000 4.53300000 330.00000 47.28000 11.42000 50.08300
31 10 20 01 04 11704.90000 4.53300000 330.00000 47.28000 11.42000 50.08300
31 10 20 01 05 11700.10000 4.53300000 330.00000 47.28000 11.42000 50.08300
31 10 20 01 05 11697.30000 4.53300000 330.00000 47.28000 11.42000 50.08300
31 10 20 01 05 11696.80000 4.53300000 330.30000 47.28000 11.42000 50.08300
31 10 20 01 06 11696.80000 4.53300000 330.30000 47.28000 11.42000 50.08300
31 10 20 01 06 11702.00000 4.53300000 330.25000 47.28000 11.42000 50.08300
31 10 20 01 07 11702.00000 4.53300000 330.25000 47.28000 11.42000 50.08300
31 10 20 01 07 11702.00000 4.53300000 330.25000 47.28000 11.42000 50.08300
31 10 20 01 08 11702.00000 4.53300000 330.25000 47.28000 11.42000 50.08300
31 10 20 01 08 11705.00000 4.53300000 330.25000 47.28000 11.42000 50.08300
31 10 20 01 08 11705.00000 4.53300000 330.50000 47.36000 11.42000 50.08300
31 10 20 01 09 11706.90000 4.53300000 330.82000 47.36000 11.42000 50.08300
31 10 20 01 09 11708.90000 4.53300000 330.82000 47.36000 11.42000 50.08300
31 10 20 01 10 11709.00000 4.53300000 331.18000 47.36000 11.42000 50.08300
31 10 20 01 10 11709.00000 4.53300000 331.35000 47.36000 11.42000 50.08300
31 10 20 01 11 11707.50000 4.53300000 331.35000 47.36000 11.42000 50.08300
31 10 20 01 11 11710.00000 4.53300000 331.54000 47.36000 11.42000 50.08300
31 10 20 01 11 11703.30000 4.53300000 331.45000 47.36000 11.42000 50.08300
31 10 20 01 12 11699.10000 4.53300000 331.23000 47.31000 11.42000 50.08300
31 10 20 01 12 11699.10000 4.53300000 331.23000 47.30000 11.42000 50.08300
31 10 20 01 13 11698.00000 4.53300000 331.23000 47.30000 11.42000 50.08300
31 10 20 01 13 11691.50000 4.53300000 331.23000 47.30000 11.42000 50.08300
31 10 20 01 14 11691.40000 4.53300000 330.84000 47.30000 11.42000 50.08300
31 10 20 01 14 11694.90000 4.53300000 330.84000 47.30000 11.42000 50.08300
31 10 20 01 14 11694.90000 4.53300000 330.84000 47.30000 11.42000 50.08300
31 10 20 01 15 11692.00000 4.53300000 330.84000 47.30000 11.42000 50.08300
31 10 20 01 15 11692.00000 4.53300000 330.84000 47.17000 11.42000 50.08300
31 10 20 01 16 11691.30000 4.53300000 330.84000 47.17000 11.42000 50.08300
31 10 20 01 16 11691.30000 4.53300000 331.01000 47.17000 11.42000 50.08300
31 10 20 01 17 11683.30000 4.53300000 331.01000 47.17000 11.42000 50.08300
31 10 20 01 17 11675.90000 4.53300000 330.98000 47.17000 11.42000 50.08300
31 10 20 01 17 11675.90000 4.53300000 330.98000 47.13000 11.42000 50.08300
31 10 20 01 18 11675.90000 4.53300000 330.69000 47.13000 11.42000 50.08300
31 10 20 01 18 11670.90000 4.53300000 330.69000 47.13000 11.42000 50.08300
31 10 20 01 19 11670.90000 4.53300000 330.69000 47.13000 11.42000 50.08300
31 10 20 01 19 11683.70000 4.53300000 330.68000 47.13000 11.42000 50.08300
31 10 20 01 20 11683.70000 4.53300000 330.68000 47.13000 11.42000 50.08300
31 10 20 01 20 11685.10000 4.53300000 330.82000 47.13000 11.42000 50.08300
31 10 20 01 20 11685.10000 4.53300000 330.82000 47.13000 11.42000 50.08300
31 10 20 01 21 11677.00000 4.53300000 330.82000 47.13000 11.42000 50.08300
31 10 20 01 21 11686.80000 4.53300000 330.82000 47.13000 11.42000 50.08300
31 10 20 01 22 11686.80000 4.53300000 330.82000 47.13000 11.42000 50.08300
31 10 20 01 22 11686.80000 4.53300000 330.82000 47.13000 11.42000 50.08300
31 10 20 01 23 11687.70000 4.53300000 330.82000 47.13000 11.42000 50.08300
31 10 20 01 23 11684.70000 4.53300000 330.82000 47.13000 11.42000 50.08300
31 10 20 01 23 11685.20000 4.53300000 330.82000 47.09000 11.42000 50.08300
31 10 20 01 24 11685.20000 4.53300000 330.82000 47.14000 11.42000 50.08300
31 10 20 01 24 11685.20000 4.53300000 330.82000 47.14000 11.42000 50.08300
31 10 20 01 25 11677.20000 4.53300000 330.86000 47.14000 11.42000 50.08300
31 10 20 01 25 11678.60000 4.53300000 330.81000 47.14000 11.42000 50.08300
31 10 20 01 26 11679.40000 4.53300000 330.81000 47.16000 11.42000 50.08300
31 10 20 01 26 11679.70000 4.53300000 330.81000 47.16000 11.42000 50.08300
31 10 20 01 26 11679.70000 4.53300000 330.78000 47.16000 11.42000 50.08300
31 10 20 01 27 11679.00000 4.53300000 330.78000 47.16000 11.42000 50.08300
31 10 20 01 27 11667.60000 4.53300000 330.78000 47.16000 11.42000 50.08300
31 10 20 01 28 11663.60000 4.53300000 330.68000 47.16000 11.42000 50.08300
31 10 20 01 28 11665.60000 4.53300000 330.68000 47.16000 11.42000 50.08300
31 10 20 01 29 11667.10000 4.53300000 330.68000 47.16000 11.42000 50.08300
31 10 20 01 29 11663.10000 4.53300000 330.25000 47.16000 11.42000 50.08300
31 10 20 01 29 11663.10000 4.51100000 330.35000 47.16000 11.42000 50.08300
31 10 20 01 30 11662.00000 4.51100000 330.35000 47.06000 11.42000 50.08300
31 10 20 01 30 11660.10000 4.51100000 330.35000 47.06000 11.42000 50.08300
31 10 20 01 31 11670.20000 4.51100000 330.47000 47.06000 11.42000 50.08300
31 10 20 01 31 11668.60000 4.51100000 330.47000 47.06000 11.42000 50.08300
31 10 20 01 32 11668.60000 4.51100000 330.47000 47.08000 11.42000 50.08300
31 10 20 01 32 11684.20000 4.51100000 330.91000 47.08000 11.42000 50.08300
31 10 20 01 32 11684.20000 4.51100000 330.91000 47.08000 11.42000 50.08300
31 10 20 01 33 11684.20000 4.51100000 330.91000 47.08000 11.42000 50.08300
31 10 20 01 33 11684.20000 4.51100000 330.91000 47.08000 11.42000 50.08300
31 10 20 01 34 11683.70000 4.51100000 330.98000 47.08000 11.42000 50.08300
31 10 20 01 34 11687.70000 4.51600000 330.98000 47.08000 11.42000 50.08300
31 10 20 01 35 11687.70000 4.51600000 330.98000 47.08000 11.42000 50.08300
31 10 20 01 35 11687.70000 4.51600000 330.98000 47.08000 11.42000 50.08300
31 10 20 01 35 11686.20000 4.51600000 330.98000 47.08000 11.42000 50.08300
31 10 20 01 36 11686.20000 4.51600000 330.98000 47.08000 11.42000 50.08300
31 10 20 01 36 11684.10000 4.51600000 330.98000 47.08000 11.42000 50.08300
31 10 20 01 37 11683.80000 4.51600000 330.98000 47.07000 11.42000 50.08300
31 10 20 01 37 11683.70000 4.51600000 330.98000 47.07000 11.42000 50.08300
31 10 20 01 38 11683.80000 4.51600000 330.67000 47.07000 11.42000 50.08300
31 10 20 01 38 11683.80000 4.51600000 330.56000 47.07000 11.42000 50.08300
31 10 20 01 38 11683.70000 4.51600000 330.56000 47.07000 11.42000 50.08300
31 10 20 01 39 11670.30000 4.51600000 330.56000 47.07000 11.42000 50.08300
31 10 20 01 39 11668.00000 4.51600000 330.56000 47.07000 11.42000 50.08300
31 10 20 01 40 11668.00000 4.51500000 330.48000 47.07000 11.42000 50.08300
31 10 20 01 40 11668.00000 4.51500000 330.48000 47.06000 11.42000 50.08300
31 10 20 01 41 11668.00000 4.51500000 330.48000 47.06000 11.42000 50.08300
31 10 20 01 41 11680.70000 4.51600000 330.93000 47.06000 11.42000 50.08300
31 10 20 01 41 11680.90000 4.51600000 330.88000 47.06000 11.42000 50.08300
31 10 20 01 42 11676.70000 4.51600000 330.88000 47.06000 11.42000 50.08300
31 10 20 01 42 11676.70000 4.51600000 330.80000 47.06000 11.42000 50.08300
31 10 20 01 43 11671.60000 4.51600000 330.80000 47.06000 11.42000 50.08300
31 10 20 01 43 11671.60000 4.51600000 330.80000 47.06000 11.42000 50.08300
31 10 20 01 44 11675.60000 4.51600000 330.80000 47.06000 11.42000 50.08300
31 10 20 01 44 11680.70000 4.51600000 330.80000 47.06000 11.42000 50.08300
31 10 20 01 44 11680.70000 4.51600000 330.80000 47.06000 11.42000 50.08300
31 10 20 01 45 11681.00000 4.51600000 330.80000 47.06000 11.42000 50.08300
31 10 20 01 45 11681.00000 4.51600000 330.99000 47.06000 11.42000 50.08300
31 10 20 01 46 11680.90000 4.51600000 330.99000 47.06000 11.42000 50.08300
31 10 20 01 46 11681.00000 4.51600000 330.99000 47.06000 11.42000 50.08300
31 10 20 01 47 11681.00000 4.51600000 330.99000 47.06000 11.42000 50.08300
31 10 20 01 47 11687.70000 4.51600000 330.99000 47.06000 11.42000 50.08300
