M=[
 8 3 21 01 57 43099.60000 9.92600000 1452.39000 161.63000 26.51500 109.93500
 8 3 21 01 57 43099.50000 9.92600000 1452.39000 161.63000 26.51500 109.93500
 8 3 21 01 58 43130.00000 9.92600000 1452.85000 161.63000 26.51500 109.93500
 8 3 21 01 58 43141.60000 9.92600000 1452.85000 161.63000 26.51500 109.93500
 8 3 21 01 59 43147.20000 9.92600000 1454.12000 161.57000 26.51500 109.93500
 8 3 21 01 59 43165.50000 9.92600000 1454.12000 161.74000 26.51500 109.93500
 8 3 21 01 59 43165.50000 9.92600000 1454.67000 161.74000 26.51500 109.93500
 8 3 21 02 00 43186.20000 9.92600000 1455.47000 161.74000 26.51500 109.93500
 8 3 21 02 00 43161.30000 9.92600000 1455.47000 161.74000 26.51500 109.93500
 8 3 21 02 01 43136.00000 9.92600000 1455.47000 161.68000 26.51500 109.93500
 8 3 21 02 01 43177.20000 9.92600000 1455.47000 161.71000 26.51500 109.93500
 8 3 21 02 02 43186.90000 9.92600000 1455.47000 161.76000 26.51500 109.93500
 8 3 21 02 02 43199.90000 9.92600000 1455.54000 161.76000 26.51500 109.93500
 8 3 21 02 02 43158.10000 9.92600000 1455.54000 161.85000 26.51500 109.93500
 8 3 21 02 03 43158.10000 9.93000000 1452.96000 161.73000 26.51500 109.93500
 8 3 21 02 03 43158.10000 9.93000000 1453.34000 161.73000 26.51500 109.93500
 8 3 21 02 04 43139.30000 9.93000000 1453.33000 161.73000 26.51500 109.93500
 8 3 21 02 04 43126.30000 9.93000000 1453.92000 161.73000 26.51500 109.93500
 8 3 21 02 04 43126.40000 9.93000000 1453.18000 161.73000 26.51500 109.93500
 8 3 21 02 05 43088.50000 9.93000000 1453.18000 161.73000 26.51500 109.93500
 8 3 21 02 05 43030.80000 9.93000000 1452.15000 161.73000 26.51500 109.93500
 8 3 21 02 06 42930.60000 9.93000000 1448.90000 161.17000 26.51500 109.93500
 8 3 21 02 06 42985.00000 9.93000000 1450.66000 161.03000 26.51500 109.93500
 8 3 21 02 07 42958.00000 9.90400000 1447.34000 161.03000 26.51500 109.75700
 8 3 21 02 07 42958.20000 9.90400000 1447.34000 161.03000 26.51500 109.75700
 8 3 21 02 07 42891.70000 9.90400000 1445.97000 160.95000 26.51500 109.75700
 8 3 21 02 08 42936.70000 9.90400000 1445.97000 160.69000 26.51500 109.75700
 8 3 21 02 08 42906.10000 9.90400000 1444.04000 160.69000 26.51500 109.75700
 8 3 21 02 09 42876.10000 9.84400000 1444.12000 160.68000 26.51500 109.75700
 8 3 21 02 09 42883.60000 9.84400000 1444.14000 160.54000 26.51500 109.75700
 8 3 21 02 10 42860.80000 9.84400000 1442.26000 160.54000 26.51500 109.75700
 8 3 21 02 10 42860.80000 9.84400000 1445.21000 160.54000 26.51500 109.17400
 8 3 21 02 10 42900.00000 9.84400000 1446.40000 160.54000 26.51500 109.17400
 8 3 21 02 11 42901.20000 9.84400000 1447.28000 161.02000 26.51500 109.17400
 8 3 21 02 11 42917.50000 9.82700000 1447.28000 160.82000 26.51500 109.17400
 8 3 21 02 12 42887.90000 9.82700000 1447.05000 160.82000 26.51500 109.17400
 8 3 21 02 12 42914.20000 9.82700000 1447.06000 160.65000 26.51500 109.17400
 8 3 21 02 13 42926.10000 9.82700000 1447.06000 160.67000 26.51500 108.97200
 8 3 21 02 13 42934.10000 9.82700000 1447.33000 160.67000 26.51500 108.97200
 8 3 21 02 13 42945.30000 9.82700000 1447.55000 160.67000 26.51500 108.97200
 8 3 21 02 14 42945.40000 9.82700000 1447.55000 160.67000 26.51500 108.97200
 8 3 21 02 14 42953.90000 9.82700000 1447.55000 160.67000 26.51500 108.97200
 8 3 21 02 15 42953.90000 9.82700000 1447.55000 160.67000 26.51500 108.97200
 8 3 21 02 15 42958.30000 9.82700000 1448.17000 160.66000 26.51500 108.97200
 8 3 21 02 16 42966.90000 9.82700000 1448.17000 160.66000 26.51500 108.97200
 8 3 21 02 16 42953.90000 9.82700000 1449.15000 160.66000 26.51500 108.97200
 8 3 21 02 16 42924.90000 9.82700000 1449.38000 160.66000 26.51500 108.97200
 8 3 21 02 17 42952.00000 9.82700000 1449.31000 160.66000 26.51500 108.97200
 8 3 21 02 17 42943.30000 9.82700000 1448.76000 160.66000 26.51500 108.97200
 8 3 21 02 18 42943.30000 9.82700000 1448.76000 160.62000 26.51500 108.97200
 8 3 21 02 18 42892.50000 9.82700000 1447.30000 160.62000 26.51500 108.97200
 8 3 21 02 19 42895.80000 9.82700000 1447.40000 160.37000 26.51500 108.97200
 8 3 21 02 19 42860.70000 9.77900000 1445.86000 160.08000 26.51500 108.97200
 8 3 21 02 19 42906.50000 9.73700000 1446.59000 160.08000 26.51500 108.97200
 8 3 21 02 20 42943.30000 9.73700000 1446.62000 160.45000 26.51500 108.97200
 8 3 21 02 20 42957.40000 9.73700000 1446.62000 160.49000 26.51500 108.97200
 8 3 21 02 21 42962.80000 9.73700000 1449.89000 160.59000 26.51500 108.97200
 8 3 21 02 21 42985.30000 9.73700000 1449.90000 160.87000 26.51500 108.97200
 8 3 21 02 22 42999.90000 9.73700000 1449.90000 160.87000 26.51500 108.83000
 8 3 21 02 22 42999.90000 9.73700000 1449.90000 160.53000 26.51500 108.83000
 8 3 21 02 22 42990.00000 9.73700000 1450.95000 160.53000 26.51500 108.83000
 8 3 21 02 23 42981.40000 9.73700000 1450.95000 160.42000 26.51500 108.83000
 8 3 21 02 23 42970.00000 9.73700000 1450.95000 160.15000 26.51500 108.83000
 8 3 21 02 24 42966.80000 9.77400000 1450.50000 160.04000 26.51500 108.83000
 8 3 21 02 24 42908.70000 9.77400000 1449.99000 160.04000 26.51500 108.83000
 8 3 21 02 25 42917.10000 9.74900000 1449.18000 160.04000 26.51500 108.83000
 8 3 21 02 25 42917.10000 9.74900000 1448.30000 160.04000 26.51500 108.83000
 8 3 21 02 25 42917.30000 9.74900000 1448.30000 160.04000 26.51500 108.72700
 8 3 21 02 26 42956.70000 9.74900000 1448.30000 160.34000 26.51500 108.72700
 8 3 21 02 26 42932.30000 9.74900000 1448.19000 160.01000 26.51500 108.72700
 8 3 21 02 27 42900.10000 9.74900000 1446.78000 160.01000 26.51500 108.72700
 8 3 21 02 27 42899.40000 9.74900000 1446.78000 160.01000 26.51500 108.72700
 8 3 21 02 28 42860.70000 9.74900000 1443.05000 159.76000 26.51500 108.72700
 8 3 21 02 28 42738.60000 9.74900000 1442.35000 159.68000 26.51500 108.72700
 8 3 21 02 28 42677.00000 9.74900000 1440.50000 159.36000 26.51500 108.68200
 8 3 21 02 29 42617.20000 9.74900000 1439.63000 159.36000 26.51500 108.68200
 8 3 21 02 29 42677.00000 9.74900000 1438.98000 159.23000 26.51500 108.68200
 8 3 21 02 30 42623.00000 9.74900000 1438.33000 159.12000 26.51500 108.68200
 8 3 21 02 30 42595.50000 9.74900000 1436.25000 158.64000 26.51500 108.68200
 8 3 21 02 31 42567.50000 9.66000000 1436.55000 158.64000 26.51500 108.68200
 8 3 21 02 31 42618.60000 9.66000000 1438.09000 158.88000 26.51500 108.68200
 8 3 21 02 31 42622.50000 9.65000000 1439.00000 158.99000 26.51500 108.68200
 8 3 21 02 32 42613.60000 9.65000000 1438.39000 158.97000 26.51500 108.68200
 8 3 21 02 32 42599.90000 9.65000000 1438.94000 159.00000 26.51500 108.68200
 8 3 21 02 33 42644.50000 9.65000000 1441.30000 159.12000 26.51500 108.68200
 8 3 21 02 33 42627.20000 9.65000000 1441.30000 159.12000 26.51500 108.49200
 8 3 21 02 34 42652.80000 9.65000000 1441.77000 159.08000 26.51500 108.49200
 8 3 21 02 34 42590.10000 9.65000000 1440.34000 159.08000 26.51500 108.49200
 8 3 21 02 34 42630.70000 9.65000000 1442.05000 159.15000 26.51500 108.49200
 8 3 21 02 35 42649.90000 9.65000000 1443.19000 159.15000 26.51500 108.49200
 8 3 21 02 35 42650.00000 9.65000000 1445.07000 159.15000 26.51500 108.49200
 8 3 21 02 36 42642.40000 9.65000000 1444.78000 159.15000 26.51500 108.49200
 8 3 21 02 36 42582.90000 9.65000000 1444.78000 159.44000 26.51500 108.49200
 8 3 21 02 37 42552.90000 9.65000000 1444.78000 159.07000 26.51500 108.49200
 8 3 21 02 37 42521.30000 9.65000000 1437.89000 158.91000 26.51500 108.49200
 8 3 21 02 37 42543.00000 9.65000000 1437.59000 158.68000 26.51500 108.49200
 8 3 21 02 38 42485.20000 9.65000000 1440.34000 158.54000 26.51500 108.49200
 8 3 21 02 38 42507.80000 9.65000000 1440.62000 158.86000 26.51500 108.49200
 8 3 21 02 39 42543.00000 9.65000000 1439.79000 158.86000 26.51500 108.49200
 8 3 21 02 39 42525.50000 9.65000000 1439.56000 158.86000 26.51500 108.49200
 8 3 21 02 40 42503.50000 9.65000000 1438.92000 158.86000 26.51500 108.49200
 8 3 21 02 40 42503.10000 9.65000000 1438.42000 158.86000 26.51500 108.49200
 8 3 21 02 40 42483.40000 9.65000000 1438.42000 158.75000 26.51500 108.49200
