M=[
18 7 20 12 52 8045.30000 5.29000000 206.14000 37.29000 16.47600 51.49400
18 7 20 12 53 8044.20000 5.29000000 206.14000 37.29000 16.47600 51.49400
18 7 20 12 53 8046.20000 5.29000000 206.11000 37.29000 16.47600 51.49400
18 7 20 12 54 8044.40000 5.29000000 206.11000 37.29000 16.47600 51.49400
18 7 20 12 54 8043.60000 5.29000000 206.10000 37.29000 16.47600 51.49400
18 7 20 12 54 8043.70000 5.29000000 206.10000 37.26000 16.47600 51.49400
18 7 20 12 55 8044.70000 5.29000000 205.95000 37.28000 16.47600 51.49400
18 7 20 12 55 8043.70000 5.29000000 205.95000 37.28000 16.47600 51.49400
18 7 20 12 56 8043.60000 5.29000000 205.95000 37.28000 16.47600 51.49400
18 7 20 12 56 8043.70000 5.29000000 205.93000 37.28000 16.47600 51.49400
18 7 20 12 57 8043.80000 5.29000000 205.90000 37.28000 16.47600 51.49400
18 7 20 12 57 8043.80000 5.29000000 205.90000 37.28000 16.47600 51.49400
18 7 20 12 58 8044.10000 5.29000000 205.90000 37.28000 16.47600 51.49400
18 7 20 12 58 8043.90000 5.29000000 205.90000 37.28000 16.47600 51.49400
18 7 20 12 58 8043.90000 5.29000000 205.89000 37.28000 16.47600 51.49400
18 7 20 12 59 8043.90000 5.29000000 205.89000 37.28000 16.47600 51.49400
18 7 20 12 59 8043.60000 5.29000000 205.80000 37.28000 16.47600 51.49400
18 7 20 13 00 8044.00000 5.29000000 205.74000 37.28000 16.47600 51.49400
18 7 20 13 00 8044.00000 5.29000000 205.74000 37.28000 16.47600 51.49400
18 7 20 13 01 8044.10000 5.29000000 205.90000 37.28000 16.47600 51.49400
18 7 20 13 01 8044.10000 5.29000000 205.90000 37.28000 16.47600 51.49400
18 7 20 13 02 8044.10000 5.29000000 205.89000 37.28000 16.47600 51.49400
18 7 20 13 02 8044.10000 5.29000000 205.89000 37.28000 16.47600 51.49400
18 7 20 13 03 8045.00000 5.29000000 205.89000 37.28000 16.47600 51.49400
18 7 20 13 03 8044.80000 5.29000000 205.90000 37.28000 16.47600 51.49400
18 7 20 13 04 8045.30000 5.29000000 205.90000 37.28000 16.47600 51.49400
18 7 20 13 04 8045.50000 5.29000000 205.90000 37.28000 16.47600 51.49400
18 7 20 13 04 8045.90000 5.29000000 205.90000 37.28000 16.47600 51.49400
18 7 20 13 05 8048.20000 5.29000000 205.90000 37.28000 16.47600 51.49400
18 7 20 13 05 8047.20000 5.29000000 205.90000 37.28000 16.47600 51.49400
18 7 20 13 06 8047.20000 5.29000000 205.90000 37.28000 16.47600 51.49400
18 7 20 13 06 8047.30000 5.29000000 205.89000 37.28000 16.47600 51.49400
18 7 20 13 07 8047.30000 5.29000000 205.89000 37.28000 16.47600 51.49400
18 7 20 13 07 8047.30000 5.29000000 205.90000 37.28000 16.47600 51.49400
18 7 20 13 08 8045.10000 5.29000000 205.89000 37.28000 16.47600 51.49400
18 7 20 13 08 8045.90000 5.29000000 205.90000 37.28000 16.47600 51.49400
18 7 20 13 09 8045.90000 5.29000000 205.90000 37.28000 16.47600 51.49400
18 7 20 13 09 8045.90000 5.29000000 205.89000 37.34000 16.47600 51.49400
18 7 20 13 09 8045.90000 5.29000000 205.89000 37.34000 16.47600 51.49400
18 7 20 13 10 8045.80000 5.29000000 205.90000 37.36000 16.47600 51.49400
18 7 20 13 10 8045.90000 5.29000000 205.90000 37.36000 16.47600 51.49400
18 7 20 13 11 8045.90000 5.29000000 205.90000 37.36000 16.47600 51.49400
18 7 20 13 11 8045.90000 5.29000000 205.90000 37.36000 16.47600 51.49400
18 7 20 13 12 8045.90000 5.29000000 205.90000 37.36000 16.47600 51.49400
18 7 20 13 12 8045.90000 5.29000000 205.90000 37.36000 16.47600 51.49400
18 7 20 13 13 8045.80000 5.29000000 205.89000 37.38000 16.47600 51.49400
18 7 20 13 13 8045.90000 5.29000000 205.89000 37.39000 16.47600 51.49400
18 7 20 13 13 8045.90000 5.29000000 205.89000 37.40000 16.47600 51.49400
18 7 20 13 14 8045.80000 5.29000000 205.90000 37.43000 16.47600 51.49400
18 7 20 13 14 8045.90000 5.29000000 205.90000 37.43000 16.47600 51.49400
18 7 20 13 15 8045.80000 5.30000000 205.90000 37.47000 16.47600 51.49400
18 7 20 13 15 8045.90000 5.30000000 205.90000 37.50000 16.47600 51.49400
18 7 20 13 16 8045.90000 5.30000000 205.90000 37.50000 16.47600 51.49400
18 7 20 13 16 8045.80000 5.30000000 205.90000 37.50000 16.47600 51.49400
18 7 20 13 17 8045.90000 5.30000000 205.90000 37.50000 16.47600 51.49400
18 7 20 13 17 8045.80000 5.30000000 205.90000 37.50000 16.47600 51.49400
18 7 20 13 18 8047.40000 5.30000000 205.90000 37.50000 16.47600 51.49400
18 7 20 13 18 8047.20000 5.30000000 206.07000 37.50000 16.47600 51.49400
18 7 20 13 18 8046.00000 5.30000000 206.07000 37.50000 16.47600 51.49400
18 7 20 13 19 8046.00000 5.30000000 206.07000 37.50000 16.47600 51.49400
18 7 20 13 19 8046.00000 5.30000000 206.07000 37.43000 16.47600 51.49400
18 7 20 13 20 8047.00000 5.30000000 206.07000 37.42000 16.47600 51.49400
18 7 20 13 20 8047.00000 5.30000000 206.07000 37.44000 16.47600 51.49400
18 7 20 13 21 8046.90000 5.30000000 206.07000 37.41000 16.47600 51.49400
18 7 20 13 21 8047.00000 5.30000000 206.07000 37.41000 16.47600 51.49400
18 7 20 13 22 8046.90000 5.30000000 206.07000 37.41000 16.47600 51.49400
18 7 20 13 22 8047.00000 5.30000000 206.07000 37.45000 16.47600 51.49400
18 7 20 13 22 8048.10000 5.30000000 206.07000 37.45000 16.47600 51.49400
18 7 20 13 23 8048.10000 5.30000000 206.07000 37.45000 16.47600 51.49400
18 7 20 13 23 8048.10000 5.30000000 206.07000 37.45000 16.47600 51.49400
18 7 20 13 24 8048.10000 5.30000000 206.07000 37.45000 16.47600 51.49400
18 7 20 13 24 8048.00000 5.30000000 206.07000 37.45000 16.47600 51.49400
18 7 20 13 25 8048.00000 5.30000000 206.06000 37.45000 16.47600 51.49400
18 7 20 13 25 8048.10000 5.31100000 206.06000 37.51000 16.47600 51.49400
18 7 20 13 26 8048.10000 5.31100000 206.07000 37.51000 16.47600 51.49400
18 7 20 13 26 8048.10000 5.31100000 206.07000 37.51000 16.47600 51.72800
18 7 20 13 26 8048.10000 5.31100000 206.01000 37.51000 16.47600 51.72800
18 7 20 13 27 8048.10000 5.31100000 206.01000 37.51000 16.47600 51.64900
18 7 20 13 27 8048.10000 5.31100000 206.01000 37.51000 16.47600 51.64900
18 7 20 13 28 8048.10000 5.31100000 206.01000 37.51000 16.47600 51.64900
18 7 20 13 28 8048.10000 5.31100000 206.01000 37.51000 16.47600 51.64900
18 7 20 13 29 8044.00000 5.31100000 205.97000 37.51000 16.47600 51.64900
18 7 20 13 29 8044.50000 5.31100000 205.97000 37.45000 16.47600 51.64900
18 7 20 13 30 8044.10000 5.31100000 205.97000 37.45000 16.47600 51.64900
18 7 20 13 30 8045.50000 5.31100000 205.96000 37.45000 16.47600 51.64900
18 7 20 13 31 8045.50000 5.31100000 205.96000 37.50000 16.47600 51.64900
18 7 20 13 31 8046.00000 5.31100000 205.96000 37.50000 16.47600 51.64900
18 7 20 13 31 8045.90000 5.31100000 205.96000 37.50000 16.47600 51.64900
18 7 20 13 32 8045.90000 5.31100000 205.91000 37.50000 16.47600 51.64900
18 7 20 13 32 8046.30000 5.31100000 205.91000 37.50000 16.47600 51.64900
18 7 20 13 33 8046.60000 5.31100000 205.91000 37.50000 16.47600 51.64900
18 7 20 13 33 8043.60000 5.31100000 205.91000 37.50000 16.47600 51.64900
18 7 20 13 34 8046.60000 5.31100000 205.91000 37.50000 16.47600 51.64900
18 7 20 13 34 8046.60000 5.31100000 205.90000 37.50000 16.47600 51.70000
18 7 20 13 35 8046.60000 5.31100000 205.90000 37.50000 16.47600 51.70000
18 7 20 13 35 8044.00000 5.31100000 205.91000 37.51000 16.47600 51.69800
18 7 20 13 36 8045.50000 5.31100000 205.91000 37.51000 16.47600 51.69800
18 7 20 13 36 8044.00000 5.31100000 205.91000 37.51000 16.47600 51.69800
18 7 20 13 36 8045.80000 5.31100000 205.91000 37.51000 16.47600 51.69800
18 7 20 13 37 8045.10000 5.31100000 205.90000 37.51000 16.47600 51.69800
18 7 20 13 37 8045.90000 5.31100000 205.90000 37.51000 16.47600 51.69800
18 7 20 13 38 8045.00000 5.31100000 205.90000 37.48000 16.47600 51.69800
18 7 20 13 38 8045.00000 5.31100000 205.90000 37.48000 16.47600 51.69800
18 7 20 13 39 8045.10000 5.31100000 205.75000 37.48000 16.47600 51.69800
18 7 20 13 39 8041.60000 5.31100000 205.71000 37.48000 16.47600 51.69800
18 7 20 13 40 8041.00000 5.31100000 205.71000 37.41000 16.47600 51.69800
18 7 20 13 40 8041.40000 5.31100000 205.71000 37.40000 16.47600 51.69800
18 7 20 13 40 8043.20000 5.31100000 205.72000 37.40000 16.47600 51.69800
18 7 20 13 41 8042.00000 5.31000000 205.72000 37.40000 16.47600 51.69800
