M=[
11 2 21 09 29 37177.30000 9.09000000 1447.34000 153.09000 22.72600 100.48000
11 2 21 09 30 37207.40000 9.12800000 1448.33000 153.21000 22.72600 101.63400
11 2 21 09 30 37237.90000 9.13800000 1448.87000 153.38000 22.72600 101.98300
11 2 21 09 31 37252.10000 9.13800000 1450.45000 153.45000 22.72600 102.19300
11 2 21 09 31 37280.30000 9.13800000 1450.44000 153.45000 22.72600 102.24900
11 2 21 09 32 37299.90000 9.13800000 1449.35000 153.68000 22.72600 101.54600
11 2 21 09 32 37253.90000 9.13800000 1449.00000 153.68000 22.72600 101.70700
11 2 21 09 32 37258.20000 9.13800000 1449.01000 153.40000 22.72600 102.60900
11 2 21 09 33 37175.20000 9.13800000 1445.98000 153.30000 22.72600 103.14300
11 2 21 09 33 37187.20000 9.12400000 1445.01000 153.02000 22.72600 103.02600
11 2 21 09 34 37187.10000 9.08000000 1445.15000 153.06000 22.72600 103.66000
11 2 21 09 34 37203.30000 9.08000000 1446.62000 153.09000 22.72700 104.16900
11 2 21 09 35 37199.80000 9.08000000 1446.80000 153.28000 22.72700 104.36900
11 2 21 09 35 37255.50000 9.08000000 1448.24000 153.31000 22.72700 104.36900
11 2 21 09 35 37253.30000 9.09600000 1448.23000 153.57000 22.72700 103.80900
11 2 21 09 36 37249.90000 9.09600000 1448.98000 153.62000 22.72700 103.78100
11 2 21 09 36 37218.50000 9.09600000 1448.56000 153.50000 22.72700 104.65300
11 2 21 09 37 37245.00000 9.09600000 1449.00000 153.54000 22.72700 104.63000
11 2 21 09 37 37245.30000 9.09600000 1450.12000 153.51000 22.72700 104.96800
11 2 21 09 38 37250.90000 9.09600000 1450.11000 153.55000 22.72700 104.81800
11 2 21 09 38 37249.80000 9.16400000 1449.45000 153.68000 22.72600 104.57700
11 2 21 09 38 37250.00000 9.16300000 1450.11000 153.68000 22.72600 104.29100
11 2 21 09 39 37250.00000 9.16300000 1451.60000 153.94000 22.72600 104.81900
11 2 21 09 39 37260.00000 9.16300000 1452.00000 153.94000 22.72600 103.88900
11 2 21 09 40 37300.00000 9.14600000 1453.43000 153.95000 22.72600 103.88900
11 2 21 09 40 37275.20000 9.14600000 1451.07000 154.08000 22.72600 104.35800
11 2 21 09 41 37298.80000 9.14600000 1451.70000 153.98000 22.72600 104.35800
11 2 21 09 41 37298.90000 9.14600000 1450.61000 153.77000 22.72600 104.33900
11 2 21 09 41 37294.50000 9.11300000 1449.36000 153.78000 22.72600 104.37200
11 2 21 09 42 37297.20000 9.11300000 1449.83000 153.79000 22.72600 104.68900
11 2 21 09 42 37302.40000 9.11300000 1450.27000 153.86000 22.72600 104.16900
11 2 21 09 43 37316.70000 9.11300000 1450.08000 153.95000 22.72600 104.49500
11 2 21 09 43 37320.20000 9.11300000 1449.16000 153.92000 22.72600 104.31700
11 2 21 09 44 37320.20000 9.11300000 1449.99000 153.92000 22.72600 104.11000
11 2 21 09 44 37311.00000 9.11300000 1450.07000 154.00000 22.72600 104.28700
11 2 21 09 44 37311.00000 9.11300000 1451.30000 153.98000 22.72600 104.28700
11 2 21 09 45 37324.30000 9.16200000 1451.24000 153.91000 22.72600 104.50000
11 2 21 09 45 37327.90000 9.16200000 1451.65000 153.97000 22.72600 104.84400
11 2 21 09 46 37330.00000 9.16200000 1452.27000 153.86000 22.72600 104.47700
11 2 21 09 46 37320.10000 9.16200000 1451.63000 153.86000 22.72600 104.12000
11 2 21 09 47 37317.40000 9.17700000 1452.00000 153.94000 22.72600 104.43200
11 2 21 09 47 37328.60000 9.18000000 1452.00000 154.05000 22.72600 105.00000
11 2 21 09 47 37330.00000 9.20000000 1453.58000 154.31000 22.72600 105.19800
11 2 21 09 48 37330.00000 9.20700000 1453.60000 154.46000 22.72600 105.23700
11 2 21 09 48 37340.00000 9.20700000 1453.51000 154.55000 22.72600 105.38800
11 2 21 09 49 37395.70000 9.20700000 1453.74000 154.57000 22.72600 105.77300
11 2 21 09 49 37371.30000 9.20700000 1453.12000 154.57000 22.72600 105.23400
11 2 21 09 50 37383.90000 9.20700000 1454.00000 154.55000 22.72600 104.68700
11 2 21 09 50 37456.00000 9.22400000 1456.56000 154.97000 22.72600 104.68700
11 2 21 09 50 37452.80000 9.22400000 1458.45000 155.00000 22.72600 104.49000
11 2 21 09 51 37457.60000 9.22400000 1458.46000 155.00000 22.72600 104.16400
11 2 21 09 51 37428.20000 9.15900000 1457.53000 154.87000 22.72600 103.70800
11 2 21 09 52 37430.70000 9.15900000 1458.12000 154.54000 22.72600 103.80300
11 2 21 09 52 37428.60000 9.17700000 1458.48000 154.51000 22.72600 103.87400
11 2 21 09 53 37412.50000 9.17700000 1457.34000 154.61000 22.90900 103.87400
11 2 21 09 53 37412.50000 9.17700000 1457.48000 154.62000 22.90900 103.95800
11 2 21 09 53 37442.00000 9.17700000 1457.36000 154.61000 22.90900 104.13900
11 2 21 09 54 37457.60000 9.17700000 1457.57000 154.72000 22.90900 104.13900
11 2 21 09 54 37497.90000 9.17700000 1459.00000 154.94000 22.90900 104.13900
11 2 21 09 55 37500.00000 9.17700000 1458.96000 155.08000 22.97300 104.13900
11 2 21 09 55 37569.00000 9.17700000 1459.47000 155.10000 22.97300 104.13900
11 2 21 09 56 37643.90000 9.17700000 1459.98000 155.45000 22.97300 105.14900
11 2 21 09 56 37642.00000 9.22700000 1459.90000 155.46000 22.97300 105.14900
11 2 21 09 56 37673.90000 9.24000000 1459.67000 155.55000 22.97300 105.14900
11 2 21 09 57 37588.50000 9.24700000 1459.28000 155.41000 22.97300 105.00900
11 2 21 09 57 37567.60000 9.24700000 1458.76000 155.19000 22.97300 104.65400
11 2 21 09 58 37586.80000 9.24200000 1458.00000 155.43000 22.97300 104.53800
11 2 21 09 58 37593.50000 9.24200000 1458.00000 155.48000 22.97300 104.43500
11 2 21 09 59 37594.10000 9.23700000 1457.99000 155.65000 22.97300 104.51100
11 2 21 09 59 37600.00000 9.23700000 1459.50000 155.87000 22.97300 104.51100
11 2 21 09 59 37612.40000 9.23700000 1459.55000 155.83000 22.97300 104.51100
11 2 21 10 00 37613.20000 9.20900000 1460.21000 155.87000 22.97300 104.64100
11 2 21 10 00 37612.30000 9.25000000 1461.00000 155.96000 22.97300 105.10000
11 2 21 10 01 37607.50000 9.26200000 1462.45000 155.97000 22.97300 105.10000
11 2 21 10 01 37585.10000 9.26200000 1460.74000 155.78000 22.97300 105.09000
11 2 21 10 02 37680.00000 9.26200000 1463.05000 156.10000 22.97300 105.73600
11 2 21 10 02 37740.60000 9.29200000 1463.51000 156.36000 22.97300 105.84700
11 2 21 10 02 37703.60000 9.29200000 1461.77000 156.14000 22.97300 105.68400
11 2 21 10 03 37708.70000 9.29600000 1461.96000 156.40000 22.97300 106.00000
11 2 21 10 03 37705.90000 9.29600000 1461.16000 156.14000 22.97300 106.00000
11 2 21 10 04 37705.00000 9.29600000 1460.51000 155.72000 22.97300 106.01300
11 2 21 10 04 37700.50000 9.30000000 1459.75000 155.38000 22.97300 105.96500
11 2 21 10 05 37700.50000 9.30000000 1459.57000 155.62000 22.97300 106.34800
11 2 21 10 05 37700.60000 9.27300000 1459.33000 155.53000 22.97300 106.34800
11 2 21 10 05 37752.80000 9.27300000 1459.00000 155.57000 22.97300 106.34800
11 2 21 10 06 37744.70000 9.24000000 1458.86000 155.73000 22.97300 106.60000
11 2 21 10 06 37723.60000 9.24500000 1457.22000 155.70000 22.97300 106.05500
11 2 21 10 07 37717.00000 9.24500000 1457.90000 155.66000 22.94400 106.05400
11 2 21 10 07 37700.10000 9.24500000 1458.00000 155.61000 22.94400 106.05400
11 2 21 10 08 37674.00000 9.24500000 1458.00000 155.41000 22.94400 106.10600
11 2 21 10 08 37702.20000 9.24500000 1458.00000 155.44000 22.94400 106.10600
11 2 21 10 08 37645.60000 9.24500000 1459.42000 155.30000 22.94400 106.10600
11 2 21 10 09 37650.00000 9.24500000 1459.33000 155.28000 22.74000 106.18100
11 2 21 10 09 37704.80000 9.27100000 1460.22000 155.48000 22.74000 106.50000
11 2 21 10 10 37673.70000 9.22800000 1459.01000 155.28000 22.74000 106.41400
11 2 21 10 10 37670.00000 9.22400000 1459.00000 155.17000 22.74000 106.13200
11 2 21 10 11 37628.60000 9.26600000 1458.48000 155.06000 22.74000 105.86900
11 2 21 10 11 37612.50000 9.26600000 1458.47000 154.82000 22.74000 105.67300
11 2 21 10 11 37612.70000 9.26600000 1459.50000 154.84000 22.74000 105.88200
11 2 21 10 12 37612.70000 9.26600000 1458.50000 154.82000 22.74000 106.15000
11 2 21 10 12 37588.90000 9.26600000 1457.57000 154.82000 22.74000 105.24600
11 2 21 10 13 37595.80000 9.20800000 1458.49000 154.80000 22.74000 105.21400
11 2 21 10 13 37583.10000 9.17800000 1457.83000 154.73000 22.74000 105.21400
