M=[
 6 6 21 15 54 29794.50000 53.65300000 2241.57000 145.36000 24.15000 125.33100
 6 6 21 15 54 29794.40000 53.65300000 2241.57000 145.36000 24.15000 125.33100
 6 6 21 15 54 29812.10000 53.65300000 2239.81000 145.36000 24.15000 125.33100
 6 6 21 15 55 29795.30000 53.65300000 2239.81000 145.36000 24.15000 125.33100
 6 6 21 15 55 29795.30000 53.65300000 2241.32000 145.36000 24.15000 125.35400
 6 6 21 15 56 29795.30000 53.65300000 2239.91000 145.36000 24.15000 125.35400
 6 6 21 15 56 29795.30000 52.96600000 2239.36000 145.36000 24.15000 125.35400
 6 6 21 15 57 29840.00000 52.96600000 2242.14000 145.38000 24.15000 125.35400
 6 6 21 15 57 29847.20000 52.96600000 2242.53000 145.38000 24.15000 125.35400
 6 6 21 15 58 29847.20000 52.96600000 2242.78000 145.38000 24.15000 125.35400
 6 6 21 15 58 29820.20000 52.96600000 2240.85000 145.41000 24.15000 125.35400
 6 6 21 15 58 29821.80000 52.96600000 2240.85000 145.41000 24.15000 125.35400
 6 6 21 15 59 29824.70000 52.96600000 2241.10000 145.41000 24.15000 125.35400
 6 6 21 15 59 29828.10000 52.96600000 2244.00000 145.41000 24.15000 125.35400
 6 6 21 16 00 29819.80000 52.96600000 2244.00000 145.41000 24.15000 125.35400
 6 6 21 16 00 29838.70000 52.96600000 2249.68000 145.63000 24.15000 125.27000
 6 6 21 16 01 29871.50000 52.96600000 2252.59000 145.63000 24.15000 125.27000
 6 6 21 16 01 29871.50000 52.96600000 2248.79000 145.63000 24.17400 125.27000
 6 6 21 16 01 29839.10000 52.96600000 2247.31000 145.63000 24.17400 125.27000
 6 6 21 16 02 29799.90000 52.96600000 2242.32000 145.31000 24.17400 125.27000
 6 6 21 16 02 29821.10000 52.96600000 2240.89000 145.31000 24.17400 125.27000
 6 6 21 16 03 29844.30000 52.96600000 2241.58000 145.31000 24.17400 125.27000
 6 6 21 16 03 29880.10000 52.96600000 2246.42000 145.31000 24.17400 125.27000
 6 6 21 16 04 29887.30000 52.96600000 2250.08000 145.72000 24.17400 125.27000
 6 6 21 16 04 29887.20000 52.96600000 2249.80000 145.72000 24.17400 125.37200
 6 6 21 16 04 29887.30000 52.96600000 2247.81000 145.72000 24.17400 125.37200
 6 6 21 16 05 29887.30000 52.96600000 2247.80000 145.72000 24.17400 125.37200
 6 6 21 16 05 29922.80000 52.96600000 2250.68000 145.84000 24.17400 125.84200
 6 6 21 16 06 29924.20000 52.96600000 2251.93000 145.84000 24.17400 125.84200
 6 6 21 16 06 29922.70000 52.96600000 2253.00000 145.80000 24.17400 125.96700
 6 6 21 16 07 29896.70000 52.96600000 2252.94000 145.80000 24.17400 126.29300
 6 6 21 16 07 29880.50000 52.96600000 2250.57000 145.68000 24.17400 126.29300
 6 6 21 16 07 29880.60000 53.13000000 2249.10000 145.68000 24.17400 126.29300
 6 6 21 16 08 29877.00000 53.13000000 2248.17000 145.68000 24.17400 126.29300
 6 6 21 16 08 29866.40000 53.13000000 2248.81000 145.56000 24.17400 126.62000
 6 6 21 16 09 29870.50000 53.13000000 2249.30000 145.56000 24.17400 126.83300
 6 6 21 16 09 29866.80000 53.13000000 2248.06000 145.56000 24.17400 126.45000
 6 6 21 16 10 29866.70000 53.13000000 2248.01000 145.56000 24.17400 126.45000
 6 6 21 16 10 29860.50000 53.13000000 2248.00000 145.61000 24.17400 126.45000
 6 6 21 16 10 29829.30000 53.13000000 2245.54000 145.61000 24.17400 126.45000
 6 6 21 16 11 29827.00000 53.03700000 2245.54000 145.61000 24.17400 126.45000
 6 6 21 16 11 29825.00000 53.03700000 2247.79000 145.61000 24.17400 126.45000
 6 6 21 16 12 29827.00000 53.03700000 2246.64000 145.71000 24.19800 126.45000
 6 6 21 16 12 29827.00000 53.03700000 2247.93000 145.76000 24.22100 126.45000
 6 6 21 16 13 29826.90000 53.03700000 2247.28000 145.76000 24.22100 126.15000
 6 6 21 16 13 29834.30000 53.03700000 2246.40000 145.73000 24.22100 126.26000
 6 6 21 16 13 29834.60000 53.03700000 2247.56000 145.73000 24.24500 126.26000
 6 6 21 16 14 29850.50000 53.03700000 2247.76000 145.73000 24.24500 126.26000
 6 6 21 16 14 29871.90000 53.03700000 2247.45000 145.73000 24.26800 126.53900
 6 6 21 16 15 29890.60000 53.03700000 2249.23000 145.81000 24.26800 126.53900
 6 6 21 16 15 29871.70000 53.03700000 2250.73000 145.81000 24.26800 126.53900
 6 6 21 16 16 29861.30000 53.03700000 2249.93000 145.75000 24.26800 126.53900
 6 6 21 16 16 29838.80000 53.03700000 2248.19000 145.75000 24.26800 126.53900
 6 6 21 16 16 29836.10000 53.03700000 2248.12000 145.60000 24.26800 126.53900
 6 6 21 16 17 29830.00000 53.03700000 2245.59000 145.47000 24.26800 126.53900
 6 6 21 16 17 29795.20000 53.03700000 2245.59000 145.47000 24.29200 126.53900
 6 6 21 16 18 29801.10000 52.90300000 2243.85000 145.49000 24.39700 126.53900
 6 6 21 16 18 29801.10000 52.90300000 2244.11000 145.49000 24.39700 126.53900
 6 6 21 16 19 29802.60000 52.90300000 2242.66000 145.49000 24.39700 126.53900
 6 6 21 16 19 29817.40000 52.90300000 2242.00000 145.38000 24.39700 126.53900
 6 6 21 16 19 29822.80000 52.90300000 2242.73000 145.38000 24.39700 126.53900
 6 6 21 16 20 29806.80000 52.90300000 2242.01000 145.38000 24.39700 126.53900
 6 6 21 16 20 29810.30000 52.90300000 2242.19000 145.38000 24.39700 126.53900
 6 6 21 16 21 29810.40000 52.90300000 2241.67000 145.38000 24.39700 126.53900
 6 6 21 16 21 29820.20000 52.90300000 2242.63000 145.38000 24.39700 126.53900
 6 6 21 16 22 29822.30000 52.90300000 2242.24000 145.54000 24.39700 126.53900
 6 6 21 16 22 29802.40000 52.90300000 2240.98000 145.54000 24.39700 126.53900
 6 6 21 16 22 29823.10000 52.90300000 2243.53000 145.54000 24.25400 126.53900
 6 6 21 16 23 29823.10000 52.90300000 2241.98000 145.69000 24.25400 126.53900
 6 6 21 16 23 29809.60000 52.90300000 2241.99000 145.69000 24.25400 126.53900
 6 6 21 16 24 29820.70000 52.90300000 2243.83000 145.69000 24.25400 126.53900
 6 6 21 16 24 29820.00000 52.90300000 2243.83000 145.69000 24.25400 126.53900
 6 6 21 16 25 29804.00000 52.90300000 2243.70000 145.77000 24.25400 126.53900
 6 6 21 16 25 29791.60000 52.90300000 2241.90000 145.71000 24.25400 125.89000
 6 6 21 16 25 29797.20000 53.05700000 2241.19000 145.60000 24.25400 125.56500
 6 6 21 16 26 29786.70000 53.05700000 2239.91000 145.60000 24.25400 125.56500
 6 6 21 16 26 29790.80000 53.05700000 2240.46000 145.60000 24.25400 125.56500
 6 6 21 16 27 29808.80000 53.05700000 2241.36000 145.60000 24.25400 125.56500
 6 6 21 16 27 29808.70000 53.05700000 2241.41000 145.85000 24.25400 125.56500
 6 6 21 16 28 29812.30000 53.05700000 2241.99000 145.85000 24.25400 125.56500
 6 6 21 16 28 29800.10000 53.05700000 2241.99000 145.85000 24.25400 125.56500
 6 6 21 16 28 29800.00000 53.05700000 2239.92000 145.85000 24.25400 125.56500
 6 6 21 16 29 29800.10000 53.05700000 2242.42000 145.85000 24.25400 125.56500
 6 6 21 16 29 29824.70000 53.05700000 2240.90000 145.85000 24.25400 125.56500
 6 6 21 16 30 29811.70000 53.05700000 2242.27000 145.85000 24.25400 125.56500
 6 6 21 16 30 29818.00000 53.06700000 2241.44000 145.85000 24.25400 125.56500
 6 6 21 16 31 29821.80000 53.06700000 2241.44000 145.70000 24.25400 125.56500
 6 6 21 16 31 29837.30000 53.06700000 2243.07000 145.70000 24.25400 125.56500
 6 6 21 16 31 29837.40000 53.06700000 2243.07000 145.66000 24.25400 125.56500
 6 6 21 16 32 29831.90000 53.06700000 2241.84000 145.75000 24.25400 125.56500
 6 6 21 16 32 29837.10000 53.06700000 2242.86000 145.75000 24.25400 125.56500
 6 6 21 16 33 29816.40000 53.06700000 2244.18000 145.75000 24.25400 125.56500
 6 6 21 16 33 29823.70000 53.06700000 2243.54000 145.75000 24.25400 125.56500
 6 6 21 16 34 29834.20000 53.06700000 2244.78000 145.75000 24.25400 125.56500
 6 6 21 16 34 29819.20000 53.06700000 2243.63000 145.88000 24.25400 125.56500
 6 6 21 16 34 29825.20000 53.06700000 2243.63000 145.88000 24.25400 125.56500
 6 6 21 16 35 29825.20000 53.06700000 2242.93000 145.81000 24.25400 125.56500
 6 6 21 16 35 29834.00000 53.06700000 2244.48000 145.81000 24.25400 125.56500
 6 6 21 16 36 29833.60000 53.06700000 2244.91000 146.07000 24.25400 125.56500
 6 6 21 16 36 29850.30000 53.06700000 2244.92000 146.07000 24.25400 125.56500
 6 6 21 16 37 29858.30000 53.06700000 2244.89000 146.07000 24.25400 125.56500
 6 6 21 16 37 29861.40000 53.06700000 2244.89000 146.07000 24.25400 125.56500
