M=[
25 3 21 09 01 44660.10000 9.55400000 1355.97000 148.59000 27.69900 104.97000
25 3 21 09 02 44635.60000 9.55400000 1355.23000 148.52000 27.69900 104.97000
25 3 21 09 02 44643.60000 9.55400000 1355.60000 148.38000 27.69900 105.20300
25 3 21 09 02 44657.70000 9.55400000 1355.73000 148.38000 27.69900 105.20300
25 3 21 09 03 44633.20000 9.55400000 1355.38000 148.33000 27.69900 105.17000
25 3 21 09 03 44589.30000 9.57400000 1354.01000 148.20000 27.69900 105.17000
25 3 21 09 04 44605.80000 9.57400000 1354.08000 148.21000 27.69900 105.17000
25 3 21 09 04 44572.90000 9.57400000 1351.44000 148.20000 27.69900 105.17000
25 3 21 09 05 44550.30000 9.57400000 1352.22000 148.06000 27.69900 105.17000
25 3 21 09 05 44609.00000 9.57400000 1352.40000 148.02000 27.69900 105.17000
25 3 21 09 05 44575.00000 9.57400000 1353.03000 148.02000 27.69900 105.17000
25 3 21 09 06 44599.90000 9.57400000 1353.48000 148.02000 27.69900 105.17000
25 3 21 09 06 44619.50000 9.57400000 1353.61000 148.02000 27.69900 105.17000
25 3 21 09 07 44628.20000 9.57400000 1353.60000 148.02000 27.69900 105.17000
25 3 21 09 07 44628.20000 9.57400000 1354.09000 148.32000 27.69900 105.17000
25 3 21 09 08 44627.30000 9.57400000 1353.26000 148.27000 27.69900 105.17000
25 3 21 09 08 44644.90000 9.57400000 1353.69000 148.27000 27.69900 105.17000
25 3 21 09 08 44630.10000 9.57400000 1353.54000 148.27000 27.69900 105.17000
25 3 21 09 09 44619.90000 9.57400000 1353.55000 148.27000 27.69900 105.17000
25 3 21 09 09 44620.30000 9.57400000 1353.55000 148.27000 27.51100 105.17000
25 3 21 09 10 44579.10000 9.57400000 1353.26000 148.22000 27.51100 105.17000
25 3 21 09 10 44566.10000 9.57400000 1352.94000 148.22000 27.51100 105.17000
25 3 21 09 11 44550.00000 9.57400000 1352.76000 148.15000 27.51100 105.17000
25 3 21 09 11 44501.50000 9.57400000 1350.12000 148.00000 27.51100 105.17000
25 3 21 09 11 44491.50000 9.57400000 1350.08000 147.75000 27.51100 105.17000
25 3 21 09 12 44483.10000 9.57400000 1350.45000 147.75000 27.51100 105.17000
25 3 21 09 12 44468.80000 9.57400000 1350.38000 147.52000 27.51100 105.17000
25 3 21 09 13 44463.80000 9.57400000 1350.42000 147.52000 27.75900 105.17000
25 3 21 09 13 44499.90000 9.57400000 1351.08000 147.90000 27.91400 105.17000
25 3 21 09 14 44525.50000 9.57400000 1351.08000 147.96000 27.84100 105.17000
25 3 21 09 14 44526.80000 9.57400000 1352.53000 148.08000 27.84100 104.77000
25 3 21 09 14 44505.20000 9.57400000 1352.53000 148.08000 27.83300 104.77000
25 3 21 09 15 44570.90000 9.57400000 1353.50000 148.08000 27.82900 104.77000
25 3 21 09 15 44590.00000 9.57400000 1354.66000 148.08000 27.82500 104.77000
25 3 21 09 16 44625.00000 9.57400000 1357.05000 148.41000 27.82500 104.77000
25 3 21 09 16 44685.30000 9.57400000 1358.38000 148.41000 27.82500 104.77000
25 3 21 09 17 44681.00000 9.57400000 1358.45000 148.41000 27.82500 104.77000
25 3 21 09 17 44688.70000 9.57400000 1359.62000 148.84000 27.82500 104.77000
25 3 21 09 17 44666.50000 9.57400000 1358.98000 148.72000 27.82500 104.77000
25 3 21 09 18 44688.70000 9.57400000 1359.46000 148.92000 27.82500 104.77000
25 3 21 09 18 44708.20000 9.59700000 1359.49000 148.92000 27.85900 104.77000
25 3 21 09 19 44698.80000 9.59700000 1359.88000 148.92000 27.85900 104.77000
25 3 21 09 19 44690.20000 9.59700000 1359.01000 148.92000 27.85900 104.77000
25 3 21 09 20 44714.20000 9.59700000 1359.70000 148.92000 27.85900 104.77000
25 3 21 09 20 44749.80000 9.59700000 1359.85000 148.99000 27.85900 104.77000
25 3 21 09 20 44765.10000 9.59700000 1359.69000 148.97000 27.85900 104.77000
25 3 21 09 21 44765.10000 9.61000000 1359.20000 148.99000 27.85900 105.60000
25 3 21 09 21 44765.10000 9.58600000 1359.20000 148.99000 27.85900 105.81000
25 3 21 09 22 44771.20000 9.58600000 1359.20000 148.98000 27.91500 105.84000
25 3 21 09 22 44731.90000 9.58600000 1358.57000 148.92000 27.91500 105.84000
25 3 21 09 23 44727.50000 9.58600000 1358.35000 148.92000 27.91500 105.84000
25 3 21 09 23 44729.60000 9.58600000 1358.24000 148.75000 27.91500 105.84000
25 3 21 09 23 44712.80000 9.58600000 1357.42000 148.82000 27.89400 105.84000
25 3 21 09 24 44762.20000 9.58600000 1358.57000 148.71000 27.89400 105.84000
25 3 21 09 24 44778.40000 9.58600000 1358.78000 148.76000 27.89400 105.77300
25 3 21 09 25 44723.40000 9.58600000 1358.19000 148.80000 27.76600 105.88000
25 3 21 09 25 44707.50000 9.57500000 1358.15000 148.61000 27.76600 105.88000
25 3 21 09 26 44712.90000 9.59500000 1358.01000 148.61000 27.76600 105.88000
25 3 21 09 26 44692.70000 9.59500000 1358.01000 148.56000 27.71100 105.90000
25 3 21 09 26 44698.60000 9.59500000 1358.00000 148.54000 27.71500 105.90000
25 3 21 09 27 44702.20000 9.59500000 1357.25000 148.49000 27.71500 105.90000
25 3 21 09 27 44736.00000 9.59500000 1358.21000 148.49000 27.71500 105.90000
25 3 21 09 28 44750.40000 9.59500000 1358.47000 148.63000 27.71500 105.90000
25 3 21 09 28 44765.00000 9.59500000 1359.12000 148.69000 27.71500 105.90000
25 3 21 09 29 44765.00000 9.59500000 1359.36000 148.82000 27.71500 105.90000
25 3 21 09 29 44793.80000 9.59500000 1359.90000 148.82000 27.71500 105.90000
25 3 21 09 29 44793.50000 9.61700000 1359.99000 148.64000 27.71500 105.90000
25 3 21 09 30 44813.40000 9.60000000 1360.00000 148.72000 27.71500 105.90000
25 3 21 09 30 44808.30000 9.60800000 1361.06000 148.69000 27.71500 105.90000
25 3 21 09 31 44740.20000 9.60800000 1359.02000 148.34000 27.71500 105.90000
25 3 21 09 31 44731.80000 9.60800000 1359.13000 148.42000 27.71500 105.90000
25 3 21 09 32 44745.10000 9.60100000 1359.25000 148.52000 27.71500 105.90000
25 3 21 09 32 44716.10000 9.60100000 1359.01000 148.52000 27.71500 105.90000
25 3 21 09 32 44700.10000 9.60000000 1358.50000 148.36000 27.71500 105.90000
25 3 21 09 33 44708.00000 9.60000000 1358.39000 148.18000 27.71500 105.73000
25 3 21 09 33 44715.90000 9.57000000 1359.10000 148.36000 27.71500 105.73000
25 3 21 09 34 44701.80000 9.57000000 1358.57000 148.41000 27.71500 105.73000
25 3 21 09 34 44700.50000 9.57000000 1359.28000 148.43000 27.71500 105.87500
25 3 21 09 35 44700.10000 9.57000000 1358.79000 148.32000 27.71500 105.87500
25 3 21 09 35 44650.20000 9.57000000 1358.46000 148.32000 27.71500 105.87500
25 3 21 09 35 44634.30000 9.57000000 1357.26000 148.32000 27.71500 105.65000
25 3 21 09 36 44637.60000 9.57000000 1357.26000 148.14000 27.71500 105.65000
25 3 21 09 36 44668.80000 9.57000000 1358.21000 148.14000 27.71500 105.65000
25 3 21 09 37 44679.90000 9.58200000 1358.76000 148.20000 27.71500 105.65000
25 3 21 09 37 44674.40000 9.58200000 1358.81000 148.20000 27.71500 105.65000
25 3 21 09 38 44700.00000 9.58200000 1359.00000 148.51000 27.71500 105.65000
25 3 21 09 38 44740.10000 9.58200000 1363.48000 148.63000 27.71500 105.74300
25 3 21 09 38 44752.50000 9.58200000 1364.95000 148.83000 27.71500 105.74300
25 3 21 09 39 44768.90000 9.58200000 1364.88000 148.83000 27.71500 105.74300
25 3 21 09 39 44762.90000 9.58200000 1365.73000 148.83000 27.71500 105.74300
25 3 21 09 40 44769.90000 9.58200000 1364.80000 148.83000 27.71500 105.74300
25 3 21 09 40 44762.90000 9.58200000 1364.73000 148.79000 27.71500 105.74300
25 3 21 09 41 44721.60000 9.58200000 1363.68000 148.65000 27.71500 105.74300
25 3 21 09 41 44719.00000 9.58200000 1363.16000 148.59000 27.71500 105.74300
25 3 21 09 41 44715.10000 9.58200000 1362.84000 148.59000 27.71500 105.74300
25 3 21 09 42 44716.70000 9.58200000 1362.97000 148.58000 27.71500 106.02000
25 3 21 09 42 44740.50000 9.58200000 1363.62000 148.71000 27.71500 106.02000
25 3 21 09 43 44751.60000 9.58200000 1364.17000 148.71000 27.77300 105.89700
25 3 21 09 43 44740.10000 9.58200000 1363.94000 148.78000 27.76400 105.89700
25 3 21 09 44 44740.30000 9.58200000 1364.30000 148.77000 27.76400 105.89700
25 3 21 09 44 44716.50000 9.58200000 1363.74000 148.70000 27.75400 105.89700
25 3 21 09 44 44716.10000 9.58200000 1363.26000 148.72000 27.81400 105.89700
25 3 21 09 45 44718.80000 9.58200000 1363.20000 148.65000 27.81400 105.89700
