M=[
26 5 20 00 19 8182.30000 6.25000000 187.69000 39.50000 11.50800 42.39100
26 5 20 00 19 8182.30000 6.25000000 187.69000 39.50000 11.50800 42.39100
26 5 20 00 19 8173.70000 6.25000000 187.69000 39.50000 11.50800 42.39100
26 5 20 00 20 8175.90000 6.25000000 187.69000 39.50000 11.50800 42.39100
26 5 20 00 20 8174.60000 6.25000000 187.27000 39.50000 11.50800 42.39100
26 5 20 00 21 8176.20000 6.25000000 187.27000 39.50000 11.50800 42.39100
26 5 20 00 21 8176.20000 6.25000000 187.27000 39.50000 11.50800 42.39100
26 5 20 00 22 8173.20000 6.25000000 187.27000 39.50000 11.50800 42.39100
26 5 20 00 22 8176.20000 6.25000000 187.27000 39.50000 11.50800 42.39100
26 5 20 00 23 8172.00000 6.25000000 187.27000 39.50000 11.43500 42.39100
26 5 20 00 23 8172.10000 6.25000000 187.27000 39.50000 11.50800 42.39100
26 5 20 00 24 8170.00000 6.24800000 187.00000 39.50000 11.52600 42.39100
26 5 20 00 24 8174.40000 6.22900000 187.02000 39.50000 11.52600 42.39100
26 5 20 00 25 8170.20000 6.22900000 187.00000 39.50000 11.52600 42.39100
26 5 20 00 25 8170.00000 6.22900000 187.08000 39.42000 11.52600 42.39100
26 5 20 00 25 8168.10000 6.22900000 187.13000 39.50000 11.50800 42.39100
26 5 20 00 26 8168.10000 6.22900000 187.16000 39.50000 11.52600 42.39100
26 5 20 00 26 8167.20000 6.22900000 187.29000 39.50000 11.52600 42.39100
26 5 20 00 27 8173.20000 6.22900000 187.29000 39.50000 11.52600 42.39100
26 5 20 00 27 8169.20000 6.22900000 187.29000 39.50000 11.52600 42.39100
26 5 20 00 28 8129.10000 6.22900000 186.34000 39.18000 11.48100 42.07200
26 5 20 00 29 8123.20000 6.18800000 186.46000 39.08000 11.48100 42.07200
26 5 20 00 29 8114.30000 6.15300000 186.32000 39.01000 11.48100 41.95700
26 5 20 00 30 8114.10000 6.15400000 186.32000 39.08000 11.48100 41.82700
26 5 20 00 30 8115.20000 6.15400000 186.32000 39.01000 11.48100 42.07200
26 5 20 00 31 8129.10000 6.15400000 186.32000 39.01000 11.48100 41.82700
26 5 20 00 31 8137.10000 6.15400000 186.32000 39.01000 11.48100 41.92000
26 5 20 00 32 8134.40000 6.15400000 186.68000 39.01000 11.48100 41.92000
26 5 20 00 32 8135.20000 6.15400000 186.64000 39.01000 11.48100 41.92000
26 5 20 00 33 8134.80000 6.19400000 186.76000 39.08000 11.48100 41.92000
26 5 20 00 33 8133.40000 6.19400000 186.67000 39.01000 11.48100 41.92000
26 5 20 00 34 8134.70000 6.19400000 186.70000 39.15000 11.48100 41.92000
26 5 20 00 34 8134.70000 6.19400000 186.68000 39.15000 11.48100 41.92000
26 5 20 00 35 8129.50000 6.19400000 186.71000 39.15000 11.50300 41.92000
26 5 20 00 35 8125.60000 6.19400000 186.71000 39.15000 11.48100 41.92000
26 5 20 00 36 8127.50000 6.19400000 186.63000 39.15000 11.48100 41.92000
26 5 20 00 36 8131.40000 6.19400000 186.63000 39.15000 11.48100 41.92000
26 5 20 00 37 8124.40000 6.19400000 186.63000 39.15000 11.48100 41.92000
26 5 20 00 37 8124.50000 6.19400000 186.63000 39.15000 11.48100 41.92000
26 5 20 00 38 8121.20000 6.19400000 186.55000 39.15000 11.48100 41.92000
26 5 20 00 38 8122.60000 6.19400000 186.55000 39.15000 11.48100 41.92000
26 5 20 00 39 8116.40000 6.15300000 186.49000 39.15000 11.48100 41.92000
26 5 20 00 39 8120.80000 6.19400000 186.64000 39.15000 11.48100 41.92000
26 5 20 00 40 8118.60000 6.19400000 186.51000 39.15000 11.48100 41.92000
26 5 20 00 40 8118.70000 6.19400000 186.51000 39.15000 11.48100 41.92000
26 5 20 00 41 8126.30000 6.19400000 186.51000 39.15000 11.48100 41.92000
26 5 20 00 41 8126.80000 6.15400000 186.51000 39.13000 11.48100 41.92000
26 5 20 00 42 8123.10000 6.19400000 186.52000 39.13000 11.48100 41.92000
26 5 20 00 42 8116.10000 6.19400000 186.46000 39.14000 11.48100 41.92000
26 5 20 00 43 8112.00000 6.19400000 186.64000 39.13000 11.48100 41.92000
26 5 20 00 43 8112.90000 6.19400000 186.41000 39.13000 11.48100 41.92000
26 5 20 00 44 8124.40000 6.19400000 186.64000 39.13000 11.48100 41.92000
26 5 20 00 44 8117.30000 6.19400000 186.41000 39.09000 11.47100 41.92000
26 5 20 00 45 8112.60000 6.19400000 186.41000 39.09000 11.47100 41.92000
26 5 20 00 45 8115.30000 6.19400000 186.34000 39.09000 11.47100 41.92000
26 5 20 00 46 8124.70000 6.19400000 186.34000 39.09000 11.47100 41.92000
26 5 20 00 46 8120.40000 6.19400000 186.34000 39.09000 11.47100 41.92000
26 5 20 00 47 8120.70000 6.19400000 186.34000 39.09000 11.47100 41.92000
26 5 20 00 47 8123.50000 6.19400000 186.34000 39.09000 11.47100 41.92000
26 5 20 00 48 8120.20000 6.19400000 186.34000 39.09000 11.47100 41.92000
26 5 20 00 48 8121.40000 6.19400000 186.34000 39.09000 11.47100 41.92000
26 5 20 00 48 8123.10000 6.19400000 186.34000 39.09000 11.47100 41.92000
26 5 20 00 49 8123.20000 6.19400000 186.34000 39.09000 11.47100 41.92000
26 5 20 00 49 8120.20000 6.19400000 186.34000 39.09000 11.47100 41.92000
26 5 20 00 50 8124.30000 6.19400000 186.46000 39.09000 11.47100 41.92000
26 5 20 00 50 8130.00000 6.19400000 186.46000 39.14000 11.48100 41.92000
26 5 20 00 51 8130.00000 6.19400000 186.46000 39.14000 11.47100 41.92000
26 5 20 00 51 8130.00000 6.19400000 186.67000 39.14000 11.47100 41.92000
26 5 20 00 52 8130.10000 6.19400000 186.67000 39.14000 11.47100 41.92000
26 5 20 00 52 8132.30000 6.19400000 186.67000 39.14000 11.47100 41.82700
26 5 20 00 53 8132.90000 6.19400000 186.67000 39.14000 11.47100 41.92000
26 5 20 00 53 8129.10000 6.19400000 186.34000 39.14000 11.47100 41.92000
26 5 20 00 54 8129.90000 6.19400000 186.67000 39.14000 11.47100 41.92000
26 5 20 00 54 8129.90000 6.19400000 186.67000 39.14000 11.47100 41.82700
26 5 20 00 55 8128.00000 6.19400000 186.67000 39.14000 11.47100 41.92000
26 5 20 00 55 8122.20000 6.19400000 186.67000 39.14000 11.47100 41.92000
26 5 20 00 55 8122.20000 6.19400000 186.67000 39.14000 11.47100 41.92000
26 5 20 00 56 8118.90000 6.19400000 186.67000 39.14000 11.47100 41.92000
26 5 20 00 56 8122.10000 6.19400000 186.67000 39.09000 11.48100 41.92000
26 5 20 00 57 8121.90000 6.19400000 186.46000 39.14000 11.47100 41.92000
26 5 20 00 57 8124.50000 6.19400000 186.67000 39.14000 11.47100 41.92000
26 5 20 00 58 8122.80000 6.19400000 186.67000 39.14000 11.47100 41.92000
26 5 20 00 58 8124.10000 6.19400000 186.67000 39.14000 11.47100 41.92000
26 5 20 00 59 8127.00000 6.19400000 186.67000 39.14000 11.47100 41.92000
26 5 20 00 59 8125.20000 6.19400000 186.67000 39.14000 11.47100 41.92000
26 5 20 01 00 8125.20000 6.19400000 186.67000 39.14000 11.47100 41.92000
26 5 20 01 00 8125.20000 6.20400000 186.64000 39.16000 11.47100 41.92000
26 5 20 01 01 8133.10000 6.20400000 186.97000 39.33000 11.47100 41.92000
26 5 20 01 01 8133.10000 6.19400000 186.97000 39.33000 11.47100 41.92000
26 5 20 01 02 8135.70000 6.19400000 186.97000 39.33000 11.47100 41.92000
26 5 20 01 02 8133.10000 6.20400000 186.97000 39.33000 11.47100 41.92000
26 5 20 01 03 8138.20000 6.20400000 186.97000 39.33000 11.47100 41.92000
26 5 20 01 03 8138.30000 6.20400000 186.97000 39.33000 11.47100 41.92000
26 5 20 01 04 8138.20000 6.20400000 186.98000 39.09000 11.47100 41.92000
26 5 20 01 04 8138.10000 6.20400000 186.98000 39.35000 11.47100 41.92000
26 5 20 01 05 8139.70000 6.19400000 186.98000 39.35000 11.47100 41.92000
26 5 20 01 05 8139.70000 6.20400000 186.98000 39.35000 11.47100 41.92000
26 5 20 01 06 8139.70000 6.20400000 186.98000 39.35000 11.47100 41.92000
26 5 20 01 06 8134.70000 6.20400000 186.98000 39.35000 11.47100 41.92000
26 5 20 01 06 8126.50000 6.15400000 186.98000 39.34000 11.47100 41.92000
26 5 20 01 07 8132.40000 6.20400000 186.90000 39.34000 11.47100 41.92000
26 5 20 01 07 8132.40000 6.20400000 186.90000 39.35000 11.47100 41.92000
26 5 20 01 08 8132.40000 6.20400000 186.90000 39.34000 11.48100 41.92000
26 5 20 01 08 8126.30000 6.20400000 186.90000 39.35000 11.47100 41.92000
26 5 20 01 09 8128.00000 6.20400000 186.90000 39.34000 11.47100 41.92000
26 5 20 01 09 8139.80000 6.19400000 186.98000 39.34000 11.47100 41.92000
26 5 20 01 10 8139.80000 6.20400000 186.98000 39.34000 11.47100 41.92000
26 5 20 01 10 8139.80000 6.20400000 186.98000 39.34000 11.47100 41.92000
26 5 20 01 11 8136.60000 6.15400000 186.98000 39.09000 11.47100 41.92000
