M=[
14 4 21 14 50 52965.00000 17.43500000 1961.93000 221.43000 40.59600 184.40000
14 4 21 14 50 52973.00000 17.42600000 1962.93000 221.43000 40.59600 184.40000
14 4 21 14 51 52965.00000 17.42600000 1962.19000 221.44000 40.59600 184.40000
14 4 21 14 51 52921.60000 17.42600000 1961.42000 221.00000 40.59600 184.40000
14 4 21 14 52 52921.50000 17.42600000 1960.01000 220.96000 40.59600 184.40000
14 4 21 14 52 52887.40000 17.42600000 1961.28000 221.09000 40.59600 184.40000
14 4 21 14 53 52887.30000 17.42600000 1962.49000 221.11000 40.59600 184.40000
14 4 21 14 53 52857.50000 17.42600000 1960.43000 221.11000 40.59600 184.40000
14 4 21 14 53 52857.50000 17.38200000 1959.44000 220.78000 40.59600 184.40000
14 4 21 14 54 52850.00000 17.38800000 1957.74000 220.96000 40.59600 184.40000
14 4 21 14 54 52803.60000 17.38800000 1955.36000 220.18000 40.59600 184.40000
14 4 21 14 55 52800.10000 17.38800000 1954.02000 220.08000 40.59600 184.40000
14 4 21 14 55 52732.80000 17.32900000 1950.08000 219.39000 40.59600 184.40000
14 4 21 14 56 52700.00000 17.32900000 1946.24000 219.91000 40.59600 184.40000
14 4 21 14 56 52759.60000 17.32900000 1950.43000 220.15000 40.59600 184.40000
14 4 21 14 56 52691.20000 17.22100000 1946.13000 219.88000 40.59600 184.40000
14 4 21 14 57 52748.10000 17.22100000 1949.11000 219.80000 40.59600 184.40000
14 4 21 14 57 52748.10000 17.22100000 1948.09000 219.80000 40.59600 184.40000
14 4 21 14 58 52722.60000 17.22100000 1948.00000 219.31000 40.59600 184.40000
14 4 21 14 58 52772.90000 17.29900000 1949.99000 220.00000 40.59600 184.40000
14 4 21 14 59 52798.90000 17.27700000 1953.20000 220.27000 40.59600 184.40000
14 4 21 14 59 52816.10000 17.27700000 1952.71000 220.40000 40.59600 184.40000
14 4 21 14 59 52775.50000 17.27700000 1949.82000 220.40000 40.59600 184.40000
14 4 21 15 00 52700.00000 17.27700000 1947.52000 219.62000 40.42700 183.42500
14 4 21 15 00 52700.00000 17.27000000 1944.39000 219.70000 40.42700 183.60000
14 4 21 15 01 52620.00000 17.27000000 1942.53000 219.01000 40.42700 183.60000
14 4 21 15 01 52640.00000 17.27000000 1943.53000 219.12000 40.42700 182.67000
14 4 21 15 02 52728.90000 17.27000000 1946.48000 219.60000 40.20000 183.24500
14 4 21 15 02 52788.10000 17.27000000 1949.22000 219.81000 40.20000 183.24500
14 4 21 15 02 52829.60000 17.27000000 1951.08000 220.40000 40.20000 183.24500
14 4 21 15 03 52785.00000 17.27000000 1951.08000 220.66000 40.20000 183.24500
14 4 21 15 03 52814.50000 17.27000000 1951.68000 220.93000 40.20000 183.24500
14 4 21 15 04 52827.80000 17.27000000 1952.44000 220.79000 40.20000 183.24500
14 4 21 15 04 52820.00000 17.27000000 1952.50000 220.70000 40.20000 183.24500
14 4 21 15 05 52820.00000 17.27000000 1953.63000 220.47000 40.20000 183.24500
14 4 21 15 05 52820.00000 17.27000000 1954.67000 221.06000 40.20000 184.40000
14 4 21 15 05 52867.30000 17.27000000 1956.64000 221.07000 40.15200 184.40000
14 4 21 15 06 52900.00000 17.27000000 1958.09000 221.42000 40.15200 184.40000
14 4 21 15 06 52948.80000 17.43700000 1960.16000 221.85000 40.15200 184.40400
14 4 21 15 07 52946.40000 17.43700000 1961.00000 221.82000 40.15200 184.40400
14 4 21 15 07 52880.50000 17.44200000 1961.47000 222.06000 40.25800 184.94100
14 4 21 15 08 52894.40000 17.43900000 1961.46000 221.63000 40.25800 184.85500
14 4 21 15 08 52919.80000 17.43900000 1962.61000 221.59000 40.25800 184.60900
14 4 21 15 08 52936.10000 17.43900000 1965.00000 221.89000 40.25800 184.60900
14 4 21 15 09 52912.50000 17.43900000 1962.14000 221.64000 40.25800 184.60900
14 4 21 15 09 52904.30000 17.43900000 1962.56000 221.64000 40.25800 184.60900
14 4 21 15 10 52867.30000 17.43900000 1960.62000 221.20000 40.25800 184.60900
14 4 21 15 10 52876.30000 17.43900000 1961.79000 221.20000 40.25800 184.60900
14 4 21 15 11 52845.10000 17.43900000 1960.67000 221.20000 40.25800 184.60900
14 4 21 15 11 52832.40000 17.43900000 1959.82000 221.09000 40.25800 184.60900
14 4 21 15 11 52857.00000 17.43900000 1960.00000 221.09000 40.25800 184.60900
14 4 21 15 12 52890.10000 17.52600000 1962.75000 221.58000 40.24300 184.60900
14 4 21 15 12 52835.10000 17.52600000 1960.09000 221.06000 40.24300 184.85800
14 4 21 15 13 52858.90000 17.52600000 1960.96000 221.54000 40.24300 184.85800
14 4 21 15 13 52838.00000 17.50700000 1960.10000 221.23000 40.24300 184.85800
14 4 21 15 14 52835.00000 17.50700000 1959.09000 221.00000 40.24300 185.04000
14 4 21 15 14 52789.30000 17.50700000 1958.78000 221.00000 40.24300 185.04000
14 4 21 15 14 52789.40000 17.50700000 1960.76000 221.11000 40.24300 185.04000
14 4 21 15 15 52858.80000 17.50700000 1964.07000 221.28000 40.25800 185.04000
14 4 21 15 15 52881.20000 17.50700000 1964.90000 221.70000 40.25800 185.04000
14 4 21 15 16 52909.50000 17.50700000 1966.81000 222.07000 40.25800 185.28400
14 4 21 15 16 52938.30000 17.50700000 1968.00000 222.04000 40.25800 185.28400
14 4 21 15 17 52897.30000 17.50700000 1969.27000 222.04000 40.25800 185.28400
14 4 21 15 17 52949.00000 17.50700000 1969.99000 222.22000 40.25800 185.28400
14 4 21 15 17 52948.90000 17.50700000 1969.99000 222.41000 40.25800 185.28400
14 4 21 15 18 52960.00000 17.56700000 1973.72000 222.37000 40.25800 185.28400
14 4 21 15 18 52960.00000 17.57100000 1975.37000 222.25000 40.25800 185.85700
14 4 21 15 19 52959.90000 17.57100000 1975.33000 222.42000 40.25800 185.85700
14 4 21 15 19 52960.00000 17.57100000 1975.02000 222.47000 40.25800 185.85700
14 4 21 15 20 52895.90000 17.57100000 1970.87000 222.14000 40.25800 185.85700
14 4 21 15 20 52831.80000 17.57100000 1969.28000 221.98000 40.25800 185.85700
14 4 21 15 21 52789.70000 17.57100000 1966.50000 221.88000 40.25800 185.85700
14 4 21 15 21 52811.10000 17.57100000 1968.84000 221.98000 40.25800 185.85700
14 4 21 15 21 52846.90000 17.57900000 1970.74000 222.31000 40.25800 185.85700
14 4 21 15 22 52796.40000 17.57900000 1967.92000 221.89000 40.25800 185.85700
14 4 21 15 22 52791.70000 17.57900000 1968.79000 221.58000 40.25800 185.85700
14 4 21 15 23 52790.10000 17.57900000 1968.45000 221.62000 40.25800 185.85700
14 4 21 15 23 52703.40000 17.57900000 1966.32000 221.51000 40.29800 185.85700
14 4 21 15 24 52755.30000 17.52000000 1967.94000 221.51000 40.29800 185.85700
14 4 21 15 24 52753.00000 17.46400000 1968.00000 221.23000 40.29800 185.94300
14 4 21 15 24 52755.30000 17.46500000 1968.24000 221.63000 40.29800 185.94300
14 4 21 15 25 52755.40000 17.46500000 1968.25000 221.63000 40.29800 185.94300
14 4 21 15 25 52753.60000 17.46500000 1968.80000 221.80000 40.29800 185.94300
14 4 21 15 26 52740.50000 17.46500000 1968.00000 221.53000 40.29800 185.76600
14 4 21 15 26 52744.00000 17.46500000 1968.63000 221.52000 40.29800 185.76600
14 4 21 15 27 52762.80000 17.46500000 1968.87000 221.53000 40.29800 185.76600
14 4 21 15 27 52684.80000 17.46500000 1967.33000 221.38000 40.29800 185.69200
14 4 21 15 27 52692.00000 17.46500000 1967.33000 220.91000 40.29800 185.69200
14 4 21 15 28 52632.40000 17.45000000 1965.00000 220.53000 40.29800 185.69200
14 4 21 15 28 52624.30000 17.45000000 1962.08000 220.38000 40.29800 185.69200
14 4 21 15 29 52618.70000 17.45000000 1958.95000 220.34000 40.29800 185.69200
14 4 21 15 29 52594.70000 17.45000000 1961.74000 220.34000 40.29800 185.69200
14 4 21 15 30 52506.30000 17.45000000 1955.50000 219.45000 40.29800 185.69200
14 4 21 15 30 52536.70000 17.39100000 1959.44000 219.82000 40.29800 185.69200
14 4 21 15 30 52586.70000 17.39100000 1961.37000 220.10000 40.29800 185.69200
14 4 21 15 31 52593.60000 17.43400000 1960.45000 220.48000 40.29800 185.69200
14 4 21 15 31 52555.50000 17.43400000 1958.01000 219.77000 40.29800 185.69200
14 4 21 15 32 52499.90000 17.43400000 1956.01000 219.64000 40.29800 185.69200
14 4 21 15 32 52409.40000 17.43400000 1950.90000 219.12000 40.29800 185.69200
14 4 21 15 33 52263.70000 17.43400000 1947.95000 218.94000 40.25800 185.69200
14 4 21 15 33 52329.20000 17.43400000 1949.58000 219.15000 40.25800 185.69200
14 4 21 15 33 52335.30000 17.43400000 1950.22000 219.82000 40.25800 183.73200
