M=[
 6 12 20 06 48 15847.50000 5.08400000 493.95000 69.04000 15.85100 59.53500
 6 12 20 06 48 15848.60000 5.08400000 493.95000 69.04000 15.85100 59.53500
 6 12 20 06 48 15854.90000 5.08400000 493.95000 69.04000 15.85100 59.53500
 6 12 20 06 49 15854.90000 5.08400000 493.95000 69.05000 15.85100 59.53500
 6 12 20 06 49 15848.30000 5.08400000 493.95000 69.05000 15.85100 59.53500
 6 12 20 06 50 15848.50000 5.08400000 493.61000 69.05000 15.88400 59.53500
 6 12 20 06 50 15848.50000 5.08400000 493.62000 69.05000 15.88400 59.53500
 6 12 20 06 51 15848.50000 5.08400000 493.83000 69.05000 15.88400 59.53500
 6 12 20 06 51 15848.30000 5.08400000 493.83000 69.05000 15.89100 59.53500
 6 12 20 06 51 15848.30000 5.08400000 493.71000 69.05000 15.89100 59.53500
 6 12 20 06 52 15848.40000 5.08400000 493.68000 69.05000 15.89100 59.53500
 6 12 20 06 52 15848.40000 5.08400000 493.68000 69.05000 15.89100 59.53500
 6 12 20 06 53 15848.40000 5.08400000 493.64000 69.05000 15.89100 59.53500
 6 12 20 06 53 15848.40000 5.08400000 493.64000 69.05000 15.89100 59.53500
 6 12 20 06 54 15848.40000 5.08400000 493.56000 69.05000 15.89100 59.53500
 6 12 20 06 54 15848.30000 5.08400000 493.46000 69.00000 15.89100 59.53500
 6 12 20 06 54 15848.30000 5.08400000 493.46000 69.00000 15.89100 59.53500
 6 12 20 06 55 15837.20000 5.08400000 493.42000 68.93000 15.89100 59.53500
 6 12 20 06 55 15837.30000 5.08400000 493.43000 68.93000 15.89100 59.53500
 6 12 20 06 56 15837.30000 5.08400000 493.43000 68.91000 15.89100 59.53500
 6 12 20 06 56 15837.20000 5.08400000 493.43000 68.91000 15.89100 59.53500
 6 12 20 06 57 15837.20000 5.08400000 493.36000 68.91000 15.89100 59.53500
 6 12 20 06 57 15826.10000 5.08400000 493.36000 68.90000 15.89100 59.53500
 6 12 20 06 57 15828.80000 5.08400000 493.36000 68.91000 15.89100 59.53500
 6 12 20 06 58 15831.40000 5.08400000 493.36000 68.91000 15.89100 59.53500
 6 12 20 06 58 15831.40000 5.08400000 493.10000 68.91000 15.89100 59.53500
 6 12 20 06 59 15831.40000 5.08400000 493.17000 68.91000 15.94400 59.53500
 6 12 20 06 59 15829.30000 5.08400000 493.17000 68.91000 15.94400 59.53500
 6 12 20 07 00 15832.90000 5.08400000 493.14000 68.91000 15.94400 59.53500
 6 12 20 07 00 15830.50000 5.08400000 493.14000 68.91000 15.94400 59.53500
 6 12 20 07 00 15832.60000 5.08400000 493.14000 68.89000 15.94400 59.53500
 6 12 20 07 01 15832.60000 5.08400000 493.56000 68.89000 15.94400 59.53500
 6 12 20 07 01 15853.60000 5.08400000 493.56000 69.08000 15.94400 59.53500
 6 12 20 07 02 15856.70000 5.08400000 493.56000 69.06000 15.94400 59.53500
 6 12 20 07 02 15856.70000 5.08400000 493.56000 69.06000 15.94400 59.53500
 6 12 20 07 03 15844.60000 5.08400000 493.56000 69.06000 15.94400 59.53500
 6 12 20 07 03 15837.70000 5.08400000 493.45000 69.06000 15.78200 59.53500
 6 12 20 07 03 15836.80000 5.08400000 493.45000 68.98000 15.78200 59.53500
 6 12 20 07 04 15829.40000 5.08400000 493.05000 68.98000 15.76600 59.53500
 6 12 20 07 04 15831.70000 5.08400000 492.56000 68.98000 15.76600 59.53500
 6 12 20 07 05 15837.90000 5.08400000 492.60000 69.02000 15.76600 59.52900
 6 12 20 07 05 15829.40000 5.08400000 492.60000 68.93000 15.75000 59.52900
 6 12 20 07 06 15833.50000 5.08400000 492.62000 68.93000 15.75000 59.52900
 6 12 20 07 06 15829.10000 5.08400000 492.62000 68.93000 15.75000 59.52900
 6 12 20 07 06 15829.10000 5.08400000 492.62000 68.93000 15.75000 59.52900
 6 12 20 07 07 15831.60000 5.08400000 492.45000 68.98000 15.75000 59.52900
 6 12 20 07 07 15831.60000 5.08400000 492.45000 68.94000 15.75000 59.52900
 6 12 20 07 08 15831.60000 5.08400000 492.43000 68.94000 15.75000 59.52900
 6 12 20 07 08 15831.10000 5.08400000 492.33000 68.94000 15.75000 59.52900
 6 12 20 07 09 15835.00000 5.08400000 492.51000 68.95000 15.75000 59.52900
 6 12 20 07 09 15835.70000 5.08400000 492.51000 68.95000 15.90800 59.52900
 6 12 20 07 09 15835.70000 5.08400000 492.51000 68.95000 15.90800 59.52900
 6 12 20 07 10 15832.50000 5.08400000 492.37000 68.95000 15.90800 59.52900
 6 12 20 07 10 15835.10000 5.08400000 492.63000 69.02000 15.90800 59.52900
 6 12 20 07 11 15835.10000 5.08400000 493.00000 69.06000 15.90800 59.52900
 6 12 20 07 11 15843.50000 5.08400000 492.99000 69.06000 15.90800 59.52900
 6 12 20 07 12 15849.60000 5.08400000 492.99000 69.06000 15.93700 59.52900
 6 12 20 07 12 15846.90000 5.08400000 493.59000 69.06000 15.93700 59.52900
 6 12 20 07 12 15851.70000 5.08400000 493.59000 69.06000 15.93700 59.52900
 6 12 20 07 13 15851.70000 5.08400000 493.95000 69.15000 15.75100 59.52900
 6 12 20 07 13 15849.00000 5.08400000 493.91000 69.15000 15.75100 59.52900
 6 12 20 07 14 15852.20000 5.08400000 493.94000 69.15000 15.75100 59.52900
 6 12 20 07 14 15853.60000 5.08400000 493.97000 69.15000 15.75100 59.52900
 6 12 20 07 15 15853.60000 5.08400000 493.77000 69.12000 15.75100 59.52900
 6 12 20 07 15 15853.60000 5.08400000 493.69000 69.12000 15.75100 59.52900
 6 12 20 07 15 15852.10000 5.08400000 493.69000 69.12000 15.75100 59.52900
 6 12 20 07 16 15846.70000 5.08400000 493.69000 69.10000 15.75000 59.52900
 6 12 20 07 16 15848.90000 5.08400000 493.72000 69.10000 15.75000 59.52900
 6 12 20 07 17 15850.20000 5.08400000 493.72000 69.10000 15.73400 59.60700
 6 12 20 07 17 15850.30000 5.08400000 493.75000 69.10000 15.73400 59.60900
 6 12 20 07 18 15848.30000 5.11700000 493.79000 69.10000 15.73400 59.60900
 6 12 20 07 18 15847.30000 5.11700000 493.79000 69.10000 15.71900 59.60900
 6 12 20 07 18 15842.80000 5.11700000 493.81000 69.10000 15.71900 59.60900
 6 12 20 07 19 15845.60000 5.12800000 493.82000 69.10000 15.71900 59.60900
 6 12 20 07 19 15845.60000 5.12800000 493.82000 69.09000 15.87900 59.60900
 6 12 20 07 20 15845.20000 5.12800000 493.82000 69.15000 15.87900 59.60900
 6 12 20 07 20 15843.40000 5.12800000 493.89000 69.15000 15.80500 59.60900
 6 12 20 07 21 15845.30000 5.12800000 493.93000 69.10000 15.80500 59.60900
 6 12 20 07 21 15845.30000 5.12800000 493.93000 69.10000 15.70300 59.60900
 6 12 20 07 21 15848.00000 5.12800000 493.95000 69.10000 15.70300 59.60900
 6 12 20 07 22 15847.00000 5.12800000 493.95000 69.10000 15.70300 59.60900
 6 12 20 07 22 15847.00000 5.12800000 493.94000 69.10000 15.70300 59.60900
 6 12 20 07 23 15847.00000 5.12800000 493.97000 69.09000 15.70300 59.60900
 6 12 20 07 23 15850.20000 5.12800000 493.94000 69.09000 15.70300 59.60900
 6 12 20 07 24 15850.30000 5.12800000 493.94000 69.09000 15.70300 59.60900
 6 12 20 07 24 15850.20000 5.12800000 493.94000 69.09000 15.70300 59.60900
 6 12 20 07 24 15850.20000 5.12800000 493.94000 69.09000 15.70300 59.60900
 6 12 20 07 25 15850.20000 5.12800000 493.94000 69.09000 15.70300 59.60900
 6 12 20 07 25 15850.20000 5.12800000 493.94000 69.09000 15.70300 59.60900
 6 12 20 07 26 15850.20000 5.12800000 493.94000 69.09000 15.70300 59.60900
 6 12 20 07 26 15850.30000 5.12800000 494.26000 69.09000 15.70300 59.60900
 6 12 20 07 26 15850.30000 5.12800000 494.46000 69.09000 15.70300 59.60900
 6 12 20 07 27 15850.30000 5.12800000 494.46000 69.09000 15.70300 59.60900
 6 12 20 07 27 15850.20000 5.12800000 494.91000 69.09000 15.70300 59.60900
 6 12 20 07 28 15850.30000 5.12800000 494.91000 69.06000 15.70300 59.60900
 6 12 20 07 28 15850.30000 5.12800000 494.91000 69.06000 15.70300 59.60900
 6 12 20 07 29 15869.40000 5.12800000 495.08000 69.06000 15.70300 59.60900
 6 12 20 07 29 15875.30000 5.12800000 495.12000 69.06000 15.70300 59.60900
 6 12 20 07 29 15874.70000 5.12800000 494.95000 69.06000 15.70300 59.60900
 6 12 20 07 30 15874.70000 5.12800000 495.07000 69.14000 15.70300 59.60900
 6 12 20 07 30 15879.70000 5.13400000 495.07000 69.27000 15.70300 59.60900
 6 12 20 07 31 15881.80000 5.13400000 495.43000 69.27000 15.51100 59.60900
 6 12 20 07 31 15885.90000 5.13400000 495.43000 69.27000 15.51100 59.60900
 6 12 20 07 32 15886.00000 5.13400000 495.33000 69.27000 15.51100 59.60900
 6 12 20 07 32 15882.30000 5.13400000 495.33000 69.27000 15.51100 59.60900
 6 12 20 07 32 15882.20000 5.13400000 495.33000 69.27000 15.51100 59.60900
