M=[
16 10 20 21 52 9682.30000 4.77000000 312.98000 40.79000 11.57000 53.61700
16 10 20 21 52 9682.20000 4.77000000 312.98000 40.79000 11.57000 53.61700
16 10 20 21 53 9682.30000 4.77000000 312.98000 40.79000 11.57000 53.61700
16 10 20 21 53 9682.20000 4.77000000 312.98000 40.79000 11.57000 53.61700
16 10 20 21 53 9682.30000 4.77000000 312.85000 40.79000 11.57000 53.61700
16 10 20 21 54 9682.30000 4.77000000 312.76000 40.79000 11.57000 53.61700
16 10 20 21 54 9683.00000 4.77000000 312.57000 40.79000 11.57000 53.61700
16 10 20 21 55 9683.00000 4.77000000 312.57000 40.79000 11.57000 53.61700
16 10 20 21 55 9684.10000 4.77000000 312.57000 40.79000 11.57000 53.61700
16 10 20 21 56 9685.10000 4.77000000 312.71000 40.79000 11.57000 53.61700
16 10 20 21 56 9685.50000 4.77000000 312.71000 40.79000 11.57000 53.61700
16 10 20 21 56 9685.50000 4.77000000 312.71000 40.79000 11.57000 53.61700
16 10 20 21 57 9685.40000 4.77000000 312.91000 40.79000 11.57000 53.61700
16 10 20 21 57 9685.50000 4.77000000 312.91000 40.79000 11.57000 53.61700
16 10 20 21 58 9685.50000 4.77000000 312.91000 40.79000 11.57000 53.61700
16 10 20 21 58 9685.50000 4.77000000 312.91000 40.79000 11.57000 53.61700
16 10 20 21 59 9685.40000 4.77000000 312.91000 40.78000 11.57000 53.61700
16 10 20 21 59 9685.40000 4.77000000 312.91000 40.74000 11.57000 53.61700
16 10 20 21 59 9685.50000 4.77000000 312.90000 40.74000 11.57000 53.61700
16 10 20 22 00 9685.40000 4.77000000 312.90000 40.74000 11.57000 53.61700
16 10 20 22 00 9685.50000 4.77000000 312.91000 40.74000 11.57000 53.61700
16 10 20 22 01 9685.50000 4.77000000 312.91000 40.74000 11.57000 53.61700
16 10 20 22 01 9685.50000 4.77000000 312.91000 40.74000 11.57000 53.61700
16 10 20 22 01 9685.50000 4.77000000 312.91000 40.74000 11.57000 53.61700
16 10 20 22 02 9685.40000 4.77000000 312.91000 40.74000 11.57000 53.61700
16 10 20 22 02 9685.50000 4.77000000 312.91000 40.74000 11.57000 53.61700
16 10 20 22 03 9685.50000 4.77000000 312.88000 40.74000 11.57000 53.61700
16 10 20 22 03 9685.50000 4.77000000 312.71000 40.74000 11.57000 53.61700
16 10 20 22 04 9685.40000 4.77000000 312.71000 40.74000 11.57000 53.61700
16 10 20 22 04 9685.50000 4.77000000 312.71000 40.74000 11.57000 53.61700
16 10 20 22 04 9685.40000 4.77000000 312.70000 40.74000 11.62900 53.61700
16 10 20 22 05 9685.40000 4.77000000 312.70000 40.74000 11.62900 53.61700
16 10 20 22 05 9685.50000 4.77000000 312.70000 40.74000 11.62900 53.61700
16 10 20 22 06 9685.50000 4.77000000 312.70000 40.74000 11.62900 53.61700
16 10 20 22 06 9685.40000 4.77000000 312.70000 40.74000 11.62900 53.61700
16 10 20 22 07 9685.40000 4.77000000 312.70000 40.74000 11.62900 53.61700
16 10 20 22 07 9685.40000 4.77000000 312.70000 40.74000 11.62900 53.61700
16 10 20 22 07 9685.50000 4.77000000 312.70000 40.74000 11.62900 53.61700
16 10 20 22 08 9685.50000 4.77000000 312.70000 40.74000 11.62900 53.61700
16 10 20 22 08 9685.50000 4.77000000 312.70000 40.74000 11.62900 53.61700
16 10 20 22 09 9685.50000 4.77000000 312.11000 40.74000 11.62900 53.61700
16 10 20 22 09 9685.20000 4.77000000 312.11000 40.73000 11.62900 53.61700
16 10 20 22 10 9679.80000 4.77000000 312.11000 40.73000 11.62900 53.61700
16 10 20 22 10 9679.80000 4.77000000 312.11000 40.73000 11.62900 53.61700
16 10 20 22 10 9679.20000 4.77000000 312.10000 40.73000 11.62900 53.61700
16 10 20 22 11 9679.20000 4.77000000 312.10000 40.73000 11.62900 53.61700
16 10 20 22 11 9679.20000 4.77000000 312.10000 40.73000 11.62900 53.61700
16 10 20 22 12 9682.00000 4.77000000 312.10000 40.68000 11.62900 53.61700
16 10 20 22 12 9684.00000 4.77000000 312.29000 40.68000 11.62900 53.61700
16 10 20 22 13 9684.50000 4.77000000 312.32000 40.68000 11.62900 53.61700
16 10 20 22 13 9684.60000 4.77000000 312.32000 40.68000 11.62900 53.61700
16 10 20 22 13 9685.30000 4.77000000 312.32000 40.68000 11.62900 53.61700
16 10 20 22 14 9684.80000 4.77000000 312.32000 40.68000 11.62900 53.61700
16 10 20 22 14 9685.20000 4.77000000 312.35000 40.68000 11.62900 53.61700
16 10 20 22 15 9685.20000 4.77000000 312.47000 40.68000 11.62900 53.61700
16 10 20 22 15 9685.30000 4.77000000 312.47000 40.68000 11.62900 53.61700
16 10 20 22 16 9685.20000 4.77000000 312.47000 40.68000 11.62900 53.61700
16 10 20 22 16 9685.30000 4.77000000 312.47000 40.68000 11.62900 53.61700
16 10 20 22 16 9685.30000 4.77000000 312.47000 40.68000 11.62900 53.61700
16 10 20 22 17 9685.30000 4.77000000 312.47000 40.68000 11.62900 53.61700
16 10 20 22 17 9685.30000 4.77000000 312.47000 40.68000 11.62900 53.61700
16 10 20 22 18 9685.30000 4.77000000 312.90000 40.68000 11.62900 53.61700
16 10 20 22 18 9685.30000 4.77000000 312.90000 40.68000 11.62900 53.73400
16 10 20 22 19 9685.90000 4.77000000 312.90000 40.68000 11.62900 53.73400
16 10 20 22 19 9686.00000 4.77000000 313.37000 40.68000 11.62900 53.73400
16 10 20 22 19 9685.90000 4.77000000 313.37000 40.68000 11.62900 53.73400
16 10 20 22 20 9692.70000 4.77000000 313.37000 40.68000 11.62900 53.73400
16 10 20 22 20 9695.50000 4.77000000 313.37000 40.68000 11.62900 53.73400
16 10 20 22 21 9696.60000 4.77000000 313.56000 40.68000 11.62900 53.80700
16 10 20 22 21 9696.70000 4.77000000 313.56000 40.68000 11.62900 53.80700
16 10 20 22 22 9697.30000 4.77000000 313.56000 40.68000 11.62900 53.80700
16 10 20 22 22 9697.80000 4.77000000 313.56000 40.68000 11.62900 53.80700
16 10 20 22 22 9697.50000 4.77000000 313.56000 40.68000 11.62900 53.80700
16 10 20 22 23 9696.90000 4.77000000 313.56000 40.68000 11.62900 53.80700
16 10 20 22 23 9696.70000 4.77000000 313.56000 40.68000 11.62900 53.80700
16 10 20 22 24 9696.70000 4.77000000 313.56000 40.68000 11.62900 53.75900
16 10 20 22 24 9696.60000 4.77000000 313.25000 40.68000 11.62900 53.75900
16 10 20 22 25 9696.60000 4.77000000 313.25000 40.68000 11.62900 53.75900
16 10 20 22 25 9696.60000 4.77000000 313.25000 40.68000 11.62900 53.75900
16 10 20 22 25 9695.20000 4.77000000 313.30000 40.68000 11.62900 53.75900
16 10 20 22 26 9695.00000 4.77000000 313.25000 40.68000 11.62900 53.75900
16 10 20 22 26 9695.50000 4.77000000 313.25000 40.68000 11.62900 53.75900
16 10 20 22 27 9693.80000 4.77000000 313.25000 40.68000 11.62900 53.75900
16 10 20 22 27 9693.80000 4.77000000 313.26000 40.68000 11.62900 53.75900
16 10 20 22 28 9693.80000 4.77000000 313.26000 40.68000 11.62900 53.75900
16 10 20 22 28 9693.80000 4.77000000 313.26000 40.68000 11.62900 53.75900
16 10 20 22 28 9693.70000 4.77000000 313.26000 40.68000 11.62900 53.75900
16 10 20 22 29 9693.80000 4.77000000 313.26000 40.68000 11.62900 53.75900
16 10 20 22 29 9693.80000 4.77000000 313.24000 40.68000 11.62900 53.75900
16 10 20 22 30 9693.60000 4.77000000 313.24000 40.77000 11.62900 53.75900
16 10 20 22 30 9693.70000 4.77000000 313.71000 40.77000 11.62900 53.75900
16 10 20 22 31 9693.70000 4.77000000 313.71000 40.77000 11.62900 53.75900
16 10 20 22 31 9695.00000 4.77000000 313.71000 40.77000 11.62900 53.75900
16 10 20 22 31 9693.90000 4.77000000 313.40000 40.77000 11.62900 53.75900
16 10 20 22 32 9693.80000 4.77000000 313.39000 40.77000 11.62900 53.75900
16 10 20 22 32 9693.80000 4.77000000 313.39000 40.77000 11.62900 53.75900
16 10 20 22 33 9693.70000 4.77000000 313.39000 40.77000 11.62900 53.75900
16 10 20 22 33 9690.00000 4.77000000 313.39000 40.77000 11.62900 53.75900
16 10 20 22 34 9690.10000 4.77000000 313.01000 40.77000 11.62900 53.75900
16 10 20 22 34 9690.00000 4.77000000 313.01000 40.77000 11.62900 53.75900
16 10 20 22 34 9689.90000 4.77000000 312.94000 40.77000 11.62900 53.75900
16 10 20 22 35 9692.50000 4.77000000 312.94000 40.77000 11.62900 53.75900
16 10 20 22 35 9692.50000 4.77000000 312.94000 40.77000 11.62900 53.75900
16 10 20 22 36 9692.50000 4.77000000 312.94000 40.77000 11.62900 53.75900
16 10 20 22 36 9697.30000 4.77000000 313.62000 40.77000 11.62900 53.75900
16 10 20 22 37 9695.60000 4.77000000 313.58000 40.77000 11.62900 53.75900
16 10 20 22 37 9695.70000 4.77000000 313.58000 40.77000 11.62900 53.75900
16 10 20 22 37 9696.70000 4.77000000 313.58000 40.77000 11.62900 53.75900
