M=[
25 2 21 01 58 41575.70000 9.83100000 1344.63000 150.94000 28.37600 109.74000
25 2 21 01 59 41610.20000 9.83100000 1344.63000 150.94000 28.37600 109.74000
25 2 21 01 59 41616.40000 9.83100000 1342.89000 151.20000 28.37600 109.74000
25 2 21 02 00 41633.20000 9.83100000 1342.79000 151.20000 28.37600 109.74000
25 2 21 02 00 41550.00000 9.83100000 1339.71000 150.73000 28.37600 109.17900
25 2 21 02 00 41647.80000 9.83100000 1343.20000 150.73000 28.37600 109.17900
25 2 21 02 01 41672.70000 9.83100000 1345.27000 151.30000 28.37600 109.17900
25 2 21 02 01 41707.60000 9.83100000 1346.59000 151.30000 28.37600 109.17900
25 2 21 02 02 41707.80000 9.83100000 1347.32000 151.30000 28.37600 109.17900
25 2 21 02 02 41719.20000 9.83100000 1347.64000 151.44000 28.37600 109.17900
25 2 21 02 03 41750.00000 9.83100000 1349.59000 151.44000 28.37600 109.17900
25 2 21 02 03 41777.70000 9.83100000 1349.83000 151.77000 28.37600 109.17900
25 2 21 02 03 41793.10000 9.83100000 1350.37000 151.77000 28.37500 109.17900
25 2 21 02 04 41791.20000 9.83100000 1349.25000 151.77000 28.07200 109.17900
25 2 21 02 04 41823.00000 9.83100000 1349.25000 151.77000 28.07200 109.17900
25 2 21 02 05 41815.70000 9.83100000 1350.90000 151.77000 27.62200 109.17900
25 2 21 02 05 41815.70000 9.83100000 1349.72000 151.77000 27.89800 109.17900
25 2 21 02 06 41816.30000 9.83100000 1350.46000 151.77000 27.89800 109.17900
25 2 21 02 06 41811.30000 9.83100000 1350.44000 151.93000 27.89800 109.17900
25 2 21 02 06 41815.60000 9.83100000 1350.44000 151.93000 27.89800 109.17900
25 2 21 02 07 41823.30000 9.83100000 1351.20000 151.89000 27.89800 109.17900
25 2 21 02 07 41800.00000 9.83100000 1351.20000 151.89000 27.89800 109.17900
25 2 21 02 08 41784.20000 9.83100000 1349.89000 151.76000 27.89800 109.17900
25 2 21 02 08 41790.70000 9.83100000 1349.89000 151.76000 27.89800 109.17900
25 2 21 02 09 41790.80000 9.83100000 1349.89000 151.76000 27.89800 109.17900
25 2 21 02 09 41801.20000 9.83100000 1350.13000 151.76000 27.89800 109.17900
25 2 21 02 09 41835.90000 9.83100000 1350.20000 151.76000 27.89800 109.17900
25 2 21 02 10 41790.10000 9.83100000 1350.19000 151.76000 27.89800 109.17900
25 2 21 02 10 41784.40000 9.83100000 1349.00000 151.76000 27.89800 109.17900
25 2 21 02 11 41812.80000 9.83100000 1349.00000 151.76000 27.89800 109.17900
25 2 21 02 11 41796.10000 9.83100000 1349.00000 151.76000 27.89800 109.17900
25 2 21 02 12 41750.00000 9.83100000 1347.73000 151.60000 27.89800 109.17900
25 2 21 02 12 41750.10000 9.83100000 1348.42000 151.72000 27.89800 109.17900
25 2 21 02 12 41753.30000 9.83100000 1348.03000 151.60000 27.89800 109.17900
25 2 21 02 13 41816.00000 9.83100000 1350.20000 151.60000 27.89800 109.17900
25 2 21 02 13 41825.10000 9.83100000 1350.20000 151.81000 27.89800 109.17900
25 2 21 02 14 41839.10000 9.83100000 1350.91000 151.81000 27.37200 109.17900
25 2 21 02 14 41850.00000 9.83100000 1351.19000 151.82000 27.37200 109.17900
25 2 21 02 15 41822.00000 9.83100000 1351.19000 151.82000 27.37200 109.17900
25 2 21 02 15 41844.00000 9.83100000 1351.19000 151.82000 27.37200 109.84100
25 2 21 02 15 41782.40000 9.82900000 1351.20000 151.80000 27.37200 109.84100
25 2 21 02 16 41764.40000 9.82900000 1349.34000 151.80000 28.08400 109.84100
25 2 21 02 16 41776.80000 9.82900000 1349.39000 151.80000 28.08400 109.84100
25 2 21 02 17 41783.70000 9.82000000 1349.39000 151.80000 28.08400 109.84100
25 2 21 02 17 41783.70000 9.82000000 1349.39000 151.80000 28.08400 109.84100
25 2 21 02 18 41840.30000 9.82000000 1352.18000 151.80000 28.08400 109.84100
25 2 21 02 18 41848.40000 9.82000000 1352.57000 151.57000 28.08400 109.84100
25 2 21 02 18 41848.30000 9.87000000 1354.83000 151.57000 27.91600 109.84100
25 2 21 02 19 41823.70000 9.87000000 1354.40000 151.57000 27.91600 109.84100
25 2 21 02 19 41773.10000 9.83300000 1352.08000 151.57000 27.91600 109.84100
25 2 21 02 20 41753.20000 9.83000000 1350.65000 151.57000 27.91600 109.84100
25 2 21 02 20 41796.50000 9.83000000 1350.65000 151.57000 27.91600 109.84100
25 2 21 02 21 41786.40000 9.83000000 1351.22000 151.57000 27.91600 109.84100
25 2 21 02 21 41811.80000 9.83000000 1351.72000 151.57000 27.91600 109.79700
25 2 21 02 21 41811.30000 9.83000000 1351.72000 151.57000 27.91600 109.79700
25 2 21 02 22 41810.30000 9.83000000 1351.72000 151.57000 27.91600 109.79700
25 2 21 02 22 41786.50000 9.83000000 1351.72000 151.57000 27.91600 109.79700
25 2 21 02 23 41762.40000 9.83000000 1350.69000 151.57000 27.91600 109.79700
25 2 21 02 23 41762.20000 9.83000000 1350.80000 151.57000 27.91600 109.79700
25 2 21 02 23 41750.00000 9.83000000 1349.80000 151.57000 27.91600 109.79700
25 2 21 02 24 41720.30000 9.83000000 1348.44000 151.10000 27.91600 109.79700
25 2 21 02 24 41704.10000 9.83000000 1347.50000 151.10000 27.91600 109.79700
25 2 21 02 25 41694.90000 9.83000000 1347.26000 151.10000 27.91600 109.79700
25 2 21 02 25 41669.60000 9.81300000 1344.73000 151.10000 27.91600 109.79700
25 2 21 02 26 41669.60000 9.81300000 1344.73000 150.78000 27.91600 109.79700
25 2 21 02 26 41636.70000 9.81300000 1343.98000 150.78000 27.91600 109.79700
25 2 21 02 26 41669.30000 9.78400000 1343.82000 150.77000 27.91600 109.79700
25 2 21 02 27 41656.60000 9.78400000 1343.82000 150.71000 27.91600 109.79700
25 2 21 02 27 41622.60000 9.78400000 1340.59000 150.53000 27.91600 109.00000
25 2 21 02 28 41654.40000 9.78400000 1341.27000 150.56000 27.91600 109.00000
25 2 21 02 28 41659.70000 9.78400000 1341.27000 150.62000 27.91600 109.00900
25 2 21 02 29 41602.00000 9.78400000 1340.58000 150.33000 27.91600 109.00900
25 2 21 02 29 41629.90000 9.78400000 1340.39000 150.33000 27.91600 109.00900
25 2 21 02 29 41612.70000 9.78400000 1339.50000 150.33000 27.92100 109.00900
25 2 21 02 30 41627.80000 9.78400000 1339.66000 150.33000 27.92100 108.73500
25 2 21 02 30 41631.80000 9.78400000 1340.92000 150.33000 27.92100 108.73500
25 2 21 02 31 41648.90000 9.78400000 1342.98000 150.33000 27.92100 108.73500
25 2 21 02 31 41658.90000 9.78400000 1342.98000 150.33000 27.92100 108.73500
25 2 21 02 32 41627.90000 9.78400000 1342.66000 150.33000 27.92100 108.73500
25 2 21 02 32 41629.30000 9.78400000 1340.93000 150.33000 27.92100 108.73500
25 2 21 02 32 41656.10000 9.78400000 1342.21000 150.33000 27.92100 108.73500
25 2 21 02 33 41670.60000 9.78400000 1342.21000 150.33000 27.92100 108.73500
25 2 21 02 33 41639.80000 9.78400000 1341.57000 150.33000 27.92100 108.73500
25 2 21 02 34 41671.90000 9.77800000 1343.11000 150.40000 27.92100 108.73500
25 2 21 02 34 41669.30000 9.77800000 1343.80000 150.36000 27.92100 108.73500
25 2 21 02 35 41683.80000 9.77800000 1344.94000 150.36000 27.92100 108.73500
25 2 21 02 35 41683.60000 9.77800000 1344.94000 150.36000 27.92100 108.73500
25 2 21 02 35 41680.90000 9.77800000 1345.00000 150.36000 27.92100 108.73500
25 2 21 02 36 41710.70000 9.77800000 1345.00000 150.65000 27.92100 108.73500
25 2 21 02 36 41682.70000 9.77800000 1345.00000 150.65000 27.92100 108.73500
25 2 21 02 37 41711.60000 9.75500000 1345.77000 150.65000 27.92100 108.73500
25 2 21 02 37 41711.40000 9.75500000 1342.72000 150.65000 27.92100 108.73500
25 2 21 02 38 41706.40000 9.75500000 1342.72000 150.52000 27.92100 108.73500
25 2 21 02 38 41726.60000 9.75500000 1343.48000 150.43000 27.92100 108.73500
25 2 21 02 38 41727.00000 9.75500000 1343.48000 150.43000 27.92100 108.73500
25 2 21 02 39 41751.50000 9.75500000 1343.48000 150.65000 27.92100 108.73500
25 2 21 02 39 41779.90000 9.75500000 1345.88000 150.65000 27.92100 108.73500
25 2 21 02 40 41779.00000 9.75500000 1345.89000 150.65000 27.92100 108.73500
25 2 21 02 40 41787.10000 9.75500000 1345.44000 150.77000 27.92100 108.73500
25 2 21 02 41 41801.00000 9.75500000 1345.44000 150.77000 27.92100 108.73500
25 2 21 02 41 41813.00000 9.75500000 1345.44000 150.77000 27.92100 108.73500
25 2 21 02 41 41836.00000 9.75500000 1348.43000 151.00000 27.92100 108.73500
25 2 21 02 42 41857.40000 9.75500000 1349.20000 151.21000 27.92100 108.73500
