M=[
 7 7 21 19 30 29319.20000 45.81000000 1999.69000 118.70000 18.07200 102.03900
 7 7 21 19 30 29310.00000 45.81000000 1999.69000 118.70000 18.07200 102.03900
 7 7 21 19 30 29313.20000 45.81000000 1999.85000 118.70000 18.26700 102.03900
 7 7 21 19 31 29317.50000 45.81000000 1999.62000 118.70000 18.26700 102.03900
 7 7 21 19 31 29316.40000 45.81000000 2000.34000 118.70000 18.26700 102.03900
 7 7 21 19 32 29323.60000 45.81000000 1999.96000 118.73000 18.26700 102.03900
 7 7 21 19 32 29320.50000 45.71200000 2000.52000 118.73000 18.26700 102.03900
 7 7 21 19 33 29314.20000 45.71200000 2000.80000 118.73000 18.26700 102.03900
 7 7 21 19 33 29313.60000 45.71200000 2000.66000 118.73000 18.26700 102.03900
 7 7 21 19 33 29312.40000 45.71200000 2000.66000 118.70000 18.26700 102.03900
 7 7 21 19 34 29325.20000 45.71200000 2000.66000 118.70000 18.26700 102.03900
 7 7 21 19 34 29329.40000 45.71200000 2002.00000 118.70000 18.26700 102.03900
 7 7 21 19 35 29334.90000 45.71200000 2002.00000 118.75000 18.26700 102.03900
 7 7 21 19 35 29319.20000 45.71200000 2001.75000 118.70000 18.26700 102.03900
 7 7 21 19 36 29321.90000 45.71200000 2001.51000 118.71000 18.26700 102.03900
 7 7 21 19 36 29319.70000 45.71200000 2001.51000 118.66000 18.26700 102.03900
 7 7 21 19 36 29320.70000 45.71200000 2001.51000 118.67000 18.26700 102.03900
 7 7 21 19 37 29320.60000 45.71200000 2001.50000 118.67000 18.26700 102.03900
 7 7 21 19 37 29329.50000 45.71200000 2002.51000 118.73000 18.26700 102.03900
 7 7 21 19 38 29330.90000 45.71200000 2002.87000 118.73000 18.26700 102.03900
 7 7 21 19 38 29359.30000 45.71200000 2002.87000 118.73000 18.26700 102.03900
 7 7 21 19 39 29354.50000 45.71200000 2003.14000 118.73000 18.26700 102.03900
 7 7 21 19 39 29332.60000 45.71200000 2002.24000 118.73000 18.26700 102.03900
 7 7 21 19 39 29329.00000 45.71200000 2002.24000 118.73000 18.26700 102.03900
 7 7 21 19 40 29331.50000 45.71200000 2001.24000 118.73000 18.21600 102.47600
 7 7 21 19 40 29331.30000 45.71200000 2001.24000 118.77000 18.21600 102.47600
 7 7 21 19 41 29340.00000 45.71200000 2001.24000 118.77000 18.21600 102.47600
 7 7 21 19 41 29339.80000 45.71200000 2002.56000 118.80000 18.21600 102.57200
 7 7 21 19 42 29330.90000 45.71200000 2002.56000 118.80000 18.21600 102.57200
 7 7 21 19 42 29334.90000 45.71200000 2002.56000 118.89000 18.21600 102.57200
 7 7 21 19 42 29341.00000 45.71200000 2002.28000 118.81000 18.21600 102.57200
 7 7 21 19 43 29364.60000 45.71200000 2003.46000 118.85000 18.21600 102.57200
 7 7 21 19 43 29361.40000 45.71200000 2003.46000 118.85000 18.21600 102.57200
 7 7 21 19 44 29365.30000 45.71200000 2003.44000 118.85000 18.21600 102.57200
 7 7 21 19 44 29361.50000 45.71200000 2003.44000 118.89000 18.21600 102.57200
 7 7 21 19 45 29360.70000 45.71200000 2003.44000 118.89000 18.21600 102.57200
 7 7 21 19 45 29355.70000 45.71200000 2003.20000 118.89000 18.21600 102.57200
 7 7 21 19 45 29357.40000 45.71200000 2003.21000 118.86000 18.21600 102.57200
 7 7 21 19 46 29361.10000 45.84400000 2003.22000 118.86000 18.21600 102.37800
 7 7 21 19 46 29372.50000 45.84400000 2003.50000 118.91000 18.21600 102.37800
 7 7 21 19 47 29373.50000 45.84400000 2005.45000 118.91000 18.21600 102.37800
 7 7 21 19 47 29373.40000 45.84400000 2006.10000 118.91000 18.21600 102.37800
 7 7 21 19 48 29373.50000 45.88900000 2007.57000 119.02000 18.21600 102.47300
 7 7 21 19 48 29373.40000 45.88900000 2006.91000 119.02000 18.21600 102.47300
 7 7 21 19 49 29373.50000 45.88900000 2006.93000 119.02000 18.21600 102.47300
 7 7 21 19 49 29394.90000 45.88900000 2006.93000 119.05000 18.21600 102.47300
 7 7 21 19 49 29395.00000 45.88900000 2008.00000 119.15000 18.21600 102.47300
 7 7 21 19 50 29394.90000 45.90200000 2008.00000 119.15000 18.21600 102.76600
 7 7 21 19 50 29388.90000 45.90200000 2007.98000 119.15000 18.21600 102.91600
 7 7 21 19 51 29391.50000 45.90200000 2007.62000 119.15000 18.21600 102.91600
 7 7 21 19 51 29383.30000 45.90200000 2007.88000 119.15000 18.21600 102.91600
 7 7 21 19 52 29387.30000 45.90200000 2007.99000 119.15000 18.21600 102.91600
 7 7 21 19 52 29387.40000 45.90200000 2007.99000 119.15000 18.21600 102.91600
 7 7 21 19 52 29387.20000 45.90200000 2007.99000 119.15000 18.21600 102.91600
 7 7 21 19 53 29380.60000 45.90200000 2007.03000 119.15000 18.21600 102.91600
 7 7 21 19 53 29378.80000 45.90200000 2006.57000 119.00000 18.21600 102.91600
 7 7 21 19 54 29378.30000 45.90200000 2006.70000 119.00000 18.21600 102.91600
 7 7 21 19 54 29378.30000 45.90200000 2006.70000 119.00000 18.21600 102.91600
 7 7 21 19 55 29378.10000 45.90200000 2007.99000 119.00000 18.21600 102.91600
 7 7 21 19 55 29375.00000 45.90200000 2008.00000 119.00000 18.21600 102.91600
 7 7 21 19 55 29375.00000 45.90200000 2006.65000 119.00000 18.21600 102.91600
 7 7 21 19 56 29339.80000 45.90200000 2006.55000 119.00000 18.20000 102.67400
 7 7 21 19 56 29339.80000 45.90200000 2006.13000 118.82000 18.20000 102.67400
 7 7 21 19 57 29336.20000 45.90200000 2004.60000 118.82000 18.20000 102.67400
 7 7 21 19 57 29336.20000 45.78500000 2005.33000 118.78000 18.20000 102.67400
 7 7 21 19 58 29336.30000 45.84900000 2004.70000 118.78000 18.20000 102.67400
 7 7 21 19 58 29336.20000 45.84900000 2005.00000 118.81000 18.20000 102.67400
 7 7 21 19 58 29336.30000 45.84900000 2005.00000 118.82000 18.20000 102.67400
 7 7 21 19 59 29336.30000 45.84900000 2005.25000 118.88000 18.20000 102.67400
 7 7 21 19 59 29369.40000 45.84900000 2006.11000 118.88000 18.20000 102.67400
 7 7 21 20 00 29362.70000 45.84900000 2006.10000 118.88000 18.20000 102.67400
 7 7 21 20 00 29352.50000 45.84900000 2004.73000 118.81000 18.20000 102.67400
 7 7 21 20 01 29346.30000 45.89000000 2004.48000 118.81000 18.20000 102.67400
 7 7 21 20 01 29346.10000 45.89000000 2003.83000 118.81000 18.20000 102.67400
 7 7 21 20 01 29346.00000 45.89000000 2003.00000 118.81000 18.20000 102.67400
 7 7 21 20 02 29359.80000 45.89000000 2003.00000 118.77000 18.20000 102.46300
 7 7 21 20 02 29359.80000 45.89000000 2003.00000 118.77000 18.20000 102.46300
 7 7 21 20 03 29359.80000 45.89000000 2005.98000 118.77000 18.20000 102.46300
 7 7 21 20 03 29356.10000 45.89000000 2006.08000 118.77000 18.20000 102.46300
 7 7 21 20 04 29350.20000 45.80200000 2006.08000 118.77000 18.20000 102.46300
 7 7 21 20 04 29351.50000 45.80200000 2006.08000 118.77000 18.20000 102.46300
 7 7 21 20 05 29346.10000 45.80200000 2005.75000 118.77000 18.20000 102.46300
 7 7 21 20 05 29346.10000 45.80200000 2005.87000 118.77000 18.20000 102.46300
 7 7 21 20 05 29336.30000 45.80200000 2005.87000 118.77000 18.20000 102.46300
 7 7 21 20 06 29330.90000 45.80200000 2003.73000 118.66000 18.20000 102.46300
 7 7 21 20 06 29316.30000 45.80200000 2003.73000 118.60000 18.20000 102.46300
 7 7 21 20 07 29309.30000 45.80200000 2002.56000 118.60000 18.20000 102.46300
 7 7 21 20 07 29314.90000 45.80200000 2002.56000 118.60000 18.20000 102.46300
 7 7 21 20 08 29294.10000 45.80200000 2002.56000 118.69000 18.20000 102.46300
 7 7 21 20 08 29292.50000 45.80200000 2002.56000 118.60000 18.20000 102.46300
 7 7 21 20 08 29296.60000 45.80200000 2001.54000 118.59000 18.20000 102.46300
 7 7 21 20 09 29319.10000 45.80200000 2003.05000 118.60000 18.20000 102.46300
 7 7 21 20 09 29307.50000 45.72000000 2003.92000 118.60000 18.20000 102.46300
 7 7 21 20 10 29313.80000 45.72000000 2001.97000 118.68000 18.20000 102.27200
 7 7 21 20 10 29304.30000 45.72000000 2002.54000 118.68000 18.20000 102.27200
 7 7 21 20 11 29304.30000 45.72000000 2002.28000 118.68000 18.20000 102.27200
 7 7 21 20 11 29305.10000 45.72000000 2002.28000 118.72000 18.20000 102.28500
 7 7 21 20 11 29297.60000 45.72000000 2001.86000 118.72000 18.20000 102.28500
 7 7 21 20 12 29305.30000 45.72000000 2001.58000 118.72000 18.20000 102.28500
 7 7 21 20 12 29307.90000 45.72000000 2001.92000 118.72000 18.20000 102.28500
 7 7 21 20 13 29329.10000 45.72000000 2001.93000 118.72000 18.20000 102.28500
 7 7 21 20 13 29330.50000 45.72000000 2001.93000 118.72000 18.20000 102.28500
