M=[
15 5 21 14 05 40689.00000 84.37200000 3221.90000 258.56000 33.10000 241.24000
15 5 21 14 06 40765.60000 84.37200000 3226.51000 259.00000 33.10000 243.49200
15 5 21 14 06 40768.20000 84.68800000 3226.52000 259.12000 33.10000 243.49200
15 5 21 14 07 40761.80000 84.55100000 3225.91000 259.13000 33.10000 243.49200
15 5 21 14 07 40721.60000 84.50800000 3222.53000 259.13000 33.10000 243.49200
15 5 21 14 08 40759.90000 84.50800000 3221.92000 259.13000 33.10000 243.49200
15 5 21 14 08 40770.10000 84.50800000 3222.39000 259.13000 33.10000 243.49200
15 5 21 14 08 40780.90000 84.50800000 3222.70000 258.67000 33.10000 243.49200
15 5 21 14 09 40747.30000 84.52100000 3221.47000 258.52000 33.10000 243.49200
15 5 21 14 09 40712.60000 84.19700000 3219.05000 258.24000 33.10000 243.24700
15 5 21 14 10 40687.70000 84.20600000 3217.19000 258.23000 33.10000 242.19500
15 5 21 14 10 40622.40000 83.99700000 3211.98000 258.22000 33.10000 242.19500
15 5 21 14 11 40601.60000 83.99700000 3211.98000 258.00000 33.10000 242.19500
15 5 21 14 11 40574.10000 83.99700000 3209.04000 258.00000 33.10000 242.19500
15 5 21 14 11 40629.20000 83.99700000 3205.85000 257.31000 33.10000 241.31500
15 5 21 14 12 40572.50000 83.76900000 3205.61000 257.00000 33.10000 241.00200
15 5 21 14 12 40552.30000 83.76900000 3199.95000 257.00000 33.10000 241.00200
15 5 21 14 13 40636.20000 83.81100000 3207.30000 257.04000 33.10000 240.77000
15 5 21 14 13 40649.80000 83.81100000 3211.37000 257.04000 33.10000 240.77000
15 5 21 14 14 40591.10000 83.78700000 3205.24000 257.61000 33.10000 240.74600
15 5 21 14 14 40541.30000 83.75200000 3202.96000 256.97000 33.10000 240.74600
15 5 21 14 14 40541.40000 83.75200000 3202.25000 256.59000 33.10000 240.74600
15 5 21 14 15 40524.90000 83.44700000 3200.47000 256.74000 33.10000 240.30300
15 5 21 14 15 40471.90000 83.20000000 3197.74000 256.36000 32.96000 240.30300
15 5 21 14 16 40467.20000 83.16200000 3196.46000 256.18000 32.96000 240.30300
15 5 21 14 16 40464.80000 83.27400000 3197.02000 256.18000 32.96000 240.30300
15 5 21 14 17 40434.10000 83.13000000 3194.82000 256.13000 32.96000 239.29300
15 5 21 14 17 40437.70000 83.26900000 3185.00000 256.29000 32.96000 239.29300
15 5 21 14 17 40406.90000 83.26900000 3183.27000 256.29000 32.96000 239.29300
15 5 21 14 18 40368.40000 83.26900000 3182.01000 255.87000 32.96000 239.29300
15 5 21 14 18 40370.60000 83.26900000 3184.35000 255.91000 32.96000 238.91300
15 5 21 14 19 40440.90000 82.96500000 3184.99000 256.39000 32.96000 239.36500
15 5 21 14 19 40418.40000 82.96500000 3184.99000 256.26000 33.52500 239.36500
15 5 21 14 20 40409.50000 83.08900000 3185.00000 255.93000 33.52500 239.36500
15 5 21 14 20 40483.00000 83.08900000 3189.67000 255.93000 33.20200 239.31800
15 5 21 14 20 40494.60000 83.08900000 3191.81000 256.36000 33.20200 239.31800
15 5 21 14 21 40451.50000 83.08900000 3187.17000 256.29000 33.20200 239.31800
15 5 21 14 21 40408.60000 82.85000000 3180.69000 255.71000 33.20200 239.31800
15 5 21 14 22 40407.20000 82.85000000 3183.82000 255.81000 33.20200 239.31800
15 5 21 14 22 40401.00000 83.04800000 3181.05000 255.80000 33.20200 239.31800
15 5 21 14 23 40363.60000 83.04800000 3177.20000 255.70000 33.20200 239.31800
15 5 21 14 23 40350.00000 82.71800000 3176.96000 255.04000 33.20200 239.31800
15 5 21 14 23 40353.00000 82.95100000 3178.61000 255.28000 33.20200 239.31800
15 5 21 14 24 40363.60000 82.95100000 3177.62000 255.13000 33.19100 239.31800
15 5 21 14 24 40350.00000 82.61300000 3168.57000 254.81000 33.19100 239.31800
15 5 21 14 25 40363.70000 82.80000000 3168.88000 254.66000 33.19100 239.31800
15 5 21 14 25 40382.40000 82.71500000 3169.86000 254.66000 33.19100 239.31800
15 5 21 14 26 40368.20000 82.74400000 3172.63000 254.66000 33.19100 239.31800
15 5 21 14 26 40368.20000 82.87600000 3174.63000 254.75000 33.19100 239.31800
15 5 21 14 26 40352.20000 82.87600000 3175.67000 254.79000 33.19100 239.31800
15 5 21 14 27 40350.20000 82.67600000 3174.47000 254.28000 33.19100 239.31800
15 5 21 14 27 40390.10000 82.80000000 3174.85000 254.27000 33.19100 239.31800
15 5 21 14 28 40354.50000 82.80000000 3170.47000 254.27000 33.19100 238.62200
15 5 21 14 28 40325.40000 82.81700000 3166.30000 254.20000 33.19100 238.00000
15 5 21 14 29 40316.40000 82.81700000 3165.24000 254.23000 33.19100 238.00000
15 5 21 14 29 40306.60000 82.51500000 3168.10000 254.39000 33.19100 238.00000
15 5 21 14 29 40303.60000 82.67800000 3163.97000 254.39000 33.19100 238.00000
15 5 21 14 30 40281.50000 82.30000000 3157.12000 254.20000 33.19100 237.92400
15 5 21 14 30 40281.60000 82.16600000 3157.22000 254.00000 33.11400 237.49200
15 5 21 14 31 40296.40000 82.16800000 3161.84000 254.04000 33.11400 237.25700
15 5 21 14 31 40332.40000 82.35200000 3168.19000 254.36000 33.11400 237.25700
15 5 21 14 32 40388.00000 82.35200000 3172.45000 254.78000 33.11400 238.22400
15 5 21 14 32 40361.30000 82.64000000 3169.13000 254.52000 33.11400 238.03800
15 5 21 14 32 40363.20000 82.64000000 3171.06000 254.88000 33.11400 238.03800
15 5 21 14 33 40403.20000 82.73200000 3173.98000 255.13000 33.11400 238.03800
15 5 21 14 33 40396.70000 82.89100000 3174.56000 255.13000 33.11400 238.42300
15 5 21 14 34 40400.50000 82.99900000 3175.59000 255.13000 33.11400 238.42300
15 5 21 14 34 40417.10000 82.99900000 3175.75000 255.13000 33.11400 238.42300
15 5 21 14 35 40417.10000 83.00000000 3180.00000 255.13000 32.96400 238.42300
15 5 21 14 35 40481.60000 83.00000000 3186.51000 255.94000 32.96400 238.42300
15 5 21 14 35 40450.70000 83.00000000 3182.24000 255.92000 32.96400 238.42300
15 5 21 14 36 40417.10000 82.98100000 3183.44000 255.80000 32.96400 238.58800
15 5 21 14 36 40478.40000 83.12400000 3179.25000 256.69000 33.11300 238.58800
15 5 21 14 37 40512.30000 83.31200000 3186.26000 257.09000 32.96400 238.58800
15 5 21 14 37 40545.10000 83.31200000 3188.70000 257.16000 32.97200 238.58800
15 5 21 14 38 40548.90000 83.40700000 3187.00000 257.16000 32.97200 240.62900
15 5 21 14 38 40531.30000 83.40700000 3191.16000 257.42000 32.97200 240.62900
15 5 21 14 38 40469.00000 83.35000000 3185.55000 257.42000 32.97200 239.88200
15 5 21 14 39 40432.30000 83.27900000 3181.35000 256.55000 32.97200 239.88200
15 5 21 14 39 40431.10000 83.27900000 3180.00000 256.54000 32.96400 239.88200
15 5 21 14 40 40442.60000 83.14000000 3181.93000 256.98000 32.96400 239.88200
15 5 21 14 40 40442.60000 83.14000000 3183.99000 256.98000 32.96400 239.88200
15 5 21 14 41 40439.70000 83.22200000 3182.95000 257.28000 32.96400 239.88200
15 5 21 14 41 40437.90000 83.22200000 3183.06000 257.11000 32.96400 239.88200
15 5 21 14 41 40482.70000 83.40600000 3187.35000 257.96000 32.96400 239.88200
15 5 21 14 42 40526.50000 83.71300000 3190.21000 258.07000 32.96400 241.09800
15 5 21 14 42 40546.20000 83.71300000 3190.37000 258.35000 32.96400 241.09800
15 5 21 14 43 40546.10000 83.71300000 3191.17000 258.35000 32.96400 241.09800
15 5 21 14 43 40553.70000 83.71300000 3192.42000 258.58000 32.96400 241.52600
15 5 21 14 44 40554.90000 83.55400000 3192.96000 259.02000 32.96400 240.88100
15 5 21 14 44 40555.00000 83.73300000 3195.82000 259.89000 32.96400 240.88100
15 5 21 14 44 40588.00000 83.73300000 3196.45000 260.41000 32.96400 241.28300
15 5 21 14 45 40555.10000 83.73300000 3191.08000 259.79000 32.96400 241.28300
15 5 21 14 45 40588.00000 83.73300000 3191.49000 260.50000 32.96400 241.28300
15 5 21 14 46 40610.00000 83.92100000 3199.19000 260.52000 32.96400 241.28300
15 5 21 14 46 40673.30000 84.21700000 3201.03000 260.86000 32.96400 241.28300
15 5 21 14 47 40681.10000 84.21700000 3203.58000 261.11000 32.96400 242.33000
15 5 21 14 47 40675.90000 84.14400000 3204.18000 261.34000 32.96400 242.33000
15 5 21 14 47 40676.00000 84.34700000 3207.87000 261.32000 32.96400 242.33000
15 5 21 14 48 40698.90000 84.49900000 3208.01000 261.11000 32.96400 242.33000
15 5 21 14 48 40698.90000 84.78100000 3220.00000 261.48000 32.96400 242.33000
15 5 21 14 49 40698.90000 84.99000000 3215.63000 261.50000 32.96400 242.18300
