M=[
29 1 21 20 10 28210.80000 6.20400000 1108.27000 111.74000 16.25100 70.17600
29 1 21 20 11 28219.10000 6.20400000 1107.05000 111.74000 16.25100 70.17600
29 1 21 20 12 28294.00000 6.20400000 1107.73000 111.85000 16.25100 70.17600
29 1 21 20 12 28232.70000 6.20400000 1106.37000 111.70000 16.25100 70.17600
29 1 21 20 14 28092.00000 6.24200000 1103.15000 111.36000 16.25100 70.17600
29 1 21 20 15 28240.20000 6.23200000 1107.05000 111.49000 16.25100 70.17600
29 1 21 20 15 28268.70000 6.23200000 1107.08000 111.49000 16.25100 70.17600
29 1 21 20 16 28380.70000 6.23200000 1109.31000 111.85000 16.25100 70.17600
29 1 21 20 16 28352.00000 6.23200000 1109.87000 111.85000 16.25100 70.17600
29 1 21 20 17 28299.90000 6.23200000 1109.31000 111.85000 16.25100 70.17600
29 1 21 20 18 28218.30000 6.23200000 1107.06000 111.55000 16.25100 70.17600
29 1 21 20 18 28285.70000 6.23200000 1108.46000 111.55000 16.25100 70.39500
29 1 21 20 19 28300.00000 6.23200000 1107.99000 111.65000 16.25100 70.39500
29 1 21 20 20 28317.60000 6.23200000 1108.17000 111.80000 16.25100 70.39500
29 1 21 20 20 28384.60000 6.23200000 1109.57000 111.83000 16.25100 70.39500
29 1 21 20 21 28392.30000 6.23200000 1110.00000 111.83000 16.25100 70.39500
29 1 21 20 21 28423.10000 6.23200000 1109.99000 111.90000 16.25100 70.39500
29 1 21 20 22 28553.30000 6.23200000 1115.14000 111.99000 16.25100 70.43500
29 1 21 20 23 28574.10000 6.23200000 1115.92000 111.99000 16.25100 70.43500
29 1 21 20 23 28501.10000 6.23200000 1114.81000 111.94000 16.25100 70.43500
29 1 21 20 24 28505.80000 6.23200000 1114.92000 111.90000 16.25100 70.45600
29 1 21 20 25 28450.10000 6.23200000 1114.53000 111.96000 16.25100 70.45600
29 1 21 20 25 28418.80000 6.23200000 1113.70000 111.86000 16.25100 70.45600
29 1 21 20 25 28477.30000 6.23200000 1113.76000 111.86000 16.25100 70.45600
29 1 21 20 26 28458.50000 6.23200000 1112.86000 111.86000 16.25100 70.45600
29 1 21 20 26 28429.40000 6.23200000 1112.06000 111.80000 16.25100 70.45600
29 1 21 20 27 28505.60000 6.23200000 1113.74000 111.80000 16.25100 70.45600
29 1 21 20 28 28487.70000 6.23200000 1112.32000 111.96000 16.25100 70.48300
29 1 21 20 29 28504.80000 6.23200000 1111.05000 111.83000 16.25100 70.48300
29 1 21 20 29 28548.70000 6.23200000 1112.18000 111.83000 16.25100 70.48300
29 1 21 20 30 28535.50000 6.23200000 1112.00000 111.87000 16.25100 70.48300
29 1 21 20 31 28536.20000 6.23200000 1110.95000 111.70000 16.25100 70.48300
29 1 21 20 32 28490.70000 6.23200000 1110.70000 111.70000 16.25100 70.48300
29 1 21 20 33 28637.50000 6.23200000 1114.99000 111.95000 16.25100 70.48300
29 1 21 20 33 28721.20000 6.23200000 1115.91000 111.95000 16.25100 70.48300
29 1 21 20 34 28672.10000 6.23200000 1115.28000 111.99000 16.25100 70.48300
29 1 21 20 34 28694.80000 6.23200000 1114.55000 111.83000 16.25100 70.48400
29 1 21 20 35 28712.70000 6.23200000 1115.52000 111.83000 16.25100 70.48400
29 1 21 20 35 28775.70000 6.23200000 1117.00000 111.94000 16.25100 70.48400
29 1 21 20 36 28781.30000 6.23200000 1115.34000 111.94000 16.25100 70.64000
29 1 21 20 36 28750.00000 6.23800000 1115.75000 111.98000 16.25000 70.64000
29 1 21 20 37 28766.10000 6.23800000 1116.53000 111.97000 16.25000 70.64000
29 1 21 20 38 28831.40000 6.23800000 1119.31000 112.16000 16.25000 70.64000
29 1 21 20 39 28826.90000 6.23800000 1119.31000 112.10000 16.25000 70.75600
29 1 21 20 39 28762.90000 6.23800000 1119.37000 112.14000 16.25000 70.75600
29 1 21 20 40 28733.80000 6.27700000 1118.01000 112.07000 16.25000 70.75600
29 1 21 20 41 28698.30000 6.27700000 1118.71000 112.19000 16.25000 70.75600
29 1 21 20 41 28759.00000 6.27700000 1120.48000 112.09000 16.25000 70.75600
29 1 21 20 42 28721.10000 6.27700000 1119.80000 111.89000 16.25000 70.75600
29 1 21 20 42 28711.30000 6.27700000 1119.27000 111.92000 16.25000 70.75600
29 1 21 20 43 28705.10000 6.26100000 1118.24000 111.92000 16.25000 70.84400
29 1 21 20 43 28705.00000 6.26100000 1116.93000 111.81000 16.25000 70.84400
29 1 21 20 44 28684.50000 6.26100000 1116.92000 111.81000 16.25000 70.95500
29 1 21 20 44 28670.00000 6.26100000 1116.10000 111.81000 16.33400 70.90200
29 1 21 20 45 28648.30000 6.26100000 1115.75000 111.72000 16.33400 70.90200
29 1 21 20 46 28653.90000 6.26100000 1118.05000 111.72000 16.33400 70.90200
29 1 21 20 46 28551.30000 6.26100000 1115.74000 111.64000 16.33400 70.90000
29 1 21 20 47 28487.10000 6.26100000 1115.04000 111.53000 16.33400 70.90000
29 1 21 20 47 28511.40000 6.26100000 1115.43000 111.53000 16.33400 70.90000
29 1 21 20 48 28519.60000 6.26100000 1116.94000 111.70000 16.33400 70.90200
29 1 21 20 49 28516.70000 6.26100000 1116.94000 111.53000 16.33400 70.90200
29 1 21 20 49 28532.80000 6.26100000 1115.56000 111.61000 16.33400 70.90200
29 1 21 20 50 28462.90000 6.26100000 1115.04000 111.52000 16.33400 70.90200
29 1 21 20 50 28472.20000 6.26100000 1116.29000 111.52000 16.33400 70.90200
29 1 21 20 51 28531.10000 6.25600000 1115.63000 111.71000 16.25000 70.90200
29 1 21 20 52 28575.40000 6.26300000 1116.54000 111.71000 16.25000 70.90200
29 1 21 20 52 28628.00000 6.26300000 1118.94000 111.71000 16.25000 70.90200
29 1 21 20 53 28733.30000 6.26300000 1121.05000 111.87000 16.25000 70.96000
29 1 21 20 54 28767.60000 6.27700000 1120.96000 111.94000 16.25000 70.96000
29 1 21 20 55 28741.10000 6.29300000 1120.63000 111.84000 16.25000 70.96000
29 1 21 20 56 28766.20000 6.29300000 1120.72000 111.91000 16.25000 70.96000
29 1 21 20 57 28672.60000 6.29500000 1116.36000 111.87000 16.25000 70.96000
29 1 21 20 58 28575.70000 6.29500000 1116.00000 111.50000 16.25000 70.93600
29 1 21 20 58 28484.20000 6.29500000 1112.91000 111.07000 16.25000 70.81400
29 1 21 20 59 28582.40000 6.29500000 1114.28000 111.47000 16.25000 70.81400
29 1 21 20 59 28555.40000 6.29500000 1113.79000 111.38000 16.25000 70.81400
29 1 21 21 00 28512.70000 6.29500000 1112.30000 111.23000 16.25000 70.73400
29 1 21 21 01 28510.10000 6.29500000 1113.49000 111.23000 16.25000 70.73400
29 1 21 21 02 28447.50000 6.29500000 1112.49000 111.08000 16.25000 70.73400
29 1 21 21 03 28447.60000 6.29500000 1112.50000 111.08000 16.25000 70.73400
29 1 21 21 03 28482.10000 6.29500000 1112.88000 111.08000 16.25000 70.73400
29 1 21 21 03 28500.70000 6.29500000 1113.84000 111.19000 16.25000 70.73400
29 1 21 21 04 28438.90000 6.24600000 1114.70000 111.25000 16.25000 70.39200
29 1 21 21 05 28500.00000 6.28000000 1117.24000 111.50000 16.25000 70.53800
29 1 21 21 06 28552.00000 6.25600000 1117.98000 111.50000 16.25000 70.68400
29 1 21 21 07 28579.80000 6.25600000 1120.94000 111.63000 16.25000 70.70200
29 1 21 21 08 28685.00000 6.24200000 1120.97000 111.70000 16.25000 70.70200
29 1 21 21 08 28652.00000 6.24200000 1120.75000 111.70000 16.25000 70.70200
29 1 21 21 09 28612.60000 6.24200000 1120.78000 111.85000 16.25000 70.70200
29 1 21 21 10 28568.20000 6.28100000 1119.05000 111.85000 16.25000 70.70200
29 1 21 21 10 28513.70000 6.28100000 1118.08000 111.44000 16.25000 70.70200
29 1 21 21 11 28463.70000 6.28100000 1115.87000 111.44000 16.25000 70.70200
29 1 21 21 11 28450.20000 6.28100000 1115.37000 111.21000 16.25000 70.70200
29 1 21 21 13 28305.90000 6.23200000 1112.87000 111.00000 16.25000 70.70200
29 1 21 21 14 28279.90000 6.24500000 1113.48000 111.22000 16.25000 70.70200
29 1 21 21 14 28242.30000 6.24500000 1113.89000 111.22000 16.25000 70.70200
29 1 21 21 15 28230.50000 6.24500000 1117.95000 111.22000 16.25000 70.70200
29 1 21 21 16 28351.80000 6.24500000 1120.28000 111.36000 16.25000 70.55700
29 1 21 21 16 28353.70000 6.24500000 1120.50000 111.36000 16.25000 70.55700
29 1 21 21 18 28300.00000 6.29100000 1118.78000 111.50000 16.25000 70.80000
29 1 21 21 19 28367.10000 6.29100000 1118.78000 111.29000 16.25000 70.80000
29 1 21 21 19 28395.60000 6.27200000 1121.68000 111.62000 16.25000 70.71300
29 1 21 21 19 28439.80000 6.27200000 1123.77000 111.69000 16.25000 70.71300
29 1 21 21 20 28430.20000 6.27200000 1124.00000 111.74000 16.25000 70.86700
29 1 21 21 21 28421.90000 6.27200000 1125.59000 111.74000 16.25000 70.86700
