M=[
15 5 21 21 19 39900.10000 82.00700000 3135.58000 255.77000 32.41400 234.00100
15 5 21 21 19 39900.00000 82.23700000 3134.30000 255.77000 32.41400 233.96100
15 5 21 21 19 39867.90000 82.24100000 3135.21000 255.54000 32.41400 233.96100
15 5 21 21 20 39893.20000 82.24100000 3135.00000 255.72000 32.41400 233.96100
15 5 21 21 20 39879.30000 82.24100000 3134.20000 255.90000 32.41400 233.96100
15 5 21 21 21 39892.00000 82.24100000 3134.09000 255.90000 32.41400 233.96100
15 5 21 21 21 39876.80000 82.24100000 3132.24000 255.90000 32.41400 233.96100
15 5 21 21 22 39880.60000 82.24100000 3132.24000 256.11000 32.41400 233.96100
15 5 21 21 22 39876.50000 82.24900000 3130.90000 256.04000 32.41400 233.96100
15 5 21 21 22 39873.70000 82.22800000 3128.32000 256.04000 32.41400 233.96100
15 5 21 21 23 39873.60000 82.20000000 3124.68000 256.04000 32.41400 233.96100
15 5 21 21 23 39843.50000 81.98500000 3123.11000 255.95000 32.41400 233.96100
15 5 21 21 24 39840.00000 81.98500000 3123.09000 255.63000 32.41400 233.84800
15 5 21 21 24 39852.80000 81.73000000 3126.14000 255.63000 32.57200 233.75300
15 5 21 21 25 39892.10000 81.56700000 3129.90000 256.29000 32.57200 233.75300
15 5 21 21 25 39952.20000 81.56700000 3133.72000 256.46000 32.57200 233.75300
15 5 21 21 25 39982.20000 81.56700000 3134.15000 256.46000 32.57200 233.75300
15 5 21 21 26 39976.30000 81.56700000 3134.09000 256.46000 32.57200 234.82600
15 5 21 21 26 39942.30000 81.56700000 3136.09000 256.46000 32.57200 234.82600
15 5 21 21 27 39909.40000 81.56700000 3136.09000 256.39000 32.57200 234.82600
15 5 21 21 27 39909.00000 81.83600000 3136.09000 256.39000 32.57200 234.82600
15 5 21 21 28 39859.00000 82.00700000 3130.01000 255.88000 32.57200 234.11500
15 5 21 21 28 39858.90000 82.00700000 3130.53000 255.98000 32.57200 234.11500
15 5 21 21 28 39899.40000 81.90900000 3132.27000 256.23000 32.72500 234.11500
15 5 21 21 29 39928.00000 81.90900000 3134.99000 256.23000 32.72500 234.11500
15 5 21 21 29 39945.20000 81.90900000 3134.14000 256.28000 32.72500 234.11500
15 5 21 21 30 39950.40000 82.00000000 3132.43000 256.28000 32.72500 234.24200
15 5 21 21 30 39926.40000 81.95400000 3131.87000 256.28000 32.72500 234.24200
15 5 21 21 31 39899.30000 81.95400000 3131.85000 255.84000 32.72500 234.24200
15 5 21 21 31 39885.10000 81.95400000 3124.64000 255.84000 32.72500 234.24200
15 5 21 21 31 39885.00000 81.95400000 3121.81000 255.79000 32.72500 234.22000
15 5 21 21 32 39885.10000 81.64400000 3127.94000 255.92000 32.72500 234.22000
15 5 21 21 32 39910.70000 81.88600000 3130.40000 255.92000 32.72500 234.22000
15 5 21 21 33 39931.90000 81.88600000 3129.72000 256.20000 32.72500 234.22000
15 5 21 21 33 39945.20000 82.00000000 3130.75000 256.20000 32.72500 234.22000
15 5 21 21 34 39946.20000 82.00000000 3130.92000 256.43000 32.72500 234.22000
15 5 21 21 34 39947.30000 81.91900000 3130.00000 256.50000 32.72500 234.22000
15 5 21 21 34 39947.30000 81.91900000 3124.06000 256.50000 32.72500 234.22000
15 5 21 21 35 39936.00000 81.91900000 3125.86000 256.42000 32.72500 234.22000
15 5 21 21 35 39939.40000 81.79300000 3129.26000 256.44000 32.72500 234.22000
15 5 21 21 36 39945.50000 81.79300000 3129.26000 256.41000 32.72500 234.22000
15 5 21 21 36 39950.00000 81.88600000 3133.71000 256.41000 32.72500 234.22000
15 5 21 21 37 39950.40000 81.88600000 3134.90000 256.47000 32.72500 234.22000
15 5 21 21 37 39953.50000 81.66700000 3135.00000 256.43000 32.72500 234.22000
15 5 21 21 37 39956.10000 81.66700000 3135.00000 256.51000 32.72500 234.54300
15 5 21 21 38 39954.90000 81.66700000 3136.70000 256.58000 32.72500 234.26700
15 5 21 21 38 39953.60000 81.66700000 3139.79000 256.58000 32.72500 234.26700
15 5 21 21 39 39952.90000 81.66700000 3139.19000 256.85000 32.72500 234.26700
15 5 21 21 39 39949.60000 81.66700000 3138.23000 256.83000 32.72500 234.26700
15 5 21 21 40 39928.10000 81.66700000 3134.83000 256.66000 32.72500 234.26700
15 5 21 21 40 39929.50000 81.64200000 3135.55000 256.78000 32.72500 234.56100
15 5 21 21 40 39929.60000 81.80500000 3135.49000 256.78000 32.72500 234.43400
15 5 21 21 41 39930.60000 81.80500000 3137.80000 256.72000 32.72500 234.43400
15 5 21 21 41 39939.10000 81.74400000 3137.80000 256.72000 32.72500 234.43400
15 5 21 21 42 39942.20000 81.74400000 3138.83000 256.70000 32.72500 234.43400
15 5 21 21 42 39940.80000 81.93800000 3139.96000 256.70000 32.72500 234.28200
15 5 21 21 43 40124.50000 81.93800000 3145.00000 256.96000 32.72500 234.28200
15 5 21 21 43 40068.40000 81.93800000 3147.47000 256.63000 32.72500 234.28200
15 5 21 21 43 40107.60000 81.93800000 3146.22000 256.65000 32.87900 234.28200
15 5 21 21 44 40048.30000 81.93800000 3141.94000 256.18000 32.87900 234.28200
15 5 21 21 44 40012.10000 81.93800000 3139.00000 256.20000 32.87900 234.28200
15 5 21 21 45 40000.10000 81.56700000 3138.37000 256.03000 32.87900 234.28200
15 5 21 21 45 40000.10000 81.64700000 3140.76000 255.97000 32.87900 234.28200
15 5 21 21 46 40000.00000 81.64700000 3142.08000 255.92000 32.87900 234.28200
15 5 21 21 46 40009.90000 81.64700000 3145.77000 256.51000 32.87900 234.28200
15 5 21 21 46 39986.20000 81.64700000 3142.93000 255.99000 32.87900 234.72700
15 5 21 21 47 39965.00000 81.64700000 3139.31000 255.99000 32.87900 234.72700
15 5 21 21 47 39954.50000 81.67000000 3138.93000 255.99000 32.87900 234.72700
15 5 21 21 48 39940.70000 81.81500000 3141.32000 255.68000 32.87900 234.72700
15 5 21 21 48 39935.10000 81.81500000 3137.06000 255.68000 32.87900 234.72700
15 5 21 21 49 39890.70000 81.81500000 3135.00000 255.68000 32.87900 234.72700
15 5 21 21 49 39956.80000 82.00000000 3136.94000 255.45000 32.87900 234.72700
15 5 21 21 49 39900.00000 82.00000000 3136.05000 255.44000 32.87900 234.72700
15 5 21 21 50 39921.30000 82.00000000 3135.49000 255.64000 32.87900 234.72700
15 5 21 21 50 39942.20000 82.00000000 3138.06000 256.17000 32.87900 234.72700
15 5 21 21 51 39964.90000 82.08100000 3141.24000 256.07000 32.87900 234.72700
15 5 21 21 51 39940.60000 81.86900000 3136.45000 256.07000 32.87900 234.56100
15 5 21 21 52 39965.60000 81.86900000 3136.45000 256.16000 32.84000 234.56100
15 5 21 21 52 40002.60000 81.86900000 3142.11000 256.56000 32.84000 234.56100
15 5 21 21 52 40030.00000 82.18000000 3143.59000 257.00000 32.89600 234.56100
15 5 21 21 53 40057.70000 82.18000000 3144.69000 257.10000 32.89600 235.01800
15 5 21 21 53 40000.00000 82.18000000 3139.85000 256.77000 32.89600 235.01800
15 5 21 21 54 39948.70000 82.18000000 3141.75000 257.06000 32.89600 235.10700
15 5 21 21 54 39953.60000 82.18000000 3136.04000 257.06000 32.89600 235.10700
15 5 21 21 55 39984.40000 82.02600000 3138.82000 257.06000 32.89600 235.10700
15 5 21 21 55 40002.50000 82.02600000 3142.95000 257.06000 32.89600 235.10700
15 5 21 21 55 40004.90000 82.00700000 3144.28000 257.06000 32.89600 235.10700
15 5 21 21 56 39963.00000 81.86600000 3139.88000 257.02000 32.89600 234.34400
15 5 21 21 56 39968.80000 81.86500000 3140.87000 257.02000 32.89600 234.34400
15 5 21 21 57 39973.20000 81.74900000 3143.27000 257.02000 32.89600 234.34400
15 5 21 21 57 39947.10000 81.74900000 3140.08000 257.02000 32.89600 234.34400
15 5 21 21 58 39919.00000 81.74900000 3141.79000 257.02000 32.89600 234.53800
15 5 21 21 58 39923.80000 81.74900000 3138.30000 257.18000 32.65300 234.53800
15 5 21 21 58 39912.90000 81.74900000 3139.04000 257.01000 32.65300 234.48800
15 5 21 21 59 39942.30000 81.89400000 3142.29000 257.01000 32.65300 234.48800
15 5 21 21 59 39919.40000 81.89400000 3139.13000 257.01000 32.65300 234.48800
15 5 21 22 00 39922.90000 81.89400000 3139.13000 257.01000 32.65300 234.48800
15 5 21 22 00 39922.90000 81.89400000 3139.03000 257.01000 32.65300 234.83500
15 5 21 22 00 39927.50000 81.46700000 3141.76000 257.01000 32.65300 234.83500
15 5 21 22 01 39928.50000 81.46700000 3142.44000 257.01000 32.65300 234.83500
15 5 21 22 01 39928.60000 81.46700000 3142.44000 256.73000 32.65300 234.83500
15 5 21 22 02 39928.50000 81.46700000 3144.00000 256.75000 32.65300 234.83500
