M=[
26 11 20 00 53 15809.40000 5.95000000 482.50000 69.32000 13.80600 66.70900
26 11 20 00 54 15793.10000 5.95000000 482.22000 69.27000 13.84800 66.70900
26 11 20 00 54 15788.70000 5.95000000 481.79000 69.21000 13.84800 66.70900
26 11 20 00 55 15796.30000 5.95000000 481.79000 69.21000 13.84800 66.70900
26 11 20 00 55 15808.80000 5.95000000 482.04000 69.21000 13.84800 66.70900
26 11 20 00 56 15811.10000 5.95000000 482.58000 69.21000 13.84800 66.70900
26 11 20 00 56 15817.90000 5.95000000 483.19000 69.21000 13.84800 66.70900
26 11 20 00 56 15817.90000 5.95000000 483.13000 69.21000 13.84800 66.45000
26 11 20 00 57 15818.00000 5.95000000 483.13000 69.27000 13.84800 66.45000
26 11 20 00 57 15820.60000 5.95000000 482.77000 69.27000 13.84800 66.45000
26 11 20 00 58 15818.70000 5.95000000 482.41000 69.28000 13.84800 66.45000
26 11 20 00 58 15821.10000 5.95000000 482.41000 69.27000 13.84800 66.45000
26 11 20 00 59 15824.60000 5.95000000 482.73000 69.27000 13.84800 66.45000
26 11 20 00 59 15827.90000 5.95000000 482.73000 69.31000 13.84800 66.45000
26 11 20 00 59 15827.90000 5.95000000 482.73000 69.31000 13.84800 66.45000
26 11 20 01 00 15828.00000 5.95000000 482.74000 69.27000 13.84800 66.45000
26 11 20 01 00 15814.50000 5.95000000 482.42000 69.27000 13.84800 66.45000
26 11 20 01 01 15807.00000 5.95000000 481.46000 69.27000 13.84800 66.45000
26 11 20 01 01 15790.00000 5.95000000 480.69000 69.27000 13.84800 66.45000
26 11 20 01 02 15785.70000 5.95000000 480.48000 69.27000 13.84800 66.45000
26 11 20 01 02 15785.60000 5.93000000 480.59000 69.07000 13.84900 66.14900
26 11 20 01 02 15781.30000 5.93000000 480.78000 69.07000 13.84900 66.14900
26 11 20 01 03 15790.10000 5.92500000 480.70000 69.15000 13.87500 66.12500
26 11 20 01 03 15798.40000 5.92500000 480.70000 69.19000 13.87500 66.12500
26 11 20 01 04 15817.40000 5.92500000 481.54000 69.27000 13.87500 66.12500
26 11 20 01 04 15821.70000 5.92500000 482.62000 69.34000 13.87500 66.12500
26 11 20 01 05 15831.10000 5.92500000 482.62000 69.35000 13.87500 66.12500
26 11 20 01 05 15831.00000 5.92500000 482.60000 69.44000 13.87500 66.12500
26 11 20 01 05 15831.00000 5.92500000 482.79000 69.51000 13.87500 66.12500
26 11 20 01 06 15840.50000 5.92500000 482.45000 69.51000 13.87500 66.12500
26 11 20 01 06 15830.40000 5.92500000 482.03000 69.39000 13.87500 66.12500
26 11 20 01 07 15830.00000 5.92500000 482.45000 69.39000 13.87500 66.12500
26 11 20 01 07 15837.90000 5.92500000 482.50000 69.40000 13.87500 66.12500
26 11 20 01 08 15837.90000 5.92500000 482.50000 69.48000 13.87500 66.12500
26 11 20 01 08 15842.00000 5.96000000 483.34000 69.48000 13.87500 66.12500
26 11 20 01 08 15841.00000 5.96000000 483.26000 69.46000 13.87500 66.12500
26 11 20 01 09 15841.00000 5.96000000 483.25000 69.46000 13.87500 66.12500
26 11 20 01 09 15834.60000 5.96000000 483.25000 69.46000 13.87500 66.12500
26 11 20 01 10 15842.10000 5.96000000 482.50000 69.46000 13.87500 66.12500
26 11 20 01 10 15850.10000 5.96000000 482.74000 69.46000 13.87500 66.12500
26 11 20 01 11 15848.60000 5.96000000 482.73000 69.46000 13.87500 66.12500
26 11 20 01 11 15841.10000 5.96000000 482.73000 69.46000 13.87500 66.12500
26 11 20 01 11 15842.50000 5.96000000 482.73000 69.46000 13.87500 66.12500
26 11 20 01 12 15841.10000 5.96000000 482.09000 69.36000 13.87500 66.12500
26 11 20 01 12 15841.10000 5.96000000 481.92000 69.36000 13.87500 66.12500
26 11 20 01 13 15844.20000 5.96000000 481.46000 69.20000 13.87500 66.12500
26 11 20 01 13 15841.00000 5.96000000 481.17000 69.20000 13.87500 66.12500
26 11 20 01 14 15841.00000 5.96000000 481.17000 69.20000 13.87500 66.12500
26 11 20 01 14 15840.70000 5.96000000 480.74000 69.20000 13.87500 66.12500
26 11 20 01 14 15839.50000 5.96000000 480.91000 69.20000 13.87500 66.12500
26 11 20 01 15 15839.40000 5.96000000 480.91000 69.20000 13.87500 66.12500
26 11 20 01 15 15834.60000 5.89700000 480.91000 69.20000 13.87500 66.12500
26 11 20 01 16 15830.00000 5.89700000 480.81000 69.20000 13.87500 66.12500
26 11 20 01 16 15814.00000 5.89700000 480.81000 69.20000 13.87500 66.12500
26 11 20 01 17 15810.10000 5.89700000 480.82000 69.15000 13.87500 66.12500
26 11 20 01 17 15810.10000 5.89700000 480.78000 69.15000 13.87500 66.12500
26 11 20 01 17 15810.10000 5.89700000 480.78000 69.15000 13.87500 66.12500
26 11 20 01 18 15810.10000 5.89700000 480.52000 69.15000 13.87500 66.03400
26 11 20 01 18 15810.10000 5.89700000 480.52000 69.15000 13.87500 66.03400
26 11 20 01 19 15816.80000 5.89700000 480.90000 69.15000 13.87500 66.03400
26 11 20 01 19 15818.60000 5.89700000 480.65000 69.16000 13.87500 66.03400
26 11 20 01 20 15818.90000 5.89700000 480.87000 69.19000 13.87500 66.03400
26 11 20 01 20 15818.00000 5.89700000 480.87000 69.18000 13.87500 66.03400
26 11 20 01 20 15810.00000 5.89700000 480.03000 69.18000 13.87500 65.90900
26 11 20 01 21 15810.00000 5.89700000 480.02000 69.01000 13.87500 65.91700
26 11 20 01 21 15785.50000 5.89700000 479.63000 69.01000 13.87500 65.91700
26 11 20 01 22 15793.50000 5.89700000 479.63000 69.00000 13.87500 65.91700
26 11 20 01 22 15784.30000 5.89700000 479.32000 69.00000 13.87500 65.91700
26 11 20 01 23 15794.50000 5.89700000 479.70000 69.00000 13.87500 66.19600
26 11 20 01 23 15808.50000 5.89700000 480.13000 69.00000 13.87500 66.19600
26 11 20 01 23 15808.60000 5.89700000 480.13000 69.00000 13.87500 66.19600
26 11 20 01 24 15794.20000 5.89700000 479.84000 68.98000 13.87500 66.19600
26 11 20 01 24 15794.20000 5.89700000 480.18000 68.98000 13.87500 66.19600
26 11 20 01 25 15790.50000 5.89700000 479.23000 68.98000 13.87500 66.19600
26 11 20 01 25 15790.50000 5.89700000 479.23000 68.98000 13.87500 66.19600
26 11 20 01 26 15790.10000 5.89700000 479.03000 68.98000 13.87500 66.19600
26 11 20 01 26 15785.00000 5.89700000 478.98000 68.98000 13.87500 66.19600
26 11 20 01 26 15785.10000 5.89700000 478.98000 68.98000 13.87500 66.19600
26 11 20 01 27 15785.10000 5.89700000 479.61000 68.89000 13.87500 66.19600
26 11 20 01 27 15785.10000 5.89700000 479.24000 68.89000 13.87500 66.19600
26 11 20 01 28 15781.00000 5.89700000 479.24000 68.89000 13.87500 66.19600
26 11 20 01 28 15772.20000 5.89700000 478.60000 68.90000 13.87500 66.07000
26 11 20 01 28 15769.10000 5.89700000 478.48000 68.90000 13.87500 65.92000
26 11 20 01 29 15766.60000 5.89700000 478.21000 68.90000 13.87500 65.92000
26 11 20 01 29 15769.10000 5.89700000 478.99000 68.90000 13.87500 65.92000
26 11 20 01 30 15769.10000 5.89700000 478.99000 68.91000 13.87500 65.92000
26 11 20 01 30 15769.10000 5.89700000 478.00000 68.85000 13.87500 65.92000
26 11 20 01 31 15765.20000 5.89700000 477.64000 68.77000 13.87500 65.75800
26 11 20 01 31 15746.10000 5.86100000 477.24000 68.77000 13.87500 65.75800
26 11 20 01 31 15747.20000 5.86100000 477.40000 68.77000 13.87500 65.75800
26 11 20 01 32 15745.40000 5.86100000 477.14000 68.77000 13.87500 65.64700
26 11 20 01 32 15745.50000 5.86100000 477.14000 68.77000 13.87500 65.64700
26 11 20 01 33 15760.30000 5.86100000 478.17000 68.73000 13.87500 65.64700
26 11 20 01 33 15760.30000 5.86100000 478.79000 68.78000 13.87500 65.64700
26 11 20 01 34 15769.20000 5.86100000 479.41000 68.78000 13.87500 65.64700
26 11 20 01 34 15760.00000 5.90300000 479.41000 68.78000 13.87500 65.64700
26 11 20 01 35 15760.10000 5.90300000 479.14000 68.86000 13.87500 65.64700
26 11 20 01 35 15762.50000 5.90300000 479.36000 68.88000 13.87500 65.64700
26 11 20 01 35 15763.00000 5.90300000 479.36000 68.88000 13.87500 65.64700
26 11 20 01 36 15768.00000 5.90300000 479.36000 68.88000 13.87500 65.64700
26 11 20 01 36 15776.00000 5.90300000 479.50000 68.88000 13.87500 65.64700
26 11 20 01 37 15777.90000 5.90300000 479.59000 68.93000 13.87500 65.64700
26 11 20 01 37 15782.60000 5.90300000 479.59000 68.93000 13.87500 65.64700
26 11 20 01 38 15772.90000 5.89400000 479.39000 68.93000 13.87500 65.64700
26 11 20 01 38 15771.50000 5.89400000 479.39000 68.93000 13.87500 65.64700
26 11 20 01 38 15771.50000 5.89400000 479.39000 68.93000 13.87500 65.64700
