M=[
 8 11 20 11 22 12740.10000 4.35300000 373.57000 50.19000 11.52500 49.20300
 8 11 20 11 22 12740.10000 4.35300000 373.47000 50.10000 11.52500 49.20300
 8 11 20 11 23 12727.40000 4.35000000 373.33000 50.09000 11.52500 49.20300
 8 11 20 11 23 12725.50000 4.35000000 373.26000 50.09000 11.52500 49.20300
 8 11 20 11 23 12729.30000 4.35000000 373.33000 50.09000 11.52500 49.20300
 8 11 20 11 24 12736.10000 4.35000000 373.59000 50.06000 11.52500 49.20300
 8 11 20 11 24 12738.00000 4.35000000 373.40000 50.06000 11.52500 49.20300
 8 11 20 11 25 12736.60000 4.35000000 373.42000 50.06000 11.52500 49.20300
 8 11 20 11 25 12735.10000 4.36400000 373.01000 50.06000 11.52500 49.20300
 8 11 20 11 26 12724.10000 4.36400000 373.00000 50.06000 11.52500 49.20300
 8 11 20 11 26 12724.10000 4.36400000 373.00000 50.06000 11.55600 49.20300
 8 11 20 11 26 12721.20000 4.36400000 373.01000 50.06000 11.42000 49.20300
 8 11 20 11 27 12720.60000 4.36400000 373.01000 50.06000 11.42000 49.20300
 8 11 20 11 27 12722.40000 4.36400000 373.01000 50.06000 11.42000 49.20300
 8 11 20 11 28 12722.40000 4.36400000 373.01000 50.00000 11.42000 49.20300
 8 11 20 11 28 12721.90000 4.36400000 373.02000 50.00000 11.42000 49.20300
 8 11 20 11 29 12722.30000 4.36400000 373.02000 50.00000 11.61100 49.20300
 8 11 20 11 29 12720.80000 4.36400000 373.04000 50.00000 11.61100 49.20300
 8 11 20 11 29 12723.60000 4.36400000 373.04000 50.00000 11.61100 49.20300
 8 11 20 11 30 12723.80000 4.36400000 373.18000 50.00000 11.61100 49.20300
 8 11 20 11 30 12732.30000 4.36400000 373.61000 50.00000 11.61100 49.20300
 8 11 20 11 31 12733.60000 4.36400000 373.63000 50.00000 11.52200 49.20300
 8 11 20 11 31 12725.90000 4.36400000 373.32000 50.00000 11.52200 49.20300
 8 11 20 11 32 12728.80000 4.36400000 373.23000 50.00000 11.52200 49.20300
 8 11 20 11 32 12730.70000 4.36400000 373.32000 50.00000 11.52200 49.20300
 8 11 20 11 32 12732.80000 4.36400000 373.32000 50.00000 11.52200 49.20300
 8 11 20 11 33 12732.60000 4.36400000 373.63000 50.15000 11.52200 49.20300
 8 11 20 11 33 12730.00000 4.36400000 373.39000 50.15000 11.52200 49.20300
 8 11 20 11 34 12730.10000 4.36400000 373.59000 50.15000 11.52200 49.20300
 8 11 20 11 34 12724.10000 4.36400000 373.59000 50.15000 11.52200 49.20300
 8 11 20 11 35 12726.60000 4.36400000 373.59000 50.15000 11.52200 49.20300
 8 11 20 11 35 12723.80000 4.36400000 373.59000 50.16000 11.52200 49.20300
 8 11 20 11 35 12723.80000 4.36400000 373.01000 50.16000 11.52200 49.20300
 8 11 20 11 36 12717.30000 4.36400000 373.05000 50.16000 11.52200 49.20300
 8 11 20 11 36 12719.50000 4.36400000 373.21000 50.16000 11.52200 49.20300
 8 11 20 11 37 12722.90000 4.36400000 373.88000 50.16000 11.52200 49.20300
 8 11 20 11 37 12723.20000 4.36400000 373.75000 50.16000 11.52200 49.20300
 8 11 20 11 38 12725.20000 4.36400000 373.87000 50.16000 11.52200 49.20300
 8 11 20 11 38 12726.40000 4.36400000 373.87000 50.16000 11.52200 49.20300
 8 11 20 11 38 12726.40000 4.36400000 374.01000 50.27000 11.52200 49.20300
 8 11 20 11 39 12726.40000 4.36400000 374.01000 50.27000 11.52200 49.20300
 8 11 20 11 39 12726.30000 4.36400000 373.99000 50.27000 11.54400 49.20300
 8 11 20 11 40 12737.90000 4.36400000 374.11000 50.27000 11.54400 49.20300
 8 11 20 11 40 12744.30000 4.36400000 374.11000 50.27000 11.54400 49.20300
 8 11 20 11 40 12747.90000 4.36400000 374.11000 50.27000 11.54400 49.20300
 8 11 20 11 41 12748.50000 4.36400000 374.14000 50.27000 11.54900 49.20300
 8 11 20 11 41 12750.80000 4.36400000 374.14000 50.27000 11.54900 49.20300
 8 11 20 11 42 12754.70000 4.36400000 374.31000 50.27000 11.54900 49.20300
 8 11 20 11 42 12754.60000 4.36400000 374.15000 50.33000 11.54900 49.20300
 8 11 20 11 43 12744.30000 4.36400000 373.81000 50.33000 11.54900 49.20300
 8 11 20 11 43 12747.00000 4.36400000 373.81000 50.33000 11.54900 49.20300
 8 11 20 11 43 12744.40000 4.36400000 374.08000 50.33000 11.54900 49.20300
 8 11 20 11 44 12740.10000 4.36400000 373.75000 50.33000 11.54900 49.20300
 8 11 20 11 44 12740.10000 4.36400000 373.86000 50.33000 11.54900 49.20300
 8 11 20 11 45 12736.20000 4.36400000 373.78000 50.27000 11.54900 49.20300
 8 11 20 11 45 12733.70000 4.36400000 373.81000 50.27000 11.54900 49.20300
 8 11 20 11 46 12731.20000 4.36400000 374.08000 50.27000 11.54900 49.20300
 8 11 20 11 46 12727.60000 4.36400000 373.91000 50.27000 11.54900 49.20300
 8 11 20 11 46 12727.40000 4.36400000 373.87000 50.27000 11.54900 49.20300
 8 11 20 11 47 12730.20000 4.36400000 373.87000 50.27000 11.54900 49.20300
 8 11 20 11 47 12730.20000 4.36400000 373.87000 50.31000 11.54900 49.24600
 8 11 20 11 48 12731.80000 4.36400000 373.87000 50.31000 11.54900 49.24600
 8 11 20 11 48 12740.00000 4.36400000 374.36000 50.30000 11.54900 49.24600
 8 11 20 11 49 12743.90000 4.36400000 374.48000 50.30000 11.54900 49.24600
 8 11 20 11 49 12745.00000 4.36400000 374.62000 50.30000 11.54900 49.24600
 8 11 20 11 49 12746.30000 4.36400000 374.51000 50.30000 11.54900 49.24600
 8 11 20 11 50 12740.90000 4.36400000 374.15000 50.30000 11.54900 49.24600
 8 11 20 11 50 12734.20000 4.36400000 373.95000 50.30000 11.54900 49.24600
 8 11 20 11 51 12739.40000 4.36400000 373.95000 50.30000 11.54900 49.24600
 8 11 20 11 51 12740.50000 4.36400000 373.95000 50.30000 11.53000 49.24600
 8 11 20 11 52 12737.60000 4.36400000 373.76000 50.30000 11.53100 49.24600
 8 11 20 11 52 12737.40000 4.36400000 373.78000 50.30000 11.53100 49.24600
 8 11 20 11 52 12737.90000 4.36400000 373.78000 50.30000 11.53100 49.24600
 8 11 20 11 53 12737.90000 4.36400000 373.65000 50.30000 11.53100 49.24600
 8 11 20 11 53 12732.00000 4.36400000 373.65000 50.17000 11.53100 49.24600
 8 11 20 11 54 12733.80000 4.36400000 373.28000 50.19000 11.53100 49.24600
 8 11 20 11 54 12733.70000 4.36400000 373.28000 50.19000 11.53100 49.24600
 8 11 20 11 55 12733.80000 4.36400000 373.34000 50.19000 11.53100 49.24600
 8 11 20 11 55 12736.50000 4.36400000 373.51000 50.19000 11.53100 49.24600
 8 11 20 11 55 12742.40000 4.36400000 374.03000 50.19000 11.53100 49.24600
 8 11 20 11 56 12742.30000 4.36400000 373.96000 50.31000 11.53100 49.24600
 8 11 20 11 56 12742.30000 4.36400000 373.96000 50.31000 11.53100 49.24600
 8 11 20 11 57 12742.30000 4.36400000 374.41000 50.31000 11.53100 49.24600
 8 11 20 11 57 12751.20000 4.36400000 374.41000 50.31000 11.53100 49.24600
 8 11 20 11 58 12755.50000 4.36400000 374.41000 50.31000 11.55000 49.24600
 8 11 20 11 58 12755.50000 4.36400000 374.48000 50.31000 11.55000 49.24600
 8 11 20 11 58 12758.00000 4.36400000 374.62000 50.31000 11.55000 49.24600
 8 11 20 11 59 12758.10000 4.36400000 374.70000 50.31000 11.55000 49.24600
 8 11 20 11 59 12758.10000 4.36400000 374.83000 50.31000 11.55000 49.24600
 8 11 20 12 00 12758.10000 4.36400000 374.84000 50.40000 11.55000 49.24600
 8 11 20 12 00 12769.80000 4.36400000 375.30000 50.40000 11.55000 49.24600
 8 11 20 12 01 12772.30000 4.36400000 375.58000 50.40000 11.55000 49.24600
 8 11 20 12 01 12793.90000 4.36400000 375.76000 50.40000 11.55000 49.24600
 8 11 20 12 01 12800.00000 4.36400000 376.15000 50.52000 11.55000 49.39000
 8 11 20 12 02 12786.00000 4.36400000 375.58000 50.52000 11.55000 49.39000
 8 11 20 12 02 12801.40000 4.36400000 375.58000 50.52000 11.55000 49.39000
 8 11 20 12 03 12800.00000 4.36400000 375.54000 50.52000 11.55000 49.39000
 8 11 20 12 03 12789.30000 4.36400000 375.24000 50.52000 11.55000 49.39000
 8 11 20 12 04 12796.30000 4.36400000 375.08000 50.52000 11.55000 49.39000
 8 11 20 12 04 12786.70000 4.36400000 375.10000 50.52000 11.55000 49.39000
 8 11 20 12 04 12795.90000 4.36400000 375.48000 50.48000 11.55000 49.39000
 8 11 20 12 05 12796.80000 4.36400000 375.55000 50.48000 11.55000 49.39000
 8 11 20 12 05 12793.20000 4.36400000 375.60000 50.48000 11.55000 49.39000
 8 11 20 12 06 12791.60000 4.36400000 375.53000 50.51000 11.55000 49.39000
 8 11 20 12 06 12794.60000 4.36400000 375.49000 50.51000 11.55000 49.39000
 8 11 20 12 07 12794.60000 4.36400000 375.39000 50.51000 11.55000 49.39000
