M=[
12 3 21 14 04 46754.70000 9.86100000 1467.53000 171.79000 25.96200 123.11200
12 3 21 14 04 46740.20000 9.86100000 1466.79000 171.79000 25.96200 123.11200
12 3 21 14 05 46697.80000 9.87400000 1465.69000 171.48000 25.96200 123.11200
12 3 21 14 05 46684.20000 9.87400000 1465.16000 171.28000 25.96200 122.82600
12 3 21 14 06 46684.10000 9.82300000 1465.18000 171.07000 25.96200 122.72400
12 3 21 14 06 46690.80000 9.82300000 1465.78000 171.36000 25.96200 122.72400
12 3 21 14 07 46640.10000 9.82300000 1465.00000 171.02000 25.96200 122.72400
12 3 21 14 07 46628.20000 9.80600000 1461.13000 171.10000 25.96200 122.72400
12 3 21 14 07 46659.40000 9.80600000 1462.67000 171.09000 25.96200 122.72400
12 3 21 14 08 46625.00000 9.82600000 1460.11000 170.86000 25.96200 122.09900
12 3 21 14 08 46610.10000 9.82600000 1460.02000 170.87000 25.96200 121.80100
12 3 21 14 09 46616.10000 9.82600000 1460.00000 170.85000 25.94100 121.94400
12 3 21 14 09 46632.80000 9.82600000 1461.39000 171.12000 25.94100 122.01100
12 3 21 14 10 46610.00000 9.83000000 1459.87000 170.70000 25.94100 122.01100
12 3 21 14 10 46597.10000 9.83000000 1458.59000 170.49000 25.94100 122.01100
12 3 21 14 10 46519.10000 9.83000000 1456.30000 170.22000 25.94100 122.01100
12 3 21 14 11 46569.60000 9.83000000 1458.14000 170.50000 25.94100 122.01100
12 3 21 14 11 46572.30000 9.83000000 1459.25000 170.49000 25.94100 122.01100
12 3 21 14 12 46590.10000 9.83000000 1458.02000 170.29000 25.94100 121.98300
12 3 21 14 12 46590.70000 9.83000000 1458.59000 170.29000 25.94100 121.98300
12 3 21 14 13 46628.10000 9.83000000 1459.07000 170.66000 25.94100 121.98300
12 3 21 14 13 46684.10000 9.83000000 1461.40000 170.76000 25.94100 121.98300
12 3 21 14 13 46739.50000 9.83000000 1463.01000 171.04000 25.94100 122.48300
12 3 21 14 14 46787.00000 9.86900000 1464.39000 171.04000 25.94100 122.41600
12 3 21 14 14 46796.20000 9.86900000 1464.24000 171.34000 25.76000 122.41600
12 3 21 14 15 46753.20000 9.85400000 1464.39000 171.34000 25.76000 122.41600
12 3 21 14 15 46684.10000 9.85400000 1460.83000 170.73000 25.76000 122.41600
12 3 21 14 16 46704.30000 9.85400000 1461.42000 170.80000 25.76000 122.41600
12 3 21 14 16 46643.50000 9.85400000 1459.53000 170.62000 25.76000 122.41800
12 3 21 14 16 46655.50000 9.85400000 1459.40000 170.61000 25.76000 122.41800
12 3 21 14 17 46643.50000 9.81900000 1458.31000 170.61000 25.76000 122.17700
12 3 21 14 17 46657.70000 9.81900000 1458.34000 170.45000 25.76000 122.17700
12 3 21 14 18 46636.90000 9.81900000 1458.89000 170.46000 25.72700 122.17700
12 3 21 14 18 46631.00000 9.81900000 1456.99000 170.46000 25.72700 121.79100
12 3 21 14 19 46638.00000 9.81900000 1456.88000 170.22000 25.72700 121.79100
12 3 21 14 19 46628.20000 9.81900000 1457.01000 170.48000 25.72700 121.79100
12 3 21 14 19 46638.80000 9.81900000 1457.85000 170.29000 25.72700 121.79100
12 3 21 14 20 46684.00000 9.81900000 1458.82000 170.29000 25.72700 121.79100
12 3 21 14 20 46684.10000 9.81900000 1458.93000 170.29000 25.72700 121.79100
12 3 21 14 21 46725.00000 9.81900000 1459.00000 170.29000 25.72700 121.79100
12 3 21 14 21 46725.10000 9.81900000 1458.99000 170.73000 25.92400 121.79100
12 3 21 14 22 46740.10000 9.81900000 1461.19000 170.91000 25.92400 122.35100
12 3 21 14 22 46796.20000 9.81900000 1463.38000 171.52000 25.92400 122.37500
12 3 21 14 22 46852.40000 9.81900000 1464.40000 171.65000 25.92400 123.10000
12 3 21 14 23 46852.40000 9.81900000 1463.87000 171.28000 25.92400 123.10000
12 3 21 14 23 46852.40000 9.81900000 1465.68000 171.73000 25.92400 123.10000
12 3 21 14 24 46852.40000 9.81900000 1465.05000 171.66000 25.92400 123.10000
12 3 21 14 24 46852.40000 9.81900000 1465.02000 171.66000 25.92400 123.40300
12 3 21 14 25 46908.60000 9.81900000 1465.04000 171.89000 25.92400 123.49300
12 3 21 14 25 46897.60000 9.81900000 1464.18000 171.62000 25.92400 123.49300
12 3 21 14 25 46852.40000 9.81900000 1464.18000 171.55000 25.92400 123.59000
12 3 21 14 26 46872.60000 9.81900000 1464.40000 171.55000 25.92400 123.59000
12 3 21 14 26 46871.00000 9.81900000 1465.02000 171.66000 25.92400 123.59000
12 3 21 14 27 46907.10000 9.81900000 1465.02000 171.73000 25.92400 123.59000
12 3 21 14 27 46908.60000 9.81900000 1467.97000 171.85000 25.92400 123.59000
12 3 21 14 27 46908.60000 9.81900000 1467.57000 172.00000 25.92400 123.59000
12 3 21 14 28 46909.10000 9.81900000 1467.36000 172.00000 25.92400 123.59000
12 3 21 14 28 47021.30000 9.81900000 1468.92000 172.08000 25.92400 123.59000
12 3 21 14 29 46966.10000 9.81900000 1468.19000 172.08000 25.92400 123.59000
12 3 21 14 29 46965.00000 9.81900000 1466.41000 172.08000 25.92400 123.59000
12 3 21 14 30 46977.50000 9.81900000 1467.72000 171.69000 25.92400 123.99800
12 3 21 14 30 47046.90000 9.91400000 1469.95000 172.08000 25.92400 123.99800
12 3 21 14 30 47074.20000 9.92500000 1469.80000 171.93000 25.92400 123.99800
12 3 21 14 31 47055.80000 9.92500000 1469.02000 172.03000 25.92400 123.99800
12 3 21 14 31 47065.20000 9.92500000 1469.15000 172.16000 25.92400 123.99800
12 3 21 14 32 47070.10000 9.92500000 1468.88000 172.06000 25.92400 123.99800
12 3 21 14 32 47042.40000 9.92500000 1468.43000 172.14000 25.92400 123.99800
12 3 21 14 33 47040.10000 9.92500000 1469.09000 172.07000 25.92400 123.99800
12 3 21 14 33 47060.80000 9.92500000 1470.49000 172.31000 25.92400 123.99800
12 3 21 14 33 47045.00000 9.92500000 1468.95000 172.17000 25.92400 123.99800
12 3 21 14 34 47058.70000 9.92500000 1469.33000 172.25000 25.92400 123.99800
12 3 21 14 34 47066.40000 9.92500000 1470.49000 172.37000 25.92400 123.99800
12 3 21 14 35 47077.80000 9.91000000 1470.00000 172.31000 25.92400 123.99800
12 3 21 14 35 47037.50000 9.91000000 1470.06000 172.49000 25.92400 123.99800
12 3 21 14 36 46979.90000 9.91000000 1469.51000 172.32000 25.92400 123.99800
12 3 21 14 36 46986.20000 9.91000000 1468.11000 172.20000 25.92400 123.99800
12 3 21 14 36 46967.40000 9.91000000 1468.36000 172.29000 25.92400 123.99800
12 3 21 14 37 46964.90000 9.91000000 1468.12000 172.30000 26.04400 123.99800
12 3 21 14 37 46964.90000 9.91000000 1467.92000 172.15000 26.04400 123.68800
12 3 21 14 38 46955.40000 9.91000000 1467.01000 172.20000 26.04400 123.68800
12 3 21 14 38 46959.30000 9.91000000 1467.96000 172.14000 26.04400 123.68800
12 3 21 14 39 46955.90000 9.91000000 1467.32000 172.14000 26.04400 123.68800
12 3 21 14 39 46964.80000 9.91000000 1467.99000 172.14000 26.04400 123.68800
12 3 21 14 39 46964.90000 9.92700000 1468.25000 172.28000 26.04400 123.68800
12 3 21 14 40 46919.00000 9.92000000 1467.15000 172.34000 26.04400 123.91200
12 3 21 14 40 46917.50000 9.92000000 1467.37000 172.14000 26.04400 123.91200
12 3 21 14 41 46864.70000 9.92000000 1466.41000 171.99000 26.01800 123.91200
12 3 21 14 41 46908.60000 9.92000000 1467.23000 171.99000 26.01800 123.56900
12 3 21 14 42 46905.10000 9.92000000 1466.20000 171.99000 26.01800 123.56900
12 3 21 14 42 46908.50000 9.92000000 1465.68000 171.99000 26.01800 123.56900
12 3 21 14 42 46908.60000 9.90000000 1465.52000 171.99000 26.01800 123.56900
12 3 21 14 43 46908.60000 9.90000000 1465.53000 171.75000 26.01800 123.56900
12 3 21 14 43 46908.60000 9.90000000 1465.74000 171.75000 26.01800 123.56900
12 3 21 14 44 46911.10000 9.90000000 1465.72000 171.75000 26.01800 123.50400
12 3 21 14 44 46941.80000 9.90000000 1466.24000 172.25000 26.04300 123.50400
12 3 21 14 45 46964.80000 9.91300000 1467.34000 172.30000 26.04300 123.50400
12 3 21 14 45 46964.80000 9.91300000 1466.45000 172.30000 26.04300 123.50400
12 3 21 14 45 46964.90000 9.91300000 1467.19000 172.30000 26.04300 123.50400
12 3 21 14 46 46964.90000 9.91300000 1466.38000 172.19000 26.04300 123.50400
12 3 21 14 46 46964.90000 9.91300000 1467.17000 172.19000 26.04300 123.50400
12 3 21 14 47 46910.30000 9.91300000 1466.49000 172.02000 26.04300 123.50400
12 3 21 14 47 46922.90000 9.91300000 1465.00000 171.87000 26.04300 123.50400
12 3 21 14 48 46931.80000 9.91300000 1465.17000 171.89000 26.04300 123.50400
