M=[
 6 8 20 12 48 9958.40000 6.01500000 335.79000 49.92000 17.70600 79.87100
 6 8 20 12 48 9958.40000 6.01500000 336.01000 49.95000 17.70600 79.87100
 6 8 20 12 49 9955.90000 6.01500000 336.01000 49.90000 17.70600 79.87100
 6 8 20 12 49 9955.10000 6.01400000 335.67000 49.90000 17.70600 79.87100
 6 8 20 12 50 9952.50000 6.01400000 335.67000 49.90000 17.70600 79.87100
 6 8 20 12 50 9952.80000 6.01400000 335.63000 49.90000 17.70600 79.87100
 6 8 20 12 51 9951.50000 6.01400000 335.56000 49.89000 17.70600 79.87100
 6 8 20 12 51 9954.60000 6.01400000 335.74000 49.89000 17.70600 79.87100
 6 8 20 12 52 9959.00000 6.01400000 335.92000 49.89000 17.70600 79.87100
 6 8 20 12 52 9962.10000 6.02000000 336.01000 49.89000 17.70600 79.87100
 6 8 20 12 53 9960.40000 6.02000000 335.78000 49.90000 17.70600 79.80100
 6 8 20 12 53 9960.20000 6.02000000 335.82000 49.90000 17.70600 79.80100
 6 8 20 12 54 9960.30000 6.00800000 335.92000 49.90000 17.70600 79.80100
 6 8 20 12 54 9962.10000 6.00800000 336.10000 49.90000 17.70600 79.80100
 6 8 20 12 55 9962.00000 6.00800000 336.04000 49.91000 17.70600 79.80100
 6 8 20 12 55 9963.80000 6.00800000 335.94000 49.91000 17.70600 79.80100
 6 8 20 12 55 9962.00000 6.00800000 335.80000 49.91000 17.70600 79.80100
 6 8 20 12 56 9955.70000 6.00800000 335.61000 49.83000 17.70600 79.80100
 6 8 20 12 57 9955.70000 6.00800000 335.78000 49.83000 17.70600 79.80100
 6 8 20 12 57 9959.80000 6.00800000 335.95000 49.86000 17.70600 79.80100
 6 8 20 12 58 9958.50000 6.01600000 335.83000 49.86000 17.70600 79.80100
 6 8 20 12 58 9960.90000 6.01600000 335.84000 49.87000 17.70600 79.80100
 6 8 20 12 59 9958.20000 6.01600000 335.93000 49.87000 17.70600 79.80100
 6 8 20 12 59 9958.20000 6.01600000 335.97000 49.87000 17.70600 79.80100
 6 8 20 13 00 9956.00000 6.02000000 336.00000 49.87000 17.70600 79.80100
 6 8 20 13 00 9954.30000 6.02000000 336.00000 49.87000 17.70600 79.80100
 6 8 20 13 01 9950.10000 6.02000000 335.83000 49.87000 17.70600 79.80100
 6 8 20 13 01 9949.10000 6.02000000 335.60000 49.87000 17.70600 79.80100
 6 8 20 13 02 9949.00000 6.01200000 335.56000 49.94000 17.70600 79.80100
 6 8 20 13 02 9947.60000 6.01200000 335.75000 49.84000 17.70600 79.80100
 6 8 20 13 03 9943.90000 6.01200000 335.75000 49.84000 17.70600 79.80100
 6 8 20 13 03 9942.50000 6.01200000 335.57000 49.87000 17.70600 79.80100
 6 8 20 13 04 9942.50000 6.01200000 335.76000 49.87000 17.70600 79.80100
 6 8 20 13 04 9942.40000 6.01200000 335.70000 49.87000 17.70600 79.80100
 6 8 20 13 05 9942.40000 6.01200000 335.67000 49.85000 17.70600 79.80100
 6 8 20 13 05 9942.50000 6.01200000 335.67000 49.85000 17.70600 79.80100
 6 8 20 13 06 9940.10000 6.00900000 335.45000 49.85000 17.70600 79.80100
 6 8 20 13 06 9940.10000 6.00900000 335.45000 49.80000 17.70600 79.80100
 6 8 20 13 07 9939.70000 6.00900000 335.45000 49.80000 17.70600 79.80100
 6 8 20 13 07 9939.40000 6.00900000 335.45000 49.80000 17.70600 79.80100
 6 8 20 13 08 9946.00000 6.00200000 335.45000 49.85000 17.70600 79.80100
 6 8 20 13 08 9941.10000 6.00200000 335.45000 49.85000 17.70600 80.02600
 6 8 20 13 09 9941.50000 6.00200000 335.49000 49.85000 17.70600 80.02600
 6 8 20 13 09 9941.50000 6.00200000 335.43000 49.85000 17.70600 80.02600
 6 8 20 13 10 9939.50000 6.00200000 335.40000 49.81000 17.70600 80.02600
 6 8 20 13 10 9937.60000 6.00200000 335.29000 49.81000 17.63600 80.02600
 6 8 20 13 11 9942.00000 6.00200000 335.29000 49.81000 17.63600 80.02600
 6 8 20 13 11 9940.10000 6.00200000 335.31000 49.81000 17.63600 80.01700
 6 8 20 13 12 9940.10000 6.00200000 335.31000 49.81000 17.63600 80.03100
 6 8 20 13 12 9940.10000 6.00200000 335.24000 49.81000 17.63600 80.11200
 6 8 20 13 13 9944.20000 6.00200000 335.33000 49.82000 17.67800 80.11200
 6 8 20 13 13 9946.20000 6.00200000 335.42000 49.82000 17.67800 80.11200
 6 8 20 13 14 9953.30000 6.00200000 335.45000 49.83000 17.67800 80.15100
 6 8 20 13 14 9953.30000 6.00200000 335.38000 49.84000 17.67800 80.15100
 6 8 20 13 15 9949.90000 6.00200000 335.38000 49.84000 17.68700 80.15100
 6 8 20 13 15 9946.20000 6.00200000 335.25000 49.84000 17.68700 80.15100
 6 8 20 13 16 9946.00000 6.00200000 335.29000 49.80000 17.68700 80.15100
 6 8 20 13 16 9945.30000 6.01000000 335.21000 49.80000 17.68500 80.24300
 6 8 20 13 17 9944.00000 6.01000000 335.37000 49.80000 17.68500 80.52800
 6 8 20 13 17 9944.10000 6.01000000 335.30000 49.80000 17.68500 80.72000
 6 8 20 13 17 9945.00000 6.01000000 335.29000 49.80000 17.68500 81.00000
 6 8 20 13 18 9945.00000 6.01600000 335.36000 49.80000 17.68500 81.45700
 6 8 20 13 18 9959.60000 6.01600000 335.82000 49.80000 17.68500 81.60100
 6 8 20 13 19 9959.60000 6.01600000 335.82000 49.80000 17.68500 81.31100
 6 8 20 13 19 9959.70000 6.01600000 335.82000 49.80000 17.68500 81.50000
 6 8 20 13 20 9959.90000 6.01600000 336.28000 50.00000 17.68500 81.45300
 6 8 20 13 21 9959.90000 6.01600000 336.27000 50.02000 17.68900 81.07300
 6 8 20 13 21 9960.70000 6.01600000 336.27000 50.02000 17.68900 81.39000
 6 8 20 13 22 9963.00000 6.01600000 336.43000 50.02000 17.68900 81.27900
 6 8 20 13 22 9965.00000 6.01600000 336.61000 50.08000 17.68900 81.27900
 6 8 20 13 23 9966.00000 6.02600000 336.61000 50.08000 17.68900 81.27000
 6 8 20 13 23 9967.70000 6.02600000 336.61000 50.14000 17.68900 81.12100
 6 8 20 13 23 9969.30000 6.02600000 336.54000 50.14000 17.68900 81.12100
 6 8 20 13 24 9969.00000 6.03700000 336.55000 50.14000 17.68900 81.30600
 6 8 20 13 24 9969.10000 6.03700000 336.47000 50.10000 17.68900 81.30600
 6 8 20 13 25 9968.50000 6.03700000 336.45000 50.14000 17.68900 81.34500
 6 8 20 13 25 9969.60000 6.03700000 336.58000 50.14000 17.68900 81.34500
 6 8 20 13 26 9969.60000 6.03700000 336.59000 50.14000 17.68900 81.34500
 6 8 20 13 26 9969.70000 6.03700000 336.60000 50.14000 17.68900 81.34500
 6 8 20 13 27 9969.70000 6.03700000 336.60000 50.14000 17.68900 81.28000
 6 8 20 13 27 9969.70000 6.03700000 336.60000 50.15000 17.68900 81.33700
 6 8 20 13 28 9968.90000 6.03700000 336.60000 50.15000 17.68900 81.33700
 6 8 20 13 28 9969.50000 6.03700000 336.60000 50.15000 17.68900 81.33700
 6 8 20 13 29 9969.90000 6.03700000 336.61000 50.15000 17.68900 81.33700
 6 8 20 13 29 9969.90000 6.03700000 336.61000 50.10000 17.68900 81.33700
 6 8 20 13 30 9969.90000 6.03700000 336.61000 50.10000 17.70000 80.93700
 6 8 20 13 30 9969.90000 6.03700000 336.45000 50.10000 17.70000 80.69800
 6 8 20 13 31 9969.90000 6.03700000 336.46000 50.10000 17.70000 80.69800
 6 8 20 13 31 9969.90000 6.03700000 336.61000 50.10000 17.70000 80.69800
 6 8 20 13 32 9969.90000 6.03700000 336.60000 50.10000 17.70000 80.69800
 6 8 20 13 32 9974.90000 6.03700000 336.46000 50.10000 17.70000 80.89100
 6 8 20 13 33 9985.20000 6.03700000 336.87000 50.10000 17.70000 80.89100
 6 8 20 13 33 9985.90000 6.02400000 337.16000 50.10000 17.70000 80.71300
 6 8 20 13 34 9986.60000 6.02400000 336.97000 50.10000 17.70000 80.71300
 6 8 20 13 34 9987.30000 6.02400000 337.03000 50.10000 17.70000 80.71300
 6 8 20 13 35 9989.10000 6.02400000 337.18000 50.13000 17.70000 80.71300
 6 8 20 13 35 9999.00000 6.02700000 337.39000 50.15000 17.70000 80.71300
 6 8 20 13 36 9999.90000 6.02700000 337.39000 50.20000 17.70000 80.71300
 6 8 20 13 37 9999.90000 6.02700000 337.55000 50.28000 17.70000 80.71300
 6 8 20 13 37 10000.00000 6.02700000 337.55000 50.28000 17.70000 80.54200
 6 8 20 13 38 10000.00000 6.02700000 337.55000 50.31000 17.70000 80.54200
 6 8 20 13 38 9999.90000 6.02700000 337.21000 50.31000 17.70000 80.57700
 6 8 20 13 39 9999.90000 6.03400000 337.20000 50.31000 17.70000 80.57700
 6 8 20 13 39 10000.00000 6.03400000 337.49000 50.39000 17.70000 80.57700
 6 8 20 13 40 10009.90000 6.03400000 337.26000 50.29000 17.70000 80.57700
 6 8 20 13 40 10009.90000 6.03400000 337.24000 50.29000 17.70000 80.57700
 6 8 20 13 41 10009.90000 6.03400000 337.25000 50.29000 17.70000 80.64800
 6 8 20 13 42 10019.30000 6.03400000 337.43000 50.29000 17.64100 80.64800
 6 8 20 13 42 10019.30000 6.03400000 337.55000 50.32000 17.64100 80.64800
