M=[
 4 11 20 07 17 11848.10000 4.14900000 329.47000 46.00000 13.31500 45.90800
 4 11 20 07 17 11848.10000 4.14900000 329.47000 46.00000 13.31500 45.90800
 4 11 20 07 18 11848.10000 4.14900000 329.48000 46.00000 13.31500 45.90800
 4 11 20 07 18 11848.20000 4.14900000 329.50000 46.00000 13.31500 45.90800
 4 11 20 07 19 11848.10000 4.14900000 329.47000 46.00000 13.31500 45.90800
 4 11 20 07 19 11846.20000 4.14900000 329.47000 46.00000 13.31500 45.90800
 4 11 20 07 20 11852.00000 4.14900000 329.47000 46.00000 13.44600 45.90800
 4 11 20 07 20 11850.00000 4.14900000 329.50000 46.00000 13.44600 45.90800
 4 11 20 07 20 11849.80000 4.14900000 329.50000 46.00000 13.44600 45.90800
 4 11 20 07 21 11852.20000 4.14900000 329.50000 46.00000 13.44600 45.90800
 4 11 20 07 21 11852.20000 4.14900000 329.50000 46.00000 13.44600 45.90800
 4 11 20 07 22 11852.20000 4.14900000 329.50000 46.00000 13.44600 45.90800
 4 11 20 07 22 11850.30000 4.14900000 329.50000 46.00000 13.44600 45.90800
 4 11 20 07 23 11849.80000 4.14900000 329.50000 46.00000 13.44600 45.90800
 4 11 20 07 23 11849.80000 4.14900000 329.72000 46.00000 13.44600 45.90800
 4 11 20 07 23 11860.00000 4.14900000 329.72000 46.00000 13.44600 45.90800
 4 11 20 07 24 11860.00000 4.14900000 329.72000 46.00000 13.44600 45.90800
 4 11 20 07 24 11861.40000 4.14900000 329.76000 46.00000 13.44600 45.90800
 4 11 20 07 25 11862.40000 4.14900000 329.92000 46.00000 13.44600 45.90800
 4 11 20 07 25 11862.40000 4.14900000 329.94000 46.00000 13.44600 45.90800
 4 11 20 07 26 11863.00000 4.14900000 329.94000 46.00000 13.44600 45.90800
 4 11 20 07 26 11863.00000 4.14900000 330.00000 46.00000 13.44600 45.90800
 4 11 20 07 26 11863.00000 4.14900000 329.99000 46.00000 13.44600 45.90800
 4 11 20 07 27 11863.00000 4.14900000 329.99000 46.00000 13.44600 45.90800
 4 11 20 07 27 11863.00000 4.14900000 330.00000 46.00000 13.44600 45.90800
 4 11 20 07 28 11860.00000 4.14900000 329.89000 46.00000 13.44600 45.90800
 4 11 20 07 28 11860.10000 4.14900000 329.89000 46.00000 13.26000 45.90800
 4 11 20 07 29 11860.10000 4.14900000 329.91000 45.99000 13.26100 45.90800
 4 11 20 07 29 11860.10000 4.14900000 329.91000 45.99000 13.26100 45.90800
 4 11 20 07 30 11860.10000 4.14900000 329.99000 45.99000 13.26400 45.90800
 4 11 20 07 30 11860.10000 4.15300000 330.00000 45.99000 13.26400 45.90800
 4 11 20 07 31 11858.10000 4.15300000 330.00000 45.99000 13.26400 45.90800
 4 11 20 07 31 11850.40000 4.15300000 329.91000 45.99000 13.26400 45.90800
 4 11 20 07 32 11850.40000 4.15300000 329.91000 45.99000 13.26400 45.90800
 4 11 20 07 32 11846.00000 4.15300000 329.91000 45.99000 13.26400 45.90800
 4 11 20 07 33 11846.10000 4.15300000 329.91000 45.99000 13.26400 45.90800
 4 11 20 07 33 11835.40000 4.15300000 329.91000 45.99000 13.26400 45.90800
 4 11 20 07 33 11839.70000 4.15300000 329.91000 45.99000 13.26400 45.90800
 4 11 20 07 34 11839.30000 4.15300000 329.91000 46.01000 13.26400 45.90800
 4 11 20 07 34 11837.20000 4.15300000 329.92000 46.01000 13.26400 45.90800
 4 11 20 07 35 11838.30000 4.15300000 329.91000 46.01000 13.26400 45.90800
 4 11 20 07 35 11838.30000 4.15300000 329.91000 46.01000 13.26400 45.90800
 4 11 20 07 36 11838.30000 4.15300000 329.92000 46.01000 13.26400 45.90800
 4 11 20 07 36 11842.40000 4.15300000 329.92000 46.01000 13.26400 45.90800
 4 11 20 07 36 11836.70000 4.15300000 329.92000 45.95000 13.26400 45.90800
 4 11 20 07 37 11831.10000 4.15300000 329.92000 45.95000 13.26400 45.90800
 4 11 20 07 37 11831.20000 4.15300000 329.92000 45.95000 13.26000 45.90800
 4 11 20 07 38 11836.10000 4.15300000 329.92000 45.95000 13.26000 45.90800
 4 11 20 07 38 11834.10000 4.15300000 329.91000 45.95000 13.26000 45.90800
 4 11 20 07 39 11831.20000 4.15300000 329.91000 45.95000 13.26000 45.90800
 4 11 20 07 39 11830.20000 4.15300000 329.73000 45.95000 13.26000 45.90800
 4 11 20 07 39 11830.20000 4.15300000 329.74000 45.95000 13.26000 45.90800
 4 11 20 07 40 11832.30000 4.15300000 329.74000 45.95000 13.26000 45.90800
 4 11 20 07 40 11834.70000 4.15300000 329.74000 45.95000 13.26000 45.90800
 4 11 20 07 41 11834.70000 4.15300000 329.74000 45.91000 13.26000 45.90800
 4 11 20 07 41 11832.70000 4.15300000 329.73000 45.91000 13.26000 45.90800
 4 11 20 07 42 11814.30000 4.15300000 328.99000 45.85000 13.26000 45.90800
 4 11 20 07 42 11814.20000 4.15300000 329.10000 45.85000 13.26000 45.90800
 4 11 20 07 42 11810.20000 4.15300000 329.29000 45.77000 13.26000 45.90800
 4 11 20 07 43 11802.40000 4.15300000 329.29000 45.74000 13.23900 45.90800
 4 11 20 07 43 11804.40000 4.15300000 329.29000 45.74000 13.23900 45.90800
 4 11 20 07 44 11809.00000 4.15300000 329.29000 45.75000 13.23900 45.90800
 4 11 20 07 44 11807.00000 4.15300000 329.15000 45.75000 13.23900 45.90800
 4 11 20 07 45 11800.00000 4.15300000 329.04000 45.75000 13.23900 45.90800
 4 11 20 07 45 11788.80000 4.15300000 328.67000 45.75000 13.23900 45.52100
 4 11 20 07 45 11788.90000 4.15300000 328.51000 45.67000 13.23900 45.46800
 4 11 20 07 46 11783.60000 4.15300000 328.74000 45.67000 13.23900 45.46800
 4 11 20 07 46 11770.90000 4.15300000 328.50000 45.63000 13.23900 45.41100
 4 11 20 07 47 11764.40000 4.15300000 328.20000 45.63000 13.23900 45.37700
 4 11 20 07 47 11710.00000 4.11600000 327.45000 45.31000 13.23900 45.10000
 4 11 20 07 48 11735.20000 4.11600000 327.45000 45.33000 13.23900 45.24500
 4 11 20 07 48 11709.30000 4.11600000 327.56000 45.38000 13.23900 45.24500
 4 11 20 07 48 11700.00000 4.11600000 327.31000 45.24000 13.23900 45.17300
 4 11 20 07 49 11682.10000 4.10000000 326.17000 45.13000 13.23900 44.94700
 4 11 20 07 49 11673.20000 4.10000000 326.18000 45.12000 13.23900 44.99900
 4 11 20 07 50 11686.60000 4.10000000 326.69000 45.30000 13.23900 45.09900
 4 11 20 07 50 11683.70000 4.10000000 326.50000 45.30000 13.23900 45.12000
 4 11 20 07 51 11656.50000 4.10000000 326.26000 45.12000 13.23900 45.05000
 4 11 20 07 51 11661.20000 4.10000000 326.62000 45.11000 13.23900 45.05000
 4 11 20 07 51 11670.20000 4.10000000 326.62000 45.14000 13.23900 45.05600
 4 11 20 07 52 11700.10000 4.10000000 326.60000 45.21000 13.23900 45.08800
 4 11 20 07 52 11700.00000 4.10000000 326.51000 45.26000 13.23900 45.17900
 4 11 20 07 53 11686.20000 4.10000000 326.50000 45.26000 13.23900 45.12200
 4 11 20 07 53 11684.80000 4.10000000 326.05000 45.26000 13.23900 45.12200
 4 11 20 07 54 11693.00000 4.10000000 326.33000 45.26000 13.23900 45.12200
 4 11 20 07 54 11685.00000 4.10000000 325.87000 45.17000 13.23900 45.12200
 4 11 20 07 54 11680.00000 4.10000000 325.61000 45.19000 13.23900 45.12200
 4 11 20 07 55 11650.10000 4.10000000 325.44000 45.16000 13.23900 45.12200
 4 11 20 07 55 11642.60000 4.10000000 325.27000 45.11000 13.23900 45.12200
 4 11 20 07 56 11642.90000 4.10000000 325.25000 45.07000 13.23900 44.94300
 4 11 20 07 56 11637.20000 4.09000000 323.88000 44.99000 13.23900 44.69600
 4 11 20 07 57 11662.40000 4.09000000 324.46000 45.15000 13.23900 44.69600
 4 11 20 07 57 11675.40000 4.09000000 325.06000 45.18000 13.23900 44.69600
 4 11 20 07 57 11674.90000 4.09000000 325.06000 45.24000 13.23900 44.86700
 4 11 20 07 58 11667.80000 4.09000000 325.06000 45.24000 13.23900 45.00000
 4 11 20 07 58 11657.70000 4.09000000 325.06000 45.24000 13.23900 45.00000
 4 11 20 07 59 11668.80000 4.09000000 325.06000 45.24000 13.23900 45.00000
 4 11 20 07 59 11666.40000 4.09000000 324.46000 45.24000 13.23900 45.00000
 4 11 20 08 00 11671.30000 4.09000000 324.71000 45.26000 13.23900 45.00000
 4 11 20 08 00 11663.40000 4.08800000 323.54000 45.27000 13.23900 45.00000
 4 11 20 08 00 11656.60000 4.08800000 323.70000 45.27000 13.23900 45.00000
 4 11 20 08 01 11656.70000 4.08800000 323.67000 45.27000 13.23800 45.00000
 4 11 20 08 01 11656.70000 4.08800000 323.35000 45.10000 13.23800 45.00000
 4 11 20 08 02 11663.40000 4.08800000 323.99000 45.10000 13.23800 45.00000
 4 11 20 08 02 11663.40000 4.08800000 323.93000 45.10000 13.23800 45.00000
 4 11 20 08 03 11681.30000 4.08800000 324.09000 45.30000 13.23800 45.00000
