M=[
24 1 21 03 08 26388.80000 6.28400000 1037.70000 114.17000 17.45000 71.92200
24 1 21 03 09 26384.30000 6.28400000 1037.70000 114.17000 17.45000 71.92200
24 1 21 03 09 26384.30000 6.28400000 1037.00000 114.17000 17.45000 71.92200
24 1 21 03 10 26380.30000 6.28400000 1036.23000 114.17000 17.45000 71.92200
24 1 21 03 10 26380.40000 6.28400000 1036.22000 114.17000 17.45000 71.92200
24 1 21 03 11 26389.80000 6.28400000 1036.22000 114.09000 17.45000 71.92200
24 1 21 03 11 26392.70000 6.28400000 1036.45000 114.09000 17.45000 71.92200
24 1 21 03 11 26384.80000 6.28400000 1034.86000 114.08000 17.45000 71.92200
24 1 21 03 12 26377.90000 6.28400000 1034.86000 114.08000 17.45000 71.92200
24 1 21 03 12 26378.00000 6.28400000 1034.86000 114.08000 17.45000 71.92200
24 1 21 03 13 26384.60000 6.28400000 1035.00000 114.08000 17.45000 71.92200
24 1 21 03 13 26384.60000 6.28400000 1034.93000 114.08000 17.45000 71.92200
24 1 21 03 14 26377.90000 6.28400000 1034.93000 114.08000 17.45000 71.92200
24 1 21 03 14 26373.90000 6.28400000 1034.93000 114.08000 17.45000 71.92200
24 1 21 03 14 26373.90000 6.28400000 1034.03000 114.08000 17.45000 71.92200
24 1 21 03 15 26373.90000 6.28400000 1034.03000 114.08000 17.45000 71.92200
24 1 21 03 15 26363.50000 6.28400000 1034.03000 114.08000 17.45000 71.92200
24 1 21 03 16 26363.50000 6.28400000 1034.03000 114.08000 17.45000 71.92200
24 1 21 03 16 26350.10000 6.28400000 1034.03000 114.16000 17.45000 71.92200
24 1 21 03 17 26350.10000 6.28400000 1033.48000 114.16000 17.45000 71.92200
24 1 21 03 17 26350.10000 6.28400000 1033.48000 114.04000 17.62800 71.92200
24 1 21 03 17 26322.30000 6.28400000 1033.47000 114.04000 17.62800 71.74600
24 1 21 03 18 26326.60000 6.28400000 1032.02000 114.04000 17.62800 71.28400
24 1 21 03 18 26385.70000 6.28400000 1033.89000 114.04000 17.62800 71.53300
24 1 21 03 19 26377.60000 6.28400000 1033.71000 114.18000 17.62800 71.53300
24 1 21 03 19 26377.60000 6.28400000 1033.71000 114.18000 17.62800 71.53300
24 1 21 03 20 26345.40000 6.28400000 1033.71000 114.11000 17.62800 71.53300
24 1 21 03 20 26371.60000 6.28400000 1033.71000 114.11000 17.62800 71.53300
24 1 21 03 20 26371.60000 6.28400000 1033.71000 114.11000 17.62800 71.53300
24 1 21 03 21 26364.70000 6.28400000 1033.71000 114.11000 17.62800 71.53300
24 1 21 03 21 26372.10000 6.28400000 1033.89000 114.11000 17.62800 71.53300
24 1 21 03 22 26347.20000 6.28400000 1033.28000 114.07000 17.62800 71.53300
24 1 21 03 22 26349.90000 6.28400000 1033.28000 114.07000 17.62800 71.53300
24 1 21 03 23 26349.20000 6.28400000 1033.28000 114.07000 17.62800 71.53300
24 1 21 03 23 26349.10000 6.28400000 1033.28000 114.07000 17.62800 71.53300
24 1 21 03 23 26349.10000 6.28400000 1033.28000 114.07000 17.62800 71.53300
24 1 21 03 24 26348.00000 6.28400000 1033.28000 114.07000 17.62800 71.53300
24 1 21 03 24 26348.00000 6.28400000 1033.69000 114.07000 17.62800 71.53300
24 1 21 03 25 26348.10000 6.28400000 1033.88000 114.07000 17.62800 71.53300
24 1 21 03 25 26356.20000 6.28400000 1033.98000 114.07000 17.62800 71.53300
24 1 21 03 26 26371.90000 6.26700000 1034.34000 114.07000 17.62800 71.53300
24 1 21 03 26 26375.00000 6.26700000 1034.34000 114.07000 17.62800 71.53300
24 1 21 03 26 26375.00000 6.26700000 1034.55000 114.07000 17.62800 71.53300
24 1 21 03 27 26364.60000 6.26700000 1034.55000 114.07000 17.62800 71.53300
24 1 21 03 27 26364.60000 6.26700000 1034.55000 113.97000 17.62800 71.53300
24 1 21 03 28 26350.90000 6.26700000 1034.55000 113.97000 17.62800 71.53300
24 1 21 03 28 26351.20000 6.26700000 1034.55000 113.97000 17.62800 71.53300
24 1 21 03 29 26356.70000 6.26700000 1035.00000 113.97000 17.62800 71.53300
24 1 21 03 29 26381.10000 6.26700000 1036.91000 113.97000 17.62800 71.53300
24 1 21 03 29 26374.80000 6.26700000 1036.91000 113.97000 17.62800 71.53300
24 1 21 03 30 26348.10000 6.26700000 1036.91000 114.00000 17.62800 71.53300
24 1 21 03 30 26348.10000 6.26700000 1036.91000 114.00000 17.62800 71.53300
24 1 21 03 31 26335.70000 6.26700000 1036.93000 113.99000 17.62800 71.53300
24 1 21 03 31 26335.90000 6.26700000 1035.82000 113.82000 17.62800 71.53300
24 1 21 03 32 26335.90000 6.25100000 1035.63000 113.68000 17.62800 71.53300
24 1 21 03 32 26318.50000 6.25100000 1034.76000 113.68000 17.62800 71.53300
24 1 21 03 32 26321.50000 6.25100000 1034.76000 113.68000 17.62800 71.53300
24 1 21 03 33 26306.60000 6.25100000 1034.76000 113.63000 17.62800 71.53300
24 1 21 03 33 26306.60000 6.25100000 1034.76000 113.63000 17.62800 71.53300
24 1 21 03 34 26311.20000 6.25100000 1034.81000 113.78000 17.62800 71.53300
24 1 21 03 34 26321.10000 6.25100000 1034.81000 113.78000 17.62800 71.53300
24 1 21 03 35 26321.10000 6.25100000 1034.81000 113.85000 17.62800 71.53300
24 1 21 03 35 26341.80000 6.25100000 1035.67000 113.85000 17.62800 71.53300
24 1 21 03 35 26330.10000 6.25100000 1035.67000 113.85000 17.62800 71.62900
24 1 21 03 36 26321.10000 6.25100000 1034.97000 113.85000 17.62800 71.62900
24 1 21 03 36 26337.10000 6.25100000 1034.15000 113.86000 17.62800 71.62900
24 1 21 03 37 26335.30000 6.25100000 1034.15000 113.86000 17.62800 71.62900
24 1 21 03 37 26342.80000 6.25100000 1034.67000 113.86000 17.62800 71.62900
24 1 21 03 38 26342.80000 6.25100000 1034.69000 113.87000 17.62800 71.62900
24 1 21 03 38 26360.70000 6.25100000 1034.69000 113.89000 17.62800 71.62900
24 1 21 03 38 26360.70000 6.25100000 1036.13000 113.89000 17.62800 71.62900
24 1 21 03 39 26404.70000 6.25100000 1036.12000 113.89000 17.62800 71.62900
24 1 21 03 39 26407.80000 6.25100000 1036.12000 113.89000 17.62800 71.62900
24 1 21 03 40 26426.10000 6.25100000 1036.12000 113.89000 17.62800 71.62900
24 1 21 03 40 26426.10000 6.25100000 1036.12000 113.89000 17.62800 71.62900
24 1 21 03 41 26413.50000 6.25100000 1036.12000 113.89000 17.62800 71.62900
24 1 21 03 41 26428.50000 6.25100000 1036.12000 113.89000 17.62800 71.62900
24 1 21 03 41 26476.60000 6.25100000 1037.73000 113.89000 17.62800 71.62900
24 1 21 03 42 26481.90000 6.25100000 1038.47000 113.89000 17.62800 71.62900
24 1 21 03 42 26493.30000 6.25100000 1038.92000 113.89000 17.62800 71.62900
24 1 21 03 43 26489.20000 6.25100000 1038.26000 113.89000 17.62800 71.62900
24 1 21 03 43 26489.20000 6.25100000 1038.26000 113.89000 17.62800 71.62900
24 1 21 03 44 26487.20000 6.25100000 1038.26000 113.89000 17.62800 71.62900
24 1 21 03 44 26487.20000 6.25100000 1038.26000 114.32000 17.62800 71.62900
24 1 21 03 44 26487.20000 6.25100000 1038.26000 114.32000 17.62800 71.62900
24 1 21 03 45 26495.70000 6.25100000 1038.99000 114.32000 17.62800 71.62900
24 1 21 03 45 26573.90000 6.25100000 1039.99000 114.72000 17.62800 71.62900
24 1 21 03 46 26574.50000 6.25100000 1040.10000 114.72000 17.62800 71.62900
24 1 21 03 46 26581.90000 6.25100000 1040.86000 114.72000 17.62800 71.62900
24 1 21 03 47 26587.90000 6.25100000 1040.49000 114.71000 17.62800 71.62900
24 1 21 03 47 26516.20000 6.25100000 1039.68000 114.71000 17.62800 71.62900
24 1 21 03 47 26508.30000 6.25100000 1039.68000 114.71000 17.62800 71.62900
24 1 21 03 48 26505.00000 6.25100000 1039.68000 114.63000 17.62800 71.62900
24 1 21 03 48 26493.40000 6.25100000 1040.06000 114.59000 17.62800 71.62900
24 1 21 03 49 26486.20000 6.25100000 1039.65000 114.59000 17.62800 71.62900
24 1 21 03 49 26484.10000 6.25100000 1039.92000 114.59000 17.62800 71.62900
24 1 21 03 50 26477.70000 6.25100000 1039.92000 114.59000 17.62800 71.62900
24 1 21 03 50 26483.90000 6.25100000 1040.27000 114.59000 17.62800 71.62900
24 1 21 03 50 26505.00000 6.25100000 1041.99000 114.59000 17.62800 71.62900
24 1 21 03 51 26505.30000 6.25100000 1041.98000 114.59000 17.62800 71.62900
24 1 21 03 51 26505.30000 6.25100000 1042.59000 114.59000 17.62800 71.62900
24 1 21 03 52 26505.30000 6.25100000 1042.04000 114.59000 17.62800 71.62900
24 1 21 03 52 26505.30000 6.25100000 1041.59000 114.59000 17.62800 71.62900
24 1 21 03 53 26502.50000 6.25100000 1041.48000 114.59000 17.62800 71.62900
24 1 21 03 53 26498.50000 6.25100000 1041.48000 114.59000 17.62800 71.62900
