M=[
 8 5 20 08 17 9095.00000 6.46500000 194.13000 43.35000 10.15800 40.66400
 8 5 20 08 18 9095.10000 6.46500000 194.19000 43.35000 10.15800 40.66400
 8 5 20 08 18 9095.20000 6.46500000 194.19000 43.37000 10.15800 40.66400
 8 5 20 08 19 9100.00000 6.46500000 194.33000 43.37000 10.15800 40.66400
 8 5 20 08 19 9106.60000 6.46500000 194.54000 43.48000 10.15800 40.66400
 8 5 20 08 20 9104.90000 6.46500000 194.36000 43.43000 10.15800 40.66400
 8 5 20 08 20 9107.60000 6.46500000 194.51000 43.43000 10.15800 40.62700
 8 5 20 08 21 9109.00000 6.46500000 194.61000 43.46000 10.15800 40.62700
 8 5 20 08 21 9105.60000 6.46500000 194.59000 43.46000 10.15800 40.62700
 8 5 20 08 22 9108.70000 6.46500000 194.59000 43.46000 10.15800 40.62700
 8 5 20 08 22 9108.90000 6.46500000 194.45000 43.46000 10.15800 40.62700
 8 5 20 08 23 9108.70000 6.46500000 194.46000 43.46000 10.15800 40.62700
 8 5 20 08 23 9108.80000 6.46500000 194.46000 43.44000 10.15800 40.62700
 8 5 20 08 24 9108.80000 6.46500000 194.44000 43.46000 10.15800 40.62700
 8 5 20 08 24 9108.00000 6.46500000 194.33000 43.46000 10.15800 40.62700
 8 5 20 08 25 9107.10000 6.46500000 194.34000 43.39000 10.15800 40.62700
 8 5 20 08 25 9109.00000 6.46500000 194.30000 43.39000 10.15800 40.58300
 8 5 20 08 26 9109.00000 6.46500000 194.10000 43.39000 10.15800 40.58300
 8 5 20 08 26 9109.00000 6.46500000 194.23000 43.39000 10.15800 40.58300
 8 5 20 08 27 9114.50000 6.46500000 194.15000 43.39000 10.14800 40.58300
 8 5 20 08 27 9114.60000 6.46500000 194.26000 43.39000 10.15800 40.58300
 8 5 20 08 28 9112.30000 6.46500000 194.14000 43.39000 10.15800 40.58300
 8 5 20 08 28 9113.00000 6.46500000 194.14000 43.39000 10.15800 40.58300
 8 5 20 08 29 9113.00000 6.46500000 194.14000 43.43000 10.17900 40.58300
 8 5 20 08 29 9131.10000 6.46500000 194.34000 43.43000 10.17900 40.62700
 8 5 20 08 30 9139.00000 6.46500000 194.59000 43.43000 10.17900 40.58300
 8 5 20 08 30 9134.50000 6.46500000 194.52000 43.43000 10.17900 40.62700
 8 5 20 08 31 9134.90000 6.46500000 194.55000 43.43000 10.17900 40.58300
 8 5 20 08 31 9134.10000 6.46500000 194.48000 43.43000 10.17900 40.58300
 8 5 20 08 32 9134.30000 6.46500000 194.55000 43.43000 10.17900 40.58300
 8 5 20 08 32 9133.80000 6.46500000 194.28000 43.47000 10.17900 40.58300
 8 5 20 08 33 9132.60000 6.46500000 194.24000 43.47000 10.16900 40.58300
 8 5 20 08 33 9136.80000 6.46500000 194.37000 43.47000 10.16900 40.58300
 8 5 20 08 34 9139.00000 6.46500000 194.30000 43.47000 10.16900 40.58300
 8 5 20 08 34 9148.00000 6.46500000 194.61000 43.47000 10.16900 40.62700
 8 5 20 08 35 9151.20000 6.46500000 194.70000 43.54000 10.16900 40.62700
 8 5 20 08 35 9154.70000 6.46500000 194.82000 43.54000 10.16900 40.62700
 8 5 20 08 36 9160.40000 6.46500000 194.82000 43.54000 10.16900 40.62700
 8 5 20 08 36 9164.10000 6.46500000 194.82000 43.54000 10.16900 40.62700
 8 5 20 08 37 9165.80000 6.46500000 194.81000 43.54000 10.16900 40.62700
 8 5 20 08 37 9167.90000 6.46500000 194.82000 43.54000 10.16900 40.62700
 8 5 20 08 38 9157.20000 6.46500000 194.82000 43.54000 10.16900 40.62700
 8 5 20 08 38 9166.90000 6.46500000 194.81000 43.54000 10.17900 40.62700
 8 5 20 08 39 9149.90000 6.46500000 194.65000 43.54000 10.16900 40.62700
 8 5 20 08 39 9153.00000 6.46500000 194.65000 43.54000 10.16900 40.62700
 8 5 20 08 40 9150.90000 6.46500000 194.65000 43.54000 10.16900 40.62700
 8 5 20 08 40 9147.40000 6.46500000 194.56000 43.54000 10.16900 40.62700
 8 5 20 08 41 9146.50000 6.46500000 194.40000 43.54000 10.16900 40.62700
 8 5 20 08 41 9145.00000 6.46500000 194.43000 43.50000 10.14400 40.62700
 8 5 20 08 42 9141.70000 6.46500000 194.30000 43.50000 10.14400 40.62700
 8 5 20 08 42 9144.40000 6.46500000 194.35000 43.50000 10.14400 40.62700
 8 5 20 08 43 9150.00000 6.46500000 194.54000 43.50000 10.14400 40.62700
 8 5 20 08 43 9150.00000 6.46500000 194.52000 43.49000 10.14400 40.62700
 8 5 20 08 44 9150.00000 6.46500000 194.49000 43.49000 10.14400 40.62700
 8 5 20 08 44 9140.60000 6.46500000 194.29000 43.49000 10.14400 40.62700
 8 5 20 08 45 9138.60000 6.46500000 194.24000 43.49000 10.14400 40.62700
 8 5 20 08 45 9149.50000 6.46500000 194.14000 43.47000 10.14400 40.62700
 8 5 20 08 46 9128.10000 6.46500000 194.31000 43.47000 10.14400 40.62700
 8 5 20 08 46 9123.60000 6.46500000 194.31000 43.47000 10.14400 40.62700
 8 5 20 08 47 9127.70000 6.46500000 194.42000 43.47000 10.14400 40.62700
 8 5 20 08 47 9129.20000 6.46500000 194.39000 43.47000 10.14400 40.62700
 8 5 20 08 48 9127.10000 6.46500000 194.39000 43.50000 10.14400 40.62700
 8 5 20 08 48 9127.20000 6.46500000 194.37000 43.50000 10.14400 40.62700
 8 5 20 08 49 9127.30000 6.46500000 194.34000 43.50000 10.14400 40.62700
 8 5 20 08 49 9123.10000 6.46500000 194.27000 43.50000 10.14400 40.62700
 8 5 20 08 50 9118.80000 6.46500000 194.36000 43.47000 10.14400 40.62700
 8 5 20 08 50 9121.20000 6.46500000 194.31000 43.49000 10.14400 40.62700
 8 5 20 08 51 9125.30000 6.46500000 194.24000 43.49000 10.14400 40.62700
 8 5 20 08 51 9116.30000 6.46500000 194.25000 43.49000 10.14400 40.62700
 8 5 20 08 52 9116.20000 6.46500000 194.24000 43.49000 10.14400 40.62700
 8 5 20 08 52 9116.10000 6.46500000 194.25000 43.49000 10.14400 40.62700
 8 5 20 08 53 9117.10000 6.46500000 194.13000 43.45000 10.14400 40.62700
 8 5 20 08 53 9118.80000 6.48900000 194.14000 43.45000 10.14400 40.62700
 8 5 20 08 54 9119.90000 6.48900000 194.09000 43.45000 10.14400 40.62700
 8 5 20 08 54 9120.00000 6.48900000 194.03000 43.45000 10.14400 40.62700
 8 5 20 08 55 9118.90000 6.48900000 194.04000 43.49000 10.14400 40.62700
 8 5 20 08 55 9120.10000 6.48900000 194.01000 43.45000 10.14400 40.62700
 8 5 20 08 56 9115.00000 6.48900000 194.01000 43.45000 10.14400 40.62700
 8 5 20 08 56 9112.70000 6.48900000 194.01000 43.43000 10.14400 40.62700
 8 5 20 08 57 9119.90000 6.48900000 194.16000 43.43000 10.14400 40.58600
 8 5 20 08 57 9121.90000 6.47200000 194.08000 43.43000 10.14400 40.58600
 8 5 20 08 58 9128.40000 6.47200000 194.06000 43.43000 10.14400 40.58600
 8 5 20 08 58 9127.60000 6.47200000 194.04000 43.43000 10.14400 40.58600
 8 5 20 08 59 9130.80000 6.47200000 193.92000 43.43000 10.14400 40.58600
 8 5 20 08 59 9124.00000 6.47200000 193.77000 43.43000 10.14400 40.62700
 8 5 20 09 00 9120.30000 6.47200000 193.77000 43.41000 10.14400 40.58600
 8 5 20 09 00 9110.30000 6.47200000 193.47000 43.39000 10.14400 40.58600
 8 5 20 09 01 9111.20000 6.47200000 193.41000 43.36000 10.14400 40.58600
 8 5 20 09 01 9103.60000 6.47200000 193.48000 43.36000 10.14400 40.58600
 8 5 20 09 02 9112.10000 6.47200000 193.44000 43.33000 10.14400 40.52800
 8 5 20 09 02 9109.50000 6.47200000 193.51000 43.35000 10.14500 40.52800
 8 5 20 09 03 9106.50000 6.47200000 193.51000 43.34000 10.14500 40.52800
 8 5 20 09 03 9106.70000 6.47200000 193.55000 43.37000 10.14500 40.58600
 8 5 20 09 04 9095.00000 6.47200000 193.43000 43.31000 10.14500 40.60600
 8 5 20 09 04 9100.50000 6.47400000 193.43000 43.32000 10.14500 40.60600
 8 5 20 09 05 9095.00000 6.47400000 193.49000 43.35000 10.18000 40.60600
 8 5 20 09 05 9089.70000 6.47400000 193.39000 43.32000 10.18000 40.60600
 8 5 20 09 06 9092.50000 6.47400000 193.40000 43.35000 10.18000 40.57700
 8 5 20 09 06 9097.30000 6.47400000 193.28000 43.32000 10.18000 40.57700
 8 5 20 09 07 9097.40000 6.47400000 193.36000 43.35000 10.18000 40.57700
 8 5 20 09 07 9098.20000 6.47400000 193.59000 43.27000 10.18000 40.57700
 8 5 20 09 08 9099.20000 6.47400000 193.55000 43.35000 10.18000 40.57700
 8 5 20 09 08 9099.50000 6.47400000 193.41000 43.28000 10.18000 40.57700
 8 5 20 09 09 9098.60000 6.47400000 193.70000 43.28000 10.18000 40.57700
 8 5 20 09 09 9100.00000 6.47400000 193.80000 43.28000 10.18000 40.57700
 8 5 20 09 10 9100.10000 6.47200000 193.80000 43.28000 10.18000 40.57700
 8 5 20 09 10 9097.10000 6.47400000 193.60000 43.31000 10.18000 40.57700
 8 5 20 09 11 9103.30000 6.47400000 193.75000 43.31000 10.18000 40.57700
 8 5 20 09 11 9107.30000 6.47400000 193.65000 43.31000 10.18000 40.57700
