M=[
10 5 21 19 34 46831.20000 95.70000000 3382.99000 318.06000 36.19200 252.00500
10 5 21 19 34 46787.90000 95.96500000 3377.52000 317.77000 36.19200 253.54100
10 5 21 19 34 46775.00000 95.72900000 3371.45000 316.51000 36.19200 253.54100
10 5 21 19 35 46729.20000 96.04900000 3369.15000 315.81000 36.19200 253.54100
10 5 21 19 35 46707.40000 95.61900000 3368.16000 316.00000 36.19200 252.20900
10 5 21 19 36 46680.40000 95.61900000 3374.16000 315.77000 36.09900 252.14200
10 5 21 19 36 46661.60000 95.38400000 3370.25000 315.66000 35.81800 252.58700
10 5 21 19 37 46660.40000 95.38400000 3368.46000 315.01000 35.81800 252.58700
10 5 21 19 37 46660.30000 95.38400000 3366.01000 314.97000 35.81800 252.58700
10 5 21 19 37 46590.00000 95.36900000 3365.25000 314.61000 35.81800 252.58700
10 5 21 19 38 46500.00000 94.52300000 3360.00000 314.32000 35.81800 250.71400
10 5 21 19 38 46500.10000 94.52300000 3356.48000 314.17000 35.81800 250.01700
10 5 21 19 39 46501.30000 94.96300000 3363.35000 313.92000 35.81800 250.01300
10 5 21 19 39 46567.70000 95.92400000 3365.73000 314.83000 35.81800 250.76400
10 5 21 19 40 46590.00000 95.92400000 3366.80000 315.40000 35.81800 250.76400
10 5 21 19 40 46575.00000 95.92400000 3363.53000 313.60000 35.78300 250.76400
10 5 21 19 40 46540.00000 95.92400000 3357.47000 313.41000 35.78300 250.76400
10 5 21 19 41 46520.30000 95.55400000 3360.40000 312.94000 35.78300 249.34000
10 5 21 19 41 46460.70000 95.55400000 3357.42000 312.00000 35.78300 249.22800
10 5 21 19 42 46458.70000 94.78800000 3360.36000 312.53000 35.78300 249.64700
10 5 21 19 42 46456.40000 94.83500000 3361.87000 312.37000 35.78300 249.64700
10 5 21 19 43 46484.70000 94.40000000 3359.60000 312.43000 35.78300 249.64700
10 5 21 19 43 46485.10000 94.50000000 3357.92000 310.49000 35.78300 249.64700
10 5 21 19 43 46439.30000 94.50000000 3354.28000 309.50000 35.78300 249.64700
10 5 21 19 44 46439.40000 94.50000000 3355.81000 308.36000 35.78300 248.65100
10 5 21 19 44 46404.90000 93.97800000 3350.04000 307.60000 35.78300 248.40300
10 5 21 19 45 46381.60000 93.93000000 3354.62000 308.87000 35.78300 248.41800
10 5 21 19 45 46496.20000 94.29600000 3362.00000 309.87000 35.78300 249.40600
10 5 21 19 46 46500.00000 94.29600000 3365.81000 310.57000 35.74900 249.40300
10 5 21 19 46 46533.50000 94.74400000 3371.30000 311.43000 35.74900 249.40300
10 5 21 19 46 46553.20000 94.37100000 3373.13000 310.94000 35.71400 251.49300
10 5 21 19 47 46556.70000 94.37100000 3373.89000 311.42000 35.71400 252.23600
10 5 21 19 47 46533.40000 94.94100000 3377.82000 311.32000 35.71400 252.23600
10 5 21 19 48 46557.00000 94.60400000 3379.80000 311.53000 35.71400 252.11200
10 5 21 19 48 46470.00000 94.11100000 3370.49000 310.00000 35.71400 252.11200
10 5 21 19 49 46444.10000 94.20500000 3366.01000 309.86000 35.71400 252.11200
10 5 21 19 49 46438.70000 93.78700000 3373.94000 310.11000 35.71400 252.11200
10 5 21 19 49 46402.70000 93.74400000 3373.67000 310.02000 35.71400 249.75700
10 5 21 19 50 46373.00000 93.62500000 3373.05000 309.01000 35.71400 249.75700
10 5 21 19 50 46377.70000 92.50300000 3371.21000 308.92000 35.71400 249.75700
10 5 21 19 51 46370.40000 93.51000000 3368.89000 307.58000 35.71400 249.22800
10 5 21 19 51 46350.10000 92.89700000 3364.99000 307.26000 35.71400 249.22800
10 5 21 19 52 46353.70000 92.55100000 3363.37000 307.07000 35.71400 249.00000
10 5 21 19 52 46337.80000 92.06700000 3361.81000 306.67000 35.71400 249.00000
10 5 21 19 52 46338.10000 88.40000000 3351.72000 307.21000 35.71400 249.00000
10 5 21 19 53 46328.80000 90.44800000 3350.01000 306.93000 35.71400 248.13100
10 5 21 19 53 46325.00000 89.67500000 3345.00000 306.61000 35.71400 248.13100
10 5 21 19 54 46307.60000 88.49500000 3339.00000 306.22000 35.71400 248.18600
10 5 21 19 54 46227.10000 86.60700000 3323.93000 305.67000 35.44300 248.18600
10 5 21 19 55 46182.90000 85.41500000 3324.19000 305.00000 35.58500 248.18600
10 5 21 19 55 46072.30000 84.49800000 3311.82000 303.77000 35.50000 246.76000
10 5 21 19 55 46072.00000 83.22300000 3310.21000 303.79000 35.50000 246.76000
10 5 21 19 56 46008.40000 82.95900000 3308.57000 303.18000 35.49900 245.13000
10 5 21 19 56 46000.00000 83.02000000 3301.96000 302.00000 35.43800 244.81100
10 5 21 19 57 46072.60000 83.61500000 3293.31000 301.55000 35.40300 245.74700
10 5 21 19 57 46105.80000 82.85200000 3296.29000 302.35000 35.36900 245.29100
10 5 21 19 58 46071.80000 83.00200000 3294.94000 302.19000 35.01000 244.97900
10 5 21 19 58 46118.90000 82.82900000 3293.31000 302.32000 35.26600 245.17400
10 5 21 19 58 46149.10000 83.25300000 3295.87000 302.31000 35.49100 245.17400
10 5 21 19 59 46197.90000 83.82200000 3302.73000 303.58000 35.49000 245.28900
10 5 21 19 59 46169.70000 84.47900000 3303.68000 303.50000 35.49000 246.04200
10 5 21 20 00 46090.50000 83.70500000 3295.94000 302.25000 35.49000 245.08000
10 5 21 20 00 46062.00000 83.84400000 3297.20000 302.80000 35.03300 244.29000
10 5 21 20 01 45996.50000 84.13800000 3290.02000 301.38000 35.01000 244.37900
10 5 21 20 01 45931.80000 83.08600000 3267.35000 301.35000 35.09600 243.97800
10 5 21 20 01 45927.60000 83.93700000 3269.99000 301.57000 35.09600 244.05100
10 5 21 20 02 45927.70000 83.48400000 3265.00000 301.79000 35.09600 244.05100
10 5 21 20 02 45927.70000 83.77800000 3256.56000 300.59000 35.09600 243.30500
10 5 21 20 03 45927.60000 83.29000000 3241.97000 299.94000 35.40700 242.46200
10 5 21 20 03 45868.90000 83.00000000 3213.36000 298.04000 35.01000 241.98100
10 5 21 20 04 45752.00000 82.44600000 3200.00000 297.43000 35.01000 240.77800
10 5 21 20 04 45700.10000 81.08700000 3156.32000 295.65000 35.01000 239.44900
10 5 21 20 04 45565.10000 80.02600000 3150.00000 290.00000 35.01000 236.05100
10 5 21 20 05 45555.00000 80.00100000 3117.14000 290.01000 35.01000 235.00100
10 5 21 20 05 45523.10000 79.53300000 3085.82000 285.70000 35.01000 231.00000
10 5 21 20 06 45300.00000 78.00000000 3055.14000 283.01000 35.01000 230.28000
10 5 21 20 06 45269.60000 78.36900000 3088.59000 285.24000 35.01000 230.45000
10 5 21 20 07 45000.10000 79.79000000 3107.11000 285.55000 35.01000 230.16000
10 5 21 20 07 45119.70000 79.99600000 3157.14000 280.05000 35.01000 229.37400
10 5 21 20 07 45187.20000 80.14200000 3177.11000 287.21000 35.01000 229.37400
10 5 21 20 08 45364.50000 79.41400000 3188.14000 289.49000 35.01000 229.91900
10 5 21 20 08 45268.90000 79.41900000 3188.82000 289.49000 35.01000 229.39000
10 5 21 20 11 45310.60000 80.81200000 3225.64000 298.01000 35.21000 225.76100
10 5 21 20 14 45479.40000 90.00000000 3205.73000 289.99000 35.01000 225.79600
10 5 21 20 16 45450.00000 82.89800000 3207.68000 291.70000 35.00000 224.60000
10 5 21 20 21 45478.00000 84.25200000 3210.62000 292.55000 35.00000 224.40900
10 5 21 20 22 45451.10000 84.25200000 3190.01000 292.55000 35.00000 224.40900
10 5 21 20 22 45517.60000 87.47900000 3198.00000 292.00000 35.00000 223.23000
10 5 21 20 23 45500.00000 88.28400000 3200.94000 293.38000 35.00000 223.23000
10 5 21 20 26 45601.10000 85.24300000 3231.17000 296.49000 34.99400 224.28400
10 5 21 20 26 45601.10000 85.24300000 3231.17000 296.49000 34.99400 224.28400
10 5 21 20 27 45601.10000 85.24300000 3231.17000 296.49000 34.99400 224.28400
10 5 21 20 27 45601.10000 85.24300000 3231.17000 296.49000 34.99400 224.28400
10 5 21 20 27 45601.10000 85.24300000 3231.17000 296.49000 34.99400 224.28400
10 5 21 20 28 45601.10000 85.24300000 3231.17000 296.49000 34.99400 224.28400
10 5 21 20 28 45601.10000 85.24300000 3231.17000 296.49000 34.99400 224.28400
10 5 21 20 29 45601.10000 85.24300000 3231.17000 296.49000 34.99400 224.28400
10 5 21 20 29 45601.10000 85.24300000 3231.17000 296.49000 34.99400 224.28400
10 5 21 20 30 45601.10000 85.24300000 3231.17000 296.49000 34.99400 224.28400
10 5 21 20 30 45601.10000 85.24300000 3231.17000 296.49000 34.99400 224.28400
10 5 21 20 30 45601.10000 85.24300000 3231.17000 296.49000 34.99400 224.28400
10 5 21 20 31 45601.10000 85.24300000 3231.17000 296.49000 34.99400 224.28400
