M=[
 6 5 20 22 23 8650.10000 6.62800000 190.62000 43.27000 10.16500 40.56300
 6 5 20 22 23 8650.10000 6.62800000 190.62000 43.23000 10.16500 40.56300
 6 5 20 22 24 8642.60000 6.62800000 190.62000 43.23000 10.16500 40.56300
 6 5 20 22 24 8640.90000 6.62800000 190.62000 43.23000 10.16500 40.56300
 6 5 20 22 25 8639.40000 6.62400000 190.60000 43.23000 10.16500 40.56300
 6 5 20 22 25 8638.70000 6.62400000 190.60000 43.23000 10.16500 40.56300
 6 5 20 22 26 8640.80000 6.62400000 190.57000 43.23000 10.16500 40.56300
 6 5 20 22 26 8626.20000 6.62400000 190.28000 43.23000 10.16500 40.56300
 6 5 20 22 27 8638.00000 6.62400000 190.37000 43.19000 10.16500 40.56300
 6 5 20 22 27 8637.50000 6.62400000 190.44000 43.19000 10.16500 40.56300
 6 5 20 22 28 8639.90000 6.62400000 190.44000 43.19000 10.16500 40.58900
 6 5 20 22 28 8640.80000 6.62400000 190.44000 43.19000 10.16500 40.56300
 6 5 20 22 29 8640.80000 6.62400000 190.67000 43.19000 10.17000 40.56300
 6 5 20 22 29 8639.50000 6.62400000 190.67000 43.19000 10.17000 40.66200
 6 5 20 22 30 8632.90000 6.62400000 190.58000 43.15000 10.17000 40.56300
 6 5 20 22 30 8635.00000 6.61300000 190.26000 43.15000 10.17000 40.56300
 6 5 20 22 31 8619.00000 6.61300000 190.26000 43.15000 10.17000 40.56300
 6 5 20 22 31 8616.20000 6.61300000 190.19000 43.15000 10.16500 40.56300
 6 5 20 22 32 8614.90000 6.61300000 190.11000 43.15000 10.17000 40.56300
 6 5 20 22 32 8614.60000 6.61300000 190.11000 43.15000 10.17000 40.66200
 6 5 20 22 33 8615.70000 6.61300000 190.11000 43.15000 10.17000 40.58900
 6 5 20 22 33 8616.90000 6.61300000 190.31000 43.15000 10.17000 40.56300
 6 5 20 22 34 8625.50000 6.61300000 190.66000 43.15000 10.16500 40.56300
 6 5 20 22 34 8626.00000 6.61300000 190.66000 43.20000 10.16000 40.56300
 6 5 20 22 35 8628.30000 6.61300000 190.46000 43.20000 10.16000 40.66200
 6 5 20 22 35 8627.50000 6.61300000 190.43000 43.20000 10.16000 40.58900
 6 5 20 22 36 8624.10000 6.61300000 190.43000 43.15000 10.16000 40.56300
 6 5 20 22 36 8624.10000 6.61300000 190.43000 43.20000 10.16000 40.56300
 6 5 20 22 37 8626.80000 6.61300000 190.43000 43.20000 10.16000 40.56300
 6 5 20 22 37 8627.00000 6.61300000 190.06000 43.19000 10.16000 40.56300
 6 5 20 22 38 8626.90000 6.61500000 190.25000 43.19000 10.16000 40.56300
 6 5 20 22 38 8626.90000 6.61500000 190.32000 43.20000 10.16000 40.56300
 6 5 20 22 39 8627.10000 6.61500000 190.39000 43.12000 10.16000 40.56300
 6 5 20 22 39 8630.90000 6.61500000 190.39000 43.12000 10.16000 40.56300
 6 5 20 22 40 8627.10000 6.61500000 190.23000 43.13000 10.16000 40.56300
 6 5 20 22 40 8629.20000 6.61500000 190.25000 43.13000 10.16000 40.56300
 6 5 20 22 41 8628.90000 6.61500000 190.31000 43.13000 10.16000 40.56300
 6 5 20 22 41 8628.40000 6.62600000 190.31000 43.13000 10.16000 40.56300
 6 5 20 22 42 8635.70000 6.62600000 190.31000 43.12000 10.16000 40.56300
 6 5 20 22 42 8635.70000 6.62600000 190.29000 43.12000 10.16000 40.56300
 6 5 20 22 43 8639.80000 6.62600000 190.32000 43.20000 10.16000 40.66200
 6 5 20 22 43 8639.10000 6.62600000 190.32000 43.20000 10.16000 40.56300
 6 5 20 22 44 8653.50000 6.62600000 190.32000 43.22000 10.16000 40.56300
 6 5 20 22 44 8648.90000 6.62600000 190.32000 43.22000 10.16000 40.56300
 6 5 20 22 45 8647.80000 6.62600000 190.58000 43.21000 10.16000 40.56300
 6 5 20 22 45 8649.10000 6.62600000 190.58000 43.21000 10.16000 40.56300
 6 5 20 22 46 8635.70000 6.62600000 190.58000 43.21000 10.16000 40.56300
 6 5 20 22 46 8647.00000 6.62600000 190.50000 43.21000 10.16000 40.56300
 6 5 20 22 47 8649.60000 6.62600000 190.50000 43.21000 10.16000 40.56300
 6 5 20 22 47 8649.90000 6.61300000 190.50000 43.21000 10.16000 40.56300
 6 5 20 22 48 8649.80000 6.62600000 190.43000 43.21000 10.16000 40.56300
 6 5 20 22 48 8649.80000 6.62600000 190.46000 43.21000 10.16000 40.56300
 6 5 20 22 49 8649.90000 6.62600000 190.48000 43.21000 10.16000 40.56300
 6 5 20 22 49 8649.90000 6.62600000 190.48000 43.21000 10.16000 40.56300
 6 5 20 22 50 8657.00000 6.62600000 190.55000 43.21000 10.17000 40.56300
 6 5 20 22 50 8669.70000 6.62600000 190.82000 43.21000 10.16000 40.56300
 6 5 20 22 51 8678.40000 6.62200000 190.93000 43.21000 10.16000 40.57400
 6 5 20 22 51 8691.50000 6.62200000 190.93000 43.21000 10.16000 40.57400
 6 5 20 22 52 8691.90000 6.62200000 190.85000 43.21000 10.16000 40.59700
 6 5 20 22 52 8664.20000 6.62200000 190.52000 43.21000 10.16000 40.59700
 6 5 20 22 53 8668.30000 6.62200000 190.65000 43.21000 10.16000 40.59700
 6 5 20 22 53 8670.70000 6.62200000 190.65000 43.21000 10.16000 40.59700
 6 5 20 22 54 8681.40000 6.62200000 191.12000 43.21000 10.16000 40.59700
 6 5 20 22 54 8672.90000 6.62200000 190.92000 43.21000 10.16000 40.59700
 6 5 20 22 55 8670.40000 6.62200000 191.04000 43.23000 10.16000 40.59700
 6 5 20 22 55 8665.40000 6.62200000 191.04000 43.23000 10.16000 40.59700
 6 5 20 22 56 8665.70000 6.62200000 190.91000 43.23000 10.16000 40.59700
 6 5 20 22 56 8669.60000 6.62200000 190.91000 43.23000 10.16000 40.59700
 6 5 20 22 57 8669.20000 6.62200000 190.72000 43.25000 10.16000 40.59700
 6 5 20 22 57 8669.20000 6.62200000 190.72000 43.25000 10.16000 40.59700
 6 5 20 22 58 8671.50000 6.62200000 190.94000 43.23000 10.16000 40.59700
 6 5 20 22 58 8670.40000 6.62200000 190.97000 43.23000 10.16000 40.59700
 6 5 20 22 59 8669.90000 6.62200000 190.88000 43.16000 10.16000 40.59700
 6 5 20 22 59 8679.60000 6.62200000 191.09000 43.16000 10.16000 40.59700
 6 5 20 23 00 8683.70000 6.61300000 191.09000 43.16000 10.16000 40.59700
 6 5 20 23 00 8699.00000 6.62200000 191.13000 43.25000 10.17000 40.59700
 6 5 20 23 01 8699.90000 6.61300000 191.15000 43.16000 10.16000 40.59700
 6 5 20 23 01 8699.70000 6.62200000 191.15000 43.27000 10.17000 40.56300
 6 5 20 23 02 8698.50000 6.62200000 191.15000 43.27000 10.21300 40.59700
 6 5 20 23 02 8710.00000 6.62200000 191.29000 43.27000 10.21300 40.59700
 6 5 20 23 03 8704.60000 6.61200000 190.91000 43.24000 10.21300 40.59700
 6 5 20 23 03 8704.60000 6.61200000 191.09000 43.24000 10.21300 40.59700
 6 5 20 23 04 8705.40000 6.61200000 191.13000 43.21000 10.16000 40.59700
 6 5 20 23 04 8710.10000 6.61200000 191.11000 43.21000 10.21300 40.59700
 6 5 20 23 05 8672.80000 6.61200000 190.96000 43.18000 10.21300 40.56500
 6 5 20 23 05 8687.70000 6.61200000 190.76000 43.11000 10.21300 40.56500
 6 5 20 23 06 8679.50000 6.61200000 190.53000 43.11000 10.21300 40.56500
 6 5 20 23 06 8675.10000 6.61200000 190.52000 43.11000 10.19800 40.56500
 6 5 20 23 07 8669.10000 6.61200000 190.44000 43.18000 10.19800 40.56500
 6 5 20 23 07 8670.90000 6.61200000 190.33000 43.09000 10.19800 40.56500
 6 5 20 23 08 8670.90000 6.61200000 190.50000 43.09000 10.19800 40.56500
 6 5 20 23 08 8676.40000 6.61200000 190.43000 43.09000 10.19800 40.56500
 6 5 20 23 09 8676.40000 6.61200000 190.48000 43.13000 10.19800 40.56500
 6 5 20 23 09 8682.10000 6.61200000 190.48000 43.13000 10.19800 40.56500
 6 5 20 23 10 8682.30000 6.61200000 190.48000 43.10000 10.19800 40.56500
 6 5 20 23 10 8682.20000 6.61200000 190.48000 43.10000 10.19800 40.56500
 6 5 20 23 11 8682.20000 6.61200000 190.51000 43.10000 10.19800 40.56500
 6 5 20 23 11 8680.10000 6.61200000 190.51000 43.10000 10.19800 40.56500
 6 5 20 23 12 8666.30000 6.61200000 190.60000 43.13000 10.19800 40.56500
 6 5 20 23 12 8667.20000 6.61200000 190.51000 43.10000 10.19800 40.56500
 6 5 20 23 13 8656.70000 6.61200000 190.20000 43.10000 10.19800 40.56500
 6 5 20 23 13 8656.70000 6.61200000 190.20000 43.10000 10.19800 40.56500
 6 5 20 23 14 8658.30000 6.61200000 190.20000 43.10000 10.19800 40.56500
 6 5 20 23 14 8661.40000 6.61200000 190.20000 43.10000 10.19800 40.56500
 6 5 20 23 15 8660.60000 6.61200000 190.27000 43.10000 10.19800 40.56500
 6 5 20 23 15 8645.60000 6.61200000 190.21000 43.10000 10.19800 40.56500
 6 5 20 23 16 8660.60000 6.61200000 190.21000 43.10000 10.17300 40.56500
 6 5 20 23 16 8647.40000 6.61200000 190.21000 43.10000 10.17300 40.56500
 6 5 20 23 17 8646.40000 6.61200000 190.38000 43.10000 10.15300 40.56500
