M=[
15 8 20 07 19 10051.20000 5.86700000 369.85000 48.42000 18.36800 72.14500
15 8 20 07 19 10048.30000 5.86700000 369.86000 48.40000 18.36800 72.14500
15 8 20 07 20 10048.30000 5.86700000 369.86000 48.40000 18.36800 72.14500
15 8 20 07 20 10047.10000 5.86700000 370.01000 48.37000 18.36800 72.14500
15 8 20 07 21 10048.10000 5.86700000 369.89000 48.37000 18.36800 72.14500
15 8 20 07 21 10048.30000 5.86700000 369.93000 48.37000 18.36800 72.14500
15 8 20 07 22 10044.70000 5.85700000 369.87000 48.35000 18.36800 72.14500
15 8 20 07 22 10044.40000 5.85700000 369.87000 48.35000 18.36800 72.14500
15 8 20 07 23 10044.40000 5.85700000 369.87000 48.35000 18.36800 72.14500
15 8 20 07 23 10040.70000 5.85700000 369.87000 48.35000 18.36800 72.14500
15 8 20 07 24 10040.40000 5.85700000 369.87000 48.35000 18.36800 72.14500
15 8 20 07 24 10040.40000 5.85700000 369.88000 48.35000 18.36800 72.14500
15 8 20 07 24 10042.70000 5.85700000 369.88000 48.35000 18.36800 72.14500
15 8 20 07 25 10043.90000 5.85700000 369.86000 48.35000 18.36800 72.14500
15 8 20 07 25 10043.90000 5.85700000 369.86000 48.35000 18.36800 72.14500
15 8 20 07 26 10043.80000 5.85700000 369.86000 48.35000 18.36800 72.14500
15 8 20 07 26 10043.80000 5.85700000 369.33000 48.33000 18.36800 72.14500
15 8 20 07 27 10043.80000 5.85700000 369.27000 48.33000 18.36800 72.14500
15 8 20 07 27 10043.90000 5.85700000 369.52000 48.33000 18.36800 72.14500
15 8 20 07 28 10043.80000 5.85700000 369.54000 48.31000 18.36800 72.14500
15 8 20 07 28 10043.80000 5.85700000 369.56000 48.31000 18.36800 72.14500
15 8 20 07 29 10043.80000 5.85700000 369.54000 48.31000 18.36800 72.14500
15 8 20 07 29 10043.90000 5.85700000 369.54000 48.31000 18.36800 72.14500
15 8 20 07 30 10043.80000 5.85700000 369.54000 48.31000 18.36800 72.14500
15 8 20 07 30 10042.90000 5.85700000 369.54000 48.31000 18.36800 72.14500
15 8 20 07 31 10044.90000 5.85700000 369.63000 48.31000 18.42000 72.14500
15 8 20 07 31 10047.90000 5.85700000 369.80000 48.31000 18.42000 72.14500
15 8 20 07 31 10050.90000 5.85100000 370.06000 48.31000 18.42000 72.14500
15 8 20 07 32 10060.10000 5.85100000 370.25000 48.31000 18.42000 72.20000
15 8 20 07 32 10060.10000 5.85100000 370.35000 48.31000 18.42000 72.35000
15 8 20 07 33 10060.10000 5.85100000 370.24000 48.31000 18.42000 72.35000
15 8 20 07 33 10060.00000 5.85100000 370.25000 48.31000 18.42000 72.51000
15 8 20 07 34 10060.00000 5.85100000 370.36000 48.31000 18.42000 72.51000
15 8 20 07 34 10060.10000 5.85100000 370.33000 48.46000 18.42000 72.70700
15 8 20 07 35 10064.50000 5.85100000 370.26000 48.46000 18.42000 72.70700
15 8 20 07 35 10067.80000 5.86000000 370.34000 48.46000 18.42000 72.70700
15 8 20 07 36 10067.80000 5.86000000 370.34000 48.48000 18.42000 72.70700
15 8 20 07 36 10066.00000 5.86000000 370.33000 48.48000 18.39800 72.70700
15 8 20 07 37 10067.80000 5.86000000 370.33000 48.48000 18.39800 72.70700
15 8 20 07 37 10069.90000 5.86000000 370.35000 48.48000 18.39800 72.70700
15 8 20 07 38 10070.00000 5.86000000 370.35000 48.48000 18.39800 72.70700
15 8 20 07 38 10071.10000 5.86000000 370.17000 48.50000 18.39800 72.70100
15 8 20 07 38 10071.60000 5.86000000 370.27000 48.50000 18.39800 72.70100
15 8 20 07 39 10071.10000 5.86000000 370.15000 48.50000 18.39800 72.70100
15 8 20 07 39 10071.10000 5.86000000 370.01000 48.50000 18.39800 72.70100
15 8 20 07 40 10071.40000 5.86000000 370.01000 48.50000 18.39800 72.70100
15 8 20 07 40 10071.60000 5.86000000 370.01000 48.45000 18.39800 72.70100
15 8 20 07 41 10071.50000 5.86000000 370.01000 48.45000 18.39200 72.70100
15 8 20 07 41 10071.60000 5.86000000 369.80000 48.45000 18.39200 72.70100
15 8 20 07 42 10071.50000 5.86000000 369.84000 48.45000 18.39200 72.70100
15 8 20 07 42 10071.60000 5.86000000 369.93000 48.45000 18.39200 72.70100
15 8 20 07 43 10071.60000 5.86000000 370.20000 48.45000 18.39200 72.70100
15 8 20 07 43 10071.60000 5.86000000 370.19000 48.45000 18.39200 72.70100
15 8 20 07 44 10074.90000 5.86000000 370.36000 48.45000 18.39200 72.70100
15 8 20 07 44 10075.00000 5.86000000 370.39000 48.45000 18.39200 72.70100
15 8 20 07 44 10075.60000 5.86000000 370.40000 48.45000 18.39200 72.78200
15 8 20 07 45 10076.30000 5.86000000 370.45000 48.45000 18.39200 72.78200
15 8 20 07 45 10076.30000 5.86000000 370.44000 48.45000 18.39200 72.78200
15 8 20 07 46 10076.20000 5.86000000 370.15000 48.45000 18.39200 72.78200
15 8 20 07 46 10074.60000 5.86000000 369.70000 48.45000 18.39200 72.78200
15 8 20 07 47 10074.60000 5.86900000 369.87000 48.53000 18.39200 72.78200
15 8 20 07 47 10074.50000 5.86900000 369.80000 48.53000 18.39200 72.78200
15 8 20 07 48 10071.20000 5.86900000 369.66000 48.53000 18.39200 72.78200
15 8 20 07 48 10071.20000 5.86900000 369.66000 48.53000 18.39200 72.78200
15 8 20 07 49 10070.50000 5.86900000 369.80000 48.53000 18.39200 72.78200
15 8 20 07 49 10061.40000 5.86900000 369.65000 48.53000 18.46300 72.78200
15 8 20 07 49 10061.40000 5.85700000 370.09000 48.53000 18.46300 72.69200
15 8 20 07 50 10064.00000 5.85700000 370.08000 48.53000 18.46300 72.69200
15 8 20 07 50 10064.00000 5.85700000 370.08000 48.46000 18.43500 72.69200
15 8 20 07 51 10064.00000 5.85700000 369.88000 48.46000 18.48700 72.69200
15 8 20 07 51 10063.90000 5.86600000 369.77000 48.46000 18.48700 72.69200
15 8 20 07 52 10063.80000 5.86600000 369.76000 48.46000 18.48700 72.69200
15 8 20 07 52 10063.90000 5.86600000 369.82000 48.46000 18.48700 72.69200
15 8 20 07 53 10063.80000 5.86600000 369.81000 48.46000 18.48700 72.69200
15 8 20 07 53 10063.80000 5.85800000 369.82000 48.46000 18.48700 72.69200
15 8 20 07 54 10063.80000 5.85800000 369.95000 48.45000 18.48700 72.69200
15 8 20 07 54 10063.90000 5.85800000 369.95000 48.41000 18.48700 72.69200
15 8 20 07 55 10063.90000 5.86200000 369.98000 48.44000 18.48700 72.69200
15 8 20 07 55 10063.80000 5.86200000 370.17000 48.44000 18.48700 72.69200
15 8 20 07 56 10063.90000 5.86200000 370.05000 48.44000 18.48700 72.56000
15 8 20 07 56 10064.90000 5.86200000 370.11000 48.44000 18.48700 72.56000
15 8 20 07 57 10066.90000 5.86200000 370.11000 48.44000 18.48700 72.56000
15 8 20 07 57 10066.90000 5.86200000 370.23000 48.48000 18.48700 72.56000
15 8 20 07 57 10068.00000 5.86200000 370.35000 48.48000 18.48700 72.56000
15 8 20 07 58 10068.00000 5.86200000 370.34000 48.48000 18.48700 72.56000
15 8 20 07 58 10067.90000 5.86200000 370.28000 48.48000 18.48700 72.56000
15 8 20 07 59 10068.00000 5.86200000 370.33000 48.48000 18.48700 72.56000
15 8 20 07 59 10068.00000 5.86200000 370.31000 48.47000 18.48700 72.56000
15 8 20 08 00 10070.60000 5.86200000 370.21000 48.47000 18.48700 72.56000
15 8 20 08 00 10070.60000 5.86200000 370.39000 48.47000 18.48700 72.47200
15 8 20 08 01 10074.90000 5.86200000 370.38000 48.47000 18.48700 72.47200
15 8 20 08 01 10076.90000 5.86200000 370.42000 48.47000 18.48400 72.47200
15 8 20 08 02 10078.50000 5.85700000 370.44000 48.53000 18.45200 72.48100
15 8 20 08 02 10078.40000 5.85900000 370.45000 48.55000 18.45200 72.48100
15 8 20 08 02 10078.60000 5.85900000 370.46000 48.55000 18.45200 72.48100
15 8 20 08 03 10083.00000 5.87100000 371.23000 48.57000 18.45200 72.48100
15 8 20 08 03 10083.90000 5.87100000 371.11000 48.65000 18.48400 72.48100
15 8 20 08 04 10087.90000 5.87100000 371.21000 48.67000 18.49000 72.48100
15 8 20 08 04 10099.00000 5.88000000 371.29000 48.67000 18.48900 72.48100
15 8 20 08 05 10099.00000 5.88000000 371.04000 48.67000 18.48900 72.48100
15 8 20 08 05 10098.50000 5.88000000 371.11000 48.67000 18.48900 72.48100
15 8 20 08 06 10098.80000 5.88000000 371.11000 48.67000 18.49000 72.48100
15 8 20 08 06 10098.80000 5.88000000 371.35000 48.69000 18.49000 72.48100
15 8 20 08 07 10095.80000 5.88000000 371.22000 48.69000 18.49000 72.48100
15 8 20 08 07 10095.50000 5.88000000 371.00000 48.69000 18.49000 72.48100
15 8 20 08 08 10095.00000 5.88000000 370.81000 48.69000 18.44500 72.48100
15 8 20 08 08 10095.40000 5.88000000 370.97000 48.69000 18.49000 72.48100
15 8 20 08 09 10095.40000 5.89500000 371.01000 48.69000 18.49000 72.48100
