M=[
27 7 20 03 06 8612.70000 6.01200000 280.46000 42.05000 19.62500 58.39900
27 7 20 03 07 8614.50000 6.01200000 280.63000 42.05000 19.62500 58.39900
27 7 20 03 07 8614.60000 6.01200000 280.10000 42.05000 19.55100 58.39900
27 7 20 03 08 8616.70000 6.01200000 280.41000 42.05000 19.55100 58.39900
27 7 20 03 08 8616.70000 6.01200000 280.61000 42.05000 19.55100 58.39900
27 7 20 03 09 8621.40000 6.01200000 280.62000 42.05000 19.46800 58.39900
27 7 20 03 09 8616.10000 5.95100000 280.22000 42.05000 19.44200 58.39900
27 7 20 03 10 8612.70000 5.95100000 279.20000 42.05000 19.44200 58.39900
27 7 20 03 10 8613.50000 5.95100000 279.70000 42.05000 19.44200 58.39900
27 7 20 03 11 8613.40000 5.95100000 279.75000 42.05000 19.44900 58.39900
27 7 20 03 11 8616.70000 5.95100000 280.15000 42.05000 19.44900 58.39900
27 7 20 03 12 8620.20000 5.95100000 280.15000 42.05000 19.44900 58.39900
27 7 20 03 12 8616.80000 5.95100000 280.41000 42.05000 19.44900 58.39900
27 7 20 03 13 8618.50000 5.95100000 280.48000 42.05000 19.44900 58.39900
27 7 20 03 13 8617.00000 5.95100000 280.88000 42.05000 19.43900 58.39900
27 7 20 03 14 8619.80000 5.95100000 280.15000 42.05000 19.43900 58.39900
27 7 20 03 14 8615.60000 5.95100000 279.92000 42.05000 19.43900 58.39900
27 7 20 03 15 8615.60000 5.95100000 280.03000 42.05000 19.43900 58.39900
27 7 20 03 15 8608.00000 5.95100000 279.09000 42.05000 19.43900 58.13900
27 7 20 03 16 8604.40000 5.95100000 278.65000 42.05000 19.43900 58.11000
27 7 20 03 16 8605.70000 5.98000000 278.65000 42.05000 19.43900 58.11000
27 7 20 03 17 8604.30000 5.98000000 278.07000 42.05000 19.43900 58.11100
27 7 20 03 17 8603.80000 5.98000000 278.07000 42.05000 19.43900 58.06100
27 7 20 03 18 8603.50000 5.98000000 278.64000 42.05000 19.43900 58.06100
27 7 20 03 18 8603.80000 5.98000000 279.16000 41.87000 19.43900 58.05900
27 7 20 03 19 8606.20000 5.98000000 279.63000 41.87000 19.43900 58.05900
27 7 20 03 19 8615.60000 5.98000000 279.39000 41.87000 19.53800 58.05900
27 7 20 03 20 8610.90000 5.98000000 279.21000 41.87000 19.53800 58.05900
27 7 20 03 20 8608.40000 5.98000000 279.21000 41.87000 19.53800 58.05000
27 7 20 03 21 8611.40000 6.01900000 279.31000 41.87000 19.53800 58.05000
27 7 20 03 21 8613.30000 6.03100000 279.31000 41.87000 19.53800 58.05000
27 7 20 03 22 8615.60000 6.03100000 279.31000 41.87000 19.53800 58.05000
27 7 20 03 22 8615.70000 6.03100000 279.31000 41.87000 19.53800 58.05000
27 7 20 03 23 8615.70000 6.03100000 279.31000 41.87000 19.70700 58.05000
27 7 20 03 23 8615.60000 6.03100000 280.38000 41.87000 19.70700 58.05000
27 7 20 03 24 8619.80000 6.03100000 280.60000 41.87000 19.70700 58.05000
27 7 20 03 24 8619.90000 6.03100000 280.51000 41.87000 19.70700 58.05000
27 7 20 03 25 8619.90000 6.03100000 280.89000 41.87000 19.70700 58.05000
27 7 20 03 25 8619.80000 6.03100000 280.83000 41.87000 19.70700 58.05000
27 7 20 03 25 8620.30000 6.04000000 281.00000 41.87000 19.70700 58.05000
27 7 20 03 26 8624.50000 6.04000000 279.77000 41.87000 19.70700 58.05000
27 7 20 03 26 8624.40000 6.04000000 280.30000 41.87000 19.70700 58.05000
27 7 20 03 27 8626.10000 6.04900000 280.31000 41.87000 19.70700 58.05000
27 7 20 03 27 8627.20000 6.04900000 280.07000 41.87000 19.70700 58.61600
27 7 20 03 28 8627.20000 6.04900000 279.85000 41.87000 19.70700 58.61600
27 7 20 03 29 8627.20000 6.04900000 280.20000 41.87000 19.70700 58.61600
27 7 20 03 29 8627.10000 6.03300000 280.10000 41.87000 19.70700 58.61600
27 7 20 03 30 8633.70000 6.03300000 280.39000 41.87000 19.70700 58.61600
27 7 20 03 30 8636.00000 6.03300000 280.55000 41.87000 19.70700 58.61600
27 7 20 03 31 8658.90000 6.03300000 279.80000 42.04000 19.65400 58.61600
27 7 20 03 32 8652.10000 6.03300000 279.28000 42.04000 19.65400 58.61600
27 7 20 03 32 8648.80000 6.00400000 279.49000 42.04000 19.59400 58.61600
27 7 20 03 33 8668.90000 6.00800000 279.63000 41.95000 19.59400 58.61600
27 7 20 03 34 8664.30000 5.99100000 279.13000 41.95000 19.59400 58.23800
27 7 20 03 34 8664.30000 5.99100000 278.74000 41.95000 19.59400 58.23800
27 7 20 03 36 8675.60000 5.99100000 278.80000 41.90000 19.12200 58.23800
27 7 20 03 37 8668.30000 6.00000000 278.56000 41.90000 19.11900 58.02100
27 7 20 03 37 8669.60000 6.00000000 278.59000 41.90000 19.11900 58.02100
27 7 20 03 38 8672.70000 6.00000000 278.50000 41.90000 19.11900 58.02100
27 7 20 03 39 8680.40000 6.00000000 278.39000 41.90000 19.10400 58.02100
27 7 20 03 39 8687.20000 6.00000000 277.93000 41.90000 19.10400 58.02100
27 7 20 03 40 8677.30000 6.00000000 278.00000 41.90000 19.10400 58.02100
27 7 20 03 40 8680.70000 6.00000000 278.00000 41.90000 19.10100 58.02100
27 7 20 03 41 8678.10000 6.00000000 277.84000 41.90000 19.01900 58.02100
27 7 20 03 41 8673.80000 6.00000000 277.78000 41.90000 19.01900 58.02100
27 7 20 03 42 8668.30000 5.98400000 277.79000 41.90000 19.01900 58.02100
27 7 20 03 42 8678.00000 5.98400000 278.58000 41.90000 19.01900 58.02100
27 7 20 03 43 8678.00000 6.00000000 278.43000 41.90000 19.01900 58.02100
27 7 20 03 43 8672.50000 6.00000000 278.94000 41.90000 19.01900 58.02100
27 7 20 03 44 8672.40000 6.00000000 278.73000 41.90000 19.01900 58.02100
27 7 20 03 44 8672.50000 6.00000000 278.87000 41.90000 19.01900 58.02100
27 7 20 03 45 8675.60000 6.00000000 278.85000 41.90000 19.01900 58.02100
27 7 20 03 45 8680.80000 6.00000000 279.20000 41.90000 19.21200 58.02100
27 7 20 03 46 8680.80000 6.00000000 279.20000 41.90000 19.21200 58.02100
27 7 20 03 46 8680.80000 6.00000000 279.20000 41.90000 19.22500 58.02100
27 7 20 03 47 8681.70000 6.00000000 279.04000 41.90000 19.22500 58.02100
27 7 20 03 47 8688.90000 6.00000000 279.04000 41.85000 19.22500 58.02100
27 7 20 03 48 8690.30000 6.00000000 279.10000 41.85000 19.22500 57.98100
27 7 20 03 49 8697.30000 6.00000000 279.41000 41.88000 19.22500 57.98100
27 7 20 03 49 8700.00000 6.00000000 279.41000 41.89000 19.22500 57.98100
27 7 20 03 50 8724.90000 6.00000000 279.90000 41.89000 19.23700 57.98100
27 7 20 03 51 8734.60000 6.00000000 279.40000 41.85000 19.23700 57.98100
27 7 20 03 51 8750.00000 6.00000000 279.33000 41.85000 19.23700 57.88300
27 7 20 03 52 8747.40000 6.00000000 279.13000 41.82000 19.22000 57.83700
27 7 20 03 53 8739.80000 6.01400000 278.37000 41.65000 19.22000 57.71000
27 7 20 03 53 8750.60000 6.01400000 278.43000 41.65000 19.22000 57.71000
27 7 20 03 54 8774.90000 6.01400000 278.87000 41.70000 19.15200 57.71000
27 7 20 03 54 8768.20000 6.01400000 278.21000 41.70000 19.13900 57.81900
27 7 20 03 55 8760.00000 6.01400000 278.27000 41.70000 19.13900 57.73900
27 7 20 03 56 8765.90000 6.01400000 277.75000 41.64000 19.13900 57.73900
27 7 20 03 57 8752.90000 6.01400000 277.71000 41.59000 18.97900 57.63000
27 7 20 03 58 8751.40000 5.98700000 277.60000 41.59000 18.97900 57.63000
27 7 20 03 58 8744.10000 5.98700000 277.54000 41.59000 18.95000 57.63000
27 7 20 03 59 8733.70000 5.98700000 276.72000 41.59000 18.90800 57.63000
27 7 20 03 59 8744.50000 5.98700000 277.00000 41.59000 18.90800 57.63000
27 7 20 04 00 8752.20000 5.98700000 277.56000 41.59000 18.91000 57.58200
27 7 20 04 01 8758.00000 5.98700000 277.76000 41.59000 18.91000 57.58200
27 7 20 04 01 8754.50000 5.98700000 277.74000 41.59000 18.91000 57.58200
27 7 20 04 02 8750.00000 5.98700000 277.72000 41.70000 18.91000 57.58200
27 7 20 04 02 8747.00000 5.98700000 277.43000 41.70000 18.91000 57.58200
27 7 20 04 03 8744.30000 5.98700000 277.36000 41.70000 18.91000 57.58200
27 7 20 04 03 8739.90000 5.98700000 277.27000 41.71000 18.91000 57.58200
27 7 20 04 04 8726.50000 5.98700000 277.18000 41.71000 18.91000 57.58200
27 7 20 04 05 8739.00000 6.01100000 277.90000 41.71000 18.88900 57.58200
27 7 20 04 05 8732.50000 6.01100000 277.73000 41.71000 18.98400 57.58200
27 7 20 04 06 8717.70000 6.01100000 277.59000 41.71000 19.02500 57.58200
27 7 20 04 06 8720.20000 6.01100000 277.79000 41.71000 19.02500 57.58200
27 7 20 04 07 8730.00000 6.01100000 278.07000 41.86000 19.02500 57.58200
27 7 20 04 07 8732.30000 6.01100000 278.30000 41.90000 19.02500 57.58200
