M=[
28 6 20 10 47 8101.70000 5.12400000 199.63000 37.01000 14.49000 47.43000
28 6 20 10 47 8101.70000 5.12400000 199.63000 37.01000 14.49000 47.43000
28 6 20 10 48 8101.70000 5.12400000 199.83000 37.01000 14.49000 47.43000
28 6 20 10 48 8101.70000 5.12400000 199.84000 37.01000 14.49000 47.43000
28 6 20 10 49 8101.60000 5.12400000 199.76000 37.01000 14.49000 47.43000
28 6 20 10 49 8097.50000 5.12400000 199.61000 37.01000 14.57700 47.27700
28 6 20 10 50 8093.60000 5.12400000 199.45000 37.01000 14.57700 47.27700
28 6 20 10 50 8094.70000 5.12400000 199.37000 37.01000 14.57700 47.27700
28 6 20 10 51 8094.40000 5.12400000 199.20000 37.01000 14.57700 47.27700
28 6 20 10 51 8094.40000 5.12400000 199.30000 37.01000 14.57700 47.27700
28 6 20 10 52 8090.30000 5.12400000 199.20000 37.01000 14.60000 47.27700
28 6 20 10 52 8090.20000 5.12400000 199.05000 36.83000 14.60000 47.27700
28 6 20 10 53 8090.20000 5.12400000 199.06000 36.83000 14.60000 47.27700
28 6 20 10 53 8093.40000 5.12400000 199.15000 36.83000 14.60000 47.27700
28 6 20 10 54 8094.70000 5.12400000 199.12000 36.83000 14.60000 47.27700
28 6 20 10 54 8090.00000 5.12400000 199.02000 36.83000 14.60000 47.43000
28 6 20 10 55 8094.50000 5.12400000 199.10000 36.83000 14.60000 47.43000
28 6 20 10 55 8090.10000 5.12400000 199.10000 36.83000 14.79000 47.27700
28 6 20 10 56 8090.20000 5.12400000 199.08000 36.83000 14.79000 47.27700
28 6 20 10 56 8090.20000 5.12400000 199.08000 36.83000 14.79000 47.27700
28 6 20 10 57 8090.30000 5.12400000 199.03000 36.83000 14.79000 47.43000
28 6 20 10 57 8090.20000 5.12400000 199.02000 36.83000 14.79000 47.27700
28 6 20 10 58 8088.40000 5.12400000 199.00000 36.87000 14.79000 47.27700
28 6 20 10 58 8088.40000 5.12400000 199.00000 36.87000 14.75200 47.27700
28 6 20 10 59 8086.60000 5.12400000 198.96000 36.87000 14.75200 47.27700
28 6 20 10 59 8086.10000 5.12400000 198.90000 36.85000 14.75200 47.27700
28 6 20 11 00 8085.50000 5.12400000 198.90000 36.85000 14.75200 47.27700
28 6 20 11 00 8088.40000 5.12400000 198.96000 36.85000 14.75200 47.27700
28 6 20 11 01 8095.00000 5.12400000 199.09000 36.85000 14.75200 47.27700
28 6 20 11 01 8095.30000 5.12400000 199.30000 36.85000 14.78800 47.27700
28 6 20 11 02 8095.60000 5.12400000 199.28000 36.85000 14.76500 47.27700
28 6 20 11 02 8095.10000 5.12400000 199.20000 36.85000 14.76500 47.27700
28 6 20 11 03 8094.30000 5.12400000 199.21000 36.85000 14.76500 47.27700
28 6 20 11 03 8094.30000 5.12400000 199.20000 36.85000 14.79300 47.27700
28 6 20 11 04 8091.90000 5.12400000 199.20000 36.85000 14.79300 47.27700
28 6 20 11 04 8094.40000 5.12400000 199.20000 36.85000 14.80500 47.27700
28 6 20 11 05 8094.40000 5.12400000 199.20000 36.85000 14.80500 47.27700
28 6 20 11 05 8094.30000 5.12400000 199.32000 36.85000 14.78400 47.27700
28 6 20 11 05 8094.40000 5.12400000 199.32000 36.85000 14.78400 47.43000
28 6 20 11 06 8095.60000 5.12400000 199.40000 36.85000 14.78400 47.27700
28 6 20 11 06 8095.50000 5.12400000 199.32000 36.85000 14.78400 47.43000
28 6 20 11 07 8097.30000 5.12400000 199.41000 36.85000 14.78400 47.27700
28 6 20 11 07 8097.20000 5.12400000 199.31000 36.85000 14.78400 47.27700
28 6 20 11 08 8097.30000 5.12400000 199.47000 36.90000 14.78400 47.27700
28 6 20 11 08 8097.30000 5.12400000 199.57000 36.90000 14.78400 47.27700
28 6 20 11 09 8097.30000 5.12400000 199.47000 36.90000 14.80500 47.27700
28 6 20 11 09 8097.20000 5.12400000 199.47000 36.90000 14.78400 47.27700
28 6 20 11 10 8097.30000 5.12400000 199.39000 36.90000 14.78400 47.27700
28 6 20 11 10 8097.30000 5.12400000 199.38000 36.94000 14.78400 47.27700
28 6 20 11 11 8097.20000 5.12400000 199.34000 36.94000 14.78400 47.27700
28 6 20 11 11 8097.20000 5.12400000 199.39000 36.94000 14.78400 47.27700
28 6 20 11 12 8097.20000 5.12400000 199.41000 36.94000 14.78400 47.27700
28 6 20 11 12 8097.90000 5.12400000 199.44000 36.94000 14.78400 47.27700
28 6 20 11 13 8099.40000 5.12400000 199.44000 36.94000 14.78400 47.27700
28 6 20 11 13 8100.00000 5.12400000 199.56000 36.94000 14.78400 47.27700
28 6 20 11 13 8100.00000 5.12400000 199.56000 36.94000 14.78400 47.27700
28 6 20 11 14 8099.80000 5.12400000 199.59000 36.94000 14.78400 47.27700
28 6 20 11 14 8100.50000 5.12400000 199.59000 36.94000 14.78400 47.27700
28 6 20 11 15 8099.70000 5.11600000 199.59000 36.94000 14.78400 47.27700
28 6 20 11 15 8101.70000 5.11600000 199.59000 36.94000 14.78400 47.27700
28 6 20 11 16 8101.60000 5.11600000 199.59000 36.94000 14.78400 47.27700
28 6 20 11 16 8099.50000 5.11600000 199.59000 36.94000 14.78400 47.27700
28 6 20 11 17 8099.70000 5.11600000 199.59000 36.94000 14.78400 47.27700
28 6 20 11 17 8099.60000 5.11600000 199.59000 36.94000 14.78400 47.27700
28 6 20 11 18 8100.60000 5.11600000 199.59000 36.94000 14.78400 47.27700
28 6 20 11 18 8099.60000 5.11600000 199.59000 36.94000 14.78400 47.27700
28 6 20 11 19 8099.50000 5.11600000 199.59000 36.94000 14.78400 47.27700
28 6 20 11 19 8097.50000 5.11600000 199.48000 36.94000 14.78400 47.27700
28 6 20 11 20 8098.00000 5.11600000 199.48000 36.91000 14.78400 47.27700
28 6 20 11 20 8097.60000 5.11600000 199.38000 36.91000 14.78400 47.27700
28 6 20 11 21 8097.30000 5.11600000 199.38000 36.91000 14.80500 47.27700
28 6 20 11 21 8097.30000 5.11600000 199.43000 36.91000 14.78400 47.43000
28 6 20 11 21 8097.30000 5.11600000 199.43000 36.91000 14.78400 47.27700
28 6 20 11 22 8097.40000 5.11600000 199.43000 36.91000 14.80500 47.27700
28 6 20 11 22 8097.40000 5.11600000 199.43000 36.91000 14.78400 47.27700
28 6 20 11 23 8097.40000 5.12400000 199.53000 36.94000 14.78400 47.60000
28 6 20 11 23 8097.30000 5.11600000 199.53000 36.94000 14.78400 47.60000
28 6 20 11 24 8097.10000 5.11600000 199.53000 36.94000 14.78400 47.51800
28 6 20 11 24 8097.10000 5.11600000 199.53000 36.94000 14.78400 47.51800
28 6 20 11 25 8097.00000 5.11600000 199.44000 36.94000 14.78400 47.51800
28 6 20 11 25 8097.00000 5.11600000 199.41000 36.94000 14.78400 47.51800
28 6 20 11 26 8095.40000 5.11600000 199.41000 36.94000 14.78400 47.51800
28 6 20 11 26 8095.50000 5.11600000 199.42000 36.94000 14.63200 47.60000
28 6 20 11 27 8095.80000 5.11600000 199.43000 36.94000 14.63200 47.60000
28 6 20 11 27 8095.80000 5.11600000 199.43000 36.94000 14.63200 47.51800
28 6 20 11 28 8095.80000 5.11600000 199.75000 36.94000 14.63200 47.51800
28 6 20 11 28 8101.70000 5.11600000 199.75000 36.94000 14.63200 47.51800
28 6 20 11 29 8101.70000 5.12400000 199.70000 36.94000 14.63200 47.51800
28 6 20 11 29 8101.60000 5.12000000 199.69000 36.94000 14.63200 47.60000
28 6 20 11 30 8101.60000 5.12000000 199.74000 36.94000 14.63200 47.60000
28 6 20 11 30 8101.70000 5.12000000 200.07000 36.94000 14.63200 47.68000
28 6 20 11 31 8101.60000 5.12000000 200.26000 36.98000 14.63200 47.87000
28 6 20 11 31 8101.80000 5.12000000 200.64000 36.98000 14.63200 47.68000
28 6 20 11 32 8101.80000 5.12000000 200.64000 36.98000 14.63200 47.87000
28 6 20 11 32 8101.80000 5.12000000 200.64000 36.99000 14.63200 47.87000
28 6 20 11 33 8101.60000 5.12000000 200.38000 36.98000 14.63200 47.87000
28 6 20 11 33 8101.10000 5.12000000 200.50000 36.98000 14.63200 47.87000
28 6 20 11 34 8101.70000 5.12000000 200.63000 36.98000 14.63200 47.87000
28 6 20 11 34 8100.20000 5.12000000 200.47000 37.02000 14.63200 47.87000
28 6 20 11 35 8100.20000 5.12000000 200.32000 37.02000 14.63200 47.87000
28 6 20 11 35 8100.20000 5.12000000 200.32000 37.02000 14.63200 47.87000
28 6 20 11 36 8100.00000 5.12000000 200.36000 37.02000 14.63200 47.87000
28 6 20 11 36 8097.30000 5.12000000 200.27000 37.02000 14.63200 47.87000
28 6 20 11 37 8097.30000 5.12000000 200.08000 37.02000 14.63200 47.87000
28 6 20 11 37 8094.50000 5.12000000 200.12000 37.02000 14.63200 48.06000
28 6 20 11 38 8095.10000 5.12000000 200.21000 37.02000 14.63200 47.94500
28 6 20 11 38 8093.60000 5.12000000 200.15000 37.02000 14.63200 47.94500
28 6 20 11 39 8092.00000 5.12000000 200.11000 37.02000 14.63200 47.94500
28 6 20 11 39 8090.90000 5.12000000 200.01000 37.02000 14.63200 47.94500
