M=[
24 1 21 17 24 26224.10000 6.17400000 1106.39000 113.47000 17.71000 74.75700
24 1 21 17 25 26266.00000 6.17400000 1106.63000 113.47000 17.71000 74.75100
24 1 21 17 25 26211.60000 6.17400000 1105.00000 113.51000 17.71000 74.75100
24 1 21 17 25 26209.00000 6.17400000 1105.06000 113.51000 17.71000 74.64000
24 1 21 17 26 26199.60000 6.17400000 1104.95000 113.47000 17.71000 74.64000
24 1 21 17 26 26207.70000 6.17400000 1104.82000 113.52000 17.71000 74.64000
24 1 21 17 27 26225.40000 6.17400000 1105.88000 113.52000 17.71000 74.64000
24 1 21 17 27 26231.50000 6.17400000 1106.46000 113.52000 17.71000 74.64000
24 1 21 17 28 26224.10000 6.17400000 1105.86000 113.52000 17.71000 74.64000
24 1 21 17 28 26219.40000 6.17400000 1106.44000 113.76000 17.71000 74.79300
24 1 21 17 28 26254.70000 6.17400000 1108.03000 113.80000 17.71000 74.79300
24 1 21 17 29 26247.40000 6.17400000 1108.00000 113.84000 17.71000 74.79300
24 1 21 17 29 26238.80000 6.17400000 1107.45000 113.84000 17.71000 74.79300
24 1 21 17 30 26211.70000 6.17400000 1106.43000 113.84000 17.71000 74.79300
24 1 21 17 30 26215.30000 6.17400000 1107.00000 113.70000 17.71000 74.79300
24 1 21 17 31 26243.80000 6.17400000 1107.00000 113.79000 17.71000 74.79300
24 1 21 17 31 26250.00000 6.17400000 1108.00000 113.93000 17.71000 74.79300
24 1 21 17 31 26262.80000 6.17400000 1108.00000 113.93000 17.71000 74.79300
24 1 21 17 32 26226.80000 6.17400000 1108.63000 113.93000 17.71000 74.86800
24 1 21 17 32 26274.50000 6.17400000 1111.99000 113.95000 17.71000 74.86800
24 1 21 17 33 26300.00000 6.17400000 1115.98000 113.98000 17.71000 74.86800
24 1 21 17 33 26320.00000 6.17400000 1116.39000 114.11000 17.71000 74.86800
24 1 21 17 34 26317.30000 6.17400000 1117.31000 114.11000 17.71000 74.86800
24 1 21 17 34 26308.60000 6.20300000 1118.59000 114.11000 17.71000 74.86800
24 1 21 17 34 26321.50000 6.20300000 1119.51000 114.17000 17.71000 75.22300
24 1 21 17 35 26319.70000 6.20300000 1118.81000 114.14000 17.71000 75.22300
24 1 21 17 35 26310.20000 6.20300000 1117.69000 114.14000 17.71000 75.22300
24 1 21 17 36 26310.10000 6.20300000 1120.38000 114.14000 17.71000 74.90600
24 1 21 17 36 26333.50000 6.20300000 1123.20000 114.14000 17.71000 74.90600
24 1 21 17 37 26320.20000 6.21000000 1121.66000 114.15000 17.71000 74.90600
24 1 21 17 37 26321.80000 6.21000000 1122.71000 114.15000 17.71000 74.90600
24 1 21 17 37 26300.20000 6.21000000 1121.64000 114.15000 17.71000 74.90600
24 1 21 17 38 26329.50000 6.21000000 1121.99000 114.15000 17.71000 74.97100
24 1 21 17 38 26306.40000 6.21000000 1121.43000 114.15000 17.71000 74.97100
24 1 21 17 39 26303.70000 6.21000000 1120.94000 114.21000 17.71000 74.97100
24 1 21 17 39 26300.00000 6.21600000 1120.00000 114.14000 17.71000 74.97100
24 1 21 17 40 26300.10000 6.21600000 1121.00000 114.14000 17.71000 74.97100
24 1 21 17 40 26300.10000 6.21600000 1121.41000 114.22000 17.71000 75.18800
24 1 21 17 40 26300.10000 6.21600000 1119.95000 114.22000 17.71000 75.18800
24 1 21 17 41 26300.00000 6.21600000 1119.75000 114.16000 17.88200 75.18800
24 1 21 17 41 26299.00000 6.21600000 1117.91000 114.16000 17.88200 75.18800
24 1 21 17 42 26274.00000 6.21600000 1117.89000 114.15000 17.88200 75.18800
24 1 21 17 42 26264.50000 6.21600000 1117.09000 114.11000 17.88200 75.18800
24 1 21 17 43 26264.50000 6.21600000 1117.67000 114.11000 17.88200 75.07600
24 1 21 17 43 26252.40000 6.21600000 1117.00000 114.11000 17.88200 75.07600
24 1 21 17 43 26268.90000 6.21600000 1117.47000 114.11000 17.88200 75.07600
24 1 21 17 44 26260.60000 6.21600000 1118.00000 114.11000 17.87000 75.07600
24 1 21 17 44 26267.50000 6.21600000 1119.00000 114.11000 17.71300 75.07600
24 1 21 17 45 26267.50000 6.21600000 1120.49000 114.12000 17.71300 75.07600
24 1 21 17 45 26275.20000 6.21600000 1120.36000 114.12000 17.71300 75.07600
24 1 21 17 46 26271.30000 6.21600000 1118.04000 114.12000 17.71300 75.07600
24 1 21 17 46 26271.10000 6.21600000 1120.15000 114.12000 17.71300 75.07600
24 1 21 17 46 26285.00000 6.21600000 1119.59000 114.10000 17.71300 75.07600
24 1 21 17 47 26292.40000 6.21600000 1119.56000 114.10000 17.71300 75.07600
24 1 21 17 47 26287.50000 6.21600000 1119.42000 114.10000 17.71300 75.07600
24 1 21 17 48 26271.20000 6.21600000 1118.60000 114.07000 17.71300 74.90500
24 1 21 17 48 26267.10000 6.21600000 1117.98000 114.07000 17.71300 74.90500
24 1 21 17 48 26264.70000 6.21600000 1118.00000 114.08000 17.71300 74.90500
24 1 21 17 49 26329.30000 6.21600000 1118.89000 114.15000 17.71300 74.90500
24 1 21 17 49 26318.70000 6.21600000 1118.89000 114.15000 17.71200 74.90500
24 1 21 17 50 26302.10000 6.21600000 1118.08000 114.26000 17.71200 74.90500
24 1 21 17 50 26294.70000 6.21600000 1117.47000 114.26000 17.71200 74.90500
24 1 21 17 51 26294.70000 6.21600000 1117.44000 114.26000 17.71200 74.90500
24 1 21 17 51 26270.20000 6.21600000 1115.00000 114.12000 17.71200 74.90500
24 1 21 17 51 26263.50000 6.21600000 1114.48000 114.00000 17.71200 74.09500
24 1 21 17 52 26263.40000 6.21600000 1115.12000 114.01000 17.88100 74.11400
24 1 21 17 52 26263.90000 6.21600000 1115.61000 114.01000 17.88900 74.11400
24 1 21 17 53 26262.60000 6.21600000 1116.00000 114.01000 17.88900 74.11400
24 1 21 17 53 26252.40000 6.21600000 1115.62000 114.11000 17.88900 74.11400
24 1 21 17 54 26250.00000 6.21600000 1115.18000 114.07000 17.88900 74.00000
24 1 21 17 54 26246.00000 6.21600000 1114.99000 114.08000 17.88900 74.21500
24 1 21 17 54 26240.10000 6.21600000 1114.99000 114.06000 17.88900 74.21500
24 1 21 17 55 26242.00000 6.21600000 1115.23000 114.07000 17.88900 74.21500
24 1 21 17 55 26232.40000 6.21600000 1115.50000 114.06000 17.88900 74.21500
24 1 21 17 56 26220.50000 6.21600000 1115.39000 114.06000 17.88900 74.21500
24 1 21 17 56 26231.80000 6.21600000 1116.73000 114.06000 17.88900 74.21500
24 1 21 17 57 26221.70000 6.21600000 1115.94000 114.06000 17.88900 74.21500
24 1 21 17 57 26221.60000 6.21600000 1116.59000 114.08000 17.88900 74.21500
24 1 21 17 57 26221.50000 6.21600000 1116.36000 114.11000 17.88900 74.21500
24 1 21 17 58 26221.60000 6.21600000 1117.00000 114.11000 17.88900 74.21500
24 1 21 17 58 26254.20000 6.21600000 1118.85000 114.11000 17.77500 74.34200
24 1 21 17 59 26238.80000 6.21600000 1118.07000 114.11000 17.77500 74.34200
24 1 21 17 59 26245.20000 6.21600000 1117.97000 114.11000 17.77500 74.34200
24 1 21 18 00 26254.20000 6.21600000 1118.47000 114.00000 17.77500 74.25300
24 1 21 18 00 26202.60000 6.21600000 1115.00000 113.82000 17.77500 74.12900
24 1 21 18 00 26204.60000 6.21600000 1115.00000 113.82000 17.77500 74.12900
24 1 21 18 01 26213.80000 6.21600000 1115.29000 113.87000 17.71400 74.10800
24 1 21 18 01 26213.80000 6.21600000 1113.07000 113.71000 17.71400 74.05000
24 1 21 18 02 26212.00000 6.21000000 1113.76000 113.79000 17.71400 74.05000
24 1 21 18 02 26222.30000 6.21000000 1113.46000 113.79000 17.71400 74.05000
24 1 21 18 03 26254.30000 6.21000000 1114.28000 113.79000 17.71400 74.05000
24 1 21 18 03 26257.30000 6.21000000 1114.65000 113.79000 17.71400 74.05000
24 1 21 18 03 26270.60000 6.21000000 1115.11000 113.79000 17.71400 74.05000
24 1 21 18 04 26258.70000 6.23000000 1115.11000 113.93000 17.71400 74.05000
24 1 21 18 04 26264.20000 6.23000000 1115.11000 113.89000 17.71400 74.08700
24 1 21 18 05 26264.80000 6.23000000 1115.86000 113.94000 17.71400 74.08700
24 1 21 18 05 26267.70000 6.23000000 1114.18000 113.94000 17.71400 74.08700
24 1 21 18 06 26251.10000 6.23000000 1114.43000 113.90000 17.71400 74.08700
24 1 21 18 06 26250.00000 6.23000000 1113.63000 113.90000 17.71400 74.08700
24 1 21 18 06 26255.00000 6.23000000 1113.05000 113.90000 17.71400 74.08700
24 1 21 18 07 26228.40000 6.23000000 1108.98000 113.90000 17.90700 74.08700
24 1 21 18 07 26212.00000 6.23000000 1109.99000 113.90000 17.90700 74.08700
24 1 21 18 08 26220.90000 6.23000000 1109.84000 113.73000 17.90700 74.08700
24 1 21 18 08 26221.50000 6.23000000 1110.55000 113.80000 17.90700 74.08700
24 1 21 18 09 26221.50000 6.23000000 1110.56000 113.86000 17.90700 74.08700
