M=[
30 9 20 15 47 9190.00000 4.85200000 304.40000 39.34000 12.49700 52.86300
30 9 20 15 47 9191.90000 4.85200000 304.40000 39.34000 12.49700 52.96200
30 9 20 15 47 9191.90000 4.85200000 304.40000 39.34000 12.49700 52.96200
30 9 20 15 48 9193.70000 4.82400000 304.67000 39.34000 12.49700 52.96200
30 9 20 15 48 9193.80000 4.82400000 304.63000 39.34000 12.49700 52.96200
30 9 20 15 49 9193.10000 4.82400000 304.63000 39.34000 12.49700 52.96200
30 9 20 15 49 9193.90000 4.82400000 304.72000 39.34000 12.49700 52.96200
30 9 20 15 50 9194.00000 4.82400000 304.56000 39.38000 12.49700 52.96200
30 9 20 15 50 9194.00000 4.82400000 304.71000 39.38000 12.49700 52.96200
30 9 20 15 51 9193.90000 4.82400000 304.71000 39.38000 12.49700 52.96200
30 9 20 15 51 9194.90000 4.82400000 304.71000 39.38000 12.49700 52.96200
30 9 20 15 51 9194.90000 4.82400000 304.60000 39.38000 12.49700 52.96200
30 9 20 15 52 9194.00000 4.82400000 304.60000 39.38000 12.49700 52.96200
30 9 20 15 52 9193.90000 4.82400000 304.60000 39.38000 12.49700 52.96200
30 9 20 15 53 9193.40000 4.82400000 304.60000 39.38000 12.49700 52.96000
30 9 20 15 53 9194.60000 4.82400000 304.55000 39.38000 12.49700 52.96000
30 9 20 15 54 9194.90000 4.82400000 304.50000 39.38000 12.49700 52.96000
30 9 20 15 54 9194.90000 4.82400000 304.62000 39.38000 12.49700 52.96000
30 9 20 15 54 9194.90000 4.82400000 304.62000 39.38000 12.49700 52.96000
30 9 20 15 55 9195.90000 4.82400000 304.59000 39.38000 12.49700 52.96000
30 9 20 15 55 9194.90000 4.82400000 304.63000 39.38000 12.49700 52.96000
30 9 20 15 56 9193.10000 4.82400000 304.63000 39.38000 12.49700 52.96000
30 9 20 15 56 9193.10000 4.82400000 304.55000 39.38000 12.49700 52.84200
30 9 20 15 57 9191.30000 4.82400000 304.73000 39.38000 12.49700 52.84200
30 9 20 15 57 9192.20000 4.82400000 305.00000 39.44000 12.49700 52.90100
30 9 20 15 57 9192.20000 4.82400000 304.99000 39.44000 12.49700 52.90100
30 9 20 15 58 9195.80000 4.82400000 305.11000 39.44000 12.49700 52.90100
30 9 20 15 58 9195.80000 4.82400000 305.11000 39.44000 12.49700 52.90100
30 9 20 15 59 9195.80000 4.82400000 305.12000 39.44000 12.49700 52.90100
30 9 20 15 59 9195.90000 4.82400000 305.12000 39.44000 12.49700 52.90100
30 9 20 16 00 9196.90000 4.82400000 305.12000 39.44000 12.49700 52.90100
30 9 20 16 00 9198.90000 4.82400000 305.13000 39.49000 12.49700 52.95900
30 9 20 16 00 9198.80000 4.82400000 305.13000 39.49000 12.49700 52.99800
30 9 20 16 01 9198.90000 4.82400000 305.04000 39.53000 12.49700 52.99800
30 9 20 16 01 9198.90000 4.82400000 305.00000 39.53000 12.49700 52.99800
30 9 20 16 02 9199.80000 4.82400000 305.25000 39.58000 12.49700 52.99800
30 9 20 16 02 9199.90000 4.82400000 305.11000 39.58000 12.49700 52.99800
30 9 20 16 03 9199.90000 4.82400000 305.11000 39.58000 12.49700 52.88400
30 9 20 16 03 9200.20000 4.82400000 305.11000 39.56000 12.49700 52.88400
30 9 20 16 04 9200.90000 4.82400000 305.11000 39.56000 12.49700 52.88400
30 9 20 16 04 9200.90000 4.82400000 305.00000 39.54000 12.49700 52.88400
30 9 20 16 05 9200.90000 4.82400000 305.00000 39.54000 12.49700 52.74800
30 9 20 16 05 9199.90000 4.82400000 305.00000 39.54000 12.49700 52.70300
30 9 20 16 05 9199.90000 4.82400000 305.00000 39.55000 12.49700 52.70300
30 9 20 16 06 9199.90000 4.82400000 305.00000 39.55000 12.49700 52.70300
30 9 20 16 06 9199.80000 4.82400000 305.00000 39.55000 12.49700 52.70300
30 9 20 16 07 9199.90000 4.82400000 305.00000 39.55000 12.49700 52.70300
30 9 20 16 07 9200.00000 4.82400000 305.00000 39.57000 12.49700 52.70300
30 9 20 16 08 9199.90000 4.82400000 305.00000 39.57000 12.49700 52.70300
30 9 20 16 08 9198.80000 4.82400000 305.00000 39.59000 12.49700 52.70300
30 9 20 16 08 9198.80000 4.82400000 305.00000 39.59000 12.49700 52.70300
30 9 20 16 09 9198.70000 4.82400000 305.01000 39.59000 12.49700 52.70300
30 9 20 16 09 9198.80000 4.82400000 305.00000 39.59000 12.49700 52.70300
30 9 20 16 10 9196.00000 4.82400000 304.83000 39.59000 12.49700 52.80300
30 9 20 16 10 9196.00000 4.82400000 304.83000 39.59000 12.49700 52.80300
30 9 20 16 11 9196.00000 4.82400000 304.83000 39.59000 12.49700 52.80300
30 9 20 16 11 9192.80000 4.82400000 305.03000 39.59000 12.49700 52.80300
30 9 20 16 11 9189.60000 4.82400000 304.98000 39.59000 12.49700 52.80300
30 9 20 16 12 9189.60000 4.82400000 304.93000 39.59000 12.49700 52.80300
30 9 20 16 12 9190.00000 4.82400000 304.84000 39.59000 12.49700 52.80300
30 9 20 16 13 9190.10000 4.82400000 304.84000 39.59000 12.49700 52.80300
30 9 20 16 13 9190.10000 4.82400000 304.84000 39.59000 12.49700 52.80300
30 9 20 16 14 9190.00000 4.82400000 304.84000 39.59000 12.49700 52.80300
30 9 20 16 14 9190.30000 4.82400000 304.84000 39.59000 12.49700 52.80300
30 9 20 16 14 9190.80000 4.82400000 304.99000 39.59000 12.49700 52.80300
30 9 20 16 15 9190.90000 4.82400000 305.03000 39.59000 12.49700 52.80300
30 9 20 16 15 9192.70000 4.82400000 305.03000 39.59000 12.49700 52.80300
30 9 20 16 16 9193.30000 4.82400000 305.05000 39.63000 12.49700 52.80300
30 9 20 16 16 9193.20000 4.82400000 305.05000 39.63000 12.49700 52.80300
30 9 20 16 17 9195.90000 4.82400000 305.15000 39.61000 12.49700 52.80300
30 9 20 16 17 9196.80000 4.82400000 305.15000 39.61000 12.49700 52.80300
30 9 20 16 17 9196.80000 4.82400000 305.24000 39.60000 12.49700 52.80300
30 9 20 16 18 9197.00000 4.82400000 305.30000 39.60000 12.49700 52.80300
30 9 20 16 18 9197.00000 4.82400000 305.30000 39.60000 12.49700 52.80300
30 9 20 16 19 9197.00000 4.82400000 305.30000 39.66000 12.49700 52.80300
30 9 20 16 19 9197.00000 4.82400000 305.30000 39.65000 12.49700 52.80300
30 9 20 16 20 9197.80000 4.82400000 305.31000 39.65000 12.49700 52.80300
30 9 20 16 20 9197.70000 4.82400000 305.32000 39.65000 12.49700 52.80300
30 9 20 16 21 9197.80000 4.82400000 305.32000 39.65000 12.49700 52.80300
30 9 20 16 21 9192.10000 4.82400000 305.31000 39.65000 12.49700 52.80300
30 9 20 16 21 9193.00000 4.82400000 305.31000 39.65000 12.49700 52.80300
30 9 20 16 22 9196.60000 4.82400000 305.32000 39.65000 12.49700 52.80300
30 9 20 16 22 9196.50000 4.82400000 305.23000 39.67000 12.49700 52.80300
30 9 20 16 23 9196.50000 4.82400000 305.23000 39.67000 12.49700 52.80300
30 9 20 16 23 9197.90000 4.82400000 305.37000 39.70000 12.49700 52.80300
30 9 20 16 24 9197.90000 4.82400000 305.36000 39.70000 12.49700 52.80300
30 9 20 16 24 9197.90000 4.82400000 305.36000 39.70000 12.49700 52.80300
30 9 20 16 24 9198.90000 4.82400000 305.36000 39.70000 12.49700 52.80300
30 9 20 16 25 9198.80000 4.82400000 305.23000 39.70000 12.49700 52.80300
30 9 20 16 25 9198.90000 4.82400000 305.34000 39.72000 12.49700 52.80300
30 9 20 16 26 9198.40000 4.82400000 305.28000 39.72000 12.49700 52.80300
30 9 20 16 26 9198.50000 4.82400000 305.28000 39.72000 12.49700 52.80300
30 9 20 16 27 9198.90000 4.82400000 305.38000 39.72000 12.49700 52.80300
30 9 20 16 27 9198.80000 4.82400000 305.38000 39.72000 12.49700 52.80300
30 9 20 16 27 9198.90000 4.82400000 305.38000 39.72000 12.49700 52.80300
30 9 20 16 28 9198.90000 4.82400000 305.46000 39.72000 12.49700 52.80300
30 9 20 16 28 9198.90000 4.82400000 306.12000 39.73000 12.49700 52.80300
30 9 20 16 29 9200.00000 4.82400000 306.19000 39.73000 12.49700 52.80300
30 9 20 16 29 9200.00000 4.82400000 306.17000 39.73000 12.49700 52.80300
30 9 20 16 30 9200.00000 4.82400000 306.30000 39.73000 12.49700 52.80300
30 9 20 16 30 9200.90000 4.82400000 306.29000 39.73000 12.49700 52.80300
30 9 20 16 31 9206.00000 4.82400000 306.34000 39.73000 12.49700 52.80300
30 9 20 16 31 9206.10000 4.82400000 306.33000 39.73000 12.49700 52.80300
30 9 20 16 31 9206.10000 4.82400000 306.33000 39.81000 12.49700 52.80300
30 9 20 16 32 9206.90000 4.82400000 306.33000 39.82000 12.49700 52.80300
30 9 20 16 32 9210.70000 4.82400000 306.36000 39.82000 12.49700 52.80300
30 9 20 16 33 9212.50000 4.82400000 306.18000 39.84000 12.49700 52.80300
30 9 20 16 33 9212.20000 4.82400000 306.21000 39.81000 12.49700 52.80300
30 9 20 16 34 9210.80000 4.82400000 305.75000 39.78000 12.49700 52.80300
