M=[
28 7 21 12 34 34549.60000 42.63400000 1972.01000 117.99000 23.59800 89.21300
28 7 21 12 35 34500.00000 42.63400000 1972.01000 117.99000 23.59800 89.21300
28 7 21 12 35 34490.70000 42.63400000 1972.16000 117.88000 23.59900 89.21300
28 7 21 12 36 34501.20000 42.51300000 1972.04000 117.88000 23.59900 89.21300
28 7 21 12 36 34472.70000 42.45900000 1972.01000 117.92000 23.59900 89.20100
28 7 21 12 36 34445.90000 42.45900000 1972.00000 117.96000 23.59900 89.20100
28 7 21 12 37 34416.20000 42.45900000 1966.48000 117.96000 23.59900 89.20100
28 7 21 12 37 34379.90000 42.45900000 1965.01000 117.62000 23.59900 89.20100
28 7 21 12 38 34377.60000 42.35100000 1964.68000 117.62000 23.59900 88.79200
28 7 21 12 38 34385.10000 42.35100000 1965.70000 117.77000 23.37400 88.79200
28 7 21 12 39 34391.20000 42.35100000 1965.59000 117.76000 23.37400 88.79200
28 7 21 12 39 34406.00000 42.35100000 1966.65000 117.75000 23.37400 88.79200
28 7 21 12 39 34325.30000 42.35100000 1964.04000 117.70000 23.37400 88.79200
28 7 21 12 40 34316.50000 42.37500000 1964.04000 117.67000 23.37400 88.79200
28 7 21 12 40 34188.40000 42.37500000 1958.34000 117.38000 23.37400 88.79200
28 7 21 12 41 34241.90000 42.37500000 1961.99000 117.38000 23.36500 88.79200
28 7 21 12 41 34178.30000 42.37500000 1956.55000 117.38000 23.36500 88.79200
28 7 21 12 42 34047.60000 42.06800000 1951.55000 117.06000 23.36500 88.79200
28 7 21 12 42 33869.30000 42.06800000 1945.01000 116.76000 23.36500 88.45300
28 7 21 12 42 33926.70000 41.82700000 1945.20000 116.69000 23.36500 88.18500
28 7 21 12 43 33886.20000 41.82700000 1942.46000 116.51000 23.36500 88.18500
28 7 21 12 43 33884.90000 41.82700000 1944.14000 116.58000 23.36500 88.18500
28 7 21 12 44 33957.80000 41.82700000 1946.94000 116.62000 23.36500 88.18500
28 7 21 12 44 33900.50000 41.82700000 1947.98000 116.65000 23.36500 88.18500
28 7 21 12 45 33932.10000 41.82700000 1950.00000 116.62000 23.36500 88.18500
28 7 21 12 45 33913.60000 41.82700000 1947.97000 116.60000 23.36500 88.18500
28 7 21 12 45 33900.00000 41.76400000 1946.09000 116.56000 23.36500 88.18500
28 7 21 12 46 33908.90000 41.76500000 1943.55000 116.50000 23.36500 88.18500
28 7 21 12 46 33938.80000 41.76500000 1945.52000 116.56000 23.36500 88.18500
28 7 21 12 47 33955.40000 41.76500000 1946.19000 116.68000 23.36500 88.18500
28 7 21 12 47 33925.10000 41.76500000 1947.17000 116.68000 23.36500 88.18500
28 7 21 12 48 33877.70000 41.95300000 1944.71000 116.66000 23.36500 88.18500
28 7 21 12 48 33899.80000 41.94600000 1942.50000 116.66000 23.36500 88.18500
28 7 21 12 48 33873.10000 41.94600000 1943.38000 116.41000 23.36500 88.18500
28 7 21 12 49 33895.20000 41.93100000 1942.52000 116.41000 23.36500 88.18500
28 7 21 12 49 33838.20000 41.93100000 1939.23000 116.41000 23.36500 88.03900
28 7 21 12 50 33833.20000 41.76200000 1943.00000 116.39000 23.36500 88.03900
28 7 21 12 50 33875.30000 41.76200000 1942.97000 116.39000 23.36500 87.74100
28 7 21 12 51 33891.30000 41.76200000 1945.64000 116.43000 23.36500 87.74100
28 7 21 12 51 33851.20000 41.76200000 1944.37000 116.43000 23.36500 87.74100
28 7 21 12 52 33880.00000 41.76200000 1946.72000 116.43000 23.36500 87.74100
28 7 21 12 52 33849.50000 41.76200000 1947.08000 116.43000 23.35900 87.74100
28 7 21 12 52 33851.30000 41.76200000 1947.24000 116.43000 23.35900 87.74100
28 7 21 12 53 33802.50000 41.76200000 1946.85000 116.44000 23.35900 87.74100
28 7 21 12 53 33731.50000 41.76200000 1943.53000 116.18000 23.35900 87.74100
28 7 21 12 54 33713.40000 41.61600000 1943.49000 116.02000 23.35900 87.74100
28 7 21 12 54 33699.90000 41.61600000 1941.81000 116.18000 23.35900 87.74100
28 7 21 12 55 33749.10000 41.61600000 1945.20000 116.33000 23.35900 87.74100
28 7 21 12 55 33763.50000 41.61600000 1945.61000 116.33000 23.35900 87.74100
28 7 21 12 55 33734.10000 41.72500000 1945.11000 116.33000 23.35900 87.74100
28 7 21 12 56 33766.50000 41.72500000 1944.55000 116.41000 23.35900 87.74100
28 7 21 12 56 33754.20000 41.72500000 1944.55000 116.41000 23.35900 87.74100
28 7 21 12 57 33760.20000 41.72500000 1945.66000 116.28000 23.35900 87.74100
28 7 21 12 57 33749.10000 41.81200000 1944.61000 116.32000 23.35900 87.74100
28 7 21 12 58 33760.20000 41.81200000 1945.48000 116.33000 23.35900 87.74100
28 7 21 12 58 33698.50000 41.81200000 1941.01000 116.26000 23.35900 87.74100
28 7 21 12 58 33653.10000 41.60900000 1939.69000 116.08000 23.35900 87.74100
28 7 21 12 59 33649.10000 41.60900000 1939.70000 115.93000 23.35900 87.74100
28 7 21 12 59 33604.80000 41.60900000 1937.53000 115.88000 23.35900 87.60000
28 7 21 13 00 33680.70000 41.60900000 1939.33000 115.97000 23.35900 87.60000
28 7 21 13 00 33595.10000 41.60900000 1937.01000 116.05000 23.35900 87.52700
28 7 21 13 01 33635.80000 41.54200000 1933.12000 116.05000 23.35900 87.38500
28 7 21 13 01 33656.50000 41.61000000 1934.77000 116.10000 23.35900 87.38500
28 7 21 13 01 33680.00000 41.61000000 1934.77000 116.10000 23.35900 87.38500
28 7 21 13 02 33727.80000 41.61000000 1938.66000 116.25000 23.35900 87.38500
28 7 21 13 02 33760.20000 41.61000000 1940.00000 116.25000 23.35900 87.38500
28 7 21 13 03 33761.90000 41.61000000 1940.00000 116.25000 23.35900 87.38500
28 7 21 13 03 33783.10000 41.61000000 1939.99000 116.44000 23.35900 87.38500
28 7 21 13 04 33780.10000 41.61000000 1942.18000 116.46000 23.35900 87.38500
28 7 21 13 04 33762.20000 41.61000000 1941.68000 116.46000 23.35900 87.38500
28 7 21 13 04 33792.90000 41.61000000 1944.22000 116.48000 23.35900 87.38500
28 7 21 13 05 33835.90000 41.61000000 1944.50000 116.49000 23.35900 87.38500
28 7 21 13 05 33856.80000 41.61000000 1945.00000 116.61000 23.35900 87.38500
28 7 21 13 06 33833.20000 41.61000000 1943.20000 116.91000 23.35900 87.64600
28 7 21 13 06 33861.20000 41.61000000 1944.97000 116.91000 23.35900 87.64600
28 7 21 13 07 33867.40000 41.61000000 1945.38000 116.91000 23.35900 87.64600
28 7 21 13 07 33852.90000 41.61000000 1947.38000 116.91000 23.35900 87.64600
28 7 21 13 08 33838.50000 41.61000000 1945.53000 116.88000 23.35900 87.64600
28 7 21 13 08 33862.60000 41.61000000 1947.07000 116.91000 23.35900 87.64600
28 7 21 13 08 33857.20000 41.61000000 1945.92000 116.91000 23.35900 87.64600
28 7 21 13 09 33848.70000 41.61000000 1945.30000 116.91000 23.35900 87.64600
28 7 21 13 09 33836.50000 41.61000000 1946.09000 116.90000 23.35900 87.64600
28 7 21 13 10 33815.80000 41.61000000 1945.66000 116.90000 23.35900 87.64600
28 7 21 13 10 33826.70000 41.61000000 1946.51000 116.90000 23.35900 87.64600
28 7 21 13 11 33831.90000 41.61000000 1946.33000 116.90000 23.35900 87.64600
28 7 21 13 11 33740.10000 41.61000000 1945.00000 116.90000 23.35900 87.64600
28 7 21 13 11 33772.00000 41.61000000 1945.31000 116.90000 23.35900 87.64600
28 7 21 13 12 33735.30000 41.61000000 1945.00000 116.90000 23.35900 87.64600
28 7 21 13 12 33694.20000 41.61000000 1941.41000 116.33000 23.35900 87.64600
28 7 21 13 13 33680.60000 41.61000000 1941.90000 116.32000 23.35900 87.64600
28 7 21 13 13 33707.70000 41.61000000 1943.86000 116.32000 23.35900 87.64600
28 7 21 13 14 33731.30000 41.61000000 1944.30000 116.32000 23.35900 87.64600
28 7 21 13 14 33742.60000 41.61000000 1944.88000 116.40000 23.35900 87.51400
28 7 21 13 14 33704.20000 41.61000000 1942.93000 116.40000 23.35900 87.51400
28 7 21 13 15 33748.00000 41.61000000 1942.93000 116.33000 23.35900 87.51400
28 7 21 13 15 33750.00000 41.61000000 1946.05000 116.54000 23.35900 87.51400
28 7 21 13 16 33784.10000 41.61000000 1946.89000 116.57000 23.35900 87.51400
28 7 21 13 16 33801.50000 41.72600000 1946.56000 116.57000 23.35900 87.51400
28 7 21 13 17 33779.60000 41.72600000 1945.57000 116.64000 23.35900 87.51400
28 7 21 13 17 33783.30000 41.72600000 1944.83000 116.64000 23.35900 87.51400
28 7 21 13 17 33789.00000 41.72600000 1945.30000 116.64000 23.35900 87.51400
28 7 21 13 18 33781.20000 41.72600000 1944.60000 116.68000 23.35900 87.51400
28 7 21 13 18 33765.50000 41.72600000 1944.62000 116.68000 23.35900 87.51400
