M=[
15 8 20 15 18 9999.80000 6.07500000 367.60000 49.08000 18.74600 71.12500
15 8 20 15 18 10005.00000 6.08000000 368.22000 49.30000 18.74600 71.12500
15 8 20 15 19 10011.50000 6.08000000 368.23000 49.33000 18.76100 71.12500
15 8 20 15 19 10008.20000 6.08000000 368.23000 49.34000 18.76100 71.12500
15 8 20 15 20 10005.20000 6.08000000 367.50000 49.34000 18.76100 71.12500
15 8 20 15 20 10009.50000 6.08000000 367.73000 49.35000 18.76100 71.12500
15 8 20 15 21 10013.00000 6.08000000 367.87000 49.38000 18.76100 71.12500
15 8 20 15 21 10012.90000 6.08000000 367.92000 49.46000 18.76100 71.12500
15 8 20 15 22 10014.10000 6.08000000 368.03000 49.54000 18.76100 71.12500
15 8 20 15 22 10014.80000 6.08000000 368.07000 49.57000 18.76100 71.12500
15 8 20 15 23 10016.90000 6.08800000 368.08000 49.71000 18.70900 71.78100
15 8 20 15 23 10015.20000 6.08800000 368.09000 49.61000 18.67700 71.78100
15 8 20 15 23 10011.00000 6.08800000 367.96000 49.61000 18.67700 71.78100
15 8 20 15 24 10014.80000 6.08800000 368.06000 49.57000 18.67700 71.78100
15 8 20 15 24 10012.70000 6.08800000 368.27000 49.58000 18.67700 71.78100
15 8 20 15 25 10010.20000 6.08800000 367.96000 49.58000 18.67700 71.78100
15 8 20 15 25 10009.90000 6.08800000 367.95000 49.48000 18.67700 71.78100
15 8 20 15 26 10010.10000 6.08800000 367.96000 49.63000 18.67700 71.78100
15 8 20 15 26 10010.00000 6.08800000 367.95000 49.57000 18.67700 71.78100
15 8 20 15 27 10009.10000 6.08800000 367.56000 49.57000 18.67700 71.78100
15 8 20 15 27 10011.90000 6.08800000 367.69000 49.55000 18.67700 71.78100
15 8 20 15 28 10011.00000 6.08800000 367.65000 49.55000 18.67700 71.78100
15 8 20 15 28 10026.90000 6.08800000 367.94000 49.73000 18.67700 71.78100
15 8 20 15 29 10026.90000 6.08900000 368.27000 49.69000 18.67700 71.78100
15 8 20 15 29 10027.00000 6.08900000 368.37000 49.76000 18.67700 71.99500
15 8 20 15 29 10026.90000 6.08900000 368.37000 49.80000 18.67700 71.99500
15 8 20 15 30 10027.00000 6.08900000 368.49000 49.79000 18.67700 71.99500
15 8 20 15 30 10027.00000 6.08900000 368.20000 49.79000 18.67700 71.99500
15 8 20 15 31 10026.90000 6.08900000 367.82000 49.77000 18.67700 71.99500
15 8 20 15 31 10026.90000 6.08900000 367.98000 49.77000 18.67700 72.00000
15 8 20 15 32 10027.00000 6.08900000 368.24000 49.79000 18.67700 71.86000
15 8 20 15 32 10027.00000 6.08900000 368.12000 49.83000 18.67700 71.86000
15 8 20 15 33 10027.00000 6.09000000 368.20000 49.81000 18.67700 71.86000
15 8 20 15 33 10029.90000 6.09100000 368.20000 49.89000 18.67700 71.86000
15 8 20 15 34 10030.40000 6.09900000 368.70000 50.00000 18.67700 71.86000
15 8 20 15 34 10040.20000 6.10000000 369.02000 49.99000 18.68600 71.86000
15 8 20 15 35 10042.30000 6.10000000 369.03000 49.95000 18.68600 71.86000
15 8 20 15 35 10043.20000 6.10000000 368.77000 50.00000 18.68600 71.86000
15 8 20 15 36 10045.40000 6.10000000 368.82000 50.00000 18.68600 71.86000
15 8 20 15 37 10045.30000 6.10000000 369.09000 50.04000 18.68600 71.86000
15 8 20 15 37 10047.70000 6.10000000 369.25000 50.08000 18.57600 71.86000
15 8 20 15 38 10054.10000 6.10000000 369.57000 50.10000 18.57600 71.86000
15 8 20 15 38 10049.40000 6.10000000 369.53000 50.07000 18.57600 71.86000
15 8 20 15 38 10046.50000 6.10000000 369.43000 50.10000 18.57600 71.86000
15 8 20 15 39 10049.20000 6.10000000 369.27000 50.13000 18.65100 71.86000
15 8 20 15 40 10047.20000 6.11000000 369.27000 50.09000 18.65100 71.86000
15 8 20 15 40 10046.50000 6.11000000 369.49000 50.09000 18.65100 71.86000
15 8 20 15 41 10045.80000 6.12000000 369.59000 50.15000 18.65100 71.86000
15 8 20 15 41 10048.80000 6.12000000 369.59000 50.14000 18.65100 71.86000
15 8 20 15 41 10049.50000 6.12000000 369.75000 50.19000 18.65100 71.86000
15 8 20 15 42 10054.00000 6.12000000 370.00000 50.20000 18.65100 72.35000
15 8 20 15 42 10054.10000 6.12000000 369.99000 50.23000 18.65100 72.39900
15 8 20 15 43 10054.00000 6.12000000 370.32000 50.34000 18.65100 72.55100
15 8 20 15 43 10055.00000 6.12000000 369.63000 50.08000 18.65100 72.55100
15 8 20 15 44 10051.00000 6.12000000 369.68000 50.05000 18.65100 72.55100
15 8 20 15 45 10048.90000 6.12000000 369.28000 49.94000 18.65100 72.55100
15 8 20 15 45 10045.20000 6.12000000 369.21000 50.03000 18.65100 72.55100
15 8 20 15 46 10045.20000 6.12000000 369.27000 49.98000 18.65100 72.55100
15 8 20 15 46 10044.20000 6.11400000 369.28000 49.96000 18.65100 72.55100
15 8 20 15 47 10045.80000 6.11400000 369.28000 49.96000 18.65100 72.55100
15 8 20 15 47 10046.00000 6.11400000 369.24000 49.96000 18.65100 72.55100
15 8 20 15 48 10050.20000 6.11400000 369.28000 50.09000 18.65100 72.54400
15 8 20 15 48 10052.40000 6.11400000 369.28000 50.10000 18.65100 72.54400
15 8 20 15 49 10055.00000 6.11400000 369.61000 50.18000 18.65100 72.54400
15 8 20 15 49 10055.00000 6.11400000 369.93000 50.17000 18.65100 72.54400
15 8 20 15 50 10053.40000 6.11400000 370.04000 50.17000 18.65100 72.54400
15 8 20 15 50 10052.70000 6.11400000 369.95000 50.24000 18.65100 72.54400
15 8 20 15 51 10052.70000 6.11400000 369.93000 50.21000 18.65100 72.54400
15 8 20 15 51 10052.50000 6.11200000 369.74000 50.21000 18.65100 72.54400
15 8 20 15 52 10050.10000 6.11200000 369.56000 50.19000 18.65100 72.54400
15 8 20 15 52 10046.00000 6.11200000 369.63000 50.19000 18.65100 72.22900
15 8 20 15 53 10044.30000 6.11200000 369.63000 50.18000 18.65100 72.22900
15 8 20 15 53 10040.40000 6.11200000 369.48000 50.20000 18.65100 72.22900
15 8 20 15 54 10040.40000 6.11200000 369.64000 50.20000 18.63300 72.23400
15 8 20 15 54 10044.30000 6.11200000 369.53000 50.23000 18.63300 72.23400
15 8 20 15 54 10046.30000 6.11200000 369.52000 50.31000 18.63300 72.23400
15 8 20 15 55 10048.80000 6.11200000 369.97000 50.34000 18.70000 72.23400
15 8 20 15 56 10048.70000 6.12000000 370.00000 50.33000 18.70000 72.23400
15 8 20 15 56 10045.80000 6.14000000 369.58000 50.39000 18.70000 72.23400
15 8 20 15 57 10045.80000 6.14000000 369.58000 50.38000 18.70000 72.23400
15 8 20 15 57 10045.80000 6.11900000 369.80000 50.42000 18.70000 72.23400
15 8 20 15 57 10045.80000 6.13700000 370.02000 50.46000 18.70000 72.23400
15 8 20 15 58 10046.00000 6.13700000 369.82000 50.45000 18.68000 72.23400
15 8 20 15 58 10040.40000 6.13500000 369.64000 50.49000 18.68000 72.23400
15 8 20 15 59 10030.70000 6.13500000 368.99000 50.43000 18.68000 72.23400
15 8 20 16 00 10032.70000 6.13500000 368.89000 50.35000 18.68000 72.23400
15 8 20 16 00 10039.00000 6.13500000 369.64000 50.33000 18.68000 72.23400
15 8 20 16 01 10039.00000 6.13500000 369.64000 50.33000 18.68000 72.23400
15 8 20 16 01 10039.00000 6.13500000 369.64000 50.33000 18.68000 72.23400
15 8 20 16 01 10043.50000 6.13500000 369.64000 50.45000 18.68000 72.23400
15 8 20 16 02 10043.50000 6.13500000 369.64000 50.60000 18.68000 72.23400
15 8 20 16 02 10045.80000 6.13500000 369.64000 50.49000 18.68000 72.23400
15 8 20 16 03 10046.60000 6.13900000 370.71000 50.60000 18.76300 72.50400
15 8 20 16 03 10051.80000 6.13900000 370.75000 50.60000 18.76300 72.50400
15 8 20 16 04 10052.30000 6.13900000 370.75000 50.67000 18.76300 72.50400
15 8 20 16 04 10056.00000 6.13900000 370.27000 50.52000 18.76300 72.50400
15 8 20 16 05 10060.00000 6.14000000 371.05000 50.68000 18.64800 72.50400
15 8 20 16 05 10060.00000 6.14000000 371.42000 50.63000 18.69600 72.50400
15 8 20 16 05 10060.40000 6.14000000 371.54000 50.68000 18.79900 72.50400
15 8 20 16 06 10063.80000 6.15000000 371.33000 50.55000 18.79900 72.50400
15 8 20 16 06 10061.80000 6.15000000 371.12000 50.55000 18.79900 72.50400
15 8 20 16 07 10061.70000 6.15000000 371.43000 50.61000 18.79900 72.50400
15 8 20 16 07 10061.70000 6.15000000 371.36000 50.61000 18.79900 72.50400
15 8 20 16 08 10065.90000 6.14600000 370.87000 50.56000 18.79900 72.29600
15 8 20 16 09 10065.40000 6.14600000 370.71000 50.56000 18.79900 72.29600
15 8 20 16 09 10056.10000 6.14600000 370.19000 50.47000 18.79900 72.08800
15 8 20 16 10 10046.20000 6.13500000 369.74000 50.41000 18.65300 72.08800
15 8 20 16 10 10049.80000 6.13500000 370.03000 50.40000 18.65300 71.92200
