M=[
31 12 20 20 54 23785.00000 4.62700000 607.00000 101.60000 13.74200 51.49100
31 12 20 20 54 23776.80000 4.62700000 607.08000 101.59000 13.74200 51.49100
31 12 20 20 55 23767.00000 4.62700000 607.20000 101.59000 13.74200 51.49100
31 12 20 20 55 23787.70000 4.62700000 607.28000 101.59000 13.74200 51.49100
31 12 20 20 56 23790.00000 4.62700000 607.48000 101.55000 13.74200 51.49100
31 12 20 20 56 23800.00000 4.62700000 607.47000 101.55000 13.74200 51.49100
31 12 20 20 56 23800.00000 4.62700000 607.47000 101.62000 13.74200 51.49100
31 12 20 20 57 23800.00000 4.62000000 607.47000 101.62000 13.74200 51.49100
31 12 20 20 57 23799.90000 4.62000000 607.48000 101.62000 13.74200 51.49100
31 12 20 20 58 23799.90000 4.62000000 607.48000 101.62000 13.74200 51.49100
31 12 20 20 58 23800.00000 4.62000000 607.51000 101.62000 13.74200 51.49100
31 12 20 20 59 23799.90000 4.62000000 608.00000 101.62000 13.74200 51.49100
31 12 20 20 59 23799.90000 4.62000000 608.49000 101.62000 13.74200 51.49100
31 12 20 20 59 23820.00000 4.62000000 608.68000 101.68000 13.74200 51.49100
31 12 20 21 00 23820.00000 4.62000000 608.99000 101.74000 13.74200 51.49100
31 12 20 21 00 23820.00000 4.62000000 608.99000 101.83000 13.74200 51.49100
31 12 20 21 01 23820.00000 4.62000000 608.99000 101.89000 13.74200 51.49100
31 12 20 21 01 23794.10000 4.62000000 608.99000 101.81000 13.74200 51.49100
31 12 20 21 02 23773.30000 4.62000000 608.99000 101.81000 13.74200 51.49100
31 12 20 21 02 23761.10000 4.62000000 608.37000 101.82000 13.74200 51.46500
31 12 20 21 02 23728.60000 4.62000000 608.37000 101.82000 13.70100 51.42400
31 12 20 21 03 23724.50000 4.62000000 608.37000 101.82000 13.70100 51.42400
31 12 20 21 03 23734.10000 4.62000000 608.37000 101.70000 13.70100 51.42400
31 12 20 21 04 23720.30000 4.62000000 608.18000 101.65000 13.70100 51.47600
31 12 20 21 04 23727.70000 4.62000000 608.18000 101.65000 13.70100 51.47600
31 12 20 21 05 23720.10000 4.62000000 607.63000 101.65000 13.70100 51.47600
31 12 20 21 05 23710.00000 4.62000000 606.43000 101.61000 13.70100 51.47600
31 12 20 21 05 23676.90000 4.62000000 606.12000 101.44000 13.70100 51.47600
31 12 20 21 06 23684.30000 4.62000000 606.12000 101.44000 13.70100 51.47600
31 12 20 21 06 23693.00000 4.62000000 606.22000 101.42000 13.70100 51.47600
31 12 20 21 07 23693.50000 4.62000000 606.32000 101.47000 13.70100 51.47600
31 12 20 21 07 23693.50000 4.62000000 606.32000 101.47000 13.70100 51.47600
31 12 20 21 08 23705.30000 4.62000000 606.84000 101.47000 13.70100 51.47600
31 12 20 21 08 23691.80000 4.62000000 606.55000 101.47000 13.71000 51.54000
31 12 20 21 08 23705.00000 4.62000000 606.67000 101.47000 13.71000 51.54000
31 12 20 21 09 23698.40000 4.62000000 606.75000 101.50000 13.71000 51.54000
31 12 20 21 09 23702.00000 4.62000000 606.75000 101.52000 13.71000 51.54000
31 12 20 21 10 23705.00000 4.62000000 607.11000 101.52000 13.71000 51.54000
31 12 20 21 10 23725.80000 4.62000000 607.21000 101.65000 13.71000 51.54000
31 12 20 21 11 23732.80000 4.62000000 607.21000 101.65000 13.71000 51.54000
31 12 20 21 11 23737.60000 4.62000000 607.21000 101.65000 13.71000 51.54000
31 12 20 21 11 23746.90000 4.62000000 607.21000 101.65000 13.71000 51.54000
31 12 20 21 12 23752.50000 4.62000000 607.21000 101.65000 13.71000 51.54000
31 12 20 21 12 23735.20000 4.62000000 606.89000 101.65000 13.71000 51.54000
31 12 20 21 13 23744.80000 4.62000000 606.89000 101.65000 13.71000 51.54000
31 12 20 21 13 23751.30000 4.62000000 606.89000 101.76000 13.71000 51.54000
31 12 20 21 14 23750.00000 4.62000000 606.86000 101.76000 13.71000 51.54000
31 12 20 21 14 23749.90000 4.62000000 607.07000 101.76000 13.71000 51.54000
31 12 20 21 14 23757.30000 4.62000000 606.78000 101.81000 13.71000 51.57000
31 12 20 21 15 23760.70000 4.62000000 606.72000 101.81000 13.71000 51.57000
31 12 20 21 15 23758.30000 4.62000000 606.72000 101.86000 13.71000 51.57000
31 12 20 21 16 23758.20000 4.62000000 606.72000 101.86000 13.71000 51.57000
31 12 20 21 16 23769.30000 4.62000000 606.53000 101.86000 13.71000 51.57000
31 12 20 21 17 23768.40000 4.62000000 606.53000 101.86000 13.71000 51.57000
31 12 20 21 17 23773.50000 4.62000000 606.52000 101.86000 13.71000 51.57000
31 12 20 21 18 23780.00000 4.62000000 607.00000 101.86000 13.71000 51.57000
31 12 20 21 18 23780.00000 4.62000000 606.75000 101.86000 13.71000 51.57000
31 12 20 21 18 23779.90000 4.62000000 606.66000 101.86000 13.71000 51.57000
31 12 20 21 19 23794.10000 4.62000000 606.66000 101.85000 13.71000 51.57000
31 12 20 21 19 23819.90000 4.62000000 606.93000 101.85000 13.71000 51.57000
31 12 20 21 20 23819.90000 4.62000000 606.96000 101.85000 13.71000 51.57000
31 12 20 21 20 23819.90000 4.62000000 606.99000 101.85000 13.71000 51.57000
31 12 20 21 21 23800.10000 4.62000000 606.99000 101.85000 13.71000 51.57000
31 12 20 21 21 23808.50000 4.62000000 606.99000 101.85000 13.71000 51.57000
31 12 20 21 21 23812.40000 4.62000000 606.99000 101.84000 13.71000 51.57000
31 12 20 21 22 23800.00000 4.62000000 606.96000 101.84000 13.71000 51.57000
31 12 20 21 22 23774.20000 4.62000000 606.36000 101.87000 13.71000 51.57000
31 12 20 21 23 23788.00000 4.62000000 606.36000 101.74000 13.71000 51.50200
31 12 20 21 23 23799.90000 4.62000000 606.36000 101.74000 13.71000 51.50200
31 12 20 21 23 23800.00000 4.62000000 606.33000 101.74000 13.71000 51.50200
31 12 20 21 24 23799.90000 4.62000000 606.56000 101.78000 13.71000 51.50200
31 12 20 21 24 23799.90000 4.62000000 606.00000 101.78000 13.71000 51.50200
31 12 20 21 25 23799.90000 4.62000000 605.84000 101.70000 13.71000 51.50200
31 12 20 21 25 23800.00000 4.62000000 605.74000 101.70000 13.70000 51.50200
31 12 20 21 26 23800.00000 4.62000000 605.58000 101.64000 13.70000 51.50200
31 12 20 21 26 23800.00000 4.62000000 605.58000 101.64000 13.68000 51.50200
31 12 20 21 27 23799.90000 4.62000000 605.78000 101.64000 13.67600 51.50200
31 12 20 21 27 23807.10000 4.62000000 605.78000 101.54000 13.67500 51.50200
31 12 20 21 27 23807.10000 4.62000000 605.72000 101.54000 13.67500 51.50200
31 12 20 21 28 23812.30000 4.62000000 605.53000 101.54000 13.67500 51.50200
31 12 20 21 28 23812.30000 4.62000000 605.53000 101.54000 13.67500 51.50200
31 12 20 21 29 23812.30000 4.62000000 605.05000 101.54000 13.81400 51.50200
31 12 20 21 29 23812.20000 4.62000000 605.05000 101.54000 13.81400 51.50200
31 12 20 21 30 23812.30000 4.62000000 605.30000 101.41000 13.81400 51.50200
31 12 20 21 30 23812.20000 4.62000000 605.36000 101.43000 13.81400 51.50200
31 12 20 21 30 23812.30000 4.62000000 605.19000 101.43000 13.81400 51.50200
31 12 20 21 31 23827.90000 4.62000000 605.19000 101.43000 13.81400 51.50200
31 12 20 21 31 23848.30000 4.62000000 605.83000 101.43000 13.76000 51.50200
31 12 20 21 32 23849.90000 4.62000000 605.93000 101.51000 13.76000 51.50200
31 12 20 21 32 23834.70000 4.62000000 605.82000 101.51000 13.76000 51.50200
31 12 20 21 33 23844.40000 4.62000000 605.98000 101.51000 13.76000 51.50200
31 12 20 21 33 23848.20000 4.62000000 605.98000 101.51000 13.79000 51.50200
31 12 20 21 33 23849.90000 4.62000000 605.98000 101.51000 13.79000 51.50200
31 12 20 21 34 23853.30000 4.62000000 605.52000 101.51000 13.79000 51.50200
31 12 20 21 34 23859.90000 4.62000000 605.94000 101.51000 13.68000 51.50200
31 12 20 21 35 23853.90000 4.62000000 605.46000 101.51000 13.68000 51.50200
31 12 20 21 35 23848.40000 4.62000000 605.56000 101.51000 13.68000 51.50200
31 12 20 21 36 23845.00000 4.62000000 605.56000 101.51000 13.68000 51.50200
31 12 20 21 36 23812.00000 4.62000000 605.67000 101.56000 13.67500 51.50200
31 12 20 21 36 23819.60000 4.60000000 605.19000 101.56000 13.67500 51.50200
31 12 20 21 37 23810.00000 4.59400000 605.00000 101.56000 13.67500 51.50200
31 12 20 21 37 23810.10000 4.59400000 605.00000 101.44000 13.67500 51.50200
31 12 20 21 38 23810.00000 4.59400000 605.04000 101.47000 13.60000 51.41000
31 12 20 21 38 23808.10000 4.59400000 604.51000 101.49000 13.63500 51.41000
31 12 20 21 39 23788.10000 4.59400000 604.53000 101.53000 13.60000 51.41000
