M=[
10 1 21 16 41 31812.80000 7.06100000 1054.15000 139.33000 16.91400 74.75400
10 1 21 16 41 31800.00000 7.05700000 1053.21000 139.41000 16.93100 74.75600
10 1 21 16 42 31807.70000 7.05700000 1051.82000 139.15000 16.93100 74.57800
10 1 21 16 42 31800.10000 7.00200000 1050.00000 139.01000 16.93100 74.57800
10 1 21 16 42 31801.70000 7.00200000 1050.76000 139.20000 16.93900 74.50000
10 1 21 16 43 31775.10000 7.04200000 1050.54000 139.42000 16.93900 74.17100
10 1 21 16 43 31775.10000 6.99400000 1051.00000 139.42000 16.93900 74.17100
10 1 21 16 44 31809.90000 6.99400000 1051.00000 139.41000 16.92000 74.17100
10 1 21 16 44 31875.40000 6.99400000 1055.74000 139.64000 16.92000 74.78000
10 1 21 16 45 31886.80000 7.04100000 1057.49000 139.94000 16.92000 74.98200
10 1 21 16 45 31883.50000 7.04100000 1057.14000 139.70000 16.92000 75.06000
10 1 21 16 45 31825.70000 7.04100000 1057.00000 139.44000 16.82800 74.75000
10 1 21 16 46 31790.50000 7.04100000 1054.25000 139.20000 16.82800 74.30000
10 1 21 16 46 31783.20000 7.04100000 1052.10000 138.94000 16.82800 74.16400
10 1 21 16 47 31771.50000 7.03900000 1052.78000 139.37000 16.82800 74.04400
10 1 21 16 47 31780.30000 7.03900000 1052.67000 139.24000 16.82800 74.22200
10 1 21 16 48 31785.10000 6.98700000 1052.26000 139.08000 16.82800 74.00800
10 1 21 16 48 31788.70000 6.98700000 1053.90000 139.10000 16.82800 74.00800
10 1 21 16 48 31788.60000 7.03900000 1053.00000 139.10000 16.82800 74.00800
10 1 21 16 49 31783.30000 7.03900000 1052.09000 139.39000 16.82800 74.18700
10 1 21 16 49 31777.30000 6.98700000 1052.53000 139.31000 16.82800 74.18700
10 1 21 16 50 31799.90000 6.98700000 1053.00000 139.31000 16.82800 74.18700
10 1 21 16 50 31884.70000 7.00300000 1055.07000 139.50000 16.82800 74.18700
10 1 21 16 51 31968.40000 7.03900000 1059.07000 139.50000 16.82800 75.26000
10 1 21 16 51 31934.60000 7.03900000 1059.48000 139.50000 16.82800 75.00000
10 1 21 16 51 31940.30000 7.03900000 1057.18000 139.88000 16.82800 75.35600
10 1 21 16 52 31922.00000 7.03900000 1057.32000 139.95000 16.82800 74.84800
10 1 21 16 52 31918.80000 7.03900000 1056.51000 139.90000 16.82800 74.77900
10 1 21 16 53 31900.20000 7.03900000 1054.20000 139.48000 16.87000 74.44000
10 1 21 16 53 31916.90000 7.03900000 1055.40000 139.48000 16.87000 74.44000
10 1 21 16 54 31900.00000 7.03900000 1053.64000 139.47000 16.87000 74.08100
10 1 21 16 54 31873.50000 7.03900000 1053.27000 139.47000 16.87000 74.08100
10 1 21 16 54 31891.60000 7.03900000 1053.96000 139.47000 16.87000 74.84000
10 1 21 16 55 31900.10000 7.03900000 1053.32000 139.47000 16.87000 74.87400
10 1 21 16 55 31856.10000 7.03900000 1051.42000 139.47000 16.87000 74.56400
10 1 21 16 56 31825.30000 7.03900000 1052.73000 139.38000 16.94000 74.32300
10 1 21 16 56 31809.70000 7.03900000 1052.37000 139.33000 16.94000 74.29100
10 1 21 16 57 31814.50000 7.04000000 1052.22000 139.33000 16.94000 74.26900
10 1 21 16 57 31791.50000 7.04000000 1051.56000 139.33000 16.94000 73.67000
10 1 21 16 57 31792.40000 7.04000000 1051.70000 139.33000 16.94000 73.69700
10 1 21 16 58 31811.20000 7.04000000 1052.26000 139.52000 16.94000 73.72500
10 1 21 16 58 31811.20000 7.04000000 1052.79000 139.53000 16.94000 73.71700
10 1 21 16 59 31790.00000 7.03200000 1051.62000 139.20000 16.94000 73.05000
10 1 21 16 59 31791.20000 7.03200000 1050.83000 139.13000 16.94000 73.05000
10 1 21 17 00 31759.90000 7.00000000 1050.55000 139.18000 16.94000 73.66800
10 1 21 17 00 31793.10000 7.00000000 1052.40000 139.18000 16.94000 73.59100
10 1 21 17 00 31869.90000 6.98700000 1053.64000 139.73000 16.94000 73.92000
10 1 21 17 01 31787.40000 6.98700000 1052.40000 139.45000 16.94000 73.92000
10 1 21 17 01 31766.30000 6.98700000 1050.00000 139.17000 16.94000 73.92000
10 1 21 17 02 31770.40000 6.98700000 1050.16000 139.20000 16.94000 73.14500
10 1 21 17 02 31765.90000 6.98700000 1048.05000 139.18000 16.94000 72.92900
10 1 21 17 03 31765.90000 6.98700000 1048.25000 139.29000 16.94000 72.92900
10 1 21 17 03 31700.00000 6.99800000 1046.64000 138.77000 16.94000 73.02200
10 1 21 17 03 31638.30000 6.99800000 1046.33000 138.87000 16.94000 72.58000
10 1 21 17 04 31686.80000 6.99800000 1047.88000 138.82000 16.94000 72.64600
10 1 21 17 04 31652.70000 6.99700000 1047.00000 138.92000 16.77000 72.17500
10 1 21 17 05 31682.00000 6.97300000 1047.13000 139.04000 16.77000 72.61900
10 1 21 17 05 31678.70000 6.97300000 1048.71000 139.04000 16.73000 72.83600
10 1 21 17 06 31625.10000 6.91900000 1047.01000 138.87000 16.73000 72.16400
10 1 21 17 06 31614.20000 6.99800000 1047.00000 138.80000 16.73000 72.44600
10 1 21 17 06 31610.90000 6.92400000 1047.00000 138.80000 16.73000 72.44600
10 1 21 17 07 31600.00000 6.99800000 1045.63000 138.80000 16.73000 72.44600
10 1 21 17 07 31549.90000 6.91000000 1044.40000 138.58000 16.73000 72.44600
10 1 21 17 08 31514.30000 6.90000000 1042.56000 138.56000 16.68000 72.53500
10 1 21 17 08 31500.10000 6.86300000 1040.76000 138.53000 16.65000 72.14000
10 1 21 17 09 31500.00000 6.86300000 1040.01000 138.56000 16.65000 71.96100
10 1 21 17 09 31584.30000 6.86300000 1043.38000 138.79000 16.65000 72.14200
10 1 21 17 09 31513.00000 6.98800000 1042.27000 138.79000 16.60000 72.26700
10 1 21 17 10 31528.00000 6.98800000 1042.05000 138.69000 16.59000 72.31600
10 1 21 17 10 31536.20000 6.98900000 1042.00000 138.79000 16.56000 72.01700
10 1 21 17 11 31558.70000 6.98700000 1043.49000 138.79000 16.56000 72.36100
10 1 21 17 11 31594.40000 6.98900000 1044.67000 138.79000 16.56000 72.36100
10 1 21 17 12 31597.70000 6.98700000 1044.68000 138.79000 16.56000 72.64400
10 1 21 17 12 31562.30000 6.98800000 1045.46000 138.93000 16.56000 72.65500
10 1 21 17 12 31578.60000 6.98700000 1045.50000 138.85000 16.56000 72.97000
10 1 21 17 13 31545.80000 6.98700000 1045.27000 138.85000 16.49800 72.97000
10 1 21 17 13 31559.00000 6.98700000 1046.43000 138.68000 16.49800 72.91700
10 1 21 17 14 31750.00000 6.98700000 1050.00000 138.87000 16.49800 72.91700
10 1 21 17 14 31700.00000 6.98900000 1045.52000 139.27000 16.49800 72.91700
10 1 21 17 15 31594.90000 6.98900000 1047.71000 138.94000 16.49800 72.91700
10 1 21 17 15 31513.20000 6.91500000 1045.00000 138.87000 16.49800 73.00000
10 1 21 17 15 31501.00000 6.91700000 1042.00000 138.81000 16.49800 73.00000
10 1 21 17 16 31510.00000 6.98200000 1042.30000 138.81000 16.49800 72.87300
10 1 21 17 16 31439.20000 6.98200000 1042.46000 138.79000 16.49800 72.56200
10 1 21 17 17 31406.20000 6.98200000 1040.48000 138.79000 16.49800 72.56200
10 1 21 17 17 31423.30000 6.98200000 1041.16000 138.67000 16.49800 72.56200
10 1 21 17 18 31459.40000 6.98200000 1042.01000 138.94000 16.49800 72.56200
10 1 21 17 18 31432.10000 6.98500000 1040.24000 138.73000 16.49800 72.48400
10 1 21 17 18 31389.70000 6.98500000 1039.42000 138.60000 16.49800 72.48400
10 1 21 17 19 31333.00000 6.87700000 1038.62000 138.34000 16.49800 72.45600
10 1 21 17 19 31429.90000 6.87700000 1040.89000 138.74000 16.49800 72.40100
10 1 21 17 20 31333.10000 6.98100000 1040.87000 138.46000 16.49800 72.29400
10 1 21 17 20 31300.10000 6.98000000 1038.55000 138.00000 16.39100 72.29400
10 1 21 17 21 31300.00000 6.95600000 1037.16000 137.74000 16.39100 72.29400
10 1 21 17 21 31255.10000 6.87600000 1035.77000 137.47000 16.39100 72.29400
10 1 21 17 21 31200.00000 6.85800000 1035.09000 137.30000 16.39100 71.81000
10 1 21 17 22 31243.80000 6.93100000 1035.33000 137.41000 16.39100 71.90400
10 1 21 17 22 31100.10000 6.84400000 1030.03000 136.69000 16.39100 71.61800
10 1 21 17 23 30890.40000 6.77700000 1028.05000 136.63000 16.36300 71.45200
10 1 21 17 23 30799.00000 6.77600000 1025.00000 136.40000 16.28300 70.87100
10 1 21 17 24 30974.60000 6.76000000 1027.82000 136.31000 16.23000 71.66000
10 1 21 17 24 31068.50000 6.76000000 1032.49000 136.98000 16.30700 72.14600
10 1 21 17 24 31134.00000 6.76000000 1036.19000 137.19000 16.30700 72.53700
10 1 21 17 25 31162.10000 6.76000000 1035.89000 137.31000 16.30700 72.53700
10 1 21 17 25 31167.40000 6.96200000 1037.30000 137.38000 16.30700 73.23000
