M=[
 5 11 20 19 08 12666.00000 4.26600000 347.82000 49.47000 12.23900 47.41500
 5 11 20 19 08 12667.80000 4.26500000 347.82000 49.47000 12.23900 47.41500
 5 11 20 19 09 12670.80000 4.26500000 347.82000 49.40000 12.23900 47.41500
 5 11 20 19 09 12674.20000 4.26500000 347.83000 49.43000 12.23900 47.41500
 5 11 20 19 10 12671.50000 4.26500000 347.86000 49.43000 12.23900 47.41500
 5 11 20 19 10 12675.70000 4.26500000 347.86000 49.43000 12.23900 47.41500
 5 11 20 19 10 12685.90000 4.26500000 347.82000 49.43000 12.23900 47.41500
 5 11 20 19 11 12685.30000 4.26500000 347.63000 49.42000 12.23900 47.41500
 5 11 20 19 11 12689.90000 4.26500000 347.70000 49.42000 12.23900 47.41500
 5 11 20 19 12 12683.40000 4.26500000 347.66000 49.42000 12.23900 47.41500
 5 11 20 19 12 12681.20000 4.26500000 347.58000 49.42000 12.23900 47.41500
 5 11 20 19 13 12681.20000 4.26500000 347.58000 49.42000 12.23900 47.41500
 5 11 20 19 13 12680.10000 4.26500000 347.58000 49.40000 12.23900 47.41500
 5 11 20 19 13 12690.00000 4.26500000 347.75000 49.40000 12.23900 47.41500
 5 11 20 19 14 12690.00000 4.26500000 347.69000 49.40000 12.23900 47.41500
 5 11 20 19 14 12686.70000 4.26500000 347.69000 49.40000 12.23900 47.41500
 5 11 20 19 15 12690.00000 4.26500000 347.69000 49.40000 12.23900 47.41500
 5 11 20 19 15 12709.80000 4.26500000 347.69000 49.53000 12.23900 47.34700
 5 11 20 19 16 12725.00000 4.26500000 348.35000 49.53000 12.23100 47.34700
 5 11 20 19 16 12725.10000 4.26500000 348.21000 49.53000 12.23100 47.34700
 5 11 20 19 16 12739.90000 4.26600000 348.46000 49.54000 12.23100 47.34700
 5 11 20 19 17 12739.50000 4.26600000 348.44000 49.54000 12.23100 47.34700
 5 11 20 19 17 12733.20000 4.26600000 348.29000 49.57000 12.23100 47.34700
 5 11 20 19 18 12732.60000 4.26600000 348.35000 49.56000 12.23100 47.42000
 5 11 20 19 18 12730.10000 4.26600000 348.35000 49.56000 12.23100 47.42000
 5 11 20 19 19 12730.00000 4.26600000 348.18000 49.56000 12.23100 47.42000
 5 11 20 19 19 12725.10000 4.26600000 348.19000 49.56000 12.23100 47.42000
 5 11 20 19 19 12725.50000 4.26600000 348.42000 49.56000 12.23100 47.42000
 5 11 20 19 20 12725.10000 4.26600000 348.07000 49.56000 12.23100 47.42000
 5 11 20 19 20 12704.40000 4.26600000 348.11000 49.56000 12.23100 47.42000
 5 11 20 19 21 12714.90000 4.26600000 348.35000 49.56000 12.23100 47.42000
 5 11 20 19 21 12706.20000 4.26600000 348.22000 49.56000 12.23100 47.42000
 5 11 20 19 22 12700.10000 4.26600000 348.00000 49.51000 12.23100 47.42000
 5 11 20 19 22 12704.20000 4.26600000 348.26000 49.52000 12.23100 47.42000
 5 11 20 19 22 12700.10000 4.26600000 348.12000 49.52000 12.23100 47.42000
 5 11 20 19 23 12699.00000 4.26600000 348.30000 49.52000 12.23100 47.42000
 5 11 20 19 23 12700.70000 4.26600000 348.25000 49.52000 12.23100 47.42000
 5 11 20 19 24 12695.20000 4.26600000 348.30000 49.54000 12.23100 47.42000
 5 11 20 19 24 12696.10000 4.26600000 348.20000 49.54000 12.23100 47.42000
 5 11 20 19 25 12692.80000 4.26600000 348.20000 49.54000 12.23100 47.42000
 5 11 20 19 25 12680.10000 4.26600000 348.36000 49.54000 12.23100 47.42000
 5 11 20 19 25 12689.00000 4.26600000 348.34000 49.54000 12.23100 47.42000
 5 11 20 19 26 12680.10000 4.26600000 348.26000 49.54000 12.23100 47.42000
 5 11 20 19 26 12673.60000 4.26600000 348.36000 49.54000 12.23100 47.42000
 5 11 20 19 27 12688.00000 4.26600000 348.45000 49.52000 12.23100 47.42000
 5 11 20 19 27 12690.50000 4.26600000 348.14000 49.49000 12.23100 47.42000
 5 11 20 19 28 12681.50000 4.26600000 348.13000 49.49000 12.23100 47.42000
 5 11 20 19 28 12671.50000 4.26600000 348.02000 49.45000 12.23100 47.42000
 5 11 20 19 28 12670.00000 4.26600000 347.81000 49.45000 12.23100 47.42000
 5 11 20 19 29 12666.20000 4.26600000 347.84000 49.40000 12.23100 47.42000
 5 11 20 19 29 12677.00000 4.26600000 348.02000 49.50000 12.23100 47.42000
 5 11 20 19 30 12675.70000 4.26600000 348.22000 49.50000 12.23100 47.42000
 5 11 20 19 30 12688.40000 4.26600000 348.54000 49.60000 12.23100 47.42000
 5 11 20 19 31 12705.80000 4.26600000 349.11000 49.59000 12.23100 47.42000
 5 11 20 19 31 12704.50000 4.26600000 349.13000 49.59000 12.23100 47.42000
 5 11 20 19 31 12699.50000 4.26600000 349.12000 49.70000 12.23100 47.42000
 5 11 20 19 32 12689.40000 4.26600000 349.12000 49.70000 12.23100 47.60300
 5 11 20 19 32 12698.90000 4.26600000 349.05000 49.70000 12.23100 47.60300
 5 11 20 19 33 12693.20000 4.26600000 349.04000 49.70000 12.23100 47.56800
 5 11 20 19 33 12693.30000 4.26600000 349.05000 49.70000 12.23100 47.56800
 5 11 20 19 34 12690.90000 4.26600000 348.98000 49.64000 12.23100 47.56800
 5 11 20 19 34 12690.90000 4.26600000 348.66000 49.62000 12.23100 47.56800
 5 11 20 19 35 12691.20000 4.26600000 348.67000 49.62000 12.23100 47.56800
 5 11 20 19 35 12699.90000 4.26600000 348.89000 49.63000 12.23100 47.66700
 5 11 20 19 35 12700.00000 4.26600000 349.07000 49.67000 12.23100 47.66700
 5 11 20 19 36 12703.70000 4.26600000 349.01000 49.65000 12.23100 47.66700
 5 11 20 19 36 12699.60000 4.26600000 349.01000 49.64000 12.23100 47.66700
 5 11 20 19 37 12703.20000 4.26600000 349.11000 49.66000 12.23100 47.66700
 5 11 20 19 37 12708.00000 4.26600000 349.12000 49.66000 12.23100 47.66700
 5 11 20 19 38 12709.80000 4.26600000 349.33000 49.66000 12.23100 47.66700
 5 11 20 19 38 12719.90000 4.26600000 349.33000 49.68000 12.23100 47.66700
 5 11 20 19 38 12728.80000 4.26600000 349.32000 49.68000 12.39200 47.66700
 5 11 20 19 39 12731.90000 4.26600000 349.42000 49.68000 12.39200 47.66700
 5 11 20 19 39 12727.30000 4.26600000 349.18000 49.68000 12.39200 47.66700
 5 11 20 19 40 12716.60000 4.26600000 349.18000 49.67000 12.39200 47.66700
 5 11 20 19 40 12720.20000 4.26600000 348.86000 49.67000 12.39200 47.66700
 5 11 20 19 41 12726.30000 4.26600000 349.27000 49.67000 12.39200 47.66700
 5 11 20 19 41 12728.00000 4.26600000 349.27000 49.71000 12.27100 47.66700
 5 11 20 19 41 12728.00000 4.26600000 349.41000 49.69000 12.27100 47.66700
 5 11 20 19 42 12728.00000 4.26600000 349.36000 49.67000 12.27100 47.66700
 5 11 20 19 42 12726.50000 4.26600000 349.25000 49.67000 12.27100 47.66700
 5 11 20 19 43 12726.40000 4.26600000 349.31000 49.67000 12.27100 47.66700
 5 11 20 19 43 12726.70000 4.26600000 349.32000 49.69000 12.27100 47.66700
 5 11 20 19 44 12726.40000 4.26600000 349.32000 49.67000 12.27100 47.66700
 5 11 20 19 44 12726.40000 4.26600000 349.32000 49.67000 12.27100 47.66700
 5 11 20 19 44 12726.30000 4.26600000 349.26000 49.65000 12.27100 47.66700
 5 11 20 19 45 12713.90000 4.26600000 349.04000 49.65000 12.27100 47.66700
 5 11 20 19 45 12719.50000 4.26600000 349.04000 49.69000 12.27100 47.66700
 5 11 20 19 46 12711.70000 4.26600000 349.37000 49.69000 12.27100 47.66700
 5 11 20 19 46 12719.90000 4.26600000 349.34000 49.66000 12.27100 47.66700
 5 11 20 19 47 12740.10000 4.26600000 349.34000 49.65000 12.20300 47.66700
 5 11 20 19 47 12738.80000 4.26600000 349.42000 49.65000 12.20300 47.66700
 5 11 20 19 47 12746.40000 4.26600000 349.42000 49.65000 12.20300 47.66700
 5 11 20 19 48 12748.90000 4.26600000 349.49000 49.70000 12.20300 47.66700
 5 11 20 19 48 12749.80000 4.26600000 349.30000 49.66000 12.29400 47.66700
 5 11 20 19 49 12748.20000 4.26600000 349.25000 49.66000 12.20900 47.66700
 5 11 20 19 49 12750.00000 4.26600000 349.33000 49.66000 12.20900 47.66700
 5 11 20 19 50 12750.00000 4.26600000 349.33000 49.66000 12.20900 47.66700
 5 11 20 19 50 12749.90000 4.26600000 349.33000 49.66000 12.20900 47.66700
 5 11 20 19 50 12750.00000 4.26600000 349.02000 49.64000 12.20900 47.66700
 5 11 20 19 51 12750.00000 4.26600000 349.02000 49.64000 12.20900 47.66700
 5 11 20 19 51 12747.00000 4.26600000 349.02000 49.64000 12.20900 47.66700
 5 11 20 19 52 12742.40000 4.26600000 349.01000 49.62000 12.20900 47.66700
 5 11 20 19 52 12749.30000 4.26600000 349.01000 49.62000 12.20900 47.66700
 5 11 20 19 53 12750.00000 4.26600000 349.00000 49.62000 12.20900 47.66700
 5 11 20 19 53 12750.00000 4.26600000 348.95000 49.63000 12.20900 47.66700
