M=[
21 6 21 23 51 26525.80000 33.02300000 1590.37000 104.78000 15.10800 85.00500
21 6 21 23 51 26526.50000 33.02300000 1588.10000 104.88000 15.00000 85.38200
21 6 21 23 52 26529.90000 33.02300000 1588.85000 104.88000 15.00100 85.38200
21 6 21 23 52 26558.50000 33.02300000 1590.05000 105.09000 15.00100 85.38200
21 6 21 23 52 26467.00000 33.02300000 1584.19000 104.66000 15.00100 85.38200
21 6 21 23 53 26474.80000 33.02300000 1582.47000 104.59000 15.00100 85.05400
21 6 21 23 53 26466.90000 32.95100000 1584.79000 104.48000 15.00100 85.05400
21 6 21 23 54 26480.70000 33.05000000 1585.88000 104.67000 15.00100 85.00000
21 6 21 23 54 26504.20000 33.00000000 1583.18000 104.67000 15.00100 85.00000
21 6 21 23 55 26537.10000 32.97500000 1585.12000 104.67000 15.00100 85.00000
21 6 21 23 55 26506.40000 32.97500000 1584.30000 104.67000 15.00000 85.00000
21 6 21 23 55 26506.40000 32.97700000 1584.29000 104.50000 15.00000 85.00000
21 6 21 23 56 26490.50000 32.97700000 1581.81000 104.50000 15.00000 84.96700
21 6 21 23 56 26483.20000 32.97700000 1581.28000 104.50000 15.00000 84.96700
21 6 21 23 57 26500.10000 32.97700000 1579.57000 104.46000 15.00000 84.96700
21 6 21 23 57 26501.90000 32.82100000 1583.07000 104.46000 15.00000 84.96700
21 6 21 23 58 26527.70000 32.82100000 1583.25000 104.46000 15.00000 84.96700
21 6 21 23 58 26559.10000 32.94900000 1580.91000 104.45000 14.90100 84.96700
21 6 21 23 58 26588.00000 32.94900000 1584.27000 104.45000 14.90100 84.96700
21 6 21 23 59 26598.60000 32.94900000 1587.54000 104.45000 14.87600 84.96700
21 6 21 23 59 26600.50000 32.94900000 1587.54000 104.45000 14.87600 84.96700
22 6 21 00 00 26521.20000 33.07800000 1584.10000 104.42000 14.75100 84.93000
22 6 21 00 00 26633.70000 33.28100000 1587.82000 104.77000 14.75100 85.15100
22 6 21 00 01 26534.30000 33.36200000 1585.45000 104.49000 14.75100 85.15100
22 6 21 00 01 26491.80000 33.30900000 1580.00000 103.74000 14.75100 85.26000
22 6 21 00 01 26462.50000 33.30900000 1576.80000 103.62000 14.75100 84.65500
22 6 21 00 02 26410.20000 32.71200000 1576.58000 103.36000 14.84100 84.38300
22 6 21 00 02 26438.70000 32.93200000 1581.31000 103.79000 14.84100 84.26400
22 6 21 00 03 26410.10000 32.93200000 1577.19000 103.27000 14.84100 84.13600
22 6 21 00 03 26378.50000 32.93200000 1575.78000 103.24000 14.84100 84.04400
22 6 21 00 04 26374.40000 32.93200000 1575.86000 103.39000 14.84100 84.11200
22 6 21 00 04 26472.40000 32.70800000 1582.44000 103.74000 14.84100 84.19800
22 6 21 00 04 26460.90000 32.69600000 1585.69000 103.63000 14.84100 84.24800
22 6 21 00 05 26411.00000 32.70600000 1579.91000 103.31000 14.84100 84.24800
22 6 21 00 05 26619.50000 32.70600000 1591.99000 104.06000 14.84100 84.17200
22 6 21 00 06 26720.40000 33.00200000 1597.79000 104.37000 14.84100 84.17200
22 6 21 00 06 26719.90000 33.00200000 1595.76000 104.51000 14.84100 84.17200
22 6 21 00 07 26708.40000 33.28000000 1594.94000 104.41000 14.84100 84.17200
22 6 21 00 07 26605.50000 33.28000000 1592.68000 104.16000 14.84100 84.17200
22 6 21 00 07 26592.30000 33.28000000 1588.50000 104.08000 14.84100 84.17200
22 6 21 00 08 26526.30000 32.93800000 1584.29000 103.63000 14.75000 84.17200
22 6 21 00 08 26489.50000 32.84600000 1582.56000 103.45000 14.68700 84.17200
22 6 21 00 09 26484.30000 32.69800000 1579.30000 103.45000 14.68700 84.17200
22 6 21 00 09 26432.60000 32.65400000 1577.25000 103.00000 14.68700 84.17200
22 6 21 00 10 26427.60000 32.64000000 1576.69000 103.16000 14.68700 84.17200
22 6 21 00 10 26437.10000 32.64000000 1577.95000 102.94000 14.68700 84.17200
22 6 21 00 10 26491.90000 32.64000000 1576.39000 103.09000 14.68700 84.17200
22 6 21 00 11 26484.60000 32.73700000 1579.38000 103.43000 14.68700 84.85700
22 6 21 00 11 26508.90000 32.80800000 1580.44000 103.48000 14.68700 84.85700
22 6 21 00 12 26446.80000 32.62800000 1575.24000 103.03000 14.68700 84.85700
22 6 21 00 12 26416.30000 32.62800000 1574.39000 102.75000 14.70400 84.85700
22 6 21 00 13 26378.90000 32.38300000 1574.42000 103.03000 14.70400 84.85700
22 6 21 00 13 26378.50000 32.26800000 1574.62000 102.52000 14.70600 84.85700
22 6 21 00 13 26410.10000 32.22200000 1575.23000 102.52000 14.70600 84.42700
22 6 21 00 14 26430.50000 32.30200000 1577.28000 102.52000 14.70600 84.53000
22 6 21 00 14 26378.40000 32.23800000 1575.00000 102.17000 14.70600 84.55700
22 6 21 00 15 26367.10000 32.02300000 1572.30000 102.00000 14.70600 84.55700
22 6 21 00 15 26359.30000 32.00000000 1570.64000 101.77000 14.70600 84.18500
22 6 21 00 16 26337.20000 31.92000000 1569.82000 101.72000 14.67000 84.17900
22 6 21 00 16 26346.10000 31.97200000 1570.69000 101.86000 14.67000 84.17900
22 6 21 00 16 26315.20000 31.71100000 1566.84000 101.64000 14.67000 83.82000
22 6 21 00 17 26283.80000 31.71100000 1568.41000 101.51000 14.67000 83.98500
22 6 21 00 17 26282.90000 31.44200000 1566.01000 101.25000 14.65500 83.54000
22 6 21 00 18 26282.10000 31.49000000 1568.90000 101.37000 14.75400 83.54000
22 6 21 00 18 26322.90000 31.57500000 1571.62000 101.55000 14.75400 83.77700
22 6 21 00 19 26375.60000 31.72300000 1574.63000 101.85000 14.75400 84.07700
22 6 21 00 19 26279.50000 31.75900000 1571.95000 101.85000 14.65500 84.07700
22 6 21 00 19 26245.10000 31.43400000 1568.18000 101.72000 14.65500 84.07700
22 6 21 00 20 26217.10000 31.43400000 1567.28000 101.16000 14.65500 84.07700
22 6 21 00 20 26307.10000 31.46600000 1574.46000 101.52000 14.65500 83.57200
22 6 21 00 21 26305.80000 31.46600000 1572.39000 101.44000 14.65500 83.86000
22 6 21 00 21 26284.70000 31.46600000 1571.33000 101.52000 14.65500 83.86000
22 6 21 00 22 26268.80000 31.46600000 1573.15000 101.53000 14.65500 83.86000
22 6 21 00 22 26269.80000 31.24400000 1572.11000 101.36000 14.65500 83.86000
22 6 21 00 22 26230.10000 31.00000000 1568.12000 101.00000 14.65500 83.38000
22 6 21 00 23 26239.70000 31.00100000 1568.00000 100.92000 14.65500 83.34100
22 6 21 00 23 26202.10000 30.85900000 1561.97000 100.85000 14.65500 83.19600
22 6 21 00 24 26189.30000 30.74500000 1561.45000 100.88000 14.65500 83.19600
22 6 21 00 24 26192.30000 30.80400000 1563.29000 100.98000 14.65500 83.11200
22 6 21 00 25 26231.50000 30.87500000 1564.45000 101.00000 14.65500 83.17300
22 6 21 00 25 26248.90000 30.92500000 1566.09000 101.01000 14.65500 83.25300
22 6 21 00 25 26222.90000 30.92500000 1563.74000 100.75000 14.65500 83.18400
22 6 21 00 26 26260.80000 30.92500000 1564.41000 101.10000 14.65500 83.22700
22 6 21 00 26 26286.90000 31.19000000 1565.74000 101.20000 14.65500 83.35800
22 6 21 00 27 26242.30000 31.19000000 1565.43000 101.04000 14.65500 83.35800
22 6 21 00 27 26323.80000 31.19000000 1567.59000 101.49000 14.65500 83.35800
22 6 21 00 28 26368.50000 31.19000000 1571.94000 101.51000 14.65500 83.35800
22 6 21 00 28 26442.60000 31.55100000 1579.30000 101.51000 14.66700 83.35800
22 6 21 00 28 26414.20000 31.55100000 1579.46000 101.91000 14.66700 83.35800
22 6 21 00 29 26359.30000 31.48400000 1575.93000 101.38000 14.66700 83.91000
22 6 21 00 29 26328.60000 31.36500000 1573.81000 101.27000 14.66700 83.91000
22 6 21 00 30 26321.90000 31.32300000 1577.50000 101.27000 14.66700 83.91000
22 6 21 00 30 26336.80000 31.35900000 1580.00000 101.99000 14.66700 83.72800
22 6 21 00 31 26427.60000 31.35900000 1581.78000 102.24000 14.66700 83.72800
22 6 21 00 31 26432.70000 31.35900000 1585.34000 102.38000 14.66700 84.53200
22 6 21 00 31 26444.00000 31.35900000 1584.81000 102.41000 14.66700 84.53200
22 6 21 00 32 26426.20000 31.35900000 1584.11000 102.44000 14.66700 84.53200
22 6 21 00 32 26434.20000 31.35900000 1584.20000 102.47000 14.66700 84.53200
22 6 21 00 33 26440.00000 31.35900000 1584.69000 102.79000 14.66700 84.53200
22 6 21 00 33 26444.20000 31.35900000 1583.65000 102.79000 14.66700 84.53200
22 6 21 00 34 26494.50000 31.35900000 1587.25000 102.86000 14.66700 84.53200
22 6 21 00 34 26485.10000 31.66100000 1589.61000 102.96000 14.66700 84.53200
22 6 21 00 34 26482.60000 31.66100000 1591.74000 103.22000 14.66700 84.53200
