M=[
 3 8 20 17 58 9732.40000 6.25200000 337.05000 50.84000 17.50000 71.82100
 3 8 20 17 58 9732.50000 6.25200000 336.98000 50.84000 17.50000 71.82100
 3 8 20 17 58 9732.50000 6.25200000 337.16000 50.89000 17.50000 71.82100
 3 8 20 17 59 9737.00000 6.25200000 337.12000 50.89000 17.50000 71.82100
 3 8 20 18 00 9734.80000 6.25200000 337.10000 50.89000 17.50000 71.82100
 3 8 20 18 00 9742.00000 6.25200000 337.56000 50.89000 17.50000 71.82100
 3 8 20 18 00 9744.10000 6.26100000 337.13000 50.89000 17.50000 71.82100
 3 8 20 18 01 9742.10000 6.26100000 337.15000 50.81000 17.50000 71.82100
 3 8 20 18 01 9742.00000 6.26100000 337.10000 50.81000 17.50000 71.82100
 3 8 20 18 02 9742.00000 6.26100000 336.79000 50.81000 17.50000 71.82100
 3 8 20 18 02 9742.00000 6.25800000 336.78000 50.81000 17.50000 71.82100
 3 8 20 18 03 9742.10000 6.25800000 336.71000 50.90000 17.50000 71.82100
 3 8 20 18 03 9736.90000 6.25800000 336.59000 50.90000 17.50000 71.71000
 3 8 20 18 04 9730.00000 6.25800000 336.57000 50.90000 17.50000 71.71000
 3 8 20 18 04 9730.00000 6.25800000 336.45000 50.90000 17.50000 71.71000
 3 8 20 18 05 9727.80000 6.25800000 336.34000 50.84000 17.50000 71.71000
 3 8 20 18 05 9729.70000 6.25800000 336.29000 50.73000 17.50000 71.71000
 3 8 20 18 06 9724.60000 6.25800000 336.09000 50.73000 17.50000 71.71000
 3 8 20 18 06 9719.90000 6.25800000 335.67000 50.73000 17.50000 71.71000
 3 8 20 18 07 9721.70000 6.25800000 335.64000 50.73000 17.50000 71.71000
 3 8 20 18 07 9719.00000 6.25800000 335.79000 50.73000 17.50000 71.70900
 3 8 20 18 08 9722.40000 6.25800000 335.69000 50.75000 17.50000 71.70900
 3 8 20 18 08 9722.30000 6.25800000 335.69000 50.75000 17.50000 71.70900
 3 8 20 18 09 9724.90000 6.25800000 335.80000 50.75000 17.50000 71.70900
 3 8 20 18 09 9721.90000 6.25800000 335.79000 50.75000 17.50000 71.70900
 3 8 20 18 10 9721.90000 6.23100000 335.79000 50.75000 17.50000 71.70900
 3 8 20 18 10 9720.00000 6.23100000 335.73000 50.75000 17.50000 71.70900
 3 8 20 18 11 9718.90000 6.23100000 335.60000 50.75000 17.50000 71.70900
 3 8 20 18 11 9718.70000 6.23100000 335.52000 50.73000 17.50000 71.70900
 3 8 20 18 12 9718.80000 6.23100000 335.55000 50.73000 17.52400 71.70900
 3 8 20 18 12 9707.00000 6.23100000 335.02000 50.67000 17.52400 71.70900
 3 8 20 18 13 9705.10000 6.23100000 335.19000 50.67000 17.52400 71.70900
 3 8 20 18 13 9704.00000 6.23100000 335.19000 50.67000 17.52400 71.70900
 3 8 20 18 14 9705.90000 6.23100000 335.21000 50.57000 17.52400 71.70900
 3 8 20 18 14 9706.20000 6.23100000 335.14000 50.63000 17.52400 71.70900
 3 8 20 18 15 9707.90000 6.23100000 335.32000 50.64000 17.52400 71.70900
 3 8 20 18 15 9707.90000 6.23100000 335.62000 50.65000 17.52400 71.70900
 3 8 20 18 16 9709.50000 6.22500000 335.77000 50.65000 17.52400 71.70900
 3 8 20 18 16 9708.90000 6.22500000 335.30000 50.65000 17.52400 71.70900
 3 8 20 18 17 9707.80000 6.22500000 335.10000 50.65000 17.52400 71.70900
 3 8 20 18 17 9708.80000 6.22500000 335.07000 50.65000 17.52400 71.46000
 3 8 20 18 18 9709.40000 6.22500000 335.07000 50.65000 17.52400 71.46000
 3 8 20 18 18 9714.30000 6.22500000 335.66000 50.65000 17.52400 71.46000
 3 8 20 18 18 9713.00000 6.22500000 335.63000 50.65000 17.52400 71.46000
 3 8 20 18 19 9715.50000 6.22500000 335.66000 50.65000 17.52400 71.46000
 3 8 20 18 19 9717.90000 6.23000000 335.79000 50.65000 17.52400 71.46000
 3 8 20 18 20 9718.40000 6.23000000 336.42000 50.68000 17.52400 71.46000
 3 8 20 18 20 9719.90000 6.23000000 336.42000 50.68000 17.52400 71.46000
 3 8 20 18 21 9720.00000 6.23000000 336.21000 50.68000 17.52400 71.46000
 3 8 20 18 21 9720.00000 6.23000000 336.52000 50.68000 17.52400 71.46000
 3 8 20 18 22 9720.00000 6.23000000 336.52000 50.65000 17.52400 71.39000
 3 8 20 18 22 9720.00000 6.23000000 336.52000 50.65000 17.52400 71.39000
 3 8 20 18 23 9719.90000 6.23000000 336.52000 50.65000 17.52400 71.39000
 3 8 20 18 23 9719.90000 6.23000000 336.36000 50.71000 17.52400 71.39000
 3 8 20 18 24 9715.20000 6.23000000 335.80000 50.71000 17.52400 71.39000
 3 8 20 18 24 9715.50000 6.23000000 335.44000 50.71000 17.52400 71.39000
 3 8 20 18 24 9713.40000 6.23000000 335.59000 50.71000 17.57500 71.48300
 3 8 20 18 25 9713.10000 6.23000000 335.80000 50.71000 17.57500 71.48300
 3 8 20 18 25 9713.10000 6.23000000 335.69000 50.65000 17.57500 71.48300
 3 8 20 18 26 9713.80000 6.23000000 336.04000 50.72000 17.57500 71.48300
 3 8 20 18 26 9707.30000 6.23000000 335.70000 50.63000 17.57500 71.48300
 3 8 20 18 27 9704.50000 6.23000000 335.98000 50.63000 17.57500 71.48300
 3 8 20 18 27 9704.10000 6.23000000 335.87000 50.63000 17.57500 71.48300
 3 8 20 18 28 9704.00000 6.23000000 335.84000 50.63000 17.57500 71.48300
 3 8 20 18 28 9704.10000 6.23000000 336.16000 50.63000 17.57500 71.48300
 3 8 20 18 29 9704.10000 6.25000000 336.25000 50.63000 17.57500 71.48300
 3 8 20 18 29 9704.00000 6.25000000 336.25000 50.68000 17.57500 71.48300
 3 8 20 18 30 9713.50000 6.25000000 337.06000 50.68000 17.59300 71.48300
 3 8 20 18 30 9715.20000 6.25000000 337.05000 50.71000 17.59300 71.44800
 3 8 20 18 31 9715.90000 6.25000000 336.79000 50.71000 17.59300 71.44800
 3 8 20 18 31 9711.70000 6.25000000 336.79000 50.71000 17.59300 71.44800
 3 8 20 18 32 9714.40000 6.25000000 336.78000 50.71000 17.59300 71.44800
 3 8 20 18 32 9714.40000 6.25000000 336.61000 50.71000 17.59300 71.44800
 3 8 20 18 33 9714.00000 6.25000000 336.61000 50.69000 17.59300 71.44800
 3 8 20 18 33 9714.00000 6.24700000 336.72000 50.69000 17.59300 71.44800
 3 8 20 18 34 9713.90000 6.24700000 336.82000 50.68000 17.53500 71.44800
 3 8 20 18 34 9715.60000 6.24700000 336.63000 50.68000 17.53500 71.44800
 3 8 20 18 35 9712.90000 6.24700000 336.57000 50.69000 17.53500 71.44800
 3 8 20 18 35 9711.10000 6.24700000 336.56000 50.69000 17.53500 71.44800
 3 8 20 18 36 9708.60000 6.24700000 336.54000 50.69000 17.53500 71.44800
 3 8 20 18 36 9707.30000 6.24000000 336.54000 50.69000 17.53500 71.44800
 3 8 20 18 37 9704.10000 6.24000000 336.51000 50.69000 17.53500 71.39000
 3 8 20 18 37 9704.10000 6.24000000 336.32000 50.65000 17.53500 71.39000
 3 8 20 18 38 9703.80000 6.24000000 336.50000 50.67000 17.53500 71.39000
 3 8 20 18 38 9703.80000 6.24000000 336.33000 50.67000 17.53500 71.39000
 3 8 20 18 39 9700.30000 6.24000000 336.33000 50.67000 17.53500 71.39000
 3 8 20 18 39 9701.90000 6.24000000 336.60000 50.60000 17.53500 71.39000
 3 8 20 18 39 9702.00000 6.24000000 336.64000 50.60000 17.53500 71.39000
 3 8 20 18 40 9701.90000 6.24000000 336.64000 50.67000 17.53500 71.39000
 3 8 20 18 40 9701.90000 6.24000000 336.83000 50.67000 17.53500 71.39000
 3 8 20 18 41 9703.80000 6.24000000 336.87000 50.72000 17.53500 71.39000
 3 8 20 18 41 9709.40000 6.24000000 336.86000 50.72000 17.53500 71.39000
 3 8 20 18 42 9710.90000 6.24000000 336.78000 50.71000 17.53500 71.39000
 3 8 20 18 42 9712.60000 6.24000000 336.79000 50.72000 17.53500 71.39000
 3 8 20 18 43 9710.00000 6.24000000 336.78000 50.68000 17.53500 71.39000
 3 8 20 18 43 9711.30000 6.24000000 336.79000 50.71000 17.53500 71.39000
 3 8 20 18 44 9711.30000 6.24000000 336.99000 50.71000 17.53500 71.39000
 3 8 20 18 44 9717.90000 6.22900000 336.98000 50.71000 17.53500 71.39000
 3 8 20 18 45 9719.70000 6.22900000 337.19000 50.76000 17.53500 71.39000
 3 8 20 18 45 9720.00000 6.22900000 337.19000 50.76000 17.53500 71.39000
 3 8 20 18 46 9719.90000 6.22900000 337.50000 50.82000 17.53500 71.39000
 3 8 20 18 46 9724.80000 6.25000000 337.50000 50.82000 17.53500 71.39000
 3 8 20 18 47 9725.00000 6.25000000 337.34000 50.78000 17.53500 71.39000
 3 8 20 18 47 9725.00000 6.25000000 337.49000 50.78000 17.53500 71.39000
 3 8 20 18 48 9724.90000 6.25000000 337.49000 50.75000 17.53500 71.39000
 3 8 20 18 48 9725.00000 6.25000000 337.50000 50.75000 17.53500 71.39000
 3 8 20 18 48 9725.00000 6.25000000 337.50000 50.75000 17.53500 71.45500
 3 8 20 18 49 9724.90000 6.21900000 337.23000 50.75000 17.53500 71.45500
 3 8 20 18 49 9725.00000 6.23800000 336.85000 50.75000 17.53500 71.45500
