M=[
16 10 20 07 36 9704.60000 4.78600000 316.78000 40.32000 11.52000 54.87000
16 10 20 07 37 9705.00000 4.78600000 316.80000 40.32000 11.52000 54.87000
16 10 20 07 37 9704.90000 4.78600000 316.81000 40.32000 11.52000 54.87000
16 10 20 07 37 9704.90000 4.78600000 316.81000 40.32000 11.52000 54.87000
16 10 20 07 38 9704.90000 4.78600000 316.81000 40.36000 11.52000 54.87000
16 10 20 07 38 9705.00000 4.78600000 316.81000 40.36000 11.52000 54.87000
16 10 20 07 39 9704.90000 4.78600000 316.81000 40.36000 11.52000 54.87000
16 10 20 07 39 9705.00000 4.78600000 316.81000 40.33000 11.52000 54.87000
16 10 20 07 40 9705.00000 4.78600000 316.81000 40.33000 11.52000 54.87000
16 10 20 07 40 9705.00000 4.78600000 316.81000 40.33000 11.52000 54.87000
16 10 20 07 40 9705.00000 4.78600000 316.85000 40.33000 11.52000 54.87000
16 10 20 07 41 9705.00000 4.78600000 316.71000 40.37000 11.52000 54.87000
16 10 20 07 41 9705.00000 4.78600000 316.68000 40.35000 11.52000 54.87000
16 10 20 07 42 9702.80000 4.78600000 316.68000 40.33000 11.52000 54.87000
16 10 20 07 42 9702.60000 4.78600000 316.65000 40.31000 11.52000 54.87000
16 10 20 07 43 9702.60000 4.78600000 316.52000 40.31000 11.52000 54.87000
16 10 20 07 43 9700.40000 4.73400000 316.52000 40.31000 11.52000 54.87000
16 10 20 07 43 9699.10000 4.73400000 316.44000 40.31000 11.52000 54.87000
16 10 20 07 44 9696.20000 4.73400000 316.44000 40.31000 11.52000 54.89100
16 10 20 07 44 9695.20000 4.73400000 316.44000 40.31000 11.52000 54.89100
16 10 20 07 45 9695.00000 4.73400000 316.44000 40.31000 11.52000 54.89100
16 10 20 07 45 9688.90000 4.73400000 316.17000 40.27000 11.52000 54.89100
16 10 20 07 46 9688.90000 4.73400000 316.17000 40.29000 11.52000 54.89100
16 10 20 07 46 9685.10000 4.73400000 316.17000 40.29000 11.52000 54.89100
16 10 20 07 46 9685.20000 4.73400000 316.17000 40.29000 11.52000 54.89100
16 10 20 07 47 9684.70000 4.73400000 316.19000 40.29000 11.52000 54.89100
16 10 20 07 47 9684.70000 4.73400000 316.19000 40.29000 11.52000 54.89100
16 10 20 07 48 9682.40000 4.73400000 316.17000 40.29000 11.52000 54.89100
16 10 20 07 48 9682.40000 4.73400000 316.16000 40.26000 11.52000 54.89100
16 10 20 07 49 9681.70000 4.73400000 316.03000 40.26000 11.52000 54.89100
16 10 20 07 49 9680.10000 4.73400000 316.02000 40.26000 11.52000 54.89100
16 10 20 07 49 9680.10000 4.73400000 315.81000 40.28000 11.52000 54.89100
16 10 20 07 50 9680.00000 4.73400000 315.81000 40.28000 11.52000 54.89100
16 10 20 07 50 9680.10000 4.73400000 315.80000 40.28000 11.52000 54.89100
16 10 20 07 51 9680.10000 4.73400000 315.80000 40.24000 11.52000 54.89100
16 10 20 07 51 9680.00000 4.73400000 315.81000 40.22000 11.52000 54.89100
16 10 20 07 52 9676.70000 4.73400000 315.81000 40.22000 11.52000 54.56100
16 10 20 07 52 9676.70000 4.73400000 315.81000 40.25000 11.52000 54.63400
16 10 20 07 52 9676.80000 4.73400000 315.81000 40.25000 11.52000 54.63400
16 10 20 07 53 9676.80000 4.73400000 315.77000 40.25000 11.52000 54.63400
16 10 20 07 53 9676.70000 4.73400000 315.77000 40.25000 11.52000 54.63400
16 10 20 07 54 9676.80000 4.73400000 315.39000 40.24000 11.52000 54.63400
16 10 20 07 54 9676.60000 4.73400000 315.63000 40.22000 11.52100 54.63400
16 10 20 07 55 9676.60000 4.73400000 315.63000 40.25000 11.52100 54.63400
16 10 20 07 55 9676.60000 4.73400000 315.66000 40.25000 11.48000 54.63400
16 10 20 07 55 9676.50000 4.73400000 315.66000 40.25000 11.48000 54.63400
16 10 20 07 56 9676.60000 4.73400000 315.66000 40.25000 11.48000 54.63400
16 10 20 07 56 9676.60000 4.73400000 315.66000 40.25000 11.48000 54.63400
16 10 20 07 57 9676.60000 4.73400000 315.66000 40.25000 11.48000 54.63400
16 10 20 07 57 9680.40000 4.73400000 315.65000 40.23000 11.48000 54.63400
16 10 20 07 58 9683.30000 4.73400000 315.65000 40.23000 11.48000 54.63400
16 10 20 07 58 9683.40000 4.73400000 315.82000 40.23000 11.48000 54.63400
16 10 20 07 58 9683.40000 4.73400000 315.82000 40.23000 11.48000 54.63400
16 10 20 07 59 9683.40000 4.73400000 315.82000 40.23000 11.48000 54.63400
16 10 20 07 59 9683.40000 4.73400000 315.81000 40.23000 11.48000 54.63400
16 10 20 08 00 9680.80000 4.81900000 315.27000 40.23000 11.48000 54.63400
16 10 20 08 00 9680.90000 4.81900000 315.12000 40.25000 11.48000 54.40700
16 10 20 08 01 9680.90000 4.81900000 315.12000 40.25000 11.48000 54.40700
16 10 20 08 01 9680.80000 4.81900000 314.61000 40.25000 11.48000 54.40700
16 10 20 08 01 9680.00000 4.81900000 315.16000 40.27000 11.48000 54.40700
16 10 20 08 02 9680.10000 4.74300000 315.59000 40.27000 11.48000 54.40700
16 10 20 08 02 9680.10000 4.74300000 315.59000 40.27000 11.48000 54.45700
16 10 20 08 03 9680.00000 4.74300000 315.64000 40.28000 11.48000 54.45800
16 10 20 08 03 9680.00000 4.74300000 315.66000 40.25000 11.48000 54.45800
16 10 20 08 04 9680.00000 4.74300000 315.66000 40.25000 11.48000 54.45800
16 10 20 08 04 9680.00000 4.74300000 315.76000 40.25000 11.48000 54.45800
16 10 20 08 04 9679.40000 4.74300000 315.76000 40.25000 11.48000 54.45800
16 10 20 08 05 9680.00000 4.74300000 315.76000 40.25000 11.48000 54.45800
16 10 20 08 05 9680.00000 4.74300000 316.21000 40.25000 11.48000 54.45800
16 10 20 08 06 9680.00000 4.74300000 316.21000 40.25000 11.48000 54.45800
16 10 20 08 06 9683.80000 4.74300000 316.21000 40.30000 11.48000 54.45800
16 10 20 08 07 9683.70000 4.74300000 316.21000 40.36000 11.48000 54.45800
16 10 20 08 07 9683.80000 4.74300000 316.43000 40.36000 11.48000 54.45800
16 10 20 08 07 9690.00000 4.74300000 316.43000 40.36000 11.48000 54.45800
16 10 20 08 08 9690.00000 4.74300000 317.01000 40.36000 11.48000 54.45800
16 10 20 08 08 9690.00000 4.74300000 316.99000 40.40000 11.48000 54.45800
16 10 20 08 09 9689.90000 4.74300000 316.99000 40.40000 11.48000 54.45800
16 10 20 08 09 9689.90000 4.74300000 316.93000 40.43000 11.48000 54.45800
16 10 20 08 10 9690.00000 4.74800000 316.93000 40.41000 11.48000 54.45800
16 10 20 08 10 9689.90000 4.74800000 316.94000 40.41000 11.48000 54.45800
16 10 20 08 10 9690.00000 4.74900000 316.96000 40.46000 11.48000 54.45800
16 10 20 08 11 9690.00000 4.74900000 316.96000 40.43000 11.48000 54.82600
16 10 20 08 11 9690.40000 4.74900000 316.96000 40.43000 11.48000 54.82600
16 10 20 08 12 9690.40000 4.74900000 316.86000 40.40000 11.48000 54.88000
16 10 20 08 12 9690.40000 4.74900000 316.86000 40.42000 11.48000 54.88000
16 10 20 08 13 9690.40000 4.74900000 316.86000 40.46000 11.48000 54.88000
16 10 20 08 13 9692.70000 4.74900000 316.86000 40.46000 11.48000 54.78800
16 10 20 08 13 9696.60000 4.74900000 317.27000 40.46000 11.48000 54.78800
16 10 20 08 14 9701.50000 4.74900000 317.28000 40.46000 11.48000 54.78800
16 10 20 08 14 9701.20000 4.74900000 317.18000 40.46000 11.48000 54.78800
16 10 20 08 15 9702.40000 4.74900000 317.18000 40.46000 11.48000 54.78800
16 10 20 08 15 9702.40000 4.74900000 317.18000 40.44000 11.48000 54.78800
16 10 20 08 16 9701.30000 4.74900000 317.18000 40.44000 11.48000 54.78800
16 10 20 08 16 9701.90000 4.74900000 317.18000 40.42000 11.48000 54.78800
16 10 20 08 16 9701.30000 4.74900000 317.18000 40.49000 11.48000 54.78800
16 10 20 08 17 9700.10000 4.74900000 317.01000 40.49000 11.48000 54.78800
16 10 20 08 17 9697.40000 4.74900000 317.01000 40.43000 11.48000 54.78800
16 10 20 08 18 9697.40000 4.74900000 317.04000 40.43000 11.48000 54.78800
16 10 20 08 18 9692.20000 4.74900000 317.00000 40.40000 11.48000 54.78800
16 10 20 08 19 9692.20000 4.74900000 316.58000 40.37000 11.48000 54.78800
16 10 20 08 19 9692.10000 4.74900000 316.70000 40.43000 11.48000 54.78800
16 10 20 08 19 9692.20000 4.74900000 316.70000 40.43000 11.48000 54.78800
16 10 20 08 20 9692.30000 4.74900000 316.70000 40.44000 11.48000 54.78800
16 10 20 08 20 9691.80000 4.74900000 316.70000 40.44000 11.48000 54.78800
16 10 20 08 21 9691.80000 4.74900000 316.66000 40.40000 11.48000 54.78800
16 10 20 08 21 9691.20000 4.74900000 316.57000 40.40000 11.48000 54.78800
16 10 20 08 22 9690.00000 4.73500000 316.60000 40.40000 11.48000 54.78800
16 10 20 08 22 9690.00000 4.73500000 316.60000 40.40000 11.48000 54.78800
