M=[
15 9 20 20 28 9157.10000 5.12300000 308.97000 41.21000 14.37700 51.40600
15 9 20 20 29 9158.30000 5.12300000 308.99000 41.21000 14.37700 51.40600
15 9 20 20 29 9155.20000 5.12300000 308.89000 41.18000 14.37700 51.40600
15 9 20 20 29 9150.40000 5.12300000 308.73000 41.14000 14.27700 51.40600
15 9 20 20 30 9162.30000 5.12300000 308.99000 41.14000 14.21800 51.40600
15 9 20 20 30 9160.40000 5.12300000 308.98000 41.14000 14.21800 51.40600
15 9 20 20 31 9165.60000 5.12300000 309.00000 41.14000 14.21800 51.40600
15 9 20 20 31 9166.90000 5.12300000 308.89000 41.14000 14.21800 51.40600
15 9 20 20 32 9167.40000 5.17800000 309.02000 41.18000 14.21800 51.40600
15 9 20 20 32 9161.10000 5.18500000 308.88000 41.18000 14.21800 51.40600
15 9 20 20 33 9161.80000 5.13000000 308.92000 41.18000 14.21800 51.40600
15 9 20 20 33 9161.40000 5.13000000 308.70000 41.18000 14.21800 51.40600
15 9 20 20 33 9160.60000 5.13000000 308.89000 41.17000 14.21800 51.40600
15 9 20 20 34 9159.30000 5.13000000 308.68000 41.17000 14.21800 51.40600
15 9 20 20 34 9166.50000 5.13000000 308.99000 41.23000 14.21800 51.40600
15 9 20 20 35 9169.90000 5.13000000 308.99000 41.23000 14.21800 51.40600
15 9 20 20 35 9171.00000 5.13000000 309.00000 41.17000 14.21800 51.40600
15 9 20 20 36 9165.90000 5.20000000 309.18000 41.17000 14.21800 51.40600
15 9 20 20 36 9166.10000 5.20000000 309.01000 41.14000 14.21800 51.40600
15 9 20 20 36 9167.80000 5.20000000 309.12000 41.14000 14.21800 51.06100
15 9 20 20 37 9168.50000 5.20000000 309.30000 41.14000 14.21800 51.06100
15 9 20 20 37 9167.30000 5.20000000 309.12000 41.11000 14.21800 51.06100
15 9 20 20 38 9170.40000 5.18500000 309.22000 41.13000 14.21800 51.06100
15 9 20 20 38 9170.90000 5.18500000 309.39000 41.13000 14.21800 51.06100
15 9 20 20 39 9173.80000 5.18500000 309.39000 41.13000 14.21800 51.06100
15 9 20 20 39 9173.30000 5.18500000 309.17000 41.13000 14.21800 51.06100
15 9 20 20 39 9171.00000 5.18500000 309.02000 41.13000 14.21800 51.06100
15 9 20 20 40 9171.60000 5.18500000 309.08000 41.13000 14.21800 51.10000
15 9 20 20 40 9171.70000 5.18500000 309.10000 41.13000 14.21800 51.10000
15 9 20 20 41 9171.00000 5.19300000 309.10000 41.13000 14.21800 51.10000
15 9 20 20 41 9176.40000 5.19300000 309.56000 41.13000 14.21800 51.15000
15 9 20 20 42 9176.50000 5.19300000 309.56000 41.13000 14.21800 51.15000
15 9 20 20 42 9176.30000 5.19300000 309.56000 41.13000 14.17400 51.15000
15 9 20 20 43 9176.40000 5.19300000 309.50000 41.10000 14.17400 51.15000
15 9 20 20 43 9176.60000 5.19300000 309.37000 41.10000 14.17400 51.15000
15 9 20 20 43 9176.30000 5.19300000 308.88000 41.10000 14.17400 51.15000
15 9 20 20 44 9171.00000 5.19300000 308.57000 41.13000 14.27800 51.15000
15 9 20 20 44 9171.80000 5.19300000 308.51000 41.13000 14.27800 51.15000
15 9 20 20 45 9171.00000 5.19300000 308.45000 41.08000 14.27800 51.15000
15 9 20 20 45 9171.70000 5.19300000 308.50000 41.10000 14.27800 51.15000
15 9 20 20 46 9171.70000 5.19300000 308.47000 41.10000 14.27800 51.15000
15 9 20 20 46 9175.60000 5.22000000 308.42000 41.10000 14.27800 51.15000
15 9 20 20 46 9178.50000 5.22000000 308.40000 41.10000 14.27800 51.15000
15 9 20 20 47 9180.90000 5.22000000 308.50000 41.10000 14.27800 51.15000
15 9 20 20 47 9181.30000 5.22000000 308.49000 41.10000 14.27800 51.15000
15 9 20 20 48 9175.70000 5.22000000 308.49000 41.10000 14.27800 51.15000
15 9 20 20 48 9179.70000 5.22000000 308.69000 41.12000 14.27800 51.15000
15 9 20 20 49 9180.80000 5.22000000 308.53000 41.12000 14.27800 51.15000
15 9 20 20 49 9179.40000 5.22000000 308.53000 41.12000 14.27800 51.15000
15 9 20 20 49 9177.30000 5.22000000 308.51000 41.12000 14.27800 51.15000
15 9 20 20 50 9176.90000 5.22000000 308.52000 41.12000 14.27800 51.15000
15 9 20 20 50 9176.10000 5.22000000 308.53000 41.09000 14.27800 51.15000
15 9 20 20 51 9176.80000 5.22000000 308.53000 41.09000 14.27800 51.15000
15 9 20 20 51 9176.30000 5.22000000 308.49000 41.09000 14.27800 51.15000
15 9 20 20 52 9176.40000 5.22000000 308.53000 41.10000 14.27800 51.15000
15 9 20 20 52 9176.60000 5.22000000 308.53000 41.10000 14.27800 51.15000
15 9 20 20 52 9176.40000 5.22000000 308.85000 41.10000 14.27800 51.15000
15 9 20 20 53 9176.30000 5.22000000 308.86000 41.10000 14.27800 51.15000
15 9 20 20 53 9175.40000 5.22000000 308.86000 41.12000 14.27800 51.15000
15 9 20 20 54 9175.60000 5.24900000 309.29000 41.12000 14.27800 51.15000
15 9 20 20 54 9178.40000 5.24900000 309.31000 41.12000 14.27800 51.15000
15 9 20 20 55 9178.70000 5.24900000 309.49000 41.12000 14.27800 51.15000
15 9 20 20 55 9176.00000 5.24900000 309.55000 41.11000 14.27800 51.15000
15 9 20 20 55 9173.20000 5.24900000 309.25000 41.11000 14.27800 51.15000
15 9 20 20 56 9172.00000 5.24900000 309.10000 41.11000 14.27800 51.15000
15 9 20 20 56 9173.70000 5.24900000 309.09000 41.11000 14.27800 51.15000
15 9 20 20 57 9172.00000 5.24900000 309.09000 41.14000 14.27800 51.15000
15 9 20 20 57 9172.00000 5.24900000 309.09000 41.14000 14.27800 51.15000
15 9 20 20 58 9172.10000 5.24900000 309.09000 41.14000 14.27800 51.15000
15 9 20 20 58 9178.30000 5.24900000 309.05000 41.14000 14.27800 51.15000
15 9 20 20 58 9179.40000 5.24900000 309.05000 41.14000 14.27800 51.15000
15 9 20 20 59 9179.40000 5.24900000 308.89000 41.14000 14.27800 51.15000
15 9 20 20 59 9178.40000 5.24900000 308.92000 41.14000 14.27800 51.15000
15 9 20 21 00 9179.90000 5.22600000 309.05000 41.14000 14.27800 51.15000
15 9 20 21 00 9181.00000 5.22600000 308.95000 41.14000 14.27800 51.15000
15 9 20 21 01 9178.60000 5.22600000 309.01000 41.14000 14.27800 51.15000
15 9 20 21 01 9179.00000 5.22600000 309.01000 41.14000 14.27800 51.15000
15 9 20 21 01 9179.00000 5.22500000 309.01000 41.11000 14.27800 51.15000
15 9 20 21 02 9178.80000 5.22500000 309.06000 41.11000 14.27800 51.15000
15 9 20 21 02 9180.20000 5.22500000 309.07000 41.14000 14.27800 51.15000
15 9 20 21 03 9177.50000 5.22500000 309.07000 41.14000 14.27800 51.15000
15 9 20 21 03 9179.00000 5.22500000 309.07000 41.14000 14.27800 51.15000
15 9 20 21 04 9173.60000 5.22500000 309.06000 41.14000 14.27800 51.15000
15 9 20 21 04 9171.10000 5.22500000 309.06000 41.14000 14.27800 51.15000
15 9 20 21 04 9171.10000 5.22500000 309.07000 41.14000 14.27800 51.15000
15 9 20 21 05 9171.00000 5.22500000 308.89000 41.14000 14.27800 51.15000
15 9 20 21 05 9171.00000 5.22500000 308.89000 41.14000 14.27800 51.15000
15 9 20 21 06 9171.10000 5.22500000 308.89000 41.14000 14.27800 51.15000
15 9 20 21 06 9171.10000 5.22500000 308.89000 41.10000 14.27800 51.15000
15 9 20 21 07 9171.10000 5.22500000 308.89000 41.10000 14.27800 51.15000
15 9 20 21 07 9161.80000 5.22500000 308.62000 41.10000 14.27800 51.15000
15 9 20 21 07 9158.30000 5.22500000 308.60000 41.09000 14.27800 51.15000
15 9 20 21 08 9157.00000 5.22500000 308.61000 41.09000 14.27800 51.15000
15 9 20 21 08 9145.00000 5.22500000 308.60000 41.08000 14.27800 51.15000
15 9 20 21 09 9144.80000 5.22500000 308.41000 41.08000 14.27800 51.15000
15 9 20 21 09 9149.40000 5.22500000 308.40000 41.08000 14.27800 51.15000
15 9 20 21 10 9150.60000 5.22500000 308.31000 41.08000 14.27800 51.15000
15 9 20 21 10 9150.60000 5.22500000 308.31000 41.08000 14.14800 51.15000
15 9 20 21 10 9150.60000 5.22500000 308.35000 41.08000 14.13500 51.15000
15 9 20 21 11 9148.70000 5.22500000 308.39000 41.08000 14.13500 51.15000
15 9 20 21 11 9150.80000 5.22500000 308.34000 41.08000 14.13500 51.15000
15 9 20 21 12 9150.80000 5.22500000 308.23000 41.07000 14.13500 51.15000
15 9 20 21 12 9150.80000 5.22500000 308.19000 41.07000 14.13500 51.15000
15 9 20 21 13 9150.80000 5.22500000 308.17000 41.08000 14.13500 51.15000
15 9 20 21 13 9150.80000 5.22500000 308.17000 41.08000 14.13500 51.15000
15 9 20 21 13 9150.70000 5.22500000 308.17000 41.08000 14.13500 51.15000
15 9 20 21 14 9150.80000 5.22500000 308.24000 41.08000 14.13500 51.15000
15 9 20 21 14 9150.80000 5.22500000 308.30000 41.08000 14.13500 51.15000
15 9 20 21 15 9150.80000 5.15500000 308.30000 41.08000 14.11600 51.15000
