M=[
27 9 20 00 45 9250.00000 4.95100000 307.00000 39.83000 13.08700 48.65100
27 9 20 00 46 9250.60000 4.95100000 307.12000 39.83000 13.08700 48.65100
27 9 20 00 46 9250.60000 4.95100000 307.12000 39.83000 13.08700 48.78800
27 9 20 00 47 9250.60000 4.95100000 307.13000 39.83000 13.08700 48.78800
27 9 20 00 47 9259.70000 4.95500000 308.82000 39.95000 13.08700 48.79000
27 9 20 00 48 9260.20000 4.95500000 309.24000 40.02000 13.08700 48.79000
27 9 20 00 48 9260.20000 4.95500000 308.84000 40.02000 13.08700 48.79000
27 9 20 00 49 9260.20000 4.95500000 308.44000 40.02000 13.08700 48.79000
27 9 20 00 49 9260.20000 4.95500000 308.75000 40.02000 13.08700 48.79000
27 9 20 00 50 9260.20000 4.95500000 308.54000 40.02000 13.08700 48.79000
27 9 20 00 50 9260.20000 4.95500000 308.84000 40.02000 13.08700 48.79000
27 9 20 00 50 9260.20000 4.95500000 308.84000 39.88000 13.08700 48.79000
27 9 20 00 51 9256.00000 4.95500000 308.84000 39.88000 13.08700 48.79000
27 9 20 00 51 9256.00000 4.95500000 308.84000 39.88000 13.08700 48.79000
27 9 20 00 52 9256.00000 4.95500000 308.73000 39.88000 13.08700 48.79000
27 9 20 00 52 9256.00000 4.95500000 308.73000 39.88000 13.08700 48.79000
27 9 20 00 53 9256.00000 4.95500000 308.58000 39.88000 13.08700 48.79000
27 9 20 00 53 9256.00000 4.95500000 308.58000 39.88000 13.08700 48.79000
27 9 20 00 53 9256.00000 4.95500000 308.54000 39.84000 13.08700 48.79000
27 9 20 00 54 9256.00000 4.95500000 308.54000 39.84000 13.08700 48.79000
27 9 20 00 54 9256.00000 4.95500000 308.54000 39.83000 13.08700 48.79000
27 9 20 00 55 9256.00000 4.95500000 308.54000 39.83000 13.08700 48.79000
27 9 20 00 55 9256.00000 4.95500000 308.54000 39.83000 13.08700 48.79000
27 9 20 00 56 9259.90000 4.95500000 309.05000 39.83000 13.08700 48.79000
27 9 20 00 56 9260.30000 4.95500000 309.05000 39.83000 13.08700 48.79000
27 9 20 00 56 9260.30000 4.95500000 309.05000 39.83000 13.08700 48.79000
27 9 20 00 57 9260.30000 4.95500000 308.93000 39.83000 13.08700 48.79000
27 9 20 00 57 9260.30000 4.95500000 308.93000 39.83000 13.08700 48.79000
27 9 20 00 58 9260.30000 4.95500000 308.86000 39.83000 13.08700 48.79000
27 9 20 00 58 9260.30000 4.95500000 308.86000 39.83000 13.08700 48.79000
27 9 20 00 59 9260.30000 4.95500000 308.86000 39.83000 13.08700 48.79000
27 9 20 00 59 9260.30000 4.95500000 309.12000 39.83000 13.08700 48.79000
27 9 20 01 00 9260.30000 4.96500000 309.29000 39.83000 13.08700 48.79000
27 9 20 01 00 9260.30000 4.96500000 310.15000 39.96000 13.08700 48.79000
27 9 20 01 00 9269.90000 4.96900000 310.63000 39.96000 13.08700 48.79000
27 9 20 01 01 9272.70000 4.96800000 310.68000 39.96000 13.08700 48.82300
27 9 20 01 01 9272.70000 4.96800000 310.60000 39.96000 13.08700 48.82300
27 9 20 01 02 9273.30000 4.96800000 310.03000 39.93000 13.08700 48.82300
27 9 20 01 02 9269.80000 4.96800000 310.03000 39.93000 13.08700 48.82300
27 9 20 01 03 9268.90000 4.96800000 310.37000 39.93000 13.08700 48.82300
27 9 20 01 03 9269.00000 4.96800000 310.37000 39.93000 13.08700 48.82300
27 9 20 01 04 9269.00000 4.96800000 310.37000 39.93000 13.08700 48.82300
27 9 20 01 04 9269.00000 4.96800000 309.94000 39.93000 13.08700 48.82300
27 9 20 01 04 9269.00000 4.96800000 309.94000 39.93000 13.08700 48.82300
27 9 20 01 05 9269.00000 4.96800000 309.94000 39.93000 13.08700 48.82300
27 9 20 01 05 9269.00000 4.96800000 310.17000 39.93000 13.08700 48.82300
27 9 20 01 06 9268.50000 4.96800000 310.17000 39.93000 13.08700 48.82300
27 9 20 01 06 9268.50000 4.96800000 310.17000 39.93000 13.08700 48.82300
27 9 20 01 07 9268.50000 4.96800000 310.06000 39.93000 13.08700 48.82300
27 9 20 01 07 9268.40000 4.96800000 310.06000 39.93000 13.08700 48.82300
27 9 20 01 08 9269.00000 4.96800000 310.32000 39.93000 13.08700 48.82300
27 9 20 01 08 9269.00000 4.96800000 310.47000 39.93000 13.08700 48.82300
27 9 20 01 08 9269.00000 4.96800000 310.22000 39.93000 13.08700 48.82300
27 9 20 01 09 9276.00000 4.96800000 310.54000 39.93000 13.08700 48.82300
27 9 20 01 09 9276.00000 4.96800000 310.54000 39.93000 13.08700 48.82300
27 9 20 01 10 9281.30000 4.96800000 310.55000 39.93000 13.08700 48.82300
27 9 20 01 10 9281.30000 4.96800000 310.52000 39.93000 13.08700 48.82300
27 9 20 01 11 9278.10000 4.96800000 310.51000 39.93000 13.11600 48.82300
27 9 20 01 11 9278.10000 4.96800000 309.99000 39.93000 13.11600 48.82300
27 9 20 01 11 9273.90000 4.97000000 309.86000 39.93000 13.11600 48.82300
27 9 20 01 12 9273.90000 4.97000000 309.82000 39.93000 13.11600 48.82300
27 9 20 01 12 9273.90000 4.97000000 309.84000 39.93000 13.11600 48.82300
27 9 20 01 13 9270.50000 4.97000000 309.82000 39.93000 13.11600 48.82300
27 9 20 01 13 9270.40000 4.97000000 309.82000 39.93000 13.11600 48.82300
27 9 20 01 14 9270.40000 4.97000000 309.92000 39.93000 13.11600 48.82300
27 9 20 01 14 9270.40000 4.97000000 310.03000 39.93000 13.11600 48.82300
27 9 20 01 14 9270.40000 4.97000000 310.05000 39.93000 13.11600 48.82300
27 9 20 01 15 9278.30000 4.97000000 310.05000 39.93000 13.11600 48.82300
27 9 20 01 15 9278.30000 4.97000000 310.65000 39.93000 13.11600 48.82300
27 9 20 01 16 9278.30000 4.97000000 310.65000 39.93000 13.11600 48.82300
27 9 20 01 16 9278.30000 4.97000000 310.69000 39.93000 13.11600 48.82300
27 9 20 01 17 9278.30000 4.97000000 310.69000 39.93000 13.11600 48.82300
27 9 20 01 17 9274.10000 4.97000000 309.98000 39.93000 13.11600 48.82300
27 9 20 01 17 9274.10000 4.97000000 309.98000 39.93000 13.11600 48.82300
27 9 20 01 18 9274.00000 4.97000000 309.98000 39.93000 13.11600 48.82300
27 9 20 01 18 9274.00000 4.97000000 309.98000 39.93000 13.11600 48.82300
27 9 20 01 19 9274.00000 4.97000000 309.98000 39.93000 13.11600 48.82300
27 9 20 01 19 9274.00000 4.97000000 309.98000 39.93000 13.11600 48.82300
27 9 20 01 20 9275.10000 4.97000000 309.98000 39.93000 13.12000 48.82300
27 9 20 01 20 9275.10000 4.97000000 309.98000 39.93000 13.12000 48.82300
27 9 20 01 21 9275.10000 4.97000000 309.98000 39.93000 13.12000 48.82300
27 9 20 01 21 9275.10000 4.97000000 309.98000 39.93000 13.12000 48.82300
27 9 20 01 21 9275.10000 4.97000000 310.04000 39.93000 13.12000 48.82300
27 9 20 01 22 9277.80000 4.97000000 310.04000 39.93000 13.12000 48.82300
27 9 20 01 22 9277.80000 4.97000000 309.91000 39.93000 13.12000 48.82300
27 9 20 01 23 9276.90000 4.97000000 310.14000 39.93000 13.12000 48.82300
27 9 20 01 23 9276.90000 4.97000000 310.11000 39.93000 13.12000 48.82300
27 9 20 01 24 9276.90000 4.97000000 309.83000 39.93000 13.12000 48.82300
27 9 20 01 24 9276.90000 4.97000000 309.83000 39.93000 13.12000 48.82300
27 9 20 01 24 9276.90000 4.97000000 309.83000 39.93000 13.12000 48.82300
27 9 20 01 25 9277.40000 4.97000000 309.83000 39.93000 13.12000 48.82300
27 9 20 01 25 9277.40000 4.97000000 309.83000 39.93000 13.12000 48.82300
27 9 20 01 26 9277.40000 4.97000000 309.81000 39.93000 13.12000 48.82300
27 9 20 01 26 9277.40000 4.97000000 309.81000 39.93000 13.12000 48.82300
27 9 20 01 27 9277.40000 4.97000000 309.81000 39.93000 13.12000 48.82300
27 9 20 01 27 9276.10000 4.97000000 309.81000 39.93000 13.12000 48.82300
27 9 20 01 27 9276.10000 4.97000000 309.81000 39.93000 13.12000 48.82300
27 9 20 01 28 9276.10000 4.97000000 309.50000 39.93000 13.12000 48.82300
27 9 20 01 28 9276.10000 4.97000000 309.50000 39.93000 13.12000 48.82300
27 9 20 01 29 9276.10000 4.97000000 309.50000 39.93000 13.12000 48.82300
27 9 20 01 29 9276.10000 4.97000000 309.50000 39.93000 13.12000 48.82300
27 9 20 01 30 9276.10000 4.97000000 309.81000 39.93000 13.12000 48.82300
27 9 20 01 30 9276.00000 4.97000000 309.80000 39.93000 13.12000 48.82300
27 9 20 01 30 9276.00000 4.97000000 309.80000 39.93000 13.12000 48.82300
27 9 20 01 31 9276.00000 4.97000000 309.80000 39.93000 13.12000 48.82300
27 9 20 01 31 9276.00000 4.97000000 309.80000 39.93000 13.12000 48.82300
27 9 20 01 32 9272.30000 4.97000000 309.80000 39.93000 13.12000 48.82300
27 9 20 01 32 9271.40000 4.97000000 309.54000 39.93000 13.12000 48.82300
27 9 20 01 33 9269.80000 4.97000000 309.54000 39.93000 13.12000 48.82300
