M=[
 9 6 21 08 38 27854.80000 45.89600000 2040.77000 130.05000 21.29500 106.80300
 9 6 21 08 39 27857.60000 45.89600000 2040.79000 130.05000 21.29500 106.80300
 9 6 21 08 39 27895.70000 45.70200000 2042.55000 130.18000 21.29500 106.80300
 9 6 21 08 39 27895.70000 45.70300000 2043.06000 130.18000 21.29500 106.80300
 9 6 21 08 40 27876.20000 45.64000000 2039.63000 130.18000 21.29500 106.80300
 9 6 21 08 40 27864.60000 45.64000000 2042.26000 130.18000 21.29500 106.80300
 9 6 21 08 41 27844.60000 45.64000000 2042.40000 130.05000 21.29500 106.80300
 9 6 21 08 41 27862.40000 45.64000000 2042.39000 130.19000 21.29500 106.80300
 9 6 21 08 42 27851.40000 45.64000000 2042.40000 130.30000 21.29500 106.80300
 9 6 21 08 42 27886.00000 45.64000000 2044.91000 130.30000 21.29500 106.80300
 9 6 21 08 42 27900.90000 45.64000000 2045.44000 130.37000 21.29500 106.80300
 9 6 21 08 43 27903.00000 45.75100000 2045.17000 130.30000 21.29500 106.80300
 9 6 21 08 43 27909.20000 45.70200000 2045.04000 130.27000 21.29500 106.80300
 9 6 21 08 44 27913.10000 45.70200000 2045.49000 130.27000 21.29500 106.80300
 9 6 21 08 44 27928.30000 45.70200000 2047.16000 130.27000 21.29500 106.80300
 9 6 21 08 45 27928.40000 45.70200000 2046.80000 130.44000 21.29500 106.80300
 9 6 21 08 45 27968.70000 45.70200000 2050.74000 130.30000 21.29500 106.80300
 9 6 21 08 45 27991.10000 45.70200000 2052.27000 130.30000 21.29500 107.16700
 9 6 21 08 46 27993.50000 45.70200000 2050.59000 130.30000 21.29500 107.16700
 9 6 21 08 46 28004.90000 45.70200000 2054.07000 130.30000 21.29500 107.16700
 9 6 21 08 47 27950.50000 45.70200000 2050.33000 130.30000 21.29500 107.16700
 9 6 21 08 47 27947.20000 45.70200000 2047.46000 130.48000 21.29500 107.16700
 9 6 21 08 48 27952.00000 45.70200000 2047.57000 130.48000 21.29500 107.16700
 9 6 21 08 48 27952.00000 45.70200000 2044.91000 130.48000 21.29500 107.16700
 9 6 21 08 48 27981.80000 45.70200000 2044.91000 130.56000 21.29500 107.16700
 9 6 21 08 49 28004.50000 45.70200000 2048.65000 130.56000 21.29500 107.16700
 9 6 21 08 49 27976.80000 45.72500000 2045.72000 130.56000 21.29500 107.16700
 9 6 21 08 50 27950.00000 45.72500000 2044.60000 130.37000 21.29500 107.16700
 9 6 21 08 50 27947.20000 45.72500000 2044.01000 130.37000 21.29500 107.16700
 9 6 21 08 51 27964.40000 45.72500000 2044.01000 130.45000 21.29500 107.16700
 9 6 21 08 51 27956.70000 45.72500000 2044.01000 130.43000 21.29500 107.16700
 9 6 21 08 51 27944.00000 45.67700000 2043.80000 130.43000 21.29500 107.16700
 9 6 21 08 52 27944.50000 45.67700000 2043.82000 130.43000 21.29500 107.16700
 9 6 21 08 52 27900.10000 45.67700000 2044.25000 130.43000 21.29500 107.16700
 9 6 21 08 53 27866.00000 45.67700000 2040.01000 129.84000 21.29500 107.16700
 9 6 21 08 53 27833.50000 45.37800000 2034.87000 129.67000 21.29500 106.14100
 9 6 21 08 54 27850.00000 45.37800000 2034.99000 129.72000 21.29500 106.14100
 9 6 21 08 54 27825.30000 45.47000000 2032.35000 129.72000 21.29500 106.14100
 9 6 21 08 54 27831.10000 45.39000000 2032.21000 129.72000 21.29500 106.14100
 9 6 21 08 55 27850.00000 45.39000000 2035.00000 129.66000 21.29500 106.14100
 9 6 21 08 55 27883.80000 45.39000000 2034.99000 129.93000 21.29500 106.14100
 9 6 21 08 56 27886.20000 45.39000000 2037.67000 129.88000 21.29500 106.14100
 9 6 21 08 56 27909.20000 45.39000000 2038.22000 130.03000 21.29500 106.14100
 9 6 21 08 57 27916.20000 45.39000000 2038.22000 129.98000 21.29500 106.14100
 9 6 21 08 57 27931.80000 45.39000000 2040.47000 130.16000 21.29500 106.14100
 9 6 21 08 57 27913.40000 45.39000000 2038.13000 130.06000 21.29500 106.14100
 9 6 21 08 58 27869.30000 45.39000000 2035.26000 129.81000 21.29500 106.14100
 9 6 21 08 58 27856.30000 45.39000000 2033.32000 129.69000 21.29500 106.18100
 9 6 21 08 59 27896.00000 45.39000000 2035.02000 129.69000 21.29500 106.18100
 9 6 21 08 59 27913.90000 45.39000000 2037.15000 129.69000 21.29500 106.18100
 9 6 21 09 00 27951.90000 45.39000000 2038.63000 130.02000 21.29500 106.18100
 9 6 21 09 00 27962.40000 45.39000000 2039.69000 130.08000 21.29500 106.18100
 9 6 21 09 00 27981.80000 45.39000000 2041.10000 130.08000 21.29500 106.73100
 9 6 21 09 01 27971.30000 45.39000000 2037.12000 130.08000 21.29500 106.73100
 9 6 21 09 01 27971.50000 45.39000000 2037.71000 130.06000 21.29500 106.73100
 9 6 21 09 02 27966.70000 45.39000000 2038.75000 130.06000 21.29500 106.73100
 9 6 21 09 02 28036.00000 45.39000000 2042.43000 130.33000 21.29500 106.73100
 9 6 21 09 03 28081.30000 45.39000000 2043.40000 130.33000 21.29500 106.73100
 9 6 21 09 03 28057.00000 45.39000000 2044.25000 130.33000 21.29500 106.73100
 9 6 21 09 03 28066.50000 45.39000000 2044.47000 130.33000 21.29500 107.04000
 9 6 21 09 04 28050.10000 45.39000000 2043.98000 130.33000 21.29500 107.04000
 9 6 21 09 04 28053.60000 45.39000000 2043.76000 130.59000 21.29500 107.04000
 9 6 21 09 05 28046.60000 45.64100000 2043.16000 130.59000 21.29500 107.04000
 9 6 21 09 05 28055.70000 45.64100000 2043.63000 130.59000 21.29500 107.04000
 9 6 21 09 05 28048.70000 45.64100000 2043.63000 130.62000 21.29500 107.04000
 9 6 21 09 06 28031.30000 45.64900000 2043.63000 130.38000 21.29500 106.86400
 9 6 21 09 06 28039.90000 45.65300000 2043.63000 130.45000 21.29500 106.86400
 9 6 21 09 07 28039.20000 45.65300000 2044.31000 130.45000 21.29500 106.86400
 9 6 21 09 07 28020.90000 45.65300000 2042.79000 130.45000 21.29500 106.86400
 9 6 21 09 08 28021.00000 45.65300000 2041.96000 130.35000 21.29500 106.84500
 9 6 21 09 08 28011.00000 45.65300000 2041.56000 130.35000 21.29500 106.84500
 9 6 21 09 09 27971.60000 45.57400000 2035.50000 130.14000 21.29500 106.84500
 9 6 21 09 09 27959.10000 45.57400000 2035.98000 130.14000 21.29500 106.84500
 9 6 21 09 09 27937.90000 45.57400000 2033.08000 130.14000 21.29500 106.84500
 9 6 21 09 10 27962.20000 45.57400000 2036.49000 130.09000 21.29500 106.58100
 9 6 21 09 10 27933.00000 45.57400000 2030.90000 129.85000 21.29500 106.58100
 9 6 21 09 11 27933.00000 45.57400000 2031.42000 129.82000 21.29500 106.58100
 9 6 21 09 11 27952.80000 45.57400000 2032.52000 129.82000 21.29500 106.58100
 9 6 21 09 12 27950.30000 45.57400000 2035.69000 129.82000 21.29500 106.58100
 9 6 21 09 12 27989.50000 45.57400000 2039.03000 129.82000 21.29500 106.58100
 9 6 21 09 12 27990.10000 45.55800000 2035.13000 129.99000 21.29500 106.58100
 9 6 21 09 13 27965.30000 45.55800000 2035.20000 129.99000 21.29500 106.58100
 9 6 21 09 13 27947.50000 45.50100000 2032.54000 129.75000 21.29500 106.58100
 9 6 21 09 14 27963.60000 45.51800000 2035.14000 129.74000 21.29500 106.58100
 9 6 21 09 14 27972.70000 45.59800000 2036.74000 129.74000 21.29500 106.58100
 9 6 21 09 15 28058.10000 45.59800000 2041.38000 129.74000 21.29500 106.58100
 9 6 21 09 15 28040.80000 45.59800000 2039.31000 130.12000 21.29500 106.58100
 9 6 21 09 15 28099.50000 45.59800000 2043.39000 130.12000 21.29500 106.58100
 9 6 21 09 16 28115.90000 45.59800000 2044.29000 130.12000 21.29500 106.88000
 9 6 21 09 16 28120.00000 45.59800000 2043.54000 130.38000 21.38900 106.88000
 9 6 21 09 17 28072.60000 45.59800000 2042.35000 130.38000 21.38900 106.88000
 9 6 21 09 17 28090.60000 45.59800000 2043.20000 130.38000 21.38900 106.88000
 9 6 21 09 18 28090.60000 45.59800000 2043.19000 130.38000 21.38900 106.88000
 9 6 21 09 18 28087.20000 45.59800000 2044.23000 130.21000 21.38900 106.88000
 9 6 21 09 18 28091.00000 45.59800000 2044.44000 130.18000 21.38900 106.88000
 9 6 21 09 19 28100.00000 45.85900000 2047.47000 130.33000 21.38900 106.88000
 9 6 21 09 19 28143.20000 46.01900000 2050.00000 130.33000 21.38900 106.88000
 9 6 21 09 20 28143.20000 46.01900000 2049.80000 130.68000 21.38900 106.88000
 9 6 21 09 20 28158.60000 46.01900000 2049.83000 130.66000 21.38900 107.26100
 9 6 21 09 21 28153.80000 46.01900000 2049.82000 130.65000 21.38900 107.26100
 9 6 21 09 21 28187.00000 46.01900000 2052.00000 130.63000 21.38900 107.26100
 9 6 21 09 21 28210.80000 46.01900000 2053.56000 131.04000 21.38900 107.26100
