M=[
12 1 21 05 52 29350.10000 6.15100000 923.50000 116.71000 16.53500 75.75200
12 1 21 05 52 29382.00000 6.15100000 924.22000 116.90000 16.53500 75.75200
12 1 21 05 53 29360.40000 6.15100000 921.48000 116.88000 16.53500 75.75200
12 1 21 05 53 29381.90000 6.15100000 922.96000 116.88000 16.53500 75.89400
12 1 21 05 53 29375.00000 6.15100000 922.30000 116.99000 16.53500 75.89400
12 1 21 05 54 29468.50000 6.15100000 925.19000 117.29000 16.53500 76.11700
12 1 21 05 54 29450.10000 6.15100000 926.90000 117.29000 16.53500 76.21300
12 1 21 05 55 29442.10000 6.15100000 927.33000 117.50000 16.53500 76.28000
12 1 21 05 55 29465.00000 6.17100000 927.52000 117.77000 16.30000 76.40800
12 1 21 05 56 29436.30000 6.19300000 928.01000 117.50000 16.52500 76.32900
12 1 21 05 56 29375.00000 6.18500000 926.16000 117.18000 16.38300 76.32900
12 1 21 05 56 29369.30000 6.18500000 927.05000 117.86000 16.38300 76.32900
12 1 21 05 57 29399.50000 6.16100000 927.40000 118.15000 16.38300 76.32900
12 1 21 05 57 29445.80000 6.16100000 927.79000 118.29000 16.38300 76.32900
12 1 21 05 58 29480.10000 6.16100000 928.08000 118.43000 16.38300 76.32000
12 1 21 05 58 29493.40000 6.19500000 928.38000 118.73000 16.38300 76.32000
12 1 21 05 58 29524.50000 6.19500000 928.98000 119.00000 16.38300 76.77700
12 1 21 05 59 29510.80000 6.23400000 929.00000 118.51000 16.38300 76.52900
12 1 21 05 59 29521.50000 6.28700000 929.10000 118.92000 16.38300 76.52900
12 1 21 06 00 29560.10000 6.24800000 929.99000 118.92000 16.38300 76.52900
12 1 21 06 00 29595.60000 6.24700000 930.00000 118.89000 16.38300 77.15000
12 1 21 06 01 29563.80000 6.20000000 930.00000 118.81000 16.38300 77.15000
12 1 21 06 01 29572.50000 6.20000000 929.01000 118.45000 16.33200 77.15000
12 1 21 06 02 29611.90000 6.21200000 930.00000 118.85000 16.33200 77.15000
12 1 21 06 02 29593.20000 6.20200000 931.86000 119.28000 16.33200 76.70500
12 1 21 06 02 29650.00000 6.26500000 932.90000 119.41000 16.33200 76.70500
12 1 21 06 03 29692.20000 6.26500000 933.74000 119.50000 16.33200 77.14000
12 1 21 06 03 29685.00000 6.20800000 934.00000 119.44000 16.33200 77.36800
12 1 21 06 04 29663.00000 6.20800000 935.17000 119.04000 16.33200 77.72000
12 1 21 06 04 29638.00000 6.20800000 934.19000 118.98000 16.33200 77.82400
12 1 21 06 04 29691.50000 6.20800000 934.59000 119.14000 16.33200 77.95000
12 1 21 06 05 29732.00000 6.20800000 936.37000 119.25000 16.33200 77.75000
12 1 21 06 05 29700.20000 6.20000000 935.06000 119.46000 16.33200 78.10000
12 1 21 06 06 29656.20000 6.20000000 934.05000 119.31000 16.33200 78.26000
12 1 21 06 06 29564.00000 6.19300000 931.42000 118.90000 16.33200 78.03200
12 1 21 06 07 29613.70000 6.19300000 931.42000 118.91000 16.33200 78.03200
12 1 21 06 07 29534.10000 6.12300000 928.79000 118.25000 16.33200 77.09500
12 1 21 06 07 29489.30000 6.14100000 928.93000 117.97000 16.33200 76.94000
12 1 21 06 08 29558.50000 6.14100000 930.00000 118.32000 16.33200 76.94000
12 1 21 06 08 29540.00000 6.16400000 929.56000 118.27000 16.33200 76.94000
12 1 21 06 09 29549.30000 6.13200000 929.99000 118.32000 16.33200 76.94000
12 1 21 06 09 29527.80000 6.16200000 929.73000 118.25000 16.33200 76.94000
12 1 21 06 10 29538.40000 6.17400000 929.21000 118.23000 16.33200 77.01000
12 1 21 06 10 29563.90000 6.16400000 930.00000 118.33000 16.33200 77.01000
12 1 21 06 10 29590.00000 6.13900000 930.54000 118.54000 16.33200 76.86600
12 1 21 06 11 29577.60000 6.13900000 930.56000 118.71000 16.33200 76.86600
12 1 21 06 11 29563.40000 6.13900000 929.69000 118.54000 16.33200 76.86600
12 1 21 06 12 29480.40000 6.18000000 927.30000 118.41000 16.33200 77.06900
12 1 21 06 12 29441.20000 6.18000000 926.33000 118.24000 16.33200 76.92800
12 1 21 06 13 29457.40000 6.08900000 925.87000 117.72000 16.33200 76.54000
12 1 21 06 13 29485.00000 6.12100000 926.50000 117.99000 16.33200 76.54000
12 1 21 06 13 29487.00000 6.12100000 926.79000 117.85000 16.34800 76.54000
12 1 21 06 14 29485.00000 6.10600000 927.08000 117.96000 16.34800 76.54000
12 1 21 06 14 29483.50000 6.10600000 926.91000 117.90000 16.34800 76.54000
12 1 21 06 15 29483.50000 6.10600000 926.89000 117.89000 16.34800 76.54000
12 1 21 06 15 29542.90000 6.10600000 929.59000 118.11000 16.34800 76.76900
12 1 21 06 16 29530.90000 6.10600000 928.73000 118.06000 16.34800 76.76900
12 1 21 06 16 29504.10000 6.10600000 928.52000 118.23000 16.34800 76.76900
12 1 21 06 16 29535.00000 6.10600000 928.78000 118.16000 16.34800 76.76900
12 1 21 06 17 29549.80000 6.10600000 930.00000 118.24000 16.34800 76.76900
12 1 21 06 17 29567.30000 6.10600000 931.64000 118.24000 16.34800 76.76900
12 1 21 06 18 29562.50000 6.10600000 932.35000 118.61000 16.34900 76.95700
12 1 21 06 18 29536.90000 6.22800000 930.04000 118.50000 16.34900 76.95700
12 1 21 06 19 29528.00000 6.25500000 929.69000 118.50000 16.34900 77.19700
12 1 21 06 19 29501.00000 6.25500000 930.42000 118.42000 16.22100 77.19700
12 1 21 06 19 29518.10000 6.25500000 931.15000 118.50000 16.24100 77.17400
12 1 21 06 20 29553.90000 6.16600000 932.83000 118.66000 16.11300 77.37700
12 1 21 06 20 29682.10000 6.16600000 937.67000 119.01000 16.11300 77.64400
12 1 21 06 21 29750.40000 6.16600000 937.99000 119.29000 16.11300 77.64400
12 1 21 06 21 29787.40000 6.19800000 938.77000 119.41000 16.11300 78.02100
12 1 21 06 22 29790.00000 6.21200000 939.94000 119.80000 16.11300 78.05100
12 1 21 06 22 29822.70000 6.21200000 941.14000 119.79000 16.11300 77.95100
12 1 21 06 22 29849.70000 6.21200000 941.52000 119.68000 16.11300 78.31200
12 1 21 06 23 29849.70000 6.21200000 940.99000 119.64000 16.11300 78.50000
12 1 21 06 23 29828.60000 6.21200000 941.59000 119.69000 16.11300 78.50000
12 1 21 06 24 29843.50000 6.27800000 942.49000 119.75000 16.11300 78.75800
12 1 21 06 24 29837.30000 6.27800000 941.81000 119.90000 16.11300 78.61100
12 1 21 06 25 29827.60000 6.27800000 941.94000 119.82000 16.11300 78.61100
12 1 21 06 25 29823.40000 6.27800000 941.84000 119.91000 16.11300 78.61100
12 1 21 06 25 29800.10000 6.27800000 941.01000 119.63000 16.34700 78.61100
12 1 21 06 26 29821.30000 6.27800000 941.62000 119.79000 16.34700 78.61100
12 1 21 06 26 29813.30000 6.28100000 941.24000 119.75000 16.34700 79.11800
12 1 21 06 27 29800.80000 6.28100000 941.24000 119.75000 16.34700 79.57500
12 1 21 06 27 29811.20000 6.28100000 941.12000 119.75000 16.34700 80.08000
12 1 21 06 28 29835.10000 6.27600000 941.00000 119.68000 16.34700 80.51900
12 1 21 06 28 29865.00000 6.27600000 942.88000 119.80000 16.34700 81.08000
12 1 21 06 28 29882.20000 6.27600000 943.15000 119.89000 16.34700 80.00500
12 1 21 06 29 29890.40000 6.27600000 945.76000 120.16000 16.34700 80.53800
12 1 21 06 29 29886.30000 6.27600000 945.06000 120.27000 16.34700 80.53800
12 1 21 06 30 29890.10000 6.26000000 945.80000 120.32000 16.34700 80.53800
12 1 21 06 30 29901.80000 6.26500000 946.94000 120.51000 16.34700 80.01900
12 1 21 06 31 29922.40000 6.28100000 947.46000 120.98000 16.34700 80.36700
12 1 21 06 31 29925.00000 6.28900000 947.75000 120.65000 16.34700 80.36700
12 1 21 06 31 29920.30000 6.28900000 946.68000 120.55000 16.34700 80.08000
12 1 21 06 32 29920.50000 6.28900000 946.42000 120.73000 16.34700 79.84500
12 1 21 06 32 29902.40000 6.28900000 943.90000 120.55000 16.34700 79.84500
12 1 21 06 33 29867.20000 6.28900000 943.14000 120.40000 16.34700 79.83900
12 1 21 06 33 29805.50000 6.26500000 941.19000 120.00000 16.34700 79.04900
12 1 21 06 34 29762.40000 6.26500000 941.01000 119.96000 16.34700 78.41700
12 1 21 06 34 29711.70000 6.24400000 940.50000 119.78000 16.34700 78.64300
12 1 21 06 34 29725.00000 6.24400000 939.48000 119.42000 16.34700 78.64300
12 1 21 06 35 29713.20000 6.24400000 938.08000 119.39000 16.34700 78.83100
12 1 21 06 35 29698.10000 6.24400000 937.38000 119.36000 16.34700 78.26600
12 1 21 06 36 29830.50000 6.23300000 941.62000 119.78000 16.34700 79.06300
12 1 21 06 36 29812.40000 6.23300000 940.76000 120.10000 16.34700 79.99300
12 1 21 06 37 29767.10000 6.23300000 939.33000 119.78000 16.34700 80.01600
