M=[
 1 5 21 13 54 47868.50000 33.84200000 2386.51000 224.48000 34.50000 206.75500
 1 5 21 13 54 47868.40000 33.84200000 2385.50000 224.51000 34.50000 206.75500
 1 5 21 13 55 47868.50000 33.84200000 2385.52000 224.25000 34.50000 206.75500
 1 5 21 13 55 47868.50000 33.84200000 2385.52000 224.15000 34.50000 206.75500
 1 5 21 13 55 47868.40000 33.84200000 2385.52000 224.22000 34.50000 206.75500
 1 5 21 13 56 47868.40000 33.85400000 2386.60000 224.40000 34.50000 206.75500
 1 5 21 13 56 47868.50000 33.85400000 2386.56000 224.40000 34.50000 206.75500
 1 5 21 13 57 47868.40000 33.84200000 2386.59000 224.40000 34.50000 206.75500
 1 5 21 13 57 47889.60000 33.87100000 2386.60000 224.51000 34.50000 206.77900
 1 5 21 13 58 47889.50000 33.81900000 2386.60000 224.49000 34.50000 206.77900
 1 5 21 13 58 47872.70000 33.81900000 2386.59000 224.48000 34.50000 206.70100
 1 5 21 13 58 47883.50000 33.81900000 2386.60000 224.48000 34.50000 206.71600
 1 5 21 13 59 47868.50000 33.81900000 2386.56000 224.46000 34.50000 206.71600
 1 5 21 13 59 47868.60000 33.85000000 2386.05000 224.37000 34.50000 206.71600
 1 5 21 14 00 47854.60000 33.77800000 2386.29000 224.20000 34.50000 206.67300
 1 5 21 14 00 47875.50000 33.78000000 2386.60000 224.20000 34.50000 206.67300
 1 5 21 14 01 47901.20000 33.78000000 2386.60000 224.60000 34.50000 206.67300
 1 5 21 14 01 47892.80000 33.78000000 2386.59000 224.60000 34.50000 206.67300
 1 5 21 14 01 47891.20000 33.78000000 2386.60000 224.60000 34.50000 206.67300
 1 5 21 14 02 47881.20000 33.87200000 2386.60000 224.60000 34.50000 206.67300
 1 5 21 14 02 47881.00000 33.87200000 2386.30000 224.71000 34.50000 206.67300
 1 5 21 14 03 47881.20000 33.87200000 2388.47000 224.85000 34.50000 206.67300
 1 5 21 14 03 47881.20000 33.87200000 2388.46000 224.85000 34.50000 206.67300
 1 5 21 14 04 47881.20000 33.87200000 2388.46000 224.85000 34.50000 206.67300
 1 5 21 14 04 47881.20000 33.87200000 2388.46000 224.86000 34.50000 206.67300
 1 5 21 14 04 47881.20000 33.87200000 2388.46000 224.86000 34.50000 206.67300
 1 5 21 14 05 47881.20000 33.87200000 2388.46000 224.86000 34.50000 206.67300
 1 5 21 14 05 47881.20000 33.87200000 2388.46000 224.86000 34.50000 206.67300
 1 5 21 14 06 47881.20000 33.87200000 2388.46000 224.86000 34.50000 206.67300
 1 5 21 14 06 47881.20000 33.87200000 2388.46000 224.86000 34.50000 206.67300
 1 5 21 14 07 47881.20000 33.87200000 2388.46000 224.86000 34.50000 206.67300
 1 5 21 14 07 47881.20000 33.87200000 2389.00000 224.86000 34.50000 206.67300
 1 5 21 14 07 47875.60000 33.87200000 2387.93000 224.86000 34.50000 206.67300
 1 5 21 14 08 47811.00000 33.87200000 2386.49000 224.37000 34.50000 206.67300
 1 5 21 14 08 47800.10000 33.70500000 2382.71000 224.53000 34.50000 206.20900
 1 5 21 14 09 47692.70000 33.65200000 2377.36000 223.68000 34.50000 206.01400
 1 5 21 14 09 47739.80000 33.62400000 2377.00000 223.86000 34.50000 206.01500
 1 5 21 14 10 47737.40000 33.62400000 2377.00000 223.86000 34.50000 206.01500
 1 5 21 14 10 47737.50000 33.62400000 2378.81000 223.68000 34.50000 206.01500
 1 5 21 14 10 47737.50000 33.62400000 2378.99000 223.68000 34.50000 205.56000
 1 5 21 14 11 47721.50000 33.55700000 2376.55000 223.81000 34.50000 205.56000
 1 5 21 14 11 47678.10000 33.51500000 2374.01000 223.49000 34.50000 205.49600
 1 5 21 14 12 47610.40000 33.47000000 2373.25000 223.32000 34.50000 205.72700
 1 5 21 14 12 47634.00000 33.47000000 2373.60000 223.47000 34.50000 205.72700
 1 5 21 14 13 47638.70000 33.47400000 2373.61000 223.33000 34.50000 205.72700
 1 5 21 14 13 47633.80000 33.57400000 2374.84000 223.41000 34.50000 205.72700
 1 5 21 14 13 47671.20000 33.57400000 2375.25000 223.54000 34.50000 205.65900
 1 5 21 14 14 47665.30000 33.51200000 2375.84000 223.51000 34.50000 204.96700
 1 5 21 14 14 47684.40000 33.51200000 2376.70000 223.54000 34.50000 204.96700
 1 5 21 14 15 47684.40000 33.51200000 2376.54000 223.43000 34.50000 205.00500
 1 5 21 14 15 47699.70000 33.51200000 2379.87000 223.79000 34.50000 205.08700
 1 5 21 14 16 47721.20000 33.51200000 2379.88000 223.87000 34.50000 205.08700
 1 5 21 14 16 47727.80000 33.51200000 2379.99000 224.00000 34.50000 205.81800
 1 5 21 14 16 47756.80000 33.51200000 2380.00000 223.89000 33.99600 205.81800
 1 5 21 14 17 47752.10000 33.62500000 2380.04000 223.95000 34.50000 205.81800
 1 5 21 14 17 47735.40000 33.62500000 2380.39000 223.88000 34.50000 205.81800
 1 5 21 14 18 47747.50000 33.62500000 2380.00000 223.88000 34.50000 205.88800
 1 5 21 14 18 47747.40000 33.62500000 2380.01000 224.04000 34.50000 205.80900
 1 5 21 14 19 47749.40000 33.62500000 2379.01000 224.03000 34.50000 205.80900
 1 5 21 14 19 47737.60000 33.61500000 2379.01000 224.04000 34.50000 205.88400
 1 5 21 14 19 47750.20000 33.61500000 2379.97000 224.04000 34.50000 205.91500
 1 5 21 14 20 47749.90000 33.62100000 2380.15000 224.01000 34.50000 205.76000
 1 5 21 14 20 47749.90000 33.63000000 2379.49000 224.01000 34.50000 205.76000
 1 5 21 14 21 47730.40000 33.63000000 2379.49000 223.97000 34.50000 205.76000
 1 5 21 14 21 47730.40000 33.69600000 2380.52000 223.97000 34.50000 205.86200
 1 5 21 14 22 47730.40000 33.69600000 2379.48000 224.05000 34.50000 206.03700
 1 5 21 14 22 47749.90000 33.60200000 2384.98000 224.08000 34.50000 206.03700
 1 5 21 14 22 47781.50000 33.60200000 2385.40000 224.09000 34.50000 206.03700
 1 5 21 14 23 47781.70000 33.60200000 2385.48000 224.17000 34.50000 206.03700
 1 5 21 14 23 47782.40000 33.60200000 2385.48000 224.17000 34.50000 206.03700
 1 5 21 14 24 47789.10000 33.66600000 2385.48000 224.15000 34.50000 206.23100
 1 5 21 14 24 47792.10000 33.66600000 2385.48000 224.22000 34.50000 206.23100
 1 5 21 14 25 47800.00000 33.66600000 2385.98000 224.22000 34.50000 206.23100
 1 5 21 14 25 47822.60000 33.66600000 2385.98000 224.32000 34.50000 206.23100
 1 5 21 14 25 47822.50000 33.66600000 2385.97000 224.27000 34.50000 206.23100
 1 5 21 14 26 47822.50000 33.66800000 2384.76000 224.24000 34.50000 206.28000
 1 5 21 14 26 47807.30000 33.72100000 2385.50000 224.35000 34.50000 206.28000
 1 5 21 14 27 47793.50000 33.70300000 2384.82000 224.35000 34.50000 206.28000
 1 5 21 14 27 47760.70000 33.68800000 2381.60000 224.08000 34.50000 206.12300
 1 5 21 14 28 47756.90000 33.68800000 2382.65000 224.25000 34.50000 206.12300
 1 5 21 14 28 47756.80000 33.69700000 2382.66000 223.99000 34.50000 205.91900
 1 5 21 14 28 47756.90000 33.69700000 2384.23000 224.26000 34.50000 205.91900
 1 5 21 14 29 47756.80000 33.66600000 2383.64000 224.26000 34.50000 205.86200
 1 5 21 14 29 47756.90000 33.66600000 2383.64000 224.26000 34.50000 205.86200
 1 5 21 14 30 47762.80000 33.59200000 2383.64000 224.21000 34.50000 205.86100
 1 5 21 14 30 47750.90000 33.66300000 2380.45000 224.21000 34.50000 205.75900
 1 5 21 14 31 47730.10000 33.53900000 2378.87000 223.67000 34.50000 205.56500
 1 5 21 14 31 47735.00000 33.61400000 2377.15000 223.67000 34.50000 205.56500
 1 5 21 14 31 47730.00000 33.61400000 2377.91000 223.40000 34.50000 205.56500
 1 5 21 14 32 47733.70000 33.61300000 2376.21000 223.40000 34.50000 205.56500
 1 5 21 14 32 47733.60000 33.54900000 2377.00000 223.51000 34.50000 205.56500
 1 5 21 14 33 47733.70000 33.54900000 2380.36000 223.73000 34.50000 205.47600
 1 5 21 14 33 47840.30000 33.54900000 2382.34000 224.26000 34.50000 205.47600
 1 5 21 14 34 47870.30000 33.73300000 2384.73000 224.62000 34.50000 205.47600
 1 5 21 14 34 47881.10000 33.73400000 2384.44000 224.73000 34.50000 205.47600
 1 5 21 14 34 47881.10000 33.79000000 2384.44000 224.72000 34.50000 205.47600
 1 5 21 14 35 47881.10000 33.70100000 2383.13000 224.43000 34.50000 205.47600
 1 5 21 14 35 47853.60000 33.71600000 2380.66000 224.43000 34.50000 205.47600
 1 5 21 14 36 47858.10000 33.71600000 2381.25000 224.43000 34.50000 205.47600
 1 5 21 14 36 47836.90000 33.71600000 2380.29000 223.89000 34.50000 205.47600
 1 5 21 14 37 47836.90000 33.71600000 2380.28000 223.99000 34.50000 205.47600
 1 5 21 14 37 47819.50000 33.76200000 2379.50000 223.98000 34.50000 205.47600
