M=[
30 11 16 18 46 702.90000 0.70431000 8.11986 3.63633 3.44000 65.63987
30 11 16 18 47 701.85000 0.70431000 8.11986 3.63633 3.44000 65.63987
30 11 16 18 47 701.85000 0.70431000 8.11986 3.63633 3.44000 65.63987
30 11 16 18 48 702.80000 0.70431000 8.11986 3.63633 3.44000 65.63987
30 11 16 18 49 702.80000 0.70431000 8.11984 3.63633 3.44000 65.63987
30 11 16 18 49 702.90000 0.70431000 8.11984 3.63633 3.44000 65.63987
30 11 16 18 49 702.90000 0.70431000 8.11977 3.63633 3.44000 65.10001
30 11 16 18 50 702.90000 0.70431000 8.11977 3.63633 3.44000 65.63964
30 11 16 18 50 702.99000 0.70431000 8.12000 3.63633 3.44000 65.63964
30 11 16 18 50 702.99000 0.70431000 8.11997 3.63633 3.44000 65.63964
30 11 16 18 51 702.99000 0.70431000 8.11997 3.63633 3.44000 65.63964
30 11 16 18 52 702.99000 0.70431000 8.11997 3.63633 3.44000 65.63964
30 11 16 18 53 702.99000 0.70431000 8.11997 3.63633 3.44000 65.63964
30 11 16 18 52 702.99000 0.70431000 8.11997 3.63633 3.44000 65.63964
30 11 16 18 54 702.99000 0.70431000 8.11997 3.63633 3.44000 65.63964
30 11 16 18 54 702.99000 0.70431000 8.11997 3.63633 3.44000 65.63964
30 11 16 18 54 702.99000 0.70431000 8.12000 3.63633 3.44000 65.63964
30 11 16 18 55 702.99000 0.70431000 8.12000 3.63633 3.44000 65.63964
30 11 16 18 55 702.99000 0.70431000 8.12000 3.63633 3.44000 65.63964
30 11 16 18 56 702.99000 0.70431000 8.12000 3.63633 3.44000 65.63964
30 11 16 18 57 702.98900 0.70431000 8.12000 3.63633 3.44000 65.60000
30 11 16 18 57 702.90000 0.70431000 8.12000 3.63633 3.44000 65.60000
30 11 16 18 57 702.89800 0.70431000 8.12000 3.63633 3.44000 65.60000
30 11 16 18 57 702.89900 0.70431000 8.08650 3.63633 3.44000 65.60000
30 11 16 18 58 702.90000 0.70431000 8.08650 3.63633 3.44000 65.60000
30 11 16 18 58 701.68200 0.70431000 8.08800 3.63633 3.44000 65.60000
30 11 16 18 59 702.89800 0.70431000 8.09052 3.63633 3.44000 65.60000
30 11 16 18 58 702.89800 0.70431000 8.13803 3.63633 3.44000 65.60000
30 11 16 18 59 702.89800 0.70431000 8.15199 3.63633 3.44000 65.60000
30 11 16 18 59 702.89700 0.70431000 8.15199 3.63633 3.44000 65.60000
30 11 16 19 01 702.90000 0.70431000 8.15199 3.63633 3.44000 65.60000
30 11 16 19 01 702.89900 0.70431000 8.15199 3.63633 3.44000 65.60000
30 11 16 19 01 702.89900 0.70431000 8.15200 3.63633 3.44000 65.60000
30 11 16 19 02 702.89800 0.70431000 8.15200 3.63633 3.44000 65.60000
30 11 16 19 03 702.89900 0.70431000 8.15200 3.63633 3.44000 65.60000
30 11 16 19 03 702.89900 0.70431000 8.15200 3.63633 3.44000 65.60000
30 11 16 19 03 702.89900 0.70431000 8.15200 3.63633 3.44000 65.60000
30 11 16 19 05 702.89900 0.70431000 8.15200 3.63633 3.44000 65.60000
30 11 16 19 05 702.89700 0.70431000 8.15200 3.63633 3.44000 65.60000
30 11 16 19 05 702.89700 0.70431000 8.15200 3.63633 3.44000 65.60000
30 11 16 19 06 702.90000 0.70431000 8.15200 3.63633 3.44000 65.60000
30 11 16 19 05 702.90000 0.70431000 8.15200 3.63633 3.44000 65.10071
30 11 16 19 06 702.90000 0.70431000 8.15200 3.63633 3.44000 65.10071
30 11 16 19 08 702.89900 0.70431000 8.16977 3.63633 3.44000 65.10071
30 11 16 19 08 702.90000 0.70431000 8.16974 3.63633 3.44000 65.10071
30 11 16 19 07 702.90000 0.70431000 8.16974 3.63633 3.44000 65.10071
30 11 16 19 09 702.90000 0.70431000 8.16974 3.63633 3.44000 65.10071
30 11 16 19 09 702.89900 0.70431000 8.16974 3.63633 3.44000 65.10071
30 11 16 19 10 702.90000 0.70431000 8.16974 3.63633 3.44000 65.10071
30 11 16 19 10 702.90000 0.70431000 8.16974 3.63633 3.44000 65.10071
30 11 16 19 11 702.90000 0.70431000 8.16974 3.63633 3.44000 65.10071
30 11 16 19 10 702.89900 0.70431000 8.16974 3.63633 3.44000 65.10071
30 11 16 19 11 702.89500 0.70431000 8.11108 3.63633 3.44000 65.10071
30 11 16 19 12 702.89500 0.70431000 8.11108 3.63633 3.44000 65.10071
30 11 16 19 12 702.89900 0.70431000 8.11108 3.63633 3.44000 65.10071
30 11 16 19 13 702.90000 0.70431000 8.11108 3.63633 3.44000 65.10071
30 11 16 19 13 702.89400 0.70431000 8.11108 3.63633 3.44000 65.10000
30 11 16 19 13 702.89300 0.70431000 8.11108 3.63633 3.44000 65.10000
30 11 16 19 14 702.89300 0.70431000 8.11108 3.63633 3.44000 65.10000
30 11 16 19 15 702.89400 0.70431000 8.11108 3.63633 3.44000 65.10000
30 11 16 19 15 702.87400 0.70431000 8.11108 3.63633 3.44000 65.10000
30 11 16 19 15 702.87400 0.70431000 8.11108 3.63633 3.44000 65.10000
30 11 16 19 16 702.89300 0.70431000 8.11108 3.63633 3.44000 65.10000
30 11 16 19 16 702.89300 0.70431000 8.11108 3.63633 3.44000 65.10000
30 11 16 19 16 702.89300 0.70431000 8.09754 3.63633 3.44000 65.10000
30 11 16 19 18 702.89400 0.70431000 8.09754 3.63633 3.44000 65.00000
30 11 16 19 18 702.89400 0.70431000 8.09754 3.63633 3.44000 65.00001
30 11 16 19 18 702.89300 0.70431000 8.09754 3.63633 3.44000 65.00001
30 11 16 19 18 702.89300 0.70431000 8.09754 3.63633 3.44000 65.00001
30 11 16 19 18 702.89300 0.70431000 8.09754 3.63633 3.44000 65.00000
30 11 16 19 19 702.89400 0.70431000 8.09632 3.63633 3.44001 64.84000
30 11 16 19 21 702.89300 0.70431000 8.09632 3.63633 3.44001 64.84000
30 11 16 19 20 702.89400 0.70431000 8.08747 3.63633 3.44001 64.84000
30 11 16 19 20 701.64400 0.70431000 8.08747 3.63633 3.44001 64.84000
30 11 16 19 22 701.64400 0.70431000 8.08747 3.63633 3.44001 64.84000
30 11 16 19 22 701.64400 0.70431000 8.08747 3.63633 3.44001 64.50024
30 11 16 19 23 702.89400 0.70431000 8.16536 3.63633 3.44001 64.50024
30 11 16 19 22 700.78100 0.70431000 8.16536 3.63633 3.44001 64.50024
30 11 16 19 22 702.89400 0.70431000 8.16536 3.63633 3.44001 64.50011
30 11 16 19 24 700.78200 0.70431000 8.16536 3.63633 3.44001 64.50011
30 11 16 19 24 700.78100 0.70431000 8.16178 3.63633 3.44001 64.50011
30 11 16 19 25 702.79700 0.70431000 8.16178 3.63633 3.44001 64.50011
30 11 16 19 26 702.79900 0.70431000 8.16178 3.63633 3.44001 64.50011
30 11 16 19 26 702.70000 0.70431000 8.16153 3.63633 3.44001 65.48989
30 11 16 19 26 702.69800 0.70431000 8.16153 3.63633 3.44001 65.48989
30 11 16 19 26 702.69900 0.70431000 8.16153 3.63633 3.44001 65.48989
30 11 16 19 26 702.70000 0.70431000 8.16153 3.63633 3.44001 65.48989
30 11 16 19 27 702.70000 0.70431000 8.16153 3.63633 3.44001 65.48989
30 11 16 19 28 702.70000 0.70431000 8.16153 3.63633 3.44001 65.48989
30 11 16 19 29 702.69900 0.70431000 8.16153 3.63633 3.44001 65.48989
30 11 16 19 28 702.69900 0.70431000 8.16153 3.63633 3.44001 65.48989
30 11 16 19 29 702.69900 0.70431000 8.16153 3.63633 3.44001 65.48989
30 11 16 19 30 701.15000 0.70431000 8.16153 3.63633 3.44001 65.48989
30 11 16 19 30 702.70000 0.70431000 8.16153 3.63633 3.44001 65.48989
30 11 16 19 30 702.69900 0.70431000 8.16153 3.63633 3.44001 65.48989
30 11 16 19 31 702.69900 0.70431000 8.16047 3.63633 3.44001 65.48989
30 11 16 19 32 702.69900 0.70431000 8.16047 3.63633 3.44001 65.48989
30 11 16 19 31 702.70000 0.70431000 8.16034 3.63633 3.44001 65.48989
30 11 16 19 32 702.70000 0.70431000 8.16034 3.63633 3.44001 65.48989
30 11 16 19 32 702.69900 0.70431000 8.16034 3.63633 3.44001 65.11000
30 11 16 19 33 702.69900 0.70431000 8.16034 3.63633 3.44001 65.11000
30 11 16 19 34 702.69900 0.70431000 8.16034 3.63633 3.44001 65.11000
30 11 16 19 33 702.70000 0.70431000 8.16034 3.63633 3.44001 65.11000
30 11 16 19 34 702.69900 0.70431000 8.16034 3.63633 3.44001 65.11000
30 11 16 19 35 702.69900 0.70431000 8.16034 3.63633 3.44001 65.11000
30 11 16 19 36 702.69900 0.70431000 8.16034 3.63633 3.44001 65.11000
30 11 16 19 35 702.69900 0.70431000 8.16034 3.63633 3.44001 65.11000
30 11 16 19 37 702.70000 0.70431000 8.16034 3.63633 3.44001 65.11000
30 11 16 19 37 702.69900 0.70431000 8.16034 3.63633 3.44001 65.11000
30 11 16 19 38 702.75000 0.70431000 8.16034 3.63633 3.44001 65.11000
30 11 16 19 38 700.78000 0.70431000 8.16034 3.63633 3.44001 65.11000
30 11 16 19 38 702.65300 0.70431000 8.16034 3.63633 3.44001 65.11000
30 11 16 19 39 702.65300 0.70431000 8.16034 3.63633 3.44001 65.11000
30 11 16 19 40 702.65300 0.70431000 8.16034 3.63633 3.44001 65.11000
30 11 16 19 40 702.65300 0.70431000 8.16034 3.63633 3.44001 65.11000
