M=[
12 5 20 22 46 8144.70000 5.57800000 175.56000 38.84000 11.77400 38.72600
12 5 20 22 46 8144.90000 5.59100000 175.39000 38.89000 11.77400 38.72600
12 5 20 22 47 8150.00000 5.59100000 175.39000 38.84000 11.77400 38.72600
12 5 20 22 47 8149.90000 5.59100000 175.39000 38.84000 11.77400 38.72600
12 5 20 22 47 8150.00000 5.59100000 175.39000 38.96000 11.77400 38.72600
12 5 20 22 48 8144.60000 5.59100000 175.39000 38.96000 11.77400 38.72600
12 5 20 22 48 8144.50000 5.59100000 175.39000 38.96000 11.77400 38.91700
12 5 20 22 49 8150.00000 5.59100000 175.56000 38.94000 11.77400 38.91700
12 5 20 22 49 8146.00000 5.59100000 175.56000 38.94000 11.77400 38.91700
12 5 20 22 50 8150.00000 5.59100000 175.43000 38.94000 11.77400 38.91700
12 5 20 22 50 8149.90000 5.59100000 175.50000 38.94000 11.77400 38.91700
12 5 20 22 51 8150.00000 5.59100000 175.43000 38.94000 11.81900 38.91700
12 5 20 22 51 8150.50000 5.59100000 175.43000 38.94000 11.81900 38.91700
12 5 20 22 52 8150.10000 5.59100000 175.10000 38.94000 11.81900 38.91700
12 5 20 22 52 8150.00000 5.59100000 175.28000 38.94000 11.78200 38.91700
12 5 20 22 52 8146.80000 5.59100000 175.28000 38.94000 11.81900 38.91700
12 5 20 22 53 8146.80000 5.59100000 175.28000 38.94000 11.81900 38.91700
12 5 20 22 53 8146.50000 5.59100000 175.14000 38.94000 11.77400 38.91700
12 5 20 22 54 8146.40000 5.59100000 175.14000 38.94000 11.81300 38.91700
12 5 20 22 54 8146.50000 5.59100000 175.14000 38.96000 11.81300 38.91700
12 5 20 22 55 8141.50000 5.59100000 175.10000 38.94000 11.81300 38.91700
12 5 20 22 55 8150.00000 5.59100000 175.53000 38.94000 11.81300 38.91700
12 5 20 22 56 8149.90000 5.59100000 175.53000 38.94000 11.81300 38.91700
12 5 20 22 56 8145.80000 5.59100000 175.14000 38.94000 11.81300 38.91700
12 5 20 22 57 8150.00000 5.59100000 175.53000 38.94000 11.81300 38.91700
12 5 20 22 57 8150.00000 5.59100000 175.53000 38.94000 11.81300 38.91700
12 5 20 22 57 8148.00000 5.59100000 175.53000 38.94000 11.81300 38.91700
12 5 20 22 58 8145.90000 5.59100000 175.53000 38.94000 11.81300 38.91700
12 5 20 22 58 8139.60000 5.59100000 175.53000 38.94000 11.81300 38.91700
12 5 20 22 59 8133.90000 5.59100000 175.14000 38.94000 11.81300 38.91700
12 5 20 22 59 8137.80000 5.59100000 175.14000 38.94000 11.81300 38.91700
12 5 20 23 00 8142.20000 5.59100000 175.44000 38.94000 11.81300 38.72600
12 5 20 23 00 8141.10000 5.57800000 175.36000 38.94000 11.81300 38.91700
12 5 20 23 01 8141.10000 5.57800000 175.46000 38.94000 11.81300 38.91700
12 5 20 23 01 8150.50000 5.59100000 175.55000 38.94000 11.79400 38.91700
12 5 20 23 02 8146.20000 5.59100000 175.70000 38.94000 11.81300 38.72600
12 5 20 23 02 8159.40000 5.59100000 175.64000 38.94000 11.81300 38.91700
12 5 20 23 02 8160.30000 5.59100000 175.64000 38.94000 11.81300 38.91700
12 5 20 23 03 8168.50000 5.59100000 175.68000 38.94000 11.81300 38.91700
12 5 20 23 03 8168.50000 5.59100000 175.54000 38.99000 11.79400 38.72600
12 5 20 23 04 8168.50000 5.57800000 175.66000 38.99000 11.81300 38.91700
12 5 20 23 04 8168.50000 5.59100000 175.66000 38.99000 11.78200 38.91700
12 5 20 23 05 8168.50000 5.59100000 175.68000 38.99000 11.81300 38.91700
12 5 20 23 05 8168.50000 5.59100000 175.54000 38.99000 11.81300 38.91700
12 5 20 23 06 8160.80000 5.59100000 175.66000 38.99000 11.81300 38.91700
12 5 20 23 06 8158.90000 5.59100000 175.62000 38.98000 11.81300 38.91700
12 5 20 23 07 8157.40000 5.59100000 175.62000 38.98000 11.81300 38.91700
12 5 20 23 07 8157.40000 5.59100000 175.62000 38.98000 11.81300 38.95500
12 5 20 23 07 8157.00000 5.59100000 175.62000 38.98000 11.81300 38.95500
12 5 20 23 08 8159.10000 5.59100000 175.68000 38.98000 11.81300 38.95500
12 5 20 23 08 8158.80000 5.59100000 175.62000 38.98000 11.81300 38.95500
12 5 20 23 09 8158.70000 5.59100000 175.62000 38.98000 11.81300 38.95500
12 5 20 23 09 8158.00000 5.59100000 175.47000 38.98000 11.79000 38.95500
12 5 20 23 10 8158.10000 5.57800000 175.47000 39.04000 11.79000 38.95500
12 5 20 23 10 8158.00000 5.63000000 175.47000 38.98000 11.79000 38.95500
12 5 20 23 11 8158.10000 5.59100000 175.61000 38.98000 11.79200 38.95500
12 5 20 23 11 8166.80000 5.63000000 175.70000 38.98000 11.79200 38.95500
12 5 20 23 11 8166.20000 5.63000000 175.70000 39.02000 11.79200 38.95500
12 5 20 23 12 8164.20000 5.63000000 175.88000 39.02000 11.79200 38.95500
12 5 20 23 12 8163.80000 5.63000000 175.88000 39.02000 11.79200 38.95500
12 5 20 23 13 8165.30000 5.63000000 175.81000 39.02000 11.79200 38.95500
12 5 20 23 13 8161.20000 5.63000000 175.81000 38.98000 11.79200 38.95500
12 5 20 23 14 8167.50000 5.63000000 175.81000 39.02000 11.79200 38.95500
12 5 20 23 14 8170.00000 5.63000000 175.81000 39.02000 11.79200 38.95500
12 5 20 23 15 8167.50000 5.63000000 175.68000 39.02000 11.79200 38.95500
12 5 20 23 15 8157.90000 5.63000000 175.46000 39.02000 11.79200 38.89300
12 5 20 23 16 8150.00000 5.63000000 175.46000 39.02000 11.78200 38.95500
12 5 20 23 16 8150.80000 5.63000000 175.24000 39.02000 11.79000 38.89300
12 5 20 23 16 8150.00000 5.57800000 175.29000 39.02000 11.79200 38.89300
12 5 20 23 17 8142.10000 5.63000000 175.30000 39.02000 11.79200 38.89300
12 5 20 23 17 8141.20000 5.63000000 175.24000 39.02000 11.79200 38.89300
12 5 20 23 18 8138.40000 5.63000000 175.23000 39.02000 11.79200 38.89300
12 5 20 23 18 8141.90000 5.63300000 175.23000 39.02000 11.79200 38.89300
12 5 20 23 19 8145.00000 5.63300000 175.23000 38.96000 11.79200 38.89300
12 5 20 23 19 8144.90000 5.63300000 175.23000 38.98000 11.79200 38.89300
12 5 20 23 20 8144.70000 5.63300000 175.23000 39.02000 11.79200 38.89300
12 5 20 23 20 8149.90000 5.63300000 175.35000 38.96000 11.79200 38.89300
12 5 20 23 20 8149.90000 5.63300000 175.35000 38.98000 11.79200 38.89300
12 5 20 23 21 8149.90000 5.63300000 175.23000 38.96000 11.79200 38.89300
12 5 20 23 21 8148.40000 5.63300000 175.23000 38.96000 11.79200 38.89300
12 5 20 23 22 8143.10000 5.63300000 175.35000 38.96000 11.79200 38.89300
12 5 20 23 22 8146.40000 5.63300000 175.35000 38.96000 11.79200 38.89300
12 5 20 23 23 8136.40000 5.63300000 175.35000 38.96000 11.79200 38.89300
12 5 20 23 23 8136.40000 5.63300000 175.35000 38.96000 11.79200 38.89300
12 5 20 23 24 8139.40000 5.63300000 175.21000 38.96000 11.79200 38.95500
12 5 20 23 24 8137.20000 5.63300000 175.21000 38.88000 11.79200 38.89300
12 5 20 23 25 8137.50000 5.63300000 175.19000 38.88000 11.79200 38.89300
12 5 20 23 25 8134.70000 5.63300000 175.21000 38.88000 11.79200 38.89300
12 5 20 23 25 8132.00000 5.63300000 175.17000 38.88000 11.79200 38.89300
12 5 20 23 26 8130.70000 5.63300000 175.17000 38.88000 11.75800 38.89300
12 5 20 23 26 8133.00000 5.63300000 175.17000 38.88000 11.75800 38.89300
12 5 20 23 27 8133.00000 5.63300000 175.26000 38.92000 11.75800 38.95500
12 5 20 23 27 8133.00000 5.63300000 175.25000 38.92000 11.76000 38.89300
12 5 20 23 28 8137.90000 5.63300000 175.40000 38.88000 11.76000 38.72600
12 5 20 23 28 8140.20000 5.63300000 175.40000 38.97000 11.76000 38.89300
12 5 20 23 29 8133.00000 5.63300000 175.26000 38.97000 11.76000 38.89300
12 5 20 23 29 8139.10000 5.63300000 175.54000 38.97000 11.76000 38.89300
12 5 20 23 30 8146.40000 5.63300000 175.54000 39.07000 11.76000 38.72600
12 5 20 23 30 8145.00000 5.63300000 175.54000 39.07000 11.76000 38.89300
12 5 20 23 31 8144.90000 5.63000000 175.54000 39.07000 11.76000 38.89300
12 5 20 23 31 8144.90000 5.63300000 175.54000 39.07000 11.76000 38.89300
12 5 20 23 31 8150.00000 5.63300000 175.54000 39.07000 11.76000 38.89300
12 5 20 23 32 8157.80000 5.63300000 175.54000 38.97000 11.75800 38.89300
12 5 20 23 32 8157.90000 5.63300000 175.65000 39.07000 11.76000 38.89300
12 5 20 23 33 8157.90000 5.63300000 175.65000 39.07000 11.76000 38.89300
12 5 20 23 33 8158.70000 5.63300000 175.65000 39.07000 11.76000 38.89300
12 5 20 23 34 8159.60000 5.64600000 175.64000 39.07000 11.76000 38.89300
12 5 20 23 34 8159.60000 5.64600000 175.64000 38.97000 11.76000 38.89300
12 5 20 23 35 8158.80000 5.64600000 175.54000 39.07000 11.76000 38.89300
