M=[
 2 10 20 18 45 9006.20000 4.86800000 294.02000 38.38000 11.72200 54.82900
 2 10 20 18 46 9003.60000 4.86800000 293.79000 38.38000 11.72200 54.82900
 2 10 20 18 46 9003.60000 4.86800000 293.86000 38.37000 11.72200 54.82900
 2 10 20 18 47 9007.50000 4.86800000 293.80000 38.37000 11.72200 54.82900
 2 10 20 18 47 9003.70000 4.86800000 293.43000 38.33000 11.72200 54.82900
 2 10 20 18 47 9003.60000 4.86800000 293.34000 38.33000 11.72200 54.82900
 2 10 20 18 48 9003.70000 4.86800000 293.34000 38.33000 11.72200 54.82900
 2 10 20 18 48 8997.80000 4.86800000 293.34000 38.33000 11.72200 54.82900
 2 10 20 18 49 9000.50000 4.86800000 293.47000 38.33000 11.72200 54.82900
 2 10 20 18 49 9002.90000 4.86800000 293.61000 38.33000 11.72200 54.82900
 2 10 20 18 50 8998.20000 4.86800000 293.61000 38.33000 11.72200 54.82900
 2 10 20 18 50 9000.10000 4.86800000 293.33000 38.33000 11.72200 54.82900
 2 10 20 18 50 8998.30000 4.86800000 293.33000 38.31000 11.72200 54.82900
 2 10 20 18 51 8998.40000 4.86800000 293.20000 38.31000 11.72200 54.49100
 2 10 20 18 51 8998.40000 4.86800000 293.21000 38.31000 11.72200 54.49100
 2 10 20 18 52 8999.60000 4.86800000 293.21000 38.31000 11.72200 54.49100
 2 10 20 18 52 8999.60000 4.86800000 293.21000 38.31000 11.72200 54.49100
 2 10 20 18 53 9000.40000 4.86800000 293.08000 38.31000 11.72200 54.49100
 2 10 20 18 53 9001.40000 4.86800000 293.08000 38.31000 11.79000 54.49100
 2 10 20 18 53 9001.40000 4.86800000 293.27000 38.31000 11.73000 54.49100
 2 10 20 18 54 9001.00000 4.86800000 293.28000 38.31000 11.73000 54.80700
 2 10 20 18 54 9003.20000 4.86800000 293.28000 38.31000 11.73000 54.80700
 2 10 20 18 55 9008.30000 4.86800000 293.28000 38.31000 11.73000 54.82900
 2 10 20 18 55 9016.00000 4.86800000 294.00000 38.31000 11.73000 54.82900
 2 10 20 18 56 9015.90000 4.86800000 294.10000 38.31000 11.71900 54.82900
 2 10 20 18 56 9016.00000 4.86800000 294.10000 38.31000 11.71900 54.82900
 2 10 20 18 57 9014.20000 4.86800000 294.04000 38.31000 11.71900 54.82900
 2 10 20 18 57 9014.40000 4.86800000 294.04000 38.31000 11.71900 54.82900
 2 10 20 18 57 9014.50000 4.86800000 294.10000 38.31000 11.71900 54.82900
 2 10 20 18 58 9015.30000 4.86800000 294.10000 38.31000 11.71900 54.82900
 2 10 20 18 58 9014.60000 4.86800000 294.10000 38.31000 11.71900 54.82900
 2 10 20 18 59 9014.10000 4.86800000 294.10000 38.31000 11.71900 54.82900
 2 10 20 18 59 9014.80000 4.86800000 294.15000 38.31000 11.71900 54.82900
 2 10 20 19 00 9015.90000 4.86800000 294.22000 38.31000 11.71900 54.82900
 2 10 20 19 00 9014.00000 4.86800000 294.23000 38.31000 11.71900 54.93000
 2 10 20 19 00 9010.30000 4.86800000 294.11000 38.31000 11.71900 54.93000
 2 10 20 19 01 9010.40000 4.86800000 294.18000 38.37000 11.71900 54.93000
 2 10 20 19 01 9010.40000 4.86800000 294.18000 38.37000 11.71900 54.93000
 2 10 20 19 02 9010.30000 4.86800000 294.18000 38.37000 11.71900 54.93000
 2 10 20 19 02 9010.30000 4.86800000 293.80000 38.37000 11.71900 54.93000
 2 10 20 19 03 9010.10000 4.86800000 293.80000 38.37000 11.71900 54.93000
 2 10 20 19 03 9010.20000 4.86800000 294.13000 38.37000 11.71900 54.93000
 2 10 20 19 03 9010.10000 4.86800000 294.13000 38.37000 11.71900 54.93000
 2 10 20 19 04 9010.10000 4.86800000 294.13000 38.37000 11.71900 54.93000
 2 10 20 19 04 9010.20000 4.86800000 294.21000 38.37000 11.71900 54.93000
 2 10 20 19 05 9010.20000 4.86800000 294.21000 38.37000 11.71900 54.93000
 2 10 20 19 05 9010.20000 4.86800000 294.21000 38.37000 11.71900 54.93000
 2 10 20 19 06 9010.10000 4.86800000 294.15000 38.37000 11.71900 54.93000
 2 10 20 19 06 9010.10000 4.86800000 294.15000 38.37000 11.71900 54.93000
 2 10 20 19 06 9008.90000 4.86800000 294.20000 38.37000 11.71900 54.93000
 2 10 20 19 07 9009.00000 4.86800000 294.20000 38.37000 11.71900 54.93000
 2 10 20 19 07 9008.90000 4.86800000 294.20000 38.37000 11.71900 54.93000
 2 10 20 19 08 9008.90000 4.86800000 294.20000 38.37000 11.71900 54.93000
 2 10 20 19 08 9007.40000 4.86800000 293.99000 38.37000 11.71900 54.93000
 2 10 20 19 09 9007.30000 4.86800000 293.99000 38.37000 11.71900 54.93000
 2 10 20 19 09 9006.80000 4.86800000 293.82000 38.37000 11.71900 54.93000
 2 10 20 19 09 9006.80000 4.86800000 293.82000 38.37000 11.71900 54.93000
 2 10 20 19 10 9006.90000 4.86800000 293.82000 38.37000 11.71900 54.93000
 2 10 20 19 10 9005.00000 4.86800000 293.82000 38.37000 11.71900 54.93000
 2 10 20 19 11 9005.10000 4.86800000 294.21000 38.37000 11.71900 54.93000
 2 10 20 19 11 9010.40000 4.86800000 294.32000 38.37000 11.71900 54.93000
 2 10 20 19 12 9010.40000 4.86800000 294.32000 38.37000 11.71900 54.93000
 2 10 20 19 12 9008.30000 4.86800000 294.39000 38.37000 11.80500 54.93000
 2 10 20 19 12 8999.60000 4.86800000 293.91000 38.37000 11.80500 54.93000
 2 10 20 19 13 8997.70000 4.86800000 293.92000 38.37000 11.68800 54.93000
 2 10 20 19 13 8997.80000 4.86800000 293.92000 38.37000 11.68800 54.93000
 2 10 20 19 14 8997.40000 4.86800000 293.92000 38.37000 11.68800 54.93000
 2 10 20 19 14 8997.40000 4.86800000 293.77000 38.37000 11.66400 54.93000
 2 10 20 19 15 8998.40000 4.86800000 293.76000 38.37000 11.66400 54.62600
 2 10 20 19 15 9000.80000 4.86800000 293.81000 38.37000 11.66400 54.62600
 2 10 20 19 15 9002.30000 4.86800000 293.81000 38.28000 11.66400 54.62600
 2 10 20 19 16 8998.00000 4.86800000 293.81000 38.28000 11.66400 54.62600
 2 10 20 19 16 8997.10000 4.86800000 294.05000 38.28000 11.66400 54.62600
 2 10 20 19 17 8994.70000 4.86800000 294.05000 38.28000 11.66400 54.62600
 2 10 20 19 17 8994.70000 4.86800000 294.08000 38.28000 11.66400 54.62600
 2 10 20 19 18 8994.20000 4.86800000 294.08000 38.28000 11.66400 54.62600
 2 10 20 19 18 8993.10000 4.86800000 294.09000 38.28000 11.66400 54.62600
 2 10 20 19 18 8993.40000 4.86800000 294.09000 38.28000 11.66400 54.62600
 2 10 20 19 19 8995.20000 4.86800000 294.09000 38.28000 11.66400 54.62600
 2 10 20 19 19 8995.60000 4.86800000 294.08000 38.32000 11.66400 54.62600
 2 10 20 19 20 8993.50000 4.86800000 294.08000 38.32000 11.66400 54.62600
 2 10 20 19 20 8994.20000 4.86800000 294.08000 38.30000 11.66400 54.62600
 2 10 20 19 21 9000.70000 4.86800000 294.08000 38.30000 11.66400 54.62600
 2 10 20 19 21 8998.70000 4.86800000 294.15000 38.33000 11.66400 54.62600
 2 10 20 19 21 8998.70000 4.86800000 294.15000 38.33000 11.66400 54.62600
 2 10 20 19 22 8998.60000 4.86800000 294.09000 38.33000 11.66400 54.62600
 2 10 20 19 22 8996.70000 4.86800000 294.09000 38.30000 11.66400 54.62600
 2 10 20 19 23 8996.80000 4.86800000 294.01000 38.30000 11.66400 54.62600
 2 10 20 19 23 8996.90000 4.86800000 294.01000 38.30000 11.66400 54.62600
 2 10 20 19 24 8999.40000 4.86800000 294.11000 38.30000 11.66400 54.62600
 2 10 20 19 24 8999.30000 4.86800000 294.11000 38.30000 11.66400 54.62600
 2 10 20 19 24 8999.30000 4.86800000 294.11000 38.30000 11.66400 54.62600
 2 10 20 19 25 8999.20000 4.86800000 294.02000 38.30000 11.66400 54.62600
 2 10 20 19 25 9000.10000 4.86800000 294.02000 38.30000 11.66400 54.62600
 2 10 20 19 26 8999.30000 4.86800000 294.02000 38.30000 11.66400 54.62600
 2 10 20 19 26 8999.30000 4.86800000 294.01000 38.30000 11.66400 54.62600
 2 10 20 19 27 9000.10000 4.86800000 294.01000 38.30000 11.66400 54.62600
 2 10 20 19 27 9000.10000 4.86800000 294.03000 38.30000 11.66400 54.62600
 2 10 20 19 27 9000.00000 4.86800000 294.11000 38.30000 11.66400 54.62600
 2 10 20 19 28 9000.10000 4.86800000 294.13000 38.30000 11.66400 54.62600
 2 10 20 19 28 9000.00000 4.86800000 294.14000 38.30000 11.66400 54.62600
 2 10 20 19 29 9002.10000 4.86800000 294.30000 38.30000 11.66400 54.62600
 2 10 20 19 29 8999.70000 4.86800000 294.13000 38.30000 11.66400 54.62600
 2 10 20 19 30 9000.60000 4.86800000 294.13000 38.30000 11.66400 54.62600
 2 10 20 19 30 9000.70000 4.86800000 294.07000 38.30000 11.66400 54.62600
 2 10 20 19 30 8993.10000 4.86800000 294.07000 38.30000 11.66400 54.62600
 2 10 20 19 31 8993.00000 4.86800000 294.02000 38.30000 11.66400 54.62600
 2 10 20 19 31 8993.00000 4.86800000 294.02000 38.30000 11.66400 54.62600
