M=[
26 6 21 11 06 26326.90000 32.28000000 1493.78000 103.48000 14.59600 84.76700
26 6 21 11 06 26332.30000 32.28000000 1493.95000 103.48000 14.59600 84.56900
26 6 21 11 07 26321.00000 32.28000000 1492.59000 103.18000 14.59600 84.56900
26 6 21 11 07 26362.50000 32.28000000 1494.58000 103.18000 14.59600 84.56900
26 6 21 11 08 26386.90000 32.70500000 1493.91000 103.18000 14.59600 84.56900
26 6 21 11 08 26422.00000 32.70500000 1498.20000 103.18000 14.59600 84.56900
26 6 21 11 09 26422.70000 32.70500000 1498.01000 103.18000 14.59600 84.56900
26 6 21 11 09 26437.90000 32.70500000 1499.94000 103.18000 14.59600 84.56900
26 6 21 11 09 26537.10000 32.70500000 1502.01000 103.65000 14.59600 84.56900
26 6 21 11 10 26608.60000 32.97200000 1508.99000 104.22000 14.59600 85.18000
26 6 21 11 10 26598.20000 32.97200000 1507.16000 103.99000 14.59600 85.18000
26 6 21 11 11 26577.60000 32.97200000 1504.89000 103.81000 14.59600 85.18000
26 6 21 11 11 26634.30000 33.00000000 1508.98000 104.01000 14.59600 85.18000
26 6 21 11 12 26630.10000 33.00000000 1508.60000 104.01000 14.77600 85.18000
26 6 21 11 12 26588.50000 33.00000000 1505.17000 104.01000 14.77600 85.18000
26 6 21 11 12 26581.20000 33.00000000 1504.99000 104.01000 14.77600 85.18000
26 6 21 11 13 26544.90000 33.00000000 1503.31000 103.84000 14.77600 85.18000
26 6 21 11 13 26553.50000 33.00000000 1503.31000 103.81000 14.77600 85.18000
26 6 21 11 14 26523.30000 32.91600000 1500.73000 103.71000 14.77600 85.18000
26 6 21 11 14 26511.20000 32.91600000 1500.90000 103.71000 14.77600 85.18000
26 6 21 11 15 26533.30000 32.91600000 1503.83000 103.56000 14.77600 85.18000
26 6 21 11 15 26512.60000 32.91600000 1503.44000 103.56000 14.77600 85.18000
26 6 21 11 15 26490.60000 32.91600000 1500.89000 103.56000 14.77600 85.18000
26 6 21 11 16 26482.00000 32.91600000 1500.58000 103.56000 14.77600 85.18000
26 6 21 11 16 26480.60000 32.87500000 1500.21000 103.51000 14.77600 84.57300
26 6 21 11 17 26516.80000 32.93000000 1500.21000 103.68000 14.77600 84.62800
26 6 21 11 17 26480.80000 32.93000000 1500.69000 103.68000 14.77600 84.62800
26 6 21 11 18 26457.40000 32.93000000 1500.00000 103.46000 14.77600 84.62800
26 6 21 11 18 26453.00000 32.93000000 1500.16000 103.46000 14.77600 84.62800
26 6 21 11 18 26512.90000 32.93000000 1500.83000 103.60000 14.77600 84.62800
26 6 21 11 19 26627.70000 32.93000000 1506.11000 103.87000 14.77600 84.62800
26 6 21 11 19 26606.50000 32.93000000 1506.74000 103.99000 14.77600 84.62800
26 6 21 11 20 26564.10000 32.93000000 1504.85000 103.99000 14.77600 84.62800
26 6 21 11 20 26522.70000 32.93000000 1501.37000 103.99000 14.77600 84.62800
26 6 21 11 21 26530.00000 32.93000000 1500.90000 103.99000 14.77600 84.62800
26 6 21 11 21 26519.30000 32.93000000 1500.90000 103.66000 14.77600 84.62800
26 6 21 11 21 26515.70000 32.93000000 1502.00000 103.66000 14.77600 84.62800
26 6 21 11 22 26508.10000 32.93000000 1502.00000 103.66000 14.77600 84.62800
26 6 21 11 22 26499.80000 32.93000000 1502.00000 103.50000 14.77600 84.62800
26 6 21 11 23 26513.00000 32.93000000 1500.78000 103.50000 14.77600 84.62800
26 6 21 11 23 26490.00000 32.93000000 1500.72000 103.50000 14.77600 84.62800
26 6 21 11 24 26515.70000 32.93000000 1500.82000 103.50000 14.77600 84.62800
26 6 21 11 24 26459.60000 32.93000000 1499.93000 103.66000 14.77600 84.62800
26 6 21 11 24 26452.90000 32.93000000 1501.36000 103.66000 14.77600 84.62800
26 6 21 11 25 26415.60000 32.93000000 1499.81000 103.66000 14.66800 84.62800
26 6 21 11 25 26432.90000 32.93000000 1499.69000 103.66000 14.66800 84.62800
26 6 21 11 26 26416.40000 32.93000000 1500.28000 103.68000 14.66800 84.62800
26 6 21 11 26 26409.50000 32.93000000 1499.17000 103.68000 14.66800 84.62800
26 6 21 11 27 26414.80000 32.93000000 1499.35000 103.68000 14.66800 84.62800
26 6 21 11 27 26431.40000 32.93000000 1500.00000 103.65000 14.66800 84.62800
26 6 21 11 27 26441.10000 32.93000000 1500.58000 103.65000 14.66800 84.62800
26 6 21 11 28 26430.90000 32.93000000 1499.56000 103.53000 14.66800 84.62800
26 6 21 11 28 26426.00000 32.93000000 1499.55000 103.53000 14.66800 84.62800
26 6 21 11 29 26420.20000 32.87600000 1499.56000 103.53000 14.66800 84.62800
26 6 21 11 29 26430.10000 32.87600000 1499.85000 103.53000 14.66800 84.62800
26 6 21 11 30 26441.10000 32.87600000 1500.00000 103.53000 14.66800 84.62800
26 6 21 11 30 26460.80000 32.87600000 1499.89000 103.53000 14.66800 84.62800
26 6 21 11 30 26444.50000 32.87600000 1499.23000 103.53000 14.66800 84.62800
26 6 21 11 31 26447.90000 32.87600000 1499.22000 103.53000 14.66800 84.62800
26 6 21 11 31 26446.80000 32.87600000 1499.13000 103.53000 14.66800 84.62800
26 6 21 11 32 26442.30000 32.87600000 1500.75000 103.63000 14.66800 84.62800
26 6 21 11 32 26442.30000 32.87600000 1499.38000 103.68000 14.66800 84.62800
26 6 21 11 33 26444.00000 32.87600000 1499.69000 103.68000 14.66800 84.62800
26 6 21 11 33 26448.00000 32.87600000 1500.17000 103.68000 14.66800 84.62800
26 6 21 11 33 26448.00000 32.87600000 1500.62000 103.75000 14.66800 84.62800
26 6 21 11 34 26475.30000 32.87600000 1500.62000 103.77000 14.66800 84.62800
26 6 21 11 34 26455.90000 32.87600000 1499.98000 103.65000 14.66800 84.62800
26 6 21 11 35 26466.30000 32.87600000 1500.62000 103.65000 14.66800 84.62800
26 6 21 11 35 26448.70000 32.87600000 1499.28000 103.65000 14.66800 84.62800
26 6 21 11 36 26448.70000 32.87600000 1501.66000 103.65000 14.66800 84.62800
26 6 21 11 36 26497.00000 32.87600000 1503.70000 103.65000 14.66800 85.42900
26 6 21 11 36 26521.90000 32.87600000 1505.25000 104.07000 14.66800 85.38200
26 6 21 11 37 26507.60000 32.87600000 1504.79000 104.07000 14.66800 85.38200
26 6 21 11 37 26495.20000 32.87600000 1503.09000 104.06000 14.66800 85.38200
26 6 21 11 38 26485.10000 32.87600000 1503.09000 104.05000 14.66800 85.38200
26 6 21 11 38 26485.50000 32.87600000 1504.01000 104.05000 14.66800 85.38200
26 6 21 11 39 26487.80000 32.87600000 1504.44000 104.05000 14.66800 85.38200
26 6 21 11 39 26496.60000 32.87600000 1504.10000 104.05000 14.66800 85.38200
26 6 21 11 39 26490.70000 32.87600000 1504.82000 103.97000 14.66800 85.38200
26 6 21 11 40 26488.00000 32.87600000 1504.54000 103.95000 14.66800 85.38200
26 6 21 11 40 26503.60000 32.87600000 1504.54000 103.95000 14.66800 85.38200
26 6 21 11 41 26576.20000 32.87600000 1508.64000 104.21000 14.66800 85.38200
26 6 21 11 41 26608.30000 32.87600000 1509.77000 104.24000 14.66800 85.38200
26 6 21 11 42 26595.50000 32.87600000 1510.39000 104.33000 14.66800 85.38200
26 6 21 11 42 26581.60000 32.87600000 1511.00000 104.30000 14.66800 85.38200
26 6 21 11 42 26614.00000 32.87600000 1512.61000 104.30000 14.66800 85.38200
26 6 21 11 43 26664.60000 32.87600000 1516.34000 104.32000 14.74300 85.58100
26 6 21 11 43 26618.40000 32.87600000 1516.16000 104.32000 14.74300 85.58100
26 6 21 11 44 26610.00000 32.87600000 1515.80000 104.32000 14.74300 85.58100
26 6 21 11 44 26583.40000 32.87600000 1515.50000 104.26000 14.74300 85.58100
26 6 21 11 45 26574.30000 32.87600000 1514.79000 104.26000 14.74300 85.58100
26 6 21 11 45 26593.70000 32.87600000 1514.97000 104.26000 14.74300 85.78000
26 6 21 11 45 26557.20000 32.87600000 1513.54000 104.26000 14.74300 85.78000
26 6 21 11 46 26566.20000 32.87600000 1513.04000 104.14000 14.74300 85.45400
26 6 21 11 46 26540.00000 32.87600000 1510.50000 104.14000 14.74300 85.45400
26 6 21 11 47 26529.00000 32.87600000 1511.29000 104.00000 14.74300 85.45400
26 6 21 11 47 26523.70000 32.87600000 1512.03000 104.00000 14.74300 85.45400
26 6 21 11 48 26585.50000 32.87600000 1513.03000 104.00000 14.74300 85.45400
26 6 21 11 48 26640.90000 32.87600000 1513.04000 104.00000 14.74300 85.45400
26 6 21 11 48 26659.00000 33.27500000 1515.39000 104.43000 14.74300 85.45400
26 6 21 11 49 26722.90000 33.27500000 1520.48000 104.56000 14.74300 86.03400
26 6 21 11 49 26784.70000 33.27500000 1520.52000 104.83000 14.74300 86.03400
26 6 21 11 50 26746.30000 33.41900000 1518.24000 104.83000 14.74300 86.03400
