M=[
27 5 21 19 15 32126.80000 61.51900000 2288.88000 163.11000 25.90400 123.51200
27 5 21 19 15 32133.60000 61.51900000 2291.08000 163.46000 25.90400 123.51200
27 5 21 19 16 32135.80000 61.71500000 2290.79000 163.45000 25.90400 123.51200
27 5 21 19 16 32098.80000 61.61400000 2285.74000 162.89000 25.90400 123.51200
27 5 21 19 16 32064.80000 61.61400000 2284.52000 162.75000 25.90400 123.72400
27 5 21 19 17 32050.00000 61.61400000 2280.51000 162.75000 25.90400 123.72400
27 5 21 19 17 32050.10000 61.61400000 2280.57000 162.75000 25.90400 123.72400
27 5 21 19 18 32055.00000 61.61400000 2281.06000 162.75000 25.90400 123.72400
27 5 21 19 18 32050.10000 61.26700000 2280.30000 162.75000 25.90400 123.41700
27 5 21 19 19 32050.10000 61.26700000 2279.16000 162.75000 25.90400 123.41700
27 5 21 19 19 32050.10000 61.26700000 2278.91000 162.75000 25.90400 123.41700
27 5 21 19 20 32022.50000 61.21500000 2278.91000 162.25000 25.90400 123.41700
27 5 21 19 20 32013.40000 61.26700000 2278.07000 162.48000 25.90400 122.97200
27 5 21 19 20 31990.00000 60.90700000 2275.43000 162.27000 25.90400 122.97200
27 5 21 19 21 31979.10000 60.99900000 2275.38000 162.27000 25.95700 122.97200
27 5 21 19 21 31979.10000 60.99900000 2276.20000 161.97000 25.95700 122.97200
27 5 21 19 22 31991.00000 61.15800000 2277.36000 162.12000 25.95700 122.97200
27 5 21 19 22 31996.60000 61.15800000 2278.04000 162.20000 25.95700 122.97200
27 5 21 19 23 31993.10000 61.15800000 2277.92000 162.03000 25.95700 122.97200
27 5 21 19 23 31979.20000 61.15800000 2275.76000 162.03000 25.95700 122.97200
27 5 21 19 23 31979.10000 61.15800000 2275.26000 162.03000 25.95700 122.97200
27 5 21 19 24 31979.20000 60.89700000 2275.27000 162.03000 25.95700 122.68500
27 5 21 19 24 31997.90000 60.89700000 2275.58000 162.03000 25.95700 122.68500
27 5 21 19 25 31992.90000 60.89700000 2275.11000 162.03000 25.95700 122.68500
27 5 21 19 25 31983.20000 60.89700000 2275.16000 162.03000 25.95700 122.68500
27 5 21 19 26 31979.10000 60.89700000 2274.09000 162.02000 25.95700 122.68500
27 5 21 19 26 31985.90000 60.89700000 2274.05000 162.11000 25.95700 122.68500
27 5 21 19 26 31909.70000 60.89700000 2272.00000 162.11000 25.74800 122.60000
27 5 21 19 27 31875.10000 60.92500000 2261.93000 161.09000 25.74800 122.13600
27 5 21 19 27 31808.40000 60.92500000 2260.39000 160.64000 25.77100 121.97400
27 5 21 19 28 31738.20000 60.69900000 2252.05000 160.46000 25.74800 121.85700
27 5 21 19 28 31729.30000 60.43700000 2253.32000 160.11000 25.74600 121.59200
27 5 21 19 29 31698.40000 60.42700000 2252.82000 160.06000 25.74600 121.59200
27 5 21 19 29 31719.30000 60.66700000 2254.61000 160.41000 25.74600 121.59200
27 5 21 19 29 31715.90000 60.50000000 2252.01000 160.01000 25.74600 121.59200
27 5 21 19 30 31704.00000 60.49800000 2254.48000 160.12000 25.74600 121.59200
27 5 21 19 30 31720.00000 60.49800000 2257.53000 160.12000 25.74600 121.59200
27 5 21 19 31 31698.00000 60.49800000 2257.34000 160.16000 25.74600 121.59200
27 5 21 19 31 31734.90000 60.49800000 2258.99000 160.19000 25.74600 121.59200
27 5 21 19 32 31736.70000 60.49800000 2259.65000 160.41000 25.74600 121.59200
27 5 21 19 32 31790.90000 60.91700000 2263.50000 160.41000 25.74600 121.59200
27 5 21 19 32 31795.60000 60.98900000 2264.12000 160.86000 25.74600 121.59200
27 5 21 19 33 31757.20000 60.98900000 2260.10000 160.51000 25.74600 121.59200
27 5 21 19 33 31743.30000 60.98900000 2260.00000 160.35000 25.74600 121.59200
27 5 21 19 34 31774.40000 61.06800000 2260.47000 160.86000 25.74600 121.59200
27 5 21 19 34 31796.60000 61.14000000 2262.77000 160.86000 25.74600 121.59200
27 5 21 19 35 31809.80000 61.14000000 2264.02000 161.12000 25.74600 121.59200
27 5 21 19 35 31812.40000 61.14000000 2263.85000 161.10000 25.74600 121.59200
27 5 21 19 35 31768.50000 61.14000000 2259.36000 161.10000 25.74600 121.59200
27 5 21 19 36 31708.80000 61.14000000 2257.09000 160.74000 25.74600 121.59200
27 5 21 19 36 31716.40000 61.14000000 2254.59000 160.32000 25.74600 121.59200
27 5 21 19 37 31726.80000 61.14000000 2255.46000 160.32000 25.74600 121.59200
27 5 21 19 37 31748.20000 61.14000000 2255.47000 160.74000 25.74600 121.59200
27 5 21 19 38 31740.80000 61.14000000 2256.93000 160.64000 25.74600 121.59200
27 5 21 19 38 31750.00000 60.90300000 2257.09000 160.44000 25.74600 121.59200
27 5 21 19 38 31798.00000 61.07000000 2260.59000 160.86000 25.74600 121.59200
27 5 21 19 39 31810.20000 61.07000000 2262.99000 160.86000 25.74600 121.59200
27 5 21 19 39 31779.80000 61.07000000 2260.70000 160.61000 25.74600 121.59200
27 5 21 19 40 31785.00000 61.07000000 2261.63000 160.83000 25.74600 121.59200
27 5 21 19 40 31784.90000 61.07000000 2260.35000 161.13000 25.74600 121.59200
27 5 21 19 41 31785.00000 61.07000000 2256.68000 161.11000 25.74600 121.59200
27 5 21 19 41 31755.00000 61.07000000 2256.37000 161.05000 25.74600 121.59200
27 5 21 19 41 31751.80000 61.07000000 2254.80000 161.05000 25.74600 121.59200
27 5 21 19 42 31737.50000 61.07000000 2255.94000 161.05000 25.74600 121.59200
27 5 21 19 42 31761.90000 61.07000000 2256.70000 160.74000 25.74600 121.59200
27 5 21 19 43 31733.70000 61.07000000 2255.21000 160.74000 25.74600 121.88900
27 5 21 19 43 31736.10000 61.07000000 2256.61000 160.74000 25.74600 121.88900
27 5 21 19 44 31745.20000 61.07000000 2255.00000 160.76000 25.74600 121.88900
27 5 21 19 44 31744.40000 61.07000000 2255.00000 160.57000 25.74600 121.59200
27 5 21 19 44 31719.60000 60.84100000 2251.09000 160.56000 25.74600 121.59200
27 5 21 19 45 31723.10000 60.84100000 2251.01000 160.46000 25.74600 121.59200
27 5 21 19 45 31726.70000 60.75000000 2253.39000 160.58000 25.74600 121.59200
27 5 21 19 46 31722.80000 60.75000000 2252.64000 160.42000 25.74600 121.59200
27 5 21 19 46 31730.10000 60.75000000 2257.24000 160.42000 25.75000 121.59200
27 5 21 19 47 31742.40000 60.75000000 2257.32000 160.91000 25.75000 121.59200
27 5 21 19 47 31742.20000 60.75000000 2259.33000 161.05000 25.75000 121.59200
27 5 21 19 47 31741.80000 60.75000000 2259.93000 161.25000 25.75000 121.59200
27 5 21 19 48 31767.30000 60.82800000 2257.71000 161.12000 25.75000 122.03000
27 5 21 19 48 31770.10000 60.82800000 2258.72000 161.12000 25.75000 121.93200
27 5 21 19 49 31773.20000 60.82800000 2260.53000 161.38000 25.75000 121.93200
27 5 21 19 49 31782.10000 60.82900000 2260.38000 161.37000 25.75000 121.93200
27 5 21 19 50 31781.70000 60.77200000 2259.45000 161.40000 25.75000 121.84000
27 5 21 19 50 31775.00000 60.77200000 2259.00000 161.27000 25.75000 121.84000
27 5 21 19 50 31774.90000 60.77200000 2259.00000 161.53000 25.75000 121.84000
27 5 21 19 51 31775.80000 60.77200000 2259.45000 161.49000 25.75000 121.84000
27 5 21 19 51 31792.60000 60.77200000 2258.60000 161.49000 25.75000 121.84000
27 5 21 19 52 31784.20000 60.93200000 2257.56000 161.36000 25.75000 121.84000
27 5 21 19 52 31792.30000 60.93200000 2259.34000 161.36000 25.75000 121.84000
27 5 21 19 53 31790.20000 60.93200000 2258.48000 161.36000 25.75000 121.84000
27 5 21 19 53 31794.20000 60.93200000 2259.45000 161.77000 25.75000 121.84000
27 5 21 19 53 31784.50000 60.84900000 2259.45000 161.86000 25.75000 121.84000
27 5 21 19 54 31855.20000 60.84900000 2263.66000 161.92000 25.75000 121.84000
27 5 21 19 54 31817.40000 60.84900000 2260.65000 161.81000 25.75000 122.13200
27 5 21 19 55 31805.00000 60.84900000 2260.33000 161.59000 25.75000 122.13200
27 5 21 19 55 31854.90000 60.84900000 2261.52000 161.59000 25.75000 122.13200
27 5 21 19 56 31854.00000 60.84900000 2260.82000 161.59000 25.75000 122.13200
27 5 21 19 56 31853.90000 60.84900000 2263.85000 161.84000 25.75000 122.16500
27 5 21 19 56 31849.80000 60.84900000 2263.65000 161.84000 25.75000 122.16500
27 5 21 19 57 31838.30000 60.84900000 2263.64000 161.84000 25.75000 122.16500
27 5 21 19 57 31843.40000 60.85800000 2263.65000 162.15000 25.75000 122.16500
27 5 21 19 58 31854.00000 60.85800000 2264.69000 162.19000 25.75000 121.99800
27 5 21 19 58 31844.70000 60.85800000 2264.71000 161.96000 25.75000 121.99800
