M=[
25 4 20 03 56 6957.00000 5.20400000 173.79000 41.35000 9.36000 40.58500
25 4 20 03 56 6957.00000 5.20400000 173.79000 41.35000 9.40100 40.58500
25 4 20 03 57 6957.00000 5.20400000 174.06000 41.35000 9.40100 40.58500
25 4 20 03 57 6957.00000 5.20400000 174.06000 41.35000 9.40100 40.58500
25 4 20 03 58 6960.90000 5.20400000 174.22000 41.35000 9.40100 40.58500
25 4 20 03 58 6960.90000 5.20400000 174.06000 41.35000 9.40100 40.58500
25 4 20 03 58 6959.80000 5.20400000 174.22000 41.35000 9.40100 40.63500
25 4 20 03 59 6962.50000 5.20400000 174.22000 41.35000 9.40100 40.58500
25 4 20 03 59 6963.30000 5.20400000 174.06000 41.35000 9.40100 40.58500
25 4 20 04 00 6963.50000 5.20400000 174.22000 41.35000 9.40100 40.58500
25 4 20 04 00 6963.50000 5.20400000 174.22000 41.35000 9.40100 40.55200
25 4 20 04 01 6963.70000 5.20400000 174.22000 41.35000 9.40100 40.55200
25 4 20 04 01 6963.70000 5.20400000 174.16000 41.35000 9.40100 40.55200
25 4 20 04 01 6963.70000 5.20400000 174.15000 41.35000 9.40100 40.55200
25 4 20 04 02 6962.00000 5.19200000 174.15000 41.35000 9.40100 40.55200
25 4 20 04 02 6962.00000 5.20400000 174.15000 41.35000 9.36000 40.55200
25 4 20 04 03 6962.00000 5.20400000 174.06000 41.35000 9.40100 40.58500
25 4 20 04 03 6960.60000 5.20400000 174.06000 41.35000 9.40100 40.55200
25 4 20 04 04 6963.10000 5.20400000 174.06000 41.35000 9.40100 40.55200
25 4 20 04 04 6963.70000 5.20400000 174.16000 41.35000 9.40100 40.55200
25 4 20 04 05 6962.00000 5.20400000 174.06000 41.35000 9.40100 40.63500
25 4 20 04 05 6963.50000 5.20400000 174.17000 41.35000 9.40100 40.55200
25 4 20 04 05 6963.30000 5.20400000 174.06000 41.35000 9.40100 40.55200
25 4 20 04 06 6963.30000 5.20400000 174.06000 41.35000 9.40100 40.55200
25 4 20 04 06 6963.10000 5.20400000 174.06000 41.35000 9.40100 40.55200
25 4 20 04 07 6963.10000 5.20400000 174.06000 41.35000 9.40100 40.55200
25 4 20 04 07 6963.10000 5.20400000 174.06000 41.35000 9.40100 40.55200
25 4 20 04 08 6963.10000 5.20400000 174.06000 41.35000 9.40100 40.55200
25 4 20 04 08 6963.10000 5.20400000 174.06000 41.35000 9.36000 40.55200
25 4 20 04 09 6963.10000 5.20400000 174.06000 41.37000 9.36000 40.55200
25 4 20 04 09 6962.10000 5.20400000 173.86000 41.37000 9.40100 40.55200
25 4 20 04 09 6962.00000 5.20400000 173.86000 41.37000 9.40100 40.55200
25 4 20 04 10 6960.50000 5.20400000 173.86000 41.37000 9.40100 40.55200
25 4 20 04 10 6960.50000 5.20400000 173.86000 41.37000 9.40100 40.55200
25 4 20 04 11 6960.50000 5.20400000 173.79000 41.37000 9.40100 40.55200
25 4 20 04 11 6960.30000 5.20400000 173.79000 41.37000 9.40100 40.55200
25 4 20 04 12 6960.30000 5.20400000 173.79000 41.30000 9.40100 40.55200
25 4 20 04 12 6956.00000 5.20400000 173.79000 41.30000 9.40100 40.55200
25 4 20 04 13 6956.50000 5.20400000 173.79000 41.30000 9.40100 40.55200
25 4 20 04 13 6956.00000 5.20400000 173.79000 41.30000 9.40100 40.55200
25 4 20 04 13 6956.00000 5.20400000 173.79000 41.30000 9.40100 40.55200
25 4 20 04 14 6958.00000 5.20400000 173.79000 41.30000 9.40100 40.55200
25 4 20 04 14 6958.00000 5.20400000 173.79000 41.30000 9.40100 40.55200
25 4 20 04 15 6957.60000 5.20400000 173.79000 41.30000 9.40100 40.55200
25 4 20 04 15 6957.60000 5.20400000 173.79000 41.30000 9.40100 40.43700
25 4 20 04 16 6957.60000 5.20400000 173.79000 41.30000 9.40100 40.55200
25 4 20 04 16 6957.60000 5.20400000 173.79000 41.30000 9.40100 40.55200
25 4 20 04 16 6957.60000 5.20400000 173.79000 41.30000 9.40100 40.55200
25 4 20 04 17 6957.60000 5.20400000 173.84000 41.30000 9.40100 40.43700
25 4 20 04 17 6957.60000 5.18200000 173.84000 41.30000 9.40100 40.55200
25 4 20 04 18 6957.50000 5.20400000 173.79000 41.31000 9.40100 40.55200
25 4 20 04 18 6956.00000 5.20400000 173.79000 41.31000 9.40100 40.55200
25 4 20 04 19 6956.00000 5.20400000 173.79000 41.31000 9.40100 40.55200
25 4 20 04 19 6956.00000 5.20400000 173.67000 41.31000 9.40100 40.55200
25 4 20 04 20 6956.00000 5.20400000 173.72000 41.30000 9.40100 40.55200
25 4 20 04 20 6956.00000 5.20400000 173.63000 41.30000 9.40100 40.55200
25 4 20 04 20 6955.80000 5.20400000 173.72000 41.30000 9.40100 40.55200
25 4 20 04 21 6955.60000 5.20400000 173.72000 41.30000 9.40100 40.63500
25 4 20 04 21 6953.10000 5.20400000 173.73000 41.23000 9.40100 40.55200
25 4 20 04 22 6953.00000 5.20400000 173.73000 41.23000 9.40100 40.55200
25 4 20 04 22 6953.00000 5.20400000 173.73000 41.19000 9.40100 40.55200
25 4 20 04 23 6952.20000 5.20400000 173.73000 41.19000 9.36000 40.55200
25 4 20 04 23 6953.00000 5.20400000 173.73000 41.19000 9.40100 40.55200
25 4 20 04 24 6954.10000 5.20400000 173.73000 41.19000 9.40100 40.55200
25 4 20 04 24 6954.10000 5.19200000 173.76000 41.19000 9.40100 40.55200
25 4 20 04 25 6953.80000 5.18200000 173.77000 41.19000 9.40100 40.55200
25 4 20 04 25 6954.20000 5.20400000 173.77000 41.23000 9.40100 40.55200
25 4 20 04 25 6953.50000 5.20400000 173.77000 41.23000 9.40100 40.55200
25 4 20 04 26 6954.10000 5.20400000 173.69000 41.23000 9.40100 40.55200
25 4 20 04 26 6953.60000 5.20400000 173.69000 41.23000 9.40100 40.55200
25 4 20 04 27 6953.60000 5.20400000 173.69000 41.23000 9.40100 40.55200
25 4 20 04 27 6953.50000 5.20400000 173.63000 41.23000 9.40100 40.55200
25 4 20 04 28 6953.50000 5.20400000 173.77000 41.23000 9.40100 40.58500
25 4 20 04 28 6953.60000 5.20400000 173.63000 41.23000 9.40100 40.43700
25 4 20 04 28 6953.60000 5.20400000 173.63000 41.23000 9.40100 40.58500
25 4 20 04 29 6953.50000 5.20400000 173.63000 41.23000 9.40100 40.55200
25 4 20 04 29 6953.20000 5.20400000 173.69000 41.23000 9.40100 40.55200
25 4 20 04 30 6953.20000 5.18000000 173.97000 41.31000 9.40100 40.55200
25 4 20 04 30 6953.20000 5.18000000 174.08000 41.31000 9.40100 40.55200
25 4 20 04 31 6961.60000 5.18000000 174.05000 41.31000 9.40100 40.55200
25 4 20 04 31 6963.90000 5.18000000 174.12000 41.31000 9.40100 40.43700
25 4 20 04 32 6963.90000 5.18000000 174.12000 41.31000 9.40100 40.58500
25 4 20 04 32 6963.80000 5.18000000 174.07000 41.42000 9.36000 40.55200
25 4 20 04 33 6961.70000 5.18000000 174.12000 41.42000 9.40100 40.55200
25 4 20 04 33 6961.50000 5.18200000 174.13000 41.31000 9.40100 40.55200
25 4 20 04 33 6960.40000 5.18000000 174.10000 41.42000 9.40100 40.55200
25 4 20 04 34 6956.50000 5.20400000 174.09000 41.42000 9.40100 40.55200
25 4 20 04 34 6956.50000 5.18000000 173.90000 41.42000 9.40100 40.55200
25 4 20 04 35 6954.90000 5.18000000 173.89000 41.42000 9.40100 40.55200
25 4 20 04 35 6956.50000 5.18000000 173.86000 41.42000 9.40100 40.55200
25 4 20 04 36 6954.90000 5.18000000 173.80000 41.42000 9.40100 40.55200
25 4 20 04 36 6954.90000 5.18000000 173.80000 41.42000 9.40100 40.55200
25 4 20 04 37 6954.90000 5.18000000 173.81000 41.28000 9.40100 40.55200
25 4 20 04 37 6951.00000 5.18000000 173.81000 41.42000 9.40100 40.55200
25 4 20 04 38 6953.10000 5.18000000 173.81000 41.28000 9.40100 40.55200
25 4 20 04 38 6956.90000 5.18000000 173.91000 41.42000 9.40100 40.55200
25 4 20 04 38 6956.90000 5.18000000 173.95000 41.42000 9.34200 40.55200
25 4 20 04 39 6957.10000 5.18000000 173.95000 41.34000 9.40100 40.55200
25 4 20 04 39 6957.10000 5.18000000 173.95000 41.34000 9.40100 40.55200
25 4 20 04 40 6960.10000 5.18000000 173.95000 41.34000 9.40100 40.55200
25 4 20 04 40 6960.10000 5.18000000 173.95000 41.34000 9.40100 40.55200
25 4 20 04 41 6960.00000 5.18000000 174.11000 41.28000 9.40100 40.55200
25 4 20 04 41 6960.20000 5.18000000 174.11000 41.34000 9.40100 40.55200
25 4 20 04 42 6960.20000 5.18000000 174.10000 41.34000 9.40100 40.58500
25 4 20 04 42 6958.40000 5.18200000 174.10000 41.31000 9.40100 40.55200
25 4 20 04 42 6958.40000 5.18000000 173.91000 41.34000 9.40100 40.55200
25 4 20 04 43 6955.50000 5.18000000 173.96000 41.34000 9.40100 40.55200
25 4 20 04 43 6955.50000 5.18200000 174.12000 41.34000 9.40100 40.55200
25 4 20 04 44 6955.50000 5.18000000 174.12000 41.34000 9.40100 40.55200
25 4 20 04 44 6959.70000 5.20400000 174.12000 41.34000 9.40100 40.55200
25 4 20 04 45 6960.10000 5.18000000 173.96000 41.34000 9.40100 40.55200
