M=[
20 7 20 02 26 8060.10000 5.36500000 209.25000 37.30000 16.66700 50.83700
20 7 20 02 27 8060.40000 5.36500000 209.25000 37.30000 16.66700 50.83700
20 7 20 02 27 8060.40000 5.36500000 209.24000 37.30000 16.66700 50.86000
20 7 20 02 28 8060.70000 5.36500000 209.24000 37.30000 16.66700 50.86000
20 7 20 02 28 8060.70000 5.36500000 209.24000 37.30000 16.66700 50.86000
20 7 20 02 28 8060.70000 5.36500000 209.24000 37.30000 16.66700 50.86000
20 7 20 02 29 8060.80000 5.36500000 209.24000 37.30000 16.66700 50.86000
20 7 20 02 29 8059.80000 5.36500000 209.24000 37.30000 16.66700 50.86000
20 7 20 02 30 8060.00000 5.36500000 209.23000 37.30000 16.66700 50.86000
20 7 20 02 30 8060.80000 5.36500000 209.23000 37.30000 16.66700 50.86000
20 7 20 02 31 8060.80000 5.36500000 209.23000 37.30000 16.66700 50.86000
20 7 20 02 31 8060.70000 5.36500000 209.23000 37.30000 16.66700 50.86000
20 7 20 02 32 8060.80000 5.36500000 209.24000 37.30000 16.66700 50.86000
20 7 20 02 32 8060.70000 5.36500000 209.24000 37.30000 16.66700 50.86000
20 7 20 02 33 8060.60000 5.36500000 209.24000 37.30000 16.66700 50.86000
20 7 20 02 33 8060.70000 5.36500000 209.24000 37.30000 16.66700 50.86000
20 7 20 02 33 8060.70000 5.36500000 209.28000 37.30000 16.66700 50.86000
20 7 20 02 34 8060.70000 5.36500000 209.28000 37.30000 16.66700 50.86000
20 7 20 02 34 8060.70000 5.36500000 209.28000 37.30000 16.66700 50.86000
20 7 20 02 35 8060.60000 5.36500000 209.25000 37.30000 16.66700 50.86000
20 7 20 02 35 8060.60000 5.36500000 209.25000 37.30000 16.66700 50.86000
20 7 20 02 36 8060.60000 5.36500000 209.29000 37.30000 16.66700 50.86000
20 7 20 02 36 8060.60000 5.36500000 209.29000 37.30000 16.66700 50.86000
20 7 20 02 37 8060.70000 5.36500000 209.30000 37.30000 16.66700 50.86000
20 7 20 02 37 8057.60000 5.36500000 209.30000 37.30000 16.66700 50.86000
20 7 20 02 37 8057.60000 5.36500000 209.30000 37.30000 16.66700 50.86000
20 7 20 02 38 8057.60000 5.36500000 209.30000 37.30000 16.66700 50.86000
20 7 20 02 38 8057.60000 5.36500000 209.30000 37.30000 16.66700 50.86000
20 7 20 02 39 8058.30000 5.36500000 209.30000 37.30000 16.66700 50.86000
20 7 20 02 39 8058.30000 5.36500000 209.30000 37.30000 16.66700 50.86000
20 7 20 02 40 8058.30000 5.36500000 209.30000 37.30000 16.66700 50.86000
20 7 20 02 40 8058.10000 5.36500000 209.30000 37.30000 16.66700 50.86000
20 7 20 02 41 8058.10000 5.36500000 209.29000 37.30000 16.66700 50.86000
20 7 20 02 41 8058.40000 5.36500000 209.30000 37.33000 16.66700 50.86000
20 7 20 02 42 8057.80000 5.36500000 209.30000 37.33000 16.66700 50.86000
20 7 20 02 42 8057.80000 5.36500000 209.30000 37.33000 16.66700 50.86000
20 7 20 02 42 8056.20000 5.36500000 209.29000 37.33000 16.66700 50.86000
20 7 20 02 43 8056.10000 5.36500000 209.29000 37.33000 16.66700 50.86000
20 7 20 02 43 8056.20000 5.36500000 209.29000 37.33000 16.66700 50.86000
20 7 20 02 44 8056.20000 5.36500000 209.24000 37.33000 16.66700 50.86000
20 7 20 02 44 8055.00000 5.36500000 209.16000 37.33000 16.66700 50.86000
20 7 20 02 45 8055.60000 5.36500000 209.14000 37.33000 16.66700 50.86000
20 7 20 02 45 8055.10000 5.36500000 209.04000 37.33000 16.66700 50.86000
20 7 20 02 46 8055.10000 5.36500000 209.04000 37.33000 16.66700 50.86000
20 7 20 02 46 8055.10000 5.36500000 209.04000 37.33000 16.66700 50.86000
20 7 20 02 47 8055.10000 5.36500000 209.04000 37.33000 16.66700 50.86000
20 7 20 02 47 8055.10000 5.36500000 209.04000 37.33000 16.66700 50.86000
20 7 20 02 47 8055.10000 5.36500000 209.04000 37.33000 16.66700 50.86000
20 7 20 02 48 8057.20000 5.36500000 209.09000 37.33000 16.66700 50.86000
20 7 20 02 48 8057.80000 5.36500000 209.09000 37.33000 16.66700 50.86000
20 7 20 02 49 8057.80000 5.36500000 209.15000 37.33000 16.66700 50.86000
20 7 20 02 49 8057.80000 5.36500000 209.15000 37.33000 16.66700 50.86000
20 7 20 02 50 8057.80000 5.36500000 209.15000 37.33000 16.66700 50.86000
20 7 20 02 50 8057.80000 5.36500000 209.15000 37.33000 16.66700 50.86000
20 7 20 02 51 8057.80000 5.36500000 209.15000 37.33000 16.66700 50.86000
20 7 20 02 51 8057.80000 5.36500000 209.15000 37.33000 16.66700 50.86000
20 7 20 02 51 8057.80000 5.36500000 209.16000 37.33000 16.66700 50.86000
20 7 20 02 52 8058.10000 5.36500000 209.29000 37.33000 16.66700 50.86000
20 7 20 02 52 8059.50000 5.36500000 209.29000 37.33000 16.66700 50.86000
20 7 20 02 53 8059.70000 5.36500000 209.09000 37.33000 16.66700 50.86000
20 7 20 02 53 8059.70000 5.36500000 209.09000 37.33000 16.66700 50.86000
20 7 20 02 54 8059.80000 5.36500000 209.09000 37.33000 16.66700 50.86000
20 7 20 02 54 8059.80000 5.36500000 209.09000 37.33000 16.66700 50.86000
20 7 20 02 55 8057.90000 5.36500000 209.09000 37.33000 16.66700 50.86000
20 7 20 02 55 8057.90000 5.36500000 209.09000 37.33000 16.66700 50.86000
20 7 20 02 55 8057.90000 5.36500000 209.09000 37.33000 16.66700 50.86000
20 7 20 02 56 8057.90000 5.36500000 209.08000 37.33000 16.66700 50.86000
20 7 20 02 56 8057.90000 5.36500000 209.08000 37.33000 16.66700 50.86000
20 7 20 02 57 8057.90000 5.36500000 209.08000 37.33000 16.66700 50.86000
20 7 20 02 57 8058.30000 5.36500000 209.08000 37.33000 16.66700 50.86000
20 7 20 02 58 8058.30000 5.36500000 209.08000 37.33000 16.66700 50.86000
20 7 20 02 58 8058.00000 5.36500000 209.08000 37.33000 16.66700 50.86000
20 7 20 02 58 8058.30000 5.36500000 209.08000 37.33000 16.66700 50.86000
20 7 20 02 59 8058.10000 5.36500000 209.08000 37.33000 16.66700 50.86000
20 7 20 02 59 8058.10000 5.36500000 209.08000 37.33000 16.66700 50.86000
20 7 20 03 00 8058.20000 5.36500000 209.09000 37.33000 16.66700 50.86000
20 7 20 03 00 8058.20000 5.36500000 209.19000 37.33000 16.66700 50.86000
20 7 20 03 01 8058.20000 5.36500000 209.19000 37.33000 16.66700 50.86000
20 7 20 03 01 8058.10000 5.36500000 209.19000 37.33000 16.66700 50.86000
20 7 20 03 02 8058.20000 5.36500000 209.19000 37.36000 16.66700 50.86000
20 7 20 03 02 8059.90000 5.36500000 209.44000 37.36000 16.66700 50.86000
20 7 20 03 03 8060.00000 5.36500000 209.44000 37.36000 16.66700 50.86000
20 7 20 03 03 8060.00000 5.36500000 209.32000 37.36000 16.66700 50.86000
20 7 20 03 03 8060.00000 5.36500000 209.32000 37.36000 16.66700 50.86000
20 7 20 03 04 8060.00000 5.36500000 209.32000 37.36000 16.66700 50.86000
20 7 20 03 04 8060.00000 5.36500000 209.32000 37.36000 16.66700 50.86000
20 7 20 03 05 8060.00000 5.36500000 209.46000 37.36000 16.70300 50.86000
20 7 20 03 05 8059.80000 5.36500000 209.46000 37.36000 16.70300 50.86000
20 7 20 03 06 8059.80000 5.36500000 209.45000 37.36000 16.70300 50.86000
20 7 20 03 06 8055.70000 5.36500000 209.45000 37.36000 16.70300 50.86000
20 7 20 03 07 8055.70000 5.36500000 209.45000 37.36000 16.70300 50.86000
20 7 20 03 07 8058.70000 5.36500000 209.44000 37.36000 16.70300 50.86000
20 7 20 03 08 8058.60000 5.36500000 209.44000 37.36000 16.70300 50.86000
20 7 20 03 08 8058.60000 5.36500000 209.44000 37.36000 16.70300 50.86000
20 7 20 03 08 8058.60000 5.36500000 209.43000 37.36000 16.70300 50.86000
20 7 20 03 09 8058.80000 5.36500000 209.43000 37.39000 16.70300 50.86000
20 7 20 03 09 8058.80000 5.36500000 209.43000 37.39000 16.70300 50.86000
20 7 20 03 10 8058.80000 5.36500000 209.43000 37.39000 16.70300 50.86000
20 7 20 03 10 8058.80000 5.36500000 209.43000 37.39000 16.70300 50.86000
20 7 20 03 11 8058.80000 5.36500000 209.43000 37.39000 16.70300 50.86000
20 7 20 03 11 8058.80000 5.36500000 209.43000 37.39000 16.70300 50.86000
20 7 20 03 12 8060.20000 5.34000000 209.43000 37.39000 16.70300 50.86000
20 7 20 03 12 8060.30000 5.34000000 209.43000 37.39000 16.70300 50.86000
20 7 20 03 12 8060.30000 5.34000000 209.43000 37.39000 16.70300 50.86000
20 7 20 03 13 8060.30000 5.34000000 209.46000 37.39000 16.70300 50.86000
20 7 20 03 13 8060.90000 5.34000000 209.46000 37.39000 16.70300 50.86000
20 7 20 03 14 8060.90000 5.34000000 209.46000 37.41000 16.70300 50.86000
20 7 20 03 14 8060.90000 5.34000000 209.46000 37.41000 16.70300 50.86000
20 7 20 03 15 8060.80000 5.34000000 209.46000 37.41000 16.70300 50.86000
