M=[
19 5 21 03 29 33619.80000 67.17000000 2583.55000 227.69000 28.81700 191.10900
19 5 21 03 30 33580.10000 67.17000000 2582.90000 227.00000 28.81700 191.10900
19 5 21 03 30 33528.40000 67.17000000 2575.38000 226.72000 28.55000 191.10900
19 5 21 03 31 33528.50000 67.17000000 2574.41000 226.56000 28.55000 191.10900
19 5 21 03 31 33536.60000 67.09200000 2581.55000 227.15000 28.55900 191.10900
19 5 21 03 32 33551.00000 67.09200000 2582.42000 227.08000 28.55900 191.10900
19 5 21 03 32 33512.70000 67.09200000 2572.63000 226.32000 28.55900 191.10900
19 5 21 03 32 33510.50000 67.09200000 2570.66000 226.42000 28.78500 191.10900
19 5 21 03 33 33500.10000 67.09200000 2567.97000 226.28000 28.78500 191.10900
19 5 21 03 33 33552.60000 67.09200000 2568.21000 226.92000 28.78500 191.10900
19 5 21 03 34 33518.20000 67.09200000 2569.25000 226.58000 28.78500 191.10900
19 5 21 03 34 33538.70000 67.09200000 2571.66000 226.36000 28.78500 191.10900
19 5 21 03 35 33529.40000 67.09200000 2568.91000 226.16000 28.78500 191.10900
19 5 21 03 35 33481.50000 67.09200000 2563.96000 225.78000 28.78500 191.10900
19 5 21 03 35 33471.90000 67.09200000 2563.63000 225.73000 28.78500 191.10900
19 5 21 03 36 33473.40000 66.61500000 2561.87000 225.66000 28.78500 191.10900
19 5 21 03 36 33374.60000 66.49600000 2553.22000 224.70000 28.78500 191.10900
19 5 21 03 37 33394.50000 66.49100000 2560.59000 225.20000 28.78500 191.10900
19 5 21 03 37 33443.00000 66.49100000 2552.19000 225.19000 28.78500 191.10900
19 5 21 03 38 33421.80000 66.36000000 2554.30000 225.04000 28.78500 191.10900
19 5 21 03 38 33472.20000 66.37000000 2554.31000 225.04000 28.78500 192.68100
19 5 21 03 38 33454.30000 66.37000000 2558.10000 225.78000 28.78500 192.68100
19 5 21 03 39 33541.30000 66.56400000 2563.18000 226.02000 28.78500 192.95100
19 5 21 03 39 33620.90000 66.83800000 2571.78000 226.99000 28.78500 191.77900
19 5 21 03 40 33570.20000 66.89700000 2569.42000 226.49000 28.78500 191.53200
19 5 21 03 40 33583.90000 66.89700000 2568.26000 226.31000 28.78500 191.53200
19 5 21 03 41 33539.30000 66.89700000 2564.16000 225.84000 28.78500 191.53200
19 5 21 03 41 33494.20000 66.89700000 2558.31000 225.32000 28.78500 190.45900
19 5 21 03 41 33401.80000 66.89700000 2554.16000 225.32000 28.78500 189.97200
19 5 21 03 42 33426.20000 66.49800000 2553.97000 225.14000 28.78500 189.97200
19 5 21 03 42 33409.70000 66.49800000 2553.27000 224.81000 28.78500 189.07000
19 5 21 03 43 33380.80000 66.49800000 2552.40000 224.46000 28.78500 189.07000
19 5 21 03 43 33438.70000 66.49800000 2553.50000 224.48000 28.78500 189.07000
19 5 21 03 44 33402.10000 66.49800000 2555.38000 225.29000 28.78500 189.07000
19 5 21 03 44 33372.20000 66.49800000 2546.04000 224.34000 28.78500 189.07000
19 5 21 03 44 33340.80000 66.30500000 2546.43000 224.20000 28.78500 189.07000
19 5 21 03 45 33272.90000 66.23800000 2541.31000 223.95000 28.54800 189.07000
19 5 21 03 45 33298.30000 66.23800000 2546.43000 223.56000 28.50000 189.07000
19 5 21 03 46 33360.00000 66.52800000 2549.68000 224.57000 28.50000 189.07000
19 5 21 03 46 33430.80000 66.52800000 2558.86000 225.27000 28.50000 189.07000
19 5 21 03 47 33389.60000 66.52800000 2555.95000 225.27000 28.50000 190.72000
19 5 21 03 47 33352.80000 66.52800000 2555.20000 224.84000 28.50000 190.72000
19 5 21 03 47 33237.50000 66.52800000 2540.00000 223.96000 28.50000 190.72000
19 5 21 03 48 33246.90000 66.52800000 2539.46000 224.01000 28.50000 190.72000
19 5 21 03 48 33337.60000 66.58800000 2545.60000 224.74000 28.50000 190.72000
19 5 21 03 49 33310.00000 66.58800000 2548.20000 224.95000 28.50000 190.72000
19 5 21 03 49 33304.30000 66.64500000 2550.26000 224.66000 28.54800 191.11100
19 5 21 03 50 33303.30000 66.64500000 2549.72000 224.74000 28.54800 191.11100
19 5 21 03 50 33305.00000 66.75300000 2547.56000 224.41000 28.54800 191.07000
19 5 21 03 50 33349.20000 66.75300000 2549.23000 224.85000 28.50000 191.07000
19 5 21 03 51 33316.20000 66.67700000 2551.08000 224.80000 28.50000 191.07000
19 5 21 03 51 33337.20000 66.70400000 2549.72000 224.60000 28.50000 191.07000
19 5 21 03 52 33319.70000 66.52200000 2549.17000 224.34000 28.50000 191.07000
19 5 21 03 52 33322.30000 66.59400000 2550.17000 224.54000 28.49200 191.54300
19 5 21 03 53 33398.80000 66.78200000 2556.57000 225.41000 28.49200 191.54300
19 5 21 03 53 33432.60000 66.83800000 2562.02000 225.31000 28.49200 191.54300
19 5 21 03 53 33434.90000 66.83800000 2563.48000 225.42000 28.49200 191.54300
19 5 21 03 54 33348.20000 66.83200000 2559.75000 224.83000 28.49200 191.54300
19 5 21 03 54 33331.00000 66.83200000 2557.40000 224.67000 28.49200 191.54300
19 5 21 03 55 33303.30000 66.83200000 2556.29000 224.57000 28.49200 191.54300
19 5 21 03 55 33249.00000 66.83200000 2551.32000 224.07000 28.49200 191.54300
19 5 21 03 56 33250.50000 66.83200000 2546.93000 224.07000 28.49200 191.54300
19 5 21 03 56 33238.10000 66.56300000 2543.60000 224.07000 28.49200 191.54300
19 5 21 03 56 33228.10000 66.45300000 2538.50000 224.30000 28.49200 191.54300
19 5 21 03 57 33226.90000 66.45300000 2538.41000 224.05000 28.49200 190.72000
19 5 21 03 57 33208.60000 66.45300000 2535.12000 223.78000 28.49200 190.77500
19 5 21 03 58 33208.60000 66.45300000 2537.69000 223.57000 28.49200 190.00000
19 5 21 03 58 33347.00000 66.45300000 2542.48000 224.49000 28.49200 190.00000
19 5 21 03 59 33265.50000 66.45300000 2539.11000 224.56000 28.49200 190.00000
19 5 21 03 59 33255.30000 66.45300000 2537.76000 224.08000 28.49200 190.00000
19 5 21 03 59 33262.40000 66.45300000 2537.00000 224.25000 28.49200 190.00000
19 5 21 04 00 33246.30000 66.45300000 2534.86000 224.14000 28.49200 190.00000
19 5 21 04 00 33135.60000 66.14400000 2525.04000 223.48000 28.49200 190.00000
19 5 21 04 01 33177.90000 66.14400000 2529.40000 223.78000 28.49200 190.00000
19 5 21 04 01 33446.20000 66.48500000 2546.84000 223.92000 28.54400 190.00000
19 5 21 04 02 33476.50000 66.81600000 2557.28000 225.75000 28.54600 190.00000
19 5 21 04 02 33434.70000 66.81600000 2560.38000 225.66000 28.54600 190.00000
19 5 21 04 02 33370.50000 66.63000000 2559.01000 225.98000 28.54600 190.00000
19 5 21 04 03 33386.40000 66.63000000 2564.04000 226.36000 28.54600 190.00000
19 5 21 04 03 33372.40000 66.89300000 2565.49000 226.40000 28.54600 190.00000
19 5 21 04 04 33345.40000 66.78900000 2560.00000 226.39000 28.54600 190.00000
19 5 21 04 04 33257.50000 66.55400000 2552.80000 225.14000 28.54600 190.00000
19 5 21 04 05 33229.80000 66.55400000 2546.72000 225.14000 28.54600 190.00000
19 5 21 04 05 33206.30000 66.55400000 2534.34000 224.18000 28.54600 190.00000
19 5 21 04 05 33207.10000 66.22400000 2539.94000 224.18000 28.54600 190.40000
19 5 21 04 06 33207.00000 66.07900000 2542.11000 224.37000 28.54600 190.40000
19 5 21 04 06 33159.70000 66.00000000 2535.28000 223.92000 28.34900 190.40000
19 5 21 04 07 33159.50000 66.00000000 2530.46000 223.74000 28.35000 190.40000
19 5 21 04 07 33172.50000 65.72900000 2534.72000 223.74000 28.35000 190.40000
19 5 21 04 08 33168.00000 65.94000000 2534.65000 224.05000 28.35000 190.40000
19 5 21 04 08 33220.00000 65.92300000 2540.86000 224.57000 28.35000 191.37300
19 5 21 04 08 33162.00000 65.92300000 2533.54000 223.86000 28.35000 191.37300
19 5 21 04 09 33146.90000 65.70000000 2528.40000 223.44000 28.35000 191.37300
19 5 21 04 09 33129.00000 65.70000000 2523.59000 223.17000 28.32700 191.37300
19 5 21 04 10 33101.50000 65.70000000 2523.31000 222.90000 28.32700 190.61400
19 5 21 04 10 33132.90000 65.63400000 2526.30000 223.58000 28.32700 190.61400
19 5 21 04 11 33167.30000 65.75500000 2529.09000 223.81000 28.32700 190.61400
19 5 21 04 11 33168.60000 65.75500000 2528.91000 223.81000 28.32700 190.61400
19 5 21 04 11 33159.00000 65.75500000 2525.78000 223.66000 28.32700 190.61400
19 5 21 04 12 33158.90000 65.63000000 2523.35000 223.25000 28.29900 191.44500
19 5 21 04 12 33155.20000 65.63000000 2523.95000 223.17000 28.29900 191.44500
19 5 21 04 13 33155.20000 65.59800000 2519.91000 222.96000 28.29900 191.44500
