M=[
14 12 20 00 48 15667.40000 4.97800000 480.34000 66.46000 14.02900 55.68000
14 12 20 00 48 15664.00000 4.97800000 479.79000 66.48000 14.02900 55.68000
14 12 20 00 49 15664.00000 4.97800000 480.10000 66.48000 14.02900 55.68000
14 12 20 00 49 15664.00000 4.97800000 480.10000 66.48000 14.02900 55.68000
14 12 20 00 50 15670.30000 4.97800000 480.10000 66.48000 14.02900 55.68000
14 12 20 00 50 15662.60000 4.97800000 480.02000 66.45000 14.02900 55.65500
14 12 20 00 51 15662.60000 4.97800000 479.79000 66.45000 14.02900 55.65500
14 12 20 00 51 15666.10000 4.97800000 479.85000 66.45000 14.02900 55.65500
14 12 20 00 51 15674.30000 4.97800000 480.10000 66.53000 14.02900 55.65500
14 12 20 00 52 15677.30000 4.97800000 480.10000 66.45000 14.02900 55.65500
14 12 20 00 52 15677.30000 4.97800000 480.67000 66.45000 14.02900 55.65500
14 12 20 00 53 15686.80000 4.97800000 480.67000 66.45000 14.02900 55.65500
14 12 20 00 53 15686.80000 4.97800000 480.94000 66.45000 14.02900 55.64000
14 12 20 00 54 15691.70000 4.97800000 480.94000 66.45000 14.02900 55.64000
14 12 20 00 54 15689.90000 4.97800000 481.00000 66.59000 14.02900 55.64000
14 12 20 00 54 15689.90000 4.97800000 480.35000 66.59000 14.02900 55.64000
14 12 20 00 55 15683.40000 4.97800000 480.81000 66.53000 14.02900 55.64000
14 12 20 00 55 15683.40000 4.97800000 481.37000 66.53000 14.02900 55.64000
14 12 20 00 56 15689.00000 4.97800000 481.57000 66.53000 14.02900 55.64000
14 12 20 00 56 15689.00000 4.97800000 481.64000 66.53000 14.02900 55.64000
14 12 20 00 57 15689.10000 4.97800000 481.64000 66.56000 14.02900 55.64000
14 12 20 00 57 15689.10000 5.00200000 481.64000 66.56000 14.02900 55.64000
14 12 20 00 57 15689.00000 5.00200000 481.66000 66.56000 14.02900 55.64000
14 12 20 00 58 15689.00000 5.00200000 481.66000 66.56000 14.02900 55.64000
14 12 20 00 58 15694.10000 5.00200000 481.66000 66.56000 14.02900 55.64000
14 12 20 00 59 15705.00000 5.00200000 481.66000 66.60000 14.02900 55.64000
14 12 20 00 59 15698.30000 5.00200000 481.53000 66.60000 14.02900 55.64000
14 12 20 01 00 15700.20000 5.00200000 481.63000 66.60000 14.02900 55.64000
14 12 20 01 00 15700.10000 5.00200000 480.94000 66.54000 14.02900 55.64000
14 12 20 01 00 15700.00000 5.00200000 480.86000 66.50000 14.02900 55.64000
14 12 20 01 01 15695.70000 5.00200000 481.00000 66.50000 14.02900 55.64000
14 12 20 01 01 15691.20000 5.00200000 480.45000 66.49000 14.02900 55.70100
14 12 20 01 02 15692.60000 5.00200000 480.45000 66.49000 14.02900 55.70100
14 12 20 01 02 15689.70000 5.00200000 480.81000 66.49000 14.02900 55.70100
14 12 20 01 03 15689.10000 5.00000000 480.81000 66.41000 13.92700 55.49700
14 12 20 01 03 15689.10000 5.00000000 480.43000 66.30000 13.92700 55.49900
14 12 20 01 03 15681.20000 5.00000000 480.43000 66.32000 13.92700 55.49900
14 12 20 01 04 15689.00000 5.00000000 480.43000 66.32000 13.92700 55.49900
14 12 20 01 04 15702.40000 5.00000000 481.17000 66.53000 13.92700 55.49900
14 12 20 01 05 15702.50000 5.00000000 481.17000 66.64000 13.92700 55.49900
14 12 20 01 05 15710.00000 5.00000000 481.66000 66.74000 13.92700 55.49900
14 12 20 01 06 15715.70000 5.00000000 482.34000 66.74000 13.92700 55.49900
14 12 20 01 06 15724.10000 5.00000000 482.62000 66.74000 13.92700 55.49900
14 12 20 01 06 15724.10000 5.00000000 482.62000 66.74000 13.92700 55.49900
14 12 20 01 07 15729.90000 5.00000000 482.62000 66.74000 13.92700 55.49900
14 12 20 01 07 15723.20000 5.00000000 482.40000 66.74000 13.92700 55.49900
14 12 20 01 08 15713.70000 5.00000000 482.40000 66.75000 13.92700 55.49900
14 12 20 01 08 15713.40000 5.00000000 482.43000 66.75000 13.92700 55.49900
14 12 20 01 09 15713.40000 5.00000000 482.43000 66.75000 13.92700 55.49900
14 12 20 01 09 15702.40000 5.00000000 481.64000 66.72000 13.98200 55.49900
14 12 20 01 09 15702.40000 5.00000000 481.34000 66.72000 13.98200 55.49900
14 12 20 01 10 15697.40000 5.00000000 480.87000 66.72000 13.98200 55.71100
14 12 20 01 10 15697.50000 5.00000000 481.34000 66.60000 13.98200 55.71100
14 12 20 01 11 15697.50000 5.00000000 481.34000 66.68000 13.98200 55.71100
14 12 20 01 11 15697.50000 5.00000000 481.97000 66.68000 13.98200 55.71100
14 12 20 01 12 15710.10000 5.00000000 481.97000 66.68000 13.98200 55.71100
14 12 20 01 12 15718.30000 5.00000000 481.68000 66.68000 13.98200 55.71100
14 12 20 01 12 15718.40000 5.00000000 481.68000 66.68000 13.98200 55.71100
14 12 20 01 13 15723.10000 5.00000000 481.64000 66.68000 13.98200 55.71100
14 12 20 01 13 15726.10000 5.00000000 481.64000 66.68000 13.98200 55.83200
14 12 20 01 14 15730.00000 5.00000000 482.16000 66.68000 13.98200 55.83200
14 12 20 01 14 15730.00000 5.00000000 482.12000 66.96000 13.98200 55.83200
14 12 20 01 15 15732.40000 5.00000000 482.12000 66.96000 13.98200 55.83200
14 12 20 01 15 15732.40000 5.00000000 482.10000 66.96000 13.98200 55.83200
14 12 20 01 15 15732.40000 5.00000000 482.10000 66.96000 13.98200 55.83200
14 12 20 01 16 15732.40000 5.00000000 482.43000 66.96000 13.98200 55.83200
14 12 20 01 16 15733.00000 5.00000000 482.43000 66.96000 13.98200 55.83200
14 12 20 01 17 15733.10000 5.00000000 482.43000 66.96000 13.98200 55.83200
14 12 20 01 17 15733.00000 5.00000000 482.43000 66.96000 13.98200 55.83200
14 12 20 01 18 15733.00000 5.00000000 482.43000 66.96000 13.98200 55.83200
14 12 20 01 18 15733.10000 5.00000000 482.43000 66.96000 13.98200 55.83200
14 12 20 01 18 15733.10000 5.00000000 482.43000 66.96000 13.98200 55.83200
14 12 20 01 19 15733.10000 5.00000000 482.21000 66.96000 13.98200 55.83200
14 12 20 01 19 15734.60000 5.00000000 482.21000 66.96000 13.98200 55.83200
14 12 20 01 20 15734.60000 5.00000000 482.14000 66.96000 13.98200 55.83200
14 12 20 01 20 15732.30000 5.00000000 482.05000 66.98000 13.98200 55.83200
14 12 20 01 21 15732.30000 5.00000000 482.05000 66.92000 13.98200 55.83200
14 12 20 01 21 15722.90000 5.00000000 481.99000 66.92000 13.98200 55.83200
14 12 20 01 21 15722.90000 5.00000000 481.99000 66.92000 13.98200 55.83200
14 12 20 01 22 15733.70000 5.00000000 481.99000 66.92000 13.98200 55.83200
14 12 20 01 22 15713.30000 5.00000000 481.28000 66.94000 13.98200 55.83200
14 12 20 01 23 15700.40000 5.00000000 481.28000 66.94000 13.98200 55.83200
14 12 20 01 23 15700.40000 5.00000000 481.44000 66.94000 13.98200 55.83200
14 12 20 01 24 15700.40000 5.00000000 481.44000 66.88000 13.98200 55.83200
14 12 20 01 24 15701.00000 5.00000000 481.44000 66.88000 13.98200 55.83200
14 12 20 01 24 15701.90000 5.00000000 481.44000 66.88000 13.98200 55.83200
14 12 20 01 25 15706.30000 5.00000000 481.46000 66.88000 13.98200 55.83200
14 12 20 01 25 15725.70000 5.00000000 481.46000 66.88000 13.98200 55.83200
14 12 20 01 26 15723.70000 5.00000000 482.00000 67.09000 13.98200 55.83200
14 12 20 01 26 15723.70000 5.00000000 482.00000 67.12000 13.98200 55.83200
14 12 20 01 27 15729.80000 5.00000000 482.00000 67.12000 13.98200 55.83200
14 12 20 01 27 15735.30000 5.00000000 482.00000 67.12000 13.98200 55.83200
14 12 20 01 27 15735.40000 5.00000000 482.99000 67.12000 13.98200 55.83200
14 12 20 01 28 15735.30000 5.00000000 483.00000 67.12000 13.98200 55.83200
14 12 20 01 28 15735.30000 5.00000000 483.00000 67.12000 13.98200 55.83200
14 12 20 01 29 15734.40000 5.00000000 483.00000 67.18000 13.98200 55.83200
14 12 20 01 29 15731.40000 5.00000000 483.00000 67.13000 13.98200 55.83200
14 12 20 01 30 15731.40000 5.00000000 483.00000 67.13000 13.98200 55.83200
14 12 20 01 30 15724.30000 5.00000000 483.00000 67.13000 13.98200 55.83200
14 12 20 01 30 15724.30000 5.00000000 483.00000 67.13000 13.98200 55.83200
14 12 20 01 31 15734.80000 5.00000000 483.00000 67.13000 13.98200 55.83200
14 12 20 01 31 15726.60000 5.00000000 482.69000 67.13000 13.98200 55.83200
14 12 20 01 32 15732.20000 5.00000000 482.69000 67.13000 13.98200 55.83200
14 12 20 01 32 15732.20000 5.00000000 482.69000 67.13000 13.98200 55.83200
14 12 20 01 33 15730.40000 5.00000000 482.69000 67.13000 13.98200 55.83200
14 12 20 01 33 15729.30000 5.00000000 482.69000 67.15000 13.98200 55.83200
