M=[
14 7 21 17 12 27786.30000 39.26000000 1693.24000 110.65000 16.49200 88.05000
14 7 21 17 12 27786.30000 39.26000000 1693.55000 110.65000 16.49200 88.05000
14 7 21 17 13 27807.70000 39.26000000 1693.55000 110.65000 16.49200 88.05000
14 7 21 17 13 27807.70000 39.26000000 1694.86000 110.65000 16.49200 88.05000
14 7 21 17 14 27807.80000 39.26000000 1694.45000 110.65000 16.62200 88.05000
14 7 21 17 14 27807.80000 39.26000000 1695.40000 110.65000 16.62200 88.05000
14 7 21 17 15 27810.00000 39.26000000 1695.40000 110.65000 16.62200 88.05000
14 7 21 17 15 27809.90000 39.26000000 1696.18000 110.65000 16.62200 88.05000
14 7 21 17 15 27810.00000 39.26000000 1696.97000 110.65000 16.62200 88.05000
14 7 21 17 16 27809.90000 39.26000000 1696.97000 110.65000 16.62200 88.05000
14 7 21 17 16 27809.10000 39.26000000 1694.45000 110.65000 16.62200 88.05000
14 7 21 17 17 27781.30000 39.26000000 1692.57000 110.74000 16.62200 88.05000
14 7 21 17 17 27786.40000 39.26000000 1692.57000 110.74000 16.62200 88.05000
14 7 21 17 18 27780.40000 39.26000000 1691.88000 110.74000 16.62200 88.05000
14 7 21 17 18 27780.30000 39.26000000 1692.04000 110.74000 16.62200 88.05000
14 7 21 17 18 27780.30000 39.26000000 1692.03000 110.74000 16.62200 88.05000
14 7 21 17 19 27782.30000 39.26000000 1691.03000 110.74000 16.62200 88.05000
14 7 21 17 19 27782.00000 39.26000000 1691.97000 110.82000 16.62200 88.05000
14 7 21 17 20 27774.90000 39.26000000 1691.97000 110.82000 16.62200 88.05000
14 7 21 17 20 27780.70000 39.26000000 1690.94000 110.82000 16.62200 88.05000
14 7 21 17 21 27777.50000 39.26000000 1690.94000 110.82000 16.62200 88.05000
14 7 21 17 21 27778.40000 39.26000000 1691.74000 110.88000 16.62200 88.05000
14 7 21 17 21 27785.70000 39.26000000 1692.31000 110.88000 16.62200 88.05000
14 7 21 17 22 27788.60000 39.35400000 1694.36000 110.88000 16.62200 88.05000
14 7 21 17 22 27793.60000 39.35400000 1694.36000 110.94000 16.62200 88.05000
14 7 21 17 23 27775.20000 39.35400000 1693.86000 110.94000 16.62200 88.05000
14 7 21 17 23 27792.40000 39.35400000 1693.28000 110.94000 16.62200 88.05000
14 7 21 17 24 27774.00000 39.35400000 1692.36000 110.94000 16.62200 88.05000
14 7 21 17 24 27788.30000 39.35400000 1692.36000 110.81000 16.62200 88.05000
14 7 21 17 24 27773.10000 39.35400000 1692.36000 110.81000 16.62200 88.05000
14 7 21 17 25 27786.40000 39.35400000 1692.36000 110.81000 16.62200 88.05000
14 7 21 17 25 27776.00000 39.35400000 1692.36000 110.81000 16.62200 88.05000
14 7 21 17 26 27762.00000 39.35400000 1692.36000 110.80000 16.62200 88.05000
14 7 21 17 26 27766.80000 39.35400000 1692.36000 110.80000 16.62200 88.05000
14 7 21 17 27 27766.80000 39.35400000 1692.36000 110.80000 16.62200 88.05000
14 7 21 17 27 27761.40000 39.35400000 1691.11000 110.80000 16.62200 88.05000
14 7 21 17 27 27761.40000 39.35400000 1691.00000 110.62000 16.62200 88.05000
14 7 21 17 28 27761.40000 39.35400000 1689.78000 110.62000 16.62200 88.05000
14 7 21 17 28 27761.30000 39.35400000 1690.31000 110.62000 16.62200 88.05000
14 7 21 17 29 27755.00000 39.35400000 1689.66000 110.62000 16.62200 88.05000
14 7 21 17 29 27755.00000 39.35400000 1689.85000 110.62000 16.62200 88.05000
14 7 21 17 30 27753.80000 39.35400000 1689.31000 110.62000 16.62200 88.05000
14 7 21 17 30 27761.60000 39.35400000 1689.25000 110.62000 16.62200 88.05000
14 7 21 17 30 27752.60000 39.35400000 1690.14000 110.62000 16.62200 88.05000
14 7 21 17 31 27755.90000 39.35400000 1690.14000 110.62000 16.62200 88.05000
14 7 21 17 31 27753.80000 39.35400000 1691.29000 110.62000 16.62200 88.05000
14 7 21 17 32 27753.60000 39.35400000 1690.93000 110.62000 16.62200 88.05000
14 7 21 17 32 27759.60000 39.35400000 1689.88000 110.62000 16.62200 88.05000
14 7 21 17 33 27750.20000 39.35400000 1689.88000 110.62000 16.62200 88.05000
14 7 21 17 33 27753.90000 39.35400000 1690.99000 110.62000 16.62200 88.04400
14 7 21 17 34 27758.30000 39.35400000 1690.88000 110.62000 16.62200 88.04400
14 7 21 17 34 27758.40000 39.35400000 1691.28000 110.62000 16.62200 88.04400
14 7 21 17 34 27758.40000 39.35400000 1691.28000 110.62000 16.62200 88.04400
14 7 21 17 35 27754.00000 39.27200000 1691.28000 110.62000 16.62200 88.04400
14 7 21 17 35 27754.00000 39.27200000 1691.53000 110.62000 16.62200 88.14800
14 7 21 17 36 27754.00000 39.27200000 1692.00000 110.80000 16.62200 88.14800
14 7 21 17 36 27753.90000 39.27200000 1692.56000 110.80000 16.62200 88.14800
14 7 21 17 37 27754.00000 39.27200000 1693.52000 110.80000 16.62200 88.14800
14 7 21 17 37 27753.90000 39.27200000 1693.53000 110.78000 16.62200 88.14800
14 7 21 17 37 27755.20000 39.27200000 1692.52000 110.78000 16.62200 88.14800
14 7 21 17 38 27752.70000 39.27200000 1692.66000 110.78000 16.62200 88.14800
14 7 21 17 38 27750.10000 39.27200000 1692.66000 110.78000 16.62200 88.14800
14 7 21 17 39 27750.20000 39.27200000 1693.07000 110.68000 16.62200 88.14800
14 7 21 17 39 27761.60000 39.27200000 1693.71000 110.68000 16.62200 88.14800
14 7 21 17 40 27761.60000 39.27200000 1694.85000 110.80000 16.62200 88.14800
14 7 21 17 40 27770.70000 39.27200000 1694.82000 110.80000 16.62200 88.14800
14 7 21 17 40 27769.40000 39.27200000 1694.81000 110.80000 16.62200 88.14800
14 7 21 17 41 27761.10000 39.27200000 1694.81000 110.80000 16.62200 88.14800
14 7 21 17 41 27761.10000 39.27200000 1692.21000 110.80000 16.62200 88.14800
14 7 21 17 42 27761.00000 39.27200000 1692.13000 110.73000 16.62200 88.06000
14 7 21 17 42 27751.00000 39.27200000 1692.13000 110.73000 16.62200 88.06000
14 7 21 17 43 27745.70000 39.27200000 1692.13000 110.73000 16.62200 88.06000
14 7 21 17 43 27745.80000 39.27200000 1690.63000 110.73000 16.62200 88.06000
14 7 21 17 43 27745.70000 39.27200000 1690.47000 110.73000 16.62200 88.06000
14 7 21 17 44 27733.50000 39.27200000 1689.26000 110.73000 16.62200 88.06000
14 7 21 17 44 27733.50000 39.27200000 1689.26000 110.73000 16.62200 88.06000
14 7 21 17 45 27752.10000 39.27200000 1690.63000 110.73000 16.62200 88.06000
14 7 21 17 45 27755.90000 39.27200000 1690.63000 110.73000 16.62200 88.06000
14 7 21 17 46 27779.90000 39.27200000 1692.60000 110.98000 16.62200 88.06000
14 7 21 17 46 27773.20000 39.27200000 1692.60000 110.91000 16.62200 88.06000
14 7 21 17 46 27774.60000 39.27200000 1692.60000 110.91000 16.62200 88.06000
14 7 21 17 47 27780.10000 39.27200000 1692.98000 110.91000 16.62200 88.06000
14 7 21 17 47 27780.10000 39.27200000 1693.09000 110.91000 16.62200 88.06000
14 7 21 17 48 27783.30000 39.27200000 1693.71000 111.10000 16.62200 88.06000
14 7 21 17 48 27780.40000 39.27200000 1693.95000 111.10000 16.62200 88.06000
14 7 21 17 49 27777.40000 39.27200000 1693.86000 111.06000 16.62200 88.06000
14 7 21 17 49 27785.00000 39.27200000 1694.15000 111.04000 16.62200 88.06000
14 7 21 17 49 27777.70000 39.27200000 1693.25000 111.04000 16.62200 88.06000
14 7 21 17 50 27784.20000 39.27200000 1693.25000 111.04000 16.62200 88.06000
14 7 21 17 50 27785.00000 39.27200000 1694.15000 111.15000 16.62200 88.06000
14 7 21 17 51 27777.40000 39.27200000 1693.04000 111.15000 16.62200 88.06000
14 7 21 17 51 27777.60000 39.27200000 1693.04000 111.15000 16.62200 88.06000
14 7 21 17 52 27779.10000 39.27200000 1693.04000 111.15000 16.62200 88.06000
14 7 21 17 52 27792.60000 39.27200000 1692.93000 111.15000 16.62200 88.06000
14 7 21 17 52 27788.80000 39.27200000 1692.93000 111.15000 16.62200 88.06000
14 7 21 17 53 27792.10000 39.27200000 1692.92000 111.15000 16.62200 88.06000
14 7 21 17 53 27794.00000 39.27200000 1692.96000 111.11000 16.62200 88.06000
14 7 21 17 54 27790.90000 39.27200000 1694.19000 111.10000 16.62200 88.06000
14 7 21 17 54 27792.70000 39.27200000 1694.30000 111.11000 16.62200 88.06000
14 7 21 17 55 27792.60000 39.27200000 1694.30000 111.11000 16.62200 88.06000
14 7 21 17 55 27799.40000 39.27200000 1695.20000 111.11000 16.62200 88.06000
14 7 21 17 55 27797.10000 39.27200000 1694.54000 111.11000 16.62200 88.06000
14 7 21 17 56 27803.90000 39.27200000 1694.76000 111.11000 16.62200 88.06000
