M=[
 9 8 20 13 51 9883.60000 5.81000000 329.83000 48.65000 17.55000 80.17800
 9 8 20 13 51 9883.60000 5.81800000 329.66000 48.65000 17.55000 80.17800
 9 8 20 13 52 9883.60000 5.81800000 329.52000 48.65000 17.55000 80.17800
 9 8 20 13 52 9883.60000 5.81800000 329.54000 48.65000 17.55000 80.17800
 9 8 20 13 53 9883.50000 5.81800000 329.49000 48.65000 17.55000 80.17800
 9 8 20 13 53 9883.60000 5.81800000 329.49000 48.65000 17.55000 80.17800
 9 8 20 13 54 9878.30000 5.81800000 329.21000 48.65000 17.57000 80.17800
 9 8 20 13 54 9872.80000 5.81800000 329.41000 48.65000 17.57000 80.17800
 9 8 20 13 55 9872.80000 5.81800000 329.41000 48.65000 17.57000 80.17800
 9 8 20 13 55 9872.10000 5.81800000 329.43000 48.47000 17.57000 80.17800
 9 8 20 13 56 9872.10000 5.81800000 329.32000 48.47000 17.57000 80.17800
 9 8 20 13 56 9872.00000 5.81800000 329.29000 48.47000 17.57000 80.17800
 9 8 20 13 56 9872.10000 5.81800000 329.26000 48.47000 17.57000 80.17800
 9 8 20 13 57 9875.00000 5.81800000 329.40000 48.47000 17.57000 80.17800
 9 8 20 13 57 9880.90000 5.81800000 329.48000 48.47000 17.57000 80.17800
 9 8 20 13 58 9880.60000 5.81800000 329.49000 48.47000 17.57000 80.17800
 9 8 20 13 58 9880.70000 5.81800000 329.50000 48.51000 17.57000 80.17800
 9 8 20 13 59 9880.10000 5.81300000 329.50000 48.51000 17.57000 80.17800
 9 8 20 13 59 9879.30000 5.81300000 329.50000 48.51000 17.57000 80.17800
 9 8 20 14 00 9875.30000 5.81300000 329.33000 48.51000 17.57000 80.17800
 9 8 20 14 00 9875.30000 5.81300000 329.33000 48.51000 17.57000 80.17800
 9 8 20 14 01 9875.00000 5.82000000 329.28000 48.51000 17.55000 80.17800
 9 8 20 14 01 9875.00000 5.82000000 329.28000 48.51000 17.55000 80.17800
 9 8 20 14 02 9878.10000 5.82000000 329.28000 48.51000 17.55000 80.17800
 9 8 20 14 02 9883.50000 5.82000000 329.67000 48.51000 17.55000 80.17800
 9 8 20 14 03 9885.40000 5.82100000 330.06000 48.51000 17.55000 80.17800
 9 8 20 14 03 9888.30000 5.82100000 330.06000 48.51000 17.55000 80.17800
 9 8 20 14 03 9888.20000 5.82100000 330.21000 48.51000 17.55000 80.17800
 9 8 20 14 04 9889.00000 5.82100000 330.23000 48.51000 17.55000 80.17800
 9 8 20 14 04 9889.10000 5.82100000 330.24000 48.51000 17.55000 80.17800
 9 8 20 14 05 9889.10000 5.82100000 330.22000 48.51000 17.55000 80.17800
 9 8 20 14 05 9889.10000 5.82100000 330.22000 48.51000 17.55000 80.17800
 9 8 20 14 06 9889.10000 5.82100000 330.23000 48.51000 17.55000 80.17800
 9 8 20 14 06 9886.00000 5.82100000 329.98000 48.52000 17.55000 80.17800
 9 8 20 14 07 9880.00000 5.82200000 329.90000 48.49000 17.55000 80.17800
 9 8 20 14 07 9875.20000 5.82200000 329.48000 48.49000 17.55000 80.17800
 9 8 20 14 08 9873.40000 5.82200000 329.28000 48.49000 17.55000 80.17800
 9 8 20 14 08 9873.00000 5.82200000 329.28000 48.49000 17.55000 80.17800
 9 8 20 14 09 9872.00000 5.79600000 328.94000 48.49000 17.55000 80.17800
 9 8 20 14 10 9866.30000 5.75000000 327.74000 48.16000 17.55000 79.50000
 9 8 20 14 11 9845.10000 5.71500000 327.06000 47.77000 17.50400 78.93200
 9 8 20 14 11 9845.00000 5.71000000 327.87000 47.87000 17.50400 79.23400
 9 8 20 14 12 9844.10000 5.71000000 327.58000 47.98000 17.50400 79.23400
 9 8 20 14 12 9844.50000 5.71000000 327.71000 47.98000 17.50400 79.23400
 9 8 20 14 13 9845.00000 5.71000000 327.88000 47.98000 17.50400 79.23400
 9 8 20 14 13 9852.20000 5.71000000 328.06000 48.04000 17.50400 79.23400
 9 8 20 14 14 9854.80000 5.74900000 328.30000 48.04000 17.55000 79.23400
 9 8 20 14 14 9851.10000 5.74900000 328.28000 48.04000 17.55000 79.23400
 9 8 20 14 15 9851.00000 5.74900000 328.25000 48.04000 17.55000 79.23400
 9 8 20 14 15 9851.60000 5.74900000 328.34000 48.04000 17.55000 79.62200
 9 8 20 14 16 9854.90000 5.76100000 328.34000 48.11000 17.55000 79.62200
 9 8 20 14 16 9858.00000 5.76100000 328.72000 48.11000 17.55000 79.62200
 9 8 20 14 17 9862.40000 5.76100000 328.78000 48.11000 17.55000 79.62200
 9 8 20 14 17 9860.60000 5.77600000 328.83000 48.11000 17.55000 79.62200
 9 8 20 14 18 9858.30000 5.77600000 328.73000 48.11000 17.55000 79.62200
 9 8 20 14 18 9858.10000 5.77600000 328.51000 48.14000 17.55000 80.02600
 9 8 20 14 19 9854.40000 5.77700000 328.50000 48.14000 17.55000 80.02600
 9 8 20 14 19 9859.10000 5.77700000 328.67000 48.14000 17.55000 80.02600
 9 8 20 14 20 9862.60000 5.77700000 329.23000 48.14000 17.55000 80.02600
 9 8 20 14 20 9862.60000 5.77700000 329.23000 48.14000 17.55000 80.02600
 9 8 20 14 21 9864.60000 5.78000000 329.29000 48.20000 17.55000 80.02600
 9 8 20 14 21 9864.60000 5.78000000 329.37000 48.20000 17.55000 80.02600
 9 8 20 14 22 9864.60000 5.78000000 329.39000 48.20000 17.55000 80.02600
 9 8 20 14 22 9864.60000 5.78000000 329.32000 48.20000 17.55000 80.02600
 9 8 20 14 23 9864.50000 5.78000000 329.18000 48.20000 17.55000 80.02600
 9 8 20 14 23 9864.60000 5.77700000 329.13000 48.20000 17.55000 80.02600
 9 8 20 14 24 9864.60000 5.77700000 329.02000 48.20000 17.55000 80.02600
 9 8 20 14 24 9864.70000 5.77700000 329.01000 48.20000 17.55000 80.02600
 9 8 20 14 25 9864.70000 5.77700000 329.00000 48.20000 17.55000 80.02600
 9 8 20 14 25 9864.60000 5.77700000 328.91000 48.29000 17.53400 80.02600
 9 8 20 14 26 9864.70000 5.77700000 328.90000 48.29000 17.53400 80.02600
 9 8 20 14 26 9866.40000 5.77700000 328.90000 48.29000 17.53400 80.02600
 9 8 20 14 26 9867.30000 5.78000000 328.90000 48.29000 17.54000 80.02600
 9 8 20 14 27 9870.50000 5.78000000 329.40000 48.29000 17.54000 80.02600
 9 8 20 14 27 9877.20000 5.78000000 329.60000 48.29000 17.54000 80.02600
 9 8 20 14 28 9876.60000 5.78000000 329.77000 48.29000 17.54000 80.02600
 9 8 20 14 28 9876.40000 5.78000000 329.77000 48.29000 17.54000 80.02600
 9 8 20 14 29 9876.40000 5.78000000 329.78000 48.29000 17.54000 79.98500
 9 8 20 14 29 9873.30000 5.78000000 329.61000 48.29000 17.54000 79.98500
 9 8 20 14 30 9871.10000 5.78000000 329.49000 48.29000 17.54000 79.98500
 9 8 20 14 30 9867.40000 5.78000000 329.37000 48.26000 17.54000 79.98500
 9 8 20 14 31 9864.50000 5.78000000 329.20000 48.23000 17.54000 79.98500
 9 8 20 14 31 9868.20000 5.78000000 329.20000 48.23000 17.54000 79.98500
 9 8 20 14 32 9872.70000 5.78000000 329.60000 48.30000 17.54000 79.98500
 9 8 20 14 32 9874.00000 5.78000000 329.77000 48.29000 17.54000 79.82000
 9 8 20 14 33 9875.00000 5.78000000 329.77000 48.32000 17.54000 79.82000
 9 8 20 14 33 9875.00000 5.78000000 329.77000 48.32000 17.54000 79.90000
 9 8 20 14 34 9875.60000 5.79100000 329.73000 48.32000 17.54000 79.90000
 9 8 20 14 34 9875.60000 5.79100000 329.55000 48.32000 17.54000 79.90000
 9 8 20 14 35 9875.60000 5.79100000 329.54000 48.32000 17.54000 79.90000
 9 8 20 14 35 9875.10000 5.79100000 329.54000 48.32000 17.54000 79.90000
 9 8 20 14 36 9874.90000 5.79100000 329.54000 48.32000 17.54000 79.90000
 9 8 20 14 36 9875.00000 5.79100000 329.54000 48.33000 17.54000 79.90000
 9 8 20 14 37 9875.50000 5.79100000 329.46000 48.33000 17.54000 79.90000
 9 8 20 14 37 9875.50000 5.79100000 329.46000 48.31000 17.54000 79.90000
 9 8 20 14 38 9875.40000 5.79100000 329.45000 48.31000 17.57900 79.90000
 9 8 20 14 38 9875.30000 5.80600000 329.28000 48.31000 17.57900 79.90000
 9 8 20 14 38 9875.30000 5.80600000 329.22000 48.31000 17.57900 79.90000
 9 8 20 14 39 9872.80000 5.80600000 329.22000 48.28000 17.57900 79.90000
 9 8 20 14 40 9863.80000 5.80600000 328.83000 48.28000 17.57900 79.90000
 9 8 20 14 40 9863.90000 5.80600000 328.79000 48.28000 17.57900 79.90000
 9 8 20 14 40 9863.90000 5.80600000 329.02000 48.28000 17.62400 79.90000
 9 8 20 14 41 9862.50000 5.80600000 329.02000 48.20000 17.62400 79.90000
 9 8 20 14 41 9861.80000 5.80600000 329.03000 48.20000 17.62400 79.90000
 9 8 20 14 42 9861.90000 5.80600000 329.02000 48.20000 17.62400 79.69000
 9 8 20 14 42 9860.90000 5.80600000 328.71000 48.20000 17.67000 79.69000
 9 8 20 14 43 9861.00000 5.80600000 328.70000 48.11000 17.67000 79.47000
 9 8 20 14 43 9861.00000 5.80600000 328.70000 48.11000 17.67000 79.47000
 9 8 20 14 44 9861.00000 5.80600000 328.65000 48.11000 17.64500 79.47000
