M=[
12 5 21 07 25 47213.80000 91.73400000 3566.18000 315.22000 37.20600 279.46800
12 5 21 07 25 47213.80000 91.75100000 3568.40000 315.22000 37.20600 279.41800
12 5 21 07 26 47204.70000 91.96700000 3567.93000 315.26000 37.20600 280.00000
12 5 21 07 26 47213.10000 92.00600000 3567.78000 315.22000 37.20600 280.00000
12 5 21 07 27 47203.90000 92.07800000 3567.66000 315.40000 37.20600 279.43800
12 5 21 07 27 47212.60000 92.38600000 3567.81000 315.61000 37.19400 279.96300
12 5 21 07 28 47212.70000 92.08400000 3565.93000 315.57000 37.19400 279.82600
12 5 21 07 28 47212.60000 92.51000000 3567.44000 315.65000 37.19400 279.52600
12 5 21 07 28 47205.10000 92.51000000 3565.05000 315.65000 37.19400 279.52600
12 5 21 07 29 47220.00000 92.51000000 3565.05000 315.47000 37.19400 279.02100
12 5 21 07 29 47219.10000 92.26200000 3563.86000 315.49000 36.92500 279.30000
12 5 21 07 30 47218.10000 92.04800000 3563.63000 315.00000 36.92500 278.92200
12 5 21 07 30 47175.70000 92.04800000 3563.09000 314.49000 36.92500 278.92200
12 5 21 07 31 47175.60000 92.04800000 3563.86000 314.49000 36.92500 278.92200
12 5 21 07 31 47187.50000 92.13000000 3566.67000 314.97000 36.92500 279.47800
12 5 21 07 31 47187.50000 92.13000000 3568.62000 314.74000 36.92500 279.53800
12 5 21 07 32 47187.50000 92.13000000 3567.03000 315.13000 36.92500 279.53800
12 5 21 07 32 47157.00000 92.04800000 3564.71000 314.78000 37.19000 279.53800
12 5 21 07 33 47129.20000 92.04800000 3561.99000 314.26000 37.19000 278.57400
12 5 21 07 33 47126.90000 92.04800000 3555.16000 314.12000 37.19000 278.57400
12 5 21 07 34 47074.50000 92.04800000 3553.21000 314.18000 37.19000 278.57400
12 5 21 07 34 47083.40000 92.04800000 3556.63000 314.29000 37.19000 276.98100
12 5 21 07 34 47083.50000 91.96900000 3556.62000 314.27000 37.19000 276.98100
12 5 21 07 35 47083.40000 91.92700000 3556.15000 314.24000 37.19000 276.98100
12 5 21 07 35 47083.40000 91.92700000 3555.99000 314.16000 37.19000 278.11800
12 5 21 07 36 47083.50000 92.20900000 3556.00000 315.08000 37.19000 278.66700
12 5 21 07 36 47083.50000 92.25100000 3556.00000 315.08000 37.19000 278.66700
12 5 21 07 37 47101.00000 92.25100000 3555.99000 315.56000 37.19000 278.66700
12 5 21 07 37 47094.50000 92.25100000 3555.50000 315.56000 37.19000 278.98000
12 5 21 07 37 47087.70000 92.25100000 3552.14000 314.54000 37.19000 278.98000
12 5 21 07 38 47093.70000 92.25100000 3552.13000 314.71000 37.19000 279.57000
12 5 21 07 38 47093.80000 92.19000000 3552.14000 314.71000 37.19000 279.57000
12 5 21 07 39 47093.80000 92.31400000 3555.99000 314.71000 37.19000 280.60000
12 5 21 07 39 47100.00000 92.14700000 3556.00000 315.31000 37.19000 280.60000
12 5 21 07 40 47100.00000 92.16300000 3556.00000 315.31000 37.19000 280.60000
12 5 21 07 40 47144.50000 92.16300000 3557.01000 315.27000 37.19000 280.20500
12 5 21 07 40 47144.40000 91.81800000 3554.45000 315.01000 37.19000 280.99300
12 5 21 07 41 47126.30000 91.85000000 3553.99000 315.01000 37.19000 280.24500
12 5 21 07 41 47104.80000 91.62600000 3553.75000 314.69000 37.19000 280.07700
12 5 21 07 42 47100.60000 91.62300000 3553.74000 314.67000 37.19000 280.84100
12 5 21 07 42 47099.90000 91.65600000 3552.29000 314.32000 37.19000 280.59300
12 5 21 07 43 47100.00000 91.79900000 3553.14000 314.73000 37.19000 280.59300
12 5 21 07 43 47096.70000 92.10600000 3553.00000 314.41000 37.19000 280.59300
12 5 21 07 43 47096.60000 91.86600000 3552.30000 314.33000 37.19000 280.59300
12 5 21 07 44 47083.50000 91.86600000 3551.29000 314.17000 37.19000 279.57100
12 5 21 07 44 47083.50000 91.66300000 3551.16000 314.31000 37.19000 279.72500
12 5 21 07 45 47083.40000 91.83800000 3550.72000 314.32000 37.19000 279.53600
12 5 21 07 45 47033.90000 91.83800000 3549.96000 314.24000 37.29100 279.53600
12 5 21 07 46 47024.60000 91.83800000 3546.58000 313.96000 37.29100 279.53600
12 5 21 07 46 47011.00000 91.60000000 3544.18000 313.97000 37.28900 279.09600
12 5 21 07 46 46976.20000 91.17800000 3539.94000 313.55000 37.28900 278.32500
12 5 21 07 47 46967.50000 91.17800000 3535.16000 313.43000 37.28900 277.42800
12 5 21 07 47 46937.10000 91.13700000 3538.95000 313.43000 37.28900 277.25100
12 5 21 07 48 46937.00000 91.18200000 3539.90000 313.42000 37.28900 277.25100
12 5 21 07 48 47010.20000 91.47400000 3540.00000 313.71000 37.28900 277.25100
12 5 21 07 49 47001.10000 91.47400000 3539.99000 313.71000 37.28900 277.76600
12 5 21 07 49 46987.40000 91.51600000 3540.00000 313.71000 37.28900 277.76600
12 5 21 07 49 47020.00000 91.60700000 3545.77000 313.97000 37.28900 277.76600
12 5 21 07 50 47025.00000 91.60700000 3548.41000 314.36000 37.28900 277.67800
12 5 21 07 50 47076.50000 91.60700000 3549.66000 314.65000 37.28900 277.72500
12 5 21 07 51 47080.00000 91.60700000 3549.99000 314.65000 37.28900 277.69900
12 5 21 07 51 47069.60000 91.68300000 3550.00000 315.14000 37.28900 277.81600
12 5 21 07 52 47079.90000 91.78700000 3550.00000 314.96000 37.28900 278.01000
12 5 21 07 52 47096.80000 91.78700000 3550.00000 315.02000 37.28900 278.14800
12 5 21 07 52 47095.10000 91.78700000 3549.99000 315.02000 37.28900 278.14800
12 5 21 07 53 47085.30000 91.73200000 3549.06000 315.18000 37.28900 279.09200
12 5 21 07 53 47083.30000 91.73200000 3549.32000 315.00000 37.28900 279.56100
12 5 21 07 54 47097.10000 91.73200000 3549.99000 315.17000 37.28900 279.89100
12 5 21 07 54 47108.60000 91.54100000 3550.00000 315.54000 37.28900 279.89100
12 5 21 07 55 47146.90000 91.54100000 3556.63000 315.96000 37.28900 279.89100
12 5 21 07 55 47147.00000 91.54100000 3557.29000 316.20000 37.26600 280.00000
12 5 21 07 55 47147.00000 91.54100000 3559.77000 316.19000 37.26600 280.54900
12 5 21 07 56 47147.00000 91.54100000 3559.83000 316.27000 37.26600 280.54900
12 5 21 07 56 47147.00000 91.54100000 3555.73000 315.89000 37.26600 280.54900
12 5 21 07 57 47121.40000 91.54100000 3553.64000 315.48000 37.26600 280.54900
12 5 21 07 57 47115.00000 91.34300000 3555.04000 315.20000 37.04200 280.54900
12 5 21 07 58 47115.00000 91.34300000 3554.28000 314.48000 37.04200 280.54900
12 5 21 07 58 47119.50000 91.53800000 3553.92000 314.58000 37.04200 280.56200
12 5 21 07 58 47112.20000 91.25200000 3552.48000 314.72000 37.04200 280.00000
12 5 21 07 59 47112.10000 91.18500000 3552.48000 314.72000 37.04200 279.73500
12 5 21 07 59 47124.20000 91.16400000 3554.49000 315.36000 37.28700 279.73500
12 5 21 08 00 47129.90000 91.16400000 3554.12000 315.41000 37.28700 279.73500
12 5 21 08 00 47115.20000 91.55200000 3557.00000 315.41000 37.28700 279.83900
12 5 21 08 01 47131.70000 91.55200000 3559.51000 315.79000 37.00200 279.83900
12 5 21 08 01 47137.00000 91.33000000 3559.60000 315.79000 36.93000 279.83900
12 5 21 08 01 47147.00000 91.49000000 3563.61000 316.13000 36.93000 279.83900
12 5 21 08 02 47173.00000 91.62800000 3562.79000 315.97000 36.93000 280.68300
12 5 21 08 02 47169.30000 92.02500000 3563.03000 316.31000 36.93000 281.78300
12 5 21 08 03 47149.50000 91.72600000 3558.49000 316.23000 36.93000 281.78300
12 5 21 08 03 47158.40000 91.72600000 3561.43000 316.23000 36.93000 282.00000
12 5 21 08 04 47152.80000 91.72600000 3563.65000 316.42000 36.91200 282.00000
12 5 21 08 04 47163.70000 92.02700000 3562.97000 316.41000 36.91200 281.48900
12 5 21 08 04 47142.70000 91.99000000 3562.89000 316.55000 36.91200 281.48900
12 5 21 08 05 47128.70000 91.80200000 3562.88000 316.41000 36.91200 281.48900
12 5 21 08 05 47097.00000 91.60000000 3560.19000 315.75000 36.91200 279.98400
12 5 21 08 06 47073.80000 91.60000000 3558.23000 315.32000 36.91200 279.98400
12 5 21 08 06 47052.60000 91.76400000 3556.26000 315.32000 36.91200 279.98400
12 5 21 08 07 47010.90000 91.63200000 3551.86000 315.50000 36.91200 279.98400
12 5 21 08 07 47018.00000 91.63200000 3546.15000 314.73000 36.91200 279.98400
12 5 21 08 07 47001.10000 91.50000000 3546.15000 314.97000 36.91200 277.63200
12 5 21 08 08 47012.30000 91.71400000 3548.24000 314.97000 36.91200 277.63200
12 5 21 08 08 47017.80000 91.71400000 3546.70000 314.86000 36.91200 277.63200
