M=[
22 9 20 18 45 8973.00000 5.02000000 293.01000 37.54000 12.09300 45.86000
22 9 20 18 46 8973.80000 5.02000000 293.07000 37.54000 12.09300 45.86000
22 9 20 18 46 8973.90000 5.02000000 293.07000 37.54000 12.09300 45.86000
22 9 20 18 47 8973.90000 5.02000000 293.07000 37.54000 12.09300 45.86000
22 9 20 18 47 8973.90000 5.02200000 293.07000 37.54000 12.09300 45.86000
22 9 20 18 48 8973.90000 5.02200000 293.07000 37.54000 12.09300 45.86000
22 9 20 18 48 8974.90000 5.02200000 293.07000 37.54000 12.09300 45.86000
22 9 20 18 48 8974.90000 5.02200000 293.06000 37.58000 12.09300 45.86000
22 9 20 18 49 8972.70000 5.02200000 293.07000 37.56000 12.09300 45.86000
22 9 20 18 49 8974.90000 5.03300000 293.26000 37.56000 12.09300 45.86000
22 9 20 18 50 8975.30000 5.03300000 293.30000 37.56000 12.09300 45.86000
22 9 20 18 50 8977.20000 5.03300000 293.30000 37.56000 12.09300 45.86000
22 9 20 18 51 8977.20000 5.03300000 293.30000 37.56000 12.09300 45.86000
22 9 20 18 51 8976.90000 5.03300000 293.32000 37.56000 12.09300 45.86000
22 9 20 18 51 8977.00000 5.03300000 293.31000 37.56000 12.09300 45.86000
22 9 20 18 52 8974.20000 5.03300000 293.31000 37.56000 12.04100 45.86000
22 9 20 18 52 8974.80000 5.03300000 293.06000 37.56000 12.04100 45.86000
22 9 20 18 53 8976.00000 5.03300000 293.16000 37.58000 12.04100 45.86000
22 9 20 18 53 8974.50000 5.03300000 293.12000 37.58000 12.04100 45.86000
22 9 20 18 54 8974.60000 5.03300000 293.12000 37.58000 12.04100 45.86000
22 9 20 18 54 8974.60000 5.03300000 293.07000 37.58000 12.04100 45.86000
22 9 20 18 54 8974.60000 5.03300000 293.20000 37.58000 12.04100 45.86000
22 9 20 18 55 8974.60000 5.03300000 293.20000 37.58000 12.04100 45.86000
22 9 20 18 55 8974.50000 5.03300000 293.21000 37.58000 12.04100 45.86000
22 9 20 18 56 8974.60000 5.03300000 293.25000 37.58000 12.04100 45.86000
22 9 20 18 56 8974.90000 5.03300000 293.26000 37.58000 12.04100 45.86000
22 9 20 18 57 8976.10000 5.03300000 293.41000 37.58000 12.04100 45.86000
22 9 20 18 57 8978.10000 5.03300000 293.41000 37.58000 12.04100 45.86000
22 9 20 18 57 8977.10000 5.03300000 293.45000 37.58000 12.04100 45.86000
22 9 20 18 58 8977.10000 5.03300000 293.46000 37.58000 12.04100 45.86000
22 9 20 18 58 8977.10000 5.03300000 293.46000 37.58000 12.09100 45.86000
22 9 20 18 59 8975.50000 5.03300000 293.36000 37.58000 12.09100 45.86000
22 9 20 18 59 8976.50000 5.03300000 293.47000 37.58000 12.09100 45.86000
22 9 20 19 00 8978.60000 5.03300000 293.50000 37.55000 12.09100 45.86000
22 9 20 19 00 8977.10000 5.03300000 293.43000 37.57000 12.09100 45.86000
22 9 20 19 00 8977.20000 5.03300000 293.51000 37.57000 12.09100 45.86000
22 9 20 19 01 8975.20000 5.03300000 293.51000 37.58000 12.09100 45.86000
22 9 20 19 01 8976.80000 5.03300000 293.51000 37.58000 12.09100 45.86000
22 9 20 19 02 8977.00000 5.03300000 293.60000 37.58000 12.09100 45.86000
22 9 20 19 02 8977.10000 5.03300000 293.60000 37.58000 12.09100 45.86000
22 9 20 19 03 8977.10000 5.03300000 293.33000 37.58000 12.09100 45.86000
22 9 20 19 03 8974.00000 5.03300000 293.33000 37.58000 12.09100 45.86000
22 9 20 19 03 8974.00000 5.03300000 293.22000 37.58000 12.09100 45.86000
22 9 20 19 04 8973.00000 5.03300000 293.31000 37.58000 12.09100 45.86000
22 9 20 19 04 8974.20000 5.03300000 293.31000 37.58000 12.09000 45.86000
22 9 20 19 05 8973.10000 5.03300000 293.12000 37.58000 12.02500 45.86000
22 9 20 19 05 8973.10000 5.03300000 293.12000 37.58000 12.02500 45.86000
22 9 20 19 06 8973.50000 5.03300000 293.27000 37.58000 12.02500 45.86000
22 9 20 19 06 8973.10000 5.03300000 293.27000 37.58000 12.02500 45.86000
22 9 20 19 07 8973.10000 5.03300000 293.14000 37.58000 12.02500 45.86000
22 9 20 19 07 8972.80000 5.03300000 293.11000 37.58000 12.02500 45.86000
22 9 20 19 07 8972.80000 5.03300000 293.37000 37.58000 12.02500 45.86000
22 9 20 19 08 8972.70000 5.03300000 293.37000 37.58000 12.02500 45.86000
22 9 20 19 08 8972.70000 5.03300000 293.40000 37.58000 12.02500 46.08000
22 9 20 19 09 8972.70000 5.03300000 293.20000 37.58000 12.02500 46.08000
22 9 20 19 09 8972.70000 5.03300000 293.20000 37.58000 12.02500 46.08000
22 9 20 19 10 8973.00000 5.03500000 293.20000 37.58000 12.02500 46.08000
22 9 20 19 10 8973.00000 5.03500000 293.20000 37.59000 12.02500 46.08000
22 9 20 19 10 8973.60000 5.03500000 293.20000 37.59000 12.02500 46.08000
22 9 20 19 11 8973.60000 5.03500000 293.45000 37.58000 12.02500 46.08000
22 9 20 19 11 8971.90000 5.03500000 293.45000 37.58000 12.02500 46.08000
22 9 20 19 12 8974.00000 5.03500000 293.23000 37.58000 12.09200 46.08000
22 9 20 19 12 8973.90000 5.03500000 293.38000 37.58000 12.09200 46.08000
22 9 20 19 13 8974.00000 5.03500000 293.23000 37.58000 12.09200 46.08000
22 9 20 19 13 8974.00000 5.03500000 293.25000 37.58000 12.02900 46.08000
22 9 20 19 14 8974.00000 5.03500000 293.23000 37.58000 12.02900 46.08000
22 9 20 19 14 8970.20000 5.03500000 293.20000 37.58000 12.02900 46.08000
22 9 20 19 14 8969.40000 5.03500000 293.07000 37.58000 12.02900 45.87200
22 9 20 19 15 8969.40000 5.03500000 293.07000 37.52000 12.02900 45.87200
22 9 20 19 15 8969.40000 5.03500000 293.06000 37.52000 12.02900 45.87200
22 9 20 19 16 8969.40000 5.03500000 293.05000 37.52000 12.02900 45.87200
22 9 20 19 16 8966.80000 5.03500000 293.05000 37.52000 12.02900 45.87200
22 9 20 19 17 8970.10000 5.03500000 293.05000 37.52000 12.02900 45.87200
22 9 20 19 17 8970.00000 5.03500000 293.01000 37.58000 12.02900 45.87200
22 9 20 19 17 8970.00000 5.03500000 293.01000 37.58000 12.02900 45.87200
22 9 20 19 18 8969.90000 5.03500000 293.00000 37.58000 12.02900 45.87200
22 9 20 19 18 8969.60000 5.03500000 293.04000 37.58000 12.02900 45.87200
22 9 20 19 19 8969.60000 5.03500000 293.04000 37.58000 12.02900 45.87200
22 9 20 19 19 8968.80000 5.03500000 293.04000 37.58000 12.02900 45.87200
22 9 20 19 20 8968.90000 5.03500000 293.04000 37.58000 12.02900 45.87200
22 9 20 19 20 8968.90000 5.03500000 293.04000 37.58000 12.02900 45.87200
22 9 20 19 21 8968.70000 5.03500000 293.07000 37.58000 12.02900 45.87200
22 9 20 19 21 8968.80000 5.03500000 293.07000 37.58000 12.02900 45.87200
22 9 20 19 21 8966.90000 5.03500000 292.99000 37.58000 12.02900 45.87200
22 9 20 19 22 8966.90000 5.03500000 292.82000 37.58000 12.02900 45.87200
22 9 20 19 22 8966.90000 5.03500000 292.82000 37.58000 12.02900 45.87200
22 9 20 19 23 8966.80000 5.03500000 292.82000 37.58000 12.02900 45.87200
22 9 20 19 23 8966.90000 5.03500000 293.16000 37.58000 12.02900 45.87200
22 9 20 19 24 8966.80000 5.03500000 293.10000 37.58000 12.02900 45.87200
22 9 20 19 24 8966.90000 5.03500000 293.10000 37.58000 12.02900 45.87200
22 9 20 19 24 8967.00000 5.03500000 293.10000 37.58000 12.09100 45.87200
22 9 20 19 25 8967.00000 5.03500000 293.11000 37.58000 12.09100 45.87200
22 9 20 19 25 8967.90000 5.03500000 293.27000 37.58000 12.09100 45.87200
22 9 20 19 26 8966.60000 5.03500000 293.27000 37.58000 12.09100 45.87200
22 9 20 19 26 8968.50000 5.03500000 293.22000 37.58000 12.09100 45.87200
22 9 20 19 27 8968.90000 5.03500000 293.22000 37.57000 12.09100 45.87200
22 9 20 19 27 8967.80000 5.03500000 293.42000 37.55000 12.09100 45.87200
22 9 20 19 27 8967.80000 5.03500000 293.42000 37.55000 12.09100 45.87200
22 9 20 19 28 8967.00000 5.03500000 293.35000 37.55000 12.03200 45.87200
22 9 20 19 28 8967.90000 5.03500000 293.35000 37.55000 12.03200 45.87200
22 9 20 19 29 8967.80000 5.03500000 293.35000 37.55000 12.03200 45.87200
22 9 20 19 29 8968.20000 5.03400000 293.30000 37.55000 12.03200 45.87200
22 9 20 19 30 8968.10000 5.03400000 293.30000 37.55000 12.03200 45.87200
22 9 20 19 30 8967.10000 5.03600000 293.39000 37.55000 12.03200 45.87200
22 9 20 19 30 8967.90000 5.03600000 293.11000 37.55000 12.03200 45.87200
22 9 20 19 31 8967.80000 5.03600000 293.11000 37.55000 12.03200 45.87200
22 9 20 19 31 8967.90000 5.03600000 293.11000 37.55000 12.03200 45.87200
22 9 20 19 32 8967.90000 5.03600000 293.10000 37.52000 12.03200 45.87200
22 9 20 19 32 8967.90000 5.03600000 293.10000 37.52000 12.03200 45.87200
