M=[
23 12 20 06 09 19304.00000 4.83200000 504.56000 90.67000 14.79000 53.54600
23 12 20 06 09 19308.00000 4.83200000 504.51000 90.52000 14.66000 53.54600
23 12 20 06 09 19307.30000 4.83200000 504.56000 90.52000 14.66000 53.54600
23 12 20 06 10 19304.00000 4.83200000 504.56000 90.68000 14.66000 53.54600
23 12 20 06 10 19306.50000 4.83200000 504.43000 90.68000 14.66000 53.54600
23 12 20 06 11 19327.80000 4.83200000 504.43000 90.68000 14.66000 53.54600
23 12 20 06 11 19327.80000 4.83200000 504.88000 90.94000 14.66000 53.54600
23 12 20 06 12 19329.50000 4.83200000 504.97000 90.84000 14.66000 53.54600
23 12 20 06 12 19312.90000 4.83200000 505.07000 90.86000 14.66000 53.54600
23 12 20 06 12 19310.10000 4.83200000 505.08000 90.81000 14.66000 53.54600
23 12 20 06 13 19314.00000 4.83200000 505.00000 90.81000 14.66000 53.54600
23 12 20 06 13 19304.10000 4.83200000 504.46000 90.81000 14.66000 53.54600
23 12 20 06 14 19304.10000 4.83200000 505.07000 90.67000 14.66000 53.54600
23 12 20 06 14 19316.00000 4.83200000 505.08000 90.94000 14.66000 53.54600
23 12 20 06 15 19314.50000 4.83200000 505.16000 90.82000 14.66000 53.54600
23 12 20 06 15 19310.90000 4.83200000 505.16000 90.82000 14.66000 53.54600
23 12 20 06 15 19306.50000 4.84800000 505.12000 90.82000 14.66000 53.54600
23 12 20 06 16 19308.00000 4.84800000 505.01000 90.71000 14.66000 53.54600
23 12 20 06 16 19308.00000 4.84800000 505.00000 90.66000 14.66000 53.54600
23 12 20 06 17 19308.00000 4.84800000 504.80000 90.52000 14.66000 53.54600
23 12 20 06 17 19303.10000 4.84800000 504.81000 90.52000 14.66000 53.54600
23 12 20 06 18 19302.20000 4.84800000 504.85000 90.52000 14.66000 53.54600
23 12 20 06 18 19296.60000 4.84800000 504.85000 90.56000 14.66000 53.54600
23 12 20 06 18 19296.60000 4.84800000 504.77000 90.45000 14.66000 53.54600
23 12 20 06 19 19298.90000 4.84800000 504.77000 90.45000 14.66000 53.54600
23 12 20 06 19 19296.10000 4.82400000 504.77000 90.34000 14.66000 53.54600
23 12 20 06 20 19296.10000 4.82400000 504.24000 90.39000 14.66000 53.54600
23 12 20 06 20 19272.90000 4.82400000 504.23000 90.27000 14.66000 53.54600
23 12 20 06 21 19268.50000 4.82400000 504.00000 90.11000 14.66000 53.54600
23 12 20 06 21 19263.20000 4.82400000 503.58000 90.04000 14.66000 53.54600
23 12 20 06 21 19260.10000 4.82400000 503.53000 90.04000 14.66000 53.54600
23 12 20 06 22 19239.80000 4.82400000 503.53000 90.04000 14.66000 53.54600
23 12 20 06 22 19240.00000 4.82400000 503.26000 90.05000 14.66000 53.54600
23 12 20 06 23 19254.50000 4.82400000 504.18000 90.24000 14.66000 53.54600
23 12 20 06 23 19244.80000 4.82400000 503.70000 90.22000 14.66000 53.54600
23 12 20 06 24 19242.50000 4.82400000 503.83000 90.22000 14.66000 53.54600
23 12 20 06 24 19253.90000 4.82400000 504.15000 90.35000 14.66000 53.54600
23 12 20 06 24 19253.80000 4.82400000 504.15000 90.42000 14.66000 53.54600
23 12 20 06 25 19259.80000 4.82400000 504.30000 90.42000 14.66000 53.54600
23 12 20 06 25 19250.00000 4.82400000 504.25000 90.42000 14.66000 53.54600
23 12 20 06 26 19254.90000 4.82400000 504.78000 90.57000 14.66000 53.54600
23 12 20 06 26 19250.10000 4.82400000 504.62000 90.63000 14.66000 53.54600
23 12 20 06 27 19244.00000 4.82400000 504.31000 90.63000 14.66000 53.54600
23 12 20 06 27 19244.00000 4.82400000 504.50000 90.63000 14.66000 53.54600
23 12 20 06 27 19256.40000 4.82400000 504.50000 90.55000 14.66000 53.41500
23 12 20 06 28 19259.30000 4.82400000 504.65000 90.38000 14.66000 53.41500
23 12 20 06 28 19264.30000 4.82400000 504.65000 90.38000 14.66000 53.41500
23 12 20 06 29 19264.30000 4.82400000 504.45000 90.38000 14.66000 53.41500
23 12 20 06 29 19258.90000 4.82400000 504.44000 90.38000 14.66000 53.41500
23 12 20 06 30 19253.00000 4.82400000 504.49000 90.38000 14.66000 53.41500
23 12 20 06 30 19241.30000 4.82400000 504.64000 90.38000 14.66000 53.41500
23 12 20 06 30 19249.20000 4.82400000 504.64000 90.62000 14.66000 53.41500
23 12 20 06 31 19242.20000 4.82400000 504.64000 90.57000 14.66000 53.41500
23 12 20 06 31 19249.20000 4.82400000 504.64000 90.57000 14.66000 53.41500
23 12 20 06 32 19266.20000 4.82400000 505.23000 90.65000 14.66000 53.55400
23 12 20 06 32 19267.40000 4.82400000 505.36000 90.65000 14.66000 53.55400
23 12 20 06 33 19279.90000 4.82400000 505.35000 90.57000 14.66000 53.55400
23 12 20 06 33 19275.40000 4.82400000 505.36000 90.57000 14.66000 53.55400
23 12 20 06 33 19280.90000 4.82400000 505.56000 90.57000 14.66000 53.55400
23 12 20 06 34 19290.40000 4.82400000 506.09000 90.67000 14.66000 53.55400
23 12 20 06 34 19296.00000 4.82400000 506.31000 90.67000 14.66000 53.55400
23 12 20 06 35 19295.20000 4.82400000 506.27000 90.90000 14.66000 53.55400
23 12 20 06 35 19286.70000 4.82400000 506.09000 90.90000 14.66000 53.55400
23 12 20 06 36 19275.10000 4.82400000 504.63000 90.90000 14.66000 53.55400
23 12 20 06 36 19275.10000 4.82400000 505.22000 90.90000 14.66000 53.55400
23 12 20 06 36 19280.20000 4.82400000 505.25000 90.89000 14.66000 53.55400
23 12 20 06 37 19281.00000 4.82400000 505.26000 90.89000 14.66000 53.55400
23 12 20 06 37 19280.10000 4.82400000 505.20000 90.89000 14.66000 53.55400
23 12 20 06 38 19280.10000 4.82400000 504.99000 90.89000 14.66000 53.55400
23 12 20 06 38 19251.20000 4.82400000 505.00000 90.89000 14.66000 53.55400
23 12 20 06 39 19260.50000 4.82400000 505.00000 90.54000 14.66000 53.55400
23 12 20 06 39 19252.70000 4.82400000 504.50000 90.54000 14.66000 53.55400
23 12 20 06 39 19254.40000 4.82400000 504.50000 90.36000 14.66000 53.55400
23 12 20 06 40 19261.10000 4.82400000 504.56000 90.36000 14.66000 53.55400
23 12 20 06 40 19275.20000 4.82400000 504.89000 90.36000 14.66000 53.55400
23 12 20 06 41 19285.90000 4.82400000 505.25000 90.56000 14.66000 53.55400
23 12 20 06 41 19300.00000 4.82400000 505.66000 90.56000 14.66000 53.55400
23 12 20 06 42 19303.00000 4.82400000 505.97000 90.84000 14.66000 53.55400
23 12 20 06 42 19296.70000 4.82400000 506.21000 90.84000 14.66000 53.55400
23 12 20 06 42 19302.40000 4.82400000 506.21000 90.84000 14.66000 53.55400
23 12 20 06 43 19301.30000 4.82400000 506.31000 90.84000 14.66000 53.55400
23 12 20 06 43 19291.30000 4.82400000 506.00000 90.66000 14.66000 53.55400
23 12 20 06 44 19291.30000 4.82400000 505.25000 90.67000 14.66000 53.55400
23 12 20 06 44 19291.40000 4.82400000 505.09000 90.67000 14.66000 53.55400
23 12 20 06 45 19296.90000 4.82400000 505.67000 90.78000 14.66000 53.55400
23 12 20 06 45 19301.50000 4.82400000 505.45000 90.79000 14.66000 53.55400
23 12 20 06 45 19310.00000 4.82400000 505.68000 90.79000 14.66000 53.55400
23 12 20 06 46 19309.90000 4.82400000 505.89000 90.97000 14.66000 53.55400
23 12 20 06 46 19333.00000 4.82400000 505.89000 90.97000 14.66000 53.55400
23 12 20 06 47 19333.00000 4.82400000 506.03000 91.17000 14.66000 53.55400
23 12 20 06 47 19337.90000 4.82400000 506.03000 91.18000 14.66000 53.55400
23 12 20 06 48 19338.00000 4.85700000 506.50000 91.36000 14.66000 53.55400
23 12 20 06 48 19338.00000 4.85700000 506.81000 91.36000 14.66000 53.55400
23 12 20 06 48 19338.00000 4.85700000 506.81000 91.30000 14.66000 53.55400
23 12 20 06 49 19337.90000 4.85700000 506.52000 91.30000 14.66000 53.55400
23 12 20 06 49 19338.00000 4.85700000 506.48000 91.17000 14.66000 53.55400
23 12 20 06 50 19326.00000 4.85700000 506.48000 91.05000 14.66000 53.55400
23 12 20 06 50 19332.40000 4.85700000 506.12000 91.05000 14.66000 53.55400
23 12 20 06 51 19321.90000 4.85700000 506.11000 91.05000 14.66000 53.55400
23 12 20 06 51 19320.60000 4.85700000 506.07000 91.03000 14.66000 53.55400
23 12 20 06 51 19321.90000 4.85700000 505.87000 91.03000 14.66000 53.55400
23 12 20 06 52 19303.80000 4.85700000 505.87000 90.91000 14.66000 53.55400
23 12 20 06 52 19280.00000 4.85700000 505.87000 90.80000 14.66000 53.69500
23 12 20 06 53 19275.00000 4.85700000 505.16000 90.60000 14.66000 53.69500
23 12 20 06 53 19251.20000 4.85700000 504.51000 90.50000 14.66000 53.69500
23 12 20 06 54 19251.30000 4.85700000 504.51000 90.50000 14.66000 53.69500
