M=[
27 7 21 00 31 31679.80000 41.82300000 1893.51000 112.04000 24.66800 86.27800
27 7 21 00 31 31680.20000 41.82300000 1896.00000 112.04000 24.66800 86.27800
27 7 21 00 32 31641.30000 41.82300000 1893.50000 112.04000 24.66800 86.27800
27 7 21 00 32 31607.90000 41.82300000 1891.05000 112.04000 24.66800 86.27800
27 7 21 00 33 31598.00000 41.82300000 1890.79000 112.04000 24.66800 86.27800
27 7 21 00 33 31635.30000 41.82300000 1893.55000 112.04000 24.66800 86.27800
27 7 21 00 34 31650.50000 41.82300000 1893.55000 112.04000 24.66800 86.27800
27 7 21 00 34 31637.80000 41.82300000 1893.27000 112.04000 24.66800 86.27800
27 7 21 00 34 31637.80000 41.82300000 1893.27000 112.04000 24.66800 86.27800
27 7 21 00 35 31660.70000 41.55900000 1893.27000 112.04000 24.66800 86.27800
27 7 21 00 35 31647.60000 41.55900000 1893.27000 111.49000 24.66800 86.27800
27 7 21 00 36 31596.30000 41.55900000 1891.26000 111.23000 24.66800 86.27800
27 7 21 00 36 31580.70000 41.55900000 1891.26000 111.23000 24.66800 86.27800
27 7 21 00 37 31604.80000 41.55900000 1891.26000 111.23000 24.66800 86.27800
27 7 21 00 37 31580.70000 41.55900000 1888.74000 111.23000 24.66800 86.27800
27 7 21 00 37 31544.70000 41.55900000 1885.62000 111.23000 24.66800 86.27800
27 7 21 00 38 31524.50000 41.55900000 1885.62000 111.23000 24.66800 86.27800
27 7 21 00 38 31548.10000 41.55900000 1884.88000 111.23000 24.66800 86.27800
27 7 21 00 39 31529.10000 41.55900000 1884.88000 110.97000 24.66800 86.27800
27 7 21 00 39 31539.20000 41.55900000 1884.88000 110.92000 24.66800 86.27800
27 7 21 00 40 31539.20000 41.55900000 1884.17000 110.82000 24.66800 86.27800
27 7 21 00 40 31546.40000 41.55900000 1884.17000 110.82000 24.66800 85.31000
27 7 21 00 40 31573.60000 41.55900000 1884.17000 110.82000 24.66800 85.31000
27 7 21 00 41 31573.60000 41.55900000 1884.17000 110.82000 24.66800 85.31000
27 7 21 00 41 31624.60000 41.55900000 1884.17000 110.82000 24.66800 85.31000
27 7 21 00 42 31624.80000 41.55900000 1884.17000 110.82000 24.66800 85.31000
27 7 21 00 42 31630.90000 41.55900000 1884.17000 110.82000 24.66800 85.31000
27 7 21 00 43 31639.70000 41.55900000 1884.17000 110.82000 24.66800 85.31000
27 7 21 00 43 31633.60000 41.55900000 1884.17000 110.82000 24.66800 85.31000
27 7 21 00 44 31649.00000 41.55900000 1884.17000 110.82000 24.66800 85.31000
27 7 21 00 44 31660.40000 41.55900000 1892.23000 110.82000 24.50500 85.31000
27 7 21 00 44 31646.30000 41.55900000 1889.26000 110.82000 24.50500 85.31000
27 7 21 00 45 31600.00000 41.55900000 1888.17000 110.82000 24.50500 85.31000
27 7 21 00 45 31600.00000 41.07600000 1885.38000 110.82000 24.50500 85.31000
27 7 21 00 46 31562.50000 41.07600000 1885.38000 110.82000 24.50500 85.31000
27 7 21 00 46 31575.90000 41.07600000 1886.08000 110.82000 24.50500 85.31000
27 7 21 00 47 31598.80000 41.07600000 1890.77000 110.82000 24.50500 85.31000
27 7 21 00 47 31657.90000 41.07600000 1890.77000 111.26000 24.50500 85.31000
27 7 21 00 47 31659.70000 41.07600000 1890.77000 111.26000 24.50500 85.31000
27 7 21 00 48 31623.30000 41.07600000 1887.19000 111.26000 24.50500 85.31000
27 7 21 00 48 31579.30000 41.07600000 1887.19000 111.26000 24.50500 85.06500
27 7 21 00 49 31598.30000 41.07600000 1887.19000 111.26000 24.50500 85.06500
27 7 21 00 49 31619.70000 41.07600000 1887.19000 111.26000 24.50500 85.06500
27 7 21 00 50 31630.70000 41.07600000 1886.74000 111.26000 24.50500 85.06500
27 7 21 00 50 31627.20000 41.07600000 1886.74000 111.26000 24.50500 85.06500
27 7 21 00 50 31630.70000 41.07600000 1886.74000 110.72000 24.50500 85.06500
27 7 21 00 51 31630.70000 41.07600000 1886.05000 110.72000 24.50500 85.06500
27 7 21 00 51 31665.00000 41.07600000 1886.05000 110.72000 24.50500 85.06500
27 7 21 00 52 31632.10000 41.07600000 1886.05000 110.72000 24.50500 85.06500
27 7 21 00 52 31613.70000 41.03700000 1885.01000 110.72000 24.50500 85.06500
27 7 21 00 53 31576.10000 41.03700000 1882.37000 110.72000 24.50500 85.06500
27 7 21 00 53 31596.50000 41.03700000 1883.43000 110.72000 24.50500 85.06500
27 7 21 00 53 31542.70000 41.03700000 1883.43000 110.72000 24.50500 85.06500
27 7 21 00 54 31557.80000 41.03700000 1880.65000 110.64000 24.50500 85.06500
27 7 21 00 54 31557.80000 41.03700000 1880.39000 110.64000 24.50500 85.06500
27 7 21 00 55 31585.20000 41.03700000 1880.39000 110.64000 24.50500 85.06500
27 7 21 00 55 31650.00000 41.03700000 1883.43000 110.64000 24.50500 85.06500
27 7 21 00 56 31650.80000 41.03700000 1883.43000 110.64000 24.50500 85.06500
27 7 21 00 56 31613.00000 41.03700000 1883.43000 110.75000 24.50500 85.06500
27 7 21 00 56 31613.00000 41.03700000 1885.59000 110.75000 24.50500 85.06500
27 7 21 00 57 31665.40000 41.03700000 1886.22000 110.75000 24.50500 85.06500
27 7 21 00 57 31665.40000 41.03700000 1886.22000 110.75000 24.50500 85.06500
27 7 21 00 58 31703.30000 41.03700000 1890.25000 110.75000 24.50500 85.06500
27 7 21 00 58 31745.70000 41.03700000 1890.97000 110.75000 24.50500 85.06500
27 7 21 00 59 31733.20000 41.03700000 1890.33000 110.75000 24.50500 85.06500
27 7 21 00 59 31718.50000 41.03700000 1890.33000 110.75000 24.50500 85.06500
27 7 21 01 00 31720.00000 41.03700000 1889.66000 111.13000 24.50500 85.06500
27 7 21 01 00 31745.60000 41.03700000 1891.23000 111.13000 24.50500 85.06500
27 7 21 01 00 31745.60000 41.03700000 1891.23000 111.13000 24.50500 85.06500
27 7 21 01 01 31745.60000 41.03700000 1891.67000 111.13000 24.50500 85.06500
27 7 21 01 01 31745.60000 41.03700000 1891.67000 111.13000 24.50500 85.06500
27 7 21 01 02 31734.30000 41.03700000 1891.67000 111.13000 24.50500 85.06500
27 7 21 01 02 31716.40000 41.03700000 1889.53000 111.13000 24.50500 85.06500
27 7 21 01 03 31718.70000 41.03700000 1889.53000 111.13000 24.50500 85.06500
27 7 21 01 03 31718.70000 41.03700000 1889.53000 111.14000 24.50500 85.06500
27 7 21 01 03 31639.90000 41.12300000 1886.67000 111.14000 24.50500 85.06500
27 7 21 01 04 31649.50000 41.12300000 1886.00000 111.14000 24.50500 85.06500
27 7 21 01 04 31649.50000 41.12300000 1886.00000 111.14000 24.50500 85.06500
27 7 21 01 05 31606.00000 41.12300000 1886.00000 111.14000 24.50500 85.06500
27 7 21 01 05 31678.10000 41.12300000 1889.12000 111.14000 24.50500 85.06500
27 7 21 01 06 31650.30000 41.12300000 1889.12000 111.14000 24.50500 85.06500
27 7 21 01 06 31650.30000 41.12300000 1887.32000 111.14000 24.50500 85.06500
27 7 21 01 06 31602.70000 41.12300000 1885.00000 111.14000 24.50500 85.06500
27 7 21 01 07 31607.10000 41.12300000 1884.00000 110.75000 24.50500 85.06500
27 7 21 01 07 31600.00000 41.12300000 1883.00000 110.75000 24.50500 85.06500
27 7 21 01 08 31600.00000 41.12300000 1882.00000 110.75000 24.50500 85.06500
27 7 21 01 08 31566.30000 41.12300000 1881.00000 110.75000 24.50500 85.06500
27 7 21 01 09 31546.60000 41.12300000 1880.39000 110.48000 24.50500 85.06500
27 7 21 01 09 31542.80000 40.91400000 1879.00000 110.33000 24.50500 85.06500
27 7 21 01 09 31525.90000 40.91400000 1879.38000 110.33000 24.50500 85.06500
27 7 21 01 10 31571.50000 40.91400000 1880.00000 110.33000 24.50500 85.06500
27 7 21 01 10 31546.10000 40.91400000 1880.00000 110.38000 24.50500 85.06500
27 7 21 01 11 31546.10000 40.91400000 1880.00000 110.38000 24.50500 85.06500
27 7 21 01 11 31540.70000 40.91400000 1877.69000 110.34000 24.50500 85.06500
27 7 21 01 12 31529.90000 40.66200000 1877.69000 110.34000 24.50500 85.06500
27 7 21 01 12 31540.10000 40.66200000 1877.69000 110.34000 24.50500 85.06500
27 7 21 01 12 31504.20000 40.66200000 1876.00000 110.18000 24.50500 85.06500
27 7 21 01 13 31504.30000 40.66200000 1875.01000 110.18000 24.50500 85.06500
27 7 21 01 13 31504.30000 40.66200000 1875.01000 110.14000 24.50500 84.43300
27 7 21 01 14 31510.30000 40.66200000 1875.00000 110.13000 24.50500 84.43300
27 7 21 01 14 31504.30000 40.66200000 1875.01000 110.13000 24.50500 84.43300
27 7 21 01 15 31504.30000 40.66200000 1875.01000 110.13000 24.50500 84.43300
27 7 21 01 15 31519.40000 40.66200000 1876.31000 110.13000 24.50500 84.43300
