M=[
13 5 20 14 52 8375.10000 5.73700000 181.28000 39.50000 12.19700 39.30000
13 5 20 14 52 8379.30000 5.73700000 181.32000 39.50000 12.11800 39.18800
13 5 20 14 52 8378.00000 5.73700000 181.54000 39.50000 12.11800 39.43700
13 5 20 14 53 8378.00000 5.73700000 181.52000 39.50000 12.11800 39.18800
13 5 20 14 53 8380.00000 5.73700000 181.64000 39.50000 12.11800 39.18800
13 5 20 14 54 8379.60000 5.73700000 181.59000 39.50000 12.11800 39.18800
13 5 20 14 54 8379.20000 5.72000000 181.59000 39.48000 12.11800 39.18800
13 5 20 14 55 8387.90000 5.73700000 181.64000 39.50000 12.19700 39.43700
13 5 20 14 55 8385.20000 5.73700000 181.71000 39.50000 12.11800 39.18800
13 5 20 14 56 8389.30000 5.73700000 181.71000 39.50000 12.11800 39.18800
13 5 20 14 56 8385.30000 5.73700000 181.71000 39.50000 12.11800 39.18800
13 5 20 14 57 8381.00000 5.73700000 181.58000 39.58000 12.11800 39.18800
13 5 20 14 57 8380.90000 5.73700000 181.58000 39.58000 12.11800 39.18800
13 5 20 14 57 8389.30000 5.73700000 181.57000 39.58000 12.11800 39.18800
13 5 20 14 58 8391.00000 5.73700000 181.68000 39.58000 12.11800 39.30000
13 5 20 14 58 8390.10000 5.73700000 181.57000 39.59000 12.11800 39.30000
13 5 20 14 59 8392.10000 5.73700000 181.69000 39.60000 12.11800 39.18800
13 5 20 14 59 8395.00000 5.73700000 181.70000 39.61000 12.19700 39.18800
13 5 20 15 00 8395.00000 5.73700000 181.90000 39.63000 12.11800 39.18800
13 5 20 15 00 8406.80000 5.73700000 182.20000 39.68000 12.11800 39.18800
13 5 20 15 01 8407.00000 5.73700000 182.34000 39.69000 12.11800 39.18800
13 5 20 15 01 8411.00000 5.73700000 182.35000 39.68000 12.11800 39.18800
13 5 20 15 02 8417.90000 5.73700000 182.34000 39.69000 12.22500 39.18800
13 5 20 15 02 8420.00000 5.73700000 182.35000 39.64000 12.11800 39.18800
13 5 20 15 02 8420.00000 5.73700000 182.26000 39.64000 12.11800 39.18800
13 5 20 15 03 8420.00000 5.71800000 182.25000 39.64000 12.11800 39.18800
13 5 20 15 03 8411.10000 5.71800000 182.08000 39.64000 12.19200 39.18800
13 5 20 15 04 8410.00000 5.71800000 182.12000 39.68000 12.11800 39.18800
13 5 20 15 04 8409.00000 5.71800000 182.00000 39.68000 12.11300 39.18800
13 5 20 15 05 8406.40000 5.71800000 182.07000 39.68000 12.11300 39.18800
13 5 20 15 05 8406.40000 5.71800000 182.07000 39.68000 12.11300 39.18800
13 5 20 15 06 8401.80000 5.71800000 182.00000 39.68000 12.11300 39.18800
13 5 20 15 06 8400.00000 5.71800000 181.81000 39.69000 12.11300 39.39600
13 5 20 15 07 8400.00000 5.71800000 181.82000 39.68000 12.11300 39.39600
13 5 20 15 07 8400.90000 5.71800000 181.73000 39.68000 12.11300 39.39600
13 5 20 15 07 8400.90000 5.71800000 181.73000 39.68000 12.11300 39.39600
13 5 20 15 08 8400.70000 5.71800000 181.73000 39.65000 12.19200 39.39600
13 5 20 15 08 8400.70000 5.71800000 181.73000 39.65000 12.11300 39.39600
13 5 20 15 09 8407.00000 5.71800000 182.06000 39.65000 12.11300 39.39600
13 5 20 15 09 8407.00000 5.71800000 182.01000 39.65000 12.11300 39.39600
13 5 20 15 10 8419.80000 5.71800000 182.01000 39.68000 12.11300 39.39600
13 5 20 15 10 8419.90000 5.71800000 182.00000 39.68000 12.11300 39.39600
13 5 20 15 11 8430.00000 5.71800000 182.18000 39.72000 12.11400 39.39600
13 5 20 15 11 8435.00000 5.71800000 182.22000 39.72000 12.11400 39.18800
13 5 20 15 12 8433.70000 5.71800000 182.28000 39.72000 12.11400 39.39600
13 5 20 15 12 8433.70000 5.71800000 182.35000 39.72000 12.19200 39.39600
13 5 20 15 13 8433.50000 5.71800000 182.32000 39.72000 12.11800 39.39600
13 5 20 15 13 8433.50000 5.71800000 182.22000 39.72000 12.11400 39.39600
13 5 20 15 14 8431.60000 5.71800000 182.08000 39.72000 12.11400 39.39600
13 5 20 15 14 8433.50000 5.71800000 182.25000 39.73000 12.11400 39.39600
13 5 20 15 15 8432.90000 5.71800000 182.30000 39.73000 12.11400 39.39600
13 5 20 15 15 8433.40000 5.71800000 182.28000 39.73000 12.11400 39.39600
13 5 20 15 15 8431.70000 5.71800000 182.28000 39.73000 12.11400 39.39600
13 5 20 15 16 8433.80000 5.71800000 182.35000 39.80000 12.11400 39.39600
13 5 20 15 16 8432.60000 5.71800000 182.31000 39.87000 12.11400 39.39600
13 5 20 15 17 8439.70000 5.71800000 182.31000 39.87000 12.11400 39.39600
13 5 20 15 17 8456.70000 5.71800000 182.35000 39.84000 12.11400 39.39600
13 5 20 15 18 8452.60000 5.74800000 182.50000 39.84000 12.11400 39.39600
13 5 20 15 18 8448.80000 5.74600000 182.50000 39.84000 12.11400 39.39600
13 5 20 15 19 8448.70000 5.74600000 182.40000 39.84000 12.11300 39.39600
13 5 20 15 19 8441.50000 5.74600000 182.43000 39.84000 12.11400 39.45000
13 5 20 15 20 8431.70000 5.73300000 182.36000 39.83000 12.11400 39.45000
13 5 20 15 20 8440.90000 5.73300000 182.38000 39.83000 12.11400 39.45000
13 5 20 15 21 8438.50000 5.73300000 182.46000 39.83000 12.11400 39.45000
13 5 20 15 21 8441.60000 5.73300000 182.48000 39.83000 12.11400 39.45000
13 5 20 15 22 8443.00000 5.73300000 182.49000 39.83000 12.19200 39.45000
13 5 20 15 22 8435.10000 5.73300000 182.49000 39.85000 12.11400 39.45000
13 5 20 15 22 8435.00000 5.73300000 182.36000 39.86000 12.11400 39.45000
13 5 20 15 23 8426.00000 5.73300000 182.40000 39.81000 12.11400 39.45000
13 5 20 15 23 8429.10000 5.73300000 182.35000 39.83000 12.11400 39.45000
13 5 20 15 24 8437.60000 5.74700000 182.45000 39.78000 12.11400 39.18800
13 5 20 15 24 8435.10000 5.74700000 182.50000 39.78000 12.11400 39.45000
13 5 20 15 25 8439.80000 5.74700000 182.50000 39.78000 12.19700 39.45000
13 5 20 15 25 8439.20000 5.75000000 182.50000 39.78000 12.11400 39.45000
13 5 20 15 26 8439.20000 5.75000000 182.44000 39.78000 12.11400 39.45000
13 5 20 15 26 8440.30000 5.75000000 182.30000 39.78000 12.11400 39.45000
13 5 20 15 27 8438.80000 5.75000000 182.38000 39.78000 12.11400 39.45000
13 5 20 15 27 8438.60000 5.74400000 182.45000 39.78000 12.11400 39.45000
13 5 20 15 28 8441.00000 5.74400000 182.43000 39.85000 12.11400 39.45000
13 5 20 15 28 8441.50000 5.74400000 182.41000 39.85000 12.11400 39.45000
13 5 20 15 28 8446.50000 5.74400000 182.49000 39.85000 12.11400 39.45000
13 5 20 15 29 8442.40000 5.74400000 182.50000 39.85000 12.11400 39.45000
13 5 20 15 29 8445.90000 5.75000000 182.54000 39.85000 12.11400 39.45000
13 5 20 15 30 8448.40000 5.74400000 182.54000 39.85000 12.11400 39.45000
13 5 20 15 30 8445.00000 5.74400000 182.54000 39.85000 12.11400 39.45000
13 5 20 15 31 8442.40000 5.75000000 182.58000 39.82000 12.11400 39.45000
13 5 20 15 31 8445.00000 5.74400000 182.58000 39.85000 12.11400 39.45000
13 5 20 15 32 8442.50000 5.75000000 182.78000 39.85000 12.19200 39.45000
13 5 20 15 32 8450.00000 5.75000000 182.98000 39.85000 12.11400 39.45000
13 5 20 15 33 8450.00000 5.74400000 182.96000 39.85000 12.11400 39.45000
13 5 20 15 33 8452.70000 5.74400000 183.07000 39.88000 12.11400 39.45000
13 5 20 15 34 8451.50000 5.74400000 183.01000 39.88000 12.11400 39.45000
13 5 20 15 34 8450.50000 5.75000000 182.98000 39.91000 12.11400 39.45000
13 5 20 15 35 8469.60000 5.76700000 183.38000 40.06000 12.10900 39.18800
13 5 20 15 35 8480.10000 5.76700000 183.34000 39.99000 12.10900 39.59600
13 5 20 15 36 8469.50000 5.76700000 183.19000 39.99000 12.10900 39.59600
13 5 20 15 36 8460.20000 5.76700000 182.96000 39.99000 12.10900 39.59600
13 5 20 15 37 8460.30000 5.76700000 183.06000 39.99000 12.10900 39.59600
13 5 20 15 37 8472.20000 5.76700000 183.18000 39.99000 12.10900 39.59600
13 5 20 15 38 8465.40000 5.76700000 183.06000 39.99000 12.10900 39.59600
13 5 20 15 38 8464.20000 5.74400000 183.06000 39.99000 12.10900 39.59600
13 5 20 15 39 8469.00000 5.76700000 183.13000 39.99000 12.10900 39.59600
13 5 20 15 39 8465.10000 5.76700000 183.13000 39.99000 12.10900 39.59600
13 5 20 15 40 8465.00000 5.76700000 182.81000 39.99000 12.10900 39.59600
13 5 20 15 40 8460.40000 5.76700000 182.90000 39.95000 12.10900 39.59600
13 5 20 15 41 8461.00000 5.76700000 182.89000 39.95000 12.10900 39.59600
13 5 20 15 41 8461.00000 5.76700000 182.88000 39.95000 12.10900 39.59600
13 5 20 15 41 8464.00000 5.76700000 182.81000 39.95000 12.10900 39.59800
13 5 20 15 42 8465.50000 5.74400000 183.05000 39.95000 12.10900 39.59800
