M=[
30 7 20 23 10 9437.90000 6.23900000 283.89000 48.46000 17.20100 60.04400
30 7 20 23 11 9438.10000 6.23900000 283.89000 48.46000 17.20100 60.04400
30 7 20 23 11 9442.50000 6.23900000 283.64000 48.46000 17.20100 60.04400
30 7 20 23 12 9445.10000 6.23900000 283.71000 48.45000 17.20100 59.96500
30 7 20 23 12 9445.30000 6.23700000 283.70000 48.45000 17.20100 59.85200
30 7 20 23 13 9439.20000 6.23700000 283.37000 48.39000 17.20100 59.85100
30 7 20 23 13 9437.80000 6.23700000 283.34000 48.39000 17.20100 59.85100
30 7 20 23 14 9431.10000 6.23700000 283.33000 48.32000 17.20100 59.81400
30 7 20 23 14 9433.10000 6.23700000 283.33000 48.32000 17.20100 59.81400
30 7 20 23 15 9438.90000 6.23700000 283.70000 48.32000 17.20100 59.81400
30 7 20 23 15 9434.40000 6.23700000 283.45000 48.32000 17.20100 59.81400
30 7 20 23 16 9429.30000 6.24400000 283.45000 48.39000 17.20100 59.80100
30 7 20 23 16 9430.70000 6.26100000 283.19000 48.39000 17.20100 59.80100
30 7 20 23 17 9427.60000 6.26100000 282.49000 48.39000 17.20100 59.80100
30 7 20 23 17 9416.90000 6.26100000 282.31000 48.20000 17.20100 59.80100
30 7 20 23 18 9411.20000 6.26100000 282.21000 48.20000 17.14300 59.80100
30 7 20 23 18 9402.80000 6.26100000 282.22000 48.20000 17.14300 59.93700
30 7 20 23 19 9402.90000 6.26100000 282.22000 48.20000 17.14300 59.93700
30 7 20 23 19 9404.40000 6.26100000 282.79000 48.20000 17.14300 59.93700
30 7 20 23 20 9411.30000 6.26100000 282.93000 48.20000 17.14300 59.93700
30 7 20 23 20 9418.80000 6.26100000 283.19000 48.20000 17.14300 59.93700
30 7 20 23 21 9419.80000 6.26100000 283.50000 48.20000 17.14300 60.19100
30 7 20 23 21 9417.50000 6.26100000 283.50000 48.20000 17.14300 60.19100
30 7 20 23 22 9410.90000 6.26100000 283.68000 48.20000 17.14300 60.19100
30 7 20 23 22 9411.00000 6.26100000 283.82000 48.20000 17.14300 60.19100
30 7 20 23 23 9410.70000 6.26100000 283.90000 48.20000 17.14300 60.19100
30 7 20 23 23 9410.70000 6.26100000 283.90000 48.20000 17.14300 60.19100
30 7 20 23 24 9411.20000 6.26100000 284.00000 48.20000 17.14300 60.02000
30 7 20 23 24 9409.00000 6.26100000 284.02000 48.20000 17.14300 60.02000
30 7 20 23 25 9411.30000 6.26100000 284.09000 48.20000 17.14300 60.17300
30 7 20 23 25 9406.10000 6.26100000 283.96000 48.41000 17.14300 60.17300
30 7 20 23 26 9395.50000 6.26100000 283.69000 48.41000 17.14300 60.17300
30 7 20 23 26 9394.70000 6.26100000 283.69000 48.41000 17.14300 60.17300
30 7 20 23 27 9394.10000 6.26100000 283.70000 48.41000 17.14300 60.17300
30 7 20 23 27 9401.30000 6.26100000 283.73000 48.41000 17.14300 60.17300
30 7 20 23 28 9400.50000 6.26100000 283.81000 48.41000 17.14300 60.17300
30 7 20 23 28 9400.30000 6.26100000 283.84000 48.41000 17.14300 60.17300
30 7 20 23 29 9399.50000 6.26100000 284.06000 48.41000 17.14300 60.17300
30 7 20 23 29 9399.90000 6.26100000 284.06000 48.41000 17.14300 60.17300
30 7 20 23 29 9397.90000 6.26100000 284.00000 48.41000 17.14300 60.17300
30 7 20 23 30 9397.90000 6.26100000 284.00000 48.41000 17.14300 60.17300
30 7 20 23 30 9404.00000 6.26100000 283.99000 48.41000 17.14300 60.17300
30 7 20 23 31 9403.60000 6.26100000 284.18000 48.41000 17.14300 60.17300
30 7 20 23 31 9397.50000 6.26100000 284.00000 48.41000 17.14300 60.17300
30 7 20 23 32 9391.90000 6.21900000 284.01000 48.25000 17.14300 60.17300
30 7 20 23 32 9395.20000 6.21900000 284.00000 48.25000 17.14300 60.17300
30 7 20 23 33 9393.70000 6.21900000 284.00000 48.25000 17.14300 60.17300
30 7 20 23 33 9395.50000 6.21900000 284.02000 48.25000 17.14300 60.17300
30 7 20 23 34 9396.30000 6.21900000 284.20000 48.25000 17.14300 60.17300
30 7 20 23 34 9396.90000 6.21900000 284.29000 48.34000 17.14300 60.17300
30 7 20 23 35 9398.80000 6.21900000 284.25000 48.34000 17.14300 60.17300
30 7 20 23 35 9399.30000 6.21900000 284.30000 48.34000 17.14300 60.17300
30 7 20 23 36 9399.80000 6.21900000 284.20000 48.34000 17.14300 60.17300
30 7 20 23 36 9398.80000 6.21900000 284.20000 48.34000 17.14300 60.17300
30 7 20 23 37 9398.90000 6.21900000 284.19000 48.34000 17.14300 60.17300
30 7 20 23 37 9395.30000 6.21900000 284.01000 48.34000 17.14300 60.17300
30 7 20 23 37 9391.60000 6.21900000 283.71000 48.29000 17.14300 60.17300
30 7 20 23 38 9404.60000 6.23700000 284.46000 48.35000 17.14300 60.17300
30 7 20 23 39 9389.20000 6.23700000 284.01000 48.35000 17.14300 60.17300
30 7 20 23 39 9389.20000 6.23700000 284.09000 48.22000 17.14300 60.17300
30 7 20 23 40 9389.20000 6.23700000 284.15000 48.22000 17.14300 60.17300
30 7 20 23 40 9389.20000 6.23700000 284.19000 48.22000 17.14300 60.17300
30 7 20 23 41 9391.90000 6.23700000 284.14000 48.22000 17.14300 60.17300
30 7 20 23 41 9391.50000 6.23700000 283.89000 48.22000 17.17900 60.17300
30 7 20 23 42 9390.60000 6.23700000 283.90000 48.22000 17.17900 60.17300
30 7 20 23 42 9390.80000 6.23700000 283.88000 48.22000 17.17900 60.17300
30 7 20 23 43 9386.70000 6.23700000 283.69000 48.20000 17.17900 60.17300
30 7 20 23 43 9387.50000 6.23700000 283.71000 48.20000 17.17900 60.17300
30 7 20 23 44 9387.60000 6.23700000 283.69000 48.20000 17.17900 60.17300
30 7 20 23 44 9387.60000 6.23700000 283.68000 48.20000 17.17900 60.17300
30 7 20 23 45 9388.40000 6.23700000 283.54000 48.23000 17.17900 60.17300
30 7 20 23 45 9388.10000 6.23700000 283.46000 48.23000 17.17900 60.17300
30 7 20 23 46 9388.30000 6.23700000 283.42000 48.23000 17.17900 60.17300
30 7 20 23 46 9388.20000 6.23000000 283.41000 48.23000 17.17900 60.17300
30 7 20 23 47 9388.20000 6.23000000 283.41000 48.23000 17.19100 60.17300
30 7 20 23 47 9388.00000 6.23000000 283.41000 48.23000 17.19100 60.17300
30 7 20 23 47 9388.20000 6.23000000 283.41000 48.23000 17.12100 60.17300
30 7 20 23 48 9388.30000 6.23000000 283.41000 48.21000 17.12100 60.17300
30 7 20 23 48 9388.30000 6.23000000 283.38000 48.21000 17.17400 60.17300
30 7 20 23 49 9388.30000 6.23000000 283.44000 48.21000 17.17400 60.17300
30 7 20 23 49 9388.30000 6.23000000 283.74000 48.21000 17.17400 60.17300
30 7 20 23 50 9388.20000 6.23000000 283.74000 48.21000 17.17400 60.17300
30 7 20 23 50 9388.30000 6.23000000 283.30000 48.21000 17.17400 60.17300
30 7 20 23 51 9388.30000 6.23000000 283.26000 48.21000 17.17400 59.83500
30 7 20 23 51 9388.20000 6.23000000 283.23000 48.21000 17.17400 59.83500
30 7 20 23 52 9388.30000 6.23000000 283.22000 48.21000 17.17400 59.83500
30 7 20 23 52 9388.30000 6.23000000 283.23000 48.08000 17.17400 59.77000
30 7 20 23 53 9387.70000 6.23000000 283.19000 48.08000 17.17400 59.77000
30 7 20 23 53 9387.60000 6.23000000 282.89000 47.94000 17.10700 59.77000
30 7 20 23 54 9375.20000 6.20800000 282.65000 47.83000 17.10700 59.70200
30 7 20 23 54 9377.50000 6.20800000 282.50000 47.81000 17.10700 59.70200
30 7 20 23 55 9375.20000 6.20800000 282.49000 47.81000 17.10700 59.70200
30 7 20 23 55 9375.20000 6.20800000 282.24000 47.81000 17.10700 59.70200
30 7 20 23 56 9375.00000 6.20800000 282.66000 47.81000 17.10700 59.51000
30 7 20 23 56 9375.10000 6.20800000 282.32000 47.81000 17.10700 59.52100
30 7 20 23 57 9373.30000 6.20800000 282.42000 47.75000 17.10700 59.50100
30 7 20 23 57 9369.90000 6.20800000 282.56000 47.75000 17.10700 59.50000
30 7 20 23 58 9368.00000 6.20800000 282.56000 47.75000 17.10700 59.50000
30 7 20 23 58 9367.60000 6.20800000 282.46000 47.75000 17.10700 59.50000
30 7 20 23 59 9367.50000 6.20800000 282.56000 47.75000 17.10700 59.50000
30 7 20 23 59 9368.00000 6.20800000 282.57000 47.75000 17.10700 59.50000
31 7 20 00 00 9368.00000 6.20800000 282.85000 47.89000 17.10700 59.50000
31 7 20 00 00 9368.00000 6.20800000 283.56000 47.91000 17.10700 59.50000
31 7 20 00 01 9392.20000 6.20800000 283.88000 48.28000 17.10700 59.50000
31 7 20 00 01 9388.50000 6.20800000 283.68000 48.28000 17.10700 59.50000
31 7 20 00 02 9385.50000 6.20800000 283.61000 48.06000 17.10700 59.50000
31 7 20 00 02 9383.50000 6.20800000 283.62000 48.06000 17.10700 59.50000
31 7 20 00 03 9388.40000 6.20800000 283.71000 48.06000 17.10700 59.50000
31 7 20 00 03 9388.40000 6.20800000 283.85000 48.06000 17.10700 59.50000
