M=[
 5 10 20 04 46 9101.80000 4.88400000 300.15000 39.45000 11.99900 53.36800
 5 10 20 04 46 9098.60000 4.88400000 300.15000 39.45000 11.99900 53.36800
 5 10 20 04 47 9098.50000 4.88400000 300.15000 39.45000 11.99900 53.36800
 5 10 20 04 47 9098.50000 4.88400000 300.15000 39.45000 11.99900 53.36800
 5 10 20 04 48 9096.10000 4.88400000 300.15000 39.45000 11.99900 53.30900
 5 10 20 04 48 9096.10000 4.88400000 300.15000 39.45000 11.99900 53.30900
 5 10 20 04 48 9096.00000 4.88400000 300.15000 39.45000 11.99900 53.30900
 5 10 20 04 49 9096.00000 4.88400000 300.00000 39.45000 11.99900 53.30900
 5 10 20 04 49 9096.00000 4.88400000 300.00000 39.45000 11.99900 53.30900
 5 10 20 04 50 9096.00000 4.88400000 300.00000 39.45000 11.99900 53.30900
 5 10 20 04 51 9093.80000 4.88400000 299.96000 39.45000 11.99900 53.30900
 5 10 20 04 51 9094.30000 4.88400000 299.95000 39.45000 11.99900 53.16400
 5 10 20 04 51 9098.10000 4.88300000 299.92000 39.45000 11.99900 53.16400
 5 10 20 04 52 9097.60000 4.88300000 299.92000 39.45000 11.99900 53.16400
 5 10 20 04 52 9097.60000 4.88300000 299.92000 39.45000 11.99900 53.16400
 5 10 20 04 53 9097.90000 4.88300000 299.92000 39.45000 11.99900 53.16400
 5 10 20 04 53 9097.50000 4.88300000 299.92000 39.45000 11.99900 53.16400
 5 10 20 04 53 9097.50000 4.88300000 299.92000 39.45000 11.99900 53.22700
 5 10 20 04 54 9097.60000 4.88300000 299.92000 39.45000 11.99900 53.22700
 5 10 20 04 54 9097.60000 4.88300000 299.92000 39.45000 11.99900 53.22700
 5 10 20 04 55 9097.60000 4.88300000 299.92000 39.45000 11.99900 53.05200
 5 10 20 04 55 9097.50000 4.88300000 299.92000 39.45000 11.99900 53.05200
 5 10 20 04 56 9097.50000 4.88300000 299.93000 39.45000 11.99900 53.05200
 5 10 20 04 56 9097.50000 4.88300000 299.68000 39.45000 11.99900 53.05200
 5 10 20 04 56 9098.20000 4.88300000 299.68000 39.45000 11.99900 53.05200
 5 10 20 04 57 9097.60000 4.88300000 299.68000 39.45000 11.99900 53.05200
 5 10 20 04 57 9097.40000 4.88300000 299.68000 39.45000 11.99900 53.05200
 5 10 20 04 58 9099.90000 4.88500000 299.68000 39.45000 11.99900 53.05200
 5 10 20 04 58 9099.90000 4.88500000 299.74000 39.45000 11.99900 53.05200
 5 10 20 04 59 9100.00000 4.87800000 299.74000 39.45000 11.99900 53.05200
 5 10 20 04 59 9099.40000 4.87800000 299.74000 39.45000 11.99900 53.05200
 5 10 20 04 59 9099.40000 4.87800000 299.74000 39.45000 11.99900 53.05200
 5 10 20 05 00 9099.90000 4.87800000 299.74000 39.45000 11.99900 53.05200
 5 10 20 05 00 9100.00000 4.87800000 299.82000 39.45000 11.99900 53.05200
 5 10 20 05 01 9100.00000 4.87800000 299.82000 39.45000 11.99900 53.05200
 5 10 20 05 01 9100.00000 4.87800000 299.78000 39.45000 11.99900 53.05200
 5 10 20 05 02 9099.90000 4.87800000 299.78000 39.45000 11.99900 53.07200
 5 10 20 05 02 9099.90000 4.87800000 299.82000 39.45000 11.99900 53.07200
 5 10 20 05 02 9099.90000 4.87800000 299.82000 39.45000 11.99900 53.07200
 5 10 20 05 03 9099.90000 4.87800000 299.82000 39.45000 11.99900 53.07200
 5 10 20 05 03 9099.90000 4.87800000 300.29000 39.45000 11.99900 53.26500
 5 10 20 05 04 9099.90000 4.87800000 300.29000 39.45000 11.99900 53.26500
 5 10 20 05 04 9099.90000 4.87800000 300.34000 39.42000 11.99900 53.26500
 5 10 20 05 05 9106.20000 4.87800000 300.34000 39.42000 11.99900 53.26500
 5 10 20 05 05 9104.70000 4.87800000 300.26000 39.42000 11.99900 53.26500
 5 10 20 05 05 9105.60000 4.87800000 300.29000 39.42000 11.99900 53.26500
 5 10 20 05 06 9105.50000 4.87800000 300.29000 39.42000 11.99900 53.26500
 5 10 20 05 06 9104.50000 4.87800000 300.29000 39.42000 11.99900 53.26500
 5 10 20 05 07 9104.60000 4.87800000 300.29000 39.42000 11.99900 53.26500
 5 10 20 05 07 9104.60000 4.87800000 300.31000 39.42000 11.99900 53.26500
 5 10 20 05 08 9104.60000 4.87800000 300.31000 39.42000 11.99900 53.32000
 5 10 20 05 08 9106.10000 4.87800000 300.31000 39.42000 11.99900 53.32000
 5 10 20 05 08 9106.10000 4.87800000 300.34000 39.42000 11.99900 53.32000
 5 10 20 05 09 9108.80000 4.87800000 300.34000 39.42000 11.99900 53.32000
 5 10 20 05 09 9109.40000 4.87800000 300.51000 39.42000 11.99900 53.32000
 5 10 20 05 10 9109.40000 4.87800000 300.51000 39.42000 11.99900 53.32000
 5 10 20 05 10 9106.40000 4.87800000 300.39000 39.42000 11.99900 53.32000
 5 10 20 05 11 9105.50000 4.87800000 300.39000 39.42000 11.99900 53.32000
 5 10 20 05 11 9103.40000 4.87800000 300.35000 39.42000 11.99900 53.32000
 5 10 20 05 11 9103.40000 4.87800000 300.38000 39.42000 11.99900 53.32000
 5 10 20 05 12 9103.50000 4.87800000 300.37000 39.42000 11.99900 53.32000
 5 10 20 05 12 9103.60000 4.87800000 300.37000 39.42000 11.99900 53.32000
 5 10 20 05 13 9103.70000 4.87800000 300.37000 39.48000 11.99900 53.24400
 5 10 20 05 13 9103.70000 4.88300000 300.37000 39.48000 11.99900 53.24400
 5 10 20 05 14 9101.90000 4.88300000 300.35000 39.48000 11.99900 53.24400
 5 10 20 05 14 9101.90000 4.88300000 300.36000 39.51000 11.99900 53.24400
 5 10 20 05 15 9101.90000 4.88300000 300.35000 39.51000 11.99900 53.24400
 5 10 20 05 15 9101.90000 4.88300000 300.35000 39.51000 11.99900 53.24400
 5 10 20 05 16 9101.90000 4.88300000 300.35000 39.51000 11.99900 53.24400
 5 10 20 05 16 9101.00000 4.88300000 300.35000 39.51000 11.99900 53.24400
 5 10 20 05 16 9099.90000 4.88300000 300.35000 39.51000 11.99900 53.24400
 5 10 20 05 17 9099.90000 4.88300000 300.35000 39.51000 11.99900 53.24400
 5 10 20 05 17 9100.00000 4.88300000 300.35000 39.51000 11.99900 53.24400
 5 10 20 05 18 9100.00000 4.88300000 300.35000 39.51000 11.99900 53.24400
 5 10 20 05 18 9099.90000 4.88300000 300.35000 39.51000 11.99900 53.24400
 5 10 20 05 19 9099.80000 4.88300000 300.47000 39.51000 11.99900 53.24400
 5 10 20 05 19 9099.80000 4.88300000 300.40000 39.51000 11.99900 53.24400
 5 10 20 05 19 9099.80000 4.88300000 300.40000 39.51000 11.99900 53.18900
 5 10 20 05 20 9102.50000 4.88300000 300.42000 39.51000 11.99900 53.18900
 5 10 20 05 20 9101.40000 4.88300000 300.42000 39.51000 11.99900 53.18900
 5 10 20 05 21 9102.60000 4.88300000 300.42000 39.51000 11.99900 53.18900
 5 10 20 05 21 9101.50000 4.88300000 300.44000 39.51000 11.99900 53.18900
 5 10 20 05 22 9101.50000 4.88300000 300.44000 39.51000 11.99900 53.15700
 5 10 20 05 22 9105.10000 4.88300000 300.45000 39.51000 11.99900 53.15700
 5 10 20 05 22 9105.10000 4.88300000 300.45000 39.51000 11.99900 53.15700
 5 10 20 05 23 9105.10000 4.88300000 300.45000 39.51000 11.99900 53.15700
 5 10 20 05 23 9106.20000 4.88300000 300.47000 39.51000 11.99900 53.15700
 5 10 20 05 24 9106.30000 4.88300000 300.39000 39.51000 11.99900 53.15700
 5 10 20 05 24 9106.30000 4.88300000 300.39000 39.51000 12.05200 53.15700
 5 10 20 05 25 9106.30000 4.88300000 300.39000 39.51000 12.05200 53.15700
 5 10 20 05 25 9106.30000 4.88300000 300.03000 39.42000 12.05200 53.15700
 5 10 20 05 26 9105.00000 4.88300000 300.03000 39.42000 12.05200 53.15700
 5 10 20 05 26 9105.00000 4.88300000 300.03000 39.42000 12.05200 53.15700
 5 10 20 05 27 9105.10000 4.88300000 300.36000 39.42000 12.05200 53.15700
 5 10 20 05 27 9104.60000 4.88300000 300.36000 39.42000 12.05200 53.15700
 5 10 20 05 28 9104.70000 4.88300000 300.41000 39.42000 12.05200 53.15700
 5 10 20 05 28 9104.60000 4.88300000 300.49000 39.42000 12.05200 53.15700
 5 10 20 05 28 9104.60000 4.88300000 300.49000 39.42000 12.05200 53.15700
 5 10 20 05 29 9104.60000 4.88300000 300.50000 39.42000 12.05200 53.15700
 5 10 20 05 29 9104.60000 4.88300000 300.50000 39.42000 12.05200 53.15700
 5 10 20 05 30 9104.60000 4.88300000 300.38000 39.42000 12.05200 53.15700
 5 10 20 05 30 9104.70000 4.88300000 300.38000 39.42000 12.05200 53.15700
 5 10 20 05 31 9103.30000 4.88300000 300.38000 39.42000 12.05200 53.15700
 5 10 20 05 31 9101.90000 4.88300000 300.38000 39.42000 12.05200 53.15700
 5 10 20 05 32 9101.90000 4.88300000 300.28000 39.42000 12.05200 53.15700
 5 10 20 05 32 9101.90000 4.88300000 300.28000 39.42000 12.05200 53.15700
 5 10 20 05 32 9101.90000 4.88300000 300.28000 39.42000 12.05200 53.15700
 5 10 20 05 33 9101.90000 4.88300000 300.25000 39.42000 12.05200 53.15700
