M=[
21 5 20 16 59 8278.50000 5.58700000 181.63000 38.92000 11.28000 41.76900
21 5 20 16 59 8278.50000 5.58700000 181.58000 38.83000 11.28000 41.76900
21 5 20 17 00 8279.40000 5.58700000 181.67000 38.89000 11.28000 41.76900
21 5 20 17 00 8280.30000 5.59600000 181.52000 38.89000 11.28000 41.76900
21 5 20 17 01 8280.50000 5.55300000 181.52000 38.89000 11.28000 41.76900
21 5 20 17 01 8287.10000 5.55300000 181.61000 38.89000 11.28000 41.76900
21 5 20 17 02 8283.50000 5.55300000 181.55000 38.89000 11.28000 41.76900
21 5 20 17 02 8288.60000 5.55300000 181.55000 38.89000 11.28000 41.76900
21 5 20 17 03 8288.60000 5.55300000 181.64000 38.89000 11.28000 41.76900
21 5 20 17 04 8288.60000 5.55300000 181.64000 38.89000 11.28300 41.76900
21 5 20 17 04 8282.10000 5.55300000 181.59000 38.89000 11.28000 41.76900
21 5 20 17 05 8278.60000 5.55300000 181.54000 38.84000 11.28000 41.76900
21 5 20 17 05 8278.30000 5.55300000 181.51000 38.84000 11.28000 41.76900
21 5 20 17 06 8273.60000 5.55300000 181.44000 38.84000 11.28000 41.76900
21 5 20 17 06 8273.70000 5.55300000 181.45000 38.79000 11.28000 41.76900
21 5 20 17 07 8278.40000 5.55300000 181.53000 38.79000 11.28000 41.76900
21 5 20 17 07 8273.60000 5.55600000 181.53000 38.79000 11.28000 41.65800
21 5 20 17 08 8270.00000 5.55600000 181.45000 38.78000 11.28000 41.65800
21 5 20 17 08 8265.80000 5.55600000 181.35000 38.76000 11.28000 41.76900
21 5 20 17 09 8270.90000 5.55300000 181.26000 38.76000 11.28000 41.57200
21 5 20 17 09 8259.60000 5.55600000 181.20000 38.76000 11.28000 41.57200
21 5 20 17 10 8271.30000 5.55600000 181.46000 38.78000 11.28000 41.61300
21 5 20 17 11 8269.60000 5.55600000 181.39000 38.78000 11.28000 41.61300
21 5 20 17 11 8270.20000 5.55600000 181.14000 38.81000 11.28000 41.61300
21 5 20 17 12 8262.30000 5.55600000 181.22000 38.81000 11.28000 41.61300
21 5 20 17 12 8265.00000 5.55500000 181.15000 38.81000 11.28000 41.64000
21 5 20 17 13 8264.20000 5.55500000 181.21000 38.76000 11.28000 41.64000
21 5 20 17 13 8264.80000 5.55500000 181.18000 38.81000 11.28000 41.64000
21 5 20 17 14 8264.90000 5.55500000 181.22000 38.78000 11.28000 41.64000
21 5 20 17 14 8266.00000 5.55500000 181.11000 38.78000 11.28000 41.64000
21 5 20 17 15 8266.00000 5.55500000 181.10000 38.78000 11.28000 41.64000
21 5 20 17 15 8266.10000 5.55500000 181.07000 38.78000 11.28300 41.64000
21 5 20 17 16 8269.00000 5.55600000 181.15000 38.78000 11.28000 41.64000
21 5 20 17 16 8274.70000 5.57700000 181.18000 38.78000 11.28000 41.64000
21 5 20 17 17 8274.60000 5.57700000 181.17000 38.78000 11.28000 41.64000
21 5 20 17 17 8274.60000 5.57700000 181.14000 38.78000 11.28000 41.64000
21 5 20 17 18 8274.80000 5.57700000 181.13000 38.81000 11.28000 41.64000
21 5 20 17 18 8275.00000 5.57700000 181.13000 38.78000 11.28000 41.64000
21 5 20 17 19 8274.80000 5.57700000 181.13000 38.78000 11.28000 41.64000
21 5 20 17 19 8276.00000 5.57700000 181.13000 38.78000 11.28000 41.64000
21 5 20 17 20 8270.00000 5.57700000 181.11000 38.79000 11.16700 41.64000
21 5 20 17 20 8270.00000 5.57700000 181.08000 38.79000 11.28000 41.64000
21 5 20 17 21 8274.00000 5.57700000 180.97000 38.77000 11.28000 41.64000
21 5 20 17 21 8270.10000 5.55500000 181.04000 38.77000 11.28000 41.64000
21 5 20 17 22 8270.00000 5.57700000 181.12000 38.78000 11.28000 41.57200
21 5 20 17 22 8270.70000 5.57700000 181.15000 38.77000 11.28000 41.64000
21 5 20 17 23 8272.30000 5.57700000 181.16000 38.78000 11.28000 41.64000
21 5 20 17 23 8272.30000 5.57700000 181.12000 38.75000 11.28000 41.64000
21 5 20 17 24 8270.80000 5.57700000 181.10000 38.75000 11.28000 41.64000
21 5 20 17 24 8270.90000 5.57700000 181.19000 38.75000 11.26300 41.64000
21 5 20 17 25 8270.80000 5.57700000 181.22000 38.75000 11.26300 41.64000
21 5 20 17 25 8266.80000 5.55500000 181.20000 38.75000 11.28000 41.64000
21 5 20 17 26 8265.10000 5.57700000 181.11000 38.75000 11.26300 41.64000
21 5 20 17 26 8264.00000 5.57700000 181.04000 38.74000 11.26300 41.64000
21 5 20 17 27 8254.20000 5.56500000 180.96000 38.74000 11.26300 41.64000
21 5 20 17 27 8250.60000 5.56500000 180.96000 38.74000 11.26300 41.64000
21 5 20 17 28 8249.90000 5.56500000 180.87000 38.74000 11.26300 41.64000
21 5 20 17 28 8254.20000 5.56500000 180.84000 38.74000 11.26300 41.64000
21 5 20 17 29 8254.20000 5.56500000 180.93000 38.74000 11.26300 41.64000
21 5 20 17 29 8251.50000 5.56500000 180.81000 38.74000 11.26300 41.64000
21 5 20 17 30 8252.00000 5.56500000 180.87000 38.74000 11.26300 41.57200
21 5 20 17 30 8251.90000 5.56500000 180.92000 38.76000 11.26300 41.64000
21 5 20 17 31 8236.10000 5.56500000 180.57000 38.65000 11.26300 41.64000
21 5 20 17 32 8234.60000 5.56500000 180.66000 38.65000 11.26300 41.58000
21 5 20 17 32 8246.50000 5.56500000 181.11000 38.65000 11.28300 41.58000
21 5 20 17 33 8245.30000 5.56500000 181.12000 38.74000 11.26300 41.58000
21 5 20 17 33 8247.80000 5.56500000 181.08000 38.65000 11.26300 41.58000
21 5 20 17 34 8247.20000 5.56500000 181.08000 38.65000 11.20800 41.58000
21 5 20 17 34 8251.90000 5.56500000 181.20000 38.65000 11.20800 41.58000
21 5 20 17 35 8251.90000 5.56500000 181.20000 38.65000 11.20800 41.59700
21 5 20 17 35 8252.00000 5.56500000 181.20000 38.65000 11.20800 41.59700
21 5 20 17 36 8254.20000 5.56500000 181.26000 38.65000 11.20800 41.59700
21 5 20 17 36 8261.10000 5.56500000 181.09000 38.65000 11.20800 41.59700
21 5 20 17 37 8262.00000 5.56500000 181.09000 38.85000 11.20800 41.59700
21 5 20 17 37 8258.40000 5.56500000 181.12000 38.85000 11.20800 41.59700
21 5 20 17 38 8258.30000 5.56500000 181.15000 38.84000 11.20800 41.59700
21 5 20 17 38 8258.40000 5.56500000 181.29000 38.84000 11.28000 41.59700
21 5 20 17 39 8267.10000 5.56500000 181.32000 38.87000 11.20800 41.68700
21 5 20 17 39 8263.10000 5.55500000 181.29000 38.88000 11.20800 41.68700
21 5 20 17 40 8259.20000 5.56000000 181.27000 38.88000 11.20800 41.68700
21 5 20 17 40 8259.20000 5.56000000 181.18000 38.83000 11.20800 41.68700
21 5 20 17 41 8257.80000 5.56000000 181.29000 38.83000 11.20800 41.68700
21 5 20 17 41 8267.80000 5.56000000 181.29000 38.83000 11.20800 41.68700
21 5 20 17 42 8265.00000 5.56000000 181.36000 38.83000 11.20800 41.54500
21 5 20 17 42 8264.90000 5.56000000 181.41000 38.83000 11.20800 41.59700
21 5 20 17 43 8270.00000 5.55500000 181.36000 38.88000 11.22100 41.68700
21 5 20 17 43 8265.60000 5.56000000 181.41000 38.87000 11.23100 41.68700
21 5 20 17 44 8262.60000 5.56000000 181.31000 38.87000 11.22100 41.68700
21 5 20 17 44 8260.90000 5.56000000 181.18000 38.87000 11.22400 41.68700
21 5 20 17 45 8260.90000 5.56000000 181.19000 38.83000 11.22400 41.68700
21 5 20 17 45 8260.90000 5.56000000 181.18000 38.83000 11.22400 41.68700
21 5 20 17 46 8260.90000 5.56000000 181.18000 38.80000 11.22400 41.68700
21 5 20 17 46 8260.10000 5.56000000 181.18000 38.80000 11.22400 41.68700
21 5 20 17 47 8260.10000 5.56000000 181.18000 38.80000 11.22400 41.68700
21 5 20 17 47 8260.10000 5.56000000 181.18000 38.81000 11.22400 41.64900
21 5 20 17 47 8254.30000 5.56000000 181.17000 38.81000 11.23100 41.64900
21 5 20 17 48 8253.10000 5.54500000 181.17000 38.81000 11.23100 41.64900
21 5 20 17 49 8253.00000 5.54500000 181.17000 38.81000 11.22100 41.59700
21 5 20 17 49 8251.10000 5.54500000 181.04000 38.81000 11.22400 41.64900
21 5 20 17 50 8251.00000 5.54500000 180.96000 38.81000 11.22400 41.64900
21 5 20 17 50 8247.60000 5.54500000 180.85000 38.79000 11.22400 41.64900
21 5 20 17 51 8247.20000 5.54500000 180.84000 38.79000 11.22400 41.68700
21 5 20 17 51 8244.10000 5.54500000 180.84000 38.78000 11.22400 41.64900
21 5 20 17 52 8244.10000 5.54500000 180.72000 38.78000 11.22400 41.64900
21 5 20 17 52 8244.00000 5.54500000 180.72000 38.78000 11.22100 41.64900
21 5 20 17 53 8240.40000 5.54500000 180.72000 38.78000 11.22400 41.64900
21 5 20 17 53 8244.50000 5.54500000 180.72000 38.78000 11.22400 41.64900
21 5 20 17 54 8246.90000 5.54500000 180.72000 38.78000 11.22400 41.64900
21 5 20 17 54 8246.50000 5.54500000 180.73000 38.78000 11.22400 41.64900
