M=[
 1 10 20 21 05 9048.50000 4.78600000 300.08000 39.41000 12.17800 54.51000
 1 10 20 21 05 9048.70000 4.78600000 300.24000 39.41000 12.17800 54.51000
 1 10 20 21 05 9046.10000 4.78600000 300.24000 39.41000 12.17800 54.51000
 1 10 20 21 06 9046.20000 4.78600000 300.26000 39.41000 12.17800 54.51000
 1 10 20 21 06 9046.30000 4.78600000 300.28000 39.41000 12.17800 54.51000
 1 10 20 21 07 9046.30000 4.78600000 300.28000 39.41000 12.17800 54.51000
 1 10 20 21 07 9046.30000 4.78600000 300.15000 39.45000 12.17800 54.51000
 1 10 20 21 08 9046.30000 4.78600000 300.17000 39.45000 12.17800 54.51000
 1 10 20 21 08 9044.10000 4.78600000 300.17000 39.45000 12.17800 54.51000
 1 10 20 21 08 9044.00000 4.78600000 300.05000 39.45000 12.17800 54.51000
 1 10 20 21 09 9044.10000 4.78600000 299.92000 39.45000 12.17800 54.51000
 1 10 20 21 09 9043.60000 4.84200000 299.92000 39.45000 12.17800 54.51000
 1 10 20 21 10 9043.60000 4.84200000 299.83000 39.45000 12.17800 54.51000
 1 10 20 21 10 9042.80000 4.84200000 299.76000 39.43000 12.11600 54.51000
 1 10 20 21 11 9044.80000 4.84200000 299.76000 39.43000 12.11600 54.51000
 1 10 20 21 11 9043.70000 4.84200000 299.76000 39.42000 12.11600 54.51000
 1 10 20 21 11 9042.90000 4.84200000 299.48000 39.42000 12.11600 54.51000
 1 10 20 21 12 9045.40000 4.86600000 299.48000 39.41000 12.11600 54.51000
 1 10 20 21 12 9043.80000 4.86700000 299.72000 39.41000 12.11600 54.51000
 1 10 20 21 13 9044.80000 4.86700000 299.70000 39.41000 12.11600 54.51000
 1 10 20 21 13 9044.20000 4.86700000 299.70000 39.42000 12.11600 54.51000
 1 10 20 21 14 9045.00000 4.86700000 299.69000 39.42000 12.11600 54.51000
 1 10 20 21 14 9044.00000 4.86700000 299.31000 39.42000 12.11600 54.51000
 1 10 20 21 15 9039.70000 4.86700000 299.19000 39.42000 12.11600 54.51000
 1 10 20 21 15 9039.50000 4.86700000 299.16000 39.42000 12.11600 54.51000
 1 10 20 21 15 9038.30000 4.86700000 299.13000 39.42000 12.11600 54.51000
 1 10 20 21 16 9036.70000 4.86700000 299.03000 39.42000 12.11600 54.51000
 1 10 20 21 16 9036.70000 4.86700000 299.03000 39.42000 12.11400 54.51000
 1 10 20 21 17 9035.10000 4.86700000 299.02000 39.42000 12.11400 54.51000
 1 10 20 21 17 9035.00000 4.87200000 299.02000 39.31000 12.11400 54.51000
 1 10 20 21 18 9034.90000 4.87200000 298.71000 39.31000 12.11400 54.51000
 1 10 20 21 18 9031.40000 4.86300000 298.62000 39.31000 12.11400 54.51000
 1 10 20 21 18 9031.40000 4.86300000 298.62000 39.31000 12.11400 54.51000
 1 10 20 21 19 9031.50000 4.86300000 298.62000 39.31000 12.11400 54.51000
 1 10 20 21 19 9031.30000 4.86300000 298.84000 39.31000 12.11400 54.51000
 1 10 20 21 20 9030.10000 4.86300000 298.72000 39.31000 12.11400 54.51000
 1 10 20 21 20 9030.00000 4.86300000 298.72000 39.31000 12.11400 54.51000
 1 10 20 21 21 9030.10000 4.86300000 298.72000 39.31000 12.11400 54.51000
 1 10 20 21 21 9030.60000 4.86300000 298.80000 39.31000 12.11400 54.51000
 1 10 20 21 21 9030.60000 4.86300000 298.96000 39.31000 12.11400 54.51000
 1 10 20 21 22 9030.70000 4.86300000 298.87000 39.31000 12.14700 54.51000
 1 10 20 21 22 9030.80000 4.86300000 298.87000 39.31000 12.14700 54.51000
 1 10 20 21 23 9032.70000 4.86300000 298.96000 39.31000 12.11400 54.51000
 1 10 20 21 23 9032.70000 4.86300000 298.83000 39.31000 12.11400 54.51000
 1 10 20 21 24 9032.70000 4.86300000 298.83000 39.31000 12.11400 54.51000
 1 10 20 21 24 9030.70000 4.86300000 298.89000 39.31000 12.11400 54.51000
 1 10 20 21 24 9030.70000 4.86300000 298.96000 39.31000 12.11400 54.51000
 1 10 20 21 25 9030.80000 4.86300000 298.96000 39.31000 12.11400 54.52000
 1 10 20 21 25 9031.90000 4.86300000 298.96000 39.31000 12.11400 54.52000
 1 10 20 21 26 9032.70000 4.86300000 298.96000 39.31000 12.11400 54.52000
 1 10 20 21 26 9032.80000 4.86300000 299.29000 39.31000 12.11400 54.52000
 1 10 20 21 27 9032.80000 4.86300000 299.35000 39.31000 12.11400 54.52000
 1 10 20 21 27 9032.70000 4.86300000 299.48000 39.31000 12.11400 54.52000
 1 10 20 21 27 9034.90000 4.86300000 299.52000 39.31000 12.11400 54.52000
 1 10 20 21 28 9040.60000 4.86300000 299.52000 39.31000 12.11400 54.52000
 1 10 20 21 28 9045.50000 4.86300000 299.52000 39.39000 12.11400 54.52000
 1 10 20 21 29 9047.00000 4.86300000 299.52000 39.39000 12.11400 54.52000
 1 10 20 21 29 9047.50000 4.86300000 300.19000 39.39000 12.11400 54.90000
 1 10 20 21 30 9048.20000 4.86300000 300.19000 39.39000 12.11400 54.90000
 1 10 20 21 30 9048.30000 4.86300000 300.28000 39.39000 12.11400 54.90000
 1 10 20 21 30 9048.40000 4.86300000 300.32000 39.39000 12.11400 54.90000
 1 10 20 21 31 9048.40000 4.86300000 300.30000 39.39000 12.11400 54.90000
 1 10 20 21 31 9048.30000 4.86300000 300.11000 39.39000 12.11400 54.90000
 1 10 20 21 32 9051.10000 4.86300000 300.11000 39.39000 12.11400 54.90000
 1 10 20 21 32 9050.50000 4.86300000 300.11000 39.39000 12.11400 54.90000
 1 10 20 21 33 9050.50000 4.86300000 300.14000 39.39000 12.11400 54.90000
 1 10 20 21 33 9051.10000 4.86300000 300.14000 39.39000 12.11400 54.90000
 1 10 20 21 34 9051.10000 4.86300000 300.14000 39.39000 12.11400 54.90000
 1 10 20 21 34 9052.30000 4.86300000 300.34000 39.39000 12.11400 54.90000
 1 10 20 21 34 9057.20000 4.87200000 300.49000 39.39000 12.11400 54.90000
 1 10 20 21 35 9058.70000 4.87200000 300.50000 39.39000 12.11400 54.90000
 1 10 20 21 35 9058.80000 4.87200000 300.50000 39.39000 12.11400 54.90000
 1 10 20 21 36 9059.40000 4.87200000 300.54000 39.39000 12.11400 54.90000
 1 10 20 21 36 9059.00000 4.87200000 300.47000 39.39000 12.11400 54.90000
 1 10 20 21 37 9059.00000 4.87200000 300.47000 39.39000 12.11400 54.90000
 1 10 20 21 37 9054.40000 4.87200000 300.39000 39.39000 12.11400 54.90000
 1 10 20 21 37 9053.20000 4.87200000 300.39000 39.39000 12.11400 54.90000
 1 10 20 21 38 9052.70000 4.87200000 300.16000 39.39000 12.11400 54.90000
 1 10 20 21 38 9050.00000 4.87200000 300.16000 39.39000 12.11400 54.90000
 1 10 20 21 39 9051.90000 4.87200000 300.16000 39.39000 12.11400 54.90000
 1 10 20 21 39 9051.60000 4.87200000 300.16000 39.39000 12.11400 54.90000
 1 10 20 21 40 9050.10000 4.87200000 300.16000 39.39000 12.11400 54.90000
 1 10 20 21 40 9050.10000 4.87200000 300.14000 39.39000 12.11400 54.90000
 1 10 20 21 40 9048.30000 4.87200000 300.09000 39.39000 12.11400 54.90000
 1 10 20 21 41 9049.50000 4.87200000 300.08000 39.39000 12.11400 54.90000
 1 10 20 21 41 9047.90000 4.87200000 300.08000 39.39000 12.11400 54.90000
 1 10 20 21 42 9048.00000 4.87200000 300.15000 39.39000 12.11400 54.90000
 1 10 20 21 42 9047.30000 4.87200000 300.15000 39.39000 12.11400 54.90000
 1 10 20 21 43 9047.30000 4.87200000 300.15000 39.39000 12.11400 54.90000
 1 10 20 21 43 9047.30000 4.87200000 300.00000 39.39000 12.11400 54.90000
 1 10 20 21 43 9048.00000 4.87300000 300.00000 39.39000 12.11400 54.90000
 1 10 20 21 44 9048.00000 4.87300000 300.00000 39.39000 12.11400 54.90000
 1 10 20 21 44 9048.00000 4.87300000 300.00000 39.39000 12.11400 54.90000
 1 10 20 21 45 9048.00000 4.87300000 300.00000 39.39000 12.11400 54.90000
 1 10 20 21 45 9046.50000 4.87400000 300.01000 39.39000 12.11400 54.90000
 1 10 20 21 46 9047.20000 4.87400000 300.01000 39.39000 12.11400 54.90000
 1 10 20 21 46 9047.20000 4.87400000 300.01000 39.39000 12.11400 54.90000
 1 10 20 21 46 9044.70000 4.87400000 300.01000 39.39000 12.11400 54.90000
 1 10 20 21 47 9047.80000 4.87400000 300.01000 39.39000 12.11400 54.90000
 1 10 20 21 47 9047.40000 4.87400000 300.01000 39.40000 12.11400 54.90000
 1 10 20 21 48 9048.80000 4.87400000 300.06000 39.40000 12.11400 54.90000
 1 10 20 21 48 9049.10000 4.87400000 300.38000 39.40000 12.11400 54.90000
 1 10 20 21 49 9050.80000 4.87400000 300.25000 39.40000 12.11400 54.90000
 1 10 20 21 49 9050.80000 4.87400000 300.30000 39.40000 12.10000 54.90000
 1 10 20 21 50 9051.50000 4.87400000 300.30000 39.40000 12.10000 54.90000
 1 10 20 21 50 9050.70000 4.87400000 300.30000 39.40000 12.10000 54.90000
 1 10 20 21 50 9050.70000 4.87400000 300.36000 39.40000 12.10000 54.90000
 1 10 20 21 51 9048.20000 4.87400000 300.36000 39.40000 12.10000 54.90000
