M=[
18 3 21 19 53 48394.30000 10.21400000 1486.00000 168.63000 26.80200 120.51200
18 3 21 19 53 48274.50000 10.21400000 1483.42000 168.74000 26.78400 120.34300
18 3 21 19 54 48165.10000 10.21400000 1480.70000 168.33000 26.78400 120.34300
18 3 21 19 54 48238.80000 10.21400000 1483.94000 168.37000 26.78400 120.34300
18 3 21 19 55 48264.20000 10.21400000 1486.00000 168.37000 26.78400 120.34300
18 3 21 19 55 48231.20000 10.21400000 1486.62000 168.56000 26.67300 120.34300
18 3 21 19 55 48293.50000 10.21400000 1486.60000 168.59000 26.71800 120.34300
18 3 21 19 56 48250.10000 10.21400000 1486.70000 168.60000 26.71800 120.56300
18 3 21 19 56 48260.10000 10.21400000 1486.52000 168.69000 26.71800 120.56300
18 3 21 19 57 48252.50000 10.21400000 1487.07000 168.81000 26.71800 120.56300
18 3 21 19 57 48240.00000 10.21400000 1487.95000 168.77000 26.71800 120.56300
18 3 21 19 58 48283.60000 10.21400000 1488.51000 168.78000 26.62700 120.56300
18 3 21 19 58 48162.80000 10.21400000 1485.25000 168.80000 26.62700 120.56300
18 3 21 19 58 48231.30000 10.21400000 1487.54000 168.52000 26.62700 120.56300
18 3 21 19 59 48162.70000 10.21400000 1486.50000 168.45000 26.62700 120.56300
18 3 21 19 59 48199.90000 10.21400000 1487.37000 168.60000 26.56500 120.56300
18 3 21 20 00 48200.10000 10.21400000 1486.62000 168.10000 26.56500 120.56300
18 3 21 20 00 48073.00000 10.21400000 1483.99000 168.14000 26.56500 120.56300
18 3 21 20 01 48001.10000 10.21400000 1480.29000 167.63000 26.56500 120.00000
18 3 21 20 01 48054.90000 10.19900000 1481.06000 167.63000 26.56500 120.00000
18 3 21 20 01 48077.40000 10.19900000 1483.69000 168.10000 26.38800 120.00000
18 3 21 20 02 48199.90000 10.19900000 1485.97000 168.09000 26.38800 120.22900
18 3 21 20 02 48200.20000 10.21400000 1486.22000 168.17000 26.38800 120.60800
18 3 21 20 03 48200.20000 10.21400000 1486.53000 168.28000 26.38800 120.60800
18 3 21 20 03 48200.10000 10.21400000 1485.93000 168.25000 26.38800 120.60800
18 3 21 20 04 48293.50000 10.21400000 1489.07000 168.32000 26.38800 120.60800
18 3 21 20 04 48298.50000 10.21400000 1491.87000 168.32000 26.38800 120.60800
18 3 21 20 04 48310.70000 10.21400000 1491.05000 168.32000 26.38800 120.88500
18 3 21 20 05 48305.00000 10.21400000 1489.52000 168.77000 26.38800 120.88500
18 3 21 20 05 48342.30000 10.21400000 1489.77000 168.65000 26.38800 120.72300
18 3 21 20 06 48326.20000 10.21400000 1490.77000 168.54000 26.38800 120.72300
18 3 21 20 06 48369.90000 10.21400000 1491.70000 168.54000 26.38800 121.12700
18 3 21 20 07 48374.40000 10.21400000 1491.73000 168.54000 26.38800 121.12700
18 3 21 20 07 48423.30000 10.21400000 1491.94000 168.64000 26.38800 121.12700
18 3 21 20 07 48427.90000 10.21400000 1494.31000 168.68000 26.38600 121.12700
18 3 21 20 08 48428.00000 10.21400000 1492.55000 168.76000 26.38600 121.12700
18 3 21 20 08 48428.00000 10.28500000 1492.32000 168.76000 26.38600 121.12700
18 3 21 20 09 48428.00000 10.28500000 1492.46000 168.75000 26.38600 121.12700
18 3 21 20 09 48428.00000 10.28500000 1492.71000 168.75000 26.38600 121.12700
18 3 21 20 10 48428.00000 10.28500000 1493.07000 168.70000 26.38600 121.12700
18 3 21 20 10 48427.90000 10.28500000 1492.89000 168.72000 26.50000 121.12700
18 3 21 20 10 48428.00000 10.28500000 1492.88000 168.72000 26.50000 121.03700
18 3 21 20 11 48428.00000 10.27800000 1492.65000 168.72000 26.50000 121.03700
18 3 21 20 11 48405.80000 10.27800000 1492.00000 168.72000 26.50000 121.03700
18 3 21 20 12 48390.00000 10.27800000 1492.00000 168.72000 26.50000 121.03700
18 3 21 20 12 48403.80000 10.27800000 1491.11000 168.48000 26.50000 121.03700
18 3 21 20 13 48427.60000 10.25000000 1491.62000 168.46000 26.47400 121.03700
18 3 21 20 13 48425.00000 10.25000000 1490.84000 168.46000 26.47400 121.03700
18 3 21 20 13 48425.10000 10.25000000 1491.07000 168.39000 26.47400 121.03700
18 3 21 20 14 48427.90000 10.25000000 1492.06000 168.54000 26.47400 121.06500
18 3 21 20 14 48495.40000 10.25000000 1492.07000 168.54000 26.47400 121.06500
18 3 21 20 15 48504.70000 10.25000000 1493.38000 168.59000 26.47400 121.06500
18 3 21 20 15 48425.10000 10.25000000 1492.09000 168.60000 26.47400 121.06500
18 3 21 20 16 48415.10000 10.25000000 1492.08000 168.36000 26.47400 121.06500
18 3 21 20 16 48243.60000 10.25000000 1488.75000 168.33000 26.47400 121.06500
18 3 21 20 16 48258.50000 10.25000000 1488.14000 167.94000 26.68900 120.93900
18 3 21 20 17 48280.10000 10.25000000 1489.36000 168.20000 26.69000 120.89700
18 3 21 20 17 48352.00000 10.25000000 1491.02000 168.37000 26.69000 120.89700
18 3 21 20 18 48318.80000 10.25000000 1490.46000 168.37000 26.69000 120.89700
18 3 21 20 18 48307.80000 10.25000000 1489.88000 168.12000 26.69000 120.80300
18 3 21 20 19 48357.40000 10.25000000 1491.07000 168.12000 26.69000 120.80300
18 3 21 20 19 48426.90000 10.25000000 1492.02000 168.12000 26.69300 120.85300
18 3 21 20 19 48413.40000 10.25000000 1493.25000 168.29000 26.71200 120.85300
18 3 21 20 20 48352.40000 10.25000000 1492.20000 168.22000 26.71200 120.85300
18 3 21 20 20 48400.00000 10.25000000 1493.37000 168.30000 26.71200 120.85300
18 3 21 20 21 48352.40000 10.25000000 1492.93000 168.07000 26.84800 120.85300
18 3 21 20 21 48340.30000 10.25000000 1490.91000 168.01000 26.84800 120.85300
18 3 21 20 22 48329.80000 10.25000000 1491.91000 168.01000 26.84800 120.85300
18 3 21 20 22 48350.00000 10.25000000 1491.91000 168.26000 26.84800 120.85300
18 3 21 20 22 48345.60000 10.25000000 1492.00000 168.19000 26.84800 120.85300
18 3 21 20 23 48349.90000 10.25000000 1492.28000 168.13000 26.84800 120.85300
18 3 21 20 23 48350.00000 10.25000000 1492.77000 168.13000 26.84800 120.85300
18 3 21 20 24 48345.60000 10.25000000 1491.76000 168.08000 26.84800 120.85300
18 3 21 20 24 48395.10000 10.25000000 1492.48000 168.08000 26.84800 120.85300
18 3 21 20 25 48379.70000 10.25000000 1492.43000 168.08000 26.84800 120.85300
18 3 21 20 25 48395.10000 10.25000000 1492.59000 168.15000 26.84800 120.85300
18 3 21 20 25 48404.10000 10.25000000 1492.94000 168.23000 26.84800 120.85300
18 3 21 20 26 48408.00000 10.25000000 1492.86000 168.23000 26.84800 120.90200
18 3 21 20 26 48407.00000 10.25000000 1492.86000 168.23000 26.84800 120.90200
18 3 21 20 27 48413.70000 10.25000000 1492.86000 168.31000 26.84800 120.90200
18 3 21 20 27 48426.90000 10.25000000 1493.16000 168.25000 26.72900 120.90200
18 3 21 20 28 48446.80000 10.25000000 1495.22000 168.25000 26.72900 120.90200
18 3 21 20 28 48450.60000 10.25000000 1494.73000 168.47000 26.72900 120.90200
18 3 21 20 28 48449.50000 10.25000000 1494.47000 168.47000 26.72900 120.90200
18 3 21 20 29 48455.00000 10.25000000 1494.50000 168.47000 26.72900 120.90200
18 3 21 20 29 48477.70000 10.25000000 1494.51000 168.47000 26.72900 120.90200
18 3 21 20 30 48473.30000 10.25000000 1494.50000 168.48000 26.72900 120.90200
18 3 21 20 30 48472.40000 10.25000000 1494.01000 168.48000 26.72900 120.90200
18 3 21 20 31 48472.40000 10.25000000 1493.72000 168.47000 26.72900 120.90200
18 3 21 20 31 48441.80000 10.25000000 1493.01000 168.36000 26.72900 120.90200
18 3 21 20 31 48423.10000 10.26900000 1492.94000 168.36000 26.72900 120.97900
18 3 21 20 32 48460.40000 10.26700000 1493.53000 168.33000 26.72900 120.97900
18 3 21 20 32 48477.30000 10.26700000 1493.56000 168.50000 26.72900 120.97900
18 3 21 20 33 48563.00000 10.27500000 1494.82000 168.50000 26.72900 120.97900
18 3 21 20 33 48568.20000 10.27800000 1495.90000 168.64000 26.72900 120.97900
18 3 21 20 34 48568.30000 10.27800000 1495.31000 168.64000 26.72900 120.97900
18 3 21 20 34 48570.90000 10.27800000 1495.19000 168.45000 26.72900 120.97900
18 3 21 20 34 48576.90000 10.27800000 1495.24000 168.62000 26.72900 120.97900
18 3 21 20 35 48568.40000 10.27800000 1495.08000 168.57000 26.72900 120.97900
18 3 21 20 35 48597.20000 10.27800000 1494.98000 168.69000 26.72900 120.97900
18 3 21 20 36 48568.30000 10.27800000 1494.97000 168.62000 26.72900 120.97900
18 3 21 20 36 48617.70000 10.27800000 1495.30000 168.62000 26.72900 120.97900
