M=[
 8 11 20 18 29 13085.60000 4.36000000 383.20000 51.60000 12.26000 51.78800
 8 11 20 18 30 13078.40000 4.36000000 383.01000 51.60000 12.26000 51.78800
 8 11 20 18 30 13085.60000 4.36000000 383.53000 51.68000 12.26000 51.78800
 8 11 20 18 30 13074.50000 4.36000000 383.35000 51.68000 12.26000 51.78800
 8 11 20 18 31 13071.20000 4.36000000 382.91000 51.68000 12.26000 51.78800
 8 11 20 18 31 13071.20000 4.36000000 382.89000 51.68000 12.26000 51.78800
 8 11 20 18 32 13071.20000 4.36000000 382.97000 51.68000 12.26000 51.78800
 8 11 20 18 32 13073.00000 4.36000000 382.92000 51.61000 12.26000 51.78800
 8 11 20 18 33 13073.80000 4.36000000 382.91000 51.61000 12.26000 51.78800
 8 11 20 18 33 13080.80000 4.36000000 382.91000 51.61000 12.26000 51.78800
 8 11 20 18 33 13081.00000 4.36000000 382.91000 51.61000 12.26000 51.78800
 8 11 20 18 34 13076.90000 4.36000000 383.03000 51.61000 12.26000 51.78800
 8 11 20 18 34 13082.30000 4.36000000 383.23000 51.61000 12.26000 51.85100
 8 11 20 18 35 13081.00000 4.36000000 383.30000 51.70000 12.26000 51.85100
 8 11 20 18 35 13081.00000 4.36000000 383.39000 51.70000 12.26000 51.85100
 8 11 20 18 36 13080.90000 4.36000000 383.39000 51.70000 12.26000 51.85100
 8 11 20 18 36 13080.90000 4.36000000 383.10000 51.61000 12.19200 51.85100
 8 11 20 18 36 13080.90000 4.36000000 383.07000 51.61000 12.19100 51.85100
 8 11 20 18 37 13060.60000 4.36000000 382.97000 51.61000 12.19100 51.85100
 8 11 20 18 37 13037.20000 4.36000000 382.97000 51.60000 12.19100 51.85100
 8 11 20 18 38 13022.20000 4.36000000 381.76000 51.60000 12.19100 51.85100
 8 11 20 18 38 13034.10000 4.36000000 381.76000 51.53000 12.19100 51.85100
 8 11 20 18 39 13040.50000 4.36000000 382.00000 51.53000 12.19100 51.85100
 8 11 20 18 39 13040.60000 4.36000000 382.54000 51.53000 11.99000 51.85100
 8 11 20 18 39 13047.10000 4.36000000 382.87000 51.65000 11.99000 51.85100
 8 11 20 18 40 13043.00000 4.36000000 382.64000 51.65000 11.99000 51.85100
 8 11 20 18 40 13040.40000 4.36000000 382.53000 51.59000 11.99000 51.85100
 8 11 20 18 41 13050.00000 4.36000000 382.99000 51.59000 11.99000 51.85100
 8 11 20 18 41 13055.80000 4.36000000 382.66000 51.59000 11.99000 51.85100
 8 11 20 18 42 13063.30000 4.36000000 382.66000 51.61000 11.99000 51.85100
 8 11 20 18 42 13066.90000 4.36000000 382.84000 51.61000 12.07800 51.85100
 8 11 20 18 42 13062.90000 4.36000000 382.78000 51.61000 12.09800 51.85100
 8 11 20 18 43 13055.80000 4.36000000 382.51000 51.61000 12.21300 51.85100
 8 11 20 18 43 13055.90000 4.36000000 382.46000 51.51000 12.21300 51.85100
 8 11 20 18 44 13048.00000 4.36000000 382.31000 51.54000 12.21300 51.85100
 8 11 20 18 44 13060.90000 4.36000000 383.01000 51.54000 12.21300 51.85100
 8 11 20 18 45 13056.00000 4.36000000 382.73000 51.54000 12.21300 51.85100
 8 11 20 18 45 13079.00000 4.36000000 383.26000 51.54000 12.21300 51.85100
 8 11 20 18 45 13066.50000 4.36000000 383.23000 51.61000 12.21300 51.55500
 8 11 20 18 46 13067.20000 4.36000000 383.25000 51.61000 12.21300 51.55500
 8 11 20 18 46 13066.20000 4.36000000 382.96000 51.60000 12.21300 51.55500
 8 11 20 18 47 13070.10000 4.36000000 383.19000 51.65000 12.21300 51.55500
 8 11 20 18 47 13064.50000 4.36000000 383.22000 51.65000 12.21300 51.55500
 8 11 20 18 48 13070.90000 4.36000000 382.74000 51.66000 12.10300 51.55500
 8 11 20 18 48 13070.40000 4.36000000 382.74000 51.66000 12.10300 51.55500
 8 11 20 18 48 13071.10000 4.36000000 383.09000 51.66000 12.10300 51.55500
 8 11 20 18 49 13066.10000 4.36000000 383.08000 51.66000 12.10300 51.55000
 8 11 20 18 49 13066.10000 4.36000000 383.08000 51.66000 12.10300 51.55000
 8 11 20 18 50 13073.00000 4.36000000 383.08000 51.66000 12.10300 51.55000
 8 11 20 18 50 13085.00000 4.36000000 383.65000 51.66000 12.10300 51.55000
 8 11 20 18 51 13079.80000 4.36000000 383.45000 51.66000 12.32500 51.60000
 8 11 20 18 51 13083.60000 4.36000000 383.55000 51.66000 12.33500 51.60000
 8 11 20 18 51 13084.90000 4.36000000 383.56000 51.77000 12.33500 51.60000
 8 11 20 18 52 13084.90000 4.36000000 383.60000 51.77000 12.33500 51.73700
 8 11 20 18 52 13084.90000 4.36000000 383.77000 51.77000 12.33500 51.73700
 8 11 20 18 53 13085.00000 4.36000000 383.96000 51.85000 12.33500 51.73700
 8 11 20 18 53 13085.00000 4.36000000 383.95000 51.85000 12.33500 51.73700
 8 11 20 18 54 13084.90000 4.36000000 383.95000 51.85000 12.33500 51.73700
 8 11 20 18 54 13091.20000 4.36000000 383.95000 51.85000 12.33500 51.73700
 8 11 20 18 54 13092.10000 4.36000000 383.95000 51.85000 12.33500 51.73700
 8 11 20 18 55 13085.10000 4.36000000 383.95000 51.80000 12.33500 51.73700
 8 11 20 18 55 13087.10000 4.36000000 384.01000 51.85000 12.16300 51.73700
 8 11 20 18 56 13091.30000 4.36000000 384.41000 51.86000 12.16300 51.73700
 8 11 20 18 56 13090.70000 4.36000000 384.81000 51.86000 12.16300 51.73700
 8 11 20 18 57 13086.60000 4.36000000 384.53000 51.81000 12.16300 51.73700
 8 11 20 18 57 13091.30000 4.36000000 384.60000 51.81000 12.16300 51.73700
 8 11 20 18 57 13085.20000 4.36000000 384.60000 51.81000 12.16300 51.73700
 8 11 20 18 58 13085.20000 4.36000000 383.82000 51.81000 12.22000 51.73700
 8 11 20 18 58 13085.20000 4.36000000 384.14000 51.81000 12.22000 51.73700
 8 11 20 18 59 13085.30000 4.36000000 384.33000 51.81000 12.22000 51.73700
 8 11 20 18 59 13085.20000 4.36000000 384.33000 51.81000 12.22000 51.73700
 8 11 20 19 00 13085.30000 4.36000000 384.61000 51.81000 12.22000 51.73700
 8 11 20 19 00 13085.00000 4.36000000 384.40000 51.81000 12.22000 51.69200
 8 11 20 19 00 13084.90000 4.36000000 384.54000 51.81000 12.22000 51.69200
 8 11 20 19 01 13090.00000 4.36000000 385.27000 51.81000 12.22000 51.69200
 8 11 20 19 01 13090.00000 4.37600000 385.35000 51.81000 12.22000 51.69200
 8 11 20 19 02 13090.00000 4.37600000 385.41000 51.87000 12.22000 51.69200
 8 11 20 19 02 13090.00000 4.37600000 385.29000 51.87000 12.22000 51.69200
 8 11 20 19 03 13090.00000 4.37600000 384.92000 51.85000 12.22000 51.69200
 8 11 20 19 03 13090.00000 4.37600000 384.55000 51.85000 12.22000 51.69200
 8 11 20 19 03 13089.80000 4.37600000 384.70000 51.85000 12.22000 51.69200
 8 11 20 19 04 13089.90000 4.37600000 384.66000 51.85000 12.22000 51.69200
 8 11 20 19 04 13080.60000 4.37600000 384.66000 51.85000 12.22000 51.69200
 8 11 20 19 05 13078.20000 4.37600000 384.24000 51.73000 12.22000 51.69200
 8 11 20 19 05 13068.70000 4.37600000 384.01000 51.73000 12.22000 51.69200
 8 11 20 19 06 13063.70000 4.37600000 384.01000 51.67000 12.22000 51.69200
 8 11 20 19 06 13072.80000 4.37600000 384.00000 51.67000 12.22000 51.69200
 8 11 20 19 06 13064.10000 4.37600000 383.78000 51.69000 12.22000 51.69200
 8 11 20 19 07 13053.80000 4.37600000 383.54000 51.69000 12.22000 51.69200
 8 11 20 19 07 13053.00000 4.37600000 383.54000 51.58000 12.22000 51.69200
 8 11 20 19 08 13053.00000 4.37600000 383.20000 51.57000 12.22000 51.69200
 8 11 20 19 08 13050.20000 4.37600000 383.24000 51.57000 12.22000 51.69200
 8 11 20 19 09 13044.20000 4.37600000 383.53000 51.57000 12.22000 51.69200
 8 11 20 19 09 13048.60000 4.37600000 383.53000 51.57000 12.22000 51.69200
 8 11 20 19 09 13048.30000 4.37600000 383.31000 51.57000 12.22000 51.45300
 8 11 20 19 10 13048.40000 4.37600000 383.18000 51.60000 12.22000 51.45300
 8 11 20 19 10 13044.80000 4.37600000 383.05000 51.60000 12.22000 51.45300
 8 11 20 19 11 13043.80000 4.36100000 383.03000 51.58000 12.22000 51.45300
 8 11 20 19 11 13040.80000 4.36100000 383.01000 51.54000 12.22000 51.45300
 8 11 20 19 12 13050.90000 4.36100000 383.05000 51.55000 12.22000 51.45300
 8 11 20 19 12 13050.20000 4.36100000 383.05000 51.55000 12.22000 51.45000
 8 11 20 19 12 13050.30000 4.36100000 383.05000 51.61000 12.22000 51.45000
 8 11 20 19 13 13035.70000 4.36100000 383.05000 51.61000 12.22000 51.45000
 8 11 20 19 13 13030.10000 4.36100000 383.05000 51.61000 12.22000 51.37900
 8 11 20 19 14 13021.70000 4.36100000 382.79000 51.61000 12.22000 51.37900
 8 11 20 19 14 13021.60000 4.36100000 382.79000 51.61000 12.22000 51.37900
