M=[
14 3 21 23 04 50358.30000 11.01000000 1573.74000 182.97000 26.19400 123.42500
14 3 21 23 04 50379.10000 11.01000000 1573.89000 182.96000 26.19400 123.42500
14 3 21 23 04 50394.90000 11.01000000 1575.00000 183.00000 26.19400 123.42500
14 3 21 23 05 50357.90000 11.01000000 1575.10000 182.90000 26.19400 123.42500
14 3 21 23 05 50367.00000 11.01000000 1574.42000 182.90000 26.19400 123.42500
14 3 21 23 06 50358.30000 11.01000000 1574.64000 182.90000 26.19400 123.49300
14 3 21 23 06 50392.50000 11.01000000 1574.64000 183.18000 26.19400 123.43000
14 3 21 23 07 50381.40000 11.01000000 1574.45000 183.23000 26.19600 123.60200
14 3 21 23 07 50322.50000 11.01600000 1574.33000 183.11000 26.19600 123.60200
14 3 21 23 07 50342.30000 11.01600000 1574.01000 183.32000 26.19600 123.60200
14 3 21 23 08 50363.90000 11.01600000 1574.67000 183.31000 26.19600 123.70000
14 3 21 23 08 50378.30000 11.01600000 1574.13000 183.32000 26.19600 123.70000
14 3 21 23 09 50357.40000 11.01600000 1574.83000 183.32000 26.19600 123.70000
14 3 21 23 09 50376.40000 11.01600000 1574.83000 183.47000 26.19600 123.70000
14 3 21 23 10 50376.30000 11.01600000 1574.83000 183.55000 26.19600 123.70000
14 3 21 23 10 50379.90000 11.01600000 1574.07000 183.55000 26.19600 123.70000
14 3 21 23 10 50367.50000 11.01600000 1574.45000 183.55000 26.19500 123.70000
14 3 21 23 11 50367.50000 11.01600000 1574.07000 183.19000 26.19500 123.70000
14 3 21 23 11 50373.70000 11.01600000 1573.01000 183.20000 26.19500 123.70000
14 3 21 23 12 50397.90000 11.01600000 1574.75000 183.18000 26.19500 123.70000
14 3 21 23 12 50400.00000 11.01600000 1574.30000 183.29000 26.19500 123.70000
14 3 21 23 13 50408.30000 11.01600000 1574.83000 183.29000 26.19500 123.70000
14 3 21 23 13 50408.40000 11.01600000 1575.00000 183.36000 26.19500 123.70000
14 3 21 23 13 50433.90000 11.01600000 1576.52000 183.35000 26.19500 123.70000
14 3 21 23 14 50443.90000 11.01600000 1576.80000 183.35000 26.19500 123.70000
14 3 21 23 14 50500.00000 11.01600000 1576.81000 183.59000 26.19800 123.70000
14 3 21 23 15 50487.90000 11.01600000 1576.21000 183.59000 26.18900 123.70000
14 3 21 23 15 50519.80000 11.01600000 1574.86000 183.65000 26.18900 123.86700
14 3 21 23 16 50562.50000 11.01600000 1577.44000 183.65000 26.19800 123.86700
14 3 21 23 16 50598.30000 11.01600000 1577.58000 183.82000 26.19800 124.00000
14 3 21 23 16 50597.20000 11.00800000 1577.83000 183.82000 26.19800 124.00000
14 3 21 23 17 50600.00000 11.00800000 1577.75000 183.82000 26.19800 124.26000
14 3 21 23 17 50621.40000 11.00800000 1577.66000 183.81000 26.20000 123.92000
14 3 21 23 18 50619.10000 11.00800000 1578.62000 183.75000 26.20000 123.92000
14 3 21 23 18 50597.40000 11.00800000 1577.13000 183.56000 26.20000 123.92000
14 3 21 23 19 50529.30000 11.00800000 1577.13000 183.63000 26.20000 123.92000
14 3 21 23 19 50523.40000 11.00800000 1577.13000 183.64000 26.20000 123.92000
14 3 21 23 19 50474.40000 11.00800000 1574.58000 183.64000 26.20000 123.92000
14 3 21 23 20 50499.90000 10.98100000 1575.29000 183.40000 26.20000 123.79200
14 3 21 23 20 50499.90000 10.98100000 1575.04000 183.95000 26.20000 123.79200
14 3 21 23 21 50499.90000 10.98100000 1575.05000 183.89000 26.20000 123.79200
14 3 21 23 21 50500.00000 10.98100000 1575.32000 183.83000 26.20000 123.79200
14 3 21 23 22 50499.90000 11.02900000 1575.30000 183.97000 26.20000 123.79200
14 3 21 23 22 50499.90000 11.02900000 1575.01000 183.84000 26.20000 123.79200
14 3 21 23 22 50499.90000 11.02900000 1575.16000 183.84000 26.20000 123.79200
14 3 21 23 23 50499.90000 11.02900000 1574.58000 183.96000 26.20000 123.79200
14 3 21 23 23 50499.90000 11.02900000 1573.81000 183.89000 26.20000 123.79200
14 3 21 23 24 50490.10000 11.02900000 1573.59000 183.65000 26.20000 123.79200
14 3 21 23 24 50482.10000 11.02100000 1572.89000 183.64000 26.20000 123.79200
14 3 21 23 25 50463.80000 11.02100000 1572.91000 183.64000 26.20000 123.79200
14 3 21 23 25 50478.90000 11.02100000 1573.26000 183.57000 26.20000 123.79200
14 3 21 23 25 50450.00000 11.02100000 1572.65000 183.57000 26.20000 123.79200
14 3 21 23 26 50408.50000 11.02100000 1572.40000 183.54000 26.20000 123.79200
14 3 21 23 26 50418.10000 11.02100000 1573.73000 183.28000 26.20000 123.79200
14 3 21 23 27 50410.30000 11.02100000 1573.35000 183.51000 26.20000 123.79200
14 3 21 23 27 50407.90000 11.02100000 1573.23000 183.54000 26.20000 123.79200
14 3 21 23 28 50387.80000 11.02100000 1573.20000 183.54000 26.20000 123.79200
14 3 21 23 28 50407.70000 11.02100000 1573.41000 183.51000 26.20000 123.79200
14 3 21 23 28 50407.80000 11.02100000 1573.44000 183.59000 26.20000 123.79200
14 3 21 23 29 50407.70000 11.02600000 1572.84000 183.59000 26.20000 123.79200
14 3 21 23 29 50406.80000 11.02600000 1572.73000 183.46000 26.20000 123.79200
14 3 21 23 30 50394.70000 11.02600000 1571.84000 183.46000 26.20000 123.79200
14 3 21 23 30 50399.20000 11.02600000 1571.80000 183.22000 26.20000 123.79200
14 3 21 23 30 50392.80000 11.02600000 1571.58000 183.22000 26.20000 123.79200
14 3 21 23 31 50375.10000 11.02600000 1571.94000 183.22000 26.20000 123.79200
14 3 21 23 31 50363.00000 11.02600000 1570.82000 183.26000 26.20000 123.79200
14 3 21 23 32 50360.00000 11.02600000 1571.16000 183.20000 26.20000 123.79200
14 3 21 23 32 50360.00000 11.02600000 1569.73000 183.01000 26.20000 123.79200
14 3 21 23 33 50360.00000 11.02600000 1569.73000 183.01000 26.20000 124.03900
14 3 21 23 33 50358.90000 11.02600000 1570.26000 183.00000 26.20000 124.03900
14 3 21 23 33 50358.80000 11.02600000 1570.92000 183.01000 26.20000 124.03900
14 3 21 23 34 50323.70000 11.02600000 1570.06000 183.01000 26.20000 124.03900
14 3 21 23 34 50293.00000 11.02600000 1569.59000 183.07000 26.20000 124.03900
14 3 21 23 35 50302.10000 11.02600000 1569.59000 183.07000 26.20000 124.03900
14 3 21 23 35 50302.10000 11.02600000 1570.08000 183.04000 26.20000 124.03900
14 3 21 23 36 50302.00000 11.02600000 1569.58000 183.21000 26.20000 124.03900
14 3 21 23 36 50241.70000 11.02600000 1567.32000 182.76000 26.20000 124.03900
14 3 21 23 36 50212.50000 11.02600000 1568.63000 182.76000 26.20000 123.70000
14 3 21 23 37 50209.60000 11.02600000 1569.28000 182.78000 26.20000 123.70000
14 3 21 23 37 50209.70000 11.02600000 1569.28000 182.78000 26.20000 123.70000
14 3 21 23 38 50209.70000 11.02600000 1569.07000 182.78000 26.20000 123.70000
14 3 21 23 38 50182.90000 11.02600000 1569.50000 182.78000 26.20000 123.70000
14 3 21 23 39 50150.00000 11.02600000 1566.99000 182.78000 26.20000 123.70000
14 3 21 23 39 50129.10000 11.02600000 1567.75000 182.78000 26.20000 123.70000
14 3 21 23 39 50129.10000 11.02600000 1568.19000 182.67000 26.20000 123.70000
14 3 21 23 40 50190.20000 11.02600000 1568.27000 182.67000 26.20000 123.70000
14 3 21 23 40 50190.20000 11.02600000 1568.80000 182.79000 26.20000 123.70000
14 3 21 23 41 50186.70000 11.02600000 1568.04000 182.76000 26.20000 123.70000
14 3 21 23 41 50096.40000 11.02600000 1566.49000 182.51000 26.20000 123.19300
14 3 21 23 42 50015.00000 11.02600000 1564.25000 182.33000 26.20000 123.19300
14 3 21 23 42 50037.20000 11.02600000 1566.50000 182.33000 26.20000 123.19300
14 3 21 23 42 50041.00000 11.02600000 1567.96000 182.39000 26.21500 123.19300
14 3 21 23 43 50030.20000 11.02600000 1568.56000 182.33000 26.21500 123.19300
14 3 21 23 43 50064.00000 11.02600000 1568.56000 182.39000 26.21500 123.19300
14 3 21 23 44 50029.30000 11.02600000 1568.94000 182.39000 26.21500 123.19300
14 3 21 23 44 50029.10000 11.02600000 1568.24000 182.39000 26.21500 123.19300
14 3 21 23 45 50015.00000 11.02600000 1568.24000 182.33000 26.17900 123.19300
14 3 21 23 45 50015.00000 11.02600000 1567.62000 182.33000 26.17900 123.19300
14 3 21 23 45 49950.10000 11.02600000 1566.99000 182.00000 26.17900 123.19300
14 3 21 23 46 49904.40000 11.02600000 1566.99000 181.84000 26.17900 123.19300
14 3 21 23 46 49807.50000 10.93800000 1562.71000 181.50000 26.17900 122.06000
14 3 21 23 47 49807.60000 10.93800000 1563.29000 181.50000 26.17900 121.98300
