M=[
23 8 20 22 03 9911.00000 5.71000000 333.97000 51.70000 20.78100 68.69900
23 8 20 22 03 9910.30000 5.71000000 333.97000 51.70000 20.85000 68.69900
23 8 20 22 04 9910.40000 5.71000000 334.02000 51.70000 20.85000 68.69900
23 8 20 22 04 9910.30000 5.71000000 334.04000 51.81000 20.85000 68.69900
23 8 20 22 05 9910.40000 5.71000000 334.04000 51.81000 20.85000 68.69900
23 8 20 22 05 9910.40000 5.71000000 334.07000 51.81000 20.85000 68.69900
23 8 20 22 06 9910.50000 5.71000000 334.10000 51.81000 20.85000 68.69900
23 8 20 22 06 9910.50000 5.71000000 334.10000 51.81000 20.85000 68.69900
23 8 20 22 07 9910.70000 5.71000000 334.10000 51.81000 20.85900 68.69900
23 8 20 22 07 9910.70000 5.71000000 334.10000 51.81000 20.85900 68.69900
23 8 20 22 08 9912.70000 5.71000000 334.09000 51.81000 20.85900 68.69900
23 8 20 22 08 9911.70000 5.71000000 333.89000 51.81000 20.85900 68.69900
23 8 20 22 08 9912.50000 5.71000000 333.89000 51.81000 20.85900 68.69900
23 8 20 22 09 9912.70000 5.71000000 334.02000 51.81000 20.94200 68.69900
23 8 20 22 09 9912.90000 5.71000000 334.04000 51.80000 20.94200 68.69900
23 8 20 22 10 9913.10000 5.71000000 334.04000 51.80000 20.94200 68.69900
23 8 20 22 10 9914.90000 5.71000000 334.04000 51.80000 20.94200 68.69900
23 8 20 22 11 9916.50000 5.71000000 334.04000 51.80000 20.94200 68.69900
23 8 20 22 11 9916.60000 5.71000000 334.04000 51.80000 20.95200 68.69900
23 8 20 22 12 9916.60000 5.71000000 334.04000 51.80000 20.94200 68.69900
23 8 20 22 12 9918.20000 5.71000000 334.18000 51.80000 20.94200 68.69900
23 8 20 22 13 9919.30000 5.71000000 334.18000 51.80000 20.94200 68.69900
23 8 20 22 13 9919.40000 5.71000000 334.26000 51.80000 20.94200 68.69900
23 8 20 22 14 9921.90000 5.71000000 334.33000 51.84000 20.94200 68.69900
23 8 20 22 14 9921.80000 5.71000000 334.27000 51.84000 20.94200 68.69900
23 8 20 22 15 9921.90000 5.71000000 334.32000 51.84000 20.94200 68.69900
23 8 20 22 15 9922.00000 5.71000000 334.32000 51.84000 20.94200 68.69900
23 8 20 22 15 9921.90000 5.71000000 334.32000 51.84000 20.95200 68.69900
23 8 20 22 16 9921.90000 5.71000000 334.32000 51.84000 20.95200 68.69900
23 8 20 22 16 9919.20000 5.71000000 334.16000 51.84000 20.95200 68.69900
23 8 20 22 17 9918.30000 5.71000000 334.00000 51.84000 20.95200 68.69900
23 8 20 22 17 9918.30000 5.71000000 334.00000 51.84000 20.95200 68.69900
23 8 20 22 18 9918.30000 5.71000000 334.00000 51.59000 20.95200 68.69900
23 8 20 22 18 9918.30000 5.71000000 333.74000 51.59000 20.95200 68.69900
23 8 20 22 19 9918.30000 5.71000000 333.79000 51.59000 20.95200 68.69900
23 8 20 22 19 9918.20000 5.71000000 333.78000 51.59000 20.95200 68.69900
23 8 20 22 20 9916.50000 5.71000000 333.78000 51.59000 20.95200 68.69900
23 8 20 22 20 9910.20000 5.71000000 333.52000 51.59000 20.95200 68.69900
23 8 20 22 21 9910.30000 5.71000000 333.50000 51.59000 20.95200 68.69900
23 8 20 22 21 9907.00000 5.71000000 333.51000 51.59000 20.95200 68.69900
23 8 20 22 22 9906.90000 5.71000000 333.51000 51.59000 20.95200 68.47500
23 8 20 22 22 9906.90000 5.71000000 333.51000 51.59000 20.95200 68.47500
23 8 20 22 23 9905.10000 5.71000000 333.51000 51.59000 20.95200 68.47500
23 8 20 22 23 9905.10000 5.71000000 333.50000 51.59000 20.95200 68.47500
23 8 20 22 23 9905.00000 5.71000000 333.50000 51.59000 20.95200 68.47500
23 8 20 22 24 9900.20000 5.71000000 333.38000 51.59000 20.95200 68.47500
23 8 20 22 24 9900.10000 5.71000000 333.02000 51.59000 20.95200 68.36200
23 8 20 22 25 9900.20000 5.71000000 333.00000 51.59000 20.95200 68.36200
23 8 20 22 25 9900.10000 5.71000000 333.01000 51.59000 20.95200 68.36200
23 8 20 22 26 9898.70000 5.71000000 333.01000 51.59000 20.85300 68.36200
23 8 20 22 26 9900.10000 5.71000000 333.12000 51.61000 20.85300 68.36200
23 8 20 22 27 9901.00000 5.71000000 333.12000 51.61000 20.85300 68.36200
23 8 20 22 27 9899.90000 5.71000000 333.00000 51.61000 20.85300 68.36200
23 8 20 22 28 9899.10000 5.71000000 332.99000 51.61000 20.85300 68.36200
23 8 20 22 28 9899.10000 5.71000000 332.99000 51.61000 20.85300 68.36200
23 8 20 22 29 9897.30000 5.71000000 332.91000 51.61000 20.85300 68.36200
23 8 20 22 29 9896.20000 5.71000000 332.86000 51.61000 20.82800 68.18500
23 8 20 22 30 9895.00000 5.71000000 332.52000 51.61000 20.82800 68.18500
23 8 20 22 30 9902.70000 5.71000000 332.82000 51.61000 20.82800 68.18500
23 8 20 22 31 9902.90000 5.71000000 332.82000 51.57000 20.83300 68.18500
23 8 20 22 31 9896.10000 5.71000000 332.82000 51.57000 20.84100 68.19800
23 8 20 22 32 9895.00000 5.71000000 332.56000 51.57000 20.84100 68.19800
23 8 20 22 32 9895.00000 5.71000000 332.54000 51.57000 20.84100 68.19800
23 8 20 22 33 9895.20000 5.71000000 332.61000 51.53000 20.84100 68.19800
23 8 20 22 33 9893.00000 5.71000000 332.53000 51.53000 20.84100 68.19800
23 8 20 22 34 9892.50000 5.71000000 332.54000 51.53000 20.84100 68.19800
23 8 20 22 34 9892.00000 5.71000000 332.54000 51.50000 20.84100 68.05300
23 8 20 22 34 9892.00000 5.71000000 332.44000 51.50000 20.84100 68.05300
23 8 20 22 35 9891.90000 5.71000000 332.44000 51.50000 20.84100 68.05300
23 8 20 22 35 9892.50000 5.71000000 332.58000 51.50000 20.84100 68.05300
23 8 20 22 36 9896.00000 5.71000000 332.63000 51.50000 20.84100 68.05300
23 8 20 22 36 9891.80000 5.71000000 332.63000 51.50000 20.84100 68.05300
23 8 20 22 37 9890.10000 5.71000000 332.44000 51.50000 20.84100 68.05300
23 8 20 22 37 9891.90000 5.71000000 332.55000 51.50000 20.84300 68.05300
23 8 20 22 38 9892.00000 5.71000000 332.47000 51.50000 20.92400 68.05300
23 8 20 22 38 9891.90000 5.71000000 332.49000 51.50000 20.91900 68.05300
23 8 20 22 39 9892.00000 5.71000000 332.48000 51.50000 20.90100 68.05300
23 8 20 22 39 9892.00000 5.71000000 332.51000 51.50000 20.90100 68.05300
23 8 20 22 40 9892.00000 5.71000000 332.60000 51.45000 20.90100 68.05300
23 8 20 22 40 9891.20000 5.71000000 332.49000 51.45000 20.90100 68.05300
23 8 20 22 41 9891.20000 5.71000000 332.46000 51.45000 20.98500 68.05300
23 8 20 22 41 9891.70000 5.71000000 332.46000 51.45000 20.98500 68.05300
23 8 20 22 42 9891.30000 5.71000000 332.54000 51.45000 20.97600 68.05300
23 8 20 22 42 9891.60000 5.71000000 332.54000 51.45000 20.97600 68.05300
23 8 20 22 43 9891.70000 5.71000000 332.54000 51.45000 20.97600 68.05300
23 8 20 22 43 9892.30000 5.71000000 332.54000 51.45000 20.97600 68.05300
23 8 20 22 43 9896.40000 5.71000000 332.54000 51.45000 20.97600 68.05300
23 8 20 22 44 9898.00000 5.71000000 332.76000 51.45000 20.99500 68.05300
23 8 20 22 44 9899.90000 5.71000000 332.82000 51.55000 20.99500 68.30000
23 8 20 22 45 9899.90000 5.71000000 332.82000 51.55000 20.83100 68.30000
23 8 20 22 45 9899.90000 5.71000000 332.82000 51.54000 20.83100 68.30000
23 8 20 22 46 9900.00000 5.71000000 332.80000 51.54000 20.83100 68.30000
23 8 20 22 47 9898.70000 5.71000000 332.56000 51.54000 20.83100 68.30000
23 8 20 22 47 9897.00000 5.71000000 332.52000 51.54000 20.92600 68.43600
23 8 20 22 47 9896.50000 5.71000000 332.52000 51.49000 20.92600 68.43600
23 8 20 22 48 9896.40000 5.71000000 332.46000 51.52000 20.92600 68.43600
23 8 20 22 48 9896.50000 5.71000000 332.46000 51.57000 20.92600 68.43600
23 8 20 22 49 9894.00000 5.71000000 332.45000 51.57000 20.92600 68.43600
23 8 20 22 49 9894.00000 5.71000000 332.45000 51.57000 20.92600 68.43600
23 8 20 22 50 9894.10000 5.71000000 332.46000 51.57000 20.94800 68.43600
23 8 20 22 50 9894.20000 5.71000000 332.46000 51.57000 20.94800 68.43600
23 8 20 22 51 9894.20000 5.71000000 332.45000 51.57000 20.94800 68.43600
23 8 20 22 51 9894.20000 5.71000000 332.46000 51.57000 20.94800 68.43600
23 8 20 22 52 9894.10000 5.71000000 332.45000 51.57000 20.94800 68.43600
23 8 20 22 52 9894.20000 5.71000000 332.44000 51.57000 20.94800 68.43600
23 8 20 22 53 9894.20000 5.71000000 332.35000 51.57000 20.94800 68.43600
23 8 20 22 53 9894.10000 5.71000000 332.11000 51.57000 20.94800 68.43600
23 8 20 22 54 9894.20000 5.71000000 332.11000 51.57000 20.94800 68.43600
23 8 20 22 54 9894.10000 5.71000000 332.11000 51.57000 20.94800 68.43600
