M=[
 2 7 21 10 09 27793.00000 43.41900000 1715.12000 110.90000 18.00300 95.71200
 2 7 21 10 10 27804.90000 43.41900000 1715.12000 110.96000 18.00300 95.71200
 2 7 21 10 10 27829.60000 43.41900000 1716.67000 110.98000 18.00300 95.71200
 2 7 21 10 11 27800.90000 43.41900000 1715.11000 110.91000 18.00300 95.71200
 2 7 21 10 11 27780.20000 43.41900000 1713.53000 110.90000 18.00300 95.71200
 2 7 21 10 12 27774.50000 43.41900000 1713.23000 110.81000 18.00300 95.71200
 2 7 21 10 12 27753.90000 43.41900000 1712.03000 110.73000 18.00300 95.71200
 2 7 21 10 13 27757.60000 43.41900000 1712.45000 110.73000 18.00300 95.71200
 2 7 21 10 13 27764.30000 43.41900000 1711.48000 110.73000 18.00300 95.71200
 2 7 21 10 13 27781.20000 43.41900000 1711.87000 110.73000 18.00300 95.71200
 2 7 21 10 14 27781.90000 43.40500000 1711.58000 110.81000 18.00300 95.71200
 2 7 21 10 14 27784.70000 43.40500000 1712.09000 110.78000 18.00300 95.71200
 2 7 21 10 15 27793.50000 43.40500000 1711.73000 110.78000 18.00300 95.71200
 2 7 21 10 15 27789.50000 43.40500000 1710.60000 110.78000 18.00300 95.71200
 2 7 21 10 16 27766.10000 43.40500000 1710.28000 110.71000 18.00300 95.71200
 2 7 21 10 16 27766.10000 43.34700000 1710.05000 110.69000 18.00300 95.71200
 2 7 21 10 16 27741.20000 43.34700000 1707.93000 110.69000 18.00300 95.71200
 2 7 21 10 17 27751.20000 43.34700000 1709.58000 110.61000 18.00300 95.71200
 2 7 21 10 17 27737.80000 43.34700000 1709.58000 110.61000 18.00300 95.71200
 2 7 21 10 18 27750.00000 43.34700000 1709.71000 110.61000 18.00300 95.71200
 2 7 21 10 18 27750.00000 43.34700000 1712.18000 110.61000 18.00300 95.71200
 2 7 21 10 19 27793.20000 43.34700000 1712.92000 110.73000 18.00300 95.71200
 2 7 21 10 19 27800.00000 43.34700000 1712.92000 110.73000 18.00300 95.71200
 2 7 21 10 19 27829.50000 43.50000000 1717.59000 110.73000 18.00300 95.71200
 2 7 21 10 20 27829.40000 43.50000000 1716.62000 111.03000 18.00300 95.71200
 2 7 21 10 20 27824.80000 43.50000000 1716.92000 111.03000 17.83600 96.16400
 2 7 21 10 21 27852.10000 43.50000000 1717.27000 111.03000 17.83600 96.16400
 2 7 21 10 21 27877.20000 43.50000000 1718.56000 111.11000 17.83600 96.16400
 2 7 21 10 22 27832.40000 43.50000000 1718.00000 111.11000 17.83600 96.16400
 2 7 21 10 22 27822.30000 43.50000000 1717.17000 111.08000 17.83600 96.16400
 2 7 21 10 22 27822.30000 43.50000000 1714.76000 110.87000 17.83600 96.16400
 2 7 21 10 23 27804.00000 43.50000000 1714.07000 110.87000 17.83600 96.16400
 2 7 21 10 23 27846.00000 43.50000000 1717.18000 110.99000 17.83600 96.16400
 2 7 21 10 24 27864.80000 43.50000000 1717.18000 111.03000 17.83600 96.16400
 2 7 21 10 24 27854.30000 43.50000000 1717.11000 110.99000 17.83600 96.16400
 2 7 21 10 25 27851.50000 43.50000000 1713.54000 110.96000 17.83900 96.16400
 2 7 21 10 25 27827.70000 43.44800000 1713.47000 110.96000 17.83900 96.16400
 2 7 21 10 25 27825.20000 43.44800000 1714.25000 110.96000 17.83900 96.16400
 2 7 21 10 26 27849.10000 43.44800000 1714.25000 111.03000 17.83900 96.16400
 2 7 21 10 26 27854.30000 43.44800000 1716.83000 111.03000 17.83900 96.16400
 2 7 21 10 27 27854.40000 43.44800000 1716.91000 111.03000 17.83900 96.16400
 2 7 21 10 27 27868.30000 43.44800000 1716.85000 111.01000 17.83900 96.16400
 2 7 21 10 28 27889.30000 43.44800000 1717.17000 111.01000 17.83900 96.16400
 2 7 21 10 28 27872.30000 43.44800000 1717.16000 111.01000 17.83800 96.16400
 2 7 21 10 28 27860.50000 43.44800000 1717.19000 111.01000 17.83800 96.16400
 2 7 21 10 29 27884.60000 43.44800000 1720.11000 111.01000 17.83800 96.16400
 2 7 21 10 29 27892.40000 43.66400000 1719.39000 111.01000 17.83800 96.16400
 2 7 21 10 30 27887.00000 43.66400000 1720.51000 111.33000 17.83800 96.16400
 2 7 21 10 30 27891.70000 43.66400000 1720.54000 111.31000 17.81200 96.16400
 2 7 21 10 31 27942.20000 43.66400000 1723.09000 111.31000 17.81200 96.16400
 2 7 21 10 31 27961.20000 43.66400000 1724.75000 111.63000 17.81200 96.16400
 2 7 21 10 31 27961.20000 43.66400000 1725.33000 111.63000 17.81200 96.16400
 2 7 21 10 32 27961.10000 43.75900000 1725.12000 111.63000 17.81200 96.16400
 2 7 21 10 32 27961.10000 43.75900000 1725.87000 111.75000 17.81200 96.16400
 2 7 21 10 33 27961.00000 43.69000000 1726.50000 111.75000 17.81200 96.16400
 2 7 21 10 33 27952.70000 43.69000000 1725.15000 111.85000 17.81200 96.16400
 2 7 21 10 34 27931.60000 43.69000000 1723.59000 111.70000 17.81200 96.16400
 2 7 21 10 34 27914.70000 43.69000000 1722.81000 111.70000 17.81200 96.16400
 2 7 21 10 34 27905.80000 43.69000000 1722.81000 111.70000 17.81200 96.16400
 2 7 21 10 35 27874.00000 43.69000000 1718.05000 111.70000 17.81200 96.16400
 2 7 21 10 35 27862.10000 43.69000000 1718.05000 111.70000 17.81200 96.16400
 2 7 21 10 36 27875.70000 43.69000000 1718.04000 111.42000 17.81200 96.16400
 2 7 21 10 36 27851.10000 43.69000000 1717.80000 111.33000 17.81200 96.16400
 2 7 21 10 37 27851.10000 43.38500000 1714.58000 111.33000 17.81200 96.16400
 2 7 21 10 37 27851.10000 43.38500000 1714.78000 111.33000 17.81200 96.16400
 2 7 21 10 37 27855.80000 43.45100000 1715.00000 111.33000 17.81200 96.16400
 2 7 21 10 38 27856.70000 43.45100000 1717.02000 111.33000 17.81200 96.07200
 2 7 21 10 38 27864.90000 43.45100000 1717.15000 111.29000 17.81200 96.07200
 2 7 21 10 39 27864.90000 43.45100000 1717.15000 111.21000 17.81200 96.07200
 2 7 21 10 39 27864.90000 43.45100000 1717.15000 111.23000 17.81200 96.07200
 2 7 21 10 40 27840.60000 43.45100000 1716.00000 111.23000 17.81200 96.07200
 2 7 21 10 40 27815.20000 43.45100000 1715.01000 111.08000 17.81200 96.07200
 2 7 21 10 41 27820.20000 43.45100000 1715.01000 111.08000 17.81200 96.07200
 2 7 21 10 41 27821.90000 43.45100000 1715.01000 111.08000 17.81200 96.07200
 2 7 21 10 41 27836.00000 43.45100000 1716.17000 111.08000 17.81200 96.07200
 2 7 21 10 42 27830.60000 43.45100000 1715.35000 111.15000 17.81200 95.80000
 2 7 21 10 42 27836.00000 43.47700000 1716.69000 111.15000 17.81200 95.80000
 2 7 21 10 43 27836.00000 43.47700000 1716.59000 111.15000 17.81200 95.80000
 2 7 21 10 43 27829.10000 43.47700000 1715.21000 111.04000 17.81200 95.80000
 2 7 21 10 44 27835.50000 43.47700000 1715.58000 111.04000 17.81200 95.80000
 2 7 21 10 44 27836.00000 43.47700000 1715.93000 111.02000 17.81200 95.80000
 2 7 21 10 44 27836.00000 43.47700000 1717.89000 111.02000 17.81200 95.80000
 2 7 21 10 45 27830.00000 43.47700000 1717.50000 111.17000 17.81200 95.80000
 2 7 21 10 45 27825.50000 43.47700000 1718.11000 111.17000 17.81200 95.80000
 2 7 21 10 46 27827.40000 43.47700000 1717.76000 111.10000 17.81200 95.80000
 2 7 21 10 46 27836.00000 43.47700000 1717.41000 111.10000 17.81200 95.80000
 2 7 21 10 47 27836.00000 43.47700000 1717.50000 111.10000 17.81200 95.80000
 2 7 21 10 47 27836.00000 43.47700000 1718.92000 111.32000 17.81200 95.80000
 2 7 21 10 47 27865.10000 43.47700000 1719.83000 111.32000 17.81200 95.80000
 2 7 21 10 48 27876.50000 43.47700000 1721.66000 111.32000 17.81200 95.80000
 2 7 21 10 48 27889.30000 43.47700000 1722.09000 111.51000 17.81200 95.80000
 2 7 21 10 49 27919.90000 43.47700000 1724.00000 111.51000 17.81200 95.80000
 2 7 21 10 49 27897.10000 43.47700000 1724.00000 111.51000 17.81200 95.80000
 2 7 21 10 50 27896.90000 43.47700000 1721.97000 111.48000 17.81200 95.80000
 2 7 21 10 50 27891.80000 43.47700000 1721.97000 111.48000 17.81200 95.80000
 2 7 21 10 50 27891.00000 43.47700000 1720.86000 111.48000 17.81200 95.80000
 2 7 21 10 51 27896.40000 43.47700000 1721.41000 111.48000 17.81200 95.80000
 2 7 21 10 51 27897.90000 43.47700000 1721.36000 111.48000 17.81200 95.80000
 2 7 21 10 52 27875.00000 43.47700000 1720.72000 111.48000 17.81200 95.80000
 2 7 21 10 52 27867.50000 43.47700000 1718.48000 111.48000 17.81200 95.80000
 2 7 21 10 53 27867.50000 43.47700000 1718.34000 111.05000 17.81200 95.80000
 2 7 21 10 53 27867.50000 43.47700000 1718.16000 111.05000 17.81200 95.80000
 2 7 21 10 53 27841.30000 43.47700000 1718.76000 111.05000 17.81200 95.80000
