M=[
10 2 21 19 11 37107.70000 8.46100000 1433.10000 148.09000 21.45200 94.67500
10 2 21 19 12 37117.00000 8.44300000 1433.00000 148.19000 21.45200 94.67500
10 2 21 19 12 37076.40000 8.44300000 1431.59000 148.14000 21.45200 94.67500
10 2 21 19 13 37098.00000 8.44300000 1431.55000 148.09000 21.45200 94.67500
10 2 21 19 13 37088.50000 8.44300000 1431.55000 148.01000 21.45200 94.67500
10 2 21 19 13 37088.00000 8.44300000 1431.55000 147.84000 21.45200 94.67500
10 2 21 19 14 37083.20000 8.44300000 1430.48000 147.63000 21.45200 94.67500
10 2 21 19 14 36920.10000 8.44300000 1428.00000 147.36000 21.44500 94.34100
10 2 21 19 15 37053.00000 8.38200000 1431.02000 148.00000 21.44500 94.19900
10 2 21 19 15 37130.20000 8.38200000 1432.97000 148.47000 21.44500 94.19900
10 2 21 19 16 37066.60000 8.38200000 1431.06000 147.96000 21.44500 94.19900
10 2 21 19 16 37037.80000 8.38200000 1428.64000 147.94000 21.27900 94.19900
10 2 21 19 16 37007.70000 8.38200000 1425.86000 147.46000 21.26600 94.19900
10 2 21 19 17 37007.60000 8.38200000 1426.77000 147.29000 21.19600 94.19900
10 2 21 19 17 36992.30000 8.38000000 1425.35000 146.91000 21.19600 94.19900
10 2 21 19 18 36822.50000 8.36000000 1422.97000 146.32000 21.19600 94.19900
10 2 21 19 18 36769.60000 8.36000000 1424.15000 146.74000 21.19600 93.71100
10 2 21 19 19 36757.90000 8.36000000 1422.65000 146.71000 21.19600 93.71100
10 2 21 19 19 36811.60000 8.36000000 1423.33000 146.83000 21.19600 93.72600
10 2 21 19 19 36854.70000 8.27200000 1424.47000 146.64000 21.00100 93.72600
10 2 21 19 20 36782.80000 8.27200000 1422.54000 146.30000 21.00100 93.72600
10 2 21 19 20 36815.90000 8.27200000 1423.66000 146.56000 21.00100 93.72600
10 2 21 19 21 36857.10000 8.27200000 1425.31000 146.86000 21.00100 93.72600
10 2 21 19 21 36868.40000 8.34900000 1425.33000 146.67000 21.00100 93.72600
10 2 21 19 22 36872.50000 8.35000000 1425.07000 146.45000 21.00100 93.75200
10 2 21 19 22 36843.70000 8.35000000 1423.95000 146.39000 21.00100 93.75200
10 2 21 19 22 36847.60000 8.35000000 1425.47000 146.39000 21.00200 93.75200
10 2 21 19 23 36788.80000 8.35000000 1424.15000 146.21000 21.00200 93.75200
10 2 21 19 23 36833.00000 8.35000000 1425.11000 146.43000 21.00200 93.75200
10 2 21 19 24 36835.70000 8.35000000 1424.56000 146.21000 21.00200 93.75200
10 2 21 19 24 36834.90000 8.35000000 1423.69000 146.21000 20.96000 93.75200
10 2 21 19 25 36856.40000 8.35000000 1424.94000 146.21000 20.96000 93.75200
10 2 21 19 25 36918.20000 8.35000000 1425.82000 146.40000 20.96000 93.75200
10 2 21 19 25 36918.10000 8.35000000 1424.95000 146.23000 20.96000 93.52300
10 2 21 19 26 36878.10000 8.35000000 1424.58000 146.24000 20.96000 93.52300
10 2 21 19 26 36909.00000 8.35000000 1425.15000 146.24000 20.96000 93.52300
10 2 21 19 27 36901.80000 8.35000000 1425.15000 146.33000 20.96000 93.52300
10 2 21 19 27 36892.00000 8.35000000 1425.61000 146.34000 20.96000 93.52300
10 2 21 19 28 36905.20000 8.35000000 1425.60000 146.37000 20.96000 93.52300
10 2 21 19 28 36877.50000 8.35000000 1425.32000 146.23000 20.96000 93.63200
10 2 21 19 28 36886.80000 8.35000000 1425.54000 146.34000 20.96000 93.63200
10 2 21 19 29 36918.10000 8.35000000 1428.22000 146.53000 20.96000 93.63200
10 2 21 19 29 36918.00000 8.35000000 1428.00000 146.25000 20.96000 93.63200
10 2 21 19 30 36933.50000 8.35000000 1428.26000 146.43000 20.96000 93.63200
10 2 21 19 30 36925.10000 8.35000000 1428.00000 146.43000 20.96000 93.63200
10 2 21 19 31 36921.20000 8.35000000 1427.59000 146.26000 20.96000 93.40000
10 2 21 19 31 36939.30000 8.35000000 1428.68000 146.26000 20.96000 93.59700
10 2 21 19 32 36958.00000 8.29600000 1428.79000 146.26000 20.96000 93.44300
10 2 21 19 32 36991.80000 8.30300000 1430.54000 146.70000 20.96000 93.44300
10 2 21 19 32 37007.60000 8.30300000 1431.62000 146.74000 20.96000 93.44300
10 2 21 19 33 37009.00000 8.35100000 1431.64000 146.62000 20.96000 93.70100
10 2 21 19 33 37032.70000 8.32500000 1431.34000 146.83000 20.96000 93.75200
10 2 21 19 34 37028.60000 8.31500000 1431.69000 146.78000 20.92400 94.05500
10 2 21 19 34 37061.40000 8.31500000 1432.28000 146.63000 20.92400 94.05500
10 2 21 19 35 37058.00000 8.32000000 1431.87000 146.84000 20.92400 94.05500
10 2 21 19 35 37072.90000 8.35300000 1432.41000 146.80000 20.92400 94.05500
10 2 21 19 35 37097.30000 8.35300000 1434.22000 146.98000 20.92400 94.05500
10 2 21 19 36 37099.90000 8.35300000 1434.59000 146.99000 20.92400 94.05500
10 2 21 19 36 37091.00000 8.35300000 1434.98000 146.99000 20.92400 94.05500
10 2 21 19 37 37107.80000 8.38000000 1435.16000 147.20000 20.92400 94.05500
10 2 21 19 37 37099.70000 8.38000000 1435.13000 147.20000 20.92400 94.05500
10 2 21 19 38 37121.70000 8.38000000 1436.20000 147.18000 20.92400 94.05500
10 2 21 19 38 37140.20000 8.38000000 1437.53000 147.37000 20.92400 94.05500
10 2 21 19 38 37120.00000 8.40600000 1438.46000 147.53000 20.92400 94.57600
10 2 21 19 39 37116.90000 8.40600000 1437.02000 147.54000 21.00000 94.57600
10 2 21 19 39 37100.30000 8.40600000 1437.25000 147.45000 21.00000 94.73400
10 2 21 19 40 37103.10000 8.39300000 1437.56000 147.45000 21.00000 94.73400
10 2 21 19 40 37119.90000 8.35300000 1438.33000 147.45000 21.00000 94.74300
10 2 21 19 41 37208.00000 8.35300000 1438.97000 147.86000 21.00000 94.74300
10 2 21 19 41 37223.10000 8.35300000 1439.39000 147.69000 21.00000 94.74300
10 2 21 19 41 37252.10000 8.35300000 1439.99000 147.85000 21.00000 94.74300
10 2 21 19 42 37238.60000 8.35300000 1439.30000 147.85000 21.00000 94.74300
10 2 21 19 42 37275.00000 8.35300000 1440.05000 147.77000 21.00000 95.00000
10 2 21 19 43 37284.00000 8.37500000 1439.87000 147.94000 21.00000 95.00000
10 2 21 19 43 37284.00000 8.37500000 1439.86000 147.74000 21.00000 95.02400
10 2 21 19 44 37293.60000 8.37600000 1439.99000 147.97000 21.00000 95.08000
10 2 21 19 44 37300.00000 8.40000000 1440.00000 148.03000 21.00000 95.08000
10 2 21 19 44 37306.70000 8.40000000 1439.99000 148.13000 21.00000 95.08000
10 2 21 19 45 37304.00000 8.45100000 1439.98000 148.13000 21.00000 95.23700
10 2 21 19 45 37311.00000 8.45900000 1440.00000 148.13000 21.00000 95.23700
10 2 21 19 46 37310.90000 8.45900000 1440.00000 148.35000 21.19100 95.23700
10 2 21 19 46 37311.00000 8.45900000 1439.99000 148.29000 21.19100 95.23700
10 2 21 19 47 37300.10000 8.45900000 1439.99000 148.28000 21.19100 95.23700
10 2 21 19 47 37250.00000 8.45900000 1439.02000 147.94000 21.17500 95.23700
10 2 21 19 47 37240.60000 8.45000000 1438.38000 147.93000 21.17500 95.23700
10 2 21 19 48 37240.60000 8.45000000 1438.76000 148.12000 21.17500 95.23700
10 2 21 19 48 37223.20000 8.45000000 1439.02000 148.12000 21.17500 95.23700
10 2 21 19 49 37240.50000 8.45000000 1438.56000 148.34000 21.17500 95.23700
10 2 21 19 49 37240.60000 8.45000000 1438.04000 148.34000 21.17500 95.23700
10 2 21 19 50 37247.00000 8.45000000 1437.66000 148.28000 21.17500 95.46900
10 2 21 19 50 37277.00000 8.45000000 1437.66000 148.35000 21.17500 95.41600
10 2 21 19 50 37275.10000 8.45000000 1437.56000 148.35000 21.17500 95.36900
10 2 21 19 51 37295.80000 8.45000000 1437.66000 148.38000 21.17500 95.36900
10 2 21 19 51 37298.20000 8.45000000 1437.83000 148.38000 21.17500 95.36900
10 2 21 19 52 37312.00000 8.47200000 1437.70000 148.59000 21.17500 95.36900
10 2 21 19 52 37313.10000 8.49000000 1438.78000 148.55000 20.97700 95.36900
10 2 21 19 53 37322.00000 8.49000000 1439.63000 148.55000 20.97700 95.36900
10 2 21 19 53 37313.40000 8.49000000 1438.68000 148.38000 20.97700 95.36900
10 2 21 19 53 37313.40000 8.49000000 1438.44000 148.34000 20.97700 95.36900
10 2 21 19 54 37319.00000 8.49000000 1438.79000 148.56000 20.97700 95.44500
10 2 21 19 54 37309.40000 8.49000000 1438.06000 148.56000 20.97700 95.44500
10 2 21 19 55 37331.90000 8.49000000 1439.27000 148.33000 20.97700 95.44500
10 2 21 19 55 37320.80000 8.49000000 1438.83000 148.33000 20.97700 95.44500
10 2 21 19 56 37326.80000 8.49000000 1438.78000 148.35000 20.97700 95.44500
10 2 21 19 56 37302.60000 8.49000000 1439.48000 148.34000 20.97700 95.44500
