M=[
21 5 20 00 27 8708.70000 5.92500000 192.51000 40.62000 11.76500 44.06700
21 5 20 00 27 8712.60000 5.92500000 192.65000 40.62000 11.76500 44.06700
21 5 20 00 28 8708.70000 5.93700000 192.80000 40.62000 11.76500 44.06700
21 5 20 00 28 8713.10000 5.93700000 192.80000 40.62000 11.76500 44.06700
21 5 20 00 29 8717.60000 5.93700000 192.79000 40.62000 11.76500 44.06700
21 5 20 00 29 8716.40000 5.93700000 192.79000 40.62000 11.76500 44.06700
21 5 20 00 30 8717.60000 5.93700000 192.67000 40.62000 11.80200 44.06700
21 5 20 00 30 8717.90000 5.93700000 192.67000 40.62000 11.80200 44.06700
21 5 20 00 31 8717.60000 5.93700000 192.61000 40.62000 11.80200 44.06700
21 5 20 00 31 8708.70000 5.92500000 192.57000 40.49000 11.80200 44.06700
21 5 20 00 32 8708.70000 5.93700000 192.50000 40.62000 11.80200 44.06700
21 5 20 00 32 8705.50000 5.93700000 192.50000 40.62000 11.80200 44.06700
21 5 20 00 32 8703.80000 5.93700000 192.50000 40.62000 11.80200 44.06700
21 5 20 00 33 8705.50000 5.93700000 192.52000 40.62000 11.80200 44.06700
21 5 20 00 33 8703.60000 5.93700000 192.52000 40.62000 11.76500 44.38500
21 5 20 00 34 8703.80000 5.93700000 192.56000 40.62000 11.80200 44.38500
21 5 20 00 34 8703.40000 5.93700000 192.56000 40.62000 11.76500 44.38500
21 5 20 00 35 8728.10000 5.94500000 192.97000 40.62000 11.80200 44.37700
21 5 20 00 35 8727.40000 5.96300000 192.98000 40.62000 11.80200 44.37700
21 5 20 00 36 8723.00000 5.96300000 192.95000 40.49000 11.80200 44.37700
21 5 20 00 36 8723.00000 5.96300000 192.95000 40.62000 11.80200 44.37700
21 5 20 00 37 8723.00000 5.96300000 192.88000 40.62000 11.80200 44.37700
21 5 20 00 37 8718.60000 5.96300000 192.89000 40.62000 11.76500 44.37700
21 5 20 00 38 8718.50000 5.96300000 192.86000 40.62000 11.80200 44.37700
21 5 20 00 38 8718.50000 5.96300000 192.75000 40.62000 11.80200 44.37700
21 5 20 00 39 8717.50000 5.96300000 192.82000 40.62000 11.80200 44.45700
21 5 20 00 39 8716.30000 5.96300000 192.82000 40.62000 11.80200 44.37700
21 5 20 00 40 8716.30000 5.96300000 192.96000 40.62000 11.80200 44.45700
21 5 20 00 40 8712.80000 5.96300000 192.96000 40.62000 11.80200 44.37700
21 5 20 00 41 8713.80000 5.96300000 192.96000 40.62000 11.80200 44.45700
21 5 20 00 41 8711.60000 5.91300000 192.96000 40.62000 11.80200 44.45700
21 5 20 00 42 8711.50000 5.96300000 192.96000 40.65000 11.80200 44.45700
21 5 20 00 42 8713.80000 5.96300000 192.96000 40.63000 11.80200 44.45700
21 5 20 00 42 8711.50000 5.96300000 192.96000 40.63000 11.80200 44.45700
21 5 20 00 43 8715.50000 5.94600000 192.96000 40.63000 11.80200 44.45700
21 5 20 00 43 8712.30000 5.94600000 192.96000 40.63000 11.80200 44.28800
21 5 20 00 44 8712.30000 5.94600000 192.87000 40.63000 11.80200 44.28800
21 5 20 00 44 8711.40000 5.94600000 192.87000 40.63000 11.80200 44.28800
21 5 20 00 45 8711.50000 5.96300000 192.87000 40.63000 11.80200 44.28800
21 5 20 00 45 8711.50000 5.94600000 192.87000 40.63000 11.80200 44.28800
21 5 20 00 46 8711.50000 5.94600000 192.76000 40.63000 11.80200 44.28800
21 5 20 00 46 8706.20000 5.94600000 192.76000 40.63000 11.80200 44.28800
21 5 20 00 47 8709.80000 5.94600000 192.76000 40.63000 11.80200 44.28800
21 5 20 00 47 8710.00000 5.94600000 192.88000 40.63000 11.80200 44.37700
21 5 20 00 47 8710.00000 5.94600000 192.82000 40.63000 11.80200 44.28800
21 5 20 00 48 8700.00000 5.94600000 192.80000 40.63000 11.80200 44.28800
21 5 20 00 48 8700.20000 5.94600000 192.61000 40.63000 11.80200 44.28800
21 5 20 00 49 8705.60000 5.94600000 192.61000 40.63000 11.80200 44.28800
21 5 20 00 49 8703.50000 5.94600000 192.52000 40.63000 11.80200 44.28800
21 5 20 00 50 8703.00000 5.94600000 192.59000 40.63000 11.80200 44.28800
21 5 20 00 50 8704.90000 5.94600000 192.65000 40.63000 11.80200 44.28800
21 5 20 00 51 8710.10000 5.94600000 192.79000 40.63000 11.80200 44.28800
21 5 20 00 51 8716.60000 5.94600000 192.75000 40.63000 11.80200 44.28800
21 5 20 00 52 8712.40000 5.94600000 192.75000 40.63000 11.80200 44.28800
21 5 20 00 52 8712.70000 5.94600000 192.75000 40.63000 11.80200 44.28800
21 5 20 00 53 8712.70000 5.94600000 192.75000 40.63000 11.80200 44.28800
21 5 20 00 53 8712.70000 5.94600000 192.75000 40.63000 11.76500 44.28800
21 5 20 00 53 8712.70000 5.94600000 192.75000 40.63000 11.80200 44.37700
21 5 20 00 54 8715.00000 5.94600000 192.78000 40.63000 11.80200 44.28800
21 5 20 00 54 8715.00000 5.96300000 192.78000 40.63000 11.80200 44.28800
21 5 20 00 55 8716.50000 5.94600000 192.80000 40.63000 11.76500 44.28800
21 5 20 00 55 8716.80000 5.94600000 192.80000 40.63000 11.80200 44.28800
21 5 20 00 56 8716.90000 5.94600000 192.75000 40.63000 11.80200 44.28800
21 5 20 00 56 8722.90000 5.94600000 192.80000 40.63000 11.80200 44.28800
21 5 20 00 57 8721.60000 5.94600000 192.78000 40.63000 11.80200 44.28800
21 5 20 00 57 8721.50000 5.94600000 192.80000 40.63000 11.80200 44.28800
21 5 20 00 58 8713.40000 5.94600000 192.90000 40.63000 11.80200 44.28800
21 5 20 00 58 8713.40000 5.94600000 192.90000 40.63000 11.80200 44.28800
21 5 20 00 58 8713.40000 5.94600000 192.83000 40.63000 11.80200 44.28800
21 5 20 00 59 8721.50000 5.94600000 192.83000 40.63000 11.80200 44.28800
21 5 20 00 59 8720.00000 5.94600000 192.83000 40.63000 11.80200 44.28800
21 5 20 01 00 8713.40000 5.94600000 192.83000 40.63000 11.80200 44.28800
21 5 20 01 00 8721.50000 5.94600000 192.90000 40.63000 11.80200 44.28800
21 5 20 01 01 8721.40000 5.94600000 192.96000 40.63000 11.80200 44.28800
21 5 20 01 01 8721.10000 5.94600000 192.79000 40.63000 11.80200 44.28800
21 5 20 01 02 8719.80000 5.94600000 192.96000 40.63000 11.80200 44.28800
21 5 20 01 02 8719.70000 5.96300000 192.96000 40.63000 11.80200 44.28800
21 5 20 01 03 8720.60000 5.94600000 192.96000 40.63000 11.80200 44.28800
21 5 20 01 03 8721.40000 5.94600000 192.99000 40.63000 11.80200 44.28800
21 5 20 01 03 8721.50000 5.94600000 192.99000 40.63000 11.80200 44.28800
21 5 20 01 04 8713.50000 5.94600000 192.99000 40.63000 11.80200 44.28800
21 5 20 01 04 8721.50000 5.94600000 192.99000 40.63000 11.80200 44.28800
21 5 20 01 05 8709.30000 5.94600000 192.99000 40.63000 11.80200 44.28800
21 5 20 01 05 8709.50000 5.94600000 192.99000 40.63000 11.80200 44.28800
21 5 20 01 06 8709.60000 5.94600000 192.67000 40.63000 11.80200 44.28800
21 5 20 01 06 8709.70000 5.94600000 192.67000 40.62000 11.80200 44.28800
21 5 20 01 07 8706.10000 5.94600000 192.69000 40.62000 11.80200 44.28800
21 5 20 01 07 8705.90000 5.94600000 192.63000 40.62000 11.80200 44.28800
21 5 20 01 08 8704.60000 5.94600000 192.53000 40.62000 11.80200 44.28800
21 5 20 01 08 8705.70000 5.94600000 192.54000 40.62000 11.80200 44.28800
21 5 20 01 09 8707.20000 5.94600000 192.52000 40.62000 11.80200 44.28800
21 5 20 01 09 8711.40000 5.94600000 192.52000 40.63000 11.80200 44.28800
21 5 20 01 10 8706.20000 5.94600000 192.52000 40.62000 11.80200 44.28800
21 5 20 01 10 8706.40000 5.94600000 192.52000 40.62000 11.80200 44.28800
21 5 20 01 11 8709.10000 5.94600000 192.39000 40.62000 11.80200 44.28800
21 5 20 01 11 8709.10000 5.94600000 192.39000 40.62000 11.80200 44.28800
21 5 20 01 12 8709.20000 5.94600000 192.35000 40.63000 11.76500 44.28800
21 5 20 01 12 8703.90000 5.94600000 192.32000 40.62000 11.80200 44.28800
21 5 20 01 13 8704.00000 5.94600000 192.36000 40.62000 11.80200 44.28800
21 5 20 01 13 8700.60000 5.94600000 192.36000 40.62000 11.80200 44.28800
21 5 20 01 14 8702.50000 5.96300000 192.37000 40.62000 11.80200 44.28800
21 5 20 01 14 8704.80000 5.94600000 192.37000 40.62000 11.80200 44.28800
21 5 20 01 15 8709.10000 5.94000000 192.80000 40.62000 11.80200 44.25300
21 5 20 01 15 8710.20000 5.94000000 192.80000 40.62000 11.80200 44.25300
21 5 20 01 16 8710.20000 5.94000000 192.80000 40.62000 11.80200 44.28800
21 5 20 01 16 8711.20000 5.94000000 192.80000 40.62000 11.76500 44.25300
21 5 20 01 16 8713.80000 5.94000000 192.72000 40.62000 11.80600 44.25300
21 5 20 01 17 8713.80000 5.94000000 192.63000 40.62000 11.80600 44.25300
21 5 20 01 17 8714.90000 5.94000000 192.63000 40.63000 11.76500 44.25300
