M=[
 5 8 21 08 16 32885.00000 42.85100000 2270.87000 117.92000 22.29100 98.12400
 5 8 21 08 16 32885.10000 42.85100000 2270.80000 117.93000 22.29100 98.12400
 5 8 21 08 17 32871.20000 42.85100000 2270.80000 117.93000 22.29100 98.12400
 5 8 21 08 17 32870.90000 42.85100000 2269.29000 117.93000 22.29100 98.12400
 5 8 21 08 18 32867.20000 42.85100000 2269.55000 117.93000 22.29100 98.12400
 5 8 21 08 18 32863.90000 42.85100000 2270.36000 117.93000 22.29100 98.12400
 5 8 21 08 19 32860.00000 42.85100000 2270.35000 117.93000 22.29100 98.12400
 5 8 21 08 19 32860.10000 42.85100000 2269.19000 117.93000 22.29100 98.12400
 5 8 21 08 19 32860.00000 42.85100000 2269.18000 117.93000 22.29100 98.12400
 5 8 21 08 20 32862.60000 42.85100000 2269.20000 117.89000 22.29100 98.12400
 5 8 21 08 20 32857.70000 42.85100000 2269.19000 117.89000 22.29100 98.12400
 5 8 21 08 21 32855.40000 42.85100000 2269.19000 117.87000 22.29100 98.12400
 5 8 21 08 21 32855.40000 42.85100000 2269.18000 117.86000 22.29100 98.12400
 5 8 21 08 22 32827.40000 42.85100000 2269.02000 117.86000 22.29100 98.12400
 5 8 21 08 22 32810.90000 42.85100000 2266.72000 117.86000 22.29100 98.12400
 5 8 21 08 22 32810.90000 42.85100000 2265.88000 117.86000 22.29100 98.12400
 5 8 21 08 23 32810.90000 42.85100000 2267.04000 117.86000 22.29100 98.12400
 5 8 21 08 23 32810.50000 42.85100000 2266.07000 117.86000 22.29100 98.12400
 5 8 21 08 24 32807.10000 42.85100000 2266.11000 117.86000 22.29100 98.12400
 5 8 21 08 24 32789.10000 42.85100000 2263.91000 117.86000 22.29100 98.12400
 5 8 21 08 25 32784.00000 42.80800000 2264.21000 117.86000 22.29100 98.12400
 5 8 21 08 25 32797.00000 42.80800000 2266.49000 117.86000 22.29100 98.12400
 5 8 21 08 26 32824.60000 42.80800000 2266.86000 117.76000 22.29100 98.39900
 5 8 21 08 26 32824.60000 42.80800000 2267.06000 117.76000 22.29100 98.39900
 5 8 21 08 26 32841.70000 42.90200000 2270.02000 117.76000 22.29100 98.39900
 5 8 21 08 27 32845.00000 42.90200000 2270.01000 117.76000 22.29100 98.39900
 5 8 21 08 27 32844.90000 42.90200000 2272.03000 118.00000 22.29100 98.39900
 5 8 21 08 28 32858.80000 42.90200000 2271.01000 118.00000 22.29100 98.39900
 5 8 21 08 28 32865.90000 42.90200000 2272.67000 118.00000 22.29100 98.39900
 5 8 21 08 29 32867.00000 42.90200000 2272.61000 118.00000 22.29100 98.39900
 5 8 21 08 29 32858.80000 42.90200000 2272.44000 117.96000 22.29100 98.39900
 5 8 21 08 29 32870.00000 42.90200000 2272.64000 117.96000 22.29100 98.39900
 5 8 21 08 30 32841.80000 42.95000000 2270.45000 118.02000 22.29100 98.39900
 5 8 21 08 30 32841.80000 42.95000000 2268.31000 118.02000 22.29100 98.39900
 5 8 21 08 31 32841.70000 42.95000000 2269.66000 117.81000 22.29100 98.39900
 5 8 21 08 31 32826.10000 42.95000000 2269.78000 117.82000 22.29100 98.39900
 5 8 21 08 32 32826.20000 42.95000000 2268.96000 117.79000 22.29100 98.39900
 5 8 21 08 32 32835.90000 42.95000000 2269.66000 117.79000 22.29100 98.39900
 5 8 21 08 32 32828.80000 42.95000000 2269.62000 117.79000 22.29100 98.39900
 5 8 21 08 33 32828.80000 42.95000000 2269.13000 117.79000 22.29100 98.39900
 5 8 21 08 33 32828.80000 42.88400000 2269.82000 117.79000 22.29100 98.39900
 5 8 21 08 34 32822.00000 42.88400000 2268.71000 117.73000 22.29100 98.39900
 5 8 21 08 34 32822.00000 42.88400000 2268.43000 117.66000 22.29100 98.39900
 5 8 21 08 35 32822.10000 42.88400000 2268.43000 117.66000 22.29100 98.39900
 5 8 21 08 35 32822.10000 42.88400000 2268.38000 117.66000 22.29100 98.39900
 5 8 21 08 36 32812.90000 42.88400000 2267.08000 117.66000 22.29100 98.39900
 5 8 21 08 36 32785.30000 42.88400000 2267.07000 117.66000 22.29100 98.39900
 5 8 21 08 36 32785.20000 42.88400000 2267.07000 117.66000 22.29100 98.39900
 5 8 21 08 37 32785.80000 42.88400000 2266.48000 117.66000 22.29200 98.39900
 5 8 21 08 37 32787.90000 42.88400000 2267.76000 117.66000 22.29200 98.39900
 5 8 21 08 38 32787.90000 42.88400000 2268.40000 117.56000 22.29200 98.39900
 5 8 21 08 38 32787.80000 42.88400000 2268.40000 117.61000 22.29200 98.39900
 5 8 21 08 39 32787.90000 42.88400000 2268.76000 117.61000 22.29200 98.39900
 5 8 21 08 39 32787.90000 42.88400000 2268.95000 117.71000 22.29200 98.39900
 5 8 21 08 39 32787.90000 42.88400000 2268.94000 117.77000 22.29200 98.39900
 5 8 21 08 40 32787.80000 42.88400000 2268.00000 117.77000 22.29200 98.39900
 5 8 21 08 40 32787.80000 42.88400000 2268.01000 117.72000 22.29200 98.39900
 5 8 21 08 41 32787.90000 42.88400000 2268.01000 117.72000 22.29200 98.39900
 5 8 21 08 41 32781.20000 42.88400000 2263.61000 117.72000 22.29200 98.39900
 5 8 21 08 42 32773.60000 42.88400000 2263.76000 117.65000 22.29200 98.39900
 5 8 21 08 42 32773.50000 42.81000000 2263.62000 117.63000 22.29200 98.39900
 5 8 21 08 42 32773.60000 42.81000000 2263.99000 117.63000 22.29100 98.39900
 5 8 21 08 43 32793.80000 42.81000000 2264.53000 117.73000 22.29100 98.39900
 5 8 21 08 43 32790.50000 42.81000000 2267.23000 117.73000 22.29100 98.39900
 5 8 21 08 44 32769.10000 42.81000000 2264.15000 117.73000 22.29100 98.39900
 5 8 21 08 44 32777.10000 42.81000000 2264.10000 117.73000 22.29100 98.39900
 5 8 21 08 45 32765.00000 42.81000000 2264.00000 117.73000 22.29100 98.39900
 5 8 21 08 45 32765.00000 42.82800000 2264.50000 117.73000 22.29100 98.39900
 5 8 21 08 45 32766.60000 42.82800000 2264.00000 117.73000 22.29100 98.39900
 5 8 21 08 46 32754.00000 42.82800000 2261.86000 117.73000 22.29100 98.39900
 5 8 21 08 46 32750.00000 42.82800000 2262.41000 117.73000 22.29100 98.39900
 5 8 21 08 47 32750.00000 42.82800000 2262.41000 117.55000 22.29100 98.39900
 5 8 21 08 47 32741.00000 42.82800000 2262.41000 117.55000 22.29100 98.39900
 5 8 21 08 48 32755.60000 42.82800000 2263.16000 117.55000 22.29100 98.39900
 5 8 21 08 48 32753.70000 42.82800000 2263.27000 117.61000 22.29100 98.39900
 5 8 21 08 48 32754.80000 42.82800000 2264.00000 117.61000 22.29100 98.39900
 5 8 21 08 49 32722.00000 42.82800000 2262.47000 117.61000 22.29100 98.39900
 5 8 21 08 49 32719.50000 42.82800000 2262.47000 117.61000 22.29100 98.39900
 5 8 21 08 50 32719.60000 42.82800000 2262.47000 117.54000 22.29100 98.39900
 5 8 21 08 50 32650.00000 42.82800000 2261.74000 117.46000 22.29100 98.39900
 5 8 21 08 51 32668.40000 42.82800000 2261.01000 117.46000 22.29100 98.39900
 5 8 21 08 51 32668.70000 42.82800000 2260.00000 117.46000 22.29100 98.39900
 5 8 21 08 51 32651.90000 42.82800000 2260.00000 117.28000 22.29100 98.39900
 5 8 21 08 52 32660.20000 42.82800000 2259.80000 117.28000 22.29100 98.39900
 5 8 21 08 52 32644.10000 42.82800000 2258.45000 117.28000 22.29100 98.39900
 5 8 21 08 53 32640.60000 42.82800000 2258.21000 117.28000 22.29100 98.39900
 5 8 21 08 53 32590.10000 42.58300000 2235.29000 117.02000 22.24800 98.39900
 5 8 21 08 54 32590.00000 42.56100000 2240.85000 117.10000 22.24800 98.39900
 5 8 21 08 54 32589.50000 42.56100000 2241.73000 117.10000 22.24800 98.39900
 5 8 21 08 55 32538.90000 42.49100000 2231.00000 116.95000 22.24800 98.39900
 5 8 21 08 55 32551.80000 42.49100000 2233.59000 116.95000 22.24800 98.39900
 5 8 21 08 55 32565.10000 42.49100000 2233.94000 116.95000 22.24800 98.39900
 5 8 21 08 56 32592.10000 42.49100000 2235.84000 116.95000 22.24800 98.39900
 5 8 21 08 56 32577.40000 42.49100000 2235.46000 116.95000 22.24800 98.39900
 5 8 21 08 57 32575.00000 42.49100000 2228.52000 116.95000 22.24800 98.39900
 5 8 21 08 57 32538.40000 42.49100000 2232.14000 116.95000 22.24800 98.39900
 5 8 21 08 58 32542.50000 42.49100000 2232.17000 116.91000 22.24800 98.39900
 5 8 21 08 58 32549.80000 42.49100000 2232.24000 116.91000 22.24800 98.39900
 5 8 21 08 58 32556.40000 42.49100000 2232.80000 116.96000 22.24800 98.39900
 5 8 21 08 59 32532.20000 42.49100000 2225.75000 116.96000 22.24800 97.39100
 5 8 21 08 59 32520.70000 42.49100000 2225.10000 116.96000 22.24800 97.39100
 5 8 21 09 00 32543.80000 42.49100000 2230.30000 116.90000 22.24800 97.39100
 5 8 21 09 00 32499.90000 42.40800000 2222.30000 116.68000 22.24800 97.39100
