M=[
 5 6 21 18 13 29781.10000 52.15400000 2166.00000 142.84000 24.12300 126.00300
 5 6 21 18 13 29786.90000 52.26000000 2168.11000 142.94000 24.12300 126.00300
 5 6 21 18 14 29775.20000 52.26000000 2167.86000 142.90000 24.12300 126.00300
 5 6 21 18 14 29786.60000 52.26000000 2167.12000 142.90000 24.12300 126.00300
 5 6 21 18 15 29793.80000 52.26000000 2167.27000 142.90000 24.12300 126.00300
 5 6 21 18 15 29775.40000 52.26000000 2165.50000 142.78000 24.12300 126.00300
 5 6 21 18 15 29775.50000 52.26000000 2165.50000 142.78000 24.12300 126.00300
 5 6 21 18 16 29778.70000 52.26000000 2165.92000 142.78000 24.12300 126.00300
 5 6 21 18 16 29778.70000 52.26000000 2168.31000 142.78000 24.12300 126.00300
 5 6 21 18 17 29811.40000 52.26000000 2171.29000 142.78000 24.12300 126.00300
 5 6 21 18 17 29821.00000 52.26000000 2172.29000 142.78000 24.12300 126.94800
 5 6 21 18 18 29805.40000 52.26000000 2172.22000 142.78000 24.12300 126.94800
 5 6 21 18 18 29811.90000 52.26000000 2171.79000 142.78000 24.12300 126.94800
 5 6 21 18 18 29819.50000 52.26000000 2171.80000 142.78000 24.12300 127.27600
 5 6 21 18 19 29804.90000 52.26000000 2171.80000 142.78000 24.12300 127.27600
 5 6 21 18 19 29786.50000 52.26000000 2171.80000 142.78000 24.12300 127.27600
 5 6 21 18 20 29794.80000 52.26300000 2171.58000 142.78000 24.12300 127.27600
 5 6 21 18 20 29803.20000 52.26300000 2171.38000 142.78000 24.12300 127.27600
 5 6 21 18 21 29793.30000 52.26300000 2171.32000 142.78000 24.12300 127.27600
 5 6 21 18 21 29796.10000 52.26300000 2171.32000 142.78000 24.12300 127.27600
 5 6 21 18 21 29821.10000 52.26300000 2172.36000 143.26000 24.12300 127.27600
 5 6 21 18 22 29819.90000 52.26300000 2172.36000 143.26000 24.12300 127.27600
 5 6 21 18 22 29801.60000 52.26300000 2171.80000 143.26000 24.12300 127.27600
 5 6 21 18 23 29803.30000 52.26300000 2173.00000 143.22000 24.12300 127.27600
 5 6 21 18 23 29826.50000 52.26300000 2173.00000 143.22000 24.12300 127.27600
 5 6 21 18 25 29826.50000 52.26300000 2173.00000 143.22000 24.12300 127.27600
 5 6 21 18 26 29826.50000 52.26300000 2173.00000 143.22000 24.12300 127.27600
 5 6 21 18 26 29826.50000 52.26300000 2173.00000 143.22000 24.12300 127.27600
 5 6 21 18 26 29826.50000 52.26300000 2173.00000 143.22000 24.12300 127.27600
 5 6 21 18 27 29826.50000 52.26300000 2173.00000 143.22000 24.12300 127.27600
 5 6 21 18 29 29826.50000 52.26300000 2173.00000 143.22000 24.12300 127.27600
 5 6 21 18 30 29826.50000 52.26300000 2173.00000 143.22000 24.12300 127.27600
 5 6 21 18 30 29826.50000 52.26300000 2173.00000 143.22000 24.12300 127.27600
 5 6 21 18 31 29826.50000 52.26300000 2173.00000 143.22000 24.12300 127.27600
 5 6 21 18 33 29826.50000 52.26300000 2173.00000 143.22000 24.12300 127.27600
 5 6 21 18 34 29826.50000 52.26300000 2173.00000 143.22000 24.12300 127.27600
 5 6 21 18 34 29826.50000 52.26300000 2173.00000 143.22000 24.12300 127.27600
 5 6 21 18 35 29826.50000 52.26300000 2173.00000 143.22000 24.12300 127.27600
 5 6 21 18 35 29826.50000 52.26300000 2173.00000 143.22000 24.12300 127.27600
 5 6 21 18 36 29826.50000 52.26300000 2173.00000 143.22000 24.12300 127.27600
 5 6 21 18 37 29826.50000 52.26300000 2173.00000 143.22000 24.12300 127.27600
 5 6 21 18 38 29826.50000 52.26300000 2173.00000 143.22000 24.12300 127.27600
 5 6 21 18 38 29826.50000 52.26300000 2173.00000 143.22000 24.12300 127.27600
 5 6 21 18 39 29826.50000 52.26300000 2173.00000 143.22000 24.12300 127.27600
 5 6 21 18 39 29826.50000 52.26300000 2173.00000 143.22000 24.12300 127.27600
 5 6 21 18 39 29826.50000 52.26300000 2173.00000 143.22000 24.12300 127.27600
 5 6 21 18 40 29826.50000 52.26300000 2173.00000 143.22000 24.12300 127.27600
 5 6 21 18 40 29826.50000 52.26300000 2173.00000 143.22000 24.12300 127.27600
 5 6 21 18 41 29826.50000 52.26300000 2173.00000 143.22000 24.12300 127.27600
 5 6 21 18 41 29826.50000 52.26300000 2173.00000 143.22000 24.12300 127.27600
 5 6 21 18 42 29826.50000 52.26300000 2173.00000 143.22000 24.12300 127.27600
 5 6 21 18 42 29826.50000 52.26300000 2173.00000 143.22000 24.12300 127.27600
 5 6 21 18 42 29826.50000 52.26300000 2173.00000 143.22000 24.12300 127.27600
 5 6 21 18 43 29826.50000 52.26300000 2173.00000 143.22000 24.12300 127.27600
 5 6 21 18 43 29826.50000 52.26300000 2173.00000 143.22000 24.12300 127.27600
 5 6 21 18 44 29826.50000 52.26300000 2173.00000 143.22000 24.12300 127.27600
 5 6 21 18 44 29826.50000 52.26300000 2173.00000 143.22000 24.12300 127.27600
 5 6 21 18 45 29826.50000 52.26300000 2173.00000 143.22000 24.12300 127.27600
 5 6 21 18 45 29826.50000 52.26300000 2173.00000 143.22000 24.12300 127.27600
 5 6 21 18 45 29826.50000 52.26300000 2173.00000 143.22000 24.12300 127.27600
 5 6 21 18 46 29826.50000 52.26300000 2173.00000 143.22000 24.12300 127.27600
 5 6 21 18 46 29826.50000 52.26300000 2173.00000 143.22000 24.12300 127.27600
 5 6 21 18 47 29826.50000 52.26300000 2173.00000 143.22000 24.12300 127.27600
 5 6 21 18 47 29826.50000 52.26300000 2173.00000 143.22000 24.12300 127.27600
 5 6 21 18 48 29826.50000 52.26300000 2173.00000 143.22000 24.12300 127.27600
 5 6 21 18 48 29826.50000 52.26300000 2173.00000 143.22000 24.12300 127.27600
 5 6 21 18 48 29826.50000 52.26300000 2173.00000 143.22000 24.12300 127.27600
 5 6 21 18 49 29802.00000 52.26300000 2173.00000 143.42000 24.12300 127.27600
 5 6 21 18 49 29838.80000 52.26300000 2171.71000 143.46000 24.12300 127.27600
 5 6 21 18 50 29814.30000 52.42100000 2171.14000 143.32000 24.12300 127.34500
 5 6 21 18 50 29802.30000 52.42100000 2171.14000 143.32000 24.12300 127.34500
 5 6 21 18 51 29803.00000 52.42100000 2170.00000 143.32000 24.12300 127.34500
 5 6 21 18 51 29801.70000 52.42100000 2168.21000 143.02000 24.12300 127.34500
 5 6 21 18 51 29783.80000 52.42100000 2167.68000 143.10000 24.12300 127.34500
 5 6 21 18 52 29777.10000 52.42100000 2168.42000 143.02000 24.12300 127.34500
 5 6 21 18 52 29796.20000 52.42100000 2168.22000 143.02000 24.12300 127.34500
 5 6 21 18 53 29788.50000 52.42100000 2169.40000 143.02000 24.12300 126.98100
 5 6 21 18 53 29803.70000 52.42100000 2170.71000 143.02000 24.12300 126.98100
 5 6 21 18 54 29813.70000 52.42100000 2170.71000 143.30000 24.12300 126.98100
 5 6 21 18 54 29817.60000 52.42100000 2170.71000 143.36000 24.12300 126.98100
 5 6 21 18 54 29817.70000 52.42100000 2171.31000 143.36000 24.12300 126.98100
 5 6 21 18 55 29819.40000 52.42100000 2172.48000 143.41000 24.12300 126.98100
 5 6 21 18 55 29811.50000 52.42100000 2172.48000 143.41000 24.12300 126.98100
 5 6 21 18 56 29809.50000 52.38700000 2172.48000 143.41000 24.12300 126.98100
 5 6 21 18 56 29793.60000 52.38700000 2172.38000 143.41000 24.12300 126.98100
 5 6 21 18 57 29793.70000 52.38700000 2171.35000 143.41000 24.12300 126.98100
 5 6 21 18 57 29812.40000 52.38700000 2171.01000 143.30000 24.12300 126.98100
 5 6 21 18 57 29801.50000 52.38700000 2171.42000 143.30000 24.12300 127.23200
 5 6 21 18 58 29787.10000 52.35900000 2170.45000 143.30000 24.12300 127.23200
 5 6 21 18 58 29769.30000 52.35900000 2169.00000 143.30000 24.12300 127.23200
 5 6 21 18 59 29759.00000 52.35900000 2167.19000 143.30000 24.12300 127.23200
 5 6 21 18 59 29737.60000 52.35900000 2164.47000 143.00000 24.12300 127.23200
 5 6 21 19 00 29737.60000 52.35900000 2164.64000 143.00000 24.12300 127.23200
 5 6 21 19 00 29737.50000 52.26400000 2162.65000 143.00000 24.12300 127.23200
 5 6 21 19 00 29711.10000 52.26400000 2163.62000 142.91000 24.12300 126.66900
 5 6 21 19 01 29762.10000 52.26400000 2167.49000 143.11000 24.12300 126.66900
 5 6 21 19 01 29786.10000 52.26400000 2169.56000 143.11000 24.12300 126.66900
 5 6 21 19 02 29777.20000 52.26400000 2171.17000 143.25000 24.12300 126.66900
 5 6 21 19 02 29777.20000 52.33300000 2171.00000 143.19000 24.12300 126.66900
 5 6 21 19 03 29794.90000 52.33300000 2170.47000 143.19000 24.12300 126.66900
 5 6 21 19 03 29811.80000 52.33300000 2172.36000 143.37000 24.12300 126.66900
 5 6 21 19 03 29808.40000 52.33300000 2172.56000 143.35000 24.12300 126.66900
