M=[
19 4 21 23 31 46308.40000 27.85800000 1794.65000 217.96000 33.85700 188.48800
19 4 21 23 31 46384.50000 27.92400000 1797.05000 218.00000 33.85700 188.17000
19 4 21 23 32 46357.10000 27.92400000 1798.01000 218.10000 33.85700 187.99000
19 4 21 23 32 46395.80000 27.92400000 1798.00000 218.23000 33.85700 188.49000
19 4 21 23 32 46413.70000 27.92400000 1799.54000 218.23000 33.85700 188.49000
19 4 21 23 33 46400.00000 27.92400000 1798.05000 218.23000 33.85700 188.50000
19 4 21 23 33 46400.00000 27.92400000 1798.05000 218.23000 33.85700 188.50000
19 4 21 23 34 46367.70000 27.92400000 1797.66000 217.30000 33.85700 188.50000
19 4 21 23 34 46398.80000 27.92400000 1797.92000 217.35000 33.85700 188.41000
19 4 21 23 35 46413.80000 27.92400000 1799.20000 217.53000 33.85700 188.41000
19 4 21 23 35 46447.60000 27.92400000 1800.00000 217.53000 33.85700 188.41000
19 4 21 23 35 46461.70000 27.92400000 1801.54000 217.53000 33.85700 188.41000
19 4 21 23 36 46436.30000 27.96300000 1801.38000 217.54000 33.85700 188.41000
19 4 21 23 36 46494.60000 27.99100000 1804.94000 218.23000 33.85700 188.41000
19 4 21 23 37 46489.30000 27.99100000 1803.82000 218.45000 33.85700 188.41000
19 4 21 23 37 46491.20000 27.99100000 1803.62000 218.18000 33.85700 188.41000
19 4 21 23 38 46528.10000 27.99100000 1806.00000 218.18000 33.85700 189.67000
19 4 21 23 38 46495.70000 27.99100000 1807.06000 218.83000 33.85700 190.14000
19 4 21 23 38 46496.10000 28.05700000 1805.72000 218.83000 33.85700 190.14000
19 4 21 23 39 46467.00000 28.05700000 1802.98000 218.19000 33.85700 190.14000
19 4 21 23 39 46405.70000 28.05700000 1800.91000 218.19000 33.85700 189.33100
19 4 21 23 40 46384.90000 27.83400000 1797.83000 217.61000 33.85700 188.06600
19 4 21 23 40 46441.80000 27.83400000 1802.89000 217.61000 33.85700 188.06600
19 4 21 23 41 46416.90000 27.83400000 1802.88000 218.30000 33.85700 188.06600
19 4 21 23 41 46366.60000 27.83400000 1797.66000 218.30000 33.85700 188.03300
19 4 21 23 41 46378.50000 27.83400000 1797.64000 217.38000 33.85700 188.03300
19 4 21 23 42 46393.30000 27.83400000 1800.80000 217.38000 33.85700 188.03300
19 4 21 23 42 46424.40000 27.83400000 1802.89000 217.38000 33.85700 188.02000
19 4 21 23 43 46431.80000 27.83400000 1801.76000 217.38000 33.85700 188.02000
19 4 21 23 43 46472.30000 27.83400000 1804.23000 218.34000 33.85700 188.02000
19 4 21 23 44 46493.20000 27.83400000 1804.23000 218.45000 33.85700 188.02000
19 4 21 23 44 46452.00000 28.02800000 1804.23000 218.45000 33.85700 188.02000
19 4 21 23 44 46430.10000 27.87700000 1800.30000 218.45000 33.85700 188.03100
19 4 21 23 45 46457.50000 27.87700000 1802.72000 218.45000 33.85700 188.03100
19 4 21 23 45 46490.00000 27.87700000 1806.79000 218.15000 33.85700 188.92000
19 4 21 23 46 46515.00000 27.87700000 1806.73000 218.41000 33.85700 189.27600
19 4 21 23 46 46522.80000 27.87700000 1809.15000 218.41000 33.85700 189.27600
19 4 21 23 47 46541.30000 27.87700000 1809.49000 219.09000 33.71600 189.66800
19 4 21 23 47 46493.10000 27.87700000 1806.45000 218.34000 33.71600 189.97100
19 4 21 23 47 46489.50000 27.87700000 1808.19000 218.49000 33.71600 189.32400
19 4 21 23 48 46534.30000 27.87700000 1808.19000 218.49000 33.71600 189.70000
19 4 21 23 48 46532.90000 27.87700000 1809.99000 218.49000 33.71600 189.70000
19 4 21 23 49 46503.60000 27.87700000 1808.28000 218.74000 33.71600 189.70000
19 4 21 23 49 46477.50000 27.87700000 1808.28000 218.55000 33.71600 189.33000
19 4 21 23 50 46458.70000 27.87700000 1808.28000 218.55000 33.71600 189.39000
19 4 21 23 50 46462.70000 27.87700000 1806.00000 218.55000 33.95200 189.39000
19 4 21 23 50 46430.10000 27.87700000 1806.00000 218.55000 33.95200 189.10000
19 4 21 23 51 46435.80000 27.87700000 1802.87000 218.55000 33.95200 189.10000
19 4 21 23 51 46388.90000 27.87700000 1800.01000 217.23000 33.95200 189.10000
19 4 21 23 52 46380.00000 27.87700000 1800.00000 217.09000 33.95200 188.12000
19 4 21 23 52 46406.50000 27.87700000 1801.14000 217.34000 33.95200 188.28000
19 4 21 23 53 46434.90000 27.87700000 1801.14000 217.34000 33.95200 188.28000
19 4 21 23 53 46401.00000 27.89200000 1801.91000 217.34000 33.95200 188.28000
19 4 21 23 53 46355.80000 27.89200000 1800.01000 217.12000 33.95200 188.28000
19 4 21 23 54 46398.10000 27.89200000 1800.01000 217.10000 33.95200 188.28000
19 4 21 23 54 46378.80000 27.89200000 1802.19000 217.04000 33.95200 187.95400
19 4 21 23 55 46339.40000 27.89200000 1800.00000 217.05000 33.95200 187.95400
19 4 21 23 55 46323.90000 27.89200000 1799.25000 217.05000 33.95200 187.82700
19 4 21 23 56 46328.50000 27.89200000 1799.25000 216.79000 33.95200 187.57600
19 4 21 23 56 46367.20000 27.89200000 1800.54000 216.97000 33.95200 187.58000
19 4 21 23 56 46367.00000 27.81500000 1800.47000 216.98000 33.95200 187.56000
19 4 21 23 57 46367.00000 27.81500000 1800.47000 217.51000 33.95200 187.75000
19 4 21 23 57 46403.30000 27.81500000 1803.61000 217.51000 33.95200 188.12000
19 4 21 23 58 46451.50000 27.81500000 1803.61000 217.85000 33.95200 188.12000
19 4 21 23 58 46470.40000 27.81500000 1803.61000 217.85000 33.95200 188.12000
19 4 21 23 59 46461.30000 27.81500000 1804.00000 217.79000 33.95200 188.12000
19 4 21 23 59 46377.60000 27.81500000 1803.61000 217.79000 33.95200 188.12000
19 4 21 23 59 46370.80000 27.81500000 1803.61000 217.40000 33.95200 188.12000
20 4 21 00 00 46403.30000 27.81500000 1806.48000 218.72000 34.13800 188.12000
20 4 21 00 00 46384.90000 27.81500000 1807.92000 219.32000 34.13800 188.95000
20 4 21 00 01 46437.60000 27.81500000 1809.00000 219.32000 34.13800 188.75100
20 4 21 00 01 46451.60000 27.81500000 1810.26000 219.80000 34.13800 188.75100
20 4 21 00 02 46397.40000 27.81500000 1806.65000 219.38000 34.13800 188.10000
20 4 21 00 02 46351.00000 27.70200000 1801.07000 217.16000 34.13800 187.62000
20 4 21 00 02 46256.10000 27.70200000 1796.61000 216.73000 34.13800 186.60000
20 4 21 00 03 46183.50000 27.70200000 1793.66000 216.14000 34.13800 185.48500
20 4 21 00 03 46170.00000 27.51600000 1793.34000 216.00000 34.13800 185.00000
20 4 21 00 04 46151.60000 27.50000000 1792.60000 214.98000 34.13800 183.94100
20 4 21 00 04 46182.30000 27.50000000 1793.79000 214.95000 34.13800 184.76900
20 4 21 00 05 46129.70000 27.50000000 1792.17000 215.00000 34.13800 182.30400
20 4 21 00 05 46094.30000 27.50000000 1791.46000 215.00000 34.13800 182.95000
20 4 21 00 05 46092.40000 27.50000000 1788.72000 214.50000 34.13800 181.76000
20 4 21 00 06 46143.20000 27.50000000 1790.05000 215.00000 34.13800 182.63200
20 4 21 00 06 46101.80000 27.50000000 1788.72000 214.66000 34.13800 181.78100
20 4 21 00 07 46038.80000 27.50000000 1787.00000 213.83000 34.13800 180.86800
20 4 21 00 07 46032.20000 27.50000000 1787.95000 214.00000 34.13800 180.78300
20 4 21 00 08 46017.10000 27.50000000 1785.00000 213.49000 34.13800 178.33300
20 4 21 00 08 46032.10000 27.09700000 1784.06000 214.13000 34.13800 179.86900
20 4 21 00 08 46018.80000 27.09700000 1784.08000 213.70000 34.13800 179.86900
20 4 21 00 09 46017.20000 26.95300000 1784.05000 213.40000 33.26200 178.26400
20 4 21 00 09 45962.00000 26.90000000 1782.19000 213.00000 32.30200 177.67200
20 4 21 00 10 46091.20000 26.90000000 1791.40000 213.10000 32.20700 179.62200
20 4 21 00 10 46198.60000 26.90000000 1794.96000 214.94000 32.48700 180.71000
20 4 21 00 11 46195.20000 26.90000000 1798.54000 215.08000 31.99900 180.95900
20 4 21 00 11 46206.00000 26.90000000 1795.20000 215.17000 31.53800 181.02200
20 4 21 00 11 46134.50000 26.90000000 1792.59000 214.31000 31.51500 180.64800
20 4 21 00 12 46137.40000 26.90000000 1791.74000 213.38000 31.50000 180.56900
20 4 21 00 12 46082.20000 27.08700000 1788.91000 213.01000 31.50000 180.56800
20 4 21 00 13 46101.10000 27.08700000 1788.77000 213.10000 31.99800 179.78000
20 4 21 00 13 46122.50000 27.08700000 1791.79000 214.16000 31.99600 180.32100
20 4 21 00 14 46085.10000 26.87800000 1787.94000 213.00000 31.99600 179.53000
20 4 21 00 14 46096.90000 26.87800000 1790.11000 213.25000 31.99500 180.73000
