M=[
 3 5 21 15 53 47880.00000 40.89200000 2629.65000 235.21000 35.60500 205.59800
 3 5 21 15 53 47889.70000 40.89200000 2627.60000 235.07000 35.60500 205.59800
 3 5 21 15 54 47898.00000 40.84400000 2629.50000 235.09000 35.60500 205.59800
 3 5 21 15 54 47896.20000 40.95700000 2630.44000 235.28000 35.60500 205.59800
 3 5 21 15 54 47896.60000 40.95700000 2630.28000 235.18000 35.60500 205.59800
 3 5 21 15 55 47896.90000 40.95700000 2630.00000 235.23000 35.60500 205.59800
 3 5 21 15 55 47899.50000 40.95700000 2630.00000 235.15000 35.60500 205.59800
 3 5 21 15 56 47899.50000 40.95700000 2630.49000 235.23000 35.60500 205.59800
 3 5 21 15 56 47892.70000 40.83700000 2630.48000 235.21000 35.71100 205.59800
 3 5 21 15 57 47895.70000 40.91300000 2630.49000 235.16000 35.71100 205.59800
 3 5 21 15 57 47895.80000 40.91300000 2630.49000 235.31000 35.71100 205.59800
 3 5 21 15 57 47890.10000 40.91300000 2631.78000 235.41000 35.71100 205.59800
 3 5 21 15 58 47890.00000 40.96400000 2631.78000 235.41000 35.71100 205.59800
 3 5 21 15 58 47873.30000 40.96400000 2631.79000 235.41000 35.71100 205.59800
 3 5 21 15 59 47853.90000 40.96400000 2631.26000 235.41000 35.71100 205.59800
 3 5 21 15 59 47805.00000 40.80000000 2627.30000 234.81000 35.71100 205.59800
 3 5 21 16 00 47827.00000 40.68700000 2624.99000 234.72000 35.71100 205.59800
 3 5 21 16 00 47890.00000 40.68700000 2632.01000 235.51000 35.71100 205.59800
 3 5 21 16 00 47956.10000 40.89900000 2637.05000 235.74000 35.71100 206.53500
 3 5 21 16 01 47938.00000 40.85000000 2634.48000 235.72000 35.71100 207.31500
 3 5 21 16 01 47929.50000 40.85000000 2636.87000 235.45000 35.71100 207.57700
 3 5 21 16 02 47919.60000 40.68700000 2634.46000 235.54000 35.71100 207.26100
 3 5 21 16 02 47919.60000 40.68700000 2636.80000 235.41000 35.75200 207.26100
 3 5 21 16 03 47901.40000 40.71400000 2637.78000 235.10000 35.75200 207.26100
 3 5 21 16 03 47907.70000 40.71400000 2640.00000 235.38000 35.75200 207.26100
 3 5 21 16 03 47923.10000 40.71400000 2642.26000 235.34000 35.75200 207.26100
 3 5 21 16 04 47926.70000 40.74500000 2642.84000 235.75000 35.88900 207.45500
 3 5 21 16 04 47939.30000 40.74500000 2642.83000 235.75000 35.91400 207.45500
 3 5 21 16 05 47908.30000 40.74500000 2639.32000 235.27000 35.62400 207.45500
 3 5 21 16 05 47903.50000 40.72000000 2636.34000 234.87000 35.83100 207.50100
 3 5 21 16 06 47892.30000 40.72000000 2635.99000 234.50000 35.83100 207.30000
 3 5 21 16 06 47843.00000 40.72300000 2629.79000 234.49000 35.83100 207.43300
 3 5 21 16 06 47843.00000 40.72300000 2631.43000 234.42000 35.83100 207.43300
 3 5 21 16 07 47844.90000 40.57700000 2633.77000 234.28000 35.83100 207.43300
 3 5 21 16 07 47843.10000 40.57600000 2634.25000 234.30000 35.83100 207.43300
 3 5 21 16 08 47830.20000 40.63900000 2634.31000 234.71000 35.83100 207.43300
 3 5 21 16 08 47820.40000 40.72800000 2633.61000 234.55000 35.83100 207.43300
 3 5 21 16 09 47782.50000 40.59600000 2631.20000 234.55000 35.83100 207.97000
 3 5 21 16 09 47780.00000 40.59600000 2629.29000 234.30000 35.83100 208.05000
 3 5 21 16 09 47780.00000 40.56000000 2629.02000 234.23000 35.83100 208.05000
 3 5 21 16 10 47780.00000 40.51300000 2629.99000 234.14000 35.83100 208.21100
 3 5 21 16 10 47780.10000 40.51300000 2629.77000 234.21000 35.83100 208.21100
 3 5 21 16 11 47780.10000 40.51300000 2629.74000 234.16000 35.83100 208.21100
 3 5 21 16 11 47795.10000 40.46900000 2634.85000 234.22000 35.83100 208.21100
 3 5 21 16 12 47824.20000 40.47100000 2630.69000 234.28000 35.83100 208.62900
 3 5 21 16 12 47780.10000 40.41100000 2630.40000 234.26000 35.83100 208.63000
 3 5 21 16 12 47741.00000 40.41100000 2626.83000 234.00000 35.83100 208.81800
 3 5 21 16 13 47713.40000 40.36100000 2625.03000 233.53000 35.83100 209.59200
 3 5 21 16 13 47713.10000 40.36100000 2623.49000 233.59000 35.72500 209.59200
 3 5 21 16 14 47702.90000 40.45700000 2624.96000 233.59000 35.72500 209.59200
 3 5 21 16 14 47541.50000 40.32300000 2621.00000 232.88000 35.72500 208.58600
 3 5 21 16 15 47537.80000 40.32300000 2617.56000 232.50000 35.72500 208.57600
 3 5 21 16 15 47650.20000 40.33400000 2622.00000 233.59000 35.72500 208.57600
 3 5 21 16 15 47643.20000 40.47900000 2622.00000 233.68000 35.72500 209.09300
 3 5 21 16 16 47668.00000 40.40300000 2621.99000 233.77000 35.72500 209.17000
 3 5 21 16 16 47761.70000 40.39600000 2627.71000 234.27000 35.72500 210.06400
 3 5 21 16 17 47755.10000 40.51600000 2625.25000 234.15000 35.72500 210.82100
 3 5 21 16 17 47778.50000 40.54900000 2630.49000 234.42000 35.72500 210.82100
 3 5 21 16 18 47764.60000 40.46100000 2630.16000 234.23000 35.72500 211.00000
 3 5 21 16 18 47735.40000 40.46100000 2627.53000 234.39000 35.79200 210.97900
 3 5 21 16 18 47752.10000 40.46100000 2631.26000 234.39000 35.79200 210.97900
 3 5 21 16 19 47757.10000 40.63400000 2632.13000 234.72000 35.79200 210.97900
 3 5 21 16 19 47759.00000 40.61800000 2632.72000 234.62000 35.79200 210.97900
 3 5 21 16 20 47780.10000 40.45700000 2634.67000 234.62000 35.79200 211.09200
 3 5 21 16 20 47780.00000 40.45700000 2634.54000 235.07000 35.79200 211.18400
 3 5 21 16 21 47780.00000 40.45700000 2634.56000 234.95000 35.79200 211.18400
 3 5 21 16 21 47794.10000 40.45700000 2634.56000 234.95000 35.79200 211.18400
 3 5 21 16 21 47794.00000 40.45700000 2634.56000 234.95000 35.79200 210.78600
 3 5 21 16 22 47794.00000 40.45700000 2634.56000 235.58000 35.66000 210.78600
 3 5 21 16 22 47721.50000 40.58100000 2634.00000 235.46000 35.66000 210.47200
 3 5 21 16 23 47696.30000 40.49500000 2631.98000 235.27000 35.66000 210.47200
 3 5 21 16 23 47707.40000 40.48500000 2631.98000 235.61000 35.66000 210.05100
 3 5 21 16 24 47726.50000 40.56600000 2632.77000 235.75000 35.66000 210.02400
 3 5 21 16 24 47735.30000 40.56600000 2634.70000 236.00000 35.66000 210.02400
 3 5 21 16 24 47720.50000 40.56600000 2634.59000 235.99000 35.66000 210.02400
 3 5 21 16 25 47740.20000 40.64300000 2636.30000 236.39000 35.66000 210.02400
 3 5 21 16 25 47756.60000 40.64300000 2637.77000 236.78000 35.66000 210.02400
 3 5 21 16 26 47759.70000 40.64300000 2637.78000 237.00000 35.66000 210.20700
 3 5 21 16 26 47778.00000 40.64300000 2639.94000 237.10000 35.66000 210.20700
 3 5 21 16 27 47781.00000 40.64300000 2638.39000 237.40000 35.66000 210.20700
 3 5 21 16 27 47780.90000 40.64300000 2638.54000 237.37000 35.66000 210.20700
 3 5 21 16 28 47755.70000 40.64300000 2638.84000 237.34000 35.66000 210.20700
 3 5 21 16 28 47759.70000 40.64300000 2639.57000 237.59000 35.66000 209.99900
 3 5 21 16 28 47762.40000 40.64100000 2640.00000 237.99000 35.66000 210.25700
 3 5 21 16 29 47780.30000 40.64100000 2642.84000 238.31000 35.66000 210.66700
 3 5 21 16 29 47774.10000 40.65000000 2642.73000 238.40000 35.66000 210.66700
 3 5 21 16 30 47781.50000 40.59000000 2644.09000 238.39000 35.66000 210.38900
 3 5 21 16 30 47750.00000 40.59000000 2638.57000 237.34000 35.66000 210.38900
 3 5 21 16 31 47762.70000 40.59000000 2639.94000 238.37000 35.66000 210.38900
 3 5 21 16 31 47729.10000 40.59000000 2640.31000 238.56000 35.66000 210.38900
 3 5 21 16 31 47740.00000 40.60500000 2642.10000 239.09000 35.66000 210.78000
 3 5 21 16 32 47740.00000 40.60500000 2642.42000 239.69000 35.66000 210.80900
 3 5 21 16 32 47740.00000 40.68600000 2643.50000 239.62000 35.66000 210.80900
 3 5 21 16 33 47794.10000 40.68600000 2643.49000 238.32000 35.66000 210.80900
 3 5 21 16 33 47807.50000 40.70600000 2644.97000 238.94000 35.66000 210.80900
 3 5 21 16 34 47826.10000 40.70600000 2645.76000 239.28000 35.66000 210.80900
 3 5 21 16 34 47849.90000 40.84000000 2648.20000 239.74000 35.66000 210.50100
 3 5 21 16 34 47889.50000 40.97800000 2649.00000 239.66000 35.66000 210.50100
 3 5 21 16 35 47898.30000 40.97800000 2650.00000 239.09000 35.94600 210.50100
 3 5 21 16 35 47898.40000 40.97800000 2649.99000 239.69000 35.94600 210.50100
 3 5 21 16 36 47870.90000 40.97800000 2650.00000 239.51000 35.94600 210.49700
 3 5 21 16 36 47871.00000 40.92800000 2650.00000 239.55000 35.94600 210.49700
