M=[
27 1 21 09 43 25841.50000 5.86000000 1054.09000 104.88000 16.84300 68.59300
27 1 21 09 44 25854.60000 5.86000000 1054.17000 105.00000 16.84300 68.59300
27 1 21 09 44 25834.20000 5.86000000 1053.59000 105.00000 16.84300 68.59300
27 1 21 09 45 25823.80000 5.86000000 1052.81000 105.02000 16.84300 68.59300
27 1 21 09 45 25815.50000 5.86000000 1050.91000 104.93000 16.84300 68.59300
27 1 21 09 46 25816.10000 5.86000000 1050.88000 104.93000 16.84300 68.59300
27 1 21 09 46 25806.20000 5.86000000 1050.00000 104.82000 16.84300 68.59300
27 1 21 09 46 25813.00000 5.86000000 1049.48000 104.82000 16.84300 68.59300
27 1 21 09 47 25822.90000 5.86000000 1049.11000 104.77000 16.84300 68.59300
27 1 21 09 47 25812.70000 5.86000000 1049.08000 104.75000 16.84300 68.59300
27 1 21 09 48 25825.00000 5.86000000 1050.05000 104.87000 16.84300 68.55000
27 1 21 09 48 25861.00000 5.86000000 1051.00000 104.87000 16.84300 68.55000
27 1 21 09 49 25824.30000 5.86000000 1050.27000 104.90000 16.84300 68.65000
27 1 21 09 49 25826.00000 5.86000000 1050.69000 104.89000 16.84300 68.65000
27 1 21 09 49 25801.00000 5.86000000 1049.37000 104.89000 16.84300 68.65000
27 1 21 09 50 25773.80000 5.86000000 1047.88000 104.79000 16.84300 68.65000
27 1 21 09 50 25763.30000 5.86000000 1044.34000 104.79000 16.84300 68.65000
27 1 21 09 51 25758.00000 5.86000000 1044.90000 104.79000 17.03100 68.65000
27 1 21 09 51 25744.80000 5.86000000 1044.64000 104.79000 17.03100 68.65000
27 1 21 09 52 25746.50000 5.86000000 1044.79000 104.61000 16.91900 68.65000
27 1 21 09 52 25763.00000 5.86000000 1045.82000 104.61000 16.91900 68.65000
27 1 21 09 52 25756.70000 5.86000000 1045.91000 104.70000 16.91900 68.65000
27 1 21 09 53 25790.00000 5.86000000 1048.15000 104.70000 16.91900 68.65000
27 1 21 09 53 25789.60000 5.86000000 1048.47000 104.81000 16.91900 68.65000
27 1 21 09 54 25764.90000 5.86000000 1047.24000 104.81000 16.91900 68.65000
27 1 21 09 54 25788.00000 5.86000000 1047.67000 104.79000 16.91900 68.65000
27 1 21 09 55 25783.60000 5.86000000 1048.84000 104.80000 16.91900 68.47500
27 1 21 09 55 25825.20000 5.86000000 1049.35000 104.89000 16.91900 68.47500
27 1 21 09 55 25814.10000 5.86000000 1049.69000 104.92000 16.91900 68.47500
27 1 21 09 56 25805.40000 5.86000000 1049.60000 104.88000 16.91900 68.47500
27 1 21 09 56 25795.20000 5.86000000 1048.97000 104.79000 16.91900 68.47500
27 1 21 09 57 25788.00000 5.86000000 1048.21000 104.67000 16.91900 68.47500
27 1 21 09 57 25793.70000 5.86000000 1048.21000 104.67000 16.91900 68.47500
27 1 21 09 58 25800.00000 5.86000000 1049.31000 104.76000 16.91900 68.47500
27 1 21 09 58 25816.00000 5.86000000 1051.44000 104.76000 16.91900 68.47500
27 1 21 09 58 25815.00000 5.87900000 1051.99000 105.03000 16.91900 68.47500
27 1 21 09 59 25815.00000 5.87900000 1052.28000 104.98000 16.91900 68.47500
27 1 21 09 59 25825.20000 5.87900000 1052.51000 105.00000 16.91900 68.47500
27 1 21 10 00 25793.40000 5.87900000 1050.31000 105.00000 16.91900 68.72900
27 1 21 10 00 25804.10000 5.87900000 1050.11000 105.00000 16.91900 68.72900
27 1 21 10 01 25783.70000 5.87900000 1048.85000 104.75000 16.91900 68.72900
27 1 21 10 01 25751.10000 5.87900000 1047.18000 104.75000 16.91900 68.72900
27 1 21 10 01 25750.10000 5.87900000 1047.55000 104.61000 16.91900 68.48400
27 1 21 10 02 25810.00000 5.87900000 1049.44000 104.67000 16.91900 68.48400
27 1 21 10 02 25865.80000 5.87900000 1053.03000 105.02000 16.91900 68.48400
27 1 21 10 03 25901.60000 5.86500000 1055.52000 105.17000 16.91900 68.63900
27 1 21 10 03 25915.80000 5.86500000 1056.60000 105.18000 16.91900 68.68200
27 1 21 10 04 25915.10000 5.86500000 1056.58000 105.27000 16.91900 68.68200
27 1 21 10 04 25901.50000 5.86500000 1054.23000 105.32000 16.91900 68.71900
27 1 21 10 04 25888.30000 5.86500000 1054.29000 105.32000 16.91900 68.71900
27 1 21 10 05 25884.30000 5.86500000 1053.95000 105.29000 16.91900 68.71900
27 1 21 10 05 25884.30000 5.86500000 1053.59000 105.29000 16.75900 68.71900
27 1 21 10 06 25875.10000 5.86500000 1054.00000 105.06000 16.75900 68.71900
27 1 21 10 06 25875.10000 5.86500000 1052.52000 105.04000 16.99500 68.71900
27 1 21 10 07 25872.90000 5.86500000 1053.19000 104.98000 16.99500 68.71900
27 1 21 10 07 25862.70000 5.86500000 1052.31000 104.85000 16.99500 68.71900
27 1 21 10 07 25858.90000 5.86500000 1051.19000 104.86000 16.99500 68.71900
27 1 21 10 08 25846.90000 5.86500000 1050.98000 104.81000 16.99500 68.54900
27 1 21 10 08 25853.10000 5.86500000 1050.31000 104.79000 16.99500 68.54900
27 1 21 10 09 25866.30000 5.86500000 1051.02000 104.73000 16.99500 68.54900
27 1 21 10 09 25834.30000 5.86500000 1050.00000 104.73000 16.99500 68.54900
27 1 21 10 10 25832.90000 5.86500000 1049.43000 104.79000 16.99500 68.54900
27 1 21 10 10 25829.90000 5.86500000 1049.86000 104.80000 16.99500 68.54900
27 1 21 10 10 25829.10000 5.86500000 1050.12000 104.72000 16.99500 68.54900
27 1 21 10 11 25832.60000 5.86500000 1050.84000 104.85000 16.99500 68.56900
27 1 21 10 11 25852.00000 5.86500000 1051.53000 104.85000 16.99500 68.56900
27 1 21 10 12 25854.30000 5.86500000 1052.45000 104.91000 16.99500 68.56900
27 1 21 10 12 25872.00000 5.85700000 1052.79000 105.05000 16.99500 68.56900
27 1 21 10 13 25860.00000 5.85700000 1052.30000 104.95000 16.99500 68.56900
27 1 21 10 13 25871.20000 5.85700000 1052.16000 105.01000 16.99500 68.56900
27 1 21 10 13 25865.00000 5.85700000 1052.18000 105.01000 16.99500 68.56900
27 1 21 10 14 25866.40000 5.85700000 1052.19000 104.98000 16.99500 68.56900
27 1 21 10 14 25863.80000 5.85700000 1052.35000 105.01000 16.99500 68.56900
27 1 21 10 15 25870.80000 5.85700000 1052.15000 105.01000 16.99500 68.56900
27 1 21 10 15 25854.40000 5.85700000 1051.46000 105.01000 16.99500 68.56900
27 1 21 10 16 25831.10000 5.85700000 1050.00000 105.02000 16.99500 68.56900
27 1 21 10 16 25828.70000 5.85700000 1049.31000 104.85000 16.99500 68.56900
27 1 21 10 16 25852.40000 5.85700000 1050.34000 105.02000 16.99500 68.56900
27 1 21 10 17 25917.40000 5.87800000 1052.17000 105.16000 16.99500 68.56900
27 1 21 10 17 25903.30000 5.87800000 1053.14000 105.26000 16.99500 68.78800
27 1 21 10 18 25885.40000 5.87800000 1053.26000 105.27000 16.99500 68.78800
27 1 21 10 18 25890.40000 5.87800000 1052.08000 105.16000 16.99500 68.78800
27 1 21 10 19 25850.30000 5.87800000 1051.07000 105.16000 16.99500 68.78800
27 1 21 10 19 25822.80000 5.87800000 1050.35000 104.92000 16.99500 68.78800
27 1 21 10 19 25844.50000 5.87800000 1050.00000 104.97000 16.99500 68.78800
27 1 21 10 20 25835.20000 5.87800000 1050.43000 104.97000 16.99500 68.76300
27 1 21 10 20 25851.10000 5.87800000 1050.60000 104.97000 16.99500 68.76300
27 1 21 10 21 25867.20000 5.87800000 1052.17000 105.06000 16.99500 68.76300
27 1 21 10 21 25920.20000 5.87800000 1052.88000 105.03000 16.99500 68.76300
27 1 21 10 22 25880.00000 5.87800000 1053.41000 105.03000 16.99500 68.76300
27 1 21 10 22 25880.00000 5.87800000 1054.43000 105.03000 16.99500 68.79500
27 1 21 10 22 25879.90000 5.87800000 1055.31000 105.03000 16.99500 68.79500
27 1 21 10 23 25880.00000 5.87800000 1055.05000 105.24000 16.99500 68.79500
27 1 21 10 23 25879.90000 5.87800000 1055.00000 105.26000 16.99500 68.79500
27 1 21 10 24 25880.00000 5.87800000 1054.22000 105.26000 16.99500 68.79500
27 1 21 10 24 25879.90000 5.87800000 1055.15000 105.26000 16.99500 68.79500
27 1 21 10 25 25879.90000 5.87800000 1054.01000 105.22000 16.99500 68.79500
27 1 21 10 25 25863.90000 5.87800000 1054.01000 105.22000 16.99500 68.65200
27 1 21 10 25 25880.00000 5.87800000 1054.27000 105.22000 16.99500 68.65200
27 1 21 10 26 25880.00000 5.87800000 1054.21000 105.19000 16.99500 68.65200
27 1 21 10 26 25880.00000 5.87800000 1054.21000 105.19000 16.99500 68.65200
27 1 21 10 27 25880.00000 5.87300000 1054.74000 105.22000 16.99500 68.65200
27 1 21 10 27 25914.90000 5.87300000 1055.99000 105.22000 16.99500 68.65200
27 1 21 10 28 25949.90000 5.87300000 1057.25000 105.22000 16.99500 68.65200
27 1 21 10 28 25958.20000 5.87300000 1057.99000 105.41000 16.99500 68.65200
