M=[
30 12 20 16 23 22857.50000 4.60300000 596.35000 102.42000 14.04500 51.90800
30 12 20 16 23 22857.50000 4.60300000 596.27000 102.41000 14.04500 51.90800
30 12 20 16 24 22821.10000 4.60300000 596.26000 102.36000 14.03700 51.90800
30 12 20 16 24 22822.50000 4.60300000 596.27000 102.41000 14.03700 51.90800
30 12 20 16 25 22822.20000 4.60300000 596.36000 102.37000 14.03700 51.90800
30 12 20 16 25 22835.60000 4.60300000 596.46000 102.44000 14.03700 51.90800
30 12 20 16 26 22845.90000 4.60300000 596.33000 102.44000 14.03700 51.90800
30 12 20 16 26 22850.80000 4.60300000 596.31000 102.43000 14.03700 51.90800
30 12 20 16 26 22850.90000 4.60300000 596.31000 102.31000 14.03700 51.90800
30 12 20 16 27 22880.00000 4.60300000 596.43000 102.36000 14.03700 52.00400
30 12 20 16 27 22886.90000 4.60300000 597.41000 102.35000 14.13000 52.00400
30 12 20 16 28 22883.40000 4.60300000 597.27000 102.35000 14.13000 52.49400
30 12 20 16 28 22888.90000 4.60300000 596.72000 102.35000 14.13000 52.49400
30 12 20 16 29 22888.90000 4.60300000 597.27000 102.35000 14.13000 52.49200
30 12 20 16 29 22888.90000 4.60300000 596.99000 102.34000 14.13000 52.49200
30 12 20 16 29 22894.20000 4.62200000 596.99000 102.34000 14.13000 52.49200
30 12 20 16 30 22911.30000 4.62200000 596.34000 102.34000 14.13000 52.49200
30 12 20 16 30 22903.70000 4.62200000 596.16000 102.34000 14.13000 52.49200
30 12 20 16 31 22902.90000 4.62200000 596.16000 102.30000 14.13000 52.49200
30 12 20 16 31 22908.90000 4.62200000 596.10000 102.30000 14.13000 52.49200
30 12 20 16 32 22929.40000 4.62200000 596.57000 102.30000 14.13000 52.49200
30 12 20 16 32 22939.80000 4.62200000 596.16000 102.35000 14.13000 52.49200
30 12 20 16 32 22938.90000 4.62200000 596.30000 102.35000 14.13000 52.49200
30 12 20 16 33 22941.10000 4.62200000 596.31000 102.35000 14.13000 52.49200
30 12 20 16 33 22916.90000 4.62200000 596.31000 102.35000 14.13000 52.51300
30 12 20 16 34 22928.30000 4.62200000 596.71000 102.35000 14.13000 52.50900
30 12 20 16 34 22945.00000 4.62200000 597.26000 102.49000 14.13000 52.50900
30 12 20 16 35 22945.00000 4.62200000 597.96000 102.49000 14.13000 52.50900
30 12 20 16 35 22954.80000 4.62200000 597.97000 102.79000 14.13000 52.60000
30 12 20 16 35 22948.90000 4.62200000 598.10000 102.79000 14.13000 52.60000
30 12 20 16 36 22954.90000 4.62200000 598.46000 102.84000 14.10000 52.83000
30 12 20 16 36 22954.90000 4.62200000 598.55000 102.93000 14.10000 52.90100
30 12 20 16 37 22950.70000 4.62200000 598.65000 102.89000 14.01000 53.01000
30 12 20 16 37 22932.20000 4.62200000 598.43000 102.92000 14.01000 53.01300
30 12 20 16 38 22952.40000 4.62200000 598.43000 102.87000 14.01000 53.01300
30 12 20 16 38 22952.40000 4.62200000 598.64000 102.87000 14.01000 53.01300
30 12 20 16 38 22955.00000 4.62200000 598.59000 102.87000 14.01000 53.01300
30 12 20 16 39 22946.20000 4.62200000 598.35000 103.00000 14.01000 53.01300
30 12 20 16 39 22934.30000 4.62200000 598.46000 102.97000 14.01000 53.01300
30 12 20 16 40 22945.40000 4.62200000 598.65000 102.97000 14.01000 53.01300
30 12 20 16 40 22948.30000 4.62200000 598.65000 103.05000 14.01000 53.01300
30 12 20 16 41 22939.90000 4.62200000 598.64000 103.07000 14.01000 53.01300
30 12 20 16 41 22948.60000 4.62200000 598.64000 103.08000 14.01000 53.01300
30 12 20 16 41 22948.40000 4.62200000 598.65000 103.08000 14.01000 53.01300
30 12 20 16 42 22948.30000 4.62200000 598.65000 103.22000 14.01000 53.01300
30 12 20 16 42 22942.80000 4.62200000 598.65000 103.22000 14.01000 53.01300
30 12 20 16 43 22930.10000 4.62200000 598.57000 103.12000 14.01000 53.01300
30 12 20 16 43 22941.10000 4.62200000 598.65000 103.12000 14.01000 53.01300
30 12 20 16 44 22945.60000 4.63900000 598.65000 103.14000 14.01000 53.01300
30 12 20 16 44 22938.10000 4.63900000 598.65000 103.11000 14.01000 53.01300
30 12 20 16 44 22942.40000 4.63900000 598.65000 103.11000 14.01000 53.01300
30 12 20 16 45 22951.60000 4.63900000 598.11000 103.10000 14.01000 53.01300
30 12 20 16 45 22942.50000 4.63900000 598.11000 103.10000 13.90000 53.01300
30 12 20 16 46 22937.20000 4.63900000 598.10000 103.07000 13.90000 53.01300
30 12 20 16 46 22918.80000 4.63900000 598.08000 102.96000 13.90000 52.73100
30 12 20 16 47 22923.80000 4.63900000 597.40000 102.94000 13.90000 52.73100
30 12 20 16 47 22903.60000 4.63900000 597.21000 102.69000 13.90000 52.73100
30 12 20 16 47 22925.40000 4.63900000 597.09000 102.62000 13.90000 52.73100
30 12 20 16 48 22927.40000 4.63900000 597.32000 102.66000 13.90000 52.73100
30 12 20 16 48 22923.60000 4.63900000 597.32000 102.58000 13.90000 52.73100
30 12 20 16 49 22923.80000 4.63900000 597.32000 102.57000 13.90000 52.73100
30 12 20 16 49 22919.40000 4.63900000 596.80000 102.49000 13.90000 52.73100
30 12 20 16 50 22940.10000 4.63900000 597.25000 102.49000 13.90000 52.73100
30 12 20 16 50 22945.10000 4.63900000 597.85000 102.63000 13.90000 52.73100
30 12 20 16 50 22919.40000 4.63900000 597.16000 102.59000 14.00900 52.73100
30 12 20 16 51 22925.80000 4.63900000 597.15000 102.62000 14.00900 52.73100
30 12 20 16 51 22934.30000 4.63900000 597.55000 102.54000 14.00900 52.73100
30 12 20 16 52 22928.20000 4.63900000 597.55000 102.46000 14.00900 52.73100
30 12 20 16 52 22932.60000 4.63900000 597.49000 102.46000 14.00900 52.73100
30 12 20 16 53 22932.70000 4.63900000 597.48000 102.46000 14.00900 52.73100
30 12 20 16 53 22935.40000 4.63900000 597.48000 102.54000 14.00900 52.73100
30 12 20 16 53 22936.60000 4.63900000 597.53000 102.51000 14.00900 52.73100
30 12 20 16 54 22937.80000 4.63900000 597.36000 102.47000 14.00900 52.73100
30 12 20 16 54 22937.20000 4.63900000 597.32000 102.42000 14.00900 52.73100
30 12 20 16 55 22936.60000 4.63900000 597.11000 102.42000 13.91200 52.73100
30 12 20 16 55 22939.90000 4.63900000 597.47000 102.39000 13.91200 52.73100
30 12 20 16 56 22932.60000 4.63900000 597.57000 102.38000 13.91200 52.73100
30 12 20 16 56 22936.20000 4.63900000 597.65000 102.37000 13.91200 52.73100
30 12 20 16 56 22936.10000 4.63900000 597.52000 102.37000 13.91200 52.73100
30 12 20 16 57 22936.10000 4.63900000 597.49000 102.37000 13.91200 52.73100
30 12 20 16 57 22942.00000 4.63900000 598.07000 102.50000 13.91200 52.73100
30 12 20 16 58 22936.10000 4.63900000 597.69000 102.50000 13.91200 52.58000
30 12 20 16 58 22940.20000 4.63900000 597.87000 102.36000 13.91200 52.58000
30 12 20 16 59 22941.90000 4.63900000 598.21000 102.36000 13.91200 52.58000
30 12 20 16 59 22941.90000 4.63400000 598.04000 102.36000 13.91200 52.58000
30 12 20 16 59 22941.80000 4.63400000 598.04000 102.36000 13.91200 52.58000
30 12 20 17 00 22942.00000 4.63400000 598.36000 102.36000 13.91200 52.58000
30 12 20 17 00 22942.00000 4.63500000 598.18000 102.33000 13.91200 52.58000
30 12 20 17 01 22942.00000 4.63500000 598.10000 102.29000 13.91200 52.58000
30 12 20 17 01 22955.00000 4.63500000 598.10000 102.30000 13.91200 52.58000
30 12 20 17 02 22956.70000 4.63500000 598.43000 102.30000 13.91200 52.58000
30 12 20 17 02 22956.70000 4.63500000 598.65000 102.47000 13.91200 52.58000
30 12 20 17 02 22982.10000 4.63500000 598.65000 102.50000 13.91200 52.58000
30 12 20 17 03 22984.80000 4.63500000 598.95000 102.65000 13.91200 52.58000
30 12 20 17 03 22995.80000 4.63500000 599.28000 102.85000 13.91200 52.58000
30 12 20 17 04 23000.00000 4.63500000 599.28000 102.85000 13.91200 52.58000
30 12 20 17 04 22999.90000 4.63500000 599.27000 102.88000 13.91200 52.58000
30 12 20 17 05 23004.00000 4.63500000 599.28000 102.90000 13.91200 52.58000
30 12 20 17 05 23004.00000 4.63500000 599.27000 102.90000 13.91200 52.58000
30 12 20 17 05 23016.40000 4.63500000 599.22000 102.90000 13.91200 52.58000
30 12 20 17 06 22949.90000 4.63500000 599.12000 102.77000 13.91200 52.58000
30 12 20 17 06 22950.00000 4.61900000 598.38000 102.79000 13.91200 52.58000
30 12 20 17 07 22960.00000 4.61900000 598.62000 102.76000 13.91200 52.58000
30 12 20 17 07 22961.00000 4.61900000 598.18000 102.67000 13.91200 52.58000
30 12 20 17 08 22957.20000 4.61900000 598.09000 102.69000 13.91200 52.58000
