M=[
27 10 20 18 23 11488.10000 4.76300000 342.64000 49.00000 11.22000 51.06100
27 10 20 18 23 11499.70000 4.76300000 342.54000 49.00000 11.22000 51.06100
27 10 20 18 24 11499.40000 4.78900000 343.19000 49.00000 11.22000 51.06100
27 10 20 18 24 11507.90000 4.77100000 343.82000 49.00000 11.22000 51.06100
27 10 20 18 25 11514.90000 4.77100000 343.93000 49.12000 11.22000 51.06100
27 10 20 18 25 11507.20000 4.77100000 343.23000 49.12000 11.22000 51.06100
27 10 20 18 25 11505.10000 4.77100000 343.45000 49.12000 11.22000 51.06100
27 10 20 18 26 11505.90000 4.77100000 343.34000 49.03000 11.22000 51.06100
27 10 20 18 26 11502.20000 4.77000000 343.34000 49.03000 11.22000 51.06100
27 10 20 18 27 11507.70000 4.77000000 343.22000 49.05000 11.22000 51.06100
27 10 20 18 27 11498.40000 4.77000000 342.88000 48.95000 11.22000 51.06100
27 10 20 18 28 11497.30000 4.77000000 342.81000 48.95000 11.22000 51.06100
27 10 20 18 28 11488.40000 4.77000000 342.38000 48.95000 11.22000 51.06100
27 10 20 18 28 11476.20000 4.77000000 342.32000 48.94000 11.22000 51.06100
27 10 20 18 29 11466.20000 4.77000000 342.09000 48.94000 11.22000 51.31000
27 10 20 18 29 11481.50000 4.77000000 342.09000 48.94000 11.22000 51.31000
27 10 20 18 30 11484.30000 4.76200000 342.08000 48.94000 11.22000 51.31000
27 10 20 18 30 11500.00000 4.76200000 342.53000 49.05000 11.22000 51.31000
27 10 20 18 31 11500.00000 4.76200000 343.00000 49.05000 11.22000 51.31000
27 10 20 18 31 11500.00000 4.76200000 343.01000 49.06000 11.22000 51.31000
27 10 20 18 31 11500.50000 4.76200000 343.01000 49.06000 11.22000 51.31000
27 10 20 18 32 11514.60000 4.76200000 343.18000 49.10000 11.22000 51.31000
27 10 20 18 32 11513.40000 4.76200000 343.17000 49.07000 11.22000 51.31000
27 10 20 18 33 11513.40000 4.76200000 343.17000 49.05000 11.22000 51.31000
27 10 20 18 33 11515.40000 4.76200000 342.95000 49.08000 11.20100 51.31000
27 10 20 18 33 11505.40000 4.76200000 343.29000 49.12000 11.20100 51.31000
27 10 20 18 34 11503.00000 4.76200000 343.29000 49.12000 11.20100 51.31000
27 10 20 18 34 11512.00000 4.76200000 343.29000 49.12000 11.20100 51.31000
27 10 20 18 35 11508.60000 4.76200000 343.23000 49.12000 11.20100 51.31000
27 10 20 18 35 11507.40000 4.76200000 343.23000 49.09000 11.20100 51.31000
27 10 20 18 36 11503.60000 4.76200000 342.57000 49.09000 11.20100 51.31000
27 10 20 18 36 11503.00000 4.76200000 342.50000 49.09000 11.20100 51.31000
27 10 20 18 36 11506.50000 4.76200000 342.79000 49.09000 11.20100 51.31000
27 10 20 18 37 11506.50000 4.76200000 342.64000 49.09000 11.20100 51.31000
27 10 20 18 37 11513.10000 4.76200000 342.99000 49.09000 11.20100 51.31000
27 10 20 18 38 11533.70000 4.76200000 343.27000 49.09000 11.20100 51.31000
27 10 20 18 38 11544.40000 4.76200000 343.47000 49.08000 11.20100 51.31000
27 10 20 18 39 11543.80000 4.76200000 343.24000 49.07000 11.20100 51.31000
27 10 20 18 39 11543.30000 4.76200000 343.24000 49.07000 11.20100 51.31000
27 10 20 18 39 11536.70000 4.76200000 342.97000 49.07000 11.20100 51.31000
27 10 20 18 40 11534.90000 4.76200000 343.00000 49.07000 11.20100 51.31000
27 10 20 18 40 11538.00000 4.76200000 343.01000 49.07000 11.20100 51.31000
27 10 20 18 41 11530.00000 4.76200000 343.08000 49.04000 11.20100 51.31000
27 10 20 18 41 11532.60000 4.76100000 343.33000 49.04000 11.20100 51.31000
27 10 20 18 42 11533.80000 4.76100000 343.33000 49.05000 11.20100 51.31000
27 10 20 18 42 11538.10000 4.76100000 343.65000 49.05000 11.20100 51.31000
27 10 20 18 42 11537.80000 4.76100000 343.40000 49.05000 11.20100 51.31000
27 10 20 18 43 11545.80000 4.76100000 343.69000 49.02000 11.20100 51.56500
27 10 20 18 43 11541.50000 4.76100000 343.48000 49.02000 11.20100 51.56500
27 10 20 18 44 11535.70000 4.76100000 343.56000 49.02000 11.20100 51.56500
27 10 20 18 44 11538.40000 4.76100000 343.49000 49.02000 11.20100 51.56500
27 10 20 18 45 11533.90000 4.76100000 343.56000 49.02000 11.20100 51.56500
27 10 20 18 45 11529.00000 4.76100000 343.48000 49.02000 11.20100 51.56500
27 10 20 18 45 11522.40000 4.76000000 343.48000 49.02000 11.20100 51.56500
27 10 20 18 46 11519.20000 4.76000000 343.48000 49.02000 11.20100 51.56500
27 10 20 18 46 11520.10000 4.76000000 343.00000 49.02000 11.20100 51.56500
27 10 20 18 47 11520.70000 4.76000000 343.20000 49.02000 11.20100 51.56500
27 10 20 18 47 11522.20000 4.76000000 343.20000 48.97000 11.20100 51.56500
27 10 20 18 48 11530.00000 4.76000000 343.20000 48.97000 11.20100 51.56500
27 10 20 18 48 11534.10000 4.76000000 343.50000 48.97000 11.20100 51.56500
27 10 20 18 48 11529.10000 4.76000000 343.35000 48.97000 11.20100 51.56500
27 10 20 18 49 11542.70000 4.76000000 343.50000 48.97000 11.20100 51.56500
27 10 20 18 49 11543.50000 4.76000000 343.78000 48.97000 11.20100 51.56500
27 10 20 18 50 11545.90000 4.76000000 343.81000 48.97000 11.20100 51.56500
27 10 20 18 50 11544.30000 4.76000000 343.78000 48.97000 11.20100 51.56500
27 10 20 18 51 11544.30000 4.76000000 343.74000 48.97000 11.20100 51.56500
27 10 20 18 51 11544.40000 4.76000000 343.74000 48.97000 11.20100 51.56500
27 10 20 18 51 11532.10000 4.76000000 343.50000 48.96000 11.20100 51.56500
27 10 20 18 52 11535.20000 4.76000000 343.65000 49.00000 11.20100 51.56500
27 10 20 18 52 11531.90000 4.76000000 343.60000 49.00000 11.20100 51.56500
27 10 20 18 53 11531.20000 4.76000000 343.38000 48.99000 11.20100 51.56500
27 10 20 18 53 11531.30000 4.76000000 343.41000 48.98000 11.20100 51.56500
27 10 20 18 54 11531.30000 4.76000000 343.43000 48.98000 11.20100 51.56500
27 10 20 18 54 11535.00000 4.76000000 343.79000 48.98000 11.20100 51.56500
27 10 20 18 54 11537.40000 4.76000000 343.86000 48.98000 11.20100 51.56500
27 10 20 18 55 11538.30000 4.76000000 343.56000 48.99000 11.20100 51.52800
27 10 20 18 55 11536.10000 4.76000000 343.65000 49.01000 11.20100 51.52800
27 10 20 18 56 11535.10000 4.76000000 343.53000 49.00000 11.20100 51.52800
27 10 20 18 56 11536.30000 4.76000000 343.53000 49.00000 11.20100 51.52800
27 10 20 18 57 11549.90000 4.76000000 343.85000 49.02000 11.24000 51.52800
27 10 20 18 57 11550.00000 4.76000000 344.00000 49.00000 11.24000 51.52800
27 10 20 18 57 11553.40000 4.76000000 344.00000 49.00000 11.24000 51.52800
27 10 20 18 58 11566.10000 4.76000000 344.00000 49.08000 11.24000 51.52800
27 10 20 18 58 11566.00000 4.76000000 344.00000 49.08000 11.24000 51.52800
27 10 20 18 59 11557.50000 4.76000000 344.00000 49.08000 11.24000 51.52800
27 10 20 18 59 11558.90000 4.76000000 344.00000 49.08000 11.24000 51.52800
27 10 20 19 00 11561.10000 4.76000000 343.99000 49.08000 11.24000 51.52800
27 10 20 19 00 11564.80000 4.76000000 343.99000 49.08000 11.24000 51.52800
27 10 20 19 00 11564.20000 4.76000000 343.99000 49.08000 11.24000 51.52800
27 10 20 19 01 11564.90000 4.76000000 343.93000 49.17000 11.24000 51.52800
27 10 20 19 01 11564.90000 4.76000000 343.93000 49.17000 11.24000 51.52800
27 10 20 19 02 11565.10000 4.76000000 343.93000 49.17000 11.24000 51.52800
27 10 20 19 02 11564.90000 4.76000000 343.93000 49.12000 11.24000 51.52800
27 10 20 19 03 11564.90000 4.76000000 343.93000 49.12000 11.24000 51.52800
27 10 20 19 03 11554.90000 4.76000000 343.74000 49.12000 11.24000 51.52800
27 10 20 19 03 11553.30000 4.76000000 343.75000 49.12000 11.24000 51.52800
27 10 20 19 04 11553.30000 4.76000000 343.74000 49.05000 11.24000 51.52800
27 10 20 19 04 11538.00000 4.76000000 343.24000 49.05000 11.24000 51.52800
27 10 20 19 05 11539.50000 4.76000000 343.49000 49.04000 11.24000 51.52800
27 10 20 19 05 11547.30000 4.76000000 343.62000 49.04000 11.24000 51.52800
27 10 20 19 06 11544.60000 4.76000000 343.62000 49.04000 11.24000 51.52800
27 10 20 19 06 11544.60000 4.76000000 343.63000 49.06000 11.24000 51.52800
27 10 20 19 06 11544.70000 4.76000000 343.63000 49.04000 11.24000 51.52800
27 10 20 19 07 11544.70000 4.76000000 343.62000 49.04000 11.24000 51.52800
27 10 20 19 07 11541.90000 4.76000000 343.62000 49.04000 11.24000 51.52800
27 10 20 19 08 11544.90000 4.76000000 343.79000 49.04000 11.24000 51.52800
