M=[
16 2 21 10 47 40379.20000 12.49300000 1480.21000 176.84000 34.85400 135.72700
16 2 21 10 47 40341.90000 12.49300000 1477.33000 176.84000 34.85400 135.72700
16 2 21 10 48 40352.20000 12.49300000 1478.06000 176.81000 34.85400 135.72700
16 2 21 10 48 40354.90000 12.49300000 1478.60000 176.88000 34.85400 135.96100
16 2 21 10 49 40349.90000 12.49300000 1478.64000 176.92000 34.85400 135.96100
16 2 21 10 49 40353.00000 12.49300000 1478.37000 176.70000 34.85400 135.96100
16 2 21 10 50 40373.70000 12.49300000 1479.22000 177.03000 34.85300 135.96100
16 2 21 10 50 40401.20000 12.49300000 1480.84000 177.13000 34.85300 135.96100
16 2 21 10 50 40400.30000 12.49300000 1480.55000 177.27000 34.85300 135.96100
16 2 21 10 51 40384.40000 12.47700000 1479.22000 177.40000 34.85300 135.96100
16 2 21 10 51 40387.70000 12.47700000 1479.06000 177.18000 34.85300 135.96100
16 2 21 10 52 40395.40000 12.47700000 1478.94000 177.15000 34.85300 135.96100
16 2 21 10 52 40411.00000 12.47700000 1480.00000 177.15000 34.33700 135.96100
16 2 21 10 53 40396.50000 12.47700000 1479.99000 177.26000 34.33700 135.96100
16 2 21 10 53 40400.00000 12.47700000 1480.71000 177.37000 34.41300 135.96100
16 2 21 10 53 40399.90000 12.47700000 1481.40000 177.35000 34.41300 135.96100
16 2 21 10 54 40400.00000 12.47700000 1481.76000 177.35000 34.41300 135.96100
16 2 21 10 54 40400.00000 12.47700000 1480.67000 177.23000 34.41300 135.90400
16 2 21 10 55 40399.80000 12.47700000 1479.87000 177.06000 34.68500 135.90400
16 2 21 10 55 40384.50000 12.47700000 1479.33000 176.59000 34.68900 135.90400
16 2 21 10 56 40378.20000 12.47700000 1477.67000 176.42000 34.68900 135.90400
16 2 21 10 56 40391.20000 12.47700000 1480.29000 176.42000 34.68900 135.90400
16 2 21 10 56 40395.00000 12.45200000 1479.79000 176.91000 34.68900 135.90400
16 2 21 10 57 40400.00000 12.45200000 1479.73000 177.17000 34.69700 135.90400
16 2 21 10 57 40411.00000 12.45200000 1479.12000 177.17000 34.69700 135.90400
16 2 21 10 58 40411.10000 12.45200000 1478.92000 176.67000 34.69700 135.90400
16 2 21 10 58 40411.00000 12.45200000 1478.57000 176.67000 34.69700 135.90400
16 2 21 10 59 40414.70000 12.45200000 1479.49000 176.67000 34.45400 135.90400
16 2 21 10 59 40410.90000 12.45200000 1479.15000 176.69000 34.45400 135.90400
16 2 21 10 59 40388.60000 12.45200000 1479.28000 176.69000 34.45400 135.90400
16 2 21 11 00 40389.10000 12.45200000 1478.00000 176.67000 34.69600 135.92700
16 2 21 11 00 40367.10000 12.45200000 1476.72000 176.37000 34.69600 135.76500
16 2 21 11 01 40373.80000 12.45200000 1478.01000 176.32000 34.70800 135.76500
16 2 21 11 01 40394.10000 12.50500000 1478.59000 176.32000 34.70800 135.76500
16 2 21 11 02 40375.40000 12.50500000 1477.72000 176.53000 34.70800 135.76500
16 2 21 11 02 40350.40000 12.50500000 1476.02000 176.33000 34.70800 135.30300
16 2 21 11 02 40305.50000 12.50500000 1475.13000 176.13000 34.84900 135.30300
16 2 21 11 03 40305.40000 12.36300000 1474.61000 175.69000 34.84900 135.30300
16 2 21 11 03 40305.40000 12.36300000 1474.69000 176.01000 34.84900 134.78200
16 2 21 11 04 40320.90000 12.36300000 1475.79000 176.09000 34.84900 134.84200
16 2 21 11 04 40333.20000 12.36300000 1476.48000 176.34000 34.84900 134.84200
16 2 21 11 05 40283.20000 12.36300000 1475.06000 175.97000 34.84900 134.84200
16 2 21 11 05 40276.10000 12.36300000 1474.36000 175.82000 34.84900 134.74200
16 2 21 11 05 40251.10000 12.36300000 1473.73000 175.82000 34.84900 134.54500
16 2 21 11 06 40269.70000 12.36300000 1474.56000 175.80000 34.84900 134.58600
16 2 21 11 06 40281.20000 12.36300000 1474.07000 175.81000 34.84900 134.47400
16 2 21 11 07 40286.00000 12.42000000 1474.87000 175.77000 34.84900 134.57400
16 2 21 11 07 40262.90000 12.42000000 1473.44000 175.77000 34.84900 134.47800
16 2 21 11 08 40243.10000 12.42000000 1471.11000 175.57000 34.83200 134.22800
16 2 21 11 08 40250.10000 12.42000000 1471.64000 175.59000 34.84900 134.52600
16 2 21 11 08 40285.80000 12.35100000 1471.59000 175.59000 34.84900 134.52600
16 2 21 11 09 40290.10000 12.35100000 1471.64000 175.62000 34.82900 134.00500
16 2 21 11 09 40309.90000 12.32700000 1472.04000 176.09000 34.85100 134.00500
16 2 21 11 10 40280.80000 12.32700000 1471.94000 175.69000 34.85200 133.71100
16 2 21 11 10 40243.10000 12.32700000 1468.18000 175.25000 34.85200 133.97600
16 2 21 11 11 40230.10000 12.32700000 1468.00000 175.00000 34.85200 133.64300
16 2 21 11 11 40226.10000 12.32700000 1468.12000 175.28000 34.85200 133.10000
16 2 21 11 11 40179.50000 12.34500000 1467.00000 175.29000 34.85200 132.99000
16 2 21 11 12 40219.80000 12.34500000 1469.49000 175.30000 34.85200 133.37900
16 2 21 11 12 40243.80000 12.34500000 1471.41000 175.30000 34.85200 133.60800
16 2 21 11 13 40254.90000 12.36800000 1471.68000 175.80000 34.85200 133.60800
16 2 21 11 13 40309.90000 12.40200000 1474.21000 175.74000 34.85200 133.60800
16 2 21 11 14 40295.70000 12.40200000 1472.59000 175.83000 34.85200 133.60800
16 2 21 11 14 40285.40000 12.40200000 1470.34000 175.45000 34.85300 133.60800
16 2 21 11 14 40285.30000 12.40200000 1471.37000 175.45000 34.85300 133.60800
16 2 21 11 15 40285.30000 12.40200000 1470.99000 175.44000 34.85300 133.60800
16 2 21 11 15 40240.60000 12.30200000 1468.44000 175.13000 34.85300 133.60800
16 2 21 11 16 40271.60000 12.30900000 1470.77000 175.27000 34.85300 133.60800
16 2 21 11 16 40263.60000 12.30900000 1471.01000 175.17000 34.85300 133.60800
16 2 21 11 17 40276.40000 12.30900000 1472.37000 175.55000 34.85300 133.60800
16 2 21 11 17 40325.70000 12.30900000 1473.08000 175.83000 34.85300 133.60800
16 2 21 11 17 40309.90000 12.30900000 1473.26000 175.54000 34.85300 133.60800
16 2 21 11 18 40323.80000 12.30900000 1472.40000 175.71000 34.85300 133.76200
16 2 21 11 18 40330.00000 12.30900000 1472.83000 175.76000 34.85300 133.76200
16 2 21 11 19 40321.60000 12.30900000 1472.89000 175.88000 34.85300 133.76200
16 2 21 11 19 40335.90000 12.30900000 1473.40000 175.88000 34.85300 133.76200
16 2 21 11 20 40328.80000 12.30900000 1473.00000 175.68000 34.85300 133.76200
16 2 21 11 20 40313.70000 12.34500000 1472.15000 175.48000 34.85300 133.47600
16 2 21 11 20 40316.10000 12.34500000 1471.58000 175.54000 34.85300 133.36600
16 2 21 11 21 40293.90000 12.34500000 1471.34000 175.29000 34.85300 133.27800
16 2 21 11 21 40300.90000 12.34500000 1470.58000 175.41000 34.85300 133.19800
16 2 21 11 22 40316.10000 12.25100000 1473.61000 175.57000 34.85200 133.19800
16 2 21 11 22 40335.90000 12.25100000 1472.89000 175.51000 34.85200 133.50000
16 2 21 11 23 40322.30000 12.25100000 1472.92000 175.69000 34.85200 133.50000
16 2 21 11 23 40316.90000 12.25100000 1472.24000 175.69000 34.85200 133.50000
16 2 21 11 23 40323.10000 12.30700000 1471.79000 175.48000 34.85200 133.37300
16 2 21 11 24 40309.20000 12.30700000 1471.41000 175.48000 34.85200 133.37300
16 2 21 11 24 40299.40000 12.30700000 1471.44000 175.44000 34.85200 132.86200
16 2 21 11 25 40311.00000 12.30700000 1471.40000 175.43000 34.85200 132.86200
16 2 21 11 25 40323.20000 12.30100000 1471.62000 175.49000 34.85200 132.73500
16 2 21 11 26 40310.30000 12.30100000 1470.26000 175.48000 34.85200 132.73500
16 2 21 11 26 40318.10000 12.26600000 1471.42000 175.34000 34.85200 132.73500
16 2 21 11 26 40300.60000 12.26600000 1470.40000 175.28000 34.85200 132.73500
16 2 21 11 27 40319.50000 12.26600000 1471.44000 175.34000 34.85200 132.73500
16 2 21 11 27 40334.40000 12.26600000 1471.53000 175.40000 34.85200 132.73500
16 2 21 11 28 40330.40000 12.26600000 1471.65000 175.47000 34.85200 132.88700
16 2 21 11 28 40311.70000 12.26600000 1471.65000 175.34000 34.84400 132.88700
16 2 21 11 29 40318.80000 12.26600000 1471.85000 175.29000 34.84400 132.88700
16 2 21 11 29 40335.60000 12.26600000 1471.73000 175.23000 34.63800 132.88700
16 2 21 11 29 40338.50000 12.26600000 1472.36000 175.44000 34.63800 132.88700
16 2 21 11 30 40341.90000 12.26600000 1472.37000 175.40000 34.63800 132.46000
16 2 21 11 30 40349.80000 12.28900000 1472.12000 175.32000 34.63800 132.46000
