M=[
 9 2 21 07 16 39774.30000 7.48400000 1460.00000 142.51000 21.20000 85.25600
 9 2 21 07 17 39733.00000 7.48400000 1460.56000 142.62000 21.20000 85.25600
 9 2 21 07 17 39697.60000 7.50800000 1459.39000 142.43000 21.20000 85.25600
 9 2 21 07 18 39703.20000 7.49100000 1458.81000 142.42000 21.00100 85.25600
 9 2 21 07 18 39714.00000 7.49100000 1458.81000 142.37000 20.76500 85.51400
 9 2 21 07 19 39661.00000 7.49100000 1457.02000 142.26000 21.00000 85.59900
 9 2 21 07 19 39652.10000 7.51600000 1457.50000 142.34000 20.76500 85.64900
 9 2 21 07 19 39628.60000 7.51600000 1456.61000 142.34000 20.76500 85.64900
 9 2 21 07 20 39578.80000 7.51600000 1455.23000 142.04000 21.15800 85.69500
 9 2 21 07 20 39591.00000 7.51600000 1454.82000 142.10000 21.15800 85.69500
 9 2 21 07 21 39650.00000 7.51600000 1457.50000 142.08000 20.79100 85.69500
 9 2 21 07 21 39649.80000 7.51600000 1456.76000 142.20000 20.79100 85.69500
 9 2 21 07 22 39650.10000 7.51600000 1455.85000 142.20000 20.79100 85.69500
 9 2 21 07 22 39615.40000 7.51600000 1454.61000 142.19000 20.79100 86.11500
 9 2 21 07 22 39640.30000 7.53700000 1454.99000 142.19000 20.79100 86.11500
 9 2 21 07 23 39600.00000 7.53700000 1454.31000 142.19000 20.79100 86.16900
 9 2 21 07 23 39575.10000 7.53700000 1453.52000 142.04000 20.79100 86.16900
 9 2 21 07 24 39589.40000 7.47200000 1454.35000 142.14000 20.79100 86.37800
 9 2 21 07 24 39597.30000 7.53300000 1454.29000 142.10000 20.79100 86.37800
 9 2 21 07 25 39575.10000 7.53300000 1453.00000 142.00000 20.79100 86.56200
 9 2 21 07 25 39597.20000 7.53300000 1453.36000 142.00000 20.79100 86.47200
 9 2 21 07 25 39605.70000 7.53300000 1454.77000 142.14000 20.79100 86.47200
 9 2 21 07 26 39602.00000 7.53300000 1453.51000 142.13000 20.79100 86.43200
 9 2 21 07 26 39595.00000 7.50300000 1453.36000 141.93000 20.79100 86.43200
 9 2 21 07 27 39580.10000 7.50300000 1453.96000 142.03000 20.79100 86.43200
 9 2 21 07 27 39649.40000 7.50300000 1454.99000 142.01000 20.79100 86.43200
 9 2 21 07 28 39623.80000 7.50300000 1454.99000 142.26000 20.70400 86.43200
 9 2 21 07 28 39618.50000 7.52000000 1453.99000 142.17000 20.63000 86.32400
 9 2 21 07 28 39600.10000 7.52000000 1454.02000 142.02000 20.66000 86.32400
 9 2 21 07 29 39600.00000 7.52000000 1453.35000 142.05000 21.00800 86.51800
 9 2 21 07 29 39567.70000 7.52000000 1452.83000 142.03000 21.00800 86.47300
 9 2 21 07 30 39518.90000 7.55300000 1452.13000 141.76000 21.00800 86.35900
 9 2 21 07 30 39464.80000 7.55300000 1451.40000 141.60000 20.62900 86.35900
 9 2 21 07 31 39576.00000 7.55300000 1452.01000 141.80000 20.62900 86.49100
 9 2 21 07 31 39645.90000 7.55300000 1452.27000 142.12000 20.62900 86.49100
 9 2 21 07 31 39642.60000 7.55300000 1454.05000 142.25000 20.62900 86.49100
 9 2 21 07 32 39663.60000 7.52400000 1455.00000 141.80000 20.62900 86.72900
 9 2 21 07 32 39658.40000 7.52400000 1454.06000 141.84000 20.62900 86.72900
 9 2 21 07 33 39630.00000 7.52400000 1453.73000 141.88000 20.62900 86.72900
 9 2 21 07 33 39600.10000 7.52400000 1451.84000 141.75000 20.62900 86.72900
 9 2 21 07 34 39532.90000 7.52400000 1451.86000 141.60000 20.62900 86.85900
 9 2 21 07 34 39500.40000 7.52400000 1447.56000 141.31000 20.62900 86.85900
 9 2 21 07 34 39412.40000 7.51000000 1446.52000 141.33000 20.62900 86.85900
 9 2 21 07 35 39468.00000 7.51000000 1447.56000 141.42000 20.62900 86.85900
 9 2 21 07 35 39438.90000 7.51000000 1447.82000 141.62000 20.62900 86.86500
 9 2 21 07 36 39460.00000 7.52200000 1448.40000 141.76000 20.62900 87.00000
 9 2 21 07 36 39470.70000 7.52200000 1449.72000 141.59000 20.62900 87.00000
 9 2 21 07 37 39504.90000 7.52200000 1449.98000 141.96000 20.62900 87.00000
 9 2 21 07 37 39473.90000 7.53200000 1450.39000 141.67000 20.62800 86.90700
 9 2 21 07 37 39490.70000 7.53200000 1451.36000 141.78000 20.62800 86.90700
 9 2 21 07 38 39480.00000 7.54400000 1451.02000 141.79000 20.62800 87.00000
 9 2 21 07 38 39454.20000 7.54400000 1450.01000 141.63000 20.45200 87.00000
 9 2 21 07 39 39400.00000 7.54400000 1450.12000 141.65000 20.35200 86.59200
 9 2 21 07 39 39423.00000 7.54400000 1451.44000 141.60000 20.35200 86.54900
 9 2 21 07 40 39439.60000 7.53600000 1452.38000 141.96000 20.35200 86.56500
 9 2 21 07 40 39450.00000 7.53600000 1452.19000 141.80000 20.35200 86.51700
 9 2 21 07 40 39483.00000 7.53600000 1451.88000 141.80000 20.35200 86.48600
 9 2 21 07 41 39517.10000 7.53600000 1453.20000 142.06000 20.35200 86.48600
 9 2 21 07 41 39483.70000 7.57500000 1452.74000 141.88000 20.35200 86.48600
 9 2 21 07 42 39470.90000 7.57500000 1452.72000 141.81000 20.35200 86.48600
 9 2 21 07 42 39500.00000 7.57500000 1452.73000 141.75000 20.35200 86.48600
 9 2 21 07 43 39530.70000 7.55000000 1453.35000 141.86000 20.35200 86.48600
 9 2 21 07 43 39504.70000 7.55000000 1452.65000 141.67000 20.35200 86.51400
 9 2 21 07 43 39500.10000 7.55000000 1452.45000 141.95000 20.35200 86.48800
 9 2 21 07 44 39500.00000 7.55000000 1452.56000 141.90000 20.35200 86.44400
 9 2 21 07 44 39470.80000 7.53800000 1451.02000 141.58000 20.35200 86.44400
 9 2 21 07 45 39463.00000 7.53800000 1451.44000 141.70000 20.35200 86.44400
 9 2 21 07 45 39476.10000 7.55400000 1452.02000 141.43000 20.35200 86.44400
 9 2 21 07 46 39490.80000 7.55400000 1454.29000 141.53000 20.35200 86.44400
 9 2 21 07 46 39491.70000 7.55400000 1453.79000 141.62000 20.42800 86.43000
 9 2 21 07 46 39503.10000 7.55400000 1452.07000 141.51000 20.42800 86.43000
 9 2 21 07 47 39470.00000 7.55400000 1451.88000 141.23000 20.42800 86.36800
 9 2 21 07 47 39465.90000 7.55400000 1452.12000 141.29000 20.57900 86.36800
 9 2 21 07 48 39465.40000 7.50700000 1452.39000 141.20000 20.57900 86.26200
 9 2 21 07 48 39466.00000 7.50700000 1452.29000 141.22000 20.57900 86.26200
 9 2 21 07 49 39485.80000 7.51000000 1452.37000 141.17000 20.57900 86.49800
 9 2 21 07 49 39412.20000 7.51000000 1451.60000 141.24000 20.57900 86.45000
 9 2 21 07 49 39361.20000 7.51000000 1450.01000 140.81000 20.57900 86.45000
 9 2 21 07 50 39408.80000 7.50100000 1449.64000 141.07000 20.57900 86.26300
 9 2 21 07 50 39483.90000 7.49500000 1452.67000 141.18000 20.57900 85.63000
 9 2 21 07 51 39536.00000 7.50200000 1453.41000 141.18000 20.58000 85.63000
 9 2 21 07 51 39541.00000 7.50200000 1453.95000 141.54000 20.35200 85.88900
 9 2 21 07 52 39604.40000 7.50200000 1454.99000 141.70000 20.35200 85.88900
 9 2 21 07 52 39575.40000 7.50200000 1455.01000 141.70000 20.35200 85.90800
 9 2 21 07 52 39584.10000 7.50200000 1455.00000 141.64000 20.35200 85.90800
 9 2 21 07 53 39567.10000 7.50200000 1455.02000 141.49000 20.35200 85.90800
 9 2 21 07 53 39580.60000 7.50200000 1455.03000 141.53000 20.35200 85.90800
 9 2 21 07 54 39600.40000 7.50200000 1455.72000 141.53000 20.35200 85.63900
 9 2 21 07 54 39580.80000 7.50200000 1455.07000 141.63000 20.35200 85.63900
 9 2 21 07 55 39542.20000 7.50200000 1454.91000 141.47000 20.35200 85.63900
 9 2 21 07 55 39523.90000 7.50200000 1453.91000 141.27000 20.35200 85.63900
 9 2 21 07 55 39500.10000 7.50200000 1453.00000 141.11000 20.35200 85.68800
 9 2 21 07 56 39500.10000 7.50200000 1452.60000 141.21000 20.35200 85.73900
 9 2 21 07 56 39486.20000 7.50200000 1452.23000 141.14000 20.40000 85.64600
 9 2 21 07 57 39484.40000 7.50200000 1452.01000 141.14000 20.40000 85.60400
 9 2 21 07 57 39534.10000 7.50200000 1452.86000 141.14000 20.57500 85.60400
 9 2 21 07 58 39534.20000 7.50200000 1452.78000 141.25000 20.57500 85.55100
 9 2 21 07 58 39500.10000 7.52200000 1452.67000 141.13000 20.57500 85.49400
 9 2 21 07 58 39489.70000 7.52200000 1452.88000 141.13000 20.57500 85.57700
 9 2 21 07 59 39441.30000 7.52200000 1452.07000 141.00000 20.57800 85.57700
 9 2 21 07 59 39449.90000 7.52200000 1452.89000 141.07000 20.57800 85.57700
 9 2 21 08 00 39449.90000 7.52200000 1455.29000 141.19000 20.57800 85.54900
 9 2 21 08 00 39491.90000 7.52200000 1456.88000 141.64000 20.57800 85.60400
 9 2 21 08 01 39505.00000 7.52200000 1457.95000 141.82000 20.57800 85.99900
 9 2 21 08 01 39483.00000 7.55400000 1459.40000 141.90000 20.57800 85.99900
