M=[
15 3 21 20 28 47642.70000 10.41900000 1506.46000 170.67000 25.05900 116.21000
15 3 21 20 28 47680.40000 10.41900000 1506.47000 170.68000 25.05900 116.21000
15 3 21 20 29 47691.90000 10.41900000 1506.46000 170.68000 25.05900 116.21000
15 3 21 20 29 47691.70000 10.41900000 1506.47000 170.67000 25.05900 116.21000
15 3 21 20 30 47693.30000 10.41900000 1509.77000 171.10000 25.05900 116.21000
15 3 21 20 30 47730.00000 10.41900000 1513.78000 171.10000 25.05900 116.34000
15 3 21 20 30 47730.00000 10.41900000 1512.37000 171.08000 25.05900 116.25100
15 3 21 20 31 47712.20000 10.41900000 1512.05000 171.01000 25.05900 116.25100
15 3 21 20 31 47716.00000 10.41900000 1513.46000 171.10000 25.05900 116.25100
15 3 21 20 32 47730.00000 10.41900000 1515.75000 171.37000 25.05900 116.57800
15 3 21 20 32 47730.00000 10.49400000 1514.98000 171.28000 25.05900 116.57800
15 3 21 20 33 47730.00000 10.49400000 1513.68000 171.36000 25.05900 116.57800
15 3 21 20 33 47715.10000 10.48900000 1512.75000 171.03000 25.05900 116.57800
15 3 21 20 33 47715.10000 10.48900000 1512.72000 171.13000 25.05900 116.57800
15 3 21 20 34 47702.50000 10.47700000 1512.23000 171.06000 25.05900 116.57800
15 3 21 20 34 47693.50000 10.47700000 1512.24000 171.09000 25.05900 116.24700
15 3 21 20 35 47693.90000 10.47700000 1512.46000 171.08000 25.05900 116.24700
15 3 21 20 35 47700.00000 10.47700000 1514.29000 171.08000 25.05900 116.24700
15 3 21 20 36 47700.00000 10.47700000 1513.35000 171.29000 25.05900 116.11300
15 3 21 20 36 47700.00000 10.47700000 1513.61000 171.31000 25.05900 116.11300
15 3 21 20 36 47734.00000 10.45400000 1514.37000 171.46000 25.05900 116.11300
15 3 21 20 37 47734.00000 10.44600000 1514.80000 171.36000 25.05900 116.11300
15 3 21 20 37 47734.00000 10.44600000 1513.94000 171.37000 25.04000 116.11300
15 3 21 20 38 47642.90000 10.44600000 1512.03000 171.29000 25.04000 116.11300
15 3 21 20 38 47658.80000 10.44600000 1511.10000 171.25000 25.04000 116.11300
15 3 21 20 39 47676.40000 10.44600000 1511.65000 171.59000 25.04000 116.11300
15 3 21 20 39 47661.30000 10.44600000 1511.87000 171.32000 25.04000 115.98900
15 3 21 20 39 47669.80000 10.44600000 1511.81000 171.32000 25.04000 115.98900
15 3 21 20 40 47641.80000 10.44600000 1511.51000 171.18000 25.04000 115.98900
15 3 21 20 40 47649.50000 10.44600000 1511.79000 171.39000 25.04000 115.98900
15 3 21 20 41 47641.30000 10.45300000 1511.52000 171.46000 25.04000 115.98900
15 3 21 20 41 47638.90000 10.45300000 1511.72000 171.41000 25.04000 115.98900
15 3 21 20 41 47457.20000 10.45300000 1508.00000 171.00000 25.04000 115.80000
15 3 21 20 42 47486.70000 10.41800000 1507.18000 170.94000 25.04000 115.70900
15 3 21 20 42 47502.70000 10.41800000 1507.63000 170.94000 25.04000 115.70900
15 3 21 20 43 47504.90000 10.41800000 1506.49000 170.93000 25.04000 115.70900
15 3 21 20 43 47519.70000 10.41800000 1507.24000 170.91000 25.04000 115.70900
15 3 21 20 44 47541.60000 10.41800000 1507.60000 170.82000 25.04000 115.66300
15 3 21 20 44 47509.30000 10.41800000 1506.25000 170.72000 25.04000 115.66300
15 3 21 20 44 47495.50000 10.41800000 1506.30000 170.62000 25.24000 115.66300
15 3 21 20 45 47429.90000 10.44000000 1503.74000 170.44000 25.14000 115.46800
15 3 21 20 45 47310.60000 10.44000000 1501.59000 170.33000 25.14000 115.36300
15 3 21 20 46 47266.60000 10.44000000 1500.43000 170.01000 25.14000 115.36300
15 3 21 20 46 47275.10000 10.44000000 1500.64000 170.01000 25.14000 115.36300
15 3 21 20 47 47333.40000 10.41300000 1501.59000 170.20000 25.14000 115.16900
15 3 21 20 47 47300.00000 10.32700000 1500.00000 170.20000 25.14000 115.16900
15 3 21 20 47 47323.60000 10.36300000 1499.98000 170.19000 25.14000 115.16900
15 3 21 20 48 47362.60000 10.36300000 1502.09000 170.54000 25.14000 115.16900
15 3 21 20 48 47337.10000 10.36300000 1502.22000 170.37000 25.14000 115.16900
15 3 21 20 49 47370.00000 10.36300000 1504.45000 170.37000 25.14000 115.16900
15 3 21 20 49 47363.50000 10.42300000 1503.84000 170.37000 25.14000 115.16900
15 3 21 20 50 47350.00000 10.42300000 1502.37000 170.37000 25.14000 115.16900
15 3 21 20 50 47371.70000 10.42300000 1503.59000 170.61000 25.14000 115.16900
15 3 21 20 50 47371.70000 10.42300000 1503.25000 170.61000 25.14000 115.16900
15 3 21 20 51 47371.70000 10.42300000 1504.16000 170.64000 25.14000 115.16900
15 3 21 20 51 47406.50000 10.42300000 1504.15000 170.86000 25.14000 115.38300
15 3 21 20 52 47423.90000 10.42300000 1504.41000 170.86000 24.99900 115.22700
15 3 21 20 52 47353.80000 10.42300000 1503.60000 170.65000 24.99900 115.25300
15 3 21 20 53 47377.50000 10.42300000 1503.59000 170.74000 24.99900 115.25300
15 3 21 20 53 47331.60000 10.42300000 1502.45000 170.60000 24.99900 115.25300
15 3 21 20 53 47301.50000 10.39000000 1502.32000 170.51000 24.99900 115.25000
15 3 21 20 54 47257.70000 10.37700000 1501.07000 170.32000 24.99900 115.25000
15 3 21 20 54 47274.80000 10.37700000 1500.41000 170.32000 24.99900 115.25000
15 3 21 20 55 47287.90000 10.37700000 1501.54000 170.31000 24.99900 115.15300
15 3 21 20 55 47251.00000 10.37700000 1500.73000 170.31000 24.99900 115.15300
15 3 21 20 56 47235.00000 10.37700000 1500.45000 170.15000 24.99900 115.15300
15 3 21 20 56 47206.30000 10.37700000 1500.45000 170.15000 24.99900 115.15300
15 3 21 20 56 47237.10000 10.37700000 1500.46000 170.14000 24.99900 115.15300
15 3 21 20 57 47292.40000 10.37700000 1503.62000 170.27000 24.99900 115.15300
15 3 21 20 57 47309.80000 10.37700000 1502.55000 170.27000 24.99900 115.15300
15 3 21 20 58 47309.90000 10.37700000 1502.78000 170.27000 24.99900 115.24800
15 3 21 20 58 47343.50000 10.37700000 1502.75000 170.27000 24.99900 115.25300
15 3 21 20 59 47321.60000 10.37700000 1502.34000 170.28000 24.99900 115.25300
15 3 21 20 59 47322.40000 10.37700000 1502.08000 170.32000 24.99900 115.25300
15 3 21 20 59 47329.90000 10.37700000 1504.00000 170.32000 24.99900 115.39900
15 3 21 21 00 47335.30000 10.37700000 1504.28000 170.39000 24.99900 115.39100
15 3 21 21 00 47363.80000 10.37700000 1505.53000 170.48000 24.99900 115.40300
15 3 21 21 01 47371.60000 10.37700000 1505.33000 170.48000 24.99900 115.40300
15 3 21 21 01 47400.00000 10.37700000 1505.57000 170.48000 24.99900 115.39400
15 3 21 21 02 47430.90000 10.42000000 1505.39000 170.29000 25.18300 115.39400
15 3 21 21 02 47430.80000 10.42000000 1505.54000 170.25000 25.18300 115.25300
15 3 21 21 02 47430.90000 10.41600000 1505.54000 170.22000 25.27100 115.25300
15 3 21 21 03 47400.00000 10.41600000 1505.20000 170.10000 25.27100 115.25300
15 3 21 21 03 47349.80000 10.40900000 1503.93000 170.00000 25.27100 115.25300
15 3 21 21 04 47388.20000 10.38400000 1504.13000 170.00000 25.27100 115.25300
15 3 21 21 04 47430.90000 10.39000000 1504.13000 170.27000 25.27100 115.25300
15 3 21 21 05 47422.50000 10.39000000 1506.69000 170.09000 25.27100 115.25300
15 3 21 21 05 47422.50000 10.39000000 1505.81000 170.12000 25.27100 115.25300
15 3 21 21 05 47406.30000 10.37700000 1505.71000 170.00000 25.27100 115.25300
15 3 21 21 06 47408.00000 10.37700000 1505.65000 170.00000 25.27100 115.25300
15 3 21 21 06 47400.20000 10.37500000 1505.41000 169.91000 25.27100 115.25300
15 3 21 21 07 47414.50000 10.37500000 1505.77000 169.91000 25.27100 115.25300
15 3 21 21 07 47410.90000 10.37500000 1505.95000 169.91000 25.27100 115.25300
15 3 21 21 08 47430.90000 10.39500000 1506.33000 170.03000 25.27100 115.25300
15 3 21 21 08 47430.90000 10.38300000 1505.86000 169.94000 25.27100 115.25300
15 3 21 21 08 47430.90000 10.38300000 1506.19000 169.94000 25.27100 115.25300
15 3 21 21 09 47426.00000 10.38300000 1505.04000 169.82000 25.27100 115.25300
15 3 21 21 09 47403.90000 10.38300000 1504.97000 169.82000 25.27100 115.25300
15 3 21 21 10 47430.80000 10.38300000 1504.96000 169.82000 25.27100 115.25300
15 3 21 21 10 47430.90000 10.38300000 1504.98000 169.98000 25.27100 115.25300
15 3 21 21 11 47430.80000 10.38900000 1506.20000 169.98000 25.27100 115.25300
15 3 21 21 11 47449.80000 10.38900000 1506.11000 169.91000 25.27100 115.25300
