M=[
25 2 21 09 06 40900.70000 9.48800000 1317.74000 147.72000 29.86200 109.82400
25 2 21 09 06 40857.40000 9.48800000 1315.56000 147.50000 29.80000 109.82400
25 2 21 09 07 40892.30000 9.48800000 1317.78000 147.50000 29.80000 109.82400
25 2 21 09 07 40751.70000 9.48800000 1313.21000 147.44000 29.80000 109.82400
25 2 21 09 08 40739.60000 9.47800000 1311.66000 147.09000 29.80000 109.82400
25 2 21 09 08 40606.70000 9.44300000 1307.26000 146.67000 29.80000 109.82400
25 2 21 09 09 40586.10000 9.44300000 1306.91000 146.24000 29.80000 109.82400
25 2 21 09 09 40523.80000 9.44300000 1301.47000 146.13000 29.80000 109.82400
25 2 21 09 09 40475.20000 9.40000000 1299.62000 145.85000 29.00100 108.83500
25 2 21 09 10 40482.30000 9.38400000 1301.08000 145.88000 29.50000 108.72700
25 2 21 09 10 40499.90000 9.38400000 1304.08000 145.98000 29.50000 108.90400
25 2 21 09 11 40546.70000 9.38400000 1304.59000 146.17000 29.50000 108.90400
25 2 21 09 11 40546.80000 9.38400000 1305.01000 146.05000 29.50000 109.02000
25 2 21 09 12 40546.70000 9.41800000 1304.99000 146.01000 29.50000 109.02000
25 2 21 09 12 40546.70000 9.44900000 1305.29000 146.00000 29.50000 109.02000
25 2 21 09 12 40492.20000 9.44900000 1301.80000 146.00000 29.50000 109.02000
25 2 21 09 13 40471.70000 9.44900000 1302.00000 145.86000 29.50000 109.02000
25 2 21 09 13 40548.40000 9.44900000 1305.15000 146.15000 29.50000 109.02000
25 2 21 09 14 40559.60000 9.44900000 1305.39000 146.16000 29.50000 108.92300
25 2 21 09 14 40500.90000 9.44900000 1304.46000 146.25000 29.27600 108.92300
25 2 21 09 15 40438.10000 9.44900000 1303.72000 145.96000 29.27600 108.92200
25 2 21 09 15 40478.60000 9.44900000 1305.13000 146.00000 29.27600 108.60000
25 2 21 09 15 40499.90000 9.44900000 1304.92000 146.00000 29.27600 108.60000
25 2 21 09 16 40500.00000 9.44900000 1304.32000 146.00000 29.27600 108.60000
25 2 21 09 16 40499.90000 9.44900000 1304.33000 145.92000 29.27600 108.60000
25 2 21 09 17 40452.10000 9.41000000 1303.44000 145.67000 29.27600 108.60000
25 2 21 09 17 40452.00000 9.41000000 1303.02000 145.75000 29.70000 108.60000
25 2 21 09 18 40343.60000 9.41000000 1302.20000 145.10000 29.70000 108.60000
25 2 21 09 18 40289.00000 9.41000000 1300.00000 144.78000 29.70000 108.43600
25 2 21 09 18 40300.90000 9.41000000 1302.62000 144.78000 29.70000 108.39300
25 2 21 09 19 40292.60000 9.41000000 1301.34000 144.84000 29.70000 108.39300
25 2 21 09 19 40338.70000 9.41000000 1301.26000 145.30000 29.70000 108.39300
25 2 21 09 20 40312.00000 9.41000000 1303.58000 145.32000 29.70000 108.33700
25 2 21 09 20 40292.70000 9.41000000 1301.63000 144.97000 29.70000 108.33700
25 2 21 09 20 40214.50000 9.33000000 1300.44000 144.81000 29.70000 108.33700
25 2 21 09 21 40195.10000 9.30400000 1299.24000 144.53000 29.70000 108.33700
25 2 21 09 21 40195.00000 9.31500000 1299.36000 144.48000 29.70000 107.99100
25 2 21 09 22 40303.50000 9.28700000 1302.98000 144.76000 29.70000 107.99100
25 2 21 09 22 40314.60000 9.28700000 1304.74000 145.02000 29.70000 107.99100
25 2 21 09 23 40315.00000 9.36000000 1306.52000 145.14000 29.70000 107.99100
25 2 21 09 23 40338.20000 9.36000000 1306.32000 145.14000 29.70000 107.99100
25 2 21 09 23 40296.80000 9.36000000 1302.82000 145.14000 29.70000 107.99100
25 2 21 09 24 40187.40000 9.36000000 1300.06000 144.60000 29.70000 107.99100
25 2 21 09 24 40167.20000 9.36000000 1299.28000 144.38000 29.70000 107.86300
25 2 21 09 25 40160.10000 9.36000000 1298.69000 144.23000 29.70000 107.97600
25 2 21 09 25 40133.00000 9.26000000 1297.96000 144.23000 29.70000 107.97600
25 2 21 09 26 40157.70000 9.26000000 1298.69000 144.07000 29.00100 107.97600
25 2 21 09 26 40162.40000 9.26000000 1301.22000 144.38000 29.00100 107.97600
25 2 21 09 26 40199.00000 9.26000000 1302.38000 144.45000 28.80000 107.97600
25 2 21 09 27 40226.10000 9.26000000 1303.98000 144.45000 29.32800 107.97600
25 2 21 09 27 40238.70000 9.26000000 1301.97000 144.59000 28.80000 107.88000
25 2 21 09 28 40180.50000 9.33000000 1299.79000 144.38000 28.80000 107.88000
25 2 21 09 28 40124.90000 9.29000000 1298.98000 144.19000 28.80000 107.88000
25 2 21 09 29 40131.90000 9.29000000 1300.63000 144.35000 28.80000 107.88000
25 2 21 09 29 40150.00000 9.29000000 1301.85000 144.41000 28.80000 108.00000
25 2 21 09 29 40150.00000 9.29000000 1300.82000 144.41000 28.98600 108.00000
25 2 21 09 30 40191.70000 9.29000000 1302.88000 144.60000 28.98600 107.75000
25 2 21 09 30 40233.40000 9.29000000 1304.84000 144.68000 28.98600 107.75000
25 2 21 09 31 40271.90000 9.29000000 1304.76000 144.92000 28.98600 108.36400
25 2 21 09 31 40152.70000 9.29000000 1300.92000 144.92000 28.98600 108.36400
25 2 21 09 32 40118.50000 9.29000000 1300.01000 144.24000 28.98600 108.36400
25 2 21 09 32 40183.90000 9.29000000 1303.26000 144.26000 28.98600 108.24500
25 2 21 09 32 40217.20000 9.33600000 1304.78000 144.27000 29.32700 108.24500
25 2 21 09 33 40200.00000 9.33600000 1305.15000 144.27000 29.40000 108.24500
25 2 21 09 33 40200.00000 9.33600000 1302.99000 144.27000 29.40000 108.24500
25 2 21 09 34 40199.10000 9.33600000 1304.02000 144.37000 29.40000 108.24500
25 2 21 09 34 40170.20000 9.33600000 1301.92000 144.22000 29.40000 108.24500
25 2 21 09 35 40185.70000 9.31700000 1302.77000 144.13000 29.40000 108.24500
25 2 21 09 35 40212.30000 9.31700000 1303.43000 144.46000 29.40000 108.24500
25 2 21 09 35 40212.20000 9.31700000 1303.75000 144.46000 29.40000 108.24500
25 2 21 09 36 40236.90000 9.31700000 1303.35000 144.46000 29.40000 108.24500
25 2 21 09 36 40334.60000 9.31700000 1307.14000 145.06000 29.40000 108.24500
25 2 21 09 37 40345.10000 9.31700000 1307.39000 145.06000 29.40000 108.24500
25 2 21 09 37 40335.10000 9.31700000 1306.98000 144.90000 29.40000 108.24500
25 2 21 09 38 40322.10000 9.31700000 1307.00000 144.90000 29.40000 108.90700
25 2 21 09 38 40339.50000 9.36700000 1307.12000 145.01000 29.40000 108.90700
25 2 21 09 38 40332.00000 9.36600000 1307.13000 144.93000 29.40000 108.90700
25 2 21 09 39 40345.90000 9.36600000 1307.65000 145.00000 29.40000 108.90700
25 2 21 09 39 40319.70000 9.36600000 1308.00000 145.06000 29.40000 108.90700
25 2 21 09 40 40322.10000 9.36600000 1308.00000 145.24000 29.40000 108.90700
25 2 21 09 40 40294.50000 9.36600000 1306.86000 145.24000 29.40000 108.90700
25 2 21 09 41 40259.40000 9.39000000 1307.35000 145.18000 29.40000 108.90700
25 2 21 09 41 40279.20000 9.39000000 1309.40000 145.21000 29.40000 108.90700
25 2 21 09 41 40182.50000 9.39000000 1306.71000 144.87000 29.40000 108.90700
25 2 21 09 42 40193.70000 9.39000000 1307.00000 144.94000 29.50000 108.90700
25 2 21 09 42 40121.50000 9.39000000 1303.75000 144.88000 29.52200 108.77100
25 2 21 09 43 40083.70000 9.39000000 1304.31000 144.50000 29.52200 108.77100
25 2 21 09 43 40002.10000 9.31700000 1301.45000 144.06000 29.52200 108.77100
25 2 21 09 44 39964.80000 9.31700000 1301.14000 144.06000 29.52200 108.77100
25 2 21 09 44 39979.70000 9.31700000 1300.36000 143.78000 28.80000 108.77100
25 2 21 09 44 40032.20000 9.31700000 1304.03000 144.46000 28.80000 108.77100
25 2 21 09 45 39989.90000 9.31700000 1301.79000 144.43000 28.80000 108.36400
25 2 21 09 45 40131.10000 9.34600000 1307.15000 144.39000 28.80000 108.00100
25 2 21 09 46 40206.40000 9.34600000 1309.01000 145.07000 28.80000 108.00100
25 2 21 09 46 40238.70000 9.34600000 1309.99000 145.14000 28.80000 108.00100
25 2 21 09 47 40249.40000 9.34600000 1309.99000 145.42000 28.80000 108.00100
25 2 21 09 47 40274.30000 9.34600000 1311.38000 145.42000 28.80000 108.00100
25 2 21 09 47 40274.40000 9.34600000 1311.55000 145.42000 29.18900 108.00100
25 2 21 09 48 40238.80000 9.34600000 1310.14000 145.30000 29.18900 108.00100
25 2 21 09 48 40253.80000 9.34600000 1310.58000 145.22000 29.18900 108.57000
25 2 21 09 49 40270.00000 9.34600000 1310.92000 145.30000 29.18900 108.57000
25 2 21 09 49 40248.70000 9.34600000 1308.88000 145.30000 29.18900 108.57000
25 2 21 09 50 40245.90000 9.34600000 1308.58000 145.26000 29.18900 108.57000
