M=[
20 2 21 14 43 47107.00000 13.52600000 1660.00000 197.69000 32.85000 145.59500
20 2 21 14 43 47119.30000 13.52600000 1660.00000 198.14000 32.85000 145.59500
20 2 21 14 43 47108.60000 13.48600000 1660.00000 198.10000 32.85000 145.59500
20 2 21 14 44 47118.30000 13.52200000 1660.94000 198.10000 32.99400 145.59500
20 2 21 14 44 47098.40000 13.52200000 1660.99000 198.09000 32.99400 145.59500
20 2 21 14 45 47093.00000 13.52200000 1662.10000 198.03000 32.99400 145.59500
20 2 21 14 45 47093.00000 13.52200000 1660.90000 197.70000 32.99400 145.59500
20 2 21 14 46 47073.50000 13.52200000 1662.49000 197.70000 32.85100 145.59500
20 2 21 14 46 47063.60000 13.52200000 1662.72000 197.70000 32.85100 145.95900
20 2 21 14 46 47061.60000 13.52200000 1662.73000 197.86000 32.85100 145.95900
20 2 21 14 47 47043.20000 13.52200000 1662.72000 197.86000 32.85100 145.95900
20 2 21 14 47 47007.10000 13.52200000 1660.89000 197.69000 32.85100 145.25500
20 2 21 14 48 47000.10000 13.50000000 1660.32000 197.11000 32.85100 145.25500
20 2 21 14 48 46995.30000 13.50000000 1659.25000 197.08000 32.85100 145.16000
20 2 21 14 49 46965.20000 13.50000000 1657.00000 196.89000 32.85100 145.16000
20 2 21 14 49 46999.70000 13.50000000 1658.08000 196.89000 32.85100 145.16000
20 2 21 14 49 47011.10000 13.45900000 1658.00000 197.36000 32.85100 145.16000
20 2 21 14 50 46934.50000 13.45900000 1654.41000 196.93000 32.85100 145.22700
20 2 21 14 50 46903.00000 13.42100000 1654.84000 196.75000 32.85100 144.90700
20 2 21 14 51 46774.50000 13.38900000 1652.11000 196.36000 32.85100 144.90700
20 2 21 14 51 46837.90000 13.34800000 1650.49000 195.88000 32.85100 144.57400
20 2 21 14 52 46833.90000 13.34800000 1653.06000 196.11000 32.85100 144.61100
20 2 21 14 52 46875.10000 13.34800000 1655.24000 196.50000 32.85100 144.45100
20 2 21 14 52 46868.50000 13.34800000 1653.52000 196.25000 32.85100 144.45100
20 2 21 14 53 46860.90000 13.34800000 1650.17000 196.12000 32.85100 144.45100
20 2 21 14 53 46802.90000 13.25400000 1651.62000 195.96000 32.85100 144.30000
20 2 21 14 54 46810.10000 13.23600000 1649.97000 195.80000 32.85100 144.30000
20 2 21 14 54 46788.10000 13.37300000 1649.13000 195.70000 32.85100 144.30000
20 2 21 14 55 46782.60000 13.30100000 1648.02000 195.46000 32.85100 144.00000
20 2 21 14 55 46740.10000 13.29300000 1648.54000 195.33000 32.85100 143.81700
20 2 21 14 55 46684.20000 13.09900000 1647.09000 194.50000 32.85100 142.92100
20 2 21 14 56 46600.00000 13.00500000 1646.43000 194.01000 32.85100 142.54400
20 2 21 14 56 46415.30000 12.95000000 1641.75000 194.00000 32.47600 142.63900
20 2 21 14 57 46371.50000 12.95000000 1640.00000 193.96000 32.47600 142.65700
20 2 21 14 57 46418.70000 12.95000000 1638.00000 193.58000 32.37200 142.00000
20 2 21 14 58 46463.70000 13.06500000 1640.73000 193.20000 32.37100 142.02500
20 2 21 14 58 46519.50000 12.96800000 1644.67000 194.00000 32.37100 142.04800
20 2 21 14 58 46496.00000 13.02500000 1646.31000 194.27000 32.37100 141.40300
20 2 21 14 59 46491.90000 13.03200000 1644.85000 193.71000 32.36900 141.35200
20 2 21 14 59 46409.70000 12.99800000 1640.65000 193.30000 32.36900 141.12700
20 2 21 15 00 46413.40000 12.99800000 1640.56000 193.10000 32.36900 140.96300
20 2 21 15 00 46556.30000 12.99800000 1647.34000 194.44000 32.57300 141.27900
20 2 21 15 01 46585.50000 13.08400000 1645.84000 194.39000 32.57300 141.27900
20 2 21 15 01 46617.30000 13.10700000 1647.51000 194.32000 32.99200 141.27800
20 2 21 15 01 46622.20000 13.11200000 1647.51000 194.42000 32.99200 141.17300
20 2 21 15 02 46684.10000 13.13900000 1650.00000 194.59000 32.99200 141.32700
20 2 21 15 02 46619.90000 13.13900000 1649.86000 194.32000 32.91000 141.42000
20 2 21 15 03 46671.60000 13.16900000 1649.57000 194.37000 32.91000 141.43900
20 2 21 15 03 46641.70000 13.16900000 1649.00000 194.51000 32.91000 141.41000
20 2 21 15 04 46684.10000 13.12600000 1649.00000 194.80000 32.91000 141.41000
20 2 21 15 04 46675.10000 13.12600000 1649.00000 194.80000 32.91000 141.79200
20 2 21 15 04 46650.00000 13.12600000 1648.31000 194.89000 32.91000 141.79200
20 2 21 15 05 46650.60000 13.20700000 1648.47000 194.78000 32.91000 141.79200
20 2 21 15 05 46680.00000 13.15300000 1651.19000 194.95000 32.65000 141.79200
20 2 21 15 06 46680.00000 13.20500000 1651.69000 194.93000 32.65000 142.27800
20 2 21 15 06 46740.10000 13.20500000 1651.87000 194.95000 32.42900 142.84300
20 2 21 15 06 46740.10000 13.20500000 1651.87000 194.93000 32.42900 142.84300
20 2 21 15 07 46796.10000 13.26400000 1653.00000 195.17000 32.66700 142.60000
20 2 21 15 07 46796.20000 13.27600000 1653.39000 195.17000 32.66700 142.60000
20 2 21 15 08 46796.20000 13.27600000 1653.00000 195.07000 32.66700 142.78000
20 2 21 15 08 46768.00000 13.38500000 1652.99000 195.13000 32.43100 142.64900
20 2 21 15 09 46757.30000 13.38500000 1652.09000 195.05000 32.43000 142.64900
20 2 21 15 09 46792.20000 13.28400000 1653.00000 195.37000 32.43000 142.27000
20 2 21 15 10 46781.70000 13.25300000 1653.00000 195.23000 32.43000 142.23800
20 2 21 15 10 46796.20000 13.25500000 1653.00000 195.53000 32.43000 142.40000
20 2 21 15 10 46796.20000 13.27200000 1653.00000 195.05000 32.73100 142.40000
20 2 21 15 11 46778.80000 13.27200000 1653.00000 195.00000 32.43100 142.40000
20 2 21 15 11 46767.70000 13.27200000 1651.73000 194.65000 32.43100 142.40000
20 2 21 15 12 46768.90000 13.18000000 1652.44000 195.01000 32.43100 142.66000
20 2 21 15 12 46760.20000 13.18000000 1651.15000 194.76000 32.43100 142.66000
20 2 21 15 13 46651.70000 13.19300000 1648.44000 194.49000 32.43100 142.26900
20 2 21 15 13 46734.50000 13.16000000 1649.94000 194.29000 32.43100 142.26900
20 2 21 15 13 46726.00000 13.15800000 1650.00000 194.33000 32.43100 142.01800
20 2 21 15 14 46707.90000 13.15800000 1649.56000 194.35000 32.43100 141.70700
20 2 21 15 14 46752.80000 13.15800000 1649.75000 194.70000 32.43100 141.70700
20 2 21 15 15 46754.50000 13.15800000 1650.56000 194.70000 32.43100 141.70700
20 2 21 15 15 46725.20000 13.15800000 1649.51000 194.40000 32.42900 141.70700
20 2 21 15 16 46690.50000 13.15800000 1648.46000 194.33000 32.42900 141.79600
20 2 21 15 16 46700.90000 13.15800000 1646.44000 194.27000 32.42900 141.79600
20 2 21 15 16 46650.30000 13.12700000 1644.92000 193.73000 32.42900 141.79600
20 2 21 15 17 46650.10000 13.12700000 1645.00000 193.50000 32.42900 141.65000
20 2 21 15 17 46539.30000 13.12700000 1640.48000 192.61000 32.37000 141.65000
20 2 21 15 18 46495.00000 13.04100000 1640.13000 192.22000 32.37000 140.85800
20 2 21 15 18 46563.10000 13.04100000 1642.06000 192.54000 32.37000 141.25400
20 2 21 15 19 46590.90000 13.04100000 1642.05000 192.56000 32.37000 141.25400
20 2 21 15 19 46528.40000 13.06500000 1640.68000 192.41000 32.37000 141.31200
20 2 21 15 19 46512.60000 13.05500000 1640.00000 192.00000 32.37000 140.99800
20 2 21 15 20 46512.50000 13.05500000 1639.43000 191.56000 32.37000 140.49100
20 2 21 15 20 46512.30000 13.03400000 1641.00000 192.00000 32.37000 140.35200
20 2 21 15 21 46528.80000 13.03400000 1642.06000 192.10000 32.37000 140.68000
20 2 21 15 21 46460.90000 13.02900000 1640.99000 191.77000 32.37000 139.91000
20 2 21 15 21 46415.10000 12.98000000 1640.00000 191.09000 32.37000 138.45100
20 2 21 15 22 46405.00000 12.96000000 1638.01000 190.67000 32.37000 139.09700
20 2 21 15 22 46379.60000 12.92800000 1636.57000 190.91000 32.36800 138.73400
20 2 21 15 23 46328.50000 12.86400000 1627.26000 190.01000 32.36800 138.73400
20 2 21 15 23 46150.00000 12.55500000 1622.51000 188.45000 32.36800 138.03100
20 2 21 15 24 46229.40000 12.68800000 1626.77000 189.71000 32.36800 137.70600
20 2 21 15 24 46265.80000 12.81100000 1628.84000 190.59000 32.36800 138.40300
20 2 21 15 24 46266.00000 12.81600000 1630.40000 190.84000 32.36800 138.93300
20 2 21 15 25 46265.80000 12.81600000 1627.71000 190.13000 32.36800 138.30900
20 2 21 15 25 46225.20000 12.81600000 1628.43000 189.80000 32.36800 138.61500
20 2 21 15 26 46225.20000 12.82400000 1629.91000 190.07000 32.36800 138.57700
