M=[
 5 8 20 11 22 9675.00000 6.09700000 335.68000 50.00000 17.69300 74.93900
 5 8 20 11 23 9676.40000 6.09700000 335.80000 50.00000 17.69300 74.93900
 5 8 20 11 24 9675.30000 6.09700000 335.74000 50.00000 17.69300 74.93900
 5 8 20 11 24 9662.80000 6.09600000 335.01000 49.95000 17.69300 74.93900
 5 8 20 11 25 9654.20000 6.09600000 334.68000 49.95000 17.69300 74.93900
 5 8 20 11 25 9650.00000 6.09600000 334.32000 49.95000 17.69300 74.93900
 5 8 20 11 26 9649.00000 6.09600000 334.43000 49.90000 17.69300 74.76000
 5 8 20 11 27 9648.90000 6.07300000 334.55000 49.90000 17.69300 74.76000
 5 8 20 11 27 9647.80000 6.07300000 334.58000 49.90000 17.68700 74.76000
 5 8 20 11 28 9641.90000 6.07300000 334.39000 49.90000 17.68200 74.76000
 5 8 20 11 28 9643.50000 6.07300000 334.47000 49.90000 17.68200 74.61000
 5 8 20 11 29 9643.20000 6.07300000 334.40000 49.90000 17.68200 74.61000
 5 8 20 11 29 9641.90000 6.07300000 334.58000 49.90000 17.68200 74.61000
 5 8 20 11 30 9643.50000 6.07500000 334.74000 49.91000 17.68200 74.61000
 5 8 20 11 30 9649.10000 6.07500000 334.82000 49.95000 17.68200 74.61000
 5 8 20 11 31 9650.90000 6.07500000 335.00000 49.99000 17.68200 74.61000
 5 8 20 11 31 9650.90000 6.07500000 335.65000 50.01000 17.68200 74.61000
 5 8 20 11 32 9659.90000 6.07500000 335.72000 50.02000 17.68200 74.61000
 5 8 20 11 32 9658.40000 6.07500000 335.65000 50.00000 17.68200 74.61000
 5 8 20 11 33 9657.20000 6.07500000 335.59000 49.98000 17.68200 74.61000
 5 8 20 11 33 9652.60000 6.07500000 335.31000 49.88000 17.68200 74.61000
 5 8 20 11 34 9656.00000 6.07500000 335.46000 49.88000 17.68200 74.61000
 5 8 20 11 34 9652.10000 6.07500000 335.20000 49.88000 17.68200 74.61000
 5 8 20 11 35 9649.60000 6.07500000 335.39000 49.88000 17.68200 74.61000
 5 8 20 11 35 9647.70000 6.07500000 335.14000 49.88000 17.68200 74.61000
 5 8 20 11 36 9647.70000 6.07500000 335.35000 49.94000 17.68200 74.61000
 5 8 20 11 36 9651.40000 6.07500000 335.40000 49.92000 17.68200 74.61000
 5 8 20 11 37 9648.00000 6.07500000 335.13000 49.92000 17.68200 74.61000
 5 8 20 11 37 9646.00000 6.07500000 335.21000 49.92000 17.68200 74.61000
 5 8 20 11 38 9646.10000 6.09700000 335.14000 49.92000 17.68200 74.61000
 5 8 20 11 38 9646.10000 6.09700000 335.14000 49.92000 17.73200 74.61000
 5 8 20 11 39 9646.00000 6.09700000 334.99000 49.92000 17.73200 74.61000
 5 8 20 11 39 9645.20000 6.09700000 334.86000 49.75000 17.73200 74.61000
 5 8 20 11 39 9645.10000 6.09700000 335.00000 49.82000 17.74300 74.61000
 5 8 20 11 40 9650.00000 6.09700000 335.17000 49.82000 17.74300 74.61000
 5 8 20 11 40 9650.00000 6.09700000 335.19000 49.82000 17.74300 74.61000
 5 8 20 11 41 9649.90000 6.09700000 335.19000 49.88000 17.74300 74.61000
 5 8 20 11 41 9650.00000 6.09700000 335.59000 49.88000 17.74300 74.61000
 5 8 20 11 42 9650.00000 6.09700000 335.65000 49.88000 17.74300 74.61000
 5 8 20 11 42 9659.70000 6.09700000 335.61000 49.88000 17.75000 74.61000
 5 8 20 11 43 9660.00000 6.09700000 335.65000 49.94000 17.75000 74.80000
 5 8 20 11 43 9660.40000 6.09700000 335.60000 49.94000 17.75000 74.80000
 5 8 20 11 44 9661.00000 6.09700000 335.65000 49.94000 17.71100 74.80000
 5 8 20 11 44 9661.00000 6.09700000 335.65000 49.97000 17.71100 74.80000
 5 8 20 11 45 9661.70000 6.09700000 335.65000 49.97000 17.71100 74.80000
 5 8 20 11 45 9661.00000 6.09700000 335.28000 49.88000 17.71100 74.80000
 5 8 20 11 46 9660.10000 6.09700000 335.43000 49.88000 17.71100 74.80000
 5 8 20 11 46 9660.10000 6.09700000 335.57000 49.88000 17.71100 74.80000
 5 8 20 11 47 9661.50000 6.09700000 335.39000 49.88000 17.71100 74.80000
 5 8 20 11 47 9662.40000 6.09700000 335.46000 49.88000 17.71100 74.80000
 5 8 20 11 48 9662.00000 6.09700000 334.94000 49.88000 17.71100 74.80000
 5 8 20 11 48 9662.10000 6.09700000 335.15000 49.89000 17.71100 74.80000
 5 8 20 11 49 9659.70000 6.09700000 335.01000 49.89000 17.71100 74.80000
 5 8 20 11 49 9652.50000 6.09700000 335.01000 49.89000 17.72100 74.80000
 5 8 20 11 50 9652.60000 6.09700000 335.00000 49.89000 17.72100 74.80000
 5 8 20 11 50 9654.80000 6.09700000 335.00000 49.89000 17.72100 74.80000
 5 8 20 11 51 9657.00000 6.09700000 335.05000 49.89000 17.70000 74.80000
 5 8 20 11 51 9654.80000 6.09700000 334.95000 49.89000 17.70000 74.80000
 5 8 20 11 52 9650.10000 6.09700000 334.95000 49.89000 17.70000 74.52000
 5 8 20 11 52 9647.00000 6.09700000 334.62000 49.81000 17.70000 74.53000
 5 8 20 11 53 9645.10000 6.09700000 334.60000 49.81000 17.70000 74.53000
 5 8 20 11 53 9645.20000 6.09700000 335.01000 50.03000 17.70000 74.53000
 5 8 20 11 54 9661.00000 6.09700000 335.58000 50.01000 17.70000 74.53000
 5 8 20 11 55 9662.20000 6.09700000 335.41000 50.01000 17.72800 74.53000
 5 8 20 11 55 9662.60000 6.09700000 335.41000 50.01000 17.72800 74.53000
 5 8 20 11 56 9662.70000 6.09700000 335.45000 50.05000 17.70100 74.53000
 5 8 20 11 56 9664.20000 6.10600000 335.60000 50.05000 17.70100 74.53000
 5 8 20 11 57 9664.20000 6.10600000 335.60000 50.08000 17.70100 74.91000
 5 8 20 11 57 9665.00000 6.10600000 335.65000 50.08000 17.70100 75.00900
 5 8 20 11 58 9675.20000 6.10600000 336.10000 50.09000 17.70100 75.28000
 5 8 20 11 58 9673.30000 6.10600000 336.22000 50.09000 17.70100 75.25500
 5 8 20 11 59 9675.70000 6.10600000 336.14000 50.04000 17.70100 75.16400
 5 8 20 11 59 9679.10000 6.10600000 336.31000 50.03000 17.70100 75.16400
 5 8 20 12 00 9680.00000 6.10600000 336.83000 50.01000 17.70100 75.13600
 5 8 20 12 00 9681.40000 6.10600000 337.07000 50.13000 17.70000 75.13600
 5 8 20 12 01 9684.10000 6.12000000 336.91000 50.18000 17.66400 75.32000
 5 8 20 12 02 9677.10000 6.11200000 336.63000 50.18000 17.66400 75.21900
 5 8 20 12 02 9675.30000 6.11200000 336.60000 50.18000 17.66400 75.21900
 5 8 20 12 03 9675.30000 6.11200000 336.27000 50.08000 17.66400 75.21900
 5 8 20 12 03 9669.80000 6.11200000 335.95000 50.08000 17.66400 75.21900
 5 8 20 12 04 9665.50000 6.11700000 335.91000 50.08000 17.66400 75.07000
 5 8 20 12 04 9672.40000 6.11700000 336.30000 50.08000 17.66400 75.07000
 5 8 20 12 05 9668.30000 6.11700000 336.29000 50.08000 17.66400 75.07000
 5 8 20 12 05 9668.60000 6.11700000 336.10000 50.08000 17.66400 75.07000
 5 8 20 12 06 9669.40000 6.11700000 336.01000 49.93000 17.66400 75.07000
 5 8 20 12 06 9669.30000 6.09000000 336.00000 49.93000 17.66400 75.10000
 5 8 20 12 07 9670.10000 6.09000000 335.69000 49.93000 17.68000 75.10000
 5 8 20 12 07 9670.10000 6.09600000 335.64000 50.01000 17.68000 75.10000
 5 8 20 12 08 9667.00000 6.09600000 335.40000 49.96000 17.68000 75.10000
 5 8 20 12 08 9664.30000 6.09600000 335.23000 49.93000 17.68000 75.01900
 5 8 20 12 09 9663.00000 6.09600000 335.27000 49.93000 17.68000 75.01900
 5 8 20 12 09 9663.10000 6.09600000 335.27000 49.93000 17.68000 75.01900
 5 8 20 12 10 9663.10000 6.09600000 335.42000 49.93000 17.68000 75.14000
 5 8 20 12 10 9661.40000 6.09600000 335.33000 49.93000 17.68000 75.14000
 5 8 20 12 11 9663.30000 6.09600000 335.33000 49.93000 17.68000 75.14000
 5 8 20 12 11 9665.60000 6.09600000 335.33000 49.96000 17.68000 75.14000
 5 8 20 12 12 9665.90000 6.09600000 335.47000 49.96000 17.66100 75.16900
 5 8 20 12 12 9665.90000 6.09600000 335.47000 49.96000 17.66100 75.19000
 5 8 20 12 13 9666.00000 6.09600000 335.48000 49.96000 17.66100 75.41000
 5 8 20 12 14 9665.60000 6.09600000 335.54000 49.95000 17.66100 75.41000
 5 8 20 12 14 9665.60000 6.09600000 335.47000 49.95000 17.66100 75.41000
 5 8 20 12 15 9665.60000 6.09600000 335.47000 49.95000 17.66100 75.15100
 5 8 20 12 15 9660.50000 6.09600000 335.06000 49.95000 17.66100 75.15100
 5 8 20 12 16 9656.10000 6.09600000 335.00000 49.95000 17.65100 75.15100
 5 8 20 12 16 9656.20000 6.09600000 335.02000 49.95000 17.65100 75.15100
 5 8 20 12 17 9652.60000 6.09600000 334.78000 49.95000 17.70100 75.15100
 5 8 20 12 17 9650.70000 6.09600000 334.72000 49.95000 17.70100 75.15100
 5 8 20 12 18 9650.80000 6.09600000 334.85000 49.95000 17.70100 75.15100
 5 8 20 12 18 9650.10000 6.09700000 334.77000 49.95000 17.70100 75.15100
