M=[
 8 7 21 02 41 28302.60000 44.28200000 1932.46000 114.43000 17.53400 97.82100
 8 7 21 02 41 28302.60000 44.28200000 1932.46000 114.43000 17.53400 97.82100
 8 7 21 02 41 28302.50000 44.28200000 1932.46000 114.43000 17.53400 97.82100
 8 7 21 02 42 28293.90000 44.28200000 1933.35000 114.43000 17.53400 97.92400
 8 7 21 02 42 28293.90000 44.28200000 1933.35000 114.55000 17.53400 97.92400
 8 7 21 02 43 28288.80000 44.28200000 1933.11000 114.55000 17.53400 97.92400
 8 7 21 02 43 28288.80000 44.28200000 1931.48000 114.55000 17.53400 97.92400
 8 7 21 02 44 28287.30000 44.28200000 1931.08000 114.55000 17.53400 97.92400
 8 7 21 02 44 28277.40000 44.28200000 1931.07000 114.55000 17.53400 97.92400
 8 7 21 02 44 28270.90000 44.28200000 1930.88000 114.55000 17.53400 97.92400
 8 7 21 02 45 28278.50000 44.28200000 1930.88000 114.55000 17.53400 97.92400
 8 7 21 02 45 28280.00000 44.28200000 1930.88000 114.55000 17.53400 97.92400
 8 7 21 02 46 28280.00000 44.28200000 1930.88000 114.55000 17.53400 97.92400
 8 7 21 02 46 28280.00000 44.28200000 1930.88000 114.55000 17.53400 97.92400
 8 7 21 02 47 28279.90000 44.28200000 1932.83000 114.55000 17.53400 97.92400
 8 7 21 02 47 28293.70000 44.28200000 1932.83000 114.55000 17.53400 97.92400
 8 7 21 02 48 28293.70000 44.28200000 1932.83000 114.55000 17.53400 97.92400
 8 7 21 02 48 28291.50000 44.28200000 1934.42000 114.55000 17.53400 97.92400
 8 7 21 02 48 28310.20000 44.28200000 1934.42000 114.55000 17.53400 97.92400
 8 7 21 02 49 28317.60000 44.28200000 1934.42000 114.55000 17.53400 97.92400
 8 7 21 02 49 28317.60000 44.28200000 1934.42000 114.55000 17.53400 97.92400
 8 7 21 02 50 28335.90000 44.28200000 1935.19000 114.55000 17.53400 97.92400
 8 7 21 02 50 28335.90000 44.28200000 1935.19000 114.55000 17.53400 97.92400
 8 7 21 02 51 28335.90000 44.28200000 1935.19000 114.55000 17.53400 97.92400
 8 7 21 02 51 28316.80000 44.28200000 1935.19000 114.67000 17.53400 97.92400
 8 7 21 02 51 28303.00000 44.28200000 1935.19000 114.67000 17.53400 97.92400
 8 7 21 02 52 28301.60000 44.28200000 1933.76000 114.67000 17.53400 97.92400
 8 7 21 02 52 28301.80000 44.28200000 1933.76000 114.67000 17.53400 97.92400
 8 7 21 02 53 28305.10000 44.28200000 1934.73000 114.67000 17.53400 97.92400
 8 7 21 02 53 28301.20000 44.28200000 1934.73000 114.67000 17.53400 97.92400
 8 7 21 02 54 28301.20000 44.28200000 1934.73000 114.67000 17.53400 97.92400
 8 7 21 02 54 28301.20000 44.28200000 1936.41000 114.67000 17.53400 97.92400
 8 7 21 02 54 28340.10000 44.28200000 1936.41000 114.67000 17.53400 97.92400
 8 7 21 02 55 28335.00000 44.28200000 1938.21000 114.67000 17.53400 97.92400
 8 7 21 02 55 28324.10000 44.28200000 1938.21000 114.67000 17.53400 97.92400
 8 7 21 02 56 28311.00000 44.28200000 1935.07000 114.67000 17.53400 97.92400
 8 7 21 02 56 28310.60000 44.28200000 1935.07000 114.67000 17.53400 97.92400
 8 7 21 02 57 28310.60000 44.28200000 1935.07000 114.67000 17.53400 97.92400
 8 7 21 02 57 28323.50000 44.28200000 1936.72000 114.67000 17.53400 97.92400
 8 7 21 02 57 28323.50000 44.28200000 1936.72000 114.67000 17.53400 97.92400
 8 7 21 02 58 28325.40000 44.28200000 1936.85000 114.67000 17.53400 97.92400
 8 7 21 02 58 28324.90000 44.28200000 1936.97000 114.67000 17.53400 97.92400
 8 7 21 02 59 28339.30000 44.28200000 1936.97000 114.67000 17.53400 97.92400
 8 7 21 02 59 28325.10000 44.28200000 1936.60000 114.67000 17.53400 97.92400
 8 7 21 03 00 28333.30000 44.28200000 1936.60000 114.67000 17.53400 97.92400
 8 7 21 03 00 28325.10000 44.28200000 1936.10000 114.67000 17.53300 97.92400
 8 7 21 03 00 28307.60000 44.28200000 1936.10000 114.67000 17.53300 97.92400
 8 7 21 03 01 28307.50000 44.28200000 1936.10000 114.67000 17.53300 97.92400
 8 7 21 03 01 28307.60000 44.28200000 1936.10000 114.67000 17.53300 97.92400
 8 7 21 03 02 28286.90000 44.28200000 1936.10000 114.67000 17.53300 97.92400
 8 7 21 03 02 28290.30000 44.28200000 1936.10000 114.67000 17.53300 97.92400
 8 7 21 03 03 28290.90000 44.28200000 1936.10000 114.67000 17.53300 97.92400
 8 7 21 03 03 28298.00000 44.28200000 1936.10000 114.67000 17.53300 97.92400
 8 7 21 03 03 28293.00000 44.28200000 1930.00000 114.67000 17.53300 97.92400
 8 7 21 03 04 28286.90000 44.28200000 1929.88000 114.67000 17.53300 97.92400
 8 7 21 03 04 28286.90000 44.28200000 1929.88000 114.67000 17.53300 97.92400
 8 7 21 03 05 28286.90000 44.28200000 1929.88000 114.67000 17.53300 97.92400
 8 7 21 03 05 28273.40000 44.28200000 1929.88000 114.67000 17.53300 97.92400
 8 7 21 03 06 28254.50000 44.28200000 1928.90000 114.67000 17.53300 97.92400
 8 7 21 03 06 28254.50000 44.28200000 1928.73000 114.37000 17.53300 97.92400
 8 7 21 03 06 28256.50000 44.28200000 1928.73000 114.37000 17.53300 97.64600
 8 7 21 03 07 28255.40000 44.28200000 1928.73000 114.37000 17.53300 97.64600
 8 7 21 03 07 28242.70000 44.28200000 1927.60000 114.37000 17.54000 97.64600
 8 7 21 03 08 28211.30000 44.28200000 1925.00000 114.37000 17.54000 97.64600
 8 7 21 03 08 28200.00000 44.28200000 1922.22000 114.14000 17.54000 97.45400
 8 7 21 03 09 28192.00000 44.28200000 1918.35000 114.07000 17.54000 97.45400
 8 7 21 03 09 28175.60000 44.28200000 1918.35000 114.07000 17.54000 97.45400
 8 7 21 03 10 28131.60000 43.75700000 1913.00000 113.98000 17.54000 97.07000
 8 7 21 03 10 28166.50000 43.75700000 1913.00000 113.82000 17.54000 97.07000
 8 7 21 03 10 28144.50000 43.75700000 1914.28000 113.95000 17.54000 97.07000
 8 7 21 03 11 28111.00000 43.49600000 1903.00000 113.95000 17.50300 97.07000
 8 7 21 03 11 28109.60000 43.49600000 1904.57000 113.57000 17.50300 96.80000
 8 7 21 03 12 28109.50000 43.49600000 1905.40000 113.57000 17.50300 96.80000
 8 7 21 03 12 28076.30000 43.45100000 1903.12000 113.57000 17.50300 96.80000
 8 7 21 03 13 28108.60000 43.45100000 1906.70000 113.57000 17.50300 96.80000
 8 7 21 03 13 28132.40000 43.53800000 1907.45000 113.57000 17.50300 96.80000
 8 7 21 03 13 28144.40000 43.62100000 1908.71000 113.57000 17.50300 96.80000
 8 7 21 03 14 28150.10000 43.62100000 1906.70000 113.57000 17.50300 96.80000
 8 7 21 03 14 28150.10000 43.62100000 1908.37000 113.57000 17.50300 96.80000
 8 7 21 03 15 28149.80000 43.62100000 1910.66000 113.57000 17.50300 96.80000
 8 7 21 03 15 28180.20000 43.62100000 1910.66000 113.57000 17.50300 96.80000
 8 7 21 03 16 28214.60000 43.62100000 1913.36000 113.93000 17.50300 96.80000
 8 7 21 03 16 28206.30000 43.62100000 1913.19000 113.93000 17.50300 96.80000
 8 7 21 03 16 28206.20000 43.62100000 1914.08000 113.93000 17.50300 96.80000
 8 7 21 03 17 28209.80000 43.62100000 1914.48000 113.93000 17.50300 96.80000
 8 7 21 03 17 28226.30000 43.62100000 1915.61000 114.41000 17.50300 97.50700
 8 7 21 03 18 28252.90000 43.78300000 1915.79000 114.41000 17.50300 97.50700
 8 7 21 03 18 28252.80000 43.78300000 1917.11000 114.41000 17.50300 97.50700
 8 7 21 03 19 28252.10000 43.78300000 1914.70000 114.39000 17.50300 97.50700
 8 7 21 03 19 28252.10000 43.78300000 1915.60000 114.39000 17.50300 97.50700
 8 7 21 03 19 28248.20000 43.78300000 1914.31000 114.39000 17.50300 97.50700
 8 7 21 03 20 28227.30000 43.78300000 1912.03000 114.39000 17.50300 97.50700
 8 7 21 03 20 28248.10000 43.78300000 1912.03000 114.06000 17.50300 97.50700
 8 7 21 03 21 28256.70000 43.78300000 1913.43000 114.06000 17.50300 97.50700
 8 7 21 03 21 28260.80000 43.78300000 1913.43000 114.06000 17.50300 97.50700
 8 7 21 03 22 28233.40000 43.78300000 1911.57000 114.06000 17.50300 97.50700
 8 7 21 03 22 28224.60000 43.78300000 1911.57000 114.06000 17.63200 97.50700
 8 7 21 03 22 28208.60000 43.78300000 1910.35000 114.06000 17.63200 97.50700
 8 7 21 03 23 28194.50000 43.78300000 1909.42000 113.87000 17.63200 97.50700
 8 7 21 03 23 28188.20000 43.78300000 1909.42000 113.87000 17.63200 97.50700
 8 7 21 03 24 28182.10000 43.78300000 1910.01000 113.87000 17.63200 97.50700
 8 7 21 03 24 28182.10000 43.78300000 1910.01000 113.87000 17.63200 97.50700
 8 7 21 03 25 28155.50000 43.78300000 1905.31000 113.87000 17.63200 97.50700
