M=[
 4 7 20 19 39 8115.90000 5.07100000 203.74000 37.29000 16.84900 45.73000
 4 7 20 19 39 8117.00000 5.07100000 203.70000 37.29000 16.84900 45.73000
 4 7 20 19 40 8116.00000 5.07100000 203.70000 37.29000 16.86000 45.73000
 4 7 20 19 40 8116.70000 5.07100000 203.71000 37.29000 16.86000 45.73000
 4 7 20 19 41 8117.50000 5.07100000 203.71000 37.29000 16.86000 45.73000
 4 7 20 19 41 8117.20000 5.07100000 203.60000 37.29000 16.86000 45.73000
 4 7 20 19 42 8117.20000 5.07100000 203.60000 37.29000 16.86000 45.73000
 4 7 20 19 42 8117.20000 5.07100000 203.60000 37.29000 16.86000 45.73000
 4 7 20 19 43 8117.20000 5.07100000 203.60000 37.29000 16.86000 45.73000
 4 7 20 19 43 8117.20000 5.07100000 203.67000 37.29000 16.84200 45.73000
 4 7 20 19 44 8117.10000 5.07100000 203.59000 37.29000 16.84200 45.73000
 4 7 20 19 44 8117.10000 5.07100000 203.66000 37.29000 16.84200 45.73000
 4 7 20 19 44 8117.00000 5.07100000 203.67000 37.29000 16.84200 45.73000
 4 7 20 19 45 8117.10000 5.07100000 203.52000 37.29000 16.84200 45.73000
 4 7 20 19 45 8117.10000 5.07100000 203.59000 37.29000 16.84200 45.73000
 4 7 20 19 46 8117.10000 5.07100000 203.63000 37.29000 16.84200 45.73000
 4 7 20 19 46 8117.10000 5.07100000 203.57000 37.29000 16.84200 45.73000
 4 7 20 19 47 8117.10000 5.07100000 203.56000 37.29000 16.84200 45.73000
 4 7 20 19 47 8117.10000 5.07100000 203.57000 37.29000 16.84200 45.73000
 4 7 20 19 48 8117.10000 5.07100000 203.67000 37.29000 16.84200 45.73000
 4 7 20 19 48 8117.10000 5.07100000 203.54000 37.29000 16.84200 45.73000
 4 7 20 19 49 8117.10000 5.07100000 203.51000 37.29000 16.84200 45.73000
 4 7 20 19 49 8117.10000 5.07100000 203.51000 37.29000 16.84200 45.73000
 4 7 20 19 50 8117.10000 5.07100000 203.51000 37.29000 16.84200 45.73000
 4 7 20 19 50 8118.20000 5.07100000 203.74000 37.29000 16.84200 45.73000
 4 7 20 19 51 8118.90000 5.07100000 203.74000 37.29000 16.84200 45.73000
 4 7 20 19 51 8118.80000 5.07100000 203.65000 37.29000 16.84200 45.73000
 4 7 20 19 51 8118.80000 5.07100000 203.65000 37.29000 16.84200 45.73000
 4 7 20 19 52 8117.10000 5.07100000 203.58000 37.29000 16.84200 45.73000
 4 7 20 19 52 8117.00000 5.07100000 203.57000 37.29000 16.84200 45.73000
 4 7 20 19 53 8117.20000 5.07100000 203.57000 37.29000 16.84200 45.73000
 4 7 20 19 53 8117.90000 5.07100000 203.58000 37.29000 16.84200 45.73000
 4 7 20 19 54 8117.10000 5.07100000 203.48000 37.29000 16.84200 45.73000
 4 7 20 19 54 8117.10000 5.07100000 203.56000 37.29000 16.87900 45.73000
 4 7 20 19 55 8118.00000 5.07100000 203.56000 37.29000 16.87500 45.73000
 4 7 20 19 55 8123.40000 5.07100000 203.56000 37.29000 16.87500 45.73000
 4 7 20 19 56 8117.10000 5.07100000 203.56000 37.29000 16.87500 45.73000
 4 7 20 19 56 8118.00000 5.07100000 203.56000 37.29000 16.84000 45.73000
 4 7 20 19 57 8118.40000 5.07100000 203.56000 37.29000 16.84000 45.73000
 4 7 20 19 57 8118.40000 5.07100000 203.56000 37.29000 16.84000 45.73000
 4 7 20 19 58 8117.20000 5.07100000 203.56000 37.29000 16.84000 45.73000
 4 7 20 19 58 8117.10000 5.07100000 203.56000 37.29000 16.84000 45.73000
 4 7 20 19 58 8117.20000 5.07100000 203.56000 37.29000 16.84000 45.73000
 4 7 20 19 59 8117.10000 5.07100000 203.57000 37.29000 16.84000 45.73000
 4 7 20 19 59 8117.20000 5.07100000 203.57000 37.27000 16.84000 45.73000
 4 7 20 20 00 8121.80000 5.07100000 203.85000 37.27000 16.84000 45.73000
 4 7 20 20 01 8125.70000 5.07000000 203.99000 37.27000 16.84000 45.73000
 4 7 20 20 01 8127.40000 5.07000000 203.99000 37.27000 16.88700 45.73000
 4 7 20 20 02 8126.30000 5.08300000 203.98000 37.27000 16.88700 45.73000
 4 7 20 20 02 8125.40000 5.08100000 203.98000 37.27000 16.88700 45.73000
 4 7 20 20 03 8125.20000 5.08100000 203.99000 37.27000 16.88700 45.73000
 4 7 20 20 03 8125.10000 5.08100000 203.99000 37.27000 16.88700 45.73000
 4 7 20 20 03 8125.20000 5.08100000 203.98000 37.31000 16.88700 45.73000
 4 7 20 20 04 8125.10000 5.08100000 203.99000 37.31000 16.88700 45.73000
 4 7 20 20 04 8125.20000 5.08100000 203.99000 37.31000 16.88700 45.73000
 4 7 20 20 05 8120.90000 5.08100000 203.99000 37.31000 16.88700 45.73000
 4 7 20 20 05 8122.60000 5.08100000 203.99000 37.31000 16.88700 45.73000
 4 7 20 20 06 8122.80000 5.08100000 203.99000 37.31000 16.88700 45.73000
 4 7 20 20 06 8121.60000 5.08100000 203.99000 37.31000 16.88700 45.73000
 4 7 20 20 07 8121.20000 5.08100000 203.98000 37.35000 16.88700 45.73000
 4 7 20 20 07 8121.20000 5.08100000 203.98000 37.31000 16.88700 45.73000
 4 7 20 20 08 8124.00000 5.08100000 203.99000 37.31000 16.88700 45.73000
 4 7 20 20 08 8124.00000 5.08100000 203.99000 37.31000 16.88700 45.73000
 4 7 20 20 09 8123.90000 5.08100000 203.98000 37.35000 16.88700 45.73000
 4 7 20 20 09 8125.10000 5.08100000 203.98000 37.31000 16.88700 45.73000
 4 7 20 20 10 8124.10000 5.08100000 203.99000 37.31000 16.88700 45.73000
 4 7 20 20 10 8124.20000 5.08100000 203.98000 37.31000 16.88700 45.73000
 4 7 20 20 11 8124.20000 5.08100000 203.98000 37.31000 16.88700 45.73000
 4 7 20 20 11 8124.00000 5.08100000 203.86000 37.31000 16.88700 45.73000
 4 7 20 20 11 8124.10000 5.08100000 203.73000 37.35000 16.88700 45.73000
 4 7 20 20 12 8124.00000 5.08100000 203.78000 37.31000 16.88700 45.73000
 4 7 20 20 12 8124.00000 5.08100000 203.78000 37.31000 16.88700 45.73000
 4 7 20 20 13 8124.00000 5.08100000 203.99000 37.31000 16.88700 45.73000
 4 7 20 20 13 8122.00000 5.08100000 203.99000 37.31000 16.88700 45.73000
 4 7 20 20 14 8121.10000 5.08100000 204.04000 37.31000 16.88700 45.73000
 4 7 20 20 14 8117.30000 5.08100000 204.04000 37.31000 16.88700 45.73000
 4 7 20 20 15 8117.40000 5.08100000 203.86000 37.31000 16.88700 45.73000
 4 7 20 20 15 8117.50000 5.08100000 203.86000 37.31000 16.88700 45.73000
 4 7 20 20 16 8117.00000 5.08100000 203.83000 37.31000 16.88700 45.73000
 4 7 20 20 16 8117.10000 5.08100000 203.82000 37.31000 16.88700 45.73000
 4 7 20 20 17 8117.80000 5.08100000 203.85000 37.35000 16.88700 45.73000
 4 7 20 20 17 8117.00000 5.08100000 203.84000 37.31000 16.88700 45.73000
 4 7 20 20 18 8115.80000 5.08100000 203.84000 37.31000 16.88700 45.73000
 4 7 20 20 18 8115.80000 5.08100000 203.80000 37.31000 16.88700 45.73000
 4 7 20 20 19 8117.30000 5.08100000 203.80000 37.31000 16.88700 45.73000
 4 7 20 20 19 8117.70000 5.08100000 203.80000 37.31000 16.88500 45.73000
 4 7 20 20 20 8116.80000 5.08100000 203.68000 37.31000 16.88500 45.73000
 4 7 20 20 20 8116.80000 5.08100000 203.75000 37.31000 16.88500 45.73000
 4 7 20 20 21 8112.80000 5.08100000 203.80000 37.31000 16.88400 45.73000
 4 7 20 20 21 8114.90000 5.08100000 203.80000 37.31000 16.88400 45.73000
 4 7 20 20 22 8114.80000 5.08100000 203.80000 37.31000 16.88400 45.73000
 4 7 20 20 22 8114.80000 5.08100000 203.76000 37.31000 16.88400 45.73000
 4 7 20 20 22 8113.70000 5.06800000 203.76000 37.31000 16.88400 45.73000
 4 7 20 20 23 8114.60000 5.06800000 203.71000 37.31000 16.88400 45.73000
 4 7 20 20 23 8112.50000 5.06800000 203.71000 37.35000 16.88400 45.73000
 4 7 20 20 24 8112.60000 5.06800000 203.93000 37.31000 16.88400 45.73000
 4 7 20 20 24 8113.20000 5.06800000 203.93000 37.31000 16.88400 45.73000
 4 7 20 20 25 8111.40000 5.06800000 203.78000 37.31000 16.88400 45.82200
 4 7 20 20 25 8113.50000 5.06800000 203.78000 37.31000 16.88400 45.82200
 4 7 20 20 26 8114.80000 5.06800000 203.93000 37.31000 16.88400 45.82200
 4 7 20 20 26 8114.80000 5.06800000 203.93000 37.31000 16.88400 45.82200
 4 7 20 20 27 8114.80000 5.06800000 203.76000 37.31000 16.88400 45.82200
 4 7 20 20 27 8114.80000 5.06800000 203.76000 37.31000 16.88400 45.73000
 4 7 20 20 28 8113.20000 5.06800000 203.72000 37.35000 16.88400 45.82200
 4 7 20 20 28 8113.10000 5.06800000 203.72000 37.31000 16.88500 45.82200
 4 7 20 20 29 8113.10000 5.06800000 203.72000 37.31000 16.88400 45.82200
 4 7 20 20 29 8111.60000 5.06800000 203.72000 37.31000 16.88400 45.82200
 4 7 20 20 30 8112.40000 5.06800000 203.72000 37.31000 16.88400 45.82200
 4 7 20 20 30 8112.40000 5.06800000 203.72000 37.31000 16.88400 45.82200
