M=[
26 8 20 19 04 9699.90000 5.49700000 328.61000 49.57000 19.13400 63.22200
26 8 20 19 04 9699.10000 5.49700000 328.66000 49.50000 19.13400 63.22200
26 8 20 19 05 9699.80000 5.49700000 328.67000 49.50000 19.13400 63.22200
26 8 20 19 05 9699.90000 5.49700000 328.67000 49.54000 19.13400 63.22200
26 8 20 19 06 9699.90000 5.49700000 328.67000 49.54000 19.17700 63.22200
26 8 20 19 06 9700.00000 5.49700000 328.67000 49.55000 19.17700 63.22200
26 8 20 19 07 9700.00000 5.49700000 328.77000 49.60000 19.17700 63.22200
26 8 20 19 07 9699.90000 5.49700000 328.77000 49.60000 19.17700 63.22200
26 8 20 19 08 9703.80000 5.49700000 328.77000 49.55000 19.17700 63.13800
26 8 20 19 08 9704.60000 5.49700000 328.77000 49.55000 19.17700 63.13800
26 8 20 19 09 9704.90000 5.49700000 328.83000 49.55000 19.17700 63.13800
26 8 20 19 09 9704.90000 5.49700000 328.84000 49.55000 19.17700 63.13800
26 8 20 19 10 9706.10000 5.49700000 328.83000 49.55000 19.17700 63.13800
26 8 20 19 10 9706.70000 5.49700000 328.84000 49.55000 19.17700 63.13800
26 8 20 19 11 9706.80000 5.50000000 328.83000 49.55000 19.17700 63.13800
26 8 20 19 11 9707.70000 5.50000000 328.84000 49.58000 19.13300 63.13800
26 8 20 19 12 9707.80000 5.50000000 328.83000 49.58000 19.13300 63.13800
26 8 20 19 12 9709.30000 5.50000000 328.66000 49.58000 19.13300 63.13800
26 8 20 19 13 9709.30000 5.50000000 328.61000 49.58000 19.13300 63.13800
26 8 20 19 13 9709.30000 5.50000000 328.62000 49.55000 19.13300 63.13800
26 8 20 19 14 9709.20000 5.50000000 328.62000 49.55000 19.11600 63.13800
26 8 20 19 14 9709.30000 5.50000000 328.62000 49.55000 19.11600 63.13800
26 8 20 19 15 9706.20000 5.50000000 328.62000 49.53000 19.11600 63.13800
26 8 20 19 15 9709.30000 5.50000000 328.62000 49.53000 19.11600 63.13800
26 8 20 19 15 9709.30000 5.50000000 328.70000 49.53000 19.20500 63.13600
26 8 20 19 16 9710.00000 5.50000000 328.62000 49.53000 19.20500 63.13600
26 8 20 19 16 9715.00000 5.50000000 328.62000 49.53000 19.20500 63.13600
26 8 20 19 17 9715.00000 5.50000000 328.63000 49.53000 19.07500 63.13600
26 8 20 19 17 9714.20000 5.50000000 328.76000 49.53000 19.07500 63.13600
26 8 20 19 18 9715.20000 5.50000000 328.68000 49.56000 19.07500 63.13600
26 8 20 19 18 9712.60000 5.50000000 328.70000 49.56000 19.51500 63.13600
26 8 20 19 19 9712.60000 5.50000000 328.70000 49.53000 19.29300 63.13600
26 8 20 19 19 9712.60000 5.50000000 328.67000 49.53000 19.29300 63.13600
26 8 20 19 20 9714.10000 5.50000000 328.71000 49.50000 19.29300 63.13600
26 8 20 19 20 9713.90000 5.50000000 328.71000 49.50000 19.29300 63.13600
26 8 20 19 21 9714.90000 5.50000000 328.71000 49.50000 19.29300 63.13600
26 8 20 19 21 9714.20000 5.50000000 328.70000 49.50000 19.36900 63.13600
26 8 20 19 22 9712.90000 5.50000000 328.72000 49.50000 19.36900 63.13600
26 8 20 19 22 9719.90000 5.50000000 328.75000 49.50000 19.36900 63.13600
26 8 20 19 23 9719.90000 5.50000000 328.89000 49.50000 19.36900 63.13600
26 8 20 19 23 9719.90000 5.50000000 329.21000 49.60000 19.36900 63.13600
26 8 20 19 24 9719.90000 5.50000000 329.08000 49.59000 19.36900 63.13600
26 8 20 19 24 9719.90000 5.50000000 328.98000 49.59000 19.36900 63.13600
26 8 20 19 25 9719.50000 5.50000000 328.94000 49.54000 19.36900 63.13600
26 8 20 19 25 9719.50000 5.50000000 328.95000 49.54000 19.36900 63.13600
26 8 20 19 26 9717.80000 5.50000000 328.92000 49.54000 19.36900 63.13600
26 8 20 19 26 9716.50000 5.50000000 328.92000 49.54000 19.36900 63.41000
26 8 20 19 27 9714.00000 5.50000000 328.91000 49.54000 19.36900 63.41000
26 8 20 19 27 9714.10000 5.50000000 328.79000 49.54000 19.36900 63.41000
26 8 20 19 28 9714.10000 5.48400000 328.78000 49.54000 19.36900 63.41000
26 8 20 19 28 9714.10000 5.48400000 328.70000 49.54000 19.36900 63.41000
26 8 20 19 29 9714.10000 5.48400000 328.71000 49.54000 19.33100 63.41000
26 8 20 19 29 9714.00000 5.48400000 328.70000 49.51000 19.33100 63.41000
26 8 20 19 29 9714.10000 5.48400000 328.57000 49.51000 19.33100 63.41000
26 8 20 19 30 9714.10000 5.48400000 328.50000 49.51000 19.33100 63.41000
26 8 20 19 30 9714.00000 5.48400000 328.50000 49.51000 19.37300 63.41000
26 8 20 19 31 9714.00000 5.48400000 328.46000 49.51000 19.37300 63.41000
26 8 20 19 31 9714.00000 5.48400000 328.43000 49.51000 19.37300 63.41000
26 8 20 19 32 9712.70000 5.48400000 328.40000 49.47000 19.37300 63.41000
26 8 20 19 32 9711.20000 5.48400000 328.39000 49.47000 19.37300 63.41000
26 8 20 19 33 9711.10000 5.48400000 328.06000 49.47000 19.42000 63.41000
26 8 20 19 33 9711.20000 5.48400000 327.99000 49.47000 19.42000 63.41000
26 8 20 19 34 9711.20000 5.48400000 327.96000 49.47000 19.43100 63.41000
26 8 20 19 34 9708.90000 5.48400000 327.96000 49.47000 19.47200 63.41000
26 8 20 19 35 9714.00000 5.49200000 327.93000 49.51000 19.42800 63.41000
26 8 20 19 35 9718.70000 5.49200000 328.09000 49.51000 19.38900 63.41000
26 8 20 19 36 9715.80000 5.49200000 328.03000 49.51000 19.44700 63.41000
26 8 20 19 36 9715.60000 5.49200000 327.82000 49.51000 19.48800 63.41000
26 8 20 19 37 9715.80000 5.49100000 327.81000 49.51000 19.48800 63.41000
26 8 20 19 37 9715.80000 5.49100000 327.95000 49.51000 19.48600 63.41000
26 8 20 19 38 9716.00000 5.49100000 327.96000 49.51000 19.48600 63.41000
26 8 20 19 38 9715.90000 5.49100000 327.82000 49.51000 19.48600 63.41000
26 8 20 19 39 9716.00000 5.49100000 327.60000 49.51000 19.48600 63.30000
26 8 20 19 40 9718.80000 5.49100000 327.93000 49.51000 19.48600 63.30000
26 8 20 19 40 9718.80000 5.49100000 327.93000 49.51000 19.50600 63.30000
26 8 20 19 40 9718.80000 5.49100000 327.83000 49.51000 19.52500 63.30000
26 8 20 19 41 9718.80000 5.49100000 327.80000 49.51000 19.56500 63.30000
26 8 20 19 41 9718.70000 5.49100000 327.81000 49.51000 19.56500 63.30000
26 8 20 19 42 9718.80000 5.49100000 327.75000 49.51000 19.56500 63.30000
26 8 20 19 42 9718.70000 5.49100000 327.82000 49.51000 19.56500 63.30000
26 8 20 19 43 9718.70000 5.49100000 327.82000 49.54000 19.56500 63.30000
26 8 20 19 43 9718.80000 5.49100000 327.78000 49.47000 19.56500 63.30000
26 8 20 19 44 9718.70000 5.49100000 327.69000 49.47000 19.56500 63.30000
26 8 20 19 44 9718.80000 5.49100000 327.69000 49.47000 19.60000 63.30000
26 8 20 19 45 9717.10000 5.49100000 327.68000 49.47000 19.59900 63.28400
26 8 20 19 45 9717.10000 5.49100000 327.68000 49.47000 19.53900 63.28400
26 8 20 19 46 9717.10000 5.49100000 327.81000 49.47000 19.62300 63.28400
26 8 20 19 46 9717.10000 5.49100000 327.82000 49.47000 19.62300 63.28400
26 8 20 19 47 9717.20000 5.49100000 327.82000 49.47000 19.70200 63.28400
26 8 20 19 47 9717.20000 5.49100000 327.63000 49.47000 19.70200 63.29400
26 8 20 19 48 9717.10000 5.49100000 327.65000 49.47000 19.70700 63.29400
26 8 20 19 48 9717.20000 5.49100000 327.52000 49.43000 19.70700 63.29400
26 8 20 19 49 9717.10000 5.49100000 327.52000 49.43000 19.70700 63.17000
26 8 20 19 49 9717.20000 5.49100000 327.36000 49.43000 19.70700 63.17000
26 8 20 19 50 9715.90000 5.49100000 327.32000 49.43000 19.70700 63.05000
26 8 20 19 50 9711.80000 5.49100000 327.31000 49.44000 19.70700 63.05000
26 8 20 19 51 9711.90000 5.49100000 327.31000 49.44000 19.70700 63.05000
26 8 20 19 51 9711.90000 5.49100000 327.32000 49.44000 19.70700 63.05000
26 8 20 19 52 9711.90000 5.49100000 327.32000 49.44000 19.65000 63.05000
26 8 20 19 52 9711.90000 5.49100000 327.31000 49.44000 19.66300 63.05000
26 8 20 19 52 9711.90000 5.49100000 327.31000 49.44000 19.66300 63.05000
26 8 20 19 53 9711.80000 5.49100000 327.32000 49.44000 19.64800 63.05000
26 8 20 19 53 9711.80000 5.49100000 327.32000 49.41000 19.64800 63.05000
26 8 20 19 54 9711.90000 5.49100000 327.31000 49.42000 19.64800 63.05000
26 8 20 19 55 9709.00000 5.49100000 327.06000 49.42000 19.70300 63.05000
26 8 20 19 55 9707.90000 5.49100000 327.06000 49.42000 19.70700 63.05000
26 8 20 19 56 9708.00000 5.49100000 327.06000 49.42000 19.70700 63.05000
26 8 20 19 56 9708.00000 5.49100000 327.06000 49.42000 19.70700 62.98900
26 8 20 19 57 9707.90000 5.49100000 327.34000 49.42000 19.70700 62.98900
