M=[
23 7 20 21 37 8302.80000 5.56100000 237.55000 38.88000 19.44900 54.96000
23 7 20 21 38 8306.40000 5.56100000 237.69000 38.88000 19.44900 54.96000
23 7 20 21 38 8306.40000 5.56100000 237.71000 38.88000 19.44900 54.96000
23 7 20 21 39 8306.40000 5.56100000 237.61000 38.88000 19.44900 54.96000
23 7 20 21 39 8306.40000 5.56100000 237.62000 38.88000 19.44900 54.96000
23 7 20 21 40 8304.30000 5.56100000 237.85000 38.88000 19.44900 54.96000
23 7 20 21 40 8304.30000 5.56100000 237.86000 38.88000 19.41100 54.96000
23 7 20 21 40 8303.90000 5.56100000 238.00000 38.88000 19.41100 54.96000
23 7 20 21 41 8303.10000 5.56100000 238.04000 38.88000 19.41100 54.96000
23 7 20 21 41 8303.90000 5.56100000 238.07000 38.88000 19.41100 54.96000
23 7 20 21 42 8304.30000 5.56100000 238.16000 38.89000 19.41100 54.96000
23 7 20 21 42 8304.60000 5.56100000 238.19000 38.89000 19.41100 54.96000
23 7 20 21 43 8305.00000 5.56100000 238.30000 38.89000 19.41100 54.96000
23 7 20 21 43 8304.80000 5.56100000 238.42000 38.89000 19.41100 54.96000
23 7 20 21 44 8305.00000 5.56100000 238.42000 38.89000 19.41100 54.96000
23 7 20 21 44 8305.20000 5.56100000 238.06000 38.89000 19.41100 54.96000
23 7 20 21 45 8306.10000 5.56100000 238.06000 38.89000 19.41100 54.96000
23 7 20 21 45 8306.60000 5.56100000 237.87000 38.89000 19.41100 54.96000
23 7 20 21 45 8306.60000 5.56100000 237.73000 38.89000 19.41100 54.96000
23 7 20 21 46 8306.70000 5.56100000 237.70000 38.89000 19.41100 54.96000
23 7 20 21 46 8307.10000 5.56100000 237.70000 38.89000 19.41100 54.96000
23 7 20 21 47 8308.10000 5.56100000 237.66000 38.89000 19.41100 54.96000
23 7 20 21 47 8309.00000 5.56100000 237.65000 38.89000 19.41100 54.96000
23 7 20 21 48 8308.90000 5.56100000 237.65000 38.89000 19.41100 54.96000
23 7 20 21 48 8310.00000 5.56100000 237.65000 38.89000 19.41100 54.96000
23 7 20 21 49 8309.90000 5.56100000 237.69000 38.89000 19.41100 54.96000
23 7 20 21 49 8310.00000 5.56100000 237.70000 38.89000 19.41100 54.96000
23 7 20 21 50 8310.00000 5.56100000 237.70000 38.89000 19.41100 54.96000
23 7 20 21 50 8307.10000 5.56100000 237.41000 38.90000 19.41100 54.96000
23 7 20 21 50 8306.70000 5.56100000 237.08000 38.90000 19.41100 54.96000
23 7 20 21 51 8306.80000 5.56100000 236.84000 38.90000 19.41100 54.96000
23 7 20 21 51 8306.80000 5.56100000 237.34000 38.90000 19.41100 54.96000
23 7 20 21 52 8306.80000 5.56100000 237.55000 38.90000 19.41100 54.96000
23 7 20 21 52 8306.70000 5.56100000 237.27000 38.90000 19.41100 54.96000
23 7 20 21 53 8306.80000 5.56100000 237.27000 38.90000 19.41100 54.96000
23 7 20 21 53 8307.00000 5.56100000 237.39000 38.90000 19.41100 54.96000
23 7 20 21 54 8307.00000 5.56100000 237.38000 38.90000 19.41100 54.96000
23 7 20 21 54 8307.10000 5.56100000 237.22000 38.90000 19.41100 54.96000
23 7 20 21 55 8307.10000 5.56100000 237.26000 38.90000 19.41100 54.96000
23 7 20 21 55 8308.20000 5.56100000 237.18000 38.90000 19.41100 54.96000
23 7 20 21 56 8308.10000 5.56100000 237.26000 38.90000 19.41100 54.96000
23 7 20 21 56 8308.20000 5.56100000 237.30000 38.90000 19.41100 54.96000
23 7 20 21 56 8308.10000 5.56100000 237.50000 38.90000 19.41100 54.96000
23 7 20 21 57 8308.20000 5.56100000 237.55000 38.90000 19.41100 54.96000
23 7 20 21 57 8308.20000 5.56100000 237.53000 38.90000 19.41100 54.96000
23 7 20 21 58 8308.30000 5.56100000 237.62000 38.92000 19.41100 54.96000
23 7 20 21 58 8308.40000 5.56100000 237.64000 38.92000 19.41100 54.96000
23 7 20 21 59 8309.40000 5.56100000 237.53000 38.92000 19.41100 54.96000
23 7 20 21 59 8309.40000 5.56100000 237.53000 38.92000 19.41100 54.96000
23 7 20 22 00 8308.60000 5.56100000 237.53000 38.92000 19.41100 54.96000
23 7 20 22 00 8309.40000 5.56100000 237.55000 38.92000 19.41100 54.96000
23 7 20 22 01 8308.20000 5.56100000 237.47000 38.92000 19.41100 54.96000
23 7 20 22 01 8307.10000 5.56100000 237.38000 38.92000 19.41100 54.96000
23 7 20 22 01 8306.80000 5.56100000 237.39000 38.92000 19.41100 54.96000
23 7 20 22 02 8306.20000 5.56100000 237.39000 38.92000 19.41100 54.96000
23 7 20 22 02 8306.00000 5.56100000 237.39000 38.92000 19.41100 54.96000
23 7 20 22 03 8305.40000 5.56100000 237.41000 38.92000 19.41100 54.96000
23 7 20 22 03 8305.30000 5.56100000 237.41000 38.92000 19.41100 54.96000
23 7 20 22 04 8301.70000 5.56100000 237.25000 38.92000 19.41100 54.96000
23 7 20 22 04 8301.20000 5.56100000 237.26000 38.92000 19.41100 54.96000
23 7 20 22 05 8300.00000 5.56100000 237.43000 38.92000 19.41100 54.96000
23 7 20 22 05 8300.00000 5.56100000 237.37000 38.92000 19.41100 54.96000
23 7 20 22 06 8300.10000 5.56100000 237.32000 38.92000 19.41100 54.96000
23 7 20 22 06 8300.10000 5.56100000 237.54000 38.92000 19.41100 54.96000
23 7 20 22 07 8302.50000 5.56100000 237.54000 38.92000 19.41100 54.96000
23 7 20 22 07 8300.20000 5.56100000 237.88000 38.92000 19.41100 54.96000
23 7 20 22 07 8299.00000 5.56100000 237.88000 38.92000 19.58800 54.96000
23 7 20 22 08 8299.00000 5.56100000 237.55000 38.92000 19.58800 54.96000
23 7 20 22 08 8299.10000 5.56100000 237.40000 38.92000 19.58800 54.96000
23 7 20 22 09 8299.00000 5.56100000 237.40000 38.92000 19.58800 54.96000
23 7 20 22 09 8294.20000 5.56100000 237.10000 38.92000 19.58800 54.96000
23 7 20 22 10 8286.10000 5.56100000 237.11000 38.92000 19.58800 54.96000
23 7 20 22 10 8294.20000 5.56100000 237.11000 38.92000 19.58800 54.96000
23 7 20 22 11 8294.20000 5.56100000 237.17000 38.92000 19.58800 54.96000
23 7 20 22 11 8294.20000 5.56100000 237.11000 38.92000 19.58800 54.96000
23 7 20 22 12 8295.60000 5.56100000 237.26000 38.92000 19.58100 54.96000
23 7 20 22 12 8295.70000 5.56100000 237.26000 38.92000 19.58100 54.96000
23 7 20 22 13 8295.70000 5.56100000 237.26000 38.93000 19.58100 54.96000
23 7 20 22 13 8295.10000 5.56100000 237.27000 38.93000 19.58100 54.96000
23 7 20 22 13 8293.70000 5.56100000 237.20000 38.93000 19.58100 54.96000
23 7 20 22 14 8292.60000 5.56100000 237.20000 38.93000 19.58100 54.96000
23 7 20 22 14 8292.10000 5.56100000 237.20000 38.93000 19.58100 54.96000
23 7 20 22 15 8292.80000 5.56100000 237.20000 38.93000 19.58100 54.96000
23 7 20 22 15 8292.20000 5.56100000 237.20000 38.93000 19.58100 54.96000
23 7 20 22 16 8292.20000 5.56100000 237.26000 38.93000 19.58100 54.96000
23 7 20 22 16 8290.10000 5.56100000 237.13000 38.93000 19.58100 54.96000
23 7 20 22 17 8290.10000 5.56100000 237.11000 38.98000 19.58100 54.96000
23 7 20 22 17 8290.10000 5.56100000 237.12000 38.98000 19.58100 54.96000
23 7 20 22 18 8290.10000 5.56100000 237.11000 38.98000 19.58100 54.96000
23 7 20 22 18 8290.00000 5.56100000 237.11000 38.98000 19.58100 54.96000
23 7 20 22 19 8290.00000 5.56100000 237.10000 38.92000 19.58100 54.96000
23 7 20 22 19 8290.10000 5.56100000 237.01000 38.92000 19.58100 54.96000
23 7 20 22 19 8290.00000 5.56100000 237.01000 38.92000 19.44000 54.96000
23 7 20 22 20 8290.10000 5.56100000 237.02000 38.92000 19.41100 54.96000
23 7 20 22 20 8290.10000 5.56100000 237.00000 38.96000 19.41100 54.96000
23 7 20 22 21 8290.00000 5.56100000 237.02000 38.96000 19.40000 54.96000
23 7 20 22 21 8290.10000 5.56100000 237.02000 38.96000 19.40000 54.96000
23 7 20 22 22 8290.10000 5.56100000 237.05000 38.96000 19.40000 54.96000
23 7 20 22 22 8290.10000 5.56100000 237.05000 38.96000 19.40000 54.96000
23 7 20 22 23 8290.00000 5.56100000 237.05000 38.96000 19.40000 54.96000
23 7 20 22 23 8290.10000 5.56100000 237.10000 38.98000 19.40000 54.96000
23 7 20 22 23 8290.10000 5.56100000 237.39000 38.98000 19.40000 54.96000
23 7 20 22 24 8290.00000 5.59000000 237.35000 38.98000 19.46900 54.96000
23 7 20 22 24 8290.10000 5.59000000 237.35000 38.98000 19.46900 54.96000
23 7 20 22 25 8290.00000 5.59000000 237.26000 38.98000 19.46900 54.96000
23 7 20 22 25 8290.10000 5.59000000 237.26000 38.98000 19.46900 54.96000
23 7 20 22 26 8290.10000 5.59000000 237.27000 38.95000 19.46900 54.96000
23 7 20 22 26 8290.00000 5.59000000 237.23000 38.95000 19.46900 54.96000
23 7 20 22 27 8290.00000 5.59000000 237.19000 38.95000 19.46900 54.96000
