M=[
28 10 20 22 57 11298.40000 4.68000000 330.60000 47.28000 10.50000 48.18100
28 10 20 22 57 11298.10000 4.68000000 330.33000 47.34000 10.50000 48.18100
28 10 20 22 58 11297.50000 4.68000000 330.35000 47.29000 10.50000 48.18100
28 10 20 22 58 11298.30000 4.67900000 330.39000 47.29000 10.50000 48.18100
28 10 20 22 59 11300.90000 4.67900000 330.39000 47.29000 10.50000 48.18100
28 10 20 22 59 11298.80000 4.67900000 330.39000 47.29000 10.50000 48.18100
28 10 20 22 59 11303.60000 4.67900000 330.42000 47.29000 10.50000 48.18100
28 10 20 23 00 11305.20000 4.65600000 330.41000 47.29000 10.50000 48.18100
28 10 20 23 00 11294.40000 4.65600000 330.32000 47.30000 10.50000 48.18100
28 10 20 23 01 11294.40000 4.65600000 330.00000 47.30000 10.50000 48.18100
28 10 20 23 01 11286.00000 4.65600000 330.00000 47.30000 10.50000 48.18100
28 10 20 23 02 11291.80000 4.65600000 330.00000 47.30000 10.50000 48.18100
28 10 20 23 02 11291.30000 4.67300000 330.17000 47.30000 10.50000 48.18100
28 10 20 23 02 11294.80000 4.67300000 330.18000 47.30000 10.50000 48.18100
28 10 20 23 03 11292.80000 4.67300000 330.18000 47.30000 10.50000 48.18100
28 10 20 23 03 11289.10000 4.67300000 330.17000 47.30000 10.50000 48.18100
28 10 20 23 04 11286.00000 4.67300000 330.17000 47.30000 10.50000 48.18100
28 10 20 23 04 11292.00000 4.67300000 330.17000 47.30000 10.50000 48.18100
28 10 20 23 05 11292.00000 4.67300000 330.17000 47.27000 10.50000 48.18100
28 10 20 23 05 11293.30000 4.67300000 330.26000 47.27000 10.50000 48.13500
28 10 20 23 05 11294.20000 4.67300000 330.26000 47.26000 10.50000 48.13500
28 10 20 23 06 11293.40000 4.67300000 330.44000 47.26000 10.50000 48.13500
28 10 20 23 06 11297.20000 4.67300000 330.46000 47.26000 10.50000 48.13500
28 10 20 23 07 11298.50000 4.67300000 330.46000 47.26000 10.50000 48.13500
28 10 20 23 07 11301.30000 4.67300000 330.40000 47.26000 10.50000 48.13500
28 10 20 23 08 11303.50000 4.67300000 330.40000 47.26000 10.50000 48.13500
28 10 20 23 08 11303.50000 4.67300000 330.40000 47.26000 10.50000 48.13500
28 10 20 23 08 11305.00000 4.67300000 330.57000 47.26000 10.50000 48.13500
28 10 20 23 09 11305.80000 4.67300000 330.57000 47.26000 10.50000 48.13500
28 10 20 23 09 11306.10000 4.67300000 330.57000 47.26000 10.50000 48.13500
28 10 20 23 10 11305.50000 4.67300000 330.59000 47.26000 10.50000 48.13500
28 10 20 23 10 11306.80000 4.67300000 330.59000 47.26000 10.50000 48.13500
28 10 20 23 11 11306.80000 4.67300000 330.59000 47.26000 10.50000 48.13500
28 10 20 23 11 11308.10000 4.67300000 330.80000 47.26000 10.50000 48.13500
28 10 20 23 11 11308.10000 4.67300000 330.59000 47.28000 10.50000 48.13500
28 10 20 23 12 11308.00000 4.67300000 330.60000 47.28000 10.50000 48.13500
28 10 20 23 12 11304.70000 4.67300000 330.60000 47.29000 10.50000 48.13500
28 10 20 23 13 11304.70000 4.67300000 330.60000 47.29000 10.50000 48.13500
28 10 20 23 13 11304.70000 4.67300000 330.60000 47.25000 10.50000 48.13500
28 10 20 23 14 11297.00000 4.67300000 330.41000 47.25000 10.50000 48.13500
28 10 20 23 14 11297.00000 4.67300000 330.30000 47.25000 10.50000 48.13500
28 10 20 23 14 11296.20000 4.67300000 330.30000 47.25000 10.50000 48.13500
28 10 20 23 15 11301.60000 4.67300000 330.30000 47.25000 10.50000 48.13500
28 10 20 23 15 11301.60000 4.67300000 330.30000 47.25000 10.50000 48.13500
28 10 20 23 16 11308.80000 4.67300000 330.30000 47.25000 10.50000 48.13500
28 10 20 23 16 11318.00000 4.67300000 330.30000 47.25000 10.50000 48.13500
28 10 20 23 17 11317.20000 4.67300000 330.30000 47.25000 10.50000 48.13500
28 10 20 23 17 11315.10000 4.67300000 330.30000 47.25000 10.50000 48.13500
28 10 20 23 17 11315.10000 4.67300000 330.30000 47.25000 10.50000 48.13500
28 10 20 23 18 11318.00000 4.67300000 331.03000 47.25000 10.53400 48.13500
28 10 20 23 18 11312.70000 4.67300000 331.07000 47.25000 10.53400 48.13500
28 10 20 23 19 11310.00000 4.65700000 331.08000 47.25000 10.53400 48.13500
28 10 20 23 19 11310.40000 4.65700000 331.05000 47.25000 10.53400 48.13500
28 10 20 23 20 11310.50000 4.65700000 331.05000 47.25000 10.53400 48.13500
28 10 20 23 20 11314.90000 4.66900000 331.05000 47.25000 10.53400 48.13500
28 10 20 23 20 11318.00000 4.66900000 331.08000 47.37000 10.53400 48.13500
28 10 20 23 21 11312.40000 4.66900000 330.84000 47.37000 10.53400 48.13500
28 10 20 23 21 11318.00000 4.67800000 330.84000 47.36000 10.53400 48.13500
28 10 20 23 22 11316.90000 4.67800000 330.95000 47.41000 10.53400 48.13500
28 10 20 23 22 11317.50000 4.67800000 330.98000 47.41000 10.53400 48.13500
28 10 20 23 23 11319.90000 4.67800000 330.98000 47.41000 10.53400 48.13500
28 10 20 23 23 11319.90000 4.67800000 331.05000 47.41000 10.53400 48.13500
28 10 20 23 23 11319.90000 4.67800000 331.05000 47.50000 10.53400 48.13500
28 10 20 23 24 11319.90000 4.67800000 330.91000 47.51000 10.53400 48.13500
28 10 20 23 24 11320.00000 4.67800000 330.91000 47.51000 10.53400 48.13500
28 10 20 23 25 11319.90000 4.67800000 330.91000 47.48000 10.53400 48.13500
28 10 20 23 25 11320.10000 4.67800000 330.90000 47.48000 10.53400 48.13500
28 10 20 23 26 11322.00000 4.67800000 330.90000 47.47000 10.53400 48.13500
28 10 20 23 26 11321.90000 4.67800000 330.91000 47.47000 10.53400 48.13500
28 10 20 23 26 11321.90000 4.67800000 330.90000 47.47000 10.53400 48.25100
28 10 20 23 27 11322.00000 4.67800000 330.96000 47.47000 10.53400 48.25100
28 10 20 23 27 11322.00000 4.67800000 330.96000 47.47000 10.53400 48.25100
28 10 20 23 28 11334.90000 4.67800000 330.96000 47.47000 10.53400 48.25100
28 10 20 23 28 11334.90000 4.67800000 330.95000 47.47000 10.53400 48.25100
28 10 20 23 29 11335.00000 4.67800000 330.96000 47.47000 10.53400 48.25100
28 10 20 23 29 11335.00000 4.67800000 330.96000 47.47000 10.53400 48.25100
28 10 20 23 29 11335.00000 4.67800000 330.96000 47.47000 10.53400 48.25100
28 10 20 23 30 11333.90000 4.67800000 330.98000 47.47000 10.53400 48.25100
28 10 20 23 30 11331.00000 4.67800000 330.98000 47.47000 10.53400 48.25100
28 10 20 23 31 11331.70000 4.67800000 330.98000 47.47000 10.53400 48.25100
28 10 20 23 31 11327.90000 4.67800000 330.97000 47.47000 10.53400 48.25100
28 10 20 23 32 11328.50000 4.67800000 330.97000 47.47000 10.53400 48.25100
28 10 20 23 32 11331.40000 4.67800000 330.97000 47.47000 10.53400 48.25100
28 10 20 23 32 11333.20000 4.67800000 330.97000 47.47000 10.53400 48.25100
28 10 20 23 33 11336.30000 4.67800000 331.13000 47.47000 10.53400 48.25100
28 10 20 23 33 11337.50000 4.67800000 331.13000 47.50000 10.53400 48.25100
28 10 20 23 34 11337.60000 4.67800000 331.13000 47.50000 10.53400 48.25100
28 10 20 23 34 11342.70000 4.67800000 331.49000 47.50000 10.53400 48.25100
28 10 20 23 35 11341.50000 4.67800000 331.49000 47.50000 10.53400 48.25100
28 10 20 23 35 11338.40000 4.67800000 331.58000 47.50000 10.53400 48.46900
28 10 20 23 35 11338.40000 4.67800000 331.58000 47.50000 10.53400 48.46900
28 10 20 23 36 11340.30000 4.67800000 331.58000 47.50000 10.53400 48.46900
28 10 20 23 36 11340.10000 4.67800000 331.58000 47.50000 10.53400 48.46900
28 10 20 23 37 11329.40000 4.67800000 331.58000 47.50000 10.53400 48.46900
28 10 20 23 37 11332.60000 4.67800000 331.58000 47.50000 10.53400 48.46900
28 10 20 23 38 11332.60000 4.67800000 331.58000 47.65000 10.53400 48.46900
28 10 20 23 38 11330.60000 4.67800000 331.62000 47.65000 10.53400 48.46900
28 10 20 23 38 11335.60000 4.67800000 331.85000 47.65000 10.53400 48.46900
28 10 20 23 39 11338.90000 4.67800000 332.43000 47.68000 10.53400 48.47300
28 10 20 23 39 11340.30000 4.67800000 332.43000 47.68000 10.53400 48.47300
28 10 20 23 40 11339.10000 4.67800000 332.47000 47.68000 10.53400 48.47300
28 10 20 23 40 11340.00000 4.67800000 332.47000 47.68000 10.53400 48.47300
28 10 20 23 41 11341.00000 4.67800000 332.55000 47.68000 10.53400 48.47300
28 10 20 23 41 11340.10000 4.67800000 332.55000 47.68000 10.53400 48.47300
28 10 20 23 41 11330.50000 4.67800000 332.23000 47.68000 10.53400 48.47300
28 10 20 23 42 11328.40000 4.67800000 332.23000 47.71000 10.53400 48.47300
