M=[
 2 5 21 11 19 47343.80000 37.82000000 2432.93000 225.43000 33.91700 205.27100
 2 5 21 11 19 47333.50000 37.94300000 2433.41000 225.43000 33.91700 205.27100
 2 5 21 11 19 47333.50000 37.91100000 2432.62000 225.40000 33.91700 205.27100
 2 5 21 11 20 47318.70000 37.91100000 2432.90000 225.40000 33.91700 205.07000
 2 5 21 11 20 47295.20000 37.84900000 2432.90000 225.34000 33.91700 205.07000
 2 5 21 11 21 47289.90000 37.76500000 2430.75000 225.18000 33.91700 205.07000
 2 5 21 11 21 47289.90000 37.67300000 2431.08000 225.19000 33.91700 205.07000
 2 5 21 11 22 47269.50000 37.67300000 2430.00000 225.19000 33.91700 205.03400
 2 5 21 11 22 47262.70000 37.66400000 2429.96000 225.09000 33.91700 204.96200
 2 5 21 11 22 47262.70000 37.66400000 2429.96000 225.06000 33.91700 204.96200
 2 5 21 11 23 47264.30000 37.66500000 2429.99000 225.06000 33.91700 204.96200
 2 5 21 11 23 47264.20000 37.60000000 2429.99000 225.06000 33.91700 204.96200
 2 5 21 11 24 47264.30000 37.49800000 2428.16000 225.06000 33.91700 204.96200
 2 5 21 11 24 47264.20000 37.56000000 2428.16000 225.00000 33.91700 204.96200
 2 5 21 11 25 47264.40000 37.57200000 2427.74000 225.00000 33.91700 204.96200
 2 5 21 11 25 47289.90000 37.68500000 2428.13000 225.00000 33.91700 204.96200
 2 5 21 11 25 47289.80000 37.64400000 2430.83000 225.00000 33.91700 204.96200
 2 5 21 11 26 47289.90000 37.70000000 2431.55000 224.88000 33.91700 205.03700
 2 5 21 11 26 47289.90000 37.48400000 2431.55000 224.88000 33.91700 205.03700
 2 5 21 11 27 47289.90000 37.70000000 2431.98000 224.95000 33.91700 205.03700
 2 5 21 11 27 47289.90000 37.70000000 2431.98000 224.85000 33.91700 205.03700
 2 5 21 11 27 47289.90000 37.65000000 2431.97000 224.80000 33.91700 205.03700
 2 5 21 11 28 47321.70000 37.65000000 2431.98000 224.80000 33.91700 205.03700
 2 5 21 11 28 47323.90000 37.65000000 2432.18000 224.85000 34.24600 204.96300
 2 5 21 11 29 47326.40000 37.65000000 2431.98000 224.77000 34.24600 204.96300
 2 5 21 11 29 47291.00000 37.65000000 2429.88000 224.43000 34.24600 204.96300
 2 5 21 11 30 47296.70000 37.65000000 2429.88000 224.43000 34.24600 204.96300
 2 5 21 11 30 47297.00000 37.75900000 2429.88000 224.43000 34.24600 204.96300
 2 5 21 11 30 47297.10000 37.75900000 2429.88000 224.68000 34.24600 204.96300
 2 5 21 11 31 47297.10000 37.84300000 2429.87000 224.68000 34.24600 204.96300
 2 5 21 11 31 47297.10000 37.84300000 2429.88000 224.64000 34.24600 204.90600
 2 5 21 11 32 47297.10000 37.87700000 2429.88000 224.64000 34.24600 204.90600
 2 5 21 11 32 47297.10000 37.92100000 2432.67000 224.64000 34.24600 204.90600
 2 5 21 11 33 47297.10000 37.93900000 2432.76000 224.82000 34.24600 204.90600
 2 5 21 11 33 47297.00000 37.93900000 2432.77000 224.82000 34.24600 204.90600
 2 5 21 11 33 47297.00000 37.99300000 2432.77000 224.82000 34.24600 204.90600
 2 5 21 11 34 47297.10000 37.99300000 2432.77000 224.82000 34.24600 204.90600
 2 5 21 11 34 47297.10000 37.89900000 2430.61000 224.64000 34.24600 204.90600
 2 5 21 11 35 47281.60000 37.99000000 2430.65000 224.64000 34.24600 204.90600
 2 5 21 11 35 47288.40000 37.99000000 2431.10000 224.60000 34.24600 204.90600
 2 5 21 11 36 47290.70000 37.96300000 2432.44000 224.75000 34.24600 204.90600
 2 5 21 11 36 47297.00000 37.83400000 2432.58000 224.73000 34.24600 204.90600
 2 5 21 11 36 47297.00000 37.88400000 2432.46000 224.86000 34.24600 204.90600
 2 5 21 11 37 47297.10000 37.67000000 2432.46000 224.86000 34.24600 204.73000
 2 5 21 11 37 47297.10000 37.87700000 2432.47000 224.86000 34.24600 204.73000
 2 5 21 11 38 47297.10000 37.87300000 2432.59000 224.89000 34.24600 204.73000
 2 5 21 11 38 47297.10000 37.88000000 2432.69000 224.89000 34.24600 204.73000
 2 5 21 11 39 47297.10000 37.94000000 2432.77000 225.06000 34.24600 204.73000
 2 5 21 11 39 47297.00000 37.93700000 2432.76000 225.12000 34.24600 204.73000
 2 5 21 11 39 47297.10000 37.83600000 2432.76000 225.05000 34.24600 204.73000
 2 5 21 11 40 47269.70000 37.82500000 2432.76000 224.79000 34.24600 204.73000
 2 5 21 11 40 47262.60000 37.80600000 2430.39000 224.77000 34.24600 204.73000
 2 5 21 11 41 47214.30000 37.68800000 2427.00000 224.50000 34.24600 204.73000
 2 5 21 11 41 47200.00000 37.62900000 2422.01000 224.50000 34.24600 204.73000
 2 5 21 11 42 47189.10000 37.57900000 2424.83000 224.69000 34.24600 204.51800
 2 5 21 11 42 47189.10000 37.57900000 2427.07000 224.69000 34.24600 204.40400
 2 5 21 11 42 47193.60000 37.60700000 2429.15000 225.10000 34.24600 204.51800
 2 5 21 11 43 47199.90000 37.57100000 2428.34000 225.10000 34.24600 204.51800
 2 5 21 11 43 47200.00000 37.63000000 2428.46000 225.10000 34.24600 204.51800
 2 5 21 11 44 47200.00000 37.65800000 2427.50000 225.10000 34.24600 204.88900
 2 5 21 11 44 47200.00000 37.65400000 2428.47000 225.14000 34.24600 204.88900
 2 5 21 11 45 47199.90000 37.72400000 2428.49000 225.12000 34.24600 204.88900
 2 5 21 11 45 47199.90000 37.74200000 2430.02000 225.12000 34.24600 204.88900
 2 5 21 11 45 47200.00000 37.74000000 2430.85000 225.12000 34.24600 204.88900
 2 5 21 11 46 47199.90000 37.65300000 2430.86000 225.26000 34.24600 205.09500
 2 5 21 11 46 47200.00000 37.61000000 2430.38000 225.26000 34.24600 205.09500
 2 5 21 11 47 47244.60000 37.69000000 2430.38000 225.28000 34.24600 205.09500
 2 5 21 11 47 47244.60000 37.75900000 2432.00000 225.63000 34.24600 205.09500
 2 5 21 11 48 47297.10000 37.75900000 2432.77000 225.91000 34.24600 205.09600
 2 5 21 11 48 47297.10000 37.84200000 2432.77000 225.79000 34.24600 205.09600
 2 5 21 11 48 47297.10000 37.84200000 2432.77000 225.79000 34.10100 205.09600
 2 5 21 11 49 47320.00000 37.85000000 2432.77000 225.79000 34.10100 205.09600
 2 5 21 11 49 47320.20000 37.85300000 2432.77000 225.79000 34.10100 205.09600
 2 5 21 11 50 47315.80000 37.85300000 2432.77000 225.81000 34.10100 205.09600
 2 5 21 11 50 47319.60000 37.85300000 2432.77000 225.81000 34.10100 205.09600
 2 5 21 11 51 47319.60000 37.83400000 2432.77000 225.81000 34.10100 205.42100
 2 5 21 11 51 47326.30000 37.83400000 2432.77000 226.00000 34.10100 205.42100
 2 5 21 11 51 47326.40000 37.83400000 2432.76000 226.00000 34.10100 205.42100
 2 5 21 11 52 47326.40000 37.84600000 2432.77000 226.00000 34.10100 205.42100
 2 5 21 11 52 47329.90000 37.84600000 2432.77000 225.99000 34.10100 205.42100
 2 5 21 11 53 47329.90000 37.84600000 2433.20000 226.00000 34.10100 205.42100
 2 5 21 11 53 47329.90000 37.78800000 2433.49000 226.00000 34.10100 205.42100
 2 5 21 11 54 47329.80000 37.81900000 2434.84000 226.13000 34.10100 205.42100
 2 5 21 11 54 47329.90000 37.83000000 2434.84000 226.08000 34.10100 205.42100
 2 5 21 11 54 47329.90000 37.81800000 2434.84000 226.09000 34.10100 205.42100
 2 5 21 11 55 47329.90000 37.81800000 2434.85000 226.25000 34.10100 205.42100
 2 5 21 11 55 47350.40000 37.81800000 2436.00000 226.29000 34.10100 205.42100
 2 5 21 11 56 47385.50000 37.94800000 2436.74000 226.29000 34.10100 205.42100
 2 5 21 11 56 47399.80000 37.94800000 2438.45000 226.36000 34.10100 205.42100
 2 5 21 11 57 47406.40000 37.94800000 2442.99000 226.36000 34.10100 205.42100
 2 5 21 11 57 47444.00000 38.00000000 2442.99000 226.54000 34.10100 205.42100
 2 5 21 11 57 47443.90000 38.05400000 2442.66000 226.56000 34.10100 205.42100
 2 5 21 11 58 47444.00000 38.00000000 2443.09000 226.67000 34.10100 205.42100
 2 5 21 11 58 47443.90000 38.04100000 2443.60000 226.39000 34.10100 205.42100
 2 5 21 11 59 47460.40000 38.11500000 2444.94000 226.47000 34.10100 205.42100
 2 5 21 11 59 47474.60000 38.04600000 2445.55000 226.53000 34.10100 205.42100
 2 5 21 12 00 47532.50000 38.13500000 2445.99000 226.48000 34.24700 206.28500
 2 5 21 12 00 47633.00000 38.15000000 2446.01000 226.40000 34.40800 206.28500
 2 5 21 12 00 47677.90000 38.23400000 2446.18000 226.67000 34.40800 206.28500
 2 5 21 12 01 47671.10000 38.29400000 2447.03000 226.67000 34.40800 206.28500
 2 5 21 12 01 47677.90000 38.29400000 2446.00000 226.89000 34.40800 206.28500
 2 5 21 12 02 47642.20000 38.14200000 2443.27000 226.89000 34.40800 206.00700
