M=[
18 5 20 03 12 9079.00000 6.31000000 197.86000 41.68000 11.83000 44.89300
18 5 20 03 12 9087.90000 6.31000000 198.39000 41.81000 11.83000 44.89300
18 5 20 03 13 9089.00000 6.33300000 198.47000 41.83000 11.83000 44.89300
18 5 20 03 13 9089.00000 6.31000000 198.48000 41.84000 11.83000 44.89300
18 5 20 03 13 9088.00000 6.33300000 198.48000 41.83000 11.83000 44.89300
18 5 20 03 14 9088.00000 6.33300000 198.33000 41.84000 11.83000 44.89300
18 5 20 03 14 9088.30000 6.33300000 198.33000 41.83000 11.83000 44.89300
18 5 20 03 15 9088.40000 6.31000000 198.33000 41.83000 11.83000 44.89300
18 5 20 03 15 9088.40000 6.33300000 198.33000 41.75000 11.83000 44.89300
18 5 20 03 16 9088.30000 6.33300000 197.91000 41.75000 11.83000 44.95700
18 5 20 03 16 9088.30000 6.33300000 197.91000 41.75000 11.83000 44.89300
18 5 20 03 17 9088.40000 6.33300000 197.81000 41.72000 11.83000 44.89300
18 5 20 03 17 9088.30000 6.33300000 197.81000 41.79000 11.83000 44.89300
18 5 20 03 18 9088.40000 6.33300000 197.96000 41.79000 11.83000 44.89300
18 5 20 03 18 9088.40000 6.33300000 197.81000 41.79000 11.83000 44.95700
18 5 20 03 18 9088.40000 6.33300000 197.93000 41.71000 11.83000 44.89300
18 5 20 03 19 9088.30000 6.33300000 198.00000 41.69000 11.83000 44.89300
18 5 20 03 19 9089.80000 6.33300000 198.00000 41.77000 11.83000 44.89300
18 5 20 03 20 9088.40000 6.33300000 198.00000 41.76000 11.83000 45.00000
18 5 20 03 20 9089.80000 6.33300000 198.00000 41.76000 11.83000 45.00000
18 5 20 03 21 9089.90000 6.31500000 197.88000 41.77000 11.83000 45.00000
18 5 20 03 21 9089.80000 6.31000000 198.00000 41.86000 11.83000 45.00000
18 5 20 03 22 9088.40000 6.31000000 198.00000 41.86000 11.83000 45.00000
18 5 20 03 22 9088.30000 6.31000000 198.00000 41.86000 11.83000 45.00000
18 5 20 03 23 9088.40000 6.31000000 197.82000 41.77000 11.83000 45.00000
18 5 20 03 23 9088.30000 6.31000000 197.82000 41.86000 11.83000 45.00000
18 5 20 03 23 9088.30000 6.31000000 197.53000 41.83000 11.83000 45.00000
18 5 20 03 24 9088.30000 6.31000000 197.68000 41.83000 11.83000 45.00000
18 5 20 03 24 9088.30000 6.31000000 197.45000 41.83000 11.83000 45.00000
18 5 20 03 25 9088.30000 6.31000000 197.45000 41.83000 11.83000 45.00000
18 5 20 03 25 9079.70000 6.31000000 197.45000 41.83000 11.83000 44.89300
18 5 20 03 26 9079.10000 6.31000000 197.42000 41.83000 11.83000 45.00000
18 5 20 03 26 9079.20000 6.31000000 197.41000 41.83000 11.83000 45.00000
18 5 20 03 27 9079.20000 6.31500000 197.40000 41.86000 11.83000 45.00000
18 5 20 03 27 9079.20000 6.31000000 197.40000 41.83000 11.83000 45.00000
18 5 20 03 27 9079.20000 6.31000000 197.40000 41.83000 11.83000 45.00000
18 5 20 03 28 9079.30000 6.31000000 197.40000 41.83000 11.83000 45.00000
18 5 20 03 28 9079.30000 6.31000000 197.40000 41.83000 11.83000 45.00000
18 5 20 03 29 9079.30000 6.31000000 197.40000 41.83000 11.83000 45.00000
18 5 20 03 29 9079.20000 6.31000000 197.53000 41.83000 11.83000 45.00000
18 5 20 03 30 9079.30000 6.31500000 197.53000 41.83000 11.83000 45.00000
18 5 20 03 30 9079.30000 6.31000000 197.60000 41.83000 11.83000 45.00000
18 5 20 03 31 9079.30000 6.31000000 197.60000 41.83000 11.83000 45.00000
18 5 20 03 31 9068.00000 6.31000000 197.50000 41.74000 11.83000 45.00000
18 5 20 03 32 9041.00000 6.32200000 196.82000 41.55000 11.80500 45.00000
18 5 20 03 32 9049.90000 6.32200000 196.81000 41.57000 11.80500 45.00000
18 5 20 03 33 9051.20000 6.32200000 196.81000 41.64000 11.80500 45.00000
18 5 20 03 33 9056.80000 6.32200000 196.93000 41.64000 11.80500 44.93000
18 5 20 03 34 9055.00000 6.32200000 196.93000 41.64000 11.80500 44.93000
18 5 20 03 34 9055.00000 6.32200000 196.93000 41.64000 11.80500 44.93000
18 5 20 03 35 9052.00000 6.32200000 196.93000 41.64000 11.80500 44.93000
18 5 20 03 35 9052.00000 6.32200000 197.05000 41.64000 11.83000 44.93000
18 5 20 03 35 9056.80000 6.31000000 197.05000 41.64000 11.80500 44.93000
18 5 20 03 36 9056.80000 6.32200000 197.23000 41.64000 11.80500 44.93000
18 5 20 03 36 9062.00000 6.32200000 197.21000 41.64000 11.80500 44.93000
18 5 20 03 37 9060.50000 6.32200000 197.21000 41.64000 11.80500 44.93000
18 5 20 03 37 9056.90000 6.32200000 197.21000 41.64000 11.80500 44.93000
18 5 20 03 38 9056.90000 6.33300000 197.08000 41.64000 11.80500 44.93000
18 5 20 03 38 9053.90000 6.32200000 197.08000 41.64000 11.80500 44.79300
18 5 20 03 39 9061.70000 6.32200000 197.23000 41.64000 11.80500 44.93000
18 5 20 03 39 9060.80000 6.32200000 197.08000 41.64000 11.80500 44.90000
18 5 20 03 40 9060.80000 6.32200000 197.08000 41.64000 11.80500 44.90000
18 5 20 03 40 9053.40000 6.32200000 197.08000 41.64000 11.83000 44.90000
18 5 20 03 41 9060.80000 6.32200000 197.08000 41.64000 11.83000 44.93000
18 5 20 03 41 9053.00000 6.32200000 197.12000 41.64000 11.83000 44.90000
18 5 20 03 41 9057.80000 6.32200000 197.12000 41.68000 11.80500 44.90000
18 5 20 03 42 9053.10000 6.32200000 197.12000 41.68000 11.83000 44.90000
18 5 20 03 42 9057.80000 6.32200000 197.12000 41.68000 11.83000 44.90000
18 5 20 03 43 9053.30000 6.33300000 196.99000 41.61000 11.83000 44.93000
18 5 20 03 43 9050.10000 6.32200000 196.99000 41.68000 11.80500 44.93000
18 5 20 03 44 9061.80000 6.32200000 196.99000 41.86000 11.83000 44.93000
18 5 20 03 44 9072.70000 6.32200000 196.99000 41.87000 11.83000 44.90000
18 5 20 03 45 9059.60000 6.32200000 196.99000 41.87000 11.83000 44.90000
18 5 20 03 45 9059.60000 6.32200000 196.99000 41.78000 11.83000 44.90000
18 5 20 03 46 9059.60000 6.32200000 197.34000 41.78000 11.83000 44.93200
18 5 20 03 46 9060.70000 6.32200000 197.34000 41.78000 11.83000 44.93200
18 5 20 03 47 9060.70000 6.32200000 197.34000 41.78000 11.83000 44.93200
18 5 20 03 47 9056.80000 6.32200000 197.34000 41.78000 11.83000 44.93200
18 5 20 03 48 9056.80000 6.32200000 197.34000 41.78000 11.83000 44.93200
18 5 20 03 48 9055.20000 6.32200000 197.34000 41.78000 11.83000 44.93000
18 5 20 03 48 9053.30000 6.32200000 197.34000 41.90000 11.83000 44.93200
18 5 20 03 49 9055.50000 6.32200000 197.34000 41.97000 11.83000 44.93200
18 5 20 03 49 9055.40000 6.32200000 197.47000 41.97000 11.83000 44.93200
18 5 20 03 50 9055.40000 6.32200000 197.47000 41.97000 11.83000 44.93200
18 5 20 03 50 9058.90000 6.32200000 197.47000 41.97000 11.83000 44.93200
18 5 20 03 51 9054.60000 6.32200000 197.59000 41.97000 11.83000 44.93200
18 5 20 03 51 9050.10000 6.32200000 197.59000 41.97000 11.83000 44.93200
18 5 20 03 52 9050.00000 6.32200000 197.59000 41.97000 11.83000 44.93200
18 5 20 03 52 9062.20000 6.32200000 197.60000 41.97000 11.83000 44.93200
18 5 20 03 53 9074.00000 6.32200000 197.71000 41.95000 11.83000 44.93200
18 5 20 03 53 9076.10000 6.32200000 197.71000 41.95000 11.83000 44.93200
18 5 20 03 54 9076.10000 6.32200000 197.71000 41.97000 11.83000 44.93200
18 5 20 03 54 9076.10000 6.32200000 197.71000 42.02000 11.83000 44.93200
18 5 20 03 55 9073.80000 6.32200000 197.71000 42.02000 11.83000 44.93200
18 5 20 03 55 9073.80000 6.32200000 197.63000 42.02000 11.83000 44.93200
18 5 20 03 56 9070.70000 6.32200000 197.63000 42.02000 11.83000 44.93200
18 5 20 03 56 9070.70000 6.32200000 197.63000 42.02000 11.83000 44.93200
18 5 20 03 56 9064.10000 6.32200000 197.66000 41.97000 11.83000 44.93200
18 5 20 03 57 9075.90000 6.32200000 197.71000 42.02000 11.83000 44.93200
18 5 20 03 57 9072.20000 6.32200000 197.66000 41.95000 11.83000 44.93200
18 5 20 03 58 9075.20000 6.31000000 197.66000 41.93000 11.83000 44.93200
18 5 20 03 58 9074.50000 6.32800000 197.70000 41.93000 11.80500 44.93200
18 5 20 03 59 9074.40000 6.32800000 197.70000 41.93000 11.83000 44.93200
18 5 20 03 59 9069.90000 6.32800000 197.70000 41.93000 11.83000 44.93200
18 5 20 04 00 9069.90000 6.32200000 197.70000 42.03000 11.83000 44.93000
18 5 20 04 00 9074.90000 6.32800000 197.71000 42.03000 11.83000 44.92900
18 5 20 04 00 9072.00000 6.32800000 198.00000 42.01000 11.83000 44.92900
18 5 20 04 01 9072.00000 6.32800000 197.61000 42.01000 11.80100 44.92900
18 5 20 04 01 9051.80000 6.32800000 197.52000 41.90000 11.80100 44.92900
