M=[
14 2 21 23 07 40450.00000 13.32800000 1504.02000 179.82000 36.19000 133.18200
14 2 21 23 07 40426.20000 13.32800000 1504.03000 179.82000 36.19000 133.18200
14 2 21 23 08 40461.90000 13.32800000 1504.03000 180.01000 36.19000 132.32800
14 2 21 23 08 40441.90000 13.32800000 1504.03000 179.81000 36.10000 132.32800
14 2 21 23 08 40424.00000 13.37300000 1504.03000 179.91000 36.10000 132.23600
14 2 21 23 09 40424.00000 13.34900000 1504.03000 179.83000 36.00000 132.05400
14 2 21 23 09 40406.90000 13.34900000 1502.34000 179.69000 36.00000 132.05400
14 2 21 23 10 40429.90000 13.35000000 1503.56000 179.77000 36.00000 132.05400
14 2 21 23 10 40429.80000 13.35000000 1503.55000 179.78000 36.00000 132.05400
14 2 21 23 11 40429.80000 13.35000000 1503.42000 179.78000 36.00000 132.05400
14 2 21 23 11 40421.00000 13.35000000 1503.56000 179.57000 36.00000 132.05400
14 2 21 23 11 40417.00000 13.35000000 1503.55000 179.59000 36.40300 131.60300
14 2 21 23 12 40430.00000 13.35000000 1503.55000 179.56000 36.40300 131.43400
14 2 21 23 12 40411.00000 13.35000000 1503.34000 179.59000 36.00000 131.31700
14 2 21 23 13 40426.90000 13.35000000 1504.63000 179.77000 36.00000 131.74700
14 2 21 23 13 40430.00000 13.35000000 1504.63000 179.69000 36.00000 131.74700
14 2 21 23 14 40430.00000 13.35000000 1505.02000 179.69000 36.00000 131.74700
14 2 21 23 14 40449.90000 13.40200000 1505.02000 179.69000 36.00000 131.51500
14 2 21 23 14 40449.90000 13.40200000 1505.02000 179.94000 36.00000 131.51500
14 2 21 23 15 40457.30000 13.40200000 1505.02000 180.04000 36.00000 131.51500
14 2 21 23 15 40451.50000 13.40200000 1504.11000 179.79000 36.22000 131.51900
14 2 21 23 16 40435.80000 13.37500000 1504.10000 179.67000 35.61500 131.51900
14 2 21 23 16 40435.70000 13.37500000 1503.62000 179.67000 36.18200 131.51900
14 2 21 23 17 40435.80000 13.37500000 1503.51000 179.68000 35.60900 131.51900
14 2 21 23 17 40434.70000 13.37500000 1502.67000 179.86000 36.17300 131.51900
14 2 21 23 17 40421.90000 13.37500000 1502.67000 179.86000 36.17300 131.51900
14 2 21 23 18 40421.90000 13.37500000 1502.66000 179.86000 36.09000 131.51900
14 2 21 23 18 40428.00000 13.37500000 1502.66000 179.86000 36.09000 131.51900
14 2 21 23 19 40449.00000 13.37500000 1503.35000 179.87000 36.09000 131.51900
14 2 21 23 19 40438.70000 13.37500000 1503.66000 179.87000 36.08300 131.51900
14 2 21 23 20 40438.60000 13.37500000 1503.66000 179.66000 36.08300 131.51900
14 2 21 23 20 40473.90000 13.37500000 1503.18000 179.67000 36.08300 131.67800
14 2 21 23 20 40474.40000 13.37500000 1504.68000 179.88000 35.88800 131.67800
14 2 21 23 21 40476.70000 13.37500000 1504.11000 179.88000 35.88800 131.67800
14 2 21 23 21 40536.00000 13.41600000 1504.11000 179.88000 35.88800 131.80700
14 2 21 23 22 40516.40000 13.41600000 1503.51000 179.88000 35.88800 131.80700
14 2 21 23 22 40532.30000 13.41600000 1503.73000 180.04000 35.88800 131.65000
14 2 21 23 23 40548.20000 13.41600000 1503.73000 180.04000 35.88800 131.65000
14 2 21 23 23 40518.30000 13.41600000 1503.73000 180.05000 35.88800 131.65000
14 2 21 23 23 40498.40000 13.41600000 1503.51000 179.59000 35.61000 131.65000
14 2 21 23 24 40498.30000 13.41600000 1503.29000 179.63000 35.61000 131.65000
14 2 21 23 24 40500.10000 13.41600000 1500.80000 179.63000 35.83300 131.65000
14 2 21 23 25 40480.80000 13.41600000 1501.00000 179.41000 35.83300 131.65000
14 2 21 23 25 40472.70000 13.51100000 1503.01000 179.85000 35.83300 131.65000
14 2 21 23 26 40511.50000 13.51100000 1503.01000 179.85000 35.83300 131.65000
14 2 21 23 26 40523.60000 13.51100000 1503.57000 179.80000 35.26600 131.71800
14 2 21 23 26 40549.70000 13.56800000 1504.30000 179.93000 35.25200 131.71800
14 2 21 23 27 40514.70000 13.56800000 1501.80000 179.65000 34.90000 131.71800
14 2 21 23 27 40489.60000 13.56800000 1500.41000 179.51000 34.90000 131.71800
14 2 21 23 28 40494.50000 13.56800000 1500.89000 178.86000 34.90000 131.71800
14 2 21 23 28 40481.20000 13.56800000 1500.41000 178.98000 34.90000 131.71800
14 2 21 23 29 40464.80000 13.56800000 1500.00000 179.07000 34.90000 131.15000
14 2 21 23 29 40463.80000 13.56800000 1499.87000 179.07000 34.55100 130.76000
14 2 21 23 29 40450.60000 13.56800000 1499.58000 178.98000 34.56900 130.76000
14 2 21 23 30 40435.10000 13.56800000 1496.14000 178.91000 34.91000 130.97100
14 2 21 23 30 40320.90000 13.44000000 1495.83000 178.68000 34.60700 130.76000
14 2 21 23 31 40319.50000 13.38700000 1495.01000 178.63000 34.60700 130.76000
14 2 21 23 31 40251.80000 13.38700000 1494.16000 177.94000 34.10100 130.76000
14 2 21 23 32 40267.10000 13.38700000 1494.37000 178.43000 34.88800 130.94800
14 2 21 23 32 40267.10000 13.38700000 1495.03000 178.44000 34.88800 130.76400
14 2 21 23 32 40295.50000 13.38700000 1496.94000 178.40000 34.95900 130.88500
14 2 21 23 33 40311.80000 13.38700000 1497.19000 178.35000 34.95900 130.94400
14 2 21 23 33 40272.80000 13.38700000 1496.43000 178.02000 34.95900 130.87500
14 2 21 23 34 40272.90000 13.38700000 1496.56000 177.93000 34.60100 130.87500
14 2 21 23 34 40229.00000 13.38700000 1495.44000 177.51000 35.25600 130.87500
14 2 21 23 35 40251.60000 13.39600000 1495.44000 177.83000 35.41300 130.87500
14 2 21 23 35 40200.10000 13.37600000 1492.00000 177.35000 35.41300 130.82000
14 2 21 23 35 40189.20000 13.37500000 1492.57000 177.24000 35.41300 130.82000
14 2 21 23 36 40145.10000 13.33600000 1491.70000 177.09000 35.41300 130.12000
14 2 21 23 36 40155.00000 13.31300000 1493.01000 177.01000 34.68000 130.18900
14 2 21 23 37 40159.00000 13.32100000 1491.97000 177.44000 34.68000 130.18900
14 2 21 23 37 40209.00000 13.32100000 1492.60000 177.45000 34.68000 129.52500
14 2 21 23 38 40212.00000 13.32100000 1493.73000 177.70000 34.68000 129.52500
14 2 21 23 38 40241.50000 13.32100000 1493.69000 177.83000 34.68000 129.52500
14 2 21 23 38 40244.50000 13.37500000 1493.84000 177.96000 35.08400 129.37300
14 2 21 23 39 40244.50000 13.37500000 1493.53000 177.86000 35.11500 129.52800
14 2 21 23 39 40290.50000 13.37500000 1494.32000 177.86000 35.08600 129.52800
14 2 21 23 40 40276.30000 13.37000000 1494.31000 178.09000 35.08600 129.52800
14 2 21 23 40 40290.50000 13.37000000 1494.56000 178.09000 35.08600 129.83000
14 2 21 23 41 40285.40000 13.37100000 1494.61000 178.17000 35.08600 129.83000
14 2 21 23 41 40268.30000 13.35200000 1494.21000 178.02000 35.10200 129.83000
14 2 21 23 41 40268.20000 13.35200000 1493.83000 178.21000 35.10200 129.83000
14 2 21 23 42 40319.60000 13.35200000 1496.02000 178.52000 34.93100 129.83000
14 2 21 23 42 40328.80000 13.35200000 1494.93000 178.55000 34.93100 129.62400
14 2 21 23 43 40311.50000 13.35200000 1494.84000 178.55000 35.14200 129.62400
14 2 21 23 43 40317.20000 13.35200000 1494.97000 178.55000 35.17200 129.62400
14 2 21 23 43 40337.40000 13.35200000 1495.78000 178.55000 35.17200 129.58700
14 2 21 23 44 40318.60000 13.35200000 1495.23000 178.55000 35.17200 129.58700
14 2 21 23 44 40320.60000 13.35200000 1495.23000 178.51000 35.30000 129.58700
14 2 21 23 45 40322.70000 13.35200000 1494.71000 178.51000 35.31500 129.19500
14 2 21 23 45 40311.80000 13.35200000 1494.70000 178.30000 35.31500 129.19500
14 2 21 23 46 40291.90000 13.35200000 1493.73000 178.05000 35.66900 129.52400
14 2 21 23 46 40315.10000 13.35200000 1494.40000 178.28000 35.67000 129.53100
14 2 21 23 46 40329.70000 13.35200000 1494.98000 178.37000 35.88800 129.53100
14 2 21 23 47 40330.50000 13.35200000 1494.76000 178.37000 35.88800 129.70100
14 2 21 23 47 40326.50000 13.35200000 1494.99000 178.37000 35.88800 129.99000
14 2 21 23 48 40338.80000 13.37700000 1494.99000 178.37000 35.88800 129.85500
14 2 21 23 48 40338.50000 13.37700000 1494.99000 178.37000 35.93600 130.00000
14 2 21 23 49 40344.20000 13.38800000 1494.14000 178.37000 35.93600 130.27300
14 2 21 23 49 40340.10000 13.38800000 1493.80000 178.40000 35.93600 130.27300
14 2 21 23 49 40341.00000 13.38800000 1494.82000 178.35000 35.93600 130.27300
14 2 21 23 50 40332.20000 13.38800000 1495.01000 178.35000 35.93600 130.27300
