M=[
17 2 21 15 21 42579.30000 12.71500000 1508.79000 190.46000 32.93900 135.68600
17 2 21 15 21 42579.10000 12.71500000 1510.34000 190.70000 32.93900 135.68600
17 2 21 15 22 42561.10000 12.71500000 1511.50000 190.67000 32.93900 135.68600
17 2 21 15 22 42550.20000 12.71500000 1511.46000 190.56000 32.98800 135.68600
17 2 21 15 22 42524.60000 12.71500000 1510.98000 190.55000 32.98800 135.68600
17 2 21 15 23 42527.40000 12.68600000 1509.07000 190.46000 32.98800 135.68600
17 2 21 15 23 42530.20000 12.68600000 1509.53000 190.27000 32.98800 135.68600
17 2 21 15 24 42539.00000 12.69900000 1508.87000 190.42000 32.98800 135.34600
17 2 21 15 24 42539.00000 12.69900000 1509.50000 190.71000 32.98800 135.34600
17 2 21 15 25 42539.00000 12.69900000 1509.15000 190.62000 32.98800 135.34600
17 2 21 15 25 42539.00000 12.69900000 1509.27000 190.64000 32.45500 135.68000
17 2 21 15 25 42535.30000 12.69900000 1509.35000 190.44000 32.45500 135.68000
17 2 21 15 26 42535.20000 12.69900000 1509.40000 190.44000 32.45500 135.68000
17 2 21 15 26 42492.10000 12.68600000 1509.41000 190.40000 32.45500 135.68000
17 2 21 15 27 42473.20000 12.68600000 1508.50000 190.20000 32.45500 135.68000
17 2 21 15 27 42503.60000 12.68600000 1507.18000 190.31000 32.45500 135.38300
17 2 21 15 28 42501.30000 12.60000000 1506.68000 189.97000 32.45500 135.34700
17 2 21 15 28 42503.60000 12.60000000 1507.49000 189.89000 32.45500 135.34700
17 2 21 15 28 42517.30000 12.67700000 1507.79000 189.40000 32.45500 135.34700
17 2 21 15 29 42517.30000 12.67700000 1507.79000 189.34000 32.45500 135.34700
17 2 21 15 29 42517.30000 12.67700000 1507.91000 189.00000 32.45500 135.34700
17 2 21 15 30 42560.30000 12.67100000 1508.76000 189.30000 32.93800 135.34700
17 2 21 15 30 42547.10000 12.67100000 1508.27000 189.18000 32.93800 135.34700
17 2 21 15 31 42517.40000 12.67100000 1506.56000 188.65000 33.00000 135.34700
17 2 21 15 31 42450.00000 12.62500000 1502.94000 188.55000 33.00000 135.34700
17 2 21 15 31 42450.70000 12.60800000 1503.80000 188.49000 33.00000 135.34700
17 2 21 15 32 42447.70000 12.64400000 1503.22000 188.20000 33.00000 135.34700
17 2 21 15 32 42410.70000 12.64300000 1503.22000 188.20000 33.15000 135.34700
17 2 21 15 33 42416.10000 12.64300000 1504.25000 188.78000 33.15000 135.34700
17 2 21 15 33 42467.10000 12.64300000 1504.24000 188.45000 33.15000 135.34700
17 2 21 15 34 42454.70000 12.64300000 1504.24000 188.23000 33.15000 135.34700
17 2 21 15 34 42463.50000 12.64300000 1504.24000 188.25000 33.15000 135.34700
17 2 21 15 34 42439.70000 12.64300000 1503.90000 188.25000 33.15000 135.34700
17 2 21 15 35 42457.70000 12.60000000 1503.74000 188.29000 33.15000 135.34700
17 2 21 15 35 42453.90000 12.60000000 1504.83000 188.30000 33.15000 135.34700
17 2 21 15 36 42458.50000 12.60000000 1506.34000 188.43000 33.15000 135.34700
17 2 21 15 36 42460.90000 12.65000000 1505.70000 188.45000 33.15000 135.34700
17 2 21 15 37 42476.40000 12.65000000 1506.21000 188.49000 33.15000 134.96700
17 2 21 15 37 42458.30000 12.65000000 1506.31000 188.44000 33.07100 134.96700
17 2 21 15 37 42425.00000 12.65000000 1503.65000 188.44000 32.75100 134.96700
17 2 21 15 38 42412.40000 12.65000000 1503.09000 188.13000 32.75100 134.85300
17 2 21 15 38 42429.10000 12.65000000 1503.74000 188.17000 32.75100 134.85300
17 2 21 15 39 42464.90000 12.65000000 1504.90000 188.19000 32.75100 134.93300
17 2 21 15 39 42450.30000 12.65000000 1504.66000 188.10000 32.75100 134.93300
17 2 21 15 40 42425.00000 12.65000000 1503.39000 187.51000 32.99400 134.63900
17 2 21 15 40 42448.60000 12.63100000 1505.00000 188.05000 32.99200 134.63900
17 2 21 15 40 42455.10000 12.63100000 1505.52000 188.00000 32.99200 134.63900
17 2 21 15 41 42486.30000 12.63100000 1505.94000 188.44000 32.99200 134.97000
17 2 21 15 41 42497.60000 12.63100000 1506.73000 188.41000 32.99200 134.97000
17 2 21 15 42 42501.00000 12.63100000 1506.47000 188.45000 32.99200 134.97000
17 2 21 15 42 42499.00000 12.63100000 1506.43000 188.45000 32.99400 135.14000
17 2 21 15 43 42505.10000 12.63100000 1505.25000 188.45000 32.99400 135.29300
17 2 21 15 43 42505.10000 12.63100000 1503.96000 188.58000 32.99400 135.29300
17 2 21 15 43 42462.80000 12.63100000 1503.09000 188.36000 32.99400 135.29300
17 2 21 15 44 42497.00000 12.62300000 1504.50000 188.52000 32.99400 135.00700
17 2 21 15 44 42488.90000 12.62600000 1504.28000 188.56000 32.99400 135.00700
17 2 21 15 45 42489.10000 12.62600000 1503.86000 188.62000 32.99400 135.00700
17 2 21 15 45 42482.30000 12.62600000 1504.24000 188.51000 32.99400 135.00700
17 2 21 15 46 42481.80000 12.62600000 1504.35000 188.73000 32.99400 135.00700
17 2 21 15 46 42482.00000 12.68500000 1505.85000 188.99000 32.99400 135.00700
17 2 21 15 46 42482.00000 12.68500000 1505.76000 189.18000 32.99400 135.00700
17 2 21 15 47 42472.50000 12.68500000 1505.29000 189.26000 32.99400 135.00700
17 2 21 15 47 42462.00000 12.68500000 1505.00000 189.18000 32.99400 135.00700
17 2 21 15 48 42463.10000 12.71600000 1505.24000 189.18000 32.99400 135.58400
17 2 21 15 48 42465.90000 12.71600000 1504.24000 189.03000 32.99400 135.58400
17 2 21 15 49 42406.10000 12.71600000 1503.00000 188.53000 32.99400 135.58400
17 2 21 15 49 42441.30000 12.71600000 1502.03000 188.49000 32.99400 135.58400
17 2 21 15 49 42438.00000 12.71600000 1502.01000 188.69000 32.99400 135.58400
17 2 21 15 50 42437.90000 12.71600000 1503.42000 188.85000 32.99400 135.55900
17 2 21 15 50 42438.00000 12.71600000 1503.59000 189.00000 32.99400 135.55900
17 2 21 15 51 42438.00000 12.71600000 1504.99000 189.28000 32.99400 135.55900
17 2 21 15 51 42499.50000 12.73900000 1505.06000 189.55000 32.99400 135.55900
17 2 21 15 52 42496.90000 12.73900000 1505.00000 189.68000 32.99400 135.55900
17 2 21 15 52 42504.40000 12.73900000 1506.63000 189.62000 32.99400 135.92400
17 2 21 15 52 42514.20000 12.73900000 1505.77000 189.43000 32.99400 135.92400
17 2 21 15 53 42549.70000 12.77500000 1506.69000 189.68000 32.99400 135.92400
17 2 21 15 53 42540.30000 12.77500000 1506.47000 189.79000 32.99400 135.65300
17 2 21 15 54 42534.50000 12.77500000 1505.90000 189.62000 32.99400 135.65300
17 2 21 15 54 42532.20000 12.77500000 1506.55000 189.42000 32.99400 135.65300
17 2 21 15 55 42531.90000 12.73000000 1506.53000 189.53000 33.07200 135.65300
17 2 21 15 55 42533.40000 12.73000000 1506.54000 189.69000 33.05100 135.96700
17 2 21 15 55 42533.30000 12.73000000 1506.26000 189.74000 33.05100 135.96700
17 2 21 15 56 42536.50000 12.73000000 1506.27000 189.83000 33.05100 135.96700
17 2 21 15 56 42536.50000 12.73000000 1506.38000 189.97000 33.05100 135.96700
17 2 21 15 57 42551.60000 12.73000000 1506.54000 190.21000 33.05100 135.96700
17 2 21 15 57 42538.10000 12.73000000 1506.55000 190.20000 33.05100 135.96700
17 2 21 15 58 42554.30000 12.73000000 1507.00000 190.29000 33.05100 135.96700
17 2 21 15 58 42533.50000 12.73000000 1506.74000 190.06000 33.29500 136.79000
17 2 21 15 58 42519.20000 12.73000000 1505.91000 190.25000 33.29500 138.68500
17 2 21 15 59 42530.00000 12.73000000 1506.78000 190.25000 33.29500 138.30500
17 2 21 15 59 42519.10000 12.73000000 1505.32000 190.27000 33.29500 137.93800
17 2 21 16 00 42593.20000 12.77000000 1509.40000 191.40000 33.29500 138.59200
17 2 21 16 00 42616.40000 12.77000000 1510.97000 190.64000 33.57700 140.00000
17 2 21 16 01 42699.00000 12.77000000 1512.54000 191.91000 33.57700 141.00000
17 2 21 16 01 42675.60000 12.77000000 1514.13000 191.11000 33.57700 141.60200
17 2 21 16 01 42687.40000 12.77000000 1514.71000 191.47000 33.53500 142.65400
17 2 21 16 02 42717.90000 12.77000000 1514.99000 191.99000 33.53500 141.60400
17 2 21 16 02 42715.20000 12.79300000 1515.75000 192.32000 33.53500 142.74400
17 2 21 16 03 42723.10000 12.79300000 1515.75000 192.69000 33.55700 143.85900
17 2 21 16 03 42656.70000 12.79300000 1514.18000 192.40000 33.55700 142.90900
17 2 21 16 04 42652.70000 12.79300000 1513.89000 191.78000 33.55700 142.86300
17 2 21 16 04 42627.20000 12.79300000 1511.67000 191.80000 33.23500 141.46600
