M=[
12 6 20 03 17 8284.90000 5.61500000 207.00000 38.71000 12.62000 44.61000
12 6 20 03 17 8276.70000 5.61500000 206.72000 38.71000 12.62000 44.64000
12 6 20 03 18 8285.00000 5.61500000 207.00000 38.71000 12.59000 44.64000
12 6 20 03 18 8285.00000 5.61500000 207.00000 38.71000 12.62000 44.64000
12 6 20 03 19 8285.00000 5.61500000 206.95000 38.71000 12.62000 44.64000
12 6 20 03 19 8285.00000 5.61500000 206.99000 38.71000 12.62000 44.64000
12 6 20 03 20 8290.00000 5.62000000 207.26000 38.71000 12.62000 44.67200
12 6 20 03 21 8290.00000 5.62000000 207.26000 38.71000 12.62000 44.67200
12 6 20 03 21 8290.00000 5.62000000 207.26000 38.71000 12.62000 44.67200
12 6 20 03 22 8290.00000 5.62000000 207.26000 38.71000 12.62000 44.67200
12 6 20 03 22 8289.90000 5.61500000 206.86000 38.72000 12.62000 44.52000
12 6 20 03 23 8289.90000 5.62000000 206.86000 38.71000 12.62000 44.67200
12 6 20 03 23 8283.10000 5.62000000 206.86000 38.72000 12.62000 44.67200
12 6 20 03 24 8281.90000 5.62000000 206.86000 38.72000 12.62000 44.67200
12 6 20 03 24 8284.00000 5.62000000 206.79000 38.72000 12.62000 44.66100
12 6 20 03 25 8283.90000 5.62000000 206.72000 38.71000 12.62000 44.67200
12 6 20 03 25 8283.90000 5.62000000 206.72000 38.71000 12.62000 44.67200
12 6 20 03 26 8282.90000 5.62000000 206.88000 38.71000 12.62000 44.67200
12 6 20 03 26 8290.00000 5.62000000 206.88000 38.71000 12.62000 44.67200
12 6 20 03 27 8290.00000 5.62000000 206.86000 38.71000 12.62000 44.52000
12 6 20 03 27 8289.90000 5.62000000 206.86000 38.71000 12.62000 44.67200
12 6 20 03 28 8289.90000 5.62000000 207.00000 38.71000 12.62000 44.67200
12 6 20 03 28 8289.90000 5.62000000 206.96000 38.71000 12.62000 44.67200
12 6 20 03 29 8290.00000 5.61500000 206.96000 38.71000 12.68700 44.67200
12 6 20 03 29 8289.90000 5.62000000 206.96000 38.71000 12.65000 44.67200
12 6 20 03 30 8289.90000 5.62000000 206.96000 38.71000 12.65000 44.67200
12 6 20 03 30 8290.00000 5.62000000 206.96000 38.71000 12.68700 44.67200
12 6 20 03 31 8289.90000 5.62000000 207.07000 38.71000 12.65000 44.67200
12 6 20 03 31 8290.00000 5.62000000 207.07000 38.71000 12.65000 44.67200
12 6 20 03 32 8290.00000 5.62000000 207.07000 38.71000 12.65000 44.67200
12 6 20 03 32 8289.90000 5.62000000 207.07000 38.71000 12.65000 44.67200
12 6 20 03 33 8289.90000 5.62000000 207.01000 38.71000 12.62000 44.67200
12 6 20 03 33 8290.00000 5.62000000 207.01000 38.71000 12.65000 44.67200
12 6 20 03 34 8290.00000 5.62000000 207.01000 38.71000 12.62000 44.67200
12 6 20 03 34 8290.00000 5.62000000 207.01000 38.71000 12.65000 44.67200
12 6 20 03 35 8290.00000 5.62000000 207.01000 38.71000 12.65000 44.67200
12 6 20 03 35 8290.00000 5.62000000 207.01000 38.71000 12.65000 44.67200
12 6 20 03 36 8289.90000 5.62000000 207.01000 38.71000 12.65000 44.70500
12 6 20 03 36 8289.90000 5.62000000 207.01000 38.71000 12.65000 44.70500
12 6 20 03 37 8290.00000 5.61500000 207.01000 38.72000 12.65000 44.70500
12 6 20 03 37 8289.90000 5.62000000 207.18000 38.76000 12.73900 44.70500
12 6 20 03 38 8290.00000 5.62000000 207.24000 38.76000 12.73900 44.70500
12 6 20 03 38 8290.00000 5.62000000 207.24000 38.73000 12.73900 44.70500
12 6 20 03 39 8290.00000 5.62000000 207.24000 38.73000 12.73900 44.70500
12 6 20 03 39 8295.00000 5.60000000 207.24000 38.73000 12.73900 44.70500
12 6 20 03 40 8295.00000 5.61500000 207.26000 38.73000 12.73900 44.70500
12 6 20 03 40 8295.00000 5.62000000 207.26000 38.76000 12.73900 44.70500
12 6 20 03 41 8295.00000 5.62000000 207.26000 38.73000 12.62000 44.70500
12 6 20 03 41 8300.00000 5.63600000 207.33000 38.76000 12.73900 44.70500
12 6 20 03 42 8299.90000 5.63600000 207.33000 38.73000 12.65000 44.70500
12 6 20 03 42 8299.90000 5.63600000 207.29000 38.73000 12.73900 44.70500
12 6 20 03 43 8300.00000 5.63600000 207.10000 38.68000 12.62000 44.70500
12 6 20 03 43 8301.40000 5.63600000 207.10000 38.73000 12.73900 44.70500
12 6 20 03 44 8301.30000 5.63600000 207.22000 38.70000 12.65000 44.70500
12 6 20 03 44 8301.40000 5.63600000 207.22000 38.70000 12.73900 44.67200
12 6 20 03 45 8305.00000 5.63600000 207.22000 38.70000 12.73900 44.70500
12 6 20 03 45 8304.30000 5.64600000 207.22000 38.70000 12.73900 44.78900
12 6 20 03 46 8305.00000 5.64600000 207.29000 38.70000 12.73900 44.78900
12 6 20 03 46 8305.00000 5.64600000 207.29000 38.70000 12.73900 44.78900
12 6 20 03 47 8305.00000 5.64600000 207.29000 38.70000 12.73900 44.78900
12 6 20 03 47 8305.00000 5.64600000 207.19000 38.70000 12.73900 44.78900
12 6 20 03 48 8303.90000 5.64600000 206.96000 38.70000 12.65000 44.78900
12 6 20 03 48 8303.90000 5.61500000 207.22000 38.73000 12.73900 44.78900
12 6 20 03 49 8302.50000 5.61500000 206.96000 38.70000 12.73900 44.78900
12 6 20 03 49 8302.50000 5.64600000 206.96000 38.70000 12.73900 44.78900
12 6 20 03 50 8302.40000 5.64600000 206.98000 38.70000 12.73900 44.78900
12 6 20 03 50 8302.50000 5.64600000 206.96000 38.70000 12.62000 44.78900
12 6 20 03 51 8302.50000 5.64600000 206.96000 38.70000 12.73900 44.78900
12 6 20 03 51 8301.50000 5.64600000 206.96000 38.70000 12.73900 44.78900
12 6 20 03 52 8301.40000 5.64600000 206.96000 38.70000 12.73900 44.78900
12 6 20 03 52 8300.40000 5.64600000 206.96000 38.70000 12.65000 44.70500
12 6 20 03 53 8300.40000 5.63600000 206.96000 38.70000 12.73900 44.78900
12 6 20 03 53 8300.30000 5.64600000 206.69000 38.70000 12.73900 44.78900
12 6 20 03 54 8300.30000 5.64600000 206.69000 38.70000 12.73900 44.78900
12 6 20 03 54 8292.40000 5.64600000 206.60000 38.70000 12.73900 44.78900
12 6 20 03 55 8291.70000 5.64600000 206.60000 38.70000 12.65000 44.70500
12 6 20 03 55 8288.80000 5.64600000 206.60000 38.70000 12.65000 44.78900
12 6 20 03 56 8290.20000 5.64600000 206.60000 38.70000 12.65000 44.68000
12 6 20 03 56 8290.90000 5.64600000 206.66000 38.70000 12.73900 44.68000
12 6 20 03 57 8291.00000 5.64600000 206.60000 38.60000 12.73900 44.60600
12 6 20 03 57 8291.30000 5.64600000 206.55000 38.60000 12.73900 44.67200
12 6 20 03 58 8291.40000 5.64600000 206.59000 38.60000 12.73900 44.60600
12 6 20 03 58 8289.20000 5.64600000 206.64000 38.60000 12.73900 44.60600
12 6 20 03 59 8285.50000 5.63300000 206.66000 38.60000 12.73900 44.60600
12 6 20 04 00 8282.80000 5.63300000 206.63000 38.60000 12.73900 44.60600
12 6 20 04 00 8283.50000 5.63300000 206.71000 38.60000 12.73900 44.60600
12 6 20 04 01 8282.40000 5.63300000 206.56000 38.55000 12.73900 44.60500
12 6 20 04 01 8282.40000 5.63300000 206.54000 38.53000 12.65000 44.60500
12 6 20 04 02 8282.40000 5.63300000 206.58000 38.56000 12.62000 44.60600
12 6 20 04 02 8282.00000 5.63300000 206.49000 38.56000 12.73900 44.60500
12 6 20 04 03 8282.00000 5.63300000 206.67000 38.56000 12.73900 44.60500
12 6 20 04 03 8282.90000 5.63300000 206.68000 38.56000 12.73900 44.60500
12 6 20 04 04 8283.40000 5.63600000 206.68000 38.56000 12.73900 44.70500
12 6 20 04 04 8283.40000 5.63300000 206.76000 38.56000 12.73900 44.60500
12 6 20 04 05 8283.50000 5.63300000 206.76000 38.56000 12.65000 44.60500
12 6 20 04 05 8283.50000 5.63300000 206.76000 38.56000 12.73900 44.60500
12 6 20 04 06 8282.80000 5.63300000 206.66000 38.56000 12.73900 44.60500
12 6 20 04 06 8275.70000 5.63300000 206.66000 38.53000 12.73900 44.60500
12 6 20 04 07 8279.80000 5.63300000 206.66000 38.56000 12.62000 44.60500
12 6 20 04 07 8278.70000 5.63300000 206.89000 38.56000 12.73900 44.60600
12 6 20 04 08 8279.80000 5.63300000 206.89000 38.56000 12.73900 44.60500
12 6 20 04 08 8286.80000 5.62200000 206.89000 38.56000 12.65000 44.60500
12 6 20 04 09 8286.80000 5.62200000 206.49000 38.56000 12.65000 44.60500
12 6 20 04 09 8291.40000 5.62200000 207.21000 38.56000 12.73900 44.60500
12 6 20 04 10 8291.30000 5.62200000 207.21000 38.56000 12.73900 44.60500
12 6 20 04 10 8295.90000 5.62200000 207.21000 38.56000 12.73900 44.70500
12 6 20 04 11 8296.00000 5.62200000 207.30000 38.56000 12.73900 44.67200
12 6 20 04 11 8291.40000 5.62200000 207.30000 38.56000 12.73900 44.60500
12 6 20 04 12 8300.00000 5.62200000 207.35000 38.56000 12.65000 44.67200
