M=[
18 1 21 18 42 29772.00000 6.28700000 1015.32000 123.36000 17.03200 85.85200
18 1 21 18 42 29792.80000 6.28700000 1014.85000 123.36000 17.03200 85.71100
18 1 21 18 43 29821.20000 6.28700000 1014.72000 123.36000 17.03200 85.71100
18 1 21 18 43 29801.50000 6.28700000 1013.67000 123.41000 17.03200 85.82000
18 1 21 18 44 29804.80000 6.28700000 1015.66000 123.41000 17.03200 85.82000
18 1 21 18 44 29792.90000 6.28700000 1015.00000 123.46000 17.03200 85.81000
18 1 21 18 44 29779.10000 6.28700000 1013.47000 123.42000 17.03200 85.81000
18 1 21 18 45 29760.90000 6.28700000 1013.40000 123.42000 17.03200 85.81000
18 1 21 18 45 29751.00000 6.28700000 1012.81000 123.22000 17.03200 85.81000
18 1 21 18 46 29780.40000 6.28700000 1013.03000 123.32000 17.03200 85.81000
18 1 21 18 46 29789.10000 6.28700000 1013.36000 123.32000 17.03200 85.81000
18 1 21 18 47 29755.20000 6.28700000 1012.83000 123.22000 17.03200 85.81000
18 1 21 18 47 29763.80000 6.28700000 1012.83000 123.32000 17.03200 85.81000
18 1 21 18 47 29752.90000 6.28700000 1012.59000 123.16000 17.03200 85.81000
18 1 21 18 48 29760.60000 6.28700000 1013.54000 123.14000 17.03200 85.81000
18 1 21 18 48 29743.80000 6.28700000 1012.59000 123.11000 17.03200 85.81000
18 1 21 18 49 29739.70000 6.28700000 1012.59000 123.14000 17.03200 85.81000
18 1 21 18 49 29733.00000 6.28700000 1012.09000 123.14000 17.03200 85.81000
18 1 21 18 50 29663.80000 6.28700000 1010.79000 123.14000 17.03200 85.81000
18 1 21 18 50 29696.80000 6.28700000 1010.65000 123.08000 17.03200 85.81000
18 1 21 18 50 29662.60000 6.28700000 1010.48000 122.91000 17.03200 85.81000
18 1 21 18 51 29652.20000 6.28700000 1010.34000 122.92000 17.03200 85.81000
18 1 21 18 51 29618.20000 6.28700000 1010.26000 122.76000 17.03200 85.81000
18 1 21 18 52 29618.20000 6.28700000 1009.00000 122.82000 17.03200 85.81000
18 1 21 18 52 29610.30000 6.28700000 1008.91000 122.82000 17.03200 85.81000
18 1 21 18 53 29599.90000 6.28700000 1008.90000 122.81000 17.03200 85.81000
18 1 21 18 53 29600.00000 6.28700000 1009.30000 122.86000 17.03200 85.81000
18 1 21 18 53 29610.60000 6.28700000 1009.91000 122.82000 17.03200 85.81000
18 1 21 18 54 29631.70000 6.28700000 1009.23000 122.95000 17.03200 85.81000
18 1 21 18 54 29640.70000 6.28700000 1010.15000 122.97000 17.03200 85.81000
18 1 21 18 55 29651.00000 6.30600000 1010.81000 122.83000 17.03200 85.81000
18 1 21 18 55 29671.40000 6.30600000 1011.82000 123.00000 17.03200 85.81000
18 1 21 18 56 29655.30000 6.30600000 1011.82000 123.00000 17.03200 85.81000
18 1 21 18 56 29665.70000 6.30600000 1010.60000 122.88000 17.03200 85.81000
18 1 21 18 56 29706.00000 6.30600000 1012.02000 123.00000 17.03200 85.81000
18 1 21 18 57 29708.20000 6.30600000 1011.95000 123.16000 17.03200 85.81000
18 1 21 18 57 29699.40000 6.30600000 1012.65000 123.21000 17.03200 85.81000
18 1 21 18 58 29707.20000 6.32600000 1012.31000 123.21000 17.03200 85.81000
18 1 21 18 58 29667.10000 6.32600000 1011.99000 123.02000 17.03200 85.81000
18 1 21 18 59 29707.00000 6.32600000 1012.10000 123.16000 17.03200 85.81000
18 1 21 18 59 29696.40000 6.32600000 1011.95000 123.13000 17.03200 85.81000
18 1 21 18 59 29697.70000 6.32600000 1012.49000 123.13000 17.03200 85.81000
18 1 21 19 00 29691.00000 6.32600000 1012.08000 123.12000 17.03200 85.59400
18 1 21 19 00 29685.90000 6.32600000 1011.17000 123.08000 17.03200 85.59400
18 1 21 19 01 29668.20000 6.32600000 1011.97000 123.08000 17.03200 85.59400
18 1 21 19 01 29668.30000 6.28100000 1011.97000 122.94000 17.03200 85.59400
18 1 21 19 02 29651.30000 6.30900000 1010.60000 122.99000 17.03100 85.38000
18 1 21 19 02 29654.30000 6.30800000 1011.59000 122.98000 17.03100 85.49400
18 1 21 19 02 29666.90000 6.30800000 1011.88000 122.95000 17.03100 85.49400
18 1 21 19 03 29669.40000 6.30800000 1011.91000 122.94000 17.03100 85.49400
18 1 21 19 03 29685.10000 6.30800000 1011.92000 122.95000 17.03100 85.49400
18 1 21 19 04 29711.60000 6.30800000 1011.93000 123.03000 17.03100 85.49000
18 1 21 19 04 29720.60000 6.30800000 1011.93000 123.03000 17.03100 85.49000
18 1 21 19 05 29735.20000 6.30800000 1013.20000 123.22000 17.03100 85.49000
18 1 21 19 05 29714.30000 6.30800000 1013.20000 123.13000 17.03100 85.48100
18 1 21 19 05 29717.50000 6.30800000 1013.46000 123.20000 17.03100 85.54200
18 1 21 19 06 29728.20000 6.30800000 1014.22000 123.20000 17.03100 85.54200
18 1 21 19 06 29732.00000 6.30800000 1014.99000 123.20000 17.03100 85.54200
18 1 21 19 07 29725.80000 6.30800000 1014.96000 123.19000 17.03100 85.54200
18 1 21 19 07 29723.60000 6.30800000 1015.91000 123.19000 17.03100 85.54200
18 1 21 19 08 29722.40000 6.30800000 1015.99000 123.19000 17.03100 85.54200
18 1 21 19 08 29708.30000 6.31400000 1015.79000 123.14000 17.03100 85.54200
18 1 21 19 08 29727.80000 6.31400000 1016.00000 123.18000 17.03100 85.54200
18 1 21 19 09 29706.90000 6.31400000 1016.00000 123.19000 17.03100 85.54200
18 1 21 19 09 29706.50000 6.31400000 1016.00000 123.21000 17.03100 85.54200
18 1 21 19 10 29709.20000 6.31400000 1015.97000 123.19000 17.03100 85.54200
18 1 21 19 10 29709.20000 6.31800000 1016.33000 123.19000 17.03100 85.54200
18 1 21 19 11 29733.00000 6.31800000 1016.70000 123.22000 17.03100 85.54200
18 1 21 19 11 29715.30000 6.31800000 1016.50000 123.19000 17.03100 85.54200
18 1 21 19 11 29728.40000 6.31800000 1016.62000 123.17000 17.03100 85.54200
18 1 21 19 12 29727.20000 6.30900000 1016.60000 123.17000 17.03100 85.59400
18 1 21 19 12 29768.20000 6.30900000 1018.22000 123.17000 17.03100 85.59400
18 1 21 19 13 29843.40000 6.31800000 1020.00000 123.23000 17.03100 85.59400
18 1 21 19 13 29855.90000 6.31800000 1020.00000 123.23000 17.03100 85.59400
18 1 21 19 14 29863.10000 6.31800000 1020.00000 123.43000 17.03100 85.59400
18 1 21 19 14 29863.10000 6.31800000 1020.00000 123.43000 17.03100 85.30700
18 1 21 19 14 29862.30000 6.31800000 1020.64000 123.43000 17.03100 85.30700
18 1 21 19 15 29884.70000 6.32300000 1021.99000 123.37000 17.03100 85.30700
18 1 21 19 15 29922.50000 6.32300000 1022.10000 123.37000 17.03100 85.30700
18 1 21 19 16 29905.40000 6.32300000 1022.41000 123.28000 17.03100 85.30700
18 1 21 19 16 29894.70000 6.32600000 1021.36000 123.28000 17.03100 85.30700
18 1 21 19 16 29889.00000 6.32600000 1021.46000 123.26000 17.03100 85.30700
18 1 21 19 17 29908.70000 6.32600000 1023.00000 123.28000 17.03100 85.30700
18 1 21 19 17 29885.90000 6.29600000 1021.79000 123.28000 17.03100 85.30700
18 1 21 19 18 29900.00000 6.29600000 1022.42000 123.26000 17.03100 85.32100
18 1 21 19 18 29889.20000 6.29600000 1023.10000 123.16000 17.03100 85.32100
18 1 21 19 19 29889.30000 6.29600000 1022.43000 123.16000 17.03100 85.32100
18 1 21 19 19 29876.10000 6.29600000 1022.00000 123.28000 17.03100 85.32100
18 1 21 19 19 29876.00000 6.29600000 1021.76000 123.24000 17.03100 85.32100
18 1 21 19 20 29851.20000 6.29600000 1021.74000 123.24000 17.03100 85.32100
18 1 21 19 20 29854.10000 6.29600000 1021.16000 123.10000 17.03100 85.32100
18 1 21 19 21 29871.10000 6.29600000 1022.71000 123.10000 17.03100 85.32100
18 1 21 19 21 29854.00000 6.29600000 1021.53000 123.12000 17.03100 85.32100
18 1 21 19 22 29854.00000 6.29600000 1021.82000 123.21000 17.03100 85.54600
18 1 21 19 22 29853.60000 6.29600000 1021.82000 123.04000 17.03100 85.54600
18 1 21 19 22 29850.80000 6.29600000 1021.82000 123.04000 17.03100 85.54600
18 1 21 19 23 29861.80000 6.29600000 1022.32000 123.04000 17.03100 85.54600
18 1 21 19 23 29863.50000 6.29600000 1021.54000 123.04000 17.03100 85.54600
18 1 21 19 24 29862.10000 6.29600000 1021.42000 123.15000 17.03100 85.54600
18 1 21 19 24 29862.00000 6.29600000 1021.11000 123.12000 17.03100 85.54600
18 1 21 19 25 29862.10000 6.29600000 1021.23000 123.12000 17.03100 85.54600
18 1 21 19 25 29872.50000 6.29600000 1021.17000 123.12000 17.03100 85.57200
18 1 21 19 25 29853.10000 6.29600000 1019.59000 123.04000 17.03100 85.51500
18 1 21 19 26 29850.00000 6.29600000 1019.63000 122.72000 17.03100 85.51500
18 1 21 19 26 29810.50000 6.29600000 1018.80000 122.79000 17.03100 85.51500
