M=[
21 9 20 06 20 9254.80000 5.04100000 316.34000 40.14000 12.78200 48.59700
21 9 20 06 20 9254.80000 5.04100000 316.34000 40.14000 12.78200 48.59700
21 9 20 06 21 9254.40000 5.04100000 316.22000 40.14000 12.78200 48.59700
21 9 20 06 21 9254.50000 5.04100000 316.22000 40.17000 12.78200 48.59700
21 9 20 06 22 9254.50000 5.04100000 316.22000 40.14000 12.78200 48.59700
21 9 20 06 22 9254.40000 5.04100000 316.23000 40.14000 12.78200 48.59700
21 9 20 06 23 9254.40000 5.06400000 316.22000 40.14000 12.78200 48.59700
21 9 20 06 23 9254.40000 5.06200000 316.22000 40.14000 12.78200 48.59700
21 9 20 06 23 9250.10000 5.06200000 316.22000 40.14000 12.78200 48.59700
21 9 20 06 24 9250.00000 5.06200000 316.22000 40.14000 12.78200 48.59700
21 9 20 06 24 9250.10000 5.06000000 316.21000 40.14000 12.73700 48.59700
21 9 20 06 25 9250.10000 5.06000000 315.97000 40.14000 12.73700 48.59700
21 9 20 06 25 9250.00000 5.06000000 315.98000 40.14000 12.73700 48.59700
21 9 20 06 26 9250.10000 5.06500000 315.78000 40.14000 12.73700 48.48000
21 9 20 06 26 9250.00000 5.06500000 315.79000 40.14000 12.73700 48.48000
21 9 20 06 26 9250.00000 5.06500000 315.79000 40.14000 12.73700 48.48000
21 9 20 06 27 9250.10000 5.06500000 315.79000 40.08000 12.73700 48.48000
21 9 20 06 27 9250.10000 5.06500000 315.79000 40.08000 12.73700 48.48000
21 9 20 06 28 9250.00000 5.06500000 315.78000 40.08000 12.73700 48.48000
21 9 20 06 28 9250.00000 5.06500000 315.69000 40.08000 12.73700 48.48000
21 9 20 06 29 9248.10000 5.06500000 315.61000 40.08000 12.73700 48.48000
21 9 20 06 29 9246.10000 5.06500000 315.73000 40.08000 12.73700 48.48000
21 9 20 06 30 9246.20000 5.06500000 315.71000 40.08000 12.73700 48.44000
21 9 20 06 30 9246.20000 5.06500000 315.56000 40.08000 12.64600 48.44000
21 9 20 06 30 9246.10000 5.06500000 315.56000 40.08000 12.64600 48.44000
21 9 20 06 31 9246.20000 5.06500000 315.56000 40.08000 12.64600 48.44000
21 9 20 06 31 9246.10000 5.06500000 315.54000 40.08000 12.64600 48.44000
21 9 20 06 32 9246.10000 5.06500000 315.54000 40.08000 12.64600 48.44000
21 9 20 06 32 9241.40000 5.06500000 315.51000 39.92000 12.64600 48.44000
21 9 20 06 33 9241.40000 5.06500000 315.51000 39.92000 12.64600 48.44000
21 9 20 06 33 9241.40000 5.06500000 315.51000 39.92000 12.64600 48.44000
21 9 20 06 33 9245.90000 5.06500000 315.51000 39.92000 12.64600 48.44000
21 9 20 06 34 9246.30000 5.06500000 315.43000 39.92000 12.64600 48.44000
21 9 20 06 34 9245.00000 5.06500000 315.43000 39.92000 12.64600 48.44000
21 9 20 06 35 9245.20000 5.06500000 315.36000 39.91000 12.64600 48.44000
21 9 20 06 35 9242.90000 5.06500000 315.32000 39.92000 12.64600 48.44000
21 9 20 06 36 9240.00000 5.06500000 315.38000 39.92000 12.64600 48.44000
21 9 20 06 36 9239.50000 5.04100000 315.24000 39.91000 12.64600 48.44000
21 9 20 06 36 9239.10000 5.04100000 315.24000 39.91000 12.64600 48.44000
21 9 20 06 37 9238.80000 5.04100000 315.24000 39.91000 12.64600 48.44000
21 9 20 06 37 9238.90000 5.04100000 315.24000 39.92000 12.64600 48.44000
21 9 20 06 38 9238.80000 5.04100000 315.19000 39.91000 12.64600 48.44000
21 9 20 06 38 9238.90000 5.04100000 315.20000 39.91000 12.64600 48.44000
21 9 20 06 39 9238.80000 5.04100000 315.20000 39.91000 12.64600 48.44000
21 9 20 06 39 9238.80000 5.04100000 315.20000 39.91000 12.64600 48.44000
21 9 20 06 39 9239.30000 5.04100000 315.20000 39.91000 12.64600 48.44000
21 9 20 06 40 9238.90000 5.04100000 315.23000 39.91000 12.64600 48.44000
21 9 20 06 40 9238.90000 5.04100000 315.23000 39.91000 12.64600 48.44000
21 9 20 06 41 9238.80000 5.04100000 315.21000 39.91000 12.64600 48.44000
21 9 20 06 41 9238.90000 5.04100000 315.21000 39.91000 12.64600 48.44000
21 9 20 06 42 9239.20000 5.04100000 315.43000 39.91000 12.64600 48.44000
21 9 20 06 42 9239.20000 5.04000000 315.29000 39.91000 12.64600 48.44000
21 9 20 06 42 9239.20000 5.04000000 315.29000 39.91000 12.64600 48.44000
21 9 20 06 43 9239.00000 5.04000000 315.12000 39.89000 12.64600 48.44000
21 9 20 06 43 9239.00000 5.04000000 315.12000 39.91000 12.64600 48.44000
21 9 20 06 44 9238.90000 5.04000000 315.12000 39.91000 12.64600 48.44000
21 9 20 06 44 9238.90000 5.04000000 315.01000 39.91000 12.64600 48.21900
21 9 20 06 45 9238.90000 5.03200000 315.01000 39.91000 12.64600 48.21900
21 9 20 06 45 9238.90000 5.02800000 314.99000 39.91000 12.64600 48.21900
21 9 20 06 45 9238.90000 5.04900000 315.00000 39.91000 12.64600 48.21900
21 9 20 06 46 9238.80000 5.05000000 314.94000 39.91000 12.64600 48.21900
21 9 20 06 46 9238.80000 5.05400000 314.94000 39.91000 12.64600 48.15000
21 9 20 06 47 9238.80000 5.03500000 314.95000 39.91000 12.64600 48.15000
21 9 20 06 47 9238.80000 5.05500000 315.08000 39.91000 12.64600 48.15000
21 9 20 06 48 9238.80000 5.05500000 315.08000 39.91000 12.64600 48.15000
21 9 20 06 48 9238.80000 5.05500000 315.10000 39.91000 12.64600 48.15000
21 9 20 06 48 9238.80000 5.05500000 315.10000 39.91000 12.64600 48.15000
21 9 20 06 49 9238.80000 5.05500000 315.17000 39.91000 12.64600 48.15000
21 9 20 06 49 9238.80000 5.05500000 315.01000 39.91000 12.64600 48.15000
21 9 20 06 50 9238.80000 5.05500000 315.11000 39.91000 12.64600 48.15000
21 9 20 06 50 9238.80000 5.05500000 315.04000 39.86000 12.64600 48.15000
21 9 20 06 51 9239.00000 5.05500000 315.00000 39.86000 12.64600 48.15000
21 9 20 06 51 9238.90000 5.05500000 315.03000 39.86000 12.64600 48.15000
21 9 20 06 51 9239.00000 5.05500000 315.03000 39.86000 12.64600 48.15000
21 9 20 06 52 9239.00000 5.05500000 315.07000 39.86000 12.64600 48.15000
21 9 20 06 52 9239.00000 5.05500000 315.06000 39.86000 12.64600 48.15000
21 9 20 06 53 9239.10000 5.05500000 315.04000 39.86000 12.64600 48.15000
21 9 20 06 53 9239.00000 5.05500000 315.36000 39.86000 12.64600 48.15000
21 9 20 06 54 9239.00000 5.05500000 315.36000 39.86000 12.64600 48.15000
21 9 20 06 54 9239.10000 5.05500000 315.36000 39.86000 12.64600 48.15000
21 9 20 06 54 9239.10000 5.05500000 315.36000 39.86000 12.64600 48.15000
21 9 20 06 55 9242.70000 5.05500000 315.36000 39.86000 12.64600 48.34700
21 9 20 06 55 9246.80000 5.05500000 315.39000 39.86000 12.64600 48.34700
21 9 20 06 56 9247.80000 5.05500000 315.39000 39.86000 12.64600 48.34700
21 9 20 06 56 9247.40000 5.05500000 315.39000 39.86000 12.64600 48.34700
21 9 20 06 57 9247.70000 5.05500000 315.34000 39.86000 12.64600 48.34700
21 9 20 06 57 9247.70000 5.05500000 315.34000 39.86000 12.64600 48.34700
21 9 20 06 57 9247.70000 5.05500000 315.36000 39.90000 12.77000 48.34700
21 9 20 06 58 9246.40000 5.05500000 315.42000 39.90000 12.65500 48.34700
21 9 20 06 58 9246.70000 5.05500000 315.39000 39.90000 12.65400 48.34700
21 9 20 06 59 9246.70000 5.05500000 315.17000 39.90000 12.65400 48.34700
21 9 20 06 59 9246.70000 5.05500000 315.30000 39.90000 12.65400 48.34700
21 9 20 07 00 9246.80000 5.05500000 315.28000 39.92000 12.65400 48.34200
21 9 20 07 00 9246.70000 5.05500000 315.47000 39.91000 12.65400 48.34200
21 9 20 07 00 9246.70000 5.05500000 315.64000 39.92000 12.65400 48.34200
21 9 20 07 01 9246.80000 5.05500000 315.66000 39.91000 12.65400 48.34200
21 9 20 07 01 9246.80000 5.05500000 315.69000 39.91000 12.65400 48.34200
21 9 20 07 02 9246.70000 5.05500000 315.64000 39.91000 12.65400 48.34200
21 9 20 07 02 9246.70000 5.05500000 315.64000 39.91000 12.65400 48.34200
21 9 20 07 03 9246.80000 5.05500000 315.58000 39.91000 12.65400 48.34200
21 9 20 07 03 9246.80000 5.05500000 315.51000 39.92000 12.65400 48.34200
21 9 20 07 03 9246.80000 5.05500000 315.38000 39.92000 12.65400 48.34200
21 9 20 07 04 9246.70000 5.05500000 315.43000 39.92000 12.65400 48.34200
21 9 20 07 04 9246.80000 5.05500000 315.49000 39.91000 12.65400 48.34200
21 9 20 07 05 9246.80000 5.05500000 315.49000 39.91000 12.65500 48.34200
21 9 20 07 05 9246.70000 5.05500000 315.35000 39.91000 12.64000 48.34200
21 9 20 07 06 9246.70000 5.03300000 315.35000 39.91000 12.64000 48.34200
21 9 20 07 06 9246.80000 5.03300000 315.35000 39.91000 12.64000 48.34200
21 9 20 07 07 9246.80000 5.03300000 315.35000 39.89000 12.64000 48.34200
