M=[
15 5 21 06 57 40404.10000 84.68200000 3266.94000 261.79000 33.86000 246.75400
15 5 21 06 58 40313.20000 84.96800000 3263.44000 261.67000 33.86000 246.75400
15 5 21 06 58 40367.20000 84.58100000 3266.25000 261.67000 33.86000 246.19400
15 5 21 06 58 40400.60000 84.92900000 3269.02000 261.79000 33.86000 246.19400
15 5 21 06 59 40399.70000 85.10000000 3270.06000 261.73000 33.86000 246.19400
15 5 21 06 59 40425.70000 85.10000000 3271.51000 262.30000 33.86000 246.19400
15 5 21 07 00 40411.30000 85.56000000 3265.74000 262.07000 33.86000 247.52100
15 5 21 07 00 40439.90000 85.56000000 3268.11000 262.69000 33.86000 248.01800
15 5 21 07 01 40485.90000 85.46400000 3271.57000 263.22000 33.86000 248.01800
15 5 21 07 01 40465.80000 85.49000000 3266.77000 262.68000 33.86000 248.01800
15 5 21 07 01 40428.60000 85.49000000 3263.81000 262.42000 33.86000 248.01800
15 5 21 07 02 40397.60000 85.15100000 3264.63000 262.64000 33.86000 248.01800
15 5 21 07 02 40359.00000 84.97600000 3261.03000 262.50000 33.86000 248.01800
15 5 21 07 03 40318.90000 84.86600000 3258.33000 261.74000 33.71200 248.01800
15 5 21 07 03 40345.00000 84.97600000 3256.40000 261.74000 33.71200 248.01800
15 5 21 07 04 40316.50000 84.97600000 3251.35000 261.62000 33.71200 248.01800
15 5 21 07 04 40309.90000 84.28700000 3251.81000 260.92000 33.71200 246.21700
15 5 21 07 04 40352.30000 84.47100000 3254.36000 260.92000 33.71200 246.21700
15 5 21 07 05 40314.40000 84.53900000 3252.99000 261.17000 33.71200 246.27000
15 5 21 07 05 40316.90000 84.53900000 3252.87000 261.15000 33.71200 246.27000
15 5 21 07 06 40350.00000 84.41100000 3258.32000 261.23000 33.71200 246.27000
15 5 21 07 06 40377.80000 84.46100000 3258.27000 261.23000 33.71200 246.27000
15 5 21 07 07 40363.40000 84.49200000 3255.18000 261.26000 33.71200 246.27000
15 5 21 07 07 40441.20000 84.31100000 3260.15000 261.50000 33.71200 246.46000
15 5 21 07 07 40471.10000 84.67600000 3264.69000 261.50000 33.71200 246.46000
15 5 21 07 08 40406.80000 84.67600000 3258.61000 261.50000 33.71200 246.95700
15 5 21 07 08 40340.60000 84.45400000 3252.53000 261.50000 33.55500 246.95700
15 5 21 07 09 40347.50000 84.45400000 3252.53000 261.50000 33.55500 246.95700
15 5 21 07 09 40340.00000 84.29500000 3249.65000 261.07000 33.55500 246.02500
15 5 21 07 10 40343.00000 84.29500000 3249.65000 261.03000 33.55500 246.02500
15 5 21 07 10 40366.90000 84.51100000 3248.34000 261.03000 33.55500 246.02500
15 5 21 07 10 40379.50000 84.51100000 3253.12000 261.75000 33.55500 246.02500
15 5 21 07 11 40377.00000 84.60000000 3251.22000 261.22000 33.55500 246.02500
15 5 21 07 11 40368.00000 84.60000000 3250.00000 261.27000 33.55500 246.54000
15 5 21 07 12 40361.40000 83.64100000 3249.45000 261.15000 33.55500 245.88100
15 5 21 07 12 40270.30000 83.93300000 3241.01000 260.13000 33.38900 245.18400
15 5 21 07 13 40253.70000 83.64200000 3241.00000 259.20000 33.32200 245.09000
15 5 21 07 13 40247.90000 83.22400000 3236.25000 259.41000 33.32200 244.94500
15 5 21 07 13 40203.00000 83.70700000 3234.91000 259.15000 33.17300 244.84400
15 5 21 07 14 40155.90000 83.19000000 3232.98000 258.73000 33.17300 243.87000
15 5 21 07 14 40248.00000 83.19000000 3240.01000 259.18000 33.17300 243.87000
15 5 21 07 15 40290.80000 83.87600000 3245.00000 259.76000 33.17300 243.87000
15 5 21 07 15 40343.80000 84.29400000 3249.27000 260.58000 33.17300 243.87000
15 5 21 07 16 40344.70000 84.06700000 3251.34000 260.80000 33.37300 243.87000
15 5 21 07 16 40272.00000 84.06700000 3240.45000 260.54000 33.37300 244.92300
15 5 21 07 16 40170.80000 83.42100000 3229.57000 259.78000 33.11800 243.21300
15 5 21 07 17 40150.20000 83.61100000 3233.53000 259.05000 33.11800 243.21300
15 5 21 07 17 40174.30000 83.43000000 3234.03000 259.36000 33.11800 243.21300
15 5 21 07 18 40174.00000 83.40200000 3234.55000 259.38000 33.11800 243.13500
15 5 21 07 18 40150.00000 82.94500000 3228.24000 258.94000 33.11700 243.13500
15 5 21 07 19 40126.30000 82.75100000 3217.79000 258.75000 33.11700 243.00000
15 5 21 07 19 40205.40000 83.16900000 3228.14000 259.19000 33.11700 242.93300
15 5 21 07 19 40210.10000 82.75000000 3225.61000 258.90000 33.11700 242.93300
15 5 21 07 20 40235.50000 83.51400000 3227.63000 259.91000 33.11700 243.85200
15 5 21 07 20 40255.80000 83.51400000 3232.13000 259.68000 33.11700 243.85200
15 5 21 07 21 40275.20000 83.77000000 3231.08000 259.68000 33.11700 243.85200
15 5 21 07 21 40249.10000 83.60600000 3229.56000 259.74000 33.11700 243.85200
15 5 21 07 22 40266.40000 83.48100000 3232.81000 259.69000 33.11700 243.85200
15 5 21 07 22 40248.90000 83.68600000 3234.55000 260.00000 33.11700 243.70200
15 5 21 07 22 40265.20000 83.72800000 3236.27000 259.94000 33.11700 243.70200
15 5 21 07 23 40306.00000 83.72800000 3241.36000 260.27000 33.11700 243.70200
15 5 21 07 23 40322.80000 83.91900000 3242.52000 260.42000 33.11700 245.56300
15 5 21 07 24 40351.20000 83.91900000 3243.97000 260.50000 33.11700 245.62400
15 5 21 07 24 40300.80000 83.91900000 3241.19000 260.49000 33.11700 245.75900
15 5 21 07 25 40291.50000 84.07500000 3236.70000 260.28000 33.11700 245.75900
15 5 21 07 25 40282.40000 84.14600000 3238.29000 260.28000 33.11700 245.75900
15 5 21 07 25 40312.80000 84.43000000 3241.23000 260.49000 33.11700 245.75900
15 5 21 07 26 40273.40000 84.39400000 3238.70000 260.42000 33.11700 245.75900
15 5 21 07 26 40286.80000 84.39400000 3238.70000 260.17000 33.11700 245.75900
15 5 21 07 27 40288.90000 84.39400000 3244.04000 260.13000 33.11700 245.75900
15 5 21 07 27 40292.90000 84.39800000 3246.90000 260.13000 33.11700 245.75900
15 5 21 07 28 40303.10000 84.40000000 3247.78000 260.60000 33.11700 245.75900
15 5 21 07 28 40302.40000 84.71500000 3248.74000 260.67000 33.11700 245.75900
15 5 21 07 28 40276.90000 84.55400000 3244.29000 260.10000 33.11700 245.75900
15 5 21 07 29 40287.30000 84.58600000 3250.00000 260.10000 33.11700 245.75900
15 5 21 07 29 40331.30000 84.58600000 3250.00000 260.10000 33.11700 245.75900
15 5 21 07 30 40331.70000 84.73800000 3250.00000 260.42000 33.11700 245.75900
15 5 21 07 30 40345.60000 84.54400000 3250.00000 260.64000 33.11700 245.75900
15 5 21 07 31 40336.20000 84.66800000 3247.16000 260.61000 33.11700 245.75900
15 5 21 07 31 40331.90000 84.70700000 3251.28000 260.46000 33.11700 245.75900
15 5 21 07 31 40315.10000 84.51100000 3248.54000 260.48000 33.11700 245.75900
15 5 21 07 32 40352.30000 84.51100000 3249.15000 260.48000 33.11700 245.69600
15 5 21 07 32 40379.00000 84.62000000 3252.28000 260.63000 33.11700 245.69600
15 5 21 07 33 40378.40000 85.10000000 3253.01000 260.66000 33.11700 245.69600
15 5 21 07 33 40368.50000 85.27000000 3253.21000 260.66000 33.11700 245.69600
15 5 21 07 34 40359.30000 85.29000000 3253.22000 260.66000 33.11700 246.30200
15 5 21 07 34 40348.90000 84.99800000 3252.51000 260.66000 33.11700 246.30200
15 5 21 07 34 40330.40000 84.70600000 3249.96000 260.49000 33.11600 246.30200
15 5 21 07 35 40366.40000 84.70600000 3253.58000 260.50000 33.10000 246.30200
15 5 21 07 35 40384.20000 85.07400000 3255.18000 260.86000 33.10000 246.30200
15 5 21 07 36 40400.00000 85.07400000 3257.26000 260.86000 33.10000 246.30200
15 5 21 07 36 40400.00000 85.07400000 3258.09000 260.95000 33.10000 246.30200
15 5 21 07 37 40396.00000 85.17200000 3256.61000 261.23000 33.10000 246.10000
15 5 21 07 37 40384.60000 85.26400000 3258.58000 261.08000 33.10000 246.18200
15 5 21 07 37 40357.00000 85.03300000 3258.32000 261.08000 33.10000 246.18200
15 5 21 07 38 40356.40000 85.03300000 3255.58000 261.08000 33.10000 246.18200
15 5 21 07 38 40379.40000 84.98500000 3259.85000 261.08000 33.10000 246.18200
15 5 21 07 39 40382.00000 85.17100000 3259.22000 260.84000 33.10000 246.18200
15 5 21 07 39 40379.00000 85.17100000 3260.60000 261.09000 33.10000 246.18200
15 5 21 07 40 40358.90000 85.28000000 3255.82000 260.97000 33.10000 246.18200
15 5 21 07 40 40384.90000 85.22300000 3261.36000 260.78000 33.10000 246.18200
15 5 21 07 40 40389.50000 85.22300000 3260.72000 260.75000 33.10000 246.18200
