M=[
 6 4 21 14 01 49215.00000 14.50000000 1771.88000 192.18000 37.95800 160.98800
 6 4 21 14 02 49177.80000 14.45800000 1771.10000 191.22000 37.95800 160.98800
 6 4 21 14 02 49153.10000 14.42000000 1771.00000 191.20000 37.95800 160.13000
 6 4 21 14 02 49154.60000 14.32300000 1771.00000 190.09000 37.95800 159.41700
 6 4 21 14 03 49072.80000 14.36800000 1767.33000 189.42000 37.76800 159.77300
 6 4 21 14 03 49161.20000 14.36800000 1767.77000 190.20000 37.51200 159.77500
 6 4 21 14 04 49174.10000 14.36800000 1768.45000 190.55000 37.51200 160.01400
 6 4 21 14 04 49225.80000 14.48100000 1770.99000 191.78000 37.51200 160.01400
 6 4 21 14 05 49238.80000 14.46600000 1771.58000 191.77000 37.51200 160.10000
 6 4 21 14 05 49188.70000 14.45500000 1772.20000 191.71000 37.51200 160.10000
 6 4 21 14 05 49165.60000 14.45500000 1770.00000 191.38000 37.23600 160.10000
 6 4 21 14 06 49179.90000 14.43100000 1769.34000 191.23000 37.23500 159.93500
 6 4 21 14 06 49192.80000 14.41600000 1769.65000 191.44000 37.23500 159.93500
 6 4 21 14 07 49162.00000 14.41600000 1769.01000 190.99000 37.23500 159.93500
 6 4 21 14 07 49192.20000 14.40000000 1769.01000 190.99000 37.00100 159.93500
 6 4 21 14 08 49179.70000 14.40600000 1769.00000 190.36000 37.00100 159.93500
 6 4 21 14 08 49174.10000 14.29800000 1769.20000 190.16000 37.00100 160.00400
 6 4 21 14 08 49174.50000 14.26600000 1769.32000 190.29000 36.80100 160.00400
 6 4 21 14 09 49177.80000 14.26600000 1769.50000 190.30000 36.87800 160.00400
 6 4 21 14 09 49150.00000 14.31400000 1767.24000 190.33000 36.88400 160.00400
 6 4 21 14 10 49063.70000 14.31400000 1765.55000 188.92000 36.88400 159.46500
 6 4 21 14 10 49037.10000 14.16400000 1756.88000 187.68000 36.88400 159.00000
 6 4 21 14 11 49037.10000 14.08900000 1755.92000 187.75000 36.88400 158.80900
 6 4 21 14 11 48960.80000 14.00000000 1751.80000 187.05000 36.88400 158.13100
 6 4 21 14 11 48849.90000 13.94600000 1750.01000 186.10000 36.77700 157.43600
 6 4 21 14 12 48843.50000 13.94600000 1746.30000 185.55000 36.77000 156.76300
 6 4 21 14 12 48889.90000 14.06100000 1746.30000 185.99000 36.18600 156.62400
 6 4 21 14 13 49001.70000 14.17400000 1751.89000 188.47000 36.18600 156.88800
 6 4 21 14 13 49015.10000 14.11200000 1753.87000 189.74000 36.38400 157.44600
 6 4 21 14 14 48998.00000 14.13600000 1753.01000 189.04000 36.37000 157.04700
 6 4 21 14 14 49073.80000 14.09300000 1755.54000 189.84000 36.37000 157.61400
 6 4 21 14 14 49047.50000 14.17500000 1756.68000 189.91000 36.16500 157.61400
 6 4 21 14 15 49054.00000 14.17500000 1755.89000 189.85000 36.16500 157.61400
 6 4 21 14 15 49021.30000 14.12700000 1754.83000 189.56000 36.16500 157.61400
 6 4 21 14 16 49024.30000 14.08500000 1756.84000 189.78000 36.16500 157.90600
 6 4 21 14 16 49051.70000 14.08500000 1757.05000 189.89000 36.16500 157.90600
 6 4 21 14 17 49053.20000 14.08500000 1757.07000 190.04000 36.16500 157.90600
 6 4 21 14 17 49053.10000 14.08500000 1757.07000 190.27000 36.16500 158.29100
 6 4 21 14 17 49053.20000 14.21300000 1757.01000 190.56000 36.19100 158.29100
 6 4 21 14 18 49053.10000 14.18900000 1757.00000 190.49000 36.20800 158.48400
 6 4 21 14 18 49053.10000 14.18900000 1754.12000 190.44000 36.37000 158.48400
 6 4 21 14 19 49053.20000 14.13800000 1754.15000 190.22000 36.37000 158.48400
 6 4 21 14 19 49021.30000 14.13800000 1752.90000 190.11000 36.37000 158.26400
 6 4 21 14 20 48950.00000 14.16500000 1750.00000 188.66000 36.37000 157.96700
 6 4 21 14 20 48950.10000 14.16500000 1750.81000 188.98000 36.37000 157.96700
 6 4 21 14 20 48937.30000 14.16500000 1750.00000 189.09000 36.14600 157.96700
 6 4 21 14 21 48900.10000 14.16500000 1746.60000 188.14000 36.14600 157.52800
 6 4 21 14 21 48879.30000 14.03900000 1746.76000 188.18000 36.14600 156.63900
 6 4 21 14 22 48825.00000 14.03900000 1740.00000 186.93000 36.15200 156.22800
 6 4 21 14 22 48718.00000 13.93300000 1739.80000 186.08000 36.14600 155.02200
 6 4 21 14 23 48692.50000 13.94100000 1738.63000 186.13000 36.14600 155.57400
 6 4 21 14 23 48668.00000 13.94100000 1735.99000 185.78000 36.11900 155.57400
 6 4 21 14 24 48623.50000 13.65100000 1735.00000 183.81000 36.11900 154.16100
 6 4 21 14 24 48645.20000 13.78500000 1732.68000 180.90000 35.57600 154.08000
 6 4 21 14 24 48704.90000 13.84900000 1736.88000 182.19000 35.99900 154.65800
 6 4 21 14 25 48694.80000 13.96900000 1739.73000 183.78000 35.12100 155.11200
 6 4 21 14 25 48710.10000 13.96900000 1742.37000 185.13000 35.12100 155.29000
 6 4 21 14 26 48741.80000 13.88800000 1745.01000 186.13000 35.12100 155.60800
 6 4 21 14 26 48734.00000 13.88800000 1745.32000 185.82000 35.68700 155.60800
 6 4 21 14 27 48740.40000 13.88800000 1743.97000 186.25000 35.52900 155.60800
 6 4 21 14 27 48720.30000 13.88800000 1743.44000 186.45000 35.08800 155.60800
 6 4 21 14 27 48700.00000 13.88800000 1744.09000 186.18000 35.08800 155.60800
 6 4 21 14 28 48700.00000 13.88800000 1743.28000 186.44000 35.08800 155.49400
 6 4 21 14 28 48716.70000 13.97900000 1745.64000 186.56000 35.08800 155.49400
 6 4 21 14 29 48722.50000 13.97900000 1746.43000 186.10000 35.66400 155.83500
 6 4 21 14 29 48766.30000 13.97900000 1748.21000 186.48000 35.66400 155.79600
 6 4 21 14 30 48777.00000 13.97900000 1749.83000 186.95000 35.66400 156.30000
 6 4 21 14 30 48732.20000 13.96300000 1745.89000 185.85000 35.66400 155.69700
 6 4 21 14 30 48702.70000 13.96300000 1745.53000 185.86000 35.03900 155.69700
 6 4 21 14 31 48611.10000 13.84700000 1742.29000 184.40000 35.03900 154.78700
 6 4 21 14 31 48641.70000 13.78400000 1743.46000 184.63000 35.03900 154.95500
 6 4 21 14 32 48605.00000 13.78400000 1740.55000 183.82000 35.03900 155.18000
 6 4 21 14 32 48610.40000 13.80100000 1743.53000 184.66000 35.03900 154.90500
 6 4 21 14 33 48654.30000 13.86600000 1745.20000 185.45000 35.03900 155.48500
 6 4 21 14 33 48630.30000 13.86600000 1746.43000 185.59000 35.03900 155.44400
 6 4 21 14 33 48689.40000 13.86600000 1747.94000 186.29000 35.03900 155.44400
 6 4 21 14 34 48678.50000 13.99100000 1747.87000 185.82000 35.27300 155.97100
 6 4 21 14 34 48678.40000 13.97300000 1747.94000 185.82000 35.08400 155.94000
 6 4 21 14 35 48769.80000 13.99100000 1751.99000 186.85000 35.08400 155.94000
 6 4 21 14 35 48750.60000 13.99100000 1751.96000 186.81000 35.13800 156.36300
 6 4 21 14 36 48777.00000 13.99100000 1752.36000 187.31000 35.13800 156.25600
 6 4 21 14 36 48776.90000 13.99100000 1752.44000 187.73000 35.13800 156.34000
 6 4 21 14 36 48777.00000 14.00000000 1753.42000 188.35000 35.13800 156.34000
 6 4 21 14 37 48847.20000 14.04000000 1755.01000 188.23000 35.13800 156.34000
 6 4 21 14 37 48848.40000 14.04000000 1755.01000 188.86000 35.14000 157.12400
 6 4 21 14 38 48848.40000 14.09700000 1755.00000 188.80000 35.14000 157.59800
 6 4 21 14 38 48869.90000 14.15500000 1754.85000 188.89000 35.14000 157.59800
 6 4 21 14 39 48869.80000 14.15500000 1752.51000 188.24000 35.05200 157.01400
 6 4 21 14 39 48892.20000 14.12600000 1755.00000 188.73000 35.13900 157.83700
 6 4 21 14 39 48889.80000 14.06900000 1756.01000 188.82000 35.14000 158.05000
 6 4 21 14 40 48901.20000 14.15900000 1755.72000 188.97000 35.14000 157.84000
 6 4 21 14 40 48919.50000 14.19400000 1756.46000 189.15000 35.14000 157.84000
 6 4 21 14 41 48909.10000 14.14800000 1752.96000 188.61000 35.14000 157.84000
 6 4 21 14 41 48900.60000 14.12800000 1752.96000 189.02000 35.14000 158.04300
 6 4 21 14 42 48900.70000 14.09500000 1753.97000 189.00000 35.14000 158.04300
 6 4 21 14 42 48900.70000 14.13200000 1752.54000 188.57000 35.13900 157.85900
 6 4 21 14 42 48875.00000 14.13400000 1752.28000 188.43000 35.14000 157.85400
 6 4 21 14 43 48894.60000 14.13400000 1754.01000 188.68000 35.14000 157.85400
 6 4 21 14 43 48894.60000 14.13400000 1753.98000 188.69000 35.14000 157.85400
 6 4 21 14 44 48875.20000 14.15900000 1752.20000 188.61000 35.14000 157.85400
 6 4 21 14 44 48874.70000 14.13000000 1752.14000 188.47000 35.14000 157.85400
 6 4 21 14 45 48860.10000 14.10800000 1751.71000 188.33000 35.00300 157.34400
