M=[
22 1 21 01 13 24031.80000 5.57700000 871.05000 103.21000 16.31500 64.00900
22 1 21 01 13 23985.60000 5.57700000 869.36000 103.24000 16.31500 64.00900
22 1 21 01 14 23934.00000 5.57700000 868.45000 103.10000 16.31500 64.25700
22 1 21 01 14 23940.10000 5.57700000 863.43000 102.83000 16.03200 63.92400
22 1 21 01 15 23904.40000 5.57700000 862.29000 102.64000 16.03200 63.92400
22 1 21 01 15 23990.00000 5.57700000 867.32000 102.83000 16.03200 63.84800
22 1 21 01 15 23929.80000 5.56800000 864.94000 102.33000 16.04900 63.84800
22 1 21 01 16 23891.40000 5.56800000 863.15000 102.20000 16.05000 63.63200
22 1 21 01 16 23828.70000 5.55500000 863.34000 101.87000 16.05000 63.63200
22 1 21 01 17 23833.10000 5.55500000 860.68000 101.62000 16.00000 63.53800
22 1 21 01 17 23856.50000 5.55500000 861.56000 101.96000 16.00000 63.62800
22 1 21 01 18 23742.10000 5.55500000 857.43000 101.47000 16.00000 63.48000
22 1 21 01 18 23732.10000 5.55500000 857.84000 101.24000 16.17400 63.39300
22 1 21 01 18 23687.10000 5.55500000 856.65000 101.11000 16.03700 63.39300
22 1 21 01 19 23779.50000 5.48400000 858.03000 101.59000 16.03700 63.39300
22 1 21 01 19 23733.50000 5.50800000 857.79000 101.46000 16.03700 63.44500
22 1 21 01 20 23826.00000 5.50800000 860.01000 101.71000 16.03700 63.47900
22 1 21 01 20 23985.00000 5.50800000 865.58000 102.41000 16.03700 63.47900
22 1 21 01 21 24065.10000 5.50800000 870.00000 102.84000 16.03700 63.47900
22 1 21 01 21 24030.70000 5.53600000 870.49000 102.67000 16.03700 64.03100
22 1 21 01 21 24123.70000 5.53600000 873.92000 103.10000 16.03700 64.28000
22 1 21 01 22 24010.20000 5.53600000 870.77000 103.07000 16.00000 64.35700
22 1 21 01 22 24124.70000 5.53600000 874.49000 103.17000 16.00000 64.32000
22 1 21 01 23 24093.40000 5.53600000 874.48000 102.99000 16.00000 64.43000
22 1 21 01 23 24168.90000 5.53600000 878.58000 103.42000 16.00000 64.43000
22 1 21 01 24 24126.70000 5.53600000 876.64000 103.45000 16.00000 64.57200
22 1 21 01 24 24100.00000 5.53600000 874.96000 103.34000 16.02100 64.57200
22 1 21 01 24 24075.50000 5.53600000 875.72000 103.36000 16.02100 64.57200
22 1 21 01 25 24099.90000 5.53600000 877.88000 103.64000 16.02100 64.57200
22 1 21 01 25 24178.20000 5.53600000 882.83000 103.81000 16.02100 64.57200
22 1 21 01 26 24162.90000 5.53600000 883.07000 104.02000 16.02100 64.97900
22 1 21 01 26 24122.30000 5.53600000 881.14000 103.86000 16.00000 64.97900
22 1 21 01 27 24129.00000 5.53600000 882.46000 103.85000 16.00000 64.97900
22 1 21 01 27 24051.40000 5.53600000 880.00000 103.65000 16.00000 64.97900
22 1 21 01 27 24085.90000 5.53600000 878.78000 103.64000 16.00000 64.97900
22 1 21 01 28 24136.30000 5.53600000 880.68000 103.70000 16.00000 64.97900
22 1 21 01 28 24259.70000 5.53600000 886.98000 104.60000 16.00000 65.07800
22 1 21 01 29 24300.00000 5.53600000 886.74000 104.45000 16.00000 65.19900
22 1 21 01 29 24222.80000 5.53600000 883.33000 104.34000 16.00000 65.19900
22 1 21 01 30 24213.00000 5.53600000 881.87000 104.34000 16.00000 65.19900
22 1 21 01 30 24250.00000 5.53600000 885.00000 104.34000 16.00000 65.19900
22 1 21 01 30 24275.10000 5.53600000 888.52000 104.99000 15.99000 65.12900
22 1 21 01 31 24348.70000 5.53600000 892.50000 105.18000 15.99000 65.42600
22 1 21 01 31 24339.20000 5.53600000 894.96000 105.41000 16.13700 65.83900
22 1 21 01 32 24330.30000 5.53600000 892.08000 105.18000 16.13700 65.53900
22 1 21 01 32 24349.50000 5.53600000 894.26000 105.30000 16.06000 65.53900
22 1 21 01 32 24407.00000 5.53600000 898.69000 105.62000 16.06000 65.66400
22 1 21 01 33 24409.50000 5.53600000 899.38000 105.59000 16.06000 65.70100
22 1 21 01 33 24382.10000 5.53600000 898.24000 105.27000 16.06000 65.83100
22 1 21 01 34 24436.60000 5.53600000 900.00000 105.71000 16.06000 65.70900
22 1 21 01 34 24423.60000 5.53600000 897.34000 105.66000 16.06000 65.70900
22 1 21 01 35 24437.70000 5.53600000 898.28000 105.63000 16.06000 65.70900
22 1 21 01 35 24394.10000 5.53600000 897.00000 105.63000 16.06000 65.70900
22 1 21 01 35 24310.30000 5.53600000 892.85000 105.12000 16.06000 65.50100
22 1 21 01 36 24309.90000 5.53600000 895.09000 105.26000 16.06000 65.50400
22 1 21 01 36 24345.00000 5.58800000 894.52000 105.05000 16.03800 65.48600
22 1 21 01 37 24310.70000 5.58800000 893.72000 105.05000 16.03800 65.48600
22 1 21 01 37 24274.80000 5.60000000 892.16000 105.07000 16.03800 65.48600
22 1 21 01 38 24229.00000 5.60000000 891.00000 105.07000 16.03800 65.48600
22 1 21 01 38 24283.10000 5.60000000 887.46000 105.08000 16.03800 65.48600
22 1 21 01 39 24291.30000 5.60000000 892.61000 105.08000 16.03800 65.48600
22 1 21 01 39 24264.50000 5.60000000 893.00000 105.13000 16.03800 65.48600
22 1 21 01 39 24336.80000 5.60000000 895.64000 105.29000 16.03800 65.48600
22 1 21 01 40 24381.30000 5.60100000 898.07000 105.63000 16.03800 65.48600
22 1 21 01 40 24384.80000 5.60100000 898.94000 105.55000 16.03800 65.48600
22 1 21 01 41 24414.70000 5.60100000 897.87000 105.53000 15.90000 65.55300
22 1 21 01 41 24418.40000 5.60100000 897.44000 105.21000 15.90000 65.55300
22 1 21 01 42 24414.30000 5.60100000 895.66000 105.21000 15.90000 65.57400
22 1 21 01 42 24396.00000 5.60100000 897.47000 105.14000 16.01400 65.57400
22 1 21 01 42 24421.50000 5.60100000 899.03000 105.44000 16.01400 65.57400
22 1 21 01 43 24476.00000 5.60100000 904.32000 105.63000 16.01400 65.57400
22 1 21 01 43 24530.30000 5.60100000 913.46000 106.05000 16.01400 65.57400
22 1 21 01 44 24567.40000 5.65000000 916.68000 106.27000 16.01400 66.16300
22 1 21 01 44 24537.20000 5.65000000 913.53000 106.00000 16.17100 66.13200
22 1 21 01 45 24529.90000 5.65000000 911.24000 106.05000 16.17100 66.13200
22 1 21 01 45 24573.10000 5.65000000 916.30000 106.20000 16.17100 66.13400
22 1 21 01 45 24551.60000 5.65000000 913.90000 106.01000 16.17100 66.13400
22 1 21 01 46 24524.50000 5.65000000 914.82000 106.13000 16.17100 66.13400
22 1 21 01 46 24434.70000 5.65000000 911.71000 106.13000 16.17100 65.89700
22 1 21 01 47 24420.30000 5.65000000 907.91000 106.13000 16.17100 65.74700
22 1 21 01 47 24434.10000 5.65000000 906.98000 105.75000 16.17100 65.74700
22 1 21 01 48 24458.60000 5.65000000 912.00000 105.79000 16.17100 65.74700
22 1 21 01 48 24523.50000 5.65000000 914.90000 105.73000 16.17100 65.74700
22 1 21 01 48 24510.00000 5.65000000 914.53000 105.86000 16.17100 65.74700
22 1 21 01 49 24550.00000 5.65000000 915.99000 106.00000 16.17100 65.74700
22 1 21 01 49 24526.20000 5.65000000 916.64000 105.99000 16.17100 65.74700
22 1 21 01 50 24515.00000 5.65000000 916.17000 106.05000 16.17100 65.74700
22 1 21 01 50 24518.20000 5.65000000 916.49000 106.18000 16.17100 65.74700
22 1 21 01 51 24522.10000 5.65500000 919.02000 106.35000 16.17100 65.74700
22 1 21 01 51 24583.10000 5.65500000 923.41000 106.63000 16.17100 65.74700
22 1 21 01 51 24654.90000 5.66100000 926.72000 107.05000 16.17100 66.65900
22 1 21 01 52 24650.00000 5.66100000 925.87000 106.93000 16.17100 66.65900
22 1 21 01 52 24808.00000 5.67300000 928.03000 107.19000 16.17100 66.88100
22 1 21 01 53 24778.20000 5.67300000 928.89000 107.00000 16.17100 66.88100
22 1 21 01 53 24743.80000 5.67300000 928.05000 106.76000 16.17100 66.88100
22 1 21 01 54 24783.10000 5.67300000 929.55000 106.99000 16.17100 66.88100
22 1 21 01 54 24696.10000 5.69500000 925.21000 106.75000 16.17100 66.88100
22 1 21 01 54 24700.10000 5.69500000 924.91000 106.68000 16.17100 66.88100
22 1 21 01 55 24678.10000 5.69500000 922.10000 106.62000 16.17100 66.88100
22 1 21 01 55 24668.70000 5.69500000 923.56000 106.59000 16.17100 66.88100
22 1 21 01 56 24719.60000 5.69500000 927.75000 106.85000 16.17100 66.88100
22 1 21 01 56 24720.70000 5.69500000 928.35000 107.13000 16.17100 67.06200
22 1 21 01 57 24724.00000 5.69500000 928.72000 106.90000 16.17100 67.06200
22 1 21 01 57 24700.00000 5.69500000 926.38000 106.90000 16.17100 67.06200
22 1 21 01 57 24669.80000 5.69500000 925.33000 106.56000 16.27100 66.99600
22 1 21 01 58 24682.60000 5.69500000 926.64000 106.70000 16.27100 67.07000
