M=[
10 6 21 06 04 30222.00000 49.59300000 2084.45000 138.63000 21.96600 118.42400
10 6 21 06 05 30235.00000 49.59300000 2085.18000 138.79000 21.96600 118.42400
10 6 21 06 05 30267.50000 49.59300000 2086.93000 139.07000 21.96600 118.42400
10 6 21 06 06 30277.50000 49.59300000 2089.57000 139.22000 21.96600 118.42400
10 6 21 06 06 30275.00000 49.59300000 2087.53000 139.22000 21.96600 118.42400
10 6 21 06 06 30259.70000 49.59300000 2087.06000 139.22000 21.96600 118.42400
10 6 21 06 07 30260.00000 49.59300000 2084.73000 139.00000 21.96600 118.42400
10 6 21 06 07 30251.80000 49.59300000 2083.29000 138.81000 21.96600 118.42400
10 6 21 06 08 30239.60000 49.59300000 2083.29000 138.81000 21.96600 118.42400
10 6 21 06 08 30235.10000 49.59300000 2082.63000 138.83000 21.96600 118.42400
10 6 21 06 09 30223.30000 49.59300000 2083.09000 138.83000 21.96600 118.42400
10 6 21 06 09 30205.50000 49.59300000 2081.43000 138.83000 21.96600 118.31300
10 6 21 06 09 30200.00000 49.59300000 2081.43000 138.67000 21.96600 118.14700
10 6 21 06 10 30198.90000 49.59300000 2080.13000 138.66000 21.96600 118.19500
10 6 21 06 10 30193.40000 49.59300000 2079.79000 138.66000 21.96600 118.19500
10 6 21 06 11 30213.10000 49.23000000 2080.52000 138.66000 21.96600 118.19500
10 6 21 06 11 30209.70000 49.23000000 2080.52000 138.62000 21.96600 118.19500
10 6 21 06 12 30212.60000 49.23000000 2082.22000 138.71000 21.96600 118.19500
10 6 21 06 12 30222.20000 49.29900000 2082.53000 138.71000 21.96600 118.19500
10 6 21 06 12 30218.60000 49.29900000 2084.81000 138.71000 21.96600 118.19500
10 6 21 06 13 30209.50000 49.23700000 2082.99000 138.71000 21.96600 118.19500
10 6 21 06 13 30193.40000 49.23700000 2079.78000 138.71000 21.96600 118.19500
10 6 21 06 14 30176.90000 49.05400000 2079.37000 138.37000 21.96600 118.19500
10 6 21 06 14 30178.80000 49.08700000 2078.33000 138.30000 21.96600 118.19500
10 6 21 06 15 30179.30000 49.08700000 2080.00000 138.30000 21.96600 118.19500
10 6 21 06 15 30232.30000 48.92000000 2085.56000 138.39000 21.96600 118.19500
10 6 21 06 15 30206.80000 48.92000000 2085.20000 138.69000 21.96600 118.19500
10 6 21 06 16 30225.00000 48.92000000 2084.80000 138.62000 21.96600 118.19500
10 6 21 06 16 30243.00000 48.92000000 2086.11000 138.79000 21.96600 118.19500
10 6 21 06 17 30241.30000 48.92000000 2086.12000 138.79000 21.96600 118.19500
10 6 21 06 17 30256.00000 48.92000000 2085.59000 138.79000 21.96600 118.19500
10 6 21 06 18 30250.10000 48.92000000 2085.59000 138.83000 21.96600 118.19500
10 6 21 06 18 30253.90000 48.92000000 2086.09000 138.83000 21.96600 118.19500
10 6 21 06 18 30280.30000 48.92000000 2086.10000 138.87000 21.93500 118.19500
10 6 21 06 19 30253.10000 48.92000000 2085.12000 138.87000 21.93500 118.19500
10 6 21 06 19 30242.20000 49.12800000 2085.12000 138.87000 21.93500 118.19500
10 6 21 06 20 30228.30000 49.12800000 2085.01000 138.80000 21.93500 118.04400
10 6 21 06 21 30236.40000 49.12800000 2085.01000 138.85000 21.93500 118.04400
10 6 21 06 21 30227.20000 49.12800000 2085.64000 138.85000 21.93500 118.04400
10 6 21 06 21 30248.50000 49.12800000 2085.63000 138.95000 21.93500 118.04400
10 6 21 06 22 30280.30000 49.12800000 2087.76000 138.95000 21.93500 118.04400
10 6 21 06 22 30264.30000 49.12800000 2088.60000 138.95000 21.93500 118.04400
10 6 21 06 23 30271.70000 49.12800000 2088.60000 138.95000 22.09500 118.04400
10 6 21 06 23 30274.50000 49.12800000 2087.57000 138.94000 22.09500 118.04400
10 6 21 06 24 30302.50000 49.12800000 2088.24000 138.94000 22.09500 118.04400
10 6 21 06 24 30301.20000 49.12800000 2087.84000 138.99000 22.09500 118.04400
10 6 21 06 25 30285.20000 49.12800000 2087.84000 138.88000 22.09500 118.04400
10 6 21 06 25 30285.10000 49.12800000 2087.58000 138.95000 22.09500 118.04400
10 6 21 06 26 30285.20000 49.12800000 2087.57000 138.89000 22.09500 118.04400
10 6 21 06 26 30263.80000 49.12800000 2087.56000 138.85000 22.09500 118.04400
10 6 21 06 26 30256.80000 49.21500000 2085.37000 138.80000 22.09500 118.04400
10 6 21 06 27 30272.10000 49.16000000 2084.95000 138.80000 22.09500 118.04400
10 6 21 06 27 30283.10000 49.16000000 2085.70000 138.80000 22.09500 118.04400
10 6 21 06 28 30290.40000 49.16000000 2086.15000 138.80000 22.09500 118.04400
10 6 21 06 28 30294.50000 49.16000000 2087.13000 138.80000 22.09500 118.04400
10 6 21 06 29 30309.90000 49.16000000 2088.00000 138.97000 22.09500 118.04400
10 6 21 06 29 30308.10000 49.16000000 2087.99000 138.92000 22.09500 118.04400
10 6 21 06 29 30310.00000 49.16000000 2087.99000 138.93000 22.09500 118.04400
10 6 21 06 30 30318.90000 49.16000000 2087.99000 138.93000 22.09500 118.04400
10 6 21 06 30 30299.10000 49.16000000 2087.47000 138.93000 22.09500 118.04400
10 6 21 06 31 30333.20000 49.16000000 2088.96000 138.93000 22.09500 118.04400
10 6 21 06 31 30345.50000 49.16000000 2093.60000 139.30000 22.09500 118.73500
10 6 21 06 32 30421.80000 49.59500000 2097.80000 139.62000 22.09500 119.03300
10 6 21 06 32 30403.00000 49.59500000 2095.13000 139.52000 22.09500 119.03300
10 6 21 06 32 30410.00000 49.56700000 2095.16000 139.40000 22.09500 119.03300
10 6 21 06 33 30418.00000 49.56700000 2096.23000 139.40000 22.09500 119.03300
10 6 21 06 33 30458.50000 49.56700000 2097.43000 139.52000 22.09500 119.39100
10 6 21 06 34 30435.20000 49.56700000 2096.29000 139.49000 22.23300 119.23900
10 6 21 06 34 30451.10000 49.70600000 2096.20000 139.52000 22.23300 119.23900
10 6 21 06 35 30441.00000 49.70600000 2096.05000 139.52000 22.23300 119.23900
10 6 21 06 35 30427.70000 49.68300000 2096.05000 139.52000 22.23300 119.23300
10 6 21 06 35 30416.90000 49.68300000 2094.69000 139.52000 22.23300 119.23300
10 6 21 06 36 30425.80000 49.68300000 2095.20000 139.29000 22.23300 119.23300
10 6 21 06 36 30392.80000 49.68300000 2093.46000 139.14000 22.23300 119.23300
10 6 21 06 37 30399.80000 49.68300000 2093.45000 139.10000 22.23300 119.23300
10 6 21 06 37 30367.60000 49.68300000 2092.94000 139.10000 22.23300 119.23300
10 6 21 06 38 30373.00000 49.68300000 2092.94000 138.93000 22.33200 119.23300
10 6 21 06 38 30347.10000 49.68300000 2091.55000 138.93000 22.33200 118.91300
10 6 21 06 38 30322.90000 49.68300000 2089.17000 138.93000 22.33200 118.95300
10 6 21 06 39 30315.40000 49.68300000 2090.72000 138.87000 22.33200 118.95300
10 6 21 06 40 30315.70000 49.68300000 2091.62000 138.88000 22.33200 118.72000
10 6 21 06 40 30309.60000 49.68300000 2091.62000 138.98000 22.33200 118.72000
10 6 21 06 41 30304.10000 49.68300000 2091.50000 138.96000 22.33200 118.72000
10 6 21 06 41 30261.70000 49.68300000 2089.50000 138.96000 22.33200 118.72000
10 6 21 06 42 30235.20000 49.68300000 2085.61000 138.69000 22.33200 118.61900
10 6 21 06 42 30225.50000 49.24400000 2086.02000 138.69000 22.27400 118.61900
10 6 21 06 42 30248.80000 49.24400000 2086.98000 138.67000 22.27400 118.61900
10 6 21 06 43 30260.70000 49.24400000 2087.36000 138.67000 22.27400 118.61900
10 6 21 06 43 30223.20000 49.24400000 2087.36000 138.67000 22.27400 118.61900
10 6 21 06 44 30207.70000 49.15200000 2084.97000 138.67000 22.27400 118.31300
10 6 21 06 44 30225.20000 49.15200000 2083.90000 138.62000 22.27400 118.31300
10 6 21 06 45 30215.80000 49.15200000 2084.74000 138.62000 22.27400 118.31300
10 6 21 06 45 30200.00000 49.09400000 2083.75000 138.62000 22.45000 118.31300
10 6 21 06 45 30169.80000 49.09400000 2083.76000 138.62000 22.58200 118.31300
10 6 21 06 46 30174.20000 49.09400000 2081.16000 138.35000 22.49900 118.00700
10 6 21 06 46 30182.10000 49.09400000 2081.16000 138.35000 22.52100 118.00700
10 6 21 06 47 30218.50000 49.09400000 2081.16000 138.35000 22.54300 118.00700
10 6 21 06 47 30244.40000 49.09400000 2086.80000 138.35000 22.54300 118.00700
10 6 21 06 48 30238.10000 49.09400000 2086.55000 138.35000 22.58700 118.44000
10 6 21 06 48 30242.40000 49.09400000 2090.33000 138.35000 22.58700 118.69100
10 6 21 06 49 30276.60000 49.09400000 2090.58000 138.35000 22.55000 118.69100
10 6 21 06 49 30297.70000 49.09400000 2091.50000 138.83000 22.55000 118.69100
