M=[
18 7 20 20 22 8045.70000 5.34100000 207.07000 37.35000 16.94900 51.92800
18 7 20 20 23 8045.40000 5.34100000 206.96000 37.35000 16.94900 51.92800
18 7 20 20 23 8045.80000 5.34100000 206.96000 37.35000 16.94900 51.92800
18 7 20 20 24 8045.70000 5.34100000 206.97000 37.35000 16.94900 51.92800
18 7 20 20 24 8045.80000 5.34100000 206.97000 37.35000 16.94900 51.92800
18 7 20 20 25 8045.80000 5.34100000 206.97000 37.35000 16.94900 51.92800
18 7 20 20 25 8045.80000 5.34100000 206.99000 37.35000 16.94900 51.92800
18 7 20 20 25 8045.70000 5.34100000 206.99000 37.35000 16.94900 51.92800
18 7 20 20 26 8045.40000 5.34100000 206.97000 37.43000 16.94900 51.92800
18 7 20 20 26 8045.80000 5.34100000 206.97000 37.44000 16.94900 51.92800
18 7 20 20 27 8045.70000 5.34100000 206.97000 37.44000 16.94900 51.92800
18 7 20 20 27 8045.70000 5.34100000 206.97000 37.43000 16.94900 51.92800
18 7 20 20 28 8045.60000 5.34100000 206.97000 37.43000 16.94900 51.92800
18 7 20 20 28 8043.30000 5.34100000 206.96000 37.43000 16.94900 51.92800
18 7 20 20 29 8042.90000 5.34100000 206.97000 37.43000 16.94900 51.92800
18 7 20 20 29 8043.00000 5.34100000 206.97000 37.43000 16.94900 51.92800
18 7 20 20 30 8043.00000 5.34100000 206.97000 37.43000 16.94900 51.92800
18 7 20 20 30 8043.00000 5.34100000 206.97000 37.43000 16.94900 51.92800
18 7 20 20 30 8043.00000 5.34100000 206.97000 37.43000 16.94900 51.92800
18 7 20 20 31 8042.90000 5.34100000 206.97000 37.43000 16.94900 51.92800
18 7 20 20 31 8043.00000 5.34100000 206.97000 37.43000 16.94900 51.92800
18 7 20 20 32 8042.90000 5.34100000 206.97000 37.43000 16.94900 51.92800
18 7 20 20 32 8042.90000 5.34100000 206.97000 37.43000 16.94900 51.92800
18 7 20 20 33 8041.00000 5.34100000 206.97000 37.43000 16.94900 51.92800
18 7 20 20 33 8041.00000 5.34100000 206.96000 37.43000 16.94900 51.92800
18 7 20 20 34 8041.40000 5.34100000 206.97000 37.43000 16.94900 51.92800
18 7 20 20 34 8042.50000 5.34100000 206.97000 37.43000 16.94900 51.92800
18 7 20 20 34 8041.60000 5.34100000 206.97000 37.43000 16.94900 51.92800
18 7 20 20 35 8041.60000 5.34100000 206.96000 37.43000 16.94900 51.92800
18 7 20 20 35 8043.00000 5.34100000 206.97000 37.43000 16.94900 51.92800
18 7 20 20 36 8045.20000 5.34100000 206.98000 37.43000 16.94900 51.92800
18 7 20 20 36 8044.00000 5.34100000 206.97000 37.43000 16.94900 51.92800
18 7 20 20 37 8042.30000 5.34100000 206.95000 37.43000 16.94900 51.92800
18 7 20 20 37 8044.30000 5.34100000 206.95000 37.43000 16.94900 51.92800
18 7 20 20 38 8044.30000 5.34100000 206.95000 37.43000 16.94900 51.92800
18 7 20 20 38 8044.40000 5.34100000 206.95000 37.43000 16.94900 51.92800
18 7 20 20 38 8044.60000 5.34100000 206.98000 37.43000 16.94900 51.92800
18 7 20 20 39 8044.30000 5.34100000 206.99000 37.43000 16.94900 51.92800
18 7 20 20 39 8044.90000 5.34100000 206.99000 37.43000 16.94900 51.92800
18 7 20 20 40 8045.10000 5.34100000 206.98000 37.43000 16.94900 51.92800
18 7 20 20 40 8048.00000 5.34100000 207.13000 37.43000 16.94900 51.92800
18 7 20 20 41 8048.00000 5.34100000 207.12000 37.43000 16.94900 51.92800
18 7 20 20 41 8048.00000 5.34100000 207.12000 37.43000 16.94900 51.92800
18 7 20 20 41 8047.90000 5.34100000 207.12000 37.43000 16.94900 51.92800
18 7 20 20 42 8048.00000 5.34100000 207.12000 37.43000 16.94900 51.92800
18 7 20 20 42 8046.90000 5.34100000 207.12000 37.43000 16.94900 51.92800
18 7 20 20 43 8046.90000 5.34100000 207.15000 37.43000 16.94900 51.92800
18 7 20 20 43 8048.30000 5.34600000 207.15000 37.43000 16.94900 51.92800
18 7 20 20 44 8048.30000 5.34600000 207.18000 37.43000 16.94900 51.92800
18 7 20 20 44 8048.30000 5.34600000 207.18000 37.43000 16.94900 51.92800
18 7 20 20 45 8048.00000 5.34600000 207.18000 37.43000 16.94900 51.92800
18 7 20 20 45 8046.90000 5.34600000 207.18000 37.43000 16.94900 51.92800
18 7 20 20 45 8048.00000 5.34600000 207.18000 37.43000 16.94900 51.92800
18 7 20 20 46 8049.00000 5.34600000 207.20000 37.43000 16.94900 51.92800
18 7 20 20 46 8049.00000 5.34600000 207.20000 37.43000 16.94900 51.92800
18 7 20 20 47 8049.40000 5.34600000 207.26000 37.43000 16.94900 51.99900
18 7 20 20 47 8049.80000 5.34600000 207.01000 37.43000 16.94900 51.99900
18 7 20 20 48 8049.90000 5.34600000 207.23000 37.43000 16.94900 51.99900
18 7 20 20 48 8050.00000 5.34600000 207.23000 37.43000 16.94900 51.99900
18 7 20 20 49 8050.00000 5.34600000 207.22000 37.43000 16.94900 51.99900
18 7 20 20 49 8049.10000 5.34600000 207.22000 37.43000 16.94900 51.99900
18 7 20 20 49 8049.30000 5.34600000 207.22000 37.43000 16.94900 51.99900
18 7 20 20 50 8049.30000 5.34600000 207.23000 37.43000 16.94900 51.99900
18 7 20 20 50 8049.20000 5.34600000 207.23000 37.43000 16.94900 51.99900
18 7 20 20 51 8050.10000 5.34600000 207.23000 37.43000 16.94900 51.99900
18 7 20 20 51 8050.20000 5.34600000 207.23000 37.43000 16.94900 51.99900
18 7 20 20 52 8049.20000 5.34600000 207.13000 37.43000 16.94900 51.99900
18 7 20 20 52 8049.20000 5.34600000 207.06000 37.43000 16.94900 51.99900
18 7 20 20 53 8049.20000 5.34600000 207.06000 37.43000 16.94900 51.98300
18 7 20 20 53 8049.20000 5.34600000 207.03000 37.43000 16.94900 51.98300
18 7 20 20 53 8049.20000 5.34600000 207.03000 37.43000 16.94900 51.98300
18 7 20 20 54 8049.20000 5.34600000 207.03000 37.43000 16.94900 51.98300
18 7 20 20 54 8049.10000 5.34600000 207.03000 37.43000 16.94900 51.98300
18 7 20 20 55 8048.90000 5.34600000 207.03000 37.43000 16.94900 51.98300
18 7 20 20 55 8047.50000 5.34600000 207.03000 37.43000 16.94900 51.98300
18 7 20 20 56 8048.00000 5.34600000 207.03000 37.42000 16.94900 51.95900
18 7 20 20 56 8048.90000 5.34600000 207.03000 37.42000 16.94900 51.95900
18 7 20 20 57 8050.10000 5.34600000 207.09000 37.42000 16.94900 51.95900
18 7 20 20 57 8049.90000 5.34600000 207.21000 37.42000 16.94900 51.95900
18 7 20 20 57 8049.70000 5.34600000 207.25000 37.42000 16.94900 51.95900
18 7 20 20 58 8049.00000 5.34600000 207.14000 37.42000 16.94900 51.95900
18 7 20 20 58 8048.20000 5.34600000 207.30000 37.42000 16.94900 51.95900
18 7 20 20 59 8047.10000 5.34600000 207.23000 37.42000 16.94900 51.95900
18 7 20 20 59 8047.20000 5.34600000 207.23000 37.40000 16.94900 51.95900
18 7 20 21 00 8047.20000 5.35500000 207.23000 37.40000 16.94900 51.95900
18 7 20 21 00 8049.90000 5.35500000 207.09000 37.40000 16.94900 51.95900
18 7 20 21 01 8050.10000 5.35500000 207.09000 37.40000 16.94900 51.95900
18 7 20 21 01 8050.00000 5.35500000 207.09000 37.40000 16.94900 51.95900
18 7 20 21 01 8050.10000 5.35500000 207.07000 37.40000 16.94900 51.95900
18 7 20 21 02 8050.00000 5.35500000 207.03000 37.40000 16.94900 51.95900
18 7 20 21 02 8050.00000 5.35500000 207.03000 37.40000 16.94900 51.95900
18 7 20 21 03 8046.50000 5.35500000 207.03000 37.40000 16.94900 51.95900
18 7 20 21 03 8046.60000 5.35500000 207.03000 37.40000 16.94900 51.95900
18 7 20 21 04 8043.50000 5.35500000 206.93000 37.37000 16.94900 51.95900
18 7 20 21 04 8043.40000 5.35500000 206.78000 37.37000 16.94900 51.95900
18 7 20 21 05 8042.40000 5.35500000 206.82000 37.37000 16.94900 51.95900
18 7 20 21 05 8041.10000 5.35500000 206.66000 37.37000 16.94900 51.95900
18 7 20 21 05 8041.20000 5.35500000 206.70000 37.37000 16.94900 51.95900
18 7 20 21 06 8041.10000 5.35500000 206.70000 37.37000 16.94900 51.95900
18 7 20 21 06 8041.10000 5.35500000 206.70000 37.37000 16.94900 51.95900
18 7 20 21 07 8043.00000 5.35500000 206.70000 37.37000 16.94900 51.95900
18 7 20 21 07 8043.60000 5.35500000 206.66000 37.37000 16.94900 51.95900
18 7 20 21 08 8044.00000 5.35500000 206.66000 37.37000 16.94900 51.95900
18 7 20 21 08 8042.40000 5.35500000 206.66000 37.37000 16.89400 51.95900
18 7 20 21 09 8042.30000 5.35500000 206.67000 37.37000 16.90000 51.95900
18 7 20 21 09 8042.40000 5.35500000 206.67000 37.37000 16.90000 51.84400
18 7 20 21 10 8041.40000 5.35500000 206.67000 37.37000 16.90000 51.84400
18 7 20 21 10 8040.70000 5.35500000 206.67000 37.37000 16.90000 51.84400
18 7 20 21 10 8040.70000 5.35500000 206.67000 37.37000 16.90000 51.84400
