M=[
 6 11 20 02 17 13402.70000 4.41000000 371.34000 52.64000 12.07600 49.30700
 6 11 20 02 18 13403.10000 4.41000000 370.87000 52.55000 12.07600 49.30700
 6 11 20 02 18 13400.30000 4.41000000 370.45000 52.57000 12.07600 49.30700
 6 11 20 02 19 13402.60000 4.41000000 370.45000 52.65000 12.07600 49.30700
 6 11 20 02 19 13384.70000 4.41000000 370.69000 52.46000 12.07600 49.30700
 6 11 20 02 19 13395.20000 4.41000000 370.96000 52.49000 12.07600 49.30700
 6 11 20 02 20 13392.20000 4.41000000 370.96000 52.58000 12.07600 49.30700
 6 11 20 02 20 13399.00000 4.41000000 370.68000 52.58000 12.07600 49.30700
 6 11 20 02 21 13399.00000 4.41000000 370.68000 52.58000 12.07600 49.30700
 6 11 20 02 21 13406.80000 4.41000000 370.69000 52.58000 12.07600 49.30700
 6 11 20 02 22 13409.70000 4.41000000 370.68000 52.65000 12.07600 49.30700
 6 11 20 02 22 13411.00000 4.41000000 370.68000 52.65000 12.11000 49.30700
 6 11 20 02 23 13408.40000 4.41000000 370.68000 52.65000 12.11000 49.30700
 6 11 20 02 23 13398.00000 4.41000000 370.69000 52.67000 12.11000 49.30700
 6 11 20 02 23 13378.20000 4.41000000 370.69000 52.70000 12.11000 49.30700
 6 11 20 02 24 13369.70000 4.41000000 370.03000 52.70000 12.11000 49.30700
 6 11 20 02 24 13360.50000 4.41000000 369.55000 52.70000 12.11000 49.30700
 6 11 20 02 25 13360.10000 4.41000000 369.41000 52.56000 12.11000 49.30700
 6 11 20 02 25 13340.00000 4.41000000 369.55000 52.56000 12.11000 49.30700
 6 11 20 02 26 13336.00000 4.41000000 368.43000 52.50000 12.11000 49.30700
 6 11 20 02 26 13352.40000 4.41000000 368.94000 52.50000 12.11000 49.30700
 6 11 20 02 26 13352.40000 4.41000000 369.40000 52.50000 12.11000 49.30700
 6 11 20 02 27 13351.90000 4.41000000 369.08000 52.42000 12.11000 49.30700
 6 11 20 02 27 13355.00000 4.41000000 369.44000 52.42000 12.11000 49.30700
 6 11 20 02 28 13336.70000 4.41000000 369.08000 52.35000 12.11000 49.30700
 6 11 20 02 28 13318.90000 4.41000000 368.56000 52.35000 12.11000 49.30700
 6 11 20 02 29 13310.10000 4.41000000 368.04000 52.35000 12.11000 49.30700
 6 11 20 02 29 13302.80000 4.41000000 368.04000 52.35000 12.11000 49.02200
 6 11 20 02 29 13302.40000 4.41000000 367.69000 52.04000 12.11000 49.02200
 6 11 20 02 30 13325.30000 4.41000000 369.05000 52.04000 12.11000 49.02200
 6 11 20 02 30 13317.60000 4.41000000 368.80000 52.17000 12.11000 49.02200
 6 11 20 02 31 13299.60000 4.41000000 368.23000 52.03000 12.11000 49.02200
 6 11 20 02 31 13265.60000 4.41000000 366.84000 52.00000 12.11000 49.02200
 6 11 20 02 32 13284.40000 4.41000000 366.85000 52.00000 12.11000 49.02200
 6 11 20 02 32 13290.10000 4.41000000 366.90000 52.00000 12.11000 49.02200
 6 11 20 02 32 13295.10000 4.41000000 367.79000 52.00000 12.11000 49.02200
 6 11 20 02 33 13284.00000 4.41000000 367.79000 51.83000 12.11000 49.02200
 6 11 20 02 33 13270.50000 4.41000000 367.50000 51.83000 12.11000 49.02200
 6 11 20 02 34 13265.50000 4.41000000 367.59000 51.79000 12.11000 48.82900
 6 11 20 02 34 13244.60000 4.41000000 367.59000 51.72000 12.11000 48.82900
 6 11 20 02 35 13223.90000 4.41000000 366.26000 51.58000 12.11000 48.82900
 6 11 20 02 35 13250.10000 4.41000000 366.26000 51.58000 12.11000 48.82900
 6 11 20 02 35 13242.50000 4.41000000 366.41000 51.58000 12.11000 48.82900
 6 11 20 02 36 13251.30000 4.41000000 367.04000 51.68000 12.11000 48.82900
 6 11 20 02 36 13188.20000 4.38900000 365.45000 51.50000 12.11000 48.82900
 6 11 20 02 37 13148.30000 4.38900000 365.82000 51.47000 12.11000 48.82900
 6 11 20 02 37 13195.90000 4.38900000 365.31000 51.47000 12.11000 48.82900
 6 11 20 02 38 13209.10000 4.38900000 365.41000 51.47000 12.11000 48.82900
 6 11 20 02 38 13222.30000 4.38900000 365.80000 51.57000 12.11000 48.65600
 6 11 20 02 38 13232.10000 4.38900000 366.33000 51.57000 12.11000 48.65600
 6 11 20 02 39 13244.80000 4.38900000 366.33000 51.57000 12.11000 48.65600
 6 11 20 02 39 13263.90000 4.38900000 367.02000 51.72000 12.11000 48.65600
 6 11 20 02 40 13271.80000 4.38900000 367.50000 51.84000 12.11000 48.65600
 6 11 20 02 40 13265.00000 4.38900000 366.81000 51.84000 12.11000 48.65600
 6 11 20 02 41 13280.00000 4.39700000 367.37000 51.84000 12.11000 48.65600
 6 11 20 02 41 13290.00000 4.39700000 368.05000 51.94000 12.11000 48.65600
 6 11 20 02 41 13284.40000 4.39700000 367.65000 51.92000 12.11000 48.65600
 6 11 20 02 42 13292.60000 4.39700000 367.82000 51.92000 12.11000 48.65600
 6 11 20 02 42 13301.50000 4.39700000 368.42000 51.92000 12.11000 48.65600
 6 11 20 02 43 13299.50000 4.39700000 368.42000 51.95000 12.11000 48.65600
 6 11 20 02 43 13288.10000 4.39700000 368.32000 51.95000 12.11000 48.65600
 6 11 20 02 44 13298.40000 4.39700000 368.30000 51.95000 12.11000 48.65600
 6 11 20 02 44 13313.50000 4.39700000 368.30000 51.95000 12.11000 48.65600
 6 11 20 02 44 13318.70000 4.39700000 368.74000 52.02000 12.11000 48.65600
 6 11 20 02 45 13306.00000 4.39700000 368.74000 52.02000 12.11000 48.65600
 6 11 20 02 45 13300.10000 4.39700000 368.74000 52.02000 12.11000 48.65600
 6 11 20 02 46 13295.30000 4.39700000 368.09000 52.02000 12.11000 48.65600
 6 11 20 02 46 13281.30000 4.39700000 367.65000 52.02000 12.11000 48.65600
 6 11 20 02 47 13276.60000 4.39700000 367.65000 52.02000 12.11000 48.65600
 6 11 20 02 47 13296.40000 4.39700000 368.21000 52.02000 12.20800 48.65600
 6 11 20 02 47 13283.20000 4.39700000 368.21000 51.84000 12.20800 48.65600
 6 11 20 02 48 13295.60000 4.39700000 368.21000 51.84000 12.20800 48.65600
 6 11 20 02 48 13300.40000 4.41200000 367.80000 51.86000 12.20800 48.65600
 6 11 20 02 49 13302.40000 4.41600000 367.80000 51.86000 12.20800 48.65600
 6 11 20 02 49 13306.60000 4.41600000 368.12000 51.86000 12.20800 48.65600
 6 11 20 02 50 13319.10000 4.41600000 368.12000 51.86000 12.20800 48.65600
 6 11 20 02 50 13312.60000 4.41600000 367.88000 51.86000 12.20800 48.65600
 6 11 20 02 50 13300.30000 4.41600000 367.88000 51.86000 12.13900 48.65600
 6 11 20 02 51 13300.30000 4.41600000 367.80000 51.82000 12.13900 48.65600
 6 11 20 02 51 13300.30000 4.41600000 367.59000 51.82000 12.13900 48.65600
 6 11 20 02 52 13300.30000 4.41600000 367.47000 51.82000 12.13900 48.65600
 6 11 20 02 52 13280.80000 4.41600000 367.48000 51.82000 12.13900 48.65600
 6 11 20 02 53 13280.80000 4.41600000 367.54000 51.82000 12.13900 48.65600
 6 11 20 02 53 13257.10000 4.41600000 366.63000 51.82000 12.13900 48.65600
 6 11 20 02 53 13235.50000 4.41600000 366.10000 51.61000 12.13900 48.65600
 6 11 20 02 54 13247.70000 4.41600000 366.01000 51.61000 12.13900 48.65600
 6 11 20 02 54 13238.80000 4.41600000 366.01000 51.67000 12.13900 48.65600
 6 11 20 02 55 13229.80000 4.41600000 366.28000 51.67000 12.13900 48.65600
 6 11 20 02 55 13231.10000 4.41600000 366.10000 51.67000 12.13900 48.65600
 6 11 20 02 56 13221.70000 4.41600000 365.96000 51.67000 12.13900 48.65600
 6 11 20 02 56 13225.00000 4.41600000 366.30000 51.67000 12.13900 48.65600
 6 11 20 02 56 13200.10000 4.41600000 366.30000 51.64000 12.13900 48.65600
 6 11 20 02 57 13202.20000 4.41600000 366.30000 51.64000 12.13900 48.65600
 6 11 20 02 57 13209.90000 4.41600000 366.30000 51.64000 12.13900 48.65600
 6 11 20 02 58 13215.70000 4.41600000 366.30000 51.64000 12.13900 48.65600
 6 11 20 02 58 13241.10000 4.41600000 366.30000 51.64000 12.13900 48.65600
 6 11 20 02 59 13253.10000 4.41600000 367.55000 51.64000 12.13900 48.65600
 6 11 20 02 59 13265.70000 4.41600000 367.43000 51.64000 12.13900 48.65600
 6 11 20 03 00 13244.60000 4.41600000 367.23000 51.85000 12.13900 48.65600
 6 11 20 03 00 13261.40000 4.41600000 367.24000 51.85000 12.13900 48.65600
 6 11 20 03 00 13271.80000 4.41600000 367.24000 51.85000 12.13900 48.65600
 6 11 20 03 01 13266.20000 4.41600000 367.53000 51.85000 12.13900 48.65600
 6 11 20 03 01 13266.20000 4.41600000 367.54000 51.85000 12.13900 48.65600
 6 11 20 03 02 13270.70000 4.40800000 367.56000 51.85000 12.13900 48.62800
 6 11 20 03 02 13271.90000 4.40800000 367.56000 51.85000 12.13900 48.62800
 6 11 20 03 03 13273.90000 4.40800000 367.56000 51.85000 12.13900 48.62800
