M=[
10 9 20 17 00 8743.50000 4.44900000 309.66000 40.97000 14.29900 51.59800
10 9 20 17 00 8743.20000 4.44900000 310.13000 40.97000 14.29900 51.59800
10 9 20 17 01 8743.20000 4.44900000 310.20000 41.02000 14.29900 51.59800
10 9 20 17 01 8743.20000 4.44900000 310.14000 41.02000 14.29900 51.59800
10 9 20 17 02 8743.60000 4.44900000 310.41000 41.02000 14.29900 51.59800
10 9 20 17 02 8751.90000 4.44900000 310.85000 41.02000 14.29900 51.59800
10 9 20 17 02 8756.40000 4.44900000 311.10000 41.02000 14.29600 51.59800
10 9 20 17 03 8756.70000 4.44900000 311.10000 41.02000 14.29600 51.59800
10 9 20 17 03 8759.90000 4.44900000 311.10000 41.02000 14.29600 51.59800
10 9 20 17 04 8759.50000 4.44900000 311.14000 41.02000 14.29600 51.59800
10 9 20 17 04 8760.70000 4.44900000 311.14000 41.02000 14.20300 51.59800
10 9 20 17 05 8760.30000 4.44900000 311.16000 41.02000 14.20300 51.59800
10 9 20 17 05 8760.30000 4.44900000 311.00000 41.02000 14.20300 51.59800
10 9 20 17 05 8757.50000 4.44900000 311.02000 41.02000 14.20300 51.59800
10 9 20 17 06 8757.50000 4.44900000 311.02000 41.02000 14.20300 51.59800
10 9 20 17 06 8757.40000 4.44900000 311.02000 41.02000 14.20300 51.59800
10 9 20 17 07 8757.50000 4.44900000 310.98000 41.02000 14.20300 51.59800
10 9 20 17 07 8757.50000 4.44900000 310.98000 41.02000 14.20900 51.59800
10 9 20 17 08 8759.60000 4.44900000 311.17000 41.02000 14.20900 51.59800
10 9 20 17 08 8760.10000 4.44900000 311.17000 41.02000 14.20900 51.59800
10 9 20 17 09 8760.70000 4.44900000 311.17000 41.02000 14.20900 51.59800
10 9 20 17 09 8761.50000 4.44900000 311.21000 41.02000 14.20900 51.59800
10 9 20 17 09 8765.80000 4.44900000 311.32000 41.02000 14.20900 51.59800
10 9 20 17 10 8765.40000 4.44900000 311.07000 41.02000 14.20900 51.59800
10 9 20 17 10 8768.00000 4.44900000 311.21000 41.02000 14.20900 51.59800
10 9 20 17 11 8767.20000 4.44900000 311.41000 41.02000 14.20900 51.59800
10 9 20 17 11 8767.20000 4.44900000 311.41000 41.02000 14.20900 51.59800
10 9 20 17 12 8770.10000 4.44900000 311.41000 41.02000 14.20900 51.59800
10 9 20 17 12 8770.60000 4.44900000 311.13000 41.02000 14.20900 51.59800
10 9 20 17 12 8767.10000 4.44900000 311.13000 41.02000 14.20900 51.59800
10 9 20 17 13 8764.00000 4.44900000 310.75000 41.02000 14.20900 51.59800
10 9 20 17 13 8762.80000 4.44900000 310.89000 41.00000 14.20900 51.59800
10 9 20 17 14 8763.60000 4.44900000 310.89000 41.00000 14.20900 51.59800
10 9 20 17 14 8763.90000 4.44900000 310.70000 41.00000 14.20900 51.59800
10 9 20 17 15 8765.70000 4.44900000 310.83000 41.00000 14.20900 51.59800
10 9 20 17 15 8765.70000 4.44900000 310.83000 41.00000 14.20900 51.59800
10 9 20 17 15 8767.20000 4.44900000 310.83000 41.00000 14.20900 51.59800
10 9 20 17 16 8769.40000 4.44900000 311.10000 41.00000 14.28400 51.59800
10 9 20 17 16 8771.30000 4.44900000 311.10000 41.00000 14.28600 51.59800
10 9 20 17 17 8774.10000 4.44900000 311.10000 41.00000 14.28600 51.59800
10 9 20 17 17 8770.90000 4.44900000 311.10000 41.06000 14.28600 51.59800
10 9 20 17 18 8769.00000 4.44900000 311.10000 41.06000 14.28600 51.59800
10 9 20 17 18 8769.40000 4.44900000 311.02000 41.06000 14.28600 51.59800
10 9 20 17 18 8764.80000 4.44900000 310.92000 41.06000 14.28600 51.59800
10 9 20 17 19 8768.70000 4.44900000 310.87000 41.06000 14.28600 51.59800
10 9 20 17 19 8767.20000 4.44900000 311.06000 41.06000 14.28600 51.59800
10 9 20 17 20 8767.20000 4.44900000 311.18000 41.06000 14.28600 51.59800
10 9 20 17 20 8760.20000 4.44900000 310.55000 41.06000 14.28600 51.59800
10 9 20 17 21 8762.20000 4.44900000 311.09000 41.06000 14.28600 51.59800
10 9 20 17 21 8765.60000 4.44900000 311.09000 41.06000 14.28600 51.59800
10 9 20 17 21 8761.50000 4.44900000 311.09000 41.06000 14.28600 51.59800
10 9 20 17 22 8762.20000 4.44900000 310.80000 41.06000 14.28600 51.59800
10 9 20 17 22 8763.70000 4.44900000 310.80000 41.06000 14.28600 51.59800
10 9 20 17 23 8761.20000 4.44900000 310.79000 41.06000 14.28600 51.59800
10 9 20 17 23 8761.10000 4.44900000 310.79000 41.06000 14.28600 51.59800
10 9 20 17 24 8759.80000 4.44900000 310.10000 40.96000 14.28600 51.59800
10 9 20 17 24 8759.80000 4.44900000 309.63000 40.96000 14.28600 51.59800
10 9 20 17 24 8759.70000 4.44900000 309.63000 40.96000 14.28600 51.59800
10 9 20 17 25 8759.70000 4.44900000 309.89000 40.96000 14.29700 51.59800
10 9 20 17 25 8759.80000 4.44900000 309.89000 40.96000 14.29700 51.59800
10 9 20 17 26 8759.60000 4.44900000 309.51000 40.96000 14.29700 51.59800
10 9 20 17 26 8757.20000 4.44900000 309.51000 40.96000 14.29700 51.59800
10 9 20 17 27 8755.60000 4.44900000 309.51000 40.96000 14.29700 51.59800
10 9 20 17 27 8755.90000 4.44900000 309.58000 40.96000 14.29700 51.59800
10 9 20 17 28 8755.90000 4.44900000 309.51000 40.88000 14.29700 51.59800
10 9 20 17 28 8756.10000 4.44900000 309.52000 40.88000 14.29700 51.59800
10 9 20 17 28 8755.90000 4.44900000 309.62000 40.88000 14.29700 51.59800
10 9 20 17 29 8756.00000 4.44900000 309.63000 40.88000 14.29700 51.59800
10 9 20 17 29 8756.00000 4.44900000 309.70000 40.88000 14.29700 51.59800
10 9 20 17 30 8755.30000 4.44900000 309.85000 40.88000 14.29700 51.59800
10 9 20 17 30 8754.00000 4.44900000 309.83000 40.88000 14.29700 51.59800
10 9 20 17 31 8754.00000 4.44900000 309.49000 40.88000 14.29700 51.59800
10 9 20 17 31 8755.90000 4.44900000 310.36000 40.96000 14.29700 51.59800
10 9 20 17 31 8756.50000 4.44900000 310.66000 40.96000 14.29700 51.59800
10 9 20 17 32 8762.00000 4.44900000 310.75000 40.96000 14.29700 51.76000
10 9 20 17 32 8763.20000 4.44900000 310.70000 40.96000 14.29700 51.76000
10 9 20 17 33 8764.50000 4.45000000 310.70000 40.96000 14.29700 51.76000
10 9 20 17 33 8765.20000 4.45000000 310.70000 40.96000 14.29700 51.76000
10 9 20 17 34 8764.50000 4.45000000 310.69000 40.96000 14.29700 51.76000
10 9 20 17 34 8763.10000 4.45000000 310.70000 40.96000 14.29700 51.76000
10 9 20 17 34 8760.00000 4.45000000 310.70000 40.96000 14.29700 51.76000
10 9 20 17 35 8760.60000 4.45000000 310.69000 40.96000 14.29700 51.76000
10 9 20 17 35 8760.80000 4.45000000 310.70000 41.05000 14.29700 51.76000
10 9 20 17 36 8760.80000 4.45000000 310.96000 41.05000 14.29700 51.84600
10 9 20 17 36 8762.60000 4.45000000 311.00000 41.05000 14.29700 51.84600
10 9 20 17 37 8762.50000 4.45000000 311.48000 41.05000 14.29700 51.84600
10 9 20 17 37 8763.70000 4.45000000 311.53000 41.05000 14.29700 51.84600
10 9 20 17 37 8763.30000 4.45000000 311.53000 41.08000 14.29700 51.84600
10 9 20 17 38 8764.20000 4.45000000 311.51000 41.08000 14.26400 51.84600
10 9 20 17 38 8765.10000 4.45000000 311.51000 41.17000 14.26400 51.84600
10 9 20 17 39 8766.20000 4.45000000 312.07000 41.17000 14.26400 51.84600
10 9 20 17 39 8770.70000 4.45000000 311.89000 41.17000 14.26300 51.84600
10 9 20 17 40 8768.60000 4.45000000 312.05000 41.17000 14.26300 51.84600
10 9 20 17 40 8766.90000 4.45000000 311.63000 41.17000 14.26300 51.84600
10 9 20 17 41 8764.70000 4.45000000 311.71000 41.17000 14.26300 51.84600
10 9 20 17 41 8764.70000 4.45000000 311.70000 41.17000 14.26300 51.84600
10 9 20 17 41 8764.70000 4.45000000 311.82000 41.17000 14.26300 51.84600
10 9 20 17 42 8767.80000 4.45000000 311.93000 41.12000 14.26300 51.84600
10 9 20 17 42 8769.20000 4.45000000 312.07000 41.12000 14.26300 51.84600
10 9 20 17 43 8767.60000 4.45000000 312.06000 41.12000 14.26300 52.14000
10 9 20 17 43 8765.20000 4.45000000 312.06000 41.12000 14.26300 52.14000
10 9 20 17 44 8765.60000 4.45000000 311.71000 41.12000 14.26300 52.14000
10 9 20 17 44 8765.50000 4.45000000 311.48000 41.12000 14.26300 52.14000
10 9 20 17 44 8760.90000 4.45000000 311.04000 41.12000 14.26300 52.14000
10 9 20 17 45 8753.50000 4.45000000 311.04000 41.08000 14.27800 52.14000
10 9 20 17 45 8755.40000 4.45000000 311.04000 41.08000 14.27800 52.14000
10 9 20 17 46 8755.80000 4.45000000 311.89000 41.08000 14.27800 52.05200
10 9 20 17 46 8763.80000 4.45000000 312.01000 41.08000 14.27800 52.05200
10 9 20 17 47 8763.90000 4.45000000 312.10000 41.08000 14.27800 52.05200
