M=[
30 10 20 17 53 11609.20000 4.50100000 327.97000 46.34000 11.87400 50.76000
30 10 20 17 54 11610.80000 4.50100000 327.96000 46.34000 11.87400 50.76000
30 10 20 17 54 11610.90000 4.50100000 327.96000 46.34000 11.87400 50.76000
30 10 20 17 55 11613.00000 4.50100000 328.17000 46.34000 11.87400 50.76000
30 10 20 17 55 11613.70000 4.50100000 328.31000 46.34000 11.87400 50.76000
30 10 20 17 56 11614.90000 4.50100000 328.31000 46.34000 11.87400 50.76000
30 10 20 17 56 11616.70000 4.50100000 328.32000 46.34000 11.87400 50.76000
30 10 20 17 56 11615.10000 4.50100000 328.02000 46.34000 11.87400 50.76000
30 10 20 17 57 11616.60000 4.50100000 328.02000 46.34000 11.87400 50.76000
30 10 20 17 57 11619.00000 4.50100000 328.18000 46.34000 11.87400 50.76000
30 10 20 17 58 11621.40000 4.50100000 328.25000 46.34000 11.87400 50.76000
30 10 20 17 58 11622.30000 4.50100000 328.25000 46.33000 11.87400 50.76000
30 10 20 17 59 11622.50000 4.50100000 328.39000 46.33000 11.87400 50.76000
30 10 20 17 59 11622.40000 4.50100000 328.38000 46.31000 11.87400 50.76000
30 10 20 17 59 11622.30000 4.50100000 328.38000 46.31000 11.87400 50.76000
30 10 20 18 00 11616.50000 4.51900000 328.38000 46.31000 11.87400 50.76000
30 10 20 18 00 11620.90000 4.51900000 328.38000 46.31000 11.68900 50.76000
30 10 20 18 01 11609.70000 4.51900000 328.01000 46.31000 11.68900 50.76000
30 10 20 18 01 11610.80000 4.51900000 327.98000 46.30000 11.68900 50.57200
30 10 20 18 02 11611.50000 4.51900000 328.01000 46.30000 11.68900 50.57200
30 10 20 18 02 11609.90000 4.51900000 328.01000 46.30000 11.68900 50.57200
30 10 20 18 02 11612.10000 4.51900000 328.15000 46.30000 11.68900 50.57200
30 10 20 18 03 11611.90000 4.51900000 328.15000 46.30000 11.68900 50.57200
30 10 20 18 03 11612.00000 4.51900000 328.15000 46.29000 11.68900 50.57200
30 10 20 18 04 11612.00000 4.51900000 328.15000 46.29000 11.68900 50.57200
30 10 20 18 04 11614.30000 4.51900000 328.15000 46.29000 11.68900 50.57200
30 10 20 18 05 11618.70000 4.51900000 328.15000 46.29000 11.68900 50.57200
30 10 20 18 05 11618.60000 4.51400000 328.46000 46.29000 11.68900 50.57200
30 10 20 18 05 11622.30000 4.51400000 328.53000 46.29000 11.68400 50.57200
30 10 20 18 06 11622.50000 4.51400000 328.53000 46.29000 11.68400 50.57200
30 10 20 18 06 11622.40000 4.51400000 328.61000 46.29000 11.68400 50.57200
30 10 20 18 07 11629.90000 4.51400000 328.61000 46.29000 11.68400 50.57200
30 10 20 18 07 11640.00000 4.51400000 328.89000 46.29000 11.68400 50.57200
30 10 20 18 08 11635.50000 4.51400000 328.93000 46.29000 11.68400 50.57200
30 10 20 18 08 11635.50000 4.51400000 328.93000 46.29000 11.68400 50.57200
30 10 20 18 08 11640.00000 4.51400000 329.00000 46.38000 11.68400 50.57200
30 10 20 18 09 11635.70000 4.51400000 329.00000 46.38000 11.68400 50.57200
30 10 20 18 09 11637.00000 4.51400000 329.00000 46.38000 11.68400 50.57200
30 10 20 18 10 11635.50000 4.51400000 329.00000 46.38000 11.68400 50.57200
30 10 20 18 10 11635.40000 4.51400000 329.00000 46.38000 11.68400 50.57200
30 10 20 18 11 11637.10000 4.51400000 329.00000 46.38000 11.68400 50.57200
30 10 20 18 11 11635.20000 4.51400000 328.99000 46.39000 11.68400 50.57200
30 10 20 18 11 11636.20000 4.51400000 329.00000 46.38000 11.68400 50.57200
30 10 20 18 12 11629.10000 4.51400000 328.88000 46.38000 11.68400 50.57200
30 10 20 18 12 11631.40000 4.51400000 328.88000 46.38000 11.68400 50.57200
30 10 20 18 13 11629.10000 4.51400000 328.88000 46.38000 11.68400 50.57200
30 10 20 18 13 11625.80000 4.51400000 328.88000 46.38000 11.68400 50.57200
30 10 20 18 14 11624.90000 4.51400000 328.88000 46.38000 11.68400 50.57200
30 10 20 18 14 11624.90000 4.51400000 328.88000 46.38000 11.68400 50.57200
30 10 20 18 14 11624.90000 4.51400000 328.81000 46.29000 11.68400 50.57200
30 10 20 18 15 11624.80000 4.51400000 328.81000 46.29000 11.68400 50.57200
30 10 20 18 15 11632.80000 4.51400000 328.81000 46.29000 11.68400 50.57200
30 10 20 18 16 11634.00000 4.51400000 329.00000 46.29000 11.68400 50.57200
30 10 20 18 16 11634.00000 4.51400000 329.00000 46.29000 11.68400 50.57200
30 10 20 18 17 11634.00000 4.51400000 328.81000 46.29000 11.68400 50.57200
30 10 20 18 17 11633.90000 4.51400000 328.80000 46.29000 11.68400 50.57200
30 10 20 18 17 11633.10000 4.51400000 328.80000 46.29000 11.68400 50.57200
30 10 20 18 18 11633.10000 4.51400000 328.99000 46.29000 11.68400 50.57200
30 10 20 18 18 11633.10000 4.51400000 328.99000 46.29000 11.68400 50.57200
30 10 20 18 19 11633.80000 4.51400000 328.97000 46.35000 11.68400 50.57200
30 10 20 18 19 11635.20000 4.51400000 328.97000 46.35000 11.68400 50.57200
30 10 20 18 20 11629.50000 4.51400000 328.81000 46.35000 11.68400 50.57200
30 10 20 18 20 11632.40000 4.51400000 328.98000 46.35000 11.68400 50.57200
30 10 20 18 20 11635.00000 4.51400000 328.98000 46.39000 11.68400 50.57200
30 10 20 18 21 11634.90000 4.51400000 328.98000 46.41000 11.68400 50.57200
30 10 20 18 21 11634.90000 4.51400000 328.98000 46.41000 11.68400 50.57200
30 10 20 18 22 11634.90000 4.51400000 328.98000 46.41000 11.68400 50.57200
30 10 20 18 22 11635.00000 4.51400000 328.98000 46.41000 11.68400 50.57200
30 10 20 18 23 11634.90000 4.51400000 328.98000 46.41000 11.68400 50.57200
30 10 20 18 23 11635.00000 4.51400000 329.49000 46.41000 11.68400 50.57200
30 10 20 18 23 11635.00000 4.51400000 329.81000 46.41000 11.68400 50.84900
30 10 20 18 24 11640.00000 4.51400000 329.83000 46.41000 11.68400 50.84900
30 10 20 18 24 11640.00000 4.51400000 329.90000 46.41000 11.68400 50.84900
30 10 20 18 25 11636.70000 4.51400000 329.80000 46.41000 11.68400 50.84900
30 10 20 18 25 11632.90000 4.51400000 329.36000 46.41000 11.68400 50.84900
30 10 20 18 26 11626.80000 4.51400000 329.45000 46.41000 11.68400 50.84900
30 10 20 18 26 11628.00000 4.51400000 329.29000 46.41000 11.68400 50.84900
30 10 20 18 26 11626.20000 4.51400000 329.29000 46.41000 11.68400 50.84900
30 10 20 18 27 11622.50000 4.51400000 329.06000 46.41000 11.68400 50.84900
30 10 20 18 27 11624.60000 4.51400000 329.17000 46.28000 11.68400 50.84900
30 10 20 18 28 11625.00000 4.51400000 329.22000 46.28000 11.68400 50.84900
30 10 20 18 28 11622.50000 4.51400000 329.16000 46.28000 11.65000 50.84900
30 10 20 18 29 11622.40000 4.51400000 329.27000 46.28000 11.65000 50.84900
30 10 20 18 29 11619.70000 4.51400000 328.98000 46.28000 11.65000 50.84900
30 10 20 18 30 11619.70000 4.51400000 329.03000 46.25000 11.65000 50.73600
30 10 20 18 30 11618.00000 4.51400000 328.98000 46.25000 11.65000 50.73600
30 10 20 18 30 11618.00000 4.51400000 328.80000 46.25000 11.65000 50.73600
30 10 20 18 31 11616.90000 4.51400000 328.80000 46.25000 11.65000 50.73600
30 10 20 18 31 11615.60000 4.51400000 328.81000 46.25000 11.65000 50.73600
30 10 20 18 32 11614.70000 4.51400000 328.81000 46.25000 11.65000 50.73600
30 10 20 18 32 11614.60000 4.52000000 328.81000 46.25000 11.65000 50.73600
30 10 20 18 33 11614.70000 4.52000000 328.81000 46.27000 11.65000 50.73600
30 10 20 18 33 11618.50000 4.52000000 328.80000 46.27000 11.65000 50.73600
30 10 20 18 33 11618.40000 4.52000000 328.51000 46.27000 11.65000 50.73600
30 10 20 18 34 11618.50000 4.52000000 328.51000 46.27000 11.65000 50.73600
30 10 20 18 34 11609.60000 4.52000000 328.22000 46.27000 11.65000 50.73600
30 10 20 18 35 11606.60000 4.52000000 328.19000 46.27000 11.65000 50.73600
30 10 20 18 35 11608.30000 4.52000000 328.20000 46.27000 11.65000 50.73600
30 10 20 18 36 11607.40000 4.52000000 328.27000 46.27000 11.65000 50.73600
30 10 20 18 36 11603.80000 4.52000000 328.27000 46.27000 11.65000 50.73600
30 10 20 18 36 11605.40000 4.52000000 328.23000 46.27000 11.65000 50.73600
30 10 20 18 37 11605.30000 4.52000000 328.36000 46.27000 11.65000 50.81200
30 10 20 18 37 11602.30000 4.52000000 328.26000 46.27000 11.65000 50.81200
30 10 20 18 38 11611.30000 4.52000000 328.43000 46.29000 11.65000 50.81200
30 10 20 18 38 11611.30000 4.52000000 328.43000 46.29000 11.65000 50.81200
30 10 20 18 39 11618.40000 4.52000000 328.66000 46.29000 11.65000 50.81200
