M=[
19 10 20 06 56 9790.90000 4.73900000 320.74000 40.32000 11.57000 53.58300
19 10 20 06 56 9790.90000 4.73900000 320.74000 40.35000 11.57000 53.58300
19 10 20 06 56 9795.30000 4.73900000 320.74000 40.35000 11.57000 53.58300
19 10 20 06 57 9794.30000 4.73900000 320.74000 40.32000 11.57000 53.58300
19 10 20 06 57 9794.40000 4.73900000 320.76000 40.31000 11.57000 53.58300
19 10 20 06 58 9794.40000 4.73900000 320.76000 40.31000 11.57000 53.58300
19 10 20 06 58 9794.40000 4.73900000 320.76000 40.31000 11.57000 53.58300
19 10 20 06 59 9791.60000 4.73900000 320.76000 40.31000 11.57000 53.58300
19 10 20 06 59 9791.70000 4.73900000 320.76000 40.31000 11.57000 53.58300
19 10 20 06 59 9792.60000 4.73900000 320.76000 40.31000 11.57000 53.58300
19 10 20 07 00 9792.50000 4.73900000 320.60000 40.20000 11.57000 53.58300
19 10 20 07 00 9791.50000 4.73900000 320.74000 40.20000 11.57000 53.58300
19 10 20 07 01 9791.50000 4.73900000 320.74000 40.20000 11.57000 53.58300
19 10 20 07 01 9791.60000 4.73900000 320.74000 40.20000 11.57000 53.58300
19 10 20 07 02 9795.10000 4.73900000 320.71000 40.20000 11.57000 53.58300
19 10 20 07 02 9793.10000 4.73900000 320.71000 40.23000 11.57000 53.64300
19 10 20 07 02 9793.10000 4.73900000 320.69000 40.23000 11.57000 53.61100
19 10 20 07 03 9794.90000 4.73900000 320.69000 40.23000 11.57000 53.61100
19 10 20 07 03 9794.00000 4.73900000 320.69000 40.23000 11.57000 53.61100
19 10 20 07 04 9794.00000 4.73900000 320.66000 40.23000 11.57000 53.61100
19 10 20 07 04 9792.00000 4.73900000 320.64000 40.23000 11.57000 53.61100
19 10 20 07 05 9792.00000 4.73900000 320.54000 40.23000 11.57000 53.61100
19 10 20 07 05 9788.50000 4.73900000 320.58000 40.23000 11.57000 53.61100
19 10 20 07 05 9791.70000 4.73900000 320.58000 40.23000 11.57000 53.61100
19 10 20 07 06 9790.80000 4.73900000 320.58000 40.22000 11.57000 53.61100
19 10 20 07 06 9792.60000 4.73900000 320.60000 40.22000 11.57000 53.61100
19 10 20 07 07 9794.50000 4.73900000 320.62000 40.20000 11.57000 53.61100
19 10 20 07 07 9793.80000 4.73900000 320.58000 40.20000 11.57000 53.61100
19 10 20 07 08 9795.40000 4.73900000 320.60000 40.20000 11.57000 53.61100
19 10 20 07 08 9795.60000 4.73900000 320.60000 40.20000 11.57000 53.61100
19 10 20 07 08 9797.80000 4.73900000 320.85000 40.20000 11.57000 53.61100
19 10 20 07 09 9796.60000 4.73900000 320.85000 40.20000 11.57000 53.61100
19 10 20 07 09 9796.50000 4.73900000 320.89000 40.20000 11.57000 53.61100
19 10 20 07 10 9792.60000 4.73900000 320.87000 40.20000 11.57000 53.61100
19 10 20 07 10 9790.80000 4.73900000 320.87000 40.20000 11.57000 53.61100
19 10 20 07 11 9790.40000 4.73900000 320.65000 40.20000 11.57000 53.61100
19 10 20 07 11 9789.90000 4.73900000 320.52000 40.18000 11.57000 53.61100
19 10 20 07 11 9791.50000 4.73900000 320.57000 40.19000 11.57000 53.61100
19 10 20 07 12 9791.50000 4.73900000 320.63000 40.17000 11.57000 53.61100
19 10 20 07 12 9792.10000 4.73900000 320.63000 40.17000 11.57000 53.61100
19 10 20 07 13 9792.20000 4.73900000 320.63000 40.17000 11.57000 53.61100
19 10 20 07 13 9792.00000 4.73900000 320.50000 40.17000 11.57000 53.61100
19 10 20 07 13 9792.00000 4.73900000 320.50000 40.17000 11.57000 53.61100
19 10 20 07 14 9793.00000 4.73900000 320.50000 40.19000 11.57000 53.61100
19 10 20 07 14 9794.80000 4.73900000 320.49000 40.18000 11.57000 53.61100
19 10 20 07 15 9793.40000 4.73900000 320.50000 40.18000 11.57000 53.61100
19 10 20 07 15 9795.80000 4.73900000 320.56000 40.19000 11.57000 53.61100
19 10 20 07 16 9795.80000 4.73900000 320.55000 40.19000 11.57000 53.61100
19 10 20 07 16 9797.80000 4.73900000 320.54000 40.19000 11.57000 53.61100
19 10 20 07 16 9797.00000 4.73900000 320.46000 40.23000 11.57000 53.61100
19 10 20 07 17 9797.00000 4.73900000 320.49000 40.21000 11.57000 53.61100
19 10 20 07 17 9797.00000 4.73900000 320.49000 40.18000 11.57000 53.61100
19 10 20 07 18 9793.30000 4.73900000 320.49000 40.18000 11.57000 53.61100
19 10 20 07 18 9793.30000 4.73900000 320.49000 40.18000 11.57000 53.61100
19 10 20 07 19 9793.30000 4.73900000 320.49000 40.18000 11.57000 53.61100
19 10 20 07 19 9793.40000 4.73900000 320.49000 40.18000 11.57000 53.61100
19 10 20 07 19 9793.40000 4.73900000 320.49000 40.18000 11.57000 53.61100
19 10 20 07 20 9793.30000 4.73900000 320.49000 40.18000 11.57000 53.61100
19 10 20 07 20 9790.90000 4.73900000 320.49000 40.18000 11.57000 53.61100
19 10 20 07 21 9790.40000 4.73900000 320.45000 40.18000 11.57000 53.61100
19 10 20 07 21 9788.50000 4.73900000 320.45000 40.17000 11.57000 53.61100
19 10 20 07 22 9788.40000 4.73900000 320.45000 40.17000 11.57000 53.61100
19 10 20 07 22 9788.50000 4.73900000 320.33000 40.17000 11.57000 53.61100
19 10 20 07 22 9788.50000 4.73900000 320.40000 40.17000 11.57000 53.61100
19 10 20 07 23 9788.40000 4.73900000 320.40000 40.22000 11.57000 53.61100
19 10 20 07 23 9788.50000 4.73900000 320.40000 40.22000 11.57000 53.61100
19 10 20 07 24 9788.50000 4.73900000 320.31000 40.19000 11.57000 53.61100
19 10 20 07 24 9788.50000 4.73900000 320.31000 40.18000 11.57000 53.61100
19 10 20 07 25 9788.50000 4.73900000 320.31000 40.18000 11.57000 53.61100
19 10 20 07 25 9788.40000 4.73900000 320.33000 40.18000 11.57000 53.61100
19 10 20 07 25 9788.40000 4.73900000 320.30000 40.18000 11.57000 53.61100
19 10 20 07 26 9788.50000 4.73900000 320.30000 40.18000 11.57000 53.61100
19 10 20 07 26 9788.50000 4.73900000 320.30000 40.18000 11.57000 53.61100
19 10 20 07 27 9788.50000 4.73900000 320.30000 40.19000 11.57000 53.61100
19 10 20 07 27 9788.40000 4.73900000 320.17000 40.19000 11.57000 53.61100
19 10 20 07 28 9787.80000 4.73900000 320.25000 40.19000 11.57000 53.61100
19 10 20 07 28 9787.80000 4.73900000 320.25000 40.19000 11.57000 53.61100
19 10 20 07 28 9787.80000 4.73900000 320.16000 40.19000 11.57000 53.61100
19 10 20 07 29 9787.70000 4.73900000 320.16000 40.19000 11.57000 53.54000
19 10 20 07 29 9787.80000 4.73900000 320.16000 40.21000 11.57000 53.54000
19 10 20 07 30 9789.90000 4.73900000 320.32000 40.21000 11.57000 53.54000
19 10 20 07 30 9789.90000 4.73900000 320.32000 40.21000 11.57000 53.54000
19 10 20 07 31 9789.90000 4.73900000 320.30000 40.21000 11.57000 53.54000
19 10 20 07 31 9789.90000 4.73900000 320.27000 40.21000 11.57000 53.54000
19 10 20 07 31 9789.90000 4.73900000 320.25000 40.21000 11.57000 53.54000
19 10 20 07 32 9788.10000 4.73900000 320.25000 40.21000 11.57000 53.54000
19 10 20 07 32 9787.90000 4.73900000 320.25000 40.21000 11.57000 53.54000
19 10 20 07 33 9787.90000 4.73900000 320.25000 40.20000 11.57000 53.54000
19 10 20 07 33 9786.50000 4.73900000 320.25000 40.20000 11.57000 53.54000
19 10 20 07 34 9788.40000 4.73900000 320.25000 40.20000 11.60800 53.54000
19 10 20 07 34 9786.30000 4.73900000 320.25000 40.20000 11.60800 53.54000
19 10 20 07 34 9787.50000 4.73900000 320.25000 40.20000 11.60800 53.54000
19 10 20 07 35 9787.60000 4.73900000 320.31000 40.20000 11.60800 53.54000
19 10 20 07 35 9789.50000 4.73900000 320.31000 40.20000 11.60800 53.53700
19 10 20 07 36 9790.50000 4.73900000 320.32000 40.23000 11.60800 53.53700
19 10 20 07 36 9790.80000 4.73900000 320.79000 40.25000 11.60800 53.53700
19 10 20 07 37 9796.50000 4.73900000 320.80000 40.25000 11.60800 53.53700
19 10 20 07 37 9797.80000 4.73900000 320.79000 40.28000 11.60800 53.53700
19 10 20 07 37 9797.80000 4.73900000 320.79000 40.28000 11.60800 53.53700
19 10 20 07 38 9798.90000 4.73900000 320.79000 40.28000 11.60800 53.53700
19 10 20 07 38 9799.80000 4.73900000 320.82000 40.28000 11.60800 53.53700
19 10 20 07 39 9800.00000 4.73900000 320.82000 40.28000 11.60800 53.53700
19 10 20 07 39 9804.30000 4.73900000 320.82000 40.27000 11.60800 53.53700
19 10 20 07 40 9806.40000 4.73900000 320.82000 40.27000 11.60800 53.53700
19 10 20 07 40 9805.50000 4.73900000 320.90000 40.27000 11.60800 53.53700
19 10 20 07 40 9802.00000 4.73900000 320.90000 40.27000 11.60800 53.53700
19 10 20 07 41 9802.10000 4.73900000 320.86000 40.27000 11.60800 53.53700
19 10 20 07 41 9798.90000 4.73900000 320.81000 40.27000 11.60800 53.53700
