M=[
27 6 21 08 31 27968.50000 34.25500000 1567.48000 108.31000 14.78200 86.47800
27 6 21 08 31 27969.70000 34.25500000 1567.69000 108.31000 14.78200 86.47800
27 6 21 08 32 27985.80000 34.25500000 1567.47000 108.31000 14.78200 86.47800
27 6 21 08 32 27996.60000 34.25500000 1567.30000 108.35000 14.78200 86.47800
27 6 21 08 32 27966.80000 34.25500000 1567.39000 108.30000 14.78200 86.47800
27 6 21 08 33 27973.00000 34.25500000 1567.80000 108.30000 14.78200 86.47800
27 6 21 08 33 27955.00000 34.25500000 1566.87000 108.28000 14.78200 86.47800
27 6 21 08 34 27942.70000 34.25500000 1566.87000 108.21000 14.78200 86.47800
27 6 21 08 34 27930.10000 34.25500000 1565.30000 108.21000 14.78200 86.47800
27 6 21 08 35 27925.00000 34.25500000 1565.30000 108.15000 14.78200 86.47800
27 6 21 08 35 27925.10000 34.25500000 1565.30000 108.15000 14.78200 86.47800
27 6 21 08 35 27913.40000 34.25500000 1565.30000 108.15000 14.78200 86.47800
27 6 21 08 36 27894.50000 34.25500000 1564.53000 108.03000 14.78200 86.22200
27 6 21 08 36 27909.00000 34.22900000 1565.00000 108.04000 14.78200 86.22200
27 6 21 08 37 27912.90000 34.22900000 1565.00000 108.04000 14.78200 86.22200
27 6 21 08 37 27910.70000 34.22900000 1564.99000 108.04000 14.78200 86.22200
27 6 21 08 38 27909.90000 34.22900000 1564.19000 108.04000 14.78200 86.22200
27 6 21 08 38 27905.00000 34.22900000 1564.19000 108.04000 14.78200 86.22200
27 6 21 08 38 27893.60000 34.22900000 1563.79000 107.98000 14.78200 86.22200
27 6 21 08 39 27889.40000 34.22900000 1563.00000 107.98000 14.78200 86.22200
27 6 21 08 39 27889.10000 34.22900000 1561.58000 107.97000 14.78200 86.22200
27 6 21 08 40 27895.00000 34.22900000 1561.58000 107.97000 14.78200 86.22200
27 6 21 08 40 27905.10000 34.22900000 1561.58000 107.97000 14.78200 86.22200
27 6 21 08 41 27920.80000 34.22900000 1564.55000 107.97000 14.78200 86.22200
27 6 21 08 41 27920.80000 34.22900000 1565.00000 107.97000 14.78200 86.22200
27 6 21 08 41 27924.90000 34.22900000 1565.00000 107.97000 14.78200 86.22200
27 6 21 08 42 27924.90000 34.22900000 1565.00000 107.97000 14.78200 86.22200
27 6 21 08 42 27919.30000 34.22900000 1565.00000 108.08000 14.78200 86.22200
27 6 21 08 43 27949.50000 34.22900000 1564.99000 108.08000 14.78200 86.22200
27 6 21 08 43 27950.60000 34.22900000 1566.97000 108.08000 14.78200 86.22200
27 6 21 08 44 27950.60000 34.22900000 1566.97000 108.08000 14.78200 86.22200
27 6 21 08 44 27948.00000 34.22900000 1566.92000 108.07000 14.78200 85.88000
27 6 21 08 44 27958.00000 34.22900000 1567.04000 108.07000 14.78200 85.88000
27 6 21 08 45 27926.40000 34.22900000 1567.00000 108.07000 14.82000 85.88000
27 6 21 08 45 27895.00000 34.22900000 1563.37000 108.07000 14.82000 85.88000
27 6 21 08 46 27882.90000 34.22900000 1562.13000 108.07000 14.82000 85.88000
27 6 21 08 46 27852.10000 34.22900000 1561.78000 107.91000 14.81000 85.88000
27 6 21 08 47 27836.20000 34.22900000 1561.78000 107.91000 14.81000 85.88000
27 6 21 08 47 27872.00000 34.22900000 1561.78000 107.92000 14.81000 85.88000
27 6 21 08 47 27879.10000 34.22900000 1563.82000 107.91000 14.81000 85.88000
27 6 21 08 48 27879.00000 34.22900000 1563.21000 107.91000 14.81000 85.88000
27 6 21 08 48 27828.70000 34.22900000 1561.39000 107.85000 14.80700 85.88000
27 6 21 08 49 27826.80000 34.22900000 1560.30000 107.85000 14.80700 85.64000
27 6 21 08 49 27835.40000 34.22900000 1561.02000 107.85000 14.80700 85.64000
27 6 21 08 49 27839.00000 34.22900000 1559.04000 107.85000 14.80700 85.64000
27 6 21 08 50 27829.10000 34.22900000 1560.34000 107.85000 14.80700 85.64000
27 6 21 08 50 27829.20000 34.22900000 1559.82000 107.85000 14.80700 85.64000
27 6 21 08 51 27829.20000 34.22900000 1560.00000 107.85000 14.80700 85.64000
27 6 21 08 51 27847.10000 34.22900000 1560.00000 107.85000 14.80700 85.64000
27 6 21 08 52 27854.50000 34.22900000 1559.55000 107.85000 14.80700 85.64000
27 6 21 08 52 27841.70000 34.22900000 1559.48000 107.85000 14.80700 85.64000
27 6 21 08 52 27840.00000 34.22900000 1559.66000 107.85000 14.80700 85.64000
27 6 21 08 53 27800.00000 34.22900000 1558.81000 107.85000 14.80700 85.64000
27 6 21 08 53 27800.00000 34.22900000 1558.80000 107.85000 14.80700 85.64000
27 6 21 08 54 27798.00000 34.22900000 1557.61000 107.85000 14.80700 85.56800
27 6 21 08 54 27745.40000 34.22900000 1557.61000 107.67000 14.80700 85.56800
27 6 21 08 55 27766.00000 34.22900000 1557.57000 107.67000 14.80700 85.56800
27 6 21 08 55 27766.90000 34.06700000 1557.00000 107.67000 14.80700 85.56800
27 6 21 08 55 27766.90000 34.06700000 1556.22000 107.67000 14.80700 85.56800
27 6 21 08 56 27769.40000 34.06700000 1556.33000 107.67000 14.80700 85.56800
27 6 21 08 56 27769.00000 34.06700000 1556.44000 107.67000 14.80700 85.56800
27 6 21 08 57 27779.90000 34.06700000 1556.44000 107.67000 14.80700 85.56800
27 6 21 08 57 27779.90000 34.06700000 1556.22000 107.56000 14.80700 85.56800
27 6 21 08 58 27780.00000 34.06700000 1556.22000 107.56000 14.80700 85.57000
27 6 21 08 58 27779.90000 34.06700000 1556.23000 107.56000 14.80700 85.57000
27 6 21 08 58 27762.40000 34.06700000 1556.43000 107.56000 14.80700 85.57000
27 6 21 08 59 27762.10000 34.06700000 1555.00000 107.56000 14.80700 85.57000
27 6 21 08 59 27707.90000 34.06700000 1554.92000 107.52000 14.80700 85.57000
27 6 21 09 00 27721.70000 34.06700000 1552.63000 107.32000 14.80700 85.57000
27 6 21 09 00 27747.60000 34.05100000 1554.99000 107.32000 14.80700 85.57000
27 6 21 09 01 27779.10000 34.05100000 1555.00000 107.32000 14.80700 85.57000
27 6 21 09 01 27774.50000 34.05100000 1557.40000 107.32000 14.80700 85.57000
27 6 21 09 01 27780.00000 34.05100000 1557.40000 107.32000 14.80700 85.57000
27 6 21 09 02 27779.90000 34.05100000 1556.81000 107.61000 14.80700 85.57000
27 6 21 09 02 27779.90000 34.05100000 1558.19000 107.61000 14.80700 85.57000
27 6 21 09 03 27780.00000 34.05100000 1557.87000 107.62000 14.80700 85.57000
27 6 21 09 03 27779.90000 34.05100000 1557.86000 107.62000 14.80700 85.57000
27 6 21 09 04 27780.00000 34.05100000 1557.86000 107.68000 14.80700 85.57000
27 6 21 09 04 27800.00000 34.05100000 1557.86000 107.68000 14.80700 85.57000
27 6 21 09 04 27835.40000 34.05100000 1558.61000 107.68000 14.82700 85.57000
27 6 21 09 05 27835.90000 34.05100000 1559.70000 107.83000 14.82700 85.57000
27 6 21 09 05 27836.70000 34.10600000 1558.42000 107.83000 14.82700 85.57000
27 6 21 09 06 27828.80000 34.15600000 1559.25000 107.83000 14.82700 85.57000
27 6 21 09 06 27829.90000 34.15600000 1559.25000 107.83000 14.82700 85.57000
27 6 21 09 07 27833.00000 34.15600000 1560.61000 107.83000 14.82700 85.57000
27 6 21 09 07 27849.10000 34.15600000 1561.11000 107.83000 14.82700 85.57000
27 6 21 09 07 27848.10000 34.15600000 1561.45000 107.83000 14.82700 85.57000
27 6 21 09 08 27849.70000 34.15600000 1561.69000 107.83000 14.82700 85.57000
27 6 21 09 08 27831.20000 34.15600000 1559.24000 107.83000 14.82700 85.57000
27 6 21 09 09 27837.40000 34.15600000 1559.75000 107.83000 14.82700 85.57000
27 6 21 09 09 27837.40000 34.15600000 1559.74000 107.83000 14.82700 85.57000
27 6 21 09 10 27823.80000 34.15600000 1559.74000 107.84000 14.82700 85.57000
27 6 21 09 10 27828.30000 34.15600000 1559.74000 107.84000 14.82700 85.57000
27 6 21 09 10 27823.80000 34.15600000 1559.54000 107.84000 14.82700 85.57000
27 6 21 09 11 27820.40000 34.15600000 1558.89000 107.87000 14.82700 85.57000
27 6 21 09 11 27822.70000 34.15600000 1558.89000 107.83000 14.82700 85.57000
27 6 21 09 12 27814.70000 34.15600000 1558.27000 107.83000 14.82700 85.57000
27 6 21 09 12 27817.30000 34.15600000 1557.10000 107.83000 14.82700 85.57000
27 6 21 09 13 27811.00000 34.15600000 1557.10000 107.83000 14.82700 85.57000
27 6 21 09 13 27800.10000 34.15600000 1556.01000 107.83000 14.82700 85.57000
27 6 21 09 13 27761.80000 34.15600000 1556.00000 107.62000 14.82700 85.57000
27 6 21 09 14 27789.60000 34.15600000 1555.01000 107.62000 14.82700 85.57000
27 6 21 09 14 27789.40000 34.15600000 1555.01000 107.62000 14.82700 85.57000
