M=[
25 4 20 18 53 6985.00000 5.29200000 179.52000 41.01000 9.40800 41.56200
25 4 20 18 54 6984.10000 5.29600000 179.45000 41.04000 9.40800 41.51500
25 4 20 18 54 6983.00000 5.29200000 179.52000 41.04000 9.38300 41.56200
25 4 20 18 54 6983.00000 5.29200000 179.43000 41.04000 9.40800 41.56200
25 4 20 18 55 6983.10000 5.29200000 179.43000 41.04000 9.37900 41.56200
25 4 20 18 55 6983.10000 5.29500000 179.33000 41.04000 9.40800 41.56200
25 4 20 18 56 6983.10000 5.29200000 179.33000 41.04000 9.40800 41.56200
25 4 20 18 56 6983.40000 5.29200000 179.43000 41.04000 9.40800 41.56200
25 4 20 18 57 6983.10000 5.29500000 179.49000 41.04000 9.40800 41.56200
25 4 20 18 57 6981.00000 5.29200000 179.49000 41.04000 9.40800 41.56200
25 4 20 18 58 6981.00000 5.29200000 179.30000 41.04000 9.40800 41.56200
25 4 20 18 58 6980.90000 5.29200000 179.30000 40.99000 9.40800 41.56200
25 4 20 18 58 6980.90000 5.29200000 179.29000 41.04000 9.40800 41.56200
25 4 20 18 59 6982.30000 5.29200000 179.30000 41.04000 9.40800 41.56200
25 4 20 18 59 6980.50000 5.29200000 179.30000 41.04000 9.40800 41.56200
25 4 20 19 00 6980.40000 5.29200000 179.22000 41.04000 9.40800 41.56200
25 4 20 19 00 6980.40000 5.29500000 179.24000 41.04000 9.38300 41.56200
25 4 20 19 01 6980.50000 5.29200000 179.29000 41.04000 9.40800 41.56200
25 4 20 19 01 6980.80000 5.29200000 179.30000 41.04000 9.40800 41.56200
25 4 20 19 02 6981.00000 5.29200000 179.30000 40.96000 9.38300 41.56200
25 4 20 19 02 6981.00000 5.29200000 179.29000 41.00000 9.40800 41.56200
25 4 20 19 03 6980.00000 5.29200000 179.26000 41.00000 9.40800 41.56200
25 4 20 19 03 6980.20000 5.29200000 179.29000 41.00000 9.37900 41.56200
25 4 20 19 03 6980.00000 5.29200000 179.29000 41.00000 9.37900 41.56200
25 4 20 19 04 6980.10000 5.27500000 179.30000 41.00000 9.40800 41.56200
25 4 20 19 04 6980.10000 5.29500000 179.30000 41.00000 9.40800 41.55900
25 4 20 19 05 6980.10000 5.27500000 179.57000 41.00000 9.40800 41.55900
25 4 20 19 05 6980.00000 5.27500000 179.46000 41.00000 9.40800 41.55900
25 4 20 19 06 6980.10000 5.27500000 179.46000 41.00000 9.40800 41.55900
25 4 20 19 06 6983.00000 5.27500000 179.47000 41.00000 9.40800 41.55900
25 4 20 19 07 6983.00000 5.27500000 179.51000 41.00000 9.38300 41.55900
25 4 20 19 07 6980.90000 5.27500000 179.51000 41.00000 9.40800 41.55900
25 4 20 19 07 6981.00000 5.27500000 179.51000 41.00000 9.40800 41.56200
25 4 20 19 08 6981.30000 5.27500000 179.54000 41.03000 9.40800 41.55900
25 4 20 19 08 6983.90000 5.27500000 179.54000 41.03000 9.37900 41.56200
25 4 20 19 09 6983.90000 5.27500000 179.61000 41.08000 9.40800 41.55900
25 4 20 19 09 6981.50000 5.27500000 179.67000 41.08000 9.40800 41.55900
25 4 20 19 10 6981.40000 5.27500000 179.56000 41.04000 9.40800 41.55900
25 4 20 19 10 6980.00000 5.27500000 179.56000 41.04000 9.40800 41.55900
25 4 20 19 11 6970.00000 5.27500000 179.29000 41.04000 9.40800 41.51500
25 4 20 19 11 6970.10000 5.27500000 179.13000 41.00000 9.40800 41.51500
25 4 20 19 11 6970.00000 5.27500000 179.42000 40.96000 9.40800 41.51500
25 4 20 19 12 6972.70000 5.27500000 179.13000 40.96000 9.40800 41.51500
25 4 20 19 12 6973.00000 5.27500000 179.13000 40.96000 9.38300 41.51500
25 4 20 19 13 6974.00000 5.27500000 179.13000 40.98000 9.40800 41.51500
25 4 20 19 13 6978.60000 5.27500000 179.13000 40.98000 9.38300 41.51500
25 4 20 19 14 6979.10000 5.27500000 179.33000 40.98000 9.40800 41.51500
25 4 20 19 14 6979.10000 5.27500000 179.33000 40.98000 9.40800 41.51500
25 4 20 19 15 6982.60000 5.27500000 179.55000 40.98000 9.40800 41.51500
25 4 20 19 15 6983.40000 5.27500000 179.61000 41.08000 9.40800 41.51500
25 4 20 19 15 6981.70000 5.27500000 179.52000 41.08000 9.40800 41.51500
25 4 20 19 16 6983.40000 5.27500000 179.38000 41.08000 9.40800 41.51500
25 4 20 19 16 6982.30000 5.27500000 179.36000 41.08000 9.37900 41.51500
25 4 20 19 17 6980.90000 5.27500000 179.42000 41.08000 9.40800 41.51500
25 4 20 19 17 6983.50000 5.27500000 179.39000 41.08000 9.40800 41.51500
25 4 20 19 18 6981.00000 5.27500000 179.39000 41.08000 9.40800 41.51500
25 4 20 19 18 6981.90000 5.27500000 179.38000 41.08000 9.40800 41.51500
25 4 20 19 19 6981.10000 5.27500000 179.34000 41.08000 9.40800 41.51500
25 4 20 19 19 6981.20000 5.27500000 179.59000 41.08000 9.40800 41.51500
25 4 20 19 20 6982.30000 5.27500000 179.59000 41.09000 9.40800 41.51500
25 4 20 19 20 6983.50000 5.27500000 179.70000 41.09000 9.40800 41.51500
25 4 20 19 21 6983.50000 5.27500000 179.70000 41.09000 9.40800 41.51500
25 4 20 19 21 6983.90000 5.27500000 179.75000 41.09000 9.37900 41.51500
25 4 20 19 21 6985.20000 5.27500000 179.75000 41.09000 9.43200 41.51500
25 4 20 19 22 6985.60000 5.29500000 179.65000 41.12000 9.43200 41.51500
25 4 20 19 22 6985.60000 5.30800000 179.62000 41.12000 9.43200 41.51500
25 4 20 19 23 6985.60000 5.30800000 179.62000 41.12000 9.43200 41.51500
25 4 20 19 23 6985.50000 5.30800000 179.62000 41.12000 9.43200 41.51500
25 4 20 19 24 6985.50000 5.27500000 179.69000 41.12000 9.43200 41.51500
25 4 20 19 24 6985.60000 5.30800000 179.73000 41.12000 9.43200 41.51500
25 4 20 19 24 6985.50000 5.30800000 179.80000 41.12000 9.43200 41.51500
25 4 20 19 25 6985.60000 5.30800000 179.68000 41.12000 9.37900 41.51500
25 4 20 19 25 6985.60000 5.30800000 179.75000 41.12000 9.43200 41.51500
25 4 20 19 26 6988.20000 5.30800000 179.93000 41.09000 9.43200 41.51500
25 4 20 19 26 6988.20000 5.30800000 179.93000 41.08000 9.37900 41.51500
25 4 20 19 27 6984.00000 5.30800000 179.87000 41.08000 9.43200 41.51500
25 4 20 19 27 6988.30000 5.29500000 179.77000 41.08000 9.43200 41.51500
25 4 20 19 28 6985.10000 5.27500000 179.77000 41.08000 9.43200 41.51500
25 4 20 19 28 6983.90000 5.30800000 179.77000 41.08000 9.43200 41.51500
25 4 20 19 28 6983.90000 5.30800000 179.88000 41.08000 9.43200 41.51500
25 4 20 19 29 6984.60000 5.30800000 179.84000 41.09000 9.43200 41.51500
25 4 20 19 29 6988.30000 5.30800000 179.84000 41.09000 9.43200 41.51500
25 4 20 19 30 6988.30000 5.30800000 180.00000 41.09000 9.43200 41.51500
25 4 20 19 30 6992.00000 5.30800000 180.00000 41.09000 9.43200 41.51500
25 4 20 19 31 6990.60000 5.30800000 179.91000 41.09000 9.43200 41.51500
25 4 20 19 31 6991.70000 5.30800000 179.81000 41.09000 9.43200 41.51500
25 4 20 19 32 6991.60000 5.30800000 179.81000 41.09000 9.43200 41.51500
25 4 20 19 32 6991.60000 5.30800000 179.96000 41.09000 9.43200 41.51500
25 4 20 19 32 6987.40000 5.30800000 179.81000 41.09000 9.43200 41.51500
25 4 20 19 33 6990.30000 5.29200000 179.94000 41.09000 9.43200 41.51500
25 4 20 19 33 6990.30000 5.30800000 179.94000 41.09000 9.43200 41.51500
25 4 20 19 34 6990.20000 5.30800000 179.84000 41.09000 9.43200 41.51500
25 4 20 19 34 6989.00000 5.30800000 179.76000 41.08000 9.40800 41.51500
25 4 20 19 35 6985.90000 5.30800000 179.76000 41.09000 9.43200 41.51500
25 4 20 19 35 6987.30000 5.30800000 179.85000 41.11000 9.43200 41.51500
25 4 20 19 36 6985.40000 5.30800000 179.75000 41.11000 9.43200 41.51500
25 4 20 19 36 6987.70000 5.30800000 179.72000 41.11000 9.43200 41.51900
25 4 20 19 36 6984.80000 5.34200000 179.73000 41.11000 9.40800 41.51900
25 4 20 19 37 6988.00000 5.29200000 179.72000 41.11000 9.43200 41.51900
25 4 20 19 37 6986.80000 5.34200000 179.73000 41.11000 9.43200 41.51900
25 4 20 19 38 6986.10000 5.34200000 179.81000 41.11000 9.43200 41.51900
25 4 20 19 38 6985.50000 5.34200000 179.81000 41.08000 9.43200 41.60800
25 4 20 19 39 6986.70000 5.34200000 179.77000 41.09000 9.43200 41.60800
25 4 20 19 39 6985.50000 5.34200000 179.78000 41.09000 9.43200 41.60800
25 4 20 19 40 6986.40000 5.34200000 179.81000 41.09000 9.43200 41.60800
25 4 20 19 40 6985.60000 5.35100000 179.85000 41.09000 9.43200 41.60800
25 4 20 19 40 6988.10000 5.35100000 179.85000 41.09000 9.43200 41.60800
25 4 20 19 41 6990.90000 5.35100000 179.85000 41.09000 9.43200 41.60800
25 4 20 19 41 6991.50000 5.35100000 179.88000 41.09000 9.43200 41.60800
25 4 20 19 42 6989.30000 5.35100000 179.88000 41.09000 9.43200 41.60800
25 4 20 19 42 6987.90000 5.35100000 179.88000 41.11000 9.40800 41.60800
