M=[
 4 5 21 06 11 46615.00000 44.81400000 2811.05000 238.08000 34.16600 197.53900
 4 5 21 06 11 46615.00000 44.76500000 2811.05000 237.81000 34.16600 197.53900
 4 5 21 06 12 46596.70000 44.99800000 2814.21000 238.18000 34.16600 197.53900
 4 5 21 06 12 46611.10000 44.93700000 2815.29000 238.19000 34.16600 197.53900
 4 5 21 06 12 46611.10000 44.93700000 2808.17000 238.19000 34.16600 197.53900
 4 5 21 06 13 46611.10000 44.86700000 2809.51000 238.06000 34.16600 197.53900
 4 5 21 06 13 46611.00000 44.71800000 2805.92000 237.80000 34.16600 197.53900
 4 5 21 06 14 46611.10000 44.64800000 2806.85000 237.68000 34.16600 197.15700
 4 5 21 06 14 46584.60000 44.59800000 2806.51000 237.67000 34.16600 197.15700
 4 5 21 06 15 46577.00000 44.59800000 2804.42000 237.38000 34.16600 197.15700
 4 5 21 06 15 46584.30000 44.59500000 2807.61000 237.38000 34.16600 196.89600
 4 5 21 06 15 46584.40000 44.59500000 2807.61000 237.34000 34.16600 196.89600
 4 5 21 06 16 46584.30000 44.66600000 2806.31000 237.25000 34.16600 196.89600
 4 5 21 06 16 46550.00000 44.57800000 2802.16000 237.25000 34.16600 196.89600
 4 5 21 06 17 46542.50000 44.57800000 2801.96000 237.25000 34.16600 196.89600
 4 5 21 06 17 46542.50000 44.56000000 2804.24000 237.16000 34.16600 196.89600
 4 5 21 06 18 46584.40000 44.55300000 2806.08000 237.19000 34.16600 196.89600
 4 5 21 06 18 46584.20000 44.57700000 2805.83000 237.18000 34.16600 196.89600
 4 5 21 06 18 46584.70000 44.57700000 2806.10000 237.25000 34.16600 196.89600
 4 5 21 06 19 46584.70000 44.92700000 2811.49000 237.38000 34.16600 196.89600
 4 5 21 06 19 46608.10000 44.92700000 2811.64000 237.38000 34.16600 196.89600
 4 5 21 06 20 46619.00000 44.88600000 2811.64000 237.69000 34.16600 196.89600
 4 5 21 06 20 46649.00000 44.87800000 2818.99000 238.41000 34.16600 196.89600
 4 5 21 06 21 46652.50000 44.88200000 2817.84000 238.66000 34.16600 196.89600
 4 5 21 06 21 46652.60000 44.83800000 2813.41000 238.27000 34.16600 196.89600
 4 5 21 06 21 46646.30000 44.80600000 2812.31000 238.08000 34.16600 196.89600
 4 5 21 06 22 46663.90000 44.81500000 2814.72000 238.06000 34.16600 197.88700
 4 5 21 06 22 46668.20000 44.81500000 2814.71000 238.25000 34.16600 197.88700
 4 5 21 06 23 46697.80000 44.96500000 2818.13000 238.60000 34.16600 197.88700
 4 5 21 06 23 46686.20000 44.85400000 2817.37000 238.60000 34.16600 198.06000
 4 5 21 06 24 46690.10000 44.78000000 2815.62000 238.45000 34.16600 198.06000
 4 5 21 06 24 46684.10000 44.92300000 2814.47000 238.31000 34.16600 197.95700
 4 5 21 06 24 46686.20000 44.82300000 2812.00000 238.31000 34.16600 197.95700
 4 5 21 06 25 46716.30000 44.85800000 2817.12000 238.31000 34.16600 197.95700
 4 5 21 06 25 46715.10000 44.94400000 2818.60000 239.16000 34.16600 197.95700
 4 5 21 06 26 46719.40000 44.94700000 2818.26000 239.27000 34.16600 198.21500
 4 5 21 06 26 46696.40000 44.94700000 2816.83000 239.53000 34.16600 198.21500
 4 5 21 06 27 46706.90000 44.94700000 2817.72000 239.70000 34.16600 198.21500
 4 5 21 06 27 46715.90000 45.08500000 2817.71000 239.91000 34.16600 198.21500
 4 5 21 06 27 46716.00000 45.08500000 2817.38000 240.00000 34.16600 198.21500
 4 5 21 06 28 46738.70000 44.94700000 2820.00000 240.25000 34.16600 198.18200
 4 5 21 06 28 46734.60000 44.94500000 2819.95000 240.36000 34.16600 198.18200
 4 5 21 06 29 46719.40000 44.90100000 2815.69000 240.39000 34.16600 198.18200
 4 5 21 06 29 46732.00000 44.89900000 2817.66000 240.15000 34.16600 198.18200
 4 5 21 06 30 46737.30000 45.00000000 2819.95000 239.73000 34.16600 198.46600
 4 5 21 06 30 46744.70000 45.00000000 2819.83000 239.94000 34.16600 198.46600
 4 5 21 06 30 46717.30000 44.85800000 2819.01000 239.69000 34.16600 198.46600
 4 5 21 06 31 46716.90000 44.78800000 2818.54000 239.28000 34.16600 198.46600
 4 5 21 06 31 46705.00000 44.78000000 2815.95000 239.28000 34.16600 198.46600
 4 5 21 06 32 46700.10000 44.66600000 2815.05000 239.59000 34.45800 198.46600
 4 5 21 06 32 46700.00000 44.67500000 2816.15000 239.58000 34.45800 198.46600
 4 5 21 06 33 46700.10000 44.65700000 2812.40000 239.32000 34.45800 198.46600
 4 5 21 06 33 46662.70000 44.65700000 2809.19000 238.73000 34.45800 198.46600
 4 5 21 06 33 46662.60000 44.59300000 2808.76000 238.73000 34.45800 198.46600
 4 5 21 06 34 46662.60000 44.59300000 2812.60000 238.78000 34.31200 198.07700
 4 5 21 06 34 46663.00000 44.63000000 2810.21000 239.18000 34.31200 198.07700
 4 5 21 06 35 46669.10000 44.70000000 2811.79000 238.93000 34.31200 198.07700
 4 5 21 06 35 46667.90000 44.65400000 2812.58000 238.93000 34.31200 198.07700
 4 5 21 06 36 46678.60000 44.70000000 2812.30000 239.20000 34.31200 198.07700
 4 5 21 06 36 46683.10000 44.79000000 2812.16000 239.19000 34.31200 198.07700
 4 5 21 06 36 46668.10000 44.79000000 2810.70000 239.19000 34.31200 198.50000
 4 5 21 06 37 46676.10000 44.74000000 2812.58000 239.14000 34.31200 198.50000
 4 5 21 06 37 46671.80000 44.74000000 2810.19000 239.20000 34.31200 198.50000
 4 5 21 06 38 46682.40000 44.75500000 2812.40000 239.61000 34.31200 198.42800
 4 5 21 06 38 46671.30000 44.71600000 2812.39000 240.04000 34.31200 198.42800
 4 5 21 06 39 46675.50000 44.72000000 2812.40000 240.08000 34.31200 198.42800
 4 5 21 06 39 46677.40000 44.74200000 2813.59000 239.90000 34.31200 198.42800
 4 5 21 06 39 46679.60000 44.73000000 2812.00000 239.90000 34.31200 198.42800
 4 5 21 06 40 46679.80000 44.69700000 2811.01000 239.42000 34.31200 198.42800
 4 5 21 06 40 46680.10000 44.69700000 2809.50000 239.48000 34.31200 198.42800
 4 5 21 06 41 46680.60000 44.66900000 2810.76000 239.96000 34.31200 198.42800
 4 5 21 06 41 46727.40000 44.66900000 2812.82000 239.92000 34.31200 198.42800
 4 5 21 06 42 46730.40000 44.63100000 2813.83000 239.92000 34.31200 198.42800
 4 5 21 06 42 46735.60000 44.76000000 2812.69000 239.73000 34.31200 198.79800
 4 5 21 06 42 46735.40000 44.74300000 2810.00000 239.73000 34.31200 198.79800
 4 5 21 06 43 46710.10000 44.74300000 2808.89000 239.73000 34.31200 198.79800
 4 5 21 06 43 46700.10000 44.65800000 2808.26000 239.73000 34.31200 198.54900
 4 5 21 06 44 46691.80000 44.59400000 2806.57000 239.44000 34.31200 198.11700
 4 5 21 06 44 46680.10000 44.52500000 2801.82000 239.33000 34.31200 198.11700
 4 5 21 06 45 46680.10000 44.51300000 2798.59000 239.14000 34.31200 198.11700
 4 5 21 06 45 46675.50000 44.50000000 2793.79000 239.01000 34.31200 198.11700
 4 5 21 06 45 46674.00000 44.46900000 2798.18000 238.95000 34.31200 198.11700
 4 5 21 06 46 46675.50000 44.48200000 2800.00000 239.01000 34.31200 198.22600
 4 5 21 06 46 46689.30000 44.48200000 2799.99000 239.13000 34.31200 198.24200
 4 5 21 06 47 46681.60000 44.44200000 2796.24000 239.13000 34.31200 198.24200
 4 5 21 06 47 46675.00000 44.44200000 2790.97000 238.93000 34.31200 198.43000
 4 5 21 06 48 46665.70000 44.32900000 2792.47000 238.90000 34.54200 198.09900
 4 5 21 06 48 46665.90000 44.46700000 2795.74000 238.80000 34.54100 198.09900
 4 5 21 06 48 46665.90000 44.46700000 2796.76000 239.07000 34.54100 198.09900
 4 5 21 06 49 46665.80000 44.46700000 2797.52000 239.03000 34.54100 198.09900
 4 5 21 06 49 46666.00000 44.44500000 2797.30000 239.03000 34.54100 198.10100
 4 5 21 06 50 46665.60000 44.44500000 2796.48000 239.03000 34.54100 197.78600
 4 5 21 06 50 46668.10000 44.52500000 2798.41000 239.25000 34.54100 197.78600
 4 5 21 06 51 46668.40000 44.43000000 2800.00000 240.19000 34.54100 197.78600
 4 5 21 06 51 46673.60000 44.54100000 2798.09000 240.28000 34.54100 197.78600
 4 5 21 06 51 46665.80000 44.54700000 2795.50000 240.03000 34.54100 197.78600
 4 5 21 06 52 46665.80000 44.54600000 2796.33000 239.32000 34.57000 197.97000
 4 5 21 06 52 46651.10000 44.40700000 2793.16000 239.17000 34.57000 197.97000
 4 5 21 06 53 46644.90000 44.40700000 2790.01000 238.73000 34.57000 197.97000
 4 5 21 06 53 46644.90000 44.40700000 2791.61000 238.64000 34.57000 197.87000
 4 5 21 06 54 46632.60000 44.41300000 2792.49000 238.87000 34.57000 197.87000
 4 5 21 06 54 46648.80000 44.48800000 2792.73000 239.25000 34.57000 197.87000
