M=[
30 1 21 10 48 28207.10000 6.19900000 1111.05000 108.09000 17.14600 69.03400
30 1 21 10 48 28222.10000 6.19900000 1112.45000 108.23000 17.14600 69.03400
30 1 21 10 49 28253.40000 6.19900000 1113.32000 108.29000 17.14600 69.03400
30 1 21 10 49 28293.70000 6.20000000 1113.33000 108.48000 17.14600 69.16000
30 1 21 10 49 28293.70000 6.20000000 1113.77000 108.48000 17.14600 69.16000
30 1 21 10 50 28321.00000 6.20000000 1114.26000 108.48000 17.14600 69.16000
30 1 21 10 50 28323.90000 6.20000000 1114.95000 108.65000 17.14600 69.16000
30 1 21 10 51 28350.20000 6.20000000 1114.77000 108.73000 17.14600 69.16000
30 1 21 10 51 28303.10000 6.20000000 1113.88000 108.68000 17.14600 69.16000
30 1 21 10 52 28236.90000 6.21400000 1112.43000 108.50000 17.14600 69.16000
30 1 21 10 52 28266.20000 6.21400000 1112.25000 108.55000 17.12100 69.28000
30 1 21 10 52 28234.40000 6.21400000 1113.10000 108.55000 17.12100 69.28000
30 1 21 10 53 28304.00000 6.21600000 1112.97000 108.62000 17.12100 69.28000
30 1 21 10 53 28316.90000 6.21600000 1114.83000 109.11000 17.12100 69.28000
30 1 21 10 54 28377.00000 6.22900000 1116.65000 109.34000 17.12100 69.28000
30 1 21 10 54 28376.80000 6.22900000 1116.56000 109.30000 17.12100 69.28000
30 1 21 10 55 28353.00000 6.22900000 1116.09000 109.23000 17.12100 69.28000
30 1 21 10 55 28336.50000 6.22900000 1115.36000 109.07000 17.12100 69.28000
30 1 21 10 55 28341.50000 6.22900000 1116.04000 109.13000 17.12100 69.28000
30 1 21 10 56 28318.00000 6.22900000 1114.67000 109.13000 17.12100 69.28000
30 1 21 10 56 28300.00000 6.22900000 1115.48000 109.08000 17.12100 69.28000
30 1 21 10 57 28299.90000 6.22900000 1114.47000 109.21000 17.12100 69.28000
30 1 21 10 57 28356.20000 6.22900000 1114.81000 109.30000 17.12100 69.23100
30 1 21 10 58 28356.20000 6.22900000 1114.78000 109.27000 17.12100 69.23100
30 1 21 10 58 28306.60000 6.24100000 1114.28000 109.37000 17.12100 69.23100
30 1 21 10 58 28303.60000 6.24100000 1114.73000 109.36000 17.12100 69.23100
30 1 21 10 59 28350.00000 6.26300000 1116.50000 109.42000 17.13400 69.23100
30 1 21 10 59 28340.10000 6.26300000 1116.02000 109.39000 17.13400 69.23100
30 1 21 11 00 28337.00000 6.26300000 1117.00000 109.35000 17.13400 69.23100
30 1 21 11 00 28318.20000 6.26300000 1117.26000 109.42000 17.13400 69.23100
30 1 21 11 01 28279.90000 6.26100000 1116.31000 109.40000 17.13400 69.23100
30 1 21 11 01 28244.40000 6.26100000 1114.10000 109.24000 17.13400 69.23100
30 1 21 11 01 28240.00000 6.26900000 1114.85000 109.26000 17.13400 69.23100
30 1 21 11 02 28262.70000 6.28300000 1116.05000 109.27000 16.89200 69.23100
30 1 21 11 02 28259.20000 6.28000000 1116.19000 109.09000 16.89200 69.23100
30 1 21 11 03 28242.00000 6.25800000 1114.56000 108.88000 16.89200 69.23100
30 1 21 11 03 28277.70000 6.26700000 1114.39000 109.08000 16.89200 69.23100
30 1 21 11 04 28258.20000 6.26700000 1115.51000 108.96000 16.89200 69.23100
30 1 21 11 04 28279.50000 6.26700000 1115.50000 109.10000 17.13300 69.46300
30 1 21 11 04 28250.00000 6.26700000 1114.45000 109.12000 17.13300 69.46300
30 1 21 11 05 28227.80000 6.26700000 1114.38000 109.11000 17.13300 69.46300
30 1 21 11 05 28216.90000 6.26700000 1114.19000 108.96000 17.13300 69.46300
30 1 21 11 06 28224.50000 6.26700000 1114.11000 108.96000 17.13300 69.46300
30 1 21 11 06 28227.50000 6.27200000 1114.29000 108.84000 16.88600 69.46300
30 1 21 11 07 28223.00000 6.27200000 1114.52000 108.84000 16.88600 69.46300
30 1 21 11 07 28237.30000 6.27200000 1113.90000 108.69000 16.88600 69.46300
30 1 21 11 07 28212.10000 6.24800000 1113.02000 108.69000 16.88600 69.46300
30 1 21 11 08 28274.40000 6.24800000 1114.59000 108.54000 16.88600 69.28400
30 1 21 11 08 28226.10000 6.24800000 1114.16000 108.79000 17.13300 69.28400
30 1 21 11 09 28223.80000 6.24800000 1113.51000 108.75000 17.13300 69.28400
30 1 21 11 09 28212.60000 6.24800000 1112.95000 108.75000 17.13300 69.28400
30 1 21 11 10 28212.10000 6.24800000 1113.24000 108.72000 17.13300 69.28400
30 1 21 11 10 28206.30000 6.24700000 1111.97000 108.72000 17.13300 69.28400
30 1 21 11 10 28229.90000 6.24700000 1111.97000 108.70000 17.13300 69.28400
30 1 21 11 11 28200.60000 6.24700000 1112.60000 108.70000 17.13300 69.28400
30 1 21 11 11 28200.70000 6.24700000 1112.57000 108.71000 17.13300 69.28400
30 1 21 11 12 28200.00000 6.24700000 1112.75000 108.55000 17.13300 69.28400
30 1 21 11 12 28196.90000 6.24700000 1112.53000 108.62000 17.13300 69.28400
30 1 21 11 13 28170.00000 6.24700000 1112.01000 108.59000 17.13300 69.28400
30 1 21 11 13 28159.20000 6.24700000 1111.52000 108.48000 17.13300 69.28400
30 1 21 11 13 28151.50000 6.24700000 1111.41000 108.48000 17.13300 69.28400
30 1 21 11 14 28147.50000 6.24700000 1111.00000 108.54000 17.13300 69.28400
30 1 21 11 14 28174.10000 6.24700000 1110.88000 108.41000 17.13300 69.28400
30 1 21 11 15 28157.70000 6.24700000 1111.10000 108.45000 17.13300 69.28400
30 1 21 11 15 28160.40000 6.24700000 1111.47000 108.45000 17.13300 69.28400
30 1 21 11 16 28108.90000 6.24700000 1110.88000 108.41000 17.13300 69.28400
30 1 21 11 16 28076.30000 6.24700000 1110.00000 108.20000 17.13300 69.28400
30 1 21 11 16 28050.10000 6.21500000 1109.00000 108.06000 17.13300 69.28400
30 1 21 11 17 28050.00000 6.21500000 1108.85000 108.06000 17.13300 69.28400
30 1 21 11 17 28035.70000 6.21500000 1108.69000 107.78000 17.13300 69.28400
30 1 21 11 18 28064.50000 6.21500000 1108.45000 107.89000 16.88600 69.28400
30 1 21 11 18 28069.70000 6.24900000 1108.86000 107.89000 16.88600 69.28400
30 1 21 11 19 28069.70000 6.24900000 1108.77000 108.01000 16.88600 69.28400
30 1 21 11 19 28068.20000 6.24900000 1108.87000 108.01000 16.88600 69.28400
30 1 21 11 19 28105.00000 6.24900000 1108.68000 108.12000 16.88600 69.28400
30 1 21 11 20 28068.10000 6.24900000 1108.68000 108.15000 16.88600 69.28400
30 1 21 11 20 28169.90000 6.24900000 1109.00000 108.12000 16.88600 69.28400
30 1 21 11 21 28180.40000 6.24900000 1110.31000 108.28000 16.88600 69.28400
30 1 21 11 21 28185.70000 6.22500000 1110.04000 108.28000 16.88600 69.28400
30 1 21 11 22 28184.30000 6.22500000 1109.85000 108.30000 16.88600 69.28400
30 1 21 11 22 28180.10000 6.22500000 1109.58000 108.30000 16.88600 69.28400
30 1 21 11 22 28180.10000 6.22500000 1109.68000 108.30000 16.88600 69.28400
30 1 21 11 23 28184.40000 6.22500000 1110.60000 108.34000 16.88600 69.28400
30 1 21 11 23 28176.80000 6.22500000 1110.79000 108.34000 16.88600 69.33000
30 1 21 11 24 28231.50000 6.22500000 1113.08000 108.34000 16.88600 69.33000
30 1 21 11 24 28242.30000 6.22500000 1113.61000 108.52000 16.88600 69.33000
30 1 21 11 25 28214.00000 6.22500000 1113.79000 108.52000 16.88600 69.33000
30 1 21 11 25 28234.80000 6.22500000 1114.56000 108.59000 16.88600 69.33000
30 1 21 11 25 28238.20000 6.22500000 1113.89000 108.68000 16.88600 69.33000
30 1 21 11 26 28256.40000 6.22500000 1114.83000 108.68000 16.88600 69.33000
30 1 21 11 26 28249.10000 6.22500000 1114.15000 108.68000 16.82800 69.33000
30 1 21 11 27 28222.70000 6.22500000 1114.15000 108.68000 16.82800 69.33000
30 1 21 11 27 28257.50000 6.22500000 1113.92000 108.73000 16.82800 69.33000
30 1 21 11 28 28248.10000 6.22500000 1113.92000 108.73000 16.82800 69.33000
30 1 21 11 28 28255.70000 6.22500000 1112.79000 108.73000 16.82800 69.33000
30 1 21 11 28 28291.70000 6.22500000 1113.08000 108.73000 16.82800 69.40100
30 1 21 11 29 28223.20000 6.22500000 1113.00000 108.76000 16.82800 69.40100
30 1 21 11 29 28211.10000 6.22500000 1112.26000 108.75000 16.82800 69.40100
30 1 21 11 30 28192.40000 6.22500000 1112.60000 108.66000 16.82800 69.40100
30 1 21 11 30 28192.30000 6.22500000 1112.39000 108.66000 16.82800 69.40100
30 1 21 11 31 28109.10000 6.22500000 1110.73000 108.59000 16.82800 69.52400
30 1 21 11 31 28100.10000 6.22500000 1110.00000 108.48000 16.82800 69.52400
30 1 21 11 31 28100.00000 6.22500000 1110.01000 108.48000 16.82800 69.52400
30 1 21 11 32 28080.70000 6.22500000 1109.44000 108.42000 16.82800 69.52400
30 1 21 11 32 28060.10000 6.22500000 1109.08000 108.21000 16.68000 69.52400
