M=[
26 1 21 12 17 26385.10000 6.04300000 1088.60000 111.34000 16.59800 72.37000
26 1 21 12 18 26339.20000 6.04300000 1087.07000 111.34000 16.59800 72.37000
26 1 21 12 18 26301.70000 6.04300000 1086.81000 111.34000 16.59800 72.37000
26 1 21 12 19 26300.10000 6.04300000 1086.59000 111.34000 16.59800 72.37000
26 1 21 12 19 26298.10000 6.04300000 1087.17000 111.10000 16.59800 72.37000
26 1 21 12 19 26249.60000 6.03900000 1084.57000 110.92000 16.59800 72.37000
26 1 21 12 20 26272.60000 6.03900000 1084.79000 110.91000 16.59800 72.37000
26 1 21 12 20 26254.40000 6.03900000 1084.27000 110.91000 16.59800 72.37000
26 1 21 12 21 26275.50000 6.03900000 1085.94000 110.90000 16.59800 72.17000
26 1 21 12 21 26258.20000 6.03900000 1085.45000 110.88000 16.59800 72.15300
26 1 21 12 22 26254.90000 6.03900000 1084.92000 110.88000 16.59800 72.15300
26 1 21 12 22 26253.30000 6.03900000 1085.97000 110.88000 16.59800 72.15300
26 1 21 12 22 26253.80000 6.03900000 1085.75000 110.63000 16.59800 71.94400
26 1 21 12 23 26280.80000 6.03900000 1086.99000 110.87000 16.59800 71.94400
26 1 21 12 23 26235.60000 6.03900000 1086.99000 110.87000 16.59800 71.94400
26 1 21 12 24 26251.50000 6.03900000 1085.43000 110.64000 16.59800 71.94400
26 1 21 12 24 26235.10000 6.03900000 1083.90000 110.50000 16.59800 71.94400
26 1 21 12 25 26200.00000 6.03900000 1083.07000 110.26000 16.59800 71.97500
26 1 21 12 25 26178.40000 6.03900000 1080.77000 110.23000 16.59800 71.97500
26 1 21 12 25 26154.20000 6.03900000 1080.97000 110.10000 16.59800 71.97500
26 1 21 12 26 26125.60000 6.01600000 1079.36000 110.09000 16.59800 71.97500
26 1 21 12 26 26093.60000 6.01600000 1080.00000 110.06000 16.59800 71.97500
26 1 21 12 27 26095.80000 6.00500000 1079.75000 110.05000 16.59800 71.97500
26 1 21 12 27 26123.10000 6.00500000 1080.65000 110.23000 16.59800 71.97500
26 1 21 12 28 26121.50000 6.00500000 1080.54000 110.17000 16.59800 71.97500
26 1 21 12 28 26130.80000 6.00500000 1081.24000 110.29000 16.59800 71.97500
26 1 21 12 28 26114.30000 6.00500000 1079.80000 110.11000 16.59800 71.97500
26 1 21 12 29 26100.00000 6.00500000 1079.27000 110.20000 16.59800 71.97500
26 1 21 12 29 26090.30000 6.00500000 1079.15000 110.18000 16.59800 71.97500
26 1 21 12 30 26110.10000 6.00500000 1079.58000 110.28000 16.59800 71.97500
26 1 21 12 30 26061.00000 6.00500000 1076.00000 110.20000 16.59800 71.50000
26 1 21 12 31 26067.80000 6.00500000 1076.24000 110.20000 16.59800 71.40000
26 1 21 12 31 26063.60000 6.00500000 1075.66000 110.25000 16.59800 71.40000
26 1 21 12 31 26095.20000 6.00500000 1079.05000 110.45000 16.59800 71.40000
26 1 21 12 32 26085.30000 6.00500000 1079.04000 110.57000 16.59800 71.40000
26 1 21 12 32 26087.90000 6.00500000 1079.96000 110.30000 16.59800 71.40000
26 1 21 12 33 26125.60000 6.00500000 1080.97000 110.36000 16.59800 71.40000
26 1 21 12 33 26097.70000 6.00500000 1078.43000 110.42000 16.59800 71.40000
26 1 21 12 33 26117.20000 6.00500000 1078.43000 110.42000 16.59800 71.40000
26 1 21 12 34 26114.40000 6.00500000 1078.43000 110.47000 16.59800 71.90000
26 1 21 12 34 26104.00000 6.00500000 1078.37000 110.43000 16.59800 71.90000
26 1 21 12 35 26089.40000 6.00500000 1078.43000 110.40000 16.59800 71.90000
26 1 21 12 35 26104.00000 6.00500000 1078.28000 110.40000 16.59800 71.90000
26 1 21 12 36 26135.20000 6.00500000 1078.74000 110.48000 16.59800 71.86000
26 1 21 12 36 26139.70000 6.00500000 1079.31000 110.48000 16.59800 71.86000
26 1 21 12 37 26139.00000 6.00500000 1080.24000 110.49000 16.59800 71.86000
26 1 21 12 37 26122.00000 6.00500000 1078.98000 110.49000 16.59800 71.86000
26 1 21 12 37 26065.20000 6.00500000 1078.58000 110.45000 16.59800 71.86000
26 1 21 12 38 26042.30000 6.00500000 1077.12000 110.38000 16.59800 71.78400
26 1 21 12 38 26082.60000 6.00500000 1077.93000 110.39000 16.59800 71.78400
26 1 21 12 39 26083.90000 6.00100000 1078.90000 110.37000 16.59800 71.93000
26 1 21 12 39 26106.50000 6.00100000 1080.48000 110.50000 16.59800 71.93000
26 1 21 12 40 26132.20000 6.00100000 1080.22000 110.67000 16.59800 71.89700
26 1 21 12 40 26152.10000 6.00100000 1082.35000 110.72000 16.59800 71.89700
26 1 21 12 40 26197.90000 6.00100000 1082.92000 110.91000 16.59800 71.99000
26 1 21 12 41 26162.60000 6.00000000 1082.22000 110.69000 16.59800 71.99000
26 1 21 12 41 26206.70000 6.00000000 1083.41000 110.73000 16.59800 71.99000
26 1 21 12 42 26152.40000 6.00000000 1079.97000 110.61000 16.59800 71.99000
26 1 21 12 42 26146.50000 5.99100000 1078.92000 110.61000 16.59800 71.99000
26 1 21 12 43 26150.00000 5.99100000 1079.12000 110.62000 16.59800 71.99000
26 1 21 12 43 26143.30000 5.99100000 1078.60000 110.53000 16.59800 71.99000
26 1 21 12 43 26144.90000 5.99100000 1079.73000 110.53000 16.59800 71.99000
26 1 21 12 44 26141.00000 5.99100000 1079.42000 110.70000 16.59800 71.99000
26 1 21 12 44 26134.30000 5.99100000 1077.49000 110.70000 16.59800 71.99000
26 1 21 12 45 26106.60000 5.98700000 1075.78000 110.56000 16.59800 71.94000
26 1 21 12 45 26060.60000 5.98700000 1075.00000 110.56000 16.59800 71.94000
26 1 21 12 46 26052.20000 5.98700000 1072.82000 110.56000 16.59800 71.94000
26 1 21 12 46 26045.00000 5.98000000 1072.90000 110.34000 16.59800 71.80000
26 1 21 12 46 26045.00000 5.98000000 1071.10000 110.34000 16.59800 71.80000
26 1 21 12 47 26050.00000 5.98000000 1072.89000 110.19000 16.59800 71.80000
26 1 21 12 47 26061.60000 5.98000000 1072.70000 110.23000 16.59800 71.61000
26 1 21 12 48 26065.70000 5.98000000 1076.31000 110.35000 16.59800 71.61000
26 1 21 12 48 26103.00000 5.98000000 1076.86000 110.50000 16.59800 71.61000
26 1 21 12 48 26124.40000 5.98000000 1077.04000 110.50000 16.59800 71.61000
26 1 21 12 49 26111.60000 5.98000000 1075.73000 110.48000 16.59800 71.61000
26 1 21 12 49 26079.00000 5.98000000 1074.84000 110.27000 16.59800 71.61000
26 1 21 12 50 26042.60000 5.98000000 1071.84000 110.16000 16.59800 71.61000
26 1 21 12 50 26018.00000 5.96600000 1071.55000 110.01000 16.59800 71.61000
26 1 21 12 51 26016.20000 5.96600000 1071.92000 109.87000 16.59800 71.61000
26 1 21 12 51 26035.40000 5.96600000 1072.74000 109.87000 16.59800 71.61000
26 1 21 12 52 26048.80000 5.96600000 1071.87000 109.89000 16.59800 71.61000
26 1 21 12 52 26059.50000 5.96600000 1072.22000 109.89000 16.59800 71.61000
26 1 21 12 52 26053.60000 5.96600000 1072.61000 109.85000 16.59800 71.64100
26 1 21 12 53 26048.70000 5.96200000 1071.00000 109.85000 16.59800 71.64100
26 1 21 12 53 26018.60000 5.96200000 1070.10000 109.80000 16.59800 71.64100
26 1 21 12 54 26001.10000 5.95000000 1063.91000 109.63000 16.53100 71.61900
26 1 21 12 54 25971.20000 5.95000000 1059.18000 109.42000 16.53100 71.61900
26 1 21 12 54 25881.20000 5.93600000 1057.25000 109.24000 16.53100 71.61900
26 1 21 12 55 25871.40000 5.93600000 1057.94000 109.14000 16.53100 71.24400
26 1 21 12 55 25898.70000 5.93900000 1057.47000 109.24000 16.53100 71.24400
26 1 21 12 56 25874.50000 5.92200000 1055.27000 108.96000 16.53100 71.24400
26 1 21 12 56 25844.40000 5.92100000 1054.29000 108.83000 16.53100 71.07000
26 1 21 12 57 25849.00000 5.92100000 1056.55000 108.91000 16.53100 71.07000
26 1 21 12 57 25854.20000 5.91700000 1058.82000 109.09000 16.53100 71.07000
26 1 21 12 57 25860.80000 5.91600000 1057.04000 109.16000 16.53100 71.07000
26 1 21 12 58 25845.10000 5.91600000 1054.03000 108.84000 16.53100 71.05000
26 1 21 12 58 25814.20000 5.91600000 1051.75000 108.61000 16.53100 71.05000
26 1 21 12 59 25842.00000 5.91600000 1051.75000 108.80000 16.53100 71.05000
26 1 21 12 59 25829.90000 5.91600000 1050.72000 108.67000 16.53100 71.05000
26 1 21 13 00 25833.00000 5.91600000 1050.21000 109.05000 16.53100 71.05000
26 1 21 13 00 25916.20000 5.91600000 1054.28000 109.09000 16.53100 71.05000
26 1 21 13 00 25963.70000 5.91600000 1054.27000 109.48000 16.53100 71.29700
26 1 21 13 01 25922.10000 5.91600000 1052.86000 109.34000 16.53100 71.29700
26 1 21 13 01 25944.20000 5.91600000 1051.82000 109.21000 16.53100 71.29700
26 1 21 13 02 25885.70000 5.91600000 1049.00000 109.05000 16.53100 71.29700
