M=[
 8 6 21 03 45 26979.10000 45.56700000 2036.15000 128.15000 21.85200 107.38300
 8 6 21 03 45 26965.90000 45.56700000 2033.59000 128.15000 21.85200 107.38300
 8 6 21 03 46 26965.80000 45.49700000 2035.53000 128.15000 21.85200 107.38300
 8 6 21 03 46 26998.30000 45.54600000 2039.94000 128.15000 21.85200 107.38300
 8 6 21 03 46 27014.50000 45.54600000 2042.56000 128.50000 21.85200 107.38300
 8 6 21 03 47 27020.90000 45.54600000 2048.96000 128.50000 21.85200 107.38300
 8 6 21 03 47 27022.70000 45.54600000 2047.63000 128.55000 21.85200 107.38300
 8 6 21 03 48 27022.70000 45.54600000 2045.71000 128.50000 21.85200 107.47000
 8 6 21 03 48 27006.70000 45.54600000 2043.17000 128.49000 21.85200 107.47000
 8 6 21 03 49 27029.70000 45.54600000 2046.70000 128.62000 21.85200 107.47000
 8 6 21 03 49 27051.20000 45.54600000 2051.27000 128.89000 21.85200 107.52200
 8 6 21 03 49 27051.20000 45.54600000 2051.18000 128.93000 21.85200 107.52200
 8 6 21 03 50 27037.60000 45.74000000 2048.82000 128.93000 21.85200 107.52200
 8 6 21 03 50 27027.50000 45.74000000 2045.32000 128.93000 21.85200 107.52200
 8 6 21 03 51 27046.30000 45.74000000 2046.13000 128.93000 21.85200 107.52200
 8 6 21 03 51 27051.20000 45.74000000 2046.13000 128.93000 21.85200 107.52200
 8 6 21 03 52 27055.00000 45.74000000 2049.90000 128.75000 21.85200 107.52200
 8 6 21 03 52 27059.80000 45.74000000 2050.62000 128.75000 21.85200 107.59700
 8 6 21 03 52 27061.40000 45.74000000 2051.81000 128.87000 21.85200 107.59700
 8 6 21 03 53 27059.10000 45.74000000 2051.49000 128.87000 21.85200 107.59700
 8 6 21 03 53 27073.50000 45.74000000 2054.11000 128.96000 21.85200 107.59700
 8 6 21 03 54 27070.10000 45.74000000 2054.87000 128.97000 21.85200 107.82700
 8 6 21 03 54 27047.70000 45.76200000 2053.84000 128.96000 21.85200 107.80700
 8 6 21 03 55 27066.10000 45.78300000 2055.52000 129.08000 21.85200 107.85800
 8 6 21 03 55 27035.10000 45.78300000 2051.84000 129.08000 21.85200 107.85800
 8 6 21 03 55 27039.80000 45.78300000 2052.51000 128.74000 21.85200 107.85800
 8 6 21 03 56 27046.70000 45.77900000 2052.62000 128.74000 21.85200 107.96600
 8 6 21 03 56 27035.20000 45.77900000 2050.42000 128.73000 21.85200 107.75000
 8 6 21 03 57 27004.90000 45.77900000 2048.21000 128.73000 21.85200 107.75000
 8 6 21 03 57 26993.90000 45.77900000 2048.19000 128.73000 21.85200 107.75000
 8 6 21 03 58 27000.10000 45.56700000 2048.29000 128.73000 21.85200 107.75000
 8 6 21 03 58 27035.80000 45.56700000 2052.05000 128.79000 21.85200 107.75000
 8 6 21 03 58 27028.20000 45.56700000 2052.82000 128.79000 21.85200 107.75000
 8 6 21 03 59 27043.00000 45.56700000 2052.25000 128.93000 21.85200 107.75000
 8 6 21 03 59 27030.20000 45.56700000 2052.58000 128.98000 21.85200 107.75000
 8 6 21 04 00 27016.50000 45.70300000 2049.10000 128.91000 21.85200 107.75000
 8 6 21 04 00 27012.70000 45.70300000 2047.09000 128.78000 21.85200 107.75000
 8 6 21 04 01 27017.10000 45.70300000 2043.87000 128.78000 21.85200 107.75000
 8 6 21 04 01 27043.00000 45.67000000 2050.20000 128.78000 21.85200 107.75000
 8 6 21 04 01 27046.50000 45.67000000 2053.01000 128.78000 21.85200 107.75000
 8 6 21 04 02 27053.80000 45.67000000 2053.07000 129.14000 21.85200 107.75000
 8 6 21 04 02 27053.80000 45.76800000 2054.51000 129.14000 21.85200 107.75000
 8 6 21 04 03 27066.80000 45.76800000 2051.67000 129.03000 21.83100 107.75000
 8 6 21 04 03 27151.00000 45.96300000 2061.37000 129.61000 21.83100 107.75000
 8 6 21 04 04 27199.30000 45.99100000 2066.80000 129.88000 21.83100 108.54800
 8 6 21 04 04 27148.80000 45.99100000 2067.02000 129.77000 21.83100 108.54800
 8 6 21 04 04 27148.80000 45.99100000 2069.68000 129.79000 21.83100 108.54800
 8 6 21 04 05 27121.30000 45.99100000 2065.00000 129.76000 21.83100 108.54800
 8 6 21 04 05 27132.40000 45.92100000 2065.00000 129.74000 21.83100 108.54800
 8 6 21 04 06 27119.70000 45.92100000 2065.41000 129.72000 21.83100 108.54800
 8 6 21 04 06 27146.00000 45.92100000 2070.31000 129.82000 21.83100 108.54800
 8 6 21 04 07 27115.90000 45.92100000 2066.59000 129.73000 21.90100 108.54800
 8 6 21 04 07 27126.30000 45.92100000 2067.03000 129.73000 21.90100 108.54800
 8 6 21 04 07 27171.50000 45.92100000 2068.89000 129.98000 21.90100 108.54800
 8 6 21 04 08 27152.40000 46.00000000 2070.03000 129.99000 21.90100 108.26300
 8 6 21 04 08 27154.60000 46.00000000 2068.87000 129.99000 21.90100 108.20300
 8 6 21 04 09 27178.10000 46.00000000 2072.95000 129.82000 21.90100 108.20300
 8 6 21 04 09 27190.00000 46.13400000 2075.07000 130.39000 21.90100 108.20300
 8 6 21 04 10 27218.00000 46.13400000 2077.90000 130.39000 21.86700 108.72400
 8 6 21 04 10 27202.60000 46.13400000 2076.72000 130.19000 21.86700 108.72400
 8 6 21 04 10 27263.90000 46.22000000 2083.32000 130.82000 21.86700 108.72400
 8 6 21 04 11 27235.30000 46.22000000 2081.20000 130.75000 21.86700 108.72400
 8 6 21 04 11 27242.90000 46.22000000 2083.63000 130.82000 21.86700 108.72400
 8 6 21 04 12 27236.90000 46.22000000 2081.77000 130.64000 21.86700 108.72400
 8 6 21 04 12 27233.30000 46.22000000 2084.08000 130.70000 21.86700 108.72400
 8 6 21 04 13 27233.30000 46.22000000 2084.74000 130.61000 21.86700 108.72400
 8 6 21 04 13 27196.00000 46.28800000 2078.99000 130.61000 21.86700 108.72400
 8 6 21 04 13 27184.80000 46.28800000 2080.00000 130.61000 21.86700 108.64200
 8 6 21 04 14 27173.20000 46.28800000 2078.02000 130.47000 21.86700 108.60700
 8 6 21 04 14 27203.40000 46.28800000 2081.15000 130.55000 21.82400 108.60700
 8 6 21 04 15 27220.70000 46.28800000 2079.95000 130.60000 21.82400 108.60700
 8 6 21 04 15 27182.80000 46.28800000 2076.42000 130.44000 21.82400 108.60700
 8 6 21 04 16 27169.10000 46.28800000 2073.01000 130.44000 21.82400 108.60700
 8 6 21 04 16 27150.00000 46.28800000 2073.62000 130.43000 21.82400 108.60700
 8 6 21 04 16 27135.20000 46.28800000 2070.96000 130.43000 21.82400 108.60700
 8 6 21 04 17 27147.50000 46.28800000 2073.62000 130.09000 21.82400 108.60700
 8 6 21 04 17 27137.00000 46.28800000 2069.87000 129.71000 21.82400 108.37500
 8 6 21 04 18 27121.00000 46.28800000 2068.96000 129.65000 21.82400 108.31800
 8 6 21 04 18 27133.20000 46.06800000 2066.31000 129.79000 21.82400 108.31800
 8 6 21 04 19 27119.20000 46.00000000 2069.81000 129.76000 21.82400 108.29700
 8 6 21 04 19 27112.30000 45.84000000 2070.25000 130.00000 21.82400 108.29700
 8 6 21 04 19 27141.00000 45.84000000 2073.62000 130.00000 21.84300 108.29700
 8 6 21 04 20 27150.00000 45.84000000 2075.99000 130.15000 21.84300 108.59400
 8 6 21 04 20 27150.00000 45.84000000 2075.33000 130.04000 21.84300 108.59400
 8 6 21 04 21 27115.70000 45.84000000 2071.00000 129.78000 21.84300 108.59400
 8 6 21 04 21 27113.80000 45.84000000 2073.60000 129.80000 21.84300 108.59400
 8 6 21 04 22 27096.70000 45.84000000 2073.59000 130.01000 21.84300 108.59400
 8 6 21 04 22 27106.00000 45.84000000 2069.38000 130.01000 21.84300 108.59400
 8 6 21 04 22 27103.60000 45.84000000 2068.29000 129.63000 21.84300 108.59400
 8 6 21 04 23 27097.00000 45.84000000 2066.60000 129.75000 21.84300 108.59400
 8 6 21 04 23 27103.30000 45.84000000 2062.71000 129.62000 21.84300 108.59400
 8 6 21 04 24 27119.70000 45.84000000 2067.25000 129.70000 21.84300 108.59400
 8 6 21 04 24 27131.10000 45.84000000 2067.92000 129.89000 21.84300 108.59400
 8 6 21 04 25 27129.10000 45.84000000 2068.86000 129.89000 21.84300 108.59400
 8 6 21 04 25 27107.40000 45.84000000 2067.19000 129.80000 21.84300 108.59400
 8 6 21 04 25 27097.70000 45.84000000 2065.84000 129.80000 21.84300 108.59400
 8 6 21 04 26 27085.10000 45.84000000 2065.29000 129.80000 21.84300 108.59400
 8 6 21 04 26 27063.80000 45.84000000 2062.37000 129.75000 21.84300 108.59400
 8 6 21 04 27 27067.90000 45.84000000 2063.56000 129.70000 21.84300 108.59400
 8 6 21 04 27 27070.60000 45.84000000 2063.89000 129.71000 21.84300 108.59400
 8 6 21 04 28 27059.20000 45.76800000 2062.37000 129.76000 21.84300 108.43200
 8 6 21 04 28 27030.00000 45.84200000 2060.29000 129.63000 21.84300 108.08000
