M=[
23 7 20 13 44 8229.40000 5.52700000 229.19000 38.94000 20.00200 55.11400
23 7 20 13 44 8229.40000 5.52700000 229.19000 38.94000 20.00200 55.11400
23 7 20 13 45 8228.00000 5.52700000 229.19000 38.94000 20.00200 55.11400
23 7 20 13 45 8226.20000 5.52700000 229.08000 38.95000 20.00200 55.11400
23 7 20 13 46 8226.20000 5.52700000 229.11000 38.95000 20.00200 55.11400
23 7 20 13 46 8226.20000 5.52700000 229.11000 38.95000 20.00200 55.11400
23 7 20 13 46 8226.20000 5.52700000 229.16000 38.95000 20.00200 55.11400
23 7 20 13 47 8226.10000 5.52700000 229.17000 38.95000 20.00200 55.11400
23 7 20 13 47 8227.10000 5.52700000 229.20000 38.95000 20.00200 55.11400
23 7 20 13 48 8228.10000 5.52700000 229.25000 38.95000 20.00200 55.11400
23 7 20 13 48 8229.00000 5.52700000 229.24000 38.95000 20.00200 55.11400
23 7 20 13 49 8229.40000 5.52700000 229.25000 38.95000 20.00200 55.11400
23 7 20 13 49 8229.40000 5.52700000 229.34000 38.95000 20.00200 55.11400
23 7 20 13 50 8229.50000 5.52700000 229.34000 38.95000 20.00200 55.11400
23 7 20 13 50 8229.50000 5.52700000 229.32000 38.95000 20.00200 55.11400
23 7 20 13 51 8231.90000 5.52700000 229.26000 38.95000 20.00200 55.11400
23 7 20 13 51 8232.60000 5.52700000 229.27000 38.94000 20.00200 55.11400
23 7 20 13 51 8232.10000 5.52700000 229.27000 38.94000 20.00200 55.11400
23 7 20 13 52 8232.30000 5.52700000 229.27000 38.94000 20.00200 55.11400
23 7 20 13 52 8231.30000 5.52700000 229.21000 38.94000 20.00200 55.11400
23 7 20 13 53 8231.20000 5.52700000 229.21000 38.94000 20.00200 55.11400
23 7 20 13 53 8231.20000 5.52700000 229.20000 38.94000 20.00200 55.11400
23 7 20 13 54 8231.20000 5.52700000 229.20000 38.94000 20.00200 55.11400
23 7 20 13 54 8231.30000 5.52700000 229.30000 38.94000 20.00200 55.11400
23 7 20 13 55 8233.00000 5.52700000 229.45000 38.95000 20.00200 55.11400
23 7 20 13 55 8233.10000 5.52700000 229.47000 38.95000 20.00200 55.11400
23 7 20 13 55 8233.00000 5.52700000 229.50000 38.95000 20.00200 55.11400
23 7 20 13 56 8233.00000 5.52700000 229.50000 38.95000 20.00200 55.11400
23 7 20 13 56 8233.00000 5.52700000 229.49000 38.95000 20.00200 55.11400
23 7 20 13 57 8231.90000 5.52600000 229.59000 38.95000 20.00200 55.11400
23 7 20 13 57 8233.10000 5.52600000 229.40000 38.95000 19.95800 55.11400
23 7 20 13 58 8231.20000 5.52600000 229.33000 38.95000 19.95800 55.11400
23 7 20 13 58 8231.20000 5.52600000 229.33000 38.95000 19.95800 55.11400
23 7 20 13 59 8231.00000 5.52600000 229.30000 38.95000 19.95800 55.11400
23 7 20 13 59 8229.20000 5.52600000 229.31000 38.95000 19.95800 55.11400
23 7 20 14 00 8229.20000 5.52600000 229.30000 38.95000 19.95800 55.11400
23 7 20 14 00 8229.10000 5.52600000 229.30000 38.95000 19.95800 55.11400
23 7 20 14 00 8229.20000 5.52600000 229.30000 38.95000 19.95800 55.11400
23 7 20 14 01 8229.10000 5.52600000 229.18000 38.95000 19.95800 55.11400
23 7 20 14 01 8225.60000 5.52600000 229.16000 38.95000 19.95800 55.11400
23 7 20 14 02 8225.70000 5.52600000 229.16000 38.95000 19.95800 55.11400
23 7 20 14 02 8225.60000 5.52600000 229.16000 38.95000 19.95800 55.11400
23 7 20 14 03 8225.00000 5.52600000 229.16000 38.95000 19.95800 55.11400
23 7 20 14 03 8224.20000 5.52600000 229.15000 38.95000 19.94700 55.11400
23 7 20 14 04 8224.20000 5.52600000 229.16000 38.95000 19.94700 55.11400
23 7 20 14 04 8224.10000 5.52600000 229.18000 38.95000 19.94700 55.11400
23 7 20 14 05 8224.80000 5.52600000 229.23000 38.95000 19.94700 55.11400
23 7 20 14 05 8223.70000 5.52600000 229.24000 38.95000 19.94700 55.11400
23 7 20 14 06 8224.10000 5.52600000 229.21000 38.94000 19.94700 55.11400
23 7 20 14 06 8224.10000 5.52600000 229.20000 38.94000 19.94700 55.11400
23 7 20 14 06 8224.10000 5.52600000 229.20000 38.87000 19.94700 55.11400
23 7 20 14 07 8224.10000 5.52600000 229.34000 38.87000 19.94700 55.11400
23 7 20 14 07 8224.10000 5.52600000 229.45000 38.87000 19.90000 55.11400
23 7 20 14 08 8228.90000 5.52600000 229.45000 38.87000 19.90000 55.11400
23 7 20 14 08 8228.90000 5.52600000 229.48000 38.87000 19.90000 55.11400
23 7 20 14 09 8228.80000 5.52600000 229.39000 38.87000 19.90000 55.11400
23 7 20 14 09 8228.90000 5.52600000 229.39000 38.87000 19.90000 55.11400
23 7 20 14 10 8228.90000 5.52600000 229.39000 38.87000 19.90000 55.11400
23 7 20 14 10 8228.90000 5.52600000 229.38000 38.87000 19.90000 55.11400
23 7 20 14 11 8228.80000 5.52600000 229.37000 38.95000 19.90000 55.11400
23 7 20 14 11 8228.80000 5.52600000 229.38000 38.95000 19.90000 55.11400
23 7 20 14 12 8228.90000 5.52600000 229.37000 38.95000 19.90000 55.05000
23 7 20 14 12 8228.80000 5.52600000 229.37000 38.95000 19.86400 55.05000
23 7 20 14 12 8228.80000 5.52600000 229.37000 38.95000 19.86000 55.05000
23 7 20 14 13 8227.40000 5.52600000 229.40000 38.95000 19.85700 55.05000
23 7 20 14 13 8227.50000 5.52600000 229.42000 38.95000 19.86300 55.05000
23 7 20 14 14 8227.50000 5.52600000 229.42000 38.95000 19.86300 55.05000
23 7 20 14 14 8227.40000 5.52600000 229.41000 38.95000 19.86400 55.05000
23 7 20 14 15 8225.20000 5.52600000 229.37000 38.95000 19.86400 55.05000
23 7 20 14 15 8224.40000 5.52600000 229.18000 38.95000 19.86500 55.05000
23 7 20 14 16 8224.40000 5.52600000 229.11000 38.95000 19.86500 55.05000
23 7 20 14 16 8224.30000 5.52600000 229.01000 38.95000 19.86500 55.05000
23 7 20 14 17 8224.20000 5.52600000 229.09000 38.95000 19.86100 55.05000
23 7 20 14 17 8224.00000 5.52600000 229.08000 38.95000 19.86100 55.05000
23 7 20 14 18 8224.00000 5.52600000 229.01000 38.94000 19.86100 55.05000
23 7 20 14 18 8224.00000 5.52600000 229.01000 38.94000 19.86100 55.05000
23 7 20 14 18 8224.00000 5.52600000 229.00000 38.94000 19.86100 55.05000
23 7 20 14 19 8224.00000 5.52600000 229.01000 38.94000 19.86100 55.05000
23 7 20 14 19 8224.00000 5.52600000 229.00000 38.94000 19.86100 55.05000
23 7 20 14 21 8193.20000 5.48700000 227.56000 38.65000 19.70000 54.84000
23 7 20 14 22 8201.60000 5.48700000 227.61000 38.66000 19.62200 54.61000
23 7 20 14 22 8206.00000 5.47900000 227.80000 38.69000 19.62200 54.61000
23 7 20 14 23 8206.00000 5.47900000 228.01000 38.69000 19.62200 54.61000
23 7 20 14 23 8206.10000 5.47900000 227.82000 38.69000 19.60600 54.61000
23 7 20 14 24 8207.10000 5.47900000 227.82000 38.69000 19.56800 54.61000
23 7 20 14 24 8213.60000 5.47900000 228.08000 38.69000 19.56800 54.61000
23 7 20 14 25 8239.50000 5.47900000 228.99000 38.69000 19.56000 54.78000
23 7 20 14 26 8272.70000 5.51400000 231.69000 38.99000 19.56300 55.10000
23 7 20 14 27 8267.80000 5.51400000 231.11000 39.07000 19.56300 55.10000
23 7 20 14 28 8257.40000 5.51400000 230.81000 39.07000 19.56300 55.10000
23 7 20 14 29 8216.60000 5.51400000 228.81000 38.89000 19.50100 54.99900
23 7 20 14 30 8205.20000 5.51400000 228.32000 38.89000 19.50100 54.99900
23 7 20 14 30 8210.10000 5.51400000 228.44000 38.89000 19.50100 54.99900
23 7 20 14 31 8210.10000 5.51400000 228.45000 38.81000 19.50100 54.99900
23 7 20 14 31 8208.30000 5.51400000 228.15000 38.81000 19.50100 54.99900
23 7 20 14 32 8205.50000 5.51400000 228.37000 38.67000 19.50100 54.99900
23 7 20 14 32 8205.60000 5.51400000 228.34000 38.67000 19.54200 54.99900
23 7 20 14 33 8205.60000 5.51400000 228.20000 38.66000 19.53700 54.72500
23 7 20 14 33 8205.60000 5.51400000 228.29000 38.63000 19.53700 54.72500
23 7 20 14 34 8205.60000 5.51400000 228.31000 38.63000 19.53600 54.72500
23 7 20 14 34 8205.50000 5.51400000 228.31000 38.64000 19.53000 54.60200
23 7 20 14 35 8205.50000 5.51400000 228.31000 38.64000 19.53000 54.57000
23 7 20 14 35 8205.50000 5.51400000 228.33000 38.64000 19.53000 54.57000
23 7 20 14 36 8207.90000 5.51400000 228.60000 38.60000 19.53000 54.57000
23 7 20 14 36 8210.00000 5.51400000 228.68000 38.60000 19.53000 54.57000
23 7 20 14 37 8210.00000 5.51400000 228.61000 38.65000 19.54600 54.57000
23 7 20 14 37 8210.00000 5.51400000 228.61000 38.65000 19.50000 54.57000
23 7 20 14 38 8210.00000 5.51400000 228.61000 38.65000 19.49800 54.57000
23 7 20 14 38 8209.90000 5.51400000 228.61000 38.65000 19.49800 54.57000
