M=[
18 5 21 05 33 37181.10000 76.82000000 2909.48000 250.43000 30.49800 208.56400
18 5 21 05 33 37162.20000 76.82800000 2903.34000 250.42000 30.60300 208.81800
18 5 21 05 34 37178.70000 76.83200000 2904.78000 250.27000 30.60300 208.81800
18 5 21 05 34 37167.30000 76.83200000 2904.64000 250.45000 30.49800 208.40300
18 5 21 05 34 37191.30000 76.76100000 2904.80000 250.45000 30.49800 208.40300
18 5 21 05 35 37178.00000 76.90100000 2901.01000 250.41000 30.49800 208.40300
18 5 21 05 35 37167.80000 76.64400000 2896.71000 250.39000 30.49800 208.40300
18 5 21 05 36 37185.20000 76.64400000 2901.86000 250.42000 30.49800 208.40300
18 5 21 05 36 37184.90000 76.64400000 2898.57000 250.50000 30.49800 208.40300
18 5 21 05 37 37223.10000 76.73400000 2903.13000 250.81000 30.49800 208.40300
18 5 21 05 37 37193.60000 76.74300000 2900.52000 250.66000 30.49800 208.40300
18 5 21 05 37 37205.40000 76.81800000 2900.62000 250.62000 30.61600 208.40300
18 5 21 05 38 37202.50000 76.81800000 2900.30000 250.50000 30.61600 208.40300
18 5 21 05 38 37191.30000 76.81800000 2900.84000 250.36000 30.64600 208.40300
18 5 21 05 39 37211.30000 76.74500000 2902.95000 250.36000 30.64600 208.40300
18 5 21 05 39 37241.80000 76.68600000 2905.88000 250.72000 30.59100 208.40300
18 5 21 05 40 37281.60000 76.68600000 2910.24000 250.54000 30.59100 208.40300
18 5 21 05 40 37315.70000 76.84900000 2914.59000 251.48000 30.59100 210.42100
18 5 21 05 40 37354.60000 76.84900000 2914.44000 251.31000 30.59100 210.53200
18 5 21 05 41 37388.10000 76.84900000 2919.00000 251.31000 30.59100 210.53200
18 5 21 05 41 37426.70000 76.84900000 2920.00000 251.63000 30.59100 210.53200
18 5 21 05 42 37393.70000 76.84900000 2918.56000 251.63000 30.59100 210.53200
18 5 21 05 42 37415.80000 76.84900000 2918.79000 252.02000 30.59100 210.53200
18 5 21 05 43 37416.00000 76.84900000 2919.51000 252.14000 30.59100 210.53200
18 5 21 05 43 37406.40000 76.84900000 2913.71000 252.14000 30.59100 210.53200
18 5 21 05 43 37412.90000 76.84900000 2916.85000 252.23000 30.59100 210.53200
18 5 21 05 44 37403.00000 76.84900000 2916.30000 252.41000 30.73600 210.53200
18 5 21 05 44 37412.80000 76.84900000 2920.13000 252.69000 30.73600 210.53200
18 5 21 05 45 37420.70000 77.02600000 2921.93000 252.60000 30.73600 210.53200
18 5 21 05 45 37427.40000 77.02600000 2921.96000 252.46000 30.67600 210.53200
18 5 21 05 46 37400.10000 77.02600000 2920.67000 252.18000 30.67600 209.88500
18 5 21 05 46 37318.00000 77.02600000 2914.40000 251.52000 30.78000 209.88500
18 5 21 05 46 37323.80000 76.86000000 2914.32000 251.41000 30.78000 209.88500
18 5 21 05 47 37350.80000 76.86000000 2915.36000 251.42000 30.70600 209.88500
18 5 21 05 47 37351.10000 76.73400000 2916.07000 251.84000 30.70600 209.88500
18 5 21 05 48 37376.90000 76.73400000 2914.37000 251.65000 30.58200 209.88500
18 5 21 05 48 37388.00000 76.73400000 2915.87000 251.53000 30.58200 209.88500
18 5 21 05 49 37346.10000 76.73400000 2912.80000 251.32000 30.58200 209.88500
18 5 21 05 49 37303.60000 76.73400000 2908.74000 251.10000 30.58200 209.88500
18 5 21 05 49 37332.70000 76.67300000 2907.25000 250.84000 30.73400 209.88500
18 5 21 05 50 37319.90000 76.77700000 2905.03000 250.96000 30.73400 209.88500
18 5 21 05 50 37317.20000 76.77700000 2903.64000 250.82000 30.73400 209.88500
18 5 21 05 51 37314.60000 76.75700000 2903.83000 250.82000 30.73400 209.88500
18 5 21 05 51 37327.80000 76.66600000 2908.33000 251.08000 30.73400 209.88500
18 5 21 05 52 37340.10000 76.85200000 2906.13000 251.19000 30.59300 210.78100
18 5 21 05 52 37252.00000 76.85700000 2900.86000 251.16000 30.59600 210.78100
18 5 21 05 52 37239.40000 76.64500000 2902.75000 250.74000 30.59600 210.78100
18 5 21 05 53 37242.10000 76.64500000 2901.14000 250.74000 30.73500 210.78100
18 5 21 05 53 37227.00000 76.71400000 2900.61000 250.63000 30.73500 210.78100
18 5 21 05 54 37251.00000 76.52500000 2900.98000 250.73000 30.58500 210.71600
18 5 21 05 54 37197.30000 76.52500000 2898.09000 250.73000 30.73400 210.71600
18 5 21 05 55 37207.90000 76.50000000 2891.67000 250.42000 30.73400 210.71600
18 5 21 05 55 37251.60000 76.50000000 2901.00000 250.74000 30.58700 210.71600
18 5 21 05 55 37332.90000 76.54200000 2902.48000 250.74000 30.58700 210.71600
18 5 21 05 56 37316.90000 76.54200000 2906.13000 251.54000 30.58700 210.45900
18 5 21 05 56 37322.70000 76.59500000 2899.13000 251.82000 30.58700 210.45900
18 5 21 05 57 37358.90000 76.63500000 2906.12000 251.40000 30.58700 210.45900
18 5 21 05 57 37352.20000 76.63500000 2903.48000 251.52000 30.73400 210.45900
18 5 21 05 58 37350.30000 76.63100000 2899.49000 251.72000 30.73400 210.45900
18 5 21 05 58 37326.40000 76.52500000 2903.99000 251.72000 30.73400 210.45900
18 5 21 05 58 37364.30000 76.59800000 2901.58000 251.82000 30.73500 210.45900
18 5 21 05 59 37373.80000 76.59800000 2901.58000 251.82000 30.73500 210.45900
18 5 21 05 59 37376.20000 76.59800000 2901.57000 251.82000 30.73500 210.45900
18 5 21 06 00 37376.00000 76.40900000 2904.72000 251.66000 30.73500 210.45900
