M=[
20 1 21 06 24 29163.00000 6.48200000 1122.17000 124.62000 19.46100 82.94000
20 1 21 06 24 29163.00000 6.48200000 1122.60000 124.62000 19.46900 82.49000
20 1 21 06 25 29156.20000 6.48200000 1121.90000 124.65000 19.46900 82.49000
20 1 21 06 25 29170.30000 6.48200000 1121.83000 124.77000 19.46900 82.49000
20 1 21 06 25 29164.90000 6.48200000 1120.59000 124.65000 19.46900 82.49000
20 1 21 06 26 29167.30000 6.48200000 1121.03000 124.60000 19.46900 82.49000
20 1 21 06 26 29156.20000 6.48200000 1118.71000 124.59000 19.46900 82.49000
20 1 21 06 27 29156.20000 6.48200000 1121.11000 124.30000 19.46900 82.49000
20 1 21 06 27 29176.20000 6.48200000 1121.00000 124.38000 19.46900 82.49000
20 1 21 06 28 29218.20000 6.48200000 1123.07000 124.69000 19.46900 82.50900
20 1 21 06 28 29220.10000 6.48200000 1122.32000 124.69000 19.46900 82.50900
20 1 21 06 28 29232.10000 6.48200000 1122.85000 124.79000 19.46900 82.50900
20 1 21 06 29 29238.90000 6.48200000 1125.00000 124.79000 19.46900 82.50900
20 1 21 06 29 29306.50000 6.48200000 1128.52000 124.85000 19.55800 82.50900
20 1 21 06 30 29334.10000 6.50100000 1128.52000 125.24000 19.55800 82.90800
20 1 21 06 30 29330.10000 6.50100000 1129.10000 125.24000 19.55800 82.90800
20 1 21 06 31 29329.30000 6.50100000 1128.57000 125.24000 19.55800 82.90800
20 1 21 06 31 29326.40000 6.50100000 1128.40000 125.24000 19.55800 82.90800
20 1 21 06 31 29314.80000 6.50100000 1126.68000 125.24000 19.55800 82.90800
20 1 21 06 32 29286.60000 6.50100000 1126.56000 125.02000 19.55800 82.69000
20 1 21 06 32 29290.40000 6.50100000 1126.56000 125.02000 19.55800 82.69000
20 1 21 06 33 29276.50000 6.50100000 1125.71000 125.07000 19.55800 82.69000
20 1 21 06 33 29270.50000 6.50100000 1125.74000 125.00000 19.55800 82.69000
20 1 21 06 34 29270.50000 6.50100000 1125.59000 125.00000 19.55800 82.69000
20 1 21 06 34 29274.30000 6.50100000 1125.59000 124.85000 19.55800 82.69000
20 1 21 06 34 29301.00000 6.50100000 1126.00000 124.94000 19.55800 82.69000
20 1 21 06 35 29342.40000 6.50100000 1126.00000 125.03000 19.58500 82.69000
20 1 21 06 35 29342.20000 6.50100000 1126.00000 125.05000 19.58500 82.86700
20 1 21 06 36 29345.70000 6.50100000 1127.64000 125.06000 19.58500 82.86700
20 1 21 06 36 29326.60000 6.50100000 1127.58000 125.06000 19.58500 82.86700
20 1 21 06 37 29334.90000 6.50100000 1127.03000 125.06000 19.28300 82.86700
20 1 21 06 37 29329.50000 6.50100000 1127.22000 125.06000 19.28300 82.86800
20 1 21 06 37 29329.50000 6.50100000 1127.22000 124.95000 19.28300 82.86800
20 1 21 06 38 29320.10000 6.50100000 1126.00000 124.95000 19.28300 82.86800
20 1 21 06 38 29332.30000 6.50100000 1126.66000 124.95000 19.28300 82.86800
20 1 21 06 39 29336.80000 6.50100000 1126.94000 125.04000 19.28300 82.86800
20 1 21 06 39 29366.90000 6.50100000 1127.44000 125.04000 19.28300 82.86800
20 1 21 06 40 29367.90000 6.50100000 1127.34000 125.04000 19.28300 82.86800
20 1 21 06 40 29369.10000 6.50000000 1127.16000 125.23000 19.28300 82.97900
20 1 21 06 40 29339.20000 6.50000000 1126.66000 125.20000 19.28300 82.97900
20 1 21 06 41 29348.20000 6.50000000 1126.67000 125.20000 19.28300 82.97900
20 1 21 06 41 29354.80000 6.50000000 1126.36000 125.20000 19.28300 82.95200
20 1 21 06 42 29347.70000 6.50000000 1126.88000 125.11000 19.28300 83.03700
20 1 21 06 42 29351.60000 6.50000000 1126.54000 125.11000 19.28300 83.07300
20 1 21 06 43 29329.60000 6.50000000 1125.54000 124.90000 19.28300 82.97900
20 1 21 06 43 29346.90000 6.50000000 1125.89000 125.00000 19.47000 82.97900
20 1 21 06 43 29326.60000 6.50000000 1124.73000 124.87000 19.47000 82.97900
20 1 21 06 44 29312.90000 6.49900000 1123.00000 124.61000 19.58600 82.97900
20 1 21 06 44 29302.20000 6.49900000 1123.00000 124.61000 19.58600 82.97900
20 1 21 06 45 29327.50000 6.49900000 1122.86000 124.49000 19.58800 83.04100
20 1 21 06 45 29344.40000 6.49900000 1126.98000 124.49000 19.58800 83.07400
20 1 21 06 46 29326.30000 6.49900000 1124.73000 124.48000 19.58800 83.07400
20 1 21 06 46 29293.40000 6.49900000 1122.69000 124.47000 19.58800 83.07400
20 1 21 06 46 29288.80000 6.49900000 1121.73000 124.46000 19.58800 83.07400
20 1 21 06 47 29261.00000 6.49600000 1121.71000 124.36000 19.58800 83.07400
20 1 21 06 47 29227.10000 6.49600000 1121.33000 124.20000 19.58800 83.07400
20 1 21 06 48 29227.30000 6.49600000 1120.54000 124.33000 19.58800 83.07400
20 1 21 06 48 29245.20000 6.49600000 1120.98000 124.33000 19.58800 82.93000
20 1 21 06 49 29229.10000 6.49600000 1120.77000 124.32000 19.39800 82.93000
20 1 21 06 49 29226.70000 6.49600000 1120.02000 124.37000 19.58800 83.00000
20 1 21 06 49 29220.60000 6.49600000 1119.54000 124.30000 19.58800 83.00000
20 1 21 06 50 29163.90000 6.49600000 1118.00000 124.10000 19.58800 83.00000
20 1 21 06 50 29140.10000 6.49600000 1117.01000 124.10000 19.58800 83.00000
20 1 21 06 51 29139.60000 6.49600000 1117.01000 123.88000 19.58800 83.00000
20 1 21 06 51 29123.20000 6.48500000 1115.04000 123.80000 19.58800 82.51000
20 1 21 06 52 29102.00000 6.48500000 1114.73000 123.77000 19.58800 82.42000
20 1 21 06 52 29105.70000 6.48500000 1115.58000 123.72000 19.58800 82.42000
20 1 21 06 52 29100.10000 6.48500000 1117.87000 123.70000 19.58800 82.56000
20 1 21 06 53 29100.10000 6.48500000 1115.37000 123.86000 19.58800 82.56000
20 1 21 06 53 29100.00000 6.48500000 1115.26000 123.75000 19.58800 82.56000
20 1 21 06 54 29078.40000 6.48500000 1113.35000 123.77000 19.58800 82.47000
20 1 21 06 54 29054.20000 6.48500000 1110.55000 123.66000 19.58800 82.47000
20 1 21 06 55 29102.10000 6.48500000 1112.86000 123.66000 19.58800 82.47000
20 1 21 06 55 29049.00000 6.48500000 1110.17000 123.57000 19.58800 82.47000
20 1 21 06 55 29024.80000 6.48500000 1109.53000 123.42000 19.58800 82.47000
20 1 21 06 56 29021.90000 6.48500000 1109.71000 123.42000 19.58800 82.47000
20 1 21 06 56 29036.00000 6.43300000 1110.23000 123.66000 19.58800 82.47000
20 1 21 06 57 29062.30000 6.42100000 1111.49000 123.66000 19.58800 82.47000
20 1 21 06 57 29111.00000 6.42100000 1112.80000 123.86000 19.58800 82.47000
20 1 21 06 58 29101.60000 6.42100000 1112.97000 123.87000 19.58800 82.30000
20 1 21 06 58 29111.00000 6.42100000 1114.20000 123.92000 19.58800 82.30000
20 1 21 06 58 29111.00000 6.42100000 1113.73000 123.92000 19.58800 82.30000
20 1 21 06 59 29111.00000 6.42100000 1113.59000 123.92000 19.58800 82.30000
20 1 21 06 59 29087.10000 6.42100000 1111.81000 123.77000 19.60000 82.30000
20 1 21 07 00 29109.40000 6.42100000 1113.70000 123.77000 19.83600 82.30000
20 1 21 07 00 29100.90000 6.42100000 1113.21000 123.85000 20.00000 82.30000
20 1 21 07 01 29095.90000 6.42100000 1112.37000 123.84000 20.00000 82.30000
20 1 21 07 01 29091.10000 6.42100000 1112.77000 123.68000 20.00000 82.30000
20 1 21 07 01 29105.90000 6.42100000 1114.66000 123.68000 20.00000 82.30000
20 1 21 07 02 29110.80000 6.42100000 1115.51000 124.00000 20.00000 82.14000
20 1 21 07 02 29121.70000 6.42100000 1116.10000 124.26000 20.00000 82.14000
20 1 21 07 03 29142.10000 6.42100000 1115.31000 124.23000 20.00000 82.33900
20 1 21 07 03 29162.80000 6.42100000 1118.31000 124.33000 20.00000 82.36000
20 1 21 07 04 29133.70000 6.42100000 1116.15000 124.40000 20.00000 82.36000
20 1 21 07 04 29132.50000 6.42100000 1115.69000 124.47000 20.00000 82.32000
20 1 21 07 04 29116.50000 6.42100000 1113.84000 124.32000 20.00000 82.32000
20 1 21 07 05 29143.90000 6.42100000 1114.34000 124.29000 19.95200 82.32000
20 1 21 07 05 29135.10000 6.42100000 1113.56000 124.32000 20.00000 82.32000
20 1 21 07 06 29109.90000 6.45400000 1111.26000 124.12000 20.00000 82.32000
20 1 21 07 06 29118.40000 6.45400000 1112.11000 124.22000 20.00000 81.95700
20 1 21 07 07 29107.10000 6.45400000 1111.11000 124.12000 19.80900 82.00000
20 1 21 07 07 29098.00000 6.45400000 1109.22000 124.05000 19.80900 82.00000
20 1 21 07 07 29066.30000 6.45400000 1106.52000 123.83000 19.80900 82.00000
20 1 21 07 08 29081.00000 6.45400000 1107.77000 123.84000 19.80900 81.83900
20 1 21 07 08 29081.10000 6.45400000 1108.01000 123.91000 19.80900 81.83900
