M=[
 1 12 20 09 15 16265.40000 5.68700000 509.93000 73.80000 13.57000 66.83000
 1 12 20 09 15 16275.90000 5.68700000 509.81000 73.80000 13.57000 66.83000
 1 12 20 09 16 16288.00000 5.68700000 510.76000 73.88000 13.51900 66.83000
 1 12 20 09 16 16302.00000 5.68700000 511.20000 73.99000 13.51900 66.87700
 1 12 20 09 17 16332.50000 5.68700000 511.86000 74.10000 13.51900 66.87700
 1 12 20 09 17 16310.60000 5.68700000 511.71000 74.07000 13.51900 66.86800
 1 12 20 09 17 16312.10000 5.68700000 511.23000 74.10000 13.51900 66.86800
 1 12 20 09 18 16326.90000 5.68700000 511.71000 74.11000 13.51900 66.86800
 1 12 20 09 18 16324.00000 5.68700000 511.71000 74.14000 13.51900 67.07000
 1 12 20 09 19 16327.70000 5.68700000 512.00000 74.23000 13.51900 67.07000
 1 12 20 09 19 16320.10000 5.68700000 512.03000 74.23000 13.51900 67.07000
 1 12 20 09 20 16317.70000 5.68700000 511.90000 74.12000 13.51900 67.03800
 1 12 20 09 20 16321.70000 5.68700000 511.99000 74.12000 13.51900 67.03800
 1 12 20 09 20 16316.30000 5.68700000 511.80000 74.16000 13.51900 67.03800
 1 12 20 09 21 16315.20000 5.68700000 511.97000 74.18000 13.46800 67.03800
 1 12 20 09 21 16316.40000 5.68700000 511.97000 74.22000 13.46800 67.03800
 1 12 20 09 22 16303.10000 5.68700000 511.72000 74.17000 13.46800 67.03800
 1 12 20 09 22 16301.40000 5.68700000 511.39000 74.16000 13.46800 67.03800
 1 12 20 09 23 16295.80000 5.68700000 511.32000 74.12000 13.46800 67.03800
 1 12 20 09 23 16305.70000 5.68700000 511.55000 74.12000 13.46800 67.03800
 1 12 20 09 23 16309.80000 5.68700000 511.56000 74.12000 13.46800 67.03800
 1 12 20 09 24 16305.50000 5.68700000 511.53000 74.12000 13.46800 67.03800
 1 12 20 09 24 16286.60000 5.68700000 511.03000 74.10000 13.46800 67.03800
 1 12 20 09 25 16286.80000 5.68700000 511.00000 74.03000 13.46800 67.03800
 1 12 20 09 25 16276.50000 5.68700000 510.30000 73.88000 13.46800 67.04000
 1 12 20 09 26 16276.40000 5.68700000 510.11000 73.89000 13.46800 67.04000
 1 12 20 09 26 16247.20000 5.68700000 509.84000 73.93000 13.46800 67.04000
 1 12 20 09 26 16247.50000 5.68700000 509.34000 73.87000 13.46800 67.04000
 1 12 20 09 27 16250.40000 5.68700000 509.12000 73.87000 13.46800 67.04000
 1 12 20 09 27 16247.10000 5.68700000 509.00000 73.76000 13.46800 66.68900
 1 12 20 09 28 16247.20000 5.68700000 509.12000 73.76000 13.46800 66.68900
 1 12 20 09 28 16247.10000 5.68700000 509.23000 73.71000 13.46800 66.68900
 1 12 20 09 29 16247.20000 5.68700000 509.08000 73.71000 13.46800 66.68900
 1 12 20 09 29 16247.60000 5.68700000 509.06000 73.74000 13.46800 66.68900
 1 12 20 09 29 16247.60000 5.68700000 509.06000 73.73000 13.46800 66.68900
 1 12 20 09 30 16253.60000 5.68700000 509.27000 73.73000 13.46800 66.68900
 1 12 20 09 30 16251.40000 5.68700000 509.27000 73.74000 13.46800 66.68900
 1 12 20 09 31 16247.20000 5.68700000 509.04000 73.68000 13.46800 66.68900
 1 12 20 09 31 16246.00000 5.68700000 509.00000 73.68000 13.46800 66.68900
 1 12 20 09 32 16248.80000 5.68700000 509.19000 73.67000 13.46800 66.68900
 1 12 20 09 32 16247.40000 5.68700000 509.25000 73.61000 13.46800 66.68900
 1 12 20 09 32 16246.10000 5.68700000 509.17000 73.60000 13.46800 66.68900
 1 12 20 09 33 16246.20000 5.68700000 508.94000 73.59000 13.46800 66.68900
 1 12 20 09 33 16255.30000 5.68700000 508.98000 73.59000 13.46800 66.68900
 1 12 20 09 34 16255.00000 5.68700000 509.19000 73.74000 13.46800 66.68900
 1 12 20 09 34 16254.60000 5.68700000 509.05000 73.74000 13.46800 66.50100
 1 12 20 09 35 16254.00000 5.68700000 509.24000 73.74000 13.46800 66.50100
 1 12 20 09 35 16292.80000 5.68700000 510.60000 73.80000 13.46800 66.50100
 1 12 20 09 35 16299.90000 5.68700000 510.95000 73.80000 13.46800 66.50100
 1 12 20 09 36 16301.00000 5.68700000 511.02000 73.80000 13.46800 66.64500
 1 12 20 09 36 16300.90000 5.68700000 510.95000 73.81000 13.46800 66.64500
 1 12 20 09 37 16289.20000 5.68700000 510.59000 73.84000 13.46800 66.64500
 1 12 20 09 37 16284.80000 5.68700000 510.26000 73.75000 13.46800 66.64500
 1 12 20 09 38 16274.10000 5.68700000 510.30000 73.69000 13.46800 66.64500
 1 12 20 09 38 16278.20000 5.68700000 509.87000 73.69000 13.46800 66.64500
 1 12 20 09 38 16273.10000 5.68700000 509.87000 73.68000 13.46800 66.64500
 1 12 20 09 39 16266.10000 5.68700000 509.80000 73.62000 13.46800 66.64500
 1 12 20 09 39 16296.40000 5.68700000 510.30000 73.62000 13.46800 66.64500
 1 12 20 09 40 16284.60000 5.68700000 510.03000 73.72000 13.46800 66.64500
 1 12 20 09 40 16285.10000 5.68200000 509.92000 73.72000 13.46800 66.64500
 1 12 20 09 41 16276.70000 5.68200000 509.90000 73.69000 13.46800 66.64500
 1 12 20 09 41 16271.00000 5.65800000 509.77000 73.63000 13.46800 66.64500
 1 12 20 09 41 16282.10000 5.65600000 509.95000 73.63000 13.46800 66.64500
 1 12 20 09 42 16279.90000 5.64000000 509.70000 73.62000 13.46800 66.64500
 1 12 20 09 42 16279.80000 5.63400000 509.67000 73.62000 13.46800 66.64500
 1 12 20 09 43 16268.50000 5.63400000 509.67000 73.58000 13.46800 66.50000
 1 12 20 09 43 16269.10000 5.63400000 509.66000 73.62000 13.46800 66.50000
 1 12 20 09 44 16264.20000 5.63400000 509.50000 73.62000 13.46800 66.50000
 1 12 20 09 44 16271.20000 5.63400000 509.40000 73.61000 13.59500 66.50000
 1 12 20 09 44 16297.80000 5.63400000 510.00000 73.72000 13.59500 66.50000
 1 12 20 09 45 16301.50000 5.63400000 510.30000 73.68000 13.59500 66.50000
 1 12 20 09 45 16303.50000 5.63400000 510.29000 73.70000 13.59500 66.50000
 1 12 20 09 46 16317.00000 5.63400000 511.01000 73.73000 13.59500 66.50000
 1 12 20 09 46 16328.10000 5.63400000 511.00000 73.76000 13.59500 66.50000
 1 12 20 09 47 16324.30000 5.63400000 510.91000 73.70000 13.59500 66.50000
 1 12 20 09 47 16312.20000 5.63400000 510.64000 73.80000 13.59500 66.50000
 1 12 20 09 47 16314.60000 5.63400000 510.60000 73.84000 13.59500 66.50000
 1 12 20 09 48 16318.60000 5.64800000 510.66000 73.85000 13.59500 66.50000
 1 12 20 09 48 16324.50000 5.64800000 511.01000 74.05000 13.59500 66.50000
 1 12 20 09 49 16321.70000 5.64800000 511.22000 74.04000 13.59500 66.50000
 1 12 20 09 49 16315.00000 5.64800000 511.32000 74.01000 13.59500 66.50000
 1 12 20 09 49 16316.60000 5.64800000 511.29000 74.02000 13.59500 66.50000
 1 12 20 09 50 16312.80000 5.64800000 511.36000 73.98000 13.59500 66.50000
 1 12 20 09 50 16320.00000 5.64800000 511.36000 73.99000 13.59500 66.50000
 1 12 20 09 51 16315.60000 5.64800000 511.37000 74.01000 13.59500 66.50000
 1 12 20 09 51 16315.40000 5.64800000 511.31000 73.96000 13.59500 66.50000
 1 12 20 09 52 16315.10000 5.64800000 511.02000 73.98000 13.59500 66.70000
 1 12 20 09 52 16323.00000 5.64800000 511.08000 73.98000 13.59500 66.70000
 1 12 20 09 52 16327.20000 5.64800000 511.29000 73.98000 13.59500 66.70000
 1 12 20 09 53 16327.20000 5.64800000 511.28000 74.05000 13.59500 66.70000
 1 12 20 09 53 16327.10000 5.64800000 511.29000 74.07000 13.59500 66.70000
 1 12 20 09 54 16327.10000 5.64800000 511.37000 74.13000 13.59500 66.70000
 1 12 20 09 54 16327.10000 5.64800000 511.36000 74.13000 13.59500 66.70000
 1 12 20 09 55 16329.50000 5.64800000 511.37000 74.26000 13.59500 66.70000
 1 12 20 09 55 16329.60000 5.64800000 511.37000 74.32000 13.59500 66.70000
 1 12 20 09 55 16329.60000 5.64800000 511.37000 74.35000 13.59500 66.70000
 1 12 20 09 56 16329.60000 5.64800000 511.37000 74.40000 13.59500 66.70000
 1 12 20 09 56 16340.00000 5.64800000 511.40000 74.40000 13.59500 66.70000
 1 12 20 09 57 16349.90000 5.64800000 511.50000 74.47000 13.59500 66.70000
 1 12 20 09 57 16349.10000 5.64800000 511.50000 74.54000 13.59500 66.77600
 1 12 20 09 58 16340.10000 5.64800000 511.70000 74.61000 13.59500 66.77600
 1 12 20 09 58 16349.40000 5.64800000 511.90000 74.59000 13.59500 66.77600
 1 12 20 09 58 16337.40000 5.64800000 511.65000 74.51000 13.59500 66.77600
 1 12 20 09 59 16337.00000 5.64800000 511.78000 74.60000 13.59500 66.77600
 1 12 20 09 59 16343.10000 5.64800000 512.40000 74.71000 13.59500 66.84500
 1 12 20 10 00 16349.90000 5.64800000 512.89000 74.70000 13.59500 66.84500
