M=[
 2 11 20 02 59 11804.60000 4.51800000 344.79000 48.07000 12.03600 49.78600
 2 11 20 02 59 11801.70000 4.51800000 344.79000 48.07000 12.03600 49.78600
 2 11 20 03 00 11801.90000 4.51800000 344.79000 48.07000 12.03600 49.78600
 2 11 20 03 00 11800.60000 4.51800000 344.81000 48.07000 12.03600 49.78600
 2 11 20 03 01 11808.90000 4.51800000 344.81000 48.07000 12.03600 49.78600
 2 11 20 03 01 11817.10000 4.51800000 345.34000 48.07000 12.03600 49.78600
 2 11 20 03 01 11812.30000 4.51800000 345.06000 48.18000 12.03600 50.00800
 2 11 20 03 02 11810.20000 4.51800000 345.12000 48.18000 12.03600 50.00800
 2 11 20 03 02 11811.50000 4.50500000 345.35000 48.17000 12.03300 49.96000
 2 11 20 03 03 11811.50000 4.50500000 345.35000 48.17000 12.03300 49.96000
 2 11 20 03 03 11810.90000 4.50500000 345.35000 48.17000 12.03300 49.96000
 2 11 20 03 04 11805.80000 4.50500000 345.35000 48.17000 12.03300 49.96000
 2 11 20 03 04 11803.20000 4.50500000 345.35000 48.17000 12.03300 49.96000
 2 11 20 03 05 11801.50000 4.50500000 345.35000 48.17000 12.03300 49.96000
 2 11 20 03 05 11801.50000 4.50500000 345.35000 48.17000 12.03300 49.96000
 2 11 20 03 05 11800.10000 4.50500000 345.35000 48.17000 12.03300 49.96000
 2 11 20 03 06 11794.30000 4.50500000 345.35000 48.17000 12.03300 49.96000
 2 11 20 03 06 11791.30000 4.50500000 345.35000 48.17000 12.03300 49.96000
 2 11 20 03 07 11791.30000 4.50500000 345.35000 48.17000 12.03300 49.96000
 2 11 20 03 07 11797.50000 4.50500000 344.82000 48.17000 12.03300 49.96000
 2 11 20 03 08 11791.90000 4.50500000 344.82000 48.17000 12.03300 49.96000
 2 11 20 03 08 11793.70000 4.50500000 344.78000 48.17000 12.03300 49.96000
 2 11 20 03 08 11794.20000 4.50500000 344.78000 48.03000 12.03300 49.96000
 2 11 20 03 09 11795.50000 4.50500000 344.74000 48.03000 12.03300 49.96000
 2 11 20 03 09 11794.20000 4.50500000 344.74000 48.05000 12.03300 49.96000
 2 11 20 03 10 11795.60000 4.50500000 344.80000 48.03000 12.03300 49.96000
 2 11 20 03 10 11793.80000 4.50600000 344.80000 48.03000 12.03300 49.96000
 2 11 20 03 11 11794.30000 4.50600000 344.80000 47.95000 12.03300 49.96000
 2 11 20 03 11 11790.60000 4.50600000 344.31000 47.95000 12.03300 49.96000
 2 11 20 03 11 11787.40000 4.50600000 344.31000 47.95000 12.03300 49.96000
 2 11 20 03 12 11784.00000 4.50600000 344.31000 47.95000 12.03300 49.96000
 2 11 20 03 12 11783.40000 4.50600000 344.13000 47.89000 12.03300 49.96000
 2 11 20 03 13 11784.80000 4.50600000 344.13000 47.89000 12.03300 49.96000
 2 11 20 03 13 11783.60000 4.50600000 344.02000 47.89000 12.03300 49.96000
 2 11 20 03 14 11782.90000 4.50600000 344.02000 47.89000 12.03300 49.96000
 2 11 20 03 14 11788.00000 4.50600000 344.02000 47.89000 12.03300 49.96000
 2 11 20 03 14 11788.20000 4.50600000 344.02000 47.89000 12.03300 49.96000
 2 11 20 03 15 11789.70000 4.50600000 344.02000 47.89000 12.03300 49.96000
 2 11 20 03 15 11788.20000 4.50600000 344.02000 47.89000 12.03300 49.96000
 2 11 20 03 16 11788.40000 4.50600000 344.02000 47.89000 12.03300 49.96000
 2 11 20 03 16 11782.10000 4.50600000 343.85000 47.89000 12.03300 49.96000
 2 11 20 03 17 11782.40000 4.50600000 343.85000 47.89000 12.03300 49.96000
 2 11 20 03 17 11774.40000 4.50600000 343.85000 47.89000 12.03300 49.96000
 2 11 20 03 17 11772.20000 4.50600000 343.85000 47.87000 12.03300 49.96000
 2 11 20 03 18 11764.00000 4.50600000 343.25000 47.86000 12.03300 49.96000
 2 11 20 03 18 11756.70000 4.50600000 343.24000 47.86000 12.03300 49.96000
 2 11 20 03 19 11754.90000 4.50600000 343.39000 47.86000 12.03300 49.96000
 2 11 20 03 19 11750.00000 4.50600000 342.80000 47.82000 12.03300 49.96000
 2 11 20 03 20 11759.30000 4.50600000 342.80000 47.82000 12.03300 49.96000
 2 11 20 03 20 11765.90000 4.49900000 343.49000 47.82000 12.03300 49.96000
 2 11 20 03 20 11762.20000 4.49900000 343.49000 47.82000 12.03300 49.96000
 2 11 20 03 21 11758.40000 4.49900000 343.33000 47.82000 12.03300 49.96000
 2 11 20 03 21 11761.10000 4.49900000 343.45000 47.82000 12.03300 49.96000
 2 11 20 03 22 11761.90000 4.49900000 343.47000 47.82000 12.03300 49.96000
 2 11 20 03 22 11769.70000 4.49900000 343.47000 47.82000 12.03300 49.96000
 2 11 20 03 23 11769.10000 4.49900000 343.47000 47.82000 12.03300 49.96000
 2 11 20 03 23 11769.90000 4.49900000 343.47000 47.82000 12.03300 49.96000
 2 11 20 03 23 11776.40000 4.49900000 343.47000 47.95000 12.03300 49.96000
 2 11 20 03 24 11775.90000 4.49900000 343.78000 47.95000 12.03300 49.96000
 2 11 20 03 24 11779.10000 4.49900000 343.78000 47.95000 12.03300 49.96000
 2 11 20 03 25 11777.90000 4.49900000 343.78000 47.95000 12.03300 49.96000
 2 11 20 03 25 11779.00000 4.49000000 343.78000 47.95000 12.03300 49.96000
 2 11 20 03 26 11781.50000 4.49000000 343.90000 47.95000 12.03300 49.96000
 2 11 20 03 26 11774.50000 4.49000000 343.90000 48.00000 12.03300 49.96000
 2 11 20 03 26 11773.30000 4.49000000 343.67000 48.00000 12.03300 49.96000
 2 11 20 03 27 11772.20000 4.49000000 343.67000 48.00000 12.03300 49.96000
 2 11 20 03 27 11773.60000 4.49000000 343.78000 48.00000 12.03300 49.96000
 2 11 20 03 28 11777.90000 4.49000000 343.79000 48.00000 12.03300 49.96000
 2 11 20 03 28 11781.50000 4.49000000 343.79000 48.00000 12.03300 49.96000
 2 11 20 03 29 11780.60000 4.49000000 343.79000 48.00000 12.03300 49.96000
 2 11 20 03 29 11772.40000 4.49000000 343.79000 48.00000 12.03300 49.96000
 2 11 20 03 29 11771.60000 4.49000000 343.79000 48.00000 12.03300 49.96000
 2 11 20 03 30 11764.00000 4.49000000 343.46000 48.00000 12.03300 49.96000
 2 11 20 03 30 11752.60000 4.49000000 342.87000 48.00000 12.03300 49.96000
 2 11 20 03 31 11754.70000 4.49000000 343.03000 48.00000 12.03300 49.96000
 2 11 20 03 31 11750.00000 4.49000000 343.05000 48.00000 12.03300 49.96000
 2 11 20 03 32 11748.00000 4.49000000 343.05000 48.00000 12.03300 49.96000
 2 11 20 03 32 11745.20000 4.49000000 343.05000 48.00000 12.03300 49.96000
 2 11 20 03 32 11750.10000 4.49000000 343.05000 47.87000 12.03300 49.96000
 2 11 20 03 33 11753.00000 4.49000000 343.05000 47.89000 12.03300 49.96000
 2 11 20 03 33 11759.60000 4.49000000 343.05000 47.89000 12.03300 49.96000
 2 11 20 03 34 11759.50000 4.49000000 343.51000 47.89000 12.03300 49.96000
 2 11 20 03 34 11754.50000 4.49000000 343.50000 47.89000 12.03300 49.96000
 2 11 20 03 35 11769.50000 4.49000000 343.50000 47.89000 12.03300 49.96000
 2 11 20 03 35 11771.70000 4.49000000 343.50000 47.89000 12.03300 49.96000
 2 11 20 03 35 11776.00000 4.49000000 343.50000 47.89000 12.03300 49.96000
 2 11 20 03 36 11777.40000 4.49000000 343.50000 48.01000 12.03300 49.96000
 2 11 20 03 36 11777.40000 4.49000000 343.50000 48.01000 12.03300 49.96000
 2 11 20 03 37 11781.00000 4.49000000 343.50000 48.01000 12.03300 49.96000
 2 11 20 03 37 11770.30000 4.49000000 343.50000 48.01000 12.03300 49.96000
 2 11 20 03 38 11767.40000 4.49000000 343.50000 48.01000 12.03300 49.96000
 2 11 20 03 38 11776.00000 4.49000000 343.56000 48.01000 12.03300 49.96000
 2 11 20 03 38 11776.40000 4.49000000 343.56000 48.01000 12.03300 49.96000
 2 11 20 03 39 11783.80000 4.49000000 343.95000 48.01000 12.03300 49.96000
 2 11 20 03 39 11773.50000 4.49000000 343.95000 48.01000 12.03300 49.96000
 2 11 20 03 40 11774.10000 4.49000000 343.95000 48.01000 12.03300 49.96000
 2 11 20 03 40 11770.10000 4.49000000 343.95000 48.01000 12.03300 49.96000
 2 11 20 03 41 11775.60000 4.49000000 343.49000 48.01000 12.03300 49.96000
 2 11 20 03 41 11777.00000 4.49000000 343.49000 48.01000 12.03300 49.96000
 2 11 20 03 41 11773.00000 4.49000000 343.49000 48.01000 12.03300 49.96000
 2 11 20 03 42 11776.40000 4.49000000 343.49000 48.01000 12.03300 49.96000
 2 11 20 03 42 11777.00000 4.49000000 343.50000 48.01000 12.03300 49.96000
 2 11 20 03 43 11777.80000 4.49000000 343.50000 48.01000 12.03300 49.96000
 2 11 20 03 43 11782.90000 4.49000000 343.50000 48.01000 12.03300 49.96000
 2 11 20 03 44 11783.40000 4.49000000 343.75000 48.01000 12.03300 49.96000
 2 11 20 03 44 11785.70000 4.49000000 343.81000 48.01000 12.03300 49.96000
