M=[
16 3 21 03 36 45633.10000 9.96800000 1469.47000 165.05000 24.82400 112.22500
16 3 21 03 36 45669.50000 9.96800000 1469.47000 165.05000 24.82400 112.22500
16 3 21 03 36 45448.40000 9.96800000 1466.38000 164.60000 24.82400 112.22500
16 3 21 03 37 45420.00000 9.96800000 1463.79000 164.60000 24.82400 112.22500
16 3 21 03 37 45419.90000 9.96800000 1463.79000 164.38000 24.82400 112.22500
16 3 21 03 38 45392.80000 9.96800000 1463.79000 164.38000 24.82400 112.22500
16 3 21 03 38 45478.40000 9.96800000 1463.79000 164.38000 24.82400 111.57800
16 3 21 03 39 45487.90000 9.96800000 1463.79000 164.38000 24.82400 111.57800
16 3 21 03 39 45472.50000 9.96800000 1463.79000 164.38000 24.82400 111.57800
16 3 21 03 39 45511.20000 9.96800000 1466.51000 164.38000 24.82400 111.57800
16 3 21 03 40 45491.30000 9.96800000 1466.51000 164.50000 24.82400 111.57800
16 3 21 03 40 45566.70000 9.96800000 1465.85000 164.50000 24.82400 111.57800
16 3 21 03 41 45543.40000 9.96800000 1465.40000 164.50000 24.82400 111.57800
16 3 21 03 41 45583.30000 9.96800000 1465.40000 164.50000 24.82400 111.57800
16 3 21 03 42 45578.00000 9.96800000 1465.40000 164.80000 24.82400 111.57800
16 3 21 03 42 45609.90000 9.96800000 1467.10000 164.80000 24.82400 111.57800
16 3 21 03 42 45584.90000 9.96800000 1466.26000 164.80000 24.82400 111.57800
16 3 21 03 43 45438.70000 9.96800000 1466.26000 164.80000 24.82400 111.57800
16 3 21 03 43 45428.70000 9.96800000 1463.86000 164.80000 24.82400 111.57800
16 3 21 03 44 45432.00000 9.96800000 1463.86000 164.63000 24.82400 111.57800
16 3 21 03 44 45409.30000 9.96800000 1463.86000 164.35000 24.82400 111.57800
16 3 21 03 45 45424.80000 9.96800000 1463.62000 164.35000 24.82400 111.57800
16 3 21 03 45 45419.80000 9.96800000 1463.62000 164.35000 24.82400 111.57800
16 3 21 03 45 45452.90000 9.96800000 1463.54000 164.35000 24.82400 111.57800
16 3 21 03 46 45348.50000 9.96800000 1462.22000 164.35000 24.82400 111.57800
16 3 21 03 46 45395.70000 9.96800000 1462.22000 164.35000 24.82400 111.57800
16 3 21 03 47 45396.70000 9.96800000 1462.22000 164.35000 24.82400 111.57800
16 3 21 03 47 45441.60000 9.96800000 1462.22000 164.35000 24.82400 111.57800
16 3 21 03 48 45449.90000 9.96800000 1462.22000 164.35000 24.82400 111.57800
16 3 21 03 48 45436.50000 9.96800000 1463.67000 164.35000 24.82400 111.57800
16 3 21 03 48 45435.70000 9.96800000 1463.45000 164.35000 24.82400 111.57800
16 3 21 03 49 45396.70000 9.96800000 1463.45000 164.35000 24.82400 111.57800
16 3 21 03 49 45424.30000 9.96800000 1463.45000 164.35000 24.82400 111.57800
16 3 21 03 50 45422.40000 9.96800000 1463.40000 164.35000 24.82400 111.57800
16 3 21 03 50 45493.10000 9.96800000 1463.40000 164.35000 24.82400 111.57800
16 3 21 03 51 45464.30000 9.96800000 1463.40000 164.35000 24.82400 111.57800
16 3 21 03 51 45511.60000 9.96800000 1465.09000 164.35000 24.82400 111.57800
16 3 21 03 51 45541.40000 9.96800000 1467.09000 164.35000 24.82400 111.57800
16 3 21 03 52 45597.20000 10.03300000 1467.10000 164.96000 24.82400 111.57800
16 3 21 03 52 45535.60000 10.03300000 1467.10000 164.96000 24.82400 111.57800
16 3 21 03 53 45460.00000 10.03300000 1467.36000 164.96000 24.82400 111.57800
16 3 21 03 53 45420.20000 10.03300000 1467.36000 164.96000 24.82400 111.57800
16 3 21 03 54 45466.40000 10.03300000 1467.36000 164.96000 24.82400 111.57800
16 3 21 03 54 45494.00000 10.03300000 1467.36000 164.93000 24.82400 111.57800
16 3 21 03 54 45535.90000 10.03300000 1470.07000 164.93000 24.82400 111.57800
16 3 21 03 55 45535.60000 10.03300000 1470.07000 165.01000 24.82400 111.57800
16 3 21 03 55 45593.30000 10.03300000 1470.42000 165.01000 24.82400 111.57800
16 3 21 03 56 45590.30000 10.03300000 1470.42000 165.01000 24.82400 111.57800
16 3 21 03 56 45545.70000 10.03300000 1470.42000 165.01000 24.82400 111.57800
16 3 21 03 57 45534.00000 10.03300000 1467.91000 164.78000 24.82400 111.57800
16 3 21 03 57 45534.80000 10.03300000 1467.91000 164.78000 24.82400 111.57800
16 3 21 03 57 45589.80000 10.03300000 1467.91000 164.78000 24.82400 111.57800
16 3 21 03 58 45589.90000 10.03300000 1469.60000 164.93000 24.82400 111.57800
16 3 21 03 58 45593.90000 10.03300000 1468.65000 164.85000 24.82400 111.57800
16 3 21 03 59 45585.60000 10.08800000 1468.65000 164.85000 24.82400 111.57800
16 3 21 03 59 45570.40000 10.08800000 1468.73000 164.85000 24.82400 111.57800
16 3 21 04 00 45538.60000 10.08800000 1467.97000 164.85000 24.82400 111.57800
16 3 21 04 00 45551.40000 10.08800000 1467.97000 164.61000 24.82400 111.57800
16 3 21 04 00 45540.00000 10.08800000 1467.90000 164.48000 24.82400 111.57800
16 3 21 04 01 45506.10000 10.08800000 1467.90000 164.45000 24.82400 111.57800
16 3 21 04 01 45571.60000 10.08800000 1467.82000 164.45000 24.82400 111.57800
16 3 21 04 02 45578.30000 10.08800000 1468.34000 164.45000 24.82400 111.57800
16 3 21 04 02 45597.00000 10.08800000 1468.34000 164.45000 24.82400 111.57800
16 3 21 04 03 45580.60000 10.08800000 1468.34000 164.45000 24.82400 111.57800
16 3 21 04 03 45598.20000 10.08800000 1468.34000 164.45000 24.82400 111.57800
16 3 21 04 03 45610.60000 10.08800000 1468.95000 164.45000 24.82400 111.57800
16 3 21 04 04 45631.10000 10.08800000 1469.91000 165.31000 24.82400 111.57800
16 3 21 04 04 45632.70000 10.08800000 1469.49000 165.31000 24.82400 111.57800
16 3 21 04 05 45625.90000 10.08800000 1469.49000 165.31000 24.82400 112.97400
16 3 21 04 05 45645.00000 10.08800000 1469.64000 165.31000 24.82400 112.97400
16 3 21 04 06 45656.40000 10.08800000 1470.00000 165.31000 24.82400 113.19600
16 3 21 04 06 45625.20000 10.08800000 1470.00000 165.31000 24.82400 113.15700
16 3 21 04 06 45670.30000 10.08800000 1470.00000 165.31000 24.82400 113.15700
16 3 21 04 07 45662.30000 10.08800000 1470.00000 165.31000 24.82400 113.15700
16 3 21 04 07 45674.90000 10.08800000 1470.43000 165.31000 24.82400 113.15700
16 3 21 04 08 45664.50000 10.08800000 1471.60000 165.31000 24.82400 113.15700
16 3 21 04 08 45635.10000 10.08800000 1470.27000 165.31000 24.82400 113.15700
16 3 21 04 09 45656.80000 10.08800000 1470.27000 165.31000 24.82400 113.15700
16 3 21 04 09 45656.80000 10.08800000 1470.47000 165.31000 24.82400 113.15700
16 3 21 04 09 45637.30000 10.12800000 1470.47000 165.31000 24.82400 113.15700
16 3 21 04 10 45600.00000 10.12800000 1468.00000 165.31000 24.82400 113.15700
16 3 21 04 10 45600.00000 10.12800000 1467.65000 165.31000 24.82400 113.15700
16 3 21 04 11 45677.80000 10.12800000 1466.31000 165.31000 24.82400 113.15700
16 3 21 04 11 45661.40000 10.12800000 1466.31000 165.31000 24.82400 113.15700
16 3 21 04 12 45657.00000 10.12800000 1466.31000 165.32000 24.82400 113.15700
16 3 21 04 12 45657.10000 10.12800000 1466.36000 165.32000 24.82400 113.15700
16 3 21 04 12 45661.50000 10.12800000 1466.66000 165.32000 24.82400 113.15700
16 3 21 04 13 45692.30000 10.12800000 1466.66000 165.32000 24.82400 113.15700
16 3 21 04 13 45697.30000 10.12800000 1466.66000 165.32000 24.82400 113.15700
16 3 21 04 14 45709.80000 10.12800000 1467.42000 165.32000 24.82400 113.15700
16 3 21 04 14 45681.70000 10.12800000 1467.16000 165.32000 24.82400 113.15700
16 3 21 04 15 45709.90000 10.12800000 1467.16000 165.49000 24.82400 113.15700
16 3 21 04 15 45721.50000 10.12800000 1467.62000 165.49000 24.82400 113.15700
16 3 21 04 15 45722.20000 10.10600000 1468.30000 165.49000 24.82400 113.15700
16 3 21 04 16 45757.90000 10.10600000 1468.30000 165.49000 24.82400 113.15700
16 3 21 04 16 45756.50000 10.10600000 1469.20000 165.49000 24.82400 113.15700
16 3 21 04 17 45787.20000 10.10600000 1469.20000 165.57000 24.82400 113.15700
16 3 21 04 17 45783.20000 10.10600000 1469.20000 165.57000 24.82400 113.15700
16 3 21 04 18 45792.50000 10.10600000 1471.00000 165.57000 24.82400 113.46100
16 3 21 04 18 45799.00000 10.14800000 1471.00000 165.57000 24.82400 113.46100
16 3 21 04 18 45805.00000 10.14800000 1471.39000 165.57000 24.82400 113.46100
16 3 21 04 19 45814.90000 10.12500000 1471.70000 165.57000 24.82400 113.46100
16 3 21 04 19 45815.00000 10.12500000 1471.70000 165.73000 24.82400 113.46100
