M=[
29 7 20 22 45 9580.90000 6.26600000 273.85000 47.44000 17.36100 62.20000
29 7 20 22 45 9580.70000 6.26600000 273.85000 47.49000 17.36100 62.20000
29 7 20 22 46 9583.00000 6.28900000 273.85000 47.49000 17.36100 62.20000
29 7 20 22 46 9582.00000 6.28900000 273.94000 47.49000 17.36100 62.20000
29 7 20 22 47 9580.20000 6.28900000 273.94000 47.46000 17.29800 62.20000
29 7 20 22 47 9580.20000 6.28900000 273.95000 47.46000 17.29800 62.20000
29 7 20 22 48 9577.00000 6.28900000 273.95000 47.46000 17.29800 62.20000
29 7 20 22 48 9580.00000 6.28900000 273.92000 47.51000 17.28800 62.20000
29 7 20 22 48 9580.00000 6.28900000 273.92000 47.52000 17.28800 62.20000
29 7 20 22 49 9582.30000 6.28900000 273.94000 47.53000 17.28800 62.20000
29 7 20 22 49 9580.10000 6.28900000 273.93000 47.49000 17.28800 62.20000
29 7 20 22 50 9580.00000 6.28900000 273.92000 47.49000 17.28800 62.20000
29 7 20 22 50 9573.40000 6.28900000 273.85000 47.49000 17.28800 62.20000
29 7 20 22 51 9572.10000 6.28500000 273.82000 47.49000 17.28800 62.20000
29 7 20 22 51 9572.10000 6.28500000 273.53000 47.49000 17.28800 62.20000
29 7 20 22 52 9571.10000 6.28500000 273.41000 47.49000 17.28800 62.15900
29 7 20 22 52 9567.50000 6.28500000 273.48000 47.47000 17.28800 62.15900
29 7 20 22 53 9562.60000 6.28500000 273.48000 47.47000 17.28800 62.15900
29 7 20 22 53 9562.70000 6.28500000 273.36000 47.47000 17.28800 62.15900
29 7 20 22 54 9565.10000 6.28500000 273.35000 47.47000 17.28800 62.15900
29 7 20 22 54 9565.90000 6.28500000 273.31000 47.47000 17.28800 62.15900
29 7 20 22 55 9562.20000 6.28500000 273.32000 47.47000 17.28800 62.15900
29 7 20 22 55 9563.00000 6.28500000 273.31000 47.47000 17.25600 62.15900
29 7 20 22 56 9564.10000 6.28500000 273.24000 47.47000 17.25600 62.15900
29 7 20 22 56 9558.70000 6.28500000 273.18000 47.47000 17.25400 62.15900
29 7 20 22 57 9559.70000 6.28500000 273.16000 47.47000 17.24700 62.15900
29 7 20 22 57 9560.00000 6.28500000 273.16000 47.26000 17.20300 62.15900
29 7 20 22 58 9568.20000 6.28500000 273.43000 47.26000 17.20300 62.15900
29 7 20 22 58 9568.90000 6.28500000 273.43000 47.26000 17.19900 62.15900
29 7 20 22 59 9562.90000 6.28500000 273.20000 47.26000 17.19900 62.15900
29 7 20 22 59 9561.60000 6.28500000 273.24000 47.26000 17.24400 62.15900
29 7 20 23 00 9560.00000 6.28500000 272.96000 47.26000 17.24400 61.89200
29 7 20 23 00 9557.70000 6.28500000 273.01000 47.25000 17.24400 61.89200
29 7 20 23 01 9557.10000 6.28500000 273.01000 47.25000 17.24400 61.89200
29 7 20 23 01 9557.10000 6.28500000 273.00000 47.28000 17.24400 61.89200
29 7 20 23 02 9554.30000 6.28500000 273.06000 47.28000 17.24900 61.89200
29 7 20 23 02 9550.20000 6.28500000 272.95000 47.32000 17.22100 61.89200
29 7 20 23 03 9546.70000 6.28500000 272.89000 47.32000 17.22100 61.89200
29 7 20 23 03 9537.70000 6.28500000 272.54000 47.28000 17.22100 61.89200
29 7 20 23 04 9517.60000 6.28500000 271.81000 47.13000 17.23100 61.84100
29 7 20 23 05 9521.10000 6.28500000 271.95000 47.13000 17.23100 61.84100
29 7 20 23 05 9523.80000 6.28500000 271.99000 47.13000 17.23100 61.84100
29 7 20 23 06 9525.00000 6.28500000 272.23000 47.21000 17.19800 61.84100
29 7 20 23 07 9528.50000 6.28500000 272.34000 47.21000 17.19800 61.84900
29 7 20 23 07 9535.20000 6.28500000 272.47000 47.37000 17.19800 61.84900
29 7 20 23 08 9526.40000 6.28500000 272.50000 47.37000 17.19800 61.84900
29 7 20 23 08 9529.50000 6.28500000 272.48000 47.37000 17.19800 61.84900
29 7 20 23 08 9529.50000 6.24200000 272.33000 47.31000 17.19800 61.84900
29 7 20 23 09 9530.00000 6.24200000 272.21000 47.28000 17.19800 61.84900
29 7 20 23 09 9530.00000 6.24200000 272.26000 47.28000 17.19800 61.84900
29 7 20 23 10 9534.10000 6.24200000 272.10000 47.28000 17.19800 61.84900
29 7 20 23 10 9530.40000 6.24200000 272.07000 47.28000 17.21400 61.84900
29 7 20 23 11 9530.10000 6.24200000 272.09000 47.28000 17.21400 61.84900
29 7 20 23 11 9534.00000 6.24200000 272.07000 47.28000 17.21400 61.84900
29 7 20 23 12 9534.80000 6.24200000 272.08000 47.28000 17.21400 61.84900
29 7 20 23 12 9534.20000 6.24200000 272.30000 47.28000 17.21400 61.84900
29 7 20 23 13 9533.70000 6.24200000 272.27000 47.28000 17.21400 61.84900
29 7 20 23 13 9533.60000 6.24200000 272.27000 47.28000 17.21400 61.84900
29 7 20 23 14 9533.90000 6.24200000 272.27000 47.28000 17.21400 61.80000
29 7 20 23 14 9531.20000 6.24200000 272.11000 47.28000 17.21400 61.80000
29 7 20 23 15 9523.50000 6.24200000 272.11000 47.28000 17.21400 61.80000
29 7 20 23 15 9523.30000 6.24200000 272.15000 47.28000 17.21400 61.80000
29 7 20 23 16 9509.60000 6.24200000 271.87000 47.47000 17.21400 61.80000
29 7 20 23 16 9502.70000 6.24200000 271.78000 47.47000 17.21400 61.80000
29 7 20 23 17 9473.80000 6.24200000 271.05000 47.22000 17.21400 61.74100
29 7 20 23 18 9469.60000 6.24200000 270.88000 47.23000 17.17700 61.53000
29 7 20 23 19 9438.90000 6.24200000 269.89000 47.23000 17.12500 61.39700
29 7 20 23 19 9448.20000 6.24200000 270.26000 47.13000 17.12500 61.39700
29 7 20 23 20 9459.50000 6.24200000 270.68000 47.19000 17.12500 61.39700
29 7 20 23 20 9461.70000 6.24200000 270.76000 47.19000 17.12500 61.39800
29 7 20 23 21 9447.00000 6.24200000 270.42000 47.19000 17.12500 61.39700
29 7 20 23 21 9440.60000 6.24200000 270.09000 47.08000 17.12500 61.39700
29 7 20 23 22 9442.30000 6.24200000 270.25000 47.08000 17.12500 61.33000
29 7 20 23 22 9457.20000 6.24200000 270.50000 47.15000 17.12500 61.32600
29 7 20 23 23 9435.40000 6.19800000 270.32000 47.15000 17.12500 61.32600
29 7 20 23 24 9407.80000 6.19800000 269.40000 46.99000 17.12500 61.32600
29 7 20 23 25 9429.80000 6.19800000 269.69000 47.10000 17.12500 61.18100
29 7 20 23 25 9411.40000 6.19800000 269.35000 47.10000 17.25000 61.18100
29 7 20 23 26 9421.30000 6.16800000 269.56000 47.10000 17.26000 61.18100
29 7 20 23 26 9421.90000 6.16800000 269.96000 47.10000 17.14000 61.18100
29 7 20 23 27 9441.60000 6.16800000 270.38000 47.08000 17.14000 61.18100
29 7 20 23 28 9442.60000 6.16800000 270.38000 47.08000 17.13000 61.18100
29 7 20 23 28 9449.30000 6.16800000 270.47000 47.09000 17.13000 61.39900
29 7 20 23 28 9452.40000 6.16800000 270.65000 47.09000 17.13000 61.39900
29 7 20 23 29 9452.00000 6.16800000 270.39000 47.09000 17.20800 61.39900
29 7 20 23 30 9446.40000 6.16800000 270.31000 47.09000 17.18000 61.39900
29 7 20 23 30 9443.80000 6.19900000 270.00000 47.09000 17.21800 61.39900
29 7 20 23 31 9445.50000 6.19900000 270.24000 47.09000 17.21800 61.39900
29 7 20 23 31 9436.60000 6.19900000 269.99000 47.09000 17.21900 61.46000
29 7 20 23 32 9435.40000 6.19900000 269.82000 47.09000 17.21900 61.46000
29 7 20 23 33 9435.20000 6.19900000 269.75000 46.95000 17.20100 61.46000
29 7 20 23 33 9437.90000 6.19900000 269.75000 46.90000 17.20100 61.46000
29 7 20 23 34 9439.70000 6.19900000 269.76000 46.90000 17.20000 61.46000
29 7 20 23 34 9439.80000 6.19900000 269.77000 46.97000 17.16500 61.46000
29 7 20 23 35 9439.90000 6.19900000 269.77000 46.98000 17.16500 61.46000
29 7 20 23 35 9439.90000 6.19900000 269.77000 46.98000 17.16500 61.46000
29 7 20 23 36 9439.90000 6.19900000 269.77000 46.98000 17.16500 61.25100
29 7 20 23 36 9437.90000 6.19900000 269.52000 46.89000 17.16500 61.25100
29 7 20 23 37 9430.70000 6.19900000 269.52000 46.89000 17.16500 61.25100
29 7 20 23 37 9418.20000 6.19900000 269.52000 46.89000 17.13200 61.25100
29 7 20 23 38 9411.90000 6.19900000 269.51000 46.83000 17.13200 61.25100
29 7 20 23 38 9414.60000 6.19900000 269.51000 46.83000 17.13200 61.25100
29 7 20 23 39 9415.40000 6.19900000 269.00000 46.83000 17.15400 61.25100
29 7 20 23 39 9416.00000 6.19900000 268.93000 46.83000 17.15400 61.25100
29 7 20 23 40 9406.90000 6.19900000 268.63000 46.83000 17.15400 61.25100
29 7 20 23 41 9409.10000 6.14100000 269.24000 46.83000 17.13700 61.25100
29 7 20 23 41 9421.90000 6.14100000 269.25000 46.83000 17.13700 61.25100
29 7 20 23 42 9424.90000 6.14100000 269.25000 46.83000 17.13700 61.25100
29 7 20 23 42 9428.80000 6.14100000 269.40000 46.84000 17.13700 61.36000
