M=[
15 9 20 05 56 9047.60000 5.03900000 315.81000 41.67000 14.37700 53.09500
15 9 20 05 56 9047.60000 5.03900000 315.81000 41.67000 14.37700 53.09500
15 9 20 05 57 9047.60000 5.03900000 315.61000 41.67000 14.37700 53.09500
15 9 20 05 57 9047.60000 5.07900000 315.49000 41.67000 14.37700 53.09500
15 9 20 05 57 9047.60000 5.07900000 315.47000 41.67000 14.37700 53.09500
15 9 20 05 58 9047.60000 5.07900000 315.46000 41.67000 14.37700 53.09500
15 9 20 05 58 9047.60000 5.07900000 315.54000 41.67000 14.37700 53.09500
15 9 20 05 59 9047.60000 5.07900000 315.65000 41.67000 14.37700 53.09500
15 9 20 05 59 9047.60000 5.07900000 315.76000 41.67000 14.37700 53.09500
15 9 20 06 00 9047.60000 5.07900000 315.75000 41.67000 14.37700 53.09500
15 9 20 06 00 9045.20000 5.07900000 315.59000 41.67000 14.37700 53.09500
15 9 20 06 01 9045.20000 5.07900000 315.16000 41.67000 14.37700 53.09500
15 9 20 06 01 9043.10000 5.07900000 315.16000 41.67000 14.37700 53.09500
15 9 20 06 01 9042.30000 5.07900000 315.21000 41.70000 14.37700 53.09500
15 9 20 06 02 9041.20000 5.07900000 315.32000 41.70000 14.37700 53.09500
15 9 20 06 02 9041.20000 5.07900000 315.31000 41.70000 14.37700 53.09500
15 9 20 06 03 9040.90000 5.07900000 315.18000 41.70000 14.37700 53.09500
15 9 20 06 03 9040.80000 5.07900000 314.86000 41.66000 14.37700 53.09500
15 9 20 06 04 9040.90000 5.08100000 314.90000 41.66000 14.37700 53.09500
15 9 20 06 04 9040.90000 5.08100000 314.75000 41.65000 14.37700 53.09500
15 9 20 06 04 9040.90000 5.08100000 314.70000 41.65000 14.37700 53.09500
15 9 20 06 05 9040.10000 5.04900000 314.67000 41.64000 14.37700 53.09500
15 9 20 06 05 9040.10000 5.04900000 314.54000 41.64000 14.37700 52.88000
15 9 20 06 06 9040.00000 5.04900000 314.55000 41.64000 14.37700 52.88000
15 9 20 06 06 9038.50000 5.04700000 314.14000 41.64000 14.37700 52.64000
15 9 20 06 07 9036.20000 5.04700000 314.14000 41.64000 14.37700 52.64000
15 9 20 06 07 9032.80000 5.04700000 314.15000 41.64000 14.37700 52.64000
15 9 20 06 07 9032.70000 5.04700000 314.15000 41.64000 14.37700 52.64000
15 9 20 06 08 9032.70000 5.04700000 314.15000 41.64000 14.37700 52.64000
15 9 20 06 08 9032.80000 5.04700000 314.32000 41.64000 14.37700 52.64000
15 9 20 06 09 9032.80000 5.04700000 314.31000 41.64000 14.37700 52.76500
15 9 20 06 09 9034.00000 5.04600000 314.27000 41.64000 14.37700 52.76500
15 9 20 06 10 9034.10000 5.01400000 314.43000 41.64000 14.37700 52.76500
15 9 20 06 10 9034.10000 5.01400000 314.51000 41.64000 14.37700 52.76500
15 9 20 06 10 9034.10000 5.01400000 314.45000 41.64000 14.37700 52.76500
15 9 20 06 11 9034.10000 5.05000000 314.60000 41.64000 14.37700 52.76500
15 9 20 06 11 9034.10000 5.05000000 314.60000 41.63000 14.37700 52.76500
15 9 20 06 12 9034.10000 5.05500000 314.56000 41.63000 14.37700 52.76500
15 9 20 06 12 9034.00000 5.05500000 314.49000 41.63000 14.37700 52.76500
15 9 20 06 13 9034.00000 5.05500000 314.51000 41.63000 14.37700 52.76500
15 9 20 06 13 9034.10000 5.05500000 314.53000 41.63000 14.37700 52.67000
15 9 20 06 13 9034.10000 5.05500000 314.39000 41.63000 14.37700 52.66100
15 9 20 06 14 9034.10000 5.05500000 314.58000 41.63000 14.37700 52.67200
15 9 20 06 14 9034.00000 5.05500000 314.58000 41.63000 14.37700 52.67200
15 9 20 06 15 9034.10000 5.05500000 314.44000 41.63000 14.37700 52.67200
15 9 20 06 15 9034.00000 5.05500000 314.15000 41.63000 14.37700 52.62300
15 9 20 06 16 9034.00000 5.08300000 314.15000 41.61000 14.37700 52.62300
15 9 20 06 16 9034.00000 5.08300000 314.15000 41.61000 14.37700 52.58000
15 9 20 06 16 9034.00000 5.08300000 314.15000 41.61000 14.37700 52.58000
15 9 20 06 17 9034.10000 5.08300000 314.15000 41.63000 14.37700 52.58000
15 9 20 06 17 9034.10000 5.08300000 314.32000 41.63000 14.37700 52.58000
15 9 20 06 18 9034.40000 5.06500000 314.58000 41.63000 14.37700 52.58000
15 9 20 06 18 9037.40000 5.06500000 314.96000 41.63000 14.37700 52.58000
15 9 20 06 19 9037.60000 5.06500000 315.05000 41.63000 14.37700 52.58000
15 9 20 06 19 9037.50000 5.06500000 315.06000 41.63000 14.37700 52.58000
15 9 20 06 20 9039.60000 5.06500000 315.06000 41.63000 14.37700 52.58000
15 9 20 06 20 9040.00000 5.06500000 315.06000 41.63000 14.37700 52.58000
15 9 20 06 20 9039.90000 5.06500000 315.06000 41.63000 14.37700 52.58000
15 9 20 06 21 9044.50000 5.07100000 315.07000 41.63000 14.37700 52.58000
15 9 20 06 21 9044.70000 5.07100000 315.06000 41.63000 14.37700 52.58000
15 9 20 06 22 9042.50000 5.07300000 315.10000 41.63000 14.37700 52.58000
15 9 20 06 22 9043.80000 5.07300000 315.10000 41.63000 14.37700 52.58000
15 9 20 06 23 9044.70000 5.07300000 315.10000 41.63000 14.37700 52.58000
15 9 20 06 23 9044.80000 5.07300000 315.10000 41.63000 14.37700 52.58000
15 9 20 06 23 9040.10000 5.07300000 315.09000 41.63000 14.37700 52.90000
15 9 20 06 24 9037.70000 5.07300000 314.63000 41.63000 14.37700 52.90000
15 9 20 06 24 9034.70000 5.07300000 314.63000 41.63000 14.39300 52.90000
15 9 20 06 25 9034.70000 5.07300000 314.71000 41.63000 14.39300 52.90000
15 9 20 06 25 9034.80000 5.07300000 314.89000 41.63000 14.39300 52.90000
15 9 20 06 26 9034.90000 5.06600000 314.89000 41.63000 14.39300 52.90000
15 9 20 06 26 9034.90000 5.06600000 314.92000 41.63000 14.39300 52.90000
15 9 20 06 26 9034.90000 5.06600000 314.75000 41.63000 14.39300 52.90000
15 9 20 06 27 9034.90000 5.06600000 314.93000 41.63000 14.43900 52.90000
15 9 20 06 27 9034.90000 5.06600000 314.93000 41.63000 14.60800 52.90000
15 9 20 06 28 9034.90000 5.06600000 314.93000 41.63000 14.60800 52.90000
15 9 20 06 28 9038.40000 5.06600000 315.10000 41.63000 14.60800 52.90000
15 9 20 06 29 9038.10000 5.06600000 315.08000 41.63000 14.60800 52.90000
15 9 20 06 29 9038.10000 5.06600000 314.95000 41.63000 14.48900 52.90000
15 9 20 06 29 9037.30000 5.06600000 314.97000 41.63000 14.48900 52.70000
15 9 20 06 30 9036.10000 5.08900000 314.97000 41.63000 14.48900 52.70000
15 9 20 06 30 9036.10000 5.08900000 314.93000 41.63000 14.48900 52.70000
15 9 20 06 31 9034.90000 5.08900000 314.93000 41.63000 14.48900 52.70000
15 9 20 06 31 9035.20000 5.08900000 314.81000 41.63000 14.48900 52.70000
15 9 20 06 32 9035.20000 5.08900000 314.81000 41.63000 14.56300 52.70000
15 9 20 06 32 9035.40000 5.08900000 314.77000 41.63000 14.56300 52.70000
15 9 20 06 32 9035.30000 5.08900000 314.77000 41.63000 14.56300 52.70000
15 9 20 06 33 9035.40000 5.08900000 314.77000 41.63000 14.56300 52.70000
15 9 20 06 33 9035.40000 5.08900000 314.65000 41.63000 14.56300 52.70000
15 9 20 06 34 9035.30000 5.08900000 314.71000 41.63000 14.56300 52.70000
15 9 20 06 34 9035.40000 5.08900000 314.70000 41.63000 14.56300 52.70000
15 9 20 06 35 9034.90000 5.08900000 314.91000 41.63000 14.56300 52.70000
15 9 20 06 35 9034.90000 5.08900000 314.91000 41.63000 14.56300 52.70000
15 9 20 06 35 9034.80000 5.08900000 314.91000 41.63000 14.56300 52.70000
15 9 20 06 36 9034.90000 5.08000000 314.91000 41.63000 14.56300 52.60500
15 9 20 06 36 9025.30000 5.08000000 314.91000 41.66000 14.56300 52.60500
15 9 20 06 37 9025.30000 5.07600000 314.91000 41.66000 14.56300 52.60500
15 9 20 06 37 9028.90000 5.06300000 314.92000 41.66000 14.56300 52.60500
15 9 20 06 38 9029.60000 5.06300000 315.02000 41.66000 14.56300 52.60500
15 9 20 06 38 9029.30000 5.06300000 314.87000 41.66000 14.56300 52.60500
15 9 20 06 38 9030.40000 5.06300000 314.87000 41.66000 14.56300 52.60500
15 9 20 06 39 9030.60000 5.06300000 314.53000 41.66000 14.56300 52.54900
15 9 20 06 39 9037.10000 5.06300000 314.53000 41.66000 14.56300 52.54900
15 9 20 06 40 9033.60000 5.06300000 314.68000 41.66000 14.56300 52.54900
15 9 20 06 40 9037.00000 5.11400000 314.76000 41.66000 14.56300 52.54900
15 9 20 06 41 9039.10000 5.12000000 314.76000 41.66000 14.56300 52.54900
15 9 20 06 41 9038.20000 5.15700000 314.99000 41.65000 14.56300 52.54900
15 9 20 06 41 9040.40000 5.16900000 314.99000 41.67000 14.56300 52.60500
15 9 20 06 42 9042.10000 5.16900000 315.22000 41.67000 14.56300 52.61100
15 9 20 06 42 9042.10000 5.16900000 315.05000 41.67000 14.56300 52.59600
