M=[
 5 7 21 09 58 28889.50000 46.98700000 1922.45000 118.05000 18.51400 97.49500
 5 7 21 09 58 28900.00000 46.98700000 1921.06000 117.98000 18.49200 97.49500
 5 7 21 09 58 28900.00000 46.98700000 1921.10000 117.98000 18.49200 97.49500
 5 7 21 09 59 28908.80000 46.98700000 1921.24000 117.98000 18.49200 97.49200
 5 7 21 09 59 28908.80000 46.98700000 1921.24000 117.98000 18.49200 97.49200
 5 7 21 10 00 28912.00000 46.98700000 1919.97000 117.98000 18.49200 97.49200
 5 7 21 10 00 28894.60000 46.98700000 1919.76000 117.95000 18.49200 97.42600
 5 7 21 10 01 28899.80000 46.98700000 1919.76000 117.97000 18.49200 97.42600
 5 7 21 10 01 28896.80000 46.98700000 1920.66000 117.94000 18.49200 97.42600
 5 7 21 10 01 28898.10000 46.98700000 1919.90000 117.94000 18.49200 97.42600
 5 7 21 10 02 28897.20000 46.98700000 1920.46000 117.97000 18.49200 97.50100
 5 7 21 10 02 28896.70000 46.98700000 1921.68000 117.97000 18.49200 97.50100
 5 7 21 10 03 28916.90000 46.98700000 1923.24000 117.97000 18.49200 97.50100
 5 7 21 10 03 28928.00000 46.98700000 1923.54000 117.97000 18.49200 97.50100
 5 7 21 10 04 28930.00000 46.98700000 1924.39000 117.97000 18.49200 97.50100
 5 7 21 10 04 28930.00000 46.98700000 1924.06000 117.97000 18.49200 97.50100
 5 7 21 10 04 28929.80000 46.98700000 1923.89000 117.97000 18.49200 97.50100
 5 7 21 10 05 28929.90000 46.98700000 1924.90000 117.97000 18.49200 97.50100
 5 7 21 10 05 28929.90000 46.98700000 1925.02000 117.97000 18.49200 97.50100
 5 7 21 10 06 28930.00000 47.00000000 1925.13000 117.97000 18.49200 97.50100
 5 7 21 10 06 28929.90000 47.00000000 1925.06000 117.97000 18.49200 97.50100
 5 7 21 10 07 28944.70000 47.00000000 1924.81000 117.97000 18.49200 97.76500
 5 7 21 10 07 28953.10000 47.00000000 1924.78000 117.97000 18.49200 97.76500
 5 7 21 10 07 28955.00000 47.00000000 1924.78000 117.97000 18.49200 97.76500
 5 7 21 10 08 28968.80000 47.00000000 1925.79000 117.97000 18.49200 97.76500
 5 7 21 10 08 28997.30000 47.22000000 1929.08000 118.45000 18.49200 97.76500
 5 7 21 10 09 28984.90000 47.22000000 1930.00000 118.45000 18.49200 97.76500
 5 7 21 10 09 28999.90000 47.22000000 1931.08000 118.45000 18.49200 97.76500
 5 7 21 10 10 29000.00000 47.36100000 1935.77000 118.45000 18.49200 97.76500
 5 7 21 10 10 28985.80000 47.36100000 1933.85000 118.35000 18.49200 97.76500
 5 7 21 10 10 28984.10000 47.36100000 1934.66000 118.38000 18.49200 97.76500
 5 7 21 10 11 28986.10000 47.36100000 1932.87000 118.38000 18.49200 97.76500
 5 7 21 10 11 28967.70000 47.36100000 1931.58000 118.31000 18.49200 97.76500
 5 7 21 10 12 28966.40000 47.36100000 1931.20000 118.31000 18.49200 97.76500
 5 7 21 10 12 28966.10000 47.36100000 1932.22000 118.31000 18.49200 97.76500
 5 7 21 10 13 28966.50000 47.36100000 1931.74000 118.31000 18.49200 97.76500
 5 7 21 10 13 28958.40000 47.36100000 1931.74000 118.31000 18.49200 97.76500
 5 7 21 10 13 28950.10000 47.36100000 1928.74000 118.09000 18.49200 97.76500
 5 7 21 10 14 28943.60000 47.36100000 1928.74000 118.09000 18.49200 97.76500
 5 7 21 10 14 28941.80000 47.36100000 1928.74000 118.09000 18.49200 97.76500
 5 7 21 10 15 28941.80000 47.27200000 1929.26000 118.09000 18.49200 97.76500
 5 7 21 10 15 28959.20000 47.27200000 1930.09000 118.12000 18.49200 97.76500
 5 7 21 10 16 28960.40000 47.27200000 1931.37000 118.12000 18.49200 97.76500
 5 7 21 10 16 28948.90000 47.27200000 1931.13000 118.12000 18.49200 97.76500
 5 7 21 10 17 28950.00000 47.27200000 1933.06000 118.12000 18.49200 97.76500
 5 7 21 10 17 28945.60000 47.27200000 1929.89000 118.12000 18.49200 97.76500
 5 7 21 10 17 28945.60000 47.27200000 1929.43000 118.03000 18.31500 97.76500
 5 7 21 10 18 28945.50000 47.27200000 1929.43000 118.19000 18.31500 97.76500
 5 7 21 10 18 28959.40000 47.27200000 1930.46000 118.19000 18.31500 97.76500
 5 7 21 10 19 28954.50000 47.27200000 1930.46000 118.19000 18.31500 97.76500
 5 7 21 10 19 28954.50000 47.27200000 1930.46000 118.19000 18.31500 97.76500
 5 7 21 10 20 28954.50000 47.27200000 1931.31000 118.19000 18.31500 97.76500
 5 7 21 10 20 28954.50000 47.27200000 1931.26000 118.16000 18.50000 97.76500
 5 7 21 10 20 28977.30000 47.27200000 1931.26000 118.16000 18.50000 97.76500
 5 7 21 10 21 28999.90000 47.27200000 1931.26000 118.27000 18.50000 97.76500
 5 7 21 10 21 28996.50000 47.27200000 1934.37000 118.27000 18.50000 97.76500
 5 7 21 10 22 28988.80000 47.27200000 1933.47000 118.27000 18.50000 97.76500
 5 7 21 10 22 28986.40000 47.27200000 1933.92000 118.29000 18.50000 97.76500
 5 7 21 10 23 28994.60000 47.27200000 1933.92000 118.29000 18.50000 98.17600
 5 7 21 10 23 28994.70000 47.27200000 1934.93000 118.29000 18.50000 98.17600
 5 7 21 10 23 29000.00000 47.27200000 1936.12000 118.37000 18.50000 98.17600
 5 7 21 10 24 29047.20000 47.53900000 1940.00000 118.50000 18.50000 98.17600
 5 7 21 10 24 29046.20000 47.53900000 1939.99000 118.55000 18.50000 98.17600
 5 7 21 10 25 29020.60000 47.53900000 1939.23000 118.51000 18.50000 98.17600
 5 7 21 10 25 29031.80000 47.53900000 1940.00000 118.51000 18.50000 98.17600
 5 7 21 10 26 29033.60000 47.53900000 1939.59000 118.51000 18.50000 98.17600
 5 7 21 10 26 29009.20000 47.53900000 1938.64000 118.51000 18.50000 98.17600
 5 7 21 10 26 29009.10000 47.53900000 1938.67000 118.57000 18.50000 98.24800
 5 7 21 10 27 28987.20000 47.53900000 1935.71000 118.57000 18.50000 98.24800
 5 7 21 10 27 28995.10000 47.53900000 1937.01000 118.52000 18.50000 98.24800
 5 7 21 10 28 28987.30000 47.62100000 1937.98000 118.52000 18.50000 98.24800
 5 7 21 10 28 28993.70000 47.61200000 1936.92000 118.44000 18.50000 98.24800
 5 7 21 10 29 28991.50000 47.61200000 1937.33000 118.44000 18.50000 98.24800
 5 7 21 10 29 28990.30000 47.66900000 1936.93000 118.48000 18.50000 98.24800
 5 7 21 10 29 28990.30000 47.66900000 1939.34000 118.48000 18.50000 98.24800
 5 7 21 10 30 28990.30000 47.66900000 1938.81000 118.48000 18.50000 98.24800
 5 7 21 10 30 28990.20000 47.66900000 1938.14000 118.48000 18.50000 98.28000
 5 7 21 10 31 28986.90000 47.66900000 1937.81000 118.58000 18.50000 98.28000
 5 7 21 10 31 28982.80000 47.66900000 1937.82000 118.58000 18.50000 98.28000
 5 7 21 10 32 28982.90000 47.66900000 1938.00000 118.54000 18.50000 98.28000
 5 7 21 10 32 28982.90000 47.70100000 1937.81000 118.54000 18.50000 98.28000
 5 7 21 10 32 28988.40000 47.70100000 1937.81000 118.47000 18.50000 98.28000
 5 7 21 10 33 28996.90000 47.70300000 1937.81000 118.47000 18.50000 98.28000
 5 7 21 10 33 28990.00000 47.70300000 1938.00000 118.47000 18.50000 98.28000
 5 7 21 10 34 28996.20000 47.70300000 1938.19000 118.47000 18.50000 98.28000
 5 7 21 10 34 28992.90000 47.98900000 1938.19000 118.50000 18.50000 98.28000
 5 7 21 10 35 28991.90000 47.94800000 1935.01000 118.50000 18.50000 98.28000
 5 7 21 10 35 28991.80000 47.94800000 1935.01000 118.48000 18.50000 98.28000
 5 7 21 10 35 28991.90000 47.94800000 1934.56000 118.48000 18.50000 98.28000
 5 7 21 10 36 28991.10000 47.94800000 1934.11000 118.43000 18.50000 98.27400
 5 7 21 10 36 28990.10000 47.94800000 1934.13000 118.43000 18.50000 98.27400
 5 7 21 10 37 28990.10000 47.94800000 1933.43000 118.43000 18.50000 98.25700
 5 7 21 10 37 28990.00000 47.94800000 1933.81000 118.43000 18.50000 98.25700
 5 7 21 10 38 28990.10000 47.94800000 1933.43000 118.43000 18.50000 98.25700
 5 7 21 10 38 28990.10000 47.94800000 1933.68000 118.47000 18.50000 98.25700
 5 7 21 10 38 28990.00000 47.94800000 1934.29000 118.47000 18.50000 98.25700
 5 7 21 10 39 28990.00000 47.94800000 1933.82000 118.47000 18.50000 98.25700
 5 7 21 10 39 28990.10000 47.94800000 1934.26000 118.47000 18.50000 98.25700
 5 7 21 10 40 28990.10000 47.94800000 1935.40000 118.51000 18.50000 98.25700
 5 7 21 10 40 28990.60000 47.94800000 1935.40000 118.54000 18.50000 98.25700
 5 7 21 10 41 29013.20000 47.94800000 1935.40000 118.54000 18.50000 98.25700
 5 7 21 10 41 29019.20000 47.94800000 1935.40000 118.54000 18.46000 98.25700
 5 7 21 10 41 29019.20000 47.94800000 1935.40000 118.54000 18.46000 98.25700
