M=[
17 12 20 21 39 18449.20000 5.20000000 518.33000 81.99000 13.54000 59.67200
17 12 20 21 39 18427.90000 5.20000000 517.98000 81.93000 13.54000 59.67200
17 12 20 21 40 18431.20000 5.20000000 518.59000 82.02000 13.54000 59.67200
17 12 20 21 40 18416.40000 5.20000000 518.69000 81.98000 13.54000 60.08100
17 12 20 21 40 18411.30000 5.20000000 518.36000 81.84000 13.66600 60.08100
17 12 20 21 41 18372.20000 5.20000000 517.00000 81.53000 13.52700 60.08100
17 12 20 21 41 18360.40000 5.20000000 516.60000 81.53000 13.52700 60.08100
17 12 20 21 42 18399.90000 5.20000000 517.77000 81.84000 13.52700 60.08100
17 12 20 21 42 18420.80000 5.20000000 517.97000 81.88000 13.52700 59.90300
17 12 20 21 43 18405.00000 5.20000000 518.35000 81.79000 13.52700 59.90300
17 12 20 21 43 18406.10000 5.20000000 518.31000 81.79000 13.52700 59.90300
17 12 20 21 43 18418.20000 5.20000000 518.19000 81.78000 13.52700 59.90300
17 12 20 21 44 18425.10000 5.20000000 518.93000 81.90000 13.52700 59.90300
17 12 20 21 44 18450.00000 5.20400000 519.81000 82.07000 13.52700 59.90300
17 12 20 21 45 18463.80000 5.20400000 519.47000 82.02000 13.52700 59.90300
17 12 20 21 45 18463.50000 5.20400000 519.15000 82.11000 13.52700 59.90300
17 12 20 21 46 18474.90000 5.20500000 519.47000 82.11000 13.52700 59.90300
17 12 20 21 46 18466.00000 5.20500000 519.42000 82.11000 13.52700 59.90300
17 12 20 21 46 18457.00000 5.22500000 518.44000 82.00000 13.52700 59.90300
17 12 20 21 47 18467.80000 5.22500000 519.44000 82.01000 13.52700 59.90300
17 12 20 21 47 18474.40000 5.22500000 519.44000 82.01000 13.52700 59.90300
17 12 20 21 48 18472.20000 5.22500000 519.31000 81.91000 13.52700 59.90300
17 12 20 21 48 18472.30000 5.22500000 519.30000 81.90000 13.52700 59.90300
17 12 20 21 49 18440.30000 5.22500000 518.61000 81.77000 13.52700 59.90300
17 12 20 21 49 18451.70000 5.22500000 518.39000 81.69000 13.52700 59.90300
17 12 20 21 49 18443.50000 5.22500000 518.83000 81.76000 13.52700 59.90300
17 12 20 21 50 18453.10000 5.22500000 519.32000 81.94000 13.52700 59.90300
17 12 20 21 50 18472.60000 5.22500000 519.68000 82.00000 13.52700 59.90300
17 12 20 21 51 18480.00000 5.22500000 519.58000 82.04000 13.52700 59.90300
17 12 20 21 51 18522.30000 5.22500000 520.46000 82.20000 13.52700 59.90300
17 12 20 21 52 18513.20000 5.22500000 519.86000 82.26000 13.53000 60.14200
17 12 20 21 52 18513.80000 5.22500000 520.13000 82.32000 13.53000 60.14200
17 12 20 21 52 18500.00000 5.22500000 519.62000 82.20000 13.53000 60.14200
17 12 20 21 53 18500.00000 5.22500000 519.86000 82.26000 13.42000 60.14200
17 12 20 21 53 18500.00000 5.22500000 520.33000 82.28000 13.42000 60.14200
17 12 20 21 54 18472.40000 5.22500000 519.73000 82.28000 13.42000 60.14200
17 12 20 21 54 18476.20000 5.22500000 519.22000 82.15000 13.42000 60.14200
17 12 20 21 55 18470.10000 5.22500000 518.90000 82.14000 13.42000 60.14200
17 12 20 21 55 18446.70000 5.22500000 519.03000 81.83000 13.42000 60.14200
17 12 20 21 55 18490.00000 5.22500000 519.74000 82.06000 13.42000 60.10800
17 12 20 21 56 18520.00000 5.22500000 520.22000 82.23000 13.42000 60.10800
17 12 20 21 56 18547.60000 5.22500000 521.01000 82.44000 13.42000 60.10800
17 12 20 21 57 18530.80000 5.22500000 521.10000 82.67000 13.42000 60.10800
17 12 20 21 57 18540.10000 5.22500000 521.09000 82.53000 13.42000 60.10800
17 12 20 21 58 18542.80000 5.22500000 521.53000 82.53000 13.42000 60.10800
17 12 20 21 58 18550.10000 5.22500000 521.86000 82.59000 13.42000 60.10800
17 12 20 21 58 18540.10000 5.22500000 521.85000 82.65000 13.42000 60.10800
17 12 20 21 59 18540.00000 5.22500000 521.88000 82.65000 13.42000 60.10800
17 12 20 21 59 18537.00000 5.22500000 521.84000 82.71000 13.42000 60.10800
17 12 20 22 00 18550.80000 5.23400000 521.53000 82.84000 13.42000 60.10800
17 12 20 22 00 18563.40000 5.23400000 521.59000 82.94000 13.42000 60.10800
17 12 20 22 01 18567.20000 5.23400000 521.65000 82.94000 13.42000 60.10800
17 12 20 22 01 18565.60000 5.23400000 521.53000 82.90000 13.56400 60.10800
17 12 20 22 01 18577.60000 5.22300000 521.83000 83.00000 13.56400 60.10800
17 12 20 22 02 18582.60000 5.22300000 522.22000 83.17000 13.56400 60.10800
17 12 20 22 02 18600.00000 5.22300000 522.96000 83.30000 13.56400 60.10800
17 12 20 22 03 18600.00000 5.22600000 523.04000 83.28000 13.56400 60.10800
17 12 20 22 03 18600.00000 5.22600000 522.97000 83.28000 13.56400 60.10800
17 12 20 22 04 18599.90000 5.22600000 522.97000 83.28000 13.56400 60.10800
17 12 20 22 04 18600.00000 5.22600000 523.21000 83.19000 13.56400 60.10800
17 12 20 22 04 18600.00000 5.22600000 523.43000 83.37000 13.56400 60.10800
17 12 20 22 05 18599.90000 5.22600000 523.27000 83.32000 13.56400 60.10800
17 12 20 22 05 18604.00000 5.22600000 523.28000 83.32000 13.56400 60.10800
17 12 20 22 06 18605.40000 5.22600000 523.30000 83.40000 13.56400 60.10800
17 12 20 22 06 18632.40000 5.22600000 523.65000 83.40000 13.56400 60.42400
17 12 20 22 07 18643.80000 5.22600000 523.74000 83.60000 13.56400 60.42400
17 12 20 22 07 18651.40000 5.22600000 524.08000 83.56000 13.56400 60.42400
17 12 20 22 07 18643.90000 5.22600000 523.96000 83.52000 13.56400 60.42400
17 12 20 22 08 18609.20000 5.26100000 523.81000 83.57000 13.56400 60.42400
17 12 20 22 08 18599.90000 5.26100000 523.78000 83.49000 13.56400 60.42400
17 12 20 22 09 18600.00000 5.26100000 523.32000 83.20000 13.56400 60.42400
17 12 20 22 09 18579.60000 5.26100000 523.36000 83.20000 13.56400 60.42400
17 12 20 22 10 18585.00000 5.26100000 523.03000 83.10000 13.56400 60.42400
17 12 20 22 10 18583.50000 5.26100000 523.02000 83.10000 13.56400 60.42400
17 12 20 22 10 18587.60000 5.26100000 523.02000 83.10000 13.49900 60.42400
17 12 20 22 11 18595.30000 5.26100000 523.10000 83.10000 13.49900 60.42400
17 12 20 22 11 18614.10000 5.26100000 523.25000 83.25000 13.49900 60.42400
17 12 20 22 12 18619.20000 5.26100000 523.48000 83.36000 13.49900 60.42400
17 12 20 22 12 18624.60000 5.26100000 523.44000 83.36000 13.49900 60.42400
17 12 20 22 13 18623.40000 5.26100000 523.40000 83.44000 13.49900 60.57300
17 12 20 22 13 18621.20000 5.26100000 523.59000 83.44000 13.49900 60.57300
17 12 20 22 13 18619.50000 5.26100000 523.68000 83.38000 13.49900 60.57300
17 12 20 22 14 18594.00000 5.26100000 523.67000 83.38000 13.49900 60.57300
17 12 20 22 14 18556.00000 5.26100000 522.96000 83.11000 13.49900 60.57300
17 12 20 22 15 18547.20000 5.26100000 521.68000 82.95000 13.49900 60.57300
17 12 20 22 15 18566.00000 5.26100000 521.80000 83.14000 13.49900 60.57300
17 12 20 22 16 18565.90000 5.26100000 521.80000 83.16000 13.49900 60.57300
17 12 20 22 16 18557.50000 5.26100000 522.27000 83.16000 13.49900 60.57300
17 12 20 22 16 18557.80000 5.25200000 522.35000 83.17000 13.49900 60.57300
17 12 20 22 17 18579.90000 5.25200000 522.76000 83.16000 13.49900 60.57300
17 12 20 22 17 18598.50000 5.25200000 522.99000 83.20000 13.49900 60.57300
17 12 20 22 18 18610.00000 5.25200000 524.10000 83.34000 13.49900 60.57300
17 12 20 22 18 18619.10000 5.25200000 524.39000 83.42000 13.49900 60.80900
17 12 20 22 19 18619.10000 5.25200000 524.39000 83.42000 13.49900 60.71800
17 12 20 22 19 18629.10000 5.25200000 524.50000 83.44000 13.49900 60.71800
17 12 20 22 19 18624.70000 5.25200000 524.50000 83.44000 13.49900 60.71800
17 12 20 22 20 18624.70000 5.25200000 524.49000 83.44000 13.49900 60.71800
17 12 20 22 20 18623.30000 5.25200000 526.00000 83.44000 13.49900 60.71800
17 12 20 22 21 18624.50000 5.25200000 526.00000 83.63000 13.49900 60.76000
17 12 20 22 21 18642.80000 5.25200000 526.03000 83.63000 13.49900 60.66800
17 12 20 22 22 18666.00000 5.25200000 526.01000 83.82000 13.49900 60.66800
17 12 20 22 22 18678.50000 5.25200000 525.92000 83.82000 13.49900 60.66800
17 12 20 22 23 18680.20000 5.25200000 526.05000 83.95000 13.49900 60.66800
17 12 20 22 23 18692.50000 5.26200000 526.16000 84.07000 13.49900 60.66800
17 12 20 22 24 18698.20000 5.26200000 526.33000 84.21000 13.49900 60.66800
17 12 20 22 24 18699.90000 5.26200000 526.33000 84.24000 13.49900 60.66800
