M=[
11 3 21 23 34 48200.20000 10.23000000 1522.12000 167.49000 27.57500 126.73100
11 3 21 23 34 48164.60000 10.23000000 1520.82000 167.49000 27.57500 126.73100
11 3 21 23 35 48223.20000 10.23000000 1522.45000 167.49000 27.57500 126.73100
11 3 21 23 35 48259.30000 10.23000000 1522.45000 167.49000 27.57500 126.73100
11 3 21 23 36 48287.80000 10.23000000 1523.89000 167.49000 27.57500 126.73100
11 3 21 23 36 48269.30000 10.23000000 1523.89000 167.49000 27.57500 126.73100
11 3 21 23 37 48277.30000 10.23000000 1524.90000 167.49000 27.57500 126.73100
11 3 21 23 37 48222.60000 10.23000000 1524.89000 167.49000 27.57500 126.73100
11 3 21 23 37 48159.70000 10.23000000 1522.51000 167.49000 27.57500 126.73100
11 3 21 23 38 48179.80000 10.23000000 1522.98000 167.49000 27.57500 126.73100
11 3 21 23 38 48216.00000 10.23000000 1522.98000 167.49000 27.57500 126.73100
11 3 21 23 39 48216.00000 10.23000000 1523.34000 167.49000 27.57500 126.73100
11 3 21 23 39 48250.50000 10.23000000 1525.50000 167.49000 27.57500 126.73100
11 3 21 23 40 48236.40000 10.23000000 1523.84000 167.49000 27.57500 126.16300
11 3 21 23 40 48247.50000 10.23000000 1523.84000 167.49000 27.57500 126.16300
11 3 21 23 40 48218.40000 10.23000000 1524.80000 167.77000 27.57500 126.16300
11 3 21 23 41 48216.00000 10.23000000 1523.86000 167.77000 27.57500 126.16300
11 3 21 23 41 48169.40000 10.23000000 1522.40000 167.77000 27.57500 126.16300
11 3 21 23 42 48142.00000 10.23000000 1521.01000 167.77000 27.57500 126.16300
11 3 21 23 42 48142.00000 10.23000000 1522.69000 167.77000 27.57500 126.16300
11 3 21 23 43 48193.70000 10.23000000 1522.69000 167.84000 27.57500 126.16300
11 3 21 23 43 48199.90000 10.23000000 1521.81000 167.84000 27.57500 126.16300
11 3 21 23 43 48219.30000 10.23000000 1522.41000 167.84000 27.57500 126.29900
11 3 21 23 44 48150.10000 10.23000000 1521.02000 167.75000 27.57500 126.29900
11 3 21 23 44 48154.60000 10.23000000 1521.02000 167.73000 27.57500 126.29900
11 3 21 23 45 48164.40000 10.23000000 1521.23000 167.63000 27.57500 126.29900
11 3 21 23 45 48186.40000 10.23000000 1521.24000 167.63000 27.57500 126.29900
11 3 21 23 46 48206.40000 10.23000000 1521.91000 167.98000 27.57500 126.29900
11 3 21 23 46 48212.00000 10.23000000 1522.90000 167.91000 27.57500 126.29900
11 3 21 23 46 48205.30000 10.23000000 1523.85000 167.91000 27.57500 126.29900
11 3 21 23 47 48206.60000 10.23000000 1523.45000 167.91000 27.57500 126.29900
11 3 21 23 47 48218.20000 10.23000000 1523.66000 167.94000 27.57500 126.15600
11 3 21 23 48 48227.90000 10.23000000 1523.66000 168.15000 27.57500 126.33100
11 3 21 23 48 48219.30000 10.23000000 1524.22000 168.07000 27.57500 126.33100
11 3 21 23 49 48237.30000 10.23000000 1523.66000 167.94000 27.57500 126.33100
11 3 21 23 49 48235.10000 10.23000000 1523.27000 167.94000 27.57500 126.33100
11 3 21 23 49 48201.90000 10.23000000 1521.98000 167.94000 27.57500 126.33100
11 3 21 23 50 48191.80000 10.23000000 1522.36000 167.77000 27.57500 126.33100
11 3 21 23 50 48215.70000 10.23000000 1523.15000 167.73000 27.57500 126.33100
11 3 21 23 51 48215.70000 10.23000000 1522.99000 167.87000 27.57500 126.33100
11 3 21 23 51 48220.50000 10.23000000 1522.99000 167.87000 27.57500 126.33100
11 3 21 23 52 48230.00000 10.23000000 1522.99000 167.87000 27.52900 126.65000
11 3 21 23 52 48229.90000 10.23000000 1523.60000 167.87000 27.40100 126.65000
11 3 21 23 52 48225.70000 10.23000000 1523.60000 167.87000 27.40100 126.65000
11 3 21 23 53 48214.10000 10.23000000 1523.60000 167.91000 27.40100 126.65000
11 3 21 23 53 48150.00000 10.23000000 1521.04000 167.72000 27.40100 126.65000
11 3 21 23 54 48123.50000 10.23000000 1519.99000 167.72000 27.40100 126.65000
11 3 21 23 54 48164.70000 10.21600000 1521.67000 167.72000 27.40100 126.65000
11 3 21 23 55 48172.40000 10.21600000 1522.42000 167.72000 27.40100 126.65000
11 3 21 23 55 48137.70000 10.21600000 1521.46000 167.72000 27.53600 126.65000
11 3 21 23 55 48119.20000 10.21600000 1521.48000 167.72000 27.53800 126.65000
11 3 21 23 56 48163.40000 10.21600000 1521.76000 167.72000 27.53800 126.65000
11 3 21 23 56 48172.50000 10.21600000 1522.45000 167.72000 27.53800 126.65000
11 3 21 23 57 48199.90000 10.21600000 1522.59000 167.79000 27.53800 126.65000
11 3 21 23 57 48168.40000 10.21600000 1521.45000 167.58000 27.53800 126.65000
11 3 21 23 58 48175.00000 10.21600000 1520.68000 167.74000 27.53800 126.65000
11 3 21 23 58 48182.00000 10.21600000 1522.26000 167.74000 27.53800 126.65000
11 3 21 23 58 48185.10000 10.21600000 1522.34000 167.74000 27.53800 126.65000
11 3 21 23 59 48185.10000 10.22000000 1522.07000 167.86000 27.40300 126.48200
11 3 21 23 59 48185.20000 10.22000000 1522.27000 167.91000 27.40300 126.48200
12 3 21 00 00 48253.60000 10.22000000 1526.00000 168.18000 27.40300 126.48200
12 3 21 00 00 48290.00000 10.22000000 1529.18000 168.65000 27.40300 126.48200
12 3 21 00 01 48269.70000 10.22000000 1526.80000 168.76000 27.40300 126.48200
12 3 21 00 01 48328.90000 10.22000000 1529.34000 168.76000 27.40300 126.48200
12 3 21 00 01 48311.80000 10.22000000 1529.69000 168.76000 27.40300 126.48200
12 3 21 00 02 48357.00000 10.22000000 1530.00000 169.10000 27.40300 127.52000
12 3 21 00 02 48338.70000 10.22000000 1530.69000 169.10000 27.40300 127.52000
12 3 21 00 03 48347.10000 10.22000000 1533.24000 169.25000 27.40300 127.32300
12 3 21 00 03 48388.90000 10.22000000 1534.89000 169.25000 27.40300 127.32300
12 3 21 00 04 48395.10000 10.22000000 1534.99000 169.51000 27.40300 127.32300
12 3 21 00 04 48283.50000 10.22000000 1532.68000 169.51000 27.40300 127.32300
12 3 21 00 04 48295.90000 10.22000000 1529.93000 168.69000 27.40300 127.32300
12 3 21 00 05 48322.30000 10.22000000 1529.57000 168.53000 27.40300 127.28000
12 3 21 00 05 48073.80000 10.22000000 1526.14000 168.11000 27.40300 127.28000
12 3 21 00 06 48219.70000 10.22000000 1526.16000 168.21000 27.40300 127.06600
12 3 21 00 06 48147.20000 10.22000000 1524.73000 168.21000 27.40300 127.06600
12 3 21 00 07 48171.50000 10.22000000 1526.25000 168.28000 27.40300 127.06600
12 3 21 00 07 48142.10000 10.22000000 1525.42000 168.28000 27.40300 127.06600
12 3 21 00 07 48162.80000 10.22000000 1524.77000 168.28000 27.40300 127.06600
12 3 21 00 08 48113.00000 10.22000000 1523.23000 167.99000 27.40300 127.06600
12 3 21 00 08 48043.20000 10.22000000 1520.90000 167.47000 27.40300 126.62300
12 3 21 00 09 47975.00000 10.22000000 1520.89000 167.44000 27.40300 126.62300
12 3 21 00 09 47969.20000 10.20000000 1519.26000 167.44000 27.40300 126.62300
12 3 21 00 10 48066.30000 10.20000000 1521.29000 167.44000 27.40300 126.62300
12 3 21 00 10 48066.00000 10.20000000 1521.29000 167.57000 27.40300 126.62300
12 3 21 00 10 48104.30000 10.20000000 1522.97000 167.57000 27.40300 126.62300
12 3 21 00 11 48099.00000 10.20000000 1523.00000 167.77000 27.40300 126.62300
12 3 21 00 11 48098.90000 10.20000000 1523.00000 167.93000 27.40300 126.62300
12 3 21 00 12 48099.00000 10.20000000 1523.42000 167.93000 27.40300 126.62300
12 3 21 00 12 48113.90000 10.20000000 1523.54000 167.82000 27.40300 126.62300
12 3 21 00 13 48103.30000 10.20000000 1522.77000 167.82000 27.40300 126.62300
12 3 21 00 13 48100.00000 10.20000000 1521.82000 167.82000 27.40300 126.62300
12 3 21 00 13 48112.00000 10.19300000 1521.97000 167.82000 27.40300 126.62300
12 3 21 00 14 48103.40000 10.19300000 1522.13000 167.82000 27.40300 126.62300
12 3 21 00 14 48162.80000 10.19300000 1523.64000 167.82000 27.40300 126.62300
12 3 21 00 15 48162.70000 10.19300000 1524.63000 167.82000 27.40300 126.46700
12 3 21 00 15 48213.00000 10.19300000 1525.81000 168.31000 27.40300 126.46700
12 3 21 00 16 48224.60000 10.19300000 1525.82000 168.43000 27.40300 126.46700
12 3 21 00 16 48251.80000 10.19300000 1527.39000 168.50000 27.40300 126.46700
12 3 21 00 16 48187.00000 10.19300000 1527.39000 168.50000 27.40300 127.33600
12 3 21 00 17 48174.60000 10.19300000 1526.38000 168.32000 27.40300 127.33600
12 3 21 00 17 48141.10000 10.19300000 1523.90000 168.32000 27.40300 127.33600
