M=[
13 11 20 19 41 13789.10000 4.32800000 401.42000 55.13000 13.42700 55.11500
13 11 20 19 41 13790.10000 4.32800000 401.34000 55.04000 13.42700 55.11500
13 11 20 19 41 13789.90000 4.32800000 401.34000 55.04000 13.42700 55.15800
13 11 20 19 42 13784.40000 4.32800000 401.42000 55.04000 13.42700 55.15800
13 11 20 19 42 13787.10000 4.32800000 401.40000 55.04000 13.42700 55.17500
13 11 20 19 43 13787.30000 4.32800000 401.52000 55.04000 13.42700 55.17500
13 11 20 19 43 13789.20000 4.32800000 401.52000 55.04000 13.42700 55.17500
13 11 20 19 44 13789.30000 4.32800000 401.52000 55.02000 13.42700 55.17500
13 11 20 19 44 13792.80000 4.32800000 401.56000 55.14000 13.42700 55.17500
13 11 20 19 44 13789.40000 4.32800000 401.78000 55.14000 13.42700 55.17500
13 11 20 19 45 13790.30000 4.32800000 401.55000 55.13000 13.42700 55.19800
13 11 20 19 45 13789.20000 4.32800000 401.66000 55.18000 13.42700 55.17500
13 11 20 19 46 13790.30000 4.33300000 401.65000 55.18000 13.42700 55.17500
13 11 20 19 46 13791.60000 4.33300000 401.66000 55.18000 13.42700 55.17500
13 11 20 19 47 13790.20000 4.33300000 401.36000 55.18000 13.42700 55.17500
13 11 20 19 47 13792.00000 4.33300000 401.27000 55.18000 13.42700 55.17500
13 11 20 19 47 13793.70000 4.33300000 401.27000 55.11000 13.42700 55.17500
13 11 20 19 48 13793.70000 4.33300000 401.23000 55.11000 13.42700 55.26800
13 11 20 19 48 13793.80000 4.33300000 401.42000 55.19000 13.42700 55.26800
13 11 20 19 49 13793.70000 4.33300000 401.26000 55.19000 13.42700 55.26800
13 11 20 19 49 13793.10000 4.33300000 401.25000 55.28000 13.42700 55.26800
13 11 20 19 50 13792.90000 4.33300000 401.25000 55.21000 13.42700 55.26800
13 11 20 19 50 13791.70000 4.33300000 400.56000 55.19000 13.42700 55.26800
13 11 20 19 50 13791.70000 4.33300000 400.60000 55.18000 13.42700 55.17500
13 11 20 19 51 13787.60000 4.33300000 400.20000 55.16000 13.42700 55.17500
13 11 20 19 51 13787.70000 4.33300000 400.31000 55.16000 13.57400 55.17500
13 11 20 19 52 13787.70000 4.33300000 400.46000 55.16000 13.57400 55.17500
13 11 20 19 52 13787.70000 4.33300000 400.54000 55.16000 13.57400 55.17500
13 11 20 19 53 13787.70000 4.33300000 400.52000 55.18000 13.57400 55.17500
13 11 20 19 53 13787.60000 4.33300000 400.64000 55.18000 13.57400 55.17500
13 11 20 19 53 13787.70000 4.33300000 400.70000 55.18000 13.57400 55.17500
13 11 20 19 54 13787.60000 4.33400000 400.94000 55.18000 13.57400 55.17500
13 11 20 19 54 13787.70000 4.33400000 400.94000 55.18000 13.57400 55.17500
13 11 20 19 55 13787.60000 4.33400000 400.94000 55.21000 13.57400 55.17500
13 11 20 19 55 13787.60000 4.33400000 400.94000 55.21000 13.57400 55.17500
13 11 20 19 56 13787.70000 4.33400000 401.25000 55.21000 13.57400 55.17500
13 11 20 19 56 13787.70000 4.33400000 401.25000 55.21000 13.57400 55.17500
13 11 20 19 56 13787.70000 4.33400000 401.01000 55.21000 13.57400 55.17500
13 11 20 19 57 13786.30000 4.33400000 400.96000 55.22000 13.57400 55.17500
13 11 20 19 57 13785.20000 4.33400000 401.00000 55.19000 13.57400 55.17500
13 11 20 19 58 13780.00000 4.33400000 401.00000 55.22000 13.57400 55.17500
13 11 20 19 58 13783.00000 4.33400000 401.05000 55.18000 13.57400 55.17500
13 11 20 19 59 13786.30000 4.33400000 401.00000 55.18000 13.57400 55.17500
13 11 20 19 59 13786.40000 4.33400000 401.00000 55.18000 13.57400 55.17500
13 11 20 19 59 13786.30000 4.33400000 401.01000 55.18000 13.57400 55.17500
13 11 20 20 00 13786.30000 4.33400000 401.01000 55.18000 13.57400 55.17500
13 11 20 20 00 13786.30000 4.33400000 400.43000 55.17000 13.57400 55.40000
13 11 20 20 01 13786.40000 4.33400000 400.68000 55.17000 13.57400 55.40000
13 11 20 20 01 13785.70000 4.33400000 400.68000 55.17000 13.57400 55.40000
13 11 20 20 02 13784.40000 4.33400000 400.68000 55.17000 13.57400 55.40000
13 11 20 20 02 13785.60000 4.33400000 400.75000 55.17000 13.57400 55.40000
13 11 20 20 02 13785.50000 4.33400000 400.75000 55.34000 13.57400 55.40000
13 11 20 20 03 13785.60000 4.33400000 400.84000 55.34000 13.57400 55.40000
13 11 20 20 03 13782.90000 4.33400000 400.50000 55.33000 13.57400 55.40000
13 11 20 20 04 13781.60000 4.33400000 400.50000 55.33000 13.57400 55.40000
13 11 20 20 04 13780.00000 4.33400000 400.50000 55.33000 13.57400 55.39500
13 11 20 20 05 13780.00000 4.33400000 400.50000 55.33000 13.57400 55.39500
13 11 20 20 05 13780.00000 4.31600000 400.46000 55.33000 13.57400 55.39500
13 11 20 20 05 13774.00000 4.31600000 400.22000 55.32000 13.57400 55.39500
13 11 20 20 06 13774.30000 4.31600000 400.13000 55.32000 13.57400 55.44600
13 11 20 20 06 13774.20000 4.31600000 400.28000 55.32000 13.57400 55.44600
13 11 20 20 07 13774.20000 4.31600000 400.44000 55.32000 13.57400 55.44600
13 11 20 20 07 13774.30000 4.31600000 400.21000 55.32000 13.57400 55.44600
13 11 20 20 08 13771.10000 4.31600000 400.21000 55.32000 13.57400 55.41200
13 11 20 20 08 13770.40000 4.31600000 400.27000 55.31000 13.57400 55.38300
13 11 20 20 08 13771.10000 4.31600000 400.14000 55.28000 13.57400 55.37500
13 11 20 20 09 13768.70000 4.31600000 399.97000 55.28000 13.57400 55.37500
13 11 20 20 09 13768.10000 4.31600000 399.95000 55.28000 13.57400 55.37500
13 11 20 20 10 13771.10000 4.31600000 399.94000 55.28000 13.63200 55.47000
13 11 20 20 10 13771.10000 4.31600000 399.94000 55.22000 13.63200 55.47000
13 11 20 20 11 13771.10000 4.31600000 399.94000 55.20000 13.63200 55.47000
13 11 20 20 11 13769.10000 4.31600000 399.99000 55.21000 13.63200 55.47000
13 11 20 20 11 13767.00000 4.31600000 399.99000 55.21000 13.63200 55.47000
13 11 20 20 12 13767.50000 4.31600000 399.99000 55.18000 13.63200 55.47000
13 11 20 20 12 13764.30000 4.31600000 399.99000 55.18000 13.63200 55.47000
13 11 20 20 13 13765.60000 4.31600000 399.94000 55.18000 13.63200 55.37400
13 11 20 20 13 13763.80000 4.31600000 399.91000 55.17000 13.63200 55.37400
13 11 20 20 14 13755.20000 4.31600000 399.91000 55.17000 13.63200 55.21100
13 11 20 20 14 13765.90000 4.31600000 399.91000 55.17000 13.63200 55.21100
13 11 20 20 14 13760.60000 4.31600000 399.91000 55.17000 13.63200 55.21100
13 11 20 20 15 13760.60000 4.31600000 400.07000 55.17000 13.63200 55.21100
13 11 20 20 15 13758.00000 4.31600000 399.97000 55.17000 13.63200 55.21100
13 11 20 20 16 13753.90000 4.31600000 399.97000 55.17000 13.63200 55.21100
13 11 20 20 16 13753.80000 4.31600000 399.96000 55.17000 13.63200 55.21100
13 11 20 20 17 13753.20000 4.31600000 399.96000 55.13000 13.63200 55.21100
13 11 20 20 17 13751.10000 4.31600000 399.95000 55.14000 13.63200 55.21100
13 11 20 20 17 13751.10000 4.31600000 400.00000 55.14000 13.64100 55.21100
13 11 20 20 18 13751.90000 4.31600000 399.99000 55.14000 13.64100 55.21100
13 11 20 20 18 13752.00000 4.31600000 399.98000 55.14000 13.64100 55.21100
13 11 20 20 19 13752.00000 4.31600000 400.00000 55.14000 13.64100 55.21100
13 11 20 20 19 13752.00000 4.31600000 400.41000 55.22000 13.64100 55.21100
13 11 20 20 20 13752.00000 4.31600000 400.48000 55.20000 13.64100 55.21100
13 11 20 20 20 13752.00000 4.31600000 400.50000 55.20000 13.64100 55.27000
13 11 20 20 20 13752.00000 4.31600000 400.03000 55.14000 13.64100 55.27000
13 11 20 20 21 13752.00000 4.31600000 400.06000 55.14000 13.64100 55.27000
13 11 20 20 21 13752.00000 4.31600000 399.96000 55.14000 13.64100 55.27000
13 11 20 20 22 13751.90000 4.31600000 400.07000 55.16000 13.64100 55.27000
13 11 20 20 22 13752.00000 4.31600000 400.07000 55.16000 13.64100 55.27000
13 11 20 20 23 13750.90000 4.29700000 399.95000 55.16000 13.64100 55.27000
13 11 20 20 23 13740.00000 4.29700000 399.95000 55.11000 13.64100 55.27000
13 11 20 20 23 13740.00000 4.29700000 399.86000 55.11000 13.64100 55.27000
13 11 20 20 24 13740.00000 4.29700000 399.69000 55.10000 13.64100 55.27000
13 11 20 20 24 13740.00000 4.29700000 399.69000 55.10000 13.64100 55.27000
13 11 20 20 25 13739.90000 4.29700000 399.64000 55.10000 13.64100 55.27000
13 11 20 20 25 13740.00000 4.29700000 399.64000 55.10000 13.64100 55.27000
13 11 20 20 26 13739.90000 4.29700000 399.84000 55.10000 13.64100 55.27000
