M=[
 3 10 20 01 56 9006.30000 4.83400000 294.83000 38.41000 11.52000 54.30000
 3 10 20 01 56 9005.80000 4.83400000 294.83000 38.41000 11.52000 54.30000
 3 10 20 01 57 9005.80000 4.83400000 294.83000 38.41000 11.52000 54.30000
 3 10 20 01 57 9005.80000 4.83400000 294.83000 38.41000 11.52000 54.30000
 3 10 20 01 58 9005.80000 4.83400000 294.83000 38.41000 11.52000 54.30000
 3 10 20 01 58 9005.80000 4.83400000 294.83000 38.41000 11.52000 54.30000
 3 10 20 01 58 9008.80000 4.83400000 294.83000 38.41000 11.52000 54.30000
 3 10 20 01 59 9010.60000 4.83400000 294.83000 38.41000 11.52000 54.30000
 3 10 20 01 59 9012.30000 4.83400000 295.04000 38.41000 11.52000 54.30000
 3 10 20 02 00 9012.30000 4.83400000 295.40000 38.41000 11.52000 54.30000
 3 10 20 02 00 9012.30000 4.83400000 295.86000 38.41000 11.52000 54.30000
 3 10 20 02 01 9012.30000 4.83400000 295.95000 38.41000 11.52000 54.30000
 3 10 20 02 01 9012.30000 4.83400000 295.95000 38.41000 11.52000 54.30000
 3 10 20 02 01 9012.30000 4.83400000 296.00000 38.50000 11.52000 54.30000
 3 10 20 02 02 9013.90000 4.83400000 296.00000 38.50000 11.52000 54.30000
 3 10 20 02 02 9015.40000 4.83400000 296.00000 38.50000 11.52000 54.30000
 3 10 20 02 03 9016.40000 4.83400000 296.00000 38.50000 11.52000 54.30000
 3 10 20 02 03 9015.40000 4.83400000 296.00000 38.50000 11.52000 54.30000
 3 10 20 02 04 9015.40000 4.83400000 295.96000 38.50000 11.52000 54.30000
 3 10 20 02 04 9015.40000 4.83400000 295.96000 38.50000 11.52000 54.30000
 3 10 20 02 04 9015.40000 4.83400000 295.96000 38.50000 11.52000 54.30000
 3 10 20 02 05 9013.10000 4.83400000 295.96000 38.50000 11.52000 54.30000
 3 10 20 02 05 9014.00000 4.83400000 295.96000 38.50000 11.52000 54.30000
 3 10 20 02 06 9014.00000 4.83400000 296.00000 38.50000 11.52000 54.30000
 3 10 20 02 06 9014.80000 4.83400000 296.00000 38.50000 11.57000 54.30000
 3 10 20 02 07 9014.80000 4.83400000 296.00000 38.50000 11.57000 54.30000
 3 10 20 02 07 9014.80000 4.83400000 296.00000 38.50000 11.57000 54.30000
 3 10 20 02 07 9014.80000 4.83400000 296.00000 38.50000 11.57000 54.30000
 3 10 20 02 08 9014.90000 4.83400000 296.00000 38.50000 11.57000 54.30000
 3 10 20 02 08 9014.90000 4.83400000 296.00000 38.50000 11.57000 54.30000
 3 10 20 02 09 9009.70000 4.83400000 296.00000 38.50000 11.57000 54.30000
 3 10 20 02 09 9009.70000 4.83400000 296.00000 38.50000 11.57000 54.30000
 3 10 20 02 10 9010.50000 4.83400000 296.00000 38.50000 11.57000 54.30000
 3 10 20 02 10 9013.00000 4.83400000 296.00000 38.50000 11.57000 54.30000
 3 10 20 02 10 9013.00000 4.83400000 296.00000 38.50000 11.57000 54.30000
 3 10 20 02 11 9013.00000 4.83400000 296.00000 38.50000 11.57000 54.30000
 3 10 20 02 11 9011.40000 4.83400000 296.00000 38.50000 11.62600 54.30000
 3 10 20 02 12 9011.40000 4.83400000 296.00000 38.50000 11.62600 54.30000
 3 10 20 02 12 9011.40000 4.83400000 296.00000 38.50000 11.62600 54.30000
 3 10 20 02 13 9006.90000 4.83400000 295.74000 38.50000 11.62600 54.30000
 3 10 20 02 13 9006.90000 4.83400000 295.74000 38.50000 11.62600 54.30000
 3 10 20 02 14 9006.90000 4.83400000 295.74000 38.50000 11.63700 54.30000
 3 10 20 02 14 9004.90000 4.83400000 295.74000 38.50000 11.63700 54.30000
 3 10 20 02 14 9006.50000 4.83400000 295.78000 38.50000 11.63700 54.30000
 3 10 20 02 15 9006.50000 4.83400000 295.78000 38.50000 11.63700 54.30000
 3 10 20 02 15 9011.20000 4.83400000 295.97000 38.50000 11.63700 54.30000
 3 10 20 02 16 9012.90000 4.83400000 295.97000 38.50000 11.63700 54.30000
 3 10 20 02 16 9012.90000 4.83400000 295.97000 38.50000 11.63700 54.30000
 3 10 20 02 17 9002.90000 4.83400000 296.00000 38.50000 11.63700 54.30000
 3 10 20 02 17 9002.90000 4.83400000 296.00000 38.50000 11.63700 54.30000
 3 10 20 02 17 9001.10000 4.83400000 296.00000 38.50000 11.63700 54.30000
 3 10 20 02 18 9003.10000 4.83400000 296.00000 38.50000 11.63700 54.30000
 3 10 20 02 18 9003.10000 4.83400000 295.98000 38.50000 11.63700 54.30000
 3 10 20 02 19 9002.80000 4.83400000 295.98000 38.50000 11.63700 54.30000
 3 10 20 02 19 9002.80000 4.83400000 295.98000 38.50000 11.63700 54.30000
 3 10 20 02 20 9002.80000 4.83400000 295.98000 38.50000 11.63700 54.30000
 3 10 20 02 20 9001.60000 4.83400000 295.71000 38.50000 11.63700 54.30000
 3 10 20 02 20 9004.80000 4.83400000 295.71000 38.50000 11.63700 54.30000
 3 10 20 02 21 9006.30000 4.83400000 295.71000 38.50000 11.63700 54.30000
 3 10 20 02 21 9006.30000 4.83400000 295.71000 38.50000 11.63700 54.30000
 3 10 20 02 22 9004.20000 4.83400000 295.71000 38.50000 11.63700 54.30000
 3 10 20 02 22 9004.20000 4.83400000 295.71000 38.50000 11.63700 54.30000
 3 10 20 02 23 9006.50000 4.83400000 295.71000 38.50000 11.63700 54.30000
 3 10 20 02 23 9006.50000 4.83400000 295.71000 38.50000 11.63700 53.95700
 3 10 20 02 23 9006.50000 4.83400000 295.70000 38.50000 11.63700 53.78900
 3 10 20 02 24 9006.50000 4.83400000 295.70000 38.50000 11.63700 53.78900
 3 10 20 02 24 9006.50000 4.83400000 295.70000 38.50000 11.63700 53.78900
 3 10 20 02 25 9003.40000 4.83400000 295.52000 38.50000 11.63700 53.78900
 3 10 20 02 25 9003.40000 4.83400000 295.52000 38.50000 11.63700 53.78900
 3 10 20 02 26 9003.40000 4.83400000 295.52000 38.50000 11.63700 53.78900
 3 10 20 02 26 9004.20000 4.83400000 295.52000 38.50000 11.63700 53.78900
 3 10 20 02 26 9008.50000 4.83400000 295.52000 38.50000 11.63700 53.78900
 3 10 20 02 27 9008.40000 4.83400000 295.52000 38.50000 11.63700 53.78900
 3 10 20 02 27 9008.40000 4.83400000 295.52000 38.50000 11.63700 53.78900
 3 10 20 02 28 9004.60000 4.83400000 295.52000 38.50000 11.63700 53.78900
 3 10 20 02 28 9005.00000 4.83400000 295.52000 38.50000 11.63700 53.78900
 3 10 20 02 29 9006.40000 4.83400000 295.52000 38.50000 11.63700 53.81600
 3 10 20 02 29 9006.50000 4.83400000 295.51000 38.50000 11.63700 53.81600
 3 10 20 02 29 9006.50000 4.83400000 295.51000 38.50000 11.63700 53.81600
 3 10 20 02 30 9004.00000 4.83400000 295.51000 38.50000 11.63700 53.81600
 3 10 20 02 30 9006.60000 4.83400000 295.51000 38.50000 11.63700 53.96800
 3 10 20 02 31 9007.40000 4.83400000 295.61000 38.50000 11.63700 53.96800
 3 10 20 02 31 9009.80000 4.83400000 295.61000 38.50000 11.63700 53.96800
 3 10 20 02 32 9009.40000 4.83400000 295.61000 38.50000 11.63700 53.96800
 3 10 20 02 32 9009.40000 4.83400000 295.61000 38.50000 11.63700 53.99000
 3 10 20 02 32 9007.70000 4.83400000 295.51000 38.50000 11.63700 53.99000
 3 10 20 02 33 9008.50000 4.83400000 295.51000 38.50000 11.63700 53.99000
 3 10 20 02 33 9008.50000 4.83400000 295.51000 38.50000 11.63700 54.09000
 3 10 20 02 34 9008.60000 4.83400000 295.51000 38.50000 11.63700 54.09000
 3 10 20 02 34 9009.90000 4.83400000 295.51000 38.50000 11.63700 54.09000
 3 10 20 02 35 9009.90000 4.83400000 295.49000 38.50000 11.63700 54.09000
 3 10 20 02 35 9009.90000 4.83400000 295.49000 38.50000 11.63700 54.09000
 3 10 20 02 35 9010.00000 4.83400000 295.49000 38.50000 11.63700 54.09000
 3 10 20 02 36 9010.00000 4.83400000 295.49000 38.50000 11.63700 54.09000
 3 10 20 02 36 9010.00000 4.83400000 295.49000 38.50000 11.63700 54.09000
 3 10 20 02 37 9011.00000 4.83400000 295.49000 38.50000 11.63700 54.09000
 3 10 20 02 37 9011.70000 4.83400000 295.49000 38.50000 11.63700 54.09000
 3 10 20 02 38 9011.70000 4.83400000 295.49000 38.50000 11.63700 54.09000
 3 10 20 02 38 9011.70000 4.83400000 295.49000 38.50000 11.63700 54.09000
 3 10 20 02 39 9013.20000 4.83400000 295.49000 38.50000 11.63700 54.09000
 3 10 20 02 39 9013.20000 4.83400000 295.49000 38.50000 11.63700 54.09000
 3 10 20 02 39 9013.20000 4.83400000 295.49000 38.50000 11.63700 54.09000
 3 10 20 02 40 9013.30000 4.83400000 295.49000 38.50000 11.63700 54.09000
 3 10 20 02 40 9013.30000 4.83400000 295.34000 38.50000 11.63700 54.09000
 3 10 20 02 41 9013.20000 4.81000000 295.34000 38.50000 11.63700 54.09000
 3 10 20 02 41 9013.20000 4.81000000 295.34000 38.50000 11.63700 54.09000
 3 10 20 02 42 9013.20000 4.81000000 295.34000 38.50000 11.63700 54.09000
 3 10 20 02 42 9013.30000 4.79900000 295.34000 38.50000 11.63700 54.09000
