M=[
13 9 20 10 02 8871.90000 4.55900000 322.20000 42.36000 15.71900 54.23700
13 9 20 10 02 8871.90000 4.55900000 322.96000 42.36000 15.71900 54.23700
13 9 20 10 03 8872.00000 4.55900000 322.88000 42.36000 15.71900 54.24900
13 9 20 10 03 8872.00000 4.55900000 322.60000 42.36000 15.71900 54.24900
13 9 20 10 04 8872.00000 4.55900000 322.64000 42.36000 15.71900 54.24900
13 9 20 10 04 8871.90000 4.55900000 322.59000 42.36000 15.71900 54.24900
13 9 20 10 04 8872.10000 4.55900000 322.79000 42.36000 15.71900 54.24900
13 9 20 10 05 8872.10000 4.55900000 322.19000 42.36000 15.71900 54.24900
13 9 20 10 05 8872.10000 4.55900000 322.01000 42.36000 15.70400 54.16200
13 9 20 10 06 8872.10000 4.55900000 322.01000 42.36000 15.70400 54.16200
13 9 20 10 06 8872.10000 4.55900000 322.01000 42.35000 15.70400 54.16200
13 9 20 10 07 8872.10000 4.55900000 322.02000 42.28000 15.70400 54.16200
13 9 20 10 07 8872.10000 4.55900000 322.54000 42.28000 15.70400 54.16200
13 9 20 10 08 8871.60000 4.55900000 322.20000 42.28000 15.70400 54.16200
13 9 20 10 08 8870.40000 4.55900000 322.12000 42.28000 15.70400 54.16200
13 9 20 10 08 8870.30000 4.55900000 322.00000 42.28000 15.70400 54.16200
13 9 20 10 09 8857.10000 4.55900000 320.79000 42.27000 15.64200 54.00000
13 9 20 10 09 8857.10000 4.55900000 320.50000 42.14000 15.64200 54.00000
13 9 20 10 10 8857.60000 4.50000000 320.65000 42.18000 15.64200 54.00000
13 9 20 10 10 8866.90000 4.50000000 320.99000 42.18000 15.64200 54.00000
13 9 20 10 11 8867.00000 4.50000000 321.00000 42.30000 15.64200 54.00000
13 9 20 10 11 8867.00000 4.50000000 321.00000 42.30000 15.64200 54.00000
13 9 20 10 11 8860.00000 4.50000000 320.63000 42.30000 15.64200 54.00000
13 9 20 10 12 8860.00000 4.50000000 320.27000 42.30000 15.64200 54.00000
13 9 20 10 12 8857.00000 4.50000000 320.27000 42.30000 15.64200 54.00000
13 9 20 10 13 8857.00000 4.50000000 320.68000 42.30000 15.64200 54.00000
13 9 20 10 13 8857.10000 4.50000000 319.99000 42.30000 15.64200 54.00000
13 9 20 10 14 8857.70000 4.50000000 320.00000 42.30000 15.66000 54.00000
13 9 20 10 14 8850.70000 4.50000000 319.74000 42.30000 15.66000 54.00000
13 9 20 10 15 8850.10000 4.52800000 320.28000 42.24000 15.66000 54.00000
13 9 20 10 15 8850.00000 4.52800000 320.30000 42.24000 15.66000 54.00000
13 9 20 10 16 8841.60000 4.52800000 320.00000 42.24000 15.66000 53.95400
13 9 20 10 16 8845.40000 4.52800000 320.07000 42.24000 15.66000 53.95400
13 9 20 10 17 8845.40000 4.52800000 320.50000 42.23000 15.66000 53.95400
13 9 20 10 17 8850.90000 4.52800000 321.16000 42.23000 15.66000 53.95400
13 9 20 10 17 8850.90000 4.52800000 320.89000 42.23000 15.66000 53.95400
13 9 20 10 18 8851.00000 4.52800000 320.48000 42.23000 15.66000 53.95400
13 9 20 10 18 8851.10000 4.52800000 320.64000 42.23000 15.66000 53.95400
13 9 20 10 19 8851.20000 4.52800000 321.02000 42.31000 15.66000 53.95400
13 9 20 10 19 8851.30000 4.52800000 321.02000 42.31000 15.63600 54.11200
13 9 20 10 20 8854.60000 4.52800000 320.96000 42.31000 15.63600 54.11200
13 9 20 10 20 8855.90000 4.52800000 321.05000 42.22000 15.55000 54.11200
13 9 20 10 20 8857.40000 4.52800000 321.01000 42.22000 15.55000 54.11200
13 9 20 10 21 8854.60000 4.52800000 321.11000 42.21000 15.55000 54.11200
13 9 20 10 21 8854.30000 4.52800000 320.95000 42.21000 15.55000 54.18100
13 9 20 10 22 8854.30000 4.52800000 320.85000 42.21000 15.55000 54.18100
13 9 20 10 22 8854.30000 4.52800000 320.85000 42.21000 15.55000 54.18100
13 9 20 10 23 8854.30000 4.52800000 320.76000 42.21000 15.55000 54.03500
13 9 20 10 23 8854.20000 4.52800000 320.74000 42.21000 15.55000 54.03500
13 9 20 10 24 8849.20000 4.52800000 320.55000 42.21000 15.55000 54.03500
13 9 20 10 24 8843.30000 4.53300000 320.09000 42.12000 15.55000 54.03500
13 9 20 10 24 8847.60000 4.53300000 320.34000 42.10000 15.55000 54.03500
13 9 20 10 25 8853.60000 4.53300000 320.71000 42.10000 15.55000 54.03500
13 9 20 10 25 8856.10000 4.53300000 321.00000 42.10000 15.55000 54.03500
13 9 20 10 26 8856.10000 4.53300000 320.95000 42.10000 15.55000 54.15100
13 9 20 10 26 8857.20000 4.48500000 320.95000 42.10000 15.55000 54.15100
13 9 20 10 27 8853.50000 4.48500000 320.66000 42.10000 15.55000 54.15100
13 9 20 10 27 8853.40000 4.48500000 320.61000 42.10000 15.55000 54.15100
13 9 20 10 27 8853.50000 4.48500000 320.25000 42.10000 15.55000 54.15100
13 9 20 10 28 8848.80000 4.48500000 319.96000 42.10000 15.55000 54.15100
13 9 20 10 28 8847.30000 4.48000000 319.13000 42.09000 15.55000 54.15100
13 9 20 10 29 8846.80000 4.48000000 319.25000 42.09000 15.55000 54.15100
13 9 20 10 29 8846.70000 4.48000000 319.02000 42.09000 15.55000 54.15100
13 9 20 10 30 8846.70000 4.48400000 318.50000 42.09000 15.55000 54.15100
13 9 20 10 30 8846.70000 4.48400000 319.41000 42.09000 15.55000 54.15100
13 9 20 10 31 8851.00000 4.48400000 319.61000 42.09000 15.55000 54.15100
13 9 20 10 31 8851.10000 4.48400000 319.60000 42.15000 15.55000 54.15100
13 9 20 10 32 8855.60000 4.48400000 319.88000 42.15000 15.55000 54.15100
13 9 20 10 32 8855.80000 4.48400000 319.88000 42.15000 15.55000 54.15100
13 9 20 10 32 8855.80000 4.48400000 319.88000 42.15000 15.55000 54.15100
13 9 20 10 33 8853.10000 4.48400000 319.88000 42.15000 15.55000 54.15100
13 9 20 10 33 8853.70000 4.48400000 319.54000 42.18000 15.55000 54.15100
13 9 20 10 34 8851.20000 4.48400000 319.48000 42.18000 15.55000 54.15100
13 9 20 10 34 8851.20000 4.48400000 319.88000 42.18000 15.55000 54.15100
13 9 20 10 35 8851.20000 4.48400000 319.53000 42.14000 15.55000 54.15100
13 9 20 10 35 8851.10000 4.48400000 319.69000 42.14000 15.55000 54.15100
13 9 20 10 35 8851.10000 4.48400000 319.84000 42.17000 15.55000 54.07100
13 9 20 10 36 8851.20000 4.48400000 319.91000 42.17000 15.55000 54.07100
13 9 20 10 36 8854.10000 4.48400000 320.30000 42.17000 15.55000 54.07100
13 9 20 10 37 8854.10000 4.48400000 320.30000 42.22000 15.54000 54.07100
13 9 20 10 37 8858.10000 4.48400000 320.30000 42.22000 15.54000 54.07100
13 9 20 10 38 8858.10000 4.48400000 320.52000 42.22000 15.54000 54.07100
13 9 20 10 38 8861.10000 4.48400000 320.98000 42.22000 15.54000 54.07100
13 9 20 10 38 8863.10000 4.48400000 320.85000 42.22000 15.54000 54.25600
13 9 20 10 39 8858.90000 4.48400000 320.79000 42.22000 15.54000 54.25600
13 9 20 10 39 8856.60000 4.48400000 320.65000 42.17000 15.54000 54.14400
13 9 20 10 40 8856.70000 4.48400000 320.55000 42.17000 15.54000 54.14400
13 9 20 10 40 8859.20000 4.48400000 320.68000 42.17000 15.54600 54.14400
13 9 20 10 41 8858.90000 4.48400000 320.73000 42.17000 15.54600 54.14400
13 9 20 10 41 8858.90000 4.48400000 320.73000 42.17000 15.54600 54.14400
13 9 20 10 41 8858.90000 4.56000000 320.75000 42.17000 15.54600 54.14400
13 9 20 10 42 8863.70000 4.56000000 320.76000 42.17000 15.54600 54.14100
13 9 20 10 42 8862.80000 4.56000000 320.75000 42.17000 15.54600 54.14100
13 9 20 10 43 8863.70000 4.56000000 320.75000 42.17000 15.54600 54.14100
13 9 20 10 43 8869.70000 4.56000000 320.91000 42.17000 15.54600 54.14100
13 9 20 10 44 8869.60000 4.56000000 321.09000 42.17000 15.54600 54.14100
13 9 20 10 44 8869.90000 4.56000000 320.92000 42.17000 15.54600 54.26800
13 9 20 10 44 8869.90000 4.56000000 320.78000 42.17000 15.54600 54.26800
13 9 20 10 45 8869.90000 4.56000000 320.73000 42.17000 15.54600 54.26800
13 9 20 10 45 8869.80000 4.56000000 320.54000 42.17000 15.54600 54.28400
13 9 20 10 46 8858.60000 4.56000000 320.57000 42.17000 15.54600 54.28400
13 9 20 10 46 8862.30000 4.56000000 320.75000 42.17000 15.54600 54.28400
13 9 20 10 47 8860.90000 4.56000000 320.75000 42.17000 15.54600 54.28400
13 9 20 10 47 8857.70000 4.56000000 320.75000 42.17000 15.54600 54.28400
13 9 20 10 47 8857.60000 4.56000000 320.75000 42.17000 15.54600 54.28400
13 9 20 10 48 8857.60000 4.56000000 320.49000 42.17000 15.54600 54.28400
13 9 20 10 48 8852.40000 4.56000000 320.49000 42.17000 15.54600 54.28400
13 9 20 10 49 8852.80000 4.56000000 320.56000 42.15000 15.54600 54.28400
13 9 20 10 49 8853.30000 4.56000000 320.56000 42.15000 15.54600 54.28400
