M=[
25 6 21 13 41 27473.40000 34.14400000 1550.92000 108.77000 14.97200 89.85000
25 6 21 13 41 27504.20000 34.14100000 1552.33000 108.77000 14.97200 89.85000
25 6 21 13 41 27510.40000 34.21900000 1551.65000 108.77000 14.97200 89.85000
25 6 21 13 42 27530.90000 34.21900000 1551.53000 108.90000 14.97200 89.85000
25 6 21 13 42 27545.00000 34.21900000 1551.53000 108.90000 14.97200 89.85000
25 6 21 13 43 27533.60000 34.21900000 1552.03000 108.90000 14.97200 89.85000
25 6 21 13 43 27534.00000 34.21900000 1551.03000 108.92000 14.97200 89.85000
25 6 21 13 44 27573.20000 34.24600000 1554.11000 109.10000 14.97200 89.73400
25 6 21 13 44 27550.00000 34.24600000 1553.98000 109.10000 14.97200 89.73400
25 6 21 13 44 27560.50000 34.24600000 1553.16000 109.10000 14.97200 89.73400
25 6 21 13 45 27575.50000 34.24600000 1553.38000 109.17000 14.97200 89.73400
25 6 21 13 45 27550.00000 34.27400000 1549.40000 109.17000 14.97200 89.73400
25 6 21 13 46 27542.20000 34.18900000 1549.44000 108.78000 14.97200 89.73400
25 6 21 13 46 27618.40000 34.18900000 1553.68000 108.92000 14.97200 89.73400
25 6 21 13 47 27635.30000 34.34500000 1555.63000 109.26000 14.97200 89.96000
25 6 21 13 47 27620.50000 34.35700000 1556.55000 109.66000 14.97200 90.15000
25 6 21 13 47 27624.50000 34.35700000 1558.80000 109.70000 14.97200 90.30400
25 6 21 13 48 27639.10000 34.35700000 1559.20000 109.70000 14.97200 90.30400
25 6 21 13 48 27658.70000 34.35700000 1559.73000 109.70000 14.97200 90.30400
25 6 21 13 49 27661.30000 34.35700000 1559.31000 109.70000 14.97200 90.30400
25 6 21 13 49 27646.70000 34.40000000 1558.89000 109.74000 14.97200 90.30400
25 6 21 13 50 27674.60000 34.45500000 1560.51000 109.71000 14.97200 90.30400
25 6 21 13 50 27674.70000 34.45500000 1560.01000 109.70000 14.97200 90.30400
25 6 21 13 50 27664.30000 34.47500000 1557.65000 109.70000 14.97200 90.30400
25 6 21 13 51 27631.90000 34.47500000 1557.30000 109.59000 14.97200 90.30400
25 6 21 13 51 27668.30000 34.47500000 1557.30000 109.59000 14.97200 90.30400
25 6 21 13 52 27651.00000 34.47500000 1557.95000 109.59000 14.97200 90.30400
25 6 21 13 52 27627.50000 34.47500000 1556.16000 109.39000 14.97200 90.30400
25 6 21 13 53 27627.40000 34.47500000 1556.71000 109.44000 14.97200 90.30400
25 6 21 13 53 27627.50000 34.47500000 1558.09000 109.44000 14.97200 90.30400
25 6 21 13 53 27651.10000 34.47500000 1557.00000 109.44000 14.97200 90.30400
25 6 21 13 54 27631.80000 34.47500000 1557.52000 109.44000 14.97200 90.30400
25 6 21 13 54 27622.60000 34.47500000 1557.00000 109.41000 14.97200 90.30400
25 6 21 13 55 27624.30000 34.47500000 1556.05000 109.38000 14.97200 90.30400
25 6 21 13 55 27579.60000 34.47500000 1555.22000 109.38000 14.97200 90.30400
25 6 21 13 56 27550.00000 34.38500000 1552.77000 109.09000 14.97200 90.30400
25 6 21 13 56 27557.50000 34.38500000 1553.43000 109.09000 14.97200 90.30400
25 6 21 13 56 27557.40000 34.36800000 1552.70000 109.09000 14.97200 90.30400
25 6 21 13 57 27549.90000 34.36800000 1552.42000 109.06000 14.97200 90.30400
25 6 21 13 57 27571.70000 34.36800000 1552.42000 109.06000 14.97200 90.03200
25 6 21 13 58 27548.60000 34.36800000 1550.00000 109.06000 14.97200 90.03200
25 6 21 13 58 27526.00000 34.34400000 1549.16000 109.00000 14.97200 90.03200
25 6 21 13 59 27517.20000 34.34400000 1549.20000 108.86000 14.97200 90.03200
25 6 21 13 59 27550.00000 34.32500000 1552.02000 108.86000 14.97200 90.03200
25 6 21 13 59 27567.10000 34.32500000 1551.27000 109.01000 14.97200 90.03200
25 6 21 14 00 27514.70000 34.36100000 1549.16000 109.01000 14.97200 90.03200
25 6 21 14 00 27569.10000 34.26800000 1549.66000 109.01000 14.97200 90.03200
25 6 21 14 01 27620.90000 34.45000000 1551.79000 109.03000 14.97200 90.03200
25 6 21 14 01 27620.90000 34.45000000 1552.32000 109.03000 14.97200 90.03200
25 6 21 14 02 27635.20000 34.45000000 1551.85000 109.03000 14.97200 90.03200
25 6 21 14 02 27635.30000 34.45000000 1553.53000 109.03000 14.97200 90.03200
25 6 21 14 02 27707.90000 34.51500000 1555.60000 109.49000 14.97200 90.03200
25 6 21 14 03 27765.10000 34.64200000 1560.88000 109.98000 14.97200 90.68900
25 6 21 14 03 27774.40000 34.78100000 1561.58000 109.99000 14.97200 90.68900
25 6 21 14 04 27774.40000 34.78100000 1562.89000 109.99000 14.97200 90.68900
25 6 21 14 04 27807.80000 34.78100000 1563.41000 110.12000 14.97200 90.68900
25 6 21 14 05 27807.80000 34.78100000 1563.66000 110.30000 14.97200 90.68900
25 6 21 14 05 27791.10000 34.78100000 1563.07000 110.30000 14.97200 90.68900
25 6 21 14 05 27784.70000 34.78100000 1563.66000 110.30000 14.97200 90.68900
25 6 21 14 06 27760.90000 34.78100000 1561.60000 110.30000 14.97200 90.68900
25 6 21 14 06 27741.50000 34.78100000 1560.63000 110.30000 14.97200 90.68900
25 6 21 14 07 27778.60000 34.78100000 1562.96000 109.87000 14.97200 90.68900
25 6 21 14 07 27769.40000 34.75600000 1562.75000 109.71000 14.97200 90.68900
25 6 21 14 08 27775.40000 34.75600000 1561.68000 109.71000 14.97200 90.68900
25 6 21 14 08 27776.20000 34.75600000 1561.68000 109.69000 14.97200 90.68900
25 6 21 14 08 27819.20000 34.70000000 1562.89000 109.68000 14.97200 90.68900
25 6 21 14 09 27841.10000 34.70000000 1563.74000 109.68000 14.97200 90.68900
25 6 21 14 09 27853.00000 34.75000000 1563.83000 109.68000 14.97200 90.64800
25 6 21 14 10 27874.50000 34.75000000 1565.67000 110.02000 14.97200 90.64800
25 6 21 14 10 27869.60000 34.74300000 1565.84000 110.02000 14.97200 90.64800
25 6 21 14 11 27870.00000 34.74300000 1565.01000 110.02000 14.97200 90.64800
25 6 21 14 11 27874.40000 34.77500000 1565.01000 110.02000 14.97200 90.64800
25 6 21 14 11 27874.50000 34.77500000 1565.01000 109.91000 14.97200 90.64800
25 6 21 14 12 27899.90000 34.77500000 1565.00000 109.91000 14.97200 90.64800
25 6 21 14 12 27897.80000 34.81800000 1564.51000 110.04000 14.97200 90.64800
25 6 21 14 13 27896.10000 34.81800000 1563.48000 110.04000 14.97200 90.64800
25 6 21 14 13 27908.00000 34.81800000 1564.54000 110.00000 14.97200 90.64800
25 6 21 14 14 27941.50000 34.81800000 1566.28000 110.00000 14.97200 90.64800
25 6 21 14 14 27954.10000 34.81800000 1565.81000 110.19000 14.97200 90.64800
25 6 21 14 14 27972.20000 35.05700000 1566.80000 110.20000 14.97200 90.64800
25 6 21 14 15 27960.20000 35.05700000 1565.68000 110.32000 14.97200 90.64800
25 6 21 14 15 27939.90000 35.05700000 1564.53000 110.26000 14.97200 90.64800
25 6 21 14 16 27950.40000 35.05700000 1564.83000 110.25000 14.97200 90.64800
25 6 21 14 16 27929.50000 35.05700000 1565.36000 110.17000 14.97200 90.64800
25 6 21 14 17 27934.00000 35.04900000 1563.11000 110.17000 14.97200 90.64800
25 6 21 14 17 27930.10000 35.04900000 1563.38000 110.17000 14.97200 90.64800
25 6 21 14 17 27908.10000 35.04900000 1561.99000 110.17000 14.97200 90.64800
25 6 21 14 18 27908.00000 35.04900000 1561.42000 110.17000 14.97200 90.64800
25 6 21 14 18 27855.60000 35.04900000 1559.59000 109.77000 14.97200 90.64800
25 6 21 14 19 27852.10000 35.04900000 1560.23000 109.77000 14.97200 90.64800
25 6 21 14 19 27845.50000 34.91100000 1559.71000 109.77000 14.97200 90.64800
25 6 21 14 20 27841.10000 34.91100000 1559.69000 109.77000 14.97200 90.64800
25 6 21 14 20 27872.30000 34.91100000 1561.33000 109.77000 14.97200 90.64800
25 6 21 14 20 27856.00000 34.88900000 1561.98000 109.77000 14.97200 90.64800
25 6 21 14 21 27857.20000 34.88900000 1559.95000 109.77000 14.97200 90.64800
25 6 21 14 21 27865.50000 34.88900000 1560.00000 109.77000 14.97200 90.64800
25 6 21 14 22 27872.10000 34.88900000 1560.00000 109.77000 14.97200 90.64800
25 6 21 14 22 27852.50000 34.88900000 1560.00000 109.77000 14.97200 90.64800
25 6 21 14 23 27830.00000 34.88900000 1559.78000 109.69000 14.97200 90.64800
25 6 21 14 23 27822.40000 34.81300000 1559.01000 109.69000 14.97200 90.64800
25 6 21 14 23 27823.10000 34.76200000 1559.92000 109.67000 14.97200 90.64800
25 6 21 14 24 27823.20000 34.76200000 1559.19000 109.67000 14.97200 90.64800
25 6 21 14 24 27823.10000 34.76200000 1559.01000 109.67000 14.97200 90.64800
