M=[
18 4 21 18 58 46562.50000 29.98400000 1818.20000 221.80000 37.00000 204.67300
18 4 21 18 59 46530.50000 29.98400000 1818.19000 221.54000 37.00000 204.67300
18 4 21 18 59 46530.50000 29.90500000 1818.20000 221.56000 37.00000 204.67300
18 4 21 19 00 46500.10000 29.90500000 1818.20000 221.41000 37.00000 204.67300
18 4 21 19 00 46570.40000 29.84700000 1821.43000 221.78000 37.00000 204.10500
18 4 21 19 00 46589.80000 29.84700000 1823.00000 222.03000 37.00000 204.10500
18 4 21 19 01 46574.00000 29.84700000 1823.83000 222.03000 37.00000 204.91700
18 4 21 19 01 46574.00000 29.84700000 1828.93000 222.88000 37.00000 204.91700
18 4 21 19 02 46600.00000 30.09000000 1833.14000 223.44000 37.00000 205.70000
18 4 21 19 02 46594.10000 30.09000000 1832.33000 223.44000 37.00000 205.37400
18 4 21 19 03 46594.20000 30.09000000 1831.08000 223.32000 36.99900 205.37400
18 4 21 19 03 46644.30000 30.09100000 1833.06000 223.59000 36.99800 205.37400
18 4 21 19 03 46644.60000 30.09100000 1833.61000 224.00000 36.99800 205.37400
18 4 21 19 04 46646.20000 30.05100000 1833.62000 223.68000 36.99800 205.37400
18 4 21 19 04 46631.90000 30.05100000 1832.36000 223.68000 36.99800 205.37400
18 4 21 19 05 46610.10000 30.05100000 1832.36000 223.02000 36.99800 204.84500
18 4 21 19 05 46574.00000 30.05100000 1830.13000 222.86000 36.99800 204.84500
18 4 21 19 06 46574.00000 29.92500000 1831.33000 223.75000 36.99800 204.84500
18 4 21 19 06 46573.90000 29.92500000 1830.16000 223.14000 36.99800 204.84500
18 4 21 19 06 46554.10000 29.92500000 1830.02000 223.16000 36.99800 204.06300
18 4 21 19 07 46554.10000 29.92500000 1831.04000 225.49000 36.99800 204.06300
18 4 21 19 07 46550.10000 30.03200000 1829.77000 225.52000 36.99800 204.06300
18 4 21 19 08 46550.00000 30.11000000 1830.73000 225.63000 36.99800 204.06300
18 4 21 19 08 46538.60000 30.11000000 1829.62000 225.99000 36.99800 204.06300
18 4 21 19 09 46538.60000 30.11000000 1829.76000 226.94000 36.81300 204.06300
18 4 21 19 09 46532.00000 30.08400000 1827.97000 225.82000 36.81300 205.67600
18 4 21 19 09 46501.80000 30.08400000 1828.01000 226.36000 36.81300 205.67600
18 4 21 19 10 46478.00000 30.15300000 1826.62000 226.05000 36.81300 205.95800
18 4 21 19 10 46443.90000 30.15300000 1824.78000 225.66000 36.81300 205.95800
18 4 21 19 11 46450.10000 30.15300000 1824.78000 225.77000 36.81300 205.95800
18 4 21 19 11 46399.90000 30.15300000 1822.06000 225.07000 36.81300 205.95800
18 4 21 19 12 46400.00000 30.11800000 1822.05000 224.81000 36.81300 205.95800
18 4 21 19 12 46392.20000 30.11800000 1823.07000 224.89000 36.81300 204.14100
18 4 21 19 12 46375.20000 30.11800000 1822.99000 225.07000 36.81300 204.04500
18 4 21 19 13 46388.30000 30.01500000 1823.29000 225.16000 36.81300 204.04500
18 4 21 19 13 46388.20000 29.99800000 1822.99000 224.85000 36.81300 204.04500
18 4 21 19 14 46350.10000 30.04400000 1821.86000 224.70000 36.81300 203.78200
18 4 21 19 14 46393.40000 30.04400000 1822.75000 225.00000 36.81300 204.50000
18 4 21 19 15 46482.70000 30.04400000 1823.75000 225.62000 36.81300 204.17400
18 4 21 19 15 46433.60000 30.04400000 1823.81000 224.94000 36.81300 204.17400
18 4 21 19 15 46424.40000 30.04400000 1822.02000 224.44000 36.81300 204.32200
18 4 21 19 16 46440.10000 30.04400000 1823.59000 224.89000 36.81300 204.32200
18 4 21 19 16 46471.80000 30.04400000 1825.28000 224.96000 36.81300 204.32200
18 4 21 19 17 46501.60000 30.04400000 1827.82000 225.50000 36.81300 205.67900
18 4 21 19 17 46531.40000 30.20000000 1829.71000 225.70000 36.81300 206.15800
18 4 21 19 18 46572.80000 30.33300000 1831.69000 226.00000 36.81300 206.15800
18 4 21 19 18 46511.30000 30.34200000 1830.34000 225.81000 36.81300 207.17100
18 4 21 19 18 46501.50000 30.34200000 1828.08000 225.25000 36.81300 206.61800
18 4 21 19 19 46546.30000 30.33300000 1831.00000 225.75000 36.81300 206.61800
18 4 21 19 19 46573.90000 30.43800000 1833.60000 226.13000 36.81500 206.61800
18 4 21 19 20 46573.90000 30.52500000 1832.88000 225.98000 36.81500 206.61800
18 4 21 19 20 46617.20000 30.52500000 1833.61000 226.04000 36.81500 206.61800
18 4 21 19 21 46623.50000 30.43600000 1832.87000 225.91000 37.11200 206.61800
18 4 21 19 21 46623.00000 30.43600000 1831.44000 225.77000 37.11200 206.61800
18 4 21 19 21 46586.00000 30.42700000 1830.23000 225.62000 37.11200 206.61800
18 4 21 19 22 46577.60000 30.32000000 1829.05000 225.80000 37.11200 206.61800
18 4 21 19 22 46622.90000 30.32000000 1830.29000 226.47000 37.11200 206.61800
18 4 21 19 23 46631.60000 30.32000000 1834.16000 226.44000 37.11200 206.61800
18 4 21 19 23 46650.00000 30.62000000 1834.16000 226.47000 37.11200 206.61800
18 4 21 19 24 46650.10000 30.62000000 1833.59000 226.36000 37.11200 206.61800
18 4 21 19 24 46633.60000 30.62000000 1833.58000 226.19000 37.10400 206.61800
18 4 21 19 24 46684.10000 30.62000000 1834.06000 226.52000 37.10400 206.61800
18 4 21 19 25 46681.60000 30.78000000 1833.01000 226.31000 37.10400 206.61800
18 4 21 19 25 46681.60000 30.78000000 1833.03000 226.45000 37.10400 206.46300
18 4 21 19 26 46684.00000 30.39600000 1833.64000 226.40000 37.10400 206.90800
18 4 21 19 26 46684.10000 30.39600000 1834.18000 226.06000 37.10400 206.90800
18 4 21 19 27 46684.10000 30.49900000 1834.18000 226.31000 37.10400 206.90800
18 4 21 19 27 46738.00000 30.49900000 1834.44000 226.42000 37.10400 206.90800
18 4 21 19 27 46692.90000 30.49900000 1833.35000 226.10000 37.10400 206.90800
18 4 21 19 28 46652.70000 30.49900000 1832.95000 225.59000 37.10400 206.03300
18 4 21 19 28 46683.60000 30.49900000 1833.58000 226.02000 37.10400 206.03300
18 4 21 19 29 46654.50000 30.51700000 1833.18000 225.60000 37.18700 206.03300
18 4 21 19 29 46654.80000 30.51700000 1831.87000 225.60000 36.91000 206.03200
18 4 21 19 30 46698.60000 30.51700000 1831.86000 225.71000 36.91000 206.03200
18 4 21 19 30 46729.00000 30.51700000 1833.20000 226.19000 36.91000 205.93900
18 4 21 19 30 46706.70000 30.51700000 1833.40000 226.31000 36.91000 205.93900
18 4 21 19 31 46724.90000 30.52400000 1834.02000 225.88000 36.91000 206.64400
18 4 21 19 31 46726.90000 30.52400000 1834.52000 225.84000 36.91000 206.64400
18 4 21 19 32 46727.00000 30.52400000 1834.54000 225.68000 36.91000 206.64400
18 4 21 19 32 46726.90000 30.52400000 1833.66000 225.68000 36.91000 206.64400
18 4 21 19 33 46724.90000 30.52400000 1833.67000 225.68000 36.91000 206.64400
18 4 21 19 33 46666.10000 30.52400000 1833.66000 225.29000 36.91000 205.94500
18 4 21 19 33 46663.60000 30.52400000 1832.37000 225.29000 36.91000 205.94500
18 4 21 19 34 46672.30000 30.55100000 1833.64000 225.44000 36.91000 205.94500
18 4 21 19 34 46659.90000 30.55100000 1832.37000 224.73000 36.91000 207.10700
18 4 21 19 35 46601.10000 30.55100000 1830.41000 225.00000 36.91000 206.79900
18 4 21 19 35 46601.30000 30.55100000 1830.08000 225.00000 36.91000 206.79900
18 4 21 19 36 46647.00000 30.55100000 1832.65000 225.49000 36.91000 206.79900
18 4 21 19 36 46660.00000 30.79300000 1834.67000 225.70000 36.91000 208.25500
18 4 21 19 36 46659.90000 30.79300000 1834.66000 225.67000 36.91000 207.49200
18 4 21 19 37 46660.00000 30.79300000 1834.70000 225.70000 36.91000 207.49200
18 4 21 19 37 46660.00000 30.79300000 1835.22000 225.72000 36.91000 208.19200
18 4 21 19 38 46660.00000 30.79300000 1836.85000 225.86000 36.91000 208.90200
18 4 21 19 38 46660.00000 30.79300000 1836.86000 225.70000 36.91000 208.90200
18 4 21 19 39 46660.00000 30.79300000 1834.91000 225.75000 36.91000 208.29400
18 4 21 19 39 46660.00000 30.92800000 1835.61000 225.55000 36.91000 208.29400
18 4 21 19 39 46700.00000 30.95900000 1836.20000 225.56000 36.91000 208.47800
18 4 21 19 40 46701.80000 30.95900000 1836.53000 225.65000 36.91000 208.89700
18 4 21 19 40 46721.10000 31.19600000 1837.23000 225.67000 36.91000 208.89700
18 4 21 19 41 46721.00000 31.29300000 1837.41000 225.37000 36.91000 208.89700
18 4 21 19 41 46726.70000 31.39800000 1837.41000 225.87000 36.91000 208.89700
18 4 21 19 42 46732.90000 31.39800000 1837.56000 226.02000 36.91000 208.89700
