M=[
26 6 20 18 37 8173.20000 5.40200000 205.27000 38.50000 14.93400 49.57000
26 6 20 18 37 8172.50000 5.40200000 205.27000 38.50000 14.93400 49.57000
26 6 20 18 38 8168.80000 5.40200000 204.97000 38.50000 14.91800 49.54700
26 6 20 18 39 8170.50000 5.40200000 204.99000 38.50000 14.91800 49.54700
26 6 20 18 39 8168.90000 5.40200000 204.99000 38.51000 14.91800 49.54700
26 6 20 18 40 8166.60000 5.40200000 204.98000 38.51000 14.91800 49.54700
26 6 20 18 40 8166.60000 5.40200000 204.98000 38.51000 14.91800 49.54700
26 6 20 18 41 8166.60000 5.40200000 204.98000 38.51000 14.91800 49.54700
26 6 20 18 41 8166.60000 5.40200000 204.97000 38.51000 14.91800 49.54700
26 6 20 18 42 8165.00000 5.40200000 204.96000 38.51000 14.91800 49.54700
26 6 20 18 42 8160.20000 5.40200000 204.96000 38.48000 14.83900 49.54700
26 6 20 18 43 8160.10000 5.40200000 204.88000 38.51000 14.83900 49.54700
26 6 20 18 43 8158.70000 5.40200000 204.88000 38.48000 14.91800 49.54700
26 6 20 18 44 8160.90000 5.40200000 204.88000 38.48000 14.83900 49.54700
26 6 20 18 44 8160.70000 5.40200000 204.88000 38.48000 14.83900 49.54700
26 6 20 18 45 8160.30000 5.40200000 204.87000 38.48000 14.83900 49.54700
26 6 20 18 45 8160.30000 5.38500000 204.80000 38.48000 14.83900 49.54700
26 6 20 18 46 8158.00000 5.38500000 204.54000 38.51000 14.83900 49.54700
26 6 20 18 46 8158.00000 5.38500000 204.54000 38.48000 14.83900 49.54700
26 6 20 18 47 8158.00000 5.38500000 204.54000 38.43000 14.83900 49.54700
26 6 20 18 47 8158.50000 5.38500000 204.54000 38.43000 14.83900 49.54700
26 6 20 18 48 8158.90000 5.38500000 204.56000 38.43000 14.83900 49.54700
26 6 20 18 48 8156.60000 5.38500000 204.56000 38.43000 14.83900 49.54700
26 6 20 18 49 8156.80000 5.38500000 204.56000 38.43000 14.83900 49.54700
26 6 20 18 49 8158.90000 5.38500000 204.54000 38.43000 14.83900 49.54700
26 6 20 18 50 8158.70000 5.38500000 204.53000 38.43000 14.83900 49.54700
26 6 20 18 50 8158.70000 5.38500000 204.67000 38.43000 14.83900 49.54700
26 6 20 18 51 8163.00000 5.38500000 204.68000 38.43000 14.83900 49.54700
26 6 20 18 51 8162.30000 5.38500000 204.67000 38.43000 14.83900 49.54700
26 6 20 18 52 8161.00000 5.38500000 204.68000 38.39000 14.83900 49.54700
26 6 20 18 52 8160.90000 5.38500000 204.68000 38.39000 14.83900 49.54700
26 6 20 18 53 8162.50000 5.38500000 204.65000 38.39000 14.83900 49.54700
26 6 20 18 53 8161.60000 5.38500000 204.65000 38.39000 14.83900 49.54700
26 6 20 18 54 8161.50000 5.38500000 204.65000 38.39000 14.83900 49.54700
26 6 20 18 54 8162.00000 5.38500000 204.65000 38.42000 14.83900 49.54700
26 6 20 18 55 8162.60000 5.39700000 204.65000 38.39000 14.83900 49.54700
26 6 20 18 55 8162.70000 5.38500000 204.65000 38.42000 14.83900 49.48000
26 6 20 18 56 8160.10000 5.39700000 204.59000 38.42000 14.83900 49.46600
26 6 20 18 56 8160.10000 5.39700000 204.59000 38.42000 14.83900 49.46600
26 6 20 18 57 8160.10000 5.39700000 204.59000 38.42000 14.83900 49.46600
26 6 20 18 57 8160.10000 5.39700000 204.59000 38.37000 14.83900 49.46600
26 6 20 18 57 8158.70000 5.39700000 204.59000 38.37000 14.83900 49.46600
26 6 20 18 58 8155.20000 5.38500000 204.59000 38.37000 14.83900 49.46600
26 6 20 18 58 8155.00000 5.39700000 204.74000 38.37000 14.83900 49.46600
26 6 20 18 59 8154.50000 5.39700000 204.73000 38.37000 14.83900 49.46600
26 6 20 18 59 8154.40000 5.39700000 204.73000 38.40000 14.83900 49.46600
26 6 20 19 00 8154.50000 5.39700000 204.66000 38.40000 14.83900 49.46600
26 6 20 19 00 8161.50000 5.40000000 204.89000 38.40000 14.83000 49.46600
26 6 20 19 01 8162.90000 5.40000000 204.96000 38.40000 14.89100 49.46600
26 6 20 19 01 8163.00000 5.40000000 204.96000 38.40000 14.83000 49.46600
26 6 20 19 02 8162.50000 5.40000000 204.94000 38.40000 14.89100 49.46600
26 6 20 19 02 8162.40000 5.40000000 204.94000 38.40000 14.91600 49.46600
26 6 20 19 03 8162.40000 5.40000000 204.93000 38.40000 14.91600 49.46600
26 6 20 19 03 8162.40000 5.40000000 204.94000 38.40000 14.91600 49.46600
26 6 20 19 04 8162.30000 5.40000000 204.94000 38.40000 14.91600 49.46600
26 6 20 19 04 8162.40000 5.40000000 204.94000 38.40000 14.91600 49.46600
26 6 20 19 05 8162.30000 5.40000000 204.94000 38.40000 14.91600 49.46600
26 6 20 19 05 8164.20000 5.40000000 204.94000 38.40000 14.91600 49.46600
26 6 20 19 06 8165.30000 5.40000000 204.94000 38.40000 14.91600 49.46600
26 6 20 19 06 8164.50000 5.40000000 204.94000 38.40000 14.91600 49.46600
26 6 20 19 07 8165.40000 5.40000000 204.94000 38.40000 14.91600 49.46600
26 6 20 19 07 8165.20000 5.40000000 204.94000 38.40000 14.91600 49.46600
26 6 20 19 07 8165.30000 5.40000000 204.94000 38.40000 14.97500 49.46600
26 6 20 19 08 8165.30000 5.40000000 204.94000 38.40000 14.97500 49.46600
26 6 20 19 08 8165.20000 5.40000000 204.93000 38.40000 14.96300 49.46600
26 6 20 19 09 8164.40000 5.40000000 204.68000 38.40000 15.00900 49.46600
26 6 20 19 09 8158.20000 5.40000000 204.68000 38.40000 15.00900 49.46600
26 6 20 19 10 8162.10000 5.40000000 204.83000 38.40000 15.00900 49.46600
26 6 20 19 10 8162.00000 5.40000000 204.83000 38.40000 15.00900 49.46600
26 6 20 19 11 8163.20000 5.40000000 204.93000 38.40000 15.00900 49.46600
26 6 20 19 11 8160.10000 5.40000000 204.93000 38.40000 15.00900 49.46600
26 6 20 19 12 8160.00000 5.40000000 204.78000 38.40000 15.01000 49.46600
26 6 20 19 12 8160.10000 5.40000000 204.84000 38.40000 15.01000 49.46600
26 6 20 19 13 8162.30000 5.40000000 204.84000 38.40000 15.01000 49.46700
26 6 20 19 13 8160.80000 5.40000000 204.86000 38.40000 15.01000 49.46700
26 6 20 19 14 8170.00000 5.40000000 205.19000 38.40000 15.17100 49.46700
26 6 20 19 14 8169.90000 5.40000000 205.09000 38.40000 15.22800 49.46700
26 6 20 19 15 8170.00000 5.40000000 205.21000 38.40000 15.26200 49.46700
26 6 20 19 15 8170.00000 5.40000000 205.28000 38.40000 15.26200 49.46700
26 6 20 19 16 8170.00000 5.40000000 205.21000 38.43000 15.26200 49.46700
26 6 20 19 16 8169.90000 5.40000000 205.20000 38.43000 15.16900 49.46700
26 6 20 19 17 8169.90000 5.40000000 205.21000 38.43000 15.16900 49.46700
26 6 20 19 17 8170.00000 5.40000000 205.21000 38.43000 15.16800 49.46700
26 6 20 19 17 8170.00000 5.40000000 205.21000 38.43000 15.16800 49.46700
26 6 20 19 18 8170.00000 5.40000000 205.21000 38.43000 15.16800 49.46700
26 6 20 19 18 8169.90000 5.40000000 205.21000 38.43000 15.16800 49.46700
26 6 20 19 19 8170.00000 5.40000000 205.12000 38.43000 15.16800 49.46700
26 6 20 19 19 8170.00000 5.40000000 205.13000 38.43000 15.16800 49.46700
26 6 20 19 20 8169.90000 5.40000000 205.13000 38.44000 15.16800 49.46700
26 6 20 19 20 8169.90000 5.40000000 205.18000 38.44000 15.16800 49.46700
26 6 20 19 21 8169.30000 5.40000000 205.21000 38.43000 15.16800 49.46700
26 6 20 19 21 8170.00000 5.40000000 205.21000 38.43000 15.16800 49.46700
26 6 20 19 22 8169.00000 5.40000000 205.06000 38.43000 15.16800 49.46700
26 6 20 19 22 8168.70000 5.40000000 205.06000 38.43000 15.13900 49.46700
26 6 20 19 23 8167.50000 5.40000000 205.06000 38.43000 15.13900 49.46700
26 6 20 19 23 8168.20000 5.40000000 205.06000 38.43000 15.13900 49.46700
26 6 20 19 24 8167.90000 5.40000000 205.06000 38.43000 15.13900 49.46700
26 6 20 19 24 8167.70000 5.40000000 205.01000 38.43000 15.11000 49.46700
26 6 20 19 25 8166.70000 5.40000000 204.96000 38.43000 15.11000 49.46700
26 6 20 19 25 8164.80000 5.40000000 204.93000 38.43000 15.11000 49.46700
26 6 20 19 26 8168.10000 5.40000000 204.93000 38.43000 15.11000 49.46700
26 6 20 19 26 8167.10000 5.40000000 204.93000 38.43000 15.11000 49.46700
26 6 20 19 26 8161.60000 5.40000000 204.87000 38.43000 15.11000 49.43400
26 6 20 19 27 8160.20000 5.40000000 204.86000 38.43000 15.11000 49.43400
26 6 20 19 27 8160.20000 5.40000000 204.87000 38.43000 15.15200 49.43400
26 6 20 19 28 8160.10000 5.40000000 204.87000 38.44000 15.15200 49.43400
26 6 20 19 29 8160.20000 5.40000000 204.87000 38.44000 15.13800 49.43400
26 6 20 19 29 8160.00000 5.40000000 204.86000 38.43000 15.13800 49.43400
26 6 20 19 30 8160.00000 5.40000000 204.87000 38.43000 15.13800 49.43400
