M=[
 3 6 21 08 48 31841.10000 57.27900000 2326.42000 159.00000 24.99700 141.46500
 3 6 21 08 48 31846.90000 57.28700000 2327.49000 159.02000 24.99700 141.46500
 3 6 21 08 49 31828.50000 57.15800000 2326.06000 158.85000 24.99700 141.46500
 3 6 21 08 49 31818.30000 57.15800000 2324.37000 158.78000 24.99700 141.46500
 3 6 21 08 50 31811.70000 57.15800000 2324.53000 158.71000 24.99700 141.46500
 3 6 21 08 50 31822.40000 57.15800000 2323.83000 158.86000 24.99700 141.46500
 3 6 21 08 50 31823.20000 57.15800000 2321.83000 158.72000 24.99700 141.46500
 3 6 21 08 51 31802.30000 57.15800000 2321.00000 158.62000 24.99700 141.46500
 3 6 21 08 51 31814.10000 57.15800000 2320.21000 158.44000 24.99700 141.46500
 3 6 21 08 52 31809.90000 57.15800000 2321.38000 158.57000 24.99700 141.46500
 3 6 21 08 52 31802.30000 57.15800000 2319.92000 158.57000 24.99700 141.46500
 3 6 21 08 53 31815.90000 57.15800000 2321.32000 158.57000 24.99700 141.45000
 3 6 21 08 53 31842.80000 57.15800000 2323.61000 158.62000 24.99700 141.45000
 3 6 21 08 53 31829.40000 57.15800000 2325.14000 158.74000 24.99700 141.45000
 3 6 21 08 54 31834.30000 57.15800000 2324.04000 158.74000 24.99700 141.45000
 3 6 21 08 54 31839.80000 57.38900000 2325.55000 158.74000 24.99700 141.45000
 3 6 21 08 55 31846.80000 57.38900000 2325.09000 158.88000 24.99700 141.50000
 3 6 21 08 55 31869.40000 57.38900000 2327.53000 158.88000 24.99700 141.50000
 3 6 21 08 56 31874.50000 57.38900000 2329.75000 159.08000 24.99700 141.50000
 3 6 21 08 56 31874.40000 57.32000000 2329.58000 159.08000 24.99700 141.39400
 3 6 21 08 56 31885.50000 57.32000000 2331.35000 159.08000 24.99700 141.56600
 3 6 21 08 57 31886.80000 57.32000000 2330.65000 159.08000 24.99700 141.56600
 3 6 21 08 57 31884.40000 57.43000000 2330.01000 159.09000 24.99700 141.56600
 3 6 21 08 58 31884.30000 57.43000000 2328.30000 159.09000 24.99700 141.56600
 3 6 21 08 58 31884.40000 57.43000000 2326.46000 158.83000 24.99700 141.56600
 3 6 21 08 59 31884.40000 57.43000000 2328.13000 158.83000 24.99700 141.56600
 3 6 21 08 59 31874.80000 57.43000000 2326.59000 158.77000 24.99700 141.56600
 3 6 21 08 59 31875.30000 57.43000000 2327.61000 158.77000 24.99700 141.56600
 3 6 21 09 00 31907.60000 57.33500000 2332.00000 158.88000 24.99700 141.56600
 3 6 21 09 00 31915.40000 57.33500000 2331.53000 159.11000 24.99700 141.56600
 3 6 21 09 01 31921.80000 57.33600000 2328.16000 159.26000 24.99700 141.56600
 3 6 21 09 01 31907.10000 57.33600000 2326.94000 159.02000 24.82900 141.56600
 3 6 21 09 02 31907.20000 57.33600000 2327.87000 159.05000 24.82900 141.56600
 3 6 21 09 02 31909.10000 57.32100000 2327.88000 159.09000 24.82900 141.56600
 3 6 21 09 02 31914.80000 57.32100000 2328.20000 159.10000 24.82900 141.37600
 3 6 21 09 03 31905.40000 57.32100000 2327.18000 159.20000 24.82900 141.37600
 3 6 21 09 03 31899.40000 57.32100000 2325.40000 159.09000 24.82900 141.37600
 3 6 21 09 04 31911.30000 57.27700000 2324.50000 159.12000 24.82900 141.37600
 3 6 21 09 04 31900.50000 57.27700000 2324.16000 158.97000 24.82900 141.37600
 3 6 21 09 05 31900.00000 57.27700000 2324.01000 158.87000 24.82900 141.37600
 3 6 21 09 05 31899.90000 57.24800000 2323.67000 158.87000 24.82900 141.37600
 3 6 21 09 05 31900.00000 57.24800000 2323.67000 158.87000 24.82900 141.37600
 3 6 21 09 06 31900.00000 57.24800000 2323.68000 158.87000 24.82900 141.37600
 3 6 21 09 06 31888.10000 57.24800000 2323.89000 158.80000 24.82900 141.37600
 3 6 21 09 07 31893.60000 57.24800000 2323.90000 158.61000 24.82900 141.24100
 3 6 21 09 07 31895.40000 57.24800000 2324.17000 158.66000 24.82900 141.24100
 3 6 21 09 08 31886.00000 57.24800000 2323.74000 158.53000 24.82900 141.24100
 3 6 21 09 08 31898.10000 57.36900000 2324.95000 158.53000 24.82900 141.24100
 3 6 21 09 08 31900.00000 57.36900000 2326.83000 158.50000 24.82900 141.24100
 3 6 21 09 09 31900.00000 57.36900000 2329.18000 158.50000 24.82900 141.24100
 3 6 21 09 09 31934.00000 57.36900000 2330.46000 158.88000 24.82900 141.24100
 3 6 21 09 10 31945.00000 57.36900000 2332.00000 158.93000 24.82900 141.24100
 3 6 21 09 10 31996.70000 57.36900000 2335.26000 159.26000 24.82900 141.09200
 3 6 21 09 11 31943.30000 57.36900000 2333.97000 159.47000 24.82900 141.13000
 3 6 21 09 11 31999.90000 57.36900000 2335.31000 159.48000 24.82900 141.13000
 3 6 21 09 12 32000.00000 57.53600000 2336.00000 159.48000 24.82900 141.13000
 3 6 21 09 12 32072.40000 57.53600000 2337.99000 159.93000 24.82900 141.13000
 3 6 21 09 12 32100.00000 57.53600000 2340.00000 159.99000 24.82900 141.13000
 3 6 21 09 13 32099.10000 57.53600000 2340.01000 160.00000 24.82900 141.13000
 3 6 21 09 13 32103.20000 57.53600000 2343.31000 159.99000 24.82900 141.13000
 3 6 21 09 14 32108.70000 57.53600000 2342.57000 159.99000 24.82900 141.13000
 3 6 21 09 14 32109.00000 57.53600000 2344.38000 160.30000 24.82900 141.13000
 3 6 21 09 15 32092.30000 57.59800000 2342.96000 160.21000 24.82900 141.13000
 3 6 21 09 15 32106.10000 57.67400000 2344.99000 160.49000 24.82900 141.13000
 3 6 21 09 15 32112.00000 57.67400000 2346.94000 160.50000 24.82900 141.13000
 3 6 21 09 16 32164.90000 57.67400000 2348.86000 160.67000 24.82900 141.13000
 3 6 21 09 16 32158.00000 57.67400000 2349.01000 160.89000 24.82900 141.13000
 3 6 21 09 17 32147.10000 57.67400000 2349.01000 160.60000 24.82900 141.13000
 3 6 21 09 17 32137.00000 57.67400000 2346.07000 160.27000 24.82900 141.13000
 3 6 21 09 18 32130.10000 57.67400000 2346.16000 160.05000 24.89300 142.06300
 3 6 21 09 18 32130.10000 57.67400000 2346.98000 160.18000 24.89300 141.82600
 3 6 21 09 18 32130.00000 57.67400000 2346.56000 160.01000 24.89300 141.82600
 3 6 21 09 19 32100.00000 57.67400000 2343.43000 159.95000 24.89300 141.82600
 3 6 21 09 19 32097.60000 57.67400000 2343.53000 159.86000 24.89300 141.82600
 3 6 21 09 20 32074.30000 57.67400000 2342.97000 159.86000 24.89300 141.82600
 3 6 21 09 20 32070.00000 57.67400000 2342.96000 159.96000 24.89300 141.82600
 3 6 21 09 21 32061.40000 57.67400000 2338.67000 160.01000 24.89300 141.82600
 3 6 21 09 21 32033.50000 57.66600000 2338.42000 160.04000 24.89300 141.82600
 3 6 21 09 22 32068.20000 57.66600000 2338.92000 159.93000 24.89300 141.82600
 3 6 21 09 22 32084.80000 57.66600000 2342.97000 160.19000 24.89300 141.82600
 3 6 21 09 22 32066.70000 57.70300000 2341.77000 160.10000 24.89300 141.82600
 3 6 21 09 23 32066.80000 57.70300000 2342.23000 160.06000 24.89300 141.12200
 3 6 21 09 23 32073.60000 57.70300000 2342.97000 160.06000 24.89300 141.12200
 3 6 21 09 24 32081.00000 57.82300000 2342.23000 160.06000 24.89300 141.12200
 3 6 21 09 24 32073.00000 57.82300000 2342.23000 160.08000 24.89300 141.12200
 3 6 21 09 25 32053.10000 57.82300000 2342.23000 160.01000 24.89300 141.12200
 3 6 21 09 25 32081.00000 57.82300000 2344.41000 160.01000 24.89300 141.12200
 3 6 21 09 25 32060.40000 57.71900000 2344.79000 160.03000 24.89300 141.12200
 3 6 21 09 26 32064.90000 57.71900000 2348.37000 160.07000 24.89300 141.12200
 3 6 21 09 26 32060.00000 57.71900000 2346.97000 160.11000 24.89300 141.12200
 3 6 21 09 27 32065.00000 57.71900000 2348.93000 160.11000 24.89300 141.12200
 3 6 21 09 27 32065.00000 57.73900000 2348.75000 160.11000 24.89300 141.12200
 3 6 21 09 28 32065.00000 57.73900000 2349.90000 160.22000 24.89300 141.12200
 3 6 21 09 28 32065.00000 57.73900000 2350.00000 160.21000 24.89300 141.12200
 3 6 21 09 28 32065.00000 57.73900000 2349.99000 160.19000 24.89300 141.12200
 3 6 21 09 29 32054.20000 57.68700000 2345.86000 160.15000 24.89300 141.12200
 3 6 21 09 29 32053.70000 57.68700000 2343.10000 160.04000 24.89300 141.12200
 3 6 21 09 30 32065.00000 57.55600000 2344.00000 160.20000 24.89300 141.12200
 3 6 21 09 30 32061.80000 57.55600000 2344.00000 160.20000 24.89300 141.12200
 3 6 21 09 31 32050.00000 57.72700000 2341.38000 160.06000 24.89300 141.12200
 3 6 21 09 31 32040.10000 57.73800000 2340.44000 159.97000 24.89300 141.12200
 3 6 21 09 31 32013.40000 57.66100000 2337.95000 159.82000 24.89300 141.12200
