M=[
22 6 20 02 14 8382.50000 5.58800000 208.01000 38.94000 15.99800 45.80000
22 6 20 02 15 8380.30000 5.58800000 208.19000 38.94000 15.99800 45.80000
22 6 20 02 15 8380.30000 5.58800000 208.19000 38.94000 15.99800 45.80000
22 6 20 02 16 8369.90000 5.58800000 208.19000 38.94000 15.99800 45.80000
22 6 20 02 16 8370.00000 5.58800000 208.19000 38.94000 15.99800 45.80000
22 6 20 02 17 8369.80000 5.58800000 208.19000 38.94000 15.99800 45.80000
22 6 20 02 17 8370.60000 5.58800000 208.04000 38.94000 15.99800 45.79500
22 6 20 02 18 8370.60000 5.58800000 208.05000 38.94000 15.99800 45.80000
22 6 20 02 18 8371.00000 5.58800000 208.05000 38.94000 15.99800 45.80000
22 6 20 02 19 8371.00000 5.58800000 208.05000 38.94000 15.99800 45.80000
22 6 20 02 19 8371.00000 5.58800000 208.04000 38.94000 15.99800 45.80000
22 6 20 02 19 8371.20000 5.58800000 208.04000 38.94000 15.99800 45.80000
22 6 20 02 20 8371.20000 5.58800000 207.95000 38.94000 15.99800 45.80000
22 6 20 02 20 8371.20000 5.58800000 207.95000 38.94000 15.99800 45.80000
22 6 20 02 21 8372.10000 5.58800000 207.95000 38.94000 15.99800 45.80000
22 6 20 02 21 8372.10000 5.58800000 207.95000 38.94000 15.99800 45.80000
22 6 20 02 22 8373.00000 5.58800000 207.95000 38.94000 15.99800 45.80000
22 6 20 02 22 8373.00000 5.58800000 207.95000 38.94000 15.99800 45.80000
22 6 20 02 23 8371.90000 5.58800000 207.94000 38.94000 15.99800 45.80000
22 6 20 02 23 8371.20000 5.58800000 207.94000 38.94000 15.99800 45.80000
22 6 20 02 24 8370.40000 5.58800000 207.93000 38.94000 15.98100 45.80000
22 6 20 02 24 8369.40000 5.58800000 207.94000 38.94000 15.98100 45.80000
22 6 20 02 25 8367.20000 5.58800000 207.93000 38.94000 15.98100 45.80000
22 6 20 02 25 8367.20000 5.58800000 207.93000 38.94000 15.98100 45.80000
22 6 20 02 25 8368.80000 5.58800000 207.93000 38.94000 15.98100 45.80000
22 6 20 02 26 8368.80000 5.58800000 207.93000 38.94000 15.98100 45.80000
22 6 20 02 26 8368.80000 5.58800000 207.88000 38.94000 15.98100 45.80000
22 6 20 02 27 8369.70000 5.58800000 207.88000 38.94000 15.98100 45.80000
22 6 20 02 27 8369.70000 5.58800000 207.88000 38.94000 15.98100 45.80000
22 6 20 02 28 8370.00000 5.58800000 207.88000 38.94000 15.98100 45.80000
22 6 20 02 28 8370.00000 5.58800000 207.90000 38.94000 15.98100 45.80000
22 6 20 02 29 8368.70000 5.58800000 207.90000 38.94000 15.98100 45.80000
22 6 20 02 29 8368.90000 5.58800000 207.89000 38.94000 15.98100 45.80000
22 6 20 02 30 8368.30000 5.58800000 207.89000 38.94000 15.98100 45.80000
22 6 20 02 30 8369.90000 5.58800000 208.10000 38.94000 15.98100 45.80000
22 6 20 02 31 8369.90000 5.58800000 208.10000 38.94000 15.98100 45.80000
22 6 20 02 31 8369.90000 5.58800000 208.12000 38.94000 15.98100 45.80000
22 6 20 02 31 8369.90000 5.58800000 208.12000 38.94000 15.98100 45.80000
22 6 20 02 32 8369.80000 5.58800000 208.12000 38.94000 15.98100 45.80000
22 6 20 02 32 8369.80000 5.58800000 208.12000 38.94000 15.98100 45.80000
22 6 20 02 33 8369.90000 5.58800000 208.12000 38.94000 15.98100 45.80000
22 6 20 02 33 8369.90000 5.58800000 208.12000 38.94000 15.98100 45.80000
22 6 20 02 34 8369.90000 5.58800000 208.12000 38.94000 15.98100 45.80000
22 6 20 02 34 8369.90000 5.58800000 208.08000 38.94000 15.98100 45.80000
22 6 20 02 35 8369.90000 5.58800000 208.08000 38.87000 15.98100 45.80000
22 6 20 02 35 8369.90000 5.58800000 208.08000 38.87000 15.98100 45.80000
22 6 20 02 36 8367.20000 5.58800000 208.07000 38.87000 15.98100 45.80000
22 6 20 02 36 8368.00000 5.58800000 208.07000 38.87000 15.98100 45.80000
22 6 20 02 37 8369.00000 5.58800000 208.07000 38.90000 15.98100 45.80000
22 6 20 02 37 8369.00000 5.58800000 208.07000 38.90000 15.98100 45.80000
22 6 20 02 37 8369.00000 5.58800000 208.07000 38.90000 15.98100 45.80000
22 6 20 02 38 8369.00000 5.58800000 208.07000 38.90000 15.98100 45.80000
22 6 20 02 38 8368.00000 5.58800000 208.07000 38.90000 15.98100 45.80000
22 6 20 02 39 8368.10000 5.58800000 208.07000 38.90000 15.98100 45.80000
22 6 20 02 39 8368.10000 5.58800000 208.07000 38.90000 15.98100 45.80000
22 6 20 02 40 8366.30000 5.58800000 208.07000 38.90000 15.98100 45.80000
22 6 20 02 40 8366.30000 5.58800000 207.99000 38.90000 15.98100 45.80000
22 6 20 02 41 8366.30000 5.58800000 208.00000 38.90000 15.98100 45.80000
22 6 20 02 41 8364.10000 5.58800000 208.07000 38.90000 15.98100 45.80000
22 6 20 02 42 8363.90000 5.58800000 208.07000 38.90000 15.98100 45.80000
22 6 20 02 42 8363.90000 5.58800000 208.07000 38.90000 15.98100 45.80000
22 6 20 02 43 8362.80000 5.58800000 208.07000 38.90000 15.98100 45.80000
22 6 20 02 43 8363.80000 5.58800000 208.07000 38.90000 15.98100 45.80000
22 6 20 02 43 8363.80000 5.58800000 208.07000 38.90000 15.91500 45.80000
22 6 20 02 44 8363.80000 5.58800000 208.07000 38.90000 15.91500 45.80000
22 6 20 02 44 8363.80000 5.58800000 208.07000 38.90000 15.91500 45.80000
22 6 20 02 45 8363.80000 5.58800000 208.07000 38.90000 15.91500 45.80000
22 6 20 02 45 8363.80000 5.58800000 208.15000 38.90000 15.98100 45.80000
22 6 20 02 46 8363.80000 5.58800000 208.29000 38.90000 15.91500 45.80000
22 6 20 02 46 8363.80000 5.58800000 208.33000 38.90000 15.91500 45.80000
22 6 20 02 47 8366.80000 5.58800000 208.33000 38.90000 15.88600 45.80000
22 6 20 02 47 8366.80000 5.58800000 208.33000 38.90000 15.88600 45.80000
22 6 20 02 48 8371.20000 5.58800000 208.33000 38.90000 15.88600 45.80000
22 6 20 02 48 8370.90000 5.58800000 208.44000 38.90000 15.88600 45.80000
22 6 20 02 49 8371.20000 5.58800000 208.49000 38.90000 15.88600 45.80000
22 6 20 02 49 8369.70000 5.58800000 208.49000 38.90000 15.88600 45.80000
22 6 20 02 49 8369.60000 5.58800000 208.49000 38.90000 15.88600 45.80000
22 6 20 02 50 8369.60000 5.58800000 208.49000 38.90000 15.88600 45.80000
22 6 20 02 50 8369.60000 5.58800000 208.49000 38.90000 15.88600 45.80000
22 6 20 02 51 8370.90000 5.58800000 208.46000 38.90000 15.88600 45.80000
22 6 20 02 51 8371.00000 5.58800000 208.62000 38.90000 15.88600 45.80000
22 6 20 02 52 8373.90000 5.58800000 208.62000 38.90000 15.88600 45.80000
22 6 20 02 52 8374.50000 5.58800000 208.71000 38.90000 15.88600 45.80000
22 6 20 02 53 8374.60000 5.58800000 208.69000 38.90000 15.88600 45.80000
22 6 20 02 53 8374.60000 5.58800000 208.69000 38.90000 15.88600 45.80000
22 6 20 02 53 8372.90000 5.58800000 208.69000 38.90000 15.88600 45.80000
22 6 20 02 54 8372.60000 5.58800000 208.69000 38.90000 15.88600 45.80000
22 6 20 02 54 8372.60000 5.58800000 208.34000 38.90000 15.88600 45.80000
22 6 20 02 55 8369.00000 5.58800000 208.34000 38.90000 15.88600 45.80000
22 6 20 02 55 8373.80000 5.58800000 208.40000 38.90000 15.88600 45.80000
22 6 20 02 56 8373.80000 5.58800000 208.40000 38.90000 15.88600 45.80000
22 6 20 02 56 8372.30000 5.58800000 208.40000 38.90000 15.88600 45.80000
22 6 20 02 57 8373.80000 5.58800000 208.51000 38.90000 15.88600 45.80000
22 6 20 02 57 8373.80000 5.58800000 208.51000 38.90000 15.88600 45.80000
22 6 20 02 58 8373.80000 5.58800000 208.51000 38.90000 15.88600 45.80000
22 6 20 02 58 8373.80000 5.58800000 208.50000 38.90000 15.88600 45.80000
22 6 20 02 58 8373.80000 5.58800000 208.50000 38.90000 15.88600 45.80000
22 6 20 02 59 8373.80000 5.58800000 208.51000 38.90000 15.88600 45.80000
22 6 20 02 59 8373.80000 5.58800000 208.54000 38.90000 15.88600 45.80000
22 6 20 03 00 8373.80000 5.58800000 208.54000 38.90000 15.88600 45.80000
22 6 20 03 00 8378.00000 5.58800000 208.54000 38.90000 15.88600 45.93900
22 6 20 03 01 8378.00000 5.58000000 208.71000 38.90000 15.88600 45.98800
22 6 20 03 01 8379.40000 5.58000000 208.72000 38.90000 15.88600 45.98800
22 6 20 03 02 8378.50000 5.58000000 208.90000 38.90000 15.88600 45.98800
22 6 20 03 02 8378.40000 5.58000000 208.89000 38.90000 15.88600 45.98800
22 6 20 03 03 8378.40000 5.58000000 208.90000 38.90000 15.88600 45.98800
22 6 20 03 03 8378.30000 5.58000000 208.91000 38.90000 15.88600 45.98800
22 6 20 03 03 8378.30000 5.58000000 208.91000 38.85000 15.88600 45.98800
22 6 20 03 04 8378.40000 5.58000000 209.00000 38.85000 15.88600 45.98800
