M=[
 1 2 21 12 51 28026.40000 6.23400000 1100.77000 109.77000 16.69200 72.72400
 1 2 21 12 52 27984.70000 6.21700000 1100.01000 109.77000 16.69200 72.72400
 1 2 21 12 52 27851.50000 6.21700000 1098.14000 109.30000 16.69200 72.72300
 1 2 21 12 53 27851.60000 6.21700000 1097.42000 109.42000 16.69200 72.36200
 1 2 21 12 53 27922.90000 6.21700000 1098.26000 109.55000 16.69200 72.36200
 1 2 21 12 54 27926.50000 6.21700000 1098.79000 109.59000 16.69200 72.36200
 1 2 21 12 54 27930.70000 6.22200000 1098.73000 109.57000 16.69200 72.36200
 1 2 21 12 54 27936.80000 6.22200000 1099.31000 109.73000 16.69200 72.36200
 1 2 21 12 55 27950.70000 6.22200000 1100.21000 109.69000 16.59100 72.36200
 1 2 21 12 55 27945.40000 6.22200000 1100.93000 109.80000 16.59100 72.36200
 1 2 21 12 56 27935.30000 6.22200000 1099.91000 109.73000 16.59100 72.48400
 1 2 21 12 56 27940.70000 6.22200000 1100.81000 109.80000 16.59100 72.48400
 1 2 21 12 57 27940.40000 6.22200000 1100.85000 109.80000 16.59100 72.48400
 1 2 21 12 57 27983.10000 6.22200000 1102.11000 110.66000 16.59100 72.48400
 1 2 21 12 57 28000.00000 6.22200000 1101.89000 110.04000 16.59100 72.48400
 1 2 21 12 58 27977.40000 6.24100000 1102.22000 110.04000 16.59100 72.59900
 1 2 21 12 58 27974.40000 6.24100000 1102.29000 110.02000 16.59100 72.59900
 1 2 21 12 59 28003.10000 6.24100000 1102.68000 110.02000 16.59100 72.59900
 1 2 21 12 59 27980.00000 6.24100000 1102.51000 109.83000 16.59100 72.59900
 1 2 21 13 00 27969.10000 6.24100000 1102.28000 109.63000 16.59100 72.33300
 1 2 21 13 00 28020.30000 6.24100000 1103.08000 110.00000 16.59100 72.33300
 1 2 21 13 00 28022.50000 6.24100000 1102.92000 110.06000 16.59100 72.33300
 1 2 21 13 01 27990.10000 6.24100000 1103.72000 110.06000 16.59100 72.33300
 1 2 21 13 01 28025.00000 6.24100000 1104.00000 110.29000 16.59100 72.37800
 1 2 21 13 02 28020.10000 6.24300000 1103.73000 110.10000 16.59100 72.50200
 1 2 21 13 02 28008.40000 6.24300000 1103.02000 110.15000 16.70500 72.49100
 1 2 21 13 03 28005.70000 6.24300000 1103.04000 110.15000 16.70500 72.49100
 1 2 21 13 03 27990.00000 6.24300000 1102.70000 110.15000 16.70500 72.49100
 1 2 21 13 03 28000.00000 6.24300000 1102.52000 110.13000 16.70500 72.49100
 1 2 21 13 04 28022.60000 6.24300000 1103.01000 110.13000 16.70500 72.49100
 1 2 21 13 04 28021.40000 6.24300000 1102.83000 110.13000 16.70500 72.49100
 1 2 21 13 05 27998.10000 6.24300000 1101.76000 110.00000 16.70500 72.49100
 1 2 21 13 05 27966.60000 6.24300000 1101.55000 110.00000 16.70500 72.49100
 1 2 21 13 06 27966.70000 6.22500000 1101.91000 109.98000 16.70500 72.49100
 1 2 21 13 06 27984.40000 6.22500000 1101.77000 109.99000 16.61000 72.49100
 1 2 21 13 06 27970.30000 6.22500000 1101.57000 109.94000 16.61000 72.49100
 1 2 21 13 07 27974.30000 6.22500000 1102.03000 110.06000 16.61000 72.49100
 1 2 21 13 07 28034.40000 6.22500000 1102.80000 110.19000 16.61000 72.40000
 1 2 21 13 08 28011.60000 6.22500000 1103.25000 110.22000 16.61000 72.53300
 1 2 21 13 08 28017.20000 6.22500000 1103.41000 110.22000 16.61000 72.53300
 1 2 21 13 09 28016.90000 6.22500000 1102.19000 110.09000 16.61000 72.53300
 1 2 21 13 09 28004.60000 6.22500000 1101.44000 110.07000 16.61000 72.53300
 1 2 21 13 09 27995.10000 6.22500000 1102.24000 110.07000 16.61000 72.53300
 1 2 21 13 10 27990.00000 6.22500000 1101.77000 109.95000 16.61000 72.54700
 1 2 21 13 10 27968.80000 6.22500000 1101.11000 109.72000 16.61000 72.54700
 1 2 21 13 11 27979.90000 6.22500000 1101.01000 109.80000 16.61000 72.54700
 1 2 21 13 11 27971.20000 6.22500000 1101.01000 109.86000 16.61000 72.54700
 1 2 21 13 12 27989.60000 6.22500000 1101.01000 109.86000 16.61000 72.54700
 1 2 21 13 12 27996.30000 6.22500000 1101.56000 110.07000 16.69800 73.18000
 1 2 21 13 12 28040.90000 6.22500000 1101.99000 110.21000 16.69800 73.18000
 1 2 21 13 13 28042.80000 6.22500000 1102.00000 110.25000 16.69800 73.18000
 1 2 21 13 13 27950.10000 6.22500000 1101.00000 110.00000 16.69800 73.18000
 1 2 21 13 14 27976.20000 6.22500000 1100.07000 110.00000 16.69800 72.85800
 1 2 21 13 14 28082.10000 6.22500000 1103.24000 110.45000 16.69800 72.85800
 1 2 21 13 15 28127.00000 6.22500000 1104.00000 110.49000 16.69800 72.85800
 1 2 21 13 15 28061.90000 6.22500000 1101.72000 110.28000 16.69800 72.85800
 1 2 21 13 15 28034.70000 6.22500000 1100.97000 110.18000 16.69800 72.85800
 1 2 21 13 16 28054.10000 6.22500000 1100.52000 110.19000 16.69800 72.77700
 1 2 21 13 16 28021.10000 6.22500000 1100.17000 110.19000 16.69800 72.77700
 1 2 21 13 17 28023.00000 6.22500000 1100.06000 110.19000 16.69800 72.77700
 1 2 21 13 17 28042.20000 6.22500000 1100.02000 110.01000 16.69800 72.77700
 1 2 21 13 18 28023.00000 6.22500000 1099.22000 110.00000 16.59000 72.77700
 1 2 21 13 18 28057.10000 6.21800000 1100.11000 110.00000 16.59000 72.77700
 1 2 21 13 18 28042.60000 6.21800000 1099.86000 110.07000 16.59000 72.77700
 1 2 21 13 19 28040.30000 6.21800000 1100.00000 110.07000 16.59000 72.77700
 1 2 21 13 19 28043.00000 6.21800000 1099.47000 110.07000 16.59000 72.77700
 1 2 21 13 20 28033.50000 6.24100000 1099.46000 110.07000 16.59000 72.77700
 1 2 21 13 20 28038.50000 6.24100000 1099.60000 110.02000 16.59000 72.77700
 1 2 21 13 21 28050.00000 6.24100000 1099.71000 110.09000 16.59000 72.77700
 1 2 21 13 21 28048.90000 6.24100000 1100.00000 110.09000 16.59000 72.77700
 1 2 21 13 21 27996.90000 6.24100000 1099.22000 110.00000 16.59000 72.77700
 1 2 21 13 22 28063.90000 6.24100000 1100.57000 109.90000 16.68400 72.77700
 1 2 21 13 22 28030.70000 6.24100000 1100.40000 110.05000 16.68400 72.77700
 1 2 21 13 23 28039.80000 6.24100000 1100.63000 110.13000 16.68400 72.77700
 1 2 21 13 23 28019.00000 6.24100000 1100.26000 110.13000 16.68400 72.77700
 1 2 21 13 24 28024.70000 6.24100000 1100.00000 110.06000 16.68400 72.77700
 1 2 21 13 24 28030.50000 6.24100000 1100.09000 110.01000 16.68400 72.49700
 1 2 21 13 24 28038.00000 6.24100000 1100.35000 110.05000 16.68400 72.49700
 1 2 21 13 25 28024.40000 6.24100000 1100.35000 110.05000 16.68400 72.49700
 1 2 21 13 25 28000.00000 6.24100000 1100.05000 109.98000 16.68400 72.49700
 1 2 21 13 26 27996.90000 6.24100000 1100.00000 109.99000 16.68400 72.49700
 1 2 21 13 26 28003.40000 6.24100000 1100.00000 109.99000 16.68400 72.49700
 1 2 21 13 27 28043.20000 6.24100000 1100.11000 110.04000 16.68400 72.49700
 1 2 21 13 27 28025.50000 6.24100000 1100.19000 110.10000 16.68400 72.49700
 1 2 21 13 27 27996.80000 6.24100000 1100.00000 110.00000 16.68400 72.49700
 1 2 21 13 28 28026.30000 6.24100000 1100.00000 110.01000 16.68400 72.49700
 1 2 21 13 29 28027.60000 6.24100000 1100.01000 110.08000 16.68400 72.49700
 1 2 21 13 30 28034.20000 6.24100000 1101.23000 110.18000 16.68400 72.49700
 1 2 21 13 31 28034.20000 6.24100000 1102.13000 110.18000 16.68400 72.49700
 1 2 21 13 31 28015.10000 6.24100000 1100.83000 110.18000 16.68400 72.49700
 1 2 21 13 31 28011.20000 6.24100000 1100.97000 109.93000 16.74400 72.49700
 1 2 21 13 32 28013.80000 6.24100000 1100.54000 109.97000 16.74400 72.34800
 1 2 21 13 33 28022.30000 6.21600000 1099.76000 109.63000 16.59200 71.65200
 1 2 21 13 34 28034.20000 6.21600000 1099.80000 109.84000 16.59200 71.80300
 1 2 21 13 34 28046.40000 6.21600000 1099.75000 109.74000 16.59200 71.69700
 1 2 21 13 35 28011.50000 6.21600000 1097.05000 109.49000 16.59200 71.69700
 1 2 21 13 35 28019.90000 6.21600000 1097.78000 109.79000 16.59200 71.61700
 1 2 21 13 35 28056.00000 6.21600000 1098.81000 109.86000 16.59200 71.75400
 1 2 21 13 36 28056.00000 6.20600000 1100.39000 109.76000 16.59200 71.66200
 1 2 21 13 36 28020.60000 6.20600000 1100.63000 109.76000 16.59200 71.66200
 1 2 21 13 37 28020.20000 6.20600000 1101.45000 109.80000 16.59200 71.66200
 1 2 21 13 37 28020.00000 6.20600000 1101.08000 109.70000 16.59200 71.66200
 1 2 21 13 38 28021.10000 6.20600000 1101.12000 109.63000 16.59200 71.63600
 1 2 21 13 38 28050.80000 6.20600000 1100.27000 109.68000 16.59200 71.63600
 1 2 21 13 39 28033.50000 6.20600000 1100.51000 109.80000 16.59200 71.63600
