M=[
14 9 20 07 49 8769.80000 4.33100000 311.01000 40.49000 15.00000 52.83300
14 9 20 07 49 8765.10000 4.33100000 311.01000 40.49000 15.00000 52.83300
14 9 20 07 50 8765.10000 4.33000000 310.90000 40.49000 15.00000 52.83300
14 9 20 07 50 8765.10000 4.33000000 310.90000 40.49000 15.00000 52.83300
14 9 20 07 51 8765.10000 4.33000000 310.90000 40.49000 15.00000 52.83300
14 9 20 07 51 8765.00000 4.33000000 310.90000 40.49000 15.00000 52.83300
14 9 20 07 52 8765.10000 4.33000000 310.89000 40.49000 15.00000 52.83300
14 9 20 07 52 8764.80000 4.33000000 310.54000 40.49000 15.00000 52.83300
14 9 20 07 52 8762.90000 4.33000000 310.54000 40.49000 15.00000 52.83300
14 9 20 07 53 8762.90000 4.33000000 310.76000 40.49000 14.99000 52.83300
14 9 20 07 53 8762.90000 4.33000000 310.76000 40.49000 14.99000 52.83300
14 9 20 07 54 8762.90000 4.33000000 310.78000 40.49000 14.99000 52.83300
14 9 20 07 54 8762.90000 4.33000000 310.78000 40.49000 14.99000 52.83300
14 9 20 07 55 8763.20000 4.33000000 310.78000 40.49000 14.99000 52.83300
14 9 20 07 55 8763.20000 4.33000000 310.79000 40.49000 14.99000 52.83300
14 9 20 07 55 8763.20000 4.33000000 310.90000 40.49000 14.99000 52.83300
14 9 20 07 56 8763.20000 4.33000000 311.60000 40.49000 14.99000 52.83300
14 9 20 07 56 8763.10000 4.33000000 311.67000 40.49000 14.99000 52.83300
14 9 20 07 57 8763.20000 4.33000000 311.67000 40.49000 14.99000 52.83300
14 9 20 07 57 8763.20000 4.33000000 311.51000 40.49000 14.99000 52.83300
14 9 20 07 58 8764.90000 4.33000000 311.51000 40.49000 14.99000 52.83300
14 9 20 07 58 8764.90000 4.33000000 311.51000 40.49000 14.99000 52.83300
14 9 20 07 58 8765.00000 4.33000000 311.51000 40.49000 14.99000 52.83300
14 9 20 07 59 8772.00000 4.33000000 311.82000 40.51000 14.99000 52.83300
14 9 20 07 59 8781.50000 4.33000000 312.50000 40.56000 14.99000 52.83300
14 9 20 08 00 8787.70000 4.33000000 312.38000 40.57000 14.99000 52.83300
14 9 20 08 00 8788.60000 4.33000000 312.14000 40.55000 14.99000 53.02400
14 9 20 08 01 8788.10000 4.33000000 311.92000 40.55000 14.99000 53.02400
14 9 20 08 01 8788.10000 4.33000000 311.64000 40.55000 14.99000 53.02400
14 9 20 08 02 8788.00000 4.33000000 311.61000 40.54000 14.99000 53.02400
14 9 20 08 02 8790.50000 4.33200000 311.72000 40.54000 14.99000 52.93200
14 9 20 08 03 8788.10000 4.33300000 311.72000 40.48000 14.99000 52.88600
14 9 20 08 03 8788.10000 4.33300000 311.66000 40.47000 14.99000 52.88600
14 9 20 08 03 8788.10000 4.33300000 311.13000 40.48000 14.99000 52.88600
14 9 20 08 04 8788.10000 4.33300000 311.31000 40.48000 14.99000 52.88600
14 9 20 08 04 8788.00000 4.33300000 311.03000 40.48000 14.99000 52.88600
14 9 20 08 05 8789.40000 4.33300000 311.03000 40.46000 14.99000 52.88600
14 9 20 08 05 8791.40000 4.33300000 311.14000 40.46000 14.99000 52.88600
14 9 20 08 06 8791.60000 4.33300000 311.35000 40.46000 14.99000 52.88600
14 9 20 08 06 8791.60000 4.33300000 311.38000 40.46000 14.99000 52.88600
14 9 20 08 06 8791.60000 4.33300000 311.38000 40.46000 14.99000 52.88600
14 9 20 08 07 8791.40000 4.33300000 311.60000 40.46000 14.99000 52.88600
14 9 20 08 07 8791.40000 4.33300000 311.59000 40.46000 14.99000 52.88600
14 9 20 08 08 8791.50000 4.33300000 311.60000 40.45000 14.99000 52.88600
14 9 20 08 08 8791.50000 4.33300000 311.59000 40.47000 14.99000 52.88600
14 9 20 08 09 8791.40000 4.33300000 311.47000 40.47000 14.99000 52.88600
14 9 20 08 09 8791.40000 4.33300000 311.47000 40.47000 14.99000 52.88600
14 9 20 08 10 8787.50000 4.33300000 311.32000 40.47000 14.99000 52.88600
14 9 20 08 10 8787.40000 4.33300000 311.61000 40.47000 14.99000 52.88600
14 9 20 08 10 8787.30000 4.33300000 311.61000 40.47000 14.99000 52.88600
14 9 20 08 11 8787.40000 4.33300000 311.60000 40.47000 14.99000 52.88600
14 9 20 08 11 8787.50000 4.33300000 311.63000 40.54000 14.99000 52.88600
14 9 20 08 12 8787.40000 4.33300000 311.71000 40.54000 14.99000 52.88600
14 9 20 08 12 8787.40000 4.33300000 311.75000 40.54000 14.99000 52.88600
14 9 20 08 13 8787.40000 4.33300000 311.75000 40.50000 14.99000 52.88600
14 9 20 08 13 8787.50000 4.33300000 311.62000 40.50000 14.99000 52.88600
14 9 20 08 13 8787.30000 4.33300000 311.87000 40.50000 14.99000 52.88600
14 9 20 08 14 8800.00000 4.33300000 312.09000 40.50000 14.99000 52.88600
14 9 20 08 14 8802.90000 4.33300000 312.37000 40.50000 14.99000 52.88600
14 9 20 08 15 8813.10000 4.33300000 312.88000 40.56000 14.99000 52.88600
14 9 20 08 15 8812.90000 4.33300000 312.69000 40.56000 14.99000 52.88600
14 9 20 08 16 8812.80000 4.33300000 312.45000 40.60000 15.03300 52.88600
14 9 20 08 16 8810.10000 4.33300000 312.44000 40.64000 15.03300 52.88600
14 9 20 08 17 8808.60000 4.33300000 312.17000 40.64000 15.03300 52.88600
14 9 20 08 17 8808.40000 4.33300000 312.03000 40.64000 15.03300 52.88600
14 9 20 08 17 8807.90000 4.33300000 312.01000 40.64000 15.03300 52.88600
14 9 20 08 18 8807.50000 4.38600000 312.23000 40.64000 15.03300 52.88600
14 9 20 08 18 8807.70000 4.38600000 312.23000 40.64000 15.03300 52.88600
14 9 20 08 19 8810.10000 4.38600000 312.30000 40.64000 15.03300 52.88600
14 9 20 08 19 8810.60000 4.38600000 312.30000 40.64000 15.03300 53.09400
14 9 20 08 20 8820.80000 4.38600000 312.39000 40.64000 15.03300 53.23400
14 9 20 08 20 8820.80000 4.38600000 312.73000 40.64000 15.03300 53.23400
14 9 20 08 20 8820.70000 4.38600000 312.47000 40.65000 15.03300 53.10100
14 9 20 08 21 8819.60000 4.38600000 312.49000 40.65000 15.03300 53.10100
14 9 20 08 21 8819.70000 4.38600000 312.50000 40.65000 15.03300 53.10100
14 9 20 08 22 8819.70000 4.33100000 312.67000 40.65000 15.03300 53.05000
14 9 20 08 22 8815.30000 4.33100000 312.39000 40.66000 15.03300 53.05000
14 9 20 08 23 8814.30000 4.33100000 312.32000 40.66000 15.03300 53.05000
14 9 20 08 23 8814.10000 4.33100000 312.32000 40.66000 15.03300 53.05000
14 9 20 08 24 8814.10000 4.33100000 312.32000 40.66000 15.03300 53.05000
14 9 20 08 24 8814.10000 4.33100000 312.18000 40.67000 15.03300 53.05000
14 9 20 08 24 8825.00000 4.33100000 312.32000 40.67000 15.03300 53.05000
14 9 20 08 25 8828.80000 4.33100000 312.52000 40.67000 15.03300 53.05000
14 9 20 08 25 8820.30000 4.33100000 312.13000 40.67000 15.03300 53.05000
14 9 20 08 26 8815.80000 4.33100000 311.83000 40.67000 15.03300 53.05000
14 9 20 08 26 8815.80000 4.33100000 311.74000 40.67000 15.03300 53.05000
14 9 20 08 27 8816.00000 4.33100000 311.94000 40.67000 15.03300 53.05000
14 9 20 08 27 8816.00000 4.33100000 311.88000 40.67000 15.03300 53.05000
14 9 20 08 27 8816.00000 4.33100000 311.90000 40.67000 15.03300 53.09600
14 9 20 08 28 8816.00000 4.33100000 311.89000 40.69000 15.03300 53.09600
14 9 20 08 28 8816.00000 4.33100000 311.88000 40.69000 15.03300 53.09600
14 9 20 08 29 8810.80000 4.33100000 311.67000 40.69000 15.03300 53.09600
14 9 20 08 29 8810.80000 4.33100000 311.66000 40.66000 15.03300 53.09600
14 9 20 08 30 8807.50000 4.33100000 311.33000 40.64000 15.03300 53.09600
14 9 20 08 30 8807.40000 4.33100000 311.49000 40.65000 15.03300 53.09600
14 9 20 08 31 8807.60000 4.33100000 311.49000 40.62000 15.03300 53.09600
14 9 20 08 31 8807.60000 4.33100000 311.55000 40.62000 15.03300 53.09600
14 9 20 08 31 8807.60000 4.33100000 311.54000 40.62000 15.03300 53.09600
14 9 20 08 32 8807.60000 4.33100000 311.54000 40.61000 15.03300 53.09600
14 9 20 08 32 8807.50000 4.33100000 311.28000 40.62000 15.02900 53.09600
14 9 20 08 33 8807.60000 4.33100000 311.07000 40.62000 15.02900 53.09600
14 9 20 08 33 8807.50000 4.33100000 311.07000 40.61000 15.02900 53.09600
14 9 20 08 34 8807.50000 4.33100000 311.21000 40.61000 15.02900 53.09600
14 9 20 08 34 8807.40000 4.33100000 310.90000 40.61000 15.02900 53.09600
14 9 20 08 34 8807.40000 4.33100000 310.64000 40.61000 15.02900 52.91100
14 9 20 08 35 8802.50000 4.33100000 310.10000 40.61000 15.03100 52.91100
14 9 20 08 35 8802.50000 4.33100000 310.35000 40.61000 15.03100 52.91100
14 9 20 08 36 8802.50000 4.33100000 310.28000 40.50000 15.03100 52.91100
14 9 20 08 36 8802.50000 4.33100000 310.24000 40.50000 15.03100 52.91100
