M=[
29 11 20 07 20 14863.90000 5.24200000 450.83000 61.65000 12.99200 61.61300
29 11 20 07 20 14867.10000 5.24200000 450.84000 61.65000 12.99200 61.61300
29 11 20 07 21 14867.60000 5.24200000 451.49000 61.65000 12.99200 61.61300
29 11 20 07 21 14872.00000 5.24200000 451.49000 61.65000 12.99200 61.61300
29 11 20 07 22 14872.00000 5.24200000 451.49000 61.65000 12.99200 61.61300
29 11 20 07 22 14872.00000 5.24200000 451.49000 61.65000 12.99200 61.61300
29 11 20 07 22 14872.30000 5.24200000 451.49000 61.65000 12.99200 61.61300
29 11 20 07 23 14879.60000 5.24200000 451.79000 61.97000 12.99200 61.61300
29 11 20 07 23 14881.40000 5.24200000 452.01000 61.97000 12.99200 61.61300
29 11 20 07 24 14881.90000 5.24200000 452.54000 61.97000 12.99200 61.61300
29 11 20 07 24 14882.00000 5.24200000 452.54000 61.97000 12.99200 61.61300
29 11 20 07 25 14884.20000 5.24200000 452.54000 62.00000 12.99200 61.61300
29 11 20 07 25 14883.30000 5.24200000 452.26000 62.01000 12.99200 61.61300
29 11 20 07 25 14882.60000 5.24200000 452.34000 62.01000 12.99200 61.61300
29 11 20 07 26 14884.90000 5.24200000 452.34000 62.00000 12.99200 61.61300
29 11 20 07 26 14904.70000 5.24200000 452.60000 62.26000 12.99200 61.61300
29 11 20 07 27 14909.10000 5.24200000 452.92000 62.34000 12.99200 61.61300
29 11 20 07 27 14909.10000 5.24200000 452.92000 62.29000 12.99200 61.61300
29 11 20 07 28 14909.10000 5.24200000 452.47000 62.29000 12.99200 61.61300
29 11 20 07 28 14909.20000 5.24200000 452.69000 62.18000 12.99200 61.61300
29 11 20 07 28 14909.20000 5.24200000 452.71000 62.18000 12.99200 61.61300
29 11 20 07 29 14909.20000 5.24200000 452.71000 62.18000 12.99200 61.61300
29 11 20 07 29 14909.90000 5.24200000 452.71000 62.18000 12.99200 61.61300
29 11 20 07 30 14910.00000 5.24200000 452.71000 62.18000 12.99200 61.61300
29 11 20 07 30 14910.00000 5.24200000 452.55000 62.23000 12.99200 61.61300
29 11 20 07 31 14910.00000 5.24200000 452.55000 62.16000 12.99200 61.61300
29 11 20 07 31 14910.00000 5.24200000 452.55000 62.16000 12.99200 61.61300
29 11 20 07 31 14910.00000 5.24200000 452.55000 62.16000 12.99200 61.61300
29 11 20 07 32 14910.00000 5.24200000 452.52000 62.16000 12.99200 61.61300
29 11 20 07 32 14910.00000 5.24200000 452.52000 62.16000 12.99200 61.61300
29 11 20 07 33 14909.90000 5.24200000 452.67000 62.16000 12.99200 61.61300
29 11 20 07 33 14909.90000 5.24200000 452.67000 62.15000 12.99200 61.61300
29 11 20 07 34 14916.20000 5.24200000 452.67000 62.15000 12.99200 61.61300
29 11 20 07 34 14916.30000 5.24200000 452.67000 62.15000 12.99200 61.61300
29 11 20 07 34 14910.50000 5.24200000 452.68000 62.41000 12.99200 61.61300
29 11 20 07 35 14911.50000 5.24200000 452.68000 62.40000 12.99200 61.61300
29 11 20 07 35 14910.10000 5.24200000 452.68000 62.38000 12.99200 61.61300
29 11 20 07 36 14910.30000 5.24200000 452.69000 62.46000 12.99200 61.61300
29 11 20 07 36 14910.50000 5.24200000 452.69000 62.46000 12.99200 61.61300
29 11 20 07 37 14910.50000 5.24200000 452.69000 62.46000 12.99200 61.61300
29 11 20 07 37 14930.40000 5.24200000 452.99000 62.53000 12.99200 61.61300
29 11 20 07 37 14924.60000 5.24200000 453.54000 62.53000 12.99200 61.61300
29 11 20 07 38 14921.30000 5.24200000 453.36000 62.51000 12.99200 61.61300
29 11 20 07 38 14921.30000 5.24200000 452.72000 62.42000 12.99200 61.61300
29 11 20 07 39 14910.40000 5.24200000 452.75000 62.35000 12.99200 61.61300
29 11 20 07 39 14910.40000 5.24200000 452.72000 62.21000 12.99200 61.61300
29 11 20 07 40 14910.30000 5.24200000 452.52000 62.16000 12.99200 61.61300
29 11 20 07 40 14916.10000 5.24200000 452.52000 62.16000 12.99200 61.61300
29 11 20 07 40 14911.60000 5.24200000 452.52000 62.43000 12.99200 61.61300
29 11 20 07 41 14910.10000 5.24200000 452.52000 62.43000 12.99200 61.61300
29 11 20 07 41 14910.10000 5.24200000 452.52000 62.43000 12.99200 61.61300
29 11 20 07 42 14910.10000 5.24200000 452.52000 62.30000 12.99200 61.61300
29 11 20 07 42 14910.00000 5.24200000 452.97000 62.30000 12.99200 61.80600
29 11 20 07 43 14910.30000 5.24200000 452.97000 62.30000 12.99200 61.80600
29 11 20 07 43 14912.30000 5.24200000 453.07000 62.30000 12.99200 61.94100
29 11 20 07 43 14912.10000 5.24200000 452.90000 62.30000 12.99200 61.94100
29 11 20 07 44 14921.20000 5.24200000 453.48000 62.30000 12.99200 61.94100
29 11 20 07 44 14929.00000 5.24200000 453.55000 62.48000 12.99200 61.94100
29 11 20 07 45 14925.60000 5.24200000 453.85000 62.48000 12.99200 61.94100
29 11 20 07 45 14932.10000 5.24200000 453.85000 62.48000 12.99200 61.94100
29 11 20 07 46 14938.70000 5.27200000 454.27000 62.48000 12.99200 61.94100
29 11 20 07 46 14941.90000 5.27200000 454.27000 62.48000 12.99200 61.94100
29 11 20 07 46 14950.80000 5.27200000 454.27000 62.64000 12.99200 61.94100
29 11 20 07 47 14941.30000 5.27200000 454.30000 62.62000 13.04400 61.94100
29 11 20 07 47 14943.90000 5.27200000 454.26000 62.54000 13.04400 61.94100
29 11 20 07 48 14935.90000 5.27200000 454.06000 62.54000 13.04400 61.94100
29 11 20 07 48 14932.90000 5.27200000 454.25000 62.54000 13.04400 61.94100
29 11 20 07 49 14935.20000 5.27200000 454.25000 62.54000 13.04400 61.94100
29 11 20 07 49 14946.40000 5.27200000 454.25000 62.54000 13.04400 61.94100
29 11 20 07 49 14943.50000 5.27200000 454.05000 62.60000 13.04400 61.94100
29 11 20 07 50 14931.10000 5.27200000 453.94000 62.53000 13.04400 61.94100
29 11 20 07 50 14933.90000 5.27200000 453.93000 62.55000 13.04400 61.94100
29 11 20 07 51 14940.80000 5.27200000 454.05000 62.61000 13.04400 61.94100
29 11 20 07 51 14936.00000 5.27200000 453.77000 62.61000 13.04400 61.94100
29 11 20 07 52 14936.00000 5.27200000 453.32000 62.48000 13.04400 61.94100
29 11 20 07 52 14923.70000 5.27200000 453.32000 62.43000 13.04400 61.94100
29 11 20 07 52 14934.80000 5.27200000 453.32000 62.52000 13.04400 61.94100
29 11 20 07 53 14932.70000 5.27200000 453.92000 62.55000 13.04400 61.94100
29 11 20 07 53 14937.60000 5.27200000 453.92000 62.55000 13.04400 61.94100
29 11 20 07 54 14938.30000 5.27200000 453.52000 62.59000 13.04400 61.94100
29 11 20 07 54 14936.00000 5.27200000 453.50000 62.63000 13.04400 61.94100
29 11 20 07 55 14935.20000 5.27200000 453.78000 62.67000 13.04400 61.94100
29 11 20 07 55 14934.90000 5.27200000 453.73000 62.70000 13.04400 61.94100
29 11 20 07 55 14936.00000 5.27200000 453.79000 62.70000 13.04400 61.94100
29 11 20 07 56 14937.50000 5.27200000 453.54000 62.67000 13.04400 61.94100
29 11 20 07 56 14938.00000 5.27200000 453.79000 62.67000 13.04400 61.94100
29 11 20 07 57 14937.60000 5.27200000 453.79000 62.67000 13.04400 61.94100
29 11 20 07 57 14939.70000 5.27200000 453.86000 62.66000 13.04400 61.94100
29 11 20 07 58 14938.80000 5.27200000 453.86000 62.66000 13.04400 61.94100
29 11 20 07 58 14938.90000 5.27200000 453.86000 62.61000 13.04400 61.94100
29 11 20 07 58 14939.00000 5.27200000 453.84000 62.61000 13.10000 61.94100
29 11 20 07 59 14947.00000 5.27200000 453.70000 62.61000 13.10000 61.94100
29 11 20 07 59 14939.10000 5.27200000 453.70000 62.61000 13.10000 61.94100
29 11 20 08 00 14939.10000 5.27200000 453.64000 62.61000 13.10000 61.94100
29 11 20 08 00 14924.70000 5.27200000 453.49000 62.41000 13.10000 62.12900
29 11 20 08 01 14938.90000 5.27200000 453.56000 62.41000 13.10000 62.12900
29 11 20 08 01 14930.10000 5.27200000 453.56000 62.51000 13.10000 62.12900
29 11 20 08 01 14934.10000 5.27200000 453.94000 62.51000 13.09600 62.12900
29 11 20 08 02 14947.80000 5.27200000 453.94000 62.58000 13.09600 62.12900
29 11 20 08 02 14955.10000 5.27200000 454.25000 62.58000 13.09600 62.12900
29 11 20 08 03 14968.90000 5.27200000 454.33000 62.58000 13.09600 62.12900
29 11 20 08 03 14969.00000 5.27200000 454.54000 62.58000 13.09600 62.12900
29 11 20 08 04 14965.50000 5.27200000 454.62000 62.58000 13.09600 62.12900
29 11 20 08 04 14969.90000 5.27200000 454.88000 62.58000 13.09600 62.12900
29 11 20 08 04 14975.00000 5.28900000 454.86000 62.72000 13.09600 62.12900
29 11 20 08 05 14978.20000 5.28900000 454.87000 62.71000 13.09600 62.12900
