M=[
17 12 20 07 22 18260.00000 5.32900000 529.95000 75.91000 13.80100 60.00900
17 12 20 07 23 18260.10000 5.32900000 529.66000 75.92000 13.80100 60.00900
17 12 20 07 23 18255.90000 5.35000000 529.50000 75.90000 13.80100 60.00900
17 12 20 07 24 18250.10000 5.35000000 529.65000 75.97000 13.80100 60.00900
17 12 20 07 24 18251.00000 5.36400000 529.81000 75.96000 13.80100 60.00900
17 12 20 07 24 18255.80000 5.36400000 529.99000 75.99000 13.80100 60.00900
17 12 20 07 25 18250.10000 5.36400000 530.00000 75.98000 13.80100 60.00900
17 12 20 07 25 18231.00000 5.36400000 529.49000 75.83000 13.80100 60.00900
17 12 20 07 26 18209.40000 5.36400000 529.41000 75.83000 13.80100 60.00900
17 12 20 07 26 18211.80000 5.36400000 529.05000 75.85000 13.80100 60.00900
17 12 20 07 27 18229.60000 5.36400000 529.33000 75.84000 13.80100 60.00900
17 12 20 07 27 18227.00000 5.36400000 529.40000 75.83000 13.80100 60.00900
17 12 20 07 27 18209.50000 5.36400000 528.37000 75.83000 13.80100 60.00900
17 12 20 07 28 18214.50000 5.36400000 528.70000 75.83000 13.80100 60.00900
17 12 20 07 28 18219.90000 5.36400000 528.87000 75.80000 13.80100 60.00900
17 12 20 07 29 18217.40000 5.34400000 528.83000 75.73000 13.80100 60.00900
17 12 20 07 29 18218.30000 5.34400000 528.71000 75.73000 13.80100 60.00900
17 12 20 07 30 18215.10000 5.34500000 528.34000 75.64000 13.80100 60.00900
17 12 20 07 30 18215.50000 5.34500000 528.33000 75.60000 13.80100 60.45000
17 12 20 07 30 18213.90000 5.34500000 528.60000 75.66000 13.90000 60.45000
17 12 20 07 31 18213.90000 5.34500000 528.64000 75.68000 13.90000 60.45000
17 12 20 07 31 18213.90000 5.34500000 529.00000 75.69000 13.90000 60.45000
17 12 20 07 32 18228.70000 5.34500000 529.05000 75.77000 13.90000 60.45000
17 12 20 07 32 18266.50000 5.34500000 529.29000 75.81000 13.90000 60.45000
17 12 20 07 33 18259.90000 5.34500000 529.22000 75.81000 13.90000 60.45000
17 12 20 07 33 18254.60000 5.34500000 529.29000 75.98000 13.99500 60.45000
17 12 20 07 33 18292.80000 5.34500000 529.56000 75.99000 13.99500 60.45000
17 12 20 07 34 18288.30000 5.36000000 529.63000 75.95000 13.99500 60.45000
17 12 20 07 34 18282.50000 5.36000000 529.67000 75.98000 13.99500 60.45000
17 12 20 07 35 18275.60000 5.35800000 530.08000 75.89000 13.99500 60.46000
17 12 20 07 35 18260.90000 5.35800000 529.38000 75.89000 13.99500 60.46000
17 12 20 07 36 18247.60000 5.35800000 528.70000 75.83000 13.88400 60.46000
17 12 20 07 36 18251.50000 5.35800000 528.71000 75.83000 13.88400 60.46000
17 12 20 07 36 18251.50000 5.35800000 528.73000 75.78000 13.88400 60.46000
17 12 20 07 37 18243.80000 5.34700000 528.72000 75.79000 13.88400 60.46000
17 12 20 07 37 18230.60000 5.34700000 528.72000 75.73000 13.88400 60.46000
17 12 20 07 38 18228.50000 5.34700000 528.73000 75.68000 13.88400 60.46000
17 12 20 07 38 18237.30000 5.34700000 528.72000 75.70000 13.88500 60.46000
17 12 20 07 39 18236.20000 5.34700000 528.04000 75.66000 13.88500 60.46000
17 12 20 07 39 18236.00000 5.34700000 528.10000 75.58000 13.88500 60.46000
17 12 20 07 39 18232.00000 5.34700000 528.10000 75.65000 13.88500 60.46000
17 12 20 07 40 18232.00000 5.34700000 528.20000 75.65000 13.88500 60.41300
17 12 20 07 40 18232.00000 5.34700000 528.13000 75.65000 13.88500 60.29900
17 12 20 07 41 18239.00000 5.34700000 528.09000 75.62000 13.88500 60.29900
17 12 20 07 41 18234.20000 5.34700000 528.20000 75.59000 13.88500 60.29900
17 12 20 07 42 18239.10000 5.34700000 528.14000 75.59000 13.88500 60.29900
17 12 20 07 42 18235.00000 5.34700000 528.00000 75.60000 13.88500 60.29900
17 12 20 07 42 18232.10000 5.34700000 528.03000 75.61000 13.88500 60.29900
17 12 20 07 43 18241.80000 5.34700000 528.01000 75.66000 13.88500 60.22000
17 12 20 07 43 18245.30000 5.34700000 528.07000 75.63000 13.88500 60.22000
17 12 20 07 44 18258.60000 5.34700000 528.12000 75.63000 13.88500 60.22000
17 12 20 07 44 18279.90000 5.34700000 528.12000 75.64000 13.88500 60.22000
17 12 20 07 45 18300.00000 5.34700000 528.73000 75.63000 13.88500 60.22000
17 12 20 07 45 18279.00000 5.34700000 528.66000 75.64000 13.88500 60.22000
17 12 20 07 45 18286.80000 5.34700000 528.88000 75.69000 13.88500 60.22000
17 12 20 07 46 18267.40000 5.34700000 528.03000 75.69000 13.88500 60.22000
17 12 20 07 46 18290.60000 5.34700000 528.16000 75.69000 13.88500 60.22000
17 12 20 07 47 18289.00000 5.34700000 528.40000 75.71000 13.88500 60.16600
17 12 20 07 47 18285.00000 5.34700000 528.00000 75.71000 13.88500 60.16600
17 12 20 07 48 18285.00000 5.34700000 528.39000 75.75000 13.88500 60.16600
17 12 20 07 48 18328.60000 5.34700000 528.79000 75.80000 13.88500 60.16600
17 12 20 07 48 18353.20000 5.34700000 529.81000 75.90000 13.88500 60.16600
17 12 20 07 49 18333.70000 5.34700000 529.95000 75.90000 13.88500 60.16600
17 12 20 07 49 18343.70000 5.34700000 529.99000 75.83000 13.88500 60.16600
17 12 20 07 50 18340.10000 5.37200000 529.68000 75.80000 13.88500 60.16600
17 12 20 07 50 18340.00000 5.37200000 529.45000 75.83000 13.88500 60.16600
17 12 20 07 51 18329.70000 5.37200000 528.53000 75.77000 13.88500 60.16600
17 12 20 07 51 18352.10000 5.37200000 529.16000 75.82000 13.88500 60.18000
17 12 20 07 51 18329.80000 5.37200000 529.21000 75.76000 13.88500 60.18000
17 12 20 07 52 18342.50000 5.37200000 529.34000 75.76000 13.88500 60.32400
17 12 20 07 52 18342.90000 5.37200000 529.21000 75.80000 13.88500 60.32400
17 12 20 07 53 18359.90000 5.37200000 529.43000 75.86000 13.88500 60.32400
17 12 20 07 53 18359.90000 5.37000000 529.50000 75.90000 13.88500 60.26200
17 12 20 07 54 18380.30000 5.37000000 529.31000 75.89000 13.88500 60.26200
17 12 20 07 54 18348.20000 5.37000000 529.01000 75.90000 13.88500 60.26200
17 12 20 07 54 18363.30000 5.37000000 529.37000 75.96000 13.88500 60.26200
17 12 20 07 55 18355.90000 5.37000000 529.47000 75.97000 13.88500 60.26200
17 12 20 07 55 18343.40000 5.35600000 529.07000 75.96000 13.88500 60.38800
17 12 20 07 56 18345.10000 5.35600000 529.43000 76.02000 13.88500 60.38800
17 12 20 07 56 18346.20000 5.35600000 529.36000 75.97000 13.88500 60.38800
17 12 20 07 57 18339.30000 5.35600000 529.09000 76.01000 13.88500 60.37200
17 12 20 07 57 18345.00000 5.35600000 529.38000 76.00000 13.88500 60.37200
17 12 20 07 57 18350.00000 5.35600000 529.84000 76.00000 13.88500 60.37200
17 12 20 07 58 18376.50000 5.35600000 530.00000 76.00000 13.88500 60.37200
17 12 20 07 58 18372.40000 5.35600000 530.00000 76.02000 13.88500 60.37200
17 12 20 07 59 18388.90000 5.35600000 530.00000 76.02000 13.88500 60.36100
17 12 20 07 59 18391.20000 5.35600000 530.14000 76.00000 13.88500 60.36100
17 12 20 08 00 18391.30000 5.35600000 530.50000 75.96000 13.88500 60.36100
17 12 20 08 00 18391.30000 5.37100000 530.16000 76.02000 13.88500 60.36100
17 12 20 08 00 18379.50000 5.37100000 530.07000 76.13000 13.88500 60.36100
17 12 20 08 01 18359.30000 5.34500000 530.01000 76.06000 13.88500 60.33000
17 12 20 08 01 18349.90000 5.34200000 530.00000 76.10000 13.88500 60.32100
17 12 20 08 02 18361.50000 5.35900000 530.01000 76.13000 13.88500 60.32100
17 12 20 08 02 18370.00000 5.35900000 530.13000 76.27000 13.88500 60.32100
17 12 20 08 03 18370.50000 5.34600000 530.37000 76.31000 13.88500 60.38600
17 12 20 08 03 18376.90000 5.34600000 531.15000 76.50000 13.88500 60.38600
17 12 20 08 03 18412.70000 5.34600000 532.14000 76.78000 13.88500 60.38600
17 12 20 08 04 18453.60000 5.34600000 533.14000 76.82000 13.88500 60.38600
17 12 20 08 04 18452.00000 5.34600000 532.00000 76.60000 13.88500 60.38600
17 12 20 08 05 18483.10000 5.34600000 533.04000 76.66000 13.88500 60.38600
17 12 20 08 05 18470.70000 5.34600000 532.60000 76.58000 13.88500 60.38600
17 12 20 08 06 18495.00000 5.34600000 533.20000 76.65000 13.88500 60.38600
17 12 20 08 06 18490.00000 5.34600000 532.73000 76.67000 13.88500 60.61000
17 12 20 08 06 18473.30000 5.34600000 532.22000 76.64000 13.88500 60.61000
17 12 20 08 07 18482.60000 5.34600000 532.64000 76.85000 13.88500 60.61000
17 12 20 08 07 18466.00000 5.34600000 532.05000 76.64000 13.88500 60.61000
