M=[
 8 5 21 10 26 48449.90000 98.04500000 2931.11000 284.47000 39.60600 259.64700
 8 5 21 10 27 48450.00000 98.12000000 2931.18000 284.33000 39.60600 259.64700
 8 5 21 10 27 48478.30000 98.04500000 2932.16000 284.59000 39.60600 259.73500
 8 5 21 10 27 48478.40000 98.04500000 2932.57000 284.60000 39.60600 259.73500
 8 5 21 10 28 48482.70000 98.00100000 2932.41000 284.70000 39.60600 259.73500
 8 5 21 10 28 48486.90000 98.00000000 2931.73000 284.70000 39.60600 259.73500
 8 5 21 10 29 48500.00000 98.00800000 2931.31000 284.59000 39.60600 259.73500
 8 5 21 10 29 48500.00000 98.22500000 2932.37000 284.59000 39.60600 259.73500
 8 5 21 10 30 48500.00000 97.91000000 2932.32000 284.59000 39.60600 260.29200
 8 5 21 10 30 48500.00000 97.94300000 2932.59000 284.59000 39.60600 260.29200
 8 5 21 10 30 48511.20000 97.90400000 2932.59000 284.59000 39.60600 260.29200
 8 5 21 10 31 48532.70000 97.90400000 2933.44000 284.98000 39.57500 259.97800
 8 5 21 10 31 48578.20000 98.32200000 2934.98000 284.98000 39.62800 259.97800
 8 5 21 10 32 48590.00000 98.30500000 2933.31000 284.92000 39.62800 259.97800
 8 5 21 10 32 48578.00000 98.02600000 2935.25000 285.02000 39.62800 259.97800
 8 5 21 10 33 48549.90000 98.03700000 2934.51000 284.93000 39.62800 259.97800
 8 5 21 10 33 48549.80000 98.03700000 2933.69000 284.93000 39.62800 259.97800
 8 5 21 10 33 48514.60000 97.95000000 2930.99000 284.90000 39.62800 259.49200
 8 5 21 10 34 48487.20000 97.89800000 2932.24000 284.62000 39.62800 259.49200
 8 5 21 10 34 48460.90000 97.40000000 2932.23000 284.21000 39.62800 258.73600
 8 5 21 10 35 48460.80000 97.40000000 2930.00000 284.21000 39.62800 258.73600
 8 5 21 10 35 48460.80000 97.55500000 2923.19000 284.21000 39.62800 258.73500
 8 5 21 10 36 48460.70000 97.35100000 2925.17000 284.21000 39.62800 258.73500
 8 5 21 10 36 48468.50000 97.50700000 2925.84000 284.21000 39.62800 258.73500
 8 5 21 10 36 48468.50000 97.50300000 2926.60000 284.21000 39.62800 258.73500
 8 5 21 10 37 48468.50000 97.50300000 2926.41000 284.00000 39.62800 258.73500
 8 5 21 10 37 48468.60000 97.46900000 2926.41000 284.01000 39.62800 258.73500
 8 5 21 10 38 48468.90000 97.57600000 2927.11000 283.89000 39.62800 258.73500
 8 5 21 10 38 48509.60000 97.72100000 2928.99000 284.14000 39.62800 258.41200
 8 5 21 10 39 48509.00000 97.79100000 2929.17000 284.62000 39.62800 258.79600
 8 5 21 10 39 48509.10000 97.70800000 2929.66000 284.20000 39.62800 258.79600
 8 5 21 10 39 48509.90000 97.91600000 2929.68000 284.20000 39.62800 259.05400
 8 5 21 10 40 48483.70000 97.84600000 2927.50000 284.49000 39.62800 259.05400
 8 5 21 10 40 48460.00000 97.63800000 2926.60000 284.16000 39.59600 259.05400
 8 5 21 10 41 48460.10000 97.60000000 2924.24000 284.17000 39.59600 259.05400
 8 5 21 10 41 48355.50000 97.03800000 2923.07000 283.65000 39.59600 258.36900
 8 5 21 10 42 48355.50000 97.08200000 2923.06000 283.46000 39.59600 258.01400
 8 5 21 10 42 48347.70000 97.26800000 2923.21000 283.66000 39.59600 258.01400
 8 5 21 10 42 48350.80000 97.24300000 2924.26000 283.85000 39.59600 258.01400
 8 5 21 10 43 48363.50000 97.29500000 2925.23000 283.86000 39.59600 258.01400
 8 5 21 10 43 48360.10000 97.44200000 2926.04000 283.86000 39.59600 258.01400
 8 5 21 10 44 48347.00000 97.44100000 2923.62000 283.62000 39.59600 257.50200
 8 5 21 10 44 48303.40000 97.36900000 2917.00000 283.13000 39.41300 257.50200
 8 5 21 10 45 48234.90000 97.36900000 2914.71000 282.96000 39.41300 257.00000
 8 5 21 10 45 48234.90000 97.41000000 2915.63000 282.62000 39.41300 256.93500
 8 5 21 10 45 48315.80000 97.86700000 2918.42000 282.88000 39.41300 256.93500
 8 5 21 10 46 48320.50000 97.86900000 2919.77000 283.33000 39.41300 257.65200
 8 5 21 10 46 48280.60000 97.86900000 2919.83000 283.01000 39.41300 257.65200
 8 5 21 10 47 48286.30000 97.78600000 2918.68000 283.33000 39.41300 257.65200
 8 5 21 10 47 48321.40000 97.86800000 2919.00000 283.33000 39.41300 257.66000
 8 5 21 10 48 48370.60000 97.94200000 2921.51000 283.25000 39.41300 258.28500
 8 5 21 10 48 48333.20000 98.04600000 2922.18000 283.08000 39.41300 257.75300
 8 5 21 10 48 48323.90000 97.95200000 2922.49000 283.16000 39.41300 257.75300
 8 5 21 10 49 48327.90000 97.95200000 2921.18000 283.16000 39.41300 257.37200
 8 5 21 10 49 48327.90000 98.02600000 2922.93000 283.28000 39.50200 257.12200
 8 5 21 10 50 48302.20000 97.81400000 2921.31000 283.08000 39.50200 256.66300
 8 5 21 10 50 48284.50000 97.81400000 2920.08000 283.08000 39.50200 256.66300
 8 5 21 10 51 48299.00000 97.54200000 2920.09000 282.77000 39.50200 256.66300
 8 5 21 10 51 48220.50000 97.65500000 2915.81000 282.35000 39.50200 256.60000
 8 5 21 10 51 48234.50000 97.65500000 2916.28000 282.73000 39.50200 256.60000
 8 5 21 10 52 48260.10000 97.65700000 2913.52000 282.60000 39.50200 256.60000
 8 5 21 10 52 48259.90000 97.65700000 2915.26000 282.51000 39.50200 256.60000
 8 5 21 10 53 48286.60000 97.72600000 2917.44000 282.46000 39.50200 256.60000
 8 5 21 10 53 48265.80000 97.72600000 2918.34000 282.63000 39.50200 256.60000
 8 5 21 10 54 48284.40000 98.00000000 2915.92000 282.75000 39.50200 256.60000
 8 5 21 10 54 48306.20000 98.45200000 2917.28000 282.75000 39.50200 256.60000
 8 5 21 10 54 48319.60000 98.42800000 2918.89000 282.76000 39.50200 256.88200
 8 5 21 10 55 48321.90000 98.20000000 2918.89000 283.37000 39.50200 256.88200
 8 5 21 10 55 48322.00000 97.91600000 2918.90000 283.37000 39.50200 256.88200
 8 5 21 10 56 48321.70000 98.18900000 2918.90000 283.34000 39.50200 257.00100
 8 5 21 10 56 48321.70000 98.18100000 2918.90000 283.21000 39.50200 257.00100
 8 5 21 10 57 48370.60000 98.15000000 2921.99000 283.24000 39.50200 257.37200
 8 5 21 10 57 48376.20000 97.92700000 2922.49000 283.40000 39.50200 257.68900
 8 5 21 10 57 48353.30000 97.92200000 2920.25000 283.32000 39.50200 257.85300
 8 5 21 10 58 48325.70000 97.88000000 2918.11000 283.13000 39.50200 257.13000
 8 5 21 10 58 48345.10000 97.80000000 2919.79000 283.31000 39.50200 257.13000
 8 5 21 10 59 48336.40000 97.55400000 2920.24000 283.09000 39.50200 257.13000
 8 5 21 10 59 48350.80000 97.53000000 2918.74000 283.09000 39.50200 257.13000
 8 5 21 11 00 48350.80000 97.80200000 2920.01000 282.95000 39.50200 257.13000
 8 5 21 11 00 48350.80000 97.81900000 2920.99000 283.07000 39.50200 257.13000
 8 5 21 11 00 48350.90000 97.81900000 2921.24000 283.83000 39.50200 257.13000
 8 5 21 11 01 48396.90000 97.72600000 2922.32000 283.88000 39.50200 257.65800
 8 5 21 11 01 48405.60000 97.68300000 2922.32000 284.36000 39.50200 257.65800
 8 5 21 11 02 48358.10000 97.68300000 2922.00000 283.93000 39.50200 257.65800
 8 5 21 11 02 48358.10000 97.50000000 2920.01000 283.85000 39.50200 257.65800
 8 5 21 11 03 48350.90000 97.50000000 2920.01000 283.70000 39.50200 257.65800
 8 5 21 11 03 48349.40000 97.50000000 2920.67000 283.95000 39.50200 257.65800
 8 5 21 11 03 48357.90000 97.68500000 2922.45000 284.52000 39.50200 257.65800
 8 5 21 11 04 48357.90000 97.59100000 2922.94000 284.52000 39.50200 257.65800
 8 5 21 11 04 48357.90000 97.34600000 2922.25000 284.52000 39.50200 257.65800
 8 5 21 11 05 48334.50000 97.30000000 2920.14000 283.88000 39.50200 257.65800
 8 5 21 11 05 48334.40000 97.30000000 2920.15000 283.51000 39.50200 257.65800
 8 5 21 11 06 48354.00000 97.33000000 2920.67000 283.23000 39.50200 257.65800
 8 5 21 11 06 48357.90000 97.68500000 2921.55000 283.41000 39.50200 257.65800
 8 5 21 11 06 48358.00000 97.69100000 2921.17000 283.69000 39.50200 257.65800
 8 5 21 11 07 48358.00000 97.69100000 2922.51000 283.92000 39.50200 257.65800
 8 5 21 11 07 48357.90000 97.60900000 2921.05000 283.92000 39.50200 257.65800
 8 5 21 11 08 48358.00000 97.40200000 2922.40000 283.65000 39.50200 258.01800
 8 5 21 11 08 48357.90000 97.03300000 2922.40000 283.58000 39.50200 258.01800
 8 5 21 11 09 48357.90000 97.35500000 2922.39000 283.58000 39.50200 258.01800
 8 5 21 11 09 48358.00000 97.19400000 2922.39000 283.59000 39.50200 258.01800
 8 5 21 11 09 48357.90000 97.19400000 2922.80000 283.63000 39.50200 258.01800
