M=[
15 8 20 23 22 10034.30000 6.07800000 365.38000 50.64000 18.61800 71.81700
15 8 20 23 22 10032.90000 6.07800000 365.25000 50.61000 18.61800 72.30800
15 8 20 23 23 10032.90000 6.07800000 365.28000 50.60000 18.61800 72.30800
15 8 20 23 23 10032.90000 6.07800000 365.27000 50.59000 18.61800 72.30800
15 8 20 23 24 10031.80000 6.07800000 365.28000 50.61000 18.61800 72.30800
15 8 20 23 24 10031.90000 6.07800000 365.29000 50.61000 18.61800 72.30800
15 8 20 23 25 10031.80000 6.07800000 365.47000 50.61000 18.61800 72.30800
15 8 20 23 25 10032.80000 6.07800000 365.61000 50.61000 18.61800 72.30800
15 8 20 23 25 10036.30000 6.07800000 365.51000 50.66000 18.61800 72.30800
15 8 20 23 26 10038.50000 6.07800000 365.50000 50.66000 18.61800 72.30800
15 8 20 23 26 10041.70000 6.07800000 365.60000 50.66000 18.61800 72.30800
15 8 20 23 27 10041.80000 6.07800000 365.57000 50.66000 18.61800 72.30800
15 8 20 23 27 10041.90000 6.07800000 365.76000 50.66000 18.61800 72.30800
15 8 20 23 28 10039.10000 6.07800000 365.79000 50.66000 18.61800 72.30800
15 8 20 23 28 10031.80000 6.07800000 365.78000 50.65000 18.61800 72.30800
15 8 20 23 29 10032.80000 6.07800000 365.48000 50.65000 18.61800 72.30800
15 8 20 23 29 10032.80000 6.07800000 365.62000 50.65000 18.61800 72.30800
15 8 20 23 30 10031.60000 6.07800000 365.62000 50.65000 18.61800 72.30800
15 8 20 23 30 10030.80000 6.07800000 365.69000 50.65000 18.61800 72.30800
15 8 20 23 31 10031.20000 6.07800000 365.69000 50.65000 18.61800 72.30800
15 8 20 23 31 10031.10000 6.06400000 365.68000 50.67000 18.61800 72.30800
15 8 20 23 32 10031.20000 6.06400000 365.68000 50.66000 18.61800 72.30800
15 8 20 23 32 10039.70000 6.06400000 365.68000 50.71000 18.61800 72.30800
15 8 20 23 32 10041.30000 6.06400000 366.06000 50.71000 18.61800 72.30800
15 8 20 23 33 10041.30000 6.05900000 366.07000 50.71000 18.61800 72.30800
15 8 20 23 33 10040.10000 6.05900000 365.93000 50.71000 18.61800 72.30800
15 8 20 23 34 10040.10000 6.05900000 365.91000 50.71000 18.61800 72.30800
15 8 20 23 34 10040.30000 6.05900000 365.77000 50.67000 18.61800 72.30800
15 8 20 23 35 10040.30000 6.05900000 365.80000 50.67000 18.61800 72.30800
15 8 20 23 35 10040.50000 6.05900000 365.80000 50.67000 18.61800 72.30800
15 8 20 23 36 10040.60000 6.05900000 365.77000 50.67000 18.61800 72.30800
15 8 20 23 36 10040.90000 6.05900000 365.77000 50.67000 18.61800 72.30800
15 8 20 23 37 10042.20000 6.05900000 366.04000 50.64000 18.61800 72.30800
15 8 20 23 37 10042.30000 6.05900000 366.07000 50.64000 18.61800 72.30800
15 8 20 23 38 10042.30000 6.05900000 366.07000 50.64000 18.61800 72.30800
15 8 20 23 38 10042.30000 6.05900000 366.07000 50.62000 18.61800 72.30800
15 8 20 23 38 10041.00000 6.05900000 366.07000 50.62000 18.61800 72.30800
15 8 20 23 39 10039.10000 6.05900000 365.94000 50.61000 18.66600 72.30800
15 8 20 23 39 10039.00000 6.05900000 365.94000 50.61000 18.66600 72.30800
15 8 20 23 40 10038.80000 6.05900000 365.79000 50.61000 18.66600 72.30800
15 8 20 23 40 10038.70000 6.05900000 365.80000 50.61000 18.66600 72.30800
15 8 20 23 41 10038.60000 6.05900000 365.85000 50.69000 18.66600 72.30800
15 8 20 23 41 10038.50000 6.05900000 365.85000 50.69000 18.66600 72.30800
15 8 20 23 42 10038.60000 6.05900000 365.66000 50.69000 18.60000 72.30800
15 8 20 23 42 10037.50000 6.05900000 365.66000 50.69000 18.60000 72.30800
15 8 20 23 43 10035.30000 6.05900000 365.39000 50.69000 18.60000 72.30800
15 8 20 23 43 10030.20000 6.05900000 365.38000 50.69000 18.60000 72.16100
15 8 20 23 44 10029.40000 6.05900000 365.38000 50.69000 18.60000 72.16100
15 8 20 23 44 10029.40000 6.05900000 365.28000 50.69000 18.60000 72.16100
15 8 20 23 45 10029.00000 6.05900000 365.51000 50.69000 18.60000 72.16100
15 8 20 23 45 10028.90000 6.05900000 365.40000 50.69000 18.60000 72.16100
15 8 20 23 46 10029.00000 6.05900000 365.63000 50.69000 18.60000 72.16100
15 8 20 23 46 10028.90000 6.05900000 365.63000 50.69000 18.60000 72.16100
15 8 20 23 46 10025.10000 6.05900000 365.59000 50.69000 18.60000 72.16100
15 8 20 23 47 10015.90000 6.05900000 365.40000 50.69000 18.60000 72.16100
15 8 20 23 47 10020.80000 6.05900000 365.40000 50.69000 18.60000 72.16100
15 8 20 23 48 10020.10000 6.05900000 365.46000 50.69000 18.60000 72.16100
15 8 20 23 48 10021.20000 6.05900000 365.44000 50.69000 18.60000 72.16100
15 8 20 23 49 10021.80000 6.05900000 365.63000 50.69000 18.60000 72.16100
15 8 20 23 49 10021.80000 6.05900000 365.62000 50.65000 18.60000 72.16100
15 8 20 23 50 10024.40000 6.05900000 365.62000 50.65000 18.60000 72.16100
15 8 20 23 50 10030.10000 6.05900000 365.63000 50.65000 18.60000 72.16100
15 8 20 23 51 10027.00000 6.05900000 365.47000 50.65000 18.60000 72.16100
15 8 20 23 51 10027.10000 6.05900000 365.47000 50.65000 18.60000 72.16100
15 8 20 23 52 10024.90000 6.05900000 365.44000 50.65000 18.60000 72.16100
15 8 20 23 52 10024.90000 6.05900000 365.44000 50.65000 18.60000 72.08300
15 8 20 23 53 10024.90000 6.05900000 365.45000 50.65000 18.60000 72.08300
15 8 20 23 53 10025.00000 6.05900000 365.63000 50.65000 18.60000 72.08300
15 8 20 23 54 10033.60000 6.05900000 365.63000 50.65000 18.53500 72.08300
15 8 20 23 54 10033.70000 6.05900000 365.83000 50.65000 18.53500 72.08300
15 8 20 23 54 10034.10000 6.05900000 366.03000 50.65000 18.53500 72.08300
15 8 20 23 55 10034.30000 6.05900000 366.03000 50.65000 18.53500 72.08300
15 8 20 23 55 10034.60000 6.05900000 366.03000 50.65000 18.53500 72.08300
15 8 20 23 56 10034.80000 6.05900000 365.91000 50.76000 18.53500 72.08300
15 8 20 23 56 10035.00000 6.05900000 365.91000 50.76000 18.53500 72.08300
15 8 20 23 57 10035.30000 6.05900000 365.91000 50.76000 18.53400 72.08300
15 8 20 23 57 10034.80000 6.05900000 365.92000 50.76000 18.53400 72.08300
15 8 20 23 58 10034.80000 6.05900000 366.03000 50.76000 18.53400 72.08300
15 8 20 23 58 10033.50000 6.05900000 366.03000 50.76000 18.53400 72.08300
15 8 20 23 59 10033.50000 6.05900000 366.05000 50.76000 18.53400 72.08300
15 8 20 23 59 10023.50000 6.05900000 365.43000 50.76000 18.53400 72.08300
16 8 20 00 00 10023.10000 6.05900000 365.66000 50.66000 18.51200 72.08300
16 8 20 00 00 10021.50000 6.05900000 365.65000 50.66000 18.51200 72.08300
16 8 20 00 01 10021.40000 6.05900000 365.65000 50.66000 18.51200 72.08300
16 8 20 00 01 10021.40000 6.05900000 365.65000 50.65000 18.51200 72.08300
16 8 20 00 02 10022.00000 6.05900000 365.55000 50.65000 18.51200 72.08300
16 8 20 00 02 10032.90000 6.05900000 365.70000 50.76000 18.51100 72.10400
16 8 20 00 03 10039.60000 6.06800000 365.94000 50.78000 18.51200 72.14700
16 8 20 00 03 10035.50000 6.06800000 366.15000 50.76000 18.51200 72.14700
16 8 20 00 04 10028.80000 6.06800000 366.15000 50.76000 18.51200 72.14700
16 8 20 00 04 10029.70000 6.06800000 366.15000 50.80000 18.51200 72.14700
16 8 20 00 05 10028.80000 6.06800000 366.33000 50.80000 18.51200 72.14700
16 8 20 00 05 10028.60000 6.06800000 365.95000 50.80000 18.51200 72.14700
16 8 20 00 06 10028.70000 6.06800000 365.87000 50.80000 18.51200 72.14700
16 8 20 00 06 10028.00000 6.06800000 365.81000 50.75000 18.51200 72.14700
16 8 20 00 06 10027.70000 6.06800000 365.81000 50.75000 18.51200 72.14700
16 8 20 00 07 10027.70000 6.06800000 365.85000 50.75000 18.51200 72.14700
16 8 20 00 07 10027.70000 6.06800000 365.89000 50.74000 18.54100 72.14700
16 8 20 00 08 10023.50000 6.06800000 365.90000 50.74000 18.54100 72.14700
16 8 20 00 08 10023.90000 6.06800000 365.93000 50.74000 18.54100 72.14700
16 8 20 00 09 10024.80000 6.06800000 365.77000 50.74000 18.54100 72.14700
16 8 20 00 09 10025.20000 6.06800000 365.65000 50.74000 18.54100 72.14700
16 8 20 00 10 10023.60000 6.06800000 365.45000 50.70000 18.54100 72.14700
16 8 20 00 10 10023.60000 6.06800000 365.45000 50.59000 18.54100 72.14700
16 8 20 00 11 10021.40000 6.06800000 365.43000 50.51000 18.54100 72.14700
16 8 20 00 11 10016.70000 6.06800000 364.78000 50.51000 18.54100 72.14700
16 8 20 00 12 9999.30000 6.06800000 364.78000 50.49000 18.54100 71.66300
16 8 20 00 12 10000.10000 6.06800000 364.56000 50.48000 18.54100 71.66300
