M=[
30 9 20 01 15 9216.10000 4.90100000 305.05000 38.80000 12.26000 51.74300
30 9 20 01 16 9216.00000 4.90100000 305.05000 38.80000 12.26000 51.74300
30 9 20 01 16 9216.00000 4.90100000 305.05000 38.80000 12.26000 51.74300
30 9 20 01 17 9216.00000 4.90100000 305.05000 38.80000 12.26000 51.74300
30 9 20 01 17 9216.00000 4.88900000 305.05000 38.80000 12.26000 51.74300
30 9 20 01 17 9216.00000 4.88800000 305.16000 38.80000 12.26000 51.74300
30 9 20 01 18 9216.10000 4.88800000 305.16000 38.80000 12.26000 51.74300
30 9 20 01 18 9216.10000 4.88800000 305.16000 38.80000 12.26000 51.74300
30 9 20 01 19 9216.70000 4.88800000 305.16000 38.80000 12.26000 51.74300
30 9 20 01 19 9216.70000 4.88800000 305.16000 38.80000 12.26000 51.74300
30 9 20 01 20 9216.70000 4.88800000 305.16000 38.80000 12.26000 51.74300
30 9 20 01 20 9216.70000 4.88800000 305.16000 38.84000 12.26000 51.74300
30 9 20 01 20 9223.10000 4.88800000 305.16000 38.84000 12.26000 51.74300
30 9 20 01 21 9221.90000 4.88800000 305.16000 38.84000 12.26000 51.74300
30 9 20 01 22 9221.20000 4.88800000 305.60000 38.84000 12.26000 51.74300
30 9 20 01 23 9221.20000 4.88800000 305.60000 38.84000 12.26000 51.74300
30 9 20 01 24 9222.40000 4.88800000 305.60000 38.84000 12.26000 51.73100
30 9 20 01 26 9222.50000 4.88800000 305.61000 38.84000 12.26000 51.73100
30 9 20 01 26 9221.40000 4.87900000 305.61000 38.84000 12.26000 51.73100
30 9 20 01 27 9221.40000 4.87800000 305.61000 38.84000 12.26000 51.73100
30 9 20 01 27 9221.40000 4.87700000 305.61000 38.84000 12.26000 51.73100
30 9 20 01 28 9222.90000 4.87700000 305.48000 38.84000 12.26000 51.73100
30 9 20 01 28 9223.00000 4.87700000 305.48000 38.84000 12.26000 51.73100
30 9 20 01 28 9223.00000 4.87700000 305.48000 38.84000 12.26000 51.73100
30 9 20 01 29 9223.00000 4.87700000 305.48000 38.84000 12.26000 51.73100
30 9 20 01 29 9223.00000 4.87700000 305.48000 38.84000 12.26000 51.73100
30 9 20 01 30 9221.40000 4.87700000 305.48000 38.84000 12.26000 51.73100
30 9 20 01 30 9221.40000 4.87700000 305.48000 38.84000 12.26000 51.73100
30 9 20 01 31 9219.80000 4.87700000 305.48000 38.84000 12.26000 51.73100
30 9 20 01 31 9219.80000 4.87700000 305.48000 38.84000 12.26000 51.73100
30 9 20 01 32 9219.80000 4.87700000 305.48000 38.84000 12.26000 51.73100
30 9 20 01 32 9219.90000 4.87700000 305.48000 38.93000 12.26000 51.73100
30 9 20 01 32 9219.90000 4.87700000 305.48000 38.93000 12.26000 51.73100
30 9 20 01 33 9223.10000 4.87700000 305.61000 38.93000 12.26000 51.73100
30 9 20 01 33 9223.10000 4.87700000 305.61000 38.93000 12.26000 51.73100
30 9 20 01 34 9223.10000 4.87700000 305.61000 38.93000 12.26000 51.73100
30 9 20 01 34 9223.10000 4.87700000 305.61000 38.93000 12.26000 51.73100
30 9 20 01 35 9221.20000 4.87700000 305.44000 38.93000 12.26000 51.73100
30 9 20 01 35 9221.20000 4.87700000 305.44000 38.93000 12.27300 51.73100
30 9 20 01 35 9221.20000 4.87700000 305.44000 38.93000 12.27300 51.73100
30 9 20 01 36 9212.00000 4.87700000 305.44000 38.93000 12.27300 51.73100
30 9 20 01 36 9209.60000 4.87700000 305.44000 38.93000 12.27300 51.73100
30 9 20 01 37 9205.90000 4.87700000 305.44000 38.93000 12.27300 51.80700
30 9 20 01 37 9204.50000 4.87700000 305.44000 38.93000 12.27300 51.80700
30 9 20 01 38 9203.20000 4.87700000 305.05000 38.93000 12.27300 51.80700
30 9 20 01 38 9191.70000 4.87700000 304.73000 38.93000 12.26000 51.80700
30 9 20 01 38 9192.10000 4.87700000 304.73000 38.93000 12.26000 51.80700
30 9 20 01 39 9191.90000 4.87700000 304.73000 38.93000 12.26000 51.80700
30 9 20 01 39 9191.90000 4.87700000 304.68000 38.93000 12.26000 51.80700
30 9 20 01 40 9191.80000 4.87700000 304.68000 38.93000 12.26000 51.80700
30 9 20 01 40 9191.80000 4.87700000 304.68000 38.93000 12.26000 51.80700
30 9 20 01 41 9191.80000 4.87700000 304.68000 38.93000 12.26000 51.80700
30 9 20 01 41 9191.80000 4.87700000 304.68000 38.93000 12.26000 51.80700
30 9 20 01 41 9191.70000 4.87700000 304.53000 38.93000 12.26000 51.80700
30 9 20 01 42 9191.70000 4.87700000 304.54000 38.93000 12.26000 51.80700
30 9 20 01 42 9191.80000 4.87700000 304.54000 38.93000 12.26000 51.80700
30 9 20 01 43 9191.70000 4.87700000 304.54000 38.93000 12.26000 51.80700
30 9 20 01 43 9191.70000 4.87700000 304.54000 38.93000 12.26000 51.80700
30 9 20 01 44 9191.70000 4.87700000 304.44000 38.93000 12.26000 51.80700
30 9 20 01 44 9191.70000 4.87700000 304.44000 38.93000 12.26000 51.80700
30 9 20 01 45 9191.70000 4.87700000 304.58000 38.93000 12.26000 51.80700
30 9 20 01 45 9191.80000 4.87700000 304.58000 38.93000 12.26000 51.80700
30 9 20 01 45 9191.80000 4.87700000 304.58000 38.93000 12.26000 51.80700
30 9 20 01 46 9191.70000 4.87700000 304.58000 38.87000 12.26000 51.80700
30 9 20 01 46 9191.70000 4.87700000 304.58000 38.87000 12.26000 51.80700
30 9 20 01 47 9191.80000 4.87700000 304.48000 38.87000 12.26000 51.80700
30 9 20 01 47 9191.70000 4.87700000 304.48000 38.87000 12.26000 51.80700
30 9 20 01 48 9188.50000 4.87700000 304.48000 38.87000 12.26000 51.80700
30 9 20 01 48 9188.80000 4.87700000 304.41000 38.87000 12.26000 51.60600
30 9 20 01 48 9188.90000 4.87700000 304.00000 38.87000 12.26000 51.60600
30 9 20 01 49 9188.90000 4.87700000 304.01000 38.87000 12.26000 51.53000
30 9 20 01 49 9187.80000 4.87700000 303.23000 38.77000 12.26000 51.53000
30 9 20 01 50 9187.70000 4.87700000 302.54000 38.81000 12.26000 51.53000
30 9 20 01 50 9187.60000 4.87700000 303.13000 38.77000 12.26000 51.53000
30 9 20 01 51 9182.40000 4.87700000 303.18000 38.77000 12.26000 51.53000
30 9 20 01 51 9184.20000 4.87700000 303.25000 38.77000 12.26000 51.53000
30 9 20 01 51 9184.20000 4.87700000 303.48000 38.77000 12.26000 51.53000
30 9 20 01 52 9184.30000 4.87700000 303.50000 38.77000 12.26000 51.53000
30 9 20 01 52 9184.30000 4.87700000 303.50000 38.77000 12.26000 51.53000
30 9 20 01 53 9184.30000 4.87700000 303.50000 38.77000 12.26000 51.53000
30 9 20 01 53 9191.10000 4.87700000 303.50000 38.77000 12.26000 51.53000
30 9 20 01 54 9191.10000 4.87700000 303.50000 38.77000 12.26000 51.53000
30 9 20 01 54 9191.10000 4.87700000 303.50000 38.77000 12.26000 51.53000
30 9 20 01 55 9190.90000 4.87700000 303.50000 38.77000 12.26000 51.53000
30 9 20 01 55 9191.20000 4.87700000 303.50000 38.77000 12.26000 51.53000
30 9 20 01 55 9191.20000 4.87700000 303.84000 38.77000 12.26000 51.53000
30 9 20 01 56 9191.70000 4.87700000 303.84000 38.77000 12.26000 51.53000
30 9 20 01 56 9187.90000 4.87700000 303.84000 38.77000 12.26000 51.53000
30 9 20 01 57 9188.40000 4.87700000 303.84000 38.77000 12.26000 51.53000
30 9 20 01 57 9189.00000 4.87700000 303.62000 38.77000 12.26000 51.53000
30 9 20 01 58 9189.10000 4.87700000 303.80000 38.77000 12.26000 51.53000
30 9 20 01 58 9189.10000 4.87700000 303.80000 38.77000 12.26000 51.53000
30 9 20 01 58 9195.10000 4.87700000 303.80000 38.77000 12.26000 51.53000
30 9 20 01 59 9195.10000 4.87700000 303.76000 38.77000 12.26000 51.53000
30 9 20 01 59 9195.10000 4.87700000 303.76000 38.77000 12.26000 51.53000
30 9 20 02 00 9191.80000 4.87700000 303.76000 38.77000 12.26000 51.53000
30 9 20 02 00 9191.80000 4.87700000 303.76000 38.77000 12.26000 51.53000
30 9 20 02 01 9191.80000 4.87700000 303.76000 38.77000 12.26000 51.53000
30 9 20 02 01 9191.80000 4.87700000 303.76000 38.77000 12.26000 51.53000
30 9 20 02 01 9191.90000 4.87700000 303.92000 38.77000 12.26000 51.53000
30 9 20 02 02 9192.90000 4.87700000 303.98000 38.77000 12.26000 51.53000
30 9 20 02 02 9195.30000 4.87700000 303.98000 38.77000 12.26000 51.53000
30 9 20 02 03 9195.40000 4.87700000 303.98000 38.77000 12.26000 51.53000
30 9 20 02 03 9195.40000 4.87700000 303.98000 38.77000 12.26000 51.53000
30 9 20 02 04 9195.40000 4.87700000 303.98000 38.77000 12.26000 51.53000
30 9 20 02 04 9195.40000 4.87700000 303.98000 38.90000 12.26000 51.53000
30 9 20 02 04 9195.40000 4.87700000 303.98000 38.90000 12.26000 51.53000
30 9 20 02 05 9195.40000 4.87700000 303.98000 38.90000 12.26000 51.53000
30 9 20 02 05 9194.30000 4.87700000 303.98000 38.90000 12.26000 51.53000
