M=[
21 7 20 23 56 8156.00000 5.37500000 213.40000 38.03000 20.43300 54.18200
21 7 20 23 57 8156.40000 5.37500000 213.44000 38.03000 20.43300 54.18200
21 7 20 23 57 8156.40000 5.37500000 213.44000 38.03000 20.50000 54.18200
21 7 20 23 58 8156.40000 5.37500000 213.36000 38.03000 20.53000 54.18200
21 7 20 23 58 8156.30000 5.37500000 213.37000 38.03000 20.57000 54.18200
21 7 20 23 59 8156.40000 5.37500000 213.37000 38.03000 20.35100 54.18200
21 7 20 23 59 8159.90000 5.37500000 213.37000 38.03000 20.35100 54.18200
21 7 20 23 59 8159.90000 5.37500000 213.37000 38.03000 20.38000 54.18200
22 7 20 00 00 8160.00000 5.37500000 213.52000 38.02000 20.38000 54.18200
22 7 20 00 00 8160.00000 5.37500000 213.51000 38.02000 20.38000 54.18200
22 7 20 00 01 8160.00000 5.37500000 213.50000 38.02000 20.38000 54.34300
22 7 20 00 01 8159.90000 5.37500000 213.51000 38.02000 20.38000 54.34300
22 7 20 00 02 8156.30000 5.37500000 213.50000 38.02000 20.38000 54.34300
22 7 20 00 02 8159.90000 5.37500000 213.58000 38.02000 20.55000 54.45300
22 7 20 00 03 8159.20000 5.37800000 213.45000 38.04000 20.54200 54.45300
22 7 20 00 03 8159.80000 5.37800000 213.46000 38.07000 20.54200 54.45300
22 7 20 00 04 8160.00000 5.37800000 213.60000 38.07000 20.54200 54.52200
22 7 20 00 04 8160.00000 5.37800000 213.59000 38.07000 20.60400 54.58700
22 7 20 00 05 8159.10000 5.37800000 213.58000 38.07000 20.60400 54.58700
22 7 20 00 05 8159.10000 5.37800000 213.51000 38.07000 20.60400 54.58700
22 7 20 00 05 8159.10000 5.37800000 213.51000 38.07000 20.60400 54.58700
22 7 20 00 06 8153.90000 5.37800000 213.45000 38.07000 20.60400 54.62200
22 7 20 00 06 8154.00000 5.37800000 213.11000 38.07000 20.75900 54.62200
22 7 20 00 07 8154.00000 5.37800000 213.11000 38.07000 20.75900 54.62200
22 7 20 00 07 8153.90000 5.37800000 213.11000 38.07000 20.76000 54.62200
22 7 20 00 08 8153.90000 5.37800000 213.11000 38.07000 20.76000 54.65200
22 7 20 00 08 8154.20000 5.37800000 213.11000 38.02000 20.92000 54.65200
22 7 20 00 09 8152.10000 5.37800000 213.10000 38.02000 20.93600 54.65200
22 7 20 00 09 8152.20000 5.37800000 213.10000 38.02000 21.01900 54.65200
22 7 20 00 10 8152.50000 5.37800000 212.93000 38.02000 21.15800 54.72800
22 7 20 00 10 8152.80000 5.37800000 212.93000 38.02000 21.11000 54.72800
22 7 20 00 11 8152.80000 5.37800000 212.93000 38.02000 21.10400 54.81700
22 7 20 00 11 8152.80000 5.37800000 212.93000 38.02000 21.08500 54.81700
22 7 20 00 12 8152.20000 5.37800000 212.93000 38.02000 21.08500 54.88300
22 7 20 00 12 8151.70000 5.37800000 212.93000 37.95000 21.17200 54.88300
22 7 20 00 12 8151.70000 5.37800000 212.90000 37.95000 21.17200 54.88300
22 7 20 00 13 8151.80000 5.37800000 212.90000 37.95000 21.19500 54.88300
22 7 20 00 13 8151.70000 5.37800000 212.79000 37.95000 21.24100 55.05900
22 7 20 00 14 8151.30000 5.37800000 212.77000 37.95000 21.07600 55.06600
22 7 20 00 14 8151.30000 5.37800000 212.77000 37.95000 21.07600 55.00000
22 7 20 00 15 8151.40000 5.37800000 212.85000 37.95000 21.07600 55.00000
22 7 20 00 15 8151.30000 5.37800000 212.76000 37.95000 21.07600 55.00000
22 7 20 00 16 8151.20000 5.37800000 212.76000 37.95000 21.28000 55.00000
22 7 20 00 16 8151.20000 5.37800000 212.76000 37.95000 21.44500 55.00000
22 7 20 00 17 8151.30000 5.37800000 212.81000 37.95000 21.49200 55.00000
22 7 20 00 17 8151.30000 5.37800000 212.87000 37.95000 21.34400 55.00000
22 7 20 00 18 8151.20000 5.37800000 212.84000 37.95000 21.36900 55.06300
22 7 20 00 18 8151.20000 5.37800000 212.84000 37.95000 21.27600 55.06300
22 7 20 00 18 8151.10000 5.37800000 212.84000 37.95000 21.27600 55.06300
22 7 20 00 19 8151.10000 5.37800000 212.84000 37.95000 21.23500 55.06300
22 7 20 00 19 8151.00000 5.37800000 212.84000 37.95000 21.23500 55.06300
22 7 20 00 20 8151.10000 5.37800000 212.84000 37.95000 21.17000 55.06300
22 7 20 00 20 8151.10000 5.37800000 212.84000 37.95000 21.15400 55.06300
22 7 20 00 21 8151.00000 5.37800000 212.86000 37.95000 21.15400 55.03000
22 7 20 00 21 8151.00000 5.37800000 212.86000 37.95000 21.27100 55.03000
22 7 20 00 22 8151.10000 5.37800000 212.86000 37.95000 21.17300 55.03000
22 7 20 00 22 8151.10000 5.37800000 212.86000 37.97000 21.17300 55.03000
22 7 20 00 23 8151.10000 5.37800000 212.86000 37.97000 21.17300 55.00000
22 7 20 00 23 8151.10000 5.37800000 212.84000 37.97000 21.23900 55.00000
22 7 20 00 24 8151.00000 5.37800000 212.83000 37.97000 21.23900 55.00000
22 7 20 00 24 8151.00000 5.37800000 212.80000 37.97000 21.32300 55.05100
22 7 20 00 24 8150.00000 5.37800000 212.79000 37.97000 21.41600 55.05100
22 7 20 00 25 8149.20000 5.37800000 212.79000 37.96000 21.41800 55.05100
22 7 20 00 25 8149.20000 5.37800000 212.79000 37.96000 21.41800 55.05100
22 7 20 00 26 8148.30000 5.35900000 212.85000 37.96000 21.56900 55.05100
22 7 20 00 26 8148.30000 5.35900000 212.90000 37.96000 21.56900 55.05100
22 7 20 00 27 8148.20000 5.36000000 212.90000 37.96000 21.39500 55.05100
22 7 20 00 27 8148.30000 5.36000000 212.90000 37.96000 21.44200 55.05100
22 7 20 00 28 8148.30000 5.36000000 212.90000 37.96000 21.44200 55.05100
22 7 20 00 28 8148.20000 5.36000000 212.90000 37.96000 21.19800 55.05100
22 7 20 00 29 8147.30000 5.36000000 212.90000 37.96000 21.20200 55.05100
22 7 20 00 29 8147.20000 5.36000000 212.86000 37.96000 21.20200 55.05100
22 7 20 00 29 8146.70000 5.36000000 212.86000 37.96000 21.15600 55.05100
22 7 20 00 30 8146.20000 5.36000000 212.82000 37.96000 21.15600 55.05100
22 7 20 00 30 8143.50000 5.36000000 212.46000 37.87000 21.12700 55.05100
22 7 20 00 31 8142.60000 5.36000000 212.52000 37.87000 21.12700 55.05100
22 7 20 00 31 8142.70000 5.36000000 212.52000 37.87000 21.12700 55.05100
22 7 20 00 32 8141.70000 5.36000000 212.62000 37.87000 21.12700 54.96800
22 7 20 00 32 8141.40000 5.36000000 212.61000 37.87000 21.12700 54.96800
22 7 20 00 33 8141.40000 5.36000000 212.65000 37.87000 21.12700 54.96800
22 7 20 00 33 8141.40000 5.36000000 212.68000 37.87000 21.12700 55.20000
22 7 20 00 34 8141.40000 5.36000000 212.67000 37.87000 20.85400 55.22500
22 7 20 00 34 8141.30000 5.36000000 212.67000 37.87000 20.85400 55.22500
22 7 20 00 34 8141.40000 5.36000000 212.67000 37.87000 20.85400 55.22500
22 7 20 00 35 8141.70000 5.36000000 212.67000 37.87000 20.85400 55.27900
22 7 20 00 35 8142.60000 5.36000000 212.73000 37.87000 20.85400 55.30700
22 7 20 00 36 8140.80000 5.36000000 212.73000 37.87000 20.85400 55.31800
22 7 20 00 36 8140.70000 5.36000000 212.73000 37.87000 20.85400 55.31800
22 7 20 00 37 8142.60000 5.36000000 212.73000 37.87000 20.83800 55.40200
22 7 20 00 37 8142.50000 5.36000000 212.77000 37.87000 20.83800 55.40200
22 7 20 00 38 8142.50000 5.36000000 212.70000 37.87000 20.82600 55.40200
22 7 20 00 38 8142.50000 5.36000000 212.70000 37.87000 20.82600 55.40200
22 7 20 00 38 8142.50000 5.36000000 212.72000 37.87000 20.84500 55.40200
22 7 20 00 39 8145.10000 5.36000000 212.82000 37.87000 20.84000 55.40200
22 7 20 00 39 8145.30000 5.36000000 212.82000 37.87000 20.84000 55.40200
22 7 20 00 40 8145.30000 5.36000000 212.82000 37.87000 20.90800 55.40200
22 7 20 00 40 8145.30000 5.36000000 212.82000 37.87000 20.90800 55.40200
22 7 20 00 41 8145.30000 5.36000000 212.82000 37.87000 20.90800 55.40200
22 7 20 00 41 8145.20000 5.36000000 212.82000 37.87000 20.90800 55.39700
22 7 20 00 42 8145.20000 5.36000000 212.82000 37.87000 20.90800 55.39700
22 7 20 00 42 8143.70000 5.36900000 212.81000 37.87000 21.06600 55.24600
22 7 20 00 42 8143.80000 5.36900000 212.81000 37.87000 21.08000 55.24600
22 7 20 00 43 8143.70000 5.36900000 212.80000 37.87000 21.07100 55.24600
22 7 20 00 43 8143.70000 5.36900000 212.72000 37.87000 21.07100 55.24600
22 7 20 00 44 8145.40000 5.36900000 212.72000 37.87000 21.07100 55.23200
22 7 20 00 44 8147.00000 5.36900000 212.76000 37.87000 21.06100 55.23200
22 7 20 00 45 8147.00000 5.36900000 212.76000 37.87000 21.06100 55.23200
22 7 20 00 45 8147.00000 5.36900000 212.76000 37.87000 21.06100 55.23200
22 7 20 00 46 8147.20000 5.36900000 212.76000 37.87000 21.06100 55.26400
