M=[
11 8 20 22 13 9650.00000 5.66900000 318.25000 45.73000 17.09200 68.84000
11 8 20 22 13 9666.70000 5.66900000 318.61000 45.73000 17.09200 68.84000
11 8 20 22 14 9688.10000 5.69700000 318.98000 45.79000 17.09200 68.84000
11 8 20 22 15 9685.70000 5.69700000 319.18000 45.79000 17.09200 68.84000
11 8 20 22 15 9671.30000 5.69700000 318.76000 45.80000 17.09200 68.84000
11 8 20 22 16 9668.50000 5.69700000 318.56000 45.80000 17.09200 68.84000
11 8 20 22 16 9672.30000 5.69700000 318.41000 45.80000 17.09200 68.84000
11 8 20 22 17 9672.30000 5.69700000 318.42000 45.74000 17.09200 68.84000
11 8 20 22 17 9675.70000 5.69700000 318.20000 45.74000 17.09200 68.84000
11 8 20 22 18 9670.10000 5.69700000 318.08000 45.72000 17.09200 68.84000
11 8 20 22 18 9672.00000 5.69700000 318.08000 45.68000 17.15000 68.84000
11 8 20 22 19 9665.10000 5.69700000 318.01000 45.69000 17.15000 68.84000
11 8 20 22 19 9665.10000 5.69700000 317.75000 45.69000 17.15000 68.84000
11 8 20 22 20 9664.90000 5.69700000 317.48000 45.66000 17.15000 68.84000
11 8 20 22 20 9663.70000 5.69700000 317.72000 45.71000 17.15000 68.64200
11 8 20 22 21 9668.20000 5.69700000 317.95000 45.68000 17.15000 68.62500
11 8 20 22 21 9667.90000 5.69700000 317.94000 45.68000 17.15000 68.62500
11 8 20 22 22 9667.90000 5.69700000 317.73000 45.68000 17.15000 68.62500
11 8 20 22 22 9667.80000 5.69700000 317.73000 45.68000 17.15000 68.62500
11 8 20 22 22 9670.40000 5.69700000 317.81000 45.68000 17.15000 68.62500
11 8 20 22 23 9672.80000 5.69700000 317.81000 45.68000 17.15000 68.62500
11 8 20 22 23 9673.30000 5.69700000 317.81000 45.68000 17.15000 68.62500
11 8 20 22 24 9674.20000 5.69700000 317.80000 45.71000 17.15000 68.62500
11 8 20 22 24 9669.80000 5.69700000 317.76000 45.71000 17.15000 68.62500
11 8 20 22 25 9665.70000 5.69700000 317.75000 45.71000 17.15000 68.62500
11 8 20 22 25 9668.70000 5.69700000 317.80000 45.75000 17.15000 68.62500
11 8 20 22 26 9666.90000 5.69700000 317.78000 45.75000 17.16800 68.62500
11 8 20 22 26 9663.90000 5.69700000 317.78000 45.75000 17.16800 68.62500
11 8 20 22 27 9663.80000 5.69700000 317.76000 45.72000 17.16800 68.62500
11 8 20 22 27 9665.50000 5.69700000 317.75000 45.72000 17.16800 68.62500
11 8 20 22 28 9665.20000 5.69700000 317.76000 45.75000 17.16800 68.62500
11 8 20 22 28 9677.80000 5.69700000 318.49000 45.75000 17.16800 68.62500
11 8 20 22 29 9678.90000 5.69700000 318.52000 45.75000 17.16800 68.62500
11 8 20 22 29 9685.70000 5.69700000 318.94000 45.75000 17.16800 68.62500
11 8 20 22 30 9682.30000 5.69700000 318.86000 45.82000 17.16800 68.62500
11 8 20 22 30 9667.10000 5.69700000 318.50000 45.78000 17.16800 68.62500
11 8 20 22 31 9665.00000 5.69700000 318.42000 45.78000 17.16800 68.62500
11 8 20 22 31 9660.20000 5.69700000 318.32000 45.79000 17.16800 68.62500
11 8 20 22 32 9660.00000 5.69700000 318.34000 45.79000 17.16800 68.62500
11 8 20 22 32 9656.80000 5.69700000 318.14000 45.79000 17.16800 68.62500
11 8 20 22 33 9656.20000 5.69700000 318.12000 45.78000 17.16800 68.62500
11 8 20 22 33 9650.10000 5.69700000 318.13000 45.75000 17.16800 68.63700
11 8 20 22 34 9652.00000 5.69700000 318.01000 45.75000 17.16800 68.63700
11 8 20 22 34 9660.10000 5.69700000 318.16000 45.75000 17.16800 68.63700
11 8 20 22 35 9662.60000 5.69700000 318.50000 45.75000 17.16800 68.63700
11 8 20 22 35 9639.70000 5.69700000 317.95000 45.75000 17.16800 68.63700
11 8 20 22 36 9639.40000 5.69700000 317.95000 45.72000 17.16800 68.63700
11 8 20 22 36 9636.00000 5.69700000 317.94000 45.72000 17.16800 68.60000
11 8 20 22 37 9635.90000 5.69700000 317.95000 45.72000 17.16800 68.60000
11 8 20 22 37 9636.10000 5.69700000 317.95000 45.72000 17.31700 68.60000
11 8 20 22 38 9636.10000 5.69700000 317.95000 45.72000 17.31700 68.60000
11 8 20 22 38 9636.00000 5.69700000 317.95000 45.77000 17.31700 68.60000
11 8 20 22 39 9636.00000 5.69700000 318.62000 45.77000 17.31700 68.60000
11 8 20 22 39 9636.00000 5.69700000 319.11000 45.75000 17.30500 68.60000
11 8 20 22 39 9636.10000 5.69700000 319.13000 45.75000 17.31000 68.60000
11 8 20 22 40 9636.00000 5.69700000 319.28000 45.75000 17.31000 68.60000
11 8 20 22 40 9636.10000 5.69700000 319.27000 45.75000 17.31000 68.60000
11 8 20 22 41 9636.10000 5.69700000 319.32000 45.75000 17.31000 68.60000
11 8 20 22 41 9636.00000 5.69300000 319.44000 45.75000 17.31000 68.60000
11 8 20 22 42 9636.10000 5.69300000 319.59000 45.78000 17.31000 68.60000
11 8 20 22 42 9646.20000 5.68600000 319.79000 45.78000 17.31000 68.60000
11 8 20 22 43 9654.50000 5.68600000 319.79000 45.78000 17.31000 68.60000
11 8 20 22 43 9660.90000 5.69300000 320.22000 45.78000 17.31000 68.60000
11 8 20 22 44 9665.10000 5.69300000 320.22000 45.78000 17.31000 68.60000
11 8 20 22 44 9659.60000 5.69300000 319.99000 45.78000 17.31000 68.33400
11 8 20 22 45 9658.70000 5.69300000 319.99000 45.78000 17.31000 68.33400
11 8 20 22 45 9662.40000 5.69300000 320.00000 45.83000 17.31000 68.33400
11 8 20 22 45 9666.30000 5.69300000 320.32000 45.83000 17.31000 68.33400
11 8 20 22 46 9668.60000 5.69300000 320.32000 45.92000 17.31000 68.33400
11 8 20 22 46 9670.40000 5.69300000 320.31000 45.88000 17.31000 68.33400
11 8 20 22 47 9670.90000 5.69300000 320.19000 45.88000 17.31000 68.33400
11 8 20 22 47 9671.00000 5.69300000 320.19000 45.88000 17.34700 68.33400
11 8 20 22 48 9668.70000 5.69300000 320.17000 45.92000 17.34700 68.33400
11 8 20 22 48 9668.70000 5.69300000 320.10000 45.92000 17.34700 68.33400
11 8 20 22 49 9668.70000 5.69300000 320.16000 45.92000 17.34700 68.33400
11 8 20 22 49 9668.70000 5.69300000 320.16000 45.92000 17.32800 68.33400
11 8 20 22 50 9668.70000 5.69300000 320.25000 45.92000 17.32800 68.33400
11 8 20 22 50 9675.80000 5.69300000 320.81000 45.92000 17.32800 68.33400
11 8 20 22 51 9675.40000 5.69300000 320.37000 45.92000 17.32800 68.33400
11 8 20 22 51 9676.60000 5.71700000 320.37000 45.95000 17.32800 68.33400
11 8 20 22 52 9671.20000 5.71700000 320.19000 45.95000 17.32800 68.33400
11 8 20 22 52 9668.10000 5.71700000 320.10000 45.95000 17.32800 68.33400
11 8 20 22 53 9667.10000 5.71700000 320.24000 45.95000 17.32800 68.33400
11 8 20 22 53 9669.00000 5.71700000 320.18000 45.95000 17.32800 68.33400
11 8 20 22 53 9669.10000 5.71700000 320.09000 45.95000 17.32800 68.33400
11 8 20 22 54 9669.10000 5.71700000 320.09000 45.96000 17.32800 68.33400
11 8 20 22 54 9681.00000 5.71700000 320.39000 45.96000 17.32800 68.33400
11 8 20 22 55 9669.70000 5.71700000 320.09000 45.96000 17.32800 68.33400
11 8 20 22 55 9667.70000 5.71700000 320.09000 45.96000 17.32800 68.33400
11 8 20 22 56 9680.60000 5.71700000 320.00000 45.96000 17.32800 68.33400
11 8 20 22 56 9674.30000 5.71700000 320.04000 45.96000 17.32800 68.33400
11 8 20 22 57 9672.30000 5.71700000 320.01000 45.96000 17.32800 68.31100
11 8 20 22 57 9671.30000 5.71700000 320.01000 45.97000 17.32800 68.31100
11 8 20 22 58 9677.60000 5.71700000 320.42000 45.97000 17.32800 68.31100
11 8 20 22 58 9689.20000 5.71700000 320.31000 46.02000 17.32800 68.41800
11 8 20 22 59 9680.80000 5.71700000 320.20000 46.02000 17.32800 68.31100
11 8 20 22 59 9680.60000 5.71700000 320.01000 46.00000 17.32800 68.31100
11 8 20 23 00 9680.50000 5.71700000 319.94000 45.96000 17.32800 68.15200
11 8 20 23 00 9678.10000 5.71700000 319.91000 45.94000 17.32800 68.15200
11 8 20 23 01 9671.40000 5.71700000 320.12000 45.94000 17.32800 68.15200
11 8 20 23 01 9671.40000 5.71700000 320.12000 45.94000 17.32800 68.15200
11 8 20 23 02 9673.20000 5.71700000 320.10000 45.94000 17.32800 68.15200
11 8 20 23 02 9680.40000 5.71700000 320.12000 45.94000 17.32800 68.15200
11 8 20 23 03 9685.70000 5.73000000 320.65000 46.02000 17.32800 68.15200
11 8 20 23 03 9696.70000 5.74600000 321.06000 46.03000 17.32800 68.15200
11 8 20 23 04 9696.60000 5.74600000 321.23000 46.03000 17.32800 68.14000
11 8 20 23 04 9697.80000 5.74600000 321.36000 46.11000 17.32800 68.14000
11 8 20 23 05 9697.80000 5.74600000 321.52000 46.11000 17.32800 68.41000
11 8 20 23 05 9704.90000 5.74600000 321.57000 46.10000 17.32800 68.41000
