M=[
23 5 20 01 55 8479.70000 5.97000000 191.91000 40.76000 11.60600 44.05300
23 5 20 01 56 8479.60000 5.97000000 191.91000 40.76000 11.61000 44.05300
23 5 20 01 56 8479.60000 5.97000000 191.91000 40.76000 11.61000 44.05300
23 5 20 01 56 8479.50000 5.97000000 191.91000 40.76000 11.61000 44.05300
23 5 20 01 57 8474.40000 5.97000000 191.91000 40.76000 11.61000 44.05300
23 5 20 01 57 8474.40000 5.97000000 191.92000 40.76000 11.61000 44.05300
23 5 20 01 58 8475.80000 5.97000000 191.92000 40.76000 11.61000 44.05300
23 5 20 01 58 8475.70000 5.97000000 191.92000 40.76000 11.61000 44.05300
23 5 20 01 59 8475.70000 5.97000000 191.92000 40.76000 11.61000 44.05300
23 5 20 01 59 8477.60000 5.97000000 191.92000 40.76000 11.61000 44.05300
23 5 20 02 00 8484.40000 5.97000000 191.99000 40.76000 11.60600 44.05300
23 5 20 02 00 8484.00000 5.97000000 191.92000 40.76000 11.61000 44.05300
23 5 20 02 00 8482.10000 5.97000000 191.98000 40.76000 11.61000 44.05300
23 5 20 02 01 8482.80000 5.97000000 191.92000 40.76000 11.61000 44.05300
23 5 20 02 01 8482.80000 5.97000000 191.92000 40.76000 11.61000 44.33100
23 5 20 02 02 8480.20000 5.97000000 191.92000 40.76000 11.61000 44.05300
23 5 20 02 02 8480.50000 5.97000000 191.92000 40.76000 11.61000 44.05300
23 5 20 02 03 8485.10000 5.97000000 192.05000 40.76000 11.58000 44.05300
23 5 20 02 03 8489.90000 5.97000000 192.05000 40.76000 11.61000 44.05300
23 5 20 02 04 8489.50000 5.97000000 192.15000 40.76000 11.58000 44.05300
23 5 20 02 04 8490.00000 5.97000000 192.28000 40.76000 11.61000 44.05300
23 5 20 02 05 8489.90000 5.97000000 192.28000 40.76000 11.61000 44.05300
23 5 20 02 05 8489.90000 5.97000000 192.77000 40.76000 11.61000 44.05300
23 5 20 02 06 8490.00000 5.97000000 192.77000 40.76000 11.61000 44.05300
23 5 20 02 06 8490.00000 5.97400000 192.99000 40.76000 11.61000 44.05300
23 5 20 02 07 8490.00000 5.97000000 192.99000 40.76000 11.61000 44.05300
23 5 20 02 07 8489.90000 5.97000000 193.00000 40.76000 11.61000 44.17000
23 5 20 02 07 8490.00000 5.97000000 193.30000 40.76000 11.61000 44.05300
23 5 20 02 08 8490.00000 5.97000000 193.28000 40.76000 11.61000 44.05300
23 5 20 02 08 8490.00000 5.97000000 193.37000 40.76000 11.60600 44.05300
23 5 20 02 09 8489.90000 5.97000000 193.39000 40.76000 11.61000 44.05300
23 5 20 02 09 8489.90000 5.97000000 193.40000 40.76000 11.60600 44.05300
23 5 20 02 10 8489.90000 5.97000000 193.40000 40.76000 11.61000 44.05300
23 5 20 02 10 8490.00000 5.97000000 193.43000 40.76000 11.61000 44.05300
23 5 20 02 11 8492.70000 5.97000000 193.93000 40.76000 11.61000 44.05300
23 5 20 02 11 8492.70000 5.97000000 193.68000 41.00000 11.61000 44.17000
23 5 20 02 12 8499.90000 5.97000000 193.68000 41.00000 11.61000 44.05300
23 5 20 02 12 8496.20000 5.97000000 193.46000 40.76000 11.61000 44.05300
23 5 20 02 13 8496.80000 5.97000000 193.46000 41.00000 11.61000 44.05300
23 5 20 02 13 8497.00000 5.97000000 193.40000 41.00000 11.61000 44.17000
23 5 20 02 13 8498.00000 5.97000000 193.39000 41.00000 11.61000 44.05300
23 5 20 02 14 8498.00000 5.97000000 193.36000 41.00000 11.61000 44.05300
23 5 20 02 14 8498.00000 5.97000000 193.32000 41.00000 11.61000 44.05300
23 5 20 02 15 8497.90000 5.97000000 193.32000 40.93000 11.60600 44.05300
23 5 20 02 15 8497.90000 5.97000000 193.32000 40.94000 11.61000 44.05300
23 5 20 02 16 8498.00000 5.97400000 193.34000 40.94000 11.61000 44.05300
23 5 20 02 16 8496.00000 5.97000000 193.34000 40.94000 11.61000 44.05300
23 5 20 02 17 8496.10000 5.97000000 193.34000 40.96000 11.61000 44.05300
23 5 20 02 17 8495.50000 5.97000000 193.32000 40.96000 11.61000 44.05300
23 5 20 02 18 8496.20000 5.97000000 193.32000 40.96000 11.61000 44.05300
23 5 20 02 18 8496.00000 5.97000000 193.32000 40.96000 11.61000 44.17000
23 5 20 02 18 8496.20000 5.97000000 193.32000 40.96000 11.61000 44.05300
23 5 20 02 19 8496.20000 5.97000000 193.32000 40.96000 11.61000 44.33100
23 5 20 02 19 8496.20000 5.97000000 193.32000 41.00000 11.61000 44.05300
23 5 20 02 20 8494.70000 5.97000000 193.32000 40.96000 11.60600 44.33100
23 5 20 02 20 8493.60000 5.97000000 193.16000 40.96000 11.61000 44.05300
23 5 20 02 21 8493.60000 5.97000000 193.16000 40.96000 11.61000 44.05300
23 5 20 02 21 8493.60000 5.97000000 193.16000 40.96000 11.61000 44.05300
23 5 20 02 22 8493.50000 5.97000000 193.16000 40.96000 11.61000 44.05300
23 5 20 02 22 8494.20000 5.97000000 193.21000 40.96000 11.61000 44.17000
23 5 20 02 22 8494.90000 5.97000000 193.14000 40.96000 11.61000 44.05300
23 5 20 02 23 8495.60000 5.97000000 193.14000 40.93000 11.61000 44.05300
23 5 20 02 23 8493.20000 5.97000000 193.14000 40.96000 11.61000 44.17000
23 5 20 02 24 8493.40000 5.97000000 193.14000 40.96000 11.61000 44.05300
23 5 20 02 24 8494.50000 5.97000000 193.14000 40.96000 11.61000 44.05300
23 5 20 02 25 8493.70000 5.97000000 193.14000 40.96000 11.61000 44.05300
23 5 20 02 25 8491.10000 5.98900000 193.14000 40.96000 11.61000 44.05300
23 5 20 02 26 8489.80000 5.98900000 192.96000 40.96000 11.61000 44.05300
23 5 20 02 26 8490.20000 5.97000000 192.97000 40.93000 11.61000 44.05300
23 5 20 02 27 8491.30000 5.97000000 192.97000 40.96000 11.61000 44.05300
23 5 20 02 27 8489.60000 5.97000000 192.97000 40.96000 11.61000 44.05300
23 5 20 02 27 8489.60000 5.97000000 192.97000 40.96000 11.61000 44.05300
23 5 20 02 28 8497.50000 5.97000000 193.16000 40.96000 11.61000 44.05300
23 5 20 02 28 8491.10000 5.97000000 193.39000 40.97000 11.61000 44.05300
23 5 20 02 29 8496.60000 5.97000000 193.36000 40.96000 11.61000 44.05300
23 5 20 02 29 8497.50000 5.97000000 193.31000 40.93000 11.61000 44.05300
23 5 20 02 30 8497.50000 5.97000000 193.34000 40.97000 11.61000 44.05300
23 5 20 02 30 8498.00000 5.97000000 193.34000 40.97000 11.61000 44.05300
23 5 20 02 31 8498.00000 5.97000000 193.34000 40.97000 11.61000 44.05300
23 5 20 02 31 8499.90000 5.97000000 193.39000 40.97000 11.61000 44.05300
23 5 20 02 32 8500.00000 5.97000000 193.40000 40.97000 11.61000 44.05300
23 5 20 02 32 8510.00000 5.97000000 193.40000 41.00000 11.61000 44.05300
23 5 20 02 33 8515.10000 5.97000000 193.40000 41.00000 11.60600 44.05300
23 5 20 02 33 8515.10000 5.97000000 193.40000 41.00000 11.61000 44.05300
23 5 20 02 33 8514.10000 5.97000000 193.40000 41.00000 11.61000 44.17000
23 5 20 02 34 8512.80000 5.97000000 193.69000 41.02000 11.61000 44.05300
23 5 20 02 34 8516.90000 5.97000000 193.69000 41.02000 11.61000 44.05300
23 5 20 02 35 8515.60000 5.97000000 193.69000 41.00000 11.61000 44.17000
23 5 20 02 35 8508.50000 5.97000000 193.69000 40.98000 11.61000 44.05300
23 5 20 02 36 8509.60000 5.97000000 193.69000 40.98000 11.61000 44.05300
23 5 20 02 36 8509.60000 5.97000000 193.69000 40.97000 11.61000 44.05300
23 5 20 02 37 8508.40000 5.97000000 193.16000 40.97000 11.61000 44.05300
23 5 20 02 37 8508.70000 5.97000000 193.16000 40.97000 11.61000 44.05300
23 5 20 02 38 8508.70000 5.97400000 193.16000 40.97000 11.60600 44.05300
23 5 20 02 38 8509.90000 5.97000000 193.16000 40.97000 11.61000 44.05300
23 5 20 02 38 8509.90000 5.97000000 193.26000 40.97000 11.61000 44.17000
23 5 20 02 39 8509.90000 5.97400000 193.16000 40.97000 11.61000 44.05300
23 5 20 02 39 8519.40000 5.97000000 193.25000 40.97000 11.61000 44.05300
23 5 20 02 40 8525.00000 5.97000000 193.58000 40.97000 11.61000 44.05300
23 5 20 02 40 8525.00000 5.97000000 193.58000 40.97000 11.61000 44.05300
23 5 20 02 41 8525.00000 5.97000000 193.58000 40.97000 11.61000 44.05300
23 5 20 02 41 8525.00000 5.97000000 193.58000 40.97000 11.60600 44.05300
23 5 20 02 42 8526.00000 5.97400000 193.58000 40.97000 11.61000 44.05300
23 5 20 02 42 8526.10000 5.97000000 193.58000 40.97000 11.60600 44.05300
23 5 20 02 43 8526.10000 5.97000000 193.49000 40.97000 11.61000 44.05300
23 5 20 02 43 8526.10000 5.97000000 193.49000 40.97000 11.61000 44.05300
23 5 20 02 43 8526.10000 5.97000000 193.49000 40.97000 11.61000 44.05300
23 5 20 02 44 8526.10000 5.97000000 193.39000 40.97000 11.61000 44.05300
23 5 20 02 44 8526.00000 5.97000000 193.32000 40.97000 11.61000 44.05300
