M=[
16 6 20 20 19 8437.80000 5.55000000 207.67000 38.90000 13.66600 46.46900
16 6 20 20 19 8437.80000 5.55000000 207.67000 38.90000 13.66600 46.46900
16 6 20 20 20 8437.70000 5.55000000 207.67000 38.90000 13.66600 46.46900
16 6 20 20 20 8437.50000 5.55000000 207.67000 38.90000 13.66600 46.46900
16 6 20 20 21 8436.10000 5.55000000 207.67000 38.90000 13.66600 46.46900
16 6 20 20 21 8436.00000 5.55000000 207.67000 38.90000 13.66600 46.46900
16 6 20 20 22 8436.10000 5.55000000 207.60000 38.90000 13.66600 46.46900
16 6 20 20 22 8436.10000 5.55000000 207.61000 38.90000 13.66600 46.50000
16 6 20 20 23 8436.10000 5.55000000 207.60000 38.90000 13.66600 46.46900
16 6 20 20 23 8434.60000 5.53500000 207.61000 38.90000 13.70600 46.46900
16 6 20 20 24 8434.60000 5.55000000 207.59000 38.90000 13.66600 46.46900
16 6 20 20 24 8433.10000 5.55000000 207.55000 38.90000 13.66600 46.46900
16 6 20 20 25 8432.00000 5.55000000 207.51000 38.90000 13.66600 46.46900
16 6 20 20 25 8432.10000 5.55000000 207.51000 38.90000 13.66600 46.46900
16 6 20 20 26 8432.10000 5.55000000 207.61000 38.90000 13.66600 46.46900
16 6 20 20 26 8432.00000 5.55000000 207.60000 38.90000 13.66600 46.46900
16 6 20 20 27 8432.10000 5.55000000 207.53000 38.90000 13.66600 46.50000
16 6 20 20 27 8432.10000 5.55000000 207.54000 38.90000 13.66600 46.46900
16 6 20 20 28 8432.00000 5.55000000 207.53000 38.85000 13.70600 46.46900
16 6 20 20 28 8432.00000 5.55000000 207.53000 38.85000 13.66600 46.46900
16 6 20 20 28 8431.80000 5.55000000 207.53000 38.85000 13.66600 46.46900
16 6 20 20 29 8431.90000 5.55000000 207.60000 38.85000 13.66600 46.46900
16 6 20 20 29 8431.80000 5.55000000 207.54000 38.85000 13.65100 46.46900
16 6 20 20 30 8429.40000 5.55000000 207.54000 38.86000 13.65100 46.50000
16 6 20 20 30 8429.40000 5.55000000 207.54000 38.86000 13.65100 46.48600
16 6 20 20 31 8429.50000 5.55000000 207.50000 38.86000 13.65100 46.48600
16 6 20 20 31 8429.50000 5.55000000 207.50000 38.86000 13.65100 46.48600
16 6 20 20 32 8425.30000 5.55000000 207.40000 38.86000 13.70600 46.48600
16 6 20 20 32 8425.50000 5.55000000 207.40000 38.85000 13.70600 46.48600
16 6 20 20 33 8426.80000 5.55000000 207.40000 38.85000 13.70600 46.48600
16 6 20 20 33 8426.30000 5.55000000 207.47000 38.85000 13.70600 46.48600
16 6 20 20 34 8426.20000 5.53500000 207.46000 38.85000 13.70600 46.48600
16 6 20 20 34 8426.30000 5.55000000 207.46000 38.84000 13.70600 46.48600
16 6 20 20 35 8425.20000 5.55000000 207.47000 38.84000 13.70600 46.48600
16 6 20 20 35 8425.10000 5.55000000 207.38000 38.84000 13.70600 46.48600
16 6 20 20 36 8425.10000 5.55000000 207.44000 38.84000 13.70600 46.48600
16 6 20 20 36 8425.20000 5.53500000 207.40000 38.84000 13.70600 46.48600
16 6 20 20 37 8426.00000 5.55000000 207.53000 38.84000 13.70600 46.48600
16 6 20 20 37 8426.00000 5.55000000 207.53000 38.84000 13.70600 46.48600
16 6 20 20 38 8426.00000 5.53500000 207.53000 38.84000 13.70600 46.48600
16 6 20 20 38 8426.20000 5.55000000 207.63000 38.84000 13.70600 46.48600
16 6 20 20 39 8426.20000 5.55000000 207.51000 38.84000 13.70600 46.48600
16 6 20 20 39 8426.20000 5.55000000 207.51000 38.84000 13.70600 46.64700
16 6 20 20 40 8426.20000 5.55000000 207.51000 38.84000 13.70600 46.64700
16 6 20 20 40 8426.20000 5.55000000 207.52000 38.84000 13.70600 46.64700
16 6 20 20 41 8426.20000 5.55000000 207.52000 38.84000 13.70500 46.64700
16 6 20 20 41 8426.20000 5.55000000 207.54000 38.84000 13.70500 46.64700
16 6 20 20 42 8430.00000 5.55000000 207.54000 38.84000 13.70500 46.64700
16 6 20 20 42 8430.00000 5.53500000 207.54000 38.84000 13.70500 46.64700
16 6 20 20 43 8430.00000 5.53500000 207.54000 38.84000 13.70500 46.64700
16 6 20 20 43 8431.00000 5.56100000 207.54000 38.84000 13.70500 46.64700
16 6 20 20 44 8431.00000 5.55000000 207.54000 38.84000 13.70500 46.64700
16 6 20 20 44 8430.90000 5.56100000 207.54000 38.84000 13.70500 46.64700
16 6 20 20 45 8430.90000 5.56100000 207.55000 38.84000 13.70500 46.64700
16 6 20 20 45 8431.00000 5.56100000 207.55000 38.84000 13.70500 46.64700
16 6 20 20 46 8431.00000 5.55000000 207.55000 38.89000 13.70500 46.64700
16 6 20 20 46 8432.00000 5.56100000 207.55000 38.89000 13.70500 46.64700
16 6 20 20 47 8431.90000 5.56100000 207.55000 38.89000 13.70500 46.64700
16 6 20 20 47 8432.00000 5.56100000 207.55000 38.89000 13.70500 46.64700
16 6 20 20 48 8432.00000 5.56100000 207.55000 38.89000 13.70500 46.64700
16 6 20 20 48 8432.00000 5.56100000 207.55000 38.89000 13.70500 46.64700
16 6 20 20 49 8432.00000 5.56100000 207.55000 38.89000 13.70500 46.64700
16 6 20 20 49 8431.90000 5.56100000 207.55000 38.89000 13.70500 46.64700
16 6 20 20 50 8432.00000 5.56100000 207.55000 38.89000 13.70500 46.64700
16 6 20 20 50 8432.00000 5.56100000 207.55000 38.89000 13.70500 46.64700
16 6 20 20 51 8432.00000 5.56100000 207.55000 38.89000 13.70500 46.64700
16 6 20 20 51 8432.00000 5.56100000 207.55000 38.89000 13.70500 46.64700
16 6 20 20 51 8432.00000 5.56100000 207.55000 38.89000 13.70500 46.64700
16 6 20 20 52 8431.90000 5.56100000 207.49000 38.89000 13.70500 46.64700
16 6 20 20 52 8432.00000 5.56100000 207.49000 38.89000 13.70500 46.64700
16 6 20 20 53 8432.00000 5.55000000 207.52000 38.89000 13.70500 46.64700
16 6 20 20 53 8432.00000 5.56100000 207.54000 38.89000 13.70500 46.64700
16 6 20 20 54 8432.00000 5.56100000 207.54000 38.89000 13.70500 46.64700
16 6 20 20 54 8432.00000 5.56100000 207.54000 38.89000 13.70500 46.64700
16 6 20 20 55 8432.00000 5.56100000 207.55000 38.89000 13.70500 46.64700
16 6 20 20 55 8431.00000 5.56100000 207.54000 38.89000 13.70500 46.64700
16 6 20 20 56 8431.20000 5.56100000 207.54000 38.89000 13.70500 46.64700
16 6 20 20 56 8431.70000 5.55000000 207.54000 38.90000 13.70500 46.64700
16 6 20 20 57 8431.40000 5.56100000 207.55000 38.90000 13.70500 46.64700
16 6 20 20 57 8431.80000 5.56100000 207.55000 38.90000 13.70500 46.64700
16 6 20 20 58 8431.90000 5.56100000 207.55000 38.90000 13.70500 46.64700
16 6 20 20 58 8431.90000 5.56100000 207.55000 38.90000 13.70500 46.64700
16 6 20 20 59 8431.00000 5.56100000 207.55000 38.90000 13.70500 46.64700
16 6 20 20 59 8431.20000 5.56100000 207.54000 38.90000 13.70500 46.64700
16 6 20 21 00 8431.90000 5.56100000 207.54000 38.90000 13.70500 46.64700
16 6 20 21 00 8432.00000 5.56100000 207.54000 38.90000 13.70500 46.64700
16 6 20 21 01 8432.00000 5.56100000 207.55000 38.90000 13.70500 46.64700
16 6 20 21 01 8432.00000 5.56100000 207.55000 38.86000 13.70500 46.64700
16 6 20 21 02 8432.00000 5.56100000 207.54000 38.86000 13.70500 46.64700
16 6 20 21 02 8433.00000 5.55000000 207.54000 38.86000 13.70500 46.64700
16 6 20 21 03 8438.40000 5.56100000 207.55000 38.86000 13.70500 46.64700
16 6 20 21 03 8438.00000 5.56100000 207.55000 38.86000 13.70500 46.64700
16 6 20 21 04 8437.40000 5.56100000 207.77000 38.86000 13.70500 46.64700
16 6 20 21 04 8437.50000 5.56100000 207.75000 38.86000 13.70500 46.64700
16 6 20 21 05 8437.00000 5.56100000 207.81000 38.86000 13.70500 46.64700
16 6 20 21 05 8435.10000 5.56100000 207.82000 38.88000 13.70500 46.64700
16 6 20 21 06 8435.00000 5.55000000 207.82000 38.88000 13.70500 46.64700
16 6 20 21 06 8437.20000 5.56100000 207.82000 38.88000 13.70500 46.64700
16 6 20 21 07 8437.20000 5.56100000 207.82000 38.88000 13.70500 46.64700
16 6 20 21 07 8437.20000 5.56100000 207.82000 38.88000 13.70500 46.64700
16 6 20 21 08 8437.20000 5.56100000 207.89000 38.88000 13.70500 46.64700
16 6 20 21 08 8437.20000 5.56100000 207.88000 38.88000 13.70500 46.64700
16 6 20 21 09 8437.20000 5.56100000 207.89000 38.88000 13.70600 46.64700
16 6 20 21 09 8437.10000 5.56100000 208.00000 38.88000 13.70500 46.64700
16 6 20 21 10 8437.10000 5.56100000 208.00000 38.88000 13.70500 46.64700
16 6 20 21 10 8437.10000 5.56100000 208.00000 38.88000 13.70500 46.64700
16 6 20 21 11 8437.20000 5.56100000 208.00000 38.88000 13.70500 46.64700
16 6 20 21 11 8437.20000 5.56100000 208.16000 38.88000 13.70500 46.64700
16 6 20 21 12 8437.20000 5.56100000 208.16000 38.88000 13.70500 46.64700
