M=[
11 7 21 10 01 28404.10000 41.43300000 1787.99000 113.35000 17.17500 91.58000
11 7 21 10 01 28402.60000 41.43300000 1787.99000 113.35000 17.17500 91.58000
11 7 21 10 02 28404.00000 41.43300000 1787.99000 113.35000 17.17500 91.58000
11 7 21 10 02 28407.50000 41.43300000 1787.89000 113.35000 17.17500 91.58000
11 7 21 10 03 28407.50000 41.43300000 1787.89000 113.37000 17.17500 91.58000
11 7 21 10 03 28410.80000 41.43300000 1787.89000 113.37000 17.20400 91.58000
11 7 21 10 04 28410.70000 41.43300000 1787.89000 113.37000 17.20400 91.58000
11 7 21 10 04 28414.40000 41.43300000 1787.89000 113.37000 17.20400 91.58000
11 7 21 10 04 28414.30000 41.43300000 1787.90000 113.41000 17.20400 91.58000
11 7 21 10 05 28413.30000 41.43300000 1787.90000 113.41000 17.20400 91.58000
11 7 21 10 05 28413.40000 41.43300000 1787.89000 113.37000 17.20400 91.58000
11 7 21 10 06 28414.40000 41.43300000 1787.89000 113.37000 17.20400 91.58000
11 7 21 10 06 28414.40000 41.43300000 1787.89000 113.37000 17.20400 91.58000
11 7 21 10 07 28414.40000 41.43300000 1787.89000 113.45000 17.20400 91.58000
11 7 21 10 07 28420.30000 41.43300000 1787.99000 113.45000 17.20400 91.58000
11 7 21 10 07 28420.30000 41.43300000 1788.00000 113.48000 17.20400 91.58000
11 7 21 10 08 28420.40000 41.43300000 1790.07000 113.43000 17.20400 91.58000
11 7 21 10 08 28420.40000 41.43300000 1789.39000 113.43000 17.20400 91.58000
11 7 21 10 09 28420.40000 41.43300000 1789.64000 113.43000 17.20400 91.58000
11 7 21 10 09 28420.40000 41.43300000 1789.98000 113.50000 17.20400 91.58000
11 7 21 10 10 28420.30000 41.43300000 1789.97000 113.52000 17.20400 91.58000
11 7 21 10 10 28424.30000 41.43300000 1789.97000 113.52000 17.20400 91.58000
11 7 21 10 11 28438.00000 41.43300000 1791.29000 113.52000 17.20400 91.58000
11 7 21 10 11 28448.30000 41.43300000 1791.29000 113.52000 17.20400 91.58000
11 7 21 10 11 28473.60000 41.43300000 1791.29000 113.52000 17.20400 91.58000
11 7 21 10 12 28467.20000 41.43300000 1792.28000 113.52000 17.20400 91.58000
11 7 21 10 12 28464.30000 41.43300000 1792.28000 113.52000 17.20400 91.58000
11 7 21 10 13 28463.90000 41.43300000 1792.28000 113.52000 17.20400 91.58000
11 7 21 10 13 28463.90000 41.43300000 1792.28000 113.60000 17.20400 91.58000
11 7 21 10 14 28467.80000 41.43300000 1792.28000 113.60000 17.20400 91.58000
11 7 21 10 14 28474.40000 41.43300000 1792.29000 113.60000 17.20400 91.58000
11 7 21 10 14 28474.50000 41.43300000 1792.28000 113.60000 17.20400 91.58000
11 7 21 10 15 28474.50000 41.43300000 1792.28000 113.60000 17.20400 91.58000
11 7 21 10 15 28500.10000 41.43300000 1792.84000 113.60000 17.20400 91.58000
11 7 21 10 16 28504.80000 41.43300000 1793.08000 113.60000 17.25100 91.58000
11 7 21 10 16 28505.00000 41.43300000 1793.10000 113.60000 17.25100 91.58000
11 7 21 10 17 28497.50000 41.43300000 1793.47000 113.60000 17.25100 91.58000
11 7 21 10 17 28490.70000 41.63700000 1793.47000 113.60000 17.25100 91.58000
11 7 21 10 17 28490.90000 41.63700000 1794.28000 113.61000 17.25100 91.58000
11 7 21 10 18 28496.70000 41.63700000 1798.91000 113.61000 17.25100 91.58000
11 7 21 10 18 28500.20000 41.63700000 1796.68000 113.61000 17.25100 91.58000
11 7 21 10 19 28491.30000 41.63700000 1796.68000 113.80000 17.25100 91.58000
11 7 21 10 19 28495.80000 41.72100000 1796.77000 113.80000 17.25100 91.58000
11 7 21 10 20 28491.70000 41.72100000 1794.29000 113.80000 17.25100 91.58000
11 7 21 10 20 28491.20000 41.72100000 1793.10000 113.67000 17.25100 91.58000
11 7 21 10 20 28490.70000 41.72100000 1793.11000 113.67000 17.25100 91.58000
11 7 21 10 21 28474.50000 41.72100000 1792.59000 113.49000 17.25100 91.58000
11 7 21 10 21 28474.50000 41.72100000 1792.59000 113.49000 17.25100 91.58000
11 7 21 10 22 28465.40000 41.72100000 1792.58000 113.49000 17.25100 91.58000
11 7 21 10 22 28465.20000 41.72100000 1792.58000 113.49000 17.25100 91.58000
11 7 21 10 23 28465.20000 41.72100000 1792.58000 113.49000 17.25100 91.58000
11 7 21 10 23 28462.60000 41.72100000 1791.36000 113.49000 17.25100 91.58000
11 7 21 10 24 28447.20000 41.72100000 1790.29000 113.49000 17.25100 91.58000
11 7 21 10 24 28447.50000 41.72100000 1790.28000 113.49000 17.25100 91.58000
11 7 21 10 24 28446.40000 41.72100000 1790.29000 113.49000 17.25100 91.58000
11 7 21 10 25 28441.10000 41.72100000 1788.90000 113.49000 17.25100 91.58000
11 7 21 10 25 28433.60000 41.72100000 1788.90000 113.49000 17.25100 91.58000
11 7 21 10 26 28433.60000 41.72100000 1787.66000 113.49000 17.29300 91.58000
11 7 21 10 26 28433.60000 41.72100000 1787.67000 113.49000 17.29300 91.58000
11 7 21 10 27 28428.40000 41.72100000 1787.66000 113.49000 17.29300 91.58000
11 7 21 10 27 28428.40000 41.72100000 1787.66000 113.43000 17.29300 91.58000
11 7 21 10 27 28428.40000 41.72100000 1787.66000 113.43000 17.29300 91.58000
11 7 21 10 28 28428.50000 41.72100000 1787.66000 113.43000 17.29300 91.58000
11 7 21 10 28 28428.40000 41.72100000 1787.67000 113.43000 17.29300 91.58000
11 7 21 10 29 28428.50000 41.72100000 1787.67000 113.43000 17.29300 91.66500
11 7 21 10 29 28428.50000 41.72100000 1787.67000 113.41000 17.35700 91.66500
11 7 21 10 30 28428.50000 41.72100000 1787.67000 113.41000 17.38800 91.66500
11 7 21 10 30 28424.40000 41.72100000 1786.10000 113.41000 17.38800 91.66500
11 7 21 10 30 28421.30000 41.72100000 1786.09000 113.41000 17.38800 91.66500
11 7 21 10 31 28421.10000 41.72100000 1787.04000 113.41000 17.38800 91.66500
11 7 21 10 31 28421.20000 41.72100000 1787.49000 113.41000 17.38800 91.66500
11 7 21 10 32 28421.20000 41.72100000 1787.49000 113.38000 17.38800 91.66500
11 7 21 10 32 28428.00000 41.47500000 1787.49000 113.38000 17.38800 91.66500
11 7 21 10 33 28421.80000 41.47500000 1786.81000 113.38000 17.38800 91.66500
11 7 21 10 33 28421.80000 41.47500000 1785.91000 113.38000 17.38800 91.66500
11 7 21 10 33 28413.40000 41.47500000 1785.11000 113.38000 17.38800 91.66500
11 7 21 10 34 28372.80000 41.43300000 1781.96000 113.38000 17.38800 91.66500
11 7 21 10 34 28345.80000 41.43300000 1780.75000 113.38000 17.38800 91.66500
11 7 21 10 35 28370.80000 41.43300000 1782.39000 113.38000 17.38800 91.66500
11 7 21 10 35 28363.00000 41.43300000 1782.31000 113.10000 17.38800 91.66500
11 7 21 10 36 28350.70000 41.43300000 1781.80000 113.10000 17.38800 91.66500
11 7 21 10 36 28357.30000 41.43300000 1781.80000 112.98000 17.38800 91.66500
11 7 21 10 36 28360.40000 41.43300000 1781.80000 112.97000 17.38800 91.66500
11 7 21 10 37 28362.50000 41.43300000 1782.23000 113.05000 17.38800 91.66500
11 7 21 10 37 28364.40000 41.43300000 1782.79000 113.05000 17.38800 91.66500
11 7 21 10 38 28367.80000 41.43300000 1782.43000 113.06000 17.38800 91.66500
11 7 21 10 38 28376.20000 41.43300000 1783.03000 113.06000 17.38800 91.66500
11 7 21 10 39 28371.60000 41.43300000 1783.03000 113.06000 17.38800 91.66500
11 7 21 10 39 28386.00000 41.34000000 1783.03000 113.12000 17.38800 91.66500
11 7 21 10 39 28385.90000 41.34000000 1783.19000 113.12000 17.38800 91.66500
11 7 21 10 40 28385.90000 41.34000000 1783.04000 113.12000 17.38800 91.66500
11 7 21 10 40 28385.90000 41.34000000 1781.81000 113.12000 17.38800 91.66500
11 7 21 10 41 28387.40000 41.34000000 1780.95000 113.12000 17.39700 91.66500
11 7 21 10 41 28385.90000 41.34000000 1780.95000 113.12000 17.39700 91.66500
11 7 21 10 42 28386.00000 41.34000000 1780.95000 113.12000 17.39700 91.66500
11 7 21 10 42 28385.90000 41.34000000 1780.95000 113.12000 17.39700 91.66500
11 7 21 10 43 28386.00000 41.34000000 1780.95000 113.12000 17.39700 91.66500
11 7 21 10 43 28390.60000 41.34000000 1780.95000 113.12000 17.39700 91.66500
11 7 21 10 43 28396.40000 41.34000000 1781.57000 113.11000 17.39700 91.66500
11 7 21 10 44 28396.40000 41.32800000 1781.57000 113.11000 17.39700 91.66500
11 7 21 10 44 28396.40000 41.32800000 1781.57000 113.11000 17.39700 91.66500
11 7 21 10 45 28396.40000 41.32800000 1781.57000 113.12000 17.39700 91.66500
11 7 21 10 45 28396.50000 41.32800000 1781.57000 113.12000 17.39700 91.66500
