M=[
 2 7 20 11 18 8160.00000 5.08600000 202.57000 36.81000 15.29000 46.10500
 2 7 20 11 19 8154.70000 5.08600000 202.55000 36.81000 15.29000 46.10500
 2 7 20 11 19 8154.50000 5.08600000 202.52000 36.80000 15.29000 46.10500
 2 7 20 11 20 8154.20000 5.08600000 202.41000 36.79000 15.29000 46.10500
 2 7 20 11 20 8154.70000 5.08600000 202.41000 36.79000 15.29000 46.10500
 2 7 20 11 21 8154.70000 5.08600000 202.41000 36.79000 15.29000 46.10500
 2 7 20 11 21 8154.70000 5.08600000 202.56000 36.79000 15.29000 46.10500
 2 7 20 11 22 8154.70000 5.08600000 202.56000 36.79000 15.29000 46.10500
 2 7 20 11 22 8154.70000 5.08600000 202.56000 36.79000 15.29000 46.10500
 2 7 20 11 23 8159.50000 5.08600000 202.56000 36.79000 15.29000 46.10500
 2 7 20 11 23 8160.00000 5.08600000 202.56000 36.79000 15.29000 46.15000
 2 7 20 11 24 8159.80000 5.08600000 202.56000 36.81000 15.29000 46.15000
 2 7 20 11 24 8159.80000 5.08600000 202.78000 36.81000 15.29000 46.15000
 2 7 20 11 24 8159.90000 5.08600000 202.89000 36.81000 15.29000 46.15000
 2 7 20 11 25 8159.90000 5.08600000 202.75000 36.81000 15.29000 46.15000
 2 7 20 11 25 8159.80000 5.08600000 202.75000 36.81000 15.23800 46.15000
 2 7 20 11 26 8159.50000 5.08600000 202.86000 36.83000 15.23900 46.15000
 2 7 20 11 26 8159.60000 5.08600000 202.87000 36.83000 15.23900 46.15000
 2 7 20 11 27 8159.60000 5.08600000 202.87000 36.83000 15.23900 46.15000
 2 7 20 11 27 8159.50000 5.08600000 202.87000 36.83000 15.23900 46.15000
 2 7 20 11 28 8159.50000 5.08600000 202.87000 36.83000 15.23900 46.15000
 2 7 20 11 28 8159.50000 5.08600000 202.86000 36.83000 15.23900 46.15000
 2 7 20 11 29 8159.20000 5.08600000 202.70000 36.83000 15.23900 46.15000
 2 7 20 11 29 8158.20000 5.08600000 202.27000 36.83000 15.23900 46.05600
 2 7 20 11 30 8157.30000 5.08600000 201.74000 36.83000 15.23900 46.05600
 2 7 20 11 30 8157.20000 5.08600000 201.76000 36.83000 15.23800 46.05600
 2 7 20 11 31 8157.20000 5.07000000 201.81000 36.83000 15.23900 46.05600
 2 7 20 11 31 8157.10000 5.07000000 201.87000 36.73000 15.23900 46.05600
 2 7 20 11 32 8157.10000 5.07000000 201.92000 36.77000 15.23900 46.05600
 2 7 20 11 33 8154.70000 5.07000000 201.89000 36.77000 15.23900 46.05600
 2 7 20 11 33 8154.70000 5.07000000 201.89000 36.77000 15.15900 46.05600
 2 7 20 11 34 8154.70000 5.07000000 201.94000 36.77000 15.13700 46.05600
 2 7 20 11 34 8154.70000 5.07000000 201.94000 36.77000 15.15900 46.05600
 2 7 20 11 35 8155.70000 5.07000000 201.94000 36.77000 15.15900 46.05600
 2 7 20 11 35 8156.50000 5.07000000 202.11000 36.76000 15.15900 46.05600
 2 7 20 11 35 8157.50000 5.07000000 202.15000 36.76000 15.15900 46.05600
 2 7 20 11 36 8157.60000 5.07000000 202.12000 36.76000 15.15900 46.05600
 2 7 20 11 36 8157.60000 5.07000000 202.12000 36.76000 15.15900 46.05600
 2 7 20 11 37 8157.60000 5.07000000 202.18000 36.76000 15.15900 46.05600
 2 7 20 11 37 8157.60000 5.07000000 202.17000 36.76000 15.15900 46.05600
 2 7 20 11 38 8159.80000 5.07000000 202.28000 36.76000 15.15900 46.05600
 2 7 20 11 38 8159.90000 5.07000000 202.30000 36.76000 15.15900 46.05600
 2 7 20 11 39 8159.90000 5.07000000 202.30000 36.76000 15.20000 46.05600
 2 7 20 11 39 8159.90000 5.07000000 202.39000 36.76000 15.20000 46.05600
 2 7 20 11 40 8159.80000 5.07000000 202.39000 36.76000 15.20000 46.05600
 2 7 20 11 40 8159.90000 5.07000000 202.39000 36.76000 15.20000 46.05600
 2 7 20 11 41 8159.10000 5.07000000 202.26000 36.76000 15.20000 46.05600
 2 7 20 11 41 8159.00000 5.07000000 202.26000 36.76000 15.20000 46.05600
 2 7 20 11 42 8157.50000 5.07000000 202.32000 36.76000 15.20000 46.05600
 2 7 20 11 42 8159.10000 5.07000000 202.32000 36.76000 15.20000 46.05600
 2 7 20 11 43 8159.80000 5.07000000 202.32000 36.76000 15.20000 46.05600
 2 7 20 11 43 8159.60000 5.07000000 202.23000 36.76000 15.20000 46.05600
 2 7 20 11 43 8159.60000 5.07000000 202.23000 36.76000 15.20000 46.05600
 2 7 20 11 44 8157.30000 5.07000000 202.23000 36.82000 15.20000 46.05600
 2 7 20 11 44 8159.40000 5.07000000 202.14000 36.82000 15.20000 46.05600
 2 7 20 11 45 8160.70000 5.07000000 202.19000 36.82000 15.20000 46.05600
 2 7 20 11 45 8164.10000 5.07000000 202.19000 36.82000 15.20000 46.05600
 2 7 20 11 46 8162.60000 5.07000000 202.19000 36.82000 15.20000 45.95300
 2 7 20 11 46 8162.40000 5.07000000 202.18000 36.82000 15.20000 45.95300
 2 7 20 11 47 8162.20000 5.07000000 202.47000 36.82000 15.20000 45.95300
 2 7 20 11 47 8162.20000 5.07000000 202.41000 36.82000 15.20000 45.95300
 2 7 20 11 48 8163.20000 5.07000000 202.41000 36.82000 15.20000 45.95300
 2 7 20 11 48 8164.40000 5.07000000 202.56000 36.86000 15.20000 45.95300
 2 7 20 11 49 8164.40000 5.07000000 202.68000 36.86000 15.20000 45.95300
 2 7 20 11 49 8164.40000 5.07000000 202.67000 36.86000 15.21800 45.95300
 2 7 20 11 50 8167.70000 5.07000000 202.49000 36.86000 15.21800 45.95300
 2 7 20 11 50 8167.70000 5.07000000 202.53000 36.86000 15.21800 45.95300
 2 7 20 11 51 8166.80000 5.07000000 202.57000 36.86000 15.21800 45.95300
 2 7 20 11 51 8166.50000 5.07000000 202.55000 36.86000 15.21800 45.95300
 2 7 20 11 52 8168.40000 5.07000000 202.55000 36.86000 15.21800 45.95300
 2 7 20 11 52 8167.60000 5.07000000 202.59000 36.86000 15.21800 46.06800
 2 7 20 11 53 8167.80000 5.07000000 202.60000 36.86000 15.21800 46.06800
 2 7 20 11 53 8170.40000 5.07000000 202.70000 36.86000 15.21800 46.06800
 2 7 20 11 54 8168.00000 5.07000000 202.70000 36.86000 15.21800 46.06800
 2 7 20 11 54 8170.20000 5.07000000 202.70000 36.86000 15.21800 46.06800
 2 7 20 11 55 8170.00000 5.07000000 202.71000 36.86000 15.21800 46.06800
 2 7 20 11 55 8169.90000 5.07000000 202.70000 36.86000 15.21800 46.06800
 2 7 20 11 55 8169.30000 5.07000000 202.70000 36.86000 15.21800 46.06800
 2 7 20 11 56 8169.70000 5.07000000 202.65000 36.86000 15.21800 46.06800
 2 7 20 11 56 8169.30000 5.07000000 202.65000 36.86000 15.21800 46.06800
 2 7 20 11 57 8170.00000 5.07000000 202.66000 36.86000 15.21800 46.06800
 2 7 20 11 57 8170.00000 5.07000000 202.66000 36.86000 15.21800 46.06800
 2 7 20 11 58 8169.20000 5.07000000 202.65000 36.86000 15.21800 46.06800
 2 7 20 11 58 8169.50000 5.07000000 202.61000 36.86000 15.21800 46.06800
 2 7 20 11 59 8169.60000 5.07000000 202.71000 36.86000 15.25000 46.06800
 2 7 20 11 59 8169.00000 5.07000000 202.71000 36.86000 15.25000 46.06800
 2 7 20 12 00 8167.60000 5.07000000 202.68000 36.86000 15.25000 46.06800
 2 7 20 12 00 8166.00000 5.07000000 202.44000 36.86000 15.25000 46.06800
 2 7 20 12 01 8162.90000 5.07000000 202.42000 36.83000 15.25000 46.06800
 2 7 20 12 01 8162.90000 5.07000000 202.30000 36.83000 15.25000 46.06800
 2 7 20 12 02 8163.90000 5.07000000 202.57000 36.83000 15.25000 46.06800
 2 7 20 12 02 8163.80000 5.07000000 202.59000 36.83000 15.25000 46.06800
 2 7 20 12 03 8163.80000 5.07000000 202.52000 36.83000 15.25000 46.06800
 2 7 20 12 03 8163.90000 5.07000000 202.52000 36.86000 15.25000 46.06800
 2 7 20 12 04 8162.70000 5.07000000 202.46000 36.83000 15.25000 46.06800
 2 7 20 12 04 8162.80000 5.07400000 202.47000 36.83000 15.25000 46.06800
 2 7 20 12 04 8163.50000 5.07400000 202.46000 36.83000 15.25000 46.06800
 2 7 20 12 05 8163.80000 5.07400000 202.47000 36.83000 15.25000 46.06800
 2 7 20 12 05 8163.80000 5.07400000 202.47000 36.83000 15.25000 46.06800
 2 7 20 12 06 8163.80000 5.07400000 202.47000 36.83000 15.25000 46.06800
 2 7 20 12 06 8163.80000 5.07400000 202.47000 36.83000 15.25000 46.06800
 2 7 20 12 07 8163.40000 5.07400000 202.47000 36.83000 15.25000 46.06800
 2 7 20 12 07 8162.30000 5.07400000 202.47000 36.83000 15.25000 46.06800
 2 7 20 12 08 8162.20000 5.07400000 202.47000 36.83000 15.25000 46.06800
 2 7 20 12 08 8161.20000 5.07400000 202.47000 36.83000 15.25000 46.06800
 2 7 20 12 09 8161.10000 5.07400000 202.47000 36.83000 15.25000 46.06800
 2 7 20 12 09 8161.10000 5.07400000 202.47000 36.83000 15.25000 46.06800
 2 7 20 12 09 8161.10000 5.07400000 202.46000 36.83000 15.25000 46.06800
 2 7 20 12 10 8161.10000 5.07400000 202.47000 36.83000 15.25000 46.06800
