M=[
21 7 20 01 04 8018.40000 5.27600000 207.09000 36.95000 16.98800 50.29900
21 7 20 01 04 8020.00000 5.27600000 207.09000 36.95000 16.98800 50.56200
21 7 20 01 05 8021.30000 5.27600000 207.09000 36.95000 16.98800 50.56200
21 7 20 01 05 8021.30000 5.27600000 207.21000 36.95000 16.98800 50.73100
21 7 20 01 06 8021.60000 5.27600000 207.21000 36.95000 16.98800 50.73100
21 7 20 01 06 8021.60000 5.27600000 207.21000 36.95000 16.98800 50.77900
21 7 20 01 07 8021.70000 5.27600000 207.21000 36.95000 16.98800 50.77900
21 7 20 01 07 8021.70000 5.27600000 207.21000 36.95000 16.98800 50.78900
21 7 20 01 08 8021.70000 5.27600000 207.21000 36.95000 16.98800 50.78900
21 7 20 01 08 8021.80000 5.27600000 207.21000 36.95000 16.98800 50.78900
21 7 20 01 08 8025.00000 5.27600000 207.42000 36.95000 16.98800 50.89600
21 7 20 01 09 8025.00000 5.27600000 207.46000 36.95000 16.98800 50.89600
21 7 20 01 09 8025.80000 5.27600000 207.46000 36.95000 16.98800 50.89600
21 7 20 01 10 8026.50000 5.27600000 207.44000 36.95000 16.98800 50.98200
21 7 20 01 10 8026.50000 5.27600000 207.44000 37.00000 16.98800 50.98200
21 7 20 01 11 8026.40000 5.27600000 207.44000 37.00000 16.98800 50.98200
21 7 20 01 11 8026.50000 5.27600000 207.44000 37.00000 16.98800 50.98200
21 7 20 01 12 8026.40000 5.27600000 207.44000 37.00000 16.98800 51.00400
21 7 20 01 12 8026.60000 5.27600000 207.44000 37.00000 16.98800 51.00400
21 7 20 01 13 8026.60000 5.27600000 207.51000 37.00000 16.98800 51.00400
21 7 20 01 13 8029.30000 5.27600000 207.51000 37.00000 16.98800 51.00400
21 7 20 01 14 8030.90000 5.27600000 207.51000 37.00000 16.98800 51.00400
21 7 20 01 14 8032.10000 5.27600000 207.51000 37.00000 16.98800 51.00400
21 7 20 01 15 8032.00000 5.27600000 207.42000 37.00000 16.98800 51.00400
21 7 20 01 15 8032.00000 5.27600000 207.42000 36.98000 16.98800 51.00400
21 7 20 01 15 8032.00000 5.27600000 206.87000 36.98000 16.98800 51.00400
21 7 20 01 16 8032.00000 5.27600000 206.94000 36.98000 16.98800 51.00400
21 7 20 01 16 8031.70000 5.27600000 206.94000 36.98000 16.98800 51.00400
21 7 20 01 17 8031.60000 5.27600000 207.05000 36.98000 16.98800 51.00500
21 7 20 01 17 8028.40000 5.27600000 207.06000 36.98000 16.98800 51.00500
21 7 20 01 18 8028.50000 5.27600000 207.06000 36.98000 16.98800 51.00500
21 7 20 01 18 8028.50000 5.27600000 207.10000 36.98000 16.98800 51.06800
21 7 20 01 19 8028.50000 5.27600000 207.23000 36.98000 16.98800 51.06800
21 7 20 01 19 8028.10000 5.27600000 207.17000 36.98000 16.98800 51.06800
21 7 20 01 20 8030.80000 5.30000000 207.17000 36.98000 16.98800 51.06800
21 7 20 01 20 8030.80000 5.30000000 207.30000 36.98000 16.98800 51.06800
21 7 20 01 20 8030.70000 5.30000000 207.30000 36.98000 16.98800 51.06800
21 7 20 01 21 8030.80000 5.30000000 207.30000 36.98000 16.98800 51.21400
21 7 20 01 21 8030.80000 5.30000000 207.30000 36.98000 16.98800 51.28000
21 7 20 01 22 8030.80000 5.30000000 207.30000 36.98000 16.98800 51.28000
21 7 20 01 22 8030.20000 5.30000000 207.30000 36.98000 16.98800 51.28000
21 7 20 01 23 8031.70000 5.30000000 207.30000 36.98000 16.98800 51.28000
21 7 20 01 23 8032.00000 5.30000000 207.30000 36.98000 16.98800 51.55500
21 7 20 01 24 8030.00000 5.30000000 207.30000 36.98000 16.98800 51.55500
21 7 20 01 24 8030.30000 5.30000000 207.30000 36.98000 16.98800 51.55500
21 7 20 01 25 8029.60000 5.30000000 207.30000 36.98000 16.98800 51.78000
21 7 20 01 25 8030.90000 5.30000000 207.24000 36.98000 16.98800 51.81900
21 7 20 01 25 8030.90000 5.30000000 207.24000 36.98000 16.98800 51.81900
21 7 20 01 26 8030.90000 5.30000000 207.24000 36.98000 16.98800 51.54000
21 7 20 01 26 8030.80000 5.30000000 207.18000 36.98000 16.98800 51.54000
21 7 20 01 27 8025.90000 5.30000000 207.18000 36.98000 16.98800 51.54000
21 7 20 01 27 8025.70000 5.30000000 207.18000 36.98000 16.98800 51.54000
21 7 20 01 28 8025.70000 5.30000000 207.08000 36.98000 16.98800 51.54000
21 7 20 01 28 8025.70000 5.30000000 207.08000 36.98000 16.98800 51.52600
21 7 20 01 29 8025.80000 5.30000000 207.08000 36.98000 16.98800 51.52600
21 7 20 01 29 8025.80000 5.30000000 207.08000 36.98000 16.98800 51.52600
21 7 20 01 30 8025.80000 5.30000000 207.08000 36.98000 16.98800 51.52600
21 7 20 01 30 8025.80000 5.30000000 207.08000 36.98000 16.98800 51.43700
21 7 20 01 30 8025.80000 5.30000000 207.08000 36.98000 16.98800 51.43700
21 7 20 01 31 8025.90000 5.30000000 207.09000 36.98000 16.98800 51.43700
21 7 20 01 31 8025.90000 5.30000000 207.09000 36.98000 16.98800 51.65500
21 7 20 01 32 8025.90000 5.30000000 207.09000 36.98000 16.98800 51.65500
21 7 20 01 32 8025.80000 5.30000000 207.09000 37.00000 16.98800 51.81900
21 7 20 01 33 8025.80000 5.30000000 207.09000 37.00000 16.98800 51.81900
21 7 20 01 33 8025.80000 5.30000000 207.09000 37.00000 16.98800 51.81900
21 7 20 01 34 8025.80000 5.30000000 207.09000 37.00000 16.98800 51.81900
21 7 20 01 34 8025.80000 5.30000000 207.09000 37.00000 16.98800 51.81900
21 7 20 01 34 8026.60000 5.30000000 207.21000 37.00000 16.98800 51.81900
21 7 20 01 35 8025.80000 5.30000000 207.18000 37.00000 16.98800 51.81900
21 7 20 01 35 8025.80000 5.30000000 207.18000 37.00000 16.98800 51.82300
21 7 20 01 36 8025.70000 5.30000000 207.25000 37.00000 16.98800 51.82300
21 7 20 01 36 8025.10000 5.30000000 207.25000 37.00000 16.98800 51.81800
21 7 20 01 37 8025.10000 5.30000000 207.25000 37.00000 16.98800 51.84500
21 7 20 01 37 8024.10000 5.30000000 207.24000 37.00000 16.98800 51.84500
21 7 20 01 38 8024.10000 5.30000000 207.24000 37.00000 16.98800 51.84500
21 7 20 01 38 8022.10000 5.30000000 207.21000 37.00000 16.98800 51.84500
21 7 20 01 38 8022.00000 5.30000000 207.20000 37.00000 16.98800 51.84500
21 7 20 01 39 8022.40000 5.30000000 207.19000 37.00000 16.98800 51.84500
21 7 20 01 39 8022.40000 5.30000000 207.20000 37.00000 16.98800 51.84500
21 7 20 01 40 8022.80000 5.30000000 207.20000 37.00000 16.98800 51.84500
21 7 20 01 40 8022.80000 5.30000000 207.20000 37.00000 16.98800 51.84500
21 7 20 01 41 8022.80000 5.30000000 207.20000 37.00000 16.98800 51.84500
21 7 20 01 41 8023.00000 5.30000000 207.20000 37.00000 16.98800 51.84500
21 7 20 01 42 8023.80000 5.30000000 207.20000 37.00000 16.98800 51.84500
21 7 20 01 42 8023.70000 5.30000000 207.20000 37.00000 16.98800 51.84500
21 7 20 01 43 8023.70000 5.30000000 207.34000 37.00000 16.98800 51.84500
21 7 20 01 43 8023.40000 5.30000000 207.34000 37.00000 16.98800 51.84500
21 7 20 01 43 8023.70000 5.30000000 207.42000 37.00000 16.98800 51.84500
21 7 20 01 44 8023.70000 5.30000000 207.42000 37.00000 16.98800 51.84500
21 7 20 01 44 8023.80000 5.30000000 207.44000 37.00000 16.98800 51.53400
21 7 20 01 45 8023.80000 5.30000000 207.44000 37.00000 16.98800 51.53400
21 7 20 01 45 8023.20000 5.30000000 207.44000 37.00000 16.98800 51.53400
21 7 20 01 46 8023.00000 5.30000000 207.44000 37.00000 16.98800 51.53400
21 7 20 01 46 8022.90000 5.30000000 207.08000 37.00000 16.98800 51.53400
21 7 20 01 47 8022.90000 5.30000000 207.08000 37.00000 16.98800 51.47700
21 7 20 01 47 8023.70000 5.30000000 207.25000 37.00000 16.98800 51.53900
21 7 20 01 48 8023.70000 5.30000000 207.25000 37.00000 16.98800 51.53900
21 7 20 01 48 8024.70000 5.30000000 207.25000 37.00000 16.98800 51.53900
21 7 20 01 48 8024.80000 5.30000000 207.23000 37.00000 16.98800 51.53900
21 7 20 01 49 8024.80000 5.30000000 207.23000 37.00000 16.98800 51.53900
21 7 20 01 49 8023.40000 5.30000000 207.21000 37.00000 16.98800 51.53900
21 7 20 01 50 8023.40000 5.30000000 207.22000 36.99000 16.98800 51.51000
21 7 20 01 50 8023.80000 5.30000000 207.23000 36.99000 16.98800 51.51000
21 7 20 01 51 8023.80000 5.30000000 207.23000 36.99000 16.98800 51.51000
21 7 20 01 51 8024.50000 5.30000000 207.23000 36.99000 17.02700 51.51000
21 7 20 01 52 8024.50000 5.30000000 207.23000 36.99000 17.02700 51.51000
21 7 20 01 52 8024.50000 5.30000000 207.23000 36.99000 17.02700 51.51000
21 7 20 01 52 8024.50000 5.30000000 207.28000 37.04000 17.06500 51.51000
21 7 20 01 53 8024.50000 5.30000000 207.24000 37.04000 17.06500 51.51000
