M=[
15 6 21 02 51 33190.40000 48.51700000 2135.10000 147.63000 21.17800 114.70200
15 6 21 02 52 33192.10000 48.51700000 2135.44000 147.63000 21.17800 114.70200
15 6 21 02 52 33203.00000 48.51700000 2136.40000 147.63000 21.17800 114.70200
15 6 21 02 53 33199.80000 48.51700000 2136.40000 147.63000 21.17800 114.69700
15 6 21 02 55 33090.30000 48.51700000 2134.31000 147.39000 21.17800 114.52100
15 6 21 02 55 33134.80000 48.51700000 2133.41000 147.48000 21.17800 114.52100
15 6 21 02 56 33134.90000 48.51700000 2133.41000 147.48000 21.17800 114.52100
15 6 21 02 56 33179.70000 48.51700000 2135.27000 147.48000 21.17800 114.52100
15 6 21 02 57 33179.80000 48.51700000 2135.63000 147.48000 21.17800 114.52100
15 6 21 02 57 33179.80000 48.51700000 2135.63000 147.79000 21.17800 114.52100
15 6 21 02 57 33196.80000 48.51700000 2135.63000 147.79000 21.17800 114.52100
15 6 21 02 58 33199.00000 48.51700000 2137.11000 147.79000 21.17800 114.52100
15 6 21 02 58 33204.70000 48.51700000 2137.11000 147.79000 21.17800 114.52100
15 6 21 02 59 33209.10000 48.51700000 2137.56000 147.79000 21.17800 114.52100
15 6 21 02 59 33222.20000 48.51700000 2136.78000 147.79000 21.17800 114.52100
15 6 21 03 00 33222.20000 48.51700000 2135.98000 147.79000 21.17800 114.52100
15 6 21 03 00 33244.30000 48.51700000 2137.58000 147.79000 21.17800 114.52100
15 6 21 03 00 33288.30000 48.51700000 2137.58000 147.79000 21.17800 114.52100
15 6 21 03 01 33300.80000 48.51700000 2139.58000 148.21000 21.17800 114.52100
15 6 21 03 01 33368.30000 48.51700000 2142.78000 148.21000 21.10600 114.52100
15 6 21 03 02 33368.20000 48.51700000 2142.85000 148.21000 21.10600 114.52100
15 6 21 03 02 33400.30000 48.51700000 2142.85000 148.21000 21.10600 114.52100
15 6 21 03 03 33448.30000 48.51700000 2144.82000 148.48000 21.10600 114.52100
15 6 21 03 03 33443.00000 48.51700000 2146.02000 148.48000 21.10600 114.52100
15 6 21 03 03 33443.00000 48.51700000 2144.54000 148.48000 21.10600 114.52100
15 6 21 03 04 33443.00000 48.51700000 2144.54000 148.48000 21.10600 114.52100
15 6 21 03 04 33443.10000 48.51700000 2144.54000 148.45000 21.10600 114.52100
15 6 21 03 05 33443.00000 48.51700000 2143.34000 148.45000 21.10600 114.52100
15 6 21 03 05 33409.00000 48.51700000 2143.34000 148.45000 21.10600 114.52100
15 6 21 03 06 33389.80000 48.51700000 2143.34000 148.45000 21.10600 114.52100
15 6 21 03 06 33387.50000 48.51700000 2141.49000 148.45000 21.10600 114.52100
15 6 21 03 06 33375.60000 48.51700000 2140.94000 148.45000 21.10600 114.52100
15 6 21 03 07 33375.60000 48.51700000 2140.94000 148.45000 21.10600 114.52100
15 6 21 03 07 33381.80000 48.51700000 2140.94000 148.45000 21.10600 114.52100
15 6 21 03 08 33381.80000 48.51700000 2140.94000 148.45000 21.10600 114.52100
15 6 21 03 08 33368.60000 48.51700000 2139.69000 148.45000 21.10600 114.52100
15 6 21 03 09 33368.70000 48.51700000 2138.64000 148.45000 21.10600 114.52100
15 6 21 03 09 33359.90000 48.51700000 2138.64000 148.45000 21.10600 114.52100
15 6 21 03 09 33336.90000 48.63900000 2136.51000 147.84000 21.10600 114.52100
15 6 21 03 10 33336.90000 48.63900000 2136.54000 147.84000 21.10600 114.52100
15 6 21 03 10 33348.50000 48.63900000 2136.54000 147.84000 21.10600 114.52100
15 6 21 03 11 33350.40000 48.63900000 2136.34000 147.86000 21.10600 114.52100
15 6 21 03 11 33350.40000 48.63900000 2136.34000 147.86000 21.10600 114.52100
15 6 21 03 12 33347.40000 48.63900000 2136.34000 147.86000 21.10600 115.10100
15 6 21 03 12 33368.50000 48.63900000 2136.34000 147.86000 21.10600 115.10100
15 6 21 03 12 33362.20000 48.63900000 2138.46000 147.86000 21.10600 115.10100
15 6 21 03 13 33355.80000 48.63900000 2138.46000 147.86000 21.10600 115.10100
15 6 21 03 13 33342.10000 48.63900000 2138.46000 147.86000 21.10600 115.10100
15 6 21 03 14 33335.90000 48.63900000 2138.46000 147.86000 21.10600 115.10100
15 6 21 03 14 33334.20000 48.63900000 2133.88000 147.86000 21.10600 115.10100
15 6 21 03 15 33334.20000 48.63900000 2133.88000 147.86000 21.10600 115.10100
15 6 21 03 15 33315.60000 48.63900000 2135.43000 147.86000 21.10600 115.10100
15 6 21 03 15 33315.60000 48.63900000 2135.43000 147.86000 21.10600 115.10100
15 6 21 03 16 33334.80000 48.63900000 2135.43000 147.86000 21.10600 115.10100
15 6 21 03 16 33322.70000 48.63900000 2135.43000 147.86000 21.10600 115.10100
15 6 21 03 17 33321.80000 48.63900000 2133.47000 147.86000 21.10600 115.10100
15 6 21 03 17 33361.20000 48.63900000 2133.47000 147.86000 21.10600 115.10100
15 6 21 03 18 33361.20000 48.63900000 2134.68000 147.86000 21.10600 115.10100
15 6 21 03 18 33371.00000 48.63900000 2134.68000 147.86000 21.10600 115.10100
15 6 21 03 18 33408.90000 48.63900000 2134.68000 147.86000 21.10600 115.10100
15 6 21 03 19 33408.90000 48.63900000 2134.68000 147.86000 21.10600 115.10100
15 6 21 03 19 33408.90000 48.63900000 2134.87000 147.86000 21.10600 115.10100
15 6 21 03 20 33408.90000 48.63900000 2134.87000 148.11000 21.10600 115.10100
15 6 21 03 20 33416.10000 48.63900000 2133.07000 148.11000 21.10600 115.10100
15 6 21 03 21 33413.60000 48.63900000 2133.07000 148.11000 21.10600 115.10100
15 6 21 03 21 33412.50000 48.63900000 2134.19000 148.11000 21.10600 115.10100
15 6 21 03 21 33416.10000 48.63900000 2134.19000 148.11000 21.10600 115.10100
15 6 21 03 22 33409.00000 48.63900000 2133.79000 148.11000 21.10600 115.10100
15 6 21 03 22 33409.00000 48.63900000 2133.79000 148.11000 21.10600 115.10100
15 6 21 03 23 33408.90000 48.63900000 2134.15000 148.11000 21.10600 115.10100
15 6 21 03 23 33409.00000 48.63900000 2134.15000 148.11000 21.10600 115.10100
15 6 21 03 24 33411.70000 48.63900000 2134.15000 148.11000 21.10600 115.10100
15 6 21 03 24 33416.00000 48.63900000 2135.27000 148.11000 21.10600 115.10100
15 6 21 03 24 33416.00000 48.63900000 2135.27000 148.11000 21.10600 115.10100
15 6 21 03 25 33416.00000 48.63900000 2136.27000 148.11000 21.10600 115.10100
15 6 21 03 25 33417.10000 48.63900000 2136.27000 148.11000 21.10600 115.10100
15 6 21 03 26 33421.20000 48.63900000 2136.27000 148.16000 21.10600 115.10100
15 6 21 03 26 33421.20000 48.63900000 2136.27000 148.16000 21.10600 115.10100
15 6 21 03 27 33421.20000 48.63900000 2136.27000 148.16000 21.10600 115.10100
15 6 21 03 27 33421.20000 48.63900000 2136.27000 148.08000 21.10600 115.10100
15 6 21 03 27 33410.30000 48.63900000 2136.27000 148.04000 21.10600 115.10100
15 6 21 03 28 33409.00000 48.63900000 2136.27000 148.04000 21.10600 115.10100
15 6 21 03 28 33408.90000 48.63900000 2134.58000 148.04000 21.10600 115.10100
15 6 21 03 29 33375.60000 48.63900000 2134.95000 148.04000 21.10600 115.10100
15 6 21 03 29 33371.00000 48.63900000 2134.95000 148.04000 21.10600 115.10100
15 6 21 03 30 33373.40000 48.63900000 2134.95000 148.06000 21.10600 115.10100
15 6 21 03 30 33391.50000 48.63900000 2134.95000 148.06000 21.10600 115.10100
15 6 21 03 30 33393.40000 48.63900000 2135.42000 148.06000 21.10600 115.10100
15 6 21 03 31 33400.00000 48.63900000 2138.00000 148.06000 21.10600 115.10100
15 6 21 03 31 33400.00000 48.63900000 2138.00000 148.06000 21.10600 115.10100
15 6 21 03 32 33400.00000 48.63900000 2139.16000 148.06000 21.10600 115.10100
15 6 21 03 32 33412.70000 48.74700000 2139.16000 148.06000 21.10600 115.10100
15 6 21 03 33 33404.60000 48.74700000 2139.16000 148.06000 21.10600 115.10100
15 6 21 03 33 33424.90000 48.74700000 2137.80000 148.06000 21.10600 115.10100
15 6 21 03 33 33434.20000 48.74700000 2137.93000 148.06000 21.10600 115.10100
15 6 21 03 34 33453.20000 48.74700000 2137.93000 148.06000 21.10600 115.10100
15 6 21 03 34 33456.30000 48.74700000 2137.93000 148.06000 21.10600 115.10100
15 6 21 03 35 33458.60000 48.74700000 2137.93000 148.06000 21.10600 115.10100
15 6 21 03 35 33458.60000 48.74700000 2137.93000 148.06000 21.10600 115.10100
15 6 21 03 36 33460.70000 48.74700000 2137.60000 148.06000 21.10600 115.10100
15 6 21 03 36 33448.50000 48.74700000 2137.60000 148.06000 21.10600 115.10100
15 6 21 03 36 33448.50000 48.74700000 2136.38000 148.06000 21.10600 115.10100
