M=[
22 7 20 07 28 8128.80000 5.32000000 212.44000 38.08000 21.57500 53.96600
22 7 20 07 29 8128.80000 5.32000000 212.51000 38.08000 21.57500 53.96600
22 7 20 07 29 8128.70000 5.32000000 212.51000 38.08000 21.57500 53.96600
22 7 20 07 30 8128.70000 5.32000000 212.52000 38.08000 21.57500 53.96600
22 7 20 07 30 8128.70000 5.32000000 212.56000 38.08000 21.67000 53.96600
22 7 20 07 31 8131.10000 5.32000000 212.57000 38.08000 21.67000 53.96600
22 7 20 07 31 8131.10000 5.32000000 212.60000 38.08000 21.67000 53.96600
22 7 20 07 32 8131.10000 5.32000000 212.62000 38.08000 21.67000 53.96600
22 7 20 07 32 8131.10000 5.32000000 212.68000 38.08000 21.67000 53.96600
22 7 20 07 33 8132.00000 5.32000000 212.69000 38.08000 21.67000 53.96600
22 7 20 07 33 8132.90000 5.32000000 212.68000 38.08000 21.67000 53.96600
22 7 20 07 33 8137.00000 5.32000000 212.66000 38.08000 21.67000 53.96600
22 7 20 07 34 8138.80000 5.32000000 212.69000 38.08000 21.67000 53.96600
22 7 20 07 34 8138.80000 5.32000000 212.69000 38.09000 21.67000 53.94500
22 7 20 07 35 8138.80000 5.32000000 212.73000 38.09000 21.66200 53.94500
22 7 20 07 35 8138.90000 5.32000000 212.73000 38.09000 21.72600 53.94500
22 7 20 07 36 8138.90000 5.32000000 212.75000 38.09000 21.72600 53.94500
22 7 20 07 36 8140.70000 5.32000000 212.75000 38.09000 21.72600 53.94500
22 7 20 07 37 8142.20000 5.32000000 212.75000 38.09000 21.72600 53.94500
22 7 20 07 37 8143.50000 5.32000000 212.75000 38.09000 21.72600 53.94500
22 7 20 07 38 8143.40000 5.32000000 212.75000 38.09000 21.72600 53.94500
22 7 20 07 38 8142.80000 5.32000000 212.75000 38.09000 21.72600 53.94500
22 7 20 07 38 8143.40000 5.32000000 212.75000 38.09000 21.72600 53.94500
22 7 20 07 39 8143.40000 5.32000000 212.76000 38.09000 21.64100 53.94500
22 7 20 07 39 8143.30000 5.32000000 212.75000 38.08000 21.64100 53.94500
22 7 20 07 40 8142.70000 5.32000000 212.75000 38.08000 21.64100 53.94500
22 7 20 07 40 8138.80000 5.32000000 212.72000 38.08000 21.64100 53.94500
22 7 20 07 41 8131.30000 5.32000000 212.66000 38.08000 21.64100 53.87200
22 7 20 07 41 8131.00000 5.32000000 212.54000 38.08000 21.64100 53.87200
22 7 20 07 42 8131.10000 5.32000000 212.47000 38.08000 21.53200 53.87200
22 7 20 07 42 8131.10000 5.32000000 212.45000 38.08000 21.53200 53.87200
22 7 20 07 42 8128.70000 5.32000000 212.45000 38.08000 21.45800 53.87200
22 7 20 07 43 8128.80000 5.32000000 212.50000 38.08000 21.45800 53.87200
22 7 20 07 43 8128.80000 5.32000000 212.51000 38.08000 21.45800 53.87200
22 7 20 07 44 8128.80000 5.32000000 212.51000 38.08000 21.45800 53.87200
22 7 20 07 44 8130.30000 5.32000000 212.50000 38.08000 21.45800 53.87200
22 7 20 07 45 8131.40000 5.32000000 212.50000 38.08000 21.45800 53.87200
22 7 20 07 45 8131.70000 5.32000000 212.50000 38.00000 21.40000 53.87200
22 7 20 07 46 8131.70000 5.32000000 212.54000 38.03000 21.40000 53.87200
22 7 20 07 46 8131.70000 5.32000000 212.54000 38.03000 21.40000 53.87200
22 7 20 07 47 8131.70000 5.32000000 212.47000 38.03000 21.26800 53.87200
22 7 20 07 47 8131.60000 5.32000000 212.43000 38.03000 21.26800 53.87200
22 7 20 07 47 8130.30000 5.32000000 212.27000 38.03000 21.26800 53.87200
22 7 20 07 48 8128.20000 5.32000000 212.29000 38.03000 21.26800 53.87200
22 7 20 07 48 8128.20000 5.32700000 212.29000 38.03000 21.26800 53.87200
22 7 20 07 49 8125.20000 5.32700000 212.27000 38.03000 21.26800 53.87200
22 7 20 07 49 8125.10000 5.32700000 212.27000 38.03000 21.26800 53.87200
22 7 20 07 50 8125.10000 5.32700000 212.27000 38.03000 21.17800 53.87200
22 7 20 07 50 8125.20000 5.32700000 212.27000 38.03000 21.15400 53.87200
22 7 20 07 51 8125.20000 5.32700000 212.13000 38.03000 21.16600 53.87200
22 7 20 07 51 8125.20000 5.32700000 212.13000 38.03000 21.16600 53.87200
22 7 20 07 52 8125.20000 5.33100000 212.10000 38.03000 21.24100 53.87200
22 7 20 07 52 8125.20000 5.33100000 212.12000 38.03000 21.28000 53.87200
22 7 20 07 52 8121.70000 5.33100000 212.11000 38.03000 21.28000 53.87200
22 7 20 07 53 8121.60000 5.33100000 212.11000 38.03000 21.28000 53.87200
22 7 20 07 53 8121.70000 5.33100000 212.10000 38.03000 21.28000 53.87200
22 7 20 07 54 8121.60000 5.33100000 212.10000 38.03000 21.28000 53.87200
22 7 20 07 54 8121.70000 5.33100000 212.02000 38.03000 21.28000 53.87200
22 7 20 07 55 8120.00000 5.33100000 212.02000 38.03000 21.21300 53.87200
22 7 20 07 55 8120.10000 5.33100000 212.02000 38.03000 21.20200 53.87200
22 7 20 07 56 8118.20000 5.33100000 212.02000 37.96000 21.20200 53.87200
22 7 20 07 56 8118.80000 5.33100000 212.02000 37.96000 21.20200 53.87200
22 7 20 07 57 8118.80000 5.33100000 212.02000 37.96000 21.20200 53.87200
22 7 20 07 57 8086.60000 5.31300000 210.54000 37.68000 21.10000 53.87200
22 7 20 07 58 8084.40000 5.31300000 210.86000 37.74000 21.10000 53.87200
22 7 20 07 58 8085.20000 5.31300000 210.75000 37.66000 21.02900 53.87200
22 7 20 07 59 8094.40000 5.31300000 211.04000 37.73000 20.99600 53.87200
22 7 20 07 59 8096.40000 5.31300000 210.95000 37.73000 20.89000 53.87200
22 7 20 08 00 8096.10000 5.31300000 210.85000 37.73000 20.96000 53.87200
22 7 20 08 00 8092.80000 5.31300000 210.85000 37.73000 20.94800 53.87200
22 7 20 08 01 8094.10000 5.31300000 211.03000 37.73000 20.94800 53.87200
22 7 20 08 01 8096.00000 5.31300000 211.03000 37.80000 20.94800 53.87200
22 7 20 08 02 8096.00000 5.31300000 211.11000 37.80000 20.94800 53.87200
22 7 20 08 02 8095.90000 5.31300000 211.10000 37.80000 20.94800 53.87200
22 7 20 08 03 8095.90000 5.32500000 211.14000 37.79000 20.94800 53.87200
22 7 20 08 03 8095.90000 5.32500000 211.14000 37.79000 20.94800 53.87200
22 7 20 08 04 8095.90000 5.32500000 211.04000 37.79000 20.94800 53.87200
22 7 20 08 04 8095.90000 5.32500000 211.04000 37.79000 20.94800 53.87200
22 7 20 08 05 8094.80000 5.32500000 211.04000 37.79000 21.02400 53.87200
22 7 20 08 05 8095.80000 5.32500000 211.04000 37.79000 21.02400 53.87200
22 7 20 08 06 8095.80000 5.32500000 211.17000 37.79000 21.02400 53.87200
22 7 20 08 06 8095.90000 5.32500000 211.23000 37.73000 21.02400 53.87200
22 7 20 08 06 8095.90000 5.32500000 211.17000 37.73000 21.02400 53.87200
22 7 20 08 07 8095.30000 5.32500000 210.88000 37.68000 21.02400 53.87200
22 7 20 08 07 8096.10000 5.32500000 210.92000 37.68000 21.02400 53.87200
22 7 20 08 08 8097.10000 5.32500000 210.86000 37.67000 21.02400 53.87200
22 7 20 08 08 8100.00000 5.32500000 210.89000 37.70000 21.02400 53.87200
22 7 20 08 09 8099.10000 5.32500000 210.88000 37.70000 21.02400 53.87200
22 7 20 08 09 8098.50000 5.32500000 210.88000 37.70000 21.02400 53.87200
22 7 20 08 10 8097.60000 5.32500000 210.74000 37.69000 21.02400 53.65000
22 7 20 08 10 8093.20000 5.32500000 210.73000 37.69000 21.02400 53.65000
22 7 20 08 11 8091.50000 5.32500000 210.52000 37.69000 21.02400 53.65000
22 7 20 08 11 8091.60000 5.32500000 210.58000 37.69000 21.02400 53.65000
22 7 20 08 12 8087.40000 5.32500000 210.43000 37.69000 21.09100 53.65000
22 7 20 08 12 8087.20000 5.32500000 210.37000 37.69000 21.09100 53.51500
22 7 20 08 13 8087.90000 5.32500000 210.45000 37.69000 21.09100 53.51500
22 7 20 08 13 8087.90000 5.32500000 210.50000 37.60000 21.09100 53.51500
22 7 20 08 13 8087.90000 5.32500000 210.59000 37.60000 21.09100 53.51500
22 7 20 08 14 8088.00000 5.32500000 210.59000 37.60000 21.09100 53.51500
22 7 20 08 14 8088.00000 5.32500000 210.82000 37.60000 21.09100 53.51500
22 7 20 08 15 8088.90000 5.32500000 210.78000 37.65000 21.09100 53.51500
22 7 20 08 15 8091.30000 5.32500000 210.95000 37.65000 21.09100 53.51500
22 7 20 08 16 8094.40000 5.32500000 210.94000 37.65000 21.09100 53.51500
22 7 20 08 16 8093.70000 5.32500000 211.06000 37.65000 21.09100 53.51500
22 7 20 08 17 8093.60000 5.32500000 211.06000 37.65000 21.09100 53.51500
22 7 20 08 17 8096.10000 5.32500000 211.08000 37.65000 21.14500 53.51500
22 7 20 08 18 8096.20000 5.32500000 210.95000 37.65000 21.14500 53.51500
22 7 20 08 18 8097.50000 5.32500000 210.91000 37.65000 21.14500 53.51500
22 7 20 08 19 8096.70000 5.32500000 210.88000 37.65000 21.14500 53.51500
