M=[
26 9 20 03 07 9212.60000 4.96500000 302.88000 39.44000 12.62600 47.15000
26 9 20 03 08 9212.60000 4.96500000 302.88000 39.44000 12.62600 47.15000
26 9 20 03 08 9212.60000 4.95400000 302.91000 39.44000 12.62600 47.15000
26 9 20 03 08 9211.00000 4.95400000 302.91000 39.44000 12.62600 47.15000
26 9 20 03 09 9211.00000 4.95400000 302.89000 39.44000 12.62600 47.15000
26 9 20 03 09 9211.00000 4.95700000 302.89000 39.44000 12.62600 47.15000
26 9 20 03 10 9211.00000 4.95700000 302.89000 39.44000 12.62600 47.15000
26 9 20 03 10 9211.00000 4.95700000 302.89000 39.44000 12.62600 47.15000
26 9 20 03 11 9211.00000 4.95700000 302.89000 39.44000 12.62600 47.15000
26 9 20 03 11 9211.00000 4.95900000 302.89000 39.44000 12.62600 47.15000
26 9 20 03 11 9211.00000 4.95900000 302.89000 39.44000 12.62600 47.15000
26 9 20 03 12 9211.00000 4.95900000 303.35000 39.44000 12.62600 47.15000
26 9 20 03 12 9227.20000 4.95600000 303.37000 39.71000 12.62600 47.15000
26 9 20 03 13 9227.20000 4.95600000 303.37000 39.71000 12.62600 47.15000
26 9 20 03 13 9227.20000 4.95300000 303.37000 39.71000 12.62600 47.15000
26 9 20 03 14 9229.30000 4.95300000 303.39000 39.71000 12.62600 47.15000
26 9 20 03 14 9229.30000 4.95300000 303.39000 39.71000 12.62600 47.15000
26 9 20 03 15 9229.30000 4.93100000 303.39000 39.71000 12.62600 47.15000
26 9 20 03 15 9229.30000 4.93100000 303.39000 39.71000 12.62600 47.15000
26 9 20 03 15 9233.00000 4.93100000 303.39000 39.71000 12.62600 47.15000
26 9 20 03 16 9233.00000 4.93100000 303.07000 39.71000 12.62600 47.17900
26 9 20 03 16 9233.00000 4.93100000 303.07000 39.71000 12.62600 47.17900
26 9 20 03 17 9225.10000 4.93100000 302.92000 39.71000 12.62600 47.17900
26 9 20 03 17 9225.10000 4.93100000 302.92000 39.71000 12.62600 47.17900
26 9 20 03 18 9225.10000 4.93100000 302.92000 39.71000 12.62600 47.17900
26 9 20 03 18 9225.10000 4.93100000 302.92000 39.71000 12.62600 47.17900
26 9 20 03 18 9225.10000 4.93100000 302.92000 39.71000 12.62600 47.17900
26 9 20 03 19 9225.10000 4.93100000 302.92000 39.71000 12.62600 47.17900
26 9 20 03 19 9225.70000 4.93100000 302.92000 39.71000 12.62600 47.17900
26 9 20 03 20 9225.70000 4.93100000 302.92000 39.71000 12.62600 47.17900
26 9 20 03 20 9225.70000 4.93100000 302.92000 39.71000 12.62600 47.17900
26 9 20 03 21 9225.70000 4.93100000 302.92000 39.71000 12.62600 47.17900
26 9 20 03 21 9227.40000 4.93100000 302.99000 39.71000 12.62600 47.17900
26 9 20 03 21 9227.40000 4.93100000 302.99000 39.68000 12.62600 47.17900
26 9 20 03 22 9227.50000 4.93100000 302.99000 39.68000 12.62600 47.17900
26 9 20 03 22 9227.50000 4.93100000 302.99000 39.68000 12.62600 47.17900
26 9 20 03 23 9227.50000 4.93100000 302.99000 39.68000 12.62600 47.17900
26 9 20 03 23 9227.50000 4.93100000 302.99000 39.68000 12.62600 47.17900
26 9 20 03 24 9227.50000 4.93100000 302.99000 39.68000 12.62600 47.17900
26 9 20 03 24 9227.50000 4.93100000 302.99000 39.68000 12.62600 47.17900
26 9 20 03 24 9227.50000 4.93100000 302.99000 39.68000 12.62600 47.17900
26 9 20 03 25 9227.50000 4.93100000 302.99000 39.68000 12.62600 47.17900
26 9 20 03 25 9227.50000 4.93100000 302.99000 39.68000 12.62600 47.17900
26 9 20 03 26 9227.50000 4.93100000 302.99000 39.68000 12.62600 47.17900
26 9 20 03 26 9227.50000 4.93100000 302.99000 39.68000 12.62600 47.17900
26 9 20 03 27 9227.50000 4.93100000 303.30000 39.68000 12.62600 47.17900
26 9 20 03 27 9227.50000 4.93100000 303.30000 39.68000 12.62600 47.17900
26 9 20 03 27 9227.50000 4.93100000 303.30000 39.68000 12.62600 47.17900
26 9 20 03 28 9230.80000 4.93100000 303.08000 39.68000 12.62600 47.17900
26 9 20 03 28 9230.80000 4.93100000 303.08000 39.68000 12.62600 47.17900
26 9 20 03 29 9229.10000 4.93100000 303.08000 39.68000 12.62600 47.17900
26 9 20 03 29 9229.10000 4.93100000 303.05000 39.68000 12.62600 47.17900
26 9 20 03 30 9228.70000 4.93100000 303.05000 39.68000 12.62600 47.17900
26 9 20 03 30 9229.40000 4.93100000 303.05000 39.68000 12.62600 47.17900
26 9 20 03 30 9225.90000 4.93100000 303.07000 39.68000 12.62600 47.17900
26 9 20 03 31 9220.60000 4.93100000 302.82000 39.68000 12.62600 47.17900
26 9 20 03 31 9216.40000 4.93100000 302.60000 39.68000 12.62600 47.06800
26 9 20 03 32 9220.60000 4.93100000 302.60000 39.68000 12.62600 47.06800
26 9 20 03 32 9219.20000 4.93100000 302.60000 39.68000 12.62600 47.09300
26 9 20 03 33 9219.20000 4.93100000 302.82000 39.68000 12.62600 47.09300
26 9 20 03 33 9238.60000 4.93100000 302.82000 39.68000 12.62600 47.09300
26 9 20 03 33 9238.60000 4.93100000 303.33000 39.68000 12.62600 47.09300
26 9 20 03 34 9238.60000 4.93100000 303.33000 39.68000 12.62600 47.18900
26 9 20 03 34 9238.60000 4.93100000 303.33000 39.68000 12.62600 47.18900
26 9 20 03 35 9238.60000 4.93100000 303.33000 39.68000 12.62600 47.18900
26 9 20 03 35 9239.50000 4.93100000 303.47000 39.68000 12.62600 47.18900
26 9 20 03 36 9239.50000 4.93100000 303.47000 39.68000 12.62600 47.18900
26 9 20 03 36 9239.50000 4.93100000 303.47000 39.68000 12.62600 47.18900
26 9 20 03 37 9239.50000 4.94100000 303.49000 39.68000 12.62600 47.18900
26 9 20 03 37 9235.40000 4.94100000 303.49000 39.68000 12.62600 47.18900
26 9 20 03 37 9235.40000 4.94100000 303.49000 39.68000 12.62600 47.18900
26 9 20 03 38 9233.00000 4.93900000 303.45000 39.68000 12.62600 47.18900
26 9 20 03 38 9233.00000 4.91500000 303.45000 39.68000 12.62600 47.18900
26 9 20 03 39 9233.00000 4.91500000 303.45000 39.68000 12.62600 47.18900
26 9 20 03 39 9233.00000 4.91500000 303.45000 39.68000 12.62600 47.18900
26 9 20 03 40 9233.00000 4.91500000 303.45000 39.68000 12.62600 47.18900
26 9 20 03 40 9231.80000 4.91500000 303.45000 39.66000 12.62600 47.18900
26 9 20 03 40 9231.80000 4.91500000 303.19000 39.66000 12.62600 47.18900
26 9 20 03 41 9231.80000 4.91500000 303.19000 39.66000 12.62600 47.18900
26 9 20 03 41 9227.10000 4.94100000 303.19000 39.66000 12.60800 47.18900
26 9 20 03 42 9229.70000 4.94100000 303.19000 39.66000 12.60800 47.18900
26 9 20 03 42 9226.90000 4.94100000 303.19000 39.66000 12.60800 47.18900
26 9 20 03 43 9226.10000 4.94100000 303.12000 39.68000 12.60800 47.18900
26 9 20 03 43 9226.70000 4.94100000 303.09000 39.68000 12.60800 47.18900
26 9 20 03 43 9225.10000 4.94100000 302.90000 39.68000 12.60800 47.18900
26 9 20 03 44 9221.30000 4.94100000 302.87000 39.68000 12.60800 47.18900
26 9 20 03 44 9221.30000 4.94100000 302.84000 39.68000 12.60800 47.18900
26 9 20 03 45 9218.60000 4.94100000 302.83000 39.68000 12.60800 47.18900
26 9 20 03 45 9216.50000 4.94100000 302.82000 39.68000 12.60800 47.18900
26 9 20 03 46 9216.50000 4.94100000 302.82000 39.68000 12.60800 47.18900
26 9 20 03 46 9216.30000 4.94100000 302.60000 39.68000 12.48800 47.18900
26 9 20 03 46 9216.30000 4.94100000 302.60000 39.68000 12.48800 47.18900
26 9 20 03 47 9216.90000 4.94100000 302.60000 39.68000 12.48800 47.18900
26 9 20 03 47 9216.90000 4.94100000 302.60000 39.68000 12.48800 47.18900
26 9 20 03 48 9216.00000 4.94100000 302.60000 39.68000 12.48800 47.18900
26 9 20 03 48 9216.00000 4.94100000 302.60000 39.68000 12.48800 47.18900
26 9 20 03 49 9218.50000 4.94100000 302.60000 39.68000 12.48800 47.18900
26 9 20 03 49 9218.40000 4.94100000 302.59000 39.68000 12.48800 47.18900
26 9 20 03 50 9217.50000 4.94100000 302.59000 39.68000 12.48800 47.18900
26 9 20 03 50 9216.10000 4.94100000 302.59000 39.68000 12.48800 47.18900
26 9 20 03 50 9217.40000 4.94100000 302.59000 39.68000 12.48800 47.18900
26 9 20 03 51 9217.40000 4.91900000 302.59000 39.68000 12.48800 47.18900
26 9 20 03 51 9219.10000 4.91900000 302.43000 39.68000 12.48800 47.18900
26 9 20 03 52 9219.10000 4.91900000 302.43000 39.68000 12.48800 47.18900
26 9 20 03 52 9219.10000 4.91900000 302.43000 39.68000 12.48800 47.18900
26 9 20 03 53 9219.10000 4.91900000 302.43000 39.68000 12.48800 47.18900
26 9 20 03 53 9221.10000 4.91900000 302.43000 39.68000 12.48800 47.18900
26 9 20 03 53 9221.30000 4.91900000 302.43000 39.68000 12.48800 47.18900
26 9 20 03 54 9221.20000 4.91900000 302.43000 39.68000 12.48800 47.18900
