M=[
 3 2 21 00 44 30009.00000 6.48300000 1264.37000 124.10000 16.58500 77.55100
 3 2 21 00 44 30026.20000 6.48300000 1265.65000 124.24000 16.58500 77.55100
 3 2 21 00 45 30048.10000 6.48300000 1265.51000 124.23000 16.58500 77.55100
 3 2 21 00 45 30026.90000 6.48300000 1265.50000 123.94000 16.58500 77.55100
 3 2 21 00 46 30016.20000 6.48300000 1263.90000 123.98000 16.58500 77.55100
 3 2 21 00 46 30017.50000 6.48300000 1262.32000 124.10000 16.58500 77.55100
 3 2 21 00 47 29985.40000 6.48300000 1260.84000 124.03000 16.58500 77.55100
 3 2 21 00 47 29982.50000 6.48300000 1262.40000 124.00000 16.58500 77.55100
 3 2 21 00 47 29982.40000 6.48300000 1261.96000 124.00000 16.58500 77.55100
 3 2 21 00 48 29973.30000 6.47200000 1261.95000 124.00000 16.58500 77.55100
 3 2 21 00 48 29969.60000 6.47200000 1262.53000 123.48000 16.58500 77.55100
 3 2 21 00 49 30000.80000 6.47200000 1263.19000 123.94000 16.58500 77.33500
 3 2 21 00 49 30000.80000 6.47200000 1264.38000 124.22000 16.58500 77.59600
 3 2 21 00 50 30015.00000 6.47200000 1263.52000 124.05000 16.58500 77.53900
 3 2 21 00 50 30008.40000 6.47700000 1263.94000 124.10000 16.58500 77.53900
 3 2 21 00 50 29982.70000 6.47700000 1262.43000 124.09000 16.58500 77.53900
 3 2 21 00 51 29985.40000 6.47700000 1262.21000 124.09000 16.58500 77.53900
 3 2 21 00 51 30003.50000 6.45400000 1262.80000 124.09000 16.58500 77.53900
 3 2 21 00 52 30038.10000 6.46300000 1263.96000 124.25000 16.58500 77.53900
 3 2 21 00 52 30047.90000 6.46300000 1262.57000 124.26000 16.58500 77.53900
 3 2 21 00 53 30039.90000 6.46300000 1262.57000 124.20000 16.58500 77.53900
 3 2 21 00 53 30014.10000 6.46300000 1262.09000 123.97000 16.58500 77.53900
 3 2 21 00 53 29989.10000 6.46300000 1262.14000 123.91000 16.58500 77.53900
 3 2 21 00 54 29987.40000 6.46300000 1262.10000 123.79000 16.58500 77.71800
 3 2 21 00 54 29999.90000 6.46300000 1263.09000 123.79000 16.58500 77.71800
 3 2 21 00 55 30048.10000 6.46300000 1263.91000 124.06000 16.58500 77.71800
 3 2 21 00 55 30048.10000 6.46300000 1263.91000 124.24000 16.58500 77.95000
 3 2 21 00 56 30049.90000 6.46300000 1263.94000 124.27000 16.58500 77.95000
 3 2 21 00 56 30043.10000 6.46300000 1263.88000 124.30000 16.58500 78.00000
 3 2 21 00 56 30042.70000 6.46300000 1262.80000 124.39000 16.58500 78.00000
 3 2 21 00 57 30014.10000 6.46300000 1263.08000 124.39000 16.58500 78.26200
 3 2 21 00 57 30010.60000 6.46300000 1262.27000 124.43000 16.58500 78.26200
 3 2 21 00 58 29997.90000 6.46300000 1262.04000 124.28000 16.58500 78.26200
 3 2 21 00 58 29945.00000 6.46300000 1262.03000 124.11000 16.58500 78.26200
 3 2 21 00 59 29986.70000 6.46800000 1261.11000 124.22000 16.40300 78.26200
 3 2 21 00 59 30002.00000 6.46800000 1260.79000 124.27000 16.40300 78.10000
 3 2 21 00 59 29989.90000 6.46800000 1260.71000 124.27000 16.40300 78.10000
 3 2 21 01 00 29987.90000 6.46800000 1260.59000 124.00000 16.40300 78.10000
 3 2 21 01 00 30005.50000 6.46800000 1260.59000 123.87000 16.40300 78.10000
 3 2 21 01 01 30080.50000 6.46800000 1261.28000 124.16000 16.40300 78.21100
 3 2 21 01 01 30095.90000 6.46800000 1261.46000 124.10000 16.40300 78.21100
 3 2 21 01 02 30100.60000 6.46800000 1260.00000 123.96000 16.40300 78.21100
 3 2 21 01 02 30111.00000 6.46000000 1259.79000 123.96000 16.40300 78.21100
 3 2 21 01 02 30115.00000 6.46000000 1259.79000 123.90000 16.40300 78.21100
 3 2 21 01 03 30142.00000 6.46000000 1259.81000 123.92000 16.40300 78.16500
 3 2 21 01 03 30142.00000 6.46000000 1259.99000 123.90000 16.40300 78.16500
 3 2 21 01 04 30113.50000 6.46000000 1260.55000 123.90000 16.40300 78.16500
 3 2 21 01 04 30109.50000 6.46000000 1260.62000 123.90000 16.40300 78.15000
 3 2 21 01 05 30104.10000 6.46000000 1259.88000 123.90000 16.40300 78.15000
 3 2 21 01 05 30104.60000 6.46000000 1259.99000 123.93000 16.40300 78.15000
 3 2 21 01 05 30046.40000 6.46000000 1259.99000 123.90000 16.40300 78.15000
 3 2 21 01 06 30051.90000 6.46000000 1259.99000 123.61000 16.40300 78.15000
 3 2 21 01 06 30045.10000 6.46000000 1260.00000 123.19000 16.40300 78.15000
 3 2 21 01 07 30045.40000 6.46000000 1260.13000 123.40000 16.40300 78.15000
 3 2 21 01 07 30032.30000 6.46000000 1261.28000 123.24000 16.40300 78.15000
 3 2 21 01 08 30013.30000 6.47500000 1260.75000 122.94000 16.40300 78.15000
 3 2 21 01 08 30013.50000 6.47100000 1260.02000 123.20000 16.40300 78.15000
 3 2 21 01 08 30002.10000 6.46700000 1259.99000 122.94000 16.40300 78.15000
 3 2 21 01 09 30002.00000 6.46700000 1259.79000 122.94000 16.40300 78.15000
 3 2 21 01 09 30007.70000 6.46700000 1258.43000 122.94000 16.40300 78.09000
 3 2 21 01 10 30025.20000 6.46700000 1258.14000 123.33000 16.40300 78.04500
 3 2 21 01 10 30010.70000 6.46700000 1257.59000 123.34000 16.40300 78.04500
 3 2 21 01 11 30003.80000 6.46700000 1257.40000 123.27000 16.40300 78.04500
 3 2 21 01 11 30004.90000 6.46700000 1257.40000 123.33000 16.40300 78.04500
 3 2 21 01 11 30006.90000 6.46700000 1257.40000 123.10000 16.40300 78.04500
 3 2 21 01 12 30008.40000 6.46700000 1257.40000 123.10000 16.40300 78.04500
 3 2 21 01 12 30002.10000 6.47800000 1257.40000 123.12000 16.40300 78.04500
 3 2 21 01 13 30003.10000 6.47800000 1259.18000 123.06000 16.40300 78.18200
 3 2 21 01 13 30002.10000 6.47800000 1259.31000 123.06000 16.40300 78.18200
 3 2 21 01 14 29987.30000 6.47800000 1258.48000 123.07000 16.40300 78.18200
 3 2 21 01 14 29992.10000 6.47800000 1258.29000 122.99000 16.40300 78.18200
 3 2 21 01 14 29996.10000 6.47800000 1258.29000 122.99000 16.40300 78.18200
 3 2 21 01 15 30021.60000 6.47800000 1258.29000 122.98000 16.40300 78.18200
 3 2 21 01 15 30041.40000 6.47800000 1258.29000 123.08000 16.40300 78.18200
 3 2 21 01 16 30022.00000 6.47800000 1258.29000 122.99000 16.40300 78.18200
 3 2 21 01 16 30015.40000 6.47800000 1258.29000 123.00000 16.40300 78.18200
 3 2 21 01 17 30006.40000 6.47800000 1258.77000 122.86000 16.40300 78.18200
 3 2 21 01 17 29971.20000 6.47800000 1258.37000 122.71000 16.40300 78.34200
 3 2 21 01 17 29978.10000 6.47800000 1258.70000 122.70000 16.40300 78.34200
 3 2 21 01 18 30002.40000 6.47800000 1261.61000 122.61000 16.55200 78.34200
 3 2 21 01 18 30005.30000 6.47800000 1261.92000 122.61000 16.55200 78.34600
 3 2 21 01 19 30020.10000 6.47800000 1261.85000 122.61000 16.54800 78.47700
 3 2 21 01 19 29991.90000 6.47800000 1262.48000 122.71000 16.54800 78.57300
 3 2 21 01 20 29981.30000 6.47800000 1262.58000 122.74000 16.54800 78.65400
 3 2 21 01 20 29984.60000 6.47800000 1261.58000 122.74000 16.54800 78.65400
 3 2 21 01 21 29995.60000 6.47800000 1262.50000 122.67000 16.54800 78.65400
 3 2 21 01 21 30011.50000 6.47800000 1262.57000 122.73000 16.54800 78.65400
 3 2 21 01 21 29996.10000 6.47800000 1262.57000 122.73000 16.54800 78.65400
 3 2 21 01 22 29990.90000 6.47800000 1261.63000 122.62000 16.54800 78.65400
 3 2 21 01 22 29996.90000 6.47800000 1261.47000 122.62000 16.54800 78.65400
 3 2 21 01 23 29998.10000 6.47800000 1261.75000 122.64000 16.54800 78.65400
 3 2 21 01 23 29986.80000 6.47800000 1261.21000 122.60000 16.54800 78.65400
 3 2 21 01 24 29991.70000 6.47800000 1261.29000 122.55000 16.54800 78.65400
 3 2 21 01 24 29983.30000 6.47800000 1260.64000 122.56000 16.54800 78.65400
 3 2 21 01 24 29987.90000 6.47800000 1259.80000 122.61000 16.54800 78.65400
 3 2 21 01 25 29963.60000 6.47800000 1259.09000 122.52000 16.54800 78.65400
 3 2 21 01 25 29962.00000 6.47800000 1259.09000 122.39000 16.54800 78.65400
 3 2 21 01 26 29957.70000 6.47800000 1257.53000 122.68000 16.54800 78.65400
 3 2 21 01 26 29942.10000 6.47800000 1257.32000 122.68000 16.54800 78.65400
 3 2 21 01 27 29934.70000 6.47800000 1256.90000 122.43000 16.54800 78.65400
 3 2 21 01 27 29901.50000 6.47800000 1256.39000 122.26000 16.56600 78.65400
 3 2 21 01 27 29900.00000 6.47800000 1255.98000 122.25000 16.56600 78.65400
 3 2 21 01 28 29925.90000 6.47800000 1256.21000 122.28000 16.56600 78.65400
 3 2 21 01 28 29936.50000 6.47800000 1256.21000 122.38000 16.56600 78.65400
 3 2 21 01 29 29921.90000 6.47800000 1256.53000 122.31000 16.56600 78.65400
