M=[
 4 8 21 17 48 33291.00000 43.48500000 2277.44000 120.56000 22.75700 99.70000
 4 8 21 17 48 33305.80000 43.48500000 2277.50000 120.53000 22.75700 99.70000
 4 8 21 17 49 33310.10000 43.48500000 2278.39000 120.63000 22.75700 99.70000
 4 8 21 17 49 33308.60000 43.48500000 2279.00000 120.63000 22.75700 99.70000
 4 8 21 17 50 33291.10000 43.48500000 2277.20000 120.57000 22.75700 99.70000
 4 8 21 17 50 33291.10000 43.48500000 2275.06000 120.48000 22.75700 99.70000
 4 8 21 17 51 33291.10000 43.48500000 2274.43000 120.48000 22.75700 99.70000
 4 8 21 17 51 33253.50000 43.48500000 2271.50000 120.48000 22.75700 99.70000
 4 8 21 17 51 33241.50000 43.48500000 2271.44000 120.43000 22.75700 99.70000
 4 8 21 17 52 33196.60000 43.48500000 2260.50000 120.38000 22.75700 99.70000
 4 8 21 17 52 33245.80000 43.48500000 2265.26000 120.38000 22.75700 99.70000
 4 8 21 17 53 33265.90000 43.48500000 2265.86000 120.31000 22.75700 99.70000
 4 8 21 17 53 33276.10000 43.48500000 2267.04000 120.39000 22.75700 99.70000
 4 8 21 17 54 33264.30000 43.48500000 2267.02000 120.36000 22.75700 99.70000
 4 8 21 17 54 33246.80000 43.38500000 2262.25000 120.36000 22.75700 99.70000
 4 8 21 17 54 33215.00000 43.38500000 2258.37000 120.36000 22.75700 99.70000
 4 8 21 17 55 33221.20000 43.38500000 2261.00000 120.36000 22.75700 99.70000
 4 8 21 17 55 33240.00000 43.38500000 2261.09000 120.17000 22.75700 99.70000
 4 8 21 17 56 33226.50000 43.38500000 2258.24000 120.17000 22.75700 99.70000
 4 8 21 17 56 33233.70000 43.38500000 2255.42000 120.04000 22.75700 99.70000
 4 8 21 17 57 33237.60000 43.38500000 2259.23000 120.04000 22.75700 99.70000
 4 8 21 17 57 33257.00000 43.38500000 2258.00000 120.12000 22.75700 99.64100
 4 8 21 17 58 33265.90000 43.38500000 2259.23000 120.15000 22.75700 99.64100
 4 8 21 17 58 33255.30000 43.38500000 2261.69000 120.30000 22.75700 99.64100
 4 8 21 17 58 33261.90000 43.38500000 2261.51000 120.30000 22.75700 99.64100
 4 8 21 17 59 33259.40000 43.38500000 2262.24000 120.30000 22.75700 99.64100
 4 8 21 17 59 33267.80000 43.38500000 2262.83000 120.34000 22.75700 99.64100
 4 8 21 18 00 33267.70000 43.19000000 2262.82000 120.34000 22.75700 99.64100
 4 8 21 18 00 33263.90000 43.19000000 2259.00000 120.34000 22.75700 99.64100
 4 8 21 18 01 33274.80000 43.19000000 2258.40000 120.34000 22.75700 99.64100
 4 8 21 18 01 33278.80000 43.19000000 2258.89000 120.34000 22.75700 99.64100
 4 8 21 18 01 33280.00000 43.19000000 2259.02000 120.44000 22.75700 99.64100
 4 8 21 18 02 33318.00000 43.23400000 2260.45000 120.52000 22.75700 99.64100
 4 8 21 18 02 33345.60000 43.23400000 2265.54000 120.75000 22.75700 99.64100
 4 8 21 18 03 33328.30000 43.23400000 2264.60000 120.78000 22.75700 99.64100
 4 8 21 18 03 33347.50000 43.23400000 2265.99000 121.14000 22.75700 99.64100
 4 8 21 18 04 33381.20000 43.23400000 2267.19000 121.23000 22.75700 99.64100
 4 8 21 18 04 33372.80000 43.23400000 2266.44000 121.20000 22.75700 99.64100
 4 8 21 18 04 33376.40000 43.23400000 2266.50000 121.20000 22.75700 99.64100
 4 8 21 18 05 33392.00000 43.23400000 2268.99000 121.20000 22.75700 99.64100
 4 8 21 18 05 33392.00000 43.23400000 2269.02000 121.27000 22.75700 99.64100
 4 8 21 18 06 33423.00000 43.23400000 2268.99000 121.32000 22.75700 99.64100
 4 8 21 18 06 33528.70000 43.48500000 2270.99000 121.51000 22.75700 99.64100
 4 8 21 18 07 33517.00000 43.53300000 2272.23000 121.56000 22.75700 99.64100
 4 8 21 18 07 33460.50000 43.53300000 2269.00000 121.49000 22.75700 100.02600
 4 8 21 18 08 33547.30000 43.52400000 2273.76000 121.54000 22.75700 100.11500
 4 8 21 18 08 33568.70000 43.52400000 2273.39000 121.58000 22.75700 100.11500
 4 8 21 18 08 33568.70000 43.52400000 2271.62000 121.54000 22.75700 100.11500
 4 8 21 18 09 33569.00000 43.52400000 2273.48000 121.54000 22.75700 100.11500
 4 8 21 18 09 33563.90000 43.52400000 2272.26000 121.56000 22.75700 100.11500
 4 8 21 18 10 33568.50000 43.52400000 2272.65000 121.56000 22.75700 100.11500
 4 8 21 18 10 33579.00000 43.52400000 2274.32000 121.58000 22.75700 100.11500
 4 8 21 18 11 33560.10000 43.52400000 2273.59000 121.58000 22.75800 100.11500
 4 8 21 18 11 33573.00000 43.52400000 2273.59000 121.56000 22.75800 100.11500
 4 8 21 18 11 33573.00000 43.52400000 2273.98000 121.56000 22.75800 100.11500
 4 8 21 18 12 33572.60000 43.53900000 2274.33000 121.56000 22.75800 100.11500
 4 8 21 18 12 33540.00000 43.53900000 2274.01000 121.55000 22.75800 100.11500
 4 8 21 18 13 33524.10000 43.53900000 2274.01000 121.55000 22.75800 100.11500
 4 8 21 18 13 33511.20000 43.53900000 2272.18000 121.55000 22.75800 100.11500
 4 8 21 18 14 33504.60000 43.53900000 2270.43000 121.30000 22.75800 100.11500
 4 8 21 18 14 33492.70000 43.53900000 2268.56000 121.30000 22.75800 100.11500
 4 8 21 18 14 33486.20000 43.53900000 2268.56000 121.22000 22.75800 100.11500
 4 8 21 18 15 33507.10000 43.53900000 2268.53000 121.28000 22.75800 100.11500
 4 8 21 18 15 33462.60000 43.53900000 2268.56000 121.17000 22.75800 100.11500
 4 8 21 18 16 33450.00000 43.53900000 2266.16000 121.17000 22.75800 100.11500
 4 8 21 18 16 33435.00000 43.53900000 2263.74000 121.17000 22.75800 100.11500
 4 8 21 18 17 33435.00000 43.53900000 2264.50000 121.17000 22.75800 100.11500
 4 8 21 18 17 33435.10000 43.53900000 2263.63000 121.04000 22.75800 100.11500
 4 8 21 18 18 33435.20000 43.53900000 2263.19000 121.04000 22.75800 100.11500
 4 8 21 18 18 33447.50000 43.53900000 2265.01000 121.09000 22.75800 100.11500
 4 8 21 18 18 33435.20000 43.53900000 2264.60000 121.05000 22.75800 100.11500
 4 8 21 18 19 33435.20000 43.53900000 2264.25000 121.03000 22.75800 100.11500
 4 8 21 18 19 33441.10000 43.53900000 2264.60000 121.06000 22.75800 100.11500
 4 8 21 18 20 33455.60000 43.42600000 2266.09000 121.06000 22.75800 100.00900
 4 8 21 18 20 33460.00000 43.42600000 2267.57000 121.15000 22.75800 100.00900
 4 8 21 18 21 33460.00000 43.42600000 2265.81000 121.14000 22.75800 100.00900
 4 8 21 18 21 33450.40000 43.42600000 2264.77000 121.08000 22.75800 100.00900
 4 8 21 18 21 33435.30000 43.42600000 2264.70000 121.05000 22.75800 100.00900
 4 8 21 18 22 33425.40000 43.42600000 2264.07000 121.04000 22.75800 100.00900
 4 8 21 18 22 33423.60000 43.42600000 2264.49000 121.04000 22.75800 100.00900
 4 8 21 18 23 33427.70000 43.42600000 2264.60000 121.04000 22.75800 100.00900
 4 8 21 18 23 33426.70000 43.42600000 2264.56000 121.04000 22.75800 100.00900
 4 8 21 18 24 33427.60000 43.42600000 2264.60000 121.04000 22.75800 99.74500
 4 8 21 18 24 33426.20000 43.42600000 2264.60000 121.09000 22.75800 99.74500
 4 8 21 18 24 33429.40000 43.42600000 2264.70000 121.03000 22.75800 99.74500
 4 8 21 18 25 33432.90000 43.42600000 2265.50000 121.02000 22.75800 99.74500
 4 8 21 18 25 33432.90000 43.42600000 2266.99000 121.08000 22.75800 99.74500
 4 8 21 18 26 33479.90000 43.42600000 2268.41000 121.20000 22.75800 99.74500
 4 8 21 18 26 33499.80000 43.42600000 2270.60000 121.19000 22.75800 99.74500
 4 8 21 18 27 33504.70000 43.57700000 2271.71000 121.25000 22.75800 99.74500
 4 8 21 18 27 33504.50000 43.57700000 2272.79000 121.24000 22.75800 99.74500
 4 8 21 18 27 33509.10000 43.57700000 2273.71000 121.28000 22.75800 99.74500
 4 8 21 18 28 33511.00000 43.57700000 2273.73000 121.28000 22.75800 99.74500
 4 8 21 18 28 33524.80000 43.57700000 2274.29000 121.31000 22.75800 99.74500
 4 8 21 18 29 33524.50000 43.57700000 2273.31000 121.26000 22.75800 99.74500
 4 8 21 18 29 33524.40000 43.57700000 2273.72000 121.21000 22.75800 99.74500
 4 8 21 18 30 33464.90000 43.57700000 2271.57000 121.21000 22.75800 99.74500
 4 8 21 18 30 33445.10000 43.57700000 2269.40000 121.21000 22.75800 99.74500
 4 8 21 18 31 33429.10000 43.57700000 2269.41000 121.21000 22.75800 99.74500
 4 8 21 18 31 33429.20000 43.57700000 2269.71000 121.21000 22.75800 99.74500
 4 8 21 18 31 33430.50000 43.57700000 2269.53000 121.11000 22.75800 99.74500
 4 8 21 18 32 33390.50000 43.38300000 2266.71000 121.05000 22.75800 99.74500
 4 8 21 18 32 33396.20000 43.38300000 2266.34000 121.03000 22.75800 99.60200
