M=[
23 3 21 07 00 44866.10000 9.96400000 1393.56000 154.17000 34.30100 115.45500
23 3 21 07 00 44860.20000 9.96400000 1394.00000 154.16000 34.30200 115.45500
23 3 21 07 01 44913.90000 9.96400000 1395.40000 154.26000 34.30200 115.45500
23 3 21 07 01 44918.70000 9.96400000 1397.14000 154.43000 34.30200 115.45500
23 3 21 07 02 44932.90000 9.99500000 1397.26000 154.50000 34.30100 115.45500
23 3 21 07 02 44903.80000 9.99600000 1397.01000 154.39000 34.31000 115.45500
23 3 21 07 02 44924.70000 9.99600000 1397.62000 154.56000 34.34200 115.45500
23 3 21 07 03 44918.10000 9.99600000 1397.01000 154.56000 34.34200 115.45500
23 3 21 07 03 44918.20000 9.99600000 1397.63000 154.48000 34.34200 115.45500
23 3 21 07 04 44918.10000 9.99600000 1398.30000 154.48000 34.34200 115.83300
23 3 21 07 04 44918.10000 9.99600000 1397.44000 154.59000 34.34200 115.83300
23 3 21 07 05 44930.00000 10.01900000 1399.00000 154.85000 33.85900 115.83300
23 3 21 07 05 45000.00000 10.01900000 1399.01000 154.86000 33.85900 115.98100
23 3 21 07 05 45000.00000 10.01900000 1399.01000 154.78000 33.85900 115.98100
23 3 21 07 06 45006.00000 10.06200000 1399.28000 154.78000 33.85900 115.98100
23 3 21 07 06 45006.00000 10.06200000 1398.99000 154.78000 33.85800 115.98100
23 3 21 07 07 45002.30000 10.06200000 1398.17000 154.78000 33.81200 115.98100
23 3 21 07 07 45000.00000 10.06200000 1397.36000 154.50000 33.81200 115.98100
23 3 21 07 08 44937.30000 10.06200000 1397.09000 154.26000 33.81200 115.91700
23 3 21 07 08 44938.90000 10.06200000 1396.67000 154.32000 33.81200 115.91700
23 3 21 07 08 44942.40000 10.06200000 1396.80000 154.32000 33.81200 116.03600
23 3 21 07 09 44930.10000 10.06200000 1396.84000 154.39000 33.81200 116.03600
23 3 21 07 09 44913.00000 10.01800000 1396.84000 154.41000 33.81200 116.03600
23 3 21 07 10 44948.20000 10.01800000 1398.44000 154.53000 33.81200 116.03600
23 3 21 07 10 44910.10000 10.01800000 1397.16000 154.53000 34.04100 116.03600
23 3 21 07 11 44900.10000 10.01800000 1396.00000 154.20000 34.04100 116.03600
23 3 21 07 11 44870.90000 10.01800000 1395.72000 154.19000 34.04100 116.03600
23 3 21 07 11 44903.10000 9.98600000 1395.73000 154.19000 34.04100 116.03600
23 3 21 07 12 44929.90000 9.98600000 1397.50000 154.28000 34.20000 116.03600
23 3 21 07 12 44963.80000 9.98600000 1398.79000 154.47000 34.30400 116.03600
23 3 21 07 13 44975.60000 10.02800000 1398.99000 154.47000 33.75600 116.03600
23 3 21 07 13 44978.40000 10.02800000 1398.65000 154.50000 34.46200 116.03600
23 3 21 07 14 44997.80000 10.02800000 1398.98000 154.50000 34.44400 116.12800
23 3 21 07 14 45040.90000 10.02800000 1399.99000 154.67000 34.44400 116.12800
23 3 21 07 14 45046.40000 10.02800000 1401.76000 154.88000 34.44400 116.12800
23 3 21 07 15 45050.00000 10.06300000 1400.79000 154.91000 34.44400 116.12800
23 3 21 07 15 45075.90000 10.08900000 1401.50000 154.90000 34.44400 116.12800
23 3 21 07 16 45050.10000 10.08900000 1400.39000 154.90000 34.44400 116.12800
23 3 21 07 16 45050.10000 10.08900000 1399.90000 154.65000 34.44400 116.12800
23 3 21 07 17 45050.10000 10.08900000 1399.63000 154.65000 34.27900 116.12800
23 3 21 07 17 45050.10000 10.05500000 1399.72000 154.58000 34.27900 116.12800
23 3 21 07 17 45050.10000 10.05500000 1399.66000 154.58000 34.27900 116.12800
23 3 21 07 18 45050.10000 10.05500000 1399.71000 154.61000 34.27900 116.12800
23 3 21 07 18 45050.00000 10.05500000 1400.08000 154.63000 34.27900 116.12800
23 3 21 07 19 45050.10000 10.05500000 1400.01000 154.50000 33.77300 116.12800
23 3 21 07 19 45050.10000 10.05500000 1400.00000 154.52000 34.59300 116.12800
23 3 21 07 20 45050.10000 10.05500000 1400.01000 154.58000 34.59300 116.35200
23 3 21 07 20 45050.20000 10.05500000 1400.01000 154.58000 33.88600 116.31600
23 3 21 07 20 45050.20000 10.05500000 1400.01000 154.45000 33.71600 116.31600
23 3 21 07 21 45079.60000 10.05500000 1401.28000 154.65000 33.71600 116.31600
23 3 21 07 21 45118.10000 10.05500000 1402.70000 154.89000 33.71600 116.31600
23 3 21 07 22 45127.10000 10.05500000 1402.92000 154.88000 33.92800 116.31600
23 3 21 07 22 45142.20000 10.05500000 1402.97000 154.88000 33.92800 116.31600
23 3 21 07 23 45142.50000 10.05500000 1403.95000 154.85000 34.68200 116.31600
23 3 21 07 23 45142.50000 10.05500000 1404.00000 155.00000 34.74400 116.31600
23 3 21 07 23 45226.20000 10.05500000 1405.00000 155.24000 34.74400 116.31600
23 3 21 07 24 45175.00000 10.05500000 1405.00000 155.14000 34.74400 116.31600
23 3 21 07 24 45200.00000 10.05500000 1405.62000 155.12000 34.74400 116.31600
23 3 21 07 25 45202.20000 10.10300000 1405.07000 155.17000 34.74400 116.31600
23 3 21 07 25 45189.00000 10.10300000 1404.95000 155.14000 34.74400 116.31600
23 3 21 07 26 45175.10000 10.10300000 1404.01000 155.14000 34.74400 116.31600
23 3 21 07 26 45194.40000 10.10300000 1404.00000 155.11000 34.79100 116.31600
23 3 21 07 26 45194.40000 10.10300000 1403.89000 155.11000 34.79100 116.76900
23 3 21 07 27 45177.10000 10.10300000 1403.31000 155.11000 34.79100 116.76900
23 3 21 07 27 45154.70000 10.10300000 1403.41000 154.98000 34.79100 116.76900
23 3 21 07 28 45176.70000 10.10300000 1404.01000 155.24000 34.15000 116.76900
23 3 21 07 28 45177.10000 10.10300000 1404.43000 155.14000 34.15700 116.76900
23 3 21 07 29 45179.90000 10.10300000 1403.87000 155.14000 34.15700 116.85200
23 3 21 07 29 45182.00000 10.10300000 1403.94000 155.22000 34.17300 116.85200
23 3 21 07 29 45229.20000 10.10300000 1404.22000 155.22000 34.17300 116.85200
23 3 21 07 30 45249.60000 10.13000000 1405.69000 155.51000 34.17300 116.85200
23 3 21 07 30 45250.90000 10.13400000 1406.74000 155.51000 34.17300 116.85200
23 3 21 07 31 45250.90000 10.13400000 1406.98000 155.48000 34.17300 116.85200
23 3 21 07 31 45290.50000 10.13400000 1407.42000 155.48000 34.65200 116.85200
23 3 21 07 32 45280.00000 10.13400000 1406.84000 155.53000 34.84700 117.02300
23 3 21 07 32 45235.00000 10.13400000 1405.57000 155.27000 35.00000 117.02300
23 3 21 07 32 45235.00000 10.13400000 1404.98000 155.33000 35.36500 117.02300
23 3 21 07 33 45183.90000 10.14600000 1404.33000 155.33000 35.36500 117.02300
23 3 21 07 33 45189.20000 10.14600000 1405.42000 155.33000 35.36500 117.02300
23 3 21 07 34 45213.70000 10.14600000 1405.59000 155.33000 35.12900 117.02300
23 3 21 07 34 45224.30000 10.14600000 1405.16000 155.33000 35.34900 116.93700
23 3 21 07 35 45235.00000 10.14600000 1405.52000 155.33000 35.47700 116.93700
23 3 21 07 35 45213.10000 10.14600000 1404.12000 155.33000 35.61200 116.93700
23 3 21 07 35 45175.10000 10.14600000 1403.93000 155.22000 35.97500 116.93700
23 3 21 07 36 45175.00000 10.14600000 1403.93000 155.22000 35.13300 116.93700
23 3 21 07 36 45175.10000 10.14600000 1403.89000 154.99000 35.13300 116.93700
23 3 21 07 37 45176.80000 10.14300000 1405.30000 155.30000 35.13300 116.93700
23 3 21 07 37 45204.50000 10.14300000 1405.15000 155.21000 35.29700 116.93700
23 3 21 07 38 45209.20000 10.14300000 1405.32000 155.22000 35.22300 116.93700
23 3 21 07 38 45184.20000 10.14300000 1404.39000 155.21000 36.05700 116.59200
23 3 21 07 38 45207.10000 10.14300000 1405.00000 155.21000 36.05700 116.59200
23 3 21 07 39 45286.20000 10.15500000 1406.00000 155.30000 36.10500 116.59200
23 3 21 07 39 45299.20000 10.15500000 1408.22000 155.30000 36.10500 116.59200
23 3 21 07 40 45300.00000 10.15200000 1408.34000 155.53000 36.49900 116.85200
23 3 21 07 40 45303.10000 10.15200000 1408.34000 155.52000 36.49900 116.85200
23 3 21 07 41 45300.00000 10.14300000 1407.41000 155.38000 36.49900 116.85200
23 3 21 07 41 45220.20000 10.14300000 1405.48000 155.29000 36.49900 116.85200
23 3 21 07 41 45212.70000 10.14300000 1405.48000 155.16000 36.09000 116.85200
23 3 21 07 42 45293.90000 10.17200000 1406.91000 155.16000 36.02200 116.93800
23 3 21 07 42 45280.50000 10.17200000 1406.46000 155.33000 35.52400 116.93800
23 3 21 07 43 45286.90000 10.17200000 1406.85000 155.43000 35.52400 116.93800
23 3 21 07 43 45305.20000 10.18400000 1408.08000 155.58000 35.52400 116.93800
