M=[
22 5 20 09 54 8348.40000 5.79500000 185.28000 39.91000 11.10300 43.94900
22 5 20 09 55 8349.30000 5.79500000 185.27000 39.91000 11.10300 43.82000
22 5 20 09 55 8352.00000 5.82900000 185.31000 40.07000 11.10300 43.94900
22 5 20 09 56 8357.00000 5.83000000 185.50000 40.10000 11.10300 43.94900
22 5 20 09 56 8360.00000 5.83000000 185.66000 40.10000 11.14800 43.94900
22 5 20 09 57 8360.00000 5.83000000 185.69000 40.10000 11.14800 44.03000
22 5 20 09 57 8359.90000 5.83000000 185.81000 40.10000 11.14900 43.82000
22 5 20 09 58 8359.90000 5.83000000 185.81000 40.10000 11.14900 43.82000
22 5 20 09 58 8359.90000 5.83000000 185.81000 40.10000 11.14900 44.03000
22 5 20 09 59 8360.00000 5.84700000 185.81000 40.10000 11.14900 43.97100
22 5 20 09 59 8360.00000 5.84700000 185.88000 40.10000 11.14900 43.97100
22 5 20 10 00 8366.50000 5.84700000 186.00000 40.15000 11.14900 44.03000
22 5 20 10 00 8380.00000 5.84700000 186.57000 40.20000 11.19800 44.03000
22 5 20 10 01 8399.00000 5.86000000 186.84000 40.27000 11.19800 44.03000
22 5 20 10 01 8395.00000 5.86000000 186.94000 40.27000 11.19800 44.03000
22 5 20 10 02 8397.80000 5.86000000 187.54000 40.24000 11.19800 44.03000
22 5 20 10 03 8396.30000 5.86000000 187.30000 40.24000 11.19800 44.03000
22 5 20 10 03 8404.50000 5.86000000 187.57000 40.27000 11.19800 44.03000
22 5 20 10 04 8405.20000 5.86000000 187.37000 40.27000 11.19800 44.03000
22 5 20 10 04 8400.00000 5.87000000 187.11000 40.26000 11.19800 44.03000
22 5 20 10 05 8400.20000 5.87000000 187.14000 40.22000 11.22200 44.03000
22 5 20 10 05 8396.50000 5.87000000 187.14000 40.22000 11.22200 44.03000
22 5 20 10 06 8398.90000 5.87000000 187.08000 40.27000 11.22200 44.03000
22 5 20 10 06 8398.50000 5.87600000 187.01000 40.23000 11.19800 44.03000
22 5 20 10 07 8407.00000 5.87600000 187.01000 40.26000 11.22200 44.03000
22 5 20 10 07 8431.00000 5.88000000 187.20000 40.30000 11.23300 44.03000
22 5 20 10 08 8431.00000 5.88000000 187.22000 40.17000 11.23300 44.03000
22 5 20 10 08 8425.50000 5.85900000 187.18000 40.26000 11.23700 43.74000
22 5 20 10 09 8427.70000 5.85900000 187.18000 40.17000 11.20900 43.74000
22 5 20 10 10 8426.50000 5.85900000 187.16000 40.17000 11.17900 43.74000
22 5 20 10 10 8429.90000 5.85900000 187.16000 40.26000 11.17900 43.74000
22 5 20 10 11 8430.10000 5.85900000 187.02000 40.17000 11.17900 43.74000
22 5 20 10 11 8421.00000 5.85900000 186.86000 40.17000 11.17900 43.74000
22 5 20 10 12 8421.10000 5.85900000 187.01000 40.14000 11.17900 43.74000
22 5 20 10 12 8405.40000 5.85900000 187.05000 40.14000 11.17900 43.74000
22 5 20 10 13 8424.60000 5.85900000 187.03000 40.14000 11.17900 43.74000
22 5 20 10 13 8412.20000 5.85900000 187.03000 40.14000 11.17900 43.74000
22 5 20 10 14 8413.00000 5.85900000 186.83000 40.14000 11.20900 43.74000
22 5 20 10 14 8416.90000 5.85900000 186.83000 40.14000 11.17900 43.74000
22 5 20 10 15 8416.10000 5.87900000 187.03000 40.14000 11.17900 44.03000
22 5 20 10 15 8416.10000 5.85900000 186.90000 40.23000 11.17900 43.74000
22 5 20 10 16 8416.10000 5.87900000 186.86000 40.23000 11.17900 44.03000
22 5 20 10 16 8405.10000 5.87900000 186.61000 40.12000 11.17900 43.74000
22 5 20 10 17 8396.40000 5.87900000 186.25000 40.10000 11.17900 43.74000
22 5 20 10 17 8398.70000 5.87900000 186.47000 40.10000 11.17900 43.81100
22 5 20 10 18 8399.20000 5.87900000 186.30000 40.10000 11.17900 43.81100
22 5 20 10 18 8406.50000 5.87500000 186.45000 40.16000 11.17900 43.81100
22 5 20 10 19 8405.40000 5.85900000 186.49000 40.13000 11.17900 43.81100
22 5 20 10 19 8405.00000 5.87500000 186.43000 40.13000 11.17900 43.81100
22 5 20 10 20 8410.00000 5.87500000 186.69000 40.13000 11.17900 43.81100
22 5 20 10 20 8415.00000 5.87500000 186.67000 40.21000 11.17900 43.81100
22 5 20 10 21 8413.60000 5.88700000 186.68000 40.21000 11.20600 43.81100
22 5 20 10 22 8410.90000 5.88700000 186.49000 40.20000 11.20600 43.81100
22 5 20 10 22 8412.10000 5.88700000 186.41000 40.16000 11.21300 43.81100
22 5 20 10 23 8416.90000 5.87500000 186.53000 40.16000 11.21300 43.81100
22 5 20 10 23 8416.80000 5.88700000 186.53000 40.19000 11.21300 43.81100
22 5 20 10 24 8418.00000 5.88700000 186.60000 40.20000 11.21300 43.81100
22 5 20 10 24 8419.00000 5.88700000 186.51000 40.15000 11.21300 43.94900
22 5 20 10 25 8424.70000 5.88700000 186.53000 40.15000 11.21300 43.81100
22 5 20 10 25 8433.70000 5.88700000 186.98000 40.23000 11.21300 43.81100
22 5 20 10 26 8434.50000 5.90200000 186.92000 40.23000 11.21300 43.81100
22 5 20 10 26 8439.20000 5.90200000 186.98000 40.23000 11.21300 43.81100
22 5 20 10 27 8439.40000 5.90200000 187.01000 40.27000 11.28200 43.81100
22 5 20 10 27 8439.80000 5.90200000 187.07000 40.27000 11.28200 43.94900
22 5 20 10 28 8430.10000 5.90200000 186.92000 40.27000 11.28200 43.81100
22 5 20 10 28 8420.00000 5.90200000 186.90000 40.27000 11.28200 43.81100
22 5 20 10 29 8430.10000 5.90200000 186.90000 40.27000 11.28200 43.81100
22 5 20 10 29 8430.70000 5.90200000 186.91000 40.23000 11.28200 43.81100
22 5 20 10 30 8434.60000 5.87500000 187.07000 40.27000 11.28200 43.81100
22 5 20 10 30 8439.60000 5.90200000 187.01000 40.27000 11.28200 43.81100
22 5 20 10 31 8439.50000 5.90200000 187.10000 40.27000 11.28200 43.81100
22 5 20 10 31 8439.50000 5.90200000 187.10000 40.27000 11.21300 43.81100
22 5 20 10 32 8438.60000 5.90200000 187.04000 40.27000 11.28200 43.81100
22 5 20 10 32 8439.50000 5.90200000 186.83000 40.27000 11.28200 43.81100
22 5 20 10 33 8436.20000 5.90200000 186.95000 40.23000 11.28200 43.81100
22 5 20 10 33 8435.40000 5.90200000 186.92000 40.23000 11.28200 43.81100
22 5 20 10 34 8430.40000 5.90200000 186.91000 40.26000 11.28200 43.81100
22 5 20 10 34 8435.80000 5.90200000 186.99000 40.26000 11.30600 44.03000
22 5 20 10 35 8440.60000 5.90200000 187.01000 40.28000 11.30600 43.81100
22 5 20 10 35 8443.60000 5.89300000 186.98000 40.28000 11.30600 43.74000
22 5 20 10 36 8443.50000 5.89300000 187.00000 40.28000 11.30600 44.03000
22 5 20 10 36 8442.80000 5.89300000 187.00000 40.28000 11.30600 43.81100
22 5 20 10 37 8445.00000 5.89300000 187.04000 40.29000 11.28200 43.81100
22 5 20 10 37 8442.40000 5.89300000 186.92000 40.29000 11.30600 43.81100
22 5 20 10 38 8440.70000 5.89300000 186.99000 40.29000 11.30600 43.81100
22 5 20 10 38 8440.70000 5.89300000 186.99000 40.29000 11.30600 43.81100
22 5 20 10 39 8440.70000 5.89300000 186.99000 40.29000 11.30600 43.81100
22 5 20 10 39 8439.80000 5.89300000 186.98000 40.29000 11.30600 44.03000
22 5 20 10 40 8437.10000 5.89300000 186.86000 40.29000 11.30600 43.81100
22 5 20 10 40 8439.90000 5.89300000 186.82000 40.29000 11.30600 43.82700
22 5 20 10 41 8438.40000 5.89300000 186.88000 40.29000 11.32800 43.82700
22 5 20 10 42 8430.70000 5.89300000 186.88000 40.29000 11.33000 43.73700
22 5 20 10 42 8429.10000 5.87900000 186.83000 40.29000 11.32800 43.72900
22 5 20 10 42 8427.80000 5.87900000 186.69000 40.29000 11.33000 43.72900
22 5 20 10 43 8432.60000 5.87900000 186.78000 40.29000 11.33000 43.72900
22 5 20 10 43 8429.50000 5.87900000 186.75000 40.29000 11.33000 43.72900
22 5 20 10 44 8422.10000 5.87900000 186.65000 40.29000 11.33000 43.72900
22 5 20 10 44 8423.50000 5.87900000 186.71000 40.29000 11.33000 43.72900
22 5 20 10 45 8429.70000 5.87900000 186.77000 40.29000 11.33000 43.72900
22 5 20 10 45 8430.90000 5.87900000 186.77000 40.29000 11.33000 43.72900
22 5 20 10 46 8430.30000 5.87900000 186.78000 40.29000 11.33000 43.72900
22 5 20 10 46 8425.50000 5.87900000 186.78000 40.29000 11.33000 43.70400
22 5 20 10 47 8425.10000 5.87900000 186.66000 40.28000 11.33000 43.70400
22 5 20 10 48 8422.10000 5.87900000 186.67000 40.29000 11.28200 43.70400
22 5 20 10 48 8423.10000 5.87900000 186.67000 40.29000 11.33000 43.70400
22 5 20 10 48 8423.00000 5.87900000 186.67000 40.29000 11.33000 43.70400
22 5 20 10 49 8422.00000 5.87900000 186.67000 40.29000 11.33000 43.70400
22 5 20 10 49 8422.60000 5.87900000 186.59000 40.29000 11.33000 43.70400
22 5 20 10 50 8424.00000 5.87900000 186.59000 40.29000 11.33000 43.70400
