M=[
22 7 20 22 39 8241.50000 5.46000000 229.66000 38.42000 21.00000 54.82600
22 7 20 22 39 8241.60000 5.46900000 229.43000 38.42000 20.94100 54.87000
22 7 20 22 40 8250.20000 5.46900000 229.48000 38.41000 20.94100 54.95100
22 7 20 22 40 8250.00000 5.46900000 229.30000 38.41000 20.94100 54.95500
22 7 20 22 41 8244.00000 5.47500000 228.50000 38.41000 20.87900 54.95600
22 7 20 22 41 8233.00000 5.47500000 228.20000 38.41000 20.87900 54.88200
22 7 20 22 42 8245.40000 5.47500000 228.39000 38.47000 20.62200 54.91600
22 7 20 22 43 8244.00000 5.47500000 228.39000 38.47000 20.60000 54.88100
22 7 20 22 43 8245.30000 5.47500000 228.58000 38.55000 20.60000 54.87200
22 7 20 22 44 8241.20000 5.47500000 228.21000 38.60000 20.60000 54.84200
22 7 20 22 44 8241.20000 5.47500000 228.17000 38.59000 20.60000 54.84200
22 7 20 22 45 8250.00000 5.49000000 229.49000 38.68000 20.80400 54.80400
22 7 20 22 45 8249.90000 5.50000000 230.10000 38.71000 20.80400 54.80400
22 7 20 22 46 8250.00000 5.50000000 230.20000 38.74000 20.89900 54.77100
22 7 20 22 46 8250.00000 5.50000000 229.95000 38.74000 20.89900 54.64000
22 7 20 22 47 8226.80000 5.50000000 228.92000 38.58000 20.88100 54.41400
22 7 20 22 48 8228.90000 5.50000000 228.53000 38.60000 20.88100 54.57000
22 7 20 22 49 8230.00000 5.50700000 228.21000 38.63000 20.88100 54.47800
22 7 20 22 49 8230.50000 5.50700000 229.17000 38.71000 20.88100 54.56400
22 7 20 22 50 8230.60000 5.50700000 228.55000 38.71000 20.88100 54.56400
22 7 20 22 50 8229.50000 5.50700000 228.61000 38.71000 20.96400 54.56400
22 7 20 22 51 8229.70000 5.50700000 228.59000 38.74000 20.93200 54.56400
22 7 20 22 51 8223.40000 5.50700000 228.30000 38.77000 20.93200 54.56400
22 7 20 22 52 8220.60000 5.50700000 228.13000 38.77000 20.93200 54.56400
22 7 20 22 52 8223.40000 5.50700000 227.66000 38.77000 20.93200 54.56400
22 7 20 22 53 8221.20000 5.50700000 227.46000 38.77000 20.93200 54.56400
22 7 20 22 53 8223.00000 5.50700000 227.74000 38.74000 20.93200 54.56400
22 7 20 22 54 8222.30000 5.50700000 227.72000 38.74000 20.93200 54.56400
22 7 20 22 54 8223.40000 5.49000000 227.92000 38.79000 20.93200 54.56400
22 7 20 22 55 8223.50000 5.49000000 228.37000 38.79000 20.93200 54.56400
22 7 20 22 55 8227.20000 5.49000000 228.19000 38.79000 20.93200 54.56400
22 7 20 22 56 8227.10000 5.50000000 228.19000 38.81000 20.93200 54.56400
22 7 20 22 56 8227.10000 5.50000000 228.12000 38.81000 20.93200 54.56400
22 7 20 22 57 8227.10000 5.52000000 228.17000 38.81000 20.93200 54.56400
22 7 20 22 57 8229.90000 5.52000000 228.17000 38.81000 20.76800 54.56400
22 7 20 22 58 8230.40000 5.52000000 228.39000 38.82000 20.76800 54.56400
22 7 20 22 58 8231.20000 5.52000000 228.48000 38.82000 20.69200 54.56400
22 7 20 22 58 8231.20000 5.52000000 228.60000 38.82000 20.69200 54.56400
22 7 20 22 59 8227.00000 5.52000000 227.20000 38.78000 20.60000 54.75000
22 7 20 23 00 8228.40000 5.51900000 227.60000 38.78000 20.60000 54.63000
22 7 20 23 00 8235.70000 5.51900000 228.07000 38.78000 20.54400 54.69800
22 7 20 23 01 8237.20000 5.51900000 228.00000 38.78000 20.54400 54.69800
22 7 20 23 01 8240.10000 5.51900000 228.01000 38.87000 20.54400 54.69800
22 7 20 23 02 8237.10000 5.51900000 227.75000 38.87000 20.54400 54.69800
22 7 20 23 03 8237.60000 5.51900000 227.76000 38.87000 20.54400 54.74900
22 7 20 23 03 8236.70000 5.52300000 227.70000 38.87000 20.54400 54.74900
22 7 20 23 03 8235.20000 5.52300000 227.52000 38.87000 20.54400 54.74900
22 7 20 23 04 8232.10000 5.52300000 227.24000 38.81000 20.54400 54.74900
22 7 20 23 04 8232.20000 5.52300000 227.29000 38.81000 20.54400 54.74900
22 7 20 23 05 8235.10000 5.52300000 227.97000 38.83000 20.54400 54.74900
22 7 20 23 06 8235.50000 5.52300000 228.34000 38.87000 20.54400 54.74900
22 7 20 23 06 8240.00000 5.52300000 228.67000 38.87000 20.54400 54.74900
22 7 20 23 07 8244.00000 5.52300000 228.63000 38.87000 20.54400 54.77200
22 7 20 23 07 8245.30000 5.52300000 228.51000 38.87000 20.54400 54.77200
22 7 20 23 08 8245.40000 5.52300000 228.55000 38.87000 20.54400 54.77200
22 7 20 23 08 8243.70000 5.52300000 228.46000 38.87000 20.54400 54.77200
22 7 20 23 09 8243.70000 5.52000000 228.45000 38.87000 20.54400 54.77200
22 7 20 23 09 8243.50000 5.52000000 228.25000 38.87000 20.54400 54.77200
22 7 20 23 10 8240.10000 5.52000000 228.20000 38.87000 20.54400 54.77200
22 7 20 23 10 8241.10000 5.52000000 228.05000 38.87000 20.54400 54.77200
22 7 20 23 11 8240.60000 5.52000000 228.03000 38.87000 20.54400 54.77200
22 7 20 23 11 8240.50000 5.52000000 228.03000 38.87000 20.54400 54.77200
22 7 20 23 12 8241.00000 5.52000000 228.46000 38.87000 20.73900 54.77200
22 7 20 23 12 8243.50000 5.52000000 228.93000 38.87000 20.73900 54.77200
22 7 20 23 13 8244.90000 5.52000000 228.99000 38.89000 20.73900 54.77200
22 7 20 23 13 8245.00000 5.52000000 229.01000 38.89000 20.73900 54.77200
22 7 20 23 14 8245.30000 5.52000000 228.99000 38.89000 20.73900 54.95500
22 7 20 23 14 8245.20000 5.52000000 228.94000 38.89000 20.73900 54.95500
22 7 20 23 15 8249.20000 5.52000000 229.11000 38.89000 20.73900 54.95500
22 7 20 23 15 8250.30000 5.52000000 229.01000 38.90000 20.73900 54.95500
22 7 20 23 16 8250.20000 5.52000000 229.15000 38.91000 20.73900 54.95500
22 7 20 23 16 8250.30000 5.52000000 229.57000 38.96000 20.73900 54.95500
22 7 20 23 17 8252.00000 5.52000000 229.57000 38.96000 20.69900 54.95500
22 7 20 23 17 8250.10000 5.52000000 229.25000 38.96000 20.69900 54.95500
22 7 20 23 18 8246.30000 5.52000000 229.11000 38.97000 20.69900 54.95500
22 7 20 23 18 8243.70000 5.52000000 229.01000 38.97000 20.71300 54.95500
22 7 20 23 19 8242.40000 5.52000000 228.68000 38.95000 20.71300 54.95500
22 7 20 23 19 8242.40000 5.52000000 228.61000 38.97000 20.71300 54.95500
22 7 20 23 20 8233.30000 5.50100000 228.15000 38.92000 20.71300 54.77900
22 7 20 23 20 8233.20000 5.50100000 228.43000 38.92000 20.71300 54.77900
22 7 20 23 21 8233.20000 5.50300000 228.54000 38.92000 20.71300 54.77900
22 7 20 23 21 8233.30000 5.50300000 228.42000 38.92000 20.71300 54.77900
22 7 20 23 22 8233.30000 5.50300000 228.13000 38.92000 20.71300 54.77900
22 7 20 23 22 8231.60000 5.50300000 228.16000 38.92000 20.71300 54.77900
22 7 20 23 23 8231.50000 5.52000000 228.25000 38.92000 20.71300 54.77900
22 7 20 23 23 8231.60000 5.52000000 228.25000 38.92000 20.71300 54.77900
22 7 20 23 24 8231.60000 5.52000000 228.25000 38.94000 20.71300 54.77900
22 7 20 23 24 8231.60000 5.52000000 228.14000 38.94000 20.71300 54.77900
22 7 20 23 25 8231.50000 5.52000000 228.23000 38.94000 20.71300 54.77900
22 7 20 23 25 8231.50000 5.52000000 228.23000 38.94000 20.71300 54.77900
22 7 20 23 25 8231.50000 5.52000000 228.21000 38.94000 20.71300 54.77900
22 7 20 23 26 8231.60000 5.52000000 228.07000 38.95000 20.71300 54.77900
22 7 20 23 26 8231.60000 5.52000000 228.18000 38.96000 20.71300 54.77900
22 7 20 23 27 8231.60000 5.52000000 228.18000 38.96000 20.71300 54.77900
22 7 20 23 27 8231.60000 5.52000000 228.17000 38.96000 20.71300 54.77900
22 7 20 23 28 8231.60000 5.52000000 228.19000 38.96000 20.71300 54.95900
22 7 20 23 28 8231.50000 5.50400000 228.20000 38.96000 20.71300 54.95900
22 7 20 23 29 8231.50000 5.50400000 228.14000 38.96000 20.71300 54.96000
22 7 20 23 29 8231.60000 5.50400000 228.08000 38.96000 20.71300 55.10700
22 7 20 23 29 8231.60000 5.50400000 228.10000 38.96000 20.71300 55.10700
22 7 20 23 30 8231.60000 5.50400000 228.26000 39.02000 20.71300 55.10700
22 7 20 23 30 8232.00000 5.50400000 228.58000 39.02000 20.71300 55.23700
22 7 20 23 31 8232.60000 5.50400000 228.65000 39.02000 20.71300 55.30000
22 7 20 23 31 8232.60000 5.50400000 228.63000 39.02000 20.71300 55.36200
22 7 20 23 32 8233.30000 5.50400000 228.62000 38.97000 20.71300 55.48100
22 7 20 23 34 8233.20000 5.52000000 228.95000 38.97000 20.71300 55.54900
22 7 20 23 34 8233.20000 5.52000000 228.95000 38.97000 20.71300 55.54900
22 7 20 23 35 8233.20000 5.50400000 228.95000 38.97000 20.71300 55.54900
22 7 20 23 35 8233.20000 5.52000000 228.95000 38.97000 20.71300 55.54900
