M=[
15 5 20 07 00 8857.70000 5.75000000 185.98000 40.13000 12.11500 39.51400
15 5 20 07 00 8855.20000 5.75000000 185.78000 40.12000 12.11500 39.51400
15 5 20 07 01 8855.10000 5.75000000 185.99000 40.12000 12.11500 39.51400
15 5 20 07 01 8856.60000 5.75000000 185.92000 40.12000 12.11500 39.51400
15 5 20 07 02 8876.50000 5.75000000 185.98000 40.16000 12.11500 39.51400
15 5 20 07 02 8879.90000 5.77300000 186.36000 40.21000 12.14400 39.51400
15 5 20 07 03 8886.60000 5.77300000 186.36000 40.21000 12.11500 39.51400
15 5 20 07 03 8898.50000 5.77300000 186.24000 40.12000 12.11500 39.51400
15 5 20 07 04 8899.40000 5.77300000 186.31000 40.21000 12.06800 39.51400
15 5 20 07 04 8899.20000 5.77300000 186.23000 40.15000 12.06800 39.51400
15 5 20 07 05 8907.20000 5.77300000 186.24000 40.15000 12.06800 39.51400
15 5 20 07 05 8907.20000 5.77300000 186.29000 40.18000 12.06800 39.51400
15 5 20 07 06 8916.00000 5.77300000 186.37000 40.18000 12.06800 39.65000
15 5 20 07 06 8919.40000 5.77300000 186.49000 40.18000 12.06800 39.65000
15 5 20 07 07 8919.50000 5.77300000 186.47000 40.18000 12.11500 39.65000
15 5 20 07 07 8912.70000 5.77300000 186.42000 40.20000 12.06800 39.65000
15 5 20 07 08 8912.40000 5.77300000 186.14000 40.19000 12.15700 39.65000
15 5 20 07 08 8914.10000 5.77300000 186.38000 40.19000 12.15700 39.65000
15 5 20 07 09 8900.00000 5.77300000 186.31000 40.19000 12.06800 39.65000
15 5 20 07 09 8913.80000 5.77300000 186.29000 40.23000 12.06800 39.65000
15 5 20 07 09 8907.10000 5.77300000 186.26000 40.23000 12.06800 39.65000
15 5 20 07 10 8908.30000 5.77300000 186.18000 40.23000 12.06800 39.65000
15 5 20 07 10 8903.30000 5.77300000 186.11000 40.23000 12.08700 39.65000
15 5 20 07 11 8922.30000 5.77300000 186.29000 40.23000 12.08700 39.65000
15 5 20 07 11 8925.00000 5.77300000 186.29000 40.23000 12.08700 39.65000
15 5 20 07 12 8924.90000 5.77300000 186.43000 40.23000 12.08700 39.65000
15 5 20 07 12 8922.00000 5.77300000 186.43000 40.20000 12.08700 39.65000
15 5 20 07 13 8922.10000 5.78300000 186.43000 40.20000 12.11500 39.65000
15 5 20 07 13 8923.60000 5.78300000 186.37000 40.21000 12.11500 39.65000
15 5 20 07 14 8925.00000 5.78300000 186.37000 40.21000 12.08700 39.65000
15 5 20 07 14 8925.00000 5.78300000 186.37000 40.21000 12.08700 39.65000
15 5 20 07 15 8924.00000 5.78300000 186.30000 40.21000 12.08700 39.65000
15 5 20 07 15 8920.10000 5.78300000 186.30000 40.21000 12.08700 39.65000
15 5 20 07 16 8934.60000 5.78300000 186.30000 40.21000 12.11500 39.58200
15 5 20 07 16 8935.70000 5.78300000 186.29000 40.23000 12.08700 39.58200
15 5 20 07 17 8938.20000 5.78300000 186.30000 40.23000 12.08700 39.58200
15 5 20 07 17 8930.00000 5.78300000 186.30000 40.23000 12.08700 39.58200
15 5 20 07 17 8931.10000 5.78300000 186.29000 40.23000 12.08700 39.58200
15 5 20 07 18 8926.00000 5.78300000 186.23000 40.23000 12.08700 39.58200
15 5 20 07 18 8918.00000 5.78300000 186.23000 40.23000 12.08700 39.58200
15 5 20 07 19 8918.10000 5.78300000 186.22000 40.20000 12.08700 39.58200
15 5 20 07 19 8924.30000 5.78300000 186.18000 40.18000 12.08700 39.58200
15 5 20 07 20 8919.00000 5.78300000 186.17000 40.20000 12.08700 39.58200
15 5 20 07 20 8919.50000 5.78300000 186.13000 40.20000 12.08700 39.58200
15 5 20 07 21 8914.10000 5.77300000 186.10000 40.15000 12.08700 39.58200
15 5 20 07 21 8911.70000 5.78300000 186.09000 40.18000 12.08700 39.58200
15 5 20 07 22 8916.00000 5.78300000 186.06000 40.18000 12.08700 39.58200
15 5 20 07 22 8910.70000 5.78300000 186.16000 40.18000 12.04500 39.58200
15 5 20 07 23 8911.40000 5.78300000 186.08000 40.18000 12.04200 39.58200
15 5 20 07 23 8906.70000 5.75700000 186.08000 40.18000 12.04200 39.58200
15 5 20 07 23 8905.50000 5.77400000 186.06000 40.18000 12.04200 39.53000
15 5 20 07 24 8909.90000 5.77400000 186.06000 40.18000 12.04500 39.53000
15 5 20 07 24 8912.30000 5.77400000 186.06000 40.18000 12.04500 39.53000
15 5 20 07 25 8907.40000 5.77400000 186.06000 40.18000 12.04500 39.53000
15 5 20 07 25 8908.10000 5.77400000 186.06000 40.18000 12.04500 39.65000
15 5 20 07 26 8907.50000 5.77400000 186.06000 40.18000 12.04500 39.53000
15 5 20 07 26 8907.10000 5.77400000 186.11000 40.18000 12.04500 39.53200
15 5 20 07 27 8900.00000 5.77400000 185.88000 40.15000 12.04500 39.53000
15 5 20 07 27 8908.90000 5.77400000 186.11000 40.15000 12.03000 39.53000
15 5 20 07 28 8909.40000 5.77400000 186.20000 40.18000 12.03000 39.59200
15 5 20 07 28 8913.90000 5.77400000 186.24000 40.18000 12.03000 39.59200
15 5 20 07 28 8914.50000 5.75700000 186.22000 40.18000 12.03000 39.59200
15 5 20 07 29 8915.20000 5.77400000 186.17000 40.18000 12.03000 39.59200
15 5 20 07 29 8909.10000 5.77400000 186.24000 40.24000 12.03000 39.59200
15 5 20 07 30 8909.10000 5.77400000 186.10000 40.24000 12.03000 39.59200
15 5 20 07 30 8909.20000 5.77400000 186.10000 40.24000 12.03000 39.59200
15 5 20 07 31 8907.50000 5.77400000 186.10000 40.25000 12.03000 39.59200
15 5 20 07 31 8910.40000 5.77400000 186.10000 40.25000 12.08300 39.59200
15 5 20 07 32 8922.60000 5.77400000 186.28000 40.25000 12.08300 39.53000
15 5 20 07 32 8924.20000 5.77400000 186.10000 40.25000 12.03000 39.59200
15 5 20 07 33 8920.00000 5.77400000 186.44000 40.25000 12.08300 39.59200
15 5 20 07 33 8925.90000 5.77400000 186.43000 40.25000 12.08300 39.53000
15 5 20 07 33 8929.00000 5.75700000 186.51000 40.25000 12.08300 39.59200
15 5 20 07 34 8928.10000 5.77400000 186.45000 40.25000 12.08300 39.59200
15 5 20 07 34 8929.50000 5.77400000 186.45000 40.29000 12.08300 39.59200
15 5 20 07 35 8923.60000 5.77400000 186.49000 40.29000 12.03000 39.59200
15 5 20 07 35 8919.90000 5.77400000 186.34000 40.30000 12.08300 39.59200
15 5 20 07 36 8929.00000 5.77400000 186.35000 40.30000 12.08300 39.59200
15 5 20 07 36 8925.00000 5.77400000 186.35000 40.18000 12.08300 39.59200
15 5 20 07 37 8925.00000 5.77400000 186.48000 40.27000 12.08300 39.59200
15 5 20 07 37 8939.70000 5.77400000 186.46000 40.27000 12.03000 39.59200
15 5 20 07 38 8959.20000 5.77400000 186.46000 40.27000 12.08400 39.59200
15 5 20 07 38 8963.30000 5.77400000 186.66000 40.27000 12.08400 39.59200
15 5 20 07 38 8957.50000 5.77400000 186.66000 40.27000 12.08400 39.59200
15 5 20 07 39 8962.00000 5.75700000 186.46000 40.29000 12.08400 39.59200
15 5 20 07 39 8972.60000 5.77400000 186.75000 40.31000 12.08400 39.53000
15 5 20 07 40 8972.60000 5.77400000 186.64000 40.30000 12.08400 39.59200
15 5 20 07 40 8970.10000 5.77400000 186.62000 40.28000 12.08400 39.59200
15 5 20 07 41 8965.30000 5.77400000 186.51000 40.28000 12.08400 39.59200
15 5 20 07 41 8970.30000 5.77400000 186.55000 40.28000 12.08400 39.59200
15 5 20 07 42 8972.60000 5.77400000 186.55000 40.28000 12.08400 39.53000
15 5 20 07 42 8971.20000 5.77400000 186.55000 40.28000 12.08400 39.59200
15 5 20 07 43 8971.30000 5.77400000 186.55000 40.28000 12.08400 39.59200
15 5 20 07 43 8971.20000 5.77400000 186.50000 40.28000 12.08400 39.59200
15 5 20 07 44 8970.10000 5.77400000 186.48000 40.28000 12.08400 39.59200
15 5 20 07 44 8966.00000 5.77400000 186.48000 40.28000 12.08400 39.59200
15 5 20 07 45 8970.10000 5.77400000 186.50000 40.26000 12.08400 39.59200
15 5 20 07 45 8963.40000 5.78200000 186.46000 40.26000 12.08400 39.59200
15 5 20 07 46 8963.40000 5.78200000 186.46000 40.26000 12.08400 39.65000
15 5 20 07 46 8963.40000 5.78800000 186.42000 40.26000 12.08400 39.59200
15 5 20 07 46 8960.20000 5.78800000 186.49000 40.28000 12.08400 39.59200
15 5 20 07 47 8963.50000 5.78800000 186.51000 40.26000 12.08400 39.59200
15 5 20 07 47 8967.90000 5.78800000 186.75000 40.26000 12.08400 39.59200
15 5 20 07 48 8967.90000 5.78800000 186.79000 40.26000 12.08400 39.59200
15 5 20 07 48 8967.90000 5.78800000 186.81000 40.26000 12.08400 39.70000
15 5 20 07 49 8967.90000 5.78200000 186.80000 40.26000 12.08400 39.70000
15 5 20 07 49 8967.90000 5.78800000 186.86000 40.26000 12.08400 39.70000
15 5 20 07 50 8986.90000 5.78800000 186.86000 40.26000 12.08400 39.70000
15 5 20 07 50 8986.90000 5.78200000 186.81000 40.26000 12.08400 39.70000
