M=[
 1 3 21 12 59 39939.00000 8.97100000 1274.63000 142.82000 26.24900 98.35500
 1 3 21 12 59 39914.30000 8.97400000 1272.94000 142.59000 26.24900 98.35500
 1 3 21 13 00 39939.60000 8.98200000 1274.60000 142.71000 26.30000 98.35500
 1 3 21 13 00 40000.00000 9.01100000 1277.56000 142.84000 26.30000 98.35900
 1 3 21 13 01 40079.70000 9.01100000 1278.18000 143.03000 26.33600 98.35900
 1 3 21 13 01 40099.40000 9.01100000 1278.03000 143.14000 26.33600 98.35900
 1 3 21 13 02 40071.20000 9.01100000 1278.28000 143.14000 26.33600 98.35900
 1 3 21 13 02 40080.20000 8.98900000 1278.86000 143.11000 26.35500 98.31900
 1 3 21 13 02 40106.50000 8.98900000 1279.00000 143.21000 26.35500 98.18200
 1 3 21 13 03 40112.00000 8.98900000 1279.99000 143.28000 26.35500 98.18200
 1 3 21 13 03 40132.00000 8.98900000 1280.00000 143.28000 26.35500 98.18200
 1 3 21 13 04 40132.00000 8.98900000 1279.65000 143.29000 26.35500 98.01800
 1 3 21 13 04 40110.20000 8.98900000 1278.12000 143.45000 26.35500 98.01800
 1 3 21 13 05 40120.50000 9.00200000 1278.13000 143.31000 26.35500 98.01800
 1 3 21 13 05 40110.00000 9.00200000 1278.99000 143.48000 26.35500 98.01800
 1 3 21 13 05 40131.90000 9.00200000 1279.03000 143.50000 26.35500 98.14400
 1 3 21 13 06 40136.60000 9.00200000 1279.01000 143.47000 26.35500 98.14400
 1 3 21 13 06 40136.00000 9.00200000 1278.13000 143.39000 26.35500 98.14400
 1 3 21 13 07 40114.80000 9.00200000 1277.38000 143.28000 26.35500 98.01900
 1 3 21 13 07 40123.40000 9.00200000 1277.51000 143.29000 26.35500 98.01900
 1 3 21 13 08 40108.80000 9.00200000 1277.12000 143.39000 26.35500 97.83300
 1 3 21 13 08 40100.10000 9.00200000 1276.00000 143.28000 26.35500 97.83300
 1 3 21 13 08 40118.80000 9.00200000 1277.13000 143.37000 26.35500 97.83300
 1 3 21 13 09 40118.80000 9.00200000 1277.14000 143.40000 26.42100 97.83300
 1 3 21 13 09 40070.50000 9.00200000 1275.47000 143.23000 26.42100 97.83300
 1 3 21 13 10 40063.80000 9.00200000 1274.19000 143.19000 26.42100 97.83300
 1 3 21 13 10 40068.00000 8.97900000 1274.87000 143.19000 26.42100 97.83300
 1 3 21 13 11 40117.30000 8.97900000 1275.26000 143.21000 26.42100 97.83300
 1 3 21 13 11 40100.10000 8.97900000 1274.20000 143.21000 26.61800 97.83300
 1 3 21 13 11 40097.50000 8.97900000 1273.19000 143.20000 26.61800 97.83300
 1 3 21 13 12 40090.30000 8.97900000 1273.01000 143.20000 26.30000 97.83300
 1 3 21 13 12 40102.70000 8.97900000 1273.95000 143.20000 26.30000 97.83300
 1 3 21 13 13 40104.50000 8.97000000 1273.19000 143.21000 26.30000 97.83300
 1 3 21 13 13 40136.60000 8.97000000 1274.62000 143.21000 26.30000 97.83300
 1 3 21 13 14 40136.60000 8.97000000 1274.85000 143.28000 26.30000 97.83300
 1 3 21 13 14 40136.80000 8.97000000 1274.48000 143.32000 26.30000 97.96700
 1 3 21 13 14 40140.00000 8.97000000 1274.98000 143.32000 26.30000 97.96700
 1 3 21 13 15 40178.50000 8.97000000 1275.31000 143.54000 26.30000 97.96700
 1 3 21 13 15 40233.20000 8.97000000 1275.97000 143.51000 26.30000 97.96700
 1 3 21 13 16 40268.00000 8.97000000 1277.24000 143.61000 26.30000 97.96700
 1 3 21 13 16 40291.40000 8.97000000 1277.27000 143.61000 26.30000 97.96700
 1 3 21 13 17 40259.80000 8.97000000 1277.42000 143.89000 26.30000 97.96700
 1 3 21 13 17 40194.30000 8.97000000 1276.38000 143.85000 26.51200 97.96700
 1 3 21 13 17 40149.40000 8.97000000 1275.00000 143.78000 26.51200 97.96700
 1 3 21 13 18 40168.80000 8.97000000 1275.93000 143.75000 26.51200 98.11100
 1 3 21 13 18 40140.10000 8.97000000 1275.02000 143.65000 26.51200 98.19300
 1 3 21 13 19 40135.00000 8.97000000 1275.02000 143.76000 26.30000 98.19300
 1 3 21 13 19 40134.90000 9.02500000 1276.70000 144.18000 26.30000 98.19300
 1 3 21 13 20 40135.00000 9.02900000 1276.41000 144.47000 26.30000 98.19300
 1 3 21 13 20 40170.00000 9.02900000 1277.91000 144.41000 26.30000 98.19300
 1 3 21 13 20 40187.40000 9.02900000 1278.14000 144.41000 26.30000 98.40600
 1 3 21 13 21 40158.30000 9.04000000 1278.35000 144.51000 26.30000 98.40600
 1 3 21 13 21 40150.00000 9.04000000 1278.35000 144.29000 26.30000 98.40600
 1 3 21 13 22 40129.60000 9.04000000 1278.61000 144.39000 26.30000 98.38200
 1 3 21 13 22 40132.60000 9.04000000 1278.61000 144.64000 26.30000 98.38200
 1 3 21 13 22 40131.10000 9.04000000 1278.35000 144.77000 26.30000 98.38200
 1 3 21 13 23 40114.40000 9.05000000 1276.85000 144.62000 26.30000 98.38200
 1 3 21 13 23 40097.20000 9.05000000 1276.24000 144.54000 26.34300 98.38200
 1 3 21 13 24 40106.20000 9.04200000 1276.70000 144.66000 26.34300 98.69600
 1 3 21 13 24 40079.00000 9.04200000 1276.45000 144.48000 26.34400 98.45200
 1 3 21 13 25 40020.80000 9.04200000 1275.38000 144.45000 26.34400 98.45200
 1 3 21 13 25 40033.40000 9.04200000 1275.01000 144.03000 26.34400 98.45200
 1 3 21 13 25 40033.30000 9.04200000 1275.00000 143.88000 26.34400 98.27000
 1 3 21 13 26 40027.70000 9.04200000 1275.69000 143.92000 26.34500 98.19200
 1 3 21 13 26 40039.30000 9.04200000 1275.65000 144.05000 26.34500 98.19200
 1 3 21 13 27 40045.00000 9.04200000 1276.38000 144.22000 26.34700 98.19200
 1 3 21 13 27 40045.10000 9.04200000 1275.28000 144.04000 26.34700 98.19200
 1 3 21 13 28 40037.10000 9.03900000 1275.16000 144.04000 26.34700 98.23700
 1 3 21 13 28 40038.80000 9.03900000 1274.86000 144.08000 26.34700 98.23700
 1 3 21 13 28 40050.00000 9.02300000 1275.84000 144.19000 26.34700 98.23700
 1 3 21 13 29 40057.60000 9.02300000 1275.82000 144.19000 26.34700 98.23700
 1 3 21 13 29 40082.10000 9.02300000 1275.39000 144.12000 26.34700 98.23700
 1 3 21 13 30 40050.10000 9.02300000 1275.04000 144.12000 26.34700 98.23700
 1 3 21 13 30 40023.40000 9.02300000 1275.00000 144.08000 26.34700 98.10400
 1 3 21 13 31 40049.50000 9.02300000 1275.28000 144.13000 26.34700 98.10400
 1 3 21 13 31 40032.10000 9.04000000 1275.04000 144.09000 26.34700 98.10400
 1 3 21 13 31 40050.00000 9.04000000 1275.31000 144.15000 26.34700 98.10400
 1 3 21 13 32 40031.70000 9.04000000 1275.55000 144.15000 26.34700 98.12100
 1 3 21 13 32 40031.80000 9.04000000 1275.16000 144.08000 26.34700 98.12100
 1 3 21 13 33 40010.00000 9.04000000 1275.01000 144.09000 26.34700 98.12100
 1 3 21 13 33 40001.10000 9.01000000 1275.00000 144.08000 26.34700 98.12100
 1 3 21 13 34 40000.00000 9.01000000 1274.48000 143.91000 26.34700 98.12100
 1 3 21 13 34 39936.90000 9.01000000 1274.49000 143.69000 26.34500 97.99500
 1 3 21 13 34 39921.30000 9.01000000 1273.24000 143.83000 26.34500 97.99500
 1 3 21 13 35 39924.90000 9.01000000 1273.00000 143.73000 26.34500 97.99500
 1 3 21 13 35 39913.60000 9.01000000 1273.00000 143.49000 26.34500 97.99500
 1 3 21 13 36 39913.60000 9.01000000 1273.01000 143.60000 26.34500 97.85800
 1 3 21 13 36 39965.10000 8.99000000 1273.77000 143.50000 26.34500 97.85800
 1 3 21 13 37 39968.70000 8.99000000 1273.24000 143.42000 26.34500 97.85800
 1 3 21 13 37 39917.40000 8.99000000 1273.01000 143.28000 26.34500 97.85800
 1 3 21 13 37 39950.00000 8.99000000 1273.00000 143.41000 26.34500 97.85800
 1 3 21 13 38 39963.40000 8.97000000 1273.00000 143.53000 26.34500 97.85800
 1 3 21 13 38 39942.90000 8.97000000 1271.96000 143.37000 26.34500 97.85800
 1 3 21 13 39 39958.50000 8.97000000 1272.17000 143.52000 26.34500 97.85800
 1 3 21 13 39 39938.80000 8.97000000 1271.39000 143.30000 26.34500 97.85800
 1 3 21 13 40 39937.10000 8.97000000 1271.60000 143.28000 26.34500 97.85800
 1 3 21 13 40 39951.40000 8.97000000 1271.76000 143.41000 26.34500 97.85800
 1 3 21 13 40 39930.00000 8.97000000 1271.76000 143.36000 26.30000 97.85800
 1 3 21 13 41 39939.30000 8.97000000 1271.74000 143.42000 26.30000 97.85800
 1 3 21 13 41 39963.00000 8.97000000 1271.75000 143.32000 26.30000 98.20300
 1 3 21 13 42 39955.10000 8.97000000 1271.75000 143.30000 26.30000 98.32500
 1 3 21 13 42 39983.90000 8.97000000 1272.35000 143.30000 26.30000 98.32500
 1 3 21 13 43 39992.00000 8.97000000 1272.07000 143.30000 26.30000 98.32500
 1 3 21 13 43 40000.00000 8.97000000 1272.27000 143.30000 26.30000 98.32500
 1 3 21 13 43 40032.60000 8.97000000 1272.97000 143.30000 26.30000 98.32500
