M=[
17 9 20 08 42 9233.60000 5.16900000 321.23000 40.88000 14.25700 49.60300
17 9 20 08 42 9233.60000 5.16900000 321.30000 40.88000 14.25700 49.60300
17 9 20 08 43 9233.60000 5.16900000 321.31000 40.88000 14.25700 49.60300
17 9 20 08 43 9233.10000 5.17400000 321.02000 40.88000 14.25700 49.60300
17 9 20 08 43 9232.90000 5.17400000 320.98000 40.88000 14.25700 49.60300
17 9 20 08 44 9232.90000 5.17400000 320.98000 40.88000 14.25700 49.60300
17 9 20 08 44 9232.80000 5.17400000 320.99000 40.88000 14.25700 49.60300
17 9 20 08 45 9232.80000 5.17400000 321.00000 40.88000 14.25700 49.60300
17 9 20 08 45 9233.50000 5.17400000 321.51000 40.89000 14.25700 49.60300
17 9 20 08 46 9235.20000 5.17400000 321.82000 40.89000 14.25700 49.60300
17 9 20 08 46 9235.90000 5.17400000 321.82000 40.89000 14.25700 49.60300
17 9 20 08 46 9233.50000 5.17400000 321.96000 40.89000 14.25700 49.60300
17 9 20 08 47 9232.10000 5.17400000 321.96000 40.89000 14.25700 49.60300
17 9 20 08 47 9225.20000 5.17400000 321.92000 40.89000 14.25700 49.60300
17 9 20 08 48 9225.30000 5.17400000 321.41000 40.89000 14.25700 49.60300
17 9 20 08 48 9225.40000 5.17400000 321.41000 40.89000 14.25700 49.60300
17 9 20 08 49 9226.70000 5.17400000 321.33000 40.89000 14.25700 49.60300
17 9 20 08 49 9225.90000 5.17400000 321.31000 40.89000 14.25700 49.60300
17 9 20 08 49 9226.00000 5.17400000 321.27000 40.89000 14.25400 49.60300
17 9 20 08 50 9221.60000 5.17400000 321.18000 40.90000 14.25400 49.60300
17 9 20 08 50 9222.20000 5.17400000 320.84000 40.90000 14.25400 49.60300
17 9 20 08 51 9220.20000 5.10400000 321.22000 40.90000 14.25400 49.60300
17 9 20 08 51 9219.90000 5.10400000 321.22000 40.90000 14.25400 49.60300
17 9 20 08 52 9222.10000 5.10400000 321.22000 40.87000 14.25400 49.60300
17 9 20 08 52 9220.60000 5.10400000 320.88000 40.87000 14.25400 49.60300
17 9 20 08 52 9218.10000 5.10400000 320.87000 40.87000 14.25400 49.60300
17 9 20 08 53 9220.60000 5.10400000 320.87000 40.87000 14.25400 49.60300
17 9 20 08 53 9217.20000 5.10400000 320.81000 40.87000 14.25400 49.60300
17 9 20 08 54 9217.20000 5.10400000 320.88000 40.87000 14.25400 49.60300
17 9 20 08 54 9216.10000 5.10400000 320.88000 40.87000 14.25400 49.60300
17 9 20 08 55 9214.40000 5.10400000 320.87000 40.87000 14.25400 49.60300
17 9 20 08 55 9212.50000 5.10400000 320.76000 40.87000 14.25400 49.60300
17 9 20 08 55 9214.00000 5.10400000 320.73000 40.87000 14.25400 49.60300
17 9 20 08 56 9215.00000 5.17800000 320.85000 40.87000 14.25400 49.60300
17 9 20 08 56 9216.00000 5.17800000 320.96000 40.87000 14.25400 49.60300
17 9 20 08 57 9216.00000 5.17800000 321.13000 40.87000 14.25400 49.60300
17 9 20 08 57 9216.00000 5.17800000 320.98000 40.87000 14.25400 49.60300
17 9 20 08 58 9216.00000 5.17800000 320.98000 40.87000 14.25400 49.60300
17 9 20 08 58 9214.20000 5.17800000 320.88000 40.87000 14.21000 49.60300
17 9 20 08 58 9213.70000 5.17800000 320.88000 40.87000 14.21000 49.60300
17 9 20 08 59 9213.50000 5.17800000 320.93000 40.87000 14.21000 49.60300
17 9 20 08 59 9213.90000 5.17800000 320.88000 40.87000 14.21000 49.60300
17 9 20 09 00 9214.50000 5.17800000 320.79000 40.87000 14.21000 49.58900
17 9 20 09 00 9212.50000 5.12800000 320.79000 40.87000 14.21000 49.58900
17 9 20 09 01 9216.10000 5.19500000 320.70000 40.87000 14.21000 49.58900
17 9 20 09 01 9215.60000 5.19500000 320.70000 40.80000 14.21000 49.58900
17 9 20 09 01 9217.80000 5.19500000 320.70000 40.80000 14.21000 49.58900
17 9 20 09 02 9216.80000 5.19500000 320.71000 40.80000 14.21000 49.58900
17 9 20 09 02 9217.00000 5.25500000 320.71000 40.80000 14.21000 49.54900
17 9 20 09 03 9216.20000 5.25500000 320.70000 40.80000 14.21000 49.54900
17 9 20 09 03 9216.20000 5.25500000 320.50000 40.80000 14.21000 49.54900
17 9 20 09 04 9216.30000 5.25500000 320.37000 40.80000 14.21000 49.54900
17 9 20 09 04 9216.20000 5.25500000 319.73000 40.80000 14.21000 49.54900
17 9 20 09 04 9216.30000 5.25500000 319.65000 40.76000 14.16800 49.54900
17 9 20 09 05 9216.30000 5.15600000 319.67000 40.76000 14.16800 49.54900
17 9 20 09 05 9216.20000 5.15600000 319.83000 40.76000 14.16800 49.38800
17 9 20 09 06 9214.90000 5.15600000 319.85000 40.76000 14.16800 49.38800
17 9 20 09 06 9212.60000 5.15600000 319.85000 40.76000 14.16800 49.38800
17 9 20 09 07 9212.70000 5.15600000 319.85000 40.76000 14.16800 49.38800
17 9 20 09 07 9212.80000 5.15600000 319.90000 40.76000 14.16800 49.38800
17 9 20 09 07 9213.00000 5.15600000 319.90000 40.76000 14.16800 49.38800
17 9 20 09 08 9213.00000 5.15600000 320.00000 40.78000 14.16800 49.38800
17 9 20 09 08 9216.70000 5.15600000 320.33000 40.78000 14.16800 49.38800
17 9 20 09 09 9217.00000 5.15600000 320.32000 40.78000 14.16800 49.38800
17 9 20 09 09 9217.00000 5.15600000 320.56000 40.78000 14.16800 49.38800
17 9 20 09 10 9216.90000 5.15600000 320.51000 40.78000 14.16800 49.38800
17 9 20 09 10 9217.00000 5.15600000 320.47000 40.78000 14.16800 49.38800
17 9 20 09 11 9214.50000 5.15600000 320.47000 40.78000 14.16800 49.38800
17 9 20 09 11 9215.90000 5.15600000 320.37000 40.78000 14.16800 49.38800
17 9 20 09 11 9216.00000 5.15600000 320.07000 40.78000 14.16800 49.38800
17 9 20 09 12 9216.00000 5.15600000 320.10000 40.78000 14.16800 49.38800
17 9 20 09 12 9216.40000 5.15600000 320.21000 40.81000 14.16800 49.38800
17 9 20 09 13 9228.40000 5.15600000 320.71000 40.81000 14.16800 49.55600
17 9 20 09 13 9228.30000 5.15600000 320.80000 40.81000 14.16800 49.55700
17 9 20 09 14 9231.30000 5.15600000 320.86000 40.84000 14.16800 49.55700
17 9 20 09 14 9233.00000 5.15600000 321.34000 40.84000 14.16800 49.55700
17 9 20 09 14 9233.00000 5.19200000 321.43000 40.84000 14.16800 49.55700
17 9 20 09 15 9235.00000 5.19200000 321.79000 40.84000 14.16800 49.55700
17 9 20 09 15 9233.10000 5.23200000 321.25000 40.84000 14.16800 49.55700
17 9 20 09 16 9235.10000 5.23200000 321.45000 40.94000 14.16800 49.55700
17 9 20 09 16 9235.10000 5.23200000 321.19000 40.94000 14.16800 49.55700
17 9 20 09 17 9234.10000 5.23200000 321.15000 40.94000 14.16800 49.55700
17 9 20 09 17 9241.90000 5.23200000 321.37000 40.94000 14.16800 49.55700
17 9 20 09 17 9240.70000 5.23200000 321.29000 40.94000 14.16800 49.55700
17 9 20 09 18 9241.10000 5.23200000 321.26000 40.94000 14.16800 49.55700
17 9 20 09 18 9240.10000 5.18200000 321.12000 40.92000 14.16800 49.55700
17 9 20 09 19 9235.20000 5.18200000 321.06000 40.94000 14.16800 49.55700
17 9 20 09 19 9237.60000 5.18200000 321.10000 40.94000 14.16800 49.55700
17 9 20 09 20 9235.20000 5.18200000 321.23000 40.94000 14.16800 49.71000
17 9 20 09 20 9235.30000 5.18200000 321.23000 40.94000 14.16800 49.71000
17 9 20 09 20 9235.20000 5.18200000 320.64000 40.94000 14.16800 49.71000
17 9 20 09 21 9235.20000 5.18200000 320.63000 40.94000 14.23000 49.71000
17 9 20 09 21 9235.30000 5.18200000 320.88000 40.92000 14.23000 49.71000
17 9 20 09 22 9235.40000 5.18200000 320.88000 40.92000 14.23000 49.71000
17 9 20 09 22 9237.20000 5.18200000 320.88000 40.92000 14.23000 49.71000
17 9 20 09 23 9235.40000 5.18200000 320.46000 40.92000 14.23000 49.71000
17 9 20 09 23 9235.40000 5.18200000 320.40000 40.91000 14.23000 49.71000
17 9 20 09 24 9235.40000 5.18200000 320.40000 40.91000 14.23000 49.71000
17 9 20 09 24 9228.70000 5.20000000 320.35000 40.91000 14.23000 49.58600
17 9 20 09 24 9228.50000 5.19400000 319.79000 40.87000 14.23000 49.58600
17 9 20 09 25 9228.50000 5.19400000 319.76000 40.87000 14.23000 49.58600
17 9 20 09 25 9228.50000 5.19400000 319.76000 40.87000 14.23000 49.58600
17 9 20 09 26 9228.50000 5.19400000 320.08000 40.83000 14.23000 49.58600
17 9 20 09 26 9228.50000 5.19400000 319.99000 40.83000 14.23000 49.58600
17 9 20 09 27 9228.50000 5.19400000 319.86000 40.83000 14.23000 49.58600
17 9 20 09 27 9228.30000 5.19400000 320.05000 40.83000 14.23000 49.58600
17 9 20 09 27 9230.50000 5.19400000 320.14000 40.83000 14.23000 49.58600
17 9 20 09 28 9233.10000 5.19400000 320.18000 40.83000 14.23000 49.58600
17 9 20 09 28 9230.40000 5.19400000 320.14000 40.83000 14.23000 49.58600
