M=[
 1 7 21 19 48 27809.00000 44.62300000 1765.55000 113.72000 20.07800 101.59300
 1 7 21 19 48 27806.30000 44.62300000 1765.94000 113.55000 20.07800 101.59300
 1 7 21 19 48 27800.10000 44.62300000 1763.64000 113.55000 20.07800 101.59300
 1 7 21 19 49 27802.10000 44.62300000 1763.64000 113.55000 20.07800 101.59300
 1 7 21 19 49 27792.50000 44.62300000 1764.68000 113.55000 20.07800 101.59300
 1 7 21 19 50 27800.00000 44.62300000 1765.79000 113.55000 20.07800 101.59300
 1 7 21 19 50 27800.00000 44.62300000 1764.23000 113.55000 20.07800 101.59300
 1 7 21 19 51 27834.20000 44.62300000 1766.33000 113.55000 20.07800 101.59300
 1 7 21 19 51 27818.80000 44.62300000 1766.33000 113.78000 20.07800 101.59300
 1 7 21 19 51 27821.00000 44.62300000 1765.36000 113.62000 20.39000 101.59300
 1 7 21 19 52 27817.80000 44.62300000 1765.80000 113.62000 20.39000 101.59300
 1 7 21 19 52 27832.80000 44.62300000 1765.80000 113.66000 20.38000 101.59300
 1 7 21 19 53 27845.80000 44.62300000 1765.80000 113.59000 20.38000 101.59300
 1 7 21 19 53 27877.20000 44.62300000 1768.01000 113.77000 20.38000 101.59300
 1 7 21 19 54 27878.60000 44.62300000 1768.60000 113.77000 20.38000 101.59300
 1 7 21 19 54 27851.00000 44.68200000 1768.58000 113.75000 20.38000 101.59300
 1 7 21 19 54 27869.50000 44.68200000 1768.64000 113.75000 20.38000 101.59300
 1 7 21 19 55 27901.70000 44.68200000 1773.32000 113.92000 20.35500 101.59300
 1 7 21 19 55 27945.00000 44.68200000 1774.61000 113.92000 20.35500 101.59300
 1 7 21 19 56 27972.20000 44.68200000 1773.89000 114.08000 20.35500 101.59300
 1 7 21 19 56 27935.80000 44.68200000 1773.11000 114.08000 20.35500 101.59300
 1 7 21 19 57 27951.30000 44.68200000 1773.11000 114.15000 20.35500 101.59300
 1 7 21 19 57 27984.20000 44.68200000 1773.11000 114.15000 20.35500 101.59300
 1 7 21 19 57 27961.10000 44.68200000 1773.11000 114.15000 20.35500 101.59300
 1 7 21 19 58 27983.70000 44.68200000 1774.71000 114.15000 20.35500 101.59300
 1 7 21 19 58 27972.00000 44.68200000 1774.70000 114.15000 20.35500 101.59300
 1 7 21 19 59 27955.10000 44.68200000 1774.02000 114.15000 20.35500 101.59300
 1 7 21 19 59 27958.20000 44.68200000 1774.02000 114.15000 20.35500 101.59300
 1 7 21 20 00 27960.20000 44.68200000 1774.24000 114.15000 20.35500 101.59300
 1 7 21 20 00 27991.70000 44.68200000 1775.11000 114.29000 20.35500 101.59300
 1 7 21 20 00 28008.00000 44.68200000 1776.20000 114.29000 20.35500 101.59300
 1 7 21 20 01 28014.80000 44.68200000 1776.91000 114.29000 20.35500 101.59300
 1 7 21 20 01 28066.50000 44.68200000 1780.51000 114.59000 20.35500 101.59300
 1 7 21 20 02 28066.50000 44.68200000 1779.47000 114.59000 20.35500 101.59300
 1 7 21 20 02 28050.50000 44.68200000 1779.02000 114.68000 20.35500 101.59300
 1 7 21 20 03 28053.50000 45.11000000 1780.48000 114.85000 20.35500 101.59300
 1 7 21 20 03 28053.50000 45.11000000 1780.48000 114.85000 20.35500 101.59300
 1 7 21 20 03 28063.50000 45.11000000 1781.63000 114.85000 20.35500 101.59300
 1 7 21 20 04 28058.90000 45.13700000 1781.86000 114.85000 20.35500 101.59300
 1 7 21 20 04 28070.60000 45.13700000 1782.69000 115.01000 20.35500 101.59300
 1 7 21 20 05 28108.90000 45.13700000 1785.79000 115.15000 20.35500 101.59300
 1 7 21 20 05 28109.50000 45.13700000 1786.26000 115.14000 20.35500 102.94200
 1 7 21 20 06 28109.50000 45.13700000 1788.36000 115.14000 20.35500 102.94200
 1 7 21 20 06 28109.50000 45.13700000 1789.19000 115.14000 20.35500 102.94200
 1 7 21 20 06 28109.50000 45.13700000 1789.21000 115.14000 20.35500 102.94200
 1 7 21 20 07 28100.50000 45.13700000 1788.22000 115.14000 20.45300 102.94200
 1 7 21 20 07 28109.50000 45.13700000 1789.28000 115.17000 20.45300 103.38200
 1 7 21 20 08 28109.50000 45.13700000 1789.80000 115.17000 20.45300 103.52600
 1 7 21 20 08 28100.50000 45.13700000 1788.29000 115.11000 20.45300 103.52600
 1 7 21 20 09 28100.00000 45.22500000 1787.50000 115.19000 20.45300 103.58000
 1 7 21 20 09 28109.40000 45.22500000 1790.00000 115.19000 20.45300 103.58000
 1 7 21 20 09 28033.00000 45.22500000 1787.58000 115.19000 20.45300 103.58000
 1 7 21 20 10 28072.40000 45.22500000 1789.80000 115.06000 20.55800 103.58000
 1 7 21 20 10 28089.00000 45.22500000 1789.70000 115.06000 20.55800 103.58000
 1 7 21 20 11 28062.40000 45.22500000 1787.92000 115.05000 20.55800 103.58000
 1 7 21 20 11 28065.40000 45.22500000 1787.92000 115.05000 20.55800 103.58000
 1 7 21 20 12 28063.00000 45.06300000 1787.92000 115.05000 20.55800 103.58000
 1 7 21 20 12 28078.40000 45.06300000 1789.00000 115.05000 20.55800 103.58000
 1 7 21 20 12 28071.80000 45.06300000 1788.99000 115.05000 20.55800 103.58000
 1 7 21 20 13 28050.90000 45.06300000 1787.33000 115.04000 20.55800 103.58000
 1 7 21 20 13 28049.90000 45.06400000 1787.33000 115.08000 20.55800 103.58000
 1 7 21 20 14 28049.50000 45.06400000 1787.52000 115.03000 20.55800 103.58000
 1 7 21 20 14 28049.70000 45.06400000 1787.78000 115.07000 20.55800 103.58000
 1 7 21 20 15 28040.10000 45.06400000 1787.78000 115.07000 20.55800 103.58000
 1 7 21 20 15 28045.20000 45.06400000 1787.78000 114.99000 20.55800 103.58000
 1 7 21 20 15 28037.00000 45.06400000 1785.68000 114.99000 20.55800 103.58000
 1 7 21 20 16 28080.70000 44.94800000 1787.43000 114.99000 20.21000 103.58000
 1 7 21 20 16 28069.20000 44.94800000 1787.93000 114.99000 20.21000 103.58000
 1 7 21 20 17 28069.10000 44.94800000 1786.05000 115.04000 20.21000 103.58000
 1 7 21 20 17 28057.90000 44.94800000 1785.08000 114.81000 20.20700 103.58000
 1 7 21 20 18 28027.00000 44.88600000 1781.95000 114.81000 20.19500 103.58000
 1 7 21 20 18 28037.00000 44.88600000 1783.19000 114.81000 20.19500 103.58000
 1 7 21 20 18 28047.40000 44.81400000 1782.85000 114.81000 20.19500 103.58000
 1 7 21 20 19 28047.80000 44.81400000 1782.85000 114.81000 20.19500 103.58000
 1 7 21 20 19 28029.70000 44.81400000 1782.75000 114.81000 20.19500 103.58000
 1 7 21 20 20 28029.60000 44.81400000 1782.11000 114.81000 20.19500 103.58000
 1 7 21 20 20 28029.70000 44.81400000 1783.19000 114.81000 20.19500 103.58000
 1 7 21 20 21 28058.30000 44.81400000 1784.42000 114.69000 20.19500 103.58000
 1 7 21 20 21 28071.70000 44.81400000 1784.41000 114.69000 20.01500 103.58000
 1 7 21 20 21 28073.10000 44.81400000 1780.89000 114.69000 20.01500 103.58000
 1 7 21 20 22 28055.10000 44.81400000 1781.15000 114.51000 19.90600 103.58000
 1 7 21 20 22 28067.70000 44.81400000 1781.27000 114.57000 20.12600 103.58000
 1 7 21 20 23 28080.50000 44.88400000 1783.39000 114.39000 20.12600 103.58000
 1 7 21 20 23 28078.00000 44.88400000 1783.39000 114.39000 20.12600 103.58000
 1 7 21 20 24 28088.90000 44.91000000 1783.10000 114.40000 20.12600 103.58000
 1 7 21 20 24 28099.90000 44.91000000 1783.10000 114.40000 20.12600 103.58000
 1 7 21 20 24 28089.70000 44.91000000 1782.32000 114.40000 20.12600 103.58000
 1 7 21 20 25 28087.80000 44.91000000 1781.81000 114.40000 20.12600 103.58000
 1 7 21 20 25 28087.20000 44.91000000 1780.87000 114.40000 20.12600 103.58000
 1 7 21 20 26 28088.00000 44.91000000 1783.38000 114.35000 20.12600 103.58000
 1 7 21 20 26 28086.80000 44.91000000 1783.28000 114.35000 20.12600 103.58000
 1 7 21 20 27 28074.50000 44.91000000 1783.28000 114.29000 20.12600 103.58000
 1 7 21 20 27 28074.60000 44.85900000 1782.20000 114.29000 20.12600 103.58000
 1 7 21 20 28 28088.00000 44.85900000 1783.07000 114.29000 20.12600 103.58000
 1 7 21 20 28 28143.40000 44.91200000 1785.20000 114.64000 20.12600 103.58000
 1 7 21 20 28 28122.90000 44.91200000 1785.20000 114.53000 20.12600 103.58000
 1 7 21 20 29 28125.60000 44.91200000 1782.59000 114.48000 20.12600 103.58000
 1 7 21 20 29 28121.50000 44.91200000 1782.05000 114.50000 20.12600 103.58000
 1 7 21 20 30 28121.40000 44.85500000 1782.12000 114.50000 20.12600 103.58000
 1 7 21 20 30 28159.60000 44.85500000 1783.73000 114.50000 20.12600 103.58000
 1 7 21 20 31 28149.90000 44.85500000 1783.73000 114.60000 20.12600 103.58000
 1 7 21 20 31 28149.90000 44.85500000 1783.73000 114.60000 20.12600 103.58000
