M=[
16 1 21 23 56 29939.00000 6.48800000 1021.60000 119.50000 16.68000 89.85500
16 1 21 23 56 29968.70000 6.48800000 1022.81000 119.30000 16.68000 89.85500
16 1 21 23 57 29946.70000 6.48800000 1021.22000 119.29000 16.68000 89.85500
16 1 21 23 57 29978.70000 6.48800000 1022.23000 119.38000 16.68000 89.85500
16 1 21 23 57 29978.70000 6.48800000 1022.23000 119.45000 16.68000 89.85500
16 1 21 23 58 29921.10000 6.48800000 1019.33000 119.44000 16.68000 89.62400
16 1 21 23 58 29900.00000 6.48800000 1018.12000 119.29000 16.68000 89.62400
16 1 21 23 59 29856.50000 6.48800000 1017.19000 119.06000 16.68000 89.62400
16 1 21 23 59 29836.20000 6.48800000 1017.19000 119.01000 16.68000 89.62400
17 1 21 00 00 29811.20000 6.48800000 1016.63000 118.92000 16.68000 89.62400
17 1 21 00 00 29741.80000 6.48800000 1014.95000 118.56000 16.68000 89.62200
17 1 21 00 00 29710.90000 6.48800000 1013.70000 118.56000 16.68000 89.31000
17 1 21 00 01 29709.60000 6.48800000 1012.25000 118.36000 16.68000 89.31000
17 1 21 00 01 29709.00000 6.48800000 1010.59000 118.20000 16.68000 89.17900
17 1 21 00 02 29708.00000 6.48800000 1011.89000 118.20000 16.68000 89.10000
17 1 21 00 02 29652.20000 6.48800000 1009.75000 118.03000 16.68000 88.75000
17 1 21 00 03 29634.20000 6.42200000 1007.09000 118.00000 16.68000 88.73500
17 1 21 00 03 29632.30000 6.42200000 1006.06000 117.85000 16.68000 88.58000
17 1 21 00 03 29628.80000 6.42200000 1006.77000 117.96000 16.68000 88.58000
17 1 21 00 04 29619.80000 6.42200000 1005.54000 117.91000 16.68000 88.35200
17 1 21 00 04 29619.40000 6.42200000 1006.37000 117.83000 16.70900 88.22900
17 1 21 00 05 29625.80000 6.42200000 1005.33000 117.83000 16.70900 88.17700
17 1 21 00 05 29625.80000 6.42200000 1007.04000 117.75000 16.70900 88.36600
17 1 21 00 06 29661.20000 6.40000000 1008.72000 118.04000 16.70900 88.73200
17 1 21 00 06 29661.20000 6.40000000 1008.99000 118.04000 16.70900 88.73200
17 1 21 00 06 29709.60000 6.41100000 1010.39000 118.17000 16.70900 88.73200
17 1 21 00 07 29709.70000 6.41100000 1010.88000 118.22000 16.70900 88.60700
17 1 21 00 07 29675.00000 6.41100000 1009.48000 118.07000 16.72000 88.60700
17 1 21 00 08 29678.50000 6.41100000 1009.11000 118.11000 16.72000 88.60700
17 1 21 00 08 29639.20000 6.41100000 1007.39000 118.00000 16.72000 88.60700
17 1 21 00 09 29622.50000 6.41100000 1006.24000 117.99000 16.72000 88.60700
17 1 21 00 09 29642.70000 6.41100000 1006.75000 118.05000 16.72000 88.28900
17 1 21 00 09 29659.00000 6.41100000 1007.33000 117.94000 16.72000 88.28900
17 1 21 00 10 29639.90000 6.41100000 1005.83000 117.96000 16.72000 88.35200
17 1 21 00 10 29569.40000 6.41100000 1002.40000 117.82000 16.72000 88.35200
17 1 21 00 11 29526.40000 6.41100000 1000.00000 117.21000 16.72000 88.35200
17 1 21 00 11 29524.90000 6.41100000 1000.60000 117.54000 16.72000 88.35200
17 1 21 00 12 29450.10000 6.35900000 998.86000 117.39000 16.72000 88.35200
17 1 21 00 12 29508.40000 6.35900000 997.98000 117.31000 16.72000 88.35200
17 1 21 00 12 29519.80000 6.35900000 1001.02000 117.64000 16.72000 88.35200
17 1 21 00 13 29550.00000 6.35900000 1001.45000 117.69000 16.72000 88.35200
17 1 21 00 13 29553.30000 6.35900000 999.31000 117.44000 16.72000 88.35200
17 1 21 00 14 29547.10000 6.35900000 1000.11000 117.65000 16.72000 87.96500
17 1 21 00 14 29567.00000 6.35900000 1001.10000 117.65000 16.72000 87.96500
17 1 21 00 15 29586.50000 6.39700000 1002.00000 117.94000 16.72000 87.96500
17 1 21 00 15 29548.20000 6.39700000 999.55000 117.73000 16.72000 87.96500
17 1 21 00 15 29543.00000 6.39700000 999.54000 117.73000 16.72000 87.96500
17 1 21 00 16 29503.30000 6.39700000 998.40000 117.59000 16.72000 87.96700
17 1 21 00 16 29490.30000 6.35000000 996.60000 117.53000 16.72000 87.90000
17 1 21 00 17 29464.20000 6.35000000 995.59000 117.25000 16.72000 87.90000
17 1 21 00 17 29466.40000 6.35000000 997.36000 117.42000 16.72000 87.84800
17 1 21 00 18 29464.60000 6.35000000 996.39000 117.42000 16.72000 87.84800
17 1 21 00 18 29450.10000 6.35000000 994.99000 117.42000 16.72000 87.84800
17 1 21 00 18 29536.10000 6.35000000 998.79000 117.42000 16.72000 87.84800
17 1 21 00 19 29519.10000 6.35000000 1000.01000 117.66000 16.72000 87.84800
17 1 21 00 19 29519.20000 6.35000000 997.91000 117.51000 16.72000 87.84800
17 1 21 00 20 29575.60000 6.35000000 1001.59000 117.53000 16.72000 87.84800
17 1 21 00 20 29561.40000 6.35000000 1001.00000 117.53000 16.72000 87.84800
17 1 21 00 21 29605.40000 6.35000000 1001.00000 117.88000 16.72000 87.84800
17 1 21 00 21 29541.30000 6.35000000 998.81000 117.59000 16.72000 88.47500
17 1 21 00 21 29571.80000 6.35000000 997.37000 117.67000 16.72000 88.47500
17 1 21 00 22 29576.40000 6.35000000 999.51000 117.67000 16.72000 88.47500
17 1 21 00 22 29607.40000 6.35000000 1001.00000 117.67000 16.72000 88.47500
17 1 21 00 23 29620.10000 6.35000000 1001.91000 117.67000 16.72000 88.47500
17 1 21 00 23 29608.20000 6.35000000 1000.37000 117.67000 16.72000 88.78400
17 1 21 00 24 29607.40000 6.35000000 1001.28000 117.67000 16.72000 88.44300
17 1 21 00 24 29618.10000 6.35000000 1001.99000 117.94000 16.72000 88.44300
17 1 21 00 24 29608.30000 6.35000000 1000.09000 118.10000 16.72000 88.44300
17 1 21 00 25 29607.40000 6.35000000 1000.49000 118.10000 16.72000 88.44300
17 1 21 00 25 29591.10000 6.35000000 1001.05000 118.10000 16.72000 88.44300
17 1 21 00 26 29596.40000 6.35000000 1002.51000 118.16000 16.72000 88.48800
17 1 21 00 26 29634.70000 6.35000000 1002.29000 118.37000 16.72000 88.82700
17 1 21 00 27 29716.50000 6.35000000 1002.78000 118.56000 16.72000 88.90200
17 1 21 00 27 29740.70000 6.35000000 1006.92000 119.04000 16.72000 88.90200
17 1 21 00 27 29722.50000 6.35000000 1006.35000 119.04000 16.72000 89.43600
17 1 21 00 28 29742.10000 6.35000000 1006.91000 119.04000 16.72000 89.43600
17 1 21 00 28 29758.40000 6.35000000 1006.98000 119.08000 16.72000 89.43600
17 1 21 00 29 29790.50000 6.35000000 1007.00000 119.08000 16.72000 89.43600
17 1 21 00 29 29763.30000 6.35000000 1006.95000 119.20000 16.72000 89.05500
17 1 21 00 30 29772.60000 6.35000000 1007.00000 119.20000 16.72000 89.05500
17 1 21 00 30 29751.30000 6.35000000 1006.99000 119.20000 16.72000 89.21700
17 1 21 00 30 29760.40000 6.35000000 1006.99000 119.21000 16.72000 89.21700
17 1 21 00 31 29835.40000 6.35000000 1011.95000 119.66000 16.72000 89.21700
17 1 21 00 31 29858.80000 6.35000000 1010.72000 119.66000 16.72000 89.21700
17 1 21 00 32 29871.00000 6.35000000 1011.13000 119.66000 16.72000 89.21700
17 1 21 00 32 29891.00000 6.35000000 1012.00000 119.66000 16.72000 89.21700
17 1 21 00 33 29886.10000 6.43500000 1012.36000 119.80000 16.72000 89.21700
17 1 21 00 33 29914.20000 6.43500000 1012.36000 119.80000 16.72000 89.21700
17 1 21 00 33 29910.10000 6.43500000 1012.63000 120.00000 16.72000 89.21700
17 1 21 00 34 29908.40000 6.43500000 1012.63000 120.17000 16.72000 89.21700
17 1 21 00 34 29970.40000 6.43500000 1014.05000 120.27000 16.72000 89.21700
17 1 21 00 35 29984.90000 6.43500000 1014.39000 120.28000 16.72000 89.21700
17 1 21 00 35 29984.90000 6.43500000 1013.19000 120.28000 16.72000 89.21700
17 1 21 00 36 30008.80000 6.43500000 1016.52000 120.59000 16.72000 89.59100
17 1 21 00 36 30060.00000 6.43500000 1018.84000 120.55000 16.72000 89.80700
17 1 21 00 36 30060.00000 6.43500000 1016.92000 120.55000 16.72000 89.80700
17 1 21 00 37 30017.60000 6.43500000 1016.37000 120.28000 16.72000 89.80700
17 1 21 00 37 30014.70000 6.43500000 1015.53000 120.30000 16.72000 89.80700
17 1 21 00 38 29950.50000 6.43500000 1013.33000 119.98000 16.72000 89.80700
17 1 21 00 38 29962.20000 6.43500000 1014.79000 120.01000 16.72000 89.80700
17 1 21 00 39 29955.40000 6.43500000 1014.48000 119.80000 16.72000 89.80700
17 1 21 00 39 29952.60000 6.43500000 1014.71000 119.87000 16.72000 89.80700
17 1 21 00 39 30000.00000 6.43500000 1016.80000 120.20000 16.72000 89.11500
17 1 21 00 40 29999.90000 6.43500000 1015.74000 120.18000 16.72000 89.11500
17 1 21 00 40 29980.30000 6.43500000 1017.61000 120.11000 16.72000 89.11500
