M=[
24 6 21 16 15 28464.10000 34.76900000 1662.67000 111.79000 15.56800 94.61800
24 6 21 16 15 28453.90000 34.76900000 1661.98000 111.79000 15.56800 94.61800
24 6 21 16 16 28454.00000 34.76900000 1661.48000 111.79000 15.56800 94.61800
24 6 21 16 16 28461.80000 34.76900000 1663.29000 111.88000 15.56800 94.61800
24 6 21 16 17 28473.20000 34.76900000 1664.15000 111.88000 15.56800 94.61800
24 6 21 16 17 28467.60000 34.76900000 1663.89000 111.89000 15.56800 94.61800
24 6 21 16 17 28461.90000 34.76900000 1662.53000 111.89000 15.56800 94.61800
24 6 21 16 18 28479.00000 34.76900000 1665.00000 111.88000 15.56800 94.61800
24 6 21 16 18 28462.00000 34.76900000 1663.42000 111.89000 15.56800 94.61800
24 6 21 16 19 28465.30000 34.76900000 1663.33000 111.98000 15.56800 94.61800
24 6 21 16 19 28462.00000 34.76900000 1661.28000 111.84000 15.56800 94.61800
24 6 21 16 20 28462.00000 34.76900000 1662.43000 111.84000 15.56800 94.61800
24 6 21 16 20 28455.00000 34.76900000 1662.73000 111.89000 15.56800 94.61800
24 6 21 16 20 28467.80000 34.76900000 1662.73000 111.89000 15.56800 94.61800
24 6 21 16 21 28462.20000 34.76900000 1662.28000 111.89000 15.56800 94.61800
24 6 21 16 21 28469.30000 34.76900000 1660.87000 111.89000 15.56800 94.61800
24 6 21 16 22 28475.10000 34.76900000 1661.60000 111.89000 15.56800 94.61800
24 6 21 16 22 28512.90000 34.76900000 1663.73000 111.89000 15.56800 94.61800
24 6 21 16 23 28534.80000 34.76900000 1663.73000 111.89000 15.56800 94.61800
24 6 21 16 23 28560.10000 34.76900000 1666.73000 112.00000 15.56800 94.61800
24 6 21 16 23 28589.80000 34.76900000 1666.73000 112.00000 15.56800 94.61800
24 6 21 16 24 28566.90000 34.76900000 1665.60000 112.00000 15.45200 94.61800
24 6 21 16 24 28576.50000 34.76900000 1667.49000 112.00000 15.45200 94.61800
24 6 21 16 25 28565.00000 35.01800000 1665.87000 112.36000 15.45200 94.61800
24 6 21 16 25 28535.60000 34.99600000 1664.78000 112.27000 15.45200 94.61800
24 6 21 16 26 28519.60000 34.99600000 1664.90000 112.27000 15.45200 94.61800
24 6 21 16 26 28498.10000 34.99600000 1665.58000 112.27000 15.45200 94.61800
24 6 21 16 26 28478.80000 34.99200000 1662.30000 112.27000 15.45200 94.61800
24 6 21 16 27 28478.80000 34.99200000 1662.30000 112.13000 15.45200 94.61800
24 6 21 16 27 28456.80000 34.99200000 1660.82000 112.13000 15.45200 94.77400
24 6 21 16 28 28477.70000 34.99200000 1661.50000 112.13000 15.45200 94.77400
24 6 21 16 28 28507.20000 34.99200000 1662.99000 112.17000 15.45200 94.77400
24 6 21 16 29 28504.10000 34.99200000 1663.30000 112.17000 15.45200 94.77400
24 6 21 16 29 28496.00000 34.99200000 1663.01000 112.18000 15.45200 94.77400
24 6 21 16 29 28505.70000 34.99200000 1663.85000 112.18000 15.45200 94.77400
24 6 21 16 30 28528.30000 34.99200000 1664.47000 112.23000 15.45200 94.77400
24 6 21 16 30 28529.50000 35.06800000 1665.70000 112.23000 15.45200 94.77400
24 6 21 16 31 28534.10000 35.06800000 1665.35000 112.23000 15.45200 94.77400
24 6 21 16 31 28511.20000 35.06800000 1664.44000 112.23000 15.45200 94.77400
24 6 21 16 32 28503.00000 35.06800000 1662.99000 112.14000 15.45200 94.77400
24 6 21 16 32 28520.00000 35.06800000 1665.18000 112.14000 15.45200 94.77400
24 6 21 16 32 28528.00000 35.06800000 1665.08000 112.14000 15.45200 94.77400
24 6 21 16 33 28506.30000 35.06800000 1665.35000 112.14000 15.45200 94.77400
24 6 21 16 33 28506.30000 35.06800000 1665.35000 112.25000 15.45200 94.77400
24 6 21 16 34 28546.30000 35.06800000 1665.00000 112.31000 15.45200 94.77400
24 6 21 16 34 28549.00000 35.06800000 1664.99000 112.28000 15.45200 94.77400
24 6 21 16 35 28563.50000 35.06800000 1664.99000 112.28000 15.45200 94.77400
24 6 21 16 35 28593.30000 35.06800000 1665.00000 112.28000 15.45200 94.77400
24 6 21 16 35 28624.50000 35.06800000 1670.12000 112.32000 15.45200 94.77400
24 6 21 16 36 28589.60000 35.06800000 1668.13000 112.56000 15.45200 95.62000
24 6 21 16 36 28659.20000 35.20400000 1671.00000 112.67000 15.45200 95.62000
24 6 21 16 37 28653.70000 35.20400000 1671.00000 112.67000 15.45200 95.82400
24 6 21 16 37 28689.50000 35.20400000 1674.00000 113.04000 15.45200 95.82400
24 6 21 16 38 28752.80000 35.20400000 1679.16000 113.16000 15.45200 95.82400
24 6 21 16 38 28743.10000 35.20400000 1679.49000 113.16000 15.45200 95.82400
24 6 21 16 38 28742.30000 35.20400000 1678.99000 113.22000 15.45200 95.82400
24 6 21 16 39 28750.30000 35.20400000 1680.23000 113.23000 15.45200 95.82400
24 6 21 16 39 28723.50000 35.20400000 1678.59000 113.23000 15.45200 95.82400
24 6 21 16 40 28757.10000 35.20400000 1681.99000 113.54000 15.45200 95.82400
24 6 21 16 40 28790.00000 35.20400000 1683.67000 113.49000 15.45200 96.02700
24 6 21 16 41 28759.70000 35.20400000 1684.38000 113.61000 15.45200 96.02700
24 6 21 16 41 28766.90000 35.20400000 1683.96000 113.61000 15.45200 96.02700
24 6 21 16 41 28760.40000 35.20400000 1682.29000 113.62000 15.45200 96.02700
24 6 21 16 42 28757.30000 35.20400000 1682.07000 113.64000 15.45200 96.02700
24 6 21 16 42 28757.20000 35.20400000 1681.31000 113.64000 15.45200 96.02700
24 6 21 16 43 28728.70000 35.20400000 1680.00000 113.59000 15.45200 96.02700
24 6 21 16 43 28741.60000 35.20400000 1679.49000 113.59000 15.45200 96.02700
24 6 21 16 44 28700.90000 35.20400000 1676.35000 113.24000 15.45200 96.02700
24 6 21 16 44 28730.10000 35.23200000 1676.35000 113.24000 15.45200 96.02700
24 6 21 16 44 28719.00000 35.23200000 1678.88000 113.24000 15.45200 96.02700
24 6 21 16 45 28760.00000 35.23200000 1679.50000 113.42000 15.45200 96.02700
24 6 21 16 45 28789.10000 35.23200000 1679.50000 113.49000 15.45200 96.02700
24 6 21 16 46 28787.70000 35.23200000 1681.61000 113.49000 15.45200 96.02700
24 6 21 16 46 28768.20000 35.23200000 1681.61000 113.48000 15.45200 96.02700
24 6 21 16 47 28821.60000 35.23200000 1682.30000 113.55000 15.45200 96.02700
24 6 21 16 47 28802.80000 35.23200000 1681.11000 113.60000 15.45200 96.02700
24 6 21 16 47 28820.70000 35.23200000 1681.32000 113.60000 15.45200 96.02700
24 6 21 16 48 28812.10000 35.23200000 1680.85000 113.54000 15.45200 96.02700
24 6 21 16 48 28826.50000 35.23200000 1680.97000 113.57000 15.45200 96.02700
24 6 21 16 49 28826.50000 35.23200000 1682.37000 113.57000 15.45200 96.02700
24 6 21 16 49 28826.50000 35.23200000 1682.55000 113.57000 15.45200 96.02700
24 6 21 16 50 28847.50000 35.40000000 1682.62000 113.62000 15.45200 96.02700
24 6 21 16 50 28825.90000 35.40000000 1682.55000 113.63000 15.45200 96.02700
24 6 21 16 50 28813.90000 35.40000000 1682.55000 113.66000 15.45200 96.02700
24 6 21 16 51 28844.20000 35.40000000 1683.41000 113.72000 15.45200 96.02700
24 6 21 16 51 28852.00000 35.50000000 1685.55000 113.81000 15.45200 96.02700
24 6 21 16 52 28849.80000 35.50000000 1686.20000 113.81000 15.45200 96.02700
24 6 21 16 52 28861.00000 35.50000000 1687.03000 113.81000 15.45200 96.02700
24 6 21 16 53 28880.00000 35.50000000 1687.91000 113.86000 15.45200 96.02700
24 6 21 16 53 28884.10000 35.50000000 1687.90000 113.84000 15.45200 96.02700
24 6 21 16 53 28887.90000 35.50000000 1687.90000 113.84000 15.45200 96.02700
24 6 21 16 54 28861.10000 35.50000000 1686.20000 113.84000 15.45200 96.02700
24 6 21 16 54 28870.60000 35.50000000 1685.84000 113.84000 15.45200 96.02700
24 6 21 16 55 28866.50000 35.50000000 1685.34000 113.84000 15.45200 96.02700
24 6 21 16 55 28871.80000 35.50000000 1685.83000 113.73000 15.45200 96.02700
24 6 21 16 56 28864.90000 35.50000000 1685.03000 113.77000 15.45200 96.02700
24 6 21 16 56 28895.60000 35.50000000 1685.60000 113.81000 15.45200 96.02700
24 6 21 16 56 28895.70000 35.50000000 1685.29000 113.81000 15.45200 96.02700
24 6 21 16 57 28881.60000 35.50000000 1685.29000 113.81000 15.45200 96.51300
24 6 21 16 57 28886.80000 35.50000000 1685.30000 113.81000 15.45200 96.51300
24 6 21 16 58 28887.50000 35.50000000 1685.30000 113.81000 15.45200 96.51300
24 6 21 16 58 28930.30000 35.55600000 1685.61000 113.81000 15.45200 96.51300
24 6 21 16 59 28930.30000 35.55600000 1685.69000 113.81000 15.45200 96.51300
