M=[
29 9 20 18 02 9108.10000 4.90000000 301.65000 38.54000 12.09700 50.41600
29 9 20 18 02 9109.00000 4.90000000 302.04000 38.54000 12.09700 50.41600
29 9 20 18 02 9109.00000 4.90000000 302.06000 38.52000 12.09700 50.41600
29 9 20 18 03 9108.90000 4.90000000 301.82000 38.52000 12.09700 50.41600
29 9 20 18 03 9106.00000 4.90000000 301.73000 38.52000 12.09700 50.32100
29 9 20 18 04 9106.40000 4.90000000 301.73000 38.52000 12.09700 50.32100
29 9 20 18 04 9107.40000 4.90000000 301.73000 38.52000 12.09700 50.32100
29 9 20 18 05 9107.40000 4.90000000 301.62000 38.52000 12.09700 50.32100
29 9 20 18 05 9106.90000 4.90000000 301.44000 38.52000 12.09700 50.32100
29 9 20 18 05 9106.80000 4.90000000 301.44000 38.52000 12.09700 50.32100
29 9 20 18 06 9106.90000 4.90000000 301.50000 38.52000 12.09700 50.32100
29 9 20 18 06 9105.90000 4.90000000 301.50000 38.52000 12.09700 50.32100
29 9 20 18 07 9105.10000 4.90000000 301.49000 38.52000 12.09700 50.32100
29 9 20 18 07 9105.00000 4.90000000 301.38000 38.52000 12.09700 50.32100
29 9 20 18 08 9102.50000 4.90000000 301.37000 38.52000 12.09700 50.32100
29 9 20 18 08 9105.00000 4.90000000 301.25000 38.52000 12.09700 50.32100
29 9 20 18 08 9105.10000 4.90000000 301.35000 38.52000 12.09700 50.32100
29 9 20 18 09 9103.50000 4.90000000 301.35000 38.52000 12.09700 50.32100
29 9 20 18 09 9103.50000 4.90000000 301.35000 38.52000 12.09700 50.32100
29 9 20 18 10 9103.50000 4.90000000 301.35000 38.52000 12.09700 50.32100
29 9 20 18 10 9103.40000 4.90000000 301.51000 38.52000 12.09700 50.32100
29 9 20 18 11 9103.50000 4.90000000 301.50000 38.52000 12.09700 50.32100
29 9 20 18 11 9103.50000 4.90000000 301.50000 38.52000 12.09700 50.32100
29 9 20 18 12 9103.50000 4.90000000 301.50000 38.52000 12.09700 50.32100
29 9 20 18 12 9103.50000 4.90000000 301.65000 38.52000 12.09700 50.32100
29 9 20 18 12 9107.40000 4.90000000 301.50000 38.52000 12.09700 50.08100
29 9 20 18 13 9107.70000 4.90000000 301.50000 38.52000 12.09700 50.08100
29 9 20 18 13 9108.10000 4.90000000 301.40000 38.52000 12.09700 50.08100
29 9 20 18 14 9108.40000 4.90000000 301.37000 38.52000 12.09700 50.08100
29 9 20 18 14 9108.40000 4.90000000 301.37000 38.49000 12.09700 50.08100
29 9 20 18 15 9111.20000 4.90000000 301.64000 38.49000 12.09700 50.08100
29 9 20 18 15 9113.70000 4.90000000 301.69000 38.49000 12.09700 50.08100
29 9 20 18 15 9115.50000 4.88100000 301.69000 38.49000 12.09700 50.08100
29 9 20 18 16 9117.20000 4.88100000 301.62000 38.52000 12.09700 50.08100
29 9 20 18 16 9113.40000 4.88100000 301.53000 38.52000 12.02700 50.08100
29 9 20 18 17 9117.40000 4.88100000 301.61000 38.54000 12.02400 50.21200
29 9 20 18 17 9116.30000 4.88100000 301.72000 38.54000 12.02400 50.21200
29 9 20 18 18 9119.20000 4.88100000 301.78000 38.54000 12.02400 50.21200
29 9 20 18 18 9116.00000 4.88100000 301.68000 38.54000 12.02400 50.21200
29 9 20 18 19 9116.00000 4.88100000 301.68000 38.54000 12.02400 50.21200
29 9 20 18 19 9116.10000 4.88100000 301.84000 38.54000 12.02400 50.21200
29 9 20 18 19 9123.20000 4.88100000 301.84000 38.54000 12.02400 50.21200
29 9 20 18 20 9123.20000 4.88100000 301.84000 38.54000 12.02400 50.21200
29 9 20 18 20 9123.20000 4.88100000 301.84000 38.54000 12.02400 50.21200
29 9 20 18 21 9123.20000 4.88100000 301.84000 38.54000 12.02400 50.21200
29 9 20 18 21 9123.20000 4.88100000 301.84000 38.54000 12.02400 50.21200
29 9 20 18 22 9129.10000 4.88100000 302.14000 38.54000 12.02400 50.21200
29 9 20 18 22 9129.00000 4.88100000 302.20000 38.54000 12.02400 50.21200
29 9 20 18 22 9129.10000 4.88100000 302.48000 38.54000 12.06200 50.21200
29 9 20 18 23 9141.50000 4.88100000 302.62000 38.54000 12.06200 50.21200
29 9 20 18 23 9146.50000 4.88100000 302.69000 38.54000 12.09100 50.36800
29 9 20 18 24 9149.60000 4.88100000 302.57000 38.54000 12.09100 50.36800
29 9 20 18 24 9148.80000 4.88100000 302.57000 38.63000 12.09100 50.36800
29 9 20 18 25 9148.90000 4.88100000 302.94000 38.63000 12.08100 50.36800
29 9 20 18 25 9158.30000 4.88100000 303.30000 38.63000 12.08100 50.36800
29 9 20 18 26 9152.50000 4.88100000 303.19000 38.68000 12.08100 50.36800
29 9 20 18 26 9154.20000 4.88100000 303.19000 38.68000 12.08100 50.36800
29 9 20 18 26 9155.90000 4.88100000 303.19000 38.68000 12.08100 50.36800
29 9 20 18 27 9154.70000 4.88100000 303.19000 38.68000 12.08100 50.36800
29 9 20 18 27 9151.30000 4.88700000 303.19000 38.67000 12.08100 50.36800
29 9 20 18 28 9153.40000 4.88700000 303.02000 38.67000 12.08100 50.29900
29 9 20 18 28 9152.00000 4.88700000 302.98000 38.67000 12.08100 50.29900
29 9 20 18 29 9152.10000 4.88700000 302.99000 38.67000 12.08100 50.29900
29 9 20 18 29 9152.10000 4.88700000 302.99000 38.67000 12.08100 50.29900
29 9 20 18 29 9152.00000 4.88700000 303.05000 38.67000 12.08100 50.29900
29 9 20 18 30 9153.90000 4.88700000 303.03000 38.67000 12.08100 50.29900
29 9 20 18 30 9154.00000 4.88700000 302.85000 38.67000 12.08100 50.29900
29 9 20 18 31 9154.00000 4.88700000 302.82000 38.67000 12.08100 50.29900
29 9 20 18 31 9154.00000 4.88700000 302.84000 38.67000 12.08100 50.29900
29 9 20 18 32 9152.20000 4.88700000 302.84000 38.67000 12.08100 50.29900
29 9 20 18 32 9151.90000 4.88700000 302.98000 38.67000 12.08100 50.29900
29 9 20 18 33 9151.90000 4.88700000 302.98000 38.67000 12.08100 50.29900
29 9 20 18 33 9151.10000 4.88700000 302.91000 38.67000 12.08100 50.29900
29 9 20 18 33 9151.20000 4.88700000 302.91000 38.67000 12.08100 50.29900
29 9 20 18 34 9155.40000 4.88700000 303.25000 38.67000 12.08100 50.29900
29 9 20 18 34 9151.10000 4.88700000 303.03000 38.67000 12.08100 50.29900
29 9 20 18 35 9151.10000 4.88700000 303.02000 38.67000 12.10200 50.29900
29 9 20 18 35 9151.00000 4.88700000 302.87000 38.67000 12.10200 50.29900
29 9 20 18 36 9150.00000 4.88700000 302.81000 38.67000 12.10200 50.29900
29 9 20 18 36 9149.40000 4.88700000 302.81000 38.67000 12.10200 50.29900
29 9 20 18 36 9148.90000 4.88700000 302.81000 38.67000 12.10200 50.29900
29 9 20 18 37 9148.90000 4.88700000 302.81000 38.67000 12.10200 50.29900
29 9 20 18 37 9148.90000 4.88700000 302.81000 38.67000 12.10200 50.29900
29 9 20 18 38 9149.10000 4.88700000 302.91000 38.67000 12.10200 50.29900
29 9 20 18 38 9148.10000 4.88700000 302.91000 38.66000 12.10200 50.29900
29 9 20 18 39 9148.10000 4.88700000 302.87000 38.66000 12.10200 50.29900
29 9 20 18 39 9150.00000 4.88700000 303.02000 38.66000 12.10200 50.29900
29 9 20 18 39 9150.00000 4.88700000 302.88000 38.66000 12.10200 50.29900
29 9 20 18 40 9150.00000 4.88700000 302.83000 38.66000 12.10200 50.29900
29 9 20 18 40 9145.70000 4.88700000 302.83000 38.65000 12.10200 50.29900
29 9 20 18 41 9143.70000 4.88700000 302.71000 38.65000 12.10200 50.29900
29 9 20 18 41 9144.30000 4.88700000 302.71000 38.65000 12.10200 50.29900
29 9 20 18 42 9143.90000 4.88700000 302.76000 38.65000 12.12300 50.29900
29 9 20 18 42 9145.30000 4.88700000 302.75000 38.65000 12.12300 50.29900
29 9 20 18 42 9144.90000 4.88700000 302.73000 38.65000 12.13600 50.29900
29 9 20 18 43 9145.30000 4.88700000 302.78000 38.65000 12.13600 50.45600
29 9 20 18 43 9147.00000 4.88700000 302.76000 38.65000 12.13600 50.45600
29 9 20 18 44 9146.90000 4.88800000 302.98000 38.65000 12.13600 50.50000
29 9 20 18 44 9145.70000 4.88800000 302.98000 38.65000 12.13600 50.50000
29 9 20 18 45 9147.00000 4.88800000 302.84000 38.65000 12.13600 50.50000
29 9 20 18 45 9147.00000 4.88800000 302.88000 38.65000 12.13600 50.50000
29 9 20 18 45 9147.20000 4.88800000 302.88000 38.65000 12.13600 50.50000
29 9 20 18 46 9147.30000 4.88800000 302.94000 38.65000 12.13600 50.50000
29 9 20 18 46 9147.30000 4.88800000 302.94000 38.65000 12.13600 50.50000
29 9 20 18 47 9147.30000 4.88800000 302.98000 38.65000 12.13600 50.50000
29 9 20 18 47 9147.30000 4.88800000 302.98000 38.65000 12.13600 50.50000
29 9 20 18 48 9147.30000 4.88800000 302.98000 38.65000 12.13600 50.50000
29 9 20 18 48 9147.30000 4.88800000 302.94000 38.65000 12.13600 50.78000
29 9 20 18 49 9147.40000 4.88800000 302.94000 38.65000 12.13600 50.78000
