M=[
 4 6 21 06 21 30503.60000 53.65400000 2204.25000 145.55000 24.99700 129.04900
 4 6 21 06 21 30503.60000 53.65400000 2203.49000 145.55000 24.99700 129.04900
 4 6 21 06 22 30477.90000 53.65400000 2201.29000 145.55000 24.99700 129.04900
 4 6 21 06 22 30504.50000 53.65400000 2203.89000 145.55000 24.91100 129.04900
 4 6 21 06 23 30515.60000 53.65400000 2206.12000 145.57000 24.91100 129.04900
 4 6 21 06 23 30544.90000 53.65400000 2206.95000 145.75000 24.86200 129.04900
 4 6 21 06 23 30548.10000 53.65400000 2206.95000 145.79000 24.86200 129.04900
 4 6 21 06 24 30528.30000 53.65400000 2205.66000 145.87000 24.83800 129.04900
 4 6 21 06 24 30527.10000 53.65400000 2205.54000 145.87000 24.83800 129.04900
 4 6 21 06 25 30542.10000 53.65400000 2207.85000 145.65000 24.83800 129.04900
 4 6 21 06 25 30528.10000 53.65400000 2205.01000 145.53000 24.83800 129.04900
 4 6 21 06 26 30532.80000 53.65400000 2204.38000 145.40000 24.83800 129.04900
 4 6 21 06 26 30497.50000 53.53900000 2204.38000 145.40000 24.79100 129.04900
 4 6 21 06 26 30490.80000 53.53900000 2201.67000 145.40000 24.79100 129.04900
 4 6 21 06 27 30509.80000 53.53900000 2204.43000 145.17000 24.81400 129.04900
 4 6 21 06 27 30510.70000 53.53900000 2204.04000 145.30000 24.81400 129.65600
 4 6 21 06 28 30521.60000 53.53900000 2204.00000 145.36000 24.89100 129.65600
 4 6 21 06 28 30518.20000 53.53900000 2204.00000 145.16000 24.89100 129.65600
 4 6 21 06 29 30498.80000 53.53900000 2200.01000 144.81000 24.89100 129.65600
 4 6 21 06 29 30483.80000 53.53900000 2200.00000 144.80000 24.73800 129.65600
 4 6 21 06 30 30492.30000 53.53900000 2200.00000 144.84000 24.73800 129.65600
 4 6 21 06 30 30469.40000 53.53900000 2194.24000 144.80000 24.73800 129.65600
 4 6 21 06 30 30401.20000 53.53900000 2190.00000 144.50000 24.73800 128.79500
 4 6 21 06 31 30331.60000 53.53900000 2178.36000 143.58000 24.71800 128.71100
 4 6 21 06 31 30380.20000 53.03200000 2178.11000 143.91000 24.71800 128.71100
 4 6 21 06 32 30449.10000 53.23800000 2186.96000 144.64000 24.71800 128.87500
 4 6 21 06 32 30401.00000 53.23800000 2182.00000 144.45000 24.71800 128.87500
 4 6 21 06 33 30441.30000 53.23800000 2188.00000 144.49000 24.68400 128.87500
 4 6 21 06 33 30437.60000 53.23800000 2188.62000 144.49000 24.68400 128.87500
 4 6 21 06 33 30419.60000 53.09300000 2185.73000 144.37000 24.69400 128.87500
 4 6 21 06 34 30412.90000 53.04200000 2181.19000 144.12000 24.69400 128.87500
 4 6 21 06 34 30380.70000 52.82600000 2179.84000 144.10000 24.67000 128.87500
 4 6 21 06 35 30437.40000 52.82600000 2186.87000 144.24000 24.67000 128.87500
 4 6 21 06 35 30437.60000 52.82600000 2186.76000 144.30000 24.70000 128.87500
 4 6 21 06 36 30428.70000 52.82600000 2185.88000 144.30000 24.70000 128.87500
 4 6 21 06 36 30464.60000 52.82600000 2188.05000 144.72000 24.68300 128.87500
 4 6 21 06 36 30455.00000 52.82600000 2187.45000 144.91000 24.68300 128.87500
 4 6 21 06 37 30496.30000 53.49100000 2189.58000 145.20000 24.68300 128.87500
 4 6 21 06 37 30524.60000 53.49100000 2191.73000 145.27000 24.68300 128.87500
 4 6 21 06 38 30540.50000 53.49100000 2194.16000 145.61000 24.68300 128.87500
 4 6 21 06 38 30507.30000 53.52600000 2190.90000 145.57000 24.68300 128.72000
 4 6 21 06 39 30539.10000 53.52600000 2196.56000 145.59000 24.68300 128.72000
 4 6 21 06 39 30537.60000 53.52600000 2197.19000 145.59000 24.68300 128.72000
 4 6 21 06 39 30552.80000 53.52600000 2201.07000 145.51000 24.68300 128.72000
 4 6 21 06 40 30521.80000 53.52600000 2198.00000 145.58000 24.68300 128.72000
 4 6 21 06 40 30514.90000 53.52600000 2193.27000 145.58000 24.68300 128.72000
 4 6 21 06 41 30496.40000 53.52600000 2191.13000 145.58000 24.68300 128.72000
 4 6 21 06 41 30500.10000 53.52600000 2193.66000 145.58000 24.68300 128.72000
 4 6 21 06 42 30475.60000 53.05200000 2192.92000 145.24000 24.68300 128.72000
 4 6 21 06 42 30487.40000 53.05200000 2190.17000 145.07000 24.67000 128.38000
 4 6 21 06 42 30469.80000 53.05200000 2191.54000 144.80000 24.60300 128.38000
 4 6 21 06 43 30455.10000 53.05200000 2187.21000 144.84000 24.64600 128.38000
 4 6 21 06 43 30458.20000 53.05200000 2189.07000 144.64000 24.64600 128.38000
 4 6 21 06 44 30431.30000 52.80000000 2185.71000 144.49000 24.64600 128.10200
 4 6 21 06 44 30424.80000 52.80000000 2185.37000 144.49000 24.62200 128.10200
 4 6 21 06 45 30404.50000 52.80000000 2182.64000 144.25000 24.62200 128.10200
 4 6 21 06 45 30430.70000 52.80000000 2184.28000 144.38000 24.62200 128.10200
 4 6 21 06 45 30400.00000 52.80000000 2178.00000 144.04000 24.62200 128.00000
 4 6 21 06 46 30397.40000 52.80000000 2179.67000 144.08000 24.57400 128.00000
 4 6 21 06 46 30350.00000 52.69900000 2177.78000 144.04000 24.54000 128.00000
 4 6 21 06 47 30349.90000 52.69900000 2176.87000 144.27000 24.40700 128.00000
 4 6 21 06 47 30350.00000 52.84300000 2176.29000 144.23000 24.40700 128.00000
 4 6 21 06 48 30279.40000 52.77000000 2175.07000 143.99000 24.40700 127.56600
 4 6 21 06 48 30283.10000 52.68800000 2162.74000 143.37000 24.40700 127.19700
 4 6 21 06 48 30279.30000 52.68800000 2164.55000 143.38000 24.52700 127.19700
 4 6 21 06 49 30259.90000 52.68800000 2164.00000 143.31000 24.52700 127.19700
 4 6 21 06 49 30255.10000 52.36900000 2156.01000 142.90000 24.50300 127.09700
 4 6 21 06 50 30230.00000 52.34100000 2163.03000 143.21000 24.50300 127.09700
 4 6 21 06 50 30271.60000 52.34100000 2164.60000 143.50000 24.50300 127.09700
 4 6 21 06 51 30276.40000 52.34100000 2164.78000 143.39000 24.50300 127.09700
 4 6 21 06 51 30284.10000 52.51900000 2164.99000 143.52000 24.50300 127.09700
 4 6 21 06 51 30327.30000 52.51900000 2166.77000 143.43000 24.50300 127.09700
 4 6 21 06 52 30330.00000 52.51900000 2166.63000 143.60000 24.50300 127.09700
 4 6 21 06 52 30329.90000 52.45200000 2167.28000 143.54000 24.50300 127.09700
 4 6 21 06 53 30293.90000 52.45200000 2167.16000 143.42000 24.50300 127.09700
 4 6 21 06 53 30302.60000 52.29300000 2166.39000 143.18000 24.50300 127.09700
 4 6 21 06 54 30295.10000 52.29300000 2164.56000 143.31000 24.50300 127.09700
 4 6 21 06 54 30256.10000 52.29300000 2159.99000 142.97000 24.45500 127.00000
 4 6 21 06 54 30266.70000 52.17800000 2160.00000 143.12000 24.43200 127.00000
 4 6 21 06 55 30314.30000 52.28300000 2164.48000 143.53000 24.40800 127.00000
 4 6 21 06 55 30329.80000 52.36100000 2166.03000 143.68000 24.40800 127.00000
 4 6 21 06 56 30363.70000 52.36100000 2170.19000 143.68000 24.40800 127.00000
 4 6 21 06 56 30372.90000 52.36100000 2171.34000 143.98000 24.40800 127.00000
 4 6 21 06 57 30377.10000 52.58100000 2170.01000 144.03000 24.40800 128.05900
 4 6 21 06 57 30381.90000 52.58100000 2168.47000 144.02000 24.38400 128.05900
 4 6 21 06 57 30379.60000 52.74100000 2168.40000 144.02000 24.38400 128.05900
 4 6 21 06 58 30384.60000 52.61900000 2168.12000 144.04000 24.38400 128.05900
 4 6 21 06 58 30361.30000 52.61900000 2166.76000 144.04000 24.38500 128.05900
 4 6 21 06 59 30360.00000 52.61900000 2167.99000 143.76000 24.38500 128.05900
 4 6 21 06 59 30365.20000 52.44900000 2167.90000 143.73000 24.38500 128.05900
 4 6 21 07 00 30374.00000 52.44900000 2168.47000 143.73000 24.38500 128.05900
 4 6 21 07 00 30356.40000 52.54000000 2166.61000 143.94000 24.38500 127.96000
 4 6 21 07 00 30312.50000 52.29400000 2161.38000 143.41000 24.38500 127.96000
 4 6 21 07 01 30294.10000 52.29400000 2161.09000 143.32000 24.38500 127.96000
 4 6 21 07 01 30255.00000 52.01900000 2155.53000 142.86000 24.25500 127.96000
 4 6 21 07 02 30258.40000 52.05300000 2158.59000 142.93000 24.33700 127.96000
 4 6 21 07 02 30255.60000 52.16000000 2155.10000 142.90000 24.31300 127.96000
 4 6 21 07 03 30240.10000 52.17400000 2153.95000 142.82000 24.29000 127.96000
 4 6 21 07 03 30157.10000 51.86300000 2146.87000 142.31000 24.24300 126.87500
 4 6 21 07 03 30085.10000 51.85200000 2145.54000 141.92000 24.24300 126.64800
 4 6 21 07 04 30113.80000 51.85200000 2149.99000 142.26000 24.21900 126.50500
 4 6 21 07 04 30089.10000 51.53900000 2148.97000 142.14000 24.21900 126.29000
