M=[
26 1 21 19 26 26484.90000 6.05000000 1103.83000 110.44000 16.50600 73.26700
26 1 21 19 26 26485.00000 6.05000000 1102.54000 110.44000 16.50600 73.26700
26 1 21 19 27 26457.10000 6.05000000 1101.84000 110.44000 16.50600 73.26700
26 1 21 19 27 26453.90000 6.05000000 1101.10000 110.44000 16.50600 73.26700
26 1 21 19 28 26450.00000 6.05000000 1101.02000 110.36000 16.50600 73.26700
26 1 21 19 28 26450.00000 6.05000000 1101.06000 110.40000 16.50600 73.26700
26 1 21 19 28 26444.10000 6.05000000 1100.99000 110.39000 16.50600 73.26700
26 1 21 19 29 26460.60000 6.05000000 1101.96000 110.37000 16.50500 73.26700
26 1 21 19 29 26457.50000 6.05000000 1101.12000 110.37000 16.50500 73.34500
26 1 21 19 30 26446.80000 6.03700000 1101.14000 110.39000 16.50500 73.34500
26 1 21 19 30 26480.50000 6.03700000 1103.23000 110.46000 16.50500 73.34500
26 1 21 19 31 26480.50000 6.03700000 1105.38000 110.55000 16.50500 73.34500
26 1 21 19 31 26499.90000 6.03700000 1106.76000 110.55000 16.50500 73.34500
26 1 21 19 31 26511.70000 6.03700000 1107.57000 110.59000 16.50500 73.34500
26 1 21 19 32 26513.20000 6.03700000 1107.57000 110.58000 16.50500 73.32400
26 1 21 19 32 26500.00000 6.03700000 1107.27000 110.47000 16.50500 73.32400
26 1 21 19 33 26505.10000 6.03700000 1107.47000 110.47000 16.50500 73.02000
26 1 21 19 33 26500.10000 6.03700000 1107.04000 110.46000 16.50500 73.02000
26 1 21 19 34 26500.00000 6.03700000 1107.02000 110.46000 16.50500 73.02000
26 1 21 19 34 26518.10000 6.03700000 1107.62000 110.54000 16.50500 73.02000
26 1 21 19 34 26500.00000 6.03700000 1107.10000 110.48000 16.50500 73.02000
26 1 21 19 35 26513.10000 6.03700000 1107.57000 110.48000 16.50500 73.02000
26 1 21 19 35 26513.40000 6.03700000 1107.09000 110.48000 16.50500 72.67600
26 1 21 19 36 26514.50000 6.03700000 1107.74000 110.45000 16.50500 72.67600
26 1 21 19 36 26514.30000 6.03700000 1107.73000 110.42000 16.50500 72.67600
26 1 21 19 37 26500.00000 6.03700000 1105.46000 110.35000 16.50500 72.67600
26 1 21 19 37 26480.00000 6.03700000 1105.11000 110.35000 16.50500 72.67600
26 1 21 19 37 26480.00000 6.03700000 1105.12000 110.30000 16.50500 72.67600
26 1 21 19 38 26477.50000 6.03700000 1104.43000 110.36000 16.50500 72.40000
26 1 21 19 38 26475.80000 6.03700000 1103.25000 110.36000 16.50500 72.40000
26 1 21 19 39 26470.50000 6.03700000 1102.40000 110.36000 16.50500 72.40000
26 1 21 19 39 26470.50000 6.03700000 1101.82000 110.36000 16.50500 72.40000
26 1 21 19 40 26450.10000 6.03700000 1101.91000 110.36000 16.50500 72.19800
26 1 21 19 40 26450.10000 6.03700000 1102.52000 110.36000 16.50500 72.19800
26 1 21 19 40 26466.50000 6.03700000 1102.81000 110.36000 16.50500 72.19800
26 1 21 19 41 26513.20000 6.05000000 1104.89000 110.61000 16.50500 72.19800
26 1 21 19 41 26514.20000 6.07400000 1105.95000 110.80000 16.50500 72.19800
26 1 21 19 42 26491.60000 6.07400000 1104.88000 110.80000 16.50500 72.67900
26 1 21 19 42 26457.20000 6.07400000 1103.00000 110.56000 16.50500 72.67900
26 1 21 19 43 26450.70000 6.07400000 1101.51000 110.56000 16.50500 72.67900
26 1 21 19 43 26450.60000 6.07400000 1101.80000 110.38000 16.50500 72.67900
26 1 21 19 43 26458.00000 6.07400000 1103.80000 110.40000 16.50500 72.67900
26 1 21 19 44 26539.10000 6.07400000 1105.00000 110.40000 16.50500 72.67900
26 1 21 19 44 26541.80000 6.07400000 1106.39000 110.40000 16.50500 72.67900
26 1 21 19 45 26523.20000 6.07400000 1105.66000 110.40000 16.50500 72.67900
26 1 21 19 45 26518.00000 6.07400000 1104.93000 110.56000 16.50500 72.67900
26 1 21 19 46 26518.10000 6.07400000 1103.99000 110.56000 16.50500 72.67900
26 1 21 19 46 26518.10000 6.07400000 1103.84000 110.47000 16.50500 72.45900
26 1 21 19 46 26520.00000 6.07400000 1103.59000 110.47000 16.50500 72.45900
26 1 21 19 47 26500.00000 6.07400000 1102.01000 110.39000 16.50500 72.45900
26 1 21 19 47 26504.10000 6.07400000 1102.00000 110.39000 16.50500 72.45900
26 1 21 19 48 26508.70000 6.07400000 1102.67000 110.39000 16.50200 72.45900
26 1 21 19 48 26520.00000 6.07400000 1102.39000 110.43000 16.50200 72.45900
26 1 21 19 49 26524.00000 6.07400000 1102.88000 110.43000 16.50200 72.45900
26 1 21 19 49 26571.80000 6.07400000 1103.89000 110.43000 16.50200 72.45900
26 1 21 19 49 26537.10000 6.07400000 1102.84000 110.43000 16.50200 72.45900
26 1 21 19 50 26520.10000 6.07400000 1102.49000 110.43000 16.50200 72.55000
26 1 21 19 50 26500.00000 6.07400000 1101.01000 110.43000 16.50200 72.55000
26 1 21 19 51 26435.50000 6.07400000 1098.53000 110.26000 16.50200 72.55000
26 1 21 19 51 26427.50000 6.07400000 1097.24000 110.26000 16.50200 72.74700
26 1 21 19 52 26421.10000 6.04600000 1098.49000 110.15000 16.50200 72.74700
26 1 21 19 52 26421.10000 6.04600000 1098.99000 110.15000 16.50200 72.74700
26 1 21 19 52 26432.80000 6.04600000 1099.00000 110.32000 16.50200 72.74700
26 1 21 19 53 26472.00000 6.04600000 1101.27000 110.32000 16.50200 72.74700
26 1 21 19 53 26457.20000 6.04600000 1099.64000 110.29000 16.50200 72.74700
26 1 21 19 54 26460.50000 6.04600000 1100.14000 110.29000 16.50200 72.74700
26 1 21 19 54 26467.20000 6.04600000 1100.70000 110.33000 16.50200 72.74700
26 1 21 19 55 26494.00000 6.04600000 1101.52000 110.33000 16.50200 72.74700
26 1 21 19 55 26496.20000 6.04600000 1103.20000 110.33000 16.50200 72.74700
26 1 21 19 55 26518.20000 6.04600000 1102.62000 110.50000 16.50200 72.74700
26 1 21 19 56 26465.30000 6.04600000 1101.17000 110.50000 16.50200 72.70000
26 1 21 19 56 26473.30000 6.04600000 1102.00000 110.50000 16.50200 72.70000
26 1 21 19 57 26462.30000 6.04700000 1101.76000 110.50000 16.50200 72.70000
26 1 21 19 57 26474.20000 6.04700000 1101.70000 110.43000 16.50200 72.70000
26 1 21 19 58 26480.30000 6.06200000 1102.00000 110.43000 16.50200 72.77800
26 1 21 19 58 26504.70000 6.06200000 1103.19000 110.43000 16.50200 72.77800
26 1 21 19 58 26500.20000 6.06200000 1102.18000 110.43000 16.50200 72.77800
26 1 21 19 59 26488.10000 6.06200000 1103.20000 110.43000 16.50200 72.77800
26 1 21 19 59 26510.00000 6.06200000 1103.97000 110.43000 16.48600 72.77800
26 1 21 20 00 26532.20000 6.06200000 1103.99000 110.61000 16.48600 72.77800
26 1 21 20 00 26555.10000 6.06200000 1107.18000 110.75000 16.48600 72.77800
26 1 21 20 01 26540.00000 6.06200000 1107.52000 110.75000 16.48600 72.77800
26 1 21 20 01 26528.30000 6.06200000 1107.08000 110.75000 16.48600 72.77800
26 1 21 20 01 26524.00000 6.06200000 1106.99000 110.74000 16.48600 72.77800
26 1 21 20 02 26510.00000 6.06200000 1105.67000 110.65000 16.48600 72.77800
26 1 21 20 02 26510.10000 6.06200000 1106.70000 110.55000 16.48600 72.77800
26 1 21 20 03 26541.60000 6.08500000 1107.17000 110.55000 16.48600 72.77800
26 1 21 20 04 26586.10000 6.08600000 1111.25000 110.55000 16.48600 72.77800
26 1 21 20 04 26597.00000 6.08600000 1111.48000 110.80000 16.48600 72.77800
26 1 21 20 04 26600.00000 6.09200000 1113.56000 110.80000 16.48600 72.77800
26 1 21 20 05 26625.00000 6.09200000 1112.28000 110.82000 16.48600 72.77800
26 1 21 20 05 26623.70000 6.09200000 1111.52000 110.94000 16.48600 72.77800
26 1 21 20 06 26601.40000 6.10000000 1110.01000 110.92000 16.48600 72.77800
26 1 21 20 06 26597.00000 6.10000000 1110.01000 110.87000 16.48600 72.77800
26 1 21 20 07 26603.30000 6.10000000 1111.53000 110.93000 16.48600 72.77800
26 1 21 20 07 26597.80000 6.10000000 1112.36000 110.93000 16.48600 72.77800
26 1 21 20 07 26600.90000 6.10000000 1112.33000 110.85000 16.48600 72.77800
26 1 21 20 08 26613.30000 6.10000000 1112.04000 110.99000 16.48600 72.84100
26 1 21 20 08 26634.60000 6.10000000 1113.41000 111.04000 16.48600 72.84100
26 1 21 20 09 26626.80000 6.10000000 1115.05000 111.22000 16.48600 72.84100
26 1 21 20 09 26633.70000 6.10000000 1115.94000 111.23000 16.48600 72.84100
26 1 21 20 10 26640.50000 6.10000000 1115.04000 111.23000 16.48600 72.91000
26 1 21 20 10 26642.30000 6.10000000 1117.00000 111.23000 16.48600 72.91000
26 1 21 20 10 26660.80000 6.10000000 1117.08000 111.23000 16.48600 72.91000
26 1 21 20 11 26634.70000 6.10500000 1116.52000 111.23000 16.48600 72.91000
