M=[
 2 6 21 18 28 31112.00000 56.11700000 2265.33000 153.98000 24.71100 134.36800
 2 6 21 18 29 31060.20000 56.11700000 2262.44000 153.98000 24.71100 134.36800
 2 6 21 18 29 31082.70000 56.11700000 2263.69000 154.08000 24.71100 134.36800
 2 6 21 18 29 31110.00000 56.11700000 2265.89000 154.09000 24.71100 134.36800
 2 6 21 18 30 31108.60000 56.11700000 2264.15000 154.10000 24.71100 134.36800
 2 6 21 18 30 31119.90000 56.11700000 2267.99000 154.10000 24.71100 134.36800
 2 6 21 18 31 31134.70000 56.11700000 2267.32000 154.15000 24.71100 134.36800
 2 6 21 18 31 31134.70000 56.11700000 2265.97000 154.16000 24.71100 134.36800
 2 6 21 18 32 31100.20000 56.11700000 2265.97000 154.00000 24.71100 134.36800
 2 6 21 18 32 31089.70000 56.11700000 2263.14000 153.90000 24.71100 134.36800
 2 6 21 18 32 31092.20000 56.10300000 2262.17000 153.78000 24.71100 134.36800
 2 6 21 18 33 31093.90000 56.10300000 2261.94000 153.88000 24.71100 134.36800
 2 6 21 18 33 31093.70000 56.10300000 2261.94000 153.89000 24.71100 134.36800
 2 6 21 18 34 31093.70000 56.10300000 2260.51000 153.87000 24.71100 134.36800
 2 6 21 18 34 31093.70000 56.10300000 2262.82000 153.87000 24.71100 134.11600
 2 6 21 18 35 31093.70000 56.10300000 2262.54000 153.87000 24.71100 134.11600
 2 6 21 18 35 31144.20000 56.10300000 2265.97000 154.15000 24.71100 134.11600
 2 6 21 18 35 31142.90000 56.10300000 2265.96000 154.15000 24.71100 134.11600
 2 6 21 18 36 31142.90000 56.10300000 2265.97000 154.18000 24.71100 134.11600
 2 6 21 18 36 31111.60000 56.26700000 2264.79000 154.18000 24.71100 134.11600
 2 6 21 18 37 31105.80000 56.26700000 2264.54000 153.88000 24.71100 134.11600
 2 6 21 18 37 31089.30000 56.26700000 2261.91000 153.77000 24.71100 134.11600
 2 6 21 18 38 31090.30000 56.26700000 2262.29000 153.77000 24.71100 134.75500
 2 6 21 18 38 31089.40000 56.26700000 2262.63000 153.77000 24.71100 134.75500
 2 6 21 18 38 31116.90000 56.26700000 2264.68000 153.77000 24.71100 134.75500
 2 6 21 18 39 31119.60000 56.26700000 2265.22000 154.05000 24.71100 134.75500
 2 6 21 18 39 31130.40000 56.25600000 2265.34000 154.11000 24.71100 134.75500
 2 6 21 18 40 31130.40000 56.25300000 2264.44000 154.10000 24.71100 134.75500
 2 6 21 18 40 31130.50000 56.25300000 2264.27000 154.02000 24.71100 134.75500
 2 6 21 18 41 31130.50000 56.25300000 2265.06000 154.02000 24.71100 134.75500
 2 6 21 18 41 31142.90000 56.25300000 2265.96000 154.02000 24.71100 134.72700
 2 6 21 18 41 31140.80000 56.25300000 2265.49000 154.08000 24.71100 134.72700
 2 6 21 18 42 31142.90000 56.25300000 2265.96000 154.08000 24.71100 134.72700
 2 6 21 18 42 31147.90000 56.25300000 2265.97000 154.21000 24.71100 134.72700
 2 6 21 18 43 31147.80000 56.25300000 2265.97000 154.21000 24.71100 134.72700
 2 6 21 18 43 31147.90000 56.25300000 2267.87000 154.26000 24.71100 134.72700
 2 6 21 18 44 31147.90000 56.25300000 2269.08000 154.22000 24.71100 134.72700
 2 6 21 18 44 31147.90000 56.25300000 2269.47000 154.21000 24.71100 134.72700
 2 6 21 18 45 31159.90000 56.25300000 2271.71000 154.31000 24.71100 134.72700
 2 6 21 18 45 31159.90000 56.25300000 2269.13000 154.25000 24.71100 134.72700
 2 6 21 18 45 31160.00000 56.25300000 2271.03000 154.25000 24.71100 134.72700
 2 6 21 18 46 31152.50000 56.29900000 2270.79000 154.23000 24.71100 134.72700
 2 6 21 18 46 31154.70000 56.29900000 2270.90000 154.23000 24.71100 134.72700
 2 6 21 18 47 31166.60000 56.29900000 2270.64000 154.23000 24.71100 134.72700
 2 6 21 18 47 31165.60000 56.29900000 2270.99000 154.18000 24.71100 134.72700
 2 6 21 18 48 31160.10000 56.29900000 2271.00000 154.18000 24.71100 134.72700
 2 6 21 18 48 31152.50000 56.29900000 2271.17000 154.18000 24.71100 134.72700
 2 6 21 18 48 31200.10000 56.29900000 2271.16000 154.18000 24.71100 134.72700
 2 6 21 18 49 31155.80000 56.29900000 2271.17000 154.19000 24.71100 134.72700
 2 6 21 18 49 31144.00000 56.25900000 2269.46000 154.19000 24.71100 134.72700
 2 6 21 18 50 31144.00000 56.23600000 2269.15000 154.19000 24.71100 134.72600
 2 6 21 18 50 31144.10000 56.23600000 2269.15000 154.19000 24.71100 134.72600
 2 6 21 18 51 31144.00000 56.22700000 2269.14000 154.19000 24.71100 134.72600
 2 6 21 18 51 31125.20000 56.22700000 2267.00000 154.19000 24.71100 134.72600
 2 6 21 18 51 31117.70000 56.29900000 2269.14000 154.15000 24.71100 134.72600
 2 6 21 18 52 31117.60000 56.29900000 2269.14000 154.15000 24.71100 134.72600
 2 6 21 18 52 31115.30000 56.49900000 2268.19000 154.20000 24.71100 134.72600
 2 6 21 18 53 31115.00000 56.49900000 2267.77000 154.20000 24.71100 135.44000
 2 6 21 18 53 31115.10000 56.49900000 2267.92000 154.05000 24.71100 135.44000
 2 6 21 18 54 31115.10000 56.41000000 2266.92000 154.31000 24.71100 135.44000
 2 6 21 18 54 31115.00000 56.41000000 2267.54000 154.31000 24.71100 135.44000
 2 6 21 18 54 31126.50000 56.41000000 2269.14000 154.31000 24.71100 135.44000
 2 6 21 18 55 31126.50000 56.41000000 2267.65000 154.25000 24.71100 135.44000
 2 6 21 18 55 31116.90000 56.41000000 2267.49000 154.25000 24.71100 135.44000
 2 6 21 18 56 31123.50000 56.41000000 2268.70000 154.23000 24.71100 135.44000
 2 6 21 18 56 31134.20000 56.33300000 2269.04000 154.23000 24.68100 135.44000
 2 6 21 18 57 31128.70000 56.32900000 2269.04000 154.23000 24.68100 135.44000
 2 6 21 18 57 31130.90000 56.32900000 2269.14000 154.23000 24.68100 135.19700
 2 6 21 18 57 31131.90000 56.32900000 2269.13000 154.18000 24.68100 135.19700
 2 6 21 18 58 31104.60000 56.38500000 2269.13000 154.18000 24.68100 135.19700
 2 6 21 18 58 31120.00000 56.38500000 2268.92000 154.18000 24.68100 135.19700
 2 6 21 18 59 31112.40000 56.38500000 2268.33000 154.19000 24.68100 135.19700
 2 6 21 18 59 31145.40000 56.38500000 2271.70000 154.19000 24.68100 135.19700
 2 6 21 19 00 31156.60000 56.38500000 2271.60000 154.19000 24.68100 135.19700
 2 6 21 19 00 31150.10000 56.38500000 2271.55000 154.19000 24.68100 135.19700
 2 6 21 19 00 31119.60000 56.38500000 2268.21000 154.19000 24.68100 135.19700
 2 6 21 19 01 31129.30000 56.38500000 2268.33000 154.29000 24.68100 135.19700
 2 6 21 19 01 31132.60000 56.38500000 2268.33000 154.29000 24.68100 135.19700
 2 6 21 19 02 31139.50000 56.38500000 2268.58000 154.29000 24.68100 135.19700
 2 6 21 19 02 31140.90000 56.38500000 2267.23000 154.46000 24.68100 135.19700
 2 6 21 19 03 31141.10000 56.38500000 2266.01000 154.46000 24.68100 135.19700
 2 6 21 19 03 31146.90000 56.38500000 2266.87000 154.46000 24.68100 135.19700
 2 6 21 19 03 31170.60000 56.38500000 2266.87000 154.42000 24.68100 135.19700
 2 6 21 19 04 31158.90000 56.38500000 2267.18000 154.49000 24.68100 135.19700
 2 6 21 19 04 31150.00000 56.38500000 2266.33000 154.49000 24.68100 135.19700
 2 6 21 19 05 31164.70000 56.38500000 2266.89000 154.45000 24.68100 135.19700
 2 6 21 19 05 31157.70000 56.38500000 2266.00000 154.46000 24.68100 135.19700
 2 6 21 19 06 31150.80000 56.38500000 2266.00000 154.45000 24.68100 135.19700
 2 6 21 19 06 31150.10000 56.38500000 2265.96000 154.36000 24.68100 135.19700
 2 6 21 19 06 31150.00000 56.38500000 2263.80000 154.13000 24.68100 135.19700
 2 6 21 19 07 31150.00000 56.38500000 2263.44000 154.13000 24.68100 135.19700
 2 6 21 19 07 31115.00000 56.27700000 2263.19000 154.13000 24.68100 134.50000
 2 6 21 19 08 31109.00000 56.27700000 2261.31000 154.13000 24.68100 134.15200
 2 6 21 19 08 31105.70000 56.27700000 2260.01000 154.00000 24.68100 134.15200
 2 6 21 19 09 31109.00000 56.27700000 2260.22000 154.00000 24.68100 134.15200
 2 6 21 19 09 31100.00000 56.27700000 2260.01000 154.00000 24.68100 134.15200
 2 6 21 19 09 31099.90000 56.27700000 2259.99000 154.00000 24.68100 134.15200
 2 6 21 19 10 31114.90000 56.26700000 2263.20000 154.17000 24.79000 134.15200
 2 6 21 19 10 31143.60000 56.26700000 2264.09000 154.30000 24.79000 134.15200
 2 6 21 19 11 31131.90000 56.26700000 2262.90000 154.17000 24.79000 134.15200
 2 6 21 19 11 31131.10000 56.26700000 2263.04000 154.08000 24.79000 134.15200
 2 6 21 19 12 31131.20000 56.26700000 2261.06000 154.08000 24.79000 134.37200
