M=[
23 5 20 17 57 8438.90000 6.00000000 190.30000 40.49000 11.63300 43.18100
23 5 20 17 57 8438.80000 6.00000000 190.22000 40.49000 11.63300 43.18100
23 5 20 17 57 8438.90000 6.00000000 190.30000 40.49000 11.63300 43.18100
23 5 20 17 58 8438.90000 6.00000000 190.30000 40.49000 11.62100 43.18100
23 5 20 17 58 8438.90000 6.00000000 190.40000 40.49000 11.63300 43.18100
23 5 20 17 59 8438.80000 6.00000000 190.39000 40.49000 11.63300 43.18100
23 5 20 17 59 8436.50000 6.00000000 190.39000 40.49000 11.63300 43.18100
23 5 20 18 00 8437.80000 6.00000000 190.39000 40.49000 11.63300 43.18100
23 5 20 18 00 8437.60000 6.00000000 190.38000 40.49000 11.68100 43.30600
23 5 20 18 01 8435.00000 6.00000000 190.38000 40.49000 11.68100 43.30600
23 5 20 18 01 8433.80000 6.00000000 190.39000 40.49000 11.62100 43.30600
23 5 20 18 02 8433.80000 6.00000000 190.39000 40.49000 11.68100 43.30600
23 5 20 18 02 8433.70000 5.98500000 190.39000 40.49000 11.68100 43.30600
23 5 20 18 02 8433.80000 6.00000000 190.50000 40.49000 11.68100 43.30600
23 5 20 18 03 8439.90000 6.04200000 190.50000 40.49000 11.62700 43.30600
23 5 20 18 03 8439.80000 6.04000000 190.50000 40.57000 11.68100 43.30600
23 5 20 18 04 8439.50000 6.04000000 190.63000 40.57000 11.68100 43.30600
23 5 20 18 04 8439.90000 6.04000000 190.63000 40.57000 11.68100 43.30600
23 5 20 18 05 8442.10000 6.04000000 190.63000 40.57000 11.68100 43.30600
23 5 20 18 05 8442.00000 6.04000000 190.63000 40.57000 11.68100 43.30600
23 5 20 18 06 8442.00000 6.04000000 190.70000 40.57000 11.68100 43.30600
23 5 20 18 06 8442.00000 6.04000000 190.50000 40.57000 11.68100 43.30600
23 5 20 18 07 8443.80000 6.04000000 190.70000 40.57000 11.68100 43.30600
23 5 20 18 07 8443.80000 6.04000000 190.77000 40.59000 11.65400 43.30600
23 5 20 18 07 8450.00000 6.07200000 190.77000 40.59000 11.65400 43.41400
23 5 20 18 08 8450.10000 6.08800000 190.76000 40.59000 11.65400 43.41400
23 5 20 18 08 8449.90000 6.08800000 190.76000 40.59000 11.65400 43.41400
23 5 20 18 09 8457.10000 6.08800000 190.77000 40.59000 11.65400 43.41400
23 5 20 18 09 8455.70000 6.08800000 190.76000 40.59000 11.65400 43.41400
23 5 20 18 10 8450.30000 6.08800000 190.76000 40.59000 11.65400 43.41400
23 5 20 18 10 8450.40000 6.08800000 190.77000 40.59000 11.62700 43.41400
23 5 20 18 11 8450.00000 6.04600000 190.77000 40.59000 11.65400 43.41400
23 5 20 18 11 8447.40000 6.04600000 190.77000 40.59000 11.65400 43.41400
23 5 20 18 12 8447.30000 6.04000000 190.77000 40.57000 11.62700 43.41400
23 5 20 18 12 8450.30000 6.04300000 190.55000 40.57000 11.65400 43.41400
23 5 20 18 13 8429.10000 6.04300000 190.20000 40.53000 11.65400 43.41400
23 5 20 18 13 8429.10000 6.04300000 190.20000 40.51000 11.62100 43.41400
23 5 20 18 13 8429.10000 6.04300000 190.20000 40.51000 11.62700 43.41400
23 5 20 18 14 8429.10000 6.04300000 190.20000 40.51000 11.65400 43.41400
23 5 20 18 14 8429.00000 6.04300000 190.10000 40.53000 11.61700 43.41400
23 5 20 18 15 8421.90000 6.04300000 190.10000 40.53000 11.61700 43.41400
23 5 20 18 15 8413.90000 6.04300000 190.00000 40.53000 11.61700 43.41400
23 5 20 18 16 8418.70000 6.04300000 189.83000 40.53000 11.61700 43.41400
23 5 20 18 16 8416.00000 6.03600000 189.83000 40.51000 11.61700 43.41400
23 5 20 18 17 8414.60000 6.03600000 189.82000 40.53000 11.61700 43.41400
23 5 20 18 17 8414.60000 6.03600000 189.81000 40.53000 11.62100 43.41400
23 5 20 18 18 8425.80000 6.03600000 189.81000 40.48000 11.61700 43.41400
23 5 20 18 18 8424.70000 6.03600000 189.81000 40.48000 11.61700 43.41400
23 5 20 18 19 8423.70000 6.03600000 189.98000 40.48000 11.61800 43.41400
23 5 20 18 19 8423.60000 6.03600000 189.98000 40.48000 11.61800 43.41400
23 5 20 18 19 8420.50000 6.03600000 189.98000 40.48000 11.61800 43.41400
23 5 20 18 20 8421.40000 6.04300000 189.98000 40.48000 11.61800 43.41400
23 5 20 18 20 8425.50000 6.03600000 189.90000 40.48000 11.61800 43.41400
23 5 20 18 21 8427.50000 6.03600000 189.90000 40.44000 11.61800 43.41400
23 5 20 18 21 8427.70000 6.03600000 189.90000 40.44000 11.61800 43.41400
23 5 20 18 22 8428.60000 6.03600000 189.90000 40.53000 11.61800 43.34200
23 5 20 18 22 8428.10000 6.03600000 189.90000 40.44000 11.61800 43.41400
23 5 20 18 23 8429.40000 6.03600000 190.20000 40.44000 11.61800 43.34200
23 5 20 18 23 8429.60000 6.03600000 190.20000 40.44000 11.61800 43.34200
23 5 20 18 24 8428.20000 6.03600000 190.14000 40.44000 11.61800 43.34200
23 5 20 18 24 8415.40000 6.03600000 190.14000 40.44000 11.61800 43.34200
23 5 20 18 24 8415.40000 6.03600000 190.14000 40.44000 11.61800 43.34200
23 5 20 18 25 8429.60000 6.04300000 189.91000 40.44000 11.61800 43.34200
23 5 20 18 25 8417.10000 6.03600000 189.91000 40.44000 11.61800 43.34200
23 5 20 18 26 8417.10000 6.03600000 189.91000 40.44000 11.61800 43.34200
23 5 20 18 26 8417.10000 6.04200000 189.91000 40.44000 11.61800 43.34200
23 5 20 18 27 8417.00000 6.04200000 189.91000 40.44000 11.61800 43.34200
23 5 20 18 27 8417.10000 6.03600000 189.82000 40.44000 11.61800 43.34200
23 5 20 18 28 8417.00000 6.04200000 189.82000 40.44000 11.61800 43.34200
23 5 20 18 28 8417.10000 6.04200000 189.82000 40.53000 11.61800 43.34200
23 5 20 18 29 8423.40000 6.04200000 189.98000 40.44000 11.61800 43.34200
23 5 20 18 29 8421.90000 6.04200000 189.99000 40.46000 11.61800 43.34200
23 5 20 18 29 8416.30000 6.04200000 189.90000 40.46000 11.61800 43.34200
23 5 20 18 30 8410.00000 6.03900000 189.82000 40.41000 11.61800 43.41400
23 5 20 18 30 8410.00000 6.03900000 189.78000 40.41000 11.61800 43.30500
23 5 20 18 31 8411.10000 6.05900000 189.78000 40.41000 11.61800 43.30500
23 5 20 18 31 8411.80000 6.05900000 189.76000 40.46000 11.61800 43.41400
23 5 20 18 32 8410.00000 6.05900000 189.76000 40.46000 11.61800 43.30500
23 5 20 18 32 8410.00000 6.05400000 189.76000 40.41000 11.61800 43.30500
23 5 20 18 33 8410.10000 6.05400000 189.76000 40.41000 11.61800 43.30500
23 5 20 18 33 8416.00000 6.05400000 189.76000 40.41000 11.61800 43.30500
23 5 20 18 34 8418.10000 6.05400000 189.76000 40.41000 11.61800 43.30500
23 5 20 18 34 8418.10000 6.05400000 190.12000 40.46000 11.61800 43.30500
23 5 20 18 34 8422.20000 6.03900000 189.76000 40.46000 11.61800 43.30500
23 5 20 18 35 8420.40000 6.05400000 190.18000 40.46000 11.61800 43.41400
23 5 20 18 35 8417.70000 6.05000000 190.18000 40.46000 11.61800 43.30500
23 5 20 18 36 8419.20000 6.05400000 190.04000 40.46000 11.61800 43.30500
23 5 20 18 36 8421.00000 6.05900000 190.04000 40.46000 11.61800 43.30500
23 5 20 18 37 8423.00000 6.05000000 190.04000 40.46000 11.61800 43.30500
23 5 20 18 37 8422.20000 6.05000000 190.04000 40.46000 11.61800 43.30500
23 5 20 18 38 8424.00000 6.05000000 190.19000 40.46000 11.61800 43.30500
23 5 20 18 38 8423.80000 6.05400000 190.22000 40.46000 11.61800 43.30500
23 5 20 18 39 8424.00000 6.05900000 190.22000 40.46000 11.61800 43.41400
23 5 20 18 39 8424.40000 6.05000000 190.26000 40.51000 11.61800 43.30500
23 5 20 18 39 8424.30000 6.05000000 190.26000 40.46000 11.61800 43.30500
23 5 20 18 40 8424.40000 6.05000000 190.26000 40.46000 11.61800 43.30500
23 5 20 18 40 8424.40000 6.05000000 190.26000 40.46000 11.61800 43.30500
23 5 20 18 41 8424.40000 6.05000000 190.26000 40.46000 11.61800 43.30500
23 5 20 18 41 8424.40000 6.05000000 190.22000 40.46000 11.61800 43.30500
23 5 20 18 42 8423.40000 6.05000000 190.26000 40.46000 11.61800 43.30500
23 5 20 18 42 8421.70000 6.05000000 190.26000 40.41000 11.61800 43.34200
23 5 20 18 43 8421.70000 6.05000000 190.26000 40.46000 11.61800 43.30500
23 5 20 18 43 8424.40000 6.05000000 190.26000 40.46000 11.61800 43.30500
23 5 20 18 43 8422.50000 6.05000000 190.08000 40.46000 11.61800 43.30500
23 5 20 18 44 8420.20000 6.05900000 190.28000 40.46000 11.61800 43.30500
23 5 20 18 44 8421.90000 6.05900000 190.19000 40.45000 11.61800 43.30500
23 5 20 18 45 8418.30000 6.05000000 190.19000 40.45000 11.61800 43.30500
23 5 20 18 45 8422.10000 6.05000000 190.19000 40.41000 11.61800 43.30500
23 5 20 18 46 8417.10000 6.05000000 190.19000 40.45000 11.61800 43.15000
