M=[
16 7 20 07 33 8023.00000 5.33500000 204.95000 36.86000 16.85100 52.03000
16 7 20 07 34 8022.90000 5.33500000 204.91000 36.86000 16.85100 52.03000
16 7 20 07 34 8023.00000 5.33500000 204.90000 36.87000 16.85100 52.03000
16 7 20 07 35 8023.00000 5.33500000 204.90000 36.87000 16.85100 52.03000
16 7 20 07 35 8023.00000 5.33500000 204.97000 36.89000 16.85100 52.03000
16 7 20 07 36 8022.90000 5.33500000 204.93000 36.85000 16.85100 52.03000
16 7 20 07 36 8023.70000 5.33500000 205.00000 36.87000 16.85100 52.03000
16 7 20 07 37 8025.50000 5.33500000 205.08000 36.87000 16.85100 52.03000
16 7 20 07 37 8025.50000 5.33500000 205.09000 36.87000 16.85100 52.03000
16 7 20 07 38 8025.50000 5.33500000 205.09000 36.89000 16.85100 52.03000
16 7 20 07 38 8028.30000 5.33500000 205.08000 36.90000 16.85100 52.03000
16 7 20 07 39 8030.60000 5.33500000 205.12000 36.93000 16.85100 52.03000
16 7 20 07 39 8030.60000 5.33500000 205.09000 36.92000 16.85100 52.03000
16 7 20 07 39 8030.50000 5.33500000 205.07000 36.90000 16.85100 52.03000
16 7 20 07 40 8030.60000 5.33500000 205.00000 36.84000 16.85100 52.03000
16 7 20 07 40 8030.60000 5.33500000 205.01000 36.88000 16.85100 52.17000
16 7 20 07 41 8030.60000 5.33500000 205.00000 36.87000 16.85100 52.17000
16 7 20 07 41 8028.30000 5.33500000 204.98000 36.86000 16.90300 52.17000
16 7 20 07 42 8025.60000 5.33500000 204.77000 36.86000 16.90300 52.17000
16 7 20 07 42 8025.90000 5.33500000 204.77000 36.86000 16.90300 52.17000
16 7 20 07 43 8025.40000 5.33500000 204.61000 36.84000 16.90300 52.11000
16 7 20 07 43 8025.50000 5.33500000 204.60000 36.80000 16.90300 52.11000
16 7 20 07 44 8025.50000 5.33500000 204.65000 36.80000 16.90300 52.11000
16 7 20 07 44 8025.30000 5.33500000 204.69000 36.83000 16.90300 52.11000
16 7 20 07 45 8025.20000 5.32500000 204.69000 36.83000 16.90300 52.11000
16 7 20 07 45 8025.20000 5.32500000 204.81000 36.86000 16.90300 52.11000
16 7 20 07 46 8025.30000 5.33100000 204.68000 36.86000 16.90300 52.11000
16 7 20 07 46 8025.20000 5.33100000 204.65000 36.82000 16.90300 52.11000
16 7 20 07 47 8025.30000 5.33100000 204.56000 36.82000 16.91100 52.11000
16 7 20 07 47 8025.30000 5.33100000 204.57000 36.82000 16.91100 52.11000
16 7 20 07 47 8025.30000 5.33100000 204.68000 36.82000 16.91100 52.11000
16 7 20 07 48 8025.20000 5.33100000 204.68000 36.82000 16.92000 52.11000
16 7 20 07 48 8025.20000 5.33100000 204.64000 36.82000 16.92000 52.11000
16 7 20 07 49 8025.20000 5.33100000 204.58000 36.84000 16.92000 52.11000
16 7 20 07 49 8025.10000 5.33100000 204.50000 36.82000 16.92000 52.11000
16 7 20 07 50 8021.60000 5.33100000 204.47000 36.82000 16.92000 52.11000
16 7 20 07 50 8020.60000 5.33100000 204.47000 36.82000 16.92000 52.11000
16 7 20 07 51 8020.70000 5.33100000 204.47000 36.82000 16.92000 52.11000
16 7 20 07 51 8020.70000 5.33100000 204.47000 36.82000 16.92000 52.11000
16 7 20 07 52 8019.70000 5.33100000 204.50000 36.82000 16.92000 52.11000
16 7 20 07 52 8018.20000 5.33100000 204.51000 36.82000 16.92000 52.11000
16 7 20 07 53 8018.30000 5.33100000 204.50000 36.82000 16.92000 52.11000
16 7 20 07 53 8018.30000 5.33100000 204.53000 36.84000 16.92000 52.11000
16 7 20 07 53 8018.30000 5.33100000 204.52000 36.84000 16.92800 52.11000
16 7 20 07 54 8018.20000 5.33100000 204.53000 36.84000 16.92800 52.11000
16 7 20 07 54 8017.10000 5.33100000 204.53000 36.84000 16.92800 52.11000
16 7 20 07 55 8017.10000 5.33100000 204.47000 36.84000 16.92800 52.11000
16 7 20 07 55 8011.20000 5.33100000 204.47000 36.81000 16.92800 52.11000
16 7 20 07 56 8011.10000 5.33100000 204.44000 36.81000 16.92800 52.11000
16 7 20 07 56 8010.60000 5.33100000 204.43000 36.76000 16.92800 52.11000
16 7 20 07 57 8010.00000 5.33100000 204.43000 36.76000 16.92800 52.11000
16 7 20 07 57 8008.90000 5.31400000 204.29000 36.76000 16.92800 52.11000
16 7 20 07 58 8008.40000 5.31400000 204.28000 36.73000 16.92800 52.11000
16 7 20 07 58 8008.40000 5.31400000 204.24000 36.73000 16.92800 52.11000
16 7 20 07 59 8008.40000 5.31400000 204.16000 36.75000 16.92800 52.11000
16 7 20 07 59 8006.80000 5.31400000 204.12000 36.75000 16.92800 52.11000
16 7 20 08 00 8006.80000 5.32200000 204.15000 36.75000 16.92800 52.11000
16 7 20 08 00 8006.70000 5.32200000 203.79000 36.76000 16.92800 52.11000
16 7 20 08 01 8002.20000 5.32200000 203.79000 36.72000 16.90000 52.11000
16 7 20 08 01 8001.20000 5.32200000 203.78000 36.69000 16.90000 52.11000
16 7 20 08 02 8000.30000 5.32200000 203.69000 36.63000 16.90000 52.11000
16 7 20 08 02 8000.30000 5.32200000 203.88000 36.69000 16.90000 52.11000
16 7 20 08 03 8004.30000 5.32200000 204.18000 36.70000 16.90000 52.11000
16 7 20 08 03 8009.10000 5.32200000 204.23000 36.75000 16.90000 51.72000
16 7 20 08 04 8010.10000 5.32200000 204.43000 36.75000 16.90000 51.96900
16 7 20 08 04 8010.10000 5.32200000 204.44000 36.75000 16.90000 51.96900
16 7 20 08 05 8009.40000 5.30700000 204.43000 36.77000 16.90000 51.96900
16 7 20 08 05 8010.10000 5.30700000 204.61000 36.80000 16.90000 51.96900
16 7 20 08 06 8013.20000 5.32200000 204.68000 36.80000 16.90000 51.96900
16 7 20 08 06 8013.20000 5.32200000 204.71000 36.80000 16.90000 52.01800
16 7 20 08 06 8012.40000 5.32200000 204.64000 36.81000 16.90000 52.01800
16 7 20 08 07 8012.40000 5.32200000 204.67000 36.80000 16.90000 52.01800
16 7 20 08 07 8012.30000 5.32200000 204.58000 36.80000 16.90000 52.01800
16 7 20 08 08 8012.40000 5.32200000 204.58000 36.80000 16.90000 52.01800
16 7 20 08 08 8012.40000 5.32300000 204.65000 36.80000 16.90000 52.01800
16 7 20 08 09 8012.30000 5.32300000 204.65000 36.80000 16.90000 51.99900
16 7 20 08 09 8012.40000 5.32300000 204.65000 36.80000 16.90000 51.99900
16 7 20 08 10 8012.40000 5.32300000 204.60000 36.80000 16.90000 51.99900
16 7 20 08 10 8012.40000 5.32300000 204.60000 36.80000 16.90000 51.99900
16 7 20 08 11 8012.40000 5.32300000 204.71000 36.70000 16.90000 51.99900
16 7 20 08 11 8012.50000 5.32300000 204.49000 36.69000 16.90000 51.99900
16 7 20 08 12 8012.50000 5.32300000 204.49000 36.69000 16.90000 51.99900
16 7 20 08 12 8012.50000 5.31000000 204.49000 36.72000 16.90000 51.99900
16 7 20 08 12 8012.50000 5.31000000 204.48000 36.72000 16.90000 51.99900
16 7 20 08 13 8012.50000 5.31000000 204.47000 36.67000 16.90000 51.99900
16 7 20 08 13 8012.40000 5.31000000 204.41000 36.67000 16.90000 51.99900
16 7 20 08 14 8012.40000 5.31000000 204.41000 36.67000 16.90000 51.99900
16 7 20 08 14 8012.40000 5.31000000 204.50000 36.68000 16.90000 51.99900
16 7 20 08 15 8012.50000 5.31000000 204.48000 36.68000 16.90000 51.99900
16 7 20 08 15 8012.50000 5.31000000 204.35000 36.68000 16.90000 51.99900
16 7 20 08 16 8012.50000 5.29200000 204.26000 36.68000 16.90000 51.99900
16 7 20 08 16 8012.40000 5.29200000 204.26000 36.67000 16.90000 51.99900
16 7 20 08 17 8012.50000 5.29200000 204.26000 36.67000 16.90000 51.99900
16 7 20 08 17 8012.50000 5.29200000 204.25000 36.67000 16.90000 51.99900
16 7 20 08 18 8012.40000 5.29200000 204.25000 36.67000 16.90000 51.99900
16 7 20 08 18 8012.40000 5.29200000 204.42000 36.67000 16.90000 51.99900
16 7 20 08 19 8012.50000 5.30900000 204.42000 36.67000 16.90000 51.99900
16 7 20 08 19 8012.50000 5.30900000 204.46000 36.67000 16.90000 51.99900
16 7 20 08 19 8012.50000 5.30200000 204.55000 36.67000 16.90000 51.99900
16 7 20 08 20 8012.50000 5.30200000 204.43000 36.70000 16.90000 51.99900
16 7 20 08 20 8012.40000 5.30200000 204.43000 36.70000 16.90000 51.99900
16 7 20 08 21 8012.50000 5.30200000 204.50000 36.70000 16.90000 51.99900
16 7 20 08 21 8012.50000 5.30200000 204.50000 36.70000 16.90000 51.99900
16 7 20 08 22 8013.70000 5.30200000 204.48000 36.70000 16.90000 51.99900
16 7 20 08 22 8013.70000 5.30200000 204.47000 36.70000 16.90000 51.99900
16 7 20 08 23 8013.60000 5.30200000 204.43000 36.70000 16.90000 51.99900
16 7 20 08 23 8013.70000 5.30200000 204.43000 36.70000 16.90000 51.99900
16 7 20 08 24 8011.60000 5.30200000 204.43000 36.72000 16.90000 51.99900
16 7 20 08 24 8010.20000 5.30200000 204.42000 36.72000 16.90000 51.99900
