M=[
 6 7 21 21 55 28541.50000 45.47100000 1927.49000 115.24000 18.44300 96.48800
 6 7 21 21 56 28553.50000 45.47100000 1929.70000 115.25000 18.44300 96.48800
 6 7 21 21 56 28537.30000 45.47100000 1929.91000 115.25000 18.44300 96.48800
 6 7 21 21 57 28558.30000 45.47100000 1929.91000 115.25000 18.44300 96.48800
 6 7 21 21 57 28569.30000 45.47100000 1933.24000 115.25000 18.44300 96.48800
 6 7 21 21 57 28570.30000 45.47100000 1933.00000 115.25000 18.09900 96.48800
 6 7 21 21 58 28595.50000 45.47100000 1934.19000 115.25000 18.09900 96.48800
 6 7 21 21 58 28571.40000 45.47100000 1934.00000 115.25000 18.09900 96.48800
 6 7 21 21 59 28558.70000 45.47100000 1936.23000 115.25000 18.09900 96.48800
 6 7 21 21 59 28569.80000 45.47100000 1936.21000 115.49000 18.09900 96.48800
 6 7 21 22 00 28553.40000 45.46200000 1934.77000 115.49000 18.09900 96.48800
 6 7 21 22 00 28530.30000 45.46200000 1933.61000 115.37000 18.00000 96.66100
 6 7 21 22 01 28556.40000 45.46200000 1937.66000 115.37000 18.00000 96.66100
 6 7 21 22 01 28580.90000 45.51900000 1940.00000 115.37000 18.00000 96.66100
 6 7 21 22 01 28589.40000 45.51900000 1940.00000 115.37000 18.00000 96.66100
 6 7 21 22 02 28598.30000 45.51900000 1940.00000 115.37000 18.00000 96.66100
 6 7 21 22 02 28589.10000 45.51900000 1939.99000 115.37000 18.00000 96.66100
 6 7 21 22 03 28606.00000 45.59300000 1939.99000 115.37000 18.00000 96.66100
 6 7 21 22 03 28647.10000 45.59300000 1945.78000 115.37000 18.00000 96.66100
 6 7 21 22 04 28677.40000 45.59300000 1945.78000 116.12000 18.00000 96.66100
 6 7 21 22 04 28680.00000 45.59300000 1945.78000 116.12000 18.00000 96.66100
 6 7 21 22 04 28707.10000 45.59300000 1946.50000 116.12000 18.00000 96.66100
 6 7 21 22 05 28694.80000 45.59300000 1946.78000 116.12000 18.00000 96.66100
 6 7 21 22 05 28694.80000 45.59300000 1945.84000 116.15000 18.00000 96.66100
 6 7 21 22 06 28700.00000 45.59300000 1947.40000 116.15000 18.00000 96.66100
 6 7 21 22 06 28685.40000 45.59300000 1947.78000 116.15000 18.00000 96.66100
 6 7 21 22 07 28682.50000 45.59300000 1947.78000 116.15000 18.00000 96.66100
 6 7 21 22 07 28676.80000 45.59300000 1946.00000 116.15000 18.00000 96.66100
 6 7 21 22 07 28676.30000 45.59300000 1946.00000 116.15000 18.00000 96.66100
 6 7 21 22 08 28684.30000 45.59300000 1946.59000 116.15000 18.00000 96.66100
 6 7 21 22 08 28665.90000 45.59300000 1945.52000 116.15000 18.00000 96.66100
 6 7 21 22 09 28665.90000 45.59300000 1945.52000 116.15000 18.00000 96.66100
 6 7 21 22 09 28677.00000 45.59300000 1945.52000 116.26000 18.00000 96.66100
 6 7 21 22 10 28670.10000 45.66500000 1945.52000 116.28000 18.00000 96.66100
 6 7 21 22 10 28670.00000 45.66500000 1944.34000 116.28000 18.00000 96.66100
 6 7 21 22 10 28670.10000 45.66500000 1944.34000 116.28000 18.00000 96.66100
 6 7 21 22 11 28683.10000 45.66500000 1944.89000 116.28000 18.00000 96.66100
 6 7 21 22 11 28699.60000 45.66500000 1944.90000 116.28000 18.00000 96.66100
 6 7 21 22 12 28718.40000 45.66500000 1946.83000 116.28000 18.00000 96.66100
 6 7 21 22 12 28752.00000 45.66500000 1948.54000 116.42000 18.00000 96.66100
 6 7 21 22 13 28730.80000 45.66500000 1948.24000 116.42000 18.00000 96.66100
 6 7 21 22 13 28748.40000 45.66500000 1948.60000 116.42000 18.00000 96.66100
 6 7 21 22 13 28746.30000 45.66500000 1949.66000 116.42000 18.00000 96.66100
 6 7 21 22 14 28753.50000 45.66500000 1948.96000 116.42000 18.00000 96.66100
 6 7 21 22 14 28770.10000 45.66500000 1949.57000 116.42000 18.00000 96.66100
 6 7 21 22 15 28771.10000 45.66500000 1950.00000 116.42000 18.00000 96.66100
 6 7 21 22 15 28739.90000 45.66500000 1949.38000 116.42000 18.00000 96.66100
 6 7 21 22 16 28744.20000 45.66500000 1949.11000 116.42000 18.00000 96.66100
 6 7 21 22 16 28743.90000 45.66500000 1950.00000 116.67000 18.00000 96.66100
 6 7 21 22 16 28750.40000 45.66500000 1949.87000 116.67000 18.00000 96.66100
 6 7 21 22 17 28750.20000 45.66500000 1949.14000 116.67000 18.00000 96.66100
 6 7 21 22 17 28725.70000 45.66500000 1948.91000 116.67000 18.00000 96.66100
 6 7 21 22 18 28728.20000 45.66500000 1947.12000 116.67000 18.00000 96.66100
 6 7 21 22 18 28725.60000 45.66500000 1948.62000 116.67000 18.00000 96.66100
 6 7 21 22 19 28731.80000 45.66500000 1948.88000 116.67000 18.00000 96.66100
 6 7 21 22 19 28742.70000 45.66500000 1949.62000 116.67000 18.00000 96.66100
 6 7 21 22 19 28742.70000 45.66500000 1949.62000 116.67000 18.00000 96.66100
 6 7 21 22 20 28748.70000 45.66500000 1949.62000 116.62000 18.00000 96.66100
 6 7 21 22 20 28748.60000 45.66500000 1949.03000 116.62000 18.00000 96.66100
 6 7 21 22 21 28729.50000 45.66500000 1949.00000 116.52000 18.00000 96.66100
 6 7 21 22 21 28735.40000 45.66500000 1949.00000 116.52000 18.00000 96.66100
 6 7 21 22 22 28759.00000 45.66500000 1949.03000 116.61000 18.00000 96.66100
 6 7 21 22 22 28765.60000 45.66500000 1948.71000 116.63000 18.00000 96.66100
 6 7 21 22 23 28761.50000 45.66500000 1948.71000 116.63000 18.00000 96.66100
 6 7 21 22 23 28764.40000 45.66500000 1947.83000 116.63000 18.00000 96.66100
 6 7 21 22 23 28759.10000 45.66500000 1947.87000 116.63000 18.00000 96.66100
 6 7 21 22 24 28764.60000 45.66500000 1947.87000 116.63000 18.00000 96.66100
 6 7 21 22 24 28755.50000 45.66500000 1947.87000 116.63000 18.00000 96.66100
 6 7 21 22 25 28755.50000 45.66500000 1947.76000 116.63000 18.00000 96.66100
 6 7 21 22 25 28755.90000 45.66500000 1948.43000 116.63000 18.00000 97.23600
 6 7 21 22 26 28758.20000 45.66500000 1948.43000 116.71000 18.00000 97.23600
 6 7 21 22 26 28750.00000 45.66500000 1946.59000 116.71000 18.00000 97.23600
 6 7 21 22 26 28750.10000 45.66500000 1946.95000 116.71000 18.00000 97.23600
 6 7 21 22 27 28755.40000 45.75400000 1946.94000 116.71000 18.00000 97.23600
 6 7 21 22 27 28752.10000 45.75400000 1946.94000 116.71000 18.00000 97.23600
 6 7 21 22 28 28752.90000 45.75400000 1946.95000 116.71000 18.00000 97.23600
 6 7 21 22 28 28751.80000 45.75400000 1946.94000 116.71000 18.00000 97.23600
 6 7 21 22 29 28737.90000 45.83700000 1946.94000 116.70000 18.00000 97.23600
 6 7 21 22 29 28748.80000 45.83700000 1946.95000 116.70000 18.00000 97.23600
 6 7 21 22 29 28738.90000 45.83700000 1946.95000 116.70000 18.00000 97.23600
 6 7 21 22 30 28745.10000 45.83700000 1946.95000 116.70000 18.00000 97.23600
 6 7 21 22 30 28771.30000 45.83700000 1949.53000 116.70000 18.00000 97.23600
 6 7 21 22 31 28776.90000 45.87000000 1949.99000 116.70000 18.00000 97.23600
 6 7 21 22 33 28775.70000 45.87000000 1950.89000 116.76000 18.00000 97.23600
 6 7 21 22 33 28775.70000 45.87000000 1950.89000 116.77000 18.00000 97.23600
 6 7 21 22 34 28775.70000 45.90100000 1951.99000 116.77000 18.00000 97.23600
 6 7 21 22 34 28775.70000 45.90100000 1951.99000 116.82000 18.00000 97.23600
 6 7 21 22 35 28775.80000 45.90100000 1952.87000 116.82000 18.11000 97.23600
 6 7 21 22 35 28777.00000 45.90100000 1952.87000 116.74000 18.11000 97.23600
 6 7 21 22 35 28777.00000 45.90100000 1953.40000 116.80000 18.11000 97.23600
 6 7 21 22 36 28776.90000 45.90100000 1952.26000 116.80000 18.11000 97.23600
 6 7 21 22 36 28776.90000 45.90100000 1952.87000 116.80000 18.11000 97.23600
 6 7 21 22 37 28777.00000 45.91900000 1952.87000 116.80000 18.11000 97.23600
 6 7 21 22 37 28776.90000 45.91900000 1952.99000 116.80000 18.11000 97.23600
 6 7 21 22 38 28776.90000 45.91900000 1953.67000 116.80000 18.11000 97.23600
 6 7 21 22 38 28777.00000 45.91900000 1953.67000 116.80000 18.11000 97.23600
 6 7 21 22 39 28777.00000 45.91900000 1954.96000 116.80000 18.11000 97.23600
 6 7 21 22 39 28777.00000 45.91900000 1955.00000 116.80000 18.11000 97.23600
 6 7 21 22 39 28777.00000 45.91900000 1955.00000 116.81000 18.11000 97.23600
 6 7 21 22 40 28776.90000 45.91900000 1955.00000 116.81000 18.11000 97.23600
 6 7 21 22 40 28777.00000 45.91900000 1955.00000 116.86000 18.11000 97.23600
 6 7 21 22 41 28826.40000 46.02300000 1956.00000 117.00000 18.11000 97.23600
 6 7 21 22 41 28826.40000 46.02300000 1956.32000 117.00000 18.11000 97.23600
