M=[
19 3 21 10 10 49085.70000 10.34100000 1520.54000 170.45000 27.31300 122.68700
19 3 21 10 10 49094.30000 10.34100000 1520.24000 170.45000 27.31300 122.68700
19 3 21 10 11 49094.40000 10.34100000 1520.24000 170.51000 27.31300 122.68700
19 3 21 10 11 49082.40000 10.34100000 1520.23000 170.50000 27.31300 122.68700
19 3 21 10 12 49054.20000 10.34100000 1519.44000 170.43000 27.31300 122.68700
19 3 21 10 12 49067.00000 10.34100000 1519.44000 170.44000 27.31300 122.74700
19 3 21 10 12 49053.30000 10.34100000 1518.30000 170.44000 27.31300 122.68500
19 3 21 10 13 49054.10000 10.34100000 1518.26000 170.44000 27.31300 122.68500
19 3 21 10 13 49044.40000 10.34100000 1518.94000 170.34000 27.31300 122.64000
19 3 21 10 14 49054.00000 10.34100000 1518.94000 170.34000 27.31300 122.64000
19 3 21 10 14 49054.00000 10.34100000 1518.95000 170.30000 27.31300 122.64000
19 3 21 10 15 49067.10000 10.34100000 1518.95000 170.30000 27.31300 122.64000
19 3 21 10 15 49081.70000 10.34100000 1518.94000 170.30000 27.41900 122.64000
19 3 21 10 15 49081.70000 10.34100000 1519.72000 170.35000 27.41900 122.64000
19 3 21 10 16 49081.70000 10.34100000 1519.86000 170.33000 27.41900 122.64000
19 3 21 10 16 49081.70000 10.34100000 1519.57000 170.38000 27.41900 122.64000
19 3 21 10 17 49081.70000 10.34100000 1519.57000 170.38000 27.41900 122.64000
19 3 21 10 17 49081.70000 10.34100000 1519.56000 170.38000 27.22900 122.64000
19 3 21 10 18 49111.90000 10.34100000 1519.56000 170.39000 27.40000 122.64000
19 3 21 10 18 49119.80000 10.34100000 1519.80000 170.39000 27.40000 122.64000
19 3 21 10 18 49164.50000 10.34100000 1520.04000 170.39000 27.40000 122.64000
19 3 21 10 19 49164.70000 10.34100000 1520.99000 170.39000 27.44400 122.64000
19 3 21 10 19 49190.30000 10.34100000 1521.00000 170.39000 27.44400 122.64000
19 3 21 10 20 49216.80000 10.34100000 1521.71000 170.65000 27.44400 122.67000
19 3 21 10 20 49190.40000 10.34100000 1521.11000 170.61000 27.44400 122.67000
19 3 21 10 21 49184.10000 10.34100000 1520.79000 170.65000 27.44400 122.67000
19 3 21 10 21 49202.30000 10.34100000 1521.71000 170.65000 27.44400 122.67000
19 3 21 10 21 49202.40000 10.34100000 1521.71000 170.66000 27.44400 122.67000
19 3 21 10 22 49186.70000 10.34100000 1521.71000 170.69000 27.44400 122.67000
19 3 21 10 22 49178.10000 10.34100000 1521.71000 170.68000 27.44400 122.67000
19 3 21 10 23 49187.40000 10.34100000 1521.72000 170.68000 27.44400 122.67000
19 3 21 10 23 49178.90000 10.34100000 1521.72000 170.68000 27.44400 122.67000
19 3 21 10 24 49156.00000 10.34100000 1521.72000 170.69000 27.44400 122.67000
19 3 21 10 24 49186.90000 10.34100000 1521.09000 170.62000 27.44400 122.67000
19 3 21 10 24 49138.40000 10.34100000 1520.05000 170.62000 27.44400 122.67000
19 3 21 10 25 49150.20000 10.34100000 1520.05000 170.42000 27.44400 122.67000
19 3 21 10 25 49145.00000 10.36800000 1519.78000 170.43000 27.44400 122.67000
19 3 21 10 26 49139.10000 10.36800000 1519.25000 170.44000 27.44400 122.67000
19 3 21 10 26 49137.90000 10.36800000 1519.00000 170.44000 27.44400 122.67000
19 3 21 10 27 49160.00000 10.36800000 1519.85000 170.48000 27.44400 122.67000
19 3 21 10 27 49161.20000 10.36800000 1519.86000 170.48000 27.44400 122.67000
19 3 21 10 27 49184.80000 10.36800000 1519.86000 170.48000 27.44400 122.67000
19 3 21 10 28 49160.90000 10.36800000 1519.76000 170.49000 27.44400 122.67000
19 3 21 10 28 49142.10000 10.36800000 1519.30000 170.49000 27.44400 122.67000
19 3 21 10 29 49136.60000 10.36800000 1519.27000 170.50000 27.44400 122.67000
19 3 21 10 29 49164.80000 10.36800000 1519.57000 170.49000 27.44400 122.67000
19 3 21 10 30 49186.70000 10.36700000 1519.57000 170.50000 27.44400 122.67000
19 3 21 10 30 49177.30000 10.36700000 1520.00000 170.49000 27.44400 122.67000
19 3 21 10 30 49163.00000 10.36700000 1519.99000 170.49000 27.44400 122.67000
19 3 21 10 31 49202.10000 10.36700000 1521.27000 170.65000 27.44400 122.67000
19 3 21 10 31 49202.00000 10.36700000 1521.71000 170.76000 27.42100 122.67000
19 3 21 10 32 49202.10000 10.36700000 1521.23000 170.76000 27.50000 122.67000
19 3 21 10 32 49202.10000 10.36700000 1521.23000 170.76000 27.50000 122.67000
19 3 21 10 33 49189.30000 10.36700000 1520.93000 170.62000 27.50000 122.67000
19 3 21 10 33 49202.10000 10.36700000 1520.92000 170.60000 27.50000 122.74500
19 3 21 10 33 49202.10000 10.36700000 1520.93000 170.59000 27.70000 122.74500
19 3 21 10 34 49202.30000 10.36700000 1520.94000 170.68000 27.70000 122.68200
19 3 21 10 34 49204.90000 10.36700000 1520.93000 170.68000 27.70000 122.68200
19 3 21 10 35 49203.10000 10.36700000 1520.90000 170.68000 27.70000 122.67200
19 3 21 10 35 49191.70000 10.36700000 1520.89000 170.50000 27.70100 122.67200
19 3 21 10 36 49191.60000 10.36700000 1520.89000 170.50000 27.70100 122.67200
19 3 21 10 36 49177.30000 10.36700000 1519.65000 170.50000 27.70100 122.67200
19 3 21 10 36 49119.70000 10.34900000 1519.30000 170.50000 27.70100 122.67200
19 3 21 10 37 49101.20000 10.34900000 1519.24000 170.50000 27.79900 122.67200
19 3 21 10 37 49121.20000 10.34900000 1519.30000 170.50000 27.75300 122.67200
19 3 21 10 38 49112.50000 10.34900000 1519.30000 170.25000 27.75300 122.67200
19 3 21 10 38 49109.00000 10.34900000 1519.30000 170.25000 27.75300 122.67200
19 3 21 10 39 49110.70000 10.34900000 1519.29000 170.25000 27.75300 122.67200
19 3 21 10 39 49117.00000 10.34900000 1519.29000 170.30000 27.75300 122.67200
19 3 21 10 39 49123.40000 10.34900000 1519.30000 170.30000 27.75300 122.67200
19 3 21 10 40 49139.00000 10.34900000 1520.98000 170.38000 27.75300 122.67200
19 3 21 10 40 49170.50000 10.34900000 1520.99000 170.38000 27.75300 122.67200
19 3 21 10 41 49185.70000 10.34900000 1520.98000 170.48000 27.75300 122.67200
19 3 21 10 41 49197.00000 10.34900000 1521.00000 170.48000 27.75300 122.67200
19 3 21 10 42 49198.50000 10.34900000 1521.71000 170.48000 27.75300 122.67200
19 3 21 10 42 49215.70000 10.34900000 1521.72000 170.48000 27.75300 122.67200
19 3 21 10 42 49216.70000 10.34900000 1521.99000 170.48000 27.75300 122.67200
19 3 21 10 43 49211.80000 10.34900000 1521.99000 170.48000 27.75300 122.67200
19 3 21 10 43 49193.60000 10.34900000 1521.74000 170.43000 27.75300 122.67200
19 3 21 10 44 49163.90000 10.34900000 1521.74000 170.43000 27.75300 122.67200
19 3 21 10 44 49198.50000 10.34900000 1521.74000 170.43000 27.75300 122.67200
19 3 21 10 45 49163.90000 10.34900000 1521.74000 170.43000 27.75300 122.67200
19 3 21 10 45 49176.90000 10.34900000 1521.73000 170.57000 27.75300 122.67200
19 3 21 10 45 49179.10000 10.34900000 1522.00000 170.57000 27.75300 122.67200
19 3 21 10 46 49151.20000 10.34900000 1521.99000 170.53000 27.75300 122.67200
19 3 21 10 46 49153.10000 10.37700000 1522.00000 170.53000 27.75300 123.85000
19 3 21 10 47 49170.60000 10.37700000 1522.38000 170.53000 27.75300 123.85000
19 3 21 10 47 49200.70000 10.37700000 1523.20000 170.92000 27.75300 124.19900
19 3 21 10 48 49250.00000 10.37700000 1523.51000 171.00000 27.75300 124.19900
19 3 21 10 48 49218.40000 10.37700000 1523.66000 171.00000 27.75300 124.19900
19 3 21 10 48 49222.50000 10.37700000 1522.63000 171.00000 27.75300 124.19900
19 3 21 10 49 49155.00000 10.37700000 1521.34000 170.86000 27.75300 124.19900
19 3 21 10 49 49148.00000 10.37700000 1521.34000 170.86000 27.75300 124.19900
19 3 21 10 50 49182.80000 10.35300000 1521.34000 170.86000 27.75300 124.19900
19 3 21 10 50 49207.80000 10.35300000 1521.66000 170.86000 27.75400 124.19900
19 3 21 10 51 49203.10000 10.35300000 1521.66000 171.09000 27.75400 124.19900
19 3 21 10 51 49203.00000 10.35300000 1521.65000 171.03000 27.75400 124.19900
19 3 21 10 51 49192.30000 10.35300000 1521.65000 170.94000 27.75400 124.41400
19 3 21 10 52 49159.80000 10.35300000 1520.00000 170.95000 27.75400 124.41400
19 3 21 10 52 49162.60000 10.35300000 1521.22000 170.94000 27.75400 124.41400
19 3 21 10 53 49213.00000 10.35300000 1523.46000 170.94000 27.75400 124.41400
19 3 21 10 53 49219.50000 10.38200000 1523.47000 170.94000 28.00000 124.41400
