M=[
11 4 21 15 24 50103.00000 17.03500000 1801.36000 212.88000 42.29000 183.81800
11 4 21 15 25 50094.80000 17.03500000 1801.06000 212.88000 42.29000 183.81800
11 4 21 15 25 50091.20000 17.03500000 1801.06000 212.88000 42.29000 184.00500
11 4 21 15 25 50093.80000 17.03500000 1801.05000 212.89000 42.29000 184.00500
11 4 21 15 26 50094.00000 17.08000000 1800.88000 212.94000 42.29000 184.00500
11 4 21 15 26 50094.70000 17.08000000 1800.58000 212.89000 42.29000 184.00500
11 4 21 15 27 50105.80000 17.08000000 1800.62000 212.93000 42.29000 184.00500
11 4 21 15 27 50100.40000 17.08000000 1800.71000 212.93000 42.29000 184.00500
11 4 21 15 28 50101.60000 17.08000000 1801.03000 212.88000 42.29000 184.00500
11 4 21 15 28 50100.60000 17.08000000 1801.05000 212.88000 42.29000 184.00500
11 4 21 15 28 50100.50000 17.08000000 1801.17000 212.88000 42.29000 184.00500
11 4 21 15 29 50100.50000 17.08000000 1801.17000 212.88000 42.29000 184.00500
11 4 21 15 29 50090.00000 17.08000000 1800.31000 212.43000 42.29000 184.00500
11 4 21 15 30 50073.80000 17.08000000 1800.17000 212.43000 42.29000 184.00500
11 4 21 15 30 50064.10000 17.08000000 1800.11000 212.55000 42.29000 184.00500
11 4 21 15 31 50053.50000 17.08000000 1799.58000 212.10000 42.29000 184.00500
11 4 21 15 31 50053.20000 17.05500000 1799.58000 212.11000 42.29000 184.00500
11 4 21 15 31 50052.20000 17.05500000 1799.59000 212.12000 42.29000 183.97000
11 4 21 15 32 50052.20000 17.05500000 1799.59000 212.30000 42.29000 184.08900
11 4 21 15 32 50052.20000 17.05500000 1799.58000 212.15000 42.29000 183.92700
11 4 21 15 33 50052.30000 17.05500000 1800.00000 212.15000 42.29000 184.30700
11 4 21 15 33 50052.30000 17.05500000 1800.00000 212.15000 42.29000 184.30700
11 4 21 15 34 50052.20000 17.05500000 1801.77000 212.33000 42.29000 184.30700
11 4 21 15 34 50052.30000 16.99700000 1801.26000 212.56000 42.29000 184.30700
11 4 21 15 34 50052.20000 16.99700000 1800.77000 212.32000 42.29000 184.30700
11 4 21 15 35 50052.30000 16.99700000 1801.25000 212.32000 42.13800 184.30700
11 4 21 15 35 50052.30000 16.99700000 1801.53000 212.72000 42.13800 184.30700
11 4 21 15 36 50052.30000 17.00800000 1801.26000 212.80000 42.13800 184.45400
11 4 21 15 36 50052.30000 17.00800000 1801.32000 212.74000 42.13800 184.45400
11 4 21 15 37 50057.10000 17.00800000 1801.32000 212.74000 42.13800 184.45400
11 4 21 15 37 50054.80000 17.00800000 1801.32000 212.94000 42.13800 184.45400
11 4 21 15 37 50052.50000 17.00800000 1801.21000 212.84000 42.28400 184.45400
11 4 21 15 38 50052.20000 16.98700000 1801.05000 212.84000 42.28400 184.62300
11 4 21 15 38 50042.30000 16.98700000 1801.04000 212.27000 42.28400 184.62300
11 4 21 15 39 50002.60000 16.98700000 1799.59000 212.27000 42.28400 184.45300
11 4 21 15 39 50000.00000 16.98700000 1799.60000 212.25000 42.28400 184.45300
11 4 21 15 40 49982.00000 16.98700000 1798.67000 212.25000 42.28400 184.45300
11 4 21 15 40 49995.80000 16.98700000 1799.74000 212.07000 42.28400 184.26300
11 4 21 15 40 49979.70000 16.96300000 1799.74000 212.00000 42.28400 184.26300
11 4 21 15 41 49988.60000 16.96300000 1799.87000 212.00000 42.28400 184.26300
11 4 21 15 41 49987.10000 16.96100000 1800.08000 212.05000 42.28400 184.26300
11 4 21 15 42 49995.80000 16.96100000 1800.88000 211.97000 42.28400 184.26300
11 4 21 15 42 49995.70000 16.96100000 1800.88000 211.26000 42.28400 184.26300
11 4 21 15 43 49995.80000 16.96100000 1800.88000 211.26000 42.28400 184.26300
11 4 21 15 43 49995.80000 16.96100000 1800.87000 211.86000 42.28400 184.82900
11 4 21 15 43 49995.80000 16.96100000 1801.04000 211.74000 42.28400 184.85300
11 4 21 15 44 49995.70000 16.96100000 1801.04000 212.01000 42.28400 184.85300
11 4 21 15 44 49995.80000 16.96100000 1801.04000 212.13000 42.28400 184.86200
11 4 21 15 45 49995.80000 16.96100000 1801.03000 212.13000 42.28400 184.86200
11 4 21 15 45 50000.00000 16.96100000 1801.03000 212.13000 42.28400 184.86200
11 4 21 15 46 50000.00000 16.96100000 1801.05000 212.44000 42.28400 184.86200
11 4 21 15 46 50000.00000 16.97800000 1801.04000 212.53000 42.28400 185.00000
11 4 21 15 46 50000.00000 16.97800000 1801.04000 212.41000 42.28400 185.00000
11 4 21 15 47 49995.80000 16.97800000 1801.04000 212.03000 42.28400 185.00000
11 4 21 15 47 49995.80000 16.93900000 1801.05000 212.09000 42.28400 185.00000
11 4 21 15 48 49989.60000 16.93900000 1801.32000 212.11000 42.28400 185.36200
11 4 21 15 48 49995.90000 16.93900000 1801.31000 212.32000 42.28400 185.36200
11 4 21 15 49 49999.90000 16.93900000 1803.31000 212.44000 42.28400 185.38800
11 4 21 15 49 50065.60000 16.93900000 1804.95000 212.58000 42.28400 185.38900
11 4 21 15 49 50079.00000 16.93900000 1804.94000 212.58000 42.28400 185.81800
11 4 21 15 50 50090.10000 16.93900000 1804.95000 212.59000 42.28400 185.63100
11 4 21 15 50 50090.10000 16.93900000 1804.95000 212.72000 42.28400 185.63700
11 4 21 15 51 50090.00000 16.93900000 1804.95000 212.68000 42.29400 185.63700
11 4 21 15 51 50090.00000 16.93900000 1804.92000 212.66000 42.29400 186.07800
11 4 21 15 52 50090.00000 17.02000000 1804.92000 212.48000 42.29400 186.07800
11 4 21 15 52 50090.10000 17.02000000 1804.02000 212.51000 42.29400 186.06600
11 4 21 15 52 50079.20000 17.02000000 1803.96000 212.51000 42.29400 186.06600
11 4 21 15 53 50079.10000 17.02000000 1803.85000 212.51000 42.29400 186.06600
11 4 21 15 53 50078.30000 17.02000000 1804.22000 212.51000 42.29400 186.06600
11 4 21 15 54 50078.00000 17.02000000 1804.95000 212.26000 42.29400 186.08400
11 4 21 15 54 50078.00000 17.02000000 1804.14000 212.39000 42.29400 185.89200
11 4 21 15 55 50078.00000 17.02000000 1804.31000 212.37000 42.29400 185.89200
11 4 21 15 55 50078.00000 17.02000000 1804.31000 212.37000 42.29400 186.25300
11 4 21 15 55 50078.10000 17.02000000 1804.27000 212.27000 42.29400 186.25300
11 4 21 15 56 50078.10000 17.01800000 1804.26000 212.19000 42.29400 186.25300
11 4 21 15 56 50078.40000 17.01800000 1804.27000 212.19000 42.29400 186.25300
11 4 21 15 57 50078.50000 17.01800000 1804.26000 212.07000 42.29400 186.25300
11 4 21 15 57 50078.50000 17.01800000 1803.28000 212.02000 42.29400 186.25300
11 4 21 15 58 50078.10000 17.01800000 1803.89000 212.11000 42.29400 186.25300
11 4 21 15 58 50078.00000 17.01800000 1803.89000 212.11000 42.29400 186.25300
11 4 21 15 58 50078.00000 17.01800000 1803.07000 212.11000 42.29400 186.25300
11 4 21 15 59 50027.90000 17.01800000 1801.13000 211.69000 42.29400 186.25300
11 4 21 15 59 50036.70000 17.01800000 1802.34000 211.84000 42.29400 186.25300
11 4 21 16 00 50040.30000 17.01800000 1801.96000 211.81000 42.29400 185.54700
11 4 21 16 00 50099.90000 16.99300000 1804.36000 212.17000 42.29400 185.54700
11 4 21 16 01 50087.20000 17.02300000 1804.90000 211.91000 42.29400 185.26200
11 4 21 16 01 50099.90000 17.02300000 1804.35000 211.50000 42.29400 185.18900
11 4 21 16 01 50093.60000 17.02300000 1804.64000 211.38000 42.29400 185.20800
11 4 21 16 02 50093.80000 17.02300000 1805.04000 211.66000 42.29400 185.20800
11 4 21 16 02 50077.30000 16.96500000 1802.62000 211.38000 42.29400 186.50000
11 4 21 16 03 50033.80000 16.96500000 1802.41000 211.39000 42.29400 186.92900
11 4 21 16 03 50031.10000 16.95600000 1802.64000 211.20000 42.32600 186.92900
11 4 21 16 04 49999.90000 16.95600000 1800.03000 211.20000 42.32600 187.14200
11 4 21 16 04 49999.90000 16.95600000 1800.03000 211.20000 42.32600 187.24300
11 4 21 16 04 49983.90000 16.95600000 1800.03000 211.67000 42.32600 187.24300
11 4 21 16 05 49979.70000 16.95600000 1800.43000 211.67000 42.32600 187.82200
11 4 21 16 05 49912.30000 16.95600000 1800.00000 211.67000 42.31500 187.96300
11 4 21 16 06 49939.60000 16.88100000 1799.15000 211.29000 42.31500 187.84900
11 4 21 16 06 49984.50000 16.88100000 1801.00000 211.60000 42.31500 187.98200
11 4 21 16 07 50023.30000 16.91500000 1802.90000 212.85000 42.31500 188.77200
11 4 21 16 07 50030.10000 16.91500000 1803.96000 212.68000 42.31500 188.77200
11 4 21 16 07 50039.30000 16.91500000 1803.83000 212.59000 42.31500 189.10500
