M=[
10 6 20 10 05 8579.20000 5.95000000 214.31000 40.38000 12.91600 47.45200
10 6 20 10 06 8578.20000 5.95000000 214.31000 40.38000 12.79700 47.47300
10 6 20 10 06 8580.00000 5.95000000 214.18000 40.35000 12.91600 47.47300
10 6 20 10 07 8579.90000 5.95000000 214.19000 40.35000 12.91600 47.47300
10 6 20 10 07 8580.00000 5.95000000 214.18000 40.34000 12.91600 47.47300
10 6 20 10 08 8580.00000 5.95000000 214.19000 40.34000 12.79700 47.47300
10 6 20 10 08 8580.00000 5.96700000 214.18000 40.34000 12.91600 47.47300
10 6 20 10 09 8580.00000 5.95000000 214.42000 40.34000 12.91600 47.47300
10 6 20 10 09 8579.90000 5.95000000 214.42000 40.34000 12.91600 47.47300
10 6 20 10 09 8580.00000 5.95000000 214.46000 40.34000 12.91600 47.47300
10 6 20 10 10 8580.00000 5.95000000 214.54000 40.34000 12.91600 47.45200
10 6 20 10 10 8579.90000 5.96700000 214.47000 40.34000 12.91600 47.47300
10 6 20 10 11 8580.00000 5.95000000 214.42000 40.35000 12.91600 47.47300
10 6 20 10 11 8580.00000 5.95000000 214.47000 40.35000 12.91600 47.47300
10 6 20 10 12 8580.00000 5.95000000 214.51000 40.35000 12.91600 47.47300
10 6 20 10 12 8580.00000 5.95000000 214.47000 40.35000 12.91600 47.47300
10 6 20 10 13 8579.90000 5.95000000 214.47000 40.35000 12.91600 47.47300
10 6 20 10 13 8580.00000 5.95000000 214.47000 40.35000 12.91600 47.47300
10 6 20 10 13 8580.00000 5.95000000 214.54000 40.35000 12.91600 47.47300
10 6 20 10 14 8580.00000 5.95000000 214.54000 40.35000 12.91600 47.47300
10 6 20 10 14 8585.50000 5.96900000 214.54000 40.35000 12.91600 47.47300
10 6 20 10 15 8590.00000 5.95000000 214.56000 40.35000 12.91600 47.47300
10 6 20 10 15 8590.00000 5.95000000 214.56000 40.35000 12.91600 47.47300
10 6 20 10 16 8595.00000 5.95000000 214.63000 40.35000 12.91600 47.47300
10 6 20 10 16 8594.90000 5.95000000 214.61000 40.40000 12.91600 47.47300
10 6 20 10 17 8595.00000 5.95000000 214.64000 40.40000 12.83900 47.47300
10 6 20 10 17 8595.00000 5.95000000 214.64000 40.35000 12.91600 47.47300
10 6 20 10 18 8595.00000 5.97100000 214.61000 40.38000 12.83900 47.47300
10 6 20 10 18 8594.90000 5.97100000 214.51000 40.40000 12.91600 47.47300
10 6 20 10 19 8595.00000 5.97100000 214.63000 40.38000 12.91600 47.47300
10 6 20 10 19 8597.60000 5.97100000 214.61000 40.36000 12.91600 47.47300
10 6 20 10 20 8597.60000 5.97100000 214.61000 40.36000 12.91600 47.47300
10 6 20 10 20 8597.60000 5.97100000 214.66000 40.36000 12.91600 47.47300
10 6 20 10 20 8597.60000 5.97100000 214.68000 40.36000 12.91600 47.47300
10 6 20 10 21 8597.60000 5.97100000 214.64000 40.36000 12.91600 47.47300
10 6 20 10 21 8597.80000 5.97100000 214.64000 40.36000 12.91600 47.47300
10 6 20 10 22 8597.70000 5.97100000 214.64000 40.36000 12.79700 47.47300
10 6 20 10 22 8597.80000 5.97100000 214.63000 40.36000 12.91600 47.47300
10 6 20 10 23 8597.70000 5.97100000 214.63000 40.36000 12.78700 47.47300
10 6 20 10 23 8597.80000 5.97100000 214.65000 40.36000 12.91600 47.47300
10 6 20 10 24 8598.00000 5.97100000 214.65000 40.36000 12.91600 47.47300
10 6 20 10 24 8598.00000 5.97100000 214.65000 40.36000 12.91600 47.50800
10 6 20 10 24 8597.80000 5.97100000 214.65000 40.36000 12.91600 47.50800
10 6 20 10 25 8597.90000 5.95000000 214.65000 40.36000 12.91600 47.50800
10 6 20 10 25 8597.90000 5.97100000 214.65000 40.36000 12.91600 47.50800
10 6 20 10 26 8597.50000 5.97100000 214.65000 40.36000 12.91600 47.50800
10 6 20 10 26 8595.10000 5.97300000 214.65000 40.35000 12.91600 47.50800
10 6 20 10 27 8595.00000 5.97300000 214.65000 40.36000 12.91600 47.50800
10 6 20 10 27 8596.70000 5.97300000 214.65000 40.36000 12.91600 47.50800
10 6 20 10 28 8594.50000 5.97100000 214.65000 40.36000 12.91600 47.50800
10 6 20 10 28 8595.00000 5.97300000 214.65000 40.36000 12.91600 47.50800
10 6 20 10 29 8594.30000 5.97300000 214.81000 40.36000 12.91600 47.50800
10 6 20 10 29 8594.40000 5.95000000 214.88000 40.38000 12.91600 47.47300
10 6 20 10 29 8594.30000 5.97300000 214.89000 40.38000 12.91600 47.50800
10 6 20 10 30 8594.40000 5.97300000 214.90000 40.42000 12.91600 47.50800
10 6 20 10 30 8594.20000 5.97300000 214.90000 40.42000 12.91600 47.50800
10 6 20 10 31 8592.60000 5.97300000 214.89000 40.42000 12.91600 47.50800
10 6 20 10 31 8594.20000 5.97100000 214.90000 40.42000 12.91600 47.50800
10 6 20 10 32 8600.00000 5.97300000 214.90000 40.40000 12.91600 47.50800
10 6 20 10 32 8597.80000 5.97300000 214.90000 40.40000 12.91600 47.50800
10 6 20 10 33 8594.20000 5.97300000 214.90000 40.40000 12.91600 47.47300
10 6 20 10 33 8601.70000 5.97300000 214.97000 40.40000 12.91600 47.50800
10 6 20 10 34 8601.80000 5.97300000 214.96000 40.40000 12.91600 47.50800
10 6 20 10 34 8598.80000 5.97300000 214.97000 40.40000 12.91600 47.50800
10 6 20 10 34 8605.90000 5.97100000 214.97000 40.40000 12.91600 47.50800
10 6 20 10 35 8606.30000 5.97300000 214.97000 40.40000 12.78700 47.50800
10 6 20 10 35 8604.80000 5.97300000 214.96000 40.40000 12.78700 47.50800
10 6 20 10 36 8601.40000 5.97300000 214.97000 40.40000 12.91600 47.50800
10 6 20 10 36 8603.20000 5.97300000 214.97000 40.45000 12.91600 47.50800
10 6 20 10 37 8601.20000 5.97300000 214.97000 40.45000 12.91600 47.50800
10 6 20 10 37 8601.30000 5.97300000 214.97000 40.45000 12.83900 47.50800
10 6 20 10 38 8601.30000 5.97300000 214.97000 40.45000 12.91600 47.50800
10 6 20 10 38 8599.30000 5.95000000 214.96000 40.45000 12.83900 47.50800
10 6 20 10 39 8601.30000 5.97300000 214.97000 40.45000 12.91600 47.50800
10 6 20 10 39 8601.30000 5.97300000 214.97000 40.46000 12.91600 47.47300
10 6 20 10 40 8601.30000 5.97300000 214.97000 40.46000 12.91600 47.50800
10 6 20 10 40 8601.30000 5.97300000 214.96000 40.46000 12.91600 47.50800
10 6 20 10 40 8601.20000 5.95000000 214.97000 40.46000 12.91600 47.50800
10 6 20 10 41 8600.50000 5.97300000 214.96000 40.46000 12.83900 47.50800
10 6 20 10 41 8601.30000 5.97300000 214.96000 40.46000 12.91600 47.24600
10 6 20 10 42 8601.30000 5.97300000 214.97000 40.46000 12.91600 47.50800
10 6 20 10 42 8600.10000 5.97300000 214.96000 40.46000 12.91600 47.50800
10 6 20 10 43 8595.10000 5.97300000 214.90000 40.46000 12.91600 47.50800
10 6 20 10 43 8595.00000 5.97300000 214.90000 40.45000 12.79700 47.50800
10 6 20 10 44 8591.80000 5.97300000 214.89000 40.45000 12.91600 47.50800
10 6 20 10 44 8595.10000 5.97300000 214.76000 40.46000 12.78700 47.50800
10 6 20 10 45 8590.20000 5.97300000 214.77000 40.46000 12.91600 47.50800
10 6 20 10 45 8588.60000 5.97300000 214.76000 40.42000 12.91600 47.50800
10 6 20 10 46 8588.70000 5.97300000 214.70000 40.42000 12.91600 47.50800
10 6 20 10 46 8588.70000 5.95000000 214.66000 40.42000 12.91600 47.50800
10 6 20 10 46 8588.60000 5.97300000 214.66000 40.42000 12.78700 47.50800
10 6 20 10 47 8588.70000 5.97300000 214.66000 40.42000 12.91600 47.50800
10 6 20 10 47 8588.70000 5.97300000 214.66000 40.47000 12.91600 47.50800
10 6 20 10 48 8588.60000 5.97300000 214.69000 40.42000 12.91600 47.50800
10 6 20 10 48 8588.60000 5.97300000 214.70000 40.42000 12.91600 47.50800
10 6 20 10 49 8588.70000 5.97300000 214.72000 40.42000 12.78700 47.50800
10 6 20 10 49 8588.60000 5.97300000 214.65000 40.42000 12.91600 47.50800
10 6 20 10 50 8588.70000 5.97300000 214.70000 40.42000 12.91600 47.50800
10 6 20 10 50 8588.60000 5.97400000 214.66000 40.42000 12.91600 47.50800
10 6 20 10 50 8588.70000 5.97400000 214.66000 40.42000 12.91600 47.50800
10 6 20 10 51 8588.60000 5.97400000 214.66000 40.42000 12.91600 47.46200
10 6 20 10 51 8588.70000 5.97400000 214.66000 40.42000 12.91600 47.46200
10 6 20 10 52 8588.60000 5.97400000 214.65000 40.45000 12.91600 47.46200
10 6 20 10 52 8588.70000 5.97300000 214.65000 40.37000 12.91600 47.24600
10 6 20 10 53 8588.70000 5.97300000 214.66000 40.37000 12.91600 47.46200
10 6 20 10 53 8588.70000 5.95000000 214.65000 40.37000 12.91600 47.46200
10 6 20 10 54 8588.70000 5.97400000 214.66000 40.37000 12.91600 47.46200
10 6 20 10 54 8588.70000 5.97300000 214.56000 40.37000 12.91600 47.46200
10 6 20 10 54 8588.60000 5.95900000 214.56000 40.43000 12.91600 47.46200
