M=[
 2 5 21 18 28 47382.60000 38.06100000 2449.89000 225.52000 34.29900 205.00000
 2 5 21 18 29 47377.30000 38.06100000 2452.00000 225.52000 34.29900 205.00000
 2 5 21 18 29 47377.20000 38.06100000 2451.54000 225.52000 34.29900 205.00000
 2 5 21 18 29 47361.10000 38.06100000 2451.99000 224.84000 34.29900 205.00000
 2 5 21 18 30 47361.00000 38.06100000 2452.00000 225.08000 34.29900 205.00000
 2 5 21 18 30 47361.00000 38.04200000 2453.76000 224.96000 34.29900 205.00000
 2 5 21 18 31 47317.40000 38.04200000 2453.76000 224.96000 34.29900 205.00000
 2 5 21 18 31 47328.50000 38.03100000 2453.77000 225.11000 34.29900 205.00000
 2 5 21 18 32 47339.80000 38.02400000 2453.77000 225.17000 34.29900 205.00000
 2 5 21 18 32 47327.10000 37.97000000 2452.50000 225.03000 34.29900 204.99600
 2 5 21 18 32 47312.50000 37.99600000 2453.77000 225.03000 34.29900 204.99600
 2 5 21 18 33 47315.10000 37.93900000 2453.77000 225.19000 34.29900 204.99600
 2 5 21 18 33 47325.90000 37.93900000 2453.77000 224.99000 34.29900 204.99600
 2 5 21 18 34 47326.40000 37.94900000 2453.77000 225.09000 34.29900 204.93400
 2 5 21 18 34 47317.80000 37.94900000 2453.76000 224.88000 34.29900 204.93400
 2 5 21 18 35 47317.80000 37.94900000 2455.05000 224.88000 34.29900 204.93400
 2 5 21 18 35 47317.20000 37.94900000 2453.81000 224.94000 34.29900 204.93400
 2 5 21 18 35 47310.10000 37.95000000 2455.04000 224.94000 34.29900 204.93400
 2 5 21 18 36 47280.70000 38.01700000 2456.49000 224.93000 34.29900 204.73300
 2 5 21 18 36 47287.10000 38.01700000 2456.24000 224.93000 34.29900 204.73300
 2 5 21 18 37 47298.80000 38.00000000 2456.25000 224.91000 34.29900 204.73300
 2 5 21 18 37 47292.60000 37.91400000 2454.66000 224.79000 34.29900 204.73300
 2 5 21 18 38 47294.60000 38.00000000 2454.83000 224.87000 34.29900 204.73300
 2 5 21 18 38 47300.40000 38.06200000 2456.35000 224.87000 34.29900 204.90000
 2 5 21 18 38 47290.80000 38.16400000 2456.36000 224.87000 34.29900 204.90000
 2 5 21 18 39 47297.00000 38.11800000 2456.37000 224.90000 34.29900 204.95900
 2 5 21 18 39 47297.00000 38.11800000 2455.31000 224.90000 34.29900 204.95900
 2 5 21 18 40 47291.90000 38.08200000 2456.36000 224.90000 34.29900 204.95700
 2 5 21 18 40 47284.30000 38.08200000 2455.41000 224.80000 34.29900 204.95900
 2 5 21 18 41 47293.80000 38.08200000 2455.81000 224.89000 34.29900 204.95900
 2 5 21 18 41 47290.70000 38.01300000 2455.56000 224.89000 34.29900 204.95900
 2 5 21 18 41 47291.10000 38.09100000 2455.55000 224.89000 34.29900 204.95900
 2 5 21 18 42 47300.20000 38.10400000 2456.63000 224.92000 34.29900 204.91400
 2 5 21 18 42 47292.90000 38.00700000 2456.22000 224.92000 34.29900 204.91400
 2 5 21 18 43 47295.70000 38.09500000 2456.31000 224.96000 34.29900 204.91400
 2 5 21 18 43 47292.30000 38.11500000 2456.31000 224.92000 34.29900 204.87400
 2 5 21 18 44 47290.10000 38.04300000 2456.31000 224.90000 34.29900 204.81600
 2 5 21 18 44 47302.70000 38.14700000 2456.83000 224.93000 34.29900 204.81600
 2 5 21 18 44 47305.70000 38.14700000 2456.70000 224.93000 34.29900 204.77900
 2 5 21 18 45 47310.00000 38.14700000 2456.98000 224.93000 34.29900 204.77900
 2 5 21 18 45 47300.10000 38.14700000 2456.99000 224.85000 34.29900 204.77900
 2 5 21 18 46 47291.40000 38.00200000 2456.99000 224.81000 34.29900 204.72200
 2 5 21 18 46 47292.60000 38.00200000 2457.00000 224.86000 34.29900 204.72200
 2 5 21 18 47 47300.20000 38.00200000 2456.99000 224.86000 34.29900 204.48400
 2 5 21 18 47 47300.80000 38.00200000 2457.00000 224.86000 34.29900 204.48400
 2 5 21 18 47 47292.70000 38.00200000 2456.99000 224.86000 34.29900 204.48400
 2 5 21 18 48 47290.80000 38.00200000 2457.00000 224.81000 34.29900 204.75100
 2 5 21 18 48 47287.70000 38.00200000 2456.99000 224.80000 34.29900 204.75100
 2 5 21 18 49 47287.80000 38.00200000 2457.00000 224.80000 34.29900 204.75100
 2 5 21 18 49 47291.10000 37.94800000 2457.00000 224.80000 34.29900 204.75100
 2 5 21 18 50 47295.90000 37.94800000 2456.99000 224.83000 34.29900 204.75100
 2 5 21 18 50 47303.00000 38.07400000 2457.00000 224.81000 34.29900 204.75200
 2 5 21 18 50 47317.50000 38.07400000 2460.00000 224.81000 34.29900 204.75200
 2 5 21 18 51 47349.80000 38.07400000 2465.26000 224.81000 34.29900 204.75200
 2 5 21 18 51 47350.00000 38.07400000 2468.19000 224.81000 34.29900 204.75200
 2 5 21 18 52 47349.90000 38.07400000 2468.19000 225.28000 34.29900 204.75200
 2 5 21 18 52 47349.90000 38.07400000 2467.05000 225.13000 34.29900 204.75200
 2 5 21 18 52 47350.00000 38.04100000 2469.88000 225.23000 34.29900 204.75200
 2 5 21 18 53 47350.00000 38.04100000 2470.01000 225.23000 34.29900 204.75200
 2 5 21 18 53 47349.90000 38.04100000 2470.01000 225.34000 34.29900 204.75200
 2 5 21 18 54 47341.30000 38.22000000 2470.01000 225.34000 34.29900 204.80000
 2 5 21 18 54 47341.30000 38.22000000 2469.19000 225.23000 34.29900 204.80000
 2 5 21 18 55 47350.00000 38.22000000 2467.69000 225.14000 34.29900 204.80000
 2 5 21 18 55 47349.90000 38.23400000 2469.24000 225.35000 34.29900 204.80000
 2 5 21 18 55 47339.90000 38.25000000 2470.27000 225.35000 34.29900 204.80000
 2 5 21 18 56 47339.90000 38.23400000 2467.64000 225.35000 34.29900 204.80000
 2 5 21 18 56 47338.00000 38.20000000 2470.05000 225.22000 34.29900 204.80000
 2 5 21 18 57 47338.00000 38.25000000 2470.72000 225.22000 34.29900 204.80000
 2 5 21 18 57 47338.00000 38.25000000 2471.39000 225.22000 34.29900 204.80000
 2 5 21 18 58 47338.10000 38.25000000 2471.40000 225.16000 34.29900 204.80000
 2 5 21 18 58 47338.10000 38.25000000 2471.34000 224.99000 34.29900 204.80000
 2 5 21 18 58 47338.00000 38.14200000 2471.35000 225.25000 34.29900 204.95900
 2 5 21 18 59 47338.10000 38.14200000 2470.79000 225.23000 34.29900 204.95900
 2 5 21 18 59 47338.10000 38.14200000 2470.68000 225.23000 34.29900 204.95900
 2 5 21 19 00 47339.80000 38.05500000 2472.00000 225.23000 34.29900 204.95900
 2 5 21 19 00 47339.80000 38.05500000 2472.14000 225.23000 34.29900 205.07800
 2 5 21 19 01 47349.80000 38.05500000 2468.18000 225.23000 34.29900 205.07800
 2 5 21 19 01 47350.00000 38.05200000 2470.75000 225.23000 34.29900 205.07800
 2 5 21 19 01 47339.40000 38.05200000 2469.74000 225.23000 34.29900 205.07800
 2 5 21 19 02 47339.50000 38.04200000 2468.99000 225.59000 34.29900 205.13200
 2 5 21 19 02 47338.10000 38.04200000 2468.99000 225.49000 34.29900 205.13200
 2 5 21 19 03 47338.00000 38.04200000 2468.69000 225.50000 34.29900 205.13200
 2 5 21 19 03 47299.80000 37.99300000 2468.83000 225.55000 34.29900 205.13200
 2 5 21 19 04 47279.30000 37.90400000 2464.90000 225.60000 34.29900 205.21400
 2 5 21 19 04 47260.60000 37.90400000 2465.00000 225.38000 34.29900 205.21400
 2 5 21 19 04 47267.80000 37.93400000 2466.17000 225.34000 34.29900 205.21400
 2 5 21 19 05 47267.80000 37.93400000 2466.10000 225.34000 34.29900 205.21400
 2 5 21 19 05 47261.80000 37.97800000 2466.96000 225.34000 34.29900 205.21400
 2 5 21 19 06 47253.90000 37.91500000 2467.16000 225.34000 34.29900 205.21400
 2 5 21 19 06 47253.80000 37.91500000 2467.15000 225.24000 34.29900 205.06900
 2 5 21 19 07 47256.70000 37.91500000 2467.17000 225.24000 34.29900 205.06900
 2 5 21 19 07 47251.30000 37.89200000 2467.17000 225.14000 34.29900 205.06900
 2 5 21 19 07 47258.10000 37.97900000 2467.90000 225.07000 34.29900 205.06900
 2 5 21 19 08 47258.30000 37.99900000 2467.40000 224.98000 34.29900 204.83300
 2 5 21 19 08 47260.00000 38.00000000 2469.14000 224.98000 34.29900 204.83300
 2 5 21 19 09 47262.50000 38.00000000 2469.83000 224.98000 34.29900 204.83300
 2 5 21 19 09 47269.70000 38.00000000 2470.00000 225.25000 34.29900 204.83300
 2 5 21 19 10 47269.60000 38.00100000 2470.25000 225.25000 34.29900 204.83300
 2 5 21 19 10 47276.60000 38.00000000 2473.22000 225.20000 34.29900 204.78300
 2 5 21 19 10 47262.30000 38.00000000 2473.57000 225.23000 34.29900 204.78300
 2 5 21 19 11 47261.50000 38.00000000 2473.58000 225.31000 34.29900 204.78300
 2 5 21 19 11 47274.90000 38.00000000 2474.99000 225.31000 34.29900 204.78300
