M=[
 9 4 21 20 36 49165.70000 15.89000000 1748.20000 188.73000 43.51800 163.45600
 9 4 21 20 36 49162.80000 15.89000000 1749.02000 188.73000 43.51800 163.45600
 9 4 21 20 37 49162.80000 15.89000000 1748.21000 188.70000 43.51800 163.55600
 9 4 21 20 37 49150.90000 15.89000000 1748.21000 188.70000 43.51800 163.55600
 9 4 21 20 38 49142.70000 15.89000000 1748.27000 188.52000 43.51800 163.55600
 9 4 21 20 38 49142.40000 15.89000000 1748.27000 188.58000 43.56400 163.55600
 9 4 21 20 38 49142.40000 15.89000000 1748.15000 188.58000 43.56400 162.77900
 9 4 21 20 39 49143.30000 15.89000000 1748.26000 188.76000 43.56400 162.77900
 9 4 21 20 39 49159.80000 15.89000000 1748.27000 188.76000 43.56400 162.77900
 9 4 21 20 40 49159.70000 15.89000000 1749.49000 188.85000 43.56400 162.89600
 9 4 21 20 40 49159.80000 15.89000000 1749.30000 188.85000 43.56400 162.89600
 9 4 21 20 41 49150.00000 15.89000000 1749.12000 188.85000 43.56400 162.89600
 9 4 21 20 41 49150.00000 15.89000000 1749.12000 188.85000 43.56400 162.89600
 9 4 21 20 41 49150.00000 15.89000000 1748.03000 188.61000 43.56400 162.89600
 9 4 21 20 42 49150.10000 15.89000000 1747.64000 188.61000 43.56400 162.89600
 9 4 21 20 42 49150.00000 15.89000000 1747.63000 188.64000 43.56400 162.89600
 9 4 21 20 43 49151.90000 15.89000000 1748.03000 188.64000 43.56400 162.89600
 9 4 21 20 43 49150.60000 15.89000000 1748.03000 188.64000 43.56400 163.02000
 9 4 21 20 44 49131.70000 15.91900000 1748.03000 188.64000 43.56400 163.02000
 9 4 21 20 44 49123.10000 15.91900000 1746.51000 188.64000 43.56500 163.02000
 9 4 21 20 44 49123.10000 15.91900000 1746.51000 188.64000 43.63000 162.63900
 9 4 21 20 45 49099.90000 15.91300000 1745.65000 188.30000 43.63000 162.63900
 9 4 21 20 45 49094.00000 15.91300000 1745.11000 188.30000 43.63000 162.63900
 9 4 21 20 46 49087.50000 15.91300000 1745.16000 188.12000 43.56400 162.63900
 9 4 21 20 46 49091.60000 15.91300000 1745.15000 188.12000 43.56400 162.63900
 9 4 21 20 47 49100.00000 15.91300000 1745.15000 188.12000 43.56400 162.63900
 9 4 21 20 47 49099.90000 15.91300000 1746.05000 188.12000 43.56400 162.63900
 9 4 21 20 47 49100.00000 15.91300000 1746.31000 188.12000 43.56400 162.63900
 9 4 21 20 48 49099.90000 15.89800000 1746.31000 188.12000 43.56400 162.63900
 9 4 21 20 48 49100.00000 15.89800000 1746.34000 188.25000 43.56400 162.63900
 9 4 21 20 49 49105.40000 15.89800000 1745.03000 188.25000 43.60900 162.63900
 9 4 21 20 49 49100.00000 15.89800000 1744.58000 188.25000 43.56400 162.63900
 9 4 21 20 50 49059.80000 15.89800000 1744.00000 188.05000 43.56400 162.63900
 9 4 21 20 50 49065.40000 15.89800000 1744.00000 188.01000 43.56400 162.51700
 9 4 21 20 50 49067.60000 15.89800000 1743.52000 188.01000 43.56400 162.51700
 9 4 21 20 51 49071.80000 15.89800000 1743.03000 188.01000 43.56400 162.51700
 9 4 21 20 51 49080.10000 15.89800000 1742.56000 187.89000 43.56400 162.51700
 9 4 21 20 52 49080.20000 15.89800000 1742.21000 187.89000 43.56400 162.51700
 9 4 21 20 52 49090.70000 15.89800000 1742.95000 187.96000 43.56400 162.51700
 9 4 21 20 53 49087.50000 15.89800000 1743.07000 187.96000 43.49300 162.51700
 9 4 21 20 53 49087.40000 15.89800000 1743.43000 187.85000 43.49300 162.51700
 9 4 21 20 53 49087.50000 15.89800000 1742.62000 187.85000 43.49300 162.51700
 9 4 21 20 54 49058.00000 15.89800000 1741.23000 187.80000 43.53300 162.51700
 9 4 21 20 54 49063.90000 15.89800000 1741.23000 187.80000 43.53300 162.51700
 9 4 21 20 55 49076.90000 15.89800000 1741.30000 187.79000 43.53300 162.51700
 9 4 21 20 55 49087.50000 15.89800000 1743.14000 187.79000 43.53300 162.51700
 9 4 21 20 56 49087.40000 15.89800000 1743.12000 187.79000 43.53300 162.84300
 9 4 21 20 56 49087.40000 15.89800000 1743.12000 187.79000 43.53300 162.84300
 9 4 21 20 56 49087.40000 15.89800000 1743.29000 187.79000 43.53300 162.84300
 9 4 21 20 57 49092.80000 15.89800000 1743.29000 187.91000 43.53300 162.84300
 9 4 21 20 57 49102.50000 15.89800000 1743.38000 187.90000 43.53300 162.84300
 9 4 21 20 58 49103.40000 15.89800000 1743.26000 187.94000 43.53300 162.84300
 9 4 21 20 58 49104.30000 15.89800000 1743.26000 187.94000 43.53300 162.84300
 9 4 21 20 59 49103.30000 15.89800000 1743.27000 187.93000 43.53300 162.49200
 9 4 21 20 59 49101.00000 15.89800000 1743.17000 187.93000 43.53300 162.49200
 9 4 21 20 59 49096.50000 15.89800000 1743.17000 188.05000 43.48400 162.49200
 9 4 21 21 00 49087.20000 15.89800000 1743.00000 188.05000 43.48400 162.57900
 9 4 21 21 00 49079.60000 15.91100000 1741.74000 188.05000 43.48400 162.47100
 9 4 21 21 01 49093.60000 15.91100000 1741.47000 188.05000 43.48400 162.41200
 9 4 21 21 01 49096.00000 15.91100000 1742.61000 188.05000 43.43200 162.41200
 9 4 21 21 02 49104.90000 15.91100000 1743.27000 187.99000 43.43200 162.41200
 9 4 21 21 02 49113.10000 15.91100000 1743.14000 188.00000 43.43200 162.41200
 9 4 21 21 02 49113.10000 15.91100000 1743.48000 187.99000 43.43200 162.41200
 9 4 21 21 03 49113.00000 15.91100000 1743.52000 187.99000 43.24300 162.41200
 9 4 21 21 03 49113.10000 15.91100000 1743.62000 187.99000 43.24300 162.41200
 9 4 21 21 04 49113.10000 15.91100000 1743.68000 187.88000 43.24300 162.41200
 9 4 21 21 04 49113.10000 15.91100000 1743.84000 188.00000 43.24300 162.41200
 9 4 21 21 05 49129.10000 15.91100000 1743.84000 188.00000 43.24300 162.41200
 9 4 21 21 05 49129.10000 15.91100000 1743.84000 187.95000 43.24300 162.92800
 9 4 21 21 05 49126.20000 15.91100000 1743.62000 187.95000 43.24300 162.92800
 9 4 21 21 06 49126.10000 15.91100000 1743.61000 187.97000 43.24300 162.75300
 9 4 21 21 06 49122.40000 15.91100000 1743.61000 187.90000 43.24300 162.75300
 9 4 21 21 07 49123.50000 15.96500000 1743.61000 187.90000 43.24300 162.75300
 9 4 21 21 07 49125.20000 15.96500000 1743.62000 187.92000 43.24300 162.75300
 9 4 21 21 08 49125.30000 15.96500000 1743.61000 187.99000 43.24300 162.75300
 9 4 21 21 08 49131.60000 15.93700000 1744.30000 187.91000 43.24300 162.75300
 9 4 21 21 08 49131.70000 15.93700000 1744.06000 187.91000 43.13300 162.75300
 9 4 21 21 09 49131.60000 15.96500000 1744.07000 187.98000 43.13300 162.75300
 9 4 21 21 09 49136.20000 16.00000000 1745.05000 187.93000 43.13300 162.75300
 9 4 21 21 10 49136.20000 16.01800000 1745.04000 187.93000 43.13300 162.75300
 9 4 21 21 10 49136.30000 16.05400000 1745.04000 188.00000 43.13300 162.75300
 9 4 21 21 11 49136.20000 16.05400000 1745.33000 188.00000 43.49300 162.75300
 9 4 21 21 11 49133.90000 16.05400000 1745.33000 188.02000 43.49300 162.43600
 9 4 21 21 11 49133.30000 16.05400000 1745.31000 188.02000 43.21000 162.43600
 9 4 21 21 12 49129.50000 16.05400000 1745.31000 187.95000 43.21000 162.43600
 9 4 21 21 12 49129.30000 16.05400000 1745.31000 187.94000 43.21000 162.43600
 9 4 21 21 13 49131.10000 16.05400000 1745.31000 187.94000 43.21000 162.43600
 9 4 21 21 13 49131.00000 16.05400000 1745.31000 187.94000 43.21000 162.43600
 9 4 21 21 14 49131.00000 16.05400000 1745.31000 187.88000 43.21000 162.43600
 9 4 21 21 14 49129.30000 16.05400000 1743.99000 187.88000 43.21000 162.43600
 9 4 21 21 14 49129.30000 16.05400000 1743.98000 187.88000 43.21000 162.43600
 9 4 21 21 15 49129.30000 16.05400000 1743.97000 187.88000 43.21000 162.43600
 9 4 21 21 15 49129.30000 16.05400000 1743.83000 187.81000 43.21000 162.43600
 9 4 21 21 16 49103.10000 16.05400000 1743.99000 187.74000 43.21000 162.23000
 9 4 21 21 16 49113.30000 16.05400000 1744.55000 187.83000 43.21000 162.23000
 9 4 21 21 17 49119.70000 16.05400000 1745.03000 187.83000 43.21000 162.23000
 9 4 21 21 17 49122.70000 16.05400000 1745.49000 187.89000 43.21000 162.19200
 9 4 21 21 17 49122.70000 16.05400000 1745.48000 187.89000 43.34200 162.19200
 9 4 21 21 18 49122.80000 16.05400000 1745.61000 187.89000 43.24800 162.19200
 9 4 21 21 18 49124.30000 16.05400000 1745.61000 187.89000 43.24800 162.19200
 9 4 21 21 19 49124.30000 16.05400000 1745.61000 187.89000 43.24800 162.19200
 9 4 21 21 19 49126.50000 16.05400000 1745.61000 187.89000 43.24800 162.19200
