M=[
16 9 20 18 10 9312.90000 5.22200000 309.63000 40.90000 13.92700 49.37000
16 9 20 18 11 9310.00000 5.22200000 309.51000 40.90000 13.92700 49.37000
16 9 20 18 11 9306.00000 5.22200000 309.28000 40.90000 13.92700 49.37000
16 9 20 18 12 9308.00000 5.22200000 309.27000 40.90000 13.92700 49.37000
16 9 20 18 12 9309.90000 5.22200000 309.36000 40.90000 13.92700 49.37000
16 9 20 18 13 9307.60000 5.21700000 309.69000 40.90000 13.92700 49.37000
16 9 20 18 13 9307.60000 5.21700000 309.76000 40.90000 13.92700 49.37000
16 9 20 18 14 9299.80000 5.21700000 309.40000 40.90000 13.92700 49.37000
16 9 20 18 14 9301.20000 5.21700000 309.98000 40.90000 13.92700 49.37000
16 9 20 18 14 9301.20000 5.21700000 309.91000 40.93000 13.92700 49.37000
16 9 20 18 15 9307.70000 5.21700000 309.85000 40.93000 13.92700 49.37000
16 9 20 18 15 9307.80000 5.21700000 309.95000 40.93000 13.92700 49.37000
16 9 20 18 16 9309.90000 5.21700000 309.95000 40.93000 13.98900 49.37000
16 9 20 18 16 9314.20000 5.21700000 309.94000 40.93000 13.98900 49.35000
16 9 20 18 17 9319.20000 5.21700000 310.11000 41.02000 13.98900 49.35000
16 9 20 18 17 9325.00000 5.21700000 310.22000 41.02000 13.98900 49.35000
16 9 20 18 18 9330.00000 5.21700000 310.01000 41.02000 13.98900 49.35000
16 9 20 18 18 9338.60000 5.21700000 310.30000 41.02000 13.98900 49.55200
16 9 20 18 19 9338.50000 5.21700000 310.55000 41.02000 13.98900 49.55200
16 9 20 18 19 9338.50000 5.21700000 310.00000 41.02000 13.98900 49.55200
16 9 20 18 19 9348.10000 5.21700000 310.01000 41.02000 13.98900 49.55200
16 9 20 18 20 9352.60000 5.21700000 310.86000 41.02000 13.98900 49.55200
16 9 20 18 20 9360.90000 5.21700000 311.51000 41.02000 13.98900 49.68500
16 9 20 18 21 9358.70000 5.21700000 311.51000 41.02000 13.98900 49.68500
16 9 20 18 21 9359.20000 5.21700000 311.52000 41.02000 13.88800 49.74400
16 9 20 18 22 9359.30000 5.21700000 311.52000 41.02000 13.88800 49.74400
16 9 20 18 22 9359.40000 5.21700000 311.50000 41.02000 13.88800 49.74400
16 9 20 18 23 9359.30000 5.20400000 311.50000 41.02000 13.88800 49.74400
16 9 20 18 23 9374.20000 5.20400000 311.88000 41.02000 13.91200 49.74400
16 9 20 18 24 9360.40000 5.20400000 311.50000 41.02000 13.91200 49.74400
16 9 20 18 24 9364.90000 5.20400000 311.38000 41.02000 13.91200 49.74400
16 9 20 18 24 9361.10000 5.20400000 311.20000 41.02000 13.91200 49.74400
16 9 20 18 25 9369.70000 5.20400000 311.61000 41.11000 13.91200 49.74400
16 9 20 18 25 9363.60000 5.20400000 311.61000 41.11000 13.91200 49.74400
16 9 20 18 26 9362.80000 5.20000000 311.42000 41.11000 13.91200 49.74400
16 9 20 18 26 9375.00000 5.23300000 312.01000 41.11000 13.91200 49.74400
16 9 20 18 27 9374.90000 5.23300000 312.01000 41.11000 13.91200 49.74400
16 9 20 18 27 9384.90000 5.23800000 312.01000 41.11000 13.91200 49.74400
16 9 20 18 28 9376.10000 5.23800000 311.68000 41.11000 13.91200 49.74400
16 9 20 18 28 9382.80000 5.22100000 311.55000 41.11000 13.91200 49.74400
16 9 20 18 28 9379.50000 5.22100000 311.83000 41.09000 13.85000 49.74400
16 9 20 18 29 9381.70000 5.19200000 311.78000 41.09000 14.00600 49.74400
16 9 20 18 29 9381.30000 5.19200000 311.78000 41.09000 14.00600 49.74400
16 9 20 18 30 9385.20000 5.21300000 311.78000 41.09000 13.83200 49.74400
16 9 20 18 30 9386.90000 5.21800000 312.00000 41.09000 13.83100 49.74400
16 9 20 18 31 9388.10000 5.22500000 312.31000 41.09000 13.83100 49.77700
16 9 20 18 31 9394.00000 5.22500000 312.31000 41.09000 13.83100 49.77700
16 9 20 18 32 9389.70000 5.22500000 311.76000 41.09000 13.83100 49.77700
16 9 20 18 32 9390.40000 5.22500000 311.77000 41.09000 13.83100 49.77700
16 9 20 18 32 9394.00000 5.22500000 311.77000 41.09000 13.83100 49.77700
16 9 20 18 33 9391.70000 5.22500000 311.68000 41.09000 13.83100 49.77700
16 9 20 18 33 9387.00000 5.22500000 311.69000 41.09000 13.83100 49.77700
16 9 20 18 34 9378.40000 5.22500000 311.34000 41.09000 13.83100 49.77700
16 9 20 18 34 9388.70000 5.22500000 311.40000 41.10000 13.83100 49.77700
16 9 20 18 35 9381.60000 5.22500000 311.72000 41.10000 13.83100 49.77700
16 9 20 18 35 9380.90000 5.22500000 311.81000 41.10000 13.83100 49.77700
16 9 20 18 35 9379.30000 5.19100000 311.66000 41.10000 13.83100 49.77700
16 9 20 18 36 9383.00000 5.19100000 311.78000 41.10000 13.83100 49.77700
16 9 20 18 36 9378.80000 5.19100000 311.78000 41.10000 13.83100 49.77700
16 9 20 18 37 9380.10000 5.19100000 311.71000 41.10000 13.83100 49.77700
16 9 20 18 37 9377.80000 5.19100000 311.49000 41.14000 13.83100 49.77700
16 9 20 18 38 9377.00000 5.19100000 311.78000 41.14000 13.83100 49.77700
16 9 20 18 38 9377.00000 5.19100000 311.87000 41.14000 13.83100 49.77700
16 9 20 18 38 9377.10000 5.19100000 311.86000 41.14000 13.83100 49.77700
16 9 20 18 39 9377.10000 5.19100000 311.86000 41.14000 13.83100 49.77700
16 9 20 18 39 9376.80000 5.19100000 311.86000 41.13000 13.80600 49.77700
16 9 20 18 40 9369.20000 5.19100000 311.86000 41.13000 13.80000 49.77700
16 9 20 18 40 9367.30000 5.19100000 311.60000 41.13000 13.80000 49.77700
16 9 20 18 41 9370.20000 5.19100000 311.60000 41.15000 13.80000 49.77700
16 9 20 18 41 9368.20000 5.19100000 311.60000 41.15000 13.80000 49.77700
16 9 20 18 42 9365.20000 5.19100000 311.60000 41.15000 13.80000 49.77700
16 9 20 18 42 9383.00000 5.19100000 313.32000 41.15000 13.80000 49.77700
16 9 20 18 42 9385.30000 5.19100000 313.31000 41.15000 13.80000 49.77700
16 9 20 18 43 9384.90000 5.19100000 313.04000 41.15000 13.80000 49.77700
16 9 20 18 43 9383.00000 5.19100000 313.22000 41.15000 13.80000 49.77700
16 9 20 18 44 9382.60000 5.19100000 312.46000 41.15000 13.91400 49.77700
16 9 20 18 44 9382.60000 5.19100000 312.43000 41.17000 13.91400 49.80500
16 9 20 18 45 9383.00000 5.19100000 312.69000 41.14000 13.91400 49.80500
16 9 20 18 45 9389.20000 5.19100000 312.92000 41.22000 13.91400 49.92000
16 9 20 18 45 9389.20000 5.19100000 312.92000 41.22000 13.91400 49.92000
16 9 20 18 46 9387.50000 5.19300000 312.89000 41.22000 13.91400 49.92000
16 9 20 18 46 9382.50000 5.19300000 312.89000 41.18000 13.83200 49.92000
16 9 20 18 47 9379.80000 5.19300000 312.82000 41.18000 13.83200 49.92000
16 9 20 18 47 9389.30000 5.19300000 313.04000 41.18000 13.83200 49.92000
16 9 20 18 48 9379.40000 5.19300000 313.04000 41.18000 13.83200 49.84800
16 9 20 18 48 9386.70000 5.19300000 312.54000 41.18000 13.83200 49.84800
16 9 20 18 49 9384.10000 5.19300000 312.30000 41.18000 13.83200 49.84800
16 9 20 18 49 9374.40000 5.19300000 312.00000 41.18000 13.83200 49.84800
16 9 20 18 49 9374.50000 5.19300000 312.00000 41.20000 13.83200 49.84800
16 9 20 18 50 9374.50000 5.19300000 311.96000 41.20000 13.83200 49.78700
16 9 20 18 50 9375.20000 5.19300000 311.96000 41.20000 13.83200 49.78700
16 9 20 18 51 9378.70000 5.19300000 312.02000 41.20000 13.83200 49.78700
16 9 20 18 51 9370.00000 5.19300000 312.03000 41.20000 13.83200 49.78700
16 9 20 18 52 9370.00000 5.19300000 311.89000 41.20000 13.83200 49.78700
16 9 20 18 52 9369.90000 5.19300000 312.11000 41.20000 13.83200 49.78700
16 9 20 18 52 9369.30000 5.19300000 311.87000 41.20000 13.83200 49.78700
16 9 20 18 53 9363.70000 5.19300000 311.89000 41.20000 13.83200 49.78700
16 9 20 18 53 9359.80000 5.25200000 311.40000 41.20000 13.83200 49.78700
16 9 20 18 54 9358.50000 5.17000000 311.34000 41.15000 13.83200 49.70000
16 9 20 18 54 9344.80000 5.17000000 311.34000 41.15000 13.83200 49.70000
16 9 20 18 55 9351.30000 5.17000000 311.40000 41.11000 13.83200 49.70000
16 9 20 18 55 9349.30000 5.23400000 311.30000 41.11000 13.83200 49.67100
16 9 20 18 56 9347.60000 5.23400000 311.26000 41.08000 13.83200 49.67100
16 9 20 18 56 9349.50000 5.23400000 311.16000 41.08000 13.83200 49.67100
16 9 20 18 57 9349.50000 5.23400000 311.15000 41.08000 13.83200 49.67100
16 9 20 18 57 9350.50000 5.23400000 311.32000 41.08000 13.83200 49.67100
16 9 20 18 57 9343.70000 5.23400000 311.27000 41.08000 13.83200 49.67100
16 9 20 18 58 9345.30000 5.23400000 311.24000 41.04000 13.80000 49.67100
16 9 20 18 58 9341.30000 5.23400000 311.06000 41.00000 13.80000 49.67100
