M=[
25 12 20 22 21 20064.20000 4.62900000 508.95000 100.64000 14.59100 51.92800
25 12 20 22 22 20064.20000 4.62900000 509.10000 100.31000 14.59100 51.92800
25 12 20 22 22 20053.60000 4.62900000 509.14000 100.33000 14.59100 51.92800
25 12 20 22 23 20048.10000 4.62900000 509.13000 100.33000 14.59100 51.92800
25 12 20 22 23 20048.00000 4.62900000 509.05000 100.36000 14.59100 51.92800
25 12 20 22 24 20035.90000 4.62900000 509.05000 100.36000 14.59100 51.92800
25 12 20 22 24 20036.00000 4.62900000 509.05000 100.35000 14.59100 51.92800
25 12 20 22 24 20035.90000 4.62900000 509.05000 100.52000 14.59100 51.92800
25 12 20 22 25 20044.40000 4.62900000 509.06000 100.57000 14.59100 51.92800
25 12 20 22 25 20044.00000 4.62900000 509.05000 100.52000 14.59100 51.92800
25 12 20 22 26 20043.70000 4.62900000 509.06000 100.58000 14.59100 52.00000
25 12 20 22 26 20040.30000 4.62900000 509.06000 100.65000 14.59100 52.00000
25 12 20 22 27 20040.10000 4.62900000 509.06000 100.65000 14.59100 52.00000
25 12 20 22 27 20036.90000 4.62900000 509.05000 100.70000 14.59100 52.00000
25 12 20 22 27 20041.50000 4.62900000 509.05000 100.70000 14.59100 52.00000
25 12 20 22 28 20041.90000 4.62900000 509.09000 100.59000 14.59100 52.00000
25 12 20 22 28 20080.00000 4.62900000 509.09000 100.71000 14.59100 52.00000
25 12 20 22 29 20080.00000 4.62900000 509.28000 100.76000 14.59100 52.00000
25 12 20 22 29 20080.00000 4.62900000 509.28000 100.76000 14.59100 52.09500
25 12 20 22 30 20079.90000 4.62900000 509.45000 100.76000 14.59100 52.09500
25 12 20 22 30 20080.00000 4.63700000 509.62000 100.86000 14.59100 52.09500
25 12 20 22 30 20080.00000 4.63700000 509.61000 100.87000 14.56700 52.09500
25 12 20 22 31 20058.90000 4.63700000 509.27000 100.76000 14.56700 52.09500
25 12 20 22 31 20063.60000 4.63700000 509.10000 100.76000 14.56700 52.09500
25 12 20 22 32 20080.00000 4.63700000 509.10000 100.90000 14.56700 52.09500
25 12 20 22 32 20079.90000 4.63300000 509.10000 100.71000 14.56700 52.09500
25 12 20 22 33 20079.90000 4.63300000 509.10000 100.71000 14.56700 52.09500
25 12 20 22 33 20080.00000 4.63300000 509.17000 100.77000 14.56700 52.09500
25 12 20 22 33 20079.90000 4.63300000 509.18000 100.75000 14.78900 52.09500
25 12 20 22 34 20066.80000 4.63300000 509.10000 100.81000 14.78900 52.09500
25 12 20 22 34 20073.50000 4.63300000 509.09000 100.71000 14.78900 52.09500
25 12 20 22 35 20074.70000 4.63300000 509.10000 100.90000 14.78900 52.09500
25 12 20 22 35 20072.60000 4.63300000 509.09000 100.84000 14.78900 52.09500
25 12 20 22 36 20072.60000 4.63300000 509.09000 100.91000 14.78900 52.09500
25 12 20 22 36 20059.80000 4.63300000 508.64000 100.78000 14.78900 52.09500
25 12 20 22 36 20065.30000 4.63300000 508.95000 100.85000 14.78900 52.09500
25 12 20 22 37 20065.20000 4.63300000 508.46000 100.81000 14.78900 52.09500
25 12 20 22 37 20071.40000 4.63300000 508.62000 100.72000 14.78900 52.02100
25 12 20 22 38 20072.50000 4.63300000 508.67000 100.88000 14.78900 52.07100
25 12 20 22 38 20110.00000 4.63300000 509.31000 101.15000 14.67900 52.07100
25 12 20 22 38 20125.00000 4.63300000 509.61000 101.18000 14.67900 52.07100
25 12 20 22 39 20135.00000 4.63300000 509.85000 101.55000 14.67900 52.07100
25 12 20 22 39 20126.00000 4.63300000 509.84000 101.28000 14.67900 52.07100
25 12 20 22 40 20141.90000 4.63300000 509.84000 101.45000 14.67900 52.07100
25 12 20 22 40 20124.90000 4.63300000 509.84000 101.10000 14.67900 52.07100
25 12 20 22 41 20125.30000 4.63300000 509.64000 101.30000 14.67900 52.07100
25 12 20 22 41 20125.30000 4.63300000 509.63000 101.43000 14.67900 52.07100
25 12 20 22 42 20125.20000 4.63300000 508.74000 101.15000 14.67900 52.15900
25 12 20 22 42 20125.30000 4.63300000 509.07000 101.20000 14.67900 52.15900
25 12 20 22 42 20125.30000 4.63300000 509.19000 101.45000 14.67900 52.15900
25 12 20 22 43 20140.00000 4.63300000 509.19000 101.65000 14.67900 52.15900
25 12 20 22 43 20145.50000 4.63300000 509.80000 101.48000 14.67900 52.10700
25 12 20 22 44 20158.00000 4.63300000 509.81000 101.60000 14.67900 52.10700
25 12 20 22 44 20150.10000 4.63300000 509.84000 101.64000 14.67900 52.10700
25 12 20 22 45 20133.50000 4.63300000 509.84000 101.59000 14.67900 52.10700
25 12 20 22 45 20121.40000 4.63300000 509.81000 101.59000 14.67900 52.10700
25 12 20 22 45 20138.80000 4.63300000 509.80000 101.47000 14.67900 52.10700
25 12 20 22 46 20139.90000 4.63300000 509.64000 101.45000 14.67900 52.10700
25 12 20 22 46 20131.50000 4.63300000 509.61000 101.43000 14.67900 52.10700
25 12 20 22 47 20136.90000 4.63300000 509.60000 101.47000 14.67900 52.10700
25 12 20 22 47 20137.00000 4.63300000 509.61000 101.47000 14.67900 52.10700
25 12 20 22 48 20125.60000 4.63300000 509.61000 101.44000 14.67900 52.10700
25 12 20 22 48 20136.20000 4.63300000 509.54000 101.44000 14.67900 52.10700
25 12 20 22 48 20137.00000 4.63300000 509.54000 101.49000 14.67900 52.10700
25 12 20 22 49 20133.70000 4.63300000 509.28000 101.48000 14.67900 52.10700
25 12 20 22 49 20128.50000 4.63300000 509.27000 101.48000 14.67900 52.10700
25 12 20 22 50 20104.10000 4.63300000 508.86000 101.34000 14.67900 52.10700
25 12 20 22 50 20114.70000 4.63300000 509.03000 101.20000 14.67900 52.10700
25 12 20 22 50 20130.30000 4.63300000 509.03000 101.20000 14.67900 52.10700
25 12 20 22 51 20111.60000 4.63300000 509.14000 101.15000 14.67900 51.99100
25 12 20 22 51 20105.60000 4.63300000 508.79000 101.22000 14.67900 51.99100
25 12 20 22 52 20118.80000 4.63300000 508.85000 101.07000 14.67900 51.99100
25 12 20 22 52 20094.00000 4.63300000 508.60000 100.85000 14.67900 51.99100
25 12 20 22 53 20089.90000 4.63300000 508.46000 100.95000 14.67900 51.99100
25 12 20 22 53 20097.80000 4.63300000 508.58000 101.17000 14.67900 51.99100
25 12 20 22 54 20105.60000 4.63300000 508.59000 101.01000 14.67900 51.99100
25 12 20 22 54 20106.70000 4.63300000 508.51000 101.15000 14.67900 51.99100
25 12 20 22 54 20106.60000 4.63300000 508.52000 101.07000 14.67900 51.99100
25 12 20 22 55 20120.50000 4.63300000 508.52000 101.15000 14.67900 52.09400
25 12 20 22 55 20131.30000 4.63300000 509.30000 101.27000 14.67900 52.09400
25 12 20 22 56 20133.70000 4.63300000 509.47000 101.31000 14.67900 52.09400
25 12 20 22 56 20133.70000 4.63300000 509.47000 101.33000 14.67900 52.09400
25 12 20 22 56 20133.70000 4.63300000 509.47000 101.27000 14.67900 52.09400
25 12 20 22 57 20133.70000 4.63300000 509.31000 101.26000 14.67900 52.09400
25 12 20 22 57 20134.40000 4.63300000 509.31000 101.28000 14.67900 52.06000
25 12 20 22 58 20123.80000 4.63300000 509.32000 101.23000 14.67900 52.17900
25 12 20 22 58 20122.80000 4.63300000 509.31000 101.26000 14.67900 52.17900
25 12 20 22 59 20124.80000 4.62900000 509.48000 101.27000 14.67900 52.17900
25 12 20 22 59 20124.80000 4.62900000 509.73000 101.38000 14.67900 52.17900
25 12 20 22 59 20124.80000 4.64800000 509.67000 101.38000 14.67900 52.17900
25 12 20 23 00 20129.80000 4.64800000 509.67000 101.38000 14.67900 52.17900
25 12 20 23 00 20129.50000 4.64800000 509.47000 101.46000 14.67900 52.17900
25 12 20 23 01 20130.30000 4.64800000 509.48000 101.52000 14.74600 52.17900
25 12 20 23 01 20117.90000 4.64800000 509.32000 101.48000 14.79300 52.17900
25 12 20 23 02 20118.00000 4.64800000 509.31000 101.57000 14.79300 52.17900
25 12 20 23 02 20135.60000 4.64800000 509.32000 101.57000 14.84700 52.17900
25 12 20 23 02 20140.00000 4.64800000 509.80000 101.67000 15.00000 52.17900
25 12 20 23 03 20159.90000 4.64800000 509.82000 101.90000 14.99800 52.17900
25 12 20 23 03 20164.90000 4.64800000 509.82000 101.99000 14.99800 52.17900
25 12 20 23 04 20148.30000 4.64800000 509.85000 102.37000 14.99800 52.17900
25 12 20 23 04 20172.20000 4.64800000 510.00000 102.32000 14.90400 52.17900
25 12 20 23 05 20180.00000 4.64800000 510.55000 102.34000 14.90400 52.17900
25 12 20 23 05 20191.50000 4.64800000 510.82000 102.33000 14.90700 52.17900
25 12 20 23 05 20200.00000 4.64800000 510.83000 102.38000 14.90700 52.17900
25 12 20 23 06 20238.80000 4.64000000 511.94000 102.59000 14.92200 52.17900
