M=[
 9 6 20 02 29 8591.70000 6.04400000 215.68000 40.84000 12.91900 46.37000
 9 6 20 02 30 8591.30000 6.03000000 215.67000 40.75000 12.91900 46.53000
 9 6 20 02 30 8588.10000 6.03000000 215.78000 40.75000 12.91900 46.53000
 9 6 20 02 31 8593.00000 6.03000000 215.70000 40.84000 12.91900 46.53000
 9 6 20 02 31 8592.90000 6.03000000 215.70000 40.88000 12.91900 46.53000
 9 6 20 02 31 8590.80000 6.03000000 215.69000 40.86000 12.91900 46.65000
 9 6 20 02 32 8589.30000 6.03000000 215.69000 40.86000 12.91900 46.53000
 9 6 20 02 32 8590.70000 6.03000000 215.62000 40.86000 12.91900 46.53000
 9 6 20 02 33 8589.50000 6.04400000 215.62000 40.86000 12.91900 46.53000
 9 6 20 02 33 8589.50000 6.03000000 215.63000 40.86000 12.91900 46.53000
 9 6 20 02 34 8589.50000 6.03000000 215.63000 40.86000 12.91900 46.53000
 9 6 20 02 34 8589.50000 6.03100000 215.59000 40.86000 12.94900 46.53000
 9 6 20 02 35 8589.50000 6.03100000 215.64000 40.86000 12.91900 46.53000
 9 6 20 02 35 8593.00000 6.03100000 215.62000 40.86000 12.91900 46.53000
 9 6 20 02 36 8593.10000 6.03100000 215.62000 40.86000 12.91900 46.53000
 9 6 20 02 36 8591.90000 6.03100000 215.62000 40.86000 12.94900 46.53000
 9 6 20 02 36 8591.90000 6.03100000 215.62000 40.86000 12.97000 46.53000
 9 6 20 02 37 8591.90000 6.03100000 215.62000 40.86000 12.91900 46.37000
 9 6 20 02 37 8591.90000 6.03100000 215.62000 40.84000 12.91900 46.53000
 9 6 20 02 38 8591.90000 6.03100000 215.66000 40.86000 12.91900 46.53000
 9 6 20 02 38 8591.90000 6.03000000 215.66000 40.86000 12.91900 46.53000
 9 6 20 02 39 8591.90000 6.03000000 215.66000 40.86000 12.94900 46.53000
 9 6 20 02 39 8591.90000 6.04400000 215.66000 40.86000 12.91900 46.53000
 9 6 20 02 40 8591.90000 6.03000000 215.66000 40.86000 12.91900 46.53000
 9 6 20 02 40 8591.90000 6.03000000 215.74000 40.86000 12.91900 46.53000
 9 6 20 02 41 8593.20000 6.04400000 215.74000 40.86000 12.91900 46.53000
 9 6 20 02 41 8591.90000 6.03000000 215.74000 40.86000 12.91900 46.53000
 9 6 20 02 42 8593.20000 6.03000000 215.74000 40.86000 12.91900 46.53000
 9 6 20 02 42 8591.90000 6.03000000 215.76000 40.86000 12.91900 46.53000
 9 6 20 02 42 8591.90000 6.03000000 215.70000 40.84000 12.91900 46.53000
 9 6 20 02 43 8591.90000 6.03000000 215.70000 40.88000 12.91900 46.53000
 9 6 20 02 43 8591.80000 6.03000000 215.76000 40.86000 12.91900 46.53000
 9 6 20 02 44 8591.90000 6.03000000 215.76000 40.86000 12.91900 46.53000
 9 6 20 02 44 8591.80000 6.03000000 215.76000 40.86000 12.91900 46.37200
 9 6 20 02 45 8591.80000 6.03000000 215.76000 40.86000 12.91900 46.37200
 9 6 20 02 45 8591.80000 6.03000000 215.76000 40.86000 12.91900 46.37200
 9 6 20 02 46 8591.20000 6.03000000 215.76000 40.86000 12.91900 46.37200
 9 6 20 02 46 8591.20000 6.03000000 215.76000 40.88000 12.91900 46.53000
 9 6 20 02 46 8591.10000 6.03000000 215.76000 40.86000 12.91900 46.37200
 9 6 20 02 47 8591.10000 6.03000000 215.76000 40.86000 12.91900 46.37200
 9 6 20 02 47 8591.20000 6.03000000 215.76000 40.86000 12.91900 46.53000
 9 6 20 02 48 8590.20000 6.03000000 215.77000 40.86000 12.91900 46.37200
 9 6 20 02 48 8581.60000 6.03000000 215.76000 40.86000 12.91900 46.53000
 9 6 20 02 49 8584.30000 6.03000000 215.76000 40.86000 12.91900 46.37200
 9 6 20 02 49 8583.10000 6.03000000 215.47000 40.86000 12.91900 46.37200
 9 6 20 02 50 8583.10000 6.03000000 215.47000 40.86000 12.94900 46.53000
 9 6 20 02 50 8584.70000 6.03000000 215.47000 40.86000 12.91900 46.37200
 9 6 20 02 51 8584.70000 6.03000000 215.47000 40.85000 12.91900 46.37200
 9 6 20 02 51 8584.30000 6.03000000 215.47000 40.85000 12.91900 46.37200
 9 6 20 02 51 8582.10000 6.03000000 215.47000 40.85000 12.91900 46.37200
 9 6 20 02 52 8582.90000 6.03000000 215.47000 40.85000 12.91900 46.37200
 9 6 20 02 52 8582.80000 6.03000000 215.47000 40.85000 12.91900 46.37200
 9 6 20 02 53 8582.80000 6.03000000 215.47000 40.85000 12.91900 46.37200
 9 6 20 02 53 8582.80000 6.03000000 215.29000 40.85000 12.91900 46.37200
 9 6 20 02 54 8582.80000 6.04400000 215.29000 40.85000 12.94900 46.37200
 9 6 20 02 54 8582.80000 6.03000000 215.28000 40.85000 12.94900 46.37200
 9 6 20 02 55 8578.90000 6.04400000 215.29000 40.85000 12.91900 46.37200
 9 6 20 02 55 8579.50000 6.03000000 215.38000 40.85000 12.91900 46.37200
 9 6 20 02 56 8579.70000 6.03000000 215.29000 40.81000 12.91900 46.37200
 9 6 20 02 56 8579.70000 6.03000000 215.30000 40.81000 12.91900 46.53000
 9 6 20 02 57 8581.50000 6.03000000 215.30000 40.81000 12.91900 46.37200
 9 6 20 02 57 8579.10000 6.03000000 215.30000 40.81000 12.91900 46.37200
 9 6 20 02 57 8578.50000 6.03000000 215.30000 40.81000 12.94900 46.37200
 9 6 20 02 58 8578.10000 6.03000000 215.30000 40.81000 12.91900 46.37200
 9 6 20 02 58 8578.10000 6.03000000 215.30000 40.81000 12.91900 46.37200
 9 6 20 02 59 8578.10000 6.03000000 215.51000 40.81000 12.91900 46.37200
 9 6 20 02 59 8582.30000 6.03000000 215.30000 40.81000 12.91900 46.37200
 9 6 20 03 00 8582.10000 6.03000000 215.48000 40.81000 12.91900 46.37200
 9 6 20 03 00 8581.60000 6.03000000 215.48000 40.81000 12.91900 46.37200
 9 6 20 03 01 8581.60000 6.03000000 215.30000 40.81000 12.91900 46.37200
 9 6 20 03 01 8581.60000 6.03000000 215.48000 40.81000 12.91900 46.53000
 9 6 20 03 02 8581.60000 6.03000000 215.48000 40.81000 12.91900 46.37200
 9 6 20 03 02 8572.10000 6.03000000 215.47000 40.81000 12.91900 46.37200
 9 6 20 03 02 8572.00000 6.03000000 215.47000 40.81000 12.91900 46.37200
 9 6 20 03 03 8578.10000 6.03000000 215.47000 40.81000 12.91900 46.37200
 9 6 20 03 03 8576.30000 6.04400000 215.47000 40.81000 12.91900 46.37200
 9 6 20 03 04 8575.50000 6.03000000 215.47000 40.81000 12.91900 46.53000
 9 6 20 03 04 8575.60000 6.04400000 215.47000 40.81000 12.91900 46.37200
 9 6 20 03 05 8572.80000 6.03000000 215.44000 40.81000 12.91900 46.37200
 9 6 20 03 05 8568.10000 6.03000000 215.46000 40.81000 12.91900 46.37200
 9 6 20 03 06 8568.10000 6.03000000 215.46000 40.81000 12.91900 46.37200
 9 6 20 03 06 8568.10000 6.03000000 215.44000 40.81000 12.91900 46.37200
 9 6 20 03 07 8568.10000 6.03000000 215.44000 40.81000 12.91900 46.37200
 9 6 20 03 07 8568.10000 6.03000000 215.46000 40.81000 12.94900 46.53000
 9 6 20 03 08 8566.40000 6.03000000 215.44000 40.81000 12.94900 46.37200
 9 6 20 03 08 8566.40000 6.03000000 215.36000 40.77000 12.91900 46.37200
 9 6 20 03 08 8566.40000 6.04400000 215.36000 40.77000 12.91900 46.37200
 9 6 20 03 09 8563.30000 6.03000000 215.16000 40.77000 12.94900 46.37200
 9 6 20 03 09 8563.30000 6.03000000 215.16000 40.77000 12.91900 46.37200
 9 6 20 03 10 8563.30000 6.03000000 215.16000 40.77000 12.91900 46.37200
 9 6 20 03 10 8563.30000 6.03000000 215.37000 40.77000 12.91900 46.37200
 9 6 20 03 11 8563.30000 6.03000000 215.16000 40.77000 12.91900 46.37200
 9 6 20 03 11 8563.20000 6.03000000 215.15000 40.77000 12.91900 46.37200
 9 6 20 03 12 8562.60000 6.03000000 215.15000 40.77000 12.94900 46.37200
 9 6 20 03 12 8563.20000 6.03000000 215.15000 40.77000 12.91900 46.37200
 9 6 20 03 13 8563.20000 6.03000000 215.15000 40.77000 12.91900 46.37200
 9 6 20 03 13 8563.30000 6.03000000 215.15000 40.77000 12.91900 46.37200
 9 6 20 03 13 8563.30000 6.03000000 215.10000 40.73000 12.91900 46.37200
 9 6 20 03 14 8563.30000 6.03000000 215.10000 40.73000 12.91900 46.37200
 9 6 20 03 14 8563.30000 6.03000000 215.10000 40.73000 12.91900 46.53000
 9 6 20 03 15 8563.20000 6.03000000 215.10000 40.73000 12.91900 46.37200
 9 6 20 03 15 8545.10000 6.03000000 214.98000 40.73000 12.91900 46.37200
 9 6 20 03 16 8552.80000 6.03000000 214.94000 40.73000 12.91900 46.37200
 9 6 20 03 16 8554.90000 6.03000000 214.95000 40.73000 12.91900 46.37200
 9 6 20 03 17 8556.20000 6.03000000 214.88000 40.76000 12.91900 46.37200
 9 6 20 03 17 8554.70000 6.03000000 214.95000 40.76000 12.91900 46.37200
 9 6 20 03 18 8554.70000 6.03000000 215.00000 40.76000 12.94900 46.37200
 9 6 20 03 18 8558.00000 6.03000000 215.00000 40.76000 12.91900 46.37200
 9 6 20 03 19 8559.60000 6.03000000 215.00000 40.76000 12.94900 46.53000
