M=[
 2 8 21 22 25 33244.70000 43.38000000 2219.99000 119.05000 22.77800 96.97200
 2 8 21 22 25 33263.30000 43.38000000 2219.99000 119.11000 22.77800 96.97200
 2 8 21 22 26 33247.10000 43.38000000 2218.93000 119.11000 22.77800 96.97200
 2 8 21 22 26 33230.10000 43.38000000 2216.40000 119.11000 22.77800 96.97200
 2 8 21 22 26 33253.00000 43.38000000 2217.61000 118.96000 22.77800 96.97200
 2 8 21 22 27 33253.00000 43.38000000 2216.60000 118.94000 22.77800 96.97200
 2 8 21 22 27 33253.00000 43.38000000 2217.38000 118.94000 22.77800 96.97200
 2 8 21 22 28 33252.90000 43.38000000 2216.21000 118.94000 22.77800 96.97200
 2 8 21 22 28 33241.30000 43.38000000 2217.94000 118.99000 22.77800 96.97200
 2 8 21 22 29 33242.40000 43.38000000 2217.94000 118.99000 22.77800 96.97200
 2 8 21 22 29 33242.40000 43.38000000 2217.01000 118.99000 22.77800 96.97200
 2 8 21 22 29 33230.00000 43.38000000 2216.80000 118.92000 22.77800 96.97200
 2 8 21 22 30 33205.90000 43.38000000 2216.80000 118.92000 22.77800 96.97200
 2 8 21 22 30 33248.10000 43.38000000 2216.80000 118.92000 22.77800 96.97200
 2 8 21 22 31 33252.90000 43.38000000 2217.00000 119.02000 22.77800 97.40800
 2 8 21 22 31 33273.00000 43.38000000 2218.00000 119.02000 22.77800 97.40800
 2 8 21 22 32 33277.70000 43.38000000 2218.00000 119.02000 22.77800 97.40800
 2 8 21 22 32 33267.00000 43.38000000 2217.80000 119.02000 22.77800 97.40800
 2 8 21 22 32 33267.00000 43.38000000 2217.26000 119.03000 22.77800 97.40800
 2 8 21 22 33 33261.40000 43.38000000 2217.26000 119.03000 22.77800 97.40800
 2 8 21 22 33 33269.20000 43.38000000 2216.88000 119.03000 22.77800 97.40800
 2 8 21 22 34 33265.50000 43.38000000 2216.87000 119.05000 22.77800 97.40800
 2 8 21 22 34 33261.30000 43.38000000 2215.01000 119.05000 22.77800 97.40800
 2 8 21 22 35 33234.10000 43.38000000 2214.07000 119.04000 22.77800 97.40800
 2 8 21 22 35 33234.10000 43.38000000 2215.75000 119.04000 22.77800 97.40800
 2 8 21 22 36 33234.10000 43.38000000 2214.58000 119.04000 22.77800 97.40800
 2 8 21 22 36 33234.40000 43.38000000 2214.65000 119.04000 22.77800 97.40800
 2 8 21 22 36 33234.40000 43.38000000 2213.94000 119.04000 22.77800 97.40800
 2 8 21 22 37 33211.70000 43.38000000 2213.00000 119.04000 22.77800 97.40800
 2 8 21 22 37 33209.50000 43.38000000 2213.00000 119.04000 22.77800 97.40800
 2 8 21 22 38 33213.70000 43.38000000 2213.62000 119.04000 22.77800 97.40800
 2 8 21 22 38 33205.90000 43.38000000 2213.73000 119.04000 22.77800 97.40800
 2 8 21 22 39 33204.60000 43.38000000 2213.73000 119.04000 22.77800 97.40800
 2 8 21 22 39 33204.30000 43.38000000 2212.01000 119.04000 22.87200 97.40800
 2 8 21 22 39 33198.40000 43.38000000 2212.41000 119.04000 22.87200 97.40800
 2 8 21 22 40 33181.10000 43.38000000 2211.75000 119.04000 22.87200 97.40800
 2 8 21 22 40 33181.80000 43.38000000 2211.75000 119.03000 22.87200 97.40800
 2 8 21 22 41 33202.10000 43.38000000 2211.75000 119.03000 22.87200 97.40800
 2 8 21 22 41 33202.50000 43.38000000 2211.75000 119.03000 22.87200 97.40800
 2 8 21 22 42 33244.60000 43.38000000 2211.75000 119.03000 22.87200 97.40800
 2 8 21 22 42 33232.40000 43.52000000 2211.91000 119.03000 22.87200 97.40800
 2 8 21 22 42 33221.70000 43.52000000 2211.25000 119.03000 22.87200 97.40800
 2 8 21 22 43 33214.30000 43.52000000 2211.25000 119.03000 22.87200 97.40800
 2 8 21 22 43 33198.30000 43.52000000 2210.55000 119.03000 22.87200 97.40800
 2 8 21 22 44 33198.40000 43.52000000 2210.65000 119.03000 22.87200 97.40800
 2 8 21 22 44 33198.40000 43.52000000 2210.65000 118.93000 22.87200 97.40800
 2 8 21 22 45 33198.40000 43.52000000 2210.65000 118.93000 22.87200 97.40800
 2 8 21 22 45 33178.20000 43.52000000 2209.51000 118.93000 22.87200 97.23700
 2 8 21 22 45 33181.00000 43.52000000 2209.51000 118.93000 22.87200 97.23700
 2 8 21 22 46 33181.00000 43.52000000 2209.51000 118.93000 22.87200 97.23700
 2 8 21 22 46 33194.10000 43.52000000 2210.79000 118.93000 22.87200 97.23700
 2 8 21 22 47 33188.80000 43.52000000 2211.08000 119.10000 22.87200 97.23700
 2 8 21 22 47 33199.00000 43.52000000 2211.09000 119.10000 22.87200 97.23700
 2 8 21 22 48 33222.90000 43.52000000 2212.36000 119.10000 22.87200 97.23700
 2 8 21 22 48 33202.00000 43.52000000 2212.36000 119.10000 22.87200 97.23700
 2 8 21 22 48 33212.80000 43.52000000 2210.85000 119.12000 22.87200 97.23700
 2 8 21 22 49 33202.00000 43.52000000 2210.00000 119.12000 22.87200 97.23700
 2 8 21 22 49 33202.00000 43.52000000 2209.99000 119.12000 22.87200 97.23700
 2 8 21 22 50 33202.00000 43.52000000 2210.00000 119.12000 22.87200 97.23700
 2 8 21 22 50 33202.00000 43.52000000 2210.00000 119.25000 22.87200 97.23700
 2 8 21 22 51 33212.80000 43.52000000 2212.56000 119.23000 22.87200 97.23700
 2 8 21 22 51 33233.60000 43.52000000 2212.56000 119.23000 22.87200 97.23700
 2 8 21 22 52 33241.00000 43.52000000 2212.55000 119.23000 22.87200 97.23700
 2 8 21 22 52 33205.20000 43.52000000 2212.32000 119.27000 22.87200 97.23700
 2 8 21 22 52 33205.10000 43.52000000 2211.26000 119.27000 22.87200 97.23700
 2 8 21 22 53 33204.90000 43.52000000 2211.26000 119.27000 22.87200 97.23700
 2 8 21 22 53 33207.30000 43.52000000 2211.26000 119.27000 22.87200 97.23700
 2 8 21 22 54 33198.80000 43.52000000 2211.26000 119.27000 22.87200 97.23700
 2 8 21 22 54 33185.30000 43.52000000 2211.26000 119.27000 22.87200 97.23700
 2 8 21 22 55 33180.30000 43.52000000 2211.26000 119.27000 22.87200 97.23700
 2 8 21 22 55 33182.80000 43.52000000 2211.26000 119.27000 22.87200 97.23700
 2 8 21 22 55 33182.80000 43.52000000 2211.26000 119.39000 22.87200 97.23700
 2 8 21 22 56 33228.50000 43.52000000 2215.06000 119.38000 22.87200 97.23700
 2 8 21 22 56 33228.50000 43.52000000 2215.20000 119.60000 22.87200 97.23700
 2 8 21 22 57 33242.40000 43.52000000 2215.20000 119.85000 22.87200 97.50400
 2 8 21 22 57 33242.40000 43.52000000 2215.20000 119.85000 22.87200 97.50400
 2 8 21 22 58 33237.30000 43.52000000 2213.99000 119.85000 22.87200 97.50400
 2 8 21 22 58 33233.40000 43.52000000 2214.32000 119.85000 22.87200 97.50400
 2 8 21 22 58 33217.40000 43.52000000 2214.32000 119.85000 22.87200 97.50400
 2 8 21 22 59 33219.10000 43.52000000 2214.10000 119.85000 22.87200 97.50400
 2 8 21 22 59 33211.00000 43.52000000 2214.11000 119.85000 22.87200 97.50400
 2 8 21 23 00 33213.70000 43.52000000 2212.14000 119.85000 22.87200 97.50400
 2 8 21 23 00 33233.50000 43.52000000 2212.14000 119.85000 22.87200 97.50400
 2 8 21 23 01 33233.60000 43.52000000 2214.93000 119.83000 22.87200 97.50400
 2 8 21 23 01 33226.80000 43.52000000 2214.93000 119.83000 22.87200 97.50400
 2 8 21 23 01 33244.30000 43.52000000 2214.93000 119.83000 22.87200 97.63300
 2 8 21 23 02 33242.70000 43.52000000 2219.12000 119.83000 22.87200 97.63200
 2 8 21 23 02 33222.50000 43.52000000 2216.92000 119.90000 22.87200 97.56800
 2 8 21 23 03 33239.80000 43.52000000 2219.50000 119.90000 22.87200 97.56800
 2 8 21 23 03 33243.50000 43.52000000 2219.05000 119.90000 22.87200 97.56800
 2 8 21 23 04 33244.60000 43.52000000 2219.05000 119.90000 22.87200 97.56800
 2 8 21 23 04 33258.80000 43.52000000 2219.70000 119.90000 22.87200 97.56800
 2 8 21 23 05 33258.80000 43.52000000 2219.71000 119.90000 22.87200 97.56800
 2 8 21 23 05 33273.70000 43.52000000 2219.30000 119.93000 22.87200 97.56800
 2 8 21 23 05 33273.70000 43.52000000 2220.94000 119.93000 22.87200 97.56800
 2 8 21 23 06 33271.60000 43.52000000 2220.94000 119.91000 22.87200 97.56800
 2 8 21 23 06 33275.90000 43.52000000 2220.99000 119.91000 22.86800 97.56800
 2 8 21 23 07 33277.30000 43.62600000 2221.31000 119.92000 22.86800 97.56800
 2 8 21 23 07 33281.30000 43.62600000 2221.63000 119.94000 22.86800 97.82800
 2 8 21 23 08 33288.30000 43.62600000 2221.99000 119.94000 22.86800 97.82800
 2 8 21 23 08 33288.30000 43.62600000 2220.05000 119.82000 22.86800 97.82800
 2 8 21 23 08 33288.30000 43.62600000 2220.22000 119.84000 22.86800 97.82800
 2 8 21 23 09 33288.30000 43.62600000 2219.82000 119.80000 22.86800 97.82800
