M=[
12 2 21 21 14 39360.80000 9.74900000 1526.99000 161.30000 24.84600 119.30200
12 2 21 21 15 39342.70000 9.75000000 1526.47000 160.99000 24.84700 119.30200
12 2 21 21 15 39375.80000 9.75000000 1526.95000 161.24000 24.84700 119.30200
12 2 21 21 16 39369.30000 9.75000000 1526.79000 161.29000 24.69300 119.30200
12 2 21 21 16 39363.50000 9.76500000 1527.18000 161.36000 24.84700 119.30200
12 2 21 21 17 39357.10000 9.76500000 1525.69000 161.05000 24.87100 119.30200
12 2 21 21 17 39373.60000 9.76500000 1525.68000 161.12000 24.96000 119.22100
12 2 21 21 17 39362.20000 9.76500000 1525.97000 160.77000 24.98000 119.22100
12 2 21 21 18 39363.50000 9.76500000 1525.97000 161.00000 24.98000 119.15800
12 2 21 21 18 39357.20000 9.76500000 1525.97000 161.23000 24.98500 119.15800
12 2 21 21 19 39365.30000 9.76500000 1525.96000 161.37000 24.98500 119.15800
12 2 21 21 19 39357.10000 9.76500000 1527.01000 161.58000 24.98500 119.15800
12 2 21 21 20 39367.60000 9.72600000 1526.97000 161.89000 24.81700 119.15800
12 2 21 21 20 39380.10000 9.72600000 1527.38000 162.20000 25.00000 119.15800
12 2 21 21 20 39380.10000 9.72600000 1526.80000 162.21000 25.00000 119.15800
12 2 21 21 21 39380.10000 9.73400000 1527.87000 162.35000 25.00000 119.15800
12 2 21 21 21 39380.00000 9.73400000 1527.63000 162.64000 25.00000 119.15800
12 2 21 21 22 39380.10000 9.73400000 1526.78000 162.40000 24.99900 119.15800
12 2 21 21 22 39360.20000 9.73400000 1527.87000 162.59000 25.00000 119.44700
12 2 21 21 23 39335.70000 9.73400000 1526.97000 162.63000 25.00000 119.42400
12 2 21 21 23 39336.70000 9.73400000 1527.64000 162.81000 25.00000 119.42400
12 2 21 21 23 39336.50000 9.73400000 1527.64000 162.89000 25.00000 119.32400
12 2 21 21 24 39347.90000 9.73400000 1527.58000 162.94000 24.99900 119.32400
12 2 21 21 24 39361.40000 9.73400000 1526.99000 163.00000 25.00000 119.32400
12 2 21 21 25 39352.80000 9.73400000 1526.97000 162.98000 25.00000 119.15300
12 2 21 21 25 39375.60000 9.73400000 1526.01000 162.90000 24.99900 119.15300
12 2 21 21 26 39375.60000 9.73400000 1525.83000 163.00000 24.99900 118.98300
12 2 21 21 26 39375.60000 9.73400000 1525.99000 163.00000 25.00000 118.98300
12 2 21 21 26 39380.00000 9.73400000 1525.42000 163.17000 24.90200 118.98300
12 2 21 21 27 39380.00000 9.76700000 1524.80000 163.20000 25.00000 118.98300
12 2 21 21 27 39380.00000 9.76700000 1524.80000 163.42000 25.00000 118.98300
12 2 21 21 28 39380.00000 9.75000000 1523.59000 163.27000 25.00000 118.98300
12 2 21 21 28 39380.00000 9.76800000 1523.26000 163.15000 25.00000 118.98300
12 2 21 21 29 39367.50000 9.76800000 1522.75000 162.58000 25.00000 118.98300
12 2 21 21 29 39377.00000 9.76600000 1522.42000 162.67000 25.00000 118.98300
12 2 21 21 29 39376.00000 9.76600000 1522.50000 162.63000 25.00000 118.98300
12 2 21 21 30 39424.60000 9.76600000 1524.83000 163.29000 25.00000 118.98300
12 2 21 21 30 39489.50000 9.76600000 1523.64000 163.40000 25.00000 119.07200
12 2 21 21 31 39488.20000 9.76600000 1523.90000 163.45000 25.00000 119.07200
12 2 21 21 31 39494.90000 9.76600000 1523.93000 163.37000 25.00000 119.07200
12 2 21 21 32 39486.30000 9.76600000 1523.59000 163.44000 25.00000 119.04300
12 2 21 21 32 39461.10000 9.70800000 1522.06000 162.85000 25.00000 119.04300
12 2 21 21 32 39452.00000 9.70000000 1522.00000 162.82000 25.00000 119.05400
12 2 21 21 33 39457.60000 9.75800000 1519.89000 162.65000 25.00000 119.05400
12 2 21 21 33 39462.10000 9.75800000 1520.00000 161.95000 25.00000 118.92600
12 2 21 21 34 39483.40000 9.75800000 1520.00000 162.20000 25.00000 118.77500
12 2 21 21 34 39471.90000 9.75800000 1521.22000 162.48000 25.00000 118.89100
12 2 21 21 35 39455.80000 9.75800000 1521.70000 162.51000 25.00000 118.89100
12 2 21 21 35 39445.10000 9.75800000 1521.59000 162.21000 25.00000 118.89100
12 2 21 21 35 39492.90000 9.75800000 1523.08000 162.43000 25.00000 118.89100
12 2 21 21 36 39499.20000 9.75700000 1523.00000 162.20000 25.00000 118.89100
12 2 21 21 36 39505.60000 9.75700000 1523.10000 162.32000 25.00000 118.89100
12 2 21 21 37 39515.90000 9.75700000 1523.59000 162.45000 25.00000 118.89100
12 2 21 21 37 39540.00000 9.75700000 1523.83000 162.45000 25.00000 118.89100
12 2 21 21 38 39540.00000 9.73100000 1523.40000 162.48000 25.00000 118.89100
12 2 21 21 38 39550.00000 9.73100000 1522.72000 162.53000 25.00000 118.76000
12 2 21 21 38 39555.00000 9.73100000 1522.92000 162.57000 25.00000 118.63200
12 2 21 21 39 39554.90000 9.73100000 1523.01000 162.47000 25.00000 118.82000
12 2 21 21 39 39555.00000 9.73100000 1523.33000 162.59000 25.00000 118.82000
12 2 21 21 40 39598.80000 9.73100000 1523.59000 162.70000 25.00000 118.82000
12 2 21 21 40 39658.40000 9.73100000 1525.25000 162.94000 25.00000 118.82000
12 2 21 21 41 39699.00000 9.75800000 1525.41000 163.04000 24.99900 118.71200
12 2 21 21 41 39699.30000 9.71800000 1524.15000 162.59000 24.99900 118.63200
12 2 21 21 41 39700.00000 9.72500000 1524.61000 162.59000 24.99900 118.63200
12 2 21 21 42 39700.80000 9.72500000 1525.26000 162.04000 24.99900 118.70800
12 2 21 21 42 39705.00000 9.72500000 1525.76000 162.14000 24.99900 118.70800
12 2 21 21 43 39629.50000 9.72500000 1525.25000 161.71000 24.99900 118.57400
12 2 21 21 43 39644.50000 9.75800000 1526.11000 161.01000 24.99900 118.57400
12 2 21 21 44 39625.20000 9.75800000 1525.57000 161.13000 24.99900 118.57400
12 2 21 21 44 39526.90000 9.75800000 1525.01000 161.26000 24.90100 118.57400
12 2 21 21 44 39471.80000 9.75800000 1525.41000 160.70000 24.90100 118.57400
12 2 21 21 45 39503.00000 9.75800000 1526.19000 161.02000 24.90000 118.95300
12 2 21 21 45 39534.90000 9.73500000 1526.22000 161.45000 24.90000 118.95300
12 2 21 21 46 39528.30000 9.73500000 1527.06000 161.37000 24.99900 119.00000
12 2 21 21 46 39527.40000 9.75800000 1526.79000 161.29000 24.99900 119.00000
12 2 21 21 47 39527.40000 9.75800000 1527.40000 161.52000 24.99900 119.00000
12 2 21 21 47 39540.40000 9.75800000 1527.40000 161.37000 24.99900 119.00600
12 2 21 21 47 39537.30000 9.75800000 1527.94000 161.37000 25.00000 119.00600
12 2 21 21 48 39538.40000 9.76400000 1527.82000 161.56000 25.00000 119.00600
12 2 21 21 48 39538.40000 9.76400000 1528.23000 161.51000 25.00000 119.00600
12 2 21 21 49 39525.60000 9.76400000 1528.81000 161.56000 25.12000 119.00600
12 2 21 21 49 39532.00000 9.76400000 1529.19000 161.50000 25.33800 119.00600
12 2 21 21 50 39529.30000 9.77000000 1529.23000 161.40000 25.33800 119.00600
12 2 21 21 50 39493.50000 9.77000000 1529.79000 161.47000 25.03900 119.00600
12 2 21 21 50 39504.70000 9.77000000 1530.07000 161.40000 25.34900 119.00600
12 2 21 21 51 39518.10000 9.77000000 1530.47000 161.42000 25.49900 119.17200
12 2 21 21 51 39503.10000 9.77000000 1530.58000 161.21000 25.49900 119.20500
12 2 21 21 52 39506.40000 9.77000000 1531.24000 161.27000 25.35200 119.20500
12 2 21 21 52 39483.10000 9.77000000 1530.10000 161.28000 25.42600 119.20500
12 2 21 21 53 39471.00000 9.76900000 1530.00000 160.93000 25.42600 119.20500
12 2 21 21 53 39438.50000 9.77000000 1526.72000 160.40000 25.42600 119.04200
12 2 21 21 53 39407.30000 9.77000000 1525.75000 160.18000 25.42600 118.78700
12 2 21 21 54 39402.00000 9.77000000 1526.82000 160.55000 25.35700 118.78700
12 2 21 21 54 39473.30000 9.77000000 1529.98000 160.93000 25.35600 118.78700
12 2 21 21 55 39513.60000 9.77000000 1531.10000 161.01000 25.35400 118.78700
12 2 21 21 55 39513.60000 9.77000000 1530.06000 160.72000 25.35400 118.78700
12 2 21 21 56 39511.60000 9.77000000 1530.68000 160.68000 25.35400 118.78700
12 2 21 21 56 39519.10000 9.77000000 1530.19000 160.71000 25.35400 118.78700
12 2 21 21 56 39522.00000 9.77400000 1529.74000 161.00000 25.35400 118.78700
12 2 21 21 57 39525.00000 9.77000000 1529.42000 161.22000 25.35400 118.78700
12 2 21 21 57 39490.10000 9.77000000 1529.01000 161.13000 25.35600 118.58800
12 2 21 21 58 39515.20000 9.77200000 1529.78000 161.00000 25.35600 118.58800
12 2 21 21 58 39508.40000 9.77200000 1527.90000 161.00000 25.35400 118.58800
