M=[
28 5 21 02 24 31427.50000 62.97600000 2240.90000 159.45000 25.44200 124.37400
28 5 21 02 24 31425.80000 62.97600000 2240.90000 159.45000 25.44200 124.37400
28 5 21 02 25 31425.80000 62.97600000 2239.09000 159.45000 25.44200 124.37400
28 5 21 02 25 31425.80000 62.97600000 2239.09000 159.45000 25.44200 124.37400
28 5 21 02 25 31425.80000 62.97600000 2238.21000 159.45000 25.44200 124.37400
28 5 21 02 26 31403.70000 62.97600000 2236.33000 159.45000 25.44200 124.37400
28 5 21 02 26 31417.10000 62.97600000 2236.33000 159.45000 25.44200 124.37400
28 5 21 02 27 31437.80000 62.97600000 2238.86000 159.45000 25.44200 124.37400
28 5 21 02 27 31444.40000 62.97600000 2238.86000 159.45000 25.44200 124.37400
28 5 21 02 28 31442.20000 62.97600000 2238.86000 159.45000 25.44200 124.37400
28 5 21 02 28 31430.60000 62.97600000 2240.30000 159.45000 25.44200 124.37400
28 5 21 02 28 31412.00000 62.74900000 2238.86000 159.08000 25.44200 124.37400
28 5 21 02 29 31412.00000 62.74900000 2238.74000 159.08000 25.44200 124.37400
28 5 21 02 29 31412.00000 62.74900000 2238.74000 159.08000 25.44200 124.37400
28 5 21 02 30 31414.60000 62.74900000 2238.74000 159.08000 25.44200 124.37400
28 5 21 02 30 31396.10000 62.74900000 2236.31000 158.77000 25.44200 124.37400
28 5 21 02 31 31379.30000 62.74900000 2235.78000 158.77000 25.44200 124.37400
28 5 21 02 31 31372.70000 62.74900000 2236.00000 158.77000 25.44200 124.37400
28 5 21 02 31 31363.60000 62.53600000 2235.22000 158.77000 25.44200 124.37400
28 5 21 02 32 31356.70000 62.53600000 2235.00000 158.66000 25.44200 124.37400
28 5 21 02 32 31358.30000 62.53600000 2235.00000 158.86000 25.44200 124.37400
28 5 21 02 33 31374.10000 62.53600000 2234.70000 158.86000 25.44200 124.37400
28 5 21 02 33 31356.50000 62.53600000 2234.70000 158.86000 25.44200 124.37400
28 5 21 02 34 31355.30000 62.53600000 2229.99000 158.86000 25.44200 124.37400
28 5 21 02 34 31350.80000 62.53600000 2230.10000 158.86000 25.44200 124.37400
28 5 21 02 34 31369.50000 62.53600000 2230.39000 158.85000 25.44200 124.37400
28 5 21 02 35 31363.90000 62.53600000 2233.00000 158.85000 25.44200 124.37400
28 5 21 02 35 31356.80000 62.53600000 2233.00000 158.85000 25.44200 124.37400
28 5 21 02 36 31364.40000 62.53600000 2232.52000 158.76000 25.44200 123.33800
28 5 21 02 36 31364.40000 62.53600000 2230.94000 158.47000 25.44200 123.33800
28 5 21 02 37 31311.00000 62.53600000 2231.54000 158.47000 25.44200 123.33800
28 5 21 02 37 31336.40000 62.53600000 2231.54000 158.67000 25.44200 123.33800
28 5 21 02 37 31366.20000 62.53600000 2234.82000 158.67000 25.44200 123.33800
28 5 21 02 38 31378.70000 62.53600000 2234.82000 159.15000 25.44200 123.33800
28 5 21 02 38 31362.00000 62.53600000 2235.91000 159.15000 25.44200 123.33800
28 5 21 02 39 31362.00000 62.53600000 2235.79000 159.15000 25.44200 123.33800
28 5 21 02 39 31362.00000 62.53600000 2235.79000 159.15000 25.44200 123.33800
28 5 21 02 40 31379.30000 62.53600000 2239.60000 159.15000 25.44200 123.33800
28 5 21 02 40 31421.90000 62.53600000 2240.52000 159.15000 25.44200 123.33800
28 5 21 02 40 31455.00000 62.53600000 2243.02000 159.86000 25.44200 123.33800
28 5 21 02 41 31501.70000 62.79200000 2244.82000 159.86000 25.44200 123.33800
28 5 21 02 41 31490.60000 62.79200000 2244.16000 159.86000 25.44200 123.33800
28 5 21 02 42 31467.50000 62.79200000 2241.76000 159.58000 25.44200 123.33800
28 5 21 02 42 31439.00000 62.79200000 2242.49000 159.59000 25.44200 123.33800
28 5 21 02 43 31472.90000 62.79200000 2245.76000 159.62000 25.44200 123.33800
28 5 21 02 43 31472.80000 62.79200000 2245.51000 159.86000 25.44200 124.51000
28 5 21 02 43 31454.10000 62.79200000 2242.57000 159.57000 25.44200 124.51000
28 5 21 02 44 31471.30000 62.79200000 2243.60000 159.70000 25.44200 124.51000
28 5 21 02 44 31471.30000 62.79200000 2243.57000 159.64000 25.44200 124.26000
28 5 21 02 45 31465.00000 62.79200000 2242.82000 159.64000 25.44200 124.26000
28 5 21 02 45 31446.50000 62.79200000 2241.00000 159.64000 25.44200 124.26000
28 5 21 02 46 31413.40000 62.79200000 2239.16000 159.08000 25.44200 124.26000
28 5 21 02 46 31386.20000 62.79200000 2239.16000 159.09000 25.44200 123.74500
28 5 21 02 46 31341.90000 62.79200000 2234.38000 159.09000 25.44200 123.74500
28 5 21 02 47 31341.90000 62.79200000 2235.86000 158.69000 25.44200 123.74500
28 5 21 02 47 31336.00000 62.79200000 2234.86000 158.69000 25.44200 123.74500
28 5 21 02 48 31351.70000 62.79200000 2236.22000 158.65000 25.44200 123.74500
28 5 21 02 48 31329.40000 62.79200000 2236.22000 158.65000 25.44200 123.82500
28 5 21 02 49 31332.40000 62.79200000 2235.76000 158.65000 25.44200 123.82500
28 5 21 02 49 31332.40000 62.79200000 2236.42000 158.65000 25.44200 123.82500
28 5 21 02 49 31341.70000 62.79200000 2236.42000 158.68000 25.44200 123.82500
28 5 21 02 50 31347.80000 62.79200000 2236.72000 158.68000 25.44200 123.82500
28 5 21 02 50 31343.00000 62.79200000 2236.72000 158.94000 25.44200 123.82500
28 5 21 02 51 31318.80000 62.79200000 2234.76000 158.94000 25.44200 123.82500
28 5 21 02 51 31304.00000 62.79200000 2232.24000 158.50000 25.44200 123.82500
28 5 21 02 52 31302.30000 62.79200000 2232.24000 158.44000 25.44200 123.82500
28 5 21 02 52 31300.40000 62.79200000 2232.24000 158.52000 25.44200 123.82500
28 5 21 02 52 31298.90000 62.79200000 2230.02000 158.35000 25.44200 123.82500
28 5 21 02 53 31336.60000 62.79200000 2230.33000 158.47000 25.44200 123.82500
28 5 21 02 53 31357.70000 62.79200000 2236.34000 159.07000 25.44200 123.82500
28 5 21 02 54 31392.50000 62.79200000 2236.34000 159.07000 25.44200 124.01000
28 5 21 02 54 31392.50000 62.79200000 2236.34000 159.07000 25.44200 124.01000
28 5 21 02 55 31352.50000 62.79200000 2234.84000 158.70000 25.44200 124.01000
28 5 21 02 55 31352.50000 62.79200000 2234.84000 158.89000 25.44200 124.01000
28 5 21 02 55 31415.20000 62.79200000 2234.84000 158.89000 25.44200 124.01000
28 5 21 02 56 31419.20000 62.79200000 2234.84000 159.05000 25.44200 124.01000
28 5 21 02 56 31410.70000 62.79200000 2240.10000 159.05000 25.44200 124.01000
28 5 21 02 57 31419.10000 62.79200000 2240.10000 158.97000 25.44200 124.01000
28 5 21 02 57 31448.40000 62.79200000 2243.17000 158.97000 25.44200 124.01000
28 5 21 02 58 31501.70000 62.79200000 2245.59000 159.74000 25.44200 124.33600
28 5 21 02 58 31501.70000 62.79200000 2246.89000 159.73000 25.44200 124.33600
28 5 21 02 58 31501.50000 62.79200000 2246.40000 159.73000 25.44200 124.33600
28 5 21 02 59 31481.10000 62.79200000 2243.45000 159.73000 25.44200 124.33600
28 5 21 02 59 31482.50000 62.79200000 2243.45000 159.69000 25.44200 124.33600
28 5 21 03 00 31456.60000 62.79200000 2245.19000 159.73000 25.44200 124.33600
28 5 21 03 00 31395.90000 62.79200000 2242.27000 159.73000 25.44200 124.33600
28 5 21 03 01 31382.20000 62.64100000 2238.87000 158.82000 25.36200 124.33600
28 5 21 03 01 31383.60000 62.52300000 2237.10000 158.92000 25.36200 124.33600
28 5 21 03 01 31355.50000 62.52300000 2237.10000 158.92000 25.36200 124.33600
28 5 21 03 02 31370.30000 62.52300000 2237.01000 158.91000 25.36200 124.33600
28 5 21 03 02 31334.50000 62.52300000 2234.91000 158.91000 25.36200 124.33600
28 5 21 03 03 31361.10000 62.52300000 2235.24000 158.72000 25.36200 124.33600
28 5 21 03 03 31355.80000 62.52300000 2235.24000 158.72000 25.36200 124.33600
28 5 21 03 04 31335.50000 62.52300000 2238.06000 158.82000 25.36200 124.33600
28 5 21 03 04 31382.20000 62.52300000 2241.33000 159.00000 25.36200 124.33600
28 5 21 03 04 31397.00000 62.52300000 2243.01000 158.92000 25.36200 124.33600
28 5 21 03 05 31355.20000 62.52300000 2243.01000 158.85000 25.36200 124.33600
28 5 21 03 05 31356.30000 62.52300000 2238.90000 158.85000 25.36200 124.33600
28 5 21 03 06 31366.70000 62.52300000 2238.90000 158.85000 25.36200 124.33600
28 5 21 03 06 31345.60000 62.52300000 2238.90000 158.85000 25.36200 124.33600
28 5 21 03 07 31350.00000 62.52300000 2243.40000 158.89000 25.36200 124.33600
28 5 21 03 07 31382.60000 62.52300000 2243.40000 158.89000 25.36200 124.33600
