M=[
 3 10 20 16 15 9009.50000 4.80900000 296.80000 39.09000 12.05800 53.18900
 3 10 20 16 15 9009.40000 4.80900000 296.77000 39.09000 12.05800 53.18900
 3 10 20 16 16 9009.50000 4.80900000 296.82000 39.09000 12.05800 53.18900
 3 10 20 16 16 9009.50000 4.80900000 296.82000 39.09000 12.05800 53.18900
 3 10 20 16 16 9009.50000 4.80900000 296.82000 39.09000 12.05800 53.18900
 3 10 20 16 17 9009.50000 4.80900000 296.82000 39.11000 12.05800 53.18900
 3 10 20 16 17 9009.50000 4.80900000 296.82000 39.11000 12.05800 53.18900
 3 10 20 16 18 9012.40000 4.80900000 296.72000 39.11000 12.05800 53.18900
 3 10 20 16 18 9012.30000 4.80900000 296.60000 39.11000 12.05800 53.18900
 3 10 20 16 19 9013.50000 4.80900000 296.72000 39.11000 12.05800 53.18900
 3 10 20 16 19 9014.10000 4.80900000 296.72000 39.11000 12.05800 53.18900
 3 10 20 16 19 9014.10000 4.80900000 296.72000 39.11000 12.05800 53.18900
 3 10 20 16 20 9014.10000 4.80900000 296.72000 39.11000 12.05800 53.18900
 3 10 20 16 20 9014.20000 4.80900000 296.81000 39.11000 12.05800 53.18900
 3 10 20 16 21 9014.20000 4.80900000 296.82000 39.11000 12.05800 53.18900
 3 10 20 16 21 9014.20000 4.80900000 296.82000 39.11000 12.05800 53.18900
 3 10 20 16 22 9014.20000 4.80900000 296.82000 39.11000 12.05800 53.18900
 3 10 20 16 22 9014.20000 4.80900000 296.82000 39.11000 12.05800 53.18900
 3 10 20 16 22 9014.20000 4.80900000 296.91000 39.11000 12.05800 53.18900
 3 10 20 16 23 9014.20000 4.80900000 296.91000 39.11000 12.05800 53.18900
 3 10 20 16 23 9014.20000 4.80900000 296.91000 39.11000 12.05800 53.18900
 3 10 20 16 24 9014.20000 4.80900000 296.96000 39.11000 12.05800 53.39600
 3 10 20 16 24 9014.20000 4.80900000 296.97000 39.14000 12.05800 53.39600
 3 10 20 16 25 9014.10000 4.80900000 296.97000 39.14000 12.05800 53.39600
 3 10 20 16 25 9014.10000 4.80900000 296.97000 39.14000 12.06400 53.39600
 3 10 20 16 25 9014.10000 4.80900000 296.97000 39.14000 12.06400 53.39600
 3 10 20 16 26 9014.10000 4.80900000 296.89000 39.14000 12.06400 53.39600
 3 10 20 16 26 9014.20000 4.80900000 296.89000 39.14000 12.06400 53.39600
 3 10 20 16 27 9014.20000 4.80900000 296.89000 39.14000 12.06400 53.39600
 3 10 20 16 27 9014.10000 4.80900000 296.81000 39.14000 12.06400 53.47000
 3 10 20 16 28 9014.10000 4.80900000 296.92000 39.14000 12.06400 53.47000
 3 10 20 16 28 9014.20000 4.80900000 296.92000 39.14000 12.06400 53.47000
 3 10 20 16 28 9014.50000 4.80900000 296.95000 39.14000 12.06400 53.47000
 3 10 20 16 29 9014.50000 4.80900000 296.92000 39.14000 12.06400 53.47000
 3 10 20 16 29 9014.50000 4.80900000 296.92000 39.14000 12.06400 53.47000
 3 10 20 16 30 9014.60000 4.80900000 296.92000 39.14000 12.06400 53.47000
 3 10 20 16 30 9014.60000 4.80900000 296.92000 39.14000 12.06400 53.47000
 3 10 20 16 31 9014.60000 4.80900000 296.98000 39.14000 12.06400 53.47000
 3 10 20 16 31 9014.60000 4.80900000 296.98000 39.14000 12.06400 53.47000
 3 10 20 16 31 9014.60000 4.80900000 296.98000 39.14000 12.06400 53.47000
 3 10 20 16 32 9014.60000 4.80900000 296.98000 39.14000 12.06400 53.47000
 3 10 20 16 32 9014.60000 4.80900000 296.98000 39.14000 12.06400 53.47000
 3 10 20 16 33 9014.60000 4.80900000 296.98000 39.14000 12.06400 53.47000
 3 10 20 16 33 9014.50000 4.80900000 296.98000 39.14000 12.06400 53.47000
 3 10 20 16 34 9014.50000 4.80900000 296.98000 39.14000 12.06400 53.47000
 3 10 20 16 34 9014.60000 4.80900000 296.98000 39.14000 12.06400 53.47000
 3 10 20 16 34 9014.60000 4.80900000 296.98000 39.14000 12.06400 53.47000
 3 10 20 16 35 9014.50000 4.80900000 296.98000 39.14000 12.13200 53.47000
 3 10 20 16 35 9014.60000 4.80900000 296.98000 39.14000 12.13200 53.47000
 3 10 20 16 36 9014.60000 4.80900000 296.90000 39.14000 12.13200 53.47000
 3 10 20 16 36 9014.60000 4.80900000 296.80000 39.14000 12.13200 53.47000
 3 10 20 16 37 9014.50000 4.80900000 296.80000 39.14000 12.13200 53.47000
 3 10 20 16 37 9014.60000 4.80900000 296.80000 39.14000 12.13200 53.47000
 3 10 20 16 37 9014.60000 4.80900000 296.91000 39.14000 12.13200 53.47000
 3 10 20 16 38 9014.60000 4.80900000 296.83000 39.14000 12.13200 53.47000
 3 10 20 16 38 9014.60000 4.80900000 296.83000 39.14000 12.13200 53.47000
 3 10 20 16 39 9014.60000 4.80900000 296.66000 39.14000 12.13200 53.47000
 3 10 20 16 39 9014.60000 4.80900000 296.66000 39.14000 12.13200 53.47000
 3 10 20 16 40 9014.60000 4.80900000 296.66000 39.14000 12.13200 53.47000
 3 10 20 16 40 9014.60000 4.80900000 296.82000 39.14000 12.13200 53.47000
 3 10 20 16 40 9014.60000 4.80900000 296.82000 39.14000 12.13200 53.47000
 3 10 20 16 41 9014.50000 4.80900000 296.82000 39.14000 12.13200 53.47000
 3 10 20 16 41 9014.50000 4.80900000 296.82000 39.14000 12.13200 53.47000
 3 10 20 16 42 9014.60000 4.80900000 296.82000 39.14000 12.13200 53.47000
 3 10 20 16 42 9014.60000 4.80900000 296.82000 39.14000 12.13200 53.47000
 3 10 20 16 43 9014.60000 4.80900000 296.77000 39.14000 12.13200 53.47000
 3 10 20 16 43 9014.60000 4.80900000 296.74000 39.14000 12.13200 53.47000
 3 10 20 16 43 9014.60000 4.80900000 296.74000 39.14000 12.13200 53.47000
 3 10 20 16 44 9014.60000 4.80900000 296.96000 39.14000 12.13200 53.47000
 3 10 20 16 44 9014.60000 4.80900000 296.82000 39.14000 12.15300 53.47000
 3 10 20 16 45 9014.60000 4.80900000 296.82000 39.14000 12.15300 53.47000
 3 10 20 16 45 9014.60000 4.80900000 296.82000 39.14000 12.15300 53.47000
 3 10 20 16 46 9014.60000 4.80900000 296.82000 39.14000 12.15300 53.47000
 3 10 20 16 46 9014.60000 4.80900000 296.65000 39.14000 12.15300 53.47000
 3 10 20 16 46 9014.60000 4.80900000 296.74000 39.14000 12.15300 53.47000
 3 10 20 16 47 9014.60000 4.80900000 296.66000 39.14000 12.15300 53.47000
 3 10 20 16 47 9014.60000 4.80900000 296.66000 39.14000 12.15300 53.47000
 3 10 20 16 48 9014.60000 4.80900000 296.71000 39.14000 12.12300 53.29600
 3 10 20 16 48 9015.50000 4.80900000 296.71000 39.14000 12.12300 53.29600
 3 10 20 16 49 9017.00000 4.80900000 296.82000 39.14000 12.12300 53.29600
 3 10 20 16 49 9017.00000 4.80900000 296.82000 39.14000 12.12300 53.29600
 3 10 20 16 49 9017.00000 4.80900000 296.97000 39.14000 12.12300 53.29600
 3 10 20 16 50 9021.30000 4.80900000 297.24000 39.14000 12.12300 53.29600
 3 10 20 16 50 9023.40000 4.80900000 297.24000 39.11000 12.12300 53.29600
 3 10 20 16 51 9023.40000 4.80900000 297.24000 39.10000 12.12300 53.29600
 3 10 20 16 51 9023.40000 4.80900000 297.24000 39.10000 12.12300 53.29600
 3 10 20 16 52 9023.40000 4.80900000 297.44000 39.10000 12.12300 53.29600
 3 10 20 16 52 9023.40000 4.80900000 297.46000 39.10000 12.12300 53.29600
 3 10 20 16 52 9023.40000 4.80900000 297.47000 39.10000 12.12300 53.29600
 3 10 20 16 53 9023.40000 4.80900000 297.47000 39.10000 12.12300 53.29600
 3 10 20 16 53 9026.60000 4.80900000 297.51000 39.10000 12.12300 53.29600
 3 10 20 16 54 9048.20000 4.80900000 297.83000 39.19000 12.12300 53.56900
 3 10 20 16 54 9046.50000 4.80900000 297.77000 39.23000 12.12300 53.56900
 3 10 20 16 55 9046.50000 4.80900000 297.64000 39.23000 12.12300 53.56900
 3 10 20 16 55 9046.50000 4.80900000 297.38000 39.23000 12.12300 53.56900
 3 10 20 16 56 9048.00000 4.80900000 297.22000 39.23000 12.12300 53.56900
 3 10 20 16 56 9040.80000 4.80900000 297.22000 39.23000 12.12300 53.57200
 3 10 20 16 56 9038.80000 4.80900000 297.22000 39.23000 12.12300 53.57200
 3 10 20 16 57 9039.30000 4.80900000 297.22000 39.23000 12.12300 53.57200
 3 10 20 16 57 9039.90000 4.80900000 297.33000 39.23000 12.12300 53.57200
 3 10 20 16 58 9039.50000 4.80900000 297.14000 39.23000 12.12300 53.57200
 3 10 20 16 58 9035.60000 4.80900000 297.02000 39.23000 12.12300 53.57200
 3 10 20 16 59 9034.20000 4.80900000 297.05000 39.23000 12.12300 53.57200
 3 10 20 16 59 9043.40000 4.80900000 297.21000 39.17000 12.12300 53.57200
 3 10 20 16 59 9048.30000 4.80900000 297.48000 39.21000 12.12300 53.57200
 3 10 20 17 00 9044.20000 4.80900000 297.44000 39.21000 12.12300 53.57200
 3 10 20 17 00 9044.30000 4.80900000 297.44000 39.21000 12.12300 53.57200
 3 10 20 17 01 9040.40000 4.80900000 297.35000 39.21000 12.12300 53.57200
