M=[
 2 1 21 22 49 25955.00000 4.62300000 622.67000 110.53000 13.58100 46.24000
 2 1 21 22 49 25955.00000 4.62300000 623.26000 110.52000 13.58100 46.26000
 2 1 21 22 50 25955.00000 4.62300000 623.01000 110.46000 13.58100 46.26000
 2 1 21 22 50 25968.50000 4.62300000 622.03000 109.97000 13.58100 46.26000
 2 1 21 22 50 25955.30000 4.62300000 622.29000 109.72000 13.58100 46.26000
 2 1 21 22 51 25950.10000 4.62300000 622.37000 109.83000 13.58100 46.26000
 2 1 21 22 51 25955.10000 4.62300000 622.51000 109.96000 13.58100 46.26000
 2 1 21 22 52 25911.20000 4.62300000 622.54000 109.96000 13.58100 46.35000
 2 1 21 22 52 25931.20000 4.62300000 622.00000 110.21000 13.58100 46.35000
 2 1 21 22 53 25918.40000 4.62300000 622.00000 110.02000 13.58100 46.35000
 2 1 21 22 53 25899.90000 4.62300000 621.67000 110.01000 13.58100 46.35000
 2 1 21 22 53 25823.30000 4.62300000 620.99000 110.04000 13.58100 46.35000
 2 1 21 22 54 25873.70000 4.62300000 621.49000 110.04000 13.58100 46.20000
 2 1 21 22 54 25920.80000 4.62300000 621.64000 110.03000 13.58100 46.24000
 2 1 21 22 55 25914.30000 4.62300000 621.70000 109.99000 13.58100 46.24000
 2 1 21 22 55 25916.70000 4.62300000 621.48000 110.00000 13.58100 46.24000
 2 1 21 22 56 25906.90000 4.62300000 621.49000 109.95000 13.58100 46.38700
 2 1 21 22 56 25916.50000 4.62300000 621.49000 109.99000 13.58100 46.38700
 2 1 21 22 56 25949.30000 4.62300000 621.48000 109.98000 13.58100 46.38700
 2 1 21 22 57 25971.70000 4.62300000 621.48000 109.97000 13.58100 46.38700
 2 1 21 22 57 25969.70000 4.62300000 621.48000 109.97000 13.58100 46.38700
 2 1 21 22 58 25944.00000 4.62300000 621.13000 109.91000 13.58100 46.38700
 2 1 21 22 58 25944.00000 4.62300000 621.37000 109.91000 13.58100 46.29000
 2 1 21 22 59 25929.90000 4.62300000 621.49000 109.92000 13.58100 46.28900
 2 1 21 22 59 25925.00000 4.63800000 621.99000 109.92000 13.58100 46.28900
 2 1 21 22 59 25916.50000 4.63800000 621.96000 109.92000 13.58100 46.28900
 2 1 21 23 00 25899.40000 4.63800000 621.96000 109.92000 13.58100 46.36000
 2 1 21 23 00 25919.90000 4.63800000 621.97000 109.91000 13.58100 46.36000
 2 1 21 23 01 25898.00000 4.63800000 621.96000 109.92000 13.58100 46.36000
 2 1 21 23 01 25892.80000 4.63800000 621.96000 109.92000 13.58100 46.36000
 2 1 21 23 02 25863.70000 4.58900000 621.65000 109.91000 13.58100 46.36000
 2 1 21 23 02 25813.40000 4.58900000 620.21000 109.72000 13.58100 46.36000
 2 1 21 23 02 25682.90000 4.58900000 618.58000 109.48000 13.58100 46.36000
 2 1 21 23 03 25684.50000 4.58900000 618.48000 109.00000 13.58100 46.36000
 2 1 21 23 03 25535.10000 4.58900000 616.28000 108.70000 13.46100 46.36000
 2 1 21 23 04 25494.00000 4.58900000 615.73000 108.70000 13.46100 46.36000
 2 1 21 23 04 25593.50000 4.58900000 616.64000 109.00000 13.46100 46.36000
 2 1 21 23 05 25641.60000 4.58900000 617.45000 109.15000 13.46100 46.36000
 2 1 21 23 05 25677.90000 4.58900000 616.88000 109.30000 13.46100 46.36000
 2 1 21 23 05 25700.00000 4.58900000 617.89000 109.35000 13.46100 46.05900
 2 1 21 23 06 25710.90000 4.58900000 618.26000 109.28000 13.46100 46.05900
 2 1 21 23 06 25700.10000 4.58900000 618.28000 109.20000 13.46100 46.05900
 2 1 21 23 07 25720.00000 4.58900000 618.48000 109.34000 13.49200 45.97000
 2 1 21 23 07 25710.60000 4.58900000 618.61000 109.46000 13.49200 46.00900
 2 1 21 23 08 25720.00000 4.58900000 618.61000 109.42000 13.49200 46.00900
 2 1 21 23 08 25725.00000 4.58900000 618.61000 109.42000 13.49200 46.00000
 2 1 21 23 08 25750.00000 4.58900000 618.61000 109.71000 13.49200 46.00000
 2 1 21 23 09 25742.80000 4.58900000 619.39000 109.82000 13.49200 46.00000
 2 1 21 23 09 25749.30000 4.58900000 619.98000 109.99000 13.49200 46.00000
 2 1 21 23 10 25665.50000 4.58900000 618.44000 109.84000 13.49200 46.00000
 2 1 21 23 10 25630.30000 4.58900000 617.89000 109.69000 13.49200 46.00000
 2 1 21 23 11 25620.10000 4.58900000 616.78000 109.68000 13.49200 46.00000
 2 1 21 23 11 25615.60000 4.58900000 618.69000 109.73000 13.36700 46.00000
 2 1 21 23 11 25665.40000 4.58900000 618.12000 109.80000 13.36700 46.00000
 2 1 21 23 12 25617.90000 4.58900000 618.12000 109.58000 13.36700 46.00000
 2 1 21 23 12 25606.40000 4.58900000 618.17000 109.73000 13.36700 46.00000
 2 1 21 23 13 25562.30000 4.58900000 618.12000 109.72000 13.36700 46.00000
 2 1 21 23 13 25606.40000 4.58900000 618.75000 109.76000 13.36700 46.00000
 2 1 21 23 14 25622.00000 4.58900000 618.61000 109.68000 13.36600 46.00000
 2 1 21 23 14 25614.00000 4.58900000 618.79000 109.68000 13.36600 46.17100
 2 1 21 23 14 25637.90000 4.58900000 619.05000 109.75000 13.36600 46.17100
 2 1 21 23 15 25662.80000 4.58900000 619.30000 109.76000 13.36600 46.15800
 2 1 21 23 15 25664.90000 4.58900000 619.70000 109.71000 13.36600 46.15800
 2 1 21 23 16 25687.90000 4.58900000 619.79000 109.79000 13.36600 46.15800
 2 1 21 23 16 25704.80000 4.58900000 619.96000 110.03000 13.36600 46.15800
 2 1 21 23 17 25732.90000 4.58900000 620.04000 110.01000 13.36600 46.15800
 2 1 21 23 17 25700.20000 4.58900000 620.01000 109.93000 13.36600 46.15800
 2 1 21 23 17 25714.80000 4.58900000 620.29000 109.94000 13.36600 46.15800
 2 1 21 23 18 25741.30000 4.58900000 620.15000 109.94000 13.36600 46.11100
 2 1 21 23 18 25794.50000 4.58900000 620.91000 110.04000 13.36600 46.11100
 2 1 21 23 19 25793.10000 4.58900000 620.94000 110.25000 13.36600 46.11100
 2 1 21 23 19 25768.00000 4.58900000 620.72000 110.25000 13.36600 46.11100
 2 1 21 23 19 25747.50000 4.58900000 620.27000 110.25000 13.36600 46.11100
 2 1 21 23 20 25713.90000 4.58900000 619.94000 110.09000 13.36600 46.11100
 2 1 21 23 20 25624.70000 4.58900000 618.66000 109.97000 13.36600 46.11100
 2 1 21 23 21 25657.40000 4.58900000 618.82000 109.82000 13.36600 46.11100
 2 1 21 23 21 25686.60000 4.58900000 620.32000 110.11000 13.36600 46.11100
 2 1 21 23 22 25657.00000 4.58900000 620.43000 110.10000 13.36600 46.04000
 2 1 21 23 22 25659.80000 4.58900000 620.46000 110.05000 13.36600 46.04000
 2 1 21 23 22 25695.00000 4.58900000 620.82000 110.11000 13.36600 46.04000
 2 1 21 23 23 25665.70000 4.58900000 620.82000 110.20000 13.36600 46.04000
 2 1 21 23 23 25694.70000 4.58900000 621.80000 110.40000 13.36700 46.04000
 2 1 21 23 24 25715.40000 4.58900000 622.18000 110.69000 13.36700 46.04000
 2 1 21 23 24 25665.10000 4.58900000 621.73000 110.35000 13.36700 46.04000
 2 1 21 23 25 25743.20000 4.58900000 622.90000 110.80000 13.36700 46.04000
 2 1 21 23 25 25728.30000 4.58900000 622.89000 110.70000 13.36700 46.04000
 2 1 21 23 25 25687.50000 4.58900000 622.66000 110.83000 13.36700 46.04000
 2 1 21 23 26 25727.50000 4.58900000 622.91000 110.90000 13.36700 46.04000
 2 1 21 23 26 25727.60000 4.58900000 623.72000 111.00000 13.36700 46.04000
 2 1 21 23 27 25749.90000 4.58900000 624.49000 111.12000 13.36700 46.04000
 2 1 21 23 27 25746.20000 4.62900000 624.50000 111.12000 13.36700 46.25100
 2 1 21 23 28 25770.30000 4.62900000 624.66000 111.25000 13.36700 46.25100
 2 1 21 23 28 25706.40000 4.62900000 624.29000 110.93000 13.36700 46.29100
 2 1 21 23 28 25721.00000 4.62900000 624.55000 111.17000 13.49300 46.29100
 2 1 21 23 29 25707.70000 4.62900000 624.52000 111.00000 13.49300 46.29100
 2 1 21 23 29 25712.20000 4.62900000 624.68000 111.16000 13.49300 46.29100
 2 1 21 23 30 25721.40000 4.62900000 624.80000 111.16000 13.49300 46.29100
 2 1 21 23 30 25728.30000 4.62900000 624.83000 111.11000 13.49300 46.29100
 2 1 21 23 31 25749.90000 4.62900000 624.99000 111.12000 13.49300 46.29100
 2 1 21 23 31 25722.60000 4.62900000 624.07000 111.00000 13.49300 46.26000
 2 1 21 23 31 25729.10000 4.62900000 624.50000 111.01000 13.49300 46.26000
 2 1 21 23 32 25705.00000 4.62900000 624.39000 111.11000 13.49200 46.26000
 2 1 21 23 32 25705.00000 4.62900000 624.28000 111.13000 13.49200 46.26000
 2 1 21 23 33 25717.60000 4.62900000 624.30000 111.05000 13.49200 46.26000
 2 1 21 23 33 25686.60000 4.62900000 624.30000 111.00000 13.49200 46.26000
 2 1 21 23 34 25650.00000 4.62900000 624.29000 110.95000 13.49200 46.26000
