M=[
27 12 20 09 59 22723.50000 4.72600000 528.51000 109.74000 14.70600 54.47200
27 12 20 09 59 22730.30000 4.72600000 528.60000 109.71000 14.70600 54.47200
27 12 20 10 00 22715.00000 4.72600000 528.61000 109.56000 14.70600 54.47200
27 12 20 10 00 22715.10000 4.72600000 528.33000 109.38000 14.70600 54.47200
27 12 20 10 01 22717.70000 4.72600000 528.33000 109.53000 14.70600 54.47200
27 12 20 10 01 22715.10000 4.72600000 528.23000 109.45000 14.70600 54.47200
27 12 20 10 01 22714.00000 4.72600000 527.98000 109.41000 14.70600 54.47200
27 12 20 10 02 22688.30000 4.72600000 527.70000 109.35000 14.70600 54.47200
27 12 20 10 02 22679.70000 4.72600000 528.24000 109.63000 14.70600 54.47200
27 12 20 10 03 22688.00000 4.72600000 528.08000 109.71000 14.70600 54.47200
27 12 20 10 03 22679.60000 4.72600000 528.08000 109.71000 14.70600 54.47200
27 12 20 10 04 22672.50000 4.72600000 527.72000 109.64000 14.70600 54.47200
27 12 20 10 04 22679.60000 4.72600000 527.81000 109.63000 14.70600 54.47200
27 12 20 10 04 22679.70000 4.72600000 527.73000 109.60000 14.70600 54.47200
27 12 20 10 05 22688.00000 4.72600000 527.87000 109.46000 14.70600 54.47200
27 12 20 10 05 22734.80000 4.72600000 528.20000 109.63000 14.70600 54.47200
27 12 20 10 06 22724.20000 4.72600000 528.24000 109.65000 14.70600 54.47200
27 12 20 10 06 22741.90000 4.72600000 528.24000 109.65000 14.70600 54.47200
27 12 20 10 07 22752.60000 4.72600000 528.24000 109.62000 14.70600 54.47200
27 12 20 10 07 22748.20000 4.72600000 528.62000 109.62000 14.70600 54.47200
27 12 20 10 07 22750.10000 4.72600000 529.00000 109.62000 14.70600 54.47200
27 12 20 10 08 22750.40000 4.72600000 528.89000 109.54000 14.70500 54.47200
27 12 20 10 08 22735.00000 4.72600000 528.89000 109.51000 14.76500 54.47200
27 12 20 10 09 22745.50000 4.72600000 528.25000 109.42000 14.76500 54.47200
27 12 20 10 09 22745.20000 4.72600000 528.56000 109.42000 14.76500 54.47200
27 12 20 10 10 22743.00000 4.75400000 528.78000 109.45000 14.76500 54.47200
27 12 20 10 10 22722.30000 4.75400000 528.61000 109.38000 14.80300 54.47200
27 12 20 10 10 22722.90000 4.75400000 528.61000 109.50000 14.80300 54.47200
27 12 20 10 11 22715.80000 4.75400000 528.61000 109.50000 14.80300 54.47200
27 12 20 10 11 22704.30000 4.75400000 528.56000 109.42000 14.80300 54.47200
27 12 20 10 12 22700.10000 4.75400000 528.12000 109.50000 14.80300 54.47200
27 12 20 10 12 22669.20000 4.75400000 528.13000 109.50000 14.80300 54.47200
27 12 20 10 13 22681.90000 4.75400000 528.13000 109.50000 14.80300 54.47200
27 12 20 10 13 22689.40000 4.75400000 528.00000 109.50000 14.80300 54.47200
27 12 20 10 13 22700.00000 4.75400000 528.00000 109.50000 14.80300 54.47200
27 12 20 10 14 22685.10000 4.75400000 528.00000 109.49000 14.80300 54.47200
27 12 20 10 14 22699.60000 4.75400000 528.02000 109.54000 14.80300 54.47200
27 12 20 10 15 22699.90000 4.75400000 528.02000 109.54000 14.80300 54.47200
27 12 20 10 15 22688.70000 4.75400000 528.02000 109.37000 14.86700 54.47200
27 12 20 10 16 22683.70000 4.75400000 528.01000 109.37000 14.86700 54.47200
27 12 20 10 16 22670.20000 4.75400000 528.00000 109.43000 14.86700 54.47200
27 12 20 10 16 22679.10000 4.75400000 528.00000 109.43000 14.86700 54.47200
27 12 20 10 17 22686.50000 4.75400000 528.00000 109.37000 14.86700 54.47200
27 12 20 10 17 22674.40000 4.75400000 528.00000 109.15000 14.86700 54.47200
27 12 20 10 18 22676.00000 4.75400000 528.00000 109.20000 14.86700 54.47200
27 12 20 10 18 22675.90000 4.75400000 527.22000 109.19000 14.86700 54.47200
27 12 20 10 19 22667.10000 4.75400000 527.04000 109.24000 14.86700 54.47200
27 12 20 10 19 22666.60000 4.75400000 526.81000 109.01000 14.86700 54.47200
27 12 20 10 19 22673.80000 4.75400000 527.22000 109.15000 14.86700 54.47200
27 12 20 10 20 22680.20000 4.75400000 527.21000 109.09000 14.72300 54.47200
27 12 20 10 20 22688.00000 4.75400000 527.22000 109.23000 14.72300 54.47200
27 12 20 10 21 22699.60000 4.75400000 528.10000 109.31000 14.72300 54.47200
27 12 20 10 21 22699.60000 4.75400000 527.96000 109.31000 14.72300 54.47200
27 12 20 10 22 22715.70000 4.75400000 527.76000 109.31000 14.72300 54.47200
27 12 20 10 22 22698.20000 4.75400000 527.44000 109.15000 14.72300 54.47200
27 12 20 10 22 22706.00000 4.75400000 527.65000 109.15000 14.72300 54.47200
27 12 20 10 23 22695.10000 4.75400000 527.35000 109.15000 14.72300 54.26800
27 12 20 10 23 22696.20000 4.75400000 527.00000 109.09000 14.72300 54.26800
27 12 20 10 24 22680.00000 4.75400000 527.03000 109.09000 14.72300 54.26800
27 12 20 10 24 22693.90000 4.75400000 527.00000 109.00000 14.72300 54.26800
27 12 20 10 25 22692.90000 4.75400000 527.03000 109.06000 14.72300 54.26800
27 12 20 10 25 22692.90000 4.72900000 527.01000 109.06000 14.72300 54.26800
27 12 20 10 25 22650.00000 4.72900000 526.70000 109.03000 14.72300 54.26800
27 12 20 10 26 22659.00000 4.72900000 526.00000 109.01000 14.72300 54.26300
27 12 20 10 26 22646.60000 4.72900000 526.00000 108.98000 14.72300 54.26300
27 12 20 10 27 22649.70000 4.72900000 525.99000 108.92000 14.72300 54.26300
27 12 20 10 27 22658.40000 4.72900000 526.00000 108.91000 14.72300 54.26300
27 12 20 10 28 22670.10000 4.72900000 526.00000 109.02000 14.72300 54.26300
27 12 20 10 28 22658.20000 4.72900000 526.00000 108.99000 14.72300 54.26300
27 12 20 10 28 22658.30000 4.72900000 526.00000 108.96000 14.72300 54.26300
27 12 20 10 29 22658.30000 4.72900000 526.00000 108.65000 14.72300 54.26300
27 12 20 10 29 22658.30000 4.72900000 526.00000 108.78000 14.72300 54.26300
27 12 20 10 30 22658.60000 4.72900000 526.82000 108.96000 14.72300 54.08200
27 12 20 10 30 22658.70000 4.72900000 526.59000 108.90000 14.72300 54.08200
27 12 20 10 31 22658.40000 4.72900000 526.38000 108.84000 14.72300 53.98500
27 12 20 10 31 22658.60000 4.72900000 526.64000 108.84000 14.72300 53.98500
27 12 20 10 31 22658.60000 4.72900000 526.64000 108.95000 14.72300 54.01800
27 12 20 10 32 22658.90000 4.72900000 527.03000 108.96000 14.72300 54.01800
27 12 20 10 32 22699.90000 4.72900000 527.39000 109.16000 14.72300 54.01800
27 12 20 10 33 22700.00000 4.72900000 527.57000 109.22000 14.72300 54.01800
27 12 20 10 33 22689.10000 4.72900000 527.33000 109.20000 14.72300 54.01800
27 12 20 10 33 22707.50000 4.72900000 527.43000 109.34000 14.72300 54.01800
27 12 20 10 34 22706.80000 4.72900000 527.43000 109.30000 14.72300 54.01800
27 12 20 10 34 22709.90000 4.72900000 527.57000 109.30000 14.72300 54.01800
27 12 20 10 35 22732.80000 4.72900000 527.92000 109.38000 14.72300 54.01800
27 12 20 10 35 22726.90000 4.72900000 528.00000 109.38000 14.68200 54.01800
27 12 20 10 36 22704.40000 4.74200000 527.99000 109.27000 14.68200 54.01800
27 12 20 10 36 22701.10000 4.74200000 527.79000 109.26000 14.68200 54.01800
27 12 20 10 36 22697.00000 4.74200000 527.62000 109.26000 14.68200 54.01800
27 12 20 10 37 22700.00000 4.74200000 527.79000 109.30000 14.68200 54.01800
27 12 20 10 37 22703.40000 4.74200000 527.70000 109.26000 14.68200 54.01800
27 12 20 10 38 22710.20000 4.74200000 527.70000 109.17000 14.68200 54.00100
27 12 20 10 38 22723.80000 4.74200000 527.98000 109.17000 14.68200 54.00100
27 12 20 10 39 22712.40000 4.74200000 527.98000 109.15000 14.68200 54.00100
27 12 20 10 39 22707.40000 4.74200000 527.69000 109.15000 14.68200 54.00100
27 12 20 10 39 22718.60000 4.74200000 527.69000 109.19000 14.68200 54.00100
27 12 20 10 40 22722.00000 4.74200000 527.91000 109.23000 14.68200 54.00100
27 12 20 10 40 22722.10000 4.74200000 527.98000 109.23000 14.68200 54.00100
27 12 20 10 41 22722.00000 4.74200000 527.98000 109.26000 14.68200 54.00100
27 12 20 10 41 22708.20000 4.74200000 526.69000 109.17000 14.68200 54.00100
27 12 20 10 42 22707.00000 4.74200000 527.63000 109.01000 14.68200 54.00100
27 12 20 10 42 22707.00000 4.74200000 527.22000 109.18000 14.68200 54.11900
27 12 20 10 42 22707.00000 4.74200000 527.49000 109.18000 14.68200 54.11900
27 12 20 10 43 22685.20000 4.74200000 527.48000 109.19000 14.68200 54.11900
27 12 20 10 43 22681.90000 4.74200000 526.89000 109.26000 14.68200 54.11900
