M=[
 3 3 21 14 56 42180.00000 9.31000000 1323.20000 156.98000 26.05300 104.99400
 3 3 21 14 57 42168.10000 9.31000000 1322.01000 156.98000 26.05300 104.99400
 3 3 21 14 57 42150.10000 9.31000000 1322.00000 156.87000 26.05300 104.99400
 3 3 21 14 58 42150.00000 9.31000000 1320.77000 156.82000 26.05300 104.99400
 3 3 21 14 58 42163.40000 9.31000000 1321.75000 156.99000 26.05300 105.07100
 3 3 21 14 58 42107.80000 9.31000000 1319.90000 156.99000 26.05300 105.07100
 3 3 21 14 59 42076.10000 9.35000000 1319.00000 156.68000 26.05300 105.03400
 3 3 21 14 59 42073.90000 9.35000000 1317.54000 156.44000 26.05300 105.03400
 3 3 21 15 00 42099.90000 9.32900000 1319.76000 156.45000 26.05300 104.86300
 3 3 21 15 00 42149.80000 9.31300000 1321.91000 156.81000 26.05300 104.86300
 3 3 21 15 01 42157.90000 9.31300000 1321.61000 156.81000 26.05300 104.86300
 3 3 21 15 01 42190.00000 9.31300000 1323.20000 157.10000 26.05300 104.86300
 3 3 21 15 01 42219.30000 9.31300000 1323.19000 157.10000 26.05300 104.86300
 3 3 21 15 02 42227.90000 9.31300000 1324.11000 157.15000 26.05300 104.86300
 3 3 21 15 02 42238.40000 9.31300000 1324.03000 157.27000 26.05300 104.86300
 3 3 21 15 03 42254.80000 9.31300000 1323.85000 157.27000 26.05300 104.86300
 3 3 21 15 03 42238.20000 9.31300000 1323.85000 157.24000 26.05300 104.86300
 3 3 21 15 04 42241.20000 9.31300000 1323.63000 157.29000 26.05300 104.86300
 3 3 21 15 04 42252.90000 9.31300000 1324.02000 157.29000 26.05300 105.58200
 3 3 21 15 04 42239.00000 9.35600000 1324.67000 157.34000 26.05300 105.37900
 3 3 21 15 05 42345.40000 9.35600000 1326.61000 157.91000 26.05300 105.37900
 3 3 21 15 05 42387.50000 9.39200000 1329.12000 157.97000 26.05300 105.45500
 3 3 21 15 06 42383.20000 9.39200000 1329.01000 157.92000 26.05300 105.45500
 3 3 21 15 06 42353.50000 9.39200000 1328.36000 157.79000 26.22200 105.62000
 3 3 21 15 07 42282.70000 9.39000000 1327.64000 157.67000 26.22200 105.62000
 3 3 21 15 07 42273.90000 9.39000000 1326.16000 157.57000 26.22200 105.62000
 3 3 21 15 07 42251.70000 9.38300000 1326.36000 157.57000 26.22200 105.62000
 3 3 21 15 08 42250.40000 9.38300000 1326.06000 157.52000 26.22200 105.62000
 3 3 21 15 08 42250.10000 9.38300000 1325.32000 157.52000 26.22200 105.62000
 3 3 21 15 09 42226.20000 9.38300000 1325.31000 157.40000 26.22200 105.62000
 3 3 21 15 09 42233.20000 9.38300000 1324.84000 157.40000 26.22200 105.62000
 3 3 21 15 10 42227.10000 9.38300000 1323.85000 157.28000 26.22200 105.62000
 3 3 21 15 10 42172.60000 9.38300000 1323.47000 157.10000 26.22200 105.25200
 3 3 21 15 10 42154.00000 9.38300000 1321.70000 157.00000 26.22200 105.25200
 3 3 21 15 11 42102.40000 9.38300000 1320.87000 156.92000 26.22200 105.25200
 3 3 21 15 11 42108.70000 9.38300000 1320.84000 157.29000 26.22200 105.25200
 3 3 21 15 12 42085.10000 9.38300000 1319.83000 156.95000 26.22200 105.25200
 3 3 21 15 12 42094.30000 9.35000000 1319.52000 156.97000 26.22200 105.25200
 3 3 21 15 13 42017.40000 9.35000000 1318.95000 156.97000 26.22200 105.25200
 3 3 21 15 13 42004.30000 9.35000000 1319.28000 156.97000 26.22200 105.25200
 3 3 21 15 13 42029.00000 9.35000000 1319.22000 156.80000 26.22200 105.25200
 3 3 21 15 14 42074.00000 9.35000000 1321.60000 156.79000 26.22200 105.25200
 3 3 21 15 14 42022.10000 9.35000000 1320.39000 157.01000 26.22200 105.25200
 3 3 21 15 15 42001.10000 9.35000000 1318.08000 156.64000 26.22200 105.25200
 3 3 21 15 15 42024.30000 9.35000000 1318.23000 156.62000 26.22200 105.25200
 3 3 21 15 16 42041.50000 9.35000000 1318.24000 156.62000 26.22200 105.25200
 3 3 21 15 16 42122.50000 9.35000000 1321.46000 156.88000 26.22200 105.25200
 3 3 21 15 16 42089.00000 9.35000000 1322.16000 157.17000 26.22200 105.25200
 3 3 21 15 17 42027.50000 9.35000000 1320.32000 157.17000 26.22200 105.25200
 3 3 21 15 17 42001.10000 9.35000000 1319.36000 157.17000 26.22200 105.25200
 3 3 21 15 18 42018.60000 9.35000000 1319.35000 157.17000 26.22200 105.25200
 3 3 21 15 18 42036.10000 9.35000000 1319.89000 157.23000 26.22200 105.25200
 3 3 21 15 19 42000.70000 9.35000000 1319.64000 157.16000 26.22200 105.25200
 3 3 21 15 19 42024.90000 9.35000000 1319.85000 157.16000 26.22200 105.25200
 3 3 21 15 19 42050.00000 9.35000000 1321.42000 157.45000 26.22200 105.25200
 3 3 21 15 20 42133.40000 9.36800000 1322.43000 157.77000 26.22200 105.25200
 3 3 21 15 20 42085.20000 9.36800000 1321.33000 157.64000 26.22200 105.25200
 3 3 21 15 21 42043.10000 9.36800000 1321.00000 157.64000 26.22200 105.25200
 3 3 21 15 21 42037.10000 9.36800000 1319.92000 157.46000 26.22200 105.25200
 3 3 21 15 22 42037.10000 9.36800000 1319.73000 157.46000 26.22200 105.25200
 3 3 21 15 22 42039.70000 9.36800000 1319.71000 157.46000 26.22200 105.25200
 3 3 21 15 22 42019.90000 9.36800000 1320.98000 157.75000 26.00000 105.25200
 3 3 21 15 23 42051.00000 9.36800000 1321.17000 157.75000 26.00000 105.25200
 3 3 21 15 23 42098.00000 9.36800000 1321.18000 158.00000 26.00000 105.25200
 3 3 21 15 24 42072.40000 9.36800000 1321.12000 157.95000 26.00000 105.25200
 3 3 21 15 24 42078.30000 9.36800000 1321.87000 158.41000 26.00000 105.25200
 3 3 21 15 25 42103.20000 9.36800000 1322.29000 158.61000 26.00000 105.25200
 3 3 21 15 25 42081.70000 9.38200000 1320.99000 158.51000 26.00000 105.25200
 3 3 21 15 25 42082.50000 9.38200000 1320.98000 158.68000 26.00000 105.25200
 3 3 21 15 26 42120.00000 9.38200000 1320.99000 158.80000 26.00000 105.25200
 3 3 21 15 26 42119.90000 9.38200000 1320.98000 158.80000 26.00000 105.25200
 3 3 21 15 27 42169.80000 9.38200000 1320.98000 158.80000 26.00000 105.25200
 3 3 21 15 27 42197.60000 9.38200000 1322.14000 158.78000 26.00000 105.25200
 3 3 21 15 28 42221.40000 9.38200000 1321.72000 158.71000 26.00000 105.25200
 3 3 21 15 28 42217.70000 9.38200000 1321.98000 158.48000 26.00000 105.25200
 3 3 21 15 28 42217.00000 9.38200000 1321.09000 158.25000 26.00000 105.25200
 3 3 21 15 29 42217.20000 9.38200000 1321.97000 158.32000 26.00000 105.25200
 3 3 21 15 29 42217.00000 9.38200000 1321.98000 158.17000 26.00000 105.25200
 3 3 21 15 30 42217.00000 9.38300000 1322.18000 158.17000 26.00000 105.25200
 3 3 21 15 30 42141.90000 9.38300000 1320.99000 157.88000 26.00000 105.25200
 3 3 21 15 31 42107.40000 9.38300000 1320.90000 157.72000 26.00000 105.25200
 3 3 21 15 31 42097.30000 9.38300000 1320.36000 158.02000 26.00000 105.25200
 3 3 21 15 31 42079.10000 9.38300000 1320.01000 158.02000 26.00000 105.25200
 3 3 21 15 32 42054.00000 9.38300000 1320.00000 158.03000 26.00000 105.21700
 3 3 21 15 32 42058.30000 9.38300000 1319.07000 158.23000 26.00000 105.21700
 3 3 21 15 33 42100.00000 9.38300000 1320.35000 158.47000 26.00000 105.21700
 3 3 21 15 33 42100.00000 9.38300000 1320.50000 158.67000 26.00000 105.21700
 3 3 21 15 34 42100.00000 9.38300000 1320.50000 158.73000 26.00000 105.21700
 3 3 21 15 34 42100.00000 9.38300000 1320.95000 158.73000 26.00000 105.21700
 3 3 21 15 34 42099.90000 9.38300000 1320.96000 158.74000 26.00000 105.21700
 3 3 21 15 35 42099.90000 9.38300000 1320.45000 158.52000 26.00000 105.21700
 3 3 21 15 35 42087.40000 9.38300000 1319.74000 158.50000 26.00000 105.21700
 3 3 21 15 36 42083.70000 9.38300000 1320.91000 158.39000 26.00000 105.01700
 3 3 21 15 36 42077.50000 9.39100000 1320.48000 158.57000 26.00000 105.01700
 3 3 21 15 37 42063.50000 9.39100000 1320.08000 158.35000 26.13300 105.01700
 3 3 21 15 37 42077.90000 9.39100000 1321.44000 158.53000 26.13300 105.01700
 3 3 21 15 37 42045.70000 9.39100000 1320.77000 158.41000 26.13300 105.01700
 3 3 21 15 38 42050.00000 9.39100000 1320.18000 158.26000 26.13300 105.01700
 3 3 21 15 38 42048.80000 9.39100000 1320.45000 158.26000 26.13300 105.01700
 3 3 21 15 39 42067.10000 9.39100000 1320.58000 158.26000 26.00000 105.01700
 3 3 21 15 39 42036.00000 9.39100000 1321.23000 158.18000 26.05000 105.01700
 3 3 21 15 40 42036.10000 9.39100000 1321.06000 158.18000 26.05000 105.01700
 3 3 21 15 40 42018.30000 9.39100000 1321.06000 158.25000 26.05000 105.01700
