M=[
17 7 21 17 05 26800.10000 34.84200000 1602.87000 101.74000 16.88000 80.49900
17 7 21 17 06 26800.10000 34.84200000 1604.54000 101.74000 16.88000 80.49900
17 7 21 17 06 26800.00000 34.84200000 1604.99000 101.74000 16.88000 80.49900
17 7 21 17 07 26806.90000 34.84200000 1604.99000 101.74000 16.88000 80.49900
17 7 21 17 07 26812.80000 34.84200000 1605.00000 101.74000 16.88000 80.42000
17 7 21 17 07 26823.70000 34.85000000 1606.33000 101.74000 16.88000 80.42000
17 7 21 17 08 26827.50000 34.85000000 1606.80000 101.80000 16.88000 80.42000
17 7 21 17 08 26822.90000 34.85000000 1606.60000 101.80000 16.88000 80.42000
17 7 21 17 09 26827.10000 34.85000000 1606.80000 101.80000 16.88000 80.42000
17 7 21 17 09 26827.10000 34.85000000 1606.02000 101.80000 16.88000 80.42000
17 7 21 17 10 26827.10000 34.85000000 1605.17000 101.80000 16.88000 80.42000
17 7 21 17 10 26815.00000 34.85000000 1605.17000 101.80000 16.88000 80.42000
17 7 21 17 10 26806.20000 34.85000000 1603.53000 101.80000 16.86400 80.42000
17 7 21 17 11 26821.50000 34.85000000 1603.53000 101.80000 16.86400 80.42000
17 7 21 17 11 26824.10000 34.85000000 1603.53000 101.84000 16.86400 80.42000
17 7 21 17 12 26824.30000 34.83100000 1603.53000 101.84000 16.86400 80.42000
17 7 21 17 12 26823.70000 34.83100000 1603.53000 101.84000 16.86400 80.42000
17 7 21 17 13 26823.70000 34.83100000 1603.43000 101.84000 16.86400 80.42000
17 7 21 17 13 26820.90000 34.83100000 1601.93000 101.73000 16.86400 80.42000
17 7 21 17 13 26806.90000 34.83100000 1601.18000 101.67000 16.86400 80.42000
17 7 21 17 14 26815.40000 34.83100000 1601.78000 101.67000 16.86400 80.42000
17 7 21 17 14 26816.80000 34.83100000 1601.78000 101.76000 16.86400 80.42000
17 7 21 17 15 26823.60000 34.83100000 1601.55000 101.76000 16.86400 80.42000
17 7 21 17 15 26823.60000 34.83100000 1601.55000 101.76000 16.86400 80.42000
17 7 21 17 16 26842.20000 34.83100000 1603.86000 101.81000 16.86400 80.42000
17 7 21 17 16 26842.20000 34.83100000 1603.86000 101.81000 16.84700 80.42000
17 7 21 17 16 26842.10000 34.83100000 1603.13000 101.81000 16.84700 80.42000
17 7 21 17 17 26800.00000 34.83100000 1600.79000 101.81000 16.84700 80.42000
17 7 21 17 17 26800.10000 34.83100000 1599.01000 101.81000 16.84700 80.42000
17 7 21 17 18 26773.60000 34.83100000 1596.67000 101.63000 16.84700 80.42000
17 7 21 17 18 26746.10000 34.83100000 1594.01000 101.63000 16.84700 80.42000
17 7 21 17 19 26759.90000 34.83100000 1596.00000 101.63000 16.84700 80.42000
17 7 21 17 19 26757.00000 34.83100000 1594.26000 101.63000 16.84700 80.42000
17 7 21 17 19 26748.70000 34.83100000 1594.40000 101.62000 16.84700 80.42000
17 7 21 17 20 26757.70000 34.83100000 1596.60000 101.62000 16.84700 80.42000
17 7 21 17 20 26764.60000 34.83100000 1597.47000 101.62000 16.84700 80.42000
17 7 21 17 21 26775.70000 34.83100000 1597.98000 101.62000 16.84700 80.42000
17 7 21 17 21 26775.80000 34.83100000 1599.00000 101.80000 16.84700 80.42000
17 7 21 17 22 26782.60000 34.83100000 1599.83000 101.80000 16.84700 80.42000
17 7 21 17 22 26781.10000 34.83100000 1599.86000 101.80000 16.84700 80.42000
17 7 21 17 22 26787.90000 34.83100000 1599.44000 101.80000 16.84700 80.42000
17 7 21 17 23 26785.10000 34.83100000 1599.22000 101.80000 16.84700 80.42000
17 7 21 17 23 26785.10000 34.83100000 1599.22000 101.80000 16.84700 80.42000
17 7 21 17 24 26782.40000 34.83100000 1599.48000 101.80000 16.84700 80.42000
17 7 21 17 24 26779.60000 34.83100000 1599.64000 101.92000 16.84700 80.42000
17 7 21 17 25 26786.40000 34.83100000 1599.64000 101.92000 16.84700 80.42000
17 7 21 17 25 26785.10000 34.83100000 1599.64000 101.92000 16.84700 80.42000
17 7 21 17 26 26793.30000 34.83100000 1599.64000 101.92000 16.84700 80.42000
17 7 21 17 26 26804.00000 34.83100000 1599.64000 102.05000 16.84700 80.42000
17 7 21 17 26 26803.90000 34.83100000 1599.64000 102.05000 16.84700 80.42000
17 7 21 17 27 26790.40000 34.83100000 1599.64000 102.05000 16.84700 80.42000
17 7 21 17 27 26783.30000 34.83100000 1599.64000 102.05000 16.84700 80.42000
17 7 21 17 28 26786.60000 34.83100000 1600.65000 102.05000 16.84700 80.42000
17 7 21 17 28 26786.50000 34.83100000 1601.78000 102.07000 16.84700 80.42000
17 7 21 17 29 26786.60000 34.83100000 1601.85000 102.07000 16.84700 80.42000
17 7 21 17 29 26786.50000 34.83100000 1601.85000 102.07000 16.91600 80.42000
17 7 21 17 29 26786.60000 34.83100000 1600.71000 102.07000 16.91600 80.42000
17 7 21 17 30 26786.60000 34.83100000 1600.71000 102.07000 16.91600 80.42000
17 7 21 17 30 26817.30000 34.83100000 1603.29000 102.07000 16.91600 80.42000
17 7 21 17 31 26822.90000 34.83100000 1602.22000 102.07000 16.91600 80.42000
17 7 21 17 31 26822.80000 34.83100000 1601.59000 102.07000 16.91600 80.42000
17 7 21 17 32 26813.10000 34.83100000 1601.00000 102.07000 16.91600 80.42000
17 7 21 17 32 26808.10000 34.83100000 1601.00000 102.07000 16.91600 80.42000
17 7 21 17 32 26805.50000 34.83100000 1601.00000 102.07000 16.91600 80.42000
17 7 21 17 33 26805.60000 34.83100000 1600.99000 102.07000 16.91600 80.42000
17 7 21 17 33 26786.50000 34.83100000 1600.99000 102.07000 16.91600 80.42000
17 7 21 17 34 26781.80000 34.83100000 1600.99000 102.07000 16.91600 80.42000
17 7 21 17 34 26781.80000 34.83100000 1597.81000 102.07000 16.91600 80.42000
17 7 21 17 35 26771.70000 34.83100000 1597.81000 101.99000 16.91600 80.42000
17 7 21 17 35 26799.00000 34.83100000 1597.81000 102.01000 16.91600 80.42000
17 7 21 17 35 26804.70000 34.83100000 1599.56000 102.01000 16.91600 80.42000
17 7 21 17 36 26809.20000 34.83100000 1600.00000 101.97000 16.84700 80.42000
17 7 21 17 36 26822.10000 34.83100000 1601.29000 101.97000 16.84700 80.42000
17 7 21 17 37 26812.60000 34.83100000 1600.77000 101.97000 16.84700 80.42000
17 7 21 17 37 26814.00000 34.83100000 1601.00000 101.97000 16.84700 80.42000
17 7 21 17 38 26825.20000 34.83100000 1601.00000 101.97000 16.90100 80.42000
17 7 21 17 38 26825.20000 34.83100000 1601.00000 101.97000 16.89700 80.42000
17 7 21 17 38 26825.20000 34.83100000 1601.00000 102.06000 16.89700 80.42000
17 7 21 17 39 26833.40000 34.83100000 1601.00000 102.06000 16.89700 80.42000
17 7 21 17 39 26833.10000 34.83100000 1601.12000 102.06000 16.89700 80.42000
17 7 21 17 40 26833.50000 34.83100000 1602.34000 102.13000 16.89700 80.42000
17 7 21 17 40 26839.60000 34.83100000 1602.35000 102.13000 16.89700 80.42000
17 7 21 17 41 26844.80000 34.83100000 1602.23000 102.13000 16.89700 80.42000
17 7 21 17 41 26825.60000 34.83100000 1602.23000 102.13000 16.87600 80.42000
17 7 21 17 41 26825.60000 34.83100000 1602.23000 102.05000 16.87600 80.42000
17 7 21 17 42 26825.60000 34.83100000 1600.64000 102.05000 16.95100 80.42000
17 7 21 17 42 26813.00000 34.83100000 1600.64000 102.04000 16.95100 80.42000
17 7 21 17 43 26822.00000 34.83100000 1600.96000 102.04000 16.95200 80.42000
17 7 21 17 43 26834.20000 34.91600000 1600.96000 102.04000 16.95200 80.42000
17 7 21 17 44 26824.20000 34.88700000 1601.11000 102.04000 16.95200 80.42000
17 7 21 17 44 26834.30000 34.88700000 1601.03000 102.04000 16.95200 80.42000
17 7 21 17 45 26834.30000 34.88700000 1601.60000 102.10000 16.95200 80.42000
17 7 21 17 45 26830.40000 34.86200000 1602.15000 102.11000 16.95200 80.42000
17 7 21 17 45 26842.80000 34.85300000 1602.01000 102.11000 16.95200 80.42000
17 7 21 17 46 26845.00000 34.87000000 1601.95000 102.11000 16.95200 80.42000
17 7 21 17 46 26845.00000 34.87000000 1601.95000 102.11000 16.95200 80.42000
17 7 21 17 47 26844.10000 34.87000000 1601.95000 102.11000 16.95200 80.42000
17 7 21 17 47 26860.00000 34.87000000 1601.95000 102.16000 16.95200 80.42000
17 7 21 17 48 26860.00000 34.87000000 1603.07000 102.16000 16.95200 80.42000
17 7 21 17 48 26844.30000 34.87000000 1603.16000 102.16000 16.95200 80.42000
17 7 21 17 48 26847.50000 34.87000000 1603.16000 102.16000 16.95200 80.42000
17 7 21 17 49 26844.50000 34.87000000 1603.16000 102.16000 16.95200 80.42000
17 7 21 17 49 26844.20000 34.87000000 1603.16000 102.15000 16.95200 80.42000
