M=[
21 12 20 04 10 19560.00000 5.55000000 526.59000 94.62000 15.44500 63.17900
21 12 20 04 10 19567.00000 5.55000000 526.59000 94.62000 15.44500 63.17900
21 12 20 04 11 19580.00000 5.55000000 527.07000 94.62000 15.44500 63.17900
21 12 20 04 11 19597.00000 5.55000000 527.43000 94.68000 15.44500 63.17900
21 12 20 04 11 19600.00000 5.55000000 527.57000 94.68000 15.44500 63.17900
21 12 20 04 12 19600.00000 5.55000000 527.67000 94.68000 15.44500 63.17900
21 12 20 04 12 19610.00000 5.55000000 527.67000 94.75000 15.44500 63.17900
21 12 20 04 13 19608.10000 5.55000000 527.25000 94.75000 15.44500 63.17900
21 12 20 04 13 19607.90000 5.55000000 527.25000 94.71000 15.44500 63.17900
21 12 20 04 14 19609.10000 5.55000000 526.82000 94.71000 15.44500 63.17900
21 12 20 04 14 19609.10000 5.55000000 526.82000 94.71000 15.44500 63.17900
21 12 20 04 14 19608.10000 5.55000000 526.82000 94.72000 15.71600 63.17900
21 12 20 04 15 19608.10000 5.55000000 526.82000 94.98000 15.71600 63.17900
21 12 20 04 15 19610.00000 5.55000000 526.82000 94.98000 15.71600 63.10100
21 12 20 04 16 19625.00000 5.55000000 526.82000 95.40000 15.74300 63.10100
21 12 20 04 16 19625.00000 5.55000000 526.82000 95.79000 15.74300 63.10100
21 12 20 04 17 19640.00000 5.55000000 527.13000 96.07000 15.74300 63.10100
21 12 20 04 17 19649.00000 5.55000000 527.43000 95.92000 15.74300 63.10100
21 12 20 04 17 19649.00000 5.55000000 527.55000 96.30000 15.56900 63.10100
21 12 20 04 18 19649.00000 5.55000000 527.69000 96.43000 15.56900 63.10100
21 12 20 04 18 19649.00000 5.55000000 527.98000 96.41000 15.56900 63.10100
21 12 20 04 19 19640.10000 5.55000000 527.54000 96.35000 15.56900 63.10100
21 12 20 04 19 19643.20000 5.55000000 527.99000 96.62000 15.56900 63.10100
21 12 20 04 20 19653.00000 5.55000000 528.14000 96.66000 15.56900 63.23400
21 12 20 04 20 19659.90000 5.55000000 528.45000 96.46000 15.69600 63.23400
21 12 20 04 20 19659.90000 5.55000000 528.56000 96.50000 15.69600 63.23400
21 12 20 04 21 19648.30000 5.55000000 528.56000 96.38000 15.69600 63.23400
21 12 20 04 21 19648.30000 5.55000000 528.56000 96.40000 15.69600 63.23400
21 12 20 04 22 19648.30000 5.55000000 528.89000 96.43000 15.69600 63.23400
21 12 20 04 22 19640.10000 5.55000000 528.83000 96.45000 15.69600 63.23400
21 12 20 04 23 19644.80000 5.55000000 528.55000 96.17000 15.69600 63.23400
21 12 20 04 23 19618.10000 5.55000000 528.55000 96.23000 15.69600 63.30700
21 12 20 04 23 19611.10000 5.55000000 528.55000 96.17000 15.69600 63.30700
21 12 20 04 24 19624.50000 5.55000000 528.55000 96.35000 15.69100 63.30700
21 12 20 04 24 19625.10000 5.55000000 528.55000 96.35000 15.69100 63.30700
21 12 20 04 25 19625.10000 5.55000000 528.55000 96.16000 15.69100 63.30700
21 12 20 04 25 19611.00000 5.55000000 527.67000 96.50000 15.69100 63.30700
21 12 20 04 26 19610.10000 5.55000000 527.67000 96.50000 15.69100 63.30700
21 12 20 04 26 19600.10000 5.55000000 527.67000 96.50000 15.69100 63.30700
21 12 20 04 26 19600.00000 5.55000000 527.67000 96.50000 15.69100 63.30700
21 12 20 04 27 19600.00000 5.55000000 527.67000 96.32000 15.69100 63.30700
21 12 20 04 27 19564.80000 5.55000000 527.67000 96.30000 15.69100 63.30700
21 12 20 04 28 19560.20000 5.55000000 527.67000 96.00000 15.69100 63.30700
21 12 20 04 28 19523.60000 5.55000000 526.81000 95.99000 15.69100 63.30700
21 12 20 04 29 19531.50000 5.55000000 526.81000 95.90000 15.69100 63.30700
21 12 20 04 29 19536.40000 5.55000000 526.81000 95.85000 15.69100 63.30700
21 12 20 04 29 19536.70000 5.55000000 526.87000 95.88000 15.69100 63.30700
21 12 20 04 30 19541.10000 5.55000000 526.76000 95.86000 15.69100 63.30700
21 12 20 04 30 19541.10000 5.55000000 526.76000 95.58000 15.69100 63.30700
21 12 20 04 31 19539.70000 5.55000000 526.76000 95.58000 15.69100 63.30700
21 12 20 04 31 19505.30000 5.55000000 526.48000 95.32000 15.69100 63.30700
21 12 20 04 32 19517.50000 5.55000000 526.56000 94.91000 15.69100 63.30700
21 12 20 04 32 19525.40000 5.55000000 526.60000 95.33000 15.69100 63.30700
21 12 20 04 32 19507.50000 5.55000000 526.60000 95.11000 15.69100 63.30700
21 12 20 04 33 19513.30000 5.55000000 526.48000 95.30000 15.69100 63.30700
21 12 20 04 33 19515.20000 5.55000000 526.63000 95.20000 15.69100 63.30700
21 12 20 04 34 19515.20000 5.55000000 526.63000 95.33000 15.69100 63.30700
21 12 20 04 34 19540.00000 5.55000000 527.60000 95.69000 15.69100 63.30700
21 12 20 04 35 19549.90000 5.55000000 527.98000 95.91000 15.69100 63.30700
21 12 20 04 35 19549.90000 5.55000000 527.98000 95.84000 15.69100 63.30700
21 12 20 04 35 19520.10000 5.55000000 527.98000 95.66000 15.69100 63.30700
21 12 20 04 36 19521.30000 5.55000000 527.98000 95.66000 15.69100 63.30700
21 12 20 04 36 19520.10000 5.55000000 527.98000 95.57000 15.69100 63.30700
21 12 20 04 37 19520.10000 5.55000000 526.50000 95.57000 15.69100 63.30700
21 12 20 04 37 19506.20000 5.55000000 526.90000 95.57000 15.69100 63.30700
21 12 20 04 38 19506.20000 5.55000000 526.90000 95.57000 15.69100 63.30700
21 12 20 04 38 19505.50000 5.55000000 526.33000 95.54000 15.69100 63.30700
21 12 20 04 38 19480.90000 5.55000000 526.05000 95.46000 15.69100 63.30700
21 12 20 04 39 19498.90000 5.55000000 525.99000 95.39000 15.69100 63.30700
21 12 20 04 39 19504.30000 5.55000000 526.16000 95.39000 15.69100 63.30700
21 12 20 04 40 19519.90000 5.55000000 526.45000 95.39000 15.69100 63.30700
21 12 20 04 40 19546.80000 5.55700000 526.77000 95.60000 15.69100 63.30700
21 12 20 04 41 19527.90000 5.55700000 526.77000 95.60000 15.69100 63.30700
21 12 20 04 41 19541.10000 5.55700000 526.77000 95.60000 15.69100 63.30700
21 12 20 04 41 19533.70000 5.55700000 526.77000 95.60000 15.69100 63.30700
21 12 20 04 42 19526.60000 5.55700000 526.46000 95.76000 15.69100 63.30700
21 12 20 04 42 19528.70000 5.56300000 526.20000 95.76000 15.69100 63.30700
21 12 20 04 43 19539.60000 5.56300000 526.27000 95.80000 15.69100 63.30700
21 12 20 04 43 19550.00000 5.56300000 526.27000 96.13000 15.69100 63.30700
21 12 20 04 44 19550.00000 5.56300000 526.87000 96.25000 15.69100 63.30700
21 12 20 04 44 19550.00000 5.56300000 526.87000 96.21000 15.69100 63.30700
21 12 20 04 44 19563.50000 5.56300000 526.56000 96.10000 15.69100 63.30700
21 12 20 04 45 19544.10000 5.56300000 526.56000 96.10000 15.69100 63.30700
21 12 20 04 45 19544.10000 5.56300000 526.61000 96.10000 15.69100 63.30700
21 12 20 04 46 19551.40000 5.56300000 526.61000 96.10000 15.69100 62.60000
21 12 20 04 46 19548.10000 5.56300000 526.61000 96.18000 15.69100 62.60000
21 12 20 04 47 19548.10000 5.56300000 526.61000 96.18000 15.69100 62.60000
21 12 20 04 47 19555.80000 5.56300000 526.83000 96.18000 15.69100 62.60000
21 12 20 04 47 19557.60000 5.56300000 526.83000 96.18000 15.69100 62.60000
21 12 20 04 48 19557.60000 5.56300000 526.83000 96.18000 15.69100 62.60000
21 12 20 04 48 19557.60000 5.56300000 526.89000 96.18000 15.69100 62.60000
21 12 20 04 49 19561.50000 5.56300000 526.90000 96.19000 15.69100 62.60000
21 12 20 04 49 19561.50000 5.56300000 526.90000 96.28000 15.69100 62.60000
21 12 20 04 50 19561.40000 5.56300000 526.90000 96.32000 15.69100 62.60000
21 12 20 04 50 19559.10000 5.56300000 526.91000 96.22000 15.69100 62.60000
21 12 20 04 50 19554.60000 5.56300000 526.94000 96.22000 15.69100 62.60000
21 12 20 04 51 19520.00000 5.56300000 526.94000 96.00000 15.69100 62.60000
21 12 20 04 51 19515.50000 5.56300000 526.94000 95.88000 15.69100 62.60000
21 12 20 04 52 19510.10000 5.56300000 526.94000 95.77000 15.69100 62.60000
21 12 20 04 52 19516.30000 5.56300000 526.53000 95.75000 15.69100 62.60000
21 12 20 04 53 19516.30000 5.56300000 526.53000 95.89000 15.69100 62.60000
21 12 20 04 53 19510.10000 5.56300000 526.45000 95.83000 15.69100 62.29600
21 12 20 04 53 19481.00000 5.56300000 525.98000 95.68000 15.69100 62.15000
21 12 20 04 54 19450.50000 5.56300000 525.98000 95.60000 15.69100 62.15000
21 12 20 04 54 19435.20000 5.56300000 525.41000 95.55000 15.69100 62.15000
21 12 20 04 55 19435.20000 5.56300000 525.41000 95.55000 15.69100 62.01200
