M=[
21 6 20 03 15 8370.50000 5.59000000 205.16000 39.11000 15.68200 46.41000
21 6 20 03 16 8370.50000 5.59000000 205.16000 39.11000 15.68200 46.41000
21 6 20 03 16 8370.50000 5.59000000 205.16000 39.11000 15.68200 46.41000
21 6 20 03 17 8370.50000 5.59000000 205.16000 39.11000 15.68200 46.41000
21 6 20 03 17 8370.60000 5.59000000 205.16000 39.11000 15.68200 46.41000
21 6 20 03 17 8370.40000 5.59000000 205.16000 39.11000 15.68200 46.41000
21 6 20 03 18 8370.60000 5.59000000 205.25000 38.96000 15.68200 46.41000
21 6 20 03 18 8369.90000 5.59000000 205.25000 38.96000 15.68200 46.41000
21 6 20 03 19 8371.20000 5.59000000 205.25000 38.96000 15.68200 46.41000
21 6 20 03 19 8371.20000 5.59000000 205.25000 38.96000 15.68200 46.41000
21 6 20 03 20 8371.20000 5.59000000 205.26000 38.96000 15.68200 46.41000
21 6 20 03 20 8370.00000 5.59000000 205.16000 38.95000 15.68200 46.41000
21 6 20 03 21 8370.00000 5.59000000 205.16000 38.95000 15.59900 46.41000
21 6 20 03 21 8370.00000 5.59000000 205.16000 38.95000 15.59900 46.41000
21 6 20 03 22 8368.50000 5.59000000 205.16000 38.95000 15.70700 46.41000
21 6 20 03 22 8368.50000 5.59000000 205.16000 38.95000 15.70700 46.41000
21 6 20 03 22 8368.70000 5.59000000 205.16000 38.95000 15.70700 46.41000
21 6 20 03 23 8370.10000 5.59000000 205.16000 38.95000 15.70700 46.41000
21 6 20 03 23 8370.10000 5.59000000 205.16000 38.95000 15.70700 46.41000
21 6 20 03 24 8368.40000 5.59600000 205.16000 38.95000 15.70700 46.41000
21 6 20 03 24 8368.50000 5.59600000 205.16000 38.95000 15.70700 46.41000
21 6 20 03 25 8368.40000 5.59600000 205.16000 38.95000 15.70700 46.43300
21 6 20 03 25 8369.90000 5.59600000 205.16000 38.95000 15.70700 46.41000
21 6 20 03 26 8369.90000 5.59600000 205.16000 38.95000 15.70700 46.41000
21 6 20 03 26 8371.20000 5.59600000 205.16000 38.95000 15.70700 46.41000
21 6 20 03 27 8371.20000 5.59600000 205.16000 38.95000 15.70700 46.41000
21 6 20 03 27 8371.20000 5.59600000 205.38000 38.95000 15.70700 46.41000
21 6 20 03 27 8371.20000 5.59600000 205.16000 38.95000 15.70700 46.41000
21 6 20 03 28 8371.20000 5.59600000 205.38000 38.95000 15.70700 46.41000
21 6 20 03 28 8371.20000 5.59600000 205.25000 38.95000 15.70700 46.41000
21 6 20 03 29 8371.20000 5.59600000 205.25000 38.95000 15.70700 46.41000
21 6 20 03 29 8371.20000 5.59600000 205.25000 38.95000 15.70700 46.41000
21 6 20 03 30 8371.20000 5.59600000 205.24000 38.95000 15.70700 46.41000
21 6 20 03 30 8371.20000 5.59600000 205.24000 38.95000 15.70700 46.41000
21 6 20 03 31 8371.10000 5.59600000 205.24000 38.95000 15.70700 46.41000
21 6 20 03 31 8371.10000 5.59600000 205.24000 38.95000 15.80500 46.41000
21 6 20 03 32 8371.20000 5.59600000 205.24000 38.95000 15.80500 46.41000
21 6 20 03 32 8371.20000 5.59600000 205.24000 38.95000 15.80500 46.41000
21 6 20 03 33 8371.10000 5.59600000 205.24000 38.95000 15.80500 46.41000
21 6 20 03 33 8371.10000 5.59600000 205.24000 38.95000 15.80500 46.41000
21 6 20 03 33 8371.10000 5.59600000 205.24000 38.95000 15.80500 46.41000
21 6 20 03 34 8373.80000 5.59600000 205.24000 38.95000 15.80500 46.41000
21 6 20 03 34 8373.80000 5.59600000 205.24000 38.95000 15.80500 46.41000
21 6 20 03 35 8375.00000 5.59600000 205.24000 38.95000 15.80500 46.41000
21 6 20 03 35 8375.00000 5.59600000 205.24000 38.95000 15.80500 46.41000
21 6 20 03 36 8375.00000 5.59600000 205.24000 38.95000 15.80500 46.41000
21 6 20 03 36 8375.00000 5.59600000 205.24000 38.95000 15.80500 46.41000
21 6 20 03 37 8375.00000 5.59600000 205.24000 38.95000 15.80500 46.41000
21 6 20 03 37 8375.00000 5.59600000 205.24000 38.95000 15.80500 46.41000
21 6 20 03 38 8375.00000 5.59600000 205.24000 38.95000 15.80500 46.41000
21 6 20 03 38 8374.70000 5.59600000 205.24000 38.95000 15.80500 46.41000
21 6 20 03 38 8374.70000 5.59600000 205.24000 38.95000 15.80500 46.41000
21 6 20 03 39 8374.60000 5.59600000 205.24000 38.95000 15.80500 46.41000
21 6 20 03 39 8374.60000 5.59600000 205.24000 38.95000 15.80500 46.41000
21 6 20 03 40 8374.60000 5.59600000 205.24000 38.95000 15.80500 46.41000
21 6 20 03 40 8374.60000 5.59600000 205.24000 38.95000 15.80500 46.41000
21 6 20 03 41 8374.70000 5.59600000 205.35000 38.95000 15.80500 46.41000
21 6 20 03 41 8374.70000 5.59600000 205.34000 38.95000 15.80500 46.41000
21 6 20 03 42 8374.70000 5.59600000 205.34000 38.95000 15.80500 46.41000
21 6 20 03 42 8371.80000 5.59600000 205.34000 38.95000 15.80500 46.41000
21 6 20 03 43 8371.90000 5.59600000 205.21000 38.95000 15.80500 46.41000
21 6 20 03 43 8371.80000 5.59600000 205.21000 38.95000 15.80500 46.41000
21 6 20 03 43 8371.30000 5.59600000 205.21000 38.95000 15.80500 46.41000
21 6 20 03 44 8371.30000 5.59600000 205.21000 38.95000 15.80500 46.41000
21 6 20 03 44 8371.30000 5.59600000 205.16000 38.95000 15.80500 46.41000
21 6 20 03 45 8369.40000 5.59600000 205.16000 38.95000 15.80500 46.41000
21 6 20 03 45 8369.30000 5.59600000 205.15000 38.95000 15.80500 46.41000
21 6 20 03 46 8369.30000 5.59600000 205.05000 38.95000 15.80500 46.41000
21 6 20 03 46 8368.70000 5.59600000 205.05000 38.95000 15.80500 46.41000
21 6 20 03 47 8368.60000 5.59600000 205.05000 38.95000 15.80500 46.41000
21 6 20 03 47 8368.50000 5.59600000 205.05000 38.95000 15.80500 46.41000
21 6 20 03 47 8368.50000 5.59600000 205.05000 38.91000 15.80500 46.41000
21 6 20 03 48 8368.50000 5.59600000 205.05000 38.91000 15.80500 46.41000
21 6 20 03 48 8368.50000 5.59600000 205.12000 38.91000 15.80500 46.41000
21 6 20 03 49 8368.50000 5.59600000 205.12000 38.91000 15.80500 46.41000
21 6 20 03 49 8368.50000 5.59600000 205.12000 38.91000 15.80500 46.41000
21 6 20 03 50 8368.50000 5.59600000 205.12000 38.91000 15.80500 46.41000
21 6 20 03 50 8368.50000 5.59600000 205.12000 38.91000 15.80500 46.41000
21 6 20 03 51 8368.40000 5.59600000 205.12000 38.91000 15.80500 46.41000
21 6 20 03 51 8366.20000 5.59600000 205.12000 38.91000 15.80500 46.41000
21 6 20 03 52 8366.20000 5.59600000 205.12000 38.91000 15.80500 46.41000
21 6 20 03 52 8366.60000 5.59600000 205.12000 38.91000 15.80500 46.41000
21 6 20 03 52 8366.60000 5.59600000 205.11000 38.91000 15.80500 46.41000
21 6 20 03 53 8364.40000 5.59600000 205.11000 38.91000 15.80500 46.41000
21 6 20 03 53 8366.50000 5.59600000 205.12000 38.91000 15.80500 46.41000
21 6 20 03 54 8366.60000 5.59600000 205.01000 38.91000 15.80500 46.41000
21 6 20 03 54 8366.60000 5.59600000 205.01000 38.91000 15.84600 46.41000
21 6 20 03 55 8368.50000 5.59600000 205.01000 38.91000 15.84300 46.41000
21 6 20 03 55 8368.50000 5.59600000 205.03000 38.91000 15.84300 46.41000
21 6 20 03 56 8368.40000 5.59600000 205.03000 38.91000 15.84300 46.41000
21 6 20 03 56 8368.50000 5.59600000 205.03000 38.91000 15.84300 46.41000
21 6 20 03 57 8368.50000 5.59600000 205.03000 38.91000 15.84300 46.41000
21 6 20 03 57 8368.50000 5.59300000 205.11000 38.91000 15.84300 46.43300
21 6 20 03 57 8368.50000 5.59300000 205.11000 38.91000 15.84300 46.41000
21 6 20 03 58 8368.40000 5.59300000 205.11000 38.91000 15.84300 46.41000
21 6 20 03 58 8368.50000 5.59300000 205.11000 38.91000 15.84300 46.41000
21 6 20 03 59 8368.50000 5.59300000 205.11000 38.91000 15.84300 46.41000
21 6 20 03 59 8368.50000 5.59300000 205.11000 38.91000 15.84300 46.41000
21 6 20 04 00 8368.40000 5.59300000 205.11000 38.91000 15.84300 46.41000
21 6 20 04 00 8368.40000 5.59300000 205.11000 38.91000 15.84300 46.15800
21 6 20 04 01 8374.80000 5.59300000 205.49000 38.91000 15.84300 46.15800
21 6 20 04 01 8374.80000 5.59300000 205.49000 38.91000 15.90000 46.15800
21 6 20 04 02 8374.90000 5.59300000 205.49000 38.91000 15.90000 46.15800
21 6 20 04 02 8374.90000 5.59300000 205.49000 38.91000 15.90000 46.15800
21 6 20 04 03 8374.90000 5.59300000 205.47000 38.91000 15.90400 46.15800
21 6 20 04 03 8374.90000 5.59300000 205.47000 38.91000 15.90400 46.15800
21 6 20 04 04 8374.90000 5.59300000 205.47000 38.91000 15.90400 46.15800
21 6 20 04 04 8374.90000 5.59300000 205.47000 38.91000 15.90400 46.15800
21 6 20 04 04 8374.90000 5.59300000 205.46000 38.91000 15.90400 46.15800
