M=[
14 8 20 15 09 9898.90000 5.80000000 360.30000 47.60000 18.08400 71.12500
14 8 20 15 10 9905.70000 5.80000000 360.62000 47.66000 18.08500 71.12500
14 8 20 15 10 9903.90000 5.80000000 360.56000 47.66000 18.08500 71.12500
14 8 20 15 11 9900.00000 5.80000000 360.37000 47.66000 18.08500 71.12500
14 8 20 15 11 9899.00000 5.80000000 360.37000 47.66000 18.03700 71.12500
14 8 20 15 12 9903.60000 5.80000000 360.53000 47.62000 18.03700 71.12500
14 8 20 15 12 9903.60000 5.80000000 360.53000 47.62000 18.03700 71.12500
14 8 20 15 13 9903.60000 5.80000000 360.45000 47.62000 18.03700 71.12500
14 8 20 15 13 9900.40000 5.80000000 360.54000 47.66000 18.04400 71.12500
14 8 20 15 14 9907.10000 5.80000000 360.65000 47.66000 18.04400 71.12500
14 8 20 15 14 9900.00000 5.80000000 360.43000 47.66000 18.04400 71.12500
14 8 20 15 15 9899.90000 5.80000000 360.50000 47.68000 18.04400 71.12500
14 8 20 15 15 9900.00000 5.80000000 360.45000 47.68000 18.08800 71.12500
14 8 20 15 16 9910.00000 5.80000000 360.81000 47.68000 18.04500 71.12500
14 8 20 15 16 9909.90000 5.80000000 361.10000 47.77000 18.09900 71.12500
14 8 20 15 17 9913.00000 5.80000000 361.43000 47.77000 18.09900 71.07900
14 8 20 15 17 9912.70000 5.80000000 361.49000 47.74000 18.09900 71.07900
14 8 20 15 18 9912.90000 5.80000000 361.49000 47.74000 18.10300 71.07900
14 8 20 15 18 9912.90000 5.80000000 361.71000 47.74000 18.10300 71.07900
14 8 20 15 19 9916.90000 5.80000000 361.74000 47.74000 18.10300 71.07900
14 8 20 15 19 9912.80000 5.80000000 361.24000 47.80000 18.10300 71.07900
14 8 20 15 20 9912.60000 5.80000000 361.36000 47.80000 18.10300 71.07900
14 8 20 15 20 9912.60000 5.80000000 361.54000 47.82000 18.12600 71.07900
14 8 20 15 21 9909.40000 5.80000000 361.35000 47.82000 18.12600 71.07900
14 8 20 15 21 9909.40000 5.80000000 361.34000 47.83000 18.12600 71.07900
14 8 20 15 22 9909.40000 5.80000000 361.33000 47.83000 18.12600 71.07900
14 8 20 15 22 9909.40000 5.80000000 361.30000 47.75000 18.12600 71.07900
14 8 20 15 23 9909.50000 5.80000000 361.23000 47.75000 18.12600 71.07900
14 8 20 15 23 9909.40000 5.80000000 361.19000 47.75000 18.12600 71.07900
14 8 20 15 24 9911.10000 5.80000000 361.38000 47.75000 18.12600 71.07900
14 8 20 15 24 9913.20000 5.80000000 361.63000 47.83000 18.12600 71.07900
14 8 20 15 24 9913.40000 5.80000000 361.51000 47.83000 18.12600 71.07900
14 8 20 15 25 9913.40000 5.80000000 361.34000 47.83000 18.12600 71.07900
14 8 20 15 25 9916.40000 5.80000000 361.19000 47.83000 18.12600 71.07900
14 8 20 15 26 9914.10000 5.80000000 361.17000 47.83000 18.12600 71.07900
14 8 20 15 26 9914.20000 5.80000000 360.91000 47.83000 18.12600 71.07900
14 8 20 15 27 9914.20000 5.80000000 361.36000 47.83000 18.12600 71.07900
14 8 20 15 27 9913.30000 5.80000000 361.17000 47.73000 18.12700 71.07900
14 8 20 15 28 9913.40000 5.80000000 361.28000 47.73000 18.12700 71.07900
14 8 20 15 28 9913.50000 5.80000000 361.32000 47.73000 18.12700 71.07900
14 8 20 15 29 9912.10000 5.80000000 361.31000 47.73000 18.12700 71.07900
14 8 20 15 29 9913.50000 5.80000000 361.30000 47.73000 18.12700 71.07900
14 8 20 15 30 9915.90000 5.80000000 361.11000 47.73000 18.12700 71.07900
14 8 20 15 30 9915.90000 5.80000000 360.63000 47.73000 18.12700 71.07900
14 8 20 15 31 9915.90000 5.80000000 360.90000 47.73000 18.14500 71.07900
14 8 20 15 31 9915.80000 5.80000000 360.70000 47.73000 18.14500 71.07900
14 8 20 15 32 9915.90000 5.80000000 360.53000 47.73000 18.14500 71.07900
14 8 20 15 32 9915.90000 5.80000000 360.61000 47.73000 18.14500 71.07900
14 8 20 15 33 9917.90000 5.80000000 360.74000 47.68000 18.14500 71.07900
14 8 20 15 33 9917.80000 5.80000000 360.74000 47.63000 18.11600 71.07900
14 8 20 15 34 9917.90000 5.80000000 360.79000 47.63000 18.11600 71.07900
14 8 20 15 34 9917.90000 5.80000000 360.90000 47.68000 18.11000 71.07900
14 8 20 15 35 9917.90000 5.80000000 360.90000 47.68000 18.11000 71.07900
14 8 20 15 35 9917.90000 5.80000000 360.98000 47.68000 18.11000 71.07900
14 8 20 15 36 9919.80000 5.80000000 361.36000 47.68000 18.11000 71.07900
14 8 20 15 36 9921.90000 5.80000000 361.49000 47.68000 18.11000 71.20000
14 8 20 15 37 9922.10000 5.80000000 361.50000 47.76000 18.11000 71.20000
14 8 20 15 37 9921.10000 5.80000000 361.49000 47.76000 18.11000 71.31000
14 8 20 15 37 9919.90000 5.80000000 361.46000 47.76000 18.11000 71.31000
14 8 20 15 38 9921.00000 5.80000000 361.49000 47.76000 18.11000 71.31000
14 8 20 15 38 9921.50000 5.80000000 361.51000 47.76000 18.11000 71.31000
14 8 20 15 39 9922.40000 5.80000000 361.85000 47.76000 18.11000 71.31000
14 8 20 15 39 9922.40000 5.80000000 361.93000 47.76000 18.11000 71.31000
14 8 20 15 40 9922.10000 5.81300000 361.94000 47.76000 18.11000 71.31000
14 8 20 15 40 9922.10000 5.81300000 361.87000 47.80000 18.11000 71.31000
14 8 20 15 41 9921.90000 5.81300000 361.87000 47.80000 18.11000 71.31000
14 8 20 15 41 9920.70000 5.81300000 361.97000 47.80000 18.11000 71.31000
14 8 20 15 42 9920.10000 5.81300000 361.86000 47.80000 18.11000 71.31000
14 8 20 15 42 9919.90000 5.81300000 361.87000 47.80000 18.11000 71.31000
14 8 20 15 43 9915.40000 5.81300000 361.51000 47.80000 18.11000 71.31000
14 8 20 15 43 9915.40000 5.81300000 361.40000 47.80000 18.11000 71.31000
14 8 20 15 44 9910.40000 5.81300000 361.48000 47.80000 18.11000 71.31000
14 8 20 15 44 9911.60000 5.81300000 361.49000 47.79000 18.11000 71.31000
14 8 20 15 45 9911.80000 5.81300000 361.89000 47.79000 18.11000 71.58200
14 8 20 15 45 9911.40000 5.81300000 361.85000 47.79000 18.11000 71.58200
14 8 20 15 46 9912.60000 5.81300000 362.01000 47.79000 18.11000 71.58200
14 8 20 15 46 9912.70000 5.81300000 361.84000 47.79000 18.13600 71.78000
14 8 20 15 47 9913.10000 5.81300000 362.03000 47.79000 18.13600 71.78000
14 8 20 15 47 9913.00000 5.81300000 362.09000 47.79000 18.13600 71.78000
14 8 20 15 48 9913.20000 5.81300000 362.29000 47.79000 18.13600 71.78000
14 8 20 15 48 9913.10000 5.81300000 362.29000 47.80000 18.13600 71.78000
14 8 20 15 48 9913.10000 5.81300000 362.33000 47.80000 18.13600 71.78000
14 8 20 15 49 9913.20000 5.81800000 362.48000 47.79000 18.16200 71.78000
14 8 20 15 50 9913.10000 5.81800000 362.95000 47.80000 18.16200 71.78000
14 8 20 15 50 9921.30000 5.81800000 363.73000 47.88000 18.16200 71.78000
14 8 20 15 51 9922.50000 5.81800000 364.69000 47.88000 18.17300 71.78000
14 8 20 15 52 9938.90000 5.81800000 367.58000 47.88000 18.20000 71.98100
14 8 20 15 52 9948.50000 5.81800000 367.29000 48.12000 18.18000 71.98100
14 8 20 15 53 9950.00000 5.81800000 368.67000 48.15000 18.18000 71.98100
14 8 20 15 53 9950.10000 5.81800000 369.42000 48.17000 18.18000 71.98100
14 8 20 15 54 9943.30000 5.81800000 366.90000 48.17000 18.13700 71.98100
14 8 20 15 55 9943.40000 5.81800000 368.00000 48.04000 18.18000 71.96600
14 8 20 15 55 9943.30000 5.81800000 367.99000 48.09000 18.18000 71.77700
14 8 20 15 56 9943.60000 5.81800000 367.92000 48.09000 18.18000 71.77700
14 8 20 15 56 9943.60000 5.81800000 367.93000 48.09000 18.18000 71.77700
14 8 20 15 57 9943.60000 5.81800000 367.93000 48.09000 18.18000 71.77700
14 8 20 15 58 9940.10000 5.81800000 367.62000 48.09000 18.18000 71.77700
14 8 20 15 58 9940.00000 5.81800000 367.42000 48.09000 18.18000 71.77700
14 8 20 15 58 9940.00000 5.81800000 367.93000 48.04000 18.18000 72.15800
14 8 20 15 59 9944.00000 5.81800000 369.45000 48.04000 18.18000 71.96600
14 8 20 16 00 9944.00000 5.81800000 369.50000 48.26000 18.18000 71.96300
14 8 20 16 00 9953.30000 5.81800000 371.15000 48.24000 18.18000 71.96300
14 8 20 16 01 9957.50000 5.81800000 370.70000 48.24000 18.18000 71.96300
14 8 20 16 01 9955.30000 5.84600000 370.43000 48.24000 18.18000 71.96300
14 8 20 16 02 9949.20000 5.84600000 370.55000 48.28000 18.18000 71.96300
14 8 20 16 02 9939.20000 5.84600000 369.62000 48.09000 18.18000 71.96300
14 8 20 16 03 9930.90000 5.83000000 368.33000 48.02000 18.18000 71.96300
14 8 20 16 04 9930.80000 5.83000000 367.86000 48.02000 18.18000 71.96300
14 8 20 16 04 9930.90000 5.83000000 368.61000 48.03000 18.18000 72.13100
