M=[
21 5 21 20 15 29246.80000 47.74400000 1871.14000 139.54000 24.60900 124.10100
21 5 21 20 15 29183.50000 47.45700000 1867.00000 139.43000 24.58600 123.44000
21 5 21 20 16 29216.60000 47.61000000 1881.31000 139.46000 24.58600 123.32200
21 5 21 20 16 29111.00000 47.61000000 1870.01000 139.17000 24.41200 123.75600
21 5 21 20 17 29073.00000 47.26400000 1859.01000 138.57000 24.43800 122.72900
21 5 21 20 17 29092.30000 47.26400000 1858.01000 138.96000 24.43800 122.82600
21 5 21 20 18 29063.60000 47.28000000 1858.01000 138.66000 24.43800 122.56700
21 5 21 20 18 29159.00000 47.70000000 1865.02000 139.06000 24.43800 122.39100
21 5 21 20 18 29199.00000 47.98200000 1878.09000 139.51000 24.60000 122.39100
21 5 21 20 19 29314.50000 48.17900000 1897.82000 140.22000 24.60000 123.58300
21 5 21 20 19 29273.50000 48.24100000 1889.02000 140.02000 24.60000 123.67100
21 5 21 20 20 29159.60000 48.24100000 1877.79000 139.39000 24.60000 122.67500
21 5 21 20 20 29088.80000 48.24100000 1873.00000 138.84000 25.38500 122.26400
21 5 21 20 21 29135.20000 47.78500000 1880.00000 138.94000 25.38500 122.34600
21 5 21 20 21 29156.50000 48.00200000 1886.09000 139.63000 25.38500 122.81700
21 5 21 20 21 29291.30000 48.22100000 1895.43000 140.02000 24.57000 122.81700
21 5 21 20 22 29414.30000 48.24500000 1902.07000 140.79000 24.57000 123.92000
21 5 21 20 22 29344.20000 48.36200000 1902.14000 140.62000 25.07300 123.67700
21 5 21 20 23 29264.10000 48.36200000 1893.97000 140.35000 25.07300 122.87100
21 5 21 20 23 29381.20000 48.36200000 1903.17000 141.15000 25.07300 123.49100
21 5 21 20 24 29387.60000 48.38900000 1900.50000 141.29000 25.07300 123.49100
21 5 21 20 24 29415.30000 48.67800000 1905.24000 141.85000 25.07300 123.89700
21 5 21 20 24 29420.10000 48.55700000 1907.20000 142.08000 25.07300 123.89700
21 5 21 20 25 29455.40000 49.01600000 1912.85000 142.94000 25.07300 124.56000
21 5 21 20 25 29454.90000 49.20600000 1912.21000 142.40000 25.07300 124.78200
21 5 21 20 26 29540.70000 49.20600000 1916.74000 142.97000 25.07300 125.19100
21 5 21 20 26 29522.20000 49.40700000 1916.02000 143.26000 25.07300 124.94500
21 5 21 20 27 29559.80000 49.40700000 1920.00000 143.38000 24.82000 124.94500
21 5 21 20 27 29639.20000 49.34800000 1923.70000 143.81000 24.82000 124.94500
21 5 21 20 27 29715.10000 49.54400000 1930.48000 144.76000 24.82000 125.69200
21 5 21 20 28 29704.60000 49.48300000 1926.40000 144.14000 24.82000 125.77600
21 5 21 20 28 29775.10000 49.20400000 1932.39000 144.48000 24.82000 126.29200
21 5 21 20 29 29843.50000 49.58800000 1936.46000 144.87000 24.82000 126.52600
21 5 21 20 29 29751.10000 49.43400000 1932.68000 144.51000 24.82000 126.46400
21 5 21 20 30 29741.40000 49.43400000 1930.05000 144.70000 24.82000 126.46400
21 5 21 20 30 29641.10000 49.18700000 1923.02000 144.11000 24.82000 126.46400
21 5 21 20 30 29624.20000 49.17400000 1924.40000 143.96000 24.82000 126.46400
21 5 21 20 31 29618.90000 49.36100000 1922.71000 143.87000 24.82000 126.46400
21 5 21 20 31 29540.90000 48.94600000 1909.02000 142.34000 24.55700 125.79100
21 5 21 20 32 29553.40000 49.01100000 1914.57000 142.84000 24.55700 125.26000
21 5 21 20 32 29452.30000 49.01100000 1907.86000 142.38000 24.53700 124.48400
21 5 21 20 33 29488.10000 48.90700000 1906.99000 142.42000 24.69600 124.48400
21 5 21 20 33 29461.10000 49.09000000 1908.07000 142.63000 24.69600 124.48400
21 5 21 20 33 29420.20000 49.07900000 1895.49000 141.79000 24.69600 124.48400
21 5 21 20 34 29397.60000 48.74700000 1894.88000 141.62000 24.55000 124.48400
21 5 21 20 34 29420.10000 48.84600000 1899.05000 141.82000 24.53700 124.26000
21 5 21 20 35 29390.20000 48.73700000 1895.14000 141.43000 24.53700 123.90300
21 5 21 20 35 29446.80000 48.85500000 1899.99000 142.17000 24.53700 123.79500
21 5 21 20 36 29498.20000 49.33900000 1911.41000 143.21000 24.53700 123.79500
21 5 21 20 36 29632.60000 49.34300000 1916.93000 142.98000 24.53700 125.09100
21 5 21 20 36 29641.00000 49.34300000 1919.81000 143.62000 24.66900 125.81800
21 5 21 20 37 29592.40000 49.34300000 1914.98000 143.16000 24.66900 125.15300
21 5 21 20 37 29519.50000 49.34300000 1906.76000 143.07000 24.85800 125.15300
21 5 21 20 38 29501.90000 49.24700000 1907.87000 142.48000 24.85800 125.15300
21 5 21 20 38 29508.60000 49.28800000 1903.92000 142.16000 24.85800 124.24900
21 5 21 20 39 29494.30000 49.28800000 1906.14000 142.48000 24.56000 124.24900
21 5 21 20 39 29522.20000 49.68300000 1907.87000 142.99000 24.56000 124.24900
21 5 21 20 39 29588.60000 49.68300000 1913.89000 143.16000 24.56000 125.24600
21 5 21 20 40 29592.80000 49.68300000 1916.48000 143.21000 24.56000 125.24600
21 5 21 20 40 29599.20000 49.68300000 1919.75000 143.26000 24.51300 125.24600
21 5 21 20 41 29605.00000 49.78000000 1916.60000 143.26000 24.51300 125.24600
21 5 21 20 41 29618.60000 50.00000000 1918.30000 143.62000 24.51300 126.21200
21 5 21 20 42 29600.00000 50.07100000 1917.35000 143.55000 24.48900 126.21200
21 5 21 20 42 29589.40000 49.76400000 1915.00000 142.96000 24.46600 125.92300
21 5 21 20 42 29550.00000 49.76400000 1909.63000 142.68000 24.57900 125.92300
21 5 21 20 43 29479.70000 49.86800000 1902.63000 142.87000 24.57900 125.59600
21 5 21 20 43 29466.50000 49.61900000 1902.00000 142.87000 24.57900 125.59600
21 5 21 20 44 29477.70000 49.58200000 1902.48000 142.48000 24.57900 125.59600
21 5 21 20 44 29568.40000 49.90500000 1914.41000 143.22000 24.57900 125.96500
21 5 21 20 45 29613.50000 49.77800000 1912.43000 143.04000 24.63500 125.96500
21 5 21 20 45 29700.70000 50.16300000 1918.18000 143.65000 24.72100 126.46400
21 5 21 20 45 29638.30000 50.16300000 1908.43000 143.45000 24.71900 126.62000
21 5 21 20 46 29556.70000 49.91800000 1902.20000 142.56000 24.71900 126.09400
21 5 21 20 46 29425.10000 49.49600000 1894.01000 141.71000 24.71900 126.09400
21 5 21 20 47 29411.50000 49.49600000 1885.80000 141.12000 24.98500 124.84400
21 5 21 20 47 29384.90000 49.40000000 1878.78000 140.79000 24.98500 124.48000
21 5 21 20 48 29437.90000 49.45600000 1883.76000 141.10000 24.98500 124.48000
21 5 21 20 48 29492.90000 49.62600000 1891.28000 141.76000 24.98500 125.11300
21 5 21 20 48 29535.60000 49.77600000 1894.11000 141.54000 24.63300 125.11300
21 5 21 20 49 29469.70000 49.72100000 1890.00000 141.55000 24.63300 125.11300
21 5 21 20 49 29504.20000 49.72100000 1897.63000 141.54000 24.63300 125.11300
21 5 21 20 50 29527.30000 50.00600000 1894.63000 141.84000 24.63300 125.11300
21 5 21 20 50 29462.70000 49.83600000 1885.00000 141.38000 24.63300 125.11300
21 5 21 20 51 29400.70000 49.83600000 1880.00000 140.66000 24.63300 125.11300
21 5 21 20 51 29349.80000 49.83600000 1877.71000 140.31000 24.63300 124.08900
21 5 21 20 51 29155.50000 49.26400000 1870.00000 139.82000 24.62900 123.48800
21 5 21 20 52 29157.10000 49.15000000 1868.53000 139.11000 24.62900 123.17100
21 5 21 20 52 29168.50000 48.98700000 1868.20000 139.10000 24.62900 122.57400
21 5 21 20 53 29142.10000 48.95200000 1861.89000 138.71000 24.62900 122.65800
21 5 21 20 53 29117.60000 49.01100000 1864.80000 138.63000 24.62900 122.52900
21 5 21 20 54 29075.00000 48.81300000 1857.06000 138.34000 24.62900 122.11400
21 5 21 20 54 29083.30000 48.98800000 1856.21000 138.75000 24.62900 121.89600
21 5 21 20 54 29069.50000 48.80000000 1853.55000 138.40000 24.95300 122.14900
21 5 21 20 55 29077.20000 48.80000000 1857.27000 138.48000 24.95300 121.95500
21 5 21 20 55 29010.40000 48.80000000 1855.41000 137.91000 24.95300 121.95500
21 5 21 20 56 29028.80000 48.80000000 1852.99000 138.11000 24.95300 121.95500
21 5 21 20 56 29154.20000 48.88800000 1862.72000 139.26000 24.95300 122.51800
21 5 21 20 57 29136.10000 48.98200000 1864.99000 139.25000 24.95300 122.40600
21 5 21 20 57 29228.50000 49.17600000 1863.63000 139.44000 24.95300 122.66400
21 5 21 20 57 29168.00000 49.09300000 1858.55000 139.84000 24.95300 121.97200
21 5 21 20 58 29000.00000 48.90900000 1850.01000 139.00000 24.95300 121.54700
21 5 21 20 58 29014.20000 48.69700000 1851.29000 139.07000 24.95300 121.07400
