M=[
28 9 20 05 44 9360.00000 4.97500000 308.20000 40.00000 12.60000 49.11600
28 9 20 05 44 9360.00000 4.97500000 308.10000 40.00000 12.60000 49.11600
28 9 20 05 45 9361.10000 4.97600000 308.10000 40.00000 12.60000 49.11600
28 9 20 05 45 9361.10000 4.97400000 308.00000 40.00000 12.60000 49.11600
28 9 20 05 45 9361.10000 4.97400000 308.00000 40.00000 12.60000 49.11600
28 9 20 05 46 9362.10000 4.97400000 308.00000 39.95000 12.60000 49.11600
28 9 20 05 46 9361.10000 4.97400000 308.00000 39.95000 12.60000 49.11600
28 9 20 05 47 9362.00000 4.97400000 307.99000 39.95000 12.60000 49.11600
28 9 20 05 47 9362.00000 4.97400000 307.90000 39.95000 12.60000 49.11600
28 9 20 05 48 9363.60000 4.97400000 307.90000 39.95000 12.60000 49.11600
28 9 20 05 48 9362.50000 4.97400000 307.90000 39.95000 12.60000 49.11600
28 9 20 05 48 9360.00000 4.97400000 307.71000 39.95000 12.60000 49.11600
28 9 20 05 49 9360.00000 4.97400000 307.71000 39.95000 12.60000 49.11600
28 9 20 05 49 9360.10000 4.97400000 307.71000 39.95000 12.60000 49.11600
28 9 20 05 50 9360.10000 4.97400000 307.70000 39.95000 12.60000 49.11600
28 9 20 05 50 9360.10000 4.97400000 307.70000 39.95000 12.60000 49.11600
28 9 20 05 51 9360.10000 4.97400000 307.70000 39.95000 12.60000 49.11600
28 9 20 05 51 9360.30000 4.97400000 307.48000 39.95000 12.60000 49.11600
28 9 20 05 52 9360.90000 4.92300000 307.95000 39.95000 12.60000 49.11600
28 9 20 05 52 9362.70000 4.92300000 307.83000 39.95000 12.60000 49.11600
28 9 20 05 52 9362.40000 4.92300000 307.81000 39.95000 12.60000 49.11600
28 9 20 05 53 9364.30000 4.92300000 307.90000 39.95000 12.60000 49.11600
28 9 20 05 53 9360.70000 4.92300000 307.90000 39.95000 12.60000 49.11600
28 9 20 05 54 9361.40000 4.92300000 307.72000 39.95000 12.60000 49.11600
28 9 20 05 54 9363.20000 4.92300000 307.72000 39.92000 12.60000 49.11600
28 9 20 05 55 9364.20000 4.92300000 307.72000 39.92000 12.60000 49.11600
28 9 20 05 55 9367.00000 4.92300000 307.72000 39.92000 12.60000 49.11600
28 9 20 05 55 9367.90000 4.92300000 307.72000 39.92000 12.60000 49.11600
28 9 20 05 56 9367.80000 4.92300000 307.90000 39.92000 12.60000 49.11600
28 9 20 05 56 9368.50000 4.92300000 307.90000 39.92000 12.60000 49.11600
28 9 20 05 57 9369.00000 4.92300000 307.91000 39.92000 12.60000 49.11600
28 9 20 05 57 9365.70000 4.92300000 307.90000 39.92000 12.60000 49.11600
28 9 20 05 58 9365.50000 4.92300000 307.77000 39.92000 12.60000 49.11600
28 9 20 05 58 9368.70000 4.92300000 308.00000 39.92000 12.60000 49.11600
28 9 20 05 58 9368.90000 4.92300000 308.00000 39.92000 12.60000 49.11600
28 9 20 05 59 9369.20000 4.92300000 308.08000 39.92000 12.60000 49.11600
28 9 20 05 59 9370.20000 4.92300000 307.95000 39.92000 12.60000 49.11600
28 9 20 06 00 9371.00000 4.92300000 307.83000 39.92000 12.60000 49.11600
28 9 20 06 00 9372.70000 4.92300000 307.83000 39.92000 12.60000 49.11600
28 9 20 06 01 9372.70000 4.92300000 307.83000 39.92000 12.60000 49.11600
28 9 20 06 01 9372.40000 4.92300000 307.83000 39.92000 12.60000 49.11600
28 9 20 06 02 9372.30000 4.92300000 307.83000 39.92000 12.60000 48.90000
28 9 20 06 02 9371.80000 4.92300000 308.01000 39.92000 12.60000 48.90000
28 9 20 06 02 9374.80000 4.92300000 308.01000 39.92000 12.60000 48.90000
28 9 20 06 03 9373.70000 4.92300000 308.01000 39.92000 12.60000 48.90000
28 9 20 06 03 9373.20000 4.92300000 308.09000 39.92000 12.60000 48.90000
28 9 20 06 04 9366.30000 4.92300000 308.07000 39.92000 12.60000 48.90000
28 9 20 06 04 9373.30000 4.92300000 308.07000 39.92000 12.60000 48.90000
28 9 20 06 05 9372.20000 4.92300000 308.07000 39.92000 12.60000 48.90000
28 9 20 06 05 9371.60000 4.92300000 308.07000 39.92000 12.60000 48.90000
28 9 20 06 05 9363.70000 4.92300000 308.00000 39.92000 12.60000 48.90000
28 9 20 06 06 9368.40000 4.92300000 308.00000 39.92000 12.60000 49.03800
28 9 20 06 06 9367.50000 4.92300000 308.00000 39.92000 12.60000 49.03800
28 9 20 06 07 9367.50000 4.92300000 308.00000 39.92000 12.60000 49.03800
28 9 20 06 07 9369.70000 4.92300000 307.83000 39.92000 12.60000 49.03800
28 9 20 06 08 9369.30000 4.92300000 307.83000 39.92000 12.60000 49.03800
28 9 20 06 08 9368.50000 4.92300000 307.82000 39.92000 12.60000 49.03800
28 9 20 06 08 9367.90000 4.92300000 307.84000 39.92000 12.60000 49.03800
28 9 20 06 09 9368.10000 4.92300000 307.84000 39.92000 12.60000 49.03800
28 9 20 06 09 9369.40000 4.92300000 307.84000 39.92000 12.60000 49.03800
28 9 20 06 10 9367.60000 4.92300000 307.83000 39.92000 12.60900 49.03800
28 9 20 06 10 9369.30000 4.92300000 307.83000 39.92000 12.60900 49.03800
28 9 20 06 11 9368.20000 4.92300000 308.02000 39.92000 12.60900 49.03800
28 9 20 06 11 9368.80000 4.92300000 308.02000 39.92000 12.60900 49.03800
28 9 20 06 11 9368.50000 4.92300000 308.06000 39.97000 12.60900 49.03800
28 9 20 06 12 9367.50000 4.92300000 308.06000 39.97000 12.60900 49.03800
28 9 20 06 12 9368.50000 4.92300000 308.06000 39.97000 12.60900 49.03800
28 9 20 06 13 9368.40000 4.92300000 308.06000 39.97000 12.60900 49.03800
28 9 20 06 13 9368.70000 4.92300000 308.06000 39.97000 12.60900 49.03800
28 9 20 06 14 9370.30000 4.92300000 308.16000 39.97000 12.60900 49.03800
28 9 20 06 14 9370.80000 4.92300000 308.22000 39.97000 12.60900 49.03800
28 9 20 06 14 9370.10000 4.92300000 308.22000 39.97000 12.60900 49.03800
28 9 20 06 15 9370.50000 4.92300000 307.98000 39.97000 12.60900 49.03800
28 9 20 06 15 9370.80000 4.92300000 308.07000 39.97000 12.60900 49.03800
28 9 20 06 16 9369.60000 4.92300000 308.07000 39.97000 12.60900 49.03800
28 9 20 06 16 9370.50000 4.92300000 308.07000 39.97000 12.60900 49.03800
28 9 20 06 17 9370.90000 4.92300000 308.07000 39.97000 12.60900 49.03800
28 9 20 06 17 9371.00000 4.92300000 308.07000 39.97000 12.60900 49.03800
28 9 20 06 17 9372.40000 4.92300000 308.07000 39.99000 12.60900 49.03800
28 9 20 06 18 9370.50000 4.92300000 308.07000 40.02000 12.60900 49.03800
28 9 20 06 18 9372.50000 4.92300000 308.10000 40.00000 12.60900 49.03800
28 9 20 06 19 9374.80000 4.92300000 308.10000 40.00000 12.60900 49.03800
28 9 20 06 19 9373.50000 4.92300000 308.00000 40.00000 12.60900 49.03800
28 9 20 06 20 9372.20000 4.92300000 308.00000 40.00000 12.60900 49.03800
28 9 20 06 20 9374.20000 4.92300000 308.00000 40.00000 12.60900 49.03800
28 9 20 06 21 9373.90000 4.92300000 308.09000 40.00000 12.60900 48.91200
28 9 20 06 21 9368.90000 4.92300000 308.12000 40.00000 12.60900 48.91200
28 9 20 06 21 9371.70000 4.92300000 308.10000 40.00000 12.60900 48.91200
28 9 20 06 22 9371.60000 4.92300000 308.22000 40.00000 12.60900 48.91200
28 9 20 06 22 9373.10000 4.92300000 308.31000 40.00000 12.60900 48.91200
28 9 20 06 23 9373.00000 4.92300000 308.33000 40.00000 12.60900 48.91200
28 9 20 06 23 9373.80000 4.92300000 308.33000 39.99000 12.60900 48.91200
28 9 20 06 24 9375.70000 4.92300000 308.34000 39.99000 12.60900 48.91200
28 9 20 06 24 9372.90000 4.92300000 308.34000 39.99000 12.60900 48.91200
28 9 20 06 24 9368.50000 4.92300000 308.20000 39.99000 12.60900 48.91200
28 9 20 06 25 9369.00000 4.92300000 308.00000 39.99000 12.60900 48.91200
28 9 20 06 25 9367.60000 4.92300000 308.01000 39.99000 12.60900 48.91200
28 9 20 06 26 9368.50000 4.92300000 308.09000 39.99000 12.60900 48.91200
28 9 20 06 26 9369.40000 4.92300000 308.09000 39.99000 12.60900 48.91200
28 9 20 06 27 9366.60000 4.92300000 308.00000 39.99000 12.60900 48.91200
28 9 20 06 27 9366.70000 4.92300000 308.10000 39.99000 12.60900 48.91200
28 9 20 06 27 9366.60000 4.92300000 308.10000 39.99000 12.60900 48.91200
28 9 20 06 28 9366.50000 4.92300000 308.10000 39.99000 12.60900 48.91200
28 9 20 06 28 9364.30000 4.92300000 308.10000 39.97000 12.60900 48.91200
28 9 20 06 29 9366.60000 4.92300000 308.10000 39.97000 12.60900 48.91200
28 9 20 06 29 9369.10000 4.92300000 308.10000 39.97000 12.60900 48.91200
28 9 20 06 30 9369.00000 4.92300000 308.39000 39.97000 12.60900 48.91200
28 9 20 06 30 9368.50000 4.92300000 308.39000 39.97000 12.60900 48.91200
28 9 20 06 30 9368.70000 4.92300000 308.39000 39.97000 12.60900 48.91200
