M=[
25 4 21 00 53 41527.70000 24.58200000 1839.41000 187.66000 29.56800 166.04300
25 4 21 00 53 41519.10000 24.58200000 1837.98000 187.66000 29.56800 166.04300
25 4 21 00 53 41519.10000 24.58200000 1837.98000 187.66000 29.56800 166.04300
25 4 21 00 54 41480.10000 24.58200000 1836.14000 187.19000 29.56800 166.04300
25 4 21 00 54 41408.10000 24.58200000 1833.17000 186.90000 29.56800 166.04300
25 4 21 00 55 41400.10000 24.58200000 1835.81000 186.41000 29.56800 166.04300
25 4 21 00 55 41446.20000 24.58200000 1835.49000 186.41000 29.56800 166.04300
25 4 21 00 56 41431.70000 24.58200000 1836.59000 186.41000 29.56800 166.04300
25 4 21 00 56 41453.00000 24.58200000 1838.75000 186.88000 29.56800 166.04300
25 4 21 00 56 41469.80000 24.58200000 1839.92000 186.88000 29.56800 166.04300
25 4 21 00 57 41436.40000 24.58200000 1839.23000 187.05000 29.56800 166.04300
25 4 21 00 57 41424.60000 24.58200000 1839.23000 187.05000 29.56800 166.04300
25 4 21 00 58 41412.70000 24.58200000 1840.88000 187.05000 29.56800 166.04300
25 4 21 00 58 41416.20000 24.58200000 1838.92000 187.05000 29.56800 166.04300
25 4 21 00 59 41390.20000 24.58200000 1836.68000 187.05000 29.56800 166.04300
25 4 21 00 59 41416.10000 24.58200000 1839.02000 187.02000 29.56800 166.04300
25 4 21 00 59 41391.90000 24.58200000 1839.02000 187.02000 29.56800 166.04300
25 4 21 01 00 41411.70000 24.58200000 1839.02000 187.49000 29.56800 166.04300
25 4 21 01 00 41428.80000 24.58200000 1843.79000 187.49000 29.56800 166.04300
25 4 21 01 01 41433.10000 24.58200000 1843.41000 187.61000 29.56800 166.04300
25 4 21 01 01 41429.00000 24.58200000 1842.43000 187.61000 29.56800 166.04300
25 4 21 01 02 41429.00000 24.58200000 1842.43000 187.61000 29.56800 166.04300
25 4 21 01 02 41441.50000 24.58200000 1842.43000 187.61000 29.56800 166.26200
25 4 21 01 02 41491.30000 24.58200000 1842.43000 187.61000 29.56800 166.26200
25 4 21 01 03 41481.80000 24.58200000 1845.72000 187.61000 29.56800 166.26200
25 4 21 01 03 41481.20000 24.58200000 1845.86000 187.61000 29.56800 166.26200
25 4 21 01 04 41461.30000 24.58200000 1845.86000 187.91000 29.56800 166.26200
25 4 21 01 04 41461.30000 24.58200000 1847.35000 187.99000 29.56800 166.26200
25 4 21 01 05 41461.30000 24.58200000 1847.35000 187.99000 29.56800 166.26200
25 4 21 01 05 41461.30000 24.58200000 1847.35000 187.99000 29.56800 166.26200
25 4 21 01 05 41473.60000 24.58200000 1847.73000 187.99000 29.56800 166.26200
25 4 21 01 06 41437.00000 24.58200000 1843.90000 187.99000 29.56800 166.26200
25 4 21 01 06 41429.00000 24.58200000 1842.01000 187.99000 29.56800 166.26200
25 4 21 01 07 41422.00000 24.58200000 1844.11000 187.99000 29.56800 166.26200
25 4 21 01 07 41453.40000 24.58200000 1844.11000 187.99000 29.56800 166.26200
25 4 21 01 07 41394.70000 24.58200000 1844.11000 187.99000 29.56800 166.26200
25 4 21 01 08 41444.00000 24.58200000 1844.88000 187.99000 29.56800 166.26200
25 4 21 01 08 41399.60000 24.58200000 1844.35000 187.99000 29.56800 166.26200
25 4 21 01 09 41418.70000 24.58200000 1844.19000 187.99000 29.56800 166.26200
25 4 21 01 09 41437.30000 24.58200000 1845.10000 187.99000 29.56800 166.26200
25 4 21 01 10 41437.30000 24.58200000 1846.76000 187.89000 29.56800 166.26200
25 4 21 01 10 41476.80000 24.58200000 1846.80000 187.89000 29.56800 166.26200
25 4 21 01 10 41476.90000 24.58200000 1846.02000 187.89000 29.56800 166.26200
25 4 21 01 11 41476.90000 24.58200000 1844.37000 187.89000 29.68200 166.26200
25 4 21 01 11 41476.90000 24.58200000 1845.35000 187.83000 29.68200 166.26200
25 4 21 01 12 41458.00000 24.58200000 1847.11000 187.83000 29.68200 166.26200
25 4 21 01 12 41458.10000 24.58200000 1847.11000 187.83000 29.68200 166.26200
25 4 21 01 13 41474.70000 24.58200000 1847.11000 187.83000 29.68200 166.26200
25 4 21 01 13 41456.30000 24.58200000 1844.34000 187.77000 29.68200 166.26200
25 4 21 01 13 41456.30000 24.58200000 1843.46000 187.77000 29.68200 166.26200
25 4 21 01 14 41439.60000 24.58200000 1844.28000 187.72000 29.68200 166.26200
25 4 21 01 14 41414.80000 24.58200000 1844.28000 187.72000 29.68200 166.26200
25 4 21 01 15 41415.70000 24.58200000 1846.95000 187.72000 29.68200 166.26200
25 4 21 01 15 41414.10000 24.58200000 1846.95000 187.72000 29.68200 166.26200
25 4 21 01 16 41415.60000 24.58200000 1843.62000 187.72000 29.68200 166.26200
25 4 21 01 16 41450.90000 24.55400000 1845.01000 188.01000 29.68200 166.26200
25 4 21 01 17 41461.30000 24.55400000 1847.00000 188.01000 29.68200 166.26200
25 4 21 01 17 41477.10000 24.55400000 1849.09000 188.01000 29.68200 166.26200
25 4 21 01 17 41491.20000 24.55400000 1849.09000 188.42000 29.68200 166.26200
25 4 21 01 18 41491.30000 24.55400000 1850.92000 188.85000 29.68200 168.24100
25 4 21 01 18 41497.80000 24.55400000 1851.92000 188.85000 29.68200 168.36100
25 4 21 01 19 41533.10000 24.55400000 1855.80000 189.01000 29.68200 168.36100
25 4 21 01 19 41533.10000 24.55400000 1854.76000 189.17000 29.68200 168.36100
25 4 21 01 20 41533.50000 24.55400000 1854.76000 189.17000 29.68200 168.36100
25 4 21 01 20 41582.50000 24.55400000 1854.76000 189.17000 29.68200 168.36100
25 4 21 01 20 41581.30000 24.55400000 1854.76000 189.17000 29.68200 168.36100
25 4 21 01 21 41605.40000 24.55400000 1854.76000 189.40000 29.68200 168.36100
25 4 21 01 21 41606.00000 24.55400000 1856.15000 189.40000 29.68200 168.36100
25 4 21 01 22 41614.20000 24.80000000 1857.85000 189.50000 29.68200 168.36100
25 4 21 01 22 41583.50000 24.80000000 1854.60000 189.50000 29.68200 168.36100
25 4 21 01 22 41588.40000 24.80000000 1855.24000 189.50000 29.68200 168.36100
25 4 21 01 23 41604.70000 24.80000000 1856.11000 189.50000 29.68200 168.36100
25 4 21 01 23 41616.00000 24.80000000 1856.11000 189.50000 29.68200 168.36100
25 4 21 01 24 41621.70000 24.80000000 1857.85000 189.50000 29.68200 168.36100
25 4 21 01 24 41621.70000 24.80000000 1857.00000 189.50000 29.68200 168.36100
25 4 21 01 25 41604.80000 24.80000000 1857.00000 189.50000 29.68200 168.36100
25 4 21 01 25 41606.00000 24.80000000 1855.04000 189.47000 29.68200 168.36100
25 4 21 01 25 41621.80000 24.80000000 1855.04000 189.47000 29.68200 168.36100
25 4 21 01 26 41680.80000 24.80000000 1859.49000 189.47000 29.68200 169.72100
25 4 21 01 26 41680.80000 24.80000000 1857.07000 189.47000 29.68200 169.72100
25 4 21 01 27 41636.70000 24.80000000 1857.07000 189.68000 29.68200 170.14100
25 4 21 01 27 41661.10000 24.80000000 1857.07000 189.68000 29.68200 170.14100
25 4 21 01 28 41656.60000 24.80000000 1858.20000 189.68000 29.68200 170.14100
25 4 21 01 28 41656.60000 24.80000000 1858.97000 189.70000 29.68200 170.14100
25 4 21 01 28 41680.70000 24.80000000 1858.97000 189.70000 29.68200 171.21000
25 4 21 01 29 41658.20000 24.80000000 1858.97000 189.70000 29.68200 171.21000
25 4 21 01 29 41680.80000 24.80000000 1862.46000 189.80000 29.68200 170.84100
25 4 21 01 30 41758.20000 24.80000000 1866.65000 189.81000 29.68200 170.84100
25 4 21 01 30 41763.10000 24.80000000 1865.82000 189.81000 29.68200 170.84100
25 4 21 01 31 41759.90000 24.80000000 1865.12000 189.81000 29.68200 170.84100
25 4 21 01 31 41730.80000 24.80000000 1862.64000 189.81000 29.68200 170.84100
25 4 21 01 31 41730.80000 24.80000000 1862.61000 189.81000 29.68200 170.84100
25 4 21 01 32 41709.00000 24.80000000 1862.87000 189.81000 29.68200 170.84100
25 4 21 01 32 41708.90000 24.80000000 1861.87000 189.81000 29.68200 170.84100
25 4 21 01 33 41709.40000 24.80000000 1861.87000 189.81000 29.68200 170.63600
25 4 21 01 33 41708.80000 24.80000000 1861.13000 189.81000 29.68200 170.63600
25 4 21 01 34 41652.70000 24.80000000 1861.13000 189.81000 29.68200 170.63600
25 4 21 01 34 41679.90000 24.80000000 1859.25000 189.81000 29.68200 170.63600
25 4 21 01 34 41654.40000 24.80000000 1857.48000 189.81000 29.68200 170.63600
25 4 21 01 35 41662.70000 24.80000000 1859.19000 189.81000 29.68200 170.63600
25 4 21 01 35 41652.70000 24.80000000 1859.19000 189.81000 29.68200 170.63600
25 4 21 01 36 41652.70000 24.80000000 1857.08000 189.81000 29.68200 170.63600
