M=[
 9 1 21 12 09 33198.00000 5.78000000 997.28000 140.00000 15.58200 58.57000
 9 1 21 12 10 33152.20000 5.78000000 997.28000 140.00000 15.58200 58.57000
 9 1 21 12 10 33164.80000 5.78000000 996.65000 139.74000 15.58200 58.57000
 9 1 21 12 10 33178.20000 5.78000000 996.65000 139.74000 15.58200 58.57000
 9 1 21 12 11 33183.50000 5.78000000 998.00000 139.85000 15.54700 58.57000
 9 1 21 12 11 33189.40000 5.78000000 997.12000 139.85000 15.54700 58.57000
 9 1 21 12 12 33148.40000 5.78000000 996.18000 139.83000 15.54700 58.55100
 9 1 21 12 12 33134.20000 5.78000000 995.63000 139.63000 15.54700 58.55100
 9 1 21 12 13 33138.90000 5.78000000 994.31000 139.25000 15.54700 58.55100
 9 1 21 12 13 33170.70000 5.78000000 995.69000 139.53000 15.54700 58.55100
 9 1 21 12 13 33169.50000 5.78000000 995.99000 139.43000 15.54700 58.55100
 9 1 21 12 14 33163.00000 5.78000000 995.49000 139.43000 15.54700 58.40300
 9 1 21 12 14 33183.90000 5.78000000 995.50000 139.43000 15.54700 58.40300
 9 1 21 12 15 33210.40000 5.76400000 997.90000 139.86000 15.54700 58.40300
 9 1 21 12 15 33295.90000 5.76400000 998.16000 139.79000 15.54700 58.40300
 9 1 21 12 16 33308.00000 5.76400000 998.93000 139.79000 15.54700 58.40300
 9 1 21 12 16 33283.40000 5.76400000 998.02000 139.86000 15.54700 58.40300
 9 1 21 12 16 33230.00000 5.76400000 995.76000 139.70000 15.54700 58.40300
 9 1 21 12 17 33163.80000 5.76400000 995.01000 139.23000 15.54700 58.19600
 9 1 21 12 17 33160.10000 5.76400000 995.00000 139.23000 15.54700 58.19600
 9 1 21 12 18 33170.80000 5.76400000 995.00000 139.36000 15.54700 58.13000
 9 1 21 12 18 33152.20000 5.76400000 992.84000 139.36000 15.55000 58.13000
 9 1 21 12 19 33150.30000 5.76400000 992.91000 139.15000 15.55000 58.08600
 9 1 21 12 19 33132.70000 5.76400000 992.93000 138.96000 15.55000 58.08600
 9 1 21 12 19 33132.70000 5.76400000 993.62000 139.12000 15.55000 58.08600
 9 1 21 12 20 33041.40000 5.76400000 991.01000 139.04000 15.55000 58.08600
 9 1 21 12 20 33052.00000 5.76400000 991.11000 138.62000 15.55000 58.08600
 9 1 21 12 21 33090.80000 5.76400000 992.43000 138.92000 15.55000 58.08600
 9 1 21 12 21 33068.40000 5.76400000 992.83000 138.90000 15.55000 58.08600
 9 1 21 12 22 33072.70000 5.72300000 992.52000 138.90000 15.55000 58.08600
 9 1 21 12 22 33062.50000 5.72300000 992.31000 138.90000 15.55000 58.08600
 9 1 21 12 22 33057.50000 5.72300000 992.02000 138.81000 15.55000 58.08600
 9 1 21 12 23 33066.10000 5.72300000 992.02000 138.68000 15.55000 58.08600
 9 1 21 12 23 33081.20000 5.72300000 992.51000 138.68000 15.55000 57.78200
 9 1 21 12 24 33100.00000 5.72300000 993.00000 138.68000 15.55000 57.96700
 9 1 21 12 24 33097.70000 5.72300000 992.93000 138.68000 15.55000 57.96700
 9 1 21 12 25 33063.80000 5.72300000 992.54000 138.60000 15.55000 57.96700
 9 1 21 12 25 33100.00000 5.72300000 992.99000 138.72000 15.55000 57.96700
 9 1 21 12 25 33100.00000 5.72300000 993.00000 138.67000 15.55000 58.10000
 9 1 21 12 26 33123.70000 5.72300000 992.99000 138.69000 15.55000 58.10000
 9 1 21 12 26 33118.10000 5.72300000 992.99000 138.80000 15.55000 58.10000
 9 1 21 12 27 33118.10000 5.72300000 993.00000 138.83000 15.55000 58.10000
 9 1 21 12 27 33102.20000 5.72300000 992.97000 138.83000 15.55000 58.10000
 9 1 21 12 28 33115.30000 5.72300000 992.80000 138.82000 15.55000 58.10000
 9 1 21 12 28 33133.30000 5.72300000 994.00000 138.82000 15.55000 58.10000
 9 1 21 12 28 33138.90000 5.72300000 995.00000 139.13000 15.55000 58.10000
 9 1 21 12 29 33139.20000 5.72300000 995.42000 139.13000 15.55000 58.37800
 9 1 21 12 29 33151.90000 5.74300000 995.77000 138.99000 15.55000 58.37800
 9 1 21 12 30 33139.40000 5.74300000 996.78000 138.43000 15.55000 58.37800
 9 1 21 12 30 33158.40000 5.74300000 997.00000 138.43000 15.61300 58.33900
 9 1 21 12 31 33171.90000 5.74300000 997.00000 138.43000 15.61300 58.33900
 9 1 21 12 31 33171.90000 5.76500000 996.99000 138.43000 15.61300 58.43800
 9 1 21 12 31 33139.30000 5.76500000 997.06000 139.19000 15.61300 58.43800
 9 1 21 12 32 33139.40000 5.76500000 996.90000 139.20000 15.61300 58.51700
 9 1 21 12 32 33171.90000 5.76500000 996.99000 139.19000 15.61300 58.51700
 9 1 21 12 33 33223.40000 5.76500000 997.06000 139.25000 15.61300 58.51700
 9 1 21 12 33 33248.60000 5.76500000 997.05000 139.24000 15.61300 58.51700
 9 1 21 12 34 33199.70000 5.76500000 996.99000 139.24000 15.61100 58.51700
 9 1 21 12 34 33139.40000 5.76500000 994.21000 138.73000 15.61100 58.51700
 9 1 21 12 34 33139.30000 5.76500000 994.38000 138.41000 15.62900 58.51700
 9 1 21 12 35 33099.00000 5.76500000 994.00000 138.30000 15.62900 58.51700
 9 1 21 12 35 33099.00000 5.76500000 992.63000 138.16000 15.62900 58.51700
 9 1 21 12 36 33099.10000 5.79900000 992.63000 137.69000 15.62900 58.51700
 9 1 21 12 36 33096.00000 5.79900000 991.73000 138.16000 15.62900 58.51700
 9 1 21 12 37 33092.10000 5.79900000 991.07000 137.79000 15.62900 58.51700
 9 1 21 12 37 33092.10000 5.79900000 992.01000 137.92000 15.62900 58.01100
 9 1 21 12 37 33080.00000 5.79900000 992.10000 137.91000 15.62900 58.01100
 9 1 21 12 38 33094.90000 5.79900000 991.72000 137.93000 15.62900 58.01100
 9 1 21 12 38 33089.90000 5.79900000 991.67000 137.88000 15.62900 58.01100
 9 1 21 12 39 33082.30000 5.79900000 991.78000 137.71000 15.62900 58.01100
 9 1 21 12 39 33088.00000 5.79900000 991.99000 137.98000 15.62900 58.01100
 9 1 21 12 40 33089.90000 5.79900000 992.68000 137.98000 15.62900 58.01100
 9 1 21 12 40 33070.00000 5.75600000 992.84000 137.98000 15.62900 58.01100
 9 1 21 12 40 33029.30000 5.73800000 991.61000 137.70000 15.62900 58.01100
 9 1 21 12 41 32960.00000 5.73800000 988.00000 137.41000 15.62900 58.01100
 9 1 21 12 41 32992.60000 5.73800000 988.83000 137.41000 15.61000 57.83800
 9 1 21 12 42 32996.10000 5.76300000 990.63000 137.61000 15.64400 57.83800
 9 1 21 12 42 32998.50000 5.76300000 991.50000 137.52000 15.64400 57.83800
 9 1 21 12 43 33000.50000 5.76300000 991.26000 137.52000 15.64400 57.83800
 9 1 21 12 43 33000.60000 5.76300000 991.52000 137.65000 15.64400 57.83800
 9 1 21 12 43 33016.80000 5.76300000 991.52000 137.49000 15.64400 57.83800
 9 1 21 12 44 33032.30000 5.76300000 991.51000 137.49000 15.64400 57.83800
 9 1 21 12 44 33061.90000 5.76300000 992.75000 137.49000 15.64400 57.83800
 9 1 21 12 45 33089.80000 5.76300000 993.52000 137.49000 15.64400 57.83800
 9 1 21 12 45 33090.00000 5.76300000 993.79000 137.94000 15.67600 57.86500
 9 1 21 12 46 33094.90000 5.76300000 993.77000 138.07000 15.67600 57.86500
 9 1 21 12 46 33076.50000 5.76300000 993.80000 138.07000 15.72000 57.86500
 9 1 21 12 46 33070.80000 5.76300000 992.08000 137.91000 15.72000 57.86500
 9 1 21 12 47 33080.30000 5.76300000 992.66000 137.70000 15.72000 57.86500
 9 1 21 12 47 33080.30000 5.76300000 992.66000 137.64000 15.72000 57.86500
 9 1 21 12 48 33080.30000 5.76300000 992.46000 137.72000 15.72000 57.86500
 9 1 21 12 48 33128.50000 5.76300000 993.69000 137.91000 15.72000 57.86500
 9 1 21 12 49 33151.80000 5.76300000 994.60000 138.01000 15.72000 57.91400
 9 1 21 12 49 33151.40000 5.76300000 994.17000 138.07000 15.72000 57.91400
 9 1 21 12 49 33135.20000 5.76300000 994.33000 138.07000 15.69100 57.91400
 9 1 21 12 50 33109.30000 5.76300000 993.36000 138.14000 15.69100 57.91400
 9 1 21 12 50 33122.80000 5.76300000 993.86000 137.83000 15.69100 57.91400
 9 1 21 12 51 33150.60000 5.76300000 994.69000 138.13000 15.69100 57.91400
 9 1 21 12 51 33150.60000 5.76300000 993.80000 138.13000 15.72600 57.91400
 9 1 21 12 52 33168.10000 5.78100000 993.80000 137.93000 15.72600 57.91400
 9 1 21 12 52 33150.50000 5.78100000 994.51000 138.01000 15.72600 57.91400
 9 1 21 12 52 33182.00000 5.78800000 994.97000 138.18000 15.72600 57.91400
 9 1 21 12 53 33181.90000 5.80000000 994.09000 138.18000 15.72600 57.91400
 9 1 21 12 53 33164.40000 5.81000000 994.08000 138.18000 15.72600 57.91400
 9 1 21 12 54 33161.90000 5.81000000 993.40000 138.07000 15.72600 57.91400
 9 1 21 12 54 33179.20000 5.83300000 994.79000 138.11000 15.72600 57.91400
