M=[
17 7 21 02 43 26637.90000 34.57300000 1587.11000 101.56000 19.26500 78.67700
17 7 21 02 43 26675.20000 34.57300000 1587.24000 101.56000 19.26500 78.67700
17 7 21 02 44 26675.20000 34.57300000 1587.24000 101.56000 19.26500 78.67700
17 7 21 02 44 26675.20000 34.57300000 1586.02000 101.56000 19.26500 78.67700
17 7 21 02 45 26675.20000 34.57300000 1586.56000 101.56000 19.26500 78.67700
17 7 21 02 45 26675.20000 34.57300000 1586.56000 101.56000 19.26500 78.67700
17 7 21 02 45 26675.20000 34.57300000 1587.41000 101.56000 19.26500 79.13000
17 7 21 02 46 26675.10000 34.57300000 1587.41000 101.74000 19.26500 79.13000
17 7 21 02 46 26675.10000 34.57300000 1585.99000 101.74000 19.26500 79.13000
17 7 21 02 47 26661.10000 34.57300000 1585.99000 101.74000 19.26500 79.13000
17 7 21 02 47 26661.10000 34.57300000 1585.99000 101.74000 19.26500 79.13000
17 7 21 02 48 26630.90000 34.57300000 1584.16000 101.74000 19.00300 79.19100
17 7 21 02 48 26624.20000 34.57300000 1584.14000 101.74000 19.00300 79.19100
17 7 21 02 48 26629.00000 34.57300000 1584.14000 101.74000 19.00300 79.19100
17 7 21 02 49 26632.20000 34.57300000 1584.14000 101.74000 19.00300 79.19100
17 7 21 02 49 26617.70000 34.57300000 1584.14000 101.74000 19.00300 79.19100
17 7 21 02 50 26584.30000 34.57300000 1583.74000 101.74000 19.07600 78.93500
17 7 21 02 50 26545.30000 34.57300000 1579.51000 101.74000 19.07600 78.93500
17 7 21 02 51 26546.60000 34.57300000 1580.19000 101.74000 19.05700 78.93500
17 7 21 02 51 26539.30000 34.57300000 1578.61000 101.74000 19.05700 78.93500
17 7 21 02 51 26539.30000 34.57300000 1578.80000 101.74000 19.05700 78.93500
17 7 21 02 52 26539.30000 34.57300000 1578.80000 101.74000 19.11600 78.93500
17 7 21 02 52 26537.70000 34.57300000 1578.80000 101.74000 19.11600 78.93500
17 7 21 02 53 26537.70000 34.57300000 1577.91000 101.74000 19.03700 78.93500
17 7 21 02 53 26537.70000 34.57300000 1577.91000 101.74000 19.03700 78.93500
17 7 21 02 54 26537.70000 34.57300000 1577.91000 101.74000 19.03700 78.34100
17 7 21 02 54 26537.60000 34.57300000 1577.91000 101.74000 19.03700 78.34100
17 7 21 02 54 26537.60000 34.57300000 1578.39000 101.74000 19.03700 78.34100
17 7 21 02 55 26557.90000 34.57300000 1579.85000 101.74000 19.03700 78.34100
17 7 21 02 55 26559.90000 34.57300000 1581.11000 101.74000 19.03700 78.52000
17 7 21 02 56 26559.90000 34.57300000 1582.30000 101.74000 19.14300 78.52000
17 7 21 02 56 26559.90000 34.57300000 1582.30000 101.74000 19.14300 78.52000
17 7 21 02 57 26568.30000 34.57300000 1581.30000 101.74000 19.14300 78.52000
17 7 21 02 57 26564.70000 34.57300000 1581.30000 101.48000 19.14300 78.52000
17 7 21 02 57 26564.70000 34.57300000 1581.30000 101.52000 19.14300 78.65400
17 7 21 02 58 26564.70000 34.57300000 1581.30000 101.52000 19.14300 78.65400
17 7 21 02 58 26564.70000 34.57300000 1581.30000 101.52000 19.14300 78.65400
17 7 21 02 59 26574.40000 34.57300000 1582.65000 101.52000 19.14300 78.65400
17 7 21 02 59 26574.40000 34.57300000 1582.65000 101.52000 19.14300 78.65400
17 7 21 03 00 26574.30000 34.57300000 1581.50000 101.52000 19.04100 78.65400
17 7 21 03 00 26555.60000 34.57300000 1581.50000 101.26000 19.04100 78.65400
17 7 21 03 01 26555.60000 34.57300000 1579.11000 101.26000 19.04100 78.65400
17 7 21 03 01 26555.60000 34.57300000 1579.11000 101.26000 19.04100 78.65400
17 7 21 03 01 26555.60000 34.57300000 1579.11000 101.26000 19.04100 78.33000
17 7 21 03 02 26555.60000 34.57300000 1579.60000 101.26000 19.04100 78.33000
17 7 21 03 02 26555.50000 34.57300000 1578.97000 101.26000 19.04100 78.33000
17 7 21 03 03 26543.90000 34.57300000 1578.97000 101.06000 19.04100 78.33000
17 7 21 03 03 26543.90000 34.57300000 1578.97000 101.06000 19.04100 78.33000
17 7 21 03 04 26545.80000 34.57300000 1578.97000 101.12000 19.04100 78.33000
17 7 21 03 04 26545.80000 34.57300000 1578.97000 101.12000 19.04100 78.33000
17 7 21 03 04 26560.60000 34.57300000 1580.04000 101.12000 19.04100 78.33000
17 7 21 03 05 26573.80000 34.57300000 1583.59000 101.12000 19.04100 78.33000
17 7 21 03 05 26574.30000 34.57300000 1583.59000 101.12000 19.04100 78.33000
17 7 21 03 06 26574.30000 34.57300000 1583.59000 101.12000 19.04100 78.39600
17 7 21 03 06 26574.40000 34.57300000 1584.88000 101.12000 19.04100 78.39600
17 7 21 03 07 26592.50000 34.57300000 1584.88000 101.08000 19.04100 78.39600
17 7 21 03 07 26592.50000 34.57300000 1583.98000 101.08000 19.04100 78.39600
17 7 21 03 07 26592.50000 34.57300000 1583.98000 101.08000 19.04000 78.34200
17 7 21 03 08 26590.20000 34.57300000 1583.67000 101.04000 19.04000 78.34200
17 7 21 03 08 26601.30000 34.57300000 1583.67000 101.04000 19.04000 78.34200
17 7 21 03 09 26602.50000 34.57300000 1583.61000 101.04000 19.04000 78.34200
17 7 21 03 09 26602.50000 34.57300000 1583.61000 101.04000 19.04000 78.34200
17 7 21 03 10 26616.10000 34.57300000 1583.61000 101.04000 19.03900 78.37500
17 7 21 03 10 26602.80000 34.57300000 1583.61000 100.78000 19.03900 78.37500
17 7 21 03 10 26582.90000 34.39900000 1583.61000 100.78000 19.03900 78.13400
17 7 21 03 11 26574.40000 34.39900000 1583.61000 100.78000 19.00800 78.00200
17 7 21 03 11 26574.40000 34.39900000 1583.61000 100.78000 19.00800 78.00200
17 7 21 03 12 26578.80000 34.39900000 1579.94000 100.78000 19.00000 78.00200
17 7 21 03 12 26578.80000 34.39900000 1579.94000 100.78000 19.00200 77.96700
17 7 21 03 13 26578.80000 34.39900000 1579.94000 100.75000 19.00200 77.96700
17 7 21 03 13 26578.80000 34.39900000 1579.94000 100.69000 19.00200 77.96700
17 7 21 03 13 26578.80000 34.39900000 1579.94000 100.69000 19.00200 77.91200
17 7 21 03 14 26574.30000 34.39900000 1578.65000 100.69000 18.99400 77.91200
17 7 21 03 14 26574.30000 34.39900000 1578.65000 100.69000 18.99400 77.91200
17 7 21 03 15 26578.80000 34.39900000 1578.65000 100.69000 18.99500 77.91200
17 7 21 03 15 26614.00000 34.39900000 1578.65000 100.69000 18.99500 77.91200
17 7 21 03 16 26646.10000 34.39900000 1578.65000 101.18000 18.99500 77.91200
17 7 21 03 16 26646.10000 34.39900000 1584.24000 101.24000 18.99500 77.91200
17 7 21 03 16 26654.10000 34.39900000 1585.35000 101.24000 18.99500 77.91200
17 7 21 03 17 26635.90000 34.39900000 1585.35000 101.36000 18.99500 77.91200
17 7 21 03 17 26660.00000 34.39900000 1587.12000 101.33000 18.99500 77.91200
17 7 21 03 18 26656.00000 34.39900000 1587.12000 101.33000 18.99500 77.91200
17 7 21 03 18 26656.00000 34.39900000 1587.12000 101.33000 18.99500 77.91200
17 7 21 03 19 26659.70000 34.39900000 1587.12000 101.33000 18.99500 77.91200
17 7 21 03 19 26659.70000 34.39900000 1587.12000 101.45000 18.99500 77.91200
17 7 21 03 19 26659.70000 34.54000000 1586.79000 101.45000 19.02100 77.91200
17 7 21 03 20 26659.80000 34.54000000 1586.79000 101.45000 19.02100 77.91200
17 7 21 03 20 26659.80000 34.54000000 1589.09000 101.45000 19.02100 77.91200
17 7 21 03 21 26661.90000 34.54000000 1589.09000 101.45000 19.02100 77.91200
17 7 21 03 21 26661.90000 34.54000000 1589.09000 101.45000 19.02100 77.91200
17 7 21 03 22 26659.80000 34.54000000 1589.09000 101.45000 19.02100 77.91200
17 7 21 03 22 26636.70000 34.60700000 1589.09000 101.45000 19.02100 77.91200
17 7 21 03 22 26636.70000 34.60700000 1589.09000 101.63000 19.02100 77.91200
17 7 21 03 23 26645.70000 34.60700000 1587.64000 101.63000 19.02100 77.91200
17 7 21 03 23 26645.70000 34.65600000 1587.64000 101.63000 19.02100 77.91200
17 7 21 03 24 26636.90000 34.65600000 1587.64000 101.63000 19.02100 77.91200
17 7 21 03 24 26636.90000 34.65600000 1587.64000 101.63000 19.02100 77.91200
17 7 21 03 25 26638.70000 34.65600000 1586.89000 101.74000 19.02100 77.91200
17 7 21 03 25 26649.40000 34.65600000 1586.89000 101.74000 19.02100 77.91200
17 7 21 03 26 26649.40000 34.65600000 1586.15000 101.74000 19.02100 77.91200
17 7 21 03 26 26636.90000 34.65600000 1585.82000 101.74000 19.02100 77.91200
17 7 21 03 26 26636.90000 34.65600000 1585.82000 101.74000 19.02100 77.91200
17 7 21 03 27 26643.70000 34.65600000 1586.59000 101.89000 19.02100 77.91200
