M=[
12 4 21 19 58 50463.80000 16.22900000 1799.55000 204.70000 40.24000 185.13900
12 4 21 19 58 50473.20000 16.22900000 1799.55000 204.61000 40.24000 184.99000
12 4 21 19 58 50473.20000 16.22900000 1799.55000 204.61000 40.24000 184.99000
12 4 21 19 59 50473.10000 16.22900000 1799.09000 204.61000 40.24000 184.99000
12 4 21 19 59 50473.20000 16.22900000 1799.42000 204.46000 40.24000 184.99000
12 4 21 20 00 50491.20000 16.22900000 1800.89000 204.68000 40.24000 184.99000
12 4 21 20 00 50499.90000 16.22900000 1801.10000 204.53000 40.24000 184.99000
12 4 21 20 01 50505.00000 16.22900000 1800.48000 204.21000 40.24000 184.99000
12 4 21 20 01 50500.00000 16.22900000 1801.07000 204.20000 40.24000 184.99000
12 4 21 20 01 50504.70000 16.22900000 1801.08000 204.20000 40.24000 184.99000
12 4 21 20 02 50458.40000 16.22900000 1799.10000 204.00000 40.24000 185.09000
12 4 21 20 02 50456.10000 16.22900000 1799.27000 204.00000 40.24000 185.09000
12 4 21 20 03 50434.70000 16.22900000 1798.47000 203.80000 40.24000 185.09000
12 4 21 20 03 50436.90000 16.22900000 1798.52000 203.80000 40.24000 184.41400
12 4 21 20 04 50429.50000 16.22900000 1797.46000 203.67000 40.24000 184.41400
12 4 21 20 04 50429.80000 16.22900000 1798.38000 203.77000 40.24000 184.30400
12 4 21 20 04 50429.80000 16.22900000 1798.38000 203.77000 40.06000 184.66100
12 4 21 20 05 50422.80000 16.22900000 1798.38000 203.77000 40.06000 184.66100
12 4 21 20 05 50408.30000 16.22900000 1796.91000 203.64000 40.06000 184.66100
12 4 21 20 06 50408.30000 16.22900000 1796.70000 203.64000 40.06000 184.66100
12 4 21 20 06 50380.50000 16.22900000 1796.14000 203.40000 40.06000 184.66100
12 4 21 20 07 50389.20000 16.22900000 1796.01000 203.64000 40.06000 184.66100
12 4 21 20 07 50380.50000 16.22900000 1796.62000 203.51000 40.06000 183.99500
12 4 21 20 07 50388.50000 16.22900000 1797.26000 203.44000 40.06000 183.99500
12 4 21 20 08 50380.60000 16.10000000 1796.16000 203.15000 40.06000 183.99500
12 4 21 20 08 50383.90000 16.10000000 1796.59000 203.09000 40.06000 183.99500
12 4 21 20 09 50384.00000 16.10000000 1796.67000 202.66000 40.06000 183.99500
12 4 21 20 09 50378.80000 16.10000000 1797.39000 202.66000 40.06000 183.99500
12 4 21 20 10 50375.50000 16.10000000 1797.39000 202.74000 40.06000 183.99500
12 4 21 20 10 50375.40000 16.10000000 1797.39000 203.21000 40.06000 183.99500
12 4 21 20 10 50375.40000 16.11100000 1797.39000 203.40000 40.06000 183.99500
12 4 21 20 11 50375.40000 16.11100000 1797.38000 203.23000 40.06000 183.99500
12 4 21 20 11 50375.40000 16.11100000 1796.80000 203.00000 40.06000 183.99500
12 4 21 20 12 50363.50000 16.11100000 1796.80000 203.04000 40.06000 183.99500
12 4 21 20 12 50375.30000 16.11100000 1798.24000 203.04000 40.06000 184.04400
12 4 21 20 13 50375.30000 16.11100000 1798.24000 203.52000 40.06000 184.04400
12 4 21 20 13 50375.30000 16.11100000 1798.26000 203.52000 40.06000 184.04400
12 4 21 20 13 50375.40000 16.11100000 1798.05000 203.63000 40.14100 184.04400
12 4 21 20 14 50375.40000 16.11100000 1797.24000 203.54000 40.14100 184.04400
12 4 21 20 14 50382.80000 16.11100000 1797.24000 203.67000 40.14100 184.04400
12 4 21 20 15 50414.70000 16.11100000 1798.40000 203.87000 40.14100 184.79000
12 4 21 20 15 50414.70000 16.11100000 1799.99000 203.87000 40.14100 184.79000
12 4 21 20 16 50429.70000 16.11100000 1800.00000 203.98000 40.14100 184.79000
12 4 21 20 16 50429.60000 16.11100000 1800.00000 204.08000 40.14100 184.65600
12 4 21 20 16 50429.70000 16.11100000 1800.00000 204.13000 40.14100 184.40100
12 4 21 20 17 50429.70000 16.11100000 1799.99000 203.77000 40.14100 184.40100
12 4 21 20 17 50429.70000 16.11100000 1800.14000 203.76000 40.14100 184.40100
12 4 21 20 18 50429.70000 16.11100000 1800.15000 203.76000 40.14100 184.40100
12 4 21 20 18 50429.60000 16.11100000 1800.14000 203.76000 39.87600 184.40100
12 4 21 20 19 50429.60000 16.11100000 1800.15000 203.90000 39.87600 184.40100
12 4 21 20 19 50429.10000 16.18900000 1800.16000 203.74000 39.87600 184.40100
12 4 21 20 19 50429.60000 16.18900000 1800.80000 203.72000 39.87600 184.40100
12 4 21 20 20 50429.70000 16.18900000 1801.76000 204.01000 39.87600 184.45900
12 4 21 20 20 50450.00000 16.23500000 1802.11000 204.01000 39.87600 184.45900
12 4 21 20 21 50449.90000 16.23500000 1802.24000 204.03000 39.87600 184.94900
12 4 21 20 21 50449.70000 16.23500000 1802.11000 204.03000 39.87600 184.94900
12 4 21 20 22 50450.00000 16.23500000 1803.17000 204.03000 39.87600 184.94900
12 4 21 20 22 50476.30000 16.24000000 1803.36000 204.03000 39.87600 184.40200
12 4 21 20 22 50491.50000 16.24000000 1803.36000 204.18000 39.87600 184.40200
12 4 21 20 23 50500.00000 16.24000000 1803.36000 204.09000 39.87600 184.29000
12 4 21 20 23 50520.00000 16.24000000 1804.00000 204.09000 39.87600 184.29000
12 4 21 20 24 50520.00000 16.24400000 1804.00000 204.09000 39.87600 184.29000
12 4 21 20 24 50519.90000 16.24400000 1805.36000 203.95000 39.87600 184.29000
12 4 21 20 25 50520.00000 16.24400000 1806.00000 203.95000 39.87600 184.29000
12 4 21 20 25 50550.00000 16.24400000 1806.07000 204.17000 39.87600 184.29000
12 4 21 20 25 50570.00000 16.24400000 1804.82000 204.17000 39.87600 184.29000
12 4 21 20 26 50573.90000 16.24400000 1805.29000 204.17000 39.87600 183.94000
12 4 21 20 26 50570.10000 16.24400000 1805.30000 204.17000 39.87600 183.94000
12 4 21 20 27 50573.90000 16.24400000 1805.88000 204.28000 39.87600 183.94000
12 4 21 20 27 50565.40000 16.24400000 1804.06000 204.23000 39.87600 183.94000
12 4 21 20 28 50519.90000 16.24400000 1804.49000 204.21000 39.87600 183.94000
12 4 21 20 28 50472.80000 16.24400000 1802.70000 204.03000 39.87600 183.83000
12 4 21 20 28 50473.20000 16.24400000 1802.25000 204.06000 39.87600 183.83000
12 4 21 20 29 50470.30000 16.24400000 1801.71000 203.82000 39.87600 183.83000
12 4 21 20 29 50450.70000 16.24400000 1801.61000 204.00000 39.87600 183.70900
12 4 21 20 30 50441.70000 16.24400000 1800.28000 203.90000 39.87600 183.75000
12 4 21 20 30 50434.90000 16.24400000 1801.03000 203.87000 39.87600 183.74900
12 4 21 20 31 50396.70000 16.24400000 1801.02000 203.65000 39.87600 183.74900
12 4 21 20 31 50398.60000 16.24400000 1800.93000 203.65000 39.87600 183.74900
12 4 21 20 31 50403.60000 16.24400000 1800.44000 203.65000 39.87600 183.57300
12 4 21 20 32 50413.50000 16.24400000 1799.22000 203.85000 39.87600 183.57300
12 4 21 20 32 50420.10000 16.24400000 1799.66000 203.96000 39.87600 183.57300
12 4 21 20 33 50428.60000 16.24400000 1799.66000 203.88000 39.87600 183.57300
12 4 21 20 33 50428.60000 16.24400000 1798.27000 203.63000 39.87600 183.57300
12 4 21 20 34 50415.90000 16.24400000 1798.53000 203.71000 39.87600 183.57300
12 4 21 20 34 50446.20000 16.24400000 1798.52000 203.99000 39.87600 183.57300
12 4 21 20 34 50446.40000 16.24400000 1798.52000 203.90000 39.87600 183.57300
12 4 21 20 35 50447.50000 16.24400000 1799.66000 203.90000 39.87600 183.57300
12 4 21 20 35 50447.40000 16.24400000 1799.66000 203.94000 39.87600 183.57300
12 4 21 20 36 50447.50000 16.24400000 1799.66000 203.93000 39.87600 183.57300
12 4 21 20 36 50447.40000 16.24400000 1801.61000 204.02000 39.87600 183.57300
12 4 21 20 37 50430.10000 16.24400000 1802.08000 203.91000 39.87600 183.57300
12 4 21 20 37 50371.40000 16.24400000 1799.68000 203.84000 39.87600 183.57300
12 4 21 20 37 50382.60000 16.24400000 1800.29000 203.67000 39.87600 183.57300
12 4 21 20 38 50396.30000 16.24400000 1801.91000 203.88000 39.87600 183.57300
12 4 21 20 38 50381.00000 16.24400000 1801.91000 203.67000 39.87600 183.57300
12 4 21 20 39 50367.90000 16.24400000 1801.88000 203.66000 39.87600 183.57300
12 4 21 20 39 50188.10000 16.24400000 1801.04000 203.66000 39.87600 183.57300
12 4 21 20 40 50349.70000 16.24400000 1800.96000 203.67000 39.87600 183.57300
12 4 21 20 40 50334.70000 16.24400000 1800.30000 203.79000 39.87600 183.72000
12 4 21 20 40 50329.10000 16.19300000 1800.64000 203.88000 39.87600 183.65000
12 4 21 20 41 50307.70000 16.19300000 1800.81000 203.81000 39.87600 183.65000
