M=[
15 5 20 22 37 8744.80000 6.04700000 182.18000 39.79000 11.86300 38.79200
15 5 20 22 38 8746.50000 6.04700000 182.19000 39.84000 11.86300 38.79200
15 5 20 22 38 8746.60000 6.04700000 182.19000 39.84000 11.86300 38.79200
15 5 20 22 38 8746.50000 6.04700000 182.13000 39.84000 11.86300 38.85600
15 5 20 22 39 8752.20000 6.04700000 182.13000 39.84000 11.86300 38.79200
15 5 20 22 39 8756.80000 6.04700000 182.18000 39.84000 11.86300 38.85600
15 5 20 22 40 8760.00000 6.04700000 182.40000 39.84000 11.86300 38.79200
15 5 20 22 40 8760.50000 6.04700000 182.38000 39.84000 11.86300 38.85600
15 5 20 22 41 8766.30000 6.04700000 182.34000 39.84000 11.86300 38.79200
15 5 20 22 41 8763.30000 6.04700000 182.34000 39.84000 11.86300 38.79200
15 5 20 22 42 8763.50000 6.04700000 182.08000 39.84000 11.86300 38.79200
15 5 20 22 42 8760.60000 6.04700000 182.03000 39.84000 11.86300 38.79200
15 5 20 22 43 8760.10000 6.04700000 182.03000 39.81000 11.86300 38.79200
15 5 20 22 43 8745.20000 6.04700000 181.74000 39.84000 11.86300 38.88200
15 5 20 22 44 8746.00000 6.04700000 181.86000 39.81000 11.86300 38.79200
15 5 20 22 44 8737.90000 6.04700000 181.84000 39.81000 11.86300 38.79200
15 5 20 22 45 8742.60000 6.04700000 181.77000 39.81000 11.82400 38.79200
15 5 20 22 45 8736.40000 6.04700000 181.46000 39.81000 11.86300 38.79200
15 5 20 22 46 8713.10000 6.04700000 181.57000 39.81000 11.86300 38.79200
15 5 20 22 46 8711.50000 6.04700000 181.70000 39.81000 11.86300 38.79200
15 5 20 22 46 8711.50000 6.04700000 181.55000 39.81000 11.86300 38.79200
15 5 20 22 47 8711.40000 6.04700000 181.55000 39.81000 11.86300 38.79200
15 5 20 22 47 8702.20000 6.04700000 181.55000 39.81000 11.86300 38.85600
15 5 20 22 48 8704.70000 6.04700000 181.60000 39.81000 11.86300 38.79200
15 5 20 22 48 8711.80000 6.04700000 181.62000 39.81000 11.86300 38.79200
15 5 20 22 49 8712.30000 6.04700000 181.62000 39.84000 11.86300 38.79200
15 5 20 22 49 8712.20000 6.04700000 181.69000 39.81000 11.86300 38.79200
15 5 20 22 50 8712.20000 6.04700000 181.71000 39.81000 11.86300 38.79200
15 5 20 22 50 8702.20000 6.04700000 181.71000 39.81000 11.86300 38.79200
15 5 20 22 51 8695.70000 6.04700000 181.49000 39.81000 11.86300 38.79200
15 5 20 22 51 8695.80000 6.04700000 181.49000 39.81000 11.86300 38.79200
15 5 20 22 52 8691.60000 6.04700000 181.49000 39.84000 11.86300 38.79200
15 5 20 22 52 8694.10000 6.04700000 181.45000 39.81000 11.86300 38.79200
15 5 20 22 52 8695.70000 6.04700000 181.43000 39.68000 11.86300 38.79200
15 5 20 22 53 8703.80000 6.04700000 181.43000 39.76000 11.86300 38.79200
15 5 20 22 53 8707.50000 6.04700000 181.54000 39.76000 11.82400 38.79200
15 5 20 22 54 8707.20000 6.05800000 181.54000 39.76000 11.86300 38.79200
15 5 20 22 54 8673.80000 6.04700000 181.12000 39.76000 11.79500 38.79200
15 5 20 22 55 8668.70000 6.04700000 181.16000 39.76000 11.79500 38.79200
15 5 20 22 55 8675.10000 6.01200000 181.16000 39.76000 11.79500 38.79200
15 5 20 22 56 8668.80000 6.01200000 181.20000 39.76000 11.79500 38.79200
15 5 20 22 56 8651.50000 6.01200000 181.16000 39.68000 11.79900 38.79200
15 5 20 22 57 8661.50000 6.03500000 181.12000 39.76000 11.79500 38.79200
15 5 20 22 57 8666.20000 6.03500000 181.15000 39.76000 11.79500 38.79200
15 5 20 22 58 8663.60000 6.03500000 181.15000 39.76000 11.79500 38.79200
15 5 20 22 58 8636.90000 6.04700000 181.15000 39.76000 11.79500 38.79200
15 5 20 22 59 8653.20000 6.03500000 181.14000 39.66000 11.79500 38.79200
15 5 20 22 59 8653.00000 6.03500000 181.14000 39.66000 11.79500 38.79200
15 5 20 23 00 8646.10000 6.03500000 181.12000 39.76000 11.79500 38.79200
15 5 20 23 00 8652.00000 6.03500000 181.15000 39.66000 11.79500 38.79200
15 5 20 23 01 8672.30000 6.03500000 181.15000 39.66000 11.79900 38.79200
15 5 20 23 01 8669.40000 6.03500000 181.72000 39.66000 11.79500 38.79200
15 5 20 23 01 8675.40000 6.03500000 181.12000 39.66000 11.79500 38.79200
15 5 20 23 02 8671.40000 6.03500000 181.60000 39.66000 11.79500 38.79200
15 5 20 23 02 8670.00000 6.05800000 181.60000 39.66000 11.79500 38.79200
15 5 20 23 03 8670.00000 6.05800000 181.63000 39.66000 11.79500 38.79200
15 5 20 23 03 8670.00000 6.05800000 181.63000 39.86000 11.79500 38.79200
15 5 20 23 04 8674.30000 6.05800000 181.60000 39.86000 11.79500 38.79200
15 5 20 23 04 8675.20000 6.07000000 181.60000 39.86000 11.79500 38.79200
15 5 20 23 05 8669.00000 6.07000000 181.65000 39.86000 11.79500 38.79200
15 5 20 23 05 8665.30000 6.07000000 181.67000 39.85000 11.86300 38.79200
15 5 20 23 05 8673.40000 6.07000000 181.67000 39.85000 11.79500 38.79200
15 5 20 23 06 8671.30000 6.07000000 181.67000 39.85000 11.79500 38.79200
15 5 20 23 06 8669.50000 6.07000000 181.65000 39.85000 11.79500 38.79200
15 5 20 23 07 8669.10000 6.07000000 181.67000 39.86000 11.77100 38.79200
15 5 20 23 07 8673.40000 6.07000000 181.50000 39.86000 11.77100 38.79200
15 5 20 23 08 8673.30000 6.07000000 181.58000 39.86000 11.77100 38.79200
15 5 20 23 08 8673.30000 6.06600000 181.55000 39.86000 11.77100 38.79200
15 5 20 23 09 8666.90000 6.06600000 181.55000 39.86000 11.77100 38.94000
15 5 20 23 09 8657.30000 6.06600000 181.38000 39.86000 11.77100 38.94000
15 5 20 23 10 8650.00000 6.06600000 180.90000 39.86000 11.77100 38.94000
15 5 20 23 10 8658.80000 6.06600000 180.99000 39.86000 11.77100 38.83900
15 5 20 23 10 8656.50000 6.06600000 180.99000 39.86000 11.77100 38.83900
15 5 20 23 11 8658.80000 6.06600000 180.95000 39.86000 11.77100 38.88200
15 5 20 23 11 8637.20000 6.06600000 180.95000 39.86000 11.77100 38.83900
15 5 20 23 12 8645.20000 6.07000000 181.00000 39.86000 11.77100 38.83900
15 5 20 23 12 8652.30000 6.03800000 181.06000 39.86000 11.77100 38.83900
15 5 20 23 13 8640.20000 6.03800000 181.01000 39.86000 11.77100 38.83900
15 5 20 23 13 8652.20000 6.03800000 181.06000 39.86000 11.77100 38.83900
15 5 20 23 14 8652.00000 6.03800000 181.19000 39.86000 11.77100 38.83900
15 5 20 23 14 8645.40000 6.06600000 181.06000 39.86000 11.77200 38.83900
15 5 20 23 15 8658.60000 6.03800000 181.26000 39.86000 11.77200 38.83900
15 5 20 23 15 8658.60000 6.03800000 181.20000 39.86000 11.77200 38.94000
15 5 20 23 16 8660.50000 6.03800000 180.98000 39.86000 11.79300 38.83900
15 5 20 23 16 8658.60000 6.03800000 181.04000 39.86000 11.79300 38.83900
15 5 20 23 17 8651.80000 6.03800000 181.04000 39.86000 11.79300 38.83900
15 5 20 23 17 8651.80000 6.03800000 181.20000 39.86000 11.79300 38.83900
15 5 20 23 18 8656.20000 6.03800000 180.85000 39.86000 11.79300 38.83900
15 5 20 23 18 8649.80000 6.03800000 180.85000 39.86000 11.79300 38.83900
15 5 20 23 18 8648.60000 6.03800000 180.90000 39.86000 11.79300 38.83900
15 5 20 23 19 8652.80000 6.03800000 180.90000 39.71000 11.80000 38.83900
15 5 20 23 19 8650.30000 6.03800000 180.90000 39.86000 11.80000 38.83900
15 5 20 23 20 8654.00000 6.03800000 180.94000 39.71000 11.80000 38.83900
15 5 20 23 20 8654.90000 6.03800000 180.94000 39.71000 11.80000 38.83900
15 5 20 23 21 8655.00000 6.03800000 180.99000 39.71000 11.80000 38.83900
15 5 20 23 21 8653.10000 6.03800000 180.99000 39.68000 11.80000 38.83900
15 5 20 23 22 8655.00000 6.03800000 181.07000 39.68000 11.80000 38.83900
15 5 20 23 22 8655.00000 6.03800000 181.07000 39.68000 11.80000 38.83900
15 5 20 23 23 8660.00000 6.03800000 181.07000 39.68000 11.80000 38.83900
15 5 20 23 23 8666.80000 6.03800000 181.07000 39.71000 11.80000 38.83900
15 5 20 23 23 8666.70000 6.03800000 181.07000 39.68000 11.80000 38.83900
15 5 20 23 24 8666.70000 6.03500000 181.07000 39.68000 11.80000 38.83900
15 5 20 23 24 8683.10000 6.03800000 181.07000 39.68000 11.80000 38.83900
15 5 20 23 25 8682.00000 6.03800000 181.27000 39.71000 11.80000 38.83900
15 5 20 23 25 8675.60000 6.03800000 181.27000 39.71000 11.80000 38.83900
15 5 20 23 26 8682.00000 6.03800000 181.10000 39.68000 11.80000 38.83900
15 5 20 23 26 8671.10000 6.03800000 181.10000 39.68000 11.80000 38.83900
15 5 20 23 27 8672.50000 6.03800000 181.04000 39.68000 11.80000 38.83900
15 5 20 23 27 8670.70000 6.03800000 181.04000 39.68000 11.80000 38.83900
