M=[
18 3 21 05 37 49185.00000 10.46800000 1527.50000 172.84000 25.82700 121.65000
18 3 21 05 38 49209.90000 10.46800000 1528.30000 172.84000 25.82700 121.65000
18 3 21 05 38 49214.90000 10.46800000 1528.30000 172.84000 25.82700 121.65000
18 3 21 05 39 49214.90000 10.46800000 1528.30000 173.00000 25.82700 121.65000
18 3 21 05 39 49215.50000 10.46800000 1528.30000 173.00000 25.82700 121.65000
18 3 21 05 40 49250.00000 10.46800000 1530.00000 173.20000 25.82700 121.65000
18 3 21 05 40 49250.00000 10.46000000 1530.00000 173.37000 25.82700 121.65000
18 3 21 05 40 49250.00000 10.46000000 1529.54000 173.50000 25.82700 121.65000
18 3 21 05 41 49244.50000 10.46000000 1529.33000 173.56000 25.82700 121.65000
18 3 21 05 41 49220.10000 10.46000000 1529.33000 173.50000 25.82700 121.65000
18 3 21 05 42 49245.70000 10.46000000 1529.53000 173.57000 25.82700 121.69700
18 3 21 05 42 49241.90000 10.46000000 1528.63000 173.60000 25.82700 121.69700
18 3 21 05 43 49219.40000 10.46000000 1528.63000 173.31000 25.82700 121.69700
18 3 21 05 43 49192.60000 10.46000000 1528.51000 173.31000 25.82700 121.69700
18 3 21 05 43 49188.90000 10.46000000 1527.53000 173.31000 25.82700 121.69700
18 3 21 05 44 49196.20000 10.46000000 1527.92000 173.15000 25.82700 121.57200
18 3 21 05 44 49182.60000 10.46000000 1527.92000 173.09000 25.82700 121.57200
18 3 21 05 45 49200.00000 10.46000000 1527.92000 173.03000 25.82700 121.57200
18 3 21 05 45 49200.00000 10.46000000 1527.92000 173.03000 25.82700 121.57200
18 3 21 05 46 49199.80000 10.46000000 1527.92000 173.03000 25.82700 121.57200
18 3 21 05 46 49193.50000 10.46000000 1528.49000 172.99000 25.82700 121.57200
18 3 21 05 46 49190.10000 10.46000000 1528.10000 172.83000 25.82700 121.85100
18 3 21 05 47 49190.00000 10.46000000 1527.73000 172.63000 25.82700 121.85100
18 3 21 05 47 49190.00000 10.46000000 1527.74000 172.53000 25.82700 121.85100
18 3 21 05 48 49190.00000 10.46000000 1527.51000 172.53000 25.82700 121.85100
18 3 21 05 48 49173.90000 10.46000000 1527.51000 172.53000 25.82700 121.85100
18 3 21 05 49 49199.90000 10.46000000 1527.42000 172.57000 25.82700 121.85100
18 3 21 05 49 49199.90000 10.46000000 1527.73000 172.79000 25.82700 121.85100
18 3 21 05 49 49200.00000 10.46000000 1528.54000 172.79000 25.82700 121.85100
18 3 21 05 50 49251.90000 10.46000000 1529.41000 172.79000 25.82700 121.85100
18 3 21 05 50 49259.10000 10.46000000 1529.50000 172.79000 25.91600 121.85100
18 3 21 05 51 49263.10000 10.46000000 1528.88000 172.79000 25.91600 121.85100
18 3 21 05 51 49262.40000 10.46000000 1528.90000 172.79000 25.91600 121.85100
18 3 21 05 52 49276.50000 10.47400000 1528.90000 172.79000 25.91600 121.85100
18 3 21 05 52 49257.00000 10.47400000 1529.02000 172.79000 25.91600 121.85100
18 3 21 05 52 49254.20000 10.47400000 1528.79000 173.03000 25.91600 121.85100
18 3 21 05 53 49257.40000 10.47400000 1528.79000 173.03000 25.91600 121.85100
18 3 21 05 53 49279.90000 10.44700000 1529.99000 173.03000 25.91600 121.85100
18 3 21 05 54 49306.30000 10.44700000 1529.96000 173.13000 25.91600 121.85100
18 3 21 05 54 49305.50000 10.44700000 1529.44000 173.04000 25.91600 121.85100
18 3 21 05 55 49278.40000 10.44700000 1529.10000 173.04000 25.91600 121.85000
18 3 21 05 55 49274.30000 10.44700000 1529.10000 173.03000 25.91600 121.82300
18 3 21 05 55 49271.40000 10.44700000 1528.68000 173.03000 25.91600 121.82300
18 3 21 05 56 49277.80000 10.44700000 1529.40000 173.03000 25.91600 121.85000
18 3 21 05 56 49276.10000 10.44700000 1529.40000 173.11000 25.91600 121.85000
18 3 21 05 57 49261.80000 10.44700000 1529.09000 173.05000 25.91600 121.85000
18 3 21 05 57 49258.60000 10.44700000 1528.71000 172.89000 25.91600 121.85000
18 3 21 05 58 49258.60000 10.44700000 1528.71000 172.89000 25.91600 121.85000
18 3 21 05 58 49258.30000 10.44300000 1527.91000 172.89000 25.91600 121.85000
18 3 21 05 58 49256.10000 10.42300000 1527.65000 172.89000 25.91600 121.85000
18 3 21 05 59 49246.90000 10.42300000 1528.54000 172.89000 25.91600 121.85000
18 3 21 05 59 49233.40000 10.42300000 1528.20000 172.88000 25.91600 121.85000
18 3 21 06 00 49251.30000 10.42300000 1528.19000 172.88000 25.91600 121.80900
18 3 21 06 00 49258.30000 10.42300000 1528.21000 172.88000 25.91600 121.80900
18 3 21 06 01 49234.10000 10.42300000 1528.59000 172.88000 25.91600 121.80900
18 3 21 06 01 49220.00000 10.45000000 1528.21000 172.70000 25.91600 121.80900
18 3 21 06 01 49212.40000 10.45000000 1528.19000 172.70000 25.91600 121.80900
18 3 21 06 02 49212.50000 10.45000000 1528.19000 172.70000 25.91600 121.80900
18 3 21 06 02 49212.50000 10.45000000 1528.19000 172.72000 25.91600 121.80900
18 3 21 06 03 49212.50000 10.45000000 1528.19000 172.72000 25.91600 121.80900
18 3 21 06 03 49212.40000 10.45000000 1527.62000 172.72000 25.91600 121.80900
18 3 21 06 04 49196.10000 10.45000000 1527.15000 172.72000 25.91600 121.80900
18 3 21 06 04 49174.80000 10.42900000 1526.62000 172.72000 25.91600 121.80900
18 3 21 06 04 49174.80000 10.42900000 1526.29000 172.72000 25.91600 121.80900
18 3 21 06 05 49163.10000 10.42900000 1525.83000 172.72000 25.91600 121.80900
18 3 21 06 05 49179.20000 10.42900000 1526.07000 172.73000 25.91600 121.80900
18 3 21 06 06 49197.50000 10.42900000 1527.68000 172.89000 25.91600 121.95700
18 3 21 06 06 49194.60000 10.42900000 1527.46000 172.85000 25.91600 121.95700
18 3 21 06 07 49172.70000 10.42900000 1526.52000 172.94000 25.91600 121.95700
18 3 21 06 07 49172.60000 10.42900000 1526.45000 172.94000 25.91600 121.95700
18 3 21 06 07 49155.60000 10.42900000 1526.18000 172.95000 25.91600 121.95700
18 3 21 06 08 49155.00000 10.42900000 1526.70000 172.77000 25.91600 121.95700
18 3 21 06 08 49155.00000 10.42900000 1526.04000 172.77000 25.91600 121.95700
18 3 21 06 09 49155.10000 10.42900000 1525.51000 172.66000 25.91600 121.95700
18 3 21 06 09 49155.00000 10.42900000 1525.55000 172.66000 25.91600 121.95700
18 3 21 06 10 49128.70000 10.42900000 1525.00000 172.66000 25.91600 121.95700
18 3 21 06 10 49064.00000 10.42900000 1523.31000 172.66000 25.83000 121.95700
18 3 21 06 10 49050.10000 10.42900000 1522.05000 172.44000 25.83000 121.95700
18 3 21 06 11 49050.00000 10.42900000 1520.62000 172.50000 25.83000 121.95700
18 3 21 06 11 49010.10000 10.42900000 1518.86000 172.50000 25.98100 121.95700
18 3 21 06 12 49014.00000 10.42900000 1519.40000 172.30000 25.98100 121.95700
18 3 21 06 12 49053.10000 10.42900000 1519.40000 172.61000 25.98100 121.97900
18 3 21 06 13 49056.60000 10.42000000 1520.90000 172.61000 25.98100 121.97900
18 3 21 06 13 49055.50000 10.42000000 1520.89000 172.91000 25.98100 121.97900
18 3 21 06 13 49052.70000 10.42000000 1521.06000 172.91000 25.98100 121.97900
18 3 21 06 14 49056.00000 10.42700000 1520.69000 172.82000 25.98100 121.97900
18 3 21 06 14 49091.70000 10.42700000 1520.69000 173.49000 25.98100 121.97900
18 3 21 06 15 49071.40000 10.42700000 1521.22000 173.49000 25.98100 121.97900
18 3 21 06 15 49068.50000 10.42700000 1521.32000 173.25000 25.98100 121.97900
18 3 21 06 16 49065.70000 10.42700000 1520.38000 173.10000 25.98100 121.97900
18 3 21 06 16 49054.90000 10.42700000 1520.54000 173.01000 25.98100 121.97900
18 3 21 06 16 49047.30000 10.42700000 1520.64000 173.00000 25.98100 121.97900
18 3 21 06 17 49036.40000 10.41400000 1520.17000 173.00000 25.98100 121.97900
18 3 21 06 17 49012.50000 10.41400000 1520.18000 172.62000 25.98100 121.97900
18 3 21 06 18 49014.90000 10.41400000 1520.25000 172.44000 25.98100 121.97900
18 3 21 06 18 49003.10000 10.41400000 1520.99000 172.42000 25.98100 121.97900
18 3 21 06 19 49001.00000 10.41400000 1520.75000 172.34000 25.98100 121.97900
18 3 21 06 19 49001.10000 10.41400000 1520.34000 172.37000 25.98100 121.97900
18 3 21 06 19 49000.00000 10.41400000 1520.05000 172.28000 25.98100 121.97900
18 3 21 06 20 49011.50000 10.41400000 1520.98000 172.28000 25.98100 121.97900
18 3 21 06 20 49016.50000 10.41400000 1520.98000 172.28000 25.98100 121.97900
18 3 21 06 21 49023.50000 10.41400000 1520.98000 172.49000 25.98100 121.97900
