M=[
24 5 21 12 34 31625.40000 52.80700000 1991.12000 138.00000 25.15600 116.04200
24 5 21 12 34 31528.10000 52.40700000 1989.91000 137.90000 25.12100 116.04200
24 5 21 12 35 31483.70000 52.20000000 1989.88000 137.86000 25.12100 115.65100
24 5 21 12 35 31543.20000 52.66000000 2001.22000 138.49000 25.12100 115.89200
24 5 21 12 36 31544.90000 52.00000000 1997.90000 138.17000 25.12100 115.89200
24 5 21 12 36 31560.10000 52.39300000 1997.98000 138.39000 25.12100 115.89200
24 5 21 12 36 31555.00000 52.65400000 2000.42000 138.50000 25.12100 115.89200
24 5 21 12 37 31617.90000 53.00000000 2005.00000 138.72000 25.12100 115.89200
24 5 21 12 37 31663.70000 53.49800000 2011.21000 138.95000 25.18000 116.59000
24 5 21 12 38 31639.10000 53.09600000 2012.27000 138.75000 25.20400 116.80200
24 5 21 12 38 31649.50000 53.27200000 2017.29000 138.70000 25.20100 116.80200
24 5 21 12 39 31622.00000 52.91100000 2015.37000 138.54000 25.20100 116.83300
24 5 21 12 39 31651.90000 53.24500000 2018.43000 138.62000 25.22900 116.83300
24 5 21 12 39 31611.80000 53.04100000 2020.96000 138.58000 25.25300 116.75400
24 5 21 12 40 31689.10000 53.30000000 2027.00000 138.96000 25.27800 117.33900
24 5 21 12 40 31758.90000 54.13400000 2030.00000 138.99000 25.30300 118.00000
24 5 21 12 41 31791.00000 54.06700000 2029.99000 139.17000 25.28300 118.00000
24 5 21 12 41 31830.90000 53.99300000 2028.98000 139.22000 25.32700 118.08900
24 5 21 12 42 31820.50000 53.97100000 2029.50000 139.19000 25.35200 118.91000
24 5 21 12 42 31820.20000 53.61400000 2022.59000 138.90000 25.37600 117.84000
24 5 21 12 42 31721.40000 53.54100000 2014.04000 138.76000 25.37600 117.60900
24 5 21 12 43 31809.60000 53.71900000 2025.38000 139.31000 25.42600 117.60900
24 5 21 12 43 31799.10000 53.58500000 2020.58000 138.99000 25.45000 118.95000
24 5 21 12 44 31806.10000 53.89300000 2023.39000 139.00000 25.45000 118.86800
24 5 21 12 44 31741.30000 53.64600000 2019.25000 138.93000 25.79000 118.27300
24 5 21 12 45 31706.00000 53.30200000 2013.10000 138.65000 25.50000 119.00000
24 5 21 12 45 31762.70000 53.44100000 2011.95000 139.05000 25.52400 119.29400
24 5 21 12 45 31700.10000 52.93200000 2000.42000 138.50000 25.52400 119.02300
24 5 21 12 46 31692.90000 53.00000000 2007.77000 138.70000 25.52400 119.57500
24 5 21 12 46 31680.90000 53.02800000 2000.78000 138.61000 25.52400 120.01700
24 5 21 12 47 31594.70000 52.59000000 1996.54000 138.43000 25.52400 119.19300
24 5 21 12 47 31642.70000 52.33700000 2001.04000 138.46000 25.60600 118.74100
24 5 21 12 48 31579.40000 52.33700000 1994.90000 137.90000 25.74400 117.74100
24 5 21 12 48 31584.30000 52.48100000 1995.21000 137.90000 25.76600 118.52500
24 5 21 12 48 31591.60000 52.15000000 1996.18000 137.40000 25.63200 118.13000
24 5 21 12 49 31671.30000 52.50800000 2000.89000 137.40000 25.77600 118.00000
24 5 21 12 49 31621.80000 52.54500000 1998.06000 137.79000 25.72300 118.01300
24 5 21 12 50 31602.40000 52.48200000 1994.60000 137.30000 25.72300 118.01300
24 5 21 12 50 31582.00000 52.14800000 1995.99000 137.27000 25.58300 118.13400
24 5 21 12 51 31550.60000 52.17700000 1993.31000 137.00000 25.58300 117.91400
24 5 21 12 51 31555.40000 52.10000000 1998.10000 136.89000 25.58300 118.08000
24 5 21 12 51 31558.40000 52.10000000 2000.56000 137.24000 25.58300 118.08000
24 5 21 12 52 31560.00000 52.16900000 2000.02000 137.38000 25.58300 118.20200
24 5 21 12 52 31579.90000 52.14700000 2004.77000 136.88000 25.58300 118.20200
24 5 21 12 53 31676.30000 52.57900000 2017.03000 137.50000 25.58300 118.88000
24 5 21 12 53 31623.90000 52.47400000 2010.62000 137.09000 25.58300 118.88000
24 5 21 12 54 31631.00000 52.23000000 2009.24000 136.71000 25.58300 118.73000
24 5 21 12 54 31567.70000 52.13600000 2003.25000 136.60000 25.58300 118.73000
24 5 21 12 55 31560.10000 51.93800000 1998.04000 136.57000 25.58300 118.48100
24 5 21 12 55 31566.20000 51.97900000 2003.26000 136.82000 25.58300 118.48100
24 5 21 12 55 31562.80000 52.04300000 1999.70000 136.69000 25.72200 118.47400
24 5 21 12 56 31560.10000 52.01000000 1998.79000 136.68000 25.72200 118.24500
24 5 21 12 56 31540.10000 52.07500000 1996.84000 136.79000 25.72200 118.22000
24 5 21 12 57 31568.50000 51.97800000 1998.74000 136.68000 25.72200 118.22000
24 5 21 12 57 31593.40000 52.16300000 2000.77000 136.68000 25.72200 118.75800
24 5 21 12 58 31584.40000 52.16300000 2002.80000 137.07000 25.72200 118.75800
24 5 21 12 58 31582.30000 52.12500000 2003.27000 136.97000 25.72200 118.66700
24 5 21 12 58 31575.00000 52.15500000 2005.20000 136.89000 25.72200 118.66700
24 5 21 12 59 31526.80000 52.03400000 2002.60000 136.71000 25.80000 118.66700
24 5 21 12 59 31521.10000 51.93800000 2000.84000 136.51000 25.80000 117.92500
24 5 21 13 00 31609.50000 51.81700000 2007.07000 136.65000 25.80000 117.84600
24 5 21 13 00 31634.10000 52.24800000 2011.99000 136.92000 25.80000 117.73200
24 5 21 13 00 31618.40000 52.14000000 2009.76000 137.03000 25.80000 117.73200
24 5 21 13 01 31600.30000 51.99200000 2007.93000 136.93000 25.77300 117.73200
24 5 21 13 01 31596.20000 51.88100000 2004.88000 136.93000 25.79800 117.73200
24 5 21 13 02 31614.50000 51.86200000 2007.70000 137.26000 25.83900 117.73200
24 5 21 13 02 31611.00000 51.92800000 2006.95000 137.04000 25.99100 117.73200
24 5 21 13 03 31603.10000 51.92800000 2005.85000 136.99000 25.99100 117.60400
24 5 21 13 03 31550.20000 51.66300000 2000.01000 136.58000 26.00100 116.99800
24 5 21 13 03 31533.40000 51.41900000 1991.66000 136.43000 26.00100 116.99800
24 5 21 13 04 31540.10000 51.52500000 1994.53000 136.87000 26.00000 116.92300
24 5 21 13 04 31549.40000 51.33900000 1993.99000 136.63000 26.19900 116.92300
24 5 21 13 05 31538.30000 51.33900000 1991.83000 136.65000 26.00100 116.91100
24 5 21 13 05 31527.40000 51.33900000 1990.00000 136.63000 26.04700 116.91100
24 5 21 13 06 31500.70000 50.90900000 1985.13000 136.21000 26.08700 115.86800
24 5 21 13 06 31445.30000 50.82900000 1975.79000 135.68000 26.08700 115.64200
24 5 21 13 06 31405.90000 50.74300000 1974.90000 135.52000 26.08700 115.64200
24 5 21 13 07 31400.00000 50.71500000 1980.45000 135.60000 26.08700 115.57800
24 5 21 13 07 31388.50000 50.44300000 1976.67000 135.16000 26.08700 115.57800
24 5 21 13 08 31357.30000 50.61400000 1976.70000 135.19000 26.08700 114.93300
24 5 21 13 08 31384.00000 50.73300000 1977.39000 135.48000 26.08700 114.93300
24 5 21 13 09 31375.10000 50.37000000 1969.40000 134.86000 26.08700 114.93300
24 5 21 13 09 31314.80000 50.15000000 1967.88000 134.78000 26.08200 114.93300
24 5 21 13 10 31299.60000 50.22700000 1967.14000 134.65000 25.86600 114.93300
24 5 21 13 10 31329.40000 50.45700000 1970.99000 134.97000 25.86800 114.93300
24 5 21 13 10 31327.30000 50.57000000 1971.79000 135.28000 25.86800 115.27000
24 5 21 13 11 31401.10000 50.75000000 1976.87000 135.74000 25.86800 115.73800
24 5 21 13 11 31395.70000 50.75000000 1975.00000 135.83000 25.86800 115.73800
24 5 21 13 12 31326.80000 50.65400000 1970.02000 135.58000 25.86800 114.95800
24 5 21 13 12 31339.80000 50.60600000 1970.96000 135.22000 25.86800 114.95800
24 5 21 13 13 31355.50000 50.33500000 1971.72000 135.23000 25.86800 114.95800
24 5 21 13 13 31375.00000 50.69400000 1974.35000 135.23000 25.86800 115.97000
24 5 21 13 13 31375.00000 50.69400000 1975.56000 135.23000 25.80100 115.97000
24 5 21 13 14 31383.30000 50.69400000 1975.30000 135.76000 25.79100 115.97000
24 5 21 13 14 31371.70000 50.75000000 1971.97000 135.62000 25.79000 115.95000
24 5 21 13 15 31370.20000 50.70400000 1974.42000 135.62000 25.79000 115.95000
24 5 21 13 15 31315.80000 50.55600000 1965.65000 135.03000 25.78900 115.42800
24 5 21 13 16 31302.90000 50.04700000 1967.16000 134.97000 25.78900 115.28600
24 5 21 13 16 31302.80000 50.14800000 1966.45000 135.22000 25.71400 115.28600
24 5 21 13 16 31275.80000 49.81700000 1958.92000 134.83000 25.71400 115.28600
24 5 21 13 17 31163.50000 49.94300000 1953.91000 134.36000 25.71500 115.01700
24 5 21 13 17 31134.60000 49.58500000 1949.22000 134.47000 25.71500 115.27600
