M=[
23 4 20 14 24 6995.00000 5.12500000 176.07000 40.19000 9.41300 42.52400
23 4 20 14 26 6999.80000 5.14900000 176.30000 40.32000 9.40400 42.26000
23 4 20 14 26 6998.80000 5.14900000 176.21000 40.21000 9.43000 42.26000
23 4 20 14 27 6984.40000 5.14000000 176.10000 40.11000 9.43000 42.26000
23 4 20 14 27 6953.20000 5.14000000 174.75000 40.00000 9.49400 42.19000
23 4 20 14 28 6898.50000 5.14000000 173.78000 39.79000 9.35000 42.10600
23 4 20 14 29 6933.20000 5.14000000 173.93000 39.90000 9.35000 42.10600
23 4 20 14 30 6965.10000 5.14000000 174.74000 39.86000 9.35000 41.98000
23 4 20 14 31 6956.90000 5.15200000 174.50000 39.96000 9.35000 42.05200
23 4 20 14 31 6971.80000 5.15200000 174.87000 39.97000 9.35000 42.05200
23 4 20 14 32 6980.70000 5.15200000 175.06000 40.00000 9.35000 42.05200
23 4 20 14 32 6999.20000 5.15200000 175.50000 40.11000 9.35000 42.23700
23 4 20 14 33 7000.00000 5.18900000 175.16000 40.11000 9.35000 42.23700
23 4 20 14 33 7000.20000 5.16300000 175.40000 40.15000 9.38200 42.23700
23 4 20 14 34 6979.70000 5.15500000 175.16000 40.16000 9.37700 42.23700
23 4 20 14 35 6964.80000 5.17100000 174.69000 39.95000 9.38000 42.22500
23 4 20 14 35 6971.10000 5.14200000 174.90000 39.99000 9.38000 42.12000
23 4 20 14 36 6972.50000 5.14200000 175.00000 40.11000 9.38000 42.12000
23 4 20 14 36 6973.70000 5.14200000 175.04000 40.09000 9.38000 42.25000
23 4 20 14 37 6970.80000 5.14200000 175.00000 40.03000 9.38000 42.25000
23 4 20 14 37 6959.90000 5.14200000 174.71000 40.10000 9.39100 42.25000
23 4 20 14 38 6950.00000 5.14200000 174.47000 40.00000 9.39100 42.22000
23 4 20 14 38 6954.90000 5.14200000 174.55000 40.00000 9.39100 42.22000
23 4 20 14 39 6955.10000 5.16700000 174.62000 40.02000 9.39100 42.22000
23 4 20 14 39 6955.60000 5.14800000 174.76000 40.02000 9.39100 42.22000
23 4 20 14 40 6955.00000 5.15100000 174.52000 40.02000 9.39100 42.00000
23 4 20 14 40 6919.00000 5.15100000 174.13000 40.00000 9.39100 41.90000
23 4 20 14 41 6937.40000 5.15100000 174.27000 39.92000 9.35600 42.00000
23 4 20 14 41 6950.10000 5.15100000 174.71000 39.92000 9.35600 42.00000
23 4 20 14 42 6956.20000 5.15100000 175.00000 39.91000 9.39100 41.90000
23 4 20 14 42 6951.00000 5.15100000 174.85000 39.88000 9.35600 41.90000
23 4 20 14 43 6950.00000 5.15400000 174.97000 39.88000 9.35600 41.90000
23 4 20 14 43 6945.10000 5.15100000 174.90000 39.88000 9.36300 42.03000
23 4 20 14 44 6950.80000 5.15100000 175.24000 39.90000 9.37500 42.03000
23 4 20 14 44 6945.20000 5.14100000 174.80000 39.90000 9.37500 42.03000
23 4 20 14 45 6945.00000 5.14000000 174.88000 39.90000 9.37500 42.03000
23 4 20 14 45 6945.00000 5.15100000 174.89000 39.87000 9.37500 42.03000
23 4 20 14 46 6950.00000 5.15200000 174.87000 39.94000 9.37500 42.03000
23 4 20 14 46 6959.90000 5.14000000 175.00000 39.94000 9.37500 42.03000
23 4 20 14 47 6965.30000 5.15100000 175.15000 39.95000 9.37500 42.03000
23 4 20 14 47 6968.30000 5.15200000 175.31000 39.95000 9.37500 42.03000
23 4 20 14 48 6956.50000 5.15200000 175.11000 39.95000 9.37500 42.17500
23 4 20 14 48 6956.60000 5.15200000 175.04000 39.95000 9.32600 42.17500
23 4 20 14 49 6969.40000 5.15200000 175.20000 39.95000 9.32600 42.17500
23 4 20 14 49 6969.40000 5.14000000 175.25000 39.95000 9.32600 42.18500
23 4 20 14 50 6965.90000 5.15200000 174.89000 39.99000 9.32600 42.18500
23 4 20 14 50 6969.00000 5.15200000 175.08000 39.99000 9.32600 42.14500
23 4 20 14 51 6969.40000 5.15200000 175.17000 40.03000 9.32600 42.14500
23 4 20 14 51 6965.70000 5.15200000 174.82000 40.03000 9.32600 42.14500
23 4 20 14 52 6962.30000 5.15200000 174.67000 39.88000 9.32600 41.86000
23 4 20 14 52 6963.00000 5.14100000 174.79000 39.88000 9.32600 41.86000
23 4 20 14 53 6963.10000 5.15200000 174.77000 39.88000 9.32700 41.86000
23 4 20 14 53 6963.40000 5.15200000 174.86000 40.08000 9.32600 41.86000
23 4 20 14 54 6967.30000 5.14400000 175.00000 40.08000 9.32600 41.98900
23 4 20 14 54 6967.70000 5.14400000 175.06000 40.08000 9.40000 41.98900
23 4 20 14 55 6976.80000 5.14400000 175.10000 39.88000 9.40000 41.98900
23 4 20 14 55 6983.00000 5.15000000 175.35000 40.08000 9.40000 41.98900
23 4 20 14 55 6983.00000 5.15000000 175.41000 40.08000 9.40000 41.98900
23 4 20 14 56 6980.00000 5.15000000 175.32000 40.15000 9.40000 41.98900
23 4 20 14 56 6976.10000 5.15000000 175.13000 40.15000 9.40000 41.98900
23 4 20 14 57 6970.90000 5.15000000 175.13000 40.13000 9.40000 41.98900
23 4 20 14 57 6975.20000 5.17100000 175.20000 40.13000 9.40000 42.06900
23 4 20 14 58 6976.30000 5.17100000 175.25000 40.15000 9.40000 42.06900
23 4 20 14 58 6976.10000 5.17100000 175.10000 40.15000 9.40000 42.04900
23 4 20 14 59 6970.10000 5.15000000 175.06000 40.14000 9.40000 42.04900
23 4 20 14 59 6970.70000 5.15000000 175.05000 40.14000 9.40000 42.04900
23 4 20 15 00 6973.30000 5.17100000 175.24000 40.18000 9.40000 42.04900
23 4 20 15 00 6975.00000 5.17100000 175.55000 40.18000 9.40000 42.04900
23 4 20 15 01 6970.00000 5.19200000 175.52000 40.22000 9.40000 42.04900
23 4 20 15 01 6976.90000 5.21100000 175.95000 40.22000 9.40000 42.13700
23 4 20 15 02 6978.40000 5.25000000 176.26000 40.22000 9.40000 42.18900
23 4 20 15 02 6973.00000 5.24200000 175.80000 40.24000 9.40000 42.18900
23 4 20 15 03 6971.60000 5.24200000 176.00000 40.23000 9.40000 42.18900
23 4 20 15 03 6971.00000 5.24200000 175.80000 40.24000 9.40000 42.18900
23 4 20 15 04 6971.70000 5.24200000 175.58000 40.24000 9.40000 42.18900
23 4 20 15 04 6971.70000 5.24200000 175.69000 40.27000 9.40000 42.18900
23 4 20 15 05 6971.70000 5.24200000 175.57000 40.27000 9.40000 42.18900
23 4 20 15 05 6971.70000 5.24200000 175.63000 40.25000 9.40000 42.18900
23 4 20 15 06 6973.40000 5.25000000 175.63000 40.25000 9.40000 42.18900
23 4 20 15 06 6973.60000 5.25000000 175.52000 40.25000 9.41500 42.18900
23 4 20 15 07 6970.70000 5.24200000 175.31000 40.25000 9.41500 42.18900
23 4 20 15 07 6960.80000 5.25000000 175.01000 40.22000 9.40000 42.20000
23 4 20 15 07 6960.00000 5.21200000 175.00000 40.22000 9.43900 42.17600
23 4 20 15 08 6958.80000 5.21200000 174.96000 40.22000 9.43900 42.17600
23 4 20 15 08 6951.90000 5.21200000 174.75000 40.22000 9.43900 42.17600
23 4 20 15 09 6954.30000 5.21200000 174.66000 40.22000 9.43900 42.17600
23 4 20 15 09 6955.00000 5.21200000 174.84000 40.22000 9.43900 42.17000
23 4 20 15 10 6955.00000 5.21200000 174.75000 40.22000 9.43900 42.10100
23 4 20 15 10 6951.70000 5.21700000 174.59000 40.06000 9.43900 42.06000
23 4 20 15 11 6947.50000 5.21700000 174.60000 40.12000 9.43900 42.06000
23 4 20 15 11 6945.20000 5.21700000 174.53000 40.06000 9.43900 42.06000
23 4 20 15 12 6933.00000 5.21300000 173.88000 39.94000 9.43900 42.06000
23 4 20 15 12 6923.70000 5.21300000 173.58000 39.80000 9.40000 42.10100
23 4 20 15 13 6915.50000 5.15100000 173.58000 39.79000 9.40700 41.78500
23 4 20 15 14 6908.10000 5.15100000 173.45000 39.79000 9.40700 41.73300
23 4 20 15 14 6911.00000 5.15100000 173.64000 39.76000 9.40700 41.73300
23 4 20 15 15 6908.60000 5.15100000 174.04000 39.79000 9.40700 41.73300
23 4 20 15 15 6924.00000 5.17900000 174.30000 39.76000 9.40700 41.73300
23 4 20 15 16 6922.60000 5.17900000 174.31000 39.89000 9.40700 41.74700
23 4 20 15 16 6922.60000 5.17900000 174.26000 39.84000 9.40000 41.74700
23 4 20 15 17 6922.50000 5.15600000 174.29000 39.88000 9.40700 41.74700
23 4 20 15 17 6922.00000 5.16700000 174.30000 39.88000 9.40000 41.75500
23 4 20 15 18 6923.50000 5.15600000 174.38000 39.89000 9.40700 41.90300
23 4 20 15 18 6931.70000 5.15600000 174.38000 39.92000 9.40700 41.90300
23 4 20 15 19 6929.70000 5.15600000 174.38000 39.86000 9.40700 41.90300
23 4 20 15 19 6930.40000 5.15600000 174.28000 39.89000 9.40700 41.90300
23 4 20 15 20 6928.90000 5.15600000 174.36000 39.90000 9.40700 41.73300
23 4 20 15 20 6933.00000 5.16000000 174.64000 39.90000 9.40700 41.90300
23 4 20 15 21 6948.10000 5.16000000 174.86000 39.95000 9.40700 41.90300
23 4 20 15 21 6949.90000 5.17000000 174.90000 39.99000 9.41000 41.90300
23 4 20 15 22 6952.40000 5.17000000 174.80000 40.02000 9.41000 41.82200
