M=[
19 6 21 06 52 30141.20000 44.25800000 1880.01000 133.34000 18.56000 112.81700
19 6 21 06 53 30157.30000 44.25800000 1881.54000 133.34000 18.56000 112.81700
19 6 21 06 53 30144.00000 44.25800000 1881.47000 133.34000 18.56000 112.81700
19 6 21 06 53 30163.70000 44.25800000 1882.02000 133.34000 18.56000 112.81700
19 6 21 06 54 30163.80000 44.25800000 1884.45000 133.34000 18.56000 112.81700
19 6 21 06 54 30163.80000 44.25800000 1884.15000 133.34000 18.56000 112.81700
19 6 21 06 55 30176.50000 44.25800000 1884.32000 133.34000 18.56000 112.81700
19 6 21 06 55 30190.50000 44.25800000 1886.09000 133.34000 18.56000 112.81700
19 6 21 06 56 30192.80000 44.25800000 1886.59000 133.34000 18.56000 112.81700
19 6 21 06 56 30195.70000 44.25800000 1886.59000 133.34000 18.56000 112.81700
19 6 21 06 56 30202.20000 44.25800000 1886.74000 133.46000 18.56000 112.81700
19 6 21 06 57 30193.10000 44.25800000 1886.74000 133.46000 18.56000 112.81700
19 6 21 06 57 30164.10000 44.25800000 1886.74000 133.46000 18.56000 112.81700
19 6 21 06 58 30220.50000 44.25800000 1888.44000 133.46000 18.56000 112.81700
19 6 21 06 58 30269.80000 44.25800000 1889.00000 133.46000 18.58600 112.81700
19 6 21 06 59 30269.90000 44.25800000 1890.87000 133.46000 18.58600 112.81700
19 6 21 06 59 30269.10000 44.25800000 1892.34000 133.72000 18.88600 112.81700
19 6 21 06 59 30265.60000 44.28100000 1890.98000 133.72000 18.88600 112.81700
19 6 21 07 00 30297.10000 44.28100000 1890.98000 133.72000 18.88600 112.51500
19 6 21 07 00 30297.00000 44.28100000 1895.06000 133.72000 18.88600 112.51500
19 6 21 07 01 30290.80000 44.28100000 1895.06000 133.82000 18.88600 112.51500
19 6 21 07 01 30280.60000 44.28100000 1894.22000 133.77000 18.88600 112.51500
19 6 21 07 02 30267.00000 44.28100000 1894.22000 133.77000 18.88600 112.51500
19 6 21 07 02 30256.30000 44.28100000 1893.31000 133.79000 18.88600 112.51500
19 6 21 07 02 30250.00000 44.28100000 1892.40000 133.79000 18.88600 112.51500
19 6 21 07 03 30229.80000 44.28100000 1890.97000 133.79000 18.64200 112.51500
19 6 21 07 03 30235.20000 44.28100000 1890.61000 133.57000 18.64200 112.51500
19 6 21 07 04 30221.90000 44.28100000 1889.08000 133.57000 18.64200 112.51500
19 6 21 07 04 30219.60000 44.28100000 1888.80000 133.57000 18.64200 112.51500
19 6 21 07 05 30219.60000 44.28100000 1887.29000 133.57000 18.64200 112.51500
19 6 21 07 05 30218.60000 44.28100000 1887.53000 133.57000 18.64200 112.51500
19 6 21 07 05 30225.00000 44.28100000 1887.53000 133.57000 18.64200 112.51500
19 6 21 07 06 30205.90000 44.28100000 1887.53000 133.57000 18.64200 112.51500
19 6 21 07 06 30205.90000 44.28100000 1885.70000 133.57000 18.64200 112.51500
19 6 21 07 07 30205.90000 44.28100000 1886.17000 133.57000 18.64200 112.51500
19 6 21 07 07 30222.00000 44.28100000 1885.25000 133.39000 18.64200 112.51500
19 6 21 07 08 30222.00000 44.28100000 1883.53000 133.36000 18.64200 112.51500
19 6 21 07 08 30205.60000 44.28100000 1884.14000 133.36000 18.60700 112.51500
19 6 21 07 08 30205.50000 44.28100000 1884.14000 133.42000 18.60700 112.51500
19 6 21 07 09 30205.50000 44.28100000 1884.34000 133.42000 18.60700 112.51500
19 6 21 07 09 30188.20000 44.28100000 1884.34000 133.42000 18.60700 112.51500
19 6 21 07 10 30194.50000 44.28100000 1883.69000 133.42000 18.60700 112.51500
19 6 21 07 10 30194.60000 44.28100000 1883.25000 133.42000 18.60700 112.51500
19 6 21 07 11 30185.10000 44.28100000 1883.69000 133.42000 18.44000 112.51500
19 6 21 07 11 30185.00000 44.28100000 1883.28000 133.42000 18.44000 112.51500
19 6 21 07 11 30185.00000 44.28100000 1883.09000 133.32000 18.44000 112.51500
19 6 21 07 12 30185.10000 44.28100000 1882.17000 133.32000 18.44000 112.51500
19 6 21 07 12 30190.80000 44.28100000 1884.43000 133.27000 18.44000 112.51500
19 6 21 07 13 30190.80000 44.28100000 1884.34000 133.27000 18.44000 112.51500
19 6 21 07 13 30185.00000 44.28100000 1884.20000 133.23000 18.44000 112.51500
19 6 21 07 14 30165.80000 44.28100000 1882.42000 133.11000 18.44000 112.51500
19 6 21 07 14 30183.20000 44.28100000 1882.72000 133.11000 18.44000 112.51500
19 6 21 07 14 30183.10000 44.28100000 1880.22000 133.11000 18.44000 112.51500
19 6 21 07 15 30169.10000 44.28100000 1880.61000 133.05000 18.44000 112.51500
19 6 21 07 15 30169.10000 44.28100000 1880.60000 133.05000 18.44000 112.51500
19 6 21 07 16 30169.10000 44.28100000 1881.50000 133.01000 18.44000 112.51500
19 6 21 07 16 30148.50000 44.28100000 1880.51000 133.01000 18.58100 112.51500
19 6 21 07 17 30148.60000 44.28100000 1880.51000 133.01000 18.58100 112.51500
19 6 21 07 17 30151.90000 44.28100000 1882.27000 133.01000 18.58100 112.51500
19 6 21 07 17 30140.20000 44.28100000 1881.71000 133.01000 18.58100 112.51500
19 6 21 07 18 30124.00000 44.28100000 1881.70000 133.12000 18.58100 112.34400
19 6 21 07 18 30107.50000 44.28100000 1880.02000 133.12000 18.58100 112.34400
19 6 21 07 19 30104.40000 44.28100000 1879.61000 133.12000 18.58100 112.34400
19 6 21 07 19 30070.10000 44.28100000 1878.01000 133.12000 18.58100 112.34400
19 6 21 07 20 30057.30000 44.28100000 1876.42000 133.12000 18.58100 112.34400
19 6 21 07 20 30072.00000 44.28100000 1876.96000 133.12000 18.58100 112.34400
19 6 21 07 20 30082.50000 44.28100000 1878.31000 133.12000 18.58100 112.34400
19 6 21 07 21 30082.50000 44.28100000 1878.11000 133.12000 18.58100 112.34400
19 6 21 07 21 30078.80000 44.28100000 1877.47000 133.12000 18.58100 112.34400
19 6 21 07 22 30082.00000 44.28100000 1877.49000 133.12000 18.58100 112.34400
19 6 21 07 22 30061.90000 44.28100000 1877.02000 133.12000 18.58100 112.34400
19 6 21 07 23 30051.60000 44.28100000 1875.92000 133.12000 18.58100 112.34400
19 6 21 07 23 30052.90000 44.28100000 1874.98000 133.12000 18.58100 112.34400
19 6 21 07 23 30034.50000 44.28100000 1874.85000 133.12000 18.36700 112.34400
19 6 21 07 24 30006.50000 44.28100000 1874.66000 133.12000 18.36700 112.34400
19 6 21 07 24 30020.40000 44.28100000 1874.42000 132.77000 18.36700 112.34400
19 6 21 07 25 30017.70000 44.28100000 1874.42000 132.77000 18.36700 112.34400
19 6 21 07 25 30034.20000 44.28100000 1875.67000 132.77000 18.36700 112.34400
19 6 21 07 26 30020.80000 44.28100000 1875.98000 132.77000 18.36700 112.34400
19 6 21 07 26 30027.00000 43.98200000 1875.98000 132.77000 18.36700 112.34400
19 6 21 07 26 30041.20000 43.98200000 1875.97000 132.77000 18.36700 112.34400
19 6 21 07 27 30033.20000 43.98200000 1876.55000 132.77000 18.36700 112.34400
19 6 21 07 27 30039.20000 43.98200000 1876.55000 132.77000 18.36700 112.34400
19 6 21 07 28 30043.60000 43.98200000 1876.70000 132.77000 18.36700 112.34400
19 6 21 07 28 30038.40000 43.98200000 1876.70000 132.77000 18.36700 112.34400
19 6 21 07 29 30041.60000 43.98200000 1876.58000 133.11000 18.36700 112.34400
19 6 21 07 29 30033.10000 43.98200000 1877.42000 133.11000 18.36700 112.34400
19 6 21 07 29 30033.10000 43.98200000 1877.42000 133.00000 18.36700 112.34400
19 6 21 07 30 30041.00000 43.98200000 1877.42000 133.00000 18.36700 112.34400
19 6 21 07 30 30057.10000 43.98200000 1877.42000 133.00000 18.36700 112.34400
19 6 21 07 31 30078.30000 43.98200000 1880.12000 133.00000 18.36700 112.34400
19 6 21 07 31 30089.00000 43.98200000 1880.12000 133.00000 18.36700 112.34400
19 6 21 07 32 30101.70000 43.98200000 1882.37000 133.00000 18.36700 112.34400
19 6 21 07 32 30094.60000 43.98200000 1882.37000 133.00000 18.47700 112.34400
19 6 21 07 32 30116.80000 44.07500000 1882.37000 133.40000 18.47700 112.34400
19 6 21 07 33 30127.20000 44.07500000 1882.37000 133.41000 18.33400 112.34400
19 6 21 07 33 30119.90000 44.07500000 1882.89000 133.41000 18.33400 112.34400
19 6 21 07 34 30109.60000 44.07500000 1883.83000 133.41000 18.33400 112.34400
19 6 21 07 34 30102.60000 44.07500000 1883.21000 133.41000 18.33400 112.34400
19 6 21 07 35 30095.80000 44.07500000 1883.44000 133.41000 18.33400 112.34400
19 6 21 07 35 30095.90000 44.07500000 1883.43000 133.41000 18.33400 112.34400
19 6 21 07 35 30114.60000 44.07500000 1885.60000 133.41000 18.33400 112.34400
