M=[
28 10 20 15 47 11270.40000 4.70100000 329.78000 47.71000 10.46200 50.06300
28 10 20 15 47 11269.20000 4.70100000 329.78000 47.71000 10.46200 50.06300
28 10 20 15 48 11274.90000 4.70100000 329.86000 47.75000 10.46200 50.06300
28 10 20 15 48 11275.70000 4.70100000 329.73000 47.75000 10.46200 50.06300
28 10 20 15 49 11275.10000 4.70100000 329.73000 47.73000 10.46200 50.06300
28 10 20 15 49 11265.00000 4.70100000 329.56000 47.70000 10.46200 50.06300
28 10 20 15 49 11274.10000 4.70100000 329.56000 47.70000 10.46200 50.06300
28 10 20 15 50 11258.20000 4.70100000 329.56000 47.70000 10.46200 50.06300
28 10 20 15 50 11259.10000 4.70100000 329.55000 47.59000 10.46200 50.06300
28 10 20 15 51 11259.40000 4.70100000 329.56000 47.59000 10.46200 50.06300
28 10 20 15 51 11265.40000 4.70100000 329.56000 47.69000 10.46200 50.06300
28 10 20 15 52 11272.20000 4.70100000 329.99000 47.69000 10.46200 50.06300
28 10 20 15 52 11269.40000 4.70000000 330.08000 47.69000 10.46200 50.06300
28 10 20 15 52 11268.90000 4.70000000 330.10000 47.74000 10.46200 50.06300
28 10 20 15 53 11268.00000 4.70500000 330.10000 47.76000 10.46200 50.06300
28 10 20 15 53 11272.30000 4.70500000 330.33000 47.76000 10.46200 50.06300
28 10 20 15 54 11267.30000 4.70500000 330.33000 47.76000 10.46200 50.06300
28 10 20 15 54 11270.10000 4.70500000 330.33000 47.84000 10.46200 50.06300
28 10 20 15 55 11265.70000 4.70500000 330.33000 47.84000 10.46200 50.06300
28 10 20 15 55 11267.90000 4.70500000 330.11000 47.84000 10.46200 50.06300
28 10 20 15 55 11266.80000 4.70500000 330.13000 47.84000 10.46200 50.06300
28 10 20 15 56 11273.30000 4.70500000 330.14000 47.84000 10.46200 50.06300
28 10 20 15 56 11273.60000 4.70500000 330.14000 47.84000 10.46200 50.06300
28 10 20 15 57 11275.60000 4.70500000 330.59000 47.84000 10.46200 50.06300
28 10 20 15 57 11275.60000 4.70500000 330.59000 47.84000 10.46200 50.06300
28 10 20 15 58 11275.70000 4.70500000 330.41000 47.99000 10.46200 50.06300
28 10 20 15 58 11275.70000 4.70500000 330.44000 48.05000 10.46200 50.06300
28 10 20 15 58 11275.70000 4.70500000 330.44000 48.05000 10.46200 50.06300
28 10 20 15 59 11275.70000 4.70500000 330.44000 48.05000 10.46200 50.06300
28 10 20 15 59 11275.00000 4.70500000 330.23000 48.05000 10.46200 50.06300
28 10 20 16 00 11263.30000 4.70500000 330.16000 48.05000 10.46200 50.06300
28 10 20 16 00 11262.10000 4.70000000 330.16000 48.05000 10.46200 50.06300
28 10 20 16 01 11260.00000 4.70000000 329.75000 48.05000 10.46200 50.06300
28 10 20 16 01 11260.00000 4.70000000 329.75000 48.05000 10.46500 50.06300
28 10 20 16 01 11260.00000 4.70000000 329.56000 47.94000 10.46500 50.06300
28 10 20 16 02 11255.50000 4.70000000 329.55000 47.94000 10.46500 50.06300
28 10 20 16 02 11255.00000 4.70000000 329.55000 47.94000 10.46500 50.06300
28 10 20 16 03 11256.00000 4.70000000 329.55000 47.94000 10.46500 50.06300
28 10 20 16 03 11256.00000 4.70000000 329.55000 47.94000 10.46500 50.06300
28 10 20 16 04 11253.90000 4.70000000 329.15000 47.94000 10.46500 50.06300
28 10 20 16 04 11253.00000 4.70000000 329.14000 47.94000 10.46500 50.06300
28 10 20 16 04 11244.40000 4.70000000 328.94000 47.94000 10.46500 50.06300
28 10 20 16 05 11246.20000 4.70000000 329.05000 47.94000 10.46500 50.06300
28 10 20 16 05 11245.20000 4.70000000 329.02000 47.89000 10.46500 50.06300
28 10 20 16 06 11243.60000 4.69600000 329.12000 47.89000 10.46500 50.06300
28 10 20 16 06 11246.80000 4.69600000 329.38000 47.89000 10.46500 50.06300
28 10 20 16 07 11247.20000 4.69600000 329.26000 47.89000 10.46500 50.06300
28 10 20 16 07 11240.60000 4.69600000 329.26000 47.89000 10.46500 50.06300
28 10 20 16 07 11247.60000 4.69600000 329.26000 47.89000 10.46500 50.06300
28 10 20 16 08 11248.60000 4.69600000 329.39000 47.89000 10.46500 50.06300
28 10 20 16 08 11240.00000 4.69600000 329.25000 47.89000 10.46500 50.06300
28 10 20 16 09 11235.10000 4.69600000 329.01000 47.89000 10.46500 49.96000
28 10 20 16 09 11235.10000 4.69600000 329.01000 47.89000 10.46500 49.96000
28 10 20 16 10 11237.00000 4.69600000 329.17000 47.89000 10.46500 49.96000
28 10 20 16 10 11235.80000 4.69600000 329.33000 47.89000 10.46500 49.96000
28 10 20 16 10 11234.10000 4.69600000 329.33000 47.89000 10.46500 49.96000
28 10 20 16 11 11233.00000 4.69600000 329.39000 47.81000 10.46500 49.96000
28 10 20 16 11 11233.60000 4.69600000 329.50000 47.84000 10.46500 49.96000
28 10 20 16 12 11236.00000 4.69600000 329.49000 47.84000 10.46500 49.96200
28 10 20 16 12 11246.80000 4.69600000 329.97000 47.84000 10.46500 49.96200
28 10 20 16 13 11255.40000 4.69600000 329.99000 48.00000 10.46500 49.96200
28 10 20 16 13 11254.00000 4.69600000 329.99000 48.00000 10.46500 49.96200
28 10 20 16 13 11245.20000 4.69600000 329.86000 48.00000 10.46500 49.96200
28 10 20 16 14 11240.20000 4.69600000 329.66000 48.00000 10.46500 49.96200
28 10 20 16 14 11243.10000 4.69600000 329.67000 48.00000 10.46500 49.96200
28 10 20 16 15 11243.70000 4.69600000 329.66000 48.08000 10.46500 49.96200
28 10 20 16 15 11244.00000 4.69600000 329.67000 48.08000 10.46500 49.96200
28 10 20 16 16 11241.20000 4.69600000 329.67000 48.08000 10.46500 49.96200
28 10 20 16 16 11240.10000 4.69600000 329.67000 48.08000 10.46500 49.96200
28 10 20 16 16 11233.00000 4.69600000 329.57000 47.99000 10.46500 49.96200
28 10 20 16 17 11229.90000 4.69600000 329.34000 47.99000 10.46500 49.96200
28 10 20 16 17 11233.60000 4.69600000 329.30000 47.99000 10.46500 49.96200
28 10 20 16 18 11234.00000 4.68000000 329.30000 47.99000 10.41000 49.96200
28 10 20 16 18 11226.70000 4.68000000 329.25000 47.99000 10.41000 49.96200
28 10 20 16 19 11225.10000 4.68000000 329.25000 47.99000 10.41000 49.96200
28 10 20 16 19 11223.20000 4.69500000 328.97000 47.94000 10.41000 49.96200
28 10 20 16 19 11224.60000 4.69500000 329.08000 47.94000 10.41000 49.96200
28 10 20 16 20 11230.10000 4.69500000 329.08000 47.94000 10.41000 49.96200
28 10 20 16 20 11229.40000 4.69500000 329.39000 47.94000 10.41000 49.96200
28 10 20 16 21 11229.30000 4.69500000 329.26000 47.94000 10.41000 49.96200
28 10 20 16 21 11229.20000 4.69500000 329.19000 47.94000 10.41000 49.96200
28 10 20 16 22 11224.00000 4.69500000 329.01000 47.94000 10.41000 49.96200
28 10 20 16 22 11220.30000 4.69500000 328.92000 47.94000 10.41000 49.96200
28 10 20 16 22 11220.10000 4.69500000 328.92000 47.88000 10.41000 49.96200
28 10 20 16 23 11216.80000 4.69500000 329.05000 47.88000 10.41000 49.96200
28 10 20 16 23 11220.70000 4.69500000 329.19000 47.84000 10.41000 49.96200
28 10 20 16 24 11214.00000 4.69500000 329.21000 47.84000 10.41000 49.96200
28 10 20 16 24 11213.90000 4.69500000 328.97000 47.84000 10.41000 49.96200
28 10 20 16 25 11208.20000 4.69500000 328.93000 47.78000 10.41000 49.96200
28 10 20 16 25 11207.30000 4.69500000 328.93000 47.77000 10.41000 49.96200
28 10 20 16 25 11209.00000 4.69500000 328.93000 47.77000 10.41000 49.96200
28 10 20 16 26 11204.50000 4.69500000 328.93000 47.77000 10.41000 49.96200
28 10 20 16 26 11202.30000 4.69500000 328.91000 47.76000 10.41000 49.96200
28 10 20 16 27 11201.10000 4.69500000 328.51000 47.76000 10.41000 49.96200
28 10 20 16 27 11193.10000 4.69500000 328.28000 47.67000 10.41000 49.96200
28 10 20 16 28 11187.40000 4.69500000 328.16000 47.73000 10.41000 49.96200
28 10 20 16 28 11180.00000 4.69500000 328.11000 47.73000 10.41000 49.96200
28 10 20 16 28 11183.60000 4.69500000 328.10000 47.73000 10.41000 49.96200
28 10 20 16 29 11185.10000 4.69500000 328.10000 47.73000 10.41000 49.96200
28 10 20 16 29 11185.10000 4.69500000 328.11000 47.73000 10.41000 49.96200
28 10 20 16 30 11180.40000 4.69500000 328.11000 47.73000 10.41000 49.96200
28 10 20 16 30 11180.90000 4.69500000 328.10000 47.73000 10.41000 49.96200
28 10 20 16 31 11175.90000 4.69500000 328.00000 47.73000 10.41000 49.96200
28 10 20 16 31 11182.10000 4.69500000 328.01000 47.73000 10.41000 49.96200
28 10 20 16 31 11185.10000 4.69500000 328.00000 47.70000 10.41000 49.96200
28 10 20 16 32 11177.30000 4.69500000 328.00000 47.70000 10.41000 49.96200
