M=[
14 5 21 16 40 42010.30000 85.39000000 3377.27000 272.88000 34.99900 259.42700
14 5 21 16 40 42033.60000 85.67800000 3379.82000 272.89000 34.99900 259.91300
14 5 21 16 40 42015.00000 85.13000000 3382.25000 272.83000 34.99900 258.88800
14 5 21 16 41 42022.10000 85.50000000 3384.72000 273.26000 34.99900 259.73000
14 5 21 16 41 42010.10000 85.48800000 3387.13000 272.83000 34.99900 259.73000
14 5 21 16 42 42002.10000 85.16000000 3379.99000 272.82000 34.99900 258.86300
14 5 21 16 42 41933.70000 85.16000000 3377.24000 272.28000 34.99900 258.61800
14 5 21 16 43 42003.10000 85.16000000 3384.48000 272.21000 34.99900 258.61800
14 5 21 16 43 41959.40000 85.40500000 3381.56000 272.53000 34.99900 257.88000
14 5 21 16 43 41940.00000 85.45800000 3380.11000 272.46000 34.99900 257.88000
14 5 21 16 44 41959.10000 85.21900000 3384.33000 272.68000 34.99900 258.73900
14 5 21 16 44 41981.30000 85.44000000 3384.32000 272.57000 34.99900 259.44300
14 5 21 16 45 41954.20000 85.18000000 3384.32000 272.59000 34.99900 259.44300
14 5 21 16 45 41981.50000 85.49900000 3391.87000 272.81000 34.99900 259.51500
14 5 21 16 46 41981.50000 85.54200000 3397.20000 272.85000 34.99900 260.30200
14 5 21 16 46 41981.50000 85.84100000 3390.06000 272.88000 34.99900 260.30200
14 5 21 16 46 42000.00000 86.00600000 3382.75000 273.01000 34.99900 260.30200
14 5 21 16 47 42055.80000 85.81400000 3390.24000 273.17000 34.99900 260.30200
14 5 21 16 47 42010.10000 86.11200000 3392.99000 273.20000 34.99900 260.30200
14 5 21 16 48 42010.80000 86.11200000 3392.77000 273.09000 34.99900 259.66200
14 5 21 16 48 42058.30000 86.29700000 3394.38000 273.26000 34.99900 259.66200
14 5 21 16 49 42056.00000 86.35000000 3395.97000 273.34000 34.99900 259.66200
14 5 21 16 49 42095.50000 86.35900000 3398.14000 273.76000 34.99900 259.66200
14 5 21 16 50 42080.00000 86.35900000 3395.63000 273.75000 34.99900 259.66200
14 5 21 16 50 42093.10000 85.95600000 3399.73000 273.75000 34.99900 259.66300
14 5 21 16 50 42102.50000 86.37400000 3404.62000 274.26000 34.99900 261.05200
14 5 21 16 51 42076.40000 86.50000000 3405.81000 273.75000 34.99900 260.91300
14 5 21 16 51 42085.60000 86.50000000 3406.59000 273.46000 34.74900 260.91300
14 5 21 16 52 42111.00000 86.22700000 3410.00000 274.26000 34.74900 262.16700
14 5 21 16 52 42104.80000 86.22700000 3412.29000 274.26000 34.74900 262.16700
14 5 21 16 53 42129.50000 86.45000000 3414.65000 274.26000 34.74900 262.16700
14 5 21 16 53 42129.40000 86.24100000 3413.69000 274.27000 34.74900 260.55300
14 5 21 16 53 42077.70000 86.17000000 3406.09000 274.27000 34.74900 260.55300
14 5 21 16 54 42108.00000 86.21100000 3410.70000 274.22000 34.74900 260.99700
14 5 21 16 54 42075.80000 86.21100000 3403.41000 273.92000 34.74900 260.99600
14 5 21 16 55 42075.00000 86.21100000 3404.94000 273.37000 34.74900 260.99600
14 5 21 16 55 42031.50000 86.22500000 3400.60000 273.13000 34.74900 259.66200
14 5 21 16 56 42040.90000 86.30000000 3402.77000 273.19000 34.74900 259.66200
14 5 21 16 56 42028.70000 86.48700000 3406.65000 273.66000 34.74900 259.66200
14 5 21 16 56 42045.20000 86.30200000 3403.92000 273.36000 34.74900 259.66200
14 5 21 16 57 42050.30000 86.59600000 3404.43000 273.59000 34.74900 259.66200
14 5 21 16 57 42060.90000 86.59600000 3403.52000 273.46000 34.74900 259.66200
14 5 21 16 58 42010.00000 86.59600000 3398.08000 272.97000 34.74900 259.89400
14 5 21 16 58 42013.90000 86.31800000 3395.72000 273.13000 34.99800 259.58800
14 5 21 16 59 42013.90000 86.31800000 3398.22000 273.04000 34.99800 259.58800
14 5 21 16 59 42010.10000 86.31800000 3398.66000 273.48000 34.99800 259.58800
14 5 21 16 59 42023.50000 86.18700000 3402.40000 273.50000 34.99800 259.84300
14 5 21 17 00 42010.10000 86.01900000 3398.19000 273.12000 34.99800 259.84300
14 5 21 17 00 42010.10000 86.01900000 3399.64000 272.93000 34.99800 259.04400
14 5 21 17 01 42032.20000 86.01900000 3404.99000 273.03000 34.99800 259.04400
14 5 21 17 01 42074.60000 86.60200000 3414.46000 274.01000 34.99800 259.04400
14 5 21 17 02 42055.10000 86.45800000 3411.74000 273.89000 34.99800 259.04400
14 5 21 17 02 42103.90000 86.56900000 3418.51000 274.14000 34.99800 260.69400
14 5 21 17 02 42087.60000 86.74600000 3420.95000 274.13000 34.99800 260.69400
14 5 21 17 03 42142.90000 86.74600000 3423.29000 274.72000 34.99800 260.69400
14 5 21 17 03 42126.80000 86.72600000 3420.99000 274.29000 34.99800 260.69400
14 5 21 17 04 42116.70000 86.52400000 3427.04000 274.28000 34.99800 260.86300
14 5 21 17 04 42151.70000 86.52400000 3428.38000 274.38000 34.99800 260.86300
14 5 21 17 05 42162.10000 86.52400000 3426.03000 274.58000 34.99800 260.86300
14 5 21 17 05 42150.00000 86.52400000 3426.84000 274.53000 34.99800 260.86300
14 5 21 17 05 42079.20000 86.67000000 3425.43000 274.33000 34.99800 260.86300
14 5 21 17 06 42129.80000 86.46400000 3422.36000 273.85000 34.99800 260.86300
14 5 21 17 06 42142.70000 86.45600000 3425.76000 274.25000 34.99800 260.86300
14 5 21 17 07 42142.30000 86.74800000 3426.37000 274.23000 34.99800 260.86300
14 5 21 17 07 42142.10000 86.91400000 3425.80000 274.00000 34.99800 260.86300
14 5 21 17 08 42134.20000 86.86800000 3424.00000 273.87000 34.99800 260.86300
14 5 21 17 08 42134.00000 86.90000000 3421.41000 273.80000 34.99800 260.86300
14 5 21 17 08 42138.50000 86.90000000 3422.74000 273.96000 34.99800 260.86300
14 5 21 17 09 42130.00000 86.82000000 3416.82000 273.87000 34.99800 260.86300
14 5 21 17 09 42055.10000 86.68400000 3413.96000 273.41000 34.99800 260.86300
14 5 21 17 10 42055.00000 86.40100000 3410.81000 273.36000 34.99800 259.77500
14 5 21 17 10 42037.90000 86.52400000 3411.13000 273.48000 34.99500 259.77500
14 5 21 17 11 42005.40000 86.40000000 3404.15000 273.48000 34.99500 259.77500
14 5 21 17 11 41977.10000 86.49000000 3404.32000 272.83000 34.99500 259.77500
14 5 21 17 11 42007.00000 86.49000000 3408.36000 272.83000 34.99500 259.29300
14 5 21 17 12 42030.00000 86.51400000 3410.36000 273.46000 34.99500 259.29300
14 5 21 17 12 42035.00000 87.40000000 3413.69000 273.66000 34.99500 259.75100
14 5 21 17 13 42035.00000 87.62200000 3413.81000 273.59000 34.99500 259.75100
14 5 21 17 13 42042.90000 87.81800000 3415.32000 273.78000 34.99500 259.75100
14 5 21 17 14 42095.90000 87.70100000 3419.23000 273.78000 34.99500 259.75100
14 5 21 17 14 42090.10000 87.45600000 3418.70000 274.08000 34.99500 259.75000
14 5 21 17 14 42090.10000 87.56700000 3416.69000 274.27000 34.99500 259.75000
14 5 21 17 15 42067.00000 87.29100000 3414.44000 274.05000 34.99500 259.56900
14 5 21 17 15 42061.50000 87.26700000 3414.32000 274.05000 34.99500 259.30900
14 5 21 17 16 42050.00000 86.97600000 3405.48000 273.50000 34.99500 259.30900
14 5 21 17 16 42004.00000 87.00000000 3406.73000 273.50000 34.99500 258.58500
14 5 21 17 17 41977.20000 87.00000000 3402.40000 273.01000 34.99500 258.37000
14 5 21 17 17 41984.30000 86.61400000 3407.95000 273.19000 34.99500 258.37000
14 5 21 17 17 41997.90000 86.61400000 3406.23000 273.17000 34.99500 257.88400
14 5 21 17 18 42011.00000 86.61400000 3409.17000 273.54000 34.99500 258.22400
14 5 21 17 18 41978.30000 86.61400000 3401.71000 273.35000 34.99500 257.66400
14 5 21 17 19 41996.30000 86.98000000 3402.50000 273.20000 34.99500 257.48800
14 5 21 17 19 41981.50000 86.72700000 3400.75000 273.01000 34.99500 257.19100
14 5 21 17 20 42008.90000 86.72700000 3401.57000 273.13000 34.99500 257.19100
14 5 21 17 20 42018.30000 86.59800000 3405.23000 272.83000 34.99500 257.19100
14 5 21 17 20 41986.80000 86.73100000 3405.57000 273.46000 34.99500 257.19100
14 5 21 17 21 42017.60000 86.77800000 3403.10000 273.22000 34.99500 257.19100
14 5 21 17 21 42021.40000 86.83200000 3404.77000 273.21000 34.99500 257.62900
14 5 21 17 22 42006.30000 87.20400000 3403.24000 273.21000 34.99500 257.50900
14 5 21 17 22 42024.50000 87.20400000 3405.35000 273.41000 34.99500 257.89300
14 5 21 17 23 42049.90000 87.27100000 3406.51000 273.28000 34.99500 257.89300
14 5 21 17 23 42031.80000 87.44800000 3404.90000 273.28000 34.99500 257.89300
