M=[
 8 12 20 23 02 15205.30000 4.72900000 460.16000 63.41000 14.36500 57.36800
 8 12 20 23 03 15156.20000 4.72900000 458.00000 63.26000 14.36500 57.36800
 8 12 20 23 03 15176.90000 4.72900000 458.82000 63.35000 14.36500 57.36800
 8 12 20 23 03 15162.20000 4.72900000 458.59000 63.38000 14.36500 57.36800
 8 12 20 23 04 15160.40000 4.72900000 458.42000 63.34000 14.36500 57.39300
 8 12 20 23 04 15166.40000 4.77200000 458.25000 63.41000 14.36500 57.39300
 8 12 20 23 05 15154.90000 4.77200000 457.51000 63.13000 14.36500 57.29000
 8 12 20 23 05 15120.40000 4.77200000 456.88000 63.09000 14.36500 57.29000
 8 12 20 23 06 15101.00000 4.74400000 456.27000 63.08000 14.36500 57.29000
 8 12 20 23 06 15108.00000 4.74400000 456.68000 62.98000 14.36500 57.16000
 8 12 20 23 06 15101.80000 4.75200000 455.02000 62.99000 14.36500 57.16000
 8 12 20 23 07 15079.50000 4.75200000 454.60000 62.79000 14.36500 57.16000
 8 12 20 23 07 15090.00000 4.70900000 453.79000 62.83000 14.36500 57.16000
 8 12 20 23 08 15073.50000 4.70900000 454.49000 62.76000 14.36500 57.16000
 8 12 20 23 08 15125.90000 4.70900000 456.25000 62.98000 14.36500 56.97600
 8 12 20 23 09 15090.50000 4.70900000 455.00000 62.95000 14.36500 56.97600
 8 12 20 23 09 15110.40000 4.70900000 456.26000 62.93000 14.36500 56.97600
 8 12 20 23 09 15066.30000 4.70900000 454.59000 62.88000 14.36500 56.97600
 8 12 20 23 10 15100.00000 4.70900000 455.43000 63.01000 14.36500 56.97600
 8 12 20 23 10 15096.00000 4.70900000 455.55000 62.97000 14.36500 56.97600
 8 12 20 23 11 15080.20000 4.70900000 455.44000 62.94000 14.36500 56.97600
 8 12 20 23 11 15080.10000 4.70900000 455.29000 62.94000 14.36500 57.06100
 8 12 20 23 12 15080.00000 4.70900000 455.50000 62.94000 14.36500 57.06100
 8 12 20 23 12 15090.80000 4.70900000 455.36000 62.95000 14.36500 57.00500
 8 12 20 23 12 15099.10000 4.70900000 455.96000 62.95000 14.36500 57.00500
 8 12 20 23 13 15091.30000 4.70900000 455.92000 62.94000 14.36500 57.00500
 8 12 20 23 13 15094.50000 4.70900000 456.00000 62.88000 14.36500 57.00500
 8 12 20 23 14 15090.10000 4.70900000 455.82000 62.88000 14.36500 57.00500
 8 12 20 23 14 15091.20000 4.70900000 455.72000 62.76000 14.36500 57.00500
 8 12 20 23 15 15090.80000 4.74000000 455.43000 62.77000 14.36500 57.00500
 8 12 20 23 15 15090.60000 4.74000000 455.59000 62.59000 14.36500 57.00500
 8 12 20 23 15 15057.30000 4.73000000 454.42000 62.58000 14.36500 57.00500
 8 12 20 23 16 15073.30000 4.73000000 455.82000 62.72000 14.36500 57.00500
 8 12 20 23 16 15100.00000 4.73000000 456.61000 62.96000 14.36500 57.00500
 8 12 20 23 17 15125.90000 4.73000000 456.83000 62.96000 14.36500 57.00500
 8 12 20 23 17 15129.90000 4.73000000 457.33000 62.96000 14.36500 57.26100
 8 12 20 23 18 15148.30000 4.73000000 457.59000 63.02000 14.36500 57.26100
 8 12 20 23 18 15159.80000 4.73000000 458.11000 63.20000 14.36500 57.26100
 8 12 20 23 18 15159.80000 4.73000000 457.91000 63.29000 14.36500 57.26100
 8 12 20 23 19 15159.90000 4.73000000 457.88000 63.29000 14.36500 57.26100
 8 12 20 23 19 15155.00000 4.73000000 456.73000 63.12000 14.69700 57.26100
 8 12 20 23 20 15155.00000 4.73100000 456.99000 63.12000 14.69700 57.26100
 8 12 20 23 20 15183.70000 4.73100000 457.54000 63.28000 14.69700 57.26100
 8 12 20 23 21 15206.70000 4.73100000 459.07000 63.42000 14.93700 57.57100
 8 12 20 23 21 15200.00000 4.73100000 458.37000 63.36000 14.43700 57.57100
 8 12 20 23 21 15180.80000 4.73100000 457.65000 63.41000 14.43700 57.57100
 8 12 20 23 22 15180.10000 4.73100000 458.19000 63.42000 14.43700 57.57100
 8 12 20 23 22 15195.40000 4.73100000 458.06000 63.43000 14.43700 57.57100
 8 12 20 23 23 15204.10000 4.73100000 458.32000 63.47000 14.43700 57.57100
 8 12 20 23 23 15193.00000 4.78100000 457.53000 63.47000 14.43700 57.57100
 8 12 20 23 24 15197.10000 4.78100000 457.68000 63.47000 14.43700 57.57100
 8 12 20 23 24 15201.70000 4.78100000 457.82000 63.42000 14.43700 57.57100
 8 12 20 23 24 15194.10000 4.78100000 457.43000 63.39000 14.43700 57.57100
 8 12 20 23 25 15201.00000 4.78100000 458.48000 63.43000 14.43700 57.57100
 8 12 20 23 25 15190.10000 4.78100000 457.81000 63.43000 14.43700 57.57100
 8 12 20 23 26 15190.10000 4.77600000 457.68000 63.31000 14.43700 57.57100
 8 12 20 23 26 15190.20000 4.77600000 457.84000 63.28000 14.43700 57.57100
 8 12 20 23 27 15191.10000 4.77600000 457.84000 63.33000 14.43700 57.53800
 8 12 20 23 27 15200.90000 4.77600000 457.81000 63.33000 14.43700 57.53800
 8 12 20 23 27 15193.70000 4.77900000 457.81000 63.35000 14.43700 57.53800
 8 12 20 23 28 15185.90000 4.77900000 457.18000 63.35000 14.43700 57.53800
 8 12 20 23 28 15170.00000 4.77900000 456.72000 63.28000 14.43700 57.57300
 8 12 20 23 29 15160.00000 4.77900000 456.87000 63.24000 14.43700 57.53100
 8 12 20 23 29 15140.30000 4.77900000 456.32000 63.17000 14.43700 57.53100
 8 12 20 23 30 15124.50000 4.74200000 456.22000 63.07000 14.43700 57.50000
 8 12 20 23 30 15133.70000 4.74200000 457.37000 63.06000 14.39100 57.50000
 8 12 20 23 30 15146.70000 4.74200000 457.48000 63.30000 14.39100 57.50000
 8 12 20 23 31 15159.30000 4.74200000 458.68000 63.43000 14.39100 57.50000
 8 12 20 23 31 15154.90000 4.74200000 458.11000 63.51000 14.39100 57.50000
 8 12 20 23 32 15150.00000 4.74200000 458.68000 63.52000 14.39100 57.50000
 8 12 20 23 32 15153.90000 4.74200000 457.67000 63.42000 14.39100 57.50000
 8 12 20 23 33 15165.80000 4.74200000 458.38000 63.55000 14.39100 57.50000
 8 12 20 23 33 15178.80000 4.74200000 458.56000 63.55000 14.39100 57.50000
 8 12 20 23 33 15172.80000 4.74200000 458.56000 63.55000 14.31900 57.50000
 8 12 20 23 34 15178.00000 4.74200000 458.60000 63.63000 14.31900 57.50000
 8 12 20 23 34 15187.20000 4.78700000 459.08000 63.74000 14.31900 57.50000
 8 12 20 23 35 15177.60000 4.78700000 458.82000 63.71000 14.31900 57.50000
 8 12 20 23 35 15178.80000 4.78700000 458.92000 63.71000 14.31900 57.50000
 8 12 20 23 36 15185.90000 4.78000000 458.92000 63.72000 14.31900 57.50000
 8 12 20 23 36 15182.20000 4.78000000 458.77000 63.72000 14.31900 57.50000
 8 12 20 23 36 15182.00000 4.78000000 459.05000 63.76000 14.31900 57.53300
 8 12 20 23 37 15179.50000 4.78000000 459.07000 63.74000 14.31900 57.53300
 8 12 20 23 37 15177.70000 4.78000000 459.07000 63.74000 14.31900 57.53300
 8 12 20 23 38 15196.90000 4.78000000 459.31000 63.76000 14.31900 57.53300
 8 12 20 23 38 15201.90000 4.78000000 459.47000 63.76000 14.31900 57.53300
 8 12 20 23 39 15180.00000 4.78000000 458.74000 63.65000 14.31900 57.53300
 8 12 20 23 39 15157.10000 4.78000000 457.69000 63.59000 14.31900 57.53300
 8 12 20 23 40 15164.90000 4.78000000 458.32000 63.59000 14.31900 57.53300
 8 12 20 23 40 15182.00000 4.78000000 458.95000 63.71000 14.31900 57.53300
 8 12 20 23 40 15192.40000 4.78000000 458.95000 63.74000 14.31900 57.53300
 8 12 20 23 41 15177.10000 4.78000000 458.44000 63.74000 14.31900 57.53300
 8 12 20 23 41 15179.00000 4.78000000 459.02000 63.74000 14.31900 57.53300
 8 12 20 23 42 15184.40000 4.78000000 459.38000 63.78000 14.31900 57.53300
 8 12 20 23 42 15186.40000 4.77900000 459.59000 63.78000 14.32900 57.53300
 8 12 20 23 43 15186.00000 4.77900000 459.07000 63.77000 14.32900 57.53300
 8 12 20 23 43 15193.00000 4.77900000 459.07000 63.77000 14.32900 57.53300
 8 12 20 23 43 15195.10000 4.77900000 459.19000 63.77000 14.32900 57.53300
 8 12 20 23 44 15183.20000 4.77900000 459.07000 63.74000 14.32900 57.53300
 8 12 20 23 44 15176.10000 4.77900000 459.06000 63.78000 14.32900 57.53300
 8 12 20 23 45 15175.40000 4.77900000 459.07000 63.78000 14.32900 57.53300
 8 12 20 23 45 15182.90000 4.78400000 459.07000 63.80000 14.32900 57.53300
 8 12 20 23 46 15186.10000 4.78400000 459.11000 63.80000 14.32900 57.64000
 8 12 20 23 46 15184.80000 4.78400000 459.08000 63.77000 14.32900 57.64000
 8 12 20 23 46 15186.10000 4.78400000 459.19000 63.80000 14.32900 57.64000
 8 12 20 23 47 15188.10000 4.78400000 459.18000 63.80000 14.32900 57.64000
 8 12 20 23 47 15181.20000 4.78400000 459.18000 63.80000 14.32900 57.64000
