M=[
29 6 20 02 57 8112.90000 5.14200000 200.37000 36.71000 14.38300 47.09800
29 6 20 02 57 8115.90000 5.14200000 200.42000 36.71000 14.38300 47.09800
29 6 20 02 58 8114.30000 5.14200000 200.42000 36.71000 14.38300 47.09800
29 6 20 02 58 8114.40000 5.14200000 200.42000 36.71000 14.38300 47.09800
29 6 20 02 59 8114.40000 5.14200000 200.42000 36.71000 14.38300 47.09800
29 6 20 02 59 8117.60000 5.14200000 200.42000 36.71000 14.38300 47.09800
29 6 20 03 00 8117.70000 5.14200000 200.42000 36.71000 14.38300 47.09800
29 6 20 03 00 8117.00000 5.14200000 200.42000 36.71000 14.38300 46.84000
29 6 20 03 01 8112.20000 5.14200000 200.42000 36.71000 14.38300 46.84000
29 6 20 03 01 8112.40000 5.14200000 200.42000 36.71000 14.38300 46.84000
29 6 20 03 02 8112.40000 5.15000000 200.42000 36.71000 14.38300 46.84000
29 6 20 03 02 8112.20000 5.14200000 200.42000 36.71000 14.38300 46.84000
29 6 20 03 02 8112.90000 5.14200000 200.42000 36.71000 14.38300 46.84000
29 6 20 03 03 8112.90000 5.14200000 200.30000 36.71000 14.38300 46.84000
29 6 20 03 03 8112.90000 5.14200000 200.28000 36.71000 14.38300 46.84000
29 6 20 03 04 8112.90000 5.14200000 200.28000 36.71000 14.38300 46.84000
29 6 20 03 04 8112.80000 5.15000000 200.29000 36.71000 14.38300 46.84000
29 6 20 03 05 8112.80000 5.14200000 200.30000 36.71000 14.38300 46.84000
29 6 20 03 05 8112.20000 5.14200000 200.29000 36.71000 14.38300 46.84000
29 6 20 03 06 8111.40000 5.14200000 200.29000 36.71000 14.38300 46.84000
29 6 20 03 06 8108.90000 5.14200000 200.29000 36.71000 14.38300 46.84000
29 6 20 03 07 8108.20000 5.14200000 200.29000 36.71000 14.38300 46.84000
29 6 20 03 07 8110.40000 5.14200000 200.29000 36.71000 14.38300 46.84000
29 6 20 03 08 8114.70000 5.14200000 200.43000 36.71000 14.38300 46.84000
29 6 20 03 08 8114.10000 5.14200000 200.43000 36.71000 14.38300 46.84000
29 6 20 03 09 8114.10000 5.14200000 200.42000 36.71000 14.38300 46.84700
29 6 20 03 09 8115.50000 5.14200000 200.42000 36.71000 14.38300 46.84000
29 6 20 03 09 8115.50000 5.14200000 200.42000 36.71000 14.38300 46.84000
29 6 20 03 10 8114.40000 5.14200000 200.40000 36.69000 14.38300 46.84000
29 6 20 03 10 8114.40000 5.14200000 200.34000 36.69000 14.38300 46.84000
29 6 20 03 11 8114.40000 5.14200000 200.34000 36.69000 14.38300 46.84000
29 6 20 03 11 8114.30000 5.14200000 200.34000 36.69000 14.38300 46.84000
29 6 20 03 12 8114.30000 5.14200000 200.34000 36.69000 14.38300 46.84000
29 6 20 03 12 8114.10000 5.14200000 200.34000 36.69000 14.38300 46.84000
29 6 20 03 13 8114.10000 5.14200000 200.34000 36.69000 14.38300 46.84000
29 6 20 03 13 8110.40000 5.14200000 200.34000 36.69000 14.38300 46.84000
29 6 20 03 14 8110.00000 5.14200000 200.34000 36.67000 14.38300 46.84000
29 6 20 03 14 8106.80000 5.15000000 200.27000 36.67000 14.38300 46.84000
29 6 20 03 15 8107.20000 5.14200000 200.24000 36.67000 14.38300 46.84000
29 6 20 03 15 8103.40000 5.14200000 200.09000 36.67000 14.38300 46.84000
29 6 20 03 16 8107.40000 5.14200000 200.03000 36.67000 14.38300 46.84000
29 6 20 03 16 8102.60000 5.14200000 200.02000 36.67000 14.38300 46.84000
29 6 20 03 17 8106.90000 5.14200000 200.02000 36.67000 14.38300 46.84000
29 6 20 03 17 8104.20000 5.14200000 200.02000 36.67000 14.38300 46.84000
29 6 20 03 18 8104.10000 5.11600000 200.02000 36.67000 14.38300 46.84000
29 6 20 03 18 8102.30000 5.11600000 200.00000 36.67000 14.38300 46.84000
29 6 20 03 19 8102.30000 5.11600000 200.01000 36.67000 14.38300 46.84000
29 6 20 03 19 8103.20000 5.11600000 200.01000 36.67000 14.38300 46.61100
29 6 20 03 20 8100.00000 5.11600000 200.01000 36.67000 14.38300 46.61100
29 6 20 03 20 8097.80000 5.11600000 199.96000 36.67000 14.38300 46.61100
29 6 20 03 21 8103.10000 5.11600000 199.96000 36.67000 14.38300 46.61100
29 6 20 03 21 8103.10000 5.11600000 199.96000 36.62000 14.38300 46.61100
29 6 20 03 22 8097.60000 5.11600000 199.94000 36.62000 14.38300 46.54100
29 6 20 03 22 8096.80000 5.11600000 199.94000 36.62000 14.38300 46.54100
29 6 20 03 23 8096.90000 5.11600000 199.91000 36.62000 14.38300 46.61100
29 6 20 03 23 8102.70000 5.11600000 200.02000 36.62000 14.38300 46.61100
29 6 20 03 24 8101.80000 5.11600000 200.02000 36.62000 14.38300 46.54100
29 6 20 03 24 8101.10000 5.11600000 200.09000 36.62000 14.38300 46.54100
29 6 20 03 24 8101.00000 5.11600000 200.09000 36.62000 14.38300 46.54100
29 6 20 03 25 8104.40000 5.11600000 200.08000 36.62000 14.38300 46.54100
29 6 20 03 25 8102.90000 5.11600000 200.08000 36.62000 14.38300 46.61100
29 6 20 03 26 8102.70000 5.11600000 200.08000 36.62000 14.38300 46.54100
29 6 20 03 26 8101.80000 5.11600000 200.08000 36.62000 14.38300 46.54100
29 6 20 03 27 8103.50000 5.11600000 199.97000 36.62000 14.38300 46.54100
29 6 20 03 27 8103.00000 5.11600000 199.97000 36.62000 14.38300 46.54100
29 6 20 03 28 8103.00000 5.11600000 200.05000 36.62000 14.38300 46.54100
29 6 20 03 28 8102.90000 5.11600000 199.90000 36.62000 14.38300 46.54100
29 6 20 03 29 8100.60000 5.11600000 199.90000 36.62000 14.38300 46.54100
29 6 20 03 29 8100.70000 5.11600000 199.90000 36.62000 14.38300 46.54100
29 6 20 03 30 8100.40000 5.11600000 199.89000 36.62000 14.38300 46.54100
29 6 20 03 30 8100.40000 5.11600000 199.83000 36.62000 14.38300 46.54100
29 6 20 03 30 8100.90000 5.11600000 199.84000 36.62000 14.38300 46.54100
29 6 20 03 31 8100.50000 5.11600000 199.79000 36.62000 14.38300 46.54100
29 6 20 03 31 8100.50000 5.11600000 199.79000 36.62000 14.43200 46.54100
29 6 20 03 32 8099.70000 5.11600000 199.80000 36.62000 14.43200 46.54100
29 6 20 03 32 8100.40000 5.11600000 199.82000 36.62000 14.43200 46.54100
29 6 20 03 33 8100.30000 5.11600000 199.87000 36.62000 14.43200 46.54100
29 6 20 03 33 8104.00000 5.11600000 199.88000 36.62000 14.43200 46.54100
29 6 20 03 34 8105.70000 5.11600000 200.14000 36.62000 14.43200 46.54100
29 6 20 03 34 8105.70000 5.11600000 200.15000 36.62000 14.43200 46.54100
29 6 20 03 35 8105.90000 5.11600000 200.18000 36.62000 14.43200 46.54100
29 6 20 03 35 8107.30000 5.11600000 200.15000 36.62000 14.43200 46.61100
29 6 20 03 36 8107.20000 5.11600000 200.15000 36.62000 14.43200 46.54100
29 6 20 03 36 8107.20000 5.11600000 200.15000 36.62000 14.43200 46.54100
29 6 20 03 36 8107.20000 5.11600000 200.15000 36.62000 14.43200 46.54100
29 6 20 03 37 8107.20000 5.11600000 200.17000 36.62000 14.43200 46.54100
29 6 20 03 37 8107.40000 5.11600000 200.11000 36.62000 14.43200 46.54100
29 6 20 03 38 8105.80000 5.11600000 200.11000 36.62000 14.43200 46.54100
29 6 20 03 38 8105.80000 5.11600000 200.01000 36.62000 14.43200 46.54100
29 6 20 03 39 8105.80000 5.11600000 199.98000 36.62000 14.43200 46.54100
29 6 20 03 39 8105.80000 5.11600000 199.99000 36.62000 14.43200 46.54100
29 6 20 03 40 8104.30000 5.11600000 199.99000 36.69000 14.43200 46.54100
29 6 20 03 40 8104.50000 5.11600000 199.99000 36.69000 14.43200 46.54100
29 6 20 03 41 8105.50000 5.11600000 199.99000 36.69000 14.43200 46.54100
29 6 20 03 41 8105.50000 5.11600000 199.97000 36.69000 14.43200 46.54100
29 6 20 03 42 8105.00000 5.11600000 199.97000 36.69000 14.43200 46.54100
29 6 20 03 42 8106.70000 5.11600000 199.97000 36.69000 14.43200 46.54100
29 6 20 03 42 8105.00000 5.11600000 199.98000 36.69000 14.43200 46.54100
29 6 20 03 43 8105.00000 5.11600000 199.73000 36.69000 14.43200 46.54100
29 6 20 03 44 8101.80000 5.11600000 199.73000 36.69000 14.43200 46.54100
29 6 20 03 44 8101.50000 5.11600000 199.73000 36.69000 14.43200 46.54100
29 6 20 03 45 8099.90000 5.11600000 199.59000 36.69000 14.43200 46.54100
29 6 20 03 45 8099.60000 5.11600000 199.59000 36.54000 14.43200 46.54100
29 6 20 03 45 8099.60000 5.11600000 199.63000 36.54000 14.43200 46.54100
29 6 20 03 46 8103.50000 5.11600000 199.63000 36.54000 14.43200 46.54100
29 6 20 03 46 8103.50000 5.11600000 199.63000 36.54000 14.43200 46.54100
29 6 20 03 47 8103.50000 5.11600000 199.67000 36.54000 14.43200 46.54100
29 6 20 03 47 8098.70000 5.11600000 199.67000 36.54000 14.43200 46.54100
29 6 20 03 48 8098.00000 5.11600000 199.67000 36.54000 14.43200 46.54100
