M=[
22 1 21 15 30 26807.10000 6.08300000 1017.40000 114.47000 18.17200 72.84800
22 1 21 15 30 26800.00000 6.08300000 1015.37000 114.32000 17.93800 72.78500
22 1 21 15 30 26769.80000 6.08300000 1014.73000 114.37000 17.93800 72.78500
22 1 21 15 31 26753.70000 6.08300000 1013.11000 114.26000 18.03700 72.78500
22 1 21 15 31 26748.50000 6.08300000 1012.45000 114.09000 18.03700 72.78500
22 1 21 15 32 26783.00000 6.08300000 1015.07000 114.09000 18.41100 72.78500
22 1 21 15 32 26800.20000 6.08300000 1015.01000 114.42000 18.19500 72.78500
22 1 21 15 33 26800.10000 6.08300000 1013.75000 114.50000 18.19500 72.78500
22 1 21 15 33 26790.00000 6.08300000 1012.41000 114.38000 18.19500 72.78500
22 1 21 15 33 26743.40000 6.05400000 1008.77000 114.11000 18.19500 72.78500
22 1 21 15 34 26672.20000 6.05400000 1008.64000 114.09000 18.19500 72.78500
22 1 21 15 34 26656.00000 6.05400000 1008.66000 113.84000 18.19500 72.78500
22 1 21 15 35 26653.10000 6.05400000 1007.49000 113.88000 18.19500 72.78500
22 1 21 15 35 26676.50000 6.05400000 1008.93000 114.11000 18.19500 72.78500
22 1 21 15 36 26698.40000 6.05400000 1009.30000 114.10000 18.19500 72.78500
22 1 21 15 36 26699.00000 6.05400000 1010.00000 114.13000 18.19500 72.57900
22 1 21 15 36 26700.00000 6.05400000 1010.05000 114.13000 18.19500 72.57900
22 1 21 15 37 26711.20000 6.05400000 1010.11000 114.10000 18.19500 72.57900
22 1 21 15 37 26707.70000 6.05400000 1010.29000 114.25000 18.19500 72.57900
22 1 21 15 38 26716.10000 6.05400000 1011.20000 114.33000 18.44000 72.57900
22 1 21 15 38 26703.80000 6.05000000 1010.28000 114.32000 18.43900 72.57900
22 1 21 15 39 26706.00000 6.05000000 1010.40000 114.29000 18.43900 72.57900
22 1 21 15 39 26700.30000 6.05000000 1010.34000 114.30000 18.43900 72.50900
22 1 21 15 39 26699.00000 6.05000000 1009.26000 114.30000 18.26400 72.50900
22 1 21 15 40 26705.90000 6.05000000 1010.02000 114.29000 18.27100 72.50900
22 1 21 15 40 26707.50000 6.04500000 1009.91000 114.29000 18.42100 72.50900
22 1 21 15 41 26700.10000 6.04500000 1008.68000 114.29000 18.42100 72.41900
22 1 21 15 41 26700.10000 6.04500000 1009.19000 114.29000 18.38900 72.41900
22 1 21 15 42 26700.10000 6.04500000 1009.10000 114.27000 18.43300 72.41900
22 1 21 15 42 26716.60000 6.04500000 1009.22000 114.27000 18.30100 72.41900
22 1 21 15 42 26740.20000 6.04500000 1010.10000 114.29000 18.17700 72.41900
22 1 21 15 43 26714.00000 6.04500000 1009.11000 114.29000 18.31900 72.41900
22 1 21 15 43 26709.90000 6.04500000 1009.11000 114.27000 18.31900 72.41900
22 1 21 15 44 26700.00000 6.04500000 1008.00000 114.26000 18.33700 72.32400
22 1 21 15 44 26675.00000 6.04500000 1009.01000 114.23000 18.33700 72.32400
22 1 21 15 45 26671.70000 6.04500000 1009.02000 114.27000 18.33700 72.32400
22 1 21 15 45 26687.50000 6.04500000 1009.99000 114.37000 18.33700 72.32400
22 1 21 15 45 26700.00000 6.04500000 1011.01000 114.37000 18.33700 72.32400
22 1 21 15 46 26701.60000 6.04500000 1010.71000 114.50000 18.35400 72.53900
22 1 21 15 46 26705.70000 6.04500000 1010.72000 114.53000 18.42100 72.53900
22 1 21 15 47 26690.30000 6.04500000 1010.01000 114.56000 18.43900 72.53900
22 1 21 15 47 26690.30000 6.04500000 1010.04000 114.57000 18.43900 72.53900
22 1 21 15 48 26670.20000 6.04500000 1009.92000 114.51000 18.43900 72.53900
22 1 21 15 48 26629.40000 6.04500000 1008.02000 114.45000 18.43900 72.73800
22 1 21 15 48 26615.10000 6.04500000 1006.51000 114.51000 18.33400 72.73800
22 1 21 15 49 26623.00000 6.04500000 1005.14000 114.43000 18.33400 72.73800
22 1 21 15 49 26622.90000 6.04500000 1005.89000 114.43000 18.33400 72.73800
22 1 21 15 50 26631.10000 6.04500000 1005.91000 114.51000 18.38900 72.73800
22 1 21 15 50 26649.90000 6.04500000 1007.81000 114.72000 18.38900 72.73800
22 1 21 15 51 26648.10000 6.04500000 1007.45000 114.72000 18.38900 72.73800
22 1 21 15 51 26642.20000 6.04500000 1007.24000 114.72000 18.38900 72.73800
22 1 21 15 51 26658.90000 6.04500000 1007.92000 114.96000 18.38900 72.73800
22 1 21 15 52 26662.10000 6.04500000 1007.07000 115.00000 18.38900 72.56000
22 1 21 15 52 26678.60000 6.04500000 1007.01000 115.00000 18.38900 72.56000
22 1 21 15 53 26699.00000 6.04500000 1008.24000 115.14000 18.38900 72.56000
22 1 21 15 53 26700.20000 6.04500000 1009.00000 115.13000 18.39000 72.56000
22 1 21 15 54 26719.80000 6.04500000 1009.11000 115.15000 18.39000 72.26800
22 1 21 15 54 26705.50000 6.04500000 1008.24000 115.08000 18.39000 72.26800
22 1 21 15 54 26719.00000 6.04500000 1007.57000 115.08000 18.39000 72.26800
22 1 21 15 55 26761.70000 6.04500000 1009.55000 115.08000 18.39000 72.26800
22 1 21 15 55 26774.10000 6.04500000 1009.43000 115.15000 18.34000 72.26800
22 1 21 15 56 26774.10000 6.04500000 1009.41000 115.34000 18.34000 72.26800
22 1 21 15 56 26767.40000 6.04500000 1008.77000 115.37000 18.34000 72.26800
22 1 21 15 57 26755.60000 6.04500000 1008.65000 115.37000 18.34000 72.26800
22 1 21 15 57 26740.80000 6.04500000 1008.71000 115.35000 18.34000 72.26800
22 1 21 15 57 26739.80000 6.04500000 1008.58000 115.35000 18.34000 72.26800
22 1 21 15 58 26731.40000 6.04900000 1008.59000 115.35000 18.34000 72.38700
22 1 21 15 58 26695.20000 6.04900000 1010.81000 115.34000 18.34000 72.38700
22 1 21 15 59 26735.80000 6.04900000 1017.19000 115.36000 18.34000 72.38700
22 1 21 15 59 26752.40000 6.04900000 1017.38000 115.48000 18.40800 72.58400
22 1 21 16 00 26734.70000 6.04900000 1016.93000 115.48000 18.40800 72.58400
22 1 21 16 00 26757.90000 6.04900000 1018.34000 115.69000 18.42600 72.58400
22 1 21 16 00 26774.20000 6.04900000 1018.16000 115.69000 18.42600 72.58400
22 1 21 16 01 26783.30000 6.04900000 1018.67000 115.59000 18.42600 72.58400
22 1 21 16 01 26791.20000 6.04900000 1019.54000 115.75000 18.42600 72.58400
22 1 21 16 02 26791.20000 6.04900000 1020.00000 115.85000 18.42600 73.56000
22 1 21 16 02 26799.90000 6.04900000 1020.00000 115.83000 18.42600 73.64000
22 1 21 16 03 26817.70000 6.04900000 1022.19000 115.79000 18.42600 73.64000
22 1 21 16 03 26765.30000 6.04900000 1018.13000 115.49000 18.39000 73.91800
22 1 21 16 03 26758.00000 6.04900000 1019.00000 115.21000 18.39000 73.91800
22 1 21 16 04 26749.10000 6.04900000 1020.11000 115.15000 18.46200 74.06800
22 1 21 16 04 26717.10000 6.04900000 1018.63000 115.18000 18.51300 74.06100
22 1 21 16 05 26699.70000 6.04900000 1017.21000 115.08000 18.51300 74.06100
22 1 21 16 05 26700.00000 6.04900000 1018.77000 115.08000 18.53700 74.06100
22 1 21 16 06 26700.00000 6.04900000 1018.20000 115.09000 18.53700 74.11900
22 1 21 16 06 26690.10000 6.04900000 1018.59000 115.09000 18.58200 74.22000
22 1 21 16 06 26681.00000 6.04900000 1018.45000 115.09000 18.79900 74.38900
22 1 21 16 07 26691.80000 6.04900000 1018.06000 114.91000 18.53300 75.08000
22 1 21 16 07 26677.60000 6.04900000 1019.80000 114.91000 18.74600 75.08000
22 1 21 16 08 26666.40000 6.04900000 1018.99000 114.72000 18.74600 74.54700
22 1 21 16 08 26662.10000 6.04900000 1017.95000 114.72000 18.50200 74.39200
22 1 21 16 09 26662.00000 6.04900000 1017.02000 114.41000 18.55000 74.13700
22 1 21 16 09 26662.10000 6.04900000 1016.84000 114.37000 18.55000 74.13700
22 1 21 16 09 26657.10000 6.04900000 1016.32000 114.37000 18.55000 74.10500
22 1 21 16 10 26625.70000 6.04900000 1015.87000 114.21000 18.55000 74.10500
22 1 21 16 10 26621.10000 6.04900000 1016.60000 114.24000 18.55000 73.73600
22 1 21 16 11 26618.70000 6.04900000 1015.73000 114.02000 18.55000 73.73600
22 1 21 16 11 26605.90000 6.04900000 1015.52000 114.01000 18.55000 73.73600
22 1 21 16 12 26602.20000 6.04900000 1014.56000 114.01000 18.55000 73.73600
22 1 21 16 12 26602.20000 6.04900000 1012.82000 114.05000 18.55000 73.73600
22 1 21 16 12 26648.10000 6.04000000 1015.00000 114.17000 18.55000 73.73600
22 1 21 16 13 26555.30000 6.04000000 1012.60000 113.75000 18.55000 73.63400
22 1 21 16 13 26456.90000 6.04000000 1008.55000 113.34000 18.55000 73.34600
22 1 21 16 14 26475.10000 6.04000000 1007.06000 113.44000 18.47000 73.12600
22 1 21 16 14 26314.80000 6.04000000 1000.55000 112.77000 18.67000 73.12600
