M=[
13 7 21 19 38 27484.80000 39.37800000 1641.12000 111.23000 16.46200 86.90400
13 7 21 19 39 27479.40000 39.37800000 1642.13000 111.23000 16.46200 86.90400
13 7 21 19 39 27484.80000 39.34900000 1640.92000 111.14000 16.46200 86.90400
13 7 21 19 39 27484.90000 39.28500000 1642.24000 111.17000 16.46200 86.90400
13 7 21 19 40 27484.80000 39.20000000 1638.97000 110.98000 16.46200 86.90400
13 7 21 19 40 27457.50000 39.20000000 1637.74000 110.98000 16.46200 86.90400
13 7 21 19 41 27478.50000 39.20000000 1638.86000 110.98000 16.46200 86.90400
13 7 21 19 41 27488.50000 39.20000000 1639.43000 110.98000 16.46200 86.90400
13 7 21 19 42 27488.50000 39.20000000 1638.62000 110.98000 16.46200 86.90400
13 7 21 19 42 27498.60000 39.20000000 1637.78000 110.93000 16.46200 86.90400
13 7 21 19 42 27471.60000 39.20000000 1636.56000 110.93000 16.46200 86.90400
13 7 21 19 43 27455.50000 39.20000000 1632.99000 110.86000 16.46200 86.90400
13 7 21 19 43 27452.80000 39.20000000 1632.99000 110.83000 16.46200 86.90400
13 7 21 19 44 27442.80000 39.20000000 1634.34000 110.83000 16.46200 86.90400
13 7 21 19 44 27451.20000 39.20700000 1634.17000 110.82000 16.46200 86.90400
13 7 21 19 45 27477.50000 39.20700000 1637.64000 110.82000 16.46200 86.90400
13 7 21 19 45 27490.40000 39.20700000 1637.64000 110.90000 16.46200 86.90400
13 7 21 19 45 27486.00000 39.20700000 1637.17000 110.90000 16.46200 86.90400
13 7 21 19 46 27486.10000 39.20700000 1633.68000 110.90000 16.46200 86.90400
13 7 21 19 46 27472.10000 39.20700000 1633.76000 110.79000 16.46200 86.90400
13 7 21 19 47 27467.60000 39.20700000 1634.03000 110.79000 16.46200 86.90400
13 7 21 19 47 27468.40000 39.20700000 1633.92000 110.79000 16.46200 86.90400
13 7 21 19 48 27474.50000 39.20700000 1634.87000 110.81000 16.46200 86.90400
13 7 21 19 48 27476.60000 39.20700000 1635.70000 110.81000 16.46200 87.22900
13 7 21 19 48 27465.80000 39.20700000 1633.91000 110.81000 16.46200 87.22900
13 7 21 19 49 27465.90000 39.20700000 1633.77000 110.77000 16.46200 87.22900
13 7 21 19 49 27423.60000 38.97200000 1631.85000 110.69000 16.46200 87.22900
13 7 21 19 50 27437.10000 38.97200000 1631.97000 110.69000 16.46200 86.87100
13 7 21 19 50 27426.50000 38.97200000 1631.28000 110.69000 16.46200 86.87100
13 7 21 19 51 27409.20000 38.97200000 1631.00000 110.56000 16.46200 86.87100
13 7 21 19 51 27412.10000 38.97200000 1631.01000 110.56000 16.46200 86.87100
13 7 21 19 51 27479.50000 38.97200000 1632.53000 110.45000 16.46200 86.87100
13 7 21 19 52 27422.20000 38.97200000 1633.03000 110.52000 16.46200 86.87100
13 7 21 19 52 27438.20000 38.97200000 1633.64000 110.57000 16.46200 86.87100
13 7 21 19 53 27441.80000 38.97200000 1633.64000 110.54000 16.46200 86.87100
13 7 21 19 53 27441.50000 38.97200000 1633.58000 110.54000 16.46200 86.87100
13 7 21 19 54 27465.30000 38.97200000 1633.60000 110.70000 16.46200 87.12500
13 7 21 19 54 27469.20000 38.97200000 1634.84000 110.63000 16.46200 87.16900
13 7 21 19 54 27476.00000 38.97200000 1637.03000 110.63000 16.46200 87.16900
13 7 21 19 55 27475.90000 38.96500000 1636.00000 110.63000 16.46200 87.16900
13 7 21 19 55 27447.70000 38.96500000 1634.49000 110.62000 16.46200 87.16900
13 7 21 19 56 27430.70000 38.96500000 1633.54000 110.59000 16.46200 86.87900
13 7 21 19 56 27418.10000 38.82400000 1633.53000 110.52000 16.46200 86.87900
13 7 21 19 57 27428.30000 38.82400000 1632.68000 110.53000 16.46200 86.87900
13 7 21 19 57 27441.40000 38.82400000 1633.00000 110.53000 16.46200 86.87900
13 7 21 19 57 27442.80000 38.82400000 1633.49000 110.53000 16.46200 86.87900
13 7 21 19 58 27447.40000 38.82400000 1634.33000 110.53000 16.46200 86.87900
13 7 21 19 58 27427.10000 38.82400000 1632.84000 110.55000 16.46200 86.87900
13 7 21 19 59 27427.50000 38.82400000 1630.59000 110.57000 16.46200 86.87900
13 7 21 19 59 27410.00000 38.88900000 1630.74000 110.57000 16.46200 86.87900
13 7 21 20 00 27420.30000 38.88900000 1630.70000 110.57000 16.46200 86.87900
13 7 21 20 00 27400.00000 38.88900000 1630.93000 110.46000 16.46200 86.81600
13 7 21 20 01 27435.40000 38.88900000 1635.21000 110.62000 16.46200 86.81600
13 7 21 20 01 27402.50000 38.88900000 1633.03000 110.53000 16.46200 86.81600
13 7 21 20 01 27406.00000 38.88900000 1632.63000 110.53000 16.46200 86.81600
13 7 21 20 02 27404.40000 38.88900000 1632.94000 110.45000 16.57600 86.78800
13 7 21 20 02 27400.10000 38.88900000 1632.72000 110.42000 16.57600 86.78800
13 7 21 20 03 27394.80000 38.88900000 1631.41000 110.42000 16.57600 86.78800
13 7 21 20 03 27370.70000 38.89300000 1631.95000 110.40000 16.57600 86.78800
13 7 21 20 04 27393.50000 38.74900000 1631.52000 110.33000 16.57600 86.52100
13 7 21 20 04 27389.60000 38.74900000 1631.08000 110.50000 16.57600 86.52100
13 7 21 20 04 27394.00000 38.74900000 1630.68000 110.49000 16.57600 86.52100
13 7 21 20 05 27417.10000 38.74900000 1634.27000 110.66000 16.57600 86.52100
13 7 21 20 05 27448.80000 38.74900000 1637.45000 110.66000 16.57600 86.52100
13 7 21 20 06 27486.80000 38.97300000 1640.72000 110.92000 16.57600 87.14200
13 7 21 20 06 27486.80000 38.97300000 1641.39000 110.92000 16.57600 87.14200
13 7 21 20 07 27522.40000 38.97300000 1643.03000 111.11000 16.57600 87.14200
13 7 21 20 07 27506.80000 38.97300000 1644.02000 111.07000 16.57600 87.14200
13 7 21 20 07 27512.10000 38.97300000 1643.85000 111.07000 16.57600 87.14200
13 7 21 20 08 27513.30000 38.97300000 1643.97000 111.04000 16.57600 87.14200
13 7 21 20 08 27504.30000 38.97300000 1643.80000 111.04000 16.57600 87.14200
13 7 21 20 09 27499.60000 38.97300000 1643.95000 111.04000 16.57600 87.14200
13 7 21 20 09 27499.60000 38.93300000 1643.79000 111.04000 16.57600 87.14200
13 7 21 20 10 27481.10000 38.93300000 1642.64000 110.83000 16.57600 87.14200
13 7 21 20 10 27468.80000 38.93300000 1638.66000 110.83000 16.57600 87.14200
13 7 21 20 10 27471.10000 38.79300000 1639.17000 110.83000 16.57600 87.14200
13 7 21 20 11 27475.70000 38.79300000 1639.20000 110.83000 16.57600 87.14200
13 7 21 20 11 27496.30000 38.79300000 1640.42000 110.83000 16.57600 87.14200
13 7 21 20 12 27483.90000 38.79300000 1639.93000 110.83000 16.57600 87.14200
13 7 21 20 12 27491.80000 38.79300000 1640.15000 110.83000 16.57600 87.14200
13 7 21 20 13 27471.40000 38.79300000 1639.21000 110.63000 16.57600 87.10000
13 7 21 20 13 27468.90000 38.79300000 1639.21000 110.65000 16.57600 87.10000
13 7 21 20 13 27462.10000 38.79300000 1639.20000 110.65000 16.57600 87.10000
13 7 21 20 14 27489.80000 38.79300000 1638.05000 110.65000 16.57600 87.10000
13 7 21 20 14 27493.40000 38.79300000 1641.20000 110.65000 16.57600 87.10000
13 7 21 20 15 27498.70000 38.79300000 1641.60000 110.65000 16.57600 87.10000
13 7 21 20 15 27504.00000 38.79300000 1643.14000 111.00000 16.57600 87.10000
13 7 21 20 16 27504.10000 38.79300000 1643.90000 111.03000 16.57600 87.10000
13 7 21 20 16 27573.50000 38.79300000 1648.00000 111.41000 16.57600 87.10000
13 7 21 20 16 27557.30000 38.79300000 1646.89000 111.41000 16.57600 87.10000
13 7 21 20 17 27553.00000 38.79300000 1646.89000 111.41000 16.57600 87.10000
13 7 21 20 17 27542.40000 38.79300000 1645.82000 111.41000 16.57600 87.10000
13 7 21 20 18 27527.70000 38.79300000 1645.42000 111.41000 16.57600 87.10000
13 7 21 20 18 27543.30000 38.79300000 1645.91000 111.41000 16.57600 87.10000
13 7 21 20 19 27551.90000 38.79300000 1645.62000 111.20000 16.57600 87.10000
13 7 21 20 19 27549.40000 38.79300000 1645.62000 111.20000 16.57600 87.10000
13 7 21 20 19 27530.70000 38.79300000 1646.01000 111.20000 16.57600 87.10000
13 7 21 20 20 27521.40000 38.85700000 1643.20000 111.16000 16.57600 87.29100
13 7 21 20 20 27513.40000 38.85500000 1643.19000 111.16000 16.57600 87.29100
13 7 21 20 21 27533.20000 38.85600000 1643.91000 111.16000 16.57600 87.24900
13 7 21 20 21 27519.20000 38.85600000 1644.05000 110.99000 16.57600 87.24900
13 7 21 20 22 27518.40000 38.85600000 1643.86000 110.91000 16.45400 87.24900
13 7 21 20 22 27518.40000 38.85600000 1643.45000 110.91000 16.45400 87.24900
