M=[
 4 7 21 19 36 29920.50000 48.50900000 1984.57000 123.14000 19.68900 104.22200
 4 7 21 19 36 29920.50000 48.50900000 1983.73000 123.14000 19.68900 103.68900
 4 7 21 19 37 29927.10000 48.50900000 1984.00000 123.14000 19.68900 103.68900
 4 7 21 19 37 29925.10000 48.50900000 1983.99000 123.14000 19.68900 103.83600
 4 7 21 19 38 29921.00000 48.50900000 1985.12000 123.14000 19.68900 103.83600
 4 7 21 19 38 29921.10000 48.50900000 1986.01000 123.18000 19.68900 103.83600
 4 7 21 19 38 29919.90000 48.50900000 1985.51000 123.19000 19.68900 103.83600
 4 7 21 19 39 29925.70000 48.50900000 1985.95000 123.16000 19.68900 103.83600
 4 7 21 19 39 29923.40000 48.50900000 1984.75000 123.16000 19.68900 103.83600
 4 7 21 19 40 29923.20000 48.50900000 1983.98000 123.18000 19.68900 103.83600
 4 7 21 19 40 29911.40000 48.50900000 1983.98000 123.18000 19.68900 103.83600
 4 7 21 19 41 29911.00000 48.50900000 1983.98000 123.18000 19.68900 103.83600
 4 7 21 19 41 29917.70000 48.50900000 1984.25000 123.18000 19.68900 103.73800
 4 7 21 19 42 29917.70000 48.50900000 1983.72000 123.17000 19.68900 103.73800
 4 7 21 19 42 29906.40000 48.50900000 1983.73000 123.17000 19.68900 103.73800
 4 7 21 19 42 29905.90000 48.50900000 1983.73000 123.17000 19.68900 103.73800
 4 7 21 19 43 29901.30000 48.50900000 1983.73000 123.20000 19.68900 103.73800
 4 7 21 19 43 29904.20000 48.50900000 1983.73000 123.20000 19.68900 103.73800
 4 7 21 19 44 29914.00000 48.55400000 1983.73000 123.20000 19.68900 103.73800
 4 7 21 19 44 29913.40000 48.55400000 1983.73000 123.20000 19.68900 103.73800
 4 7 21 19 45 29913.50000 48.55400000 1985.04000 123.30000 19.68900 103.73800
 4 7 21 19 45 29912.30000 48.55400000 1984.33000 123.38000 19.68900 103.73800
 4 7 21 19 45 29909.50000 48.55400000 1983.94000 123.38000 19.68900 103.73800
 4 7 21 19 46 29909.60000 48.55400000 1983.60000 123.38000 19.68900 103.73800
 4 7 21 19 46 29899.50000 48.55400000 1981.72000 123.38000 19.68900 103.48800
 4 7 21 19 47 29896.50000 48.55400000 1981.18000 123.38000 19.68900 103.48800
 4 7 21 19 47 29890.60000 48.55400000 1980.53000 123.39000 19.68900 103.48800
 4 7 21 19 48 29890.70000 48.55400000 1982.24000 123.39000 19.68900 103.48800
 4 7 21 19 48 29889.00000 48.45800000 1981.28000 123.30000 19.68900 103.48800
 4 7 21 19 48 29889.00000 48.45800000 1981.27000 123.30000 19.68900 103.48800
 4 7 21 19 49 29893.40000 48.45800000 1981.27000 123.30000 19.68900 103.48800
 4 7 21 19 49 29893.40000 48.45800000 1981.27000 123.30000 19.68900 103.48800
 4 7 21 19 50 29893.40000 48.45800000 1981.28000 123.30000 19.68900 103.36300
 4 7 21 19 50 29891.90000 48.45800000 1981.27000 123.30000 19.68900 103.36300
 4 7 21 19 51 29890.50000 48.45800000 1981.08000 123.30000 19.68900 103.36300
 4 7 21 19 51 29893.40000 48.45800000 1980.40000 123.22000 19.68900 103.36300
 4 7 21 19 51 29893.40000 48.45800000 1981.27000 123.22000 19.68900 103.36300
 4 7 21 19 52 29905.30000 48.45800000 1981.27000 123.22000 19.68900 103.36300
 4 7 21 19 52 29905.30000 48.45800000 1981.28000 123.22000 19.68900 103.36300
 4 7 21 19 53 29905.30000 48.45800000 1980.97000 123.22000 19.68900 103.36300
 4 7 21 19 53 29909.50000 48.45800000 1980.76000 123.22000 19.68900 103.36300
 4 7 21 19 54 29909.50000 48.45800000 1981.54000 123.22000 19.68900 103.36300
 4 7 21 19 54 29911.40000 48.50700000 1982.08000 123.22000 19.68900 103.36300
 4 7 21 19 54 29913.50000 48.50700000 1982.56000 123.22000 19.68900 103.37000
 4 7 21 19 55 29913.50000 48.50700000 1982.89000 123.22000 19.68900 103.37000
 4 7 21 19 55 29967.20000 48.50700000 1985.07000 123.22000 19.68900 103.37000
 4 7 21 19 56 29966.10000 48.50700000 1985.00000 123.22000 19.68900 103.54200
 4 7 21 19 56 29965.90000 48.50700000 1985.50000 123.51000 19.68900 103.54200
 4 7 21 19 57 29965.20000 48.50700000 1985.50000 123.51000 19.68900 103.54200
 4 7 21 19 57 29951.50000 48.50700000 1985.16000 123.51000 19.68900 103.54200
 4 7 21 19 57 29951.60000 48.50700000 1985.16000 123.51000 19.68900 103.54200
 4 7 21 19 58 29951.60000 48.50700000 1984.43000 123.51000 19.68900 103.54200
 4 7 21 19 58 29952.60000 48.50700000 1984.43000 123.51000 19.68900 103.54200
 4 7 21 19 59 29952.60000 48.50700000 1984.43000 123.51000 19.68900 103.54200
 4 7 21 19 59 29953.70000 48.50700000 1984.45000 123.55000 19.68900 103.54200
 4 7 21 20 00 29944.10000 48.50700000 1984.70000 123.55000 19.68900 103.54200
 4 7 21 20 00 29940.10000 48.51700000 1983.66000 123.53000 19.68900 103.29100
 4 7 21 20 01 29940.10000 48.51700000 1983.04000 123.52000 19.68900 103.29100
 4 7 21 20 01 29940.10000 48.51700000 1983.03000 123.52000 19.68900 103.29100
 4 7 21 20 01 29940.10000 48.51700000 1983.03000 123.52000 19.68900 103.29100
 4 7 21 20 02 29940.10000 48.51700000 1982.36000 123.53000 19.68900 103.29100
 4 7 21 20 02 29933.40000 48.51700000 1982.36000 123.68000 19.68900 103.29100
 4 7 21 20 03 29933.30000 48.51700000 1982.59000 123.68000 19.68900 103.29100
 4 7 21 20 03 29928.20000 48.51700000 1982.59000 123.68000 19.68900 103.29100
 4 7 21 20 04 29925.80000 48.51700000 1982.36000 123.60000 19.68900 103.29100
 4 7 21 20 04 29909.60000 48.45900000 1981.31000 123.39000 19.68900 103.29100
 4 7 21 20 04 29908.50000 48.45900000 1980.68000 123.39000 19.68900 103.29100
 4 7 21 20 05 29908.50000 48.45900000 1980.68000 123.39000 19.68900 103.29100
 4 7 21 20 05 29905.40000 48.45900000 1980.01000 123.39000 19.68900 103.29100
 4 7 21 20 06 29908.70000 48.45900000 1980.01000 123.36000 19.68900 103.29100
 4 7 21 20 06 29908.60000 48.45900000 1980.01000 123.36000 19.68900 103.29100
 4 7 21 20 07 29906.50000 48.45900000 1979.34000 123.36000 19.68900 103.29100
 4 7 21 20 07 29906.50000 48.45900000 1979.44000 123.36000 19.68900 103.29100
 4 7 21 20 07 29906.60000 48.45900000 1979.43000 123.40000 19.68900 103.29100
 4 7 21 20 08 29906.60000 48.45900000 1980.25000 123.40000 19.68900 103.24300
 4 7 21 20 08 29905.40000 48.45900000 1979.53000 123.35000 19.68900 103.24300
 4 7 21 20 09 29905.40000 48.45900000 1979.71000 123.35000 19.68900 103.24300
 4 7 21 20 09 29896.50000 48.45900000 1979.75000 123.38000 19.68900 103.24300
 4 7 21 20 10 29896.50000 48.45900000 1979.77000 123.38000 19.68900 103.24300
 4 7 21 20 10 29890.30000 48.45900000 1979.77000 123.32000 19.68900 103.24300
 4 7 21 20 10 29890.30000 48.45900000 1979.77000 123.32000 19.68900 103.24300
 4 7 21 20 11 29891.30000 48.45900000 1979.77000 123.32000 19.68900 103.24300
 4 7 21 20 11 29893.30000 48.45900000 1979.77000 123.35000 19.68900 103.24300
 4 7 21 20 12 29898.40000 48.45900000 1979.76000 123.33000 19.68900 103.24300
 4 7 21 20 12 29888.20000 48.45900000 1977.03000 123.27000 19.68900 103.24300
 4 7 21 20 13 29888.20000 48.45900000 1976.76000 123.21000 19.68900 103.24300
 4 7 21 20 13 29888.10000 48.45900000 1977.03000 123.23000 19.68900 103.24300
 4 7 21 20 13 29888.10000 48.45900000 1977.04000 123.22000 19.68900 103.24300
 4 7 21 20 14 29888.10000 48.39400000 1975.91000 123.22000 19.68900 103.24300
 4 7 21 20 14 29887.70000 48.39400000 1975.13000 123.22000 19.68900 103.24300
 4 7 21 20 15 29887.70000 48.39400000 1974.50000 123.22000 19.68900 103.24300
 4 7 21 20 15 29887.60000 48.39400000 1975.90000 123.22000 19.68900 103.24300
 4 7 21 20 16 29881.80000 48.47100000 1976.77000 123.24000 19.68900 103.24300
 4 7 21 20 16 29881.80000 48.47100000 1977.35000 123.24000 19.68900 103.24300
 4 7 21 20 16 29881.80000 48.47100000 1976.39000 123.24000 19.68900 103.24300
 4 7 21 20 17 29881.70000 48.47100000 1976.39000 123.24000 19.68900 103.24300
 4 7 21 20 17 29864.30000 48.47100000 1975.00000 123.24000 19.68900 103.24300
 4 7 21 20 18 29865.10000 48.47100000 1975.00000 123.33000 19.68900 103.00000
 4 7 21 20 18 29864.40000 48.47100000 1975.42000 123.33000 19.68900 103.00000
 4 7 21 20 19 29864.30000 48.47100000 1975.32000 123.33000 19.68900 103.00000
 4 7 21 20 19 29864.10000 48.47100000 1975.67000 123.33000 19.68900 103.00000
 4 7 21 20 19 29864.00000 48.47100000 1975.97000 123.06000 19.68900 103.00000
