M=[
10 5 20 08 50 8207.40000 5.85100000 177.56000 39.55000 10.82200 39.23200
10 5 20 08 50 8212.10000 5.85100000 177.77000 39.55000 10.82200 39.33000
10 5 20 08 51 8213.00000 5.85100000 177.74000 39.55000 10.82200 39.33000
10 5 20 08 51 8215.40000 5.85100000 177.85000 39.55000 10.82200 39.24500
10 5 20 08 52 8218.30000 5.85100000 177.85000 39.55000 10.82200 39.24500
10 5 20 08 52 8218.30000 5.85100000 177.86000 39.55000 10.82200 39.24500
10 5 20 08 53 8202.40000 5.85100000 177.55000 39.55000 10.82200 39.33000
10 5 20 08 53 8209.50000 5.85100000 177.63000 39.55000 10.82200 39.24500
10 5 20 08 54 8209.10000 5.85100000 177.62000 39.55000 10.82200 39.24500
10 5 20 08 54 8202.80000 5.85100000 177.46000 39.55000 10.82200 39.24500
10 5 20 08 54 8201.80000 5.85100000 177.47000 39.51000 10.82200 39.24500
10 5 20 08 55 8200.00000 5.85100000 177.44000 39.51000 10.82200 39.24500
10 5 20 08 55 8196.80000 5.85100000 177.45000 39.51000 10.82200 39.24500
10 5 20 08 56 8195.20000 5.85100000 177.45000 39.52000 10.82200 39.24500
10 5 20 08 57 8195.10000 5.85100000 177.44000 39.52000 10.83000 39.24500
10 5 20 08 57 8195.10000 5.85100000 177.59000 39.52000 10.83000 39.24500
10 5 20 08 57 8202.60000 5.85300000 177.75000 39.53000 10.83200 39.24500
10 5 20 08 58 8202.60000 5.85300000 178.16000 39.57000 10.83200 39.24500
10 5 20 08 58 8202.50000 5.85300000 177.89000 39.57000 10.83000 39.24500
10 5 20 08 59 8202.50000 5.85300000 177.81000 39.56000 10.83000 39.24500
10 5 20 08 59 8195.80000 5.85300000 177.72000 39.56000 10.83000 39.24500
10 5 20 09 00 8195.00000 5.85300000 177.80000 39.53000 10.83000 39.24500
10 5 20 09 00 8194.10000 5.85300000 177.94000 39.51000 10.84400 39.24500
10 5 20 09 01 8193.10000 5.82100000 177.85000 39.57000 10.89700 39.24500
10 5 20 09 01 8183.40000 5.82700000 177.81000 39.57000 10.84400 39.24500
10 5 20 09 02 8181.00000 5.82700000 177.71000 39.57000 10.89700 39.24500
10 5 20 09 02 8168.80000 5.82700000 177.34000 39.54000 10.89700 39.24500
10 5 20 09 03 8191.80000 5.82700000 177.68000 39.54000 10.89700 39.24500
10 5 20 09 03 8184.10000 5.82700000 177.67000 39.54000 10.89700 39.24500
10 5 20 09 04 8184.00000 5.82700000 177.63000 39.51000 10.89700 39.24500
10 5 20 09 04 8183.70000 5.83000000 177.57000 39.51000 10.89700 39.24500
10 5 20 09 04 8191.90000 5.83000000 177.78000 39.53000 10.89700 39.24500
10 5 20 09 05 8197.80000 5.83000000 177.79000 39.53000 10.91200 39.24500
10 5 20 09 05 8190.80000 5.83000000 177.54000 39.53000 10.89700 39.24500
10 5 20 09 06 8190.00000 5.83000000 177.41000 39.50000 10.91200 39.24500
10 5 20 09 06 8184.20000 5.83000000 177.44000 39.50000 10.91200 39.24500
10 5 20 09 07 8178.50000 5.83000000 177.40000 39.51000 10.91200 39.24500
10 5 20 09 07 8177.10000 5.83000000 177.42000 39.45000 10.91200 39.24500
10 5 20 09 08 8172.90000 5.83000000 177.33000 39.46000 10.89700 39.24500
10 5 20 09 08 8172.90000 5.83000000 177.31000 39.45000 10.91200 39.24500
10 5 20 09 09 8174.20000 5.83000000 177.27000 39.46000 10.91200 39.24500
10 5 20 09 09 8166.00000 5.83000000 177.14000 39.46000 10.89700 39.24500
10 5 20 09 10 8169.70000 5.83000000 177.11000 39.46000 10.91200 39.24500
10 5 20 09 10 8159.90000 5.83000000 177.40000 39.46000 10.91200 39.24500
10 5 20 09 11 8165.00000 5.83000000 177.29000 39.46000 10.89700 39.24500
10 5 20 09 11 8163.90000 5.83000000 177.32000 39.46000 10.91200 39.24500
10 5 20 09 12 8165.00000 5.83000000 177.42000 39.46000 10.91200 39.24500
10 5 20 09 12 8167.20000 5.83000000 177.48000 39.46000 10.89400 39.24500
10 5 20 09 13 8170.00000 5.83000000 177.56000 39.49000 10.89400 39.24500
10 5 20 09 13 8170.00000 5.83000000 177.54000 39.48000 10.89400 39.24500
10 5 20 09 14 8170.00000 5.83000000 177.28000 39.49000 10.89400 39.24500
10 5 20 09 14 8171.00000 5.83000000 177.44000 39.47000 10.89400 39.24500
10 5 20 09 15 8184.40000 5.83000000 177.67000 39.51000 10.89400 39.24500
10 5 20 09 15 8171.00000 5.83000000 177.60000 39.52000 10.89800 39.24500
10 5 20 09 16 8185.00000 5.83000000 177.71000 39.53000 10.89800 39.24500
10 5 20 09 16 8185.10000 5.83000000 177.63000 39.53000 10.89800 39.24500
10 5 20 09 16 8183.30000 5.83000000 177.41000 39.53000 10.89800 39.24500
10 5 20 09 17 8180.50000 5.83000000 177.41000 39.53000 10.89800 39.24500
10 5 20 09 17 8176.90000 5.83000000 177.29000 39.53000 10.89400 39.24500
10 5 20 09 18 8171.60000 5.83000000 177.29000 39.53000 10.89800 39.24500
10 5 20 09 18 8175.30000 5.82700000 177.30000 39.53000 10.89800 39.08600
10 5 20 09 19 8186.50000 5.82700000 177.56000 39.52000 10.90200 39.08600
10 5 20 09 19 8185.20000 5.83900000 177.43000 39.52000 10.90200 39.08600
10 5 20 09 20 8186.50000 5.83900000 177.23000 39.48000 10.90200 39.33000
10 5 20 09 20 8185.20000 5.83900000 177.22000 39.47000 10.89800 39.33000
10 5 20 09 21 8194.90000 5.83900000 177.50000 39.47000 10.90200 39.08600
10 5 20 09 21 8200.00000 5.83900000 177.48000 39.46000 10.90200 39.08600
10 5 20 09 22 8195.80000 5.84100000 177.52000 39.46000 10.90200 39.08600
10 5 20 09 22 8193.50000 5.84100000 177.49000 39.47000 10.90200 39.08600
10 5 20 09 23 8191.70000 5.84100000 177.48000 39.47000 10.90200 39.24500
10 5 20 09 23 8194.70000 5.84100000 177.61000 39.47000 10.90200 39.08600
10 5 20 09 24 8202.40000 5.84100000 177.69000 39.47000 10.90200 39.08600
10 5 20 09 24 8202.90000 5.84100000 177.73000 39.46000 10.90200 39.08600
10 5 20 09 25 8202.10000 5.83900000 177.67000 39.46000 10.90200 39.08600
10 5 20 09 25 8198.00000 5.84100000 177.62000 39.46000 10.89400 39.08600
10 5 20 09 26 8196.90000 5.84100000 177.71000 39.45000 10.90200 39.08600
10 5 20 09 26 8201.00000 5.84100000 177.86000 39.45000 10.90200 39.08600
10 5 20 09 27 8187.40000 5.82500000 177.64000 39.45000 10.89800 39.08600
10 5 20 09 27 8186.50000 5.82500000 177.52000 39.45000 10.90200 39.00000
10 5 20 09 27 8180.40000 5.82500000 177.49000 39.43000 10.90200 39.00000
10 5 20 09 28 8181.90000 5.82500000 177.45000 39.43000 10.90200 39.08600
10 5 20 09 28 8181.00000 5.82300000 177.48000 39.44000 10.90200 39.00000
10 5 20 09 29 8181.80000 5.82800000 177.59000 39.44000 10.89800 39.00000
10 5 20 09 29 8177.10000 5.82800000 177.46000 39.44000 10.89800 39.00000
10 5 20 09 30 8175.80000 5.82800000 177.37000 39.44000 10.90200 39.00000
10 5 20 09 30 8176.00000 5.82200000 177.57000 39.43000 10.89400 39.00000
10 5 20 09 31 8174.20000 5.82200000 177.39000 39.41000 10.90200 38.88900
10 5 20 09 31 8170.00000 5.82200000 177.31000 39.43000 10.90200 38.88100
10 5 20 09 32 8172.10000 5.82200000 177.53000 39.43000 10.90200 38.88900
10 5 20 09 32 8176.90000 5.82200000 177.48000 39.45000 10.90200 38.88900
10 5 20 09 33 8173.30000 5.82200000 177.66000 39.45000 10.90200 38.88900
10 5 20 09 33 8179.60000 5.82200000 177.57000 39.45000 10.83000 38.88900
10 5 20 09 34 8177.30000 5.82100000 177.64000 39.47000 10.83000 38.88900
10 5 20 09 34 8184.40000 5.82100000 177.70000 39.49000 10.83000 38.88900
10 5 20 09 34 8195.10000 5.82100000 177.97000 39.49000 10.83000 38.88900
10 5 20 09 35 8189.10000 5.82100000 177.86000 39.52000 10.83000 38.88900
10 5 20 09 35 8188.00000 5.82100000 177.74000 39.52000 10.83000 38.88900
10 5 20 09 36 8189.80000 5.82100000 177.67000 39.52000 10.79500 38.88900
10 5 20 09 36 8194.90000 5.82100000 177.67000 39.52000 10.79500 38.88900
10 5 20 09 37 8190.70000 5.82100000 177.74000 39.53000 10.79500 38.88900
10 5 20 09 37 8193.00000 5.82100000 177.79000 39.53000 10.79500 38.88900
10 5 20 09 38 8189.50000 5.82100000 177.65000 39.52000 10.79500 38.88900
10 5 20 09 38 8192.10000 5.82100000 177.76000 39.52000 10.79500 38.88900
10 5 20 09 39 8201.20000 5.82100000 178.05000 39.57000 10.79500 39.00000
10 5 20 09 39 8191.00000 5.82100000 177.92000 39.58000 10.79500 39.00000
10 5 20 09 40 8201.20000 5.82500000 178.00000 39.58000 10.79500 39.07900
10 5 20 09 40 8201.20000 5.82100000 178.00000 39.60000 10.79500 39.07900
10 5 20 09 41 8201.20000 5.82100000 178.00000 39.61000 10.79500 39.07900
10 5 20 09 41 8206.70000 5.82100000 178.00000 39.61000 10.79500 39.07900
