M=[
17 6 20 04 40 8398.20000 5.52000000 206.80000 38.76000 14.47900 46.32400
17 6 20 04 40 8398.30000 5.52000000 207.07000 38.76000 14.47900 46.32400
17 6 20 04 41 8398.30000 5.52000000 207.02000 38.76000 14.47900 46.32400
17 6 20 04 41 8398.30000 5.52000000 207.02000 38.76000 14.47900 46.32400
17 6 20 04 42 8398.20000 5.52000000 207.02000 38.76000 14.47900 46.32400
17 6 20 04 42 8403.30000 5.52000000 207.02000 38.76000 14.47900 46.32400
17 6 20 04 43 8402.70000 5.52000000 206.93000 38.76000 14.47900 46.32400
17 6 20 04 43 8402.70000 5.52000000 206.93000 38.76000 14.47900 46.32400
17 6 20 04 44 8405.50000 5.52000000 206.93000 38.76000 14.47900 46.32400
17 6 20 04 44 8403.10000 5.52000000 206.93000 38.76000 14.47900 46.32400
17 6 20 04 45 8403.10000 5.52000000 206.93000 38.76000 14.47900 46.32400
17 6 20 04 46 8404.90000 5.52000000 206.93000 38.76000 14.47900 46.32400
17 6 20 04 46 8404.90000 5.52000000 207.00000 38.76000 14.47900 46.32400
17 6 20 04 47 8404.20000 5.52000000 207.00000 38.76000 14.47900 46.32400
17 6 20 04 47 8405.40000 5.52000000 206.93000 38.76000 14.47900 46.32400
17 6 20 04 48 8402.60000 5.52000000 206.93000 38.76000 14.47900 46.32400
17 6 20 04 48 8405.30000 5.52000000 206.94000 38.76000 14.47900 46.32400
17 6 20 04 49 8405.20000 5.52000000 206.94000 38.76000 14.47900 46.32400
17 6 20 04 49 8403.50000 5.52000000 206.94000 38.76000 14.47900 46.32400
17 6 20 04 50 8400.50000 5.52000000 206.94000 38.76000 14.47900 46.32400
17 6 20 04 50 8405.20000 5.52000000 206.94000 38.76000 14.47900 46.32400
17 6 20 04 51 8405.10000 5.52000000 206.94000 38.76000 14.47900 46.32400
17 6 20 04 51 8405.10000 5.52000000 206.94000 38.75000 14.47900 46.32400
17 6 20 04 52 8404.20000 5.52000000 206.96000 38.75000 14.47900 46.32400
17 6 20 04 52 8404.20000 5.52000000 207.02000 38.76000 14.47900 46.32400
17 6 20 04 53 8405.00000 5.52000000 207.05000 38.76000 14.47900 46.32400
17 6 20 04 53 8405.00000 5.52000000 206.93000 38.76000 14.47900 46.32400
17 6 20 04 54 8402.40000 5.52000000 206.93000 38.76000 14.47900 46.32400
17 6 20 04 54 8402.40000 5.52000000 206.93000 38.76000 14.47900 46.32400
17 6 20 04 55 8402.50000 5.52000000 206.93000 38.76000 14.47900 46.32400
17 6 20 04 55 8401.50000 5.52000000 206.93000 38.76000 14.44400 46.32400
17 6 20 04 56 8400.10000 5.52000000 206.94000 38.76000 14.44400 46.32400
17 6 20 04 56 8400.00000 5.52000000 206.94000 38.76000 14.40300 46.32400
17 6 20 04 57 8395.00000 5.52000000 206.94000 38.76000 14.46100 46.32400
17 6 20 04 57 8399.40000 5.52000000 206.94000 38.76000 14.46100 46.32400
17 6 20 04 58 8398.10000 5.52000000 206.95000 38.76000 14.46100 46.32400
17 6 20 04 58 8395.00000 5.52000000 206.95000 38.76000 14.46100 46.32400
17 6 20 04 59 8396.10000 5.52000000 206.94000 38.76000 14.46100 46.32400
17 6 20 04 59 8396.10000 5.52000000 206.94000 38.76000 14.46100 46.46700
17 6 20 05 00 8396.80000 5.52000000 206.93000 38.76000 14.46100 46.46700
17 6 20 05 01 8397.90000 5.52000000 206.94000 38.76000 14.46100 46.46700
17 6 20 05 01 8395.10000 5.52000000 206.95000 38.76000 14.46100 46.46700
17 6 20 05 02 8396.60000 5.52000000 206.95000 38.76000 14.46100 46.46700
17 6 20 05 02 8396.50000 5.52000000 206.95000 38.76000 14.46100 46.46700
17 6 20 05 03 8398.50000 5.52000000 206.95000 38.76000 14.44000 46.46700
17 6 20 05 03 8398.50000 5.52000000 206.97000 38.76000 14.44900 46.46700
17 6 20 05 04 8399.20000 5.52000000 206.95000 38.76000 14.44900 46.46700
17 6 20 05 04 8399.80000 5.52000000 206.95000 38.76000 14.48900 46.46700
17 6 20 05 05 8398.80000 5.52000000 206.95000 38.76000 14.48900 46.46700
17 6 20 05 05 8398.80000 5.52000000 206.95000 38.76000 14.48900 46.46700
17 6 20 05 06 8399.20000 5.52000000 206.94000 38.76000 14.48900 46.46700
17 6 20 05 06 8402.90000 5.52000000 207.00000 38.76000 14.48900 46.46700
17 6 20 05 07 8404.00000 5.52000000 207.00000 38.76000 14.48900 46.46700
17 6 20 05 07 8404.20000 5.52000000 207.00000 38.76000 14.48900 46.46700
17 6 20 05 08 8402.90000 5.52000000 206.97000 38.76000 14.44900 46.46700
17 6 20 05 09 8404.70000 5.52000000 206.97000 38.76000 14.48900 46.46700
17 6 20 05 09 8404.40000 5.52000000 206.97000 38.76000 14.48900 46.46700
17 6 20 05 10 8404.40000 5.52000000 206.97000 38.76000 14.48900 46.46700
17 6 20 05 10 8407.20000 5.52000000 206.97000 38.76000 14.48900 46.46700
17 6 20 05 11 8406.90000 5.52000000 206.97000 38.76000 14.48900 46.46700
17 6 20 05 11 8406.90000 5.52000000 206.97000 38.76000 14.48900 46.32400
17 6 20 05 12 8407.10000 5.52000000 207.04000 38.76000 14.48900 46.46700
17 6 20 05 12 8406.90000 5.52000000 207.00000 38.76000 14.44900 46.32400
17 6 20 05 13 8407.20000 5.52000000 207.00000 38.76000 14.48900 46.46700
17 6 20 05 13 8408.30000 5.52000000 207.00000 38.76000 14.48900 46.46700
17 6 20 05 14 8406.90000 5.52000000 207.00000 38.82000 14.48900 46.32400
17 6 20 05 14 8406.90000 5.52000000 207.00000 38.82000 14.48900 46.46700
17 6 20 05 15 8406.90000 5.52000000 207.00000 38.82000 14.48900 46.46700
17 6 20 05 15 8406.80000 5.52000000 207.02000 38.82000 14.48900 46.46700
17 6 20 05 16 8405.80000 5.52000000 207.02000 38.79000 14.48900 46.32400
17 6 20 05 16 8406.50000 5.52000000 207.02000 38.79000 14.48900 46.46700
17 6 20 05 17 8406.60000 5.52000000 207.02000 38.79000 14.37100 46.46700
17 6 20 05 18 8405.80000 5.52000000 207.01000 38.79000 14.37100 46.42000
17 6 20 05 18 8400.50000 5.52000000 206.98000 38.79000 14.36100 46.42000
17 6 20 05 19 8404.10000 5.52000000 206.98000 38.82000 14.32400 46.42000
17 6 20 05 19 8404.10000 5.52000000 207.02000 38.79000 14.32400 46.42000
17 6 20 05 20 8404.10000 5.52000000 207.14000 38.82000 14.32400 46.42000
17 6 20 05 20 8404.10000 5.52000000 206.99000 38.82000 14.32400 46.42000
17 6 20 05 21 8397.50000 5.52000000 206.99000 38.79000 14.32400 46.42000
17 6 20 05 21 8397.60000 5.52000000 206.99000 38.79000 14.34100 46.42000
17 6 20 05 22 8396.20000 5.52000000 206.99000 38.79000 14.34100 46.42000
17 6 20 05 22 8396.20000 5.52000000 206.99000 38.79000 14.32500 46.42000
17 6 20 05 23 8389.50000 5.52000000 206.99000 38.79000 14.32500 46.42000
17 6 20 05 24 8392.00000 5.52000000 206.99000 38.79000 14.26200 46.42000
17 6 20 05 24 8391.40000 5.52500000 206.97000 38.79000 14.22500 46.42000
17 6 20 05 25 8389.50000 5.52500000 206.88000 38.79000 14.20300 46.42000
17 6 20 05 25 8389.60000 5.52500000 206.92000 38.82000 14.20300 46.42000
17 6 20 05 26 8390.40000 5.52500000 206.89000 38.79000 14.22600 46.42000
17 6 20 05 26 8389.70000 5.52500000 206.89000 38.82000 14.22600 46.42000
17 6 20 05 27 8384.90000 5.52500000 206.89000 38.79000 14.19000 46.42000
17 6 20 05 27 8386.70000 5.52500000 206.89000 38.79000 14.19000 46.42000
17 6 20 05 28 8385.40000 5.52500000 206.81000 38.79000 14.20100 46.42000
17 6 20 05 29 8384.80000 5.52500000 206.77000 38.79000 14.20100 46.42000
17 6 20 05 29 8384.70000 5.52500000 206.68000 38.79000 14.20100 46.42000
17 6 20 05 30 8379.20000 5.52500000 206.55000 38.79000 14.21900 46.42000
17 6 20 05 30 8379.20000 5.52500000 206.55000 38.79000 14.21900 46.42000
17 6 20 05 31 8378.90000 5.52500000 206.46000 38.79000 14.21900 46.42000
17 6 20 05 31 8377.80000 5.52500000 206.46000 38.79000 14.21900 46.42000
17 6 20 05 32 8377.40000 5.52500000 206.46000 38.79000 14.21900 46.42000
17 6 20 05 32 8373.00000 5.52500000 206.46000 38.79000 14.21900 46.42000
17 6 20 05 33 8383.50000 5.52500000 206.61000 38.79000 14.21900 46.46700
17 6 20 05 34 8384.70000 5.52500000 206.61000 38.79000 14.21900 46.42000
17 6 20 05 34 8384.70000 5.52500000 206.61000 38.79000 14.21900 46.42000
17 6 20 05 35 8383.70000 5.52500000 206.61000 38.79000 14.21900 46.42000
17 6 20 05 35 8380.80000 5.52500000 206.61000 38.79000 14.17200 46.42000
17 6 20 05 36 8385.60000 5.52500000 206.65000 38.75000 14.17200 46.46700
17 6 20 05 36 8385.10000 5.52500000 206.65000 38.74000 14.17200 46.42000
17 6 20 05 37 8383.80000 5.52500000 206.70000 38.74000 14.19300 46.42000
17 6 20 05 37 8385.60000 5.52500000 206.70000 38.74000 14.19300 46.42000
