M=[
25 6 20 09 53 8273.30000 5.50900000 208.83000 38.18000 14.64800 49.50400
25 6 20 09 53 8275.40000 5.50900000 208.84000 38.18000 14.64800 49.50400
25 6 20 09 54 8277.20000 5.50900000 208.92000 38.18000 14.64800 49.50400
25 6 20 09 54 8277.20000 5.50900000 208.89000 38.18000 14.63300 49.53900
25 6 20 09 55 8278.00000 5.50900000 208.88000 38.20000 14.63300 49.58200
25 6 20 09 55 8277.70000 5.50900000 208.89000 38.18000 14.63300 49.76600
25 6 20 09 56 8277.90000 5.50900000 208.89000 38.18000 14.63300 49.83700
25 6 20 09 56 8278.00000 5.50900000 208.89000 38.18000 14.63300 49.94100
25 6 20 09 56 8278.00000 5.50900000 208.91000 38.18000 14.63300 49.94100
25 6 20 09 57 8273.30000 5.50900000 208.77000 38.18000 14.63300 50.01300
25 6 20 09 57 8272.40000 5.50900000 209.16000 38.18000 14.63300 50.01700
25 6 20 09 58 8272.40000 5.50900000 208.97000 38.18000 14.63300 49.85000
25 6 20 09 58 8251.10000 5.50900000 208.88000 38.18000 14.63300 49.85100
25 6 20 09 59 8250.10000 5.50900000 208.62000 38.18000 14.63300 49.83700
25 6 20 10 00 8250.00000 5.50900000 208.63000 38.18000 14.63300 49.82700
25 6 20 10 00 8251.10000 5.50900000 208.64000 38.16000 14.63300 49.82700
25 6 20 10 01 8250.00000 5.50900000 208.64000 38.13000 14.63300 49.75300
25 6 20 10 01 8250.00000 5.50900000 208.42000 38.13000 14.63300 49.73300
25 6 20 10 02 8245.70000 5.50300000 208.42000 38.13000 14.63300 49.73300
25 6 20 10 02 8247.30000 5.50300000 208.39000 38.13000 14.63300 49.76000
25 6 20 10 02 8247.30000 5.50300000 208.39000 38.13000 14.63300 49.92000
25 6 20 10 03 8247.70000 5.50900000 208.43000 38.13000 14.60300 49.93300
25 6 20 10 03 8247.70000 5.50300000 208.43000 38.13000 14.60300 49.94500
25 6 20 10 04 8252.80000 5.50300000 208.65000 38.13000 14.60300 49.94500
25 6 20 10 04 8261.70000 5.50300000 208.68000 38.16000 14.60300 50.01900
25 6 20 10 05 8266.60000 5.50300000 208.89000 38.13000 14.60300 50.05700
25 6 20 10 05 8265.90000 5.50300000 208.94000 38.14000 14.60300 50.05700
25 6 20 10 06 8268.10000 5.50300000 208.92000 38.14000 14.60300 50.05700
25 6 20 10 06 8267.90000 5.50300000 208.92000 38.19000 14.60300 50.05700
25 6 20 10 07 8267.50000 5.50300000 208.90000 38.19000 14.60300 50.05700
25 6 20 10 07 8266.90000 5.50300000 208.84000 38.19000 14.60300 50.15400
25 6 20 10 08 8265.00000 5.50300000 208.82000 38.19000 14.60300 50.27000
25 6 20 10 08 8268.00000 5.50300000 208.82000 38.16000 14.60300 50.23200
25 6 20 10 09 8268.00000 5.50300000 208.96000 38.16000 14.60300 50.28000
25 6 20 10 09 8267.90000 5.50300000 208.91000 38.16000 14.60300 50.27600
25 6 20 10 09 8267.00000 5.50300000 208.91000 38.16000 14.60300 50.27600
25 6 20 10 10 8263.30000 5.50300000 208.81000 38.16000 14.60300 50.27600
25 6 20 10 10 8263.30000 5.50300000 208.68000 38.16000 14.60300 50.27600
25 6 20 10 11 8263.30000 5.50300000 208.68000 38.14000 14.60300 50.27600
25 6 20 10 11 8263.30000 5.50300000 208.68000 38.14000 14.60300 50.11000
25 6 20 10 12 8263.20000 5.50300000 208.69000 38.14000 14.60300 50.11000
25 6 20 10 12 8267.00000 5.50300000 208.69000 38.14000 14.60300 50.25300
25 6 20 10 13 8267.70000 5.50300000 209.01000 38.14000 14.60300 50.25300
25 6 20 10 13 8267.70000 5.50300000 208.94000 38.14000 14.60300 50.25300
25 6 20 10 14 8265.00000 5.50300000 208.88000 38.14000 14.60300 50.11000
25 6 20 10 14 8265.00000 5.50300000 208.86000 38.14000 14.60300 50.11000
25 6 20 10 15 8265.00000 5.50300000 208.86000 38.14000 14.60300 50.25300
25 6 20 10 15 8264.90000 5.50300000 209.01000 38.14000 14.60300 50.25300
25 6 20 10 15 8265.00000 5.50300000 209.00000 38.14000 14.60800 50.25300
25 6 20 10 16 8264.90000 5.50300000 208.92000 38.14000 14.60800 50.37000
25 6 20 10 16 8264.90000 5.50300000 208.94000 38.14000 14.60800 50.37000
25 6 20 10 17 8265.00000 5.50300000 208.99000 38.14000 14.60800 50.37000
25 6 20 10 17 8265.00000 5.50300000 208.99000 38.14000 14.60800 50.38100
25 6 20 10 18 8265.00000 5.50300000 209.02000 38.14000 14.60800 50.47000
25 6 20 10 18 8265.00000 5.50300000 209.02000 38.16000 14.60800 50.53000
25 6 20 10 19 8264.90000 5.50300000 209.00000 38.16000 14.60800 50.53000
25 6 20 10 19 8264.90000 5.50300000 209.00000 38.16000 14.60800 50.59700
25 6 20 10 20 8265.00000 5.50300000 208.97000 38.16000 14.60800 50.59700
25 6 20 10 20 8263.20000 5.50300000 208.96000 38.16000 14.60800 50.59700
25 6 20 10 21 8263.30000 5.50300000 208.97000 38.16000 14.60800 50.59700
25 6 20 10 21 8263.30000 5.50300000 208.97000 38.16000 14.60800 50.59700
25 6 20 10 21 8263.30000 5.50300000 208.97000 38.16000 14.60800 50.59700
25 6 20 10 22 8263.20000 5.50300000 208.97000 38.16000 14.60800 50.59700
25 6 20 10 22 8262.70000 5.50300000 208.97000 38.16000 14.60800 50.39000
25 6 20 10 23 8261.60000 5.50300000 208.97000 38.16000 14.60800 50.39000
25 6 20 10 23 8263.30000 5.50300000 208.78000 38.16000 14.60800 50.39000
25 6 20 10 24 8263.30000 5.50300000 208.86000 38.16000 14.60800 50.39000
25 6 20 10 24 8263.30000 5.50300000 208.96000 38.16000 14.60800 50.39000
25 6 20 10 25 8263.30000 5.50300000 208.97000 38.16000 14.60800 50.39000
25 6 20 10 25 8263.30000 5.50300000 208.86000 38.16000 14.58400 50.39000
25 6 20 10 26 8263.30000 5.50300000 208.87000 38.16000 14.58000 50.39000
25 6 20 10 26 8263.20000 5.50300000 208.85000 38.16000 14.57800 50.39000
25 6 20 10 26 8265.00000 5.50300000 208.85000 38.16000 14.57800 50.39000
25 6 20 10 27 8265.00000 5.50300000 208.92000 38.16000 14.57800 50.39000
25 6 20 10 27 8264.20000 5.50300000 208.89000 38.16000 14.54400 50.39000
25 6 20 10 28 8263.40000 5.50300000 208.89000 38.16000 14.54400 50.39000
25 6 20 10 28 8263.40000 5.50300000 208.89000 38.16000 14.57800 50.25300
25 6 20 10 29 8260.10000 5.50300000 208.89000 38.16000 14.54400 50.25300
25 6 20 10 29 8260.10000 5.50300000 208.89000 38.16000 14.54400 50.25300
25 6 20 10 30 8260.10000 5.50300000 208.72000 38.16000 14.54400 50.16200
25 6 20 10 30 8265.00000 5.50300000 208.72000 38.16000 14.54400 50.17700
25 6 20 10 31 8265.00000 5.50300000 208.80000 38.16000 14.54400 50.17700
25 6 20 10 31 8265.00000 5.50300000 208.80000 38.16000 14.54400 50.17700
25 6 20 10 32 8265.00000 5.50300000 208.95000 38.16000 14.54400 50.17700
25 6 20 10 32 8265.10000 5.50300000 208.95000 38.16000 14.54400 50.17700
25 6 20 10 33 8265.20000 5.50300000 208.95000 38.16000 14.54400 50.17700
25 6 20 10 33 8267.50000 5.50300000 208.81000 38.16000 14.54400 50.17700
25 6 20 10 34 8267.80000 5.50900000 208.81000 38.16000 14.54400 50.17700
25 6 20 10 34 8271.00000 5.50300000 208.81000 38.16000 14.54400 50.17700
25 6 20 10 35 8271.00000 5.50300000 208.81000 38.16000 14.54400 50.17700
25 6 20 10 35 8271.00000 5.50300000 208.81000 38.16000 14.54400 50.17700
25 6 20 10 35 8270.90000 5.50300000 208.92000 38.16000 14.54400 50.17700
25 6 20 10 36 8270.90000 5.50300000 208.92000 38.13000 14.54400 50.17700
25 6 20 10 36 8271.00000 5.50300000 208.92000 38.13000 14.54400 50.17700
25 6 20 10 37 8271.00000 5.50300000 208.95000 38.13000 14.54400 50.40900
25 6 20 10 37 8271.00000 5.50300000 208.96000 38.13000 14.55700 50.40900
25 6 20 10 38 8270.80000 5.50300000 208.96000 38.13000 14.55700 50.40900
25 6 20 10 38 8268.40000 5.50300000 208.96000 38.13000 14.55700 50.40900
25 6 20 10 39 8270.70000 5.50300000 208.96000 38.13000 14.55700 50.40900
25 6 20 10 39 8270.90000 5.50300000 208.96000 38.13000 14.55700 50.40900
25 6 20 10 40 8271.00000 5.50300000 209.00000 38.13000 14.55700 50.40900
25 6 20 10 40 8272.80000 5.50300000 209.12000 38.13000 14.55700 50.40900
25 6 20 10 41 8272.40000 5.50300000 209.12000 38.13000 14.55700 50.40900
25 6 20 10 41 8271.10000 5.50300000 209.12000 38.13000 14.55700 50.40900
25 6 20 10 42 8271.10000 5.50300000 209.11000 38.13000 14.55700 50.40900
25 6 20 10 42 8271.00000 5.50300000 209.10000 38.13000 14.55700 50.40900
25 6 20 10 42 8271.00000 5.50300000 208.96000 38.13000 14.55700 50.40900
25 6 20 10 43 8270.10000 5.50300000 209.04000 38.13000 14.55700 50.40900
25 6 20 10 43 8271.00000 5.50300000 209.06000 38.13000 14.55700 50.40900
