M=[
 1 2 21 05 42 27745.10000 6.22600000 1087.01000 107.87000 16.89000 72.52700
 1 2 21 05 43 27768.80000 6.24200000 1088.07000 108.00000 16.89000 72.52700
 1 2 21 05 43 27761.10000 6.24200000 1088.07000 108.00000 16.89000 72.52700
 1 2 21 05 44 27743.20000 6.24200000 1087.31000 108.00000 16.89000 72.52700
 1 2 21 05 44 27767.50000 6.24200000 1087.43000 108.00000 16.89000 72.52700
 1 2 21 05 45 27758.40000 6.24200000 1087.43000 107.99000 16.89000 72.52700
 1 2 21 05 45 27796.30000 6.24200000 1088.11000 107.99000 16.89000 72.52700
 1 2 21 05 45 27841.40000 6.24200000 1088.73000 108.10000 16.89000 72.52700
 1 2 21 05 46 27841.50000 6.24200000 1088.48000 108.10000 16.89000 72.52700
 1 2 21 05 46 27876.20000 6.24200000 1089.56000 108.10000 16.89000 72.52700
 1 2 21 05 47 27882.20000 6.24200000 1089.95000 108.42000 16.89000 72.52700
 1 2 21 05 47 27867.30000 6.24200000 1090.00000 108.49000 16.89000 72.52700
 1 2 21 05 48 27835.90000 6.24200000 1089.32000 108.33000 16.89000 72.81100
 1 2 21 05 48 27835.40000 6.24200000 1088.64000 108.17000 16.89000 72.82900
 1 2 21 05 49 27815.40000 6.24200000 1088.03000 108.18000 16.89000 72.82900
 1 2 21 05 49 27838.20000 6.24200000 1088.04000 108.18000 16.89000 72.82900
 1 2 21 05 49 27813.40000 6.24200000 1087.73000 108.18000 16.89000 72.82900
 1 2 21 05 50 27814.00000 6.24200000 1087.65000 108.13000 16.89000 72.82900
 1 2 21 05 50 27839.90000 6.24200000 1087.65000 108.13000 16.89000 72.82900
 1 2 21 05 51 27833.60000 6.24200000 1089.30000 108.13000 16.89000 72.82900
 1 2 21 05 51 27840.00000 6.25600000 1089.45000 108.13000 16.89000 72.79800
 1 2 21 05 52 27861.80000 6.25600000 1090.36000 108.13000 16.89000 72.79800
 1 2 21 05 52 27878.80000 6.25600000 1091.44000 108.13000 16.89000 72.79800
 1 2 21 05 52 27876.80000 6.25600000 1091.40000 108.40000 16.89000 72.79800
 1 2 21 05 53 27854.40000 6.25600000 1091.41000 108.40000 16.89000 72.79800
 1 2 21 05 53 27841.30000 6.25600000 1090.30000 108.40000 16.89000 72.79800
 1 2 21 05 54 27867.40000 6.24700000 1090.30000 108.16000 16.89000 72.79800
 1 2 21 05 54 27869.00000 6.24700000 1091.39000 108.16000 16.89000 72.79800
 1 2 21 05 55 27864.70000 6.24700000 1090.68000 108.16000 16.89000 72.79800
 1 2 21 05 55 27923.40000 6.24700000 1091.73000 108.26000 16.89000 72.79800
 1 2 21 05 55 27923.50000 6.24700000 1090.92000 108.26000 16.98300 72.79800
 1 2 21 05 56 27897.60000 6.24700000 1091.02000 108.44000 16.98300 72.79800
 1 2 21 05 56 27887.90000 6.24700000 1090.69000 108.44000 16.98300 72.79800
 1 2 21 05 57 27872.40000 6.25500000 1090.69000 108.35000 16.98300 72.79800
 1 2 21 05 57 27861.60000 6.25500000 1090.88000 108.41000 16.98300 72.79800
 1 2 21 05 58 27846.00000 6.25500000 1090.70000 108.41000 16.98300 72.79800
 1 2 21 05 58 27841.20000 6.25500000 1090.70000 108.41000 16.98300 72.79800
 1 2 21 05 58 27841.30000 6.25500000 1090.70000 108.41000 16.98300 72.79800
 1 2 21 05 59 27841.30000 6.25500000 1090.09000 108.41000 16.98300 72.79800
 1 2 21 05 59 27845.90000 6.25500000 1090.05000 108.42000 16.98300 72.79800
 1 2 21 06 00 27862.90000 6.28300000 1089.26000 108.42000 16.98300 72.79800
 1 2 21 06 00 27929.10000 6.28300000 1089.26000 108.52000 16.98300 72.79800
 1 2 21 06 01 27885.30000 6.28300000 1090.20000 108.52000 16.98300 72.79800
 1 2 21 06 01 27813.30000 6.28300000 1089.09000 108.52000 16.98300 72.79800
 1 2 21 06 01 27821.00000 6.28300000 1088.18000 108.52000 16.98300 72.79800
 1 2 21 06 02 27841.20000 6.28300000 1090.64000 108.35000 16.98300 72.76300
 1 2 21 06 02 27891.10000 6.28300000 1092.07000 108.35000 16.98300 72.76300
 1 2 21 06 03 27891.10000 6.28300000 1092.13000 108.35000 16.98300 72.76300
 1 2 21 06 03 27852.80000 6.28300000 1091.48000 108.49000 16.98300 72.76300
 1 2 21 06 04 27851.70000 6.28300000 1091.48000 108.46000 16.98300 72.76300
 1 2 21 06 04 27843.90000 6.28300000 1091.48000 108.39000 16.98300 72.76300
 1 2 21 06 04 27842.80000 6.28300000 1090.59000 108.39000 16.98300 72.76300
 1 2 21 06 05 27879.50000 6.28300000 1090.81000 108.39000 16.98300 72.76300
 1 2 21 06 05 27852.20000 6.28300000 1091.54000 108.39000 16.98300 72.76300
 1 2 21 06 06 27850.00000 6.28300000 1091.54000 108.39000 16.98300 72.76300
 1 2 21 06 06 27850.00000 6.28300000 1091.82000 108.39000 16.98300 72.76300
 1 2 21 06 07 27849.90000 6.28300000 1091.82000 108.43000 16.98300 72.76300
 1 2 21 06 07 27915.00000 6.28300000 1092.11000 108.52000 16.98300 72.76300
 1 2 21 06 07 27899.90000 6.28300000 1092.28000 108.52000 16.98300 72.76300
 1 2 21 06 08 27899.90000 6.28300000 1092.13000 108.62000 16.98300 72.76300
 1 2 21 06 08 27900.00000 6.28300000 1092.33000 108.62000 16.98300 73.18800
 1 2 21 06 09 27900.00000 6.28300000 1092.36000 108.62000 16.98300 73.18800
 1 2 21 06 09 27949.40000 6.28300000 1093.91000 108.71000 16.98300 73.18800
 1 2 21 06 10 27946.20000 6.28300000 1093.63000 108.80000 16.98300 73.18800
 1 2 21 06 10 27935.90000 6.28300000 1093.83000 108.80000 16.98300 73.18800
 1 2 21 06 10 27935.90000 6.28300000 1093.89000 108.79000 16.98300 73.18800
 1 2 21 06 11 27929.20000 6.28300000 1093.03000 108.54000 16.98300 73.18800
 1 2 21 06 11 27929.20000 6.28300000 1092.96000 108.54000 16.98300 73.18800
 1 2 21 06 12 27893.20000 6.28300000 1093.34000 108.57000 16.98300 73.34400
 1 2 21 06 12 27870.30000 6.28300000 1093.38000 108.55000 16.98300 73.34400
 1 2 21 06 13 27889.00000 6.28300000 1093.16000 108.55000 16.98300 73.34400
 1 2 21 06 13 27905.70000 6.28300000 1093.74000 108.62000 16.98300 73.34400
 1 2 21 06 13 27901.40000 6.28300000 1093.73000 108.59000 16.98300 73.34400
 1 2 21 06 14 27902.30000 6.28300000 1093.35000 108.60000 16.98300 73.12700
 1 2 21 06 14 27904.70000 6.28300000 1093.23000 108.57000 17.00000 73.12700
 1 2 21 06 15 27904.70000 6.28300000 1093.22000 108.52000 17.00000 73.12700
 1 2 21 06 15 27911.10000 6.26100000 1093.34000 108.60000 17.00000 73.12700
 1 2 21 06 16 27911.10000 6.26100000 1093.53000 108.58000 17.00000 73.12700
 1 2 21 06 16 27897.60000 6.26100000 1092.99000 108.58000 16.77200 73.12700
 1 2 21 06 16 27908.60000 6.26100000 1093.46000 108.59000 16.77200 73.12700
 1 2 21 06 17 27936.70000 6.26100000 1094.85000 108.70000 16.77200 73.21200
 1 2 21 06 17 27947.60000 6.26100000 1094.62000 108.65000 16.77200 73.21200
 1 2 21 06 18 27901.40000 6.26100000 1093.11000 108.48000 16.79800 73.21200
 1 2 21 06 18 27901.30000 6.26100000 1092.74000 108.47000 16.78000 73.21200
 1 2 21 06 19 27901.30000 6.26100000 1093.28000 108.47000 16.78000 73.21200
 1 2 21 06 19 27906.20000 6.26100000 1093.36000 108.49000 16.78000 73.16200
 1 2 21 06 19 27930.20000 6.26100000 1094.08000 108.64000 16.78000 73.16200
 1 2 21 06 20 27920.20000 6.26100000 1093.24000 108.61000 16.74500 73.06500
 1 2 21 06 20 27934.60000 6.26100000 1093.65000 108.62000 16.77800 73.06500
 1 2 21 06 21 27935.60000 6.24900000 1094.29000 108.62000 16.81800 73.09800
 1 2 21 06 21 27933.90000 6.24900000 1094.29000 108.56000 16.83600 73.09800
 1 2 21 06 22 27934.00000 6.24600000 1094.55000 108.56000 16.83600 73.09800
 1 2 21 06 22 27935.50000 6.23800000 1095.04000 108.52000 16.83600 73.09800
 1 2 21 06 22 27938.50000 6.23800000 1095.04000 108.52000 16.83600 73.09800
 1 2 21 06 23 27939.20000 6.23800000 1095.04000 108.52000 16.83600 73.09800
 1 2 21 06 23 27935.60000 6.23800000 1095.15000 108.53000 16.83600 73.09800
 1 2 21 06 24 27935.60000 6.23800000 1094.80000 108.51000 16.86300 73.04000
 1 2 21 06 24 27935.50000 6.23800000 1094.93000 108.51000 16.86300 73.04000
 1 2 21 06 25 27935.60000 6.23800000 1095.06000 108.51000 16.86300 73.04000
 1 2 21 06 25 27938.40000 6.23800000 1095.06000 108.51000 16.86300 73.04000
 1 2 21 06 25 27935.50000 6.23800000 1095.43000 108.46000 16.86300 73.04000
 1 2 21 06 26 27914.30000 6.23800000 1094.94000 108.46000 16.86300 73.04000
 1 2 21 06 26 27919.50000 6.23800000 1095.24000 108.46000 16.86300 73.04000
 1 2 21 06 27 27937.60000 6.26000000 1095.23000 108.46000 16.86300 73.04000
 1 2 21 06 27 27939.00000 6.26000000 1095.28000 108.46000 16.86300 73.04000
