M=[
22 12 20 15 52 19371.20000 5.04600000 519.98000 93.12000 14.61600 56.65000
22 12 20 15 52 19365.90000 5.04600000 519.92000 92.97000 14.61600 56.65000
22 12 20 15 52 19360.20000 5.04600000 519.17000 92.79000 14.61600 56.65000
22 12 20 15 53 19349.70000 5.04600000 519.10000 92.76000 14.61600 56.65000
22 12 20 15 53 19349.90000 5.04600000 520.00000 92.74000 14.61600 56.65000
22 12 20 15 54 19335.00000 5.04600000 519.59000 92.65000 14.61600 56.65000
22 12 20 15 54 19335.00000 5.04600000 518.52000 92.45000 14.61600 56.65000
22 12 20 15 55 19335.00000 5.04000000 518.89000 92.58000 14.61600 56.65000
22 12 20 15 55 19309.30000 5.04000000 517.84000 92.40000 14.61600 56.65000
22 12 20 15 55 19281.60000 5.04000000 517.48000 91.90000 14.61600 56.65000
22 12 20 15 56 19281.50000 5.04000000 517.45000 91.91000 14.61600 56.65000
22 12 20 15 56 19296.90000 5.04000000 517.68000 91.91000 14.61600 56.65000
22 12 20 15 57 19257.70000 5.04000000 516.60000 91.97000 14.61600 56.65000
22 12 20 15 57 19292.00000 5.04000000 516.86000 92.16000 14.61600 56.65000
22 12 20 15 58 19290.90000 5.04000000 517.04000 92.24000 14.61600 56.65000
22 12 20 15 58 19260.00000 5.02000000 516.00000 91.89000 14.61600 56.32500
22 12 20 15 58 19250.10000 5.02000000 515.96000 91.80000 14.61600 56.32500
22 12 20 15 59 19198.70000 5.02000000 515.15000 91.59000 14.61600 56.13600
22 12 20 15 59 19200.70000 5.02000000 514.77000 91.53000 14.61600 56.13600
22 12 20 16 00 19200.00000 4.99200000 515.37000 91.75000 14.61600 56.13600
22 12 20 16 00 19239.60000 4.99200000 516.50000 91.86000 14.61600 56.13600
22 12 20 16 01 19254.90000 4.99200000 517.29000 92.38000 14.61600 56.13600
22 12 20 16 01 19236.50000 4.99200000 515.92000 92.39000 14.61600 56.13600
22 12 20 16 01 19236.50000 4.99200000 516.20000 92.14000 14.61600 56.13600
22 12 20 16 02 19243.70000 4.99200000 517.30000 92.14000 14.61600 56.13600
22 12 20 16 02 19256.50000 5.01100000 517.36000 92.41000 14.61600 56.13600
22 12 20 16 03 19255.80000 5.01100000 517.56000 92.36000 14.61600 56.13600
22 12 20 16 03 19247.20000 5.01100000 518.31000 92.55000 14.61600 56.13600
22 12 20 16 04 19252.20000 5.01100000 519.00000 92.48000 14.61600 56.13600
22 12 20 16 04 19241.10000 5.03000000 519.15000 92.49000 14.61600 56.13600
22 12 20 16 04 19235.70000 5.03000000 519.15000 92.65000 14.61600 56.13600
22 12 20 16 05 19243.70000 5.03000000 519.42000 92.68000 14.61600 56.13600
22 12 20 16 05 19243.30000 5.03000000 519.81000 92.68000 14.61600 56.23800
22 12 20 16 06 19245.10000 5.03500000 519.43000 92.53000 14.61600 56.23800
22 12 20 16 06 19249.90000 5.03500000 519.95000 92.66000 14.61600 56.23800
22 12 20 16 07 19269.70000 5.03500000 520.00000 92.73000 14.61600 56.23800
22 12 20 16 07 19249.70000 5.03500000 520.03000 92.83000 14.61600 56.23800
22 12 20 16 07 19246.50000 5.03500000 519.50000 92.78000 14.61600 56.23800
22 12 20 16 08 19243.60000 5.03500000 519.13000 92.62000 14.61600 56.23800
22 12 20 16 08 19248.80000 5.03500000 519.34000 92.62000 14.61600 56.23800
22 12 20 16 09 19243.30000 5.03500000 518.63000 92.30000 14.61600 56.23800
22 12 20 16 09 19243.30000 5.03500000 518.64000 92.16000 14.61600 56.23800
22 12 20 16 10 19240.00000 5.03500000 518.64000 92.09000 14.61600 56.23800
22 12 20 16 10 19240.10000 5.03500000 518.65000 92.07000 14.61600 56.23800
22 12 20 16 10 19240.10000 5.03500000 518.64000 92.07000 14.61600 56.23800
22 12 20 16 11 19240.40000 5.03500000 519.34000 92.40000 14.61600 56.23800
22 12 20 16 11 19230.10000 5.03500000 518.90000 92.14000 14.61600 56.23800
22 12 20 16 12 19239.30000 5.03500000 518.64000 92.01000 14.61600 56.23800
22 12 20 16 12 19224.50000 5.03500000 518.63000 92.04000 14.61600 56.23800
22 12 20 16 13 19198.40000 5.03500000 517.45000 91.85000 14.61600 56.23800
22 12 20 16 13 19197.40000 5.03500000 517.43000 91.82000 14.61600 56.23800
22 12 20 16 13 19193.10000 5.03500000 517.18000 91.72000 14.61600 56.00000
22 12 20 16 14 19194.20000 5.03500000 516.46000 91.62000 14.61600 56.00000
22 12 20 16 14 19222.90000 5.03500000 517.28000 91.84000 14.61600 56.00000
22 12 20 16 15 19219.80000 5.02000000 516.55000 91.65000 14.61600 56.00000
22 12 20 16 15 19243.50000 5.02000000 517.15000 91.94000 14.61600 56.00000
22 12 20 16 15 19249.10000 5.02000000 517.27000 91.92000 14.61600 56.00000
22 12 20 16 16 19249.10000 5.02000000 517.33000 92.13000 14.61600 55.83400
22 12 20 16 16 19249.00000 5.02000000 517.50000 91.84000 14.61600 55.83400
22 12 20 16 17 19249.90000 5.02000000 517.79000 91.84000 14.61600 55.83400
22 12 20 16 17 19249.30000 5.02000000 517.50000 91.77000 14.61600 55.83400
22 12 20 16 18 19241.20000 5.02000000 516.70000 91.55000 14.61600 55.83400
22 12 20 16 18 19250.00000 5.02000000 517.48000 91.55000 14.61600 55.83400
22 12 20 16 18 19250.00000 5.02000000 517.45000 91.57000 14.61600 55.83400
22 12 20 16 19 19261.70000 5.02000000 517.52000 91.65000 14.61600 55.83400
22 12 20 16 19 19261.30000 5.02000000 517.55000 91.66000 14.61600 55.83400
22 12 20 16 20 19261.30000 5.02000000 517.81000 91.64000 14.61600 55.83400
22 12 20 16 20 19250.10000 5.02000000 517.61000 91.56000 14.61600 55.83400
22 12 20 16 21 19248.00000 5.02000000 517.61000 91.39000 14.61600 55.83400
22 12 20 16 21 19257.60000 5.02000000 517.61000 91.39000 14.61600 55.83400
22 12 20 16 21 19257.50000 5.02000000 517.48000 91.47000 14.61600 55.83400
22 12 20 16 22 19261.00000 5.02000000 517.63000 91.47000 14.61600 55.83400
22 12 20 16 22 19262.00000 5.02000000 517.63000 91.57000 14.61600 55.83400
22 12 20 16 23 19257.60000 5.02000000 517.26000 91.62000 14.61600 55.83400
22 12 20 16 23 19252.70000 5.02000000 517.00000 91.32000 14.61600 55.79200
22 12 20 16 24 19224.20000 5.02000000 516.42000 90.89000 14.61600 55.79200
22 12 20 16 24 19196.70000 5.02000000 515.31000 90.86000 14.61600 55.79200
22 12 20 16 24 19200.00000 5.02000000 515.19000 90.71000 14.61600 55.79200
22 12 20 16 25 19200.90000 5.02000000 515.75000 90.71000 14.61600 55.79200
22 12 20 16 25 19209.90000 5.02000000 515.63000 90.78000 14.61600 55.79200
22 12 20 16 26 19201.10000 5.02000000 515.11000 90.59000 14.72500 55.79200
22 12 20 16 26 19219.10000 5.02000000 514.84000 90.71000 14.72500 55.79200
22 12 20 16 27 19225.30000 5.02000000 515.11000 90.82000 14.72500 55.79200
22 12 20 16 27 19226.70000 5.02000000 515.39000 90.83000 14.72500 55.79200
22 12 20 16 27 19234.70000 5.02000000 515.49000 90.83000 14.72500 55.88000
22 12 20 16 28 19208.10000 5.02000000 515.50000 90.84000 14.72500 55.88000
22 12 20 16 28 19213.70000 5.02000000 515.48000 91.00000 14.72500 55.88000
22 12 20 16 29 19213.80000 5.02000000 515.49000 91.00000 14.72500 55.88000
22 12 20 16 29 19206.60000 5.02000000 515.48000 90.72000 14.72500 55.88000
22 12 20 16 30 19207.50000 5.02000000 515.49000 90.41000 14.72500 55.88000
22 12 20 16 30 19188.60000 5.02000000 513.69000 90.16000 14.72500 55.59900
22 12 20 16 30 19183.90000 5.02000000 513.45000 90.02000 14.72500 55.59900
22 12 20 16 31 19187.10000 5.02000000 512.48000 89.85000 14.72500 55.59900
22 12 20 16 31 19187.20000 5.02000000 512.66000 89.90000 14.72500 55.59900
22 12 20 16 32 19178.40000 4.98100000 513.16000 90.09000 14.72500 55.59900
22 12 20 16 32 19164.30000 4.98000000 513.19000 89.98000 14.72500 55.52600
22 12 20 16 33 19144.20000 4.98000000 512.69000 89.77000 14.72500 55.52600
22 12 20 16 33 19132.50000 4.98000000 511.84000 89.25000 14.72500 55.34600
22 12 20 16 33 19131.70000 4.98000000 512.18000 89.61000 14.72500 55.37000
22 12 20 16 34 19126.90000 4.98000000 512.59000 89.61000 14.72500 55.37000
22 12 20 16 34 19126.60000 4.98000000 512.67000 89.60000 14.72500 55.54200
22 12 20 16 35 19167.80000 4.98000000 513.27000 89.99000 14.72500 55.54200
22 12 20 16 35 19161.10000 4.98000000 513.64000 89.94000 14.72500 55.54200
22 12 20 16 36 19131.30000 4.98000000 513.44000 89.66000 14.72500 55.54200
22 12 20 16 36 19132.80000 4.98000000 513.10000 89.83000 14.72500 55.54200
22 12 20 16 36 19112.00000 4.98000000 513.07000 89.64000 14.78100 55.54200
