M=[
 6 6 20 21 22 8588.00000 6.10500000 214.77000 41.61000 12.57800 47.13700
 6 6 20 21 23 8588.00000 6.10500000 214.71000 41.61000 12.57800 47.13700
 6 6 20 21 23 8588.00000 6.10500000 214.79000 41.61000 12.57800 47.13700
 6 6 20 21 24 8588.00000 6.10500000 214.84000 41.62000 12.57800 47.25700
 6 6 20 21 24 8588.00000 6.10500000 214.84000 41.62000 12.57800 47.13700
 6 6 20 21 24 8587.90000 6.10500000 214.84000 41.62000 12.57800 47.13700
 6 6 20 21 25 8588.00000 6.10500000 214.84000 41.62000 12.57800 47.13700
 6 6 20 21 25 8588.00000 6.10500000 214.84000 41.62000 12.57800 47.13700
 6 6 20 21 26 8589.90000 6.10500000 214.84000 41.62000 12.57800 47.13700
 6 6 20 21 26 8595.10000 6.10500000 214.90000 41.62000 12.57800 47.13700
 6 6 20 21 27 8595.10000 6.10500000 214.90000 41.62000 12.57800 47.13700
 6 6 20 21 27 8595.10000 6.10500000 214.89000 41.62000 12.57800 47.13700
 6 6 20 21 28 8593.30000 6.10500000 214.86000 41.65000 12.57800 47.13700
 6 6 20 21 28 8595.10000 6.10500000 214.86000 41.65000 12.57800 47.25700
 6 6 20 21 28 8593.60000 6.10500000 214.86000 41.65000 12.57800 47.13700
 6 6 20 21 29 8590.60000 6.10500000 214.77000 41.65000 12.57800 47.13700
 6 6 20 21 29 8590.50000 6.10500000 214.77000 41.65000 12.57800 47.13700
 6 6 20 21 30 8590.50000 6.10500000 214.77000 41.65000 12.57800 47.13700
 6 6 20 21 30 8590.50000 6.10500000 214.77000 41.65000 12.57800 47.13700
 6 6 20 21 31 8589.40000 6.10500000 214.77000 41.65000 12.57800 47.13700
 6 6 20 21 31 8588.00000 6.10500000 214.77000 41.65000 12.57800 47.13700
 6 6 20 21 32 8588.10000 6.10500000 214.77000 41.65000 12.57800 47.13700
 6 6 20 21 32 8588.10000 6.10500000 214.77000 41.65000 12.57800 47.13700
 6 6 20 21 33 8588.00000 6.12200000 214.75000 41.65000 12.57800 47.13700
 6 6 20 21 33 8588.00000 6.10500000 214.75000 41.65000 12.57800 47.08900
 6 6 20 21 33 8587.00000 6.10500000 214.75000 41.65000 12.57800 47.08900
 6 6 20 21 34 8587.10000 6.10500000 214.75000 41.62000 12.57800 47.08900
 6 6 20 21 34 8583.70000 6.10500000 214.56000 41.62000 12.57800 47.08900
 6 6 20 21 35 8583.70000 6.10500000 214.56000 41.62000 12.57800 47.08900
 6 6 20 21 35 8583.30000 6.10500000 214.56000 41.62000 12.57800 47.08900
 6 6 20 21 36 8583.70000 6.10500000 214.48000 41.62000 12.57800 47.08900
 6 6 20 21 36 8582.70000 6.10500000 214.48000 41.65000 12.57800 47.08900
 6 6 20 21 37 8583.70000 6.10500000 214.75000 41.62000 12.57800 47.08900
 6 6 20 21 37 8583.70000 6.10500000 214.77000 41.62000 12.57800 47.08900
 6 6 20 21 37 8585.60000 6.10500000 214.77000 41.62000 12.57800 47.08900
 6 6 20 21 38 8586.10000 6.10500000 214.57000 41.62000 12.54500 47.08900
 6 6 20 21 38 8590.90000 6.10500000 214.57000 41.62000 12.54500 47.08900
 6 6 20 21 39 8590.90000 6.10500000 214.57000 41.60000 12.54500 47.08900
 6 6 20 21 39 8593.80000 6.10500000 214.57000 41.60000 12.54500 47.02700
 6 6 20 21 40 8592.60000 6.10500000 214.64000 41.60000 12.54500 47.02700
 6 6 20 21 40 8592.80000 6.10500000 214.64000 41.60000 12.54500 47.02700
 6 6 20 21 41 8594.00000 6.10500000 214.73000 41.60000 12.54500 47.02700
 6 6 20 21 41 8593.80000 6.10500000 214.79000 41.60000 12.54500 47.02700
 6 6 20 21 42 8593.60000 6.10500000 214.79000 41.60000 12.54500 47.26600
 6 6 20 21 42 8594.60000 6.10500000 214.90000 41.60000 12.54500 47.02700
 6 6 20 21 43 8594.60000 6.10500000 214.90000 41.60000 12.54500 47.02700
 6 6 20 21 43 8592.80000 6.10500000 214.90000 41.60000 12.54500 47.02700
 6 6 20 21 43 8591.50000 6.10500000 214.89000 41.60000 12.54500 47.02700
 6 6 20 21 44 8589.40000 6.10500000 214.89000 41.60000 12.54500 47.02700
 6 6 20 21 44 8591.10000 6.10500000 214.90000 41.60000 12.54500 47.02700
 6 6 20 21 45 8590.80000 6.10500000 214.90000 41.60000 12.54500 47.02700
 6 6 20 21 45 8590.40000 6.10500000 214.90000 41.60000 12.54500 47.02700
 6 6 20 21 46 8591.20000 6.10500000 214.90000 41.60000 12.60400 47.25700
 6 6 20 21 46 8591.20000 6.10500000 214.90000 41.60000 12.54500 47.08900
 6 6 20 21 47 8588.40000 6.10500000 214.89000 41.60000 12.54500 47.02700
 6 6 20 21 47 8590.10000 6.10500000 214.90000 41.60000 12.54500 47.02700
 6 6 20 21 48 8590.10000 6.12600000 214.90000 41.60000 12.54500 47.02700
 6 6 20 21 48 8589.50000 6.12600000 214.90000 41.60000 12.54500 47.02700
 6 6 20 21 48 8588.30000 6.12600000 214.90000 41.60000 12.60400 47.02700
 6 6 20 21 49 8588.50000 6.12600000 214.89000 41.60000 12.54500 47.02700
 6 6 20 21 49 8588.30000 6.12600000 214.99000 41.60000 12.54500 47.02700
 6 6 20 21 50 8588.40000 6.12600000 214.90000 41.60000 12.54500 47.02700
 6 6 20 21 50 8587.70000 6.12600000 214.99000 41.60000 12.54500 47.02700
 6 6 20 21 51 8588.00000 6.12600000 214.99000 41.60000 12.57800 47.02700
 6 6 20 21 51 8587.70000 6.12600000 214.99000 41.60000 12.54500 47.02700
 6 6 20 21 52 8588.00000 6.12600000 215.00000 41.60000 12.60400 47.02700
 6 6 20 21 52 8587.90000 6.12600000 215.02000 41.60000 12.54500 47.02700
 6 6 20 21 53 8587.90000 6.12200000 214.96000 41.60000 12.57800 47.02700
 6 6 20 21 53 8596.60000 6.10500000 215.02000 41.58000 12.54500 47.08900
 6 6 20 21 53 8595.10000 6.13000000 215.02000 41.58000 12.54500 47.02700
 6 6 20 21 54 8597.50000 6.13000000 215.04000 41.60000 12.54500 47.02700
 6 6 20 21 54 8597.50000 6.13000000 215.04000 41.58000 12.54500 47.02700
 6 6 20 21 55 8597.50000 6.13000000 215.04000 41.60000 12.54500 47.02700
 6 6 20 21 55 8599.90000 6.13000000 215.04000 41.60000 12.54500 47.02700
 6 6 20 21 56 8599.90000 6.13000000 215.04000 41.60000 12.54500 47.02700
 6 6 20 21 56 8599.90000 6.13000000 215.03000 41.60000 12.54500 47.02700
 6 6 20 21 57 8600.00000 6.13000000 215.04000 41.60000 12.54500 47.02700
 6 6 20 21 57 8599.90000 6.13000000 215.04000 41.60000 12.54500 47.02700
 6 6 20 21 58 8600.00000 6.13000000 215.03000 41.60000 12.54500 47.02700
 6 6 20 21 58 8600.00000 6.13000000 215.03000 41.60000 12.54500 47.02700
 6 6 20 21 59 8600.00000 6.13000000 215.04000 41.60000 12.54500 47.02700
 6 6 20 21 59 8592.80000 6.13000000 215.03000 41.60000 12.54500 47.02700
 6 6 20 22 00 8592.80000 6.13000000 215.04000 41.60000 12.54500 47.02700
 6 6 20 22 00 8594.40000 6.11500000 215.35000 41.60000 12.54500 47.02700
 6 6 20 22 00 8600.00000 6.11500000 215.35000 41.60000 12.54500 47.02700
 6 6 20 22 01 8594.40000 6.11500000 215.39000 41.60000 12.54500 47.02700
 6 6 20 22 01 8594.50000 6.11500000 215.39000 41.60000 12.54500 47.02700
 6 6 20 22 02 8594.50000 6.11500000 215.39000 41.61000 12.54500 47.08900
 6 6 20 22 02 8594.50000 6.11700000 215.39000 41.61000 12.54500 47.02700
 6 6 20 22 03 8594.30000 6.11700000 215.32000 41.61000 12.54500 47.02700
 6 6 20 22 03 8594.10000 6.09400000 215.31000 41.61000 12.54500 47.02700
 6 6 20 22 04 8592.50000 6.09400000 215.31000 41.58000 12.54500 47.26600
 6 6 20 22 04 8592.90000 6.09400000 215.28000 41.58000 12.54500 47.02700
 6 6 20 22 05 8592.90000 6.09400000 215.25000 41.58000 12.54500 47.02700
 6 6 20 22 05 8594.30000 6.09400000 215.25000 41.59000 12.57800 47.02700
 6 6 20 22 06 8594.30000 6.09400000 215.28000 41.59000 12.54500 47.02700
 6 6 20 22 06 8594.30000 6.09400000 215.31000 41.59000 12.54500 47.08900
 6 6 20 22 06 8594.30000 6.09400000 215.32000 41.60000 12.57800 47.02700
 6 6 20 22 07 8593.20000 6.11700000 215.20000 41.60000 12.54500 47.02700
 6 6 20 22 07 8584.80000 6.09400000 215.19000 41.62000 12.54500 47.02700
 6 6 20 22 08 8587.40000 6.09400000 215.19000 41.62000 12.54500 47.02700
 6 6 20 22 08 8587.40000 6.09400000 215.15000 41.62000 12.54500 47.02700
 6 6 20 22 09 8587.00000 6.09400000 215.15000 41.62000 12.54500 47.08900
 6 6 20 22 09 8586.50000 6.09400000 215.15000 41.62000 12.54500 47.02700
 6 6 20 22 10 8586.70000 6.11700000 215.15000 41.62000 12.54500 47.02700
 6 6 20 22 10 8586.30000 6.09400000 215.15000 41.60000 12.54500 47.02700
 6 6 20 22 11 8586.20000 6.09400000 215.10000 41.60000 12.54500 47.02700
 6 6 20 22 11 8584.50000 6.09400000 215.02000 41.60000 12.54500 47.02700
 6 6 20 22 11 8584.20000 6.09400000 214.91000 41.60000 12.54500 47.25700
