M=[
 4 11 20 21 37 12006.00000 4.17900000 343.53000 46.69000 12.31000 46.32000
 4 11 20 21 38 12006.10000 4.17900000 344.09000 46.69000 12.34400 46.32000
 4 11 20 21 38 12010.00000 4.17900000 344.09000 46.70000 12.34400 46.32000
 4 11 20 21 39 12010.00000 4.17900000 343.66000 46.73000 12.34400 46.32000
 4 11 20 21 39 12011.00000 4.17900000 343.66000 46.73000 12.34400 46.32000
 4 11 20 21 40 12011.00000 4.17900000 343.79000 46.78000 12.34400 46.32000
 4 11 20 21 40 12010.00000 4.17900000 343.72000 46.78000 12.36700 46.32000
 4 11 20 21 40 12010.00000 4.17900000 343.63000 46.75000 12.36700 46.32000
 4 11 20 21 41 12010.00000 4.17900000 343.63000 46.75000 12.40000 46.32000
 4 11 20 21 41 12010.00000 4.17900000 343.63000 46.75000 12.40000 46.32000
 4 11 20 21 42 12010.10000 4.17900000 343.63000 46.81000 12.40000 46.32000
 4 11 20 21 42 12006.10000 4.17900000 343.61000 46.81000 12.40000 46.32000
 4 11 20 21 43 11999.40000 4.17900000 343.61000 46.81000 12.40000 46.32000
 4 11 20 21 43 11989.10000 4.17900000 343.64000 46.81000 12.40000 46.32000
 4 11 20 21 43 11987.90000 4.17900000 343.75000 46.81000 12.40000 46.32000
 4 11 20 21 44 11986.80000 4.17900000 343.75000 46.81000 12.40000 46.32000
 4 11 20 21 44 12000.20000 4.17900000 343.97000 46.74000 12.40000 46.32000
 4 11 20 21 45 11992.00000 4.17900000 344.13000 46.70000 12.40000 46.32000
 4 11 20 21 45 11989.30000 4.17900000 343.84000 46.70000 12.40000 46.32000
 4 11 20 21 46 11994.40000 4.17900000 344.00000 46.70000 12.36000 46.32000
 4 11 20 21 46 11993.00000 4.17900000 344.00000 46.70000 12.36000 46.32000
 4 11 20 21 47 11988.00000 4.17900000 344.00000 46.70000 12.36000 46.17200
 4 11 20 21 47 11988.90000 4.17900000 344.00000 46.70000 12.36000 46.17200
 4 11 20 21 47 11984.00000 4.17900000 344.00000 46.70000 12.36000 46.17200
 4 11 20 21 48 11980.50000 4.17900000 344.12000 46.63000 12.36000 46.17200
 4 11 20 21 48 11980.90000 4.17900000 344.12000 46.63000 12.36000 46.17200
 4 11 20 21 49 11980.30000 4.17900000 344.22000 46.63000 12.36000 46.17200
 4 11 20 21 49 11980.90000 4.17900000 344.22000 46.63000 12.36000 46.17200
 4 11 20 21 50 11982.40000 4.17900000 344.01000 46.63000 12.36000 46.17200
 4 11 20 21 50 11980.20000 4.17900000 344.08000 46.63000 12.36000 46.17200
 4 11 20 21 51 11984.00000 4.17900000 344.08000 46.63000 12.36000 46.17200
 4 11 20 21 51 11984.00000 4.17900000 344.08000 46.62000 12.36000 46.17200
 4 11 20 21 51 11986.50000 4.17900000 344.06000 46.62000 12.36000 46.17200
 4 11 20 21 52 11985.00000 4.17900000 343.89000 46.62000 12.36000 46.17200
 4 11 20 21 52 11985.00000 4.17900000 343.89000 46.62000 12.36000 46.17200
 4 11 20 21 53 11977.30000 4.17900000 343.66000 46.62000 12.36000 46.17200
 4 11 20 21 53 11977.30000 4.17900000 343.66000 46.62000 12.36000 46.17200
 4 11 20 21 54 11975.10000 4.17900000 343.66000 46.62000 12.36000 46.17200
 4 11 20 21 54 11975.80000 4.17900000 343.61000 46.59000 12.38100 46.17200
 4 11 20 21 54 11975.50000 4.17900000 343.58000 46.59000 12.38100 46.17200
 4 11 20 21 55 11975.40000 4.18400000 343.62000 46.59000 12.38100 46.17200
 4 11 20 21 55 11975.40000 4.18400000 343.58000 46.59000 12.38000 46.17200
 4 11 20 21 56 11975.10000 4.18400000 343.59000 46.59000 12.38000 46.17200
 4 11 20 21 56 11975.00000 4.18400000 343.58000 46.59000 12.38000 46.17200
 4 11 20 21 57 11960.10000 4.18400000 342.79000 46.55000 12.38000 46.17200
 4 11 20 21 57 11960.10000 4.18400000 342.60000 46.55000 12.38000 46.17200
 4 11 20 21 57 11958.80000 4.18400000 342.60000 46.55000 12.38000 46.17200
 4 11 20 21 58 11951.80000 4.18400000 342.52000 46.53000 12.38000 46.17200
 4 11 20 21 58 11955.20000 4.18400000 342.52000 46.53000 12.38000 46.17200
 4 11 20 21 59 11950.00000 4.18400000 342.51000 46.48000 12.39600 46.17200
 4 11 20 21 59 11950.10000 4.18400000 342.26000 46.48000 12.39600 46.17200
 4 11 20 22 00 11958.40000 4.18400000 342.18000 46.50000 12.39600 46.17200
 4 11 20 22 00 11961.80000 4.18400000 342.60000 46.50000 12.39600 46.17200
 4 11 20 22 01 11960.20000 4.18400000 342.69000 46.50000 12.39600 46.17200
 4 11 20 22 01 11966.10000 4.18400000 342.89000 46.50000 12.39600 46.17200
 4 11 20 22 01 11970.00000 4.18400000 342.69000 46.50000 12.39600 46.17200
 4 11 20 22 02 11969.80000 4.18400000 342.69000 46.50000 12.39600 46.17200
 4 11 20 22 02 11964.90000 4.18400000 342.69000 46.50000 12.39600 46.17200
 4 11 20 22 03 11965.00000 4.18400000 342.70000 46.50000 12.39600 46.17200
 4 11 20 22 03 11965.00000 4.18400000 342.80000 46.50000 12.39600 46.17200
 4 11 20 22 04 11966.40000 4.18400000 342.80000 46.50000 12.39600 46.17200
 4 11 20 22 04 11962.10000 4.18400000 342.80000 46.50000 12.39600 46.17200
 4 11 20 22 04 11957.30000 4.18400000 342.29000 46.50000 12.39600 46.17200
 4 11 20 22 05 11975.30000 4.18400000 342.90000 46.50000 12.39600 46.17200
 4 11 20 22 05 12004.20000 4.18400000 343.37000 46.50000 12.39600 46.17200
 4 11 20 22 06 11994.00000 4.18400000 343.37000 46.50000 12.39600 46.17200
 4 11 20 22 06 11990.70000 4.18400000 343.37000 46.67000 12.39600 46.17200
 4 11 20 22 07 11990.70000 4.18400000 343.37000 46.67000 12.39600 46.17200
 4 11 20 22 07 11985.00000 4.18400000 343.37000 46.67000 12.39600 46.17200
 4 11 20 22 07 11987.20000 4.18400000 343.10000 46.67000 12.39600 46.17200
 4 11 20 22 08 11987.20000 4.18400000 343.10000 46.67000 12.39600 46.17200
 4 11 20 22 08 11981.00000 4.18400000 343.10000 46.67000 12.39600 46.17200
 4 11 20 22 09 11980.10000 4.18400000 343.10000 46.64000 12.39600 46.17200
 4 11 20 22 09 11977.10000 4.18400000 343.00000 46.64000 12.38000 46.17200
 4 11 20 22 10 11974.10000 4.18400000 342.79000 46.64000 12.38000 46.17200
 4 11 20 22 10 11973.70000 4.18400000 342.90000 46.61000 12.38000 46.17200
 4 11 20 22 11 11974.80000 4.18400000 342.90000 46.61000 12.38000 46.17200
 4 11 20 22 11 11974.10000 4.18400000 342.90000 46.61000 12.38000 46.17200
 4 11 20 22 11 11974.10000 4.18400000 342.91000 46.61000 12.38000 46.17200
 4 11 20 22 12 11979.20000 4.18400000 342.89000 46.61000 12.38000 46.17200
 4 11 20 22 12 11978.20000 4.18400000 343.00000 46.61000 12.38000 46.17200
 4 11 20 22 13 11979.00000 4.18400000 342.98000 46.61000 12.38000 46.17200
 4 11 20 22 13 11979.00000 4.18400000 342.98000 46.61000 12.38000 46.17200
 4 11 20 22 14 11982.40000 4.18400000 342.95000 46.61000 12.38000 46.17200
 4 11 20 22 14 11982.90000 4.18400000 342.95000 46.61000 12.38000 46.17200
 4 11 20 22 14 11982.10000 4.18400000 342.95000 46.61000 12.38000 46.17200
 4 11 20 22 15 11979.90000 4.18400000 343.11000 46.63000 12.38000 46.17200
 4 11 20 22 15 11978.70000 4.18400000 343.11000 46.63000 12.38000 46.17200
 4 11 20 22 16 11976.00000 4.18400000 343.11000 46.64000 12.38000 46.17200
 4 11 20 22 16 11978.10000 4.18400000 343.11000 46.64000 12.38000 46.17200
 4 11 20 22 17 11978.00000 4.18400000 343.11000 46.64000 12.38000 46.17200
 4 11 20 22 17 11978.20000 4.18400000 343.11000 46.64000 12.38000 46.17200
 4 11 20 22 17 11982.10000 4.18400000 342.83000 46.64000 12.38000 46.17200
 4 11 20 22 18 11978.80000 4.18400000 342.94000 46.65000 12.38000 46.17200
 4 11 20 22 18 11985.50000 4.18400000 342.93000 46.65000 12.38000 46.17200
 4 11 20 22 19 11985.40000 4.18000000 342.86000 46.65000 12.38000 46.17200
 4 11 20 22 19 11988.10000 4.18000000 342.86000 46.65000 12.38000 46.17200
 4 11 20 22 20 11984.70000 4.18000000 342.86000 46.65000 12.38000 46.17200
 4 11 20 22 20 11985.80000 4.18000000 342.86000 46.65000 12.38000 46.17200
 4 11 20 22 20 11985.70000 4.18000000 342.86000 46.65000 12.38000 46.17200
 4 11 20 22 21 11985.80000 4.18000000 342.86000 46.67000 12.38000 46.17200
 4 11 20 22 21 11985.60000 4.18000000 342.86000 46.67000 12.38000 46.17200
 4 11 20 22 22 11981.80000 4.18000000 342.86000 46.67000 12.38000 46.17200
 4 11 20 22 22 12022.00000 4.18000000 343.45000 46.77000 12.38000 46.25000
 4 11 20 22 23 12005.80000 4.18000000 343.45000 46.77000 12.38000 46.25000
 4 11 20 22 23 12010.00000 4.18000000 343.45000 46.77000 12.38000 46.25000
