M=[
 4 7 20 03 56 8085.40000 5.06600000 201.47000 37.06000 16.94200 45.73000
 4 7 20 03 57 8085.40000 5.06600000 201.43000 37.06000 16.94200 45.73000
 4 7 20 03 57 8085.30000 5.06600000 201.43000 37.06000 16.94200 45.73000
 4 7 20 03 58 8085.40000 5.06600000 201.43000 37.06000 16.94200 45.73000
 4 7 20 03 58 8085.40000 5.06600000 201.46000 37.06000 16.94200 45.73000
 4 7 20 03 59 8085.40000 5.06600000 201.43000 37.06000 16.94200 45.73000
 4 7 20 03 59 8085.40000 5.06600000 201.43000 37.06000 17.00000 45.73000
 4 7 20 03 59 8085.40000 5.06600000 201.43000 37.06000 17.00000 45.73000
 4 7 20 04 00 8085.40000 5.06600000 201.43000 37.06000 17.09500 45.73000
 4 7 20 04 00 8085.40000 5.06600000 201.42000 37.06000 17.03400 45.73000
 4 7 20 04 01 8085.40000 5.06600000 201.42000 37.06000 17.03400 45.73000
 4 7 20 04 01 8085.40000 5.06600000 201.42000 37.06000 17.03400 45.73000
 4 7 20 04 02 8085.30000 5.06600000 201.42000 37.06000 17.03400 45.75000
 4 7 20 04 02 8085.40000 5.06600000 201.42000 37.06000 17.03400 45.73000
 4 7 20 04 03 8085.40000 5.06600000 201.42000 37.06000 17.03400 45.73000
 4 7 20 04 03 8085.40000 5.07800000 201.49000 37.06000 17.03400 45.73000
 4 7 20 04 04 8085.40000 5.07800000 201.49000 37.06000 17.03400 45.73000
 4 7 20 04 04 8085.40000 5.07800000 201.49000 37.06000 16.89500 45.73000
 4 7 20 04 05 8085.40000 5.07800000 201.49000 37.06000 16.89500 45.73000
 4 7 20 04 05 8085.40000 5.07800000 201.49000 37.06000 16.89500 45.73000
 4 7 20 04 06 8085.40000 5.07800000 201.53000 37.06000 16.89500 45.73000
 4 7 20 04 06 8085.40000 5.07800000 201.46000 37.06000 16.89500 45.73000
 4 7 20 04 07 8085.40000 5.07800000 201.46000 37.06000 16.89500 45.73000
 4 7 20 04 07 8085.40000 5.07800000 201.46000 37.06000 16.89500 45.73000
 4 7 20 04 07 8085.40000 5.07800000 201.53000 37.06000 16.89500 45.73000
 4 7 20 04 08 8085.30000 5.07800000 201.53000 37.06000 16.89500 45.73000
 4 7 20 04 08 8085.40000 5.07800000 201.53000 37.06000 16.89500 45.73000
 4 7 20 04 09 8085.40000 5.07800000 201.53000 37.06000 16.89500 45.75000
 4 7 20 04 09 8085.40000 5.07800000 201.53000 37.06000 16.89500 45.73000
 4 7 20 04 10 8085.40000 5.07800000 201.53000 37.06000 16.89500 45.73000
 4 7 20 04 10 8085.30000 5.07800000 201.53000 37.06000 16.89500 45.73000
 4 7 20 04 11 8085.30000 5.07800000 201.53000 37.06000 16.89500 45.75000
 4 7 20 04 11 8085.30000 5.07800000 201.53000 37.06000 16.89500 45.73000
 4 7 20 04 12 8085.30000 5.07800000 201.40000 37.06000 16.89500 45.73000
 4 7 20 04 12 8085.40000 5.07800000 201.40000 37.06000 16.89500 45.73000
 4 7 20 04 13 8085.40000 5.07800000 201.40000 37.06000 16.89500 45.73000
 4 7 20 04 13 8085.40000 5.07800000 201.40000 37.06000 16.89500 45.73000
 4 7 20 04 14 8085.40000 5.07800000 201.40000 37.06000 16.89500 45.73000
 4 7 20 04 14 8085.40000 5.07800000 201.40000 37.06000 16.89500 45.73000
 4 7 20 04 14 8085.40000 5.07800000 201.40000 37.06000 16.89500 45.73000
 4 7 20 04 15 8088.00000 5.07800000 201.47000 37.06000 16.89500 45.75000
 4 7 20 04 15 8088.00000 5.07800000 201.47000 37.06000 16.89500 45.73000
 4 7 20 04 16 8085.30000 5.07800000 201.47000 37.06000 16.89500 45.73000
 4 7 20 04 16 8086.80000 5.07800000 201.47000 37.06000 16.89500 45.73000
 4 7 20 04 17 8086.80000 5.07800000 201.47000 37.06000 16.89500 45.73000
 4 7 20 04 17 8087.90000 5.07800000 201.47000 37.06000 16.89500 45.73000
 4 7 20 04 18 8087.90000 5.07800000 201.39000 37.06000 16.68600 45.73000
 4 7 20 04 18 8087.90000 5.07900000 201.39000 37.06000 16.68600 45.73000
 4 7 20 04 19 8087.90000 5.07900000 201.39000 37.06000 16.68600 45.73000
 4 7 20 04 19 8087.90000 5.07900000 201.39000 37.06000 16.68600 45.73000
 4 7 20 04 20 8087.90000 5.07900000 201.39000 37.06000 16.68600 45.73000
 4 7 20 04 20 8086.80000 5.07900000 201.39000 37.06000 16.68600 45.73000
 4 7 20 04 20 8086.80000 5.07900000 201.36000 37.06000 16.68600 45.73000
 4 7 20 04 21 8085.90000 5.07900000 201.36000 37.06000 16.68600 45.73000
 4 7 20 04 21 8085.90000 5.07900000 201.36000 37.06000 16.68600 45.73000
 4 7 20 04 22 8087.60000 5.07900000 201.36000 37.06000 16.68600 45.73000
 4 7 20 04 22 8085.90000 5.07900000 201.25000 37.06000 16.68600 45.73000
 4 7 20 04 23 8085.60000 5.07900000 201.25000 37.06000 16.68600 45.73000
 4 7 20 04 23 8085.60000 5.07900000 201.25000 37.06000 16.68600 45.73000
 4 7 20 04 24 8085.60000 5.07900000 201.21000 37.06000 16.68600 45.73000
 4 7 20 04 24 8085.90000 5.07900000 201.21000 37.03000 16.68600 45.73000
 4 7 20 04 25 8087.80000 5.07900000 201.16000 37.03000 16.68600 45.73000
 4 7 20 04 25 8087.80000 5.07900000 201.16000 37.03000 16.68600 45.75000
 4 7 20 04 25 8086.50000 5.07900000 201.22000 37.03000 16.68600 45.73000
 4 7 20 04 26 8086.50000 5.07900000 201.22000 37.03000 16.68600 45.73000
 4 7 20 04 26 8086.50000 5.07900000 201.22000 37.03000 16.68600 45.75000
 4 7 20 04 27 8085.60000 5.07900000 201.15000 37.03000 16.68600 45.73000
 4 7 20 04 27 8085.60000 5.07900000 201.15000 37.03000 16.57800 45.73000
 4 7 20 04 28 8085.60000 5.07900000 201.07000 37.03000 16.57800 45.71800
 4 7 20 04 28 8085.60000 5.07900000 201.07000 37.03000 16.57800 45.71800
 4 7 20 04 29 8086.00000 5.07900000 201.07000 37.03000 16.57800 45.71800
 4 7 20 04 29 8086.00000 5.07900000 201.07000 37.02000 16.57800 45.71800
 4 7 20 04 30 8086.00000 5.07900000 201.22000 37.02000 16.57800 45.71800
 4 7 20 04 30 8086.60000 5.07900000 201.22000 37.03000 16.57800 45.71800
 4 7 20 04 31 8086.60000 5.07900000 201.21000 37.02000 16.93600 45.71800
 4 7 20 04 31 8086.60000 5.07900000 201.19000 37.03000 16.93600 45.70800
 4 7 20 04 32 8086.50000 5.07900000 201.20000 37.02000 16.96000 45.70800
 4 7 20 04 32 8086.50000 5.07900000 201.20000 37.02000 16.96000 45.70800
 4 7 20 04 33 8086.50000 5.07900000 201.19000 37.02000 16.96000 45.70800
 4 7 20 04 33 8086.50000 5.07900000 201.19000 37.02000 16.95100 45.70800
 4 7 20 04 33 8086.60000 5.07900000 201.19000 37.02000 16.95100 45.70800
 4 7 20 04 34 8086.60000 5.07900000 201.19000 37.02000 16.95100 45.70800
 4 7 20 04 34 8086.50000 5.07900000 201.19000 37.02000 16.95100 45.70800
 4 7 20 04 35 8086.50000 5.07900000 201.19000 37.02000 16.95100 45.70800
 4 7 20 04 35 8086.60000 5.07900000 201.19000 37.02000 16.95100 45.70800
 4 7 20 04 36 8086.60000 5.07900000 201.19000 37.03000 16.95100 45.70800
 4 7 20 04 36 8086.60000 5.07900000 201.17000 37.02000 16.95100 45.70800
 4 7 20 04 37 8086.60000 5.07900000 201.17000 37.02000 16.95100 45.70800
 4 7 20 04 37 8086.60000 5.07900000 201.14000 37.02000 16.95100 45.70800
 4 7 20 04 37 8086.60000 5.07900000 201.22000 37.02000 16.95100 45.70800
 4 7 20 04 38 8086.60000 5.07900000 201.16000 37.03000 16.95100 45.70800
 4 7 20 04 38 8086.60000 5.07900000 201.15000 37.02000 16.95100 45.70800
 4 7 20 04 39 8086.60000 5.07900000 201.18000 37.02000 16.95100 45.70800
 4 7 20 04 39 8086.60000 5.07900000 201.18000 37.02000 16.95100 45.70800
 4 7 20 04 40 8086.60000 5.07900000 201.20000 37.02000 16.95100 45.70800
 4 7 20 04 40 8086.60000 5.07900000 201.22000 37.02000 16.95100 45.70800
 4 7 20 04 41 8086.60000 5.07900000 201.17000 37.03000 16.95100 45.70800
 4 7 20 04 41 8086.50000 5.07900000 201.17000 37.02000 16.95100 45.70800
 4 7 20 04 42 8086.60000 5.07900000 201.17000 37.02000 16.95100 45.70800
 4 7 20 04 42 8086.60000 5.07900000 201.17000 37.02000 16.71400 45.70800
 4 7 20 04 43 8086.60000 5.07900000 201.17000 37.02000 16.71400 45.70800
 4 7 20 04 43 8086.60000 5.07900000 201.17000 37.02000 16.71400 45.70800
 4 7 20 04 43 8086.60000 5.07900000 201.17000 37.02000 16.71400 45.70800
 4 7 20 04 44 8086.60000 5.07900000 201.17000 37.02000 16.71400 45.70800
 4 7 20 04 44 8086.60000 5.07900000 201.17000 37.02000 16.71400 45.70800
 4 7 20 04 45 8086.60000 5.07900000 201.16000 37.02000 16.71400 45.70800
 4 7 20 04 45 8086.60000 5.07900000 201.16000 37.00000 16.71400 45.70800
 4 7 20 04 46 8086.60000 5.07900000 201.09000 37.00000 16.71400 45.70800
 4 7 20 04 46 8086.60000 5.07900000 201.09000 37.00000 16.71400 45.70800
