M=[
 9 11 20 08 45 12900.00000 4.28300000 375.60000 50.62000 11.90100 49.59000
 9 11 20 08 45 12909.90000 4.28300000 376.00000 50.66000 11.90100 49.59000
 9 11 20 08 45 12943.10000 4.28300000 376.76000 50.80000 11.90100 49.59000
 9 11 20 08 46 12952.00000 4.28300000 376.89000 50.80000 11.90100 49.59000
 9 11 20 08 46 12955.10000 4.28300000 376.75000 50.80000 11.90100 49.59000
 9 11 20 08 47 12964.90000 4.28300000 376.74000 50.80000 11.90100 49.59000
 9 11 20 08 47 12957.20000 4.28300000 376.66000 50.80000 11.84100 49.59000
 9 11 20 08 48 12944.00000 4.28300000 376.26000 50.80000 11.84100 49.59000
 9 11 20 08 48 12951.80000 4.28300000 376.59000 50.80000 11.84100 49.82800
 9 11 20 08 48 12939.80000 4.28300000 376.68000 50.65000 11.84100 49.82800
 9 11 20 08 49 12952.10000 4.28300000 376.74000 50.65000 11.84100 49.82800
 9 11 20 08 49 12948.70000 4.28300000 376.74000 50.65000 11.84100 49.82800
 9 11 20 08 50 12930.30000 4.28300000 376.39000 50.73000 11.84100 49.82800
 9 11 20 08 50 12939.10000 4.28300000 376.30000 50.73000 11.84100 49.82800
 9 11 20 08 51 12945.10000 4.28300000 376.60000 50.71000 11.84100 49.82800
 9 11 20 08 51 12954.50000 4.28300000 376.60000 50.71000 11.84100 49.79400
 9 11 20 08 51 12945.10000 4.28300000 376.41000 50.71000 11.84100 49.79400
 9 11 20 08 52 12945.10000 4.28300000 376.43000 50.73000 11.84100 49.79400
 9 11 20 08 52 12945.10000 4.28300000 376.29000 50.73000 11.93600 49.79400
 9 11 20 08 53 12945.10000 4.28300000 376.55000 50.73000 11.93600 49.79400
 9 11 20 08 53 12945.10000 4.28300000 376.63000 50.73000 11.93600 49.79400
 9 11 20 08 54 12945.00000 4.28300000 376.49000 50.75000 11.93600 49.79400
 9 11 20 08 54 12945.00000 4.28300000 376.52000 50.75000 11.93600 49.79400
 9 11 20 08 54 12944.90000 4.28300000 376.40000 50.66000 11.93600 49.79400
 9 11 20 08 55 12944.90000 4.28300000 376.56000 50.66000 11.93600 49.79400
 9 11 20 08 55 12944.90000 4.28300000 376.62000 50.69000 11.93600 49.79400
 9 11 20 08 56 12945.00000 4.28300000 376.70000 50.69000 11.93600 49.79400
 9 11 20 08 56 12947.00000 4.28300000 376.74000 50.69000 11.93600 49.79400
 9 11 20 08 57 12964.90000 4.28300000 376.75000 50.79000 11.93600 49.79400
 9 11 20 08 57 12965.00000 4.28300000 377.00000 50.74000 11.93600 49.79400
 9 11 20 08 57 12949.80000 4.28300000 376.72000 50.74000 11.93600 49.79400
 9 11 20 08 58 12958.90000 4.28300000 377.00000 50.74000 11.93600 49.79400
 9 11 20 08 58 12960.40000 4.28300000 377.00000 50.74000 11.93600 49.79400
 9 11 20 08 59 12960.10000 4.28300000 376.99000 50.74000 11.93600 49.79400
 9 11 20 08 59 12960.30000 4.28300000 376.99000 50.70000 11.93600 49.79400
 9 11 20 09 00 12960.20000 4.28300000 377.00000 50.75000 11.93600 49.86300
 9 11 20 09 00 12960.40000 4.31200000 376.62000 50.75000 11.93600 49.86300
 9 11 20 09 00 12960.20000 4.31200000 376.57000 50.75000 11.93600 49.86300
 9 11 20 09 01 12957.50000 4.31200000 376.68000 50.75000 11.93600 49.86300
 9 11 20 09 01 12963.80000 4.31200000 376.98000 50.76000 11.93600 49.86300
 9 11 20 09 02 12979.00000 4.31200000 377.10000 50.76000 11.88700 49.86300
 9 11 20 09 02 12983.90000 4.31200000 377.56000 50.76000 11.88700 49.86300
 9 11 20 09 03 12986.40000 4.31200000 377.57000 50.83000 11.88700 49.86300
 9 11 20 09 03 12995.20000 4.31200000 377.57000 50.88000 11.88700 49.86300
 9 11 20 09 03 13000.00000 4.31200000 377.85000 50.89000 11.88700 49.86300
 9 11 20 09 04 12989.10000 4.31200000 377.72000 50.89000 11.88700 49.86300
 9 11 20 09 04 12976.20000 4.31200000 377.57000 50.89000 11.88700 49.86300
 9 11 20 09 05 12976.40000 4.31200000 377.06000 50.89000 11.88700 49.86300
 9 11 20 09 05 12967.70000 4.31200000 377.16000 50.80000 11.88700 49.86300
 9 11 20 09 06 12982.60000 4.31200000 377.16000 50.80000 11.88700 49.86300
 9 11 20 09 06 12988.50000 4.31200000 377.58000 50.80000 11.88700 49.86300
 9 11 20 09 06 12982.60000 4.31200000 377.60000 50.80000 11.88700 49.86300
 9 11 20 09 07 12982.60000 4.31200000 377.53000 50.80000 11.88700 49.86300
 9 11 20 09 07 12988.40000 4.31200000 377.52000 50.84000 11.88700 49.86300
 9 11 20 09 08 12988.40000 4.31200000 377.78000 50.90000 11.88700 49.86300
 9 11 20 09 08 12979.60000 4.31200000 377.78000 50.90000 11.88700 49.86300
 9 11 20 09 09 12976.10000 4.31200000 377.59000 50.90000 11.88700 49.86300
 9 11 20 09 09 12976.10000 4.31200000 377.57000 50.90000 11.88700 49.86300
 9 11 20 09 09 12976.00000 4.31200000 377.57000 50.83000 11.88700 49.86300
 9 11 20 09 10 12979.70000 4.31200000 377.79000 50.83000 11.88700 49.86300
 9 11 20 09 10 12979.50000 4.31200000 377.52000 50.83000 11.88700 49.86300
 9 11 20 09 11 12979.50000 4.31200000 377.52000 50.83000 11.88700 49.86300
 9 11 20 09 11 12976.10000 4.31200000 377.55000 50.83000 11.88700 49.86300
 9 11 20 09 12 12976.10000 4.31200000 377.51000 50.83000 11.88700 49.86300
 9 11 20 09 12 12976.10000 4.31200000 377.51000 50.84000 11.88700 49.86300
 9 11 20 09 12 12979.50000 4.31200000 377.80000 50.84000 11.88700 49.86300
 9 11 20 09 13 12993.10000 4.33300000 377.89000 50.88000 11.88700 49.86300
 9 11 20 09 13 12985.80000 4.33300000 377.87000 50.96000 11.88700 49.86300
 9 11 20 09 14 12999.90000 4.33300000 377.88000 50.98000 11.88700 49.86300
 9 11 20 09 14 13005.60000 4.33300000 378.10000 50.98000 11.88700 49.86300
 9 11 20 09 15 12998.50000 4.33300000 378.10000 50.98000 11.88700 49.86300
 9 11 20 09 15 12998.50000 4.33300000 378.00000 50.98000 11.88700 49.86300
 9 11 20 09 15 12993.20000 4.33300000 377.91000 50.96000 11.88700 49.86300
 9 11 20 09 16 12993.40000 4.33300000 377.91000 50.96000 11.88700 49.87500
 9 11 20 09 16 12990.70000 4.33300000 377.91000 51.00000 11.88700 49.87200
 9 11 20 09 17 12993.20000 4.33300000 378.27000 51.00000 11.81300 49.87200
 9 11 20 09 17 12997.00000 4.33300000 378.34000 51.00000 11.89700 49.87200
 9 11 20 09 18 13003.20000 4.33300000 378.35000 51.00000 11.88900 50.04600
 9 11 20 09 18 12993.30000 4.33300000 378.47000 51.00000 11.88900 50.04600
 9 11 20 09 18 12990.00000 4.33300000 378.53000 51.08000 11.88900 50.04600
 9 11 20 09 19 12990.40000 4.33300000 378.66000 51.08000 11.88900 50.04600
 9 11 20 09 19 12991.10000 4.33300000 378.62000 51.08000 11.88900 50.04600
 9 11 20 09 20 12991.10000 4.33300000 378.63000 51.08000 11.88900 50.04600
 9 11 20 09 20 12991.10000 4.33300000 378.63000 51.08000 11.88900 50.04600
 9 11 20 09 21 13003.80000 4.33300000 378.67000 51.08000 11.88900 50.04600
 9 11 20 09 21 13003.80000 4.33300000 378.68000 51.04000 11.88900 50.04600
 9 11 20 09 21 13004.00000 4.33300000 378.34000 51.01000 11.88900 50.04600
 9 11 20 09 22 13003.80000 4.33300000 378.48000 51.01000 11.88900 50.04600
 9 11 20 09 22 13001.00000 4.33300000 378.51000 51.01000 11.88900 50.04600
 9 11 20 09 23 13001.10000 4.33300000 378.50000 51.01000 11.88900 50.04600
 9 11 20 09 23 13001.10000 4.33300000 378.53000 51.01000 11.88900 50.04600
 9 11 20 09 24 13001.10000 4.33300000 378.62000 51.01000 11.88900 50.04600
 9 11 20 09 24 13000.80000 4.33300000 378.45000 51.06000 11.88900 50.04600
 9 11 20 09 24 13000.80000 4.33300000 378.47000 51.06000 11.88900 50.04600
 9 11 20 09 25 13000.80000 4.33300000 378.31000 51.02000 11.88900 50.04600
 9 11 20 09 25 13001.00000 4.33300000 378.38000 51.02000 11.88900 50.04600
 9 11 20 09 26 13003.00000 4.33300000 378.18000 51.02000 11.88900 50.04600
 9 11 20 09 26 12993.00000 4.33300000 378.00000 51.00000 11.88900 50.04600
 9 11 20 09 26 12991.90000 4.33300000 377.74000 51.00000 11.88900 50.04600
 9 11 20 09 27 12982.80000 4.33300000 377.66000 51.00000 11.88900 50.04600
 9 11 20 09 27 12986.10000 4.33300000 377.66000 50.96000 11.88900 50.04600
 9 11 20 09 28 12991.40000 4.33300000 378.27000 50.96000 11.88900 50.04600
 9 11 20 09 28 12986.20000 4.33300000 378.16000 50.96000 11.88900 50.04600
 9 11 20 09 29 12987.20000 4.33300000 377.79000 50.96000 11.88900 50.04600
 9 11 20 09 29 12986.20000 4.33300000 378.09000 50.96000 11.88900 50.04600
 9 11 20 09 29 12989.60000 4.33300000 377.99000 50.95000 11.88900 50.04600
