M=[
 9 6 21 01 28 27166.30000 45.29100000 2029.92000 129.78000 21.16000 105.43100
 9 6 21 01 28 27162.50000 45.29100000 2029.92000 129.78000 21.16000 105.43100
 9 6 21 01 28 27167.00000 45.29800000 2029.92000 129.65000 21.16000 105.43100
 9 6 21 01 29 27174.50000 45.29800000 2029.92000 129.65000 21.16000 105.43100
 9 6 21 01 29 27167.20000 45.29800000 2029.92000 129.65000 21.16000 105.43100
 9 6 21 01 30 27159.20000 45.27900000 2028.63000 129.65000 21.16000 105.43100
 9 6 21 01 30 27133.00000 45.27200000 2028.10000 129.65000 21.16000 105.43100
 9 6 21 01 31 27123.90000 45.27200000 2028.10000 129.65000 21.16000 105.43100
 9 6 21 01 31 27099.60000 45.27200000 2028.10000 129.65000 21.16000 105.43100
 9 6 21 01 31 27096.90000 45.09000000 2028.10000 128.95000 21.16000 105.43100
 9 6 21 01 32 27088.60000 45.09200000 2028.10000 128.94000 21.16000 105.43100
 9 6 21 01 32 27087.40000 45.06900000 2022.74000 128.94000 21.16000 105.43100
 9 6 21 01 33 27092.10000 45.06900000 2022.45000 128.94000 21.16000 105.43100
 9 6 21 01 33 27110.70000 45.06900000 2022.45000 129.05000 21.16000 105.43100
 9 6 21 01 34 27096.10000 45.06900000 2022.45000 128.96000 21.16000 105.43100
 9 6 21 01 34 27122.10000 45.22800000 2023.11000 128.97000 21.16000 105.43100
 9 6 21 01 34 27117.50000 45.22800000 2024.34000 128.97000 21.16000 105.43100
 9 6 21 01 35 27108.50000 45.22800000 2024.34000 128.97000 21.16000 105.43100
 9 6 21 01 35 27122.10000 45.22800000 2024.34000 128.97000 21.16000 105.43100
 9 6 21 01 36 27111.00000 45.22800000 2024.43000 128.94000 21.16000 105.43100
 9 6 21 01 36 27090.70000 45.22800000 2022.34000 128.94000 21.16000 105.43100
 9 6 21 01 37 27104.80000 45.22800000 2021.74000 128.82000 21.16000 105.00000
 9 6 21 01 37 27110.20000 45.22800000 2021.74000 128.82000 21.16000 105.00000
 9 6 21 01 37 27085.30000 45.07800000 2020.49000 128.82000 21.16000 105.00000
 9 6 21 01 38 27081.40000 45.07800000 2020.49000 128.82000 21.16000 105.00000
 9 6 21 01 38 27064.80000 45.07800000 2018.23000 128.58000 21.16000 105.00000
 9 6 21 01 39 27078.50000 45.07800000 2019.31000 128.68000 21.16000 105.00000
 9 6 21 01 39 27091.90000 45.07800000 2019.31000 128.93000 21.16000 105.00000
 9 6 21 01 40 27092.80000 45.07800000 2019.83000 128.93000 21.16000 105.00000
 9 6 21 01 40 27092.80000 45.07800000 2020.45000 128.76000 21.16000 105.00000
 9 6 21 01 40 27064.30000 45.07800000 2018.21000 128.77000 21.16000 105.00000
 9 6 21 01 41 27001.70000 45.00000000 2015.70000 128.45000 21.16000 105.00000
 9 6 21 01 41 27008.10000 45.00000000 2014.82000 128.47000 21.16000 104.71000
 9 6 21 01 42 27008.50000 45.00000000 2015.60000 128.47000 21.16000 104.71000
 9 6 21 01 42 26990.70000 45.00000000 2014.71000 128.47000 21.16000 104.71000
 9 6 21 01 43 26991.40000 45.00000000 2014.71000 128.44000 21.16000 104.63500
 9 6 21 01 43 26997.40000 45.00000000 2014.59000 128.44000 21.16000 104.63500
 9 6 21 01 43 26997.80000 45.00000000 2014.59000 128.61000 21.16000 104.63500
 9 6 21 01 44 26986.50000 45.00000000 2014.59000 128.46000 21.16000 104.63500
 9 6 21 01 44 26986.50000 45.00000000 2014.59000 128.42000 21.16000 104.63500
 9 6 21 01 45 26975.40000 44.83500000 2012.01000 128.30000 21.16000 104.63500
 9 6 21 01 45 26924.80000 44.83500000 2008.00000 128.30000 21.16000 104.63500
 9 6 21 01 46 26922.30000 44.83500000 2008.89000 128.30000 21.16000 104.63500
 9 6 21 01 46 26948.20000 44.83500000 2009.61000 128.29000 21.16000 104.63500
 9 6 21 01 46 26939.80000 44.83500000 2009.74000 128.29000 21.16000 104.63500
 9 6 21 01 47 26929.50000 44.83500000 2011.23000 128.39000 21.16000 104.63500
 9 6 21 01 47 26923.80000 44.83500000 2009.10000 128.39000 21.16000 104.63500
 9 6 21 01 48 26900.90000 44.83500000 2008.72000 128.39000 21.16000 104.63500
 9 6 21 01 48 26910.60000 44.83500000 2008.00000 128.21000 21.16000 104.63500
 9 6 21 01 49 26890.00000 44.83500000 2006.00000 128.21000 21.16000 104.63500
 9 6 21 01 49 26910.60000 44.83500000 2006.00000 128.24000 21.16000 104.63500
 9 6 21 01 49 26913.60000 44.83500000 2006.00000 128.24000 21.16000 104.63500
 9 6 21 01 50 26921.50000 44.83500000 2008.92000 128.24000 20.96300 104.63500
 9 6 21 01 50 26921.50000 44.83500000 2008.92000 128.24000 20.96300 104.63500
 9 6 21 01 51 26943.20000 44.83500000 2008.92000 128.24000 20.96300 104.63500
 9 6 21 01 51 26904.80000 44.83500000 2008.92000 128.24000 20.96300 104.63500
 9 6 21 01 52 26908.80000 44.83500000 2008.92000 128.24000 20.96300 104.63500
 9 6 21 01 52 26903.80000 44.83500000 2008.92000 128.24000 20.96300 104.63500
 9 6 21 01 52 26900.70000 44.83500000 2005.52000 128.24000 20.96300 104.63500
 9 6 21 01 53 26904.40000 44.83500000 2004.98000 128.24000 20.96300 104.63500
 9 6 21 01 53 26871.10000 44.83500000 2003.61000 128.00000 20.96300 104.63500
 9 6 21 01 54 26825.30000 44.83500000 2003.74000 127.90000 20.96300 104.63500
 9 6 21 01 54 26860.30000 44.83500000 2004.79000 127.90000 20.96300 104.63500
 9 6 21 01 55 26859.90000 44.83500000 2003.60000 127.90000 20.96300 104.63500
 9 6 21 01 55 26855.30000 44.54200000 2005.58000 127.90000 20.96300 104.63500
 9 6 21 01 55 26845.40000 44.54200000 2003.87000 127.90000 20.96300 104.63500
 9 6 21 01 56 26831.60000 44.54200000 2003.87000 127.90000 20.96300 104.63500
 9 6 21 01 56 26802.50000 44.54200000 2002.87000 127.77000 20.96300 104.63500
 9 6 21 01 57 26803.20000 44.54200000 2001.86000 127.77000 20.96300 104.63500
 9 6 21 01 57 26794.20000 44.41200000 2000.00000 127.77000 20.96300 104.63500
 9 6 21 01 58 26811.00000 44.41200000 2001.20000 127.64000 20.96300 104.63500
 9 6 21 01 58 26800.00000 44.41200000 2001.20000 127.58000 20.96300 104.63500
 9 6 21 01 58 26776.60000 44.41000000 1999.32000 127.48000 20.96300 104.63500
 9 6 21 01 59 26776.60000 44.37700000 1998.00000 127.44000 20.96300 104.63500
 9 6 21 01 59 26736.50000 44.34400000 1995.12000 127.54000 20.96300 104.63500
 9 6 21 02 00 26776.10000 44.50100000 2001.72000 127.86000 20.96300 103.78900
 9 6 21 02 00 26797.00000 44.50100000 2002.84000 127.94000 20.96300 104.08200
 9 6 21 02 01 26827.70000 44.50100000 2004.84000 128.19000 20.96300 104.08200
 9 6 21 02 01 26831.30000 44.50100000 2005.75000 128.16000 20.96300 104.08200
 9 6 21 02 01 26855.50000 44.79300000 2005.75000 128.16000 20.96300 104.08200
 9 6 21 02 02 26838.50000 44.79300000 2007.55000 128.16000 20.96300 104.08200
 9 6 21 02 02 26846.20000 44.79300000 2006.59000 128.16000 20.96300 104.08200
 9 6 21 02 03 26808.90000 44.79300000 2004.62000 128.16000 20.96300 104.08200
 9 6 21 02 03 26786.10000 44.79300000 2004.62000 127.87000 20.96300 104.08200
 9 6 21 02 04 26818.50000 44.79300000 2004.62000 127.87000 20.96300 104.08200
 9 6 21 02 04 26840.40000 44.79300000 2004.62000 127.87000 20.96300 104.08200
 9 6 21 02 04 26836.70000 44.79300000 2007.10000 127.87000 20.96300 104.08200
 9 6 21 02 05 26850.50000 44.79300000 2008.11000 127.87000 20.96300 104.08200
 9 6 21 02 05 26857.40000 44.81000000 2009.39000 127.87000 20.96300 104.08200
 9 6 21 02 06 26859.30000 44.81000000 2010.39000 127.87000 20.96300 104.08200
 9 6 21 02 06 26877.80000 44.87100000 2010.39000 127.87000 20.96300 104.08200
 9 6 21 02 07 26863.60000 44.87100000 2011.61000 128.25000 20.96300 104.08200
 9 6 21 02 07 26874.10000 44.85800000 2012.87000 128.25000 20.96300 104.08200
 9 6 21 02 07 26866.80000 44.77100000 2011.32000 128.25000 20.96300 104.08200
 9 6 21 02 08 26868.00000 44.77100000 2011.32000 128.25000 20.96300 104.08200
 9 6 21 02 08 26851.70000 44.77100000 2007.75000 127.74000 20.96300 104.08200
 9 6 21 02 09 26854.70000 44.77100000 2008.45000 127.74000 20.96300 104.08200
 9 6 21 02 09 26865.40000 44.77100000 2008.45000 127.74000 20.96300 104.08200
 9 6 21 02 10 26854.30000 44.77100000 2008.45000 127.74000 20.96300 104.08200
 9 6 21 02 10 26879.30000 44.77100000 2008.45000 127.74000 20.96300 104.08200
 9 6 21 02 10 26879.70000 44.77100000 2008.45000 127.74000 20.96300 104.08200
 9 6 21 02 11 26876.10000 44.77100000 2008.45000 127.72000 20.96300 104.08200
