M=[
 1 6 21 13 49 30297.30000 55.12400000 2156.42000 150.17000 23.54100 127.79800
 1 6 21 13 50 30335.00000 55.14100000 2153.61000 150.17000 23.54100 127.79800
 1 6 21 13 50 30315.60000 55.14100000 2154.47000 150.19000 23.54100 127.79800
 1 6 21 13 50 30277.30000 55.14100000 2150.50000 150.19000 23.54100 127.79800
 1 6 21 13 51 30238.20000 55.14100000 2148.99000 150.19000 23.54100 127.79800
 1 6 21 13 51 30269.80000 55.14100000 2148.18000 149.98000 23.54100 127.79800
 1 6 21 13 52 30227.50000 55.14100000 2146.08000 149.98000 23.54100 127.79800
 1 6 21 13 52 30255.60000 55.09200000 2147.50000 149.73000 23.54100 127.79800
 1 6 21 13 53 30235.70000 55.09200000 2146.36000 149.76000 23.54100 127.79800
 1 6 21 13 53 30261.30000 55.09200000 2145.34000 149.76000 23.54100 127.79800
 1 6 21 13 53 30254.60000 55.09200000 2147.23000 149.76000 23.54100 127.79800
 1 6 21 13 54 30248.30000 55.09200000 2145.54000 149.73000 23.54100 127.79800
 1 6 21 13 54 30236.70000 55.23700000 2145.91000 149.73000 23.54100 127.79800
 1 6 21 13 55 30269.90000 55.23700000 2146.00000 149.78000 23.54100 127.79800
 1 6 21 13 55 30255.70000 55.23700000 2146.00000 149.78000 23.54100 127.79800
 1 6 21 13 56 30280.00000 55.23700000 2148.70000 150.02000 23.54100 127.79800
 1 6 21 13 56 30256.20000 55.23700000 2147.32000 149.87000 23.54100 127.79800
 1 6 21 13 56 30258.20000 55.23700000 2147.05000 149.87000 23.54100 127.79800
 1 6 21 13 57 30206.70000 55.23700000 2147.00000 149.87000 23.54100 127.79800
 1 6 21 13 57 30199.90000 55.23700000 2145.67000 149.64000 23.54100 127.79800
 1 6 21 13 58 30221.30000 55.08200000 2147.00000 149.68000 23.54100 127.79800
 1 6 21 13 58 30205.80000 55.08200000 2146.21000 149.68000 23.54100 127.79800
 1 6 21 13 59 30222.00000 55.08200000 2147.63000 149.65000 23.54100 127.79800
 1 6 21 13 59 30210.00000 55.08200000 2147.01000 149.69000 23.54100 127.79800
 1 6 21 13 59 30258.10000 55.08200000 2151.37000 149.89000 23.54100 128.60000
 1 6 21 14 00 30286.50000 55.08200000 2152.65000 150.14000 23.54100 128.98700
 1 6 21 14 00 30251.40000 55.08200000 2146.57000 149.76000 23.54100 128.98700
 1 6 21 14 01 30268.10000 55.25000000 2148.68000 149.81000 23.54100 128.98700
 1 6 21 14 01 30252.00000 55.25000000 2146.98000 149.81000 23.54100 128.98700
 1 6 21 14 02 30244.80000 55.25000000 2146.97000 149.55000 23.54100 128.98700
 1 6 21 14 02 30250.60000 55.25000000 2147.68000 149.55000 23.54100 128.98700
 1 6 21 14 02 30256.50000 55.24500000 2146.49000 149.60000 23.54100 128.98700
 1 6 21 14 03 30252.10000 55.15000000 2145.62000 149.62000 23.46500 128.98700
 1 6 21 14 03 30297.00000 55.19700000 2146.56000 149.51000 23.46500 128.98700
 1 6 21 14 04 30391.80000 55.19700000 2154.53000 150.30000 23.46500 128.98700
 1 6 21 14 04 30387.10000 55.19700000 2151.91000 150.48000 23.46500 128.98700
 1 6 21 14 05 30389.00000 55.19700000 2151.98000 150.48000 23.46500 128.98700
 1 6 21 14 05 30351.80000 55.19700000 2150.17000 150.48000 23.46500 128.98700
 1 6 21 14 05 30380.00000 55.19700000 2151.19000 150.48000 23.46500 128.98700
 1 6 21 14 06 30400.00000 55.19700000 2152.74000 150.53000 23.46500 128.98700
 1 6 21 14 06 30399.90000 55.53200000 2152.58000 150.56000 23.46500 128.98700
 1 6 21 14 07 30368.10000 55.53200000 2151.16000 150.59000 23.46500 128.98700
 1 6 21 14 07 30390.90000 55.53200000 2152.89000 150.88000 23.46500 128.98700
 1 6 21 14 08 30400.00000 55.53200000 2154.13000 150.96000 23.46500 128.98700
 1 6 21 14 08 30428.40000 55.53200000 2158.63000 151.03000 23.46500 128.98700
 1 6 21 14 08 30415.90000 55.53200000 2158.90000 150.92000 23.46500 128.98700
 1 6 21 14 09 30425.30000 55.53200000 2158.63000 151.10000 23.46500 128.98700
 1 6 21 14 09 30419.60000 55.53200000 2157.22000 151.30000 23.46500 128.98700
 1 6 21 14 10 30371.00000 55.53200000 2153.96000 151.30000 23.46500 128.98700
 1 6 21 14 10 30371.00000 55.53200000 2152.74000 150.97000 23.46500 128.98700
 1 6 21 14 11 30398.80000 55.53200000 2154.79000 151.07000 23.46500 128.98700
 1 6 21 14 11 30389.20000 55.53200000 2155.69000 151.26000 23.46500 128.98700
 1 6 21 14 11 30399.80000 55.53200000 2154.90000 151.21000 23.46500 128.98700
 1 6 21 14 12 30384.80000 55.53200000 2154.89000 151.08000 23.46500 128.98700
 1 6 21 14 12 30364.90000 55.53200000 2153.78000 151.14000 23.46500 128.98700
 1 6 21 14 13 30310.00000 55.53200000 2150.00000 150.64000 23.46500 128.51800
 1 6 21 14 13 30310.00000 55.53200000 2148.17000 150.57000 23.46500 128.02000
 1 6 21 14 14 30284.60000 55.53200000 2146.79000 150.61000 23.46500 128.02000
 1 6 21 14 14 30233.90000 55.53200000 2140.65000 150.26000 23.46500 128.02000
 1 6 21 14 14 30225.70000 55.53200000 2140.56000 150.24000 23.46500 128.02000
 1 6 21 14 15 30144.80000 55.53200000 2128.81000 149.65000 23.46500 128.02000
 1 6 21 14 15 30134.40000 55.53200000 2128.36000 149.65000 23.46500 128.02000
 1 6 21 14 16 30098.40000 55.53200000 2128.33000 149.38000 23.46500 128.02000
 1 6 21 14 16 30071.20000 55.53200000 2124.25000 149.08000 23.46500 126.87700
 1 6 21 14 17 30087.10000 55.53200000 2124.46000 149.02000 23.68700 126.87700
 1 6 21 14 17 30100.00000 54.84900000 2128.62000 149.27000 23.68700 126.87700
 1 6 21 14 17 30100.10000 54.84900000 2128.73000 149.43000 23.68700 126.87700
 1 6 21 14 18 30161.80000 54.84900000 2131.55000 149.60000 23.68700 126.87700
 1 6 21 14 18 30143.80000 54.84900000 2131.38000 149.60000 23.69500 126.87700
 1 6 21 14 19 30139.90000 54.84900000 2130.73000 149.68000 23.69500 126.87700
 1 6 21 14 19 30149.60000 54.84900000 2131.21000 149.68000 23.69500 126.87700
 1 6 21 14 20 30172.70000 54.84900000 2133.00000 149.68000 23.69500 126.87700
 1 6 21 14 20 30154.70000 54.84900000 2134.01000 149.68000 23.69500 126.87700
 1 6 21 14 20 30154.60000 55.13700000 2134.11000 149.48000 23.69500 126.87700
 1 6 21 14 21 30075.20000 55.13700000 2129.85000 149.48000 23.69500 126.87700
 1 6 21 14 21 30020.20000 54.84900000 2128.74000 148.68000 23.69500 126.87700
 1 6 21 14 22 30032.40000 54.84900000 2130.77000 148.83000 23.69500 126.87700
 1 6 21 14 22 30014.30000 54.84900000 2127.69000 148.49000 23.69500 126.87700
 1 6 21 14 23 30035.90000 54.84900000 2129.88000 148.63000 23.73300 126.87700
 1 6 21 14 23 30067.30000 54.84900000 2127.53000 148.78000 23.73300 126.87700
 1 6 21 14 23 30089.40000 54.84900000 2132.21000 148.93000 23.73300 126.87700
 1 6 21 14 24 30035.80000 54.84900000 2130.95000 148.72000 23.73300 126.87700
 1 6 21 14 24 30048.20000 54.84900000 2127.60000 148.72000 23.73300 126.87700
 1 6 21 14 25 30054.60000 54.84900000 2132.52000 148.75000 23.73300 126.87700
 1 6 21 14 25 30034.60000 54.81700000 2130.52000 148.75000 23.73300 126.87700
 1 6 21 14 26 30029.90000 54.71100000 2130.00000 148.59000 23.73300 126.58300
 1 6 21 14 26 30003.70000 54.71100000 2127.93000 148.57000 23.73300 126.58300
 1 6 21 14 26 30043.40000 54.71100000 2130.10000 148.93000 23.73300 126.58300
 1 6 21 14 27 30056.30000 54.71100000 2133.39000 148.93000 23.73300 126.58300
 1 6 21 14 27 30076.30000 54.71100000 2134.71000 148.93000 23.73300 126.58300
 1 6 21 14 28 30098.70000 54.71100000 2135.25000 149.10000 23.73300 126.58300
 1 6 21 14 28 30068.30000 54.71100000 2135.64000 148.85000 23.73300 126.58300
 1 6 21 14 29 30094.40000 54.71100000 2139.57000 148.85000 23.73300 126.58300
 1 6 21 14 29 30072.80000 54.71100000 2138.69000 148.89000 23.73300 126.58300
 1 6 21 14 29 30084.40000 54.71100000 2136.66000 148.89000 23.73300 126.58300
 1 6 21 14 30 30057.00000 54.71100000 2131.42000 148.68000 23.73300 126.58300
 1 6 21 14 30 30094.40000 54.71100000 2137.69000 148.98000 23.73300 126.58300
 1 6 21 14 31 30123.20000 54.71100000 2140.70000 149.28000 23.73300 126.58300
 1 6 21 14 31 30122.70000 54.71100000 2142.62000 149.37000 23.73300 127.38000
 1 6 21 14 32 30149.90000 54.71100000 2142.94000 149.37000 23.73300 127.38000
 1 6 21 14 32 30116.70000 54.71100000 2140.58000 149.37000 23.73300 127.38000
 1 6 21 14 32 30081.50000 54.71100000 2138.72000 149.37000 23.73300 127.38000
