M=[
 4 10 20 21 36 9105.00000 4.85900000 300.51000 39.76000 11.85500 53.36300
 4 10 20 21 37 9104.90000 4.85900000 300.51000 39.76000 11.85500 53.36300
 4 10 20 21 37 9105.00000 4.85900000 300.32000 39.76000 11.85500 53.36300
 4 10 20 21 37 9104.90000 4.86000000 300.33000 39.76000 11.85500 53.36300
 4 10 20 21 38 9104.90000 4.86000000 300.33000 39.76000 11.85500 53.36300
 4 10 20 21 38 9105.00000 4.86000000 300.33000 39.76000 11.85500 53.36300
 4 10 20 21 39 9105.00000 4.86000000 300.33000 39.73000 11.85500 53.36300
 4 10 20 21 39 9104.90000 4.87200000 300.33000 39.73000 11.85500 53.36300
 4 10 20 21 40 9105.00000 4.87200000 300.33000 39.73000 11.85500 53.36300
 4 10 20 21 40 9103.60000 4.87200000 300.33000 39.73000 11.85500 53.36300
 4 10 20 21 40 9103.70000 4.87200000 300.23000 39.73000 11.85500 53.36300
 4 10 20 21 41 9103.60000 4.87200000 300.23000 39.73000 11.85500 53.36300
 4 10 20 21 41 9103.70000 4.87200000 300.23000 39.70000 11.85500 53.36300
 4 10 20 21 42 9104.00000 4.87100000 300.23000 39.70000 11.85500 53.36300
 4 10 20 21 42 9104.00000 4.87100000 300.23000 39.72000 11.85500 53.36300
 4 10 20 21 43 9103.90000 4.87100000 300.23000 39.72000 11.85500 53.36300
 4 10 20 21 43 9104.00000 4.87100000 300.23000 39.72000 11.85500 53.36300
 4 10 20 21 43 9104.10000 4.87100000 300.23000 39.72000 11.85500 53.36300
 4 10 20 21 44 9104.20000 4.87100000 300.23000 39.72000 11.85500 53.36300
 4 10 20 21 44 9104.20000 4.87100000 300.23000 39.72000 11.85500 53.36300
 4 10 20 21 45 9104.20000 4.87100000 300.21000 39.72000 11.85500 53.36300
 4 10 20 21 45 9104.20000 4.87100000 300.21000 39.72000 11.85500 53.36300
 4 10 20 21 46 9104.20000 4.87100000 300.21000 39.72000 11.85500 53.36300
 4 10 20 21 46 9104.10000 4.87100000 300.20000 39.72000 11.85500 53.36300
 4 10 20 21 46 9104.20000 4.87100000 300.20000 39.72000 11.77200 53.36300
 4 10 20 21 47 9104.20000 4.87100000 300.20000 39.72000 11.77200 53.36300
 4 10 20 21 47 9104.20000 4.87100000 300.21000 39.72000 11.77200 53.36300
 4 10 20 21 48 9104.70000 4.88000000 300.21000 39.72000 11.77200 53.36300
 4 10 20 21 48 9104.70000 4.88000000 300.21000 39.72000 11.77200 53.36300
 4 10 20 21 49 9104.70000 4.91400000 300.21000 39.72000 11.77200 53.36300
 4 10 20 21 49 9104.80000 4.91400000 300.21000 39.72000 11.77200 53.36300
 4 10 20 21 49 9104.80000 4.91400000 300.21000 39.72000 11.77200 53.36300
 4 10 20 21 50 9104.80000 4.91400000 300.21000 39.72000 11.77200 53.36300
 4 10 20 21 50 9104.70000 4.91400000 300.21000 39.82000 11.77200 53.36300
 4 10 20 21 51 9104.70000 4.91400000 300.40000 39.82000 11.77200 53.36300
 4 10 20 21 51 9104.70000 4.91400000 300.40000 39.82000 11.77200 53.36300
 4 10 20 21 52 9104.70000 4.91400000 300.40000 39.82000 11.77200 53.36300
 4 10 20 21 52 9104.00000 4.91400000 300.40000 39.82000 11.77200 53.36300
 4 10 20 21 52 9104.00000 4.91400000 300.40000 39.87000 11.77200 53.36300
 4 10 20 21 53 9104.00000 4.91400000 300.37000 39.87000 11.77200 53.36300
 4 10 20 21 53 9103.40000 4.91400000 300.37000 39.87000 11.77200 53.36300
 4 10 20 21 54 9096.30000 4.91400000 300.36000 39.87000 11.77200 53.36300
 4 10 20 21 54 9096.30000 4.91400000 300.27000 39.87000 11.77200 53.36300
 4 10 20 21 55 9099.40000 4.91400000 300.27000 39.90000 11.77200 53.36300
 4 10 20 21 55 9099.30000 4.91400000 300.27000 39.90000 11.77200 53.36300
 4 10 20 21 55 9100.10000 4.86900000 300.40000 39.90000 11.77200 53.36300
 4 10 20 21 56 9098.80000 4.86900000 300.40000 39.90000 11.77200 53.36300
 4 10 20 21 56 9098.80000 4.86900000 300.31000 39.90000 11.77200 53.36300
 4 10 20 21 57 9098.80000 4.87600000 300.31000 39.90000 11.77200 53.36300
 4 10 20 21 57 9098.90000 4.87600000 300.31000 39.90000 11.77200 53.36300
 4 10 20 21 58 9098.90000 4.87600000 300.31000 39.90000 11.77200 53.36300
 4 10 20 21 58 9098.90000 4.87600000 300.31000 39.90000 11.77200 53.36300
 4 10 20 21 58 9094.80000 4.87600000 300.31000 39.90000 11.77200 53.36300
 4 10 20 21 59 9095.40000 4.86700000 300.35000 39.90000 11.77200 53.36300
 4 10 20 21 59 9095.20000 4.86700000 300.35000 39.90000 11.77200 53.36300
 4 10 20 22 00 9095.60000 4.86700000 300.36000 39.90000 11.77200 53.36300
 4 10 20 22 00 9094.40000 4.86900000 300.36000 39.86000 11.77200 53.36300
 4 10 20 22 01 9094.10000 4.86900000 300.36000 39.86000 11.77200 53.36300
 4 10 20 22 01 9094.00000 4.86900000 300.35000 39.86000 11.77200 53.36300
 4 10 20 22 01 9094.00000 4.86900000 300.35000 39.83000 11.77200 53.36300
 4 10 20 22 02 9094.10000 4.86900000 300.16000 39.83000 11.77200 53.36300
 4 10 20 22 02 9093.30000 4.86900000 300.16000 39.83000 11.77200 53.36300
 4 10 20 22 03 9091.50000 4.86900000 300.16000 39.83000 11.77200 53.36300
 4 10 20 22 03 9091.50000 4.86900000 300.16000 39.83000 11.77200 53.36300
 4 10 20 22 04 9092.10000 4.86900000 300.16000 39.83000 11.77200 53.36300
 4 10 20 22 04 9092.50000 4.86900000 300.16000 39.83000 11.77200 53.36300
 4 10 20 22 04 9091.50000 4.86900000 300.16000 39.83000 11.77200 53.36300
 4 10 20 22 05 9091.50000 4.86900000 300.16000 39.83000 11.77200 53.36300
 4 10 20 22 05 9091.40000 4.86900000 300.16000 39.83000 11.77200 53.36300
 4 10 20 22 06 9101.30000 4.86900000 300.16000 39.83000 11.77200 53.36300
 4 10 20 22 06 9106.00000 4.86900000 300.52000 39.83000 11.77200 53.36300
 4 10 20 22 07 9109.60000 4.86900000 300.52000 39.83000 11.77200 53.36300
 4 10 20 22 07 9109.70000 4.86900000 300.52000 39.83000 11.77200 53.36300
 4 10 20 22 07 9110.20000 4.86900000 300.52000 39.83000 11.77200 53.36300
 4 10 20 22 08 9109.70000 4.86900000 300.52000 39.83000 11.77200 53.36300
 4 10 20 22 08 9109.00000 4.86900000 300.52000 39.83000 11.77200 53.36300
 4 10 20 22 09 9108.90000 4.86900000 300.73000 39.83000 11.77200 53.36300
 4 10 20 22 09 9108.90000 4.86900000 300.73000 39.83000 11.77200 53.36300
 4 10 20 22 10 9109.00000 4.86900000 300.73000 39.83000 11.77200 53.36300
 4 10 20 22 10 9117.90000 4.86900000 300.92000 39.83000 11.77200 53.36300
 4 10 20 22 10 9115.60000 4.86900000 301.26000 39.83000 11.77200 53.36300
 4 10 20 22 11 9115.40000 4.86900000 301.26000 39.83000 11.77200 53.36300
 4 10 20 22 11 9116.20000 4.86900000 301.26000 39.83000 11.77200 53.36300
 4 10 20 22 12 9116.20000 4.86900000 301.26000 39.83000 11.80700 53.36300
 4 10 20 22 12 9112.80000 4.86900000 301.26000 39.83000 11.80700 53.36300
 4 10 20 22 13 9111.60000 4.86900000 300.93000 39.92000 11.80700 53.36300
 4 10 20 22 13 9111.60000 4.86900000 300.93000 39.92000 11.80700 53.36300
 4 10 20 22 13 9111.70000 4.86900000 300.93000 39.92000 11.80700 53.36300
 4 10 20 22 14 9111.80000 4.86900000 300.97000 39.92000 11.80700 53.36300
 4 10 20 22 14 9111.80000 4.86900000 300.97000 39.92000 11.80700 53.36300
 4 10 20 22 15 9111.80000 4.86900000 300.97000 39.92000 11.80700 53.36300
 4 10 20 22 15 9111.80000 4.86900000 300.97000 39.92000 11.80700 53.36300
 4 10 20 22 16 9113.00000 4.86900000 301.05000 39.92000 11.80700 53.36300
 4 10 20 22 16 9115.20000 4.86900000 301.05000 39.92000 11.80700 53.36300
 4 10 20 22 16 9112.90000 4.86900000 301.05000 39.92000 11.80700 53.36300
 4 10 20 22 17 9114.00000 4.86900000 301.00000 39.92000 11.80700 53.36300
 4 10 20 22 17 9114.00000 4.86900000 301.00000 39.92000 11.80700 53.36300
 4 10 20 22 18 9113.30000 4.86900000 301.00000 39.92000 11.80700 53.36300
 4 10 20 22 18 9113.30000 4.86900000 300.96000 39.92000 11.80700 53.36300
 4 10 20 22 19 9112.50000 4.86900000 300.95000 39.92000 11.80700 53.36300
 4 10 20 22 19 9111.50000 4.86900000 300.95000 39.92000 11.80700 53.36300
 4 10 20 22 19 9108.90000 4.86900000 300.95000 39.92000 11.80700 53.36300
 4 10 20 22 20 9108.80000 4.86900000 300.95000 39.92000 11.80700 53.36300
 4 10 20 22 20 9108.90000 4.86900000 300.95000 39.92000 11.80700 53.36300
 4 10 20 22 21 9107.00000 4.86900000 300.94000 39.92000 11.80700 53.36300
 4 10 20 22 21 9116.30000 4.86900000 300.97000 39.92000 11.80700 53.36300
 4 10 20 22 22 9116.10000 4.86900000 300.97000 39.92000 11.80700 53.36300
 4 10 20 22 22 9109.40000 4.86900000 300.97000 39.92000 11.80700 53.36300
