M=[
11 10 20 20 38 9587.00000 4.83800000 315.54000 42.61000 12.14500 60.30500
11 10 20 20 39 9585.80000 4.83800000 315.30000 42.58000 12.14500 60.30500
11 10 20 20 39 9585.90000 4.83800000 315.29000 42.58000 12.14500 60.30500
11 10 20 20 39 9587.30000 4.83800000 315.29000 42.56000 12.14500 60.02000
11 10 20 20 40 9587.30000 4.83800000 315.66000 42.56000 12.14500 60.02000
11 10 20 20 40 9579.60000 4.83800000 315.66000 42.56000 12.14500 60.02000
11 10 20 20 41 9584.90000 4.83800000 315.58000 42.56000 12.14500 60.02000
11 10 20 20 41 9584.30000 4.83800000 315.58000 42.56000 12.14500 59.67800
11 10 20 20 42 9583.50000 4.83800000 315.43000 42.56000 12.14500 59.62400
11 10 20 20 42 9583.50000 4.83800000 315.43000 42.56000 12.14500 59.62400
11 10 20 20 42 9582.10000 4.83800000 315.43000 42.56000 12.14500 59.57500
11 10 20 20 43 9577.50000 4.83800000 315.26000 42.56000 12.14500 59.57500
11 10 20 20 43 9583.00000 4.83800000 315.26000 42.56000 12.14500 59.57500
11 10 20 20 44 9582.90000 4.83800000 315.47000 42.57000 12.14500 59.57500
11 10 20 20 44 9580.00000 4.83800000 315.43000 42.57000 12.14500 59.57500
11 10 20 20 45 9581.40000 4.83800000 315.49000 42.57000 12.14500 59.57500
11 10 20 20 45 9582.90000 4.83800000 315.49000 42.57000 12.14500 59.57500
11 10 20 20 45 9580.90000 4.83800000 315.49000 42.57000 12.14500 59.57500
11 10 20 20 46 9580.70000 4.83800000 315.49000 42.57000 12.14500 59.57500
11 10 20 20 46 9582.90000 4.83800000 315.60000 42.57000 12.14500 59.52500
11 10 20 20 47 9582.90000 4.83800000 315.60000 42.57000 12.14500 59.52500
11 10 20 20 47 9582.80000 4.83800000 315.56000 42.57000 12.14500 59.52500
11 10 20 20 47 9582.80000 4.83800000 315.56000 42.57000 12.14500 59.52500
11 10 20 20 48 9582.80000 4.83800000 315.63000 42.57000 12.14500 59.52500
11 10 20 20 48 9582.20000 4.83800000 315.63000 42.57000 12.14500 59.52500
11 10 20 20 49 9582.70000 4.83800000 315.67000 42.57000 12.14500 59.52500
11 10 20 20 49 9582.70000 4.83800000 315.67000 42.58000 12.14500 59.52500
11 10 20 20 50 9582.20000 4.83800000 315.67000 42.58000 12.14500 59.52500
11 10 20 20 50 9581.80000 4.83800000 315.67000 42.57000 12.14500 59.47400
11 10 20 20 50 9582.80000 4.83800000 315.73000 42.57000 12.14500 59.47400
11 10 20 20 51 9582.90000 4.83000000 315.73000 42.62000 12.14500 59.47400
11 10 20 20 51 9584.80000 4.83000000 315.73000 42.63000 12.14500 59.47400
11 10 20 20 52 9586.80000 4.83000000 315.73000 42.63000 12.14500 59.62000
11 10 20 20 52 9584.70000 4.83000000 315.73000 42.63000 12.14500 59.62000
11 10 20 20 53 9584.80000 4.83000000 315.73000 42.63000 12.14500 59.49300
11 10 20 20 53 9584.80000 4.83000000 315.73000 42.60000 12.14500 59.49300
11 10 20 20 54 9584.20000 4.83000000 315.71000 42.60000 12.14500 59.49300
11 10 20 20 54 9584.20000 4.83000000 315.69000 42.62000 12.11000 59.49300
11 10 20 20 54 9586.20000 4.83000000 315.69000 42.62000 12.11000 59.49300
11 10 20 20 55 9580.80000 4.83000000 315.42000 42.57000 12.11000 59.49300
11 10 20 20 55 9582.10000 4.83000000 315.42000 42.60000 12.14700 59.49300
11 10 20 20 56 9581.80000 4.83000000 315.42000 42.60000 12.14700 59.49300
11 10 20 20 56 9583.20000 4.83000000 315.66000 42.59000 12.14700 59.49300
11 10 20 20 56 9582.60000 4.83000000 315.50000 42.60000 12.14700 59.49300
11 10 20 20 57 9583.40000 4.83000000 315.50000 42.60000 12.14700 59.49300
11 10 20 20 57 9583.40000 4.83000000 315.50000 42.60000 12.14700 59.49300
11 10 20 20 58 9580.90000 4.83000000 315.50000 42.60000 12.14700 59.49300
11 10 20 20 58 9578.80000 4.83000000 315.50000 42.60000 12.14700 59.49300
11 10 20 20 59 9575.90000 4.83000000 315.50000 42.60000 12.14700 59.49300
11 10 20 20 59 9577.10000 4.83000000 315.50000 42.60000 12.14700 59.49300
11 10 20 20 59 9568.00000 4.83000000 315.14000 42.58000 12.14700 59.49300
11 10 20 21 00 9574.40000 4.83000000 315.25000 42.56000 12.14700 59.49300
11 10 20 21 00 9572.00000 4.83000000 315.25000 42.55000 12.14700 59.49300
11 10 20 21 01 9573.00000 4.83000000 315.25000 42.52000 12.14700 59.56400
11 10 20 21 01 9573.30000 4.83000000 315.25000 42.45000 12.14700 59.56400
11 10 20 21 02 9560.00000 4.83000000 314.36000 42.19000 12.14700 59.47300
11 10 20 21 02 9548.60000 4.83000000 314.61000 42.27000 12.14700 59.22200
11 10 20 21 02 9541.10000 4.83000000 314.27000 42.32000 12.14700 59.22200
11 10 20 21 03 9541.00000 4.83000000 314.27000 42.30000 12.14700 59.26600
11 10 20 21 03 9541.10000 4.83000000 314.25000 42.27000 12.14700 59.26600
11 10 20 21 04 9541.00000 4.83000000 314.25000 42.22000 12.14700 59.26600
11 10 20 21 04 9541.00000 4.83000000 314.25000 42.22000 12.14700 59.26600
11 10 20 21 05 9541.00000 4.83000000 314.25000 42.22000 12.14700 59.41000
11 10 20 21 05 9541.00000 4.83000000 314.23000 42.22000 12.08100 59.41000
11 10 20 21 05 9539.60000 4.83000000 314.22000 42.28000 12.08100 59.48800
11 10 20 21 06 9539.60000 4.83000000 314.22000 42.27000 12.08100 59.48800
11 10 20 21 06 9539.70000 4.83000000 314.23000 42.27000 12.08100 59.48800
11 10 20 21 07 9539.70000 4.83000000 314.33000 42.27000 12.08100 59.48800
11 10 20 21 07 9539.60000 4.83000000 314.40000 42.27000 12.08100 59.48800
11 10 20 21 08 9539.90000 4.83000000 314.40000 42.27000 12.08100 59.48800
11 10 20 21 08 9540.00000 4.83000000 314.50000 42.27000 12.08100 59.65200
11 10 20 21 08 9539.90000 4.83000000 314.54000 42.27000 12.08100 59.65200
11 10 20 21 09 9539.90000 4.83000000 314.54000 42.27000 12.08100 59.65200
11 10 20 21 09 9539.90000 4.83000000 314.54000 42.27000 12.08100 59.65200
11 10 20 21 10 9539.90000 4.83000000 314.54000 42.27000 12.08000 59.65200
11 10 20 21 10 9539.90000 4.83000000 314.54000 42.30000 12.08000 59.65200
11 10 20 21 11 9544.70000 4.83000000 314.90000 42.30000 12.08000 59.65200
11 10 20 21 11 9555.40000 4.83000000 314.90000 42.30000 12.08000 59.65200
11 10 20 21 11 9558.00000 4.83000000 314.90000 42.30000 12.08000 59.85200
11 10 20 21 12 9555.60000 4.83000000 314.90000 42.36000 12.08000 59.85200
11 10 20 21 12 9555.10000 4.83000000 314.90000 42.38000 12.11100 59.85200
11 10 20 21 13 9555.00000 4.83000000 314.90000 42.38000 12.11100 59.85200
11 10 20 21 13 9555.00000 4.83000000 314.90000 42.38000 12.11100 59.85200
11 10 20 21 14 9555.00000 4.83000000 314.78000 42.43000 12.11100 59.85200
11 10 20 21 14 9555.00000 4.83000000 314.79000 42.43000 12.11100 59.85200
11 10 20 21 14 9554.90000 4.83000000 314.79000 42.53000 12.11100 59.85200
11 10 20 21 15 9554.90000 4.83000000 314.80000 42.53000 12.11100 59.85200
11 10 20 21 15 9555.00000 4.83000000 314.80000 42.53000 12.06800 59.85200
11 10 20 21 16 9555.00000 4.83000000 314.80000 42.51000 12.06800 59.85200
11 10 20 21 16 9554.90000 4.83000000 314.80000 42.51000 12.06800 59.85200
11 10 20 21 17 9561.70000 4.83000000 314.80000 42.51000 12.06800 59.85200
11 10 20 21 17 9562.00000 4.83000000 315.20000 42.56000 12.06800 59.85200
11 10 20 21 17 9561.80000 4.83000000 315.20000 42.56000 12.06800 59.85200
11 10 20 21 18 9561.70000 4.83000000 315.18000 42.58000 12.06800 59.85200
11 10 20 21 18 9560.60000 4.83000000 315.16000 42.58000 12.06800 59.85200
11 10 20 21 19 9561.50000 4.83000000 315.15000 42.58000 12.06800 59.85200
11 10 20 21 19 9562.70000 4.83000000 315.15000 42.58000 12.06800 59.85200
11 10 20 21 20 9560.60000 4.83000000 315.15000 42.58000 12.06800 59.85200
11 10 20 21 20 9562.70000 4.83000000 315.15000 42.58000 12.06800 59.85200
11 10 20 21 20 9563.80000 4.83000000 315.35000 42.58000 12.06800 59.85200
11 10 20 21 21 9562.50000 4.83000000 315.35000 42.58000 12.10000 59.85200
11 10 20 21 21 9566.00000 4.83000000 315.35000 42.58000 12.10000 59.85200
11 10 20 21 22 9566.00000 4.83000000 315.40000 42.60000 12.10000 59.85200
11 10 20 21 22 9566.50000 4.83000000 315.33000 42.64000 12.10000 59.85200
11 10 20 21 23 9566.50000 4.83000000 315.33000 42.64000 12.10000 59.85200
11 10 20 21 23 9566.50000 4.83000000 315.25000 42.64000 12.10000 59.85200
11 10 20 21 23 9566.50000 4.83000000 315.25000 42.64000 12.10000 59.85200
11 10 20 21 24 9566.40000 4.83000000 315.25000 42.64000 12.10000 59.85200
