M=[
12 7 20 03 16 8195.80000 5.78000000 213.83000 39.89000 17.21400 49.91000
12 7 20 03 16 8223.70000 5.80400000 213.89000 39.89000 17.44300 49.99000
12 7 20 03 17 8229.40000 5.74500000 213.89000 39.89000 17.44300 49.87600
12 7 20 03 17 8230.50000 5.74500000 213.87000 39.89000 16.99100 49.91000
12 7 20 03 18 8195.60000 5.78000000 213.87000 39.68000 17.44300 49.91000
12 7 20 03 18 8230.50000 5.78000000 213.89000 39.59000 17.44300 49.80000
12 7 20 03 19 8230.40000 5.74500000 213.87000 39.89000 17.44300 49.87600
12 7 20 03 19 8230.50000 5.78000000 213.89000 39.89000 17.44300 49.99000
12 7 20 03 19 8230.40000 5.78000000 213.97000 39.81000 17.44300 49.91000
12 7 20 03 20 8223.70000 5.78000000 213.49000 39.89000 16.99100 49.99000
12 7 20 03 20 8195.60000 5.78000000 213.46000 39.89000 17.44300 50.00000
12 7 20 03 21 8230.50000 5.78000000 213.89000 39.89000 17.43500 49.87600
12 7 20 03 21 8223.70000 5.78000000 213.99000 39.89000 17.44300 50.00000
12 7 20 03 22 8210.00000 5.78000000 214.00000 39.89000 17.44300 49.91000
12 7 20 03 22 8230.90000 5.74500000 213.96000 39.81000 17.44300 49.91000
12 7 20 03 23 8195.60000 5.78000000 213.99000 39.89000 17.43500 49.91000
12 7 20 03 23 8231.60000 5.78000000 213.99000 39.68000 17.43500 49.91000
12 7 20 03 24 8195.80000 5.78000000 213.46000 39.89000 17.44300 49.91000
12 7 20 03 24 8230.50000 5.80400000 213.99000 39.89000 17.44300 49.91000
12 7 20 03 25 8230.40000 5.80400000 213.90000 39.89000 17.43500 49.91000
12 7 20 03 25 8232.00000 5.74500000 214.00000 39.89000 17.44300 49.87600
12 7 20 03 25 8181.80000 5.74800000 213.34000 39.37000 16.99100 49.87600
12 7 20 03 26 8231.90000 5.78000000 213.49000 39.87000 17.43500 49.91000
12 7 20 03 26 8231.90000 5.78000000 213.49000 39.37000 17.44300 49.87600
12 7 20 03 27 8231.90000 5.78000000 213.99000 39.37000 17.44300 49.87600
12 7 20 03 27 8232.20000 5.78000000 214.02000 39.89000 17.44300 49.87600
12 7 20 03 28 8232.20000 5.74800000 213.51000 39.37000 17.44300 49.91000
12 7 20 03 28 8233.70000 5.78000000 213.34000 39.89000 17.43500 49.87600
12 7 20 03 29 8195.60000 5.74800000 213.99000 39.89000 17.44300 49.87600
12 7 20 03 29 8234.10000 5.78000000 213.99000 39.59000 17.44300 49.91000
12 7 20 03 30 8234.10000 5.79900000 213.99000 39.59000 17.43500 50.00000
12 7 20 03 30 8234.30000 5.80400000 213.99000 39.89000 17.44300 49.91000
12 7 20 03 30 8234.20000 5.78000000 214.00000 39.96000 17.44300 49.91000
12 7 20 03 31 8181.80000 5.78000000 214.00000 39.81000 17.44300 49.87600
12 7 20 03 31 8181.80000 5.80400000 214.00000 39.68000 17.43500 48.99100
12 7 20 03 32 8235.50000 5.78000000 213.46000 39.37000 17.44300 49.87600
12 7 20 03 32 8235.60000 5.78000000 214.00000 39.68000 17.43500 49.99000
12 7 20 03 33 8235.60000 5.78000000 214.00000 39.81000 17.46800 49.99000
12 7 20 03 33 8234.10000 5.78000000 214.00000 39.37000 17.46800 49.91000
12 7 20 03 34 8208.80000 5.78000000 214.00000 39.81000 16.98200 49.99000
12 7 20 03 34 8235.60000 5.78000000 213.51000 39.81000 17.46800 49.87600
12 7 20 03 35 8235.50000 5.78000000 213.34000 39.94000 17.25200 49.91000
12 7 20 03 35 8235.60000 5.78000000 213.88000 39.96000 17.36000 49.99000
12 7 20 03 36 8210.00000 5.78000000 213.88000 39.59000 16.98200 49.87600
12 7 20 03 36 8235.60000 5.78000000 213.88000 39.96000 17.46800 49.91000
12 7 20 03 36 8235.50000 5.79800000 213.89000 39.96000 17.46800 49.91000
12 7 20 03 37 8235.60000 5.78000000 213.89000 39.96000 17.51000 50.00000
12 7 20 03 37 8235.50000 5.74800000 213.89000 39.96000 17.51000 49.87600
12 7 20 03 38 8235.60000 5.80400000 213.89000 39.96000 17.51000 49.91000
12 7 20 03 38 8235.60000 5.74500000 213.90000 39.96000 17.51000 49.91000
12 7 20 03 39 8181.80000 5.74800000 213.51000 39.81000 16.99100 49.91000
12 7 20 03 39 8235.60000 5.78000000 213.89000 39.96000 17.36000 49.91000
12 7 20 03 40 8195.80000 5.78000000 213.90000 39.96000 17.51000 49.80000
12 7 20 03 40 8235.60000 5.78000000 213.34000 39.96000 17.51000 49.91000
12 7 20 03 41 8235.50000 5.74500000 213.90000 39.96000 17.60000 49.91000
12 7 20 03 41 8233.80000 5.78000000 213.90000 39.96000 17.60000 49.91000
12 7 20 03 41 8233.80000 5.78000000 213.90000 39.97000 17.60000 49.87600
12 7 20 03 42 8210.00000 5.78000000 213.90000 39.96000 17.60000 49.87600
12 7 20 03 42 8233.80000 5.78000000 213.90000 39.96000 17.60000 49.91000
12 7 20 03 43 8233.70000 5.78000000 213.49000 39.96000 17.25200 49.91000
12 7 20 03 43 8233.70000 5.78000000 213.90000 39.89000 17.60000 49.87600
12 7 20 03 44 8233.70000 5.78000000 213.90000 39.96000 17.60000 49.91000
12 7 20 03 44 8235.60000 5.80400000 213.90000 39.37000 17.36000 48.99100
12 7 20 03 45 8233.80000 5.78000000 213.74000 39.96000 17.25200 49.91000
12 7 20 03 45 8233.80000 5.78000000 213.74000 39.97000 17.56700 49.91000
12 7 20 03 45 8181.80000 5.78000000 213.75000 39.96000 17.60000 49.91000
12 7 20 03 46 8233.80000 5.78000000 213.66000 39.96000 17.56700 49.91000
12 7 20 03 46 8218.90000 5.78000000 213.66000 39.96000 17.56700 49.87600
12 7 20 03 47 8233.70000 5.78000000 213.34000 39.59000 17.56700 48.99100
12 7 20 03 47 8233.70000 5.78000000 213.66000 39.96000 17.56700 49.91000
12 7 20 03 48 8233.70000 5.79900000 213.70000 39.96000 17.56700 48.99100
12 7 20 03 48 8233.70000 5.78000000 213.70000 39.97000 17.56700 49.87600
12 7 20 03 49 8233.70000 5.78000000 213.34000 39.96000 17.56700 49.80000
12 7 20 03 49 8181.80000 5.78000000 213.34000 39.96000 16.98200 49.91000
12 7 20 03 50 8218.90000 5.78000000 213.70000 39.89000 17.56700 49.99000
12 7 20 03 50 8233.80000 5.78000000 213.46000 39.96000 17.56700 50.00000
12 7 20 03 51 8233.80000 5.78000000 213.76000 39.96000 16.98200 49.91000
12 7 20 03 51 8233.70000 5.74500000 213.34000 39.81000 17.56700 49.87600
12 7 20 03 52 8233.80000 5.79900000 213.74000 39.96000 17.56700 50.00000
12 7 20 03 52 8233.70000 5.74500000 213.74000 39.96000 17.51000 49.91000
12 7 20 03 52 8233.70000 5.78000000 213.74000 39.37000 17.56700 49.91000
12 7 20 03 53 8233.70000 5.78000000 213.90000 39.97000 17.61000 49.99000
12 7 20 03 53 8233.70000 5.74500000 213.74000 39.96000 17.61000 49.99000
12 7 20 03 54 8233.70000 5.78000000 213.58000 39.96000 17.25200 49.91000
12 7 20 03 54 8218.90000 5.79800000 213.58000 39.97000 17.61000 49.87600
12 7 20 03 55 8229.60000 5.78000000 213.51000 39.97000 17.51000 49.91000
12 7 20 03 55 8229.60000 5.78000000 213.34000 39.96000 17.61000 49.91000
12 7 20 03 56 8228.40000 5.78000000 213.34000 39.96000 17.61000 49.91000
12 7 20 03 56 8228.50000 5.74500000 213.58000 39.80000 17.56700 49.91000
12 7 20 03 56 8210.00000 5.74800000 213.70000 39.96000 17.51000 49.87600
12 7 20 03 57 8226.40000 5.78000000 213.56000 39.96000 17.06900 49.87600
12 7 20 03 57 8233.70000 5.78000000 213.56000 39.96000 17.56700 49.87600
12 7 20 03 58 8226.40000 5.78000000 213.34000 39.96000 17.61000 49.80000
12 7 20 03 58 8226.40000 5.74500000 213.51000 39.89000 17.61000 49.87600
12 7 20 03 59 8218.90000 5.78000000 213.59000 39.96000 17.61000 49.91000
12 7 20 03 59 8195.80000 5.78000000 213.59000 39.80000 17.61000 49.91000
12 7 20 04 00 8218.90000 5.79500000 213.58000 39.96000 17.61000 49.87600
12 7 20 04 00 8229.60000 5.78000000 213.58000 39.89000 17.61000 49.87600
12 7 20 04 01 8229.60000 5.78000000 213.34000 39.97000 17.61000 49.91000
12 7 20 04 01 8229.60000 5.80400000 213.90000 40.00000 17.61000 49.91000
12 7 20 04 02 8181.80000 5.78000000 213.46000 40.00000 17.61000 49.91000
12 7 20 04 02 8229.60000 5.78000000 213.34000 40.00000 17.61000 49.87600
12 7 20 04 02 8230.10000 5.79500000 213.90000 40.00000 17.56700 49.91000
12 7 20 04 03 8233.30000 5.78000000 213.34000 40.00000 17.61000 48.99100
12 7 20 04 03 8181.80000 5.78000000 213.90000 40.00000 17.60000 49.99000
12 7 20 04 04 8233.30000 5.78000000 214.08000 39.59000 17.61000 49.91000
12 7 20 04 04 8218.90000 5.78000000 214.08000 40.00000 17.61000 49.91000
12 7 20 04 05 8231.90000 5.78000000 214.09000 39.80000 16.98200 49.87600
12 7 20 04 05 8233.20000 5.78000000 214.03000 40.00000 16.99100 48.99100
