M=[
 2 11 20 19 30 11645.00000 4.27700000 332.58000 46.61000 12.75800 47.34300
 2 11 20 19 31 11653.40000 4.27700000 332.65000 46.61000 12.75800 47.34300
 2 11 20 19 31 11651.30000 4.27700000 332.65000 46.61000 12.75800 47.34300
 2 11 20 19 32 11652.50000 4.27700000 332.65000 46.62000 12.75800 47.34300
 2 11 20 19 32 11648.10000 4.27700000 332.65000 46.62000 12.75800 47.34300
 2 11 20 19 32 11645.10000 4.27700000 332.06000 46.62000 12.75800 47.34300
 2 11 20 19 33 11645.10000 4.27700000 332.06000 46.59000 12.75800 47.34300
 2 11 20 19 33 11645.10000 4.27700000 332.06000 46.59000 12.75800 47.34300
 2 11 20 19 34 11645.00000 4.27700000 332.06000 46.59000 12.75800 47.34300
 2 11 20 19 34 11645.10000 4.27700000 332.15000 46.59000 12.75800 47.34300
 2 11 20 19 35 11649.60000 4.27700000 332.10000 46.60000 12.75800 47.34300
 2 11 20 19 35 11649.50000 4.27700000 332.10000 46.60000 12.75800 47.34300
 2 11 20 19 35 11649.60000 4.27700000 332.10000 46.60000 12.75800 47.34300
 2 11 20 19 36 11649.60000 4.27700000 332.30000 46.65000 12.75800 47.34300
 2 11 20 19 36 11649.60000 4.27700000 332.13000 46.65000 12.76000 47.34300
 2 11 20 19 37 11649.60000 4.27700000 332.22000 46.65000 12.76000 47.48700
 2 11 20 19 37 11649.60000 4.27700000 332.21000 46.65000 12.76000 47.48700
 2 11 20 19 38 11648.90000 4.27700000 332.26000 46.65000 12.76000 47.48700
 2 11 20 19 38 11648.10000 4.27700000 332.31000 46.65000 12.76000 47.48700
 2 11 20 19 38 11646.70000 4.27700000 332.05000 46.65000 12.76000 47.48700
 2 11 20 19 39 11645.10000 4.27700000 332.05000 46.65000 12.76000 47.48700
 2 11 20 19 39 11645.10000 4.27700000 332.05000 46.65000 12.76000 47.48700
 2 11 20 19 40 11644.90000 4.27700000 331.90000 46.65000 12.76000 47.48700
 2 11 20 19 40 11645.00000 4.27700000 331.90000 46.65000 12.76000 47.48700
 2 11 20 19 41 11645.40000 4.27700000 332.24000 46.65000 12.76000 47.48700
 2 11 20 19 41 11652.40000 4.27700000 332.24000 46.65000 13.04100 47.48700
 2 11 20 19 41 11649.30000 4.27700000 332.22000 46.65000 13.04100 47.48700
 2 11 20 19 42 11650.70000 4.27700000 332.22000 46.65000 13.04100 47.48700
 2 11 20 19 42 11650.70000 4.27700000 332.28000 46.65000 13.04100 47.48700
 2 11 20 19 43 11650.40000 4.27700000 332.32000 46.65000 13.04100 47.48700
 2 11 20 19 43 11649.80000 4.27700000 332.27000 46.59000 13.04100 47.48700
 2 11 20 19 44 11649.80000 4.27700000 332.27000 46.59000 13.04100 47.48700
 2 11 20 19 44 11647.70000 4.27700000 332.35000 46.59000 13.04100 47.48700
 2 11 20 19 45 11647.80000 4.27700000 332.35000 46.55000 13.04100 47.48700
 2 11 20 19 45 11650.40000 4.27700000 332.35000 46.55000 13.04100 47.48700
 2 11 20 19 45 11650.50000 4.27700000 332.60000 46.61000 13.04100 47.48700
 2 11 20 19 46 11650.50000 4.27700000 332.52000 46.61000 13.04100 47.48700
 2 11 20 19 46 11650.40000 4.27700000 332.47000 46.64000 13.04100 47.48700
 2 11 20 19 47 11650.40000 4.27700000 332.47000 46.64000 13.04100 47.48700
 2 11 20 19 47 11650.50000 4.27700000 332.47000 46.65000 13.04100 47.48700
 2 11 20 19 48 11650.40000 4.27700000 332.47000 46.65000 13.04100 47.48700
 2 11 20 19 48 11650.50000 4.27700000 332.44000 46.65000 13.04100 47.48700
 2 11 20 19 48 11650.50000 4.27700000 332.33000 46.64000 13.04100 47.48700
 2 11 20 19 49 11650.50000 4.27700000 332.33000 46.65000 13.04100 47.48700
 2 11 20 19 49 11650.50000 4.27700000 332.41000 46.65000 13.04100 47.48700
 2 11 20 19 50 11650.50000 4.27700000 332.48000 46.65000 13.04100 47.48700
 2 11 20 19 50 11650.50000 4.27700000 332.48000 46.65000 13.04100 47.48700
 2 11 20 19 51 11662.70000 4.27700000 332.54000 46.65000 13.04100 47.48700
 2 11 20 19 51 11662.70000 4.27700000 332.54000 46.64000 13.04100 47.48700
 2 11 20 19 51 11662.90000 4.27700000 332.53000 46.64000 13.04100 47.48700
 2 11 20 19 52 11658.80000 4.27700000 332.46000 46.67000 13.04100 47.48700
 2 11 20 19 52 11655.60000 4.27600000 332.29000 46.67000 13.04100 47.48700
 2 11 20 19 53 11657.10000 4.27600000 332.29000 46.63000 13.04100 47.48700
 2 11 20 19 53 11655.70000 4.27600000 332.29000 46.63000 13.04100 47.48700
 2 11 20 19 54 11659.00000 4.27600000 332.33000 46.63000 13.04100 47.48700
 2 11 20 19 54 11660.00000 4.27600000 332.33000 46.63000 13.04100 47.48700
 2 11 20 19 54 11657.60000 4.27600000 332.33000 46.63000 13.04100 47.48700
 2 11 20 19 55 11657.60000 4.27600000 332.33000 46.63000 13.04100 47.48700
 2 11 20 19 55 11660.00000 4.27600000 332.50000 46.66000 13.04100 47.48700
 2 11 20 19 56 11656.80000 4.27600000 332.28000 46.66000 13.04100 47.48700
 2 11 20 19 56 11660.00000 4.27600000 332.28000 46.66000 13.04100 47.48700
 2 11 20 19 57 11660.00000 4.27600000 332.47000 46.66000 13.04100 47.48700
 2 11 20 19 57 11660.10000 4.27600000 332.62000 46.66000 13.04100 47.48700
 2 11 20 19 57 11660.10000 4.27600000 332.62000 46.66000 13.04100 47.48700
 2 11 20 19 58 11660.00000 4.27600000 332.63000 46.66000 13.04100 47.48700
 2 11 20 19 58 11660.10000 4.27600000 332.67000 46.70000 13.04100 47.48700
 2 11 20 19 59 11660.10000 4.27600000 332.70000 46.70000 13.04100 47.48700
 2 11 20 19 59 11662.90000 4.27600000 332.70000 46.70000 13.04100 47.48700
 2 11 20 20 00 11662.90000 4.27600000 332.78000 46.70000 13.04100 47.48700
 2 11 20 20 00 11675.00000 4.27600000 332.78000 46.71000 13.04100 47.48700
 2 11 20 20 00 11675.00000 4.27600000 332.78000 46.70000 13.04100 47.48700
 2 11 20 20 01 11675.00000 4.27600000 332.78000 46.70000 13.04100 47.48700
 2 11 20 20 01 11665.80000 4.27600000 332.81000 46.70000 13.04100 47.48700
 2 11 20 20 02 11670.80000 4.27600000 332.81000 46.68000 13.04100 47.48700
 2 11 20 20 02 11664.10000 4.27000000 332.68000 46.68000 13.04100 47.48700
 2 11 20 20 03 11668.90000 4.27000000 332.77000 46.67000 13.04100 47.48700
 2 11 20 20 03 11674.90000 4.27000000 332.91000 46.67000 13.04100 47.48700
 2 11 20 20 03 11675.00000 4.27000000 332.91000 46.67000 13.04100 47.48700
 2 11 20 20 04 11674.90000 4.27000000 332.97000 46.67000 13.04100 47.48700
 2 11 20 20 04 11675.00000 4.27000000 332.97000 46.67000 13.04100 47.48700
 2 11 20 20 05 11674.90000 4.27000000 332.97000 46.67000 13.04100 47.48700
 2 11 20 20 05 11675.00000 4.27000000 332.97000 46.64000 13.04100 47.48700
 2 11 20 20 06 11675.00000 4.27000000 332.97000 46.64000 13.04100 47.48700
 2 11 20 20 06 11675.00000 4.27000000 332.96000 46.63000 13.04100 47.48700
 2 11 20 20 06 11675.00000 4.27000000 332.66000 46.63000 13.04100 47.48700
 2 11 20 20 07 11674.90000 4.27000000 332.66000 46.63000 13.04100 47.48700
 2 11 20 20 07 11675.00000 4.27000000 332.88000 46.63000 13.04100 47.48700
 2 11 20 20 08 11675.00000 4.27000000 332.88000 46.63000 13.04100 47.48700
 2 11 20 20 08 11675.00000 4.27000000 332.81000 46.63000 13.04100 47.48700
 2 11 20 20 09 11675.00000 4.27000000 332.81000 46.61000 13.04100 47.59800
 2 11 20 20 09 11673.50000 4.27000000 332.81000 46.61000 13.04100 47.59800
 2 11 20 20 09 11675.00000 4.27000000 332.81000 46.61000 13.04100 47.59800
 2 11 20 20 10 11675.00000 4.27000000 332.90000 46.63000 13.04100 47.59800
 2 11 20 20 10 11674.90000 4.27000000 332.90000 46.61000 13.04100 47.59800
 2 11 20 20 11 11683.00000 4.27000000 332.92000 46.61000 13.04100 47.59800
 2 11 20 20 11 11696.60000 4.27000000 332.96000 46.61000 13.04100 47.59800
 2 11 20 20 12 11690.00000 4.27000000 332.79000 46.61000 13.04100 47.59800
 2 11 20 20 12 11697.00000 4.27000000 332.70000 46.63000 13.04100 47.59800
 2 11 20 20 12 11699.20000 4.27000000 332.70000 46.63000 13.04100 47.59800
 2 11 20 20 13 11699.20000 4.27000000 332.70000 46.63000 13.04100 47.59800
 2 11 20 20 13 11699.80000 4.29400000 332.51000 46.63000 13.04100 47.59800
 2 11 20 20 14 11695.80000 4.29400000 332.53000 46.63000 13.04100 47.59800
 2 11 20 20 14 11696.70000 4.27700000 332.53000 46.63000 13.04100 47.59800
 2 11 20 20 15 11696.00000 4.27700000 332.45000 46.63000 13.04100 47.59800
 2 11 20 20 15 11716.30000 4.29800000 332.59000 46.66000 12.78600 47.59800
 2 11 20 20 15 11719.70000 4.29800000 332.59000 46.68000 12.78600 47.59800
