M=[
19 6 20 17 16 8350.30000 5.70400000 205.16000 38.82000 15.45000 46.07800
19 6 20 17 16 8350.20000 5.70400000 205.15000 38.82000 15.45000 46.07800
19 6 20 17 17 8351.10000 5.70400000 205.16000 38.82000 15.45000 46.07800
19 6 20 17 17 8351.20000 5.70400000 205.19000 38.82000 15.45000 46.07800
19 6 20 17 18 8351.10000 5.70400000 205.08000 38.83000 15.45000 46.07800
19 6 20 17 18 8350.10000 5.70400000 205.08000 38.83000 15.45000 46.07800
19 6 20 17 19 8344.20000 5.70400000 205.08000 38.83000 15.45000 46.07800
19 6 20 17 19 8344.10000 5.70400000 205.10000 38.83000 15.45000 46.07800
19 6 20 17 20 8344.20000 5.70400000 205.10000 38.83000 15.45000 46.07800
19 6 20 17 20 8344.10000 5.70400000 205.08000 38.83000 15.49900 46.07800
19 6 20 17 21 8344.20000 5.70400000 205.07000 38.83000 15.49900 46.07800
19 6 20 17 21 8344.10000 5.70400000 205.08000 38.83000 15.49900 46.07800
19 6 20 17 22 8344.20000 5.70400000 205.08000 38.83000 15.49900 46.07800
19 6 20 17 22 8334.40000 5.70400000 204.97000 38.83000 15.49900 46.07800
19 6 20 17 23 8333.20000 5.70400000 204.88000 38.83000 15.49900 46.07800
19 6 20 17 23 8327.50000 5.70400000 204.88000 38.83000 15.49900 46.07800
19 6 20 17 24 8327.40000 5.70400000 204.80000 38.83000 15.49900 46.07800
19 6 20 17 25 8327.40000 5.70400000 204.61000 38.83000 15.49900 46.07800
19 6 20 17 25 8331.80000 5.70400000 204.60000 38.83000 15.49400 46.07800
19 6 20 17 26 8332.80000 5.70900000 204.69000 38.83000 15.50000 46.07800
19 6 20 17 26 8327.90000 5.70900000 204.62000 38.83000 15.50000 46.07800
19 6 20 17 27 8329.70000 5.70900000 204.62000 38.83000 15.50000 45.84100
19 6 20 17 27 8327.30000 5.70400000 204.69000 38.83000 15.51900 45.78000
19 6 20 17 28 8327.50000 5.70900000 204.60000 38.83000 15.51900 45.71900
19 6 20 17 28 8327.60000 5.70400000 204.59000 38.74000 15.51900 45.74400
19 6 20 17 29 8324.20000 5.70900000 204.60000 38.74000 15.51900 45.74400
19 6 20 17 29 8320.40000 5.70900000 204.60000 38.74000 15.51900 45.74400
19 6 20 17 30 8324.40000 5.70900000 204.50000 38.74000 15.51900 45.74400
19 6 20 17 30 8321.90000 5.70900000 204.38000 38.68000 15.51900 45.74400
19 6 20 17 31 8312.60000 5.71000000 204.38000 38.74000 15.52500 45.74400
19 6 20 17 31 8310.80000 5.71000000 204.38000 38.68000 15.52500 45.74400
19 6 20 17 32 8314.60000 5.71000000 204.32000 38.68000 15.52500 45.74400
19 6 20 17 32 8311.40000 5.69100000 204.37000 38.68000 15.57100 45.74400
19 6 20 17 33 8315.50000 5.69100000 204.37000 38.74000 15.57100 45.74400
19 6 20 17 33 8315.60000 5.69100000 204.44000 38.74000 15.57100 45.74400
19 6 20 17 34 8313.40000 5.71000000 204.37000 38.68000 15.57100 45.74400
19 6 20 17 34 8320.50000 5.69100000 204.37000 38.68000 15.59900 45.74400
19 6 20 17 35 8321.40000 5.70300000 204.61000 38.66000 15.59900 45.74400
19 6 20 17 36 8322.10000 5.70300000 204.61000 38.70000 15.59900 45.69500
19 6 20 17 36 8326.80000 5.70300000 204.68000 38.70000 15.59900 45.69500
19 6 20 17 37 8330.00000 5.70300000 204.64000 38.70000 15.59900 45.69500
19 6 20 17 37 8329.90000 5.70300000 204.81000 38.70000 15.60000 45.69500
19 6 20 17 38 8330.00000 5.70300000 204.86000 38.70000 15.64200 45.69500
19 6 20 17 38 8330.00000 5.70300000 204.83000 38.70000 15.64200 45.69500
19 6 20 17 39 8330.00000 5.70300000 204.85000 38.70000 15.64200 45.69500
19 6 20 17 39 8337.30000 5.70300000 204.85000 38.70000 15.64200 45.69500
19 6 20 17 40 8335.10000 5.70300000 204.82000 38.78000 15.64200 45.69500
19 6 20 17 40 8335.10000 5.70300000 204.82000 38.78000 15.64200 45.69500
19 6 20 17 41 8333.70000 5.70300000 204.82000 38.78000 15.64200 45.69500
19 6 20 17 41 8333.00000 5.70300000 204.82000 38.78000 15.64200 45.69500
19 6 20 17 42 8330.80000 5.70300000 204.82000 38.78000 15.63900 45.69500
19 6 20 17 42 8330.70000 5.70300000 204.82000 38.78000 15.63900 45.69500
19 6 20 17 43 8330.80000 5.70300000 204.82000 38.75000 15.63900 45.69500
19 6 20 17 43 8332.30000 5.70300000 204.82000 38.75000 15.62900 45.69500
19 6 20 17 44 8334.10000 5.70300000 204.89000 38.75000 15.62900 45.69500
19 6 20 17 44 8337.40000 5.70300000 204.89000 38.75000 15.62900 45.69500
19 6 20 17 45 8337.40000 5.70300000 204.90000 38.75000 15.62900 45.69500
19 6 20 17 45 8336.80000 5.70300000 204.90000 38.75000 15.62900 45.69500
19 6 20 17 46 8334.30000 5.70300000 204.86000 38.75000 15.65100 45.69500
19 6 20 17 46 8330.80000 5.70300000 204.83000 38.75000 15.65100 45.69500
19 6 20 17 47 8330.90000 5.70300000 204.82000 38.75000 15.65100 45.69500
19 6 20 17 47 8330.90000 5.70300000 204.82000 38.75000 15.65100 45.69500
19 6 20 17 48 8329.90000 5.70300000 204.82000 38.75000 15.65100 45.69500
19 6 20 17 48 8330.80000 5.70300000 204.81000 38.75000 15.65100 45.69500
19 6 20 17 49 8332.40000 5.70300000 204.81000 38.75000 15.65100 45.69500
19 6 20 17 49 8331.10000 5.70300000 204.82000 38.75000 15.64500 45.69500
19 6 20 17 50 8331.50000 5.71400000 204.82000 38.75000 15.64500 45.69500
19 6 20 17 50 8331.30000 5.71400000 204.82000 38.70000 15.64500 45.69500
19 6 20 17 51 8331.80000 5.71400000 204.82000 38.70000 15.64500 45.69500
19 6 20 17 51 8331.40000 5.71400000 204.81000 38.70000 15.64500 45.69500
19 6 20 17 52 8335.80000 5.71400000 204.76000 38.70000 15.65100 45.69500
19 6 20 17 52 8336.30000 5.71400000 204.69000 38.70000 15.65200 45.69500
19 6 20 17 53 8336.00000 5.71400000 204.69000 38.70000 15.65200 45.69500
19 6 20 17 53 8337.00000 5.71400000 204.69000 38.70000 15.65200 45.69500
19 6 20 17 54 8337.00000 5.71400000 204.74000 38.70000 15.65200 45.69500
19 6 20 17 54 8333.50000 5.71400000 204.72000 38.72000 15.65200 45.69500
19 6 20 17 55 8335.40000 5.71400000 204.45000 38.72000 15.65200 45.69500
19 6 20 17 55 8335.40000 5.71400000 204.46000 38.72000 15.65200 45.69500
19 6 20 17 56 8331.40000 5.70500000 204.51000 38.72000 15.59000 45.69500
19 6 20 17 56 8330.00000 5.70500000 204.51000 38.72000 15.64400 45.69500
19 6 20 17 57 8332.90000 5.70500000 204.57000 38.72000 15.64000 45.69500
19 6 20 17 57 8330.20000 5.70500000 204.61000 38.72000 15.64000 45.69500
19 6 20 17 58 8325.10000 5.70500000 204.61000 38.72000 15.64000 45.69500
19 6 20 17 58 8326.30000 5.70500000 204.62000 38.72000 15.64000 45.69500
19 6 20 17 59 8326.90000 5.70500000 204.62000 38.72000 15.64000 45.69500
19 6 20 17 59 8326.80000 5.70500000 204.61000 38.72000 15.64000 45.69500
19 6 20 18 00 8326.40000 5.70500000 204.61000 38.72000 15.64000 45.69500
19 6 20 18 00 8331.50000 5.70500000 204.61000 38.72000 15.68500 45.69500
19 6 20 18 01 8333.70000 5.70500000 204.57000 38.72000 15.70000 45.69500
19 6 20 18 01 8336.40000 5.70500000 204.57000 38.72000 15.74000 45.69500
19 6 20 18 02 8335.60000 5.70500000 204.55000 38.72000 15.75000 45.73000
19 6 20 18 02 8333.00000 5.70500000 204.52000 38.72000 15.75000 45.73000
19 6 20 18 03 8333.00000 5.70500000 204.58000 38.72000 15.75000 45.73000
19 6 20 18 03 8335.40000 5.70500000 204.58000 38.72000 15.80500 45.73000
19 6 20 18 04 8336.50000 5.70500000 204.58000 38.70000 15.84000 45.73000
19 6 20 18 04 8331.60000 5.70500000 204.58000 38.72000 15.87000 45.73000
19 6 20 18 05 8331.50000 5.70500000 204.58000 38.72000 15.92100 45.73000
19 6 20 18 05 8332.50000 5.70500000 204.60000 38.72000 15.91800 45.73000
19 6 20 18 06 8329.50000 5.70500000 204.61000 38.72000 15.91800 45.73000
19 6 20 18 07 8332.30000 5.70500000 204.63000 38.72000 15.84500 45.70800
19 6 20 18 07 8329.90000 5.70500000 204.55000 38.72000 15.86800 45.70800
19 6 20 18 08 8327.10000 5.70500000 204.45000 38.72000 15.65200 45.70800
19 6 20 18 08 8326.50000 5.70500000 204.49000 38.72000 15.65200 45.70800
19 6 20 18 09 8326.90000 5.70500000 204.48000 38.66000 15.65400 45.70800
19 6 20 18 09 8326.90000 5.70500000 204.48000 38.66000 15.65400 45.70800
19 6 20 18 10 8331.80000 5.70500000 204.66000 38.69000 15.62900 45.70800
19 6 20 18 10 8331.70000 5.70500000 204.55000 38.69000 15.56700 45.70800
19 6 20 18 11 8331.40000 5.70500000 204.52000 38.69000 15.56700 45.70800
19 6 20 18 11 8329.80000 5.70500000 204.52000 38.69000 15.56700 45.70800
