M=[
12 11 20 08 00 13497.50000 4.32300000 395.14000 50.57000 13.74800 53.11700
12 11 20 08 00 13493.40000 4.32300000 395.50000 50.46000 13.74800 53.00200
12 11 20 08 00 13484.20000 4.32300000 395.51000 50.46000 13.74800 53.00200
12 11 20 08 01 13490.60000 4.32300000 395.57000 50.46000 13.74800 53.00200
12 11 20 08 01 13483.00000 4.32300000 395.51000 50.45000 13.74800 53.00200
12 11 20 08 02 13477.00000 4.32300000 395.50000 50.37000 13.74800 53.00200
12 11 20 08 02 13479.80000 4.32300000 395.29000 50.37000 13.74800 53.00200
12 11 20 08 03 13476.20000 4.32300000 395.28000 50.37000 13.74800 53.00200
12 11 20 08 03 13491.30000 4.32300000 395.28000 50.37000 13.74800 53.00200
12 11 20 08 03 13479.30000 4.32300000 395.28000 50.41000 13.74800 53.00200
12 11 20 08 04 13468.10000 4.32300000 395.28000 50.41000 13.74800 53.00200
12 11 20 08 04 13470.30000 4.32300000 395.06000 50.36000 13.74800 53.00200
12 11 20 08 05 13470.40000 4.32300000 395.08000 50.36000 13.74800 53.00200
12 11 20 08 05 13470.50000 4.32300000 395.08000 50.36000 13.74800 53.00200
12 11 20 08 06 13472.20000 4.32300000 395.07000 50.36000 13.74800 53.00200
12 11 20 08 06 13470.40000 4.32300000 395.00000 50.36000 13.74800 52.79500
12 11 20 08 06 13490.30000 4.32300000 395.08000 50.39000 13.74800 52.79500
12 11 20 08 07 13490.20000 4.32300000 395.44000 50.47000 13.74800 52.79500
12 11 20 08 07 13506.60000 4.32300000 395.91000 50.47000 13.74800 52.79500
12 11 20 08 08 13506.40000 4.32900000 396.08000 50.47000 13.74800 52.79500
12 11 20 08 08 13522.90000 4.32900000 396.08000 50.47000 13.74800 52.79500
12 11 20 08 09 13527.70000 4.32900000 396.08000 50.47000 13.74800 52.85600
12 11 20 08 09 13518.10000 4.32900000 395.73000 50.47000 13.74800 52.85600
12 11 20 08 09 13520.10000 4.32900000 395.92000 50.54000 13.74800 52.85600
12 11 20 08 10 13526.80000 4.32900000 395.92000 50.56000 13.74800 52.85600
12 11 20 08 10 13532.00000 4.32900000 396.00000 50.56000 13.74800 52.85600
12 11 20 08 11 13539.90000 4.34000000 396.00000 50.56000 13.74800 52.85600
12 11 20 08 11 13542.70000 4.34000000 396.48000 50.56000 13.74800 52.85600
12 11 20 08 12 13533.70000 4.34000000 396.28000 50.56000 13.74800 52.85600
12 11 20 08 12 13531.90000 4.34000000 396.01000 50.63000 13.74800 52.78000
12 11 20 08 12 13533.80000 4.34000000 395.98000 50.63000 13.74800 52.78000
12 11 20 08 13 13533.90000 4.34000000 395.98000 50.63000 13.74800 52.78000
12 11 20 08 13 13531.80000 4.34000000 395.98000 50.63000 13.74800 52.62800
12 11 20 08 14 13534.70000 4.34000000 396.28000 50.63000 13.74800 52.62800
12 11 20 08 14 13533.80000 4.34000000 396.28000 50.63000 13.74800 52.62800
12 11 20 08 15 13530.00000 4.34000000 396.28000 50.63000 13.74800 52.62800
12 11 20 08 15 13526.90000 4.34000000 396.28000 50.63000 13.74800 52.62800
12 11 20 08 15 13531.60000 4.34000000 396.28000 50.63000 13.74800 52.62800
12 11 20 08 16 13515.50000 4.34000000 395.97000 50.55000 13.74800 52.62800
12 11 20 08 16 13522.40000 4.34000000 395.98000 50.56000 13.74800 52.62800
12 11 20 08 17 13520.60000 4.34000000 395.97000 50.55000 13.74800 52.62800
12 11 20 08 17 13513.10000 4.34000000 395.47000 50.55000 13.74800 52.62800
12 11 20 08 18 13508.80000 4.34000000 395.16000 50.55000 13.74800 52.62800
12 11 20 08 18 13500.40000 4.34000000 395.11000 50.55000 13.74800 52.59700
12 11 20 08 18 13503.10000 4.34000000 395.51000 50.55000 13.74800 52.59700
12 11 20 08 19 13503.50000 4.34000000 395.06000 50.55000 13.74800 52.59700
12 11 20 08 19 13514.40000 4.34000000 395.88000 50.42000 13.74800 52.59700
12 11 20 08 20 13515.20000 4.34000000 395.96000 50.42000 13.74800 52.59700
12 11 20 08 20 13511.10000 4.34000000 395.70000 50.42000 13.74800 52.59700
12 11 20 08 20 13510.10000 4.34000000 395.70000 50.42000 13.74800 52.59700
12 11 20 08 21 13514.30000 4.34000000 395.73000 50.42000 13.74800 52.59700
12 11 20 08 21 13509.90000 4.34000000 395.87000 50.42000 13.74800 52.59700
12 11 20 08 22 13511.90000 4.34000000 395.92000 50.42000 13.74800 52.59700
12 11 20 08 22 13503.90000 4.34000000 395.63000 50.33000 13.74800 52.59700
12 11 20 08 23 13502.70000 4.34000000 395.61000 50.33000 13.74800 52.59700
12 11 20 08 23 13500.00000 4.34000000 395.60000 50.33000 13.74800 52.59700
12 11 20 08 23 13503.80000 4.34000000 395.60000 50.38000 13.74800 52.59700
12 11 20 08 24 13500.00000 4.34000000 395.39000 50.38000 13.74800 52.59700
12 11 20 08 24 13503.80000 4.34000000 395.60000 50.38000 13.74800 52.59700
12 11 20 08 25 13511.20000 4.34000000 396.12000 50.38000 13.74800 52.59700
12 11 20 08 25 13508.60000 4.34000000 395.93000 50.41000 13.74800 52.59700
12 11 20 08 26 13510.40000 4.34000000 395.93000 50.41000 13.74800 52.59700
12 11 20 08 26 13510.00000 4.34000000 396.05000 50.41000 13.74800 52.59700
12 11 20 08 26 13508.70000 4.34000000 395.46000 50.41000 13.74800 52.59700
12 11 20 08 27 13508.60000 4.34000000 395.54000 50.41000 13.74800 52.59700
12 11 20 08 27 13500.10000 4.34000000 395.53000 50.41000 13.74800 52.59700
12 11 20 08 28 13500.10000 4.34000000 395.50000 50.41000 13.74800 52.59700
12 11 20 08 28 13488.50000 4.34000000 395.55000 50.41000 13.74800 52.59700
12 11 20 08 29 13484.90000 4.34000000 395.50000 50.34000 13.74800 52.59700
12 11 20 08 29 13485.40000 4.34000000 395.51000 50.34000 13.74800 52.59700
12 11 20 08 29 13485.10000 4.33900000 395.50000 50.32000 13.74800 52.59700
12 11 20 08 30 13485.10000 4.33900000 395.50000 50.30000 13.74800 52.51300
12 11 20 08 30 13484.90000 4.33900000 395.22000 50.28000 13.74800 52.56100
12 11 20 08 31 13485.00000 4.33900000 395.26000 50.29000 13.74800 52.56100
12 11 20 08 31 13478.00000 4.33900000 395.27000 50.29000 13.74800 52.56100
12 11 20 08 32 13477.90000 4.33900000 395.34000 50.29000 13.74800 52.56100
12 11 20 08 32 13484.90000 4.33900000 395.29000 50.29000 13.74800 52.56100
12 11 20 08 32 13484.90000 4.33900000 395.33000 50.29000 13.74800 52.56100
12 11 20 08 33 13485.00000 4.33900000 395.39000 50.29000 13.74800 52.56100
12 11 20 08 33 13493.30000 4.33900000 395.39000 50.29000 13.74800 52.56100
12 11 20 08 34 13497.40000 4.33900000 395.41000 50.28000 13.74800 52.56100
12 11 20 08 34 13494.40000 4.33900000 395.41000 50.29000 13.74800 52.56100
12 11 20 08 35 13497.90000 4.33900000 395.45000 50.29000 13.74800 52.56100
12 11 20 08 35 13499.70000 4.33900000 395.47000 50.29000 13.74800 52.56100
12 11 20 08 35 13496.40000 4.33900000 395.42000 50.28000 13.74800 52.56100
12 11 20 08 36 13497.80000 4.33900000 395.41000 50.27000 13.74800 52.56100
12 11 20 08 36 13499.60000 4.33900000 395.42000 50.27000 13.74800 52.56100
12 11 20 08 37 13497.40000 4.33900000 395.34000 50.27000 13.74800 52.56100
12 11 20 08 37 13496.90000 4.33900000 395.33000 50.27000 13.74800 52.56100
12 11 20 08 38 13496.80000 4.31900000 395.33000 50.27000 13.74800 52.56100
12 11 20 08 38 13488.40000 4.31900000 395.04000 50.27000 13.74800 52.56100
12 11 20 08 38 13477.90000 4.31900000 395.04000 50.27000 13.74800 52.56100
12 11 20 08 39 13477.90000 4.31900000 395.00000 50.22000 13.74800 52.56100
12 11 20 08 39 13470.50000 4.31900000 394.53000 50.22000 13.74800 52.56100
12 11 20 08 40 13470.40000 4.31900000 394.53000 50.22000 13.74800 52.56100
12 11 20 08 40 13467.00000 4.31900000 394.62000 50.14000 13.74800 52.56100
12 11 20 08 41 13452.60000 4.31900000 394.32000 50.04000 13.74800 52.56100
12 11 20 08 41 13460.10000 4.31900000 394.32000 50.04000 13.74800 52.56100
12 11 20 08 41 13464.50000 4.31900000 394.32000 50.04000 13.74800 52.56100
12 11 20 08 42 13467.60000 4.31900000 394.32000 50.04000 13.74800 52.56100
12 11 20 08 42 13462.20000 4.31900000 394.71000 50.04000 13.74800 52.56100
12 11 20 08 43 13464.30000 4.31900000 394.65000 50.13000 13.74800 52.56100
12 11 20 08 43 13464.80000 4.31900000 394.63000 50.11000 13.74800 52.56100
12 11 20 08 44 13464.30000 4.31900000 394.77000 50.11000 13.74800 52.56100
12 11 20 08 44 13467.70000 4.31900000 394.73000 50.11000 13.68400 52.56100
12 11 20 08 44 13465.00000 4.31900000 394.80000 50.11000 13.68400 52.56100
