M=[
28 12 20 14 29 22315.00000 4.92200000 597.26000 110.06000 14.80000 57.34400
28 12 20 14 29 22307.90000 4.92200000 597.73000 110.05000 14.80100 57.34400
28 12 20 14 30 22305.10000 4.92200000 598.08000 110.05000 14.80100 57.34400
28 12 20 14 30 22309.30000 4.92200000 597.67000 110.04000 14.80100 57.34400
28 12 20 14 31 22280.10000 4.92200000 597.66000 110.02000 14.80100 57.34400
28 12 20 14 31 22289.20000 4.92200000 597.33000 109.92000 14.80100 57.34400
28 12 20 14 31 22276.10000 4.92200000 597.97000 110.01000 14.80100 57.34400
28 12 20 14 32 22287.30000 4.92200000 597.55000 109.92000 14.80100 57.34400
28 12 20 14 32 22266.40000 4.92200000 597.48000 109.92000 14.80100 57.34400
28 12 20 14 33 22265.10000 4.92200000 597.43000 109.80000 14.80100 57.34400
28 12 20 14 33 22245.50000 4.93800000 597.19000 109.80000 14.80100 57.34400
28 12 20 14 34 22243.90000 4.94500000 596.71000 109.80000 14.80100 57.34400
28 12 20 14 34 22235.60000 4.95900000 596.94000 109.80000 14.65700 57.34400
28 12 20 14 34 22254.70000 4.95900000 597.36000 109.98000 14.65700 57.34400
28 12 20 14 35 22254.80000 4.95900000 597.97000 110.03000 14.65700 57.19500
28 12 20 14 35 22254.70000 4.95900000 598.00000 110.20000 14.80100 57.19500
28 12 20 14 36 22254.70000 4.95900000 598.00000 110.08000 14.80100 57.19500
28 12 20 14 36 22277.70000 4.94600000 598.00000 110.27000 14.80100 57.19500
28 12 20 14 37 22277.80000 4.94600000 598.96000 110.08000 14.80100 57.19500
28 12 20 14 37 22277.80000 4.94600000 599.00000 110.37000 14.80100 57.19500
28 12 20 14 37 22277.80000 4.95200000 599.01000 110.15000 14.80100 57.19500
28 12 20 14 38 22289.10000 4.95200000 599.00000 110.24000 14.80100 57.19500
28 12 20 14 38 22294.90000 4.95200000 598.35000 110.25000 14.80100 57.19500
28 12 20 14 39 22280.20000 4.95200000 598.56000 110.26000 14.80100 57.19500
28 12 20 14 39 22295.10000 4.95200000 598.71000 110.38000 14.80100 57.19500
28 12 20 14 40 22299.90000 4.95200000 598.74000 110.38000 14.80100 57.19500
28 12 20 14 40 22303.70000 4.95200000 599.00000 110.33000 14.80100 57.19500
28 12 20 14 40 22309.90000 4.95200000 598.99000 110.41000 14.80100 57.19500
28 12 20 14 41 22310.00000 4.95200000 598.45000 110.41000 14.80000 57.19500
28 12 20 14 41 22309.90000 4.95200000 599.05000 110.41000 14.80000 57.19500
28 12 20 14 42 22314.60000 4.95200000 599.20000 110.50000 14.80000 57.19500
28 12 20 14 42 22331.60000 4.95200000 599.99000 110.64000 14.80000 57.19500
28 12 20 14 43 22320.20000 4.95200000 599.62000 110.61000 14.80000 57.19500
28 12 20 14 43 22302.50000 4.95200000 599.10000 110.70000 14.80000 57.19500
28 12 20 14 43 22290.10000 4.95200000 599.01000 110.70000 14.80000 56.95500
28 12 20 14 44 22290.00000 4.95200000 599.31000 110.62000 14.80000 56.95500
28 12 20 14 44 22294.10000 4.95200000 599.19000 110.48000 14.80000 56.95500
28 12 20 14 45 22278.20000 4.95200000 598.82000 110.47000 14.80000 56.95500
28 12 20 14 45 22285.80000 4.95200000 599.00000 110.46000 14.80000 56.95500
28 12 20 14 46 22277.90000 4.95200000 598.86000 110.46000 14.80000 56.95500
28 12 20 14 46 22260.90000 4.95200000 598.49000 110.45000 14.80000 56.95500
28 12 20 14 46 22261.50000 4.96000000 598.15000 110.41000 14.80000 56.95500
28 12 20 14 47 22249.00000 4.96000000 597.85000 110.27000 14.80000 56.95500
28 12 20 14 47 22273.90000 4.96000000 598.34000 110.26000 14.80000 56.95500
28 12 20 14 48 22300.10000 4.96000000 598.47000 110.25000 14.80000 56.96000
28 12 20 14 48 22269.10000 4.96000000 599.49000 110.25000 14.80000 56.96000
28 12 20 14 49 22271.70000 4.96000000 599.99000 110.43000 14.80000 56.96000
28 12 20 14 49 22271.70000 4.96000000 599.99000 110.40000 14.80000 56.96000
28 12 20 14 49 22271.70000 4.96000000 600.00000 110.28000 14.80000 56.96000
28 12 20 14 50 22270.10000 4.96000000 599.72000 110.25000 14.80000 56.96000
28 12 20 14 50 22269.90000 4.96000000 599.92000 110.25000 14.80000 56.96000
28 12 20 14 51 22270.10000 4.96000000 600.50000 110.29000 14.80000 56.96000
28 12 20 14 51 22270.10000 4.96000000 600.99000 110.29000 14.80000 56.96000
28 12 20 14 52 22269.90000 4.96000000 600.95000 110.29000 14.80000 56.96000
28 12 20 14 52 22290.00000 4.96000000 602.00000 110.31000 14.80000 56.96000
28 12 20 14 52 22295.90000 4.96000000 602.82000 110.52000 14.80000 56.96000
28 12 20 14 53 22330.00000 4.96000000 602.79000 110.52000 14.80000 57.00900
28 12 20 14 53 22341.60000 4.96000000 603.26000 110.52000 14.80100 57.00900
28 12 20 14 54 22334.40000 4.96000000 603.42000 110.40000 14.80100 57.00900
28 12 20 14 54 22315.00000 4.96000000 603.25000 110.35000 14.80100 57.00900
28 12 20 14 55 22330.40000 4.96000000 603.02000 110.30000 14.80100 57.00900
28 12 20 14 55 22322.10000 4.97600000 602.51000 110.49000 14.80100 57.00900
28 12 20 14 55 22314.90000 4.97600000 602.02000 110.49000 14.80100 57.09100
28 12 20 14 56 22303.00000 4.97600000 601.99000 110.49000 14.80100 57.00100
28 12 20 14 56 22302.20000 4.97600000 602.00000 110.49000 14.80100 57.00100
28 12 20 14 57 22303.00000 4.97600000 602.27000 110.49000 14.80100 57.00100
28 12 20 14 57 22303.10000 4.97600000 603.02000 110.49000 14.80100 57.00100
28 12 20 14 58 22304.10000 4.97600000 603.37000 110.49000 14.80100 57.07300
28 12 20 14 58 22303.10000 4.97600000 603.32000 110.49000 14.80100 57.07300
28 12 20 14 58 22303.00000 4.97600000 603.10000 110.19000 14.80100 57.07300
28 12 20 14 59 22302.10000 4.97600000 602.79000 109.99000 14.80100 57.07300
28 12 20 14 59 22302.00000 4.97600000 603.01000 110.15000 14.80100 57.07300
28 12 20 15 00 22304.10000 4.97100000 603.79000 110.06000 14.80100 57.07300
28 12 20 15 00 22310.00000 4.97100000 604.00000 110.35000 14.80300 57.07400
28 12 20 15 01 22302.00000 4.97100000 604.00000 110.41000 14.80300 57.07400
28 12 20 15 01 22250.00000 4.97100000 603.19000 110.34000 14.80300 57.07500
28 12 20 15 01 22252.30000 4.97100000 602.27000 110.18000 14.80300 57.07500
28 12 20 15 02 22261.30000 4.97100000 601.88000 110.07000 14.80300 57.07500
28 12 20 15 02 22261.20000 4.96100000 601.89000 110.07000 14.80300 57.07500
28 12 20 15 04 22230.40000 4.96100000 601.61000 109.71000 14.80300 57.07500
28 12 20 15 04 22245.00000 4.96100000 601.49000 109.82000 14.80300 57.07500
28 12 20 15 04 22236.10000 4.96100000 601.49000 109.73000 14.80300 57.07500
28 12 20 15 05 22215.50000 4.96100000 600.88000 109.64000 14.80300 57.07500
28 12 20 15 05 22225.20000 4.96100000 600.55000 109.64000 14.80300 56.78400
28 12 20 15 06 22241.60000 4.96100000 601.62000 109.75000 14.80300 56.78400
28 12 20 15 06 22237.70000 4.96100000 603.19000 109.89000 14.80300 56.78400
28 12 20 15 07 22239.80000 4.96100000 603.21000 109.89000 14.80300 56.78400
28 12 20 15 07 22215.90000 4.96100000 602.38000 109.89000 14.80300 56.78400
28 12 20 15 07 22228.60000 4.96100000 602.53000 109.71000 14.80300 56.91900
28 12 20 15 08 22209.80000 4.96100000 602.54000 109.74000 14.89200 56.91900
28 12 20 15 08 22216.00000 4.96100000 602.76000 109.69000 14.89200 56.91900
28 12 20 15 09 22201.10000 4.96100000 602.67000 109.47000 14.89200 56.91900
28 12 20 15 09 22218.00000 4.96100000 602.91000 109.52000 14.89200 56.91900
28 12 20 15 10 22228.60000 4.96100000 602.47000 109.25000 14.89200 56.91900
28 12 20 15 10 22213.90000 4.96100000 601.97000 108.98000 14.89200 56.91900
28 12 20 15 10 22211.30000 4.96100000 601.75000 108.97000 14.89200 56.91900
28 12 20 15 11 22207.70000 4.96100000 601.76000 109.38000 14.89200 56.91900
28 12 20 15 11 22194.10000 4.96100000 600.93000 109.34000 14.89200 56.91900
28 12 20 15 12 22194.10000 4.95000000 601.57000 109.37000 14.89200 56.91900
28 12 20 15 12 22182.60000 4.95000000 601.18000 108.97000 14.89200 56.91900
28 12 20 15 13 22183.30000 4.95000000 601.04000 109.17000 14.89200 56.91900
28 12 20 15 13 22204.70000 4.95000000 601.47000 109.19000 14.89200 56.91900
28 12 20 15 13 22197.20000 4.95000000 601.50000 108.76000 14.89200 56.91900
28 12 20 15 14 22191.10000 4.95000000 601.40000 108.91000 14.89200 56.91900
28 12 20 15 14 22173.80000 4.95000000 602.00000 108.65000 14.89200 56.91900
