M=[
27 10 20 04 00 11083.90000 4.78400000 332.76000 48.08000 10.88000 51.71400
27 10 20 04 00 11083.90000 4.78400000 332.76000 48.08000 10.88000 51.71400
27 10 20 04 01 11084.00000 4.78400000 332.76000 48.08000 10.88000 51.71400
27 10 20 04 01 11084.00000 4.78400000 333.30000 48.08000 10.88000 51.71400
27 10 20 04 02 11084.00000 4.78400000 333.30000 48.17000 10.88000 51.71400
27 10 20 04 02 11084.00000 4.78400000 333.30000 48.17000 10.88000 51.71400
27 10 20 04 02 11084.00000 4.78400000 333.30000 48.17000 10.88000 51.71400
27 10 20 04 03 11101.80000 4.78400000 333.30000 48.17000 10.88000 51.71400
27 10 20 04 03 11101.80000 4.78400000 333.30000 48.17000 10.88000 51.71400
27 10 20 04 04 11098.90000 4.78400000 333.30000 48.23000 10.88000 51.71400
27 10 20 04 04 11099.30000 4.78400000 333.30000 48.23000 10.88000 51.71400
27 10 20 04 05 11099.30000 4.78400000 333.30000 48.23000 10.88000 51.71400
27 10 20 04 05 11100.60000 4.78400000 333.30000 48.23000 10.88000 51.71400
27 10 20 04 05 11102.50000 4.78400000 333.30000 48.19000 10.88000 51.71400
27 10 20 04 06 11101.90000 4.78400000 333.30000 48.19000 10.88000 51.71400
27 10 20 04 06 11101.90000 4.78400000 333.30000 48.19000 10.88000 51.71400
27 10 20 04 07 11103.30000 4.78400000 333.30000 48.19000 10.88000 51.71400
27 10 20 04 07 11103.30000 4.78400000 333.30000 48.19000 10.88000 51.71400
27 10 20 04 08 11104.10000 4.78400000 333.71000 48.19000 10.88000 51.71400
27 10 20 04 08 11104.10000 4.78400000 333.71000 48.19000 10.88000 51.71400
27 10 20 04 08 11104.10000 4.78400000 333.42000 48.19000 10.88000 51.71400
27 10 20 04 09 11100.80000 4.78400000 333.42000 48.19000 10.88000 51.71400
27 10 20 04 09 11100.80000 4.78400000 333.42000 48.19000 10.88000 51.71400
27 10 20 04 10 11094.00000 4.78400000 333.42000 48.19000 10.88000 51.71400
27 10 20 04 10 11094.00000 4.78400000 333.56000 48.19000 10.88000 51.71400
27 10 20 04 11 11094.00000 4.78400000 333.56000 48.19000 10.88000 51.71400
27 10 20 04 11 11094.00000 4.78400000 333.56000 48.19000 10.88000 51.71400
27 10 20 04 11 11099.40000 4.78400000 333.56000 48.19000 10.88000 51.71400
27 10 20 04 12 11100.80000 4.78400000 333.58000 48.19000 10.88000 51.71400
27 10 20 04 12 11100.80000 4.78400000 333.58000 48.19000 10.88000 51.71400
27 10 20 04 13 11100.80000 4.78400000 333.58000 48.19000 10.88000 51.71400
27 10 20 04 13 11100.80000 4.78400000 333.58000 48.19000 10.88000 51.71400
27 10 20 04 14 11100.80000 4.78400000 333.58000 48.19000 10.88000 51.71400
27 10 20 04 14 11102.30000 4.78400000 333.52000 48.19000 10.88000 51.71400
27 10 20 04 14 11102.30000 4.78400000 333.52000 48.19000 10.88000 51.71400
27 10 20 04 15 11103.60000 4.78400000 333.52000 48.19000 10.88000 51.71400
27 10 20 04 15 11103.60000 4.79900000 333.52000 48.19000 10.88000 51.71400
27 10 20 04 16 11103.70000 4.79900000 333.52000 48.19000 10.88000 51.71400
27 10 20 04 16 11103.60000 4.79900000 333.29000 48.19000 10.88000 51.71400
27 10 20 04 17 11103.60000 4.79900000 333.20000 48.19000 10.88000 51.71400
27 10 20 04 17 11103.70000 4.79900000 333.20000 48.19000 10.88000 51.71400
27 10 20 04 17 11103.60000 4.79900000 333.20000 48.19000 10.88000 51.71400
27 10 20 04 18 11103.60000 4.79900000 333.20000 48.19000 10.88000 51.71400
27 10 20 04 18 11103.60000 4.79900000 333.20000 48.19000 10.90800 51.71400
27 10 20 04 19 11103.60000 4.79900000 333.20000 48.19000 10.90800 51.71400
27 10 20 04 19 11103.60000 4.79900000 333.20000 48.19000 10.90800 51.71400
27 10 20 04 20 11104.10000 4.79900000 333.20000 48.14000 10.90800 51.71400
27 10 20 04 20 11108.70000 4.79900000 333.20000 48.14000 10.90800 51.71400
27 10 20 04 20 11108.60000 4.79900000 333.20000 48.14000 10.90800 51.71400
27 10 20 04 21 11108.90000 4.79900000 333.20000 48.15000 10.90800 51.71400
27 10 20 04 21 11108.90000 4.79900000 333.30000 48.15000 10.90800 51.71400
27 10 20 04 22 11104.30000 4.79900000 333.30000 48.15000 10.90800 51.71400
27 10 20 04 22 11103.90000 4.79900000 333.30000 48.15000 10.90800 51.71400
27 10 20 04 22 11103.90000 4.79900000 333.30000 48.15000 10.90800 51.71400
27 10 20 04 23 11103.70000 4.79900000 333.30000 48.15000 10.90800 51.71400
27 10 20 04 23 11103.60000 4.79900000 333.30000 48.15000 10.90800 51.71400
27 10 20 04 24 11103.70000 4.79900000 333.30000 48.15000 10.90800 51.71400
27 10 20 04 24 11103.70000 4.79900000 333.44000 48.15000 10.90800 51.71400
27 10 20 04 25 11103.70000 4.79900000 333.44000 48.15000 10.90800 51.71400
27 10 20 04 25 11103.60000 4.79900000 332.99000 48.07000 10.90800 51.71400
27 10 20 04 25 11091.50000 4.79900000 332.99000 48.07000 10.90800 51.71400
27 10 20 04 26 11090.70000 4.79900000 332.95000 48.07000 10.90800 51.71400
27 10 20 04 26 11090.70000 4.79900000 332.96000 48.07000 10.90800 51.71400
27 10 20 04 27 11090.20000 4.79900000 332.96000 48.07000 10.90800 51.71400
27 10 20 04 27 11090.20000 4.79900000 332.96000 48.07000 10.90800 51.71400
27 10 20 04 28 11094.00000 4.79900000 332.96000 48.07000 10.90800 51.71400
27 10 20 04 28 11094.40000 4.79900000 332.96000 47.99000 10.90800 51.71400
27 10 20 04 28 11095.50000 4.79900000 332.96000 47.99000 10.90800 51.71400
27 10 20 04 29 11095.50000 4.79900000 332.96000 47.99000 10.90800 51.71400
27 10 20 04 29 11095.50000 4.79900000 332.96000 47.99000 10.88000 51.71400
27 10 20 04 30 11094.90000 4.79900000 332.96000 47.99000 10.88000 51.71400
27 10 20 04 30 11094.90000 4.79900000 332.96000 47.99000 10.88000 51.71400
27 10 20 04 31 11094.90000 4.79900000 332.96000 47.99000 10.88000 51.71400
27 10 20 04 31 11094.90000 4.79900000 332.96000 47.99000 10.88000 51.71400
27 10 20 04 31 11095.90000 4.79900000 332.96000 47.99000 10.88000 51.71400
27 10 20 04 32 11095.90000 4.79900000 332.96000 47.99000 10.87800 51.71400
27 10 20 04 32 11097.50000 4.79900000 332.96000 47.99000 10.87800 51.82000
27 10 20 04 33 11098.00000 4.79900000 332.96000 47.99000 10.87800 51.82000
27 10 20 04 33 11098.90000 4.79900000 332.96000 47.99000 10.87800 51.82000
27 10 20 04 34 11097.80000 4.79900000 333.45000 47.99000 10.87800 51.82000
27 10 20 04 34 11099.10000 4.79900000 333.52000 47.99000 10.87800 51.82000
27 10 20 04 34 11101.00000 4.79900000 333.52000 48.10000 10.87800 51.82000
27 10 20 04 35 11100.70000 4.79900000 333.52000 48.10000 10.87800 51.82000
27 10 20 04 35 11099.00000 4.79900000 333.52000 48.10000 10.87800 51.82000
27 10 20 04 36 11097.10000 4.79900000 333.47000 48.10000 10.87800 51.82000
27 10 20 04 36 11097.80000 4.79900000 333.47000 48.10000 10.87800 51.82000
27 10 20 04 37 11100.00000 4.79900000 333.48000 48.10000 10.87800 51.82000
27 10 20 04 37 11099.80000 4.79900000 333.48000 48.10000 10.87800 51.82000
27 10 20 04 37 11100.60000 4.79900000 333.48000 48.05000 10.87800 51.82000
27 10 20 04 38 11100.50000 4.79900000 333.48000 48.05000 10.87800 51.82000
27 10 20 04 38 11099.70000 4.79900000 333.48000 48.05000 10.87800 51.82000
27 10 20 04 39 11100.30000 4.79900000 333.48000 48.11000 10.88300 51.82000
27 10 20 04 39 11098.80000 4.79900000 333.21000 48.11000 10.88300 51.82000
27 10 20 04 40 11095.50000 4.79900000 333.27000 48.11000 10.88300 51.82000
27 10 20 04 40 11098.60000 4.79900000 333.27000 48.11000 10.88300 51.82000
27 10 20 04 40 11099.60000 4.79900000 333.27000 48.11000 10.88300 51.82000
27 10 20 04 41 11100.90000 4.79900000 333.47000 48.11000 10.88300 51.82000
27 10 20 04 41 11101.40000 4.79900000 333.47000 48.11000 10.88300 51.82000
27 10 20 04 42 11102.40000 4.79900000 333.47000 48.11000 10.88300 51.82000
27 10 20 04 42 11103.70000 4.79900000 333.50000 48.11000 10.88300 51.82000
27 10 20 04 43 11104.40000 4.79900000 333.50000 48.14000 10.88300 51.82000
27 10 20 04 43 11104.20000 4.79900000 333.50000 48.14000 10.88300 51.82000
27 10 20 04 43 11103.50000 4.79900000 333.48000 48.14000 10.88300 51.82000
27 10 20 04 44 11104.50000 4.79900000 333.48000 48.14000 10.88300 51.82000
27 10 20 04 44 11104.80000 4.79900000 333.48000 48.14000 10.88300 51.82000
27 10 20 04 45 11104.40000 4.79900000 333.48000 48.14000 10.88300 51.82000
