M=[
22 4 20 02 58 6350.10000 4.84300000 158.77000 37.67000 8.93500 39.79300
22 4 20 02 58 6350.00000 4.84300000 158.89000 37.67000 8.93500 39.79300
22 4 20 02 58 6350.00000 4.84300000 158.77000 37.67000 8.93500 39.79300
22 4 20 02 59 6343.30000 4.84300000 158.77000 37.67000 8.93500 39.79300
22 4 20 02 59 6343.30000 4.84300000 158.77000 37.67000 8.93500 39.79300
22 4 20 03 00 6343.00000 4.84300000 158.77000 37.67000 8.93500 39.79300
22 4 20 03 00 6342.90000 4.84300000 158.77000 37.67000 8.93500 39.75500
22 4 20 03 00 6342.70000 4.84300000 158.77000 37.67000 8.93500 39.75500
22 4 20 03 01 6342.70000 4.84300000 158.77000 37.67000 8.93500 39.75500
22 4 20 03 01 6342.70000 4.84300000 158.77000 37.67000 8.92800 39.75500
22 4 20 03 02 6343.00000 4.84300000 158.65000 37.65000 8.93500 39.75500
22 4 20 03 02 6343.00000 4.84300000 158.65000 37.65000 8.93500 39.75500
22 4 20 03 03 6343.00000 4.84300000 158.65000 37.65000 8.93500 39.75500
22 4 20 03 03 6342.80000 4.84300000 158.65000 37.65000 8.93500 39.75500
22 4 20 03 03 6342.90000 4.84300000 158.73000 37.65000 8.93500 39.75500
22 4 20 03 04 6342.90000 4.84300000 158.65000 37.67000 8.93500 39.75500
22 4 20 03 04 6343.00000 4.84300000 158.65000 37.65000 8.93500 39.75500
22 4 20 03 05 6343.00000 4.84300000 158.78000 37.65000 8.93500 39.75500
22 4 20 03 05 6343.00000 4.84300000 158.78000 37.65000 8.93500 39.75500
22 4 20 03 06 6343.00000 4.84300000 158.78000 37.65000 8.93500 39.75500
22 4 20 03 06 6342.90000 4.84300000 158.78000 37.65000 8.93500 39.75500
22 4 20 03 06 6343.00000 4.84300000 158.78000 37.65000 8.93500 39.75500
22 4 20 03 07 6342.90000 4.84300000 158.73000 37.65000 8.93500 39.75500
22 4 20 03 07 6346.00000 4.84300000 158.78000 37.65000 8.93500 39.75500
22 4 20 03 08 6345.70000 4.84300000 158.78000 37.65000 8.93500 39.75500
22 4 20 03 08 6345.70000 4.85300000 158.78000 37.65000 8.93500 39.75500
22 4 20 03 08 6345.70000 4.84300000 158.78000 37.65000 8.93500 39.75500
22 4 20 03 09 6345.80000 4.84300000 158.78000 37.65000 8.93500 39.75500
22 4 20 03 09 6346.10000 4.84300000 158.78000 37.65000 8.93500 39.75500
22 4 20 03 10 6346.50000 4.84300000 158.78000 37.65000 8.93500 39.75500
22 4 20 03 10 6346.80000 4.85300000 158.78000 37.65000 8.93500 39.75500
22 4 20 03 11 6347.80000 4.84300000 158.78000 37.65000 8.93500 39.75500
22 4 20 03 11 6347.80000 4.84300000 158.89000 37.65000 8.93500 39.75500
22 4 20 03 11 6346.50000 4.84300000 158.89000 37.65000 8.93500 39.79300
22 4 20 03 12 6347.80000 4.84300000 158.89000 37.65000 8.93500 39.75500
22 4 20 03 12 6347.80000 4.84300000 158.73000 37.65000 8.93500 39.75500
22 4 20 03 13 6346.40000 4.84300000 158.89000 37.65000 8.93500 39.75500
22 4 20 03 13 6346.40000 4.84300000 158.89000 37.67000 8.93500 39.75500
22 4 20 03 14 6345.70000 4.84300000 158.89000 37.65000 8.93500 39.75500
22 4 20 03 14 6345.60000 4.82300000 158.89000 37.65000 8.93500 39.75500
22 4 20 03 14 6345.60000 4.82300000 158.65000 37.65000 8.92800 39.75500
22 4 20 03 15 6343.00000 4.82300000 158.65000 37.65000 8.93500 39.75500
22 4 20 03 15 6343.00000 4.82300000 158.65000 37.67000 8.93500 39.75500
22 4 20 03 16 6343.00000 4.82300000 158.65000 37.65000 8.93500 39.75500
22 4 20 03 16 6343.00000 4.82300000 158.65000 37.65000 8.93500 39.75500
22 4 20 03 16 6343.00000 4.82300000 158.67000 37.67000 8.93500 39.75500
22 4 20 03 17 6342.80000 4.82300000 158.67000 37.67000 8.93500 39.75500
22 4 20 03 17 6342.80000 4.82300000 158.67000 37.65000 8.93500 39.75500
22 4 20 03 18 6340.70000 4.82300000 158.67000 37.65000 8.93500 39.75500
22 4 20 03 18 6340.70000 4.82300000 158.67000 37.65000 8.93500 39.75500
22 4 20 03 19 6340.70000 4.82300000 158.65000 37.65000 8.93500 39.75500
22 4 20 03 19 6342.90000 4.82300000 158.65000 37.65000 8.92800 39.75500
22 4 20 03 19 6342.80000 4.82300000 158.53000 37.65000 8.93500 39.56000
22 4 20 03 20 6342.80000 4.82300000 158.53000 37.65000 8.93500 39.56000
22 4 20 03 20 6340.10000 4.82300000 158.53000 37.65000 8.93500 39.56000
22 4 20 03 21 6340.10000 4.82300000 158.43000 37.65000 8.93500 39.56000
22 4 20 03 21 6340.10000 4.82300000 158.32000 37.65000 8.93500 39.56000
22 4 20 03 22 6340.10000 4.82300000 158.32000 37.65000 8.93500 39.56000
22 4 20 03 22 6340.10000 4.82300000 158.29000 37.65000 8.93500 39.56000
22 4 20 03 22 6340.10000 4.82300000 158.29000 37.65000 8.93500 39.56000
22 4 20 03 23 6340.00000 4.82300000 158.32000 37.65000 8.93500 39.56000
22 4 20 03 23 6340.10000 4.82300000 158.32000 37.65000 8.93500 39.56000
22 4 20 03 24 6340.10000 4.82300000 158.32000 37.65000 8.93500 39.56000
22 4 20 03 24 6340.10000 4.82300000 158.32000 37.65000 8.93500 39.56000
22 4 20 03 24 6340.10000 4.82300000 158.32000 37.65000 8.93500 39.56000
22 4 20 03 25 6340.10000 4.82300000 158.32000 37.65000 8.93500 39.56000
22 4 20 03 25 6340.10000 4.82300000 158.32000 37.65000 8.93500 39.75500
22 4 20 03 26 6339.60000 4.82300000 158.32000 37.65000 8.93500 39.56000
22 4 20 03 26 6339.60000 4.82300000 158.32000 37.65000 8.93500 39.56000
22 4 20 03 27 6339.60000 4.82300000 158.29000 37.65000 8.93500 39.56000
22 4 20 03 27 6336.80000 4.82300000 158.32000 37.65000 8.93500 39.56000
22 4 20 03 27 6336.00000 4.82300000 158.32000 37.65000 8.93500 39.75500
22 4 20 03 28 6335.70000 4.82300000 158.33000 37.65000 8.93500 39.56000
22 4 20 03 28 6335.70000 4.82300000 158.33000 37.65000 8.92800 39.56000
22 4 20 03 29 6335.70000 4.82300000 158.33000 37.65000 8.93500 39.56000
22 4 20 03 29 6330.30000 4.82300000 158.33000 37.67000 8.93500 39.56000
22 4 20 03 30 6333.10000 4.82300000 158.33000 37.65000 8.93500 39.56000
22 4 20 03 30 6333.00000 4.82300000 158.33000 37.65000 8.93500 39.56000
22 4 20 03 30 6333.00000 4.82300000 158.33000 37.65000 8.93500 39.56000
22 4 20 03 31 6333.00000 4.82300000 158.33000 37.65000 8.93500 39.56000
22 4 20 03 31 6333.00000 4.82300000 158.38000 37.65000 8.93500 39.56000
22 4 20 03 32 6333.00000 4.82300000 158.38000 37.65000 8.93500 39.79300
22 4 20 03 32 6333.00000 4.82300000 158.38000 37.65000 8.93500 39.56000
22 4 20 03 32 6333.00000 4.82300000 158.38000 37.65000 8.93500 39.56000
22 4 20 03 33 6335.00000 4.85300000 158.38000 37.65000 8.93500 39.56000
22 4 20 03 33 6336.60000 4.82300000 158.38000 37.65000 8.93500 39.56000
22 4 20 03 34 6337.00000 4.82300000 158.38000 37.65000 8.93500 39.75500
22 4 20 03 34 6337.00000 4.82300000 158.38000 37.65000 8.93500 39.56000
22 4 20 03 35 6337.20000 4.82300000 158.38000 37.65000 8.93500 39.35700
22 4 20 03 35 6336.00000 4.82300000 158.38000 37.65000 8.93500 39.35700
22 4 20 03 35 6336.00000 4.82300000 158.38000 37.65000 8.93500 39.56000
22 4 20 03 36 6333.80000 4.85300000 158.26000 37.65000 8.93500 39.35700
22 4 20 03 36 6334.10000 4.82300000 158.26000 37.65000 8.93500 39.35700
22 4 20 03 37 6329.30000 4.82300000 158.25000 37.65000 8.93500 39.35700
22 4 20 03 37 6331.60000 4.82300000 158.25000 37.65000 8.93500 39.35700
22 4 20 03 38 6333.80000 4.82300000 158.25000 37.65000 8.92800 39.35700
22 4 20 03 38 6334.10000 4.82300000 158.19000 37.65000 8.93500 39.35700
22 4 20 03 38 6333.50000 4.82300000 158.19000 37.65000 8.93500 39.35700
22 4 20 03 39 6331.40000 4.82300000 158.19000 37.65000 8.93500 39.35700
22 4 20 03 39 6329.30000 4.82300000 158.19000 37.65000 8.93500 39.35700
22 4 20 03 40 6329.30000 4.82300000 158.28000 37.65000 8.93500 39.35700
22 4 20 03 40 6331.40000 4.82300000 158.28000 37.65000 8.93500 39.35700
22 4 20 03 40 6329.30000 4.82300000 158.28000 37.65000 8.93500 39.35700
22 4 20 03 41 6332.10000 4.82300000 158.28000 37.65000 8.93500 39.35700
22 4 20 03 41 6332.10000 4.82300000 158.28000 37.67000 8.93500 39.35700
22 4 20 03 42 6330.80000 4.82300000 158.21000 37.65000 8.93500 39.35700
22 4 20 03 42 6330.80000 4.82300000 158.21000 37.65000 8.93500 39.35700
22 4 20 03 43 6330.80000 4.85300000 158.21000 37.65000 8.93500 39.35700
22 4 20 03 43 6332.90000 4.82300000 158.21000 37.65000 8.93500 39.35700
22 4 20 03 43 6332.90000 4.82300000 158.21000 37.65000 8.93500 39.56000
22 4 20 03 44 6332.90000 4.82300000 158.29000 37.67000 8.93500 39.56000
