M=[
20 3 21 00 27 49079.80000 10.29400000 1526.81000 169.03000 27.23800 127.45700
20 3 21 00 27 49088.50000 10.29400000 1526.81000 169.03000 27.23800 127.45700
20 3 21 00 27 49084.00000 10.29400000 1526.81000 169.03000 27.23800 127.90000
20 3 21 00 28 49087.70000 10.29400000 1526.87000 169.03000 27.23800 127.90000
20 3 21 00 28 49086.60000 10.29400000 1526.87000 169.03000 27.23800 127.90000
20 3 21 00 29 49086.50000 10.29400000 1526.87000 169.03000 27.23800 127.90000
20 3 21 00 29 49086.50000 10.29400000 1526.87000 169.03000 27.23800 127.90000
20 3 21 00 30 49059.90000 10.29400000 1526.87000 169.03000 27.23800 127.90000
20 3 21 00 30 49103.80000 10.29400000 1525.65000 169.03000 27.23800 127.90000
20 3 21 00 30 49114.00000 10.29400000 1526.86000 169.03000 27.23800 127.90000
20 3 21 00 31 49120.30000 10.29400000 1527.14000 169.03000 27.23800 127.90000
20 3 21 00 31 49120.30000 10.29400000 1526.75000 169.03000 27.23800 127.90000
20 3 21 00 32 49120.40000 10.29400000 1526.38000 168.90000 27.23800 127.90000
20 3 21 00 32 49120.40000 10.29400000 1526.38000 168.90000 27.23800 127.90000
20 3 21 00 33 49122.20000 10.29400000 1526.38000 168.90000 27.23800 127.90000
20 3 21 00 33 49126.50000 10.29400000 1526.38000 168.90000 27.23800 127.90000
20 3 21 00 33 49126.50000 10.29400000 1526.38000 168.90000 27.23800 127.90000
20 3 21 00 34 49123.30000 10.29400000 1525.39000 168.86000 27.23800 126.85000
20 3 21 00 34 49127.30000 10.29400000 1526.53000 168.86000 27.23800 126.85000
20 3 21 00 35 49120.30000 10.29400000 1525.55000 168.86000 27.23800 126.85000
20 3 21 00 35 49120.40000 10.29400000 1525.83000 168.69000 27.23800 126.85000
20 3 21 00 36 49120.40000 10.29400000 1525.40000 168.69000 27.23800 126.85000
20 3 21 00 36 49132.10000 10.29400000 1525.37000 168.70000 27.23800 126.85000
20 3 21 00 36 49133.40000 10.29400000 1526.03000 168.70000 27.23800 126.85000
20 3 21 00 37 49137.80000 10.29400000 1526.37000 168.70000 27.23800 126.85000
20 3 21 00 37 49142.50000 10.29400000 1525.96000 168.61000 27.23800 126.85000
20 3 21 00 38 49140.60000 10.36700000 1525.96000 168.61000 27.23800 126.85000
20 3 21 00 38 49142.50000 10.36700000 1525.96000 168.61000 27.23800 126.85000
20 3 21 00 39 49156.30000 10.36700000 1526.16000 168.61000 27.23800 126.85000
20 3 21 00 39 49160.00000 10.36700000 1525.82000 168.61000 27.23800 126.85000
20 3 21 00 39 49160.00000 10.36700000 1526.07000 168.71000 27.23800 126.85000
20 3 21 00 40 49194.50000 10.36700000 1526.37000 168.76000 27.23800 126.85000
20 3 21 00 40 49187.60000 10.36700000 1526.31000 168.76000 27.23800 126.85000
20 3 21 00 41 49194.40000 10.36700000 1526.31000 168.76000 27.23800 126.85000
20 3 21 00 41 49190.00000 10.36700000 1526.09000 168.76000 27.23800 126.85000
20 3 21 00 42 49190.30000 10.36700000 1525.89000 168.76000 27.23800 126.91300
20 3 21 00 42 49190.30000 10.36700000 1525.35000 168.76000 27.23800 126.91300
20 3 21 00 42 49188.70000 10.36700000 1525.35000 168.76000 27.23800 126.91300
20 3 21 00 43 49185.90000 10.36700000 1525.36000 168.76000 27.23800 126.91300
20 3 21 00 43 49181.50000 10.36700000 1525.36000 168.98000 27.25000 126.91300
20 3 21 00 44 49192.70000 10.36700000 1526.10000 168.98000 27.25000 126.91300
20 3 21 00 44 49192.70000 10.36700000 1526.10000 168.98000 27.25000 127.35000
20 3 21 00 45 49158.90000 10.36700000 1525.35000 168.98000 27.35400 127.35000
20 3 21 00 45 49120.90000 10.36700000 1523.52000 168.98000 27.35400 127.35000
20 3 21 00 45 49120.90000 10.36700000 1523.52000 169.02000 27.35400 127.35000
20 3 21 00 46 49150.30000 10.36700000 1523.52000 169.02000 27.35400 127.35000
20 3 21 00 46 49161.40000 10.36700000 1524.77000 169.02000 27.37100 127.35000
20 3 21 00 47 49200.00000 10.36700000 1526.37000 169.11000 27.37100 127.33800
20 3 21 00 47 49273.00000 10.36700000 1527.99000 169.29000 27.37100 127.33800
20 3 21 00 48 49285.40000 10.36700000 1527.99000 169.29000 27.43500 127.50700
20 3 21 00 48 49244.00000 10.36700000 1525.47000 169.29000 27.43500 127.90700
20 3 21 00 48 49243.90000 10.36700000 1525.57000 169.18000 27.43500 128.11900
20 3 21 00 49 49249.10000 10.36700000 1525.00000 169.31000 27.43500 128.06600
20 3 21 00 49 49247.90000 10.38100000 1525.00000 169.31000 27.43700 128.20800
20 3 21 00 50 49255.20000 10.38100000 1525.20000 169.31000 27.43700 128.20800
20 3 21 00 50 49280.00000 10.38100000 1525.20000 169.31000 27.43700 128.20800
20 3 21 00 51 49322.90000 10.38100000 1525.98000 169.31000 27.52700 128.31300
20 3 21 00 51 49331.80000 10.38100000 1525.98000 169.31000 27.52700 128.31300
20 3 21 00 51 49331.80000 10.38100000 1525.98000 169.31000 27.52700 128.31300
20 3 21 00 52 49331.80000 10.38100000 1527.92000 169.57000 27.52700 128.31300
20 3 21 00 52 49331.90000 10.38100000 1527.87000 169.57000 27.93800 128.15300
20 3 21 00 53 49331.80000 10.38100000 1527.87000 169.43000 27.91100 128.37000
20 3 21 00 53 49309.50000 10.38100000 1527.59000 169.43000 27.91100 128.37000
20 3 21 00 54 49314.70000 10.38100000 1527.59000 169.43000 27.91100 128.37000
20 3 21 00 54 49314.10000 10.36800000 1526.93000 169.43000 27.91100 128.10300
20 3 21 00 54 49301.00000 10.36800000 1526.93000 169.43000 27.91100 128.10300
20 3 21 00 55 49253.00000 10.36800000 1525.88000 169.43000 27.91100 128.10300
20 3 21 00 55 49286.40000 10.36800000 1525.88000 169.43000 27.91100 128.64900
20 3 21 00 56 49267.30000 10.36800000 1525.65000 169.40000 27.91100 128.64900
20 3 21 00 56 49267.30000 10.36800000 1525.54000 169.40000 27.91100 128.64900
20 3 21 00 57 49250.00000 10.35900000 1525.54000 169.40000 27.91100 128.64900
20 3 21 00 57 49250.00000 10.35900000 1525.55000 169.40000 27.91100 128.56000
20 3 21 00 57 49255.00000 10.36000000 1526.88000 169.40000 27.91100 128.56000
20 3 21 00 58 49265.60000 10.36000000 1527.10000 169.40000 27.91100 128.56000
20 3 21 00 58 49265.60000 10.36000000 1527.08000 169.52000 27.91100 128.73600
20 3 21 00 59 49258.60000 10.36000000 1526.98000 169.52000 27.91100 128.73600
20 3 21 00 59 49258.60000 10.36000000 1526.98000 169.53000 27.91100 128.81900
20 3 21 01 00 49302.70000 10.36000000 1527.31000 169.61000 27.91100 128.44600
20 3 21 01 00 49278.30000 10.36000000 1526.19000 169.61000 27.91100 128.44600
20 3 21 01 00 49254.70000 10.36000000 1525.70000 169.61000 27.91100 128.44600
20 3 21 01 01 49269.90000 10.36000000 1525.87000 169.61000 27.91100 128.34000
20 3 21 01 01 49271.80000 10.36000000 1525.87000 169.61000 27.91100 128.34000
20 3 21 01 02 49249.40000 10.36000000 1525.51000 169.58000 27.91100 128.21300
20 3 21 01 02 49257.80000 10.37600000 1525.70000 169.56000 27.56200 128.19400
20 3 21 01 03 49244.80000 10.37500000 1525.32000 169.56000 27.56200 128.19400
20 3 21 01 03 49248.90000 10.37500000 1526.07000 169.50000 27.67700 128.19400
20 3 21 01 03 49250.30000 10.37500000 1526.07000 169.50000 27.67700 128.29100
20 3 21 01 04 49250.30000 10.37500000 1527.23000 169.50000 27.67700 128.29100
20 3 21 01 04 49250.30000 10.37500000 1527.18000 169.50000 27.91100 128.29100
20 3 21 01 05 49280.40000 10.37500000 1527.23000 169.50000 27.91100 128.36500
20 3 21 01 05 49281.50000 10.37500000 1527.23000 169.50000 27.91100 128.36500
20 3 21 01 06 49281.50000 10.37500000 1528.02000 169.62000 27.91100 128.36500
20 3 21 01 06 49281.50000 10.37500000 1528.02000 169.62000 27.91100 128.36500
20 3 21 01 06 49281.50000 10.37500000 1528.01000 169.62000 27.91100 128.36500
20 3 21 01 07 49330.60000 10.37500000 1529.99000 169.62000 27.91100 128.36500
20 3 21 01 07 49331.80000 10.37500000 1529.99000 169.78000 27.91100 128.36500
20 3 21 01 08 49331.80000 10.37500000 1530.00000 169.78000 27.91100 128.36500
20 3 21 01 08 49331.90000 10.37500000 1530.57000 169.77000 27.91100 128.36500
20 3 21 01 09 49331.90000 10.37500000 1530.40000 169.77000 27.91100 128.36500
20 3 21 01 09 49294.10000 10.37500000 1530.40000 169.77000 27.91100 128.36500
20 3 21 01 09 49309.10000 10.37500000 1530.40000 169.77000 27.91100 128.71200
20 3 21 01 10 49316.50000 10.37500000 1530.73000 169.78000 27.91100 128.71200
