M=[
18 7 21 07 28 27001.40000 35.94800000 1657.62000 103.04000 17.42000 81.07000
18 7 21 07 29 27001.40000 35.88700000 1657.56000 103.04000 17.41900 81.07000
18 7 21 07 29 27000.10000 35.88700000 1656.18000 103.04000 17.41900 81.07000
18 7 21 07 29 27003.80000 35.88700000 1657.73000 103.04000 17.41900 81.07000
18 7 21 07 30 27005.50000 35.88700000 1657.32000 103.04000 17.41900 81.07000
18 7 21 07 30 27010.00000 35.88700000 1659.74000 103.04000 17.41900 81.07000
18 7 21 07 31 27020.70000 35.88700000 1660.27000 103.04000 17.41900 81.07000
18 7 21 07 31 27015.90000 35.88700000 1659.37000 103.04000 17.41900 81.07000
18 7 21 07 32 27022.60000 35.88700000 1659.37000 103.04000 17.41900 81.07000
18 7 21 07 32 27015.90000 35.88700000 1659.37000 103.04000 17.41900 81.07000
18 7 21 07 32 27015.90000 35.88700000 1659.37000 103.04000 17.41900 81.07000
18 7 21 07 33 27012.60000 35.88700000 1659.20000 103.04000 17.41900 81.07000
18 7 21 07 33 27009.00000 35.88700000 1659.62000 103.04000 17.41900 81.07000
18 7 21 07 34 27006.80000 35.88700000 1658.86000 103.04000 17.41900 81.07000
18 7 21 07 34 27000.10000 35.88700000 1657.21000 103.04000 17.41900 81.07000
18 7 21 07 35 27000.00000 35.88700000 1658.54000 103.04000 17.41900 81.07000
18 7 21 07 35 27000.10000 35.88700000 1658.71000 103.04000 17.41900 81.07000
18 7 21 07 35 27000.10000 36.05900000 1658.71000 103.04000 17.41900 81.07000
18 7 21 07 36 27000.10000 36.05900000 1658.71000 102.87000 17.41900 81.07000
18 7 21 07 36 27000.00000 36.05900000 1658.39000 102.87000 17.41900 81.07000
18 7 21 07 37 27000.10000 36.05900000 1658.06000 102.87000 17.41900 81.07000
18 7 21 07 37 27000.00000 36.05900000 1656.26000 102.83000 17.41900 81.07000
18 7 21 07 38 26986.10000 36.05900000 1656.40000 102.83000 17.41900 81.46400
18 7 21 07 38 26986.10000 36.05900000 1656.32000 102.83000 17.41900 81.46400
18 7 21 07 38 26986.10000 36.05900000 1656.21000 102.83000 17.41900 81.46400
18 7 21 07 39 26986.10000 36.05900000 1656.13000 102.83000 17.41900 81.46400
18 7 21 07 39 26986.00000 36.05900000 1655.77000 102.83000 17.41900 81.46400
18 7 21 07 40 26986.10000 36.05900000 1655.77000 102.83000 17.41900 81.46400
18 7 21 07 40 26986.10000 36.07800000 1655.77000 102.83000 17.41900 81.46400
18 7 21 07 41 26986.10000 36.07800000 1655.77000 102.83000 17.41900 81.46400
18 7 21 07 41 26986.00000 36.07800000 1656.77000 102.83000 17.41900 81.46400
18 7 21 07 41 26986.00000 36.12100000 1656.77000 102.83000 17.41900 81.46400
18 7 21 07 42 26975.20000 36.11200000 1656.63000 102.83000 17.41900 81.46400
18 7 21 07 42 26968.20000 36.11200000 1656.21000 102.83000 17.41900 81.46400
18 7 21 07 43 26968.20000 36.11200000 1656.21000 102.85000 17.41900 81.46400
18 7 21 07 43 26968.20000 36.07900000 1656.21000 102.85000 17.41900 81.46400
18 7 21 07 44 26968.30000 36.07900000 1656.37000 102.85000 17.41900 81.46400
18 7 21 07 44 26968.30000 36.07900000 1656.37000 102.89000 17.41900 81.46400
18 7 21 07 44 26968.30000 36.07900000 1656.37000 102.89000 17.41900 81.46400
18 7 21 07 45 26968.30000 36.11200000 1656.37000 102.89000 17.41900 81.46400
18 7 21 07 45 26959.40000 36.11200000 1656.37000 102.89000 17.41900 81.46400
18 7 21 07 46 26960.20000 36.11200000 1656.37000 102.77000 17.41900 81.46400
18 7 21 07 46 26960.20000 36.11200000 1656.37000 102.77000 17.41900 81.46400
18 7 21 07 47 26960.20000 36.11200000 1656.20000 102.77000 17.41900 81.46400
18 7 21 07 47 26960.20000 36.11200000 1656.20000 102.77000 17.41900 81.46400
18 7 21 07 47 26960.20000 36.11200000 1657.84000 102.77000 17.41900 81.46400
18 7 21 07 48 26961.70000 36.11200000 1659.83000 102.77000 17.41900 81.46400
18 7 21 07 48 26956.40000 36.11200000 1659.84000 102.77000 17.41900 81.56800
18 7 21 07 49 26954.20000 36.11200000 1661.10000 102.88000 17.41900 81.56800
18 7 21 07 49 26954.20000 36.11200000 1666.12000 102.90000 17.41900 81.56800
18 7 21 07 50 26921.80000 36.11200000 1663.00000 102.90000 17.41900 81.56800
18 7 21 07 50 26901.50000 36.11200000 1660.18000 102.90000 17.41900 81.56800
18 7 21 07 50 26901.50000 36.11200000 1660.18000 102.90000 17.41900 81.56800
18 7 21 07 51 26901.60000 36.11200000 1661.44000 102.90000 17.41900 81.56800
18 7 21 07 51 26907.70000 36.11200000 1661.44000 102.90000 17.41900 81.56800
18 7 21 07 52 26915.30000 36.11200000 1661.44000 102.90000 17.41900 81.56800
18 7 21 07 52 26915.30000 36.11200000 1659.54000 102.90000 17.41900 81.56800
18 7 21 07 53 26915.90000 36.11200000 1660.36000 102.88000 17.41900 81.56800
18 7 21 07 53 26919.60000 36.11200000 1660.47000 102.89000 17.41900 81.56800
18 7 21 07 53 26929.50000 36.11200000 1661.42000 102.89000 17.41900 81.56800
18 7 21 07 54 26936.90000 36.11200000 1661.93000 102.86000 17.41900 81.56800
18 7 21 07 54 26889.50000 36.11200000 1659.35000 102.86000 17.41900 81.56800
18 7 21 07 55 26856.50000 36.11200000 1657.90000 102.86000 17.41900 81.56800
18 7 21 07 55 26889.60000 36.11200000 1658.77000 102.86000 17.41900 81.56800
18 7 21 07 56 26881.20000 36.11200000 1658.77000 102.86000 17.41900 81.56800
18 7 21 07 56 26850.00000 36.11200000 1656.42000 102.65000 17.41900 81.43500
18 7 21 07 57 26855.80000 36.11200000 1656.65000 102.65000 17.41900 81.43500
18 7 21 07 57 26863.60000 36.11200000 1656.61000 102.68000 17.41900 81.43500
18 7 21 07 57 26863.50000 36.11200000 1656.90000 102.68000 17.41900 81.43500
18 7 21 07 58 26862.30000 35.96500000 1657.09000 102.66000 17.41900 81.43500
18 7 21 07 58 26862.30000 35.96500000 1657.09000 102.66000 17.41900 81.43500
18 7 21 07 59 26858.30000 35.96500000 1659.09000 102.64000 17.41900 81.43500
18 7 21 07 59 26858.30000 35.96500000 1658.32000 102.64000 17.41900 81.43500
18 7 21 08 00 26854.00000 35.96500000 1659.59000 102.64000 17.41900 81.43500
18 7 21 08 00 26838.40000 35.96500000 1659.59000 102.64000 17.41900 81.37100
18 7 21 08 00 26841.00000 35.96500000 1659.05000 102.64000 17.41900 81.37100
18 7 21 08 01 26846.60000 35.96500000 1659.17000 102.64000 17.41900 81.37100
18 7 21 08 01 26846.50000 35.96500000 1659.00000 102.64000 17.41900 81.37100
18 7 21 08 02 26826.80000 35.96500000 1659.00000 102.64000 17.41900 81.37100
18 7 21 08 02 26825.30000 35.96500000 1660.26000 102.64000 17.41900 81.37100
18 7 21 08 03 26831.50000 35.96500000 1660.75000 102.64000 17.41900 81.37100
18 7 21 08 03 26829.50000 35.96500000 1662.13000 102.64000 17.41900 81.37100
18 7 21 08 03 26849.90000 35.96500000 1662.13000 102.76000 17.41900 81.37100
18 7 21 08 04 26849.90000 35.96500000 1664.41000 102.76000 17.41900 81.37100
18 7 21 08 04 26875.90000 36.00000000 1664.99000 102.76000 17.41900 81.37100
18 7 21 08 05 26869.80000 36.00000000 1664.99000 102.76000 17.41900 81.37100
18 7 21 08 05 26867.70000 36.00000000 1665.00000 102.83000 17.41900 81.37100
18 7 21 08 06 26868.60000 36.00000000 1665.00000 102.83000 17.41900 81.37100
18 7 21 08 06 26868.60000 36.00000000 1665.00000 102.83000 17.41900 81.37100
18 7 21 08 06 26868.60000 36.00000000 1665.00000 102.87000 17.41900 81.37100
18 7 21 08 07 26855.30000 36.00000000 1663.98000 102.87000 17.41900 81.37100
18 7 21 08 07 26850.00000 36.00000000 1662.00000 102.87000 17.41900 81.37100
18 7 21 08 08 26850.70000 36.00000000 1663.10000 102.87000 17.41900 81.37100
18 7 21 08 08 26851.70000 36.00000000 1663.58000 102.87000 17.41900 81.37100
18 7 21 08 09 26855.10000 36.00000000 1665.38000 102.87000 17.41900 81.37100
18 7 21 08 09 26856.80000 36.00000000 1665.38000 102.84000 17.41900 81.37100
18 7 21 08 09 26856.80000 36.01600000 1664.42000 102.84000 17.41900 81.37100
18 7 21 08 10 26855.10000 36.01600000 1664.42000 102.78000 17.41900 81.37100
18 7 21 08 10 26855.10000 36.01600000 1664.42000 102.74000 17.41900 81.37100
18 7 21 08 11 26864.20000 36.01600000 1665.95000 102.72000 17.41900 81.37100
18 7 21 08 11 26862.60000 36.01600000 1665.95000 102.72000 17.41900 81.37100
18 7 21 08 12 26857.40000 36.01600000 1665.95000 102.72000 17.41900 81.37100
18 7 21 08 12 26855.80000 36.01600000 1665.95000 102.72000 17.41900 81.46000
