M=[
12 12 20 13 07 15269.10000 4.93100000 461.37000 62.18000 14.18000 54.37400
12 12 20 13 07 15268.00000 4.93100000 461.37000 62.18000 14.18000 54.37400
12 12 20 13 08 15257.10000 4.93100000 461.19000 62.18000 14.18000 54.37400
12 12 20 13 08 15256.00000 4.93100000 461.19000 62.18000 14.18000 54.37400
12 12 20 13 09 15252.80000 4.93100000 460.67000 62.18000 14.18000 54.37400
12 12 20 13 09 15245.90000 4.93100000 460.57000 62.12000 14.18000 54.37400
12 12 20 13 09 15240.60000 4.93100000 460.41000 62.10000 14.18000 54.37400
12 12 20 13 10 15233.70000 4.93100000 460.11000 62.10000 14.18000 54.37400
12 12 20 13 10 15230.00000 4.93100000 459.71000 62.10000 14.18000 54.37400
12 12 20 13 11 15223.40000 4.93100000 459.71000 62.10000 14.18000 54.14000
12 12 20 13 11 15230.10000 4.93100000 459.72000 62.10000 14.18000 54.10400
12 12 20 13 12 15232.20000 4.93100000 459.90000 62.10000 14.18000 54.10400
12 12 20 13 12 15229.40000 4.90800000 460.10000 62.10000 14.18000 54.10500
12 12 20 13 12 15226.20000 4.90800000 459.98000 62.10000 14.18000 54.10500
12 12 20 13 13 15226.70000 4.90800000 459.84000 62.10000 14.18000 54.10500
12 12 20 13 13 15228.60000 4.90800000 459.71000 62.06000 14.18000 54.10500
12 12 20 13 14 15228.70000 4.90800000 459.76000 62.06000 14.18000 54.10500
12 12 20 13 14 15231.70000 4.90800000 459.93000 62.06000 14.18000 54.10500
12 12 20 13 15 15232.30000 4.90800000 459.96000 62.06000 14.18000 54.10500
12 12 20 13 15 15223.90000 4.90800000 459.96000 62.06000 14.18000 54.21400
12 12 20 13 15 15223.90000 4.90800000 459.73000 62.06000 14.18000 54.21400
12 12 20 13 16 15223.20000 4.90800000 459.57000 62.06000 14.18000 54.21400
12 12 20 13 16 15223.20000 4.90800000 459.57000 62.06000 14.18000 54.21400
12 12 20 13 17 15220.00000 4.90800000 459.52000 62.06000 14.18000 54.21400
12 12 20 13 17 15220.00000 4.90800000 459.65000 62.06000 14.18000 54.21400
12 12 20 13 17 15217.20000 4.90800000 459.65000 61.96000 14.18000 54.21400
12 12 20 13 18 15218.80000 4.90800000 459.65000 61.96000 14.18000 54.21400
12 12 20 13 18 15217.00000 4.90800000 459.56000 61.96000 14.18000 54.21400
12 12 20 13 19 15218.90000 4.90800000 459.56000 61.96000 14.27400 54.21400
12 12 20 13 19 15219.70000 4.90800000 459.56000 61.96000 14.27400 54.21400
12 12 20 13 20 15223.80000 4.90800000 459.76000 61.96000 14.27400 54.21400
12 12 20 13 20 15223.80000 4.90800000 460.08000 61.96000 14.27400 54.21400
12 12 20 13 20 15228.50000 4.90800000 460.09000 61.96000 14.27400 54.21400
12 12 20 13 21 15228.60000 4.90800000 460.10000 61.96000 14.27400 54.21400
12 12 20 13 21 15228.60000 4.90800000 459.99000 61.96000 14.27400 54.21400
12 12 20 13 22 15228.60000 4.90800000 460.10000 61.96000 14.27400 54.21400
12 12 20 13 22 15232.90000 4.90800000 460.04000 61.96000 14.27400 54.21400
12 12 20 13 23 15240.40000 4.90800000 460.04000 62.21000 14.27400 54.21400
12 12 20 13 23 15241.00000 4.90800000 460.04000 62.19000 14.27400 54.21400
12 12 20 13 23 15242.90000 4.90800000 460.04000 62.19000 14.19000 54.21400
12 12 20 13 24 15242.90000 4.90800000 460.10000 62.19000 14.19000 54.21400
12 12 20 13 24 15242.20000 4.90800000 460.10000 62.19000 14.19000 54.21400
12 12 20 13 25 15240.10000 4.90800000 460.10000 62.19000 14.19000 54.21400
12 12 20 13 25 15241.20000 4.90800000 460.10000 62.19000 14.19000 54.21400
12 12 20 13 26 15241.60000 4.90800000 460.28000 62.19000 14.19000 54.21400
12 12 20 13 26 15241.60000 4.90800000 460.32000 62.16000 14.19000 54.21400
12 12 20 13 26 15241.60000 4.90800000 460.49000 62.21000 14.19000 54.21400
12 12 20 13 27 15249.90000 4.90800000 460.49000 62.21000 14.19000 54.21400
12 12 20 13 27 15250.80000 4.90800000 460.65000 62.21000 14.19000 54.21400
12 12 20 13 28 15252.00000 4.90800000 460.65000 62.21000 14.19000 54.21400
12 12 20 13 28 15252.00000 4.90800000 460.46000 62.17000 14.19000 54.21400
12 12 20 13 29 15254.80000 4.90800000 460.46000 62.14000 14.19000 54.21400
12 12 20 13 29 15257.00000 4.90800000 460.62000 62.14000 14.19000 54.21400
12 12 20 13 29 15256.90000 4.90800000 460.62000 62.14000 14.19000 54.21400
12 12 20 13 30 15256.90000 4.90800000 460.62000 62.14000 14.19000 54.21400
12 12 20 13 30 15256.80000 4.90800000 460.62000 62.14000 14.19000 54.21400
12 12 20 13 31 15252.20000 4.90800000 460.46000 62.14000 14.19000 54.21400
12 12 20 13 31 15249.10000 4.90800000 460.35000 62.14000 14.19000 54.21400
12 12 20 13 32 15249.10000 4.90800000 460.35000 62.14000 14.19000 54.21400
12 12 20 13 32 15241.70000 4.90800000 460.34000 62.13000 14.19000 54.21400
12 12 20 13 32 15237.90000 4.90800000 460.34000 62.13000 14.19000 54.18900
12 12 20 13 33 15226.10000 4.90800000 459.94000 62.13000 14.19000 54.18900
12 12 20 13 33 15219.80000 4.90800000 459.82000 62.13000 14.19000 54.18900
12 12 20 13 34 15222.20000 4.90800000 459.82000 62.13000 14.19000 54.18900
12 12 20 13 34 15222.30000 4.90800000 459.82000 62.01000 14.16100 54.18900
12 12 20 13 35 15222.30000 4.90800000 459.84000 62.04000 14.16100 54.18900
12 12 20 13 35 15222.40000 4.90800000 459.84000 62.04000 14.16100 54.18900
12 12 20 13 35 15237.30000 4.90800000 459.98000 62.04000 14.16100 54.18900
12 12 20 13 36 15243.40000 4.90800000 460.00000 62.14000 14.16100 54.18900
12 12 20 13 36 15241.90000 4.90800000 460.00000 62.14000 14.16100 54.18900
12 12 20 13 37 15242.20000 4.90800000 460.00000 62.14000 14.05800 54.18900
12 12 20 13 37 15238.10000 4.90800000 460.00000 62.14000 14.05800 54.18900
12 12 20 13 38 15239.00000 4.90800000 460.00000 62.14000 14.05800 54.18900
12 12 20 13 38 15240.00000 4.90800000 460.00000 62.18000 14.05800 54.18900
12 12 20 13 38 15240.00000 4.90800000 460.00000 62.18000 14.05800 54.18900
12 12 20 13 39 15240.00000 4.90800000 460.41000 62.18000 14.05800 54.18900
12 12 20 13 39 15240.00000 4.90800000 460.52000 62.17000 14.05800 54.18900
12 12 20 13 40 15239.90000 4.90800000 460.50000 62.17000 14.05800 54.18900
12 12 20 13 40 15244.40000 4.90800000 460.50000 62.15000 14.05800 54.18900
12 12 20 13 41 15245.80000 4.90800000 460.50000 62.15000 14.05800 54.20600
12 12 20 13 41 15245.90000 4.90800000 460.10000 62.09000 14.05800 54.20600
12 12 20 13 41 15245.80000 4.88700000 460.08000 62.09000 14.05800 54.20600
12 12 20 13 42 15240.40000 4.88700000 460.09000 62.09000 14.05800 54.20600
12 12 20 13 42 15234.50000 4.88700000 460.09000 62.09000 14.05800 54.09000
12 12 20 13 43 15235.50000 4.88700000 460.01000 62.05000 14.05800 54.09000
12 12 20 13 43 15235.50000 4.88700000 460.01000 62.05000 14.05800 54.09000
12 12 20 13 44 15235.50000 4.88700000 460.10000 62.05000 14.05800 54.09000
12 12 20 13 44 15238.00000 4.88700000 460.10000 62.05000 14.05800 54.09000
12 12 20 13 44 15244.60000 4.88700000 460.08000 62.09000 14.05800 54.09000
12 12 20 13 45 15243.50000 4.88700000 460.09000 62.09000 14.05800 54.09000
12 12 20 13 45 15244.70000 4.88700000 460.10000 62.09000 14.05800 54.09000
12 12 20 13 46 15243.40000 4.88700000 460.10000 62.09000 14.05800 54.09000
12 12 20 13 46 15242.60000 4.88700000 460.10000 62.10000 14.04800 54.09000
12 12 20 13 47 15240.30000 4.88700000 460.10000 62.10000 14.04800 54.09000
12 12 20 13 47 15240.30000 4.88700000 460.07000 62.10000 14.04800 54.09000
12 12 20 13 47 15238.90000 4.88700000 460.10000 62.10000 14.04800 54.09000
12 12 20 13 48 15238.50000 4.88700000 460.10000 62.16000 14.04800 54.09000
12 12 20 13 48 15235.80000 4.88700000 460.10000 62.10000 14.04800 54.09000
12 12 20 13 49 15236.90000 4.88700000 460.10000 62.09000 14.04800 54.09000
12 12 20 13 49 15235.20000 4.88700000 460.09000 62.09000 14.04800 54.09000
12 12 20 13 49 15234.60000 4.88700000 460.09000 62.09000 14.04800 54.09000
12 12 20 13 50 15234.20000 4.88700000 460.09000 62.09000 14.04800 54.09000
12 12 20 13 50 15232.30000 4.88700000 460.10000 62.09000 14.04800 54.09000
12 12 20 13 51 15226.00000 4.88700000 460.10000 62.09000 14.04800 54.09000
12 12 20 13 51 15222.30000 4.88700000 460.01000 62.11000 14.04800 54.09000
12 12 20 13 52 15223.20000 4.88700000 459.99000 62.11000 14.04800 54.09000
