M=[
 4 8 20 10 17 9581.90000 6.13800000 333.61000 49.52000 18.03900 70.25700
 4 8 20 10 17 9585.00000 6.13800000 333.61000 49.49000 18.03900 70.25700
 4 8 20 10 18 9583.60000 6.13800000 333.63000 49.49000 18.02200 70.25700
 4 8 20 10 18 9579.60000 6.13800000 333.61000 49.49000 18.02200 70.25700
 4 8 20 10 19 9579.50000 6.13800000 333.61000 49.49000 18.02200 70.25700
 4 8 20 10 19 9560.10000 6.13800000 333.05000 49.43000 18.02200 70.25600
 4 8 20 10 20 9558.00000 6.13800000 332.82000 49.43000 17.91700 70.25600
 4 8 20 10 20 9558.90000 6.13800000 332.90000 49.43000 17.91600 70.25600
 4 8 20 10 21 9544.30000 6.13800000 332.24000 49.25000 18.07100 70.25600
 4 8 20 10 21 9549.90000 6.13800000 332.19000 49.25000 18.06000 70.25600
 4 8 20 10 22 9553.20000 6.13800000 332.40000 49.25000 18.06400 70.25600
 4 8 20 10 22 9557.60000 6.13800000 332.66000 49.25000 18.06400 70.25600
 4 8 20 10 23 9563.90000 6.13800000 332.56000 49.20000 18.06400 70.25600
 4 8 20 10 23 9564.20000 6.13800000 333.12000 49.30000 18.06400 70.25600
 4 8 20 10 24 9576.80000 6.13800000 333.47000 49.37000 18.10800 70.25600
 4 8 20 10 25 9590.60000 6.13800000 333.88000 49.37000 18.10800 70.25600
 4 8 20 10 25 9595.80000 6.13800000 333.99000 49.37000 18.10800 70.25600
 4 8 20 10 26 9596.70000 6.13800000 334.09000 49.37000 18.10800 70.25600
 4 8 20 10 26 9596.70000 6.13800000 334.06000 49.37000 18.10800 70.25600
 4 8 20 10 27 9596.70000 6.13800000 333.97000 49.37000 18.10800 70.25600
 4 8 20 10 27 9596.80000 6.13800000 333.70000 49.37000 18.08400 70.25600
 4 8 20 10 28 9596.00000 6.13800000 333.71000 49.36000 18.08400 70.25600
 4 8 20 10 28 9596.20000 6.13800000 333.75000 49.36000 18.00000 70.25600
 4 8 20 10 28 9596.20000 6.13800000 333.71000 49.36000 18.05600 70.25600
 4 8 20 10 29 9596.20000 6.13800000 334.28000 49.36000 18.15000 70.25600
 4 8 20 10 29 9598.50000 6.13800000 334.32000 49.36000 18.15000 70.25600
 4 8 20 10 30 9598.40000 6.13800000 334.49000 49.36000 18.19600 70.25600
 4 8 20 10 30 9600.00000 6.13800000 335.01000 49.36000 18.17600 70.25600
 4 8 20 10 31 9612.10000 6.13800000 335.53000 49.53000 18.17600 70.51900
 4 8 20 10 31 9615.90000 6.13800000 335.74000 49.54000 18.17600 70.51900
 4 8 20 10 32 9612.00000 6.13800000 335.34000 49.54000 18.17600 70.48900
 4 8 20 10 33 9609.10000 6.13800000 335.33000 49.54000 18.17600 70.48900
 4 8 20 10 33 9608.10000 6.13800000 335.34000 49.54000 18.20200 70.48900
 4 8 20 10 34 9607.30000 6.13800000 335.14000 49.55000 18.20200 70.48900
 4 8 20 10 34 9596.50000 6.13800000 335.08000 49.46000 18.20200 70.48900
 4 8 20 10 35 9601.20000 6.13800000 335.35000 49.46000 18.20200 70.48900
 4 8 20 10 35 9601.00000 6.13800000 335.11000 49.46000 18.12900 70.48900
 4 8 20 10 36 9600.10000 6.13800000 335.12000 49.46000 18.17900 70.48900
 4 8 20 10 36 9600.10000 6.13800000 335.09000 49.51000 18.17900 70.48900
 4 8 20 10 37 9600.00000 6.13800000 335.15000 49.51000 18.17900 70.48900
 4 8 20 10 37 9600.10000 6.13800000 335.00000 49.51000 18.17900 70.48900
 4 8 20 10 37 9600.90000 6.13800000 335.02000 49.53000 18.17900 70.48900
 4 8 20 10 38 9600.90000 6.13800000 335.01000 49.53000 18.17900 70.40600
 4 8 20 10 38 9600.90000 6.13800000 335.18000 49.53000 18.17900 70.40600
 4 8 20 10 39 9601.00000 6.13800000 335.29000 49.54000 18.23500 70.40600
 4 8 20 10 39 9606.60000 6.13800000 335.47000 49.54000 18.23500 70.40600
 4 8 20 10 40 9608.10000 6.16400000 335.54000 49.63000 18.16000 70.40600
 4 8 20 10 40 9608.10000 6.16400000 335.58000 49.63000 18.22900 70.40600
 4 8 20 10 41 9609.00000 6.16400000 335.56000 49.63000 18.22900 70.40600
 4 8 20 10 41 9609.00000 6.18900000 335.56000 49.63000 18.22900 70.40600
 4 8 20 10 42 9608.90000 6.16800000 335.47000 49.63000 18.22100 70.40600
 4 8 20 10 42 9609.00000 6.16800000 335.37000 49.66000 18.22100 70.40600
 4 8 20 10 43 9608.20000 6.16800000 335.21000 49.66000 18.22100 70.40600
 4 8 20 10 43 9606.70000 6.16800000 335.00000 49.66000 18.22100 70.65800
 4 8 20 10 43 9606.80000 6.16800000 334.70000 49.66000 18.22100 70.65800
 4 8 20 10 44 9606.20000 6.16800000 334.71000 49.66000 18.15400 70.65800
 4 8 20 10 45 9601.00000 6.16800000 334.70000 49.60000 18.15400 70.65800
 4 8 20 10 45 9601.00000 6.16800000 334.69000 49.60000 18.21000 70.65800
 4 8 20 10 46 9601.10000 6.16200000 334.68000 49.60000 18.22800 70.65800
 4 8 20 10 46 9601.10000 6.16200000 334.68000 49.60000 18.21000 70.65800
 4 8 20 10 47 9601.00000 6.16200000 334.69000 49.60000 18.21000 70.65800
 4 8 20 10 47 9601.10000 6.16200000 334.59000 49.60000 18.21000 70.65800
 4 8 20 10 47 9601.10000 6.16200000 334.59000 49.60000 18.21000 70.65800
 4 8 20 10 48 9601.10000 6.16200000 334.60000 49.60000 18.20400 70.65800
 4 8 20 10 48 9601.10000 6.16200000 334.58000 49.60000 18.20400 70.65800
 4 8 20 10 49 9600.90000 6.17100000 334.28000 49.55000 18.23000 70.65800
 4 8 20 10 49 9585.00000 6.16400000 333.90000 49.54000 18.23000 70.49100
 4 8 20 10 50 9585.30000 6.16400000 333.55000 49.50000 18.26000 70.49100
 4 8 20 10 50 9568.00000 6.16400000 333.03000 49.40000 18.26000 70.05000
 4 8 20 10 51 9570.00000 6.16400000 333.34000 49.40000 18.20400 69.96800
 4 8 20 10 51 9567.30000 6.16400000 333.54000 49.40000 18.20400 69.96800
 4 8 20 10 52 9572.60000 6.16400000 333.60000 49.40000 18.20400 69.96800
 4 8 20 10 52 9569.40000 6.16400000 333.23000 49.40000 18.20400 69.96800
 4 8 20 10 53 9568.80000 6.16400000 333.19000 49.34000 18.20400 69.96800
 4 8 20 10 53 9572.70000 6.16400000 333.48000 49.34000 18.20400 70.13900
 4 8 20 10 54 9575.80000 6.16400000 333.46000 49.34000 18.28100 70.13900
 4 8 20 10 54 9570.10000 6.16400000 333.26000 49.38000 18.28100 70.13900
 4 8 20 10 55 9569.90000 6.16400000 333.45000 49.38000 18.28100 70.13900
 4 8 20 10 55 9569.90000 6.16400000 333.46000 49.41000 18.28100 70.13900
 4 8 20 10 56 9570.00000 6.16400000 333.57000 49.38000 18.28100 70.13900
 4 8 20 10 56 9570.00000 6.16400000 333.55000 49.38000 18.28100 70.13900
 4 8 20 10 57 9570.00000 6.16400000 333.58000 49.38000 18.25600 70.13900
 4 8 20 10 57 9565.10000 6.16400000 332.89000 49.38000 18.25600 70.13900
 4 8 20 10 58 9565.00000 6.16400000 332.89000 49.30000 18.25600 69.87800
 4 8 20 10 58 9565.10000 6.16400000 333.16000 49.30000 18.25600 69.87800
 4 8 20 10 59 9565.10000 6.16400000 333.30000 49.30000 18.25600 69.87800
 4 8 20 10 59 9565.10000 6.13000000 333.30000 49.30000 18.20800 69.87800
 4 8 20 11 00 9560.80000 6.13000000 333.15000 49.30000 18.26100 69.87700
 4 8 20 11 00 9537.50000 6.13000000 332.75000 49.13000 18.26100 69.74500
 4 8 20 11 01 9524.30000 6.08900000 331.42000 48.77000 18.26100 69.44400
 4 8 20 11 02 9546.00000 6.08000000 332.57000 49.03000 18.26100 69.44400
 4 8 20 11 02 9550.20000 6.08000000 332.80000 49.05000 18.26100 69.75000
 4 8 20 11 03 9547.70000 6.08000000 332.71000 49.05000 18.28800 69.75000
 4 8 20 11 04 9552.00000 6.08000000 333.61000 49.05000 18.21100 69.75000
 4 8 20 11 04 9556.20000 6.08000000 334.01000 49.10000 18.21100 69.75000
 4 8 20 11 05 9573.90000 6.08000000 334.33000 49.20000 18.21100 69.75000
 4 8 20 11 05 9583.80000 6.08000000 334.78000 49.37000 18.21100 69.75000
 4 8 20 11 06 9581.80000 6.08000000 334.86000 49.35000 18.30100 69.75000
 4 8 20 11 06 9583.70000 6.08000000 334.70000 49.35000 18.30100 69.93000
 4 8 20 11 07 9585.00000 6.08000000 334.89000 49.35000 18.30100 69.93000
 4 8 20 11 07 9585.00000 6.08000000 334.94000 49.48000 18.30100 69.93000
 4 8 20 11 08 9585.10000 6.08000000 334.94000 49.48000 18.30100 69.93000
 4 8 20 11 08 9585.10000 6.08000000 334.53000 49.47000 18.30100 69.93000
 4 8 20 11 09 9580.50000 6.08000000 334.52000 49.47000 18.29600 69.93000
 4 8 20 11 09 9583.90000 6.08000000 335.00000 49.47000 18.29600 69.93000
 4 8 20 11 10 9583.80000 6.08000000 334.86000 49.47000 18.28800 69.93000
 4 8 20 11 10 9583.90000 6.08000000 334.60000 49.47000 18.28800 69.93000
 4 8 20 11 11 9582.80000 6.08000000 334.57000 49.47000 18.22100 69.93000
 4 8 20 11 11 9584.70000 6.08000000 334.66000 49.47000 18.22100 69.93000
