M=[
15 1 21 12 18 31200.10000 6.34700000 999.48000 121.95000 16.92000 88.01600
15 1 21 12 18 31200.80000 6.34700000 1001.01000 121.91000 16.92000 87.80100
15 1 21 12 19 31183.90000 6.32900000 999.48000 121.96000 16.92000 87.89900
15 1 21 12 19 31165.60000 6.32900000 998.43000 121.96000 16.92000 87.89900
15 1 21 12 19 31187.90000 6.32900000 998.47000 121.96000 16.92000 87.89900
15 1 21 12 20 31200.80000 6.32900000 999.17000 121.96000 16.92000 88.12000
15 1 21 12 20 31199.10000 6.33900000 998.66000 121.98000 16.92000 88.11900
15 1 21 12 21 31223.80000 6.33900000 998.84000 121.99000 16.92000 88.11900
15 1 21 12 21 31219.80000 6.33900000 1000.51000 122.23000 16.92000 88.11900
15 1 21 12 22 31239.20000 6.33900000 1001.79000 122.23000 16.92000 88.11900
15 1 21 12 22 31230.50000 6.33900000 999.99000 122.14000 16.92000 88.32500
15 1 21 12 22 31236.80000 6.32100000 1000.62000 122.20000 16.92000 88.32500
15 1 21 12 23 31200.00000 6.32100000 998.94000 122.10000 16.92000 88.32500
15 1 21 12 23 31187.60000 6.30200000 998.01000 121.91000 16.92000 88.32500
15 1 21 12 24 31160.40000 6.30200000 996.95000 121.80000 16.89100 87.68400
15 1 21 12 24 31121.50000 6.30200000 996.70000 121.61000 16.89100 87.68400
15 1 21 12 25 31118.10000 6.30200000 995.00000 121.57000 16.89100 87.68400
15 1 21 12 25 31109.70000 6.30500000 996.03000 121.61000 16.89100 87.81100
15 1 21 12 25 31118.60000 6.30500000 995.84000 121.64000 16.89100 87.82900
15 1 21 12 26 31150.00000 6.30500000 996.25000 121.82000 16.89100 87.82700
15 1 21 12 26 31161.20000 6.30500000 998.10000 121.97000 16.89100 87.90600
15 1 21 12 27 31160.00000 6.30500000 996.24000 121.83000 16.89100 87.90600
15 1 21 12 27 31140.80000 6.30500000 995.63000 121.83000 16.89100 87.90600
15 1 21 12 28 31117.10000 6.32000000 995.36000 121.65000 16.89100 87.90600
15 1 21 12 28 31109.90000 6.30500000 993.71000 121.59000 16.89100 87.90600
15 1 21 12 28 31035.00000 6.30000000 992.73000 121.50000 16.89100 87.90600
15 1 21 12 29 31036.10000 6.30000000 992.54000 121.40000 16.89100 87.90600
15 1 21 12 29 30800.00000 6.27000000 987.87000 120.92000 16.89100 87.57600
15 1 21 12 30 30874.60000 6.27000000 989.00000 121.10000 16.89100 87.07400
15 1 21 12 30 30920.00000 6.27000000 992.74000 121.28000 16.89100 87.43400
15 1 21 12 31 30929.70000 6.27000000 993.70000 121.33000 16.89100 87.60000
15 1 21 12 31 30950.00000 6.27000000 995.94000 121.73000 16.89100 87.60000
15 1 21 12 31 30897.80000 6.31900000 996.52000 121.79000 16.89100 87.60000
15 1 21 12 32 30869.90000 6.31900000 992.71000 121.57000 16.89100 87.73700
15 1 21 12 32 30792.10000 6.31900000 989.44000 120.87000 16.89100 87.50000
15 1 21 12 33 30793.50000 6.30300000 989.03000 120.90000 16.89100 87.50000
15 1 21 12 33 30750.60000 6.30300000 989.54000 121.05000 16.89100 87.50000
15 1 21 12 34 30800.50000 6.30300000 991.20000 121.26000 16.89100 87.50000
15 1 21 12 34 30783.30000 6.30300000 991.22000 121.18000 16.89100 87.50000
15 1 21 12 34 30780.10000 6.30300000 989.12000 120.84000 16.89100 87.50000
15 1 21 12 35 30815.00000 6.30300000 991.12000 120.84000 17.10000 87.50300
15 1 21 12 35 30750.20000 6.30300000 990.43000 121.08000 17.10000 87.50300
15 1 21 12 36 30751.10000 6.30300000 989.04000 121.08000 17.10000 87.35100
15 1 21 12 36 30701.90000 6.30300000 987.55000 120.74000 17.10000 87.35100
15 1 21 12 36 30700.00000 6.30300000 987.77000 120.73000 17.10000 87.07700
15 1 21 12 37 30799.90000 6.30300000 991.97000 121.11000 17.10000 87.07700
15 1 21 12 37 30716.70000 6.30300000 989.18000 120.88000 16.84200 87.07700
15 1 21 12 38 30758.30000 6.30300000 990.94000 120.96000 16.84200 87.07700
15 1 21 12 38 30706.70000 6.30300000 988.00000 120.51000 16.84200 87.24900
15 1 21 12 39 30789.70000 6.30300000 989.82000 120.83000 16.84200 87.24900
15 1 21 12 39 30873.80000 6.23900000 992.00000 121.11000 17.10000 87.33300
15 1 21 12 39 30826.70000 6.23900000 993.50000 121.31000 17.10000 87.33300
15 1 21 12 40 30884.60000 6.23900000 994.40000 121.29000 17.10000 87.41700
15 1 21 12 40 30908.30000 6.23900000 995.63000 121.53000 16.95800 87.41700
15 1 21 12 41 30913.20000 6.23900000 994.10000 121.49000 16.97900 87.41700
15 1 21 12 41 30899.20000 6.23900000 995.01000 121.58000 16.97900 87.41700
15 1 21 12 42 30941.00000 6.23900000 995.19000 121.56000 16.97900 87.41700
15 1 21 12 42 30884.90000 6.23900000 995.00000 121.56000 16.97900 87.41700
15 1 21 12 42 30900.10000 6.23900000 994.85000 121.55000 16.84300 87.41700
15 1 21 12 43 30874.90000 6.23900000 994.03000 121.46000 16.84300 87.41700
15 1 21 12 43 30811.70000 6.23900000 993.41000 121.42000 16.84300 87.41700
15 1 21 12 44 30870.10000 6.23900000 996.33000 121.49000 16.84300 87.41700
15 1 21 12 44 30950.00000 6.23900000 998.51000 121.94000 16.84300 87.41700
15 1 21 12 45 30990.00000 6.30500000 1000.00000 121.97000 16.84300 88.04900
15 1 21 12 45 30990.00000 6.30500000 999.63000 121.97000 16.86100 88.04900
15 1 21 12 45 31000.10000 6.30500000 1001.89000 121.84000 16.97700 88.04900
15 1 21 12 46 31009.40000 6.28700000 1002.61000 121.84000 16.97700 88.30700
15 1 21 12 46 31078.60000 6.31900000 1003.27000 122.00000 16.97700 88.30500
15 1 21 12 47 31054.20000 6.31900000 1003.01000 122.07000 16.97700 88.30500
15 1 21 12 47 31074.60000 6.31900000 1003.00000 122.12000 16.97700 88.30500
15 1 21 12 48 31087.60000 6.31900000 1003.99000 122.15000 16.97700 88.48000
15 1 21 12 48 31103.80000 6.31900000 1004.62000 122.21000 16.97700 88.48000
15 1 21 12 48 31173.10000 6.31900000 1005.20000 122.44000 16.97700 88.48000
15 1 21 12 49 31156.50000 6.31900000 1006.04000 122.44000 16.97700 88.48000
15 1 21 12 49 31104.50000 6.31900000 1005.81000 122.47000 16.97700 88.48000
15 1 21 12 50 31115.80000 6.34200000 1006.02000 122.35000 16.97700 88.38200
15 1 21 12 50 31103.70000 6.34200000 1005.44000 122.35000 16.97700 88.38200
15 1 21 12 51 31111.10000 6.34900000 1004.14000 122.19000 16.97700 88.38200
15 1 21 12 51 31069.60000 6.34900000 1003.35000 122.15000 16.97700 88.38200
15 1 21 12 51 31073.00000 6.34900000 1004.00000 122.14000 16.97700 88.38200
15 1 21 12 52 31069.40000 6.34900000 1003.43000 122.26000 16.97700 88.38200
15 1 21 12 52 31066.20000 6.34900000 1003.53000 122.26000 16.97700 88.42200
15 1 21 12 53 31068.40000 6.36100000 1005.11000 122.36000 16.98400 88.42200
15 1 21 12 53 31063.70000 6.36100000 1004.67000 122.36000 16.98400 88.62600
15 1 21 12 54 31097.40000 6.36100000 1004.00000 122.16000 16.98400 88.39000
15 1 21 12 54 31109.70000 6.30600000 1007.16000 122.44000 16.98400 88.39000
15 1 21 12 54 31057.10000 6.30600000 1006.41000 122.20000 16.98400 88.39000
15 1 21 12 55 31084.90000 6.34800000 1006.93000 122.30000 16.98400 88.39000
15 1 21 12 55 31100.00000 6.34800000 1007.87000 122.29000 16.98400 88.39000
15 1 21 12 56 31148.10000 6.34800000 1008.90000 122.43000 16.98400 88.43400
15 1 21 12 56 31152.80000 6.34800000 1008.89000 122.38000 16.98400 88.43400
15 1 21 12 57 31160.50000 6.34800000 1007.97000 122.43000 16.98400 88.43400
15 1 21 12 57 31136.00000 6.34800000 1007.35000 122.45000 16.98400 88.43400
15 1 21 12 57 31129.00000 6.34800000 1006.90000 122.45000 16.98400 88.43400
15 1 21 12 58 31100.10000 6.30600000 1006.00000 122.31000 16.98400 88.54200
15 1 21 12 58 31110.20000 6.30600000 1005.68000 122.36000 16.98400 88.54200
15 1 21 12 59 31073.20000 6.30600000 1005.39000 122.36000 16.98400 88.54200
15 1 21 12 59 31169.50000 6.34800000 1007.45000 122.49000 16.98400 88.54200
15 1 21 13 00 31155.10000 6.34800000 1008.38000 122.52000 16.98400 88.60000
15 1 21 13 00 31169.80000 6.34800000 1008.88000 122.52000 16.98400 88.60000
15 1 21 13 00 31155.40000 6.34800000 1007.83000 122.52000 16.98400 88.60000
15 1 21 13 01 31125.90000 6.34800000 1007.72000 122.48000 16.98400 88.60000
15 1 21 13 01 31103.50000 6.34800000 1006.71000 122.48000 16.98400 88.22300
15 1 21 13 02 31068.70000 6.33300000 1005.95000 122.14000 16.98400 88.17500
15 1 21 13 02 31051.50000 6.33300000 1005.99000 122.18000 16.98400 88.17500
15 1 21 13 03 31051.60000 6.33300000 1005.20000 122.01000 16.98400 88.17500
