M=[
17 6 21 04 52 32410.10000 47.43100000 2024.98000 142.86000 20.10400 119.96100
17 6 21 04 53 32410.10000 47.43100000 2023.98000 142.86000 20.10400 119.96100
17 6 21 04 53 32402.60000 47.43100000 2024.20000 142.86000 20.10400 119.96100
17 6 21 04 53 32364.70000 47.43100000 2022.44000 142.65000 20.10400 119.96100
17 6 21 04 54 32364.80000 47.43100000 2021.00000 142.65000 20.10400 119.96100
17 6 21 04 54 32364.70000 47.43100000 2022.14000 142.59000 19.96800 119.96100
17 6 21 04 55 32361.40000 47.43100000 2022.27000 142.59000 19.96800 119.96100
17 6 21 04 55 32376.30000 47.43100000 2022.27000 142.59000 19.96800 119.96100
17 6 21 04 56 32370.40000 47.43100000 2022.94000 142.59000 19.96800 119.96100
17 6 21 04 56 32377.60000 47.43100000 2023.75000 142.59000 19.96800 120.12500
17 6 21 04 56 32385.60000 47.43100000 2023.98000 142.59000 19.96800 120.12500
17 6 21 04 57 32364.90000 47.43100000 2022.38000 142.59000 19.96800 120.12500
17 6 21 04 57 32355.90000 47.43100000 2021.52000 142.59000 19.96800 120.12500
17 6 21 04 58 32357.30000 47.43100000 2021.62000 142.59000 19.96800 119.96600
17 6 21 04 58 32357.30000 47.43100000 2022.37000 142.59000 19.96800 119.96600
17 6 21 04 59 32368.90000 47.43100000 2022.38000 142.59000 19.96800 119.96600
17 6 21 04 59 32372.90000 47.43100000 2022.37000 142.59000 19.96800 119.96600
17 6 21 04 59 32371.00000 47.43100000 2022.38000 142.59000 19.96800 119.96600
17 6 21 05 00 32376.40000 47.43100000 2023.58000 142.65000 19.96800 119.96600
17 6 21 05 00 32376.30000 47.39800000 2023.98000 142.65000 19.96800 119.96600
17 6 21 05 01 32376.40000 47.39800000 2024.40000 142.65000 19.96800 119.96600
17 6 21 05 01 32385.60000 47.39800000 2025.99000 142.68000 19.96800 119.96600
17 6 21 05 02 32385.60000 47.39800000 2026.54000 142.68000 19.96800 119.96600
17 6 21 05 02 32385.70000 47.39800000 2027.37000 142.68000 19.96800 119.96600
17 6 21 05 02 32410.00000 47.39800000 2027.37000 142.68000 19.96800 119.96600
17 6 21 05 03 32376.30000 47.39800000 2024.90000 142.68000 19.96800 119.96600
17 6 21 05 03 32369.00000 47.39800000 2024.90000 142.55000 19.96800 119.96600
17 6 21 05 04 32342.50000 47.39800000 2023.46000 142.55000 19.96800 119.96600
17 6 21 05 04 32342.40000 47.39800000 2023.45000 142.55000 19.96800 119.96600
17 6 21 05 05 32333.90000 47.39800000 2020.55000 142.55000 19.96800 119.96600
17 6 21 05 05 32324.30000 47.39800000 2020.22000 142.43000 19.96800 119.96600
17 6 21 05 05 32313.50000 47.39800000 2015.68000 142.43000 19.96800 119.96600
17 6 21 05 06 32276.60000 47.39800000 2014.47000 142.13000 19.96800 120.02800
17 6 21 05 06 32276.70000 47.39800000 2014.47000 142.13000 19.96800 120.02800
17 6 21 05 07 32276.70000 47.39800000 2014.12000 142.13000 19.96800 120.02800
17 6 21 05 07 32276.70000 47.39800000 2014.40000 142.13000 19.96700 120.02800
17 6 21 05 08 32289.00000 47.39800000 2015.00000 142.13000 19.96700 120.02800
17 6 21 05 08 32274.00000 47.39800000 2014.00000 142.13000 19.96700 120.02800
17 6 21 05 08 32275.00000 47.39800000 2013.58000 142.13000 19.96700 119.85300
17 6 21 05 09 32287.50000 47.39800000 2014.60000 142.17000 19.96700 119.85300
17 6 21 05 09 32273.10000 47.39800000 2015.00000 142.17000 19.96700 119.85300
17 6 21 05 10 32273.10000 47.39800000 2014.24000 142.17000 19.96700 119.85300
17 6 21 05 10 32301.40000 47.39800000 2014.87000 142.19000 19.96700 119.85300
17 6 21 05 11 32301.40000 47.39800000 2015.51000 142.19000 19.96700 119.85300
17 6 21 05 11 32302.20000 47.39800000 2015.88000 142.19000 19.96700 119.85300
17 6 21 05 11 32300.90000 47.39800000 2015.88000 142.19000 19.96700 119.85300
17 6 21 05 12 32316.80000 47.39800000 2016.57000 142.19000 19.96700 119.85300
17 6 21 05 12 32323.40000 47.39800000 2017.22000 142.19000 19.96700 119.85300
17 6 21 05 13 32328.40000 47.39800000 2016.99000 142.19000 19.96700 119.85300
17 6 21 05 13 32326.20000 47.39800000 2017.00000 142.19000 19.96700 119.85300
17 6 21 05 14 32370.50000 47.39800000 2017.00000 142.32000 19.96700 119.85300
17 6 21 05 14 32391.90000 47.39800000 2019.00000 142.39000 19.96700 119.85300
17 6 21 05 14 32378.40000 47.39800000 2019.67000 142.37000 19.96700 119.85300
17 6 21 05 15 32377.00000 47.39800000 2019.53000 142.37000 19.96700 119.85300
17 6 21 05 15 32389.80000 47.39800000 2020.00000 142.30000 19.96700 119.85300
17 6 21 05 16 32389.80000 47.39800000 2021.57000 142.30000 19.96700 119.85300
17 6 21 05 16 32394.40000 47.39800000 2021.57000 142.59000 19.96700 119.85300
17 6 21 05 17 32381.00000 47.39800000 2021.57000 142.66000 19.96700 119.85300
17 6 21 05 17 32395.00000 47.39800000 2021.17000 142.66000 19.96700 119.85300
17 6 21 05 17 32395.00000 47.39800000 2021.00000 142.66000 19.96700 119.85300
17 6 21 05 18 32380.00000 47.39800000 2021.00000 142.66000 19.96700 119.85300
17 6 21 05 18 32367.30000 47.39800000 2016.99000 142.66000 19.96700 119.85300
17 6 21 05 19 32347.40000 47.39800000 2016.97000 142.66000 19.96700 119.85300
17 6 21 05 19 32327.30000 47.39800000 2015.60000 142.66000 19.96700 119.85300
17 6 21 05 20 32325.80000 47.39800000 2014.65000 142.66000 19.96700 119.85300
17 6 21 05 20 32348.30000 47.39800000 2016.39000 142.66000 19.96700 119.85300
17 6 21 05 20 32337.10000 47.39800000 2017.50000 142.66000 19.96700 119.85300
17 6 21 05 21 32339.20000 47.39800000 2017.10000 142.66000 19.96700 119.85300
17 6 21 05 21 32337.20000 47.39800000 2017.10000 142.66000 19.96700 119.85300
17 6 21 05 22 32333.60000 47.39800000 2017.10000 142.41000 19.96700 119.85300
17 6 21 05 22 32330.90000 47.39800000 2017.00000 142.41000 19.96700 119.85300
17 6 21 05 23 32338.40000 47.39800000 2017.00000 142.45000 19.96700 119.85300
17 6 21 05 23 32325.50000 47.39800000 2017.03000 142.45000 19.96700 119.85300
17 6 21 05 23 32325.50000 47.39800000 2017.00000 142.45000 19.96700 119.85300
17 6 21 05 24 32330.30000 47.39800000 2017.10000 142.45000 19.96700 119.85300
17 6 21 05 24 32331.70000 47.39800000 2017.10000 142.45000 19.96700 119.54500
17 6 21 05 25 32325.50000 47.39800000 2017.00000 142.45000 19.96700 119.54500
17 6 21 05 25 32331.50000 47.39800000 2016.97000 142.39000 19.96700 119.54500
17 6 21 05 26 32325.90000 47.39800000 2017.03000 142.39000 19.96700 119.54500
17 6 21 05 26 32338.30000 47.39800000 2017.03000 142.39000 19.96700 119.54500
17 6 21 05 26 32338.20000 47.39800000 2017.10000 142.39000 19.96700 119.54500
17 6 21 05 27 32343.50000 47.39800000 2017.10000 142.35000 19.96700 119.54500
17 6 21 05 27 32345.70000 47.39800000 2017.10000 142.35000 19.96700 119.54500
17 6 21 05 28 32350.00000 47.39800000 2017.10000 142.35000 19.96700 119.54400
17 6 21 05 28 32350.00000 47.39800000 2017.10000 142.35000 19.96700 119.54400
17 6 21 05 29 32350.00000 47.39800000 2019.07000 142.35000 19.96700 119.54400
17 6 21 05 29 32346.80000 47.39800000 2019.67000 142.35000 19.96700 119.54400
17 6 21 05 29 32346.90000 47.39800000 2019.67000 142.28000 19.96700 119.54300
17 6 21 05 30 32346.90000 47.39800000 2019.67000 142.31000 19.96700 119.54300
17 6 21 05 30 32349.80000 47.39800000 2019.67000 142.31000 19.96700 119.54300
17 6 21 05 31 32361.60000 47.39800000 2021.00000 142.31000 19.96700 119.54300
17 6 21 05 31 32361.50000 47.39800000 2021.00000 142.31000 19.96700 119.54300
17 6 21 05 32 32354.50000 47.39800000 2021.00000 142.31000 19.96700 119.54300
17 6 21 05 32 32375.70000 47.39800000 2021.00000 142.31000 19.96700 119.54300
17 6 21 05 32 32368.30000 47.39800000 2021.00000 142.31000 19.96700 119.54300
17 6 21 05 33 32368.40000 47.39800000 2021.00000 142.31000 20.10400 119.54300
17 6 21 05 33 32368.30000 47.39800000 2021.00000 142.84000 20.10400 119.54300
17 6 21 05 34 32386.00000 47.39800000 2020.99000 142.84000 20.10400 119.54300
17 6 21 05 34 32375.30000 47.39800000 2020.99000 142.84000 20.10400 119.54300
17 6 21 05 35 32369.00000 47.39800000 2020.99000 142.84000 20.10400 119.54300
17 6 21 05 35 32385.50000 47.39800000 2020.99000 142.84000 20.10400 119.54300
17 6 21 05 35 32374.70000 47.39800000 2021.00000 142.84000 20.10400 119.54300
