M=[
14 7 20 17 44 8122.30000 5.51000000 211.48000 38.47000 17.13300 54.11300
14 7 20 17 45 8122.30000 5.51000000 211.50000 38.47000 17.13300 54.07200
14 7 20 17 45 8123.90000 5.51000000 211.75000 38.47000 17.13300 54.07200
14 7 20 17 45 8123.90000 5.51000000 211.81000 38.47000 17.13300 54.20000
14 7 20 17 46 8124.10000 5.51000000 211.95000 38.47000 17.13300 54.28000
14 7 20 17 46 8129.90000 5.51000000 212.00000 38.47000 17.13300 54.28000
14 7 20 17 47 8129.90000 5.51000000 212.04000 38.47000 17.13300 54.25000
14 7 20 17 47 8139.80000 5.51000000 212.20000 38.47000 17.14500 54.28000
14 7 20 17 48 8139.90000 5.51000000 212.19000 38.58000 17.14500 54.37400
14 7 20 17 49 8139.80000 5.51000000 212.20000 38.58000 17.14500 54.32200
14 7 20 17 49 8139.50000 5.51000000 211.96000 38.58000 17.14500 54.32200
14 7 20 17 49 8139.50000 5.51000000 211.96000 38.58000 17.14500 54.32200
14 7 20 17 50 8133.70000 5.51000000 211.95000 38.58000 17.14500 54.32200
14 7 20 17 50 8133.60000 5.51000000 211.95000 38.58000 17.14500 54.32200
14 7 20 17 51 8133.60000 5.51000000 211.98000 38.58000 17.14500 54.32200
14 7 20 17 51 8133.60000 5.51000000 211.98000 38.58000 17.14500 54.32200
14 7 20 17 52 8130.90000 5.51000000 211.78000 38.58000 17.00700 54.21700
14 7 20 17 52 8125.10000 5.51000000 211.75000 38.58000 17.00700 54.21700
14 7 20 17 53 8124.30000 5.51000000 211.76000 38.58000 17.00700 54.21700
14 7 20 17 53 8124.90000 5.51000000 211.76000 38.58000 17.01900 54.21700
14 7 20 17 54 8124.90000 5.51000000 211.83000 38.58000 17.01900 54.08000
14 7 20 17 54 8124.60000 5.51000000 211.85000 38.58000 17.01900 54.08000
14 7 20 17 55 8124.80000 5.51000000 211.92000 38.58000 17.01900 54.08000
14 7 20 17 55 8128.50000 5.51000000 211.92000 38.58000 17.01900 54.08000
14 7 20 17 56 8128.90000 5.51000000 211.92000 38.58000 17.01900 54.08000
14 7 20 17 56 8128.80000 5.51000000 211.92000 38.58000 17.01900 54.08000
14 7 20 17 57 8127.70000 5.51000000 211.78000 38.50000 17.01900 54.08000
14 7 20 17 57 8125.60000 5.51000000 211.60000 38.50000 17.01900 54.12000
14 7 20 17 58 8125.10000 5.51000000 211.65000 38.50000 17.01900 54.12000
14 7 20 17 58 8125.00000 5.51000000 211.73000 38.48000 17.01900 54.12000
14 7 20 17 59 8130.80000 5.51000000 211.72000 38.42000 17.01900 54.12000
14 7 20 17 59 8125.90000 5.51000000 211.71000 38.40000 17.01900 54.12000
14 7 20 18 00 8125.90000 5.51000000 211.74000 38.40000 17.01900 54.12000
14 7 20 18 00 8126.40000 5.51000000 211.80000 38.40000 17.01900 54.12000
14 7 20 18 01 8128.90000 5.51000000 211.78000 38.40000 17.01900 54.12000
14 7 20 18 01 8128.10000 5.51000000 211.83000 38.40000 17.01900 54.22100
14 7 20 18 02 8124.20000 5.51000000 211.72000 38.40000 17.01900 54.22100
14 7 20 18 02 8126.90000 5.51000000 211.88000 38.40000 17.17000 54.22100
14 7 20 18 03 8125.40000 5.51000000 211.73000 38.40000 17.17000 54.22100
14 7 20 18 03 8123.50000 5.51000000 211.71000 38.41000 17.15700 54.22100
14 7 20 18 04 8122.20000 5.51000000 211.71000 38.41000 17.15700 54.22100
14 7 20 18 04 8120.70000 5.51000000 211.45000 38.37000 17.15700 54.22100
14 7 20 18 04 8120.40000 5.51000000 211.45000 38.37000 17.15700 54.22100
14 7 20 18 05 8120.40000 5.51000000 211.46000 38.37000 17.15700 54.22100
14 7 20 18 05 8118.50000 5.51000000 211.46000 38.37000 17.15700 53.91000
14 7 20 18 06 8120.20000 5.51000000 211.47000 38.36000 17.15700 53.91000
14 7 20 18 06 8119.90000 5.51000000 211.39000 38.36000 17.15700 53.91000
14 7 20 18 07 8120.30000 5.51000000 211.38000 38.36000 17.15700 53.91000
14 7 20 18 07 8120.30000 5.51000000 211.42000 38.36000 17.15700 53.91000
14 7 20 18 08 8120.30000 5.51000000 211.39000 38.36000 17.15700 54.15800
14 7 20 18 08 8120.40000 5.51000000 211.39000 38.36000 17.15700 54.15800
14 7 20 18 09 8120.40000 5.51000000 211.36000 38.39000 17.15700 54.15800
14 7 20 18 09 8120.40000 5.51000000 211.36000 38.39000 17.15700 54.15800
14 7 20 18 10 8120.40000 5.51000000 211.47000 38.39000 17.15700 54.15800
14 7 20 18 10 8123.50000 5.51000000 211.46000 38.39000 17.15700 54.15800
14 7 20 18 11 8124.10000 5.51000000 211.45000 38.41000 17.15700 54.15800
14 7 20 18 11 8126.10000 5.51000000 211.57000 38.41000 17.15700 54.15800
14 7 20 18 11 8126.00000 5.51000000 211.57000 38.41000 17.15700 54.15800
14 7 20 18 12 8126.10000 5.51000000 211.57000 38.41000 17.15700 54.15800
14 7 20 18 12 8124.90000 5.51000000 211.65000 38.41000 17.15700 54.15800
14 7 20 18 13 8124.80000 5.51000000 211.55000 38.41000 17.15700 54.15800
14 7 20 18 13 8126.70000 5.51000000 211.61000 38.41000 17.15700 54.15800
14 7 20 18 14 8126.80000 5.51000000 211.50000 38.41000 17.15700 54.15800
14 7 20 18 14 8126.90000 5.51000000 211.49000 38.41000 17.15700 54.15800
14 7 20 18 15 8125.50000 5.51000000 211.50000 38.41000 17.15700 54.15800
14 7 20 18 15 8125.80000 5.51000000 211.50000 38.41000 17.15700 54.15800
14 7 20 18 15 8125.70000 5.51000000 211.63000 38.43000 17.15700 54.15800
14 7 20 18 16 8125.90000 5.51000000 211.60000 38.43000 17.15700 54.15800
14 7 20 18 16 8125.30000 5.51000000 211.60000 38.43000 17.15700 54.15800
14 7 20 18 17 8125.40000 5.51000000 211.51000 38.42000 17.15700 54.15800
14 7 20 18 17 8124.90000 5.51000000 211.52000 38.42000 17.15700 54.15800
14 7 20 18 18 8122.80000 5.51000000 211.52000 38.42000 17.15700 54.15800
14 7 20 18 18 8122.90000 5.51000000 211.51000 38.42000 17.15700 54.15800
14 7 20 18 19 8122.90000 5.51000000 211.65000 38.42000 17.15700 54.15800
14 7 20 18 19 8120.40000 5.51000000 211.65000 38.42000 17.15700 54.15800
14 7 20 18 20 8120.00000 5.51000000 211.56000 38.42000 17.15700 54.15800
14 7 20 18 20 8121.70000 5.51000000 211.63000 38.42000 17.15700 54.15800
14 7 20 18 21 8123.30000 5.51000000 211.64000 38.42000 17.15700 54.15800
14 7 20 18 21 8123.30000 5.51000000 211.64000 38.45000 17.15700 54.15800
14 7 20 18 21 8123.30000 5.51000000 211.64000 38.45000 17.15700 54.15800
14 7 20 18 22 8123.20000 5.51000000 211.64000 38.45000 17.15700 54.15800
14 7 20 18 22 8123.30000 5.51000000 211.54000 38.45000 17.15700 54.15800
14 7 20 18 23 8121.80000 5.51000000 211.55000 38.45000 17.15700 54.15800
14 7 20 18 23 8123.30000 5.51000000 211.50000 38.45000 17.15700 54.15800
14 7 20 18 24 8123.30000 5.51000000 211.54000 38.44000 17.15700 54.15800
14 7 20 18 24 8123.40000 5.51000000 211.56000 38.42000 17.15700 54.15800
14 7 20 18 25 8124.70000 5.51000000 211.56000 38.42000 17.15700 54.15800
14 7 20 18 25 8126.50000 5.51000000 211.59000 38.42000 17.15700 54.15800
14 7 20 18 25 8126.40000 5.51000000 211.59000 38.42000 17.15700 54.15800
14 7 20 18 26 8126.30000 5.51000000 211.54000 38.42000 17.15700 54.15800
14 7 20 18 26 8126.30000 5.51000000 211.53000 38.42000 17.15700 54.38000
14 7 20 18 27 8126.20000 5.51000000 211.53000 38.44000 17.15700 54.38000
14 7 20 18 27 8124.70000 5.51000000 211.56000 38.44000 17.15700 54.62000
14 7 20 18 28 8125.70000 5.51000000 211.57000 38.44000 17.15700 54.56600
14 7 20 18 28 8126.10000 5.51000000 211.61000 38.44000 17.15700 54.56600
14 7 20 18 29 8126.10000 5.51000000 211.65000 38.44000 17.15700 54.56600
14 7 20 18 29 8126.20000 5.51000000 211.65000 38.44000 17.15700 54.56600
14 7 20 18 30 8126.20000 5.51000000 211.65000 38.44000 17.15700 54.79000
14 7 20 18 30 8126.80000 5.51000000 211.72000 38.45000 17.15700 54.79000
14 7 20 18 30 8126.90000 5.51000000 211.84000 38.45000 17.15700 54.79400
14 7 20 18 31 8126.20000 5.51000000 211.91000 38.45000 17.15700 54.79400
14 7 20 18 31 8126.50000 5.51000000 211.88000 38.45000 17.15700 54.79400
14 7 20 18 32 8127.40000 5.51000000 211.89000 38.43000 17.15700 54.79400
14 7 20 18 32 8127.40000 5.51000000 211.89000 38.43000 17.15700 54.79400
14 7 20 18 33 8125.00000 5.51000000 211.86000 38.47000 17.15700 54.79000
14 7 20 18 33 8127.30000 5.51000000 211.86000 38.47000 17.15700 54.79000
14 7 20 18 34 8129.30000 5.51000000 211.95000 38.47000 17.15700 54.79000
14 7 20 18 34 8127.90000 5.51000000 211.96000 38.47000 17.15700 54.79000
14 7 20 18 35 8127.40000 5.51000000 211.91000 38.47000 17.15700 54.79000
