M=[
30 6 21 15 03 29123.70000 46.06700000 1788.24000 117.45000 19.18600 106.17500
30 6 21 15 03 29123.60000 45.99800000 1788.74000 117.01000 19.18600 106.17500
30 6 21 15 04 29011.90000 45.84800000 1782.00000 116.67000 18.88500 105.90000
30 6 21 15 04 28930.30000 45.80300000 1779.54000 116.17000 18.79200 105.55000
30 6 21 15 05 28963.00000 45.91700000 1782.70000 116.28000 18.79200 105.55000
30 6 21 15 05 28893.10000 45.55700000 1775.99000 116.16000 18.79200 105.15000
30 6 21 15 06 28947.70000 45.79400000 1778.86000 116.15000 18.79200 105.29100
30 6 21 15 06 28987.10000 45.79400000 1782.39000 116.15000 18.67000 105.29100
30 6 21 15 06 28963.10000 45.79400000 1781.89000 116.46000 18.67000 105.29100
30 6 21 15 07 28911.20000 45.77400000 1777.54000 116.18000 18.66900 105.20000
30 6 21 15 07 28935.80000 45.77400000 1779.33000 116.24000 18.66900 105.20000
30 6 21 15 08 28921.50000 45.66200000 1778.16000 116.12000 18.66900 105.20000
30 6 21 15 08 28947.00000 45.66200000 1780.15000 116.34000 18.58100 105.73700
30 6 21 15 09 28959.90000 45.66200000 1782.08000 116.43000 18.58100 105.73700
30 6 21 15 09 28960.00000 45.93500000 1782.59000 116.53000 18.58100 105.73700
30 6 21 15 10 28959.40000 45.93500000 1782.62000 116.55000 18.58100 105.73700
30 6 21 15 10 28932.80000 45.75500000 1779.03000 116.55000 18.58100 105.62200
30 6 21 15 10 28924.30000 45.64600000 1780.93000 116.37000 18.58100 105.62200
30 6 21 15 11 28918.30000 45.84700000 1779.72000 116.37000 18.58100 105.62200
30 6 21 15 11 28936.20000 45.53100000 1778.88000 116.24000 18.58100 105.62200
30 6 21 15 12 28916.30000 45.54900000 1780.54000 116.33000 18.58100 105.62200
30 6 21 15 12 28919.20000 45.54900000 1779.40000 116.28000 18.58100 105.62200
30 6 21 15 13 28922.70000 45.54900000 1779.40000 116.28000 18.58100 105.62200
30 6 21 15 13 28941.50000 45.54900000 1779.91000 116.28000 18.58100 105.62200
30 6 21 15 13 28943.70000 45.54900000 1779.91000 116.28000 18.58100 105.62200
30 6 21 15 14 28939.70000 45.72500000 1780.16000 116.32000 18.58100 105.62200
30 6 21 15 14 28948.50000 45.72500000 1782.12000 116.41000 18.58100 105.62200
30 6 21 15 15 28919.90000 45.64100000 1780.11000 116.42000 18.58100 105.62200
30 6 21 15 15 28948.40000 45.73500000 1782.41000 116.43000 18.58100 105.62200
30 6 21 15 16 28954.00000 46.00000000 1783.00000 116.43000 18.58100 105.62200
30 6 21 15 16 28953.90000 45.96600000 1782.09000 116.43000 18.58100 104.90800
30 6 21 15 16 28948.40000 45.84100000 1779.94000 116.41000 18.58100 104.75000
30 6 21 15 17 28948.50000 45.84100000 1780.79000 116.41000 18.58100 104.75000
30 6 21 15 17 28934.00000 45.84100000 1779.84000 116.44000 18.58100 104.75000
30 6 21 15 18 28908.30000 45.84100000 1779.47000 116.44000 18.51200 104.40200
30 6 21 15 18 28900.00000 45.84100000 1779.01000 116.39000 18.52600 104.40200
30 6 21 15 19 28899.60000 45.84100000 1778.72000 116.39000 18.52600 104.40200
30 6 21 15 19 28911.60000 45.75000000 1776.99000 116.28000 18.52600 104.40200
30 6 21 15 19 28905.10000 45.70000000 1777.00000 116.28000 18.52600 104.40200
30 6 21 15 20 28843.20000 45.70000000 1774.07000 115.94000 18.52600 104.18400
30 6 21 15 20 28887.70000 45.70000000 1776.26000 116.20000 18.52600 104.18400
30 6 21 15 21 28922.60000 45.70000000 1779.11000 116.20000 18.52600 104.18400
30 6 21 15 21 28945.00000 45.90100000 1780.65000 116.20000 18.52600 104.18400
30 6 21 15 22 28945.00000 45.80100000 1781.76000 116.20000 18.52600 104.18400
30 6 21 15 22 28939.10000 45.80100000 1781.76000 116.45000 18.52600 105.02500
30 6 21 15 22 28945.00000 45.80100000 1779.46000 116.45000 18.52600 105.02500
30 6 21 15 23 28939.30000 45.80100000 1776.73000 116.36000 18.52600 105.02500
30 6 21 15 23 28962.00000 45.80100000 1777.08000 116.35000 18.45000 105.02500
30 6 21 15 24 28964.90000 45.80100000 1777.22000 116.35000 18.45000 105.02500
30 6 21 15 24 28940.60000 45.80100000 1776.28000 116.30000 18.45000 105.02500
30 6 21 15 25 28919.30000 45.80100000 1774.15000 116.30000 18.45000 105.02500
30 6 21 15 25 28917.60000 45.80100000 1774.15000 116.27000 18.45000 105.02500
30 6 21 15 25 28917.70000 45.80100000 1772.94000 116.27000 18.45000 105.02500
30 6 21 15 26 28917.70000 45.80100000 1773.55000 116.30000 18.45000 105.02500
30 6 21 15 26 28951.00000 45.85300000 1777.21000 116.30000 18.45000 105.02500
30 6 21 15 27 28932.00000 45.85300000 1777.20000 116.36000 18.45000 105.02500
30 6 21 15 27 28946.30000 45.72000000 1777.20000 116.25000 18.45000 105.02500
30 6 21 15 28 28947.30000 45.72000000 1776.47000 116.28000 18.45000 105.02500
30 6 21 15 28 28940.90000 45.72000000 1776.35000 116.37000 18.45000 105.02500
30 6 21 15 28 28940.80000 45.72000000 1777.42000 116.40000 18.45000 105.02500
30 6 21 15 29 28940.90000 45.72000000 1777.33000 116.45000 18.45000 105.02500
30 6 21 15 29 28935.30000 45.72000000 1777.35000 116.45000 18.47600 105.02500
30 6 21 15 30 28930.20000 45.72000000 1777.36000 116.45000 18.45400 104.77100
30 6 21 15 30 28957.50000 45.72000000 1779.12000 116.45000 18.45400 104.77100
30 6 21 15 31 28979.50000 45.72000000 1780.00000 116.45000 18.45400 104.77100
30 6 21 15 31 28989.70000 45.72000000 1780.94000 116.73000 18.45400 104.77100
30 6 21 15 31 28920.00000 46.13200000 1779.06000 116.48000 18.45400 104.77100
30 6 21 15 32 28920.10000 46.13200000 1777.35000 116.48000 18.45400 104.77100
30 6 21 15 32 28920.10000 45.83700000 1777.35000 116.48000 18.45100 104.77100
30 6 21 15 33 28920.10000 45.77000000 1777.35000 116.48000 18.45100 104.77100
30 6 21 15 33 28923.40000 45.77000000 1777.36000 116.50000 18.45100 104.77100
30 6 21 15 34 28884.30000 45.74200000 1775.81000 116.40000 18.45100 104.77100
30 6 21 15 34 28885.30000 45.74200000 1777.22000 116.38000 18.45100 104.77100
30 6 21 15 34 28875.40000 45.64700000 1773.50000 116.38000 18.45100 104.77100
30 6 21 15 35 28861.20000 45.64700000 1773.22000 116.38000 18.45100 104.77100
30 6 21 15 35 28851.60000 45.35000000 1772.36000 116.38000 18.45100 104.77100
30 6 21 15 36 28854.20000 45.35000000 1770.76000 116.38000 18.45100 104.54000
30 6 21 15 36 28856.40000 45.35000000 1772.29000 116.14000 18.45100 104.54000
30 6 21 15 37 28868.10000 45.32800000 1773.75000 116.14000 18.45100 104.54000
30 6 21 15 37 28856.40000 45.16200000 1770.14000 116.14000 18.45100 104.54000
30 6 21 15 37 28858.70000 45.21800000 1770.61000 116.14000 18.45100 104.54000
30 6 21 15 38 28858.30000 45.11900000 1771.36000 115.96000 18.45100 104.54000
30 6 21 15 38 28870.80000 45.11900000 1771.90000 116.10000 18.45000 104.54000
30 6 21 15 39 28870.10000 45.08600000 1771.85000 116.10000 18.45000 104.54000
30 6 21 15 39 28863.90000 44.97200000 1769.90000 116.01000 18.45000 103.90000
30 6 21 15 40 28856.40000 44.95400000 1767.15000 115.99000 18.45000 103.90000
30 6 21 15 40 28856.40000 44.90700000 1766.00000 115.81000 18.45000 103.90000
30 6 21 15 40 28844.60000 44.96200000 1765.21000 115.60000 18.45000 103.90000
30 6 21 15 41 28844.60000 44.87300000 1767.09000 115.57000 18.45000 103.90000
30 6 21 15 41 28839.10000 44.95100000 1768.84000 115.71000 18.45000 103.90000
30 6 21 15 42 28839.00000 44.95100000 1768.31000 115.84000 18.45000 103.90000
30 6 21 15 42 28871.20000 44.91100000 1769.00000 115.79000 18.45000 103.72400
30 6 21 15 43 28867.50000 44.91100000 1771.07000 115.79000 18.45000 103.82000
30 6 21 15 43 28863.80000 44.91100000 1771.69000 115.79000 18.47000 103.96000
30 6 21 15 43 28867.60000 45.04700000 1771.93000 115.79000 18.47000 103.79600
30 6 21 15 44 28844.80000 44.94500000 1771.39000 115.67000 18.47000 103.79600
30 6 21 15 44 28848.80000 44.88900000 1770.93000 115.64000 18.47000 103.79600
30 6 21 15 45 28860.00000 44.88900000 1771.09000 115.81000 18.47000 103.79600
30 6 21 15 45 28844.70000 44.88900000 1768.91000 115.81000 18.47000 103.75200
30 6 21 15 46 28849.30000 44.76200000 1770.59000 115.57000 18.50000 103.75200
30 6 21 15 46 28889.20000 44.76200000 1775.33000 115.98000 18.50000 103.75200
30 6 21 15 46 28907.00000 44.76200000 1775.63000 116.15000 18.39600 103.96000
