M=[
27 8 20 03 11 9648.30000 5.48700000 325.13000 48.86000 19.83800 62.56300
27 8 20 03 11 9650.30000 5.48700000 325.12000 48.86000 19.83800 62.56300
27 8 20 03 12 9648.30000 5.48700000 325.13000 48.86000 19.83800 62.56300
27 8 20 03 12 9645.10000 5.48700000 325.13000 48.86000 19.83800 62.56300
27 8 20 03 13 9652.00000 5.48700000 325.13000 48.86000 19.83800 62.56300
27 8 20 03 13 9649.60000 5.48700000 325.29000 48.86000 19.83800 62.56300
27 8 20 03 14 9651.00000 5.48700000 325.29000 48.86000 19.83800 62.56300
27 8 20 03 14 9652.00000 5.48700000 325.47000 48.86000 19.83800 62.56300
27 8 20 03 15 9654.00000 5.48700000 325.36000 48.86000 19.83800 62.56300
27 8 20 03 15 9652.20000 5.48700000 325.35000 48.86000 19.83800 62.56300
27 8 20 03 16 9652.20000 5.48700000 325.35000 48.86000 19.83800 62.56300
27 8 20 03 16 9652.20000 5.48700000 325.35000 48.86000 19.83800 62.56300
27 8 20 03 16 9652.40000 5.48700000 325.35000 48.86000 19.83800 62.56300
27 8 20 03 17 9652.20000 5.48700000 325.35000 48.86000 19.83800 62.56300
27 8 20 03 17 9652.60000 5.48700000 325.35000 48.86000 19.83800 62.56300
27 8 20 03 18 9652.60000 5.48700000 325.35000 48.86000 19.83800 62.56300
27 8 20 03 18 9657.70000 5.48700000 325.34000 48.86000 19.83800 62.56300
27 8 20 03 19 9655.20000 5.48700000 325.34000 48.86000 19.68900 62.56300
27 8 20 03 20 9659.20000 5.48700000 325.34000 48.86000 19.68900 62.56300
27 8 20 03 20 9656.30000 5.48700000 325.34000 48.86000 19.68900 62.56300
27 8 20 03 20 9656.40000 5.48700000 325.47000 48.86000 19.68900 62.56300
27 8 20 03 21 9654.50000 5.48700000 325.39000 48.86000 19.68900 62.56300
27 8 20 03 21 9655.70000 5.48700000 325.48000 48.86000 19.68900 62.56300
27 8 20 03 22 9652.00000 5.48700000 325.43000 48.86000 19.68900 62.56300
27 8 20 03 22 9652.10000 5.48700000 325.43000 48.86000 19.68900 62.56300
27 8 20 03 23 9652.80000 5.48700000 325.43000 48.86000 19.68900 62.67800
27 8 20 03 23 9652.70000 5.48700000 325.43000 48.86000 19.68900 62.72800
27 8 20 03 24 9652.10000 5.48700000 325.40000 48.86000 19.68900 62.72800
27 8 20 03 24 9652.10000 5.48700000 325.40000 48.86000 19.68900 62.72800
27 8 20 03 25 9649.90000 5.48700000 325.39000 48.86000 19.68900 62.45300
27 8 20 03 25 9649.50000 5.48700000 325.26000 48.86000 19.68900 62.45300
27 8 20 03 26 9648.40000 5.48700000 325.26000 48.86000 19.68900 62.45300
27 8 20 03 26 9645.00000 5.48700000 325.26000 48.86000 19.68900 62.45300
27 8 20 03 27 9652.90000 5.48700000 325.26000 48.86000 19.68900 62.45300
27 8 20 03 27 9656.80000 5.48700000 325.38000 48.86000 19.68900 62.45300
27 8 20 03 28 9656.80000 5.48700000 325.38000 48.86000 19.68900 62.45300
27 8 20 03 28 9656.80000 5.48700000 325.38000 48.86000 19.68900 62.45300
27 8 20 03 29 9656.80000 5.48700000 325.48000 48.86000 19.68900 62.45300
27 8 20 03 29 9652.80000 5.48700000 325.58000 48.86000 19.68900 62.45300
27 8 20 03 29 9654.60000 5.48700000 325.68000 48.86000 19.68900 62.45300
27 8 20 03 30 9652.80000 5.48700000 325.61000 48.86000 19.68900 62.45300
27 8 20 03 30 9652.80000 5.48700000 325.61000 48.86000 19.68900 62.45300
27 8 20 03 31 9658.80000 5.48700000 325.61000 48.86000 19.68900 62.45300
27 8 20 03 31 9658.70000 5.48700000 325.61000 48.86000 19.68900 62.45300
27 8 20 03 32 9658.70000 5.48700000 325.61000 48.86000 19.68900 62.45300
27 8 20 03 32 9659.10000 5.48700000 325.61000 48.86000 19.66600 62.45300
27 8 20 03 33 9656.50000 5.48700000 325.65000 48.86000 19.66600 62.87000
27 8 20 03 33 9656.80000 5.48700000 325.69000 48.86000 19.66600 62.87000
27 8 20 03 34 9658.80000 5.48700000 325.69000 48.86000 19.64600 62.87000
27 8 20 03 34 9660.00000 5.48700000 325.69000 48.86000 19.64600 62.87000
27 8 20 03 35 9655.70000 5.48700000 325.43000 48.86000 19.64600 62.87000
27 8 20 03 35 9657.80000 5.48700000 325.52000 48.86000 19.62700 62.87000
27 8 20 03 36 9657.80000 5.48700000 325.53000 48.86000 19.62700 62.87000
27 8 20 03 36 9657.80000 5.48700000 325.53000 48.86000 19.62700 62.87000
27 8 20 03 37 9656.90000 5.48700000 325.53000 48.86000 19.63000 62.87000
27 8 20 03 37 9657.80000 5.48700000 325.53000 48.86000 19.63000 62.87000
27 8 20 03 38 9657.80000 5.48700000 325.53000 48.86000 19.63000 62.87000
27 8 20 03 38 9657.80000 5.48700000 325.53000 48.86000 19.63000 62.87000
27 8 20 03 38 9657.80000 5.48700000 325.53000 48.86000 19.63000 62.87000
27 8 20 03 39 9657.80000 5.48700000 325.53000 48.86000 19.63000 62.87000
27 8 20 03 40 9657.90000 5.48700000 325.53000 48.86000 19.63000 62.87000
27 8 20 03 40 9650.70000 5.48700000 325.67000 48.86000 19.63000 62.87000
27 8 20 03 40 9650.40000 5.48700000 325.66000 48.86000 19.63000 62.87000
27 8 20 03 41 9644.90000 5.48700000 325.53000 48.86000 19.63000 62.87000
27 8 20 03 41 9644.90000 5.48700000 325.53000 48.86000 19.63000 62.87000
27 8 20 03 42 9642.70000 5.48700000 325.52000 48.86000 19.63000 62.87000
27 8 20 03 42 9642.70000 5.48700000 325.52000 48.98000 19.63000 62.87000
27 8 20 03 43 9642.70000 5.48700000 325.43000 48.98000 19.63000 62.87000
27 8 20 03 43 9642.70000 5.48700000 325.43000 48.98000 19.63000 62.87000
27 8 20 03 44 9640.20000 5.48700000 325.20000 48.98000 19.63000 62.87000
27 8 20 03 44 9641.50000 5.48700000 325.20000 48.98000 19.63000 62.87000
27 8 20 03 45 9645.40000 5.48700000 325.37000 48.98000 19.63000 62.87000
27 8 20 03 45 9644.70000 5.48700000 325.22000 48.98000 19.63000 62.87000
27 8 20 03 46 9642.50000 5.48700000 325.43000 48.98000 19.63000 62.87000
27 8 20 03 46 9642.80000 5.48700000 325.43000 48.98000 19.60700 62.87000
27 8 20 03 47 9643.90000 5.48700000 325.40000 48.98000 19.56800 62.87000
27 8 20 03 47 9645.80000 5.48700000 325.69000 48.98000 19.56800 62.87000
27 8 20 03 48 9643.80000 5.48700000 325.68000 48.98000 19.56800 62.87000
27 8 20 03 48 9643.70000 5.48700000 325.51000 48.98000 19.56800 62.87000
27 8 20 03 49 9642.60000 5.48700000 325.51000 48.98000 19.56800 62.87000
27 8 20 03 49 9645.90000 5.48700000 325.48000 48.98000 19.56800 62.87000
27 8 20 03 50 9646.00000 5.48700000 325.48000 48.98000 19.56800 62.87000
27 8 20 03 50 9647.30000 5.48700000 325.47000 48.98000 19.56800 62.49000
27 8 20 03 51 9643.80000 5.48700000 325.47000 48.98000 19.56800 62.49000
27 8 20 03 51 9642.40000 5.48700000 325.47000 48.98000 19.56800 62.48300
27 8 20 03 52 9645.20000 5.48700000 325.29000 48.98000 19.56800 62.48300
27 8 20 03 52 9645.20000 5.48700000 325.29000 48.98000 19.56800 62.48300
27 8 20 03 53 9645.20000 5.48700000 325.29000 48.98000 19.56800 62.48300
27 8 20 03 53 9645.20000 5.48700000 325.29000 48.98000 19.56800 62.48300
27 8 20 03 54 9645.20000 5.48700000 325.29000 48.98000 19.56800 62.48300
27 8 20 03 54 9647.20000 5.48700000 325.29000 48.98000 19.56800 62.48300
27 8 20 03 54 9646.20000 5.48700000 325.31000 48.98000 19.56800 62.48300
27 8 20 03 55 9646.70000 5.48700000 325.31000 48.98000 19.56800 62.48300
27 8 20 03 55 9646.70000 5.48700000 325.31000 48.98000 19.56800 62.65800
27 8 20 03 56 9646.70000 5.48700000 325.30000 48.98000 19.56800 62.65800
27 8 20 03 56 9646.10000 5.48700000 325.30000 48.98000 19.56800 62.65800
27 8 20 03 57 9646.10000 5.48700000 325.25000 48.98000 19.56800 62.65800
27 8 20 03 57 9642.50000 5.48700000 325.12000 48.98000 19.56800 62.65800
27 8 20 03 58 9642.50000 5.47200000 325.12000 48.98000 19.56800 62.52400
27 8 20 03 58 9642.60000 5.47200000 324.98000 48.98000 19.56800 62.52400
27 8 20 03 59 9642.50000 5.47200000 324.98000 48.98000 19.56800 62.52400
27 8 20 03 59 9642.40000 5.47200000 324.98000 48.98000 19.56800 62.52400
27 8 20 04 00 9640.20000 5.47200000 324.84000 48.98000 19.56800 62.38800
27 8 20 04 00 9640.10000 5.47200000 325.02000 48.98000 19.56800 62.38800
27 8 20 04 01 9640.00000 5.47200000 325.02000 48.98000 19.52500 62.38800
27 8 20 04 01 9640.00000 5.47200000 325.02000 48.98000 19.52500 62.38800
27 8 20 04 02 9640.10000 5.47200000 325.07000 48.98000 19.52500 62.38800
27 8 20 04 02 9640.10000 5.47200000 325.07000 48.98000 19.52500 62.38800
27 8 20 04 03 9640.10000 5.49100000 325.27000 48.98000 19.52500 62.38800
