M=[
23 12 20 20 23 19372.50000 4.50000000 501.01000 86.18000 14.42900 51.59700
23 12 20 20 24 19361.10000 4.50000000 500.70000 86.18000 14.42900 51.59700
23 12 20 20 24 19333.80000 4.50000000 500.70000 86.03000 14.42900 51.59700
23 12 20 20 25 19337.40000 4.50000000 500.53000 86.09000 14.42900 51.59700
23 12 20 20 25 19352.50000 4.50000000 500.45000 86.20000 14.42900 51.59700
23 12 20 20 26 19348.60000 4.50000000 500.49000 86.24000 14.42900 51.47900
23 12 20 20 26 19348.20000 4.50000000 500.49000 86.23000 14.42900 51.47900
23 12 20 20 26 19348.30000 4.50000000 500.49000 86.13000 14.42900 51.47900
23 12 20 20 27 19333.10000 4.50000000 500.49000 86.22000 14.42900 51.47900
23 12 20 20 27 19333.40000 4.50000000 500.49000 86.22000 14.42900 51.47900
23 12 20 20 28 19347.50000 4.47700000 500.99000 86.23000 14.42900 51.47900
23 12 20 20 28 19340.00000 4.47700000 500.99000 86.23000 14.42900 51.47900
23 12 20 20 28 19340.00000 4.47700000 500.99000 86.18000 14.42900 51.38900
23 12 20 20 29 19325.10000 4.47700000 500.46000 86.05000 14.42900 51.38900
23 12 20 20 29 19322.30000 4.47700000 500.26000 86.05000 14.42900 51.38900
23 12 20 20 30 19318.10000 4.47700000 500.26000 86.05000 14.42900 51.38900
23 12 20 20 30 19322.30000 4.47700000 500.24000 86.07000 14.42900 51.38900
23 12 20 20 31 19339.80000 4.47700000 500.32000 86.25000 14.42900 51.38900
23 12 20 20 31 19339.80000 4.47700000 500.89000 86.17000 14.42900 51.38900
23 12 20 20 31 19339.70000 4.47700000 500.76000 86.29000 14.42900 51.38900
23 12 20 20 32 19326.40000 4.47700000 500.76000 86.29000 14.42900 51.38900
23 12 20 20 32 19325.40000 4.47700000 500.72000 86.12000 14.42900 51.38900
23 12 20 20 33 19327.30000 4.49300000 500.98000 86.35000 14.42900 51.38900
23 12 20 20 33 19333.80000 4.49300000 500.98000 86.31000 14.42900 51.38900
23 12 20 20 34 19338.50000 4.49300000 501.04000 86.30000 14.42900 51.38900
23 12 20 20 34 19334.30000 4.49300000 501.04000 86.36000 14.42900 51.38900
23 12 20 20 34 19336.10000 4.49300000 501.04000 86.36000 14.42900 51.38900
23 12 20 20 35 19332.50000 4.49300000 500.99000 86.28000 14.42900 51.38900
23 12 20 20 35 19332.60000 4.49300000 500.99000 86.15000 14.42900 51.38900
23 12 20 20 36 19332.60000 4.49300000 500.99000 86.14000 14.42900 51.38900
23 12 20 20 36 19332.60000 4.49300000 500.99000 86.25000 14.42900 51.38900
23 12 20 20 37 19332.60000 4.49300000 501.32000 86.25000 14.42900 51.38900
23 12 20 20 37 19332.60000 4.49300000 501.32000 86.28000 14.42900 51.38900
23 12 20 20 37 19336.20000 4.49300000 501.20000 86.28000 14.42900 51.38900
23 12 20 20 38 19337.00000 4.49300000 501.30000 86.28000 14.42900 51.38900
23 12 20 20 38 19336.90000 4.49300000 501.30000 86.28000 14.42900 51.44000
23 12 20 20 39 19337.00000 4.49300000 501.17000 86.28000 14.42900 51.44000
23 12 20 20 39 19332.90000 4.49300000 500.82000 86.10000 14.42900 51.44000
23 12 20 20 40 19332.50000 4.49300000 500.81000 85.90000 14.42900 51.36000
23 12 20 20 40 19325.10000 4.49300000 500.80000 85.86000 14.42900 51.36000
23 12 20 20 40 19310.90000 4.49300000 500.80000 85.68000 14.42900 51.36000
23 12 20 20 41 19310.80000 4.49300000 500.80000 85.51000 14.42900 51.36000
23 12 20 20 41 19303.00000 4.49300000 499.66000 85.32000 14.42900 51.36000
23 12 20 20 42 19314.90000 4.49300000 500.82000 85.60000 14.42900 51.36000
23 12 20 20 42 19336.90000 4.49300000 500.82000 86.05000 14.42900 51.36000
23 12 20 20 43 19336.90000 4.49300000 501.52000 86.21000 14.42900 51.36000
23 12 20 20 43 19337.00000 4.49300000 501.41000 86.10000 14.42900 51.36000
23 12 20 20 43 19339.80000 4.49300000 501.41000 86.10000 14.42900 51.36000
23 12 20 20 44 19339.80000 4.49300000 501.39000 86.10000 14.42900 51.36000
23 12 20 20 44 19339.70000 4.49300000 501.40000 86.06000 14.42900 51.36000
23 12 20 20 45 19335.70000 4.49300000 501.39000 85.70000 14.42900 51.36000
23 12 20 20 45 19303.10000 4.49300000 500.52000 85.58000 14.42900 50.98400
23 12 20 20 46 19303.00000 4.49300000 500.52000 85.58000 14.42900 50.98400
23 12 20 20 46 19303.00000 4.49300000 500.14000 85.52000 14.42900 50.98400
23 12 20 20 46 19303.00000 4.49300000 500.14000 85.47000 14.42900 50.98400
23 12 20 20 47 19303.10000 4.49300000 499.86000 85.54000 14.42900 50.98400
23 12 20 20 47 19303.10000 4.49300000 499.83000 85.41000 14.42900 50.98400
23 12 20 20 48 19303.10000 4.41800000 499.86000 85.57000 14.42900 50.90700
23 12 20 20 48 19300.00000 4.41800000 499.37000 85.35000 14.42900 50.55300
23 12 20 20 49 19296.40000 4.41800000 499.72000 85.27000 14.42900 50.52400
23 12 20 20 49 19296.80000 4.40700000 499.63000 85.26000 14.42900 50.65200
23 12 20 20 49 19278.80000 4.40700000 498.78000 85.23000 14.33400 50.63600
23 12 20 20 50 19274.00000 4.40700000 498.70000 85.07000 14.33400 50.63600
23 12 20 20 50 19254.10000 4.40000000 497.78000 84.90000 14.32000 50.50000
23 12 20 20 51 19259.40000 4.40000000 497.05000 84.74000 14.32000 50.45800
23 12 20 20 51 19286.90000 4.40000000 498.32000 85.35000 14.30500 50.47400
23 12 20 20 52 19303.10000 4.40000000 499.00000 85.50000 14.30500 50.70900
23 12 20 20 52 19313.50000 4.40000000 499.20000 85.84000 14.10400 50.70900
23 12 20 20 52 19318.60000 4.40000000 499.42000 85.98000 14.10400 50.70900
23 12 20 20 53 19297.90000 4.40000000 498.48000 85.86000 14.10400 50.70900
23 12 20 20 53 19285.70000 4.40000000 498.28000 85.87000 14.10400 50.78900
23 12 20 20 54 19287.40000 4.43900000 497.90000 85.65000 14.10400 50.78900
23 12 20 20 54 19294.40000 4.43900000 498.22000 85.51000 14.10400 50.78900
23 12 20 20 55 19273.60000 4.43900000 498.02000 85.52000 14.14100 50.77700
23 12 20 20 55 19295.00000 4.43900000 498.57000 85.52000 14.14100 50.71300
23 12 20 20 55 19277.80000 4.43900000 498.22000 85.69000 14.27700 50.71300
23 12 20 20 56 19287.50000 4.43900000 498.22000 85.68000 14.27700 50.71300
23 12 20 20 56 19291.50000 4.43900000 497.84000 85.86000 14.27700 50.71300
23 12 20 20 57 19294.60000 4.43900000 498.23000 85.81000 14.27700 50.71300
23 12 20 20 57 19310.00000 4.43900000 498.63000 86.12000 14.27700 50.71300
23 12 20 20 58 19310.00000 4.44800000 498.34000 86.02000 14.27700 50.71300
23 12 20 20 58 19308.90000 4.44800000 498.38000 86.02000 14.31000 50.71300
23 12 20 20 58 19304.70000 4.42400000 498.38000 85.92000 14.31000 50.71300
23 12 20 20 59 19291.50000 4.42400000 497.97000 85.80000 14.31000 50.71300
23 12 20 20 59 19293.30000 4.42400000 497.23000 85.58000 14.08400 50.71300
23 12 20 21 00 19293.20000 4.42400000 497.24000 85.58000 14.08400 50.71300
23 12 20 21 00 19282.70000 4.42400000 497.36000 85.67000 14.08400 50.71300
23 12 20 21 01 19295.90000 4.42400000 497.15000 85.67000 14.08400 50.71300
23 12 20 21 01 19268.30000 4.42400000 497.27000 85.70000 14.08400 50.71300
23 12 20 21 01 19260.10000 4.42400000 497.01000 85.58000 14.08400 50.71300
23 12 20 21 02 19260.00000 4.42400000 496.13000 85.34000 14.08400 50.71300
23 12 20 21 02 19247.20000 4.38900000 496.20000 85.37000 14.08400 50.46000
23 12 20 21 03 19243.10000 4.38900000 496.35000 85.24000 14.08400 50.46000
23 12 20 21 03 19226.10000 4.37300000 495.80000 85.28000 14.08400 50.46000
23 12 20 21 04 19226.10000 4.37300000 495.71000 85.13000 14.08400 50.46000
23 12 20 21 04 19226.40000 4.37300000 495.71000 85.03000 14.08400 50.46000
23 12 20 21 04 19222.50000 4.37300000 495.71000 85.17000 14.08400 50.46000
23 12 20 21 05 19217.30000 4.37300000 495.77000 85.25000 14.08400 50.46000
23 12 20 21 05 19249.00000 4.37300000 496.40000 85.43000 14.08400 50.46000
23 12 20 21 06 19231.30000 4.39100000 496.51000 85.51000 14.24800 50.46000
23 12 20 21 06 19236.80000 4.39100000 496.24000 85.41000 14.24800 50.22200
23 12 20 21 07 19222.00000 4.39100000 496.02000 85.29000 14.32200 50.22200
23 12 20 21 07 19215.20000 4.39100000 496.14000 85.16000 14.23400 50.22200
23 12 20 21 07 19206.40000 4.39100000 496.40000 85.06000 14.23400 50.22200
23 12 20 21 08 19223.50000 4.36000000 496.67000 85.21000 14.23400 50.34500
23 12 20 21 08 19228.90000 4.36000000 497.32000 85.37000 14.23400 50.34500
