M=[
16 6 21 00 18 33109.90000 47.80700000 2093.48000 144.66000 21.10100 111.92300
16 6 21 00 18 33108.20000 47.80700000 2093.21000 144.66000 21.10100 111.92300
16 6 21 00 18 33103.60000 47.80700000 2093.21000 144.66000 21.10100 111.92300
16 6 21 00 19 33079.80000 47.80700000 2093.21000 144.68000 21.10100 111.92300
16 6 21 00 19 33055.70000 47.80700000 2093.21000 144.68000 21.10100 111.92300
16 6 21 00 20 33079.00000 47.80700000 2093.21000 144.68000 21.10100 111.92300
16 6 21 00 20 33082.30000 47.80700000 2092.00000 144.68000 21.10100 111.92300
16 6 21 00 21 33082.30000 47.80700000 2091.73000 144.68000 21.10100 111.92300
16 6 21 00 21 33021.60000 47.80700000 2091.73000 144.68000 21.10100 111.92300
16 6 21 00 21 33021.60000 47.80700000 2091.73000 144.62000 21.10100 111.92300
16 6 21 00 22 33010.30000 47.80700000 2091.73000 144.62000 21.10100 111.92300
16 6 21 00 22 33053.70000 47.80700000 2091.73000 144.62000 21.10100 111.92300
16 6 21 00 23 33046.50000 47.80700000 2090.98000 144.71000 21.10100 111.92300
16 6 21 00 23 33069.80000 47.80700000 2090.98000 144.70000 21.10100 111.92300
16 6 21 00 24 33061.30000 47.78600000 2090.98000 144.71000 21.10100 111.92300
16 6 21 00 24 33061.30000 47.78600000 2090.98000 144.71000 21.10100 111.92300
16 6 21 00 24 33061.30000 47.78600000 2089.64000 144.71000 21.10100 111.92300
16 6 21 00 25 33022.80000 47.78600000 2089.64000 144.71000 21.10100 111.25600
16 6 21 00 25 33013.10000 47.65700000 2089.64000 144.71000 21.10100 111.25600
16 6 21 00 26 33030.10000 47.65700000 2089.64000 144.71000 21.10100 111.25600
16 6 21 00 26 33028.00000 47.65700000 2089.64000 144.71000 21.10100 111.25600
16 6 21 00 27 33024.10000 47.65700000 2087.75000 144.71000 21.10100 111.25600
16 6 21 00 27 32955.50000 47.65700000 2085.00000 144.71000 21.10100 111.25600
16 6 21 00 27 32950.10000 47.65700000 2082.47000 144.71000 21.10100 111.25600
16 6 21 00 28 32996.10000 47.65700000 2085.40000 144.71000 21.10100 111.25600
16 6 21 00 28 32990.70000 47.65700000 2085.87000 144.71000 21.10100 111.25600
16 6 21 00 29 33003.20000 47.65700000 2085.51000 144.71000 21.10100 111.25600
16 6 21 00 29 33013.70000 47.65700000 2085.51000 144.71000 21.10100 111.25600
16 6 21 00 30 32995.90000 47.65700000 2085.51000 144.71000 21.10100 111.25600
16 6 21 00 30 32995.90000 47.65700000 2085.51000 144.71000 21.10100 111.25600
16 6 21 00 30 32986.00000 47.65700000 2085.51000 144.71000 21.10100 111.25600
16 6 21 00 31 33009.50000 47.65700000 2085.51000 144.71000 21.10100 111.25600
16 6 21 00 31 33009.50000 47.65700000 2085.51000 144.81000 21.10100 111.25600
16 6 21 00 32 33054.40000 47.65700000 2085.51000 144.81000 21.10100 111.25600
16 6 21 00 32 33054.40000 47.65700000 2085.51000 144.81000 21.10100 111.25600
16 6 21 00 33 32985.90000 47.65700000 2085.52000 144.81000 21.10100 111.25600
16 6 21 00 33 33018.30000 47.65700000 2085.52000 144.81000 21.10100 111.25600
16 6 21 00 33 33011.90000 47.65700000 2085.52000 144.81000 21.10100 111.25600
16 6 21 00 34 33019.00000 47.65700000 2085.52000 144.81000 21.10100 111.25600
16 6 21 00 34 33008.40000 47.65700000 2085.52000 144.81000 21.10100 111.25600
16 6 21 00 35 33014.00000 47.65700000 2085.52000 144.81000 21.10100 111.25600
16 6 21 00 35 32990.40000 47.65700000 2085.52000 144.81000 21.10100 110.81500
16 6 21 00 36 32990.50000 47.65700000 2085.52000 144.81000 21.10100 110.81500
16 6 21 00 36 32999.20000 47.65700000 2085.78000 144.81000 20.77900 110.81500
16 6 21 00 36 32961.70000 47.65700000 2084.98000 144.81000 20.77900 110.81500
16 6 21 00 37 32961.70000 47.65700000 2084.98000 144.81000 20.77900 110.81500
16 6 21 00 37 32961.70000 47.65700000 2084.98000 144.81000 20.77900 110.81500
16 6 21 00 38 33005.00000 47.65700000 2084.98000 144.81000 20.77900 110.81500
16 6 21 00 38 32987.30000 47.65700000 2084.49000 144.81000 20.77900 110.81500
16 6 21 00 39 32987.30000 47.65700000 2084.49000 144.81000 20.77900 110.81500
16 6 21 00 39 32987.30000 47.65700000 2084.49000 144.81000 20.77900 110.81500
16 6 21 00 39 32987.30000 47.65700000 2084.49000 144.81000 20.77900 110.81500
16 6 21 00 40 32987.30000 47.65700000 2084.49000 144.81000 20.77900 110.81500
16 6 21 00 40 33017.50000 47.65700000 2084.49000 144.52000 20.77900 110.81500
16 6 21 00 41 33021.30000 47.65700000 2084.49000 144.49000 20.77900 110.81500
16 6 21 00 41 33026.90000 47.65700000 2084.49000 144.49000 20.77900 110.81500
16 6 21 00 42 33025.40000 47.65700000 2084.49000 144.49000 20.77900 110.81500
16 6 21 00 42 33025.40000 47.65700000 2084.49000 144.50000 20.77900 110.81500
16 6 21 00 42 33016.80000 47.65700000 2084.49000 144.50000 20.77900 110.81500
16 6 21 00 43 33004.00000 47.65700000 2089.30000 144.50000 20.77900 110.81500
16 6 21 00 43 32988.80000 47.65700000 2087.17000 144.58000 20.77900 110.81500
16 6 21 00 44 32988.80000 47.65700000 2087.17000 144.58000 20.77900 110.57800
16 6 21 00 44 32988.80000 47.65700000 2088.40000 144.58000 20.77900 110.57800
16 6 21 00 45 32988.80000 47.65700000 2088.40000 144.58000 20.77900 110.57800
16 6 21 00 45 33027.90000 47.65700000 2089.36000 144.53000 20.77900 110.57800
16 6 21 00 45 33027.90000 47.65700000 2090.29000 144.53000 20.77900 110.57800
16 6 21 00 46 33030.30000 47.65700000 2090.29000 144.53000 20.77900 110.57800
16 6 21 00 46 33030.30000 47.65700000 2089.78000 144.53000 20.77900 110.57800
16 6 21 00 47 33030.30000 47.65700000 2089.78000 144.53000 20.77900 110.57800
16 6 21 00 47 33030.40000 47.65700000 2089.78000 144.97000 20.77900 110.81300
16 6 21 00 48 33030.40000 47.65700000 2088.46000 144.97000 20.77900 110.81300
16 6 21 00 48 33030.30000 47.65700000 2088.46000 144.97000 20.77900 110.81300
16 6 21 00 48 33030.30000 47.65700000 2088.46000 144.97000 20.77900 110.81300
16 6 21 00 49 33030.30000 47.65700000 2088.46000 144.97000 20.77900 110.81300
16 6 21 00 49 33030.30000 47.65700000 2088.46000 144.97000 20.77900 110.81300
16 6 21 00 50 32998.40000 47.65700000 2088.46000 144.56000 20.77900 110.81300
16 6 21 00 50 33014.10000 47.65700000 2088.46000 144.56000 20.77900 110.81300
16 6 21 00 51 32995.70000 47.65700000 2088.46000 144.56000 20.77900 110.81300
16 6 21 00 51 32995.70000 47.65700000 2088.46000 144.56000 20.77900 110.81300
16 6 21 00 51 32977.30000 47.65700000 2088.46000 144.56000 20.77900 110.81300
16 6 21 00 52 32977.30000 47.40800000 2088.46000 144.56000 20.77900 110.81300
16 6 21 00 52 32961.40000 47.40800000 2088.46000 144.56000 20.77900 110.81300
16 6 21 00 53 32961.40000 47.40800000 2080.88000 144.56000 20.77900 110.81300
16 6 21 00 53 32950.00000 47.40800000 2080.29000 144.56000 20.77900 110.81300
16 6 21 00 54 32965.80000 47.40800000 2082.52000 144.56000 20.77900 110.81300
16 6 21 00 54 32961.90000 47.40800000 2083.54000 144.56000 20.77900 110.81300
16 6 21 00 54 32950.10000 47.40800000 2083.54000 144.56000 20.77900 110.81300
16 6 21 00 55 32891.50000 47.40800000 2076.98000 143.75000 20.77900 110.81300
16 6 21 00 55 32891.50000 47.40800000 2076.98000 143.75000 20.77900 110.81300
16 6 21 00 56 32940.10000 47.40800000 2081.56000 143.75000 20.77900 110.81300
16 6 21 00 56 32966.10000 47.40800000 2083.40000 143.75000 20.77900 110.81300
16 6 21 00 57 32960.90000 47.40800000 2083.40000 143.75000 20.67100 110.81300
16 6 21 00 57 32944.10000 47.40800000 2083.40000 143.75000 20.67100 110.81300
16 6 21 00 57 32948.20000 47.40800000 2083.21000 143.75000 20.67100 110.81300
16 6 21 00 58 32960.90000 47.40800000 2083.21000 143.86000 20.67100 110.81300
16 6 21 00 58 32960.90000 47.40800000 2083.21000 143.86000 20.67100 110.81300
16 6 21 00 59 32973.60000 47.40800000 2083.21000 144.01000 20.67100 110.81300
16 6 21 00 59 32945.40000 47.40800000 2083.21000 144.01000 20.67100 110.81300
16 6 21 01 00 32919.50000 47.40800000 2080.15000 144.01000 20.67100 110.81300
16 6 21 01 00 32855.40000 47.40800000 2080.15000 143.42000 20.62800 110.81300
16 6 21 01 00 32867.10000 47.40800000 2074.64000 143.42000 20.62800 110.81300
16 6 21 01 01 32834.60000 47.40800000 2074.64000 143.30000 20.62800 110.81300
