M=[
25 5 20 16 33 8114.90000 6.32800000 187.33000 39.46000 11.46300 41.57300
25 5 20 16 33 8115.10000 6.32800000 187.15000 39.44000 11.46300 41.57300
25 5 20 16 34 8115.10000 6.32800000 187.38000 39.44000 11.45600 41.48000
25 5 20 16 34 8108.30000 6.32800000 187.44000 39.43000 11.46300 41.57300
25 5 20 16 34 8115.10000 6.32800000 187.47000 39.43000 11.45600 41.57300
25 5 20 16 35 8114.80000 6.32800000 187.39000 39.43000 11.46300 41.57300
25 5 20 16 35 8110.60000 6.32300000 187.39000 39.39000 11.46300 41.57300
25 5 20 16 36 8112.90000 6.32300000 187.38000 39.43000 11.46300 41.57300
25 5 20 16 36 8114.00000 6.32300000 187.38000 39.44000 11.46300 41.57300
25 5 20 16 37 8114.00000 6.32300000 187.38000 39.39000 11.46300 41.48000
25 5 20 16 37 8114.00000 6.32300000 187.38000 39.39000 11.46300 41.48000
25 5 20 16 38 8107.70000 6.32300000 187.38000 39.39000 11.46300 41.57300
25 5 20 16 38 8105.10000 6.32300000 187.38000 39.39000 11.45600 41.57300
25 5 20 16 39 8105.40000 6.32300000 187.38000 39.43000 11.46300 41.57300
25 5 20 16 39 8105.10000 6.32300000 187.38000 39.39000 11.46300 41.57300
25 5 20 16 40 8105.10000 6.32300000 187.38000 39.39000 11.46300 41.57300
25 5 20 16 40 8115.00000 6.32300000 187.31000 39.39000 11.46300 41.57300
25 5 20 16 41 8114.90000 6.32300000 187.31000 39.39000 11.46300 41.57300
25 5 20 16 41 8117.60000 6.32300000 187.31000 39.39000 11.46300 41.57300
25 5 20 16 41 8115.00000 6.31800000 187.31000 39.39000 11.46300 41.48000
25 5 20 16 42 8117.00000 6.31800000 187.38000 39.44000 11.46300 41.57300
25 5 20 16 42 8118.30000 6.32300000 187.47000 39.44000 11.46300 41.57300
25 5 20 16 43 8119.20000 6.32300000 187.47000 39.44000 11.46300 41.57300
25 5 20 16 43 8123.80000 6.32300000 187.47000 39.44000 11.46300 41.57300
25 5 20 16 44 8118.10000 6.32300000 187.47000 39.44000 11.46300 41.57300
25 5 20 16 44 8123.40000 6.32300000 187.47000 39.45000 11.46300 41.57300
25 5 20 16 45 8129.90000 6.32300000 187.47000 39.45000 11.46300 41.57300
25 5 20 16 45 8133.10000 6.31800000 187.47000 39.45000 11.49400 41.57300
25 5 20 16 46 8132.00000 6.32800000 187.47000 39.53000 11.49400 41.57300
25 5 20 16 46 8130.40000 6.31800000 187.61000 39.53000 11.49400 41.57300
25 5 20 16 47 8129.10000 6.31800000 187.38000 39.49000 11.49400 41.57300
25 5 20 16 47 8120.90000 6.31800000 187.38000 39.49000 11.49400 41.48000
25 5 20 16 48 8120.80000 6.31800000 187.34000 39.49000 11.49400 41.75000
25 5 20 16 48 8117.00000 6.31800000 187.23000 39.53000 11.49400 41.75000
25 5 20 16 49 8117.00000 6.31800000 187.23000 39.49000 11.49400 41.48000
25 5 20 16 49 8114.60000 6.31800000 187.20000 39.42000 11.49400 41.75000
25 5 20 16 49 8114.80000 6.31800000 187.20000 39.42000 11.49400 41.75000
25 5 20 16 50 8119.80000 6.30600000 187.20000 39.42000 11.49400 41.75000
25 5 20 16 50 8105.00000 6.30600000 187.20000 39.42000 11.49400 41.75000
25 5 20 16 51 8090.30000 6.30600000 186.82000 39.42000 11.49400 41.75000
25 5 20 16 51 8091.10000 6.30600000 186.84000 39.42000 11.49400 41.75000
25 5 20 16 52 8098.90000 6.31800000 186.84000 39.42000 11.49400 41.75000
25 5 20 16 52 8096.30000 6.30600000 186.84000 39.42000 11.49400 41.75000
25 5 20 16 53 8100.30000 6.30600000 186.93000 39.42000 11.49400 41.75000
25 5 20 16 53 8101.50000 6.30600000 186.93000 39.44000 11.49400 41.75000
25 5 20 16 54 8103.60000 6.30600000 186.93000 39.44000 11.49400 41.75000
25 5 20 16 54 8104.80000 6.31800000 186.93000 39.44000 11.49400 41.75000
25 5 20 16 55 8104.90000 6.30600000 186.93000 39.44000 11.49400 41.75000
25 5 20 16 55 8103.60000 6.30600000 187.05000 39.42000 11.49400 41.75000
25 5 20 16 56 8103.60000 6.30600000 187.14000 39.44000 11.49400 41.75000
25 5 20 16 56 8103.60000 6.30600000 187.14000 39.44000 11.49400 41.75000
25 5 20 16 57 8103.60000 6.30600000 187.17000 39.44000 11.49400 41.75000
25 5 20 16 57 8103.70000 6.30600000 187.25000 39.44000 11.49400 41.75000
25 5 20 16 58 8103.70000 6.30600000 187.17000 39.44000 11.49400 41.75000
25 5 20 16 58 8103.60000 6.30600000 187.18000 39.44000 11.49400 41.75000
25 5 20 16 59 8103.70000 6.30600000 187.13000 39.44000 11.49400 41.75000
25 5 20 16 59 8102.10000 6.30200000 187.13000 39.44000 11.49400 41.75000
25 5 20 17 00 8103.00000 6.31900000 187.13000 39.44000 11.49400 41.75000
25 5 20 17 00 8113.50000 6.31900000 187.26000 39.44000 11.49400 41.75000
25 5 20 17 01 8113.10000 6.31900000 187.13000 39.48000 11.49400 41.80000
25 5 20 17 01 8113.60000 6.31900000 187.22000 39.48000 11.49400 41.80000
25 5 20 17 02 8113.50000 6.31900000 187.21000 39.48000 11.49400 41.80000
25 5 20 17 02 8112.70000 6.31900000 187.19000 39.48000 11.49400 41.80000
25 5 20 17 03 8113.10000 6.31900000 187.22000 39.48000 11.49400 41.80000
25 5 20 17 03 8114.00000 6.32800000 187.21000 39.45000 11.49400 41.80000
25 5 20 17 03 8113.20000 6.32800000 187.21000 39.45000 11.49400 41.80000
25 5 20 17 04 8105.90000 6.32800000 187.22000 39.47000 11.49400 41.80000
25 5 20 17 04 8102.00000 6.32800000 187.05000 39.47000 11.49400 41.80000
25 5 20 17 05 8100.00000 6.32800000 187.06000 39.47000 11.49400 41.80000
25 5 20 17 05 8098.80000 6.32800000 187.19000 39.47000 11.49400 41.80000
25 5 20 17 06 8098.80000 6.30300000 187.12000 39.47000 11.48900 41.80000
25 5 20 17 06 8095.70000 6.30300000 187.22000 39.47000 11.48900 41.80000
25 5 20 17 07 8100.00000 6.30300000 187.16000 39.47000 11.48900 41.80000
25 5 20 17 07 8100.00000 6.30900000 187.17000 39.47000 11.49400 41.80000
25 5 20 17 08 8098.50000 6.30300000 187.13000 39.41000 11.48900 41.80000
25 5 20 17 08 8096.10000 6.30300000 187.00000 39.41000 11.48900 41.80000
25 5 20 17 09 8100.00000 6.30300000 187.00000 39.41000 11.48900 41.80000
25 5 20 17 09 8102.80000 6.30300000 187.00000 39.41000 11.48900 41.80000
25 5 20 17 10 8102.70000 6.30300000 187.16000 39.41000 11.48900 41.80000
25 5 20 17 10 8102.80000 6.30300000 187.17000 39.41000 11.48900 41.80000
25 5 20 17 11 8106.00000 6.30300000 187.17000 39.41000 11.49400 41.75000
25 5 20 17 11 8110.60000 6.30300000 187.16000 39.47000 11.49400 41.75000
25 5 20 17 12 8110.90000 6.30300000 187.16000 39.41000 11.49400 41.75000
25 5 20 17 12 8110.40000 6.30300000 187.34000 39.41000 11.48900 41.75000
25 5 20 17 13 8110.30000 6.30300000 187.28000 39.41000 11.48900 41.75000
25 5 20 17 13 8109.40000 6.30300000 187.11000 39.41000 11.48900 41.75000
25 5 20 17 14 8107.30000 6.30300000 187.21000 39.41000 11.48900 41.75000
25 5 20 17 14 8105.10000 6.30300000 187.21000 39.41000 11.48900 41.75000
25 5 20 17 15 8107.40000 6.30300000 187.21000 39.41000 11.48900 41.75000
25 5 20 17 15 8110.90000 6.30300000 187.25000 39.41000 11.48900 41.75000
25 5 20 17 16 8112.90000 6.30300000 187.25000 39.41000 11.48900 41.75000
25 5 20 17 16 8110.20000 6.30300000 187.15000 39.41000 11.48900 41.75000
25 5 20 17 17 8109.70000 6.30300000 187.28000 39.41000 11.48900 41.75000
25 5 20 17 17 8110.90000 6.30300000 187.28000 39.41000 11.48900 41.75000
25 5 20 17 17 8106.90000 6.30300000 187.24000 39.41000 11.48900 41.75000
25 5 20 17 18 8103.70000 6.30300000 187.27000 39.41000 11.48900 41.75000
25 5 20 17 18 8103.70000 6.30300000 187.13000 39.41000 11.48900 41.75000
25 5 20 17 19 8103.80000 6.30300000 187.13000 39.41000 11.48900 41.75000
25 5 20 17 19 8100.00000 6.30300000 187.13000 39.41000 11.48900 41.75000
25 5 20 17 20 8101.90000 6.30300000 187.13000 39.47000 11.48900 41.75000
25 5 20 17 20 8095.40000 6.30300000 187.13000 39.41000 11.48900 41.75000
25 5 20 17 21 8093.70000 6.30300000 187.02000 39.41000 11.48900 41.75000
25 5 20 17 21 8096.00000 6.30300000 187.14000 39.41000 11.48900 41.75000
25 5 20 17 22 8099.60000 6.30300000 187.14000 39.41000 11.48900 41.75000
25 5 20 17 22 8097.70000 6.30300000 187.16000 39.41000 11.48900 41.80000
25 5 20 17 23 8100.50000 6.30300000 187.09000 39.41000 11.48900 41.80000
25 5 20 17 23 8097.70000 6.30300000 187.09000 39.41000 11.48900 41.80000
25 5 20 17 24 8098.00000 6.30300000 187.16000 39.41000 11.48900 41.80000
25 5 20 17 24 8097.90000 6.30300000 187.10000 39.41000 11.48900 41.80000
