M=[
23 11 20 08 36 15692.80000 5.29400000 493.20000 73.85000 13.99400 60.20700
23 11 20 08 36 15693.00000 5.29400000 493.11000 73.70000 13.99400 60.20700
23 11 20 08 37 15693.00000 5.29400000 493.15000 73.70000 13.99400 60.20700
23 11 20 08 37 15691.50000 5.29400000 493.17000 73.70000 13.99400 60.20700
23 11 20 08 37 15688.50000 5.29400000 492.75000 73.65000 13.99400 60.20700
23 11 20 08 38 15680.40000 5.29400000 492.27000 73.63000 13.99400 60.20700
23 11 20 08 38 15680.40000 5.29400000 491.82000 73.63000 13.99400 60.20700
23 11 20 08 39 15674.90000 5.29400000 491.81000 73.55000 13.99400 60.20700
23 11 20 08 39 15675.00000 5.29400000 492.85000 73.55000 13.99400 60.20700
23 11 20 08 40 15689.20000 5.29400000 493.52000 73.78000 13.99400 60.30000
23 11 20 08 40 15690.90000 5.29400000 492.95000 73.73000 13.99400 60.30000
23 11 20 08 40 15684.10000 5.29400000 492.83000 73.70000 13.99400 60.30000
23 11 20 08 41 15685.50000 5.29400000 492.19000 73.70000 13.99400 60.30000
23 11 20 08 41 15689.00000 5.29400000 492.45000 73.63000 13.99400 60.36500
23 11 20 08 42 15688.10000 5.29400000 492.45000 73.63000 13.99400 60.36500
23 11 20 08 42 15680.20000 5.29400000 492.33000 73.64000 13.99400 60.36500
23 11 20 08 43 15664.90000 5.29400000 492.17000 73.62000 13.99400 60.36500
23 11 20 08 43 15665.00000 5.29400000 492.17000 73.62000 13.99400 60.36500
23 11 20 08 43 15671.70000 5.29400000 491.85000 73.57000 13.99400 60.36500
23 11 20 08 44 15655.70000 5.29400000 492.28000 73.47000 13.99400 60.36500
23 11 20 08 44 15665.60000 5.29400000 492.32000 73.54000 13.99400 60.36500
23 11 20 08 45 15665.70000 5.29400000 492.47000 73.63000 13.99400 60.36500
23 11 20 08 45 15659.00000 5.29400000 492.17000 73.66000 13.99400 60.36500
23 11 20 08 46 15658.90000 5.28900000 491.92000 73.66000 13.99400 60.32500
23 11 20 08 46 15659.00000 5.28900000 491.45000 73.57000 13.99400 60.32500
23 11 20 08 46 15659.00000 5.28900000 491.78000 73.53000 13.87600 60.32500
23 11 20 08 47 15659.00000 5.28900000 491.64000 73.52000 13.87600 60.32500
23 11 20 08 47 15659.00000 5.28900000 491.50000 73.47000 13.87600 60.32500
23 11 20 08 48 15659.10000 5.28900000 491.55000 73.47000 13.87600 60.32500
23 11 20 08 48 15651.30000 5.28900000 491.26000 73.47000 13.87600 60.32500
23 11 20 08 49 15651.90000 5.28900000 491.26000 73.42000 13.87600 60.32500
23 11 20 08 49 15665.70000 5.28900000 491.77000 73.45000 13.87600 60.31500
23 11 20 08 49 15658.80000 5.28900000 491.53000 73.45000 13.87600 60.31500
23 11 20 08 50 15657.00000 5.28900000 491.48000 73.51000 13.99300 60.31500
23 11 20 08 50 15659.40000 5.28900000 491.39000 73.51000 13.99300 60.31500
23 11 20 08 51 15661.00000 5.28900000 491.50000 73.51000 13.99300 60.49500
23 11 20 08 51 15663.00000 5.27700000 491.69000 73.51000 13.99300 60.49500
23 11 20 08 52 15677.20000 5.27700000 491.87000 73.51000 13.99300 60.49500
23 11 20 08 52 15677.20000 5.27700000 492.09000 73.51000 13.99300 60.49500
23 11 20 08 52 15670.20000 5.27400000 491.92000 73.54000 13.89200 60.50200
23 11 20 08 53 15668.40000 5.27300000 491.70000 73.54000 13.89200 60.50200
23 11 20 08 53 15657.10000 5.27300000 491.64000 73.55000 13.98700 60.50200
23 11 20 08 54 15650.10000 5.27300000 491.62000 73.55000 13.98700 60.50000
23 11 20 08 54 15637.70000 5.25700000 491.19000 73.55000 13.98700 60.50000
23 11 20 08 55 15635.30000 5.25100000 491.18000 73.60000 13.98700 60.50000
23 11 20 08 55 15639.40000 5.25000000 491.18000 73.60000 13.98700 60.50000
23 11 20 08 55 15636.50000 5.25000000 491.15000 73.75000 13.91700 60.50000
23 11 20 08 56 15635.30000 5.25000000 490.87000 73.65000 13.91700 60.50000
23 11 20 08 56 15635.30000 5.24200000 490.55000 73.65000 13.91700 60.50000
23 11 20 08 57 15635.30000 5.24200000 490.47000 73.65000 13.77900 60.50000
23 11 20 08 57 15630.10000 5.24100000 490.05000 73.62000 13.77900 60.31000
23 11 20 08 58 15630.10000 5.24100000 490.06000 73.55000 13.78200 60.31000
23 11 20 08 58 15614.00000 5.23100000 490.01000 73.47000 13.78200 60.36100
23 11 20 08 58 15634.20000 5.22700000 490.51000 73.53000 13.78200 60.36100
23 11 20 08 59 15625.30000 5.22700000 490.19000 73.45000 13.78200 60.36100
23 11 20 08 59 15637.00000 5.22700000 490.33000 73.44000 13.78200 60.36100
23 11 20 09 00 15639.00000 5.22700000 490.54000 73.44000 13.78200 60.36100
23 11 20 09 00 15639.00000 5.24000000 490.36000 73.46000 13.78200 60.39000
23 11 20 09 01 15630.60000 5.24000000 490.20000 73.43000 13.97400 60.39000
23 11 20 09 01 15624.50000 5.24000000 490.00000 73.39000 13.97400 60.39000
23 11 20 09 01 15624.10000 5.24000000 489.71000 73.41000 13.97400 60.32100
23 11 20 09 02 15627.80000 5.24000000 489.99000 73.50000 13.97400 60.32100
23 11 20 09 02 15627.70000 5.24000000 489.99000 73.50000 13.97400 60.32100
23 11 20 09 03 15622.70000 5.24000000 489.56000 73.51000 13.97400 60.50000
23 11 20 09 03 15621.70000 5.24000000 489.79000 73.51000 13.97400 60.50000
23 11 20 09 04 15618.20000 5.24000000 489.79000 73.51000 13.97400 60.50000
23 11 20 09 04 15618.10000 5.25800000 490.00000 73.50000 13.97400 60.52000
23 11 20 09 04 15618.10000 5.25800000 490.01000 73.50000 13.97400 60.56000
23 11 20 09 05 15632.50000 5.25800000 490.01000 73.58000 13.97400 60.61000
23 11 20 09 05 15637.20000 5.25800000 491.20000 73.57000 13.97400 60.82900
23 11 20 09 06 15645.30000 5.25800000 491.59000 73.71000 13.97400 60.73200
23 11 20 09 06 15620.60000 5.26600000 491.56000 73.70000 13.97400 60.73200
23 11 20 09 07 15624.40000 5.26600000 491.53000 73.72000 13.97400 60.73200
23 11 20 09 07 15624.40000 5.26600000 490.55000 73.76000 13.97400 60.73200
23 11 20 09 07 15624.40000 5.26600000 491.31000 73.79000 13.97400 60.73200
23 11 20 09 08 15624.40000 5.25000000 491.31000 73.94000 13.97600 60.73200
23 11 20 09 08 15636.70000 5.25000000 491.59000 73.96000 13.97600 60.73200
23 11 20 09 09 15640.00000 5.26600000 491.60000 74.11000 13.97600 60.88000
23 11 20 09 09 15653.50000 5.26600000 491.77000 74.11000 13.97600 60.95000
23 11 20 09 10 15654.90000 5.26600000 491.87000 74.14000 13.97600 60.95000
23 11 20 09 10 15667.10000 5.26600000 492.00000 74.18000 13.97600 60.95000
23 11 20 09 10 15657.20000 5.28100000 492.00000 74.18000 13.97600 60.89500
23 11 20 09 11 15659.80000 5.28100000 491.90000 74.13000 13.97600 60.89500
23 11 20 09 11 15651.60000 5.28100000 491.69000 74.12000 13.97600 60.89500
23 11 20 09 12 15653.90000 5.28100000 491.75000 74.04000 13.97600 60.89500
23 11 20 09 12 15654.60000 5.28100000 491.71000 74.10000 13.97600 60.89500
23 11 20 09 13 15659.00000 5.28100000 491.76000 74.06000 13.97600 60.89500
23 11 20 09 13 15659.10000 5.28100000 491.98000 74.02000 13.97600 60.89500
23 11 20 09 13 15656.70000 5.28100000 492.00000 74.04000 13.97600 60.89500
23 11 20 09 14 15658.60000 5.28100000 492.49000 74.04000 13.97600 60.89500
23 11 20 09 14 15658.90000 5.28100000 493.00000 74.11000 13.97600 60.89500
23 11 20 09 15 15659.40000 5.28100000 493.00000 74.23000 13.97600 60.89500
23 11 20 09 15 15655.10000 5.28100000 492.67000 74.18000 13.97600 60.88100
23 11 20 09 16 15656.30000 5.28100000 493.01000 74.16000 13.97600 60.88100
23 11 20 09 16 15656.30000 5.28100000 492.70000 74.08000 13.97600 60.88100
23 11 20 09 16 15660.00000 5.28900000 493.31000 74.11000 13.97600 60.88100
23 11 20 09 17 15662.60000 5.28900000 493.49000 74.11000 13.97300 60.88100
23 11 20 09 17 15662.00000 5.29700000 493.69000 74.11000 13.97300 60.88100
23 11 20 09 18 15664.30000 5.29700000 493.84000 74.11000 13.97300 60.88100
23 11 20 09 18 15664.30000 5.29700000 493.88000 74.20000 13.97300 60.88100
23 11 20 09 18 15669.40000 5.29700000 493.78000 74.16000 13.97300 60.88100
23 11 20 09 19 15676.30000 5.30500000 493.74000 74.23000 13.97300 60.88100
23 11 20 09 19 15676.10000 5.30500000 493.31000 74.23000 13.97300 60.88100
23 11 20 09 20 15669.40000 5.30500000 493.17000 74.22000 13.97300 60.88100
23 11 20 09 20 15669.50000 5.31300000 493.00000 74.20000 13.97300 60.88100
23 11 20 09 21 15659.50000 5.31300000 493.04000 74.21000 13.97300 60.88100
