M=[
 3 7 20 20 01 8096.90000 5.05900000 201.59000 36.79000 16.02700 45.60600
 3 7 20 20 02 8096.90000 5.05900000 201.59000 36.79000 16.02700 45.60600
 3 7 20 20 02 8096.90000 5.05900000 201.59000 36.79000 16.02700 45.60600
 3 7 20 20 03 8096.80000 5.05900000 201.59000 36.79000 16.02700 45.60600
 3 7 20 20 03 8093.80000 5.05000000 201.59000 36.79000 16.02700 45.60600
 3 7 20 20 04 8093.80000 5.05000000 201.59000 36.78000 16.02700 45.60600
 3 7 20 20 04 8093.80000 5.05000000 201.59000 36.79000 16.02700 45.60600
 3 7 20 20 05 8093.80000 5.05000000 201.60000 36.79000 16.02700 45.60600
 3 7 20 20 05 8092.40000 5.05000000 201.61000 36.79000 16.02700 45.60600
 3 7 20 20 06 8091.50000 5.05000000 201.61000 36.79000 16.02700 45.60600
 3 7 20 20 06 8090.70000 5.05000000 201.60000 36.79000 16.02700 45.60600
 3 7 20 20 06 8090.70000 5.05000000 201.60000 36.79000 16.02700 45.60600
 3 7 20 20 07 8090.70000 5.05000000 201.61000 36.78000 16.02700 45.60600
 3 7 20 20 07 8088.90000 5.05000000 201.61000 36.79000 16.02700 45.60600
 3 7 20 20 08 8088.90000 5.05000000 201.61000 36.78000 16.02700 45.60600
 3 7 20 20 08 8088.90000 5.05000000 201.61000 36.78000 16.02700 45.60600
 3 7 20 20 09 8088.90000 5.05000000 201.60000 36.79000 16.02700 45.60600
 3 7 20 20 09 8087.40000 5.05000000 201.61000 36.79000 16.02700 45.60600
 3 7 20 20 10 8087.30000 5.05000000 201.61000 36.79000 16.02700 45.60700
 3 7 20 20 10 8086.10000 5.05000000 201.60000 36.79000 16.07000 45.60600
 3 7 20 20 11 8085.70000 5.05000000 201.60000 36.79000 16.11100 45.60600
 3 7 20 20 11 8085.40000 5.05000000 201.53000 36.79000 16.11100 45.60600
 3 7 20 20 12 8083.00000 5.05000000 201.53000 36.79000 16.11100 45.60600
 3 7 20 20 12 8085.00000 5.05000000 201.53000 36.78000 16.11100 45.60600
 3 7 20 20 13 8083.70000 5.05000000 201.53000 36.79000 16.11100 45.60600
 3 7 20 20 13 8083.70000 5.05000000 201.53000 36.79000 16.11100 45.60600
 3 7 20 20 14 8083.80000 5.05000000 201.36000 36.78000 16.11100 45.60600
 3 7 20 20 14 8083.80000 5.05000000 201.36000 36.78000 16.11100 45.60600
 3 7 20 20 14 8083.80000 5.05000000 201.36000 36.79000 16.11100 45.60600
 3 7 20 20 15 8086.20000 5.05000000 201.36000 36.79000 16.11100 45.60600
 3 7 20 20 15 8086.20000 5.05000000 201.44000 36.79000 16.11100 45.60600
 3 7 20 20 16 8084.40000 5.05000000 201.47000 36.79000 16.11100 45.60600
 3 7 20 20 16 8084.50000 5.05000000 201.47000 36.78000 16.11100 45.60600
 3 7 20 20 17 8086.00000 5.05000000 201.47000 36.79000 16.11100 45.60700
 3 7 20 20 17 8085.90000 5.05000000 201.47000 36.79000 16.11100 45.60600
 3 7 20 20 18 8086.20000 5.05000000 201.47000 36.79000 16.11100 45.60600
 3 7 20 20 18 8086.60000 5.05000000 201.47000 36.79000 16.11100 45.60600
 3 7 20 20 19 8084.50000 5.05000000 201.50000 36.79000 16.11100 45.60600
 3 7 20 20 19 8087.20000 5.05000000 201.50000 36.79000 16.11100 45.60600
 3 7 20 20 20 8087.20000 5.05000000 201.49000 36.79000 16.11100 45.60700
 3 7 20 20 20 8088.60000 5.05000000 201.49000 36.79000 16.11100 45.60600
 3 7 20 20 21 8088.60000 5.05000000 201.49000 36.79000 16.11100 45.60600
 3 7 20 20 21 8088.50000 5.05000000 201.48000 36.79000 16.11100 45.60600
 3 7 20 20 22 8088.00000 5.05000000 201.48000 36.79000 16.11100 45.60700
 3 7 20 20 22 8089.80000 5.05000000 201.48000 36.79000 16.11100 45.60600
 3 7 20 20 23 8089.70000 5.05000000 201.49000 36.78000 16.11100 45.60600
 3 7 20 20 23 8088.60000 5.05000000 201.49000 36.79000 16.11100 45.60600
 3 7 20 20 24 8088.50000 5.05000000 201.49000 36.79000 16.11100 45.60600
 3 7 20 20 24 8088.60000 5.05000000 201.49000 36.79000 16.11100 45.60600
 3 7 20 20 25 8088.90000 5.05000000 201.49000 36.79000 16.11100 45.60600
 3 7 20 20 25 8088.60000 5.05000000 201.49000 36.78000 16.11100 45.60600
 3 7 20 20 25 8088.50000 5.05000000 201.49000 36.79000 16.11100 45.60600
 3 7 20 20 26 8088.50000 5.05000000 201.49000 36.78000 16.11100 45.60600
 3 7 20 20 26 8088.60000 5.05000000 201.49000 36.79000 16.11100 45.60600
 3 7 20 20 27 8088.50000 5.05000000 201.48000 36.79000 16.11100 45.60600
 3 7 20 20 27 8088.90000 5.05000000 201.57000 36.79000 16.11100 45.60600
 3 7 20 20 28 8088.60000 5.05700000 201.57000 36.79000 16.11100 45.60600
 3 7 20 20 28 8088.60000 5.05700000 201.57000 36.79000 16.11100 45.60600
 3 7 20 20 29 8088.60000 5.05700000 201.66000 36.78000 16.11100 45.60600
 3 7 20 20 29 8088.80000 5.05700000 201.67000 36.79000 16.11100 45.60600
 3 7 20 20 30 8088.70000 5.05700000 201.67000 36.79000 16.11100 45.60600
 3 7 20 20 30 8086.40000 5.05700000 201.65000 36.80000 16.11100 45.60600
 3 7 20 20 31 8086.40000 5.05700000 201.65000 36.80000 16.00000 45.60600
 3 7 20 20 31 8086.40000 5.05700000 201.65000 36.80000 16.00000 45.60600
 3 7 20 20 31 8086.30000 5.05700000 201.65000 36.80000 16.00000 45.60600
 3 7 20 20 32 8086.20000 5.05700000 201.48000 36.80000 16.00000 45.60700
 3 7 20 20 32 8087.80000 5.05700000 201.48000 36.80000 16.00000 45.60600
 3 7 20 20 33 8088.80000 5.05700000 201.54000 36.80000 16.00000 45.60600
 3 7 20 20 33 8086.80000 5.05700000 201.54000 36.80000 16.00000 45.60600
 3 7 20 20 34 8087.80000 5.05700000 201.56000 36.80000 16.00000 45.60600
 3 7 20 20 34 8087.90000 5.05700000 201.57000 36.80000 16.00000 45.60600
 3 7 20 20 35 8087.90000 5.05700000 201.57000 36.80000 16.00000 45.60600
 3 7 20 20 35 8087.80000 5.05700000 201.57000 36.80000 16.00000 45.60600
 3 7 20 20 36 8087.90000 5.05700000 201.57000 36.80000 16.00000 45.60600
 3 7 20 20 36 8087.80000 5.05700000 201.57000 36.80000 16.00000 45.60600
 3 7 20 20 37 8087.80000 5.05700000 201.57000 36.80000 16.00000 45.60600
 3 7 20 20 37 8087.60000 5.05700000 201.57000 36.80000 16.00000 45.60600
 3 7 20 20 38 8084.80000 5.05700000 201.58000 36.80000 16.00000 45.60600
 3 7 20 20 38 8086.00000 5.05700000 201.58000 36.80000 16.00000 45.60600
 3 7 20 20 39 8086.10000 5.05700000 201.58000 36.80000 16.00000 45.60600
 3 7 20 20 39 8086.10000 5.05700000 201.59000 36.80000 16.00000 45.60600
 3 7 20 20 39 8085.90000 5.05700000 201.59000 36.80000 16.00000 45.60600
 3 7 20 20 40 8085.10000 5.05700000 201.59000 36.80000 16.00000 45.60600
 3 7 20 20 40 8085.90000 5.05700000 201.59000 36.80000 16.00000 45.60700
 3 7 20 20 41 8086.00000 5.05700000 201.60000 36.80000 16.00000 45.60600
 3 7 20 20 41 8086.00000 5.05700000 201.59000 36.80000 16.00000 45.60600
 3 7 20 20 42 8085.40000 5.05700000 201.59000 36.80000 16.00000 45.60600
 3 7 20 20 42 8086.00000 5.05700000 201.59000 36.80000 16.00000 45.60600
 3 7 20 20 43 8086.00000 5.05700000 201.59000 36.80000 16.00000 45.60600
 3 7 20 20 43 8086.00000 5.05700000 201.59000 36.80000 16.00000 45.60600
 3 7 20 20 44 8085.20000 5.05700000 201.59000 36.80000 16.00000 45.60600
 3 7 20 20 44 8084.00000 5.05700000 201.59000 36.80000 16.00000 45.60600
 3 7 20 20 45 8082.60000 5.05700000 201.58000 36.80000 16.00000 45.60600
 3 7 20 20 45 8085.50000 5.05700000 201.58000 36.80000 16.20000 45.60600
 3 7 20 20 46 8085.60000 5.05700000 201.58000 36.80000 16.00000 45.60600
 3 7 20 20 46 8088.90000 5.05700000 201.58000 36.80000 16.20000 45.60600
 3 7 20 20 47 8088.90000 5.05700000 201.59000 36.80000 16.20000 45.48000
 3 7 20 20 47 8088.90000 5.05700000 201.59000 36.80000 16.20000 45.48000
 3 7 20 20 48 8088.90000 5.05700000 201.59000 36.80000 16.20000 45.60600
 3 7 20 20 48 8089.40000 5.05700000 201.73000 36.80000 16.20000 45.48000
 3 7 20 20 48 8089.40000 5.05700000 201.91000 36.84000 16.20000 45.48000
 3 7 20 20 49 8097.00000 5.05700000 202.00000 36.86000 16.20000 45.61600
 3 7 20 20 50 8097.00000 5.05700000 202.10000 36.85000 16.20000 45.61600
 3 7 20 20 50 8097.40000 5.05700000 202.11000 36.85000 16.20000 45.61600
 3 7 20 20 51 8097.40000 5.05700000 202.11000 36.85000 16.20000 45.61600
 3 7 20 20 51 8097.40000 5.05700000 202.11000 36.85000 16.20000 45.61600
 3 7 20 20 52 8097.50000 5.05700000 202.11000 36.85000 16.20000 45.61600
 3 7 20 20 52 8097.50000 5.05700000 202.11000 36.85000 16.20000 45.61600
 3 7 20 20 52 8097.40000 5.05700000 202.10000 36.85000 16.20000 45.61600
