M=[
20 12 20 21 02 19613.50000 5.47100000 533.05000 95.63000 15.34400 61.14100
20 12 20 21 02 19612.20000 5.47100000 533.41000 95.55000 15.34400 61.14100
20 12 20 21 02 19600.10000 5.47100000 533.23000 95.55000 15.34400 61.14100
20 12 20 21 03 19562.20000 5.47100000 532.80000 95.52000 15.34400 61.14100
20 12 20 21 03 19592.00000 5.47100000 532.56000 95.51000 15.34400 61.14100
20 12 20 21 04 19591.80000 5.47100000 532.65000 95.51000 15.34400 61.14100
20 12 20 21 04 19588.30000 5.47800000 532.42000 95.52000 15.34400 61.14100
20 12 20 21 05 19583.10000 5.47800000 532.54000 95.50000 15.34400 61.14100
20 12 20 21 05 19602.40000 5.47800000 532.53000 95.50000 15.34400 61.14100
20 12 20 21 05 19583.00000 5.47800000 532.99000 95.52000 15.34400 61.14100
20 12 20 21 06 19600.00000 5.47800000 533.01000 95.80000 15.34400 61.14100
20 12 20 21 06 19600.60000 5.47800000 533.06000 95.80000 15.34400 61.14100
20 12 20 21 07 19585.00000 5.47800000 533.00000 95.78000 15.34400 61.14100
20 12 20 21 07 19599.60000 5.47800000 533.07000 95.76000 15.34400 61.14100
20 12 20 21 08 19590.00000 5.47800000 533.07000 95.80000 15.34400 61.14100
20 12 20 21 08 19585.10000 5.47800000 533.07000 95.65000 15.34400 61.14100
20 12 20 21 08 19585.00000 5.47800000 533.06000 95.63000 15.34400 61.14100
20 12 20 21 09 19447.80000 5.47800000 530.11000 94.91000 15.34400 61.18200
20 12 20 21 09 19447.70000 5.47800000 530.18000 95.04000 15.34400 61.18200
20 12 20 21 10 19470.70000 5.47800000 530.79000 95.34000 15.34400 61.18200
20 12 20 21 10 19446.40000 5.47800000 530.40000 95.19000 15.34400 61.18200
20 12 20 21 11 19433.00000 5.47800000 529.54000 95.09000 15.34400 61.18200
20 12 20 21 11 19408.20000 5.44700000 529.19000 95.17000 15.34400 61.18200
20 12 20 21 11 19447.30000 5.44700000 529.60000 95.12000 15.34400 61.18200
20 12 20 21 12 19408.20000 5.44700000 528.81000 94.83000 15.34400 61.18200
20 12 20 21 12 19350.50000 5.44700000 528.00000 94.63000 15.34400 61.18200
20 12 20 21 13 19353.10000 5.44700000 527.25000 94.72000 15.34400 61.18200
20 12 20 21 13 19358.30000 5.44700000 527.13000 94.57000 15.34400 61.18200
20 12 20 21 14 19393.30000 5.44700000 528.42000 94.81000 15.34400 61.18200
20 12 20 21 14 19363.50000 5.44700000 528.42000 94.54000 15.34400 61.18200
20 12 20 21 14 19350.10000 5.44700000 526.65000 94.26000 15.34400 61.18200
20 12 20 21 15 19327.40000 5.42300000 525.70000 94.15000 15.34400 61.18200
20 12 20 21 15 19250.00000 5.42000000 525.64000 93.81000 15.34400 61.18200
20 12 20 21 16 19311.80000 5.42000000 525.84000 94.08000 15.34400 61.18200
20 12 20 21 16 19329.80000 5.41900000 526.50000 94.00000 15.34400 60.56500
20 12 20 21 16 19346.60000 5.41900000 527.02000 94.09000 15.34400 60.56500
20 12 20 21 17 19360.70000 5.41900000 527.30000 94.22000 15.25000 60.56500
20 12 20 21 17 19381.40000 5.41900000 527.15000 94.22000 15.25000 60.67300
20 12 20 21 18 19380.70000 5.41900000 526.85000 94.07000 15.25000 60.59700
20 12 20 21 18 19332.10000 5.40100000 526.51000 94.07000 15.25000 60.59700
20 12 20 21 19 19348.20000 5.40100000 526.53000 94.06000 15.25000 60.59700
20 12 20 21 19 19353.40000 5.40100000 526.50000 94.03000 15.25000 60.59700
20 12 20 21 19 19324.30000 5.40100000 526.00000 93.75000 15.25000 60.59700
20 12 20 21 20 19303.50000 5.40100000 525.49000 93.68000 15.25000 60.59700
20 12 20 21 20 19270.00000 5.40100000 525.26000 93.61000 15.25000 60.59700
20 12 20 21 21 19311.40000 5.40100000 525.26000 93.63000 15.25000 60.59700
20 12 20 21 21 19309.90000 5.40100000 525.48000 93.66000 15.25000 60.59700
20 12 20 21 22 19340.00000 5.40100000 525.50000 93.67000 15.25000 60.59700
20 12 20 21 22 19304.30000 5.40100000 525.42000 93.76000 15.25000 60.41900
20 12 20 21 22 19312.30000 5.40100000 525.42000 93.68000 15.25000 60.41900
20 12 20 21 23 19315.40000 5.40100000 525.43000 93.79000 15.25000 60.41900
20 12 20 21 23 19340.00000 5.40100000 525.52000 93.84000 15.25000 60.41900
20 12 20 21 24 19365.30000 5.40100000 526.10000 94.02000 15.25000 60.41900
20 12 20 21 24 19365.10000 5.40100000 525.70000 93.93000 15.25000 60.41900
20 12 20 21 25 19374.90000 5.40100000 525.94000 94.03000 15.25000 60.41900
20 12 20 21 25 19388.60000 5.40100000 526.41000 94.03000 15.25000 60.41900
20 12 20 21 25 19367.40000 5.40100000 526.58000 94.08000 15.25000 60.41900
20 12 20 21 26 19389.60000 5.40100000 526.38000 94.23000 15.25000 60.41900
20 12 20 21 26 19360.10000 5.40100000 525.45000 94.02000 15.25000 60.41900
20 12 20 21 27 19360.20000 5.40100000 526.05000 93.97000 15.25000 60.41900
20 12 20 21 27 19360.30000 5.40100000 525.98000 94.03000 15.25000 60.67100
20 12 20 21 28 19372.10000 5.40100000 525.98000 94.09000 15.25000 60.67100
20 12 20 21 28 19389.80000 5.40100000 526.78000 94.09000 15.25000 60.67100
20 12 20 21 28 19394.30000 5.40100000 526.00000 94.04000 15.25000 60.67100
20 12 20 21 29 19391.60000 5.40100000 526.37000 94.04000 15.25000 60.67100
20 12 20 21 29 19382.10000 5.40100000 525.80000 93.97000 15.25000 60.67100
20 12 20 21 30 19382.60000 5.40100000 525.80000 93.88000 15.25000 60.67100
20 12 20 21 30 19373.80000 5.40100000 526.20000 94.11000 15.25000 60.67100
20 12 20 21 31 19387.60000 5.40100000 525.80000 94.00000 15.25000 60.67100
20 12 20 21 31 19406.30000 5.40100000 526.20000 93.97000 15.25000 60.67100
20 12 20 21 31 19410.40000 5.40100000 526.08000 94.16000 15.25000 60.67100
20 12 20 21 32 19406.80000 5.40100000 525.84000 94.08000 15.25000 60.67100
20 12 20 21 32 19418.70000 5.40100000 525.99000 94.08000 15.25000 60.67100
20 12 20 21 33 19418.10000 5.40100000 526.21000 94.08000 15.25000 60.67100
20 12 20 21 33 19385.20000 5.40100000 526.21000 93.96000 15.25000 60.67100
20 12 20 21 34 19380.10000 5.40100000 524.95000 93.88000 15.25000 60.67100
20 12 20 21 34 19380.10000 5.40100000 524.95000 93.93000 15.25000 60.67100
20 12 20 21 34 19356.30000 5.40100000 524.65000 93.94000 15.25000 60.67100
20 12 20 21 35 19323.60000 5.40100000 524.46000 93.85000 15.25000 60.67100
20 12 20 21 35 19282.00000 5.38300000 523.15000 93.30000 15.25000 60.67100
20 12 20 21 36 19273.20000 5.38300000 522.91000 93.27000 15.25000 60.38900
20 12 20 21 36 19253.40000 5.38000000 522.00000 92.80000 15.25000 60.38900
20 12 20 21 37 19228.40000 5.37100000 521.88000 92.75000 15.25000 60.15000
20 12 20 21 37 19168.60000 5.35000000 516.32000 92.17000 15.20000 60.00000
20 12 20 21 37 19180.70000 5.34000000 517.00000 92.28000 15.20000 59.94600
20 12 20 21 38 19199.60000 5.34000000 517.44000 92.61000 15.20000 59.93100
20 12 20 21 38 19180.50000 5.32300000 517.35000 92.50000 15.20000 59.90400
20 12 20 21 39 19177.50000 5.32300000 517.34000 92.48000 15.20000 59.90400
20 12 20 21 39 19198.00000 5.32300000 517.41000 92.64000 15.20000 59.90400
20 12 20 21 40 19192.00000 5.32300000 516.97000 92.64000 15.20000 59.90400
20 12 20 21 40 19179.10000 5.32300000 516.40000 92.59000 15.20000 59.90400
20 12 20 21 40 19195.40000 5.32300000 517.07000 92.82000 15.20000 59.90400
20 12 20 21 41 19204.50000 5.32300000 517.07000 92.87000 15.20000 59.90400
20 12 20 21 41 19219.90000 5.32300000 517.49000 93.01000 15.20000 59.90400
20 12 20 21 42 19220.00000 5.32300000 517.78000 93.04000 15.20000 59.90400
20 12 20 21 42 19224.00000 5.32300000 518.71000 93.07000 15.20000 59.90400
20 12 20 21 43 19262.60000 5.32300000 519.27000 93.18000 15.20000 59.90400
20 12 20 21 43 19239.60000 5.32300000 519.93000 93.22000 15.20000 59.90400
20 12 20 21 43 19230.10000 5.32300000 519.72000 93.23000 15.20000 59.90400
20 12 20 21 44 19230.00000 5.32300000 519.50000 92.98000 15.20000 59.90400
20 12 20 21 44 19230.00000 5.32300000 518.51000 92.93000 15.20000 59.90400
20 12 20 21 45 19200.00000 5.32300000 518.64000 92.80000 15.20000 59.90400
20 12 20 21 45 19230.00000 5.32300000 519.61000 92.93000 15.20000 59.90400
20 12 20 21 46 19242.00000 5.33900000 519.07000 93.06000 15.20000 60.18400
20 12 20 21 46 19242.00000 5.33900000 519.98000 93.06000 15.20000 60.18400
20 12 20 21 46 19247.60000 5.33900000 520.56000 93.29000 15.20000 60.18400
