M=[
31 10 20 08 11 11731.90000 4.52300000 331.35000 47.01000 11.89800 49.60500
31 10 20 08 11 11733.00000 4.52300000 331.57000 47.07000 11.89800 49.60500
31 10 20 08 11 11731.00000 4.52300000 331.51000 47.11000 11.89800 49.60500
31 10 20 08 12 11731.20000 4.52300000 331.50000 47.11000 11.89800 49.60500
31 10 20 08 12 11745.20000 4.52300000 331.38000 47.06000 11.89800 49.60500
31 10 20 08 13 11737.40000 4.52300000 331.18000 47.06000 11.89800 49.60500
31 10 20 08 13 11743.40000 4.52300000 331.21000 47.03000 11.89800 49.60500
31 10 20 08 14 11739.70000 4.52300000 331.13000 47.03000 11.89800 49.60500
31 10 20 08 14 11743.70000 4.52300000 331.13000 47.05000 11.89800 49.60500
31 10 20 08 14 11741.70000 4.52300000 331.14000 47.06000 11.89800 49.60500
31 10 20 08 15 11740.00000 4.52300000 331.17000 47.08000 11.89800 49.60500
31 10 20 08 15 11737.70000 4.52300000 331.17000 47.09000 11.89800 49.60500
31 10 20 08 16 11738.60000 4.52300000 331.08000 47.12000 11.89800 49.60500
31 10 20 08 16 11741.60000 4.53200000 331.08000 47.08000 11.89800 49.60500
31 10 20 08 17 11747.00000 4.53200000 331.12000 47.14000 11.89800 49.60500
31 10 20 08 17 11745.90000 4.53200000 331.12000 47.16000 11.89800 49.60500
31 10 20 08 17 11756.40000 4.53200000 331.12000 47.25000 11.89800 49.60500
31 10 20 08 18 11769.90000 4.53200000 331.12000 47.21000 11.89800 49.60500
31 10 20 08 18 11770.00000 4.53200000 331.31000 47.26000 11.89800 49.60500
31 10 20 08 19 11774.70000 4.53200000 331.54000 47.28000 11.89800 49.60500
31 10 20 08 19 11775.20000 4.53200000 331.35000 47.24000 11.89800 49.60500
31 10 20 08 20 11770.30000 4.53200000 331.22000 47.27000 11.89800 49.60500
31 10 20 08 20 11762.80000 4.53200000 331.01000 47.28000 11.89800 49.60500
31 10 20 08 20 11747.30000 4.53200000 330.60000 47.31000 11.89800 49.60500
31 10 20 08 21 11753.40000 4.53200000 330.67000 47.27000 11.89800 49.60500
31 10 20 08 21 11750.60000 4.53200000 330.57000 47.29000 11.89800 49.60500
31 10 20 08 22 11759.00000 4.53200000 330.57000 47.33000 11.89800 49.60500
31 10 20 08 22 11757.50000 4.53200000 331.04000 47.25000 11.89800 49.60500
31 10 20 08 23 11772.70000 4.53200000 331.04000 47.23000 11.89800 49.60500
31 10 20 08 23 11785.00000 4.53200000 331.33000 47.09000 11.89800 49.60500
31 10 20 08 23 11772.70000 4.53200000 330.88000 47.04000 11.89800 49.60500
31 10 20 08 24 11758.00000 4.53200000 330.82000 47.06000 11.89800 49.60500
31 10 20 08 24 11776.50000 4.53200000 330.95000 47.09000 11.89800 49.60500
31 10 20 08 25 11779.30000 4.53200000 331.12000 47.19000 11.89800 49.60500
31 10 20 08 25 11775.00000 4.53200000 330.99000 47.13000 11.89800 49.60500
31 10 20 08 26 11777.40000 4.53200000 331.06000 47.12000 11.89800 49.60500
31 10 20 08 26 11778.10000 4.53200000 331.06000 47.09000 11.89800 49.60500
31 10 20 08 26 11781.10000 4.53200000 331.19000 47.03000 11.89800 49.60500
31 10 20 08 27 11792.00000 4.53200000 331.52000 47.10000 11.89800 49.60500
31 10 20 08 27 11814.80000 4.53200000 331.84000 47.24000 11.89800 49.60500
31 10 20 08 28 11825.20000 4.53200000 331.93000 47.26000 11.88200 49.60500
31 10 20 08 28 11828.80000 4.53200000 331.93000 47.26000 11.88200 49.60500
31 10 20 08 29 11845.90000 4.53200000 332.05000 47.33000 11.88200 49.60500
31 10 20 08 29 11849.60000 4.53200000 332.19000 47.30000 11.88200 49.60500
31 10 20 08 29 11846.90000 4.53200000 332.36000 47.29000 11.88200 49.60500
31 10 20 08 30 11848.70000 4.53200000 332.46000 47.31000 11.65500 49.60500
31 10 20 08 30 11830.90000 4.53200000 331.94000 47.24000 11.65500 49.60500
31 10 20 08 31 11836.30000 4.53200000 331.94000 47.25000 11.65500 49.60500
31 10 20 08 31 11853.30000 4.53200000 332.34000 47.30000 11.65500 49.60500
31 10 20 08 32 11860.00000 4.53200000 332.95000 47.39000 11.65500 49.60500
31 10 20 08 32 11851.80000 4.53200000 333.06000 47.43000 11.65500 49.60500
31 10 20 08 32 11842.30000 4.53200000 333.27000 47.42000 11.65500 49.60500
31 10 20 08 33 11823.20000 4.53200000 333.07000 47.38000 11.65500 49.60500
31 10 20 08 33 11829.50000 4.53200000 332.95000 47.36000 11.65500 49.60500
31 10 20 08 34 11838.50000 4.53200000 333.32000 47.36000 11.65500 49.60500
31 10 20 08 34 11829.20000 4.53200000 333.21000 47.47000 11.65500 49.60500
31 10 20 08 35 11826.30000 4.53200000 333.08000 47.47000 11.65500 49.60500
31 10 20 08 35 11829.00000 4.53200000 333.08000 47.33000 11.65500 49.60500
31 10 20 08 35 11824.30000 4.53200000 333.08000 47.33000 11.75500 49.60500
31 10 20 08 36 11825.90000 4.53200000 333.07000 47.43000 11.75500 49.60500
31 10 20 08 36 11816.60000 4.53200000 332.66000 47.37000 11.75500 49.60500
31 10 20 08 37 11815.90000 4.53200000 332.75000 47.37000 11.75500 49.60500
31 10 20 08 37 11825.90000 4.53200000 332.73000 47.35000 11.75500 49.60500
31 10 20 08 38 11828.90000 4.53200000 332.52000 47.37000 11.73500 49.60500
31 10 20 08 38 11826.10000 4.53200000 332.49000 47.39000 11.73500 49.60500
31 10 20 08 38 11818.70000 4.53200000 332.51000 47.33000 11.73500 49.60500
31 10 20 08 39 11813.30000 4.53200000 332.45000 47.33000 11.73500 49.60500
31 10 20 08 39 11805.40000 4.53200000 332.28000 47.28000 11.73500 49.60500
31 10 20 08 40 11800.00000 4.53200000 332.21000 47.33000 11.65500 49.60500
31 10 20 08 40 11800.00000 4.53200000 332.26000 47.28000 11.65500 49.60500
31 10 20 08 41 11817.70000 4.53200000 332.30000 47.43000 11.65500 49.60500
31 10 20 08 41 11806.50000 4.53200000 332.52000 47.45000 11.65500 49.60500
31 10 20 08 41 11821.80000 4.53200000 332.74000 47.55000 11.65500 49.60500
31 10 20 08 42 11819.00000 4.53200000 332.79000 47.53000 11.65500 49.60500
31 10 20 08 42 11820.30000 4.53200000 332.90000 47.51000 11.65500 49.60500
31 10 20 08 43 11818.30000 4.53200000 332.88000 47.67000 11.65500 50.16600
31 10 20 08 43 11819.90000 4.53200000 332.84000 47.60000 11.65500 50.16600
31 10 20 08 44 11822.00000 4.53200000 332.73000 47.50000 11.65500 50.16600
31 10 20 08 44 11821.10000 4.53200000 332.70000 47.52000 11.65500 50.16500
31 10 20 08 44 11819.90000 4.54600000 332.68000 47.52000 11.65500 50.16500
31 10 20 08 45 11818.20000 4.54600000 332.59000 47.52000 11.65500 50.16600
31 10 20 08 45 11803.70000 4.54600000 332.34000 47.51000 11.65500 50.16600
31 10 20 08 46 11811.40000 4.54600000 332.48000 47.51000 11.75000 50.16600
31 10 20 08 46 11800.00000 4.54600000 332.48000 47.44000 11.75000 50.16600
31 10 20 08 47 11800.30000 4.54600000 332.48000 47.44000 11.75000 50.16600
31 10 20 08 47 11800.50000 4.54600000 332.34000 47.42000 11.75000 50.16600
31 10 20 08 47 11800.90000 4.54600000 332.36000 47.44000 11.75000 50.16600
31 10 20 08 48 11804.20000 4.54600000 332.36000 47.44000 11.75000 50.16600
31 10 20 08 48 11803.20000 4.54700000 332.36000 47.38000 11.80300 50.16600
31 10 20 08 49 11799.70000 4.54700000 332.36000 47.37000 11.80300 50.16600
31 10 20 08 49 11795.00000 4.54700000 332.36000 47.37000 11.80300 50.16600
31 10 20 08 50 11805.00000 4.54700000 332.52000 47.40000 11.80300 50.31000
31 10 20 08 50 11800.70000 4.54700000 332.52000 47.40000 11.80300 50.31000
31 10 20 08 50 11800.80000 4.54700000 332.40000 47.40000 11.80300 50.31000
31 10 20 08 51 11793.50000 4.54700000 332.40000 47.40000 11.80300 50.31000
31 10 20 08 51 11788.00000 4.54700000 332.44000 47.38000 11.80300 50.31000
31 10 20 08 52 11781.40000 4.54700000 332.44000 47.34000 11.77100 50.31000
31 10 20 08 52 11767.10000 4.54700000 332.02000 47.29000 11.77100 50.31000
31 10 20 08 53 11765.90000 4.54700000 332.02000 47.30000 11.77100 50.31000
31 10 20 08 53 11765.00000 4.54700000 332.01000 47.30000 11.77100 50.31000
31 10 20 08 53 11773.80000 4.54700000 332.01000 47.28000 11.77100 50.31000
31 10 20 08 54 11779.20000 4.54700000 332.23000 47.28000 11.77100 50.31000
31 10 20 08 54 11788.30000 4.54700000 332.23000 47.30000 11.77100 50.31000
31 10 20 08 55 11791.50000 4.54700000 332.32000 47.30000 11.77100 50.31000
31 10 20 08 55 11791.50000 4.54700000 332.49000 47.30000 11.77100 50.31000
31 10 20 08 56 11791.30000 4.54700000 332.49000 47.30000 11.77100 50.31000
