M=[
 5 8 20 03 13 9499.80000 6.02100000 329.24000 48.58000 17.56600 73.06000
 5 8 20 03 14 9498.10000 6.02100000 329.15000 48.58000 17.56600 73.06000
 5 8 20 03 14 9498.10000 6.02100000 329.22000 48.58000 17.56600 73.06000
 5 8 20 03 15 9498.10000 6.02100000 329.22000 48.58000 17.57100 73.06000
 5 8 20 03 15 9498.10000 6.02100000 329.22000 48.58000 17.57100 73.06000
 5 8 20 03 16 9503.40000 6.02100000 329.28000 48.58000 17.57100 73.06000
 5 8 20 03 16 9501.20000 6.02100000 329.28000 48.58000 17.57100 73.06000
 5 8 20 03 16 9501.60000 6.02100000 329.22000 48.58000 17.57100 73.06000
 5 8 20 03 17 9502.40000 6.02100000 329.16000 48.58000 17.57100 73.06000
 5 8 20 03 17 9500.80000 6.02100000 329.15000 48.58000 17.57100 73.06000
 5 8 20 03 18 9499.60000 6.02100000 329.16000 48.58000 17.57700 73.06000
 5 8 20 03 18 9500.20000 6.02100000 329.16000 48.58000 17.57700 73.06000
 5 8 20 03 19 9500.60000 6.02100000 329.15000 48.58000 17.57700 73.06000
 5 8 20 03 19 9500.00000 6.02100000 329.23000 48.58000 17.57700 73.06000
 5 8 20 03 20 9500.00000 6.02100000 329.19000 48.58000 17.57700 73.06000
 5 8 20 03 20 9500.10000 6.02100000 329.14000 48.58000 17.57700 73.06000
 5 8 20 03 21 9500.20000 6.02100000 329.15000 48.58000 17.56600 73.06000
 5 8 20 03 21 9500.10000 6.02100000 328.97000 48.58000 17.56600 73.06000
 5 8 20 03 22 9500.20000 6.02100000 328.97000 48.58000 17.56600 73.06000
 5 8 20 03 22 9500.00000 6.02100000 328.97000 48.58000 17.56600 73.06000
 5 8 20 03 23 9500.00000 6.02100000 328.82000 48.58000 17.56600 73.06000
 5 8 20 03 23 9500.00000 6.02100000 328.82000 48.58000 17.56600 73.18800
 5 8 20 03 23 9500.00000 6.02100000 328.69000 48.58000 17.56600 73.18800
 5 8 20 03 24 9500.00000 6.02100000 328.78000 48.58000 17.56600 73.18800
 5 8 20 03 24 9500.10000 6.02100000 328.96000 48.58000 17.56600 73.18800
 5 8 20 03 25 9494.30000 6.02100000 328.63000 48.58000 17.56600 73.18800
 5 8 20 03 25 9490.30000 6.02100000 328.61000 48.58000 17.56600 73.18800
 5 8 20 03 26 9490.30000 6.02100000 328.61000 48.58000 17.56600 73.18800
 5 8 20 03 26 9489.90000 6.02100000 328.62000 48.58000 17.56600 73.18800
 5 8 20 03 27 9487.40000 6.02100000 328.61000 48.58000 17.56000 73.20000
 5 8 20 03 27 9487.40000 6.02100000 328.61000 48.58000 17.56000 73.20000
 5 8 20 03 28 9487.30000 6.02100000 328.64000 48.58000 17.56000 73.20000
 5 8 20 03 28 9487.30000 6.02100000 328.66000 48.58000 17.56000 73.12000
 5 8 20 03 29 9487.30000 6.02100000 328.61000 48.58000 17.56000 73.12000
 5 8 20 03 29 9487.40000 6.02100000 328.61000 48.58000 17.56000 73.12000
 5 8 20 03 30 9487.40000 6.02100000 328.65000 48.58000 17.56000 73.12000
 5 8 20 03 30 9493.60000 6.02100000 328.66000 48.58000 17.56100 73.12000
 5 8 20 03 30 9494.00000 6.02100000 328.95000 48.58000 17.56100 73.12000
 5 8 20 03 31 9494.00000 6.02100000 329.01000 48.58000 17.56100 73.12000
 5 8 20 03 31 9494.20000 6.02100000 329.02000 48.60000 17.56100 73.12000
 5 8 20 03 32 9494.20000 6.02100000 329.12000 48.60000 17.56100 73.12000
 5 8 20 03 32 9494.30000 6.02100000 329.24000 48.60000 17.56100 73.12000
 5 8 20 03 33 9502.10000 6.02100000 329.23000 48.60000 17.56000 73.12000
 5 8 20 03 33 9502.00000 6.02100000 329.23000 48.60000 17.56000 73.12000
 5 8 20 03 34 9503.00000 6.02100000 329.37000 48.60000 17.56000 73.12000
 5 8 20 03 34 9503.00000 6.02100000 329.40000 48.60000 17.56000 73.12000
 5 8 20 03 35 9503.20000 6.02100000 329.48000 48.60000 17.56000 73.12000
 5 8 20 03 35 9503.70000 6.02100000 329.50000 48.60000 17.56000 73.12000
 5 8 20 03 36 9504.20000 6.02100000 329.48000 48.66000 17.52000 73.12000
 5 8 20 03 36 9503.80000 6.02100000 329.22000 48.66000 17.52000 73.12000
 5 8 20 03 37 9503.80000 6.02100000 329.22000 48.66000 17.52000 73.12000
 5 8 20 03 37 9503.80000 6.02100000 329.22000 48.66000 17.52000 73.12000
 5 8 20 03 38 9501.00000 6.02100000 329.20000 48.66000 17.61300 73.12000
 5 8 20 03 38 9503.60000 6.02100000 329.47000 48.66000 17.61300 73.12000
 5 8 20 03 39 9503.60000 6.02100000 329.33000 48.66000 17.57300 73.12000
 5 8 20 03 39 9508.90000 6.02100000 329.67000 48.69000 17.56000 73.12000
 5 8 20 03 40 9509.90000 6.02100000 329.67000 48.69000 17.58000 73.12000
 5 8 20 03 40 9514.10000 6.02100000 329.68000 48.69000 17.56700 73.12000
 5 8 20 03 41 9515.30000 6.02100000 330.11000 48.69000 17.56700 73.12000
 5 8 20 03 41 9515.30000 6.02100000 330.15000 48.69000 17.56700 73.12000
 5 8 20 03 41 9515.20000 6.02100000 330.12000 48.69000 17.56700 73.12000
 5 8 20 03 42 9515.20000 6.02100000 330.12000 48.69000 17.59000 73.12000
 5 8 20 03 42 9515.30000 6.02100000 330.12000 48.69000 17.59000 73.12000
 5 8 20 03 43 9515.30000 6.02100000 329.80000 48.69000 17.59000 73.12000
 5 8 20 03 43 9515.30000 6.02100000 329.85000 48.69000 17.59000 73.12000
 5 8 20 03 44 9515.30000 6.02100000 329.79000 48.69000 17.59000 73.12000
 5 8 20 03 44 9515.20000 6.02100000 329.79000 48.69000 17.59000 73.12000
 5 8 20 03 45 9515.30000 6.02100000 329.79000 48.69000 17.57000 73.12000
 5 8 20 03 45 9515.30000 6.02100000 329.86000 48.69000 17.57000 73.12000
 5 8 20 03 46 9515.30000 6.02100000 329.86000 48.69000 17.57000 73.12000
 5 8 20 03 46 9515.30000 6.02100000 329.98000 48.69000 17.57000 73.12000
 5 8 20 03 47 9515.30000 6.02100000 329.87000 48.69000 17.63000 73.12000
 5 8 20 03 47 9515.20000 6.02100000 330.08000 48.76000 17.63000 73.12000
 5 8 20 03 48 9515.30000 6.02100000 330.04000 48.76000 17.63000 73.12000
 5 8 20 03 48 9515.20000 6.02100000 330.04000 48.76000 17.57900 73.12000
 5 8 20 03 48 9515.20000 6.02100000 329.88000 48.76000 17.57900 73.12000
 5 8 20 03 49 9515.20000 6.02100000 329.67000 48.76000 17.57900 73.12000
 5 8 20 03 49 9518.50000 6.02100000 329.67000 48.76000 17.57900 73.12000
 5 8 20 03 50 9517.30000 6.02100000 329.63000 48.76000 17.57900 73.12000
 5 8 20 03 50 9516.10000 6.02100000 329.64000 48.76000 17.57900 73.12000
 5 8 20 03 51 9515.40000 6.02100000 329.64000 48.76000 17.57100 73.12000
 5 8 20 03 51 9515.40000 6.02100000 329.62000 48.76000 17.57100 73.12000
 5 8 20 03 52 9514.40000 6.02100000 329.62000 48.76000 17.57100 73.12000
 5 8 20 03 52 9514.30000 6.02100000 329.47000 48.76000 17.57100 73.12000
 5 8 20 03 53 9514.30000 6.02100000 329.47000 48.76000 17.57100 73.12000
 5 8 20 03 53 9514.20000 6.02100000 329.62000 48.76000 17.57100 73.12000
 5 8 20 03 54 9514.30000 6.02100000 329.62000 48.76000 17.57100 73.12000
 5 8 20 03 54 9520.00000 6.02100000 329.62000 48.76000 17.53300 73.12000
 5 8 20 03 55 9521.40000 6.02100000 329.62000 48.76000 17.53300 73.12000
 5 8 20 03 55 9524.70000 6.02100000 329.63000 48.76000 17.53300 73.12000
 5 8 20 03 56 9524.70000 6.02100000 329.77000 48.76000 17.53300 73.12000
 5 8 20 03 56 9524.70000 6.02100000 329.77000 48.76000 17.53300 73.12000
 5 8 20 03 56 9524.80000 6.02100000 329.77000 48.76000 17.59900 73.12000
 5 8 20 03 57 9524.80000 6.02100000 329.82000 48.76000 17.53300 73.12000
 5 8 20 03 57 9522.60000 6.02100000 329.78000 48.75000 17.53300 73.12000
 5 8 20 03 58 9523.50000 6.02600000 329.73000 48.75000 17.53300 73.12000
 5 8 20 03 58 9526.70000 6.02600000 329.73000 48.75000 17.56000 73.27900
 5 8 20 03 59 9526.70000 6.02600000 329.73000 48.75000 17.56000 73.27900
 5 8 20 03 59 9528.70000 6.02600000 329.73000 48.75000 17.59700 73.27900
 5 8 20 04 00 9529.70000 6.02600000 330.49000 48.75000 17.55000 73.19200
 5 8 20 04 00 9528.80000 6.02600000 330.49000 48.75000 17.55000 73.19200
 5 8 20 04 01 9527.60000 6.02600000 330.32000 48.75000 17.55000 73.19200
 5 8 20 04 01 9527.60000 6.02600000 330.32000 48.75000 17.55000 73.19200
 5 8 20 04 02 9528.90000 6.02600000 330.32000 48.75000 17.55000 73.19200
 5 8 20 04 02 9528.80000 6.02600000 330.27000 48.75000 17.55000 73.19200
 5 8 20 04 03 9529.40000 6.02600000 330.27000 48.75000 17.54300 73.19200
 5 8 20 04 03 9532.50000 6.02600000 330.24000 48.75000 17.54300 73.19200
 5 8 20 04 04 9533.20000 6.02600000 330.24000 48.75000 17.54300 73.19200
 5 8 20 04 04 9533.20000 6.02600000 330.12000 48.75000 17.54300 73.19200
