M=[
27 8 20 20 47 9550.70000 5.29500000 321.61000 46.86000 18.86100 61.05700
27 8 20 20 47 9548.10000 5.29500000 321.67000 46.86000 18.86100 61.05700
27 8 20 20 48 9549.00000 5.29500000 321.61000 46.86000 18.86100 61.05700
27 8 20 20 48 9548.80000 5.29500000 321.63000 46.86000 18.86100 61.05700
27 8 20 20 49 9547.40000 5.29500000 321.63000 46.86000 18.86100 61.05700
27 8 20 20 49 9547.50000 5.27500000 321.63000 46.86000 18.86100 61.05700
27 8 20 20 49 9545.10000 5.27500000 321.63000 46.86000 18.86100 61.05700
27 8 20 20 50 9543.30000 5.27500000 321.58000 46.86000 18.86100 61.05700
27 8 20 20 50 9543.20000 5.27500000 321.55000 46.86000 18.86100 60.87000
27 8 20 20 51 9543.30000 5.27500000 321.55000 46.86000 18.86100 60.87000
27 8 20 20 51 9543.30000 5.27500000 321.56000 46.86000 18.84300 60.87000
27 8 20 20 52 9543.20000 5.25600000 321.56000 46.86000 18.84300 60.87000
27 8 20 20 52 9543.30000 5.25600000 321.56000 46.86000 18.84300 60.87000
27 8 20 20 53 9544.40000 5.25600000 321.87000 46.86000 18.84300 60.93000
27 8 20 20 53 9545.90000 5.25600000 322.09000 46.99000 18.84300 60.93000
27 8 20 20 54 9546.50000 5.25600000 322.09000 46.99000 18.84300 60.93000
27 8 20 20 54 9546.90000 5.25600000 321.88000 46.92000 18.82200 60.93000
27 8 20 20 55 9546.90000 5.25600000 321.88000 46.92000 18.82200 60.93000
27 8 20 20 55 9546.90000 5.25600000 321.87000 46.92000 18.82200 60.93000
27 8 20 20 56 9546.80000 5.25600000 321.65000 46.94000 18.82200 60.93000
27 8 20 20 56 9546.90000 5.25600000 321.74000 46.94000 18.82200 60.93000
27 8 20 20 57 9546.90000 5.25600000 321.80000 46.94000 18.82200 60.93000
27 8 20 20 57 9546.90000 5.25600000 321.53000 46.94000 18.82200 60.93000
27 8 20 20 58 9546.80000 5.25600000 321.59000 46.93000 18.82200 60.93000
27 8 20 20 58 9546.90000 5.25600000 321.57000 46.91000 18.82200 60.93000
27 8 20 20 59 9546.70000 5.25600000 321.56000 46.91000 18.82200 60.93000
27 8 20 20 59 9543.60000 5.25600000 321.51000 46.91000 18.82200 60.93000
27 8 20 21 00 9543.30000 5.25600000 321.84000 46.91000 18.82200 60.93000
27 8 20 21 00 9543.30000 5.25600000 321.83000 46.91000 18.82200 60.93000
27 8 20 21 01 9543.30000 5.25600000 321.46000 46.91000 18.82200 60.72000
27 8 20 21 01 9543.30000 5.25600000 321.37000 46.91000 18.82200 60.66000
27 8 20 21 01 9543.20000 5.25600000 321.26000 46.91000 18.82200 60.66000
27 8 20 21 02 9536.30000 5.25600000 321.28000 46.82000 18.82200 60.66000
27 8 20 21 02 9536.30000 5.25600000 321.28000 46.82000 18.82200 60.59000
27 8 20 21 03 9536.30000 5.25600000 321.22000 46.82000 18.82200 60.68000
27 8 20 21 03 9536.50000 5.25600000 321.28000 46.82000 18.82200 60.77000
27 8 20 21 04 9536.70000 5.25600000 321.49000 46.82000 18.82200 60.85000
27 8 20 21 04 9545.00000 5.25600000 321.85000 46.82000 18.82200 60.85000
27 8 20 21 05 9549.00000 5.25600000 322.40000 46.82000 18.82200 60.85000
27 8 20 21 05 9549.00000 5.25600000 322.39000 46.82000 18.82200 60.85000
27 8 20 21 06 9547.90000 5.25600000 322.40000 46.82000 18.82200 60.85000
27 8 20 21 06 9547.90000 5.25600000 322.46000 46.82000 18.82200 60.93000
27 8 20 21 07 9547.90000 5.25600000 322.41000 47.06000 18.82200 60.93000
27 8 20 21 07 9547.90000 5.25600000 322.17000 47.06000 18.82200 60.93000
27 8 20 21 08 9549.00000 5.25600000 322.17000 47.06000 18.78300 60.93000
27 8 20 21 08 9549.00000 5.25600000 322.20000 47.04000 18.78300 60.93000
27 8 20 21 09 9548.90000 5.25600000 322.34000 47.04000 18.78300 60.93000
27 8 20 21 09 9549.00000 5.25600000 322.26000 47.04000 18.78300 60.93000
27 8 20 21 09 9549.00000 5.25600000 322.29000 47.04000 18.78300 60.93000
27 8 20 21 10 9550.10000 5.25600000 322.36000 47.04000 18.78200 60.93000
27 8 20 21 10 9550.00000 5.25600000 322.59000 47.04000 18.78200 60.93000
27 8 20 21 11 9550.00000 5.25600000 322.48000 47.04000 18.78200 61.02800
27 8 20 21 11 9550.70000 5.25600000 322.48000 47.04000 18.78200 61.02800
27 8 20 21 12 9552.20000 5.25600000 322.34000 47.04000 18.81600 61.02800
27 8 20 21 12 9554.00000 5.25600000 322.54000 47.02000 18.81600 61.02800
27 8 20 21 13 9554.10000 5.25600000 322.46000 47.02000 18.81600 61.02800
27 8 20 21 13 9554.10000 5.25600000 322.34000 46.97000 18.81600 61.02800
27 8 20 21 14 9554.10000 5.25600000 322.34000 46.97000 18.81600 61.02800
27 8 20 21 14 9554.20000 5.25600000 322.34000 46.92000 18.79000 61.02800
27 8 20 21 14 9554.20000 5.25600000 322.24000 46.93000 18.79000 61.02800
27 8 20 21 15 9554.10000 5.25600000 322.63000 46.93000 18.85600 61.02800
27 8 20 21 15 9554.20000 5.25600000 322.63000 46.93000 18.85600 61.02800
27 8 20 21 16 9550.20000 5.25600000 322.44000 46.93000 18.84400 61.02800
27 8 20 21 16 9550.20000 5.25600000 322.62000 46.93000 18.84400 61.02800
27 8 20 21 17 9550.20000 5.25600000 322.62000 46.93000 18.84400 61.02800
27 8 20 21 17 9550.30000 5.25600000 322.62000 46.93000 18.84400 61.02800
27 8 20 21 18 9550.20000 5.25600000 322.63000 46.93000 18.84400 61.02800
27 8 20 21 18 9554.80000 5.25600000 322.63000 46.93000 18.84400 61.02800
27 8 20 21 19 9554.70000 5.25600000 322.64000 46.93000 18.84400 61.02800
27 8 20 21 19 9555.50000 5.25600000 322.64000 46.93000 18.84400 61.02800
27 8 20 21 19 9558.90000 5.25600000 323.07000 47.07000 18.84400 61.02800
27 8 20 21 20 9559.40000 5.25600000 323.10000 47.07000 18.84400 61.02800
27 8 20 21 20 9560.40000 5.25600000 323.09000 47.08000 18.84400 61.02800
27 8 20 21 21 9560.30000 5.25600000 323.08000 47.08000 18.84400 61.02800
27 8 20 21 21 9563.00000 5.25600000 323.08000 47.08000 18.84400 61.02800
27 8 20 21 22 9562.80000 5.25600000 323.08000 47.08000 18.84400 61.02800
27 8 20 21 22 9562.90000 5.25600000 323.16000 47.08000 18.84400 61.02800
27 8 20 21 23 9562.90000 5.25600000 323.16000 47.08000 18.84400 61.02800
27 8 20 21 23 9561.60000 5.25600000 323.11000 47.08000 18.84400 61.02800
27 8 20 21 24 9561.30000 5.25600000 323.11000 47.08000 18.84400 61.02800
27 8 20 21 24 9562.30000 5.25600000 322.85000 47.08000 18.83200 61.21000
27 8 20 21 25 9563.50000 5.25600000 322.80000 47.17000 18.83200 61.21000
27 8 20 21 25 9563.70000 5.25600000 322.85000 47.17000 18.83200 61.21000
27 8 20 21 26 9568.50000 5.25600000 322.96000 47.17000 18.83200 61.21000
27 8 20 21 26 9569.20000 5.25600000 323.06000 47.17000 18.83200 61.21000
27 8 20 21 26 9572.10000 5.25600000 323.09000 47.17000 18.83200 61.21000
27 8 20 21 27 9570.20000 5.25600000 323.25000 47.17000 18.83200 61.21000
27 8 20 21 27 9575.00000 5.25600000 323.25000 47.17000 18.83200 61.21000
27 8 20 21 28 9576.50000 5.25600000 323.39000 47.17000 18.83200 61.21000
27 8 20 21 28 9577.80000 5.25600000 323.52000 47.17000 18.83200 61.21000
27 8 20 21 29 9577.90000 5.25600000 323.44000 47.17000 18.83200 61.21000
27 8 20 21 29 9577.50000 5.25600000 323.50000 47.17000 18.83200 61.21000
27 8 20 21 30 9577.50000 5.25600000 323.49000 47.17000 18.83200 61.21000
27 8 20 21 30 9575.10000 5.25600000 323.35000 47.17000 18.83200 61.21000
27 8 20 21 31 9575.10000 5.25600000 323.34000 47.17000 18.83200 61.21000
27 8 20 21 31 9575.10000 5.25600000 323.25000 47.17000 18.83200 61.21000
27 8 20 21 31 9575.10000 5.25600000 323.25000 47.17000 18.86500 61.21000
27 8 20 21 32 9575.10000 5.25600000 322.99000 47.17000 18.86500 61.21000
27 8 20 21 32 9576.10000 5.25600000 322.99000 47.11000 18.86500 61.21000
27 8 20 21 33 9575.50000 5.29000000 322.99000 47.11000 18.86500 61.21000
27 8 20 21 33 9576.00000 5.29000000 322.99000 47.17000 18.86500 61.21000
27 8 20 21 34 9575.60000 5.29000000 323.10000 47.17000 18.86500 61.21000
27 8 20 21 34 9575.50000 5.29000000 323.15000 47.17000 18.86500 61.21000
27 8 20 21 35 9575.50000 5.29000000 323.15000 47.17000 18.86500 61.21000
27 8 20 21 35 9575.20000 5.29000000 323.15000 47.17000 18.86500 61.21000
27 8 20 21 36 9570.30000 5.29000000 323.15000 47.17000 18.86500 61.21000
27 8 20 21 36 9565.60000 5.29000000 323.16000 47.17000 18.86500 61.21000
27 8 20 21 37 9563.40000 5.29000000 323.15000 47.17000 18.86500 61.21000
27 8 20 21 37 9561.20000 5.29000000 323.15000 47.17000 18.86500 61.21000
