M=[
 1 6 21 20 58 29699.00000 55.02300000 2103.03000 147.86000 23.70000 123.86000
 1 6 21 20 59 29739.50000 55.02300000 2108.48000 148.10000 23.70000 123.86000
 1 6 21 20 59 29739.40000 55.02300000 2111.98000 148.11000 23.70000 123.86000
 1 6 21 20 59 29739.50000 55.02300000 2111.55000 148.11000 23.74800 123.86000
 1 6 21 21 00 29739.50000 55.02300000 2111.31000 148.07000 23.74800 123.86000
 1 6 21 21 00 29718.00000 55.02300000 2107.18000 148.07000 23.74800 123.86000
 1 6 21 21 01 29715.40000 55.02300000 2107.30000 148.07000 23.74800 123.86000
 1 6 21 21 01 29699.90000 55.02300000 2106.07000 148.07000 23.78900 123.86000
 1 6 21 21 02 29729.70000 55.18200000 2106.75000 147.88000 23.78900 123.86000
 1 6 21 21 02 29732.60000 55.18200000 2106.93000 148.02000 23.78900 124.17300
 1 6 21 21 02 29717.60000 55.18200000 2106.01000 147.96000 23.78900 124.17300
 1 6 21 21 03 29706.10000 55.18200000 2104.07000 147.73000 23.78900 124.17300
 1 6 21 21 03 29718.90000 55.18200000 2103.61000 147.73000 23.78900 124.17300
 1 6 21 21 04 29709.10000 55.11900000 2105.68000 147.73000 23.78900 124.17300
 1 6 21 21 04 29709.10000 55.11900000 2104.31000 147.91000 23.78900 124.17300
 1 6 21 21 05 29721.30000 55.11900000 2105.00000 148.00000 23.78900 124.17300
 1 6 21 21 05 29736.00000 55.11900000 2105.77000 147.99000 23.78900 124.17300
 1 6 21 21 05 29739.40000 55.09600000 2107.99000 147.97000 23.78900 124.22400
 1 6 21 21 06 29739.50000 55.09600000 2107.66000 147.97000 23.78900 124.29200
 1 6 21 21 06 29739.50000 55.09600000 2108.00000 147.97000 23.78900 124.29200
 1 6 21 21 07 29733.80000 55.09600000 2108.00000 147.90000 23.78900 124.29200
 1 6 21 21 07 29723.50000 55.09600000 2107.44000 147.87000 23.78900 124.29200
 1 6 21 21 08 29724.40000 55.09600000 2107.46000 147.85000 23.78900 124.29200
 1 6 21 21 08 29735.00000 55.09600000 2107.46000 147.91000 23.78900 124.29200
 1 6 21 21 08 29735.00000 55.09600000 2107.53000 147.91000 23.78900 124.29200
 1 6 21 21 09 29735.00000 55.10400000 2107.33000 147.91000 23.78900 124.29200
 1 6 21 21 09 29735.00000 55.10400000 2107.50000 147.91000 23.78900 124.29200
 1 6 21 21 10 29735.00000 55.10400000 2107.50000 148.09000 23.78900 124.29200
 1 6 21 21 10 29735.00000 55.06200000 2110.24000 148.10000 23.78900 124.29200
 1 6 21 21 11 29735.00000 55.06200000 2110.06000 148.10000 23.78900 124.29200
 1 6 21 21 11 29739.40000 55.06200000 2109.45000 148.05000 23.78900 124.29200
 1 6 21 21 11 29750.10000 55.06200000 2109.28000 148.05000 23.78900 124.29200
 1 6 21 21 12 29763.60000 55.06200000 2109.80000 148.05000 23.78900 124.29200
 1 6 21 21 12 29765.00000 55.03400000 2109.80000 148.08000 23.78900 124.29200
 1 6 21 21 13 29775.10000 55.01300000 2109.80000 148.08000 23.78900 124.29200
 1 6 21 21 13 29760.40000 55.01300000 2109.80000 148.07000 23.78900 124.29200
 1 6 21 21 14 29741.70000 55.03100000 2109.80000 148.01000 23.78900 124.29200
 1 6 21 21 14 29739.10000 55.03100000 2108.65000 148.02000 23.78900 124.29200
 1 6 21 21 14 29735.60000 55.01700000 2108.39000 147.96000 23.78900 124.74500
 1 6 21 21 15 29720.80000 55.01700000 2107.23000 147.96000 23.78900 124.74500
 1 6 21 21 15 29726.20000 55.01700000 2106.55000 148.03000 23.78900 124.74500
 1 6 21 21 16 29739.10000 55.02100000 2107.34000 148.08000 23.78900 124.62300
 1 6 21 21 16 29739.00000 55.02100000 2107.69000 148.08000 23.78900 124.63500
 1 6 21 21 17 29739.10000 55.02100000 2107.50000 148.07000 23.78900 124.63500
 1 6 21 21 17 29739.10000 55.04000000 2107.50000 148.19000 23.78900 124.46200
 1 6 21 21 17 29739.00000 55.04000000 2107.36000 148.19000 23.78900 124.46200
 1 6 21 21 18 29739.00000 55.04000000 2107.01000 148.19000 23.78900 124.46200
 1 6 21 21 18 29739.10000 55.04000000 2107.49000 148.22000 23.80300 124.46200
 1 6 21 21 19 29739.00000 55.03700000 2107.50000 148.22000 23.80300 124.46200
 1 6 21 21 19 29739.10000 55.08800000 2109.79000 148.22000 23.80300 124.46200
 1 6 21 21 20 29739.10000 55.08800000 2110.00000 148.22000 23.80300 124.46200
 1 6 21 21 20 29739.10000 55.08800000 2109.99000 148.22000 23.80300 124.46200
 1 6 21 21 20 29739.10000 55.08800000 2113.00000 148.22000 23.80300 124.46200
 1 6 21 21 21 29740.00000 55.08800000 2114.97000 148.22000 23.80300 124.46200
 1 6 21 21 21 29741.60000 55.08800000 2114.94000 148.22000 23.80300 124.46200
 1 6 21 21 22 29741.60000 55.08800000 2117.00000 148.31000 23.80300 124.46200
 1 6 21 21 22 29741.60000 55.00000000 2117.23000 148.31000 23.80300 124.46200
 1 6 21 21 23 29752.20000 55.00000000 2116.14000 148.31000 23.80300 124.46200
 1 6 21 21 23 29755.20000 55.00000000 2116.00000 148.31000 23.80300 124.22500
 1 6 21 21 23 29755.90000 55.00000000 2116.06000 148.32000 23.80300 124.22500
 1 6 21 21 24 29756.00000 55.00000000 2116.13000 148.90000 23.80300 124.22500
 1 6 21 21 24 29775.10000 55.00000000 2122.74000 148.90000 23.80300 124.22500
 1 6 21 21 25 29810.80000 55.00000000 2121.12000 148.97000 23.80300 124.22500
 1 6 21 21 25 29795.10000 55.00000000 2116.69000 148.75000 23.91300 124.22500
 1 6 21 21 26 29778.80000 54.91200000 2116.01000 148.89000 23.91300 124.22500
 1 6 21 21 26 29775.20000 54.97300000 2113.50000 148.87000 23.91300 124.22500
 1 6 21 21 26 29769.40000 54.97300000 2112.84000 148.86000 23.91300 124.22500
 1 6 21 21 27 29765.80000 54.97300000 2116.66000 148.95000 23.91300 124.22500
 1 6 21 21 27 29765.80000 54.97300000 2117.86000 148.95000 23.91300 124.22500
 1 6 21 21 28 29765.80000 54.94500000 2117.86000 148.95000 23.91300 124.22500
 1 6 21 21 28 29751.70000 54.94500000 2119.14000 148.95000 23.91300 124.22500
 1 6 21 21 29 29753.30000 54.94500000 2119.13000 148.93000 23.91300 124.22500
 1 6 21 21 29 29753.70000 54.97200000 2118.21000 148.93000 23.91300 124.22500
 1 6 21 21 29 29751.00000 54.97200000 2118.33000 148.88000 23.91300 124.53900
 1 6 21 21 30 29713.30000 54.97200000 2118.34000 148.88000 23.91300 124.53900
 1 6 21 21 30 29741.30000 54.97200000 2117.15000 148.88000 23.91300 124.53900
 1 6 21 21 31 29738.00000 54.97200000 2116.57000 148.76000 23.91300 124.53900
 1 6 21 21 31 29732.20000 54.97200000 2117.00000 148.76000 23.91300 124.53900
 1 6 21 21 32 29732.10000 54.97200000 2117.01000 148.48000 23.91300 124.53900
 1 6 21 21 32 29728.80000 54.97400000 2117.13000 148.48000 23.91300 124.53900
 1 6 21 21 32 29728.90000 54.97400000 2117.84000 148.48000 23.91300 124.53900
 1 6 21 21 33 29724.90000 54.97400000 2118.55000 148.36000 23.91300 124.53900
 1 6 21 21 33 29725.00000 54.97400000 2118.55000 148.36000 23.91300 124.53900
 1 6 21 21 34 29724.90000 54.95600000 2119.05000 148.39000 23.91300 124.53900
 1 6 21 21 34 29725.00000 54.95600000 2119.05000 148.39000 23.91300 124.53900
 1 6 21 21 35 29724.90000 54.95600000 2119.05000 148.39000 23.91300 124.53900
 1 6 21 21 35 29724.90000 54.95600000 2119.05000 148.39000 23.91300 124.53900
 1 6 21 21 35 29724.90000 54.95600000 2117.74000 148.39000 23.91300 124.53900
 1 6 21 21 36 29743.50000 54.95600000 2116.83000 148.39000 23.91300 124.53900
 1 6 21 21 36 29743.50000 54.92000000 2116.56000 148.39000 23.91300 124.53900
 1 6 21 21 37 29743.50000 54.92000000 2116.57000 148.39000 23.91300 124.53900
 1 6 21 21 37 29743.50000 54.92000000 2115.00000 148.39000 24.10900 124.53900
 1 6 21 21 38 29736.60000 54.92000000 2114.21000 148.39000 24.10900 124.53900
 1 6 21 21 38 29735.00000 55.00000000 2113.84000 148.45000 24.10900 124.53900
 1 6 21 21 38 29704.10000 55.00000000 2112.83000 148.45000 24.10900 124.53900
 1 6 21 21 39 29704.10000 55.00000000 2112.83000 148.56000 24.10900 124.53900
 1 6 21 21 39 29704.10000 55.00000000 2112.82000 148.56000 24.10900 124.53900
 1 6 21 21 40 29690.20000 55.00000000 2112.00000 148.51000 24.10900 124.53900
 1 6 21 21 40 29634.90000 55.00000000 2105.89000 148.48000 24.10900 124.22400
 1 6 21 21 41 29634.00000 55.00000000 2104.68000 148.03000 24.10900 124.22400
 1 6 21 21 41 29636.70000 55.00000000 2105.59000 148.21000 24.10900 124.22400
 1 6 21 21 41 29641.20000 55.00000000 2107.01000 147.96000 24.35500 124.22400
