M=[
29 6 20 19 08 8145.00000 5.16100000 201.16000 37.01000 14.77200 46.47600
29 6 20 19 09 8145.00000 5.16100000 201.13000 37.05000 14.77200 46.47600
29 6 20 19 09 8144.90000 5.16100000 201.04000 37.05000 14.77200 46.47600
29 6 20 19 10 8145.00000 5.16100000 201.05000 37.05000 14.76500 46.47600
29 6 20 19 10 8145.00000 5.16100000 201.04000 37.05000 14.77200 46.47600
29 6 20 19 11 8145.00000 5.16100000 201.04000 37.05000 14.77200 46.47600
29 6 20 19 11 8145.00000 5.16100000 201.07000 37.05000 14.77200 46.47600
29 6 20 19 11 8145.00000 5.16100000 201.07000 37.05000 14.77200 46.47600
29 6 20 19 12 8145.00000 5.16100000 201.12000 37.05000 14.77200 46.47600
29 6 20 19 12 8145.00000 5.16100000 201.17000 37.05000 14.77200 46.47600
29 6 20 19 13 8145.00000 5.16100000 201.12000 37.05000 14.77200 46.47600
29 6 20 19 13 8144.90000 5.16100000 201.16000 37.05000 14.77200 46.47600
29 6 20 19 14 8145.00000 5.16100000 201.13000 37.05000 14.77200 46.47600
29 6 20 19 14 8144.90000 5.16100000 201.13000 37.05000 14.77200 46.47600
29 6 20 19 15 8144.70000 5.16100000 201.02000 37.05000 14.77200 46.47600
29 6 20 19 15 8144.70000 5.16100000 201.02000 37.05000 14.77200 46.47600
29 6 20 19 16 8144.70000 5.16100000 201.02000 37.05000 14.77200 46.47600
29 6 20 19 16 8141.90000 5.16100000 201.13000 37.05000 14.77200 46.47600
29 6 20 19 17 8139.60000 5.16100000 201.08000 37.05000 14.77200 46.47600
29 6 20 19 17 8139.60000 5.16100000 201.08000 37.05000 14.77200 46.47600
29 6 20 19 18 8139.60000 5.16100000 201.08000 37.05000 14.76500 46.47600
29 6 20 19 18 8138.30000 5.16100000 201.06000 37.02000 14.77200 46.73300
29 6 20 19 18 8138.40000 5.16100000 201.06000 37.02000 14.77200 46.47600
29 6 20 19 19 8138.40000 5.16100000 201.06000 37.02000 14.77200 46.47600
29 6 20 19 19 8138.40000 5.16100000 201.07000 37.05000 14.77200 46.47600
29 6 20 19 20 8138.30000 5.16100000 201.06000 37.02000 14.77200 46.73300
29 6 20 19 20 8138.30000 5.16100000 201.05000 37.05000 14.77200 46.47600
29 6 20 19 21 8137.70000 5.16100000 201.05000 37.05000 14.77200 46.47600
29 6 20 19 21 8137.60000 5.16100000 201.05000 37.02000 14.77200 46.47600
29 6 20 19 22 8137.70000 5.16100000 201.08000 37.02000 14.77200 46.47600
29 6 20 19 22 8137.70000 5.16100000 201.08000 37.02000 14.77200 46.47600
29 6 20 19 23 8137.70000 5.16100000 201.10000 37.02000 14.77200 46.73300
29 6 20 19 23 8137.70000 5.16100000 201.14000 37.02000 14.77200 46.47600
29 6 20 19 23 8136.50000 5.16100000 201.14000 37.02000 14.77200 46.54900
29 6 20 19 24 8136.30000 5.16100000 201.09000 37.02000 14.77200 46.54900
29 6 20 19 24 8137.30000 5.16100000 201.16000 37.02000 14.77200 46.54900
29 6 20 19 25 8137.70000 5.16100000 201.17000 37.02000 14.77200 46.54900
29 6 20 19 25 8137.70000 5.16100000 201.08000 37.04000 14.77200 46.54900
29 6 20 19 26 8136.70000 5.16100000 201.09000 37.04000 14.77200 46.54900
29 6 20 19 26 8137.40000 5.16100000 201.10000 37.04000 14.77200 46.54900
29 6 20 19 27 8135.40000 5.16100000 201.16000 37.04000 14.77200 46.54900
29 6 20 19 27 8137.60000 5.16100000 201.18000 37.04000 14.76500 46.54900
29 6 20 19 28 8137.70000 5.14300000 201.17000 37.03000 14.74400 46.54900
29 6 20 19 28 8137.70000 5.14300000 201.18000 37.03000 14.74400 46.54900
29 6 20 19 29 8137.70000 5.14300000 201.14000 37.03000 14.74400 46.54900
29 6 20 19 29 8137.80000 5.14300000 201.25000 37.03000 14.74400 46.54900
29 6 20 19 29 8137.80000 5.14300000 201.22000 37.03000 14.74400 46.54900
29 6 20 19 30 8137.80000 5.14300000 201.22000 37.03000 14.74400 46.54900
29 6 20 19 30 8137.70000 5.15800000 201.21000 37.03000 14.74400 46.54900
29 6 20 19 31 8137.80000 5.15800000 201.19000 37.03000 14.74400 46.54900
29 6 20 19 31 8137.80000 5.15800000 201.19000 37.03000 14.74400 46.54900
29 6 20 19 32 8137.70000 5.15800000 201.19000 37.03000 14.74400 46.54900
29 6 20 19 32 8137.70000 5.15800000 201.31000 37.03000 14.74400 46.54900
29 6 20 19 33 8137.80000 5.15800000 201.38000 37.03000 14.74400 46.54900
29 6 20 19 33 8139.70000 5.15800000 201.38000 37.03000 14.74400 46.54900
29 6 20 19 34 8146.40000 5.15800000 201.40000 37.03000 14.74400 46.54900
29 6 20 19 34 8145.30000 5.15800000 201.54000 37.03000 14.74400 46.54900
29 6 20 19 34 8146.00000 5.15800000 201.53000 37.03000 14.74400 46.54900
29 6 20 19 35 8145.50000 5.15800000 201.53000 37.03000 14.74400 46.54900
29 6 20 19 35 8147.60000 5.15800000 201.53000 37.03000 14.74400 46.54900
29 6 20 19 36 8147.50000 5.15800000 201.55000 37.03000 14.74400 46.54900
29 6 20 19 36 8147.50000 5.15800000 201.54000 37.03000 14.74400 46.54900
29 6 20 19 37 8147.60000 5.15800000 201.54000 37.03000 14.74400 46.54900
29 6 20 19 37 8151.40000 5.15800000 201.57000 37.03000 14.74400 46.54900
29 6 20 19 38 8147.90000 5.15800000 201.57000 37.03000 14.74400 46.54900
29 6 20 19 38 8148.60000 5.15800000 201.41000 37.03000 14.74400 46.54900
29 6 20 19 39 8147.60000 5.14300000 201.39000 37.03000 14.74400 46.54900
29 6 20 19 39 8148.00000 5.15800000 201.39000 37.03000 14.74400 46.54900
29 6 20 19 40 8148.60000 5.15800000 201.42000 37.05000 14.74400 46.54900
29 6 20 19 40 8149.90000 5.15800000 201.37000 37.05000 14.74400 46.54900
29 6 20 19 41 8150.00000 5.15800000 201.37000 37.05000 14.74400 46.54900
29 6 20 19 41 8149.90000 5.15800000 201.37000 37.05000 14.74400 46.54900
29 6 20 19 42 8150.00000 5.14300000 201.31000 37.05000 14.74400 46.54900
29 6 20 19 42 8150.00000 5.15800000 201.31000 37.05000 14.74400 46.54900
29 6 20 19 42 8148.70000 5.15800000 201.31000 37.05000 14.74400 46.54900
29 6 20 19 43 8147.20000 5.15800000 201.31000 37.05000 14.74400 46.54900
29 6 20 19 43 8147.20000 5.15800000 201.31000 37.05000 14.74400 46.54900
29 6 20 19 44 8147.10000 5.15800000 201.19000 37.05000 14.74400 46.54900
29 6 20 19 44 8147.10000 5.15800000 201.18000 37.05000 14.74400 46.54900
29 6 20 19 45 8147.10000 5.15800000 201.17000 37.05000 14.74400 46.54900
29 6 20 19 45 8147.20000 5.15800000 201.17000 37.00000 14.74400 46.54900
29 6 20 19 46 8146.10000 5.15800000 201.24000 37.00000 14.74400 46.54900
29 6 20 19 46 8146.20000 5.15800000 201.24000 37.00000 14.74400 46.54900
29 6 20 19 47 8147.20000 5.15800000 201.24000 37.00000 14.74400 46.54900
29 6 20 19 47 8147.20000 5.15800000 201.23000 37.00000 14.74400 46.54900
29 6 20 19 48 8150.00000 5.15800000 201.23000 37.00000 14.74400 46.54900
29 6 20 19 48 8149.90000 5.15800000 201.24000 37.00000 14.74400 46.54900
29 6 20 19 48 8150.00000 5.15800000 201.24000 37.00000 14.74400 46.54900
29 6 20 19 49 8150.00000 5.15800000 201.24000 37.00000 14.74400 46.54900
29 6 20 19 49 8149.90000 5.15800000 201.16000 37.00000 14.74400 46.54900
29 6 20 19 50 8149.90000 5.15800000 201.23000 37.00000 14.74400 46.54900
29 6 20 19 50 8149.90000 5.15800000 201.23000 37.01000 14.74400 46.54900
29 6 20 19 51 8150.00000 5.15800000 201.23000 37.01000 14.74400 46.54900
29 6 20 19 51 8150.00000 5.15800000 201.24000 37.01000 14.74400 46.54900
29 6 20 19 52 8150.00000 5.15800000 201.24000 37.01000 14.74400 46.54900
29 6 20 19 52 8150.00000 5.15800000 201.24000 37.05000 14.74400 46.54900
29 6 20 19 53 8150.00000 5.15800000 201.13000 37.02000 14.74400 46.56300
29 6 20 19 53 8149.90000 5.15800000 201.12000 37.02000 14.74400 46.56300
29 6 20 19 54 8150.00000 5.15800000 201.19000 37.05000 14.74400 46.56300
29 6 20 19 54 8150.00000 5.15800000 201.18000 37.05000 14.74400 46.54900
29 6 20 19 55 8150.00000 5.15800000 201.18000 37.05000 14.72600 46.56300
29 6 20 19 55 8152.70000 5.15800000 201.18000 37.05000 14.72600 46.56300
29 6 20 19 56 8155.00000 5.15800000 201.18000 37.05000 14.72600 46.56300
29 6 20 19 56 8154.10000 5.15800000 201.18000 37.05000 14.72600 46.56300
29 6 20 19 57 8150.10000 5.15800000 201.15000 37.03000 14.72600 46.56300
29 6 20 19 57 8150.20000 5.15800000 201.16000 37.05000 14.72600 46.56300
29 6 20 19 58 8150.10000 5.15800000 201.15000 37.05000 14.72600 46.56300
29 6 20 19 58 8150.20000 5.15800000 201.20000 37.03000 14.72600 46.56300
29 6 20 19 59 8151.30000 5.15800000 201.17000 37.03000 14.72600 46.56300
