M=[
10 3 21 11 55 46214.20000 10.15900000 1528.86000 166.15000 28.13200 112.00000
10 3 21 11 55 46205.40000 10.15900000 1530.42000 166.34000 28.13200 112.00000
10 3 21 11 56 46201.30000 10.15900000 1530.50000 166.34000 28.13200 112.00000
10 3 21 11 56 46206.50000 10.15900000 1530.04000 166.34000 28.13200 112.00000
10 3 21 11 57 46212.00000 10.15900000 1528.86000 166.34000 28.13200 112.00000
10 3 21 11 57 46190.10000 10.15900000 1529.18000 166.16000 28.13300 112.00000
10 3 21 11 58 46156.80000 10.15900000 1528.86000 166.16000 28.13300 112.00000
10 3 21 11 58 46180.30000 10.15900000 1528.85000 166.02000 28.13300 112.00000
10 3 21 11 58 46175.00000 10.15900000 1528.86000 166.02000 28.13300 112.00000
10 3 21 11 59 46174.00000 10.15900000 1528.15000 165.88000 28.13300 112.00000
10 3 21 11 59 46175.90000 10.15900000 1527.57000 165.88000 28.13300 112.00000
10 3 21 12 00 46175.90000 10.15900000 1527.51000 165.88000 28.13300 112.00000
10 3 21 12 00 46213.80000 10.15900000 1528.15000 165.88000 28.13300 112.00000
10 3 21 12 01 46247.10000 10.15900000 1529.77000 166.33000 28.13300 112.00000
10 3 21 12 01 46250.00000 10.15900000 1530.39000 166.56000 28.13300 112.00000
10 3 21 12 01 46276.30000 10.18100000 1531.00000 166.58000 28.13300 112.00000
10 3 21 12 02 46300.00000 10.18100000 1533.44000 166.88000 28.13300 112.00000
10 3 21 12 02 46359.80000 10.18100000 1534.82000 167.12000 28.13300 112.00000
10 3 21 12 03 46389.00000 10.21700000 1535.49000 167.16000 28.13300 112.00000
10 3 21 12 03 46388.90000 10.21700000 1536.36000 167.26000 28.13300 112.00000
10 3 21 12 04 46389.00000 10.21700000 1537.50000 167.26000 28.13300 112.00000
10 3 21 12 04 46389.00000 10.21700000 1536.43000 167.02000 28.13300 112.00000
10 3 21 12 04 46360.60000 10.21700000 1535.61000 167.08000 28.13300 112.00000
10 3 21 12 05 46400.00000 10.21500000 1536.61000 167.30000 28.13300 112.00000
10 3 21 12 05 46452.00000 10.21500000 1537.26000 167.35000 28.13300 112.00000
10 3 21 12 06 46445.70000 10.21500000 1536.96000 167.25000 28.13300 112.00000
10 3 21 12 06 46368.70000 10.19800000 1535.74000 167.17000 28.13300 112.00000
10 3 21 12 07 46355.20000 10.19800000 1535.50000 167.11000 28.13300 112.00000
10 3 21 12 07 46386.60000 10.19800000 1535.22000 167.30000 28.13300 112.00000
10 3 21 12 07 46384.40000 10.19800000 1535.21000 167.30000 28.24800 113.18900
10 3 21 12 08 46361.20000 10.19800000 1535.01000 167.02000 28.24800 113.29600
10 3 21 12 08 46374.00000 10.21700000 1535.17000 167.02000 28.24800 113.29600
10 3 21 12 09 46360.90000 10.21600000 1534.96000 166.89000 28.24800 113.16000
10 3 21 12 09 46351.40000 10.21100000 1533.00000 166.89000 28.24800 113.16000
10 3 21 12 10 46370.90000 10.21100000 1532.98000 167.05000 28.24800 113.16000
10 3 21 12 10 46351.50000 10.21100000 1532.52000 166.80000 28.24800 113.16000
10 3 21 12 10 46351.50000 10.21100000 1531.54000 166.80000 28.24800 113.16000
10 3 21 12 11 46351.40000 10.21100000 1530.78000 166.80000 28.24800 113.16000
10 3 21 12 11 46351.40000 10.18900000 1530.63000 166.59000 28.24800 113.16000
10 3 21 12 12 46310.00000 10.18900000 1530.36000 166.51000 28.24800 113.16000
10 3 21 12 12 46344.10000 10.18900000 1532.50000 166.51000 28.24800 113.16000
10 3 21 12 13 46343.80000 10.18900000 1530.99000 166.82000 28.24800 113.16000
10 3 21 12 13 46310.00000 10.16500000 1529.17000 166.82000 28.24800 113.16000
10 3 21 12 13 46272.40000 10.16500000 1529.00000 166.82000 28.24800 113.16000
10 3 21 12 14 46244.40000 10.16500000 1525.28000 166.45000 28.24800 113.16000
10 3 21 12 14 46268.10000 10.18900000 1526.99000 166.71000 28.24800 112.55400
10 3 21 12 15 46253.40000 10.18900000 1526.08000 166.57000 28.24800 112.55400
10 3 21 12 15 46290.50000 10.18900000 1527.37000 166.86000 28.24800 112.55400
10 3 21 12 16 46254.00000 10.18900000 1526.05000 166.86000 28.24800 112.55400
10 3 21 12 16 46250.10000 10.18900000 1525.01000 166.41000 28.24800 112.55400
10 3 21 12 16 46200.10000 10.18900000 1525.01000 166.41000 28.24800 112.55400
10 3 21 12 17 46229.80000 10.18900000 1525.00000 166.41000 28.11900 112.55400
10 3 21 12 17 46275.40000 10.18900000 1525.48000 166.41000 28.11900 112.55400
10 3 21 12 18 46275.30000 10.18900000 1525.83000 166.41000 28.11900 112.55400
10 3 21 12 18 46268.70000 10.18900000 1525.01000 166.41000 28.11900 112.55400
10 3 21 12 19 46271.60000 10.18900000 1525.14000 166.74000 28.11900 112.55400
10 3 21 12 19 46294.20000 10.18900000 1528.35000 166.74000 28.11900 112.55400
10 3 21 12 19 46281.50000 10.18600000 1526.87000 166.80000 28.11900 112.55400
10 3 21 12 20 46310.00000 10.18400000 1528.07000 167.27000 28.11900 112.60100
10 3 21 12 20 46340.40000 10.18400000 1529.51000 167.20000 28.11900 112.60100
10 3 21 12 21 46358.40000 10.18400000 1530.82000 167.32000 28.11900 112.87800
10 3 21 12 21 46376.70000 10.18400000 1530.49000 167.26000 28.11900 112.87800
10 3 21 12 22 46396.80000 10.18400000 1529.95000 167.28000 28.11900 112.87800
10 3 21 12 22 46379.80000 10.20400000 1529.94000 167.21000 28.11900 112.67000
10 3 21 12 22 46379.70000 10.20400000 1530.33000 167.21000 28.11900 112.67000
10 3 21 12 23 46409.30000 10.20400000 1532.00000 167.49000 28.11900 112.67000
10 3 21 12 23 46452.10000 10.20400000 1533.96000 167.50000 28.11900 112.67000
10 3 21 12 24 46463.90000 10.20400000 1533.41000 167.63000 28.11900 112.67000
10 3 21 12 24 46436.60000 10.20400000 1532.03000 167.63000 28.11900 112.67000
10 3 21 12 24 46416.10000 10.20400000 1531.27000 167.63000 28.11900 112.67000
10 3 21 12 25 46435.00000 10.20400000 1532.52000 167.45000 28.11900 113.16100
10 3 21 12 25 46450.10000 10.20400000 1533.51000 167.59000 28.11900 113.16100
10 3 21 12 26 46450.10000 10.21200000 1531.27000 167.55000 28.11900 113.16100
10 3 21 12 26 46385.30000 10.21200000 1530.18000 167.47000 28.11900 113.04900
10 3 21 12 27 46370.90000 10.21200000 1529.01000 167.29000 28.11900 113.04900
10 3 21 12 27 46382.10000 10.21200000 1529.00000 167.28000 28.11900 113.04900
10 3 21 12 27 46357.60000 10.21200000 1529.00000 167.28000 28.11900 113.04900
10 3 21 12 28 46356.50000 10.21200000 1529.00000 167.28000 28.11900 113.04900
10 3 21 12 28 46331.00000 10.21200000 1525.78000 167.28000 28.11900 113.04900
10 3 21 12 29 46325.80000 10.21200000 1526.58000 167.23000 28.11900 113.04900
10 3 21 12 29 46324.60000 10.21200000 1526.56000 167.22000 28.11900 113.04900
10 3 21 12 30 46321.20000 10.21200000 1527.56000 167.22000 28.11900 113.04900
10 3 21 12 30 46389.60000 10.21200000 1529.21000 167.29000 28.11900 113.04900
10 3 21 12 30 46406.20000 10.21200000 1529.37000 167.66000 28.11900 113.04900
10 3 21 12 31 46449.50000 10.21200000 1531.07000 167.93000 28.11900 113.04900
10 3 21 12 31 46443.10000 10.24700000 1531.10000 168.23000 28.11900 113.04900
10 3 21 12 32 46468.60000 10.24700000 1531.78000 168.19000 28.11900 113.04900
10 3 21 12 32 46470.60000 10.24700000 1533.80000 168.27000 28.11900 113.04900
10 3 21 12 33 46470.60000 10.24600000 1532.40000 168.26000 28.11900 113.04900
10 3 21 12 33 46506.40000 10.24600000 1534.03000 168.27000 28.11900 113.04900
10 3 21 12 33 46550.90000 10.24900000 1535.23000 168.61000 28.11900 113.04900
10 3 21 12 34 46550.90000 10.24900000 1536.47000 168.61000 28.11900 113.54600
10 3 21 12 34 46551.90000 10.24900000 1536.03000 168.61000 28.11900 113.52000
10 3 21 12 35 46572.30000 10.24900000 1536.31000 168.50000 28.11900 113.52000
10 3 21 12 35 46613.00000 10.24900000 1537.21000 168.75000 28.11900 113.52000
10 3 21 12 36 46608.50000 10.24900000 1535.30000 168.57000 28.11900 113.52000
10 3 21 12 36 46508.10000 10.24900000 1533.86000 168.02000 28.11900 113.52000
10 3 21 12 36 46515.20000 10.24400000 1533.21000 168.02000 28.11900 113.52000
10 3 21 12 37 46552.40000 10.24400000 1534.21000 168.02000 28.11900 113.52000
10 3 21 12 37 46554.50000 10.24400000 1533.60000 168.36000 28.11900 113.76600
10 3 21 12 38 46529.60000 10.24400000 1533.60000 168.36000 28.11900 113.76600
10 3 21 12 38 46565.10000 10.24400000 1533.20000 168.36000 28.11900 113.76600
