M=[
 8 7 20 21 11 8333.10000 5.70100000 217.81000 39.97000 17.65800 51.18000
 8 7 20 21 12 8333.90000 5.72000000 217.81000 39.99000 17.65800 51.18000
 8 7 20 21 12 8332.80000 5.70100000 217.81000 39.96000 17.65800 51.18000
 8 7 20 21 12 8333.50000 5.70100000 219.75000 39.96000 17.65800 51.18000
 8 7 20 21 13 8332.40000 5.70100000 217.84000 39.96000 17.65800 51.18000
 8 7 20 21 13 8333.50000 5.70100000 217.85000 39.96000 17.65800 51.18000
 8 7 20 21 14 8342.30000 5.70100000 217.90000 39.96000 17.65800 51.18000
 8 7 20 21 14 8329.00000 5.70100000 217.89000 39.96000 17.65800 51.18000
 8 7 20 21 15 8329.00000 5.70100000 217.85000 39.96000 17.65800 51.18000
 8 7 20 21 15 8329.00000 5.70100000 219.75000 39.96000 17.65800 51.45000
 8 7 20 21 16 8328.10000 5.70100000 217.84000 39.95000 17.65800 51.43200
 8 7 20 21 16 8327.80000 5.70100000 217.84000 39.92000 17.65800 51.18000
 8 7 20 21 17 8328.00000 5.70100000 217.84000 40.14000 17.65800 51.18000
 8 7 20 21 18 8346.60000 5.70100000 217.85000 39.95000 17.65800 51.18100
 8 7 20 21 18 8346.60000 5.70100000 217.85000 39.99000 17.65800 51.13000
 8 7 20 21 19 8326.70000 5.69300000 217.89000 39.95000 17.65800 51.18000
 8 7 20 21 18 8327.40000 5.69300000 217.89000 39.95000 17.71700 51.13000
 8 7 20 21 20 8326.90000 5.69600000 217.91000 39.95000 17.71700 51.13000
 8 7 20 21 19 8326.90000 5.69600000 217.91000 40.13000 17.71700 51.13000
 8 7 20 21 20 8326.90000 5.69300000 217.91000 39.99000 17.71700 51.13000
 8 7 20 21 20 8327.00000 5.69600000 217.88000 39.95000 17.65800 51.45000
 8 7 20 21 21 8333.50000 5.69600000 217.91000 40.02000 17.65600 51.13000
 8 7 20 21 22 8327.00000 5.69600000 217.91000 40.02000 17.71700 51.13000
 8 7 20 21 22 8326.10000 5.69600000 219.72000 40.02000 17.63900 51.19700
 8 7 20 21 22 8326.00000 5.69600000 217.91000 39.98000 17.71700 51.13000
 8 7 20 21 23 8326.00000 5.69600000 217.96000 39.99000 17.65800 51.11700
 8 7 20 21 23 8325.60000 5.71300000 217.95000 39.99000 17.81500 51.11500
 8 7 20 21 24 8325.20000 5.71300000 218.72000 39.99000 17.81500 51.11500
 8 7 20 21 24 8326.80000 5.71300000 218.00000 39.99000 17.87700 51.11500
 8 7 20 21 24 8342.30000 5.72000000 218.00000 39.99000 17.81500 51.43200
 8 7 20 21 25 8334.00000 5.71300000 218.00000 39.99000 17.87700 51.11500
 8 7 20 21 25 8326.10000 5.71300000 217.99000 39.99000 17.87700 51.19700
 8 7 20 21 26 8326.00000 5.71300000 218.00000 39.99000 17.87700 51.11500
 8 7 20 21 26 8326.00000 5.71300000 218.72000 39.99000 17.87700 51.11500
 8 7 20 21 27 8326.90000 5.71300000 217.99000 39.99000 17.87700 51.11300
 8 7 20 21 27 8327.50000 5.71300000 217.99000 39.99000 17.87700 51.11300
 8 7 20 21 28 8326.00000 5.71300000 218.00000 40.03000 17.87700 50.99900
 8 7 20 21 28 8325.00000 5.71300000 218.20000 40.03000 17.87700 50.99900
 8 7 20 21 29 8325.00000 5.72000000 218.20000 40.03000 17.78400 51.11300
 8 7 20 21 29 8325.80000 5.71600000 218.20000 40.03000 17.78400 51.11300
 8 7 20 21 30 8340.60000 5.71600000 218.20000 39.99000 17.78400 51.09500
 8 7 20 21 31 8328.80000 5.71600000 218.00000 40.02000 17.78400 51.12900
 8 7 20 21 31 8330.60000 5.71600000 218.32000 39.99000 17.78400 51.18000
 8 7 20 21 31 8332.30000 5.71300000 218.53000 40.02000 17.78400 51.12900
 8 7 20 21 31 8331.90000 5.71600000 218.59000 40.02000 17.78400 51.12800
 8 7 20 21 32 8332.70000 5.72000000 218.00000 40.02000 17.78400 51.12800
 8 7 20 21 32 8329.50000 5.71600000 218.75000 40.03000 17.78400 51.03500
 8 7 20 21 33 8331.60000 5.71600000 218.74000 40.02000 17.78400 51.03500
 8 7 20 21 33 8329.30000 5.71600000 218.79000 40.02000 17.78400 51.11300
 8 7 20 21 34 8331.10000 5.71600000 218.79000 40.06000 17.78400 51.04000
 8 7 20 21 34 8331.10000 5.71600000 218.72000 40.06000 17.78400 51.14000
 8 7 20 21 35 8331.40000 5.71600000 218.52000 40.13000 17.78400 51.14000
 8 7 20 21 35 8332.70000 5.72000000 218.79000 40.06000 18.00000 51.14000
 8 7 20 21 36 8332.80000 5.71600000 218.84000 40.06000 17.78400 51.14000
 8 7 20 21 36 8330.80000 5.71300000 218.84000 40.06000 17.88700 51.14000
 8 7 20 21 37 8330.50000 5.71600000 218.84000 40.06000 17.78400 51.14000
 8 7 20 21 37 8331.40000 5.71300000 218.92000 40.09000 17.88700 51.14000
 8 7 20 21 37 8333.70000 5.71300000 218.92000 40.09000 17.88700 51.11300
 8 7 20 21 38 8333.70000 5.71600000 218.87000 40.09000 17.88700 51.14000
 8 7 20 21 38 8334.60000 5.71600000 218.87000 40.13000 17.88700 51.14000
 8 7 20 21 39 8326.00000 5.71300000 218.87000 40.13000 17.88700 51.16900
 8 7 20 21 40 8336.00000 5.71600000 218.65000 40.13000 17.88700 51.11300
 8 7 20 21 40 8336.00000 5.72000000 218.68000 40.13000 17.85600 51.17700
 8 7 20 21 40 8335.90000 5.71600000 218.68000 40.15000 17.83900 51.17700
 8 7 20 21 41 8336.00000 5.71600000 218.87000 40.06000 17.83900 51.17700
 8 7 20 21 41 8336.20000 5.72000000 218.67000 40.15000 17.83900 51.17700
 8 7 20 21 42 8336.20000 5.71600000 218.72000 40.15000 17.83900 51.17700
 8 7 20 21 42 8336.20000 5.71300000 218.72000 40.19000 17.81500 51.17700
 8 7 20 21 43 8336.20000 5.71600000 218.72000 40.19000 17.81500 51.16900
 8 7 20 21 44 8328.00000 5.71600000 218.72000 40.22000 17.81500 51.17700
 8 7 20 21 44 8336.20000 5.71600000 218.80000 40.13000 17.81900 51.21400
 8 7 20 21 44 8333.50000 5.71600000 218.74000 40.19000 17.81900 50.99900
 8 7 20 21 44 8336.10000 5.71600000 218.00000 40.13000 17.81900 51.24200
 8 7 20 21 46 8336.20000 5.71600000 218.77000 40.24000 17.81900 51.18500
 8 7 20 21 45 8336.20000 5.72400000 218.80000 40.15000 17.81900 51.18500
 8 7 20 21 46 8336.20000 5.72400000 218.73000 40.24000 17.81900 51.28900
 8 7 20 21 47 8340.60000 5.71200000 218.48000 40.24000 17.81900 51.17700
 8 7 20 21 47 8336.80000 5.72400000 218.50000 40.24000 17.81900 51.28900
 8 7 20 21 47 8338.00000 5.71400000 218.50000 40.24000 17.81900 51.28900
 8 7 20 21 48 8336.80000 5.71400000 218.62000 40.24000 17.81900 51.28900
 8 7 20 21 48 8338.20000 5.71400000 218.62000 40.24000 17.81900 51.21500
 8 7 20 21 49 8338.50000 5.71400000 218.67000 40.21000 17.81900 51.09500
 8 7 20 21 49 8338.50000 5.71400000 218.72000 40.21000 17.81900 51.21600
 8 7 20 21 50 8339.00000 5.71400000 218.72000 40.21000 17.81900 51.21600
 8 7 20 21 51 8339.20000 5.71200000 218.67000 40.02000 17.81900 51.21600
 8 7 20 21 51 8339.30000 5.71400000 218.80000 40.22000 17.81900 51.17700
 8 7 20 21 51 8339.30000 5.71400000 218.80000 40.21000 17.81900 51.21600
 8 7 20 21 52 8339.20000 5.71400000 218.80000 40.22000 17.71700 51.21600
 8 7 20 21 52 8339.20000 5.71400000 218.81000 40.21000 17.81900 51.21600
 8 7 20 21 53 8339.30000 5.71400000 218.81000 40.21000 17.81900 51.21600
 8 7 20 21 53 8340.00000 5.71400000 218.81000 40.27000 17.67000 51.21600
 8 7 20 21 54 8339.90000 5.71400000 218.84000 40.27000 17.81500 51.21600
 8 7 20 21 54 8338.40000 5.71400000 218.84000 40.27000 17.81900 51.21600
 8 7 20 21 54 8338.40000 5.71400000 218.85000 40.27000 17.67000 51.21600
 8 7 20 21 55 8341.90000 5.73600000 218.94000 40.27000 17.81900 51.21600
 8 7 20 21 56 8342.10000 5.73600000 218.94000 40.27000 17.81900 51.21600
 8 7 20 21 56 8336.70000 5.73600000 218.71000 40.21000 17.78400 51.04000
 8 7 20 21 57 8337.60000 5.73600000 218.67000 40.19000 17.81900 51.08800
 8 7 20 21 57 8337.70000 5.73600000 218.83000 40.24000 17.81900 51.08800
 8 7 20 21 58 8337.80000 5.73600000 218.73000 40.17000 17.81900 51.08800
 8 7 20 21 58 8337.70000 5.71400000 218.71000 40.18000 17.81900 51.08800
 8 7 20 21 59 8337.80000 5.73600000 218.71000 40.18000 17.81900 51.08800
 8 7 20 22 00 8333.50000 5.73600000 218.58000 40.24000 17.81900 51.08800
 8 7 20 22 00 8342.00000 5.73600000 218.80000 40.18000 17.81900 51.08800
 8 7 20 22 00 8337.20000 5.71200000 218.79000 40.15000 17.81900 51.12800
 8 7 20 22 01 8335.30000 5.73600000 218.80000 40.18000 17.81900 51.12800
 8 7 20 22 02 8335.30000 5.73600000 218.78000 40.18000 17.81900 51.12800
 8 7 20 22 02 8335.60000 5.73600000 218.48000 40.18000 17.81900 51.08900
 8 7 20 22 02 8335.30000 5.71800000 218.43000 40.18000 17.81900 51.02000
