M=[
27 1 21 16 52 25432.00000 5.71800000 1064.60000 103.12000 16.54800 66.50100
27 1 21 16 52 25451.20000 5.71800000 1066.09000 103.22000 16.54800 66.50100
27 1 21 16 53 25447.30000 5.71800000 1065.75000 103.30000 16.54800 66.50100
27 1 21 16 53 25452.10000 5.71800000 1066.74000 103.34000 16.54800 66.85800
27 1 21 16 54 25452.10000 5.74000000 1066.33000 103.28000 16.54800 66.85800
27 1 21 16 54 25452.10000 5.74000000 1064.76000 103.28000 16.71900 66.85800
27 1 21 16 55 25438.10000 5.74000000 1064.20000 103.07000 16.71900 66.85800
27 1 21 16 55 25444.70000 5.74000000 1064.00000 103.06000 16.71900 66.85800
27 1 21 16 55 25405.20000 5.74000000 1063.27000 103.06000 16.71900 66.85800
27 1 21 16 56 25410.90000 5.70500000 1060.82000 103.06000 16.71900 66.74400
27 1 21 16 56 25405.10000 5.70500000 1058.23000 102.90000 16.71900 66.51700
27 1 21 16 57 25371.30000 5.70500000 1055.51000 102.83000 16.71900 66.46500
27 1 21 16 57 25333.20000 5.70500000 1052.91000 102.70000 16.71900 66.46500
27 1 21 16 58 25309.60000 5.70500000 1050.93000 102.31000 16.71900 66.46500
27 1 21 16 58 25307.20000 5.70500000 1052.49000 102.38000 16.71900 66.46500
27 1 21 16 58 25304.90000 5.70500000 1049.45000 102.44000 16.71900 66.46500
27 1 21 16 59 25284.40000 5.70500000 1048.13000 102.44000 16.71900 66.46500
27 1 21 16 59 25285.10000 5.70500000 1050.34000 102.41000 16.71900 66.46500
27 1 21 17 00 25300.00000 5.70500000 1051.63000 102.41000 16.71900 66.46500
27 1 21 17 00 25300.00000 5.70500000 1050.01000 102.53000 16.71900 66.46500
27 1 21 17 01 25300.00000 5.70500000 1051.73000 102.53000 16.71900 66.46500
27 1 21 17 01 25260.40000 5.70400000 1045.20000 102.37000 16.71900 66.46500
27 1 21 17 01 25205.10000 5.70400000 1045.06000 102.25000 16.71900 66.20000
27 1 21 17 02 25224.60000 5.70400000 1044.69000 102.26000 16.71900 66.20000
27 1 21 17 02 25249.90000 5.70400000 1047.52000 102.40000 16.71900 66.20300
27 1 21 17 03 25211.60000 5.70400000 1045.69000 102.36000 16.71900 66.20300
27 1 21 17 03 25259.00000 5.70400000 1047.50000 102.29000 16.71900 66.20300
27 1 21 17 04 25298.70000 5.70400000 1051.21000 102.23000 16.71900 66.20300
27 1 21 17 04 25299.90000 5.70400000 1051.62000 102.23000 16.71900 66.20300
27 1 21 17 04 25290.10000 5.70400000 1051.74000 102.42000 16.41400 66.20300
27 1 21 17 05 25346.30000 5.70400000 1054.64000 102.67000 16.41400 66.20300
27 1 21 17 05 25386.50000 5.70400000 1056.88000 102.67000 16.41400 66.20300
27 1 21 17 06 25383.90000 5.70400000 1058.43000 102.79000 16.41400 66.20300
27 1 21 17 06 25388.50000 5.70400000 1056.73000 102.71000 16.41400 66.20300
27 1 21 17 07 25393.20000 5.70400000 1058.08000 102.71000 16.41400 66.20300
27 1 21 17 07 25400.00000 5.70400000 1058.32000 102.89000 16.41400 66.20300
27 1 21 17 07 25406.20000 5.70400000 1060.00000 102.89000 16.41400 66.20300
27 1 21 17 08 25420.90000 5.70400000 1060.86000 102.93000 16.41400 66.20300
27 1 21 17 08 25406.40000 5.70400000 1058.78000 102.93000 16.41400 66.20300
27 1 21 17 09 25376.30000 5.70400000 1057.58000 102.93000 16.41400 66.20300
27 1 21 17 09 25394.10000 5.70400000 1058.12000 102.84000 16.41400 66.20300
27 1 21 17 10 25419.30000 5.70400000 1060.30000 102.93000 16.41400 66.20300
27 1 21 17 10 25405.10000 5.70400000 1058.72000 102.87000 16.41400 66.20300
27 1 21 17 10 25408.40000 5.70400000 1057.11000 102.68000 16.41400 66.20300
27 1 21 17 11 25416.50000 5.70400000 1056.78000 102.68000 16.41400 66.20300
27 1 21 17 11 25412.80000 5.70400000 1056.84000 102.95000 16.41400 66.20300
27 1 21 17 12 25383.50000 5.73500000 1055.82000 102.95000 16.41400 66.20300
27 1 21 17 12 25401.20000 5.73500000 1056.96000 102.97000 16.41400 66.20300
27 1 21 17 13 25401.00000 5.73500000 1056.36000 102.97000 16.41400 66.20300
27 1 21 17 13 25407.90000 5.73500000 1057.37000 102.97000 16.41400 66.20300
27 1 21 17 13 25420.70000 5.73500000 1056.36000 102.97000 16.41400 66.20300
27 1 21 17 14 25387.80000 5.73500000 1055.57000 102.86000 16.41400 66.20300
27 1 21 17 14 25385.30000 5.73500000 1055.42000 102.87000 16.41400 66.52000
27 1 21 17 15 25392.70000 5.73500000 1055.42000 102.79000 16.41400 66.52000
27 1 21 17 15 25404.60000 5.73500000 1056.26000 102.79000 16.41400 66.52000
27 1 21 17 16 25479.50000 5.73500000 1060.85000 103.20000 16.41400 66.52000
27 1 21 17 16 25486.90000 5.73500000 1060.67000 103.31000 16.41400 66.52000
27 1 21 17 16 25486.80000 5.73500000 1060.90000 103.31000 16.41400 66.52000
27 1 21 17 17 25476.30000 5.73500000 1062.60000 103.19000 16.41400 66.52000
27 1 21 17 17 25470.00000 5.73500000 1061.17000 103.19000 16.41400 66.52000
27 1 21 17 18 25425.60000 5.73800000 1059.41000 102.95000 16.41400 66.65800
27 1 21 17 18 25400.90000 5.73800000 1056.10000 102.95000 16.41400 66.53500
27 1 21 17 19 25400.00000 5.73800000 1055.99000 102.74000 16.41400 66.53500
27 1 21 17 19 25374.60000 5.73800000 1055.10000 102.75000 16.41400 66.53500
27 1 21 17 19 25355.30000 5.73800000 1055.22000 102.75000 16.41400 66.53500
27 1 21 17 20 25363.20000 5.73800000 1054.60000 102.72000 16.41400 66.53500
27 1 21 17 20 25368.60000 5.73800000 1055.28000 102.72000 16.41400 66.53500
27 1 21 17 21 25369.90000 5.73800000 1056.01000 102.72000 16.41400 66.53500
27 1 21 17 21 25399.40000 5.73800000 1057.31000 102.85000 16.41400 66.53500
27 1 21 17 22 25406.70000 5.73800000 1057.05000 102.79000 16.41400 66.53500
27 1 21 17 22 25376.70000 5.73800000 1055.76000 102.79000 16.41400 66.53500
27 1 21 17 22 25364.70000 5.73800000 1055.84000 102.79000 16.72000 66.53500
27 1 21 17 23 25338.90000 5.73800000 1054.20000 102.68000 16.72000 66.53500
27 1 21 17 23 25322.40000 5.73800000 1051.83000 102.56000 16.72000 66.53500
27 1 21 17 24 25301.00000 5.73800000 1048.31000 102.50000 16.72000 66.53500
27 1 21 17 24 25286.30000 5.73800000 1048.20000 102.40000 16.72000 66.53500
27 1 21 17 25 25290.70000 5.73800000 1050.82000 102.47000 16.72000 66.54000
27 1 21 17 25 25299.90000 5.73800000 1049.07000 102.55000 16.72000 66.54000
27 1 21 17 25 25285.80000 5.73800000 1047.68000 102.46000 16.41300 66.54000
27 1 21 17 26 25299.90000 5.73800000 1048.70000 102.49000 16.41300 66.54000
27 1 21 17 26 25287.00000 5.73800000 1048.70000 102.49000 16.41300 66.54000
27 1 21 17 27 25285.90000 5.73800000 1048.91000 102.49000 16.64200 66.48700
27 1 21 17 27 25263.10000 5.73800000 1048.36000 102.49000 16.64200 66.48700
27 1 21 17 28 25279.90000 5.73800000 1048.97000 102.40000 16.64200 66.32300
27 1 21 17 28 25276.00000 5.73800000 1048.85000 102.24000 16.64200 66.32300
27 1 21 17 28 25275.90000 5.73800000 1049.34000 102.41000 16.64200 66.39400
27 1 21 17 29 25279.90000 5.73800000 1049.79000 102.41000 16.41300 66.39400
27 1 21 17 29 25280.00000 5.73800000 1049.81000 102.30000 16.41300 66.39400
27 1 21 17 30 25270.30000 5.73800000 1047.74000 102.18000 16.41300 66.50400
27 1 21 17 30 25270.00000 5.73800000 1047.23000 102.18000 16.41300 66.50400
27 1 21 17 31 25270.20000 5.73800000 1048.00000 102.18000 16.41300 66.50400
27 1 21 17 31 25251.00000 5.73800000 1045.26000 102.16000 16.41300 66.50400
27 1 21 17 32 25203.20000 5.73800000 1041.16000 102.00000 16.41300 66.50400
27 1 21 17 32 25206.50000 5.73800000 1041.34000 101.83000 16.41300 66.50400
27 1 21 17 32 25229.60000 5.73800000 1042.60000 101.83000 16.41300 66.50400
27 1 21 17 33 25225.10000 5.73800000 1042.00000 101.84000 16.41300 66.50400
27 1 21 17 33 25255.20000 5.73800000 1044.87000 101.97000 16.41300 66.50400
27 1 21 17 34 25234.60000 5.71600000 1042.73000 101.82000 16.41300 66.50400
27 1 21 17 34 25229.90000 5.72500000 1042.46000 101.82000 16.41300 66.50400
27 1 21 17 34 25221.80000 5.72500000 1042.83000 101.76000 16.41300 66.50400
27 1 21 17 35 25186.80000 5.72500000 1042.23000 101.71000 16.41300 66.50400
27 1 21 17 35 25183.90000 5.72500000 1039.99000 101.59000 16.41300 66.50400
27 1 21 17 36 25160.90000 5.72500000 1039.00000 101.55000 16.41300 66.50400
27 1 21 17 36 25110.70000 5.71600000 1036.01000 101.40000 16.41300 66.50400
27 1 21 17 37 25100.00000 5.71600000 1038.00000 101.50000 16.41300 66.50400
