M=[
 5 3 21 02 39 39294.60000 8.85400000 1233.67000 143.92000 24.29900 96.50400
 5 3 21 02 40 39269.60000 8.85400000 1233.67000 143.92000 24.29900 96.50400
 5 3 21 02 40 39249.10000 8.85400000 1232.00000 143.92000 24.29900 96.50400
 5 3 21 02 41 39205.00000 8.85400000 1230.74000 143.92000 24.29900 96.50400
 5 3 21 02 41 39209.70000 8.85400000 1232.13000 143.92000 24.29900 96.50400
 5 3 21 02 41 39212.90000 8.85400000 1231.58000 143.92000 24.29900 96.50400
 5 3 21 02 42 39143.50000 8.85400000 1231.61000 143.60000 24.29900 96.50400
 5 3 21 02 42 39140.00000 8.85400000 1230.73000 143.60000 24.29900 96.50400
 5 3 21 02 43 39144.70000 8.85400000 1231.31000 143.60000 24.29900 96.50400
 5 3 21 02 43 39128.20000 8.85400000 1230.97000 143.45000 24.29900 96.50400
 5 3 21 02 44 39118.70000 8.85400000 1230.84000 143.45000 24.29900 96.50400
 5 3 21 02 44 39143.70000 8.85400000 1232.00000 143.45000 24.29900 96.50400
 5 3 21 02 44 39170.40000 8.85400000 1231.36000 143.45000 24.29900 96.50400
 5 3 21 02 45 39209.20000 8.85400000 1233.72000 143.63000 24.29900 96.50400
 5 3 21 02 45 39229.80000 8.85400000 1234.25000 143.63000 24.29900 96.50400
 5 3 21 02 46 39191.60000 8.85400000 1233.16000 143.61000 24.29900 96.50400
 5 3 21 02 46 39236.90000 8.85400000 1234.49000 143.61000 24.29900 96.50400
 5 3 21 02 47 39255.10000 8.85400000 1234.55000 143.74000 24.29900 96.50400
 5 3 21 02 47 39245.80000 8.85400000 1234.55000 143.84000 24.29900 96.50400
 5 3 21 02 47 39243.50000 8.85400000 1233.52000 143.84000 24.29900 96.50400
 5 3 21 02 48 39275.90000 8.85400000 1234.73000 143.84000 24.29900 96.50400
 5 3 21 02 48 39278.30000 8.85400000 1233.00000 143.79000 24.29900 96.50400
 5 3 21 02 49 39250.30000 8.85400000 1233.67000 143.79000 24.29900 96.48400
 5 3 21 02 49 39281.80000 8.85400000 1234.95000 143.79000 24.29900 96.48400
 5 3 21 02 50 39296.60000 8.85400000 1234.93000 143.79000 24.29900 96.48400
 5 3 21 02 50 39306.50000 8.85400000 1237.50000 143.79000 24.29900 96.62500
 5 3 21 02 50 39300.10000 8.85400000 1235.77000 143.79000 24.29900 96.62500
 5 3 21 02 51 39337.10000 8.85400000 1235.77000 143.79000 24.29900 96.62500
 5 3 21 02 51 39332.80000 8.85400000 1235.68000 143.88000 24.29900 96.62500
 5 3 21 02 52 39342.30000 8.85400000 1235.82000 143.88000 24.29900 96.62500
 5 3 21 02 52 39417.70000 8.88900000 1236.86000 144.21000 24.29900 96.62400
 5 3 21 02 53 39421.30000 8.90900000 1238.22000 144.21000 24.29900 96.62400
 5 3 21 02 53 39374.10000 8.90900000 1237.31000 144.21000 24.29900 96.90600
 5 3 21 02 53 39419.40000 8.90900000 1238.05000 144.21000 24.29900 96.90600
 5 3 21 02 54 39453.40000 8.90900000 1238.62000 144.35000 24.29900 96.90600
 5 3 21 02 54 39464.10000 8.90900000 1241.20000 144.36000 24.29900 96.90600
 5 3 21 02 55 39460.50000 8.90900000 1239.59000 144.36000 24.29900 96.90600
 5 3 21 02 55 39464.70000 8.90900000 1239.62000 144.36000 24.29900 96.90600
 5 3 21 02 56 39468.60000 8.90900000 1239.61000 144.36000 24.29900 97.09600
 5 3 21 02 56 39498.00000 8.90900000 1240.33000 144.48000 24.29900 97.09600
 5 3 21 02 56 39444.10000 8.90900000 1239.55000 144.56000 24.29900 97.09600
 5 3 21 02 57 39471.30000 8.90900000 1239.83000 144.56000 24.29900 97.09600
 5 3 21 02 57 39478.70000 8.90900000 1239.70000 144.56000 24.29900 97.09600
 5 3 21 02 58 39497.10000 8.90900000 1240.00000 144.56000 24.29900 97.09600
 5 3 21 02 58 39463.90000 8.91700000 1239.99000 144.56000 24.29900 97.09600
 5 3 21 02 59 39465.30000 8.91700000 1239.95000 144.64000 24.29900 97.09600
 5 3 21 02 59 39490.20000 8.91700000 1241.39000 144.65000 24.29900 97.09600
 5 3 21 02 59 39490.90000 8.91700000 1240.88000 144.65000 24.29900 97.09600
 5 3 21 03 00 39480.20000 8.93000000 1239.84000 144.65000 24.29900 97.09600
 5 3 21 03 00 39493.10000 8.93000000 1239.09000 144.65000 24.29900 97.09600
 5 3 21 03 01 39440.10000 8.93000000 1238.63000 144.65000 24.29900 97.09600
 5 3 21 03 01 39440.10000 8.93000000 1240.04000 144.65000 24.29900 97.09600
 5 3 21 03 02 39499.90000 8.93000000 1239.75000 144.40000 24.29900 97.09600
 5 3 21 03 02 39490.60000 8.93000000 1240.09000 144.53000 24.29900 97.09600
 5 3 21 03 02 39500.00000 8.93000000 1240.09000 144.49000 24.29900 97.09600
 5 3 21 03 03 39499.90000 8.93000000 1239.43000 144.46000 24.29900 97.38100
 5 3 21 03 03 39545.30000 8.93000000 1239.84000 144.65000 24.29900 97.38100
 5 3 21 03 04 39556.30000 8.93000000 1240.31000 144.57000 24.29900 97.38100
 5 3 21 03 04 39556.20000 8.93000000 1240.31000 144.57000 24.29900 97.38100
 5 3 21 03 05 39550.60000 8.93000000 1239.67000 144.57000 24.29900 97.38100
 5 3 21 03 05 39520.00000 8.93000000 1239.67000 144.73000 24.29900 97.38100
 5 3 21 03 05 39493.80000 8.93000000 1240.34000 144.67000 24.29900 97.38100
 5 3 21 03 06 39482.60000 8.93000000 1240.10000 144.67000 24.29900 97.38100
 5 3 21 03 06 39482.50000 8.93000000 1241.52000 144.82000 24.29900 97.38100
 5 3 21 03 07 39483.10000 8.93000000 1241.52000 144.82000 24.29900 97.38100
 5 3 21 03 07 39474.70000 8.93000000 1239.80000 144.82000 24.29900 97.38100
 5 3 21 03 07 39447.80000 8.93000000 1240.28000 144.82000 24.29900 97.38100
 5 3 21 03 08 39459.20000 8.93000000 1239.86000 144.62000 24.29900 97.38100
 5 3 21 03 08 39459.20000 8.93000000 1239.23000 144.60000 24.29900 97.38100
 5 3 21 03 09 39443.20000 8.93000000 1239.49000 144.60000 24.29900 97.38100
 5 3 21 03 09 39443.20000 8.93000000 1239.84000 144.60000 24.29900 97.38100
 5 3 21 03 10 39440.00000 8.93000000 1239.21000 144.60000 24.29900 97.38100
 5 3 21 03 10 39411.10000 8.93000000 1239.21000 144.51000 24.29900 97.38100
 5 3 21 03 12 39411.20000 8.93000000 1239.30000 144.51000 24.29900 97.38100
 5 3 21 03 12 39414.50000 8.93000000 1239.81000 144.51000 24.29900 97.38100
 5 3 21 03 12 39414.50000 8.93000000 1239.62000 144.51000 24.29900 97.38100
 5 3 21 03 13 39411.50000 8.93000000 1239.40000 144.51000 24.29900 97.38100
 5 3 21 03 13 39399.80000 8.93000000 1239.40000 144.51000 24.29900 97.38100
 5 3 21 03 14 39375.40000 8.93000000 1238.46000 144.22000 24.29900 97.38100
 5 3 21 03 14 39358.40000 8.93000000 1236.81000 143.75000 24.29900 97.38100
 5 3 21 03 15 39358.40000 8.93000000 1237.64000 143.85000 24.29900 97.38100
 5 3 21 03 15 39335.70000 8.93000000 1237.20000 143.87000 24.28800 97.38100
 5 3 21 03 15 39335.80000 8.93000000 1237.19000 143.87000 24.28800 97.38100
 5 3 21 03 16 39335.80000 8.93000000 1237.19000 143.87000 24.28800 97.38100
 5 3 21 03 16 39335.80000 8.93000000 1237.19000 143.87000 24.28800 97.38100
 5 3 21 03 17 39324.00000 8.93000000 1237.95000 143.87000 24.28800 97.38100
 5 3 21 03 17 39316.80000 8.93000000 1237.95000 143.80000 24.28800 97.38100
 5 3 21 03 18 39294.10000 8.93000000 1237.01000 143.80000 24.28800 97.38100
 5 3 21 03 18 39295.30000 8.93000000 1237.00000 143.80000 24.28800 97.38100
 5 3 21 03 18 39256.70000 8.93000000 1234.39000 143.64000 24.28800 97.02700
 5 3 21 03 19 39272.60000 8.93000000 1234.92000 143.58000 24.28800 97.02700
 5 3 21 03 19 39266.50000 8.89000000 1234.00000 143.54000 24.28800 97.02700
 5 3 21 03 20 39266.80000 8.89000000 1233.93000 143.54000 24.28800 97.02700
 5 3 21 03 20 39295.40000 8.89000000 1234.38000 143.54000 24.28800 97.02700
 5 3 21 03 21 39304.30000 8.87900000 1234.38000 143.54000 24.28800 97.02700
 5 3 21 03 21 39297.70000 8.87900000 1234.38000 143.54000 24.28800 97.02700
 5 3 21 03 21 39297.70000 8.87900000 1234.38000 143.54000 24.28800 97.02700
 5 3 21 03 22 39296.40000 8.87900000 1235.25000 143.54000 24.28800 97.02700
 5 3 21 03 22 39335.80000 8.87900000 1236.09000 143.54000 24.28800 97.02700
 5 3 21 03 23 39362.30000 8.87900000 1238.55000 143.54000 24.28800 97.02700
 5 3 21 03 23 39370.80000 8.87900000 1237.95000 143.54000 24.28800 97.02700
 5 3 21 03 24 39370.90000 8.87900000 1238.53000 143.54000 24.28800 97.02700
 5 3 21 03 24 39398.40000 8.87900000 1240.29000 144.19000 24.28800 97.02700
 5 3 21 03 24 39455.80000 8.87900000 1240.92000 144.56000 24.28800 97.51300
 5 3 21 03 25 39461.00000 8.87900000 1240.92000 144.56000 24.28800 97.51300
