M=[
22 5 21 10 32 30852.50000 49.03300000 1946.67000 144.19000 29.16100 117.93700
22 5 21 10 33 30849.90000 49.44500000 1948.43000 144.55000 29.16100 117.93700
22 5 21 10 33 30902.90000 49.58300000 1953.82000 144.55000 29.16100 118.70000
22 5 21 10 34 30966.80000 49.58300000 1953.01000 144.59000 29.16100 119.18000
22 5 21 10 34 30883.10000 49.56000000 1948.40000 144.59000 29.16100 119.18000
22 5 21 10 35 30900.30000 49.56000000 1949.92000 144.59000 29.16100 119.28800
22 5 21 10 35 30891.50000 49.56000000 1947.90000 144.59000 29.16100 119.28800
22 5 21 10 35 30906.30000 49.56000000 1947.29000 144.58000 29.16100 119.28800
22 5 21 10 36 31000.00000 49.56000000 1954.59000 144.58000 29.16100 119.28800
22 5 21 10 36 31014.30000 49.56000000 1957.72000 145.12000 29.09700 119.64500
22 5 21 10 37 31028.40000 49.56000000 1956.56000 144.92000 29.09700 119.64500
22 5 21 10 37 31051.60000 50.01700000 1960.59000 145.26000 29.22500 119.64500
22 5 21 10 38 31020.00000 50.05800000 1957.27000 144.83000 29.36700 120.00000
22 5 21 10 38 31043.90000 50.05100000 1958.09000 145.01000 29.36700 120.15900
22 5 21 10 38 31023.70000 50.05100000 1956.11000 145.01000 29.36700 120.15900
22 5 21 10 39 31033.10000 50.05100000 1960.91000 144.97000 29.36700 120.18500
22 5 21 10 39 31020.00000 49.99400000 1961.25000 144.97000 29.36700 120.18500
22 5 21 10 40 31028.70000 49.98500000 1963.83000 145.18000 29.09800 120.18500
22 5 21 10 40 31088.70000 50.14200000 1971.92000 145.35000 29.09800 120.18500
22 5 21 10 40 31126.10000 50.35400000 1976.00000 145.49000 29.09800 120.84200
22 5 21 10 41 31150.10000 50.35400000 1983.65000 145.53000 29.09800 120.84200
22 5 21 10 41 31107.20000 50.43800000 1982.93000 145.26000 29.09800 120.84200
22 5 21 10 42 31118.10000 50.35600000 1978.85000 145.25000 29.31100 120.66000
22 5 21 10 42 31126.90000 50.35600000 1980.67000 145.13000 29.55200 120.66000
22 5 21 10 43 31135.20000 50.35600000 1982.12000 145.13000 29.55200 120.66000
22 5 21 10 43 31141.10000 50.35600000 1983.12000 144.92000 29.59000 120.66000
22 5 21 10 43 31127.00000 50.35600000 1985.26000 144.92000 29.59000 120.66000
22 5 21 10 44 31149.90000 50.37400000 1988.02000 145.16000 29.59000 121.13700
22 5 21 10 44 31157.40000 50.37400000 1987.95000 145.30000 29.59000 121.13700
22 5 21 10 45 31226.30000 50.72000000 1997.88000 145.73000 29.59000 121.13700
22 5 21 10 45 31167.20000 50.72000000 1996.85000 145.31000 29.59000 121.13700
22 5 21 10 46 31219.60000 50.72000000 2005.00000 145.79000 29.09400 121.13100
22 5 21 10 46 31238.20000 50.77900000 2011.71000 146.72000 29.09400 121.36700
22 5 21 10 46 31333.80000 50.98700000 2024.67000 146.95000 29.09400 121.86200
22 5 21 10 47 31582.70000 51.49900000 2033.66000 147.78000 29.09400 122.78700
22 5 21 10 47 31641.30000 51.36100000 2030.39000 147.83000 29.09400 122.84900
22 5 21 10 48 31777.90000 51.51100000 2032.43000 148.10000 29.14200 122.56600
22 5 21 10 48 31650.60000 51.51100000 2028.55000 147.84000 29.14300 122.56600
22 5 21 10 49 31648.60000 51.39000000 2026.45000 148.04000 29.14300 122.88200
22 5 21 10 49 31674.60000 51.39000000 2029.32000 147.89000 29.51300 122.88200
22 5 21 10 49 31651.10000 51.38300000 2029.31000 147.57000 29.00400 122.88200
22 5 21 10 50 31589.90000 51.54500000 2022.40000 146.92000 29.00400 122.88200
22 5 21 10 50 31786.10000 51.53800000 2037.08000 147.98000 29.00400 122.88200
22 5 21 10 51 31881.30000 51.71400000 2037.12000 148.27000 29.02100 122.88200
22 5 21 10 51 31853.10000 51.85400000 2032.74000 148.31000 29.42400 123.60400
22 5 21 10 52 31775.00000 51.81500000 2033.09000 147.79000 29.42400 123.59300
22 5 21 10 52 31834.40000 51.92000000 2033.60000 148.37000 29.37400 123.59300
22 5 21 10 52 31801.20000 51.92000000 2031.49000 148.12000 29.37400 123.59300
22 5 21 10 53 31800.00000 51.92000000 2028.32000 147.77000 29.37400 123.59300
22 5 21 10 53 31736.50000 51.92000000 2025.42000 147.50000 29.37400 123.59300
22 5 21 10 54 31627.30000 51.81900000 2025.91000 147.10000 29.37400 123.59900
22 5 21 10 54 31637.20000 51.59500000 2024.17000 147.09000 29.37400 122.90500
22 5 21 10 55 31630.40000 51.59500000 2025.55000 147.29000 29.37400 122.90500
22 5 21 10 55 31647.50000 51.59500000 2028.84000 148.09000 29.37400 122.90500
22 5 21 10 55 31655.30000 51.92000000 2030.28000 148.02000 29.37400 122.90500
22 5 21 10 56 31655.90000 51.92000000 2032.31000 148.03000 29.37400 123.33000
22 5 21 10 56 31621.50000 51.86600000 2027.03000 147.45000 29.37400 123.33000
22 5 21 10 57 31621.90000 51.58500000 2032.21000 147.41000 29.37400 123.33000
22 5 21 10 57 31580.10000 51.53400000 2027.04000 147.53000 29.37400 123.33000
22 5 21 10 58 31577.40000 51.53400000 2030.38000 147.52000 29.37400 123.33000
22 5 21 10 58 31549.90000 51.53400000 2028.35000 147.69000 29.37400 123.33000
22 5 21 10 58 31595.60000 51.53400000 2030.97000 147.88000 29.37400 123.33000
22 5 21 10 59 31582.10000 51.53400000 2030.11000 147.55000 29.37400 123.33000
22 5 21 10 59 31565.90000 51.42300000 2029.32000 147.55000 29.37400 123.33000
22 5 21 11 00 31726.60000 51.50700000 2036.65000 148.26000 29.37400 123.33000
22 5 21 11 00 31675.30000 51.50700000 2033.30000 148.33000 29.37400 123.33000
22 5 21 11 01 31616.80000 51.50700000 2030.55000 147.89000 29.37400 123.33000
22 5 21 11 01 31548.40000 51.50700000 2026.33000 147.30000 29.37400 123.33000
22 5 21 11 01 31545.50000 51.50700000 2020.23000 147.33000 29.00500 123.33000
22 5 21 11 02 31598.30000 51.13000000 2024.27000 147.21000 29.00100 123.33000
22 5 21 11 02 31554.30000 51.33900000 2020.16000 147.72000 29.00000 123.33000
22 5 21 11 03 31596.40000 51.39900000 2022.12000 147.52000 29.00000 123.33000
22 5 21 11 03 31653.40000 51.39900000 2024.00000 147.83000 29.00000 123.33000
22 5 21 11 04 31635.30000 51.21900000 2022.95000 147.89000 29.00000 123.28300
22 5 21 11 04 31655.30000 51.21900000 2028.92000 147.77000 29.00000 123.28300
22 5 21 11 04 31667.40000 51.21900000 2030.63000 147.67000 29.00000 123.28300
22 5 21 11 05 31629.50000 51.21900000 2028.56000 147.34000 29.00000 123.28300
22 5 21 11 05 31651.20000 51.21900000 2032.94000 147.77000 29.00000 123.68200
22 5 21 11 06 31600.10000 51.21900000 2030.76000 147.77000 29.00000 123.79300
22 5 21 11 06 31603.60000 51.21900000 2027.29000 147.77000 29.00000 123.79300
22 5 21 11 07 31591.30000 51.21900000 2021.93000 147.48000 29.00000 123.28300
22 5 21 11 07 31624.80000 51.21900000 2025.22000 147.48000 28.88600 123.28300
22 5 21 11 07 31588.70000 51.21900000 2022.98000 147.44000 28.92600 123.28300
22 5 21 11 08 31561.50000 51.21900000 2024.87000 147.44000 28.89800 123.28300
22 5 21 11 08 31541.20000 51.21900000 2020.01000 147.44000 28.87000 123.28300
22 5 21 11 09 31538.30000 51.21900000 2016.33000 147.26000 28.87000 123.28300
22 5 21 11 09 31501.80000 51.21900000 2016.24000 147.27000 28.87000 123.28300
22 5 21 11 10 31507.20000 51.02900000 2016.31000 147.39000 28.50500 121.78000
22 5 21 11 10 31537.80000 51.02900000 2016.99000 147.32000 28.81400 121.61300
22 5 21 11 10 31563.50000 51.02900000 2021.85000 147.46000 28.81400 121.61300
22 5 21 11 11 31501.20000 51.02900000 2015.72000 147.29000 28.81400 121.61300
22 5 21 11 11 31511.70000 51.02900000 2015.12000 147.30000 28.52600 121.76400
22 5 21 11 12 31475.40000 51.02900000 2013.99000 146.93000 29.07500 121.76400
22 5 21 11 12 31588.30000 51.02900000 2017.43000 147.18000 28.73100 121.76400
22 5 21 11 13 31546.90000 51.02900000 2015.18000 147.26000 28.73100 121.76400
22 5 21 11 13 31559.40000 51.02900000 2013.91000 147.06000 28.73200 121.76400
22 5 21 11 13 31571.30000 51.02900000 2013.29000 147.06000 28.73000 121.76400
22 5 21 11 14 31554.00000 51.02900000 2012.46000 146.97000 28.73000 121.76400
22 5 21 11 14 31553.20000 51.02900000 2011.67000 146.99000 28.53100 121.76400
22 5 21 11 15 31603.20000 51.05700000 2016.12000 147.51000 28.53100 122.39000
22 5 21 11 15 31589.70000 51.05700000 2013.83000 147.51000 28.53100 122.39000
22 5 21 11 16 31550.10000 51.05700000 2007.17000 147.51000 28.53100 122.23100
