M=[
15 2 21 20 30 40160.40000 12.69900000 1511.58000 180.49000 35.76700 138.14300
15 2 21 20 31 40153.80000 12.69900000 1511.58000 180.29000 35.76700 138.14300
15 2 21 20 31 40151.10000 12.69900000 1511.57000 180.37000 35.76700 138.14300
15 2 21 20 32 40144.80000 12.67500000 1511.57000 180.37000 35.76700 138.14300
15 2 21 20 32 40127.70000 12.66200000 1511.31000 180.29000 35.76700 138.55300
15 2 21 20 33 40130.70000 12.66200000 1511.31000 180.29000 35.76700 138.55400
15 2 21 20 33 40130.80000 12.62800000 1510.87000 180.06000 35.76700 138.55400
15 2 21 20 33 40107.20000 12.63300000 1510.30000 180.05000 35.76700 138.09500
15 2 21 20 34 40107.30000 12.63200000 1508.88000 179.57000 35.76700 138.09500
15 2 21 20 34 40107.10000 12.60000000 1507.48000 179.57000 35.76700 137.64500
15 2 21 20 35 40099.80000 12.56700000 1507.48000 179.57000 35.76700 137.35300
15 2 21 20 35 40100.00000 12.61100000 1509.45000 179.93000 35.76700 137.58100
15 2 21 20 36 40099.90000 12.61300000 1510.12000 179.93000 35.76700 137.58100
15 2 21 20 36 40098.00000 12.61300000 1510.12000 179.58000 35.76700 137.44700
15 2 21 20 36 40098.30000 12.60700000 1510.04000 179.56000 36.09700 137.11600
15 2 21 20 37 40099.90000 12.65000000 1509.78000 179.56000 36.09700 137.17700
15 2 21 20 37 40100.00000 12.65000000 1509.78000 179.56000 36.09700 137.14800
15 2 21 20 38 40100.00000 12.65000000 1509.79000 179.33000 36.09700 137.24800
15 2 21 20 38 40100.30000 12.65000000 1509.78000 179.29000 36.09700 137.40500
15 2 21 20 39 40106.90000 12.65000000 1508.33000 179.00000 36.09700 137.40500
15 2 21 20 39 40109.20000 12.65000000 1508.27000 179.41000 36.09700 137.48100
15 2 21 20 39 40108.80000 12.65000000 1508.14000 179.41000 36.09700 137.48100
15 2 21 20 40 40091.90000 12.65000000 1506.94000 179.25000 36.09700 137.16800
15 2 21 20 40 40094.80000 12.65000000 1507.72000 179.17000 36.09700 137.16800
15 2 21 20 41 40100.00000 12.60100000 1507.96000 179.37000 36.14800 137.16800
15 2 21 20 41 40112.20000 12.63900000 1509.24000 179.55000 36.14800 137.16800
15 2 21 20 42 40112.10000 12.60000000 1509.71000 179.80000 36.00000 137.16800
15 2 21 20 42 40115.60000 12.64300000 1509.77000 179.75000 36.00000 137.45400
15 2 21 20 42 40123.60000 12.64300000 1509.80000 179.75000 36.00000 137.31500
15 2 21 20 43 40123.70000 12.61200000 1509.80000 179.73000 36.00000 137.20000
15 2 21 20 43 40123.70000 12.61200000 1509.99000 179.73000 36.00000 137.20000
15 2 21 20 44 40133.30000 12.64100000 1510.81000 179.70000 36.00000 138.02400
15 2 21 20 44 40133.40000 12.64100000 1510.80000 179.71000 36.17500 138.13900
15 2 21 20 45 40129.40000 12.64100000 1510.81000 179.70000 36.00200 138.10100
15 2 21 20 45 40162.90000 12.64100000 1510.99000 179.70000 36.00200 138.42000
15 2 21 20 45 40169.00000 12.64100000 1511.00000 179.83000 36.00200 138.56400
15 2 21 20 46 40156.30000 12.64400000 1511.00000 179.75000 36.00200 138.34900
15 2 21 20 46 40156.20000 12.64400000 1511.00000 179.80000 36.00200 138.37400
15 2 21 20 47 40162.40000 12.65400000 1511.01000 179.85000 36.00200 138.27100
15 2 21 20 47 40169.50000 12.65400000 1511.50000 180.05000 36.00200 138.01700
15 2 21 20 48 40169.50000 12.65400000 1511.58000 180.05000 36.00200 138.08900
15 2 21 20 48 40169.50000 12.65900000 1511.58000 180.05000 36.00200 138.08500
15 2 21 20 48 40169.60000 12.65900000 1511.58000 180.05000 36.00200 137.98000
15 2 21 20 49 40169.60000 12.65900000 1511.57000 179.89000 36.00100 137.98000
15 2 21 20 49 40121.30000 12.65900000 1510.62000 179.71000 36.00100 137.64500
15 2 21 20 50 40111.40000 12.59900000 1510.49000 179.60000 36.11600 137.64500
15 2 21 20 50 40077.90000 12.59900000 1508.60000 179.39000 36.00000 137.18700
15 2 21 20 51 40000.00000 12.63000000 1506.00000 178.67000 36.00000 135.27000
15 2 21 20 51 40046.30000 12.55200000 1508.33000 178.91000 36.00000 136.72800
15 2 21 20 51 40050.30000 12.55000000 1507.76000 178.86000 36.00000 136.72800
15 2 21 20 52 40061.50000 12.55200000 1508.52000 179.01000 36.00000 136.72800
15 2 21 20 52 40036.80000 12.55200000 1508.52000 178.86000 36.00000 136.72800
15 2 21 20 53 40031.30000 12.55200000 1508.49000 178.86000 36.00000 136.72800
15 2 21 20 53 40031.30000 12.55200000 1506.87000 178.89000 36.00000 136.72800
15 2 21 20 54 40025.70000 12.60300000 1506.96000 178.75000 36.00000 136.79000
15 2 21 20 54 40019.00000 12.60300000 1506.95000 178.87000 36.00000 136.79000
15 2 21 20 54 40018.70000 12.60300000 1506.96000 178.83000 36.00000 136.86000
15 2 21 20 55 40021.30000 12.60300000 1506.96000 178.99000 36.00000 136.86000
15 2 21 20 55 40021.40000 12.60300000 1506.00000 178.85000 36.00000 136.86000
15 2 21 20 56 40016.60000 12.55800000 1506.08000 178.78000 36.00000 136.65400
15 2 21 20 56 40026.30000 12.55800000 1506.08000 179.00000 36.00000 136.65400
15 2 21 20 57 40026.80000 12.55800000 1506.08000 178.91000 35.76200 136.65400
15 2 21 20 57 40032.60000 12.55800000 1506.09000 179.12000 35.76200 136.65400
15 2 21 20 57 40033.10000 12.56900000 1505.24000 179.01000 35.76200 136.65400
15 2 21 20 58 40050.50000 12.56900000 1504.92000 178.91000 35.76200 136.30600
15 2 21 20 58 40040.40000 12.56900000 1505.01000 178.91000 35.76200 136.15000
15 2 21 20 59 40040.00000 12.56900000 1505.25000 179.02000 35.76200 135.89100
15 2 21 20 59 40040.20000 12.56900000 1505.25000 179.03000 35.76200 135.89100
15 2 21 21 00 40040.00000 12.56900000 1504.56000 178.89000 35.65000 135.89100
15 2 21 21 00 40099.90000 12.56900000 1506.98000 179.03000 35.60000 135.88300
15 2 21 21 00 40121.00000 12.56900000 1507.42000 179.29000 35.33400 135.88300
15 2 21 21 01 40120.80000 12.56900000 1507.41000 179.69000 35.33400 135.88300
15 2 21 21 01 40128.90000 12.56900000 1506.43000 179.69000 35.33400 136.71800
15 2 21 21 02 40151.90000 12.56900000 1505.95000 180.00000 35.33300 136.71800
15 2 21 21 02 40156.70000 12.57400000 1507.13000 180.02000 35.33300 136.71800
15 2 21 21 03 40156.60000 12.57400000 1507.14000 180.06000 35.05000 136.71800
15 2 21 21 03 40139.20000 12.57400000 1506.47000 180.00000 35.05000 136.71800
15 2 21 21 03 40156.10000 12.58700000 1506.30000 180.07000 35.05000 136.71800
15 2 21 21 04 40156.60000 12.59700000 1507.26000 180.10000 35.36900 137.51500
15 2 21 21 04 40156.70000 12.59700000 1507.90000 180.49000 35.36600 137.77600
15 2 21 21 05 40168.40000 12.59700000 1507.99000 180.49000 35.05000 137.77600
15 2 21 21 05 40169.60000 12.59700000 1507.58000 180.47000 35.05000 137.86300
15 2 21 21 06 40166.20000 12.68400000 1507.53000 180.36000 35.36600 137.86300
15 2 21 21 06 40156.70000 12.68400000 1507.54000 180.33000 35.36600 137.79900
15 2 21 21 06 40150.00000 12.68400000 1506.95000 180.44000 35.36600 137.79900
15 2 21 21 07 40150.10000 12.68000000 1506.94000 180.37000 35.36600 137.79900
15 2 21 21 07 40139.00000 12.68000000 1506.94000 179.97000 35.36600 137.79900
15 2 21 21 08 40143.90000 12.68000000 1506.54000 179.97000 35.36600 137.31300
15 2 21 21 08 40145.70000 12.65800000 1506.55000 180.06000 35.36600 137.02900
15 2 21 21 09 40153.10000 12.65800000 1506.41000 180.17000 35.36600 137.02900
15 2 21 21 09 40159.80000 12.65800000 1506.32000 180.12000 35.36600 137.02900
15 2 21 21 09 40159.90000 12.65800000 1506.32000 180.12000 35.36600 137.02900
15 2 21 21 10 40111.80000 12.62300000 1505.40000 179.41000 35.36600 137.02900
15 2 21 21 10 40134.70000 12.63600000 1505.40000 179.50000 35.36600 137.02900
15 2 21 21 11 40117.10000 12.62400000 1505.53000 179.49000 35.36600 136.84600
15 2 21 21 11 40101.80000 12.59200000 1505.00000 179.03000 35.36600 136.28200
15 2 21 21 12 40110.90000 12.59200000 1504.30000 179.20000 35.36600 136.04600
15 2 21 21 12 40116.70000 12.59200000 1504.32000 179.08000 35.36600 136.04600
15 2 21 21 12 40116.80000 12.56300000 1504.20000 179.07000 35.49500 135.99000
15 2 21 21 13 40109.60000 12.56300000 1504.22000 179.06000 35.49500 135.75500
15 2 21 21 13 40103.90000 12.56300000 1504.07000 179.06000 35.49500 135.75500
15 2 21 21 14 40103.80000 12.56300000 1504.29000 179.02000 35.49500 135.87800
