M=[
 1 1 21 11 11 23913.20000 4.67000000 602.42000 104.66000 13.72300 54.19900
 1 1 21 11 12 23913.10000 4.71800000 602.23000 104.63000 13.72300 54.19900
 1 1 21 11 12 23913.20000 4.71800000 602.55000 104.63000 13.72300 54.19900
 1 1 21 11 12 23913.20000 4.71800000 602.55000 104.63000 13.72300 54.19900
 1 1 21 11 13 23923.90000 4.71800000 602.99000 104.88000 13.72300 54.19900
 1 1 21 11 13 23923.90000 4.68400000 602.80000 104.91000 13.75500 54.22900
 1 1 21 11 14 23922.20000 4.68400000 602.80000 104.89000 13.75500 54.08000
 1 1 21 11 14 23915.90000 4.68400000 603.00000 104.80000 13.75500 54.08000
 1 1 21 11 15 23921.70000 4.68400000 602.99000 104.83000 13.75500 54.08000
 1 1 21 11 15 23919.80000 4.68400000 603.20000 104.83000 13.75500 54.08000
 1 1 21 11 15 23916.30000 4.68400000 603.18000 104.94000 13.75500 54.20900
 1 1 21 11 16 23911.80000 4.68400000 603.20000 104.90000 13.75500 54.20900
 1 1 21 11 16 23900.10000 4.68400000 603.17000 104.92000 13.75500 54.21000
 1 1 21 11 17 23900.00000 4.68400000 602.69000 104.92000 13.75500 54.39000
 1 1 21 11 17 23900.10000 4.68400000 602.69000 104.86000 13.75500 54.50000
 1 1 21 11 18 23908.60000 4.68400000 603.00000 104.86000 13.75500 54.50000
 1 1 21 11 18 23908.60000 4.68400000 602.99000 104.86000 13.75500 54.63500
 1 1 21 11 18 23910.00000 4.68400000 603.00000 104.70000 13.75500 54.50000
 1 1 21 11 19 23915.60000 4.68400000 603.50000 104.84000 13.75500 54.50000
 1 1 21 11 19 23920.00000 4.68400000 604.00000 104.84000 13.75500 54.50000
 1 1 21 11 20 23920.00000 4.68400000 603.99000 104.84000 13.75500 54.50000
 1 1 21 11 20 23923.00000 4.68400000 604.35000 104.84000 13.75500 54.50000
 1 1 21 11 21 23953.00000 4.68400000 604.23000 105.05000 13.75500 54.50000
 1 1 21 11 21 23988.40000 4.68400000 604.84000 105.19000 13.75500 54.50000
 1 1 21 11 21 23985.90000 4.68400000 604.72000 105.19000 13.75500 54.50000
 1 1 21 11 22 23996.10000 4.68400000 604.70000 105.19000 13.75500 54.50000
 1 1 21 11 22 23995.10000 4.68400000 604.94000 105.29000 13.75500 54.50000
 1 1 21 11 23 23976.60000 4.68400000 604.90000 105.29000 13.75500 54.50000
 1 1 21 11 23 23976.70000 4.68400000 604.90000 105.20000 13.81100 54.50000
 1 1 21 11 24 23982.60000 4.68400000 605.00000 105.20000 13.81100 54.28500
 1 1 21 11 24 23993.50000 4.68400000 605.00000 105.20000 13.81100 54.28500
 1 1 21 11 24 23980.20000 4.68400000 605.00000 105.15000 13.81100 54.28500
 1 1 21 11 25 23994.40000 4.68400000 605.00000 105.15000 13.81100 54.28500
 1 1 21 11 25 23994.50000 4.68400000 605.00000 105.13000 13.81100 54.28500
 1 1 21 11 26 24005.30000 4.68400000 605.00000 105.08000 13.81100 54.28500
 1 1 21 11 26 24005.40000 4.68400000 605.00000 105.01000 13.81100 54.28500
 1 1 21 11 27 23998.20000 4.68400000 605.00000 104.98000 13.81100 54.28500
 1 1 21 11 27 24001.90000 4.68400000 605.10000 105.04000 13.81100 54.28500
 1 1 21 11 27 24005.50000 4.68400000 605.61000 105.13000 13.81100 54.28500
 1 1 21 11 28 24011.00000 4.68400000 605.77000 105.13000 13.81100 54.28500
 1 1 21 11 28 23998.30000 4.68400000 605.84000 105.12000 13.81100 54.11900
 1 1 21 11 29 23998.20000 4.68400000 604.99000 105.12000 13.81100 54.11900
 1 1 21 11 29 24001.90000 4.68400000 605.32000 105.05000 13.81100 54.11900
 1 1 21 11 30 24015.20000 4.68400000 605.66000 105.05000 13.81100 54.11900
 1 1 21 11 30 24033.50000 4.68400000 606.00000 105.20000 13.81100 53.97000
 1 1 21 11 30 24033.70000 4.68400000 606.29000 105.19000 13.81100 53.97000
 1 1 21 11 31 24049.00000 4.68400000 606.20000 105.13000 13.81100 53.97000
 1 1 21 11 31 24039.10000 4.68400000 605.92000 105.11000 13.81100 53.97000
 1 1 21 11 32 24039.20000 4.68400000 605.74000 104.95000 13.81100 53.97000
 1 1 21 11 32 24011.30000 4.68400000 605.56000 104.90000 13.81100 54.01800
 1 1 21 11 33 24000.00000 4.68400000 605.41000 104.78000 13.81100 54.01800
 1 1 21 11 33 24015.10000 4.68400000 605.73000 104.78000 13.81100 54.01800
 1 1 21 11 33 24001.60000 4.68400000 605.76000 104.78000 13.81100 54.01800
 1 1 21 11 34 24015.90000 4.68400000 605.92000 104.92000 13.81100 54.01800
 1 1 21 11 34 24005.20000 4.68400000 605.92000 104.92000 13.81100 54.01800
 1 1 21 11 35 24000.00000 4.68400000 605.43000 104.81000 13.81100 54.01800
 1 1 21 11 35 24000.10000 4.68400000 605.62000 104.81000 13.81100 54.01800
 1 1 21 11 35 23968.20000 4.70600000 605.42000 104.80000 13.81100 54.01800
 1 1 21 11 36 23968.20000 4.70600000 605.27000 104.69000 13.81100 54.01800
 1 1 21 11 36 23968.20000 4.70600000 605.08000 104.71000 13.81100 54.01800
 1 1 21 11 37 23975.10000 4.70600000 605.04000 104.71000 13.81100 54.01800
 1 1 21 11 37 23977.90000 4.70600000 605.13000 104.71000 13.81100 54.01800
 1 1 21 11 38 23984.40000 4.70600000 605.09000 104.69000 13.81100 54.01800
 1 1 21 11 38 23983.80000 4.70600000 605.36000 104.69000 13.81100 54.01800
 1 1 21 11 38 23986.20000 4.70600000 605.33000 104.64000 13.81100 53.89200
 1 1 21 11 39 23992.80000 4.70100000 605.18000 104.65000 13.81100 53.89200
 1 1 21 11 39 23995.40000 4.70100000 605.18000 104.72000 13.81100 53.89200
 1 1 21 11 40 23985.90000 4.70100000 605.30000 104.72000 13.81100 53.89200
 1 1 21 11 40 23990.00000 4.70100000 605.32000 104.72000 13.81100 53.89200
 1 1 21 11 41 23990.00000 4.70100000 605.31000 104.72000 13.81100 53.89200
 1 1 21 11 41 23989.90000 4.70100000 605.56000 104.67000 13.81100 53.98000
 1 1 21 11 41 23990.00000 4.70100000 605.48000 104.70000 13.81100 53.98000
 1 1 21 11 42 23989.90000 4.70100000 605.52000 104.72000 13.81100 54.07800
 1 1 21 11 42 23989.90000 4.70100000 605.81000 104.72000 13.81100 54.07800
 1 1 21 11 43 23990.00000 4.70100000 605.82000 104.71000 13.81100 54.05600
 1 1 21 11 43 23990.00000 4.70100000 605.82000 104.71000 13.81100 54.05600
 1 1 21 11 44 23988.00000 4.70100000 605.62000 104.53000 13.81100 54.05600
 1 1 21 11 45 23984.40000 4.70100000 605.19000 104.54000 13.81100 54.05600
 1 1 21 11 45 23955.50000 4.71100000 605.52000 104.54000 13.81100 54.05600
 1 1 21 11 45 23953.90000 4.72300000 605.47000 104.54000 13.81100 54.05600
 1 1 21 11 46 23965.60000 4.72300000 605.73000 104.66000 13.81100 54.05600
 1 1 21 11 46 23974.20000 4.72300000 605.73000 104.65000 13.81100 54.05600
 1 1 21 11 47 23973.20000 4.72300000 605.74000 104.65000 13.81100 54.05600
 1 1 21 11 47 23967.80000 4.72300000 605.65000 104.59000 13.81100 54.05600
 1 1 21 11 48 23976.90000 4.72300000 605.74000 104.61000 13.81100 54.05600
 1 1 21 11 48 23976.90000 4.72300000 605.67000 104.61000 13.81100 54.05600
 1 1 21 11 48 23973.70000 4.72400000 605.41000 104.61000 13.81100 54.05600
 1 1 21 11 49 23976.90000 4.72400000 605.38000 104.60000 13.81100 54.05600
 1 1 21 11 49 23976.90000 4.72400000 605.31000 104.58000 13.81100 54.05600
 1 1 21 11 50 23977.00000 4.72400000 605.44000 104.49000 13.81100 54.05600
 1 1 21 11 50 23984.80000 4.72400000 605.43000 104.49000 13.81100 54.05600
 1 1 21 11 51 23990.00000 4.72400000 605.44000 104.56000 13.81100 54.05600
 1 1 21 11 51 23990.00000 4.72400000 605.67000 104.56000 13.81100 54.05600
 1 1 21 11 51 23989.90000 4.72300000 605.63000 104.61000 13.81100 54.05600
 1 1 21 11 52 23980.20000 4.72300000 605.50000 104.51000 13.81100 54.05600
 1 1 21 11 52 23980.00000 4.72300000 605.01000 104.51000 13.81100 54.05600
 1 1 21 11 53 23973.10000 4.72300000 604.54000 104.51000 13.81100 54.05600
 1 1 21 11 53 23973.10000 4.72300000 604.55000 104.51000 13.81100 54.05600
 1 1 21 11 54 23982.20000 4.72300000 604.42000 104.51000 13.81100 54.16700
 1 1 21 11 54 23960.50000 4.72300000 604.27000 104.51000 13.81100 54.16700
 1 1 21 11 54 23967.30000 4.72300000 604.25000 104.40000 13.81100 54.16700
 1 1 21 11 55 23981.60000 4.72300000 603.90000 104.40000 13.81100 54.00500
 1 1 21 11 55 23987.70000 4.72300000 603.91000 104.45000 13.81100 54.00500
 1 1 21 11 56 23987.00000 4.72300000 603.91000 104.45000 13.81100 54.00500
 1 1 21 11 56 23987.90000 4.72300000 604.41000 104.45000 13.81100 54.00500
 1 1 21 11 57 23988.40000 4.72300000 604.41000 104.45000 13.81100 54.00500
