M=[
 3 12 20 19 07 15973.60000 5.33700000 505.39000 72.81000 13.92600 62.58900
 3 12 20 19 07 15976.60000 5.33700000 505.17000 72.86000 13.92600 62.58900
 3 12 20 19 08 15978.10000 5.33700000 505.24000 72.86000 13.91200 62.58900
 3 12 20 19 08 15989.00000 5.33700000 506.18000 72.89000 13.91200 62.58900
 3 12 20 19 09 15991.80000 5.33700000 506.00000 72.89000 13.91200 62.58900
 3 12 20 19 09 15991.80000 5.33700000 505.92000 72.80000 13.91200 62.58900
 3 12 20 19 10 15991.70000 5.33700000 505.47000 72.80000 13.91200 62.58900
 3 12 20 19 10 15981.40000 5.33700000 505.43000 72.71000 13.91200 62.58900
 3 12 20 19 11 15986.80000 5.33700000 505.72000 72.71000 13.91200 62.58900
 3 12 20 19 11 15983.40000 5.33700000 505.51000 72.82000 13.91200 62.58900
 3 12 20 19 11 15985.70000 5.33700000 505.44000 72.82000 13.91200 62.58900
 3 12 20 19 12 15981.70000 5.33700000 505.51000 72.82000 13.91200 62.58900
 3 12 20 19 12 15998.70000 5.33700000 505.51000 72.84000 13.91200 62.58900
 3 12 20 19 13 15996.60000 5.33700000 505.71000 72.84000 13.91200 62.58900
 3 12 20 19 13 15982.20000 5.33700000 505.71000 72.80000 13.91200 62.58900
 3 12 20 19 14 15981.60000 5.33000000 505.38000 72.80000 13.91200 62.58900
 3 12 20 19 14 15980.00000 5.33000000 505.38000 72.78000 13.91200 62.58900
 3 12 20 19 15 15968.20000 5.33000000 505.07000 72.78000 13.91200 62.58900
 3 12 20 19 15 15970.20000 5.33000000 505.07000 72.78000 13.91200 62.58900
 3 12 20 19 15 15965.00000 5.33000000 505.04000 72.78000 13.91200 62.58900
 3 12 20 19 16 15966.50000 5.33000000 505.04000 72.70000 13.91200 62.58900
 3 12 20 19 16 15964.00000 5.33000000 505.03000 72.70000 13.90900 62.58900
 3 12 20 19 17 15964.40000 5.33000000 505.04000 72.73000 13.90900 62.58900
 3 12 20 19 17 15964.10000 5.33000000 505.02000 72.79000 13.90900 62.58900
 3 12 20 19 18 15965.70000 5.33000000 504.88000 72.79000 13.84800 62.58900
 3 12 20 19 18 15964.20000 5.33000000 505.00000 72.79000 13.84800 62.58900
 3 12 20 19 19 15964.50000 5.36000000 505.00000 72.80000 13.84800 62.58900
 3 12 20 19 19 15964.20000 5.36000000 505.00000 72.89000 13.84800 62.58900
 3 12 20 19 19 15966.10000 5.35900000 505.00000 72.89000 13.84800 62.58900
 3 12 20 19 20 15967.80000 5.35900000 505.01000 72.90000 13.84800 62.58900
 3 12 20 19 20 15965.80000 5.35900000 504.71000 72.90000 13.84800 62.58900
 3 12 20 19 21 15965.80000 5.35900000 504.76000 72.89000 13.84800 62.58900
 3 12 20 19 21 15965.70000 5.35900000 504.69000 72.87000 13.84800 62.58900
 3 12 20 19 22 15968.20000 5.35900000 504.60000 72.88000 13.84800 62.58900
 3 12 20 19 22 15965.70000 5.35900000 504.40000 72.88000 13.84800 62.58900
 3 12 20 19 23 15965.70000 5.35900000 504.30000 72.87000 13.84800 62.58900
 3 12 20 19 23 15965.80000 5.35900000 504.33000 72.87000 13.84800 62.58900
 3 12 20 19 24 15969.80000 5.35900000 504.46000 72.85000 13.84800 62.58900
 3 12 20 19 24 15969.80000 5.35900000 503.97000 72.76000 13.84800 62.58900
 3 12 20 19 24 15969.20000 5.35900000 504.00000 72.76000 13.84800 62.58900
 3 12 20 19 25 15969.20000 5.35900000 504.16000 72.72000 13.84800 62.58900
 3 12 20 19 25 15969.20000 5.35900000 504.42000 72.72000 13.84800 62.58900
 3 12 20 19 26 15968.70000 5.35600000 504.30000 72.70000 13.84800 62.58900
 3 12 20 19 26 15966.10000 5.33400000 504.20000 72.67000 13.84800 62.58900
 3 12 20 19 27 15966.20000 5.33400000 504.27000 72.68000 13.84800 62.58900
 3 12 20 19 27 15966.20000 5.33400000 504.39000 72.68000 13.84800 62.58900
 3 12 20 19 27 15966.20000 5.33400000 504.25000 72.67000 13.84800 62.58900
 3 12 20 19 28 15967.00000 5.33400000 504.80000 72.67000 13.84800 62.58900
 3 12 20 19 28 15967.00000 5.33400000 504.31000 72.72000 13.84800 62.58900
 3 12 20 19 29 15966.90000 5.33400000 504.38000 72.72000 13.84800 62.58900
 3 12 20 19 29 15966.90000 5.33400000 504.36000 72.67000 13.84800 62.58900
 3 12 20 19 30 15966.20000 5.33400000 504.37000 72.69000 13.84800 62.58900
 3 12 20 19 30 15966.20000 5.33400000 504.37000 72.69000 13.84800 62.58900
 3 12 20 19 31 15966.10000 5.33400000 504.51000 72.69000 13.84800 62.58900
 3 12 20 19 31 15966.20000 5.33400000 504.42000 72.70000 13.84800 62.58900
 3 12 20 19 31 15966.20000 5.33400000 504.27000 72.70000 13.84800 62.58900
 3 12 20 19 32 15966.20000 5.33400000 504.19000 72.68000 13.84800 62.58900
 3 12 20 19 32 15966.10000 5.33400000 504.17000 72.68000 13.84800 62.58900
 3 12 20 19 33 15966.20000 5.33400000 504.17000 72.68000 13.84800 62.58900
 3 12 20 19 33 15966.10000 5.33400000 504.17000 72.68000 13.84800 62.58900
 3 12 20 19 34 15966.10000 5.33400000 504.17000 72.68000 13.84800 62.58900
 3 12 20 19 34 15966.10000 5.33400000 504.19000 72.69000 13.84800 62.58900
 3 12 20 19 35 15966.10000 5.33400000 504.19000 72.68000 13.84800 62.32200
 3 12 20 19 35 15966.20000 5.33400000 504.25000 72.68000 13.84800 62.32200
 3 12 20 19 35 15966.20000 5.33400000 504.32000 72.68000 13.84800 62.32200
 3 12 20 19 36 15979.90000 5.33400000 504.32000 72.76000 13.84800 62.32200
 3 12 20 19 36 15980.00000 5.33400000 505.00000 72.76000 13.84800 62.32200
 3 12 20 19 37 15980.00000 5.33400000 505.00000 72.76000 13.84800 62.32200
 3 12 20 19 37 15979.90000 5.33400000 505.00000 72.75000 13.84800 62.32200
 3 12 20 19 38 15979.90000 5.33400000 504.54000 72.75000 13.84800 62.32200
 3 12 20 19 38 15982.10000 5.33400000 504.51000 72.69000 13.84800 62.32200
 3 12 20 19 39 15985.00000 5.33400000 504.74000 72.69000 13.84800 62.32200
 3 12 20 19 39 15985.00000 5.33400000 504.85000 72.71000 13.84800 62.37000
 3 12 20 19 39 15985.00000 5.33400000 504.79000 72.71000 13.84800 62.37000
 3 12 20 19 40 15985.00000 5.33400000 504.81000 72.71000 13.84800 62.37000
 3 12 20 19 40 15985.00000 5.33400000 504.70000 72.71000 13.84800 62.37000
 3 12 20 19 41 15985.00000 5.33400000 504.65000 72.71000 13.84800 62.37000
 3 12 20 19 41 15995.00000 5.33400000 504.99000 72.76000 13.84800 62.37000
 3 12 20 19 42 15994.90000 5.33400000 504.99000 72.85000 13.84800 62.37000
 3 12 20 19 42 15995.00000 5.33400000 504.99000 72.85000 13.84800 62.37000
 3 12 20 19 43 15995.00000 5.33400000 505.00000 72.85000 13.84800 62.37000
 3 12 20 19 43 15995.00000 5.33400000 505.00000 72.84000 13.84800 62.37000
 3 12 20 19 43 15995.00000 5.33400000 505.00000 72.83000 13.84800 62.37000
 3 12 20 19 44 15995.00000 5.33400000 505.00000 72.83000 13.84800 62.37000
 3 12 20 19 44 15995.00000 5.33400000 505.00000 72.83000 13.84800 62.37000
 3 12 20 19 45 15994.90000 5.33400000 504.85000 72.82000 13.84800 62.37000
 3 12 20 19 45 15995.00000 5.33400000 504.85000 72.76000 13.84800 62.37000
 3 12 20 19 46 15994.90000 5.33400000 505.00000 72.76000 13.84800 62.37000
 3 12 20 19 46 15994.90000 5.33400000 505.00000 72.77000 13.84800 62.37000
 3 12 20 19 47 15995.00000 5.33400000 505.00000 72.77000 13.84800 62.37000
 3 12 20 19 47 15994.90000 5.33400000 505.20000 72.77000 13.84800 62.37000
 3 12 20 19 47 15994.90000 5.33400000 505.35000 72.77000 13.84800 62.37000
 3 12 20 19 48 15998.90000 5.33400000 505.33000 72.77000 13.84800 62.37000
 3 12 20 19 48 15999.90000 5.33400000 505.53000 72.77000 13.84800 62.37000
 3 12 20 19 49 15999.90000 5.33400000 505.53000 72.77000 13.84800 62.37000
 3 12 20 19 49 16000.00000 5.33400000 505.53000 72.77000 13.84800 62.37000
 3 12 20 19 50 16000.00000 5.33400000 505.53000 72.77000 13.84800 62.37000
 3 12 20 19 50 16000.00000 5.33400000 505.52000 72.77000 13.84800 62.37000
 3 12 20 19 51 16000.00000 5.33400000 505.52000 72.86000 13.84800 62.37000
 3 12 20 19 51 16000.00000 5.33400000 505.52000 72.86000 13.84800 62.37000
 3 12 20 19 51 16000.00000 5.33400000 505.52000 72.89000 13.84800 62.37000
 3 12 20 19 52 16000.00000 5.33400000 505.53000 72.89000 13.84800 62.37000
 3 12 20 19 52 16000.00000 5.33400000 505.89000 72.89000 13.84800 62.37000
 3 12 20 19 53 15999.90000 5.33400000 505.78000 72.89000 13.84800 62.37000
 3 12 20 19 53 16000.00000 5.33400000 505.96000 72.89000 13.84800 62.37000
 3 12 20 19 54 16000.00000 5.33400000 505.88000 72.89000 13.84800 62.37000
