M=[
31 12 20 06 39 23622.60000 4.54200000 605.06000 102.75000 13.95300 51.36500
31 12 20 06 39 23623.70000 4.54200000 605.06000 102.75000 13.95300 51.36500
31 12 20 06 40 23628.10000 4.54200000 605.03000 102.84000 13.95300 51.36500
31 12 20 06 40 23622.50000 4.54200000 605.03000 102.83000 13.95300 51.36500
31 12 20 06 40 23622.50000 4.54200000 604.82000 102.79000 13.95300 51.36500
31 12 20 06 41 23624.30000 4.54200000 604.82000 102.79000 13.95300 51.36500
31 12 20 06 41 23625.40000 4.54200000 604.82000 102.79000 13.95300 51.36500
31 12 20 06 42 23665.90000 4.54200000 604.82000 102.79000 13.95300 51.22200
31 12 20 06 42 23647.60000 4.54200000 604.82000 102.76000 13.95300 51.22200
31 12 20 06 43 23643.70000 4.54200000 605.09000 102.76000 13.95300 51.22200
31 12 20 06 43 23622.20000 4.54200000 604.80000 102.77000 13.95300 51.22200
31 12 20 06 43 23597.90000 4.54200000 604.80000 102.64000 13.95300 51.22200
31 12 20 06 44 23610.70000 4.54200000 604.23000 102.64000 13.95300 51.22200
31 12 20 06 44 23611.90000 4.54200000 604.23000 102.64000 13.95300 51.22200
31 12 20 06 45 23614.80000 4.54200000 604.23000 102.64000 13.95300 51.22200
31 12 20 06 45 23614.80000 4.54200000 604.45000 102.65000 13.95300 51.22200
31 12 20 06 46 23627.20000 4.54200000 604.44000 102.65000 13.95300 51.22200
31 12 20 06 46 23627.10000 4.54200000 604.77000 102.65000 13.95300 51.22200
31 12 20 06 46 23627.10000 4.54200000 604.52000 102.64000 13.95300 51.22200
31 12 20 06 47 23602.20000 4.54200000 604.52000 102.64000 13.95300 51.22200
31 12 20 06 47 23590.30000 4.54200000 603.97000 102.64000 13.95300 51.22200
31 12 20 06 48 23604.10000 4.54200000 604.03000 102.64000 13.95300 51.22200
31 12 20 06 48 23604.10000 4.54200000 604.02000 102.64000 13.95300 51.22200
31 12 20 06 49 23590.10000 4.54200000 603.48000 102.58000 13.95300 51.22200
31 12 20 06 49 23578.30000 4.54200000 603.48000 102.58000 13.95300 51.22200
31 12 20 06 49 23578.90000 4.54200000 603.68000 102.61000 13.95300 51.22200
31 12 20 06 50 23575.10000 4.54200000 603.42000 102.64000 13.95300 51.22200
31 12 20 06 50 23580.30000 4.54200000 603.42000 102.64000 13.95300 51.22200
31 12 20 06 51 23585.50000 4.54200000 603.42000 102.66000 13.95300 51.22200
31 12 20 06 51 23599.90000 4.54200000 604.17000 102.67000 13.95300 51.22200
31 12 20 06 52 23600.00000 4.54200000 604.06000 102.67000 13.95300 51.22200
31 12 20 06 52 23589.10000 4.54200000 603.53000 102.67000 13.95300 51.22200
31 12 20 06 52 23582.50000 4.54200000 603.56000 102.67000 13.95300 51.22200
31 12 20 06 53 23580.50000 4.54200000 603.50000 102.67000 13.95300 51.22200
31 12 20 06 53 23591.90000 4.54200000 603.50000 102.67000 13.95300 51.22200
31 12 20 06 54 23597.20000 4.54200000 603.50000 102.67000 13.95300 51.22200
31 12 20 06 54 23580.20000 4.54200000 603.96000 102.67000 13.95300 51.22200
31 12 20 06 55 23582.30000 4.54200000 604.23000 102.66000 13.95300 51.22200
31 12 20 06 55 23580.20000 4.54200000 604.23000 102.61000 13.95300 51.22200
31 12 20 06 55 23565.70000 4.54200000 604.23000 102.61000 13.95300 51.22200
31 12 20 06 56 23566.80000 4.54200000 604.51000 102.48000 13.95300 51.22200
31 12 20 06 56 23559.80000 4.54200000 604.51000 102.48000 13.95300 51.22200
31 12 20 06 57 23566.70000 4.54200000 604.36000 102.48000 13.95300 51.22200
31 12 20 06 57 23559.80000 4.54200000 604.36000 102.53000 13.95300 51.22200
31 12 20 06 58 23559.80000 4.54200000 604.36000 102.53000 13.95300 51.22200
31 12 20 06 58 23554.70000 4.54200000 604.36000 102.53000 13.95300 51.22200
31 12 20 06 58 23553.40000 4.54200000 604.50000 102.53000 13.95300 51.22200
31 12 20 06 59 23540.00000 4.54200000 604.36000 102.46000 13.95300 51.22200
31 12 20 06 59 23522.50000 4.54200000 603.88000 102.32000 13.95300 51.22200
31 12 20 07 00 23540.40000 4.54200000 604.54000 102.32000 13.95300 51.22200
31 12 20 07 00 23558.10000 4.54200000 604.54000 102.48000 13.95300 51.22200
31 12 20 07 01 23561.70000 4.54200000 604.83000 102.48000 13.95300 51.22200
31 12 20 07 01 23560.20000 4.54200000 605.60000 102.48000 13.95300 51.22200
31 12 20 07 01 23558.80000 4.54200000 605.70000 102.52000 13.95300 51.22200
31 12 20 07 02 23560.10000 4.54200000 606.18000 102.52000 13.95300 51.22200
31 12 20 07 02 23560.00000 4.54200000 606.28000 102.45000 13.95300 51.22200
31 12 20 07 03 23560.00000 4.54200000 607.39000 102.45000 13.95300 51.19300
31 12 20 07 03 23560.10000 4.54200000 607.27000 102.45000 13.95300 51.19300
31 12 20 07 03 23560.00000 4.54200000 607.04000 102.45000 13.95300 51.19300
31 12 20 07 04 23560.10000 4.54200000 607.56000 102.45000 13.95300 51.19300
31 12 20 07 04 23560.10000 4.54200000 607.25000 102.45000 13.95300 51.19300
31 12 20 07 05 23560.10000 4.54200000 607.72000 102.54000 13.95300 51.26800
31 12 20 07 05 23560.10000 4.54200000 608.69000 102.76000 13.95300 51.26800
31 12 20 07 06 23592.10000 4.54200000 609.07000 102.76000 13.95300 51.26800
31 12 20 07 06 23600.00000 4.54200000 609.45000 102.85000 13.95300 51.26800
31 12 20 07 06 23597.90000 4.54200000 609.48000 102.85000 13.95300 51.26800
31 12 20 07 07 23600.00000 4.54200000 609.80000 103.08000 13.95300 51.26800
31 12 20 07 07 23628.80000 4.54200000 609.80000 103.48000 13.95300 51.26800
31 12 20 07 08 23605.10000 4.54200000 609.80000 103.55000 13.95300 51.26800
31 12 20 07 08 23610.10000 4.60000000 611.59000 103.85000 13.95300 51.26800
31 12 20 07 09 23615.90000 4.60000000 611.99000 103.90000 13.95300 51.26800
31 12 20 07 09 23621.80000 4.60000000 612.23000 104.05000 13.95300 51.26800
31 12 20 07 09 23623.10000 4.62000000 612.99000 104.50000 13.95300 51.26800
31 12 20 07 10 23630.90000 4.62000000 613.00000 104.19000 13.95300 51.26800
31 12 20 07 10 23636.90000 4.60800000 613.56000 104.40000 13.95300 51.26800
31 12 20 07 11 23720.00000 4.60800000 613.44000 104.47000 13.95300 51.26800
31 12 20 07 11 23761.40000 4.60800000 613.56000 104.56000 13.95300 51.26800
31 12 20 07 12 23766.90000 4.60800000 614.04000 104.46000 13.95300 51.26800
31 12 20 07 12 23738.10000 4.61900000 613.58000 104.12000 13.95300 51.26800
31 12 20 07 12 23706.80000 4.61900000 611.97000 104.14000 13.95300 51.26800
31 12 20 07 13 23723.10000 4.61900000 612.59000 104.13000 13.95300 51.26800
31 12 20 07 13 23726.00000 4.61900000 612.59000 104.13000 13.95300 51.51400
31 12 20 07 14 23728.90000 4.61900000 612.39000 104.13000 13.95300 51.51400
31 12 20 07 14 23716.20000 4.61900000 612.56000 104.26000 13.95300 51.51400
31 12 20 07 15 23723.00000 4.61900000 612.50000 104.31000 13.95300 51.51400
31 12 20 07 15 23724.90000 4.61900000 612.17000 104.67000 13.95300 51.51400
31 12 20 07 15 23706.10000 4.61900000 611.66000 104.67000 13.95300 51.51400
31 12 20 07 16 23684.60000 4.61900000 611.80000 104.45000 13.95300 51.51400
31 12 20 07 16 23689.10000 4.61900000 610.48000 104.26000 13.95300 51.51400
31 12 20 07 17 23685.50000 4.61900000 611.12000 104.26000 13.95300 51.51400
31 12 20 07 17 23673.70000 4.61900000 611.12000 104.26000 13.95300 51.51400
31 12 20 07 18 23706.00000 4.61900000 610.87000 104.26000 13.95300 51.51400
31 12 20 07 18 23706.00000 4.61900000 610.97000 104.61000 13.95300 51.51400
31 12 20 07 18 23706.00000 4.61900000 611.00000 104.51000 13.95300 51.51400
31 12 20 07 19 23698.30000 4.61900000 611.00000 104.62000 13.95300 51.51400
31 12 20 07 19 23696.70000 4.61900000 610.99000 104.62000 13.95300 51.51400
31 12 20 07 20 23706.00000 4.61900000 610.66000 104.60000 13.95300 51.51400
31 12 20 07 20 23706.00000 4.61900000 610.77000 104.60000 13.95300 51.51400
31 12 20 07 21 23705.90000 4.61900000 610.77000 104.58000 13.95300 51.51400
31 12 20 07 21 23706.10000 4.61900000 610.73000 104.58000 13.95300 51.51400
31 12 20 07 21 23717.50000 4.61900000 610.86000 104.46000 13.95300 51.51400
31 12 20 07 22 23725.00000 4.61900000 611.47000 104.54000 13.95300 51.51400
31 12 20 07 22 23744.10000 4.61900000 611.81000 104.50000 13.95300 51.51400
31 12 20 07 23 23768.20000 4.61900000 611.99000 104.63000 13.95300 51.51400
31 12 20 07 23 23765.50000 4.61900000 612.00000 104.63000 13.95300 51.51400
