M=[
 7 1 21 09 45 30399.00000 5.94100000 974.84000 135.60000 16.37400 53.79700
 7 1 21 09 46 30392.90000 5.94100000 974.67000 135.58000 16.37400 53.79700
 7 1 21 09 46 30397.80000 5.97300000 974.99000 135.55000 16.37400 53.79700
 7 1 21 09 46 30390.10000 5.97300000 974.51000 135.42000 16.37400 53.79700
 7 1 21 09 47 30399.60000 5.97300000 974.41000 135.42000 16.37400 53.79700
 7 1 21 09 47 30400.00000 5.97300000 974.49000 135.45000 16.37400 53.79700
 7 1 21 09 48 30400.00000 5.95200000 974.58000 135.55000 16.37400 53.79700
 7 1 21 09 48 30399.90000 5.95200000 973.57000 135.41000 16.37000 53.79700
 7 1 21 09 49 30393.70000 5.95200000 974.81000 135.41000 16.37000 53.79700
 7 1 21 09 49 30400.00000 5.95200000 974.06000 135.41000 16.37000 53.79700
 7 1 21 09 49 30400.00000 5.95200000 974.10000 135.41000 16.37000 53.79700
 7 1 21 09 50 30400.00000 5.95200000 974.36000 135.47000 16.37000 53.79700
 7 1 21 09 50 30450.00000 5.95200000 974.97000 135.56000 16.37000 53.84600
 7 1 21 09 51 30469.90000 5.95200000 975.78000 135.57000 16.37000 53.86100
 7 1 21 09 51 30499.00000 5.96400000 976.97000 135.74000 16.37000 53.86100
 7 1 21 09 52 30499.90000 5.96400000 977.00000 135.99000 16.37000 53.86100
 7 1 21 09 52 30543.60000 5.97900000 977.45000 135.84000 16.37000 53.86100
 7 1 21 09 52 30526.90000 5.97900000 978.11000 135.84000 16.37000 53.86100
 7 1 21 09 53 30515.00000 5.97900000 978.87000 135.99000 16.37000 53.86100
 7 1 21 09 53 30548.50000 5.98000000 979.04000 136.15000 16.37000 54.03900
 7 1 21 09 54 30512.20000 5.98000000 978.84000 136.15000 16.37000 54.22700
 7 1 21 09 54 30524.30000 5.98000000 979.98000 136.20000 16.37000 54.58000
 7 1 21 09 55 30533.70000 6.00000000 979.61000 136.19000 16.37000 54.59700
 7 1 21 09 55 30532.30000 6.00000000 979.13000 136.19000 16.37000 54.59700
 7 1 21 09 55 30523.50000 6.00000000 978.77000 136.20000 16.37000 54.59700
 7 1 21 09 56 30520.50000 6.00000000 978.78000 136.20000 16.37000 54.59700
 7 1 21 09 56 30520.00000 6.00000000 979.13000 136.20000 16.37000 54.59700
 7 1 21 09 57 30535.90000 6.00000000 979.18000 136.20000 16.37000 54.59700
 7 1 21 09 57 30555.30000 6.00000000 979.95000 136.57000 16.37000 54.59700
 7 1 21 09 58 30555.00000 6.00000000 980.00000 136.57000 16.37000 54.59700
 7 1 21 09 58 30521.90000 6.00000000 979.99000 136.52000 16.37000 54.51000
 7 1 21 09 58 30537.60000 6.01300000 979.45000 136.34000 16.37000 54.50100
 7 1 21 09 59 30560.00000 6.01300000 980.55000 136.39000 16.37000 54.50100
 7 1 21 09 59 30560.50000 6.04000000 981.27000 136.57000 16.51000 54.51000
 7 1 21 10 00 30576.60000 6.04000000 981.99000 136.57000 16.51000 54.57400
 7 1 21 10 00 30500.00000 6.02000000 980.02000 136.25000 16.51000 54.57400
 7 1 21 10 01 30476.70000 6.02000000 979.22000 136.29000 16.51000 54.56900
 7 1 21 10 01 30500.00000 6.02000000 979.54000 136.27000 16.51000 54.56900
 7 1 21 10 01 30512.90000 6.02000000 980.37000 136.29000 16.51000 54.56900
 7 1 21 10 02 30500.10000 6.02000000 979.56000 136.31000 16.51000 54.58600
 7 1 21 10 02 30488.10000 5.98400000 979.20000 136.05000 16.51000 54.69400
 7 1 21 10 03 30480.30000 5.98400000 978.22000 136.01000 16.51000 54.69400
 7 1 21 10 03 30472.90000 5.98400000 978.54000 136.03000 16.57000 54.69400
 7 1 21 10 04 30470.00000 5.98400000 977.82000 136.11000 16.57000 54.69400
 7 1 21 10 04 30469.10000 5.98400000 977.94000 136.02000 16.57000 54.69400
 7 1 21 10 04 30445.50000 5.98400000 977.41000 136.01000 16.57000 54.69400
 7 1 21 10 05 30408.00000 5.98400000 977.38000 136.04000 16.57000 54.69400
 7 1 21 10 05 30400.10000 5.98400000 977.23000 135.93000 16.57000 54.69400
 7 1 21 10 06 30398.30000 5.98400000 976.31000 135.88000 16.57000 54.69400
 7 1 21 10 06 30385.00000 5.98400000 975.98000 135.86000 16.57000 54.69400
 7 1 21 10 07 30352.10000 5.98400000 975.76000 135.43000 16.57000 54.69400
 7 1 21 10 07 30375.90000 5.98400000 974.04000 135.40000 16.57000 54.69400
 7 1 21 10 07 30400.00000 5.97900000 975.30000 134.89000 16.57000 54.05900
 7 1 21 10 08 30329.40000 5.97900000 973.97000 134.95000 16.57000 54.04700
 7 1 21 10 08 30353.40000 5.97900000 974.08000 135.06000 16.57000 54.04700
 7 1 21 10 09 30346.10000 5.97900000 973.50000 135.12000 16.57000 54.04700
 7 1 21 10 09 30359.50000 5.97900000 973.63000 134.95000 16.57000 54.04700
 7 1 21 10 10 30400.00000 5.96600000 974.46000 134.95000 16.57000 54.04700
 7 1 21 10 10 30379.40000 5.96600000 974.60000 135.08000 16.57000 54.04700
 7 1 21 10 10 30350.00000 5.96600000 973.82000 135.01000 16.57000 54.04700
 7 1 21 10 11 30354.20000 5.96600000 973.80000 135.08000 16.57000 54.04700
 7 1 21 10 11 30317.00000 5.96300000 973.47000 134.90000 16.57000 54.01600
 7 1 21 10 12 30336.00000 5.96300000 973.20000 134.90000 16.57000 54.01600
 7 1 21 10 12 30347.60000 5.96300000 973.56000 134.82000 16.57000 54.01600
 7 1 21 10 12 30359.50000 5.96300000 972.76000 134.70000 16.57000 54.01600
 7 1 21 10 13 30359.50000 5.96300000 973.87000 134.80000 16.62800 54.01600
 7 1 21 10 13 30360.20000 5.96300000 973.96000 134.86000 16.62800 54.01600
 7 1 21 10 14 30340.10000 5.98900000 972.71000 134.71000 16.62800 54.01600
 7 1 21 10 14 30351.10000 5.98400000 973.12000 134.78000 16.62800 54.01600
 7 1 21 10 15 30377.30000 5.98400000 973.76000 134.93000 16.62900 54.01600
 7 1 21 10 15 30407.90000 5.98400000 974.80000 135.05000 16.62900 54.09400
 7 1 21 10 15 30425.80000 5.98400000 975.68000 135.16000 16.62900 54.09400
 7 1 21 10 16 30454.80000 5.98400000 976.00000 135.08000 16.62900 54.09400
 7 1 21 10 16 30456.90000 5.98400000 976.15000 135.02000 16.62900 54.09400
 7 1 21 10 17 30453.50000 5.98400000 976.34000 134.99000 16.44400 54.17100
 7 1 21 10 17 30441.80000 5.98400000 975.91000 134.84000 16.44400 54.17100
 7 1 21 10 18 30431.00000 5.98400000 975.91000 134.92000 16.44400 54.17100
 7 1 21 10 18 30440.10000 5.96400000 976.10000 135.05000 16.44400 54.17100
 7 1 21 10 18 30372.40000 5.96400000 974.12000 134.83000 16.44400 54.10000
 7 1 21 10 19 30336.00000 5.96400000 972.00000 134.69000 16.44400 54.01400
 7 1 21 10 19 30324.50000 5.98000000 971.29000 134.44000 16.44400 54.01400
 7 1 21 10 20 30321.80000 5.96200000 971.00000 134.60000 16.44400 53.96000
 7 1 21 10 20 30300.40000 5.96200000 970.90000 134.48000 16.44400 53.96000
 7 1 21 10 21 30328.40000 5.96200000 971.00000 134.45000 16.44400 53.96000
 7 1 21 10 21 30346.70000 5.96200000 972.04000 134.57000 16.44400 53.96000
 7 1 21 10 21 30380.70000 5.96200000 973.43000 134.83000 16.44400 53.96000
 7 1 21 10 22 30398.70000 5.96900000 973.47000 135.00000 16.44400 53.96000
 7 1 21 10 22 30385.00000 5.96900000 972.92000 134.84000 16.44400 53.96000
 7 1 21 10 23 30350.10000 5.95500000 972.13000 134.84000 16.44400 53.96000
 7 1 21 10 23 30360.30000 5.95000000 972.30000 134.74000 16.44400 53.96000
 7 1 21 10 24 30360.30000 5.95000000 972.54000 135.00000 16.44400 54.05700
 7 1 21 10 24 30400.00000 5.95000000 974.15000 135.20000 16.44400 54.05700
 7 1 21 10 24 30399.90000 5.95000000 974.29000 135.26000 16.44400 54.05700
 7 1 21 10 25 30391.00000 5.95000000 973.35000 135.19000 16.44400 54.05700
 7 1 21 10 25 30403.40000 5.95000000 973.03000 135.10000 16.44400 54.14800
 7 1 21 10 26 30356.00000 5.95000000 972.36000 135.01000 16.44400 54.02600
 7 1 21 10 26 30350.10000 5.92900000 972.55000 134.92000 16.44400 54.02600
 7 1 21 10 27 30336.70000 5.92900000 972.04000 134.93000 16.44400 54.02600
 7 1 21 10 27 30356.10000 5.92900000 972.66000 134.92000 16.44400 54.02600
 7 1 21 10 27 30368.10000 5.92900000 972.08000 134.95000 16.44400 54.02600
 7 1 21 10 28 30387.30000 5.92900000 973.30000 135.01000 16.44400 54.02600
 7 1 21 10 28 30383.80000 5.90800000 972.73000 134.91000 16.44400 54.02600
 7 1 21 10 29 30362.30000 5.90800000 972.78000 134.74000 16.44400 54.02600
 7 1 21 10 29 30356.40000 5.90800000 971.91000 134.57000 16.44400 54.02600
 7 1 21 10 30 30333.70000 5.90800000 971.11000 134.47000 16.44400 54.00200
 7 1 21 10 30 30390.60000 5.90000000 972.34000 134.64000 16.44400 54.00200
