M=[
12 2 21 14 06 39490.20000 9.76400000 1479.22000 154.29000 23.44000 114.49300
12 2 21 14 06 39523.20000 9.76400000 1478.78000 154.56000 23.44000 114.49300
12 2 21 14 07 39525.10000 9.76400000 1478.59000 154.58000 23.44000 114.67800
12 2 21 14 07 39526.10000 9.76400000 1480.00000 154.83000 23.44000 114.67800
12 2 21 14 07 39547.60000 9.77200000 1480.59000 154.90000 23.44000 114.67800
12 2 21 14 08 39550.70000 9.77800000 1481.00000 154.87000 23.44000 114.67800
12 2 21 14 08 39550.70000 9.77800000 1481.00000 154.66000 23.44000 114.67800
12 2 21 14 09 39548.40000 9.84700000 1482.24000 154.68000 23.44000 114.77800
12 2 21 14 09 39518.40000 9.84700000 1481.58000 154.56000 23.44000 114.77800
12 2 21 14 10 39543.90000 9.84700000 1481.34000 154.56000 23.38900 114.77800
12 2 21 14 10 39603.70000 9.84700000 1483.93000 154.79000 23.38900 114.77800
12 2 21 14 10 39574.90000 9.84700000 1483.60000 154.94000 23.38900 115.01000
12 2 21 14 11 39544.00000 9.76900000 1483.26000 154.56000 23.38900 115.01000
12 2 21 14 11 39529.00000 9.76900000 1481.75000 154.58000 23.38900 115.01000
12 2 21 14 12 39527.20000 9.76900000 1481.78000 154.39000 23.38900 115.14800
12 2 21 14 12 39534.50000 9.76900000 1482.77000 154.39000 23.38900 115.14800
12 2 21 14 13 39557.50000 9.76900000 1483.55000 154.57000 23.38900 115.22600
12 2 21 14 13 39564.60000 9.77200000 1484.62000 154.57000 23.40400 115.22600
12 2 21 14 13 39570.30000 9.77200000 1484.99000 154.71000 23.40400 115.22600
12 2 21 14 14 39548.40000 9.80700000 1484.67000 154.70000 23.48300 115.22600
12 2 21 14 14 39565.60000 9.80600000 1484.57000 154.53000 23.48300 115.22600
12 2 21 14 15 39546.60000 9.80600000 1484.36000 154.53000 23.48300 115.22600
12 2 21 14 15 39546.30000 9.80600000 1484.35000 154.53000 23.48300 115.14900
12 2 21 14 16 39546.50000 9.80600000 1484.37000 154.53000 23.48300 114.86300
12 2 21 14 16 39546.40000 9.80600000 1484.37000 154.80000 23.48300 115.06000
12 2 21 14 16 39548.20000 9.79900000 1486.00000 154.94000 23.48300 115.06000
12 2 21 14 17 39548.20000 9.79900000 1486.96000 155.07000 23.48300 115.06000
12 2 21 14 17 39547.00000 9.79900000 1487.13000 155.00000 23.48300 115.06000
12 2 21 14 18 39546.30000 9.77300000 1488.25000 155.00000 23.48300 115.06000
12 2 21 14 18 39530.10000 9.77300000 1488.53000 154.71000 23.48300 115.06000
12 2 21 14 19 39447.50000 9.77300000 1488.09000 154.71000 23.48300 114.72000
12 2 21 14 19 39463.60000 9.77300000 1488.50000 154.79000 23.48300 114.72000
12 2 21 14 19 39467.00000 9.77300000 1488.47000 154.78000 23.48300 114.72000
12 2 21 14 20 39457.30000 9.77300000 1488.88000 154.78000 23.48300 114.54800
12 2 21 14 20 39457.30000 9.77300000 1488.90000 154.77000 23.48300 114.54800
12 2 21 14 21 39457.30000 9.79000000 1488.99000 154.78000 23.48300 114.47900
12 2 21 14 21 39457.30000 9.79000000 1488.99000 154.79000 23.48300 114.47900
12 2 21 14 22 39457.20000 9.81200000 1488.99000 154.49000 23.48300 114.47900
12 2 21 14 22 39439.00000 9.75100000 1489.89000 154.43000 23.48300 114.09900
12 2 21 14 22 39433.10000 9.75100000 1490.00000 154.37000 23.48300 114.09900
12 2 21 14 23 39433.70000 9.75100000 1490.52000 154.36000 23.48300 114.09700
12 2 21 14 23 39446.70000 9.75100000 1490.82000 154.17000 23.48300 113.92900
12 2 21 14 24 39434.50000 9.75100000 1491.94000 154.15000 23.48300 113.92900
12 2 21 14 24 39424.40000 9.75100000 1490.46000 153.43000 23.48300 113.92900
12 2 21 14 25 39426.10000 9.80100000 1487.09000 153.44000 23.48300 113.92900
12 2 21 14 25 39439.90000 9.74700000 1489.45000 153.45000 23.48300 113.66200
12 2 21 14 25 39440.00000 9.74700000 1489.99000 153.46000 23.39300 113.68200
12 2 21 14 26 39440.00000 9.74700000 1490.06000 153.33000 23.39300 113.68200
12 2 21 14 26 39439.90000 9.74700000 1489.97000 153.50000 23.39300 114.02200
12 2 21 14 27 39441.30000 9.80300000 1490.79000 153.77000 23.39300 114.07900
12 2 21 14 27 39441.30000 9.80300000 1491.15000 153.77000 23.39300 114.07900
12 2 21 14 28 39440.00000 9.80300000 1490.85000 153.61000 23.39300 114.07900
12 2 21 14 28 39430.00000 9.76700000 1490.84000 153.50000 23.39300 114.07900
12 2 21 14 28 39403.10000 9.76700000 1489.99000 153.50000 23.39300 114.07900
12 2 21 14 29 39337.90000 9.76700000 1488.74000 153.24000 23.39300 114.07900
12 2 21 14 29 39265.50000 9.76700000 1485.82000 152.80000 23.39300 114.07900
12 2 21 14 30 39269.60000 9.76700000 1484.93000 152.61000 23.39300 114.07900
12 2 21 14 30 39262.10000 9.76100000 1486.00000 152.79000 23.39300 114.07900
12 2 21 14 31 39200.10000 9.76100000 1482.15000 152.31000 23.27900 114.07900
12 2 21 14 31 39151.80000 9.67100000 1479.43000 151.86000 23.27900 113.07900
12 2 21 14 31 39172.10000 9.62800000 1478.38000 151.87000 23.27900 112.95100
12 2 21 14 32 39100.20000 9.62900000 1477.57000 151.53000 23.27900 112.29100
12 2 21 14 32 39111.10000 9.62100000 1475.00000 151.55000 23.27900 112.40500
12 2 21 14 33 39145.00000 9.62200000 1476.09000 152.05000 23.27900 112.30400
12 2 21 14 33 39142.20000 9.61400000 1475.92000 152.34000 23.27900 112.30400
12 2 21 14 34 39153.20000 9.61400000 1475.92000 152.48000 23.27900 112.56200
12 2 21 14 34 39163.70000 9.62700000 1476.85000 152.35000 23.27900 112.56200
12 2 21 14 34 39173.80000 9.62700000 1476.82000 152.05000 23.27900 112.56200
12 2 21 14 35 39134.00000 9.62700000 1476.37000 152.03000 23.36400 112.56200
12 2 21 14 35 39134.00000 9.62700000 1476.13000 152.05000 23.28000 112.46600
12 2 21 14 36 39119.40000 9.60000000 1476.56000 152.05000 23.28000 112.49000
12 2 21 14 36 39100.10000 9.60000000 1476.35000 152.13000 23.28000 112.49000
12 2 21 14 37 39050.00000 9.60000000 1475.00000 151.86000 23.28000 112.49000
12 2 21 14 37 39046.10000 9.62200000 1475.00000 151.78000 23.28000 112.49000
12 2 21 14 37 38961.80000 9.56100000 1471.38000 151.50000 23.02800 112.00000
12 2 21 14 38 38858.00000 9.45200000 1468.71000 150.40000 23.02800 111.80000
12 2 21 14 38 38888.10000 9.45800000 1469.99000 150.99000 23.02800 111.34200
12 2 21 14 39 38863.90000 9.45800000 1468.13000 150.84000 23.01600 111.23300
12 2 21 14 39 38723.00000 9.57000000 1461.61000 150.40000 23.01600 111.07800
12 2 21 14 40 38575.00000 9.41000000 1461.35000 150.10000 23.01600 110.97000
12 2 21 14 40 38738.90000 9.41400000 1463.35000 150.41000 22.85000 110.42100
12 2 21 14 40 38751.40000 9.41000000 1462.78000 150.12000 22.85000 111.05500
12 2 21 14 41 38779.90000 9.40500000 1462.00000 149.85000 22.85000 111.18600
12 2 21 14 41 38853.70000 9.40500000 1464.63000 150.42000 22.85000 111.18600
12 2 21 14 42 38856.90000 9.40500000 1465.81000 150.85000 22.85000 111.46500
12 2 21 14 42 38832.00000 9.40500000 1465.01000 150.57000 22.85000 111.62500
12 2 21 14 43 38817.90000 9.42600000 1464.99000 150.52000 22.85000 111.62500
12 2 21 14 43 38821.80000 9.45200000 1465.63000 150.69000 22.85000 111.62500
12 2 21 14 43 38827.90000 9.45200000 1465.00000 150.69000 23.08800 111.83800
12 2 21 14 44 38826.10000 9.45200000 1466.03000 150.81000 23.06600 111.87200
12 2 21 14 44 38761.00000 9.46700000 1465.00000 150.70000 23.06600 111.87200
12 2 21 14 45 38720.80000 9.46700000 1465.00000 150.54000 23.06600 111.87200
12 2 21 14 45 38630.60000 9.47000000 1461.81000 150.06000 23.06600 111.68700
12 2 21 14 46 38604.50000 9.34900000 1461.18000 149.92000 23.00000 111.68700
12 2 21 14 46 38630.70000 9.34600000 1461.12000 149.95000 22.99200 111.01200
12 2 21 14 46 38589.40000 9.34100000 1459.32000 149.90000 22.99200 111.01200
12 2 21 14 47 38415.20000 9.33600000 1455.00000 149.36000 22.85000 110.99400
12 2 21 14 47 38360.50000 9.33600000 1455.00000 149.07000 22.83200 110.99400
12 2 21 14 48 38435.00000 9.30000000 1455.00000 149.33000 22.83200 110.53900
12 2 21 14 48 38373.30000 9.30000000 1453.90000 149.24000 22.80900 110.53900
12 2 21 14 49 38465.10000 9.30000000 1455.01000 149.37000 22.81000 110.66000
12 2 21 14 49 38561.90000 9.30000000 1456.47000 149.67000 22.53700 110.66000
12 2 21 14 49 38561.80000 9.30000000 1455.28000 149.78000 22.30300 110.66000
