M=[
11 11 20 17 45 13510.00000 4.34900000 400.00000 50.68000 13.64900 50.87100
11 11 20 17 45 13520.90000 4.34900000 400.50000 50.68000 13.64900 50.87100
11 11 20 17 46 13523.30000 4.34900000 400.84000 50.68000 13.64900 50.87100
11 11 20 17 46 13524.90000 4.34900000 400.79000 50.86000 13.64900 50.87100
11 11 20 17 46 13521.50000 4.34900000 400.70000 50.86000 13.64900 50.87100
11 11 20 17 47 13521.30000 4.34900000 400.26000 50.79000 13.64900 50.87100
11 11 20 17 47 13524.90000 4.34900000 400.35000 50.79000 13.64900 50.87100
11 11 20 17 48 13532.60000 4.34900000 400.44000 50.79000 13.64900 50.87100
11 11 20 17 48 13525.70000 4.36600000 400.01000 50.82000 13.64900 50.87100
11 11 20 17 49 13532.50000 4.36600000 399.97000 50.82000 13.64900 50.87100
11 11 20 17 49 13532.50000 4.36600000 399.88000 50.82000 13.64900 50.87100
11 11 20 17 49 13535.90000 4.36600000 399.88000 50.83000 13.64900 50.87100
11 11 20 17 50 13537.00000 4.36600000 399.91000 50.80000 13.64900 50.93100
11 11 20 17 50 13530.10000 4.36600000 399.90000 50.80000 13.64900 50.93100
11 11 20 17 51 13534.90000 4.35400000 399.65000 50.81000 13.64900 50.93100
11 11 20 17 51 13530.50000 4.35400000 399.66000 50.76000 13.64900 50.93100
11 11 20 17 52 13506.60000 4.35400000 399.01000 50.73000 13.64900 50.93100
11 11 20 17 52 13462.40000 4.35400000 398.16000 50.60000 13.64900 50.93100
11 11 20 17 52 13450.00000 4.35400000 398.27000 50.66000 13.64900 50.93100
11 11 20 17 53 13497.00000 4.35400000 398.87000 50.68000 13.64900 50.93100
11 11 20 17 53 13502.00000 4.35400000 398.87000 50.77000 13.64900 50.93100
11 11 20 17 54 13505.40000 4.35400000 399.20000 50.76000 13.64900 50.93100
11 11 20 17 54 13507.90000 4.35400000 399.35000 50.76000 13.64900 50.93100
11 11 20 17 55 13516.10000 4.35400000 399.34000 50.76000 13.64900 50.93100
11 11 20 17 55 13513.20000 4.35400000 398.81000 50.76000 13.64900 50.93100
11 11 20 17 55 13515.90000 4.36600000 399.32000 50.76000 13.64900 51.07200
11 11 20 17 56 13511.20000 4.36600000 399.31000 50.76000 13.64900 51.07200
11 11 20 17 56 13507.20000 4.36600000 398.99000 50.76000 13.64900 51.07200
11 11 20 17 57 13501.40000 4.36600000 398.99000 50.81000 13.64900 51.07200
11 11 20 17 57 13497.80000 4.36600000 398.56000 50.79000 13.64900 51.07200
11 11 20 17 58 13488.80000 4.36600000 398.43000 50.78000 13.64900 51.07200
11 11 20 17 58 13477.40000 4.36600000 398.30000 50.78000 13.64900 51.07200
11 11 20 17 58 13482.20000 4.36600000 398.30000 50.78000 13.64900 51.07200
11 11 20 17 59 13470.10000 4.36600000 398.04000 50.78000 13.51900 51.07200
11 11 20 17 59 13483.50000 4.36600000 398.39000 50.78000 13.39900 51.07200
11 11 20 18 00 13487.30000 4.36600000 399.16000 50.78000 13.39900 51.07200
11 11 20 18 00 13474.00000 4.36600000 398.66000 50.78000 13.39900 51.07200
11 11 20 18 01 13475.40000 4.36600000 398.66000 50.74000 13.39900 51.07200
11 11 20 18 01 13466.00000 4.36600000 398.48000 50.72000 13.39900 51.07200
11 11 20 18 01 13479.00000 4.36600000 398.48000 50.72000 13.39900 51.07200
11 11 20 18 02 13476.40000 4.36600000 398.71000 50.72000 13.39900 51.07200
11 11 20 18 02 13481.60000 4.36600000 398.74000 50.80000 13.39900 51.07200
11 11 20 18 03 13484.30000 4.36600000 398.87000 50.80000 13.39900 51.07200
11 11 20 18 03 13484.40000 4.36600000 399.16000 50.82000 13.39900 51.07200
11 11 20 18 04 13484.90000 4.36600000 399.05000 50.85000 13.28500 51.10000
11 11 20 18 04 13479.50000 4.36600000 399.01000 50.85000 13.46900 51.10000
11 11 20 18 04 13480.00000 4.36600000 399.15000 50.85000 13.46900 51.10000
11 11 20 18 05 13484.90000 4.36600000 399.16000 50.85000 13.46900 51.10000
11 11 20 18 05 13498.40000 4.36600000 399.16000 50.90000 13.46900 51.10000
11 11 20 18 06 13510.00000 4.36600000 399.48000 50.92000 13.55800 51.10000
11 11 20 18 06 13504.70000 4.36600000 399.27000 50.92000 13.55800 51.10000
11 11 20 18 07 13500.90000 4.36600000 399.28000 50.91000 13.55800 51.10000
11 11 20 18 07 13500.90000 4.36600000 399.29000 50.91000 13.55800 50.93200
11 11 20 18 07 13508.70000 4.36600000 399.53000 50.85000 13.55800 50.93200
11 11 20 18 08 13504.90000 4.36600000 399.41000 50.85000 13.55800 50.93200
11 11 20 18 08 13505.50000 4.36600000 399.55000 50.84000 13.55800 50.93200
11 11 20 18 09 13510.00000 4.36600000 399.52000 50.88000 13.55800 50.93200
11 11 20 18 09 13543.00000 4.36600000 399.71000 50.92000 13.55800 50.93200
11 11 20 18 10 13552.20000 4.36600000 400.28000 50.91000 13.55800 50.93200
11 11 20 18 10 13531.90000 4.36600000 400.04000 50.86000 13.55800 50.93200
11 11 20 18 10 13513.10000 4.36600000 400.03000 50.86000 13.55800 50.93200
11 11 20 18 11 13514.00000 4.36600000 400.04000 50.86000 13.55800 50.93200
11 11 20 18 11 13520.40000 4.36600000 399.96000 50.86000 13.55800 50.93200
11 11 20 18 12 13506.50000 4.36600000 399.80000 50.86000 13.55800 50.93200
11 11 20 18 12 13489.10000 4.36600000 399.04000 50.80000 13.55800 50.93200
11 11 20 18 13 13490.20000 4.36600000 399.00000 50.80000 13.55800 50.93200
11 11 20 18 13 13506.70000 4.36600000 399.80000 50.80000 13.55800 50.94100
11 11 20 18 13 13504.40000 4.36600000 399.59000 50.81000 13.55800 50.94100
11 11 20 18 14 13504.40000 4.36600000 399.33000 50.81000 13.55800 50.94100
11 11 20 18 14 13501.00000 4.36600000 399.33000 50.81000 13.55800 50.94100
11 11 20 18 15 13500.00000 4.36600000 399.55000 50.85000 13.55800 50.94100
11 11 20 18 15 13504.30000 4.36600000 399.92000 50.85000 13.55800 50.94100
11 11 20 18 16 13505.00000 4.36600000 400.00000 50.91000 13.55800 51.16200
11 11 20 18 16 13507.50000 4.36600000 399.99000 50.91000 13.55800 51.16200
11 11 20 18 16 13510.00000 4.36600000 400.09000 50.91000 13.55800 51.16200
11 11 20 18 17 13502.70000 4.36600000 400.00000 50.91000 13.55800 51.16200
11 11 20 18 17 13503.50000 4.36600000 399.71000 50.91000 13.55800 51.16200
11 11 20 18 18 13510.60000 4.36600000 399.94000 50.89000 13.55800 51.16200
11 11 20 18 18 13507.90000 4.36600000 399.97000 50.88000 13.55800 51.16200
11 11 20 18 19 13512.40000 4.36600000 399.98000 50.88000 13.55800 51.16200
11 11 20 18 19 13525.80000 4.36600000 400.30000 50.88000 13.55800 51.16200
11 11 20 18 19 13525.80000 4.36600000 399.90000 50.87000 13.55800 51.16200
11 11 20 18 20 13518.50000 4.36600000 399.97000 50.87000 13.55800 51.16200
11 11 20 18 20 13517.00000 4.36600000 400.02000 50.87000 13.55800 51.16200
11 11 20 18 21 13508.80000 4.36600000 399.92000 50.88000 13.55800 50.85900
11 11 20 18 21 13493.50000 4.36600000 399.75000 50.80000 13.55800 50.86200
11 11 20 18 21 13503.20000 4.36600000 400.04000 50.80000 13.55800 50.86200
11 11 20 18 22 13502.70000 4.36600000 399.84000 50.80000 13.55800 50.86200
11 11 20 18 22 13508.80000 4.36600000 400.02000 50.86000 13.55800 50.86200
11 11 20 18 23 13507.50000 4.36600000 400.00000 50.81000 13.55800 50.86200
11 11 20 18 23 13508.30000 4.36600000 400.00000 50.81000 13.55800 50.86200
11 11 20 18 24 13505.10000 4.36600000 400.00000 50.81000 13.55800 50.86200
11 11 20 18 24 13488.00000 4.36600000 399.98000 50.89000 13.55800 50.86200
11 11 20 18 24 13496.20000 4.36600000 399.99000 50.89000 13.55800 50.86200
11 11 20 18 25 13492.00000 4.35300000 399.88000 50.89000 13.55800 50.86200
11 11 20 18 25 13503.40000 4.35300000 399.85000 50.89000 13.55800 50.86200
11 11 20 18 26 13508.20000 4.35300000 399.84000 50.87000 13.55800 50.86200
11 11 20 18 26 13508.20000 4.35300000 400.28000 50.87000 13.55800 50.86200
11 11 20 18 27 13520.00000 4.35300000 400.28000 50.90000 13.55800 50.86200
11 11 20 18 27 13521.60000 4.35300000 400.44000 50.90000 13.55800 50.86200
11 11 20 18 27 13524.90000 4.35300000 400.52000 50.90000 13.55800 50.86200
11 11 20 18 28 13519.50000 4.35300000 400.22000 50.90000 13.55800 50.86200
11 11 20 18 28 13520.20000 4.35300000 400.20000 50.89000 13.55800 50.86200
11 11 20 18 29 13524.40000 4.35300000 400.50000 50.90000 13.55800 50.86200
11 11 20 18 29 13529.10000 4.35300000 400.59000 50.90000 13.55800 50.86200
11 11 20 18 30 13534.30000 4.35300000 400.59000 50.90000 13.55800 50.86200
