M=[
 3 8 20 09 32 9511.60000 6.12800000 325.86000 49.00000 17.48500 70.58700
 3 8 20 09 33 9516.90000 6.12800000 326.05000 49.00000 17.48500 70.58700
 3 8 20 09 33 9516.00000 6.12800000 326.07000 49.09000 17.48500 70.58700
 3 8 20 09 34 9518.80000 6.12800000 326.10000 49.09000 17.48500 70.58700
 3 8 20 09 34 9519.40000 6.12800000 326.27000 49.09000 17.48500 70.58700
 3 8 20 09 35 9519.40000 6.12800000 326.37000 49.09000 17.48500 70.58700
 3 8 20 09 35 9520.80000 6.12800000 326.46000 49.08000 17.48500 70.82500
 3 8 20 09 36 9522.80000 6.12800000 326.56000 49.08000 17.48500 70.82500
 3 8 20 09 36 9523.00000 6.12800000 326.50000 49.10000 17.48500 70.82500
 3 8 20 09 36 9523.00000 6.12800000 326.52000 49.10000 17.48500 70.82500
 3 8 20 09 37 9523.00000 6.12800000 326.73000 49.10000 17.48500 70.82500
 3 8 20 09 37 9523.20000 6.12800000 326.88000 49.11000 17.48500 70.82500
 3 8 20 09 38 9524.00000 6.12800000 326.79000 49.11000 17.47100 70.82500
 3 8 20 09 38 9524.00000 6.12800000 326.90000 49.11000 17.47100 70.82500
 3 8 20 09 39 9524.00000 6.12800000 327.01000 49.11000 17.47100 70.82500
 3 8 20 09 39 9524.00000 6.14800000 326.91000 49.11000 17.47100 70.82500
 3 8 20 09 40 9523.90000 6.14800000 326.85000 49.11000 17.47100 70.82500
 3 8 20 09 40 9524.00000 6.14800000 326.84000 49.06000 17.47100 70.82500
 3 8 20 09 41 9523.90000 6.14800000 326.85000 49.06000 17.47100 70.82500
 3 8 20 09 41 9520.80000 6.14800000 326.84000 49.05000 17.47100 70.82500
 3 8 20 09 42 9522.30000 6.14800000 326.52000 49.05000 17.47100 70.82500
 3 8 20 09 42 9523.90000 6.14800000 326.66000 49.08000 17.47100 70.60500
 3 8 20 09 42 9523.90000 6.14800000 326.91000 49.08000 17.47100 70.60500
 3 8 20 09 43 9523.80000 6.14800000 326.90000 49.08000 17.47100 70.60500
 3 8 20 09 43 9523.80000 6.14800000 326.98000 49.08000 17.47100 70.60500
 3 8 20 09 44 9523.80000 6.14800000 326.99000 49.07000 17.47100 70.60500
 3 8 20 09 44 9523.80000 6.14800000 326.90000 49.07000 17.47100 70.60500
 3 8 20 09 45 9526.40000 6.14800000 326.90000 49.08000 17.43000 70.60500
 3 8 20 09 45 9526.60000 6.14000000 326.69000 49.08000 17.45200 70.60500
 3 8 20 09 46 9526.50000 6.14000000 326.53000 49.04000 17.45200 70.60500
 3 8 20 09 46 9526.80000 6.14000000 326.86000 49.03000 17.45200 70.60500
 3 8 20 09 47 9526.90000 6.14000000 326.60000 49.03000 17.45200 70.60500
 3 8 20 09 47 9527.10000 6.14000000 326.62000 49.03000 17.45200 70.60500
 3 8 20 09 48 9526.80000 6.14000000 326.55000 49.03000 17.45200 70.60500
 3 8 20 09 48 9526.00000 6.14000000 326.40000 49.03000 17.42100 70.60500
 3 8 20 09 49 9525.10000 6.14000000 326.43000 49.03000 17.38300 70.60500
 3 8 20 09 49 9521.80000 6.14000000 326.05000 49.03000 17.38300 70.69300
 3 8 20 09 50 9521.90000 6.14000000 326.14000 49.03000 17.38300 70.72700
 3 8 20 09 50 9520.20000 6.14000000 326.05000 48.98000 17.38300 70.72700
 3 8 20 09 51 9512.20000 6.11700000 325.51000 48.87000 17.38300 70.58700
 3 8 20 09 51 9512.30000 6.11700000 325.48000 48.87000 17.38300 70.58700
 3 8 20 09 52 9512.20000 6.11700000 325.54000 48.87000 17.38300 70.58700
 3 8 20 09 52 9512.30000 6.11700000 325.81000 48.87000 17.36500 70.58700
 3 8 20 09 53 9512.10000 6.11700000 325.72000 48.87000 17.36500 70.58700
 3 8 20 09 53 9512.20000 6.10300000 325.77000 48.87000 17.36500 70.58700
 3 8 20 09 54 9512.20000 6.10300000 325.79000 48.91000 17.36500 70.58700
 3 8 20 09 54 9512.20000 6.10300000 325.79000 48.91000 17.36500 70.58700
 3 8 20 09 55 9512.20000 6.10300000 325.78000 48.89000 17.36500 70.58700
 3 8 20 09 55 9512.10000 6.10300000 325.55000 48.85000 17.36500 70.58700
 3 8 20 09 56 9512.20000 6.10300000 325.75000 48.97000 17.36500 70.58700
 3 8 20 09 56 9512.30000 6.11700000 325.99000 48.97000 17.36500 70.58700
 3 8 20 09 57 9518.10000 6.11700000 326.03000 48.97000 17.36500 70.72000
 3 8 20 09 57 9518.10000 6.11700000 326.01000 48.92000 17.36500 70.72000
 3 8 20 09 58 9518.10000 6.11700000 326.09000 48.89000 17.36500 70.72000
 3 8 20 09 58 9513.70000 6.11700000 325.99000 48.89000 17.36500 70.72000
 3 8 20 09 59 9503.90000 6.11700000 324.85000 48.77000 17.36500 70.52800
 3 8 20 09 59 9500.10000 6.11700000 324.40000 48.77000 17.36500 70.49800
 3 8 20 10 00 9498.60000 6.10300000 324.98000 48.77000 17.36500 70.49800
 3 8 20 10 00 9502.80000 6.10300000 324.93000 48.79000 17.36500 70.49800
 3 8 20 10 01 9504.00000 6.10300000 324.93000 48.79000 17.36500 70.49800
 3 8 20 10 01 9505.50000 6.10300000 325.13000 48.89000 17.36500 70.49800
 3 8 20 10 02 9505.90000 6.10300000 325.32000 48.89000 17.36500 70.49800
 3 8 20 10 02 9506.00000 6.10300000 325.27000 48.88000 17.36500 70.49800
 3 8 20 10 03 9506.00000 6.10300000 325.56000 48.88000 17.36500 70.49800
 3 8 20 10 03 9506.00000 6.10300000 325.35000 48.87000 17.36500 70.49800
 3 8 20 10 04 9502.90000 6.10300000 325.00000 48.87000 17.36500 70.49800
 3 8 20 10 04 9500.20000 6.10300000 324.88000 48.81000 17.36500 70.49800
 3 8 20 10 05 9502.80000 6.11500000 325.33000 48.81000 17.36500 70.49800
 3 8 20 10 05 9502.60000 6.11500000 325.53000 48.81000 17.36500 70.49800
 3 8 20 10 06 9504.70000 6.11500000 325.49000 48.81000 17.34500 70.49800
 3 8 20 10 06 9500.50000 6.11500000 325.36000 48.81000 17.34500 70.49800
 3 8 20 10 07 9500.60000 6.11500000 325.35000 48.81000 17.34500 70.49800
 3 8 20 10 07 9496.20000 6.05900000 324.81000 48.58000 17.34500 70.49800
 3 8 20 10 07 9496.30000 6.05900000 324.80000 48.63000 17.34500 70.49800
 3 8 20 10 08 9499.40000 6.10200000 324.77000 48.73000 17.22100 70.49800
 3 8 20 10 08 9504.70000 6.10200000 325.11000 48.80000 17.22100 70.49800
 3 8 20 10 09 9501.20000 6.10200000 325.42000 48.83000 17.23900 70.49800
 3 8 20 10 10 9505.10000 6.10200000 325.16000 48.83000 17.26000 70.49800
 3 8 20 10 10 9505.90000 6.10200000 325.20000 48.83000 17.26000 70.49800
 3 8 20 10 10 9505.90000 6.10200000 325.44000 48.88000 17.26000 70.49800
 3 8 20 10 11 9506.00000 6.10200000 325.53000 48.93000 17.27700 70.49800
 3 8 20 10 11 9512.40000 6.12300000 325.84000 48.93000 17.27700 70.49800
 3 8 20 10 12 9520.00000 6.12300000 326.23000 48.88000 17.27700 70.49800
 3 8 20 10 12 9519.70000 6.12300000 326.20000 48.88000 17.27700 70.49800
 3 8 20 10 13 9519.90000 6.12300000 325.94000 48.88000 17.27700 70.49800
 3 8 20 10 13 9519.90000 6.12300000 326.00000 48.91000 17.33700 70.49800
 3 8 20 10 14 9520.00000 6.12300000 326.00000 48.91000 17.33400 70.49800
 3 8 20 10 14 9519.90000 6.12300000 326.14000 48.91000 17.28900 70.49800
 3 8 20 10 15 9521.30000 6.12300000 326.02000 48.91000 17.28500 70.49800
 3 8 20 10 15 9514.90000 6.12300000 326.00000 48.91000 17.29400 70.49800
 3 8 20 10 16 9516.80000 6.12300000 326.01000 48.91000 17.29400 70.49800
 3 8 20 10 16 9521.90000 6.12300000 326.29000 48.91000 17.29400 70.49800
 3 8 20 10 17 9522.10000 6.12300000 325.86000 48.91000 17.29400 70.49800
 3 8 20 10 17 9524.90000 6.12300000 326.01000 48.91000 17.29400 70.49800
 3 8 20 10 18 9525.10000 6.12300000 326.01000 48.91000 17.26300 70.49800
 3 8 20 10 18 9525.10000 6.12300000 326.09000 49.00000 17.26300 70.49800
 3 8 20 10 19 9525.00000 6.12300000 326.07000 49.00000 17.26300 70.49800
 3 8 20 10 19 9525.10000 6.12300000 326.08000 49.05000 17.26300 70.49800
 3 8 20 10 19 9528.20000 6.12300000 326.09000 49.05000 17.26300 70.88800
 3 8 20 10 20 9525.20000 6.12300000 326.22000 49.08000 17.26400 70.88800
 3 8 20 10 20 9528.10000 6.12300000 326.28000 49.08000 17.27500 70.88800
 3 8 20 10 21 9530.00000 6.12300000 326.31000 49.08000 17.28800 70.88800
 3 8 20 10 21 9530.00000 6.12300000 326.31000 49.08000 17.28900 70.88800
 3 8 20 10 22 9530.00000 6.12300000 326.42000 49.08000 17.28900 70.88800
 3 8 20 10 22 9529.90000 6.12300000 326.41000 49.08000 17.28900 70.88800
 3 8 20 10 23 9530.80000 6.12300000 326.42000 49.13000 17.28900 70.88800
 3 8 20 10 23 9530.70000 6.12300000 326.66000 49.13000 17.28900 70.88800
 3 8 20 10 24 9536.70000 6.12300000 326.65000 49.14000 17.28900 70.88800
 3 8 20 10 24 9537.50000 6.12300000 326.66000 49.15000 17.28900 70.88800
