M=[
14 7 21 02 49 27603.10000 37.80600000 1621.95000 109.16000 16.21100 86.45800
14 7 21 02 50 27603.70000 37.80600000 1621.95000 109.16000 16.21100 86.45800
14 7 21 02 50 27608.50000 37.80600000 1621.95000 109.16000 16.21100 86.45800
14 7 21 02 50 27612.10000 37.80600000 1621.95000 109.16000 16.24300 86.45800
14 7 21 02 51 27614.00000 37.80600000 1621.95000 109.26000 16.24300 86.45800
14 7 21 02 51 27610.50000 37.80600000 1621.95000 109.26000 16.36700 86.45800
14 7 21 02 52 27610.60000 37.80600000 1621.95000 109.26000 16.36700 86.45800
14 7 21 02 52 27612.40000 37.80600000 1623.21000 109.26000 16.36700 86.45800
14 7 21 02 53 27612.40000 37.80600000 1622.67000 109.26000 16.36700 86.45800
14 7 21 02 53 27626.40000 37.80600000 1624.08000 109.26000 16.36700 86.45800
14 7 21 02 53 27627.50000 37.80600000 1624.72000 109.26000 16.36700 86.45800
14 7 21 02 54 27629.30000 37.80600000 1625.38000 109.26000 16.36700 86.45800
14 7 21 02 54 27629.30000 37.80600000 1624.51000 109.26000 16.36700 86.45800
14 7 21 02 55 27629.10000 37.80600000 1624.51000 109.26000 16.36700 86.45800
14 7 21 02 55 27622.20000 37.80600000 1624.51000 109.26000 16.36700 86.45800
14 7 21 02 56 27626.50000 37.80600000 1625.07000 109.26000 16.36700 86.45800
14 7 21 02 56 27631.80000 37.80600000 1625.07000 109.26000 16.36700 86.45800
14 7 21 02 56 27638.40000 37.80600000 1625.07000 109.26000 16.36700 86.45800
14 7 21 02 57 27638.50000 37.80600000 1625.07000 109.26000 16.36700 86.45800
14 7 21 02 57 27648.00000 37.80600000 1625.07000 109.26000 16.36700 86.45800
14 7 21 02 58 27667.30000 37.80600000 1625.07000 109.26000 16.36700 86.45800
14 7 21 02 58 27653.40000 37.80600000 1627.31000 109.26000 16.37400 86.45800
14 7 21 02 59 27649.20000 37.80600000 1627.31000 109.26000 16.37400 86.45800
14 7 21 02 59 27649.10000 37.80600000 1627.31000 109.26000 16.37400 86.45800
14 7 21 03 00 27649.10000 37.80600000 1627.31000 109.14000 16.37400 86.45800
14 7 21 03 00 27652.20000 37.88700000 1627.31000 109.22000 16.37400 86.45800
14 7 21 03 00 27670.70000 37.88700000 1627.31000 109.22000 16.37400 86.45800
14 7 21 03 01 27674.60000 37.88700000 1627.66000 109.22000 16.37400 86.45800
14 7 21 03 01 27650.10000 37.88700000 1627.66000 109.25000 16.13200 86.45800
14 7 21 03 02 27651.00000 37.88700000 1626.03000 109.24000 16.24900 86.45800
14 7 21 03 02 27646.50000 37.88700000 1626.03000 109.24000 16.24900 86.45800
14 7 21 03 03 27646.50000 37.88700000 1626.03000 109.07000 16.24900 86.45800
14 7 21 03 03 27631.80000 37.88700000 1626.03000 109.07000 16.24900 86.45800
14 7 21 03 03 27631.80000 37.88700000 1623.15000 109.07000 16.24900 86.45800
14 7 21 03 04 27631.80000 37.88700000 1622.83000 109.07000 16.24900 86.45800
14 7 21 03 04 27625.20000 37.79200000 1622.83000 109.03000 16.24900 86.45800
14 7 21 03 05 27625.20000 37.79200000 1623.12000 109.03000 16.24900 86.45800
14 7 21 03 05 27615.10000 37.79200000 1622.46000 109.03000 16.24900 86.45800
14 7 21 03 06 27615.70000 37.79000000 1622.46000 109.03000 16.24900 86.45800
14 7 21 03 06 27594.00000 37.79000000 1621.50000 109.03000 16.24900 86.45800
14 7 21 03 06 27600.50000 37.79000000 1620.58000 108.95000 16.24900 86.45800
14 7 21 03 07 27589.80000 37.79000000 1620.75000 108.85000 16.24900 86.45800
14 7 21 03 07 27587.70000 37.79000000 1620.75000 108.86000 16.24900 86.45800
14 7 21 03 08 27583.20000 37.79000000 1620.05000 108.86000 16.24900 86.45800
14 7 21 03 08 27583.40000 37.79000000 1620.06000 108.86000 16.24900 86.45800
14 7 21 03 09 27589.10000 37.79000000 1620.06000 108.86000 16.24900 86.45800
14 7 21 03 09 27591.40000 37.79000000 1620.06000 108.92000 16.24900 86.45800
14 7 21 03 09 27592.40000 37.79000000 1620.06000 108.92000 16.24900 86.45800
14 7 21 03 10 27588.40000 37.73700000 1620.06000 108.92000 16.24900 86.45800
14 7 21 03 10 27592.40000 37.73700000 1620.06000 108.92000 16.24900 86.45800
14 7 21 03 11 27606.00000 37.73700000 1620.87000 108.92000 16.24900 86.45800
14 7 21 03 11 27606.00000 37.73700000 1620.87000 108.92000 16.24900 86.45800
14 7 21 03 12 27599.70000 37.73700000 1620.87000 108.92000 16.24900 86.45800
14 7 21 03 12 27598.30000 37.78300000 1620.87000 108.92000 16.40200 86.45800
14 7 21 03 12 27590.70000 37.78300000 1620.87000 108.92000 16.50000 86.45800
14 7 21 03 13 27596.20000 37.78300000 1620.86000 108.92000 16.58800 86.45800
14 7 21 03 13 27597.20000 37.78300000 1620.86000 108.92000 16.58800 86.45800
14 7 21 03 14 27596.40000 37.78300000 1620.12000 108.92000 16.61000 86.45800
14 7 21 03 14 27596.30000 37.78300000 1620.12000 108.92000 16.35200 86.45800
14 7 21 03 15 27580.20000 37.78300000 1617.71000 108.92000 16.35200 86.45800
14 7 21 03 15 27580.20000 37.78300000 1617.71000 108.92000 16.55100 86.45800
14 7 21 03 15 27569.40000 37.78300000 1615.94000 108.87000 16.55100 86.45800
14 7 21 03 16 27569.40000 37.78300000 1615.00000 108.87000 16.55100 86.45800
14 7 21 03 16 27567.20000 37.78300000 1615.00000 108.87000 16.43400 86.45800
14 7 21 03 17 27535.40000 37.78300000 1613.26000 108.60000 16.43400 86.45800
14 7 21 03 17 27530.00000 37.49900000 1613.26000 108.60000 16.43400 86.45800
14 7 21 03 18 27510.90000 37.49900000 1613.26000 108.60000 16.43400 86.45800
14 7 21 03 18 27510.90000 37.49900000 1613.26000 108.60000 16.43400 86.45800
14 7 21 03 18 27510.90000 37.49900000 1610.43000 108.60000 16.43400 86.45800
14 7 21 03 19 27511.70000 37.49900000 1610.43000 108.60000 16.38000 86.45800
14 7 21 03 19 27511.70000 37.44100000 1610.43000 108.60000 16.38000 86.45800
14 7 21 03 20 27511.70000 37.44100000 1612.07000 108.42000 16.48100 86.45800
14 7 21 03 20 27511.70000 37.44100000 1610.77000 108.42000 16.57900 86.45800
14 7 21 03 21 27505.00000 37.39900000 1608.21000 108.24000 16.58600 85.61600
14 7 21 03 21 27482.70000 37.39900000 1608.15000 108.24000 16.71200 85.61600
14 7 21 03 22 27476.30000 37.39900000 1608.15000 108.24000 16.72300 85.61600
14 7 21 03 22 27476.30000 37.39900000 1607.44000 108.24000 16.75500 85.61600
14 7 21 03 22 27476.30000 37.39900000 1608.49000 108.24000 16.75500 85.61600
14 7 21 03 23 27451.30000 37.27300000 1604.99000 107.98000 16.67100 85.61600
14 7 21 03 23 27443.30000 37.27300000 1604.45000 107.94000 16.64600 85.61600
14 7 21 03 24 27325.40000 37.11000000 1600.00000 107.40000 16.64800 84.83100
14 7 21 03 24 27051.20000 36.83700000 1588.39000 106.17000 16.64800 84.16200
14 7 21 03 25 27068.20000 36.85200000 1591.48000 106.40000 16.64800 84.16200
14 7 21 03 25 27018.80000 36.84100000 1589.33000 106.18000 16.57500 83.96100
14 7 21 03 25 26997.80000 36.73600000 1586.99000 105.82000 16.55500 83.83500
14 7 21 03 26 26925.70000 36.67400000 1584.64000 105.20000 16.23800 83.33000
14 7 21 03 26 27015.20000 36.56500000 1591.59000 105.59000 16.23800 83.82400
14 7 21 03 27 27004.70000 36.76200000 1592.14000 105.84000 16.23800 83.66500
14 7 21 03 27 27004.70000 36.76200000 1591.31000 106.00000 16.23800 83.66500
14 7 21 03 28 27054.60000 36.76200000 1596.37000 106.00000 16.23800 83.66500
14 7 21 03 28 27053.00000 36.76200000 1593.98000 106.00000 16.24400 83.66500
14 7 21 03 28 27040.60000 36.76200000 1594.98000 106.00000 16.24400 83.66500
14 7 21 03 29 27000.00000 36.76200000 1592.39000 106.02000 16.24400 83.66500
14 7 21 03 29 27015.70000 36.76200000 1594.42000 106.07000 16.24400 83.66500
14 7 21 03 30 27015.80000 36.82100000 1595.33000 106.06000 16.24400 83.89500
14 7 21 03 30 26967.00000 36.82100000 1592.33000 105.53000 16.24400 83.89500
14 7 21 03 31 26965.60000 36.82100000 1589.29000 105.32000 16.24400 83.89500
14 7 21 03 31 26973.80000 36.82100000 1590.81000 105.32000 16.24400 83.89500
14 7 21 03 31 26938.40000 36.59900000 1590.81000 105.58000 16.24400 83.89500
14 7 21 03 32 26928.00000 36.64100000 1590.00000 105.66000 16.24400 83.48900
14 7 21 03 32 26925.10000 36.64100000 1586.17000 105.66000 16.24400 83.48900
14 7 21 03 33 26929.20000 36.64100000 1589.32000 105.66000 16.24400 83.48900
14 7 21 03 33 27028.00000 36.64100000 1590.00000 105.66000 16.24400 83.48900
