M=[
10 6 20 02 17 8630.90000 5.99000000 215.36000 40.54000 12.97100 46.48300
10 6 20 02 17 8630.00000 5.99000000 215.36000 40.54000 12.99900 46.48300
10 6 20 02 18 8630.10000 5.99000000 215.36000 40.54000 12.99900 46.48300
10 6 20 02 18 8630.10000 5.99000000 215.36000 40.54000 12.99900 46.48300
10 6 20 02 19 8630.20000 5.99000000 215.36000 40.57000 12.99900 46.48300
10 6 20 02 19 8630.20000 5.99000000 215.20000 40.54000 12.99900 46.48300
10 6 20 02 20 8630.00000 5.99000000 215.35000 40.54000 12.97100 46.48300
10 6 20 02 20 8630.10000 5.99000000 215.35000 40.54000 12.97100 46.48300
10 6 20 02 21 8630.10000 5.99000000 215.35000 40.54000 12.97100 46.48300
10 6 20 02 21 8630.10000 5.99000000 215.35000 40.54000 12.97100 46.48300
10 6 20 02 22 8630.10000 5.99000000 215.39000 40.54000 12.99900 46.48300
10 6 20 02 22 8630.10000 5.99000000 215.39000 40.55000 12.99900 46.48300
10 6 20 02 23 8630.10000 5.99000000 215.39000 40.54000 12.99900 46.48300
10 6 20 02 23 8626.00000 5.99000000 215.28000 40.54000 12.99900 46.48300
10 6 20 02 24 8626.40000 5.98800000 215.28000 40.54000 12.99900 46.48300
10 6 20 02 24 8623.50000 5.98800000 215.28000 40.54000 12.99900 46.48300
10 6 20 02 25 8624.80000 5.98800000 215.28000 40.54000 12.99900 46.48300
10 6 20 02 25 8630.10000 5.98800000 215.28000 40.54000 12.99900 46.48300
10 6 20 02 26 8626.00000 5.98800000 215.28000 40.54000 13.07700 46.46200
10 6 20 02 26 8624.00000 5.99000000 215.28000 40.54000 12.99900 46.46200
10 6 20 02 27 8630.10000 5.98800000 215.28000 40.54000 12.99900 46.46200
10 6 20 02 27 8625.20000 5.98800000 215.28000 40.54000 12.99900 46.46200
10 6 20 02 28 8621.50000 5.98800000 215.23000 40.54000 12.99900 46.46200
10 6 20 02 28 8621.50000 5.98800000 215.23000 40.54000 12.97100 46.46200
10 6 20 02 29 8622.00000 5.98800000 215.23000 40.54000 12.99900 46.46200
10 6 20 02 29 8621.50000 5.98800000 215.23000 40.54000 12.99900 46.46200
10 6 20 02 30 8621.50000 5.98800000 215.23000 40.54000 12.99900 46.46200
10 6 20 02 30 8621.50000 5.98800000 215.23000 40.54000 12.99900 46.46200
10 6 20 02 31 8621.50000 5.98800000 215.23000 40.54000 12.99900 46.46200
10 6 20 02 31 8621.60000 5.98800000 215.23000 40.54000 12.99900 46.46200
10 6 20 02 32 8621.60000 5.98800000 215.23000 40.54000 12.99900 46.46200
10 6 20 02 32 8621.40000 5.98800000 215.23000 40.54000 12.97100 46.46200
10 6 20 02 33 8621.50000 5.98800000 215.23000 40.54000 12.99900 46.46200
10 6 20 02 33 8622.60000 5.98800000 215.23000 40.54000 12.99900 46.46200
10 6 20 02 34 8623.00000 5.98800000 215.20000 40.55000 12.99900 46.46200
10 6 20 02 35 8621.00000 5.98800000 215.20000 40.55000 12.99900 46.46200
10 6 20 02 35 8620.80000 5.98800000 215.20000 40.55000 13.07700 46.46200
10 6 20 02 36 8620.20000 5.98800000 215.20000 40.55000 12.92600 46.46200
10 6 20 02 36 8619.50000 5.98800000 215.20000 40.54000 12.99900 46.46200
10 6 20 02 37 8621.50000 5.98800000 215.20000 40.55000 12.92600 46.46200
10 6 20 02 37 8623.00000 5.98800000 215.20000 40.55000 12.92600 46.46200
10 6 20 02 38 8622.90000 5.98800000 215.20000 40.55000 12.92600 46.46200
10 6 20 02 38 8622.90000 5.98800000 215.20000 40.55000 12.92600 46.46200
10 6 20 02 39 8622.90000 5.98800000 215.20000 40.55000 12.92600 46.48300
10 6 20 02 39 8623.00000 5.98800000 215.19000 40.55000 12.92600 46.46200
10 6 20 02 40 8622.90000 5.98800000 215.19000 40.53000 12.92600 46.46200
10 6 20 02 40 8623.00000 5.98800000 215.19000 40.54000 12.92600 46.46200
10 6 20 02 41 8622.40000 5.98800000 215.19000 40.53000 12.92600 46.46200
10 6 20 02 41 8622.50000 5.98800000 215.19000 40.53000 12.92600 46.46200
10 6 20 02 42 8622.50000 5.98800000 215.23000 40.53000 12.92600 46.46200
10 6 20 02 42 8622.50000 5.98800000 215.12000 40.53000 12.92600 46.29000
10 6 20 02 43 8622.50000 5.98800000 215.12000 40.53000 12.92600 46.25000
10 6 20 02 43 8622.50000 5.98800000 215.12000 40.53000 12.92600 46.48300
10 6 20 02 44 8622.50000 5.98800000 215.12000 40.53000 12.99900 46.25000
10 6 20 02 44 8622.50000 5.98800000 215.12000 40.53000 12.92600 46.25000
10 6 20 02 45 8622.50000 5.98800000 215.10000 40.53000 12.92600 46.25000
10 6 20 02 45 8622.60000 5.98800000 215.10000 40.53000 12.92600 46.25000
10 6 20 02 46 8622.40000 5.98800000 215.02000 40.53000 12.92600 46.25000
10 6 20 02 46 8622.50000 5.98800000 215.14000 40.53000 12.92600 46.25000
10 6 20 02 47 8631.10000 5.98800000 215.35000 40.53000 12.92600 46.48300
10 6 20 02 47 8630.80000 5.98800000 215.35000 40.61000 12.92600 46.25000
10 6 20 02 48 8628.10000 5.98800000 215.37000 40.61000 12.92600 46.25000
10 6 20 02 48 8626.10000 5.98800000 215.37000 40.54000 12.92600 46.25000
10 6 20 02 49 8628.70000 5.98800000 215.37000 40.61000 12.92600 46.25000
10 6 20 02 49 8628.70000 5.98800000 215.37000 40.61000 12.92600 46.25000
10 6 20 02 50 8630.80000 5.98800000 215.37000 40.61000 12.92600 46.25000
10 6 20 02 50 8628.20000 5.98800000 215.37000 40.61000 12.92600 46.25000
10 6 20 02 51 8628.20000 5.98800000 215.37000 40.61000 12.92600 46.48300
10 6 20 02 51 8628.40000 5.98800000 215.37000 40.61000 12.92600 46.25000
10 6 20 02 52 8628.30000 5.98800000 215.37000 40.61000 12.92600 46.25000
10 6 20 02 52 8628.30000 5.98800000 215.37000 40.61000 12.92600 46.25000
10 6 20 02 53 8628.30000 5.98800000 215.32000 40.61000 12.92600 46.25000
10 6 20 02 53 8628.30000 5.98800000 215.32000 40.61000 12.92600 46.25000
10 6 20 02 54 8628.30000 5.98800000 215.32000 40.61000 12.92600 46.25000
10 6 20 02 54 8628.30000 5.99000000 215.32000 40.61000 12.92600 46.25000
10 6 20 02 55 8628.30000 5.98800000 215.34000 40.61000 12.92600 46.48300
10 6 20 02 55 8628.30000 5.98800000 215.37000 40.61000 12.92600 46.25000
10 6 20 02 56 8628.30000 5.98800000 215.37000 40.61000 12.92600 46.25000
10 6 20 02 56 8628.30000 5.98800000 215.34000 40.61000 12.92600 46.25000
10 6 20 02 57 8628.30000 5.98800000 215.37000 40.61000 12.92600 46.30900
10 6 20 02 57 8628.30000 5.98800000 215.34000 40.61000 12.92600 46.30900
10 6 20 02 58 8628.30000 5.98800000 215.34000 40.61000 12.97100 46.30900
10 6 20 02 58 8628.20000 5.98800000 215.34000 40.61000 12.97100 46.37600
10 6 20 02 59 8628.30000 5.98800000 215.37000 40.61000 12.92600 46.37600
10 6 20 02 59 8628.30000 5.98800000 215.37000 40.61000 12.97100 46.37600
10 6 20 03 00 8628.30000 5.98800000 215.37000 40.58000 12.92600 46.37600
10 6 20 03 00 8628.30000 5.98800000 215.37000 40.58000 12.92600 46.37600
10 6 20 03 01 8622.10000 5.98800000 215.37000 40.58000 12.92600 46.46200
10 6 20 03 01 8620.30000 5.98800000 215.37000 40.58000 12.92600 46.25000
10 6 20 03 02 8619.10000 5.98800000 215.25000 40.58000 12.92600 46.37600
10 6 20 03 02 8622.20000 5.98800000 215.25000 40.58000 12.92600 46.37600
10 6 20 03 03 8622.20000 5.98800000 215.25000 40.58000 12.92600 46.37600
10 6 20 03 03 8622.60000 5.98800000 215.25000 40.56000 12.92600 46.37600
10 6 20 03 04 8619.40000 5.98800000 215.26000 40.56000 12.92600 46.37600
10 6 20 03 04 8619.40000 5.98800000 215.26000 40.56000 12.92600 46.37600
10 6 20 03 05 8621.40000 5.98800000 215.26000 40.58000 12.92600 46.37600
10 6 20 03 05 8621.50000 5.98800000 215.25000 40.58000 12.92600 46.37600
10 6 20 03 06 8621.40000 5.98800000 215.26000 40.58000 12.92600 46.37600
10 6 20 03 06 8621.40000 5.98800000 215.26000 40.58000 12.92600 46.37600
10 6 20 03 07 8621.50000 5.98800000 215.26000 40.58000 12.92600 46.37600
10 6 20 03 07 8621.50000 5.98800000 215.26000 40.58000 12.92600 46.37600
10 6 20 03 08 8621.40000 5.98800000 215.26000 40.56000 12.92600 46.46200
10 6 20 03 08 8617.90000 5.98800000 215.30000 40.58000 12.92600 46.37600
10 6 20 03 09 8607.80000 5.98800000 215.09000 40.58000 12.92600 46.37600
10 6 20 03 09 8607.80000 5.98800000 215.09000 40.51000 12.92600 46.37600
10 6 20 03 10 8613.10000 5.98800000 215.30000 40.51000 12.92600 46.37600
10 6 20 03 10 8613.10000 5.98800000 215.30000 40.51000 12.92600 46.37600
10 6 20 03 11 8614.10000 5.99000000 215.13000 40.53000 12.92600 46.37600
10 6 20 03 11 8614.10000 5.98800000 215.09000 40.47000 12.97100 46.46200
