M=[
30 11 16 05 41 692.91600 0.71200000 7.82359 3.64460 3.42000 65.92116
30 11 16 05 40 692.91600 0.71200000 7.82359 3.64460 3.42000 65.92116
30 11 16 05 42 692.91600 0.71200000 7.82359 3.64460 3.42000 65.92116
30 11 16 05 41 692.54400 0.71200000 7.82359 3.64460 3.42000 65.92116
30 11 16 05 43 692.54400 0.71200000 7.82359 3.64460 3.42000 65.92116
30 11 16 05 42 692.54400 0.71200000 7.82359 3.64460 3.42000 65.92116
30 11 16 05 44 692.54400 0.71200000 7.82359 3.64460 3.42000 65.92828
30 11 16 05 44 692.54400 0.71200000 7.82359 3.64460 3.42000 65.92828
30 11 16 05 45 692.54400 0.71200000 7.82359 3.64460 3.42000 65.92828
30 11 16 05 45 692.54400 0.71200000 7.82359 3.64460 3.42000 65.92828
30 11 16 05 45 692.54400 0.71200000 7.82359 3.64460 3.42000 65.92828
30 11 16 05 45 692.54400 0.71200000 7.82359 3.64460 3.42000 65.92828
30 11 16 05 45 692.54400 0.71200000 7.82359 3.64460 3.42000 65.92828
30 11 16 05 47 692.54400 0.71200000 7.82359 3.64460 3.42000 65.92828
30 11 16 05 46 692.54400 0.71200000 7.82359 3.64460 3.42000 65.92828
30 11 16 05 48 692.91600 0.71200000 7.82359 3.64460 3.42000 65.92828
30 11 16 05 47 692.91600 0.71200000 7.82359 3.64460 3.42000 65.93332
30 11 16 05 48 692.91600 0.71200000 7.82359 3.64460 3.42000 65.93332
30 11 16 05 49 692.91600 0.71200000 7.82359 3.64460 3.42000 65.93332
30 11 16 05 49 692.99000 0.71200000 7.82359 3.64460 3.42000 65.93332
30 11 16 05 50 692.99000 0.71200000 7.82359 3.64460 3.42000 65.93332
30 11 16 05 49 692.99000 0.71200000 7.83000 3.64460 3.42000 65.93332
30 11 16 05 51 692.99000 0.71200000 7.83000 3.64460 3.42000 65.93332
30 11 16 05 50 692.98700 0.71200000 7.83000 3.64460 3.42000 65.93332
30 11 16 05 52 692.98700 0.71200000 7.83000 3.64460 3.42000 65.93332
30 11 16 05 51 692.98700 0.71200000 7.83000 3.64460 3.42000 65.93332
30 11 16 05 53 692.98700 0.71200000 7.83000 3.64460 3.42000 65.93332
30 11 16 05 53 692.98700 0.71200000 7.83000 3.64460 3.42000 65.93332
30 11 16 05 53 692.98700 0.71200000 7.83000 3.64460 3.42000 65.93332
30 11 16 05 53 692.98700 0.71200000 7.83000 3.64460 3.42000 65.93332
30 11 16 05 53 692.98700 0.71200000 7.83000 3.64460 3.42000 65.93332
30 11 16 05 55 692.96300 0.71200000 7.83000 3.64460 3.42000 65.93731
30 11 16 05 56 692.97700 0.71200000 7.83000 3.64460 3.42000 65.93731
30 11 16 05 55 692.97700 0.71200000 7.83000 3.64460 3.42000 65.93731
30 11 16 05 57 692.96300 0.71200000 7.83000 3.64460 3.42000 65.93808
30 11 16 05 57 692.96300 0.71200000 7.83000 3.64460 3.42000 65.93808
30 11 16 05 57 692.98200 0.71200000 7.83000 3.64460 3.42000 65.93808
30 11 16 05 58 692.96300 0.71200000 7.83000 3.64460 3.42000 65.93872
30 11 16 05 57 692.96300 0.71200000 7.83000 3.64460 3.42000 65.93872
30 11 16 05 58 692.98800 0.71200000 7.83000 3.64460 3.42000 65.93872
30 11 16 05 58 692.98800 0.71200000 7.83000 3.64460 3.42000 65.93872
30 11 16 06 00 692.98800 0.71200000 7.83000 3.64460 3.42000 65.93872
30 11 16 06 00 692.98800 0.71200000 7.83000 3.64460 3.42000 65.93872
30 11 16 05 59 692.98800 0.71200000 7.83000 3.64460 3.42000 65.94048
30 11 16 06 01 692.95700 0.71200000 7.83000 3.64460 3.42000 65.94048
30 11 16 06 01 692.95700 0.71200000 7.83000 3.64460 3.42000 65.94048
30 11 16 06 02 692.89800 0.71200000 7.83000 3.64460 3.42000 65.94048
30 11 16 06 02 692.89800 0.71200000 7.83000 3.64460 3.42000 65.94048
30 11 16 06 03 692.89800 0.71200000 7.83000 3.64460 3.42000 65.94048
30 11 16 06 02 692.89800 0.71200000 7.83000 3.64460 3.42000 65.94048
30 11 16 06 02 692.89800 0.71200000 7.83000 3.64460 3.42000 65.94048
30 11 16 06 03 692.96100 0.71200000 7.82006 3.64460 3.42000 65.94048
30 11 16 06 05 692.96100 0.71200000 7.82006 3.64460 3.42000 65.94048
30 11 16 06 05 692.96100 0.71200000 7.82006 3.64460 3.42000 65.94048
30 11 16 06 06 692.96100 0.71200000 7.82006 3.64460 3.42000 65.94048
30 11 16 06 05 692.96100 0.71200000 7.82006 3.64460 3.42000 65.94048
30 11 16 06 05 692.96100 0.71200000 7.82006 3.64460 3.42000 65.94048
30 11 16 06 06 692.96100 0.71200000 7.82006 3.64460 3.42000 65.94048
30 11 16 06 06 692.96100 0.71200000 7.82005 3.64460 3.42000 65.94048
30 11 16 06 07 692.96100 0.71200000 7.82005 3.64460 3.42000 65.94048
30 11 16 06 07 692.96100 0.71200000 7.82005 3.64460 3.42000 65.94048
30 11 16 06 09 692.96100 0.71200000 7.82005 3.64460 3.42000 65.94048
30 11 16 06 09 692.96100 0.71200000 7.82005 3.64460 3.42000 65.94048
30 11 16 06 10 692.96100 0.71200000 7.82005 3.64460 3.42000 65.94048
30 11 16 06 10 692.96100 0.71200000 7.82005 3.64460 3.42000 65.94048
30 11 16 06 10 692.96100 0.71200000 7.82005 3.64460 3.42000 65.94048
30 11 16 06 10 692.96100 0.71200000 7.82005 3.64460 3.42000 65.94048
30 11 16 06 10 692.96100 0.71200000 7.82005 3.64460 3.42000 65.94048
30 11 16 06 11 692.96100 0.71200000 7.82005 3.64460 3.42000 65.94405
30 11 16 06 11 692.95500 0.71200000 7.82005 3.64460 3.42000 65.94405
30 11 16 06 12 692.95500 0.71200000 7.82005 3.64460 3.42000 65.94405
30 11 16 06 13 692.95500 0.71200000 7.82005 3.64460 3.42000 65.94405
30 11 16 06 12 692.98500 0.71200000 7.82005 3.64460 3.42000 65.94405
30 11 16 06 14 691.80000 0.71200000 7.82005 3.64460 3.42000 65.94541
30 11 16 06 14 691.80000 0.71200000 7.82005 3.64460 3.42000 65.94541
30 11 16 06 15 691.80000 0.71200000 7.82005 3.64460 3.42000 65.94541
30 11 16 06 14 691.80000 0.71200000 7.83001 3.64460 3.42000 65.94541
30 11 16 06 16 691.80000 0.71200000 7.83001 3.64460 3.42000 65.94541
30 11 16 06 15 691.80000 0.71200000 7.83001 3.64460 3.42000 65.94541
30 11 16 06 16 691.80000 0.71200000 7.83001 3.64460 3.42000 65.94673
30 11 16 06 17 692.98500 0.71200000 7.83001 3.64460 3.42000 65.94673
30 11 16 06 16 692.98500 0.71200000 7.83001 3.64460 3.42000 65.94673
30 11 16 06 18 692.98500 0.71200000 7.83001 3.64460 3.42000 65.94673
30 11 16 06 18 692.98500 0.71200000 7.82001 3.64460 3.42000 65.94673
30 11 16 06 19 692.98500 0.71200000 7.82001 3.64460 3.42000 65.94673
30 11 16 06 18 691.80000 0.71200000 7.82001 3.64460 3.42000 65.94673
30 11 16 06 20 691.80000 0.71200000 7.86995 3.64460 3.42000 65.94673
30 11 16 06 20 691.80000 0.71200000 7.86995 3.64460 3.42000 65.94673
30 11 16 06 20 691.80000 0.71200000 7.86995 3.64460 3.42000 65.94673
30 11 16 06 20 691.80000 0.71200000 7.86995 3.64460 3.42000 65.94673
30 11 16 06 20 692.20000 0.71200000 7.86995 3.64460 3.42000 65.94673
30 11 16 06 22 692.20000 0.70112000 7.86995 3.64460 3.42000 65.94673
30 11 16 06 23 692.20000 0.70112000 7.86995 3.64460 3.42000 65.94673
30 11 16 06 22 692.20000 0.70112000 7.86995 3.64460 3.42000 65.94673
30 11 16 06 22 692.98400 0.70112000 7.90000 3.64460 3.42000 65.94673
30 11 16 06 23 692.98400 0.70112000 7.88000 3.64460 3.42000 65.94673
30 11 16 06 24 692.98400 0.70112000 7.88000 3.64460 3.42000 65.94673
30 11 16 06 24 692.98400 0.70112000 7.88000 3.64460 3.42000 65.94673
30 11 16 06 25 692.98400 0.70112000 7.88000 3.64460 3.42000 65.94673
30 11 16 06 24 692.98400 0.70112000 7.88000 3.64460 3.42000 65.94673
30 11 16 06 26 692.98400 0.70112000 7.88000 3.64460 3.42000 65.94673
30 11 16 06 27 692.20000 0.70112000 7.88000 3.64460 3.42000 65.94673
30 11 16 06 26 692.98500 0.70112000 7.88000 3.64460 3.42000 65.94673
30 11 16 06 27 692.20000 0.70112000 7.88000 3.64460 3.42000 65.94673
30 11 16 06 28 692.20000 0.70112000 7.88000 3.64460 3.42000 65.94673
30 11 16 06 27 692.20000 0.70112000 7.88000 3.64460 3.42000 65.94673
30 11 16 06 28 692.20000 0.70112000 7.88000 3.64460 3.42000 65.94673
30 11 16 06 28 692.20000 0.70112000 7.88000 3.64460 3.42000 65.94673
30 11 16 06 29 692.20000 0.70112000 7.88000 3.64460 3.42000 65.94673
30 11 16 06 30 692.20000 0.70112000 7.88000 3.64460 3.42000 65.94673
30 11 16 06 30 692.20000 0.70112000 7.88000 3.64460 3.42000 65.94673
30 11 16 06 31 692.20000 0.70112000 7.85050 3.64460 3.42000 65.94673
30 11 16 06 31 692.98700 0.70112000 7.85050 3.64460 3.42000 65.94673
30 11 16 06 32 692.98700 0.70112000 7.85050 3.64460 3.42000 65.94673
30 11 16 06 32 692.98700 0.70112000 7.85050 3.64460 3.42000 65.94673
