M=[
30 9 20 23 01 9165.10000 4.87100000 306.51000 39.37000 12.27600 54.04200
30 9 20 23 02 9169.40000 4.87100000 306.51000 39.37000 12.27600 54.04200
30 9 20 23 02 9169.90000 4.87100000 306.58000 39.50000 12.27600 54.04200
30 9 20 23 03 9169.90000 4.87100000 306.58000 39.50000 12.27600 54.04200
30 9 20 23 03 9169.90000 4.89400000 306.68000 39.50000 12.27600 53.97400
30 9 20 23 04 9169.90000 4.89400000 306.68000 39.50000 12.27600 53.97400
30 9 20 23 04 9170.00000 4.96000000 306.61000 39.50000 12.27600 53.97400
30 9 20 23 04 9170.00000 4.96000000 306.61000 39.50000 12.27600 53.97400
30 9 20 23 05 9170.00000 4.96000000 306.61000 39.50000 12.27600 53.97400
30 9 20 23 05 9170.00000 4.96000000 306.61000 39.50000 12.27600 53.97400
30 9 20 23 06 9169.90000 4.96000000 306.65000 39.50000 12.27600 54.15300
30 9 20 23 06 9169.90000 4.96000000 306.65000 39.50000 12.27600 54.15300
30 9 20 23 07 9169.90000 4.96000000 306.61000 39.50000 12.27600 54.15300
30 9 20 23 07 9170.00000 4.96000000 306.71000 39.50000 12.27600 54.15300
30 9 20 23 08 9168.80000 4.96000000 306.78000 39.50000 12.27600 54.15300
30 9 20 23 08 9168.70000 4.96000000 306.78000 39.50000 12.27600 54.25000
30 9 20 23 08 9168.70000 4.96000000 306.52000 39.50000 12.27600 54.26900
30 9 20 23 09 9167.10000 4.96000000 306.52000 39.50000 12.27600 54.26900
30 9 20 23 09 9167.20000 4.96000000 306.52000 39.50000 12.27600 54.26900
30 9 20 23 10 9166.80000 4.96000000 306.56000 39.50000 12.27600 54.26900
30 9 20 23 10 9163.40000 4.96000000 306.53000 39.49000 12.27600 54.26900
30 9 20 23 11 9166.00000 4.96000000 306.53000 39.49000 12.27600 54.26900
30 9 20 23 11 9166.80000 4.96000000 306.53000 39.49000 12.27600 54.26900
30 9 20 23 11 9166.80000 4.89000000 306.53000 39.50000 12.27600 54.26900
30 9 20 23 12 9167.30000 4.89000000 306.63000 39.50000 12.27600 54.26900
30 9 20 23 12 9167.30000 4.89000000 306.63000 39.50000 12.27600 54.28300
30 9 20 23 13 9167.80000 4.89000000 306.69000 39.50000 12.27600 54.28300
30 9 20 23 13 9167.80000 4.89000000 306.69000 39.50000 12.27600 54.28300
30 9 20 23 14 9169.50000 4.89000000 306.69000 39.50000 12.27600 54.28300
30 9 20 23 14 9168.70000 4.89000000 306.69000 39.50000 12.27600 54.28300
30 9 20 23 14 9166.30000 4.89000000 306.73000 39.50000 12.27600 54.28300
30 9 20 23 15 9167.50000 4.89000000 306.76000 39.50000 12.27600 54.28300
30 9 20 23 15 9169.30000 4.89000000 306.76000 39.50000 12.27600 54.28300
30 9 20 23 16 9168.50000 4.89000000 306.76000 39.50000 12.27600 54.28300
30 9 20 23 16 9168.70000 4.89000000 306.76000 39.50000 12.27600 54.28300
30 9 20 23 17 9168.90000 4.89000000 306.76000 39.50000 12.27600 54.28300
30 9 20 23 17 9170.00000 4.89000000 306.76000 39.50000 12.27600 54.28300
30 9 20 23 18 9170.00000 4.89000000 306.76000 39.50000 12.27600 54.28300
30 9 20 23 18 9170.00000 4.89000000 306.76000 39.50000 12.27600 54.28300
30 9 20 23 18 9169.90000 4.89000000 306.76000 39.50000 12.27600 54.28300
30 9 20 23 19 9170.00000 4.89000000 306.76000 39.50000 12.27600 54.28300
30 9 20 23 19 9176.30000 4.89000000 306.76000 39.50000 12.28900 54.28300
30 9 20 23 20 9177.50000 4.89000000 306.76000 39.50000 12.28900 54.28300
30 9 20 23 20 9177.50000 4.89000000 306.78000 39.50000 12.28900 54.28300
30 9 20 23 21 9177.60000 4.89000000 306.78000 39.50000 12.28900 54.28300
30 9 20 23 21 9177.90000 4.89000000 306.78000 39.50000 12.28900 54.28300
30 9 20 23 21 9177.90000 4.89000000 307.39000 39.50000 12.27000 54.28300
30 9 20 23 22 9178.00000 4.89000000 308.08000 39.50000 12.27000 54.28300
30 9 20 23 22 9181.60000 4.89000000 308.01000 39.50000 12.27000 54.28300
30 9 20 23 23 9181.20000 4.89000000 307.90000 39.50000 12.27000 54.28300
30 9 20 23 23 9181.80000 4.89000000 307.89000 39.50000 12.27000 54.28300
30 9 20 23 24 9182.00000 4.89000000 307.74000 39.50000 12.27000 54.28300
30 9 20 23 24 9185.00000 4.89000000 307.73000 39.50000 12.27000 54.28300
30 9 20 23 25 9185.00000 4.89000000 307.60000 39.50000 12.27000 54.28300
30 9 20 23 25 9185.20000 4.89000000 307.60000 39.50000 12.27000 54.06900
30 9 20 23 25 9181.30000 4.89000000 307.50000 39.50000 12.27000 54.06900
30 9 20 23 26 9181.30000 4.89000000 307.34000 39.50000 12.27000 54.06900
30 9 20 23 26 9177.80000 4.89000000 307.34000 39.50000 12.27000 54.06900
30 9 20 23 27 9174.90000 4.89000000 307.34000 39.50000 12.27000 54.06900
30 9 20 23 27 9177.80000 4.89000000 307.18000 39.50000 12.27000 54.06900
30 9 20 23 28 9177.70000 4.89000000 307.18000 39.50000 12.27000 54.06900
30 9 20 23 28 9177.70000 4.89000000 307.18000 39.50000 12.27000 54.06900
30 9 20 23 28 9177.70000 4.89000000 307.18000 39.50000 12.27000 54.06900
30 9 20 23 29 9177.80000 4.89000000 307.48000 39.50000 12.27000 54.06900
30 9 20 23 29 9177.80000 4.89000000 307.50000 39.50000 12.27000 54.17000
30 9 20 23 30 9177.80000 4.89000000 307.65000 39.50000 12.27000 54.17000
30 9 20 23 30 9177.80000 4.89000000 307.65000 39.50000 12.27000 54.39800
30 9 20 23 31 9177.70000 4.89000000 307.65000 39.50000 12.27000 54.39800
30 9 20 23 31 9178.00000 4.89000000 307.74000 39.50000 12.27000 54.39800
30 9 20 23 31 9185.40000 4.89000000 307.74000 39.50000 12.27000 54.39800
30 9 20 23 32 9188.00000 4.89000000 307.74000 39.50000 12.27000 54.39800
30 9 20 23 32 9187.90000 4.89000000 307.74000 39.50000 12.27000 54.39800
30 9 20 23 33 9187.90000 4.89000000 307.55000 39.50000 12.27000 54.39800
30 9 20 23 33 9187.90000 4.89000000 307.55000 39.50000 12.27000 54.52400
30 9 20 23 34 9188.00000 4.89000000 307.55000 39.50000 12.27000 54.52400
30 9 20 23 34 9188.00000 4.89000000 307.51000 39.50000 12.27000 54.52400
30 9 20 23 34 9188.00000 4.89000000 307.51000 39.50000 12.27000 54.52400
30 9 20 23 35 9188.00000 4.89000000 307.69000 39.50000 12.27000 54.52400
30 9 20 23 35 9188.00000 4.89000000 307.53000 39.50000 12.27000 54.61500
30 9 20 23 36 9187.60000 4.89000000 307.45000 39.50000 12.27000 54.61500
30 9 20 23 36 9187.10000 4.89000000 307.39000 39.50000 12.27000 54.61500
30 9 20 23 37 9186.60000 4.89000000 307.24000 39.50000 12.29900 54.61500
30 9 20 23 37 9186.30000 4.89000000 307.18000 39.50000 12.29900 54.63700
30 9 20 23 38 9186.30000 4.89000000 307.18000 39.50000 12.32100 54.63700
30 9 20 23 38 9186.30000 4.89000000 307.28000 39.50000 12.32100 54.78000
30 9 20 23 38 9185.70000 4.89000000 307.28000 39.50000 12.32100 54.87500
30 9 20 23 39 9185.70000 4.89000000 307.28000 39.50000 12.32100 54.95100
30 9 20 23 39 9185.70000 4.89000000 307.18000 39.50000 12.32100 54.84000
30 9 20 23 40 9185.70000 4.89000000 307.18000 39.50000 12.32100 54.94900
30 9 20 23 40 9185.70000 4.89000000 307.18000 39.50000 12.32100 55.12500
30 9 20 23 41 9187.60000 4.89000000 307.18000 39.50000 12.32100 55.12600
30 9 20 23 41 9187.90000 4.89000000 307.24000 39.50000 12.32100 55.12600
30 9 20 23 41 9187.90000 4.88600000 307.21000 39.50000 12.32100 55.12600
30 9 20 23 42 9191.00000 4.88600000 307.26000 39.50000 12.32100 55.12600
30 9 20 23 42 9194.90000 4.88600000 307.20000 39.50000 12.32100 55.12600
30 9 20 23 43 9197.00000 4.88600000 307.20000 39.50000 12.32100 55.12600
30 9 20 23 43 9197.00000 4.88600000 307.20000 39.50000 12.32100 55.12600
30 9 20 23 44 9195.20000 4.88600000 307.36000 39.50000 12.32100 55.12600
30 9 20 23 44 9196.90000 4.88600000 307.36000 39.50000 12.32100 55.12600
30 9 20 23 44 9196.90000 4.88600000 307.36000 39.50000 12.32100 55.12600
30 9 20 23 45 9197.00000 4.88600000 307.36000 39.51000 12.32100 55.12600
30 9 20 23 45 9197.60000 4.88600000 307.36000 39.51000 12.32100 55.12600
30 9 20 23 46 9197.60000 4.88600000 307.19000 39.51000 12.32100 55.12600
30 9 20 23 46 9197.40000 4.88600000 307.08000 39.51000 12.32100 55.12600
30 9 20 23 47 9197.40000 4.88600000 307.00000 39.51000 12.32100 54.43200
30 9 20 23 47 9196.90000 4.88600000 306.82000 39.51000 12.32100 54.43200
30 9 20 23 48 9193.80000 4.88600000 306.81000 39.51000 12.32100 54.43200
30 9 20 23 48 9195.00000 4.88600000 306.78000 39.51000 12.32100 54.60800
30 9 20 23 48 9194.90000 4.88600000 306.78000 39.51000 12.32100 54.60800
