M=[
 4 10 20 14 26 9061.80000 4.82400000 297.22000 39.44000 11.88000 53.50000
 4 10 20 14 26 9061.90000 4.82400000 297.22000 39.44000 11.88000 53.50000
 4 10 20 14 27 9065.60000 4.82400000 297.22000 39.47000 11.88000 53.50000
 4 10 20 14 27 9065.70000 4.82400000 297.47000 39.47000 11.88000 53.50000
 4 10 20 14 28 9065.70000 4.82400000 297.47000 39.47000 11.88000 53.50000
 4 10 20 14 28 9065.20000 4.82400000 297.47000 39.47000 11.88000 53.50000
 4 10 20 14 28 9065.20000 4.81100000 297.47000 39.47000 11.88000 53.50000
 4 10 20 14 29 9064.10000 4.81100000 297.47000 39.47000 11.88000 53.50000
 4 10 20 14 29 9065.60000 4.81100000 297.47000 39.47000 11.88000 53.50000
 4 10 20 14 30 9064.60000 4.81100000 297.47000 39.43000 11.88000 53.50000
 4 10 20 14 30 9065.30000 4.80800000 297.46000 39.43000 11.88000 53.50000
 4 10 20 14 31 9065.30000 4.80800000 297.46000 39.43000 11.88000 53.50000
 4 10 20 14 31 9065.30000 4.80800000 297.27000 39.43000 11.88000 53.50000
 4 10 20 14 31 9065.20000 4.80800000 297.27000 39.43000 11.88000 53.50000
 4 10 20 14 32 9065.20000 4.80800000 297.08000 39.43000 11.88000 53.50000
 4 10 20 14 32 9065.30000 4.80800000 297.03000 39.43000 11.88000 53.50000
 4 10 20 14 33 9065.20000 4.80800000 297.07000 39.43000 11.85400 53.50000
 4 10 20 14 33 9063.00000 4.80800000 297.07000 39.43000 11.85400 53.50000
 4 10 20 14 34 9063.70000 4.82000000 297.07000 39.43000 11.85400 53.50000
 4 10 20 14 34 9065.10000 4.82000000 297.28000 39.43000 11.85400 53.50000
 4 10 20 14 34 9065.20000 4.82000000 297.28000 39.43000 11.85400 53.50000
 4 10 20 14 35 9065.10000 4.82000000 297.28000 39.43000 11.85400 53.50000
 4 10 20 14 35 9065.40000 4.82000000 297.28000 39.43000 11.85400 53.50000
 4 10 20 14 36 9065.50000 4.82000000 297.56000 39.43000 11.85400 53.50000
 4 10 20 14 36 9066.80000 4.82000000 297.56000 39.43000 11.85400 53.50000
 4 10 20 14 37 9068.30000 4.82000000 297.56000 39.44000 11.85400 53.50000
 4 10 20 14 37 9067.10000 4.82000000 297.56000 39.44000 11.85400 53.50000
 4 10 20 14 37 9068.00000 4.82000000 297.56000 39.44000 11.85400 53.50000
 4 10 20 14 38 9067.90000 4.82000000 297.56000 39.44000 11.85400 53.50000
 4 10 20 14 38 9068.00000 4.82000000 297.56000 39.44000 11.85400 53.50000
 4 10 20 14 39 9068.40000 4.82000000 297.56000 39.45000 11.85400 53.50000
 4 10 20 14 39 9068.70000 4.82000000 297.82000 39.45000 11.85400 53.50000
 4 10 20 14 40 9068.70000 4.82000000 297.83000 39.45000 11.85400 53.50000
 4 10 20 14 40 9069.00000 4.82000000 297.88000 39.45000 11.85400 53.50000
 4 10 20 14 40 9065.80000 4.82000000 297.88000 39.45000 11.85400 53.50000
 4 10 20 14 41 9065.60000 4.82000000 297.84000 39.45000 11.85400 53.50000
 4 10 20 14 41 9065.60000 4.82000000 297.85000 39.45000 11.85400 53.50000
 4 10 20 14 42 9065.60000 4.82000000 297.84000 39.44000 11.85400 53.50000
 4 10 20 14 42 9065.60000 4.82000000 297.84000 39.44000 11.85400 53.50000
 4 10 20 14 43 9065.60000 4.82000000 297.84000 39.44000 11.85400 53.50000
 4 10 20 14 43 9066.50000 4.82000000 297.84000 39.44000 11.85400 53.50000
 4 10 20 14 43 9066.90000 4.82000000 297.42000 39.44000 11.85400 53.50000
 4 10 20 14 44 9066.80000 4.82000000 297.43000 39.44000 11.85400 53.50000
 4 10 20 14 44 9063.40000 4.82000000 297.43000 39.44000 11.85400 53.50000
 4 10 20 14 45 9063.40000 4.82000000 297.43000 39.41000 11.85400 53.50000
 4 10 20 14 45 9064.30000 4.82000000 297.47000 39.39000 11.85400 53.50000
 4 10 20 14 46 9063.60000 4.82000000 297.47000 39.39000 11.85400 53.50000
 4 10 20 14 46 9057.60000 4.82000000 297.26000 39.36000 11.85400 53.50000
 4 10 20 14 46 9062.30000 4.82000000 297.07000 39.36000 11.85400 53.50000
 4 10 20 14 47 9061.00000 4.82000000 297.10000 39.36000 11.85400 53.50000
 4 10 20 14 47 9062.20000 4.82000000 297.10000 39.36000 11.85400 53.50000
 4 10 20 14 48 9063.40000 4.82000000 297.31000 39.36000 11.84000 53.53500
 4 10 20 14 48 9060.80000 4.82000000 297.25000 39.37000 11.84000 53.53500
 4 10 20 14 49 9062.10000 4.82000000 297.25000 39.37000 11.84000 53.53500
 4 10 20 14 49 9062.10000 4.82000000 297.25000 39.37000 11.84000 53.53500
 4 10 20 14 49 9062.20000 4.82000000 297.32000 39.37000 11.84000 53.53500
 4 10 20 14 50 9062.20000 4.82000000 297.27000 39.37000 11.84000 53.53500
 4 10 20 14 50 9066.20000 4.82000000 297.51000 39.37000 11.84000 53.53500
 4 10 20 14 51 9065.20000 4.82000000 297.51000 39.42000 11.84000 53.53500
 4 10 20 14 51 9065.60000 4.82000000 297.51000 39.42000 11.84000 53.53500
 4 10 20 14 52 9065.60000 4.82000000 297.51000 39.42000 11.85000 53.53500
 4 10 20 14 52 9062.30000 4.82000000 297.21000 39.42000 11.85000 53.53500
 4 10 20 14 52 9059.10000 4.82000000 297.21000 39.42000 11.85000 53.53500
 4 10 20 14 53 9057.40000 4.82000000 297.21000 39.42000 11.85000 53.53500
 4 10 20 14 53 9059.20000 4.82000000 296.91000 39.42000 11.85000 53.53500
 4 10 20 14 54 9059.20000 4.82000000 296.93000 39.42000 11.85000 53.53500
 4 10 20 14 54 9059.20000 4.82000000 296.93000 39.33000 11.85000 53.53500
 4 10 20 14 55 9059.30000 4.82000000 296.93000 39.33000 11.85000 53.53500
 4 10 20 14 55 9059.30000 4.82000000 296.92000 39.35000 11.85000 53.53500
 4 10 20 14 55 9059.30000 4.82000000 296.92000 39.35000 11.85000 53.53500
 4 10 20 14 56 9057.40000 4.82000000 296.92000 39.35000 11.85000 53.53500
 4 10 20 14 56 9060.90000 4.82000000 297.02000 39.35000 11.85000 53.53500
 4 10 20 14 57 9060.90000 4.82000000 297.06000 39.35000 11.85000 53.53500
 4 10 20 14 57 9066.70000 4.82000000 297.06000 39.38000 11.85000 53.53500
 4 10 20 14 58 9065.00000 4.82000000 297.07000 39.38000 11.85000 53.53500
 4 10 20 14 58 9065.00000 4.82000000 297.07000 39.38000 11.85000 53.53500
 4 10 20 14 58 9065.00000 4.82000000 297.07000 39.38000 11.85000 53.53500
 4 10 20 14 59 9066.80000 4.82000000 297.07000 39.38000 11.85000 53.53500
 4 10 20 14 59 9068.50000 4.82000000 297.07000 39.38000 11.85000 53.53500
 4 10 20 15 00 9067.40000 4.82000000 297.07000 39.38000 11.85000 53.53500
 4 10 20 15 00 9067.40000 4.82000000 297.07000 39.40000 11.85000 53.53500
 4 10 20 15 01 9067.40000 4.78800000 297.07000 39.40000 11.85000 53.53500
 4 10 20 15 01 9066.20000 4.78700000 297.07000 39.40000 11.85000 53.53500
 4 10 20 15 01 9067.30000 4.77900000 297.07000 39.40000 11.85000 53.53500
 4 10 20 15 02 9067.10000 4.76100000 297.07000 39.40000 11.85000 53.58700
 4 10 20 15 02 9067.40000 4.76100000 297.07000 39.40000 11.85000 53.58700
 4 10 20 15 03 9067.40000 4.76100000 297.16000 39.40000 11.85000 53.58700
 4 10 20 15 03 9067.40000 4.77300000 297.33000 39.40000 11.85000 53.58700
 4 10 20 15 04 9067.40000 4.77300000 297.33000 39.40000 11.85000 53.58700
 4 10 20 15 04 9067.40000 4.77300000 297.38000 39.39000 11.86700 53.58700
 4 10 20 15 04 9067.30000 4.77300000 297.38000 39.39000 11.86700 53.58700
 4 10 20 15 05 9067.40000 4.77200000 297.38000 39.39000 11.86700 53.58700
 4 10 20 15 05 9067.40000 4.77200000 297.38000 39.39000 11.86700 53.58700
 4 10 20 15 06 9067.30000 4.77200000 297.38000 39.40000 11.86700 53.58700
 4 10 20 15 06 9067.30000 4.77200000 297.43000 39.40000 11.86700 53.58700
 4 10 20 15 07 9067.30000 4.77200000 297.43000 39.40000 11.86700 53.58700
 4 10 20 15 07 9066.40000 4.77200000 297.34000 39.40000 11.86700 53.58700
 4 10 20 15 07 9067.10000 4.77200000 297.34000 39.40000 11.86700 53.58700
 4 10 20 15 08 9066.40000 4.77200000 297.34000 39.40000 11.86700 53.58700
 4 10 20 15 08 9067.30000 4.77200000 297.45000 39.40000 11.86700 53.58700
 4 10 20 15 09 9067.40000 4.77200000 297.38000 39.42000 11.86700 53.58700
 4 10 20 15 09 9067.40000 4.77200000 297.38000 39.42000 11.86700 53.58700
 4 10 20 15 10 9066.80000 4.77200000 297.38000 39.42000 11.86700 53.58700
 4 10 20 15 10 9061.10000 4.77200000 297.38000 39.42000 11.86700 53.58700
 4 10 20 15 10 9062.60000 4.77200000 297.38000 39.42000 11.86700 53.58700
 4 10 20 15 11 9062.60000 4.77200000 297.38000 39.42000 11.86700 53.58700
 4 10 20 15 11 9064.30000 4.77200000 297.38000 39.42000 11.86700 53.58700
 4 10 20 15 12 9064.10000 4.77200000 297.38000 39.41000 11.86700 53.58700
