M=[
 8 6 21 18 18 26700.80000 45.63000000 2020.88000 129.95000 21.00000 106.30700
 8 6 21 18 19 26735.80000 45.80700000 2024.79000 129.97000 21.00000 106.30700
 8 6 21 18 19 26754.30000 45.80000000 2025.27000 130.15000 21.12400 106.61300
 8 6 21 18 19 26724.80000 45.80000000 2021.31000 130.00000 21.13200 106.61300
 8 6 21 18 20 26701.50000 45.80000000 2018.28000 130.01000 21.13200 106.61300
 8 6 21 18 20 26692.70000 45.74000000 2016.23000 130.16000 21.13200 106.61300
 8 6 21 18 21 26681.00000 45.79700000 2016.33000 130.18000 21.13200 106.61300
 8 6 21 18 21 26670.00000 45.81700000 2016.23000 130.19000 21.01400 106.61300
 8 6 21 18 22 26682.90000 45.81700000 2016.65000 130.25000 21.01400 106.26100
 8 6 21 18 22 26688.10000 45.90200000 2020.23000 130.25000 21.01400 106.26100
 8 6 21 18 22 26670.50000 45.90200000 2018.78000 130.11000 21.01400 106.26100
 8 6 21 18 23 26675.10000 46.35000000 2019.34000 130.20000 21.01400 106.26100
 8 6 21 18 23 26673.40000 46.43000000 2019.23000 130.25000 21.01400 106.26100
 8 6 21 18 24 26674.70000 46.43000000 2020.49000 130.25000 21.01400 106.26100
 8 6 21 18 24 26699.90000 46.43000000 2026.22000 130.37000 21.01400 106.61300
 8 6 21 18 25 26700.20000 46.24000000 2022.75000 130.16000 21.01400 106.70700
 8 6 21 18 25 26699.10000 46.02400000 2021.65000 129.98000 21.01400 106.53500
 8 6 21 18 25 26693.60000 46.02400000 2021.07000 129.97000 21.01400 106.53500
 8 6 21 18 26 26690.90000 45.90200000 2021.04000 129.95000 21.01400 106.53500
 8 6 21 18 26 26687.40000 45.90200000 2020.58000 130.03000 21.01400 106.53500
 8 6 21 18 27 26689.30000 45.90200000 2020.23000 130.18000 21.01400 106.53500
 8 6 21 18 27 26687.00000 45.86300000 2019.16000 130.18000 20.99200 106.53500
 8 6 21 18 28 26680.40000 45.91300000 2018.77000 129.99000 20.99200 106.53500
 8 6 21 18 28 26683.50000 45.91300000 2019.05000 129.99000 20.99200 106.53500
 8 6 21 18 29 26690.60000 45.91300000 2019.22000 129.99000 20.99200 106.53500
 8 6 21 18 29 26668.70000 45.91300000 2018.00000 130.02000 20.92800 106.53500
 8 6 21 18 29 26625.10000 45.91300000 2015.10000 129.88000 20.92800 106.53500
 8 6 21 18 30 26617.00000 46.02300000 2014.18000 129.89000 20.92800 106.53500
 8 6 21 18 30 26607.80000 46.02300000 2014.17000 129.89000 20.92800 106.53500
 8 6 21 18 31 26635.10000 45.99200000 2017.35000 129.97000 20.92800 106.53500
 8 6 21 18 31 26643.30000 45.99200000 2018.00000 130.12000 20.92800 106.53500
 8 6 21 18 32 26616.20000 45.99200000 2016.13000 130.00000 20.92800 106.53500
 8 6 21 18 32 26616.30000 45.99200000 2015.37000 130.02000 20.92800 106.22500
 8 6 21 18 32 26620.90000 45.99200000 2016.70000 130.03000 20.92800 106.42000
 8 6 21 18 33 26623.50000 45.99200000 2016.60000 130.06000 20.92800 106.42000
 8 6 21 18 33 26610.20000 45.99200000 2016.98000 130.04000 20.92800 106.38100
 8 6 21 18 34 26626.30000 45.91300000 2016.59000 130.04000 20.92800 106.38100
 8 6 21 18 34 26622.90000 46.03700000 2018.68000 130.11000 20.92800 106.38100
 8 6 21 18 35 26632.70000 46.19600000 2017.62000 130.16000 20.92800 106.38100
 8 6 21 18 35 26608.30000 46.19600000 2017.46000 130.00000 20.92800 106.38100
 8 6 21 18 35 26617.10000 46.19600000 2016.61000 130.03000 20.92800 106.38100
 8 6 21 18 36 26626.80000 46.19600000 2016.60000 130.00000 20.92800 106.20400
 8 6 21 18 36 26625.30000 46.30300000 2017.15000 129.87000 20.92800 106.24900
 8 6 21 18 37 26632.90000 46.30300000 2017.78000 130.06000 20.92800 106.24900
 8 6 21 18 37 26645.30000 46.56500000 2017.31000 130.03000 20.92800 106.24900
 8 6 21 18 38 26691.10000 46.56500000 2020.70000 130.40000 20.92800 106.57700
 8 6 21 18 38 26661.60000 46.59400000 2020.69000 130.16000 20.92800 106.57700
 8 6 21 18 38 26659.60000 46.44400000 2019.24000 130.13000 20.92800 106.57700
 8 6 21 18 39 26675.70000 46.44400000 2019.73000 130.13000 20.94400 106.57700
 8 6 21 18 39 26688.00000 46.44400000 2019.83000 130.13000 20.94400 106.57700
 8 6 21 18 40 26670.50000 46.21900000 2019.59000 130.25000 20.94400 106.57700
 8 6 21 18 40 26656.00000 46.25200000 2017.54000 130.15000 20.94400 106.57700
 8 6 21 18 41 26656.20000 46.25200000 2017.54000 130.06000 20.94400 106.57700
 8 6 21 18 41 26666.40000 46.25200000 2017.72000 130.11000 20.94400 106.57700
 8 6 21 18 41 26658.40000 46.25200000 2017.80000 130.04000 20.94400 106.57700
 8 6 21 18 42 26676.40000 46.25200000 2020.32000 130.09000 20.94400 106.57700
 8 6 21 18 42 26670.70000 46.25200000 2020.68000 130.13000 20.94400 106.57700
 8 6 21 18 43 26689.70000 46.25200000 2022.23000 130.21000 20.94400 106.57700
 8 6 21 18 43 26683.70000 46.25200000 2022.83000 130.24000 20.94400 106.57700
 8 6 21 18 44 26685.00000 46.25200000 2023.36000 130.18000 20.94400 106.57700
 8 6 21 18 44 26678.20000 46.25200000 2022.03000 130.16000 20.94400 106.57700
 8 6 21 18 44 26685.00000 46.25200000 2023.54000 130.17000 20.94400 106.57700
 8 6 21 18 45 26730.40000 46.40200000 2026.51000 130.36000 20.94400 106.57700
 8 6 21 18 45 26745.40000 46.63100000 2029.79000 130.43000 20.94400 106.49900
 8 6 21 18 46 26753.00000 46.74400000 2030.93000 130.51000 20.94400 106.66500
 8 6 21 18 46 26760.00000 46.74700000 2032.11000 130.45000 20.98800 106.66500
 8 6 21 18 47 26760.10000 46.74700000 2029.91000 130.35000 20.98800 106.66500
 8 6 21 18 47 26808.00000 46.74700000 2032.52000 130.45000 20.98800 106.66500
 8 6 21 18 47 26765.20000 46.80800000 2030.89000 130.40000 20.98800 106.66500
 8 6 21 18 48 26745.50000 46.80800000 2029.35000 130.43000 20.98800 106.66500
 8 6 21 18 48 26745.40000 46.80800000 2027.31000 130.26000 20.98800 106.66500
 8 6 21 18 49 26740.40000 46.80800000 2027.30000 130.16000 20.98800 106.66500
 8 6 21 18 49 26742.60000 46.80800000 2028.01000 130.10000 20.98800 106.66500
 8 6 21 18 50 26732.80000 46.45900000 2027.69000 130.32000 20.98800 106.66500
 8 6 21 18 50 26724.40000 46.45900000 2026.94000 130.19000 20.98800 106.66500
 8 6 21 18 50 26749.90000 46.46000000 2029.15000 130.19000 20.98800 106.66500
 8 6 21 18 51 26733.30000 46.46000000 2027.70000 130.12000 20.98800 106.66500
 8 6 21 18 51 26714.50000 46.46000000 2026.82000 130.12000 20.98800 106.66500
 8 6 21 18 52 26724.90000 46.36200000 2026.97000 130.16000 20.98800 106.66500
 8 6 21 18 52 26704.30000 46.36200000 2026.99000 130.16000 20.98800 106.66500
 8 6 21 18 53 26704.30000 46.36200000 2026.83000 130.16000 20.98800 106.66500
 8 6 21 18 53 26751.80000 46.36200000 2028.43000 130.24000 20.98800 106.66500
 8 6 21 18 53 26784.90000 46.66700000 2030.17000 130.32000 20.98800 106.66500
 8 6 21 18 54 26774.60000 46.64700000 2030.34000 130.32000 20.98800 106.66500
 8 6 21 18 54 26781.70000 46.67900000 2031.74000 130.35000 20.98800 106.66500
 8 6 21 18 55 26762.60000 46.67900000 2030.92000 130.35000 20.98800 106.66500
 8 6 21 18 55 26780.00000 46.67900000 2032.03000 130.36000 20.98800 106.66500
 8 6 21 18 56 26773.50000 46.67900000 2033.65000 130.36000 20.98800 106.75500
 8 6 21 18 56 26790.20000 46.67900000 2035.67000 130.50000 20.98800 106.75500
 8 6 21 18 56 26825.10000 46.67900000 2038.80000 130.61000 20.98800 106.75500
 8 6 21 18 57 26918.20000 46.59700000 2042.78000 131.03000 21.14700 106.75500
 8 6 21 18 57 26939.50000 46.54400000 2039.66000 130.76000 21.14700 106.75500
 8 6 21 18 58 26901.90000 46.50000000 2039.66000 130.60000 21.29300 106.75500
 8 6 21 18 58 26908.70000 46.50000000 2038.02000 130.40000 21.29300 106.75500
 8 6 21 18 59 26893.20000 46.50000000 2038.28000 130.52000 21.29300 106.75500
 8 6 21 18 59 26953.50000 46.50000000 2043.92000 130.77000 21.29300 106.75500
 8 6 21 18 59 26946.80000 46.57700000 2044.61000 130.61000 21.29300 106.75500
 8 6 21 19 00 26969.20000 46.56400000 2049.74000 130.74000 21.15400 106.92500
 8 6 21 19 00 26954.40000 46.41200000 2042.00000 130.60000 21.15400 106.45500
 8 6 21 19 01 26945.20000 46.41200000 2041.99000 130.53000 21.15400 106.45500
 8 6 21 19 01 26915.00000 46.41200000 2042.35000 130.53000 21.15400 106.45500
 8 6 21 19 02 26866.60000 46.41200000 2038.24000 130.25000 21.15400 106.45500
