M=[
11 6 21 12 30 30702.60000 48.44800000 2028.36000 139.61000 20.60000 108.46200
11 6 21 12 30 30701.60000 48.44800000 2028.46000 139.61000 20.60000 108.46200
11 6 21 12 31 30702.60000 48.54300000 2028.46000 139.61000 20.60000 108.46200
11 6 21 12 31 30731.10000 48.54300000 2031.56000 139.69000 20.56800 108.46200
11 6 21 12 32 30668.90000 48.54300000 2028.33000 139.59000 20.56800 108.46200
11 6 21 12 32 30660.20000 48.54300000 2028.33000 139.59000 20.55000 108.46200
11 6 21 12 33 30650.40000 48.54300000 2026.08000 139.48000 20.55000 108.46200
11 6 21 12 33 30679.90000 48.54300000 2027.26000 139.48000 20.55000 108.46200
11 6 21 12 33 30687.70000 48.54300000 2028.09000 139.48000 20.55000 108.46200
11 6 21 12 34 30705.10000 48.54300000 2029.04000 139.48000 20.55000 108.46200
11 6 21 12 34 30749.90000 48.54300000 2031.50000 139.48000 20.55000 108.91100
11 6 21 12 35 30739.40000 48.54300000 2031.77000 139.82000 20.55000 108.91100
11 6 21 12 35 30739.30000 48.54300000 2030.98000 139.82000 20.55000 108.91100
11 6 21 12 36 30715.10000 48.54300000 2029.71000 139.82000 20.55000 108.91100
11 6 21 12 36 30731.20000 48.62700000 2030.73000 139.88000 20.50000 108.91100
11 6 21 12 36 30750.00000 48.62700000 2030.98000 139.87000 20.50000 108.91100
11 6 21 12 37 30749.90000 48.62700000 2031.00000 139.87000 20.50000 108.91100
11 6 21 12 37 30737.20000 48.62700000 2031.78000 139.87000 20.50000 108.91100
11 6 21 12 38 30747.50000 48.62700000 2031.97000 139.87000 20.50000 108.91100
11 6 21 12 38 30739.00000 48.62700000 2033.16000 139.87000 20.50000 108.91100
11 6 21 12 39 30749.80000 48.62700000 2032.02000 139.87000 20.50000 108.91100
11 6 21 12 39 30714.80000 48.62700000 2032.30000 139.85000 20.50000 108.91100
11 6 21 12 39 30720.70000 48.62700000 2032.29000 139.85000 20.46000 108.91100
11 6 21 12 40 30671.30000 48.62700000 2027.23000 139.68000 20.46000 108.91100
11 6 21 12 40 30691.20000 48.62700000 2027.23000 139.71000 20.46000 108.91100
11 6 21 12 41 30676.20000 48.62700000 2026.01000 139.58000 20.46000 108.91100
11 6 21 12 41 30700.00000 48.62700000 2026.02000 139.58000 20.46000 108.91100
11 6 21 12 42 30674.90000 48.62700000 2026.01000 139.58000 20.46000 108.91100
11 6 21 12 42 30650.00000 48.62700000 2023.31000 139.43000 20.45000 108.91100
11 6 21 12 42 30636.80000 48.62700000 2022.19000 139.28000 20.45000 108.91100
11 6 21 12 43 30634.80000 48.62700000 2023.10000 139.28000 20.45000 108.91100
11 6 21 12 43 30614.50000 48.62700000 2020.82000 139.09000 20.45000 108.91100
11 6 21 12 44 30636.80000 48.25100000 2021.52000 139.10000 20.45000 108.91100
11 6 21 12 44 30650.00000 48.25100000 2023.97000 139.34000 20.45000 108.91100
11 6 21 12 45 30678.10000 48.25100000 2024.32000 139.34000 20.45000 108.91100
11 6 21 12 45 30656.40000 48.25100000 2023.31000 139.17000 20.45000 108.91100
11 6 21 12 45 30643.60000 48.25100000 2023.31000 139.17000 20.45000 108.91100
11 6 21 12 46 30656.40000 48.25100000 2024.02000 139.22000 20.45000 108.91100
11 6 21 12 46 30670.00000 48.25100000 2024.75000 139.30000 20.45000 108.91100
11 6 21 12 47 30704.40000 48.25100000 2026.97000 139.30000 20.45000 108.91100
11 6 21 12 47 30702.70000 48.25100000 2025.44000 139.30000 20.45000 108.91100
11 6 21 12 48 30702.70000 48.25100000 2025.85000 139.30000 20.45000 108.91100
11 6 21 12 48 30710.90000 48.49500000 2027.47000 139.58000 20.42300 108.91100
11 6 21 12 48 30722.40000 48.49500000 2028.35000 139.58000 20.42300 108.91100
11 6 21 12 49 30800.00000 48.49500000 2032.45000 139.58000 20.42300 108.91100
11 6 21 12 49 30787.30000 48.49500000 2032.36000 139.85000 20.42300 108.91100
11 6 21 12 50 30782.60000 48.49500000 2032.36000 139.82000 20.42300 108.91100
11 6 21 12 50 30764.50000 48.63400000 2030.95000 139.82000 20.42300 108.91100
11 6 21 12 51 30751.30000 48.63400000 2030.96000 139.82000 20.40000 108.91100
11 6 21 12 51 30716.10000 48.48200000 2028.18000 139.57000 20.40000 108.91100
11 6 21 12 51 30762.50000 48.48200000 2029.56000 139.57000 20.40000 109.18500
11 6 21 12 52 30737.00000 48.48200000 2029.56000 139.57000 20.35000 109.19400
11 6 21 12 52 30738.30000 48.48200000 2027.20000 139.59000 20.35000 109.19400
11 6 21 12 53 30755.50000 48.48200000 2028.35000 139.59000 20.35000 109.19400
11 6 21 12 53 30740.10000 48.50400000 2027.15000 139.59000 20.35000 109.19400
11 6 21 12 54 30740.00000 48.50400000 2027.15000 139.59000 20.35000 109.19400
11 6 21 12 54 30740.20000 48.50400000 2027.52000 139.61000 20.35000 109.19400
11 6 21 12 54 30740.00000 48.50400000 2025.00000 139.61000 20.35000 109.19400
11 6 21 12 55 30743.80000 48.50400000 2025.00000 139.61000 20.35000 109.19400
11 6 21 12 55 30744.60000 48.50400000 2025.83000 139.57000 20.35000 109.19400
11 6 21 12 56 30741.00000 48.50400000 2026.25000 139.57000 20.35000 109.19400
11 6 21 12 56 30741.00000 48.50400000 2026.25000 139.51000 20.35000 109.19400
11 6 21 12 57 30752.20000 48.50400000 2026.15000 139.51000 20.35000 109.19400
11 6 21 12 57 30745.90000 48.50400000 2026.48000 139.51000 20.35000 109.19400
11 6 21 12 57 30765.10000 48.50400000 2028.15000 139.60000 20.35000 109.19400
11 6 21 12 58 30762.70000 48.50400000 2028.15000 139.60000 20.35000 109.19400
11 6 21 12 58 30791.10000 48.50400000 2028.15000 139.71000 20.34000 109.19400
11 6 21 12 59 30784.60000 48.50400000 2028.52000 139.65000 20.34000 109.19400
11 6 21 12 59 30763.00000 48.50400000 2028.52000 139.65000 20.40900 109.19400
11 6 21 13 00 30775.80000 48.50400000 2026.35000 139.65000 20.40900 109.19400
11 6 21 13 00 30791.00000 48.44900000 2026.35000 139.65000 20.33300 109.31900
11 6 21 13 00 30792.40000 48.44900000 2027.96000 139.65000 20.33300 109.31900
11 6 21 13 01 30800.00000 48.44900000 2027.96000 139.86000 20.33300 109.31900
11 6 21 13 01 30815.00000 48.44900000 2027.96000 139.86000 20.33300 109.31900
11 6 21 13 02 30833.70000 48.44900000 2030.96000 139.94000 20.33300 109.31900
11 6 21 13 02 30815.20000 48.44900000 2030.96000 139.94000 20.33300 109.31900
11 6 21 13 03 30849.80000 48.44900000 2032.04000 139.94000 20.33300 109.31900
11 6 21 13 03 30849.70000 48.44900000 2030.97000 139.94000 20.33300 109.31900
11 6 21 13 03 30850.00000 48.44900000 2031.05000 140.07000 20.33300 109.36400
11 6 21 13 04 30842.40000 48.44900000 2031.05000 140.07000 20.33300 109.36400
11 6 21 13 04 30842.20000 48.44900000 2031.05000 140.07000 20.30100 109.36400
11 6 21 13 05 30839.80000 48.44900000 2030.61000 140.07000 20.30100 109.36400
11 6 21 13 05 30815.00000 48.44900000 2030.35000 139.85000 20.30100 109.36400
11 6 21 13 06 30827.80000 48.44900000 2030.35000 139.85000 20.30100 109.36400
11 6 21 13 06 30844.90000 48.44900000 2030.35000 139.85000 20.36200 109.36400
11 6 21 13 06 30831.90000 48.44900000 2031.80000 139.95000 20.36200 109.36400
11 6 21 13 07 30846.50000 48.44900000 2033.97000 140.05000 20.36200 109.36400
11 6 21 13 07 30852.50000 48.44900000 2034.45000 140.02000 20.36200 109.36400
11 6 21 13 08 30853.60000 48.44900000 2034.04000 140.02000 20.36200 109.36400
11 6 21 13 08 30882.40000 48.44900000 2034.04000 140.26000 20.36200 109.36400
11 6 21 13 09 30893.40000 48.44900000 2036.97000 140.26000 20.36200 109.36400
11 6 21 13 09 30855.80000 48.44900000 2036.97000 140.26000 20.36200 109.36400
11 6 21 13 09 30852.90000 48.44900000 2036.55000 140.17000 20.36200 109.36400
11 6 21 13 10 30852.90000 48.44900000 2037.44000 140.17000 20.36200 109.36400
11 6 21 13 10 30864.70000 48.44900000 2038.79000 140.17000 20.36200 109.36400
11 6 21 13 11 30858.30000 48.44900000 2038.62000 140.14000 20.36200 109.36400
11 6 21 13 11 30884.90000 48.44900000 2038.23000 140.21000 20.36200 109.36400
11 6 21 13 12 30884.30000 48.44900000 2038.78000 140.23000 20.36200 109.36400
11 6 21 13 12 30888.90000 48.44900000 2038.12000 140.23000 20.36200 109.36400
11 6 21 13 12 30887.90000 48.44900000 2038.28000 140.23000 20.36200 109.36400
11 6 21 13 13 30898.90000 48.44900000 2037.05000 140.23000 20.36200 109.36400
11 6 21 13 13 30918.50000 48.44900000 2037.05000 140.23000 20.32900 109.36400
