M=[
 1 7 21 12 36 28353.60000 46.22000000 1795.80000 115.46000 21.70600 102.38800
 1 7 21 12 37 28352.60000 46.38700000 1798.30000 115.55000 21.70600 102.38800
 1 7 21 12 37 28390.90000 46.38700000 1799.65000 115.55000 21.72700 103.43500
 1 7 21 12 37 28391.00000 46.38700000 1800.84000 115.55000 21.77100 103.43500
 1 7 21 12 38 28401.70000 46.38700000 1800.62000 115.55000 21.77100 103.43500
 1 7 21 12 38 28411.10000 46.38700000 1801.46000 115.55000 21.77100 103.43500
 1 7 21 12 39 28414.60000 46.51600000 1801.38000 115.76000 21.87000 103.43500
 1 7 21 12 39 28448.70000 46.43500000 1802.41000 115.73000 21.87000 103.43500
 1 7 21 12 40 28483.10000 46.60000000 1806.14000 115.96000 21.87000 103.43500
 1 7 21 12 40 28492.80000 46.66000000 1806.12000 115.96000 21.62300 103.43500
 1 7 21 12 40 28480.00000 46.66000000 1804.60000 116.06000 21.54300 103.43500
 1 7 21 12 41 28450.30000 46.66000000 1801.94000 115.97000 21.54300 103.43500
 1 7 21 12 41 28448.80000 46.66000000 1802.63000 115.97000 21.54300 103.43500
 1 7 21 12 42 28461.10000 46.66000000 1802.03000 115.89000 21.54300 103.43500
 1 7 21 12 42 28460.00000 46.66000000 1800.70000 115.86000 21.54300 103.43500
 1 7 21 12 43 28448.70000 46.66000000 1800.61000 115.86000 21.44200 103.43500
 1 7 21 12 43 28437.10000 46.66000000 1800.61000 115.86000 21.44200 103.43500
 1 7 21 12 43 28436.30000 46.66000000 1799.12000 115.86000 21.44200 103.43500
 1 7 21 12 44 28437.10000 46.66000000 1799.04000 115.79000 21.13200 103.43500
 1 7 21 12 44 28444.50000 46.66000000 1800.09000 115.79000 21.13700 103.43500
 1 7 21 12 45 28406.80000 46.66000000 1796.75000 115.70000 21.14900 103.43500
 1 7 21 12 45 28390.70000 46.66000000 1795.79000 115.70000 21.14900 103.43500
 1 7 21 12 46 28394.00000 46.66000000 1796.79000 115.70000 21.14900 103.44000
 1 7 21 12 46 28398.40000 46.66000000 1796.79000 115.70000 21.14900 103.44000
 1 7 21 12 46 28386.40000 46.66000000 1795.34000 115.57000 21.14900 103.44000
 1 7 21 12 47 28378.60000 46.66000000 1793.93000 115.57000 21.14900 103.44000
 1 7 21 12 47 28392.80000 46.66000000 1794.77000 115.53000 21.61600 103.44000
 1 7 21 12 48 28393.60000 46.66000000 1794.77000 115.47000 21.39600 103.44000
 1 7 21 12 48 28394.20000 46.66000000 1794.41000 115.47000 21.59800 103.44000
 1 7 21 12 49 28416.00000 46.66000000 1796.51000 115.51000 21.59800 103.44000
 1 7 21 12 49 28409.50000 46.66000000 1794.95000 115.51000 21.59800 103.44000
 1 7 21 12 50 28401.10000 46.66000000 1793.93000 115.51000 21.59800 103.44000
 1 7 21 12 50 28378.20000 46.66000000 1793.77000 115.51000 21.59800 103.44000
 1 7 21 12 50 28381.80000 46.66000000 1793.33000 115.51000 21.59800 103.44000
 1 7 21 12 51 28381.70000 46.66000000 1796.27000 115.42000 21.59800 103.44000
 1 7 21 12 51 28378.10000 46.66000000 1794.78000 115.36000 21.59800 103.44000
 1 7 21 12 52 28381.90000 46.66000000 1794.30000 115.34000 21.59800 103.44000
 1 7 21 12 52 28378.10000 46.66000000 1793.43000 115.36000 21.59800 103.44000
 1 7 21 12 53 28361.40000 46.66000000 1792.18000 115.32000 21.59800 103.44000
 1 7 21 12 53 28373.10000 46.66000000 1794.03000 115.32000 21.59800 103.44000
 1 7 21 12 53 28373.10000 46.66000000 1795.09000 115.32000 21.59800 103.44000
 1 7 21 12 54 28370.70000 46.21000000 1793.70000 115.40000 21.59800 103.58000
 1 7 21 12 54 28373.20000 46.21000000 1796.43000 115.40000 21.59800 103.58000
 1 7 21 12 55 28370.50000 46.21000000 1796.43000 115.40000 21.39300 103.58000
 1 7 21 12 55 28365.30000 46.19900000 1794.74000 115.43000 21.39300 103.58000
 1 7 21 12 56 28358.80000 46.15900000 1793.68000 115.43000 21.39300 103.58000
 1 7 21 12 56 28342.70000 46.15900000 1792.21000 115.28000 21.39300 103.58000
 1 7 21 12 56 28356.00000 46.15900000 1791.67000 115.28000 21.39300 103.58000
 1 7 21 12 57 28441.00000 46.15900000 1797.40000 115.48000 21.39300 103.70400
 1 7 21 12 57 28460.00000 46.15900000 1799.84000 115.48000 21.39300 103.70400
 1 7 21 12 58 28416.80000 46.34800000 1797.69000 115.48000 21.39300 103.93600
 1 7 21 12 58 28365.00000 46.41300000 1792.39000 115.32000 21.39300 103.93600
 1 7 21 12 59 28365.00000 46.41300000 1792.93000 115.26000 21.39300 103.93600
 1 7 21 12 59 28375.60000 46.41300000 1793.95000 115.26000 21.39300 103.93600
 1 7 21 12 59 28356.90000 46.41300000 1792.91000 115.26000 21.39300 103.93600
 1 7 21 13 00 28395.50000 46.41300000 1794.16000 115.28000 21.39300 103.93600
 1 7 21 13 00 28359.80000 46.41300000 1792.50000 115.32000 21.39300 103.93600
 1 7 21 13 01 28308.20000 46.41300000 1788.19000 114.95000 21.39300 103.54100
 1 7 21 13 01 28308.10000 46.41300000 1787.76000 114.95000 21.39300 103.54100
 1 7 21 13 02 28307.90000 46.41300000 1787.00000 114.95000 21.08100 103.54100
 1 7 21 13 02 28312.40000 46.01300000 1787.98000 114.97000 21.02100 103.54100
 1 7 21 13 02 28311.10000 46.01300000 1787.76000 114.97000 20.85900 103.54100
 1 7 21 13 03 28311.10000 46.01300000 1787.29000 115.02000 20.86000 103.54100
 1 7 21 13 03 28310.00000 46.01300000 1787.28000 115.02000 20.86000 103.54100
 1 7 21 13 04 28300.10000 45.91500000 1787.28000 114.99000 20.86000 103.54100
 1 7 21 13 04 28310.10000 45.91500000 1788.26000 114.99000 20.86000 103.54100
 1 7 21 13 05 28300.10000 45.91500000 1787.30000 114.99000 20.99900 103.54100
 1 7 21 13 05 28310.20000 46.07700000 1788.26000 115.03000 21.04000 103.54100
 1 7 21 13 05 28310.20000 46.07700000 1790.40000 115.04000 20.86200 103.54100
 1 7 21 13 06 28310.20000 46.07700000 1790.18000 115.00000 20.86200 103.55800
 1 7 21 13 06 28341.00000 46.09300000 1793.02000 115.00000 20.86200 103.55800
 1 7 21 13 07 28325.90000 46.09300000 1793.37000 115.26000 20.86200 103.55800
 1 7 21 13 07 28326.00000 46.09300000 1792.89000 115.26000 20.95800 103.55800
 1 7 21 13 08 28326.00000 46.13200000 1792.89000 115.26000 20.95800 103.55800
 1 7 21 13 08 28326.10000 46.13200000 1793.28000 115.26000 20.95800 103.55800
 1 7 21 13 08 28347.90000 46.13200000 1795.00000 115.26000 20.95800 103.55800
 1 7 21 13 09 28345.10000 46.13200000 1794.25000 115.36000 20.95800 103.55800
 1 7 21 13 09 28344.10000 46.13200000 1793.51000 115.36000 20.95800 103.55800
 1 7 21 13 10 28344.10000 45.99700000 1793.40000 115.28000 20.95800 103.55800
 1 7 21 13 10 28378.40000 45.99700000 1796.40000 115.28000 20.95800 103.55800
 1 7 21 13 11 28381.70000 45.99700000 1796.11000 115.28000 20.95800 103.55800
 1 7 21 13 11 28391.10000 45.99700000 1797.70000 115.48000 20.95800 103.55800
 1 7 21 13 11 28394.10000 45.99700000 1798.81000 115.48000 20.95800 103.55800
 1 7 21 13 12 28396.50000 45.99700000 1799.36000 115.55000 20.95800 103.77000
 1 7 21 13 12 28420.20000 45.99700000 1798.93000 115.55000 20.95800 103.98300
 1 7 21 13 13 28413.20000 45.99700000 1799.80000 115.55000 20.95800 103.98300
 1 7 21 13 13 28397.20000 45.99700000 1798.84000 115.55000 20.95800 103.98300
 1 7 21 13 14 28400.20000 45.99700000 1799.78000 115.66000 20.95800 103.98300
 1 7 21 13 14 28392.10000 45.99700000 1799.78000 115.66000 20.95800 103.98300
 1 7 21 13 14 28392.00000 45.99700000 1798.09000 115.53000 20.95800 103.98300
 1 7 21 13 15 28410.00000 45.99700000 1798.32000 115.52000 20.95800 103.98300
 1 7 21 13 15 28437.60000 45.99700000 1801.65000 115.61000 20.95800 103.98300
 1 7 21 13 16 28437.50000 46.51200000 1801.52000 115.67000 20.95800 103.96600
 1 7 21 13 16 28437.60000 46.51200000 1802.04000 115.66000 20.95800 103.96600
 1 7 21 13 17 28420.00000 46.51200000 1801.46000 115.71000 20.95800 103.87300
 1 7 21 13 17 28412.80000 46.51200000 1801.32000 115.65000 20.95800 103.87300
 1 7 21 13 18 28412.80000 46.51200000 1799.13000 115.53000 20.95800 103.87300
 1 7 21 13 18 28412.80000 46.51200000 1799.78000 115.59000 20.95800 103.87300
 1 7 21 13 18 28412.70000 46.51200000 1797.81000 115.59000 20.95800 103.87300
 1 7 21 13 19 28392.00000 46.40300000 1797.37000 115.59000 20.95800 103.87300
 1 7 21 13 19 28432.30000 46.40300000 1799.61000 115.37000 20.95800 103.87300
 1 7 21 13 20 28445.10000 46.41300000 1801.27000 115.37000 20.95800 103.87300
