M=[
16 5 20 14 59 8720.00000 6.21400000 185.96000 39.89000 11.84400 39.35400
16 5 20 15 00 8720.00000 6.21400000 186.10000 39.89000 11.84400 39.35400
16 5 20 15 00 8720.00000 6.21400000 186.10000 39.89000 11.84400 39.35400
16 5 20 15 01 8719.90000 6.21400000 186.22000 39.89000 11.84400 39.35400
16 5 20 15 01 8720.00000 6.21400000 186.16000 39.89000 11.84400 39.66000
16 5 20 15 02 8720.00000 6.22700000 186.25000 39.89000 11.84400 39.35400
16 5 20 15 02 8719.90000 6.21400000 186.25000 39.89000 11.84400 39.35400
16 5 20 15 03 8720.00000 6.22700000 186.23000 39.89000 11.84400 39.35400
16 5 20 15 03 8719.90000 6.22700000 186.16000 39.89000 11.84400 39.35400
16 5 20 15 04 8720.00000 6.22700000 186.25000 39.89000 11.84400 39.35400
16 5 20 15 04 8720.00000 6.22700000 186.25000 40.17000 11.84400 39.35400
16 5 20 15 05 8720.00000 6.22700000 186.25000 39.97000 11.84400 39.35400
16 5 20 15 06 8720.00000 6.22900000 186.27000 39.97000 11.84400 39.35400
16 5 20 15 06 8720.00000 6.22900000 186.29000 39.97000 11.84400 39.35400
16 5 20 15 07 8719.50000 6.22900000 186.29000 39.97000 11.84400 39.35400
16 5 20 15 07 8719.60000 6.22900000 186.07000 39.94000 11.84400 39.35400
16 5 20 15 08 8719.60000 6.24200000 186.05000 39.94000 11.84400 39.35400
16 5 20 15 08 8704.70000 6.22900000 185.97000 39.95000 11.84400 39.35400
16 5 20 15 09 8701.90000 6.24200000 185.97000 39.95000 11.84400 39.35400
16 5 20 15 09 8700.10000 6.24200000 185.95000 39.95000 11.84400 39.35400
16 5 20 15 10 8700.10000 6.24200000 185.90000 39.95000 11.83000 39.35400
16 5 20 15 10 8698.70000 6.24200000 185.95000 39.95000 11.83000 39.35400
16 5 20 15 11 8700.10000 6.22900000 185.76000 39.95000 11.83000 39.35400
16 5 20 15 11 8700.10000 6.24200000 185.76000 39.95000 11.83000 39.35400
16 5 20 15 11 8700.10000 6.24200000 185.70000 39.93000 11.83000 39.35400
16 5 20 15 12 8700.10000 6.24200000 185.70000 39.94000 11.83000 39.35400
16 5 20 15 12 8700.00000 6.24200000 185.64000 39.94000 11.83000 39.35400
16 5 20 15 13 8700.00000 6.24200000 185.59000 39.93000 11.83000 39.35400
16 5 20 15 13 8700.90000 6.24200000 185.59000 39.93000 11.83000 39.35400
16 5 20 15 14 8704.40000 6.24200000 185.69000 39.93000 11.83000 39.35400
16 5 20 15 14 8706.20000 6.24200000 185.69000 39.93000 11.83000 39.35400
16 5 20 15 15 8711.60000 6.24200000 185.84000 39.90000 11.83000 39.35400
16 5 20 15 15 8716.10000 6.24200000 185.84000 39.90000 11.83000 39.35400
16 5 20 15 16 8718.60000 6.24200000 185.81000 39.90000 11.83000 39.35400
16 5 20 15 16 8715.00000 6.22900000 185.92000 39.94000 11.83000 39.35400
16 5 20 15 17 8714.90000 6.24200000 185.92000 39.90000 11.83000 39.35400
16 5 20 15 17 8717.80000 6.24200000 185.92000 39.90000 11.83000 39.35400
16 5 20 15 18 8712.70000 6.24200000 185.92000 39.90000 11.83000 39.35400
16 5 20 15 18 8712.70000 6.24200000 185.96000 39.90000 11.83000 39.35400
16 5 20 15 19 8719.50000 6.24200000 185.96000 40.01000 11.83000 39.35400
16 5 20 15 19 8718.30000 6.24200000 185.95000 40.01000 11.83000 39.35400
16 5 20 15 20 8716.50000 6.24200000 186.12000 40.01000 11.83000 39.35400
16 5 20 15 20 8716.50000 6.24200000 186.05000 40.01000 11.83000 39.35400
16 5 20 15 21 8715.80000 6.24500000 185.97000 40.01000 11.83000 39.35400
16 5 20 15 21 8715.80000 6.24500000 186.00000 40.01000 11.83000 39.35400
16 5 20 15 22 8718.30000 6.24500000 186.01000 40.01000 11.84400 39.35400
16 5 20 15 22 8717.90000 6.24500000 186.01000 40.00000 11.83000 39.35400
16 5 20 15 23 8716.70000 6.24500000 185.90000 39.90000 11.83000 39.35400
16 5 20 15 23 8716.70000 6.24500000 185.90000 40.03000 11.83000 39.35400
16 5 20 15 24 8719.50000 6.24500000 186.01000 40.12000 11.83000 39.35400
16 5 20 15 24 8717.50000 6.24500000 186.01000 40.12000 11.83000 39.35400
16 5 20 15 25 8719.50000 6.24500000 186.08000 40.12000 11.83000 39.35400
16 5 20 15 25 8719.40000 6.24500000 186.08000 40.12000 11.83000 39.35400
16 5 20 15 26 8719.50000 6.24500000 185.88000 40.12000 11.83000 39.35400
16 5 20 15 26 8719.50000 6.22900000 186.01000 40.03000 11.83000 39.35400
16 5 20 15 27 8719.40000 6.24500000 186.01000 40.12000 11.83000 39.35400
16 5 20 15 27 8719.40000 6.22900000 186.01000 40.12000 11.83000 39.35400
16 5 20 15 28 8719.40000 6.24500000 186.01000 40.12000 11.83000 39.36500
16 5 20 15 28 8719.50000 6.24500000 186.00000 40.12000 11.83000 39.35400
16 5 20 15 29 8719.40000 6.24500000 185.94000 39.90000 11.83000 39.35400
16 5 20 15 29 8718.70000 6.24500000 185.94000 40.12000 11.83000 39.35400
16 5 20 15 30 8718.70000 6.21800000 185.94000 40.12000 11.83000 39.35400
16 5 20 15 30 8713.20000 6.21800000 185.92000 40.01000 11.83000 39.35400
16 5 20 15 31 8712.40000 6.21800000 185.93000 40.01000 11.83000 39.35400
16 5 20 15 31 8709.00000 6.21800000 185.93000 40.02000 11.83000 39.35400
16 5 20 15 32 8709.10000 6.21800000 185.92000 40.02000 11.83000 39.35400
16 5 20 15 32 8704.10000 6.21800000 185.91000 40.02000 11.83000 39.35400
16 5 20 15 33 8702.10000 6.21800000 185.91000 40.02000 11.83000 39.36500
16 5 20 15 34 8675.40000 6.21800000 185.34000 39.95000 11.83000 39.35400
16 5 20 15 34 8680.50000 6.21800000 185.49000 39.95000 11.83000 39.35400
16 5 20 15 35 8685.60000 6.21800000 185.49000 39.96000 11.83000 39.35400
16 5 20 15 35 8690.10000 6.21800000 185.63000 39.96000 11.83000 39.35400
16 5 20 15 36 8690.60000 6.22900000 185.73000 39.96000 11.83000 39.35400
16 5 20 15 36 8691.10000 6.21800000 185.71000 39.96000 11.83000 39.35400
16 5 20 15 37 8689.70000 6.21800000 185.50000 39.96000 11.83000 39.35400
16 5 20 15 37 8689.70000 6.21800000 185.56000 39.96000 11.83000 39.35400
16 5 20 15 38 8692.50000 6.20100000 185.53000 39.96000 11.83000 39.35400
16 5 20 15 38 8692.50000 6.20100000 185.56000 39.96000 11.83000 39.35400
16 5 20 15 39 8691.70000 6.20100000 185.53000 39.96000 11.83000 39.35400
16 5 20 15 39 8693.00000 6.20100000 185.61000 39.95000 11.83000 39.35400
16 5 20 15 40 8692.40000 6.20100000 185.61000 39.95000 11.83000 39.35400
16 5 20 15 40 8693.00000 6.20100000 185.61000 39.99000 11.83000 39.35400
16 5 20 15 41 8693.00000 6.20100000 185.87000 39.99000 11.83000 39.35400
16 5 20 15 41 8693.00000 6.21800000 185.83000 39.99000 11.83000 39.35400
16 5 20 15 42 8693.00000 6.20100000 185.86000 40.01000 11.83000 39.35400
16 5 20 15 42 8698.60000 6.20100000 185.90000 40.00000 11.83000 39.36500
16 5 20 15 43 8696.00000 6.20100000 185.90000 40.00000 11.83000 39.35400
16 5 20 15 43 8696.10000 6.20100000 185.90000 40.00000 11.83000 39.35400
16 5 20 15 44 8680.10000 6.20100000 185.81000 39.99000 11.83000 39.35400
16 5 20 15 44 8680.40000 6.20100000 185.77000 40.00000 11.83000 39.35400
16 5 20 15 45 8681.70000 6.20100000 185.79000 39.99000 11.83000 39.35400
16 5 20 15 45 8679.10000 6.20100000 185.65000 40.00000 11.83000 39.35400
16 5 20 15 46 8678.90000 6.20100000 185.73000 40.00000 11.83000 39.35400
16 5 20 15 46 8679.40000 6.20100000 185.68000 39.99000 11.83000 39.35400
16 5 20 15 47 8672.20000 6.20100000 185.60000 39.95000 11.83000 39.35400
16 5 20 15 47 8665.40000 6.20100000 185.60000 39.95000 11.83000 39.35400
16 5 20 15 48 8658.90000 6.20100000 185.49000 39.95000 11.83000 39.35400
16 5 20 15 48 8661.40000 6.20100000 185.60000 39.86000 11.83000 39.35400
16 5 20 15 49 8656.40000 6.20100000 185.33000 39.86000 11.83000 39.35400
16 5 20 15 49 8664.70000 6.20100000 185.21000 39.86000 11.83000 39.35400
16 5 20 15 50 8667.30000 6.20100000 185.40000 39.86000 11.83000 39.35400
16 5 20 15 51 8671.80000 6.20100000 185.40000 39.86000 11.83000 39.35400
16 5 20 15 51 8675.50000 6.20100000 185.43000 39.86000 11.83000 39.35400
16 5 20 15 52 8675.50000 6.20100000 185.43000 39.93000 11.83000 39.35400
16 5 20 15 52 8661.60000 6.22900000 185.31000 39.93000 11.83000 39.35400
16 5 20 15 53 8665.80000 6.20100000 185.34000 39.93000 11.83000 39.36500
16 5 20 15 53 8667.80000 6.20100000 185.41000 39.86000 11.83000 39.35400
16 5 20 15 54 8668.10000 6.18300000 185.41000 39.93000 11.83000 39.35400
16 5 20 15 54 8662.40000 6.18300000 185.41000 39.90000 11.83000 39.66000
