M=[
16 5 20 23 18 8709.10000 6.23400000 186.09000 40.14000 11.82000 39.45700
16 5 20 23 18 8710.80000 6.23400000 186.09000 40.14000 11.82000 39.45700
16 5 20 23 19 8709.40000 6.23400000 186.07000 40.14000 11.82000 39.45700
16 5 20 23 19 8709.40000 6.23400000 186.07000 40.14000 11.82000 39.45700
16 5 20 23 20 8708.00000 6.23400000 186.07000 40.14000 11.82000 39.45700
16 5 20 23 20 8717.80000 6.23400000 186.07000 40.10000 11.82000 39.42300
16 5 20 23 21 8719.10000 6.23400000 186.16000 40.10000 11.82000 39.45700
16 5 20 23 21 8719.10000 6.23400000 186.16000 40.10000 11.82000 39.45700
16 5 20 23 22 8719.00000 6.23400000 186.16000 40.10000 11.82000 39.45700
16 5 20 23 22 8719.00000 6.23400000 186.16000 40.10000 11.82000 39.45700
16 5 20 23 23 8719.00000 6.23400000 186.23000 40.10000 11.82000 39.45700
16 5 20 23 23 8719.10000 6.23400000 186.09000 40.10000 11.82000 39.45700
16 5 20 23 23 8719.00000 6.23400000 186.23000 40.10000 11.82000 39.45700
16 5 20 23 24 8715.60000 6.23400000 186.23000 40.10000 11.82000 39.45700
16 5 20 23 24 8719.10000 6.23400000 186.23000 40.10000 11.82000 39.45700
16 5 20 23 25 8719.10000 6.23400000 186.23000 40.10000 11.82000 39.45700
16 5 20 23 25 8718.90000 6.23400000 186.23000 40.10000 11.80600 39.45700
16 5 20 23 26 8719.00000 6.23400000 186.09000 40.10000 11.82000 39.45700
16 5 20 23 26 8716.20000 6.23400000 186.23000 40.10000 11.82000 39.45700
16 5 20 23 27 8713.60000 6.23400000 186.23000 40.10000 11.82000 39.45700
16 5 20 23 27 8713.50000 6.23400000 186.23000 40.10000 11.82000 39.45700
16 5 20 23 27 8713.50000 6.23400000 186.24000 40.10000 11.82000 39.45700
16 5 20 23 28 8713.30000 6.23400000 186.24000 40.16000 11.84900 39.45700
16 5 20 23 28 8714.40000 6.20500000 186.24000 40.16000 11.82000 39.45700
16 5 20 23 29 8715.10000 6.23400000 186.24000 40.16000 11.82000 39.45700
16 5 20 23 29 8713.50000 6.23400000 186.24000 40.16000 11.82000 39.45700
16 5 20 23 30 8713.40000 6.23400000 186.23000 40.16000 11.82000 39.45700
16 5 20 23 30 8712.60000 6.23400000 186.04000 40.16000 11.82000 39.45700
16 5 20 23 31 8698.50000 6.23400000 186.04000 40.16000 11.82000 39.45700
16 5 20 23 31 8698.50000 6.20500000 185.86000 40.16000 11.82000 39.45700
16 5 20 23 32 8698.50000 6.23400000 185.78000 40.16000 11.82000 39.35000
16 5 20 23 32 8698.90000 6.23400000 185.80000 40.16000 11.82000 39.45700
16 5 20 23 32 8703.70000 6.23400000 185.80000 40.16000 11.84900 39.45700
16 5 20 23 33 8702.30000 6.23400000 185.80000 40.16000 11.82000 39.45700
16 5 20 23 33 8701.70000 6.23400000 185.80000 40.16000 11.82000 39.45700
16 5 20 23 34 8703.70000 6.23400000 185.72000 40.12000 11.82000 39.45700
16 5 20 23 34 8703.70000 6.23400000 185.72000 40.12000 11.82000 39.45700
16 5 20 23 35 8701.00000 6.23400000 185.80000 40.12000 11.82000 39.45700
16 5 20 23 35 8701.00000 6.23400000 185.80000 40.12000 11.82000 39.45700
16 5 20 23 36 8703.40000 6.23400000 185.91000 40.12000 11.82000 39.45700
16 5 20 23 36 8703.50000 6.23400000 185.91000 40.12000 11.82000 39.45700
16 5 20 23 36 8703.50000 6.23400000 185.84000 40.12000 11.82000 39.45700
16 5 20 23 37 8703.30000 6.23200000 185.84000 40.12000 11.82000 39.45700
16 5 20 23 37 8702.80000 6.23400000 185.89000 40.12000 11.82000 39.45700
16 5 20 23 38 8703.20000 6.23200000 185.89000 40.12000 11.82000 39.45700
16 5 20 23 38 8701.00000 6.23200000 185.77000 40.23000 11.82000 39.45700
16 5 20 23 39 8701.00000 6.19800000 185.68000 40.23000 11.82000 39.45700
16 5 20 23 39 8701.00000 6.19800000 185.68000 40.12000 11.82000 39.45700
16 5 20 23 40 8698.50000 6.19800000 185.68000 40.12000 11.82000 39.45700
16 5 20 23 40 8698.50000 6.19800000 185.56000 40.12000 11.82000 39.42300
16 5 20 23 41 8698.60000 6.19800000 185.56000 40.12000 11.82000 39.45700
16 5 20 23 41 8698.60000 6.19800000 185.59000 40.12000 11.82000 39.45700
16 5 20 23 42 8698.60000 6.19800000 185.59000 40.12000 11.82000 39.45700
16 5 20 23 42 8702.70000 6.19800000 185.59000 40.12000 11.80600 39.45700
16 5 20 23 42 8700.20000 6.19800000 185.59000 40.12000 11.82000 39.45700
16 5 20 23 43 8698.50000 6.19800000 185.59000 40.12000 11.82000 39.45700
16 5 20 23 43 8697.80000 6.19800000 185.59000 40.12000 11.82000 39.45700
16 5 20 23 44 8690.70000 6.19800000 185.59000 40.12000 11.82000 39.45700
16 5 20 23 44 8685.00000 6.19800000 185.38000 40.12000 11.82000 39.45700
16 5 20 23 45 8683.70000 6.19800000 185.43000 40.12000 11.84900 39.42300
16 5 20 23 45 8683.30000 6.19800000 185.43000 40.12000 11.82000 39.45700
16 5 20 23 46 8678.60000 6.19800000 185.43000 40.12000 11.82000 39.45700
16 5 20 23 46 8678.60000 6.19800000 185.50000 40.23000 11.82000 39.42300
16 5 20 23 47 8674.80000 6.19800000 185.23000 40.12000 11.82000 39.45700
16 5 20 23 47 8676.00000 6.19800000 185.23000 40.12000 11.82000 39.45700
16 5 20 23 48 8673.70000 6.19800000 185.23000 40.03000 11.82000 39.45700
16 5 20 23 48 8673.70000 6.19800000 185.37000 40.00000 11.84900 39.45700
16 5 20 23 48 8674.80000 6.19800000 185.36000 40.00000 11.82000 39.45700
16 5 20 23 49 8674.30000 6.19800000 185.37000 40.00000 11.82000 39.45700
16 5 20 23 49 8676.00000 6.19800000 185.37000 40.00000 11.82000 39.45700
16 5 20 23 50 8677.40000 6.19800000 185.50000 40.00000 11.82000 39.45700
16 5 20 23 50 8684.80000 6.19800000 185.50000 40.00000 11.82000 39.45700
16 5 20 23 51 8684.90000 6.19800000 185.72000 40.00000 11.82000 39.45700
16 5 20 23 51 8684.90000 6.19800000 185.72000 40.00000 11.82000 39.45700
16 5 20 23 52 8681.60000 6.23200000 185.57000 40.00000 11.82000 39.42300
16 5 20 23 52 8676.60000 6.19800000 185.57000 40.23000 11.82000 39.45700
16 5 20 23 52 8681.20000 6.19800000 185.57000 40.00000 11.82000 39.42300
16 5 20 23 53 8681.30000 6.19800000 185.57000 40.00000 11.82000 39.42300
16 5 20 23 53 8676.00000 6.19800000 185.57000 40.00000 11.82000 39.45700
16 5 20 23 54 8684.90000 6.19800000 185.57000 40.00000 11.82000 39.45700
16 5 20 23 54 8678.20000 6.19800000 185.57000 40.03000 11.82000 39.45700
16 5 20 23 55 8679.50000 6.19800000 185.57000 40.00000 11.82000 39.45700
16 5 20 23 55 8679.50000 6.19800000 185.57000 40.00000 11.82000 39.45700
16 5 20 23 56 8685.00000 6.19800000 185.57000 40.00000 11.82000 39.45700
16 5 20 23 56 8685.00000 6.19800000 185.57000 40.00000 11.82000 39.45700
16 5 20 23 57 8685.00000 6.19800000 185.57000 40.00000 11.82000 39.45700
16 5 20 23 57 8684.90000 6.23400000 185.57000 40.00000 11.82000 39.45700
16 5 20 23 57 8685.10000 6.19800000 185.57000 40.00000 11.82000 39.45700
16 5 20 23 58 8681.50000 6.19800000 185.42000 40.00000 11.82000 39.45700
16 5 20 23 58 8684.30000 6.19800000 185.43000 40.00000 11.82000 39.45700
16 5 20 23 59 8687.20000 6.19800000 185.43000 40.00000 11.82000 39.45700
16 5 20 23 59 8687.20000 6.19800000 185.45000 40.00000 11.82000 39.45700
17 5 20 00 00 8687.20000 6.19800000 185.38000 40.04000 11.82000 39.45700
17 5 20 00 00 8667.00000 6.19800000 184.94000 40.04000 11.84900 39.45700
17 5 20 00 01 8662.80000 6.18000000 184.94000 40.04000 11.83400 39.45700
17 5 20 00 01 8651.10000 6.18000000 184.93000 39.94000 11.83400 39.45700
17 5 20 00 02 8651.20000 6.18000000 184.93000 39.95000 11.83400 39.45700
17 5 20 00 02 8650.10000 6.18000000 184.74000 39.95000 11.83400 39.45700
17 5 20 00 03 8638.20000 6.18000000 184.80000 39.95000 11.83400 39.45700
17 5 20 00 03 8640.70000 6.18100000 184.86000 39.95000 11.83400 39.45700
17 5 20 00 04 8649.70000 6.18100000 184.86000 39.95000 11.83400 39.45700
17 5 20 00 04 8641.00000 6.18100000 185.05000 39.94000 11.83400 39.45700
17 5 20 00 05 8656.10000 6.18000000 185.05000 39.94000 11.83400 39.45700
17 5 20 00 05 8651.20000 6.18100000 184.91000 39.95000 11.82000 39.45700
17 5 20 00 06 8651.10000 6.18100000 184.80000 39.95000 11.83400 39.45700
17 5 20 00 06 8643.90000 6.18100000 184.80000 39.95000 11.83400 39.45700
17 5 20 00 07 8639.50000 6.18100000 184.80000 39.95000 11.83400 39.42300
17 5 20 00 07 8640.20000 6.18100000 184.80000 39.88000 11.83400 39.45700
17 5 20 00 07 8649.40000 6.18100000 184.86000 39.88000 11.83400 39.35000
