M=[
15 7 21 07 34 27470.10000 37.51400000 1651.50000 108.36000 16.29200 85.67400
15 7 21 07 35 27470.10000 37.51400000 1650.97000 108.41000 16.29200 85.67400
15 7 21 07 35 27470.00000 37.51400000 1651.01000 108.41000 16.29200 85.67400
15 7 21 07 35 27454.00000 37.51400000 1651.01000 108.41000 16.29200 85.67400
15 7 21 07 36 27454.00000 37.51400000 1651.00000 108.41000 16.29200 85.67400
15 7 21 07 36 27453.30000 37.51400000 1651.00000 108.41000 16.29200 85.67400
15 7 21 07 37 27439.90000 37.51400000 1651.53000 108.41000 16.29200 85.67400
15 7 21 07 37 27435.90000 37.51400000 1651.01000 108.41000 16.29200 85.67400
15 7 21 07 38 27431.40000 37.51400000 1651.02000 108.41000 16.29200 85.67400
15 7 21 07 38 27423.10000 37.51400000 1649.47000 108.41000 16.29200 85.67400
15 7 21 07 38 27423.10000 37.51400000 1648.12000 108.41000 16.29200 85.67400
15 7 21 07 39 27423.10000 37.51400000 1648.12000 108.22000 16.29200 85.67400
15 7 21 07 39 27423.10000 37.51400000 1650.50000 108.17000 16.29200 85.67400
15 7 21 07 40 27423.10000 37.51400000 1649.94000 108.17000 16.29200 85.67400
15 7 21 07 40 27430.90000 37.51400000 1650.00000 108.17000 16.29200 85.67400
15 7 21 07 41 27433.40000 37.51400000 1651.35000 108.18000 16.29200 85.67400
15 7 21 07 41 27436.30000 37.51400000 1651.33000 108.18000 16.29200 85.67400
15 7 21 07 41 27438.80000 37.51400000 1652.01000 108.18000 16.29200 85.67400
15 7 21 07 42 27441.00000 37.51400000 1651.09000 108.30000 16.29200 85.67400
15 7 21 07 42 27428.90000 37.51400000 1650.48000 108.30000 16.29200 85.67400
15 7 21 07 43 27430.60000 37.51400000 1650.48000 108.30000 16.29200 85.67400
15 7 21 07 43 27435.40000 37.51400000 1650.59000 108.30000 16.29200 85.67400
15 7 21 07 44 27435.70000 37.51400000 1650.59000 108.30000 16.29200 85.67400
15 7 21 07 44 27428.90000 37.51400000 1649.25000 108.30000 16.29200 85.67400
15 7 21 07 44 27428.90000 37.51400000 1649.79000 108.11000 16.29200 85.67400
15 7 21 07 45 27420.20000 37.51400000 1649.41000 108.11000 16.29200 85.67400
15 7 21 07 45 27417.40000 37.51400000 1649.41000 108.11000 16.23700 85.67400
15 7 21 07 46 27420.20000 37.51400000 1650.39000 108.18000 16.23700 86.47000
15 7 21 07 46 27420.20000 37.51400000 1650.99000 108.18000 16.23700 86.47000
15 7 21 07 47 27420.20000 37.51400000 1651.00000 108.18000 16.23700 86.47000
15 7 21 07 47 27420.20000 37.51400000 1652.23000 108.18000 16.23700 86.47000
15 7 21 07 47 27441.00000 37.51400000 1652.26000 108.18000 16.23700 86.47000
15 7 21 07 48 27440.20000 37.51400000 1652.66000 108.18000 16.23700 86.47000
15 7 21 07 48 27443.70000 37.51400000 1652.66000 108.18000 16.23700 86.47000
15 7 21 07 49 27440.90000 37.51400000 1652.40000 108.18000 16.23700 86.47000
15 7 21 07 49 27440.20000 37.51400000 1652.14000 108.30000 16.23700 86.47000
15 7 21 07 50 27440.20000 37.51400000 1652.14000 108.30000 16.23700 86.47000
15 7 21 07 50 27435.70000 37.51400000 1652.14000 108.30000 16.23700 86.47000
15 7 21 07 50 27433.20000 37.51400000 1652.06000 108.30000 16.23700 86.47000
15 7 21 07 51 27442.10000 37.51400000 1652.72000 108.30000 16.23700 86.47000
15 7 21 07 51 27437.10000 37.51400000 1652.86000 108.30000 16.23700 86.47000
15 7 21 07 52 27427.00000 37.51400000 1652.48000 108.27000 16.23700 86.47000
15 7 21 07 52 27414.30000 37.51400000 1650.51000 108.27000 16.23700 86.47000
15 7 21 07 53 27390.50000 37.55300000 1650.01000 108.27000 16.23700 86.47000
15 7 21 07 53 27392.30000 37.55300000 1650.01000 108.27000 16.23700 86.47000
15 7 21 07 54 27389.00000 37.55300000 1650.00000 108.14000 16.23700 86.47000
15 7 21 07 54 27377.70000 37.55300000 1647.54000 108.14000 16.23700 86.47000
15 7 21 07 54 27378.10000 37.55300000 1647.12000 108.14000 16.23700 86.47000
15 7 21 07 55 27377.70000 37.50000000 1647.12000 107.98000 16.23700 86.47000
15 7 21 07 55 27405.30000 37.50000000 1648.85000 108.00000 16.23700 86.47000
15 7 21 07 56 27406.30000 37.50000000 1650.64000 108.15000 16.23700 86.47000
15 7 21 07 56 27417.30000 37.50000000 1650.98000 108.15000 16.23700 86.47000
15 7 21 07 57 27425.40000 37.50000000 1651.24000 108.15000 16.23700 86.47000
15 7 21 07 57 27423.60000 37.50000000 1650.59000 108.15000 16.23700 86.47000
15 7 21 07 57 27425.50000 37.50000000 1650.59000 108.15000 16.23700 86.47000
15 7 21 07 58 27429.90000 37.62900000 1651.73000 108.31000 16.23700 86.47000
15 7 21 07 58 27429.90000 37.62900000 1651.73000 108.31000 16.23700 86.47000
15 7 21 07 59 27427.90000 37.62900000 1650.81000 108.31000 16.23700 86.47000
15 7 21 07 59 27429.90000 37.62900000 1651.21000 108.31000 16.23700 86.47000
15 7 21 08 00 27429.80000 37.62900000 1650.55000 108.33000 16.23700 86.47000
15 7 21 08 00 27426.10000 37.62100000 1650.00000 108.34000 16.23700 86.47400
15 7 21 08 00 27426.00000 37.62100000 1650.00000 108.29000 16.23700 86.47400
15 7 21 08 01 27426.00000 37.62100000 1650.00000 108.25000 16.27200 86.47400
15 7 21 08 01 27389.20000 37.53500000 1648.76000 108.17000 16.27200 86.47400
15 7 21 08 02 27402.30000 37.53500000 1651.62000 108.39000 16.27200 86.47400
15 7 21 08 02 27385.60000 37.53500000 1652.37000 108.39000 16.27200 86.47400
15 7 21 08 03 27469.60000 37.53500000 1656.65000 109.12000 16.27200 87.27000
15 7 21 08 03 27459.20000 37.53500000 1658.82000 109.12000 16.27200 87.41600
15 7 21 08 04 27459.50000 37.53500000 1658.68000 109.10000 16.27200 87.41600
15 7 21 08 04 27469.50000 37.53500000 1658.59000 109.10000 16.27200 87.41600
15 7 21 08 05 27465.30000 37.53500000 1658.35000 109.10000 16.27200 87.41600
15 7 21 08 05 27440.60000 37.69200000 1656.29000 108.93000 16.27200 87.41600
15 7 21 08 05 27452.20000 37.74900000 1654.23000 108.80000 16.27200 87.41600
15 7 21 08 06 27441.30000 37.74900000 1654.63000 108.80000 16.31600 87.41600
15 7 21 08 06 27469.90000 37.74900000 1657.92000 108.80000 16.31600 87.41600
15 7 21 08 07 27473.40000 37.74900000 1657.58000 108.82000 16.31600 87.41600
15 7 21 08 07 27480.90000 37.74900000 1657.58000 108.88000 16.31600 87.29900
15 7 21 08 08 27481.30000 37.74900000 1657.58000 108.88000 16.31600 87.29900
15 7 21 08 08 27476.20000 37.74900000 1657.20000 108.79000 16.31600 87.29900
15 7 21 08 08 27481.30000 37.74900000 1657.20000 108.89000 16.31600 87.29900
15 7 21 08 09 27481.30000 37.83000000 1661.18000 108.89000 16.31600 87.29900
15 7 21 08 09 27502.20000 37.83000000 1662.60000 108.89000 16.31600 87.29900
15 7 21 08 10 27485.60000 37.83000000 1660.90000 108.89000 16.31600 87.24600
15 7 21 08 10 27483.10000 37.83000000 1659.14000 108.89000 16.31600 87.24600
15 7 21 08 11 27483.10000 37.83000000 1659.14000 108.89000 16.31600 87.24600
15 7 21 08 11 27483.10000 37.83000000 1659.14000 108.89000 16.31600 87.24600
15 7 21 08 11 27474.20000 37.83000000 1659.14000 108.90000 16.31600 87.24600
15 7 21 08 12 27474.20000 37.84900000 1658.45000 108.90000 16.31600 87.24600
15 7 21 08 12 27453.30000 37.84900000 1658.01000 108.90000 16.31600 87.24600
15 7 21 08 13 27450.10000 37.84900000 1658.14000 108.90000 16.31600 87.24600
15 7 21 08 13 27450.10000 37.84900000 1658.00000 108.90000 16.31600 87.24600
15 7 21 08 14 27433.00000 37.84900000 1656.88000 108.90000 16.31600 87.24600
15 7 21 08 14 27429.90000 37.84900000 1656.28000 108.65000 16.31600 87.24600
15 7 21 08 14 27429.80000 37.84900000 1656.21000 108.65000 16.13300 87.24600
15 7 21 08 15 27420.80000 37.84900000 1656.21000 108.61000 16.13300 87.24600
15 7 21 08 15 27416.80000 37.84900000 1655.20000 108.61000 16.13300 87.24600
15 7 21 08 16 27391.80000 37.84900000 1654.00000 108.43000 16.13300 87.24600
15 7 21 08 16 27370.10000 37.84900000 1651.29000 108.28000 16.22100 87.24600
15 7 21 08 17 27365.50000 37.84900000 1649.13000 108.26000 16.22100 87.24600
15 7 21 08 17 27369.60000 37.84900000 1650.73000 108.14000 16.22100 87.24600
15 7 21 08 17 27369.40000 37.84900000 1650.14000 108.16000 16.22100 87.24600
15 7 21 08 18 27370.00000 37.62200000 1651.16000 108.19000 16.22100 86.68600
15 7 21 08 18 27369.90000 37.62200000 1651.16000 108.22000 16.22100 86.68600
