M=[
 4 3 21 19 31 40112.10000 9.12000000 1274.00000 149.35000 25.27100 99.88500
 4 3 21 19 31 40120.00000 9.12000000 1275.98000 149.35000 25.27100 99.64700
 4 3 21 19 32 40149.80000 9.12000000 1274.22000 149.35000 25.27100 99.62700
 4 3 21 19 32 40209.60000 9.12000000 1276.48000 149.68000 25.27100 99.62700
 4 3 21 19 33 40187.50000 9.12000000 1277.62000 149.68000 25.27100 99.62700
 4 3 21 19 33 40178.80000 9.12000000 1276.77000 149.68000 25.27100 99.62700
 4 3 21 19 34 40170.80000 9.12000000 1276.49000 149.67000 25.27100 99.62700
 4 3 21 19 34 40187.40000 9.12000000 1276.91000 149.66000 25.27100 99.77800
 4 3 21 19 34 40171.80000 9.12000000 1276.91000 149.63000 25.27100 99.77800
 4 3 21 19 35 40167.40000 9.12000000 1276.56000 149.63000 25.27100 99.80000
 4 3 21 19 35 40166.00000 9.12000000 1276.42000 149.62000 25.27100 99.80000
 4 3 21 19 36 40114.20000 9.12000000 1276.00000 149.49000 25.27100 99.75400
 4 3 21 19 36 40124.50000 9.12000000 1276.41000 149.58000 25.27100 99.75400
 4 3 21 19 37 40095.00000 9.12000000 1274.87000 149.45000 25.27100 99.75400
 4 3 21 19 37 40077.10000 9.07800000 1274.19000 149.26000 25.27100 99.75400
 4 3 21 19 37 40091.90000 9.07800000 1275.91000 149.29000 25.27100 99.75400
 4 3 21 19 38 40116.10000 9.07200000 1276.63000 149.42000 25.27100 99.75400
 4 3 21 19 38 40181.90000 9.07200000 1279.14000 149.59000 25.27100 99.75400
 4 3 21 19 39 40167.90000 9.07200000 1280.65000 149.59000 25.27100 99.75400
 4 3 21 19 39 40199.70000 9.07200000 1281.07000 149.81000 25.27100 99.75400
 4 3 21 19 40 40166.20000 9.07200000 1281.30000 149.81000 25.27100 99.75400
 4 3 21 19 40 40115.10000 9.07200000 1280.00000 149.27000 25.27100 99.83300
 4 3 21 19 40 40102.80000 9.07200000 1280.00000 149.23000 25.27100 99.83300
 4 3 21 19 41 40164.00000 9.07200000 1277.84000 149.39000 25.27100 99.73800
 4 3 21 19 41 40200.00000 9.07200000 1280.25000 149.70000 25.27100 99.73800
 4 3 21 19 42 40246.60000 9.07200000 1281.29000 149.96000 25.27100 99.87200
 4 3 21 19 42 40294.00000 9.07200000 1283.16000 150.11000 25.27100 99.87200
 4 3 21 19 43 40273.60000 9.07200000 1283.75000 150.11000 25.27100 99.87200
 4 3 21 19 43 40286.90000 9.07200000 1283.20000 150.11000 25.27100 99.87200
 4 3 21 19 43 40299.90000 9.07200000 1283.14000 150.11000 25.27100 99.87200
 4 3 21 19 44 40299.90000 9.07200000 1283.14000 150.11000 25.27100 99.87200
 4 3 21 19 44 40300.00000 9.11700000 1282.92000 150.11000 25.27100 99.87200
 4 3 21 19 45 40332.50000 9.14600000 1284.39000 150.26000 25.27100 99.87200
 4 3 21 19 45 40350.00000 9.14600000 1285.00000 150.26000 25.27100 99.87200
 4 3 21 19 46 40364.60000 9.14600000 1284.21000 150.26000 25.27100 99.87200
 4 3 21 19 46 40304.60000 9.14600000 1284.21000 150.30000 25.27100 100.24700
 4 3 21 19 46 40315.50000 9.14600000 1282.64000 150.30000 25.27100 100.24700
 4 3 21 19 47 40356.50000 9.14600000 1282.57000 150.10000 25.27100 100.24700
 4 3 21 19 47 40379.60000 9.13800000 1285.00000 150.51000 25.27100 100.24700
 4 3 21 19 48 40396.80000 9.13800000 1286.00000 150.70000 25.27100 100.24700
 4 3 21 19 48 40426.60000 9.13800000 1285.87000 150.69000 25.27100 100.24700
 4 3 21 19 49 40421.10000 9.13800000 1285.19000 150.69000 25.27100 100.24700
 4 3 21 19 49 40424.90000 9.13800000 1284.62000 150.69000 25.27100 100.24700
 4 3 21 19 49 40424.00000 9.13800000 1284.48000 150.56000 25.27100 100.24700
 4 3 21 19 50 40426.70000 9.13800000 1284.71000 150.56000 25.27100 100.47300
 4 3 21 19 50 40426.70000 9.13800000 1283.36000 150.52000 25.27100 100.50000
 4 3 21 19 51 40426.60000 9.13800000 1283.86000 150.52000 25.27100 100.50000
 4 3 21 19 51 40426.70000 9.13800000 1283.74000 150.47000 25.27100 100.50000
 4 3 21 19 52 40426.70000 9.13800000 1283.51000 150.47000 25.27100 100.50000
 4 3 21 19 52 40396.10000 9.15500000 1282.71000 150.33000 25.27100 100.50100
 4 3 21 19 52 40361.40000 9.15500000 1281.31000 150.33000 25.41300 100.50000
 4 3 21 19 53 40345.80000 9.15500000 1280.00000 149.92000 25.41300 100.50000
 4 3 21 19 53 40310.10000 9.15500000 1279.84000 149.83000 25.41300 100.50000
 4 3 21 19 54 40310.00000 9.13300000 1279.62000 149.79000 25.30000 100.50000
 4 3 21 19 54 40374.30000 9.13300000 1282.28000 150.22000 25.30000 100.20500
 4 3 21 19 55 40379.70000 9.13300000 1283.86000 150.41000 25.30000 100.20500
 4 3 21 19 55 40360.00000 9.13300000 1283.00000 150.16000 25.30000 100.56900
 4 3 21 19 55 40300.00000 9.13300000 1278.48000 149.97000 25.30000 100.42200
 4 3 21 19 56 40209.10000 9.13200000 1276.72000 149.41000 25.30000 100.05400
 4 3 21 19 56 40172.10000 9.13200000 1276.62000 149.56000 25.30000 100.05400
 4 3 21 19 57 40239.10000 9.13200000 1277.98000 149.56000 25.30000 100.05400
 4 3 21 19 57 40218.90000 9.13200000 1279.04000 149.81000 25.30000 100.05400
 4 3 21 19 58 40209.30000 9.13200000 1279.23000 149.76000 25.30000 100.05400
 4 3 21 19 58 40152.70000 9.13200000 1279.23000 149.62000 25.30000 100.31400
 4 3 21 19 58 40176.10000 9.13200000 1279.23000 149.74000 25.30000 100.31400
 4 3 21 19 59 40175.50000 9.13200000 1277.84000 149.67000 25.30000 100.31400
 4 3 21 19 59 40150.10000 9.13200000 1276.26000 149.67000 25.30000 100.31400
 4 3 21 20 00 40152.70000 9.13200000 1276.74000 149.66000 25.30000 100.31400
 4 3 21 20 00 40010.00000 9.13200000 1274.05000 149.66000 25.30000 100.05300
 4 3 21 20 01 40010.00000 9.13200000 1272.84000 149.19000 25.30000 100.00000
 4 3 21 20 01 40039.00000 9.13200000 1274.24000 149.11000 25.30000 100.00000
 4 3 21 20 01 40141.60000 9.13200000 1277.60000 149.48000 25.15800 100.00000
 4 3 21 20 02 40015.20000 9.13200000 1277.51000 149.48000 25.15800 100.00000
 4 3 21 20 02 39975.10000 9.13200000 1271.94000 149.02000 25.15800 100.00000
 4 3 21 20 03 39985.20000 9.13200000 1272.73000 149.04000 25.15800 100.00000
 4 3 21 20 03 39981.20000 9.13200000 1275.43000 149.11000 25.15800 100.00000
 4 3 21 20 04 40009.50000 9.13200000 1275.25000 149.11000 25.15800 100.00000
 4 3 21 20 04 39981.00000 9.13200000 1274.24000 149.01000 25.15800 99.88800
 4 3 21 20 04 39981.10000 9.07600000 1275.43000 149.01000 25.15800 99.88800
 4 3 21 20 05 39997.10000 9.07600000 1275.01000 149.00000 25.15800 99.88800
 4 3 21 20 05 39997.00000 9.07600000 1275.14000 149.00000 25.27600 99.88800
 4 3 21 20 06 39969.20000 9.07600000 1272.43000 148.99000 25.27600 99.88800
 4 3 21 20 06 39944.60000 9.07600000 1271.07000 148.99000 25.27600 99.88800
 4 3 21 20 07 39912.40000 9.07600000 1271.07000 148.99000 25.27600 99.88800
 4 3 21 20 07 39896.50000 9.07600000 1270.40000 148.86000 25.27600 99.58600
 4 3 21 20 07 39885.20000 9.07600000 1268.82000 148.86000 25.27600 99.58600
 4 3 21 20 08 39920.40000 9.07600000 1268.14000 148.63000 25.27600 99.58600
 4 3 21 20 08 39814.20000 9.03100000 1265.08000 148.57000 25.13400 99.58600
 4 3 21 20 09 39880.10000 9.03100000 1267.46000 148.51000 25.13400 99.58600
 4 3 21 20 09 39837.30000 9.03100000 1265.34000 148.46000 25.13400 99.58600
 4 3 21 20 10 39848.30000 9.03100000 1265.60000 148.45000 25.13400 99.58600
 4 3 21 20 10 39753.70000 8.99000000 1262.27000 148.23000 25.13400 99.27800
 4 3 21 20 10 39781.80000 8.99000000 1263.03000 148.19000 25.13400 99.27800
 4 3 21 20 11 39779.80000 8.98100000 1263.29000 148.26000 25.13400 99.27800
 4 3 21 20 11 39799.30000 8.98100000 1264.38000 148.49000 25.13400 99.27800
 4 3 21 20 12 39792.60000 8.98100000 1262.70000 148.29000 25.13400 98.93700
 4 3 21 20 12 39774.00000 8.98100000 1260.30000 148.29000 25.13400 98.99700
 4 3 21 20 13 39788.50000 8.98100000 1260.27000 148.23000 25.13400 98.99700
 4 3 21 20 13 39792.00000 8.98100000 1260.57000 148.14000 25.13400 98.99700
 4 3 21 20 13 39860.90000 9.01000000 1261.70000 148.35000 25.13400 98.99700
 4 3 21 20 14 39900.10000 9.01000000 1264.06000 148.64000 25.13400 98.99700
 4 3 21 20 14 39912.50000 9.01000000 1263.51000 148.64000 25.13400 98.99700
 4 3 21 20 15 39952.20000 9.01000000 1265.99000 148.64000 25.13400 98.99700
 4 3 21 20 15 39915.80000 9.01000000 1265.90000 148.58000 25.13400 98.99700
