M=[
27 5 20 07 10 8071.70000 6.09500000 185.14000 38.79000 11.29900 41.24000
27 5 20 07 10 8059.60000 6.09500000 185.16000 38.79000 11.29900 41.24000
27 5 20 07 11 8069.00000 6.09500000 185.16000 38.75000 11.29900 41.24000
27 5 20 07 11 8068.10000 6.09500000 185.15000 38.75000 11.29900 41.24000
27 5 20 07 12 8070.20000 6.09500000 185.14000 38.75000 11.29900 41.24000
27 5 20 07 12 8068.70000 6.09500000 185.14000 38.76000 11.29900 41.24000
27 5 20 07 13 8068.80000 6.09500000 185.13000 38.76000 11.29900 41.24000
27 5 20 07 13 8068.70000 6.09500000 185.13000 38.76000 11.29900 41.24000
27 5 20 07 14 8068.00000 6.09500000 185.12000 38.75000 11.31200 40.79200
27 5 20 07 14 8068.20000 6.09500000 185.12000 38.74000 11.29200 41.24000
27 5 20 07 15 8070.50000 6.09500000 185.13000 38.74000 11.29200 41.14500
27 5 20 07 15 8070.50000 6.09500000 185.14000 38.78000 11.29200 41.13600
27 5 20 07 15 8075.10000 6.09500000 185.15000 38.78000 11.29200 41.13600
27 5 20 07 16 8073.10000 6.09500000 185.14000 38.74000 11.29200 41.13600
27 5 20 07 16 8073.10000 6.09500000 185.14000 38.78000 11.29200 41.13600
27 5 20 07 17 8074.50000 6.09500000 185.05000 38.78000 11.25600 41.13600
27 5 20 07 17 8074.60000 6.09500000 185.04000 38.78000 11.25600 41.13600
27 5 20 07 18 8074.60000 6.09500000 185.15000 38.78000 11.25600 41.13600
27 5 20 07 18 8074.70000 6.09500000 185.15000 38.74000 11.25600 41.13600
27 5 20 07 19 8074.60000 6.09500000 185.17000 38.74000 11.25600 41.13600
27 5 20 07 19 8074.70000 6.09500000 185.11000 38.76000 11.25600 41.13600
27 5 20 07 20 8074.60000 6.09500000 185.11000 38.76000 11.25600 41.13600
27 5 20 07 20 8081.10000 6.09500000 185.28000 38.76000 11.25600 41.13600
27 5 20 07 21 8082.00000 6.09500000 185.14000 38.76000 11.25600 41.13600
27 5 20 07 21 8080.00000 6.09500000 185.14000 38.76000 11.31200 41.13600
27 5 20 07 22 8081.40000 6.09500000 185.11000 38.76000 11.25600 41.13600
27 5 20 07 22 8082.10000 6.09500000 185.14000 38.76000 11.25600 41.13600
27 5 20 07 22 8082.10000 6.09500000 185.14000 38.76000 11.25600 41.13600
27 5 20 07 23 8080.50000 6.09500000 185.31000 38.76000 11.25600 41.13600
27 5 20 07 23 8080.20000 6.09500000 185.27000 38.79000 11.25600 41.13600
27 5 20 07 24 8080.30000 6.09500000 185.46000 38.79000 11.25600 41.13600
27 5 20 07 24 8080.30000 6.09500000 185.46000 38.79000 11.25600 41.13600
27 5 20 07 25 8082.20000 6.09500000 185.46000 38.76000 11.25600 41.13600
27 5 20 07 25 8081.90000 6.09500000 185.46000 38.79000 11.25600 41.13600
27 5 20 07 26 8081.90000 6.09500000 185.46000 38.74000 11.25600 41.13600
27 5 20 07 26 8082.00000 6.09500000 185.46000 38.79000 11.25600 41.13600
27 5 20 07 26 8082.00000 6.09500000 185.46000 38.79000 11.29900 41.13600
27 5 20 07 27 8081.90000 6.09500000 185.44000 38.79000 11.25600 41.13600
27 5 20 07 27 8079.20000 6.09500000 185.44000 38.79000 11.25600 41.13600
27 5 20 07 28 8079.30000 6.09500000 185.39000 38.79000 11.25600 41.13600
27 5 20 07 28 8079.20000 6.09500000 185.39000 38.76000 11.25600 41.13600
27 5 20 07 29 8079.30000 6.09500000 185.39000 38.79000 11.25600 41.13600
27 5 20 07 29 8079.30000 6.09500000 185.45000 38.79000 11.25600 41.14500
27 5 20 07 30 8082.50000 6.09500000 185.44000 38.79000 11.25600 41.13600
27 5 20 07 30 8083.20000 6.09500000 185.48000 38.79000 11.25600 41.19700
27 5 20 07 31 8083.20000 6.09500000 185.48000 38.80000 11.25600 41.19700
27 5 20 07 31 8083.20000 6.09500000 185.49000 38.80000 11.25600 41.19700
27 5 20 07 31 8082.90000 6.09500000 185.49000 38.80000 11.25600 41.19700
27 5 20 07 32 8080.20000 6.09500000 185.49000 38.74000 11.29200 41.19700
27 5 20 07 32 8080.90000 6.09500000 185.48000 38.80000 11.25600 41.19700
27 5 20 07 33 8082.40000 6.09500000 185.50000 38.80000 11.25600 41.19700
27 5 20 07 33 8082.60000 6.09500000 185.50000 38.80000 11.25600 41.19700
27 5 20 07 34 8081.70000 6.09500000 185.49000 38.80000 11.29200 41.19700
27 5 20 07 34 8083.20000 6.09500000 185.50000 38.80000 11.25600 41.19700
27 5 20 07 35 8083.20000 6.09500000 185.50000 38.81000 11.25600 41.14500
27 5 20 07 35 8084.90000 6.09500000 185.50000 38.81000 11.25600 41.19700
27 5 20 07 36 8084.90000 6.09500000 185.50000 38.81000 11.25600 41.19700
27 5 20 07 36 8088.30000 6.09500000 185.50000 38.81000 11.25600 41.19700
27 5 20 07 36 8088.40000 6.09500000 185.43000 38.81000 11.25600 41.19700
27 5 20 07 37 8087.40000 6.09500000 185.42000 38.82000 11.25600 41.19700
27 5 20 07 37 8087.00000 6.09500000 185.42000 38.82000 11.25600 41.19700
27 5 20 07 38 8086.70000 6.09500000 185.42000 38.79000 11.25600 41.19700
27 5 20 07 38 8086.70000 6.09500000 185.42000 38.82000 11.25600 41.19700
27 5 20 07 39 8087.10000 6.09500000 185.45000 38.82000 11.25600 41.18800
27 5 20 07 39 8087.50000 6.09500000 185.44000 38.82000 11.31200 41.18800
27 5 20 07 40 8088.00000 6.09500000 185.44000 38.82000 11.25600 41.18800
27 5 20 07 40 8087.90000 6.09500000 185.41000 38.81000 11.25600 41.18800
27 5 20 07 40 8087.90000 6.09500000 185.41000 38.81000 11.31200 41.18800
27 5 20 07 41 8087.90000 6.09500000 185.42000 38.81000 11.29900 41.18800
27 5 20 07 41 8088.00000 6.09500000 185.50000 38.82000 11.29900 41.12400
27 5 20 07 42 8088.10000 6.12600000 185.50000 38.81000 11.25600 41.12400
27 5 20 07 42 8088.10000 6.12600000 185.50000 38.81000 11.25600 41.12400
27 5 20 07 43 8088.30000 6.12600000 185.49000 38.82000 11.29200 41.12400
27 5 20 07 43 8088.40000 6.12600000 185.49000 38.81000 11.25600 41.12400
27 5 20 07 44 8090.80000 6.12600000 185.50000 38.82000 11.25600 41.12400
27 5 20 07 44 8089.20000 6.12600000 185.50000 38.82000 11.25600 41.18800
27 5 20 07 45 8089.20000 6.12600000 185.50000 38.82000 11.25600 41.12400
27 5 20 07 45 8089.20000 6.12600000 185.50000 38.82000 11.25600 41.12400
27 5 20 07 45 8089.30000 6.12600000 185.50000 38.82000 11.31200 41.12400
27 5 20 07 46 8089.40000 6.12600000 185.50000 38.81000 11.29200 41.12400
27 5 20 07 46 8089.40000 6.12600000 185.59000 38.82000 11.25600 41.18800
27 5 20 07 47 8090.60000 6.12600000 185.59000 38.82000 11.29200 41.12400
27 5 20 07 47 8089.30000 6.12600000 185.50000 38.82000 11.25600 41.12400
27 5 20 07 48 8089.10000 6.12600000 185.48000 38.82000 11.29400 41.12400
27 5 20 07 48 8089.20000 6.12600000 185.40000 38.82000 11.29400 41.12400
27 5 20 07 49 8089.10000 6.09500000 185.40000 38.82000 11.29400 41.12400
27 5 20 07 49 8089.10000 6.12600000 185.40000 38.82000 11.29400 41.12400
27 5 20 07 50 8089.20000 6.12600000 185.44000 38.80000 11.29400 41.12400
27 5 20 07 50 8089.20000 6.12600000 185.49000 38.81000 11.29400 41.12400
27 5 20 07 50 8089.20000 6.09500000 185.49000 38.80000 11.29400 41.12400
27 5 20 07 51 8089.20000 6.12600000 185.46000 38.80000 11.29200 41.12400
27 5 20 07 51 8089.20000 6.12600000 185.46000 38.80000 11.29400 41.12400
27 5 20 07 52 8089.20000 6.12600000 185.37000 38.81000 11.29400 41.12400
27 5 20 07 52 8089.20000 6.09500000 185.37000 38.80000 11.29400 41.12400
27 5 20 07 53 8088.00000 6.12600000 185.37000 38.75000 11.29400 41.12400
27 5 20 07 53 8088.10000 6.12600000 185.37000 38.75000 11.29400 41.12400
27 5 20 07 54 8088.00000 6.12600000 185.28000 38.75000 11.29400 41.12400
27 5 20 07 54 8088.10000 6.09500000 185.28000 38.75000 11.29400 41.18800
27 5 20 07 54 8088.10000 6.12600000 185.28000 38.77000 11.29900 41.12400
27 5 20 07 55 8088.00000 6.12600000 185.28000 38.77000 11.29900 41.12400
27 5 20 07 55 8088.00000 6.12600000 185.28000 38.77000 11.29200 41.12400
27 5 20 07 56 8088.00000 6.12600000 185.28000 38.77000 11.29200 41.12400
27 5 20 07 56 8088.00000 6.12600000 185.28000 38.77000 11.29400 41.12400
27 5 20 07 57 8088.10000 6.12600000 185.28000 38.77000 11.29900 41.12400
27 5 20 07 57 8088.10000 6.12600000 185.28000 38.75000 11.29400 41.12400
27 5 20 07 58 8088.10000 6.12600000 185.28000 38.77000 11.29400 41.12400
27 5 20 07 58 8088.00000 6.10800000 185.37000 38.73000 11.29400 41.12400
27 5 20 07 58 8088.10000 6.10800000 185.38000 38.73000 11.29400 41.12400
27 5 20 07 59 8083.20000 6.10800000 185.38000 38.73000 11.29400 41.12400
