M=[
24 4 20 13 03 6948.00000 5.19700000 173.39000 40.89000 9.32700 41.43000
24 4 20 13 03 6948.60000 5.19700000 173.42000 40.93000 9.32700 41.43000
24 4 20 13 04 6948.60000 5.19700000 173.45000 40.88000 9.32700 41.43000
24 4 20 13 04 6948.60000 5.20300000 173.46000 40.89000 9.32700 41.43000
24 4 20 13 05 6948.50000 5.19700000 173.46000 40.89000 9.32700 41.43000
24 4 20 13 05 6948.50000 5.19700000 173.46000 40.88000 9.32700 41.43000
24 4 20 13 06 6948.50000 5.19700000 173.51000 40.88000 9.32700 41.43000
24 4 20 13 06 6948.60000 5.19700000 173.60000 40.88000 9.32700 41.43000
24 4 20 13 07 6956.40000 5.19700000 173.61000 40.88000 9.32700 41.43000
24 4 20 13 07 6953.90000 5.19700000 173.68000 40.99000 9.32700 41.43000
24 4 20 13 07 6953.90000 5.19700000 173.68000 41.00000 9.32700 41.43000
24 4 20 13 08 6954.00000 5.19700000 173.62000 41.00000 9.32700 41.43000
24 4 20 13 08 6954.60000 5.19700000 173.65000 41.00000 9.32700 41.43000
24 4 20 13 09 6956.70000 5.19700000 173.79000 41.00000 9.32700 41.43000
24 4 20 13 09 6957.50000 5.19700000 173.79000 40.98000 9.32700 41.43000
24 4 20 13 10 6959.70000 5.19700000 173.80000 40.98000 9.32700 41.43000
24 4 20 13 10 6958.40000 5.19700000 173.82000 40.98000 9.32700 41.32000
24 4 20 13 11 6952.20000 5.19700000 173.53000 40.98000 9.32700 41.43000
24 4 20 13 11 6948.60000 5.19700000 173.40000 40.84000 9.32700 41.43000
24 4 20 13 12 6946.00000 5.19700000 173.16000 40.84000 9.32700 41.43000
24 4 20 13 12 6946.00000 5.20300000 173.16000 40.84000 9.32700 41.43000
24 4 20 13 12 6943.30000 5.19700000 173.31000 40.84000 9.28600 41.43000
24 4 20 13 13 6940.20000 5.19700000 173.26000 40.86000 9.32700 41.43000
24 4 20 13 13 6941.60000 5.19700000 173.30000 40.86000 9.32700 41.43000
24 4 20 13 14 6942.50000 5.19700000 173.30000 40.86000 9.32700 41.43000
24 4 20 13 14 6943.20000 5.19700000 173.29000 40.86000 9.32700 41.43000
24 4 20 13 15 6942.80000 5.19700000 173.28000 40.86000 9.32700 41.43000
24 4 20 13 15 6942.20000 5.19700000 173.10000 40.80000 9.31600 41.43000
24 4 20 13 16 6942.20000 5.19700000 173.16000 40.80000 9.31600 41.43000
24 4 20 13 16 6942.20000 5.19700000 173.16000 40.80000 9.31600 41.43000
24 4 20 13 16 6942.10000 5.19700000 173.13000 40.74000 9.31600 41.43000
24 4 20 13 17 6942.10000 5.19700000 173.13000 40.74000 9.31600 41.43000
24 4 20 13 17 6942.10000 5.19700000 173.12000 40.74000 9.31600 41.43000
24 4 20 13 18 6942.10000 5.19700000 173.17000 40.74000 9.31600 41.43000
24 4 20 13 18 6942.10000 5.19700000 173.17000 40.72000 9.31600 41.43000
24 4 20 13 19 6942.10000 5.19700000 173.21000 40.72000 9.28600 41.43000
24 4 20 13 19 6943.30000 5.19700000 173.19000 40.77000 9.32700 41.43000
24 4 20 13 20 6943.30000 5.19700000 173.18000 40.77000 9.31600 41.43000
24 4 20 13 20 6943.20000 5.19700000 173.18000 40.77000 9.31600 41.43000
24 4 20 13 21 6943.30000 5.19700000 173.04000 40.77000 9.31600 41.43000
24 4 20 13 21 6943.40000 5.19700000 173.21000 40.73000 9.32700 41.43000
24 4 20 13 21 6943.40000 5.19700000 173.20000 40.73000 9.31600 41.43000
24 4 20 13 22 6944.20000 5.19700000 173.37000 40.73000 9.31600 41.43000
24 4 20 13 22 6947.40000 5.19700000 173.47000 40.80000 9.31600 41.43000
24 4 20 13 23 6948.40000 5.19700000 173.50000 40.81000 9.31600 41.43000
24 4 20 13 23 6950.60000 5.19700000 173.50000 40.80000 9.31600 41.43000
24 4 20 13 24 6952.20000 5.19700000 173.50000 40.82000 9.31600 41.43000
24 4 20 13 24 6952.20000 5.18000000 173.50000 40.82000 9.31600 41.43000
24 4 20 13 25 6953.40000 5.18000000 173.50000 40.80000 9.31600 41.43000
24 4 20 13 25 6954.40000 5.18000000 173.59000 40.81000 9.31600 41.43000
24 4 20 13 25 6954.50000 5.18000000 173.60000 40.80000 9.31600 41.43000
24 4 20 13 26 6955.00000 5.18000000 173.59000 40.80000 9.31600 41.43000
24 4 20 13 26 6954.60000 5.18000000 173.59000 40.91000 9.31600 41.43000
24 4 20 13 27 6955.00000 5.18000000 173.62000 40.91000 9.31600 41.43000
24 4 20 13 27 6956.40000 5.18000000 173.62000 40.80000 9.31600 41.43000
24 4 20 13 28 6955.60000 5.18000000 173.54000 40.91000 9.31600 41.43000
24 4 20 13 28 6956.20000 5.18000000 173.52000 40.91000 9.31600 41.43000
24 4 20 13 29 6956.50000 5.18000000 173.52000 40.91000 9.31600 41.43000
24 4 20 13 29 6956.70000 5.18000000 173.55000 40.90000 9.31600 41.43000
24 4 20 13 29 6956.70000 5.18000000 173.60000 40.90000 9.31600 41.43000
24 4 20 13 30 6957.80000 5.18000000 173.66000 40.90000 9.31600 41.43000
24 4 20 13 30 6958.10000 5.18000000 173.63000 40.90000 9.31600 41.43000
24 4 20 13 31 6958.00000 5.18000000 173.65000 40.90000 9.31600 41.43000
24 4 20 13 31 6956.80000 5.18000000 173.59000 40.90000 9.31600 41.47300
24 4 20 13 32 6956.40000 5.18000000 173.59000 40.90000 9.31000 41.47300
24 4 20 13 32 6956.50000 5.18000000 173.53000 40.90000 9.31100 41.47300
24 4 20 13 33 6954.00000 5.18000000 173.43000 40.89000 9.31100 41.47300
24 4 20 13 33 6953.10000 5.18000000 173.34000 40.83000 9.31100 41.47300
24 4 20 13 33 6953.00000 5.18000000 173.35000 40.83000 9.31100 41.34300
24 4 20 13 34 6953.60000 5.18000000 173.47000 40.83000 9.31100 41.34300
24 4 20 13 34 6953.60000 5.18000000 173.47000 40.83000 9.31100 41.43000
24 4 20 13 35 6953.60000 5.18000000 173.48000 40.83000 9.31100 41.34300
24 4 20 13 35 6953.60000 5.18000000 173.47000 40.83000 9.31100 41.34300
24 4 20 13 36 6953.60000 5.18000000 173.47000 40.83000 9.31100 41.34300
24 4 20 13 36 6953.60000 5.18000000 173.47000 40.83000 9.30400 41.34300
24 4 20 13 37 6953.60000 5.18000000 173.35000 40.83000 9.30300 41.34300
24 4 20 13 37 6953.30000 5.18000000 173.54000 40.83000 9.30400 41.34300
24 4 20 13 37 6953.10000 5.18000000 173.48000 40.83000 9.30000 41.34300
24 4 20 13 38 6949.20000 5.18000000 173.48000 40.83000 9.31000 41.34300
24 4 20 13 38 6950.10000 5.18000000 173.54000 40.82000 9.43600 41.34300
24 4 20 13 39 6950.30000 5.18000000 173.54000 40.82000 9.43600 41.34300
24 4 20 13 39 6950.30000 5.18000000 173.53000 40.81000 9.43600 41.34300
24 4 20 13 40 6950.20000 5.18000000 173.54000 40.81000 9.43600 41.34300
24 4 20 13 40 6950.20000 5.18000000 173.46000 40.81000 9.43600 41.34300
24 4 20 13 41 6950.10000 5.18300000 173.46000 40.81000 9.43600 41.34300
24 4 20 13 41 6950.20000 5.18300000 173.40000 40.78000 9.43600 41.34300
24 4 20 13 41 6945.20000 5.18300000 173.36000 40.74000 9.43600 41.34300
24 4 20 13 42 6945.40000 5.17700000 173.49000 40.74000 9.31100 41.34300
24 4 20 13 42 6946.20000 5.17700000 173.51000 40.74000 9.31100 41.34300
24 4 20 13 43 6952.20000 5.19000000 173.72000 40.74000 9.31100 41.34300
24 4 20 13 43 6948.90000 5.17700000 173.53000 40.74000 9.31100 41.34300
24 4 20 13 44 6948.10000 5.19000000 173.53000 40.74000 9.31100 41.34300
24 4 20 13 44 6946.80000 5.19000000 173.52000 40.74000 9.31100 41.34300
24 4 20 13 45 6949.70000 5.19000000 173.62000 40.79000 9.30100 41.34300
24 4 20 13 45 6948.80000 5.19000000 173.61000 40.88000 9.30100 41.34300
24 4 20 13 46 6952.10000 5.19000000 173.61000 40.87000 9.30100 41.34300
24 4 20 13 46 6952.10000 5.19000000 173.62000 40.87000 9.30100 41.34300
24 4 20 13 46 6951.00000 5.19000000 173.62000 40.78000 9.30100 41.34300
24 4 20 13 47 6947.80000 5.19000000 173.56000 40.78000 9.30100 41.34300
24 4 20 13 47 6945.00000 5.19000000 173.53000 40.78000 9.30100 41.34300
24 4 20 13 48 6945.10000 5.19000000 173.52000 40.78000 9.30100 41.34300
24 4 20 13 48 6945.30000 5.19000000 173.51000 40.78000 9.30100 41.32500
24 4 20 13 49 6945.10000 5.19000000 173.47000 40.78000 9.30100 41.32500
24 4 20 13 49 6945.00000 5.19000000 173.43000 40.78000 9.30500 41.32500
24 4 20 13 50 6944.20000 5.19000000 173.40000 40.73000 9.30500 41.32500
24 4 20 13 50 6943.50000 5.19000000 173.43000 40.72000 9.30500 41.32500
24 4 20 13 51 6942.10000 5.19000000 173.13000 40.72000 9.30800 41.32500
24 4 20 13 51 6942.50000 5.19000000 173.25000 40.73000 9.30800 41.32500
24 4 20 13 52 6942.50000 5.19000000 173.27000 40.72000 9.30800 41.32500
24 4 20 13 52 6942.50000 5.19000000 173.25000 40.71000 9.30800 41.32500
24 4 20 13 52 6945.40000 5.17400000 173.27000 40.71000 9.30800 41.32500
