M=[
13 1 21 10 23 28513.30000 6.00900000 890.00000 113.72000 15.75000 86.95200
13 1 21 10 24 28494.00000 6.01000000 889.64000 113.72000 15.75000 86.36100
13 1 21 10 24 28527.90000 6.01000000 891.04000 113.73000 15.75000 86.04700
13 1 21 10 24 28511.50000 6.01000000 891.57000 113.72000 15.75000 86.04700
13 1 21 10 25 28528.00000 6.01000000 892.31000 113.74000 15.75000 86.04700
13 1 21 10 25 28529.70000 6.01000000 892.46000 114.07000 15.75000 86.04700
13 1 21 10 26 28505.10000 6.01000000 890.95000 113.93000 15.75000 86.04700
13 1 21 10 26 28514.60000 6.01000000 892.21000 114.01000 15.75000 86.04700
13 1 21 10 27 28529.70000 6.01000000 892.94000 114.04000 15.75000 86.04700
13 1 21 10 27 28550.00000 6.01000000 893.66000 114.04000 15.75000 86.04700
13 1 21 10 27 28549.90000 6.01000000 894.57000 114.03000 15.75000 86.75900
13 1 21 10 28 28518.70000 6.01000000 892.27000 113.93000 15.75000 86.49400
13 1 21 10 28 28549.80000 6.01000000 891.71000 113.92000 15.75000 86.49400
13 1 21 10 29 28490.10000 6.01000000 890.01000 113.56000 15.75000 86.49400
13 1 21 10 29 28509.10000 6.01000000 891.18000 113.68000 15.75000 86.49400
13 1 21 10 30 28514.70000 6.01000000 891.90000 113.87000 15.75000 87.06000
13 1 21 10 30 28599.20000 6.01000000 894.18000 114.16000 15.75000 87.58300
13 1 21 10 30 28685.00000 6.01000000 897.30000 114.32000 15.75000 87.59800
13 1 21 10 31 28690.90000 6.01000000 895.82000 114.36000 15.75000 87.77300
13 1 21 10 31 28719.00000 6.01000000 895.44000 114.47000 15.75000 87.98100
13 1 21 10 32 28700.20000 6.01000000 895.45000 114.45000 15.75000 88.15300
13 1 21 10 32 28706.40000 6.01000000 895.57000 114.16000 15.75000 88.15300
13 1 21 10 33 28736.10000 6.01000000 895.70000 114.32000 15.75000 88.15300
13 1 21 10 33 28677.30000 6.01000000 894.22000 114.13000 15.75000 88.15300
13 1 21 10 33 28588.60000 6.01000000 892.90000 113.99000 15.75000 88.00000
13 1 21 10 34 28459.40000 6.01000000 888.19000 113.42000 15.76900 87.79100
13 1 21 10 34 28419.00000 6.01500000 885.62000 112.96000 15.76900 87.79100
13 1 21 10 35 28366.00000 6.01500000 885.01000 112.82000 15.76900 86.82500
13 1 21 10 35 28445.70000 6.01500000 886.31000 112.91000 15.76900 86.84500
13 1 21 10 36 28400.00000 5.99200000 885.60000 112.93000 15.76800 87.06400
13 1 21 10 36 28400.00000 5.99200000 886.15000 113.00000 15.76800 87.06400
13 1 21 10 36 28461.20000 5.99200000 887.49000 113.00000 15.76800 87.37000
13 1 21 10 37 28369.10000 5.99200000 884.43000 112.87000 15.76800 87.37000
13 1 21 10 37 28387.70000 5.99200000 885.94000 113.00000 15.76800 87.37000
13 1 21 10 38 28379.90000 5.99200000 885.34000 112.95000 15.76800 87.24000
13 1 21 10 38 28368.00000 5.99200000 885.88000 112.94000 15.76800 87.24000
13 1 21 10 39 28355.10000 5.99200000 885.02000 112.94000 15.76800 87.24000
13 1 21 10 39 28353.90000 5.99800000 884.57000 112.78000 15.76800 87.24000
13 1 21 10 39 28377.40000 5.99800000 885.48000 112.83000 15.76800 87.24000
13 1 21 10 40 28370.10000 5.99800000 885.29000 112.83000 15.76800 86.75100
13 1 21 10 40 28361.30000 5.99800000 884.35000 112.78000 15.76800 86.75100
13 1 21 10 41 28372.70000 5.99800000 885.29000 112.79000 15.76800 86.75100
13 1 21 10 41 28392.30000 5.99800000 885.86000 112.92000 15.76800 86.78000
13 1 21 10 42 28420.00000 5.99800000 886.55000 112.95000 15.76800 86.78000
13 1 21 10 42 28424.40000 5.99800000 887.33000 113.00000 15.76800 87.23800
13 1 21 10 42 28413.40000 5.99800000 887.00000 112.99000 15.76800 87.23800
13 1 21 10 43 28400.00000 6.00000000 886.87000 112.79000 15.76800 87.10700
13 1 21 10 43 28473.90000 6.00000000 887.62000 113.03000 15.76800 87.32200
13 1 21 10 44 28464.50000 6.00000000 886.41000 112.94000 15.76800 87.30800
13 1 21 10 44 28471.00000 6.01600000 887.88000 113.07000 15.76800 87.30800
13 1 21 10 45 28418.10000 6.01600000 885.37000 113.06000 15.76800 87.66400
13 1 21 10 45 28428.40000 6.01600000 885.37000 113.14000 15.76800 87.66400
13 1 21 10 45 28458.70000 6.01600000 886.03000 113.14000 15.76800 87.73000
13 1 21 10 46 28481.60000 6.03300000 886.19000 113.14000 15.76800 88.01800
13 1 21 10 46 28480.20000 6.03300000 886.64000 113.14000 15.76800 88.22500
13 1 21 10 47 28447.70000 6.03300000 886.03000 113.32000 15.76800 87.95500
13 1 21 10 47 28400.00000 6.03300000 885.00000 113.34000 15.76800 87.83400
13 1 21 10 48 28390.00000 6.03300000 884.32000 113.09000 15.76800 87.91700
13 1 21 10 48 28394.80000 6.03300000 883.35000 113.22000 15.76800 87.92700
13 1 21 10 48 28393.90000 6.03300000 883.04000 113.03000 15.76800 87.92700
13 1 21 10 49 28394.60000 6.03300000 883.74000 113.03000 15.76800 87.92700
13 1 21 10 49 28402.40000 6.03300000 882.98000 112.88000 15.76800 87.92700
13 1 21 10 50 28394.70000 6.03300000 882.23000 113.20000 15.76800 87.92700
13 1 21 10 50 28382.50000 6.03300000 881.11000 113.11000 15.76800 87.66100
13 1 21 10 51 28408.20000 6.03300000 881.38000 113.17000 15.76800 87.40000
13 1 21 10 51 28408.30000 6.04100000 883.04000 113.17000 15.76800 87.47800
13 1 21 10 51 28400.00000 6.04100000 882.52000 113.17000 15.76800 87.50900
13 1 21 10 52 28472.40000 6.05000000 884.41000 113.32000 15.76800 87.50900
13 1 21 10 52 28436.80000 6.05000000 883.50000 113.32000 15.76800 87.50900
13 1 21 10 53 28435.10000 6.05000000 883.48000 113.21000 15.76800 87.50900
13 1 21 10 53 28425.00000 6.05000000 882.34000 113.07000 15.76800 87.50900
13 1 21 10 54 28468.60000 6.05000000 884.75000 113.40000 15.76800 87.50900
13 1 21 10 54 28554.00000 6.05000000 886.49000 113.50000 15.76800 87.66200
13 1 21 10 54 28564.70000 6.05000000 886.53000 113.68000 15.76800 87.66200
13 1 21 10 55 28573.10000 6.05000000 886.61000 113.67000 15.76800 87.76600
13 1 21 10 55 28588.30000 6.05000000 887.95000 113.67000 15.76800 88.02200
13 1 21 10 56 28586.50000 6.05000000 887.12000 113.74000 15.76800 88.02200
13 1 21 10 56 28570.00000 6.05000000 886.28000 113.69000 15.76800 88.01000
13 1 21 10 57 28609.90000 6.05000000 887.53000 113.74000 15.76800 88.01000
13 1 21 10 57 28582.40000 6.05000000 886.32000 113.80000 15.76800 88.01000
13 1 21 10 57 28589.70000 6.05000000 886.26000 113.80000 15.76800 87.91000
13 1 21 10 58 28583.10000 6.05000000 886.25000 113.81000 15.76800 88.02200
13 1 21 10 58 28568.50000 6.05000000 885.14000 113.81000 15.76800 88.02000
13 1 21 10 59 28680.10000 6.02600000 887.94000 113.81000 15.76800 88.02000
13 1 21 10 59 28654.50000 6.02600000 887.94000 113.89000 15.76800 87.94400
13 1 21 11 00 28669.20000 6.02600000 886.92000 113.89000 15.76800 87.94400
13 1 21 11 00 28654.60000 6.03500000 886.90000 113.89000 15.76800 87.53200
13 1 21 11 00 28640.20000 6.03500000 886.01000 113.89000 15.76800 87.53200
13 1 21 11 01 28658.40000 6.03500000 886.00000 113.88000 15.76800 87.53200
13 1 21 11 01 28649.40000 6.06000000 885.69000 113.88000 15.76800 87.27800
13 1 21 11 02 28613.90000 6.06000000 884.64000 113.80000 15.76800 87.27800
13 1 21 11 02 28607.50000 6.06000000 884.95000 113.93000 15.76800 87.27800
13 1 21 11 03 28596.30000 6.06000000 884.80000 113.95000 15.76800 87.31200
13 1 21 11 03 28616.10000 6.06600000 884.49000 114.02000 15.76800 87.31200
13 1 21 11 03 28594.90000 6.06600000 884.12000 114.02000 15.76800 87.31200
13 1 21 11 04 28611.70000 6.08200000 884.70000 114.02000 15.76800 87.52600
13 1 21 11 04 28613.80000 6.08200000 885.00000 114.02000 15.76800 87.69200
13 1 21 11 05 28630.00000 6.08200000 885.00000 114.05000 15.76800 87.69200
13 1 21 11 05 28614.00000 6.08200000 884.25000 114.05000 15.76800 87.69200
13 1 21 11 06 28450.10000 6.04400000 880.71000 113.90000 15.76800 87.66200
13 1 21 11 06 28479.60000 6.04400000 881.12000 113.55000 15.76800 87.33400
13 1 21 11 06 28450.90000 6.04400000 880.29000 113.64000 15.76800 87.37200
13 1 21 11 07 28424.00000 6.04400000 879.20000 113.64000 15.76800 87.37200
13 1 21 11 07 28427.90000 6.04400000 877.37000 113.44000 15.76800 87.37200
13 1 21 11 08 28458.10000 6.04400000 879.19000 113.43000 15.76800 87.07400
13 1 21 11 08 28469.20000 6.04400000 879.07000 113.53000 15.76800 87.07400
