M=[
 8 1 21 21 53 32331.10000 5.54000000 964.79000 137.43000 14.54200 55.02400
 8 1 21 21 54 32287.80000 5.54000000 964.40000 137.19000 14.54200 55.02400
 8 1 21 21 54 32310.60000 5.54000000 964.92000 137.19000 14.76800 55.13100
 8 1 21 21 55 32310.60000 5.54000000 964.92000 137.25000 14.76800 55.13100
 8 1 21 21 55 32297.10000 5.54000000 964.92000 137.06000 14.76800 55.13100
 8 1 21 21 55 32290.60000 5.54000000 963.60000 137.01000 14.76800 55.13100
 8 1 21 21 56 32252.80000 5.54000000 962.21000 136.87000 14.76800 55.08000
 8 1 21 21 56 32277.20000 5.54000000 960.65000 136.87000 14.76800 54.95300
 8 1 21 21 57 32363.30000 5.54000000 962.42000 137.06000 14.76800 54.97100
 8 1 21 21 57 32450.00000 5.54000000 966.85000 137.64000 14.65000 55.20600
 8 1 21 21 58 32490.00000 5.54000000 968.27000 137.66000 14.65000 55.20600
 8 1 21 21 58 32526.10000 5.54000000 968.43000 137.90000 14.65000 55.20600
 8 1 21 21 58 32508.20000 5.51000000 969.23000 137.67000 14.65000 55.22800
 8 1 21 21 59 32508.10000 5.51000000 968.66000 137.67000 14.65000 55.22800
 8 1 21 21 59 32550.00000 5.51000000 968.99000 137.67000 14.65000 55.22800
 8 1 21 22 00 32559.40000 5.51000000 970.18000 137.67000 14.65000 55.22800
 8 1 21 22 00 32504.60000 5.51000000 967.97000 137.67000 14.65000 55.33300
 8 1 21 22 01 32534.10000 5.51000000 968.62000 137.67000 14.77100 55.33300
 8 1 21 22 01 32536.50000 5.51000000 968.62000 137.92000 14.77100 55.33300
 8 1 21 22 01 32518.60000 5.49700000 967.85000 137.92000 14.77100 55.33300
 8 1 21 22 02 32469.80000 5.49700000 964.39000 137.92000 14.77100 55.33300
 8 1 21 22 02 32473.20000 5.49700000 963.25000 137.55000 14.77100 55.33300
 8 1 21 22 03 32531.80000 5.52600000 964.24000 137.55000 14.77100 55.33300
 8 1 21 22 03 32510.00000 5.52600000 964.21000 137.66000 14.77100 55.30900
 8 1 21 22 04 32509.00000 5.52600000 963.74000 137.46000 14.77100 55.30900
 8 1 21 22 04 32485.20000 5.52600000 962.44000 137.06000 14.77100 55.13200
 8 1 21 22 04 32528.80000 5.52600000 965.42000 137.34000 14.77100 55.15000
 8 1 21 22 05 32540.70000 5.52600000 966.05000 137.47000 14.77100 55.20800
 8 1 21 22 05 32595.80000 5.50100000 967.67000 137.31000 14.77100 55.20700
 8 1 21 22 06 32619.40000 5.50100000 968.03000 137.95000 14.77100 55.14000
 8 1 21 22 06 32628.80000 5.50100000 967.17000 137.95000 14.77100 55.16300
 8 1 21 22 07 32616.00000 5.50100000 966.01000 137.78000 14.77100 55.09000
 8 1 21 22 07 32600.10000 5.50100000 965.11000 137.58000 14.77100 55.09000
 8 1 21 22 07 32556.70000 5.50100000 964.80000 137.58000 14.77100 55.09000
 8 1 21 22 08 32520.70000 5.50100000 962.43000 137.26000 14.77100 54.97000
 8 1 21 22 08 32532.30000 5.50100000 962.28000 137.25000 14.77100 54.95500
 8 1 21 22 09 32508.50000 5.50100000 958.82000 137.00000 14.77100 54.96500
 8 1 21 22 09 32600.00000 5.50100000 960.68000 136.96000 14.77100 54.96500
 8 1 21 22 10 32605.10000 5.50100000 962.51000 136.96000 14.77200 54.96500
 8 1 21 22 10 32541.90000 5.50100000 962.65000 136.96000 14.77200 54.96500
 8 1 21 22 10 32515.30000 5.50100000 961.89000 136.96000 14.77200 54.96500
 8 1 21 22 11 32570.60000 5.50100000 961.89000 136.96000 14.77200 54.96500
 8 1 21 22 11 32596.90000 5.50100000 964.31000 137.00000 14.77200 54.96500
 8 1 21 22 12 32594.90000 5.50100000 964.16000 137.00000 14.77200 54.99000
 8 1 21 22 12 32559.70000 5.50100000 962.92000 137.08000 14.68300 55.06800
 8 1 21 22 13 32410.00000 5.50100000 959.34000 136.96000 14.68300 55.06800
 8 1 21 22 13 32495.00000 5.50100000 961.33000 136.96000 14.68300 55.06800
 8 1 21 22 13 32443.10000 5.50100000 958.30000 137.06000 14.68300 55.06800
 8 1 21 22 14 32460.30000 5.50100000 956.99000 137.06000 14.68300 55.06800
 8 1 21 22 14 32493.00000 5.50100000 957.34000 136.98000 14.68300 55.06800
 8 1 21 22 15 32480.00000 5.50100000 955.60000 136.88000 14.68700 55.06800
 8 1 21 22 15 32450.10000 5.50100000 955.74000 136.88000 14.64300 54.90600
 8 1 21 22 16 32458.40000 5.50100000 956.01000 136.92000 14.64300 54.90600
 8 1 21 22 16 32426.10000 5.50100000 953.21000 136.83000 14.64300 54.70500
 8 1 21 22 16 32426.10000 5.50100000 954.59000 136.83000 14.64300 54.70500
 8 1 21 22 17 32427.20000 5.50100000 955.69000 136.83000 14.64300 54.70500
 8 1 21 22 17 32425.10000 5.43600000 955.76000 137.01000 14.63200 54.70500
 8 1 21 22 18 32466.10000 5.43600000 956.07000 137.45000 14.63300 54.70500
 8 1 21 22 18 32464.60000 5.43600000 956.46000 137.43000 14.63300 54.91000
 8 1 21 22 19 32425.10000 5.43600000 955.00000 137.43000 14.63300 54.91000
 8 1 21 22 19 32366.90000 5.43600000 953.22000 137.43000 14.63300 54.91000
 8 1 21 22 19 32390.00000 5.43600000 952.85000 137.25000 14.63000 54.91000
 8 1 21 22 20 32356.80000 5.43600000 947.42000 137.20000 14.63000 54.91000
 8 1 21 22 20 32334.00000 5.46600000 948.29000 136.94000 14.63100 54.91000
 8 1 21 22 21 32320.20000 5.47200000 947.86000 136.81000 14.63300 54.68000
 8 1 21 22 21 32421.20000 5.47200000 948.49000 136.96000 14.63300 54.73600
 8 1 21 22 22 32402.50000 5.47200000 950.05000 136.96000 14.63300 54.73600
 8 1 21 22 22 32458.00000 5.47200000 950.93000 136.96000 14.63300 54.73600
 8 1 21 22 22 32545.60000 5.47200000 952.92000 137.29000 14.63300 54.73600
 8 1 21 22 23 32614.10000 5.45400000 955.32000 137.43000 14.63300 54.73600
 8 1 21 22 23 32624.80000 5.45400000 955.57000 138.00000 14.63300 55.01000
 8 1 21 22 24 32571.70000 5.48900000 956.91000 138.19000 14.63300 55.14500
 8 1 21 22 24 32559.40000 5.48900000 956.15000 138.56000 14.63300 55.14500
 8 1 21 22 25 32562.20000 5.48900000 956.42000 138.56000 14.63000 55.14500
 8 1 21 22 25 32600.00000 5.48900000 958.92000 138.64000 14.63000 55.14500
 8 1 21 22 25 32599.00000 5.48900000 959.14000 138.74000 14.63000 55.14500
 8 1 21 22 26 32573.60000 5.48900000 959.67000 138.73000 14.64000 55.17000
 8 1 21 22 26 32623.30000 5.48900000 960.00000 138.89000 14.64000 55.17000
 8 1 21 22 27 32593.70000 5.48900000 960.00000 138.89000 14.64000 55.28500
 8 1 21 22 27 32569.20000 5.48900000 959.89000 138.89000 14.64000 55.28500
 8 1 21 22 28 32529.90000 5.48900000 960.00000 138.59000 14.64000 55.28500
 8 1 21 22 28 32508.90000 5.48900000 957.53000 138.36000 14.63000 55.28500
 8 1 21 22 28 32575.40000 5.48900000 958.68000 138.51000 14.63000 55.28500
 8 1 21 22 29 32567.60000 5.48900000 958.67000 138.76000 14.63000 55.28500
 8 1 21 22 29 32566.90000 5.48900000 959.39000 138.78000 14.63000 55.28500
 8 1 21 22 30 32577.10000 5.48900000 959.96000 138.95000 14.63000 55.32500
 8 1 21 22 30 32609.50000 5.48900000 961.50000 139.13000 14.63000 55.32500
 8 1 21 22 31 32629.00000 5.48900000 964.22000 139.22000 14.63000 55.32500
 8 1 21 22 31 32676.10000 5.48900000 967.00000 139.39000 14.63000 55.32500
 8 1 21 22 31 32720.10000 5.48900000 969.03000 139.38000 14.63000 55.32500
 8 1 21 22 32 32759.80000 5.48900000 968.64000 139.75000 14.63000 55.32500
 8 1 21 22 32 32799.90000 5.48900000 967.76000 139.82000 14.63000 55.32500
 8 1 21 22 33 32830.50000 5.48900000 969.52000 139.89000 14.63000 55.80700
 8 1 21 22 33 32782.10000 5.48900000 969.51000 139.91000 14.63000 55.80700
 8 1 21 22 34 32893.30000 5.48900000 969.47000 139.74000 14.63000 55.80700
 8 1 21 22 34 32852.30000 5.48900000 969.36000 139.28000 14.63000 55.80700
 8 1 21 22 34 32886.20000 5.48900000 970.99000 139.48000 14.63000 55.30000
 8 1 21 22 35 32948.70000 5.48900000 971.62000 139.48000 14.72600 55.52800
 8 1 21 22 35 32999.90000 5.48900000 976.81000 140.16000 14.72600 55.52800
 8 1 21 22 36 32981.60000 5.48900000 973.31000 140.42000 14.72600 55.55900
 8 1 21 22 36 32999.00000 5.48900000 973.34000 140.40000 14.72600 55.55900
 8 1 21 22 36 33088.50000 5.48900000 978.00000 140.39000 14.72600 55.57300
 8 1 21 22 37 33048.70000 5.48900000 977.99000 140.10000 14.72600 55.57300
 8 1 21 22 37 33024.50000 5.48900000 978.00000 140.10000 14.72600 55.57300
 8 1 21 22 38 32969.30000 5.48900000 977.10000 140.00000 14.72600 55.57300
 8 1 21 22 38 32961.30000 5.48900000 978.27000 140.12000 14.72600 55.57300
