M=[
16 4 21 09 42 50735.80000 25.16100000 1988.93000 231.41000 41.92500 204.64200
16 4 21 09 43 50779.70000 25.16700000 1991.58000 231.66000 41.92500 204.91000
16 4 21 09 43 50776.20000 25.16700000 1992.44000 231.75000 41.92500 204.91000
16 4 21 09 44 50708.50000 25.05000000 1987.58000 231.75000 41.92900 204.88100
16 4 21 09 44 50700.10000 25.05000000 1987.22000 231.33000 41.92900 204.88100
16 4 21 09 45 50700.00000 24.97300000 1984.61000 231.19000 41.92900 204.41500
16 4 21 09 45 50715.60000 24.97300000 1987.52000 231.59000 41.98000 204.41500
16 4 21 09 45 50740.00000 25.07400000 1989.71000 231.82000 41.98000 204.41500
16 4 21 09 46 50759.40000 25.07400000 1993.19000 232.44000 41.98000 204.81000
16 4 21 09 46 50790.10000 25.11500000 1992.61000 232.39000 41.98000 205.33200
16 4 21 09 47 50700.20000 25.11500000 1988.86000 231.41000 41.98000 205.33200
16 4 21 09 47 50731.40000 25.11500000 1991.15000 232.06000 41.98000 205.33200
16 4 21 09 48 50733.10000 25.07400000 1991.36000 231.97000 41.98000 205.33200
16 4 21 09 48 50744.20000 25.01200000 1993.54000 232.24000 41.98000 205.71200
16 4 21 09 48 50780.00000 25.01200000 1994.08000 232.61000 41.98000 205.71200
16 4 21 09 49 50795.50000 25.01200000 1993.79000 232.65000 41.98000 205.71200
16 4 21 09 49 50764.90000 25.01200000 1991.36000 232.35000 41.98000 205.71200
16 4 21 09 50 50750.10000 25.07100000 1991.41000 232.47000 41.98000 205.50000
16 4 21 09 50 50774.70000 25.27300000 1992.01000 232.34000 41.98000 205.50000
16 4 21 09 51 50777.20000 25.28300000 1993.00000 232.47000 41.98000 205.46400
16 4 21 09 51 50733.10000 25.25600000 1990.28000 232.44000 41.98000 205.46400
16 4 21 09 51 50647.30000 25.21700000 1989.88000 231.33000 41.98000 205.00000
16 4 21 09 52 50750.10000 25.21700000 1992.01000 232.16000 41.98000 204.90000
16 4 21 09 52 50779.90000 25.21700000 1996.04000 232.47000 41.98000 204.90000
16 4 21 09 53 50765.40000 25.24700000 1995.65000 232.73000 41.98000 204.90000
16 4 21 09 53 50824.00000 25.29200000 1996.99000 233.18000 41.98000 204.90000
16 4 21 09 54 50797.50000 25.33200000 1998.23000 233.14000 41.98000 204.90000
16 4 21 09 54 50842.60000 25.33200000 1999.84000 233.48000 41.98000 204.90000
16 4 21 09 54 50864.10000 25.41100000 2000.31000 233.93000 41.98000 205.00000
16 4 21 09 55 50868.60000 25.38900000 2001.70000 234.04000 42.00000 205.33200
16 4 21 09 55 50829.50000 25.38900000 1999.67000 233.86000 42.00000 205.33200
16 4 21 09 56 50829.50000 25.48100000 2001.74000 233.96000 42.00000 205.33200
16 4 21 09 56 50829.50000 25.36900000 2000.41000 233.50000 42.34700 205.33200
16 4 21 09 57 50839.40000 25.45900000 2000.66000 233.43000 42.33800 205.33200
16 4 21 09 57 50833.90000 25.45900000 2000.71000 233.62000 42.33800 205.30000
16 4 21 09 57 50833.90000 25.45900000 2000.00000 233.27000 42.33800 205.30000
16 4 21 09 58 50834.00000 25.39000000 2000.01000 233.27000 42.33800 205.58800
16 4 21 09 58 50836.10000 25.38900000 2000.05000 233.27000 42.33800 205.58800
16 4 21 09 59 50836.30000 25.38900000 1998.81000 232.83000 42.33800 205.55400
16 4 21 09 59 50836.20000 25.38400000 1999.65000 233.12000 42.33800 205.55400
16 4 21 10 00 50800.10000 25.35000000 1994.44000 232.67000 42.33800 205.14000
16 4 21 10 00 50779.60000 25.26300000 1994.17000 232.73000 42.33800 204.98900
16 4 21 10 00 50749.40000 25.29100000 1991.15000 232.73000 42.33800 204.98900
16 4 21 10 01 50745.00000 25.29100000 1991.01000 232.84000 42.33800 204.98900
16 4 21 10 01 50720.40000 25.24100000 1991.01000 232.03000 42.33800 204.98900
16 4 21 10 02 50756.10000 25.26600000 1993.38000 232.20000 42.33800 204.87000
16 4 21 10 02 50816.80000 25.18300000 1995.93000 232.31000 42.33800 204.87000
16 4 21 10 03 50856.80000 25.26900000 1998.00000 232.61000 42.33800 204.87000
16 4 21 10 03 50815.50000 25.36900000 1996.55000 232.64000 42.33800 204.81000
16 4 21 10 03 50807.50000 25.55500000 1996.69000 232.76000 42.33800 204.81000
16 4 21 10 04 50840.90000 25.39900000 1999.99000 233.00000 42.33800 204.35600
16 4 21 10 04 50866.20000 25.57800000 2000.00000 233.01000 42.33800 204.35600
16 4 21 10 05 50827.30000 25.64200000 2001.42000 233.17000 42.33800 204.35600
16 4 21 10 05 50847.80000 25.64200000 2002.23000 232.76000 42.33800 204.35600
16 4 21 10 06 50878.00000 25.65000000 2004.58000 233.17000 42.33800 204.85300
16 4 21 10 06 50905.30000 25.63400000 2008.46000 233.69000 42.33800 204.85300
16 4 21 10 06 50912.10000 25.69900000 2008.36000 233.97000 42.33800 204.85300
16 4 21 10 07 50895.10000 25.69900000 2005.76000 233.87000 42.44700 204.85300
16 4 21 10 07 50880.10000 25.69900000 2006.11000 233.97000 42.44700 204.85300
16 4 21 10 08 50880.60000 25.63100000 2006.79000 234.20000 42.44700 204.85300
16 4 21 10 08 50877.90000 25.72900000 2006.80000 233.86000 42.44700 204.85300
16 4 21 10 09 50887.20000 25.72900000 2006.80000 233.86000 42.44700 204.85300
16 4 21 10 09 50889.40000 25.88100000 2006.84000 234.13000 42.44700 204.85300
16 4 21 10 09 50921.00000 25.90000000 2007.20000 234.14000 42.44700 205.84400
16 4 21 10 10 50946.80000 25.92800000 2007.93000 234.17000 42.44700 205.84400
16 4 21 10 10 50947.00000 25.92800000 2008.59000 234.47000 42.44700 205.87100
16 4 21 10 11 50947.00000 25.92800000 2009.19000 234.38000 42.44700 205.87100
16 4 21 10 11 50955.40000 25.92800000 2009.20000 234.41000 42.44700 205.87100
16 4 21 10 12 50966.30000 25.77600000 2008.02000 234.41000 42.44700 205.87100
16 4 21 10 12 50968.40000 25.78000000 2009.20000 234.94000 42.44700 206.22300
16 4 21 10 12 50979.40000 25.89400000 2009.19000 234.93000 42.44700 206.41600
16 4 21 10 13 50960.10000 25.79400000 2007.91000 234.66000 42.48700 206.59900
16 4 21 10 13 50960.10000 25.72800000 2006.93000 234.40000 42.48700 206.39300
16 4 21 10 14 50960.10000 25.92000000 2007.20000 234.66000 42.48700 206.39900
16 4 21 10 14 50976.40000 25.86700000 2008.85000 234.84000 42.46000 206.39900
16 4 21 10 15 50977.40000 25.86700000 2008.41000 234.65000 42.46000 206.50000
16 4 21 10 15 50972.80000 25.85900000 2007.87000 234.77000 42.46000 206.50000
16 4 21 10 15 50972.80000 25.87100000 2008.40000 235.01000 42.46000 206.50000
16 4 21 10 16 50971.30000 25.91300000 2009.09000 235.01000 42.46000 206.50000
16 4 21 10 16 50974.10000 25.91300000 2008.13000 235.12000 42.46000 206.50000
16 4 21 10 17 50974.00000 25.91300000 2007.99000 235.11000 42.46000 206.50700
16 4 21 10 17 50974.70000 25.88800000 2008.00000 235.10000 42.25000 206.66500
16 4 21 10 18 50974.00000 25.78900000 2007.68000 234.57000 42.25000 206.66500
16 4 21 10 18 50962.00000 25.68700000 2006.81000 234.39000 42.25000 206.67000
16 4 21 10 18 50921.10000 25.69000000 2006.01000 234.16000 42.25000 206.67000
16 4 21 10 19 50921.10000 25.75300000 2006.10000 234.23000 42.25000 206.12100
16 4 21 10 19 50921.10000 25.75300000 2006.00000 234.20000 42.25000 206.12100
16 4 21 10 20 50900.00000 25.83400000 2002.59000 233.71000 42.25000 206.18000
16 4 21 10 20 50873.00000 25.78900000 2002.01000 233.71000 42.25000 206.18000
16 4 21 10 21 50860.20000 25.76900000 2001.07000 233.72000 42.25000 206.18000
16 4 21 10 21 50876.60000 25.75300000 2004.82000 234.23000 42.25000 206.18000
16 4 21 10 21 50889.90000 25.88000000 2005.22000 234.32000 42.25000 206.18000
16 4 21 10 22 50885.20000 25.86900000 2005.41000 234.32000 42.25000 205.76900
16 4 21 10 22 50885.20000 25.86900000 2003.19000 233.87000 42.25000 205.71000
16 4 21 10 23 50850.00000 25.90800000 2000.66000 233.86000 42.25000 205.55500
16 4 21 10 23 50850.10000 25.83300000 2000.99000 233.68000 42.25000 205.55500
16 4 21 10 24 50850.10000 25.83300000 2002.63000 234.09000 42.25000 205.55500
16 4 21 10 24 50863.70000 25.85000000 2004.30000 234.36000 42.25000 205.61800
16 4 21 10 24 50863.90000 25.87800000 2000.73000 234.36000 42.25000 205.61800
16 4 21 10 25 50827.30000 25.77800000 1999.70000 233.86000 42.25000 205.61800
16 4 21 10 25 50848.70000 25.72300000 2000.00000 233.96000 42.15400 205.61800
16 4 21 10 26 50856.60000 25.91000000 2001.53000 234.00000 42.15400 205.51100
