M=[
22 5 21 17 41 31402.00000 47.98600000 1899.12000 143.34000 28.64700 117.83800
22 5 21 17 41 31380.10000 47.98600000 1897.32000 143.05000 28.64700 117.83800
22 5 21 17 42 31352.10000 47.96200000 1898.90000 142.92000 28.59100 117.83800
22 5 21 17 42 31302.40000 47.96200000 1891.86000 142.57000 28.56400 117.83800
22 5 21 17 43 31300.00000 47.96200000 1889.73000 142.57000 28.50800 117.83800
22 5 21 17 43 31274.10000 47.96200000 1884.63000 142.37000 28.50800 117.83800
22 5 21 17 43 31274.10000 47.96200000 1885.41000 142.32000 28.50800 117.83800
22 5 21 17 44 31175.70000 47.62300000 1878.54000 142.32000 28.50900 117.24900
22 5 21 17 44 31183.80000 47.62300000 1880.76000 142.32000 28.38000 117.24900
22 5 21 17 45 31214.30000 47.67200000 1884.92000 142.32000 28.45300 117.24900
22 5 21 17 45 31263.10000 47.67200000 1888.35000 143.02000 28.45300 117.48200
22 5 21 17 46 31347.20000 47.67200000 1897.10000 143.44000 28.45300 117.48200
22 5 21 17 46 31346.00000 47.92100000 1895.89000 143.42000 28.45300 118.26400
22 5 21 17 46 31331.60000 47.92100000 1893.49000 142.95000 28.45300 118.26400
22 5 21 17 47 31315.90000 47.92100000 1893.38000 142.95000 28.45300 118.26400
22 5 21 17 47 31328.80000 47.92100000 1890.57000 142.92000 28.45300 118.26400
22 5 21 17 48 31299.90000 47.92100000 1890.00000 142.85000 28.45300 118.26400
22 5 21 17 48 31299.90000 47.92100000 1888.81000 142.95000 28.45300 118.26400
22 5 21 17 49 31300.00000 47.92100000 1891.65000 142.95000 28.45300 118.26400
22 5 21 17 49 31303.20000 47.92100000 1889.09000 142.93000 28.45300 118.26400
22 5 21 17 49 31307.10000 47.81400000 1890.16000 142.93000 28.42100 118.26400
22 5 21 17 50 31261.80000 47.81400000 1883.52000 142.67000 28.39800 117.79000
22 5 21 17 50 31163.50000 47.63900000 1877.63000 141.78000 28.33800 117.26000
22 5 21 17 51 31167.60000 47.63900000 1877.27000 141.71000 28.33800 116.97800
22 5 21 17 51 31227.90000 47.63900000 1881.04000 142.07000 28.31500 116.97800
22 5 21 17 52 31203.10000 47.63900000 1879.95000 142.02000 28.28800 116.97800
22 5 21 17 52 31245.40000 47.63900000 1886.19000 142.02000 28.48100 116.97800
22 5 21 17 52 31278.90000 47.63900000 1885.00000 142.34000 28.00300 116.97800
22 5 21 17 53 31299.10000 48.10700000 1886.91000 142.83000 28.00300 116.97800
22 5 21 17 53 31314.70000 48.10700000 1889.68000 142.76000 28.00300 116.97800
22 5 21 17 54 31299.70000 48.10700000 1892.25000 142.61000 28.23300 116.97800
22 5 21 17 54 31291.30000 48.10700000 1888.65000 142.74000 28.23300 116.97800
22 5 21 17 55 31258.10000 48.10700000 1884.43000 142.41000 28.23300 116.97800
22 5 21 17 55 31275.80000 48.10700000 1886.42000 142.18000 28.23300 116.97800
22 5 21 17 55 31254.50000 48.10700000 1880.01000 142.32000 28.23300 116.97800
22 5 21 17 56 31235.90000 47.98500000 1879.30000 142.32000 28.23300 117.96900
22 5 21 17 56 31216.90000 47.98500000 1875.86000 142.22000 28.20500 117.96900
22 5 21 17 57 31201.10000 47.98500000 1875.44000 141.78000 28.29200 117.96900
22 5 21 17 57 31213.30000 47.98500000 1871.39000 141.87000 28.29200 117.28200
22 5 21 17 58 31227.70000 47.98500000 1876.72000 142.02000 28.37000 117.36200
22 5 21 17 58 31288.40000 47.98500000 1886.35000 142.02000 28.37000 117.72600
22 5 21 17 58 31284.20000 47.98500000 1885.83000 142.51000 28.37000 117.72600
22 5 21 17 59 31282.30000 47.98500000 1883.52000 142.51000 28.37000 117.72600
22 5 21 17 59 31292.40000 47.98500000 1885.66000 142.53000 28.33200 117.41900
22 5 21 18 00 31303.80000 48.06500000 1884.13000 142.45000 28.37500 117.33500
22 5 21 18 00 31297.20000 48.06500000 1883.52000 142.42000 28.37500 117.33500
22 5 21 18 01 31348.10000 48.06500000 1889.93000 142.42000 28.44900 117.33500
22 5 21 18 01 31352.40000 48.06500000 1890.43000 142.42000 28.44900 117.33500
22 5 21 18 01 31360.40000 48.06500000 1892.66000 142.42000 28.44900 117.33500
22 5 21 18 02 31372.80000 48.06500000 1892.67000 142.42000 28.44900 117.33500
22 5 21 18 02 31397.70000 48.06500000 1892.67000 142.88000 28.57000 117.33500
22 5 21 18 03 31352.40000 48.06500000 1892.74000 143.01000 28.57000 117.33500
22 5 21 18 03 31308.60000 48.06500000 1890.61000 142.70000 28.57000 117.33500
22 5 21 18 04 31316.80000 48.06500000 1890.52000 142.70000 28.57000 117.33500
22 5 21 18 04 31346.30000 48.06500000 1892.66000 142.70000 28.57000 117.33500
22 5 21 18 04 31354.10000 48.06500000 1893.04000 142.70000 28.57000 117.33500
22 5 21 18 05 31334.20000 48.06500000 1892.53000 142.54000 28.57000 117.33500
22 5 21 18 05 31310.50000 48.06500000 1888.51000 142.32000 28.57000 117.33500
22 5 21 18 06 31252.60000 48.10900000 1884.52000 142.32000 28.57000 117.40700
22 5 21 18 06 31224.80000 48.10900000 1879.02000 142.32000 28.57000 117.05100
22 5 21 18 07 31177.60000 48.10900000 1877.46000 141.51000 28.57700 117.05100
22 5 21 18 07 31094.60000 48.10900000 1872.37000 140.78000 28.57700 116.70000
22 5 21 18 07 31156.20000 48.10900000 1873.88000 140.95000 28.57700 116.70000
22 5 21 18 08 31161.40000 47.81400000 1878.13000 140.91000 28.57700 116.70000
22 5 21 18 08 31102.90000 47.81400000 1873.59000 140.80000 28.58500 116.70000
22 5 21 18 09 31090.40000 47.81400000 1873.66000 140.75000 28.58500 116.70000
22 5 21 18 09 31094.50000 47.81400000 1878.43000 141.37000 28.58500 116.70000
22 5 21 18 10 31126.60000 47.81400000 1878.84000 141.35000 28.58500 116.38800
22 5 21 18 10 31091.50000 47.81400000 1876.19000 141.74000 28.58500 116.38800
22 5 21 18 10 31079.00000 47.84400000 1874.12000 141.74000 28.58500 116.38800
22 5 21 18 11 31093.10000 47.84400000 1875.09000 141.61000 28.58500 116.38800
22 5 21 18 11 31070.30000 47.84400000 1875.51000 141.43000 28.58500 116.40000
22 5 21 18 12 31099.30000 47.96700000 1877.64000 141.89000 28.58500 116.40000
22 5 21 18 12 31128.50000 48.12000000 1881.00000 141.82000 28.58500 116.40000
22 5 21 18 13 31186.80000 48.12000000 1884.95000 141.82000 28.58500 117.18000
22 5 21 18 13 31230.40000 48.12000000 1890.29000 141.82000 28.58500 117.18000
22 5 21 18 13 31226.20000 48.31900000 1888.28000 142.44000 28.58500 117.18000
22 5 21 18 14 31117.60000 48.31900000 1883.29000 142.00000 28.58500 117.83500
22 5 21 18 14 31220.10000 48.31900000 1888.81000 142.00000 28.58500 117.83500
22 5 21 18 15 31218.70000 48.31900000 1892.67000 142.37000 28.58500 117.83500
22 5 21 18 15 31209.30000 48.31900000 1889.15000 142.29000 28.58500 117.83500
22 5 21 18 16 31180.50000 48.31900000 1887.35000 142.29000 28.58500 117.83500
22 5 21 18 16 31211.70000 48.31900000 1891.23000 142.30000 28.58500 117.29200
22 5 21 18 16 31244.10000 48.31900000 1892.31000 142.30000 28.58500 117.29200
22 5 21 18 17 31208.00000 48.31900000 1892.31000 142.26000 28.58500 117.29200
22 5 21 18 17 31168.50000 48.31900000 1886.27000 142.19000 28.58500 117.29200
22 5 21 18 18 31106.80000 48.31900000 1881.80000 141.80000 28.58500 117.15600
22 5 21 18 18 31108.00000 48.31900000 1883.34000 141.58000 28.58500 117.15600
22 5 21 18 19 31140.10000 48.31900000 1882.82000 141.58000 28.51000 116.97300
22 5 21 18 19 31189.70000 48.31900000 1891.19000 142.12000 28.51000 116.97300
22 5 21 18 19 31179.90000 48.31900000 1889.39000 142.12000 28.51000 116.97300
22 5 21 18 20 31211.60000 48.31900000 1894.30000 142.34000 28.71200 116.97300
22 5 21 18 20 31205.30000 48.50500000 1894.22000 142.34000 28.71200 116.97300
22 5 21 18 21 31204.90000 48.50500000 1892.14000 142.35000 28.71200 116.97300
22 5 21 18 21 31148.60000 48.50500000 1890.00000 142.01000 28.71200 116.97300
22 5 21 18 22 31155.30000 48.50500000 1886.09000 142.01000 28.89900 116.97300
22 5 21 18 22 31120.20000 48.50500000 1884.76000 141.61000 28.89900 116.97300
22 5 21 18 22 31113.80000 48.50500000 1884.74000 141.62000 28.89900 116.97300
22 5 21 18 23 31143.90000 48.50500000 1886.44000 141.62000 28.56700 116.97300
22 5 21 18 23 31121.20000 48.50500000 1881.42000 141.61000 28.56700 116.97300
22 5 21 18 24 31123.40000 48.50500000 1881.42000 141.61000 28.56700 116.97300
22 5 21 18 24 31098.10000 48.23200000 1880.00000 141.61000 28.48400 116.97300
