M=[
 3 8 20 01 40 9486.40000 6.21400000 324.74000 48.92000 16.30100 72.46000
 3 8 20 01 41 9480.20000 6.21400000 324.74000 48.92000 16.30100 72.46000
 3 8 20 01 41 9477.00000 6.21400000 324.74000 48.92000 16.30100 72.46000
 3 8 20 01 41 9477.00000 6.21400000 324.74000 48.92000 16.30100 72.46000
 3 8 20 01 42 9477.00000 6.21400000 324.16000 48.92000 16.30100 72.46000
 3 8 20 01 42 9477.00000 6.21400000 324.08000 48.92000 16.30100 72.46000
 3 8 20 01 43 9478.40000 6.21400000 324.08000 48.92000 16.30100 72.46000
 3 8 20 01 43 9476.20000 6.21400000 324.08000 48.92000 16.30100 72.46000
 3 8 20 01 44 9476.20000 6.21400000 323.99000 48.92000 16.30100 72.46000
 3 8 20 01 44 9472.60000 6.21400000 323.61000 48.92000 16.30100 72.46000
 3 8 20 01 45 9472.70000 6.21400000 323.56000 48.92000 16.30100 72.46000
 3 8 20 01 45 9472.60000 6.21400000 323.61000 48.92000 16.30100 72.46000
 3 8 20 01 46 9476.20000 6.21400000 323.77000 48.92000 16.30100 72.46000
 3 8 20 01 46 9476.20000 6.21400000 323.79000 48.92000 16.30100 72.49700
 3 8 20 01 47 9476.50000 6.21400000 324.08000 48.92000 16.38900 72.49700
 3 8 20 01 47 9476.50000 6.21400000 323.75000 48.92000 16.38900 72.49700
 3 8 20 01 48 9476.50000 6.21400000 323.75000 48.92000 16.38900 72.49700
 3 8 20 01 48 9476.50000 6.21400000 323.35000 48.92000 16.38900 72.49700
 3 8 20 01 49 9476.50000 6.21400000 323.35000 48.92000 16.38900 72.49700
 3 8 20 01 49 9474.70000 6.21400000 323.25000 48.92000 16.38900 72.49700
 3 8 20 01 50 9474.70000 6.21400000 323.25000 48.92000 16.38900 72.49700
 3 8 20 01 50 9474.70000 6.21400000 323.33000 48.92000 16.38900 72.49700
 3 8 20 01 50 9474.70000 6.21400000 323.41000 48.92000 16.38900 72.49700
 3 8 20 01 51 9474.70000 6.21400000 323.41000 48.92000 16.42300 72.49700
 3 8 20 01 51 9474.70000 6.21400000 323.41000 48.92000 16.42300 72.49700
 3 8 20 01 52 9474.70000 6.21400000 323.41000 48.89000 16.42300 72.49700
 3 8 20 01 52 9474.70000 6.21400000 323.41000 48.89000 16.42300 72.49700
 3 8 20 01 53 9474.70000 6.21400000 323.41000 48.89000 16.42300 72.49700
 3 8 20 01 53 9474.60000 6.21400000 323.41000 48.89000 16.42300 72.37500
 3 8 20 01 54 9475.10000 6.20500000 324.13000 48.89000 16.42300 72.37500
 3 8 20 01 54 9476.80000 6.20500000 324.13000 48.89000 16.42300 72.37500
 3 8 20 01 55 9476.80000 6.20500000 324.13000 48.89000 16.42300 72.37500
 3 8 20 01 55 9481.10000 6.20500000 324.13000 48.89000 16.42300 72.37500
 3 8 20 01 56 9477.10000 6.20500000 324.15000 48.89000 16.42300 72.37500
 3 8 20 01 56 9477.10000 6.20500000 323.99000 48.89000 16.42300 72.37500
 3 8 20 01 57 9477.10000 6.20500000 323.99000 48.89000 16.42300 72.37500
 3 8 20 01 57 9468.20000 6.20500000 323.99000 48.86000 16.42300 72.41100
 3 8 20 01 57 9468.20000 6.20500000 323.99000 48.86000 16.42300 72.41100
 3 8 20 01 58 9465.10000 6.20500000 323.99000 48.86000 16.42300 72.41100
 3 8 20 01 58 9465.00000 6.20500000 323.99000 48.86000 16.42300 72.41100
 3 8 20 01 59 9465.00000 6.20500000 323.50000 48.86000 16.42300 72.41100
 3 8 20 01 59 9462.50000 6.20500000 323.00000 48.78000 16.42300 72.41100
 3 8 20 02 00 9458.70000 6.20500000 323.23000 48.78000 16.42300 72.41100
 3 8 20 02 00 9477.30000 6.20500000 323.58000 48.78000 16.42300 72.41100
 3 8 20 02 01 9477.30000 6.20500000 323.58000 48.78000 16.42300 72.41100
 3 8 20 02 01 9477.40000 6.20500000 323.58000 48.78000 16.42300 72.41100
 3 8 20 02 02 9477.30000 6.20500000 324.06000 48.78000 16.42300 72.41100
 3 8 20 02 02 9477.30000 6.20500000 324.06000 48.78000 16.42300 72.41100
 3 8 20 02 03 9477.30000 6.20500000 324.06000 48.78000 16.42300 72.41100
 3 8 20 02 03 9477.30000 6.20500000 324.06000 48.78000 16.42300 72.41100
 3 8 20 02 04 9475.20000 6.20500000 324.22000 48.78000 16.42300 72.41100
 3 8 20 02 04 9474.60000 6.20500000 324.08000 48.77000 16.42300 72.41100
 3 8 20 02 05 9474.60000 6.20500000 324.08000 48.77000 16.42300 72.41100
 3 8 20 02 05 9474.60000 6.20500000 324.37000 48.77000 16.42300 72.41100
 3 8 20 02 06 9474.60000 6.20500000 324.37000 48.77000 16.42300 72.41100
 3 8 20 02 06 9474.60000 6.20500000 324.37000 48.77000 16.42300 72.41100
 3 8 20 02 07 9474.60000 6.20500000 324.21000 48.77000 16.42300 72.41100
 3 8 20 02 07 9476.80000 6.20500000 324.21000 48.77000 16.42300 72.41100
 3 8 20 02 08 9479.60000 6.20500000 324.21000 48.77000 16.42300 72.41100
 3 8 20 02 08 9479.60000 6.20500000 324.21000 48.69000 16.33100 72.41100
 3 8 20 02 08 9479.60000 6.20500000 324.21000 48.69000 16.33100 72.41100
 3 8 20 02 09 9474.70000 6.20500000 324.21000 48.69000 16.33100 72.41100
 3 8 20 02 09 9474.70000 6.20500000 324.21000 48.69000 16.33100 72.41100
 3 8 20 02 10 9474.70000 6.20500000 324.21000 48.69000 16.33100 72.41100
 3 8 20 02 10 9474.60000 6.20500000 324.21000 48.69000 16.33100 72.41100
 3 8 20 02 11 9477.10000 6.20500000 324.21000 48.69000 16.33100 72.41100
 3 8 20 02 11 9478.20000 6.20500000 324.21000 48.69000 16.33100 72.41100
 3 8 20 02 12 9479.20000 6.20500000 324.21000 48.69000 16.33100 72.41100
 3 8 20 02 13 9478.20000 6.20500000 323.89000 48.69000 16.38300 72.41100
 3 8 20 02 13 9478.10000 6.20500000 323.84000 48.69000 16.38300 72.41100
 3 8 20 02 13 9478.10000 6.20500000 323.84000 48.69000 16.38300 72.41100
 3 8 20 02 14 9478.10000 6.20500000 323.89000 48.69000 16.38300 72.41100
 3 8 20 02 14 9478.10000 6.20500000 323.89000 48.69000 16.38300 72.41100
 3 8 20 02 15 9478.50000 6.20500000 323.88000 48.69000 16.38300 72.41100
 3 8 20 02 15 9478.50000 6.20500000 323.83000 48.89000 16.38300 72.41100
 3 8 20 02 16 9478.50000 6.20500000 323.35000 48.89000 16.38300 72.41100
 3 8 20 02 16 9477.60000 6.20500000 323.36000 48.89000 16.38300 72.41100
 3 8 20 02 17 9478.70000 6.20500000 323.36000 48.89000 16.38300 72.41100
 3 8 20 02 17 9478.70000 6.20500000 323.36000 48.89000 16.38300 72.41100
 3 8 20 02 18 9478.60000 6.20500000 323.36000 48.81000 16.38300 72.41100
 3 8 20 02 18 9478.50000 6.20500000 323.46000 48.81000 16.38300 72.41100
 3 8 20 02 19 9478.30000 6.20500000 323.46000 48.81000 16.38300 72.41100
 3 8 20 02 19 9480.00000 6.20500000 323.46000 48.81000 16.37600 72.41100
 3 8 20 02 19 9516.40000 6.20500000 324.66000 48.90000 16.37600 72.27800
 3 8 20 02 20 9515.60000 6.20500000 325.00000 48.90000 16.37600 72.27800
 3 8 20 02 21 9507.80000 6.20500000 325.00000 48.90000 16.37600 72.27800
 3 8 20 02 21 9507.80000 6.20500000 325.00000 48.90000 16.37600 72.27800
 3 8 20 02 22 9507.80000 6.20500000 325.00000 48.90000 16.37600 72.27800
 3 8 20 02 22 9507.80000 6.20500000 325.00000 48.90000 16.37600 72.27800
 3 8 20 02 23 9507.80000 6.20500000 325.00000 48.90000 16.37600 72.27800
 3 8 20 02 23 9508.00000 6.20500000 324.80000 48.90000 16.37600 72.27800
 3 8 20 02 23 9508.00000 6.20500000 324.80000 48.90000 16.37600 72.27800
 3 8 20 02 24 9506.10000 6.20500000 324.99000 48.90000 16.37600 72.27800
 3 8 20 02 24 9500.40000 6.20500000 324.99000 48.90000 16.37600 72.27800
 3 8 20 02 25 9503.00000 6.20500000 324.99000 48.90000 16.37600 72.27800
 3 8 20 02 25 9503.00000 6.20500000 325.43000 48.90000 16.38800 72.27800
 3 8 20 02 26 9504.60000 6.20500000 325.43000 48.90000 16.38800 72.27800
 3 8 20 02 26 9504.60000 6.20500000 325.43000 48.90000 16.38800 72.27800
 3 8 20 02 27 9504.60000 6.20500000 325.43000 48.90000 16.38800 72.27800
 3 8 20 02 27 9508.00000 6.20500000 325.45000 48.90000 16.38800 72.27800
 3 8 20 02 28 9508.10000 6.20500000 325.45000 48.90000 16.38800 72.27800
 3 8 20 02 28 9508.10000 6.20500000 325.45000 48.87000 16.38800 72.27800
 3 8 20 02 29 9510.50000 6.20500000 325.45000 48.87000 16.38800 72.27800
 3 8 20 02 29 9510.50000 6.20500000 325.49000 48.87000 16.38900 72.27800
 3 8 20 02 30 9510.50000 6.20500000 325.50000 48.87000 16.38900 72.27800
 3 8 20 02 30 9508.50000 6.20500000 325.51000 48.86000 16.38900 72.27800
 3 8 20 02 31 9508.40000 6.20500000 325.51000 48.86000 16.38900 72.27800
 3 8 20 02 31 9500.00000 6.20500000 325.51000 48.86000 16.38900 72.24700
 3 8 20 02 32 9500.00000 6.20500000 324.74000 48.86000 16.38900 72.24700
