M=[
 5 12 20 21 33 15748.30000 5.08900000 491.13000 68.56000 14.37200 59.44200
 5 12 20 21 33 15748.30000 5.08900000 491.13000 68.56000 14.37200 59.44200
 5 12 20 21 34 15738.20000 5.08900000 490.26000 68.56000 14.37200 59.44200
 5 12 20 21 34 15741.50000 5.08900000 490.26000 68.56000 14.37200 59.44200
 5 12 20 21 35 15741.50000 5.08900000 490.51000 68.56000 14.37200 59.44200
 5 12 20 21 35 15738.10000 5.08900000 490.51000 68.54000 14.37200 59.44200
 5 12 20 21 36 15741.00000 5.08900000 490.51000 68.54000 14.37200 59.44200
 5 12 20 21 36 15738.40000 5.08900000 490.52000 68.54000 14.37200 59.44200
 5 12 20 21 36 15740.00000 5.08900000 490.71000 68.54000 14.37200 59.44200
 5 12 20 21 37 15735.00000 5.08900000 490.57000 68.49000 14.37200 59.44200
 5 12 20 21 37 15735.10000 5.08900000 490.57000 68.49000 14.40100 59.44200
 5 12 20 21 38 15735.80000 5.08900000 490.49000 68.49000 14.46000 59.44200
 5 12 20 21 38 15735.30000 5.08900000 490.49000 68.49000 14.46000 59.44200
 5 12 20 21 39 15730.10000 5.08900000 490.49000 68.49000 14.46000 59.44200
 5 12 20 21 39 15731.60000 5.08900000 490.33000 68.49000 14.46000 59.44200
 5 12 20 21 39 15730.00000 5.08900000 490.33000 68.37000 14.46000 59.44200
 5 12 20 21 40 15730.10000 5.08900000 489.70000 68.30000 14.46000 59.44200
 5 12 20 21 40 15730.10000 5.08900000 489.70000 68.30000 14.45000 59.44200
 5 12 20 21 41 15730.00000 5.08900000 489.86000 68.30000 14.45000 59.44200
 5 12 20 21 41 15730.00000 5.08900000 490.04000 68.30000 14.50000 59.44200
 5 12 20 21 41 15730.10000 5.08900000 489.60000 68.30000 14.50000 59.44200
 5 12 20 21 42 15730.00000 5.08900000 489.60000 68.30000 14.50000 59.44200
 5 12 20 21 42 15727.20000 5.08900000 489.60000 68.30000 14.50000 59.44200
 5 12 20 21 43 15720.00000 5.08900000 489.69000 68.30000 14.50000 59.44200
 5 12 20 21 43 15723.10000 5.08900000 489.69000 68.35000 14.50000 59.44200
 5 12 20 21 44 15722.30000 5.08900000 489.78000 68.35000 14.50000 59.44200
 5 12 20 21 44 15722.30000 5.08900000 490.00000 68.35000 14.50000 59.44200
 5 12 20 21 44 15722.30000 5.08900000 489.57000 68.35000 14.50000 59.44200
 5 12 20 21 45 15725.70000 5.08900000 489.40000 68.35000 14.50000 59.44200
 5 12 20 21 45 15724.40000 5.08900000 489.90000 68.35000 14.50000 59.44200
 5 12 20 21 46 15729.90000 5.08900000 489.90000 68.32000 14.50000 59.07800
 5 12 20 21 46 15728.20000 5.08900000 489.90000 68.32000 14.41300 59.07800
 5 12 20 21 47 15723.20000 5.08900000 489.47000 68.32000 14.50000 59.07800
 5 12 20 21 47 15726.50000 5.08900000 489.71000 68.32000 14.50000 59.07800
 5 12 20 21 47 15734.60000 5.08900000 489.79000 68.32000 14.50000 59.07800
 5 12 20 21 48 15729.00000 5.08900000 489.56000 68.32000 14.50000 59.07800
 5 12 20 21 48 15724.70000 5.08900000 489.44000 68.32000 14.61500 59.07800
 5 12 20 21 49 15724.70000 5.08900000 489.44000 68.32000 14.61500 59.07800
 5 12 20 21 49 15723.50000 5.08900000 489.44000 68.32000 14.61500 59.07800
 5 12 20 21 50 15723.50000 5.08900000 489.45000 68.32000 14.61600 59.07800
 5 12 20 21 50 15723.30000 5.08900000 489.45000 68.32000 14.61600 59.07800
 5 12 20 21 50 15723.40000 5.08900000 489.45000 68.35000 14.60100 59.07800
 5 12 20 21 51 15723.30000 5.08900000 489.58000 68.31000 14.60100 59.07800
 5 12 20 21 51 15723.30000 5.08900000 489.58000 68.31000 14.70000 59.07800
 5 12 20 21 52 15720.30000 5.08900000 489.57000 68.31000 14.71000 59.07800
 5 12 20 21 52 15719.30000 5.08900000 489.43000 68.31000 14.71000 59.07800
 5 12 20 21 53 15722.90000 5.08900000 489.49000 68.31000 14.62600 59.07800
 5 12 20 21 53 15723.00000 5.08900000 489.43000 68.31000 14.62600 59.07800
 5 12 20 21 53 15723.00000 5.08900000 489.44000 68.31000 14.65700 59.07800
 5 12 20 21 54 15729.00000 5.08900000 489.44000 68.31000 14.79000 59.07800
 5 12 20 21 54 15728.90000 5.08900000 489.78000 68.32000 14.79000 59.07800
 5 12 20 21 55 15728.90000 5.08900000 489.78000 68.32000 14.79000 59.07800
 5 12 20 21 55 15726.40000 5.08900000 489.98000 68.32000 14.85000 59.07800
 5 12 20 21 56 15726.10000 5.08900000 489.87000 68.31000 14.86900 59.07800
 5 12 20 21 56 15728.90000 5.08900000 489.90000 68.31000 14.86900 59.07800
 5 12 20 21 56 15728.30000 5.08900000 489.87000 68.31000 14.86900 59.07800
 5 12 20 21 57 15728.20000 5.08900000 489.87000 68.30000 14.69900 59.07800
 5 12 20 21 57 15726.70000 5.08900000 489.87000 68.31000 14.69900 59.07800
 5 12 20 21 58 15717.80000 5.08900000 489.75000 68.29000 14.65800 59.07800
 5 12 20 21 58 15717.10000 5.08900000 489.76000 68.31000 14.71000 59.07800
 5 12 20 21 59 15717.10000 5.08900000 489.44000 68.31000 14.71000 59.07800
 5 12 20 21 59 15717.10000 5.08900000 489.44000 68.31000 14.71000 59.07800
 5 12 20 21 59 15717.10000 5.08900000 489.44000 68.31000 14.88300 59.07800
 5 12 20 22 00 15717.00000 5.08900000 489.43000 68.31000 14.88500 59.07800
 5 12 20 22 00 15717.00000 5.08900000 489.01000 68.31000 14.73400 59.07800
 5 12 20 22 01 15716.00000 5.08900000 489.01000 68.31000 14.73400 59.07800
 5 12 20 22 01 15706.60000 5.08900000 488.77000 68.26000 14.74000 59.07800
 5 12 20 22 02 15706.70000 5.08900000 488.87000 68.26000 14.89700 59.07800
 5 12 20 22 02 15704.40000 5.08900000 488.88000 68.26000 14.76400 59.07800
 5 12 20 22 02 15704.30000 5.08900000 488.87000 68.26000 14.89300 59.07800
 5 12 20 22 03 15704.40000 5.08900000 488.96000 68.25000 14.77900 59.07800
 5 12 20 22 03 15705.00000 5.08900000 489.49000 68.25000 14.77900 59.07800
 5 12 20 22 04 15700.00000 5.08900000 489.51000 68.25000 14.77900 59.07800
 5 12 20 22 04 15699.40000 5.08900000 489.21000 68.25000 14.79400 59.07800
 5 12 20 22 05 15694.30000 5.08900000 488.77000 68.24000 14.79400 59.07800
 5 12 20 22 05 15685.40000 5.08900000 488.77000 68.21000 14.79400 59.07800
 5 12 20 22 05 15686.60000 5.08900000 488.77000 68.21000 14.84100 59.07800
 5 12 20 22 06 15688.60000 5.08900000 489.36000 68.21000 14.88100 59.07800
 5 12 20 22 06 15692.50000 5.08900000 489.26000 68.21000 14.80800 59.07800
 5 12 20 22 07 15692.90000 5.08900000 489.16000 68.22000 14.95000 59.07800
 5 12 20 22 07 15693.00000 5.08900000 489.17000 68.22000 14.82300 59.07800
 5 12 20 22 08 15692.90000 5.08900000 489.17000 68.22000 14.95000 59.07800
 5 12 20 22 08 15693.00000 5.08900000 489.15000 68.22000 14.95000 59.07800
 5 12 20 22 08 15693.00000 5.08900000 489.15000 68.22000 14.95000 59.07800
 5 12 20 22 09 15700.00000 5.08900000 489.15000 68.22000 14.96200 59.07800
 5 12 20 22 09 15700.00000 5.08900000 489.11000 68.22000 14.86500 59.07800
 5 12 20 22 10 15700.00000 5.08900000 489.10000 68.22000 14.79600 59.07800
 5 12 20 22 10 15700.00000 5.08900000 489.14000 68.20000 14.87200 59.07800
 5 12 20 22 11 15700.00000 5.08900000 489.14000 68.20000 14.99100 59.07800
 5 12 20 22 11 15700.00000 5.08900000 489.14000 68.19000 14.99100 59.00000
 5 12 20 22 11 15699.90000 5.08900000 489.11000 68.19000 14.99100 59.00000
 5 12 20 22 12 15700.00000 5.08900000 489.11000 68.13000 15.00000 59.00000
 5 12 20 22 12 15700.00000 5.08900000 489.08000 68.10000 15.00000 59.00000
 5 12 20 22 13 15699.90000 5.08900000 489.08000 68.09000 15.00000 59.00000
 5 12 20 22 13 15699.90000 5.08900000 489.08000 68.09000 15.00000 59.00000
 5 12 20 22 14 15700.00000 5.08900000 489.01000 68.08000 15.00000 59.01900
 5 12 20 22 14 15700.00000 5.08900000 489.01000 68.08000 14.90400 59.01900
 5 12 20 22 14 15699.90000 5.08900000 489.00000 68.06000 14.90400 59.06800
 5 12 20 22 15 15699.90000 5.08900000 489.00000 68.06000 14.90400 59.06800
 5 12 20 22 15 15700.00000 5.08900000 489.00000 68.06000 14.90400 59.06800
 5 12 20 22 16 15700.00000 5.08900000 489.00000 68.06000 14.90400 59.12300
 5 12 20 22 16 15700.00000 5.08900000 489.01000 68.04000 14.90400 59.12300
 5 12 20 22 17 15699.90000 5.08900000 489.00000 68.04000 14.90400 59.12300
 5 12 20 22 17 15700.00000 5.08900000 489.00000 68.05000 14.90400 59.12300
 5 12 20 22 17 15700.00000 5.08900000 489.00000 68.05000 14.90400 59.12300
 5 12 20 22 18 15700.00000 5.08900000 489.01000 68.05000 14.90400 59.12300
