M=[
 2 5 20 20 17 8093.30000 6.67500000 194.30000 44.28000 10.08900 41.73700
 2 5 20 20 18 8093.20000 6.67500000 194.21000 44.28000 10.08900 41.73700
 2 5 20 20 18 8093.30000 6.67500000 194.21000 44.26000 10.08900 41.73700
 2 5 20 20 19 8095.60000 6.67500000 194.42000 44.26000 10.08900 41.73700
 2 5 20 20 19 8095.60000 6.67500000 194.42000 44.26000 10.08900 41.73700
 2 5 20 20 20 8093.30000 6.67500000 194.42000 44.26000 10.08900 41.73700
 2 5 20 20 20 8090.60000 6.67500000 194.32000 44.26000 10.08900 41.73700
 2 5 20 20 21 8096.70000 6.67500000 194.35000 44.26000 10.08900 41.73700
 2 5 20 20 21 8094.60000 6.67500000 194.29000 44.23000 10.08900 41.73700
 2 5 20 20 22 8096.40000 6.67500000 194.29000 44.26000 10.08900 41.73700
 2 5 20 20 22 8096.30000 6.67000000 194.29000 44.26000 10.08900 41.73700
 2 5 20 20 23 8094.70000 6.67000000 194.44000 44.26000 10.08900 41.73700
 2 5 20 20 23 8090.60000 6.67000000 194.29000 44.35000 10.08900 41.73700
 2 5 20 20 24 8094.50000 6.67500000 194.35000 44.35000 10.08900 41.73700
 2 5 20 20 24 8093.40000 6.67500000 194.35000 44.35000 10.08900 41.73700
 2 5 20 20 25 8090.40000 6.67500000 194.35000 44.35000 10.08900 41.73700
 2 5 20 20 25 8093.40000 6.69300000 194.32000 44.35000 10.08900 41.73700
 2 5 20 20 26 8090.00000 6.69300000 194.34000 44.35000 9.97800 41.73700
 2 5 20 20 26 8090.10000 6.69300000 194.34000 44.35000 10.08900 41.73700
 2 5 20 20 27 8090.10000 6.67400000 194.26000 44.35000 10.08900 41.73700
 2 5 20 20 27 8090.10000 6.67400000 194.26000 44.36000 10.08900 41.73700
 2 5 20 20 28 8090.40000 6.68000000 194.48000 44.36000 10.08900 41.73700
 2 5 20 20 28 8092.50000 6.68000000 194.48000 44.36000 10.08900 41.73700
 2 5 20 20 29 8094.80000 6.66400000 194.48000 44.36000 10.08900 41.73700
 2 5 20 20 29 8095.60000 6.66400000 194.48000 44.41000 10.08900 41.73700
 2 5 20 20 30 8093.50000 6.66400000 194.47000 44.41000 10.08900 41.73700
 2 5 20 20 30 8095.70000 6.66400000 194.66000 44.41000 10.08900 41.73700
 2 5 20 20 31 8097.00000 6.66400000 194.63000 44.40000 10.08900 41.73700
 2 5 20 20 31 8094.50000 6.68000000 194.50000 44.40000 10.08900 41.73700
 2 5 20 20 32 8096.70000 6.66400000 194.49000 44.40000 10.08900 41.73700
 2 5 20 20 32 8097.00000 6.66400000 194.60000 44.40000 10.08900 41.73700
 2 5 20 20 33 8097.50000 6.66400000 194.56000 44.40000 10.08900 41.73700
 2 5 20 20 33 8099.80000 6.66400000 194.58000 44.40000 10.08900 41.73700
 2 5 20 20 34 8099.90000 6.66400000 194.60000 44.60000 10.08900 41.73700
 2 5 20 20 34 8100.00000 6.66400000 194.66000 44.50000 10.08900 41.73700
 2 5 20 20 35 8102.60000 6.66400000 194.70000 44.60000 10.08900 41.73700
 2 5 20 20 35 8104.00000 6.66400000 194.72000 44.68000 10.08900 41.73700
 2 5 20 20 36 8104.20000 6.66400000 194.66000 44.68000 9.97800 41.73700
 2 5 20 20 36 8115.60000 6.66400000 194.72000 44.68000 10.08900 41.73700
 2 5 20 20 37 8115.50000 6.75500000 194.72000 44.79000 10.08900 41.73700
 2 5 20 20 37 8122.70000 6.76300000 194.72000 44.87000 9.97800 42.00000
 2 5 20 20 38 8122.10000 6.76300000 194.70000 44.94000 10.08900 42.00000
 2 5 20 20 38 8127.00000 6.76300000 194.72000 44.94000 10.08900 41.73700
 2 5 20 20 39 8126.90000 6.79000000 194.72000 44.94000 10.08900 42.00000
 2 5 20 20 39 8123.40000 6.78100000 194.72000 44.95000 10.08900 42.00000
 2 5 20 20 40 8122.30000 6.75900000 194.72000 45.00000 10.08900 42.00000
 2 5 20 20 40 8123.00000 6.78100000 194.72000 45.06000 10.08900 42.00000
 2 5 20 20 41 8122.90000 6.79700000 194.72000 44.97000 10.08900 42.00000
 2 5 20 20 41 8123.00000 6.75400000 194.72000 44.97000 10.08900 42.00000
 2 5 20 20 42 8127.60000 6.78500000 194.80000 44.93000 10.08900 42.00000
 2 5 20 20 42 8128.90000 6.78500000 194.93000 45.01000 10.08900 42.00000
 2 5 20 20 43 8129.50000 6.78500000 195.09000 45.17000 10.08900 42.00600
 2 5 20 20 43 8130.00000 6.78500000 194.95000 45.07000 10.08900 42.00600
 2 5 20 20 44 8133.90000 6.78700000 194.98000 45.11000 10.08900 42.00600
 2 5 20 20 44 8133.70000 6.78700000 194.98000 45.11000 10.08900 42.00000
 2 5 20 20 45 8130.00000 6.78700000 194.94000 45.12000 10.08900 42.00600
 2 5 20 20 45 8130.80000 6.79700000 194.99000 45.08000 10.08900 42.00600
 2 5 20 20 46 8130.80000 6.80000000 195.01000 45.08000 10.08900 42.00600
 2 5 20 20 46 8126.70000 6.80000000 194.95000 45.08000 10.08900 42.19500
 2 5 20 20 46 8124.50000 6.80000000 194.95000 45.08000 10.08900 42.19500
 2 5 20 20 47 8125.30000 6.80800000 194.90000 45.12000 10.08900 42.19500
 2 5 20 20 47 8125.20000 6.80800000 194.86000 45.09000 10.08900 42.19500
 2 5 20 20 48 8125.00000 6.80900000 194.94000 45.09000 10.08900 42.19500
 2 5 20 20 48 8121.60000 6.80700000 194.91000 45.06000 10.08900 42.19500
 2 5 20 20 49 8124.10000 6.80700000 194.91000 45.09000 10.08900 42.19500
 2 5 20 20 49 8124.90000 6.80700000 195.03000 45.06000 10.08900 42.19500
 2 5 20 20 50 8128.10000 6.80000000 195.04000 45.09000 10.08900 42.19500
 2 5 20 20 50 8124.80000 6.80000000 195.06000 45.06000 10.08900 42.19500
 2 5 20 20 51 8128.00000 6.80000000 195.06000 45.06000 10.08900 42.00600
 2 5 20 20 51 8128.10000 6.80000000 195.06000 45.06000 10.08900 42.19500
 2 5 20 20 52 8128.10000 6.80000000 194.93000 44.93000 10.08900 42.19500
 2 5 20 20 52 8128.30000 6.80000000 194.79000 44.93000 10.08900 42.19500
 2 5 20 20 53 8128.50000 6.74300000 194.80000 44.93000 9.97800 42.00600
 2 5 20 20 53 8128.50000 6.79700000 194.80000 44.93000 10.08900 42.19500
 2 5 20 20 54 8128.50000 6.79700000 194.80000 44.89000 10.08900 42.19500
 2 5 20 20 54 8130.00000 6.79700000 194.80000 44.93000 10.08900 42.00600
 2 5 20 20 55 8130.00000 6.80000000 194.96000 44.89000 10.08900 42.19500
 2 5 20 20 55 8134.90000 6.80000000 194.96000 44.89000 10.08900 42.19500
 2 5 20 20 56 8134.80000 6.80000000 194.97000 44.98000 10.08900 42.19500
 2 5 20 20 56 8133.00000 6.80000000 194.98000 44.98000 10.08900 42.00600
 2 5 20 20 57 8130.60000 6.80000000 194.90000 44.98000 10.08900 42.19500
 2 5 20 20 57 8130.60000 6.79900000 194.98000 44.98000 10.08900 42.19500
 2 5 20 20 58 8130.60000 6.79700000 195.00000 44.98000 9.97800 42.00600
 2 5 20 20 58 8142.70000 6.79700000 194.99000 44.98000 10.08900 42.19500
 2 5 20 20 59 8143.60000 6.79700000 195.00000 44.98000 10.08900 42.19500
 2 5 20 20 59 8143.70000 6.80000000 195.00000 44.98000 10.08900 42.19500
 2 5 20 21 00 8143.70000 6.80000000 194.99000 44.98000 10.08900 42.19500
 2 5 20 21 00 8145.00000 6.80000000 195.00000 44.98000 10.08900 42.19500
 2 5 20 21 01 8147.00000 6.77100000 195.00000 44.98000 10.08900 42.19500
 2 5 20 21 01 8144.10000 6.77100000 194.98000 44.98000 10.08900 42.08100
 2 5 20 21 02 8145.60000 6.77100000 194.98000 44.98000 10.08900 42.08100
 2 5 20 21 02 8145.50000 6.77100000 195.00000 44.98000 9.97800 42.08100
 2 5 20 21 03 8145.60000 6.77100000 194.98000 44.98000 10.08900 42.08100
 2 5 20 21 03 8145.00000 6.77100000 194.99000 44.98000 10.08900 42.08100
 2 5 20 21 03 8145.10000 6.77100000 194.99000 44.98000 10.08900 42.08100
 2 5 20 21 04 8145.70000 6.77100000 195.00000 44.98000 10.08900 42.08100
 2 5 20 21 04 8146.20000 6.77100000 194.99000 44.98000 10.08900 42.08100
 2 5 20 21 05 8147.00000 6.77100000 195.00000 44.98000 10.08900 42.08100
 2 5 20 21 05 8140.10000 6.77000000 194.86000 44.98000 10.08900 42.08100
 2 5 20 21 06 8140.10000 6.77000000 194.86000 44.96000 10.08900 42.08100
 2 5 20 21 06 8141.20000 6.77000000 194.92000 44.97000 10.08900 42.08100
 2 5 20 21 07 8140.00000 6.77000000 194.95000 44.96000 10.08900 42.08100
 2 5 20 21 07 8140.30000 6.77000000 194.92000 44.97000 10.08900 42.08100
 2 5 20 21 08 8140.00000 6.77000000 194.86000 44.97000 10.08900 42.08100
 2 5 20 21 08 8141.00000 6.77300000 194.80000 44.97000 10.08900 42.08100
 2 5 20 21 09 8139.30000 6.77300000 194.72000 44.97000 10.08900 42.08100
 2 5 20 21 09 8134.50000 6.77300000 194.71000 44.79000 10.08900 42.08100
 2 5 20 21 10 8135.80000 6.77300000 194.58000 44.71000 10.08900 42.08100
 2 5 20 21 10 8133.30000 6.77300000 194.69000 44.76000 10.08900 42.08100
