M=[
22 11 20 04 05 15590.50000 5.37400000 460.33000 71.00000 13.99600 58.32700
22 11 20 04 06 15584.30000 5.37400000 460.33000 71.00000 13.99600 58.15300
22 11 20 04 06 15594.70000 5.37400000 460.08000 71.00000 13.99600 58.15300
22 11 20 04 07 15597.70000 5.37400000 460.08000 71.00000 13.99600 58.15300
22 11 20 04 07 15596.70000 5.37400000 460.08000 71.00000 13.99600 58.15300
22 11 20 04 07 15590.10000 5.37400000 460.08000 71.00000 13.99600 58.15300
22 11 20 04 08 15594.40000 5.37400000 460.08000 71.00000 13.99600 58.15300
22 11 20 04 08 15588.40000 5.37400000 460.08000 71.00000 13.99600 58.15300
22 11 20 04 09 15588.40000 5.37400000 460.08000 70.98000 13.99600 58.15300
22 11 20 04 09 15588.40000 5.37400000 460.08000 71.00000 13.99600 57.97000
22 11 20 04 10 15588.30000 5.37400000 459.94000 71.00000 13.99600 57.97000
22 11 20 04 10 15588.30000 5.37400000 459.94000 70.97000 13.99600 57.97000
22 11 20 04 10 15588.30000 5.37400000 459.94000 70.91000 13.99600 57.97000
22 11 20 04 11 15585.00000 5.37400000 459.94000 70.91000 13.99600 57.97000
22 11 20 04 11 15585.00000 5.37400000 460.17000 70.89000 13.99600 57.97000
22 11 20 04 12 15585.00000 5.37400000 460.25000 70.89000 13.99600 57.91600
22 11 20 04 12 15585.00000 5.37400000 460.25000 70.85000 13.99600 57.91600
22 11 20 04 13 15585.00000 5.37400000 460.25000 70.79000 13.99600 57.91600
22 11 20 04 13 15585.00000 5.37400000 460.25000 70.76000 13.99600 57.91600
22 11 20 04 13 15584.50000 5.37400000 459.60000 70.76000 13.99600 57.91600
22 11 20 04 14 15584.60000 5.37400000 459.60000 70.76000 13.99600 57.91600
22 11 20 04 14 15584.60000 5.37400000 459.69000 70.76000 13.99600 57.91600
22 11 20 04 15 15584.30000 5.37400000 459.69000 70.76000 13.99600 57.91600
22 11 20 04 15 15565.90000 5.37400000 459.69000 70.77000 13.99600 57.91600
22 11 20 04 16 15565.90000 5.37400000 459.51000 70.74000 13.99600 57.82200
22 11 20 04 16 15547.80000 5.34000000 459.12000 70.82000 13.99600 57.76000
22 11 20 04 16 15547.20000 5.34000000 459.20000 70.82000 13.99600 57.58100
22 11 20 04 17 15553.80000 5.34000000 459.20000 70.82000 13.99600 57.58100
22 11 20 04 17 15553.80000 5.34000000 460.14000 70.81000 13.99600 57.58100
22 11 20 04 18 15544.50000 5.34000000 459.79000 70.81000 13.91000 57.58100
22 11 20 04 18 15546.40000 5.34000000 459.84000 70.81000 13.97600 57.58100
22 11 20 04 19 15557.60000 5.34000000 460.14000 70.81000 13.97600 57.58100
22 11 20 04 19 15553.30000 5.34000000 460.14000 71.01000 13.97600 57.58100
22 11 20 04 19 15556.90000 5.34000000 460.14000 71.01000 13.97600 57.58100
22 11 20 04 20 15573.60000 5.34000000 460.14000 71.01000 13.97600 57.58100
22 11 20 04 20 15577.00000 5.34000000 460.37000 71.01000 13.97600 57.58100
22 11 20 04 21 15576.90000 5.34000000 460.37000 71.01000 13.97600 57.58100
22 11 20 04 21 15578.40000 5.34000000 460.70000 71.10000 13.97600 57.58100
22 11 20 04 22 15583.60000 5.34000000 460.64000 71.10000 13.97600 57.58100
22 11 20 04 22 15583.60000 5.34000000 460.34000 71.13000 13.97600 57.58100
22 11 20 04 22 15590.20000 5.34000000 460.34000 71.15000 13.97600 57.58100
22 11 20 04 23 15590.20000 5.34000000 460.59000 71.15000 13.97600 57.58100
22 11 20 04 23 15581.50000 5.34000000 460.59000 71.24000 13.97600 57.58100
22 11 20 04 24 15579.80000 5.34000000 460.59000 71.24000 13.97600 57.58100
22 11 20 04 24 15579.80000 5.34000000 460.59000 71.22000 13.97600 57.58100
22 11 20 04 25 15573.30000 5.34000000 460.59000 71.22000 13.97600 57.58100
22 11 20 04 25 15570.60000 5.34000000 460.59000 71.20000 13.97600 57.58100
22 11 20 04 25 15570.60000 5.34000000 460.59000 71.20000 13.97600 57.58100
22 11 20 04 26 15570.60000 5.34000000 460.59000 71.20000 13.97600 57.58100
22 11 20 04 26 15592.50000 5.34000000 460.77000 71.20000 13.97600 57.58100
22 11 20 04 27 15592.50000 5.34000000 460.77000 71.20000 13.97600 57.58100
22 11 20 04 27 15586.70000 5.34000000 460.77000 71.20000 13.97600 57.58100
22 11 20 04 28 15595.10000 5.34000000 460.77000 71.20000 13.97600 57.58100
22 11 20 04 28 15595.00000 5.34000000 460.59000 71.20000 13.97600 57.58100
22 11 20 04 28 15587.60000 5.34000000 460.59000 71.18000 13.97600 57.58100
22 11 20 04 29 15587.60000 5.34000000 459.32000 71.18000 13.97600 57.58100
22 11 20 04 29 15597.00000 5.34000000 459.69000 71.18000 13.97600 57.58100
22 11 20 04 30 15596.80000 5.34000000 459.69000 71.18000 13.97600 57.58100
22 11 20 04 30 15600.00000 5.34000000 460.22000 71.26000 13.97600 57.58100
22 11 20 04 31 15600.00000 5.34000000 460.22000 71.26000 13.97600 57.58100
22 11 20 04 31 15600.00000 5.34000000 460.22000 71.26000 13.97600 57.58100
22 11 20 04 31 15600.00000 5.34000000 460.38000 71.34000 13.97600 57.58100
22 11 20 04 32 15600.00000 5.34000000 460.38000 71.34000 13.97600 57.58100
22 11 20 04 32 15600.00000 5.34000000 460.96000 71.34000 13.97600 57.58100
22 11 20 04 33 15600.00000 5.34000000 460.96000 71.34000 13.97600 57.58100
22 11 20 04 33 15599.90000 5.34000000 460.96000 71.34000 13.97600 57.58100
22 11 20 04 34 15600.00000 5.34000000 460.96000 71.56000 13.97600 57.58100
22 11 20 04 34 15600.00000 5.34000000 460.96000 71.56000 13.97600 57.58100
22 11 20 04 34 15600.00000 5.34000000 460.96000 71.55000 13.97600 57.58100
22 11 20 04 35 15600.00000 5.34000000 461.20000 71.55000 13.97600 57.58100
22 11 20 04 35 15599.90000 5.34000000 461.20000 71.55000 13.97600 57.58100
22 11 20 04 36 15600.00000 5.34000000 461.20000 71.55000 13.97600 57.58100
22 11 20 04 36 15600.00000 5.34000000 460.97000 71.51000 13.97600 57.58100
22 11 20 04 36 15599.90000 5.34000000 460.97000 71.45000 13.97600 57.58100
22 11 20 04 37 15599.90000 5.34000000 460.97000 71.45000 13.97600 57.58100
22 11 20 04 37 15599.90000 5.34000000 460.97000 71.45000 13.97600 57.58100
22 11 20 04 38 15618.00000 5.34000000 460.97000 71.45000 13.97600 57.58100
22 11 20 04 38 15618.00000 5.34000000 460.97000 71.45000 13.97600 57.58100
22 11 20 04 39 15618.00000 5.34000000 460.97000 71.45000 13.97600 57.58100
22 11 20 04 39 15616.20000 5.34000000 461.20000 71.54000 13.97600 57.58100
22 11 20 04 39 15616.00000 5.34000000 461.09000 71.54000 13.97600 57.58100
22 11 20 04 40 15618.40000 5.34000000 461.27000 71.54000 13.97600 57.58100
22 11 20 04 40 15624.60000 5.34000000 461.18000 71.54000 13.97600 57.58100
22 11 20 04 41 15628.80000 5.34000000 461.18000 71.54000 13.97600 57.58100
22 11 20 04 41 15628.80000 5.34000000 461.18000 71.54000 13.97600 57.58100
22 11 20 04 42 15630.80000 5.34000000 461.18000 71.59000 13.97600 57.58100
22 11 20 04 42 15632.90000 5.34000000 461.52000 71.61000 13.97600 57.58100
22 11 20 04 42 15632.90000 5.34000000 461.52000 71.61000 13.97600 57.58100
22 11 20 04 43 15648.00000 5.34000000 461.89000 71.61000 13.97600 57.58100
22 11 20 04 43 15653.40000 5.34000000 461.88000 71.61000 13.97600 57.58100
22 11 20 04 44 15656.90000 5.34000000 461.88000 71.71000 13.97600 57.58100
22 11 20 04 44 15657.00000 5.34000000 461.88000 71.71000 13.97600 57.58100
22 11 20 04 45 15661.70000 5.34000000 462.12000 71.71000 13.97600 57.58100
22 11 20 04 45 15662.50000 5.34000000 462.12000 71.71000 13.97600 58.63400
22 11 20 04 45 15663.10000 5.34000000 462.16000 71.75000 13.97600 58.63500
22 11 20 04 46 15663.10000 5.34000000 462.16000 71.70000 13.97600 58.63500
22 11 20 04 46 15663.20000 5.34000000 462.16000 71.69000 13.97600 58.63500
22 11 20 04 47 15656.90000 5.34000000 462.16000 71.66000 13.97600 58.63500
22 11 20 04 47 15656.90000 5.34000000 462.12000 71.66000 13.97600 58.63500
22 11 20 04 48 15635.70000 5.34000000 461.43000 71.66000 13.97600 58.63500
22 11 20 04 48 15644.10000 5.34000000 460.72000 71.66000 13.97600 58.63500
22 11 20 04 48 15643.80000 5.34000000 460.72000 71.66000 13.97600 58.63500
22 11 20 04 49 15645.90000 5.34000000 460.72000 71.66000 13.97600 58.63500
22 11 20 04 49 15645.90000 5.34000000 460.72000 71.66000 13.97600 58.63500
22 11 20 04 50 15645.90000 5.34000000 461.10000 71.54000 13.97600 58.63500
22 11 20 04 50 15640.90000 5.34000000 461.06000 71.54000 13.97600 58.63500
