M=[
20 5 21 01 22 30093.20000 47.01800000 1892.06000 148.17000 20.80800 119.13500
20 5 21 01 22 30097.30000 46.85400000 1891.14000 147.70000 20.55000 118.82000
20 5 21 01 23 30303.40000 47.08100000 1909.07000 148.07000 20.55000 119.25900
20 5 21 01 23 30345.20000 47.46500000 1904.55000 148.73000 20.55000 119.25900
20 5 21 01 24 30301.30000 47.46500000 1902.95000 148.58000 20.55000 119.25900
20 5 21 01 24 30452.50000 47.82000000 1910.55000 149.69000 20.55000 120.58900
20 5 21 01 25 30359.90000 47.56700000 1904.89000 149.29000 20.55000 119.49100
20 5 21 01 25 30202.10000 47.24600000 1890.01000 148.46000 20.55700 119.49100
20 5 21 01 25 30237.70000 47.18300000 1894.99000 148.39000 20.55700 119.75600
20 5 21 01 26 30155.90000 47.04400000 1889.90000 147.58000 20.50400 119.48500
20 5 21 01 26 30325.80000 47.12200000 1905.92000 147.69000 20.50400 119.37500
20 5 21 01 27 30767.50000 47.61900000 1942.26000 150.30000 20.50400 119.37500
20 5 21 01 27 30863.50000 48.04100000 1943.65000 150.88000 20.84900 122.04600
20 5 21 01 28 30799.30000 47.90800000 1944.15000 150.07000 20.84900 121.60100
20 5 21 01 28 30715.00000 47.90800000 1941.00000 149.79000 20.84900 121.49800
20 5 21 01 28 30812.50000 47.90800000 1952.00000 150.39000 20.84900 120.98100
20 5 21 01 29 30784.50000 47.84900000 1954.25000 150.33000 20.84900 120.98100
20 5 21 01 29 30704.40000 47.84900000 1940.75000 150.33000 20.55600 121.35700
20 5 21 01 30 30658.30000 47.84900000 1933.99000 149.13000 20.55600 120.97900
20 5 21 01 30 30843.40000 47.74400000 1949.94000 150.85000 20.55600 122.05200
20 5 21 01 31 30783.30000 47.98700000 1941.39000 150.63000 20.55600 122.05200
20 5 21 01 31 30708.70000 47.93200000 1933.42000 150.44000 20.55600 121.75000
20 5 21 01 31 30717.20000 47.93200000 1927.68000 150.44000 20.55600 121.60000
20 5 21 01 32 30587.10000 47.61900000 1901.19000 149.16000 20.57600 120.78700
20 5 21 01 32 30536.70000 47.37500000 1896.83000 149.52000 20.57600 120.56000
20 5 21 01 33 30718.20000 47.60000000 1927.17000 151.46000 20.57600 121.76300
20 5 21 01 33 30668.00000 47.68300000 1904.52000 151.02000 20.57600 121.71200
20 5 21 01 34 30698.70000 47.43500000 1903.37000 150.95000 20.57600 121.72900
20 5 21 01 34 30634.30000 47.48300000 1903.20000 150.04000 20.57600 121.61100
20 5 21 01 34 30581.60000 47.48300000 1899.44000 149.22000 20.57600 121.61100
20 5 21 01 35 30572.10000 47.34600000 1896.10000 149.29000 20.57600 121.61100
20 5 21 01 35 30755.10000 47.34600000 1916.09000 150.63000 20.57600 121.93700
20 5 21 01 36 30763.10000 47.67200000 1912.92000 150.34000 20.57600 121.84600
20 5 21 01 36 30598.90000 47.54400000 1905.61000 149.33000 20.57600 121.84600
20 5 21 01 37 30548.50000 47.54400000 1900.18000 149.04000 20.57600 121.56300
20 5 21 01 37 30487.50000 47.20900000 1896.15000 149.14000 20.57600 121.56300
20 5 21 01 37 30506.30000 47.07300000 1893.01000 148.93000 20.57600 120.98200
20 5 21 01 38 30516.50000 47.07300000 1898.74000 149.69000 20.57600 120.70300
20 5 21 01 38 30451.20000 47.07300000 1890.92000 149.06000 20.57600 120.39300
20 5 21 01 39 30467.60000 47.07300000 1892.71000 148.63000 20.57600 120.74800
20 5 21 01 39 30433.20000 47.07300000 1887.03000 148.58000 20.57600 120.74800
20 5 21 01 40 30600.00000 47.13700000 1905.46000 150.05000 20.57600 121.79700
20 5 21 01 40 30605.90000 47.29700000 1904.50000 149.91000 20.57600 122.61700
20 5 21 01 40 30429.30000 47.40800000 1885.55000 148.66000 20.71700 122.61700
20 5 21 01 41 30429.80000 47.40800000 1890.32000 149.47000 20.71700 122.61700
20 5 21 01 41 30444.10000 47.07800000 1889.03000 149.47000 20.71700 122.61700
20 5 21 01 42 30464.90000 47.14800000 1898.50000 149.70000 20.71700 122.61700
20 5 21 01 42 30605.80000 47.14800000 1907.83000 150.77000 20.71700 122.69900
20 5 21 01 43 30540.70000 47.14800000 1894.01000 150.39000 20.71700 122.69900
20 5 21 01 43 30519.10000 47.14800000 1895.20000 149.55000 20.71700 121.80400
20 5 21 01 43 30465.90000 47.14800000 1891.00000 149.39000 20.71700 121.80400
20 5 21 01 44 30474.70000 47.14400000 1892.54000 149.33000 20.71700 121.80400
20 5 21 01 44 30424.40000 47.14400000 1895.30000 149.01000 20.71700 121.55200
20 5 21 01 45 30444.00000 47.14400000 1889.57000 149.07000 20.71700 121.55200
20 5 21 01 45 30315.60000 47.14400000 1889.05000 148.13000 20.71700 121.13300
20 5 21 01 46 30368.00000 47.05700000 1893.81000 148.32000 20.63700 121.13300
20 5 21 01 46 30485.00000 47.09200000 1905.32000 149.08000 20.63700 121.13300
20 5 21 01 46 30518.00000 47.28400000 1907.43000 149.26000 20.63700 121.13300
20 5 21 01 47 30717.90000 47.70500000 1929.37000 150.48000 20.66800 123.74500
20 5 21 01 47 30610.50000 47.70500000 1917.50000 150.48000 20.66800 123.74500
20 5 21 01 48 30570.40000 47.70500000 1914.57000 149.29000 20.66800 123.74500
20 5 21 01 48 30417.50000 47.34200000 1903.29000 148.57000 20.66800 123.74500
20 5 21 01 49 30269.20000 47.15800000 1890.37000 147.41000 20.66800 123.74500
20 5 21 01 49 30224.70000 47.15800000 1889.03000 147.88000 20.65100 120.27400
20 5 21 01 49 30240.90000 46.67900000 1888.84000 147.32000 20.65100 120.27400
20 5 21 01 50 30284.80000 46.67900000 1901.84000 148.07000 20.65100 120.27400
20 5 21 01 50 30198.60000 46.67900000 1887.70000 147.89000 20.65100 120.27400
20 5 21 01 51 30283.60000 46.67900000 1894.81000 147.89000 20.65100 120.27400
20 5 21 01 51 30242.60000 46.80800000 1891.57000 147.88000 20.65100 120.27400
20 5 21 01 52 30299.80000 46.80800000 1894.04000 147.85000 20.63800 120.27400
20 5 21 01 52 30292.00000 46.79200000 1891.32000 147.80000 20.63800 120.27400
20 5 21 01 52 30257.70000 46.79200000 1892.80000 147.28000 20.63800 120.27400
20 5 21 01 53 30361.40000 46.79200000 1900.00000 147.28000 20.63800 120.27400
20 5 21 01 53 30446.00000 47.18900000 1906.46000 147.28000 20.63800 121.79800
20 5 21 01 54 30204.40000 47.16800000 1891.16000 146.84000 20.63800 121.79800
20 5 21 01 54 30101.40000 46.69100000 1887.94000 146.55000 20.63800 120.09100
20 5 21 01 55 30169.30000 46.69100000 1892.52000 146.27000 20.63800 120.14900
20 5 21 01 55 30351.60000 46.72600000 1907.62000 147.96000 20.63800 121.47000
20 5 21 01 55 30497.90000 47.11500000 1911.16000 148.23000 20.83800 121.47000
20 5 21 01 56 30569.50000 47.01300000 1924.81000 148.54000 20.83800 121.93200
20 5 21 01 56 30535.70000 47.23900000 1918.64000 148.28000 20.83800 121.93200
20 5 21 01 57 30519.90000 47.23900000 1916.00000 148.28000 20.83800 121.93200
20 5 21 01 57 30561.00000 47.35700000 1922.70000 148.33000 20.83800 121.93200
20 5 21 01 58 30529.30000 47.35700000 1919.82000 148.90000 20.83800 122.76800
20 5 21 01 58 30472.60000 47.29400000 1916.24000 148.20000 20.83800 122.76800
20 5 21 01 58 30512.70000 47.51100000 1924.94000 148.33000 20.83800 122.59700
20 5 21 01 59 30562.00000 47.51100000 1931.22000 148.60000 20.53800 122.61200
20 5 21 01 59 30551.60000 47.48500000 1930.07000 148.08000 20.53800 122.61200
20 5 21 02 00 30462.00000 47.48500000 1914.98000 148.08000 20.83600 122.61200
20 5 21 02 00 30528.70000 47.48500000 1933.39000 148.33000 20.83600 122.97800
20 5 21 02 01 30514.60000 47.48500000 1931.64000 148.74000 20.83600 122.97800
20 5 21 02 01 30578.90000 47.59700000 1937.30000 149.35000 20.83600 123.01600
20 5 21 02 02 30644.50000 47.88700000 1942.23000 149.52000 20.83600 123.47500
20 5 21 02 02 30718.20000 47.95300000 1941.29000 149.88000 20.83600 124.27800
20 5 21 02 02 30820.60000 48.36700000 1946.96000 150.18000 20.83600 124.49700
20 5 21 02 03 30814.30000 48.22300000 1945.82000 150.18000 20.83600 124.64100
20 5 21 02 03 30794.40000 48.22300000 1944.99000 150.22000 20.83600 124.64100
20 5 21 02 04 30799.10000 48.19400000 1941.70000 150.45000 20.84000 126.24200
20 5 21 02 04 30758.40000 48.19400000 1938.54000 150.45000 20.84000 125.35900
20 5 21 02 05 30756.40000 48.19400000 1945.00000 150.69000 20.84000 126.26600
20 5 21 02 05 30743.40000 48.19400000 1944.37000 150.69000 20.84000 126.66300
20 5 21 02 05 30964.40000 48.07700000 1963.69000 151.51000 20.84000 126.66300
