M=[
27 9 20 15 12 9178.80000 4.96000000 302.24000 38.84000 12.75100 46.62300
27 9 20 15 13 9167.20000 4.96000000 302.24000 38.84000 12.75100 46.62300
27 9 20 15 13 9167.20000 4.96000000 302.24000 38.87000 12.75100 46.62300
27 9 20 15 14 9164.10000 4.96000000 301.75000 38.84000 12.75100 46.62300
27 9 20 15 14 9163.90000 4.96000000 301.79000 38.84000 12.75100 46.62300
27 9 20 15 15 9162.60000 4.96000000 301.70000 38.84000 12.75100 46.62300
27 9 20 15 15 9163.20000 4.96000000 301.56000 38.84000 12.75100 46.62300
27 9 20 15 15 9162.00000 4.96000000 301.51000 38.84000 12.75100 46.62300
27 9 20 15 16 9161.10000 4.96000000 301.26000 38.84000 12.75100 46.62300
27 9 20 15 16 9158.70000 4.96000000 301.26000 38.84000 12.75100 46.62300
27 9 20 15 17 9158.70000 4.96000000 301.26000 38.84000 12.75100 46.62300
27 9 20 15 17 9158.80000 4.96000000 301.21000 38.84000 12.75100 46.62300
27 9 20 15 18 9160.00000 4.96000000 301.22000 38.84000 12.75100 46.62300
27 9 20 15 18 9159.90000 4.96000000 301.22000 38.84000 12.75100 46.62300
27 9 20 15 18 9160.00000 4.96000000 301.32000 38.84000 12.75100 46.62300
27 9 20 15 19 9160.00000 4.96000000 300.94000 38.84000 12.75100 46.62300
27 9 20 15 19 9160.00000 4.96000000 300.94000 38.84000 12.75100 46.62300
27 9 20 15 20 9154.00000 4.96000000 300.96000 38.84000 12.75100 46.62300
27 9 20 15 20 9153.20000 4.96000000 301.04000 38.84000 12.75100 46.62300
27 9 20 15 21 9152.00000 4.96000000 301.04000 38.84000 12.75100 46.62300
27 9 20 15 21 9152.00000 4.96000000 300.79000 38.84000 12.75100 46.60000
27 9 20 15 22 9150.10000 4.96000000 300.33000 38.84000 12.75100 46.60000
27 9 20 15 22 9150.10000 4.96000000 300.33000 38.84000 12.75100 46.60000
27 9 20 15 22 9150.60000 4.96000000 300.33000 38.84000 12.75100 46.60000
27 9 20 15 23 9148.00000 4.96000000 300.51000 38.84000 12.75100 46.60000
27 9 20 15 23 9146.20000 4.96000000 300.67000 38.73000 12.75100 46.60000
27 9 20 15 24 9144.90000 4.96000000 300.67000 38.73000 12.75100 46.60000
27 9 20 15 24 9143.80000 4.96000000 300.31000 38.73000 12.75100 46.56000
27 9 20 15 25 9150.40000 4.96000000 300.37000 38.73000 12.75100 46.56000
27 9 20 15 25 9150.00000 4.96000000 300.49000 38.73000 12.75100 46.56000
27 9 20 15 25 9153.70000 4.96000000 300.76000 38.73000 12.75100 46.56000
27 9 20 15 26 9152.30000 4.96000000 300.77000 38.73000 12.75100 46.56000
27 9 20 15 26 9156.30000 4.96000000 300.77000 38.73000 12.75100 46.56000
27 9 20 15 27 9154.30000 4.93900000 300.77000 38.73000 12.75100 46.56000
27 9 20 15 27 9154.30000 4.93900000 300.62000 38.73000 12.75100 46.56000
27 9 20 15 28 9153.30000 4.93900000 300.62000 38.73000 12.75100 46.56000
27 9 20 15 28 9152.20000 4.93900000 300.75000 38.73000 12.75100 46.56000
27 9 20 15 28 9154.50000 4.93900000 300.75000 38.73000 12.75100 46.56000
27 9 20 15 29 9159.30000 4.93900000 300.83000 38.73000 12.75100 46.56000
27 9 20 15 29 9162.90000 4.93900000 300.83000 38.73000 12.75100 46.56000
27 9 20 15 30 9162.90000 4.93900000 300.82000 38.73000 12.75100 46.56000
27 9 20 15 30 9161.90000 4.93900000 300.75000 38.73000 12.75100 46.56000
27 9 20 15 31 9162.00000 4.93900000 300.76000 38.73000 12.75100 46.56000
27 9 20 15 31 9161.90000 4.93900000 300.75000 38.73000 12.75100 46.52300
27 9 20 15 31 9162.00000 4.93900000 300.32000 38.73000 12.75100 46.52300
27 9 20 15 32 9162.00000 4.93900000 300.38000 38.73000 12.74600 46.52300
27 9 20 15 32 9161.90000 4.93900000 300.44000 38.73000 12.74600 46.52300
27 9 20 15 33 9161.90000 4.93900000 300.34000 38.73000 12.74600 46.52300
27 9 20 15 33 9153.00000 4.93900000 300.34000 38.72000 12.74600 46.52300
27 9 20 15 34 9153.40000 4.93900000 300.35000 38.72000 12.74600 46.52300
27 9 20 15 34 9156.50000 4.93900000 300.35000 38.72000 12.74600 46.52300
27 9 20 15 35 9157.80000 4.93900000 300.35000 38.72000 12.74600 46.52300
27 9 20 15 35 9161.90000 4.93900000 300.35000 38.72000 12.74600 46.52300
27 9 20 15 35 9161.50000 4.93900000 300.35000 38.72000 12.74600 46.71600
27 9 20 15 36 9160.50000 4.93900000 300.35000 38.72000 12.74600 46.71600
27 9 20 15 36 9161.20000 4.93900000 300.98000 38.72000 12.74600 46.71600
27 9 20 15 37 9165.50000 4.93900000 301.38000 38.72000 12.74600 46.71600
27 9 20 15 37 9165.40000 4.93900000 301.38000 38.72000 12.74600 46.71600
27 9 20 15 38 9168.10000 4.93900000 301.38000 38.72000 12.74600 46.71600
27 9 20 15 38 9168.10000 4.93900000 301.50000 38.72000 12.74600 46.71600
27 9 20 15 38 9167.00000 4.93900000 301.68000 38.72000 12.74600 46.71600
27 9 20 15 39 9167.00000 4.93900000 301.68000 38.72000 12.74600 46.71600
27 9 20 15 39 9170.00000 4.93900000 301.89000 38.72000 12.74600 46.71600
27 9 20 15 40 9169.90000 4.93900000 301.89000 38.95000 12.69600 46.71600
27 9 20 15 40 9171.60000 4.93900000 302.19000 38.95000 12.69600 46.71600
27 9 20 15 41 9177.70000 4.93900000 302.67000 38.95000 12.69600 46.71600
27 9 20 15 41 9181.60000 4.93900000 302.68000 38.95000 12.69600 46.84300
27 9 20 15 41 9183.40000 4.93900000 302.79000 38.95000 12.69600 46.84300
27 9 20 15 42 9211.00000 4.93900000 303.67000 39.25000 12.69600 46.84300
27 9 20 15 42 9208.00000 4.93900000 303.69000 39.24000 12.76300 46.84300
27 9 20 15 43 9203.20000 4.94200000 303.68000 39.24000 12.76300 46.84300
27 9 20 15 43 9206.80000 4.94200000 303.82000 39.17000 12.76300 46.84300
27 9 20 15 44 9209.90000 4.94200000 303.95000 39.17000 12.76300 46.84300
27 9 20 15 44 9206.70000 4.94200000 303.83000 39.17000 12.76300 46.84300
27 9 20 15 45 9207.20000 4.93900000 303.82000 39.17000 12.76300 47.03400
27 9 20 15 45 9208.40000 4.93900000 304.03000 39.30000 12.76300 47.03400
27 9 20 15 46 9234.50000 4.94800000 304.85000 39.36000 12.76300 47.13300
27 9 20 15 46 9221.80000 4.94800000 304.71000 39.36000 12.76300 47.13300
27 9 20 15 46 9229.30000 4.94800000 304.55000 39.24000 12.76300 47.13300
27 9 20 15 47 9226.40000 4.94800000 304.24000 39.24000 12.76300 47.13300
27 9 20 15 47 9224.00000 4.94800000 304.16000 39.24000 12.76300 47.13300
27 9 20 15 48 9224.90000 4.94800000 304.01000 39.24000 12.76300 47.13300
27 9 20 15 48 9221.60000 4.94800000 304.12000 39.24000 12.76300 47.13300
27 9 20 15 49 9213.60000 4.94800000 303.80000 39.24000 12.76300 47.13300
27 9 20 15 49 9213.40000 4.94800000 304.02000 39.24000 12.76300 47.13300
27 9 20 15 49 9214.80000 4.94800000 304.08000 39.17000 12.76300 47.13300
27 9 20 15 50 9217.60000 4.94800000 304.29000 39.19000 12.76300 47.13300
27 9 20 15 50 9217.50000 4.94800000 304.28000 39.19000 12.76300 47.13300
27 9 20 15 51 9217.50000 4.94800000 304.49000 39.19000 12.76300 47.13300
27 9 20 15 51 9217.30000 4.94800000 304.49000 39.19000 12.76300 47.13300
27 9 20 15 52 9217.60000 4.94800000 304.59000 39.19000 12.76300 47.13300
27 9 20 15 52 9217.60000 4.94800000 304.50000 39.19000 12.76300 47.13300
27 9 20 15 53 9221.80000 4.94800000 304.74000 39.19000 12.76300 47.13300
27 9 20 15 53 9222.00000 4.94800000 304.74000 39.19000 12.76300 47.15500
27 9 20 15 53 9222.00000 4.94800000 304.74000 39.19000 12.76300 47.15500
27 9 20 15 54 9222.10000 4.94800000 305.00000 39.28000 12.76300 47.15500
27 9 20 15 55 9241.80000 4.94800000 306.31000 39.57000 12.76300 47.20800
27 9 20 15 55 9241.90000 4.94800000 305.71000 39.61000 12.76300 47.20800
27 9 20 15 56 9240.40000 4.94800000 305.55000 39.61000 12.76300 47.20800
27 9 20 15 56 9240.40000 4.94800000 305.55000 39.61000 12.76000 47.20800
27 9 20 15 57 9240.30000 4.94800000 305.12000 39.61000 12.76000 47.20800
27 9 20 15 57 9235.90000 4.94800000 305.08000 39.61000 12.76000 47.20800
27 9 20 15 57 9236.40000 4.94800000 304.88000 39.61000 12.76000 47.20800
27 9 20 15 58 9236.00000 4.94800000 304.95000 39.61000 12.76200 47.20800
27 9 20 15 58 9236.40000 4.94800000 304.95000 39.61000 12.76200 47.20800
27 9 20 15 59 9240.20000 4.94800000 305.55000 39.40000 12.76200 47.20800
27 9 20 15 59 9240.40000 4.94800000 305.42000 39.49000 12.76200 47.25900
27 9 20 16 00 9240.40000 4.94800000 305.53000 39.49000 12.76200 47.25900
27 9 20 16 00 9245.90000 4.95000000 305.26000 39.53000 12.76200 47.38500
