M=[
24 6 20 18 12 8275.40000 5.51600000 208.42000 37.93000 15.05000 49.09900
24 6 20 18 12 8281.00000 5.51600000 208.45000 37.93000 15.05000 49.09900
24 6 20 18 13 8280.50000 5.52300000 208.45000 37.93000 15.06200 49.09900
24 6 20 18 13 8277.80000 5.52300000 208.29000 37.93000 15.06200 49.09900
24 6 20 18 14 8277.30000 5.52300000 208.37000 37.93000 15.06200 49.09900
24 6 20 18 14 8277.30000 5.52300000 208.37000 37.93000 15.06200 49.09900
24 6 20 18 15 8278.70000 5.52300000 208.37000 37.90000 15.06200 49.09900
24 6 20 18 15 8278.70000 5.52300000 208.49000 37.90000 15.06200 49.29900
24 6 20 18 16 8278.80000 5.52300000 208.59000 37.90000 15.06200 49.29900
24 6 20 18 16 8278.80000 5.52300000 208.59000 37.90000 15.06200 49.29900
24 6 20 18 17 8278.80000 5.52300000 208.54000 37.90000 15.06200 49.29900
24 6 20 18 17 8278.40000 5.52300000 208.34000 37.90000 15.06200 49.29900
24 6 20 18 17 8278.50000 5.52300000 208.34000 37.91000 15.06200 49.29900
24 6 20 18 18 8278.60000 5.52300000 208.43000 37.88000 15.06200 49.29900
24 6 20 18 18 8278.80000 5.52300000 208.58000 37.88000 15.06200 49.29900
24 6 20 18 19 8278.80000 5.52300000 208.67000 37.88000 15.06200 49.19900
24 6 20 18 19 8280.90000 5.52300000 208.67000 37.88000 15.06200 49.19900
24 6 20 18 20 8287.20000 5.52300000 208.65000 37.94000 15.06200 49.29900
24 6 20 18 20 8286.90000 5.52300000 208.60000 37.94000 15.06200 49.19900
24 6 20 18 21 8286.90000 5.53500000 208.60000 37.94000 15.06200 49.29900
24 6 20 18 21 8284.60000 5.53500000 208.58000 37.94000 15.06200 49.29900
24 6 20 18 22 8284.50000 5.53500000 208.59000 37.94000 15.06200 49.29900
24 6 20 18 22 8282.10000 5.53500000 208.61000 37.94000 15.06200 49.29900
24 6 20 18 23 8282.20000 5.53500000 208.69000 37.94000 15.06200 49.29900
24 6 20 18 23 8282.20000 5.53500000 208.65000 37.94000 15.06200 49.19900
24 6 20 18 23 8280.10000 5.53500000 208.65000 37.94000 15.06200 49.29900
24 6 20 18 24 8283.00000 5.53500000 208.64000 37.91000 15.06200 49.29900
24 6 20 18 24 8282.00000 5.53500000 208.58000 37.91000 15.06200 49.29900
24 6 20 18 25 8284.80000 5.53500000 208.58000 37.91000 15.06200 49.29900
24 6 20 18 25 8284.00000 5.53500000 208.58000 37.96000 15.06200 49.29900
24 6 20 18 26 8284.50000 5.53500000 208.58000 37.91000 15.06200 49.29900
24 6 20 18 26 8285.00000 5.53500000 208.76000 37.96000 15.06200 49.29900
24 6 20 18 27 8287.00000 5.53500000 208.77000 37.94000 15.10600 49.29900
24 6 20 18 27 8296.30000 5.53500000 208.78000 37.94000 15.10600 49.29900
24 6 20 18 28 8289.50000 5.53500000 208.89000 37.95000 15.10600 49.29900
24 6 20 18 28 8286.10000 5.53500000 208.81000 37.95000 15.10600 49.29900
24 6 20 18 29 8286.10000 5.53500000 208.78000 37.95000 15.10600 49.29900
24 6 20 18 29 8287.60000 5.53500000 208.78000 37.95000 15.10600 49.29900
24 6 20 18 30 8288.10000 5.53500000 208.79000 37.95000 15.10600 49.30400
24 6 20 18 30 8289.10000 5.53500000 208.83000 37.95000 15.10600 49.32100
24 6 20 18 31 8295.70000 5.53500000 208.83000 37.97000 15.10600 49.33000
24 6 20 18 31 8293.80000 5.53500000 208.91000 37.97000 15.10600 49.33000
24 6 20 18 31 8294.00000 5.53500000 208.84000 37.97000 15.10600 49.33000
24 6 20 18 32 8289.10000 5.53000000 208.80000 37.97000 15.10600 49.33000
24 6 20 18 33 8290.10000 5.53000000 208.79000 37.96000 15.10600 49.43000
24 6 20 18 33 8290.10000 5.53000000 208.92000 37.94000 15.10600 49.43000
24 6 20 18 33 8290.10000 5.53000000 208.96000 37.96000 15.10600 49.43000
24 6 20 18 34 8296.80000 5.53000000 208.97000 37.99000 15.10600 49.43000
24 6 20 18 34 8297.20000 5.53000000 208.90000 37.96000 15.10600 49.43000
24 6 20 18 35 8298.70000 5.53000000 208.86000 37.95000 15.10600 49.43000
24 6 20 18 35 8298.70000 5.53000000 208.94000 37.95000 15.10600 49.43000
24 6 20 18 36 8301.70000 5.53000000 208.87000 37.96000 15.10600 49.43000
24 6 20 18 36 8300.60000 5.53000000 208.88000 37.96000 15.10600 49.43000
24 6 20 18 37 8300.00000 5.53000000 208.87000 37.96000 15.10600 49.43000
24 6 20 18 37 8299.10000 5.53000000 208.87000 37.96000 15.10600 49.43000
24 6 20 18 38 8300.10000 5.53000000 208.84000 37.96000 15.10600 49.47200
24 6 20 18 38 8300.10000 5.53000000 208.84000 37.96000 15.10600 49.47200
24 6 20 18 39 8300.10000 5.53500000 208.87000 37.96000 15.10600 49.47200
24 6 20 18 39 8296.00000 5.53000000 208.75000 37.90000 15.10600 49.47200
24 6 20 18 40 8296.10000 5.53000000 208.61000 37.90000 15.10600 49.47200
24 6 20 18 40 8296.10000 5.53000000 208.61000 37.90000 15.10600 49.47200
24 6 20 18 41 8292.80000 5.53000000 208.57000 37.90000 15.10600 49.47200
24 6 20 18 41 8293.70000 5.53000000 208.52000 37.90000 15.10600 49.47200
24 6 20 18 41 8291.10000 5.53000000 208.53000 37.90000 15.10600 49.47200
24 6 20 18 42 8291.60000 5.53000000 208.52000 37.87000 15.10600 49.47200
24 6 20 18 42 8290.10000 5.53000000 208.50000 37.87000 15.10600 49.47200
24 6 20 18 43 8285.80000 5.53000000 208.30000 37.87000 15.10600 49.47200
24 6 20 18 43 8285.60000 5.53000000 208.30000 37.87000 15.10600 49.47200
24 6 20 18 44 8286.50000 5.53000000 208.19000 37.87000 15.10600 49.47200
24 6 20 18 44 8286.50000 5.53000000 208.20000 37.87000 15.10600 49.47200
24 6 20 18 45 8286.00000 5.53000000 208.20000 37.87000 15.10600 49.28100
24 6 20 18 45 8286.10000 5.53000000 208.19000 37.82000 15.10600 49.24000
24 6 20 18 46 8286.00000 5.53000000 208.33000 37.82000 15.10600 49.24000
24 6 20 18 46 8286.10000 5.53000000 208.33000 37.82000 15.10600 49.24000
24 6 20 18 46 8286.10000 5.53000000 208.38000 37.82000 15.07500 49.24000
24 6 20 18 47 8286.10000 5.53000000 208.38000 37.85000 15.07500 49.24000
24 6 20 18 47 8287.30000 5.53000000 208.38000 37.85000 15.07500 49.24000
24 6 20 18 48 8287.10000 5.53000000 208.29000 37.85000 15.07500 49.24000
24 6 20 18 48 8287.10000 5.53000000 208.29000 37.85000 15.07500 49.24000
24 6 20 18 49 8289.70000 5.53000000 208.29000 37.84000 15.07500 49.24000
24 6 20 18 49 8289.70000 5.53000000 208.29000 37.84000 15.07500 49.24000
24 6 20 18 50 8292.60000 5.53000000 208.51000 37.84000 15.07500 49.24000
24 6 20 18 50 8293.00000 5.53500000 208.61000 37.84000 15.07500 49.24000
24 6 20 18 51 8293.10000 5.53000000 208.61000 37.84000 15.07500 49.24000
24 6 20 18 51 8290.70000 5.53000000 208.50000 37.88000 15.07500 49.24000
24 6 20 18 52 8287.50000 5.53000000 208.33000 37.88000 15.07500 49.19000
24 6 20 18 52 8286.90000 5.53000000 208.33000 37.88000 15.07500 49.19000
24 6 20 18 52 8281.00000 5.53000000 208.19000 37.88000 15.07500 49.19000
24 6 20 18 53 8284.40000 5.53000000 208.19000 37.88000 15.07500 49.19000
24 6 20 18 53 8282.70000 5.53000000 208.18000 37.88000 15.07500 49.19000
24 6 20 18 54 8282.70000 5.53000000 208.19000 37.86000 15.07500 49.19000
24 6 20 18 54 8282.70000 5.53000000 208.19000 37.86000 15.07500 49.19000
24 6 20 18 55 8282.70000 5.53000000 208.19000 37.89000 15.08000 49.19000
24 6 20 18 55 8282.70000 5.53000000 208.18000 37.89000 15.08000 49.19000
24 6 20 18 56 8282.80000 5.53000000 208.19000 37.89000 15.08000 49.19000
24 6 20 18 56 8282.80000 5.53000000 208.18000 37.89000 15.08000 49.24000
24 6 20 18 57 8282.80000 5.53000000 208.19000 37.86000 15.08000 49.19000
24 6 20 18 57 8282.80000 5.53000000 208.18000 37.85000 15.08000 49.19000
24 6 20 18 58 8280.50000 5.53000000 208.18000 37.85000 15.08000 49.19000
24 6 20 18 58 8280.60000 5.53000000 208.18000 37.85000 15.08000 49.19000
24 6 20 18 59 8280.60000 5.53000000 208.18000 37.85000 15.08000 49.19000
24 6 20 18 59 8280.10000 5.53000000 208.11000 37.85000 15.08000 49.19000
24 6 20 18 59 8280.10000 5.53000000 208.11000 37.85000 15.08000 49.05000
24 6 20 19 00 8280.00000 5.53000000 208.31000 37.84000 15.08000 49.05000
24 6 20 19 00 8280.00000 5.53000000 208.41000 37.84000 15.08000 49.05000
24 6 20 19 01 8280.10000 5.53000000 208.24000 37.84000 15.08000 49.05000
24 6 20 19 01 8280.10000 5.53000000 208.24000 37.84000 15.08000 49.05000
24 6 20 19 02 8280.10000 5.53000000 208.35000 37.84000 15.08000 49.05000
24 6 20 19 02 8280.10000 5.53000000 208.37000 37.84000 15.08000 49.05000
