M=[
25 1 21 07 40 27310.70000 6.42000000 1165.25000 117.97000 17.75300 73.51200
25 1 21 07 41 27314.50000 6.42000000 1165.23000 117.97000 17.75300 73.51200
25 1 21 07 41 27306.30000 6.42000000 1164.42000 117.97000 17.75300 73.51200
25 1 21 07 41 27306.30000 6.42000000 1165.12000 118.02000 17.75300 73.51200
25 1 21 07 42 27309.30000 6.42000000 1165.00000 117.97000 17.75300 73.51200
25 1 21 07 42 27309.30000 6.42000000 1165.01000 117.97000 17.75300 73.51200
25 1 21 07 43 27309.30000 6.42000000 1164.46000 118.08000 17.75300 73.51200
25 1 21 07 43 27306.30000 6.42000000 1164.12000 118.07000 17.75300 73.51200
25 1 21 07 44 27283.00000 6.42000000 1163.77000 118.07000 17.75300 73.51200
25 1 21 07 44 27325.00000 6.42000000 1164.70000 118.13000 17.75300 73.51200
25 1 21 07 44 27313.70000 6.42000000 1164.67000 118.06000 17.75300 73.51200
25 1 21 07 45 27325.00000 6.42000000 1164.39000 118.03000 17.75300 73.51200
25 1 21 07 45 27299.30000 6.42000000 1164.58000 117.99000 17.75300 73.51200
25 1 21 07 46 27325.00000 6.42000000 1165.16000 117.91000 17.75300 73.51200
25 1 21 07 46 27325.00000 6.42000000 1166.65000 117.91000 17.75300 73.51200
25 1 21 07 46 27325.00000 6.42000000 1166.00000 117.91000 17.75300 73.51200
25 1 21 07 47 27309.40000 6.42000000 1166.00000 118.07000 17.75300 73.51200
25 1 21 07 47 27298.80000 6.42000000 1166.79000 118.07000 17.75300 73.51200
25 1 21 07 48 27320.00000 6.42000000 1167.39000 117.99000 17.75300 73.51200
25 1 21 07 48 27310.60000 6.42000000 1166.75000 117.99000 17.75300 73.51200
25 1 21 07 49 27334.40000 6.42000000 1166.79000 117.99000 17.75300 73.51200
25 1 21 07 49 27332.90000 6.42000000 1167.39000 117.99000 17.75300 73.51200
25 1 21 07 49 27307.60000 6.42000000 1167.07000 117.99000 17.75300 73.51200
25 1 21 07 50 27308.20000 6.42000000 1167.40000 117.99000 17.75300 73.51200
25 1 21 07 50 27290.00000 6.42000000 1167.00000 118.07000 17.75300 73.51200
25 1 21 07 51 27284.80000 6.42000000 1166.63000 117.96000 17.75300 73.51200
25 1 21 07 51 27256.90000 6.42000000 1165.66000 117.96000 17.75300 73.51200
25 1 21 07 52 27243.40000 6.42000000 1165.54000 117.75000 17.75300 73.51200
25 1 21 07 52 27227.40000 6.42000000 1164.13000 117.75000 17.66400 73.51200
25 1 21 07 52 27219.20000 6.42000000 1163.00000 117.75000 17.66400 73.51200
25 1 21 07 53 27216.20000 6.42000000 1161.19000 117.32000 17.66400 73.26600
25 1 21 07 53 27172.70000 6.42000000 1159.72000 117.23000 17.66400 73.26600
25 1 21 07 54 27159.00000 6.40600000 1159.32000 117.19000 17.66400 73.26600
25 1 21 07 54 27198.10000 6.40600000 1160.92000 117.19000 17.66400 73.09000
25 1 21 07 55 27247.30000 6.40600000 1164.70000 117.66000 17.66400 73.33200
25 1 21 07 55 27264.70000 6.40600000 1164.84000 117.66000 17.66400 73.33200
25 1 21 07 55 27248.20000 6.40600000 1164.82000 117.61000 17.66400 73.33200
25 1 21 07 56 27284.80000 6.40600000 1165.00000 117.69000 17.66400 73.33200
25 1 21 07 56 27315.40000 6.40600000 1165.00000 117.69000 17.66400 73.33200
25 1 21 07 57 27316.10000 6.40600000 1167.11000 117.69000 17.66400 73.33200
25 1 21 07 57 27345.00000 6.40600000 1168.00000 117.69000 17.66400 73.70300
25 1 21 07 58 27350.00000 6.40600000 1169.40000 118.02000 17.66400 73.70300
25 1 21 07 58 27350.10000 6.40600000 1169.00000 118.01000 17.66400 73.70300
25 1 21 07 58 27359.60000 6.40600000 1168.26000 118.01000 17.66400 73.70300
25 1 21 07 59 27360.00000 6.40600000 1168.64000 118.01000 17.66400 73.70300
25 1 21 07 59 27389.70000 6.40600000 1169.47000 118.25000 17.66400 73.70300
25 1 21 08 00 27388.40000 6.40600000 1170.34000 118.25000 17.66400 73.70300
25 1 21 08 00 27408.70000 6.40600000 1171.84000 118.30000 17.66400 73.70300
25 1 21 08 01 27421.10000 6.40600000 1171.84000 118.50000 17.66400 73.86000
25 1 21 08 01 27397.00000 6.40600000 1171.00000 118.34000 17.66400 73.86000
25 1 21 08 01 27388.30000 6.40600000 1168.37000 118.37000 17.66400 73.86000
25 1 21 08 02 27394.60000 6.40600000 1169.67000 118.39000 17.66400 73.86000
25 1 21 08 02 27385.80000 6.40600000 1168.00000 118.39000 17.66400 73.86000
25 1 21 08 03 27310.60000 6.40600000 1165.61000 118.42000 17.66400 73.86000
25 1 21 08 03 27354.10000 6.40600000 1166.17000 118.00000 17.66400 73.86000
25 1 21 08 04 27354.20000 6.40600000 1165.07000 118.03000 17.66400 73.86000
25 1 21 08 04 27310.70000 6.40600000 1165.01000 117.89000 17.66400 73.86000
25 1 21 08 04 27327.40000 6.40600000 1164.91000 117.89000 17.66400 74.00600
25 1 21 08 05 27314.30000 6.40600000 1165.01000 117.88000 17.66400 74.00600
25 1 21 08 05 27344.00000 6.40600000 1165.62000 117.86000 17.66400 74.00600
25 1 21 08 06 27397.20000 6.40600000 1167.60000 118.03000 17.66400 74.00600
25 1 21 08 06 27352.80000 6.40600000 1166.44000 118.08000 17.66400 74.00600
25 1 21 08 07 27385.20000 6.39100000 1166.30000 117.97000 17.66400 74.39100
25 1 21 08 07 27383.30000 6.39100000 1166.97000 118.09000 17.66400 74.75100
25 1 21 08 07 27383.20000 6.39100000 1166.74000 118.00000 17.66400 74.88700
25 1 21 08 08 27390.00000 6.39100000 1166.99000 118.00000 17.66400 74.92900
25 1 21 08 08 27383.40000 6.39100000 1167.20000 118.04000 17.66400 74.86400
25 1 21 08 09 27380.10000 6.39100000 1166.41000 118.11000 17.66400 74.86400
25 1 21 08 09 27383.50000 6.39100000 1167.17000 118.11000 17.66400 74.99900
25 1 21 08 10 27380.00000 6.39100000 1166.90000 118.11000 17.66400 74.85700
25 1 21 08 10 27366.60000 6.39100000 1165.50000 118.11000 17.66400 74.89000
25 1 21 08 10 27367.80000 6.39100000 1165.50000 118.07000 17.66400 74.89000
25 1 21 08 11 27360.10000 6.39100000 1165.00000 118.06000 17.66400 74.89000
25 1 21 08 11 27360.00000 6.39000000 1164.29000 118.05000 17.66400 74.89000
25 1 21 08 12 27344.40000 6.39100000 1163.59000 117.80000 17.66400 74.89000
25 1 21 08 12 27357.40000 6.39100000 1163.19000 117.29000 17.66400 74.89000
25 1 21 08 13 27359.70000 6.39100000 1162.82000 117.26000 17.66400 74.89000
25 1 21 08 13 27336.60000 6.39100000 1160.08000 117.02000 17.66400 74.89000
25 1 21 08 13 27281.70000 6.39000000 1158.31000 116.90000 17.66400 74.89000
25 1 21 08 14 27305.20000 6.39000000 1159.33000 116.89000 17.66400 74.89000
25 1 21 08 14 27303.20000 6.39000000 1158.51000 116.89000 17.66400 74.69100
25 1 21 08 15 27326.50000 6.39000000 1159.05000 116.89000 17.66400 74.81800
25 1 21 08 15 27329.90000 6.39000000 1159.54000 117.27000 17.66400 74.86900
25 1 21 08 16 27323.80000 6.39000000 1159.43000 117.13000 17.66400 74.86900
25 1 21 08 16 27317.50000 6.39000000 1160.71000 117.13000 17.66400 74.67000
25 1 21 08 16 27337.50000 6.39000000 1161.55000 117.13000 17.66400 74.78900
25 1 21 08 17 27400.10000 6.39000000 1164.56000 117.48000 17.66400 75.00000
25 1 21 08 17 27415.00000 6.39000000 1164.00000 117.69000 17.77000 75.00000
25 1 21 08 18 27423.00000 6.39000000 1164.40000 117.97000 17.77000 75.00000
25 1 21 08 18 27418.30000 6.39000000 1162.79000 117.82000 17.77000 75.00000
25 1 21 08 19 27403.00000 6.39000000 1161.56000 117.73000 17.77000 75.00000
25 1 21 08 19 27418.90000 6.39000000 1163.06000 117.77000 17.77000 75.00000
25 1 21 08 19 27403.00000 6.39000000 1161.48000 117.86000 17.77000 75.00000
25 1 21 08 20 27407.00000 6.39000000 1162.80000 117.79000 17.77000 75.00000
25 1 21 08 20 27407.00000 6.39000000 1161.59000 117.79000 17.77000 75.00000
25 1 21 08 21 27403.00000 6.39000000 1163.18000 117.79000 17.77000 75.00000
25 1 21 08 21 27398.00000 6.39000000 1161.61000 117.73000 17.77000 75.00000
25 1 21 08 22 27350.30000 6.39000000 1160.11000 117.62000 17.77000 75.01400
25 1 21 08 22 27356.10000 6.39000000 1160.00000 117.57000 17.77000 75.01400
25 1 21 08 22 27320.90000 6.39000000 1157.01000 117.56000 17.77000 75.01400
25 1 21 08 23 27332.00000 6.39000000 1157.61000 117.25000 17.77000 75.01400
25 1 21 08 23 27354.90000 6.39000000 1158.67000 117.39000 17.77000 75.01400
25 1 21 08 24 27349.80000 6.39000000 1158.56000 117.39000 17.77000 75.01400
25 1 21 08 24 27368.40000 6.39000000 1159.98000 117.35000 17.77000 75.01400
25 1 21 08 25 27358.30000 6.39000000 1159.62000 117.58000 17.77000 75.01400
