M=[
21 5 21 13 06 33351.10000 57.70200000 2189.20000 166.87000 29.22000 144.68100
21 5 21 13 06 33412.10000 58.24800000 2194.40000 166.98000 29.20000 144.99600
21 5 21 13 07 33414.50000 58.24800000 2190.43000 166.83000 29.20000 144.99600
21 5 21 13 07 33408.00000 58.05600000 2191.34000 167.07000 29.20000 144.99600
21 5 21 13 08 33394.30000 58.05600000 2194.87000 167.21000 29.34600 144.73800
21 5 21 13 08 33397.40000 58.05600000 2189.11000 166.79000 29.34600 144.52700
21 5 21 13 08 33382.80000 58.05600000 2192.07000 166.81000 29.34600 144.52700
21 5 21 13 09 33401.70000 58.05600000 2192.22000 167.05000 29.34600 144.52700
21 5 21 13 09 33448.90000 58.05600000 2194.14000 167.05000 29.34600 144.52700
21 5 21 13 10 33518.50000 58.05600000 2195.24000 167.05000 29.34600 144.52700
21 5 21 13 10 33458.20000 58.09700000 2193.54000 166.90000 29.34600 144.66700
21 5 21 13 11 33452.00000 58.09700000 2193.70000 167.06000 29.34900 144.73700
21 5 21 13 11 33446.90000 58.12400000 2195.08000 166.93000 29.37600 144.73700
21 5 21 13 11 33421.80000 58.12400000 2190.35000 166.74000 29.37600 144.30700
21 5 21 13 12 33466.00000 58.12400000 2195.33000 166.86000 29.37600 144.30700
21 5 21 13 12 33454.40000 58.12400000 2194.39000 166.98000 29.37600 144.30700
21 5 21 13 13 33478.30000 58.12400000 2194.22000 166.86000 29.39800 144.90400
21 5 21 13 13 33497.90000 58.39000000 2198.45000 167.20000 29.39800 144.90400
21 5 21 13 14 33462.40000 58.39000000 2195.28000 167.20000 29.89700 144.90400
21 5 21 13 14 33488.20000 58.17200000 2196.33000 167.00000 29.86600 145.17600
21 5 21 13 14 33470.40000 58.17200000 2196.11000 167.16000 29.86600 145.01700
21 5 21 13 15 33476.10000 58.17200000 2199.25000 167.15000 29.86600 145.01700
21 5 21 13 15 33532.20000 58.49800000 2201.23000 167.15000 29.41600 145.66000
21 5 21 13 16 33579.10000 58.50000000 2205.06000 167.71000 29.41600 146.09900
21 5 21 13 16 33606.00000 58.50000000 2206.04000 167.62000 29.41600 146.09900
21 5 21 13 17 33695.70000 58.87500000 2212.14000 167.80000 29.41600 146.09900
21 5 21 13 17 33652.90000 58.63100000 2204.36000 167.80000 29.41600 146.03700
21 5 21 13 17 33670.00000 58.63100000 2205.17000 167.48000 29.51100 146.47700
21 5 21 13 18 33662.80000 58.44400000 2204.86000 167.48000 30.17400 146.47700
21 5 21 13 18 33651.20000 58.44400000 2202.20000 167.73000 30.24800 146.47700
21 5 21 13 19 33645.50000 58.44400000 2203.04000 167.79000 30.24800 146.47700
21 5 21 13 19 33638.70000 58.47100000 2202.36000 167.75000 30.74300 146.47700
21 5 21 13 20 33638.60000 58.42100000 2203.24000 167.69000 30.74300 146.47700
21 5 21 13 20 33598.40000 58.55900000 2200.00000 167.82000 30.74300 146.90900
21 5 21 13 20 33615.00000 58.55900000 2201.72000 167.73000 30.32100 146.90900
21 5 21 13 21 33697.20000 58.55900000 2212.35000 167.90000 30.35000 147.18200
21 5 21 13 21 33691.40000 58.55900000 2212.91000 168.46000 30.38000 147.22100
21 5 21 13 22 33683.80000 58.55900000 2212.66000 168.30000 30.38000 147.22100
21 5 21 13 22 33698.10000 58.55900000 2211.36000 168.19000 30.38000 147.22100
21 5 21 13 23 33693.70000 58.55900000 2210.55000 168.19000 30.38000 147.22100
21 5 21 13 23 33678.00000 58.55900000 2210.21000 168.21000 30.40900 147.22100
21 5 21 13 23 33699.90000 58.65200000 2211.70000 168.19000 30.43900 147.22100
21 5 21 13 24 33693.80000 58.57500000 2209.37000 168.34000 30.74400 147.22100
21 5 21 13 24 33695.10000 58.57500000 2210.92000 168.35000 30.49800 147.22100
21 5 21 13 25 33699.70000 58.57500000 2210.61000 168.35000 30.49800 147.22100
21 5 21 13 25 33705.60000 58.57500000 2210.29000 168.37000 30.49800 147.22100
21 5 21 13 26 33719.80000 58.57500000 2215.21000 168.37000 30.38200 147.22100
21 5 21 13 26 33678.10000 58.57500000 2212.77000 168.34000 30.52700 147.22100
21 5 21 13 26 33676.10000 58.57500000 2216.35000 168.34000 30.52700 147.22100
21 5 21 13 27 33701.00000 58.57500000 2217.61000 168.34000 30.55700 147.22100
21 5 21 13 27 33700.00000 58.45900000 2214.41000 168.30000 30.46800 147.22100
21 5 21 13 28 33712.40000 58.45900000 2220.99000 168.50000 30.58700 147.22100
21 5 21 13 28 33717.20000 58.45900000 2219.29000 168.52000 31.05600 147.22100
21 5 21 13 29 33703.50000 58.60000000 2218.66000 168.52000 31.02200 147.22100
21 5 21 13 29 33753.30000 58.60000000 2219.66000 168.49000 30.72400 147.22100
21 5 21 13 29 33750.10000 58.70000000 2219.67000 168.49000 30.75800 147.22100
21 5 21 13 30 33750.20000 58.70200000 2219.27000 168.49000 31.24400 147.91900
21 5 21 13 30 33834.10000 58.78400000 2219.57000 168.49000 30.69200 147.92000
21 5 21 13 31 33849.00000 58.78400000 2226.35000 169.23000 30.64800 147.92000
21 5 21 13 31 33804.30000 58.90900000 2223.51000 169.23000 30.65600 147.92000
21 5 21 13 32 33809.90000 58.90900000 2224.45000 169.23000 30.64600 147.92000
21 5 21 13 32 33747.30000 58.91700000 2218.92000 169.23000 30.50900 147.61500
21 5 21 13 32 33767.50000 58.91700000 2221.76000 169.27000 30.50900 147.61500
21 5 21 13 33 33800.00000 58.91700000 2220.23000 169.43000 30.50800 148.29500
21 5 21 13 33 33799.30000 58.91700000 2218.50000 169.30000 30.50800 148.29500
21 5 21 13 34 33786.70000 58.84700000 2216.48000 169.04000 30.65900 148.27600
21 5 21 13 34 33729.40000 58.76700000 2217.20000 168.79000 30.50100 148.27600
21 5 21 13 35 33738.90000 58.76700000 2221.71000 168.85000 30.50100 148.27600
21 5 21 13 35 33758.30000 58.76700000 2227.21000 169.41000 30.20900 148.55700
21 5 21 13 35 33777.00000 58.76700000 2226.16000 169.23000 30.20900 148.75000
21 5 21 13 36 33776.90000 58.76700000 2225.93000 169.31000 30.20900 148.47000
21 5 21 13 36 33783.00000 58.70000000 2223.53000 169.40000 30.20800 148.47000
21 5 21 13 37 33796.60000 58.70000000 2226.40000 169.84000 30.20800 148.47000
21 5 21 13 37 33799.90000 58.60000000 2224.49000 169.74000 30.20800 148.47000
21 5 21 13 38 33799.90000 58.54700000 2223.28000 169.67000 30.13800 148.47000
21 5 21 13 38 33800.00000 58.54700000 2226.45000 169.81000 30.13800 149.11000
21 5 21 13 38 33800.00000 58.54700000 2223.75000 169.54000 30.13800 149.11000
21 5 21 13 39 33799.30000 58.54700000 2223.51000 169.54000 30.13800 149.11000
21 5 21 13 39 33799.90000 58.54700000 2226.39000 169.54000 29.96900 149.16100
21 5 21 13 40 33800.00000 58.54700000 2224.63000 169.71000 29.90700 149.16100
21 5 21 13 40 33800.00000 58.58000000 2227.66000 169.88000 29.90700 149.16100
21 5 21 13 41 33823.30000 58.58000000 2228.59000 169.88000 29.90700 149.16100
21 5 21 13 41 33838.90000 58.58000000 2230.80000 169.87000 29.90600 149.16100
21 5 21 13 41 33880.50000 58.58000000 2231.17000 169.88000 29.82200 150.18400
21 5 21 13 42 33850.10000 58.58000000 2229.21000 169.88000 29.82200 150.35200
21 5 21 13 42 33865.20000 58.58000000 2229.31000 169.93000 29.82200 150.35200
21 5 21 13 43 33839.30000 58.58000000 2226.27000 169.93000 29.82200 150.45300
21 5 21 13 43 33844.00000 58.58000000 2224.75000 169.86000 29.82200 150.45300
21 5 21 13 44 33825.20000 58.58000000 2225.59000 169.77000 29.79300 150.45300
21 5 21 13 44 33836.50000 58.58000000 2227.70000 169.66000 29.79300 150.18000
21 5 21 13 44 33843.70000 58.58000000 2227.94000 169.66000 29.79300 150.18000
21 5 21 13 45 33843.90000 58.58000000 2231.11000 169.77000 29.79300 149.60500
21 5 21 13 45 33813.80000 58.58000000 2229.38000 169.77000 29.79300 149.60500
21 5 21 13 46 33799.10000 58.69000000 2225.04000 169.71000 29.79300 148.89000
21 5 21 13 46 33775.20000 58.53600000 2225.14000 169.65000 29.76400 148.89000
21 5 21 13 47 33799.70000 58.53600000 2227.04000 169.67000 29.76400 149.13800
21 5 21 13 47 33790.60000 58.53600000 2226.26000 169.89000 29.73500 149.56500
21 5 21 13 47 33756.10000 58.53600000 2225.80000 169.89000 29.73500 149.56500
21 5 21 13 48 33768.10000 58.53600000 2227.58000 169.63000 29.73500 149.56500
21 5 21 13 48 33773.30000 58.53600000 2228.31000 169.59000 29.73500 149.56500
21 5 21 13 49 33791.20000 58.53600000 2231.42000 169.38000 29.70600 149.21000
21 5 21 13 49 33835.10000 58.53600000 2237.88000 169.91000 29.70600 149.21000
