M=[
11 7 20 19 33 8181.10000 5.73900000 211.83000 39.29000 16.96600 49.04000
11 7 20 19 33 8178.90000 5.74400000 211.87000 39.29000 16.89500 49.04000
11 7 20 19 33 8179.00000 5.74800000 211.86000 39.29000 16.89500 49.04000
11 7 20 19 34 8176.80000 5.74800000 211.87000 39.29000 16.89500 49.04000
11 7 20 19 34 8179.20000 5.74600000 211.87000 39.29000 16.89500 49.03900
11 7 20 19 35 8181.60000 5.74800000 211.82000 39.29000 16.89500 49.04000
11 7 20 19 35 8178.40000 5.74800000 211.87000 39.37000 16.89500 49.10800
11 7 20 19 36 8177.30000 5.74800000 211.80000 39.32000 16.89500 49.04000
11 7 20 19 36 8179.60000 5.74800000 211.81000 39.29000 17.07400 49.04000
11 7 20 19 37 8180.40000 5.74800000 211.80000 39.32000 17.07400 49.03900
11 7 20 19 37 8179.40000 5.74800000 211.80000 39.29000 17.07400 49.10800
11 7 20 19 37 8181.60000 5.74800000 211.81000 39.32000 16.89500 49.04000
11 7 20 19 38 8178.90000 5.73900000 211.81000 39.35000 17.07400 49.10800
11 7 20 19 38 8178.70000 5.74800000 211.80000 39.32000 16.89500 49.10800
11 7 20 19 39 8179.40000 5.74800000 211.81000 39.32000 16.89500 49.04000
11 7 20 19 39 8177.60000 5.74800000 211.81000 39.32000 16.89500 49.04000
11 7 20 19 40 8181.60000 5.74400000 211.77000 39.35000 17.07400 49.10800
11 7 20 19 40 8176.90000 5.74800000 211.77000 39.32000 17.07400 49.04000
11 7 20 19 41 8176.70000 5.74800000 211.76000 39.32000 17.07400 49.04000
11 7 20 19 41 8176.70000 5.74800000 211.81000 39.29000 17.07500 49.03900
11 7 20 19 42 8176.70000 5.74800000 211.64000 39.32000 17.07500 49.04000
11 7 20 19 42 8176.70000 5.74600000 211.80000 39.32000 17.07500 49.03900
11 7 20 19 42 8176.70000 5.74800000 211.61000 39.29000 17.07500 49.04000
11 7 20 19 43 8177.70000 5.74800000 211.75000 39.29000 17.07500 49.03900
11 7 20 19 43 8176.80000 5.74600000 211.76000 39.29000 16.96600 49.04000
11 7 20 19 44 8177.40000 5.74800000 211.76000 39.29000 17.07500 49.04000
11 7 20 19 44 8177.00000 5.74400000 211.76000 39.29000 17.07500 49.14100
11 7 20 19 45 8177.00000 5.74800000 211.76000 39.29000 17.07500 49.04000
11 7 20 19 45 8178.80000 5.74800000 211.76000 39.29000 17.07500 49.19900
11 7 20 19 46 8179.40000 5.74800000 211.61000 39.29000 17.11000 49.03900
11 7 20 19 46 8179.10000 5.74800000 211.76000 39.29000 17.11000 49.04000
11 7 20 19 47 8179.10000 5.74400000 211.76000 39.33000 16.92500 49.19900
11 7 20 19 47 8178.80000 5.74800000 211.61000 39.33000 17.07900 49.04000
11 7 20 19 47 8177.40000 5.74800000 211.75000 39.33000 17.05300 49.04000
11 7 20 19 48 8178.80000 5.74800000 211.75000 39.33000 17.05300 49.04000
11 7 20 19 48 8178.80000 5.74800000 211.75000 39.33000 16.96600 49.04000
11 7 20 19 49 8177.00000 5.74800000 211.55000 39.29000 16.92500 49.10800
11 7 20 19 49 8179.40000 5.74600000 211.56000 39.29000 17.07900 49.04000
11 7 20 19 50 8177.10000 5.74400000 211.54000 39.29000 16.92500 49.04000
11 7 20 19 50 8177.10000 5.74800000 211.35000 39.33000 17.05700 49.04000
11 7 20 19 51 8176.80000 5.74800000 211.38000 39.33000 17.05700 49.10800
11 7 20 19 51 8176.70000 5.74800000 211.38000 39.29000 17.05700 49.04000
11 7 20 19 52 8176.60000 5.74800000 211.75000 39.33000 16.96600 49.04000
11 7 20 19 52 8174.50000 5.73900000 211.40000 39.33000 17.05700 49.04400
11 7 20 19 53 8174.20000 5.74800000 211.01000 39.33000 17.05700 48.94600
11 7 20 19 53 8174.20000 5.74800000 211.06000 39.22000 17.05700 48.94600
11 7 20 19 54 8174.30000 5.74800000 211.08000 39.22000 16.96600 48.94600
11 7 20 19 54 8171.10000 5.74800000 211.08000 39.29000 17.05700 48.94600
11 7 20 19 55 8165.50000 5.74800000 211.11000 39.29000 17.06900 48.94600
11 7 20 19 55 8165.50000 5.74800000 211.15000 39.22000 17.06900 48.94600
11 7 20 19 56 8167.90000 5.73000000 211.24000 39.23000 17.06900 48.94600
11 7 20 19 56 8165.50000 5.73000000 211.40000 39.23000 17.06900 49.04000
11 7 20 19 57 8168.80000 5.73000000 211.11000 39.27000 17.06900 48.95600
11 7 20 19 57 8167.00000 5.73000000 211.24000 39.27000 17.06900 48.94600
11 7 20 19 58 8166.90000 5.73000000 211.14000 39.27000 17.06900 48.94600
11 7 20 19 58 8165.70000 5.73000000 211.29000 39.27000 17.06900 48.94600
11 7 20 19 59 8165.70000 5.73000000 211.29000 39.27000 17.06900 48.94600
11 7 20 19 59 8168.30000 5.73000000 211.24000 39.23000 17.06900 48.94600
11 7 20 20 00 8169.50000 5.74400000 211.24000 39.27000 17.06900 48.94600
11 7 20 20 00 8169.50000 5.73000000 211.19000 39.27000 17.06900 48.94600
11 7 20 20 01 8166.40000 5.73000000 211.23000 39.28000 17.06900 48.94600
11 7 20 20 01 8166.70000 5.73000000 211.30000 39.27000 17.06900 48.94600
11 7 20 20 01 8166.60000 5.73000000 211.30000 39.27000 17.06900 48.94600
11 7 20 20 02 8165.40000 5.73000000 211.29000 39.28000 17.06900 48.94600
11 7 20 20 02 8166.90000 5.73000000 211.30000 39.28000 17.06900 48.94600
11 7 20 20 03 8165.50000 5.73000000 211.30000 39.23000 17.06900 48.94600
11 7 20 20 03 8165.50000 5.73000000 211.30000 39.27000 17.06900 48.94600
11 7 20 20 04 8169.10000 5.73000000 211.42000 39.27000 17.06900 48.94600
11 7 20 20 04 8169.10000 5.73900000 211.42000 39.27000 17.06900 48.94600
11 7 20 20 05 8167.60000 5.73900000 211.39000 39.27000 17.05700 48.94600
11 7 20 20 05 8165.40000 5.74600000 211.39000 39.27000 17.06900 48.94600
11 7 20 20 06 8166.90000 5.73000000 211.37000 39.27000 17.06900 48.94600
11 7 20 20 06 8166.90000 5.74800000 211.39000 39.29000 17.06900 48.94600
11 7 20 20 07 8168.10000 5.73000000 211.39000 39.27000 17.06900 48.94600
11 7 20 20 07 8176.70000 5.74800000 211.39000 39.27000 17.06900 48.94600
11 7 20 20 08 8167.00000 5.73000000 211.39000 39.27000 16.96600 48.94600
11 7 20 20 08 8166.90000 5.74800000 211.37000 39.27000 17.06900 48.94600
11 7 20 20 08 8167.00000 5.73000000 211.38000 39.27000 17.06900 48.95600
11 7 20 20 09 8168.10000 5.73000000 211.38000 39.27000 17.06900 48.95600
11 7 20 20 09 8165.70000 5.74800000 211.46000 39.28000 17.06900 48.94600
11 7 20 20 10 8166.50000 5.73000000 211.45000 39.27000 17.06900 48.94600
11 7 20 20 10 8168.10000 5.73000000 211.45000 39.28000 17.06900 48.94600
11 7 20 20 11 8168.80000 5.73900000 211.46000 39.28000 17.05700 48.94600
11 7 20 20 11 8167.00000 5.73000000 211.14000 39.27000 17.06900 48.94600
11 7 20 20 12 8167.00000 5.73000000 211.45000 39.23000 17.06900 48.94600
11 7 20 20 12 8167.10000 5.73000000 211.45000 39.28000 17.06900 48.94600
11 7 20 20 13 8168.30000 5.73000000 211.46000 39.28000 17.06900 48.94600
11 7 20 20 13 8168.30000 5.73000000 211.50000 39.27000 17.06900 48.94600
11 7 20 20 13 8168.30000 5.73000000 211.46000 39.28000 17.06900 48.94600
11 7 20 20 14 8168.20000 5.73000000 211.50000 39.28000 17.06900 48.94600
11 7 20 20 14 8168.20000 5.73000000 211.49000 39.28000 17.06900 48.94600
11 7 20 20 15 8168.30000 5.73000000 211.49000 39.35000 17.06900 48.94600
11 7 20 20 15 8168.00000 5.74800000 211.54000 39.28000 17.06900 48.94600
11 7 20 20 16 8168.10000 5.73000000 211.53000 39.28000 17.06900 48.99100
11 7 20 20 16 8168.30000 5.73900000 211.53000 39.29000 16.96600 48.94600
11 7 20 20 17 8168.30000 5.73000000 211.53000 39.28000 17.06900 48.94600
11 7 20 20 17 8168.30000 5.74400000 211.53000 39.28000 16.92500 48.94600
11 7 20 20 18 8168.30000 5.74400000 211.50000 39.28000 17.06900 49.04000
11 7 20 20 18 8169.20000 5.73000000 211.54000 39.27000 16.92500 48.94600
11 7 20 20 18 8169.20000 5.73000000 211.54000 39.29000 17.06900 49.04000
11 7 20 20 19 8168.10000 5.74600000 211.53000 39.28000 17.06900 48.99100
11 7 20 20 19 8170.00000 5.73000000 211.53000 39.28000 17.06900 48.94600
11 7 20 20 20 8167.70000 5.73000000 211.50000 39.28000 17.06900 48.94600
11 7 20 20 20 8169.20000 5.73000000 211.46000 39.28000 17.06900 48.94600
11 7 20 20 21 8168.30000 5.73000000 211.53000 39.27000 17.06900 48.94600
11 7 20 20 21 8169.90000 5.73000000 211.46000 39.28000 17.06900 48.94600
11 7 20 20 22 8169.90000 5.74800000 211.46000 39.35000 17.06900 48.94600
11 7 20 20 22 8169.90000 5.73000000 211.54000 39.35000 17.06900 48.94600
11 7 20 20 22 8170.70000 5.73000000 211.54000 39.35000 17.06900 48.99100
