M=[
20 2 21 21 51 46795.10000 12.82300000 1627.64000 192.86000 31.96300 139.14500
20 2 21 21 51 46793.10000 12.84900000 1626.52000 192.82000 31.96300 139.14500
20 2 21 21 51 46789.00000 12.89900000 1626.15000 192.64000 31.96300 138.91000
20 2 21 21 52 46760.90000 12.89900000 1625.55000 192.46000 31.96300 138.91000
20 2 21 21 52 46760.90000 12.89900000 1625.99000 192.46000 31.96300 138.91000
20 2 21 21 53 46781.90000 12.89900000 1626.00000 192.69000 31.80900 138.91000
20 2 21 21 53 46782.70000 12.89900000 1625.99000 192.51000 31.80900 138.91000
20 2 21 21 54 46799.20000 12.89900000 1625.99000 192.51000 31.80900 138.91000
20 2 21 21 54 46789.90000 12.89900000 1626.00000 192.51000 31.80900 138.91000
20 2 21 21 54 46788.90000 12.89900000 1626.00000 192.51000 31.80900 138.91000
20 2 21 21 55 46756.40000 12.89900000 1625.48000 192.50000 31.80900 138.91000
20 2 21 21 55 46714.70000 12.89900000 1626.00000 192.71000 31.80900 138.91000
20 2 21 21 56 46706.50000 12.89900000 1625.39000 192.57000 31.80900 138.91000
20 2 21 21 56 46636.80000 12.89200000 1625.47000 192.70000 31.80900 139.25100
20 2 21 21 57 46611.10000 12.86800000 1623.81000 192.31000 31.80900 139.25100
20 2 21 21 57 46612.70000 12.86800000 1624.22000 192.31000 31.80900 139.25100
20 2 21 21 57 46567.70000 12.86800000 1622.16000 192.31000 31.80900 138.77000
20 2 21 21 58 46581.30000 12.86800000 1621.19000 191.26000 31.80900 138.70000
20 2 21 21 58 46595.60000 12.83200000 1621.43000 191.50000 31.80900 138.70000
20 2 21 21 59 46554.90000 12.83200000 1621.46000 191.20000 31.80900 138.70000
20 2 21 21 59 46516.50000 12.83200000 1616.00000 191.00000 31.80900 138.26600
20 2 21 22 00 46517.00000 12.83200000 1616.00000 191.00000 31.80900 138.21600
20 2 21 22 00 46460.70000 12.83200000 1611.19000 190.57000 31.80900 138.11000
20 2 21 22 00 46367.00000 12.84000000 1609.13000 190.43000 31.80900 137.39100
20 2 21 22 01 46367.20000 12.84000000 1609.02000 190.17000 31.80900 137.39100
20 2 21 22 01 46333.20000 12.84000000 1608.10000 190.01000 31.80900 137.03300
20 2 21 22 02 46302.10000 12.80600000 1608.00000 190.22000 31.80900 137.08800
20 2 21 22 02 46300.00000 12.80600000 1606.13000 190.13000 31.80900 137.10700
20 2 21 22 03 46273.50000 12.80600000 1602.02000 189.75000 31.80900 136.85900
20 2 21 22 03 46300.00000 12.80600000 1605.04000 190.02000 31.80900 136.85900
20 2 21 22 03 46305.00000 12.74500000 1605.91000 190.25000 31.80900 136.99500
20 2 21 22 04 46370.90000 12.74500000 1607.91000 190.26000 31.80900 136.99500
20 2 21 22 04 46368.70000 12.76500000 1610.00000 190.66000 31.80900 136.99500
20 2 21 22 05 46359.60000 12.76500000 1609.13000 190.69000 31.80900 136.99500
20 2 21 22 05 46300.50000 12.76500000 1607.01000 190.36000 31.80900 137.06000
20 2 21 22 06 46288.10000 12.73400000 1607.01000 189.89000 31.80900 136.75900
20 2 21 22 06 46304.00000 12.73400000 1608.42000 190.41000 31.80900 136.75700
20 2 21 22 06 46384.20000 12.73400000 1609.11000 190.64000 31.80900 136.93600
20 2 21 22 07 46384.70000 12.73400000 1608.37000 190.64000 31.80900 136.93600
20 2 21 22 07 46378.90000 12.73400000 1610.00000 190.60000 31.80900 136.93600
20 2 21 22 08 46355.60000 12.73400000 1609.99000 190.44000 31.80900 136.86800
20 2 21 22 08 46362.60000 12.73400000 1609.00000 190.44000 31.80900 136.86800
20 2 21 22 09 46350.10000 12.73400000 1609.00000 190.44000 31.80900 136.79200
20 2 21 22 09 46343.60000 12.73400000 1605.20000 189.91000 31.80900 136.79200
20 2 21 22 09 46288.20000 12.73400000 1602.94000 189.70000 31.80900 136.43600
20 2 21 22 10 46288.20000 12.73400000 1603.55000 189.77000 31.80900 136.43600
20 2 21 22 10 46341.20000 12.73400000 1606.21000 190.25000 31.80900 137.00800
20 2 21 22 11 46359.10000 12.73400000 1607.18000 190.25000 31.80900 137.00800
20 2 21 22 11 46331.10000 12.64700000 1607.18000 189.89000 31.80900 136.83000
20 2 21 22 12 46306.10000 12.64700000 1607.19000 189.87000 31.80900 136.83000
20 2 21 22 12 46316.60000 12.64700000 1608.69000 190.00000 31.80900 136.83000
20 2 21 22 12 46327.10000 12.64700000 1609.06000 190.04000 31.80900 136.83000
20 2 21 22 13 46315.80000 12.64700000 1608.69000 190.07000 31.99600 136.16500
20 2 21 22 13 46305.90000 12.64700000 1609.06000 190.05000 31.99600 136.16500
20 2 21 22 14 46305.90000 12.64700000 1609.43000 190.04000 31.99600 136.32000
20 2 21 22 14 46300.00000 12.64700000 1609.00000 189.69000 31.99600 136.32000
20 2 21 22 15 46250.10000 12.64700000 1606.33000 189.69000 31.99600 136.32000
20 2 21 22 15 46232.10000 12.64700000 1604.26000 189.68000 31.99600 136.32000
20 2 21 22 15 46200.00000 12.64700000 1602.84000 189.60000 31.99600 136.08200
20 2 21 22 16 46188.40000 12.64700000 1602.00000 189.55000 31.99600 136.04600
20 2 21 22 16 46161.20000 12.64700000 1601.00000 189.57000 31.99600 136.04600
20 2 21 22 17 46161.20000 12.64700000 1597.98000 189.30000 31.99600 136.04600
20 2 21 22 17 46161.10000 12.64700000 1598.14000 189.17000 31.99600 136.04600
20 2 21 22 18 46161.20000 12.66500000 1596.80000 189.15000 31.99600 135.86800
20 2 21 22 18 46161.20000 12.63400000 1594.01000 188.97000 31.99600 135.83600
20 2 21 22 18 46150.10000 12.63400000 1592.48000 188.49000 32.11600 135.64500
20 2 21 22 19 46161.10000 12.63400000 1594.03000 188.52000 32.11600 135.14600
20 2 21 22 19 46196.00000 12.63400000 1597.77000 189.11000 32.11600 135.57400
20 2 21 22 20 46263.90000 12.63400000 1599.99000 189.78000 32.11600 136.03000
20 2 21 22 20 46333.10000 12.73400000 1601.19000 189.80000 31.70000 136.03000
20 2 21 22 21 46328.40000 12.73400000 1602.50000 189.79000 31.70000 136.47000
20 2 21 22 21 46263.20000 12.73400000 1600.00000 189.78000 31.70000 136.54000
20 2 21 22 21 46161.10000 12.73400000 1592.52000 188.96000 31.70000 136.54000
20 2 21 22 22 46189.40000 12.61600000 1592.53000 188.63000 31.70000 136.54000
20 2 21 22 22 46192.10000 12.61600000 1592.95000 188.73000 31.70000 136.54000
20 2 21 22 23 46211.40000 12.61600000 1595.09000 188.78000 31.70000 136.54000
20 2 21 22 23 46262.50000 12.61600000 1596.63000 188.72000 31.71700 136.54000
20 2 21 22 24 46303.10000 12.61600000 1598.12000 188.88000 31.71700 136.54000
20 2 21 22 24 46338.10000 12.61600000 1600.09000 189.05000 31.71700 136.54000
20 2 21 22 24 46339.60000 12.61600000 1600.09000 189.35000 31.71700 136.54000
20 2 21 22 25 46342.80000 12.61000000 1600.17000 189.64000 31.71700 136.54000
20 2 21 22 25 46342.80000 12.60900000 1601.41000 189.26000 31.71700 136.54000
20 2 21 22 26 46303.10000 12.60900000 1600.60000 189.26000 31.71700 136.12900
20 2 21 22 26 46214.60000 12.60200000 1598.15000 188.76000 31.71700 136.12900
20 2 21 22 27 46219.40000 12.59600000 1597.44000 188.71000 31.71700 136.12900
20 2 21 22 27 46234.40000 12.59600000 1597.88000 188.70000 31.71700 136.02400
20 2 21 22 27 46234.50000 12.59600000 1597.90000 188.72000 31.71700 136.02400
20 2 21 22 28 46227.00000 12.59600000 1598.12000 188.76000 31.71700 135.43900
20 2 21 22 28 46220.60000 12.59600000 1597.80000 188.71000 31.71700 135.36400
20 2 21 22 29 46213.10000 12.59600000 1597.54000 188.70000 31.71700 135.68200
20 2 21 22 29 46215.00000 12.59600000 1597.45000 188.77000 31.71700 135.68200
20 2 21 22 30 46200.00000 12.59600000 1593.64000 188.77000 31.71700 135.51700
20 2 21 22 30 46154.40000 12.59600000 1591.51000 188.54000 31.71700 135.45600
20 2 21 22 30 46149.30000 12.59600000 1591.18000 188.46000 31.71700 135.45600
20 2 21 22 31 46100.00000 12.59600000 1591.01000 188.10000 31.71700 135.10500
20 2 21 22 31 46100.10000 12.55600000 1588.43000 187.70000 31.71700 134.90300
20 2 21 22 32 46083.10000 12.55000000 1585.31000 187.41000 31.71700 134.40000
20 2 21 22 32 46012.90000 12.54800000 1585.40000 187.06000 31.71700 134.37000
20 2 21 22 33 45910.80000 12.54800000 1583.62000 186.22000 31.71700 132.70300
20 2 21 22 33 45946.20000 12.30000000 1580.16000 186.02000 31.71700 132.40000
20 2 21 22 33 45999.80000 12.20000000 1583.21000 185.95000 31.25000 132.39900
20 2 21 22 34 46020.60000 12.28500000 1582.80000 186.02000 31.25000 132.49100
