M=[
19 7 20 03 51 8024.90000 5.27500000 205.97000 37.07000 16.96700 51.19900
19 7 20 03 51 8025.00000 5.27500000 205.97000 37.07000 16.96700 51.19900
19 7 20 03 52 8024.90000 5.27500000 205.97000 37.07000 16.96700 51.19900
19 7 20 03 52 8026.00000 5.27500000 205.97000 37.07000 16.96700 51.24900
19 7 20 03 53 8025.90000 5.27500000 206.09000 37.07000 16.96700 51.24900
19 7 20 03 53 8027.10000 5.27500000 206.09000 37.07000 16.96700 51.24900
19 7 20 03 54 8027.10000 5.27500000 206.09000 37.07000 16.96700 51.24900
19 7 20 03 54 8027.10000 5.27500000 206.09000 37.07000 16.96700 51.24900
19 7 20 03 55 8027.10000 5.27500000 206.09000 37.07000 16.96700 51.24900
19 7 20 03 55 8027.10000 5.27500000 206.09000 37.07000 16.96700 51.24900
19 7 20 03 55 8027.10000 5.27500000 206.09000 37.07000 16.96700 51.24900
19 7 20 03 56 8027.60000 5.27500000 206.09000 37.07000 16.96700 51.24900
19 7 20 03 56 8027.60000 5.27500000 206.09000 37.07000 16.96700 51.24900
19 7 20 03 57 8027.70000 5.27500000 206.09000 37.07000 16.96700 51.24900
19 7 20 03 57 8027.70000 5.27500000 206.09000 37.07000 16.96700 51.24900
19 7 20 03 58 8027.60000 5.27500000 206.09000 37.07000 16.96700 51.24900
19 7 20 03 58 8027.60000 5.27500000 206.09000 37.07000 16.96700 51.30000
19 7 20 03 59 8025.50000 5.27500000 206.09000 37.07000 16.96700 51.30000
19 7 20 03 59 8025.20000 5.27500000 206.01000 37.07000 16.96700 51.30000
19 7 20 03 59 8025.20000 5.27500000 206.01000 37.07000 16.96700 51.30000
19 7 20 04 00 8024.70000 5.27500000 205.95000 37.07000 16.96700 51.30000
19 7 20 04 00 8023.30000 5.27500000 205.95000 37.07000 16.96700 51.30000
19 7 20 04 01 8019.60000 5.27000000 205.65000 37.07000 16.96700 51.30000
19 7 20 04 01 8019.60000 5.27000000 205.65000 37.07000 16.96700 51.30000
19 7 20 04 02 8019.60000 5.27000000 205.65000 37.07000 17.05000 51.30000
19 7 20 04 02 8021.20000 5.27000000 205.65000 37.07000 17.05000 51.30000
19 7 20 04 03 8021.20000 5.27000000 205.65000 37.07000 17.05000 51.30000
19 7 20 04 03 8021.20000 5.27000000 205.79000 37.07000 17.05000 51.30000
19 7 20 04 04 8021.60000 5.27000000 205.79000 37.07000 17.05000 51.30000
19 7 20 04 04 8021.20000 5.27000000 205.78000 37.07000 17.05000 51.30000
19 7 20 04 04 8021.20000 5.27000000 205.78000 37.07000 17.05000 51.30000
19 7 20 04 05 8021.10000 5.27000000 205.86000 37.07000 17.05000 51.30000
19 7 20 04 05 8021.10000 5.27000000 205.85000 37.07000 17.05000 51.30000
19 7 20 04 06 8021.10000 5.27000000 205.85000 37.07000 17.05000 51.30000
19 7 20 04 06 8021.10000 5.27000000 205.83000 37.07000 17.05000 51.30000
19 7 20 04 07 8021.20000 5.27000000 205.82000 37.07000 17.05000 51.30000
19 7 20 04 07 8023.50000 5.27000000 205.91000 37.07000 17.05000 51.30000
19 7 20 04 08 8022.10000 5.27000000 205.91000 37.07000 17.05000 51.30000
19 7 20 04 08 8021.30000 5.27000000 205.84000 37.07000 17.05000 51.30000
19 7 20 04 09 8021.30000 5.27000000 205.85000 37.07000 17.05000 51.30000
19 7 20 04 09 8021.30000 5.27000000 205.85000 37.07000 17.05000 51.30000
19 7 20 04 09 8021.30000 5.27000000 205.85000 37.07000 17.05000 51.30000
19 7 20 04 10 8021.60000 5.27000000 205.84000 37.07000 17.05000 51.30000
19 7 20 04 10 8019.30000 5.27000000 205.84000 37.07000 17.05000 51.30000
19 7 20 04 11 8022.40000 5.27000000 205.89000 37.07000 17.05000 51.30000
19 7 20 04 11 8022.40000 5.27000000 205.89000 37.07000 17.05000 51.30000
19 7 20 04 12 8022.30000 5.27000000 205.94000 37.07000 17.05000 51.30000
19 7 20 04 12 8022.30000 5.27000000 205.94000 37.07000 17.05000 51.30000
19 7 20 04 13 8022.30000 5.27000000 205.94000 37.13000 17.05000 51.30000
19 7 20 04 13 8023.50000 5.27000000 205.94000 37.13000 17.05000 51.30000
19 7 20 04 13 8024.10000 5.27000000 205.94000 37.13000 17.05000 51.30000
19 7 20 04 14 8024.10000 5.27000000 205.97000 37.13000 17.05000 51.30000
19 7 20 04 14 8024.10000 5.27000000 205.96000 37.13000 17.05000 51.30000
19 7 20 04 15 8024.10000 5.27000000 205.96000 37.13000 17.05000 51.30000
19 7 20 04 15 8024.10000 5.27000000 205.96000 37.13000 17.05000 51.30000
19 7 20 04 16 8024.10000 5.27000000 205.96000 37.13000 17.05000 51.30000
19 7 20 04 16 8024.10000 5.27000000 205.96000 37.13000 17.05000 51.30000
19 7 20 04 17 8023.00000 5.27000000 205.96000 37.13000 17.05000 51.30000
19 7 20 04 17 8023.00000 5.27000000 205.96000 37.13000 17.05000 51.30000
19 7 20 04 17 8023.00000 5.27000000 205.96000 37.13000 17.05000 51.30000
19 7 20 04 18 8022.90000 5.27000000 205.96000 37.13000 17.05000 51.30000
19 7 20 04 18 8022.90000 5.27000000 205.96000 37.13000 17.05000 51.30000
19 7 20 04 19 8021.80000 5.27000000 205.90000 37.13000 17.05000 51.30000
19 7 20 04 19 8021.80000 5.27000000 205.81000 37.13000 17.05000 51.30000
19 7 20 04 20 8021.80000 5.27000000 205.81000 37.13000 17.05000 51.30000
19 7 20 04 20 8021.80000 5.27000000 205.81000 37.13000 17.05000 51.30000
19 7 20 04 21 8022.30000 5.27000000 205.81000 37.13000 17.05000 51.30000
19 7 20 04 21 8022.30000 5.27000000 205.94000 37.13000 17.05000 51.30000
19 7 20 04 21 8022.60000 5.27000000 205.90000 37.13000 17.05000 51.30000
19 7 20 04 22 8023.00000 5.27000000 205.90000 37.13000 17.05000 51.30000
19 7 20 04 22 8023.00000 5.27000000 205.90000 37.13000 17.05000 51.30000
19 7 20 04 23 8022.90000 5.27000000 205.95000 37.13000 17.05000 51.30000
19 7 20 04 23 8023.00000 5.27000000 205.95000 37.13000 17.05000 51.30000
19 7 20 04 24 8023.00000 5.27000000 205.95000 37.13000 17.05000 51.30000
19 7 20 04 24 8023.00000 5.27000000 205.95000 37.13000 17.05000 51.30000
19 7 20 04 25 8022.90000 5.27000000 205.95000 37.13000 17.05000 51.30000
19 7 20 04 25 8023.00000 5.27000000 206.05000 37.13000 17.05000 51.30000
19 7 20 04 26 8022.90000 5.27000000 206.05000 37.13000 17.05000 51.30000
19 7 20 04 26 8022.90000 5.27000000 206.05000 37.13000 17.05000 51.30000
19 7 20 04 26 8022.90000 5.27000000 206.05000 37.13000 17.05000 51.30000
19 7 20 04 27 8022.90000 5.27000000 206.05000 37.13000 17.05000 51.30000
19 7 20 04 27 8022.90000 5.27000000 205.99000 37.13000 17.05000 51.30000
19 7 20 04 28 8023.00000 5.27000000 205.99000 37.13000 17.05000 51.30000
19 7 20 04 28 8022.90000 5.27000000 205.99000 37.13000 17.05000 51.30000
19 7 20 04 29 8023.00000 5.27000000 206.00000 37.13000 17.05000 51.30000
19 7 20 04 29 8023.00000 5.27000000 206.00000 37.13000 17.05000 51.30000
19 7 20 04 30 8022.90000 5.27000000 206.00000 37.13000 17.05000 51.30000
19 7 20 04 30 8023.00000 5.27000000 206.00000 37.13000 17.05000 51.30000
19 7 20 04 31 8022.90000 5.27000000 206.00000 37.13000 17.05000 51.30000
19 7 20 04 31 8023.00000 5.27000000 206.00000 37.13000 17.05000 51.30000
19 7 20 04 31 8022.90000 5.27000000 206.00000 37.13000 17.05000 51.30000
19 7 20 04 32 8022.90000 5.27000000 206.00000 37.13000 17.05000 51.30000
19 7 20 04 32 8022.90000 5.27000000 206.00000 37.13000 17.05000 51.30000
19 7 20 04 33 8022.90000 5.27000000 205.99000 37.13000 17.05000 51.30000
19 7 20 04 33 8022.90000 5.27000000 205.99000 37.13000 17.05000 51.30000
19 7 20 04 34 8022.90000 5.27000000 205.93000 37.13000 17.05000 51.30000
19 7 20 04 34 8023.00000 5.27000000 205.93000 37.13000 17.05000 51.30000
19 7 20 04 35 8023.00000 5.27000000 206.00000 37.13000 17.05000 51.30000
19 7 20 04 35 8023.00000 5.27000000 206.00000 37.13000 17.05000 51.21700
19 7 20 04 36 8023.00000 5.27000000 206.00000 37.13000 17.05000 51.21700
19 7 20 04 36 8023.00000 5.27000000 206.00000 37.13000 17.05000 51.21700
19 7 20 04 36 8023.00000 5.27000000 206.00000 37.13000 17.05000 51.21700
19 7 20 04 37 8022.90000 5.27000000 206.00000 37.13000 17.05000 51.21700
19 7 20 04 37 8022.90000 5.27000000 206.00000 37.13000 17.05000 51.21700
19 7 20 04 38 8022.90000 5.27000000 205.97000 37.13000 17.05000 51.21700
19 7 20 04 38 8023.00000 5.27000000 205.97000 37.13000 17.05000 51.21700
19 7 20 04 39 8023.00000 5.27000000 205.97000 37.13000 17.05000 51.21700
19 7 20 04 39 8022.90000 5.27000000 205.97000 37.13000 17.05000 51.21700
19 7 20 04 40 8022.90000 5.27000000 205.97000 37.13000 17.05000 51.21700
