M=[
26 5 21 00 20 31172.80000 64.02300000 2193.71000 149.31000 25.11600 118.78900
26 5 21 00 21 31155.70000 63.28100000 2193.08000 149.31000 25.11600 118.78900
26 5 21 00 21 31144.50000 63.28100000 2189.13000 148.58000 25.11600 118.78900
26 5 21 00 22 31113.20000 63.28100000 2186.09000 148.28000 25.11600 118.78900
26 5 21 00 22 31113.20000 63.28100000 2186.09000 148.70000 25.11600 118.78900
26 5 21 00 22 31113.20000 63.17600000 2182.55000 148.19000 25.11600 118.78900
26 5 21 00 23 31113.20000 63.36300000 2180.02000 148.10000 25.11600 118.78900
26 5 21 00 23 31121.80000 63.36300000 2184.87000 148.33000 25.11600 118.78900
26 5 21 00 24 31110.60000 63.36300000 2181.63000 148.00000 25.11600 118.78900
26 5 21 00 24 31101.10000 62.93300000 2181.92000 147.86000 25.11600 118.78900
26 5 21 00 25 31142.60000 62.93300000 2184.55000 148.23000 25.11600 118.78900
26 5 21 00 25 31142.60000 62.93300000 2184.51000 148.45000 25.11600 118.78900
26 5 21 00 25 31113.40000 62.93300000 2181.08000 148.45000 25.11600 118.78900
26 5 21 00 26 31113.30000 62.91300000 2184.35000 148.45000 25.11600 118.78900
26 5 21 00 26 31105.50000 62.90400000 2185.00000 148.45000 25.11600 118.78900
26 5 21 00 27 31088.90000 62.84600000 2181.33000 148.08000 25.11600 118.78900
26 5 21 00 27 31088.80000 62.84600000 2177.04000 148.28000 25.11600 118.78900
26 5 21 00 28 31047.80000 62.55300000 2173.99000 147.76000 25.11600 118.78900
26 5 21 00 28 31038.20000 62.55300000 2168.27000 147.54000 25.11600 118.78900
26 5 21 00 28 31014.00000 62.43600000 2168.12000 147.54000 25.11600 117.57400
26 5 21 00 29 31037.70000 62.41600000 2170.56000 147.54000 25.11600 117.57400
26 5 21 00 29 30943.00000 62.22600000 2164.30000 147.00000 25.11600 117.57400
26 5 21 00 30 30993.90000 62.22600000 2169.26000 147.30000 25.11600 117.57400
26 5 21 00 30 31019.60000 62.66000000 2171.00000 147.61000 25.11600 117.93900
26 5 21 00 31 30940.00000 62.41800000 2167.94000 147.07000 25.11600 117.93900
26 5 21 00 31 30918.40000 62.41800000 2169.69000 147.07000 25.11600 117.93900
26 5 21 00 32 30956.90000 62.41800000 2166.76000 147.14000 25.11600 117.93900
26 5 21 00 32 30976.80000 62.41800000 2172.53000 147.38000 25.11600 117.93900
26 5 21 00 32 30997.00000 62.41800000 2174.14000 147.38000 25.11600 117.93900
26 5 21 00 33 31001.30000 62.41800000 2176.76000 147.82000 25.11600 117.93900
26 5 21 00 33 31023.20000 62.69700000 2177.04000 147.82000 25.11600 117.93900
26 5 21 00 34 31023.20000 62.69700000 2176.00000 147.82000 25.11600 117.93900
26 5 21 00 34 31023.20000 62.69700000 2177.15000 147.82000 25.11600 117.93900
26 5 21 00 35 31008.10000 62.58000000 2174.00000 147.82000 25.11600 117.52900
26 5 21 00 35 31035.80000 62.58000000 2180.33000 148.28000 25.11600 117.52900
26 5 21 00 35 31086.80000 62.79100000 2180.33000 148.28000 25.11600 117.52900
26 5 21 00 36 31055.30000 62.79100000 2183.26000 148.28000 25.11600 117.52900
26 5 21 00 36 31061.50000 62.79100000 2184.00000 148.66000 25.11600 118.15900
26 5 21 00 37 31082.40000 62.79100000 2184.55000 148.66000 25.11600 118.15900
26 5 21 00 37 31087.30000 62.79100000 2184.55000 148.99000 25.11600 118.15900
26 5 21 00 38 31093.50000 62.79100000 2186.07000 148.99000 25.11600 118.15900
26 5 21 00 38 31104.60000 62.79100000 2187.71000 148.99000 25.11600 118.15900
26 5 21 00 38 31110.50000 62.79100000 2187.71000 148.99000 25.11600 118.15900
26 5 21 00 39 31114.50000 62.79100000 2190.00000 149.30000 25.11600 118.15900
26 5 21 00 39 31078.60000 62.79100000 2190.00000 149.30000 25.11600 118.15900
26 5 21 00 40 31135.60000 62.79100000 2191.45000 149.40000 25.11600 118.15900
26 5 21 00 40 31107.90000 62.79100000 2183.41000 149.39000 25.11600 118.15900
26 5 21 00 41 31095.00000 62.79100000 2185.75000 149.39000 25.11600 118.15900
26 5 21 00 41 31102.60000 62.79100000 2185.75000 149.39000 25.11600 118.15900
26 5 21 00 41 31089.90000 62.79100000 2182.00000 148.64000 25.11600 118.15900
26 5 21 00 42 31080.00000 62.79100000 2179.51000 148.64000 25.11600 118.15900
26 5 21 00 42 31085.00000 62.79100000 2180.87000 148.98000 25.11600 118.15900
26 5 21 00 43 31085.00000 62.79100000 2181.17000 148.98000 25.11600 118.15900
26 5 21 00 43 31089.60000 62.79100000 2181.17000 148.98000 25.11600 118.15900
26 5 21 00 44 31079.90000 62.79100000 2178.66000 148.98000 25.11600 118.15900
26 5 21 00 44 31073.90000 62.79100000 2179.94000 148.98000 25.11600 118.15900
26 5 21 00 44 31064.90000 62.79100000 2178.06000 148.98000 25.11600 118.15900
26 5 21 00 45 31056.50000 62.79100000 2180.17000 148.48000 25.11600 118.15900
26 5 21 00 45 31100.50000 62.72200000 2182.81000 148.73000 25.11600 118.15900
26 5 21 00 46 31103.00000 62.72200000 2184.16000 148.67000 25.11600 118.15900
26 5 21 00 46 31131.30000 62.72200000 2186.36000 148.67000 25.11600 118.51800
26 5 21 00 47 31135.90000 62.72200000 2186.94000 148.67000 25.11600 118.51800
26 5 21 00 47 31129.90000 62.91300000 2186.94000 148.99000 25.11600 118.51800
26 5 21 00 47 31134.90000 62.91300000 2188.50000 148.87000 25.11600 118.51800
26 5 21 00 48 31096.70000 62.77800000 2182.90000 148.87000 25.11600 118.51800
26 5 21 00 48 31101.60000 62.76000000 2184.94000 148.87000 25.11600 118.51800
26 5 21 00 49 31120.40000 62.76000000 2184.94000 148.87000 25.11600 118.51800
26 5 21 00 49 31119.90000 62.76000000 2184.94000 148.87000 25.11600 118.51800
26 5 21 00 50 31134.80000 62.77800000 2189.52000 148.87000 25.11600 118.51800
26 5 21 00 50 31185.70000 63.02300000 2189.52000 148.87000 25.11600 119.55000
26 5 21 00 50 31187.80000 63.02300000 2193.99000 149.34000 25.11600 119.55000
26 5 21 00 51 31182.90000 63.02300000 2195.94000 149.50000 25.11600 119.55000
26 5 21 00 51 31182.90000 63.02300000 2194.34000 149.50000 25.11600 119.55000
26 5 21 00 52 31186.40000 63.02300000 2194.34000 149.50000 25.11600 119.55000
26 5 21 00 52 31158.60000 63.02300000 2193.44000 149.51000 25.11600 119.55000
26 5 21 00 53 31159.00000 63.02300000 2196.02000 149.46000 25.11600 119.55000
26 5 21 00 53 31159.10000 63.02300000 2196.02000 149.61000 25.11600 119.55000
26 5 21 00 53 31150.80000 63.02300000 2190.62000 149.33000 25.11600 119.55000
26 5 21 00 54 31153.40000 63.02300000 2190.62000 149.33000 25.11600 119.55000
26 5 21 00 54 31136.60000 63.02300000 2190.14000 149.33000 25.11600 119.55000
26 5 21 00 55 31148.40000 63.02300000 2190.14000 149.49000 25.11600 119.55000
26 5 21 00 55 31143.70000 63.02300000 2189.66000 149.49000 25.11600 119.55000
26 5 21 00 56 31143.50000 63.02300000 2186.37000 149.49000 25.11600 119.55000
26 5 21 00 56 31136.00000 63.02300000 2191.58000 149.49000 25.11600 119.68300
26 5 21 00 56 31143.40000 63.02300000 2189.91000 149.49000 25.11600 119.68300
26 5 21 00 57 31138.60000 63.02300000 2190.28000 149.37000 25.11600 119.68300
26 5 21 00 57 31138.60000 63.02300000 2185.39000 149.37000 25.11600 119.68300
26 5 21 00 58 31143.40000 63.02300000 2188.15000 149.37000 25.11600 119.68300
26 5 21 00 58 31148.70000 63.02300000 2188.15000 149.37000 25.11600 119.68300
26 5 21 00 59 31148.70000 63.12300000 2191.57000 149.37000 25.11600 119.68300
26 5 21 00 59 31162.10000 63.13600000 2192.45000 149.45000 25.11600 119.68300
26 5 21 00 59 31162.10000 63.13600000 2192.45000 149.45000 25.11600 119.59900
26 5 21 01 00 31172.20000 63.13600000 2196.31000 149.71000 25.11600 119.59900
26 5 21 01 00 31187.10000 63.30600000 2201.03000 149.71000 25.11600 119.59900
26 5 21 01 01 31192.10000 63.47100000 2204.06000 150.14000 25.11600 119.59900
26 5 21 01 01 31187.00000 63.18400000 2197.12000 149.83000 25.11600 119.59900
26 5 21 01 02 31187.00000 63.18400000 2199.81000 149.80000 25.11600 119.59900
26 5 21 01 02 31179.70000 63.18400000 2199.57000 149.80000 25.11600 119.59900
26 5 21 01 02 31179.80000 63.18400000 2195.48000 149.80000 25.11600 119.59900
26 5 21 01 03 31162.50000 63.18400000 2195.48000 149.80000 25.11600 119.59900
26 5 21 01 03 31151.00000 63.18400000 2195.48000 149.89000 25.11600 119.59900
26 5 21 01 04 31160.60000 63.18400000 2195.48000 149.89000 25.11600 119.59900
