M=[
22 4 20 09 59 6424.40000 4.88300000 161.98000 37.87000 9.06600 40.21800
22 4 20 10 00 6424.00000 4.88300000 161.74000 37.87000 9.06600 40.21800
22 4 20 10 00 6424.50000 4.87000000 161.74000 37.85000 9.06600 40.21800
22 4 20 10 00 6424.80000 4.88300000 161.76000 37.87000 9.11900 40.21800
22 4 20 10 01 6424.50000 4.87000000 161.76000 37.85000 9.06600 40.21800
22 4 20 10 01 6424.50000 4.88500000 161.67000 37.86000 9.06600 40.22700
22 4 20 10 02 6424.20000 4.88300000 161.70000 37.86000 9.06600 40.22700
22 4 20 10 02 6420.00000 4.88300000 161.55000 37.85000 9.11900 40.21800
22 4 20 10 03 6416.30000 4.88300000 161.53000 37.85000 9.06600 40.17900
22 4 20 10 03 6416.30000 4.88500000 161.53000 37.82000 9.06600 40.17900
22 4 20 10 03 6416.20000 4.88000000 161.55000 37.82000 9.06600 40.17900
22 4 20 10 04 6415.50000 4.88000000 161.53000 37.82000 9.06600 40.10500
22 4 20 10 04 6415.10000 4.88000000 161.45000 37.82000 9.06600 40.10500
22 4 20 10 05 6415.10000 4.88000000 161.46000 37.82000 9.06600 40.10500
22 4 20 10 05 6415.10000 4.88000000 161.53000 37.82000 9.06600 40.10500
22 4 20 10 06 6415.10000 4.88000000 161.53000 37.82000 9.06600 40.00100
22 4 20 10 06 6415.00000 4.88000000 161.53000 37.82000 9.06600 40.00100
22 4 20 10 06 6412.00000 4.88000000 161.51000 37.82000 9.06600 40.00100
22 4 20 10 07 6412.10000 4.88500000 161.51000 37.82000 9.09900 40.00100
22 4 20 10 07 6412.10000 4.88000000 161.45000 37.82000 9.06600 40.00100
22 4 20 10 08 6412.10000 4.88000000 161.45000 37.81000 9.06600 40.00000
22 4 20 10 08 6412.00000 4.88000000 161.45000 37.81000 9.06600 39.96200
22 4 20 10 08 6412.10000 4.88000000 161.45000 37.81000 9.06600 39.96200
22 4 20 10 09 6412.00000 4.88300000 161.46000 37.81000 9.06600 39.96200
22 4 20 10 09 6412.10000 4.88000000 161.48000 37.82000 9.06600 39.96200
22 4 20 10 10 6412.10000 4.88000000 161.45000 37.82000 9.06600 39.96200
22 4 20 10 10 6412.10000 4.88000000 161.45000 37.79000 9.06600 39.96200
22 4 20 10 11 6412.00000 4.88000000 161.51000 37.79000 9.05600 39.96200
22 4 20 10 11 6411.80000 4.88300000 161.57000 37.79000 9.05600 39.96200
22 4 20 10 11 6411.80000 4.88000000 161.53000 37.79000 9.05600 39.96200
22 4 20 10 12 6411.70000 4.88000000 161.51000 37.79000 9.05600 40.17900
22 4 20 10 12 6411.70000 4.88000000 161.47000 37.79000 9.05600 39.96200
22 4 20 10 13 6412.10000 4.88000000 161.40000 37.79000 9.05600 39.96200
22 4 20 10 13 6411.80000 4.88000000 161.40000 37.82000 9.05600 39.96200
22 4 20 10 14 6410.60000 4.88500000 161.53000 37.80000 9.05600 39.96200
22 4 20 10 14 6404.00000 4.88300000 161.32000 37.82000 9.05600 40.17900
22 4 20 10 14 6405.30000 4.88000000 161.30000 37.82000 9.05600 39.96200
22 4 20 10 15 6405.80000 4.88000000 161.30000 37.82000 9.05600 39.96200
22 4 20 10 15 6408.00000 4.88000000 161.30000 37.82000 9.05600 39.96200
22 4 20 10 16 6404.90000 4.88000000 161.30000 37.82000 9.05600 39.96200
22 4 20 10 16 6404.10000 4.87500000 161.28000 37.82000 9.05600 39.96200
22 4 20 10 16 6404.10000 4.87500000 161.27000 37.82000 9.05600 39.97400
22 4 20 10 17 6404.10000 4.88300000 161.29000 37.82000 9.05600 39.97400
22 4 20 10 17 6407.00000 4.88300000 161.42000 37.82000 9.05600 39.97400
22 4 20 10 18 6407.00000 4.87500000 161.49000 37.82000 9.05600 39.97400
22 4 20 10 18 6408.40000 4.87500000 161.50000 37.83000 9.05600 39.97400
22 4 20 10 19 6409.40000 4.87500000 161.50000 37.83000 9.05600 39.97400
22 4 20 10 19 6409.40000 4.87500000 161.50000 37.84000 9.05600 39.97400
22 4 20 10 19 6408.00000 4.88500000 161.53000 37.84000 9.05600 39.97400
22 4 20 10 20 6410.10000 4.87500000 161.62000 37.84000 9.05600 39.97400
22 4 20 10 20 6410.10000 4.88000000 161.74000 37.84000 9.05600 39.97400
22 4 20 10 21 6410.10000 4.87500000 161.74000 37.84000 9.06600 39.96200
22 4 20 10 21 6410.10000 4.87500000 161.74000 37.84000 9.05600 39.96200
22 4 20 10 22 6410.10000 4.87500000 161.75000 37.84000 9.05600 39.97400
22 4 20 10 22 6410.10000 4.87500000 161.78000 37.84000 9.05600 39.96200
22 4 20 10 22 6410.10000 4.87500000 161.85000 37.84000 9.05600 39.97400
22 4 20 10 23 6416.20000 4.87500000 161.85000 37.84000 9.05600 39.97400
22 4 20 10 23 6416.20000 4.87500000 161.86000 37.84000 9.05600 39.97400
22 4 20 10 24 6417.00000 4.87500000 161.87000 37.84000 9.05600 39.97400
22 4 20 10 24 6416.90000 4.87500000 161.96000 37.84000 9.05600 40.13000
22 4 20 10 25 6417.00000 4.88300000 161.96000 37.84000 9.05600 40.13000
22 4 20 10 25 6417.00000 4.87500000 161.86000 37.84000 9.05600 40.13000
22 4 20 10 25 6420.50000 4.88000000 161.78000 37.84000 9.02100 40.13000
22 4 20 10 26 6420.20000 4.87500000 161.69000 37.84000 9.02100 40.13000
22 4 20 10 26 6419.10000 4.87500000 161.69000 37.84000 9.02100 40.13000
22 4 20 10 27 6419.20000 4.87500000 161.78000 37.84000 9.02100 40.13000
22 4 20 10 27 6420.00000 4.87500000 161.86000 37.84000 9.02100 39.96200
22 4 20 10 28 6419.30000 4.87500000 161.78000 37.84000 9.02100 40.13000
22 4 20 10 28 6420.00000 4.87500000 161.80000 37.84000 9.02100 40.13000
22 4 20 10 28 6419.90000 4.88500000 161.76000 37.90000 9.02100 40.13000
22 4 20 10 29 6419.20000 4.87500000 161.75000 37.90000 9.05600 40.13000
22 4 20 10 29 6419.20000 4.87500000 161.59000 37.90000 9.02100 40.13000
22 4 20 10 30 6419.10000 4.87500000 161.59000 37.89000 9.02100 40.13000
22 4 20 10 30 6419.20000 4.88500000 161.83000 37.89000 9.02100 40.13000
22 4 20 10 31 6419.20000 4.88500000 161.87000 37.86000 9.02100 40.13000
22 4 20 10 31 6419.20000 4.88500000 161.67000 37.86000 9.02100 40.13000
22 4 20 10 31 6419.00000 4.88500000 161.61000 37.84000 9.02100 40.13000
22 4 20 10 32 6419.00000 4.88500000 161.66000 37.87000 9.02100 40.13000
22 4 20 10 32 6419.10000 4.88500000 161.65000 37.83000 9.02100 40.13000
22 4 20 10 33 6419.10000 4.88500000 161.70000 37.83000 9.02100 40.13000
22 4 20 10 33 6419.00000 4.88500000 161.70000 37.83000 9.02100 40.13000
22 4 20 10 33 6419.00000 4.88500000 161.67000 37.83000 9.02100 40.13000
22 4 20 10 34 6419.00000 4.88500000 161.67000 37.86000 9.02100 40.13000
22 4 20 10 34 6417.60000 4.88500000 161.67000 37.86000 9.02100 39.97700
22 4 20 10 35 6416.90000 4.88500000 161.60000 37.84000 9.02100 39.97700
22 4 20 10 35 6417.00000 4.87500000 161.53000 37.83000 9.02100 39.96200
22 4 20 10 36 6415.10000 4.88500000 161.59000 37.83000 9.02100 39.97700
22 4 20 10 36 6415.10000 4.88500000 161.45000 37.83000 9.02100 39.97700
22 4 20 10 36 6416.60000 4.88500000 161.52000 37.83000 9.02100 39.97700
22 4 20 10 37 6415.20000 4.88500000 161.59000 37.83000 9.02100 39.97700
22 4 20 10 37 6415.90000 4.88500000 161.59000 37.83000 9.05600 39.97700
22 4 20 10 38 6415.90000 4.88500000 161.66000 37.83000 9.02100 39.97700
22 4 20 10 38 6416.30000 4.88500000 161.60000 37.83000 9.02100 39.97700
22 4 20 10 39 6416.30000 4.88500000 161.60000 37.83000 9.02100 39.97700
22 4 20 10 39 6416.00000 4.88500000 161.51000 37.83000 9.02100 39.97700
22 4 20 10 39 6417.50000 4.88500000 161.49000 37.80000 9.05600 39.97700
22 4 20 10 40 6416.10000 4.88500000 161.48000 37.83000 9.02100 39.97700
22 4 20 10 40 6417.20000 4.88500000 161.48000 37.83000 9.02100 39.97700
22 4 20 10 41 6417.20000 4.88500000 161.57000 37.83000 9.02100 39.97700
22 4 20 10 41 6417.10000 4.88500000 161.55000 37.83000 9.02100 39.97700
22 4 20 10 41 6417.50000 4.88500000 161.51000 37.83000 9.02100 39.94800
22 4 20 10 42 6416.00000 4.88500000 161.52000 37.80000 9.05600 39.95700
22 4 20 10 42 6416.10000 4.88500000 161.52000 37.80000 9.02100 39.94700
22 4 20 10 43 6416.00000 4.88500000 161.54000 37.80000 9.02100 39.95000
22 4 20 10 43 6415.20000 4.88500000 161.41000 37.80000 9.02100 39.93900
22 4 20 10 44 6415.10000 4.88500000 161.35000 37.80000 9.02100 39.93400
22 4 20 10 44 6414.00000 4.88500000 161.41000 37.80000 9.02100 39.86900
22 4 20 10 44 6414.00000 4.88500000 161.36000 37.80000 9.02100 39.86900
22 4 20 10 45 6414.10000 4.88500000 161.41000 37.80000 9.02100 39.86900
22 4 20 10 45 6414.10000 4.88500000 161.34000 37.80000 9.02100 39.86900
22 4 20 10 46 6412.10000 4.88500000 161.28000 37.83000 9.02100 39.85000
