M=[
21 12 20 11 18 18714.90000 5.13100000 503.47000 87.88000 14.80000 57.62000
21 12 20 11 19 18727.40000 5.13100000 503.47000 87.81000 14.80000 57.78400
21 12 20 11 19 18717.00000 5.13100000 503.16000 88.00000 14.80000 57.78400
21 12 20 11 19 18700.10000 5.13100000 502.88000 87.99000 14.80000 57.78400
21 12 20 11 20 18690.80000 5.13100000 502.24000 87.80000 14.88900 57.71500
21 12 20 11 20 18678.70000 5.16300000 501.63000 87.54000 14.88200 57.71500
21 12 20 11 21 18674.10000 5.16300000 501.82000 87.56000 14.88200 57.71500
21 12 20 11 21 18680.70000 5.16300000 501.39000 87.19000 14.88200 57.62500
21 12 20 11 22 18658.30000 5.14800000 501.21000 87.38000 14.88200 57.50500
21 12 20 11 22 18710.70000 5.14800000 502.14000 87.60000 14.88200 57.50000
21 12 20 11 22 18671.60000 5.12700000 501.34000 87.44000 14.88200 57.54900
21 12 20 11 23 18691.50000 5.12700000 501.35000 87.48000 14.88200 57.72500
21 12 20 11 23 18671.70000 5.12700000 500.71000 87.25000 14.88200 57.72500
21 12 20 11 24 18686.50000 5.12700000 501.31000 87.40000 14.88200 57.72500
21 12 20 11 24 18679.40000 5.12700000 500.84000 87.35000 14.88200 57.72500
21 12 20 11 25 18680.10000 5.12700000 500.38000 87.30000 14.88200 57.72500
21 12 20 11 25 18667.20000 5.13400000 500.59000 87.07000 14.88200 57.72500
21 12 20 11 25 18680.10000 5.13400000 500.59000 87.16000 14.88200 57.72500
21 12 20 11 26 18682.50000 5.13400000 500.85000 87.25000 14.96200 57.72500
21 12 20 11 26 18652.50000 5.12500000 500.27000 86.81000 14.96200 57.72500
21 12 20 11 27 18660.00000 5.12500000 500.60000 87.09000 14.96200 57.72500
21 12 20 11 27 18660.00000 5.12500000 500.63000 87.09000 14.96200 57.72500
21 12 20 11 28 18683.90000 5.12500000 501.69000 87.26000 14.96200 57.46800
21 12 20 11 28 18674.60000 5.12500000 501.19000 87.26000 14.96200 57.46800
21 12 20 11 28 18670.10000 5.12500000 501.58000 87.10000 14.96200 57.56900
21 12 20 11 29 18685.70000 5.12500000 501.39000 87.13000 14.96200 57.56900
21 12 20 11 29 18668.30000 5.12500000 501.43000 87.13000 14.96200 57.56900
21 12 20 11 30 18674.90000 5.12000000 501.43000 87.23000 14.96200 57.46800
21 12 20 11 30 18650.00000 5.12000000 500.42000 87.03000 14.96200 57.46800
21 12 20 11 31 18632.60000 5.12000000 500.40000 86.81000 14.96200 57.46800
21 12 20 11 31 18632.80000 5.12000000 500.00000 86.69000 14.96200 57.46800
21 12 20 11 31 18620.90000 5.12000000 499.41000 86.64000 14.96200 57.46800
21 12 20 11 32 18620.90000 5.12000000 499.62000 86.63000 14.96200 57.46800
21 12 20 11 32 18571.70000 5.12000000 499.41000 86.33000 14.96200 57.46800
21 12 20 11 33 18580.80000 5.12000000 498.76000 86.48000 14.80200 57.39600
21 12 20 11 33 18599.90000 5.11700000 499.32000 86.70000 14.80200 57.39600
21 12 20 11 34 18590.90000 5.11700000 501.43000 86.70000 14.80200 57.39600
21 12 20 11 34 18578.80000 5.11700000 499.00000 86.81000 14.80200 57.39600
21 12 20 11 34 18622.20000 5.11700000 499.00000 86.83000 14.80200 57.39600
21 12 20 11 35 18574.60000 5.11700000 498.56000 86.45000 14.80200 57.21600
21 12 20 11 35 18570.00000 5.11700000 498.38000 86.43000 14.80200 57.21600
21 12 20 11 36 18629.50000 5.11700000 498.83000 86.75000 14.80200 57.29000
21 12 20 11 36 18626.00000 5.11700000 500.29000 87.06000 14.80200 57.29000
21 12 20 11 37 18610.40000 5.11700000 499.94000 86.85000 14.80200 57.29000
21 12 20 11 37 18612.50000 5.11700000 499.72000 86.66000 14.84900 57.34100
21 12 20 11 37 18605.50000 5.11700000 500.00000 86.66000 14.84900 57.30100
21 12 20 11 38 18625.90000 5.11700000 499.89000 86.76000 14.84900 57.30100
21 12 20 11 38 18637.80000 5.11700000 499.99000 86.64000 14.84900 57.30100
21 12 20 11 39 18629.20000 5.11700000 499.66000 86.80000 14.84900 57.30100
21 12 20 11 39 18625.00000 5.11700000 499.81000 86.80000 14.84900 57.30100
21 12 20 11 40 18645.90000 5.11700000 499.65000 86.79000 14.83600 57.30100
21 12 20 11 40 18663.20000 5.11700000 500.80000 87.10000 14.83600 57.58000
21 12 20 11 40 18670.00000 5.11700000 501.32000 87.10000 14.83600 57.40000
21 12 20 11 41 18666.90000 5.11700000 501.00000 87.10000 14.83600 57.40000
21 12 20 11 41 18676.30000 5.11700000 501.69000 87.22000 14.83600 57.40000
21 12 20 11 42 18684.10000 5.11700000 501.94000 87.33000 14.83600 57.40000
21 12 20 11 42 18680.80000 5.11700000 502.10000 87.25000 14.83600 57.40000
21 12 20 11 43 18690.00000 5.11700000 502.12000 87.32000 14.83600 57.29300
21 12 20 11 43 18690.00000 5.11700000 502.03000 87.20000 14.83600 57.29300
21 12 20 11 43 18690.00000 5.15900000 502.13000 87.26000 14.83600 57.29300
21 12 20 11 44 18734.00000 5.15900000 502.72000 87.36000 14.83600 57.29300
21 12 20 11 44 18748.90000 5.15900000 502.78000 87.56000 14.83600 57.29300
21 12 20 11 45 18750.00000 5.15900000 503.04000 87.56000 14.83600 57.29300
21 12 20 11 45 18759.50000 5.15900000 503.59000 87.60000 14.83600 57.29300
21 12 20 11 46 18755.40000 5.15900000 503.11000 87.59000 14.83600 57.29300
21 12 20 11 46 18740.60000 5.15900000 502.79000 87.32000 14.83600 57.29300
21 12 20 11 46 18734.90000 5.15900000 503.33000 87.32000 14.83600 57.29300
21 12 20 11 47 18726.40000 5.15900000 503.30000 87.45000 14.83600 57.29300
21 12 20 11 47 18710.00000 5.15900000 502.88000 87.40000 14.83600 57.29300
21 12 20 11 48 18710.20000 5.15900000 503.29000 87.39000 14.83600 57.18900
21 12 20 11 48 18700.80000 5.15900000 502.65000 87.40000 14.83600 57.22200
21 12 20 11 49 18700.70000 5.16100000 502.90000 87.42000 14.83600 57.30900
21 12 20 11 49 18739.90000 5.16100000 502.62000 87.44000 14.83600 57.30900
21 12 20 11 49 18718.90000 5.16100000 502.16000 87.44000 14.84800 57.30900
21 12 20 11 50 18710.90000 5.16100000 501.13000 87.00000 14.92400 57.30900
21 12 20 11 50 18694.00000 5.16100000 500.97000 86.81000 14.92400 57.30900
21 12 20 11 51 18680.90000 5.16100000 501.10000 86.99000 14.92400 57.30900
21 12 20 11 51 18681.10000 5.16100000 500.82000 87.08000 14.92400 57.30900
21 12 20 11 52 18680.10000 5.16100000 500.80000 86.72000 14.92400 57.30900
21 12 20 11 52 18694.00000 5.16100000 500.76000 86.80000 14.92400 56.88300
21 12 20 11 52 18680.00000 5.16100000 500.10000 86.73000 14.92400 56.88300
21 12 20 11 53 18680.00000 5.16100000 499.74000 86.54000 14.92400 56.88300
21 12 20 11 53 18680.10000 5.16100000 500.02000 86.80000 14.92400 56.88300
21 12 20 11 54 18682.50000 5.16100000 500.01000 86.80000 14.92400 56.88300
21 12 20 11 54 18700.00000 5.16100000 500.28000 86.83000 14.92400 56.88300
21 12 20 11 55 18699.90000 5.16100000 500.26000 86.90000 14.92400 56.88300
21 12 20 11 55 18700.00000 5.16100000 500.27000 86.83000 14.92400 56.88300
21 12 20 11 55 18732.20000 5.16100000 501.00000 87.16000 14.92400 56.88300
21 12 20 11 56 18725.10000 5.16100000 501.18000 87.13000 14.92400 56.88300
21 12 20 11 56 18722.20000 5.16100000 501.23000 87.20000 14.92400 56.88300
21 12 20 11 57 18711.20000 5.16100000 500.30000 87.03000 14.92400 56.88300
21 12 20 11 57 18705.70000 5.16100000 500.48000 87.09000 14.92400 56.88300
21 12 20 11 58 18690.20000 5.16100000 500.01000 86.89000 14.92400 56.88300
21 12 20 11 58 18680.00000 5.11700000 499.60000 86.69000 14.92400 56.88300
21 12 20 11 58 18646.90000 5.10700000 499.12000 86.62000 14.92400 56.68000
21 12 20 11 59 18640.10000 5.10000000 499.00000 86.49000 14.92400 56.70000
21 12 20 11 59 18631.10000 5.10000000 498.35000 86.49000 14.92400 56.70000
21 12 20 12 00 18609.30000 5.10000000 498.20000 86.58000 14.92400 56.58000
21 12 20 12 00 18601.90000 5.07500000 499.00000 86.48000 14.92400 56.50100
21 12 20 12 01 18622.80000 5.07500000 499.49000 86.60000 14.92400 56.50100
21 12 20 12 01 18579.60000 5.07500000 498.36000 86.38000 14.92400 56.50100
21 12 20 12 01 18583.60000 5.07500000 498.32000 86.19000 14.92400 56.42700
21 12 20 12 02 18609.90000 5.08100000 498.51000 86.24000 14.92400 56.25100
21 12 20 12 02 18575.00000 5.07400000 496.82000 85.76000 14.92400 56.25100
21 12 20 12 03 18547.70000 5.07400000 496.95000 85.58000 14.92400 56.25100
21 12 20 12 03 18583.10000 5.06500000 497.18000 85.80000 14.92400 56.25100
