M=[
18 2 21 12 46 42750.00000 12.35100000 1578.20000 188.46000 31.63400 135.58900
18 2 21 12 46 42749.90000 12.35100000 1578.92000 188.73000 31.63400 135.59000
18 2 21 12 47 42670.50000 12.35100000 1579.33000 188.28000 31.63400 135.84100
18 2 21 12 47 42670.90000 12.35100000 1577.93000 188.12000 31.63400 135.47200
18 2 21 12 48 42670.90000 12.35100000 1577.02000 188.38000 31.63400 134.98900
18 2 21 12 48 42671.00000 12.35100000 1576.74000 188.07000 31.63400 134.98900
18 2 21 12 48 42668.50000 12.34800000 1575.77000 188.01000 31.63400 134.66100
18 2 21 12 49 42668.50000 12.34800000 1574.39000 188.05000 31.63400 134.66100
18 2 21 12 49 42668.50000 12.34800000 1574.80000 188.35000 31.77300 134.66100
18 2 21 12 50 42690.00000 12.34800000 1576.80000 188.80000 31.77300 134.66100
18 2 21 12 50 42689.90000 12.36900000 1576.89000 189.19000 31.77300 135.69000
18 2 21 12 51 42677.00000 12.36900000 1576.76000 189.26000 31.77300 135.69000
18 2 21 12 51 42655.00000 12.36900000 1576.76000 189.18000 31.77300 135.69000
18 2 21 12 51 42656.00000 12.36900000 1576.03000 189.16000 31.77300 135.69000
18 2 21 12 52 42678.80000 12.36700000 1576.31000 189.17000 31.77300 135.69000
18 2 21 12 52 42685.90000 12.36700000 1576.27000 189.16000 31.72400 135.69000
18 2 21 12 53 42685.80000 12.36700000 1576.27000 189.17000 31.72400 135.69000
18 2 21 12 53 42685.90000 12.36700000 1576.75000 189.16000 31.72400 135.69000
18 2 21 12 54 42685.80000 12.36700000 1576.38000 189.20000 31.77300 135.69000
18 2 21 12 54 42690.60000 12.36700000 1577.08000 189.30000 31.79100 136.20700
18 2 21 12 54 42699.00000 12.36700000 1577.50000 189.28000 31.79100 136.20700
18 2 21 12 55 42723.90000 12.36700000 1577.49000 189.48000 31.79100 136.37100
18 2 21 12 55 42730.80000 12.42300000 1578.89000 189.48000 31.79100 136.37100
18 2 21 12 56 42730.70000 12.45000000 1578.90000 189.36000 31.79100 136.79400
18 2 21 12 56 42700.40000 12.45000000 1577.73000 189.36000 31.79100 135.96900
18 2 21 12 57 42695.20000 12.45000000 1577.64000 189.11000 31.79100 135.96900
18 2 21 12 57 42682.70000 12.45000000 1577.51000 189.20000 31.79100 135.96900
18 2 21 12 57 42682.70000 12.45000000 1576.69000 189.09000 31.79100 135.96900
18 2 21 12 58 42668.40000 12.41900000 1575.94000 188.85000 31.79100 136.22300
18 2 21 12 58 42656.70000 12.41900000 1576.00000 188.88000 31.79100 136.22300
18 2 21 12 59 42650.90000 12.41900000 1575.00000 188.91000 31.79100 136.22300
18 2 21 12 59 42676.00000 12.43700000 1576.94000 189.35000 31.79100 136.36100
18 2 21 13 00 42701.80000 12.44400000 1577.62000 189.35000 31.79100 136.43200
18 2 21 13 00 42650.90000 12.44400000 1576.34000 189.08000 31.79100 136.38400
18 2 21 13 00 42650.00000 12.44400000 1575.01000 189.08000 31.79100 136.38400
18 2 21 13 01 42641.60000 12.44400000 1574.88000 188.90000 31.79100 136.38400
18 2 21 13 01 42639.80000 12.44400000 1573.34000 188.90000 31.79100 136.38400
18 2 21 13 02 42614.10000 12.38400000 1572.46000 188.92000 31.72900 135.62600
18 2 21 13 02 42566.30000 12.40500000 1572.50000 188.55000 31.72900 135.62600
18 2 21 13 03 42579.80000 12.40500000 1572.76000 188.66000 31.98300 135.62600
18 2 21 13 03 42610.00000 12.40500000 1573.33000 188.65000 31.98300 135.62600
18 2 21 13 03 42602.40000 12.40500000 1574.99000 188.98000 31.98300 135.62600
18 2 21 13 04 42624.60000 12.40500000 1575.00000 189.11000 31.99400 135.55900
18 2 21 13 04 42641.70000 12.40500000 1575.79000 189.09000 31.99400 135.55900
18 2 21 13 05 42649.90000 12.40500000 1575.68000 189.12000 31.99400 135.55900
18 2 21 13 05 42641.60000 12.43300000 1576.63000 189.38000 31.99400 136.31400
18 2 21 13 06 42649.30000 12.43300000 1577.27000 189.45000 31.79600 136.99100
18 2 21 13 06 42661.40000 12.43300000 1577.27000 189.40000 31.79600 137.07200
18 2 21 13 06 42650.60000 12.43300000 1577.22000 189.39000 31.79600 136.36700
18 2 21 13 07 42650.10000 12.43300000 1577.14000 189.40000 31.79600 136.36700
18 2 21 13 07 42649.20000 12.43300000 1575.32000 189.27000 31.79600 137.02200
18 2 21 13 08 42652.10000 12.43300000 1576.37000 189.39000 31.79600 137.46300
18 2 21 13 08 42654.90000 12.43300000 1576.16000 189.24000 31.79600 137.48800
18 2 21 13 09 42668.40000 12.43300000 1576.59000 189.33000 31.79600 137.48800
18 2 21 13 09 42703.90000 12.43300000 1577.61000 189.49000 31.79600 137.61400
18 2 21 13 09 42715.60000 12.43300000 1577.77000 189.60000 31.79600 138.02700
18 2 21 13 10 42684.20000 12.43300000 1578.26000 189.60000 32.22900 137.96000
18 2 21 13 10 42668.50000 12.43300000 1577.77000 189.60000 32.22900 138.99900
18 2 21 13 11 42657.70000 12.43300000 1577.93000 189.58000 32.46800 138.34900
18 2 21 13 11 42657.80000 12.43300000 1577.11000 189.55000 32.57900 138.75600
18 2 21 13 12 42661.30000 12.43300000 1577.12000 189.48000 32.57900 138.75600
18 2 21 13 12 42666.20000 12.43300000 1576.82000 189.38000 32.47200 139.14500
18 2 21 13 12 42653.00000 12.47500000 1577.24000 189.35000 32.64600 139.50100
18 2 21 13 13 42652.60000 12.47500000 1577.22000 189.29000 32.64600 139.26500
18 2 21 13 13 42633.00000 12.47500000 1576.75000 189.27000 32.64600 139.14400
18 2 21 13 14 42632.70000 12.47500000 1576.23000 189.27000 32.64600 138.75600
18 2 21 13 14 42639.30000 12.50000000 1576.22000 189.27000 32.64600 138.71900
18 2 21 13 15 42639.30000 12.50000000 1576.22000 189.27000 32.64600 138.71900
18 2 21 13 15 42658.60000 12.50000000 1576.23000 189.47000 32.30200 140.08600
18 2 21 13 15 42671.50000 12.45000000 1576.30000 189.51000 32.30200 140.08600
18 2 21 13 16 42662.90000 12.45000000 1576.22000 189.51000 32.30100 140.15200
18 2 21 13 16 42693.40000 12.45000000 1576.07000 189.88000 32.30200 140.58000
18 2 21 13 17 42700.40000 12.45000000 1575.51000 189.63000 32.30200 140.70400
18 2 21 13 17 42708.40000 12.45000000 1575.60000 189.84000 32.30200 140.51400
18 2 21 13 18 42719.60000 12.45000000 1575.60000 189.87000 32.60200 140.51400
18 2 21 13 18 42710.90000 12.45000000 1575.72000 189.88000 32.60200 139.43700
18 2 21 13 18 42711.20000 12.50000000 1575.73000 189.90000 32.60200 139.43300
18 2 21 13 19 42700.50000 12.50000000 1575.74000 189.82000 32.60200 139.43200
18 2 21 13 19 42705.30000 12.50000000 1576.02000 189.82000 32.60200 139.43200
18 2 21 13 20 42706.70000 12.50000000 1576.83000 189.68000 32.60200 139.43200
18 2 21 13 20 42719.60000 12.50000000 1578.22000 189.80000 32.60200 139.43200
18 2 21 13 21 42719.50000 12.50000000 1578.41000 190.01000 32.60200 140.54700
18 2 21 13 21 42768.60000 12.50000000 1578.74000 190.13000 32.60200 140.54700
18 2 21 13 21 42770.80000 12.50000000 1579.56000 190.65000 32.60200 140.56700
18 2 21 13 22 42766.20000 12.50000000 1578.68000 190.84000 32.60200 140.45000
18 2 21 13 22 42794.10000 12.50000000 1578.70000 190.74000 32.60200 140.79600
18 2 21 13 23 42800.00000 12.50000000 1578.70000 190.89000 32.60200 140.79600
18 2 21 13 23 42795.80000 12.50000000 1578.70000 190.87000 32.07600 140.79600
18 2 21 13 24 42805.80000 12.50000000 1579.99000 190.89000 32.07600 139.91300
18 2 21 13 24 42807.90000 12.50400000 1580.40000 190.89000 32.10300 139.91300
18 2 21 13 24 42809.90000 12.50400000 1580.49000 191.10000 32.27700 139.91300
18 2 21 13 25 42822.10000 12.50400000 1581.11000 190.71000 32.27800 139.33700
18 2 21 13 25 42822.20000 12.50400000 1581.91000 190.30000 32.27800 139.49500
18 2 21 13 26 42822.10000 12.50400000 1582.22000 190.40000 32.57600 139.50000
18 2 21 13 26 42823.20000 12.50400000 1582.73000 189.98000 32.57600 139.50000
18 2 21 13 27 42824.20000 12.50400000 1582.50000 190.00000 32.57600 139.71100
18 2 21 13 27 42824.00000 12.57000000 1582.22000 189.68000 32.09300 139.67500
18 2 21 13 27 42824.00000 12.57800000 1581.11000 189.56000 32.60000 139.67500
18 2 21 13 28 42808.00000 12.57800000 1580.48000 189.60000 32.60000 139.03400
18 2 21 13 28 42808.00000 12.52600000 1580.50000 189.15000 32.60000 138.36700
18 2 21 13 29 42810.60000 12.52600000 1581.32000 189.33000 32.60000 138.36700
18 2 21 13 29 42816.40000 12.52600000 1581.36000 189.64000 32.60000 138.36700
