M=[
 4 12 20 02 31 15961.50000 5.30000000 503.79000 72.73000 13.94900 62.13900
 4 12 20 02 31 15952.90000 5.30000000 503.79000 72.73000 13.94900 62.13900
 4 12 20 02 32 15947.90000 5.30000000 503.04000 72.73000 13.94900 62.13900
 4 12 20 02 32 15948.20000 5.30000000 503.08000 72.73000 13.94900 62.13900
 4 12 20 02 33 15948.10000 5.30000000 503.01000 72.73000 13.94900 62.13900
 4 12 20 02 33 15947.60000 5.30000000 503.01000 72.73000 13.94900 62.13900
 4 12 20 02 34 15948.70000 5.30000000 503.01000 72.73000 13.94900 62.13900
 4 12 20 02 34 15949.00000 5.30000000 503.01000 72.67000 13.94900 62.13900
 4 12 20 02 35 15951.40000 5.30000000 503.01000 72.67000 13.94900 62.13900
 4 12 20 02 35 15946.80000 5.30000000 503.01000 72.67000 13.94900 61.95300
 4 12 20 02 35 15946.80000 5.30000000 503.21000 72.67000 13.94900 61.95300
 4 12 20 02 36 15946.70000 5.30000000 502.96000 72.67000 13.94900 61.95300
 4 12 20 02 36 15912.00000 5.29200000 501.94000 72.49000 13.94900 61.81000
 4 12 20 02 37 15940.30000 5.29200000 502.79000 72.70000 13.94900 61.70700
 4 12 20 02 37 15923.20000 5.26800000 502.79000 72.70000 13.94900 61.70700
 4 12 20 02 38 15936.90000 5.26800000 502.05000 72.55000 13.95000 61.70700
 4 12 20 02 38 15934.00000 5.26800000 502.05000 72.54000 13.95000 61.68000
 4 12 20 02 38 15924.00000 5.26800000 501.63000 72.50000 13.95000 61.59100
 4 12 20 02 39 15907.70000 5.26800000 500.00000 72.31000 13.95000 61.51600
 4 12 20 02 39 15898.10000 5.22400000 498.42000 72.22000 13.95000 61.40600
 4 12 20 02 40 15897.60000 5.22400000 498.94000 72.19000 14.03600 61.35400
 4 12 20 02 40 15908.60000 5.22400000 499.44000 72.19000 14.03600 61.40700
 4 12 20 02 41 15914.50000 5.22400000 499.92000 72.19000 14.03600 61.49000
 4 12 20 02 41 15914.50000 5.22400000 499.68000 72.19000 14.03600 61.49000
 4 12 20 02 42 15914.60000 5.22400000 500.20000 72.19000 14.03600 61.49000
 4 12 20 02 42 15901.70000 5.22400000 499.77000 72.32000 14.03600 61.41900
 4 12 20 02 42 15901.70000 5.22400000 499.57000 72.26000 14.03600 61.41900
 4 12 20 02 43 15904.30000 5.22400000 499.57000 72.36000 14.03600 61.39600
 4 12 20 02 43 15909.40000 5.22400000 500.38000 72.36000 14.03600 61.39600
 4 12 20 02 44 15909.30000 5.22400000 499.87000 72.45000 14.03600 61.39600
 4 12 20 02 44 15896.30000 5.22400000 499.87000 72.43000 14.03600 61.39600
 4 12 20 02 45 15902.10000 5.22400000 499.71000 72.43000 14.03600 61.39600
 4 12 20 02 45 15898.50000 5.22400000 499.36000 72.41000 14.03600 61.39600
 4 12 20 02 46 15902.00000 5.22400000 499.75000 72.41000 14.03600 61.39600
 4 12 20 02 46 15902.00000 5.22400000 500.21000 72.41000 14.03600 61.39600
 4 12 20 02 46 15902.00000 5.22400000 500.21000 72.41000 14.03600 61.39600
 4 12 20 02 47 15902.00000 5.22400000 500.21000 72.47000 14.03600 61.39600
 4 12 20 02 47 15909.40000 5.22400000 500.21000 72.47000 14.03600 61.39600
 4 12 20 02 48 15914.50000 5.22400000 500.04000 72.51000 14.03600 61.39600
 4 12 20 02 48 15918.90000 5.22400000 500.07000 72.51000 14.03600 61.39600
 4 12 20 02 49 15920.00000 5.22400000 500.42000 72.51000 14.03600 61.39600
 4 12 20 02 49 15912.80000 5.22400000 500.42000 72.51000 14.03600 61.39600
 4 12 20 02 50 15912.00000 5.22400000 500.19000 72.49000 14.03600 61.39600
 4 12 20 02 50 15912.20000 5.22400000 500.19000 72.49000 14.03600 61.39600
 4 12 20 02 50 15912.20000 5.22400000 500.19000 72.46000 14.03600 61.39600
 4 12 20 02 51 15896.60000 5.22400000 499.48000 72.46000 14.03600 61.39600
 4 12 20 02 51 15893.60000 5.22400000 498.73000 72.46000 14.03600 61.39600
 4 12 20 02 52 15889.50000 5.22400000 498.73000 72.42000 14.03600 61.39600
 4 12 20 02 52 15887.90000 5.22400000 498.73000 72.42000 14.03600 61.39600
 4 12 20 02 53 15891.40000 5.22400000 498.54000 72.42000 14.03600 61.39600
 4 12 20 02 53 15891.40000 5.22400000 498.97000 72.42000 14.03600 61.39600
 4 12 20 02 54 15886.30000 5.22400000 498.97000 72.34000 14.03600 61.39600
 4 12 20 02 54 15888.80000 5.22400000 498.67000 72.25000 14.03600 61.39600
 4 12 20 02 54 15886.40000 5.22400000 498.16000 72.25000 14.03600 61.39600
 4 12 20 02 55 15886.40000 5.22400000 498.25000 72.14000 14.03600 61.39600
 4 12 20 02 55 15891.40000 5.22400000 498.25000 72.14000 14.03600 61.39600
 4 12 20 02 56 15899.00000 5.22400000 498.25000 72.14000 14.03600 61.39600
 4 12 20 02 56 15904.30000 5.22400000 499.00000 72.14000 14.03600 61.39600
 4 12 20 02 57 15888.40000 5.22400000 498.61000 72.14000 14.03600 61.39600
 4 12 20 02 57 15886.40000 5.22400000 498.63000 72.14000 13.77700 61.39600
 4 12 20 02 58 15886.40000 5.22400000 498.63000 72.14000 13.77700 61.39600
 4 12 20 02 58 15883.90000 5.22400000 498.48000 72.14000 13.77700 61.39600
 4 12 20 02 58 15884.70000 5.24500000 498.48000 72.14000 13.77700 61.39600
 4 12 20 02 59 15887.40000 5.24500000 498.42000 72.21000 13.77700 61.39600
 4 12 20 02 59 15886.90000 5.24500000 498.39000 72.21000 13.77700 61.39600
 4 12 20 03 00 15880.00000 5.24500000 498.26000 72.21000 13.77700 61.39600
 4 12 20 03 00 15887.30000 5.24500000 498.26000 72.21000 13.77700 61.39600
 4 12 20 03 01 15897.10000 5.24500000 498.92000 72.21000 13.77700 61.39600
 4 12 20 03 01 15895.20000 5.24500000 498.92000 72.21000 13.77700 61.39600
 4 12 20 03 02 15900.90000 5.24500000 499.74000 72.21000 13.77700 61.39600
 4 12 20 03 02 15901.80000 5.24500000 499.43000 72.21000 13.77700 61.39600
 4 12 20 03 03 15901.80000 5.24500000 499.54000 72.21000 13.77700 61.39600
 4 12 20 03 03 15901.40000 5.24500000 499.71000 72.21000 13.77700 61.39600
 4 12 20 03 04 15901.40000 5.24500000 499.71000 72.21000 13.77700 61.39600
 4 12 20 03 04 15902.00000 5.24500000 499.90000 72.21000 13.77700 61.39600
 4 12 20 03 04 15915.60000 5.24500000 499.98000 72.21000 13.77700 61.39600
 4 12 20 03 05 15915.60000 5.24500000 499.98000 72.21000 13.77700 61.39600
 4 12 20 03 05 15913.40000 5.24500000 499.98000 72.44000 13.77700 61.39600
 4 12 20 03 06 15917.60000 5.24500000 500.52000 72.44000 13.77700 61.39600
 4 12 20 03 06 15917.60000 5.24500000 500.46000 72.44000 13.77700 61.39600
 4 12 20 03 07 15911.90000 5.24500000 500.46000 72.44000 13.77700 61.39600
 4 12 20 03 07 15911.90000 5.25700000 500.46000 72.44000 13.77700 61.39600
 4 12 20 03 08 15911.90000 5.25700000 500.46000 72.44000 13.77700 61.39600
 4 12 20 03 08 15911.90000 5.25700000 500.38000 72.44000 13.77700 61.39600
 4 12 20 03 08 15912.20000 5.25700000 500.38000 72.39000 13.77700 61.39600
 4 12 20 03 09 15914.40000 5.25700000 500.33000 72.39000 13.77700 61.39600
 4 12 20 03 09 15913.90000 5.25700000 500.33000 72.39000 13.77700 61.39600
 4 12 20 03 10 15913.50000 5.25700000 500.33000 72.43000 13.77700 61.39600
 4 12 20 03 10 15913.50000 5.25700000 500.34000 72.43000 13.77700 61.39600
 4 12 20 03 11 15916.50000 5.25700000 500.34000 72.43000 13.77700 61.39600
 4 12 20 03 11 15920.00000 5.25700000 500.34000 72.43000 13.77700 61.39600
 4 12 20 03 12 15924.40000 5.26300000 500.34000 72.43000 13.77700 61.39600
 4 12 20 03 12 15924.40000 5.26300000 500.66000 72.44000 13.77700 61.39600
 4 12 20 03 12 15924.40000 5.26300000 500.66000 72.44000 13.77700 61.39600
 4 12 20 03 13 15916.70000 5.28300000 500.82000 72.44000 13.77700 61.39600
 4 12 20 03 13 15924.80000 5.28300000 500.82000 72.44000 13.77700 61.39600
 4 12 20 03 14 15919.30000 5.28300000 500.98000 72.50000 13.77700 61.39600
 4 12 20 03 14 15922.40000 5.28300000 501.21000 72.51000 13.77700 61.39600
 4 12 20 03 15 15933.30000 5.28300000 501.30000 72.54000 13.77700 61.39600
 4 12 20 03 15 15931.90000 5.28300000 501.40000 72.54000 13.77700 61.39600
 4 12 20 03 16 15931.90000 5.28300000 501.40000 72.54000 13.77700 61.39600
 4 12 20 03 16 15935.90000 5.28300000 501.11000 72.54000 13.77700 61.39600
 4 12 20 03 16 15932.90000 5.28300000 501.11000 72.54000 13.77700 61.39600
 4 12 20 03 17 15928.70000 5.28300000 501.11000 72.54000 13.77700 61.39600
 4 12 20 03 17 15927.20000 5.28300000 501.11000 72.58000 13.77700 61.39600
 4 12 20 03 18 15927.80000 5.28300000 501.11000 72.58000 13.77700 61.39600
