M=[
25 7 21 05 18 29255.60000 41.26400000 1843.30000 106.76000 27.11200 83.82000
25 7 21 05 18 29255.60000 41.26400000 1843.30000 106.76000 27.11200 83.82000
25 7 21 05 18 29255.60000 41.26400000 1843.30000 106.76000 27.11200 83.82000
25 7 21 05 19 29265.10000 41.26400000 1843.30000 106.76000 27.10400 83.82000
25 7 21 05 19 29265.10000 41.26400000 1843.30000 106.76000 27.10400 83.82000
25 7 21 05 20 29256.40000 41.26400000 1842.17000 106.76000 27.10400 83.82000
25 7 21 05 20 29245.70000 41.26400000 1840.71000 106.76000 27.10400 83.82000
25 7 21 05 21 29256.80000 41.26400000 1842.04000 106.76000 27.10400 83.82000
25 7 21 05 21 29252.30000 41.26400000 1841.91000 106.76000 27.10400 83.82000
25 7 21 05 21 29252.30000 41.26400000 1841.91000 106.76000 27.10400 83.82000
25 7 21 05 22 29263.30000 41.26400000 1841.91000 106.75000 27.10400 83.82000
25 7 21 05 22 29266.60000 41.23000000 1844.94000 106.75000 27.10400 83.82000
25 7 21 05 23 29268.00000 41.23000000 1844.50000 106.75000 27.30300 83.82000
25 7 21 05 23 29349.60000 41.25900000 1849.40000 106.93000 27.30300 83.82000
25 7 21 05 24 29289.30000 41.25900000 1846.29000 106.88000 27.30300 83.82000
25 7 21 05 24 29238.80000 41.26600000 1839.70000 106.88000 27.30300 83.82000
25 7 21 05 24 29173.10000 41.26600000 1838.00000 106.36000 27.30300 83.82000
25 7 21 05 25 29164.00000 41.26600000 1834.72000 106.36000 27.30300 83.82000
25 7 21 05 25 29138.30000 41.26600000 1831.71000 106.30000 27.30300 83.82000
25 7 21 05 26 29132.90000 41.00000000 1831.65000 106.26000 27.30300 83.82000
25 7 21 05 26 29125.00000 41.00000000 1830.69000 106.08000 27.39900 83.82000
25 7 21 05 27 29166.90000 41.00000000 1831.49000 106.08000 27.40000 83.82000
25 7 21 05 27 29163.70000 41.00000000 1831.78000 106.08000 27.30300 83.41800
25 7 21 05 28 29184.50000 41.00000000 1831.78000 106.08000 27.30300 83.41800
25 7 21 05 28 29170.30000 41.00000000 1833.47000 106.08000 27.00000 83.41800
25 7 21 05 28 29127.70000 41.00000000 1831.30000 106.08000 27.00000 83.41800
25 7 21 05 29 29143.50000 41.00000000 1831.30000 106.08000 27.00000 83.41800
25 7 21 05 29 29143.50000 41.00000000 1831.29000 106.08000 27.00000 83.41800
25 7 21 05 30 29140.30000 41.00000000 1831.30000 106.08000 27.00000 83.41800
25 7 21 05 30 29140.10000 41.00000000 1831.30000 106.08000 27.00000 83.41800
25 7 21 05 31 29130.10000 41.00000000 1831.30000 106.08000 27.00000 83.41800
25 7 21 05 31 29125.10000 41.00000000 1831.30000 106.08000 27.00000 83.41800
25 7 21 05 31 29140.90000 41.00000000 1831.30000 106.08000 27.00000 83.41800
25 7 21 05 32 29105.70000 41.00000000 1830.35000 106.08000 27.00000 83.41800
25 7 21 05 32 29109.20000 41.00000000 1831.30000 106.30000 27.00000 83.41800
25 7 21 05 33 29109.20000 41.00000000 1831.30000 106.46000 27.00000 83.41800
25 7 21 05 33 29127.60000 41.00000000 1831.30000 106.43000 27.00000 83.41800
25 7 21 05 34 29127.60000 41.00000000 1831.85000 106.43000 27.00000 83.41800
25 7 21 05 34 29118.80000 41.00000000 1831.85000 106.43000 27.00000 83.41800
25 7 21 05 34 29126.20000 41.00000000 1831.85000 106.43000 27.00000 83.41800
25 7 21 05 35 29133.80000 41.00000000 1834.67000 106.43000 27.19000 83.41800
25 7 21 05 35 29134.50000 41.00000000 1834.67000 106.43000 27.19000 83.41800
25 7 21 05 36 29127.60000 41.00300000 1834.23000 106.43000 27.19000 83.41800
25 7 21 05 36 29127.70000 41.00300000 1834.23000 106.43000 27.19000 83.41800
25 7 21 05 37 29139.30000 41.00300000 1834.23000 106.43000 27.19000 83.41800
25 7 21 05 37 29139.30000 41.00300000 1835.36000 106.43000 27.19000 83.41800
25 7 21 05 37 29139.30000 41.00300000 1835.36000 106.43000 27.19000 83.41800
25 7 21 05 38 29134.60000 41.00300000 1835.36000 106.43000 27.19000 83.41800
25 7 21 05 38 29140.70000 41.00300000 1835.36000 106.43000 27.19000 83.41800
25 7 21 05 39 29140.60000 41.00300000 1835.57000 106.43000 27.19000 83.41800
25 7 21 05 39 29140.60000 41.00300000 1835.94000 106.43000 27.19000 83.41800
25 7 21 05 40 29148.40000 41.18300000 1835.61000 106.43000 27.19000 83.41800
25 7 21 05 40 29142.90000 41.12500000 1835.26000 106.43000 27.19000 83.41800
25 7 21 05 40 29142.90000 41.12500000 1835.75000 106.43000 27.19000 83.41800
25 7 21 05 41 29154.50000 41.12500000 1835.75000 106.43000 27.19000 83.41800
25 7 21 05 41 29167.30000 41.12500000 1835.75000 106.43000 27.19000 83.41800
25 7 21 05 42 29167.30000 41.12500000 1837.83000 106.43000 27.19000 83.41800
25 7 21 05 42 29186.10000 41.17900000 1837.83000 106.53000 27.19000 83.41800
25 7 21 05 43 29181.90000 41.17900000 1837.41000 106.53000 27.19000 83.41800
25 7 21 05 43 29174.60000 41.17900000 1837.64000 106.53000 27.19000 83.41800
25 7 21 05 44 29171.40000 41.17900000 1837.64000 106.53000 27.49900 83.41800
25 7 21 05 44 29164.70000 41.17900000 1836.98000 106.53000 27.49900 83.41800
25 7 21 05 44 29152.50000 41.20400000 1836.97000 106.53000 27.49900 83.41800
25 7 21 05 45 29169.90000 41.20400000 1836.97000 106.53000 27.49900 83.41800
25 7 21 05 45 29137.70000 41.20400000 1836.97000 106.53000 27.74900 83.41800
25 7 21 05 46 29142.00000 41.20400000 1832.38000 106.53000 27.73100 83.77900
25 7 21 05 46 29142.00000 41.20400000 1832.38000 106.53000 27.73100 83.77900
25 7 21 05 47 29135.70000 41.20400000 1832.38000 106.30000 27.73100 83.77900
25 7 21 05 47 29131.70000 41.20400000 1832.38000 106.30000 27.73100 83.77900
25 7 21 05 47 29127.00000 41.20400000 1832.38000 106.30000 27.73100 83.77900
25 7 21 05 48 29127.00000 41.06700000 1831.46000 106.29000 27.73100 83.77900
25 7 21 05 48 29126.40000 41.06700000 1829.03000 106.29000 27.73100 83.77900
25 7 21 05 49 29126.30000 41.06700000 1829.03000 106.29000 27.73100 83.77900
25 7 21 05 49 29126.40000 41.06700000 1829.03000 106.29000 27.73100 83.77900
25 7 21 05 50 29146.50000 41.06700000 1830.86000 106.29000 27.73100 83.77900
25 7 21 05 50 29137.00000 41.06700000 1831.95000 106.29000 27.84700 83.77900
25 7 21 05 50 29135.50000 41.06800000 1831.53000 106.29000 27.84700 83.77900
25 7 21 05 51 29135.50000 41.06800000 1831.53000 106.29000 27.84700 83.77900
25 7 21 05 51 29128.70000 41.06800000 1831.53000 106.29000 27.84700 83.77900
25 7 21 05 52 29133.10000 41.06800000 1831.53000 106.29000 27.99700 83.94100
25 7 21 05 52 29142.10000 41.06800000 1831.05000 106.29000 27.99700 83.94100
25 7 21 05 53 29142.10000 41.06800000 1830.79000 106.29000 27.99700 83.94100
25 7 21 05 53 29142.10000 41.06800000 1830.79000 106.15000 27.99700 83.94100
25 7 21 05 53 29142.20000 41.06800000 1831.75000 106.15000 27.99700 83.94100
25 7 21 05 54 29157.60000 41.06800000 1832.85000 106.15000 27.99700 84.01900
25 7 21 05 54 29157.50000 41.06800000 1832.46000 106.15000 27.99700 84.01900
25 7 21 05 55 29157.50000 41.06800000 1832.45000 106.15000 27.99700 84.01900
25 7 21 05 55 29157.60000 41.06800000 1831.56000 106.15000 27.98000 84.01900
25 7 21 05 56 29157.60000 41.06800000 1832.12000 106.22000 27.99000 84.01900
25 7 21 05 56 29147.50000 41.06800000 1831.08000 106.22000 27.99000 84.01900
25 7 21 05 57 29145.60000 41.06800000 1830.74000 106.22000 27.99000 84.01900
25 7 21 05 57 29145.60000 41.06800000 1831.02000 106.22000 27.99000 84.01900
25 7 21 05 57 29145.60000 41.06800000 1831.02000 106.22000 27.99000 84.01900
25 7 21 05 58 29145.60000 41.06800000 1831.20000 106.22000 27.99000 84.01900
25 7 21 05 58 29145.60000 41.06800000 1831.20000 106.22000 27.99000 84.01900
25 7 21 05 59 29149.00000 41.06800000 1831.94000 106.22000 28.00000 84.01900
25 7 21 05 59 29149.00000 41.06800000 1831.95000 106.22000 28.04700 84.01900
25 7 21 06 00 29145.80000 41.06800000 1831.95000 106.22000 28.04700 84.01900
25 7 21 06 00 29145.50000 41.07000000 1830.41000 106.13000 28.04700 84.01900
25 7 21 06 00 29128.40000 41.07000000 1830.01000 106.13000 28.04700 84.01900
25 7 21 06 01 29128.40000 41.07000000 1830.00000 106.13000 28.10000 84.01900
25 7 21 06 01 29128.40000 41.07000000 1830.00000 106.13000 28.10000 84.01900
25 7 21 06 02 29149.60000 41.07000000 1831.15000 106.13000 28.14200 84.01900
