M=[
22 7 20 15 01 8088.10000 5.33300000 211.60000 37.81000 20.26200 53.14700
22 7 20 15 02 8089.00000 5.33300000 211.60000 37.84000 20.26200 53.14700
22 7 20 15 02 8089.00000 5.33300000 211.60000 37.84000 20.26200 53.14700
22 7 20 15 03 8089.00000 5.33300000 211.60000 37.84000 20.26200 53.14700
22 7 20 15 03 8088.90000 5.33300000 211.60000 37.84000 20.26200 53.14700
22 7 20 15 04 8088.90000 5.33300000 211.60000 37.84000 20.38700 53.14700
22 7 20 15 04 8088.90000 5.33300000 211.59000 37.84000 20.38700 53.14700
22 7 20 15 05 8089.00000 5.33300000 211.60000 37.84000 20.38700 53.14700
22 7 20 15 05 8089.00000 5.33300000 211.60000 37.84000 20.52900 53.14700
22 7 20 15 05 8089.00000 5.33300000 211.58000 37.84000 20.54000 53.14700
22 7 20 15 06 8089.00000 5.33300000 211.43000 37.81000 20.54000 53.14700
22 7 20 15 06 8089.00000 5.33300000 211.45000 37.79000 20.54000 53.14700
22 7 20 15 07 8089.00000 5.33300000 211.45000 37.81000 20.54000 53.14700
22 7 20 15 07 8089.00000 5.33300000 211.37000 37.75000 20.54000 53.14700
22 7 20 15 08 8089.00000 5.33300000 211.32000 37.75000 20.54000 53.14700
22 7 20 15 08 8089.00000 5.33300000 211.32000 37.75000 20.54000 53.14700
22 7 20 15 09 8089.00000 5.33300000 211.32000 37.75000 20.54000 53.14700
22 7 20 15 09 8089.00000 5.33300000 211.32000 37.75000 20.54000 53.14700
22 7 20 15 10 8088.90000 5.33300000 211.32000 37.75000 20.54000 53.14700
22 7 20 15 10 8088.90000 5.33300000 211.32000 37.75000 20.54000 53.14700
22 7 20 15 11 8085.70000 5.33300000 211.19000 37.75000 20.51600 53.14700
22 7 20 15 11 8085.60000 5.33300000 211.19000 37.75000 20.51600 53.14700
22 7 20 15 11 8085.60000 5.33300000 211.30000 37.75000 20.51600 53.13200
22 7 20 15 12 8085.50000 5.33300000 211.30000 37.75000 20.51600 53.13200
22 7 20 15 12 8085.50000 5.33300000 211.29000 37.75000 20.51600 53.13200
22 7 20 15 13 8085.60000 5.33300000 211.22000 37.75000 20.51600 53.13200
22 7 20 15 13 8085.50000 5.33700000 211.21000 37.82000 20.51600 53.13200
22 7 20 15 14 8085.60000 5.33700000 211.21000 37.82000 20.62500 53.13200
22 7 20 15 14 8085.10000 5.33700000 211.20000 37.82000 20.62500 53.13200
22 7 20 15 15 8084.70000 5.33700000 211.20000 37.82000 20.62500 53.13200
22 7 20 15 15 8083.20000 5.33700000 211.30000 37.82000 20.65600 53.13200
22 7 20 15 16 8083.20000 5.33700000 211.34000 37.82000 20.59300 53.13200
22 7 20 15 16 8083.20000 5.33700000 211.34000 37.82000 20.59300 53.13200
22 7 20 15 16 8081.90000 5.33700000 211.48000 37.82000 20.63900 53.13200
22 7 20 15 17 8080.20000 5.33700000 211.48000 37.82000 20.63900 53.13200
22 7 20 15 17 8080.20000 5.33700000 211.39000 37.82000 20.63900 53.13200
22 7 20 15 18 8080.20000 5.33700000 211.40000 37.82000 20.63900 53.11100
22 7 20 15 18 8080.20000 5.33600000 211.39000 37.82000 20.63900 53.11100
22 7 20 15 19 8080.10000 5.33600000 211.40000 37.82000 20.63900 53.11100
22 7 20 15 19 8080.20000 5.33600000 211.40000 37.82000 20.63900 53.11100
22 7 20 15 20 8080.20000 5.33600000 211.50000 37.82000 20.63900 53.11100
22 7 20 15 20 8080.20000 5.33600000 211.50000 37.82000 20.63900 53.11100
22 7 20 15 20 8080.10000 5.33600000 211.50000 37.82000 20.63900 53.11100
22 7 20 15 21 8080.90000 5.33600000 211.51000 37.82000 20.63900 53.11100
22 7 20 15 21 8080.90000 5.33600000 211.51000 37.82000 20.63900 53.11100
22 7 20 15 22 8080.80000 5.33600000 211.50000 37.82000 20.76600 53.11100
22 7 20 15 22 8080.80000 5.33600000 211.50000 37.82000 20.76600 53.11100
22 7 20 15 23 8081.00000 5.33600000 211.42000 37.82000 20.70900 53.11100
22 7 20 15 23 8081.60000 5.33600000 211.42000 37.82000 20.70900 53.11100
22 7 20 15 24 8081.70000 5.33600000 211.39000 37.82000 20.70900 53.11100
22 7 20 15 24 8081.70000 5.33600000 211.34000 37.82000 20.70900 53.11100
22 7 20 15 24 8081.70000 5.33600000 211.34000 37.82000 20.70900 53.11100
22 7 20 15 25 8081.70000 5.33800000 211.25000 37.82000 20.70900 53.11100
22 7 20 15 25 8081.70000 5.33800000 211.25000 37.82000 20.70900 53.11100
22 7 20 15 26 8081.70000 5.33800000 211.29000 37.82000 20.70900 53.11100
22 7 20 15 26 8081.70000 5.33800000 211.26000 37.82000 20.83000 53.11100
22 7 20 15 27 8081.70000 5.33800000 211.26000 37.82000 20.85000 53.11100
22 7 20 15 27 8081.80000 5.33800000 211.26000 37.82000 20.85000 53.11100
22 7 20 15 28 8084.00000 5.33800000 211.31000 37.82000 20.85700 53.11100
22 7 20 15 28 8084.10000 5.33800000 211.32000 37.82000 20.85700 53.11100
22 7 20 15 29 8084.00000 5.33800000 211.32000 37.82000 20.76600 53.11100
22 7 20 15 29 8084.00000 5.33800000 211.32000 37.82000 20.76600 53.11100
22 7 20 15 30 8084.10000 5.33800000 211.32000 37.82000 20.76600 53.11100
22 7 20 15 30 8084.40000 5.33800000 211.39000 37.82000 20.76600 53.11100
22 7 20 15 30 8084.90000 5.33800000 211.38000 37.82000 20.76600 53.11100
22 7 20 15 31 8084.90000 5.33800000 211.34000 37.82000 20.76600 53.11100
22 7 20 15 31 8085.00000 5.33800000 211.33000 37.82000 20.76600 53.11100
22 7 20 15 32 8085.00000 5.33800000 211.33000 37.82000 20.84400 53.11100
22 7 20 15 32 8084.90000 5.33800000 211.40000 37.82000 20.84400 53.11100
22 7 20 15 33 8085.30000 5.33800000 211.40000 37.82000 20.84400 53.11100
22 7 20 15 33 8088.00000 5.33800000 211.41000 37.89000 20.84400 53.11100
22 7 20 15 34 8088.00000 5.33800000 211.44000 37.89000 20.84400 53.11100
22 7 20 15 34 8087.90000 5.33800000 211.47000 37.89000 20.84400 53.11100
22 7 20 15 35 8088.00000 5.33800000 211.50000 37.89000 20.84400 53.11100
22 7 20 15 35 8088.00000 5.33800000 211.51000 37.89000 20.84400 53.11100
22 7 20 15 35 8088.00000 5.33800000 211.51000 37.89000 20.84400 53.11100
22 7 20 15 36 8088.00000 5.33800000 211.51000 37.89000 20.84400 53.11100
22 7 20 15 36 8088.00000 5.33800000 211.51000 37.89000 20.84400 53.11100
22 7 20 15 37 8088.00000 5.33800000 211.51000 37.89000 20.84400 53.11100
22 7 20 15 37 8087.90000 5.33800000 211.60000 37.89000 20.84400 53.11100
22 7 20 15 38 8088.00000 5.33800000 211.75000 37.91000 20.84400 53.11100
22 7 20 15 38 8088.00000 5.33800000 211.79000 37.91000 20.84400 53.11100
22 7 20 15 39 8087.90000 5.33800000 211.94000 37.91000 20.84400 53.11100
22 7 20 15 39 8088.00000 5.33800000 211.95000 37.91000 20.84400 53.11100
22 7 20 15 40 8087.90000 5.33800000 211.97000 37.91000 20.84400 53.11100
22 7 20 15 40 8089.10000 5.33800000 211.97000 37.91000 20.71300 53.11100
22 7 20 15 40 8089.70000 5.33800000 211.92000 37.91000 20.71300 53.11100
22 7 20 15 41 8089.70000 5.33800000 211.92000 37.91000 20.71300 53.11100
22 7 20 15 41 8089.80000 5.33800000 211.76000 37.91000 20.71300 53.11100
22 7 20 15 42 8089.70000 5.33800000 211.76000 37.91000 20.71300 53.11100
22 7 20 15 42 8089.80000 5.33800000 211.76000 37.91000 20.71300 53.11100
22 7 20 15 43 8089.70000 5.33800000 211.76000 37.91000 20.71300 53.11100
22 7 20 15 43 8089.40000 5.33800000 211.77000 37.91000 20.71300 53.11100
22 7 20 15 44 8089.00000 5.33800000 211.78000 37.91000 20.71300 53.11100
22 7 20 15 44 8088.40000 5.33800000 211.78000 37.91000 20.71300 53.11100
22 7 20 15 45 8088.10000 5.33800000 211.77000 37.91000 20.71300 53.11100
22 7 20 15 45 8088.10000 5.33800000 211.78000 37.91000 20.71300 53.11100
22 7 20 15 45 8088.10000 5.33800000 211.98000 37.91000 20.71300 53.11100
22 7 20 15 46 8088.10000 5.33800000 211.99000 37.91000 20.81800 53.11100
22 7 20 15 46 8088.00000 5.33800000 211.99000 37.91000 20.81800 53.11100
22 7 20 15 47 8087.90000 5.33800000 211.98000 37.91000 20.81800 53.11100
22 7 20 15 47 8087.90000 5.33800000 211.99000 37.91000 20.81800 53.11100
22 7 20 15 48 8088.00000 5.33800000 211.99000 37.91000 20.81800 53.11100
22 7 20 15 48 8087.90000 5.33800000 211.99000 37.91000 20.81800 53.11100
22 7 20 15 49 8089.00000 5.33800000 212.11000 37.91000 20.81800 53.11100
22 7 20 15 49 8089.00000 5.33800000 212.10000 37.91000 20.81800 53.11100
22 7 20 15 50 8089.00000 5.33800000 211.88000 37.91000 20.81800 53.11100
22 7 20 15 50 8088.90000 5.33800000 211.88000 37.91000 20.81800 53.11100
22 7 20 15 50 8089.00000 5.33800000 211.59000 37.91000 20.81800 53.11100
