M=[
26 6 20 01 46 8272.30000 5.49000000 208.05000 37.91000 14.62000 50.34300
26 6 20 01 46 8272.30000 5.49000000 208.05000 37.91000 14.62000 50.34300
26 6 20 01 47 8272.30000 5.49000000 208.05000 37.91000 14.62000 50.34300
26 6 20 01 47 8271.40000 5.49000000 208.05000 37.91000 14.62000 50.34300
26 6 20 01 48 8271.40000 5.49000000 208.05000 37.91000 14.62000 50.34300
26 6 20 01 48 8266.70000 5.49000000 208.05000 37.91000 14.62000 50.34300
26 6 20 01 49 8256.90000 5.49000000 207.60000 37.91000 14.62000 50.34300
26 6 20 01 49 8252.60000 5.49000000 207.60000 37.91000 14.62000 50.34300
26 6 20 01 50 8252.50000 5.49000000 207.71000 37.91000 14.62000 50.34300
26 6 20 01 50 8253.10000 5.49000000 207.71000 37.91000 14.62000 50.34300
26 6 20 01 51 8250.00000 5.49000000 207.65000 37.91000 14.62000 50.34300
26 6 20 01 51 8250.00000 5.49000000 207.64000 37.91000 14.62000 50.34300
26 6 20 01 52 8250.00000 5.49000000 207.63000 37.91000 14.62000 50.34300
26 6 20 01 52 8250.10000 5.49000000 207.63000 37.91000 14.62000 50.34300
26 6 20 01 53 8250.10000 5.49000000 207.62000 37.91000 14.62000 50.34300
26 6 20 01 53 8250.10000 5.49000000 207.62000 37.91000 14.62000 50.34300
26 6 20 01 54 8244.10000 5.49000000 207.62000 37.91000 14.62000 50.34300
26 6 20 01 54 8243.70000 5.49000000 207.62000 37.91000 14.62000 50.34300
26 6 20 01 55 8246.00000 5.49000000 207.60000 37.91000 14.62000 50.34300
26 6 20 01 55 8246.00000 5.49000000 207.60000 37.91000 14.62000 50.34300
26 6 20 01 56 8242.30000 5.49000000 207.45000 37.91000 14.62000 50.34300
26 6 20 01 56 8245.60000 5.49000000 207.45000 37.91000 14.62000 50.34300
26 6 20 01 57 8245.60000 5.49000000 207.46000 37.91000 14.62000 50.34300
26 6 20 01 57 8245.10000 5.49000000 207.46000 37.91000 14.62000 50.34300
26 6 20 01 57 8245.10000 5.49000000 207.46000 37.91000 14.62000 50.34300
26 6 20 01 58 8246.00000 5.49000000 207.46000 37.91000 14.62000 50.34300
26 6 20 01 58 8245.00000 5.49000000 207.46000 37.91000 14.62000 50.34300
26 6 20 01 59 8245.00000 5.49000000 207.47000 37.91000 14.62000 50.34300
26 6 20 01 59 8245.10000 5.49000000 207.47000 37.91000 14.62000 50.34300
26 6 20 02 00 8244.10000 5.49000000 207.47000 37.91000 14.62000 50.34300
26 6 20 02 00 8242.90000 5.49000000 207.47000 37.91000 14.62000 50.34300
26 6 20 02 01 8242.90000 5.49000000 207.47000 37.91000 14.62000 50.34300
26 6 20 02 01 8242.10000 5.49000000 207.46000 37.91000 14.62000 50.34300
26 6 20 02 02 8242.10000 5.49000000 207.46000 37.91000 14.62000 50.34300
26 6 20 02 02 8238.60000 5.49000000 207.45000 37.91000 14.62000 50.34300
26 6 20 02 03 8238.70000 5.49000000 207.43000 37.91000 14.62000 50.34300
26 6 20 02 03 8238.70000 5.49000000 207.17000 37.91000 14.62000 50.34300
26 6 20 02 04 8237.00000 5.49000000 207.17000 37.91000 14.62000 50.34300
26 6 20 02 04 8237.00000 5.49000000 207.16000 37.91000 14.62000 50.34300
26 6 20 02 05 8235.80000 5.49000000 207.13000 37.91000 14.62000 50.34300
26 6 20 02 05 8235.70000 5.49000000 207.12000 37.91000 14.62000 50.34300
26 6 20 02 06 8235.70000 5.49000000 207.13000 37.91000 14.62000 50.34300
26 6 20 02 06 8235.70000 5.49000000 207.13000 37.91000 14.62000 50.34300
26 6 20 02 07 8235.70000 5.49000000 207.13000 37.91000 14.62000 50.34300
26 6 20 02 07 8235.70000 5.49000000 207.13000 37.96000 14.62000 50.34300
26 6 20 02 07 8233.20000 5.49000000 207.13000 37.91000 14.62000 50.34300
26 6 20 02 08 8230.80000 5.49000000 207.10000 37.91000 14.62000 50.34300
26 6 20 02 08 8232.30000 5.49000000 207.10000 37.91000 14.62000 50.34300
26 6 20 02 09 8232.20000 5.49000000 207.10000 37.91000 14.62000 50.34300
26 6 20 02 09 8232.20000 5.49000000 207.10000 37.91000 14.62000 50.34300
26 6 20 02 10 8234.40000 5.49000000 207.10000 37.91000 14.62000 50.14300
26 6 20 02 10 8232.20000 5.49000000 207.06000 37.91000 14.62000 50.14300
26 6 20 02 11 8235.60000 5.49000000 207.06000 37.91000 14.62000 50.14300
26 6 20 02 11 8235.60000 5.49000000 207.06000 37.91000 14.62000 50.14300
26 6 20 02 12 8236.10000 5.49000000 207.06000 37.91000 14.62000 50.14300
26 6 20 02 12 8236.10000 5.49000000 207.19000 37.91000 14.62000 50.14300
26 6 20 02 13 8241.70000 5.49000000 207.23000 37.91000 14.62000 50.14300
26 6 20 02 13 8241.70000 5.49000000 207.20000 37.91000 14.62000 50.14300
26 6 20 02 14 8241.70000 5.49000000 207.20000 37.91000 14.62000 50.14300
26 6 20 02 14 8236.00000 5.49000000 207.18000 37.91000 14.62000 50.14300
26 6 20 02 15 8236.10000 5.49000000 207.18000 37.91000 14.62000 50.14300
26 6 20 02 15 8236.10000 5.49000000 207.17000 37.91000 14.62000 50.14300
26 6 20 02 15 8236.10000 5.49000000 207.17000 37.91000 14.62000 50.14300
26 6 20 02 16 8236.00000 5.49000000 207.17000 37.91000 14.62000 50.14300
26 6 20 02 16 8236.00000 5.49000000 207.17000 37.91000 14.62000 50.34300
26 6 20 02 17 8235.70000 5.49000000 207.08000 37.91000 14.62000 50.14300
26 6 20 02 17 8235.70000 5.49000000 207.00000 37.91000 14.62000 50.14300
26 6 20 02 18 8235.70000 5.49000000 207.04000 37.91000 14.62000 50.14300
26 6 20 02 18 8237.30000 5.49000000 207.04000 37.91000 14.62000 50.14300
26 6 20 02 19 8239.00000 5.49000000 207.04000 37.91000 14.62000 50.14300
26 6 20 02 19 8240.40000 5.49000000 207.04000 37.91000 14.62000 50.14300
26 6 20 02 20 8242.10000 5.49000000 207.04000 37.91000 14.62000 50.14300
26 6 20 02 20 8242.00000 5.49000000 207.16000 37.74000 14.62000 50.14300
26 6 20 02 20 8241.70000 5.49000000 207.16000 37.91000 14.62000 50.14300
26 6 20 02 21 8242.00000 5.49000000 207.12000 37.74000 14.62000 50.14300
26 6 20 02 21 8242.10000 5.49000000 207.13000 37.74000 14.62000 50.14300
26 6 20 02 22 8242.30000 5.49000000 207.13000 37.74000 14.62000 50.14300
26 6 20 02 22 8242.30000 5.49000000 207.13000 37.74000 14.62000 50.14300
26 6 20 02 23 8242.20000 5.49000000 207.13000 37.74000 14.62000 50.14300
26 6 20 02 23 8241.40000 5.49000000 207.13000 37.74000 14.62000 50.14300
26 6 20 02 24 8239.60000 5.49000000 207.13000 37.74000 14.62000 50.14300
26 6 20 02 24 8238.50000 5.49000000 207.10000 37.74000 14.62000 50.14300
26 6 20 02 25 8239.90000 5.49000000 207.10000 37.74000 14.62000 50.14300
26 6 20 02 25 8240.20000 5.49000000 207.10000 37.74000 14.62000 50.14300
26 6 20 02 26 8239.00000 5.49000000 207.11000 37.74000 14.62000 50.14300
26 6 20 02 26 8238.50000 5.49000000 207.11000 37.74000 14.62000 50.14300
26 6 20 02 27 8240.10000 5.49000000 207.11000 37.74000 14.62000 50.14300
26 6 20 02 27 8238.40000 5.49000000 207.11000 37.74000 14.62000 50.14300
26 6 20 02 27 8240.00000 5.49000000 207.11000 37.74000 14.62000 50.14300
26 6 20 02 28 8237.60000 5.49000000 207.11000 37.74000 14.62000 50.14300
26 6 20 02 28 8237.60000 5.49000000 207.07000 37.74000 14.72400 50.14300
26 6 20 02 29 8239.20000 5.49000000 207.07000 37.74000 14.72400 50.34300
26 6 20 02 29 8239.20000 5.49000000 207.07000 37.74000 14.72400 50.14300
26 6 20 02 30 8237.10000 5.49000000 207.07000 37.74000 14.76900 50.14300
26 6 20 02 30 8239.60000 5.49000000 207.07000 37.74000 14.76900 50.14300
26 6 20 02 31 8239.20000 5.49000000 207.08000 37.74000 14.81400 50.14300
26 6 20 02 31 8245.10000 5.49000000 207.08000 37.74000 14.81400 50.14300
26 6 20 02 32 8246.00000 5.49000000 207.08000 37.74000 14.81400 50.14300
26 6 20 02 32 8245.90000 5.49000000 207.08000 37.74000 14.81400 50.14300
26 6 20 02 33 8246.00000 5.49000000 207.07000 37.74000 14.81400 50.14300
26 6 20 02 33 8245.10000 5.49000000 207.07000 37.74000 14.81400 50.14300
26 6 20 02 34 8247.60000 5.49000000 207.07000 37.74000 14.81400 50.14300
26 6 20 02 34 8247.60000 5.49000000 207.07000 37.74000 14.81400 50.14300
26 6 20 02 34 8247.60000 5.49000000 207.07000 37.74000 14.81400 50.14300
26 6 20 02 35 8248.60000 5.49000000 207.08000 37.74000 14.81400 50.14300
26 6 20 02 35 8248.60000 5.49000000 207.17000 37.74000 14.81400 50.14300
26 6 20 02 36 8247.50000 5.49000000 207.20000 37.74000 14.81400 50.14300
26 6 20 02 36 8244.80000 5.49000000 207.20000 37.74000 14.81400 50.14300
26 6 20 02 37 8243.00000 5.49000000 207.20000 37.74000 14.84400 50.14300
