M=[
28 2 21 08 27 37395.80000 8.54800000 1134.00000 134.00000 24.53500 95.33200
28 2 21 08 28 37386.80000 8.54800000 1134.35000 134.00000 24.53500 95.55100
28 2 21 08 28 37470.20000 8.54800000 1137.73000 134.37000 24.53500 95.55100
28 2 21 08 29 37482.60000 8.54800000 1138.42000 134.41000 24.53500 95.55100
28 2 21 08 29 37460.60000 8.54800000 1135.84000 134.30000 24.53500 95.55100
28 2 21 08 30 37525.30000 8.54800000 1138.40000 134.44000 24.53500 95.55100
28 2 21 08 30 37619.90000 8.54800000 1141.91000 134.80000 24.53500 95.67000
28 2 21 08 30 37619.90000 8.60200000 1142.00000 134.83000 24.53500 95.67000
28 2 21 08 31 37593.10000 8.60200000 1141.08000 134.65000 24.53500 95.67000
28 2 21 08 31 37531.80000 8.60200000 1139.87000 134.55000 24.53500 95.67000
28 2 21 08 32 37566.60000 8.60200000 1139.00000 134.60000 24.53500 95.66600
28 2 21 08 32 37531.40000 8.60200000 1137.00000 134.27000 24.53500 95.66600
28 2 21 08 33 37479.70000 8.60200000 1135.23000 134.25000 24.53500 95.66600
28 2 21 08 33 37467.60000 8.60200000 1136.16000 134.18000 24.53500 95.35700
28 2 21 08 33 37437.50000 8.60200000 1135.01000 134.18000 24.53500 95.35700
28 2 21 08 34 37446.40000 8.60200000 1134.86000 133.98000 24.53500 95.35700
28 2 21 08 34 37437.90000 8.60200000 1135.31000 134.03000 24.53500 95.35700
28 2 21 08 35 37444.50000 8.56400000 1134.01000 134.03000 24.53500 95.35700
28 2 21 08 35 37427.30000 8.56400000 1134.43000 134.07000 24.53500 95.35700
28 2 21 08 36 37417.20000 8.56400000 1134.00000 133.77000 24.53500 95.35700
28 2 21 08 36 37445.70000 8.56400000 1135.14000 134.03000 24.53500 95.35700
28 2 21 08 36 37423.10000 8.56400000 1134.13000 133.74000 24.53500 95.35700
28 2 21 08 37 37406.50000 8.56400000 1133.54000 133.92000 24.53500 95.35700
28 2 21 08 37 37426.60000 8.56400000 1134.45000 134.19000 24.53500 95.35700
28 2 21 08 38 37464.90000 8.56700000 1135.93000 134.19000 24.53500 95.09300
28 2 21 08 38 37459.50000 8.56700000 1137.24000 134.19000 24.53500 95.09300
28 2 21 08 39 37439.10000 8.56700000 1136.27000 134.19000 24.53500 95.31300
28 2 21 08 39 37407.70000 8.56700000 1134.95000 134.06000 24.53500 95.31300
28 2 21 08 39 37380.50000 8.56700000 1134.11000 134.06000 24.53500 95.31300
28 2 21 08 40 37369.10000 8.56700000 1134.81000 134.06000 24.53500 95.13100
28 2 21 08 40 37317.40000 8.56700000 1133.52000 133.99000 24.53500 95.13100
28 2 21 08 41 37317.80000 8.56700000 1133.64000 133.83000 24.53500 95.13100
28 2 21 08 41 37350.10000 8.56700000 1133.41000 133.83000 24.53500 95.09300
28 2 21 08 42 37365.50000 8.56700000 1134.20000 133.90000 24.53500 95.09300
28 2 21 08 42 37368.20000 8.56700000 1134.46000 134.00000 24.53500 95.09300
28 2 21 08 42 37367.80000 8.56700000 1133.73000 134.06000 24.53500 95.09300
28 2 21 08 43 37338.80000 8.56700000 1132.62000 134.06000 24.53500 95.00000
28 2 21 08 43 37329.90000 8.56700000 1131.80000 133.75000 24.53500 95.00000
28 2 21 08 44 37320.00000 8.56700000 1131.98000 133.72000 24.53500 95.00000
28 2 21 08 44 37330.00000 8.56700000 1133.50000 133.79000 24.53500 95.00000
28 2 21 08 45 37379.60000 8.56700000 1134.05000 133.87000 24.53500 95.00000
28 2 21 08 45 37333.70000 8.56700000 1132.38000 133.81000 24.53500 95.00000
28 2 21 08 45 37345.20000 8.56700000 1133.50000 133.75000 24.53500 95.00000
28 2 21 08 46 37313.60000 8.56700000 1131.45000 133.65000 24.53500 95.00000
28 2 21 08 46 37306.40000 8.56700000 1131.64000 133.63000 24.53500 95.00000
28 2 21 08 47 37320.20000 8.56700000 1131.20000 133.51000 24.53500 95.00000
28 2 21 08 47 37323.20000 8.56700000 1131.00000 133.55000 24.53500 95.00000
28 2 21 08 48 37323.20000 8.54700000 1130.61000 133.55000 24.53500 95.00000
28 2 21 08 48 37327.40000 8.55700000 1130.62000 133.60000 24.67000 95.00000
28 2 21 08 48 37321.30000 8.55700000 1130.49000 133.54000 24.67000 95.00000
28 2 21 08 49 37310.10000 8.55700000 1130.67000 133.57000 24.67000 95.00000
28 2 21 08 49 37300.10000 8.53900000 1130.00000 133.34000 24.70300 95.00000
28 2 21 08 50 37297.30000 8.53900000 1129.32000 133.40000 24.70300 95.00000
28 2 21 08 50 37299.90000 8.53900000 1130.44000 133.40000 24.71500 95.00000
28 2 21 08 51 37297.40000 8.53900000 1129.11000 133.40000 24.71500 95.00000
28 2 21 08 51 37297.30000 8.53900000 1129.70000 133.40000 24.71500 95.00000
28 2 21 08 51 37291.70000 8.53900000 1129.70000 133.19000 24.71500 94.84500
28 2 21 08 52 37295.90000 8.53900000 1128.32000 133.25000 24.71500 94.84500
28 2 21 08 52 37297.30000 8.53900000 1129.11000 133.48000 24.71500 94.84500
28 2 21 08 53 37297.30000 8.53900000 1128.80000 133.48000 24.71500 94.84500
28 2 21 08 53 37297.40000 8.53900000 1128.67000 133.33000 24.71500 94.84500
28 2 21 08 54 37297.30000 8.53900000 1128.98000 133.21000 24.71500 94.84500
28 2 21 08 54 37300.00000 8.53900000 1129.48000 133.21000 24.71500 94.84500
28 2 21 08 54 37300.00000 8.53900000 1129.37000 133.23000 24.71500 94.84500
28 2 21 08 55 37345.90000 8.52100000 1130.16000 133.23000 24.71500 94.84500
28 2 21 08 55 37330.90000 8.52100000 1129.99000 133.30000 24.71500 94.84500
28 2 21 08 56 37347.60000 8.52100000 1130.55000 133.23000 24.71500 94.84500
28 2 21 08 56 37379.50000 8.52100000 1130.96000 133.30000 24.71500 94.84500
28 2 21 08 56 37362.00000 8.54400000 1130.96000 133.26000 24.71500 94.84500
28 2 21 08 57 37347.70000 8.54400000 1130.67000 133.21000 24.71500 94.99600
28 2 21 08 57 37345.00000 8.54400000 1129.81000 133.15000 24.71500 94.99600
28 2 21 08 58 37331.00000 8.54400000 1129.63000 133.17000 24.71500 94.99600
28 2 21 08 58 37331.00000 8.54400000 1129.73000 133.13000 24.71500 94.99600
28 2 21 08 59 37349.60000 8.54400000 1130.97000 133.10000 24.71500 94.99600
28 2 21 08 59 37359.20000 8.54400000 1133.33000 133.30000 24.71500 95.08200
28 2 21 08 59 37350.40000 8.54400000 1131.36000 133.28000 24.71500 95.08200
28 2 21 09 00 37290.40000 8.54400000 1130.00000 133.00000 24.71500 95.08200
28 2 21 09 00 37266.00000 8.54400000 1127.08000 132.91000 24.71500 95.08200
28 2 21 09 01 37247.50000 8.54400000 1125.00000 132.63000 24.71500 94.77000
28 2 21 09 01 37400.00000 8.54400000 1130.78000 133.48000 24.71500 94.77000
28 2 21 09 02 37499.90000 8.54400000 1135.09000 134.00000 24.71500 95.27800
28 2 21 09 02 37531.80000 8.54400000 1135.50000 134.20000 24.71500 95.27800
28 2 21 09 02 37599.90000 8.56700000 1136.45000 134.20000 24.71500 95.27800
28 2 21 09 03 37566.70000 8.56700000 1135.67000 134.42000 24.71400 95.27800
28 2 21 09 03 37561.20000 8.56700000 1136.74000 134.31000 24.71500 95.43200
28 2 21 09 04 37536.20000 8.60700000 1137.20000 134.48000 24.71500 95.43200
28 2 21 09 04 37538.10000 8.60700000 1137.41000 134.48000 24.71500 95.43200
28 2 21 09 05 37532.20000 8.60700000 1138.00000 134.26000 24.71500 95.43200
28 2 21 09 05 37640.10000 8.61300000 1143.21000 134.80000 24.71500 95.43200
28 2 21 09 05 37661.40000 8.61300000 1143.15000 134.84000 24.71500 95.43200
28 2 21 09 06 37665.10000 8.61300000 1144.31000 134.86000 24.71500 95.43200
28 2 21 09 06 37665.10000 8.61300000 1143.99000 134.99000 24.71500 95.43200
28 2 21 09 07 37665.00000 8.61300000 1143.73000 134.93000 24.71500 95.43200
28 2 21 09 07 37665.10000 8.61300000 1143.15000 134.93000 24.71500 95.43200
28 2 21 09 08 37635.30000 8.61300000 1142.23000 134.64000 24.71500 95.94200
28 2 21 09 08 37650.30000 8.61300000 1142.99000 134.74000 24.71500 95.94200
28 2 21 09 08 37601.90000 8.61300000 1140.86000 134.47000 24.71500 95.94200
28 2 21 09 09 37635.10000 8.61300000 1141.73000 134.59000 24.71500 95.94200
28 2 21 09 09 37630.10000 8.61300000 1141.19000 134.59000 24.71500 95.83400
28 2 21 09 10 37596.00000 8.61300000 1138.83000 134.50000 24.71500 95.72100
28 2 21 09 10 37593.70000 8.60900000 1139.85000 134.34000 24.71500 95.72100
28 2 21 09 11 37594.70000 8.60900000 1140.92000 134.34000 24.71500 95.72100
28 2 21 09 11 37570.30000 8.60900000 1139.14000 134.34000 24.71500 95.72100
28 2 21 09 11 37555.60000 8.60900000 1139.51000 134.34000 24.71500 95.72100
28 2 21 09 12 37573.20000 8.60900000 1140.83000 134.34000 24.71500 95.72100
