M=[
26 12 20 05 29 20250.10000 4.69400000 514.35000 105.78000 14.85900 53.65900
26 12 20 05 30 20250.10000 4.69400000 514.35000 105.78000 14.85900 53.65900
26 12 20 05 30 20248.90000 4.69400000 513.76000 105.80000 14.85900 53.65900
26 12 20 05 30 20247.70000 4.69400000 513.76000 105.80000 14.85900 53.65900
26 12 20 05 31 20250.10000 4.69400000 514.46000 105.80000 14.85900 53.65900
26 12 20 05 31 20250.10000 4.69400000 514.61000 105.80000 14.85900 53.65900
26 12 20 05 32 20268.50000 4.69400000 514.98000 106.00000 14.85900 53.68500
26 12 20 05 32 20250.00000 4.69400000 514.98000 105.93000 14.85900 53.68500
26 12 20 05 33 20240.10000 4.69400000 514.31000 105.79000 14.85900 53.68500
26 12 20 05 33 20240.10000 4.69400000 514.31000 105.72000 14.85900 53.66500
26 12 20 05 33 20237.10000 4.69400000 514.32000 105.66000 14.85900 53.66500
26 12 20 05 34 20234.10000 4.69400000 514.32000 105.51000 14.85900 53.66500
26 12 20 05 34 20234.20000 4.69400000 514.32000 105.35000 14.85900 53.66500
26 12 20 05 35 20220.10000 4.69400000 513.94000 104.99000 14.85900 53.66500
26 12 20 05 35 20220.10000 4.69400000 513.94000 105.25000 14.85900 53.66500
26 12 20 05 36 20220.00000 4.69400000 513.93000 105.05000 14.85900 53.66500
26 12 20 05 36 20220.00000 4.69400000 513.91000 105.31000 14.85900 53.66500
26 12 20 05 36 20222.80000 4.69400000 513.91000 105.01000 14.85900 53.66500
26 12 20 05 37 20222.80000 4.69400000 513.91000 105.25000 14.85900 53.66500
26 12 20 05 37 20229.10000 4.69400000 513.91000 105.25000 14.85900 53.66500
26 12 20 05 38 20249.90000 4.69400000 513.93000 105.25000 14.85900 53.66500
26 12 20 05 38 20260.00000 4.69400000 513.93000 105.23000 14.85900 53.66500
26 12 20 05 39 20260.00000 4.69400000 513.93000 105.18000 14.85900 53.66500
26 12 20 05 39 20264.90000 4.69100000 513.93000 105.18000 14.85900 53.66500
26 12 20 05 39 20252.40000 4.69100000 513.93000 104.74000 14.85900 53.66500
26 12 20 05 40 20235.30000 4.69100000 513.93000 104.79000 14.85900 53.50000
26 12 20 05 40 20235.30000 4.69100000 513.88000 104.67000 14.85900 53.41700
26 12 20 05 41 20238.10000 4.67800000 513.88000 104.61000 14.85900 53.41700
26 12 20 05 41 20238.80000 4.67800000 513.88000 104.61000 14.85900 53.41700
26 12 20 05 42 20238.80000 4.67800000 513.88000 104.61000 14.85900 53.41700
26 12 20 05 42 20238.60000 4.67800000 513.88000 104.61000 14.85900 53.41700
26 12 20 05 42 20242.20000 4.67800000 513.88000 105.03000 14.85900 53.41700
26 12 20 05 43 20252.80000 4.67800000 513.62000 105.01000 14.85900 53.41700
26 12 20 05 43 20256.80000 4.67800000 513.76000 105.01000 14.85900 53.41700
26 12 20 05 44 20266.50000 4.67800000 513.76000 105.01000 14.85900 53.41700
26 12 20 05 44 20269.20000 4.67800000 513.76000 105.01000 14.85900 53.41700
26 12 20 05 45 20269.10000 4.67800000 513.76000 105.01000 14.85900 53.41700
26 12 20 05 45 20269.20000 4.67800000 514.03000 105.01000 14.85900 53.41700
26 12 20 05 45 20280.90000 4.67800000 514.03000 105.01000 14.85900 53.41700
26 12 20 05 46 20280.40000 4.67800000 513.96000 105.37000 14.85900 53.41700
26 12 20 05 46 20283.10000 4.67800000 514.30000 105.37000 14.85900 53.41700
26 12 20 05 47 20289.90000 4.67800000 514.28000 105.54000 14.85900 53.41700
26 12 20 05 47 20289.90000 4.67800000 514.28000 105.59000 14.85900 53.41700
26 12 20 05 48 20289.90000 4.67800000 514.28000 105.59000 14.85900 53.41700
26 12 20 05 48 20289.90000 4.67800000 514.69000 105.72000 14.85900 53.41700
26 12 20 05 48 20290.00000 4.67800000 514.69000 105.78000 14.85900 53.41700
26 12 20 05 49 20290.00000 4.67800000 514.49000 105.70000 14.85900 53.41700
26 12 20 05 49 20289.90000 4.67800000 514.49000 105.65000 14.85900 53.41700
26 12 20 05 50 20291.00000 4.67800000 514.49000 105.65000 14.85900 53.41700
26 12 20 05 50 20288.00000 4.67800000 514.49000 105.51000 14.85900 53.41700
26 12 20 05 50 20291.10000 4.67800000 514.49000 105.51000 14.85900 53.41700
26 12 20 05 51 20281.40000 4.67800000 514.49000 105.51000 14.85900 53.53000
26 12 20 05 51 20281.40000 4.67800000 514.49000 105.63000 14.85900 53.53000
26 12 20 05 52 20281.70000 4.67800000 514.49000 105.63000 14.85900 53.58500
26 12 20 05 52 20281.70000 4.67800000 514.49000 105.69000 14.85900 53.58500
26 12 20 05 53 20281.70000 4.67800000 514.49000 105.50000 14.85900 53.58500
26 12 20 05 53 20281.30000 4.67800000 514.45000 105.50000 14.85900 53.58500
26 12 20 05 53 20269.00000 4.67800000 514.45000 105.42000 14.85900 53.58500
26 12 20 05 54 20269.00000 4.67800000 514.45000 105.42000 14.85900 53.58500
26 12 20 05 54 20269.00000 4.67800000 514.45000 105.42000 14.85900 53.58500
26 12 20 05 55 20261.60000 4.67800000 514.45000 105.36000 14.85900 53.58500
26 12 20 05 55 20263.60000 4.67800000 514.45000 105.33000 14.85900 53.58500
26 12 20 05 56 20263.60000 4.67800000 514.45000 105.30000 14.85900 53.58500
26 12 20 05 56 20258.90000 4.67800000 514.45000 105.26000 14.85900 53.58500
26 12 20 05 57 20250.00000 4.67800000 514.45000 105.16000 14.85900 53.58500
26 12 20 05 57 20241.20000 4.67800000 513.32000 105.12000 14.85900 53.58500
26 12 20 05 57 20241.30000 4.67800000 513.32000 104.95000 14.85900 53.58500
26 12 20 05 58 20241.30000 4.67800000 513.32000 104.84000 14.85900 53.58500
26 12 20 05 58 20241.20000 4.67800000 513.32000 104.84000 14.85900 53.58500
26 12 20 05 59 20241.20000 4.67800000 513.26000 104.84000 14.85900 53.58500
26 12 20 05 59 20250.50000 4.67800000 513.26000 105.00000 14.85900 53.58500
26 12 20 05 59 20241.30000 4.67800000 513.26000 104.92000 14.85900 53.58500
26 12 20 06 00 20234.20000 4.67800000 512.74000 104.76000 14.85900 53.58500
26 12 20 06 00 20215.80000 4.67800000 512.74000 104.77000 14.85900 53.58500
26 12 20 06 01 20207.90000 4.67800000 512.00000 104.52000 14.85900 53.58500
26 12 20 06 01 20218.50000 4.67800000 512.00000 104.65000 14.85900 53.58500
26 12 20 06 02 20229.40000 4.67800000 513.17000 104.65000 14.85900 53.58500
26 12 20 06 02 20239.90000 4.67800000 513.16000 104.65000 14.85900 53.58500
26 12 20 06 02 20227.40000 4.67800000 513.16000 104.65000 14.85900 53.58500
26 12 20 06 03 20227.40000 4.67800000 513.16000 104.65000 14.85900 53.58500
26 12 20 06 03 20237.70000 4.67800000 513.30000 105.00000 14.85900 53.58500
26 12 20 06 04 20245.80000 4.67800000 513.32000 105.11000 14.85900 53.58500
26 12 20 06 04 20255.00000 4.67800000 513.92000 105.26000 14.85900 53.58500
26 12 20 06 05 20255.00000 4.67800000 514.26000 105.32000 14.85900 53.58500
26 12 20 06 05 20260.30000 4.67800000 514.26000 105.38000 14.85900 53.58500
26 12 20 06 05 20260.30000 4.67800000 514.48000 105.46000 14.85900 53.58500
26 12 20 06 06 20260.20000 4.67800000 514.48000 105.40000 14.85900 53.58500
26 12 20 06 06 20260.30000 4.67800000 514.48000 105.40000 14.85900 53.58500
26 12 20 06 07 20260.10000 4.67800000 514.48000 105.40000 14.85900 53.58500
26 12 20 06 07 20260.20000 4.67800000 514.48000 105.51000 14.85900 53.58500
26 12 20 06 08 20260.20000 4.67800000 514.48000 105.51000 14.85900 53.58500
26 12 20 06 08 20260.20000 4.67800000 514.48000 105.39000 14.85900 53.58500
26 12 20 06 09 20267.90000 4.67800000 514.48000 105.39000 14.85900 53.58500
26 12 20 06 09 20267.90000 4.67800000 514.17000 105.51000 14.85900 53.58500
26 12 20 06 09 20265.10000 4.67800000 514.39000 105.51000 14.85900 53.58500
26 12 20 06 10 20263.80000 4.67800000 514.39000 105.44000 14.85900 53.58500
26 12 20 06 10 20263.80000 4.67800000 514.39000 105.38000 14.85900 53.58500
26 12 20 06 11 20265.40000 4.70100000 514.39000 105.29000 14.85900 53.58500
26 12 20 06 11 20265.90000 4.70100000 514.39000 105.29000 14.85900 53.58500
26 12 20 06 11 20265.90000 4.70100000 513.96000 105.29000 14.85900 53.58500
26 12 20 06 12 20263.70000 4.70100000 513.44000 105.29000 14.85900 53.58500
26 12 20 06 12 20258.40000 4.70100000 513.60000 105.29000 14.85900 53.58500
26 12 20 06 13 20258.40000 4.70100000 513.60000 105.29000 14.85900 53.58500
26 12 20 06 13 20258.40000 4.70100000 513.60000 105.36000 14.85900 53.58500
26 12 20 06 14 20264.90000 4.70100000 513.60000 105.39000 14.85900 53.58500
