M=[
28 9 20 20 16 9326.20000 4.91300000 311.50000 39.67000 12.92200 48.58000
28 9 20 20 16 9327.90000 4.91300000 311.51000 39.67000 12.92200 48.58000
28 9 20 20 17 9328.60000 4.91300000 311.53000 39.68000 12.92200 48.58000
28 9 20 20 17 9330.40000 4.91300000 311.51000 39.68000 12.92200 48.58000
28 9 20 20 18 9326.40000 4.91300000 311.12000 39.68000 12.92200 48.58000
28 9 20 20 18 9326.20000 4.91300000 311.12000 39.68000 12.92200 48.58000
28 9 20 20 19 9327.00000 4.91300000 311.17000 39.68000 12.92200 48.58000
28 9 20 20 19 9325.70000 4.91300000 311.17000 39.68000 12.92200 48.58000
28 9 20 20 19 9326.60000 4.91300000 311.20000 39.68000 12.92200 48.58000
28 9 20 20 20 9329.70000 4.91300000 311.20000 39.68000 12.92200 48.58000
28 9 20 20 20 9327.90000 4.91300000 311.27000 39.68000 12.92200 48.58000
28 9 20 20 21 9327.80000 4.91300000 311.20000 39.68000 12.92200 48.58000
28 9 20 20 21 9325.10000 4.91300000 311.20000 39.68000 12.92200 48.58000
28 9 20 20 22 9325.10000 4.91300000 311.20000 39.68000 12.92200 48.58000
28 9 20 20 22 9325.10000 4.91300000 311.20000 39.68000 12.92200 48.58000
28 9 20 20 23 9325.10000 4.91300000 311.19000 39.68000 12.92200 48.58000
28 9 20 20 23 9325.10000 4.91300000 311.01000 39.68000 12.92200 48.58000
28 9 20 20 23 9325.10000 4.91300000 311.02000 39.68000 12.92200 48.58000
28 9 20 20 24 9325.00000 4.91300000 311.02000 39.68000 12.92200 48.58000
28 9 20 20 24 9325.10000 4.91300000 311.02000 39.68000 12.92200 48.58000
28 9 20 20 25 9325.10000 4.91300000 311.02000 39.68000 12.92200 48.58000
28 9 20 20 25 9325.10000 4.91300000 311.02000 39.68000 12.92200 48.58000
28 9 20 20 26 9326.60000 4.91300000 311.11000 39.68000 12.92200 48.58000
28 9 20 20 26 9334.60000 4.91300000 311.03000 39.66000 12.94000 48.58000
28 9 20 20 26 9329.60000 4.91300000 311.03000 39.66000 12.94000 48.58000
28 9 20 20 27 9334.40000 4.91300000 311.26000 39.66000 12.94000 48.58000
28 9 20 20 27 9334.00000 4.91300000 311.26000 39.66000 12.94000 48.58000
28 9 20 20 28 9332.30000 4.91300000 311.41000 39.67000 12.94000 48.58000
28 9 20 20 28 9330.30000 4.91300000 311.41000 39.67000 12.94000 48.58000
28 9 20 20 29 9330.20000 4.91300000 311.18000 39.67000 12.94000 48.58000
28 9 20 20 29 9330.20000 4.91300000 311.24000 39.67000 12.94000 48.58000
28 9 20 20 29 9335.00000 4.91300000 311.24000 39.67000 12.94000 48.58000
28 9 20 20 30 9334.80000 4.91300000 311.24000 39.67000 12.94000 48.58000
28 9 20 20 30 9335.70000 4.91300000 311.15000 39.67000 12.94000 48.58000
28 9 20 20 31 9333.20000 4.91300000 311.15000 39.67000 12.94000 48.58000
28 9 20 20 31 9333.70000 4.91300000 311.10000 39.67000 12.94000 48.58000
28 9 20 20 32 9331.70000 4.91300000 311.10000 39.67000 12.94000 48.58000
28 9 20 20 32 9331.90000 4.91300000 311.10000 39.67000 12.94000 48.58000
28 9 20 20 33 9330.10000 4.91300000 311.24000 39.67000 12.94000 48.58000
28 9 20 20 33 9331.80000 4.91300000 311.24000 39.67000 12.94000 48.58000
28 9 20 20 33 9329.60000 4.91300000 311.24000 39.67000 12.94000 48.58000
28 9 20 20 34 9329.60000 4.91300000 311.24000 39.67000 12.94000 48.58000
28 9 20 20 34 9327.70000 4.91300000 311.00000 39.60000 12.94000 48.58000
28 9 20 20 35 9325.20000 4.91300000 310.84000 39.60000 12.94000 48.58000
28 9 20 20 35 9325.20000 4.91300000 311.05000 39.60000 12.94000 48.58000
28 9 20 20 36 9325.20000 4.91300000 311.05000 39.60000 12.94000 48.58000
28 9 20 20 36 9325.20000 4.91300000 311.05000 39.60000 12.94000 48.58000
28 9 20 20 36 9328.50000 4.91300000 311.06000 39.60000 12.94000 48.58000
28 9 20 20 37 9330.30000 4.91300000 311.06000 39.60000 12.94000 48.58000
28 9 20 20 37 9328.60000 4.91300000 311.06000 39.60000 12.94000 48.58000
28 9 20 20 38 9330.00000 4.91300000 311.23000 39.60000 12.94000 48.58000
28 9 20 20 38 9330.30000 4.91300000 311.23000 39.60000 12.94000 48.58000
28 9 20 20 39 9330.80000 4.91300000 311.24000 39.60000 12.94000 48.58000
28 9 20 20 39 9331.00000 4.91300000 311.24000 39.60000 12.94000 48.58000
28 9 20 20 39 9331.00000 4.91300000 311.24000 39.60000 12.94000 48.58000
28 9 20 20 40 9330.00000 4.91300000 311.23000 39.60000 12.94000 48.58000
28 9 20 20 40 9329.40000 4.91300000 311.07000 39.60000 12.94000 48.58000
28 9 20 20 41 9327.70000 4.91300000 311.19000 39.60000 12.94000 48.58000
28 9 20 20 41 9327.80000 4.91300000 311.19000 39.60000 12.94000 48.58000
28 9 20 20 42 9328.20000 4.91300000 311.24000 39.60000 12.94000 48.58000
28 9 20 20 42 9327.40000 4.91300000 311.17000 39.60000 12.94000 48.58000
28 9 20 20 42 9327.40000 4.91300000 311.17000 39.60000 12.94000 48.58000
28 9 20 20 43 9329.80000 4.91300000 311.23000 39.60000 12.94000 48.58000
28 9 20 20 43 9329.80000 4.91300000 311.23000 39.60000 12.94000 48.58000
28 9 20 20 44 9329.90000 4.91300000 311.24000 39.60000 12.94000 48.58000
28 9 20 20 44 9330.00000 4.91300000 311.24000 39.67000 12.94000 48.58000
28 9 20 20 45 9329.90000 4.91300000 311.23000 39.67000 12.94000 48.58000
28 9 20 20 45 9329.70000 4.91300000 311.24000 39.67000 12.94000 48.58000
28 9 20 20 45 9327.80000 4.91300000 311.24000 39.67000 12.94000 48.58000
28 9 20 20 46 9326.50000 4.91300000 311.24000 39.67000 12.94000 48.58000
28 9 20 20 46 9325.50000 4.91300000 311.24000 39.68000 12.94000 48.58000
28 9 20 20 47 9325.40000 4.91300000 311.24000 39.68000 12.94000 48.58000
28 9 20 20 47 9325.10000 4.91300000 311.27000 39.68000 12.94000 48.58000
28 9 20 20 48 9325.30000 4.91300000 311.27000 39.68000 12.94000 48.58000
28 9 20 20 48 9327.70000 4.91300000 311.39000 39.68000 12.94000 48.58000
28 9 20 20 49 9326.70000 4.91300000 311.39000 39.68000 12.94000 48.58000
28 9 20 20 49 9326.60000 4.91300000 311.27000 39.68000 12.94000 48.58000
28 9 20 20 49 9327.10000 4.91300000 311.27000 39.68000 12.94000 48.58000
28 9 20 20 50 9326.90000 4.91300000 311.25000 39.68000 12.94000 48.58000
28 9 20 20 50 9327.00000 4.91300000 311.25000 39.68000 12.94000 48.58000
28 9 20 20 51 9327.00000 4.91300000 311.30000 39.68000 12.94000 48.58000
28 9 20 20 51 9326.20000 4.91300000 311.30000 39.68000 12.94000 48.58000
28 9 20 20 52 9325.50000 4.91300000 311.30000 39.68000 12.94000 48.58000
28 9 20 20 52 9325.50000 4.91300000 311.30000 39.68000 12.94000 48.58000
28 9 20 20 52 9325.20000 4.91300000 311.02000 39.68000 12.94000 48.58000
28 9 20 20 53 9325.10000 4.91300000 311.02000 39.68000 12.94000 48.58000
28 9 20 20 53 9325.10000 4.91300000 311.03000 39.68000 12.94000 48.58000
28 9 20 20 54 9325.00000 4.91300000 311.08000 39.68000 12.94000 48.58000
28 9 20 20 54 9325.00000 4.91300000 311.09000 39.68000 12.94000 48.58000
28 9 20 20 55 9325.10000 4.91300000 311.08000 39.68000 12.94000 48.58000
28 9 20 20 55 9325.00000 4.91300000 311.08000 39.68000 12.94000 48.58000
28 9 20 20 55 9325.10000 4.91300000 311.03000 39.68000 12.94000 48.58000
28 9 20 20 56 9325.00000 4.91300000 311.02000 39.68000 12.94000 48.58000
28 9 20 20 56 9325.10000 4.95500000 311.02000 39.68000 12.94000 48.58000
28 9 20 20 57 9325.00000 4.95500000 311.06000 39.68000 12.94000 48.58000
28 9 20 20 57 9325.10000 4.95500000 311.06000 39.68000 12.94000 48.58000
28 9 20 20 58 9325.10000 4.95500000 311.10000 39.68000 12.94000 48.58000
28 9 20 20 58 9325.00000 4.95500000 311.10000 39.68000 12.94000 48.63600
28 9 20 20 59 9325.10000 4.95500000 311.10000 39.67000 12.94000 48.63600
28 9 20 20 59 9325.00000 4.95500000 311.10000 39.67000 12.94000 48.63600
28 9 20 20 59 9325.00000 4.95500000 311.10000 39.67000 12.94000 48.63600
28 9 20 21 00 9325.10000 4.95500000 311.10000 39.67000 12.94000 48.63600
28 9 20 21 00 9325.10000 4.95500000 311.10000 39.67000 12.94000 48.63600
28 9 20 21 01 9325.00000 4.95500000 311.02000 39.67000 12.94000 48.63600
28 9 20 21 01 9325.00000 4.95500000 311.02000 39.67000 12.94000 48.63600
28 9 20 21 02 9325.10000 4.95500000 311.02000 39.67000 12.94000 48.63600
28 9 20 21 02 9325.00000 4.95500000 311.02000 39.67000 12.94000 48.63600
28 9 20 21 02 9325.10000 4.95500000 311.02000 39.67000 12.94000 48.63600
28 9 20 21 03 9325.10000 4.95500000 311.02000 39.67000 12.94000 48.63600
