M=[
14 7 21 10 01 27427.60000 37.48600000 1641.16000 108.17000 17.16900 85.89800
14 7 21 10 01 27429.30000 37.48600000 1641.03000 108.17000 17.16900 85.89800
14 7 21 10 02 27420.50000 37.45600000 1639.72000 108.17000 17.16900 85.89800
14 7 21 10 02 27422.10000 37.45600000 1639.04000 107.92000 17.16900 85.89800
14 7 21 10 03 27422.70000 37.45600000 1640.04000 107.92000 17.16900 85.89800
14 7 21 10 03 27425.60000 37.45600000 1639.91000 107.91000 17.16900 85.89800
14 7 21 10 04 27403.50000 37.45600000 1637.54000 107.91000 17.16900 85.89800
14 7 21 10 04 27400.50000 37.45600000 1637.54000 107.91000 17.16900 85.89800
14 7 21 10 04 27421.10000 37.45600000 1637.65000 107.91000 17.16900 85.89800
14 7 21 10 05 27407.90000 37.45600000 1638.92000 107.91000 17.16900 85.89800
14 7 21 10 05 27438.70000 37.45600000 1639.70000 107.91000 17.16900 85.89800
14 7 21 10 06 27437.10000 37.45600000 1640.27000 107.91000 17.16900 86.01900
14 7 21 10 06 27429.30000 37.45600000 1640.27000 107.91000 17.16900 86.01900
14 7 21 10 07 27435.90000 37.45600000 1640.37000 108.15000 17.16900 86.01900
14 7 21 10 07 27445.90000 37.45600000 1642.28000 108.15000 17.16900 86.01900
14 7 21 10 08 27443.20000 37.45600000 1642.28000 108.15000 17.17100 86.01900
14 7 21 10 08 27446.30000 37.45600000 1643.23000 108.33000 17.17100 86.01900
14 7 21 10 08 27450.50000 37.45600000 1643.23000 108.33000 17.17100 86.01900
14 7 21 10 09 27455.90000 37.45600000 1641.96000 108.24000 17.17100 86.01900
14 7 21 10 09 27445.90000 37.45600000 1642.25000 108.25000 17.17100 86.01900
14 7 21 10 10 27445.90000 37.63100000 1643.93000 108.25000 17.17100 86.01900
14 7 21 10 10 27456.20000 37.63100000 1644.11000 108.31000 17.17100 86.01900
14 7 21 10 11 27452.20000 37.63100000 1643.68000 108.31000 17.17100 86.01900
14 7 21 10 11 27455.50000 37.63100000 1643.45000 108.31000 17.17100 86.10200
14 7 21 10 11 27450.00000 37.63100000 1643.07000 108.31000 17.17100 86.10200
14 7 21 10 12 27455.50000 37.63100000 1643.48000 108.31000 17.17100 86.10200
14 7 21 10 12 27450.70000 37.66600000 1644.09000 108.31000 17.17100 86.10200
14 7 21 10 13 27455.20000 37.66600000 1644.09000 108.26000 17.17100 86.10200
14 7 21 10 13 27450.70000 37.66600000 1644.75000 108.28000 17.17100 86.10200
14 7 21 10 14 27455.40000 37.74100000 1644.75000 108.28000 17.17100 86.17300
14 7 21 10 14 27460.30000 37.70100000 1646.49000 108.28000 17.17100 86.17300
14 7 21 10 14 27460.20000 37.75500000 1645.83000 108.28000 17.17100 86.27600
14 7 21 10 15 27464.70000 37.75500000 1646.57000 108.37000 17.17100 86.27600
14 7 21 10 15 27464.80000 37.75500000 1646.57000 108.43000 17.17100 86.27600
14 7 21 10 16 27476.70000 37.75500000 1649.06000 108.47000 17.17100 86.58900
14 7 21 10 16 27481.00000 37.75500000 1650.20000 108.53000 17.17100 86.58900
14 7 21 10 17 27482.90000 37.75500000 1649.91000 108.53000 17.17100 86.45700
14 7 21 10 17 27491.50000 37.75500000 1650.55000 108.50000 17.17100 86.45700
14 7 21 10 17 27499.30000 37.75500000 1652.43000 108.50000 17.17100 86.45700
14 7 21 10 18 27499.80000 37.88600000 1652.27000 108.50000 17.20000 86.45700
14 7 21 10 18 27536.20000 37.88600000 1654.48000 108.83000 17.20000 86.45700
14 7 21 10 19 27539.60000 37.88600000 1652.34000 108.81000 17.20000 86.45700
14 7 21 10 19 27529.70000 37.88600000 1651.97000 108.81000 17.20000 86.45700
14 7 21 10 20 27528.80000 37.90400000 1651.47000 108.81000 17.20400 86.45700
14 7 21 10 20 27516.30000 37.90400000 1649.75000 108.68000 17.19400 86.45700
14 7 21 10 20 27526.40000 37.90400000 1651.10000 108.68000 17.16500 86.45700
14 7 21 10 21 27516.10000 37.90400000 1651.12000 108.69000 17.16100 86.45700
14 7 21 10 21 27513.70000 37.90400000 1649.10000 108.69000 17.16100 86.45700
14 7 21 10 22 27513.80000 37.90400000 1648.85000 108.68000 17.14400 86.45700
14 7 21 10 22 27506.60000 37.76300000 1649.09000 108.68000 17.14400 86.45700
14 7 21 10 23 27511.70000 37.76300000 1649.19000 108.79000 17.12000 86.45700
14 7 21 10 23 27508.30000 37.71800000 1648.19000 108.69000 17.11100 86.45700
14 7 21 10 23 27502.50000 37.71800000 1647.89000 108.69000 17.15000 86.45700
14 7 21 10 24 27522.60000 37.78500000 1650.00000 108.69000 17.10000 86.45700
14 7 21 10 24 27526.80000 37.78500000 1650.00000 108.69000 17.02500 86.45700
14 7 21 10 25 27530.60000 37.78500000 1650.00000 108.77000 17.07800 86.45700
14 7 21 10 25 27527.00000 37.78500000 1649.69000 108.77000 17.02500 86.45700
14 7 21 10 26 27543.40000 37.78500000 1651.00000 108.75000 17.02500 86.45700
14 7 21 10 26 27691.10000 38.01400000 1657.21000 109.32000 17.02500 86.66000
14 7 21 10 26 27651.50000 38.01400000 1657.01000 109.25000 17.02500 86.66000
14 7 21 10 27 27651.50000 38.01400000 1654.03000 109.25000 17.08000 87.17000
14 7 21 10 27 27662.00000 38.01400000 1653.62000 109.10000 17.08000 87.17000
14 7 21 10 28 27651.50000 38.01400000 1653.86000 109.01000 17.08000 87.17000
14 7 21 10 28 27650.00000 38.01400000 1652.96000 108.92000 17.08000 87.17000
14 7 21 10 29 27650.00000 38.01400000 1652.92000 108.92000 17.08000 87.09400
14 7 21 10 29 27651.40000 38.01400000 1655.95000 108.99000 17.08000 87.09400
14 7 21 10 29 27664.50000 38.01400000 1655.61000 108.99000 17.08000 87.09400
14 7 21 10 30 27650.00000 38.01400000 1653.70000 108.88000 17.08000 87.09400
14 7 21 10 30 27680.00000 38.01400000 1654.97000 108.88000 17.08000 87.09400
14 7 21 10 31 27698.90000 38.01400000 1656.04000 108.88000 17.02500 87.09400
14 7 21 10 31 27693.20000 38.01400000 1655.50000 108.88000 17.04500 87.09400
14 7 21 10 32 27667.90000 38.01400000 1654.73000 108.88000 17.04500 87.09400
14 7 21 10 32 27650.10000 38.01400000 1653.42000 108.81000 17.04500 87.09400
14 7 21 10 33 27626.50000 38.01400000 1653.44000 108.81000 17.02800 87.09400
14 7 21 10 33 27628.50000 38.01400000 1653.03000 108.78000 17.02800 87.09400
14 7 21 10 33 27624.70000 38.01400000 1652.99000 108.78000 17.02800 87.09400
14 7 21 10 34 27610.30000 38.01400000 1651.10000 108.60000 17.02800 86.88900
14 7 21 10 34 27602.10000 38.01400000 1651.01000 108.60000 17.01100 86.88900
14 7 21 10 35 27602.20000 38.01400000 1650.00000 108.68000 16.99500 86.88900
14 7 21 10 35 27602.20000 38.01400000 1650.47000 108.68000 16.97800 86.88900
14 7 21 10 36 27602.20000 38.01400000 1650.84000 108.68000 16.97800 86.88900
14 7 21 10 36 27592.90000 38.01400000 1650.85000 108.68000 16.96100 86.88900
14 7 21 10 36 27589.70000 38.01400000 1650.63000 108.68000 16.92900 86.88900
14 7 21 10 37 27590.60000 38.09400000 1651.00000 108.68000 16.92900 86.88900
14 7 21 10 37 27600.50000 38.09400000 1650.99000 108.60000 16.92900 86.88900
14 7 21 10 38 27598.60000 38.09400000 1651.80000 108.62000 16.92900 86.88900
14 7 21 10 38 27615.60000 38.09400000 1652.68000 108.62000 16.92900 86.88900
14 7 21 10 39 27598.10000 38.09400000 1651.07000 108.64000 16.92900 86.88900
14 7 21 10 39 27601.50000 38.11600000 1651.76000 108.64000 16.92900 86.88900
14 7 21 10 39 27601.50000 38.11600000 1651.82000 108.64000 16.92900 86.88900
14 7 21 10 40 27594.80000 38.11600000 1651.83000 108.75000 16.92900 86.88900
14 7 21 10 40 27595.00000 38.11600000 1651.90000 108.75000 16.92900 86.88900
14 7 21 10 41 27582.50000 38.11600000 1650.59000 108.84000 16.92900 86.88900
14 7 21 10 41 27586.50000 38.11600000 1651.68000 108.83000 16.92900 86.84900
14 7 21 10 42 27593.10000 38.11600000 1651.06000 108.83000 16.92900 86.84900
14 7 21 10 42 27576.60000 38.11600000 1649.61000 108.62000 16.82800 86.84900
14 7 21 10 42 27570.80000 38.11600000 1649.06000 108.62000 16.91300 86.84900
14 7 21 10 43 27566.90000 38.11600000 1649.06000 108.49000 16.91300 86.84900
14 7 21 10 43 27564.40000 38.11600000 1648.97000 108.49000 16.88200 86.84900
14 7 21 10 44 27584.90000 38.11600000 1651.06000 108.49000 16.82400 86.84900
14 7 21 10 44 27575.60000 38.11600000 1651.56000 108.49000 16.84700 86.84900
14 7 21 10 45 27586.00000 38.11600000 1650.20000 108.49000 16.84700 86.84900
14 7 21 10 45 27567.70000 38.06400000 1650.20000 108.55000 16.87000 86.84900
