M=[
14 2 21 08 52 40238.00000 13.50100000 1514.99000 186.05000 29.29300 141.42700
14 2 21 08 52 40211.30000 13.50100000 1514.47000 186.17000 29.48300 140.69200
14 2 21 08 53 40214.70000 13.50100000 1513.04000 186.08000 29.28900 140.81700
14 2 21 08 53 40149.30000 13.50100000 1512.73000 185.54000 29.28900 140.81700
14 2 21 08 54 40146.30000 13.50000000 1511.34000 185.30000 29.28900 140.81700
14 2 21 08 54 40205.90000 13.50000000 1513.55000 185.57000 29.25500 140.30100
14 2 21 08 54 40186.40000 13.50000000 1513.50000 185.68000 29.25500 140.12400
14 2 21 08 55 40202.90000 13.50000000 1513.48000 185.36000 29.25500 140.42900
14 2 21 08 55 40223.80000 13.50000000 1514.41000 185.87000 29.25500 140.50400
14 2 21 08 56 40207.60000 13.49400000 1513.43000 185.55000 29.00000 139.84100
14 2 21 08 56 40226.20000 13.49400000 1514.05000 185.69000 28.97700 139.84700
14 2 21 08 57 40212.90000 13.49400000 1513.54000 185.59000 28.97700 139.99100
14 2 21 08 57 40208.50000 13.49400000 1513.54000 185.51000 28.97700 139.99100
14 2 21 08 57 40211.60000 13.49400000 1513.54000 185.82000 28.97700 139.99100
14 2 21 08 58 40217.10000 13.49400000 1513.54000 185.82000 28.97700 139.99100
14 2 21 08 58 40244.50000 13.46500000 1513.54000 185.74000 28.97700 139.99100
14 2 21 08 59 40251.50000 13.46500000 1513.51000 185.85000 29.04200 140.01600
14 2 21 08 59 40261.60000 13.46500000 1513.95000 185.86000 28.68000 140.01600
14 2 21 09 00 40271.70000 13.44400000 1513.46000 185.87000 28.68000 140.01600
14 2 21 09 00 40251.70000 13.46500000 1512.03000 185.57000 28.68000 139.75500
14 2 21 09 00 40262.20000 13.46500000 1513.34000 185.57000 28.68000 139.75500
14 2 21 09 01 40245.70000 13.46500000 1513.92000 185.54000 28.68000 139.75500
14 2 21 09 01 40269.00000 13.46500000 1513.88000 185.78000 28.89100 139.75500
14 2 21 09 02 40270.90000 13.46500000 1513.30000 185.87000 28.93000 139.75500
14 2 21 09 02 40268.80000 13.46500000 1513.02000 185.86000 29.05600 139.75500
14 2 21 09 03 40268.80000 13.47100000 1512.90000 185.86000 29.25500 140.35500
14 2 21 09 03 40268.70000 13.49900000 1512.65000 185.86000 29.21500 140.35500
14 2 21 09 03 40264.80000 13.49900000 1512.89000 185.86000 29.21500 140.35500
14 2 21 09 04 40272.00000 13.49900000 1512.99000 185.89000 29.21500 140.35500
14 2 21 09 04 40268.30000 13.49900000 1513.00000 185.83000 29.21500 140.35500
14 2 21 09 05 40252.40000 13.49900000 1513.32000 185.83000 29.21500 140.40400
14 2 21 09 05 40270.10000 13.50000000 1513.42000 185.56000 29.21500 140.40400
14 2 21 09 06 40266.60000 13.50000000 1513.42000 185.56000 29.26600 140.55000
14 2 21 09 06 40272.00000 13.50000000 1513.07000 185.55000 28.81800 140.55000
14 2 21 09 06 40272.00000 13.67300000 1513.29000 185.59000 28.81800 140.55000
14 2 21 09 07 40300.00000 13.67300000 1513.65000 185.60000 28.81800 140.55000
14 2 21 09 07 40290.40000 13.67300000 1513.59000 185.95000 28.81800 140.55000
14 2 21 09 08 40299.70000 13.67300000 1513.81000 186.10000 29.27900 140.55000
14 2 21 09 08 40299.90000 13.67300000 1513.81000 186.36000 29.27900 140.55000
14 2 21 09 09 40300.00000 13.64700000 1513.49000 186.34000 28.82100 140.55000
14 2 21 09 09 40299.90000 13.67200000 1514.02000 186.45000 28.82100 140.12000
14 2 21 09 09 40304.10000 13.67300000 1513.92000 186.16000 28.82100 140.01100
14 2 21 09 10 40324.60000 13.67300000 1514.64000 186.43000 28.82100 140.01100
14 2 21 09 10 40335.40000 13.67300000 1514.31000 186.37000 28.82100 140.14900
14 2 21 09 11 40337.00000 13.67300000 1513.99000 186.38000 28.82100 140.14900
14 2 21 09 11 40335.10000 13.67300000 1513.91000 186.41000 28.82100 140.14900
14 2 21 09 12 40335.10000 13.67300000 1514.09000 186.56000 28.82100 140.14900
14 2 21 09 12 40363.90000 13.67300000 1515.00000 186.76000 28.82100 140.16400
14 2 21 09 12 40373.60000 13.67300000 1515.00000 186.87000 28.82100 140.16400
14 2 21 09 13 40377.30000 13.67300000 1515.00000 186.93000 28.82100 140.16400
14 2 21 09 13 40378.10000 13.67300000 1515.00000 186.93000 28.82100 140.44000
14 2 21 09 14 40378.20000 13.67300000 1515.00000 186.70000 29.03900 140.44000
14 2 21 09 14 40400.00000 13.69500000 1515.00000 186.78000 28.82100 140.44000
14 2 21 09 15 40405.80000 13.75400000 1515.00000 186.78000 29.34600 140.53800
14 2 21 09 15 40399.80000 13.75400000 1514.98000 186.70000 28.82200 140.53800
14 2 21 09 15 40399.80000 13.75400000 1514.67000 186.88000 28.92300 140.53800
14 2 21 09 16 40384.10000 13.75400000 1514.32000 186.81000 28.92300 140.53800
14 2 21 09 16 40384.30000 13.72200000 1514.69000 186.80000 28.82200 140.38500
14 2 21 09 17 40378.00000 13.74700000 1514.71000 186.42000 28.82200 140.56500
14 2 21 09 17 40383.40000 13.74700000 1514.64000 186.60000 28.82200 140.60900
14 2 21 09 18 40393.50000 13.71900000 1515.00000 186.53000 29.12400 140.60900
14 2 21 09 18 40402.00000 13.71100000 1514.77000 186.76000 28.82300 140.35500
14 2 21 09 18 40404.00000 13.71100000 1514.98000 186.74000 28.82300 140.35500
14 2 21 09 19 40393.30000 13.71100000 1515.00000 186.75000 28.82300 140.35500
14 2 21 09 19 40399.80000 13.71100000 1514.99000 186.93000 28.82300 140.35500
14 2 21 09 20 40407.50000 13.76800000 1514.99000 186.93000 28.82300 140.35500
14 2 21 09 20 40426.60000 13.74500000 1514.99000 187.55000 28.82300 140.35500
14 2 21 09 21 40426.60000 13.74500000 1514.98000 187.55000 28.82300 140.35500
14 2 21 09 21 40426.60000 13.79100000 1514.81000 187.72000 28.82300 140.35500
14 2 21 09 21 40426.70000 13.79200000 1515.04000 187.81000 28.82300 140.93700
14 2 21 09 22 40426.70000 13.79200000 1515.41000 187.67000 28.82400 140.94600
14 2 21 09 22 40426.70000 13.79200000 1515.42000 187.46000 28.82400 141.08000
14 2 21 09 23 40425.40000 13.80000000 1515.86000 187.27000 28.82400 141.08000
14 2 21 09 23 40425.40000 13.79700000 1515.69000 187.27000 28.82400 141.08000
14 2 21 09 24 40421.60000 13.80000000 1515.71000 186.98000 28.82200 141.08000
14 2 21 09 24 40429.90000 13.86400000 1515.79000 187.06000 28.82200 141.08000
14 2 21 09 24 40423.10000 13.86400000 1515.83000 187.07000 28.82200 141.01100
14 2 21 09 25 40424.20000 13.86400000 1515.98000 186.91000 29.10600 141.01100
14 2 21 09 25 40422.80000 13.88700000 1517.51000 187.15000 29.10600 141.01100
14 2 21 09 26 40409.30000 13.95000000 1517.45000 187.13000 29.04800 141.25200
14 2 21 09 26 40397.50000 13.95000000 1517.14000 187.22000 28.82400 141.25200
14 2 21 09 27 40396.60000 14.02400000 1517.15000 187.22000 29.12200 141.25200
14 2 21 09 27 40418.00000 13.99200000 1517.48000 187.41000 29.12200 141.25200
14 2 21 09 27 40405.50000 14.10000000 1517.56000 187.41000 29.12200 141.25200
14 2 21 09 28 40404.30000 14.00000000 1518.09000 187.54000 29.12200 141.01100
14 2 21 09 28 40421.80000 14.08400000 1517.73000 187.54000 28.82600 141.01100
14 2 21 09 29 40416.30000 13.85600000 1517.72000 187.71000 28.82600 141.01100
14 2 21 09 29 40410.60000 13.90000000 1517.70000 187.65000 28.82600 140.81000
14 2 21 09 30 40399.20000 14.00000000 1517.00000 187.83000 28.82600 140.81000
14 2 21 09 30 40429.90000 14.00600000 1517.37000 188.08000 28.82800 140.81000
14 2 21 09 30 40429.90000 14.00600000 1517.36000 187.73000 28.82800 140.81000
14 2 21 09 31 40429.90000 14.00000000 1517.00000 187.76000 28.82800 140.81000
14 2 21 09 31 40429.70000 14.00100000 1517.01000 187.65000 28.82800 140.81000
14 2 21 09 32 40416.00000 14.07500000 1516.49000 187.19000 28.82800 140.41700
14 2 21 09 32 40430.00000 14.05500000 1516.78000 187.12000 28.82800 140.15700
14 2 21 09 33 40430.00000 14.05500000 1517.40000 187.01000 28.82800 140.15700
14 2 21 09 33 40430.00000 14.05500000 1517.28000 187.16000 28.82800 140.15700
14 2 21 09 33 40430.00000 13.98200000 1517.25000 187.00000 29.12200 140.17200
14 2 21 09 34 40445.70000 13.98200000 1516.28000 187.01000 29.12200 139.79800
14 2 21 09 34 40448.90000 13.97100000 1516.15000 187.08000 28.84600 139.79800
14 2 21 09 35 40431.10000 13.97800000 1516.15000 186.88000 28.84600 139.79800
14 2 21 09 35 40444.20000 13.97800000 1515.27000 186.92000 28.84600 139.79800
