M=[
 8 3 21 17 08 42801.80000 9.64000000 1458.87000 155.95000 26.18100 106.87300
 8 3 21 17 09 42828.80000 9.64000000 1460.00000 155.95000 26.18100 106.87300
 8 3 21 17 09 42850.00000 9.64000000 1461.46000 156.05000 26.18100 106.87300
 8 3 21 17 10 42850.00000 9.64000000 1461.79000 156.10000 26.18100 106.87300
 8 3 21 17 10 42850.00000 9.64000000 1461.79000 156.09000 26.18100 106.87300
 8 3 21 17 11 42849.90000 9.64000000 1461.79000 156.09000 26.18100 106.87300
 8 3 21 17 11 42850.00000 9.64000000 1462.00000 156.09000 26.18100 106.87300
 8 3 21 17 11 42850.00000 9.64000000 1460.94000 156.00000 26.18100 106.97400
 8 3 21 17 12 42850.00000 9.64000000 1461.41000 155.91000 26.18100 106.97400
 8 3 21 17 12 42766.10000 9.64000000 1458.69000 155.91000 26.18100 106.97400
 8 3 21 17 13 42796.30000 9.64000000 1459.86000 155.91000 26.18100 106.97400
 8 3 21 17 13 42780.00000 9.64000000 1459.86000 155.91000 26.18100 106.97400
 8 3 21 17 14 42780.00000 9.64000000 1459.36000 155.91000 26.18100 106.97400
 8 3 21 17 14 42805.00000 9.64700000 1459.84000 155.94000 26.18100 106.97400
 8 3 21 17 14 42805.00000 9.64700000 1459.96000 155.88000 26.18100 106.97400
 8 3 21 17 15 42769.20000 9.64700000 1458.77000 155.88000 26.18100 106.84800
 8 3 21 17 15 42750.00000 9.64700000 1456.94000 155.58000 26.18100 106.84800
 8 3 21 17 16 42765.10000 9.64700000 1458.37000 155.85000 26.18100 106.84800
 8 3 21 17 16 42775.30000 9.64700000 1457.82000 155.80000 26.18100 106.84800
 8 3 21 17 16 42805.00000 9.64700000 1459.23000 155.80000 26.18100 106.84800
 8 3 21 17 17 42805.00000 9.64700000 1459.59000 155.99000 26.18100 106.84800
 8 3 21 17 17 42805.00000 9.64500000 1459.57000 156.01000 26.18100 106.84800
 8 3 21 17 18 42805.00000 9.64500000 1459.56000 156.01000 26.18100 106.84800
 8 3 21 17 18 42805.00000 9.64500000 1458.96000 155.91000 26.18100 106.84800
 8 3 21 17 19 42804.90000 9.64500000 1457.99000 155.91000 26.18100 106.84800
 8 3 21 17 19 42784.70000 9.62700000 1456.45000 155.76000 26.18100 106.84800
 8 3 21 17 19 42758.60000 9.62700000 1456.11000 155.64000 26.18100 106.84800
 8 3 21 17 20 42741.90000 9.62700000 1456.44000 155.64000 26.18100 106.84800
 8 3 21 17 20 42741.90000 9.62700000 1456.10000 155.69000 26.18100 106.84800
 8 3 21 17 21 42768.60000 9.62700000 1456.10000 155.81000 26.18100 106.84800
 8 3 21 17 21 42741.80000 9.62700000 1455.82000 155.55000 26.18100 106.84800
 8 3 21 17 22 42737.50000 9.62700000 1455.20000 155.74000 26.18100 106.84800
 8 3 21 17 22 42749.80000 9.62700000 1456.09000 155.74000 26.18100 106.84800
 8 3 21 17 22 42749.90000 9.62700000 1456.08000 155.70000 26.18100 106.84800
 8 3 21 17 23 42798.80000 9.62700000 1456.11000 155.70000 26.18100 106.84800
 8 3 21 17 23 42791.50000 9.62700000 1458.04000 155.86000 26.18100 106.84800
 8 3 21 17 24 42772.40000 9.62700000 1458.00000 155.78000 26.18100 106.84800
 8 3 21 17 24 42794.80000 9.62700000 1459.46000 155.96000 26.38500 106.84800
 8 3 21 17 25 42799.90000 9.62700000 1459.46000 156.04000 26.38500 106.84800
 8 3 21 17 25 42804.90000 9.62700000 1459.46000 156.04000 26.41100 106.84800
 8 3 21 17 25 42849.90000 9.62700000 1461.79000 155.92000 26.41100 106.84800
 8 3 21 17 26 42850.00000 9.67300000 1460.63000 156.09000 26.41100 106.84800
 8 3 21 17 26 42850.00000 9.67300000 1460.64000 156.09000 26.41100 106.84800
 8 3 21 17 27 42849.60000 9.67300000 1459.67000 156.07000 26.41100 106.84800
 8 3 21 17 27 42849.90000 9.67300000 1460.59000 156.09000 26.41100 106.84800
 8 3 21 17 28 42858.70000 9.67300000 1460.60000 156.10000 26.41100 106.84800
 8 3 21 17 28 42860.30000 9.67300000 1461.67000 156.10000 26.41100 107.22800
 8 3 21 17 28 42869.90000 9.67300000 1462.00000 156.39000 26.41100 107.22800
 8 3 21 17 29 42869.90000 9.67300000 1462.00000 156.41000 26.41100 107.22800
 8 3 21 17 29 42867.70000 9.67300000 1462.00000 156.29000 26.41100 107.22800
 8 3 21 17 30 42840.10000 9.67300000 1461.99000 156.29000 26.41100 107.22800
 8 3 21 17 30 42824.30000 9.67300000 1461.76000 156.18000 26.41100 107.22800
 8 3 21 17 31 42800.10000 9.67300000 1461.36000 156.18000 26.41100 107.22800
 8 3 21 17 31 42824.40000 9.67300000 1461.99000 156.15000 26.41100 107.22800
 8 3 21 17 31 42794.30000 9.67300000 1460.42000 156.15000 26.41100 107.22800
 8 3 21 17 32 42811.40000 9.67300000 1461.50000 156.13000 26.41100 107.22100
 8 3 21 17 32 42815.40000 9.67300000 1461.49000 156.13000 26.41100 107.22100
 8 3 21 17 33 42785.10000 9.67300000 1461.00000 155.94000 26.41100 107.22100
 8 3 21 17 33 42775.80000 9.67300000 1459.08000 155.94000 26.41100 107.22100
 8 3 21 17 34 42775.70000 9.67300000 1460.42000 155.94000 26.41100 107.22100
 8 3 21 17 34 42765.70000 9.67300000 1459.84000 155.94000 26.41100 107.22100
 8 3 21 17 34 42786.90000 9.67300000 1460.90000 156.13000 26.41100 107.22100
 8 3 21 17 35 42785.80000 9.67300000 1460.90000 156.10000 26.41100 107.22100
 8 3 21 17 35 42754.10000 9.67300000 1460.09000 156.01000 26.41100 107.22100
 8 3 21 17 36 42751.20000 9.67300000 1458.85000 155.90000 26.41100 107.22100
 8 3 21 17 36 42729.50000 9.64500000 1458.57000 155.89000 26.41100 107.22100
 8 3 21 17 37 42764.90000 9.64500000 1460.00000 155.89000 26.41100 107.22100
 8 3 21 17 37 42787.10000 9.64500000 1459.99000 156.00000 26.41100 107.22100
 8 3 21 17 37 42787.20000 9.64500000 1460.00000 156.00000 26.41100 107.22100
 8 3 21 17 38 42787.10000 9.64500000 1461.99000 155.99000 26.41100 107.22100
 8 3 21 17 38 42808.50000 9.64500000 1462.80000 156.00000 26.41100 107.22100
 8 3 21 17 39 42787.10000 9.64500000 1463.77000 156.00000 26.41100 107.22100
 8 3 21 17 39 42787.10000 9.64500000 1463.06000 156.05000 26.41100 107.22100
 8 3 21 17 40 42782.10000 9.64500000 1462.26000 156.03000 26.41100 107.22100
 8 3 21 17 40 42759.60000 9.64500000 1462.26000 155.90000 26.41100 107.22100
 8 3 21 17 40 42740.40000 9.64500000 1462.27000 155.87000 26.41100 107.22100
 8 3 21 17 41 42759.50000 9.64500000 1462.93000 155.91000 26.41100 107.22100
 8 3 21 17 41 42775.90000 9.64500000 1462.98000 155.91000 26.41100 107.22100
 8 3 21 17 42 42722.00000 9.64500000 1462.93000 155.91000 26.41100 107.22100
 8 3 21 17 42 42734.00000 9.64500000 1462.63000 155.91000 26.41100 107.22100
 8 3 21 17 43 42767.40000 9.64500000 1463.00000 155.99000 26.41100 107.22100
 8 3 21 17 43 42773.00000 9.64500000 1463.05000 156.07000 26.41100 107.22100
 8 3 21 17 43 42782.50000 9.64500000 1463.02000 156.14000 26.41100 107.22100
 8 3 21 17 44 42779.60000 9.64500000 1463.04000 156.20000 26.41100 107.22100
 8 3 21 17 44 42787.10000 9.64500000 1464.00000 156.27000 26.41100 107.22100
 8 3 21 17 45 42787.10000 9.64500000 1464.99000 156.25000 26.41100 107.22100
 8 3 21 17 45 42787.10000 9.64500000 1465.00000 156.38000 26.41100 107.22100
 8 3 21 17 46 42787.10000 9.64500000 1465.00000 156.28000 26.41100 107.22100
 8 3 21 17 46 42798.30000 9.64500000 1466.00000 156.28000 26.41100 107.22100
 8 3 21 17 46 42794.50000 9.64500000 1466.00000 156.28000 26.41100 107.22100
 8 3 21 17 47 42785.10000 9.64500000 1466.00000 156.19000 26.41100 107.22100
 8 3 21 17 47 42785.00000 9.64500000 1465.34000 156.19000 26.41100 107.22100
 8 3 21 17 48 42784.90000 9.64500000 1464.71000 156.19000 26.41100 107.22100
 8 3 21 17 48 42785.00000 9.64500000 1464.70000 156.19000 26.41100 107.22100
 8 3 21 17 49 42782.20000 9.64500000 1464.70000 156.19000 26.41100 107.22100
 8 3 21 17 49 42782.10000 9.64500000 1464.99000 156.35000 26.41100 107.22100
 8 3 21 17 49 42787.00000 9.64500000 1464.99000 156.36000 26.41100 107.22100
 8 3 21 17 50 42787.00000 9.64500000 1465.94000 156.28000 26.41100 107.22100
 8 3 21 17 50 42787.00000 9.64500000 1465.15000 156.28000 26.41100 107.22100
 8 3 21 17 51 42800.20000 9.64500000 1465.14000 156.32000 26.41100 107.22100
 8 3 21 17 51 42823.80000 9.64500000 1465.15000 156.34000 26.41100 107.22100
 8 3 21 17 52 42825.10000 9.64500000 1464.35000 156.28000 26.41100 107.22100
 8 3 21 17 52 42827.30000 9.64500000 1463.59000 156.24000 26.41100 107.22100
