M=[
14 12 20 07 57 15759.00000 4.98900000 482.34000 66.76000 13.91000 55.49300
14 12 20 07 57 15758.90000 4.98900000 482.34000 66.76000 13.91000 55.49300
14 12 20 07 58 15759.90000 4.98900000 482.41000 66.76000 13.91000 55.49300
14 12 20 07 58 15759.90000 4.98900000 482.45000 66.69000 13.82100 55.49300
14 12 20 07 58 15758.30000 4.98900000 482.45000 66.69000 13.82100 55.49300
14 12 20 07 59 15758.00000 4.98900000 482.45000 66.70000 13.82100 55.49300
14 12 20 07 59 15757.70000 4.98900000 482.36000 66.69000 13.82100 55.49300
14 12 20 08 00 15759.90000 4.98900000 482.36000 66.67000 13.82100 55.49300
14 12 20 08 00 15755.20000 4.98900000 482.25000 66.67000 13.82100 55.49300
14 12 20 08 01 15753.40000 4.98900000 481.99000 66.67000 13.87200 55.49300
14 12 20 08 01 15750.80000 4.98900000 482.11000 66.67000 13.92200 55.49300
14 12 20 08 01 15750.80000 4.98900000 482.12000 66.67000 13.92200 55.49300
14 12 20 08 02 15750.80000 4.98900000 482.12000 66.66000 13.92200 55.56400
14 12 20 08 02 15750.90000 4.98900000 481.95000 66.66000 13.92200 55.56400
14 12 20 08 03 15752.40000 4.98900000 481.97000 66.66000 13.92200 55.56400
14 12 20 08 03 15752.40000 4.98900000 482.00000 66.66000 13.92200 55.56400
14 12 20 08 04 15754.00000 4.98900000 482.66000 66.66000 13.92200 55.56400
14 12 20 08 04 15760.00000 4.98900000 483.17000 66.86000 13.92200 55.56400
14 12 20 08 04 15760.00000 4.98900000 483.17000 66.86000 13.92200 55.56400
14 12 20 08 05 15766.40000 4.98900000 483.48000 66.90000 13.92200 55.56400
14 12 20 08 05 15777.60000 4.98900000 483.43000 66.90000 13.92200 55.56400
14 12 20 08 06 15779.00000 4.98900000 483.43000 66.90000 13.92200 55.56400
14 12 20 08 06 15780.00000 4.98900000 483.43000 66.90000 13.92200 55.56400
14 12 20 08 07 15780.00000 4.98900000 483.38000 66.92000 13.92200 55.56400
14 12 20 08 07 15780.00000 4.98900000 483.38000 66.93000 13.92200 55.56400
14 12 20 08 07 15780.00000 4.98900000 483.55000 66.93000 13.92200 55.56400
14 12 20 08 08 15780.00000 4.98900000 483.55000 66.93000 13.92200 55.56400
14 12 20 08 08 15780.00000 4.98900000 483.66000 66.93000 13.92200 55.56400
14 12 20 08 09 15780.00000 4.98900000 483.80000 66.93000 13.92200 55.56400
14 12 20 08 09 15780.00000 4.98900000 483.82000 66.93000 13.92200 55.56400
14 12 20 08 09 15780.00000 4.98900000 484.02000 66.99000 13.92200 55.56400
14 12 20 08 10 15801.00000 4.98900000 484.10000 67.06000 13.92200 55.56400
14 12 20 08 10 15807.40000 4.98900000 485.16000 67.16000 13.92200 55.56400
14 12 20 08 11 15808.70000 4.98900000 484.73000 67.13000 13.92200 55.66200
14 12 20 08 11 15809.90000 4.98900000 484.65000 67.13000 13.92200 55.66200
14 12 20 08 12 15819.40000 4.98900000 484.66000 67.13000 13.92200 55.66200
14 12 20 08 12 15819.30000 4.98900000 484.62000 67.13000 13.92200 55.65100
14 12 20 08 12 15819.40000 4.98900000 484.62000 67.13000 13.92200 55.65100
14 12 20 08 13 15819.40000 4.98900000 484.59000 67.13000 13.92200 55.65100
14 12 20 08 13 15811.10000 4.98900000 484.66000 67.13000 13.92200 55.65100
14 12 20 08 14 15814.60000 4.98900000 484.75000 67.10000 13.92200 55.65100
14 12 20 08 14 15812.90000 4.98900000 484.00000 67.10000 13.92200 55.65100
14 12 20 08 15 15812.90000 4.98900000 483.99000 67.10000 13.92200 55.65100
14 12 20 08 15 15814.70000 4.98900000 484.54000 67.10000 13.92200 55.65100
14 12 20 08 15 15812.90000 4.98900000 484.57000 67.10000 13.92200 55.69100
14 12 20 08 16 15813.00000 4.98900000 484.57000 67.10000 13.92200 55.69100
14 12 20 08 16 15813.00000 4.98900000 483.93000 67.09000 13.92200 55.69100
14 12 20 08 17 15813.00000 4.98900000 483.93000 67.09000 13.92200 55.69100
14 12 20 08 17 15813.00000 4.98900000 483.93000 67.09000 13.92200 55.69100
14 12 20 08 18 15813.60000 4.98900000 484.05000 67.09000 13.92200 55.69100
14 12 20 08 18 15812.90000 4.98900000 484.05000 67.08000 13.92200 55.69100
14 12 20 08 18 15812.90000 4.98900000 483.82000 67.08000 13.92200 55.69100
14 12 20 08 19 15812.90000 4.98900000 483.79000 67.08000 13.92200 55.69100
14 12 20 08 19 15813.30000 4.98900000 483.82000 67.08000 13.92200 55.69100
14 12 20 08 20 15813.30000 4.98900000 483.90000 67.08000 13.92200 55.69100
14 12 20 08 20 15812.70000 4.98900000 483.90000 67.09000 13.92200 55.69100
14 12 20 08 21 15801.10000 4.98900000 483.53000 67.09000 13.92200 55.69100
14 12 20 08 21 15802.10000 4.98900000 483.50000 67.09000 13.92200 55.69100
14 12 20 08 21 15801.60000 4.98900000 483.50000 67.08000 13.92200 55.69100
14 12 20 08 22 15793.20000 4.98900000 483.50000 67.02000 13.92200 55.69100
14 12 20 08 22 15784.90000 4.98900000 483.00000 66.93000 13.92200 55.69100
14 12 20 08 23 15787.20000 4.98900000 482.80000 66.93000 13.92200 55.69100
14 12 20 08 23 15789.30000 4.98900000 482.80000 66.87000 13.92200 55.69100
14 12 20 08 24 15796.10000 4.98900000 482.92000 66.87000 13.92200 55.69100
14 12 20 08 24 15800.90000 4.98900000 483.08000 66.87000 13.92200 55.69100
14 12 20 08 24 15800.30000 4.98900000 483.08000 66.87000 13.92200 55.69100
14 12 20 08 25 15798.00000 4.98900000 482.79000 66.87000 13.92200 55.69100
14 12 20 08 25 15799.00000 4.98900000 482.79000 66.87000 13.92200 55.69100
14 12 20 08 26 15797.10000 4.98900000 482.87000 66.87000 13.92200 55.69100
14 12 20 08 26 15802.10000 4.98900000 483.04000 66.98000 13.92200 55.69100
14 12 20 08 27 15805.20000 4.98900000 483.37000 67.02000 13.92200 55.69100
14 12 20 08 27 15806.80000 4.98900000 483.53000 67.13000 13.92200 55.69100
14 12 20 08 27 15804.80000 4.98900000 483.53000 67.13000 13.92200 55.69100
14 12 20 08 28 15798.20000 4.98900000 483.53000 67.14000 13.92200 55.69100
14 12 20 08 28 15796.50000 4.98900000 483.30000 67.07000 13.92200 55.69100
14 12 20 08 29 15793.60000 4.98900000 483.07000 67.05000 13.92200 55.69100
14 12 20 08 29 15788.30000 4.98900000 482.88000 66.96000 13.92200 55.69100
14 12 20 08 30 15795.80000 4.98900000 482.95000 66.95000 13.92200 55.69100
14 12 20 08 30 15795.90000 4.98900000 483.10000 66.98000 13.92200 55.69100
14 12 20 08 30 15789.60000 4.98900000 483.10000 66.90000 13.92200 55.69100
14 12 20 08 31 15793.90000 4.98900000 483.10000 66.96000 13.92200 55.69100
14 12 20 08 31 15792.80000 4.98900000 482.90000 66.98000 13.92200 55.69100
14 12 20 08 32 15796.50000 4.98900000 482.90000 66.98000 13.92200 55.69100
14 12 20 08 32 15803.60000 4.98900000 483.30000 66.98000 13.92200 55.69100
14 12 20 08 33 15804.20000 4.98900000 483.30000 66.98000 13.92200 55.66000
14 12 20 08 33 15809.10000 4.98900000 483.30000 66.99000 13.92200 55.66000
14 12 20 08 33 15803.20000 4.98900000 483.27000 66.99000 13.92200 55.66000
14 12 20 08 34 15810.90000 4.98900000 483.22000 66.99000 13.92200 55.66000
14 12 20 08 34 15813.40000 4.98900000 483.22000 66.99000 13.92200 55.66000
14 12 20 08 35 15809.70000 4.98900000 483.66000 66.99000 13.92200 55.66000
14 12 20 08 35 15803.70000 4.98900000 483.61000 66.99000 13.92200 55.66000
14 12 20 08 36 15806.60000 4.97500000 483.52000 66.96000 13.92200 55.66000
14 12 20 08 36 15805.80000 4.97500000 483.52000 66.96000 13.92200 55.66000
14 12 20 08 36 15807.00000 4.97500000 483.52000 66.96000 13.92200 55.66000
14 12 20 08 37 15808.60000 4.97500000 483.51000 66.96000 13.92200 55.66000
14 12 20 08 37 15811.00000 4.97500000 483.51000 66.96000 13.92200 55.66000
14 12 20 08 38 15811.80000 4.97500000 483.51000 67.00000 14.10100 55.66000
14 12 20 08 38 15815.90000 4.97500000 483.55000 66.99000 14.10100 55.66000
14 12 20 08 39 15818.30000 4.97500000 483.55000 66.99000 14.10100 55.59100
14 12 20 08 39 15824.60000 4.97500000 483.97000 67.00000 14.10100 55.58200
14 12 20 08 39 15828.30000 4.97500000 484.00000 67.00000 14.10100 55.63100
14 12 20 08 40 15830.80000 4.97500000 483.99000 67.05000 14.10100 55.63100
14 12 20 08 40 15829.50000 4.97500000 483.99000 67.05000 14.10100 55.63100
14 12 20 08 41 15832.50000 4.97500000 484.00000 67.13000 14.10100 55.63100
14 12 20 08 41 15833.30000 4.97500000 484.00000 67.12000 14.10100 55.63100
14 12 20 08 42 15831.00000 4.97500000 484.10000 67.12000 14.10100 55.63100
