M=[
30 6 21 07 54 29608.60000 50.39300000 1815.69000 120.03000 20.44000 106.39100
30 6 21 07 55 29608.80000 50.63400000 1815.90000 120.03000 20.44000 106.39100
30 6 21 07 55 29608.00000 50.63400000 1814.88000 119.98000 20.44000 106.39100
30 6 21 07 56 29608.10000 50.63400000 1814.88000 119.98000 20.44000 106.52700
30 6 21 07 56 29621.70000 50.62100000 1814.87000 119.98000 20.44000 106.52700
30 6 21 07 56 29633.20000 50.74200000 1813.59000 120.13000 20.44000 106.52700
30 6 21 07 57 29633.20000 50.74200000 1814.77000 120.13000 20.44000 106.52700
30 6 21 07 57 29633.10000 50.77700000 1814.35000 120.13000 20.45700 106.52700
30 6 21 07 58 29633.20000 50.75500000 1813.83000 120.13000 20.45700 106.52700
30 6 21 07 58 29633.20000 51.00000000 1815.93000 120.13000 20.45700 106.52700
30 6 21 07 59 29635.30000 51.20000000 1816.16000 120.13000 20.45700 106.52700
30 6 21 07 59 29633.10000 51.14600000 1816.24000 120.13000 20.45700 106.52700
30 6 21 07 59 29637.20000 51.20000000 1816.24000 120.13000 20.44000 106.52700
30 6 21 08 00 29652.40000 51.35800000 1818.54000 120.13000 20.44000 106.52700
30 6 21 08 00 29633.20000 51.16900000 1817.47000 120.13000 20.45700 106.52700
30 6 21 08 01 29633.30000 51.35900000 1816.24000 120.13000 20.44000 106.52700
30 6 21 08 01 29633.30000 51.47200000 1816.72000 120.13000 20.44000 106.52700
30 6 21 08 02 29603.70000 51.25800000 1813.70000 120.15000 20.44000 106.52700
30 6 21 08 02 29599.60000 51.08400000 1816.11000 119.92000 20.44000 106.52700
30 6 21 08 02 29597.80000 51.18400000 1815.38000 119.92000 20.44000 106.52700
30 6 21 08 03 29597.60000 51.13200000 1814.51000 120.01000 20.48100 106.52700
30 6 21 08 03 29585.80000 51.13200000 1815.10000 120.01000 20.48100 106.52700
30 6 21 08 04 29590.80000 51.25500000 1814.61000 120.09000 20.44000 106.52700
30 6 21 08 04 29591.30000 51.25500000 1816.26000 120.09000 20.44000 106.52700
30 6 21 08 05 29593.80000 51.45400000 1817.33000 120.09000 20.45400 106.52700
30 6 21 08 05 29596.00000 51.41800000 1817.33000 120.09000 20.44000 106.52700
30 6 21 08 05 29573.00000 51.26500000 1816.40000 120.09000 20.44100 106.52700
30 6 21 08 06 29573.20000 51.32200000 1816.08000 120.09000 20.44100 106.52700
30 6 21 08 06 29582.50000 51.38000000 1817.23000 120.09000 20.44100 106.52700
30 6 21 08 07 29573.80000 51.43400000 1815.23000 120.09000 20.44100 106.52700
30 6 21 08 07 29589.40000 51.50000000 1817.10000 119.87000 20.44000 106.52700
30 6 21 08 08 29576.50000 51.67500000 1816.67000 119.87000 20.44000 106.52700
30 6 21 08 08 29570.90000 51.59700000 1816.67000 119.87000 20.44000 106.52700
30 6 21 08 08 29570.30000 51.65500000 1815.91000 119.87000 20.44000 106.52700
30 6 21 08 09 29570.40000 51.60500000 1815.01000 119.87000 20.47000 106.52700
30 6 21 08 09 29570.40000 51.60200000 1816.35000 119.87000 20.47000 106.52700
30 6 21 08 10 29570.40000 51.60200000 1817.26000 119.87000 20.47000 106.52700
30 6 21 08 10 29570.40000 51.60200000 1817.71000 120.05000 20.47000 106.52700
30 6 21 08 11 29570.40000 51.50900000 1817.50000 120.05000 20.47000 106.52700
30 6 21 08 11 29596.00000 51.33000000 1817.19000 120.05000 20.44000 106.52700
30 6 21 08 11 29596.00000 51.37700000 1816.20000 120.05000 20.44000 106.52700
30 6 21 08 12 29596.00000 51.34600000 1816.50000 120.05000 20.44000 106.52700
30 6 21 08 12 29596.00000 51.22700000 1816.26000 119.95000 20.43200 106.52700
30 6 21 08 13 29563.40000 51.22700000 1816.26000 119.95000 20.23200 106.52700
30 6 21 08 13 29563.40000 51.13200000 1815.67000 119.88000 20.23200 106.52700
30 6 21 08 14 29563.50000 51.13200000 1816.54000 119.88000 20.14700 106.52700
30 6 21 08 14 29563.40000 51.13200000 1816.86000 119.88000 20.22400 106.52700
30 6 21 08 14 29563.50000 51.12000000 1816.57000 119.88000 20.22400 106.52700
30 6 21 08 15 29563.60000 51.00000000 1817.09000 120.01000 20.22400 106.52700
30 6 21 08 15 29563.50000 50.77400000 1815.67000 119.88000 20.22400 106.52700
30 6 21 08 16 29569.20000 50.83700000 1815.67000 119.88000 20.22400 106.52700
30 6 21 08 16 29563.50000 50.83700000 1812.46000 119.88000 20.22400 106.52700
30 6 21 08 17 29563.50000 50.78100000 1812.48000 119.88000 20.22400 106.52700
30 6 21 08 17 29563.50000 50.71500000 1812.46000 119.88000 20.22400 106.52700
30 6 21 08 17 29563.70000 50.81900000 1812.00000 119.88000 20.22400 106.52700
30 6 21 08 18 29563.70000 50.69300000 1810.38000 119.88000 20.22400 106.52700
30 6 21 08 18 29563.60000 50.64700000 1810.33000 119.68000 20.22400 106.52700
30 6 21 08 19 29563.70000 50.64500000 1810.84000 119.75000 20.22400 106.52700
30 6 21 08 19 29563.70000 50.69500000 1810.86000 119.75000 20.22400 106.52700
30 6 21 08 20 29563.60000 50.69500000 1810.86000 119.75000 20.22400 106.52700
30 6 21 08 20 29563.70000 50.69500000 1810.86000 119.75000 20.00000 106.45800
30 6 21 08 20 29563.70000 50.90100000 1812.68000 119.75000 19.84200 106.45800
30 6 21 08 21 29575.00000 51.12600000 1815.51000 119.83000 19.81300 106.45800
30 6 21 08 21 29603.50000 51.29000000 1817.26000 119.83000 19.81300 106.45800
30 6 21 08 22 29605.60000 51.30000000 1818.00000 120.00000 19.97900 106.45800
30 6 21 08 22 29618.40000 51.16100000 1817.90000 120.00000 19.98800 106.45800
30 6 21 08 23 29620.20000 51.18100000 1820.35000 120.00000 19.98800 106.45800
30 6 21 08 23 29630.10000 51.19200000 1820.42000 120.00000 19.98800 106.45800
30 6 21 08 23 29630.10000 51.17300000 1819.06000 119.95000 19.98800 106.45800
30 6 21 08 24 29630.10000 51.12000000 1818.89000 119.92000 19.98800 106.45800
30 6 21 08 24 29630.10000 51.12000000 1818.21000 119.92000 19.98800 106.45800
30 6 21 08 25 29638.20000 51.06700000 1818.94000 119.92000 19.98800 106.45800
30 6 21 08 25 29644.20000 51.06700000 1819.72000 119.92000 19.98800 106.40000
30 6 21 08 26 29653.30000 51.06700000 1819.59000 119.92000 19.98800 106.40000
30 6 21 08 26 29639.00000 50.94500000 1817.36000 120.04000 19.98800 106.40000
30 6 21 08 26 29639.00000 50.90600000 1816.53000 120.04000 19.82300 106.40000
30 6 21 08 27 29639.00000 50.80200000 1817.01000 119.85000 19.82300 106.40000
30 6 21 08 27 29638.30000 50.80200000 1817.30000 119.85000 19.82300 106.40000
30 6 21 08 28 29630.90000 51.11400000 1820.14000 120.04000 19.76900 106.40000
30 6 21 08 28 29627.30000 51.11400000 1819.69000 119.98000 19.87700 106.40000
30 6 21 08 28 29625.10000 51.11400000 1819.04000 119.98000 19.87700 106.40000
30 6 21 08 29 29625.10000 51.11400000 1817.36000 119.98000 19.87700 106.40000
30 6 21 08 29 29625.10000 50.92600000 1817.36000 119.98000 19.87700 106.40000
30 6 21 08 30 29625.10000 50.84600000 1817.01000 119.84000 19.87700 106.40000
30 6 21 08 30 29625.10000 50.85200000 1819.30000 119.84000 19.87200 106.40000
30 6 21 08 31 29636.50000 51.02300000 1819.66000 119.84000 19.87200 106.40000
30 6 21 08 31 29652.90000 50.96400000 1820.92000 119.84000 19.87200 106.40000
30 6 21 08 31 29644.50000 50.96400000 1820.92000 119.84000 19.85200 106.40000
30 6 21 08 32 29653.90000 50.96400000 1820.73000 119.84000 19.85200 106.40000
30 6 21 08 32 29654.00000 51.12600000 1821.35000 120.04000 19.85200 106.40000
30 6 21 08 33 29654.00000 51.12600000 1822.96000 120.04000 19.85200 106.40000
30 6 21 08 33 29662.00000 51.12600000 1823.55000 120.10000 19.85200 106.40000
30 6 21 08 34 29665.10000 51.12600000 1821.01000 120.10000 19.85200 106.40000
30 6 21 08 34 29696.50000 51.24600000 1821.03000 120.10000 19.85200 106.40000
30 6 21 08 34 29678.10000 51.24600000 1819.31000 120.16000 19.85200 106.40000
30 6 21 08 35 29641.20000 51.05400000 1816.36000 120.16000 19.85200 106.40000
30 6 21 08 35 29595.60000 51.01400000 1814.42000 120.16000 19.85200 106.40000
30 6 21 08 36 29595.50000 50.91000000 1814.42000 119.84000 19.85200 106.40000
30 6 21 08 36 29572.70000 50.72500000 1813.15000 119.84000 19.85200 106.40000
30 6 21 08 37 29572.60000 50.63900000 1813.42000 119.54000 19.85200 106.40000
30 6 21 08 37 29578.60000 50.72700000 1814.99000 119.54000 19.85200 106.40000
30 6 21 08 37 29583.20000 50.73600000 1814.99000 119.64000 19.85200 106.40000
