M=[
17 9 20 01 28 9360.80000 5.19200000 326.32000 41.79000 14.08500 50.79200
17 9 20 01 28 9361.70000 5.19200000 326.59000 41.79000 14.08500 50.79200
17 9 20 01 28 9361.30000 5.19200000 326.14000 41.79000 14.18300 50.79200
17 9 20 01 29 9361.30000 5.19200000 326.06000 41.79000 14.18300 50.79200
17 9 20 01 29 9361.30000 5.19200000 325.62000 41.79000 14.40100 50.79200
17 9 20 01 30 9361.30000 5.19200000 325.42000 41.79000 14.40100 50.79200
17 9 20 01 30 9358.70000 5.19200000 325.76000 41.79000 14.40200 50.79200
17 9 20 01 31 9358.70000 5.19200000 325.37000 41.84000 14.40200 50.79200
17 9 20 01 31 9352.00000 5.19200000 324.68000 41.84000 14.38400 50.79200
17 9 20 01 32 9346.80000 5.19200000 324.63000 41.84000 14.40200 50.79200
17 9 20 01 32 9342.80000 5.19200000 324.12000 41.84000 14.40200 50.79200
17 9 20 01 32 9342.90000 5.19200000 324.12000 41.84000 14.40200 50.79200
17 9 20 01 33 9342.00000 5.19200000 324.19000 41.84000 14.40200 50.79200
17 9 20 01 33 9342.00000 5.19200000 324.20000 41.84000 14.40200 50.79200
17 9 20 01 34 9343.50000 5.19200000 324.81000 41.84000 14.40200 50.79200
17 9 20 01 34 9349.70000 5.19200000 324.66000 41.84000 14.40200 50.79200
17 9 20 01 35 9344.50000 5.19200000 324.28000 41.84000 14.40200 50.79200
17 9 20 01 35 9342.00000 5.19200000 324.26000 41.84000 14.40200 50.79200
17 9 20 01 35 9342.90000 5.19200000 324.26000 41.62000 14.40200 50.79200
17 9 20 01 36 9342.10000 5.19200000 324.26000 41.62000 14.40200 50.79200
17 9 20 01 36 9346.20000 5.19200000 324.49000 41.62000 14.40200 50.79200
17 9 20 01 37 9342.50000 5.19200000 324.04000 41.62000 14.40200 50.40300
17 9 20 01 37 9347.10000 5.19200000 323.92000 41.62000 14.40200 50.40300
17 9 20 01 38 9347.10000 5.19200000 324.38000 41.62000 14.40200 50.40300
17 9 20 01 38 9348.80000 5.19200000 324.38000 41.62000 14.40200 50.40300
17 9 20 01 38 9347.60000 5.19200000 324.38000 41.62000 14.40200 50.40300
17 9 20 01 39 9347.60000 5.19200000 324.24000 41.62000 14.40200 50.40300
17 9 20 01 39 9347.60000 5.19200000 324.16000 41.62000 14.40200 50.40300
17 9 20 01 40 9347.90000 5.19200000 323.86000 41.62000 14.41000 50.40300
17 9 20 01 40 9347.90000 5.19200000 323.86000 41.62000 14.41000 50.40300
17 9 20 01 41 9347.90000 5.19200000 323.86000 41.62000 14.41000 50.40300
17 9 20 01 41 9347.50000 5.19200000 323.86000 41.62000 14.41000 50.40300
17 9 20 01 41 9347.60000 5.19200000 323.86000 41.62000 14.41000 50.40300
17 9 20 01 42 9345.40000 5.19200000 323.90000 41.62000 14.41000 50.40300
17 9 20 01 42 9347.00000 5.19200000 323.91000 41.62000 14.42000 50.40300
17 9 20 01 43 9347.00000 5.19200000 324.10000 41.62000 14.42000 50.40300
17 9 20 01 43 9348.60000 5.19200000 324.10000 41.62000 14.42000 50.40300
17 9 20 01 44 9348.60000 5.19200000 324.10000 41.62000 14.42000 50.40300
17 9 20 01 44 9348.60000 5.19200000 324.30000 41.62000 14.41200 50.40300
17 9 20 01 45 9353.60000 5.19200000 324.30000 41.72000 14.41200 50.59900
17 9 20 01 45 9355.80000 5.19200000 324.30000 41.72000 14.28700 50.59900
17 9 20 01 45 9355.90000 5.19200000 324.50000 41.72000 14.28700 50.65900
17 9 20 01 46 9349.50000 5.19200000 324.51000 41.73000 14.28700 50.65900
17 9 20 01 46 9349.50000 5.19200000 324.51000 41.73000 14.28700 50.65900
17 9 20 01 47 9348.40000 5.19200000 324.51000 41.73000 14.28700 50.65900
17 9 20 01 47 9348.40000 5.19200000 323.88000 41.73000 14.28700 50.65900
17 9 20 01 48 9343.90000 5.19200000 323.82000 41.64000 14.28700 50.65900
17 9 20 01 48 9342.90000 5.19200000 323.18000 41.64000 14.28700 50.65900
17 9 20 01 48 9339.20000 5.19200000 322.81000 41.64000 14.28700 50.49100
17 9 20 01 49 9339.20000 5.19200000 321.96000 41.58000 14.28700 50.49100
17 9 20 01 49 9337.40000 5.19200000 322.27000 41.58000 14.28700 50.49100
17 9 20 01 50 9334.50000 5.19200000 322.25000 41.58000 14.28700 50.49100
17 9 20 01 50 9328.10000 5.19200000 322.44000 41.56000 14.36800 50.49100
17 9 20 01 51 9330.80000 5.19200000 322.38000 41.56000 14.36800 50.49100
17 9 20 01 51 9330.10000 5.19200000 322.47000 41.56000 14.36800 50.49100
17 9 20 01 52 9329.30000 5.19200000 322.20000 41.56000 14.36800 50.49100
17 9 20 01 52 9330.90000 5.19200000 322.20000 41.59000 14.36800 50.49100
17 9 20 01 52 9330.90000 5.19200000 322.04000 41.59000 14.36800 50.49100
17 9 20 01 53 9329.40000 5.19200000 321.89000 41.59000 14.36800 50.49100
17 9 20 01 53 9329.40000 5.19200000 321.89000 41.59000 14.36800 50.49100
17 9 20 01 54 9332.70000 5.19200000 321.89000 41.59000 14.36800 50.49100
17 9 20 01 54 9333.70000 5.19200000 322.63000 41.59000 14.36800 50.49100
17 9 20 01 55 9333.70000 5.19200000 322.63000 41.59000 14.36800 50.49100
17 9 20 01 55 9332.90000 5.19200000 322.63000 41.59000 14.36800 50.49100
17 9 20 01 55 9345.20000 5.19200000 322.97000 41.59000 14.36800 50.49100
17 9 20 01 56 9343.30000 5.19200000 323.06000 41.59000 14.36800 50.49100
17 9 20 01 56 9333.50000 5.19200000 322.74000 41.63000 14.36800 50.49100
17 9 20 01 57 9333.50000 5.19200000 322.84000 41.63000 14.36800 50.49100
17 9 20 01 57 9333.60000 5.19200000 322.79000 41.63000 14.36800 50.49100
17 9 20 01 58 9333.60000 5.19200000 323.08000 41.63000 14.36800 50.49100
17 9 20 01 58 9333.50000 5.19200000 323.08000 41.63000 14.36800 50.49100
17 9 20 01 58 9333.50000 5.19200000 323.08000 41.63000 14.36800 50.49100
17 9 20 01 59 9327.00000 5.19200000 323.08000 41.63000 14.36800 50.49100
17 9 20 01 59 9324.60000 5.19200000 323.08000 41.63000 14.36800 50.49100
17 9 20 02 00 9319.00000 5.19200000 322.53000 41.63000 14.36800 50.49100
17 9 20 02 00 9316.80000 5.19200000 322.53000 41.63000 14.36800 50.49100
17 9 20 02 01 9298.70000 5.19200000 321.85000 41.63000 14.36800 50.49100
17 9 20 02 01 9301.70000 5.19200000 321.85000 41.63000 14.36800 50.17500
17 9 20 02 02 9301.80000 5.19200000 322.13000 41.63000 14.36800 50.17500
17 9 20 02 02 9301.80000 5.19200000 321.80000 41.51000 14.36800 50.17500
17 9 20 02 03 9299.30000 5.19200000 321.80000 41.51000 14.36800 50.17500
17 9 20 02 03 9302.40000 5.19200000 321.63000 41.51000 14.15100 50.17500
17 9 20 02 03 9298.50000 5.19200000 321.63000 41.51000 14.15100 50.15600
17 9 20 02 04 9298.50000 5.19200000 321.50000 41.51000 14.15100 50.08100
17 9 20 02 04 9303.90000 5.19200000 321.50000 41.51000 14.15100 50.08100
17 9 20 02 05 9303.90000 5.19200000 321.55000 41.51000 14.15100 50.08100
17 9 20 02 05 9299.90000 5.19200000 321.55000 41.51000 14.15100 50.08100
17 9 20 02 06 9299.20000 5.19200000 321.55000 41.42000 14.15100 50.08100
17 9 20 02 06 9292.40000 5.19200000 321.31000 41.42000 13.97000 50.08100
17 9 20 02 07 9303.60000 5.19200000 321.31000 41.42000 13.97000 50.08100
17 9 20 02 07 9309.00000 5.19200000 321.31000 41.42000 13.96900 50.08100
17 9 20 02 07 9303.20000 5.19200000 321.31000 41.40000 13.96900 50.08100
17 9 20 02 08 9298.90000 5.19200000 321.16000 41.40000 13.96900 50.08100
17 9 20 02 08 9299.80000 5.19200000 321.16000 41.40000 13.92700 50.08100
17 9 20 02 09 9295.30000 5.19200000 321.20000 41.39000 13.92700 50.08100
17 9 20 02 09 9293.10000 5.19200000 320.56000 41.39000 13.92700 50.08100
17 9 20 02 10 9288.80000 5.19200000 319.61000 41.30000 13.92700 50.08100
17 9 20 02 10 9288.80000 5.19200000 320.08000 41.27000 13.92700 50.08100
17 9 20 02 11 9288.80000 5.19200000 319.84000 41.27000 13.92700 49.92500
17 9 20 02 11 9288.80000 5.19200000 320.00000 41.27000 13.92700 49.92500
17 9 20 02 11 9288.80000 5.19200000 320.00000 41.27000 13.92700 49.92500
17 9 20 02 12 9288.80000 5.19200000 320.48000 41.27000 13.92700 49.92500
17 9 20 02 12 9289.00000 5.19200000 320.48000 41.27000 13.92700 49.92500
17 9 20 02 13 9288.90000 5.19200000 320.48000 41.27000 13.92700 49.92500
17 9 20 02 13 9288.90000 5.19200000 321.11000 41.27000 13.92700 49.92500
17 9 20 02 14 9288.90000 5.19200000 321.11000 41.27000 13.92700 49.92500
17 9 20 02 14 9288.90000 5.19200000 321.11000 41.27000 13.92700 49.92500
17 9 20 02 14 9282.00000 5.19200000 320.73000 41.27000 13.92700 49.92500
17 9 20 02 15 9279.50000 5.19200000 320.73000 41.27000 13.92700 49.92500
