M=[
24 4 21 10 36 41160.10000 25.37800000 1859.35000 189.23000 30.04100 172.17600
24 4 21 10 37 41200.00000 25.44300000 1861.56000 189.23000 30.04100 172.17600
24 4 21 10 37 41228.40000 25.44300000 1862.97000 189.23000 30.04100 171.91800
24 4 21 10 38 41158.20000 25.44300000 1859.00000 188.95000 30.04100 171.91800
24 4 21 10 38 41177.50000 25.44300000 1859.00000 189.69000 30.04100 171.91800
24 4 21 10 39 41159.90000 25.44300000 1857.53000 189.69000 30.04100 171.91800
24 4 21 10 39 41151.00000 25.29700000 1854.03000 189.27000 30.04100 171.91800
24 4 21 10 39 41127.10000 25.29700000 1853.48000 189.27000 30.04100 171.91800
24 4 21 10 40 41099.80000 25.29700000 1851.18000 188.81000 30.00200 171.91800
24 4 21 10 40 41133.80000 25.29700000 1853.58000 189.05000 30.00200 171.91800
24 4 21 10 41 41156.10000 25.29700000 1857.88000 189.29000 30.00200 171.91800
24 4 21 10 41 41100.60000 25.29700000 1853.61000 189.29000 30.00200 171.91800
24 4 21 10 42 41169.70000 25.29700000 1854.48000 189.09000 30.00200 171.91800
24 4 21 10 42 41145.50000 25.29700000 1852.24000 189.03000 30.00200 171.91800
24 4 21 10 42 41129.00000 25.29700000 1851.76000 189.03000 30.00200 171.36700
24 4 21 10 43 41134.40000 25.29700000 1851.98000 189.03000 30.00200 171.36700
24 4 21 10 43 41135.30000 25.29700000 1851.02000 189.03000 30.00200 171.36700
24 4 21 10 44 41141.50000 25.29100000 1850.61000 189.03000 30.00200 171.36700
24 4 21 10 44 41125.00000 25.29100000 1847.83000 188.52000 30.00200 171.36700
24 4 21 10 45 41064.30000 25.21200000 1843.95000 188.12000 30.00200 171.36700
24 4 21 10 45 41041.70000 25.21200000 1842.78000 188.34000 30.00200 170.54800
24 4 21 10 45 41020.00000 25.21200000 1841.30000 187.72000 30.00200 170.34000
24 4 21 10 46 40987.40000 25.21200000 1839.50000 187.67000 30.00200 170.34000
24 4 21 10 46 40970.50000 25.09300000 1839.33000 187.37000 30.00100 170.34000
24 4 21 10 47 40995.70000 25.15000000 1841.46000 187.76000 30.00100 170.34000
24 4 21 10 47 41015.70000 25.15000000 1844.73000 188.19000 30.00100 170.79800
24 4 21 10 48 40974.00000 25.15500000 1841.50000 187.85000 30.00100 170.79800
24 4 21 10 48 40983.20000 25.07400000 1839.42000 187.92000 30.00100 170.79800
24 4 21 10 48 40978.70000 25.07400000 1839.97000 187.92000 30.00100 169.63700
24 4 21 10 49 41048.90000 25.07400000 1843.96000 187.86000 30.00100 169.63700
24 4 21 10 49 41090.00000 25.07400000 1848.65000 189.00000 30.00100 169.63700
24 4 21 10 50 41146.90000 25.22900000 1848.34000 189.15000 30.00000 169.63700
24 4 21 10 50 41136.30000 25.22900000 1851.00000 189.16000 30.00000 169.63700
24 4 21 10 51 41181.20000 25.22900000 1853.26000 189.20000 30.00000 169.63700
24 4 21 10 51 41200.00000 25.26500000 1855.16000 189.14000 30.00000 169.63700
24 4 21 10 51 41200.80000 25.38500000 1854.71000 188.91000 30.15600 169.63700
24 4 21 10 52 41226.90000 25.38500000 1848.84000 188.73000 30.15600 171.36200
24 4 21 10 52 41168.70000 25.38500000 1849.11000 188.30000 30.15600 171.36200
24 4 21 10 53 41100.40000 25.38500000 1844.56000 188.19000 30.15600 171.36200
24 4 21 10 53 41081.90000 25.38500000 1845.05000 187.88000 30.15600 171.36200
24 4 21 10 54 41083.10000 25.38500000 1844.25000 187.88000 29.89800 170.53700
24 4 21 10 54 41029.20000 25.38500000 1843.09000 187.80000 29.89800 170.53700
24 4 21 10 54 41020.00000 25.38500000 1840.48000 187.62000 29.89800 170.53700
24 4 21 10 55 40981.10000 25.00800000 1836.30000 187.26000 29.89800 169.53000
24 4 21 10 55 40931.60000 24.79000000 1831.95000 186.64000 29.89800 169.53000
24 4 21 10 56 40918.10000 24.79000000 1827.15000 186.48000 29.89800 169.10300
24 4 21 10 56 40999.90000 24.87600000 1833.92000 187.48000 29.89800 169.54900
24 4 21 10 57 41014.20000 24.87600000 1830.83000 187.14000 29.89800 169.54900
24 4 21 10 57 41037.10000 24.87600000 1836.61000 187.35000 29.89800 169.25400
24 4 21 10 57 41032.30000 24.87600000 1834.21000 187.35000 29.89800 169.25400
24 4 21 10 58 41011.90000 25.02200000 1831.72000 186.97000 29.89800 169.34100
24 4 21 10 58 41023.60000 24.96900000 1833.61000 187.01000 29.89800 169.34100
24 4 21 10 59 41011.80000 24.96900000 1832.98000 187.01000 29.89800 169.34100
24 4 21 10 59 40977.80000 24.90500000 1828.37000 186.57000 29.89800 169.34100
24 4 21 11 00 40919.90000 24.90500000 1824.90000 186.13000 29.89800 169.34100
24 4 21 11 00 40806.00000 24.76300000 1823.31000 185.50000 29.73200 168.26500
24 4 21 11 00 40847.20000 24.73700000 1827.76000 186.02000 29.73200 168.26500
24 4 21 11 01 40910.60000 24.73700000 1831.82000 186.65000 29.73200 168.26500
24 4 21 11 01 40954.90000 24.81700000 1836.19000 186.65000 29.73200 168.26500
24 4 21 11 02 40988.00000 24.90500000 1835.98000 187.28000 29.73200 169.38200
24 4 21 11 02 40938.70000 24.90500000 1831.04000 186.70000 29.73200 169.38200
24 4 21 11 03 40948.30000 24.90500000 1828.98000 186.77000 29.73200 169.38200
24 4 21 11 03 40900.00000 24.90500000 1824.90000 186.77000 29.73200 169.38200
24 4 21 11 03 40849.10000 24.90500000 1823.83000 185.62000 29.73200 169.38200
24 4 21 11 04 40767.50000 24.61000000 1820.01000 185.05000 29.69800 168.00300
24 4 21 11 04 40731.80000 24.50200000 1817.06000 184.66000 29.69800 168.00300
24 4 21 11 05 40759.70000 24.50200000 1822.13000 184.78000 29.69800 168.00300
24 4 21 11 05 40750.10000 24.50200000 1818.18000 184.69000 29.69800 168.00300
24 4 21 11 06 40770.80000 24.50200000 1818.33000 185.11000 29.69800 168.00300
24 4 21 11 06 40822.90000 24.63400000 1825.84000 185.92000 29.69800 168.00300
24 4 21 11 06 40852.80000 24.75000000 1828.96000 185.95000 29.69800 168.00300
24 4 21 11 07 40855.50000 24.75000000 1827.09000 186.06000 29.69800 168.00300
24 4 21 11 07 40848.80000 24.75000000 1830.56000 186.02000 29.69800 168.00300
24 4 21 11 08 40792.20000 24.75000000 1824.06000 186.00000 29.60000 167.17300
24 4 21 11 08 40750.10000 24.75000000 1817.34000 184.99000 29.24200 167.17300
24 4 21 11 09 40700.10000 24.75000000 1813.00000 184.00000 29.24200 167.00000
24 4 21 11 09 40669.80000 24.46800000 1810.72000 184.38000 29.20200 167.00000
24 4 21 11 09 40719.70000 24.52200000 1814.25000 184.98000 29.20200 167.00000
24 4 21 11 10 40800.00000 24.52200000 1823.10000 185.46000 29.20200 167.00000
24 4 21 11 10 40791.50000 24.52200000 1822.11000 185.07000 29.40000 167.80000
24 4 21 11 11 40776.10000 24.56500000 1822.04000 185.35000 29.20200 167.86100
24 4 21 11 11 40753.60000 24.56500000 1821.76000 185.21000 29.20200 167.86100
24 4 21 11 12 40723.90000 24.56500000 1818.61000 184.66000 29.20200 167.87600
24 4 21 11 12 40677.90000 24.56500000 1817.36000 184.38000 29.20200 167.87600
24 4 21 11 12 40669.90000 24.56500000 1815.60000 184.16000 29.20200 167.87600
24 4 21 11 13 40747.30000 24.56500000 1826.92000 185.19000 29.20200 167.37100
24 4 21 11 13 40747.30000 24.56500000 1826.14000 185.27000 29.20200 167.37100
24 4 21 11 14 40828.70000 24.65600000 1828.95000 185.73000 29.40000 167.37100
24 4 21 11 14 40890.00000 24.75800000 1830.00000 186.42000 29.40000 167.37100
24 4 21 11 15 40911.70000 24.75800000 1831.37000 186.56000 29.40000 170.42800
24 4 21 11 15 40875.60000 24.73900000 1830.30000 186.25000 29.40000 170.42800
24 4 21 11 15 40900.00000 24.73900000 1834.36000 186.64000 29.40000 170.42800
24 4 21 11 16 40923.90000 24.73900000 1832.20000 186.78000 29.40000 170.52800
24 4 21 11 16 40968.90000 24.73900000 1832.91000 186.90000 29.40000 170.52800
24 4 21 11 17 40998.60000 24.83600000 1833.86000 187.20000 29.40000 170.91400
24 4 21 11 17 40982.10000 24.83600000 1836.15000 187.20000 29.58300 170.91400
24 4 21 11 18 40982.10000 24.90300000 1835.67000 187.34000 29.58300 171.09900
24 4 21 11 18 40977.40000 24.90300000 1833.65000 187.36000 29.58300 171.09900
24 4 21 11 18 40984.40000 24.93600000 1835.27000 187.47000 29.58300 171.09900
24 4 21 11 19 40968.90000 24.96600000 1835.67000 187.16000 29.58300 171.09900
24 4 21 11 19 40932.80000 24.89100000 1832.23000 186.59000 29.58300 171.09900
24 4 21 11 20 40961.10000 24.84900000 1833.88000 186.83000 29.40000 171.09900
