M=[
 8 4 21 08 55 48022.60000 15.64600000 1702.59000 188.19000 39.67100 149.49300
 8 4 21 08 55 47982.70000 15.64600000 1699.88000 187.83000 39.67100 148.68700
 8 4 21 08 56 47995.50000 15.58100000 1699.89000 187.90000 39.67100 148.68700
 8 4 21 08 56 48036.50000 15.58100000 1700.22000 187.96000 39.67100 148.68700
 8 4 21 08 57 48010.40000 15.58100000 1700.65000 188.11000 39.67100 148.68700
 8 4 21 08 57 48009.80000 15.58100000 1700.54000 188.11000 39.53300 148.68700
 8 4 21 08 58 47980.10000 15.58100000 1700.01000 188.02000 39.53300 149.04300
 8 4 21 08 58 47975.70000 15.58100000 1700.01000 188.02000 39.53300 149.04300
 8 4 21 08 58 47975.70000 15.58100000 1700.00000 188.20000 39.53300 149.24800
 8 4 21 08 59 47994.20000 15.58100000 1700.00000 188.20000 39.53300 149.24800
 8 4 21 08 59 48012.40000 15.58100000 1700.19000 187.92000 39.84400 149.24800
 8 4 21 09 00 47977.10000 15.58100000 1700.01000 187.92000 39.84400 148.51000
 8 4 21 09 00 48010.00000 15.58100000 1700.01000 187.89000 39.84400 148.75900
 8 4 21 09 01 48020.10000 15.58100000 1701.66000 188.37000 39.84400 148.75900
 8 4 21 09 01 48031.90000 15.58100000 1701.88000 188.37000 39.84400 148.75900
 8 4 21 09 01 48036.50000 15.58100000 1702.11000 188.37000 39.84400 148.75900
 8 4 21 09 02 48028.10000 15.58100000 1701.11000 188.43000 39.84400 148.86100
 8 4 21 09 02 48020.50000 15.58100000 1701.15000 188.44000 39.84400 148.86100
 8 4 21 09 03 48030.00000 15.58100000 1701.14000 188.47000 39.84400 148.86100
 8 4 21 09 03 48028.70000 15.66300000 1702.33000 188.59000 39.84400 148.86100
 8 4 21 09 04 48029.00000 15.67200000 1702.59000 188.63000 39.84400 149.17700
 8 4 21 09 04 48055.70000 15.67200000 1703.43000 188.64000 39.84400 149.17700
 8 4 21 09 04 48042.50000 15.67200000 1704.02000 188.71000 39.84400 149.17700
 8 4 21 09 05 48055.80000 15.67200000 1704.07000 188.54000 39.84400 149.17700
 8 4 21 09 05 48071.90000 15.67200000 1704.51000 188.54000 39.84400 149.17700
 8 4 21 09 06 48086.90000 15.67200000 1704.99000 188.85000 39.84400 149.17700
 8 4 21 09 06 48097.90000 15.67200000 1705.00000 189.36000 39.84400 149.17700
 8 4 21 09 07 48061.70000 15.67200000 1704.26000 189.32000 39.84400 149.20000
 8 4 21 09 07 48058.20000 15.67200000 1704.02000 188.88000 39.84400 149.01100
 8 4 21 09 07 48070.40000 15.67200000 1704.74000 189.04000 39.84400 149.01100
 8 4 21 09 08 48071.70000 15.69700000 1704.64000 188.86000 39.84400 149.01100
 8 4 21 09 08 48071.60000 15.69700000 1704.64000 188.85000 39.84400 149.01100
 8 4 21 09 09 48068.10000 15.69700000 1704.63000 188.73000 39.84400 149.01100
 8 4 21 09 09 48037.40000 15.69700000 1703.92000 188.55000 39.84400 149.01100
 8 4 21 09 10 48026.60000 15.69700000 1703.65000 188.55000 39.84400 149.01100
 8 4 21 09 10 48025.40000 15.69700000 1702.66000 188.55000 39.84400 149.01100
 8 4 21 09 10 48049.90000 15.69700000 1703.93000 188.56000 39.84400 149.01100
 8 4 21 09 11 48050.00000 15.69700000 1704.28000 188.56000 39.84400 149.01100
 8 4 21 09 11 48050.00000 15.69700000 1705.00000 188.56000 39.84400 149.01100
 8 4 21 09 12 48050.00000 15.69700000 1704.25000 188.90000 39.84400 149.01100
 8 4 21 09 12 48017.90000 15.67600000 1703.53000 188.50000 39.84400 149.01100
 8 4 21 09 13 48028.80000 15.65200000 1703.53000 188.16000 39.84400 149.01100
 8 4 21 09 13 48021.20000 15.65200000 1702.92000 188.16000 39.84400 149.01100
 8 4 21 09 13 48047.30000 15.65200000 1703.33000 188.37000 39.84400 148.80300
 8 4 21 09 14 48063.60000 15.65200000 1705.00000 188.70000 39.84400 148.80300
 8 4 21 09 14 48037.40000 15.65200000 1703.94000 188.53000 39.84400 148.80300
 8 4 21 09 15 48056.00000 15.65200000 1704.86000 188.66000 39.84400 148.80300
 8 4 21 09 15 48046.00000 15.65200000 1704.22000 188.51000 39.84400 148.80300
 8 4 21 09 16 48046.20000 15.65200000 1703.81000 188.48000 39.84400 148.80300
 8 4 21 09 16 48035.60000 15.65200000 1703.28000 188.45000 39.84400 148.70800
 8 4 21 09 16 48021.30000 15.65200000 1703.08000 187.89000 39.56500 148.70800
 8 4 21 09 17 48008.50000 15.65200000 1702.11000 187.70000 39.56500 148.18400
 8 4 21 09 17 47975.70000 15.65200000 1700.05000 187.29000 39.56500 148.18400
 8 4 21 09 18 47975.70000 15.65200000 1699.81000 187.11000 39.56500 148.18400
 8 4 21 09 18 47975.60000 15.65200000 1699.80000 187.18000 39.56500 148.18400
 8 4 21 09 19 47950.70000 15.65200000 1698.82000 187.07000 39.56500 148.18400
 8 4 21 09 19 47952.00000 15.65200000 1698.00000 186.96000 39.56500 147.97900
 8 4 21 09 19 47918.70000 15.50000000 1698.00000 186.55000 39.56500 147.97900
 8 4 21 09 20 47918.70000 15.50000000 1697.10000 186.32000 39.56500 147.57700
 8 4 21 09 20 47902.40000 15.50000000 1696.31000 186.32000 39.56500 147.28700
 8 4 21 09 21 47895.10000 15.50000000 1696.31000 186.12000 39.56500 147.28700
 8 4 21 09 21 47914.00000 15.50000000 1696.30000 186.12000 39.56500 147.28700
 8 4 21 09 21 47896.40000 15.50000000 1696.31000 186.43000 39.56500 147.28700
 8 4 21 09 22 47914.00000 15.50000000 1697.39000 186.64000 39.56500 147.28700
 8 4 21 09 22 47940.60000 15.50000000 1698.00000 186.97000 39.56500 147.28700
 8 4 21 09 23 47952.30000 15.50000000 1697.99000 187.04000 39.56500 147.28700
 8 4 21 09 23 47952.40000 15.50000000 1699.01000 186.84000 39.56500 147.28700
 8 4 21 09 24 47959.10000 15.50000000 1698.31000 186.97000 39.56500 148.24800
 8 4 21 09 24 47954.60000 15.54200000 1698.96000 186.91000 39.56500 148.24800
 8 4 21 09 24 47976.40000 15.54200000 1699.98000 186.91000 39.56500 148.24800
 8 4 21 09 25 47979.90000 15.54200000 1700.88000 186.98000 39.38000 148.24800
 8 4 21 09 25 47976.70000 15.54200000 1700.10000 186.98000 39.38000 148.24800
 8 4 21 09 26 47983.90000 15.53000000 1699.28000 186.92000 39.38000 148.44800
 8 4 21 09 26 47975.10000 15.53000000 1699.94000 186.95000 39.38000 148.44800
 8 4 21 09 27 47954.80000 15.53000000 1698.03000 186.95000 39.38000 147.97900
 8 4 21 09 27 47933.50000 15.53000000 1697.98000 186.85000 39.38000 147.97900
 8 4 21 09 27 47927.40000 15.53000000 1692.59000 186.40000 39.38000 147.75000
 8 4 21 09 28 47923.00000 15.53000000 1692.66000 186.37000 39.38000 147.83300
 8 4 21 09 28 47925.40000 15.46800000 1693.09000 186.25000 39.38000 147.83300
 8 4 21 09 29 47918.80000 15.46800000 1692.54000 186.66000 39.38000 147.83300
 8 4 21 09 29 47918.00000 15.46800000 1692.51000 186.66000 39.37900 147.83300
 8 4 21 09 30 47937.90000 15.46800000 1694.27000 186.81000 39.37900 147.83300
 8 4 21 09 30 47946.20000 15.46800000 1696.09000 187.20000 39.37900 147.83300
 8 4 21 09 30 47961.10000 15.46800000 1695.77000 187.21000 39.37900 147.83300
 8 4 21 09 31 47999.00000 15.46800000 1696.87000 187.64000 39.37900 147.83300
 8 4 21 09 31 47999.10000 15.46800000 1696.20000 187.64000 38.89300 147.83300
 8 4 21 09 32 47973.10000 15.46800000 1694.93000 187.04000 39.25800 147.83300
 8 4 21 09 32 47961.00000 15.46800000 1693.00000 186.91000 39.25800 147.83300
 8 4 21 09 33 47926.90000 15.46800000 1692.85000 186.51000 39.25800 147.83300
 8 4 21 09 33 47949.90000 15.46800000 1693.16000 186.47000 39.25800 147.83300
 8 4 21 09 33 47934.10000 15.44300000 1692.75000 186.47000 39.25800 147.83300
 8 4 21 09 34 47946.10000 15.44300000 1693.16000 186.30000 39.25800 147.82200
 8 4 21 09 34 47971.10000 15.47500000 1694.86000 186.30000 39.25800 147.82200
 8 4 21 09 35 47972.90000 15.47500000 1694.88000 186.76000 38.97100 147.82200
 8 4 21 09 35 47972.80000 15.50800000 1694.95000 186.58000 38.97100 147.82200
 8 4 21 09 36 47967.90000 15.50800000 1694.36000 186.63000 38.97100 147.82200
 8 4 21 09 36 47945.00000 15.49100000 1693.67000 186.59000 38.97100 147.82200
 8 4 21 09 36 47984.70000 15.52700000 1695.54000 186.87000 39.04200 147.82200
 8 4 21 09 37 47988.90000 15.52700000 1696.35000 186.77000 39.04200 148.23900
 8 4 21 09 37 47989.90000 15.54800000 1696.31000 186.77000 39.04200 148.23900
 8 4 21 09 38 47968.60000 15.54800000 1695.46000 186.66000 39.04200 148.23900
 8 4 21 09 38 47956.10000 15.54800000 1694.62000 186.50000 39.04200 148.12800
