M=[
 7 8 21 18 10 36702.40000 49.16800000 2570.94000 128.61000 23.28100 112.20600
 7 8 21 18 10 36744.30000 49.28100000 2574.27000 128.73000 23.28100 112.20600
 7 8 21 18 11 36766.40000 49.28100000 2576.04000 128.85000 23.28100 112.20600
 7 8 21 18 11 36760.00000 49.28100000 2576.99000 128.81000 23.28100 112.20600
 7 8 21 18 11 36751.90000 49.28100000 2576.64000 128.86000 23.28100 112.20600
 7 8 21 18 12 36781.70000 49.42100000 2579.40000 128.90000 23.28100 112.20600
 7 8 21 18 13 36785.70000 49.35900000 2579.71000 128.90000 23.28100 112.20600
 7 8 21 18 13 36785.70000 49.35900000 2580.15000 129.05000 23.28100 112.20600
 7 8 21 18 13 36777.00000 49.35900000 2584.76000 129.09000 23.28100 112.20600
 7 8 21 18 14 36703.50000 49.35900000 2579.51000 128.92000 23.28100 112.20600
 7 8 21 18 14 36679.30000 49.21500000 2575.11000 128.68000 23.28100 112.20600
 7 8 21 18 15 36685.50000 49.21500000 2574.52000 128.68000 23.28100 112.20600
 7 8 21 18 15 36705.50000 49.21500000 2573.88000 128.62000 23.24000 112.20600
 7 8 21 18 16 36727.00000 49.21500000 2578.75000 128.62000 23.24000 112.20600
 7 8 21 18 16 36753.40000 49.33900000 2580.70000 128.66000 23.24000 112.20600
 7 8 21 18 17 36770.00000 49.33900000 2583.02000 128.66000 23.24000 112.20600
 7 8 21 18 17 36738.10000 49.33900000 2581.48000 128.66000 23.24000 112.20600
 7 8 21 18 17 36780.70000 49.33900000 2584.47000 128.95000 23.24000 112.20600
 7 8 21 18 18 36769.00000 49.47700000 2586.86000 129.18000 23.24000 112.20600
 7 8 21 18 18 36767.30000 49.42500000 2585.40000 129.18000 23.24000 112.20600
 7 8 21 18 19 36767.30000 49.36500000 2584.16000 129.18000 23.24000 112.13600
 7 8 21 18 19 36772.30000 49.36500000 2585.40000 129.18000 23.18500 112.13600
 7 8 21 18 20 36759.40000 49.31400000 2582.54000 129.18000 23.18500 112.13600
 7 8 21 18 20 36759.80000 49.31400000 2583.78000 128.98000 23.18500 112.13600
 7 8 21 18 20 36775.00000 49.31400000 2584.68000 129.10000 23.18500 112.13600
 7 8 21 18 21 36783.80000 49.31400000 2583.78000 129.07000 23.18500 112.13600
 7 8 21 18 21 36766.70000 49.45500000 2583.25000 129.12000 23.18500 112.13600
 7 8 21 18 22 36793.40000 49.40800000 2583.85000 129.08000 23.18500 112.15200
 7 8 21 18 22 36799.90000 49.53700000 2585.40000 129.08000 23.18500 112.15200
 7 8 21 18 23 36832.30000 49.53700000 2586.38000 129.11000 23.18500 112.15200
 7 8 21 18 23 36796.50000 49.53700000 2583.40000 129.17000 23.18500 112.15200
 7 8 21 18 23 36827.40000 49.53700000 2585.38000 129.10000 23.18500 112.15200
 7 8 21 18 24 36836.10000 49.75100000 2586.28000 129.26000 23.18500 112.15200
 7 8 21 18 24 36827.30000 49.75100000 2586.53000 129.26000 23.18500 112.15200
 7 8 21 18 25 36832.20000 49.75100000 2586.53000 129.26000 23.18500 112.15200
 7 8 21 18 25 36834.20000 49.75100000 2586.72000 129.26000 23.18500 112.15200
 7 8 21 18 26 36847.70000 49.75100000 2587.35000 129.34000 23.18500 112.15200
 7 8 21 18 26 36858.60000 49.75100000 2587.76000 129.34000 23.18500 112.15200
 7 8 21 18 26 36870.20000 49.75100000 2590.00000 129.39000 23.18500 112.15200
 7 8 21 18 27 36858.80000 49.75100000 2589.71000 129.39000 23.18500 112.15200
 7 8 21 18 27 36867.40000 49.75100000 2589.18000 129.39000 23.18500 112.15200
 7 8 21 18 28 36858.80000 49.75100000 2587.42000 129.39000 23.18500 112.15200
 7 8 21 18 28 36858.80000 49.75100000 2587.01000 129.39000 23.18500 112.15200
 7 8 21 18 29 36858.80000 49.75100000 2587.01000 129.39000 23.18500 113.00000
 7 8 21 18 29 36871.50000 49.75100000 2588.52000 129.38000 23.18500 113.00000
 7 8 21 18 30 36865.00000 49.75100000 2587.64000 129.38000 23.18500 113.00000
 7 8 21 18 30 36876.60000 49.48400000 2589.08000 129.46000 23.18500 113.00000
 7 8 21 18 30 36871.10000 49.48400000 2589.51000 129.46000 23.18500 113.43200
 7 8 21 18 31 36871.10000 49.48400000 2589.51000 129.46000 23.18500 113.43200
 7 8 21 18 31 36896.60000 49.48400000 2592.30000 129.46000 23.18500 113.43200
 7 8 21 18 32 36889.80000 49.48400000 2591.19000 129.56000 23.18500 113.43200
 7 8 21 18 32 36900.00000 49.55200000 2593.73000 129.56000 23.18500 113.43200
 7 8 21 18 33 36921.80000 49.55200000 2593.28000 129.53000 23.18500 113.43200
 7 8 21 18 33 36915.00000 49.55200000 2593.01000 129.53000 23.18500 113.43200
 7 8 21 18 33 36915.00000 49.55200000 2593.01000 129.53000 23.18500 113.43200
 7 8 21 18 34 36888.60000 49.55200000 2593.06000 129.53000 23.18500 112.77900
 7 8 21 18 34 36895.70000 49.55200000 2594.00000 129.54000 23.18500 112.77900
 7 8 21 18 35 36901.10000 49.55200000 2595.49000 129.52000 23.18500 112.77900
 7 8 21 18 35 36895.70000 49.55200000 2595.21000 129.52000 23.18500 112.77900
 7 8 21 18 36 36901.10000 49.55200000 2593.03000 129.52000 23.18500 112.77900
 7 8 21 18 36 36892.80000 49.55200000 2593.01000 129.52000 23.18500 112.77900
 7 8 21 18 36 36834.40000 49.55200000 2591.09000 129.50000 23.18500 112.77900
 7 8 21 18 37 36842.90000 49.55200000 2586.94000 129.50000 23.18500 112.77900
 7 8 21 18 37 36846.80000 49.55200000 2582.58000 129.50000 23.18500 112.77900
 7 8 21 18 38 36849.10000 49.55200000 2586.39000 129.50000 23.18500 112.23800
 7 8 21 18 38 36868.20000 49.55200000 2586.70000 129.50000 23.18500 112.23800
 7 8 21 18 39 36867.60000 49.55200000 2587.00000 129.50000 23.18500 112.23800
 7 8 21 18 39 36866.20000 49.55200000 2587.58000 129.38000 23.18500 112.61900
 7 8 21 18 40 36873.70000 49.55200000 2587.15000 129.38000 23.18500 112.61900
 7 8 21 18 40 36873.70000 49.55200000 2588.00000 129.43000 23.18500 112.61900
 7 8 21 18 40 36869.70000 49.55200000 2587.03000 129.43000 23.18500 112.61900
 7 8 21 18 41 36870.30000 49.55200000 2585.91000 129.43000 23.21700 112.61900
 7 8 21 18 41 36893.70000 49.56400000 2585.91000 129.43000 23.18800 112.61900
 7 8 21 18 42 36887.40000 49.56400000 2587.99000 129.44000 23.18800 112.61900
 7 8 21 18 42 36909.50000 49.56400000 2587.98000 129.37000 23.18800 112.61900
 7 8 21 18 43 36920.00000 49.56400000 2591.24000 129.52000 23.18800 112.61900
 7 8 21 18 43 36898.50000 50.02700000 2591.84000 129.54000 23.18800 112.61900
 7 8 21 18 43 36873.70000 50.02700000 2590.41000 129.54000 23.18800 112.61900
 7 8 21 18 44 36873.70000 50.02700000 2590.41000 129.54000 23.18800 112.61900
 7 8 21 18 44 36876.80000 50.02700000 2591.99000 129.45000 23.18800 112.61900
 7 8 21 18 45 36898.50000 50.23400000 2592.20000 129.45000 23.18800 112.61900
 7 8 21 18 45 36898.50000 50.23400000 2591.41000 129.45000 23.18800 112.61900
 7 8 21 18 46 36898.50000 50.23400000 2592.32000 129.45000 23.18800 112.61900
 7 8 21 18 46 36898.50000 50.23400000 2592.93000 129.45000 23.18800 112.61900
 7 8 21 18 46 36898.50000 50.29700000 2592.99000 129.45000 23.18800 112.61900
 7 8 21 18 47 36919.90000 50.29700000 2593.01000 129.45000 23.18800 112.61900
 7 8 21 18 47 36920.00000 50.29700000 2593.10000 129.45000 23.18800 112.61900
 7 8 21 18 48 36920.00000 50.29700000 2593.53000 129.62000 23.18800 112.61900
 7 8 21 18 48 36928.10000 50.29700000 2595.04000 129.62000 23.18800 112.61900
 7 8 21 18 49 36928.00000 50.37600000 2600.00000 129.62000 23.18800 112.61900
 7 8 21 18 49 36956.70000 50.37600000 2600.00000 129.62000 23.13000 112.61900
 7 8 21 18 49 36957.30000 50.37600000 2603.08000 129.62000 23.13000 112.61900
 7 8 21 18 50 36955.70000 50.31400000 2604.11000 129.83000 23.13000 112.61900
 7 8 21 18 50 36938.60000 50.31400000 2600.00000 129.65000 23.13000 112.61900
 7 8 21 18 51 36928.10000 50.19000000 2599.73000 129.65000 23.13000 112.61900
 7 8 21 18 51 36943.40000 50.19000000 2600.91000 129.85000 23.13000 112.61900
 7 8 21 18 52 36936.90000 50.19000000 2599.68000 129.85000 23.13000 112.61900
 7 8 21 18 52 36939.40000 50.20100000 2598.86000 129.85000 23.13000 112.61900
 7 8 21 18 53 36928.10000 50.20100000 2598.00000 129.85000 23.13000 112.61900
 7 8 21 18 53 36955.70000 50.20100000 2598.75000 129.85000 23.13000 112.61900
 7 8 21 18 53 36957.00000 50.20100000 2598.75000 129.87000 23.13000 112.61900
 7 8 21 18 54 36967.00000 50.20100000 2598.21000 129.90000 23.13000 112.61900
