M=[
17 1 21 21 18 30212.50000 6.34900000 1037.02000 119.94000 17.06700 85.34400
17 1 21 21 18 30210.60000 6.34900000 1037.01000 119.94000 17.06700 85.34400
17 1 21 21 19 30194.30000 6.34900000 1036.35000 119.94000 17.06700 85.34400
17 1 21 21 19 30246.90000 6.34900000 1037.92000 119.94000 17.05700 85.34400
17 1 21 21 19 30218.60000 6.34900000 1037.98000 119.84000 17.05700 85.34400
17 1 21 21 20 30206.60000 6.34900000 1037.62000 119.79000 17.05700 85.31900
17 1 21 21 20 30216.60000 6.34900000 1038.78000 119.85000 17.05700 85.31900
17 1 21 21 21 30219.20000 6.34700000 1038.39000 119.85000 17.05700 85.31900
17 1 21 21 21 30231.50000 6.34700000 1038.98000 120.02000 17.05700 85.31900
17 1 21 21 22 30244.50000 6.34700000 1038.97000 120.04000 17.05700 85.31900
17 1 21 21 22 30273.60000 6.34700000 1038.59000 119.96000 17.05700 85.31900
17 1 21 21 22 30261.80000 6.34700000 1038.50000 120.13000 17.05700 85.31900
17 1 21 21 23 30260.00000 6.34700000 1037.06000 120.12000 17.05700 85.31900
17 1 21 21 23 30240.60000 6.34700000 1037.53000 119.85000 17.05700 85.31900
17 1 21 21 24 30227.30000 6.34700000 1036.41000 119.85000 17.05700 85.20200
17 1 21 21 24 30209.90000 6.34700000 1036.31000 119.80000 17.05700 85.20200
17 1 21 21 25 30225.40000 6.34700000 1036.50000 119.80000 17.05700 85.20200
17 1 21 21 25 30219.10000 6.34700000 1037.03000 119.97000 17.05700 85.20200
17 1 21 21 25 30222.10000 6.34100000 1038.67000 120.05000 17.05700 85.20200
17 1 21 21 26 30244.20000 6.34100000 1038.99000 120.04000 17.05700 85.10000
17 1 21 21 26 30232.60000 6.34100000 1039.30000 120.05000 17.05700 85.10000
17 1 21 21 27 30251.80000 6.34100000 1039.98000 119.97000 17.05700 85.10000
17 1 21 21 27 30300.00000 6.34100000 1041.00000 119.96000 17.05700 85.10000
17 1 21 21 28 30300.00000 6.34100000 1041.08000 119.92000 17.05700 85.10000
17 1 21 21 28 30260.00000 6.34100000 1039.02000 119.93000 17.05700 85.00000
17 1 21 21 28 30240.10000 6.34100000 1038.35000 119.92000 17.05700 85.00000
17 1 21 21 29 30257.90000 6.34100000 1039.20000 119.93000 17.05700 85.00000
17 1 21 21 29 30278.00000 6.34100000 1039.99000 120.14000 17.05700 85.00000
17 1 21 21 30 30352.30000 6.34100000 1042.68000 120.14000 17.05700 85.00000
17 1 21 21 30 30413.10000 6.34100000 1043.87000 120.14000 17.05700 85.00000
17 1 21 21 30 30416.50000 6.34900000 1042.99000 120.12000 17.05700 85.61100
17 1 21 21 31 30357.00000 6.34900000 1041.21000 120.08000 17.05700 85.61100
17 1 21 21 31 30360.00000 6.34900000 1040.16000 119.92000 17.05700 85.45500
17 1 21 21 32 30354.80000 6.34900000 1040.15000 120.01000 17.05700 85.45500
17 1 21 21 32 30324.20000 6.34900000 1038.50000 119.80000 17.05700 85.32600
17 1 21 21 33 30304.70000 6.34900000 1039.77000 119.80000 17.05700 85.32600
17 1 21 21 33 30300.00000 6.34900000 1038.83000 119.78000 17.05700 85.32600
17 1 21 21 33 30266.40000 6.34900000 1038.75000 119.67000 17.05700 85.32600
17 1 21 21 34 30284.70000 6.34900000 1038.74000 119.69000 17.05700 85.32600
17 1 21 21 34 30289.00000 6.34900000 1040.00000 119.69000 17.05700 85.32600
17 1 21 21 35 30300.00000 6.34900000 1040.70000 120.04000 17.05700 85.32600
17 1 21 21 35 30292.20000 6.34900000 1040.21000 120.04000 17.05700 85.32600
17 1 21 21 36 30301.20000 6.34900000 1040.71000 119.94000 17.05700 85.29000
17 1 21 21 36 30301.10000 6.34900000 1042.02000 119.94000 17.05700 85.29000
17 1 21 21 36 30313.80000 6.34900000 1043.05000 120.13000 17.05700 85.29000
17 1 21 21 37 30313.90000 6.34900000 1043.32000 120.13000 17.05700 85.29000
17 1 21 21 37 30313.80000 6.34900000 1042.54000 120.13000 17.05700 85.29000
17 1 21 21 38 30301.20000 6.34900000 1042.38000 120.12000 17.05700 85.29000
17 1 21 21 38 30266.90000 6.33000000 1041.72000 120.12000 17.10000 85.29000
17 1 21 21 39 30300.30000 6.33000000 1043.21000 120.12000 17.10000 85.17100
17 1 21 21 39 30294.80000 6.33000000 1043.02000 120.13000 17.10000 85.17100
17 1 21 21 39 30296.80000 6.33000000 1043.18000 120.13000 17.10000 85.17100
17 1 21 21 40 30294.90000 6.34900000 1043.37000 120.13000 17.10000 85.17100
17 1 21 21 40 30294.90000 6.34900000 1044.00000 120.13000 17.10000 85.17100
17 1 21 21 41 30299.30000 6.35000000 1044.37000 120.13000 17.10000 85.17100
17 1 21 21 41 30299.90000 6.35000000 1044.99000 120.13000 17.10000 85.17100
17 1 21 21 42 30302.50000 6.35000000 1043.38000 120.10000 17.10000 85.27400
17 1 21 21 42 30257.40000 6.35000000 1042.19000 119.97000 17.10000 85.27400
17 1 21 21 42 30214.40000 6.35000000 1040.62000 119.87000 17.10000 85.27400
17 1 21 21 43 30239.50000 6.35000000 1041.16000 119.92000 17.10000 85.27400
17 1 21 21 43 30241.20000 6.35000000 1042.00000 120.01000 17.10000 85.27400
17 1 21 21 44 30258.90000 6.35000000 1042.18000 120.00000 17.10000 85.27400
17 1 21 21 44 30271.90000 6.35000000 1042.19000 120.02000 17.10000 85.27400
17 1 21 21 45 30239.70000 6.35000000 1043.08000 120.09000 17.10000 85.27400
17 1 21 21 45 30250.50000 6.35000000 1043.49000 120.10000 17.10000 85.27400
17 1 21 21 45 30252.10000 6.35000000 1042.36000 120.09000 17.10000 85.27400
17 1 21 21 46 30244.90000 6.35000000 1043.49000 120.11000 17.10000 85.46200
17 1 21 21 46 30274.80000 6.35000000 1044.00000 120.12000 17.10000 85.46200
17 1 21 21 47 30276.00000 6.35000000 1044.46000 120.12000 17.00200 85.46200
17 1 21 21 47 30277.00000 6.35900000 1044.50000 120.12000 17.00200 85.46200
17 1 21 21 48 30276.20000 6.35900000 1044.93000 120.12000 17.00200 85.64700
17 1 21 21 48 30252.90000 6.35900000 1044.89000 120.06000 17.00200 85.64700
17 1 21 21 48 30250.00000 6.35900000 1044.49000 120.10000 17.00200 85.64700
17 1 21 21 49 30240.00000 6.35900000 1043.94000 120.11000 17.00200 85.64700
17 1 21 21 49 30223.10000 6.35900000 1044.01000 120.04000 17.00200 85.64700
17 1 21 21 50 30236.10000 6.35000000 1044.79000 120.09000 17.00200 85.62600
17 1 21 21 50 30230.30000 6.35000000 1044.81000 120.10000 17.00200 85.62600
17 1 21 21 51 30214.20000 6.35000000 1043.74000 120.07000 17.00200 85.62600
17 1 21 21 51 30220.50000 6.35900000 1043.85000 120.07000 17.00200 85.62600
17 1 21 21 51 30200.10000 6.35900000 1043.83000 120.07000 17.00200 85.62600
17 1 21 21 52 30213.50000 6.35900000 1044.57000 120.10000 17.00200 85.69600
17 1 21 21 52 30213.60000 6.35900000 1044.64000 120.10000 17.00200 85.69600
17 1 21 21 53 30211.20000 6.35900000 1043.62000 120.10000 17.00200 85.69600
17 1 21 21 53 30227.30000 6.38900000 1043.99000 120.14000 17.00200 85.69600
17 1 21 21 54 30227.40000 6.38900000 1043.74000 120.13000 17.00200 85.73900
17 1 21 21 54 30232.60000 6.38900000 1044.15000 120.14000 17.00200 85.73900
17 1 21 21 54 30230.40000 6.38900000 1043.60000 120.14000 17.00200 85.73900
17 1 21 21 55 30234.90000 6.38900000 1043.78000 120.13000 17.00200 85.73900
17 1 21 21 55 30244.20000 6.35300000 1043.78000 120.13000 17.00200 85.73900
17 1 21 21 56 30225.60000 6.35300000 1041.11000 120.00000 17.00200 85.51800
17 1 21 21 56 30225.60000 6.35300000 1041.58000 120.00000 17.00200 85.51800
17 1 21 21 57 30162.00000 6.35300000 1039.79000 119.89000 17.00200 85.51800
17 1 21 21 57 30183.20000 6.35300000 1040.86000 119.94000 17.00200 85.51800
17 1 21 21 57 30167.40000 6.35300000 1040.75000 119.97000 17.00200 85.51800
17 1 21 21 58 30159.50000 6.35300000 1040.74000 119.93000 17.00200 85.52100
17 1 21 21 58 30159.50000 6.36400000 1041.00000 119.93000 17.00200 85.52100
17 1 21 21 59 30159.60000 6.36400000 1040.99000 119.93000 17.00200 85.52100
17 1 21 21 59 30162.70000 6.36400000 1040.35000 120.04000 17.00200 85.52100
17 1 21 22 00 30170.00000 6.36400000 1040.28000 120.03000 17.00200 85.52100
17 1 21 22 00 30183.10000 6.37900000 1041.99000 120.02000 17.00200 85.52100
17 1 21 22 00 30183.90000 6.37900000 1042.88000 120.02000 17.00200 85.52100
17 1 21 22 01 30199.90000 6.37900000 1042.89000 120.02000 17.07600 85.52100
17 1 21 22 01 30190.00000 6.37900000 1042.89000 120.01000 17.07600 85.52100
17 1 21 22 02 30194.00000 6.37900000 1043.31000 119.97000 17.07600 85.52100
17 1 21 22 02 30199.90000 6.37900000 1043.51000 119.97000 17.07600 85.52100
