M=[
21 2 21 04 58 46740.10000 12.61600000 1605.27000 188.15000 31.36400 136.61300
21 2 21 04 59 46740.10000 12.61600000 1605.27000 188.09000 31.36400 136.61300
21 2 21 04 59 46740.10000 12.67700000 1604.70000 188.09000 31.36400 136.61300
21 2 21 05 00 46740.10000 12.67700000 1604.70000 188.09000 31.36400 136.61300
21 2 21 05 00 46735.30000 12.67700000 1602.30000 188.08000 31.36400 136.61300
21 2 21 05 00 46735.30000 12.67700000 1602.19000 188.08000 31.36400 136.13800
21 2 21 05 01 46735.20000 12.67700000 1601.81000 187.72000 31.36400 136.13800
21 2 21 05 01 46735.20000 12.65800000 1601.93000 187.89000 31.36400 136.13800
21 2 21 05 02 46689.10000 12.65800000 1601.93000 187.84000 31.36400 136.06200
21 2 21 05 02 46689.10000 12.65800000 1601.93000 187.84000 31.36400 136.06200
21 2 21 05 03 46689.10000 12.65800000 1601.93000 187.63000 31.36400 136.06200
21 2 21 05 03 46689.10000 12.65800000 1601.81000 187.63000 31.36400 136.06200
21 2 21 05 03 46689.00000 12.65800000 1601.81000 187.63000 31.36400 136.06200
21 2 21 05 04 46689.00000 12.65800000 1602.41000 187.63000 31.36400 136.06200
21 2 21 05 04 46721.50000 12.65800000 1602.84000 187.98000 31.36400 136.40900
21 2 21 05 05 46718.70000 12.65800000 1601.81000 187.98000 31.36400 136.40900
21 2 21 05 05 46718.70000 12.65800000 1600.04000 187.98000 31.36400 136.40900
21 2 21 05 06 46702.60000 12.65800000 1600.04000 187.77000 31.36400 136.05300
21 2 21 05 06 46691.70000 12.65800000 1598.08000 187.76000 31.36400 136.05300
21 2 21 05 06 46674.70000 12.65800000 1596.87000 187.76000 31.36400 136.05300
21 2 21 05 07 46671.90000 12.60300000 1596.94000 187.28000 31.36400 136.05300
21 2 21 05 07 46651.80000 12.60300000 1596.15000 187.28000 31.36400 136.05300
21 2 21 05 08 46698.50000 12.60300000 1596.75000 187.28000 31.36400 136.05300
21 2 21 05 08 46698.50000 12.60300000 1596.76000 187.28000 31.36400 136.05300
21 2 21 05 09 46707.80000 12.60300000 1596.76000 187.28000 31.36400 136.05300
21 2 21 05 09 46707.80000 12.60300000 1598.35000 187.50000 31.36400 136.05300
21 2 21 05 09 46719.90000 12.60300000 1598.35000 187.50000 31.36400 136.05300
21 2 21 05 10 46707.80000 12.60300000 1598.92000 187.45000 31.36400 136.05300
21 2 21 05 10 46740.00000 12.60300000 1601.28000 187.45000 31.36400 136.05300
21 2 21 05 11 46739.00000 12.63500000 1601.35000 187.45000 31.36400 136.05300
21 2 21 05 11 46739.00000 12.61700000 1601.35000 187.45000 31.36400 136.05300
21 2 21 05 12 46740.10000 12.61700000 1601.35000 187.45000 31.36400 136.05300
21 2 21 05 12 46748.30000 12.61700000 1601.35000 188.00000 31.36400 136.09500
21 2 21 05 12 46783.00000 12.61700000 1605.20000 188.00000 31.36400 136.09500
21 2 21 05 13 46786.50000 12.61700000 1606.25000 188.45000 31.36400 136.09500
21 2 21 05 13 46812.20000 12.61700000 1606.13000 188.62000 31.36400 136.09500
21 2 21 05 14 46812.90000 12.61700000 1606.40000 188.64000 31.36400 136.09500
21 2 21 05 14 46812.90000 12.61700000 1605.31000 188.64000 31.36400 136.09500
21 2 21 05 15 46812.90000 12.61700000 1606.77000 188.63000 31.36400 136.09500
21 2 21 05 15 46852.20000 12.61700000 1607.05000 188.63000 31.36400 136.81500
21 2 21 05 15 46879.70000 12.61700000 1607.05000 188.63000 31.36400 136.81500
21 2 21 05 16 46894.00000 12.61700000 1608.71000 188.63000 31.36400 136.81500
21 2 21 05 16 46920.00000 12.61700000 1609.22000 188.63000 31.36400 136.81500
21 2 21 05 17 46861.80000 12.67200000 1607.11000 188.74000 31.36400 136.81500
21 2 21 05 17 46839.30000 12.71400000 1605.37000 188.26000 31.36400 136.81500
21 2 21 05 18 46840.00000 12.71400000 1605.70000 188.41000 31.36400 136.81500
21 2 21 05 18 46823.20000 12.71400000 1603.19000 188.12000 31.36400 136.81500
21 2 21 05 18 46842.10000 12.71400000 1604.42000 188.12000 31.36400 136.81500
21 2 21 05 19 46846.40000 12.71400000 1604.15000 188.12000 31.36400 136.81500
21 2 21 05 19 46846.40000 12.71400000 1604.15000 188.12000 31.36400 136.81500
21 2 21 05 20 46814.20000 12.71400000 1604.15000 188.12000 31.36400 136.81500
21 2 21 05 20 46801.90000 12.71400000 1602.12000 187.99000 31.36400 136.81500
21 2 21 05 21 46774.50000 12.71400000 1601.19000 188.12000 31.36400 136.81500
21 2 21 05 21 46769.90000 12.71400000 1600.54000 188.12000 31.36400 136.81500
21 2 21 05 21 46766.20000 12.71400000 1600.85000 188.12000 31.36400 136.11400
21 2 21 05 22 46792.10000 12.71400000 1600.84000 188.12000 31.36400 136.11400
21 2 21 05 22 46818.00000 12.71400000 1602.91000 188.12000 31.36400 136.11400
21 2 21 05 23 46818.00000 12.71400000 1602.91000 188.12000 31.36400 136.11400
21 2 21 05 23 46822.00000 12.71400000 1601.02000 188.03000 31.36400 136.11400
21 2 21 05 24 46777.90000 12.71400000 1600.20000 188.03000 31.36400 136.11400
21 2 21 05 24 46766.30000 12.71400000 1600.20000 188.03000 31.36400 136.11400
21 2 21 05 24 46819.50000 12.71400000 1602.45000 188.03000 31.36400 136.11400
21 2 21 05 25 46836.80000 12.71400000 1604.39000 188.03000 31.36400 136.11400
21 2 21 05 25 46861.80000 12.71400000 1604.72000 188.44000 31.36400 136.11400
21 2 21 05 26 46846.10000 12.71400000 1604.78000 188.44000 31.36400 136.11400
21 2 21 05 26 46819.50000 12.71400000 1604.13000 188.59000 31.36400 136.11400
21 2 21 05 27 46860.00000 12.71400000 1604.13000 188.59000 31.36400 136.11400
21 2 21 05 27 46855.00000 12.71400000 1604.13000 188.56000 31.36400 136.11400
21 2 21 05 27 46855.00000 12.71400000 1604.13000 188.56000 31.36400 136.11400
21 2 21 05 28 46866.80000 12.71400000 1604.13000 188.56000 31.36400 136.11400
21 2 21 05 28 46866.80000 12.71400000 1604.13000 188.56000 31.36400 136.11400
21 2 21 05 29 46861.90000 12.71400000 1603.16000 188.55000 31.36400 136.11400
21 2 21 05 29 46874.70000 12.71400000 1603.56000 188.55000 31.36400 136.11400
21 2 21 05 30 46890.00000 12.71400000 1604.17000 188.55000 31.36400 136.31500
21 2 21 05 30 46865.80000 12.71400000 1603.16000 188.63000 31.36400 136.31500
21 2 21 05 30 46846.80000 12.71400000 1603.01000 188.57000 31.36400 136.31500
21 2 21 05 31 46844.20000 12.71400000 1601.60000 188.50000 31.36400 136.31500
21 2 21 05 31 46851.10000 12.71400000 1600.91000 188.27000 31.36400 136.31500
21 2 21 05 32 46850.50000 12.71400000 1600.91000 188.27000 31.36400 136.00000
21 2 21 05 32 46850.50000 12.71400000 1601.38000 188.27000 31.36400 136.00000
21 2 21 05 33 46840.20000 12.71400000 1601.35000 188.27000 31.36400 136.00000
21 2 21 05 33 46840.20000 12.71400000 1601.41000 188.24000 31.36400 136.00000
21 2 21 05 33 46849.90000 12.71400000 1602.73000 188.24000 31.36400 136.13400
21 2 21 05 34 46850.00000 12.71400000 1601.89000 188.30000 31.36400 136.13400
21 2 21 05 34 46850.00000 12.71400000 1601.40000 188.16000 31.36400 136.13400
21 2 21 05 35 46850.00000 12.71400000 1601.39000 188.16000 31.36400 136.13400
21 2 21 05 35 46850.00000 12.71400000 1601.55000 188.16000 31.36400 136.13400
21 2 21 05 36 46850.00000 12.71400000 1601.85000 188.16000 31.36400 136.13400
21 2 21 05 36 46872.50000 12.71400000 1602.27000 188.25000 31.36400 136.13400
21 2 21 05 36 46861.50000 12.71400000 1602.25000 188.25000 31.36400 136.13400
21 2 21 05 37 46849.90000 12.71400000 1601.06000 188.25000 31.36400 136.13400
21 2 21 05 37 46849.90000 12.70600000 1600.64000 188.08000 31.36400 135.62400
21 2 21 05 38 46849.90000 12.70600000 1600.64000 188.08000 31.36400 135.62400
21 2 21 05 38 46868.40000 12.70600000 1602.34000 188.08000 31.36400 135.62400
21 2 21 05 38 46874.10000 12.70600000 1602.32000 188.13000 31.36400 135.62400
21 2 21 05 39 46850.00000 12.70600000 1600.90000 188.00000 31.36400 135.62400
21 2 21 05 39 46850.00000 12.70600000 1600.67000 187.68000 31.36400 135.62400
21 2 21 05 40 46850.10000 12.70600000 1600.91000 187.66000 31.36400 135.62400
21 2 21 05 40 46819.40000 12.70600000 1600.00000 187.67000 31.36400 135.62400
21 2 21 05 41 46766.20000 12.70600000 1600.00000 187.67000 31.36400 135.49000
21 2 21 05 41 46766.20000 12.70600000 1600.00000 186.76000 31.36400 135.49000
21 2 21 05 42 46747.20000 12.70600000 1599.30000 186.81000 31.36400 135.49000
