M=[
 7 12 20 04 11 15886.60000 5.03700000 490.08000 68.64000 16.69900 61.52800
 7 12 20 04 11 15884.60000 5.03700000 490.08000 68.64000 16.69900 61.52800
 7 12 20 04 11 15884.60000 5.03700000 490.08000 68.64000 16.69900 61.52800
 7 12 20 04 12 15873.30000 5.03700000 489.62000 68.64000 16.69900 61.52800
 7 12 20 04 12 15874.70000 5.03700000 489.62000 68.58000 16.69900 61.52800
 7 12 20 04 13 15873.10000 5.03700000 489.62000 68.50000 16.69900 61.52800
 7 12 20 04 13 15873.90000 5.03700000 489.62000 68.50000 16.69900 61.52800
 7 12 20 04 14 15873.90000 5.03700000 489.62000 68.50000 16.69900 61.52800
 7 12 20 04 14 15872.60000 5.03700000 489.62000 68.50000 16.69900 61.52800
 7 12 20 04 14 15869.70000 5.03700000 489.62000 68.49000 16.69900 61.52800
 7 12 20 04 15 15869.70000 5.04800000 489.62000 68.49000 16.69900 61.52800
 7 12 20 04 15 15868.30000 5.04800000 489.56000 68.49000 16.69900 61.52800
 7 12 20 04 16 15868.30000 5.04800000 489.56000 68.49000 16.69900 61.52800
 7 12 20 04 16 15875.20000 5.04800000 489.56000 68.49000 16.69900 61.52800
 7 12 20 04 17 15868.40000 5.04800000 489.56000 68.49000 16.81300 61.52800
 7 12 20 04 17 15868.30000 5.04800000 489.21000 68.49000 16.81300 61.52800
 7 12 20 04 17 15868.30000 5.04800000 489.21000 68.49000 16.81900 61.52800
 7 12 20 04 18 15868.30000 5.04800000 489.21000 68.47000 16.81900 61.52800
 7 12 20 04 18 15873.60000 5.04800000 489.48000 68.47000 16.81900 61.52800
 7 12 20 04 19 15873.60000 5.04800000 489.48000 68.47000 16.81900 61.52800
 7 12 20 04 19 15873.50000 5.04800000 489.48000 68.47000 16.81900 61.52800
 7 12 20 04 20 15873.50000 5.04800000 489.48000 68.47000 16.81900 61.52800
 7 12 20 04 20 15877.50000 5.04800000 489.48000 68.47000 16.81900 61.52800
 7 12 20 04 20 15877.50000 5.04800000 489.48000 68.47000 16.81900 61.52800
 7 12 20 04 21 15877.00000 5.04800000 489.48000 68.47000 16.81900 61.52800
 7 12 20 04 21 15877.00000 5.04800000 489.44000 68.47000 16.81900 61.52800
 7 12 20 04 22 15873.50000 5.04800000 489.39000 68.47000 16.81900 61.52800
 7 12 20 04 22 15873.40000 5.04800000 489.55000 68.47000 16.81900 61.79700
 7 12 20 04 23 15873.40000 5.04800000 489.55000 68.47000 16.81900 61.79700
 7 12 20 04 23 15877.90000 5.04800000 489.55000 68.47000 16.81900 61.79700
 7 12 20 04 23 15874.90000 5.04800000 489.55000 68.47000 16.81900 61.79700
 7 12 20 04 24 15874.90000 5.04800000 489.55000 68.47000 16.81900 61.79700
 7 12 20 04 24 15870.50000 5.04800000 489.62000 68.47000 16.81900 61.79700
 7 12 20 04 25 15871.10000 5.04800000 489.62000 68.47000 16.81900 61.79700
 7 12 20 04 25 15871.10000 5.04800000 489.55000 68.47000 16.81900 61.79700
 7 12 20 04 26 15872.20000 5.04800000 489.55000 68.47000 16.81900 61.79700
 7 12 20 04 26 15868.40000 5.04800000 489.55000 68.47000 16.81900 61.79700
 7 12 20 04 26 15868.40000 5.04800000 489.02000 68.42000 16.81900 61.72000
 7 12 20 04 27 15868.40000 5.04800000 489.02000 68.38000 16.81900 61.72000
 7 12 20 04 27 15868.70000 5.04800000 489.02000 68.38000 16.81900 61.72000
 7 12 20 04 28 15868.70000 5.04800000 489.02000 68.38000 16.81900 61.72000
 7 12 20 04 28 15868.70000 5.04800000 489.01000 68.38000 16.81900 61.72000
 7 12 20 04 29 15869.00000 5.04800000 489.08000 68.38000 16.81900 61.72000
 7 12 20 04 29 15869.00000 5.04800000 488.94000 68.38000 16.81900 61.72000
 7 12 20 04 29 15869.00000 5.04800000 488.96000 68.38000 16.81900 61.72000
 7 12 20 04 30 15869.00000 5.04800000 488.96000 68.38000 16.81900 61.72000
 7 12 20 04 30 15869.00000 5.04800000 488.96000 68.38000 16.81900 61.72000
 7 12 20 04 31 15865.60000 5.04800000 488.96000 68.38000 16.81900 61.72000
 7 12 20 04 31 15862.10000 5.04800000 489.01000 68.38000 16.81900 61.72000
 7 12 20 04 32 15862.10000 5.01100000 489.01000 68.38000 16.72500 61.72000
 7 12 20 04 32 15860.60000 5.01100000 489.01000 68.38000 16.72500 61.72000
 7 12 20 04 32 15860.60000 5.01100000 489.01000 68.38000 16.72500 61.72000
 7 12 20 04 33 15860.60000 5.01100000 489.00000 68.38000 16.72500 61.72000
 7 12 20 04 33 15860.90000 5.01100000 489.00000 68.38000 16.72500 61.72000
 7 12 20 04 34 15864.10000 5.01100000 489.00000 68.38000 16.72500 61.72000
 7 12 20 04 34 15864.10000 5.01100000 489.00000 68.38000 16.72500 61.72000
 7 12 20 04 35 15864.10000 5.01100000 489.00000 68.38000 16.72500 61.72000
 7 12 20 04 35 15868.40000 5.01100000 489.00000 68.29000 16.72500 61.72000
 7 12 20 04 35 15870.80000 5.01100000 489.00000 68.41000 16.72500 61.72000
 7 12 20 04 36 15870.80000 5.01100000 489.00000 68.44000 16.81700 61.85500
 7 12 20 04 36 15872.70000 5.01100000 489.48000 68.44000 16.81900 61.85500
 7 12 20 04 37 15872.20000 5.01100000 489.48000 68.44000 16.81900 61.85500
 7 12 20 04 37 15872.20000 5.01100000 489.48000 68.44000 16.81900 61.85500
 7 12 20 04 38 15872.30000 5.01100000 489.48000 68.44000 16.81900 61.85500
 7 12 20 04 38 15872.20000 5.01100000 489.48000 68.44000 16.81900 61.85500
 7 12 20 04 38 15872.20000 5.01100000 489.48000 68.44000 16.81900 61.85500
 7 12 20 04 39 15872.20000 5.01100000 489.68000 68.52000 16.81900 61.85500
 7 12 20 04 39 15871.00000 5.04700000 489.68000 68.52000 16.81900 61.85500
 7 12 20 04 40 15867.10000 5.04700000 489.68000 68.52000 16.81900 61.85500
 7 12 20 04 40 15871.70000 5.04700000 489.68000 68.53000 16.81900 61.85500
 7 12 20 04 41 15869.60000 5.04700000 489.68000 68.53000 16.81900 61.85500
 7 12 20 04 41 15879.40000 5.04700000 489.68000 68.53000 16.81900 61.85500
 7 12 20 04 41 15879.40000 5.04700000 489.68000 68.53000 16.81900 61.85500
 7 12 20 04 42 15879.40000 5.04700000 489.68000 68.53000 16.81900 61.85500
 7 12 20 04 42 15877.40000 5.04700000 489.84000 68.53000 16.81900 61.85500
 7 12 20 04 43 15871.00000 5.04700000 488.69000 68.53000 16.81900 61.85500
 7 12 20 04 43 15872.40000 5.04700000 488.69000 68.53000 16.81900 61.85500
 7 12 20 04 44 15872.40000 5.04700000 488.69000 68.53000 16.81900 61.85500
 7 12 20 04 44 15870.10000 5.04700000 489.49000 68.53000 16.81900 61.85500
 7 12 20 04 44 15867.90000 5.04700000 489.49000 68.53000 16.81900 61.85500
 7 12 20 04 45 15867.90000 5.04700000 489.49000 68.53000 16.81900 61.85500
 7 12 20 04 45 15879.50000 5.04700000 489.83000 68.53000 16.81900 61.85500
 7 12 20 04 46 15879.40000 5.04800000 489.83000 68.53000 16.81900 61.85500
 7 12 20 04 46 15879.40000 5.04800000 489.83000 68.47000 16.81900 61.85500
 7 12 20 04 47 15879.40000 5.04800000 489.83000 68.47000 16.77900 61.85500
 7 12 20 04 47 15879.40000 5.04800000 489.83000 68.47000 16.77900 61.85500
 7 12 20 04 47 15879.50000 5.05200000 489.83000 68.47000 16.77900 61.85500
 7 12 20 04 48 15879.40000 5.05200000 489.83000 68.47000 16.77900 61.85500
 7 12 20 04 48 15879.40000 5.05200000 489.83000 68.47000 16.77900 61.85500
 7 12 20 04 49 15888.60000 5.06600000 490.02000 68.54000 16.77900 61.85500
 7 12 20 04 49 15891.70000 5.06600000 490.02000 68.59000 16.68500 61.85500
 7 12 20 04 50 15902.90000 5.06600000 490.47000 68.66000 16.68500 61.85500
 7 12 20 04 50 15903.70000 5.07100000 491.45000 68.70000 16.68500 61.69800
 7 12 20 04 50 15904.80000 5.07100000 491.44000 68.70000 16.68500 61.69800
 7 12 20 04 51 15904.80000 5.07100000 491.44000 68.70000 16.68500 61.69800
 7 12 20 04 51 15900.10000 5.07100000 491.44000 68.70000 16.68500 61.69800
 7 12 20 04 52 15900.10000 5.07100000 491.44000 68.70000 16.68500 61.69800
 7 12 20 04 52 15900.00000 5.07100000 491.12000 68.77000 16.68500 61.69800
 7 12 20 04 53 15903.70000 5.07100000 491.12000 68.85000 16.68500 61.69800
 7 12 20 04 53 15901.30000 5.07100000 491.41000 68.85000 16.68500 61.69800
 7 12 20 04 53 15904.80000 5.07100000 491.42000 68.85000 16.68500 61.69800
 7 12 20 04 54 15901.00000 5.07100000 491.42000 68.85000 16.68500 61.69800
 7 12 20 04 54 15900.00000 5.07100000 491.40000 68.85000 16.68500 61.69800
 7 12 20 04 55 15900.00000 5.07100000 491.40000 68.85000 16.68500 61.69800
 7 12 20 04 55 15901.10000 5.07100000 491.40000 68.85000 16.68500 61.69800
 7 12 20 04 56 15900.40000 5.07100000 491.40000 68.85000 16.68500 61.69800
