M=[
 2 6 21 04 07 29949.10000 55.00200000 2150.17000 149.68000 23.42900 125.61400
 2 6 21 04 07 29965.00000 55.00200000 2150.17000 149.68000 23.42900 125.61400
 2 6 21 04 08 29950.30000 55.20300000 2150.17000 149.68000 23.42900 125.61400
 2 6 21 04 08 29939.20000 55.20300000 2148.55000 149.69000 23.42900 125.61400
 2 6 21 04 09 29956.30000 55.20300000 2150.00000 149.69000 23.42900 125.61400
 2 6 21 04 09 29953.60000 55.20300000 2149.49000 149.58000 23.42900 125.61400
 2 6 21 04 10 29942.40000 55.20300000 2147.79000 149.58000 23.42900 125.61400
 2 6 21 04 10 29927.10000 55.20300000 2147.78000 149.47000 23.42900 125.61400
 2 6 21 04 10 29915.00000 55.20300000 2146.14000 149.47000 23.42900 125.61400
 2 6 21 04 11 29926.90000 55.20300000 2146.14000 149.45000 23.42900 126.01900
 2 6 21 04 11 29930.40000 55.20300000 2147.43000 149.45000 23.42900 126.01900
 2 6 21 04 12 29929.10000 55.20300000 2149.76000 149.45000 23.42900 126.37500
 2 6 21 04 12 29919.80000 55.20300000 2149.13000 149.45000 23.42900 126.37500
 2 6 21 04 13 29924.70000 55.20300000 2149.05000 149.45000 23.42900 126.37500
 2 6 21 04 13 29920.70000 55.20300000 2149.05000 149.43000 23.42900 126.12200
 2 6 21 04 13 29920.90000 55.20300000 2147.89000 149.43000 23.42900 126.12200
 2 6 21 04 14 29932.60000 55.06500000 2148.06000 149.43000 23.42900 126.29300
 2 6 21 04 14 29918.40000 55.06500000 2147.44000 149.43000 23.42900 126.29300
 2 6 21 04 15 29914.70000 55.06500000 2147.44000 149.43000 23.42900 126.29300
 2 6 21 04 15 29914.60000 55.06500000 2147.44000 149.43000 23.57100 126.73300
 2 6 21 04 16 29923.60000 55.06500000 2150.86000 149.43000 23.57100 126.73300
 2 6 21 04 16 29944.00000 55.06500000 2151.70000 149.43000 23.57100 127.24100
 2 6 21 04 16 29953.00000 55.06500000 2151.70000 149.43000 23.57100 127.24100
 2 6 21 04 17 29979.30000 55.06500000 2155.59000 149.78000 23.57100 127.24100
 2 6 21 04 17 29999.60000 55.06500000 2155.84000 149.78000 23.57100 127.24100
 2 6 21 04 18 29987.30000 55.06500000 2157.45000 149.93000 23.57100 127.24100
 2 6 21 04 18 29976.80000 55.06500000 2157.06000 149.93000 23.57100 127.24100
 2 6 21 04 19 29974.00000 55.06500000 2154.60000 149.93000 23.57100 127.24100
 2 6 21 04 19 29978.60000 55.06500000 2154.47000 149.86000 23.57100 126.94100
 2 6 21 04 20 29971.80000 55.06500000 2154.37000 149.86000 23.57100 126.94100
 2 6 21 04 20 29999.30000 55.06500000 2156.39000 149.86000 23.57100 126.94100
 2 6 21 04 20 29999.30000 55.06500000 2157.24000 149.86000 23.57100 126.94100
 2 6 21 04 21 30017.90000 55.06500000 2158.28000 149.86000 23.57100 126.94100
 2 6 21 04 21 30062.20000 55.06500000 2164.12000 149.86000 23.57100 126.94100
 2 6 21 04 22 30062.10000 55.35400000 2162.73000 149.86000 23.57100 126.89700
 2 6 21 04 22 30051.70000 55.35400000 2162.73000 149.86000 23.57100 126.89700
 2 6 21 04 23 30062.20000 55.35400000 2160.99000 149.86000 23.57100 126.89700
 2 6 21 04 23 30056.00000 55.35400000 2161.27000 149.86000 23.57100 126.89700
 2 6 21 04 23 30054.90000 55.35400000 2158.40000 149.86000 23.57100 126.89700
 2 6 21 04 24 30043.30000 55.35400000 2157.19000 149.86000 23.57100 126.89700
 2 6 21 04 24 30038.80000 55.14200000 2157.86000 149.86000 23.57100 126.89700
 2 6 21 04 25 30031.40000 55.14200000 2158.96000 149.86000 23.57100 126.89700
 2 6 21 04 25 30036.00000 55.14200000 2158.72000 149.86000 23.57100 126.89700
 2 6 21 04 26 30037.40000 55.14200000 2158.72000 150.09000 23.57100 126.89700
 2 6 21 04 26 30035.80000 55.14200000 2161.51000 150.12000 23.57100 126.89700
 2 6 21 04 26 30048.10000 55.14200000 2160.74000 150.12000 23.57100 126.89700
 2 6 21 04 27 30077.70000 55.14200000 2159.84000 150.12000 23.57100 126.89700
 2 6 21 04 27 30077.40000 55.14200000 2159.84000 150.12000 23.57100 126.89700
 2 6 21 04 28 30086.80000 55.14200000 2162.00000 150.12000 23.57100 126.89700
 2 6 21 04 28 30093.10000 55.14200000 2162.99000 150.12000 23.57100 127.18400
 2 6 21 04 29 30072.40000 55.14200000 2162.04000 150.12000 23.57100 127.18400
 2 6 21 04 29 30078.40000 55.14200000 2162.09000 150.12000 23.57100 127.18400
 2 6 21 04 29 30088.50000 55.14200000 2162.99000 150.34000 23.57100 127.18400
 2 6 21 04 30 30098.30000 55.14200000 2164.00000 150.34000 23.57100 127.18400
 2 6 21 04 30 30039.80000 55.14200000 2163.55000 150.34000 23.57100 127.18400
 2 6 21 04 31 30068.10000 55.14200000 2159.60000 150.34000 23.57100 127.18400
 2 6 21 04 31 30056.50000 55.14200000 2159.60000 150.34000 23.57100 127.18400
 2 6 21 04 32 30045.70000 55.14100000 2155.49000 150.15000 23.57100 127.18400
 2 6 21 04 32 30058.50000 55.14100000 2156.52000 150.15000 23.57100 127.18400
 2 6 21 04 32 30055.70000 55.14100000 2157.19000 150.16000 23.57100 127.18400
 2 6 21 04 33 30040.40000 55.14100000 2157.19000 150.16000 23.57100 127.18400
 2 6 21 04 33 30041.80000 55.14100000 2155.55000 150.16000 23.57100 127.18400
 2 6 21 04 34 30041.00000 55.14100000 2155.44000 150.16000 23.57100 127.18400
 2 6 21 04 34 30034.60000 55.14100000 2154.50000 150.16000 23.57100 127.18400
 2 6 21 04 35 30034.80000 55.14100000 2154.50000 150.16000 23.57100 127.18400
 2 6 21 04 35 30038.50000 55.14100000 2155.39000 150.16000 23.57100 127.18400
 2 6 21 04 35 30047.40000 55.14100000 2157.56000 150.16000 23.57100 127.18400
 2 6 21 04 36 30053.90000 55.14100000 2157.56000 150.24000 23.57100 127.18400
 2 6 21 04 36 30085.20000 55.14100000 2157.56000 150.27000 23.57100 127.18400
 2 6 21 04 37 30060.50000 55.14100000 2156.36000 150.27000 23.57100 127.18400
 2 6 21 04 37 30050.80000 55.14100000 2154.36000 150.27000 23.57100 127.18400
 2 6 21 04 38 30046.90000 55.14100000 2154.36000 150.27000 23.57100 127.18400
 2 6 21 04 38 30055.60000 55.14100000 2153.27000 150.27000 23.57100 127.18400
 2 6 21 04 38 30054.90000 55.14100000 2153.27000 150.27000 23.50000 127.18400
 2 6 21 04 39 30038.50000 55.14100000 2153.76000 150.27000 23.50000 127.18400
 2 6 21 04 39 30045.50000 55.14100000 2153.64000 150.05000 23.50000 127.18400
 2 6 21 04 40 30041.30000 55.14100000 2154.54000 150.05000 23.50000 127.18400
 2 6 21 04 40 30060.40000 55.14100000 2154.54000 150.05000 23.50000 127.18400
 2 6 21 04 41 30051.70000 55.14100000 2153.72000 150.05000 23.50000 127.18400
 2 6 21 04 41 30053.00000 55.14100000 2153.61000 150.05000 23.50000 127.18400
 2 6 21 04 41 30047.90000 55.14100000 2153.61000 150.05000 23.50000 127.18400
 2 6 21 04 42 30046.30000 55.14100000 2153.61000 150.05000 23.50000 127.18400
 2 6 21 04 42 30051.80000 55.14100000 2153.61000 150.05000 23.50000 127.18400
 2 6 21 04 43 30038.10000 55.14100000 2152.45000 150.05000 23.50000 127.18400
 2 6 21 04 43 30029.30000 55.14100000 2148.05000 149.75000 23.50000 127.18400
 2 6 21 04 44 30000.30000 55.14100000 2148.04000 149.75000 23.50000 127.18400
 2 6 21 04 44 30011.40000 55.14100000 2146.47000 149.75000 23.50000 127.18400
 2 6 21 04 44 30022.10000 55.14100000 2146.47000 149.75000 23.50000 127.18400
 2 6 21 04 45 30019.80000 55.14100000 2144.25000 149.75000 23.50000 127.18400
 2 6 21 04 45 30008.50000 55.14100000 2144.25000 149.75000 23.50000 127.18400
 2 6 21 04 46 30022.30000 55.07500000 2145.94000 149.75000 23.50000 127.18400
 2 6 21 04 46 30028.90000 55.07500000 2148.06000 149.79000 23.50000 127.18400
 2 6 21 04 47 30026.20000 55.07500000 2149.36000 149.72000 23.50000 127.18400
 2 6 21 04 47 29998.50000 55.07500000 2148.77000 149.58000 23.50000 127.18400
 2 6 21 04 47 29985.50000 55.07500000 2147.13000 149.57000 23.50000 126.84400
 2 6 21 04 48 29993.20000 55.16600000 2147.93000 149.57000 23.50000 126.84400
 2 6 21 04 48 29998.40000 55.16600000 2147.14000 149.57000 23.50000 126.84400
 2 6 21 04 49 29994.40000 55.16600000 2148.86000 149.52000 23.50000 126.84400
 2 6 21 04 49 29997.70000 55.16600000 2149.58000 149.52000 23.50000 126.84400
 2 6 21 04 50 30015.70000 55.16600000 2149.86000 149.54000 23.50000 126.84400
 2 6 21 04 50 29999.90000 55.16600000 2149.55000 149.54000 23.50000 126.84400
 2 6 21 04 50 30018.50000 55.16600000 2148.41000 149.54000 23.50000 126.84400
