M=[
10 4 21 10 52 50449.90000 16.09200000 1796.55000 192.79000 44.12800 166.16400
10 4 21 10 52 50443.30000 16.09200000 1796.50000 192.76000 44.12800 166.16400
10 4 21 10 53 50446.10000 16.09200000 1796.79000 193.03000 44.12300 166.16400
10 4 21 10 53 50445.10000 16.09200000 1796.80000 192.67000 44.12300 166.16400
10 4 21 10 54 50429.90000 16.06400000 1796.50000 192.68000 44.12300 166.16400
10 4 21 10 54 50449.50000 16.06400000 1796.65000 192.71000 44.12300 166.16400
10 4 21 10 55 50449.90000 16.06400000 1797.60000 192.77000 44.10800 166.16400
10 4 21 10 55 50450.00000 16.06400000 1798.54000 192.88000 44.24600 166.16400
10 4 21 10 55 50478.00000 16.06400000 1799.00000 193.08000 44.24600 166.16400
10 4 21 10 56 50479.70000 16.06600000 1799.74000 193.17000 44.24600 166.56200
10 4 21 10 56 50479.60000 16.06600000 1798.96000 193.17000 44.23800 166.56200
10 4 21 10 57 50479.60000 16.06600000 1799.06000 192.76000 44.23700 166.56200
10 4 21 10 57 50478.10000 16.06600000 1799.73000 192.79000 44.23700 166.56200
10 4 21 10 58 50478.00000 16.06600000 1799.45000 192.82000 44.23700 166.56200
10 4 21 10 58 50475.10000 16.06600000 1799.46000 192.90000 44.23800 166.56200
10 4 21 10 58 50446.60000 16.06600000 1798.54000 192.35000 44.01600 166.56200
10 4 21 10 59 50472.60000 16.06600000 1799.87000 192.30000 44.01600 166.56200
10 4 21 10 59 50479.50000 16.06600000 1800.00000 192.83000 44.01600 166.56200
10 4 21 11 00 50479.50000 16.06600000 1799.99000 192.82000 44.01600 166.56200
10 4 21 11 00 50479.50000 16.06600000 1800.00000 192.80000 44.01600 166.56200
10 4 21 11 01 50479.50000 16.06600000 1800.00000 192.85000 44.25200 166.56200
10 4 21 11 01 50486.00000 16.06600000 1800.18000 192.93000 44.25200 166.65600
10 4 21 11 01 50487.90000 16.11700000 1800.18000 192.97000 44.25200 166.65600
10 4 21 11 02 50487.90000 16.11700000 1800.18000 192.89000 44.25200 166.39300
10 4 21 11 02 50488.00000 16.11700000 1801.22000 192.92000 44.25200 166.39300
10 4 21 11 03 50499.70000 16.10600000 1801.21000 192.88000 44.00500 166.39300
10 4 21 11 03 50499.60000 16.10600000 1800.70000 192.91000 44.00500 166.39300
10 4 21 11 04 50493.70000 16.10600000 1800.18000 192.87000 44.00500 166.39300
10 4 21 11 04 50486.30000 16.10600000 1801.12000 192.78000 44.00500 166.39300
10 4 21 11 04 50499.80000 16.10600000 1801.13000 192.94000 44.00500 166.39300
10 4 21 11 05 50499.90000 16.10600000 1801.13000 192.94000 44.02500 166.39300
10 4 21 11 05 50499.90000 16.10600000 1801.22000 192.94000 44.02500 166.39300
10 4 21 11 06 50499.70000 16.10600000 1801.36000 192.96000 44.02500 166.39300
10 4 21 11 06 50499.90000 16.10600000 1801.51000 193.12000 44.02500 166.39300
10 4 21 11 07 50499.90000 16.10600000 1801.50000 193.02000 44.02500 166.39300
10 4 21 11 07 50500.00000 16.10600000 1801.66000 193.04000 44.02500 166.39300
10 4 21 11 07 50499.90000 16.10600000 1801.66000 193.04000 44.02500 166.39300
10 4 21 11 08 50493.80000 16.04700000 1798.97000 192.60000 44.02500 166.39300
10 4 21 11 08 50493.70000 16.04700000 1799.43000 192.60000 44.02500 166.39300
10 4 21 11 09 50463.20000 16.04700000 1799.32000 192.56000 44.02500 166.39300
10 4 21 11 09 50456.20000 16.04700000 1798.97000 192.47000 44.02500 166.39300
10 4 21 11 10 50456.20000 16.04700000 1798.02000 192.45000 44.02500 165.99800
10 4 21 11 10 50452.50000 16.04700000 1798.02000 191.94000 44.02500 165.99800
10 4 21 11 10 50456.50000 16.04700000 1798.99000 192.40000 44.02500 165.99800
10 4 21 11 11 50476.60000 16.08800000 1797.02000 192.20000 44.02500 165.99800
10 4 21 11 11 50462.50000 16.04500000 1797.34000 192.23000 43.84900 165.99800
10 4 21 11 12 50450.40000 16.04500000 1797.34000 191.81000 44.00200 165.99300
10 4 21 11 12 50438.60000 16.04500000 1797.34000 192.14000 44.00200 165.99300
10 4 21 11 13 50420.30000 16.04500000 1797.34000 192.14000 44.00200 165.99300
10 4 21 11 13 50419.70000 16.08800000 1796.51000 192.14000 44.00200 165.99300
10 4 21 11 13 50420.40000 16.08800000 1796.50000 191.91000 44.00200 165.99300
10 4 21 11 14 50420.40000 16.08800000 1796.51000 192.06000 44.00200 165.99300
10 4 21 11 14 50420.40000 16.08800000 1797.73000 192.11000 44.00200 165.99300
10 4 21 11 15 50420.10000 16.08800000 1797.72000 192.11000 44.00200 165.99300
10 4 21 11 15 50437.10000 16.08800000 1799.91000 192.11000 43.81000 165.99300
10 4 21 11 16 50423.80000 16.08800000 1798.39000 192.33000 43.81000 165.99300
10 4 21 11 16 50436.60000 16.08800000 1798.39000 192.33000 43.90000 165.89300
10 4 21 11 16 50443.00000 16.08800000 1798.39000 192.47000 43.90000 165.89300
10 4 21 11 17 50443.00000 16.08800000 1799.93000 192.50000 43.90000 165.89300
10 4 21 11 17 50447.90000 16.08800000 1799.93000 192.84000 43.90000 166.00600
10 4 21 11 18 50454.70000 16.12600000 1800.00000 192.84000 43.90000 166.00600
10 4 21 11 18 50444.00000 16.12600000 1799.99000 192.76000 43.90000 166.00600
10 4 21 11 19 50444.00000 16.12600000 1799.99000 192.76000 43.90000 166.00600
10 4 21 11 19 50430.00000 16.12600000 1799.38000 192.63000 43.90000 166.01000
10 4 21 11 19 50436.00000 16.12600000 1800.19000 192.63000 43.90000 166.01000
10 4 21 11 20 50438.90000 16.12600000 1801.35000 193.04000 43.90000 166.01000
10 4 21 11 20 50451.50000 16.12600000 1800.67000 192.96000 44.00800 166.01000
10 4 21 11 21 50446.10000 16.12600000 1800.66000 192.85000 44.00800 166.01000
10 4 21 11 21 50451.90000 16.12600000 1801.28000 192.85000 44.00800 166.01000
10 4 21 11 22 50458.90000 16.12600000 1801.28000 192.95000 44.00800 166.01000
10 4 21 11 22 50469.90000 16.12600000 1801.77000 192.99000 44.00800 166.01000
10 4 21 11 22 50479.90000 16.12600000 1802.32000 193.10000 44.00800 166.01000
10 4 21 11 23 50480.00000 16.12600000 1802.32000 193.08000 44.00800 166.01000
10 4 21 11 23 50480.00000 16.12600000 1801.76000 193.13000 44.00800 166.01000
10 4 21 11 24 50479.90000 16.12600000 1801.57000 193.04000 44.00800 165.95600
10 4 21 11 24 50479.90000 16.12600000 1801.98000 192.98000 44.00800 165.95600
10 4 21 11 25 50480.00000 16.12600000 1802.00000 193.13000 44.00800 165.95600
10 4 21 11 25 50480.00000 16.12600000 1802.28000 193.24000 44.00800 165.95600
10 4 21 11 25 50492.10000 16.12600000 1802.36000 193.24000 44.00800 165.95600
10 4 21 11 26 50496.00000 16.12600000 1802.37000 193.24000 44.00800 165.95600
10 4 21 11 26 50497.50000 16.12600000 1802.72000 193.27000 44.00800 165.95600
10 4 21 11 27 50499.90000 16.12600000 1802.85000 193.27000 44.00800 165.95600
10 4 21 11 27 50500.00000 16.12600000 1802.41000 193.27000 44.00800 165.95600
10 4 21 11 28 50500.00000 16.12600000 1801.99000 193.27000 44.00800 165.95600
10 4 21 11 28 50479.90000 16.12600000 1801.08000 193.25000 43.63600 165.95600
10 4 21 11 28 50464.80000 16.12600000 1800.71000 193.09000 43.63600 165.95600
10 4 21 11 29 50465.10000 16.12600000 1800.71000 193.08000 43.63600 165.95600
10 4 21 11 29 50499.00000 16.12600000 1802.00000 193.89000 43.63600 165.95600
10 4 21 11 30 50500.00000 16.12600000 1802.00000 193.88000 43.63600 165.95600
10 4 21 11 30 50489.00000 16.12600000 1802.00000 193.59000 43.63600 165.95600
10 4 21 11 31 50498.80000 16.12600000 1801.99000 193.69000 43.63600 165.95600
10 4 21 11 31 50498.80000 16.12600000 1801.99000 193.66000 43.63600 165.95600
10 4 21 11 31 50499.40000 16.12600000 1802.00000 194.40000 43.63600 165.95600
10 4 21 11 32 50499.40000 16.12600000 1802.00000 194.52000 43.63600 165.99700
10 4 21 11 32 50500.00000 16.12600000 1802.00000 194.79000 43.63600 165.99700
10 4 21 11 33 50499.90000 16.12600000 1802.44000 194.49000 43.63600 165.99700
10 4 21 11 33 50481.50000 16.12600000 1801.84000 193.91000 43.63600 165.99700
10 4 21 11 34 50484.80000 16.12600000 1801.83000 194.09000 43.63600 165.99700
10 4 21 11 34 50485.80000 16.12600000 1802.35000 194.31000 43.63600 165.99700
10 4 21 11 34 50499.90000 16.12600000 1802.62000 194.28000 43.63600 165.99700
10 4 21 11 35 50499.90000 16.12600000 1802.62000 194.28000 43.63600 165.99700
10 4 21 11 35 50500.00000 16.12600000 1802.63000 194.28000 43.63600 165.99700
