M=[
23 1 21 12 53 26150.60000 6.03600000 1008.98000 113.06000 17.41300 69.94200
23 1 21 12 53 26150.60000 6.03600000 1008.01000 113.06000 17.41300 69.94200
23 1 21 12 54 26083.80000 6.03600000 1006.05000 112.88000 17.41300 69.93600
23 1 21 12 54 26114.80000 6.03600000 1007.09000 112.88000 17.41300 69.93600
23 1 21 12 55 26096.50000 6.03600000 1006.16000 112.88000 17.41300 69.93600
23 1 21 12 55 26084.80000 6.03600000 1006.00000 112.88000 17.41300 69.92400
23 1 21 12 55 26083.50000 6.03600000 1004.90000 112.94000 17.41300 69.92400
23 1 21 12 56 26093.30000 6.03600000 1004.67000 112.91000 17.41300 69.67200
23 1 21 12 56 26083.50000 6.03600000 1004.60000 112.98000 17.41300 69.67200
23 1 21 12 57 26100.00000 6.03600000 1005.15000 112.99000 17.41300 69.67200
23 1 21 12 57 26134.70000 6.03600000 1006.99000 113.27000 17.41300 69.67200
23 1 21 12 58 26094.10000 6.03600000 1005.82000 113.21000 17.41300 69.86000
23 1 21 12 58 26094.10000 6.03600000 1005.15000 113.14000 17.41300 69.86000
23 1 21 12 58 26109.20000 6.03600000 1005.78000 113.04000 17.41300 69.91400
23 1 21 12 59 26109.20000 6.03600000 1005.79000 113.10000 17.41300 69.91400
23 1 21 12 59 26109.10000 6.03600000 1005.78000 113.10000 17.41300 69.91400
23 1 21 13 00 26050.10000 6.03600000 1003.95000 113.01000 17.41300 69.91400
23 1 21 13 00 26014.40000 6.01900000 1003.00000 113.01000 17.41300 69.91400
23 1 21 13 01 26000.00000 6.01900000 1002.50000 113.01000 17.41300 69.91400
23 1 21 13 01 25966.30000 6.01900000 1000.00000 113.01000 17.41300 69.57500
23 1 21 13 01 25936.10000 6.00000000 996.95000 112.86000 17.41300 69.57500
23 1 21 13 02 25986.20000 6.00000000 997.89000 112.68000 17.41300 69.44300
23 1 21 13 02 25950.20000 6.00000000 996.69000 112.68000 17.41300 69.44300
23 1 21 13 03 25952.80000 6.00000000 995.60000 112.66000 17.41300 69.44300
23 1 21 13 03 25954.80000 6.00000000 996.22000 112.76000 17.41300 69.44300
23 1 21 13 04 25933.70000 6.00000000 990.93000 112.76000 17.41300 69.26600
23 1 21 13 04 25915.20000 6.00000000 992.85000 112.76000 17.41300 69.26600
23 1 21 13 04 25918.50000 6.00000000 993.11000 112.75000 17.41300 69.26600
23 1 21 13 05 25865.30000 6.00000000 988.82000 112.66000 17.41300 69.26600
23 1 21 13 05 25900.00000 6.00000000 986.99000 112.44000 17.41300 69.17000
23 1 21 13 06 25870.50000 6.00000000 986.49000 112.48000 17.41300 69.14000
23 1 21 13 06 25866.40000 6.00000000 985.01000 112.40000 17.41300 69.13400
23 1 21 13 07 25873.30000 6.00000000 986.54000 112.40000 17.41300 69.13400
23 1 21 13 07 25930.50000 6.00000000 988.59000 112.40000 17.41300 69.13400
23 1 21 13 07 25976.40000 5.96500000 990.81000 112.40000 17.41300 69.13400
23 1 21 13 08 25970.20000 5.96500000 990.93000 112.70000 17.41300 69.41900
23 1 21 13 08 25963.10000 5.96500000 990.50000 112.70000 17.41300 69.41900
23 1 21 13 09 25960.00000 5.96500000 990.81000 112.70000 17.41300 69.41900
23 1 21 13 09 25928.60000 5.96500000 988.65000 112.47000 17.41300 69.41900
23 1 21 13 10 25934.10000 5.96500000 988.65000 112.52000 17.41300 69.41900
23 1 21 13 10 25944.90000 5.96500000 989.01000 112.52000 17.41300 69.41900
23 1 21 13 10 25951.50000 5.96500000 990.45000 112.69000 17.41300 69.41900
23 1 21 13 11 25969.40000 5.96500000 990.99000 112.69000 17.41300 69.41900
23 1 21 13 11 25962.40000 5.96500000 990.93000 112.69000 17.41300 69.19800
23 1 21 13 12 25951.60000 5.96500000 990.00000 112.61000 17.41300 69.19800
23 1 21 13 12 25999.40000 5.96500000 992.99000 112.73000 17.41300 69.19800
23 1 21 13 13 26057.10000 5.96500000 995.42000 112.80000 17.41300 69.19800
23 1 21 13 13 26138.80000 5.96500000 997.84000 112.80000 17.41300 69.19800
23 1 21 13 13 26106.00000 5.96500000 997.90000 112.80000 17.41300 69.19800
23 1 21 13 14 26103.60000 5.96500000 997.27000 112.80000 17.41300 69.19800
23 1 21 13 14 26130.00000 5.96500000 998.03000 113.26000 17.41300 69.19800
23 1 21 13 15 26119.10000 5.96500000 997.49000 113.26000 17.41300 69.19800
23 1 21 13 15 26178.90000 5.96500000 999.46000 113.50000 17.41300 69.19800
23 1 21 13 16 26218.80000 5.96500000 1000.98000 113.50000 17.41300 69.19800
23 1 21 13 16 26189.80000 5.96500000 1000.87000 113.58000 17.41300 69.94100
23 1 21 13 16 26195.50000 5.96500000 1001.00000 113.69000 17.41300 69.94100
23 1 21 13 17 26197.40000 5.96500000 1001.00000 113.58000 17.41300 69.94100
23 1 21 13 17 26200.00000 5.96500000 1000.99000 113.58000 17.34400 69.94100
23 1 21 13 18 26199.70000 5.96500000 1001.00000 113.58000 17.34300 69.94100
23 1 21 13 18 26170.00000 5.96500000 1000.52000 113.58000 17.34300 69.94100
23 1 21 13 19 26163.10000 5.96500000 1000.27000 113.58000 17.34300 69.94100
23 1 21 13 19 26198.30000 5.96500000 1001.00000 113.58000 17.34300 69.94100
23 1 21 13 19 26190.00000 5.96500000 1000.36000 113.60000 17.34300 69.94100
23 1 21 13 20 26205.60000 5.96500000 1001.00000 113.60000 17.34300 69.94100
23 1 21 13 20 26220.00000 5.96500000 1004.35000 113.88000 17.34300 70.10300
23 1 21 13 21 26250.00000 5.96500000 1007.27000 113.80000 17.34300 70.10300
23 1 21 13 21 26267.90000 5.96500000 1006.98000 113.80000 17.35000 70.10300
23 1 21 13 22 26250.10000 5.96500000 1005.74000 113.80000 17.35000 70.10300
23 1 21 13 22 26261.50000 5.96500000 1007.71000 113.80000 17.35000 70.10300
23 1 21 13 22 26275.60000 5.96500000 1007.34000 113.80000 17.35000 70.10300
23 1 21 13 23 26288.90000 5.96500000 1010.34000 113.80000 17.35000 70.10300
23 1 21 13 23 26288.90000 5.96500000 1008.75000 113.82000 17.35000 70.10300
23 1 21 13 24 26263.50000 5.96500000 1008.65000 113.73000 17.35000 70.10300
23 1 21 13 24 26256.00000 5.96500000 1008.60000 113.73000 17.35000 70.10300
23 1 21 13 25 26254.80000 5.96500000 1008.91000 113.73000 17.35000 70.10300
23 1 21 13 25 26256.10000 5.96500000 1008.99000 113.87000 17.35000 70.26000
23 1 21 13 25 26240.90000 5.96500000 1009.00000 113.84000 17.35000 70.26000
23 1 21 13 26 26228.60000 5.96500000 1008.70000 113.84000 17.35000 70.26000
23 1 21 13 26 26246.90000 5.96500000 1010.14000 113.84000 17.35000 70.26000
23 1 21 13 27 26240.20000 5.96500000 1010.24000 113.84000 17.35000 70.26000
23 1 21 13 27 26268.70000 5.96500000 1010.88000 113.84000 17.35000 70.26000
23 1 21 13 28 26261.00000 5.96500000 1010.20000 113.73000 17.35000 70.26000
23 1 21 13 28 26255.00000 5.96500000 1010.23000 113.78000 17.35000 70.20200
23 1 21 13 28 26271.90000 6.06600000 1011.04000 113.78000 17.35000 70.32000
23 1 21 13 29 26282.40000 6.06600000 1012.86000 113.89000 17.34300 70.32000
23 1 21 13 29 26300.00000 6.06600000 1014.90000 113.89000 17.34300 70.32000
23 1 21 13 30 26257.40000 6.06600000 1012.58000 113.89000 17.34300 70.32000
23 1 21 13 30 26266.30000 6.06300000 1012.03000 113.89000 17.34300 70.32000
23 1 21 13 30 26266.20000 6.07900000 1012.50000 113.89000 17.34300 70.32000
23 1 21 13 31 26278.10000 6.08300000 1013.44000 113.91000 17.34300 70.32000
23 1 21 13 31 26280.50000 6.08300000 1016.31000 114.14000 17.34300 70.60600
23 1 21 13 32 26300.00000 6.08300000 1017.11000 114.08000 17.34300 70.64400
23 1 21 13 32 26300.00000 6.08300000 1016.39000 114.08000 17.34300 70.82900
23 1 21 13 33 26300.00000 6.08300000 1016.31000 114.11000 17.34300 70.82900
23 1 21 13 33 26286.90000 6.08300000 1016.00000 114.11000 17.34300 70.73800
23 1 21 13 34 26300.00000 6.08300000 1015.69000 114.11000 17.34300 70.73800
23 1 21 13 34 26300.00000 6.08300000 1015.70000 114.11000 17.34300 70.73800
23 1 21 13 34 26299.90000 6.08300000 1015.29000 113.96000 17.34300 70.73800
23 1 21 13 35 26290.00000 6.08300000 1015.55000 114.01000 17.34300 70.73800
23 1 21 13 35 26289.60000 6.08300000 1014.02000 114.11000 17.34300 70.73800
23 1 21 13 36 26280.10000 6.08300000 1013.00000 114.11000 17.34300 70.59800
23 1 21 13 36 26285.30000 6.08300000 1013.84000 114.11000 17.34300 70.59800
23 1 21 13 36 26267.30000 6.10000000 1013.85000 113.93000 17.34300 70.59800
23 1 21 13 37 26266.30000 6.10000000 1013.44000 113.93000 17.34300 70.59800
23 1 21 13 37 26266.20000 6.10000000 1014.00000 113.95000 17.34300 70.59800
