M=[
11 4 21 08 16 50079.60000 17.44400000 1789.95000 219.41000 41.70900 187.35400
11 4 21 08 17 50079.50000 17.44500000 1789.95000 219.12000 41.70900 187.35400
11 4 21 08 17 50079.60000 17.44500000 1789.94000 218.71000 41.70900 187.35400
11 4 21 08 18 50079.50000 17.44500000 1789.82000 218.78000 41.70900 187.35400
11 4 21 08 18 50079.60000 17.44500000 1790.59000 218.60000 41.69800 187.36500
11 4 21 08 18 50080.90000 17.44500000 1790.33000 218.31000 41.69800 187.36500
11 4 21 08 19 50100.00000 17.44400000 1790.45000 218.38000 41.69800 187.36500
11 4 21 08 19 50107.10000 17.44400000 1790.68000 218.27000 41.69800 187.36500
11 4 21 08 20 50147.40000 17.40900000 1790.68000 218.53000 41.69800 187.31100
11 4 21 08 20 50147.50000 17.40900000 1790.68000 218.28000 41.69800 187.16500
11 4 21 08 21 50152.20000 17.40900000 1790.70000 218.41000 41.69800 187.16500
11 4 21 08 21 50219.20000 17.40900000 1790.91000 218.01000 41.69800 187.25900
11 4 21 08 21 50219.40000 17.40900000 1791.57000 218.40000 41.69800 187.85400
11 4 21 08 22 50250.00000 17.44600000 1792.25000 218.87000 41.69800 187.81600
11 4 21 08 22 50281.60000 17.44600000 1792.25000 219.18000 41.69800 188.39000
11 4 21 08 23 50287.70000 17.44600000 1791.97000 219.20000 41.63700 188.39000
11 4 21 08 23 50287.70000 17.47200000 1792.48000 219.05000 41.63700 187.98100
11 4 21 08 24 50287.60000 17.47200000 1792.78000 218.87000 41.63700 187.98100
11 4 21 08 24 50307.40000 17.49500000 1793.20000 218.69000 41.63700 187.98100
11 4 21 08 24 50317.90000 17.49500000 1792.82000 218.87000 41.63700 187.98100
11 4 21 08 25 50346.30000 17.49500000 1793.49000 218.80000 41.63700 187.98100
11 4 21 08 25 50335.30000 17.49500000 1793.49000 218.68000 41.63700 187.98100
11 4 21 08 26 50317.90000 17.49500000 1793.50000 218.67000 41.63700 188.04000
11 4 21 08 26 50317.90000 17.49500000 1793.00000 218.60000 41.63700 188.04000
11 4 21 08 27 50284.20000 17.49500000 1793.00000 218.24000 41.63700 188.04000
11 4 21 08 27 50285.10000 17.49500000 1793.01000 218.24000 41.63700 188.04000
11 4 21 08 27 50286.70000 17.49500000 1793.00000 218.05000 41.63700 188.04000
11 4 21 08 28 50288.40000 17.49500000 1793.01000 218.17000 41.63700 187.68700
11 4 21 08 28 50286.50000 17.49500000 1793.00000 218.10000 41.63700 187.68700
11 4 21 08 29 50286.60000 17.46800000 1791.43000 218.05000 41.63700 187.68700
11 4 21 08 29 50286.50000 17.46800000 1791.63000 217.86000 41.63700 187.68700
11 4 21 08 30 50296.70000 17.46800000 1792.50000 218.10000 41.63700 187.68700
11 4 21 08 30 50296.70000 17.50000000 1793.37000 217.94000 41.63700 187.67100
11 4 21 08 30 50296.70000 17.50000000 1793.83000 217.84000 41.63700 187.67100
11 4 21 08 31 50296.60000 17.50600000 1793.83000 217.85000 41.63700 187.68000
11 4 21 08 31 50296.70000 17.50600000 1793.84000 217.68000 41.63700 187.68000
11 4 21 08 32 50286.50000 17.50600000 1793.84000 217.38000 41.63700 187.47300
11 4 21 08 32 50286.50000 17.50500000 1793.44000 217.00000 41.63700 187.47300
11 4 21 08 33 50286.50000 17.50500000 1793.01000 217.01000 41.63700 187.47300
11 4 21 08 33 50233.00000 17.50500000 1791.80000 217.00000 41.63700 187.47300
11 4 21 08 33 50243.90000 17.50700000 1793.83000 217.07000 41.63700 186.83700
11 4 21 08 34 50243.80000 17.54800000 1793.84000 217.11000 41.63700 187.05100
11 4 21 08 34 50243.90000 17.54800000 1795.00000 217.20000 41.63700 187.02000
11 4 21 08 35 50269.70000 17.57600000 1795.00000 217.17000 41.63700 187.30000
11 4 21 08 35 50257.50000 17.61600000 1795.00000 217.11000 41.63700 187.30000
11 4 21 08 36 50253.80000 17.59200000 1794.91000 216.61000 41.63700 187.30000
11 4 21 08 36 50237.50000 17.59200000 1794.89000 216.53000 41.63700 186.73000
11 4 21 08 36 50233.70000 17.59200000 1794.95000 216.58000 41.63700 186.94600
11 4 21 08 37 50229.10000 17.59200000 1794.94000 216.80000 41.63700 186.94600
11 4 21 08 37 50239.90000 17.59200000 1794.94000 216.80000 41.63700 186.94600
11 4 21 08 38 50236.50000 17.55000000 1794.28000 216.70000 41.63700 186.94600
11 4 21 08 38 50236.50000 17.55000000 1794.52000 216.95000 41.63700 186.94600
11 4 21 08 39 50237.50000 17.55000000 1794.54000 216.88000 41.63700 186.97000
11 4 21 08 39 50228.90000 17.55000000 1794.37000 216.85000 41.63700 186.97000
11 4 21 08 39 50210.10000 17.55000000 1794.10000 216.75000 41.63700 186.97000
11 4 21 08 40 50208.70000 17.55000000 1793.67000 216.75000 41.63700 186.97000
11 4 21 08 40 50208.20000 17.55000000 1793.67000 216.76000 41.63700 186.97000
11 4 21 08 41 50214.70000 17.55000000 1794.10000 216.78000 41.63600 186.97000
11 4 21 08 41 50212.50000 17.50400000 1793.18000 216.75000 41.63600 186.97000
11 4 21 08 41 50200.00000 17.49400000 1792.84000 216.45000 41.63600 186.97000
11 4 21 08 42 50187.50000 17.49400000 1793.84000 216.47000 41.63600 186.97000
11 4 21 08 42 50199.70000 17.49400000 1793.80000 216.47000 41.63600 186.97000
11 4 21 08 43 50238.20000 17.49400000 1793.80000 217.00000 42.22000 187.16700
11 4 21 08 43 50245.80000 17.49400000 1793.73000 217.23000 42.22000 187.25700
11 4 21 08 44 50250.00000 17.49400000 1794.45000 217.37000 42.22000 187.25700
11 4 21 08 44 50250.00000 17.49400000 1794.38000 217.39000 42.22000 187.35400
11 4 21 08 44 50249.90000 17.49400000 1794.65000 217.41000 42.22100 188.33700
11 4 21 08 45 50249.90000 17.49400000 1794.74000 217.47000 42.22100 188.62600
11 4 21 08 45 50249.90000 17.49400000 1794.98000 217.73000 42.22100 188.62600
11 4 21 08 46 50250.00000 17.49400000 1794.99000 217.75000 42.24700 188.44900
11 4 21 08 46 50250.00000 17.49400000 1794.99000 217.81000 42.24700 188.21300
11 4 21 08 47 50258.80000 17.49400000 1795.00000 217.68000 42.24700 188.21300
11 4 21 08 47 50258.80000 17.49400000 1794.99000 217.68000 42.24700 188.12200
11 4 21 08 47 50287.70000 17.47200000 1795.43000 217.54000 42.24700 188.12200
11 4 21 08 48 50287.70000 17.47200000 1795.43000 217.50000 42.24600 188.04800
11 4 21 08 48 50290.00000 17.47200000 1795.43000 217.49000 42.24600 188.04400
11 4 21 08 49 50296.50000 17.46100000 1795.42000 217.12000 42.24600 188.00000
11 4 21 08 49 50296.60000 17.46100000 1795.42000 217.12000 42.24600 188.00000
11 4 21 08 50 50291.10000 17.46100000 1795.42000 217.12000 42.24600 187.92500
11 4 21 08 50 50290.00000 17.46100000 1795.10000 216.67000 42.24600 187.92500
11 4 21 08 50 50290.00000 17.46100000 1795.41000 216.88000 42.24600 187.92500
11 4 21 08 51 50290.00000 17.46100000 1795.43000 216.70000 42.24600 187.78000
11 4 21 08 51 50290.10000 17.46100000 1795.35000 216.62000 42.24600 187.78000
11 4 21 08 52 50290.10000 17.46100000 1795.40000 216.46000 42.24600 187.36900
11 4 21 08 52 50289.40000 17.46100000 1795.40000 216.42000 42.24600 187.36900
11 4 21 08 53 50240.00000 17.46100000 1795.35000 216.28000 42.24600 187.36900
11 4 21 08 53 50249.90000 17.46100000 1795.42000 216.89000 42.24600 187.79900
11 4 21 08 53 50247.70000 17.46100000 1795.42000 216.95000 42.24600 187.79900
11 4 21 08 54 50250.00000 17.46100000 1795.43000 217.48000 42.24600 187.53900
11 4 21 08 54 50250.00000 17.46100000 1795.43000 217.68000 42.24600 187.53900
11 4 21 08 55 50250.00000 17.46100000 1796.00000 217.95000 42.24600 187.53900
11 4 21 08 55 50249.90000 17.46100000 1796.49000 217.55000 41.90700 187.53900
11 4 21 08 56 50249.90000 17.46100000 1796.49000 217.44000 41.90700 187.59500
11 4 21 08 56 50238.30000 17.46100000 1796.67000 217.45000 41.90700 187.59500
11 4 21 08 56 50238.40000 17.46100000 1797.39000 217.62000 41.90700 187.74400
11 4 21 08 57 50249.80000 17.46100000 1797.50000 217.74000 41.90700 187.60200
11 4 21 08 57 50249.80000 17.46100000 1797.50000 217.75000 41.90700 187.47200
11 4 21 08 58 50249.90000 17.47100000 1797.29000 217.46000 41.90700 187.47200
11 4 21 08 58 50251.70000 17.47100000 1797.29000 217.52000 41.90700 187.47200
11 4 21 08 59 50251.80000 17.47100000 1796.68000 217.18000 41.90700 187.47200
11 4 21 08 59 50251.80000 17.47100000 1796.32000 217.03000 41.90700 187.47200
11 4 21 08 59 50245.10000 17.45500000 1796.05000 216.52000 41.90700 187.02800
