M=[
10 2 21 04 53 37986.00000 8.79400000 1477.49000 153.59000 21.04800 90.62200
10 2 21 04 54 37995.80000 8.79400000 1477.49000 153.73000 21.04800 90.62200
10 2 21 04 54 37984.20000 8.78100000 1476.70000 153.88000 21.04800 91.20300
10 2 21 04 54 37990.80000 8.78100000 1476.70000 153.99000 21.04800 91.26900
10 2 21 04 55 37977.00000 8.78100000 1475.00000 153.96000 21.04800 91.26900
10 2 21 04 55 37988.80000 8.78100000 1475.37000 153.97000 21.04800 91.26900
10 2 21 04 56 38000.00000 8.78100000 1475.35000 153.78000 21.04800 91.26900
10 2 21 04 56 37998.00000 8.78100000 1476.02000 153.98000 21.04800 91.26900
10 2 21 04 57 37998.10000 8.79400000 1476.02000 153.92000 21.04800 91.26900
10 2 21 04 57 37990.90000 8.78400000 1475.35000 153.79000 21.04800 91.26900
10 2 21 04 57 37975.10000 8.78400000 1475.35000 153.78000 21.04800 91.26900
10 2 21 04 58 37962.20000 8.81600000 1475.34000 153.81000 21.04800 91.26900
10 2 21 04 58 37982.40000 8.81600000 1475.02000 154.09000 21.04800 91.26900
10 2 21 04 59 37983.00000 8.78400000 1475.02000 154.09000 21.04800 91.26900
10 2 21 04 59 38000.00000 8.78400000 1475.34000 154.09000 21.04800 91.26900
10 2 21 05 00 38000.00000 8.78400000 1475.33000 154.35000 21.04800 91.26900
10 2 21 05 00 37999.90000 8.78400000 1475.34000 154.41000 21.04800 91.26900
10 2 21 05 00 37951.70000 8.78400000 1475.95000 154.32000 21.04800 91.26900
10 2 21 05 01 37950.20000 8.78400000 1475.07000 154.08000 21.04800 91.26900
10 2 21 05 01 37950.20000 8.78400000 1475.07000 154.08000 21.04800 91.26900
10 2 21 05 02 37972.80000 8.78400000 1475.96000 154.44000 21.04800 91.26900
10 2 21 05 02 37980.80000 8.78400000 1476.02000 154.32000 21.04800 91.26900
10 2 21 05 03 37975.30000 8.78400000 1476.02000 154.31000 21.04800 91.26900
10 2 21 05 03 37977.20000 8.87200000 1476.74000 154.36000 21.04800 91.26900
10 2 21 05 03 37946.50000 8.87200000 1476.07000 154.20000 21.04800 91.26900
10 2 21 05 04 37933.20000 8.87200000 1476.13000 154.30000 21.04800 91.26900
10 2 21 05 04 37947.00000 8.87200000 1476.25000 154.30000 21.04800 91.26900
10 2 21 05 05 37910.10000 8.87200000 1476.25000 154.12000 21.04800 90.72700
10 2 21 05 05 37905.90000 8.87200000 1475.01000 154.12000 21.04800 90.72700
10 2 21 05 06 37926.90000 8.87200000 1475.00000 153.79000 21.04800 90.72700
10 2 21 05 06 37948.80000 8.87200000 1475.01000 154.07000 21.05000 90.72700
10 2 21 05 06 37998.40000 8.83000000 1475.00000 154.30000 21.05100 90.72700
10 2 21 05 07 38000.00000 8.83000000 1475.36000 154.56000 21.05100 90.72700
10 2 21 05 07 38000.00000 8.83000000 1475.29000 154.56000 21.05100 90.72700
10 2 21 05 08 38000.00000 8.83000000 1475.18000 154.56000 21.05100 90.53400
10 2 21 05 08 38000.00000 8.83000000 1476.33000 154.69000 21.05100 90.53400
10 2 21 05 09 38102.20000 8.83000000 1476.37000 154.71000 21.05100 90.53400
10 2 21 05 09 38113.20000 8.83000000 1476.65000 154.72000 21.05100 90.53400
10 2 21 05 09 38147.60000 8.83000000 1477.58000 154.72000 21.05100 90.53400
10 2 21 05 10 38155.10000 8.81300000 1477.82000 154.79000 21.05100 90.53400
10 2 21 05 10 38148.80000 8.81300000 1477.42000 154.84000 21.05100 90.53400
10 2 21 05 11 38142.80000 8.81300000 1476.13000 154.71000 21.05100 90.53400
10 2 21 05 11 38134.20000 8.81300000 1476.13000 154.70000 21.05100 90.53400
10 2 21 05 12 38120.00000 8.88300000 1477.55000 154.85000 21.05100 90.53400
10 2 21 05 12 38124.60000 8.88300000 1477.55000 155.23000 21.05100 90.71900
10 2 21 05 12 38164.30000 8.86000000 1478.17000 155.23000 21.05100 90.71900
10 2 21 05 13 38165.20000 8.86000000 1478.11000 155.57000 21.05100 90.71900
10 2 21 05 13 38128.20000 8.86000000 1478.14000 155.44000 21.05100 90.71900
10 2 21 05 14 38150.50000 8.86000000 1478.13000 155.78000 21.05100 90.71900
10 2 21 05 14 38121.80000 8.90100000 1477.30000 155.81000 21.05100 90.71900
10 2 21 05 15 38125.30000 8.90100000 1476.72000 155.57000 21.05100 90.71900
10 2 21 05 15 38100.70000 8.92000000 1476.91000 155.93000 21.05100 90.71900
10 2 21 05 15 38069.60000 8.91600000 1476.91000 155.89000 21.05100 90.71900
10 2 21 05 16 38074.80000 8.91600000 1476.32000 155.88000 21.05100 90.71900
10 2 21 05 16 38084.60000 8.91600000 1475.79000 155.99000 21.05100 90.71900
10 2 21 05 17 38100.30000 8.91600000 1476.82000 156.20000 21.05100 90.71900
10 2 21 05 17 38115.80000 8.91600000 1477.05000 156.60000 21.05100 90.71900
10 2 21 05 18 38147.50000 8.93700000 1477.82000 156.82000 21.05100 91.13000
10 2 21 05 18 38171.10000 8.93700000 1477.85000 156.64000 21.05100 91.13000
10 2 21 05 18 38191.90000 8.93700000 1478.20000 157.08000 21.05100 91.13000
10 2 21 05 19 38193.60000 8.93700000 1478.19000 157.20000 21.05100 91.13000
10 2 21 05 19 38183.60000 8.93700000 1477.81000 156.92000 21.05100 91.13000
10 2 21 05 20 38180.80000 8.93700000 1477.76000 157.14000 21.05100 91.13000
10 2 21 05 20 38177.60000 8.93700000 1477.76000 157.29000 21.05100 91.13000
10 2 21 05 21 38172.90000 8.93700000 1477.76000 157.30000 21.05100 91.13000
10 2 21 05 21 38133.50000 8.93900000 1477.47000 156.90000 21.05100 91.13000
10 2 21 05 21 38108.80000 8.94900000 1477.47000 156.39000 21.05100 91.13000
10 2 21 05 22 38119.30000 8.94900000 1477.47000 156.91000 21.05100 91.13000
10 2 21 05 22 38140.70000 8.95900000 1477.47000 157.22000 21.05100 91.13000
10 2 21 05 23 38138.80000 8.92000000 1478.68000 157.28000 21.05100 91.13000
10 2 21 05 23 38146.00000 8.92000000 1478.68000 157.28000 21.05100 91.13000
10 2 21 05 24 38170.40000 8.92000000 1480.00000 157.44000 21.05100 91.13000
10 2 21 05 24 38189.10000 8.92000000 1481.72000 157.75000 21.05100 91.13000
10 2 21 05 24 38211.00000 8.92000000 1481.84000 158.00000 21.05100 91.13000
10 2 21 05 25 38186.40000 8.96000000 1482.46000 157.71000 21.05100 91.13000
10 2 21 05 25 38161.10000 8.96000000 1482.80000 157.90000 21.05100 91.13000
10 2 21 05 26 38175.00000 9.00000000 1482.99000 157.92000 21.15800 91.13000
10 2 21 05 26 38186.10000 8.97500000 1484.01000 158.01000 21.15800 91.28600
10 2 21 05 27 38166.30000 8.97500000 1483.89000 157.84000 21.15800 91.28600
10 2 21 05 27 38167.80000 8.97500000 1482.90000 157.81000 21.15800 91.28600
10 2 21 05 28 38195.70000 8.97500000 1483.07000 157.83000 21.15800 91.28600
10 2 21 05 28 38190.10000 8.97500000 1483.00000 157.35000 21.15800 91.43300
10 2 21 05 28 38223.00000 8.97500000 1483.00000 157.99000 21.15800 91.43300
10 2 21 05 29 38223.90000 8.97500000 1483.00000 157.93000 21.15800 91.43300
10 2 21 05 29 38208.10000 8.97500000 1483.01000 157.50000 21.15800 91.43300
10 2 21 05 30 38182.10000 8.97500000 1481.61000 157.37000 21.15800 91.27600
10 2 21 05 30 38171.50000 9.02300000 1480.98000 157.37000 21.15800 91.27600
10 2 21 05 31 38166.10000 9.02300000 1481.06000 157.67000 21.15800 91.27600
10 2 21 05 31 38172.30000 9.02300000 1482.48000 157.90000 21.15800 91.27600
10 2 21 05 31 38175.50000 9.02300000 1481.95000 157.94000 21.15800 91.49800
10 2 21 05 32 38189.40000 9.02300000 1483.13000 158.43000 21.15800 91.49800
10 2 21 05 32 38169.60000 9.06800000 1482.73000 158.54000 21.15800 91.49800
10 2 21 05 33 38194.10000 9.06800000 1482.73000 158.82000 21.15800 91.58700
10 2 21 05 33 38204.50000 9.06800000 1485.00000 158.77000 21.15800 91.66800
10 2 21 05 34 38231.90000 9.03500000 1485.43000 158.82000 21.15800 91.67000
10 2 21 05 34 38211.80000 9.03500000 1485.43000 159.04000 21.16500 91.70800
10 2 21 05 34 38217.40000 9.03500000 1485.43000 158.59000 21.16500 91.70800
10 2 21 05 35 38196.70000 9.03500000 1484.16000 157.65000 21.16500 91.88800
10 2 21 05 35 38196.80000 9.01200000 1483.33000 157.74000 21.16500 91.88800
10 2 21 05 36 38196.20000 9.01200000 1484.23000 157.37000 21.16500 91.88800
10 2 21 05 36 38204.40000 9.01200000 1483.77000 157.55000 21.16500 91.99300
10 2 21 05 37 38208.10000 9.01200000 1483.98000 157.55000 21.16500 92.09100
10 2 21 05 37 38190.10000 9.01200000 1484.04000 157.67000 21.16500 92.09100
10 2 21 05 37 38205.00000 9.07500000 1485.17000 157.70000 21.16500 92.09100
10 2 21 05 38 38205.50000 9.07500000 1484.78000 157.68000 21.16500 92.09100
