M=[
10 10 20 23 12 9524.50000 4.82500000 314.14000 41.23000 12.17200 56.25700
10 10 20 23 12 9526.70000 4.82500000 314.24000 41.27000 12.17200 56.25700
10 10 20 23 13 9534.00000 4.82500000 314.24000 41.27000 12.17200 56.25700
10 10 20 23 13 9534.00000 4.82500000 314.24000 41.27000 12.17200 56.25700
10 10 20 23 14 9525.00000 4.82500000 314.25000 41.28000 12.17200 56.09500
10 10 20 23 14 9524.90000 4.82500000 314.25000 41.28000 12.17200 56.09500
10 10 20 23 14 9524.90000 4.82500000 314.10000 41.28000 12.17200 56.09500
10 10 20 23 15 9524.80000 4.82500000 313.94000 41.28000 12.17200 56.09500
10 10 20 23 15 9524.90000 4.82500000 313.94000 41.28000 12.17200 56.09500
10 10 20 23 16 9525.80000 4.82500000 313.94000 41.28000 12.17200 56.09500
10 10 20 23 16 9525.80000 4.82500000 313.94000 41.28000 12.17200 56.09500
10 10 20 23 17 9528.90000 4.82500000 314.03000 41.28000 12.17200 56.09500
10 10 20 23 17 9528.90000 4.82500000 314.23000 41.28000 12.17200 56.09500
10 10 20 23 17 9528.90000 4.82500000 314.30000 41.26000 12.17200 56.09500
10 10 20 23 18 9531.90000 4.82500000 314.23000 41.26000 12.17200 56.09500
10 10 20 23 18 9531.80000 4.82500000 314.23000 41.26000 12.17200 56.09500
10 10 20 23 19 9531.80000 4.82500000 314.37000 41.26000 12.17200 56.09500
10 10 20 23 19 9537.50000 4.82500000 314.37000 41.26000 12.17200 56.09500
10 10 20 23 20 9535.90000 4.82500000 314.37000 41.25000 12.17200 56.09500
10 10 20 23 20 9535.90000 4.82500000 314.08000 41.25000 12.17200 56.09500
10 10 20 23 20 9532.10000 4.82500000 314.07000 41.25000 12.17200 56.09500
10 10 20 23 21 9534.30000 4.82500000 314.07000 41.25000 12.17200 56.09500
10 10 20 23 21 9534.90000 4.82500000 314.07000 41.22000 12.17200 56.09500
10 10 20 23 22 9534.90000 4.82500000 314.07000 41.22000 12.17200 56.09500
10 10 20 23 22 9531.70000 4.82500000 314.07000 41.22000 12.17200 56.09500
10 10 20 23 23 9531.60000 4.82500000 314.06000 41.22000 12.17200 56.09500
10 10 20 23 23 9531.70000 4.82500000 314.06000 41.22000 12.17200 56.09500
10 10 20 23 23 9531.60000 4.82500000 314.06000 41.22000 12.17200 56.09500
10 10 20 23 24 9531.60000 4.82500000 314.07000 41.22000 12.17200 56.09500
10 10 20 23 24 9531.60000 4.82500000 314.07000 41.22000 12.17200 56.09500
10 10 20 23 25 9531.70000 4.82500000 314.06000 41.22000 12.17200 56.09500
10 10 20 23 25 9531.70000 4.82500000 313.70000 41.12000 12.17200 56.09500
10 10 20 23 26 9528.90000 4.82500000 313.38000 41.13000 12.17200 56.09500
10 10 20 23 26 9528.80000 4.82500000 313.38000 41.13000 12.17200 56.09500
10 10 20 23 26 9528.80000 4.82500000 313.79000 41.13000 12.17200 56.09500
10 10 20 23 27 9531.00000 4.82500000 313.79000 41.13000 12.17200 56.09500
10 10 20 23 27 9531.00000 4.82500000 313.79000 41.10000 12.17200 56.09500
10 10 20 23 28 9529.60000 4.82500000 313.30000 41.10000 12.17200 56.09500
10 10 20 23 28 9529.20000 4.82500000 313.60000 41.10000 12.17200 56.09500
10 10 20 23 29 9527.90000 4.82500000 313.62000 41.11000 12.17200 56.09500
10 10 20 23 29 9528.00000 4.82500000 313.62000 41.10000 12.17200 56.09000
10 10 20 23 29 9527.90000 4.82500000 313.57000 41.10000 12.17200 56.09000
10 10 20 23 30 9524.00000 4.82500000 313.57000 41.00000 12.17200 56.09000
10 10 20 23 30 9524.10000 4.82500000 313.57000 41.01000 12.17200 56.09000
10 10 20 23 31 9524.00000 4.82500000 313.40000 41.01000 12.17200 56.09000
10 10 20 23 31 9524.10000 4.82500000 313.25000 41.01000 12.17200 56.09000
10 10 20 23 32 9524.10000 4.82500000 313.06000 41.01000 12.17200 56.09000
10 10 20 23 32 9521.80000 4.81700000 313.01000 41.01000 12.17200 56.09000
10 10 20 23 32 9516.30000 4.81700000 312.10000 40.98000 12.17200 56.09000
10 10 20 23 33 9516.00000 4.81700000 312.17000 40.93000 12.17200 55.83700
10 10 20 23 33 9508.60000 4.81700000 312.17000 40.93000 12.17200 55.83700
10 10 20 23 34 9503.10000 4.81700000 311.66000 40.85000 12.17200 55.52000
10 10 20 23 34 9503.00000 4.81700000 311.98000 40.85000 12.17200 55.52000
10 10 20 23 35 9503.10000 4.81700000 311.99000 40.89000 12.17200 55.52000
10 10 20 23 35 9503.00000 4.81700000 311.98000 40.89000 12.17200 55.52000
10 10 20 23 35 9499.40000 4.81700000 311.98000 40.92000 12.17200 55.49000
10 10 20 23 36 9499.60000 4.81700000 311.99000 40.92000 12.17200 55.49000
10 10 20 23 36 9500.70000 4.81700000 312.04000 40.92000 12.17200 55.49000
10 10 20 23 37 9504.90000 4.81700000 312.02000 40.92000 12.15900 55.49000
10 10 20 23 37 9504.80000 4.81700000 312.42000 40.92000 12.15900 55.49000
10 10 20 23 38 9509.50000 4.81700000 312.35000 40.92000 12.15900 55.49000
10 10 20 23 38 9515.30000 4.81700000 312.39000 40.92000 12.15900 55.49000
10 10 20 23 38 9516.40000 4.81700000 312.39000 40.92000 12.15900 55.49000
10 10 20 23 39 9516.10000 4.81700000 312.39000 40.92000 12.15900 55.49000
10 10 20 23 39 9514.10000 4.81700000 312.38000 40.92000 12.15900 55.49000
10 10 20 23 40 9514.00000 4.81700000 312.38000 40.92000 12.15900 55.49000
10 10 20 23 40 9514.10000 4.81700000 312.38000 40.92000 12.15900 55.49000
10 10 20 23 41 9511.00000 4.81700000 312.36000 40.92000 12.15900 55.49000
10 10 20 23 41 9510.30000 4.81700000 312.17000 40.99000 12.15900 55.49000
10 10 20 23 41 9514.10000 4.81700000 312.17000 40.99000 12.15900 55.49000
10 10 20 23 42 9513.90000 4.81700000 312.17000 40.99000 12.15900 55.49000
10 10 20 23 42 9514.00000 4.81700000 312.17000 40.99000 12.15900 55.49000
10 10 20 23 43 9513.90000 4.81700000 312.17000 40.98000 12.15900 55.49000
10 10 20 23 43 9513.90000 4.81700000 312.17000 41.00000 12.15900 55.49000
10 10 20 23 44 9522.00000 4.81700000 312.51000 41.00000 12.15900 55.49000
10 10 20 23 44 9523.00000 4.81700000 312.51000 41.00000 12.15900 55.49000
10 10 20 23 44 9527.10000 4.81700000 312.93000 41.20000 12.15900 55.49000
10 10 20 23 45 9527.10000 4.81700000 312.81000 41.20000 12.15900 55.49000
10 10 20 23 45 9527.00000 4.81700000 312.81000 41.20000 12.15900 55.49000
10 10 20 23 46 9527.80000 4.81700000 312.81000 41.18000 12.15900 55.49000
10 10 20 23 46 9528.10000 4.81700000 312.81000 41.19000 12.15900 55.49000
10 10 20 23 47 9528.10000 4.81700000 312.80000 41.19000 12.15900 55.49000
10 10 20 23 47 9526.80000 4.81700000 312.80000 41.19000 12.15900 55.49000
10 10 20 23 47 9526.80000 4.83700000 312.81000 41.16000 12.15900 55.49000
10 10 20 23 48 9526.80000 4.83700000 312.81000 41.16000 12.15900 55.49000
10 10 20 23 48 9523.40000 4.83700000 312.81000 41.16000 12.15900 55.49000
10 10 20 23 49 9517.10000 4.83700000 312.28000 41.16000 12.15900 55.49000
10 10 20 23 49 9515.00000 4.83700000 312.39000 41.16000 12.15800 55.49000
10 10 20 23 50 9515.00000 4.83700000 312.39000 41.16000 12.15800 55.49000
10 10 20 23 50 9512.50000 4.83700000 312.39000 41.16000 12.15800 55.49000
10 10 20 23 50 9512.50000 4.83700000 312.15000 41.16000 12.15800 55.49000
10 10 20 23 51 9512.50000 4.83700000 312.15000 41.16000 12.15800 55.49000
10 10 20 23 51 9512.50000 4.83700000 312.15000 41.11000 12.15800 55.49000
10 10 20 23 52 9506.30000 4.83700000 311.98000 41.11000 12.15800 55.49000
10 10 20 23 52 9504.60000 4.83700000 311.65000 41.11000 12.15800 55.49000
10 10 20 23 53 9505.10000 4.83700000 311.66000 41.11000 12.15800 55.49000
10 10 20 23 53 9513.70000 4.83700000 311.91000 41.11000 12.15800 55.49000
10 10 20 23 53 9513.70000 4.83700000 312.03000 41.11000 12.15800 55.49000
10 10 20 23 54 9513.70000 4.83700000 312.03000 41.11000 12.15800 55.49000
10 10 20 23 54 9518.40000 4.83700000 312.25000 41.11000 12.15800 55.49000
10 10 20 23 55 9518.40000 4.83700000 312.25000 41.11000 12.15800 55.49000
10 10 20 23 55 9515.70000 4.83700000 312.25000 41.11000 12.15800 55.49000
10 10 20 23 56 9511.50000 4.83700000 312.25000 41.11000 12.15800 55.49000
10 10 20 23 56 9513.20000 4.83700000 312.34000 41.15000 12.15800 55.49000
10 10 20 23 56 9513.20000 4.83700000 312.34000 41.15000 12.06300 55.49000
10 10 20 23 57 9516.60000 4.83700000 312.57000 41.15000 12.06300 55.49000
10 10 20 23 57 9519.90000 4.81200000 312.57000 41.15000 12.06300 55.49000
10 10 20 23 58 9519.90000 4.81200000 312.80000 41.15000 12.06300 55.49000
