M=[
 8 9 20 13 41 8470.70000 4.24200000 284.35000 40.09000 14.27500 50.22900
 8 9 20 13 42 8469.00000 4.24200000 283.52000 40.09000 14.27500 50.04000
 8 9 20 13 42 8469.60000 4.24200000 283.76000 39.93000 14.27500 50.13000
 8 9 20 13 43 8466.60000 4.24200000 283.36000 39.93000 14.27500 50.13000
 8 9 20 13 43 8466.50000 4.24200000 283.00000 39.94000 14.27500 50.17900
 8 9 20 13 44 8474.70000 4.24200000 283.34000 39.94000 14.27500 50.17900
 8 9 20 13 45 8465.50000 4.24200000 283.69000 39.94000 14.27500 50.17200
 8 9 20 13 45 8470.30000 4.24200000 283.64000 39.94000 14.27500 50.17200
 8 9 20 13 46 8490.90000 4.24200000 284.31000 39.94000 14.27500 50.18000
 8 9 20 13 46 8497.60000 4.24200000 285.00000 39.94000 14.27500 50.18000
 8 9 20 13 47 8488.10000 4.24200000 284.41000 39.94000 14.14300 50.18000
 8 9 20 13 47 8489.80000 4.24000000 284.69000 39.94000 14.06400 50.18000
 8 9 20 13 48 8476.70000 4.24000000 283.73000 39.96000 14.06400 50.18000
 8 9 20 13 48 8475.10000 4.24000000 284.09000 39.96000 14.06400 50.18000
 8 9 20 13 49 8472.20000 4.24000000 283.73000 40.00000 14.06400 50.18000
 8 9 20 13 49 8473.00000 4.24000000 283.96000 40.00000 14.06400 50.18000
 8 9 20 13 50 8472.20000 4.24000000 283.67000 40.00000 14.06400 50.18000
 8 9 20 13 50 8485.00000 4.24000000 284.04000 39.98000 14.06400 50.18000
 8 9 20 13 51 8486.30000 4.24000000 284.04000 40.01000 14.06400 50.18000
 8 9 20 13 51 8480.80000 4.24000000 283.97000 39.96000 14.05000 50.18000
 8 9 20 13 52 8480.80000 4.24000000 283.90000 39.96000 14.05000 50.18000
 8 9 20 13 52 8473.10000 4.24000000 283.82000 39.97000 14.05000 50.18000
 8 9 20 13 52 8484.80000 4.24000000 284.17000 39.87000 14.05000 50.18000
 8 9 20 13 53 8473.20000 4.23000000 283.22000 39.90000 14.05000 50.18000
 8 9 20 13 54 8475.60000 4.25300000 283.51000 39.95000 14.05000 50.18000
 8 9 20 13 54 8486.60000 4.25300000 283.79000 39.95000 14.05000 50.18000
 8 9 20 13 55 8489.60000 4.25300000 284.26000 39.95000 14.05000 50.18000
 8 9 20 13 55 8489.50000 4.25300000 284.21000 39.95000 14.05000 50.18000
 8 9 20 13 56 8494.40000 4.25300000 284.57000 39.95000 14.05000 50.18000
 8 9 20 13 56 8504.90000 4.25300000 284.49000 40.02000 14.05000 50.18000
 8 9 20 13 57 8494.90000 4.25300000 284.56000 40.02000 14.05000 50.18000
 8 9 20 13 57 8508.40000 4.25300000 284.82000 40.02000 14.05000 50.18000
 8 9 20 13 58 8510.30000 4.25300000 285.36000 40.02000 14.05000 50.18000
 8 9 20 13 58 8507.40000 4.25300000 285.27000 40.02000 14.05000 50.18000
 8 9 20 13 59 8507.40000 4.25300000 285.27000 40.02000 14.05000 50.18000
 8 9 20 13 59 8506.40000 4.25300000 285.30000 40.02000 14.05000 50.18000
 8 9 20 13 59 8509.80000 4.25300000 285.50000 40.11000 14.05000 50.18000
 8 9 20 14 00 8506.50000 4.25300000 285.35000 40.11000 14.05000 50.18000
 8 9 20 14 00 8514.10000 4.25300000 285.46000 40.08000 14.05000 50.18000
 8 9 20 14 01 8516.20000 4.25300000 285.41000 40.11000 14.05000 50.18000
 8 9 20 14 01 8512.20000 4.23900000 284.95000 40.11000 14.05000 50.18000
 8 9 20 14 02 8516.00000 4.23900000 284.94000 40.11000 14.05000 50.18000
 8 9 20 14 02 8516.70000 4.23900000 285.29000 40.11000 14.05000 50.18000
 8 9 20 14 03 8517.50000 4.23900000 285.29000 40.11000 14.05000 50.18000
 8 9 20 14 03 8520.40000 4.23900000 285.26000 40.11000 14.05000 50.18000
 8 9 20 14 04 8521.60000 4.23900000 285.81000 40.11000 14.05000 50.18000
 8 9 20 14 04 8522.50000 4.23900000 285.77000 40.20000 14.05000 50.68700
 8 9 20 14 05 8518.50000 4.23900000 285.81000 40.20000 14.05000 50.68700
 8 9 20 14 05 8521.10000 4.23900000 285.81000 40.19000 14.05000 50.68700
 8 9 20 14 06 8521.10000 4.23900000 286.02000 40.19000 14.05000 50.68700
 8 9 20 14 06 8519.90000 4.23900000 285.54000 40.19000 14.05000 50.68700
 8 9 20 14 06 8519.80000 4.23900000 285.73000 40.16000 14.05000 50.68700
 8 9 20 14 07 8519.90000 4.23900000 285.90000 40.16000 14.05000 50.68700
 8 9 20 14 07 8534.80000 4.23900000 286.19000 40.16000 14.05000 50.68700
 8 9 20 14 08 8535.00000 4.23900000 286.66000 40.29000 14.05000 51.06000
 8 9 20 14 09 8550.00000 4.25300000 287.66000 40.33000 14.05000 51.06000
 8 9 20 14 09 8552.90000 4.25300000 287.62000 40.37000 14.05000 51.20800
 8 9 20 14 10 8553.40000 4.25300000 287.62000 40.37000 14.05000 51.20800
 8 9 20 14 11 8550.10000 4.25300000 287.62000 40.37000 14.05000 51.20800
 8 9 20 14 11 8552.90000 4.25300000 288.00000 40.40000 14.05000 51.20800
 8 9 20 14 12 8554.90000 4.25300000 287.91000 40.40000 14.05000 51.20800
 8 9 20 14 12 8550.20000 4.25300000 287.94000 40.40000 14.05000 51.34900
 8 9 20 14 13 8554.90000 4.25300000 288.62000 40.44000 14.05000 51.34900
 8 9 20 14 13 8562.70000 4.25300000 288.63000 40.44000 14.05000 51.34900
 8 9 20 14 14 8562.60000 4.25300000 288.96000 40.53000 14.09800 51.62200
 8 9 20 14 14 8563.10000 4.25300000 289.00000 40.56000 14.09800 51.62200
 8 9 20 14 15 8584.00000 4.25300000 290.55000 40.48000 14.11400 51.62200
 8 9 20 14 15 8593.70000 4.25300000 291.29000 40.67000 14.16100 51.62200
 8 9 20 14 16 8584.40000 4.25300000 290.27000 40.59000 14.05800 51.61300
 8 9 20 14 16 8579.70000 4.25300000 289.62000 40.57000 14.05800 51.61300
 8 9 20 14 17 8574.40000 4.25300000 289.37000 40.57000 14.03400 51.61300
 8 9 20 14 17 8578.80000 4.25300000 289.41000 40.57000 14.03400 51.61300
 8 9 20 14 18 8578.80000 4.25300000 289.67000 40.57000 14.03400 51.61300
 8 9 20 14 18 8580.10000 4.27400000 289.36000 40.61000 14.03400 51.61300
 8 9 20 14 19 8576.20000 4.27400000 289.50000 40.61000 14.03400 51.32800
 8 9 20 14 19 8576.20000 4.27400000 289.92000 40.61000 14.03400 51.32800
 8 9 20 14 19 8574.50000 4.27400000 289.87000 40.61000 14.03400 51.32800
 8 9 20 14 20 8574.50000 4.27400000 289.88000 40.61000 14.03400 51.32800
 8 9 20 14 20 8574.40000 4.27400000 289.80000 40.61000 14.03400 51.32800
 8 9 20 14 21 8569.40000 4.27400000 289.39000 40.61000 14.03400 51.12000
 8 9 20 14 21 8578.80000 4.27400000 290.00000 40.61000 14.03400 51.12000
 8 9 20 14 22 8576.90000 4.27400000 290.55000 40.61000 14.03400 51.12000
 8 9 20 14 22 8588.90000 4.27400000 291.58000 40.66000 14.03400 51.12000
 8 9 20 14 23 8583.80000 4.27400000 291.47000 40.66000 14.03400 51.12000
 8 9 20 14 23 8580.80000 4.27400000 291.44000 40.66000 14.03400 51.33800
 8 9 20 14 24 8577.10000 4.27400000 290.82000 40.63000 14.03400 51.33800
 8 9 20 14 24 8581.70000 4.28100000 291.45000 40.58000 14.03400 51.33800
 8 9 20 14 25 8582.20000 4.28100000 291.30000 40.58000 14.03400 51.33800
 8 9 20 14 25 8581.90000 4.28100000 291.45000 40.58000 14.03400 51.27900
 8 9 20 14 26 8584.20000 4.28100000 291.29000 40.61000 14.03400 51.27900
 8 9 20 14 26 8581.90000 4.28100000 290.95000 40.61000 14.03400 51.27900
 8 9 20 14 27 8581.70000 4.28100000 291.30000 40.61000 14.03400 51.27900
 8 9 20 14 27 8580.40000 4.28100000 291.19000 40.61000 14.03400 51.27900
 8 9 20 14 27 8580.20000 4.28100000 291.08000 40.61000 14.03400 51.27900
 8 9 20 14 28 8578.30000 4.28100000 291.20000 40.63000 14.02700 51.27900
 8 9 20 14 28 8577.90000 4.28100000 291.25000 40.63000 14.02700 51.27900
 8 9 20 14 29 8581.90000 4.28100000 292.00000 40.63000 14.02700 51.27900
 8 9 20 14 29 8589.90000 4.28100000 292.18000 40.63000 14.02700 51.27900
 8 9 20 14 30 8611.30000 4.29800000 292.97000 40.70000 14.02700 51.27900
 8 9 20 14 30 8607.30000 4.29800000 292.35000 40.70000 14.02700 51.27900
 8 9 20 14 31 8614.60000 4.31600000 292.75000 40.70000 14.02700 51.27900
 8 9 20 14 31 8629.10000 4.31600000 293.00000 40.78000 14.02700 51.27900
 8 9 20 14 32 8616.70000 4.31600000 292.77000 40.78000 14.02700 51.27900
 8 9 20 14 32 8613.80000 4.31600000 292.49000 40.78000 14.02700 51.27900
 8 9 20 14 33 8613.90000 4.31600000 292.10000 40.70000 14.01000 51.25900
 8 9 20 14 33 8614.10000 4.31600000 292.17000 40.72000 14.01000 51.25900
 8 9 20 14 34 8613.90000 4.31600000 292.06000 40.72000 14.01000 51.27200
 8 9 20 14 34 8612.10000 4.31600000 291.99000 40.72000 14.01000 51.27200
 8 9 20 14 35 8619.20000 4.31600000 292.64000 40.72000 14.01000 51.27200
