M=[
15 12 20 05 25 15713.70000 4.90600000 478.23000 66.62000 13.94600 55.14400
15 12 20 05 25 15720.60000 4.90600000 478.01000 66.61000 13.94600 55.14400
15 12 20 05 26 15725.60000 4.90600000 478.01000 66.61000 13.94600 55.14400
15 12 20 05 26 15709.20000 4.90600000 478.24000 66.76000 13.94600 55.14400
15 12 20 05 26 15709.20000 4.90600000 478.39000 66.75000 13.94600 55.14400
15 12 20 05 27 15718.90000 4.90600000 478.60000 66.71000 13.94600 55.14400
15 12 20 05 27 15716.10000 4.90600000 478.51000 66.71000 13.94600 55.14400
15 12 20 05 28 15714.30000 4.90600000 478.55000 66.53000 13.94600 55.14400
15 12 20 05 28 15714.40000 4.90600000 478.50000 66.53000 13.94600 55.14400
15 12 20 05 29 15712.40000 4.90600000 478.09000 66.73000 13.94600 55.14400
15 12 20 05 29 15722.40000 4.90600000 478.50000 66.73000 13.94600 55.14400
15 12 20 05 29 15730.00000 4.90600000 478.71000 66.84000 13.94600 55.14400
15 12 20 05 30 15730.00000 4.90600000 479.04000 66.89000 13.86800 55.14400
15 12 20 05 30 15736.00000 4.90600000 479.04000 66.89000 13.86800 55.14400
15 12 20 05 31 15734.80000 4.90600000 478.92000 66.89000 13.86800 55.14400
15 12 20 05 31 15754.80000 4.90600000 479.33000 66.98000 13.86800 55.14400
15 12 20 05 32 15749.20000 4.90600000 479.33000 66.98000 13.86800 55.14400
15 12 20 05 32 15749.10000 4.90600000 479.81000 67.03000 13.86800 55.14400
15 12 20 05 32 15766.80000 4.90600000 480.45000 67.14000 13.86800 55.14400
15 12 20 05 33 15766.90000 4.90600000 480.03000 67.14000 13.86800 55.14400
15 12 20 05 33 15766.10000 4.90600000 480.03000 67.16000 13.86800 55.14400
15 12 20 05 34 15747.10000 4.90600000 480.08000 67.09000 14.04200 55.14400
15 12 20 05 34 15744.20000 4.90600000 480.08000 67.09000 14.04200 55.14400
15 12 20 05 35 15752.70000 4.90600000 480.08000 67.02000 14.04200 55.14400
15 12 20 05 35 15750.10000 4.90600000 480.08000 67.02000 14.04200 55.14400
15 12 20 05 35 15750.10000 4.90600000 479.62000 67.02000 14.04200 55.14400
15 12 20 05 36 15758.60000 4.90600000 479.62000 67.02000 14.04200 55.14400
15 12 20 05 36 15758.60000 4.90600000 479.62000 67.02000 14.04200 55.14400
15 12 20 05 37 15753.70000 4.90600000 479.62000 66.89000 14.04200 55.14400
15 12 20 05 37 15744.00000 4.90600000 479.40000 66.84000 14.04200 55.14400
15 12 20 05 38 15744.10000 4.90600000 479.40000 66.82000 14.04200 55.14400
15 12 20 05 38 15733.10000 4.90600000 479.40000 66.76000 14.04200 55.14400
15 12 20 05 38 15733.10000 4.90600000 479.64000 66.76000 14.04200 55.14400
15 12 20 05 39 15742.80000 4.90600000 479.96000 66.76000 14.04200 55.14400
15 12 20 05 39 15749.30000 4.90600000 479.96000 66.76000 14.04200 55.14400
15 12 20 05 40 15750.50000 4.90600000 480.04000 66.76000 14.04200 55.14400
15 12 20 05 40 15753.50000 4.90600000 480.02000 66.76000 14.04200 55.14400
15 12 20 05 41 15755.00000 4.90600000 480.00000 66.76000 14.04200 55.14400
15 12 20 05 41 15740.10000 4.90600000 479.97000 66.80000 14.04200 55.14400
15 12 20 05 41 15740.10000 4.90600000 479.97000 66.74000 14.04200 55.14400
15 12 20 05 42 15740.10000 4.90600000 479.97000 66.74000 14.04200 55.14400
15 12 20 05 42 15738.00000 4.90600000 479.69000 66.74000 14.04200 55.14400
15 12 20 05 43 15738.10000 4.90600000 479.31000 66.77000 14.04200 55.14400
15 12 20 05 43 15738.10000 4.90600000 479.41000 66.77000 14.04200 55.14400
15 12 20 05 44 15738.00000 4.90600000 479.41000 66.77000 14.04200 55.14400
15 12 20 05 44 15730.10000 4.90600000 479.41000 66.77000 14.04200 55.14400
15 12 20 05 44 15726.90000 4.90600000 479.00000 66.65000 14.04200 55.14400
15 12 20 05 45 15719.60000 4.90600000 479.00000 66.64000 14.04200 55.14400
15 12 20 05 45 15722.40000 4.90600000 479.01000 66.64000 14.04200 55.14400
15 12 20 05 46 15735.00000 4.90600000 479.01000 66.64000 14.04200 55.14400
15 12 20 05 46 15730.70000 4.90600000 479.01000 66.87000 14.04200 55.14400
15 12 20 05 47 15740.80000 4.90600000 479.01000 67.00000 14.04200 55.14400
15 12 20 05 47 15750.00000 4.90600000 479.01000 67.00000 14.04200 55.14400
15 12 20 05 47 15750.90000 4.90600000 480.00000 67.00000 14.04200 55.14400
15 12 20 05 48 15747.50000 4.90600000 479.88000 67.23000 14.04200 55.14400
15 12 20 05 48 15749.10000 4.90600000 479.95000 67.18000 14.04200 55.14400
15 12 20 05 49 15749.30000 4.90600000 479.95000 67.18000 14.04200 55.14400
15 12 20 05 49 15749.00000 4.90600000 479.55000 67.18000 14.04200 55.14400
15 12 20 05 50 15749.00000 4.90600000 479.57000 67.18000 14.04200 55.14400
15 12 20 05 50 15734.90000 4.90600000 479.53000 67.04000 14.04200 55.14400
15 12 20 05 50 15729.70000 4.90600000 479.15000 67.09000 14.04200 55.14400
15 12 20 05 51 15726.50000 4.90600000 479.15000 67.09000 14.04200 55.14400
15 12 20 05 51 15726.40000 4.90600000 479.15000 67.09000 14.04200 55.14400
15 12 20 05 52 15726.00000 4.90600000 479.15000 67.04000 14.04200 55.14400
15 12 20 05 52 15727.90000 4.90600000 479.01000 67.02000 14.04200 55.14400
15 12 20 05 53 15727.90000 4.90600000 479.01000 67.05000 14.04200 55.14400
15 12 20 05 53 15741.60000 4.90600000 479.01000 67.05000 14.04200 55.14400
15 12 20 05 53 15739.90000 4.90600000 479.01000 67.09000 14.04200 55.14400
15 12 20 05 54 15744.40000 4.90600000 479.01000 67.09000 14.04200 55.14400
15 12 20 05 54 15748.70000 4.90600000 479.28000 67.17000 14.04200 55.14400
15 12 20 05 55 15747.40000 4.90600000 479.28000 67.17000 14.04200 55.14400
15 12 20 05 55 15747.40000 4.90600000 479.28000 67.17000 14.04200 55.14400
15 12 20 05 56 15747.30000 4.90600000 479.28000 67.17000 14.04200 55.14400
15 12 20 05 56 15747.30000 4.90600000 479.28000 67.17000 14.04200 55.14400
15 12 20 05 56 15740.60000 4.90600000 479.01000 67.17000 14.04200 55.14400
15 12 20 05 57 15736.00000 4.90600000 479.03000 67.17000 14.04200 55.14400
15 12 20 05 57 15734.90000 4.90600000 479.03000 67.17000 14.04200 55.14400
15 12 20 05 58 15735.90000 4.90600000 479.01000 67.17000 14.04200 55.14400
15 12 20 05 58 15747.20000 4.90600000 479.07000 67.17000 14.04200 55.14400
15 12 20 05 59 15750.30000 4.90600000 479.07000 67.17000 14.04200 55.14400
15 12 20 05 59 15750.30000 4.90600000 479.07000 67.16000 14.04200 55.14400
15 12 20 05 59 15745.40000 4.90600000 479.07000 67.16000 14.04200 55.14400
15 12 20 06 00 15736.60000 4.90600000 479.32000 67.16000 14.04200 55.14400
15 12 20 06 00 15732.00000 4.90600000 479.32000 67.09000 14.04200 55.14400
15 12 20 06 01 15738.10000 4.90600000 479.32000 67.08000 14.04200 55.14400
15 12 20 06 01 15738.10000 4.90600000 479.65000 67.08000 14.04200 55.14400
15 12 20 06 02 15738.10000 4.90600000 479.98000 67.15000 14.04200 55.14400
15 12 20 06 02 15750.70000 4.90600000 479.70000 67.15000 14.04200 55.14400
15 12 20 06 02 15751.00000 4.90600000 480.00000 67.14000 14.04200 55.14400
15 12 20 06 03 15756.30000 4.90600000 479.93000 67.14000 14.04200 55.14400
15 12 20 06 03 15730.00000 4.90600000 479.19000 66.86000 14.04200 55.14400
15 12 20 06 04 15730.00000 4.90600000 479.19000 66.86000 14.04200 55.14400
15 12 20 06 04 15744.00000 4.90600000 479.57000 66.86000 14.04200 55.14400
15 12 20 06 05 15744.00000 4.90600000 479.50000 66.86000 14.04200 55.14400
15 12 20 06 05 15740.20000 4.90600000 479.50000 66.97000 14.04200 55.14400
15 12 20 06 05 15730.00000 4.90600000 479.50000 66.91000 14.04200 55.14400
15 12 20 06 06 15730.30000 4.90600000 479.16000 66.94000 14.04200 55.14400
15 12 20 06 06 15730.50000 4.90600000 479.26000 66.97000 14.04200 55.14400
15 12 20 06 07 15730.30000 4.90600000 479.26000 66.97000 14.04200 55.14400
15 12 20 06 07 15740.60000 4.90600000 479.36000 66.97000 14.04200 55.14400
15 12 20 06 08 15739.90000 4.90600000 479.43000 66.97000 14.04200 55.14400
15 12 20 06 08 15740.70000 4.90600000 479.45000 66.97000 14.04200 55.14400
15 12 20 06 08 15740.60000 4.90600000 479.40000 66.97000 14.04200 55.14400
15 12 20 06 09 15740.60000 4.90600000 479.40000 67.00000 14.04200 55.14400
15 12 20 06 09 15742.80000 4.90600000 479.40000 66.99000 14.04200 55.14400
15 12 20 06 10 15758.50000 4.90600000 479.59000 66.99000 14.04200 55.14400
