M=[
15 5 20 14 46 8883.40000 6.07400000 185.24000 40.32000 11.91500 39.62800
15 5 20 14 47 8885.00000 6.07400000 185.38000 40.31000 11.91500 39.56000
15 5 20 14 47 8885.20000 6.09900000 185.40000 40.31000 11.87700 39.62800
15 5 20 14 48 8885.90000 6.07400000 185.40000 40.31000 11.91500 39.62800
15 5 20 14 48 8885.50000 6.10600000 185.38000 40.31000 11.91500 39.62800
15 5 20 14 49 8885.30000 6.10600000 185.32000 40.31000 11.91500 39.62800
15 5 20 14 49 8885.30000 6.10600000 185.30000 40.31000 11.91500 39.62800
15 5 20 14 50 8885.30000 6.07100000 185.30000 40.27000 11.91500 39.67900
15 5 20 14 50 8885.20000 6.07100000 185.30000 40.27000 11.91500 39.82700
15 5 20 14 51 8864.30000 6.07100000 185.14000 40.27000 11.91500 39.62800
15 5 20 14 51 8860.60000 6.10600000 185.04000 40.27000 11.91500 39.82700
15 5 20 14 52 8864.20000 6.07100000 185.04000 40.27000 11.91500 39.82700
15 5 20 14 52 8864.10000 6.07100000 185.04000 40.31000 11.91500 39.82700
15 5 20 14 52 8864.10000 6.10600000 185.08000 40.27000 11.91500 39.82700
15 5 20 14 53 8864.50000 6.07100000 185.08000 40.27000 11.91500 39.82700
15 5 20 14 53 8860.60000 6.07100000 185.01000 40.14000 11.91500 39.82700
15 5 20 14 54 8860.60000 6.07100000 185.08000 40.14000 11.86900 39.82700
15 5 20 14 54 8860.60000 6.07100000 185.01000 40.14000 11.91500 39.71200
15 5 20 14 55 8860.60000 6.07100000 185.02000 40.14000 11.91500 39.71200
15 5 20 14 55 8858.30000 6.07100000 185.00000 40.14000 11.91500 39.71200
15 5 20 14 56 8847.00000 6.07100000 185.01000 40.14000 11.91500 39.71200
15 5 20 14 56 8848.10000 6.07100000 185.02000 40.14000 11.91500 39.71200
15 5 20 14 56 8855.10000 6.07100000 185.02000 40.14000 11.87700 39.71200
15 5 20 14 57 8855.10000 6.07100000 185.15000 40.14000 11.91500 39.56000
15 5 20 14 57 8853.40000 6.07100000 185.15000 40.14000 11.91500 39.71200
15 5 20 14 58 8855.20000 6.07100000 185.12000 40.14000 11.91500 39.71200
15 5 20 14 58 8855.20000 6.07100000 185.12000 40.14000 11.91500 39.56000
15 5 20 14 59 8853.40000 6.07100000 185.07000 40.14000 11.85600 39.71200
15 5 20 14 59 8855.10000 6.07100000 185.06000 40.15000 11.85600 39.71200
15 5 20 15 00 8854.50000 6.07100000 185.03000 40.15000 11.91500 39.71200
15 5 20 15 00 8853.40000 6.07100000 185.01000 40.15000 11.91500 39.56000
15 5 20 15 00 8843.40000 6.07100000 185.01000 40.27000 11.91500 39.71200
15 5 20 15 01 8836.70000 6.07400000 184.78000 40.15000 11.91500 39.71200
15 5 20 15 01 8840.00000 6.01300000 184.78000 40.15000 11.91500 39.71200
15 5 20 15 02 8840.30000 6.00400000 184.88000 40.15000 11.91500 39.71200
15 5 20 15 02 8840.00000 6.00400000 184.88000 40.15000 11.91500 39.71200
15 5 20 15 03 8837.00000 6.00400000 184.78000 40.27000 11.91500 39.71200
15 5 20 15 03 8832.00000 6.00400000 184.67000 40.15000 11.91500 39.71200
15 5 20 15 04 8830.80000 6.00400000 184.59000 40.15000 11.91500 39.71200
15 5 20 15 04 8830.80000 6.00400000 184.60000 40.09000 11.91500 39.71200
15 5 20 15 05 8830.00000 5.99600000 184.50000 40.00000 11.91500 39.49600
15 5 20 15 05 8824.00000 5.99600000 184.46000 40.00000 11.91500 39.49600
15 5 20 15 06 8821.00000 5.99600000 184.38000 40.00000 11.91500 39.49600
15 5 20 15 06 8818.00000 6.00000000 184.37000 40.00000 11.91500 39.49600
15 5 20 15 07 8810.10000 5.99600000 184.11000 39.91000 11.91500 39.49600
15 5 20 15 07 8812.20000 5.99600000 184.11000 39.91000 11.91500 39.49600
15 5 20 15 08 8772.30000 5.96300000 183.55000 39.92000 11.91000 39.35000
15 5 20 15 09 8770.00000 5.96300000 183.93000 39.85000 11.87700 39.35000
15 5 20 15 10 8789.60000 5.96300000 183.74000 39.85000 11.91000 39.35000
15 5 20 15 10 8789.60000 5.96300000 184.06000 39.95000 11.91000 39.35000
15 5 20 15 11 8791.40000 5.96300000 184.06000 39.95000 11.91000 39.35000
15 5 20 15 11 8805.00000 5.96300000 184.26000 40.03000 11.91000 39.35000
15 5 20 15 12 8800.10000 5.96300000 184.04000 39.98000 11.91000 39.35000
15 5 20 15 12 8796.90000 5.96300000 184.12000 40.03000 11.91000 39.49600
15 5 20 15 13 8797.00000 5.96300000 184.23000 39.92000 11.91000 39.35000
15 5 20 15 13 8800.00000 5.96300000 184.12000 39.98000 11.91000 39.35000
15 5 20 15 13 8798.00000 5.96300000 184.17000 39.98000 11.91000 39.35000
15 5 20 15 14 8789.00000 5.96300000 184.02000 39.98000 11.91000 39.35000
15 5 20 15 14 8794.40000 5.96300000 184.00000 39.98000 11.91000 39.35000
15 5 20 15 15 8789.90000 5.96300000 184.02000 39.98000 11.87700 39.35000
15 5 20 15 15 8790.80000 5.96300000 184.02000 39.98000 11.91000 39.49600
15 5 20 15 16 8793.90000 5.96300000 184.00000 40.00000 11.91000 39.35000
15 5 20 15 17 8818.20000 5.96300000 184.23000 40.00000 11.91000 39.35000
15 5 20 15 17 8818.10000 5.96300000 184.32000 40.00000 11.91000 39.49600
15 5 20 15 17 8818.10000 6.01000000 184.13000 40.00000 11.87700 39.35000
15 5 20 15 18 8807.00000 5.99600000 184.23000 39.98000 11.85600 39.35000
15 5 20 15 18 8816.70000 6.01000000 184.36000 39.98000 11.91000 39.35000
15 5 20 15 19 8806.50000 5.96300000 184.36000 39.98000 11.91000 39.35000
15 5 20 15 19 8810.80000 6.01000000 184.25000 39.98000 11.91000 39.49600
15 5 20 15 20 8812.00000 6.01000000 184.36000 39.98000 11.91000 39.35000
15 5 20 15 20 8818.20000 6.00000000 184.41000 39.98000 11.91000 39.35000
15 5 20 15 21 8805.00000 6.00000000 184.46000 39.98000 11.91000 39.35000
15 5 20 15 21 8805.70000 6.00000000 184.38000 39.98000 11.85600 39.35000
15 5 20 15 22 8805.10000 6.00000000 184.38000 40.00000 11.85600 39.35000
15 5 20 15 22 8805.30000 6.00000000 184.36000 39.98000 11.91000 39.35000
15 5 20 15 23 8805.10000 6.00000000 184.36000 39.98000 11.91000 39.35000
15 5 20 15 23 8802.00000 6.00000000 184.31000 39.98000 11.91000 39.49600
15 5 20 15 23 8801.40000 6.00000000 184.31000 39.98000 11.91000 39.35000
15 5 20 15 24 8790.00000 6.00000000 184.30000 39.95000 11.91000 39.35000
15 5 20 15 24 8785.10000 6.00000000 183.94000 39.95000 11.91000 39.35000
15 5 20 15 25 8780.20000 5.97900000 183.94000 39.95000 11.91000 39.35000
15 5 20 15 25 8782.50000 5.97900000 183.93000 39.95000 11.91000 39.35000
15 5 20 15 26 8780.40000 6.00000000 183.94000 39.95000 11.91000 39.35000
15 5 20 15 26 8785.80000 5.97900000 183.93000 39.95000 11.91000 39.35000
15 5 20 15 27 8785.90000 5.97900000 183.93000 39.90000 11.91000 39.35000
15 5 20 15 27 8774.70000 5.97900000 183.93000 39.90000 11.91000 39.35000
15 5 20 15 28 8777.90000 5.97900000 183.93000 39.90000 11.91000 39.35000
15 5 20 15 28 8778.00000 5.97900000 183.93000 39.90000 11.91000 39.32600
15 5 20 15 29 8782.30000 5.97900000 183.92000 39.96000 11.85600 39.32600
15 5 20 15 29 8790.00000 5.97900000 183.94000 39.96000 11.91000 39.32600
15 5 20 15 30 8775.50000 5.97900000 184.11000 39.97000 11.91000 39.32600
15 5 20 15 30 8770.20000 5.99800000 183.95000 39.92000 11.91000 39.32600
15 5 20 15 31 8770.10000 5.99800000 183.95000 39.92000 11.91000 39.32600
15 5 20 15 31 8781.70000 5.99800000 183.91000 39.92000 11.91000 39.32600
15 5 20 15 31 8777.40000 5.99800000 183.94000 39.91000 11.91000 39.32600
15 5 20 15 32 8777.00000 5.99800000 183.86000 39.89000 11.91000 39.32600
15 5 20 15 33 8768.00000 5.99800000 183.70000 39.89000 11.91000 39.14800
15 5 20 15 33 8745.10000 5.99800000 183.55000 39.89000 11.91000 39.14800
15 5 20 15 34 8762.00000 6.00000000 183.63000 39.91000 11.91000 39.14800
15 5 20 15 34 8767.30000 6.00900000 183.95000 39.95000 11.91000 39.39000
15 5 20 15 35 8770.00000 6.00900000 184.16000 40.00000 11.91000 39.35000
15 5 20 15 35 8770.00000 6.00900000 183.91000 40.00000 11.91000 39.39000
15 5 20 15 35 8780.00000 6.00900000 183.87000 40.00000 11.91000 39.39000
15 5 20 15 36 8786.50000 6.00900000 183.87000 40.00000 11.91000 39.39000
15 5 20 15 36 8786.00000 6.04500000 183.87000 40.09000 11.91000 39.39000
15 5 20 15 37 8780.00000 6.05000000 183.99000 40.09000 11.91000 39.39000
15 5 20 15 37 8777.80000 6.04100000 183.96000 40.09000 11.91000 39.39000
15 5 20 15 38 8783.00000 6.05000000 184.00000 40.09000 11.91000 39.39000
15 5 20 15 38 8782.80000 6.05000000 183.96000 40.09000 11.91000 39.39000
