M=[
16 5 20 06 38 8747.70000 6.24400000 185.57000 40.21000 11.81900 39.46100
16 5 20 06 38 8743.70000 6.24400000 185.57000 40.21000 11.81900 39.46100
16 5 20 06 38 8743.70000 6.24400000 185.49000 40.21000 11.81900 39.46100
16 5 20 06 39 8739.70000 6.24400000 185.50000 40.21000 11.81900 39.46100
16 5 20 06 39 8739.10000 6.24400000 185.31000 40.21000 11.81900 39.46100
16 5 20 06 40 8733.40000 6.24400000 185.31000 40.21000 11.81900 39.46100
16 5 20 06 40 8733.10000 6.24400000 185.23000 40.21000 11.81900 39.46100
16 5 20 06 41 8726.80000 6.24400000 185.23000 40.16000 11.81900 39.46100
16 5 20 06 41 8730.30000 6.24400000 185.32000 40.16000 11.81900 39.46100
16 5 20 06 42 8725.90000 6.24400000 185.32000 40.16000 11.81900 39.46100
16 5 20 06 42 8728.80000 6.24400000 185.22000 40.20000 11.81900 39.46100
16 5 20 06 43 8729.60000 6.24400000 185.22000 40.17000 11.81900 39.46100
16 5 20 06 43 8733.30000 6.24400000 185.47000 40.17000 11.81900 39.46100
16 5 20 06 44 8729.00000 6.24400000 185.30000 40.17000 11.81900 39.46100
16 5 20 06 44 8729.00000 6.24400000 185.30000 40.17000 11.81900 39.46100
16 5 20 06 45 8729.00000 6.24400000 185.30000 40.17000 11.81900 39.46100
16 5 20 06 45 8733.90000 6.24400000 185.30000 40.17000 11.81900 39.46100
16 5 20 06 46 8734.60000 6.24400000 185.38000 40.17000 11.81900 39.46100
16 5 20 06 46 8742.40000 6.24400000 185.38000 40.17000 11.81900 39.46100
16 5 20 06 47 8737.50000 6.24400000 185.38000 40.17000 11.81900 39.46100
16 5 20 06 47 8739.80000 6.24400000 185.38000 40.17000 11.81900 39.46100
16 5 20 06 48 8738.80000 6.24000000 185.41000 40.17000 11.81900 39.43300
16 5 20 06 48 8738.80000 6.24000000 185.41000 40.17000 11.81900 39.46100
16 5 20 06 49 8742.00000 6.25200000 185.41000 40.17000 11.81900 39.43300
16 5 20 06 49 8744.50000 6.25200000 185.55000 40.18000 11.81900 39.46100
16 5 20 06 50 8740.30000 6.25200000 185.55000 40.18000 11.81900 39.46100
16 5 20 06 50 8745.10000 6.25200000 185.44000 40.18000 11.81900 39.46100
16 5 20 06 51 8745.00000 6.25200000 185.44000 40.18000 11.81900 39.46100
16 5 20 06 51 8748.00000 6.24000000 185.44000 40.18000 11.81900 39.46100
16 5 20 06 52 8749.90000 6.25200000 185.44000 40.18000 11.81900 39.46100
16 5 20 06 52 8750.00000 6.25200000 185.43000 40.18000 11.81900 39.46100
16 5 20 06 53 8758.10000 6.25200000 185.43000 40.16000 11.81900 39.46100
16 5 20 06 53 8756.10000 6.25200000 185.43000 40.16000 11.81900 39.46100
16 5 20 06 54 8756.10000 6.25200000 185.61000 40.16000 11.81900 39.46100
16 5 20 06 54 8757.10000 6.25200000 185.51000 40.16000 11.84600 39.52500
16 5 20 06 55 8757.10000 6.25200000 185.61000 40.16000 11.81900 39.52500
16 5 20 06 55 8759.10000 6.25200000 185.49000 40.16000 11.81900 39.52500
16 5 20 06 55 8759.90000 6.25200000 185.49000 40.16000 11.84600 39.52500
16 5 20 06 56 8759.80000 6.25200000 185.64000 40.21000 11.84600 39.52500
16 5 20 06 57 8759.80000 6.25200000 185.64000 40.21000 11.84600 39.52500
16 5 20 06 57 8755.90000 6.25200000 185.65000 40.21000 11.84600 39.52500
16 5 20 06 58 8755.90000 6.25200000 185.65000 40.21000 11.84600 39.52500
16 5 20 06 58 8755.90000 6.25200000 185.63000 40.21000 11.84600 39.52500
16 5 20 06 59 8752.20000 6.25200000 185.63000 40.22000 11.84600 39.52500
16 5 20 06 59 8752.30000 6.25200000 185.63000 40.14000 11.84600 39.52500
16 5 20 07 00 8753.80000 6.25200000 185.63000 40.14000 11.84600 39.52500
16 5 20 07 00 8764.20000 6.25200000 185.89000 40.22000 11.84600 39.52500
16 5 20 07 01 8770.00000 6.25200000 185.89000 40.14000 11.84600 39.52500
16 5 20 07 01 8770.00000 6.25200000 185.92000 40.14000 11.82400 39.52500
16 5 20 07 02 8775.00000 6.25200000 185.92000 40.14000 11.82400 39.52500
16 5 20 07 02 8779.80000 6.25200000 185.93000 40.23000 11.82400 39.52500
16 5 20 07 03 8783.80000 6.25200000 185.93000 40.24000 11.82400 39.52500
16 5 20 07 03 8781.20000 6.25200000 186.06000 40.21000 11.82400 39.66000
16 5 20 07 04 8782.50000 6.27200000 186.06000 40.23000 11.82400 39.66000
16 5 20 07 04 8774.90000 6.27200000 185.92000 40.23000 11.82400 39.52500
16 5 20 07 05 8772.50000 6.25500000 185.89000 40.23000 11.82400 39.66000
16 5 20 07 05 8777.30000 6.25500000 185.89000 40.30000 11.82400 39.66000
16 5 20 07 06 8773.90000 6.25500000 185.77000 40.30000 11.82400 39.66000
16 5 20 07 06 8774.70000 6.25500000 185.84000 40.23000 11.80500 39.66000
16 5 20 07 07 8774.10000 6.25500000 185.96000 40.30000 11.80500 39.66000
16 5 20 07 07 8779.10000 6.25500000 185.96000 40.30000 11.80500 39.66000
16 5 20 07 08 8777.50000 6.25500000 186.07000 40.30000 11.81900 39.66000
16 5 20 07 08 8777.60000 6.25500000 186.00000 40.23000 11.80500 39.66000
16 5 20 07 09 8777.40000 6.25500000 186.00000 40.30000 11.80500 39.66000
16 5 20 07 09 8775.70000 6.25500000 186.00000 40.30000 11.80500 39.66000
16 5 20 07 10 8775.20000 6.25500000 185.96000 40.30000 11.80500 39.66000
16 5 20 07 10 8776.00000 6.25500000 186.07000 40.30000 11.80500 39.66000
16 5 20 07 11 8769.80000 6.25500000 185.93000 40.30000 11.80500 39.66000
16 5 20 07 11 8766.10000 6.25500000 185.93000 40.23000 11.80500 39.66000
16 5 20 07 12 8758.40000 6.25500000 185.71000 40.30000 11.80500 39.66000
16 5 20 07 12 8757.10000 6.25500000 185.71000 40.30000 11.80500 39.66000
16 5 20 07 13 8757.10000 6.25500000 185.71000 40.30000 11.80500 39.66000
16 5 20 07 13 8764.50000 6.25500000 185.72000 40.30000 11.80500 39.66000
16 5 20 07 14 8765.80000 6.25500000 185.72000 40.30000 11.80500 39.66000
16 5 20 07 14 8764.00000 6.25500000 185.72000 40.30000 11.80500 39.52500
16 5 20 07 15 8758.10000 6.25000000 185.47000 40.30000 11.80500 39.66000
16 5 20 07 15 8756.10000 6.25000000 185.47000 40.30000 11.80500 39.66000
16 5 20 07 16 8755.10000 6.25000000 185.47000 40.30000 11.80500 39.66000
16 5 20 07 16 8754.10000 6.25000000 185.47000 40.30000 11.80500 39.66000
16 5 20 07 17 8744.40000 6.25000000 185.37000 40.30000 11.80500 39.66000
16 5 20 07 17 8743.20000 6.25000000 185.37000 40.23000 11.80500 39.66000
16 5 20 07 18 8746.50000 6.25000000 185.37000 40.18000 11.80500 39.66000
16 5 20 07 18 8751.80000 6.25000000 185.37000 40.18000 11.80500 39.66000
16 5 20 07 19 8748.80000 6.25000000 185.52000 40.18000 11.80500 39.66000
16 5 20 07 19 8748.80000 6.25000000 185.52000 40.16000 11.80500 39.52500
16 5 20 07 20 8748.00000 6.25000000 185.52000 40.16000 11.80500 39.66000
16 5 20 07 20 8746.20000 6.25000000 185.37000 40.16000 11.80500 39.66000
16 5 20 07 21 8747.60000 6.25000000 185.38000 40.16000 11.80500 39.66000
16 5 20 07 21 8737.70000 6.25000000 185.38000 40.13000 11.80500 39.39900
16 5 20 07 22 8739.90000 6.25500000 185.38000 40.13000 11.80500 39.39900
16 5 20 07 22 8739.40000 6.25000000 185.39000 40.18000 11.80500 39.39900
16 5 20 07 23 8739.50000 6.25000000 185.38000 40.15000 11.80500 39.39900
16 5 20 07 23 8739.50000 6.25000000 185.39000 40.18000 11.80500 39.39900
16 5 20 07 24 8739.50000 6.25000000 185.38000 40.14000 11.80500 39.37000
16 5 20 07 25 8736.00000 6.25000000 185.37000 40.14000 11.80500 39.37000
16 5 20 07 25 8739.90000 6.25000000 185.31000 40.14000 11.80500 39.37000
16 5 20 07 26 8740.00000 6.25000000 185.31000 40.14000 11.80500 39.37000
16 5 20 07 26 8739.90000 6.25000000 185.44000 40.14000 11.80500 39.37000
16 5 20 07 27 8740.00000 6.25000000 185.44000 40.14000 11.80500 39.37000
16 5 20 07 27 8745.00000 6.25000000 185.44000 40.14000 11.80500 39.37000
16 5 20 07 28 8745.40000 6.25000000 185.44000 40.14000 11.80500 39.37000
16 5 20 07 29 8749.60000 6.25000000 185.44000 40.16000 11.80500 39.37000
16 5 20 07 29 8745.00000 6.25000000 185.44000 40.16000 11.82400 39.37000
16 5 20 07 30 8749.60000 6.22300000 185.35000 40.16000 11.80500 39.37000
16 5 20 07 30 8745.30000 6.22300000 185.36000 40.16000 11.80500 39.37000
16 5 20 07 31 8749.60000 6.22300000 185.35000 40.14000 11.80500 39.37000
16 5 20 07 31 8736.50000 6.22300000 185.35000 40.14000 11.80500 39.37000
16 5 20 07 32 8726.40000 6.22300000 185.16000 40.14000 11.80500 39.37000
16 5 20 07 32 8728.20000 6.22300000 185.16000 40.14000 11.80500 39.37000
