M=[
20 5 20 08 58 8948.30000 6.09600000 195.76000 41.71000 11.86100 45.60000
20 5 20 08 59 8948.00000 6.09600000 195.73000 41.70000 11.86100 45.60000
20 5 20 08 59 8947.70000 6.09600000 195.73000 41.70000 11.86100 45.60000
20 5 20 09 00 8943.80000 6.09600000 195.58000 41.67000 11.86100 45.60000
20 5 20 09 00 8948.70000 6.09600000 195.73000 41.67000 11.86100 45.60000
20 5 20 09 01 8949.90000 6.09600000 195.81000 41.80000 11.86100 45.60000
20 5 20 09 01 8948.80000 6.09000000 195.81000 41.80000 11.86100 45.60000
20 5 20 09 02 8946.90000 6.09600000 195.71000 41.76000 11.86100 45.60000
20 5 20 09 02 8947.00000 6.10200000 195.82000 41.76000 11.86100 45.60000
20 5 20 09 03 8947.00000 6.10200000 195.73000 41.73000 11.86100 45.49500
20 5 20 09 03 8947.00000 6.10200000 195.66000 41.78000 11.86100 45.49500
20 5 20 09 03 8942.10000 6.10200000 195.54000 41.78000 11.86100 45.60000
20 5 20 09 04 8940.40000 6.10200000 195.76000 41.78000 11.86100 45.60000
20 5 20 09 04 8940.30000 6.10200000 195.56000 41.78000 11.89700 45.49500
20 5 20 09 05 8941.90000 6.10200000 195.67000 41.78000 11.89000 45.60000
20 5 20 09 05 8940.40000 6.10200000 195.52000 41.78000 11.89000 45.60000
20 5 20 09 06 8936.50000 6.10200000 195.57000 41.78000 11.89000 45.60000
20 5 20 09 06 8934.40000 6.10200000 195.58000 41.78000 11.89000 45.60000
20 5 20 09 07 8934.50000 6.10200000 195.58000 41.78000 11.89000 45.60000
20 5 20 09 07 8934.50000 6.10200000 195.53000 41.78000 11.89000 45.60000
20 5 20 09 07 8938.00000 6.10200000 195.53000 41.78000 11.89000 45.60000
20 5 20 09 08 8936.90000 6.10200000 195.53000 41.78000 11.89000 45.60000
20 5 20 09 08 8937.40000 6.10200000 195.55000 41.78000 11.89000 45.37000
20 5 20 09 09 8935.20000 6.10200000 195.53000 41.78000 11.86100 45.37000
20 5 20 09 09 8934.40000 6.10200000 195.56000 41.76000 11.89000 45.37000
20 5 20 09 10 8931.10000 6.10200000 195.56000 41.76000 11.89700 45.37000
20 5 20 09 10 8931.10000 6.09600000 195.50000 41.76000 11.89000 45.37000
20 5 20 09 11 8932.80000 6.10200000 195.49000 41.74000 11.86100 45.37000
20 5 20 09 11 8933.90000 6.10200000 195.55000 41.74000 11.89000 45.37000
20 5 20 09 12 8934.10000 6.10200000 195.57000 41.74000 11.89700 45.37000
20 5 20 09 12 8933.70000 6.10200000 195.48000 41.74000 11.89000 45.37000
20 5 20 09 12 8932.70000 6.10200000 195.48000 41.71000 11.86100 45.37000
20 5 20 09 13 8931.20000 6.10200000 195.54000 41.71000 11.89000 45.37000
20 5 20 09 13 8932.00000 6.10000000 195.53000 41.71000 11.89000 45.37000
20 5 20 09 14 8933.30000 6.09600000 195.53000 41.71000 11.89700 45.37000
20 5 20 09 14 8931.10000 6.10200000 195.53000 41.70000 11.89000 45.37000
20 5 20 09 15 8930.50000 6.10200000 195.50000 41.70000 11.89000 45.37000
20 5 20 09 15 8930.60000 6.10200000 195.50000 41.70000 11.89000 45.37000
20 5 20 09 16 8930.20000 6.10200000 195.49000 41.70000 11.89000 45.37000
20 5 20 09 16 8930.10000 6.10200000 195.49000 41.70000 11.89000 45.37000
20 5 20 09 16 8931.60000 6.10200000 195.50000 41.70000 11.86100 45.37000
20 5 20 09 17 8930.10000 6.10200000 195.50000 41.70000 11.89000 45.37000
20 5 20 09 17 8930.00000 6.10200000 195.50000 41.70000 11.89000 45.37000
20 5 20 09 18 8921.30000 6.10200000 195.31000 41.65000 11.92600 45.37000
20 5 20 09 18 8922.10000 6.10200000 195.31000 41.67000 11.92600 45.37000
20 5 20 09 19 8922.00000 6.10200000 195.31000 41.67000 11.92600 45.37000
20 5 20 09 19 8922.20000 6.10200000 195.26000 41.67000 11.92600 45.37000
20 5 20 09 20 8923.50000 6.10200000 195.30000 41.68000 11.92600 45.37000
20 5 20 09 20 8922.90000 6.10200000 195.30000 41.68000 11.92600 45.37000
20 5 20 09 21 8922.90000 6.10200000 195.33000 41.68000 11.92600 45.37000
20 5 20 09 21 8922.80000 6.10200000 195.33000 41.68000 11.92600 45.37000
20 5 20 09 21 8925.90000 6.10200000 195.33000 41.68000 11.92600 45.37000
20 5 20 09 22 8927.60000 6.08900000 195.49000 41.69000 11.92600 45.37000
20 5 20 09 22 8926.70000 6.08900000 195.36000 41.68000 11.92600 45.37000
20 5 20 09 23 8926.50000 6.10200000 195.47000 41.68000 11.92600 45.37000
20 5 20 09 23 8929.00000 6.08900000 195.48000 41.68000 11.89700 45.37000
20 5 20 09 24 8930.10000 6.08900000 195.41000 41.71000 11.92600 45.37000
20 5 20 09 24 8931.30000 6.08900000 195.48000 41.74000 11.92600 45.37000
20 5 20 09 25 8932.90000 6.08900000 195.57000 41.74000 11.89700 45.37000
20 5 20 09 25 8931.80000 6.08900000 195.57000 41.74000 11.92600 45.37000
20 5 20 09 26 8931.40000 6.08900000 195.48000 41.74000 11.92600 45.37000
20 5 20 09 26 8931.40000 6.08900000 195.42000 41.74000 11.92600 45.37000
20 5 20 09 26 8931.40000 6.08900000 195.42000 41.74000 11.92600 45.37000
20 5 20 09 27 8931.10000 6.08900000 195.42000 41.72000 11.92600 45.37000
20 5 20 09 27 8934.00000 6.08900000 195.42000 41.72000 11.92600 45.37000
20 5 20 09 28 8926.30000 6.08900000 195.36000 41.67000 11.92600 45.37000
20 5 20 09 28 8926.30000 6.08900000 195.30000 41.67000 11.92600 45.37000
20 5 20 09 29 8925.30000 6.08900000 195.30000 41.67000 11.89700 45.37000
20 5 20 09 29 8929.20000 6.08900000 195.30000 41.74000 11.92600 45.37000
20 5 20 09 30 8929.30000 6.10200000 195.30000 41.67000 11.92600 45.37000
20 5 20 09 30 8929.30000 6.08900000 195.30000 41.67000 11.92600 45.37000
20 5 20 09 31 8926.10000 6.08900000 195.22000 41.67000 11.92600 45.37000
20 5 20 09 31 8923.40000 6.08900000 195.16000 41.67000 11.92600 45.37000
20 5 20 09 31 8918.10000 6.08900000 195.10000 41.67000 11.94200 45.37000
20 5 20 09 32 8918.20000 6.08900000 195.01000 41.67000 11.94200 45.37000
20 5 20 09 32 8919.50000 6.08900000 195.10000 41.67000 11.94200 45.37000
20 5 20 09 33 8921.30000 6.08900000 195.01000 41.67000 11.94200 45.37000
20 5 20 09 33 8920.10000 6.08900000 195.04000 41.67000 11.94200 45.37000
20 5 20 09 34 8920.10000 6.08900000 195.01000 41.67000 11.94200 45.37000
20 5 20 09 34 8921.60000 6.08900000 195.04000 41.67000 11.94200 45.37000
20 5 20 09 35 8921.80000 6.08900000 195.04000 41.67000 11.94200 45.37000
20 5 20 09 35 8922.80000 6.08900000 195.06000 41.67000 11.94200 45.37000
20 5 20 09 36 8923.70000 6.10200000 195.06000 41.67000 11.94200 45.37000
20 5 20 09 36 8924.00000 6.08900000 195.01000 41.67000 11.94200 45.44100
20 5 20 09 36 8924.10000 6.08900000 195.05000 41.67000 11.94200 45.44100
20 5 20 09 37 8924.10000 6.08900000 195.05000 41.62000 11.94200 45.44100
20 5 20 09 37 8924.10000 6.08900000 195.19000 41.67000 11.94200 45.44100
20 5 20 09 38 8924.10000 6.10000000 195.07000 41.70000 11.94200 45.44100
20 5 20 09 38 8915.90000 6.10000000 195.11000 41.70000 11.94200 45.44100
20 5 20 09 39 8915.80000 6.10000000 195.11000 41.70000 11.94200 45.44100
20 5 20 09 39 8919.00000 6.10000000 195.08000 41.70000 11.94200 45.44100
20 5 20 09 40 8922.10000 6.10000000 195.15000 41.70000 11.94200 45.44100
20 5 20 09 40 8922.30000 6.10000000 195.16000 41.67000 11.94200 45.44100
20 5 20 09 41 8921.10000 6.10000000 195.16000 41.67000 11.94200 45.36500
20 5 20 09 41 8923.30000 6.10000000 195.13000 41.67000 11.94200 45.36500
20 5 20 09 41 8925.90000 6.10000000 195.20000 41.67000 11.94200 45.36500
20 5 20 09 42 8927.50000 6.10000000 195.20000 41.67000 11.94200 45.36500
20 5 20 09 42 8928.50000 6.09500000 195.29000 41.67000 11.94200 45.36500
20 5 20 09 43 8928.80000 6.10000000 195.30000 41.67000 11.94200 45.44100
20 5 20 09 43 8928.00000 6.10000000 195.24000 41.67000 11.94200 45.36500
20 5 20 09 44 8925.50000 6.10000000 195.17000 41.67000 11.94200 45.36500
20 5 20 09 44 8930.70000 6.10000000 195.16000 41.67000 11.94200 45.36500
20 5 20 09 45 8929.50000 6.10000000 195.16000 41.64000 11.94200 45.32400
20 5 20 09 45 8929.10000 6.09500000 195.16000 41.64000 11.94200 45.32400
20 5 20 09 45 8932.70000 6.10000000 195.16000 41.64000 11.94200 45.32400
20 5 20 09 46 8929.60000 6.08900000 195.23000 41.67000 11.94200 45.32400
20 5 20 09 46 8929.60000 6.08900000 195.13000 41.64000 11.94200 45.36500
20 5 20 09 47 8933.30000 6.08900000 195.16000 41.66000 11.94200 45.32400
20 5 20 09 47 8933.30000 6.08900000 195.19000 41.66000 11.94200 45.36500
