M=[
12 5 20 16 45 8231.30000 5.68000000 176.30000 39.14000 12.20000 39.00100
12 5 20 16 45 8239.30000 5.68000000 176.30000 39.12000 12.20000 39.00100
12 5 20 16 46 8234.20000 5.68000000 176.30000 39.14000 12.10600 39.00100
12 5 20 16 46 8239.20000 5.68000000 176.30000 39.18000 12.20000 39.00100
12 5 20 16 47 8239.10000 5.68000000 176.30000 39.18000 12.20000 39.00100
12 5 20 16 47 8240.00000 5.68000000 176.29000 39.18000 12.20000 39.00100
12 5 20 16 48 8239.50000 5.68000000 176.30000 39.17000 12.20000 39.00100
12 5 20 16 48 8233.50000 5.68000000 176.29000 39.17000 12.20000 39.00000
12 5 20 16 48 8238.50000 5.68000000 176.29000 39.17000 12.20000 39.00100
12 5 20 16 49 8237.10000 5.68000000 176.27000 39.17000 12.20000 39.00000
12 5 20 16 49 8234.60000 5.71800000 176.24000 39.17000 12.20000 39.00100
12 5 20 16 50 8232.50000 5.68000000 176.00000 39.15000 12.20000 39.00100
12 5 20 16 50 8230.80000 5.68000000 175.99000 39.15000 12.20000 39.00100
12 5 20 16 51 8226.90000 5.68000000 175.99000 39.14000 12.20000 39.00100
12 5 20 16 51 8230.90000 5.68000000 176.00000 39.14000 12.20000 39.00100
12 5 20 16 52 8235.30000 5.71200000 176.00000 39.14000 12.20000 39.00100
12 5 20 16 52 8236.60000 5.71800000 175.99000 39.14000 12.20000 39.00100
12 5 20 16 53 8235.60000 5.68000000 176.00000 39.15000 12.20000 39.00100
12 5 20 16 53 8236.90000 5.68000000 176.29000 39.18000 12.20000 39.00100
12 5 20 16 53 8236.90000 5.68000000 176.29000 39.14000 12.20000 38.90500
12 5 20 16 54 8236.90000 5.68000000 176.28000 39.18000 12.20000 38.90500
12 5 20 16 54 8235.50000 5.68000000 176.28000 39.16000 12.20000 38.90500
12 5 20 16 55 8236.90000 5.68000000 176.29000 39.16000 12.20000 38.90500
12 5 20 16 55 8239.30000 5.68000000 176.29000 39.16000 12.20000 38.90500
12 5 20 16 56 8245.70000 5.68000000 176.37000 39.16000 12.20000 38.90500
12 5 20 16 56 8243.80000 5.68000000 176.00000 39.16000 12.20000 38.90500
12 5 20 16 57 8241.70000 5.68000000 176.49000 39.16000 12.20000 39.00100
12 5 20 16 57 8242.30000 5.68000000 176.47000 39.16000 12.20000 39.00100
12 5 20 16 57 8247.60000 5.68000000 176.47000 39.16000 12.20000 38.90500
12 5 20 16 58 8243.90000 5.68000000 176.49000 39.17000 12.20000 38.90500
12 5 20 16 58 8243.90000 5.68000000 176.47000 39.17000 12.20000 38.90500
12 5 20 16 59 8245.50000 5.68000000 176.53000 39.13000 12.20000 38.90500
12 5 20 16 59 8247.30000 5.68000000 176.66000 39.17000 12.20000 38.90500
12 5 20 17 00 8247.60000 5.68000000 176.57000 39.17000 12.20000 38.90500
12 5 20 17 00 8248.50000 5.68700000 176.56000 39.17000 12.20000 39.00100
12 5 20 17 01 8244.20000 5.68700000 176.56000 39.17000 12.20000 38.90500
12 5 20 17 01 8248.20000 5.68500000 176.56000 39.12000 12.20000 38.90500
12 5 20 17 02 8249.90000 5.68700000 176.60000 39.12000 12.20000 38.90500
12 5 20 17 02 8250.50000 5.68500000 176.60000 39.13000 12.20000 38.90500
12 5 20 17 02 8249.90000 5.68500000 176.60000 39.12000 12.20000 38.90500
12 5 20 17 03 8249.90000 5.68500000 176.60000 39.16000 12.20000 38.90500
12 5 20 17 03 8250.00000 5.68500000 176.60000 39.16000 12.20000 38.90500
12 5 20 17 04 8249.40000 5.68500000 176.60000 39.17000 12.20000 38.90500
12 5 20 17 04 8250.00000 5.68500000 176.60000 39.17000 12.20000 38.90500
12 5 20 17 05 8244.30000 5.68500000 176.60000 39.17000 12.20000 38.90500
12 5 20 17 05 8242.30000 5.68500000 176.60000 39.17000 12.20000 38.90500
12 5 20 17 06 8242.30000 5.68500000 176.71000 39.17000 12.20000 38.90500
12 5 20 17 06 8239.10000 5.68500000 176.69000 39.17000 12.10600 38.90500
12 5 20 17 06 8236.50000 5.68500000 176.61000 39.17000 12.20000 38.90500
12 5 20 17 07 8236.50000 5.68500000 176.61000 39.17000 12.20000 38.99900
12 5 20 17 07 8236.80000 5.68500000 176.66000 39.17000 12.20000 38.99900
12 5 20 17 08 8236.80000 5.68500000 176.60000 39.17000 12.20000 39.00500
12 5 20 17 08 8231.60000 5.68500000 176.71000 39.16000 12.20000 39.15700
12 5 20 17 09 8231.00000 5.68500000 176.69000 39.13000 12.20000 39.15700
12 5 20 17 09 8232.40000 5.68500000 176.66000 39.13000 12.20000 39.15700
12 5 20 17 10 8245.00000 5.68500000 177.01000 39.13000 12.20000 39.15700
12 5 20 17 10 8264.90000 5.68500000 177.01000 39.13000 12.20000 39.15700
12 5 20 17 11 8281.80000 5.68500000 177.49000 39.13000 12.20000 39.15700
12 5 20 17 11 8278.20000 5.73100000 177.39000 39.13000 12.20000 39.15700
12 5 20 17 12 8281.20000 5.68500000 177.34000 39.32000 12.20000 39.15700
12 5 20 17 12 8278.40000 5.68500000 177.26000 39.32000 12.20000 39.15700
12 5 20 17 13 8272.80000 5.68500000 177.04000 39.32000 12.21500 39.15700
12 5 20 17 13 8275.00000 5.68500000 177.04000 39.32000 12.21500 39.13300
12 5 20 17 14 8279.80000 5.68500000 177.18000 39.30000 12.21500 39.13300
12 5 20 17 14 8280.40000 5.68500000 177.18000 39.30000 12.21500 39.13300
12 5 20 17 15 8279.20000 5.70500000 177.18000 39.30000 12.21500 39.13300
12 5 20 17 15 8278.90000 5.70500000 177.18000 39.30000 12.21500 39.11800
12 5 20 17 16 8266.30000 5.70500000 177.01000 39.30000 12.25000 39.11800
12 5 20 17 16 8274.40000 5.70500000 176.99000 39.30000 12.25000 39.11800
12 5 20 17 17 8270.80000 5.70500000 177.01000 39.30000 12.25000 39.13300
12 5 20 17 17 8268.60000 5.70500000 177.03000 39.30000 12.25000 39.13300
12 5 20 17 17 8270.10000 5.70500000 177.03000 39.30000 12.25000 39.00500
12 5 20 17 18 8264.70000 5.70500000 176.93000 39.30000 12.25000 39.11800
12 5 20 17 18 8263.50000 5.69000000 176.99000 39.30000 12.25000 39.11800
12 5 20 17 19 8263.30000 5.69000000 176.99000 39.30000 12.25000 39.11800
12 5 20 17 19 8270.00000 5.69000000 176.99000 39.30000 12.25000 39.13300
12 5 20 17 20 8273.50000 5.69000000 177.16000 39.30000 12.25000 39.11800
12 5 20 17 20 8277.70000 5.69000000 177.14000 39.28000 12.25000 39.11800
12 5 20 17 21 8279.00000 5.69000000 177.20000 39.28000 12.25000 39.11800
12 5 20 17 21 8275.20000 5.69000000 177.16000 39.29000 12.25000 39.11800
12 5 20 17 22 8279.40000 5.69600000 177.20000 39.24000 12.25000 39.13300
12 5 20 17 22 8270.10000 5.69600000 177.17000 39.24000 12.25000 39.11800
12 5 20 17 23 8270.00000 5.68700000 177.23000 39.24000 12.25000 39.11800
12 5 20 17 24 8265.00000 5.69000000 177.09000 39.24000 12.25000 39.11800
12 5 20 17 24 8252.90000 5.69000000 177.09000 39.24000 12.25000 39.11800
12 5 20 17 25 8256.30000 5.66500000 177.09000 39.24000 12.25000 39.11800
12 5 20 17 26 8253.10000 5.66500000 177.08000 39.22000 12.25000 39.11800
12 5 20 17 27 8256.20000 5.66500000 177.22000 39.22000 12.25000 39.13300
12 5 20 17 27 8253.50000 5.66500000 177.12000 39.23000 12.25000 39.11800
12 5 20 17 28 8252.80000 5.66500000 177.16000 39.23000 12.25000 39.11800
12 5 20 17 28 8252.30000 5.66500000 177.16000 39.25000 12.25000 39.11800
12 5 20 17 29 8260.00000 5.66500000 177.14000 39.25000 12.25000 39.13300
12 5 20 17 29 8267.80000 5.66500000 177.22000 39.25000 12.25000 39.11800
12 5 20 17 30 8262.50000 5.66500000 177.23000 39.25000 12.25000 39.11800
12 5 20 17 30 8263.10000 5.67400000 177.23000 39.25000 12.25000 39.11800
12 5 20 17 31 8264.40000 5.67400000 177.23000 39.25000 12.25000 39.11800
12 5 20 17 31 8265.40000 5.67400000 177.15000 39.28000 12.25000 39.11800
12 5 20 17 32 8264.40000 5.67400000 177.09000 39.26000 12.25000 39.13300
12 5 20 17 32 8260.90000 5.67400000 177.12000 39.26000 12.25000 39.11800
12 5 20 17 33 8260.00000 5.67400000 177.17000 39.26000 12.25000 39.11800
12 5 20 17 33 8252.20000 5.67400000 177.10000 39.26000 12.25000 39.11800
12 5 20 17 34 8251.60000 5.67400000 177.11000 39.28000 12.25000 39.11800
12 5 20 17 34 8223.00000 5.66500000 176.90000 39.17000 12.25000 39.11800
12 5 20 17 34 8216.20000 5.67400000 177.18000 39.08000 12.25000 39.11800
12 5 20 17 35 8225.70000 5.65700000 176.99000 39.08000 12.25000 39.11800
12 5 20 17 35 8220.00000 5.65700000 176.94000 39.08000 12.25000 39.11800
12 5 20 17 36 8226.50000 5.65700000 177.01000 39.08000 12.25000 39.11800
12 5 20 17 36 8226.10000 5.65700000 176.88000 39.08000 12.25000 39.13300
12 5 20 17 37 8220.00000 5.65700000 176.70000 39.08000 12.25000 39.11800
