M=[
19 9 20 11 09 9298.90000 5.19700000 323.38000 40.91000 13.04000 49.13700
19 9 20 11 09 9298.80000 5.19700000 323.41000 40.91000 13.04000 49.13700
19 9 20 11 09 9297.50000 5.19700000 323.85000 40.91000 13.04000 49.13700
19 9 20 11 10 9298.90000 5.19700000 323.85000 40.91000 13.04000 49.13700
19 9 20 11 10 9298.90000 5.19700000 323.65000 40.93000 13.04000 49.13700
19 9 20 11 11 9298.90000 5.19700000 323.56000 40.93000 13.04000 49.13700
19 9 20 11 11 9303.90000 5.19700000 323.56000 40.93000 13.04000 49.13700
19 9 20 11 12 9302.90000 5.19700000 323.66000 40.86000 13.04000 49.13700
19 9 20 11 12 9302.90000 5.19700000 323.66000 40.86000 13.04000 49.13700
19 9 20 11 12 9302.90000 5.19700000 323.85000 40.86000 13.04000 49.13700
19 9 20 11 13 9302.20000 5.19700000 323.85000 40.88000 13.04000 49.13700
19 9 20 11 13 9301.70000 5.19700000 323.85000 40.88000 13.04000 49.13700
19 9 20 11 14 9300.30000 5.19700000 323.44000 40.88000 13.04000 49.13700
19 9 20 11 14 9300.90000 5.19700000 323.57000 40.88000 13.04000 49.13700
19 9 20 11 15 9301.00000 5.19700000 323.57000 40.90000 13.04000 49.13700
19 9 20 11 15 9303.80000 5.19700000 323.77000 40.90000 13.05300 49.13700
19 9 20 11 15 9303.40000 5.19700000 323.74000 40.90000 13.05300 49.13700
19 9 20 11 16 9303.30000 5.19700000 323.74000 40.90000 13.05300 49.13700
19 9 20 11 16 9303.40000 5.19700000 323.74000 40.90000 13.05300 49.13700
19 9 20 11 17 9303.90000 5.19700000 323.74000 40.90000 13.05300 49.13700
19 9 20 11 17 9303.90000 5.19700000 323.74000 40.90000 13.05300 49.13700
19 9 20 11 18 9303.90000 5.19700000 323.74000 40.90000 13.05300 49.13700
19 9 20 11 18 9302.30000 5.19700000 323.66000 40.90000 13.05300 49.13700
19 9 20 11 18 9302.10000 5.19700000 323.66000 40.90000 13.05300 49.13700
19 9 20 11 19 9301.80000 5.19700000 323.66000 40.90000 13.05300 49.13700
19 9 20 11 19 9301.80000 5.19700000 323.66000 40.88000 13.05300 49.13700
19 9 20 11 20 9301.90000 5.19700000 323.66000 40.88000 13.05300 49.13700
19 9 20 11 20 9303.90000 5.19700000 323.67000 40.88000 13.05300 49.13700
19 9 20 11 21 9303.10000 5.21900000 323.67000 40.88000 13.05300 49.31500
19 9 20 11 21 9302.60000 5.21900000 323.76000 40.88000 13.05300 49.31500
19 9 20 11 21 9303.20000 5.21900000 323.76000 40.88000 13.05300 49.31500
19 9 20 11 22 9303.60000 5.21900000 323.91000 40.88000 13.05300 49.31500
19 9 20 11 22 9303.60000 5.21900000 323.79000 40.88000 13.05300 49.31500
19 9 20 11 23 9303.60000 5.21900000 323.79000 40.88000 13.05300 49.31500
19 9 20 11 23 9303.60000 5.21900000 323.79000 40.88000 13.05300 49.31500
19 9 20 11 24 9303.60000 5.21900000 323.69000 40.88000 13.05300 49.31500
19 9 20 11 24 9303.60000 5.21900000 323.69000 40.88000 13.05300 49.31500
19 9 20 11 24 9303.50000 5.21900000 323.69000 40.88000 13.05300 49.31500
19 9 20 11 25 9303.60000 5.21900000 323.69000 40.88000 13.05300 49.31500
19 9 20 11 25 9303.90000 5.21900000 324.21000 40.90000 13.05300 49.31500
19 9 20 11 26 9321.80000 5.21900000 324.59000 40.97000 13.05300 49.31500
19 9 20 11 26 9329.00000 5.21900000 324.43000 40.97000 13.05300 49.31500
19 9 20 11 27 9329.00000 5.21900000 324.27000 40.97000 13.05300 49.31500
19 9 20 11 27 9327.30000 5.21900000 324.51000 40.97000 13.05300 49.31500
19 9 20 11 28 9327.20000 5.21900000 324.52000 40.97000 13.05300 49.31500
19 9 20 11 28 9327.20000 5.21900000 324.37000 40.97000 13.05300 49.31500
19 9 20 11 29 9324.60000 5.21900000 324.37000 40.92000 13.05300 49.31500
19 9 20 11 29 9319.10000 5.21900000 324.05000 40.92000 13.05300 49.31500
19 9 20 11 29 9319.10000 5.21900000 324.05000 40.92000 13.05300 49.31500
19 9 20 11 30 9321.10000 5.21900000 324.23000 40.92000 13.05300 49.31500
19 9 20 11 30 9321.10000 5.21900000 324.16000 40.92000 13.05300 49.31500
19 9 20 11 31 9321.10000 5.21900000 324.16000 40.92000 13.05300 49.31500
19 9 20 11 31 9321.10000 5.21900000 324.16000 40.92000 13.05300 49.31500
19 9 20 11 32 9323.40000 5.21900000 324.21000 40.92000 13.05300 49.31500
19 9 20 11 32 9323.40000 5.21900000 324.22000 40.92000 13.05300 49.31500
19 9 20 11 32 9323.40000 5.21900000 324.22000 40.92000 13.05300 49.31500
19 9 20 11 33 9323.40000 5.21900000 324.22000 40.98000 13.05300 49.31500
19 9 20 11 33 9320.30000 5.21900000 324.22000 40.98000 13.05300 49.31500
19 9 20 11 34 9319.00000 5.21900000 324.64000 40.98000 13.05300 49.31500
19 9 20 11 34 9319.10000 5.21900000 324.99000 40.98000 13.05300 49.62000
19 9 20 11 35 9320.00000 5.21900000 324.46000 40.98000 13.05300 49.62000
19 9 20 11 35 9320.00000 5.21900000 324.46000 40.98000 13.05300 49.62000
19 9 20 11 35 9320.00000 5.21900000 324.92000 40.98000 13.05300 49.62000
19 9 20 11 36 9320.00000 5.21900000 324.79000 40.98000 13.05300 49.62000
19 9 20 11 36 9319.90000 5.21900000 324.78000 40.98000 13.05300 49.62000
19 9 20 11 37 9319.90000 5.21900000 324.72000 40.98000 13.05300 49.62000
19 9 20 11 37 9320.00000 5.21900000 324.50000 40.98000 13.05300 49.62000
19 9 20 11 38 9320.00000 5.21900000 324.47000 40.98000 13.05300 49.62000
19 9 20 11 38 9320.00000 5.21900000 324.47000 40.98000 13.05300 49.62000
19 9 20 11 38 9320.00000 5.21900000 324.47000 40.98000 13.05300 49.62000
19 9 20 11 39 9320.00000 5.21900000 323.98000 40.98000 13.00000 49.62000
19 9 20 11 39 9320.00000 5.21900000 323.98000 40.98000 13.00000 49.62000
19 9 20 11 40 9320.80000 5.21900000 324.43000 40.98000 13.00000 49.62000
19 9 20 11 40 9324.90000 5.21900000 324.50000 40.98000 13.00000 49.62000
19 9 20 11 41 9324.80000 5.21900000 324.79000 40.98000 13.00000 49.62000
19 9 20 11 41 9324.90000 5.21900000 324.79000 40.98000 13.00000 49.62000
19 9 20 11 41 9326.10000 5.21900000 324.79000 40.98000 13.00000 49.62000
19 9 20 11 42 9326.10000 5.21900000 324.44000 40.98000 13.00000 49.62000
19 9 20 11 42 9326.20000 5.21900000 324.44000 40.98000 13.00000 49.62000
19 9 20 11 43 9326.00000 5.21900000 324.56000 40.98000 13.00000 49.62000
19 9 20 11 43 9326.20000 5.21900000 324.56000 40.98000 13.00000 49.62000
19 9 20 11 44 9326.00000 5.21900000 324.56000 40.98000 13.00000 49.50200
19 9 20 11 44 9326.10000 5.21900000 324.29000 40.98000 13.00000 49.50200
19 9 20 11 45 9326.10000 5.21900000 324.29000 40.98000 13.00000 49.50200
19 9 20 11 45 9326.20000 5.21900000 324.53000 40.98000 13.00000 49.50200
19 9 20 11 45 9329.00000 5.21900000 324.53000 40.98000 13.00000 49.50200
19 9 20 11 46 9329.00000 5.21900000 324.56000 40.98000 13.00000 49.50200
19 9 20 11 46 9328.90000 5.21900000 324.56000 40.98000 13.00000 49.50200
19 9 20 11 47 9340.90000 5.21900000 324.56000 41.00000 13.00000 49.50200
19 9 20 11 47 9358.70000 5.21900000 324.71000 41.04000 13.00000 49.59500
19 9 20 11 48 9373.30000 5.21900000 324.71000 41.04000 13.00000 49.59500
19 9 20 11 48 9374.80000 5.21900000 324.95000 41.04000 13.00000 49.59500
19 9 20 11 48 9379.60000 5.21900000 324.91000 41.04000 13.00000 49.59500
19 9 20 11 49 9373.30000 5.21900000 324.98000 41.04000 13.00000 49.59500
19 9 20 11 49 9376.00000 5.21900000 324.99000 41.04000 13.00000 49.59500
19 9 20 11 50 9376.50000 5.21900000 324.99000 41.04000 13.00000 49.59500
19 9 20 11 50 9377.50000 5.21900000 325.52000 41.10000 13.00000 49.59500
19 9 20 11 51 9374.60000 5.21900000 325.52000 41.10000 13.00000 49.59500
19 9 20 11 51 9374.60000 5.21900000 325.53000 41.10000 13.00000 49.59500
19 9 20 11 51 9370.10000 5.21900000 325.14000 41.10000 13.00000 49.59500
19 9 20 11 52 9366.20000 5.21900000 324.88000 41.10000 13.00000 49.59500
19 9 20 11 52 9366.10000 5.21900000 324.88000 41.10000 13.00000 49.59500
19 9 20 11 53 9365.60000 5.21900000 325.04000 41.10000 13.00000 49.59500
19 9 20 11 53 9370.00000 5.21900000 325.14000 41.10000 13.00000 49.59500
19 9 20 11 54 9376.50000 5.21900000 325.14000 41.19000 13.00000 49.59500
19 9 20 11 54 9373.60000 5.21900000 325.14000 41.19000 13.00000 49.59500
19 9 20 11 54 9373.60000 5.21900000 324.93000 41.19000 13.00000 49.59500
19 9 20 11 55 9371.80000 5.21900000 325.01000 41.19000 13.00000 49.59500
19 9 20 11 55 9369.80000 5.21900000 325.01000 41.21000 13.00000 49.59500
