M=[
23 7 20 06 12 8210.40000 5.46000000 226.58000 38.71000 20.08400 54.76000
23 7 20 06 12 8210.40000 5.46000000 226.58000 38.71000 20.08400 54.76000
23 7 20 06 13 8211.20000 5.46000000 226.58000 38.71000 20.08400 54.76000
23 7 20 06 13 8211.20000 5.46000000 226.58000 38.71000 20.08400 54.76000
23 7 20 06 14 8211.30000 5.46000000 226.66000 38.71000 20.08400 54.76000
23 7 20 06 14 8212.70000 5.46000000 226.79000 38.71000 20.08400 54.76000
23 7 20 06 15 8212.80000 5.46000000 226.79000 38.71000 20.08400 54.76000
23 7 20 06 15 8213.00000 5.46000000 226.92000 38.71000 20.08400 54.76000
23 7 20 06 15 8214.00000 5.44600000 226.94000 38.71000 20.09000 54.76000
23 7 20 06 16 8214.00000 5.44600000 226.98000 38.71000 20.09000 54.76000
23 7 20 06 16 8214.40000 5.44600000 227.00000 38.72000 20.09000 54.99000
23 7 20 06 17 8215.30000 5.44600000 227.04000 38.72000 20.09000 54.99000
23 7 20 06 17 8215.50000 5.44600000 227.02000 38.72000 20.09000 54.99000
23 7 20 06 18 8215.50000 5.44600000 227.01000 38.72000 20.09000 54.99000
23 7 20 06 18 8215.50000 5.44600000 227.01000 38.72000 20.09000 54.99000
23 7 20 06 19 8215.40000 5.44600000 227.01000 38.72000 20.09000 54.99000
23 7 20 06 19 8215.40000 5.44600000 227.01000 38.72000 20.03000 54.99000
23 7 20 06 19 8214.10000 5.44600000 227.01000 38.71000 20.03000 54.99000
23 7 20 06 20 8214.00000 5.44600000 227.01000 38.71000 20.03000 54.99000
23 7 20 06 20 8214.00000 5.44600000 227.01000 38.73000 20.03000 54.99000
23 7 20 06 21 8214.10000 5.44600000 227.02000 38.73000 20.03000 54.99000
23 7 20 06 21 8214.30000 5.44600000 227.07000 38.78000 20.03000 54.99000
23 7 20 06 22 8214.60000 5.44600000 227.09000 38.78000 20.03000 54.99000
23 7 20 06 22 8214.70000 5.44600000 227.08000 38.78000 20.03000 54.99000
23 7 20 06 23 8214.20000 5.44600000 227.03000 38.78000 20.03000 54.99000
23 7 20 06 23 8214.30000 5.44600000 227.07000 38.78000 20.03000 54.99000
23 7 20 06 24 8214.30000 5.44600000 227.06000 38.78000 20.03000 54.99000
23 7 20 06 24 8214.30000 5.44600000 227.04000 38.78000 20.03000 54.99000
23 7 20 06 24 8214.20000 5.44600000 227.10000 38.78000 20.03000 54.99000
23 7 20 06 25 8217.60000 5.44600000 227.16000 38.78000 20.03000 54.99000
23 7 20 06 25 8217.60000 5.44600000 227.17000 38.78000 20.03000 54.99000
23 7 20 06 26 8217.60000 5.44600000 227.17000 38.78000 20.03000 54.99000
23 7 20 06 26 8217.70000 5.44600000 227.19000 38.78000 20.03000 54.99000
23 7 20 06 27 8217.60000 5.44600000 227.09000 38.78000 20.03000 54.99000
23 7 20 06 27 8217.60000 5.44600000 227.05000 38.78000 20.03000 54.99000
23 7 20 06 28 8217.60000 5.44600000 227.02000 38.78000 20.03000 54.99000
23 7 20 06 28 8214.90000 5.44600000 227.01000 38.78000 20.03000 54.99000
23 7 20 06 28 8215.00000 5.44600000 227.00000 38.78000 20.05600 54.99000
23 7 20 06 29 8215.50000 5.44600000 226.93000 38.78000 20.00800 54.99000
23 7 20 06 29 8214.90000 5.44600000 226.87000 38.75000 20.00800 54.99000
23 7 20 06 30 8214.90000 5.44600000 226.80000 38.74000 20.00800 54.99000
23 7 20 06 30 8214.70000 5.44600000 226.80000 38.74000 20.00800 54.99000
23 7 20 06 31 8211.40000 5.44600000 226.75000 38.74000 20.00800 54.99000
23 7 20 06 31 8211.70000 5.44600000 226.69000 38.74000 20.00800 54.99000
23 7 20 06 32 8211.50000 5.44600000 226.69000 38.73000 20.00800 54.99000
23 7 20 06 32 8212.10000 5.44600000 226.76000 38.73000 20.00800 54.99000
23 7 20 06 32 8211.80000 5.44600000 226.73000 38.73000 20.00700 54.99000
23 7 20 06 33 8210.70000 5.44600000 226.80000 38.73000 20.00700 54.99000
23 7 20 06 33 8210.00000 5.44600000 226.76000 38.73000 20.00700 54.99000
23 7 20 06 34 8210.30000 5.44600000 226.81000 38.73000 20.00700 54.99000
23 7 20 06 34 8210.20000 5.44600000 226.76000 38.73000 20.00000 54.99000
23 7 20 06 35 8210.30000 5.45100000 226.74000 38.74000 20.05700 54.99000
23 7 20 06 35 8209.80000 5.45100000 226.74000 38.74000 20.38200 54.99000
23 7 20 06 36 8209.80000 5.45100000 226.73000 38.74000 20.45700 54.99000
23 7 20 06 36 8210.00000 5.45100000 226.73000 38.74000 20.58500 54.99000
23 7 20 06 36 8209.90000 5.45100000 226.73000 38.74000 20.56300 54.92100
23 7 20 06 37 8209.80000 5.45100000 226.70000 38.74000 20.56600 54.88100
23 7 20 06 37 8209.90000 5.45100000 226.70000 38.74000 20.56600 54.89300
23 7 20 06 38 8210.10000 5.45100000 226.63000 38.74000 20.56600 54.89300
23 7 20 06 38 8210.00000 5.45100000 226.63000 38.74000 20.56600 54.88600
23 7 20 06 39 8210.00000 5.45100000 226.63000 38.74000 20.56600 54.87800
23 7 20 06 39 8210.00000 5.45100000 226.62000 38.74000 20.56600 54.87700
23 7 20 06 40 8210.10000 5.45100000 226.62000 38.74000 20.56600 54.87700
23 7 20 06 40 8210.00000 5.45100000 226.61000 38.74000 20.56600 54.90500
23 7 20 06 40 8209.80000 5.45100000 226.61000 38.74000 20.56600 54.90500
23 7 20 06 41 8209.60000 5.45100000 226.61000 38.74000 20.56600 54.90500
23 7 20 06 41 8213.30000 5.45100000 226.69000 38.74000 20.56600 54.90500
23 7 20 06 42 8215.40000 5.45100000 226.76000 38.74000 20.56600 54.90500
23 7 20 06 42 8215.40000 5.45100000 226.80000 38.74000 20.56600 54.90500
23 7 20 06 43 8212.70000 5.45100000 226.69000 38.77000 20.56600 54.90500
23 7 20 06 43 8213.90000 5.45100000 226.73000 38.77000 20.56600 54.90500
23 7 20 06 44 8213.70000 5.45100000 226.69000 38.77000 20.56900 54.90500
23 7 20 06 44 8213.70000 5.45100000 226.75000 38.77000 20.56900 54.90500
23 7 20 06 45 8213.60000 5.45100000 226.70000 38.79000 20.56900 54.90500
23 7 20 06 45 8213.70000 5.45100000 226.69000 38.79000 20.56900 54.90500
23 7 20 06 45 8213.60000 5.45100000 226.69000 38.79000 20.56900 54.90500
23 7 20 06 46 8213.50000 5.45100000 226.70000 38.79000 20.56900 54.90500
23 7 20 06 46 8213.60000 5.45100000 226.70000 38.79000 20.45400 54.90500
23 7 20 06 47 8213.10000 5.45100000 226.78000 38.79000 20.45400 55.12200
23 7 20 06 47 8212.20000 5.45100000 226.79000 38.79000 20.45400 55.12200
23 7 20 06 48 8212.40000 5.45100000 226.79000 38.79000 20.45400 55.12200
23 7 20 06 48 8212.40000 5.45100000 226.80000 38.79000 20.45400 55.12200
23 7 20 06 49 8215.40000 5.45100000 226.88000 38.79000 20.30100 55.12200
23 7 20 06 49 8215.40000 5.45100000 226.88000 38.79000 20.30100 55.12200
23 7 20 06 49 8215.80000 5.45100000 226.89000 38.79000 20.30100 55.12200
23 7 20 06 50 8215.80000 5.45100000 226.89000 38.79000 20.30100 55.12200
23 7 20 06 50 8215.70000 5.45100000 226.88000 38.79000 20.30100 55.22600
23 7 20 06 51 8216.50000 5.45100000 226.90000 38.79000 20.30100 55.22600
23 7 20 06 51 8216.40000 5.45100000 226.89000 38.82000 20.30100 55.22600
23 7 20 06 52 8216.70000 5.45100000 226.89000 38.82000 20.30100 55.22600
23 7 20 06 52 8217.20000 5.45100000 226.95000 38.82000 20.54400 55.22600
23 7 20 06 53 8217.30000 5.45100000 227.00000 38.82000 20.54400 55.22600
23 7 20 06 53 8217.20000 5.45100000 227.03000 38.82000 20.54400 55.22600
23 7 20 06 54 8217.20000 5.45100000 227.07000 38.82000 20.54400 55.22600
23 7 20 06 54 8217.20000 5.45100000 227.06000 38.82000 20.48100 55.22600
23 7 20 06 54 8218.40000 5.45100000 227.10000 38.82000 20.48100 55.22600
23 7 20 06 55 8218.50000 5.45100000 227.10000 38.82000 20.48100 55.22600
23 7 20 06 55 8218.50000 5.45100000 227.10000 38.82000 20.48100 55.22600
23 7 20 06 56 8218.40000 5.45400000 227.09000 38.82000 20.48100 55.22600
23 7 20 06 56 8218.10000 5.45400000 227.08000 38.82000 20.48100 55.22600
23 7 20 06 57 8218.20000 5.45400000 227.08000 38.82000 20.48100 55.22600
23 7 20 06 57 8218.40000 5.45400000 227.09000 38.81000 20.48100 55.22600
23 7 20 06 58 8219.00000 5.45400000 227.09000 38.81000 20.48100 55.22600
23 7 20 06 58 8219.00000 5.45400000 227.08000 38.81000 20.48100 55.22600
23 7 20 06 58 8219.00000 5.45400000 227.09000 38.81000 20.48100 55.22600
23 7 20 06 59 8219.20000 5.45400000 227.08000 38.81000 20.48100 55.40200
23 7 20 06 59 8219.20000 5.45400000 227.09000 38.81000 20.48100 55.40200
23 7 20 07 00 8219.10000 5.45400000 227.09000 38.82000 20.48100 55.40200
23 7 20 07 00 8217.10000 5.45400000 227.09000 38.82000 20.48100 55.40200
