M=[
27 7 21 07 44 31485.00000 40.16800000 1865.96000 109.26000 24.42200 83.98900
27 7 21 07 44 31484.90000 40.16800000 1865.96000 109.26000 24.42200 83.98900
27 7 21 07 45 31485.00000 40.16800000 1864.16000 109.18000 24.42200 83.98900
27 7 21 07 45 31485.00000 40.16800000 1864.82000 109.18000 24.42200 83.98900
27 7 21 07 45 31500.30000 40.16800000 1866.23000 109.18000 24.42200 84.29800
27 7 21 07 46 31453.30000 40.16800000 1865.22000 109.32000 24.42200 84.29800
27 7 21 07 46 31450.10000 40.16800000 1862.97000 109.32000 24.42200 84.29800
27 7 21 07 47 31433.20000 40.16800000 1864.69000 109.17000 24.42200 84.29800
27 7 21 07 47 31436.70000 40.16800000 1864.69000 109.12000 24.42200 84.29800
27 7 21 07 48 31435.40000 40.16800000 1860.63000 109.02000 24.42200 84.29800
27 7 21 07 48 31426.00000 40.05300000 1861.51000 109.05000 24.42200 84.29800
27 7 21 07 48 31423.10000 40.00000000 1860.34000 109.05000 24.42200 84.29800
27 7 21 07 49 31429.90000 40.00000000 1860.71000 109.05000 24.42200 84.29800
27 7 21 07 49 31436.70000 40.00000000 1861.15000 109.00000 24.42200 84.29800
27 7 21 07 50 31455.90000 40.00000000 1861.21000 109.09000 24.42200 84.29800
27 7 21 07 50 31456.00000 40.00000000 1861.22000 109.09000 24.42200 84.29800
27 7 21 07 51 31469.80000 40.07900000 1861.62000 109.09000 24.42200 84.29800
27 7 21 07 51 31469.90000 40.07600000 1861.62000 109.09000 24.42200 84.29800
27 7 21 07 52 31469.80000 40.07600000 1861.14000 109.09000 24.42200 84.08400
27 7 21 07 52 31464.20000 40.07600000 1861.29000 109.09000 24.42200 84.08400
27 7 21 07 52 31486.70000 40.10200000 1863.00000 109.09000 24.42200 84.08400
27 7 21 07 53 31501.70000 40.17100000 1864.99000 109.09000 24.42200 84.08400
27 7 21 07 53 31496.80000 40.23900000 1865.52000 109.09000 24.18300 84.08400
27 7 21 07 54 31497.00000 40.23900000 1864.68000 109.27000 24.18300 84.08400
27 7 21 07 54 31497.00000 40.23900000 1865.82000 109.27000 24.18300 84.08400
27 7 21 07 55 31497.00000 40.23900000 1866.37000 109.27000 24.18300 84.08400
27 7 21 07 55 31497.00000 40.23900000 1867.06000 109.27000 24.31400 84.08400
27 7 21 07 55 31496.90000 40.23900000 1867.33000 109.27000 24.31400 84.08400
27 7 21 07 56 31496.90000 40.26700000 1867.22000 109.27000 24.31400 84.08400
27 7 21 07 56 31497.00000 40.26700000 1869.84000 109.45000 24.31400 84.08400
27 7 21 07 57 31497.00000 40.26700000 1870.00000 109.49000 24.31400 84.08400
27 7 21 07 57 31497.00000 40.26700000 1871.05000 109.49000 24.31400 84.08400
27 7 21 07 58 31532.70000 40.26700000 1871.97000 109.49000 24.31400 84.08400
27 7 21 07 58 31534.50000 40.28700000 1871.78000 109.49000 24.12800 84.08400
27 7 21 07 58 31534.40000 40.28700000 1871.40000 109.49000 24.12800 84.08400
27 7 21 07 59 31534.40000 40.28700000 1872.92000 109.50000 24.12800 84.08400
27 7 21 07 59 31534.50000 40.28700000 1872.92000 109.50000 24.12800 84.08400
27 7 21 08 00 31534.60000 40.28700000 1871.06000 109.50000 24.12800 84.08400
27 7 21 08 00 31515.10000 40.28700000 1870.00000 109.50000 24.12800 84.08400
27 7 21 08 01 31511.70000 40.28700000 1869.85000 109.50000 24.12800 84.08400
27 7 21 08 01 31562.90000 40.28700000 1870.94000 109.50000 24.12800 84.08400
27 7 21 08 01 31527.10000 40.28700000 1869.88000 109.24000 24.12800 84.08400
27 7 21 08 02 31508.80000 40.28700000 1867.61000 109.18000 24.12800 84.08400
27 7 21 08 02 31486.80000 40.28700000 1866.04000 109.03000 24.12800 84.08400
27 7 21 08 03 31492.80000 40.28700000 1866.04000 109.03000 24.12800 84.08400
27 7 21 08 03 31500.00000 40.28700000 1867.93000 109.03000 24.12800 84.08400
27 7 21 08 04 31485.10000 40.14500000 1866.93000 109.03000 24.12800 84.08400
27 7 21 08 04 31463.60000 40.14500000 1865.01000 109.03000 24.12800 84.08400
27 7 21 08 04 31451.80000 40.14500000 1865.01000 109.03000 24.03100 84.08400
27 7 21 08 05 31485.10000 40.14500000 1866.20000 109.03000 24.03100 84.08400
27 7 21 08 05 31499.90000 40.14500000 1867.30000 109.03000 24.03100 84.08400
27 7 21 08 06 31538.40000 40.14500000 1868.64000 109.03000 24.03100 84.08400
27 7 21 08 06 31540.00000 40.14500000 1868.64000 109.03000 24.04700 84.08400
27 7 21 08 07 31568.20000 40.14500000 1873.30000 109.03000 24.04700 84.08400
27 7 21 08 07 31576.50000 40.14500000 1873.86000 109.03000 24.04700 84.08400
27 7 21 08 08 31574.10000 40.14500000 1871.73000 109.03000 24.04700 84.08400
27 7 21 08 08 31586.00000 40.14500000 1873.98000 109.03000 24.04700 84.08400
27 7 21 08 08 31586.00000 40.14500000 1873.45000 109.03000 24.04700 84.08400
27 7 21 08 09 31586.00000 40.14500000 1873.45000 109.03000 24.04700 84.08400
27 7 21 08 09 31586.00000 40.14500000 1873.58000 109.55000 24.04700 84.08400
27 7 21 08 10 31586.00000 40.39400000 1873.44000 109.54000 24.04700 84.08400
27 7 21 08 10 31563.80000 40.29400000 1871.98000 109.39000 24.04700 84.08400
27 7 21 08 11 31564.50000 40.29400000 1873.47000 109.34000 24.04700 84.08400
27 7 21 08 11 31586.00000 40.29400000 1873.47000 109.34000 24.04700 84.08400
27 7 21 08 11 31586.00000 40.31200000 1873.47000 109.43000 24.04700 84.08400
27 7 21 08 12 31585.90000 40.31200000 1872.85000 109.43000 24.04700 84.08400
27 7 21 08 12 31585.90000 40.31200000 1873.03000 109.43000 24.04700 84.08400
27 7 21 08 13 31587.00000 40.31200000 1873.04000 109.42000 24.04700 84.08400
27 7 21 08 13 31609.70000 40.31200000 1875.00000 109.44000 24.04700 84.08400
27 7 21 08 14 31615.20000 40.31200000 1875.46000 109.44000 24.04700 84.08400
27 7 21 08 14 31627.60000 40.38400000 1875.48000 109.44000 24.04700 84.08400
27 7 21 08 14 31652.90000 40.38400000 1877.20000 109.44000 24.04700 84.08400
27 7 21 08 15 31641.90000 40.38400000 1876.59000 109.44000 24.04700 84.08400
27 7 21 08 15 31653.10000 40.38400000 1880.69000 109.44000 24.04700 84.08400
27 7 21 08 16 31653.10000 40.38400000 1881.56000 109.80000 24.04700 84.08400
27 7 21 08 16 31653.10000 40.50000000 1882.34000 109.81000 24.04700 84.08400
27 7 21 08 17 31667.80000 40.50000000 1882.84000 109.81000 24.04700 84.08400
27 7 21 08 17 31659.70000 40.50000000 1882.71000 109.81000 24.04700 84.08400
27 7 21 08 17 31667.80000 40.50000000 1882.89000 109.81000 24.04700 84.08400
27 7 21 08 18 31658.50000 40.50000000 1881.63000 109.81000 24.04700 84.08400
27 7 21 08 18 31663.50000 40.50000000 1880.64000 109.81000 24.04700 84.08400
27 7 21 08 19 31658.60000 40.50000000 1881.60000 109.81000 24.04700 84.71900
27 7 21 08 19 31691.00000 40.65300000 1884.49000 109.81000 24.04700 84.71900
27 7 21 08 20 31729.20000 40.65300000 1888.94000 110.06000 24.04700 84.97100
27 7 21 08 20 31732.20000 40.65300000 1886.12000 110.04000 24.04700 84.97100
27 7 21 08 20 31720.30000 40.65300000 1885.48000 110.05000 24.04700 84.97100
27 7 21 08 21 31735.00000 40.71200000 1886.81000 110.09000 24.04700 84.97100
27 7 21 08 21 31735.00000 40.71200000 1885.01000 110.09000 24.04700 84.97100
27 7 21 08 22 31721.00000 40.71200000 1885.00000 110.03000 24.04700 84.97100
27 7 21 08 22 31736.00000 40.74700000 1885.01000 110.01000 24.63500 84.97100
27 7 21 08 23 31736.00000 40.74700000 1884.45000 110.01000 24.63500 84.97100
27 7 21 08 23 31759.00000 40.74700000 1885.13000 110.01000 24.63500 84.97100
27 7 21 08 24 31746.70000 40.74700000 1884.39000 110.01000 24.63500 84.97100
27 7 21 08 24 31746.70000 40.73900000 1883.76000 110.03000 24.63500 84.97100
27 7 21 08 24 31721.10000 40.73900000 1883.26000 110.02000 24.63500 84.97100
27 7 21 08 25 31728.30000 40.73900000 1883.20000 110.02000 24.63500 84.97100
27 7 21 08 25 31718.60000 40.73900000 1882.00000 110.02000 24.19800 84.97100
27 7 21 08 26 31721.10000 40.73900000 1881.28000 110.00000 24.19800 84.97100
27 7 21 08 26 31752.70000 40.73900000 1881.28000 110.00000 24.19800 84.97100
27 7 21 08 27 31746.20000 40.73900000 1882.78000 109.97000 24.19800 84.95200
27 7 21 08 27 31788.60000 40.74800000 1882.75000 109.97000 24.19800 84.95200
27 7 21 08 27 31784.10000 40.74800000 1882.75000 109.99000 24.19800 84.95200
27 7 21 08 28 31782.50000 40.74800000 1883.19000 109.98000 24.19800 84.95200
