M=[
12 8 20 14 27 9819.00000 5.73700000 327.51000 46.70000 17.74900 71.23000
12 8 20 14 28 9820.70000 5.73700000 327.50000 46.70000 17.74900 71.23000
12 8 20 14 28 9820.60000 5.73700000 327.31000 46.71000 17.74900 71.23000
12 8 20 14 29 9819.00000 5.73700000 326.12000 46.65000 17.75800 71.23000
12 8 20 14 29 9815.10000 5.73700000 326.65000 46.60000 17.74300 71.23000
12 8 20 14 30 9815.10000 5.73700000 326.51000 46.60000 17.74300 71.23000
12 8 20 14 30 9815.00000 5.73700000 326.59000 46.59000 17.74300 71.23000
12 8 20 14 31 9814.90000 5.73700000 326.59000 46.55000 17.74300 71.33100
12 8 20 14 31 9810.00000 5.73700000 326.52000 46.50000 17.74000 71.33100
12 8 20 14 32 9812.80000 5.73700000 326.66000 46.48000 17.74000 71.33100
12 8 20 14 32 9814.80000 5.73900000 326.98000 46.48000 17.74000 71.33100
12 8 20 14 33 9814.00000 5.73900000 326.70000 46.48000 17.74000 71.33100
12 8 20 14 33 9813.90000 5.73900000 326.91000 46.48000 17.74000 71.33100
12 8 20 14 34 9814.00000 5.73900000 327.11000 46.56000 17.74000 71.33100
12 8 20 14 34 9816.00000 5.73900000 327.23000 46.56000 17.74000 71.33100
12 8 20 14 35 9815.90000 5.73900000 327.43000 46.56000 17.74000 70.98000
12 8 20 14 35 9827.10000 5.73900000 327.48000 46.56000 17.74000 70.98000
12 8 20 14 36 9825.10000 5.73900000 327.49000 46.56000 17.74000 70.98000
12 8 20 14 36 9829.00000 5.73900000 327.49000 46.56000 17.74000 70.98000
12 8 20 14 37 9829.00000 5.73900000 327.50000 46.56000 17.74000 70.98000
12 8 20 14 37 9828.90000 5.73900000 327.31000 46.56000 17.74000 70.98000
12 8 20 14 38 9828.80000 5.73900000 327.24000 46.46000 17.74000 70.98000
12 8 20 14 38 9827.80000 5.73900000 327.39000 46.46000 17.74800 70.98000
12 8 20 14 39 9827.80000 5.73800000 327.57000 46.46000 17.74800 70.98000
12 8 20 14 39 9827.80000 5.74000000 327.56000 46.46000 17.74800 70.98000
12 8 20 14 40 9827.80000 5.74000000 327.66000 46.46000 17.74800 70.98000
12 8 20 14 40 9828.40000 5.74000000 327.66000 46.46000 17.74800 70.98000
12 8 20 14 41 9829.10000 5.74000000 327.61000 46.54000 17.74800 70.98000
12 8 20 14 41 9829.90000 5.74000000 327.50000 46.54000 17.74800 70.98000
12 8 20 14 42 9829.90000 5.74000000 327.60000 46.54000 17.74800 70.98000
12 8 20 14 42 9829.80000 5.74000000 327.60000 46.54000 17.74800 70.98000
12 8 20 14 42 9830.00000 5.74000000 327.53000 46.54000 17.75300 70.98000
12 8 20 14 43 9830.00000 5.74000000 327.24000 46.54000 17.75300 71.13200
12 8 20 14 43 9830.00000 5.74000000 327.04000 46.45000 17.75300 71.13200
12 8 20 14 44 9829.80000 5.74000000 327.05000 46.45000 17.75300 71.06400
12 8 20 14 44 9828.80000 5.74000000 327.00000 46.45000 17.75300 71.06400
12 8 20 14 45 9820.30000 5.74000000 326.71000 46.39000 17.75300 71.06400
12 8 20 14 46 9826.30000 5.74000000 327.14000 46.39000 17.75300 71.06400
12 8 20 14 46 9829.10000 5.74000000 327.14000 46.39000 17.75300 71.06400
12 8 20 14 46 9837.30000 5.74000000 327.37000 46.39000 17.75300 71.06400
12 8 20 14 47 9835.50000 5.74000000 327.33000 46.39000 17.75300 71.06400
12 8 20 14 47 9834.90000 5.74000000 327.22000 46.44000 17.75300 71.06400
12 8 20 14 48 9836.70000 5.74000000 327.14000 46.44000 17.75300 71.09800
12 8 20 14 48 9836.70000 5.74000000 327.23000 46.45000 17.75300 71.09800
12 8 20 14 49 9836.70000 5.74000000 327.26000 46.45000 17.75300 71.09800
12 8 20 14 49 9836.80000 5.74000000 327.23000 46.45000 17.75300 71.09800
12 8 20 14 50 9836.80000 5.74000000 327.23000 46.45000 17.75300 71.09800
12 8 20 14 50 9836.80000 5.74000000 327.23000 46.45000 17.75300 71.09800
12 8 20 14 51 9836.80000 5.74000000 327.23000 46.45000 17.75300 71.09800
12 8 20 14 51 9836.80000 5.74000000 327.23000 46.45000 17.75300 71.09800
12 8 20 14 52 9836.80000 5.74000000 327.75000 46.45000 17.75300 71.09800
12 8 20 14 52 9837.60000 5.74000000 327.54000 46.49000 17.75300 71.09800
12 8 20 14 53 9838.80000 5.73500000 327.69000 46.49000 17.75600 71.09800
12 8 20 14 53 9839.50000 5.73900000 327.53000 46.57000 17.75500 71.09800
12 8 20 14 53 9839.50000 5.73900000 327.80000 46.57000 17.75500 71.09800
12 8 20 14 54 9840.00000 5.73900000 327.92000 46.58000 17.75500 71.09800
12 8 20 14 54 9840.00000 5.74000000 327.98000 46.64000 17.75500 71.09800
12 8 20 14 55 9839.90000 5.74000000 328.03000 46.55000 17.80000 71.20100
12 8 20 14 55 9840.00000 5.74000000 328.00000 46.59000 17.80000 71.20100
12 8 20 14 56 9840.00000 5.74000000 327.78000 46.61000 17.80000 71.20100
12 8 20 14 56 9839.80000 5.74000000 327.44000 46.63000 17.80000 71.20100
12 8 20 14 57 9841.00000 5.73900000 327.39000 46.63000 17.80000 71.20100
12 8 20 14 58 9840.90000 5.74000000 327.03000 46.60000 17.80000 71.20100
12 8 20 14 58 9840.90000 5.74000000 327.62000 46.60000 17.80000 71.20100
12 8 20 14 59 9840.90000 5.74000000 327.62000 46.61000 17.80000 71.20100
12 8 20 14 59 9840.90000 5.74000000 327.61000 46.61000 17.80000 71.20100
12 8 20 14 59 9840.90000 5.74000000 327.61000 46.65000 17.80000 71.20100
12 8 20 15 00 9848.00000 5.74000000 327.88000 46.64000 17.80000 71.20100
12 8 20 15 00 9849.90000 5.74000000 328.24000 46.64000 17.80000 71.20100
12 8 20 15 01 9869.90000 5.74000000 328.62000 46.64000 17.80000 71.20100
12 8 20 15 01 9862.30000 5.74000000 328.62000 46.64000 17.80000 71.50000
12 8 20 15 02 9862.10000 5.74000000 328.63000 46.70000 17.80000 71.84000
12 8 20 15 02 9866.30000 5.74000000 328.57000 46.74000 17.80000 71.84000
12 8 20 15 03 9865.10000 5.74000000 328.56000 46.74000 17.80000 71.84000
12 8 20 15 03 9856.80000 5.74000000 328.56000 46.74000 17.80000 71.84000
12 8 20 15 04 9868.20000 5.75000000 328.65000 46.69000 17.80000 71.84000
12 8 20 15 04 9869.90000 5.75000000 328.55000 46.66000 17.80000 71.61800
12 8 20 15 05 9869.90000 5.75000000 328.46000 46.66000 17.80000 71.52400
12 8 20 15 05 9867.20000 5.75000000 328.67000 46.66000 17.80000 71.52400
12 8 20 15 06 9867.40000 5.75000000 328.92000 46.66000 17.80000 71.52400
12 8 20 15 06 9868.20000 5.75000000 328.76000 46.66000 17.80000 71.52400
12 8 20 15 07 9867.50000 5.75000000 328.51000 46.65000 17.80000 71.52400
12 8 20 15 07 9867.50000 5.75000000 328.62000 46.65000 17.80000 71.52400
12 8 20 15 08 9867.50000 5.75000000 328.62000 46.65000 17.80000 71.52400
12 8 20 15 08 9868.30000 5.75000000 328.68000 46.65000 17.80000 71.52400
12 8 20 15 09 9868.30000 5.75400000 328.63000 46.60000 17.80000 71.52400
12 8 20 15 09 9868.20000 5.75400000 328.50000 46.60000 17.80000 71.52400
12 8 20 15 10 9868.20000 5.75400000 328.51000 46.60000 17.80000 71.52400
12 8 20 15 10 9862.60000 5.75400000 328.43000 46.60000 17.80000 71.39000
12 8 20 15 10 9861.40000 5.75400000 328.43000 46.60000 17.71200 71.39000
12 8 20 15 11 9861.10000 5.75400000 328.30000 46.60000 17.71200 71.37800
12 8 20 15 11 9861.00000 5.75400000 328.02000 46.54000 17.71200 71.37800
12 8 20 15 12 9850.10000 5.75400000 327.81000 46.54000 17.71200 71.37800
12 8 20 15 13 9848.10000 5.75400000 327.72000 46.54000 17.71200 71.00000
12 8 20 15 13 9845.90000 5.75400000 327.65000 46.54000 17.63500 71.04800
12 8 20 15 13 9846.10000 5.75400000 327.64000 46.59000 17.63500 70.98800
12 8 20 15 14 9843.90000 5.75400000 327.58000 46.60000 17.63500 70.98800
12 8 20 15 15 9843.30000 5.75400000 327.46000 46.64000 17.63500 70.98800
12 8 20 15 15 9842.70000 5.73100000 327.46000 46.64000 17.63500 70.98800
12 8 20 15 16 9838.40000 5.73200000 327.41000 46.53000 17.63500 70.98800
12 8 20 15 16 9841.00000 5.73200000 327.29000 46.53000 17.63500 70.98800
12 8 20 15 17 9845.50000 5.73200000 327.33000 46.53000 17.63500 70.98800
12 8 20 15 17 9847.00000 5.73200000 327.33000 46.53000 17.63500 71.12900
12 8 20 15 18 9842.20000 5.73200000 327.33000 46.57000 17.63500 71.12900
12 8 20 15 18 9842.20000 5.73200000 327.33000 46.57000 17.70900 71.12900
12 8 20 15 19 9842.30000 5.73200000 327.32000 46.59000 17.70900 71.12900
12 8 20 15 19 9845.00000 5.73200000 327.32000 46.59000 17.70900 71.12900
12 8 20 15 20 9844.90000 5.73200000 327.33000 46.59000 17.70900 71.12900
12 8 20 15 20 9845.00000 5.73200000 327.30000 46.59000 17.63400 71.12900
