M=[
20 5 21 15 40 34200.00000 61.04300000 2393.80000 176.79000 28.70500 150.81300
20 5 21 15 40 34207.00000 61.38000000 2399.19000 176.67000 28.70500 151.21900
20 5 21 15 41 34198.00000 61.28000000 2396.13000 176.38000 28.63300 151.21900
20 5 21 15 41 34230.80000 61.33100000 2398.67000 176.74000 28.58500 151.21900
20 5 21 15 42 34252.40000 61.18900000 2399.48000 177.15000 28.99900 151.21900
20 5 21 15 42 34239.20000 61.18900000 2400.00000 177.76000 28.71700 151.42300
20 5 21 15 42 34228.20000 61.33500000 2397.69000 177.22000 28.67200 151.42300
20 5 21 15 43 34245.50000 61.14700000 2398.74000 177.44000 29.00200 151.42300
20 5 21 15 43 34242.40000 61.13400000 2397.19000 177.31000 29.20000 151.42300
20 5 21 15 44 34295.00000 61.13400000 2402.91000 177.54000 29.04500 151.42300
20 5 21 15 44 34248.80000 61.13400000 2398.02000 177.25000 29.04500 151.42300
20 5 21 15 45 34237.20000 61.13400000 2398.02000 177.05000 29.04600 151.42300
20 5 21 15 45 34318.80000 61.13400000 2408.09000 177.77000 29.04600 151.42300
20 5 21 15 45 34376.50000 61.55800000 2409.22000 178.43000 29.19500 151.93400
20 5 21 15 46 34342.30000 61.41300000 2410.11000 178.03000 29.23600 151.93400
20 5 21 15 46 34356.50000 61.41300000 2410.73000 178.04000 29.52900 152.05900
20 5 21 15 47 34362.30000 61.57300000 2413.79000 177.60000 29.25100 152.05900
20 5 21 15 47 34395.60000 61.57300000 2413.77000 178.03000 29.28000 152.05900
20 5 21 15 48 34388.70000 61.57300000 2412.65000 177.94000 29.36200 152.05900
20 5 21 15 48 34363.70000 61.57300000 2410.26000 177.92000 29.41500 152.05900
20 5 21 15 48 34268.00000 61.57300000 2404.67000 177.23000 29.42200 152.49600
20 5 21 15 49 34215.40000 61.57300000 2398.00000 176.85000 29.42200 152.10400
20 5 21 15 49 34200.00000 61.10600000 2391.48000 176.39000 29.60000 152.10400
20 5 21 15 50 34103.40000 60.86200000 2386.91000 175.79000 29.65100 151.52100
20 5 21 15 50 34005.90000 60.23900000 2376.35000 175.13000 29.60700 151.52100
20 5 21 15 51 33902.80000 60.18500000 2371.34000 175.01000 29.87000 149.71900
20 5 21 15 51 33881.30000 60.38400000 2367.28000 174.71000 29.61000 149.72100
20 5 21 15 51 33853.00000 59.89900000 2363.11000 174.59000 29.73800 149.27100
20 5 21 15 52 33945.20000 60.07000000 2377.71000 175.60000 29.99900 149.88000
20 5 21 15 52 33879.10000 59.86200000 2374.53000 175.19000 29.79600 149.88000
20 5 21 15 53 33919.30000 59.92200000 2374.31000 175.93000 29.87000 149.06900
20 5 21 15 53 33968.70000 59.92200000 2381.28000 176.18000 29.99900 149.06900
20 5 21 15 54 33944.90000 59.92200000 2376.46000 176.00000 30.00100 149.60500
20 5 21 15 54 34026.30000 60.04300000 2381.80000 176.75000 30.02800 149.60500
20 5 21 15 54 34031.50000 60.16100000 2379.16000 176.67000 30.42000 149.60500
20 5 21 15 55 34028.70000 60.13400000 2380.44000 176.84000 30.13000 149.62100
20 5 21 15 55 34074.40000 60.13400000 2384.44000 176.96000 30.80000 149.72100
20 5 21 15 56 34219.20000 60.13400000 2396.57000 177.78000 31.19900 149.72100
20 5 21 15 56 34186.80000 60.44900000 2397.20000 177.97000 30.82500 150.67400
20 5 21 15 57 34186.60000 60.41500000 2398.29000 177.87000 30.88500 150.67400
20 5 21 15 57 34114.10000 60.41500000 2391.71000 176.68000 31.20000 150.67400
20 5 21 15 57 34113.60000 60.11700000 2390.99000 176.89000 31.20000 150.67400
20 5 21 15 58 34044.00000 60.11700000 2384.39000 176.80000 31.20000 150.67400
20 5 21 15 58 34100.00000 59.79200000 2388.23000 177.10000 31.01500 149.92200
20 5 21 15 59 34098.00000 59.79200000 2391.53000 176.85000 31.49900 149.92200
20 5 21 15 59 34090.70000 59.79200000 2387.60000 176.73000 31.09100 149.92200
20 5 21 16 00 34114.30000 59.74000000 2386.93000 176.64000 31.49000 149.92200
20 5 21 16 00 34003.70000 59.62000000 2378.31000 176.77000 31.21300 151.10600
20 5 21 16 00 33873.50000 59.62000000 2375.69000 176.24000 31.21600 150.05800
20 5 21 16 01 33905.30000 59.62000000 2381.58000 176.42000 31.27700 150.26800
20 5 21 16 01 33759.20000 59.61900000 2365.20000 175.59000 31.43200 148.98800
20 5 21 16 02 33661.30000 59.20500000 2362.96000 174.57000 31.86700 147.62800
20 5 21 16 02 33587.00000 58.66600000 2345.49000 174.54000 31.58200 147.39400
20 5 21 16 03 33501.90000 58.66600000 2330.66000 172.47000 31.70000 147.22600
20 5 21 16 03 33588.60000 58.66600000 2332.10000 173.77000 31.66200 147.58600
20 5 21 16 03 33331.00000 57.88100000 2311.00000 172.21000 31.85300 146.70600
20 5 21 16 04 33416.70000 57.97900000 2321.84000 173.16000 31.85300 145.58000
20 5 21 16 04 33299.00000 57.89800000 2312.21000 172.58000 31.67300 146.31900
20 5 21 16 05 33123.60000 57.68700000 2291.98000 171.59000 31.67300 146.31900
20 5 21 16 05 33043.00000 57.24400000 2286.16000 172.02000 31.38100 144.77600
20 5 21 16 06 33200.00000 57.64200000 2292.06000 172.91000 31.38400 146.38700
20 5 21 16 06 33172.40000 57.62800000 2291.87000 173.12000 31.24900 147.38500
20 5 21 16 06 32931.10000 57.44900000 2273.01000 172.15000 31.24900 146.01300
20 5 21 16 07 33023.60000 57.35900000 2270.59000 172.06000 31.37500 145.77500
20 5 21 16 07 32821.10000 56.38800000 2239.00000 169.68000 31.37500 143.75100
20 5 21 16 08 32672.20000 56.17300000 2222.45000 168.52000 31.41600 142.26800
20 5 21 16 08 32535.90000 56.45200000 2214.06000 168.93000 30.80000 143.93900
20 5 21 16 09 32835.10000 56.65200000 2238.43000 170.26000 30.80200 144.24200
20 5 21 16 09 32898.20000 56.65200000 2245.79000 170.49000 30.80200 144.27900
20 5 21 16 09 32869.10000 57.01700000 2246.23000 170.41000 30.95700 144.24100
20 5 21 16 10 33049.50000 57.18900000 2272.51000 171.85000 30.83400 144.42700
20 5 21 16 10 32936.10000 56.93500000 2255.00000 170.59000 30.83400 144.89800
20 5 21 16 11 33028.90000 57.18200000 2260.04000 170.56000 30.83400 144.62700
20 5 21 16 11 33060.10000 57.57400000 2264.25000 171.16000 30.79900 144.62700
20 5 21 16 12 33168.80000 57.49300000 2269.78000 172.34000 30.79900 145.23600
20 5 21 16 12 33126.70000 57.55900000 2260.85000 171.17000 30.80000 145.24500
20 5 21 16 12 32986.40000 57.01200000 2257.51000 170.62000 30.80100 144.21200
20 5 21 16 13 32909.60000 57.04600000 2257.22000 170.00000 31.14900 143.57200
20 5 21 16 13 32960.30000 56.66400000 2237.68000 170.00000 30.80000 143.97500
20 5 21 16 14 32649.00000 56.90200000 2215.35000 169.16000 31.14700 142.98600
20 5 21 16 14 32464.40000 56.05800000 2189.33000 167.20000 31.14700 141.66200
20 5 21 16 15 32559.40000 56.24400000 2203.37000 168.32000 30.61400 142.07700
20 5 21 16 15 32652.50000 56.94900000 2220.81000 168.97000 30.61400 142.52800
20 5 21 16 15 32695.70000 56.64000000 2214.82000 168.94000 30.61500 142.84200
20 5 21 16 16 32590.50000 56.24400000 2211.00000 168.36000 30.39400 142.56900
20 5 21 16 16 32628.40000 56.91900000 2217.80000 168.89000 30.31600 143.61700
20 5 21 16 17 32818.40000 57.06800000 2224.21000 170.46000 30.16400 144.53100
20 5 21 16 17 32674.00000 57.01200000 2218.63000 169.85000 30.52500 144.30300
20 5 21 16 18 32706.70000 56.78700000 2206.07000 169.67000 30.52500 144.36700
20 5 21 16 18 32611.70000 56.52300000 2198.29000 169.21000 30.52500 143.47800
20 5 21 16 18 32613.60000 56.51000000 2209.40000 169.40000 30.32200 143.59000
20 5 21 16 19 32645.20000 56.70300000 2210.41000 169.91000 30.49500 144.53500
20 5 21 16 19 32619.10000 56.85800000 2205.04000 169.88000 30.30400 144.53500
20 5 21 16 20 32548.50000 56.50900000 2202.77000 169.41000 30.13900 143.48900
20 5 21 16 20 32569.70000 56.59000000 2202.11000 170.01000 30.43600 143.48900
20 5 21 16 21 32528.50000 56.59000000 2199.40000 169.68000 30.43600 144.53600
20 5 21 16 21 32334.10000 55.94900000 2180.03000 168.51000 29.99200 142.67300
20 5 21 16 21 32486.90000 55.89300000 2183.18000 168.46000 30.13000 143.43700
20 5 21 16 22 32615.60000 56.23900000 2209.08000 169.51000 30.13100 144.12600
20 5 21 16 22 32710.40000 56.18300000 2210.01000 170.40000 30.13100 144.67200
20 5 21 16 23 32757.90000 56.52400000 2219.44000 169.52000 30.11400 145.00000
20 5 21 16 23 32680.90000 56.32900000 2214.12000 170.52000 30.11400 145.00000
