M=[
21 2 21 19 13 48000.00000 13.11200000 1625.51000 191.00000 31.67000 133.28800
21 2 21 19 13 47999.80000 13.11200000 1625.51000 191.00000 31.67000 133.28800
21 2 21 19 14 47999.90000 13.11200000 1625.51000 191.00000 31.67000 133.28800
21 2 21 19 14 48000.00000 13.12800000 1626.76000 190.94000 31.67000 133.28800
21 2 21 19 15 47999.90000 13.12800000 1626.15000 190.94000 31.67000 133.28800
21 2 21 19 15 48000.00000 13.12800000 1626.03000 190.94000 31.67000 133.58200
21 2 21 19 16 47999.10000 13.12800000 1625.28000 190.94000 31.67000 133.58200
21 2 21 19 16 47904.80000 13.12800000 1622.57000 190.76000 31.67000 133.58200
21 2 21 19 16 47900.00000 13.12800000 1624.51000 190.77000 31.67000 133.58200
21 2 21 19 17 47900.00000 13.12800000 1624.11000 191.08000 31.59100 133.58200
21 2 21 19 17 47894.60000 13.12800000 1623.67000 190.95000 31.59100 133.58200
21 2 21 19 18 47870.70000 13.12800000 1623.91000 191.08000 31.59100 133.58200
21 2 21 19 18 47863.10000 13.12800000 1624.12000 191.37000 31.59100 133.58200
21 2 21 19 19 47866.90000 13.12800000 1624.67000 191.00000 31.59100 133.58200
21 2 21 19 19 47900.30000 13.12800000 1623.38000 191.17000 31.59100 133.58200
21 2 21 19 19 47900.20000 13.12800000 1623.73000 191.17000 31.59100 133.58200
21 2 21 19 20 47888.20000 13.16400000 1623.74000 191.12000 31.59100 133.58200
21 2 21 19 20 47888.10000 13.16400000 1624.00000 191.03000 31.59100 133.58200
21 2 21 19 21 47888.10000 13.16400000 1624.00000 191.05000 31.59100 133.58200
21 2 21 19 21 47887.00000 13.16400000 1623.65000 191.05000 31.59100 133.58200
21 2 21 19 22 47883.10000 13.16400000 1623.47000 191.06000 31.59100 133.58200
21 2 21 19 22 47883.00000 13.16400000 1623.49000 191.26000 31.59100 134.49100
21 2 21 19 22 47891.90000 13.16400000 1623.99000 191.16000 31.59100 134.49100
21 2 21 19 23 47888.20000 13.20000000 1624.00000 191.16000 31.59100 134.49100
21 2 21 19 23 47888.20000 13.20000000 1624.00000 191.26000 31.59100 134.49100
21 2 21 19 24 47860.10000 13.20000000 1620.47000 191.12000 31.59100 134.76900
21 2 21 19 24 47889.20000 13.20000000 1620.53000 190.78000 31.59100 134.76900
21 2 21 19 24 47899.80000 13.20000000 1621.39000 191.13000 31.59100 134.76900
21 2 21 19 25 47948.90000 13.20000000 1623.20000 191.29000 31.59100 135.14700
21 2 21 19 25 47953.10000 13.18400000 1624.52000 191.29000 31.59100 135.39100
21 2 21 19 26 47953.10000 13.18400000 1624.08000 191.45000 31.44600 135.17700
21 2 21 19 26 47953.00000 13.18400000 1623.56000 191.45000 31.44600 134.99400
21 2 21 19 27 47943.90000 13.18400000 1623.81000 191.67000 31.44600 135.05100
21 2 21 19 27 47946.00000 13.18400000 1624.68000 191.65000 31.44600 135.06600
21 2 21 19 27 47946.10000 13.18400000 1624.35000 191.65000 31.44600 135.06600
21 2 21 19 28 47946.10000 13.18400000 1623.64000 191.57000 31.44600 135.06600
21 2 21 19 28 47945.80000 13.18400000 1623.00000 191.57000 31.44600 135.06600
21 2 21 19 29 47943.80000 13.18400000 1622.94000 191.62000 31.44600 135.06600
21 2 21 19 29 47939.20000 13.18400000 1623.17000 191.62000 31.44600 135.06600
21 2 21 19 30 47973.80000 13.18400000 1623.10000 191.66000 31.44600 135.06600
21 2 21 19 30 47946.90000 13.18400000 1623.09000 191.66000 31.44600 135.13500
21 2 21 19 30 47959.70000 13.18400000 1623.13000 191.44000 31.44600 135.13500
21 2 21 19 31 47938.10000 13.18400000 1623.87000 191.44000 31.44600 135.13500
21 2 21 19 31 47959.30000 13.18400000 1624.91000 191.47000 31.44600 135.13500
21 2 21 19 32 47959.40000 13.18400000 1624.92000 191.53000 31.44600 135.13500
21 2 21 19 32 47959.40000 13.18400000 1624.92000 191.42000 31.44600 135.13000
21 2 21 19 33 47970.00000 13.18400000 1624.91000 191.15000 31.65000 135.13000
21 2 21 19 33 47965.50000 13.18400000 1624.05000 191.07000 31.65000 135.13000
21 2 21 19 33 47959.60000 13.15900000 1623.85000 191.07000 31.65000 135.13000
21 2 21 19 34 47943.00000 13.15900000 1625.18000 191.24000 31.65000 135.13000
21 2 21 19 34 47942.90000 13.15900000 1625.18000 191.20000 31.65000 135.13000
21 2 21 19 35 47940.10000 13.15900000 1625.18000 191.20000 31.65000 135.13000
21 2 21 19 35 47940.10000 13.15900000 1625.17000 191.06000 31.65000 135.13000
21 2 21 19 36 47872.00000 13.15900000 1625.19000 191.06000 31.65000 135.13000
21 2 21 19 36 47875.00000 13.15900000 1625.18000 191.06000 31.65000 135.13000
21 2 21 19 36 47875.00000 13.15900000 1626.42000 190.96000 31.65000 135.13000
21 2 21 19 37 47875.10000 13.15900000 1626.31000 190.96000 31.65000 135.13000
21 2 21 19 37 47875.00000 13.15900000 1626.51000 190.93000 31.65000 134.64700
21 2 21 19 38 47875.10000 13.15900000 1626.66000 190.93000 31.65000 134.59200
21 2 21 19 38 47887.50000 13.15900000 1626.66000 190.90000 31.65000 134.59200
21 2 21 19 39 47863.50000 13.15900000 1625.65000 190.65000 31.65000 134.59200
21 2 21 19 39 47863.60000 13.15900000 1625.38000 190.65000 31.65000 134.54400
21 2 21 19 39 47863.60000 13.15900000 1625.71000 190.64000 31.65000 134.54400
21 2 21 19 40 47853.80000 13.15500000 1625.18000 190.64000 31.65000 134.54400
21 2 21 19 40 47853.70000 13.15500000 1624.61000 190.64000 31.65000 134.33800
21 2 21 19 41 47851.10000 13.15500000 1624.60000 190.64000 31.65000 134.33800
21 2 21 19 41 47845.40000 13.15500000 1623.60000 190.64000 31.65000 134.33800
21 2 21 19 42 47843.40000 13.15500000 1624.61000 190.64000 31.65000 134.33800
21 2 21 19 42 47826.90000 13.15500000 1624.60000 190.80000 31.22100 134.33800
21 2 21 19 42 47823.70000 13.15500000 1624.03000 190.63000 31.22100 134.33800
21 2 21 19 43 47778.80000 13.15500000 1622.30000 190.38000 31.64900 134.33800
21 2 21 19 43 47814.70000 13.15500000 1623.07000 190.49000 31.64900 134.33800
21 2 21 19 44 47815.80000 13.15500000 1623.15000 190.56000 31.64900 134.33800
21 2 21 19 44 47819.90000 13.15500000 1623.54000 190.52000 31.64900 134.33800
21 2 21 19 45 47806.20000 13.15500000 1623.53000 190.56000 31.64900 134.33800
21 2 21 19 45 47825.40000 13.15500000 1623.53000 190.68000 31.64900 134.33800
21 2 21 19 45 47832.70000 13.15500000 1623.79000 190.63000 31.64900 134.33800
21 2 21 19 46 47835.60000 13.16700000 1624.60000 190.63000 31.64900 134.82700
21 2 21 19 46 47848.30000 13.16700000 1624.00000 190.63000 31.64900 134.82700
21 2 21 19 47 47871.80000 13.16700000 1624.00000 190.77000 31.64900 134.82700
21 2 21 19 47 47871.90000 13.16700000 1624.12000 190.77000 31.64900 134.82700
21 2 21 19 48 47876.70000 13.16800000 1623.59000 190.77000 31.45300 134.36900
21 2 21 19 48 47874.30000 13.16800000 1623.49000 190.77000 31.45300 134.36900
21 2 21 19 48 47872.30000 13.16800000 1623.33000 190.77000 31.45300 134.36900
21 2 21 19 49 47864.20000 13.16800000 1622.94000 190.65000 31.64900 134.36900
21 2 21 19 49 47866.00000 13.16800000 1623.12000 190.65000 31.64900 134.36900
21 2 21 19 50 47866.10000 13.13000000 1623.00000 190.65000 31.64900 134.36900
21 2 21 19 50 47866.00000 13.12400000 1623.00000 190.65000 31.64900 134.36900
21 2 21 19 51 47866.10000 13.12400000 1623.04000 190.65000 31.64900 134.36900
21 2 21 19 51 47866.10000 13.12400000 1623.06000 190.65000 31.69000 134.36900
21 2 21 19 51 47876.60000 13.12400000 1623.06000 190.62000 31.69000 134.36900
21 2 21 19 52 47882.10000 13.12400000 1623.06000 190.62000 31.69000 134.36900
21 2 21 19 52 47908.20000 13.12400000 1623.00000 190.69000 31.69000 134.36900
21 2 21 19 53 47910.30000 13.12400000 1623.00000 190.69000 31.69000 134.36900
21 2 21 19 53 47909.50000 13.12400000 1622.91000 190.62000 31.69000 134.36900
21 2 21 19 54 47890.60000 13.13500000 1621.71000 190.62000 31.69000 134.36900
21 2 21 19 54 47896.80000 13.13500000 1621.41000 190.43000 31.69000 134.36900
21 2 21 19 54 47896.80000 13.13500000 1621.40000 190.43000 31.69000 134.17000
21 2 21 19 55 47876.60000 13.13500000 1620.07000 190.26000 31.69000 134.17000
21 2 21 19 55 47876.50000 13.13500000 1620.29000 190.19000 31.69000 134.17000
21 2 21 19 56 47876.50000 13.13500000 1620.41000 190.26000 31.69000 134.17000
21 2 21 19 56 47876.50000 13.13500000 1620.41000 190.26000 31.69100 134.30200
