M=[
17 11 20 02 13 14100.00000 4.72300000 392.89000 62.95000 14.07100 55.04000
17 11 20 02 14 14103.60000 4.72300000 392.89000 63.00000 14.07100 55.04000
17 11 20 02 14 14096.10000 4.72300000 392.59000 63.03000 14.07100 55.04000
17 11 20 02 15 14103.80000 4.73300000 392.91000 63.03000 14.07100 55.04000
17 11 20 02 15 14100.20000 4.73300000 392.72000 62.99000 14.07100 55.04000
17 11 20 02 15 14104.30000 4.73300000 392.72000 62.99000 14.07100 55.04000
17 11 20 02 16 14108.30000 4.73300000 392.72000 62.99000 14.07100 55.04000
17 11 20 02 16 14108.30000 4.73300000 392.96000 62.96000 14.07100 55.04000
17 11 20 02 17 14108.30000 4.73300000 392.96000 62.96000 14.07100 55.04000
17 11 20 02 17 14102.20000 4.73300000 392.96000 62.89000 14.07100 55.04000
17 11 20 02 18 14100.20000 4.73300000 392.96000 62.89000 14.07100 55.04000
17 11 20 02 18 14103.70000 4.73300000 392.93000 62.89000 14.07100 55.04000
17 11 20 02 18 14102.30000 4.73300000 392.93000 62.89000 14.07100 55.04000
17 11 20 02 19 14102.30000 4.73300000 392.93000 62.89000 14.07100 55.04000
17 11 20 02 19 14100.20000 4.73300000 392.93000 62.89000 14.07100 55.04000
17 11 20 02 20 14104.10000 4.73300000 392.93000 62.89000 14.07100 55.04000
17 11 20 02 20 14104.10000 4.73300000 392.93000 62.89000 14.07100 55.04000
17 11 20 02 21 14104.00000 4.73300000 392.93000 62.82000 14.07100 55.04000
17 11 20 02 21 14104.10000 4.73300000 392.98000 62.76000 14.07100 55.04000
17 11 20 02 21 14112.00000 4.73300000 392.98000 62.76000 14.07100 55.04000
17 11 20 02 22 14111.90000 4.73300000 392.98000 62.71000 14.07100 55.04000
17 11 20 02 22 14111.90000 4.73300000 392.98000 62.71000 14.07100 55.04000
17 11 20 02 23 14110.90000 4.73300000 392.98000 62.69000 14.07100 55.04000
17 11 20 02 23 14110.90000 4.73300000 392.98000 62.69000 14.07100 55.04000
17 11 20 02 24 14110.90000 4.73300000 392.98000 62.69000 14.07100 55.04000
17 11 20 02 24 14112.10000 4.73300000 392.90000 62.69000 14.07100 55.04000
17 11 20 02 24 14112.20000 4.73300000 392.90000 62.68000 14.07100 55.04000
17 11 20 02 25 14107.90000 4.73300000 392.80000 62.68000 14.11600 55.04000
17 11 20 02 25 14107.90000 4.73300000 392.83000 62.68000 14.23600 55.04000
17 11 20 02 26 14108.30000 4.73300000 392.83000 62.68000 14.23600 55.04000
17 11 20 02 26 14108.80000 4.73300000 393.11000 62.68000 14.23600 55.04000
17 11 20 02 27 14108.80000 4.70100000 393.11000 62.68000 14.23600 55.04000
17 11 20 02 27 14113.50000 4.70100000 393.11000 62.68000 14.23600 55.04000
17 11 20 02 27 14108.70000 4.69800000 393.11000 62.68000 14.23600 55.04000
17 11 20 02 28 14104.00000 4.69800000 393.25000 62.68000 14.23600 55.04000
17 11 20 02 28 14102.40000 4.69800000 393.46000 62.68000 14.23600 55.04000
17 11 20 02 29 14100.20000 4.69800000 393.46000 62.68000 14.23600 55.04000
17 11 20 02 29 14100.20000 4.69800000 393.46000 62.64000 14.23600 55.04000
17 11 20 02 30 14100.20000 4.69800000 393.46000 62.64000 14.23600 55.04000
17 11 20 02 30 14100.00000 4.69800000 393.46000 62.59000 14.23600 55.04000
17 11 20 02 30 14100.00000 4.69800000 393.46000 62.48000 14.10200 55.04000
17 11 20 02 31 14100.00000 4.69800000 393.46000 62.47000 14.10200 55.04000
17 11 20 02 31 14100.00000 4.69800000 393.46000 62.41000 14.10200 55.04000
17 11 20 02 32 14100.10000 4.69800000 393.46000 62.45000 14.10200 55.04000
17 11 20 02 32 14100.00000 4.69800000 393.02000 62.45000 14.10200 55.04000
17 11 20 02 33 14100.00000 4.69800000 392.88000 62.45000 14.10200 55.04000
17 11 20 02 33 14092.10000 4.69800000 392.88000 62.45000 14.10200 55.04000
17 11 20 02 33 14090.10000 4.69800000 392.88000 62.45000 14.10200 55.04000
17 11 20 02 34 14088.70000 4.69800000 392.88000 62.41000 14.08400 55.04000
17 11 20 02 34 14088.60000 4.69800000 392.88000 62.41000 14.08400 55.04000
17 11 20 02 35 14087.30000 4.69800000 392.88000 62.41000 14.07300 55.04000
17 11 20 02 35 14087.30000 4.69800000 392.88000 62.41000 14.07300 55.04000
17 11 20 02 35 14084.60000 4.69800000 392.88000 62.41000 14.03000 55.04000
17 11 20 02 36 14084.60000 4.69800000 392.69000 62.41000 14.02700 55.04000
17 11 20 02 36 14081.10000 4.69800000 392.56000 62.41000 14.02700 55.04000
17 11 20 02 37 14077.00000 4.69800000 392.56000 62.41000 13.86800 55.04000
17 11 20 02 37 14077.10000 4.69800000 392.56000 62.41000 13.86800 55.04000
17 11 20 02 38 14077.10000 4.69800000 392.56000 62.41000 13.86800 55.13100
17 11 20 02 38 14077.10000 4.69800000 392.56000 62.41000 13.86800 55.13100
17 11 20 02 38 14077.10000 4.69800000 392.56000 62.41000 13.98900 55.13100
17 11 20 02 39 14077.10000 4.69800000 392.56000 62.48000 13.98900 55.13100
17 11 20 02 39 14077.10000 4.69800000 392.56000 62.48000 13.98900 55.13100
17 11 20 02 40 14077.00000 4.69800000 392.56000 62.48000 13.80000 55.13100
17 11 20 02 40 14077.00000 4.69800000 392.56000 62.48000 13.80000 55.13100
17 11 20 02 41 14077.00000 4.69800000 392.56000 62.55000 13.80000 55.13100
17 11 20 02 41 14077.00000 4.69800000 392.56000 62.55000 13.80000 55.13100
17 11 20 02 41 14077.00000 4.68800000 392.56000 62.44000 13.80000 55.13100
17 11 20 02 42 14069.50000 4.68800000 392.45000 62.45000 13.96100 55.13100
17 11 20 02 42 14068.90000 4.68800000 392.45000 62.40000 13.96100 55.13100
17 11 20 02 43 14068.90000 4.68800000 392.45000 62.40000 13.94700 55.13100
17 11 20 02 43 14068.90000 4.68800000 392.17000 62.40000 13.94700 55.13100
17 11 20 02 44 14068.20000 4.68800000 392.04000 62.32000 13.94700 55.02300
17 11 20 02 44 14068.20000 4.68800000 392.04000 62.32000 13.94700 55.02300
17 11 20 02 44 14068.20000 4.68800000 391.65000 62.32000 13.94700 55.02300
17 11 20 02 45 14065.00000 4.68800000 391.65000 62.06000 13.94700 55.02300
17 11 20 02 45 14047.20000 4.68800000 391.66000 61.98000 13.94700 55.02300
17 11 20 02 46 14044.60000 4.68800000 392.09000 61.96000 13.93300 55.02300
17 11 20 02 46 14044.90000 4.68800000 392.27000 61.96000 13.93300 55.02300
17 11 20 02 47 14044.70000 4.68800000 392.27000 61.96000 13.93300 55.02300
17 11 20 02 47 14044.70000 4.68800000 392.27000 61.88000 13.93300 55.02300
17 11 20 02 47 14044.70000 4.68800000 391.70000 61.91000 13.93300 55.02300
17 11 20 02 48 14044.70000 4.68800000 391.70000 61.85000 13.93300 55.02300
17 11 20 02 48 14044.70000 4.68800000 390.95000 61.66000 13.93300 55.02300
17 11 20 02 49 14044.60000 4.68800000 391.07000 61.66000 13.93300 55.02300
17 11 20 02 49 14034.20000 4.68800000 391.07000 61.66000 13.93300 55.02300
17 11 20 02 50 14026.80000 4.68800000 390.90000 61.69000 13.91900 55.02300
17 11 20 02 50 14027.00000 4.68800000 390.97000 61.82000 13.91900 55.02300
17 11 20 02 50 14038.70000 4.68800000 390.97000 61.84000 13.91900 55.02300
17 11 20 02 51 14032.90000 4.68800000 390.73000 61.71000 13.91900 55.02300
17 11 20 02 51 14032.90000 4.68800000 390.75000 61.62000 13.91900 54.70500
17 11 20 02 52 14032.80000 4.68800000 390.75000 61.62000 13.91900 54.70500
17 11 20 02 52 14032.80000 4.68800000 390.75000 61.63000 13.91900 54.60000
17 11 20 02 53 14032.80000 4.68800000 390.97000 61.67000 13.91900 54.60000
17 11 20 02 53 14031.90000 4.68800000 390.97000 61.67000 13.91900 54.60000
17 11 20 02 53 14031.90000 4.68800000 390.97000 61.67000 13.91900 54.60000
17 11 20 02 54 14034.70000 4.67300000 391.07000 61.65000 13.91900 54.60000
17 11 20 02 54 14038.60000 4.67300000 391.07000 61.74000 13.90500 54.60000
17 11 20 02 55 14043.40000 4.67300000 391.07000 61.80000 13.90500 54.60000
17 11 20 02 55 14036.90000 4.67300000 390.90000 61.80000 13.90500 54.60000
17 11 20 02 56 14040.70000 4.67300000 390.90000 61.92000 13.86800 54.60000
17 11 20 02 56 14043.90000 4.67300000 390.97000 61.92000 13.87800 54.60000
17 11 20 02 57 14044.50000 4.67300000 390.97000 61.93000 13.87800 54.60000
17 11 20 02 57 14044.40000 4.67300000 391.24000 61.96000 13.87800 54.60000
17 11 20 02 57 14044.50000 4.67300000 391.24000 61.90000 13.84500 54.60000
17 11 20 02 58 14044.50000 4.67300000 390.95000 61.90000 13.84500 54.60000
17 11 20 02 58 14044.40000 4.67300000 391.03000 61.90000 13.84500 54.60000
