M=[
 3 2 21 15 02 30383.00000 6.51600000 1290.61000 124.85000 17.09200 78.71400
 3 2 21 15 03 30400.00000 6.51600000 1292.20000 124.85000 17.09200 78.71400
 3 2 21 15 03 30400.00000 6.51600000 1291.83000 124.84000 17.09200 78.71400
 3 2 21 15 04 30400.00000 6.51600000 1292.16000 124.86000 17.09200 78.71400
 3 2 21 15 04 30420.00000 6.51600000 1292.17000 125.02000 17.09200 78.71400
 3 2 21 15 05 30443.70000 6.51600000 1292.17000 125.22000 17.09200 78.71400
 3 2 21 15 05 30450.00000 6.51600000 1293.50000 125.28000 17.09200 78.71400
 3 2 21 15 05 30450.00000 6.51600000 1294.16000 125.37000 17.07500 78.71400
 3 2 21 15 06 30425.20000 6.52200000 1293.43000 125.19000 17.07500 78.71400
 3 2 21 15 06 30430.00000 6.52200000 1293.07000 125.21000 17.00700 78.71400
 3 2 21 15 07 30436.90000 6.52200000 1292.61000 125.21000 17.00700 78.71400
 3 2 21 15 07 30450.00000 6.52200000 1294.22000 125.32000 17.00700 78.71400
 3 2 21 15 08 30456.50000 6.52200000 1295.52000 125.31000 17.00800 78.71400
 3 2 21 15 08 30450.10000 6.52200000 1296.99000 125.35000 17.00800 78.71400
 3 2 21 15 08 30431.60000 6.52200000 1296.26000 125.38000 17.00800 78.71400
 3 2 21 15 09 30424.20000 6.52200000 1296.33000 125.41000 17.00800 78.71400
 3 2 21 15 09 30428.30000 6.52200000 1296.34000 125.41000 17.00800 78.71400
 3 2 21 15 10 30435.30000 6.52200000 1294.99000 125.35000 17.00800 78.83700
 3 2 21 15 10 30445.70000 6.52200000 1295.29000 125.35000 17.00800 78.71600
 3 2 21 15 11 30421.40000 6.52200000 1295.72000 125.35000 17.00800 78.71600
 3 2 21 15 11 30423.40000 6.52200000 1296.62000 125.44000 17.00800 78.86500
 3 2 21 15 11 30423.30000 6.52200000 1296.99000 125.43000 17.00800 78.86500
 3 2 21 15 12 30423.30000 6.52200000 1296.37000 125.43000 17.00800 78.86500
 3 2 21 15 12 30426.50000 6.52200000 1296.87000 125.50000 17.00800 78.86500
 3 2 21 15 13 30426.60000 6.52200000 1296.37000 125.48000 17.00800 78.95000
 3 2 21 15 13 30426.70000 6.52200000 1296.96000 125.48000 17.00800 78.95000
 3 2 21 15 14 30420.10000 6.52200000 1297.00000 125.33000 17.00800 78.95000
 3 2 21 15 14 30436.00000 6.52200000 1297.07000 125.37000 17.00800 79.36000
 3 2 21 15 14 30439.10000 6.52200000 1297.30000 125.29000 17.00800 79.36000
 3 2 21 15 15 30440.00000 6.52200000 1298.99000 125.20000 17.00800 79.36000
 3 2 21 15 15 30476.10000 6.52200000 1299.00000 125.34000 17.00800 79.36000
 3 2 21 15 16 30468.00000 6.52200000 1299.00000 125.31000 17.00800 79.63000
 3 2 21 15 16 30468.10000 6.52200000 1298.99000 125.39000 17.00800 79.63000
 3 2 21 15 17 30450.80000 6.52200000 1299.00000 125.42000 17.00800 79.63000
 3 2 21 15 17 30452.80000 6.55200000 1298.99000 125.42000 17.00800 79.63000
 3 2 21 15 17 30456.30000 6.55200000 1299.00000 125.42000 17.00800 79.63000
 3 2 21 15 18 30450.10000 6.55200000 1296.61000 125.42000 17.00800 79.17000
 3 2 21 15 18 30463.90000 6.55200000 1297.16000 125.38000 17.00800 79.17000
 3 2 21 15 19 30440.70000 6.55200000 1297.30000 125.47000 17.11700 79.17000
 3 2 21 15 19 30432.80000 6.55200000 1297.24000 125.49000 17.11700 79.17000
 3 2 21 15 20 30434.40000 6.55200000 1300.38000 125.48000 17.04000 79.17000
 3 2 21 15 20 30443.20000 6.55200000 1304.56000 125.50000 17.04000 79.20000
 3 2 21 15 20 30416.90000 6.55200000 1304.92000 125.51000 17.04000 79.20000
 3 2 21 15 21 30445.10000 6.55200000 1311.00000 125.66000 17.04000 79.20000
 3 2 21 15 21 30488.70000 6.55200000 1313.97000 125.91000 17.04000 79.20000
 3 2 21 15 22 30488.50000 6.55200000 1315.00000 126.06000 17.04000 79.20000
 3 2 21 15 22 30499.90000 6.55200000 1315.52000 126.10000 17.04000 79.20000
 3 2 21 15 23 30504.70000 6.55200000 1315.49000 126.18000 17.04000 79.20000
 3 2 21 15 23 30609.90000 6.55200000 1314.94000 126.54000 17.04000 79.19400
 3 2 21 15 23 30581.80000 6.56600000 1316.29000 126.53000 17.04000 79.25700
 3 2 21 15 24 30576.20000 6.56600000 1315.00000 126.60000 17.04000 79.25700
 3 2 21 15 24 30543.00000 6.56600000 1313.07000 126.57000 17.04000 79.31100
 3 2 21 15 25 30584.20000 6.56600000 1316.87000 126.68000 17.04000 79.31100
 3 2 21 15 25 30583.20000 6.56600000 1314.82000 126.66000 17.04000 79.31100
 3 2 21 15 26 30577.30000 6.56600000 1316.75000 126.86000 17.04000 79.42100
 3 2 21 15 26 30582.80000 6.56600000 1315.50000 126.76000 17.04000 79.42100
 3 2 21 15 26 30552.70000 6.56600000 1314.01000 126.87000 17.04000 79.42100
 3 2 21 15 27 30550.10000 6.56600000 1316.49000 126.67000 17.04000 79.42100
 3 2 21 15 27 30527.80000 6.56600000 1315.09000 126.67000 17.09800 79.42100
 3 2 21 15 28 30540.10000 6.57300000 1317.80000 126.63000 17.09800 79.42100
 3 2 21 15 28 30573.90000 6.57300000 1321.69000 126.77000 17.09800 79.22000
 3 2 21 15 29 30585.80000 6.57300000 1320.00000 126.77000 17.09800 79.22000
 3 2 21 15 29 30571.70000 6.57300000 1318.08000 126.79000 17.09800 79.22000
 3 2 21 15 29 30584.30000 6.57300000 1318.03000 126.73000 17.09800 79.39500
 3 2 21 15 30 30600.30000 6.59000000 1318.59000 126.73000 17.09800 79.38800
 3 2 21 15 30 30640.00000 6.59000000 1319.49000 126.64000 17.09800 79.38800
 3 2 21 15 31 30637.00000 6.59000000 1319.50000 126.80000 17.09800 79.38800
 3 2 21 15 31 30646.20000 6.59000000 1319.47000 126.87000 17.09800 79.38800
 3 2 21 15 32 30669.30000 6.59000000 1319.46000 126.94000 17.09800 79.38800
 3 2 21 15 32 30690.00000 6.59000000 1320.99000 127.08000 17.09800 79.46100
 3 2 21 15 32 30675.70000 6.58500000 1321.58000 127.21000 17.04000 79.46100
 3 2 21 15 33 30694.10000 6.59000000 1324.51000 127.55000 17.04000 79.46900
 3 2 21 15 33 30700.00000 6.59000000 1325.00000 127.51000 17.04000 79.46900
 3 2 21 15 34 30700.00000 6.59000000 1321.61000 127.51000 17.04000 79.46900
 3 2 21 15 34 30660.00000 6.59000000 1323.34000 127.26000 17.04000 79.46900
 3 2 21 15 35 30666.70000 6.59000000 1323.28000 127.46000 17.04000 79.46900
 3 2 21 15 35 30664.20000 6.59000000 1322.01000 127.56000 17.04000 79.46900
 3 2 21 15 35 30606.00000 6.59000000 1320.00000 127.09000 17.04000 79.46900
 3 2 21 15 36 30575.20000 6.61000000 1320.19000 127.26000 17.04000 79.60000
 3 2 21 15 36 30584.10000 6.61000000 1320.47000 127.24000 17.04000 79.60000
 3 2 21 15 37 30616.40000 6.61200000 1323.00000 127.31000 17.04000 79.60000
 3 2 21 15 37 30638.00000 6.61200000 1323.99000 127.40000 17.04000 79.60000
 3 2 21 15 38 30609.90000 6.61600000 1324.00000 127.33000 17.04000 79.60000
 3 2 21 15 38 30638.20000 6.61300000 1324.76000 127.48000 17.04000 79.60000
 3 2 21 15 38 30615.40000 6.61300000 1324.13000 127.44000 17.04000 79.60000
 3 2 21 15 39 30649.90000 6.61300000 1325.00000 127.48000 17.04000 79.60000
 3 2 21 15 39 30645.10000 6.61500000 1325.00000 127.50000 17.04000 79.60000
 3 2 21 15 40 30659.00000 6.61500000 1326.00000 127.46000 17.04000 79.60000
 3 2 21 15 40 30639.40000 6.61500000 1325.42000 127.43000 17.04000 79.60000
 3 2 21 15 41 30650.00000 6.61500000 1326.31000 127.32000 17.04000 78.95700
 3 2 21 15 41 30656.80000 6.61500000 1326.01000 127.32000 17.04000 78.95700
 3 2 21 15 41 30656.40000 6.62100000 1325.00000 127.31000 17.04000 79.06300
 3 2 21 15 42 30657.60000 6.62100000 1325.01000 127.56000 17.04000 79.06300
 3 2 21 15 42 30659.80000 6.62100000 1325.49000 127.57000 17.04000 79.06300
 3 2 21 15 43 30658.10000 6.62100000 1325.00000 127.80000 17.04000 79.06300
 3 2 21 15 43 30653.10000 6.62900000 1323.01000 127.81000 17.04000 79.06300
 3 2 21 15 44 30648.80000 6.62900000 1325.46000 127.81000 17.04000 79.06300
 3 2 21 15 44 30640.30000 6.62900000 1322.02000 127.81000 17.04300 79.06300
 3 2 21 15 45 30648.90000 6.62900000 1323.43000 127.86000 17.04300 79.06300
 3 2 21 15 45 30642.20000 6.62100000 1321.67000 127.92000 17.04300 79.06300
 3 2 21 15 45 30630.20000 6.62300000 1319.96000 127.41000 17.04300 79.06300
 3 2 21 15 46 30597.90000 6.62000000 1321.44000 127.43000 17.04300 79.03900
 3 2 21 15 46 30615.10000 6.62000000 1322.00000 127.77000 17.04300 78.92800
 3 2 21 15 47 30615.30000 6.61800000 1321.44000 127.68000 17.09700 79.03900
 3 2 21 15 47 30605.90000 6.61800000 1320.80000 127.68000 17.09700 79.03900
