M=[
29 1 21 12 10 30377.50000 6.44300000 1163.22000 116.83000 16.63100 71.55200
29 1 21 12 11 30350.00000 6.44300000 1163.70000 116.83000 16.63100 71.55200
29 1 21 12 11 30337.10000 6.44300000 1162.19000 116.65000 16.63100 71.55200
29 1 21 12 12 30370.00000 6.44300000 1162.73000 116.64000 16.63100 71.55200
29 1 21 12 12 30309.80000 6.44300000 1161.02000 116.64000 16.63100 71.55200
29 1 21 12 13 30322.40000 6.44300000 1160.02000 116.53000 16.63100 71.55200
29 1 21 12 13 30315.60000 6.44300000 1159.64000 116.52000 16.63100 71.55200
29 1 21 12 13 30369.80000 6.44300000 1161.36000 116.52000 16.63100 71.55200
29 1 21 12 14 30369.80000 6.44300000 1160.47000 116.64000 16.63100 71.55200
29 1 21 12 14 30327.50000 6.44300000 1156.87000 116.64000 16.63100 71.55200
29 1 21 12 15 30323.60000 6.44300000 1156.82000 116.54000 16.63100 71.55200
29 1 21 12 15 30370.40000 6.44300000 1158.17000 116.54000 16.63100 71.55200
29 1 21 12 16 30339.00000 6.44300000 1156.59000 116.51000 16.63100 71.55200
29 1 21 12 16 30374.80000 6.40900000 1157.38000 116.41000 16.63100 71.55200
29 1 21 12 16 30350.00000 6.40900000 1157.36000 116.41000 16.63100 71.55200
29 1 21 12 17 30360.80000 6.39600000 1158.79000 116.56000 16.63100 71.55200
29 1 21 12 17 30360.80000 6.39600000 1157.74000 116.64000 16.63100 71.55300
29 1 21 12 18 30320.10000 6.39600000 1157.00000 116.64000 16.63100 71.55300
29 1 21 12 18 30320.10000 6.39600000 1157.41000 116.47000 16.63100 71.55300
29 1 21 12 19 30270.00000 6.39600000 1155.30000 116.31000 16.63100 71.55300
29 1 21 12 19 30251.60000 6.39600000 1153.32000 116.38000 16.63100 71.55300
29 1 21 12 19 30215.90000 6.39600000 1155.37000 116.31000 16.63100 71.55300
29 1 21 12 20 30200.00000 6.39600000 1154.29000 116.18000 16.63100 71.33500
29 1 21 12 20 30176.60000 6.39800000 1154.13000 116.12000 16.63100 71.33500
29 1 21 12 21 30196.50000 6.39800000 1154.61000 116.19000 16.63100 71.33500
29 1 21 12 21 30216.90000 6.39800000 1155.41000 116.19000 16.63100 71.33500
29 1 21 12 22 30263.80000 6.39800000 1157.37000 116.38000 16.63100 71.33500
29 1 21 12 22 30310.80000 6.39800000 1158.46000 116.40000 16.63100 71.33500
29 1 21 12 22 30299.90000 6.39800000 1159.07000 116.37000 16.36400 71.33500
29 1 21 12 23 30314.60000 6.39800000 1158.84000 116.45000 16.36400 71.33500
29 1 21 12 23 30324.90000 6.39800000 1158.78000 116.45000 16.36400 71.33500
29 1 21 12 24 30336.90000 6.39800000 1159.50000 116.57000 16.36400 71.33500
29 1 21 12 24 30310.90000 6.35200000 1159.02000 116.57000 16.36400 71.76900
29 1 21 12 25 30310.90000 6.41600000 1158.82000 116.52000 16.36400 71.76900
29 1 21 12 25 30340.90000 6.41600000 1160.46000 116.72000 16.36400 71.76900
29 1 21 12 25 30390.40000 6.41600000 1161.67000 116.81000 16.36400 71.76900
29 1 21 12 26 30402.10000 6.42900000 1162.71000 116.80000 16.36400 71.76900
29 1 21 12 26 30419.40000 6.42900000 1162.66000 116.81000 16.36400 71.96600
29 1 21 12 27 30413.00000 6.42900000 1162.07000 116.85000 16.36400 71.96600
29 1 21 12 27 30473.50000 6.42900000 1163.22000 116.85000 16.36400 71.96600
29 1 21 12 28 30502.90000 6.42900000 1164.54000 116.85000 16.36400 71.96600
29 1 21 12 28 30510.10000 6.42900000 1165.00000 116.94000 16.36400 71.96600
29 1 21 12 28 30530.10000 6.42600000 1165.82000 116.94000 16.36400 71.96600
29 1 21 12 29 30549.90000 6.42600000 1165.76000 117.06000 16.36400 71.96600
29 1 21 12 29 30578.60000 6.42600000 1165.18000 117.06000 16.36400 71.76900
29 1 21 12 30 30580.00000 6.43100000 1165.50000 117.02000 16.36400 71.73500
29 1 21 12 30 30569.80000 6.43100000 1165.15000 116.95000 16.36400 71.73500
29 1 21 12 31 30600.00000 6.43100000 1167.00000 116.98000 16.36600 71.73500
29 1 21 12 31 30744.40000 6.43600000 1169.99000 117.22000 16.36600 71.73500
29 1 21 12 31 30731.40000 6.44100000 1169.34000 117.23000 16.36600 71.73500
29 1 21 12 32 30664.20000 6.44100000 1169.08000 117.20000 16.36600 71.73500
29 1 21 12 32 30699.80000 6.44100000 1167.87000 117.17000 16.36600 71.73500
29 1 21 12 33 30700.00000 6.44100000 1167.40000 117.29000 16.36600 71.73500
29 1 21 12 33 30765.40000 6.44100000 1166.94000 117.31000 16.36600 71.89500
29 1 21 12 34 30786.10000 6.44100000 1166.66000 117.31000 16.36600 71.89500
29 1 21 12 34 30781.60000 6.44100000 1165.82000 117.18000 16.36600 71.89500
29 1 21 12 34 30782.70000 6.41500000 1165.88000 117.18000 16.48200 71.89500
29 1 21 12 35 30800.00000 6.41500000 1165.52000 117.20000 16.48200 71.89500
29 1 21 12 35 30822.50000 6.41500000 1163.87000 117.19000 16.48200 71.89500
29 1 21 12 36 30811.80000 6.41500000 1163.11000 117.14000 16.48200 71.70800
29 1 21 12 36 30775.70000 6.41500000 1162.60000 117.02000 16.48200 71.70800
29 1 21 12 37 30733.80000 6.41500000 1162.30000 116.96000 16.48200 71.70800
29 1 21 12 37 30742.50000 6.41500000 1161.64000 116.85000 16.48200 71.70800
29 1 21 12 37 30724.50000 6.40900000 1161.63000 116.80000 16.48200 71.70800
29 1 21 12 38 30703.80000 6.40900000 1159.73000 116.65000 16.48200 71.64000
29 1 21 12 38 30738.70000 6.40900000 1161.37000 116.72000 16.48200 71.64000
29 1 21 12 39 30726.70000 6.40900000 1161.80000 116.94000 16.48200 71.64000
29 1 21 12 39 30787.30000 6.40900000 1163.20000 117.11000 16.48200 71.64000
29 1 21 12 40 30778.60000 6.41100000 1163.41000 117.10000 16.48200 71.64000
29 1 21 12 41 30758.40000 6.41100000 1162.68000 117.15000 16.57900 71.64000
29 1 21 12 41 30700.40000 6.41100000 1160.00000 117.04000 16.57900 71.64000
29 1 21 12 42 30700.00000 6.41100000 1160.10000 117.08000 16.57900 71.64000
29 1 21 12 42 30706.60000 6.41100000 1161.67000 117.14000 16.57900 71.64000
29 1 21 12 42 30700.20000 6.41100000 1161.10000 117.04000 16.57900 71.64000
29 1 21 12 43 30775.90000 6.41100000 1163.40000 117.28000 16.57900 71.64000
29 1 21 12 43 30755.40000 6.41100000 1164.01000 117.28000 16.57900 71.64000
29 1 21 12 44 30775.90000 6.42700000 1164.10000 117.23000 16.59200 71.64000
29 1 21 12 44 30820.00000 6.40800000 1165.80000 117.23000 16.59200 71.64000
29 1 21 12 45 30856.80000 6.40800000 1167.33000 117.23000 16.59200 71.64000
29 1 21 12 45 30800.20000 6.40800000 1165.09000 117.17000 16.59200 71.64000
29 1 21 12 45 30777.60000 6.43100000 1164.21000 117.22000 16.59200 71.64000
29 1 21 12 46 30735.50000 6.40700000 1162.86000 117.24000 16.59200 71.64000
29 1 21 12 46 30724.50000 6.40700000 1162.93000 117.21000 16.59200 71.64000
29 1 21 12 47 30736.50000 6.40700000 1165.34000 117.21000 16.59200 71.64000
29 1 21 12 47 30740.00000 6.40700000 1166.40000 117.37000 16.59200 71.64000
29 1 21 12 48 30779.10000 6.40700000 1167.15000 117.37000 16.59200 71.64000
29 1 21 12 48 30759.50000 6.43200000 1167.00000 117.26000 16.59200 71.85000
29 1 21 12 48 30772.00000 6.43200000 1167.60000 117.22000 16.59200 71.85000
29 1 21 12 49 30821.30000 6.44200000 1167.17000 117.22000 16.59200 71.63600
29 1 21 12 49 30821.50000 6.44200000 1166.45000 117.21000 16.59200 71.63600
29 1 21 12 50 30853.50000 6.44800000 1167.54000 117.21000 16.59200 71.76700
29 1 21 12 50 30853.50000 6.44800000 1167.27000 117.21000 16.59200 71.76700
29 1 21 12 51 30856.90000 6.42200000 1166.68000 117.33000 16.59200 71.76700
29 1 21 12 51 30874.50000 6.42300000 1166.50000 117.27000 16.59200 71.76700
29 1 21 12 52 30900.00000 6.42300000 1165.86000 117.30000 16.59200 71.76700
29 1 21 12 52 30966.10000 6.42300000 1166.81000 117.43000 16.59200 71.77200
29 1 21 12 52 30999.90000 6.42300000 1166.51000 117.50000 16.59200 71.77200
29 1 21 12 53 30975.00000 6.42300000 1165.01000 117.55000 16.59200 71.77200
29 1 21 12 53 30999.60000 6.43200000 1165.96000 117.74000 16.59200 71.77200
29 1 21 12 54 30999.90000 6.43200000 1166.11000 117.78000 16.59200 71.66900
29 1 21 12 54 31000.00000 6.43200000 1166.32000 117.85000 16.59200 71.66900
29 1 21 12 55 31071.80000 6.43200000 1169.26000 118.22000 16.59200 71.66900
29 1 21 12 55 31019.90000 6.43200000 1167.56000 118.21000 16.59200 71.66900
29 1 21 12 55 30952.90000 6.43200000 1166.29000 118.07000 16.59200 71.66900
29 1 21 12 56 30977.60000 6.44900000 1168.17000 118.15000 16.59200 71.66900
