M=[
13 5 21 19 13 40181.40000 67.17000000 3020.05000 248.58000 31.50000 235.74400
13 5 21 19 13 40168.30000 67.00000000 3017.64000 248.80000 31.50000 235.74400
13 5 21 19 14 40133.20000 67.00000000 3020.06000 248.51000 31.50000 235.31700
13 5 21 19 14 40233.70000 67.00500000 3033.27000 249.65000 31.50000 235.31700
13 5 21 19 15 40329.80000 67.07900000 3036.31000 249.62000 31.50000 235.95700
13 5 21 19 15 40329.90000 67.25000000 3040.58000 249.53000 31.50000 236.06100
13 5 21 19 16 40261.60000 67.10000000 3036.08000 249.02000 31.59200 236.06100
13 5 21 19 16 40253.20000 67.07800000 3036.19000 249.30000 31.59200 236.06100
13 5 21 19 16 40255.10000 67.07800000 3038.38000 249.44000 31.59200 236.58000
13 5 21 19 17 40311.30000 67.02500000 3044.57000 249.59000 31.59200 236.58000
13 5 21 19 17 40299.10000 67.02500000 3049.08000 249.50000 31.59200 236.58000
13 5 21 19 18 40329.90000 67.65500000 3049.39000 249.50000 31.59200 237.21600
13 5 21 19 18 40329.80000 67.42900000 3042.77000 249.83000 31.59200 237.21600
13 5 21 19 19 40329.80000 67.37600000 3039.68000 249.74000 31.59200 236.58000
13 5 21 19 19 40292.90000 67.19700000 3036.33000 249.67000 31.59200 236.58000
13 5 21 19 19 40253.20000 67.05700000 3034.40000 248.95000 31.59200 236.58000
13 5 21 19 20 40214.00000 66.98400000 3028.91000 248.87000 31.59200 235.39900
13 5 21 19 20 40193.10000 66.81600000 3026.00000 248.52000 31.59200 235.39900
13 5 21 19 21 40162.50000 66.59600000 3024.00000 247.88000 31.59200 234.58100
13 5 21 19 21 40126.50000 66.49700000 3019.32000 247.33000 31.59200 233.70600
13 5 21 19 22 40117.00000 66.25700000 3016.35000 247.00000 31.59200 233.53600
13 5 21 19 22 40127.70000 66.18700000 3015.63000 247.00000 31.59200 233.28300
13 5 21 19 22 40223.50000 66.35300000 3025.16000 247.87000 31.59200 231.90400
13 5 21 19 23 40470.40000 66.42900000 3049.35000 249.73000 31.59200 231.90400
13 5 21 19 23 40470.50000 66.42900000 3049.30000 250.00000 31.59200 235.51000
13 5 21 19 24 40523.80000 67.15800000 3049.40000 251.04000 31.59200 235.96300
13 5 21 19 24 40552.70000 67.15800000 3045.37000 251.03000 31.59200 235.96300
13 5 21 19 25 40501.90000 67.15800000 3043.92000 249.91000 31.59200 235.96300
13 5 21 19 25 40451.30000 67.15800000 3039.04000 249.58000 31.59200 235.96300
13 5 21 19 25 40454.30000 67.65600000 3033.98000 249.92000 31.59200 235.16700
13 5 21 19 26 40454.50000 67.70400000 3038.45000 249.84000 31.59200 236.08600
13 5 21 19 26 40447.10000 67.54800000 3036.56000 249.18000 31.59200 236.08600
13 5 21 19 27 40500.00000 67.55300000 3042.06000 249.58000 31.59200 236.08600
13 5 21 19 27 40546.50000 67.50500000 3048.23000 249.86000 31.59200 236.74100
13 5 21 19 28 40494.10000 67.67200000 3045.42000 249.87000 31.59200 236.74100
13 5 21 19 28 40522.70000 67.75600000 3048.01000 249.04000 31.46400 236.74100
13 5 21 19 28 40570.60000 67.98000000 3045.82000 249.04000 31.46400 236.74100
13 5 21 19 29 40580.90000 67.76000000 3048.00000 249.50000 31.46400 236.74100
13 5 21 19 29 40519.30000 67.73200000 3043.97000 249.53000 31.46400 236.41800
13 5 21 19 30 40581.00000 67.73200000 3049.00000 250.09000 31.46400 235.63700
13 5 21 19 30 40661.30000 68.48000000 3057.99000 250.56000 31.46400 235.63700
13 5 21 19 31 40669.60000 68.36300000 3058.54000 250.73000 31.46400 235.63700
13 5 21 19 31 40669.60000 68.11400000 3063.99000 250.68000 31.46400 236.87100
13 5 21 19 31 40669.80000 68.41100000 3063.49000 251.00000 31.46400 236.87100
13 5 21 19 32 40686.50000 68.37000000 3062.60000 250.81000 31.36800 237.56800
13 5 21 19 32 40718.50000 68.37000000 3064.79000 251.17000 31.36800 237.56800
13 5 21 19 33 40712.70000 68.37000000 3061.28000 251.19000 31.85400 237.56800
13 5 21 19 33 40718.60000 68.24300000 3061.34000 251.19000 31.85400 237.56800
13 5 21 19 34 40724.70000 68.24300000 3060.90000 251.13000 31.85400 237.56800
13 5 21 19 34 40816.10000 68.30800000 3070.89000 251.98000 31.85400 237.37900
13 5 21 19 34 40816.00000 68.47600000 3070.87000 251.97000 31.85400 237.37900
13 5 21 19 35 40809.10000 68.47600000 3072.48000 252.18000 31.62300 237.37900
13 5 21 19 35 40779.00000 68.45400000 3061.38000 252.23000 31.62300 237.37900
13 5 21 19 36 40816.40000 68.37200000 3067.72000 251.66000 31.62300 237.37900
13 5 21 19 36 40832.00000 68.37900000 3070.37000 251.73000 31.62300 237.37900
13 5 21 19 37 40865.40000 68.37900000 3075.00000 251.99000 31.62300 237.37900
13 5 21 19 37 40819.60000 68.38900000 3071.44000 251.54000 31.62300 237.37900
13 5 21 19 37 40816.40000 68.38200000 3070.00000 251.51000 31.62300 237.37900
13 5 21 19 38 40812.30000 68.24400000 3069.99000 251.81000 31.62300 237.50100
13 5 21 19 38 40815.80000 68.20600000 3075.00000 251.88000 31.70700 237.50100
13 5 21 19 39 40810.00000 68.15600000 3075.32000 251.98000 31.70700 237.50100
13 5 21 19 39 40815.80000 68.15600000 3072.21000 251.54000 31.70700 237.50100
13 5 21 19 40 40775.20000 68.12400000 3072.36000 251.41000 31.70700 237.50100
13 5 21 19 40 40797.30000 68.22600000 3073.99000 251.58000 31.70700 237.53400
13 5 21 19 40 40723.60000 68.10000000 3060.21000 250.70000 31.48300 237.53400
13 5 21 19 41 40663.80000 67.71900000 3057.32000 250.39000 31.48300 236.28500
13 5 21 19 41 40864.70000 67.90700000 3072.43000 251.18000 31.48300 235.96700
13 5 21 19 42 40762.60000 67.57700000 3067.81000 251.20000 31.48300 235.96700
13 5 21 19 42 40841.30000 67.57700000 3067.99000 251.40000 31.48300 235.96700
13 5 21 19 43 40821.70000 67.75600000 3066.41000 251.28000 31.48300 235.96700
13 5 21 19 43 40748.10000 67.78600000 3060.45000 251.28000 31.48300 236.33900
13 5 21 19 43 40789.90000 68.00100000 3060.43000 251.46000 31.48300 236.33900
13 5 21 19 44 40769.80000 68.05900000 3064.75000 251.14000 31.48300 236.07100
13 5 21 19 44 40814.30000 68.13900000 3066.21000 251.14000 31.48300 236.07100
13 5 21 19 45 40786.50000 68.15300000 3063.14000 251.11000 31.48300 236.53800
13 5 21 19 45 40710.60000 67.93500000 3057.36000 250.85000 31.48300 235.90500
13 5 21 19 46 40709.70000 67.91600000 3058.87000 250.85000 31.48300 235.82300
13 5 21 19 46 40667.10000 67.67200000 3051.00000 250.81000 31.48300 235.82300
13 5 21 19 46 40660.10000 67.73400000 3053.85000 250.55000 31.48300 235.82300
13 5 21 19 47 40720.70000 68.06700000 3062.69000 251.30000 31.31000 235.82300
13 5 21 19 47 40700.70000 67.83300000 3055.56000 250.66000 31.31000 235.65000
13 5 21 19 48 40708.40000 67.74900000 3055.79000 250.83000 31.31000 235.76900
13 5 21 19 48 40705.60000 67.74900000 3055.00000 250.91000 31.31000 235.76900
13 5 21 19 49 40735.00000 67.82700000 3055.00000 250.75000 31.31000 235.76900
13 5 21 19 49 40721.20000 67.82700000 3057.60000 251.00000 31.31000 235.76900
13 5 21 19 49 40717.80000 67.78200000 3057.94000 250.91000 31.31000 235.79100
13 5 21 19 50 40670.10000 67.87900000 3051.10000 250.29000 31.31000 235.80000
13 5 21 19 50 40631.20000 67.74500000 3046.28000 250.07000 31.31000 235.80000
13 5 21 19 51 40621.00000 67.73400000 3049.21000 250.03000 31.31000 235.80000
13 5 21 19 51 40558.20000 67.53500000 3045.18000 249.37000 31.31000 234.62000
13 5 21 19 52 40558.20000 67.59300000 3042.70000 249.37000 31.31000 233.94000
13 5 21 19 52 40550.00000 67.42400000 3042.04000 249.37000 31.31000 234.51400
13 5 21 19 52 40550.00000 67.42400000 3040.81000 249.20000 31.31000 234.51400
13 5 21 19 53 40564.40000 67.40100000 3040.86000 248.62000 31.31000 234.51400
13 5 21 19 53 40550.10000 67.31300000 3036.50000 248.55000 31.31000 234.51400
13 5 21 19 54 40553.10000 67.41600000 3037.72000 248.43000 31.31000 234.51400
13 5 21 19 54 40519.00000 67.29100000 3036.25000 248.26000 31.31000 234.51400
13 5 21 19 55 40481.90000 67.29000000 3032.43000 247.96000 31.31000 233.94000
13 5 21 19 55 40441.60000 67.19200000 3031.25000 247.77000 31.31000 233.28300
13 5 21 19 55 40374.00000 67.18800000 3029.01000 247.01000 31.31000 233.00000
13 5 21 19 56 40436.70000 67.27300000 3030.98000 247.57000 31.31000 232.19700
13 5 21 19 56 40365.50000 67.10100000 3028.64000 247.13000 31.31000 232.19700
