M=[
24 6 21 01 54 27418.00000 32.87400000 1604.31000 104.95000 15.00700 91.17500
24 6 21 01 54 27433.40000 32.88000000 1604.31000 104.95000 15.00700 91.17500
24 6 21 01 54 27444.70000 32.88000000 1604.31000 104.95000 15.00700 91.17500
24 6 21 01 55 27452.70000 32.88000000 1602.50000 104.95000 14.90300 91.17500
24 6 21 01 55 27427.80000 32.88000000 1603.84000 104.99000 14.90300 91.17500
24 6 21 01 56 27432.40000 32.88000000 1603.84000 104.99000 14.90300 91.17500
24 6 21 01 56 27399.50000 32.88000000 1600.69000 104.78000 14.90300 91.17500
24 6 21 01 57 27364.30000 32.88000000 1596.92000 104.83000 14.94800 91.17500
24 6 21 01 57 27384.50000 32.88000000 1600.00000 104.83000 14.94800 91.17500
24 6 21 01 57 27360.40000 32.88000000 1598.83000 104.78000 14.94800 91.17500
24 6 21 01 58 27390.20000 32.88000000 1600.11000 104.89000 14.94800 91.17500
24 6 21 01 58 27390.20000 32.88000000 1600.11000 104.81000 14.94800 91.17500
24 6 21 01 59 27359.50000 32.88000000 1600.12000 104.81000 14.94800 91.17500
24 6 21 01 59 27358.70000 32.88000000 1598.91000 104.66000 14.94800 91.17500
24 6 21 02 00 27379.90000 32.88000000 1601.97000 104.66000 14.94800 91.21200
24 6 21 02 00 27369.40000 32.88000000 1599.85000 104.66000 14.94800 91.21200
24 6 21 02 00 27380.00000 32.88000000 1601.89000 104.78000 14.94800 91.21200
24 6 21 02 01 27427.50000 32.88000000 1605.52000 104.78000 14.94800 91.21200
24 6 21 02 01 27469.20000 32.88000000 1605.52000 104.78000 14.94800 91.21200
24 6 21 02 02 27396.20000 32.88000000 1606.22000 104.91000 14.94800 91.29400
24 6 21 02 02 27357.70000 32.88000000 1600.44000 104.91000 14.94800 91.29400
24 6 21 02 03 27357.70000 32.88000000 1600.44000 104.91000 14.94800 91.29400
24 6 21 02 03 27344.80000 32.88000000 1600.44000 104.91000 14.94800 91.29400
24 6 21 02 03 27330.90000 32.88000000 1598.09000 104.57000 14.94800 90.98000
24 6 21 02 04 27354.80000 32.88000000 1597.77000 104.59000 14.94800 90.98000
24 6 21 02 04 27354.80000 32.88000000 1598.34000 104.59000 14.94800 90.98000
24 6 21 02 05 27387.20000 32.88000000 1600.45000 104.59000 14.94800 90.98000
24 6 21 02 05 27377.70000 32.88000000 1600.45000 104.55000 14.94800 90.98000
24 6 21 02 06 27414.50000 32.88000000 1600.45000 104.78000 14.94800 90.98000
24 6 21 02 06 27354.10000 32.88000000 1600.31000 104.78000 14.94800 90.98000
24 6 21 02 06 27346.30000 32.88000000 1598.21000 104.78000 14.94800 90.98000
24 6 21 02 07 27347.60000 32.88000000 1597.93000 104.78000 14.94800 90.98000
24 6 21 02 07 27361.20000 32.88000000 1597.93000 104.78000 14.94800 90.98000
24 6 21 02 08 27369.10000 32.95900000 1597.93000 104.78000 14.94800 90.98000
24 6 21 02 08 27379.50000 32.95900000 1597.93000 104.63000 14.94800 90.98000
24 6 21 02 09 27386.50000 32.95900000 1597.93000 104.65000 14.94800 90.98000
24 6 21 02 09 27404.90000 32.95900000 1597.93000 104.65000 14.94800 90.98000
24 6 21 02 10 27404.90000 32.95900000 1597.93000 104.63000 14.94800 90.98000
24 6 21 02 10 27381.80000 32.92500000 1598.58000 104.63000 14.94800 90.98000
24 6 21 02 10 27381.80000 32.92500000 1597.47000 104.41000 14.94800 90.98000
24 6 21 02 11 27416.80000 32.92500000 1597.47000 104.41000 14.94800 90.98000
24 6 21 02 11 27421.40000 32.92500000 1597.47000 104.41000 14.94800 90.98000
24 6 21 02 12 27421.40000 32.92500000 1597.47000 104.41000 14.94800 90.98000
24 6 21 02 12 27469.10000 32.92500000 1599.81000 104.41000 14.94800 90.98000
24 6 21 02 13 27482.80000 32.92500000 1602.18000 104.41000 14.94800 90.98000
24 6 21 02 13 27448.60000 32.92500000 1602.18000 104.41000 14.94800 90.98000
24 6 21 02 13 27468.50000 32.92500000 1601.75000 104.41000 14.94800 90.98000
24 6 21 02 14 27441.50000 32.92500000 1599.72000 104.41000 14.94800 90.98000
24 6 21 02 14 27441.50000 32.92500000 1600.66000 104.62000 14.94800 90.98000
24 6 21 02 15 27463.30000 32.92500000 1601.43000 104.62000 14.94800 90.98000
24 6 21 02 15 27489.40000 32.92500000 1601.43000 104.62000 14.94800 90.98000
24 6 21 02 16 27523.20000 32.92500000 1602.98000 104.62000 14.94800 90.98000
24 6 21 02 16 27521.80000 32.92500000 1602.98000 104.62000 14.94800 90.98000
24 6 21 02 16 27504.90000 32.92500000 1602.98000 104.62000 14.94800 90.98000
24 6 21 02 17 27523.10000 32.92500000 1603.94000 104.62000 14.94800 90.98000
24 6 21 02 17 27523.10000 32.92500000 1604.87000 104.62000 14.94800 90.98000
24 6 21 02 18 27562.50000 32.92500000 1604.87000 104.62000 14.94800 90.98000
24 6 21 02 18 27550.70000 32.92500000 1604.87000 104.62000 14.94800 90.98000
24 6 21 02 19 27562.80000 32.92500000 1604.87000 104.62000 14.94800 90.98000
24 6 21 02 19 27547.90000 32.92500000 1607.10000 104.62000 14.94800 90.98000
24 6 21 02 19 27571.50000 32.92500000 1608.40000 104.62000 14.94800 90.98000
24 6 21 02 20 27551.70000 32.92500000 1608.29000 104.62000 14.94800 90.98000
24 6 21 02 20 27559.20000 32.92500000 1606.92000 104.62000 14.94800 90.98000
24 6 21 02 21 27559.20000 32.92500000 1606.92000 104.62000 14.94800 90.98000
24 6 21 02 21 27527.60000 32.92500000 1604.78000 104.87000 14.94800 90.98000
24 6 21 02 22 27527.50000 32.92500000 1604.78000 104.87000 14.94800 90.98000
24 6 21 02 22 27508.60000 32.92500000 1605.21000 104.87000 14.94800 90.98000
24 6 21 02 22 27505.00000 32.92500000 1605.21000 104.87000 14.94800 90.98000
24 6 21 02 23 27506.50000 32.92500000 1603.92000 104.87000 14.94800 90.98000
24 6 21 02 23 27504.90000 32.92500000 1603.92000 104.87000 14.94800 90.98000
24 6 21 02 24 27464.30000 32.92500000 1600.50000 104.87000 14.94800 90.98000
24 6 21 02 24 27425.30000 32.92500000 1600.14000 104.87000 14.94800 90.98000
24 6 21 02 25 27350.60000 32.92500000 1595.20000 104.37000 14.94800 90.98000
24 6 21 02 25 27374.00000 32.81200000 1595.58000 104.39000 14.93100 90.98000
24 6 21 02 25 27351.80000 32.81200000 1595.58000 104.40000 14.93100 90.98000
24 6 21 02 26 27359.70000 32.81200000 1595.58000 104.40000 14.93100 90.98000
24 6 21 02 26 27320.40000 32.81200000 1590.81000 104.40000 14.93100 90.98000
24 6 21 02 27 27279.30000 32.81200000 1589.02000 104.04000 14.93100 90.98000
24 6 21 02 27 27291.40000 32.81200000 1589.99000 104.04000 14.93100 90.55100
24 6 21 02 28 27279.30000 32.81200000 1588.00000 104.04000 14.93100 90.55100
24 6 21 02 28 27279.30000 32.81200000 1588.00000 104.04000 14.93100 90.55100
24 6 21 02 28 27279.30000 32.81200000 1589.54000 104.04000 14.90400 90.55100
24 6 21 02 29 27246.60000 32.81200000 1586.31000 104.04000 14.93400 90.55100
24 6 21 02 29 27260.70000 32.81200000 1588.04000 104.04000 14.93400 90.55100
24 6 21 02 30 27265.60000 32.81200000 1587.26000 104.04000 14.93400 90.55100
24 6 21 02 30 27300.40000 32.81200000 1590.25000 104.04000 14.93400 90.55100
24 6 21 02 31 27300.40000 32.81200000 1590.25000 104.27000 14.93400 90.55100
24 6 21 02 31 27318.70000 32.81200000 1589.37000 104.27000 14.93400 90.55100
24 6 21 02 31 27318.70000 32.81200000 1589.10000 104.33000 14.93400 90.55100
24 6 21 02 32 27289.50000 32.81200000 1587.90000 104.33000 14.93400 90.55100
24 6 21 02 32 27200.00000 32.65100000 1583.44000 104.33000 14.93400 90.55100
24 6 21 02 33 27184.20000 32.63000000 1584.11000 104.33000 14.93400 90.55100
24 6 21 02 33 27184.30000 32.63000000 1584.11000 104.33000 14.93400 90.55100
24 6 21 02 34 27181.30000 32.63000000 1584.11000 104.33000 14.93400 90.55100
24 6 21 02 34 27225.50000 32.63000000 1582.95000 104.33000 14.93400 90.55100
24 6 21 02 35 27208.90000 32.63000000 1587.45000 104.01000 14.93400 90.55100
24 6 21 02 35 27236.10000 32.83600000 1584.94000 104.02000 14.93400 90.55100
24 6 21 02 35 27225.30000 32.83600000 1584.94000 104.02000 14.93400 90.55100
24 6 21 02 36 27225.30000 32.78500000 1583.89000 104.02000 14.93400 90.55100
24 6 21 02 36 27200.00000 32.78500000 1583.89000 104.02000 14.93400 90.55100
24 6 21 02 37 27197.30000 32.78500000 1584.80000 104.02000 14.93400 90.55100
24 6 21 02 37 27187.20000 32.78500000 1584.80000 104.10000 14.93400 90.55100
24 6 21 02 38 27190.40000 32.78500000 1584.80000 104.10000 14.93400 90.55100
