M=[
11 7 20 04 07 8223.40000 5.80700000 213.01000 39.27000 16.96600 49.60000
11 7 20 04 08 8202.40000 5.75600000 212.69000 39.00000 17.35800 49.01300
11 7 20 04 08 8202.30000 5.68000000 213.01000 39.27000 17.35800 49.18400
11 7 20 04 09 8201.70000 5.75600000 213.14000 38.97000 16.96600 48.60900
11 7 20 04 10 8179.40000 5.75600000 213.14000 38.94000 17.15800 49.60000
11 7 20 04 10 8179.40000 5.75600000 212.38000 39.08000 16.96600 49.60000
11 7 20 04 10 8223.40000 5.79600000 213.01000 39.25000 16.96600 49.60000
11 7 20 04 11 8181.00000 5.75600000 213.01000 39.31000 16.96600 49.60000
11 7 20 04 11 8199.10000 5.59500000 212.73000 39.42000 16.96600 49.98600
11 7 20 04 12 8200.00000 5.75600000 213.01000 39.00000 17.26300 49.98600
11 7 20 04 12 8181.00000 5.75600000 213.01000 39.27000 16.96600 49.60000
11 7 20 04 13 8181.00000 5.79600000 211.64000 39.36000 16.96600 49.98600
11 7 20 04 13 8181.00000 5.80700000 213.01000 39.00000 17.10200 48.74000
11 7 20 04 13 8179.40000 5.75600000 213.04000 39.31000 17.15800 48.74000
11 7 20 04 14 8181.00000 5.75600000 213.01000 39.42000 17.35800 49.60000
11 7 20 04 14 8200.00000 5.71000000 213.03000 39.31000 17.26300 49.60000
11 7 20 04 15 8199.90000 5.90200000 213.01000 39.31000 16.96600 49.60000
11 7 20 04 15 8205.80000 5.75600000 213.03000 39.31000 17.26300 49.60000
11 7 20 04 15 8208.60000 5.75600000 213.03000 39.30000 16.96600 49.60000
11 7 20 04 16 8208.60000 5.75600000 213.04000 39.00000 16.96600 49.60000
11 7 20 04 16 8208.60000 5.80700000 213.04000 39.00000 17.15800 49.98600
11 7 20 04 17 8179.40000 5.75600000 213.04000 39.34000 16.96600 49.98600
11 7 20 04 17 8210.00000 5.75600000 213.01000 39.34000 17.35800 49.98600
11 7 20 04 19 8209.90000 5.68000000 212.69000 39.36000 16.96600 48.60900
11 7 20 04 18 8181.00000 5.75600000 213.04000 39.00000 17.26300 49.98600
11 7 20 04 19 8181.00000 5.75600000 213.01000 39.00000 16.96600 49.98600
11 7 20 04 19 8181.00000 5.80700000 213.01000 39.30000 16.96600 49.60000
11 7 20 04 20 8210.00000 5.75600000 213.01000 39.42000 16.80000 49.60000
11 7 20 04 20 8210.00000 5.75600000 213.04000 39.00000 16.96600 49.60000
11 7 20 04 21 8179.40000 5.59500000 213.04000 39.35000 16.80000 49.60000
11 7 20 04 21 8181.00000 5.75600000 213.01000 39.00000 17.15800 49.60000
11 7 20 04 22 8209.90000 5.80700000 213.04000 39.35000 17.23000 49.60000
11 7 20 04 22 8210.00000 5.75600000 213.04000 39.00000 17.15800 49.98600
11 7 20 04 22 8181.00000 5.75600000 213.04000 39.35000 17.15800 49.60000
11 7 20 04 24 8181.50000 5.78800000 212.90000 39.35000 16.96600 49.60000
11 7 20 04 23 8209.90000 5.75600000 213.03000 38.97000 16.96600 49.09500
11 7 20 04 24 8209.60000 5.75600000 213.01000 39.35000 16.96600 49.98600
11 7 20 04 25 8209.60000 5.75600000 213.04000 39.08000 16.96600 49.60000
11 7 20 04 25 8209.50000 5.79600000 213.04000 39.08000 17.10200 49.98600
11 7 20 04 26 8209.50000 5.68000000 213.01000 39.36000 17.15800 49.60000
11 7 20 04 26 8209.50000 5.75600000 213.16000 38.98000 16.83200 48.60900
11 7 20 04 26 8181.00000 5.68000000 212.90000 38.97000 16.96600 49.60000
11 7 20 04 27 8207.80000 5.75600000 213.16000 39.30000 16.96600 49.60000
11 7 20 04 27 8179.40000 5.75600000 213.16000 38.97000 17.15800 49.98600
11 7 20 04 28 8179.40000 5.90200000 213.16000 39.35000 16.96600 49.60000
11 7 20 04 28 8207.90000 5.75600000 212.73000 39.25000 16.96600 49.01300
11 7 20 04 29 8207.90000 5.75600000 213.28000 39.36000 16.96600 49.09500
11 7 20 04 29 8207.90000 5.75600000 211.64000 39.42000 16.96600 49.60000
11 7 20 04 29 8207.90000 5.75600000 212.69000 39.08000 16.96600 49.09500
11 7 20 04 30 8207.90000 5.75600000 213.01000 39.00000 16.96600 48.60900
11 7 20 04 30 8208.70000 5.76900000 212.69000 39.00000 16.98100 49.60000
11 7 20 04 31 8208.80000 5.71000000 213.23000 39.35000 16.80000 49.60000
11 7 20 04 31 8208.70000 5.90200000 213.23000 38.97000 16.98100 49.60000
11 7 20 04 32 8181.00000 5.90200000 212.38000 39.35000 16.98100 49.98600
11 7 20 04 32 8181.00000 5.75600000 213.23000 39.35000 16.98100 49.60000
11 7 20 04 33 8179.40000 5.75600000 212.69000 39.35000 16.98100 49.60000
11 7 20 04 33 8179.40000 5.75600000 213.30000 39.42000 17.15800 49.60000
11 7 20 04 34 8211.80000 5.75600000 213.30000 39.35000 16.98100 49.60000
11 7 20 04 34 8211.80000 5.75600000 213.34000 39.35000 17.15800 49.60000
11 7 20 04 35 8211.80000 5.75600000 213.01000 39.00000 16.98100 48.60900
11 7 20 04 35 8211.80000 5.63000000 213.34000 39.35000 16.98100 49.98600
11 7 20 04 36 8179.40000 5.71000000 213.01000 39.35000 16.98100 49.98600
11 7 20 04 36 8213.10000 5.75600000 212.69000 39.00000 16.98100 49.60000
11 7 20 04 36 8181.00000 5.75600000 213.36000 39.35000 16.98100 49.60000
11 7 20 04 37 8179.40000 5.75600000 213.35000 39.35000 17.15800 49.60000
11 7 20 04 38 8213.10000 5.75600000 213.01000 39.25000 16.98100 48.74000
11 7 20 04 39 8213.10000 5.79600000 213.01000 39.35000 17.15800 49.98600
11 7 20 04 38 8213.00000 5.75600000 214.26000 39.35000 17.23000 49.98600
11 7 20 04 39 8213.00000 5.75600000 213.36000 39.35000 16.98100 49.60000
11 7 20 04 39 8213.00000 5.75600000 212.73000 39.00000 17.15800 49.60000
11 7 20 04 40 8213.10000 5.75600000 213.37000 39.35000 17.15800 49.60000
11 7 20 04 40 8181.00000 5.62800000 213.37000 39.00000 16.98100 49.60000
11 7 20 04 41 8181.00000 5.75600000 212.69000 39.30000 16.98100 49.60000
11 7 20 04 41 8179.40000 5.75600000 213.37000 39.35000 17.15800 49.60000
11 7 20 04 42 8213.10000 5.71000000 213.01000 39.00000 16.98100 49.60000
11 7 20 04 42 8179.40000 5.75600000 213.37000 39.35000 16.80000 49.98600
11 7 20 04 42 8181.50000 5.71000000 211.64000 39.08000 16.98100 49.98600
11 7 20 04 43 8179.40000 5.71000000 213.38000 38.98000 17.35800 49.60000
11 7 20 04 43 8213.10000 5.75600000 212.90000 39.35000 16.98100 49.98600
11 7 20 04 44 8213.00000 5.90200000 213.01000 39.00000 17.35800 49.60000
11 7 20 04 45 8211.60000 5.79600000 213.37000 39.08000 16.98100 49.60000
11 7 20 04 45 8210.10000 5.76900000 213.37000 39.35000 17.15800 49.60000
11 7 20 04 45 8210.10000 5.62800000 213.01000 39.35000 17.10200 49.01300
11 7 20 04 46 8181.00000 5.78500000 212.69000 39.36000 16.98100 49.18400
11 7 20 04 47 8210.10000 5.80700000 213.01000 39.35000 16.98100 49.01300
11 7 20 04 47 8179.40000 5.78800000 212.69000 39.35000 17.23000 48.74000
11 7 20 04 47 8210.10000 5.78500000 213.37000 39.35000 16.98100 49.69000
11 7 20 04 49 8210.10000 5.78500000 214.26000 39.36000 16.98100 49.60000
11 7 20 04 48 8210.10000 5.78500000 213.37000 39.35000 16.98100 49.69000
11 7 20 04 49 8210.10000 5.71000000 213.00000 38.94000 17.35800 49.69000
11 7 20 04 49 8179.40000 5.78500000 212.90000 39.35000 16.98100 49.98600
11 7 20 04 50 8179.40000 5.78500000 212.38000 39.35000 16.98100 49.69000
11 7 20 04 50 8210.10000 5.71000000 214.26000 39.30000 16.98100 49.60000
11 7 20 04 51 8210.10000 5.78500000 212.73000 39.42000 16.98100 49.69000
11 7 20 04 51 8179.40000 5.78500000 212.84000 38.94000 17.10200 49.01300
11 7 20 04 52 8179.40000 5.59500000 212.84000 39.33000 16.98100 49.69000
11 7 20 04 52 8179.40000 5.75600000 212.76000 39.35000 17.09300 49.69000
11 7 20 04 53 8200.50000 5.78500000 212.69000 39.35000 17.10200 49.69000
11 7 20 04 53 8223.40000 5.78500000 212.38000 39.33000 17.09300 49.69000
11 7 20 04 53 8179.40000 5.59500000 212.69000 39.25000 17.35800 48.74000
11 7 20 04 55 8200.00000 5.63000000 212.75000 39.35000 17.09300 49.69000
11 7 20 04 54 8200.00000 5.63000000 214.26000 39.36000 16.80800 49.69000
11 7 20 04 55 8200.00000 5.78500000 213.08000 39.42000 17.10200 49.01300
11 7 20 04 55 8200.60000 5.75600000 214.26000 39.35000 17.09300 49.69000
11 7 20 04 56 8213.10000 5.78800000 212.38000 39.35000 17.09300 49.60000
11 7 20 04 56 8200.50000 5.59500000 212.69000 38.94000 16.80800 49.69000
11 7 20 04 57 8179.40000 5.75600000 212.38000 39.25000 17.09300 49.60000
11 7 20 04 58 8200.50000 5.77800000 212.44000 39.25000 16.98100 49.60000
11 7 20 04 58 8200.50000 5.78500000 212.63000 39.25000 17.09300 49.69000
