M=[
 5 5 20 21 27 8308.10000 6.67200000 190.05000 43.23000 10.31200 40.53400
 5 5 20 21 27 8308.00000 6.67200000 190.05000 43.23000 10.31200 40.53400
 5 5 20 21 28 8308.10000 6.67200000 190.07000 43.23000 10.31200 40.53400
 5 5 20 21 28 8309.60000 6.67700000 190.08000 43.23000 10.31200 40.53400
 5 5 20 21 29 8308.50000 6.67200000 190.01000 43.23000 10.31200 40.53400
 5 5 20 21 29 8310.00000 6.67200000 190.01000 43.21000 10.31200 40.53400
 5 5 20 21 30 8308.90000 6.67200000 190.07000 43.21000 10.27800 40.53400
 5 5 20 21 30 8306.00000 6.67200000 190.07000 43.21000 10.30500 40.53400
 5 5 20 21 31 8289.10000 6.67200000 189.58000 43.21000 10.30500 40.53400
 5 5 20 21 32 8282.70000 6.67200000 189.60000 43.14000 10.30500 40.53400
 5 5 20 21 32 8282.80000 6.67200000 189.39000 43.14000 10.30500 40.53400
 5 5 20 21 33 8282.80000 6.67200000 189.50000 43.14000 10.30500 40.53400
 5 5 20 21 33 8282.00000 6.67200000 189.50000 43.14000 10.30500 40.53400
 5 5 20 21 34 8282.20000 6.67200000 189.50000 43.14000 10.30500 40.53400
 5 5 20 21 34 8282.20000 6.67200000 189.47000 43.14000 10.30500 40.53400
 5 5 20 21 34 8282.90000 6.67200000 189.47000 43.14000 10.30500 40.53400
 5 5 20 21 35 8283.00000 6.67200000 189.47000 43.11000 10.30500 40.53400
 5 5 20 21 35 8284.60000 6.67200000 189.39000 43.11000 10.30500 40.53400
 5 5 20 21 36 8282.00000 6.67200000 189.38000 43.11000 10.31700 40.53400
 5 5 20 21 36 8288.70000 6.67200000 189.38000 43.11000 10.31700 40.53400
 5 5 20 21 37 8287.10000 6.67200000 189.39000 43.11000 10.31700 40.53400
 5 5 20 21 37 8284.60000 6.67200000 189.39000 43.11000 10.31700 40.53400
 5 5 20 21 38 8282.00000 6.67200000 189.34000 43.11000 10.31700 40.53400
 5 5 20 21 38 8282.10000 6.67200000 189.34000 43.11000 10.31700 40.53400
 5 5 20 21 39 8282.00000 6.66100000 189.34000 43.11000 10.31700 40.53400
 5 5 20 21 39 8284.90000 6.67200000 189.33000 43.11000 10.31700 40.53400
 5 5 20 21 40 8284.90000 6.67200000 189.33000 43.11000 10.31700 40.53400
 5 5 20 21 40 8285.00000 6.67200000 189.32000 43.11000 10.31700 40.53400
 5 5 20 21 41 8290.20000 6.66100000 189.34000 43.11000 10.31700 40.53400
 5 5 20 21 41 8290.30000 6.67200000 189.34000 43.08000 10.31700 40.53400
 5 5 20 21 42 8291.80000 6.67200000 189.37000 43.08000 10.31700 40.53400
 5 5 20 21 42 8292.50000 6.67700000 189.37000 43.08000 10.31700 40.53400
 5 5 20 21 43 8292.90000 6.67200000 189.39000 43.08000 10.31700 40.53400
 5 5 20 21 43 8299.50000 6.67200000 189.39000 43.08000 10.33000 40.53400
 5 5 20 21 44 8299.90000 6.67200000 189.41000 43.08000 10.33000 40.53400
 5 5 20 21 44 8299.90000 6.67200000 189.77000 43.15000 10.33000 40.53400
 5 5 20 21 45 8300.00000 6.67200000 189.85000 43.15000 10.33000 40.53400
 5 5 20 21 45 8307.00000 6.67200000 189.85000 43.15000 10.33000 40.53400
 5 5 20 21 46 8307.80000 6.67200000 189.94000 43.16000 10.33000 40.53400
 5 5 20 21 46 8299.00000 6.63800000 189.69000 43.16000 10.29300 40.53400
 5 5 20 21 47 8291.80000 6.67200000 189.72000 43.16000 10.29300 40.53400
 5 5 20 21 47 8291.30000 6.67200000 189.65000 43.16000 10.29300 40.53400
 5 5 20 21 48 8290.60000 6.67200000 189.60000 43.16000 10.29300 40.53400
 5 5 20 21 48 8290.60000 6.67200000 189.59000 43.14000 10.33000 40.53400
 5 5 20 21 49 8289.80000 6.67200000 189.59000 43.14000 10.29300 40.53400
 5 5 20 21 49 8287.30000 6.67200000 189.64000 43.13000 10.29300 40.53400
 5 5 20 21 50 8285.40000 6.67200000 189.59000 43.13000 10.29300 40.53400
 5 5 20 21 50 8286.00000 6.67200000 189.59000 43.13000 10.29300 40.53400
 5 5 20 21 51 8285.80000 6.67200000 189.62000 43.13000 10.29300 40.53400
 5 5 20 21 51 8285.10000 6.67000000 189.62000 43.13000 10.29300 40.53400
 5 5 20 21 52 8285.10000 6.67000000 189.62000 43.10000 10.29300 40.53400
 5 5 20 21 52 8285.00000 6.67700000 189.62000 43.10000 10.29300 40.53400
 5 5 20 21 53 8285.10000 6.67000000 189.63000 43.09000 10.32700 40.53400
 5 5 20 21 53 8285.10000 6.67000000 189.63000 43.09000 10.32700 40.53400
 5 5 20 21 54 8285.10000 6.67000000 189.63000 43.09000 10.32700 40.53400
 5 5 20 21 54 8285.10000 6.67000000 189.62000 43.09000 10.32700 40.53400
 5 5 20 21 55 8285.10000 6.67000000 189.62000 43.09000 10.32700 40.48800
 5 5 20 21 55 8285.00000 6.67000000 189.62000 43.09000 10.32700 40.48800
 5 5 20 21 55 8285.10000 6.67000000 189.62000 43.09000 10.32700 40.48800
 5 5 20 21 56 8285.00000 6.67000000 189.62000 43.09000 10.32700 40.48800
 5 5 20 21 56 8285.00000 6.67000000 189.43000 43.09000 10.32700 40.48800
 5 5 20 21 57 8280.10000 6.67700000 189.44000 43.09000 10.33700 40.48800
 5 5 20 21 57 8279.20000 6.67000000 189.43000 43.12000 10.33700 40.48800
 5 5 20 21 58 8276.60000 6.67000000 189.44000 43.12000 10.33700 40.48800
 5 5 20 21 58 8276.50000 6.67000000 189.43000 43.01000 10.33700 40.48800
 5 5 20 21 59 8276.60000 6.67000000 189.43000 43.02000 10.33700 40.48800
 5 5 20 21 59 8275.90000 6.67000000 189.38000 43.02000 10.33700 40.48800
 5 5 20 22 00 8285.00000 6.67000000 189.43000 43.02000 10.34600 40.48800
 5 5 20 22 00 8285.70000 6.67000000 189.59000 43.02000 10.34600 40.48800
 5 5 20 22 01 8285.70000 6.67000000 189.53000 43.02000 10.34600 40.48800
 5 5 20 22 01 8285.70000 6.67000000 189.45000 43.02000 10.33700 40.48800
 5 5 20 22 02 8287.20000 6.67000000 189.59000 43.02000 10.34600 40.48800
 5 5 20 22 02 8287.30000 6.67000000 189.59000 43.02000 10.34600 40.48800
 5 5 20 22 03 8287.30000 6.67000000 189.59000 43.02000 10.34600 40.48800
 5 5 20 22 03 8288.40000 6.67000000 189.58000 43.02000 10.34600 40.48800
 5 5 20 22 04 8288.50000 6.67000000 189.58000 43.02000 10.33700 40.48800
 5 5 20 22 04 8288.60000 6.65200000 189.58000 43.04000 10.34900 40.48800
 5 5 20 22 05 8288.60000 6.65200000 189.59000 43.04000 10.34900 40.48800
 5 5 20 22 05 8288.50000 6.65200000 189.59000 43.04000 10.34600 40.48800
 5 5 20 22 06 8288.60000 6.65200000 189.59000 43.04000 10.34900 40.48800
 5 5 20 22 06 8288.60000 6.65200000 189.59000 43.04000 10.34900 40.48800
 5 5 20 22 07 8288.60000 6.65200000 189.51000 43.04000 10.31200 40.48800
 5 5 20 22 07 8288.50000 6.65200000 189.38000 43.04000 10.31200 40.48800
 5 5 20 22 08 8287.40000 6.65200000 189.47000 43.04000 10.31200 40.48800
 5 5 20 22 08 8287.30000 6.65200000 189.42000 43.04000 10.31200 40.48800
 5 5 20 22 09 8287.30000 6.65200000 189.40000 43.04000 10.31200 40.48800
 5 5 20 22 09 8287.40000 6.65200000 189.40000 43.04000 10.34300 40.48800
 5 5 20 22 10 8279.80000 6.65200000 189.31000 43.04000 10.34300 40.48800
 5 5 20 22 10 8242.50000 6.64500000 188.62000 42.90000 10.30800 40.44600
 5 5 20 22 11 8246.00000 6.64500000 188.63000 42.90000 10.30800 40.44600
 5 5 20 22 11 8238.10000 6.64500000 188.71000 42.90000 10.30800 40.44600
 5 5 20 22 12 8242.10000 6.64500000 188.71000 42.91000 10.30800 40.44600
 5 5 20 22 12 8246.00000 6.64500000 188.51000 42.91000 10.30800 40.39000
 5 5 20 22 13 8238.40000 6.64300000 188.47000 42.91000 10.30800 40.39000
 5 5 20 22 13 8241.80000 6.64300000 188.51000 42.91000 10.30800 40.39000
 5 5 20 22 14 8240.80000 6.64300000 188.45000 42.86000 10.30800 40.39000
 5 5 20 22 14 8245.70000 6.64100000 188.45000 42.86000 10.30800 40.39000
 5 5 20 22 15 8245.80000 6.64100000 188.45000 42.93000 10.30500 40.39000
 5 5 20 22 15 8256.90000 6.64100000 188.60000 42.86000 10.30500 40.39000
 5 5 20 22 16 8261.50000 6.64100000 188.60000 42.86000 10.30500 40.39000
 5 5 20 22 16 8262.00000 6.64100000 188.82000 42.86000 10.30500 40.39000
 5 5 20 22 17 8265.50000 6.64300000 188.82000 42.86000 10.30500 40.39000
 5 5 20 22 17 8265.50000 6.64300000 188.82000 42.86000 10.30500 40.39000
 5 5 20 22 18 8262.10000 6.64300000 188.82000 42.86000 10.30500 40.39000
 5 5 20 22 18 8262.70000 6.64300000 188.82000 42.86000 10.30500 40.39000
 5 5 20 22 19 8268.80000 6.64300000 188.82000 42.86000 10.30500 40.39000
 5 5 20 22 19 8262.10000 6.64300000 188.56000 42.86000 10.30500 40.39000
 5 5 20 22 20 8260.50000 6.64300000 188.56000 42.86000 10.30500 40.39000
 5 5 20 22 20 8260.20000 6.64300000 188.51000 42.86000 10.30500 40.39000
