M=[
 4 5 20 03 46 8010.10000 6.38900000 186.26000 42.61000 9.69000 39.96000
 4 5 20 03 46 8010.10000 6.38900000 186.26000 42.61000 9.69000 39.96000
 4 5 20 03 47 8010.00000 6.38900000 186.31000 42.61000 9.69000 39.96000
 4 5 20 03 47 8010.00000 6.38900000 186.31000 42.61000 9.69000 39.96000
 4 5 20 03 48 8010.10000 6.42300000 186.31000 42.61000 9.69000 39.96000
 4 5 20 03 48 8010.10000 6.42300000 186.31000 42.61000 9.69000 40.04200
 4 5 20 03 49 8011.80000 6.42300000 186.31000 42.61000 9.69000 40.04200
 4 5 20 03 49 8012.20000 6.42300000 186.51000 42.61000 9.69000 39.96000
 4 5 20 03 50 8013.30000 6.38900000 186.31000 42.61000 9.69000 40.04200
 4 5 20 03 50 8014.20000 6.42300000 186.31000 42.74000 9.69600 40.04200
 4 5 20 03 51 8010.00000 6.42300000 186.31000 42.74000 9.69600 40.04200
 4 5 20 03 51 8010.80000 6.42300000 186.31000 42.74000 9.69600 40.04200
 4 5 20 03 52 8010.00000 6.42300000 186.46000 42.74000 9.69600 40.04200
 4 5 20 03 52 8010.70000 6.42300000 186.46000 42.74000 9.69600 40.04200
 4 5 20 03 53 8012.90000 6.42300000 186.51000 42.74000 9.69600 40.04200
 4 5 20 03 53 8012.50000 6.42300000 186.51000 42.74000 9.70300 40.04200
 4 5 20 03 54 8013.00000 6.42300000 186.51000 42.74000 9.70300 40.04200
 4 5 20 03 54 8011.60000 6.42300000 186.87000 42.74000 9.69700 40.04200
 4 5 20 03 55 8011.60000 6.42300000 186.87000 42.74000 9.69700 40.04200
 4 5 20 03 55 8012.10000 6.42300000 186.87000 42.75000 9.69600 40.04200
 4 5 20 03 55 8010.00000 6.38900000 186.87000 42.78000 9.69600 40.04200
 4 5 20 03 56 8001.00000 6.42300000 186.70000 42.78000 9.69600 40.04200
 4 5 20 03 56 8005.60000 6.42300000 186.70000 42.78000 9.69600 40.04200
 4 5 20 03 57 8003.50000 6.42300000 186.68000 42.78000 9.69600 40.04200
 4 5 20 03 57 8003.50000 6.42300000 186.70000 42.78000 9.69600 40.04200
 4 5 20 03 58 7997.10000 6.38900000 186.68000 42.78000 9.69600 40.04200
 4 5 20 03 58 8000.00000 6.42300000 186.68000 42.78000 9.69600 40.04200
 4 5 20 03 59 7994.10000 6.42300000 186.50000 42.78000 9.69600 40.04200
 4 5 20 03 59 7993.60000 6.42300000 186.65000 42.78000 9.69600 40.04200
 4 5 20 04 00 7996.80000 6.42300000 186.42000 42.66000 9.68300 40.04200
 4 5 20 04 00 7996.80000 6.42300000 186.37000 42.66000 9.68300 40.04200
 4 5 20 04 01 7995.60000 6.42300000 186.24000 42.66000 9.68300 40.04200
 4 5 20 04 01 7993.70000 6.42300000 186.19000 42.57000 9.68300 40.04200
 4 5 20 04 02 7988.60000 6.42300000 186.16000 42.57000 9.68300 40.04200
 4 5 20 04 02 7989.00000 6.42300000 186.16000 42.57000 9.68300 40.04200
 4 5 20 04 03 7989.00000 6.42300000 186.10000 42.57000 9.68300 40.04200
 4 5 20 04 03 7990.30000 6.41500000 186.10000 42.57000 9.68300 40.04200
 4 5 20 04 04 7987.00000 6.41500000 186.07000 42.57000 9.68300 40.04200
 4 5 20 04 04 7987.00000 6.41500000 186.07000 42.57000 9.68300 40.04200
 4 5 20 04 05 7994.00000 6.41500000 186.07000 42.57000 9.67300 40.04200
 4 5 20 04 05 8000.20000 6.41500000 186.11000 42.64000 9.67300 40.04200
 4 5 20 04 06 8005.60000 6.41500000 186.10000 42.57000 9.67300 40.04200
 4 5 20 04 06 8005.60000 6.41500000 186.14000 42.64000 9.67300 40.04200
 4 5 20 04 07 7999.70000 6.41500000 185.97000 42.64000 9.67300 40.04200
 4 5 20 04 07 8002.00000 6.41500000 185.97000 42.64000 9.67300 40.04200
 4 5 20 04 08 8001.00000 6.41500000 185.97000 42.64000 9.67300 40.04200
 4 5 20 04 08 8002.50000 6.41500000 185.97000 42.64000 9.67300 40.04200
 4 5 20 04 09 8006.20000 6.41500000 185.97000 42.64000 9.67300 40.04200
 4 5 20 04 09 8007.60000 6.41500000 185.97000 42.64000 9.67300 40.04200
 4 5 20 04 10 8003.20000 6.41500000 186.00000 42.64000 9.67000 40.04200
 4 5 20 04 10 8007.60000 6.41500000 185.84000 42.59000 9.67000 39.87400
 4 5 20 04 11 8003.20000 6.41500000 185.59000 42.59000 9.67000 39.87400
 4 5 20 04 11 7994.80000 6.41500000 184.89000 42.59000 9.67000 39.87400
 4 5 20 04 12 7984.00000 6.41500000 184.96000 42.59000 9.67000 39.87400
 4 5 20 04 12 7986.80000 6.41500000 184.93000 42.59000 9.67000 40.04200
 4 5 20 04 13 7980.00000 6.41500000 184.50000 42.59000 9.67300 39.87400
 4 5 20 04 13 7973.70000 6.41500000 184.52000 42.59000 9.67000 39.87400
 4 5 20 04 14 7976.40000 6.41500000 184.78000 42.59000 9.67000 39.87400
 4 5 20 04 14 7977.90000 6.41500000 184.95000 42.59000 9.67000 39.87400
 4 5 20 04 15 7973.70000 6.38500000 184.73000 42.59000 9.67000 39.87400
 4 5 20 04 15 7969.30000 6.38500000 184.53000 42.41000 9.64900 39.65300
 4 5 20 04 16 7974.20000 6.38500000 184.69000 42.41000 9.64900 39.65300
 4 5 20 04 16 7975.10000 6.38500000 184.72000 42.59000 9.64900 39.65300
 4 5 20 04 17 7968.30000 6.38500000 184.72000 42.40000 9.64900 39.65300
 4 5 20 04 17 7961.00000 6.38500000 183.57000 42.32000 9.64900 39.65300
 4 5 20 04 18 7965.30000 6.38500000 184.13000 42.32000 9.64900 39.65300
 4 5 20 04 18 7960.20000 6.38500000 183.96000 42.32000 9.64900 39.65300
 4 5 20 04 19 7968.10000 6.38500000 183.75000 42.32000 9.64900 39.65300
 4 5 20 04 19 7960.70000 6.38500000 183.80000 42.32000 9.64900 39.65300
 4 5 20 04 20 7962.20000 6.38500000 183.84000 42.32000 9.61000 39.65300
 4 5 20 04 20 7960.10000 6.38500000 183.85000 42.37000 9.61000 39.65300
 4 5 20 04 21 7961.80000 6.38500000 184.19000 42.37000 9.61000 39.65300
 4 5 20 04 21 7967.80000 6.38500000 184.27000 42.37000 9.61000 39.65300
 4 5 20 04 22 7974.40000 6.38500000 184.56000 42.37000 9.61000 39.65300
 4 5 20 04 22 7972.00000 6.38500000 184.56000 42.37000 9.61000 39.49000
 4 5 20 04 23 7972.00000 6.38500000 184.38000 42.37000 9.61000 39.49000
 4 5 20 04 23 7976.20000 6.37700000 184.38000 42.43000 9.61000 39.49000
 4 5 20 04 24 7977.40000 6.37700000 184.33000 42.43000 9.61000 39.49000
 4 5 20 04 24 7978.90000 6.37700000 184.49000 42.42000 9.61000 39.49000
 4 5 20 04 25 7986.20000 6.37700000 184.49000 42.56000 9.63600 39.49000
 4 5 20 04 26 7982.80000 6.37700000 184.59000 42.56000 9.63600 39.49000
 4 5 20 04 26 7984.90000 6.37700000 184.59000 42.56000 9.61000 39.49000
 4 5 20 04 27 7984.90000 6.37700000 184.59000 42.43000 9.63600 39.49000
 4 5 20 04 27 7986.50000 6.37700000 184.59000 42.56000 9.63600 39.49000
 4 5 20 04 28 7986.50000 6.37700000 184.57000 42.56000 9.63600 39.49000
 4 5 20 04 28 7971.70000 6.37700000 184.57000 42.56000 9.63600 39.49000
 4 5 20 04 29 7965.50000 6.37700000 184.57000 42.56000 9.63600 39.49000
 4 5 20 04 29 7963.90000 6.37700000 183.97000 42.56000 9.60100 39.49000
 4 5 20 04 30 7960.20000 6.37700000 183.72000 42.42000 9.59900 39.49000
 4 5 20 04 30 7947.50000 6.37700000 182.93000 42.29000 9.58000 39.49000
 4 5 20 04 31 7950.20000 6.37700000 183.22000 42.29000 9.58000 39.49000
 4 5 20 04 31 7955.00000 6.39600000 183.61000 42.29000 9.58000 39.49000
 4 5 20 04 32 7951.20000 6.39600000 183.50000 42.29000 9.58000 39.49000
 4 5 20 04 32 7951.20000 6.39600000 183.27000 42.29000 9.58000 39.49000
 4 5 20 04 33 7949.30000 6.39600000 183.17000 42.29000 9.58000 39.49000
 4 5 20 04 33 7952.90000 6.39600000 183.17000 42.29000 9.58000 39.49000
 4 5 20 04 34 7941.60000 6.39600000 182.76000 42.29000 9.58000 39.49000
 4 5 20 04 34 7947.90000 6.39600000 182.97000 42.29000 9.58000 39.49000
 4 5 20 04 35 7952.80000 6.39600000 182.82000 42.38000 9.59200 39.49000
 4 5 20 04 35 7934.90000 6.39600000 181.50000 42.28000 9.59200 39.49000
 4 5 20 04 36 7941.10000 6.39600000 181.55000 42.28000 9.59200 39.49000
 4 5 20 04 36 7940.50000 6.39600000 181.88000 42.28000 9.58500 39.49000
 4 5 20 04 37 7937.70000 6.39600000 181.94000 42.28000 9.58500 39.49000
 4 5 20 04 37 7937.90000 6.39600000 181.69000 42.22000 9.59200 39.49000
 4 5 20 04 38 7920.10000 6.39600000 180.92000 42.12000 9.58500 39.49000
 4 5 20 04 39 7920.10000 6.31900000 181.36000 42.12000 9.58500 39.49000
 4 5 20 04 39 7930.10000 6.31900000 181.46000 42.12000 9.58500 39.49000
 4 5 20 04 40 7912.50000 6.31900000 181.39000 42.12000 9.57800 39.49000
 4 5 20 04 40 7925.00000 6.31900000 181.78000 42.13000 9.58500 39.49000
 4 5 20 04 41 7923.60000 6.31900000 181.80000 42.13000 9.57800 39.49000
 4 5 20 04 41 7924.00000 6.31900000 181.59000 42.13000 9.57800 39.49000
