M=[
28 11 20 17 04 14838.90000 5.33900000 451.62000 60.74000 13.30700 61.80000
28 11 20 17 05 14839.90000 5.33900000 451.79000 60.71000 13.30700 61.80000
28 11 20 17 05 14830.10000 5.33900000 451.54000 60.65000 13.30700 61.80000
28 11 20 17 06 14830.20000 5.33900000 451.20000 60.64000 13.30700 61.68000
28 11 20 17 06 14822.40000 5.33900000 450.52000 60.54000 13.30700 61.68000
28 11 20 17 06 14808.90000 5.32200000 449.94000 60.43000 13.30700 61.45100
28 11 20 17 07 14790.80000 5.31100000 449.78000 60.37000 13.30700 61.45100
28 11 20 17 07 14790.70000 5.32200000 449.81000 60.51000 13.30700 61.55000
28 11 20 17 08 14790.80000 5.32200000 449.54000 60.36000 13.30700 61.51600
28 11 20 17 08 14790.10000 5.30600000 449.36000 60.30000 13.30700 61.35000
28 11 20 17 09 14768.30000 5.30500000 448.77000 60.13000 13.30700 61.35000
28 11 20 17 09 14767.80000 5.30500000 448.00000 60.30000 13.30700 61.35000
28 11 20 17 09 14779.40000 5.30500000 448.46000 60.30000 13.30700 61.15600
28 11 20 17 10 14781.00000 5.29300000 448.91000 60.30000 13.30700 61.15000
28 11 20 17 10 14795.40000 5.29300000 449.53000 60.30000 13.30700 61.15000
28 11 20 17 11 14792.40000 5.29300000 449.76000 60.30000 13.30700 61.15000
28 11 20 17 11 14796.10000 5.28900000 449.44000 60.37000 13.30700 61.15000
28 11 20 17 12 14790.00000 5.28900000 449.39000 60.20000 13.30700 61.15000
28 11 20 17 12 14793.50000 5.28900000 449.50000 60.22000 13.30700 61.10000
28 11 20 17 12 14792.30000 5.28900000 449.49000 60.22000 13.30700 61.10000
28 11 20 17 13 14784.40000 5.28900000 449.20000 60.17000 13.27900 61.10000
28 11 20 17 13 14787.30000 5.28900000 449.50000 60.16000 13.27900 61.20900
28 11 20 17 14 14792.30000 5.28900000 449.49000 60.17000 13.10400 61.20900
28 11 20 17 14 14789.70000 5.28900000 449.49000 60.17000 13.10400 61.20900
28 11 20 17 15 14792.30000 5.28900000 449.49000 60.17000 13.10400 61.28600
28 11 20 17 15 14792.40000 5.28900000 449.50000 60.27000 13.10400 61.28600
28 11 20 17 15 14792.40000 5.28900000 449.49000 60.27000 13.10400 61.50500
28 11 20 17 16 14792.40000 5.28900000 449.50000 60.27000 13.10400 61.50500
28 11 20 17 16 14806.90000 5.28900000 449.50000 60.27000 13.10400 61.65500
28 11 20 17 17 14810.30000 5.28900000 450.00000 60.43000 13.10400 61.65500
28 11 20 17 17 14810.40000 5.30100000 450.00000 60.46000 13.10400 61.65500
28 11 20 17 18 14810.70000 5.30100000 450.00000 60.46000 13.10400 61.77700
28 11 20 17 18 14806.40000 5.30100000 450.33000 60.46000 13.10400 61.77700
28 11 20 17 18 14806.60000 5.30100000 450.64000 60.58000 13.10400 61.79900
28 11 20 17 19 14811.00000 5.30100000 450.75000 60.59000 13.10400 61.79900
28 11 20 17 19 14819.50000 5.30100000 451.04000 60.63000 13.10400 61.79900
28 11 20 17 20 14820.00000 5.30100000 450.78000 60.61000 13.10400 61.79900
28 11 20 17 20 14818.00000 5.30100000 450.63000 60.50000 13.10400 61.79900
28 11 20 17 21 14811.20000 5.30100000 450.76000 60.49000 13.10400 61.79900
28 11 20 17 21 14815.90000 5.30100000 450.88000 60.59000 13.10400 61.79900
28 11 20 17 21 14818.00000 5.30100000 451.27000 60.61000 13.10400 62.22100
28 11 20 17 22 14818.00000 5.30100000 451.16000 60.67000 13.10400 62.22100
28 11 20 17 22 14825.70000 5.30100000 451.40000 60.67000 13.10400 62.38100
28 11 20 17 23 14805.90000 5.30100000 450.83000 60.53000 13.10400 62.38100
28 11 20 17 23 14814.60000 5.30100000 451.58000 60.64000 13.10400 62.38100
28 11 20 17 24 14813.40000 5.30100000 451.36000 60.64000 13.10400 62.38100
28 11 20 17 24 14813.40000 5.30100000 451.36000 60.74000 13.10400 62.38100
28 11 20 17 24 14820.60000 5.30100000 451.98000 60.79000 13.10400 62.38100
28 11 20 17 25 14822.60000 5.30100000 452.00000 60.76000 13.10400 62.38100
28 11 20 17 25 14824.90000 5.30100000 452.09000 60.76000 13.10400 62.38100
28 11 20 17 26 14821.10000 5.30100000 452.13000 60.76000 13.10400 62.38100
28 11 20 17 26 14821.90000 5.30100000 451.99000 60.78000 13.10400 62.38100
28 11 20 17 27 14821.10000 5.30100000 451.74000 60.78000 13.10400 62.38100
28 11 20 17 27 14821.00000 5.30100000 452.09000 60.83000 13.10400 62.38100
28 11 20 17 27 14827.00000 5.30100000 452.09000 60.86000 13.10400 62.38100
28 11 20 17 28 14828.20000 5.30100000 452.20000 60.91000 13.10400 62.38100
28 11 20 17 28 14839.90000 5.30100000 452.23000 60.89000 13.10400 62.38100
28 11 20 17 29 14830.40000 5.32100000 451.92000 60.79000 13.10400 62.38100
28 11 20 17 29 14830.40000 5.32100000 451.41000 60.72000 13.10400 62.19000
28 11 20 17 30 14831.00000 5.32100000 451.82000 60.65000 13.10400 62.19000
28 11 20 17 30 14830.70000 5.32100000 451.53000 60.73000 13.10400 62.19000
28 11 20 17 30 14832.40000 5.32100000 451.99000 60.80000 13.10400 62.19000
28 11 20 17 31 14840.00000 5.32100000 452.10000 60.80000 13.10400 62.35000
28 11 20 17 31 14848.50000 5.32100000 452.46000 60.80000 13.10400 62.35300
28 11 20 17 32 14854.40000 5.32100000 452.85000 60.85000 13.10400 62.35300
28 11 20 17 32 14848.90000 5.32100000 452.84000 61.10000 13.10400 62.35300
28 11 20 17 33 14853.30000 5.32100000 452.73000 61.10000 13.10400 62.35300
28 11 20 17 33 14850.40000 5.32100000 452.83000 61.22000 13.10400 62.35300
28 11 20 17 33 14848.80000 5.32100000 452.73000 61.12000 13.10400 62.66600
28 11 20 17 34 14836.70000 5.32100000 452.17000 61.01000 13.10400 62.66600
28 11 20 17 34 14841.70000 5.32100000 451.63000 60.96000 13.10400 62.66600
28 11 20 17 35 14853.30000 5.32100000 452.31000 61.08000 13.10400 62.66600
28 11 20 17 35 14841.60000 5.32100000 451.86000 61.04000 13.10400 62.66600
28 11 20 17 36 14839.10000 5.32100000 451.97000 61.04000 13.10400 62.66600
28 11 20 17 36 14828.10000 5.32100000 451.92000 61.00000 13.10400 62.66600
28 11 20 17 36 14829.30000 5.32100000 451.40000 60.87000 13.10400 62.66600
28 11 20 17 37 14825.60000 5.32100000 451.31000 60.87000 13.10400 62.66600
28 11 20 17 37 14839.70000 5.32100000 451.74000 60.94000 13.10400 62.66600
28 11 20 17 38 14846.50000 5.32100000 452.16000 60.97000 13.10400 62.66600
28 11 20 17 38 14853.90000 5.32100000 453.00000 61.13000 13.10400 63.03100
28 11 20 17 39 14868.30000 5.32200000 453.20000 61.19000 13.10400 63.03100
28 11 20 17 39 14860.10000 5.32200000 453.02000 61.18000 13.10400 63.03100
28 11 20 17 39 14860.60000 5.32200000 453.08000 61.12000 13.10400 63.03100
28 11 20 17 40 14857.70000 5.32200000 453.22000 61.12000 13.10400 63.16000
28 11 20 17 40 14870.50000 5.32200000 453.19000 61.12000 13.10400 63.16000
28 11 20 17 41 14864.00000 5.32200000 453.01000 61.17000 13.10400 63.16000
28 11 20 17 41 14864.70000 5.32200000 453.01000 61.17000 13.10400 63.16000
28 11 20 17 42 14868.10000 5.33800000 453.01000 61.21000 13.10400 63.16000
28 11 20 17 42 14862.20000 5.33800000 452.78000 61.21000 13.10300 63.16000
28 11 20 17 42 14856.90000 5.33800000 452.35000 61.16000 13.10300 63.16000
28 11 20 17 43 14856.80000 5.33800000 452.22000 61.13000 13.10300 63.20900
28 11 20 17 43 14873.40000 5.33800000 452.57000 61.26000 13.10300 63.20900
28 11 20 17 44 14862.30000 5.33800000 451.98000 61.19000 13.10300 63.20900
28 11 20 17 44 14871.70000 5.34100000 452.20000 61.18000 13.10300 63.20900
28 11 20 17 45 14871.30000 5.34100000 452.20000 61.19000 13.10300 63.20900
28 11 20 17 45 14872.30000 5.34100000 452.10000 61.19000 13.06000 63.20900
28 11 20 17 45 14863.30000 5.34100000 452.14000 61.19000 13.06000 63.20900
28 11 20 17 46 14858.40000 5.34100000 452.00000 61.12000 13.06000 63.20900
28 11 20 17 46 14858.50000 5.34100000 451.82000 61.09000 13.06000 63.20900
28 11 20 17 47 14853.50000 5.34100000 451.77000 61.09000 13.06000 63.20900
28 11 20 17 47 14847.90000 5.34100000 451.35000 61.11000 13.06000 63.20900
28 11 20 17 48 14843.20000 5.34100000 451.20000 61.06000 13.06000 63.20900
28 11 20 17 48 14841.40000 5.32900000 451.23000 61.02000 13.06000 63.20900
28 11 20 17 48 14845.20000 5.32900000 451.60000 61.07000 13.06000 63.20900
28 11 20 17 49 14847.50000 5.32900000 451.58000 61.09000 13.06000 63.20900
28 11 20 17 49 14850.90000 5.35400000 452.01000 61.15000 13.06000 63.20900
