M=[
27 6 21 15 39 27746.70000 33.63000000 1542.32000 107.09000 14.85500 85.50300
27 6 21 15 39 27755.10000 33.63000000 1542.98000 107.09000 14.85500 85.50300
27 6 21 15 39 27767.60000 33.63000000 1542.98000 107.09000 14.85500 85.50300
27 6 21 15 40 27800.00000 33.63000000 1542.98000 106.62000 14.85500 85.50300
27 6 21 15 40 27771.40000 33.63000000 1542.98000 106.62000 14.85500 85.50300
27 6 21 15 41 27760.30000 33.63000000 1543.10000 106.62000 14.85500 85.50300
27 6 21 15 41 27746.90000 33.63000000 1543.10000 106.62000 14.85500 85.50300
27 6 21 15 42 27734.60000 33.63000000 1543.10000 106.48000 14.85500 85.50300
27 6 21 15 42 27733.20000 33.63000000 1542.12000 106.48000 14.85200 85.50300
27 6 21 15 42 27729.00000 33.63000000 1542.12000 106.48000 14.85200 85.50300
27 6 21 15 43 27729.00000 33.63000000 1542.12000 106.48000 14.85200 85.50300
27 6 21 15 43 27732.60000 33.63000000 1541.33000 106.48000 14.85200 85.50300
27 6 21 15 44 27750.00000 33.63000000 1541.33000 106.55000 14.85200 85.50300
27 6 21 15 44 27746.50000 33.63000000 1541.58000 106.55000 14.85200 85.50300
27 6 21 15 45 27749.90000 33.63000000 1541.94000 106.55000 14.85200 85.50300
27 6 21 15 45 27749.90000 33.63000000 1541.07000 106.55000 14.85200 85.50300
27 6 21 15 45 27719.20000 33.63000000 1541.07000 106.55000 14.85200 85.50300
27 6 21 15 46 27715.90000 33.63000000 1540.01000 106.32000 14.85200 85.50300
27 6 21 15 46 27715.30000 33.63000000 1540.00000 106.32000 14.85200 85.50300
27 6 21 15 47 27701.80000 33.63000000 1539.38000 106.32000 14.85200 85.50300
27 6 21 15 47 27695.10000 33.63000000 1538.60000 106.33000 14.85200 85.50300
27 6 21 15 48 27696.50000 33.63000000 1538.38000 106.30000 14.85200 85.50300
27 6 21 15 48 27689.20000 33.63000000 1538.73000 106.26000 14.85200 85.50300
27 6 21 15 48 27682.20000 33.63000000 1538.43000 106.26000 14.85200 85.50300
27 6 21 15 49 27778.10000 33.50300000 1541.09000 106.26000 14.85200 85.50300
27 6 21 15 49 27795.30000 33.50300000 1544.58000 106.26000 14.85200 85.50300
27 6 21 15 50 27800.00000 33.50300000 1544.58000 106.83000 14.85200 85.50300
27 6 21 15 50 27789.40000 33.50300000 1543.12000 106.71000 14.85200 85.50300
27 6 21 15 51 27782.50000 33.50300000 1542.35000 106.71000 14.85200 85.50300
27 6 21 15 51 27799.90000 33.50300000 1543.41000 106.71000 14.85200 85.50300
27 6 21 15 51 27800.00000 33.50300000 1543.41000 106.71000 14.85200 85.50300
27 6 21 15 52 27800.00000 33.50300000 1544.08000 106.71000 14.85200 85.50300
27 6 21 15 52 27798.10000 33.50300000 1544.08000 106.77000 14.85200 85.50300
27 6 21 15 53 27795.30000 33.50300000 1544.08000 106.77000 14.85200 85.50300
27 6 21 15 53 27795.40000 33.50300000 1544.08000 106.88000 14.85200 85.50300
27 6 21 15 54 27799.00000 33.50300000 1544.08000 106.88000 14.85200 85.50300
27 6 21 15 54 27814.50000 33.50300000 1544.00000 106.88000 14.85200 85.50300
27 6 21 15 54 27834.20000 33.50300000 1545.50000 106.95000 14.85200 85.50300
27 6 21 15 55 27841.80000 33.50300000 1546.13000 106.95000 14.85200 85.50300
27 6 21 15 55 27843.30000 33.50300000 1546.24000 106.95000 14.85200 85.50300
27 6 21 15 56 27852.10000 33.50300000 1545.76000 106.95000 14.85200 85.50300
27 6 21 15 56 27852.00000 33.50300000 1546.72000 107.03000 14.85200 85.50300
27 6 21 15 57 27852.00000 33.50300000 1546.11000 107.03000 14.85200 85.96500
27 6 21 15 57 27846.80000 33.50300000 1546.01000 107.03000 14.85200 85.96500
27 6 21 15 57 27824.40000 33.50300000 1544.49000 107.03000 14.85200 85.74900
27 6 21 15 58 27847.60000 33.50300000 1544.49000 106.93000 14.85200 85.74900
27 6 21 15 58 27856.80000 33.50300000 1545.00000 106.93000 14.85200 85.74900
27 6 21 15 59 27859.60000 33.50300000 1545.00000 106.93000 14.85200 85.74900
27 6 21 15 59 27858.60000 33.50300000 1547.63000 107.03000 14.85200 86.01700
27 6 21 15 59 27858.60000 33.50300000 1547.95000 107.03000 14.85200 86.12100
27 6 21 16 00 27862.40000 33.50300000 1549.78000 107.34000 14.85200 86.01100
27 6 21 16 00 27832.40000 33.50300000 1546.68000 107.34000 14.85200 86.11000
27 6 21 16 01 27762.50000 33.50300000 1542.96000 107.34000 14.85200 86.11000
27 6 21 16 01 27751.60000 33.50300000 1546.23000 107.34000 14.85200 86.05600
27 6 21 16 02 27787.90000 33.58000000 1546.23000 106.94000 14.85200 86.05600
27 6 21 16 02 27760.60000 33.58000000 1546.23000 106.94000 14.85200 86.05600
27 6 21 16 02 27836.40000 33.65600000 1546.02000 106.94000 14.85200 86.05600
27 6 21 16 03 27941.50000 33.65600000 1550.00000 106.94000 14.85200 86.05600
27 6 21 16 03 27975.10000 33.65600000 1552.35000 106.94000 14.85200 86.05600
27 6 21 16 04 27936.90000 33.65600000 1549.38000 106.94000 14.85200 86.81600
27 6 21 16 04 27993.60000 33.78500000 1551.23000 106.94000 14.85200 86.81600
27 6 21 16 05 27968.30000 33.78500000 1551.09000 106.94000 14.85200 86.81600
27 6 21 16 05 27955.30000 33.78500000 1550.45000 106.94000 14.85200 86.81600
27 6 21 16 05 27934.50000 33.78500000 1549.69000 107.23000 14.85200 86.81600
27 6 21 16 06 27908.10000 33.78500000 1549.69000 107.23000 14.85200 86.81600
27 6 21 16 06 27956.60000 33.78500000 1549.69000 107.23000 14.85200 86.81600
27 6 21 16 07 27916.40000 33.78500000 1550.00000 107.23000 14.85200 86.81600
27 6 21 16 07 27901.90000 33.78500000 1548.36000 107.23000 14.85200 86.81600
27 6 21 16 08 27917.60000 33.78500000 1548.36000 107.23000 14.85200 86.81600
27 6 21 16 08 27930.40000 33.78500000 1549.76000 107.01000 14.85200 86.81600
27 6 21 16 08 27910.00000 33.78500000 1547.93000 107.01000 14.85200 86.81600
27 6 21 16 09 27907.90000 33.78500000 1547.01000 107.01000 14.85200 86.81600
27 6 21 16 09 27824.30000 33.78500000 1544.29000 107.01000 14.85200 86.81600
27 6 21 16 10 27810.50000 33.78500000 1543.72000 106.71000 14.85200 86.81600
27 6 21 16 10 27802.90000 33.78500000 1544.13000 106.69000 14.85200 86.81600
27 6 21 16 11 27787.70000 33.78500000 1541.56000 106.68000 14.85200 86.81600
27 6 21 16 11 27788.20000 33.78500000 1542.54000 106.68000 14.85200 86.81600
27 6 21 16 11 27764.40000 33.78500000 1541.28000 106.51000 14.85200 86.05700
27 6 21 16 12 27791.80000 33.78500000 1543.07000 106.59000 14.85200 86.05700
27 6 21 16 12 27774.90000 33.78500000 1542.88000 106.61000 14.85200 86.05700
27 6 21 16 13 27774.60000 33.78500000 1542.81000 106.56000 14.85200 86.05700
27 6 21 16 13 27769.70000 33.78500000 1542.81000 106.56000 14.85200 86.05700
27 6 21 16 14 27785.00000 33.78500000 1543.35000 106.56000 14.85200 86.05700
27 6 21 16 14 27789.70000 33.78500000 1543.35000 106.68000 14.85200 86.05700
27 6 21 16 14 27808.40000 33.78500000 1544.11000 106.68000 14.85200 86.05700
27 6 21 16 15 27808.00000 33.78500000 1544.11000 106.68000 14.85200 86.05700
27 6 21 16 15 27789.80000 33.78500000 1544.27000 106.81000 14.85200 86.05700
27 6 21 16 16 27789.70000 33.78500000 1543.88000 106.84000 14.85200 86.05700
27 6 21 16 16 27772.40000 33.78500000 1544.11000 106.84000 14.85200 86.05700
27 6 21 16 17 27752.60000 33.78500000 1543.34000 106.84000 14.85200 86.05700
27 6 21 16 17 27711.00000 33.78500000 1541.17000 106.84000 14.85200 86.05700
27 6 21 16 17 27728.20000 33.78500000 1541.17000 106.84000 14.85200 86.05700
27 6 21 16 18 27742.70000 33.78500000 1542.03000 106.56000 14.85200 86.05700
27 6 21 16 18 27726.60000 33.78500000 1541.17000 106.56000 14.85200 86.05700
27 6 21 16 19 27742.80000 33.78500000 1542.14000 106.56000 14.85200 86.05700
27 6 21 16 19 27742.70000 33.78500000 1541.93000 106.56000 14.85200 86.05700
27 6 21 16 20 27742.80000 33.78500000 1541.85000 106.56000 14.85200 86.05700
27 6 21 16 20 27757.00000 33.78500000 1541.85000 106.49000 14.85200 86.05700
27 6 21 16 20 27781.80000 33.62000000 1541.85000 106.75000 14.85200 86.05700
27 6 21 16 21 27892.00000 33.65400000 1547.45000 106.75000 14.85200 86.05700
27 6 21 16 21 27843.90000 33.65400000 1546.71000 106.75000 14.85200 86.05700
27 6 21 16 22 27858.80000 33.65400000 1546.71000 106.75000 14.85200 86.05700
27 6 21 16 22 27846.20000 33.65400000 1545.57000 106.75000 14.85200 86.05700
