M=[
17 5 21 23 26 35640.90000 73.17900000 2683.73000 231.28000 28.43900 192.94200
17 5 21 23 27 35700.00000 73.66300000 2691.64000 232.71000 28.43900 192.94200
17 5 21 23 27 35729.00000 73.66300000 2694.09000 232.49000 28.43900 192.94200
17 5 21 23 28 35763.30000 73.66300000 2698.64000 232.59000 28.43900 192.94200
17 5 21 23 28 35746.00000 73.66300000 2698.54000 232.59000 28.43900 192.94200
17 5 21 23 29 35665.60000 73.66300000 2688.70000 231.41000 28.43900 192.94200
17 5 21 23 29 35646.20000 73.66300000 2689.19000 231.63000 28.43900 192.94200
17 5 21 23 29 35628.70000 73.66300000 2687.75000 231.63000 28.43900 192.94200
17 5 21 23 30 35592.30000 73.66300000 2684.83000 230.72000 28.43900 192.94200
17 5 21 23 30 35533.80000 73.66300000 2679.73000 230.49000 28.43900 192.94200
17 5 21 23 31 35565.00000 73.66300000 2684.29000 230.70000 28.43900 192.94200
17 5 21 23 31 35663.10000 73.66300000 2692.05000 232.25000 28.43900 192.94200
17 5 21 23 32 35771.90000 74.00000000 2704.00000 233.05000 28.43900 194.99700
17 5 21 23 32 35872.80000 74.10400000 2709.12000 233.24000 28.43900 195.00000
17 5 21 23 32 35987.10000 74.10400000 2714.06000 234.06000 28.43900 195.00000
17 5 21 23 33 35959.20000 74.10400000 2711.36000 234.06000 28.76300 195.00000
17 5 21 23 33 36030.20000 74.10400000 2718.26000 234.29000 28.76300 195.00000
17 5 21 23 34 36008.60000 74.10400000 2718.98000 233.51000 28.50000 194.99700
17 5 21 23 34 35987.40000 74.10400000 2716.42000 233.51000 28.50000 194.99700
17 5 21 23 35 35987.20000 74.10400000 2720.79000 233.17000 28.50000 194.99700
17 5 21 23 35 35961.40000 74.10400000 2717.73000 233.13000 28.50000 194.99700
17 5 21 23 35 35948.80000 74.10400000 2719.05000 233.13000 28.50000 194.99700
17 5 21 23 36 36030.30000 74.10400000 2728.68000 233.13000 28.50000 194.99700
17 5 21 23 36 36030.20000 74.10400000 2729.12000 233.13000 28.50000 194.99700
17 5 21 23 37 36030.30000 74.10400000 2728.88000 233.13000 28.50000 194.99700
17 5 21 23 37 35965.40000 74.26700000 2725.00000 232.87000 28.50000 194.99700
17 5 21 23 38 35980.70000 74.26700000 2720.72000 232.77000 28.76400 195.07900
17 5 21 23 38 36027.80000 74.26700000 2723.10000 232.77000 28.76400 195.07900
17 5 21 23 38 36007.00000 74.26700000 2722.03000 232.77000 28.76400 195.07900
17 5 21 23 39 35994.00000 74.26700000 2720.00000 232.77000 28.76300 195.07900
17 5 21 23 39 35975.90000 74.26700000 2717.84000 232.70000 28.76400 195.07900
17 5 21 23 40 35961.10000 74.26700000 2717.03000 232.66000 28.76400 195.07900
17 5 21 23 40 35932.20000 73.79400000 2711.25000 232.66000 28.76400 195.07900
17 5 21 23 41 35947.50000 73.79400000 2710.25000 232.10000 28.76400 195.07900
17 5 21 23 41 35902.70000 73.79400000 2709.09000 231.43000 28.76400 195.07900
17 5 21 23 41 35877.50000 73.79400000 2705.05000 231.43000 28.76400 195.07900
17 5 21 23 42 35882.60000 73.79400000 2710.60000 231.43000 28.76400 195.07900
17 5 21 23 42 35908.90000 73.72700000 2708.16000 232.25000 28.76400 195.07900
17 5 21 23 43 35924.50000 73.72700000 2708.00000 232.25000 28.76400 195.07900
17 5 21 23 43 35929.10000 73.72700000 2711.41000 232.19000 28.76400 195.07900
17 5 21 23 44 35989.60000 73.72700000 2718.44000 232.19000 28.76400 195.07900
17 5 21 23 44 36021.50000 74.11600000 2723.70000 233.41000 28.76400 195.07900
17 5 21 23 44 35983.70000 74.11600000 2717.31000 233.41000 28.76400 195.07900
17 5 21 23 45 35993.90000 74.12300000 2715.52000 233.41000 28.76400 195.07900
17 5 21 23 45 36027.90000 74.12300000 2725.46000 233.77000 28.76400 195.07900
17 5 21 23 46 35978.30000 74.12300000 2723.29000 232.98000 28.76400 195.07900
17 5 21 23 46 35906.60000 74.12300000 2712.82000 232.73000 28.76400 195.07900
17 5 21 23 47 35884.50000 74.12300000 2711.78000 232.22000 28.76400 195.07900
17 5 21 23 47 35923.40000 74.07900000 2714.01000 232.22000 28.76400 195.07900
17 5 21 23 47 35954.50000 73.98300000 2717.58000 232.22000 28.76400 195.07900
17 5 21 23 48 35917.40000 74.05500000 2713.40000 232.22000 28.76400 195.07900
17 5 21 23 48 35951.30000 74.05500000 2713.09000 232.22000 28.76400 195.07900
17 5 21 23 49 35933.50000 74.05500000 2713.80000 232.22000 28.76400 195.07900
17 5 21 23 49 35928.60000 74.05500000 2711.72000 232.22000 28.76400 195.07900
17 5 21 23 50 35965.90000 74.05500000 2712.15000 232.22000 28.76400 195.07900
17 5 21 23 50 35872.20000 74.05500000 2704.68000 233.15000 28.76400 195.07900
17 5 21 23 50 35875.40000 74.05500000 2707.67000 233.15000 28.76400 195.07900
17 5 21 23 51 35873.10000 74.05500000 2701.46000 233.15000 28.76400 195.07900
17 5 21 23 51 35814.60000 74.05500000 2699.05000 233.15000 28.76400 195.07900
17 5 21 23 52 35809.90000 73.49200000 2697.76000 231.89000 28.76400 195.07900
17 5 21 23 52 35683.30000 73.49200000 2688.35000 231.60000 28.76400 194.04100
17 5 21 23 53 35713.90000 73.49200000 2689.99000 231.60000 28.76400 193.42900
17 5 21 23 53 35744.60000 73.49200000 2690.03000 231.60000 28.76400 193.42900
17 5 21 23 53 35748.30000 73.49200000 2688.86000 231.48000 28.76400 193.42900
17 5 21 23 54 35822.50000 73.55900000 2700.00000 232.42000 28.76400 193.42900
17 5 21 23 54 35858.10000 73.55900000 2701.49000 233.11000 28.76400 193.42900
17 5 21 23 55 35886.70000 73.55900000 2699.71000 232.88000 28.76400 193.42900
17 5 21 23 55 35856.30000 73.55900000 2703.60000 232.88000 28.76400 193.42900
17 5 21 23 56 35792.20000 73.55900000 2700.93000 232.24000 28.76400 193.42900
17 5 21 23 56 35780.60000 73.55900000 2691.74000 231.84000 28.76400 193.42900
17 5 21 23 56 35707.20000 73.55900000 2687.02000 231.23000 28.70700 193.42900
17 5 21 23 57 35704.20000 73.53900000 2688.07000 231.31000 28.70700 193.42900
17 5 21 23 57 35699.50000 73.53900000 2691.00000 231.31000 28.70700 193.42900
17 5 21 23 58 35717.10000 73.53900000 2686.36000 231.02000 28.70700 193.42900
17 5 21 23 58 35821.80000 73.53900000 2699.15000 231.06000 28.70700 193.42900
17 5 21 23 59 35869.40000 73.53900000 2703.45000 231.06000 28.70700 193.42900
17 5 21 23 59 35823.10000 73.53900000 2698.61000 231.06000 28.70700 193.42900
17 5 21 23 59 35813.90000 73.53900000 2698.96000 231.36000 28.70700 193.42900
18 5 21 00 00 35896.40000 73.99000000 2703.15000 231.71000 28.93700 193.42900
18 5 21 00 00 35965.80000 74.36000000 2711.87000 232.59000 28.59900 193.42900
18 5 21 00 01 36000.90000 74.53200000 2718.76000 232.41000 29.12300 194.64100
18 5 21 00 01 35997.00000 74.53200000 2714.20000 232.41000 29.12300 194.64100
18 5 21 00 02 35930.00000 74.49700000 2694.48000 231.70000 29.12300 194.64100
18 5 21 00 02 35619.00000 73.72000000 2674.92000 230.00000 29.12300 194.64100
18 5 21 00 02 35600.80000 73.46500000 2669.38000 230.33000 29.12300 194.64100
18 5 21 00 03 35559.20000 73.24600000 2672.17000 229.54000 29.12300 194.64100
18 5 21 00 03 35599.50000 73.41100000 2676.08000 229.84000 29.12300 192.29600
18 5 21 00 04 35675.90000 73.41100000 2680.82000 230.67000 29.12300 193.06400
18 5 21 00 04 35795.30000 73.41100000 2691.32000 232.32000 29.12300 193.58000
18 5 21 00 05 35809.50000 73.61100000 2697.86000 233.02000 29.12300 193.58000
18 5 21 00 05 36073.50000 73.97800000 2718.25000 234.44000 29.12300 195.64500
18 5 21 00 05 36157.70000 73.97800000 2728.02000 234.99000 29.12300 195.64500
18 5 21 00 06 36309.30000 74.74000000 2737.60000 235.62000 29.12300 196.68700
18 5 21 00 06 36293.70000 74.78000000 2732.89000 235.67000 29.12300 196.68700
18 5 21 00 07 36325.70000 74.78000000 2733.68000 235.77000 29.12300 196.68700
18 5 21 00 07 36264.00000 74.78000000 2730.31000 236.01000 29.12300 196.68700
18 5 21 00 08 36336.10000 75.27000000 2738.75000 236.65000 29.12300 196.68700
18 5 21 00 08 36353.10000 75.32900000 2733.13000 236.36000 29.12300 197.19400
18 5 21 00 08 36377.60000 75.49600000 2733.13000 237.29000 28.93300 197.19400
18 5 21 00 09 36377.60000 75.40700000 2735.47000 236.97000 29.11800 197.19400
18 5 21 00 09 36388.00000 75.40700000 2738.06000 238.13000 29.11800 197.19400
18 5 21 00 10 36420.00000 75.66000000 2748.49000 238.21000 29.11800 197.19400
