M=[
26 7 21 02 54 32490.90000 43.87000000 1958.70000 115.82000 25.23400 89.07300
26 7 21 02 54 32493.00000 43.87000000 1958.70000 115.82000 25.23400 89.07300
26 7 21 02 55 32494.70000 43.87000000 1959.65000 115.82000 25.23400 89.07300
26 7 21 02 55 32469.00000 43.87000000 1957.99000 115.82000 25.23400 89.07300
26 7 21 02 56 32401.40000 43.87000000 1956.46000 115.70000 25.23400 89.07300
26 7 21 02 56 32410.20000 43.87000000 1956.97000 115.63000 25.26400 89.07300
26 7 21 02 56 32410.10000 43.87000000 1955.47000 115.63000 25.26400 89.07300
26 7 21 02 57 32410.50000 43.87000000 1957.40000 115.63000 25.26400 89.07300
26 7 21 02 57 32362.00000 43.87000000 1957.40000 115.63000 25.26400 89.07300
26 7 21 02 58 32337.20000 43.87000000 1955.46000 115.63000 25.26400 88.76200
26 7 21 02 58 32330.00000 43.87000000 1954.10000 115.63000 25.26400 88.76200
26 7 21 02 59 32263.50000 43.87000000 1951.75000 115.48000 25.07300 88.76200
26 7 21 02 59 32298.10000 43.87000000 1952.68000 115.39000 25.11600 88.76200
26 7 21 02 59 32268.20000 43.87000000 1952.57000 115.39000 25.02900 88.76200
26 7 21 03 00 32333.60000 43.87000000 1952.95000 115.39000 25.17100 88.76200
26 7 21 03 00 32351.00000 43.87000000 1952.95000 115.39000 25.10500 88.76200
26 7 21 03 01 32362.00000 43.87000000 1955.18000 115.39000 25.10400 88.76200
26 7 21 03 01 32329.40000 43.87000000 1954.97000 115.39000 25.10400 88.76200
26 7 21 03 02 32335.00000 43.87000000 1953.80000 115.39000 25.10400 88.76200
26 7 21 03 02 32373.80000 43.87000000 1955.85000 115.82000 25.10400 88.76200
26 7 21 03 02 32332.40000 43.87000000 1954.30000 115.57000 25.10400 88.76200
26 7 21 03 03 32343.40000 43.87000000 1954.83000 115.57000 25.10400 88.76200
26 7 21 03 03 32289.00000 43.87000000 1951.73000 115.74000 25.10400 88.76200
26 7 21 03 04 32279.60000 43.87000000 1951.73000 115.74000 25.10400 88.76200
26 7 21 03 04 32271.20000 43.87000000 1949.46000 115.74000 25.10400 88.76200
26 7 21 03 05 32256.40000 43.87000000 1946.87000 115.67000 25.10400 88.76200
26 7 21 03 05 32275.00000 43.87000000 1949.54000 115.67000 25.10400 88.76200
26 7 21 03 06 32249.20000 43.87000000 1947.68000 115.56000 25.10200 88.76200
26 7 21 03 06 32227.80000 43.87000000 1946.89000 115.49000 25.10200 88.78800
26 7 21 03 06 32248.70000 43.50900000 1949.70000 115.49000 25.10200 88.78800
26 7 21 03 07 32272.30000 43.50900000 1950.00000 115.49000 25.10200 88.78800
26 7 21 03 07 32297.00000 43.50900000 1954.34000 115.64000 25.10200 88.78800
26 7 21 03 08 32296.90000 43.50900000 1954.78000 115.64000 25.10200 88.78800
26 7 21 03 08 32311.70000 43.50900000 1954.78000 115.64000 25.10200 88.78800
26 7 21 03 09 32316.40000 43.50900000 1954.78000 115.64000 25.10200 88.78800
26 7 21 03 09 32341.40000 43.50900000 1955.22000 115.59000 25.10200 88.78800
26 7 21 03 09 32327.00000 43.50900000 1957.05000 115.59000 25.10200 88.78800
26 7 21 03 10 32342.50000 43.50900000 1956.91000 115.69000 25.10200 88.78800
26 7 21 03 10 32307.90000 43.73000000 1958.50000 115.82000 25.10200 88.78800
26 7 21 03 11 32307.80000 43.73000000 1958.61000 115.76000 25.10200 88.78800
26 7 21 03 11 32299.20000 43.67700000 1956.55000 115.76000 25.10200 88.94300
26 7 21 03 12 32271.10000 43.67700000 1955.61000 115.81000 25.10200 88.94300
26 7 21 03 12 32244.30000 43.67700000 1954.19000 115.81000 25.10200 88.94300
26 7 21 03 12 32292.40000 43.67700000 1956.48000 115.81000 25.10200 88.94300
26 7 21 03 13 32297.50000 43.67700000 1957.76000 115.81000 25.10200 88.94300
26 7 21 03 13 32305.60000 43.67700000 1958.07000 115.81000 25.00300 88.94300
26 7 21 03 14 32325.30000 43.67700000 1958.51000 115.81000 25.00300 88.94300
26 7 21 03 14 32307.80000 43.67700000 1957.43000 115.81000 24.98600 88.94300
26 7 21 03 15 32308.10000 43.67700000 1957.43000 115.81000 24.98600 88.94300
26 7 21 03 15 32309.10000 43.67700000 1958.14000 115.81000 24.98600 88.94300
26 7 21 03 15 32300.00000 43.67700000 1955.02000 115.81000 25.10200 88.94300
26 7 21 03 16 32270.90000 43.67700000 1953.65000 115.81000 25.10200 88.94300
26 7 21 03 16 32289.90000 43.67700000 1952.37000 115.81000 25.10200 88.94300
26 7 21 03 17 32296.20000 43.67700000 1952.37000 115.81000 25.10200 88.94300
26 7 21 03 17 32299.80000 43.67700000 1954.79000 115.81000 25.10200 88.94300
26 7 21 03 18 32326.60000 43.67700000 1955.15000 115.75000 25.07100 88.94300
26 7 21 03 18 32309.40000 43.67700000 1956.37000 115.74000 25.04600 88.94300
26 7 21 03 18 32336.30000 43.67700000 1957.10000 115.74000 25.03400 88.94300
26 7 21 03 19 32375.90000 43.67700000 1958.37000 115.74000 25.02600 88.94300
26 7 21 03 19 32360.30000 43.67700000 1957.24000 115.74000 25.02600 88.94300
26 7 21 03 20 32359.80000 43.67700000 1957.69000 115.74000 25.02600 88.94300
26 7 21 03 20 32365.50000 43.67700000 1958.34000 115.74000 25.02600 88.94300
26 7 21 03 21 32378.00000 43.67700000 1959.04000 115.74000 25.02600 88.94300
26 7 21 03 21 32378.00000 43.67700000 1959.08000 115.74000 25.02600 88.94300
26 7 21 03 22 32380.80000 43.67700000 1959.64000 115.74000 25.02600 88.94300
26 7 21 03 22 32304.70000 43.67700000 1956.38000 115.74000 25.00600 88.94300
26 7 21 03 22 32330.90000 43.67700000 1956.38000 115.74000 25.00600 88.94300
26 7 21 03 23 32328.90000 43.67700000 1956.78000 115.74000 25.00600 88.94300
26 7 21 03 23 32329.80000 43.67700000 1956.78000 115.74000 25.00600 88.94300
26 7 21 03 24 32333.60000 43.67700000 1955.26000 115.74000 25.03000 88.94300
26 7 21 03 24 32372.20000 43.73000000 1955.26000 115.74000 25.03000 88.94300
26 7 21 03 25 32366.20000 43.73000000 1957.98000 115.74000 25.03000 88.94300
26 7 21 03 25 32363.30000 43.73000000 1957.96000 115.74000 25.00500 88.94300
26 7 21 03 25 32370.50000 43.73000000 1957.96000 115.74000 25.03400 88.94300
26 7 21 03 26 32401.20000 43.73000000 1957.98000 115.74000 25.03000 88.94300
26 7 21 03 26 32381.90000 43.73000000 1957.97000 115.74000 25.03000 88.94300
26 7 21 03 27 32388.90000 43.73000000 1957.98000 115.74000 25.03200 88.94300
26 7 21 03 27 32375.90000 43.73000000 1958.99000 115.74000 25.03200 88.94300
26 7 21 03 28 32334.10000 43.73000000 1958.99000 115.74000 25.03200 88.94300
26 7 21 03 28 32341.80000 43.73000000 1958.89000 115.74000 25.03200 88.94300
26 7 21 03 28 32364.80000 43.73000000 1959.00000 115.74000 25.03200 88.94300
26 7 21 03 29 32365.00000 43.73000000 1959.00000 115.74000 25.04300 88.94300
26 7 21 03 29 32339.20000 43.73000000 1959.00000 115.74000 25.04300 88.94300
26 7 21 03 30 32346.90000 43.73000000 1959.97000 115.74000 25.04600 88.94300
26 7 21 03 30 32331.40000 43.73000000 1959.97000 115.73000 25.04600 88.94300
26 7 21 03 31 32304.90000 43.73000000 1959.97000 115.73000 25.04600 88.94300
26 7 21 03 31 32313.80000 43.73000000 1959.77000 115.73000 25.04600 88.94300
26 7 21 03 31 32337.00000 43.73000000 1959.77000 115.73000 25.04600 88.94300
26 7 21 03 32 32359.40000 43.91000000 1959.77000 115.73000 25.03100 88.94300
26 7 21 03 32 32373.30000 43.91000000 1960.00000 115.73000 25.04800 88.94300
26 7 21 03 33 32340.30000 43.91000000 1962.32000 115.89000 25.04800 88.94300
26 7 21 03 33 32330.10000 43.91000000 1960.25000 115.89000 25.04800 88.94300
26 7 21 03 34 32322.10000 43.91000000 1959.99000 115.82000 24.99300 89.08200
26 7 21 03 34 32318.60000 43.91000000 1959.99000 115.83000 24.99300 89.08200
26 7 21 03 34 32304.90000 43.91000000 1959.41000 115.83000 24.99300 89.08200
26 7 21 03 35 32325.50000 43.91000000 1959.41000 115.83000 24.99100 89.08200
26 7 21 03 35 32328.50000 43.91000000 1959.41000 115.83000 24.99100 89.08200
26 7 21 03 36 32328.50000 43.91000000 1959.15000 115.87000 24.99100 89.08200
26 7 21 03 36 32328.50000 43.92500000 1959.31000 115.87000 24.99100 89.08200
26 7 21 03 37 32346.60000 43.92500000 1959.31000 115.87000 24.99100 89.08200
26 7 21 03 37 32355.10000 43.92500000 1959.41000 115.87000 24.98800 89.08200
26 7 21 03 38 32358.90000 43.92500000 1959.76000 115.87000 24.99900 89.08200
26 7 21 03 38 32370.70000 43.92500000 1959.66000 115.87000 24.99900 89.08200
