M=[
 4 2 21 05 25 31553.50000 6.54700000 1391.70000 126.22000 17.18700 77.61200
 4 2 21 05 26 31547.90000 6.54700000 1391.06000 126.22000 17.18700 77.61200
 4 2 21 05 26 31543.20000 6.54700000 1390.57000 126.25000 17.19800 77.61200
 4 2 21 05 27 31531.80000 6.54700000 1391.54000 126.25000 17.19900 77.61200
 4 2 21 05 27 31549.90000 6.54700000 1390.82000 126.25000 17.19500 77.61200
 4 2 21 05 27 31522.50000 6.54700000 1390.17000 126.25000 17.19500 77.61200
 4 2 21 05 28 31523.50000 6.54700000 1390.31000 126.41000 17.19500 77.32400
 4 2 21 05 28 31523.00000 6.54700000 1391.37000 126.36000 17.19500 77.32400
 4 2 21 05 29 31513.40000 6.54700000 1390.37000 126.31000 17.19500 77.32400
 4 2 21 05 29 31512.90000 6.54700000 1390.37000 126.27000 17.19500 77.32400
 4 2 21 05 30 31523.70000 6.54700000 1390.93000 126.26000 17.19500 77.32400
 4 2 21 05 30 31522.70000 6.54700000 1391.32000 126.26000 17.19500 77.32400
 4 2 21 05 30 31520.70000 6.54700000 1389.75000 126.22000 17.19500 77.32400
 4 2 21 05 31 31520.70000 6.54700000 1390.39000 126.39000 17.19500 77.32400
 4 2 21 05 31 31510.00000 6.54700000 1389.80000 126.39000 17.19500 77.32400
 4 2 21 05 32 31518.30000 6.54700000 1391.00000 126.22000 17.19500 77.66600
 4 2 21 05 32 31512.10000 6.54700000 1389.81000 126.20000 17.17100 77.66600
 4 2 21 05 33 31495.10000 6.58800000 1389.80000 126.20000 17.17100 77.66600
 4 2 21 05 33 31495.80000 6.58800000 1389.50000 126.15000 17.17100 77.66600
 4 2 21 05 33 31484.50000 6.58800000 1388.28000 126.09000 17.17100 77.66600
 4 2 21 05 34 31470.60000 6.58800000 1388.55000 126.06000 17.17100 77.64900
 4 2 21 05 34 31461.60000 6.58800000 1388.04000 126.06000 17.17100 77.64900
 4 2 21 05 35 31452.90000 6.58800000 1388.04000 126.06000 17.17100 77.64900
 4 2 21 05 35 31455.90000 6.58800000 1389.16000 126.06000 17.17100 77.64900
 4 2 21 05 36 31451.30000 6.58800000 1388.70000 126.06000 17.17100 77.64900
 4 2 21 05 36 31452.30000 6.58800000 1388.67000 126.21000 17.17100 77.64900
 4 2 21 05 36 31440.70000 6.58800000 1385.64000 126.11000 17.17100 77.64900
 4 2 21 05 37 31434.30000 6.58800000 1385.94000 126.17000 17.17100 77.64900
 4 2 21 05 37 31425.90000 6.58800000 1385.00000 126.03000 17.17100 77.64900
 4 2 21 05 38 31424.70000 6.58800000 1385.02000 125.99000 17.17100 77.64900
 4 2 21 05 38 31421.30000 6.58800000 1385.00000 125.99000 17.17100 77.64900
 4 2 21 05 39 31413.40000 6.58800000 1385.01000 125.99000 17.17100 77.64900
 4 2 21 05 39 31380.60000 6.58800000 1382.98000 126.02000 17.17100 77.64900
 4 2 21 05 39 31375.90000 6.58800000 1383.51000 126.00000 17.17100 77.64900
 4 2 21 05 40 31353.10000 6.58800000 1382.97000 126.01000 17.17100 77.71400
 4 2 21 05 40 31342.00000 6.58800000 1381.89000 125.90000 17.17100 77.71400
 4 2 21 05 41 31335.40000 6.58800000 1382.32000 125.87000 17.17100 77.71400
 4 2 21 05 41 31327.00000 6.58800000 1382.55000 125.87000 17.17100 77.71400
 4 2 21 05 42 31339.80000 6.58800000 1383.35000 126.04000 17.17100 77.71400
 4 2 21 05 42 31347.10000 6.58800000 1383.48000 126.10000 17.17100 77.71400
 4 2 21 05 43 31341.80000 6.58800000 1383.79000 126.10000 17.17100 77.71400
 4 2 21 05 43 31353.10000 6.58800000 1383.85000 126.08000 17.17100 77.71400
 4 2 21 05 43 31354.00000 6.58800000 1384.67000 125.88000 17.17100 77.71400
 4 2 21 05 44 31372.40000 6.58800000 1385.30000 125.88000 17.17100 77.71400
 4 2 21 05 44 31392.50000 6.58800000 1385.63000 126.12000 17.17100 77.71400
 4 2 21 05 45 31390.50000 6.58800000 1385.97000 126.17000 17.17100 77.71400
 4 2 21 05 45 31392.40000 6.58800000 1386.50000 126.17000 17.17100 77.71400
 4 2 21 05 46 31402.30000 6.58800000 1386.09000 126.17000 17.17100 77.71400
 4 2 21 05 46 31377.30000 6.58800000 1384.46000 126.26000 17.17100 77.58800
 4 2 21 05 46 31368.40000 6.58800000 1384.46000 126.26000 17.17100 77.58800
 4 2 21 05 47 31365.40000 6.58800000 1384.56000 126.17000 17.17100 77.58800
 4 2 21 05 47 31353.60000 6.58800000 1384.25000 126.17000 17.17100 77.58800
 4 2 21 05 48 31354.60000 6.58800000 1383.87000 126.17000 17.17100 77.58600
 4 2 21 05 48 31332.50000 6.58800000 1383.88000 126.18000 17.17100 77.58600
 4 2 21 05 49 31254.70000 6.58800000 1382.66000 126.18000 17.17100 77.58600
 4 2 21 05 49 31276.40000 6.55600000 1381.90000 126.18000 17.17100 77.58600
 4 2 21 05 49 31263.70000 6.55200000 1380.00000 126.22000 17.17100 77.58600
 4 2 21 05 50 31284.80000 6.55200000 1381.67000 126.22000 17.17100 77.53700
 4 2 21 05 50 31283.10000 6.55200000 1381.53000 126.22000 17.17100 77.53700
 4 2 21 05 51 31328.20000 6.55200000 1382.07000 126.93000 17.17100 77.53700
 4 2 21 05 51 31316.70000 6.55200000 1382.84000 126.92000 17.17100 77.53700
 4 2 21 05 52 31324.90000 6.55200000 1382.46000 126.89000 17.17100 77.53700
 4 2 21 05 52 31328.10000 6.55200000 1382.20000 126.99000 17.17100 77.48600
 4 2 21 05 52 31328.80000 6.55200000 1382.40000 127.03000 17.17100 77.48600
 4 2 21 05 53 31347.70000 6.55200000 1384.40000 127.14000 17.16300 77.48600
 4 2 21 05 53 31328.10000 6.57700000 1382.85000 127.14000 17.16300 77.40300
 4 2 21 05 54 31329.20000 6.57700000 1382.23000 127.14000 17.16300 77.40300
 4 2 21 05 54 31322.40000 6.57700000 1381.48000 126.95000 17.15000 77.30800
 4 2 21 05 55 31327.90000 6.57700000 1381.37000 126.95000 17.15000 77.30800
 4 2 21 05 55 31322.30000 6.57700000 1380.82000 126.75000 17.15000 77.38600
 4 2 21 05 55 31306.90000 6.57700000 1380.66000 126.75000 17.15000 77.38600
 4 2 21 05 56 31336.40000 6.58800000 1381.33000 126.75000 17.15000 77.38600
 4 2 21 05 56 31319.60000 6.58800000 1380.62000 126.69000 17.15000 77.38600
 4 2 21 05 57 31340.30000 6.58800000 1380.99000 126.69000 17.15000 77.38600
 4 2 21 05 57 31312.50000 6.58800000 1381.00000 126.55000 17.06900 77.38600
 4 2 21 05 58 31318.90000 6.58800000 1380.62000 126.43000 17.06900 77.38600
 4 2 21 05 58 31346.20000 6.58800000 1380.02000 126.34000 17.06900 77.38600
 4 2 21 05 58 31319.70000 6.58800000 1380.00000 126.27000 17.06900 77.38600
 4 2 21 05 59 31334.30000 6.58800000 1380.85000 126.35000 17.06900 77.38600
 4 2 21 05 59 31341.00000 6.58800000 1381.05000 126.23000 17.06900 77.38600
 4 2 21 06 00 31321.30000 6.54900000 1380.00000 126.23000 17.06900 77.38600
 4 2 21 06 00 31362.30000 6.54900000 1379.72000 126.10000 17.06900 77.38600
 4 2 21 06 01 31329.30000 6.54900000 1378.01000 125.76000 17.06900 77.38600
 4 2 21 06 01 31325.70000 6.54900000 1376.39000 125.62000 17.06900 77.38600
 4 2 21 06 01 31321.20000 6.54900000 1375.07000 125.39000 17.06900 77.38600
 4 2 21 06 02 31308.40000 6.54900000 1376.07000 125.44000 17.05400 77.38600
 4 2 21 06 02 31354.70000 6.54900000 1377.16000 125.51000 17.05400 77.38600
 4 2 21 06 03 31320.80000 6.54900000 1376.30000 125.45000 17.05400 77.38600
 4 2 21 06 03 31321.70000 6.54600000 1376.48000 125.51000 17.05400 77.38600
 4 2 21 06 04 31321.70000 6.54600000 1377.11000 125.44000 17.05400 77.38600
 4 2 21 06 04 31337.00000 6.54600000 1378.60000 125.44000 17.05400 77.38600
 4 2 21 06 04 31368.40000 6.54600000 1379.88000 125.44000 17.05400 77.38600
 4 2 21 06 05 31365.90000 6.54600000 1380.90000 125.76000 17.05400 77.38600
 4 2 21 06 05 31373.30000 6.54600000 1381.46000 125.76000 17.05400 77.38600
 4 2 21 06 06 31422.10000 6.54600000 1383.46000 125.79000 17.05400 77.17100
 4 2 21 06 06 31419.80000 6.54600000 1383.62000 125.87000 17.05400 77.17100
 4 2 21 06 07 31406.90000 6.54600000 1383.87000 125.84000 17.05400 77.17100
 4 2 21 06 07 31431.60000 6.54600000 1385.00000 125.84000 17.05400 77.17100
 4 2 21 06 07 31438.80000 6.56100000 1385.00000 126.06000 17.03900 77.17100
 4 2 21 06 08 31442.40000 6.56100000 1385.00000 126.03000 17.04000 77.47800
 4 2 21 06 08 31462.30000 6.56100000 1385.00000 126.03000 17.04000 77.47800
 4 2 21 06 09 31475.00000 6.56100000 1385.00000 125.77000 17.04000 77.47800
 4 2 21 06 09 31474.80000 6.56100000 1386.05000 125.72000 17.04000 77.47800
 4 2 21 06 10 31477.90000 6.56100000 1385.00000 125.48000 17.04000 77.47800
 4 2 21 06 10 31470.00000 6.56100000 1385.00000 125.28000 17.04000 77.47800
