M=[
26 2 21 20 45 38628.50000 8.93000000 1210.53000 142.89000 26.76800 97.79800
26 2 21 20 45 38671.20000 8.93000000 1210.02000 142.89000 26.76800 97.79800
26 2 21 20 46 38699.90000 8.93000000 1213.23000 142.89000 26.76800 98.12800
26 2 21 20 46 38710.50000 8.93000000 1213.53000 143.24000 26.76800 98.04000
26 2 21 20 47 38727.50000 8.93000000 1215.01000 143.27000 26.76800 98.17400
26 2 21 20 47 38721.10000 8.93000000 1213.00000 143.25000 26.76800 98.17400
26 2 21 20 48 38710.50000 8.93000000 1211.89000 143.12000 26.76800 98.17400
26 2 21 20 48 38698.20000 8.93000000 1210.95000 142.95000 26.76800 98.17400
26 2 21 20 48 38719.50000 8.93000000 1212.45000 143.20000 26.76800 98.17400
26 2 21 20 49 38731.30000 8.93000000 1212.83000 143.22000 26.76800 98.17400
26 2 21 20 49 38734.80000 8.93000000 1210.56000 143.22000 26.76800 98.17400
26 2 21 20 50 38734.90000 8.93000000 1210.19000 143.22000 26.76800 98.17400
26 2 21 20 50 38734.90000 8.93000000 1208.66000 143.22000 26.76800 98.17400
26 2 21 20 51 38734.80000 8.93000000 1208.00000 142.69000 26.76800 98.05100
26 2 21 20 51 38734.80000 8.93000000 1208.66000 142.75000 27.23500 98.05100
26 2 21 20 51 38734.80000 8.93000000 1207.74000 142.57000 27.23500 98.05100
26 2 21 20 52 38734.80000 8.93000000 1207.90000 142.69000 27.23500 98.05100
26 2 21 20 52 38735.00000 8.93000000 1208.81000 142.69000 27.23500 98.05100
26 2 21 20 53 38814.00000 8.93000000 1210.10000 142.96000 27.23500 98.05100
26 2 21 20 53 38783.00000 8.93000000 1208.90000 142.72000 27.23500 98.05100
26 2 21 20 54 38735.20000 8.93000000 1208.55000 142.66000 27.23500 97.67100
26 2 21 20 54 38710.20000 8.93000000 1208.24000 142.36000 27.23500 97.67100
26 2 21 20 54 38704.40000 8.93000000 1208.24000 142.36000 27.23500 97.67100
26 2 21 20 55 38700.10000 8.93000000 1209.25000 142.36000 27.23500 97.67100
26 2 21 20 55 38648.90000 8.93000000 1207.09000 142.36000 26.97000 97.67100
26 2 21 20 56 38690.90000 8.89500000 1207.02000 142.37000 26.97000 97.67100
26 2 21 20 56 38673.10000 8.89400000 1207.02000 142.36000 26.97000 97.67100
26 2 21 20 57 38630.80000 8.89400000 1207.01000 142.06000 26.97000 97.67100
26 2 21 20 57 38585.10000 8.85700000 1202.84000 142.00000 26.97000 97.67100
26 2 21 20 57 38551.70000 8.85700000 1202.07000 141.79000 26.97000 97.67100
26 2 21 20 58 38482.40000 8.85700000 1200.37000 141.64000 26.97000 97.59600
26 2 21 20 58 38462.60000 8.85700000 1199.41000 141.66000 26.97000 97.59600
26 2 21 20 59 38448.70000 8.85700000 1199.07000 141.66000 26.97000 97.59600
26 2 21 20 59 38395.20000 8.85700000 1199.00000 141.51000 26.97000 97.59600
26 2 21 21 00 38347.10000 8.85700000 1199.84000 141.15000 26.97000 97.28200
26 2 21 21 00 38416.20000 8.86100000 1199.22000 141.15000 26.97000 97.28200
26 2 21 21 00 38414.00000 8.86100000 1199.81000 141.76000 26.97000 97.28200
26 2 21 21 01 38450.20000 8.86100000 1201.03000 141.76000 27.00200 97.58600
26 2 21 21 01 38478.60000 8.86100000 1201.68000 141.76000 27.00200 97.58600
26 2 21 21 02 38525.70000 8.86100000 1203.96000 141.87000 27.00200 97.58600
26 2 21 21 02 38581.40000 8.86100000 1206.23000 141.87000 27.00200 97.58600
26 2 21 21 03 38613.90000 8.86100000 1206.23000 142.58000 27.00200 97.58600
26 2 21 21 03 38597.40000 8.86100000 1207.08000 142.84000 27.00200 97.58600
26 2 21 21 03 38527.00000 8.86100000 1206.24000 142.39000 27.00200 97.58600
26 2 21 21 04 38614.70000 8.86100000 1209.01000 142.60000 27.00200 97.58600
26 2 21 21 04 38674.70000 8.86100000 1209.83000 142.50000 27.00200 97.58600
26 2 21 21 05 38671.10000 8.86100000 1210.61000 142.74000 27.00200 97.58600
26 2 21 21 05 38673.80000 8.86100000 1211.46000 143.11000 27.00200 97.58600
26 2 21 21 06 38671.20000 8.86100000 1211.46000 142.82000 27.00200 97.58600
26 2 21 21 06 38619.90000 8.86100000 1209.90000 142.82000 27.00200 97.58600
26 2 21 21 06 38575.00000 8.86100000 1208.58000 142.56000 27.00200 97.75500
26 2 21 21 07 38450.20000 8.86100000 1205.13000 142.06000 27.00200 97.75500
26 2 21 21 07 38438.60000 8.86100000 1201.89000 141.51000 26.72700 97.24000
26 2 21 21 08 38414.10000 8.86100000 1201.27000 141.26000 26.72700 97.24000
26 2 21 21 08 38355.90000 8.83200000 1200.01000 141.02000 26.72700 97.24000
26 2 21 21 09 38337.40000 8.83200000 1198.09000 140.97000 26.72700 97.24000
26 2 21 21 09 38250.00000 8.83200000 1195.22000 140.81000 26.72700 97.00000
26 2 21 21 09 38253.90000 8.83200000 1194.68000 140.76000 26.72700 96.90300
26 2 21 21 10 38414.90000 8.83200000 1199.75000 141.38000 26.72700 96.90300
26 2 21 21 10 38424.80000 8.83200000 1201.69000 141.76000 26.72700 96.90300
26 2 21 21 11 38500.00000 8.83200000 1203.03000 141.97000 26.72700 96.90300
26 2 21 21 11 38373.60000 8.83200000 1196.67000 141.50000 26.72700 97.10800
26 2 21 21 12 38325.20000 8.83200000 1196.57000 141.50000 26.72700 97.10800
26 2 21 21 12 38354.00000 8.83200000 1198.31000 140.84000 26.72700 96.90300
26 2 21 21 12 38364.20000 8.83200000 1201.51000 140.84000 26.72700 96.90300
26 2 21 21 13 38452.30000 8.83200000 1201.52000 141.82000 26.72700 96.90300
26 2 21 21 13 38373.40000 8.83200000 1201.17000 141.82000 26.72700 96.90300
26 2 21 21 14 38406.90000 8.83200000 1201.52000 141.44000 26.72700 96.90300
26 2 21 21 14 38399.60000 8.89200000 1201.45000 141.44000 26.72700 96.90400
26 2 21 21 15 38460.10000 8.89200000 1202.93000 141.78000 26.72700 96.90400
26 2 21 21 15 38505.90000 8.91700000 1206.01000 142.43000 26.72700 96.98300
26 2 21 21 15 38534.10000 8.91700000 1207.46000 142.48000 26.72700 96.98300
26 2 21 21 16 38619.80000 8.91700000 1208.68000 142.50000 26.72700 96.98300
26 2 21 21 16 38681.90000 8.94700000 1209.71000 142.68000 26.72700 97.58400
26 2 21 21 17 38600.10000 8.94700000 1209.71000 142.74000 26.72700 97.58400
26 2 21 21 17 38562.70000 8.94700000 1208.43000 142.55000 26.72700 97.48400
26 2 21 21 18 38590.30000 8.94700000 1208.20000 142.55000 26.72700 97.48400
26 2 21 21 18 38566.90000 8.94700000 1208.98000 142.55000 26.72700 97.48400
26 2 21 21 18 38534.20000 8.94700000 1207.90000 142.55000 26.72700 97.48400
26 2 21 21 19 38475.90000 8.94700000 1207.55000 142.55000 26.72700 97.48400
26 2 21 21 19 38430.60000 8.94700000 1203.76000 142.00000 26.72700 97.48400
26 2 21 21 20 38448.30000 8.94700000 1205.93000 142.00000 26.72700 97.48400
26 2 21 21 20 38530.00000 8.91500000 1208.56000 142.46000 26.72700 97.48400
26 2 21 21 21 38622.30000 8.91500000 1210.04000 142.70000 26.72700 97.48400
26 2 21 21 21 38571.00000 8.91500000 1210.54000 142.54000 26.72700 97.48400
26 2 21 21 21 38537.30000 8.91500000 1207.55000 142.54000 26.72700 97.48400
26 2 21 21 22 38500.10000 8.91500000 1206.21000 141.82000 26.72700 97.48400
26 2 21 21 22 38533.90000 8.91500000 1206.21000 141.82000 26.72700 97.48400
26 2 21 21 23 38632.10000 8.91500000 1209.99000 142.66000 26.72700 97.48400
26 2 21 21 23 38684.70000 8.91500000 1210.00000 142.78000 26.72700 97.48400
26 2 21 21 24 38740.00000 8.91500000 1212.00000 143.01000 26.72700 97.48400
26 2 21 21 24 38719.10000 8.91500000 1211.10000 142.96000 26.72700 97.48400
26 2 21 21 24 38674.70000 8.91500000 1209.87000 142.96000 26.72700 97.48400
26 2 21 21 25 38633.00000 8.90500000 1208.36000 142.14000 26.72700 97.23400
26 2 21 21 25 38678.80000 8.90500000 1210.00000 142.14000 26.82000 97.23400
26 2 21 21 26 38679.70000 8.90500000 1211.46000 142.55000 26.82000 97.23400
26 2 21 21 26 38732.00000 8.90500000 1212.96000 142.55000 26.79600 97.23400
26 2 21 21 26 38764.90000 8.90500000 1213.00000 142.55000 26.79600 97.23400
26 2 21 21 27 38763.30000 8.90500000 1211.40000 142.66000 26.49100 97.23400
26 2 21 21 27 38776.00000 8.90500000 1211.87000 143.04000 26.49100 97.23400
26 2 21 21 28 38811.40000 8.90500000 1214.58000 143.13000 26.49100 97.23400
26 2 21 21 28 38811.40000 8.90500000 1214.86000 143.13000 26.49100 97.23400
26 2 21 21 29 38795.70000 8.90500000 1214.16000 142.95000 26.49100 97.23400
26 2 21 21 29 38772.30000 8.90500000 1213.78000 143.00000 26.49100 97.23400
26 2 21 21 29 38768.70000 8.90500000 1214.44000 142.97000 26.49100 97.23400
