M=[
24 2 21 04 33 41880.00000 10.00400000 1342.30000 150.14000 26.43900 106.87200
24 2 21 04 34 41862.30000 10.00400000 1341.02000 150.14000 26.43900 106.87200
24 2 21 04 34 41862.10000 10.00400000 1341.61000 150.29000 26.61600 106.87200
24 2 21 04 34 41860.00000 10.00400000 1341.15000 150.29000 26.61600 106.87200
24 2 21 04 35 41838.10000 10.00300000 1341.02000 150.29000 26.61600 106.87200
24 2 21 04 35 41858.60000 10.00300000 1341.00000 150.29000 26.61600 106.87200
24 2 21 04 36 41809.60000 10.00300000 1338.83000 150.03000 26.61600 106.87200
24 2 21 04 36 41757.40000 10.00300000 1337.12000 149.72000 27.05600 106.87200
24 2 21 04 37 41757.20000 10.00300000 1336.35000 149.81000 26.64300 106.87200
24 2 21 04 37 41757.20000 9.95000000 1336.35000 149.84000 26.52000 106.87200
24 2 21 04 37 41813.40000 9.95000000 1338.28000 149.82000 26.52000 106.87200
24 2 21 04 38 41826.20000 9.95100000 1338.64000 149.82000 26.52000 106.87200
24 2 21 04 38 41833.80000 9.95100000 1341.04000 149.70000 26.52000 106.87200
24 2 21 04 39 41813.40000 9.95100000 1337.98000 149.62000 26.52000 106.87200
24 2 21 04 39 41739.20000 9.95100000 1336.05000 149.00000 26.52000 106.16500
24 2 21 04 40 41742.10000 9.95100000 1335.49000 149.11000 26.52000 106.16500
24 2 21 04 40 41707.20000 9.95100000 1333.75000 149.10000 26.52000 106.16500
24 2 21 04 40 41675.70000 9.95000000 1334.00000 149.19000 26.52000 106.16500
24 2 21 04 41 41693.20000 9.95000000 1334.83000 149.00000 26.52000 105.97200
24 2 21 04 41 41691.50000 9.92700000 1334.53000 148.83000 26.52000 105.97200
24 2 21 04 42 41657.10000 9.92100000 1333.18000 148.78000 26.52000 105.97200
24 2 21 04 42 41657.10000 9.92100000 1332.86000 148.79000 26.52000 105.97200
24 2 21 04 43 41640.80000 9.92100000 1332.62000 148.87000 26.52000 105.97200
24 2 21 04 43 41639.80000 9.92100000 1332.26000 148.94000 26.52000 105.97200
24 2 21 04 43 41567.00000 9.75000000 1329.60000 148.63000 26.52000 105.11400
24 2 21 04 44 41557.30000 9.75000000 1329.60000 148.57000 26.52000 105.10000
24 2 21 04 44 41544.30000 9.75000000 1327.40000 148.44000 26.81100 105.10000
24 2 21 04 45 41522.80000 9.75000000 1327.40000 148.44000 26.83100 105.10000
24 2 21 04 45 41609.50000 9.75000000 1332.86000 148.75000 26.83100 105.10000
24 2 21 04 46 41625.70000 9.75000000 1333.30000 148.87000 26.83100 105.10000
24 2 21 04 46 41661.30000 9.75000000 1335.19000 149.21000 26.82700 105.10000
24 2 21 04 46 41679.90000 9.75000000 1335.61000 149.37000 26.82700 105.10000
24 2 21 04 47 41724.90000 9.75000000 1336.41000 149.72000 26.82500 106.26400
24 2 21 04 47 41743.70000 9.75000000 1337.00000 149.31000 26.82500 106.26400
24 2 21 04 48 41745.10000 9.75000000 1337.00000 149.48000 26.82500 106.26400
24 2 21 04 48 41728.80000 9.75000000 1337.36000 149.38000 26.82500 106.34900
24 2 21 04 49 41713.70000 9.75000000 1337.41000 149.77000 26.82500 106.33300
24 2 21 04 49 41700.00000 9.75000000 1338.80000 149.77000 26.82500 106.33300
24 2 21 04 49 41699.90000 9.75000000 1340.67000 149.77000 26.82500 106.33300
24 2 21 04 50 41750.00000 9.75000000 1341.65000 149.77000 26.82500 106.33300
24 2 21 04 50 41797.20000 9.94500000 1343.18000 150.11000 26.82500 106.33300
24 2 21 04 51 41850.00000 10.03600000 1344.63000 150.34000 26.82500 106.50200
24 2 21 04 51 41876.00000 10.03600000 1346.44000 150.48000 26.82500 106.50200
24 2 21 04 51 41925.80000 10.03600000 1348.31000 150.66000 26.82500 106.50200
24 2 21 04 52 41930.90000 10.03600000 1348.53000 150.67000 26.82500 106.95000
24 2 21 04 52 41946.20000 10.03600000 1350.60000 150.82000 26.82500 106.95000
24 2 21 04 53 41917.60000 10.06200000 1350.75000 150.83000 26.82500 106.95000
24 2 21 04 53 41940.90000 10.06200000 1352.12000 151.08000 26.82500 106.95000
24 2 21 04 54 41947.00000 10.06200000 1352.59000 150.76000 26.82500 106.95000
24 2 21 04 54 41905.90000 10.06200000 1351.24000 150.67000 26.82500 106.95000
24 2 21 04 55 41915.20000 10.06200000 1354.06000 150.74000 26.82500 106.95000
24 2 21 04 55 41887.50000 10.09800000 1354.37000 150.84000 26.82500 106.95000
24 2 21 04 55 41865.80000 10.06200000 1356.82000 150.67000 26.83600 106.95000
24 2 21 04 56 41860.70000 10.06200000 1355.40000 150.53000 26.83600 106.95000
24 2 21 04 56 41803.30000 10.04100000 1352.19000 150.00000 26.96500 106.95000
24 2 21 04 57 41803.10000 10.04100000 1354.41000 150.19000 26.96500 106.95000
24 2 21 04 57 41823.60000 10.04100000 1356.15000 150.43000 26.96500 106.59900
24 2 21 04 58 41838.50000 10.02900000 1356.16000 150.42000 27.07200 106.59900
24 2 21 04 58 41838.50000 10.02900000 1356.94000 150.42000 27.07200 106.59900
24 2 21 04 58 41838.50000 10.02900000 1357.73000 150.61000 27.07200 106.59900
24 2 21 04 59 41846.00000 10.02900000 1356.26000 150.61000 27.07200 106.59900
24 2 21 04 59 41783.30000 10.02900000 1353.62000 150.16000 27.10500 106.59900
24 2 21 05 00 41751.10000 10.02900000 1354.60000 150.18000 27.10500 106.59900
24 2 21 05 00 41804.30000 10.02900000 1357.50000 150.18000 27.10500 106.59900
24 2 21 05 00 41830.10000 10.00800000 1359.72000 150.66000 26.83900 106.59900
24 2 21 05 01 41845.90000 10.00800000 1359.08000 150.83000 28.46700 106.59900
24 2 21 05 01 41811.70000 10.00800000 1357.33000 150.33000 27.60100 106.59900
24 2 21 05 02 41845.90000 10.00800000 1357.92000 150.36000 27.28300 106.59900
24 2 21 05 02 41850.10000 10.00800000 1358.46000 150.81000 27.64900 106.59900
24 2 21 05 03 41925.80000 10.00800000 1358.46000 151.15000 27.64800 106.59900
24 2 21 05 03 41925.80000 10.00800000 1359.35000 151.23000 27.64800 106.59900
24 2 21 05 03 41954.50000 10.05200000 1358.39000 150.93000 27.64800 106.59900
24 2 21 05 04 41954.50000 10.05200000 1357.92000 150.96000 27.64800 106.59900
24 2 21 05 04 41939.10000 10.05200000 1356.62000 150.96000 27.64800 106.59900
24 2 21 05 05 41960.50000 10.05800000 1357.86000 150.96000 27.64800 106.59900
24 2 21 05 05 41960.00000 10.05800000 1358.87000 150.96000 27.64800 106.59900
24 2 21 05 06 41928.40000 10.05800000 1358.63000 151.24000 27.64800 107.04300
24 2 21 05 06 41942.60000 10.05800000 1357.75000 151.02000 27.64800 107.04300
24 2 21 05 06 41980.00000 10.05800000 1359.00000 151.02000 27.64800 107.04300
24 2 21 05 07 41984.20000 10.05800000 1359.89000 151.15000 27.32800 107.04300
24 2 21 05 07 42057.70000 10.05800000 1361.35000 151.11000 27.30800 107.04300
24 2 21 05 08 42025.20000 10.05800000 1358.42000 151.10000 27.30800 107.04300
24 2 21 05 08 42000.00000 10.05800000 1358.66000 151.04000 27.30800 107.04300
24 2 21 05 09 41958.80000 10.05800000 1357.55000 151.04000 27.30800 107.04300
24 2 21 05 09 41995.50000 10.05800000 1358.82000 150.72000 27.30800 107.04300
24 2 21 05 09 42005.90000 10.06500000 1360.30000 150.88000 27.07200 107.04300
24 2 21 05 10 41982.20000 10.06500000 1358.27000 150.96000 27.07200 107.04300
24 2 21 05 10 41931.20000 10.06500000 1356.03000 150.49000 27.07200 107.04300
24 2 21 05 11 41928.40000 10.06500000 1356.03000 150.50000 27.07200 107.04300
24 2 21 05 11 41901.70000 10.06500000 1356.49000 150.48000 27.07200 107.04300
24 2 21 05 12 41928.40000 10.06500000 1359.00000 150.80000 27.07200 107.04300
24 2 21 05 12 41905.60000 10.06500000 1356.71000 150.80000 27.07200 107.04300
24 2 21 05 12 41853.70000 10.06500000 1358.04000 150.54000 27.07200 107.04300
24 2 21 05 13 41762.30000 10.06500000 1355.63000 150.32000 27.07200 107.04300
24 2 21 05 13 41795.00000 10.06500000 1356.51000 150.28000 27.65000 107.04300
24 2 21 05 14 41817.50000 10.06500000 1358.29000 150.16000 27.65000 106.52700
24 2 21 05 14 41787.50000 10.06500000 1356.74000 150.26000 27.92600 106.52700
24 2 21 05 15 41750.00000 10.06500000 1355.44000 150.00000 27.47100 106.52700
24 2 21 05 15 41685.80000 10.06500000 1352.50000 149.84000 27.47100 106.52700
24 2 21 05 15 41658.40000 10.06500000 1351.37000 149.68000 27.47100 106.52700
24 2 21 05 16 41673.20000 10.06500000 1351.94000 149.68000 27.92700 106.52700
24 2 21 05 16 41645.00000 9.92700000 1350.00000 149.50000 27.92700 105.83700
