M=[
26 10 20 13 44 11169.90000 4.80600000 342.60000 48.92000 11.33400 52.90900
26 10 20 13 45 11170.00000 4.80600000 342.60000 48.92000 11.33400 52.90900
26 10 20 13 45 11170.00000 4.80600000 342.61000 48.92000 11.33400 52.90900
26 10 20 13 46 11170.00000 4.80600000 342.61000 48.92000 11.33400 52.90900
26 10 20 13 46 11170.00000 4.80600000 342.43000 48.98000 11.33400 52.90900
26 10 20 13 46 11169.90000 4.80600000 342.43000 48.95000 11.33400 52.88000
26 10 20 13 47 11169.90000 4.80600000 342.29000 48.95000 11.33400 52.88000
26 10 20 13 47 11170.00000 4.80600000 342.29000 48.95000 11.33400 52.88000
26 10 20 13 48 11169.90000 4.80600000 342.29000 48.95000 11.33400 52.88000
26 10 20 13 48 11162.90000 4.80600000 342.12000 48.95000 11.33400 52.88000
26 10 20 13 49 11165.10000 4.80600000 342.17000 48.95000 11.33400 52.88000
26 10 20 13 49 11160.00000 4.80600000 342.01000 48.95000 11.33400 52.88000
26 10 20 13 49 11160.00000 4.80600000 342.01000 48.95000 11.33400 52.88000
26 10 20 13 50 11152.10000 4.80600000 342.00000 48.78000 11.33400 52.88000
26 10 20 13 50 11152.90000 4.80600000 341.95000 48.78000 11.33400 52.88000
26 10 20 13 51 11153.00000 4.80600000 342.21000 48.78000 11.33400 52.88000
26 10 20 13 51 11160.80000 4.80600000 342.33000 48.81000 11.33400 52.88000
26 10 20 13 52 11160.90000 4.80600000 342.32000 48.84000 11.33400 52.88000
26 10 20 13 52 11161.00000 4.80600000 342.23000 48.84000 11.33400 52.88000
26 10 20 13 52 11160.90000 4.80600000 342.23000 48.84000 11.33400 52.88000
26 10 20 13 53 11159.40000 4.80600000 342.24000 48.84000 11.33400 52.88000
26 10 20 13 53 11159.00000 4.80600000 342.24000 48.84000 11.33400 52.88000
26 10 20 13 54 11157.40000 4.80600000 342.23000 48.79000 11.33400 52.88000
26 10 20 13 54 11157.50000 4.80600000 342.36000 48.79000 11.33400 52.88000
26 10 20 13 55 11160.60000 4.80600000 342.29000 48.79000 11.33400 52.88000
26 10 20 13 55 11160.70000 4.80600000 342.38000 48.79000 11.33400 52.88000
26 10 20 13 55 11160.70000 4.80600000 342.38000 48.79000 11.40000 52.88000
26 10 20 13 56 11160.70000 4.80600000 342.47000 48.79000 11.40000 52.88000
26 10 20 13 56 11160.70000 4.80600000 342.47000 48.79000 11.40000 52.88000
26 10 20 13 57 11169.00000 4.80600000 342.47000 48.92000 11.40000 52.88000
26 10 20 13 57 11169.00000 4.80600000 343.19000 48.92000 11.40000 52.88000
26 10 20 13 58 11168.90000 4.80600000 343.19000 48.92000 11.40000 52.88000
26 10 20 13 58 11169.00000 4.80600000 343.19000 48.92000 11.40000 52.88000
26 10 20 13 58 11174.90000 4.80600000 343.19000 48.92000 11.40000 52.88000
26 10 20 13 59 11180.30000 4.80600000 343.22000 48.92000 11.40000 52.88000
26 10 20 13 59 11185.90000 4.80600000 343.22000 48.92000 11.40000 52.88000
26 10 20 14 00 11184.50000 4.80600000 343.49000 48.92000 11.40000 52.88000
26 10 20 14 00 11184.50000 4.80600000 343.34000 48.92000 11.40000 52.88000
26 10 20 14 01 11179.20000 4.80600000 343.34000 48.92000 11.40000 52.88000
26 10 20 14 01 11179.10000 4.80600000 343.34000 48.92000 11.40000 52.88000
26 10 20 14 01 11179.10000 4.80600000 343.53000 48.92000 11.40000 52.88000
26 10 20 14 02 11179.10000 4.80600000 343.51000 48.92000 11.40000 52.88000
26 10 20 14 02 11179.10000 4.80600000 343.48000 48.92000 11.40000 52.88000
26 10 20 14 03 11179.10000 4.80600000 343.48000 48.92000 11.40000 52.88000
26 10 20 14 03 11179.10000 4.80600000 343.54000 48.92000 11.40000 52.88000
26 10 20 14 04 11187.90000 4.80600000 343.66000 48.92000 11.40000 52.88000
26 10 20 14 04 11193.20000 4.80600000 343.66000 49.00000 11.40000 52.88000
26 10 20 14 04 11193.80000 4.80600000 343.66000 49.00000 11.40000 52.88000
26 10 20 14 05 11193.80000 4.83500000 343.66000 49.00000 11.40000 52.88000
26 10 20 14 05 11188.00000 4.83500000 343.70000 49.00000 11.40000 52.88000
26 10 20 14 06 11190.70000 4.83500000 343.56000 49.00000 11.40000 52.88000
26 10 20 14 06 11192.70000 4.83500000 343.52000 49.00000 11.40000 52.88000
26 10 20 14 06 11190.80000 4.83400000 343.60000 49.00000 11.40000 52.88000
26 10 20 14 07 11190.70000 4.83400000 343.50000 49.00000 11.40000 52.88000
26 10 20 14 07 11190.00000 4.83400000 343.50000 48.88000 11.40000 52.88000
26 10 20 14 08 11186.10000 4.83400000 343.15000 48.88000 11.40000 52.88000
26 10 20 14 08 11185.40000 4.83500000 343.04000 48.88000 11.40000 52.88000
26 10 20 14 09 11190.50000 4.83500000 343.28000 48.88000 11.40000 52.88000
26 10 20 14 09 11190.50000 4.83500000 343.44000 48.94000 11.40000 52.88000
26 10 20 14 09 11190.40000 4.83500000 343.44000 48.94000 11.40000 52.88000
26 10 20 14 10 11190.40000 4.81800000 343.30000 48.94000 11.40000 52.88000
26 10 20 14 10 11188.80000 4.81800000 343.38000 48.94000 11.40000 52.88000
26 10 20 14 11 11188.90000 4.81200000 343.24000 48.88000 11.40000 52.88000
26 10 20 14 11 11176.90000 4.81200000 343.08000 48.83000 11.40000 52.88000
26 10 20 14 12 11163.20000 4.81200000 342.66000 48.83000 11.40000 52.88000
26 10 20 14 12 11167.80000 4.81200000 342.66000 48.83000 11.40000 52.88000
26 10 20 14 12 11166.90000 4.81200000 342.66000 48.83000 11.40000 52.88000
26 10 20 14 13 11167.00000 4.81200000 342.51000 48.83000 11.40000 52.88000
26 10 20 14 13 11169.10000 4.81200000 342.52000 48.83000 11.40000 52.88000
26 10 20 14 14 11178.10000 4.80900000 342.80000 48.83000 11.40000 53.02600
26 10 20 14 14 11173.20000 4.80900000 342.69000 48.83000 11.40000 53.02600
26 10 20 14 15 11172.30000 4.80900000 342.61000 48.83000 11.40000 53.02600
26 10 20 14 15 11173.30000 4.80900000 342.60000 48.83000 11.40000 53.02600
26 10 20 14 15 11177.80000 4.80900000 342.60000 48.83000 11.40000 53.02600
26 10 20 14 16 11172.80000 4.80900000 342.60000 48.83000 11.40000 53.02600
26 10 20 14 16 11172.40000 4.80900000 342.61000 48.83000 11.40000 53.02600
26 10 20 14 17 11172.70000 4.80900000 342.41000 48.83000 11.40000 53.02600
26 10 20 14 17 11172.70000 4.80900000 342.30000 48.83000 11.40000 53.02600
26 10 20 14 18 11178.10000 4.80900000 342.41000 48.87000 11.40000 53.02600
26 10 20 14 18 11175.90000 4.80900000 342.41000 48.87000 11.40000 53.02600
26 10 20 14 18 11175.00000 4.80900000 342.40000 48.87000 11.40000 53.02600
26 10 20 14 19 11175.10000 4.80900000 342.41000 48.87000 11.40000 53.02600
26 10 20 14 19 11175.10000 4.80900000 342.41000 48.87000 11.40000 53.02600
26 10 20 14 20 11175.00000 4.80900000 342.31000 48.87000 11.40000 53.02600
26 10 20 14 20 11175.20000 4.80900000 342.31000 48.87000 11.40000 53.02600
26 10 20 14 21 11175.30000 4.80900000 342.30000 48.87000 11.40000 53.02600
26 10 20 14 21 11175.30000 4.80900000 342.22000 48.87000 11.40000 53.02600
26 10 20 14 21 11175.20000 4.80900000 342.26000 48.87000 11.40000 53.02600
26 10 20 14 22 11172.30000 4.80900000 341.83000 48.82000 11.40000 53.02600
26 10 20 14 22 11172.30000 4.80900000 342.21000 48.82000 11.40000 53.02600
26 10 20 14 23 11173.60000 4.80900000 342.29000 48.81000 11.40000 53.02600
26 10 20 14 23 11175.30000 4.85000000 342.31000 48.81000 11.40000 53.02600
26 10 20 14 24 11180.80000 4.85000000 342.30000 48.81000 11.40000 53.02600
26 10 20 14 24 11180.70000 4.83800000 342.30000 48.86000 11.40000 53.02600
26 10 20 14 24 11180.80000 4.83800000 342.31000 48.86000 11.40000 53.02600
26 10 20 14 25 11180.80000 4.83800000 342.31000 48.85000 11.40000 53.02600
26 10 20 14 25 11180.90000 4.83800000 342.31000 48.85000 11.40000 53.02600
26 10 20 14 26 11181.00000 4.83800000 342.31000 48.85000 11.40000 53.02600
26 10 20 14 26 11181.00000 4.83800000 342.31000 48.85000 11.40000 53.02600
26 10 20 14 27 11180.90000 4.83800000 342.31000 48.85000 11.40000 53.02600
26 10 20 14 27 11180.90000 4.83800000 342.31000 48.85000 11.40000 53.02600
26 10 20 14 27 11172.00000 4.83800000 342.23000 48.85000 11.40000 53.02600
26 10 20 14 28 11170.90000 4.83800000 342.23000 48.85000 11.40000 53.02600
26 10 20 14 28 11173.90000 4.83800000 342.31000 48.73000 11.40000 53.02600
26 10 20 14 29 11173.00000 4.83800000 342.30000 48.73000 11.40000 53.02600
26 10 20 14 29 11178.10000 4.83800000 342.30000 48.73000 11.40000 53.02600
