M=[
26 9 20 10 21 9193.90000 4.97800000 300.25000 39.23000 12.47200 47.10000
26 9 20 10 22 9193.90000 4.97800000 299.63000 39.20000 12.47200 46.90400
26 9 20 10 22 9193.90000 4.97800000 299.93000 39.20000 12.47200 46.90400
26 9 20 10 23 9194.20000 4.97800000 299.94000 39.20000 12.47200 46.90400
26 9 20 10 23 9193.80000 4.93700000 299.94000 39.20000 12.47200 46.90400
26 9 20 10 24 9193.90000 4.93700000 300.03000 39.20000 12.47200 46.91900
26 9 20 10 24 9197.30000 4.99100000 300.40000 39.20000 12.47200 46.91900
26 9 20 10 24 9198.60000 4.99100000 300.40000 39.20000 12.47200 46.91900
26 9 20 10 25 9199.30000 4.99100000 300.25000 39.20000 12.47200 46.91900
26 9 20 10 25 9199.30000 4.99100000 300.26000 39.20000 12.47200 46.91900
26 9 20 10 26 9199.20000 4.99100000 300.38000 39.20000 12.47200 46.91900
26 9 20 10 26 9199.90000 4.99100000 300.38000 39.20000 12.47200 46.91900
26 9 20 10 27 9200.00000 4.99100000 300.46000 39.20000 12.47200 46.91900
26 9 20 10 27 9201.30000 4.99100000 300.46000 39.20000 12.47200 46.91900
26 9 20 10 27 9201.30000 4.99100000 300.50000 39.20000 12.47200 46.91900
26 9 20 10 28 9201.30000 4.99100000 300.50000 39.20000 12.47200 46.91900
26 9 20 10 28 9201.30000 4.99100000 300.95000 39.20000 12.47200 46.91900
26 9 20 10 29 9203.70000 4.98000000 300.95000 39.20000 12.47200 46.91900
26 9 20 10 29 9203.70000 5.00600000 300.95000 39.20000 12.47200 46.91900
26 9 20 10 30 9203.60000 5.00600000 300.95000 39.20000 12.47200 46.91900
26 9 20 10 30 9203.60000 5.00600000 300.95000 39.20000 12.47200 46.91900
26 9 20 10 30 9208.90000 5.00600000 301.29000 39.20000 12.47200 46.91900
26 9 20 10 31 9208.90000 5.01000000 301.78000 39.20000 12.47200 46.91900
26 9 20 10 31 9210.00000 5.01000000 302.38000 39.20000 12.47200 46.91900
26 9 20 10 32 9210.00000 5.01000000 302.40000 39.20000 12.47200 46.91900
26 9 20 10 32 9210.00000 5.01000000 302.40000 39.20000 12.47200 46.91900
26 9 20 10 33 9210.00000 5.01000000 302.40000 39.20000 12.47200 46.91900
26 9 20 10 33 9210.00000 5.01000000 301.91000 39.20000 12.47200 46.91900
26 9 20 10 33 9212.00000 5.01000000 301.97000 39.20000 12.47200 46.91900
26 9 20 10 34 9214.80000 4.96300000 301.82000 39.20000 12.47200 46.91900
26 9 20 10 34 9211.60000 4.96300000 301.82000 39.20000 12.47200 46.91900
26 9 20 10 35 9208.80000 4.96300000 301.04000 39.20000 12.47200 46.91900
26 9 20 10 35 9210.30000 4.96300000 301.01000 39.20000 12.47200 46.91900
26 9 20 10 36 9210.70000 4.96300000 301.01000 39.20000 12.47200 46.91900
26 9 20 10 36 9210.70000 4.96300000 301.08000 39.27000 12.47200 46.91900
26 9 20 10 36 9211.10000 4.96300000 301.29000 39.27000 12.47200 46.91900
26 9 20 10 37 9219.30000 4.96300000 301.45000 39.27000 12.47200 46.91900
26 9 20 10 37 9219.30000 4.96300000 301.45000 39.27000 12.47200 46.91900
26 9 20 10 38 9220.40000 4.96300000 302.12000 39.27000 12.47200 46.91900
26 9 20 10 38 9222.00000 4.96300000 302.12000 39.41000 12.47200 46.91900
26 9 20 10 39 9222.00000 4.96300000 302.33000 39.41000 12.47200 46.91900
26 9 20 10 39 9225.00000 4.96300000 302.33000 39.41000 12.47200 46.91900
26 9 20 10 39 9225.10000 4.96300000 302.33000 39.40000 12.47200 46.91900
26 9 20 10 40 9225.10000 4.96300000 301.96000 39.40000 12.47200 46.91900
26 9 20 10 40 9230.00000 4.96300000 301.96000 39.40000 12.47200 46.91900
26 9 20 10 41 9230.00000 4.96300000 301.96000 39.40000 12.47200 46.91900
26 9 20 10 41 9230.00000 4.96300000 301.96000 39.40000 12.47200 46.91900
26 9 20 10 42 9229.90000 4.98500000 301.96000 39.40000 12.47200 46.91900
26 9 20 10 42 9229.90000 4.98500000 301.96000 39.40000 12.47200 46.91900
26 9 20 10 42 9230.00000 4.98500000 302.11000 39.40000 12.47200 46.91900
26 9 20 10 43 9230.00000 4.98500000 302.53000 39.40000 12.47200 46.91900
26 9 20 10 43 9230.00000 4.98500000 302.54000 39.40000 12.47200 46.91900
26 9 20 10 44 9229.90000 4.98500000 302.54000 39.40000 12.47200 46.91900
26 9 20 10 44 9230.00000 5.01000000 302.41000 39.40000 12.47200 46.91900
26 9 20 10 45 9229.90000 5.01000000 302.41000 39.40000 12.47200 46.91900
26 9 20 10 45 9230.00000 5.01000000 302.41000 39.40000 12.47200 46.91900
26 9 20 10 46 9229.90000 5.01000000 302.41000 39.40000 12.47200 46.91900
26 9 20 10 46 9229.90000 5.01000000 302.55000 39.40000 12.47200 46.91900
26 9 20 10 46 9230.00000 5.01000000 302.55000 39.40000 12.47200 46.91900
26 9 20 10 47 9230.00000 5.01000000 302.65000 39.40000 12.47200 46.91900
26 9 20 10 47 9230.00000 5.01000000 302.56000 39.40000 12.47200 46.91900
26 9 20 10 48 9230.00000 5.01000000 302.36000 39.40000 12.47200 46.91900
26 9 20 10 48 9230.00000 5.01000000 302.48000 39.38000 12.47200 46.91900
26 9 20 10 49 9230.00000 5.01000000 302.45000 39.38000 12.47200 46.91900
26 9 20 10 49 9229.90000 5.01000000 302.45000 39.38000 12.47200 46.91900
26 9 20 10 49 9230.00000 5.01000000 302.58000 39.38000 12.47200 46.91900
26 9 20 10 50 9229.90000 5.01000000 302.58000 39.38000 12.47200 46.91900
26 9 20 10 50 9229.90000 5.01000000 302.58000 39.38000 12.47200 46.91900
26 9 20 10 51 9229.90000 5.01000000 302.58000 39.38000 12.47200 46.91900
26 9 20 10 51 9230.00000 5.01000000 302.58000 39.38000 12.47200 46.91900
26 9 20 10 52 9229.90000 5.01000000 302.58000 39.38000 12.47200 46.91900
26 9 20 10 52 9230.00000 5.01000000 302.62000 39.38000 12.47200 46.91900
26 9 20 10 52 9230.00000 5.01000000 302.62000 39.38000 12.47200 46.91900
26 9 20 10 53 9230.00000 5.01000000 302.64000 39.38000 12.47200 46.91900
26 9 20 10 53 9230.00000 5.01000000 302.64000 39.38000 12.47200 46.91900
26 9 20 10 54 9229.90000 5.01000000 302.23000 39.38000 12.47200 46.91900
26 9 20 10 54 9230.00000 5.01000000 302.23000 39.38000 12.47200 46.91900
26 9 20 10 55 9229.90000 5.01000000 302.55000 39.38000 12.47200 46.91900
26 9 20 10 55 9229.90000 5.01000000 302.55000 39.38000 12.47200 46.91900
26 9 20 10 55 9229.90000 5.01000000 302.64000 39.38000 12.47200 46.91900
26 9 20 10 56 9230.00000 5.01000000 302.64000 39.38000 12.57400 46.91900
26 9 20 10 56 9235.80000 5.01000000 302.63000 39.38000 12.56900 46.91900
26 9 20 10 57 9239.00000 5.01000000 302.63000 39.38000 12.56900 46.91900
26 9 20 10 57 9239.40000 5.01000000 302.63000 39.38000 12.56900 46.91900
26 9 20 10 58 9241.90000 5.01000000 302.63000 39.38000 12.56900 46.91900
26 9 20 10 58 9241.90000 5.01000000 302.56000 39.38000 12.56900 46.91900
26 9 20 10 58 9241.80000 5.01000000 302.34000 39.38000 12.56900 46.91900
26 9 20 10 59 9241.70000 5.01000000 302.34000 39.38000 12.56900 46.91900
26 9 20 10 59 9241.70000 5.01000000 302.34000 39.38000 12.56900 46.91900
26 9 20 11 00 9240.00000 5.01000000 301.62000 39.38000 12.57500 46.91900
26 9 20 11 00 9240.00000 5.01000000 301.62000 39.38000 12.57400 46.91900
26 9 20 11 01 9240.00000 5.01000000 301.61000 39.38000 12.57400 46.91900
26 9 20 11 01 9240.10000 5.01000000 301.61000 39.38000 12.57400 46.91900
26 9 20 11 01 9240.10000 5.01000000 301.61000 39.38000 12.57400 46.91900
26 9 20 11 02 9241.30000 5.01000000 301.61000 39.38000 12.57400 46.91900
26 9 20 11 02 9240.10000 5.01000000 301.61000 39.38000 12.57400 46.91900
26 9 20 11 03 9240.10000 5.01000000 301.61000 39.38000 12.57400 46.91900
26 9 20 11 03 9240.10000 5.01000000 301.72000 39.38000 12.57400 46.91900
26 9 20 11 04 9240.10000 5.01000000 301.80000 39.37000 12.57400 46.91900
26 9 20 11 04 9240.10000 5.01000000 301.71000 39.37000 12.57400 47.33500
26 9 20 11 04 9233.20000 4.98900000 301.71000 39.37000 12.57400 47.33500
26 9 20 11 05 9231.60000 4.98600000 301.60000 39.34000 12.57400 47.33500
26 9 20 11 05 9232.50000 4.98800000 301.60000 39.34000 12.57400 47.33500
26 9 20 11 06 9232.90000 4.98800000 301.98000 39.34000 12.57400 47.33500
26 9 20 11 06 9232.80000 4.98800000 302.04000 39.34000 12.57400 47.33500
26 9 20 11 07 9232.80000 5.03500000 302.04000 39.34000 12.57400 47.33500
26 9 20 11 07 9232.40000 5.03500000 302.04000 39.34000 12.57400 47.33500
26 9 20 11 07 9232.80000 5.03500000 302.12000 39.34000 12.57400 47.33500
26 9 20 11 08 9232.70000 5.03500000 302.12000 39.34000 12.57400 47.33500
