M=[
18 10 20 16 41 9785.20000 4.78300000 320.85000 40.54000 11.61000 54.00000
18 10 20 16 41 9785.20000 4.78300000 320.85000 40.54000 11.61000 54.00000
18 10 20 16 41 9785.30000 4.78300000 320.84000 40.53000 11.61000 54.00000
18 10 20 16 42 9785.90000 4.78300000 320.84000 40.56000 11.61000 54.00000
18 10 20 16 42 9785.10000 4.78300000 320.84000 40.56000 11.61000 54.00000
18 10 20 16 43 9785.10000 4.78300000 320.84000 40.56000 11.61000 54.00000
18 10 20 16 43 9785.00000 4.78300000 320.83000 40.56000 11.61000 54.00000
18 10 20 16 44 9784.40000 4.78300000 320.85000 40.56000 11.61000 54.00000
18 10 20 16 44 9782.10000 4.78300000 320.82000 40.56000 11.61000 54.00000
18 10 20 16 44 9781.10000 4.78300000 320.82000 40.56000 11.61000 54.00000
18 10 20 16 45 9780.40000 4.78300000 320.82000 40.56000 11.61000 54.00000
18 10 20 16 45 9781.40000 4.78300000 320.83000 40.56000 11.61000 54.00000
18 10 20 16 46 9781.20000 4.78300000 320.91000 40.56000 11.61000 54.00000
18 10 20 16 46 9781.10000 4.78300000 320.91000 40.56000 11.61000 54.00000
18 10 20 16 47 9781.20000 4.78300000 320.91000 40.56000 11.61000 54.00000
18 10 20 16 47 9781.50000 4.78300000 320.91000 40.56000 11.61000 54.00000
18 10 20 16 47 9781.50000 4.78300000 320.91000 40.56000 11.61000 54.00000
18 10 20 16 48 9782.60000 4.78300000 320.91000 40.56000 11.61000 54.00000
18 10 20 16 48 9783.30000 4.78300000 320.85000 40.56000 11.61000 54.00000
18 10 20 16 49 9785.20000 4.78400000 320.85000 40.56000 11.61000 53.96300
18 10 20 16 49 9785.20000 4.78500000 320.92000 40.56000 11.61000 53.96300
18 10 20 16 50 9785.20000 4.78500000 320.92000 40.60000 11.61000 53.96300
18 10 20 16 50 9785.10000 4.78500000 320.92000 40.60000 11.61000 53.96300
18 10 20 16 50 9785.10000 4.78500000 320.92000 40.60000 11.61000 53.96300
18 10 20 16 51 9785.20000 4.78500000 320.92000 40.60000 11.61000 53.96300
18 10 20 16 51 9785.10000 4.78500000 321.00000 40.57000 11.61000 53.96300
18 10 20 16 52 9785.10000 4.78500000 321.00000 40.57000 11.61000 53.96300
18 10 20 16 52 9785.20000 4.78500000 321.00000 40.57000 11.61000 53.96300
18 10 20 16 53 9785.20000 4.78500000 320.99000 40.57000 11.61000 53.96300
18 10 20 16 53 9785.20000 4.78500000 320.99000 40.58000 11.61000 53.96300
18 10 20 16 53 9785.20000 4.78500000 320.99000 40.58000 11.61000 53.96300
18 10 20 16 54 9785.20000 4.78500000 320.99000 40.58000 11.61000 53.96300
18 10 20 16 54 9785.20000 4.78500000 321.00000 40.57000 11.61000 53.96300
18 10 20 16 55 9785.10000 4.78500000 321.00000 40.57000 11.61000 53.96300
18 10 20 16 55 9785.20000 4.78500000 321.05000 40.57000 11.61000 53.96300
18 10 20 16 56 9785.10000 4.78500000 321.05000 40.57000 11.61000 53.96300
18 10 20 16 56 9785.10000 4.78500000 321.02000 40.57000 11.61000 53.96300
18 10 20 16 56 9785.20000 4.78500000 321.02000 40.57000 11.61000 53.96300
18 10 20 16 57 9785.20000 4.78500000 321.00000 40.57000 11.61000 53.96300
18 10 20 16 57 9785.20000 4.78500000 321.00000 40.57000 11.61000 54.01300
18 10 20 16 58 9785.20000 4.78500000 320.91000 40.55000 11.61000 54.01300
18 10 20 16 58 9785.20000 4.78500000 320.91000 40.55000 11.61000 54.01300
18 10 20 16 59 9785.10000 4.78500000 320.91000 40.55000 11.61000 54.01300
18 10 20 16 59 9785.10000 4.78500000 320.92000 40.55000 11.61000 54.01300
18 10 20 16 59 9785.20000 4.78500000 320.92000 40.55000 11.61000 54.01300
18 10 20 17 00 9785.20000 4.78500000 320.92000 40.56000 11.61000 54.01300
18 10 20 17 00 9785.10000 4.78500000 320.83000 40.56000 11.61000 54.01300
18 10 20 17 01 9785.10000 4.78500000 320.83000 40.56000 11.61000 54.01300
18 10 20 17 01 9785.00000 4.78500000 320.88000 40.56000 11.61000 54.01300
18 10 20 17 01 9785.10000 4.78500000 320.88000 40.56000 11.61000 54.01300
18 10 20 17 02 9785.10000 4.78500000 320.72000 40.55000 11.61000 54.01300
18 10 20 17 02 9785.00000 4.78500000 320.58000 40.52000 11.61000 54.01300
18 10 20 17 03 9785.10000 4.78500000 320.58000 40.52000 11.61000 54.01300
18 10 20 17 03 9785.10000 4.78500000 320.59000 40.52000 11.61000 54.01300
18 10 20 17 04 9785.10000 4.78500000 320.44000 40.52000 11.61000 54.01300
18 10 20 17 04 9775.60000 4.78500000 320.44000 40.52000 11.61000 54.01300
18 10 20 17 04 9775.50000 4.78500000 320.44000 40.52000 11.61000 54.01300
18 10 20 17 05 9772.20000 4.78000000 320.44000 40.51000 11.61000 54.01300
18 10 20 17 05 9774.90000 4.78000000 320.50000 40.51000 11.61000 54.01300
18 10 20 17 06 9776.30000 4.78000000 320.50000 40.51000 11.61000 54.01300
18 10 20 17 06 9780.80000 4.78000000 320.50000 40.51000 11.61000 54.01300
18 10 20 17 07 9778.90000 4.78000000 320.50000 40.51000 11.61000 54.01300
18 10 20 17 07 9780.40000 4.78000000 320.49000 40.51000 11.61000 54.01300
18 10 20 17 07 9779.10000 4.78000000 320.49000 40.51000 11.61000 54.01300
18 10 20 17 08 9779.00000 4.78000000 320.49000 40.51000 11.61000 54.13000
18 10 20 17 08 9778.90000 4.78000000 320.49000 40.51000 11.61000 54.13000
18 10 20 17 09 9779.00000 4.78000000 320.49000 40.51000 11.61000 54.13000
18 10 20 17 09 9779.00000 4.78000000 320.45000 40.51000 11.61000 54.13000
18 10 20 17 10 9779.00000 4.78000000 320.50000 40.51000 11.61000 54.13000
18 10 20 17 10 9778.90000 4.78000000 320.40000 40.51000 11.61000 54.13000
18 10 20 17 10 9778.90000 4.78000000 320.38000 40.51000 11.61000 54.13000
18 10 20 17 11 9778.90000 4.78000000 320.34000 40.51000 11.61000 54.13000
18 10 20 17 11 9778.80000 4.78000000 320.34000 40.52000 11.61000 54.13000
18 10 20 17 12 9778.90000 4.78000000 320.34000 40.52000 11.61000 54.13000
18 10 20 17 12 9781.00000 4.78000000 320.50000 40.55000 11.61000 54.13000
18 10 20 17 13 9778.90000 4.78000000 320.50000 40.55000 11.61000 54.13000
18 10 20 17 13 9777.00000 4.78000000 320.50000 40.55000 11.61000 54.13000
18 10 20 17 13 9778.30000 4.78000000 320.50000 40.55000 11.61000 54.13000
18 10 20 17 14 9777.60000 4.78000000 320.49000 40.55000 11.61000 54.13000
18 10 20 17 14 9777.60000 4.78000000 320.49000 40.55000 11.61000 54.13000
18 10 20 17 15 9776.30000 4.78000000 320.49000 40.55000 11.61000 54.13000
18 10 20 17 15 9775.10000 4.78000000 320.49000 40.55000 11.61000 54.13000
18 10 20 17 16 9772.80000 4.78000000 320.49000 40.55000 11.61000 54.13000
18 10 20 17 16 9776.80000 4.78000000 320.49000 40.55000 11.61000 54.13000
18 10 20 17 16 9776.40000 4.78000000 320.40000 40.55000 11.61000 54.13000
18 10 20 17 17 9776.70000 4.78000000 320.38000 40.55000 11.61000 54.13000
18 10 20 17 17 9777.10000 4.78000000 320.38000 40.55000 11.61000 54.13000
18 10 20 17 18 9779.50000 4.78000000 320.50000 40.55000 11.61000 54.13000
18 10 20 17 18 9780.30000 4.78000000 320.50000 40.55000 11.61000 54.13000
18 10 20 17 19 9779.30000 4.78000000 320.49000 40.55000 11.61000 54.13000
18 10 20 17 19 9780.10000 4.78000000 320.49000 40.55000 11.61000 54.13000
18 10 20 17 19 9780.10000 4.78000000 320.63000 40.55000 11.61000 54.13000
18 10 20 17 20 9782.90000 4.78000000 320.63000 40.55000 11.61000 54.13000
18 10 20 17 20 9783.90000 4.78000000 320.63000 40.55000 11.61000 54.13000
18 10 20 17 21 9783.80000 4.78000000 320.72000 40.55000 11.61000 54.13000
18 10 20 17 21 9782.30000 4.78000000 320.72000 40.55000 11.61000 54.13000
18 10 20 17 22 9781.70000 4.78000000 320.72000 40.55000 11.61000 54.13000
18 10 20 17 22 9781.10000 4.78000000 320.52000 40.55000 11.61000 54.13000
18 10 20 17 22 9781.70000 4.78000000 320.52000 40.55000 11.61000 54.13000
18 10 20 17 23 9781.70000 4.78000000 320.52000 40.55000 11.61000 54.13000
18 10 20 17 23 9775.90000 4.78000000 320.52000 40.55000 11.61000 54.13000
18 10 20 17 24 9775.60000 4.78000000 320.42000 40.55000 11.61000 54.13000
18 10 20 17 24 9775.70000 4.78100000 320.42000 40.55000 11.61000 54.13000
18 10 20 17 25 9775.20000 4.78100000 320.42000 40.55000 11.61000 54.13000
18 10 20 17 25 9775.90000 4.78000000 320.43000 40.55000 11.61000 54.13000
18 10 20 17 25 9775.70000 4.78000000 320.41000 40.55000 11.61000 54.13000
18 10 20 17 26 9776.10000 4.78000000 320.41000 40.55000 11.61000 54.13000
18 10 20 17 26 9776.00000 4.78000000 320.41000 40.55000 11.61000 54.13000
