M=[
31 5 21 09 11 29684.30000 54.35900000 2051.77000 144.68000 24.36200 124.96600
31 5 21 09 12 29703.10000 54.35900000 2052.48000 144.68000 24.36200 125.14500
31 5 21 09 12 29693.20000 54.35900000 2050.00000 145.77000 24.36200 125.14500
31 5 21 09 13 29684.50000 54.35900000 2050.25000 146.10000 24.36200 125.14500
31 5 21 09 13 29694.10000 54.35900000 2049.74000 145.91000 24.36200 125.14500
31 5 21 09 13 29694.10000 54.35900000 2052.54000 146.08000 24.36200 125.14500
31 5 21 09 14 29700.60000 54.35900000 2049.31000 145.83000 24.36200 125.43900
31 5 21 09 14 29695.90000 54.35900000 2051.38000 145.93000 24.36200 125.43900
31 5 21 09 15 29691.30000 54.39800000 2048.94000 145.76000 24.36200 125.75000
31 5 21 09 15 29697.90000 54.39800000 2049.01000 145.76000 24.36200 125.75000
31 5 21 09 16 29661.50000 54.39800000 2044.11000 145.73000 24.36200 125.75000
31 5 21 09 16 29658.30000 54.39800000 2045.00000 145.85000 24.36200 125.75000
31 5 21 09 17 29658.40000 54.25100000 2043.44000 145.90000 24.36200 125.75000
31 5 21 09 17 29658.40000 54.25100000 2045.59000 145.89000 24.36200 125.69300
31 5 21 09 17 29674.50000 54.25100000 2051.35000 146.58000 24.36200 125.69300
31 5 21 09 18 29668.10000 54.25100000 2051.05000 146.40000 24.36200 125.93700
31 5 21 09 18 29661.50000 54.25100000 2050.86000 146.11000 24.36200 126.08400
31 5 21 09 19 29661.60000 54.25100000 2050.82000 146.12000 24.36200 126.11500
31 5 21 09 19 29661.60000 54.25100000 2050.82000 146.27000 24.36200 126.11500
31 5 21 09 20 29660.10000 54.25100000 2049.78000 146.27000 24.36200 126.11500
31 5 21 09 20 29641.10000 54.25100000 2049.11000 146.22000 24.36800 126.09900
31 5 21 09 20 29657.00000 54.25100000 2048.31000 146.21000 24.36800 126.09900
31 5 21 09 21 29670.80000 54.25100000 2049.74000 146.22000 24.36800 126.09900
31 5 21 09 21 29674.40000 54.25100000 2051.35000 146.24000 24.36800 126.09900
31 5 21 09 22 29679.80000 54.37200000 2052.46000 146.30000 24.35500 126.09900
31 5 21 09 22 29685.40000 54.37200000 2051.52000 146.15000 24.35500 126.09900
31 5 21 09 23 29670.90000 54.37200000 2052.30000 146.17000 24.35500 126.09900
31 5 21 09 23 29685.00000 54.37200000 2055.00000 146.21000 24.35500 126.09900
31 5 21 09 23 29701.30000 54.37200000 2055.00000 146.21000 24.35500 126.09900
31 5 21 09 24 29676.70000 54.37200000 2054.62000 146.21000 24.35500 126.09900
31 5 21 09 24 29637.50000 54.37200000 2051.52000 146.09000 24.35500 126.09900
31 5 21 09 25 29663.70000 54.37200000 2051.28000 146.11000 24.35500 126.09900
31 5 21 09 25 29685.70000 54.37200000 2052.84000 146.11000 24.35500 126.09900
31 5 21 09 26 29720.60000 54.37200000 2061.58000 146.34000 24.35500 126.28100
31 5 21 09 26 29715.20000 54.37200000 2057.74000 146.33000 24.35500 126.28100
31 5 21 09 26 29716.50000 54.37200000 2059.98000 146.51000 24.35500 126.28100
31 5 21 09 27 29684.70000 54.37200000 2053.90000 146.31000 24.36200 126.28100
31 5 21 09 27 29699.20000 54.37200000 2058.63000 146.35000 24.36200 126.28100
31 5 21 09 28 29683.90000 54.43800000 2057.07000 146.35000 24.36200 126.28100
31 5 21 09 28 29697.70000 54.43800000 2055.18000 146.35000 24.36200 126.28100
31 5 21 09 29 29687.30000 54.43800000 2052.98000 146.25000 24.36200 125.87500
31 5 21 09 29 29694.90000 54.43800000 2055.74000 146.14000 24.36000 126.31000
31 5 21 09 29 29718.70000 54.43800000 2057.38000 146.24000 24.36000 126.31000
31 5 21 09 30 29739.40000 54.53100000 2061.58000 146.39000 24.36000 126.10900
31 5 21 09 30 29775.10000 54.53100000 2063.44000 146.40000 24.36000 126.10900
31 5 21 09 31 29820.50000 54.57600000 2065.09000 146.71000 24.41000 126.10900
31 5 21 09 31 29808.20000 54.62400000 2064.89000 146.68000 24.41000 126.10900
31 5 21 09 32 29838.80000 54.62400000 2063.35000 146.71000 24.41000 126.10900
31 5 21 09 32 29800.10000 54.62400000 2064.26000 146.82000 24.41000 126.10900
31 5 21 09 33 29800.10000 54.62400000 2063.15000 146.74000 24.41000 126.10900
31 5 21 09 33 29800.10000 54.58800000 2062.70000 146.71000 24.41000 126.10900
31 5 21 09 33 29800.10000 54.58800000 2065.00000 146.71000 24.41000 126.10900
31 5 21 09 34 29835.30000 54.58800000 2068.41000 146.79000 24.41000 126.10900
31 5 21 09 34 29842.80000 54.65200000 2068.48000 147.14000 24.41000 126.10900
31 5 21 09 35 29814.10000 54.65200000 2067.88000 147.08000 24.41000 126.10900
31 5 21 09 35 29784.20000 54.65200000 2066.54000 147.08000 24.41000 126.10900
31 5 21 09 36 29799.50000 54.65200000 2067.23000 146.94000 24.41000 126.10900
31 5 21 09 36 29789.20000 54.65200000 2067.21000 146.85000 24.41000 125.69200
31 5 21 09 36 29757.60000 54.65200000 2066.50000 146.88000 24.41000 125.69200
31 5 21 09 37 29751.80000 54.65200000 2065.03000 146.89000 24.41000 125.69200
31 5 21 09 37 29751.80000 54.65200000 2064.73000 147.00000 24.41000 125.69200
31 5 21 09 38 29751.80000 54.65700000 2065.01000 147.13000 24.41000 125.69200
31 5 21 09 38 29767.40000 54.65700000 2064.64000 147.07000 24.41000 125.69200
31 5 21 09 39 29743.20000 54.65700000 2064.01000 147.05000 24.41000 125.69200
31 5 21 09 39 29733.50000 54.65700000 2061.12000 147.00000 24.41000 125.50700
31 5 21 09 39 29688.80000 54.50000000 2059.78000 146.86000 24.41000 125.30100
31 5 21 09 40 29717.10000 54.50000000 2059.73000 146.82000 24.41000 125.30100
31 5 21 09 40 29689.60000 54.50000000 2056.36000 146.77000 24.41000 125.30100
31 5 21 09 41 29696.50000 54.50000000 2056.35000 146.86000 24.41000 125.30100
31 5 21 09 41 29682.00000 54.50000000 2055.89000 146.91000 24.41000 125.30100
31 5 21 09 42 29675.00000 54.50000000 2054.54000 146.87000 24.41000 125.30100
31 5 21 09 42 29675.00000 54.50000000 2053.04000 146.84000 24.41000 125.14600
31 5 21 09 42 29664.20000 54.50000000 2053.00000 146.61000 24.41000 125.14600
31 5 21 09 43 29664.30000 54.50000000 2052.31000 146.39000 24.41000 125.14600
31 5 21 09 43 29664.30000 54.50000000 2054.21000 146.46000 24.41000 125.14600
31 5 21 09 44 29668.00000 54.50000000 2055.90000 146.55000 24.41000 125.14600
31 5 21 09 44 29661.80000 54.50000000 2055.81000 146.55000 24.41000 125.14600
31 5 21 09 45 29668.00000 54.50000000 2055.81000 146.66000 24.41000 125.14600
31 5 21 09 45 29715.20000 54.50000000 2059.74000 147.10000 24.41000 125.14600
31 5 21 09 45 29731.80000 54.50000000 2062.13000 147.23000 24.41000 125.14600
31 5 21 09 46 29732.30000 54.50000000 2063.90000 147.21000 24.41000 125.14600
31 5 21 09 46 29741.60000 54.50000000 2064.09000 147.50000 24.41000 125.14600
31 5 21 09 47 29699.30000 54.50000000 2061.14000 147.36000 24.41000 125.14600
31 5 21 09 47 29673.30000 54.50000000 2058.55000 147.29000 24.41000 125.14600
31 5 21 09 48 29650.10000 54.50000000 2055.00000 147.26000 24.41000 124.78800
31 5 21 09 48 29618.90000 54.50000000 2054.31000 147.11000 24.41000 124.78800
31 5 21 09 48 29605.30000 54.50000000 2051.00000 146.99000 24.41000 124.78800
31 5 21 09 49 29598.10000 54.50000000 2051.01000 146.62000 24.41000 124.78800
31 5 21 09 49 29498.50000 54.50000000 2044.10000 146.21000 24.41000 123.62100
31 5 21 09 50 29536.90000 54.50000000 2045.68000 146.44000 24.33200 123.62100
31 5 21 09 50 29509.60000 54.07800000 2045.94000 146.09000 24.89200 123.62100
31 5 21 09 51 29518.50000 54.01700000 2042.07000 145.83000 24.89200 123.62100
31 5 21 09 51 29517.80000 54.01700000 2046.09000 145.91000 24.89200 123.62100
31 5 21 09 51 29518.90000 54.01700000 2045.46000 146.10000 24.35400 123.62100
31 5 21 09 52 29526.70000 54.15600000 2045.02000 146.12000 24.35400 124.11700
31 5 21 09 52 29526.60000 54.15600000 2045.22000 146.08000 24.35400 124.11700
31 5 21 09 53 29548.50000 54.15600000 2045.00000 146.03000 24.35400 124.27800
31 5 21 09 53 29529.20000 54.15600000 2042.19000 146.08000 24.35400 124.27800
31 5 21 09 54 29511.60000 54.15600000 2041.80000 146.03000 24.35400 123.88500
31 5 21 09 54 29516.00000 54.15600000 2043.27000 146.03000 24.35400 123.88500
31 5 21 09 54 29520.00000 54.15600000 2042.34000 145.99000 24.35400 123.88500
31 5 21 09 55 29519.90000 54.11200000 2044.10000 146.10000 24.35400 123.88500
