M=[
 4 10 20 07 17 9076.60000 4.88000000 298.24000 39.37000 11.81100 52.22300
 4 10 20 07 17 9083.30000 4.88000000 298.35000 39.37000 11.81100 52.26600
 4 10 20 07 18 9083.30000 4.88000000 298.35000 39.37000 11.81100 52.26600
 4 10 20 07 18 9078.20000 4.88000000 298.35000 39.37000 11.81100 52.26600
 4 10 20 07 19 9078.20000 4.88000000 298.21000 39.37000 11.81100 52.26600
 4 10 20 07 19 9078.30000 4.88000000 298.21000 39.37000 11.81100 52.26600
 4 10 20 07 20 9078.20000 4.88000000 298.21000 39.37000 11.81100 52.26600
 4 10 20 07 20 9078.20000 4.88000000 298.21000 39.37000 11.81100 52.26600
 4 10 20 07 20 9078.30000 4.88000000 298.21000 39.37000 11.81100 52.26600
 4 10 20 07 21 9080.30000 4.88000000 298.21000 39.37000 11.81100 52.26600
 4 10 20 07 21 9080.30000 4.88000000 298.33000 39.37000 11.81100 52.26600
 4 10 20 07 22 9081.10000 4.88000000 298.33000 39.37000 11.81100 52.26600
 4 10 20 07 22 9081.00000 4.86600000 298.33000 39.37000 11.81100 52.26600
 4 10 20 07 23 9081.60000 4.86600000 298.33000 39.37000 11.81100 52.26600
 4 10 20 07 23 9081.60000 4.86200000 298.24000 39.37000 11.81100 52.26600
 4 10 20 07 23 9081.60000 4.86200000 298.24000 39.37000 11.81100 52.26600
 4 10 20 07 24 9081.60000 4.86200000 298.24000 39.37000 11.81100 52.26600
 4 10 20 07 24 9081.60000 4.86200000 298.24000 39.37000 11.81100 52.26600
 4 10 20 07 25 9081.60000 4.86200000 298.24000 39.37000 11.81100 52.26600
 4 10 20 07 25 9081.60000 4.86200000 298.24000 39.37000 11.81100 52.26600
 4 10 20 07 26 9083.80000 4.86100000 298.34000 39.37000 11.81100 52.38000
 4 10 20 07 26 9085.60000 4.86100000 298.34000 39.37000 11.81100 52.38000
 4 10 20 07 26 9085.20000 4.86100000 298.34000 39.37000 11.81100 52.38000
 4 10 20 07 27 9085.20000 4.86100000 298.34000 39.37000 11.81100 52.38000
 4 10 20 07 27 9082.30000 4.86100000 298.34000 39.37000 11.81100 52.38000
 4 10 20 07 28 9083.20000 4.86100000 298.25000 39.37000 11.81100 52.38000
 4 10 20 07 28 9083.30000 4.86100000 298.25000 39.37000 11.81100 52.38000
 4 10 20 07 29 9083.30000 4.86100000 298.25000 39.37000 11.81100 52.38000
 4 10 20 07 29 9083.30000 4.86100000 298.10000 39.37000 11.81100 52.38000
 4 10 20 07 29 9081.40000 4.86100000 298.11000 39.37000 11.81100 52.38000
 4 10 20 07 30 9081.40000 4.86100000 298.11000 39.37000 11.81100 52.38000
 4 10 20 07 30 9085.30000 4.86100000 298.11000 39.37000 11.81100 52.38000
 4 10 20 07 31 9085.60000 4.86100000 298.11000 39.37000 11.81100 52.38000
 4 10 20 07 31 9081.70000 4.86200000 298.11000 39.37000 11.81100 52.38000
 4 10 20 07 32 9082.20000 4.86200000 298.11000 39.37000 11.81100 52.38000
 4 10 20 07 32 9082.20000 4.86200000 298.20000 39.37000 11.81100 52.38000
 4 10 20 07 33 9082.20000 4.86200000 298.20000 39.37000 11.81100 52.38000
 4 10 20 07 33 9083.30000 4.86200000 298.20000 39.37000 11.81100 52.38000
 4 10 20 07 33 9083.30000 4.86200000 298.00000 39.37000 11.81100 52.38000
 4 10 20 07 34 9083.20000 4.86200000 298.01000 39.37000 11.81100 52.38000
 4 10 20 07 34 9082.20000 4.86200000 298.01000 39.37000 11.81100 52.38000
 4 10 20 07 35 9082.30000 4.86200000 298.01000 39.37000 11.81100 52.38000
 4 10 20 07 35 9082.30000 4.86100000 298.01000 39.37000 11.81100 52.38000
 4 10 20 07 36 9082.30000 4.86100000 298.01000 39.37000 11.81100 52.38000
 4 10 20 07 36 9082.30000 4.86100000 298.00000 39.37000 11.81100 52.38000
 4 10 20 07 36 9082.30000 4.86100000 298.00000 39.37000 11.81100 52.38000
 4 10 20 07 37 9080.80000 4.86200000 298.00000 39.37000 11.81100 52.38000
 4 10 20 07 37 9082.30000 4.86200000 298.00000 39.37000 11.81100 52.38000
 4 10 20 07 38 9083.00000 4.86200000 298.00000 39.37000 11.81100 52.38000
 4 10 20 07 38 9083.00000 4.86200000 298.00000 39.37000 11.81100 52.38000
 4 10 20 07 38 9083.00000 4.86200000 298.00000 39.37000 11.81100 52.38000
 4 10 20 07 39 9083.20000 4.86200000 298.00000 39.37000 11.81100 52.38000
 4 10 20 07 39 9083.20000 4.86200000 298.00000 39.34000 11.81100 52.38000
 4 10 20 07 40 9082.60000 4.86200000 298.00000 39.34000 11.81100 52.38000
 4 10 20 07 40 9083.00000 4.86200000 298.00000 39.34000 11.81100 52.38000
 4 10 20 07 41 9082.70000 4.86200000 298.00000 39.34000 11.81100 52.38000
 4 10 20 07 41 9083.20000 4.86200000 298.02000 39.34000 11.81100 52.38000
 4 10 20 07 41 9082.80000 4.86200000 298.02000 39.34000 11.81100 52.38000
 4 10 20 07 42 9082.80000 4.86200000 298.02000 39.34000 11.81100 52.38000
 4 10 20 07 42 9084.50000 4.86200000 298.02000 39.34000 11.81100 52.38000
 4 10 20 07 43 9084.50000 4.86200000 298.06000 39.34000 11.81100 52.38000
 4 10 20 07 43 9084.50000 4.86200000 298.06000 39.34000 11.81100 52.38000
 4 10 20 07 44 9080.10000 4.86200000 298.05000 39.34000 11.81100 52.38000
 4 10 20 07 44 9080.10000 4.86200000 298.00000 39.34000 11.81100 52.38000
 4 10 20 07 44 9080.10000 4.86200000 297.85000 39.34000 11.81100 52.38000
 4 10 20 07 45 9080.00000 4.86200000 297.85000 39.34000 11.81100 52.38000
 4 10 20 07 45 9080.10000 4.86200000 297.84000 39.34000 11.81100 52.38000
 4 10 20 07 46 9080.10000 4.86200000 297.84000 39.34000 11.81100 52.38000
 4 10 20 07 46 9080.10000 4.86200000 297.84000 39.34000 11.81100 52.38000
 4 10 20 07 47 9080.00000 4.86200000 297.84000 39.34000 11.81100 52.38000
 4 10 20 07 47 9080.00000 4.86200000 297.84000 39.34000 11.81100 52.38000
 4 10 20 07 47 9080.10000 4.86200000 297.84000 39.34000 11.81100 52.38000
 4 10 20 07 48 9080.10000 4.86200000 297.88000 39.34000 11.81100 52.38000
 4 10 20 07 48 9080.10000 4.86200000 297.88000 39.34000 11.81100 52.38000
 4 10 20 07 49 9080.10000 4.86200000 297.85000 39.34000 11.81100 52.38000
 4 10 20 07 49 9080.10000 4.86200000 297.96000 39.34000 11.81100 52.38000
 4 10 20 07 50 9080.00000 4.86200000 297.96000 39.34000 11.81100 52.38000
 4 10 20 07 50 9080.00000 4.86200000 297.96000 39.34000 11.81100 52.38000
 4 10 20 07 50 9080.10000 4.86200000 297.96000 39.34000 11.81100 52.38000
 4 10 20 07 51 9080.10000 4.86200000 297.88000 39.34000 11.81100 52.38000
 4 10 20 07 51 9080.10000 4.86200000 297.95000 39.34000 11.81100 52.38000
 4 10 20 07 52 9080.10000 4.86200000 297.95000 39.34000 11.81100 52.38000
 4 10 20 07 52 9080.10000 4.86200000 297.95000 39.34000 11.81100 52.38000
 4 10 20 07 53 9080.10000 4.86200000 297.95000 39.34000 11.81100 52.38000
 4 10 20 07 53 9080.10000 4.86200000 297.95000 39.34000 11.81100 52.38000
 4 10 20 07 53 9083.10000 4.86200000 298.10000 39.34000 11.81100 52.38000
 4 10 20 07 54 9083.10000 4.86200000 298.27000 39.34000 11.81100 52.38000
 4 10 20 07 54 9085.00000 4.86200000 298.27000 39.34000 11.81100 52.38000
 4 10 20 07 55 9085.10000 4.86200000 298.27000 39.34000 11.81100 52.38000
 4 10 20 07 55 9085.10000 4.86200000 298.27000 39.34000 11.81100 52.38000
 4 10 20 07 56 9083.10000 4.86200000 298.27000 39.34000 11.81100 52.38000
 4 10 20 07 56 9083.10000 4.86200000 297.98000 39.34000 11.81100 52.38000
 4 10 20 07 57 9083.10000 4.86200000 297.98000 39.34000 11.81100 52.38000
 4 10 20 07 57 9080.20000 4.86200000 297.98000 39.34000 11.81100 52.38000
 4 10 20 07 57 9080.20000 4.86200000 297.98000 39.34000 11.81100 52.38000
 4 10 20 07 58 9080.10000 4.86200000 297.98000 39.34000 11.81100 52.38000
 4 10 20 07 58 9082.00000 4.86200000 297.98000 39.34000 11.81100 52.38000
 4 10 20 07 59 9082.90000 4.86200000 297.98000 39.34000 11.81100 52.38000
 4 10 20 07 59 9082.90000 4.86200000 297.98000 39.34000 11.81100 52.38000
 4 10 20 08 00 9082.80000 4.86200000 297.98000 39.34000 11.81100 52.38000
 4 10 20 08 00 9081.10000 4.86200000 297.98000 39.34000 11.81100 52.32400
 4 10 20 08 00 9081.60000 4.86200000 297.98000 39.34000 11.81100 52.32400
 4 10 20 08 01 9081.60000 4.86200000 297.98000 39.34000 11.81100 52.32400
 4 10 20 08 01 9082.90000 4.86200000 297.98000 39.34000 11.81100 52.32400
 4 10 20 08 02 9082.90000 4.86100000 297.88000 39.34000 11.81100 52.23800
 4 10 20 08 02 9082.80000 4.86200000 297.88000 39.34000 11.81100 52.23800
 4 10 20 08 03 9082.90000 4.86200000 297.88000 39.34000 11.81100 52.23800
 4 10 20 08 03 9082.80000 4.86200000 298.15000 39.34000 11.81100 52.23800
