M=[
28 6 21 13 03 28883.70000 34.95300000 1690.39000 110.05000 15.37100 89.36500
28 6 21 13 04 28880.00000 34.95300000 1690.65000 110.05000 15.37100 89.36500
28 6 21 13 04 28879.50000 34.95300000 1690.39000 109.96000 15.37100 89.36500
28 6 21 13 04 28846.80000 34.95300000 1690.39000 109.96000 15.37100 89.36500
28 6 21 13 05 28860.10000 34.95300000 1690.00000 109.96000 15.37100 89.36500
28 6 21 13 05 28825.60000 34.95300000 1685.94000 109.70000 15.37100 89.36500
28 6 21 13 06 28778.20000 34.95300000 1685.29000 109.69000 15.37100 89.36500
28 6 21 13 06 28787.30000 34.95300000 1686.19000 109.69000 15.37100 89.36500
28 6 21 13 07 28803.50000 34.95300000 1687.06000 109.69000 15.37100 89.36500
28 6 21 13 07 28808.30000 34.95300000 1686.27000 109.60000 15.37100 89.36500
28 6 21 13 07 28850.80000 34.95300000 1688.78000 109.72000 15.37100 89.36500
28 6 21 13 08 28843.30000 34.95300000 1688.84000 109.72000 15.37100 89.36500
28 6 21 13 08 28853.50000 34.95300000 1688.99000 109.72000 15.37100 89.36500
28 6 21 13 09 28853.50000 34.95300000 1689.21000 109.72000 15.37100 89.36500
28 6 21 13 09 28853.50000 34.95300000 1688.58000 109.66000 15.37100 89.36500
28 6 21 13 10 28840.60000 34.95300000 1688.58000 109.66000 15.37100 89.36500
28 6 21 13 10 28849.70000 34.95300000 1689.58000 109.66000 15.37100 89.36500
28 6 21 13 10 28849.80000 34.95300000 1688.89000 109.66000 15.37100 89.36500
28 6 21 13 11 28822.10000 34.95300000 1689.34000 109.67000 15.37100 89.36500
28 6 21 13 11 28829.80000 34.95300000 1688.33000 109.67000 15.37100 89.36500
28 6 21 13 12 28827.30000 34.87600000 1688.93000 109.61000 15.37100 89.36500
28 6 21 13 12 28834.50000 34.87600000 1688.93000 109.64000 15.37100 89.36500
28 6 21 13 13 28833.80000 34.87600000 1688.57000 109.62000 15.37100 89.36500
28 6 21 13 13 28823.10000 34.87600000 1687.50000 109.62000 15.37100 89.36500
28 6 21 13 13 28822.50000 34.87600000 1687.85000 109.62000 15.37100 89.36500
28 6 21 13 14 28853.30000 34.87600000 1689.20000 109.69000 15.37100 89.36500
28 6 21 13 14 28863.60000 34.87600000 1688.82000 109.69000 15.37100 89.36500
28 6 21 13 15 28858.20000 34.87600000 1688.82000 109.69000 15.37100 89.36500
28 6 21 13 15 28855.30000 34.96300000 1688.02000 109.63000 15.37100 89.36500
28 6 21 13 16 28850.10000 34.96300000 1687.67000 109.63000 15.37100 89.36500
28 6 21 13 16 28875.40000 34.92500000 1688.66000 109.61000 15.37100 89.36500
28 6 21 13 16 28879.20000 34.92500000 1689.75000 109.61000 15.37100 89.36500
28 6 21 13 17 28894.20000 34.92500000 1692.46000 109.74000 15.37100 89.36500
28 6 21 13 17 28879.20000 34.92500000 1690.20000 109.70000 15.37100 89.36500
28 6 21 13 18 28879.20000 34.92500000 1690.39000 109.62000 15.37100 89.36500
28 6 21 13 18 28883.60000 34.92500000 1691.37000 109.65000 15.37100 89.36500
28 6 21 13 19 28867.90000 34.92500000 1691.75000 109.65000 15.37100 89.36500
28 6 21 13 19 28865.80000 34.92500000 1690.87000 109.65000 15.37100 89.36500
28 6 21 13 19 28865.50000 34.92500000 1690.01000 109.65000 15.37100 89.04500
28 6 21 13 20 28874.10000 34.92500000 1690.96000 109.78000 15.37100 89.04500
28 6 21 13 20 28884.40000 34.92500000 1690.96000 109.77000 15.37100 89.04500
28 6 21 13 21 28878.70000 34.92500000 1691.84000 109.77000 15.37100 89.04500
28 6 21 13 21 28881.40000 34.92500000 1691.68000 109.77000 15.37100 89.04500
28 6 21 13 22 28887.70000 34.92500000 1692.25000 109.77000 15.37100 89.04500
28 6 21 13 22 28894.30000 34.98700000 1693.35000 109.71000 15.49200 89.04500
28 6 21 13 22 28885.80000 35.08900000 1692.86000 109.72000 15.49200 89.04500
28 6 21 13 23 28885.80000 35.08900000 1692.42000 109.72000 15.49200 89.04500
28 6 21 13 23 28894.20000 35.08900000 1693.93000 109.72000 15.49200 89.03000
28 6 21 13 24 28885.90000 35.08900000 1693.22000 109.72000 15.49200 89.03000
28 6 21 13 24 28885.80000 35.08900000 1694.00000 109.72000 15.49200 89.03000
28 6 21 13 25 28885.10000 35.08900000 1692.76000 109.77000 15.49200 89.03000
28 6 21 13 25 28885.10000 35.07200000 1692.35000 109.77000 15.49200 89.03000
28 6 21 13 25 28873.80000 35.07200000 1691.91000 109.77000 15.49200 89.03000
28 6 21 13 26 28875.40000 35.07200000 1692.44000 109.77000 15.49200 89.03000
28 6 21 13 26 28857.20000 35.07200000 1692.00000 109.77000 15.49200 89.03000
28 6 21 13 27 28866.70000 35.07200000 1692.00000 109.67000 15.49200 89.03000
28 6 21 13 27 28874.70000 35.07200000 1690.79000 109.67000 15.49200 89.03000
28 6 21 13 28 28882.70000 35.07200000 1691.02000 109.74000 15.49200 89.03000
28 6 21 13 28 28885.90000 35.07200000 1692.81000 109.75000 15.49200 89.03000
28 6 21 13 28 28885.90000 35.07200000 1693.13000 109.74000 15.49200 89.03000
28 6 21 13 29 28885.80000 35.07200000 1693.13000 109.82000 15.72200 89.03000
28 6 21 13 29 28893.00000 35.07200000 1694.53000 109.82000 15.72200 89.03000
28 6 21 13 30 28941.60000 35.07200000 1698.45000 109.82000 15.72200 89.03000
28 6 21 13 30 28987.90000 35.07200000 1699.22000 109.82000 15.72200 89.03000
28 6 21 13 31 28928.40000 35.07200000 1695.05000 109.82000 15.78600 89.03000
28 6 21 13 31 28856.60000 35.07200000 1692.54000 109.82000 15.78600 89.03000
28 6 21 13 31 28872.40000 34.97000000 1692.34000 109.74000 15.78600 89.03000
28 6 21 13 32 28875.10000 34.97000000 1692.44000 109.74000 15.78600 89.03000
28 6 21 13 32 28852.70000 34.97000000 1691.71000 109.72000 15.78600 89.03000
28 6 21 13 33 28851.00000 34.97000000 1692.31000 109.72000 15.78600 89.03000
28 6 21 13 33 28821.70000 34.97000000 1690.75000 109.72000 15.78600 89.03000
28 6 21 13 34 28821.60000 34.97000000 1690.92000 109.72000 15.78600 89.03000
28 6 21 13 34 28821.70000 34.97000000 1691.04000 109.64000 15.78600 88.85100
28 6 21 13 34 28793.50000 34.97000000 1691.04000 109.64000 15.78600 88.85100
28 6 21 13 35 28808.20000 34.97000000 1690.28000 109.64000 15.78600 88.85100
28 6 21 13 35 28827.90000 34.97000000 1690.28000 109.64000 15.78600 88.85100
28 6 21 13 36 28807.20000 34.97000000 1690.51000 109.64000 15.78600 88.85100
28 6 21 13 36 28833.60000 34.97000000 1690.92000 109.64000 15.78600 88.85100
28 6 21 13 37 28834.80000 34.97000000 1690.91000 109.64000 15.78600 88.85100
28 6 21 13 37 28828.10000 34.97000000 1692.10000 109.64000 15.78600 88.57700
28 6 21 13 37 28823.00000 34.97000000 1690.83000 109.64000 15.78600 88.57700
28 6 21 13 38 28826.70000 34.97000000 1690.95000 109.72000 15.78600 88.57700
28 6 21 13 38 28839.90000 34.97000000 1691.30000 109.72000 15.78600 88.57700
28 6 21 13 39 28800.10000 34.97000000 1691.04000 109.63000 15.78600 88.57700
28 6 21 13 39 28798.10000 34.97000000 1688.74000 109.61000 15.78600 88.57700
28 6 21 13 40 28777.00000 34.97000000 1687.43000 109.61000 15.78600 88.57700
28 6 21 13 40 28798.10000 34.97000000 1689.25000 109.61000 15.78600 88.57700
28 6 21 13 40 28798.10000 34.97000000 1690.00000 109.61000 15.78600 88.57700
28 6 21 13 41 28767.60000 34.97000000 1687.82000 109.60000 15.78600 88.57700
28 6 21 13 41 28774.50000 34.97000000 1688.05000 109.55000 15.78600 88.57700
28 6 21 13 42 28786.90000 34.97000000 1688.68000 109.54000 15.78600 88.57700
28 6 21 13 42 28751.00000 34.97000000 1688.24000 109.54000 15.78600 88.62600
28 6 21 13 43 28745.90000 34.97000000 1685.87000 109.44000 15.78600 88.62600
28 6 21 13 43 28786.10000 34.97000000 1689.68000 109.50000 15.78600 88.67700
28 6 21 13 43 28774.80000 34.97000000 1687.55000 109.50000 15.78600 88.67700
28 6 21 13 44 28806.10000 34.97000000 1689.63000 109.56000 15.78600 88.67700
28 6 21 13 44 28797.50000 34.97000000 1688.95000 109.56000 15.78600 88.67700
28 6 21 13 45 28801.70000 34.97000000 1688.46000 109.56000 15.78600 88.67700
28 6 21 13 45 28786.90000 34.97000000 1687.31000 109.56000 15.78600 88.67700
28 6 21 13 46 28769.40000 34.97000000 1687.09000 109.47000 15.78600 88.67700
28 6 21 13 46 28740.30000 34.97000000 1684.92000 109.31000 15.78600 88.29700
28 6 21 13 46 28700.00000 34.97000000 1682.00000 109.31000 15.78600 88.29700
28 6 21 13 47 28740.70000 34.97000000 1685.45000 109.31000 15.78600 88.29700
