M=[
29 4 21 19 03 43692.40000 28.19500000 2255.74000 207.93000 32.94600 188.22800
29 4 21 19 04 43667.30000 28.19500000 2253.16000 207.93000 32.94600 188.22800
29 4 21 19 04 43667.80000 28.19500000 2251.93000 207.88000 32.94600 188.22800
29 4 21 19 05 43668.60000 28.19500000 2251.64000 207.88000 32.94600 188.22800
29 4 21 19 05 43668.60000 28.19500000 2252.30000 207.73000 32.94600 188.22800
29 4 21 19 05 43676.40000 28.19500000 2252.67000 207.73000 32.94600 188.22800
29 4 21 19 06 43677.20000 28.19500000 2253.11000 207.73000 32.94600 188.22800
29 4 21 19 06 43676.50000 28.19500000 2253.42000 207.73000 32.94600 188.22800
29 4 21 19 07 43676.50000 28.19500000 2253.69000 207.73000 32.94600 188.22800
29 4 21 19 07 43676.40000 28.19500000 2256.66000 208.11000 32.94600 188.22800
29 4 21 19 08 43676.40000 28.19500000 2257.04000 208.12000 32.94600 188.22800
29 4 21 19 08 43732.50000 28.19200000 2257.45000 208.31000 32.94600 188.22800
29 4 21 19 08 43754.10000 28.19200000 2256.16000 208.31000 32.94600 188.22800
29 4 21 19 09 43757.90000 28.19200000 2255.89000 208.33000 32.94600 188.22800
29 4 21 19 09 43754.00000 28.19200000 2255.89000 208.19000 32.94600 188.22800
29 4 21 19 10 43754.10000 28.19200000 2255.92000 208.37000 32.94600 188.22800
29 4 21 19 10 43760.60000 28.19200000 2256.61000 208.38000 32.94600 188.22800
29 4 21 19 11 43763.30000 28.19200000 2255.92000 208.38000 32.94600 188.22800
29 4 21 19 11 43763.30000 28.19200000 2255.92000 208.40000 32.94600 188.22800
29 4 21 19 11 43763.70000 28.19200000 2256.07000 208.40000 32.94600 188.34800
29 4 21 19 12 43754.00000 28.19200000 2255.76000 208.44000 32.94600 188.34800
29 4 21 19 12 43713.10000 28.19200000 2254.10000 208.40000 32.94600 188.34800
29 4 21 19 13 43761.00000 28.19200000 2253.78000 208.45000 32.94600 188.34800
29 4 21 19 13 43761.10000 28.19200000 2253.79000 208.37000 32.94600 188.34800
29 4 21 19 14 43743.70000 28.19200000 2253.79000 208.31000 32.94600 188.34800
29 4 21 19 14 43724.40000 28.19200000 2253.21000 208.36000 32.94600 188.34800
29 4 21 19 14 43724.40000 28.19200000 2253.21000 208.36000 32.94600 188.34800
29 4 21 19 15 43724.40000 28.13300000 2253.81000 208.36000 32.94600 188.34800
29 4 21 19 15 43730.40000 28.14000000 2253.29000 208.36000 32.94600 188.34800
29 4 21 19 16 43722.50000 28.12100000 2252.11000 208.13000 32.94600 188.34800
29 4 21 19 16 43705.20000 28.12100000 2251.30000 208.13000 32.94600 188.34800
29 4 21 19 17 43709.10000 28.12100000 2250.06000 208.13000 32.94600 188.34800
29 4 21 19 17 43744.30000 28.12100000 2250.64000 207.94000 32.94600 188.20800
29 4 21 19 17 43753.50000 28.12100000 2254.25000 207.94000 32.94600 188.20800
29 4 21 19 18 43765.70000 28.12100000 2255.90000 208.34000 32.94600 188.20800
29 4 21 19 18 43728.70000 28.12100000 2254.69000 208.34000 32.94600 188.20800
29 4 21 19 19 43711.90000 28.12100000 2253.35000 208.21000 32.94600 188.20800
29 4 21 19 19 43711.90000 28.12100000 2250.15000 208.09000 32.94600 188.20800
29 4 21 19 20 43691.70000 28.12100000 2250.00000 208.04000 32.54200 188.20800
29 4 21 19 20 43705.80000 28.12100000 2250.00000 208.06000 32.54200 188.20800
29 4 21 19 20 43691.80000 28.12100000 2250.00000 208.06000 32.54200 188.20800
29 4 21 19 21 43691.80000 28.12100000 2249.99000 208.06000 32.54200 188.20800
29 4 21 19 21 43676.50000 28.12100000 2248.65000 207.86000 32.54200 188.00000
29 4 21 19 22 43684.60000 28.12100000 2249.85000 208.01000 32.54200 188.00000
29 4 21 19 22 43676.50000 28.12100000 2248.35000 207.93000 32.54200 188.00000
29 4 21 19 23 43676.50000 28.12100000 2248.58000 207.93000 32.54200 188.00000
29 4 21 19 23 43621.90000 28.12100000 2247.34000 207.71000 32.54200 187.85500
29 4 21 19 23 43621.90000 28.12100000 2245.62000 207.71000 32.54200 187.85500
29 4 21 19 24 43635.80000 28.12100000 2244.99000 207.71000 32.54200 187.53700
29 4 21 19 24 43634.90000 28.12100000 2245.00000 207.78000 32.54200 187.97800
29 4 21 19 25 43647.80000 28.12100000 2248.93000 207.78000 32.73200 187.97800
29 4 21 19 25 43701.70000 28.12100000 2248.23000 208.20000 32.73200 187.97800
29 4 21 19 26 43701.40000 28.12100000 2249.32000 208.20000 32.73200 187.97800
29 4 21 19 26 43661.00000 28.12100000 2247.59000 208.20000 32.73200 187.97800
29 4 21 19 26 43700.80000 28.12100000 2249.99000 208.20000 32.73200 187.97800
29 4 21 19 27 43720.70000 28.12100000 2249.99000 208.20000 32.73200 187.97800
29 4 21 19 27 43759.80000 28.12100000 2255.19000 208.20000 32.73200 187.97800
29 4 21 19 28 43752.60000 28.13600000 2254.08000 208.47000 32.70900 187.97800
29 4 21 19 28 43765.50000 28.13600000 2255.00000 208.84000 32.70900 187.97800
29 4 21 19 29 43766.30000 28.13600000 2254.99000 208.70000 32.70900 187.97800
29 4 21 19 29 43760.60000 28.13600000 2254.53000 208.70000 32.70900 187.97800
29 4 21 19 29 43766.70000 28.16000000 2255.00000 208.70000 32.70900 187.97800
29 4 21 19 30 43792.90000 28.16400000 2256.45000 208.70000 32.70900 187.97800
29 4 21 19 30 43762.50000 28.16400000 2255.58000 208.56000 32.70900 187.97800
29 4 21 19 31 43776.20000 28.16400000 2256.51000 208.65000 32.70900 187.97800
29 4 21 19 31 43774.10000 28.16400000 2255.68000 208.65000 32.70900 187.97800
29 4 21 19 32 43753.80000 28.16400000 2255.00000 208.56000 32.70900 187.97800
29 4 21 19 32 43750.10000 28.16400000 2255.20000 208.56000 32.70900 187.97800
29 4 21 19 32 43750.10000 28.16400000 2254.89000 208.56000 32.70900 187.97800
29 4 21 19 33 43750.00000 28.16400000 2253.95000 208.56000 32.70900 187.97800
29 4 21 19 33 43735.60000 28.16400000 2254.60000 208.56000 32.70900 187.97800
29 4 21 19 34 43734.30000 28.16400000 2254.62000 208.55000 32.70900 187.97800
29 4 21 19 34 43701.70000 28.16400000 2252.07000 208.25000 32.70900 187.97800
29 4 21 19 35 43701.50000 28.16400000 2253.03000 208.36000 32.70900 187.83500
29 4 21 19 35 43701.60000 28.16400000 2254.74000 208.36000 32.70900 187.83500
29 4 21 19 35 43662.30000 28.16400000 2252.85000 208.36000 32.70900 187.83500
29 4 21 19 36 43670.10000 28.16400000 2252.36000 208.36000 32.70900 188.08200
29 4 21 19 36 43663.70000 28.16400000 2250.31000 208.54000 32.70900 188.08200
29 4 21 19 37 43667.70000 28.10000000 2250.98000 208.25000 32.70900 188.08200
29 4 21 19 37 43667.80000 28.10000000 2250.44000 208.25000 32.70900 188.08200
29 4 21 19 38 43655.10000 28.13900000 2251.36000 208.27000 32.55900 188.09900
29 4 21 19 38 43694.90000 28.13900000 2252.00000 208.27000 32.55900 188.09900
29 4 21 19 38 43695.70000 28.07200000 2251.99000 208.27000 32.55900 188.09900
29 4 21 19 39 43683.00000 28.07200000 2252.00000 208.27000 32.55900 188.09900
29 4 21 19 39 43683.00000 28.10000000 2251.32000 208.34000 32.55900 188.09900
29 4 21 19 40 43661.40000 28.10000000 2251.31000 208.13000 32.55900 188.09900
29 4 21 19 40 43661.30000 28.10000000 2250.52000 208.13000 32.55900 188.04100
29 4 21 19 41 43661.30000 28.10000000 2250.64000 208.25000 32.71100 188.04100
29 4 21 19 41 43661.30000 28.10000000 2249.81000 208.25000 32.71100 188.04100
29 4 21 19 41 43661.30000 28.10000000 2249.37000 208.25000 32.71100 188.04100
29 4 21 19 42 43667.30000 28.10000000 2252.00000 209.19000 32.86200 188.04100
29 4 21 19 42 43667.30000 28.10000000 2252.00000 209.23000 32.86200 188.04100
29 4 21 19 43 43667.20000 28.09300000 2252.00000 209.27000 32.86200 188.04100
29 4 21 19 43 43686.40000 28.09300000 2253.02000 209.18000 32.86200 188.04100
29 4 21 19 44 43701.60000 28.09300000 2254.81000 209.29000 32.86200 188.04100
29 4 21 19 44 43750.00000 28.10000000 2256.09000 209.31000 32.86200 188.04100
29 4 21 19 44 43734.30000 28.10000000 2255.97000 209.19000 32.86200 188.04100
29 4 21 19 45 43710.30000 28.10000000 2254.72000 209.00000 32.86200 188.04100
29 4 21 19 45 43694.00000 28.18200000 2254.72000 208.99000 32.86200 188.04100
29 4 21 19 46 43694.00000 28.18200000 2253.17000 208.73000 32.86200 188.04100
29 4 21 19 46 43694.00000 28.18200000 2253.35000 208.73000 32.86200 188.04100
29 4 21 19 47 43694.00000 28.18200000 2253.35000 209.00000 32.86200 188.04100
