M=[
18 12 20 19 05 18575.10000 5.20600000 526.88000 87.25000 16.43000 60.21000
18 12 20 19 06 18575.10000 5.20600000 526.80000 87.25000 16.34100 60.21000
18 12 20 19 06 18575.10000 5.20600000 526.80000 87.34000 16.34100 60.21000
18 12 20 19 06 18579.80000 5.20600000 526.99000 87.46000 16.34100 60.21000
18 12 20 19 07 18584.20000 5.20600000 527.12000 87.44000 16.34100 60.21000
18 12 20 19 07 18584.20000 5.20600000 527.12000 87.44000 16.34100 60.21000
18 12 20 19 08 18590.10000 5.20600000 527.12000 87.58000 16.34100 60.21000
18 12 20 19 08 18584.00000 5.20600000 527.12000 87.58000 16.34100 60.21000
18 12 20 19 09 18581.00000 5.20600000 527.10000 87.58000 16.34100 60.21000
18 12 20 19 09 18585.00000 5.20600000 527.12000 87.58000 16.34100 60.21000
18 12 20 19 09 18588.40000 5.20600000 527.13000 87.58000 16.34100 60.21000
18 12 20 19 10 18590.10000 5.20600000 527.15000 87.58000 16.34100 60.21000
18 12 20 19 10 18582.40000 5.20600000 527.22000 87.54000 16.34100 60.21000
18 12 20 19 11 18590.10000 5.20600000 527.22000 87.54000 16.34100 60.21000
18 12 20 19 11 18589.10000 5.20600000 527.22000 87.54000 16.34100 60.21000
18 12 20 19 12 18582.10000 5.20600000 526.81000 87.36000 16.34100 60.21000
18 12 20 19 12 18571.50000 5.20600000 526.81000 87.36000 16.34100 60.21000
18 12 20 19 12 18564.90000 5.20600000 526.71000 87.27000 16.34100 60.21000
18 12 20 19 13 18557.90000 5.20600000 526.70000 87.15000 16.34100 60.21000
18 12 20 19 13 18555.80000 5.20600000 526.70000 87.14000 16.34100 60.21000
18 12 20 19 14 18561.70000 5.20600000 526.45000 87.09000 16.34100 60.21000
18 12 20 19 14 18562.20000 5.20600000 526.42000 87.09000 16.34100 60.21000
18 12 20 19 15 18563.90000 5.20600000 526.28000 87.09000 16.24900 60.21000
18 12 20 19 15 18578.20000 5.20600000 526.62000 87.22000 16.19500 60.21000
18 12 20 19 15 18575.90000 5.20600000 526.62000 87.30000 16.19500 60.21000
18 12 20 19 16 18572.10000 5.20600000 526.32000 87.30000 16.19500 60.21000
18 12 20 19 16 18570.00000 5.20600000 526.32000 87.30000 16.19500 60.21000
18 12 20 19 17 18568.40000 5.20600000 526.45000 87.30000 16.19500 60.21000
18 12 20 19 17 18572.40000 5.20600000 526.46000 87.30000 16.19500 60.21000
18 12 20 19 18 18572.20000 5.20600000 526.52000 87.31000 16.19500 60.21000
18 12 20 19 18 18565.50000 5.20600000 526.41000 87.31000 16.19500 60.21000
18 12 20 19 18 18571.90000 5.20600000 526.46000 87.44000 16.19500 60.21000
18 12 20 19 19 18569.90000 5.20600000 526.46000 87.44000 16.19500 60.21000
18 12 20 19 19 18569.20000 5.20600000 526.12000 87.37000 16.19500 60.21000
18 12 20 19 20 18569.30000 5.20600000 526.02000 87.26000 16.19500 60.12700
18 12 20 19 20 18574.70000 5.20600000 526.04000 87.26000 16.19500 60.12700
18 12 20 19 21 18574.70000 5.20600000 525.96000 87.26000 16.19500 60.12700
18 12 20 19 21 18576.10000 5.20600000 526.02000 87.26000 16.19500 60.12700
18 12 20 19 21 18572.60000 5.20600000 526.02000 87.26000 16.19500 60.12700
18 12 20 19 22 18578.00000 5.19800000 526.02000 87.26000 16.09300 60.12700
18 12 20 19 22 18574.20000 5.19800000 525.65000 87.34000 16.09300 60.12700
18 12 20 19 23 18571.70000 5.19800000 525.65000 87.34000 16.09300 60.12700
18 12 20 19 23 18574.00000 5.19800000 525.64000 87.34000 16.09300 60.12700
18 12 20 19 24 18570.90000 5.19800000 525.64000 87.34000 16.09300 60.12700
18 12 20 19 24 18560.30000 5.19800000 525.64000 87.34000 16.09300 60.12700
18 12 20 19 24 18562.00000 5.19800000 525.64000 87.35000 16.09300 60.12700
18 12 20 19 25 18560.80000 5.19800000 525.74000 87.35000 16.09300 60.12700
18 12 20 19 25 18560.90000 5.19800000 525.82000 87.34000 16.09300 60.12700
18 12 20 19 26 18550.10000 5.19800000 525.75000 87.34000 16.09300 60.06200
18 12 20 19 26 18537.30000 5.19800000 525.65000 87.34000 16.09300 60.06200
18 12 20 19 27 18537.50000 5.19800000 525.65000 87.24000 15.97100 60.06200
18 12 20 19 27 18537.50000 5.19800000 525.65000 87.34000 15.97100 60.06200
18 12 20 19 27 18537.40000 5.19800000 525.64000 87.22000 15.97100 60.06200
18 12 20 19 28 18537.50000 5.19800000 525.64000 87.22000 15.97100 60.06200
18 12 20 19 28 18537.50000 5.19800000 525.64000 87.25000 15.97100 60.06200
18 12 20 19 29 18530.10000 5.19800000 525.50000 87.13000 15.97100 60.03900
18 12 20 19 29 18504.60000 5.19800000 524.26000 86.96000 15.97100 60.03900
18 12 20 19 30 18501.00000 5.19800000 523.42000 86.95000 15.97100 60.03900
18 12 20 19 30 18501.10000 5.19800000 523.78000 86.77000 15.97100 60.03900
18 12 20 19 30 18504.60000 5.19800000 524.03000 86.87000 15.97100 60.03900
18 12 20 19 31 18502.80000 5.19800000 523.79000 86.80000 15.97100 60.03900
18 12 20 19 31 18504.70000 5.19800000 523.97000 86.82000 15.97100 60.03900
18 12 20 19 32 18505.00000 5.19800000 524.12000 86.88000 15.97100 60.03900
18 12 20 19 32 18505.00000 5.19800000 524.05000 86.88000 15.97100 60.03900
18 12 20 19 33 18505.00000 5.19800000 524.03000 86.68000 15.98100 60.03900
18 12 20 19 33 18505.00000 5.19800000 523.86000 86.51000 15.98100 60.03900
18 12 20 19 33 18509.20000 5.19800000 523.86000 86.39000 15.98100 60.03900
18 12 20 19 34 18507.40000 5.19800000 523.71000 86.39000 15.98100 60.03900
18 12 20 19 34 18505.50000 5.19800000 524.18000 86.30000 15.98100 60.03900
18 12 20 19 35 18503.20000 5.19800000 524.18000 86.38000 15.98100 60.03900
18 12 20 19 35 18503.10000 5.19800000 524.05000 86.38000 15.98100 60.03900
18 12 20 19 36 18512.80000 5.19800000 524.23000 86.38000 15.98100 60.03900
18 12 20 19 36 18514.10000 5.19800000 524.23000 86.47000 15.98100 60.03900
18 12 20 19 36 18508.90000 5.19800000 524.26000 86.47000 15.98100 60.03900
18 12 20 19 37 18514.00000 5.19800000 524.26000 86.47000 15.98100 60.03900
18 12 20 19 37 18514.00000 5.19800000 524.35000 86.36000 15.98100 60.03900
18 12 20 19 38 18514.00000 5.19800000 524.34000 86.55000 15.98100 60.03900
18 12 20 19 38 18519.60000 5.19800000 524.35000 86.55000 15.98100 60.03900
18 12 20 19 39 18508.00000 5.19800000 524.33000 86.54000 15.98100 60.03900
18 12 20 19 39 18513.70000 5.19800000 524.33000 86.54000 16.02000 60.03900
18 12 20 19 39 18520.80000 5.19800000 524.33000 86.54000 16.02000 60.03900
18 12 20 19 40 18520.80000 5.18200000 524.35000 86.54000 16.02000 60.03900
18 12 20 19 40 18522.00000 5.18200000 524.53000 86.54000 15.93400 59.67200
18 12 20 19 41 18520.10000 5.18200000 524.53000 86.54000 15.93400 59.67200
18 12 20 19 41 18520.10000 5.18200000 524.66000 86.54000 15.93400 59.67200
18 12 20 19 42 18520.30000 5.18200000 524.77000 86.54000 15.82000 59.69700
18 12 20 19 42 18520.30000 5.18200000 524.71000 86.53000 15.82000 59.69700
18 12 20 19 42 18520.40000 5.16100000 524.71000 86.54000 15.82000 59.69700
18 12 20 19 43 18521.90000 5.16100000 524.71000 86.54000 15.82000 59.69700
18 12 20 19 43 18522.00000 5.16100000 524.64000 86.54000 15.88200 59.69700
18 12 20 19 44 18522.00000 5.16100000 524.66000 86.54000 15.88200 59.69700
18 12 20 19 44 18522.00000 5.16100000 524.81000 86.59000 15.88200 59.69700
18 12 20 19 45 18538.80000 5.16400000 524.81000 86.67000 15.88200 59.69700
18 12 20 19 45 18538.70000 5.16400000 525.03000 86.68000 15.88200 59.69700
18 12 20 19 45 18543.70000 5.16400000 525.01000 86.68000 15.88200 59.69700
18 12 20 19 46 18543.80000 5.18200000 525.09000 86.69000 15.88200 59.69700
18 12 20 19 46 18550.00000 5.18200000 525.24000 86.75000 15.87000 59.69700
18 12 20 19 47 18558.30000 5.18200000 525.14000 86.75000 15.89000 59.69700
18 12 20 19 47 18559.20000 5.18200000 525.14000 86.75000 15.89000 59.69700
18 12 20 19 48 18559.80000 5.18200000 525.40000 86.76000 15.89000 59.69700
18 12 20 19 48 18559.70000 5.18200000 525.42000 86.76000 15.90300 59.69700
18 12 20 19 48 18560.80000 5.18200000 525.61000 86.76000 15.90300 59.69700
18 12 20 19 49 18566.00000 5.18200000 525.61000 86.76000 15.90300 59.69700
18 12 20 19 49 18566.00000 5.18200000 525.65000 86.76000 15.90300 59.69700
18 12 20 19 50 18566.00000 5.18200000 525.66000 86.75000 15.90300 59.69700
18 12 20 19 50 18566.00000 5.18200000 525.74000 86.75000 15.90300 59.69700
