M=[
 8 9 20 21 13 8506.90000 4.26300000 284.86000 39.84000 13.76500 49.45900
 8 9 20 21 13 8513.20000 4.26300000 285.14000 39.89000 13.76500 49.45900
 8 9 20 21 14 8515.10000 4.26300000 285.38000 39.89000 13.76500 49.45900
 8 9 20 21 14 8515.00000 4.26300000 285.38000 39.89000 13.76500 49.45900
 8 9 20 21 14 8515.00000 4.26300000 285.12000 39.91000 13.76500 49.45900
 8 9 20 21 15 8506.90000 4.26300000 285.08000 39.91000 13.76500 49.45900
 8 9 20 21 15 8502.40000 4.26300000 284.72000 39.91000 13.76500 49.45900
 8 9 20 21 16 8501.30000 4.25800000 284.66000 39.91000 13.76500 49.45900
 8 9 20 21 16 8501.30000 4.25100000 284.61000 39.91000 13.76500 49.45900
 8 9 20 21 17 8499.90000 4.25100000 284.40000 39.91000 13.76500 49.45900
 8 9 20 21 17 8499.90000 4.25100000 284.23000 39.91000 13.76500 49.45900
 8 9 20 21 18 8499.80000 4.25100000 284.23000 39.91000 13.76500 49.45900
 8 9 20 21 18 8499.90000 4.25100000 284.52000 39.91000 13.76500 49.45900
 8 9 20 21 18 8507.10000 4.25100000 284.60000 39.82000 13.76500 49.45900
 8 9 20 21 19 8508.00000 4.25100000 284.73000 39.82000 13.76500 49.45900
 8 9 20 21 19 8509.80000 4.25100000 284.97000 39.82000 13.76500 49.45900
 8 9 20 21 20 8512.50000 4.25100000 284.97000 39.82000 13.76500 49.45900
 8 9 20 21 20 8513.00000 4.26900000 285.18000 39.82000 13.76500 49.45900
 8 9 20 21 21 8513.00000 4.26900000 285.25000 39.82000 13.76500 49.45900
 8 9 20 21 21 8514.30000 4.26900000 285.36000 39.82000 13.76500 49.45900
 8 9 20 21 21 8513.50000 4.26900000 285.36000 39.82000 13.76500 49.45900
 8 9 20 21 22 8515.00000 4.26900000 285.38000 39.99000 13.76500 49.45900
 8 9 20 21 22 8514.60000 4.27400000 285.38000 40.06000 13.76500 49.45900
 8 9 20 21 23 8526.70000 4.27400000 285.38000 40.06000 13.76500 49.45900
 8 9 20 21 23 8528.00000 4.27400000 285.71000 40.06000 13.76500 49.45900
 8 9 20 21 24 8528.10000 4.27400000 285.71000 40.06000 13.76500 49.80700
 8 9 20 21 24 8525.20000 4.27400000 285.66000 40.06000 13.76500 49.80700
 8 9 20 21 24 8520.10000 4.27900000 285.66000 40.06000 13.76500 49.80700
 8 9 20 21 25 8518.70000 4.29700000 285.61000 40.08000 13.62900 49.71600
 8 9 20 21 25 8516.30000 4.29700000 285.61000 40.08000 13.59700 49.71600
 8 9 20 21 26 8512.50000 4.29700000 285.54000 40.08000 13.59700 49.77700
 8 9 20 21 26 8514.20000 4.28100000 285.53000 40.08000 13.54800 49.77700
 8 9 20 21 27 8515.20000 4.28100000 285.39000 40.08000 13.61200 49.77700
 8 9 20 21 27 8515.10000 4.28100000 285.45000 40.08000 13.61200 49.77700
 8 9 20 21 27 8515.20000 4.28100000 285.45000 40.08000 13.61200 49.77700
 8 9 20 21 28 8515.10000 4.28100000 285.42000 40.08000 13.61200 49.77700
 8 9 20 21 28 8515.20000 4.28600000 285.42000 40.08000 13.61200 49.77700
 8 9 20 21 29 8515.10000 4.28600000 285.42000 40.08000 13.61200 49.77700
 8 9 20 21 29 8513.80000 4.29600000 285.04000 40.08000 13.61200 49.77700
 8 9 20 21 30 8512.50000 4.29600000 285.01000 40.08000 13.61200 49.77700
 8 9 20 21 30 8512.60000 4.29600000 285.01000 40.08000 13.61200 49.77700
 8 9 20 21 30 8512.50000 4.28100000 285.01000 40.08000 13.61200 49.77700
 8 9 20 21 31 8512.50000 4.28100000 285.01000 40.08000 13.61200 49.77700
 8 9 20 21 31 8512.50000 4.28100000 285.01000 40.08000 13.57300 49.77700
 8 9 20 21 32 8510.30000 4.28100000 284.80000 40.08000 13.57300 49.56000
 8 9 20 21 32 8500.80000 4.28100000 284.51000 40.08000 13.57300 49.56000
 8 9 20 21 33 8500.00000 4.27100000 284.38000 40.08000 13.57300 49.56000
 8 9 20 21 33 8501.10000 4.27100000 284.38000 40.08000 13.57300 49.56000
 8 9 20 21 33 8501.60000 4.27100000 284.38000 40.08000 13.57300 49.56000
 8 9 20 21 34 8501.50000 4.28400000 284.24000 40.08000 13.56100 49.56000
 8 9 20 21 34 8500.10000 4.27300000 284.20000 40.08000 13.56100 49.56000
 8 9 20 21 35 8502.60000 4.27300000 284.20000 40.08000 13.56100 49.56000
 8 9 20 21 35 8502.60000 4.27300000 284.25000 39.86000 13.56100 49.56000
 8 9 20 21 36 8508.60000 4.27300000 284.42000 39.86000 13.56100 49.56000
 8 9 20 21 36 8509.50000 4.27300000 284.42000 39.86000 13.56100 49.56000
 8 9 20 21 36 8509.50000 4.27200000 284.42000 39.86000 13.56100 49.56000
 8 9 20 21 37 8512.60000 4.27200000 284.90000 39.86000 13.56100 49.56000
 8 9 20 21 37 8512.60000 4.27200000 284.96000 39.93000 13.55800 49.56000
 8 9 20 21 38 8513.50000 4.27200000 284.96000 39.93000 13.55800 49.56000
 8 9 20 21 38 8517.80000 4.27200000 284.96000 39.93000 13.56100 49.56000
 8 9 20 21 39 8517.70000 4.27700000 284.96000 39.93000 13.56100 49.56000
 8 9 20 21 39 8524.70000 4.27700000 285.40000 39.93000 13.56100 49.56000
 8 9 20 21 39 8523.30000 4.27700000 285.42000 39.93000 13.56100 49.56000
 8 9 20 21 40 8524.60000 4.27700000 285.42000 40.05000 13.56100 49.56000
 8 9 20 21 40 8521.60000 4.27700000 285.42000 40.05000 13.56100 49.56000
 8 9 20 21 41 8513.40000 4.28400000 285.64000 40.05000 13.56100 49.56000
 8 9 20 21 41 8503.00000 4.28400000 285.64000 40.05000 13.56100 49.56000
 8 9 20 21 42 8501.10000 4.28400000 285.18000 40.06000 13.56100 49.56000
 8 9 20 21 42 8501.20000 4.28400000 285.18000 40.06000 13.56100 49.56000
 8 9 20 21 42 8501.10000 4.28400000 285.18000 40.06000 13.56100 49.56000
 8 9 20 21 43 8500.10000 4.28400000 285.11000 40.06000 13.56100 49.56000
 8 9 20 21 43 8500.10000 4.28400000 285.11000 40.06000 13.61200 49.56000
 8 9 20 21 44 8498.60000 4.28400000 285.10000 40.06000 13.61200 49.56000
 8 9 20 21 44 8496.10000 4.28400000 285.10000 40.03000 13.61200 49.56000
 8 9 20 21 45 8495.00000 4.27400000 285.00000 40.03000 13.61200 49.56000
 8 9 20 21 45 8495.10000 4.27400000 284.60000 40.00000 13.61200 49.56000
 8 9 20 21 45 8495.10000 4.27400000 284.37000 40.00000 13.61200 49.56000
 8 9 20 21 46 8495.10000 4.27400000 284.45000 40.00000 13.61200 49.56000
 8 9 20 21 46 8499.40000 4.27400000 284.45000 40.00000 13.61200 49.56000
 8 9 20 21 47 8499.40000 4.27400000 285.12000 40.00000 13.61200 49.56000
 8 9 20 21 47 8504.60000 4.27400000 285.12000 40.00000 13.61200 49.56000
 8 9 20 21 48 8508.40000 4.27600000 285.64000 40.00000 13.61200 49.56000
 8 9 20 21 48 8508.40000 4.27600000 285.53000 40.00000 13.61200 49.56000
 8 9 20 21 49 8510.60000 4.27600000 285.53000 40.00000 13.55000 49.56000
 8 9 20 21 49 8513.50000 4.27600000 285.53000 40.00000 13.55900 49.56000
 8 9 20 21 49 8517.40000 4.27600000 285.53000 40.00000 13.55900 49.56000
 8 9 20 21 50 8521.50000 4.27600000 285.53000 40.14000 13.55900 49.56000
 8 9 20 21 50 8520.20000 4.27600000 285.53000 40.14000 13.55900 49.56000
 8 9 20 21 51 8520.20000 4.27600000 287.28000 40.22000 13.55900 49.56000
 8 9 20 21 51 8521.40000 4.29900000 287.28000 40.22000 13.55900 50.20900
 8 9 20 21 52 8522.30000 4.29800000 287.31000 40.22000 13.55900 50.20900
 8 9 20 21 52 8522.30000 4.29800000 287.03000 40.22000 13.55900 50.20900
 8 9 20 21 52 8522.30000 4.29800000 287.03000 40.22000 13.55900 50.20900
 8 9 20 21 53 8522.40000 4.29800000 286.95000 40.34000 13.55900 50.20900
 8 9 20 21 53 8544.70000 4.29900000 288.28000 40.35000 13.55900 50.41600
 8 9 20 21 54 8545.40000 4.29900000 288.28000 40.35000 13.64200 50.21000
 8 9 20 21 54 8545.50000 4.29900000 288.00000 40.35000 13.64100 50.21000
 8 9 20 21 55 8537.50000 4.29900000 288.00000 40.35000 13.64100 50.21000
 8 9 20 21 55 8538.50000 4.29900000 287.18000 40.40000 13.64100 50.21000
 8 9 20 21 56 8544.50000 4.29900000 287.18000 40.40000 13.65800 50.21000
 8 9 20 21 56 8544.00000 4.32500000 287.67000 40.40000 13.65800 50.21000
 8 9 20 21 56 8543.30000 4.32500000 287.67000 40.40000 13.65800 50.21000
 8 9 20 21 57 8546.00000 4.32500000 288.46000 40.39000 13.65800 50.21000
 8 9 20 21 57 8547.80000 4.32500000 288.96000 40.41000 13.65800 50.36600
 8 9 20 21 58 8546.10000 4.32500000 288.63000 40.41000 13.65800 50.39400
 8 9 20 21 58 8537.80000 4.32500000 288.48000 40.41000 13.65800 50.39400
 8 9 20 21 59 8534.20000 4.32500000 288.24000 40.41000 13.65600 50.39400
 8 9 20 21 59 8527.30000 4.32500000 288.00000 40.41000 13.65600 50.18300
 8 9 20 22 00 8533.10000 4.32500000 288.00000 40.41000 13.65600 50.18300
