M=[
 6 11 20 23 42 13174.70000 4.55900000 384.00000 53.12000 12.30000 51.80600
 6 11 20 23 43 13132.10000 4.55900000 384.00000 53.05000 12.30000 51.76800
 6 11 20 23 43 13145.50000 4.55900000 383.85000 53.05000 12.30000 51.76800
 6 11 20 23 44 13135.50000 4.53200000 383.75000 53.05000 12.30000 51.76800
 6 11 20 23 44 13145.30000 4.53200000 383.75000 53.01000 12.16000 51.76800
 6 11 20 23 44 13165.30000 4.53200000 384.03000 53.09000 12.16000 51.76800
 6 11 20 23 45 13160.50000 4.53200000 384.03000 53.15000 12.16000 51.70800
 6 11 20 23 45 13166.50000 4.53200000 384.03000 53.18000 12.16000 51.70800
 6 11 20 23 46 13156.80000 4.53200000 384.03000 53.18000 12.16000 51.70800
 6 11 20 23 46 13162.50000 4.53200000 384.18000 53.18000 12.16000 51.70800
 6 11 20 23 47 13148.90000 4.53200000 384.20000 53.18000 12.16000 51.70800
 6 11 20 23 47 13153.10000 4.53200000 384.26000 53.24000 12.16000 51.70800
 6 11 20 23 47 13146.10000 4.53200000 383.99000 53.24000 12.16000 51.70900
 6 11 20 23 48 13150.70000 4.53200000 384.07000 53.24000 12.16000 51.70900
 6 11 20 23 48 13154.00000 4.53200000 384.40000 53.22000 12.16000 51.70900
 6 11 20 23 49 13153.00000 4.53200000 384.57000 53.21000 12.16000 51.70900
 6 11 20 23 49 13152.40000 4.53200000 384.36000 53.21000 12.16000 51.70900
 6 11 20 23 50 13149.70000 4.53200000 384.37000 53.21000 12.16000 51.70900
 6 11 20 23 50 13137.60000 4.53200000 384.25000 53.21000 12.16000 51.69100
 6 11 20 23 51 13133.00000 4.53200000 383.91000 53.21000 12.16000 51.69100
 6 11 20 23 51 13115.00000 4.53200000 383.36000 53.21000 12.16000 51.69100
 6 11 20 23 51 13130.80000 4.53200000 383.46000 53.21000 12.16000 51.63500
 6 11 20 23 52 13130.10000 4.53200000 383.46000 53.09000 12.16000 51.63500
 6 11 20 23 52 13148.80000 4.53200000 384.07000 53.09000 12.16000 51.63500
 6 11 20 23 53 13148.50000 4.53200000 384.64000 53.09000 12.16000 51.63500
 6 11 20 23 53 13139.00000 4.53200000 384.51000 53.09000 12.16000 51.63500
 6 11 20 23 53 13136.00000 4.53200000 384.44000 53.09000 12.16000 51.63500
 6 11 20 23 54 13137.70000 4.53200000 384.52000 53.09000 12.16000 51.63500
 6 11 20 23 54 13119.60000 4.53200000 384.53000 53.09000 12.16000 51.63500
 6 11 20 23 55 13145.20000 4.53200000 384.53000 53.09000 12.16000 51.63500
 6 11 20 23 55 13148.80000 4.53200000 384.97000 53.09000 12.16000 51.63500
 6 11 20 23 56 13144.30000 4.53800000 384.66000 53.30000 12.16000 51.63500
 6 11 20 23 56 13151.60000 4.53800000 384.92000 53.33000 12.16000 51.63500
 6 11 20 23 56 13149.70000 4.53800000 384.90000 53.37000 12.16000 51.81300
 6 11 20 23 57 13148.80000 4.53800000 384.74000 53.44000 12.16000 51.90000
 6 11 20 23 57 13147.00000 4.53800000 384.73000 53.42000 12.16000 51.91100
 6 11 20 23 58 13154.00000 4.53800000 384.60000 53.49000 12.16000 51.91100
 6 11 20 23 58 13163.80000 4.53800000 385.07000 53.50000 12.16000 51.99000
 6 11 20 23 59 13160.00000 4.53800000 384.77000 53.43000 12.16000 51.99000
 6 11 20 23 59 13145.60000 4.53800000 384.86000 53.34000 12.16000 51.99000
 6 11 20 23 59 13155.10000 4.53800000 384.79000 53.34000 12.16000 51.95300
 7 11 20 00 00 13141.50000 4.53800000 384.92000 53.37000 12.15800 51.95300
 7 11 20 00 00 13154.70000 4.53800000 384.48000 53.50000 12.15800 51.95300
 7 11 20 00 01 13157.40000 4.53800000 384.54000 53.50000 12.15800 51.95300
 7 11 20 00 01 13155.00000 4.53800000 384.49000 53.50000 12.15800 51.95300
 7 11 20 00 02 13138.50000 4.53800000 384.27000 53.53000 12.15800 51.95300
 7 11 20 00 02 13131.10000 4.53800000 384.40000 53.52000 12.21100 51.95300
 7 11 20 00 02 13146.60000 4.53800000 384.70000 53.52000 12.21100 51.95300
 7 11 20 00 03 13146.10000 4.53800000 384.70000 53.60000 12.21100 51.95300
 7 11 20 00 03 13157.00000 4.53800000 385.14000 53.64000 12.21100 51.95300
 7 11 20 00 04 13150.00000 4.53800000 385.14000 53.71000 12.21100 51.95300
 7 11 20 00 04 13155.50000 4.53800000 385.74000 53.79000 12.21100 51.95300
 7 11 20 00 05 13163.50000 4.53800000 385.75000 53.83000 12.21100 51.95300
 7 11 20 00 05 13159.90000 4.53800000 385.75000 53.76000 12.21100 51.92100
 7 11 20 00 05 13160.00000 4.53800000 386.77000 53.87000 12.21100 51.87500
 7 11 20 00 06 13164.80000 4.53800000 386.58000 53.89000 12.21100 51.87500
 7 11 20 00 06 13179.80000 4.53800000 387.66000 53.88000 12.21100 52.00000
 7 11 20 00 07 13181.10000 4.53800000 387.40000 53.88000 12.21100 52.00000
 7 11 20 00 07 13182.60000 4.53800000 387.65000 53.90000 12.21100 52.00000
 7 11 20 00 08 13188.40000 4.53800000 387.57000 53.91000 12.21100 52.00000
 7 11 20 00 08 13182.90000 4.53800000 387.57000 53.92000 12.21100 52.00000
 7 11 20 00 08 13187.90000 4.53800000 388.33000 53.92000 12.21100 52.00000
 7 11 20 00 09 13189.40000 4.56000000 388.48000 53.99000 12.21100 52.00000
 7 11 20 00 09 13188.00000 4.56000000 388.52000 53.99000 12.21100 52.00000
 7 11 20 00 10 13190.00000 4.56000000 388.62000 53.98000 12.21100 52.00000
 7 11 20 00 10 13190.00000 4.56000000 388.38000 53.98000 12.21100 52.00000
 7 11 20 00 11 13189.70000 4.56000000 388.38000 53.99000 12.21100 52.00000
 7 11 20 00 11 13197.70000 4.56000000 388.38000 54.00000 12.21100 52.00000
 7 11 20 00 11 13198.90000 4.56000000 388.35000 53.98000 12.21100 52.00000
 7 11 20 00 12 13194.70000 4.56000000 387.57000 53.97000 12.21100 52.00000
 7 11 20 00 12 13191.10000 4.56000000 387.56000 53.97000 12.21100 52.00000
 7 11 20 00 13 13191.70000 4.56000000 387.97000 53.97000 12.21100 52.00000
 7 11 20 00 13 13195.60000 4.56000000 388.35000 53.97000 12.21100 52.00000
 7 11 20 00 14 13196.30000 4.56000000 388.44000 53.93000 12.21100 52.00000
 7 11 20 00 14 13198.30000 4.56000000 388.44000 53.89000 12.21100 52.19900
 7 11 20 00 14 13194.30000 4.56000000 388.01000 53.86000 12.21100 52.19900
 7 11 20 00 15 13194.00000 4.56000000 388.11000 53.86000 12.32000 52.19900
 7 11 20 00 15 13191.30000 4.56000000 388.11000 53.86000 12.32000 52.19900
 7 11 20 00 16 13175.10000 4.56000000 387.50000 53.85000 12.32000 52.19900
 7 11 20 00 16 13174.70000 4.56000000 387.50000 53.63000 12.32000 52.19900
 7 11 20 00 17 13171.60000 4.56000000 387.36000 53.63000 12.32000 52.19900
 7 11 20 00 17 13179.90000 4.56000000 387.12000 53.65000 12.21400 52.19900
 7 11 20 00 17 13180.00000 4.56000000 387.36000 53.65000 12.21400 52.19900
 7 11 20 00 18 13188.90000 4.56000000 387.36000 53.65000 12.21400 52.19900
 7 11 20 00 18 13177.80000 4.56000000 387.85000 53.65000 12.21400 52.19900
 7 11 20 00 19 13180.10000 4.56000000 387.99000 53.65000 12.21400 52.19900
 7 11 20 00 19 13184.20000 4.56000000 388.00000 53.65000 12.21400 52.19900
 7 11 20 00 20 13181.00000 4.56000000 388.00000 53.65000 12.21400 52.19900
 7 11 20 00 20 13178.80000 4.56000000 388.00000 53.89000 12.21400 52.19900
 7 11 20 00 20 13178.80000 4.56000000 388.00000 53.88000 12.21400 52.19900
 7 11 20 00 21 13184.40000 4.56000000 389.12000 53.89000 12.21400 52.19900
 7 11 20 00 21 13198.50000 4.56000000 390.60000 54.00000 12.21400 52.19000
 7 11 20 00 22 13195.80000 4.56000000 390.12000 54.00000 12.21400 52.19000
 7 11 20 00 22 13196.70000 4.56000000 390.06000 54.05000 12.21400 52.19000
 7 11 20 00 23 13200.00000 4.56000000 390.82000 54.02000 12.21400 52.19000
 7 11 20 00 23 13200.00000 4.56000000 390.96000 54.02000 12.21400 52.19000
 7 11 20 00 23 13200.00000 4.56000000 390.96000 54.02000 12.21400 52.19000
 7 11 20 00 24 13199.90000 4.56000000 390.67000 54.02000 12.21400 52.19000
 7 11 20 00 24 13199.90000 4.59000000 390.00000 54.12000 12.21400 52.19000
 7 11 20 00 25 13200.00000 4.59000000 390.74000 54.24000 12.21400 52.19000
 7 11 20 00 25 13200.00000 4.59000000 390.70000 54.27000 12.21400 52.19000
 7 11 20 00 26 13200.30000 4.59000000 390.70000 54.27000 12.21400 52.19000
 7 11 20 00 26 13200.90000 4.59000000 390.50000 54.27000 12.21400 52.19000
 7 11 20 00 26 13200.90000 4.59000000 390.37000 54.14000 12.21400 52.19000
 7 11 20 00 27 13202.40000 4.59000000 390.23000 54.03000 12.21400 52.19000
 7 11 20 00 27 13204.20000 4.59000000 390.26000 54.00000 12.21400 52.19000
