M=[
 2 6 20 20 02 8523.70000 6.20200000 211.53000 40.90000 12.07900 46.33800
 2 6 20 20 02 8524.80000 6.21000000 211.52000 40.90000 12.07900 46.33800
 2 6 20 20 03 8526.60000 6.21000000 211.52000 40.89000 12.07900 46.33800
 2 6 20 20 03 8525.80000 6.21000000 211.60000 40.89000 12.07900 46.33800
 2 6 20 20 04 8523.90000 6.21000000 211.60000 40.89000 12.07900 46.33800
 2 6 20 20 04 8523.20000 6.21000000 211.55000 40.89000 12.07900 46.33800
 2 6 20 20 05 8523.20000 6.21000000 211.56000 40.91000 12.07900 46.33800
 2 6 20 20 05 8525.00000 6.21000000 211.56000 40.91000 12.07900 46.33800
 2 6 20 20 06 8524.10000 6.21000000 211.43000 40.91000 12.07900 46.18400
 2 6 20 20 06 8523.30000 6.21000000 211.49000 40.88000 12.07900 46.18400
 2 6 20 20 07 8524.30000 6.21000000 211.58000 40.88000 12.07900 46.18400
 2 6 20 20 07 8524.30000 6.21000000 211.58000 40.90000 12.12300 46.18400
 2 6 20 20 08 8524.30000 6.21000000 211.47000 40.88000 12.12300 46.18400
 2 6 20 20 08 8524.20000 6.21000000 211.47000 40.88000 12.12300 46.18400
 2 6 20 20 09 8524.30000 6.21000000 211.45000 40.91000 12.12300 46.18400
 2 6 20 20 10 8524.30000 6.21000000 211.45000 40.89000 12.12300 46.18400
 2 6 20 20 10 8524.30000 6.21000000 211.44000 40.89000 12.12300 46.18400
 2 6 20 20 11 8524.20000 6.21000000 211.44000 40.89000 12.12300 46.18400
 2 6 20 20 11 8524.30000 6.21000000 211.44000 40.89000 12.12300 46.18400
 2 6 20 20 12 8524.30000 6.21000000 211.45000 40.89000 12.12300 46.41500
 2 6 20 20 12 8510.00000 6.21000000 210.82000 40.78000 12.12300 46.18400
 2 6 20 20 13 8491.00000 6.21000000 210.90000 40.73000 12.12300 45.97600
 2 6 20 20 14 8498.40000 6.20200000 210.90000 40.73000 12.12300 45.97600
 2 6 20 20 14 8492.90000 6.21000000 210.94000 40.73000 12.12300 45.97600
 2 6 20 20 15 8498.10000 6.21000000 210.92000 40.76000 12.12300 45.97600
 2 6 20 20 15 8499.10000 6.21000000 210.80000 40.75000 12.12300 45.88100
 2 6 20 20 16 8497.90000 6.21000000 210.91000 40.75000 12.12300 45.73900
 2 6 20 20 16 8501.00000 6.21000000 211.00000 40.76000 12.12300 45.73900
 2 6 20 20 17 8509.00000 6.20200000 211.22000 40.76000 12.12300 45.73900
 2 6 20 20 17 8510.00000 6.21000000 211.11000 40.76000 12.12300 45.96400
 2 6 20 20 18 8511.50000 6.21000000 211.12000 40.81000 12.12300 45.96400
 2 6 20 20 18 8512.90000 6.21000000 211.12000 40.81000 12.07900 45.96400
 2 6 20 20 19 8498.80000 6.21000000 211.17000 40.81000 12.12300 45.96400
 2 6 20 20 19 8520.00000 6.21000000 211.18000 40.80000 12.12300 45.96400
 2 6 20 20 20 8515.00000 6.21000000 211.14000 40.80000 12.12300 45.88100
 2 6 20 20 20 8515.10000 6.21000000 211.14000 40.80000 12.12300 45.96400
 2 6 20 20 21 8516.50000 6.21000000 211.14000 40.80000 12.12300 45.88100
 2 6 20 20 21 8512.90000 6.21000000 211.18000 40.82000 12.08900 45.96400
 2 6 20 20 22 8515.10000 6.21000000 211.19000 40.84000 12.08900 45.96400
 2 6 20 20 22 8510.10000 6.17600000 211.06000 40.84000 12.08900 45.96400
 2 6 20 20 23 8510.00000 6.17600000 210.98000 40.84000 12.08900 45.96400
 2 6 20 20 23 8510.10000 6.17600000 210.98000 40.84000 12.08900 45.73900
 2 6 20 20 24 8510.10000 6.17600000 210.98000 40.77000 12.08900 45.96400
 2 6 20 20 24 8510.00000 6.17600000 210.97000 40.82000 12.08900 45.96400
 2 6 20 20 25 8510.10000 6.17600000 211.06000 40.77000 12.08900 45.89000
 2 6 20 20 25 8510.00000 6.17600000 211.10000 40.77000 12.06100 45.89000
 2 6 20 20 26 8514.90000 6.19000000 211.10000 40.77000 12.06100 45.89000
 2 6 20 20 26 8516.00000 6.19000000 211.10000 40.77000 12.06100 45.89000
 2 6 20 20 27 8516.10000 6.19000000 211.10000 40.77000 12.06100 45.89000
 2 6 20 20 27 8516.10000 6.19000000 211.09000 40.77000 12.06100 45.89000
 2 6 20 20 28 8517.30000 6.19000000 211.10000 40.85000 12.06100 45.96900
 2 6 20 20 28 8516.10000 6.19000000 211.09000 40.85000 12.06100 45.96900
 2 6 20 20 29 8517.30000 6.19000000 211.09000 40.85000 12.06100 45.96900
 2 6 20 20 29 8517.20000 6.19000000 211.13000 40.85000 12.06100 45.96400
 2 6 20 20 30 8517.00000 6.18400000 211.17000 40.85000 12.05100 45.96900
 2 6 20 20 30 8519.10000 6.18400000 211.19000 40.85000 12.05100 45.96900
 2 6 20 20 31 8519.10000 6.18400000 211.19000 40.85000 12.06000 45.88100
 2 6 20 20 31 8519.20000 6.18400000 211.09000 40.85000 12.06000 45.96900
 2 6 20 20 32 8517.10000 6.18400000 211.27000 40.85000 12.08900 45.96900
 2 6 20 20 32 8517.10000 6.18400000 211.27000 40.85000 12.08900 45.96900
 2 6 20 20 33 8517.20000 6.18400000 211.28000 40.84000 12.08900 45.96900
 2 6 20 20 33 8517.10000 6.18400000 211.32000 40.84000 12.08900 45.96900
 2 6 20 20 34 8517.30000 6.18400000 211.36000 40.84000 12.08900 45.88100
 2 6 20 20 34 8519.70000 6.18400000 211.36000 40.84000 12.08900 45.96900
 2 6 20 20 35 8519.70000 6.18400000 211.30000 40.84000 12.08900 45.96900
 2 6 20 20 35 8520.00000 6.18400000 211.28000 40.84000 12.08900 45.96900
 2 6 20 20 36 8520.00000 6.18400000 211.35000 40.84000 12.08900 45.96900
 2 6 20 20 36 8520.00000 6.18400000 211.39000 40.84000 12.08900 45.96900
 2 6 20 20 37 8517.90000 6.18400000 211.23000 40.84000 12.08900 45.96900
 2 6 20 20 37 8520.00000 6.18400000 211.38000 40.84000 12.08900 45.96900
 2 6 20 20 38 8520.60000 6.18400000 211.32000 40.83000 12.08900 45.96900
 2 6 20 20 38 8520.50000 6.17600000 211.32000 40.83000 12.08900 45.96900
 2 6 20 20 39 8520.90000 6.18400000 211.32000 40.83000 12.08900 45.96900
 2 6 20 20 39 8521.10000 6.18400000 211.32000 40.83000 12.08900 45.96900
 2 6 20 20 40 8519.80000 6.19000000 211.32000 40.83000 12.08900 45.96900
 2 6 20 20 40 8519.70000 6.18400000 211.32000 40.83000 12.08900 45.88100
 2 6 20 20 41 8520.00000 6.17600000 211.32000 40.82000 12.08900 45.96900
 2 6 20 20 41 8519.80000 6.18400000 211.32000 40.82000 12.05100 45.96900
 2 6 20 20 42 8520.00000 6.23300000 211.32000 40.83000 12.05100 45.96900
 2 6 20 20 42 8519.20000 6.18400000 211.32000 40.82000 12.05100 45.99700
 2 6 20 20 43 8515.00000 6.18400000 211.24000 40.80000 12.05700 45.99700
 2 6 20 20 43 8515.00000 6.19000000 211.32000 40.80000 12.08900 45.99700
 2 6 20 20 44 8515.00000 6.19000000 211.32000 40.80000 12.05700 45.99700
 2 6 20 20 44 8515.00000 6.19000000 211.29000 40.80000 12.05700 45.99700
 2 6 20 20 45 8515.00000 6.19000000 211.28000 40.80000 12.05700 45.99700
 2 6 20 20 45 8515.00000 6.19000000 211.29000 40.80000 12.05700 45.99700
 2 6 20 20 46 8514.90000 6.19000000 211.29000 40.80000 12.05700 45.99700
 2 6 20 20 46 8514.90000 6.19000000 211.31000 40.80000 12.05700 45.99700
 2 6 20 20 47 8510.00000 6.23300000 211.31000 40.79000 12.05700 45.99700
 2 6 20 20 47 8510.00000 6.19000000 211.31000 40.79000 12.05700 45.99700
 2 6 20 20 48 8509.90000 6.19000000 211.32000 40.82000 12.04800 45.99700
 2 6 20 20 48 8510.00000 6.19000000 211.32000 40.81000 12.08600 45.99700
 2 6 20 20 49 8510.00000 6.19000000 211.21000 40.82000 12.08600 45.99700
 2 6 20 20 49 8503.90000 6.19400000 211.23000 40.79000 12.08600 45.99700
 2 6 20 20 50 8504.90000 6.19400000 211.23000 40.82000 12.08600 45.99700
 2 6 20 20 50 8505.00000 6.19200000 211.13000 40.82000 12.08600 45.89000
 2 6 20 20 51 8509.40000 6.19200000 211.17000 40.82000 12.05700 45.99700
 2 6 20 20 51 8508.80000 6.19400000 211.17000 40.79000 12.08600 45.99700
 2 6 20 20 52 8509.40000 6.19200000 211.20000 40.79000 12.08600 45.99700
 2 6 20 20 52 8509.50000 6.19200000 211.21000 40.82000 12.08600 45.99700
 2 6 20 20 53 8509.60000 6.19200000 211.15000 40.83000 12.08600 45.99700
 2 6 20 20 53 8510.80000 6.19200000 211.23000 40.83000 12.08600 45.99700
 2 6 20 20 54 8525.10000 6.19200000 211.67000 40.87000 12.09000 45.99700
 2 6 20 20 54 8530.70000 6.19200000 211.77000 40.90000 12.09000 45.99700
 2 6 20 20 55 8527.50000 6.19200000 212.04000 40.92000 12.10800 45.99700
 2 6 20 20 56 8529.70000 6.19200000 212.17000 40.99000 12.10800 45.99700
 2 6 20 20 56 8530.00000 6.19200000 212.30000 40.99000 12.10800 45.99700
 2 6 20 20 57 8532.20000 6.19200000 212.24000 40.99000 12.10800 45.99700
 2 6 20 20 57 8532.20000 6.19200000 212.13000 40.99000 12.10800 45.99700
