M=[
 7 4 21 11 29 47454.60000 14.73700000 1677.67000 182.37000 34.50600 143.38000
 7 4 21 11 30 47304.10000 14.50700000 1670.55000 181.44000 34.45300 143.19500
 7 4 21 11 30 47304.10000 14.53200000 1666.10000 180.32000 34.41300 143.03100
 7 4 21 11 31 47348.60000 14.53200000 1667.48000 180.48000 34.22000 142.20800
 7 4 21 11 31 47217.80000 14.71700000 1664.64000 180.42000 34.22100 142.28200
 7 4 21 11 32 47216.80000 14.63200000 1663.10000 179.63000 34.22000 142.00000
 7 4 21 11 32 47179.00000 14.44100000 1659.73000 178.61000 34.01700 140.93000
 7 4 21 11 32 47210.00000 14.47600000 1661.19000 179.67000 34.00000 140.58200
 7 4 21 11 33 47127.40000 14.36200000 1654.24000 178.58000 33.80100 140.07000
 7 4 21 11 33 47158.10000 14.36200000 1658.19000 178.37000 33.71300 139.79800
 7 4 21 11 34 47100.10000 14.33300000 1654.77000 177.96000 33.62500 139.50000
 7 4 21 11 34 47142.00000 14.33300000 1657.30000 179.26000 33.58700 139.59600
 7 4 21 11 35 47179.90000 14.42300000 1660.69000 180.00000 33.52200 139.79100
 7 4 21 11 35 47275.90000 14.54400000 1663.52000 180.65000 33.55400 140.55300
 7 4 21 11 35 47263.60000 14.56800000 1664.54000 180.45000 33.64400 141.12000
 7 4 21 11 36 47160.70000 14.57600000 1661.69000 179.35000 33.61000 141.12000
 7 4 21 11 36 47125.00000 14.57500000 1661.58000 179.25000 33.61000 140.70100
 7 4 21 11 37 47077.70000 14.50200000 1656.74000 178.31000 33.25400 140.00000
 7 4 21 11 37 47150.00000 14.63600000 1660.00000 179.39000 33.25400 140.14600
 7 4 21 11 38 47199.90000 14.73600000 1663.31000 179.99000 33.40600 140.63200
 7 4 21 11 38 47291.60000 14.76500000 1665.43000 180.54000 33.40600 140.99400
 7 4 21 11 38 47306.10000 14.79600000 1666.41000 180.78000 33.48500 140.99400
 7 4 21 11 39 47274.30000 14.79600000 1665.74000 180.68000 33.48500 140.99400
 7 4 21 11 39 47306.00000 14.78000000 1667.23000 181.05000 33.48500 142.58800
 7 4 21 11 40 47318.90000 14.82000000 1668.65000 182.06000 33.50500 142.58800
 7 4 21 11 40 47300.10000 14.82000000 1669.66000 182.89000 33.60000 142.46900
 7 4 21 11 41 47317.70000 14.86000000 1669.83000 182.02000 33.68300 142.46900
 7 4 21 11 41 47340.90000 14.86000000 1668.77000 182.06000 33.68300 142.46900
 7 4 21 11 41 47336.70000 14.93200000 1668.77000 182.41000 33.68300 142.28400
 7 4 21 11 42 47360.80000 14.86500000 1668.75000 182.66000 33.70700 142.28400
 7 4 21 11 42 47306.90000 14.86500000 1665.79000 181.80000 33.70700 142.26400
 7 4 21 11 43 47330.90000 14.86500000 1666.16000 182.00000 33.70700 141.66700
 7 4 21 11 43 47299.60000 14.86500000 1664.53000 182.21000 33.70700 141.97200
 7 4 21 11 44 47299.60000 14.86500000 1665.61000 181.90000 33.70700 141.97200
 7 4 21 11 44 47212.10000 14.86500000 1662.00000 180.81000 33.70700 141.46900
 7 4 21 11 44 47205.60000 14.86500000 1660.21000 180.81000 33.67000 141.46900
 7 4 21 11 45 47118.40000 14.86500000 1656.63000 180.31000 33.67600 141.15900
 7 4 21 11 45 47110.80000 14.86500000 1651.92000 180.25000 33.67600 139.97400
 7 4 21 11 46 47132.80000 14.86500000 1656.14000 181.42000 33.52900 140.80500
 7 4 21 11 46 47259.70000 14.86500000 1657.96000 182.42000 33.55000 140.80500
 7 4 21 11 47 47307.40000 14.86500000 1663.54000 182.82000 33.55000 140.80500
 7 4 21 11 47 47294.50000 14.86500000 1663.40000 182.71000 33.55000 141.53700
 7 4 21 11 47 47293.10000 15.02300000 1660.28000 182.19000 33.55000 141.53700
 7 4 21 11 48 47187.30000 15.00500000 1656.00000 181.49000 33.79300 141.38500
 7 4 21 11 48 47152.70000 14.75000000 1654.82000 180.99000 33.79300 141.38500
 7 4 21 11 49 47197.20000 14.84400000 1655.49000 181.22000 33.79300 141.06800
 7 4 21 11 49 47253.60000 14.84400000 1658.88000 182.49000 33.79200 141.06800
 7 4 21 11 50 47268.30000 14.84400000 1659.43000 182.88000 33.79200 142.01000
 7 4 21 11 50 47271.00000 15.01500000 1659.86000 182.40000 33.79200 141.85500
 7 4 21 11 50 47258.60000 14.90800000 1659.61000 182.17000 33.79300 141.85500
 7 4 21 11 51 47267.20000 14.90800000 1661.64000 182.29000 33.79300 142.21700
 7 4 21 11 51 47307.30000 14.90800000 1662.33000 182.48000 33.79300 142.21700
 7 4 21 11 52 47307.40000 14.97600000 1662.33000 182.79000 33.79300 142.21700
 7 4 21 11 52 47307.40000 15.01300000 1662.77000 182.92000 33.79300 142.21700
 7 4 21 11 52 47273.30000 15.01300000 1663.28000 182.59000 33.79300 142.21700
 7 4 21 11 53 47307.40000 15.01300000 1665.57000 183.05000 33.79300 142.60100
 7 4 21 11 53 47307.40000 15.01300000 1665.31000 182.77000 33.79300 142.60100
 7 4 21 11 54 47360.80000 15.01000000 1666.01000 183.62000 33.79300 142.90300
 7 4 21 11 54 47381.90000 15.01000000 1666.27000 183.98000 33.79300 143.20300
 7 4 21 11 55 47392.50000 14.96900000 1666.51000 183.98000 33.79300 143.20300
 7 4 21 11 55 47392.80000 14.88900000 1666.52000 183.57000 33.79300 143.20300
 7 4 21 11 55 47395.40000 14.88900000 1666.00000 183.32000 33.79300 143.20300
 7 4 21 11 56 47380.30000 14.88900000 1665.70000 183.16000 34.19400 143.21300
 7 4 21 11 56 47383.00000 14.93800000 1666.35000 183.40000 34.19400 143.66800
 7 4 21 11 57 47400.00000 14.91100000 1666.25000 183.73000 34.19400 143.66800
 7 4 21 11 57 47410.90000 14.91100000 1666.73000 183.69000 34.19400 143.78600
 7 4 21 11 58 47417.70000 14.88400000 1667.51000 184.04000 34.19400 143.78600
 7 4 21 11 58 47410.20000 14.92700000 1666.75000 184.34000 34.10200 143.89500
 7 4 21 11 58 47417.70000 14.92700000 1667.63000 184.22000 34.09500 144.12300
 7 4 21 11 59 47447.10000 14.92700000 1667.23000 183.97000 34.09500 144.24500
 7 4 21 11 59 47463.00000 14.92700000 1667.24000 183.87000 34.15700 144.24500
 7 4 21 12 00 47398.60000 14.94300000 1664.76000 183.60000 34.15700 144.33800
 7 4 21 12 00 47397.40000 14.87600000 1663.24000 183.17000 33.96100 144.20000
 7 4 21 12 01 47403.20000 14.87600000 1663.48000 183.66000 33.96100 144.27600
 7 4 21 12 01 47370.30000 14.84900000 1659.56000 182.74000 34.08100 143.47700
 7 4 21 12 01 47331.40000 14.84900000 1658.83000 182.69000 34.08100 143.47700
 7 4 21 12 02 47304.70000 14.85100000 1656.24000 182.61000 34.08100 143.28800
 7 4 21 12 02 47328.80000 14.85100000 1656.05000 183.22000 33.93300 143.28800
 7 4 21 12 03 47322.70000 14.90500000 1656.24000 182.90000 33.93300 143.28800
 7 4 21 12 03 47326.20000 14.86700000 1656.24000 183.18000 33.80000 143.36700
 7 4 21 12 04 47326.20000 14.86700000 1657.83000 183.24000 33.89500 143.36700
 7 4 21 12 04 47326.20000 14.86700000 1658.71000 182.97000 33.89500 143.36700
 7 4 21 12 04 47331.00000 14.86700000 1658.70000 182.98000 33.89500 143.36700
 7 4 21 12 05 47321.80000 14.86700000 1657.19000 182.94000 33.80000 143.36700
 7 4 21 12 05 47321.10000 14.86700000 1655.93000 182.39000 33.67900 143.14900
 7 4 21 12 06 47267.90000 14.89200000 1656.53000 182.10000 33.67900 142.96600
 7 4 21 12 06 47241.40000 14.76600000 1655.99000 182.11000 33.67900 142.63900
 7 4 21 12 07 47243.20000 14.76600000 1655.00000 181.87000 33.67900 142.63900
 7 4 21 12 07 47273.30000 14.76600000 1655.00000 181.75000 33.67900 142.60100
 7 4 21 12 07 47237.50000 14.76600000 1652.43000 181.70000 33.67900 142.60100
 7 4 21 12 08 47280.00000 14.76600000 1654.24000 182.07000 33.59400 142.52200
 7 4 21 12 08 47297.80000 14.76600000 1654.25000 182.24000 33.47700 142.76000
 7 4 21 12 09 47335.80000 14.81900000 1657.65000 183.11000 33.68300 142.90000
 7 4 21 12 09 47360.00000 14.81600000 1658.26000 183.41000 33.68400 143.35100
 7 4 21 12 10 47372.50000 14.95700000 1659.03000 183.37000 33.68400 143.35100
 7 4 21 12 10 47322.80000 14.92800000 1656.60000 182.51000 33.68400 143.35100
 7 4 21 12 10 47220.30000 14.74900000 1653.72000 182.05000 33.68400 142.53300
 7 4 21 12 11 47190.90000 14.75900000 1651.36000 181.74000 33.68400 142.21700
 7 4 21 12 11 47134.20000 14.65400000 1647.67000 180.93000 33.68400 141.72800
 7 4 21 12 12 47120.10000 14.55500000 1646.25000 180.51000 33.68400 141.50000
 7 4 21 12 12 47120.00000 14.55500000 1647.61000 180.65000 33.68400 141.35500
 7 4 21 12 13 47028.70000 14.50000000 1641.74000 179.61000 33.47900 140.97100
