M=[
28 7 20 04 57 9399.40000 6.12500000 273.56000 45.68000 17.52000 60.63000
28 7 20 04 58 9399.30000 6.12500000 273.55000 45.68000 17.52000 60.63000
28 7 20 04 58 9403.30000 6.12500000 273.74000 45.67000 17.51000 60.75300
28 7 20 04 59 9403.30000 6.12500000 273.99000 45.67000 17.51000 60.75300
28 7 20 04 59 9412.40000 6.12500000 274.28000 45.67000 17.51000 60.75300
28 7 20 05 00 9412.40000 6.12500000 274.08000 45.75000 17.51000 60.75300
28 7 20 05 00 9403.30000 6.12500000 273.53000 45.66000 17.51000 60.75300
28 7 20 05 01 9403.40000 6.12500000 273.55000 45.66000 17.51000 60.75300
28 7 20 05 01 9404.20000 6.12500000 273.49000 45.66000 17.51000 60.75300
28 7 20 05 02 9404.20000 6.12500000 273.50000 45.62000 17.51000 60.75300
28 7 20 05 02 9403.50000 6.12500000 273.42000 45.62000 17.51000 60.75300
28 7 20 05 03 9399.40000 6.12500000 273.41000 45.57000 17.51000 60.75300
28 7 20 05 03 9399.50000 6.12500000 273.30000 45.62000 17.51000 60.75300
28 7 20 05 04 9399.40000 6.12500000 273.31000 45.62000 17.51000 60.75300
28 7 20 05 04 9399.10000 6.12500000 273.30000 45.62000 17.51000 60.75300
28 7 20 05 05 9395.90000 6.12500000 273.25000 45.62000 17.51000 60.75300
28 7 20 05 05 9395.00000 6.12500000 273.01000 45.62000 17.51000 60.75300
28 7 20 05 06 9394.40000 6.12500000 273.00000 45.61000 17.51000 60.75300
28 7 20 05 06 9394.50000 6.12500000 273.00000 45.61000 17.51000 60.75300
28 7 20 05 06 9398.80000 6.12500000 273.21000 45.59000 17.51000 60.75300
28 7 20 05 07 9402.60000 6.12500000 273.11000 45.59000 17.38200 60.75300
28 7 20 05 07 9402.90000 6.12500000 273.22000 45.62000 17.35500 60.75300
28 7 20 05 08 9407.60000 6.12500000 273.21000 45.61000 17.35500 60.75300
28 7 20 05 08 9406.50000 6.12500000 273.21000 45.61000 17.35500 60.75300
28 7 20 05 09 9409.40000 6.12500000 273.21000 45.61000 17.36200 60.75300
28 7 20 05 09 9409.10000 6.12500000 273.21000 45.58000 17.36200 60.75300
28 7 20 05 10 9404.10000 6.12500000 273.19000 45.58000 17.37300 60.75300
28 7 20 05 10 9404.50000 6.12500000 273.24000 45.58000 17.38700 60.75300
28 7 20 05 11 9404.80000 6.12500000 273.24000 45.58000 17.38800 60.75300
28 7 20 05 11 9404.60000 6.12500000 273.24000 45.58000 17.47200 60.75300
28 7 20 05 12 9404.20000 6.12500000 273.32000 45.58000 17.62500 60.75300
28 7 20 05 12 9404.30000 6.12500000 273.29000 45.62000 17.57500 60.75300
28 7 20 05 13 9400.10000 6.12500000 273.28000 45.62000 17.57500 60.75300
28 7 20 05 13 9400.00000 6.12500000 273.35000 45.62000 17.57500 60.75300
28 7 20 05 14 9400.00000 6.12500000 273.28000 45.62000 17.44500 60.75300
28 7 20 05 14 9388.00000 6.12500000 272.84000 45.62000 17.44500 60.75300
28 7 20 05 15 9380.80000 6.12500000 272.52000 45.64000 17.44500 60.75300
28 7 20 05 15 9380.80000 6.12500000 272.51000 45.64000 17.44500 60.75300
28 7 20 05 16 9373.60000 6.12500000 272.92000 45.64000 17.44500 60.75300
28 7 20 05 16 9376.00000 6.12500000 272.80000 45.64000 17.44000 60.75300
28 7 20 05 16 9384.40000 6.12500000 273.03000 45.93000 17.44000 60.75300
28 7 20 05 17 9384.90000 6.12500000 273.03000 45.93000 17.44000 60.75300
28 7 20 05 17 9384.90000 6.12500000 273.15000 45.92000 17.44000 60.75300
28 7 20 05 18 9385.00000 6.12500000 273.16000 45.92000 17.44000 60.75300
28 7 20 05 18 9382.80000 6.12500000 272.79000 45.85000 17.44000 60.75300
28 7 20 05 19 9381.10000 6.12500000 272.88000 45.86000 17.44000 60.75300
28 7 20 05 19 9381.00000 6.12500000 272.88000 45.86000 17.44000 60.75300
28 7 20 05 20 9381.00000 6.12500000 272.88000 45.86000 17.44000 60.75300
28 7 20 05 20 9381.00000 6.12500000 273.00000 45.91000 17.44000 60.75300
28 7 20 05 21 9361.40000 6.12500000 272.64000 45.82000 17.44000 60.76700
28 7 20 05 21 9363.60000 6.12500000 272.50000 45.82000 17.44000 60.76700
28 7 20 05 22 9363.10000 6.12500000 272.52000 45.82000 17.44000 60.76700
28 7 20 05 23 9354.90000 6.12500000 272.53000 45.89000 17.44000 60.76700
28 7 20 05 23 9361.20000 6.12500000 272.53000 45.91000 17.44000 60.76700
28 7 20 05 23 9364.70000 6.12500000 272.53000 45.88000 17.44000 60.76700
28 7 20 05 24 9367.10000 6.12500000 272.74000 45.88000 17.48800 60.76700
28 7 20 05 24 9367.20000 6.12700000 272.64000 45.88000 17.48800 60.76700
28 7 20 05 25 9365.20000 6.12700000 272.64000 45.88000 17.48800 60.76700
28 7 20 05 25 9365.20000 6.12700000 272.66000 45.89000 17.48800 60.76700
28 7 20 05 26 9370.40000 6.12700000 272.65000 45.89000 17.48800 60.76700
28 7 20 05 26 9370.00000 6.12700000 272.65000 45.90000 17.48800 60.76700
28 7 20 05 27 9348.00000 6.12700000 272.26000 45.78000 17.48800 60.76700
28 7 20 05 27 9348.00000 6.12700000 272.00000 45.78000 17.48800 60.76700
28 7 20 05 28 9345.40000 6.12700000 272.01000 45.78000 17.48800 60.76700
28 7 20 05 28 9344.60000 6.12700000 272.01000 45.75000 17.48800 60.76700
28 7 20 05 29 9338.70000 6.12700000 271.68000 45.77000 17.48800 60.76700
28 7 20 05 29 9341.80000 6.12700000 271.75000 45.77000 17.48800 60.76700
28 7 20 05 30 9340.00000 6.12700000 271.81000 45.77000 17.48800 60.76700
28 7 20 05 30 9340.00000 6.12700000 271.69000 45.77000 17.48800 60.76700
28 7 20 05 31 9328.70000 6.12700000 271.79000 45.77000 17.43400 60.76700
28 7 20 05 31 9326.60000 6.12700000 271.50000 45.83000 17.43400 60.76700
28 7 20 05 32 9330.10000 6.12700000 271.65000 45.83000 17.43400 60.62500
28 7 20 05 32 9336.00000 6.12700000 271.66000 45.83000 17.43400 60.62500
28 7 20 05 32 9339.90000 6.12700000 272.10000 45.83000 17.43400 60.62500
28 7 20 05 33 9345.90000 6.12700000 271.97000 45.83000 17.43400 60.62500
28 7 20 05 33 9344.70000 6.12700000 272.11000 45.83000 17.43400 60.62500
28 7 20 05 34 9345.80000 6.12700000 271.85000 45.83000 17.43400 60.62500
28 7 20 05 34 9347.80000 6.12700000 271.80000 45.82000 17.43400 60.62500
28 7 20 05 35 9347.90000 6.12700000 271.90000 45.77000 17.43400 60.62500
28 7 20 05 35 9347.90000 6.12700000 271.92000 45.79000 17.43400 60.62500
28 7 20 05 36 9341.30000 6.12700000 271.64000 45.77000 17.43400 60.59600
28 7 20 05 36 9336.50000 6.12700000 271.55000 45.78000 17.43400 60.59600
28 7 20 05 37 9336.10000 6.12700000 271.52000 45.76000 17.43400 60.59600
28 7 20 05 37 9336.10000 6.12700000 271.54000 45.76000 17.43400 60.59600
28 7 20 05 38 9346.00000 6.12700000 271.54000 45.76000 17.43400 60.50500
28 7 20 05 38 9343.90000 6.12700000 271.54000 45.77000 17.43400 60.50500
28 7 20 05 39 9346.10000 6.12700000 271.76000 45.77000 17.43400 60.50500
28 7 20 05 39 9346.80000 6.12700000 271.85000 45.77000 17.43400 60.50500
28 7 20 05 39 9346.80000 6.12700000 271.92000 45.77000 17.43400 60.50500
28 7 20 05 40 9342.60000 6.12700000 271.77000 45.77000 17.43400 60.50500
28 7 20 05 40 9335.10000 6.12700000 271.55000 45.71000 17.43400 60.50500
28 7 20 05 41 9335.10000 6.12700000 271.50000 45.71000 17.43400 60.50500
28 7 20 05 41 9335.00000 6.08200000 271.50000 45.71000 17.54700 60.50500
28 7 20 05 42 9335.10000 6.08200000 271.43000 45.68000 17.54700 60.45600
28 7 20 05 42 9306.10000 6.08200000 271.00000 45.68000 17.52900 60.45600
28 7 20 05 43 9300.10000 6.08200000 270.88000 45.68000 17.67700 60.45800
28 7 20 05 44 9294.40000 6.08200000 270.60000 45.61000 17.71500 60.40600
28 7 20 05 44 9287.00000 6.08200000 270.66000 45.61000 17.78400 60.33000
28 7 20 05 45 9291.80000 6.08200000 270.76000 45.61000 17.78400 60.35800
28 7 20 05 45 9294.30000 6.08200000 270.69000 45.61000 17.79400 60.35800
28 7 20 05 46 9288.60000 6.08100000 270.76000 45.61000 17.44500 60.35800
28 7 20 05 46 9292.70000 6.08100000 270.77000 45.57000 17.26300 60.35800
28 7 20 05 47 9289.40000 6.06700000 270.79000 45.61000 17.25000 60.35800
28 7 20 05 47 9289.50000 6.06700000 270.99000 45.60000 17.20900 60.35800
28 7 20 05 48 9285.40000 6.06700000 270.69000 45.60000 17.20900 60.35800
28 7 20 05 48 9283.10000 6.06700000 270.69000 45.60000 17.52800 60.35800
28 7 20 05 49 9284.90000 6.06700000 270.77000 45.60000 17.25900 60.35800
28 7 20 05 49 9303.60000 6.06700000 271.09000 45.61000 17.25900 60.35800
28 7 20 05 50 9300.00000 6.06700000 271.10000 45.61000 17.25900 60.35800
