M=[
19 12 20 16 30 19412.70000 5.29800000 534.79000 95.60000 16.01000 61.56800
19 12 20 16 30 19419.00000 5.29800000 534.82000 95.15000 16.01000 61.56800
19 12 20 16 31 19400.00000 5.28600000 535.00000 95.59000 16.01000 61.56800
19 12 20 16 31 19391.40000 5.28600000 535.38000 95.57000 16.01000 61.56800
19 12 20 16 32 19391.40000 5.28600000 535.00000 95.65000 16.02000 61.56800
19 12 20 16 32 19410.00000 5.28600000 534.87000 95.60000 16.02000 61.56800
19 12 20 16 32 19400.00000 5.28600000 535.00000 95.99000 15.97000 61.56800
19 12 20 16 33 19420.00000 5.27300000 535.00000 95.96000 15.97000 61.56800
19 12 20 16 33 19469.70000 5.27300000 535.82000 96.13000 15.97000 61.56800
19 12 20 16 34 19467.50000 5.27300000 537.08000 96.08000 15.97000 61.56800
19 12 20 16 34 19451.50000 5.27300000 536.50000 96.27000 15.95400 61.56800
19 12 20 16 35 19463.60000 5.27300000 536.75000 96.09000 15.95400 61.56800
19 12 20 16 35 19487.30000 5.27300000 536.83000 96.45000 15.95400 61.56800
19 12 20 16 35 19475.10000 5.27300000 536.50000 96.24000 15.93800 61.56800
19 12 20 16 36 19442.50000 5.27300000 536.03000 95.85000 15.89900 61.56800
19 12 20 16 36 19433.40000 5.27300000 535.79000 95.35000 15.89900 61.56800
19 12 20 16 37 19466.40000 5.27300000 535.92000 95.76000 15.89000 61.56800
19 12 20 16 37 19433.40000 5.27300000 535.00000 95.48000 16.08300 61.56800
19 12 20 16 38 19426.70000 5.28000000 535.34000 95.48000 15.92200 61.56800
19 12 20 16 38 19444.80000 5.28100000 535.29000 95.79000 15.92200 61.56800
19 12 20 16 38 19444.50000 5.28100000 535.50000 95.71000 15.92200 61.56800
19 12 20 16 39 19455.90000 5.27300000 535.50000 95.47000 15.92200 61.56300
19 12 20 16 39 19475.00000 5.27300000 535.80000 95.69000 15.92200 61.56300
19 12 20 16 40 19486.00000 5.27300000 536.56000 96.10000 15.92200 61.56300
19 12 20 16 40 19453.00000 5.27300000 535.95000 95.60000 15.92200 61.56300
19 12 20 16 41 19487.40000 5.27300000 535.87000 95.76000 15.92200 61.56300
19 12 20 16 41 19497.00000 5.27300000 536.56000 95.82000 15.92200 61.56300
19 12 20 16 41 19530.00000 5.27300000 536.44000 96.18000 15.92200 61.56300
19 12 20 16 42 19530.00000 5.27300000 536.81000 96.27000 15.92200 61.56300
19 12 20 16 42 19530.00000 5.29300000 536.93000 96.27000 15.92200 61.56300
19 12 20 16 43 19531.00000 5.27900000 537.13000 96.29000 15.92200 61.56300
19 12 20 16 43 19577.10000 5.27900000 537.49000 96.30000 15.92200 61.56300
19 12 20 16 43 19588.50000 5.28500000 538.07000 96.22000 15.92200 61.31000
19 12 20 16 44 19604.00000 5.28500000 538.28000 96.47000 15.92200 61.44000
19 12 20 16 44 19604.00000 5.28500000 538.55000 96.37000 15.92200 61.27400
19 12 20 16 45 19595.50000 5.28500000 538.69000 96.62000 15.92200 61.27400
19 12 20 16 45 19600.00000 5.28500000 539.04000 96.68000 15.92200 61.27400
19 12 20 16 46 19599.90000 5.28500000 539.16000 96.48000 15.92200 61.27400
19 12 20 16 46 19580.60000 5.28500000 538.83000 96.87000 16.08100 61.27400
19 12 20 16 46 19600.00000 5.28500000 539.17000 96.94000 16.08100 61.27400
19 12 20 16 47 19580.00000 5.28900000 539.26000 96.92000 16.08100 61.27400
19 12 20 16 47 19590.00000 5.28900000 539.21000 96.87000 16.01700 61.33100
19 12 20 16 48 19571.50000 5.28900000 539.08000 96.81000 16.01400 61.25000
19 12 20 16 48 19542.70000 5.28900000 537.76000 96.79000 16.01400 61.18000
19 12 20 16 49 19547.50000 5.28900000 538.04000 96.48000 15.98900 61.18000
19 12 20 16 49 19551.90000 5.28900000 537.85000 96.43000 15.98900 61.18000
19 12 20 16 49 19569.10000 5.28900000 538.40000 96.46000 15.90100 61.18000
19 12 20 16 50 19569.10000 5.28900000 538.81000 96.53000 15.90100 61.18000
19 12 20 16 50 19582.40000 5.28900000 539.39000 96.74000 15.90100 61.18000
19 12 20 16 51 19568.00000 5.28800000 539.08000 96.51000 15.90100 61.18000
19 12 20 16 51 19585.50000 5.28800000 539.39000 96.37000 15.90100 61.18000
19 12 20 16 52 19576.80000 5.28800000 539.00000 96.40000 15.90100 61.18000
19 12 20 16 52 19581.00000 5.28800000 538.64000 96.36000 15.90100 61.18000
19 12 20 16 52 19575.70000 5.28800000 538.85000 96.36000 15.90100 61.18000
19 12 20 16 53 19564.20000 5.28800000 538.50000 96.31000 15.90100 61.18000
19 12 20 16 53 19555.30000 5.28800000 538.50000 96.31000 15.90100 61.18000
19 12 20 16 54 19522.00000 5.28800000 538.50000 96.24000 15.90100 61.18000
19 12 20 16 54 19505.90000 5.28800000 538.04000 95.96000 15.90100 61.18000
19 12 20 16 55 19540.20000 5.28800000 538.74000 96.09000 15.91000 61.18000
19 12 20 16 55 19529.90000 5.28800000 538.74000 96.05000 15.90000 61.18000
19 12 20 16 55 19530.00000 5.28800000 538.34000 96.05000 15.90000 61.18000
19 12 20 16 56 19530.00000 5.28800000 538.34000 96.05000 15.90000 61.18000
19 12 20 16 56 19530.00000 5.28800000 538.34000 96.05000 15.90000 61.18000
19 12 20 16 57 19530.00000 5.28800000 538.34000 96.05000 15.90000 61.18000
19 12 20 16 57 19530.00000 5.28800000 538.34000 96.05000 15.90000 61.18000
19 12 20 16 58 19530.00000 5.28800000 538.34000 96.05000 15.90000 61.18000
19 12 20 16 58 19530.00000 5.28800000 538.34000 96.05000 15.90000 61.18000
19 12 20 16 58 19530.00000 5.28800000 538.34000 96.05000 15.90000 61.18000
19 12 20 16 59 19530.00000 5.28800000 538.34000 96.05000 15.90000 61.18000
19 12 20 16 59 19530.00000 5.28800000 538.34000 96.05000 15.90000 61.18000
19 12 20 17 00 19530.00000 5.28800000 538.34000 96.05000 15.90000 61.18000
19 12 20 17 00 19530.00000 5.28800000 538.34000 96.05000 15.90000 61.18000
19 12 20 17 01 19530.00000 5.28800000 538.34000 96.05000 15.90000 61.18000
19 12 20 17 01 19530.00000 5.28800000 538.34000 96.05000 15.90000 61.18000
19 12 20 17 01 19530.00000 5.28800000 538.34000 96.05000 15.90000 61.18000
19 12 20 17 02 19530.00000 5.28800000 538.34000 96.05000 15.90000 61.18000
19 12 20 17 02 19530.00000 5.28800000 538.34000 96.05000 15.90000 61.18000
19 12 20 17 03 19530.00000 5.28800000 538.44000 96.05000 15.90000 61.18000
19 12 20 17 03 19529.90000 5.28800000 538.44000 96.05000 15.90000 61.18000
19 12 20 17 04 19521.30000 5.28800000 538.63000 96.08000 15.90000 61.18000
19 12 20 17 04 19521.90000 5.28800000 538.67000 96.08000 15.90000 61.18000
19 12 20 17 04 19529.00000 5.28800000 538.67000 96.08000 15.90000 61.18000
19 12 20 17 05 19530.00000 5.28800000 538.66000 96.18000 15.90000 61.18000
19 12 20 17 05 19529.40000 5.28800000 538.75000 96.18000 15.90000 61.18000
19 12 20 17 06 19529.40000 5.28800000 538.75000 96.21000 15.90000 61.18000
19 12 20 17 06 19529.40000 5.28800000 538.75000 96.21000 15.90000 61.18000
19 12 20 17 07 19529.40000 5.28800000 538.75000 96.21000 15.90000 61.18000
19 12 20 17 07 19529.40000 5.28800000 538.75000 96.21000 15.90000 61.18000
19 12 20 17 07 19529.40000 5.28800000 538.75000 96.21000 15.90000 61.18000
19 12 20 17 08 19529.40000 5.28800000 538.75000 96.21000 15.90000 61.18000
19 12 20 17 08 19529.40000 5.28800000 538.75000 96.21000 15.90000 61.18000
19 12 20 17 09 19529.40000 5.28800000 538.75000 96.21000 15.90000 61.18000
19 12 20 17 09 19529.40000 5.28800000 538.75000 96.21000 15.90000 61.18000
19 12 20 17 10 19529.40000 5.28800000 538.75000 96.21000 15.90000 61.18000
19 12 20 17 10 19529.40000 5.28800000 538.75000 96.21000 15.90000 61.18000
19 12 20 17 10 19529.40000 5.28800000 538.75000 96.21000 15.90000 61.18000
19 12 20 17 11 19529.40000 5.28800000 538.75000 96.21000 15.90000 61.18000
19 12 20 17 11 19529.40000 5.28800000 538.75000 96.21000 15.90000 61.18000
19 12 20 17 12 19529.40000 5.28800000 538.75000 96.21000 15.90000 61.18000
19 12 20 17 12 19529.40000 5.28800000 538.75000 96.21000 15.90000 61.18000
19 12 20 17 13 19529.40000 5.28800000 538.75000 96.21000 15.90000 61.18000
19 12 20 17 13 19529.40000 5.28800000 538.75000 96.21000 15.90000 61.18000
19 12 20 17 13 19529.40000 5.28800000 538.75000 96.21000 15.90000 61.18000
19 12 20 17 14 19529.40000 5.28800000 538.75000 96.21000 15.90000 61.18000
19 12 20 17 14 19529.40000 5.28800000 538.75000 96.21000 15.90000 61.18000
19 12 20 17 15 19529.40000 5.28800000 538.75000 96.21000 15.90000 61.18000
