M=[
23 11 20 22 54 15570.10000 5.43200000 514.62000 74.88000 14.15800 67.50300
23 11 20 22 55 15585.20000 5.43200000 515.46000 74.88000 14.15800 67.50300
23 11 20 22 55 15583.90000 5.43200000 515.45000 74.88000 14.15800 67.50300
23 11 20 22 56 15583.80000 5.43200000 515.46000 74.88000 14.15800 67.50300
23 11 20 22 56 15586.20000 5.43200000 515.46000 74.88000 14.15800 67.50300
23 11 20 22 56 15586.60000 5.43200000 515.46000 74.88000 14.15800 67.69200
23 11 20 22 57 15586.80000 5.43200000 515.64000 74.93000 14.32600 67.74000
23 11 20 22 57 15582.80000 5.43200000 515.90000 74.92000 14.32600 67.78000
23 11 20 22 58 15572.00000 5.43200000 515.68000 74.89000 14.32600 68.00000
23 11 20 22 58 15565.80000 5.43200000 515.46000 74.89000 14.32600 68.00000
23 11 20 22 59 15560.10000 5.43200000 514.67000 74.81000 14.32600 67.99900
23 11 20 22 59 15560.10000 5.43200000 514.52000 74.81000 14.32600 68.01000
23 11 20 22 59 15560.00000 5.43100000 514.80000 74.81000 14.32600 68.04200
23 11 20 23 00 15564.50000 5.43100000 515.86000 74.80000 14.31800 68.04200
23 11 20 23 00 15571.60000 5.43100000 515.72000 74.90000 14.23400 68.04200
23 11 20 23 01 15574.50000 5.43100000 515.64000 74.90000 14.23400 68.04200
23 11 20 23 01 15574.40000 5.43100000 515.47000 74.90000 14.23400 68.04200
23 11 20 23 02 15576.10000 5.43100000 515.21000 74.90000 14.23400 68.04200
23 11 20 23 02 15572.60000 5.44100000 515.28000 74.79000 14.30600 67.91400
23 11 20 23 02 15572.50000 5.44100000 514.69000 74.72000 14.30600 67.75900
23 11 20 23 03 15553.30000 5.44100000 514.04000 74.71000 14.30600 67.67500
23 11 20 23 03 15553.30000 5.44100000 513.41000 74.71000 14.30600 67.67500
23 11 20 23 04 15556.80000 5.44100000 513.48000 74.47000 14.23300 67.67500
23 11 20 23 04 15560.00000 5.44100000 514.40000 74.54000 14.23300 67.67500
23 11 20 23 05 15559.90000 5.44100000 514.98000 74.63000 14.23300 67.63600
23 11 20 23 05 15557.10000 5.44100000 514.75000 74.70000 14.23300 67.63600
23 11 20 23 05 15555.90000 5.44100000 514.91000 74.70000 14.32800 67.63600
23 11 20 23 06 15542.80000 5.44100000 513.29000 74.69000 14.32800 67.63600
23 11 20 23 06 15520.00000 5.40000000 511.86000 74.45000 14.32800 67.43600
23 11 20 23 07 15520.00000 5.39900000 512.33000 74.34000 14.32800 67.38900
23 11 20 23 07 15515.00000 5.39900000 511.60000 74.15000 14.32800 67.38500
23 11 20 23 08 15505.20000 5.39900000 511.41000 74.00000 14.32800 67.10200
23 11 20 23 08 15510.00000 5.39900000 512.30000 74.00000 14.29900 67.16400
23 11 20 23 08 15519.90000 5.39900000 512.86000 74.00000 14.29900 67.16400
23 11 20 23 09 15511.40000 5.39900000 511.78000 74.14000 14.29900 67.15700
23 11 20 23 09 15511.30000 5.39900000 511.89000 74.31000 14.29900 67.15700
23 11 20 23 10 15519.80000 5.39900000 513.22000 74.38000 14.29900 67.35500
23 11 20 23 10 15518.80000 5.39900000 512.28000 74.45000 14.29900 67.43600
23 11 20 23 10 15509.00000 5.40000000 511.71000 74.22000 14.29900 67.43600
23 11 20 23 11 15505.00000 5.42200000 511.42000 74.15000 14.29900 67.43600
23 11 20 23 11 15504.20000 5.42200000 511.42000 74.24000 14.29900 67.19900
23 11 20 23 12 15449.80000 5.41100000 510.83000 74.21000 14.29900 67.09600
23 11 20 23 12 15466.70000 5.41100000 511.21000 74.21000 14.29900 67.10000
23 11 20 23 13 15452.30000 5.39900000 510.00000 73.83000 14.29900 67.10000
23 11 20 23 13 15474.80000 5.39900000 510.19000 73.81000 14.16500 67.10000
23 11 20 23 13 15476.80000 5.39900000 509.99000 73.73000 14.16500 67.10000
23 11 20 23 14 15496.50000 5.39900000 510.38000 73.73000 14.16500 67.10000
23 11 20 23 14 15490.00000 5.39900000 510.92000 73.94000 14.15700 67.10000
23 11 20 23 15 15484.70000 5.39900000 510.62000 73.81000 14.15700 67.10000
23 11 20 23 15 15471.20000 5.39900000 510.00000 73.79000 14.15700 67.10000
23 11 20 23 16 15464.90000 5.39100000 509.70000 73.56000 14.15700 67.10000
23 11 20 23 16 15452.70000 5.38300000 509.48000 73.43000 14.15700 66.72900
23 11 20 23 16 15459.20000 5.38800000 509.64000 73.55000 14.15700 66.50200
23 11 20 23 17 15460.00000 5.38800000 509.72000 73.50000 14.15700 66.75800
23 11 20 23 17 15477.00000 5.38800000 510.72000 73.77000 14.15700 66.75800
23 11 20 23 18 15495.40000 5.38500000 511.18000 74.00000 14.15700 67.00900
23 11 20 23 18 15479.30000 5.38500000 510.57000 74.05000 14.15700 67.00900
23 11 20 23 19 15481.30000 5.38500000 510.04000 74.05000 14.15700 67.00900
23 11 20 23 19 15476.40000 5.40200000 510.55000 73.96000 14.15700 66.89600
23 11 20 23 19 15487.00000 5.40200000 510.62000 74.04000 14.15700 66.89600
23 11 20 23 20 15490.40000 5.40200000 510.16000 73.99000 14.15700 66.93800
23 11 20 23 20 15474.70000 5.40200000 510.01000 73.99000 14.15700 66.93800
23 11 20 23 21 15481.50000 5.40200000 510.42000 73.99000 14.15700 66.93800
23 11 20 23 21 15490.70000 5.40200000 510.58000 73.99000 14.15700 66.93800
23 11 20 23 22 15496.10000 5.40200000 511.06000 73.99000 14.15700 66.93800
23 11 20 23 22 15499.90000 5.40200000 511.37000 73.99000 14.15700 66.93800
23 11 20 23 22 15506.90000 5.40800000 511.38000 73.99000 14.15700 66.93800
23 11 20 23 23 15512.50000 5.40800000 511.33000 73.99000 14.15700 66.93800
23 11 20 23 23 15505.50000 5.40800000 510.91000 73.99000 14.15700 66.93800
23 11 20 23 24 15511.10000 5.41600000 511.00000 73.99000 14.24200 66.93800
23 11 20 23 24 15507.10000 5.41600000 510.94000 74.01000 14.24200 66.93800
23 11 20 23 25 15512.70000 5.41600000 511.00000 73.98000 14.24200 66.94000
23 11 20 23 25 15516.30000 5.40600000 511.37000 74.21000 14.24200 66.94000
23 11 20 23 25 15516.90000 5.40600000 511.38000 74.21000 14.24200 66.96000
23 11 20 23 26 15507.60000 5.40600000 511.84000 74.14000 14.24200 66.96000
23 11 20 23 26 15511.00000 5.41600000 511.43000 74.20000 14.24200 66.96000
23 11 20 23 27 15507.30000 5.41300000 512.05000 74.20000 14.24200 66.96000
23 11 20 23 27 15519.20000 5.41300000 512.11000 74.44000 14.24200 66.96000
23 11 20 23 28 15517.10000 5.41300000 512.16000 74.41000 14.24200 66.96000
23 11 20 23 28 15515.60000 5.41300000 512.47000 74.42000 14.24200 67.10000
23 11 20 23 28 15520.00000 5.41300000 512.69000 74.33000 14.30700 67.20000
23 11 20 23 29 15528.10000 5.41300000 513.18000 74.26000 14.30700 67.20000
23 11 20 23 29 15530.80000 5.46200000 513.10000 74.26000 14.31200 67.20000
23 11 20 23 30 15526.60000 5.43100000 513.03000 74.19000 14.31200 67.20000
23 11 20 23 30 15525.80000 5.43100000 512.09000 74.18000 14.23000 67.20000
23 11 20 23 31 15520.80000 5.43100000 512.46000 74.18000 14.23000 67.29200
23 11 20 23 31 15511.10000 5.43100000 512.26000 74.18000 14.23000 67.29200
23 11 20 23 31 15514.80000 5.44900000 512.50000 74.28000 14.32700 67.29200
23 11 20 23 32 15512.60000 5.44900000 512.09000 74.28000 14.32700 67.29200
23 11 20 23 32 15512.70000 5.44900000 512.51000 74.28000 14.32700 67.29200
23 11 20 23 33 15512.60000 5.44900000 512.82000 74.26000 14.15300 67.29200
23 11 20 23 33 15512.20000 5.44900000 512.62000 74.23000 14.15300 67.29200
23 11 20 23 34 15516.00000 5.44500000 512.62000 74.33000 14.15300 67.00900
23 11 20 23 34 15498.60000 5.44500000 512.15000 74.33000 14.15300 67.00900
23 11 20 23 34 15486.80000 5.44500000 512.14000 74.22000 14.15300 67.00900
23 11 20 23 35 15486.30000 5.43100000 512.02000 74.16000 14.15000 67.00900
23 11 20 23 35 15493.40000 5.43100000 511.77000 74.10000 14.15000 67.00900
23 11 20 23 36 15491.90000 5.43100000 511.78000 74.14000 14.15000 67.00900
23 11 20 23 36 15486.10000 5.43100000 512.04000 74.14000 14.15000 67.00900
23 11 20 23 37 15486.10000 5.43100000 511.92000 74.14000 14.15000 67.00900
23 11 20 23 37 15489.50000 5.43100000 512.05000 74.18000 14.15000 67.00900
23 11 20 23 37 15488.90000 5.43100000 512.02000 74.18000 14.15000 67.00900
23 11 20 23 38 15480.00000 5.43100000 511.60000 74.18000 14.15000 67.00900
23 11 20 23 38 15480.00000 5.43100000 511.77000 74.19000 14.15000 67.00900
23 11 20 23 39 15480.10000 5.43100000 511.31000 74.07000 14.15000 67.00900
23 11 20 23 39 15480.10000 5.43100000 511.86000 74.23000 14.15000 67.00900
