M=[
13 10 20 08 19 9745.50000 4.84900000 325.68000 42.58000 12.15400 61.25200
13 10 20 08 19 9745.50000 4.84900000 325.59000 42.58000 12.15400 61.25200
13 10 20 08 20 9745.50000 4.84900000 325.59000 42.58000 12.15400 61.25200
13 10 20 08 20 9748.80000 4.84900000 325.59000 42.58000 12.15400 61.26200
13 10 20 08 20 9747.00000 4.84900000 325.59000 42.57000 12.15400 61.26200
13 10 20 08 21 9748.00000 4.84900000 325.65000 42.57000 12.15400 61.33800
13 10 20 08 21 9748.70000 4.84900000 325.60000 42.57000 12.15400 61.33800
13 10 20 08 22 9743.40000 4.84900000 325.54000 42.57000 12.15400 61.17900
13 10 20 08 22 9741.50000 4.84900000 325.40000 42.55000 12.15400 61.17900
13 10 20 08 23 9741.50000 4.84900000 325.37000 42.55000 12.15400 61.17900
13 10 20 08 23 9741.60000 4.84900000 325.32000 42.55000 12.15400 61.17900
13 10 20 08 23 9742.50000 4.84900000 325.33000 42.55000 12.15400 61.17900
13 10 20 08 24 9743.10000 4.84900000 325.33000 42.54000 12.15400 61.17900
13 10 20 08 24 9742.40000 4.84900000 325.38000 42.54000 12.15400 61.17900
13 10 20 08 25 9743.50000 4.84900000 325.38000 42.54000 12.15400 61.17900
13 10 20 08 25 9743.00000 4.84900000 325.34000 42.54000 12.15400 61.17900
13 10 20 08 26 9747.20000 4.84900000 325.49000 42.54000 12.15400 61.17900
13 10 20 08 26 9749.10000 4.84900000 325.52000 42.54000 12.15400 61.17900
13 10 20 08 26 9749.80000 4.84900000 325.64000 42.56000 12.15400 61.17900
13 10 20 08 27 9749.70000 4.84900000 325.64000 42.56000 12.15400 61.17900
13 10 20 08 27 9752.90000 4.84900000 325.64000 42.56000 12.15400 61.17900
13 10 20 08 28 9749.70000 4.84900000 325.68000 42.56000 12.15400 61.17900
13 10 20 08 28 9744.80000 4.84900000 325.50000 42.56000 12.15400 61.17900
13 10 20 08 29 9744.80000 4.84900000 325.50000 42.56000 12.15400 61.17900
13 10 20 08 29 9745.00000 4.84900000 325.77000 42.55000 12.15400 61.17900
13 10 20 08 29 9745.00000 4.85000000 325.77000 42.55000 12.15400 61.17900
13 10 20 08 30 9745.00000 4.85000000 325.77000 42.55000 12.15400 61.17900
13 10 20 08 30 9745.10000 4.85000000 325.71000 42.55000 12.15400 61.17900
13 10 20 08 31 9745.10000 4.85000000 325.71000 42.55000 12.15400 61.17900
13 10 20 08 31 9745.10000 4.85000000 325.76000 42.55000 12.15400 61.17900
13 10 20 08 32 9745.80000 4.85000000 325.83000 42.55000 12.15400 61.17900
13 10 20 08 32 9748.20000 4.85000000 325.89000 42.56000 12.15400 61.17900
13 10 20 08 32 9748.20000 4.85000000 325.89000 42.56000 12.15400 61.17900
13 10 20 08 33 9747.40000 4.85000000 325.89000 42.56000 12.15400 61.17800
13 10 20 08 33 9747.40000 4.85000000 325.89000 42.56000 12.15400 61.17800
13 10 20 08 34 9748.60000 4.85000000 325.89000 42.54000 12.15400 61.17800
13 10 20 08 34 9750.60000 4.85000000 326.02000 42.54000 12.15400 61.17800
13 10 20 08 35 9750.70000 4.85000000 326.04000 42.54000 12.15400 61.17800
13 10 20 08 35 9750.60000 4.85000000 326.08000 42.55000 12.15400 61.17800
13 10 20 08 35 9750.60000 4.85000000 326.08000 42.55000 12.15400 61.17800
13 10 20 08 36 9752.40000 4.85000000 326.08000 42.55000 12.15400 61.17800
13 10 20 08 36 9757.00000 4.84800000 326.08000 42.55000 12.15400 61.36300
13 10 20 08 37 9758.10000 4.84800000 326.15000 42.55000 12.15400 61.36300
13 10 20 08 37 9760.00000 4.84800000 326.15000 42.55000 12.15400 61.36300
13 10 20 08 38 9759.90000 4.84800000 326.20000 42.55000 12.15400 61.36300
13 10 20 08 38 9760.60000 4.84800000 326.20000 42.55000 12.15400 61.36300
13 10 20 08 38 9760.10000 4.84800000 326.20000 42.55000 12.15400 61.36300
13 10 20 08 39 9760.10000 4.84800000 326.12000 42.55000 12.15400 61.36300
13 10 20 08 39 9760.10000 4.84800000 326.12000 42.55000 12.15400 61.36300
13 10 20 08 40 9760.00000 4.84800000 326.19000 42.55000 12.15400 61.36300
13 10 20 08 40 9758.60000 4.84800000 326.01000 42.55000 12.15400 61.36300
13 10 20 08 41 9756.40000 4.84500000 326.08000 42.61000 12.15400 61.36300
13 10 20 08 41 9756.40000 4.84200000 326.08000 42.61000 12.15400 61.36300
13 10 20 08 41 9756.10000 4.84200000 325.99000 42.57000 12.15400 61.36300
13 10 20 08 42 9756.00000 4.84200000 325.93000 42.63000 12.15400 61.36300
13 10 20 08 42 9755.50000 4.84200000 325.93000 42.63000 12.15400 61.36300
13 10 20 08 43 9755.50000 4.84200000 325.93000 42.63000 12.15400 61.36300
13 10 20 08 43 9755.60000 4.84200000 325.93000 42.63000 12.15400 61.36300
13 10 20 08 44 9757.20000 4.84200000 326.06000 42.63000 12.15400 61.36300
13 10 20 08 44 9757.00000 4.84200000 326.06000 42.63000 12.15400 61.36300
13 10 20 08 44 9757.00000 4.82000000 326.07000 42.61000 12.15400 61.36300
13 10 20 08 45 9750.70000 4.82000000 326.06000 42.61000 12.15400 61.36300
13 10 20 08 45 9748.60000 4.82000000 325.83000 42.61000 12.15400 61.36300
13 10 20 08 46 9750.10000 4.82000000 325.82000 42.61000 12.15400 61.36300
13 10 20 08 46 9750.40000 4.82000000 325.98000 42.61000 12.15400 61.36300
13 10 20 08 47 9753.10000 4.82000000 325.95000 42.61000 12.15400 61.36300
13 10 20 08 47 9753.00000 4.82000000 325.95000 42.62000 12.15400 61.36300
13 10 20 08 47 9754.00000 4.82000000 326.06000 42.62000 12.15400 61.36300
13 10 20 08 48 9754.10000 4.82000000 326.06000 42.60000 12.15400 61.36300
13 10 20 08 48 9757.20000 4.82000000 326.02000 42.60000 12.15400 61.36300
13 10 20 08 49 9755.60000 4.82000000 326.04000 42.60000 12.15400 61.36300
13 10 20 08 49 9754.20000 4.82000000 325.74000 42.60000 12.15400 61.36300
13 10 20 08 50 9755.30000 4.82000000 325.89000 42.60000 12.15400 61.36300
13 10 20 08 50 9754.30000 4.82000000 325.89000 42.61000 12.15400 61.36300
13 10 20 08 50 9754.30000 4.82000000 325.89000 42.61000 12.15400 61.36300
13 10 20 08 51 9755.10000 4.82000000 325.89000 42.61000 12.15400 61.36300
13 10 20 08 51 9757.90000 4.82000000 325.91000 42.61000 12.15400 61.36300
13 10 20 08 52 9757.90000 4.82000000 325.91000 42.61000 12.15400 61.36300
13 10 20 08 52 9757.90000 4.82000000 325.91000 42.64000 12.15400 61.36300
13 10 20 08 53 9757.80000 4.82000000 325.91000 42.64000 12.15400 61.36300
13 10 20 08 53 9760.00000 4.82000000 325.91000 42.64000 12.15400 61.36300
13 10 20 08 53 9760.10000 4.82000000 325.91000 42.64000 12.15400 61.36300
13 10 20 08 54 9760.40000 4.82000000 325.91000 42.64000 12.15400 61.36300
13 10 20 08 54 9760.50000 4.82000000 325.92000 42.64000 12.15400 61.36300
13 10 20 08 55 9761.10000 4.82000000 325.99000 42.64000 12.15400 61.36300
13 10 20 08 55 9760.80000 4.82000000 325.94000 42.64000 12.15400 61.36300
13 10 20 08 56 9760.90000 4.82000000 325.94000 42.64000 12.15400 61.36300
13 10 20 08 56 9760.80000 4.82000000 325.89000 42.64000 12.15400 61.36300
13 10 20 08 56 9757.70000 4.82000000 325.83000 42.63000 12.15400 61.36300
13 10 20 08 57 9757.80000 4.82000000 325.91000 42.63000 12.15400 61.36300
13 10 20 08 57 9757.90000 4.82000000 325.91000 42.63000 12.15400 61.36300
13 10 20 08 58 9757.90000 4.82000000 326.03000 42.63000 12.15400 61.36300
13 10 20 08 58 9757.80000 4.82000000 326.21000 42.66000 12.15400 61.36300
13 10 20 08 59 9757.80000 4.82000000 326.22000 42.66000 12.15400 61.36300
13 10 20 08 59 9757.90000 4.82000000 326.22000 42.66000 12.15400 61.36300
13 10 20 08 59 9760.90000 4.82000000 326.32000 42.69000 12.15400 61.36300
13 10 20 09 00 9763.50000 4.82000000 326.25000 42.69000 12.15400 61.36300
13 10 20 09 00 9762.00000 4.82000000 326.25000 42.69000 12.15400 61.36300
13 10 20 09 01 9762.00000 4.82000000 326.24000 42.69000 12.15400 61.36300
13 10 20 09 01 9762.40000 4.82000000 326.24000 42.69000 12.15400 61.36300
13 10 20 09 01 9761.90000 4.82000000 326.27000 42.69000 12.15400 61.80400
13 10 20 09 02 9762.40000 4.82000000 326.26000 42.69000 12.15400 61.80400
13 10 20 09 02 9766.50000 4.84400000 326.26000 42.69000 12.15400 61.80400
13 10 20 09 03 9766.60000 4.84400000 326.26000 42.69000 12.15400 61.80400
13 10 20 09 03 9766.50000 4.84400000 326.26000 42.65000 12.15400 61.80400
13 10 20 09 04 9766.90000 4.84400000 326.33000 42.65000 12.15400 61.80400
13 10 20 09 04 9769.00000 4.84400000 326.39000 42.65000 12.15400 61.80400
13 10 20 09 04 9770.20000 4.84400000 326.41000 42.65000 12.15400 61.80400
