M=[
31 10 20 22 26 11880.00000 4.52500000 333.25000 48.12000 11.65000 50.12600
31 10 20 22 26 11880.00000 4.52500000 333.25000 48.12000 11.65000 50.12600
31 10 20 22 27 11880.00000 4.52500000 333.28000 48.12000 11.65000 50.12600
31 10 20 22 27 11880.00000 4.51600000 333.28000 48.12000 11.65000 50.12600
31 10 20 22 28 11880.00000 4.51600000 333.25000 48.12000 11.65000 50.12600
31 10 20 22 28 11879.90000 4.51600000 333.25000 48.12000 11.65000 50.12600
31 10 20 22 29 11879.90000 4.51600000 333.26000 48.06000 11.65000 50.12600
31 10 20 22 29 11879.90000 4.51600000 333.26000 48.06000 11.65000 50.12600
31 10 20 22 29 11880.00000 4.51600000 333.26000 48.03000 11.65000 50.12600
31 10 20 22 30 11879.90000 4.51600000 333.10000 48.03000 11.65000 50.12600
31 10 20 22 30 11880.00000 4.51600000 333.10000 48.03000 11.65000 50.12600
31 10 20 22 31 11880.00000 4.51600000 333.17000 48.03000 11.65000 50.12600
31 10 20 22 31 11882.70000 4.51600000 333.29000 48.03000 11.65000 50.12600
31 10 20 22 32 11888.00000 4.51600000 333.29000 48.03000 11.65000 50.12600
31 10 20 22 32 11888.00000 4.51600000 333.29000 48.03000 11.65000 50.12600
31 10 20 22 32 11894.10000 4.51600000 333.29000 48.03000 11.65000 50.12600
31 10 20 22 33 11894.10000 4.51600000 333.30000 48.03000 11.65000 50.12600
31 10 20 22 33 11900.00000 4.51600000 333.30000 48.03000 11.65000 50.12600
31 10 20 22 34 11899.30000 4.51600000 333.30000 48.03000 11.65000 50.12600
31 10 20 22 34 11899.60000 4.51600000 333.30000 48.03000 11.65000 50.12600
31 10 20 22 35 11900.00000 4.51600000 333.30000 48.03000 11.65000 50.12600
31 10 20 22 35 11903.20000 4.51600000 333.30000 48.03000 11.65000 50.12600
31 10 20 22 35 11903.00000 4.51600000 333.30000 48.07000 11.65000 50.12600
31 10 20 22 36 11903.00000 4.51600000 333.30000 48.07000 11.65000 50.12600
31 10 20 22 36 11902.20000 4.51600000 333.30000 48.07000 11.65000 50.12600
31 10 20 22 37 11903.00000 4.51600000 333.30000 48.07000 11.65000 50.12600
31 10 20 22 37 11903.10000 4.51600000 333.31000 48.07000 11.65000 50.12600
31 10 20 22 38 11903.10000 4.51600000 333.31000 48.07000 11.65000 50.12600
31 10 20 22 38 11903.20000 4.51600000 333.31000 48.07000 11.65000 50.12600
31 10 20 22 38 11903.20000 4.51600000 333.31000 48.07000 11.65000 50.12600
31 10 20 22 39 11903.00000 4.51600000 333.30000 48.07000 11.65000 50.12600
31 10 20 22 39 11903.20000 4.51600000 333.30000 48.07000 11.65000 50.12600
31 10 20 22 40 11903.20000 4.51600000 333.30000 48.07000 11.60000 50.12600
31 10 20 22 40 11903.60000 4.51600000 333.33000 48.07000 11.60000 50.12600
31 10 20 22 41 11903.80000 4.51600000 333.33000 48.07000 11.60000 50.12600
31 10 20 22 41 11903.90000 4.51600000 333.33000 48.07000 11.60000 50.12600
31 10 20 22 41 11905.30000 4.51600000 333.33000 48.07000 11.60000 50.12600
31 10 20 22 42 11905.90000 4.51600000 333.38000 48.07000 11.63400 50.12600
31 10 20 22 42 11908.20000 4.51600000 333.26000 48.07000 11.63400 50.12600
31 10 20 22 43 11908.10000 4.51600000 333.12000 48.07000 11.63400 50.12600
31 10 20 22 43 11908.20000 4.51600000 333.12000 48.07000 11.63400 50.12600
31 10 20 22 44 11908.20000 4.51600000 333.12000 48.07000 11.60000 50.12600
31 10 20 22 44 11909.90000 4.51600000 333.08000 48.07000 11.60000 50.12600
31 10 20 22 44 11912.50000 4.51600000 333.08000 48.07000 11.60000 50.12600
31 10 20 22 45 11912.50000 4.51600000 333.08000 48.07000 11.60000 50.12600
31 10 20 22 45 11912.40000 4.52900000 333.08000 48.07000 11.60000 50.12600
31 10 20 22 46 11919.20000 4.52900000 333.08000 48.07000 11.60000 50.12600
31 10 20 22 46 11914.50000 4.52900000 333.08000 48.07000 11.60000 50.12600
31 10 20 22 47 11914.50000 4.52900000 333.08000 48.06000 11.60000 50.12600
31 10 20 22 47 11919.40000 4.52900000 333.15000 48.06000 11.60000 50.12600
31 10 20 22 47 11915.90000 4.52900000 333.15000 48.06000 11.60000 50.12600
31 10 20 22 48 11914.50000 4.52900000 333.16000 48.06000 11.60000 50.12600
31 10 20 22 48 11914.50000 4.52900000 333.15000 48.07000 11.60000 50.12600
31 10 20 22 49 11901.90000 4.52900000 333.08000 48.07000 11.60000 50.12600
31 10 20 22 49 11897.30000 4.52900000 332.79000 48.07000 11.60000 50.12600
31 10 20 22 49 11896.60000 4.52900000 332.79000 48.07000 11.60000 50.12600
31 10 20 22 50 11914.90000 4.52900000 332.88000 48.07000 11.60000 50.12600
31 10 20 22 50 11911.70000 4.52900000 332.88000 48.07000 11.60000 50.12600
31 10 20 22 51 11909.50000 4.52900000 333.21000 48.07000 11.60000 50.12600
31 10 20 22 51 11907.30000 4.52900000 333.02000 48.07000 11.60000 50.12600
31 10 20 22 52 11905.10000 4.52900000 333.02000 48.07000 11.60000 50.12600
31 10 20 22 52 11900.90000 4.52900000 333.01000 48.07000 11.60000 50.12600
31 10 20 22 52 11907.40000 4.52900000 333.01000 48.07000 11.60000 50.12600
31 10 20 22 53 11901.90000 4.52900000 333.01000 48.07000 11.60000 50.12600
31 10 20 22 53 11900.10000 4.52900000 333.09000 48.07000 11.60000 50.12600
31 10 20 22 54 11897.80000 4.52900000 333.12000 48.06000 11.60000 50.12600
31 10 20 22 54 11896.30000 4.52900000 333.06000 48.06000 11.60000 50.12600
31 10 20 22 55 11895.60000 4.52900000 333.06000 48.06000 11.60000 50.12600
31 10 20 22 55 11894.10000 4.52900000 333.06000 48.06000 11.60000 50.12600
31 10 20 22 55 11894.20000 4.52900000 332.82000 48.06000 11.60000 50.12600
31 10 20 22 56 11894.50000 4.52900000 332.90000 48.06000 11.60000 50.20100
31 10 20 22 56 11894.50000 4.52900000 332.97000 48.06000 11.60000 50.20100
31 10 20 22 57 11894.40000 4.52900000 332.97000 48.06000 11.60000 50.20100
31 10 20 22 57 11894.40000 4.52900000 332.97000 48.06000 11.60000 50.20100
31 10 20 22 58 11894.40000 4.52900000 333.28000 48.07000 11.60000 50.20100
31 10 20 22 58 11894.30000 4.52900000 333.28000 48.07000 11.60000 50.20100
31 10 20 22 58 11894.30000 4.52900000 333.28000 48.07000 11.60000 50.20100
31 10 20 22 59 11894.40000 4.52900000 333.33000 48.07000 11.60000 50.20100
31 10 20 22 59 11894.40000 4.52900000 333.36000 48.07000 11.60000 50.20100
31 10 20 23 00 11894.30000 4.52900000 333.36000 48.07000 11.60000 50.20100
31 10 20 23 00 11894.30000 4.52900000 333.36000 48.07000 11.60000 50.20100
31 10 20 23 01 11894.40000 4.52900000 333.36000 48.03000 11.60000 50.20100
31 10 20 23 01 11894.30000 4.52900000 333.36000 48.03000 11.60000 50.20100
31 10 20 23 01 11894.30000 4.52900000 332.79000 48.03000 11.60000 50.20100
31 10 20 23 02 11894.20000 4.52900000 332.60000 48.03000 11.60000 50.20100
31 10 20 23 02 11894.30000 4.52900000 332.60000 48.03000 11.60000 50.20100
31 10 20 23 03 11894.30000 4.52900000 332.70000 48.03000 11.60000 50.20100
31 10 20 23 03 11894.10000 4.52900000 332.70000 48.03000 11.60000 50.20100
31 10 20 23 04 11888.00000 4.52900000 332.70000 48.03000 11.60000 50.20100
31 10 20 23 04 11888.00000 4.52900000 332.56000 48.03000 11.60000 50.20100
31 10 20 23 04 11858.10000 4.52900000 332.33000 48.00000 11.60000 50.20100
31 10 20 23 05 11859.00000 4.52900000 332.13000 48.00000 11.60000 50.20100
31 10 20 23 05 11859.00000 4.52900000 332.13000 47.93000 11.60000 50.20100
31 10 20 23 06 11852.60000 4.52900000 332.13000 47.93000 11.60000 50.20100
31 10 20 23 06 11850.00000 4.52900000 331.91000 47.93000 11.60000 50.20100
31 10 20 23 07 11856.90000 4.52900000 331.91000 47.93000 11.60000 50.02900
31 10 20 23 07 11857.30000 4.52900000 331.91000 47.93000 11.60000 50.02900
31 10 20 23 07 11861.40000 4.52900000 331.91000 47.93000 11.60000 50.02900
31 10 20 23 08 11861.50000 4.52900000 331.91000 47.90000 11.60000 50.02900
31 10 20 23 08 11860.60000 4.52900000 331.91000 47.88000 11.60000 50.02900
31 10 20 23 09 11861.40000 4.52900000 331.91000 47.88000 11.60000 50.02900
31 10 20 23 09 11860.50000 4.52900000 331.91000 47.88000 11.60000 50.02900
31 10 20 23 10 11857.10000 4.52900000 331.91000 47.88000 11.60000 50.02900
31 10 20 23 10 11850.10000 4.52900000 331.90000 47.88000 11.60000 50.02900
31 10 20 23 10 11850.00000 4.52900000 331.24000 47.88000 11.60000 49.88000
31 10 20 23 11 11850.00000 4.52900000 331.09000 47.88000 11.60000 49.88000
