M=[
 7 1 21 16 54 31764.10000 6.06100000 1023.78000 141.88000 16.41000 57.73000
 7 1 21 16 54 31754.50000 6.06100000 1024.27000 142.13000 16.41000 57.73000
 7 1 21 16 54 31774.90000 6.03400000 1024.14000 142.33000 16.41000 57.84000
 7 1 21 16 55 31804.00000 6.03400000 1025.34000 142.89000 16.41000 57.84000
 7 1 21 16 55 31785.00000 6.03400000 1025.55000 143.12000 16.41000 57.84000
 7 1 21 16 56 31814.70000 6.03400000 1025.55000 143.65000 16.41000 57.90900
 7 1 21 16 56 31844.80000 6.03400000 1026.85000 144.22000 16.41000 57.90900
 7 1 21 16 57 31896.40000 6.03400000 1027.99000 144.97000 16.41000 57.90900
 7 1 21 16 57 31899.70000 6.03400000 1028.00000 145.76000 16.41000 57.90900
 7 1 21 16 57 31903.80000 6.03400000 1028.00000 145.68000 16.41300 57.90900
 7 1 21 16 58 31833.00000 6.09300000 1026.89000 145.80000 16.41300 57.90900
 7 1 21 16 58 31847.00000 6.09300000 1027.98000 145.65000 16.41300 57.90900
 7 1 21 16 59 31836.40000 6.09300000 1027.99000 146.13000 16.41300 57.90900
 7 1 21 16 59 31827.60000 6.09300000 1027.95000 146.12000 16.41300 57.90900
 7 1 21 17 00 31831.00000 6.09300000 1026.68000 145.54000 16.41300 58.29000
 7 1 21 17 00 31894.00000 6.12400000 1028.17000 145.92000 16.41300 58.29000
 7 1 21 17 00 31902.90000 6.12400000 1029.88000 145.81000 16.41100 58.29000
 7 1 21 17 01 31949.90000 6.13000000 1030.93000 145.74000 16.41100 58.29000
 7 1 21 17 01 31980.90000 6.13000000 1032.68000 145.70000 16.41100 58.29000
 7 1 21 17 02 31998.00000 6.13000000 1031.87000 145.68000 16.41100 58.29000
 7 1 21 17 02 31999.80000 6.13000000 1032.89000 145.68000 16.41100 58.29000
 7 1 21 17 03 31999.90000 6.10600000 1031.03000 145.82000 16.41100 58.29000
 7 1 21 17 03 31969.50000 6.13600000 1030.35000 146.01000 16.47000 58.29000
 7 1 21 17 03 31957.80000 6.13600000 1029.01000 146.19000 16.47000 58.29000
 7 1 21 17 04 31959.20000 6.13600000 1027.32000 145.88000 16.47000 58.48900
 7 1 21 17 04 31903.10000 6.13600000 1026.67000 146.01000 16.47000 58.48900
 7 1 21 17 05 31927.40000 6.13600000 1028.56000 146.74000 16.47000 58.48900
 7 1 21 17 05 31943.10000 6.13600000 1028.46000 147.06000 16.47000 58.48900
 7 1 21 17 06 31900.10000 6.17000000 1027.18000 147.28000 16.47000 58.53800
 7 1 21 17 06 31942.30000 6.17000000 1028.37000 147.11000 16.51800 58.46300
 7 1 21 17 06 31978.40000 6.17000000 1029.06000 147.00000 16.51800 58.46300
 7 1 21 17 07 31987.60000 6.17000000 1027.57000 147.00000 16.44100 58.46300
 7 1 21 17 07 31978.60000 6.17000000 1027.84000 145.80000 16.44100 58.46300
 7 1 21 17 08 31970.10000 6.14600000 1026.53000 146.11000 16.44100 58.54800
 7 1 21 17 08 31974.90000 6.14600000 1026.51000 145.88000 16.44100 58.54800
 7 1 21 17 09 31974.90000 6.17200000 1025.77000 145.66000 16.44100 58.54800
 7 1 21 17 09 31975.00000 6.17200000 1025.51000 145.80000 16.44100 58.54800
 7 1 21 17 09 31965.10000 6.17200000 1024.87000 146.19000 16.44100 58.54800
 7 1 21 17 10 31975.00000 6.17200000 1026.53000 146.22000 16.44100 58.54800
 7 1 21 17 10 31925.50000 6.17200000 1025.01000 146.02000 16.44100 58.54800
 7 1 21 17 11 31950.00000 6.17200000 1026.28000 145.89000 16.45000 58.25300
 7 1 21 17 11 31950.00000 6.17200000 1026.44000 145.77000 16.45000 58.25300
 7 1 21 17 12 31964.90000 6.17200000 1026.44000 145.73000 16.45000 58.18000
 7 1 21 17 12 31965.00000 6.16700000 1026.34000 145.58000 16.45000 58.32100
 7 1 21 17 12 31970.00000 6.16800000 1026.99000 145.51000 16.44100 58.14300
 7 1 21 17 13 31975.00000 6.16800000 1026.99000 145.15000 16.44100 58.14300
 7 1 21 17 13 31975.00000 6.16800000 1027.49000 145.19000 16.44100 58.14300
 7 1 21 17 14 31974.90000 6.16800000 1027.49000 145.28000 16.44100 58.00500
 7 1 21 17 14 31980.00000 6.16800000 1027.95000 145.94000 16.44100 58.00500
 7 1 21 17 15 31998.00000 6.16800000 1027.94000 145.91000 16.44100 58.00500
 7 1 21 17 15 32000.00000 6.16800000 1027.07000 145.45000 16.44100 58.00500
 7 1 21 17 15 32000.00000 6.16800000 1026.47000 145.57000 16.44100 58.00500
 7 1 21 17 16 31999.90000 6.16700000 1026.47000 145.85000 16.44100 58.12100
 7 1 21 17 16 31999.90000 6.16700000 1026.76000 146.00000 16.44100 58.12100
 7 1 21 17 17 32000.00000 6.16700000 1028.55000 146.46000 16.44100 58.42900
 7 1 21 17 17 32040.00000 6.16700000 1029.80000 147.00000 16.44100 58.42900
 7 1 21 17 18 32040.00000 6.16700000 1029.99000 147.00000 16.44100 58.41500
 7 1 21 17 18 32049.90000 6.16700000 1029.68000 146.46000 16.44100 58.41500
 7 1 21 17 18 32050.00000 6.16700000 1029.69000 146.11000 16.44100 58.40000
 7 1 21 17 19 32070.50000 6.14100000 1029.07000 145.69000 16.44100 58.40000
 7 1 21 17 19 32061.30000 6.16700000 1029.21000 145.56000 16.44100 58.40000
 7 1 21 17 20 32094.70000 6.16700000 1030.00000 145.73000 16.44100 58.40000
 7 1 21 17 20 32099.60000 6.16700000 1031.22000 145.73000 16.44100 58.40000
 7 1 21 17 21 32100.00000 6.15800000 1030.68000 145.65000 16.44200 58.40000
 7 1 21 17 21 32150.00000 6.18500000 1031.50000 145.68000 16.44200 58.55100
 7 1 21 17 21 32150.50000 6.18500000 1031.20000 145.73000 16.44200 58.75000
 7 1 21 17 22 32176.90000 6.18500000 1032.00000 145.73000 16.44200 58.75000
 7 1 21 17 22 32200.00000 6.18500000 1033.00000 145.59000 16.51000 58.75000
 7 1 21 17 23 32200.00000 6.18000000 1032.70000 145.87000 16.51000 58.75000
 7 1 21 17 23 32230.30000 6.18000000 1032.81000 145.81000 16.51000 58.66900
 7 1 21 17 24 32250.00000 6.18000000 1033.60000 145.76000 16.44100 58.66900
 7 1 21 17 24 32206.90000 6.18000000 1032.83000 145.67000 16.40800 58.66900
 7 1 21 17 24 32249.90000 6.16900000 1033.49000 145.80000 16.40800 58.51100
 7 1 21 17 25 32260.40000 6.15800000 1033.68000 146.51000 16.39100 58.51100
 7 1 21 17 25 32215.60000 6.15800000 1033.16000 146.60000 16.47000 58.51100
 7 1 21 17 26 32230.00000 6.14100000 1032.85000 146.36000 16.47000 58.81500
 7 1 21 17 26 32208.60000 6.14100000 1031.78000 146.33000 16.47000 58.81500
 7 1 21 17 27 32190.60000 6.16100000 1030.77000 146.15000 16.47000 58.82000
 7 1 21 17 27 32165.80000 6.11700000 1030.13000 145.69000 16.39600 58.82000
 7 1 21 17 27 32161.60000 6.11700000 1030.75000 145.77000 16.39600 58.76800
 7 1 21 17 28 32215.60000 6.11800000 1032.77000 146.00000 16.39600 58.75900
 7 1 21 17 28 32215.60000 6.11800000 1032.77000 145.77000 16.39600 58.69600
 7 1 21 17 29 32215.60000 6.16000000 1033.40000 145.58000 16.39600 58.69600
 7 1 21 17 29 32219.00000 6.16000000 1033.90000 145.47000 16.39600 58.69600
 7 1 21 17 30 32277.00000 6.16000000 1034.54000 145.86000 16.39600 58.69600
 7 1 21 17 30 32300.90000 6.16200000 1034.89000 145.72000 16.39600 58.69600
 7 1 21 17 30 32300.90000 6.16200000 1034.30000 145.54000 16.39600 58.69600
 7 1 21 17 31 32215.50000 6.16000000 1032.00000 145.39000 16.39600 58.65300
 7 1 21 17 31 32200.00000 6.16000000 1032.92000 145.41000 16.39600 58.65300
 7 1 21 17 32 32124.40000 6.16000000 1030.36000 144.84000 16.45600 58.65300
 7 1 21 17 32 32124.30000 6.16000000 1030.43000 145.29000 16.45600 58.65300
 7 1 21 17 33 32124.40000 6.14000000 1030.78000 145.29000 16.45600 58.65300
 7 1 21 17 33 32168.50000 6.14000000 1032.00000 145.60000 16.37500 58.65300
 7 1 21 17 33 32150.40000 6.14000000 1030.82000 145.28000 16.37500 58.65300
 7 1 21 17 34 32173.40000 6.14000000 1030.81000 145.31000 16.37500 58.65300
 7 1 21 17 34 32165.50000 6.14000000 1030.98000 145.50000 16.45700 58.65300
 7 1 21 17 35 32150.40000 6.14000000 1031.00000 145.50000 16.45700 58.65300
 7 1 21 17 35 32126.60000 6.14000000 1030.00000 145.50000 16.45700 58.64900
 7 1 21 17 36 32150.00000 6.14000000 1030.00000 145.50000 16.45700 58.64000
 7 1 21 17 36 32157.90000 6.14000000 1029.99000 145.60000 16.45700 58.64000
 7 1 21 17 36 32195.60000 6.14000000 1031.00000 145.98000 16.45700 58.65100
 7 1 21 17 37 32200.00000 6.19800000 1031.77000 145.89000 16.45700 58.65100
 7 1 21 17 37 32200.00000 6.19800000 1031.34000 145.84000 16.45700 58.56100
 7 1 21 17 38 32200.00000 6.14700000 1030.63000 145.59000 16.45700 58.65800
 7 1 21 17 38 32160.30000 6.14700000 1029.49000 145.17000 16.45700 58.54800
