M=[
14 8 20 23 24 9965.10000 5.84100000 371.56000 48.14000 18.30900 72.65400
14 8 20 23 24 9965.10000 5.84100000 371.49000 48.11000 18.30900 72.65400
14 8 20 23 25 9965.10000 5.84100000 371.38000 48.11000 18.32200 72.65400
14 8 20 23 25 9968.20000 5.84100000 371.19000 48.11000 18.34100 72.65400
14 8 20 23 26 9971.00000 5.84100000 371.24000 48.11000 18.34100 72.65400
14 8 20 23 26 9971.60000 5.84100000 371.58000 48.11000 18.34100 72.65400
14 8 20 23 26 9972.20000 5.84100000 371.61000 48.11000 18.28200 72.65400
14 8 20 23 27 9972.20000 5.84100000 371.60000 48.11000 18.35100 72.65400
14 8 20 23 27 9972.40000 5.84100000 371.60000 48.11000 18.35100 72.65400
14 8 20 23 28 9972.40000 5.84100000 371.61000 48.11000 18.35100 72.65400
14 8 20 23 28 9972.50000 5.84100000 371.61000 48.11000 18.35100 72.65400
14 8 20 23 29 9972.50000 5.84400000 371.61000 48.11000 18.35100 72.65400
14 8 20 23 29 9971.90000 5.84400000 371.61000 48.11000 18.35100 72.65400
14 8 20 23 30 9972.90000 5.84400000 371.61000 48.11000 18.35100 72.65400
14 8 20 23 30 9975.10000 5.84400000 371.60000 48.20000 18.35100 72.65400
14 8 20 23 31 9975.40000 5.84400000 371.58000 48.20000 18.35100 72.65400
14 8 20 23 31 9972.90000 5.84400000 370.93000 48.20000 18.35100 72.65400
14 8 20 23 32 9972.90000 5.84400000 370.86000 48.11000 18.35100 72.65400
14 8 20 23 32 9972.90000 5.84400000 370.77000 48.15000 18.35100 72.65400
14 8 20 23 32 9971.70000 5.84400000 370.18000 48.10000 18.35100 72.65400
14 8 20 23 33 9965.10000 5.84400000 370.00000 48.08000 18.35100 72.65400
14 8 20 23 33 9965.10000 5.84400000 370.00000 48.08000 18.35100 72.65400
14 8 20 23 34 9965.20000 5.84400000 370.00000 48.08000 18.35100 72.65400
14 8 20 23 34 9965.20000 5.84400000 369.98000 48.08000 18.35100 72.65400
14 8 20 23 35 9965.10000 5.84400000 370.00000 48.02000 18.35100 72.65400
14 8 20 23 35 9965.10000 5.84400000 370.00000 48.02000 18.35100 72.65400
14 8 20 23 36 9965.00000 5.84400000 369.76000 48.00000 18.35100 72.65400
14 8 20 23 36 9965.00000 5.84400000 369.64000 48.00000 18.35100 72.65400
14 8 20 23 37 9965.00000 5.84400000 369.66000 48.00000 18.35100 72.65400
14 8 20 23 37 9965.10000 5.84400000 369.64000 47.96000 18.35100 72.65400
14 8 20 23 38 9963.30000 5.84400000 369.71000 47.96000 18.35100 72.65400
14 8 20 23 39 9960.00000 5.84400000 369.10000 47.89000 18.35100 72.65400
14 8 20 23 39 9951.30000 5.84400000 368.93000 47.89000 18.35100 71.94100
14 8 20 23 40 9950.20000 5.84400000 368.72000 47.89000 18.35100 71.94100
14 8 20 23 40 9949.80000 5.84400000 368.95000 47.89000 18.35100 71.94100
14 8 20 23 40 9949.90000 5.84400000 369.07000 47.89000 18.35100 71.94100
14 8 20 23 41 9949.30000 5.84400000 369.07000 47.89000 18.32800 71.94100
14 8 20 23 41 9949.40000 5.84400000 369.73000 47.89000 18.32800 71.94100
14 8 20 23 42 9949.40000 5.84400000 369.73000 47.89000 18.32800 71.94100
14 8 20 23 42 9949.40000 5.80800000 369.51000 47.89000 18.32800 71.94100
14 8 20 23 43 9949.40000 5.80800000 369.04000 47.89000 18.32800 71.94100
14 8 20 23 43 9949.70000 5.80800000 369.74000 47.89000 18.32800 71.94100
14 8 20 23 44 9950.10000 5.80800000 369.96000 47.89000 18.32800 71.94100
14 8 20 23 44 9957.30000 5.80800000 369.98000 47.89000 18.32800 71.94100
14 8 20 23 45 9959.30000 5.80800000 370.00000 47.89000 18.32800 71.94100
14 8 20 23 45 9960.10000 5.80800000 370.01000 47.89000 18.32800 71.94100
14 8 20 23 46 9960.20000 5.80800000 370.00000 47.89000 18.32800 71.94100
14 8 20 23 46 9960.20000 5.80800000 370.01000 47.89000 18.32800 71.94100
14 8 20 23 47 9960.20000 5.80800000 370.01000 47.89000 18.32800 71.94100
14 8 20 23 47 9956.80000 5.80800000 369.89000 47.89000 18.32800 71.94100
14 8 20 23 48 9956.90000 5.80800000 369.89000 47.89000 18.33400 71.94100
14 8 20 23 48 9956.90000 5.80800000 370.01000 47.89000 18.33400 71.94100
14 8 20 23 48 9956.90000 5.80800000 370.12000 47.89000 18.33400 71.94100
14 8 20 23 49 9958.60000 5.80800000 370.14000 47.89000 18.33400 71.94100
14 8 20 23 49 9958.60000 5.80800000 370.14000 47.89000 18.33400 71.94100
14 8 20 23 50 9963.10000 5.80800000 370.68000 47.89000 18.33400 71.94100
14 8 20 23 50 9966.40000 5.80800000 370.75000 47.89000 18.33400 71.94100
14 8 20 23 51 9960.20000 5.80800000 370.41000 47.89000 18.33400 71.94100
14 8 20 23 51 9960.10000 5.80800000 370.25000 47.89000 18.33400 71.94100
14 8 20 23 52 9960.10000 5.80800000 370.46000 48.03000 18.33400 71.94100
14 8 20 23 52 9960.00000 5.80800000 370.46000 48.03000 18.33400 71.94100
14 8 20 23 53 9961.80000 5.80800000 370.46000 48.03000 18.33400 71.94100
14 8 20 23 53 9962.30000 5.80800000 370.46000 48.03000 18.33400 71.94100
14 8 20 23 54 9961.60000 5.80800000 370.31000 48.03000 18.33400 71.94100
14 8 20 23 54 9960.10000 5.80800000 369.75000 47.95000 18.33400 71.94100
14 8 20 23 55 9957.00000 5.80800000 370.13000 47.96000 18.33400 71.94100
14 8 20 23 55 9957.00000 5.80800000 369.86000 47.97000 18.33400 71.94100
14 8 20 23 56 9956.80000 5.80800000 369.86000 47.97000 18.33400 71.94100
14 8 20 23 56 9956.90000 5.80800000 369.86000 47.97000 18.33400 71.94100
14 8 20 23 56 9956.80000 5.80800000 370.01000 47.97000 18.33400 71.94100
14 8 20 23 57 9956.80000 5.80800000 370.30000 47.97000 18.33400 71.94100
14 8 20 23 57 9956.80000 5.80800000 370.30000 47.97000 18.33400 71.94100
14 8 20 23 58 9956.80000 5.80800000 370.30000 47.97000 18.33400 71.94100
14 8 20 23 58 9956.80000 5.80800000 370.31000 47.97000 18.33400 71.94100
14 8 20 23 59 9960.00000 5.80800000 370.31000 47.97000 18.33400 71.94100
14 8 20 23 59 9962.70000 5.80800000 370.85000 47.97000 18.33400 71.94100
15 8 20 00 00 9962.50000 5.80800000 370.90000 47.97000 18.33400 71.94100
15 8 20 00 00 9962.50000 5.80800000 370.90000 47.97000 18.33400 71.94100
15 8 20 00 01 9966.20000 5.80800000 371.61000 48.10000 18.33400 71.94100
15 8 20 00 01 9969.00000 5.80800000 371.99000 48.28000 18.26500 71.94100
15 8 20 00 02 9969.00000 5.80800000 371.99000 48.30000 18.26500 71.94100
15 8 20 00 02 9972.90000 5.80800000 372.49000 48.38000 18.26500 71.94100
15 8 20 00 03 9975.40000 5.85600000 372.09000 48.44000 18.30700 72.12000
15 8 20 00 04 9977.00000 5.85900000 372.50000 48.50000 18.30800 72.17200
15 8 20 00 04 9977.10000 5.85900000 372.26000 48.53000 18.30800 72.17200
15 8 20 00 05 9977.10000 5.85900000 371.95000 48.53000 18.30700 72.17200
15 8 20 00 05 9977.80000 5.85900000 372.08000 48.58000 18.30700 72.26800
15 8 20 00 06 9984.00000 5.85900000 372.48000 48.63000 18.30700 72.42400
15 8 20 00 06 9984.00000 5.85900000 372.70000 48.71000 18.30700 72.42400
15 8 20 00 07 9984.00000 5.85900000 372.70000 48.71000 18.30700 72.42400
15 8 20 00 07 9983.90000 5.85900000 372.53000 48.72000 18.30700 72.42400
15 8 20 00 08 9984.00000 5.85900000 372.31000 48.72000 18.30700 72.42400
15 8 20 00 08 9984.00000 5.85900000 372.02000 48.72000 18.30700 72.42400
15 8 20 00 09 9984.00000 5.86900000 372.08000 48.72000 18.30700 72.42400
15 8 20 00 09 9984.00000 5.86900000 372.25000 48.72000 18.30700 72.42400
15 8 20 00 09 9984.00000 5.86900000 372.23000 48.72000 18.30700 72.42400
15 8 20 00 10 9984.00000 5.86900000 372.17000 48.72000 18.30700 72.42400
15 8 20 00 10 9984.00000 5.86900000 372.17000 48.72000 18.30700 72.42400
15 8 20 00 11 9984.00000 5.86900000 372.06000 48.60000 18.29000 72.42400
15 8 20 00 11 9984.00000 5.86900000 372.06000 48.60000 18.29000 72.42400
15 8 20 00 12 9984.00000 5.86900000 372.06000 48.60000 18.29000 72.42400
15 8 20 00 12 9983.90000 5.86900000 372.06000 48.60000 18.29000 72.42400
15 8 20 00 13 9983.90000 5.86900000 371.37000 48.60000 18.29000 72.42400
15 8 20 00 13 9984.00000 5.86900000 371.62000 48.60000 18.29000 72.63300
15 8 20 00 14 9984.00000 5.86900000 371.58000 48.60000 18.29000 72.63300
15 8 20 00 14 9979.50000 5.86900000 371.08000 48.60000 18.29000 72.63300
15 8 20 00 15 9977.10000 5.86900000 371.08000 48.59000 18.29000 72.63300
15 8 20 00 15 9977.10000 5.86900000 371.61000 48.65000 18.29000 72.63300
15 8 20 00 16 9983.90000 5.86900000 371.61000 48.65000 18.29000 72.63300
