M=[
17 9 20 23 10 9230.30000 5.13000000 328.73000 41.35000 13.60200 50.17500
17 9 20 23 10 9230.70000 5.13000000 328.99000 41.35000 13.60200 50.17500
17 9 20 23 10 9233.00000 5.13000000 328.99000 41.35000 13.60200 50.17500
17 9 20 23 11 9233.40000 5.13000000 328.99000 41.35000 13.60200 50.17500
17 9 20 23 11 9233.40000 5.13000000 328.99000 41.35000 13.60200 50.17500
17 9 20 23 12 9232.00000 5.13000000 328.99000 41.35000 13.60200 50.17500
17 9 20 23 12 9229.70000 5.13000000 328.99000 41.35000 13.60200 50.17500
17 9 20 23 13 9230.40000 5.13000000 328.99000 41.35000 13.60200 50.17500
17 9 20 23 13 9230.30000 5.13000000 328.98000 41.35000 13.60200 50.17500
17 9 20 23 13 9234.80000 5.13000000 328.98000 41.35000 13.60200 50.17500
17 9 20 23 14 9232.90000 5.13000000 328.98000 41.35000 13.60200 50.17500
17 9 20 23 14 9232.90000 5.13000000 328.98000 41.35000 13.60200 50.17500
17 9 20 23 15 9235.60000 5.13000000 329.28000 41.35000 13.60200 50.17500
17 9 20 23 15 9235.40000 5.13000000 329.28000 41.35000 13.60200 50.17500
17 9 20 23 16 9224.30000 5.13200000 329.23000 41.35000 13.60200 50.17500
17 9 20 23 16 9231.20000 5.13200000 329.25000 41.35000 13.60200 50.17500
17 9 20 23 17 9231.80000 5.13200000 329.25000 41.35000 13.60200 50.17500
17 9 20 23 17 9233.80000 5.13200000 329.25000 41.35000 13.60200 50.17500
17 9 20 23 17 9233.90000 5.13200000 329.25000 41.35000 13.60200 50.17500
17 9 20 23 18 9233.90000 5.13200000 329.25000 41.35000 13.60200 50.17500
17 9 20 23 18 9236.30000 5.13200000 329.25000 41.35000 13.60200 50.17500
17 9 20 23 19 9238.70000 5.13200000 329.25000 41.35000 13.60200 50.17500
17 9 20 23 19 9236.90000 5.13200000 329.25000 41.35000 13.60200 50.17500
17 9 20 23 20 9234.00000 5.13200000 329.25000 41.35000 13.60200 50.17500
17 9 20 23 20 9236.40000 5.13200000 329.25000 41.35000 13.60200 50.29200
17 9 20 23 20 9236.40000 5.13200000 329.16000 41.35000 13.60200 50.29200
17 9 20 23 21 9236.50000 5.13200000 329.04000 41.35000 13.60200 50.29200
17 9 20 23 21 9236.40000 5.13200000 329.02000 41.35000 13.60200 50.29200
17 9 20 23 22 9236.50000 5.13200000 329.02000 41.35000 13.60200 50.29200
17 9 20 23 22 9236.40000 5.13200000 329.02000 41.35000 13.60200 50.29200
17 9 20 23 23 9236.40000 5.13200000 329.02000 41.35000 13.60200 50.29200
17 9 20 23 23 9230.70000 5.13200000 329.02000 41.35000 13.60200 50.29200
17 9 20 23 23 9231.10000 5.13200000 329.02000 41.35000 13.63100 50.29200
17 9 20 23 24 9231.10000 5.13200000 328.98000 41.35000 13.63100 50.29200
17 9 20 23 24 9231.10000 5.13200000 329.01000 41.35000 13.63100 50.29200
17 9 20 23 25 9234.60000 5.13200000 329.22000 41.35000 13.63100 50.29200
17 9 20 23 25 9234.60000 5.13200000 329.22000 41.35000 13.63100 50.29200
17 9 20 23 26 9236.30000 5.13200000 329.24000 41.35000 13.63100 50.29200
17 9 20 23 26 9236.40000 5.13200000 329.25000 41.35000 13.63100 50.29200
17 9 20 23 26 9227.10000 5.13200000 329.25000 41.35000 13.63100 50.29200
17 9 20 23 27 9227.00000 5.13200000 328.74000 41.35000 13.63100 50.29200
17 9 20 23 27 9227.00000 5.13200000 328.74000 41.35000 13.63100 50.29200
17 9 20 23 28 9228.90000 5.13200000 328.85000 41.35000 13.63100 50.29200
17 9 20 23 28 9228.90000 5.13200000 328.85000 41.35000 13.63100 50.29200
17 9 20 23 29 9227.90000 5.13200000 329.07000 41.35000 13.63100 50.29200
17 9 20 23 29 9227.90000 5.13200000 329.07000 41.35000 13.62400 50.29200
17 9 20 23 29 9227.90000 5.13200000 329.07000 41.35000 13.62400 50.29200
17 9 20 23 30 9230.50000 5.13200000 329.11000 41.35000 13.62400 50.29200
17 9 20 23 30 9236.20000 5.13200000 329.11000 41.35000 13.62400 50.29200
17 9 20 23 31 9236.20000 5.13200000 329.11000 41.35000 13.62400 50.29200
17 9 20 23 31 9231.70000 5.13200000 329.11000 41.35000 13.62400 50.29200
17 9 20 23 32 9230.00000 5.13200000 329.11000 41.35000 13.62400 50.29200
17 9 20 23 32 9230.00000 5.13200000 329.11000 41.35000 13.62400 50.29200
17 9 20 23 32 9230.30000 5.13200000 329.11000 41.35000 13.62400 50.29200
17 9 20 23 33 9230.30000 5.13200000 328.94000 41.35000 13.62400 50.29200
17 9 20 23 33 9231.00000 5.13200000 328.94000 41.35000 13.62400 50.29200
17 9 20 23 34 9230.40000 5.13200000 328.94000 41.35000 13.62400 50.29200
17 9 20 23 34 9230.50000 5.13200000 329.25000 41.35000 13.62400 50.29200
17 9 20 23 35 9233.80000 5.13200000 329.25000 41.35000 13.62400 50.29200
17 9 20 23 35 9236.00000 5.13200000 329.25000 41.35000 13.62400 50.29200
17 9 20 23 36 9235.90000 5.13200000 329.25000 41.35000 13.62400 50.29200
17 9 20 23 36 9234.60000 5.13200000 329.25000 41.35000 13.62400 50.29200
17 9 20 23 36 9234.70000 5.13200000 329.25000 41.35000 13.62400 50.29200
17 9 20 23 37 9234.60000 5.13200000 329.25000 41.35000 13.62400 50.29200
17 9 20 23 37 9233.60000 5.13200000 329.33000 41.35000 13.62400 50.29200
17 9 20 23 38 9234.30000 5.13200000 329.33000 41.35000 13.62400 50.29200
17 9 20 23 38 9236.20000 5.13200000 329.33000 41.35000 13.62400 50.29200
17 9 20 23 39 9235.70000 5.13200000 329.33000 41.35000 13.62400 50.29200
17 9 20 23 39 9236.30000 5.13200000 329.76000 41.35000 13.62400 50.29200
17 9 20 23 39 9236.30000 5.13200000 329.75000 41.35000 13.62400 50.29200
17 9 20 23 40 9240.00000 5.13200000 329.88000 41.35000 13.62400 50.29200
17 9 20 23 40 9239.10000 5.13200000 329.44000 41.35000 13.62400 50.29200
17 9 20 23 41 9239.30000 5.13200000 329.44000 41.35000 13.50500 50.29200
17 9 20 23 41 9239.30000 5.13200000 329.20000 41.38000 13.50500 50.29200
17 9 20 23 42 9243.50000 5.13200000 329.20000 41.38000 13.50500 50.29200
17 9 20 23 42 9244.10000 5.13200000 329.39000 41.38000 13.60000 50.29200
17 9 20 23 42 9244.10000 5.13200000 329.39000 41.38000 13.60000 50.29200
17 9 20 23 43 9245.80000 5.13200000 329.39000 41.38000 13.60000 50.29200
17 9 20 23 43 9245.80000 5.13200000 329.39000 41.38000 13.60000 50.29200
17 9 20 23 44 9245.80000 5.13200000 329.38000 41.38000 13.60000 50.29200
17 9 20 23 44 9245.80000 5.13200000 329.24000 41.38000 13.60000 50.29200
17 9 20 23 45 9244.10000 5.13200000 329.40000 41.38000 13.60000 50.29200
17 9 20 23 45 9244.80000 5.13200000 329.39000 41.38000 13.60000 50.29200
17 9 20 23 45 9244.60000 5.13200000 329.39000 41.38000 13.60000 50.29200
17 9 20 23 46 9243.90000 5.13200000 329.22000 41.38000 13.60000 50.29200
17 9 20 23 46 9243.90000 5.13200000 329.22000 41.38000 13.60000 50.29200
17 9 20 23 47 9245.20000 5.13200000 329.20000 41.38000 13.60000 50.29200
17 9 20 23 47 9244.50000 5.13200000 329.20000 41.38000 13.60000 50.29200
17 9 20 23 48 9244.50000 5.13200000 328.43000 41.38000 13.60000 50.29200
17 9 20 23 48 9237.30000 5.13200000 328.43000 41.38000 13.60000 50.29200
17 9 20 23 48 9237.30000 5.13200000 328.54000 41.38000 13.60000 50.41100
17 9 20 23 49 9237.30000 5.13200000 328.54000 41.38000 13.60000 50.41100
17 9 20 23 49 9236.10000 5.13200000 328.20000 41.38000 13.60000 50.41100
17 9 20 23 50 9229.00000 5.13200000 328.16000 41.38000 13.60000 50.41100
17 9 20 23 50 9229.00000 5.13200000 328.16000 41.38000 13.60000 50.41100
17 9 20 23 51 9230.20000 5.13200000 328.21000 41.38000 13.60200 50.41100
17 9 20 23 51 9233.20000 5.13200000 328.21000 41.38000 13.60200 50.41100
17 9 20 23 51 9235.00000 5.13200000 328.49000 41.38000 13.60200 50.41100
17 9 20 23 52 9236.80000 5.13200000 328.58000 41.38000 13.60200 50.41100
17 9 20 23 52 9236.80000 5.13200000 328.58000 41.38000 13.60200 50.41100
17 9 20 23 53 9236.60000 5.13200000 328.52000 41.38000 13.60200 50.41100
17 9 20 23 53 9236.60000 5.13200000 328.52000 41.38000 13.60200 50.41100
17 9 20 23 54 9236.60000 5.13200000 328.52000 41.38000 13.60200 50.41100
17 9 20 23 54 9242.20000 5.13200000 328.45000 41.38000 13.60200 50.41100
17 9 20 23 54 9242.20000 5.13200000 328.50000 41.38000 13.60200 50.41100
17 9 20 23 55 9244.20000 5.13200000 328.50000 41.38000 13.60200 50.41100
17 9 20 23 55 9241.70000 5.13200000 328.50000 41.38000 13.60200 50.41100
17 9 20 23 56 9238.50000 5.13200000 328.50000 41.38000 13.60200 50.41100
17 9 20 23 56 9240.40000 5.13200000 328.50000 41.38000 13.60200 50.41100
