M=[
26 5 20 23 33 8054.60000 6.12000000 183.13000 38.59000 11.40000 40.81200
26 5 20 23 33 8055.50000 6.12000000 183.22000 38.59000 11.40000 40.81200
26 5 20 23 34 8055.50000 6.12000000 183.22000 38.53000 11.40000 40.81200
26 5 20 23 34 8052.80000 6.12000000 183.22000 38.53000 11.40000 40.81200
26 5 20 23 34 8049.70000 6.13000000 183.00000 38.59000 11.40000 40.81200
26 5 20 23 35 8049.70000 6.12000000 183.00000 38.53000 11.40000 40.81200
26 5 20 23 35 8049.70000 6.12000000 183.00000 38.53000 11.40000 40.81200
26 5 20 23 36 8048.30000 6.12000000 183.00000 38.53000 11.40000 40.81200
26 5 20 23 36 8048.70000 6.12000000 183.00000 38.53000 11.40000 40.81200
26 5 20 23 37 8050.30000 6.12000000 183.00000 38.53000 11.40000 40.81200
26 5 20 23 37 8048.40000 6.12000000 183.00000 38.53000 11.40000 40.81200
26 5 20 23 38 8048.40000 6.12000000 183.00000 38.59000 11.29800 40.81200
26 5 20 23 38 8049.90000 6.12000000 183.00000 38.53000 11.40000 40.81200
26 5 20 23 38 8046.50000 6.12000000 183.00000 38.53000 11.40000 40.81200
26 5 20 23 39 8046.00000 6.13000000 183.03000 38.53000 11.40000 40.81200
26 5 20 23 39 8046.00000 6.12000000 183.03000 38.59000 11.40000 40.81200
26 5 20 23 40 8046.00000 6.12000000 183.03000 38.59000 11.40000 40.81200
26 5 20 23 40 8045.20000 6.12000000 182.82000 38.53000 11.40000 40.81200
26 5 20 23 41 8045.10000 6.12000000 182.87000 38.53000 11.40000 40.81200
26 5 20 23 41 8047.30000 6.10000000 182.86000 38.53000 11.40000 40.81200
26 5 20 23 42 8047.30000 6.12000000 182.99000 38.59000 11.40000 40.81200
26 5 20 23 42 8052.80000 6.13000000 182.99000 38.53000 11.40000 40.81200
26 5 20 23 43 8051.50000 6.12000000 182.99000 38.59000 11.40000 40.81200
26 5 20 23 43 8051.50000 6.12000000 182.99000 38.53000 11.29800 40.81200
26 5 20 23 44 8057.60000 6.12000000 182.99000 38.53000 11.40000 40.81200
26 5 20 23 44 8057.50000 6.10000000 182.86000 38.53000 11.40000 40.81200
26 5 20 23 45 8057.50000 6.12000000 182.99000 38.53000 11.29800 40.81200
26 5 20 23 45 8055.20000 6.12000000 183.00000 38.53000 11.40000 40.81200
26 5 20 23 45 8055.30000 6.12000000 182.86000 38.53000 11.40000 40.81200
26 5 20 23 46 8055.30000 6.12000000 183.00000 38.53000 11.40000 40.81200
26 5 20 23 46 8055.30000 6.12000000 183.00000 38.53000 11.40000 40.81200
26 5 20 23 47 8055.30000 6.12000000 183.00000 38.53000 11.40000 40.81200
26 5 20 23 47 8055.30000 6.12000000 183.00000 38.52000 11.40000 40.81200
26 5 20 23 48 8055.30000 6.12000000 183.00000 38.52000 11.40000 40.81200
26 5 20 23 48 8055.30000 6.12000000 182.86000 38.53000 11.40000 40.81200
26 5 20 23 48 8055.30000 6.11400000 183.00000 38.52000 11.40000 40.81200
26 5 20 23 49 8052.10000 6.10000000 182.86000 38.52000 11.40000 40.81200
26 5 20 23 49 8050.30000 6.12000000 183.09000 38.52000 11.40000 40.81200
26 5 20 23 50 8055.30000 6.11400000 183.09000 38.52000 11.40000 40.81200
26 5 20 23 50 8055.00000 6.12000000 183.09000 38.52000 11.40000 40.81200
26 5 20 23 51 8057.80000 6.12000000 183.11000 38.53000 11.40000 40.81200
26 5 20 23 51 8057.80000 6.12000000 183.11000 38.52000 11.40000 40.81200
26 5 20 23 52 8060.20000 6.12000000 183.11000 38.52000 11.40000 40.81200
26 5 20 23 52 8060.20000 6.13000000 183.13000 38.52000 11.40000 40.81200
26 5 20 23 53 8057.20000 6.12000000 183.13000 38.52000 11.40000 40.81200
26 5 20 23 53 8053.10000 6.12000000 183.09000 38.52000 11.40000 40.81200
26 5 20 23 54 8057.20000 6.12000000 183.09000 38.52000 11.40000 40.81200
26 5 20 23 54 8058.30000 6.12000000 183.32000 38.52000 11.40000 40.81200
26 5 20 23 55 8062.20000 6.12000000 183.40000 38.52000 11.33200 40.81200
26 5 20 23 55 8062.10000 6.12000000 183.40000 38.52000 11.40000 40.81200
26 5 20 23 55 8062.20000 6.12000000 183.40000 38.57000 11.40000 40.81200
26 5 20 23 56 8062.10000 6.12000000 183.40000 38.57000 11.40000 40.81200
26 5 20 23 56 8062.20000 6.12000000 183.40000 38.57000 11.40000 40.81200
26 5 20 23 57 8062.20000 6.12000000 183.37000 38.57000 11.40000 40.81200
26 5 20 23 57 8062.10000 6.12000000 183.37000 38.57000 11.40000 40.81200
26 5 20 23 58 8062.10000 6.12000000 183.37000 38.57000 11.40000 40.81200
26 5 20 23 58 8062.20000 6.12000000 183.37000 38.57000 11.40000 40.81200
26 5 20 23 59 8062.20000 6.12000000 183.37000 38.55000 11.40000 40.81200
26 5 20 23 59 8062.20000 6.12000000 183.37000 38.55000 11.40000 40.81200
27 5 20 00 00 8062.20000 6.12000000 183.24000 38.55000 11.41100 40.81200
27 5 20 00 00 8062.20000 6.12000000 183.24000 38.55000 11.41100 40.81200
27 5 20 00 01 8062.20000 6.10000000 183.24000 38.52000 11.41100 40.81200
27 5 20 00 01 8062.20000 6.10000000 183.24000 38.55000 11.41100 40.81200
27 5 20 00 02 8062.20000 6.12000000 183.44000 38.55000 11.41100 40.81200
27 5 20 00 02 8062.20000 6.12000000 183.36000 38.55000 11.41100 40.81200
27 5 20 00 02 8062.20000 6.12400000 183.37000 38.53000 11.41100 40.81200
27 5 20 00 03 8062.20000 6.12400000 183.36000 38.53000 11.41100 40.81200
27 5 20 00 03 8062.20000 6.12400000 183.36000 38.53000 11.40000 40.81200
27 5 20 00 04 8062.20000 6.12400000 183.36000 38.53000 11.41100 40.81200
27 5 20 00 04 8062.30000 6.12400000 183.36000 38.53000 11.41100 40.81200
27 5 20 00 05 8075.00000 6.12400000 183.36000 38.53000 11.41100 40.81200
27 5 20 00 05 8075.00000 6.12400000 183.64000 38.53000 11.41100 40.81200
27 5 20 00 06 8091.30000 6.12400000 183.64000 38.53000 11.41100 40.81200
27 5 20 00 06 8084.80000 6.12400000 183.64000 38.53000 11.41100 40.76000
27 5 20 00 07 8086.50000 6.12400000 183.83000 38.65000 11.40000 40.81200
27 5 20 00 07 8078.90000 6.12400000 183.83000 38.65000 11.41100 40.76000
27 5 20 00 07 8081.40000 6.12400000 183.83000 38.65000 11.41100 40.81200
27 5 20 00 08 8081.80000 6.12400000 183.75000 38.65000 11.29800 40.81200
27 5 20 00 08 8081.60000 6.12400000 183.74000 38.65000 11.41100 40.81200
27 5 20 00 09 8081.60000 6.12400000 183.66000 38.65000 11.41100 40.81200
27 5 20 00 09 8083.60000 6.12400000 183.66000 38.65000 11.41100 40.81200
27 5 20 00 10 8085.20000 6.12400000 183.69000 38.65000 11.41100 40.81200
27 5 20 00 10 8085.20000 6.12400000 183.69000 38.65000 11.41100 40.81200
27 5 20 00 11 8081.60000 6.12400000 183.73000 38.65000 11.41100 40.81200
27 5 20 00 11 8082.70000 6.12400000 183.73000 38.65000 11.29800 40.81200
27 5 20 00 12 8081.70000 6.12400000 183.73000 38.65000 11.41100 40.81200
27 5 20 00 12 8076.90000 6.12400000 183.67000 38.65000 11.41100 40.81200
27 5 20 00 12 8076.90000 6.12400000 183.67000 38.65000 11.41100 40.81200
27 5 20 00 13 8079.80000 6.12400000 183.67000 38.65000 11.41100 40.81200
27 5 20 00 13 8080.10000 6.10000000 183.73000 38.65000 11.41100 40.81200
27 5 20 00 14 8078.30000 6.12400000 183.59000 38.65000 11.41100 40.81200
27 5 20 00 14 8078.30000 6.11400000 183.59000 38.65000 11.41100 40.81200
27 5 20 00 15 8076.70000 6.12400000 183.59000 38.65000 11.41100 40.81200
27 5 20 00 15 8077.10000 6.13900000 183.78000 38.71000 11.29800 40.81200
27 5 20 00 16 8077.50000 6.13900000 183.78000 38.71000 11.41100 40.81200
27 5 20 00 16 8077.50000 6.13900000 183.80000 38.53000 11.41100 40.81200
27 5 20 00 17 8077.50000 6.13900000 183.80000 38.71000 11.41100 40.81200
27 5 20 00 17 8077.60000 6.13900000 183.80000 38.71000 11.41100 40.76000
27 5 20 00 17 8077.00000 6.13900000 183.78000 38.63000 11.41100 40.81200
27 5 20 00 18 8076.90000 6.13900000 183.70000 38.63000 11.41100 40.81200
27 5 20 00 18 8076.60000 6.13900000 183.70000 38.63000 11.41100 40.81200
27 5 20 00 19 8076.70000 6.13900000 183.70000 38.63000 11.41100 40.81200
27 5 20 00 19 8076.90000 6.13900000 183.78000 38.63000 11.41100 40.76000
27 5 20 00 20 8076.60000 6.13900000 183.70000 38.63000 11.40000 40.81200
27 5 20 00 20 8077.90000 6.13900000 183.70000 38.63000 11.41100 40.81200
27 5 20 00 21 8077.90000 6.13900000 183.59000 38.63000 11.41100 40.81200
27 5 20 00 21 8077.90000 6.13900000 183.70000 38.63000 11.41100 40.81200
27 5 20 00 22 8077.90000 6.13900000 183.70000 38.63000 11.41100 40.81200
27 5 20 00 22 8082.60000 6.13900000 183.89000 38.71000 11.40000 40.81200
