M=[
27 4 21 09 57 45332.40000 27.79600000 2115.14000 210.00000 34.00000 190.23600
27 4 21 09 57 45302.00000 27.79600000 2113.50000 210.00000 34.00000 190.23600
27 4 21 09 58 45306.60000 27.79600000 2114.26000 209.54000 34.10000 190.23600
27 4 21 09 58 45285.60000 27.56700000 2112.32000 209.14000 34.10000 190.23600
27 4 21 09 58 45268.50000 27.56700000 2112.01000 209.25000 34.10000 190.23600
27 4 21 09 59 45291.40000 27.56700000 2111.21000 209.25000 34.10000 190.23600
27 4 21 09 59 45304.70000 27.59700000 2111.78000 209.30000 34.10000 190.23600
27 4 21 10 00 45283.80000 27.59700000 2111.67000 209.39000 34.10000 190.23600
27 4 21 10 00 45280.10000 27.61900000 2111.67000 209.39000 33.99600 190.23600
27 4 21 10 01 45260.00000 27.61900000 2110.38000 209.37000 33.99600 190.23600
27 4 21 10 01 45265.60000 27.61900000 2110.11000 209.37000 33.99600 190.23600
27 4 21 10 01 45291.20000 27.61900000 2109.61000 209.04000 33.99600 190.23600
27 4 21 10 02 45272.40000 27.61900000 2109.61000 209.11000 33.99600 188.69800
27 4 21 10 02 45262.20000 27.61900000 2109.82000 209.25000 34.09900 188.69800
27 4 21 10 03 45284.90000 27.61900000 2109.61000 209.25000 34.09900 188.69800
27 4 21 10 03 45291.40000 27.61900000 2112.73000 209.90000 34.09900 188.69800
27 4 21 10 04 45316.40000 27.61900000 2114.53000 209.90000 34.09900 188.69800
27 4 21 10 04 45325.20000 27.61900000 2114.91000 210.05000 34.44300 188.69800
27 4 21 10 04 45338.40000 27.61900000 2116.24000 210.05000 34.13800 188.69800
27 4 21 10 05 45341.00000 27.61900000 2116.24000 210.23000 34.13800 188.69800
27 4 21 10 05 45391.00000 27.61900000 2117.87000 210.29000 34.13800 188.69800
27 4 21 10 06 45385.70000 27.61900000 2116.85000 210.26000 34.13800 188.69800
27 4 21 10 06 45413.50000 27.61900000 2116.85000 210.27000 34.13800 188.69800
27 4 21 10 07 45366.90000 27.61900000 2116.99000 210.27000 34.13800 188.69800
27 4 21 10 07 45316.30000 27.61900000 2115.52000 210.04000 34.13800 188.69800
27 4 21 10 07 45289.60000 27.61900000 2114.24000 209.66000 34.13800 188.69800
27 4 21 10 08 45345.10000 27.68000000 2114.66000 209.85000 35.00000 189.98500
27 4 21 10 08 45356.50000 27.68000000 2116.66000 210.33000 34.99300 189.98500
27 4 21 10 09 45310.20000 27.68000000 2115.75000 210.02000 34.99300 189.98500
27 4 21 10 09 45344.70000 27.68000000 2116.80000 210.12000 34.99300 189.98500
27 4 21 10 10 45357.10000 27.68000000 2116.99000 210.14000 34.99300 189.98500
27 4 21 10 10 45361.50000 27.68000000 2116.95000 210.25000 34.36100 190.06600
27 4 21 10 10 45374.90000 27.68000000 2117.00000 210.35000 34.36100 190.06600
27 4 21 10 11 45361.30000 27.68400000 2117.75000 210.35000 34.36100 190.06600
27 4 21 10 11 45357.30000 27.68400000 2118.46000 210.35000 34.36100 190.06600
27 4 21 10 12 45300.00000 27.68400000 2117.70000 210.35000 34.36100 190.06600
27 4 21 10 12 45285.40000 27.68400000 2116.45000 210.25000 34.34200 190.06600
27 4 21 10 13 45294.00000 27.68400000 2116.55000 210.23000 34.34200 190.06600
27 4 21 10 13 45293.70000 27.68400000 2116.26000 210.23000 34.34200 190.06600
27 4 21 10 13 45262.30000 27.68400000 2114.71000 210.23000 34.34200 190.06600
27 4 21 10 14 45262.20000 27.69600000 2114.85000 210.23000 34.97700 190.06600
27 4 21 10 14 45295.30000 27.69600000 2114.68000 210.83000 34.97700 190.06600
27 4 21 10 15 45292.10000 27.69600000 2112.00000 211.18000 34.98100 190.06600
27 4 21 10 15 45278.40000 27.69600000 2112.00000 210.68000 34.39700 190.06600
27 4 21 10 16 45255.00000 27.69600000 2111.68000 210.52000 34.39700 189.98400
27 4 21 10 16 45243.30000 27.69600000 2107.77000 210.33000 34.39700 189.98400
27 4 21 10 16 45240.10000 27.69600000 2107.51000 210.33000 34.39700 189.14400
27 4 21 10 17 45240.10000 27.69600000 2107.23000 210.07000 34.39700 189.14400
27 4 21 10 17 45240.10000 27.69600000 2107.08000 209.87000 34.39700 189.14400
27 4 21 10 18 45220.00000 27.69600000 2107.01000 209.83000 34.97700 189.14400
27 4 21 10 18 45220.10000 27.69600000 2107.96000 209.86000 34.97700 189.14400
27 4 21 10 19 45224.10000 27.69600000 2107.61000 209.92000 34.97700 189.14400
27 4 21 10 19 45220.10000 27.69600000 2107.01000 209.81000 34.97700 189.14400
27 4 21 10 19 45220.20000 27.69600000 2107.00000 209.81000 34.97700 189.14400
27 4 21 10 20 45227.90000 27.69600000 2107.00000 209.98000 34.97700 188.72900
27 4 21 10 20 45244.30000 27.69600000 2107.01000 209.98000 34.97700 188.72900
27 4 21 10 21 45244.40000 27.69600000 2106.37000 209.98000 34.97700 188.72900
27 4 21 10 21 45256.20000 27.69600000 2108.34000 210.38000 34.97700 188.72900
27 4 21 10 22 45245.10000 27.69600000 2107.31000 210.25000 34.40000 188.72900
27 4 21 10 22 45220.20000 27.55600000 2107.00000 210.04000 34.40000 188.72900
27 4 21 10 22 45220.20000 27.55600000 2106.18000 209.85000 34.96800 188.47100
27 4 21 10 23 45299.10000 27.55600000 2108.29000 210.19000 34.96800 188.70700
27 4 21 10 23 45354.90000 27.55600000 2111.21000 210.41000 34.96100 188.70700
27 4 21 10 24 45346.00000 27.55600000 2110.78000 210.43000 34.95900 188.70700
27 4 21 10 24 45300.10000 27.55600000 2111.15000 210.71000 34.95900 188.70700
27 4 21 10 24 45302.70000 27.55600000 2109.78000 210.31000 34.94900 188.70700
27 4 21 10 25 45322.90000 27.55600000 2111.07000 210.54000 34.94900 189.23900
27 4 21 10 25 45326.50000 27.55600000 2111.46000 211.01000 34.94900 189.23900
27 4 21 10 26 45326.50000 27.55600000 2112.32000 211.13000 34.94900 189.23900
27 4 21 10 26 45326.50000 27.72200000 2112.62000 211.14000 34.40800 189.23900
27 4 21 10 27 45317.00000 27.72200000 2110.96000 211.07000 34.40800 189.23900
27 4 21 10 27 45326.50000 27.72200000 2112.73000 211.29000 34.40800 189.23900
27 4 21 10 27 45326.40000 27.70800000 2112.32000 211.29000 34.40800 189.23900
27 4 21 10 28 45331.50000 27.70800000 2112.93000 211.11000 34.40800 189.67500
27 4 21 10 28 45356.00000 27.70800000 2113.15000 211.36000 34.40800 189.67500
27 4 21 10 29 45362.60000 27.70800000 2113.52000 211.29000 34.40800 189.67500
27 4 21 10 29 45289.10000 27.70800000 2111.06000 211.29000 34.40800 189.67500
27 4 21 10 30 45283.70000 27.70800000 2111.03000 211.39000 34.40800 189.67500
27 4 21 10 30 45263.40000 27.70800000 2108.63000 211.19000 34.40800 189.48600
27 4 21 10 30 45263.40000 27.70800000 2108.81000 211.23000 34.40800 189.48600
27 4 21 10 31 45263.30000 27.70800000 2108.59000 211.05000 34.40800 189.48600
27 4 21 10 31 45263.40000 27.70800000 2109.04000 211.05000 34.40800 189.48600
27 4 21 10 32 45298.70000 27.70800000 2110.03000 211.23000 34.40800 189.48600
27 4 21 10 32 45289.90000 27.70800000 2109.53000 211.23000 34.40800 189.48600
27 4 21 10 33 45288.00000 27.63300000 2107.91000 210.91000 34.40800 188.76200
27 4 21 10 33 45292.80000 27.63300000 2107.98000 210.91000 34.40800 188.76200
27 4 21 10 33 45310.20000 27.63300000 2108.46000 210.91000 34.40800 188.76200
27 4 21 10 34 45304.60000 27.71100000 2108.67000 210.91000 34.40800 188.78700
27 4 21 10 34 45325.10000 27.71100000 2108.53000 211.22000 34.75800 188.78700
27 4 21 10 35 45325.10000 27.71100000 2108.32000 210.96000 34.75800 188.78700
27 4 21 10 35 45325.00000 27.71100000 2107.91000 210.96000 34.75800 188.78700
27 4 21 10 36 45325.10000 27.71100000 2108.11000 211.09000 34.75600 188.78700
27 4 21 10 36 45323.70000 27.71100000 2108.42000 211.09000 34.75600 188.78700
27 4 21 10 36 45313.00000 27.71100000 2108.42000 211.24000 34.41000 188.78700
27 4 21 10 37 45331.80000 27.71100000 2109.16000 211.24000 34.41000 188.83000
27 4 21 10 37 45304.40000 27.71100000 2109.44000 211.24000 34.41000 188.83000
27 4 21 10 38 45323.10000 27.71100000 2109.76000 211.27000 34.41000 188.90200
27 4 21 10 38 45316.90000 27.74300000 2109.59000 211.27000 34.41000 188.90200
27 4 21 10 39 45322.40000 27.78700000 2110.58000 211.31000 34.41000 188.90200
27 4 21 10 39 45322.40000 27.78700000 2110.60000 211.28000 34.41000 188.97500
27 4 21 10 39 45320.10000 27.78700000 2109.31000 211.28000 34.41000 188.97500
27 4 21 10 40 45307.00000 27.77200000 2108.59000 211.18000 34.44300 188.97500
