M=[
13 7 20 02 46 8207.40000 5.66000000 213.78000 39.45000 17.12000 54.32400
13 7 20 02 47 8207.50000 5.66000000 213.78000 39.45000 17.12000 54.18000
13 7 20 02 47 8208.10000 5.66000000 213.78000 39.45000 17.12000 54.18000
13 7 20 02 48 8207.40000 5.66000000 213.78000 39.45000 17.12000 54.11500
13 7 20 02 48 8207.40000 5.66000000 213.78000 39.45000 17.12000 54.29400
13 7 20 02 49 8207.40000 5.66000000 213.78000 39.45000 17.12000 54.29400
13 7 20 02 49 8207.00000 5.66000000 213.78000 39.45000 17.12000 54.41500
13 7 20 02 50 8206.60000 5.66000000 213.73000 39.45000 17.12000 54.43400
13 7 20 02 50 8206.60000 5.66000000 213.73000 39.44000 17.12000 54.64000
13 7 20 02 51 8206.60000 5.66000000 213.67000 39.44000 17.12000 54.75600
13 7 20 02 51 8206.50000 5.66000000 213.66000 39.44000 17.12000 54.72500
13 7 20 02 52 8206.40000 5.66000000 213.66000 39.44000 17.12000 54.72500
13 7 20 02 52 8206.40000 5.66000000 213.71000 39.44000 17.12000 54.72500
13 7 20 02 53 8206.40000 5.66000000 213.71000 39.44000 17.12000 54.72500
13 7 20 02 53 8206.40000 5.66000000 213.71000 39.44000 17.12000 54.72500
13 7 20 02 53 8206.50000 5.66000000 213.71000 39.44000 17.12000 54.72500
13 7 20 02 54 8206.40000 5.66000000 213.71000 39.44000 17.12000 54.72500
13 7 20 02 54 8206.40000 5.66000000 213.72000 39.48000 17.12000 54.72500
13 7 20 02 55 8206.40000 5.66000000 213.72000 39.48000 17.12000 54.72500
13 7 20 02 55 8206.40000 5.66000000 213.87000 39.48000 17.12000 54.72500
13 7 20 02 56 8206.40000 5.66000000 213.87000 39.50000 17.12000 54.72500
13 7 20 02 56 8208.20000 5.66000000 213.87000 39.50000 17.12000 54.72500
13 7 20 02 57 8208.20000 5.66000000 213.87000 39.50000 17.12000 54.72500
13 7 20 02 57 8208.20000 5.66000000 213.87000 39.50000 17.12000 54.72500
13 7 20 02 58 8208.20000 5.66000000 213.87000 39.50000 17.12000 54.72500
13 7 20 02 58 8208.20000 5.66000000 213.87000 39.50000 17.12000 54.72500
13 7 20 02 58 8208.30000 5.66000000 213.87000 39.50000 17.12000 54.72500
13 7 20 02 59 8208.20000 5.66000000 213.87000 39.50000 17.12000 54.72500
13 7 20 02 59 8208.20000 5.66000000 213.87000 39.50000 17.12000 54.64400
13 7 20 03 00 8208.30000 5.66000000 213.96000 39.50000 17.12000 54.59200
13 7 20 03 00 8208.30000 5.66000000 213.96000 39.50000 17.12000 54.59200
13 7 20 03 01 8208.30000 5.66000000 213.96000 39.50000 17.12000 54.66400
13 7 20 03 01 8215.60000 5.66000000 213.96000 39.50000 17.12000 54.66400
13 7 20 03 02 8215.70000 5.66000000 214.10000 39.50000 17.01300 54.66400
13 7 20 03 02 8215.70000 5.66000000 214.03000 39.50000 17.01300 54.66400
13 7 20 03 02 8214.60000 5.66000000 214.03000 39.50000 17.01300 54.66400
13 7 20 03 03 8214.60000 5.66000000 214.03000 39.50000 17.01300 54.66400
13 7 20 03 03 8214.70000 5.66000000 214.04000 39.50000 17.01300 54.66400
13 7 20 03 04 8214.60000 5.66000000 214.09000 39.50000 17.01300 54.66400
13 7 20 03 04 8214.60000 5.66000000 214.09000 39.50000 17.01300 54.57000
13 7 20 03 05 8214.60000 5.66000000 214.09000 39.50000 17.01300 54.57000
13 7 20 03 05 8214.60000 5.66000000 214.09000 39.50000 17.01300 54.57000
13 7 20 03 06 8213.70000 5.66000000 214.09000 39.50000 17.01300 54.57000
13 7 20 03 06 8213.70000 5.66000000 214.09000 39.50000 17.01300 54.57000
13 7 20 03 07 8212.70000 5.66000000 214.09000 39.50000 17.01300 54.57000
13 7 20 03 07 8212.70000 5.66000000 214.09000 39.50000 17.01300 54.57000
13 7 20 03 08 8212.80000 5.66000000 214.09000 39.52000 17.01300 54.57000
13 7 20 03 08 8212.70000 5.66000000 214.09000 39.52000 17.01300 54.57000
13 7 20 03 08 8212.70000 5.66000000 214.09000 39.52000 17.01300 54.57000
13 7 20 03 09 8212.80000 5.66000000 214.09000 39.52000 17.01300 54.57000
13 7 20 03 09 8212.80000 5.66000000 214.09000 39.52000 17.01300 54.57000
13 7 20 03 10 8212.80000 5.66000000 214.09000 39.52000 17.01300 54.57000
13 7 20 03 10 8212.70000 5.66000000 214.09000 39.52000 17.01300 54.57000
13 7 20 03 11 8212.80000 5.66000000 214.09000 39.52000 17.01300 54.57000
13 7 20 03 11 8212.70000 5.66000000 214.09000 39.52000 17.01300 54.57000
13 7 20 03 12 8212.80000 5.66000000 214.09000 39.52000 17.01300 54.57000
13 7 20 03 12 8212.70000 5.66000000 214.09000 39.52000 17.01300 54.57000
13 7 20 03 13 8212.80000 5.66000000 214.09000 39.52000 17.01300 54.57000
13 7 20 03 13 8212.80000 5.66000000 214.09000 39.52000 17.01300 54.57000
13 7 20 03 13 8212.70000 5.66000000 214.09000 39.52000 17.01300 54.57000
13 7 20 03 14 8212.70000 5.66000000 214.09000 39.52000 17.01300 54.57000
13 7 20 03 14 8212.70000 5.66000000 214.09000 39.52000 17.01300 54.57000
13 7 20 03 15 8212.70000 5.66000000 214.09000 39.52000 17.01300 54.57000
13 7 20 03 15 8212.70000 5.66000000 214.09000 39.52000 17.01300 54.57000
13 7 20 03 16 8212.70000 5.66000000 214.09000 39.52000 17.01300 54.57000
13 7 20 03 16 8212.70000 5.66000000 214.09000 39.52000 17.01300 54.57000
13 7 20 03 17 8212.70000 5.66000000 214.00000 39.52000 17.01300 54.95100
13 7 20 03 17 8212.70000 5.66000000 214.00000 39.52000 17.01300 55.09900
13 7 20 03 18 8211.60000 5.66000000 213.97000 39.52000 17.01300 55.10000
13 7 20 03 18 8211.60000 5.66000000 213.97000 39.52000 17.01300 55.32100
13 7 20 03 19 8211.60000 5.66000000 213.97000 39.52000 17.01300 55.27600
13 7 20 03 19 8211.60000 5.66000000 213.97000 39.52000 17.01300 55.27600
13 7 20 03 19 8211.70000 5.66000000 213.97000 39.52000 17.01300 55.37000
13 7 20 03 20 8211.60000 5.66000000 213.97000 39.52000 17.01300 55.37000
13 7 20 03 20 8211.70000 5.66000000 214.03000 39.52000 17.01300 55.72400
13 7 20 03 21 8211.70000 5.66000000 214.04000 39.52000 17.01300 55.53400
13 7 20 03 21 8211.70000 5.66000000 214.04000 39.52000 17.01300 55.38900
13 7 20 03 22 8211.60000 5.66000000 213.99000 39.52000 17.01300 55.46000
13 7 20 03 22 8211.70000 5.66000000 213.99000 39.52000 17.01300 55.40000
13 7 20 03 23 8211.70000 5.66000000 214.00000 39.52000 17.01300 55.45600
13 7 20 03 23 8211.70000 5.66000000 214.00000 39.52000 17.01300 55.45600
13 7 20 03 24 8211.70000 5.66000000 214.00000 39.52000 17.01300 55.45600
13 7 20 03 24 8211.70000 5.66000000 214.02000 39.52000 17.01300 55.45600
13 7 20 03 24 8211.70000 5.66000000 214.01000 39.52000 17.01300 55.45600
13 7 20 03 25 8211.70000 5.66000000 214.01000 39.52000 17.01300 55.45600
13 7 20 03 25 8211.70000 5.66000000 214.01000 39.52000 17.01300 55.45600
13 7 20 03 26 8211.60000 5.66000000 214.03000 39.52000 17.01300 55.19100
13 7 20 03 26 8211.60000 5.66000000 214.02000 39.52000 17.01300 55.19100
13 7 20 03 27 8211.60000 5.66000000 213.99000 39.52000 17.01300 55.19400
13 7 20 03 27 8211.60000 5.66000000 213.99000 39.52000 17.01300 55.19400
13 7 20 03 28 8211.60000 5.66000000 213.99000 39.52000 17.01300 55.19400
13 7 20 03 28 8211.60000 5.66000000 213.99000 39.52000 17.01300 55.19400
13 7 20 03 29 8211.70000 5.66000000 213.97000 39.52000 17.01300 55.19400
13 7 20 03 29 8211.70000 5.66000000 213.97000 39.52000 17.01300 55.19400
13 7 20 03 30 8211.60000 5.66000000 213.94000 39.52000 17.01300 55.19400
13 7 20 03 30 8211.60000 5.66000000 213.87000 39.52000 17.01300 55.19400
13 7 20 03 31 8211.70000 5.66000000 213.87000 39.52000 17.01300 55.07500
13 7 20 03 31 8211.60000 5.66000000 213.87000 39.52000 17.01300 55.07500
13 7 20 03 31 8211.70000 5.66000000 213.87000 39.52000 17.01300 55.05400
13 7 20 03 32 8210.50000 5.66000000 213.75000 39.52000 17.01300 55.05400
13 7 20 03 32 8210.50000 5.66000000 213.75000 39.52000 17.01300 55.05400
13 7 20 03 33 8210.50000 5.66000000 213.75000 39.52000 17.01300 55.05400
13 7 20 03 33 8209.20000 5.66000000 213.75000 39.52000 17.01300 55.05400
13 7 20 03 34 8209.30000 5.66000000 213.75000 39.52000 17.01300 55.05400
13 7 20 03 34 8209.30000 5.66000000 213.75000 39.52000 17.01300 55.05400
13 7 20 03 35 8209.30000 5.66000000 213.75000 39.52000 17.01300 55.05400
13 7 20 03 35 8209.30000 5.66000000 213.75000 39.52000 17.01300 55.05400
13 7 20 03 36 8209.20000 5.66000000 213.75000 39.52000 17.01300 55.05400
13 7 20 03 36 8209.20000 5.66000000 213.79000 39.52000 17.01300 55.05400
