M=[
 6 7 21 07 32 29243.70000 47.31800000 1955.78000 119.41000 18.52300 97.76300
 6 7 21 07 33 29243.70000 47.31800000 1955.50000 119.44000 18.52300 97.76300
 6 7 21 07 33 29245.50000 47.31800000 1955.59000 119.43000 18.52300 97.76300
 6 7 21 07 34 29247.00000 47.31800000 1956.42000 119.47000 18.52300 97.76300
 6 7 21 07 34 29250.60000 47.31800000 1956.67000 119.47000 18.52300 97.76300
 6 7 21 07 34 29263.50000 47.31800000 1956.71000 119.47000 18.52300 97.76300
 6 7 21 07 35 29263.80000 47.31800000 1958.24000 119.47000 18.52300 97.76300
 6 7 21 07 35 29267.60000 47.31800000 1957.14000 119.47000 18.52300 97.76300
 6 7 21 07 36 29267.90000 47.16700000 1957.11000 119.48000 18.52300 97.76300
 6 7 21 07 36 29272.90000 47.16700000 1956.48000 119.48000 18.52300 97.76300
 6 7 21 07 37 29272.10000 47.16700000 1956.66000 119.48000 18.52300 97.76300
 6 7 21 07 37 29268.10000 47.16700000 1956.66000 119.48000 18.52300 97.76300
 6 7 21 07 37 29263.60000 47.28500000 1955.56000 119.48000 18.52300 97.76300
 6 7 21 07 38 29272.10000 47.28500000 1955.92000 119.46000 18.52300 97.76300
 6 7 21 07 38 29272.10000 47.28500000 1956.39000 119.45000 18.52300 97.76300
 6 7 21 07 39 29265.10000 47.28500000 1955.57000 119.45000 18.52300 97.76300
 6 7 21 07 39 29265.20000 47.28500000 1955.58000 119.45000 18.52300 97.76300
 6 7 21 07 40 29265.30000 47.28500000 1955.58000 119.45000 18.52300 97.76300
 6 7 21 07 40 29274.50000 47.28500000 1955.57000 119.48000 18.52300 97.76300
 6 7 21 07 41 29274.10000 47.20600000 1956.46000 119.48000 18.52300 97.76300
 6 7 21 07 41 29278.90000 47.20600000 1956.46000 119.50000 18.52300 97.76300
 6 7 21 07 41 29300.00000 47.20600000 1956.46000 119.52000 18.52300 97.76300
 6 7 21 07 42 29293.90000 47.20600000 1956.46000 119.55000 18.52300 97.76300
 6 7 21 07 42 29296.20000 47.20600000 1957.00000 119.55000 18.52300 97.76300
 6 7 21 07 43 29301.70000 47.20600000 1957.00000 119.55000 18.52300 97.76300
 6 7 21 07 43 29305.70000 47.20600000 1958.87000 119.55000 18.52300 97.76300
 6 7 21 07 44 29307.30000 47.20600000 1958.51000 119.55000 18.52300 97.76300
 6 7 21 07 44 29306.10000 47.20600000 1958.99000 119.55000 18.52300 97.76300
 6 7 21 07 44 29305.50000 47.20600000 1958.99000 119.55000 18.52300 97.76300
 6 7 21 07 45 29308.50000 47.20600000 1960.00000 119.58000 18.52300 97.76300
 6 7 21 07 45 29309.90000 47.20600000 1959.94000 119.58000 18.52300 97.76300
 6 7 21 07 46 29310.00000 47.20600000 1960.55000 119.56000 18.52300 97.76300
 6 7 21 07 46 29310.00000 47.20600000 1960.55000 119.56000 18.52300 97.76300
 6 7 21 07 47 29287.80000 47.20600000 1959.05000 119.56000 18.52300 97.76300
 6 7 21 07 47 29287.90000 47.30900000 1959.40000 119.56000 18.52300 97.76300
 6 7 21 07 47 29287.80000 47.27700000 1958.93000 119.56000 18.52300 97.76300
 6 7 21 07 48 29265.10000 47.27700000 1958.41000 119.56000 18.52300 97.76300
 6 7 21 07 48 29247.80000 47.27700000 1958.41000 119.46000 18.52300 97.76300
 6 7 21 07 49 29247.80000 47.27700000 1958.83000 119.46000 18.52300 97.76300
 6 7 21 07 49 29256.60000 47.27700000 1959.23000 119.46000 18.52300 97.76300
 6 7 21 07 50 29261.80000 47.22400000 1959.55000 119.46000 18.52300 97.76300
 6 7 21 07 50 29256.80000 47.22400000 1959.55000 119.46000 18.52300 97.76300
 6 7 21 07 50 29256.80000 47.22400000 1959.87000 119.46000 18.52300 97.76300
 6 7 21 07 51 29259.60000 47.22400000 1960.00000 119.45000 18.52300 97.76300
 6 7 21 07 51 29272.60000 47.22400000 1963.53000 119.45000 18.52300 97.76300
 6 7 21 07 52 29272.60000 47.22400000 1964.15000 119.50000 18.52300 97.66900
 6 7 21 07 52 29284.20000 47.22400000 1963.42000 119.50000 18.52300 97.66900
 6 7 21 07 53 29284.20000 47.22400000 1963.01000 119.50000 18.52300 97.66900
 6 7 21 07 53 29285.20000 47.22400000 1963.27000 119.50000 18.52300 97.66900
 6 7 21 07 53 29287.70000 47.22400000 1963.01000 119.50000 18.52300 97.66900
 6 7 21 07 54 29290.90000 47.27200000 1962.55000 119.50000 18.52300 97.66900
 6 7 21 07 54 29297.20000 47.27200000 1962.84000 119.50000 18.52300 97.66900
 6 7 21 07 55 29307.00000 47.27200000 1963.00000 119.50000 18.52300 97.66900
 6 7 21 07 55 29307.00000 47.27200000 1963.00000 119.50000 18.52300 97.66900
 6 7 21 07 56 29405.80000 47.27200000 1968.26000 119.58000 18.52300 97.66900
 6 7 21 07 56 29379.50000 47.27200000 1966.06000 119.73000 18.52300 97.83900
 6 7 21 07 56 29417.90000 47.27200000 1971.16000 119.73000 18.52300 97.83900
 6 7 21 07 57 29410.70000 47.27200000 1970.44000 119.73000 18.52300 97.83900
 6 7 21 07 57 29403.60000 47.27200000 1970.92000 119.73000 18.52300 97.83900
 6 7 21 07 58 29404.90000 47.27200000 1970.02000 119.85000 18.52300 97.83900
 6 7 21 07 58 29392.20000 47.27200000 1971.52000 119.85000 18.52300 97.83900
 6 7 21 07 59 29391.00000 47.27200000 1971.23000 119.85000 18.52300 97.83900
 6 7 21 07 59 29376.70000 47.27200000 1970.50000 119.85000 18.52300 97.83900
 6 7 21 07 59 29379.40000 47.44100000 1970.50000 119.85000 18.52300 97.83900
 6 7 21 08 00 29399.20000 47.44100000 1973.20000 119.81000 18.52300 97.83900
 6 7 21 08 00 29385.30000 47.44100000 1973.66000 119.92000 18.52300 97.83900
 6 7 21 08 01 29379.60000 47.37400000 1972.92000 119.77000 18.52300 97.83900
 6 7 21 08 01 29369.00000 47.37400000 1969.64000 119.77000 18.52300 97.83900
 6 7 21 08 02 29353.40000 47.37400000 1969.19000 119.77000 18.52300 98.04800
 6 7 21 08 02 29323.80000 47.37400000 1971.17000 119.63000 18.52300 98.00000
 6 7 21 08 02 29338.30000 47.37400000 1975.41000 119.63000 18.52300 98.00000
 6 7 21 08 03 29359.80000 47.37400000 1977.29000 119.63000 18.52300 98.00000
 6 7 21 08 03 29354.00000 47.37400000 1975.00000 119.65000 18.52300 98.00000
 6 7 21 08 04 29339.50000 47.37400000 1970.47000 119.65000 18.52300 97.92300
 6 7 21 08 04 29338.20000 47.37400000 1971.53000 119.50000 18.52300 97.92300
 6 7 21 08 05 29325.40000 47.37400000 1970.71000 119.50000 18.52300 97.92300
 6 7 21 08 05 29317.20000 47.37400000 1970.54000 119.50000 18.52300 97.92300
 6 7 21 08 05 29317.10000 47.37400000 1970.20000 119.47000 18.52300 97.92300
 6 7 21 08 06 29315.20000 47.37400000 1967.38000 119.47000 18.52300 97.92300
 6 7 21 08 06 29315.30000 47.37400000 1969.58000 119.47000 18.52300 97.92300
 6 7 21 08 07 29318.10000 47.37400000 1970.33000 119.47000 18.52300 97.92300
 6 7 21 08 07 29315.20000 47.37400000 1970.08000 119.47000 18.52300 97.92300
 6 7 21 08 08 29323.90000 47.37400000 1970.99000 119.47000 18.52300 97.92300
 6 7 21 08 08 29324.00000 47.37400000 1971.00000 119.47000 18.52300 97.92300
 6 7 21 08 08 29345.00000 47.37400000 1972.13000 119.47000 18.52300 97.92300
 6 7 21 08 09 29355.00000 47.37400000 1973.31000 119.47000 18.52300 97.92300
 6 7 21 08 09 29354.00000 47.37400000 1975.68000 119.47000 18.52300 97.92300
 6 7 21 08 10 29355.00000 47.37400000 1975.41000 119.47000 18.52300 98.01700
 6 7 21 08 10 29354.10000 47.37400000 1973.96000 119.53000 18.52300 98.01700
 6 7 21 08 11 29355.00000 47.37400000 1974.98000 119.53000 18.52300 98.01700
 6 7 21 08 11 29367.90000 47.37400000 1976.43000 119.61000 18.52300 98.01700
 6 7 21 08 12 29371.20000 47.37400000 1975.20000 119.61000 18.52300 98.01700
 6 7 21 08 12 29360.80000 47.37400000 1975.01000 119.61000 18.52300 98.19400
 6 7 21 08 12 29360.80000 47.37400000 1972.58000 119.47000 18.52300 98.19400
 6 7 21 08 13 29355.70000 47.37400000 1973.39000 119.47000 18.52300 98.19400
 6 7 21 08 13 29350.10000 47.37400000 1971.39000 119.47000 18.36400 98.19400
 6 7 21 08 14 29338.70000 47.37400000 1971.01000 119.46000 18.36400 98.19400
 6 7 21 08 14 29324.70000 47.37400000 1970.08000 119.46000 18.36400 98.19400
 6 7 21 08 15 29315.20000 47.37400000 1968.39000 119.46000 18.36400 98.19400
 6 7 21 08 15 29308.60000 47.37400000 1968.95000 119.46000 18.45200 98.19400
 6 7 21 08 15 29293.80000 47.37400000 1964.72000 119.14000 18.45200 98.01700
 6 7 21 08 16 29287.40000 47.37400000 1966.09000 119.14000 18.45200 98.01700
 6 7 21 08 16 29294.50000 47.21100000 1965.37000 119.22000 18.45200 98.01700
