M=[
25 5 21 10 02 30902.90000 62.37100000 2077.96000 145.87000 25.94700 115.99500
25 5 21 10 02 30865.90000 61.80100000 2070.71000 145.40000 25.94700 115.99100
25 5 21 10 03 30865.90000 61.47900000 2075.32000 145.37000 25.94700 115.99100
25 5 21 10 03 30830.70000 61.21100000 2071.18000 145.10000 25.94700 115.99100
25 5 21 10 04 30852.80000 61.00000000 2069.61000 144.93000 25.94700 115.99100
25 5 21 10 04 30829.00000 61.25700000 2067.04000 144.77000 25.94700 115.74900
25 5 21 10 05 30770.00000 61.26500000 2058.58000 144.59000 25.94700 115.74900
25 5 21 10 05 30698.00000 60.59800000 2045.67000 144.01000 25.94700 115.74900
25 5 21 10 05 30671.40000 60.40500000 2044.99000 144.02000 25.94700 114.84300
25 5 21 10 06 30694.00000 60.67400000 2041.71000 144.07000 25.94700 114.66600
25 5 21 10 06 30676.50000 60.26500000 2035.50000 142.15000 25.94700 114.66600
25 5 21 10 07 30694.10000 60.32400000 2039.21000 142.81000 25.94700 114.20200
25 5 21 10 07 30679.40000 60.40000000 2038.04000 143.04000 25.94700 114.16700
25 5 21 10 08 30739.90000 60.40000000 2041.25000 142.99000 25.94700 113.71000
25 5 21 10 08 30741.00000 60.58900000 2043.03000 143.35000 25.94700 113.71000
25 5 21 10 08 30624.00000 60.29400000 2035.01000 142.64000 25.94700 113.70000
25 5 21 10 09 30584.40000 60.30000000 2029.90000 141.92000 25.94700 112.84600
25 5 21 10 09 30608.20000 60.13600000 2030.13000 141.89000 25.94700 112.93300
25 5 21 10 10 30595.30000 60.00800000 2030.94000 141.94000 25.94700 112.74300
25 5 21 10 10 30592.60000 59.86000000 2030.47000 141.72000 25.94700 112.74300
25 5 21 10 11 30574.30000 60.11300000 2030.00000 141.66000 25.94200 113.08700
25 5 21 10 11 30564.60000 60.09100000 2027.43000 141.92000 25.94200 112.96800
25 5 21 10 11 30512.00000 59.50000000 2020.00000 140.91000 25.94200 112.44100
25 5 21 10 12 30506.20000 59.60000000 2021.09000 140.57000 25.92200 111.95600
25 5 21 10 12 30492.30000 59.33000000 2018.56000 140.47000 25.89700 111.44500
25 5 21 10 13 30510.90000 59.42800000 2022.49000 141.21000 25.89700 111.43400
25 5 21 10 13 30485.40000 59.69700000 2023.09000 141.36000 25.80600 111.74300
25 5 21 10 14 30479.20000 59.28200000 2016.36000 140.96000 25.82100 111.60100
25 5 21 10 14 30473.10000 59.32600000 2017.52000 140.85000 25.79600 111.61800
25 5 21 10 14 30492.90000 59.41900000 2017.30000 140.77000 25.79600 111.61800
25 5 21 10 15 30421.20000 59.15400000 2014.30000 140.51000 25.77100 111.61800
25 5 21 10 15 30374.00000 58.91000000 2010.01000 140.23000 25.74600 111.61800
25 5 21 10 16 30416.10000 58.72900000 2010.00000 139.35000 25.74600 111.92000
25 5 21 10 16 30479.90000 59.65200000 2018.41000 141.01000 25.74600 112.16500
25 5 21 10 17 30539.00000 59.81200000 2024.06000 141.80000 25.74600 113.37600
25 5 21 10 17 30565.80000 60.25800000 2030.36000 142.66000 25.74600 113.84100
25 5 21 10 17 30553.00000 60.24500000 2027.09000 142.66000 25.74600 113.90600
25 5 21 10 18 30591.90000 60.14000000 2030.47000 142.46000 25.74600 113.95200
25 5 21 10 18 30584.00000 60.21400000 2030.26000 142.33000 25.74600 113.56600
25 5 21 10 19 30582.70000 59.99800000 2027.93000 141.50000 25.74600 113.56600
25 5 21 10 19 30573.40000 60.00000000 2029.99000 141.58000 25.74600 113.56600
25 5 21 10 20 30600.70000 60.24900000 2032.24000 142.01000 25.74600 113.56300
25 5 21 10 20 30614.50000 60.41200000 2035.74000 142.39000 25.74600 113.40800
25 5 21 10 20 30634.10000 60.31200000 2036.67000 142.49000 25.74600 113.59500
25 5 21 10 21 30630.40000 60.41200000 2035.10000 142.50000 25.74600 113.59500
25 5 21 10 21 30658.30000 60.41200000 2035.65000 142.50000 25.74600 113.59500
25 5 21 10 22 30637.60000 60.35800000 2037.93000 142.64000 25.74600 113.59500
25 5 21 10 22 30657.60000 60.26700000 2039.90000 142.30000 25.74600 113.59500
25 5 21 10 23 30673.70000 60.55000000 2042.03000 142.76000 25.74600 113.59500
25 5 21 10 23 30661.10000 60.56500000 2041.47000 142.93000 25.74600 113.92300
25 5 21 10 23 30641.00000 60.64300000 2039.45000 142.75000 25.56000 113.92300
25 5 21 10 24 30587.60000 60.40600000 2034.00000 141.63000 25.67100 113.37000
25 5 21 10 24 30540.20000 60.14300000 2027.64000 141.88000 25.67100 113.37000
25 5 21 10 25 30562.20000 59.95300000 2030.59000 141.43000 25.64600 113.37000
25 5 21 10 25 30501.00000 59.93500000 2023.42000 141.35000 25.62200 113.37000
25 5 21 10 26 30529.50000 59.74800000 2020.51000 140.97000 25.59700 113.37000
25 5 21 10 26 30473.60000 59.33900000 2014.87000 140.48000 25.49100 113.37000
25 5 21 10 26 30450.50000 59.17000000 2008.43000 140.08000 25.54700 113.37000
25 5 21 10 27 30466.40000 59.28100000 2009.32000 140.18000 25.54700 111.83100
25 5 21 10 27 30454.30000 59.30000000 2007.36000 140.24000 25.54700 112.85700
25 5 21 10 28 30449.00000 59.16300000 2005.00000 140.30000 25.54700 111.81000
25 5 21 10 28 30491.40000 59.17800000 2009.46000 140.48000 25.54700 112.61600
25 5 21 10 29 30469.90000 59.24200000 2009.06000 140.63000 25.53600 112.66300
25 5 21 10 29 30486.10000 59.24200000 2008.06000 140.58000 25.53600 112.66300
25 5 21 10 29 30468.90000 59.24200000 2008.08000 140.63000 25.49800 112.66300
25 5 21 10 30 30481.50000 59.24200000 2008.94000 140.54000 25.49800 112.86200
25 5 21 10 30 30544.00000 59.65000000 2014.72000 141.11000 25.49800 112.64300
25 5 21 10 31 30550.00000 59.86600000 2017.44000 141.35000 25.49800 112.64300
25 5 21 10 31 30478.60000 59.75500000 2007.04000 140.94000 25.49800 113.12200
25 5 21 10 32 30480.90000 59.58600000 2008.53000 141.16000 25.49800 113.12200
25 5 21 10 32 30412.20000 59.18300000 1997.00000 140.38000 25.49800 112.27300
25 5 21 10 32 30315.80000 57.59800000 1990.00000 140.00000 25.47400 112.10900
25 5 21 10 33 30315.60000 58.40500000 1986.63000 139.93000 25.47400 112.10900
25 5 21 10 33 30279.30000 58.18700000 1980.36000 139.63000 25.47400 111.46500
25 5 21 10 34 30314.80000 58.01100000 1982.69000 139.89000 25.47400 111.32300
25 5 21 10 34 30243.00000 57.94700000 1978.50000 139.74000 25.47400 110.84200
25 5 21 10 35 30215.40000 57.61500000 1976.28000 139.28000 25.42300 110.97500
25 5 21 10 35 30252.80000 58.25300000 1981.20000 139.25000 25.39900 110.97500
25 5 21 10 35 30250.90000 58.06900000 1976.71000 139.25000 25.39800 110.97500
25 5 21 10 36 30226.90000 58.06900000 1975.00000 139.39000 25.37400 110.97500
25 5 21 10 36 30170.60000 57.57100000 1964.63000 138.21000 25.30300 110.38700
25 5 21 10 37 30141.60000 57.70700000 1963.08000 137.95000 25.30300 109.85700
25 5 21 10 37 30174.90000 57.64100000 1962.68000 138.00000 25.30300 109.64100
25 5 21 10 38 30195.60000 58.06700000 1970.00000 138.45000 25.30300 109.77100
25 5 21 10 38 30269.10000 58.28000000 1978.53000 139.24000 25.30300 110.31300
25 5 21 10 38 30268.50000 58.23700000 1979.35000 139.40000 25.32500 110.62000
25 5 21 10 39 30316.00000 58.44400000 1981.93000 139.47000 25.32500 110.62000
25 5 21 10 39 30206.90000 57.75900000 1969.90000 138.18000 25.32500 111.33900
25 5 21 10 40 30178.20000 58.01100000 1974.79000 138.79000 25.32500 110.93100
25 5 21 10 40 30107.30000 57.50300000 1961.43000 137.96000 25.32500 110.70000
25 5 21 10 41 30170.80000 57.56400000 1964.70000 138.15000 25.32500 110.70000
25 5 21 10 41 30107.90000 57.31300000 1958.53000 137.53000 25.32500 110.27500
25 5 21 10 41 30092.40000 57.39100000 1953.83000 137.23000 25.30000 109.86300
25 5 21 10 42 30092.10000 57.39200000 1958.47000 137.27000 25.30000 109.97600
25 5 21 10 42 30144.80000 57.88100000 1965.00000 137.78000 25.30000 109.97600
25 5 21 10 43 30258.40000 58.32000000 1975.00000 138.82000 25.30000 111.05200
25 5 21 10 43 30170.70000 57.88800000 1965.70000 138.01000 25.30000 111.05200
25 5 21 10 44 30216.20000 58.20800000 1974.99000 138.57000 25.30000 111.05200
25 5 21 10 44 30150.90000 58.20800000 1967.82000 137.92000 25.30000 111.07300
25 5 21 10 44 30171.30000 57.80600000 1974.04000 138.02000 25.30000 111.07300
25 5 21 10 45 30203.60000 58.28500000 1978.00000 138.21000 25.30000 111.07300
25 5 21 10 45 30221.20000 58.38500000 1977.33000 138.51000 25.30000 111.07300
