M=[
22 12 20 01 36 18548.50000 4.96200000 496.00000 85.32000 14.50000 54.22900
22 12 20 01 36 18587.80000 4.96200000 496.09000 85.32000 14.50000 54.22900
22 12 20 01 37 18580.50000 4.96200000 496.46000 85.32000 14.50000 54.22900
22 12 20 01 37 18589.60000 4.96200000 496.20000 85.32000 14.50000 54.22900
22 12 20 01 38 18570.10000 4.96200000 496.20000 85.32000 14.50000 54.22900
22 12 20 01 38 18604.60000 4.96200000 496.59000 85.32000 14.50000 54.22900
22 12 20 01 39 18602.10000 4.96200000 496.67000 85.32000 14.50000 54.22900
22 12 20 01 39 18596.60000 4.96200000 496.68000 85.32000 14.50000 54.22900
22 12 20 01 39 18596.60000 4.96200000 496.67000 85.32000 14.50000 54.22900
22 12 20 01 40 18600.40000 4.96200000 496.67000 85.32000 14.50000 54.22900
22 12 20 01 40 18603.90000 4.96200000 496.37000 85.22000 14.50000 54.22900
22 12 20 01 41 18584.50000 4.96200000 496.37000 85.04000 14.50000 54.22900
22 12 20 01 41 18610.50000 4.96200000 496.37000 85.17000 14.50000 54.22900
22 12 20 01 42 18612.30000 4.96200000 496.37000 85.17000 14.50000 54.22900
22 12 20 01 42 18621.30000 4.96200000 496.37000 85.45000 14.50000 54.22900
22 12 20 01 42 18624.60000 4.96200000 496.47000 85.77000 14.50000 54.22900
22 12 20 01 43 18615.30000 4.96200000 496.26000 85.58000 14.50000 54.22900
22 12 20 01 43 18614.40000 4.96200000 496.00000 85.52000 14.50000 54.22900
22 12 20 01 44 18621.40000 4.96200000 496.00000 85.52000 14.50000 54.22900
22 12 20 01 44 18630.00000 4.96200000 495.91000 85.52000 14.50000 54.22900
22 12 20 01 45 18620.20000 4.96200000 495.73000 85.52000 14.50000 54.57100
22 12 20 01 45 18638.90000 4.96200000 495.99000 85.55000 14.50000 54.57100
22 12 20 01 45 18645.60000 4.96200000 496.59000 85.70000 14.50000 54.57100
22 12 20 01 46 18652.70000 4.96200000 496.64000 85.56000 14.50000 54.57100
22 12 20 01 46 18661.40000 4.96200000 496.64000 85.56000 14.50000 54.57100
22 12 20 01 47 18665.20000 4.96200000 496.75000 85.56000 14.50000 54.57100
22 12 20 01 47 18665.20000 4.96200000 496.75000 85.56000 14.50000 54.57100
22 12 20 01 48 18699.90000 4.96200000 497.79000 86.11000 14.50000 54.57100
22 12 20 01 48 18692.20000 5.00800000 497.79000 85.81000 14.50000 54.57100
22 12 20 01 48 18670.00000 5.00800000 497.79000 85.81000 14.50000 54.57100
22 12 20 01 49 18678.40000 5.00800000 497.79000 86.01000 14.50000 54.57100
22 12 20 01 49 18678.40000 5.00800000 496.95000 86.01000 14.50000 54.57100
22 12 20 01 50 18688.10000 5.00800000 496.95000 85.97000 14.50000 54.57100
22 12 20 01 50 18694.20000 5.00800000 496.95000 85.97000 14.50000 54.57100
22 12 20 01 51 18680.00000 5.00800000 496.95000 86.02000 14.50000 54.57100
22 12 20 01 51 18674.10000 5.00800000 496.66000 85.72000 14.50000 54.57100
22 12 20 01 51 18656.30000 5.00800000 496.66000 85.72000 14.50000 54.57100
22 12 20 01 52 18662.60000 5.00800000 496.10000 85.60000 14.50000 54.57100
22 12 20 01 52 18655.50000 5.00800000 496.03000 85.58000 14.50000 54.57100
22 12 20 01 53 18635.90000 5.00800000 495.79000 85.44000 14.50000 54.57100
22 12 20 01 53 18651.00000 5.00800000 495.56000 85.44000 14.50000 54.57100
22 12 20 01 54 18647.20000 5.00800000 495.79000 85.44000 14.50000 54.57100
22 12 20 01 54 18661.80000 5.00800000 495.82000 85.44000 14.50000 54.57100
22 12 20 01 54 18658.50000 5.00800000 495.82000 85.44000 14.50000 54.57100
22 12 20 01 55 18652.20000 5.00800000 495.47000 85.30000 14.50000 54.57100
22 12 20 01 55 18647.10000 5.00800000 495.47000 85.40000 14.50000 54.57100
22 12 20 01 56 18636.50000 5.00800000 495.51000 85.40000 14.50000 54.57100
22 12 20 01 56 18633.40000 5.00800000 495.50000 85.40000 14.50000 54.57100
22 12 20 01 57 18639.70000 5.00800000 495.20000 85.40000 14.50000 54.57100
22 12 20 01 57 18639.60000 5.00800000 495.20000 85.08000 14.50000 54.57100
22 12 20 01 57 18639.60000 5.00800000 495.20000 85.08000 14.50000 54.57100
22 12 20 01 58 18648.40000 5.00800000 495.20000 85.08000 14.50000 54.57100
22 12 20 01 58 18648.40000 5.00800000 495.20000 85.08000 14.50000 54.57100
22 12 20 01 59 18670.10000 5.00800000 495.57000 85.08000 14.50000 54.57100
22 12 20 01 59 18670.00000 5.00800000 495.40000 85.08000 14.50000 54.62700
22 12 20 02 00 18634.20000 5.00800000 495.38000 85.03000 14.50000 54.62700
22 12 20 02 00 18637.20000 5.00800000 495.38000 85.00000 14.50000 54.62700
22 12 20 02 00 18629.00000 5.00800000 495.51000 84.76000 14.50000 54.62700
22 12 20 02 01 18620.00000 5.00800000 495.17000 84.76000 14.50000 54.62700
22 12 20 02 01 18619.10000 5.00800000 495.16000 84.76000 14.50000 54.62700
22 12 20 02 02 18630.90000 5.00800000 495.16000 84.76000 14.50000 54.62700
22 12 20 02 02 18624.00000 5.00800000 495.47000 84.76000 14.50000 54.62700
22 12 20 02 03 18650.70000 5.00800000 496.27000 84.76000 14.50000 54.62700
22 12 20 02 03 18670.10000 5.00800000 496.99000 84.76000 14.50000 54.62700
22 12 20 02 03 18667.20000 5.00800000 496.99000 84.76000 14.50000 54.62700
22 12 20 02 04 18667.20000 5.00800000 496.99000 84.76000 14.50000 54.62700
22 12 20 02 04 18667.20000 5.00800000 496.99000 85.31000 14.50000 54.62700
22 12 20 02 05 18658.40000 5.00800000 496.99000 85.31000 14.50000 54.62700
22 12 20 02 05 18658.40000 5.00800000 496.99000 85.31000 14.50000 54.62700
22 12 20 02 06 18658.40000 5.00800000 496.99000 85.31000 14.50000 54.62700
22 12 20 02 06 18660.00000 5.00800000 496.99000 85.31000 14.50000 54.62700
22 12 20 02 06 18660.00000 5.00800000 497.05000 85.31000 14.50000 54.62700
22 12 20 02 07 18660.60000 5.00800000 497.01000 85.31000 14.50000 54.62700
22 12 20 02 07 18695.60000 5.00800000 497.45000 85.56000 14.50000 54.62700
22 12 20 02 08 18698.40000 5.00800000 498.08000 85.56000 14.50000 54.62700
22 12 20 02 08 18698.40000 5.00800000 498.18000 85.56000 14.50000 54.62700
22 12 20 02 09 18698.90000 5.00800000 498.23000 85.52000 14.50000 54.62700
22 12 20 02 09 18699.00000 5.00800000 497.99000 85.52000 14.50000 54.62700
22 12 20 02 09 18679.60000 5.00800000 497.80000 85.52000 14.50000 54.77600
22 12 20 02 10 18680.10000 5.00800000 497.85000 85.52000 14.50000 54.77600
22 12 20 02 10 18682.20000 5.00800000 497.85000 85.52000 14.50000 54.77600
22 12 20 02 11 18685.60000 5.00800000 497.75000 85.52000 14.50000 54.77600
22 12 20 02 11 18699.00000 5.00800000 497.95000 85.52000 14.50000 54.77600
22 12 20 02 12 18699.00000 5.00800000 497.65000 85.46000 14.50000 54.77600
22 12 20 02 12 18699.00000 5.00800000 497.65000 85.46000 14.50000 54.77600
22 12 20 02 12 18699.00000 5.00800000 497.65000 85.46000 14.50000 54.77600
22 12 20 02 13 18699.90000 5.00800000 497.65000 85.46000 14.50000 54.77600
22 12 20 02 13 18699.90000 5.00800000 497.65000 85.46000 14.50000 54.77600
22 12 20 02 14 18699.90000 5.00800000 497.65000 85.46000 14.50000 54.77600
22 12 20 02 14 18699.80000 5.00800000 497.67000 85.46000 14.50000 54.78300
22 12 20 02 15 18699.90000 5.00800000 497.63000 85.46000 14.50000 54.78300
22 12 20 02 15 18699.80000 5.00800000 497.61000 85.48000 14.50000 54.78300
22 12 20 02 15 18708.30000 5.00800000 497.97000 85.48000 14.50000 54.78300
22 12 20 02 16 18708.30000 5.00800000 497.97000 85.48000 14.50000 54.78300
22 12 20 02 16 18680.10000 5.00800000 497.97000 85.48000 14.50000 54.78300
22 12 20 02 17 18680.10000 5.00800000 497.65000 85.40000 14.50000 54.78300
22 12 20 02 17 18691.40000 5.00800000 497.97000 85.40000 14.50000 54.78300
22 12 20 02 18 18691.40000 5.00800000 497.97000 85.40000 14.50000 54.78300
22 12 20 02 18 18694.20000 5.00800000 497.97000 85.98000 14.50000 54.78300
22 12 20 02 18 18694.20000 5.00800000 497.97000 85.97000 14.50000 54.78300
22 12 20 02 19 18707.50000 5.00800000 498.15000 85.97000 14.50000 54.78300
22 12 20 02 19 18707.50000 5.00800000 498.15000 85.97000 14.50000 54.78300
22 12 20 02 20 18708.50000 5.00800000 498.15000 85.97000 14.50000 54.78300
22 12 20 02 20 18710.80000 5.00800000 498.15000 85.97000 14.50000 54.78300
22 12 20 02 21 18722.00000 5.00800000 498.21000 85.97000 14.50000 54.78300
22 12 20 02 21 18724.90000 5.00800000 498.22000 85.97000 14.50000 54.78300
