M=[
18 7 21 21 51 26915.20000 36.09200000 1621.63000 102.84000 16.82000 80.49000
18 7 21 21 51 26915.00000 36.09200000 1621.53000 103.17000 16.82000 80.49000
18 7 21 21 52 26930.50000 36.09200000 1620.26000 103.14000 16.82000 80.49200
18 7 21 21 52 26928.80000 36.09200000 1619.41000 103.11000 16.82000 80.66600
18 7 21 21 52 26926.00000 36.09200000 1619.41000 103.11000 16.82000 80.66600
18 7 21 21 53 26922.80000 36.09200000 1619.25000 103.11000 16.82000 80.66600
18 7 21 21 53 26921.70000 36.09200000 1619.34000 103.04000 16.82000 80.66600
18 7 21 21 54 26921.70000 36.09200000 1619.33000 103.04000 16.82000 80.66600
18 7 21 21 54 26927.10000 36.09200000 1619.73000 103.01000 16.82000 80.66600
18 7 21 21 55 26924.80000 36.09200000 1618.79000 102.97000 16.82000 80.66600
18 7 21 21 55 26933.10000 36.09200000 1618.30000 102.99000 16.82000 80.66600
18 7 21 21 56 26933.10000 36.09200000 1618.15000 102.93000 16.82000 80.66600
18 7 21 21 56 26922.10000 36.09200000 1617.59000 102.79000 16.82000 80.66600
18 7 21 21 56 26931.80000 36.09200000 1618.46000 102.79000 16.82000 80.66600
18 7 21 21 57 26926.60000 36.09200000 1618.46000 102.86000 16.82000 80.66600
18 7 21 21 57 26930.10000 36.09200000 1618.46000 103.02000 16.82000 80.66600
18 7 21 21 58 26927.40000 36.09200000 1618.26000 103.02000 16.82000 80.66600
18 7 21 21 58 26927.40000 36.09200000 1618.81000 102.93000 16.82000 80.66600
18 7 21 21 59 26947.90000 36.09200000 1620.15000 103.04000 16.82000 80.66600
18 7 21 21 59 26943.80000 36.09200000 1620.69000 103.04000 16.82000 80.66600
18 7 21 21 59 26943.80000 36.09200000 1620.20000 103.01000 16.82000 80.66600
18 7 21 22 00 26954.00000 36.09200000 1621.66000 103.02000 16.82000 80.66600
18 7 21 22 00 26986.40000 36.09200000 1622.77000 103.04000 16.82000 80.34700
18 7 21 22 01 26978.00000 36.09200000 1622.77000 103.04000 16.82000 80.34700
18 7 21 22 01 26977.20000 36.09200000 1622.14000 102.79000 16.82000 80.34700
18 7 21 22 02 26977.50000 36.09200000 1621.84000 102.49000 16.82000 80.34700
18 7 21 22 02 26977.50000 36.09200000 1622.24000 102.28000 16.82000 80.34700
18 7 21 22 02 26978.90000 36.09200000 1621.62000 102.28000 16.82000 80.34700
18 7 21 22 03 26986.30000 36.09200000 1622.99000 102.19000 16.82000 80.34700
18 7 21 22 03 26986.30000 36.09200000 1623.91000 102.19000 16.82000 80.34700
18 7 21 22 04 27018.70000 36.09200000 1629.87000 102.19000 16.82000 80.34700
18 7 21 22 04 27018.70000 36.09200000 1632.00000 102.46000 16.82000 80.34700
18 7 21 22 05 27018.80000 36.09200000 1632.10000 102.46000 16.82000 80.34700
18 7 21 22 05 27018.00000 36.09200000 1629.08000 102.39000 16.82000 80.34700
18 7 21 22 05 27017.30000 36.09200000 1631.96000 102.46000 16.82000 80.34700
18 7 21 22 06 26992.90000 36.09200000 1628.83000 102.46000 16.82000 80.34700
18 7 21 22 06 26986.50000 36.09200000 1627.67000 102.24000 16.82000 80.34700
18 7 21 22 07 26983.70000 36.09200000 1628.03000 102.22000 16.82000 80.34700
18 7 21 22 07 26988.30000 36.09200000 1628.03000 102.22000 16.82000 80.34700
18 7 21 22 08 26988.30000 36.09200000 1626.22000 102.22000 16.82000 80.34700
18 7 21 22 08 26980.30000 36.09200000 1626.22000 102.07000 16.82000 80.34700
18 7 21 22 08 26979.70000 36.09200000 1625.51000 102.10000 16.82000 80.34700
18 7 21 22 09 26977.80000 36.09200000 1625.51000 102.10000 16.82000 80.34700
18 7 21 22 09 26983.00000 36.09200000 1626.15000 102.10000 16.82000 80.34700
18 7 21 22 10 26977.70000 36.09200000 1624.62000 102.00000 16.82000 80.34700
18 7 21 22 10 26977.60000 36.09200000 1624.49000 102.00000 16.82000 80.34700
18 7 21 22 11 26963.20000 36.09200000 1623.44000 101.69000 16.82000 80.34700
18 7 21 22 11 26954.20000 36.09200000 1622.75000 101.69000 16.82000 80.34700
18 7 21 22 11 26954.10000 36.09200000 1622.41000 101.76000 16.82000 80.34700
18 7 21 22 12 26939.10000 36.09200000 1621.08000 101.69000 16.82000 80.34700
18 7 21 22 12 26896.50000 36.09200000 1618.82000 101.73000 16.82000 80.34700
18 7 21 22 13 26888.50000 36.09200000 1616.30000 101.52000 16.82000 79.84500
18 7 21 22 13 26897.80000 36.09200000 1617.95000 101.63000 16.82000 79.84500
18 7 21 22 14 26867.80000 35.79000000 1617.65000 101.63000 16.82000 79.84500
18 7 21 22 14 26873.50000 35.79000000 1617.65000 101.63000 16.82000 79.84500
18 7 21 22 14 26873.40000 35.79000000 1617.65000 101.72000 16.82000 79.84500
18 7 21 22 15 26857.40000 35.79000000 1617.12000 101.72000 16.82000 79.84500
18 7 21 22 15 26857.40000 35.79000000 1615.83000 101.72000 16.82000 79.84500
18 7 21 22 16 26839.10000 35.79000000 1614.23000 101.72000 16.82000 79.84500
18 7 21 22 16 26804.50000 35.79000000 1613.26000 101.54000 16.82000 79.84500
18 7 21 22 17 26782.90000 35.79000000 1611.51000 101.54000 16.82000 79.84500
18 7 21 22 17 26696.80000 35.79000000 1608.62000 101.28000 16.82000 79.84500
18 7 21 22 18 26686.40000 35.79000000 1603.90000 100.76000 16.82000 79.84500
18 7 21 22 18 26705.30000 35.79000000 1604.19000 100.76000 16.82000 79.84500
18 7 21 22 18 26708.50000 35.79000000 1604.19000 100.42000 16.82000 79.84500
18 7 21 22 19 26741.70000 35.79000000 1604.84000 100.36000 16.82000 79.84500
18 7 21 22 19 26734.70000 35.70300000 1603.93000 100.46000 16.82000 79.84500
18 7 21 22 20 26732.20000 35.56200000 1605.59000 100.47000 16.82000 79.84500
18 7 21 22 20 26733.60000 35.56200000 1605.59000 100.67000 16.83900 79.84500
18 7 21 22 21 26736.50000 35.56200000 1605.59000 100.70000 16.83900 79.84500
18 7 21 22 21 26742.50000 35.56200000 1605.59000 100.69000 16.83900 79.84500
18 7 21 22 21 26749.60000 35.56200000 1605.29000 100.69000 16.83900 79.84500
18 7 21 22 22 26747.00000 35.56200000 1605.27000 100.63000 16.83900 79.84500
18 7 21 22 22 26716.80000 35.56200000 1603.20000 100.63000 16.83900 79.25000
18 7 21 22 23 26739.70000 35.56200000 1602.77000 100.63000 16.83900 79.25000
18 7 21 22 23 26715.60000 35.56200000 1598.05000 100.29000 16.83900 79.25000
18 7 21 22 24 26714.20000 35.54300000 1599.70000 100.29000 16.83900 79.25000
18 7 21 22 24 26714.20000 35.54300000 1600.00000 100.27000 16.83900 79.25000
18 7 21 22 24 26718.10000 35.54300000 1600.52000 100.27000 16.83900 79.25000
18 7 21 22 25 26714.20000 35.54300000 1600.16000 100.24000 16.83900 79.25000
18 7 21 22 25 26714.20000 35.54300000 1599.72000 100.24000 16.83900 79.25000
18 7 21 22 26 26724.70000 35.54300000 1600.00000 100.29000 16.83900 79.25000
18 7 21 22 26 26724.70000 35.54300000 1600.00000 100.30000 16.83900 79.25000
18 7 21 22 27 26720.50000 35.54300000 1601.07000 100.30000 16.83900 79.25000
18 7 21 22 27 26720.50000 35.54300000 1601.07000 100.21000 16.83900 79.25000
18 7 21 22 27 26720.00000 35.54300000 1601.07000 100.21000 16.83900 79.25000
18 7 21 22 28 26723.90000 35.54300000 1601.07000 100.21000 16.83900 79.25000
18 7 21 22 28 26725.00000 35.54300000 1601.07000 100.21000 16.83900 79.25000
18 7 21 22 29 26725.00000 35.54300000 1603.08000 100.21000 16.72000 79.25000
18 7 21 22 29 26748.00000 35.54300000 1604.18000 100.21000 16.71800 79.25000
18 7 21 22 30 26748.60000 35.54300000 1604.13000 100.40000 16.71800 79.25000
18 7 21 22 30 26750.00000 35.54300000 1604.13000 100.40000 16.71800 79.25000
18 7 21 22 31 26756.10000 35.55000000 1603.40000 100.42000 16.71800 79.25000
18 7 21 22 31 26782.20000 35.74600000 1603.40000 100.50000 16.71800 79.25000
18 7 21 22 31 26774.20000 35.74600000 1603.40000 100.50000 16.71800 79.25000
18 7 21 22 32 26757.20000 35.74600000 1605.33000 100.51000 16.71800 79.25000
18 7 21 22 32 26764.70000 35.74600000 1605.33000 100.51000 16.71800 79.25000
18 7 21 22 33 26769.40000 35.74600000 1606.41000 100.51000 16.71800 79.25000
18 7 21 22 33 26771.90000 35.74600000 1606.41000 100.51000 16.71800 79.25000
18 7 21 22 34 26771.90000 35.74600000 1610.07000 100.63000 16.71800 79.25000
18 7 21 22 34 26771.90000 35.74600000 1609.14000 100.63000 16.71800 79.25000
18 7 21 22 34 26775.00000 35.74600000 1609.14000 100.63000 16.71800 79.25000
18 7 21 22 35 26775.30000 35.74600000 1607.10000 100.63000 16.71800 79.25000
