M=[
 9 5 20 08 35 8926.30000 6.61200000 195.12000 44.30000 12.03000 42.22000
 9 5 20 08 36 8927.90000 6.61200000 195.35000 44.30000 12.03000 42.22000
 9 5 20 08 36 8927.30000 6.61200000 195.21000 44.30000 12.03000 42.22000
 9 5 20 08 37 8927.30000 6.61200000 195.21000 44.30000 12.03000 42.22000
 9 5 20 08 37 8930.50000 6.61200000 195.33000 44.30000 12.03000 42.22000
 9 5 20 08 37 8931.30000 6.61200000 195.39000 44.30000 12.03000 41.99900
 9 5 20 08 38 8932.20000 6.61200000 195.27000 44.41000 12.03000 42.22000
 9 5 20 08 38 8933.50000 6.61200000 195.27000 44.30000 12.03000 42.22000
 9 5 20 08 39 8933.60000 6.61200000 195.33000 44.41000 12.03000 42.22000
 9 5 20 08 39 8931.50000 6.61200000 195.30000 44.41000 12.03000 42.22000
 9 5 20 08 40 8929.60000 6.61200000 195.31000 44.38000 12.03000 42.22000
 9 5 20 08 40 8917.40000 6.61200000 195.31000 44.38000 12.03000 42.22000
 9 5 20 08 41 8920.70000 6.61200000 195.24000 44.38000 12.03000 42.22000
 9 5 20 08 41 8921.50000 6.61200000 195.24000 44.38000 12.03000 42.22000
 9 5 20 08 41 8917.90000 6.61200000 195.24000 44.38000 12.03000 42.22000
 9 5 20 08 42 8915.70000 6.61200000 195.08000 44.38000 12.03000 42.22000
 9 5 20 08 42 8909.70000 6.61200000 195.17000 44.34000 12.06700 42.22000
 9 5 20 08 43 8915.60000 6.61200000 195.20000 44.34000 12.06700 42.22000
 9 5 20 08 43 8915.60000 6.61200000 195.16000 44.34000 12.06700 42.22000
 9 5 20 08 44 8909.50000 6.60500000 195.04000 44.33000 12.06700 42.22000
 9 5 20 08 44 8910.10000 6.60500000 194.94000 44.33000 12.06700 42.22000
 9 5 20 08 45 8910.10000 6.60500000 194.94000 44.33000 12.06700 42.22000
 9 5 20 08 45 8909.00000 6.60500000 194.94000 44.22000 12.06700 42.22000
 9 5 20 08 45 8905.30000 6.60500000 194.95000 44.22000 12.03000 42.22000
 9 5 20 08 46 8906.00000 6.60500000 194.95000 44.29000 12.03000 42.22000
 9 5 20 08 46 8902.10000 6.60500000 194.95000 44.29000 12.03000 41.99900
 9 5 20 08 47 8902.00000 6.60500000 194.98000 44.27000 12.00600 42.22000
 9 5 20 08 47 8901.90000 6.60500000 194.98000 44.29000 12.00600 41.99900
 9 5 20 08 48 8902.00000 6.60500000 195.03000 44.27000 12.00600 42.22000
 9 5 20 08 48 8909.80000 6.60500000 195.04000 44.27000 12.00600 42.22000
 9 5 20 08 49 8910.00000 6.61400000 195.12000 44.29000 12.03500 42.22000
 9 5 20 08 49 8910.00000 6.61400000 195.05000 44.29000 12.03500 41.99900
 9 5 20 08 50 8909.40000 6.61400000 195.05000 44.29000 12.03500 42.22000
 9 5 20 08 50 8910.00000 6.61400000 195.02000 44.25000 12.03500 42.22000
 9 5 20 08 50 8918.00000 6.61400000 195.32000 44.27000 12.03500 42.22000
 9 5 20 08 51 8912.20000 6.61400000 195.08000 44.27000 12.03500 42.22000
 9 5 20 08 51 8920.00000 6.61400000 195.42000 44.27000 12.03500 42.22000
 9 5 20 08 52 8926.40000 6.61400000 195.42000 44.32000 12.03500 42.22000
 9 5 20 08 52 8926.60000 6.61400000 195.42000 44.35000 12.03500 42.22000
 9 5 20 08 53 8924.40000 6.61400000 195.45000 44.35000 12.03500 42.09600
 9 5 20 08 53 8923.00000 6.61400000 195.45000 44.35000 12.03500 42.22000
 9 5 20 08 54 8920.40000 6.61400000 195.20000 44.35000 12.03500 42.22000
 9 5 20 08 54 8920.80000 6.61400000 195.40000 44.35000 12.03500 42.22000
 9 5 20 08 54 8923.90000 6.61400000 195.69000 44.35000 12.03500 42.22000
 9 5 20 08 55 8923.90000 6.61400000 195.69000 44.35000 12.03500 42.22000
 9 5 20 08 55 8926.70000 6.61400000 195.64000 44.35000 12.03500 41.99900
 9 5 20 08 56 8926.70000 6.61400000 195.54000 44.35000 12.03500 42.09000
 9 5 20 08 56 8926.70000 6.61400000 195.54000 44.32000 12.03500 42.09000
 9 5 20 08 57 8926.70000 6.61400000 195.73000 44.35000 12.03500 42.09000
 9 5 20 08 57 8929.90000 6.61400000 195.73000 44.35000 12.03500 42.09000
 9 5 20 08 58 8929.90000 6.61400000 195.73000 44.35000 12.03500 42.09000
 9 5 20 08 58 8928.30000 6.60200000 195.70000 44.38000 12.03500 42.09000
 9 5 20 08 58 8928.40000 6.60200000 195.68000 44.38000 12.03500 42.09000
 9 5 20 08 59 8927.80000 6.60200000 195.68000 44.35000 12.03500 42.09000
 9 5 20 08 59 8929.90000 6.60200000 195.68000 44.35000 12.03500 42.09000
 9 5 20 09 00 8929.80000 6.60200000 195.63000 44.35000 12.03500 42.09000
 9 5 20 09 00 8929.90000 6.61500000 195.61000 44.35000 12.03500 42.09000
 9 5 20 09 01 8928.00000 6.60200000 195.56000 44.35000 12.03500 42.09000
 9 5 20 09 01 8927.20000 6.60200000 195.49000 44.35000 12.03500 42.09000
 9 5 20 09 02 8931.20000 6.61500000 195.48000 44.35000 12.03500 42.09000
 9 5 20 09 02 8934.00000 6.60200000 195.56000 44.35000 12.03500 42.09000
 9 5 20 09 02 8932.00000 6.60200000 195.52000 44.35000 12.03500 42.09000
 9 5 20 09 03 8930.10000 6.60200000 195.56000 44.35000 12.03500 42.09000
 9 5 20 09 03 8930.80000 6.60200000 195.56000 44.38000 12.03500 42.09000
 9 5 20 09 04 8930.10000 6.60200000 195.55000 44.35000 11.97000 42.09000
 9 5 20 09 04 8927.20000 6.60200000 195.55000 44.35000 11.97000 42.09000
 9 5 20 09 05 8925.00000 6.61500000 195.55000 44.40000 11.97000 42.09000
 9 5 20 09 05 8926.70000 6.61500000 195.45000 44.40000 11.97000 42.09000
 9 5 20 09 05 8944.50000 6.61500000 195.58000 44.43000 11.92000 42.09000
 9 5 20 09 06 8941.80000 6.61500000 195.71000 44.38000 11.97000 42.09000
 9 5 20 09 06 8951.00000 6.61500000 195.71000 44.43000 11.92000 42.09000
 9 5 20 09 07 8956.30000 6.62000000 195.74000 44.43000 11.92000 42.09000
 9 5 20 09 07 8960.10000 6.62000000 195.74000 44.43000 11.92000 42.09000
 9 5 20 09 08 8961.00000 6.62000000 195.74000 44.43000 11.92000 42.09000
 9 5 20 09 08 8963.90000 6.62000000 195.88000 44.43000 11.92000 42.09000
 9 5 20 09 09 8961.90000 6.60500000 195.83000 44.46000 11.92000 42.09000
 9 5 20 09 09 8962.50000 6.60500000 195.70000 44.43000 11.92000 42.09000
 9 5 20 09 10 8960.20000 6.60500000 195.70000 44.43000 11.92000 42.09000
 9 5 20 09 10 8960.20000 6.62000000 195.64000 44.43000 11.92000 42.09000
 9 5 20 09 10 8964.00000 6.60500000 195.64000 44.46000 11.93100 42.09000
 9 5 20 09 11 8967.70000 6.60500000 195.81000 44.46000 12.03500 42.09000
 9 5 20 09 11 8969.90000 6.62000000 195.79000 44.46000 11.93100 42.09000
 9 5 20 09 12 8972.30000 6.62000000 195.78000 44.46000 11.93100 42.09000
 9 5 20 09 12 8972.00000 6.62000000 195.78000 44.46000 11.93100 42.09000
 9 5 20 09 13 8975.00000 6.62000000 195.79000 44.49000 11.92000 42.09000
 9 5 20 09 13 8970.00000 6.62000000 195.79000 44.49000 11.93100 42.09000
 9 5 20 09 14 8970.40000 6.62000000 195.73000 44.49000 11.93100 42.09000
 9 5 20 09 14 8970.10000 6.62000000 195.73000 44.49000 11.97900 42.09000
 9 5 20 09 15 8970.00000 6.62000000 195.75000 44.49000 11.92000 42.09000
 9 5 20 09 15 8970.30000 6.62000000 195.76000 44.50000 11.97900 42.09000
 9 5 20 09 15 8971.10000 6.62000000 195.76000 44.50000 11.97900 42.09000
 9 5 20 09 16 8968.00000 6.62000000 195.73000 44.50000 11.97900 42.09000
 9 5 20 09 16 8950.00000 6.62000000 195.72000 44.50000 11.97900 42.09000
 9 5 20 09 17 8949.90000 6.62000000 195.72000 44.50000 12.03500 42.21500
 9 5 20 09 17 8954.90000 6.62000000 195.64000 44.47000 11.97900 42.21500
 9 5 20 09 18 8962.60000 6.62000000 195.79000 44.47000 11.99800 42.21500
 9 5 20 09 18 8962.50000 6.62000000 195.79000 44.48000 11.99800 42.21500
 9 5 20 09 19 8967.00000 6.62000000 195.88000 44.50000 11.99800 42.21500
 9 5 20 09 19 8965.60000 6.62000000 195.88000 44.50000 11.99800 42.21500
 9 5 20 09 19 8965.70000 6.62000000 195.88000 44.50000 11.99800 42.24800
 9 5 20 09 20 8967.30000 6.62000000 195.88000 44.48000 11.99800 42.21500
 9 5 20 09 20 8967.30000 6.62000000 195.88000 44.50000 11.99800 42.24800
 9 5 20 09 21 8967.70000 6.62000000 195.88000 44.50000 11.99800 42.24800
 9 5 20 09 21 8970.60000 6.62000000 195.88000 44.48000 11.99800 42.21500
 9 5 20 09 22 8975.70000 6.62000000 195.88000 44.50000 11.99800 42.24800
 9 5 20 09 22 8970.10000 6.62000000 195.88000 44.50000 11.99800 42.24800
 9 5 20 09 23 8967.60000 6.62000000 195.74000 44.50000 11.99800 42.24800
 9 5 20 09 23 8967.60000 6.62000000 195.76000 44.44000 11.99800 42.24800
 9 5 20 09 24 8961.50000 6.62000000 195.67000 44.44000 11.99000 42.24800
