M=[
 8 6 20 10 57 8638.10000 6.04600000 216.12000 41.32000 13.41900 46.44900
 8 6 20 10 57 8639.00000 6.04600000 216.12000 41.21000 13.41900 46.44900
 8 6 20 10 58 8642.80000 6.04600000 216.23000 41.20000 13.41900 46.44900
 8 6 20 10 58 8642.60000 6.04600000 216.23000 41.20000 13.41900 46.44900
 8 6 20 10 58 8643.00000 6.04600000 216.15000 41.20000 13.41900 46.44900
 8 6 20 10 59 8643.60000 6.04700000 216.15000 41.20000 13.41900 46.44900
 8 6 20 10 59 8645.40000 6.04600000 216.07000 41.20000 13.41900 46.44900
 8 6 20 11 00 8646.00000 6.04600000 216.12000 41.20000 13.41900 46.44900
 8 6 20 11 00 8646.00000 6.04600000 216.15000 41.21000 13.41900 46.44900
 8 6 20 11 01 8646.00000 6.04300000 216.15000 41.20000 13.41900 46.44900
 8 6 20 11 01 8646.00000 6.04600000 216.15000 41.20000 13.41900 46.44900
 8 6 20 11 02 8642.50000 6.04600000 216.15000 41.20000 13.41900 46.44900
 8 6 20 11 02 8644.70000 6.04600000 216.15000 41.21000 13.41900 46.44900
 8 6 20 11 03 8645.40000 6.04600000 216.11000 41.21000 13.41900 46.44900
 8 6 20 11 03 8645.20000 6.04600000 216.10000 41.21000 13.37600 46.44900
 8 6 20 11 04 8644.30000 6.02300000 216.17000 41.21000 13.41900 46.44900
 8 6 20 11 04 8644.90000 6.02300000 216.13000 41.21000 13.41900 46.44900
 8 6 20 11 05 8645.30000 6.02300000 216.17000 41.21000 13.41900 46.44900
 8 6 20 11 05 8644.80000 6.02300000 216.10000 41.20000 13.41900 46.44900
 8 6 20 11 05 8642.10000 6.02300000 216.10000 41.20000 13.41900 46.38700
 8 6 20 11 06 8641.70000 6.02300000 216.18000 41.21000 13.41900 46.44900
 8 6 20 11 06 8644.20000 6.02300000 216.20000 41.21000 13.41900 46.44900
 8 6 20 11 07 8642.90000 6.02300000 216.11000 41.20000 13.41900 46.44900
 8 6 20 11 07 8645.80000 6.02300000 216.11000 41.20000 13.41900 46.44900
 8 6 20 11 08 8645.50000 6.02300000 216.19000 41.20000 13.41900 46.44900
 8 6 20 11 08 8641.70000 6.02300000 216.18000 41.21000 13.38000 46.44900
 8 6 20 11 09 8644.90000 6.02300000 216.18000 41.18000 13.38000 46.44900
 8 6 20 11 09 8646.00000 6.02300000 216.18000 41.18000 13.38000 46.44900
 8 6 20 11 10 8645.70000 6.02300000 216.18000 41.18000 13.34700 46.44900
 8 6 20 11 10 8646.00000 6.02300000 216.18000 41.18000 13.34700 46.44900
 8 6 20 11 11 8645.90000 6.02300000 216.20000 41.18000 13.34700 46.44900
 8 6 20 11 11 8645.70000 6.02300000 216.20000 41.18000 13.34700 46.44900
 8 6 20 11 11 8644.10000 6.02300000 216.25000 41.18000 13.34700 46.44900
 8 6 20 11 12 8647.00000 6.02300000 216.25000 41.18000 13.34700 46.44900
 8 6 20 11 12 8647.00000 6.02300000 216.20000 41.18000 13.34700 46.44900
 8 6 20 11 13 8647.00000 6.02300000 216.29000 41.18000 13.34700 46.44900
 8 6 20 11 13 8647.30000 6.02300000 216.29000 41.18000 13.34700 46.44900
 8 6 20 11 14 8647.00000 6.02300000 216.29000 41.18000 13.34700 46.44900
 8 6 20 11 14 8646.90000 6.02300000 216.29000 41.18000 13.34700 46.44900
 8 6 20 11 15 8646.20000 6.02300000 216.25000 41.20000 13.34700 46.44900
 8 6 20 11 15 8648.80000 6.02300000 216.23000 41.21000 13.34700 46.38700
 8 6 20 11 15 8648.50000 6.02300000 216.20000 41.21000 13.37700 46.44900
 8 6 20 11 16 8646.30000 6.02300000 216.20000 41.21000 13.37700 46.44900
 8 6 20 11 16 8646.30000 6.02300000 216.20000 41.21000 13.37700 46.44900
 8 6 20 11 17 8646.00000 6.02300000 216.19000 41.21000 13.37700 46.44900
 8 6 20 11 17 8646.40000 6.02300000 216.20000 41.20000 13.37700 46.38700
 8 6 20 11 18 8646.00000 6.02300000 216.12000 41.20000 13.37700 46.44900
 8 6 20 11 18 8646.00000 6.02300000 216.20000 41.20000 13.37700 46.44900
 8 6 20 11 19 8646.00000 6.02300000 216.19000 41.20000 13.34700 46.44900
 8 6 20 11 19 8644.60000 6.02300000 216.14000 41.20000 13.37700 46.44900
 8 6 20 11 20 8644.60000 6.02300000 216.08000 41.20000 13.37700 46.44900
 8 6 20 11 20 8644.70000 6.02300000 216.08000 41.20000 13.34500 46.44900
 8 6 20 11 20 8644.10000 6.02300000 216.07000 41.20000 13.34500 46.44900
 8 6 20 11 21 8644.50000 6.02300000 216.07000 41.20000 13.34500 46.44900
 8 6 20 11 21 8644.60000 6.02300000 216.09000 41.20000 13.34500 46.44900
 8 6 20 11 22 8646.30000 6.02300000 216.22000 41.20000 13.34700 46.38700
 8 6 20 11 22 8644.50000 6.02300000 216.22000 41.20000 13.34500 46.44900
 8 6 20 11 23 8646.10000 6.02300000 216.09000 41.20000 13.34500 46.44900
 8 6 20 11 23 8647.10000 6.02300000 216.12000 41.20000 13.34500 46.44900
 8 6 20 11 24 8649.50000 6.02300000 216.23000 41.20000 13.34500 46.44900
 8 6 20 11 24 8650.00000 6.02300000 216.22000 41.20000 13.34500 46.44900
 8 6 20 11 25 8650.00000 6.02300000 216.21000 41.20000 13.34500 46.44900
 8 6 20 11 25 8649.10000 6.02300000 216.24000 41.20000 13.34700 46.44900
 8 6 20 11 25 8649.50000 6.02300000 216.27000 41.20000 13.34500 46.44900
 8 6 20 11 26 8647.80000 6.02300000 216.15000 41.20000 13.37700 46.44900
 8 6 20 11 26 8647.80000 6.02300000 216.19000 41.20000 13.34500 46.44900
 8 6 20 11 27 8647.90000 6.02300000 216.13000 41.20000 13.34500 46.44900
 8 6 20 11 27 8646.40000 6.02300000 216.13000 41.20000 13.34500 46.44900
 8 6 20 11 28 8647.30000 6.02300000 216.14000 41.20000 13.34500 46.44900
 8 6 20 11 28 8646.30000 6.02300000 216.18000 41.20000 13.34500 46.44900
 8 6 20 11 29 8639.50000 6.02300000 216.14000 41.20000 13.34500 46.44900
 8 6 20 11 29 8643.40000 6.02300000 216.18000 41.20000 13.34500 46.44900
 8 6 20 11 30 8645.40000 6.02300000 216.14000 41.20000 13.34500 46.44900
 8 6 20 11 30 8645.50000 6.02300000 216.14000 41.18000 13.34500 46.44900
 8 6 20 11 30 8645.60000 6.02300000 216.07000 41.18000 13.34500 46.44900
 8 6 20 11 31 8649.20000 6.02300000 216.07000 41.18000 13.34500 46.44900
 8 6 20 11 31 8645.60000 6.02300000 216.13000 41.18000 13.34500 46.44900
 8 6 20 11 32 8639.20000 6.02300000 215.47000 41.17000 13.34500 46.44900
 8 6 20 11 32 8639.20000 6.02300000 215.47000 41.17000 13.34500 46.44900
 8 6 20 11 33 8639.10000 6.04300000 215.68000 41.17000 13.34500 46.44900
 8 6 20 11 33 8641.80000 6.02300000 215.77000 41.17000 13.34500 46.44900
 8 6 20 11 34 8641.50000 6.02300000 215.77000 41.17000 13.34500 46.44900
 8 6 20 11 34 8640.90000 6.02300000 215.92000 41.17000 13.34500 46.44900
 8 6 20 11 34 8639.30000 6.02300000 215.75000 41.11000 13.34500 46.44900
 8 6 20 11 35 8638.20000 6.02300000 215.80000 41.11000 13.34700 46.44900
 8 6 20 11 35 8639.00000 6.02300000 215.80000 41.11000 13.34500 46.44900
 8 6 20 11 36 8638.80000 6.04300000 215.81000 41.11000 13.34500 46.44900
 8 6 20 11 36 8638.90000 6.02300000 215.80000 41.11000 13.34500 46.44900
 8 6 20 11 37 8638.80000 6.02300000 215.72000 41.17000 13.34500 46.44900
 8 6 20 11 37 8638.20000 6.02300000 215.72000 41.11000 13.34700 46.44900
 8 6 20 11 38 8638.20000 6.02300000 215.74000 41.11000 13.34500 46.44900
 8 6 20 11 38 8638.20000 6.02300000 215.74000 41.11000 13.34500 46.44900
 8 6 20 11 39 8638.20000 6.02300000 215.70000 41.16000 13.34500 46.44900
 8 6 20 11 39 8638.10000 6.02300000 215.71000 41.16000 13.34500 46.44900
 8 6 20 11 40 8638.10000 6.02300000 215.71000 41.16000 13.34500 46.44900
 8 6 20 11 40 8638.10000 6.02300000 215.71000 41.16000 13.34500 46.44900
 8 6 20 11 40 8638.10000 6.02300000 215.71000 41.16000 13.34500 46.44900
 8 6 20 11 41 8637.40000 6.02300000 215.70000 41.16000 13.38000 46.44900
 8 6 20 11 41 8631.40000 6.02300000 215.70000 41.16000 13.34500 46.44900
 8 6 20 11 42 8631.30000 6.02300000 215.71000 41.16000 13.34700 46.44900
 8 6 20 11 42 8629.80000 6.02300000 215.71000 41.16000 13.34500 46.44900
 8 6 20 11 43 8631.50000 6.02300000 215.70000 41.16000 13.34500 46.44900
 8 6 20 11 43 8633.40000 6.02300000 215.71000 41.16000 13.34700 46.44900
 8 6 20 11 44 8635.20000 6.02300000 215.70000 41.16000 13.34500 46.44900
 8 6 20 11 44 8635.30000 6.02300000 215.80000 41.16000 13.34500 46.44900
 8 6 20 11 45 8631.50000 6.02300000 215.82000 41.16000 13.34500 46.44900
 8 6 20 11 45 8635.40000 6.02300000 215.92000 41.15000 13.34500 46.44900
 8 6 20 11 45 8636.10000 6.02300000 215.92000 41.15000 13.34500 46.45800
 8 6 20 11 46 8636.10000 6.02300000 215.91000 41.15000 13.34500 46.44900
