M=[
23 9 20 02 00 9012.90000 5.02600000 294.36000 38.11000 12.50600 46.02900
23 9 20 02 01 9015.20000 5.02600000 294.36000 38.11000 12.50600 46.02900
23 9 20 02 01 9017.70000 5.02600000 294.36000 38.11000 12.50600 46.02900
23 9 20 02 02 9018.10000 5.02600000 294.50000 38.11000 12.50600 46.02900
23 9 20 02 02 9019.90000 5.02600000 294.58000 38.11000 12.50600 46.02900
23 9 20 02 02 9019.90000 5.02600000 294.66000 38.11000 12.50600 46.02900
23 9 20 02 03 9019.90000 5.02600000 294.66000 38.11000 12.50600 46.02900
23 9 20 02 03 9019.90000 5.02600000 294.66000 38.11000 12.50600 46.02900
23 9 20 02 04 9019.80000 5.02600000 294.66000 38.11000 12.50600 46.02900
23 9 20 02 04 9022.10000 5.02600000 294.88000 38.11000 12.50600 46.02900
23 9 20 02 05 9022.20000 5.02600000 295.02000 38.11000 12.50600 46.02900
23 9 20 02 05 9021.80000 5.02600000 295.05000 38.11000 12.50600 46.02900
23 9 20 02 06 9022.20000 5.02600000 294.95000 38.11000 12.50600 46.02900
23 9 20 02 06 9021.80000 5.02600000 294.95000 38.11000 12.50600 46.02900
23 9 20 02 06 9023.00000 5.02600000 294.95000 38.11000 12.50600 46.02900
23 9 20 02 07 9024.40000 5.02600000 294.95000 38.11000 12.50600 46.02900
23 9 20 02 07 9024.40000 5.02600000 294.95000 38.11000 12.47900 46.02900
23 9 20 02 08 9026.00000 5.02600000 295.07000 38.11000 12.47900 46.02900
23 9 20 02 08 9024.30000 5.02600000 295.07000 38.11000 12.47900 46.02900
23 9 20 02 09 9025.10000 5.02600000 295.07000 38.11000 12.47900 46.02900
23 9 20 02 09 9028.70000 5.02600000 295.07000 38.11000 12.47900 46.02900
23 9 20 02 09 9028.70000 5.02600000 295.08000 38.11000 12.47900 46.02900
23 9 20 02 10 9028.10000 5.02600000 294.94000 38.11000 12.47900 46.11900
23 9 20 02 10 9025.50000 5.02600000 294.93000 38.23000 12.47900 46.11900
23 9 20 02 11 9025.80000 5.02600000 294.82000 38.23000 12.47900 46.11900
23 9 20 02 11 9026.30000 5.02600000 294.79000 38.23000 12.47900 46.11900
23 9 20 02 12 9026.30000 5.02600000 294.79000 38.23000 12.47900 46.11900
23 9 20 02 12 9025.20000 5.02600000 294.79000 38.23000 12.47900 46.08700
23 9 20 02 12 9023.20000 5.02600000 294.79000 38.23000 12.47900 46.08700
23 9 20 02 13 9024.60000 5.02600000 294.79000 38.23000 12.47900 46.08700
23 9 20 02 13 9027.70000 5.02600000 294.79000 38.23000 12.47900 46.06000
23 9 20 02 14 9024.60000 5.02600000 294.79000 38.23000 12.47900 46.06000
23 9 20 02 14 9023.40000 5.02600000 294.79000 38.23000 12.47900 46.09600
23 9 20 02 15 9022.60000 5.02600000 294.79000 38.23000 12.47900 46.09600
23 9 20 02 15 9020.90000 5.02600000 294.47000 38.23000 12.47900 46.05100
23 9 20 02 15 9020.00000 5.02600000 294.47000 38.23000 12.47900 46.01600
23 9 20 02 16 9015.80000 5.02600000 294.46000 38.23000 12.47900 46.01600
23 9 20 02 16 9016.00000 5.02600000 294.46000 38.23000 12.47900 46.01600
23 9 20 02 17 9018.70000 5.02600000 294.46000 38.23000 12.47900 46.01600
23 9 20 02 17 9015.70000 5.02600000 294.39000 38.19000 12.47900 46.01600
23 9 20 02 18 9016.30000 5.02600000 294.39000 38.19000 12.47900 46.01600
23 9 20 02 18 9016.60000 5.02600000 294.39000 38.19000 12.47900 46.01600
23 9 20 02 19 9018.80000 5.02600000 294.39000 38.19000 12.47900 46.01600
23 9 20 02 19 9016.40000 5.02600000 294.39000 38.19000 12.47900 46.01600
23 9 20 02 19 9016.30000 5.02600000 294.44000 38.19000 12.47900 46.01600
23 9 20 02 20 9015.80000 5.02600000 294.44000 38.19000 12.47900 46.01600
23 9 20 02 20 9018.30000 5.02600000 294.44000 38.19000 12.47900 46.01600
23 9 20 02 21 9019.80000 5.02600000 294.44000 38.19000 12.47900 46.01600
23 9 20 02 21 9018.20000 5.02600000 294.44000 38.19000 12.47900 46.01900
23 9 20 02 22 9022.10000 5.02600000 294.45000 38.19000 12.47900 46.01900
23 9 20 02 22 9021.20000 5.02600000 294.46000 38.19000 12.47900 46.01900
23 9 20 02 22 9021.80000 5.02300000 294.46000 38.19000 12.47900 46.01900
23 9 20 02 23 9022.30000 5.01600000 294.46000 38.17000 12.47900 46.01900
23 9 20 02 23 9022.30000 5.01200000 294.46000 38.17000 12.47900 46.01900
23 9 20 02 24 9017.80000 5.01200000 294.46000 38.17000 12.47900 46.01900
23 9 20 02 24 9017.10000 5.01200000 294.46000 38.17000 12.47900 46.01900
23 9 20 02 25 9017.90000 5.01200000 294.46000 38.17000 12.47900 46.01900
23 9 20 02 25 9016.80000 5.01200000 294.36000 38.17000 12.47900 46.01900
23 9 20 02 25 9018.10000 5.01200000 294.36000 38.17000 12.47900 46.01900
23 9 20 02 26 9019.00000 5.00900000 294.36000 38.17000 12.47900 46.01900
23 9 20 02 26 9019.00000 5.00900000 294.36000 38.17000 12.47900 46.01900
23 9 20 02 27 9016.50000 5.00900000 294.36000 38.17000 12.47900 45.97300
23 9 20 02 27 9016.90000 5.00900000 294.36000 38.17000 12.47900 45.97300
23 9 20 02 28 9016.90000 5.00900000 294.18000 38.17000 12.47900 45.97300
23 9 20 02 28 9017.20000 5.00900000 294.18000 38.17000 12.47900 45.97300
23 9 20 02 28 9019.20000 5.00700000 294.18000 38.17000 12.47900 45.97300
23 9 20 02 29 9019.20000 5.00700000 294.18000 38.17000 12.47900 45.97300
23 9 20 02 29 9019.20000 5.00700000 294.18000 38.17000 12.47900 45.97300
23 9 20 02 30 9019.50000 5.00700000 294.18000 38.17000 12.47900 45.97300
23 9 20 02 30 9019.60000 5.00700000 294.17000 38.17000 12.47900 45.97300
23 9 20 02 31 9017.20000 5.00700000 294.01000 38.17000 12.47900 45.97300
23 9 20 02 31 9017.10000 5.00700000 294.00000 38.17000 12.47900 45.97300
23 9 20 02 31 9017.10000 5.00700000 294.00000 38.17000 12.47900 45.97300
23 9 20 02 32 9017.40000 5.00700000 294.00000 38.17000 12.47900 45.87000
23 9 20 02 32 9017.40000 5.00700000 294.00000 38.17000 12.47900 45.87000
23 9 20 02 33 9017.40000 5.00700000 294.00000 38.17000 12.47900 45.90700
23 9 20 02 33 9017.40000 5.00800000 294.00000 38.17000 12.47900 45.90700
23 9 20 02 34 9017.40000 5.00800000 294.00000 38.17000 12.47900 45.90700
23 9 20 02 34 9017.40000 5.00800000 294.00000 38.17000 12.47900 45.90700
23 9 20 02 34 9017.40000 5.00800000 294.00000 38.17000 12.47900 45.90700
23 9 20 02 35 9017.40000 5.00800000 294.25000 38.17000 12.47900 45.90700
23 9 20 02 35 9023.90000 5.00800000 294.25000 38.17000 12.47900 45.90700
23 9 20 02 36 9024.60000 5.00800000 294.25000 38.17000 12.47900 45.90700
23 9 20 02 36 9025.50000 5.00800000 294.25000 38.17000 12.47900 45.90700
23 9 20 02 37 9026.10000 5.00800000 294.40000 38.13000 12.47900 45.90700
23 9 20 02 37 9026.80000 5.00800000 294.40000 38.13000 12.47900 45.90700
23 9 20 02 38 9026.80000 5.00800000 294.40000 38.13000 12.47900 45.90700
23 9 20 02 38 9024.70000 5.00800000 294.40000 38.13000 12.47900 45.90700
23 9 20 02 38 9024.40000 5.00800000 294.40000 38.13000 12.47900 45.90700
23 9 20 02 39 9020.40000 5.00800000 294.40000 38.13000 12.47900 45.90700
23 9 20 02 39 9020.20000 5.00800000 294.40000 38.13000 12.47900 45.82900
23 9 20 02 40 9019.50000 5.00800000 294.40000 38.13000 12.47900 45.82900
23 9 20 02 40 9019.50000 5.00800000 294.40000 38.13000 12.47900 45.82900
23 9 20 02 41 9018.70000 5.00800000 294.40000 38.13000 12.47900 45.82000
23 9 20 02 41 9019.20000 5.00800000 294.40000 38.13000 12.47900 45.82000
23 9 20 02 42 9017.40000 5.00800000 294.40000 38.13000 12.47900 45.82000
23 9 20 02 42 9018.50000 5.00800000 294.40000 38.13000 12.47900 45.82000
23 9 20 02 42 9019.00000 4.99200000 294.40000 38.13000 12.47900 45.82000
23 9 20 02 43 9019.20000 4.99200000 294.40000 38.13000 12.47900 45.82000
23 9 20 02 43 9019.20000 4.99200000 294.40000 38.13000 12.47900 45.82000
23 9 20 02 44 9021.10000 4.99200000 294.40000 38.13000 12.47900 45.82000
23 9 20 02 44 9019.60000 4.99200000 294.40000 38.13000 12.47900 45.82000
23 9 20 02 45 9020.10000 4.99200000 294.40000 38.13000 12.47900 45.82000
23 9 20 02 45 9021.00000 4.99200000 294.40000 38.13000 12.47900 45.81000
23 9 20 02 45 9025.20000 4.99200000 294.40000 38.13000 12.47900 45.81000
23 9 20 02 46 9025.20000 4.99200000 294.40000 38.13000 12.47900 45.81000
23 9 20 02 46 9027.70000 4.99200000 294.40000 38.13000 12.47900 45.81000
23 9 20 02 47 9027.60000 4.99200000 294.40000 38.20000 12.47900 45.81000
23 9 20 02 47 9027.20000 4.99200000 294.40000 38.20000 12.47900 45.81000
