M=[
 3 5 21 23 02 47454.00000 42.57600000 2800.00000 245.66000 35.98500 208.91400
 3 5 21 23 02 47482.90000 42.58000000 2800.01000 245.66000 35.98500 208.91400
 3 5 21 23 03 47480.20000 42.61500000 2801.04000 245.82000 35.98500 208.91400
 3 5 21 23 03 47480.20000 42.63800000 2800.68000 245.86000 35.98500 208.91400
 3 5 21 23 03 47480.30000 42.56400000 2800.00000 245.91000 35.98500 208.91400
 3 5 21 23 04 47480.40000 42.56400000 2800.62000 246.10000 35.98500 208.91400
 3 5 21 23 04 47516.80000 42.63100000 2803.81000 246.10000 35.98900 208.91400
 3 5 21 23 05 47504.00000 42.63100000 2805.39000 246.20000 35.98900 208.91400
 3 5 21 23 05 47484.00000 42.71600000 2807.86000 246.09000 35.98900 208.91400
 3 5 21 23 06 47483.90000 42.62400000 2809.23000 245.98000 35.98900 208.91400
 3 5 21 23 06 47493.10000 42.66400000 2809.83000 245.80000 35.98900 208.91400
 3 5 21 23 06 47470.10000 42.67800000 2810.00000 245.80000 35.98900 208.91400
 3 5 21 23 07 47470.10000 42.67900000 2812.90000 245.54000 35.98900 208.91400
 3 5 21 23 07 47489.70000 42.66800000 2816.18000 245.54000 35.98900 208.91400
 3 5 21 23 08 47476.80000 42.63500000 2812.56000 245.54000 35.98900 208.91400
 3 5 21 23 08 47476.80000 42.63500000 2813.30000 245.53000 35.98900 208.91400
 3 5 21 23 09 47451.80000 42.68400000 2814.43000 245.18000 35.98900 208.91400
 3 5 21 23 09 47451.70000 42.68400000 2812.93000 244.90000 35.98900 208.91400
 3 5 21 23 09 47411.90000 42.68400000 2811.96000 244.69000 35.98900 208.91400
 3 5 21 23 10 47421.30000 42.68400000 2814.99000 244.69000 35.98900 208.91400
 3 5 21 23 10 47459.70000 42.68400000 2813.97000 245.02000 35.98900 208.91400
 3 5 21 23 11 47446.30000 42.72200000 2812.87000 245.02000 35.98900 208.91400
 3 5 21 23 11 47451.20000 42.72200000 2814.43000 245.14000 35.98900 208.91400
 3 5 21 23 12 47436.80000 42.65800000 2815.00000 245.04000 35.98900 208.91400
 3 5 21 23 12 47436.80000 42.68100000 2829.00000 245.36000 35.98900 208.91400
 3 5 21 23 12 47468.90000 42.73300000 2830.46000 245.22000 35.98900 208.91400
 3 5 21 23 13 47473.60000 42.80000000 2834.98000 245.22000 35.98900 208.91400
 3 5 21 23 13 47443.20000 43.06800000 2835.01000 245.22000 35.98900 208.91400
 3 5 21 23 14 47461.80000 43.15500000 2838.14000 245.22000 35.98900 208.91400
 3 5 21 23 14 47464.50000 43.15500000 2836.43000 244.79000 35.98900 208.91400
 3 5 21 23 15 47455.50000 43.15500000 2838.72000 244.92000 35.98900 208.91400
 3 5 21 23 15 47416.40000 43.15500000 2830.05000 244.92000 35.98900 208.91400
 3 5 21 23 15 47416.50000 43.15500000 2834.35000 244.60000 35.98900 208.91400
 3 5 21 23 16 47406.00000 43.15500000 2835.77000 244.58000 35.98900 208.91400
 3 5 21 23 16 47392.80000 42.93200000 2833.23000 244.35000 35.98900 208.91400
 3 5 21 23 17 47392.70000 42.93100000 2829.84000 243.99000 35.98900 207.63000
 3 5 21 23 17 47367.40000 42.79700000 2828.49000 243.89000 35.98900 207.63000
 3 5 21 23 18 47359.00000 42.83800000 2825.04000 243.82000 35.69000 207.15900
 3 5 21 23 18 47358.80000 42.79700000 2823.98000 243.77000 35.69000 207.15900
 3 5 21 23 18 47378.80000 42.79700000 2830.34000 244.33000 35.65200 207.15900
 3 5 21 23 19 47379.80000 42.91000000 2824.26000 244.33000 35.65200 207.15900
 3 5 21 23 19 47304.60000 42.91000000 2820.39000 244.33000 35.65200 207.15900
 3 5 21 23 20 47293.80000 42.91000000 2822.81000 243.84000 35.59700 207.15900
 3 5 21 23 20 47293.80000 42.91000000 2818.11000 243.54000 35.71000 207.15900
 3 5 21 23 21 47257.40000 42.73300000 2814.86000 243.46000 35.71000 207.19100
 3 5 21 23 21 47262.00000 42.76500000 2816.84000 243.38000 35.59200 207.19100
 3 5 21 23 21 47262.00000 42.75300000 2818.58000 243.38000 35.59200 207.19100
 3 5 21 23 22 47318.30000 42.77400000 2821.33000 243.40000 35.59200 207.19100
 3 5 21 23 22 47310.30000 42.73500000 2821.64000 243.40000 35.59200 207.19100
 3 5 21 23 23 47311.40000 42.71100000 2827.72000 243.59000 35.59200 207.19100
 3 5 21 23 23 47310.30000 42.71100000 2827.80000 243.59000 35.52700 207.19100
 3 5 21 23 24 47310.20000 42.71100000 2832.35000 243.59000 35.60000 207.19100
 3 5 21 23 24 47310.20000 42.83800000 2832.22000 243.59000 35.60000 207.19100
 3 5 21 23 24 47310.20000 42.81000000 2831.38000 243.40000 35.60000 207.19100
 3 5 21 23 25 47310.30000 42.81300000 2832.51000 243.40000 35.60000 207.19100
 3 5 21 23 25 47310.30000 42.82800000 2832.61000 243.40000 35.60000 206.99200
 3 5 21 23 26 47286.30000 42.77700000 2829.34000 243.65000 35.60000 206.99200
 3 5 21 23 26 47310.30000 42.77700000 2832.57000 243.48000 35.60000 206.99200
 3 5 21 23 27 47310.30000 42.76900000 2835.07000 243.54000 35.54400 206.99200
 3 5 21 23 27 47352.10000 42.75600000 2838.60000 243.59000 35.54400 206.99200
 3 5 21 23 27 47403.30000 42.75600000 2845.00000 243.59000 35.54400 206.99200
 3 5 21 23 28 47402.60000 43.00000000 2844.55000 244.17000 35.54400 206.99200
 3 5 21 23 28 47403.20000 43.00100000 2844.98000 244.17000 35.54400 206.99200
 3 5 21 23 29 47391.40000 43.00100000 2844.99000 244.17000 35.54400 206.99200
 3 5 21 23 29 47353.80000 42.98800000 2844.11000 244.17000 35.54400 206.99200
 3 5 21 23 30 47392.90000 42.98800000 2843.86000 244.17000 35.54400 206.99200
 3 5 21 23 30 47392.80000 42.98600000 2840.00000 244.17000 35.54400 206.99200
 3 5 21 23 30 47392.80000 43.02000000 2841.73000 244.17000 35.54400 207.35700
 3 5 21 23 31 47423.60000 43.02000000 2838.02000 244.20000 35.54400 207.35700
 3 5 21 23 31 47445.40000 43.02300000 2839.00000 244.32000 35.54400 207.35700
 3 5 21 23 32 47453.70000 43.02300000 2845.00000 244.71000 35.54400 207.35700
 3 5 21 23 32 47485.50000 43.02300000 2849.00000 244.71000 35.54400 207.35700
 3 5 21 23 33 47550.00000 43.06900000 2854.96000 244.75000 35.54400 207.35700
 3 5 21 23 33 47588.40000 43.20400000 2858.00000 245.00000 35.54400 207.67000
 3 5 21 23 33 47588.60000 43.30000000 2860.01000 245.22000 35.98700 207.67100
 3 5 21 23 34 47588.50000 43.42300000 2859.12000 245.33000 35.73600 207.67100
 3 5 21 23 34 47608.50000 43.50000000 2860.98000 245.33000 35.73600 207.67100
 3 5 21 23 35 47608.40000 43.45600000 2859.00000 245.33000 35.73600 207.67100
 3 5 21 23 35 47645.60000 43.51000000 2863.00000 245.86000 35.73600 207.67100
 3 5 21 23 36 47630.70000 43.48600000 2862.48000 245.71000 35.73600 207.67100
 3 5 21 23 36 47615.30000 43.48600000 2857.94000 245.60000 35.73600 207.67100
 3 5 21 23 36 47577.40000 43.38000000 2859.93000 245.69000 35.73600 207.67100
 3 5 21 23 37 47535.00000 43.24300000 2852.01000 245.21000 35.73600 207.67100
 3 5 21 23 37 47531.40000 43.24300000 2852.21000 245.21000 35.73600 207.67100
 3 5 21 23 38 47540.60000 43.20400000 2848.02000 245.03000 35.73600 207.67100
 3 5 21 23 38 47540.80000 43.31300000 2851.04000 245.15000 35.73600 207.67100
 3 5 21 23 39 47561.30000 43.31300000 2851.62000 244.87000 35.76300 207.67100
 3 5 21 23 39 47570.80000 43.46000000 2856.89000 245.06000 35.76300 207.67100
 3 5 21 23 39 47570.70000 43.46000000 2858.68000 245.06000 35.76300 207.67100
 3 5 21 23 40 47524.70000 43.46000000 2856.08000 245.06000 35.76300 207.67100
 3 5 21 23 40 47500.00000 43.46000000 2849.16000 244.96000 35.76300 207.93400
 3 5 21 23 41 47500.00000 43.42000000 2849.81000 245.06000 35.76300 207.93400
 3 5 21 23 41 47531.40000 43.42000000 2853.28000 245.05000 35.76300 207.93400
 3 5 21 23 42 47524.70000 43.23300000 2851.00000 245.18000 35.76300 208.00000
 3 5 21 23 42 47500.10000 43.10000000 2846.61000 244.62000 35.76300 208.00000
 3 5 21 23 42 47500.10000 43.10000000 2845.89000 244.62000 35.76300 207.83200
 3 5 21 23 43 47500.10000 43.10000000 2849.63000 244.78000 35.76300 207.83200
 3 5 21 23 43 47539.00000 43.27100000 2853.62000 244.78000 35.76300 207.83200
 3 5 21 23 44 47539.00000 43.27100000 2854.99000 245.81000 35.81400 207.83200
 3 5 21 23 44 47544.20000 43.27100000 2855.45000 245.81000 35.81400 207.83200
 3 5 21 23 45 47544.10000 43.27100000 2854.89000 246.00000 35.82300 207.83200
 3 5 21 23 45 47500.10000 43.27100000 2852.29000 245.99000 35.82300 207.83200
