M=[
23 6 21 18 43 28014.40000 33.21600000 1645.56000 106.22000 15.20100 90.98300
23 6 21 18 43 28021.20000 33.21600000 1647.17000 106.22000 15.20100 90.98300
23 6 21 18 44 28052.60000 33.21600000 1647.60000 106.22000 15.20100 90.98300
23 6 21 18 44 28033.30000 33.21600000 1646.06000 106.25000 15.20100 91.10400
23 6 21 18 44 28023.10000 33.15500000 1645.52000 106.25000 15.20100 90.92700
23 6 21 18 45 28021.70000 33.15500000 1644.39000 106.25000 15.20100 90.92700
23 6 21 18 45 28003.10000 33.15500000 1643.58000 106.04000 15.20100 90.92700
23 6 21 18 46 27972.90000 33.15500000 1639.94000 106.04000 15.20100 90.92700
23 6 21 18 46 27924.40000 32.89100000 1637.01000 105.58000 15.20100 90.92700
23 6 21 18 47 27920.10000 32.89100000 1637.00000 105.55000 15.20100 90.92700
23 6 21 18 47 27944.20000 32.89100000 1637.00000 105.51000 15.20100 90.92700
23 6 21 18 47 27944.00000 32.89100000 1638.91000 105.51000 15.20100 90.92700
23 6 21 18 48 27948.80000 32.89300000 1638.58000 105.52000 15.20100 90.28700
23 6 21 18 48 27920.00000 32.92200000 1638.58000 105.25000 15.20100 90.28700
23 6 21 18 49 27920.10000 32.92200000 1637.00000 105.32000 15.20100 90.28700
23 6 21 18 49 27864.50000 32.92200000 1634.65000 105.32000 15.20100 90.28700
23 6 21 18 50 27870.00000 32.92200000 1633.02000 105.03000 15.20100 90.28700
23 6 21 18 50 27859.80000 32.92200000 1629.42000 105.00000 15.20100 90.28700
23 6 21 18 50 27859.60000 32.76200000 1632.20000 105.00000 15.20100 90.28700
23 6 21 18 51 27870.00000 32.76200000 1632.36000 105.00000 15.20100 90.28700
23 6 21 18 51 27864.20000 32.76200000 1630.40000 105.07000 15.20100 90.28700
23 6 21 18 52 27887.00000 32.76200000 1632.26000 105.07000 15.20100 89.96000
23 6 21 18 52 27942.40000 32.76500000 1635.59000 105.07000 15.20100 89.96000
23 6 21 18 53 27898.50000 32.76500000 1632.69000 105.34000 15.20100 89.96000
23 6 21 18 53 27890.20000 32.76500000 1632.17000 105.12000 15.20100 89.96000
23 6 21 18 53 27890.30000 32.71700000 1632.62000 105.12000 15.20100 89.96000
23 6 21 18 54 27896.40000 32.65500000 1632.62000 105.01000 15.20100 89.96000
23 6 21 18 54 27896.40000 32.65300000 1632.62000 105.16000 15.20100 89.80800
23 6 21 18 55 27931.40000 32.65300000 1633.87000 105.16000 15.20100 89.80800
23 6 21 18 55 27950.00000 32.65300000 1635.52000 105.16000 15.20100 89.80800
23 6 21 18 56 27949.90000 32.65300000 1635.03000 105.16000 15.20100 90.39500
23 6 21 18 56 27972.10000 32.65300000 1639.66000 105.51000 15.20100 90.39500
23 6 21 18 56 27972.10000 32.65300000 1638.52000 105.72000 15.20100 90.39500
23 6 21 18 57 27955.40000 32.92300000 1636.51000 105.72000 15.20100 90.39500
23 6 21 18 57 27922.20000 32.92300000 1634.45000 105.35000 15.20100 90.39500
23 6 21 18 58 27933.90000 32.92300000 1634.13000 105.54000 15.20100 90.39500
23 6 21 18 58 27923.90000 32.92300000 1633.09000 105.54000 15.20100 90.39500
23 6 21 18 59 27878.50000 32.92300000 1629.01000 105.54000 15.20100 90.39500
23 6 21 18 59 27867.10000 32.92300000 1630.88000 105.54000 15.20100 90.39500
23 6 21 18 59 27905.40000 32.92300000 1630.72000 105.54000 15.20100 90.39500
23 6 21 19 00 27933.80000 32.74300000 1633.00000 105.26000 15.20100 90.39500
23 6 21 19 00 27970.60000 32.74300000 1634.85000 105.26000 15.20100 90.40200
23 6 21 19 01 27921.20000 32.85200000 1632.96000 105.35000 15.20100 90.40200
23 6 21 19 01 27943.30000 32.85200000 1632.96000 105.39000 15.20100 90.40200
23 6 21 19 02 27958.00000 32.85200000 1632.96000 105.39000 15.20100 90.31400
23 6 21 19 02 27963.50000 32.85200000 1635.17000 105.39000 15.20100 90.31400
23 6 21 19 02 27948.50000 32.85200000 1634.27000 105.56000 15.20100 90.31400
23 6 21 19 03 27970.70000 32.85200000 1634.97000 105.61000 15.20100 90.31400
23 6 21 19 03 27965.60000 32.85200000 1636.60000 105.61000 15.20100 90.31400
23 6 21 19 04 27972.00000 32.85200000 1635.92000 105.61000 15.20100 90.54700
23 6 21 19 04 27999.90000 32.85200000 1636.31000 105.59000 15.20100 90.54700
23 6 21 19 05 27992.40000 32.85200000 1638.06000 105.67000 15.20100 90.54700
23 6 21 19 05 28000.00000 32.85200000 1639.84000 105.67000 15.20100 90.54700
23 6 21 19 06 28002.70000 32.85200000 1640.00000 105.67000 15.20100 90.54700
23 6 21 19 06 28021.80000 32.85200000 1640.02000 105.91000 15.20100 90.54700
23 6 21 19 06 28023.00000 32.85200000 1640.02000 105.91000 15.20100 90.54700
23 6 21 19 07 28026.60000 32.85200000 1639.99000 105.91000 15.20100 90.54700
23 6 21 19 07 28004.60000 32.85200000 1641.00000 105.91000 15.20100 90.54700
23 6 21 19 08 28004.60000 32.85200000 1639.24000 105.78000 15.20100 90.74600
23 6 21 19 08 27981.80000 33.03100000 1636.23000 105.67000 15.20100 90.70900
23 6 21 19 09 27997.00000 33.03100000 1636.23000 105.67000 15.20100 90.56300
23 6 21 19 09 28033.80000 33.12500000 1641.22000 105.79000 15.20100 90.56300
23 6 21 19 09 28030.20000 33.12500000 1640.93000 105.79000 15.17200 90.56300
23 6 21 19 10 28021.50000 33.12500000 1641.10000 105.89000 15.17200 90.90900
23 6 21 19 10 27982.50000 33.12500000 1640.19000 105.79000 15.17200 90.90900
23 6 21 19 11 27989.30000 33.12500000 1638.02000 105.79000 15.17200 90.90900
23 6 21 19 11 27996.90000 33.12500000 1638.02000 105.79000 15.17200 90.90900
23 6 21 19 12 28033.20000 33.12500000 1642.98000 105.79000 15.17200 90.90900
23 6 21 19 12 28014.90000 33.12500000 1642.98000 105.79000 15.17200 90.90900
23 6 21 19 12 28009.30000 33.12500000 1642.98000 105.79000 15.17200 90.90900
23 6 21 19 13 28017.20000 33.12500000 1642.49000 105.79000 15.17200 90.90900
23 6 21 19 13 28027.30000 33.12500000 1641.92000 105.79000 15.17200 90.90900
23 6 21 19 14 28024.60000 33.12500000 1641.90000 105.79000 15.17200 90.90900
23 6 21 19 14 28022.40000 33.12500000 1642.67000 105.89000 15.17200 90.90900
23 6 21 19 15 28027.20000 33.12500000 1641.49000 105.89000 15.17200 90.90900
23 6 21 19 15 28032.80000 33.12500000 1641.49000 105.83000 15.17200 90.90900
23 6 21 19 15 28032.50000 33.12500000 1641.17000 105.83000 15.17200 90.90900
23 6 21 19 16 28040.00000 33.04900000 1641.00000 105.89000 15.17200 90.90900
23 6 21 19 16 28100.00000 33.04900000 1645.25000 105.97000 15.17200 90.90900
23 6 21 19 17 28099.90000 33.12700000 1644.58000 106.09000 15.17200 90.90900
23 6 21 19 17 28091.80000 33.12700000 1644.58000 106.09000 15.17200 90.90900
23 6 21 19 18 28081.40000 33.12700000 1644.63000 106.09000 15.17200 90.90900
23 6 21 19 18 28084.00000 33.12700000 1643.62000 106.09000 15.17200 90.90900
23 6 21 19 18 28080.30000 33.12700000 1643.53000 106.09000 15.17200 90.90900
23 6 21 19 19 28046.80000 33.12700000 1641.41000 105.99000 15.05200 90.90900
23 6 21 19 19 28064.10000 33.12700000 1640.26000 105.99000 15.05200 90.90900
23 6 21 19 20 28065.60000 33.12700000 1640.97000 105.96000 15.05200 91.13700
23 6 21 19 20 28035.10000 33.01200000 1638.74000 105.85000 15.05200 90.90700
23 6 21 19 21 28020.10000 33.01200000 1638.68000 105.72000 15.05200 90.90700
23 6 21 19 21 28004.60000 33.01200000 1637.97000 105.64000 15.05200 90.90700
23 6 21 19 21 28000.00000 33.01200000 1637.97000 105.64000 15.05200 90.90700
23 6 21 19 22 28000.10000 33.01200000 1638.24000 105.64000 15.05200 90.90700
23 6 21 19 22 28000.10000 32.94300000 1638.24000 105.64000 15.05200 90.90700
23 6 21 19 23 27995.00000 32.86200000 1636.55000 105.50000 15.05200 90.90700
23 6 21 19 23 27965.20000 32.86200000 1636.33000 105.50000 15.05200 90.90700
23 6 21 19 24 27961.20000 32.86200000 1635.85000 105.50000 15.05200 90.90700
23 6 21 19 24 27998.50000 32.86200000 1635.85000 105.50000 15.05200 90.90700
23 6 21 19 24 27990.30000 32.86200000 1635.85000 105.50000 15.05200 90.90700
23 6 21 19 25 27980.60000 32.86200000 1637.00000 105.49000 15.05200 90.15500
23 6 21 19 25 27996.10000 32.86200000 1637.47000 105.49000 15.05200 90.43000
23 6 21 19 26 27986.50000 32.86600000 1639.05000 105.49000 15.05200 90.43000
23 6 21 19 26 27999.80000 32.86600000 1638.82000 105.49000 15.05200 90.43000
23 6 21 19 27 28014.40000 32.86600000 1638.24000 105.58000 15.05200 90.43000
