M=[
 7 12 20 11 19 15893.90000 5.07300000 490.78000 68.62000 16.61100 61.45000
 7 12 20 11 19 15889.40000 5.07300000 490.79000 68.62000 16.60800 61.45000
 7 12 20 11 20 15888.10000 5.07300000 490.80000 68.62000 16.60800 61.47000
 7 12 20 11 20 15894.30000 5.07300000 490.79000 68.67000 16.54000 61.61800
 7 12 20 11 21 15893.80000 5.07300000 490.80000 68.67000 16.54000 61.61800
 7 12 20 11 21 15890.10000 5.07300000 490.80000 68.67000 16.54000 61.61800
 7 12 20 11 22 15890.40000 5.07300000 490.72000 68.67000 16.54000 61.61800
 7 12 20 11 22 15890.50000 5.07300000 490.72000 68.67000 16.81100 61.61800
 7 12 20 11 22 15890.40000 5.07300000 490.72000 68.62000 16.75600 61.61800
 7 12 20 11 23 15888.30000 5.07300000 490.71000 68.62000 16.55800 61.61800
 7 12 20 11 23 15892.20000 5.07300000 490.71000 68.62000 16.55800 61.61800
 7 12 20 11 24 15888.20000 5.07300000 490.70000 68.63000 16.55800 61.61800
 7 12 20 11 24 15890.00000 5.07300000 490.73000 68.63000 16.55800 61.61800
 7 12 20 11 25 15888.10000 5.07300000 490.73000 68.63000 16.54100 61.61800
 7 12 20 11 25 15876.70000 5.07300000 490.58000 68.58000 16.52500 61.40400
 7 12 20 11 25 15876.80000 5.07300000 490.29000 68.49000 16.52500 61.40400
 7 12 20 11 26 15877.60000 5.07300000 490.29000 68.49000 16.52500 61.40400
 7 12 20 11 26 15876.30000 5.07300000 490.29000 68.49000 16.52500 61.38000
 7 12 20 11 27 15876.40000 5.07300000 490.31000 68.53000 16.52500 61.38000
 7 12 20 11 27 15871.10000 5.07300000 490.30000 68.53000 16.50000 61.38000
 7 12 20 11 28 15871.00000 5.07300000 490.30000 68.51000 16.50000 61.38000
 7 12 20 11 28 15861.60000 5.07300000 490.06000 68.51000 16.50000 61.38000
 7 12 20 11 28 15861.60000 5.07300000 490.01000 68.51000 16.48000 61.12300
 7 12 20 11 29 15860.00000 5.07300000 489.71000 68.51000 16.48000 61.12300
 7 12 20 11 29 15869.60000 5.07300000 489.70000 68.51000 16.48000 61.12300
 7 12 20 11 30 15869.50000 5.07300000 489.70000 68.47000 16.48000 61.06700
 7 12 20 11 30 15866.70000 5.07300000 489.70000 68.48000 16.48000 61.06700
 7 12 20 11 31 15868.20000 5.07300000 489.70000 68.48000 16.48000 61.06700
 7 12 20 11 31 15868.50000 5.07300000 490.00000 68.48000 16.43500 61.06700
 7 12 20 11 31 15868.50000 5.07300000 489.92000 68.48000 16.43500 61.06700
 7 12 20 11 32 15866.00000 5.07300000 489.93000 68.52000 16.43500 61.06700
 7 12 20 11 32 15865.90000 5.07300000 489.91000 68.52000 16.43500 61.06700
 7 12 20 11 33 15866.00000 5.07300000 489.99000 68.49000 16.43500 61.06700
 7 12 20 11 33 15866.20000 5.07300000 490.00000 68.54000 16.43500 61.06700
 7 12 20 11 34 15866.00000 5.07300000 490.00000 68.54000 16.28900 61.06700
 7 12 20 11 34 15865.90000 5.07300000 490.01000 68.54000 16.28900 61.06700
 7 12 20 11 34 15864.10000 5.04400000 490.01000 68.54000 16.28900 61.11200
 7 12 20 11 35 15864.10000 5.04400000 490.01000 68.54000 16.28900 61.11200
 7 12 20 11 35 15860.20000 5.04400000 490.01000 68.54000 16.28900 61.37000
 7 12 20 11 36 15862.50000 5.04000000 490.00000 68.54000 16.18200 61.37000
 7 12 20 11 36 15860.20000 5.04000000 490.00000 68.45000 16.50700 61.37000
 7 12 20 11 37 15865.90000 5.04000000 490.16000 68.45000 16.39000 61.37000
 7 12 20 11 37 15862.50000 5.04000000 490.00000 68.45000 16.18200 61.37000
 7 12 20 11 37 15864.60000 5.04000000 490.00000 68.46000 16.18200 61.37000
 7 12 20 11 38 15862.60000 5.04000000 490.00000 68.45000 16.18200 61.37000
 7 12 20 11 38 15862.50000 5.04000000 490.01000 68.43000 16.18200 61.37000
 7 12 20 11 39 15865.90000 5.04000000 490.00000 68.37000 16.18200 61.37000
 7 12 20 11 39 15865.90000 5.04000000 490.00000 68.36000 16.18200 61.37000
 7 12 20 11 40 15865.90000 5.04400000 490.00000 68.38000 16.39300 61.37000
 7 12 20 11 40 15865.90000 5.04400000 490.00000 68.38000 16.39300 61.37000
 7 12 20 11 40 15865.90000 5.04400000 490.15000 68.38000 16.50100 61.16600
 7 12 20 11 41 15862.70000 5.04400000 490.00000 68.39000 16.50100 61.18000
 7 12 20 11 41 15862.50000 5.04400000 490.00000 68.39000 16.34600 61.18000
 7 12 20 11 42 15856.60000 5.04400000 490.00000 68.29000 16.34600 61.18000
 7 12 20 11 42 15856.70000 5.04400000 490.00000 68.29000 16.34600 61.18000
 7 12 20 11 43 15856.70000 5.04400000 490.00000 68.29000 16.34600 61.18000
 7 12 20 11 43 15856.70000 5.04400000 490.01000 68.28000 16.34400 61.18000
 7 12 20 11 43 15856.80000 5.04400000 490.01000 68.15000 16.18200 61.18000
 7 12 20 11 44 15856.80000 5.04400000 490.01000 68.14000 16.18200 61.18000
 7 12 20 11 44 15856.70000 5.04400000 489.76000 68.14000 16.18200 61.18000
 7 12 20 11 45 15856.70000 5.04400000 489.51000 68.14000 16.15400 61.18000
 7 12 20 11 45 15856.80000 5.04400000 489.61000 68.15000 16.18000 61.18000
 7 12 20 11 45 15865.90000 5.04400000 490.78000 68.21000 16.15400 61.18000
 7 12 20 11 46 15874.00000 5.04400000 490.78000 68.33000 16.13600 61.18000
 7 12 20 11 46 15874.00000 5.04400000 490.83000 68.33000 16.12000 61.18000
 7 12 20 11 47 15874.00000 5.04400000 490.98000 68.32000 16.12000 61.18000
 7 12 20 11 47 15868.20000 5.04400000 490.81000 68.32000 16.04200 61.18000
 7 12 20 11 48 15863.60000 5.04400000 490.36000 68.34000 16.04200 61.18000
 7 12 20 11 48 15862.10000 5.04400000 490.55000 68.28000 16.04200 61.18000
 7 12 20 11 48 15871.10000 5.04400000 490.57000 68.34000 16.04200 61.18000
 7 12 20 11 49 15874.00000 5.04400000 491.00000 68.34000 16.04200 61.18000
 7 12 20 11 49 15874.50000 5.04400000 491.00000 68.34000 16.04200 61.18000
 7 12 20 11 50 15876.70000 5.04400000 491.00000 68.34000 16.04200 61.18000
 7 12 20 11 50 15876.70000 5.04400000 490.96000 68.34000 16.04200 61.18000
 7 12 20 11 51 15876.80000 5.04400000 490.96000 68.35000 16.16000 61.18000
 7 12 20 11 51 15876.70000 5.04400000 490.85000 68.35000 16.16200 61.22700
 7 12 20 11 51 15876.70000 5.04400000 490.78000 68.35000 16.30500 61.22700
 7 12 20 11 52 15875.10000 5.04400000 490.87000 68.41000 16.16400 61.22700
 7 12 20 11 52 15875.10000 5.04400000 490.87000 68.38000 16.16300 61.22700
 7 12 20 11 53 15873.30000 5.04400000 490.87000 68.38000 16.31700 61.22700
 7 12 20 11 53 15850.10000 5.04400000 490.45000 68.26000 16.39500 61.22700
 7 12 20 11 54 15850.00000 5.04400000 490.45000 68.26000 16.39500 61.22700
 7 12 20 11 54 15827.10000 5.04400000 489.67000 68.25000 16.16300 61.18600
 7 12 20 11 54 15828.50000 5.04400000 489.51000 68.25000 16.16500 61.18600
 7 12 20 11 55 15828.50000 5.04400000 489.51000 68.25000 16.16500 61.18600
 7 12 20 11 55 15814.30000 5.04400000 489.64000 68.25000 16.16500 61.18600
 7 12 20 11 56 15814.10000 5.04400000 489.51000 68.20000 16.16500 61.18600
 7 12 20 11 56 15813.60000 5.04400000 488.88000 68.20000 16.16500 61.10000
 7 12 20 11 57 15809.30000 5.04400000 488.83000 68.11000 16.40100 61.10000
 7 12 20 11 57 15790.00000 5.04400000 488.76000 68.11000 16.40100 61.10000
 7 12 20 11 58 15790.10000 5.04400000 488.39000 68.02000 16.39800 61.10000
 7 12 20 11 58 15805.70000 5.04400000 488.64000 68.09000 16.39800 61.01600
 7 12 20 11 58 15790.70000 5.04400000 488.39000 68.03000 16.16900 61.01600
 7 12 20 11 59 15801.60000 5.04400000 488.39000 68.07000 16.16900 61.01600
 7 12 20 11 59 15799.40000 5.04400000 488.39000 68.09000 16.16900 61.01600
 7 12 20 12 00 15792.40000 5.04400000 488.34000 68.09000 16.16600 61.01600
 7 12 20 12 00 15791.10000 5.04400000 488.01000 68.09000 16.16600 61.01600
 7 12 20 12 00 15803.40000 5.04400000 488.61000 68.14000 16.16600 61.01600
 7 12 20 12 01 15800.10000 5.04400000 488.45000 68.14000 16.38300 61.01600
 7 12 20 12 01 15800.10000 5.04400000 488.27000 68.14000 16.38300 61.01600
 7 12 20 12 02 15790.80000 5.04400000 488.60000 68.05000 16.38300 61.00000
 7 12 20 12 02 15796.60000 5.04400000 488.61000 68.11000 16.38300 61.00000
 7 12 20 12 03 15802.80000 5.04400000 488.77000 68.11000 16.16700 61.00000
 7 12 20 12 03 15799.70000 5.04400000 488.74000 68.11000 16.16700 61.00000
 7 12 20 12 03 15799.60000 5.04400000 488.72000 68.11000 16.16700 61.00000
 7 12 20 12 04 15798.20000 5.04400000 488.77000 68.11000 16.16700 61.00000
