M=[
14 10 20 19 58 9671.50000 4.83100000 319.80000 42.15000 11.74900 57.92400
14 10 20 19 58 9670.30000 4.83100000 319.84000 42.15000 11.74900 57.92400
14 10 20 19 59 9670.10000 4.83100000 319.76000 42.15000 11.74900 57.92400
14 10 20 19 59 9670.10000 4.83100000 319.76000 42.15000 11.74900 57.92400
14 10 20 20 00 9670.10000 4.83100000 319.75000 42.15000 11.74900 57.92400
14 10 20 20 00 9670.10000 4.83100000 319.56000 42.15000 11.74900 57.92400
14 10 20 20 01 9670.10000 4.83100000 319.50000 42.14000 11.74000 57.92400
14 10 20 20 01 9671.20000 4.83100000 319.50000 42.14000 11.74000 57.68400
14 10 20 20 01 9670.10000 4.83100000 319.50000 42.14000 11.74000 57.68400
14 10 20 20 02 9675.30000 4.83100000 319.73000 42.14000 11.74000 57.68400
14 10 20 20 02 9675.30000 4.83100000 319.73000 42.14000 11.74000 57.68400
14 10 20 20 03 9675.30000 4.83100000 319.73000 42.14000 11.74000 57.68400
14 10 20 20 03 9678.50000 4.83100000 319.90000 42.14000 11.76800 57.68400
14 10 20 20 04 9678.60000 4.83100000 319.97000 42.14000 11.76800 57.68400
14 10 20 20 04 9678.60000 4.83100000 319.95000 42.14000 11.76800 57.68400
14 10 20 20 04 9678.60000 4.83100000 319.95000 42.14000 11.76800 57.68400
14 10 20 20 05 9681.90000 4.83100000 320.06000 42.14000 11.76800 57.68400
14 10 20 20 05 9675.90000 4.83100000 320.08000 42.14000 11.76800 57.68400
14 10 20 20 06 9679.80000 4.83100000 319.98000 42.14000 11.76800 57.68400
14 10 20 20 06 9681.40000 4.83100000 319.89000 42.14000 11.76800 57.68400
14 10 20 20 07 9680.50000 4.83100000 319.92000 42.14000 11.76800 57.68400
14 10 20 20 07 9684.00000 4.83100000 319.99000 42.14000 11.76800 57.68400
14 10 20 20 07 9684.40000 4.83100000 319.99000 42.14000 11.76800 57.68400
14 10 20 20 08 9684.50000 4.83100000 320.00000 42.14000 11.76800 57.68400
14 10 20 20 08 9685.40000 4.83100000 320.00000 42.14000 11.76800 57.68400
14 10 20 20 09 9686.80000 4.83100000 320.03000 42.14000 11.76800 57.68400
14 10 20 20 09 9686.80000 4.83100000 320.03000 42.21000 11.76800 57.68400
14 10 20 20 10 9684.70000 4.83100000 319.88000 42.19000 11.76800 57.68400
14 10 20 20 10 9685.30000 4.83100000 319.88000 42.19000 11.76800 57.68400
14 10 20 20 10 9687.00000 4.83100000 320.04000 42.19000 11.76800 57.68400
14 10 20 20 11 9689.90000 4.83100000 320.04000 42.19000 11.76800 57.68400
14 10 20 20 11 9688.60000 4.83100000 320.04000 42.19000 11.76800 57.68400
14 10 20 20 12 9689.30000 4.83100000 320.07000 42.19000 11.76800 57.68400
14 10 20 20 12 9689.30000 4.83100000 320.09000 42.19000 11.76800 57.68400
14 10 20 20 13 9689.90000 4.83100000 320.12000 42.25000 11.76800 57.68400
14 10 20 20 13 9689.80000 4.83100000 320.13000 42.25000 11.76800 57.68400
14 10 20 20 13 9689.90000 4.83100000 320.18000 42.25000 11.76800 57.68400
14 10 20 20 14 9689.60000 4.83100000 320.20000 42.25000 11.76800 57.68400
14 10 20 20 14 9689.10000 4.83100000 320.20000 42.25000 11.76800 57.68400
14 10 20 20 15 9687.70000 4.83100000 320.20000 42.25000 11.76800 57.68400
14 10 20 20 15 9687.40000 4.83100000 320.14000 42.25000 11.76800 57.68400
14 10 20 20 16 9686.10000 4.83100000 320.14000 42.25000 11.76800 57.68400
14 10 20 20 16 9685.50000 4.83100000 320.14000 42.25000 11.76800 57.68400
14 10 20 20 16 9685.50000 4.83100000 320.13000 42.25000 11.76800 57.68400
14 10 20 20 17 9685.50000 4.83100000 320.14000 42.23000 11.76800 57.68400
14 10 20 20 17 9694.90000 4.83100000 320.13000 42.23000 11.76800 57.68400
14 10 20 20 18 9691.20000 4.83100000 320.08000 42.23000 11.76800 57.68400
14 10 20 20 18 9690.70000 4.83100000 320.18000 42.23000 11.76800 57.68400
14 10 20 20 19 9692.90000 4.83100000 320.20000 42.23000 11.79000 57.68400
14 10 20 20 19 9694.10000 4.83100000 320.20000 42.25000 11.71000 57.68400
14 10 20 20 19 9693.70000 4.83100000 320.20000 42.25000 11.79900 57.68400
14 10 20 20 20 9694.10000 4.83100000 320.20000 42.25000 11.79900 57.68400
14 10 20 20 20 9694.10000 4.83100000 320.20000 42.25000 11.79900 57.68400
14 10 20 20 21 9694.10000 4.83100000 320.20000 42.24000 11.79900 57.68400
14 10 20 20 21 9694.20000 4.83100000 320.20000 42.24000 11.79900 57.68400
14 10 20 20 22 9694.10000 4.83100000 320.19000 42.24000 11.79900 57.68400
14 10 20 20 22 9694.10000 4.83100000 320.19000 42.24000 11.79900 57.68400
14 10 20 20 22 9694.20000 4.83100000 320.08000 42.24000 11.80800 57.68400
14 10 20 20 23 9694.00000 4.83100000 320.12000 42.24000 11.80800 57.68400
14 10 20 20 23 9692.40000 4.83100000 320.11000 42.24000 11.80800 57.68400
14 10 20 20 24 9696.70000 4.83100000 320.02000 42.24000 11.80800 57.68400
14 10 20 20 24 9700.00000 4.83100000 320.02000 42.24000 11.80800 57.68400
14 10 20 20 25 9699.00000 4.83100000 320.02000 42.24000 11.80800 57.68400
14 10 20 20 25 9701.40000 4.83100000 320.02000 42.24000 11.80800 58.25800
14 10 20 20 25 9702.70000 4.83100000 320.11000 42.24000 11.80800 58.25800
14 10 20 20 26 9699.00000 4.83100000 320.14000 42.24000 11.80800 58.25800
14 10 20 20 26 9700.20000 4.83100000 320.07000 42.24000 11.80800 58.25800
14 10 20 20 27 9699.80000 4.83100000 320.18000 42.24000 11.80800 58.25800
14 10 20 20 27 9700.20000 4.83100000 320.12000 42.24000 11.80800 58.25800
14 10 20 20 28 9700.20000 4.83100000 320.12000 42.24000 11.80800 58.25800
14 10 20 20 28 9702.90000 4.83100000 320.18000 42.24000 11.80800 58.25800
14 10 20 20 28 9702.90000 4.83100000 320.18000 42.24000 11.80800 58.25800
14 10 20 20 29 9702.90000 4.83100000 320.19000 42.24000 11.80800 58.25800
14 10 20 20 29 9699.60000 4.83100000 320.19000 42.20000 11.80800 58.25800
14 10 20 20 30 9698.40000 4.83100000 320.20000 42.20000 11.80800 58.25800
14 10 20 20 30 9697.30000 4.83100000 320.20000 42.20000 11.80800 58.25800
14 10 20 20 31 9695.10000 4.83100000 320.03000 42.20000 11.80800 58.25800
14 10 20 20 31 9695.00000 4.83100000 320.03000 42.20000 11.80800 58.25800
14 10 20 20 31 9695.00000 4.83100000 320.01000 42.20000 11.80800 58.25800
14 10 20 20 32 9695.10000 4.83100000 320.00000 42.20000 11.80800 58.25800
14 10 20 20 32 9695.10000 4.83100000 320.01000 42.20000 11.80800 58.25800
14 10 20 20 33 9695.60000 4.83100000 320.01000 42.20000 11.80800 58.25800
14 10 20 20 33 9697.30000 4.83100000 320.03000 42.20000 11.80800 58.25800
14 10 20 20 34 9697.50000 4.83100000 320.03000 42.20000 11.80800 58.25800
14 10 20 20 34 9697.10000 4.83100000 320.18000 42.20000 11.80800 58.25800
14 10 20 20 34 9696.60000 4.83100000 320.13000 42.20000 11.80800 58.25800
14 10 20 20 35 9696.80000 4.83100000 320.14000 42.17000 11.80800 58.25800
14 10 20 20 35 9696.60000 4.83100000 320.13000 42.17000 11.80800 58.25800
14 10 20 20 36 9696.60000 4.83100000 320.12000 42.17000 11.80800 58.25800
14 10 20 20 36 9696.50000 4.83100000 320.12000 42.17000 11.80800 58.25800
14 10 20 20 37 9695.80000 4.83100000 320.12000 42.17000 11.80800 58.25800
14 10 20 20 37 9695.10000 4.83100000 320.06000 42.17000 11.80800 58.25800
14 10 20 20 37 9695.00000 4.83100000 320.02000 42.17000 11.80800 58.25800
14 10 20 20 38 9695.00000 4.83100000 320.02000 42.17000 11.80800 58.25800
14 10 20 20 38 9695.80000 4.83100000 320.02000 42.17000 11.80800 58.25800
14 10 20 20 39 9696.60000 4.83100000 320.01000 42.17000 11.80800 58.25800
14 10 20 20 39 9700.40000 4.83100000 320.00000 42.20000 11.80800 58.25800
14 10 20 20 40 9700.80000 4.83100000 320.05000 42.20000 11.80800 58.25800
14 10 20 20 40 9702.50000 4.83100000 320.05000 42.20000 11.80800 58.25800
14 10 20 20 40 9701.70000 4.83100000 320.04000 42.20000 11.80800 58.25800
14 10 20 20 41 9703.70000 4.83100000 320.13000 42.20000 11.80800 58.25800
14 10 20 20 41 9702.80000 4.83100000 320.13000 42.20000 11.80800 58.25800
14 10 20 20 42 9701.50000 4.83100000 320.13000 42.20000 11.80800 58.25800
14 10 20 20 42 9702.70000 4.83100000 320.15000 42.20000 11.80800 58.25800
14 10 20 20 43 9703.10000 4.83100000 320.15000 42.16000 11.80800 58.25800
14 10 20 20 43 9703.70000 4.83100000 320.19000 42.16000 11.80800 58.25800
14 10 20 20 43 9703.80000 4.83100000 320.19000 42.16000 11.80800 58.25800
14 10 20 20 44 9704.90000 4.83100000 320.19000 42.16000 11.80800 58.25800
