M=[
17 11 20 09 50 14060.80000 4.67300000 390.53000 60.83000 14.07600 54.21400
17 11 20 09 50 14060.10000 4.67300000 390.56000 60.78000 14.07600 54.21400
17 11 20 09 51 14060.90000 4.66700000 390.54000 60.81000 14.07600 54.27500
17 11 20 09 51 14061.60000 4.66700000 390.54000 60.78000 14.07600 54.27500
17 11 20 09 51 14061.10000 4.66700000 390.61000 60.54000 14.07600 54.27500
17 11 20 09 52 14061.10000 4.66700000 390.75000 60.52000 14.07600 54.27500
17 11 20 09 52 14061.10000 4.63300000 390.69000 60.40000 14.07600 54.27500
17 11 20 09 53 14061.10000 4.65000000 390.69000 60.44000 14.07600 54.27500
17 11 20 09 53 14061.00000 4.65000000 390.69000 60.45000 14.07600 54.27500
17 11 20 09 54 14055.00000 4.65000000 390.69000 60.72000 14.07600 54.27500
17 11 20 09 54 14054.90000 4.65000000 390.68000 60.68000 14.07600 54.27500
17 11 20 09 54 14054.80000 4.65000000 390.69000 60.88000 13.93600 54.27500
17 11 20 09 55 14050.20000 4.65000000 390.68000 60.84000 13.93600 54.27500
17 11 20 09 55 14050.00000 4.65000000 390.68000 60.89000 13.93800 54.27500
17 11 20 09 56 14050.00000 4.65000000 390.30000 60.69000 13.93600 54.27500
17 11 20 09 56 14050.00000 4.65000000 389.90000 60.70000 13.93600 54.23700
17 11 20 09 57 14050.10000 4.65000000 390.14000 60.70000 13.93600 54.23700
17 11 20 09 57 14050.10000 4.65000000 390.29000 60.99000 13.93600 54.23700
17 11 20 09 57 14050.10000 4.65000000 390.29000 61.08000 13.93600 54.23700
17 11 20 09 58 14050.10000 4.65000000 390.63000 61.09000 13.93600 54.36900
17 11 20 09 58 14050.20000 4.65000000 390.39000 61.02000 13.93600 54.36900
17 11 20 09 59 14054.70000 4.65000000 390.39000 61.07000 13.93600 54.36900
17 11 20 09 59 14055.60000 4.65000000 390.39000 61.05000 13.93600 54.28700
17 11 20 10 00 14056.70000 4.65000000 390.54000 61.09000 13.93600 54.39600
17 11 20 10 00 14056.00000 4.65000000 390.58000 61.08000 13.93600 54.39600
17 11 20 10 00 14056.10000 4.65000000 390.31000 61.03000 13.93600 54.39600
17 11 20 10 01 14056.10000 4.65000000 390.30000 61.03000 13.93600 54.39600
17 11 20 10 01 14056.10000 4.65000000 390.30000 61.05000 13.93600 54.39600
17 11 20 10 02 14057.40000 4.65000000 390.30000 61.05000 13.93600 54.35200
17 11 20 10 02 14057.40000 4.65000000 390.78000 61.24000 13.93600 54.35200
17 11 20 10 03 14060.00000 4.65000000 390.80000 61.25000 13.93600 54.35200
17 11 20 10 03 14060.00000 4.65000000 390.80000 61.27000 13.93600 54.35200
17 11 20 10 03 14060.00000 4.65000000 390.69000 61.24000 13.93600 54.35200
17 11 20 10 04 14059.90000 4.65000000 390.69000 61.24000 13.93600 54.35200
17 11 20 10 04 14060.40000 4.65000000 390.69000 61.24000 13.93600 54.35200
17 11 20 10 05 14064.70000 4.65000000 390.69000 61.35000 13.93600 54.35200
17 11 20 10 05 14068.80000 4.65000000 390.88000 61.35000 13.93600 54.35200
17 11 20 10 06 14068.70000 4.65000000 390.99000 61.41000 14.01100 54.35200
17 11 20 10 06 14073.30000 4.65000000 390.96000 61.56000 14.01100 54.35200
17 11 20 10 06 14074.70000 4.65000000 390.88000 61.44000 14.01100 54.35200
17 11 20 10 07 14070.00000 4.65000000 390.81000 61.47000 14.01100 54.35200
17 11 20 10 07 14070.00000 4.65000000 390.68000 61.44000 14.01100 54.35200
17 11 20 10 08 14069.10000 4.65000000 390.70000 61.44000 14.01100 54.35200
17 11 20 10 08 14073.90000 4.65000000 390.73000 61.42000 14.01100 54.35200
17 11 20 10 09 14078.80000 4.65000000 390.69000 61.42000 14.01100 54.35200
17 11 20 10 09 14074.70000 4.65000000 390.73000 61.42000 14.01100 54.35200
17 11 20 10 09 14075.00000 4.65000000 390.83000 61.42000 14.01100 54.35200
17 11 20 10 10 14078.30000 4.65000000 390.96000 61.42000 14.01100 54.35200
17 11 20 10 10 14083.00000 4.65000000 390.96000 61.51000 14.01100 54.35200
17 11 20 10 11 14082.40000 4.65000000 390.96000 61.60000 14.01100 54.35200
17 11 20 10 11 14083.50000 4.65000000 390.96000 61.61000 14.01100 54.35200
17 11 20 10 12 14086.10000 4.65000000 390.96000 61.61000 14.01100 54.35200
17 11 20 10 12 14080.20000 4.65000000 390.96000 61.49000 14.01100 54.35200
17 11 20 10 12 14082.40000 4.70500000 390.96000 61.47000 14.01100 54.35200
17 11 20 10 13 14081.10000 4.71000000 390.96000 61.46000 14.01100 54.35200
17 11 20 10 13 14081.10000 4.71000000 390.96000 61.36000 14.01100 54.35200
17 11 20 10 14 14081.10000 4.71000000 390.97000 61.36000 14.01100 54.35200
17 11 20 10 14 14081.10000 4.71000000 390.96000 61.36000 14.01100 54.35200
17 11 20 10 15 14084.50000 4.71000000 390.95000 61.36000 14.01100 54.35200
17 11 20 10 15 14084.50000 4.71000000 390.96000 61.46000 14.01100 54.35200
17 11 20 10 15 14084.50000 4.71000000 390.96000 61.43000 14.01100 54.35200
17 11 20 10 16 14090.50000 4.70900000 390.97000 61.35000 14.01100 54.35200
17 11 20 10 16 14094.40000 4.70900000 390.97000 61.34000 14.01100 54.35200
17 11 20 10 17 14095.30000 4.70900000 390.95000 61.35000 14.01100 54.35200
17 11 20 10 17 14095.50000 4.70900000 391.02000 61.41000 14.01100 54.35200
17 11 20 10 18 14097.30000 4.70900000 391.09000 61.48000 14.01100 54.35200
17 11 20 10 18 14097.30000 4.69300000 391.09000 61.49000 14.01100 54.35200
17 11 20 10 18 14096.90000 4.69300000 391.07000 61.46000 14.01100 54.35200
17 11 20 10 19 14089.80000 4.69300000 391.07000 61.48000 14.01100 54.35200
17 11 20 10 19 14087.40000 4.69300000 390.96000 61.48000 14.01100 54.35200
17 11 20 10 20 14087.40000 4.69300000 391.05000 61.39000 14.09100 54.35200
17 11 20 10 20 14089.60000 4.69300000 391.18000 61.46000 14.09100 54.35200
17 11 20 10 21 14089.60000 4.69300000 391.18000 61.46000 14.09100 54.35200
17 11 20 10 21 14087.90000 4.69300000 391.19000 61.47000 14.07600 54.35200
17 11 20 10 21 14088.00000 4.69300000 391.19000 61.49000 14.07600 54.35200
17 11 20 10 22 14087.90000 4.69300000 391.19000 61.49000 14.07600 54.35200
17 11 20 10 22 14088.00000 4.69300000 391.17000 61.47000 14.07600 54.57400
17 11 20 10 23 14088.90000 4.69300000 391.28000 61.47000 14.07600 54.57400
17 11 20 10 23 14089.60000 4.69300000 391.28000 61.47000 14.07600 54.57400
17 11 20 10 24 14090.00000 4.69300000 391.28000 61.50000 14.07600 54.57400
17 11 20 10 24 14096.40000 4.69000000 391.42000 61.50000 14.07600 54.58000
17 11 20 10 24 14097.30000 4.69000000 391.42000 61.55000 14.07600 54.58000
17 11 20 10 25 14100.00000 4.69000000 391.42000 61.58000 14.07600 54.58000
17 11 20 10 25 14101.80000 4.69000000 391.43000 61.61000 14.07600 54.58000
17 11 20 10 26 14103.50000 4.69000000 391.57000 61.61000 14.07600 54.58000
17 11 20 10 26 14102.50000 4.69000000 391.73000 61.61000 14.07600 54.58000
17 11 20 10 27 14103.50000 4.69000000 391.75000 61.61000 14.07600 54.58000
17 11 20 10 27 14107.50000 4.69000000 391.75000 61.67000 14.07600 54.58000
17 11 20 10 27 14107.90000 4.71000000 391.75000 61.73000 14.07600 54.58000
17 11 20 10 28 14119.50000 4.71000000 391.89000 61.86000 14.06200 54.58000
17 11 20 10 28 14119.90000 4.71000000 392.02000 61.88000 14.06200 54.58000
17 11 20 10 29 14124.10000 4.71000000 392.02000 61.84000 14.06200 54.58000
17 11 20 10 29 14119.20000 4.71000000 392.00000 61.86000 14.06200 54.58000
17 11 20 10 30 14120.00000 4.71000000 392.00000 61.77000 14.06200 54.58000
17 11 20 10 30 14120.00000 4.71000000 391.61000 61.71000 14.06200 54.58000
17 11 20 10 30 14120.00000 4.71000000 391.68000 61.74000 14.06200 54.58000
17 11 20 10 31 14119.90000 4.71000000 391.61000 61.74000 14.06200 54.58000
17 11 20 10 31 14119.90000 4.71000000 391.61000 61.61000 14.06200 54.58000
17 11 20 10 32 14115.30000 4.71000000 391.61000 61.73000 14.06200 54.58000
17 11 20 10 32 14119.90000 4.71000000 391.61000 61.73000 14.06200 54.58000
17 11 20 10 33 14115.10000 4.71000000 391.60000 61.72000 14.06200 54.74400
17 11 20 10 33 14122.20000 4.71000000 391.61000 61.72000 14.06200 54.74400
17 11 20 10 33 14115.00000 4.71000000 391.18000 61.71000 14.06200 54.74400
17 11 20 10 34 14115.10000 4.71000000 391.29000 61.73000 14.06200 54.84000
17 11 20 10 34 14115.10000 4.71000000 391.39000 61.79000 14.06200 54.84000
17 11 20 10 35 14115.10000 4.71000000 391.07000 61.81000 14.06200 54.84000
