M=[
31 10 20 15 19 11797.10000 4.52400000 332.60000 47.56000 11.91400 50.67600
31 10 20 15 19 11797.10000 4.52400000 332.60000 47.56000 11.91400 50.67600
31 10 20 15 19 11802.40000 4.52400000 332.63000 47.56000 11.91400 50.67600
31 10 20 15 20 11807.20000 4.52400000 332.98000 47.63000 11.91400 50.67600
31 10 20 15 20 11822.90000 4.52400000 332.98000 47.63000 11.91400 50.67600
31 10 20 15 21 11819.00000 4.52400000 333.41000 47.74000 11.91400 50.67600
31 10 20 15 21 11821.00000 4.52400000 333.41000 47.66000 11.91400 50.67600
31 10 20 15 22 11827.00000 4.52400000 333.45000 47.66000 11.91400 50.67600
31 10 20 15 22 11827.30000 4.52400000 333.40000 47.66000 11.91400 50.67600
31 10 20 15 22 11829.40000 4.52400000 333.41000 47.66000 11.91400 50.67600
31 10 20 15 23 11829.50000 4.52400000 333.20000 47.66000 11.91400 50.67600
31 10 20 15 23 11820.30000 4.52400000 333.20000 47.66000 11.91400 50.67600
31 10 20 15 24 11820.00000 4.52400000 332.91000 47.66000 11.91400 50.67600
31 10 20 15 24 11820.00000 4.52400000 332.91000 47.66000 11.91400 50.67600
31 10 20 15 25 11820.00000 4.52400000 332.91000 47.66000 11.91400 50.67600
31 10 20 15 25 11819.90000 4.52400000 332.91000 47.66000 11.81900 50.67600
31 10 20 15 25 11820.00000 4.52400000 333.29000 47.63000 11.81900 50.67600
31 10 20 15 26 11817.70000 4.52400000 333.29000 47.63000 11.81900 50.67600
31 10 20 15 26 11820.00000 4.52400000 333.31000 47.63000 11.81900 50.67600
31 10 20 15 27 11820.00000 4.52400000 333.40000 47.64000 11.82200 50.67600
31 10 20 15 27 11820.00000 4.52400000 333.40000 47.64000 11.82100 50.67600
31 10 20 15 28 11819.90000 4.52400000 333.48000 47.64000 11.67400 50.67600
31 10 20 15 28 11831.30000 4.52400000 333.45000 47.64000 11.66800 50.67600
31 10 20 15 28 11833.00000 4.52400000 333.45000 47.64000 11.59100 50.67600
31 10 20 15 29 11836.80000 4.52400000 333.45000 47.64000 11.67100 50.67600
31 10 20 15 29 11845.40000 4.52400000 333.45000 47.64000 11.69700 50.67600
31 10 20 15 30 11834.20000 4.52400000 333.35000 47.64000 11.73000 50.67600
31 10 20 15 30 11843.10000 4.52400000 333.64000 47.64000 11.68800 50.67600
31 10 20 15 31 11840.90000 4.52400000 333.45000 47.64000 11.68900 50.67600
31 10 20 15 31 11842.60000 4.52400000 333.61000 47.64000 11.68800 50.67600
31 10 20 15 31 11838.00000 4.52400000 333.36000 47.64000 11.69100 50.67600
31 10 20 15 32 11833.70000 4.52400000 333.51000 47.72000 11.69000 50.67600
31 10 20 15 32 11837.70000 4.52400000 333.38000 47.72000 11.69000 50.67600
31 10 20 15 33 11837.30000 4.52400000 333.37000 47.72000 11.59200 50.67600
31 10 20 15 33 11838.20000 4.52400000 333.62000 47.72000 11.59200 50.67600
31 10 20 15 34 11837.00000 4.52400000 333.54000 47.78000 11.59200 50.67600
31 10 20 15 34 11837.00000 4.52400000 333.54000 47.78000 11.59200 50.67600
31 10 20 15 34 11837.00000 4.52400000 333.53000 47.78000 11.59200 50.67600
31 10 20 15 35 11836.90000 4.52400000 333.53000 47.78000 11.59200 50.67600
31 10 20 15 35 11836.90000 4.52400000 333.54000 47.86000 11.69800 50.67600
31 10 20 15 36 11837.10000 4.52400000 333.54000 47.86000 11.69800 50.67600
31 10 20 15 36 11837.00000 4.52400000 333.60000 47.85000 11.69800 50.67600
31 10 20 15 37 11837.10000 4.52400000 333.77000 47.85000 11.69800 50.67600
31 10 20 15 37 11837.10000 4.52400000 333.77000 47.85000 11.69800 50.67600
31 10 20 15 37 11837.00000 4.52400000 333.77000 47.85000 11.59400 50.67600
31 10 20 15 38 11837.10000 4.52400000 333.75000 47.94000 11.59400 50.60200
31 10 20 15 38 11843.10000 4.52400000 334.03000 47.94000 11.59400 50.60200
31 10 20 15 39 11843.10000 4.52400000 334.03000 47.94000 11.59400 50.60200
31 10 20 15 39 11843.10000 4.52400000 334.03000 47.94000 11.59400 50.60200
31 10 20 15 39 11843.00000 4.52400000 334.10000 47.94000 11.59400 50.60200
31 10 20 15 40 11838.30000 4.52400000 333.79000 47.92000 11.59400 50.60200
31 10 20 15 40 11833.20000 4.52400000 333.54000 47.92000 11.59400 50.60200
31 10 20 15 41 11833.10000 4.52400000 333.54000 47.84000 11.59400 50.60200
31 10 20 15 41 11833.10000 4.52400000 333.54000 47.84000 11.59400 50.60200
31 10 20 15 42 11821.70000 4.52400000 333.54000 47.84000 11.59400 50.60200
31 10 20 15 42 11824.00000 4.52400000 333.54000 47.84000 11.59400 50.60200
31 10 20 15 42 11820.40000 4.52400000 333.55000 47.84000 11.59400 50.60200
31 10 20 15 43 11818.90000 4.52400000 333.79000 47.84000 11.59400 50.60200
31 10 20 15 43 11819.90000 4.52400000 333.79000 47.85000 11.59400 50.60200
31 10 20 15 44 11820.20000 4.52400000 333.64000 47.88000 11.59400 50.60200
31 10 20 15 44 11822.20000 4.52400000 333.64000 47.88000 11.59400 50.60200
31 10 20 15 45 11823.50000 4.52400000 333.78000 47.88000 11.59400 50.60200
31 10 20 15 45 11828.90000 4.52400000 333.78000 47.88000 11.59400 50.60200
31 10 20 15 45 11833.70000 4.52400000 333.78000 47.93000 11.59400 50.60200
31 10 20 15 46 11834.60000 4.52400000 334.08000 47.93000 11.59400 50.60200
31 10 20 15 46 11843.10000 4.52400000 334.20000 47.93000 11.59400 50.60200
31 10 20 15 47 11843.10000 4.52400000 334.21000 47.93000 11.59400 50.60200
31 10 20 15 47 11843.10000 4.52400000 334.21000 47.99000 11.59400 50.60200
31 10 20 15 48 11843.10000 4.52400000 334.28000 48.07000 11.59400 50.60200
31 10 20 15 48 11843.10000 4.52400000 334.27000 48.09000 11.59400 50.60200
31 10 20 15 48 11844.00000 4.52400000 334.26000 48.09000 11.59400 50.60200
31 10 20 15 49 11845.40000 4.52400000 334.27000 48.08000 11.59400 50.60200
31 10 20 15 49 11846.90000 4.52400000 334.27000 48.12000 11.59400 50.60200
31 10 20 15 50 11846.80000 4.52400000 334.42000 48.12000 11.59400 50.60200
31 10 20 15 50 11849.40000 4.52400000 334.42000 48.12000 11.59400 50.60200
31 10 20 15 51 11849.40000 4.52400000 334.42000 48.14000 11.59400 50.60200
31 10 20 15 51 11850.00000 4.52400000 334.44000 48.14000 11.59400 50.60200
31 10 20 15 51 11850.00000 4.52400000 334.44000 48.14000 11.59400 50.68000
31 10 20 15 52 11859.40000 4.52400000 334.44000 48.14000 11.59400 50.68000
31 10 20 15 52 11868.00000 4.52400000 334.44000 48.13000 11.59400 50.68000
31 10 20 15 53 11877.40000 4.52400000 334.62000 48.12000 11.59400 50.68000
31 10 20 15 53 11877.40000 4.52400000 334.62000 48.12000 11.59400 50.68000
31 10 20 15 54 11875.20000 4.52400000 334.45000 48.12000 11.59400 50.68000
31 10 20 15 54 11870.40000 4.52400000 334.45000 48.12000 11.59400 50.68000
31 10 20 15 54 11873.60000 4.52400000 334.45000 47.98000 11.59400 50.68000
31 10 20 15 55 11872.80000 4.52400000 334.45000 47.98000 11.59400 50.68000
31 10 20 15 55 11872.80000 4.52400000 334.45000 48.05000 11.59400 50.68000
31 10 20 15 56 11872.90000 4.52400000 334.45000 48.05000 11.59400 50.68000
31 10 20 15 56 11872.90000 4.52400000 334.45000 48.05000 11.59400 50.68000
31 10 20 15 57 11863.30000 4.52400000 334.52000 48.05000 11.59400 50.68000
31 10 20 15 57 11869.60000 4.52400000 334.45000 48.05000 11.59400 50.68000
31 10 20 15 57 11870.70000 4.52400000 334.63000 48.05000 11.59400 50.68000
31 10 20 15 58 11873.50000 4.52400000 334.63000 48.05000 11.59400 50.68000
31 10 20 15 58 11885.80000 4.52400000 334.89000 48.18000 11.59400 50.68000
31 10 20 15 59 11888.80000 4.52400000 334.89000 48.18000 11.59400 50.68000
31 10 20 15 59 11887.60000 4.52400000 334.89000 48.18000 11.59400 50.68000
31 10 20 16 00 11883.40000 4.52400000 334.81000 48.18000 11.59400 50.68000
31 10 20 16 00 11883.50000 4.52400000 334.81000 48.20000 11.59400 50.68000
31 10 20 16 00 11883.50000 4.52400000 334.81000 48.20000 11.59400 50.68000
31 10 20 16 01 11883.50000 4.52400000 334.81000 48.20000 11.59400 50.68000
31 10 20 16 01 11883.50000 4.52400000 334.81000 48.20000 11.59400 50.68000
31 10 20 16 02 11896.80000 4.52400000 335.31000 48.28000 11.59400 50.68000
31 10 20 16 02 11900.00000 4.52400000 335.27000 48.28000 11.59400 50.68000
31 10 20 16 03 11890.10000 4.52400000 334.94000 48.18000 11.59400 50.76900
31 10 20 16 03 11884.70000 4.52400000 334.94000 48.18000 11.59400 50.76900
31 10 20 16 03 11891.30000 4.52400000 334.83000 48.18000 11.59400 50.76900
