M=[
10 8 20 21 44 10076.00000 5.94900000 335.87000 49.41000 18.05800 76.05700
10 8 20 21 44 10076.10000 5.94900000 335.86000 49.41000 18.05800 76.05700
10 8 20 21 45 10066.90000 5.94900000 335.26000 49.41000 18.05800 76.05700
10 8 20 21 45 10066.40000 5.94900000 335.61000 49.35000 18.05800 76.05700
10 8 20 21 46 10066.30000 5.94900000 335.61000 49.35000 18.05800 76.05700
10 8 20 21 46 10071.80000 5.94900000 335.60000 49.35000 18.05800 76.05700
10 8 20 21 47 10076.20000 5.94900000 335.61000 49.37000 18.05800 76.05700
10 8 20 21 47 10076.50000 5.94900000 335.61000 49.37000 18.05800 76.05700
10 8 20 21 48 10076.40000 5.94900000 335.61000 49.37000 18.05800 76.05700
10 8 20 21 48 10076.50000 5.94900000 335.61000 49.37000 18.05800 76.05700
10 8 20 21 49 10076.40000 5.94900000 335.64000 49.37000 18.05800 76.05700
10 8 20 21 49 10076.40000 5.94900000 335.62000 49.37000 18.05800 76.05700
10 8 20 21 49 10076.40000 5.94900000 335.62000 49.37000 18.08800 76.30100
10 8 20 21 50 10076.40000 5.94900000 335.64000 49.37000 18.08800 76.30100
10 8 20 21 50 10076.40000 5.94900000 335.64000 49.37000 18.08800 76.30100
10 8 20 21 51 10076.90000 5.94900000 335.81000 49.37000 18.08800 76.30100
10 8 20 21 51 10076.90000 5.94900000 335.81000 49.37000 18.08800 76.30100
10 8 20 21 52 10079.90000 5.94900000 335.97000 49.37000 18.08800 76.34700
10 8 20 21 52 10085.70000 5.94300000 335.97000 49.37000 18.08800 76.34700
10 8 20 21 53 10085.70000 5.94300000 335.97000 49.37000 18.08800 76.34700
10 8 20 21 53 10085.80000 5.94300000 335.92000 49.37000 18.08800 76.34700
10 8 20 21 54 10085.90000 5.94300000 335.92000 49.37000 18.08800 76.34700
10 8 20 21 54 10085.90000 5.94300000 335.88000 49.41000 18.08800 76.34700
10 8 20 21 54 10085.90000 5.94300000 335.97000 49.41000 18.08800 76.34700
10 8 20 21 55 10085.90000 5.94300000 335.83000 49.41000 18.08800 76.34700
10 8 20 21 55 10085.90000 5.94300000 335.83000 49.41000 18.08800 76.34700
10 8 20 21 56 10086.00000 5.94300000 335.78000 49.43000 18.08800 76.52600
10 8 20 21 56 10087.50000 5.94300000 335.85000 49.43000 18.08800 76.52600
10 8 20 21 57 10087.70000 5.94300000 335.99000 49.43000 18.08800 76.52600
10 8 20 21 57 10090.00000 5.94300000 335.87000 49.43000 18.08800 76.52600
10 8 20 21 58 10090.00000 5.94300000 335.88000 49.43000 18.08800 76.52600
10 8 20 21 58 10090.00000 5.94300000 335.88000 49.42000 18.08800 76.52600
10 8 20 21 59 10089.90000 5.94300000 335.88000 49.43000 18.08800 76.52600
10 8 20 21 59 10090.00000 5.94300000 335.75000 49.43000 18.08800 76.52600
10 8 20 22 00 10090.00000 5.94300000 335.75000 49.43000 18.08800 76.52600
10 8 20 22 00 10090.00000 5.94300000 334.40000 49.40000 18.08800 76.52600
10 8 20 22 00 10087.60000 5.94300000 334.97000 49.40000 18.08800 76.52600
10 8 20 22 01 10086.10000 5.94300000 335.06000 49.40000 18.08800 76.52600
10 8 20 22 01 10085.90000 5.94300000 335.02000 49.43000 18.08800 76.52600
10 8 20 22 02 10082.90000 5.94300000 335.02000 49.43000 18.08800 76.34500
10 8 20 22 02 10082.80000 5.94300000 335.04000 49.43000 18.08800 76.38400
10 8 20 22 03 10082.90000 5.94300000 335.15000 49.43000 18.08800 76.38400
10 8 20 22 03 10084.00000 5.94300000 335.07000 49.39000 18.08800 76.38400
10 8 20 22 04 10084.30000 5.94300000 335.02000 49.39000 18.08800 76.24900
10 8 20 22 04 10084.40000 5.94300000 335.02000 49.38000 18.08800 76.24900
10 8 20 22 05 10084.40000 5.94300000 335.06000 49.38000 18.08800 76.24900
10 8 20 22 05 10084.30000 5.94300000 335.01000 49.38000 18.08800 76.24900
10 8 20 22 06 10064.10000 5.94300000 334.46000 49.37000 18.08800 76.24900
10 8 20 22 06 10060.10000 5.94300000 334.52000 49.24000 18.08800 76.24900
10 8 20 22 07 10050.90000 5.94300000 334.40000 49.25000 18.08800 76.17800
10 8 20 22 07 10045.00000 5.94300000 334.37000 49.25000 18.08800 76.17800
10 8 20 22 08 10057.90000 5.94300000 334.89000 49.31000 18.08800 76.17800
10 8 20 22 08 10055.20000 5.94300000 334.66000 49.31000 18.08800 76.17800
10 8 20 22 09 10055.20000 5.94300000 334.66000 49.31000 18.08800 76.17800
10 8 20 22 09 10063.80000 5.94300000 334.99000 49.31000 18.08800 76.17800
10 8 20 22 10 10063.10000 5.94300000 334.99000 49.31000 18.08800 76.17800
10 8 20 22 10 10069.70000 5.94300000 334.98000 49.31000 18.08800 76.17800
10 8 20 22 11 10077.90000 5.91600000 335.56000 49.31000 18.08800 76.17800
10 8 20 22 11 10077.90000 5.91600000 335.60000 49.31000 18.08800 76.17800
10 8 20 22 11 10077.90000 5.91600000 335.60000 49.31000 18.08800 76.17800
10 8 20 22 12 10078.00000 5.91600000 335.47000 49.31000 18.08800 76.16400
10 8 20 22 12 10075.10000 5.91600000 335.11000 49.31000 18.08800 76.16400
10 8 20 22 13 10077.90000 5.91600000 335.23000 49.35000 18.08800 76.16400
10 8 20 22 13 10078.00000 5.91600000 335.23000 49.35000 18.08800 76.16400
10 8 20 22 14 10078.00000 5.91600000 335.41000 49.35000 18.08800 76.16400
10 8 20 22 14 10078.00000 5.91600000 335.45000 49.35000 18.08800 76.16400
10 8 20 22 15 10078.00000 5.91600000 335.44000 49.35000 18.08800 76.04700
10 8 20 22 15 10075.20000 5.91600000 334.81000 49.35000 18.08800 76.04700
10 8 20 22 15 10068.10000 5.91600000 334.82000 49.35000 18.08800 76.04700
10 8 20 22 16 10077.80000 5.91600000 335.10000 49.35000 18.08800 76.04700
10 8 20 22 16 10077.90000 5.91600000 335.20000 49.35000 18.08800 76.04700
10 8 20 22 17 10077.90000 5.91600000 335.16000 49.35000 18.08800 76.18300
10 8 20 22 17 10068.30000 5.91600000 335.10000 49.35000 18.08800 76.18000
10 8 20 22 18 10068.00000 5.91600000 334.93000 49.35000 18.08800 76.18000
10 8 20 22 18 10058.70000 5.91600000 334.93000 49.35000 18.08800 76.18000
10 8 20 22 19 10053.30000 5.91600000 334.71000 49.35000 18.08800 76.18000
10 8 20 22 19 10053.40000 5.91600000 334.91000 49.35000 18.08800 76.18000
10 8 20 22 20 10053.30000 5.91600000 334.78000 49.35000 18.08800 76.17700
10 8 20 22 20 10051.30000 5.91600000 335.01000 49.35000 18.08800 76.17700
10 8 20 22 21 10051.10000 5.91600000 335.01000 49.35000 18.08800 76.17700
10 8 20 22 21 10053.00000 5.91600000 335.01000 49.30000 18.08800 76.17700
10 8 20 22 22 10072.20000 5.95000000 335.60000 49.30000 18.08800 76.17700
10 8 20 22 22 10077.70000 5.95000000 336.05000 49.30000 18.08800 76.17700
10 8 20 22 23 10075.10000 5.95000000 336.21000 49.49000 18.08800 76.17700
10 8 20 22 23 10075.40000 5.95000000 336.31000 49.49000 18.08800 76.17700
10 8 20 22 24 10077.90000 5.95000000 336.35000 49.57000 18.10300 76.32900
10 8 20 22 24 10078.00000 5.95000000 336.40000 49.59000 18.10300 76.28100
10 8 20 22 25 10078.00000 5.95000000 336.50000 49.59000 18.10300 76.28100
10 8 20 22 25 10078.00000 5.95000000 336.50000 49.59000 18.10300 76.28100
10 8 20 22 26 10078.00000 5.95000000 336.36000 49.59000 18.10300 76.28100
10 8 20 22 26 10077.90000 5.95000000 336.50000 49.62000 18.10300 76.40000
10 8 20 22 27 10078.00000 5.95000000 336.74000 49.62000 18.10300 76.40000
10 8 20 22 27 10078.00000 5.95000000 336.56000 49.62000 18.10300 76.40000
10 8 20 22 28 10077.90000 5.98800000 336.23000 49.59000 18.10300 76.40000
10 8 20 22 28 10079.50000 5.98800000 336.38000 49.59000 18.10300 76.40000
10 8 20 22 29 10074.30000 5.98800000 336.38000 49.59000 18.10300 76.40000
10 8 20 22 29 10074.40000 5.98800000 336.48000 49.59000 18.10300 76.40000
10 8 20 22 30 10071.40000 5.98800000 336.42000 49.59000 18.10300 76.40000
10 8 20 22 30 10066.50000 5.98800000 336.26000 49.59000 18.10300 76.40000
10 8 20 22 30 10066.60000 5.98800000 336.34000 49.59000 18.10300 76.40000
10 8 20 22 31 10066.60000 5.98800000 336.25000 49.59000 18.10300 76.40000
10 8 20 22 31 10070.30000 5.98800000 336.31000 49.58000 18.10300 76.40000
10 8 20 22 32 10070.90000 5.99900000 336.33000 49.58000 18.10300 76.40000
10 8 20 22 32 10072.40000 5.99900000 336.33000 49.58000 18.10300 76.40000
10 8 20 22 33 10072.40000 5.99900000 336.72000 49.58000 18.10300 76.40000
10 8 20 22 33 10075.90000 5.99900000 336.77000 49.58000 18.10300 76.40000
10 8 20 22 34 10073.40000 5.98700000 336.76000 49.58000 18.10300 76.40000
10 8 20 22 34 10073.10000 5.98700000 336.73000 49.58000 18.10300 76.40000
