M=[
 3 6 20 21 14 8544.30000 6.18000000 215.59000 41.89000 12.50400 46.58900
 3 6 20 21 15 8545.10000 6.18000000 215.46000 41.89000 12.50400 46.58900
 3 6 20 21 15 8545.60000 6.18000000 215.54000 41.89000 12.50400 46.58900
 3 6 20 21 16 8544.90000 6.18000000 215.46000 41.89000 12.50400 46.58900
 3 6 20 21 16 8543.70000 6.18000000 215.46000 41.89000 12.50400 46.58900
 3 6 20 21 17 8543.70000 6.18000000 215.46000 41.89000 12.50400 46.58900
 3 6 20 21 17 8543.80000 6.18000000 215.44000 41.89000 12.50400 46.58900
 3 6 20 21 18 8544.00000 6.18000000 215.44000 41.85000 12.50400 46.58900
 3 6 20 21 18 8544.00000 6.18000000 215.43000 41.84000 12.50400 46.56400
 3 6 20 21 19 8543.80000 6.18000000 215.43000 41.84000 12.50400 46.58900
 3 6 20 21 19 8543.80000 6.18000000 215.43000 41.84000 12.50400 46.58900
 3 6 20 21 20 8543.30000 6.18000000 215.39000 41.84000 12.50400 46.58900
 3 6 20 21 20 8544.10000 6.17200000 215.40000 41.84000 12.50400 46.58900
 3 6 20 21 21 8544.10000 6.18000000 215.40000 41.84000 12.50400 46.58900
 3 6 20 21 21 8544.10000 6.18000000 215.29000 41.78000 12.50400 46.58900
 3 6 20 21 22 8544.10000 6.18000000 215.18000 41.78000 12.50400 46.58900
 3 6 20 21 22 8544.00000 6.18000000 215.02000 41.78000 12.50400 46.58900
 3 6 20 21 23 8544.00000 6.18000000 215.00000 41.78000 12.50400 46.58900
 3 6 20 21 23 8544.10000 6.18000000 215.02000 41.78000 12.50400 46.58900
 3 6 20 21 24 8543.40000 6.17200000 215.00000 41.78000 12.50400 46.58900
 3 6 20 21 24 8543.40000 6.18000000 215.00000 41.78000 12.50400 46.58900
 3 6 20 21 25 8533.70000 6.18000000 214.86000 41.78000 12.50400 46.58900
 3 6 20 21 25 8544.10000 6.18000000 214.86000 41.78000 12.50400 46.58900
 3 6 20 21 26 8537.20000 6.17600000 214.86000 41.78000 12.50400 46.58900
 3 6 20 21 26 8536.10000 6.17600000 214.88000 41.78000 12.50400 46.58900
 3 6 20 21 27 8534.10000 6.17600000 214.76000 41.75000 12.50400 46.58900
 3 6 20 21 27 8534.00000 6.17600000 214.76000 41.75000 12.50400 46.58900
 3 6 20 21 28 8536.10000 6.17600000 214.86000 41.75000 12.50400 46.58900
 3 6 20 21 28 8536.90000 6.17600000 214.88000 41.75000 12.50400 46.58900
 3 6 20 21 29 8530.30000 6.17600000 214.75000 41.75000 12.50400 46.58900
 3 6 20 21 29 8534.30000 6.17600000 214.68000 41.75000 12.50400 46.58900
 3 6 20 21 30 8534.40000 6.17600000 214.83000 41.75000 12.50400 46.58900
 3 6 20 21 30 8534.40000 6.17200000 214.80000 41.75000 12.50400 46.58900
 3 6 20 21 31 8534.30000 6.17600000 214.80000 41.75000 12.50400 46.58900
 3 6 20 21 31 8534.30000 6.17600000 214.80000 41.75000 12.50400 46.58900
 3 6 20 21 32 8534.50000 6.17600000 214.76000 41.75000 12.54100 46.58900
 3 6 20 21 32 8537.20000 6.17600000 214.76000 41.75000 12.50400 46.58900
 3 6 20 21 33 8537.10000 6.17600000 214.64000 41.75000 12.50400 46.43300
 3 6 20 21 33 8535.20000 6.17600000 214.64000 41.75000 12.50400 46.43300
 3 6 20 21 34 8537.10000 6.17600000 214.76000 41.75000 12.50400 46.43300
 3 6 20 21 34 8537.10000 6.17600000 214.76000 41.75000 12.50400 46.43300
 3 6 20 21 35 8536.70000 6.17600000 214.76000 41.75000 12.50400 46.43300
 3 6 20 21 35 8537.10000 6.17600000 214.80000 41.75000 12.50400 46.43300
 3 6 20 21 36 8537.00000 6.17600000 214.87000 41.75000 12.50400 46.43300
 3 6 20 21 36 8537.10000 6.17600000 214.76000 41.75000 12.50400 46.43300
 3 6 20 21 37 8537.20000 6.17600000 214.87000 41.75000 12.50400 46.43300
 3 6 20 21 37 8537.20000 6.17600000 214.90000 41.75000 12.50400 46.43300
 3 6 20 21 38 8537.20000 6.17600000 214.90000 41.75000 12.50400 46.43300
 3 6 20 21 38 8537.20000 6.17600000 214.90000 41.76000 12.50400 46.43300
 3 6 20 21 39 8537.20000 6.17600000 214.89000 41.76000 12.50400 46.43300
 3 6 20 21 39 8537.20000 6.17600000 215.08000 41.76000 12.50400 46.43300
 3 6 20 21 40 8537.20000 6.17600000 215.24000 41.76000 12.51900 46.43300
 3 6 20 21 40 8537.20000 6.17600000 215.27000 41.76000 12.51900 46.43300
 3 6 20 21 41 8537.20000 6.17600000 215.27000 41.76000 12.51900 46.43300
 3 6 20 21 41 8537.20000 6.17600000 215.27000 41.76000 12.51900 46.43300
 3 6 20 21 42 8537.20000 6.17600000 215.30000 41.76000 12.51900 46.43300
 3 6 20 21 42 8537.20000 6.17600000 215.21000 41.76000 12.51900 46.43300
 3 6 20 21 43 8537.20000 6.17600000 215.17000 41.76000 12.51900 46.43300
 3 6 20 21 43 8537.20000 6.17600000 215.17000 41.76000 12.51900 46.43300
 3 6 20 21 44 8537.20000 6.17600000 215.26000 41.76000 12.60100 46.43300
 3 6 20 21 44 8537.20000 6.17600000 215.15000 41.76000 12.60100 46.43300
 3 6 20 21 45 8537.20000 6.17600000 215.23000 41.76000 12.60100 46.43300
 3 6 20 21 45 8537.20000 6.17600000 215.23000 41.76000 12.60100 46.43300
 3 6 20 21 46 8537.20000 6.17600000 215.23000 41.76000 12.60100 46.43300
 3 6 20 21 46 8537.20000 6.17600000 215.17000 41.73000 12.60100 46.43300
 3 6 20 21 47 8537.20000 6.17600000 215.21000 41.73000 12.60100 46.43300
 3 6 20 21 47 8537.20000 6.17600000 215.21000 41.73000 12.60100 46.43300
 3 6 20 21 48 8537.20000 6.17600000 215.21000 41.73000 12.60100 46.43300
 3 6 20 21 48 8537.10000 6.17600000 215.17000 41.73000 12.60100 46.43300
 3 6 20 21 49 8537.20000 6.17600000 215.30000 41.76000 12.60100 46.43300
 3 6 20 21 49 8544.50000 6.17600000 215.30000 41.76000 12.60100 46.43300
 3 6 20 21 50 8544.40000 6.17600000 215.30000 41.76000 12.60100 46.43300
 3 6 20 21 50 8546.90000 6.17600000 215.30000 41.76000 12.60100 46.42200
 3 6 20 21 51 8546.90000 6.17600000 215.30000 41.76000 12.60100 46.43300
 3 6 20 21 51 8546.90000 6.17600000 215.36000 41.76000 12.60100 46.43300
 3 6 20 21 52 8549.10000 6.17600000 215.36000 41.76000 12.60100 46.43300
 3 6 20 21 52 8544.30000 6.17600000 214.94000 41.74000 12.60100 46.43300
 3 6 20 21 53 8538.00000 6.17600000 215.10000 41.74000 12.57200 46.43300
 3 6 20 21 53 8538.10000 6.17600000 214.94000 41.76000 12.60100 46.43300
 3 6 20 21 54 8538.10000 6.17600000 214.94000 41.74000 12.60100 46.43300
 3 6 20 21 54 8538.10000 6.17600000 214.94000 41.70000 12.60100 46.43300
 3 6 20 21 55 8538.10000 6.17600000 214.80000 41.70000 12.60100 46.43300
 3 6 20 21 55 8538.00000 6.17600000 214.75000 41.70000 12.60100 46.43300
 3 6 20 21 56 8539.10000 6.17600000 214.88000 41.70000 12.60100 46.43300
 3 6 20 21 56 8538.20000 6.16600000 214.75000 41.70000 12.60100 46.43300
 3 6 20 21 57 8538.20000 6.16600000 214.88000 41.70000 12.60100 46.43300
 3 6 20 21 57 8538.80000 6.16600000 214.88000 41.70000 12.60100 46.43300
 3 6 20 21 58 8539.60000 6.16600000 214.88000 41.70000 12.60100 46.43300
 3 6 20 21 58 8541.10000 6.16600000 215.00000 41.70000 12.60100 46.43300
 3 6 20 21 59 8541.10000 6.16600000 215.01000 41.70000 12.60100 46.43300
 3 6 20 21 59 8542.10000 6.16600000 215.16000 41.70000 12.60100 46.43300
 3 6 20 22 00 8544.00000 6.17100000 215.22000 41.70000 12.60100 46.43300
 3 6 20 22 00 8544.90000 6.17100000 215.31000 41.70000 12.60100 46.43300
 3 6 20 22 01 8544.30000 6.17100000 215.27000 41.66000 12.60100 46.43300
 3 6 20 22 01 8544.40000 6.17100000 215.27000 41.66000 12.60100 46.43300
 3 6 20 22 02 8539.10000 6.17100000 215.35000 41.72000 12.57200 46.43300
 3 6 20 22 02 8546.10000 6.17600000 215.27000 41.74000 12.60100 46.43300
 3 6 20 22 03 8546.10000 6.17600000 215.27000 41.75000 12.60100 46.43300
 3 6 20 22 03 8546.80000 6.17600000 215.27000 41.75000 12.60100 46.43300
 3 6 20 22 04 8546.90000 6.17600000 215.22000 41.75000 12.60100 46.43300
 3 6 20 22 04 8546.90000 6.17600000 215.50000 41.75000 12.60100 46.43300
 3 6 20 22 05 8547.00000 6.17600000 215.48000 41.75000 12.60100 46.43300
 3 6 20 22 05 8547.00000 6.17000000 215.50000 41.75000 12.60100 46.43300
 3 6 20 22 06 8547.00000 6.17000000 215.48000 41.75000 12.60100 46.43300
 3 6 20 22 06 8546.90000 6.17000000 215.56000 41.75000 12.60100 46.43300
 3 6 20 22 07 8546.90000 6.17000000 215.56000 41.75000 12.60100 46.43300
 3 6 20 22 07 8546.90000 6.17000000 215.50000 41.75000 12.60100 46.43300
 3 6 20 22 08 8546.90000 6.17000000 215.58000 41.75000 12.60100 46.43300
 3 6 20 22 08 8547.00000 6.17000000 215.61000 41.75000 12.60100 46.43300
