M=[
12 7 21 14 53 28210.60000 41.16400000 1770.00000 115.19000 17.00000 92.16200
12 7 21 14 53 28201.30000 41.16400000 1770.01000 115.19000 17.00000 92.16200
12 7 21 14 54 28201.30000 41.16400000 1770.01000 115.21000 17.00000 92.16200
12 7 21 14 54 28186.70000 41.16400000 1769.10000 115.21000 17.00000 92.16200
12 7 21 14 55 28184.60000 41.16400000 1769.10000 115.21000 17.00000 92.16200
12 7 21 14 55 28193.30000 41.16400000 1769.10000 115.21000 17.00000 92.16200
12 7 21 14 55 28193.20000 41.16400000 1769.12000 115.21000 17.00000 92.16200
12 7 21 14 56 28198.60000 41.16400000 1769.11000 115.21000 17.00000 92.16200
12 7 21 14 56 28198.70000 41.19000000 1769.11000 115.21000 17.00000 92.16200
12 7 21 14 57 28195.50000 41.19000000 1769.69000 115.21000 17.00000 92.16200
12 7 21 14 57 28195.50000 41.19000000 1769.76000 115.22000 17.00000 92.16200
12 7 21 14 58 28195.40000 41.19000000 1769.98000 115.22000 17.00000 92.16200
12 7 21 14 58 28195.40000 41.19000000 1769.98000 115.22000 17.00000 92.16200
12 7 21 14 59 28193.30000 41.19000000 1769.98000 115.22000 17.00000 92.16200
12 7 21 14 59 28183.00000 41.16700000 1768.50000 115.22000 17.00000 92.16200
12 7 21 14 59 28183.00000 41.16700000 1769.01000 115.22000 17.00000 92.16200
12 7 21 15 00 28183.00000 41.16700000 1768.73000 115.23000 17.00000 92.16200
12 7 21 15 00 28183.00000 41.16700000 1768.51000 115.23000 17.00000 92.25000
12 7 21 15 01 28178.20000 41.16700000 1768.51000 115.23000 17.00000 92.25000
12 7 21 15 01 28178.20000 41.16700000 1768.51000 115.23000 17.00000 92.25000
12 7 21 15 02 28165.30000 41.16700000 1763.72000 115.23000 17.00000 92.25000
12 7 21 15 02 28158.60000 41.16700000 1763.94000 115.14000 17.00000 92.25000
12 7 21 15 02 28143.40000 41.08500000 1760.02000 114.95000 17.00000 92.25000
12 7 21 15 03 28143.40000 41.08500000 1757.86000 114.86000 17.00000 92.25000
12 7 21 15 03 28134.80000 41.00000000 1759.43000 114.86000 17.00000 92.25000
12 7 21 15 04 28143.30000 41.00000000 1759.92000 114.86000 17.00000 92.25000
12 7 21 15 04 28145.60000 41.00000000 1760.67000 114.91000 17.00000 92.25000
12 7 21 15 05 28156.40000 41.00000000 1761.82000 114.91000 17.00000 92.25000
12 7 21 15 05 28161.80000 41.00000000 1761.18000 114.91000 17.00000 92.25000
12 7 21 15 05 28160.10000 41.00000000 1761.22000 114.91000 17.00000 92.25000
12 7 21 15 06 28162.90000 41.00000000 1762.03000 114.91000 17.00000 92.25000
12 7 21 15 06 28165.00000 41.00000000 1762.93000 115.07000 17.00000 92.25000
12 7 21 15 07 28191.30000 41.00000000 1763.02000 115.07000 17.00000 92.25000
12 7 21 15 07 28193.20000 41.00000000 1763.81000 115.07000 17.00000 92.25000
12 7 21 15 08 28198.50000 41.00000000 1765.59000 115.07000 17.00000 92.25000
12 7 21 15 08 28201.20000 41.00000000 1765.59000 115.44000 17.00000 92.25000
12 7 21 15 08 28198.80000 41.00000000 1764.31000 115.44000 17.00000 92.25000
12 7 21 15 09 28193.50000 41.00000000 1764.16000 115.44000 17.00000 92.25000
12 7 21 15 09 28198.70000 41.00000000 1765.29000 115.44000 17.00000 92.25000
12 7 21 15 10 28201.20000 41.00000000 1765.14000 115.57000 17.00000 92.25000
12 7 21 15 10 28198.70000 41.07300000 1764.91000 115.57000 17.00000 92.25000
12 7 21 15 11 28181.10000 41.07300000 1763.09000 115.57000 17.00000 92.25000
12 7 21 15 11 28166.50000 41.02700000 1761.53000 115.45000 17.00000 92.25000
12 7 21 15 12 28167.20000 41.02700000 1763.13000 115.53000 17.00000 92.25000
12 7 21 15 12 28188.90000 41.02700000 1764.69000 115.53000 17.00000 92.25000
12 7 21 15 12 28201.20000 41.02700000 1765.14000 116.56000 17.00000 92.25000
12 7 21 15 13 28186.70000 41.02700000 1765.14000 116.92000 17.00000 92.25000
12 7 21 15 13 28200.80000 41.02700000 1765.11000 116.92000 17.00000 92.25000
12 7 21 15 14 28195.10000 41.02700000 1764.75000 116.84000 17.00000 92.25000
12 7 21 15 14 28200.80000 41.02700000 1765.65000 117.00000 17.00000 92.36900
12 7 21 15 15 28201.00000 41.02700000 1766.13000 117.17000 17.00000 92.70000
12 7 21 15 15 28201.00000 41.02700000 1766.13000 117.41000 17.00000 92.70000
12 7 21 15 15 28201.00000 41.04400000 1766.13000 117.40000 17.00000 92.70000
12 7 21 15 16 28194.80000 41.04400000 1765.26000 117.51000 17.00000 92.70000
12 7 21 15 16 28200.90000 41.04400000 1765.26000 117.55000 17.00000 92.70000
12 7 21 15 17 28201.00000 41.04400000 1765.30000 117.55000 17.00000 92.70000
12 7 21 15 17 28198.10000 41.04400000 1765.91000 117.55000 17.00000 92.70000
12 7 21 15 18 28201.00000 41.04400000 1765.91000 117.75000 17.00000 92.70000
12 7 21 15 18 28201.00000 41.04400000 1767.02000 117.74000 17.00000 92.70000
12 7 21 15 18 28201.00000 41.04400000 1767.95000 117.74000 17.00000 92.70000
12 7 21 15 19 28209.70000 41.04400000 1768.68000 117.65000 17.00000 92.70000
12 7 21 15 19 28206.90000 41.04400000 1768.70000 117.57000 17.00000 92.70000
12 7 21 15 20 28211.60000 41.04400000 1768.35000 117.45000 17.00000 92.70000
12 7 21 15 20 28211.50000 41.04400000 1769.83000 117.45000 17.00000 92.70000
12 7 21 15 21 28212.70000 41.04400000 1770.29000 117.59000 17.00000 92.70000
12 7 21 15 21 28212.10000 41.13500000 1768.81000 117.59000 17.00000 92.70000
12 7 21 15 21 28214.70000 41.13500000 1769.83000 117.31000 17.00000 92.70000
12 7 21 15 22 28214.90000 41.13500000 1769.34000 117.31000 17.00000 92.70000
12 7 21 15 22 28211.60000 41.13500000 1768.01000 117.18000 17.00000 92.70000
12 7 21 15 23 28211.80000 41.13500000 1768.01000 117.18000 17.00000 92.90700
12 7 21 15 23 28186.10000 41.13500000 1766.79000 116.84000 17.00000 92.90700
12 7 21 15 24 28189.60000 41.13500000 1766.79000 116.82000 17.00000 92.90700
12 7 21 15 24 28190.00000 41.13500000 1766.79000 116.82000 17.00000 92.90700
12 7 21 15 25 28186.30000 41.13500000 1765.41000 116.82000 17.00000 92.90700
12 7 21 15 25 28186.50000 41.13500000 1765.38000 116.99000 17.00000 92.90700
12 7 21 15 25 28196.70000 41.13500000 1765.38000 116.99000 17.00000 92.90700
12 7 21 15 26 28188.30000 41.13500000 1765.38000 116.91000 17.00000 92.90700
12 7 21 15 26 28190.00000 41.13500000 1765.38000 116.91000 17.00000 92.90700
12 7 21 15 27 28189.90000 41.13500000 1765.14000 116.91000 17.00000 92.90700
12 7 21 15 27 28190.00000 41.13500000 1765.68000 116.91000 17.00000 92.90700
12 7 21 15 28 28189.90000 41.13500000 1767.17000 116.91000 17.00000 92.90700
12 7 21 15 28 28190.00000 41.13500000 1767.17000 116.91000 17.00000 92.90700
12 7 21 15 28 28213.00000 41.13500000 1767.74000 116.91000 17.00000 92.90700
12 7 21 15 29 28213.00000 41.13500000 1767.75000 116.91000 17.00000 92.90700
12 7 21 15 29 28237.50000 41.13500000 1767.75000 116.91000 17.00000 92.90700
12 7 21 15 30 28230.20000 41.13500000 1767.84000 116.87000 17.00000 92.90700
12 7 21 15 30 28216.60000 41.13500000 1767.59000 116.87000 17.00000 92.90700
12 7 21 15 31 28245.80000 41.13500000 1770.08000 116.94000 17.00000 92.90700
12 7 21 15 31 28251.80000 41.22200000 1770.23000 117.14000 17.00000 92.90700
12 7 21 15 31 28252.70000 41.22200000 1769.18000 117.14000 17.00000 92.90700
12 7 21 15 32 28248.00000 41.22200000 1769.18000 117.14000 17.00000 92.90700
12 7 21 15 32 28252.00000 41.22200000 1770.38000 117.29000 17.00000 92.90700
12 7 21 15 33 28248.10000 41.22200000 1770.39000 117.29000 17.00000 92.90700
12 7 21 15 33 28252.40000 41.22200000 1770.61000 117.29000 17.00000 92.90700
12 7 21 15 34 28248.00000 41.22200000 1770.08000 117.51000 17.00000 92.90700
12 7 21 15 34 28248.00000 41.22200000 1770.08000 117.51000 17.00000 92.90700
12 7 21 15 34 28252.00000 41.22200000 1770.62000 117.56000 17.00000 92.90700
12 7 21 15 35 28248.00000 41.22200000 1771.01000 117.42000 17.00000 92.90700
12 7 21 15 35 28223.20000 41.22200000 1771.01000 117.42000 17.00000 92.90700
12 7 21 15 36 28234.90000 41.22200000 1770.61000 117.42000 17.00000 92.90700
12 7 21 15 36 28226.70000 41.22200000 1770.25000 117.30000 17.00000 92.90700
12 7 21 15 37 28225.20000 41.22200000 1770.25000 117.30000 17.00000 92.90700
12 7 21 15 37 28225.30000 41.22200000 1769.42000 117.30000 17.00000 92.90700
