M=[
25 8 20 16 22 9698.90000 5.61500000 327.69000 50.25000 19.43300 63.38000
25 8 20 16 23 9699.00000 5.61500000 327.34000 50.25000 19.43300 63.36400
25 8 20 16 23 9699.00000 5.61500000 327.31000 50.24000 19.43300 63.36400
25 8 20 16 24 9699.00000 5.61500000 327.31000 50.24000 19.43300 63.51000
25 8 20 16 25 9699.00000 5.61500000 327.22000 50.18000 19.43300 63.51000
25 8 20 16 25 9699.00000 5.61500000 327.23000 50.23000 19.43300 63.62000
25 8 20 16 26 9713.10000 5.61500000 327.70000 50.23000 19.43300 63.62000
25 8 20 16 26 9711.40000 5.61500000 327.96000 50.31000 19.49200 63.78000
25 8 20 16 27 9713.20000 5.61500000 327.69000 50.33000 19.51000 63.80000
25 8 20 16 28 9709.50000 5.61500000 327.71000 50.33000 19.52800 63.80000
25 8 20 16 28 9707.10000 5.61500000 327.42000 50.29000 19.52800 63.80000
25 8 20 16 29 9710.90000 5.61500000 327.54000 50.29000 19.58000 63.67000
25 8 20 16 29 9709.30000 5.61500000 327.35000 50.31000 19.60400 63.67000
25 8 20 16 30 9714.80000 5.61500000 327.57000 50.32000 19.60400 63.67000
25 8 20 16 31 9710.20000 5.61500000 327.62000 50.32000 19.60400 63.67000
25 8 20 16 31 9711.60000 5.64200000 327.40000 50.32000 19.65600 63.67000
25 8 20 16 32 9711.70000 5.64200000 327.46000 50.32000 19.65600 63.67000
25 8 20 16 32 9715.30000 5.64200000 327.63000 50.32000 19.65600 63.67000
25 8 20 16 33 9715.30000 5.64200000 327.39000 50.32000 19.65600 63.67000
25 8 20 16 33 9715.50000 5.63600000 327.22000 50.32000 19.65600 63.67000
25 8 20 16 34 9715.20000 5.63600000 327.01000 50.32000 19.65600 63.67000
25 8 20 16 34 9711.60000 5.63600000 326.93000 50.32000 19.65600 63.67000
25 8 20 16 35 9706.90000 5.63600000 325.80000 50.15000 19.65600 63.26200
25 8 20 16 36 9704.70000 5.63600000 325.64000 50.15000 19.65600 63.26200
25 8 20 16 37 9700.00000 5.62000000 325.50000 50.02000 19.65600 63.26200
25 8 20 16 37 9698.80000 5.62000000 325.28000 50.02000 19.65600 63.00000
25 8 20 16 38 9698.00000 5.62000000 325.40000 50.02000 19.65600 63.18700
25 8 20 16 38 9698.00000 5.62000000 325.36000 50.02000 19.57300 63.18700
25 8 20 16 39 9696.60000 5.62000000 325.18000 50.02000 19.57300 63.00000
25 8 20 16 39 9695.50000 5.62000000 325.11000 50.02000 19.57300 63.00000
25 8 20 16 40 9695.50000 5.62000000 325.03000 50.02000 19.57300 63.00000
25 8 20 16 40 9689.90000 5.62000000 324.34000 50.02000 19.57300 62.88000
25 8 20 16 41 9686.10000 5.62000000 324.32000 49.94000 19.57300 62.88000
25 8 20 16 42 9683.60000 5.62000000 324.56000 49.94000 19.54800 62.78000
25 8 20 16 42 9681.20000 5.62000000 324.35000 49.94000 19.54800 62.78000
25 8 20 16 43 9681.20000 5.62000000 324.48000 49.94000 19.40300 62.78000
25 8 20 16 43 9676.30000 5.62000000 324.47000 49.85000 19.35300 62.78000
25 8 20 16 44 9675.90000 5.62000000 324.37000 49.88000 19.35300 62.78000
25 8 20 16 45 9675.80000 5.62000000 324.61000 49.81000 19.35300 62.78000
25 8 20 16 45 9675.90000 5.62000000 324.53000 49.81000 19.35300 62.78000
25 8 20 16 46 9675.90000 5.62000000 324.44000 49.81000 19.35300 62.78000
25 8 20 16 46 9675.90000 5.62000000 324.57000 49.81000 19.35300 62.78000
25 8 20 16 47 9682.00000 5.62000000 324.69000 49.81000 19.37300 62.78000
25 8 20 16 48 9675.80000 5.62000000 324.49000 49.81000 19.37300 62.78000
25 8 20 16 48 9672.00000 5.62000000 324.44000 49.74000 19.37300 62.78000
25 8 20 16 49 9666.10000 5.62000000 323.72000 49.62000 19.17300 62.41900
25 8 20 16 50 9669.90000 5.62000000 323.72000 49.62000 19.26900 62.43700
25 8 20 16 51 9674.30000 5.62000000 324.31000 49.62000 19.25700 62.43700
25 8 20 16 52 9668.60000 5.62000000 323.73000 49.82000 19.24600 62.43700
25 8 20 16 52 9667.70000 5.62000000 323.39000 49.61000 19.21700 62.42000
25 8 20 16 53 9663.90000 5.62000000 323.46000 49.54000 19.21700 62.42000
25 8 20 16 54 9663.90000 5.59900000 323.31000 49.45000 19.23800 62.33000
25 8 20 16 55 9660.10000 5.59900000 323.37000 49.47000 19.16000 62.20000
25 8 20 16 56 9654.30000 5.58000000 322.27000 49.18000 19.19900 62.05900
25 8 20 16 58 9604.90000 5.45000000 317.43000 48.67000 19.03000 61.46000
25 8 20 16 59 9620.10000 5.46100000 318.55000 48.84000 19.03000 62.05400
25 8 20 17 00 9615.20000 5.46100000 317.84000 48.83000 19.17000 62.05400
25 8 20 17 02 9632.60000 5.46100000 319.22000 49.02000 19.13500 62.20700
25 8 20 17 04 9612.80000 5.49400000 316.78000 48.90000 19.13500 62.00000
25 8 20 17 05 9609.40000 5.47600000 316.83000 48.99000 19.15600 62.00000
25 8 20 17 06 9589.80000 5.47600000 316.27000 48.80000 19.08400 61.53800
25 8 20 17 07 9582.40000 5.47600000 315.94000 48.76000 19.11000 61.67000
25 8 20 17 09 9582.00000 5.46000000 316.60000 48.53000 19.00000 61.39100
25 8 20 17 09 9573.90000 5.46000000 316.05000 48.70000 19.00000 61.26000
25 8 20 17 10 9568.20000 5.45000000 316.27000 48.69000 19.00000 61.12000
25 8 20 17 11 9560.90000 5.45000000 316.42000 48.54000 19.03800 61.13400
25 8 20 17 12 9560.90000 5.45000000 316.21000 48.45000 19.00000 61.14100
25 8 20 17 12 9565.20000 5.45000000 316.80000 48.50000 19.00100 61.16200
25 8 20 17 13 9566.70000 5.45000000 317.02000 48.40000 19.00100 61.16200
25 8 20 17 14 9570.50000 5.45000000 317.22000 48.48000 19.03700 61.45700
25 8 20 17 15 9578.80000 5.45000000 316.80000 48.45000 19.03800 61.64100
25 8 20 17 16 9585.00000 5.48400000 317.56000 48.59000 19.03800 61.94400
25 8 20 17 17 9584.80000 5.48600000 317.64000 48.54000 19.03800 61.92900
25 8 20 17 17 9579.00000 5.48400000 317.01000 48.54000 19.03700 61.88800
25 8 20 17 18 9578.30000 5.47500000 317.08000 48.45000 19.03700 61.56600
25 8 20 17 19 9584.80000 5.47500000 317.21000 48.49000 19.00000 61.99000
25 8 20 17 20 9578.40000 5.47500000 317.09000 48.31000 18.85000 61.58600
25 8 20 17 21 9586.00000 5.47500000 317.65000 48.49000 18.95900 61.64900
25 8 20 17 21 9589.80000 5.46200000 318.02000 48.42000 18.93600 61.80000
25 8 20 17 22 9586.00000 5.46200000 317.84000 48.40000 18.89400 61.80000
25 8 20 17 23 9578.40000 5.46200000 317.95000 48.40000 18.89400 61.80000
25 8 20 17 23 9577.70000 5.46200000 317.26000 48.40000 18.89400 61.80000
25 8 20 17 24 9576.80000 5.47400000 317.26000 48.31000 18.89400 61.80000
25 8 20 17 25 9578.20000 5.47400000 317.25000 48.43000 18.89400 61.80000
25 8 20 17 25 9572.20000 5.47400000 316.77000 48.37000 18.89400 61.56800
25 8 20 17 26 9568.70000 5.47400000 316.38000 48.32000 18.68700 61.42000
25 8 20 17 26 9571.30000 5.47300000 316.42000 48.44000 18.33400 61.42000
25 8 20 17 27 9568.50000 5.47300000 316.07000 48.43000 18.61000 61.42000
25 8 20 17 28 9567.20000 5.47300000 315.55000 48.36000 18.55300 61.20100
25 8 20 17 29 9578.60000 5.45000000 316.57000 48.40000 18.50000 61.40200
25 8 20 17 30 9589.80000 5.45000000 317.00000 48.59000 18.47900 61.50200
25 8 20 17 31 9596.90000 5.45300000 317.38000 48.60000 18.45900 61.65500
25 8 20 17 31 9596.80000 5.46100000 317.54000 48.60000 18.50400 61.65500
25 8 20 17 32 9600.00000 5.49500000 317.67000 48.67000 18.50400 61.56900
25 8 20 17 33 9601.90000 5.51800000 317.95000 48.62000 18.56700 61.58200
25 8 20 17 34 9600.80000 5.51700000 318.07000 48.75000 18.56700 61.58400
25 8 20 17 35 9600.20000 5.51700000 317.92000 48.84000 18.55000 61.59900
25 8 20 17 35 9601.30000 5.51700000 318.13000 48.75000 18.91900 61.64300
25 8 20 17 36 9600.20000 5.49900000 317.42000 48.75000 18.57500 61.56600
25 8 20 17 37 9582.90000 5.49900000 317.14000 48.67000 18.50000 61.52300
25 8 20 17 38 9572.00000 5.49900000 316.74000 48.55000 18.50000 61.51000
25 8 20 17 39 9570.10000 5.49900000 316.73000 48.55000 18.61900 61.51000
25 8 20 17 39 9570.10000 5.49900000 316.71000 48.49000 18.61900 61.51000
25 8 20 17 40 9570.10000 5.49900000 316.51000 48.49000 18.61900 61.51000
25 8 20 17 41 9565.20000 5.49900000 316.12000 48.49000 18.61900 61.21000
25 8 20 17 41 9560.40000 5.49900000 316.48000 48.46000 18.61900 61.17900
25 8 20 17 42 9560.40000 5.49900000 316.19000 48.46000 18.40300 61.23800
25 8 20 17 43 9553.70000 5.49900000 315.42000 48.35000 18.40300 61.00000
25 8 20 17 44 9553.50000 5.49900000 316.16000 48.41000 18.40300 61.00000
