M=[
17 3 21 01 01 47508.80000 10.35500000 1499.05000 167.98000 25.38800 114.73100
17 3 21 01 02 47429.50000 10.35500000 1497.66000 167.58000 25.38800 114.73100
17 3 21 01 02 47406.50000 10.34100000 1497.98000 167.71000 25.58300 115.35600
17 3 21 01 03 47424.70000 10.34100000 1498.39000 167.71000 25.57900 115.35600
17 3 21 01 03 47435.60000 10.34100000 1499.23000 167.71000 25.57900 115.40400
17 3 21 01 03 47493.30000 10.34100000 1499.70000 167.71000 25.57900 115.40400
17 3 21 01 04 47482.30000 10.34100000 1499.70000 167.81000 25.57900 115.40400
17 3 21 01 04 47492.40000 10.34100000 1499.32000 167.80000 25.57900 115.40400
17 3 21 01 05 47474.00000 10.34100000 1498.99000 167.80000 25.57900 115.40400
17 3 21 01 05 47475.80000 10.34100000 1499.09000 167.80000 25.57900 115.40400
17 3 21 01 06 47440.30000 10.34100000 1499.01000 167.80000 25.57900 115.40400
17 3 21 01 06 47493.30000 10.34100000 1499.95000 168.05000 25.57900 115.40400
17 3 21 01 06 47499.90000 10.34100000 1500.48000 167.92000 25.57900 115.40400
17 3 21 01 07 47499.80000 10.34100000 1500.48000 167.92000 25.57900 115.40400
17 3 21 01 07 47521.80000 10.34100000 1500.48000 167.92000 25.57900 115.40400
17 3 21 01 08 47495.60000 10.34100000 1500.48000 167.92000 25.57900 115.40400
17 3 21 01 08 47532.60000 10.34100000 1500.97000 168.00000 25.57900 115.40400
17 3 21 01 09 47514.00000 10.34800000 1500.98000 167.93000 25.57900 115.40400
17 3 21 01 09 47514.00000 10.34800000 1501.72000 167.93000 25.57900 115.40400
17 3 21 01 09 47525.90000 10.34800000 1500.53000 167.93000 25.57900 115.40400
17 3 21 01 10 47513.90000 10.34800000 1500.34000 167.91000 25.57900 115.40400
17 3 21 01 10 47500.00000 10.34800000 1500.34000 167.91000 25.57900 115.40400
17 3 21 01 11 47500.00000 10.34800000 1500.18000 167.91000 25.57900 115.40400
17 3 21 01 11 47545.50000 10.34800000 1501.72000 167.91000 25.57900 115.40400
17 3 21 01 12 47519.30000 10.34800000 1501.72000 167.91000 25.49700 115.40400
17 3 21 01 12 47521.10000 10.34800000 1501.72000 167.91000 25.49700 115.40400
17 3 21 01 12 47513.70000 10.34800000 1501.72000 168.05000 25.49700 115.40400
17 3 21 01 13 47505.70000 10.34800000 1501.72000 168.05000 25.49700 115.40400
17 3 21 01 13 47495.20000 10.34800000 1501.85000 168.05000 25.49700 115.40400
17 3 21 01 14 47467.20000 10.34800000 1501.85000 168.05000 25.49700 115.40400
17 3 21 01 14 47450.90000 10.34800000 1501.87000 168.05000 25.49700 115.40400
17 3 21 01 15 47472.00000 10.34800000 1501.20000 168.05000 25.49700 115.40400
17 3 21 01 15 47452.20000 10.34800000 1501.20000 167.92000 25.49700 115.40400
17 3 21 01 15 47405.20000 10.34800000 1497.77000 167.91000 25.49700 115.40400
17 3 21 01 16 47399.70000 10.34800000 1497.77000 167.91000 25.49700 115.40400
17 3 21 01 16 47393.70000 10.34800000 1497.26000 167.91000 25.49700 115.40400
17 3 21 01 17 47387.40000 10.34800000 1497.26000 167.83000 25.49700 115.40400
17 3 21 01 17 47434.20000 10.34800000 1497.40000 167.83000 25.49700 115.40400
17 3 21 01 17 47388.40000 10.34800000 1498.52000 167.81000 25.49700 115.40400
17 3 21 01 18 47418.10000 10.34800000 1498.52000 167.81000 25.49700 115.40400
17 3 21 01 18 47360.80000 10.34800000 1498.32000 167.77000 25.49700 115.40400
17 3 21 01 19 47255.50000 10.34800000 1495.65000 167.60000 25.49700 115.40400
17 3 21 01 19 47225.40000 10.34800000 1495.00000 167.60000 25.49700 115.40400
17 3 21 01 20 47270.90000 10.34800000 1495.49000 167.60000 25.49700 114.95100
17 3 21 01 20 47309.50000 10.34800000 1495.49000 167.60000 25.49700 114.95100
17 3 21 01 20 47305.10000 10.34800000 1497.81000 167.60000 25.49700 114.95100
17 3 21 01 21 47300.00000 10.34800000 1497.81000 167.60000 25.49700 114.95100
17 3 21 01 21 47300.00000 10.34800000 1498.15000 167.89000 25.49700 114.95100
17 3 21 01 22 47321.10000 10.34800000 1498.15000 167.89000 25.49700 114.95100
17 3 21 01 22 47348.50000 10.34800000 1498.15000 168.00000 25.49700 114.95100
17 3 21 01 23 47348.50000 10.34800000 1500.00000 168.00000 25.49700 114.95100
17 3 21 01 23 47348.50000 10.34800000 1500.00000 168.00000 25.49700 114.95100
17 3 21 01 23 47331.80000 10.34800000 1500.00000 167.90000 25.49700 114.95100
17 3 21 01 24 47341.70000 10.34800000 1499.69000 167.90000 25.49700 114.95100
17 3 21 01 24 47360.70000 10.38400000 1499.97000 167.90000 25.49700 114.95100
17 3 21 01 25 47392.30000 10.38400000 1499.97000 167.90000 25.49700 114.95100
17 3 21 01 25 47401.10000 10.38400000 1499.97000 167.90000 25.49700 114.95100
17 3 21 01 26 47402.00000 10.38400000 1499.97000 167.92000 25.49700 114.95100
17 3 21 01 26 47502.80000 10.38400000 1501.58000 168.14000 25.49700 114.95100
17 3 21 01 26 47527.90000 10.38400000 1502.98000 168.33000 25.49700 114.95100
17 3 21 01 27 47522.20000 10.38400000 1503.46000 168.35000 25.49700 114.95100
17 3 21 01 27 47491.40000 10.38400000 1503.46000 168.35000 25.49700 114.95100
17 3 21 01 28 47519.90000 10.38400000 1503.46000 168.24000 25.49700 114.95100
17 3 21 01 28 47500.10000 10.38400000 1503.46000 168.24000 25.49700 114.95100
17 3 21 01 29 47500.00000 10.38400000 1502.64000 168.47000 25.49700 114.95100
17 3 21 01 29 47518.70000 10.38400000 1502.97000 168.89000 25.49700 114.95100
17 3 21 01 29 47518.60000 10.38400000 1502.97000 168.89000 25.49700 114.95100
17 3 21 01 30 47489.10000 10.38400000 1502.95000 168.89000 25.49700 114.95100
17 3 21 01 30 47484.10000 10.38400000 1503.00000 168.89000 25.49700 114.95100
17 3 21 01 31 47440.00000 10.38400000 1503.00000 168.91000 25.49700 114.95100
17 3 21 01 31 47440.00000 10.38400000 1502.37000 168.91000 25.49700 114.95100
17 3 21 01 32 47431.10000 10.38400000 1502.37000 168.91000 25.49700 114.95100
17 3 21 01 32 47431.10000 10.38400000 1502.18000 168.62000 25.49700 115.90600
17 3 21 01 32 47431.20000 10.38400000 1502.18000 168.53000 25.49700 115.90600
17 3 21 01 33 47453.60000 10.38400000 1502.18000 168.53000 25.49700 115.90600
17 3 21 01 33 47433.40000 10.38400000 1501.50000 168.53000 25.49700 115.90600
17 3 21 01 34 47428.00000 10.38400000 1501.50000 168.53000 25.40000 115.90600
17 3 21 01 34 47428.10000 10.38400000 1501.50000 168.53000 25.40000 115.90600
17 3 21 01 35 47428.00000 10.38400000 1501.50000 168.94000 25.40000 115.90600
17 3 21 01 35 47428.00000 10.38400000 1501.50000 168.94000 25.40000 115.90600
17 3 21 01 35 47447.20000 10.38400000 1501.70000 169.07000 25.40000 115.90600
17 3 21 01 36 47447.20000 10.38400000 1502.33000 169.07000 25.40000 115.90600
17 3 21 01 36 47450.40000 10.38400000 1502.33000 169.07000 25.40000 115.90600
17 3 21 01 37 47450.50000 10.38400000 1502.33000 169.07000 25.40000 115.75000
17 3 21 01 37 47450.50000 10.38400000 1502.33000 169.07000 25.40000 115.75000
17 3 21 01 38 47450.50000 10.38400000 1501.91000 169.07000 25.40000 115.75000
17 3 21 01 38 47450.40000 10.38400000 1501.91000 169.07000 25.40000 115.75000
17 3 21 01 38 47386.40000 10.38400000 1501.90000 169.12000 25.40000 115.75000
17 3 21 01 39 47379.30000 10.38400000 1499.00000 169.12000 25.40000 115.75000
17 3 21 01 39 47344.70000 10.38400000 1498.01000 168.77000 25.40000 115.75000
17 3 21 01 40 47365.40000 10.38400000 1499.08000 168.77000 25.40000 115.75000
17 3 21 01 40 47336.70000 10.38400000 1498.66000 168.77000 25.40000 115.75000
17 3 21 01 41 47331.00000 10.38400000 1498.66000 168.77000 25.40000 115.75000
17 3 21 01 41 47333.80000 10.38400000 1498.66000 168.72000 25.40000 115.75000
17 3 21 01 41 47333.80000 10.38400000 1498.66000 168.72000 25.40000 115.75000
17 3 21 01 42 47338.80000 10.38400000 1500.00000 168.82000 25.40000 115.75000
17 3 21 01 42 47338.80000 10.40400000 1500.00000 168.82000 25.40000 115.75000
17 3 21 01 43 47333.80000 10.40400000 1498.80000 168.82000 25.40000 115.75000
17 3 21 01 43 47315.70000 10.40400000 1498.80000 168.83000 25.40000 115.75000
17 3 21 01 44 47315.60000 10.40400000 1499.70000 168.83000 25.40000 115.75000
17 3 21 01 44 47315.70000 10.40400000 1499.84000 168.83000 25.40000 115.75000
17 3 21 01 44 47315.70000 10.40400000 1499.84000 168.83000 25.40000 115.75000
