M=[
21 5 20 08 15 8637.80000 5.86000000 191.07000 40.17000 11.60200 43.19400
21 5 20 08 16 8639.50000 5.86000000 191.07000 40.17000 11.60200 43.19400
21 5 20 08 16 8639.60000 5.86000000 191.07000 40.17000 11.60200 43.19400
21 5 20 08 17 8618.10000 5.86000000 191.07000 40.17000 11.60200 43.19400
21 5 20 08 18 8573.90000 5.85000000 190.11000 39.98000 11.60200 43.07500
21 5 20 08 18 8562.90000 5.83300000 189.79000 39.93000 11.60000 43.00000
21 5 20 08 19 8564.50000 5.83300000 189.45000 39.95000 11.60000 43.00000
21 5 20 08 20 8587.20000 5.83300000 189.50000 39.98000 11.60000 43.00000
21 5 20 08 20 8586.30000 5.83400000 189.79000 39.98000 11.60000 43.00000
21 5 20 08 21 8600.00000 5.83300000 189.79000 39.98000 11.60000 43.00000
21 5 20 08 21 8594.20000 5.83300000 189.80000 40.04000 11.60000 43.00000
21 5 20 08 22 8594.10000 5.83300000 189.89000 39.97000 11.60000 43.00000
21 5 20 08 22 8603.20000 5.83300000 189.78000 39.97000 11.60000 43.00000
21 5 20 08 23 8603.80000 5.83300000 189.81000 39.96000 11.60000 42.92700
21 5 20 08 23 8580.30000 5.83300000 189.77000 39.96000 11.60000 42.93800
21 5 20 08 24 8592.30000 5.83300000 189.62000 39.96000 11.60000 42.93800
21 5 20 08 25 8592.60000 5.83300000 189.78000 39.96000 11.60000 42.94900
21 5 20 08 25 8603.90000 5.83300000 189.68000 39.96000 11.60200 42.94900
21 5 20 08 26 8593.60000 5.83300000 189.68000 39.96000 11.60000 42.94900
21 5 20 08 26 8594.70000 5.83300000 189.68000 39.96000 11.60000 42.93800
21 5 20 08 26 8595.80000 5.83300000 189.68000 39.91000 11.60000 42.93800
21 5 20 08 27 8592.70000 5.83300000 189.80000 39.91000 11.60200 42.93800
21 5 20 08 28 8594.90000 5.83300000 189.79000 39.88000 11.60000 42.93800
21 5 20 08 28 8582.20000 5.83300000 189.67000 39.88000 11.60000 42.93800
21 5 20 08 29 8588.00000 5.83300000 189.75000 40.04000 11.60000 42.93800
21 5 20 08 29 8590.80000 5.83300000 189.68000 39.91000 11.60000 42.93800
21 5 20 08 30 8591.60000 5.83300000 189.59000 39.91000 11.60000 42.92600
21 5 20 08 30 8592.50000 5.83300000 189.58000 39.91000 11.60000 42.92600
21 5 20 08 31 8592.60000 5.83300000 189.64000 39.91000 11.60000 42.93800
21 5 20 08 31 8592.10000 5.83300000 189.64000 39.91000 11.60000 42.92600
21 5 20 08 32 8592.60000 5.83300000 189.65000 39.88000 11.60000 42.92600
21 5 20 08 32 8584.10000 5.83300000 189.64000 39.95000 11.60000 42.93800
21 5 20 08 33 8577.80000 5.83700000 189.57000 39.95000 11.60000 42.92600
21 5 20 08 33 8580.60000 5.83700000 189.56000 39.84000 11.60000 42.92600
21 5 20 08 34 8582.70000 5.83700000 189.56000 39.84000 11.60000 42.92600
21 5 20 08 34 8572.80000 5.83700000 189.23000 39.83000 11.60000 42.92600
21 5 20 08 35 8566.00000 5.83700000 189.14000 39.83000 11.60000 42.93800
21 5 20 08 36 8563.20000 5.83700000 189.10000 39.83000 11.60000 42.78000
21 5 20 08 36 8568.90000 5.83700000 188.93000 39.76000 11.60000 42.78300
21 5 20 08 37 8562.30000 5.83700000 189.00000 39.78000 11.60000 42.78300
21 5 20 08 37 8569.30000 5.83700000 188.99000 39.83000 11.60000 42.78300
21 5 20 08 38 8563.00000 5.83700000 189.01000 39.83000 11.60000 42.78300
21 5 20 08 38 8563.00000 5.83700000 188.94000 39.83000 11.60000 42.78300
21 5 20 08 39 8579.70000 5.83700000 189.12000 39.78000 11.60000 42.78300
21 5 20 08 39 8577.10000 5.83700000 189.03000 39.83000 11.60000 42.78300
21 5 20 08 40 8573.00000 5.83700000 188.90000 39.83000 11.60000 42.78300
21 5 20 08 40 8569.40000 5.83300000 188.90000 39.82000 11.60000 42.78300
21 5 20 08 41 8561.20000 5.83700000 188.50000 39.77000 11.60000 42.78300
21 5 20 08 41 8548.50000 5.83700000 188.49000 39.77000 11.60000 42.78300
21 5 20 08 42 8530.00000 5.81500000 188.43000 39.69000 11.60000 42.78300
21 5 20 08 43 8466.90000 5.80900000 187.56000 39.57000 11.51000 42.63000
21 5 20 08 43 8501.20000 5.77000000 187.52000 39.57000 11.51000 42.73300
21 5 20 08 44 8519.90000 5.77000000 187.69000 39.68000 11.51000 42.73300
21 5 20 08 44 8513.30000 5.77000000 187.61000 39.62000 11.58300 42.73300
21 5 20 08 45 8509.20000 5.77000000 187.61000 39.62000 11.60000 42.73300
21 5 20 08 45 8514.10000 5.77000000 187.73000 39.62000 11.58300 42.78300
21 5 20 08 46 8529.20000 5.77000000 187.77000 39.62000 11.58300 42.73300
21 5 20 08 46 8539.30000 5.77000000 188.08000 39.62000 11.58300 42.73300
21 5 20 08 47 8529.20000 5.77000000 187.98000 39.76000 11.58300 42.73300
21 5 20 08 47 8529.20000 5.77000000 188.01000 39.76000 11.58300 42.73300
21 5 20 08 48 8534.80000 5.77000000 188.19000 39.76000 11.58300 42.68500
21 5 20 08 48 8531.90000 5.80900000 188.12000 39.80000 11.58300 42.68500
21 5 20 08 49 8534.80000 5.77000000 188.12000 39.80000 11.58300 42.68500
21 5 20 08 49 8529.40000 5.79700000 188.09000 39.76000 11.58300 42.68500
21 5 20 08 50 8531.40000 5.79700000 188.10000 39.78000 11.58300 42.68500
21 5 20 08 50 8527.60000 5.82800000 188.12000 39.81000 11.58300 42.68500
21 5 20 08 51 8522.50000 5.82800000 188.10000 39.81000 11.58300 42.73300
21 5 20 08 51 8530.00000 5.82800000 188.01000 39.81000 11.58300 42.78300
21 5 20 08 52 8532.80000 5.82800000 188.24000 39.82000 11.58300 42.68500
21 5 20 08 53 8531.80000 5.82800000 188.16000 39.79000 11.58300 42.68500
21 5 20 08 53 8530.90000 5.82800000 188.18000 39.82000 11.58300 42.68500
21 5 20 08 54 8533.50000 5.82800000 188.15000 39.79000 11.58300 42.68500
21 5 20 08 54 8538.60000 5.82800000 188.15000 39.86000 11.58300 42.68500
21 5 20 08 55 8534.10000 5.82800000 188.15000 39.82000 11.58300 42.78100
21 5 20 08 55 8533.90000 5.82800000 188.24000 39.86000 11.58300 42.78100
21 5 20 08 56 8540.80000 5.82800000 188.25000 39.86000 11.60000 42.78100
21 5 20 08 56 8548.90000 5.82800000 188.25000 39.86000 11.58300 42.78100
21 5 20 08 57 8557.60000 5.82800000 188.39000 39.82000 11.58300 42.78100
21 5 20 08 57 8556.50000 5.82800000 188.30000 39.86000 11.58300 42.78100
21 5 20 08 58 8557.20000 5.82800000 188.41000 39.82000 11.58300 42.78100
21 5 20 08 58 8557.80000 5.82800000 188.49000 39.90000 11.58300 42.78100
21 5 20 08 59 8557.70000 5.82800000 188.48000 39.90000 11.58300 42.78100
21 5 20 08 59 8553.30000 5.82800000 188.39000 39.90000 11.58300 42.78100
21 5 20 09 00 8540.80000 5.82800000 188.24000 39.90000 11.58300 42.94500
21 5 20 09 00 8536.60000 5.82800000 187.89000 39.77000 11.58300 42.94500
21 5 20 09 01 8543.50000 5.82800000 188.01000 39.80000 11.58300 42.94500
21 5 20 09 01 8533.90000 5.82800000 188.11000 39.82000 11.58300 42.96900
21 5 20 09 02 8534.00000 5.82800000 188.01000 39.80000 11.58300 42.96900
21 5 20 09 02 8533.80000 5.79700000 188.01000 39.78000 11.58300 42.96900
21 5 20 09 03 8532.00000 5.82800000 188.00000 39.77000 11.58300 42.96900
21 5 20 09 03 8532.00000 5.82800000 187.97000 39.76000 11.58300 42.96900
21 5 20 09 04 8534.00000 5.82800000 187.99000 39.76000 11.58300 42.96900
21 5 20 09 04 8528.70000 5.81500000 188.00000 39.77000 11.58300 42.94500
21 5 20 09 05 8522.10000 5.81500000 187.93000 39.77000 11.58300 42.96900
21 5 20 09 05 8528.30000 5.81500000 187.97000 39.75000 11.60000 42.96900
21 5 20 09 06 8530.00000 5.82800000 187.88000 39.75000 11.58300 42.94500
21 5 20 09 06 8530.00000 5.81500000 188.05000 39.75000 11.58300 42.96900
21 5 20 09 07 8530.90000 5.81500000 188.03000 39.78000 11.58300 42.96900
21 5 20 09 07 8534.00000 5.81500000 188.04000 39.78000 11.58300 42.96800
21 5 20 09 08 8535.00000 5.81500000 188.03000 39.78000 11.58300 42.96800
21 5 20 09 08 8547.70000 5.81500000 188.05000 39.78000 11.58300 42.96800
21 5 20 09 09 8546.90000 5.81500000 188.21000 39.78000 11.58300 42.96800
21 5 20 09 09 8546.90000 5.81500000 188.42000 39.78000 11.60000 42.96800
21 5 20 09 10 8546.80000 5.81500000 188.47000 39.75000 11.58300 42.96800
21 5 20 09 11 8547.00000 5.81500000 188.47000 39.78000 11.58300 42.96800
21 5 20 09 11 8546.70000 5.81500000 188.47000 39.82000 11.58300 42.96800
21 5 20 09 12 8547.00000 5.81500000 188.47000 39.82000 11.58300 42.96800
21 5 20 09 12 8546.90000 5.81500000 188.46000 39.77000 11.58300 42.96800
21 5 20 09 13 8547.00000 5.81500000 188.41000 39.77000 11.58300 42.96800
