M=[
 8 8 20 22 13 9978.00000 5.85100000 331.26000 49.10000 17.94000 82.04400
 8 8 20 22 14 9978.00000 5.85100000 331.35000 49.10000 17.94000 82.04400
 8 8 20 22 14 9978.00000 5.85100000 331.30000 49.10000 17.94000 82.04400
 8 8 20 22 15 9978.00000 5.85100000 331.30000 49.10000 17.94000 82.04400
 8 8 20 22 15 9977.90000 5.85100000 331.30000 49.10000 17.94000 82.04400
 8 8 20 22 16 9977.90000 5.85100000 331.53000 49.10000 17.94000 82.04400
 8 8 20 22 16 9978.00000 5.85100000 331.67000 49.10000 17.94000 82.04400
 8 8 20 22 17 9978.00000 5.85100000 331.68000 49.10000 17.94000 82.04400
 8 8 20 22 17 9978.00000 5.85100000 331.68000 49.10000 17.94000 82.04400
 8 8 20 22 18 9983.50000 5.85100000 331.77000 49.10000 17.94000 82.04400
 8 8 20 22 18 9983.30000 5.85100000 331.81000 49.10000 17.94000 82.04400
 8 8 20 22 18 9983.50000 5.85100000 331.81000 49.10000 17.94000 82.04400
 8 8 20 22 19 9983.40000 5.85100000 332.00000 49.10000 17.94000 82.04400
 8 8 20 22 19 9983.80000 5.85100000 332.00000 49.10000 17.94000 82.04400
 8 8 20 22 20 9984.00000 5.85100000 332.00000 49.10000 17.94000 82.04400
 8 8 20 22 20 9984.00000 5.85100000 332.40000 49.10000 17.94000 82.04400
 8 8 20 22 21 9983.10000 5.85100000 332.41000 49.19000 17.94000 82.04400
 8 8 20 22 21 9983.00000 5.85100000 332.44000 49.23000 17.94000 82.04400
 8 8 20 22 22 9983.10000 5.85100000 332.41000 49.23000 17.94000 82.04400
 8 8 20 22 22 9978.00000 5.85100000 332.40000 49.23000 17.94000 82.04400
 8 8 20 22 23 9983.60000 5.85100000 332.41000 49.23000 17.94000 82.04400
 8 8 20 22 23 9983.70000 5.85100000 332.40000 49.23000 17.94000 82.04400
 8 8 20 22 24 9983.70000 5.85100000 332.40000 49.24000 17.94000 82.04400
 8 8 20 22 24 9984.80000 5.85100000 332.40000 49.24000 17.94000 82.04400
 8 8 20 22 25 9985.00000 5.85100000 332.40000 49.24000 17.94000 82.04400
 8 8 20 22 25 9983.90000 5.85100000 332.41000 49.24000 17.94000 82.04400
 8 8 20 22 26 9983.80000 5.85100000 332.40000 49.24000 17.94000 82.04400
 8 8 20 22 26 9983.90000 5.85100000 332.41000 49.24000 17.94000 82.04400
 8 8 20 22 26 9980.90000 5.85100000 332.40000 49.24000 17.94000 82.04400
 8 8 20 22 27 9984.30000 5.85100000 332.40000 49.24000 17.94000 82.04400
 8 8 20 22 27 9986.80000 5.85100000 332.40000 49.24000 17.94000 82.04400
 8 8 20 22 28 9989.40000 5.85100000 332.50000 49.23000 17.94000 82.09700
 8 8 20 22 28 9990.00000 5.85100000 332.50000 49.23000 17.94000 82.09700
 8 8 20 22 29 9990.00000 5.85100000 332.74000 49.22000 17.94000 82.09700
 8 8 20 22 29 9990.00000 5.85100000 332.75000 49.22000 17.94000 82.12100
 8 8 20 22 30 9990.00000 5.85100000 332.75000 49.18000 17.94000 82.12100
 8 8 20 22 30 9990.00000 5.85100000 332.83000 49.18000 17.94000 82.12100
 8 8 20 22 31 9990.00000 5.85100000 332.72000 49.18000 17.94000 82.12100
 8 8 20 22 31 9989.80000 5.85100000 332.69000 49.18000 17.94000 82.12100
 8 8 20 22 32 9975.90000 5.85100000 332.13000 49.18000 17.94000 82.12100
 8 8 20 22 32 9973.30000 5.85100000 332.12000 49.18000 17.94000 82.12100
 8 8 20 22 33 9969.90000 5.85100000 331.92000 49.18000 17.94000 82.12100
 8 8 20 22 33 9970.30000 5.85100000 331.92000 49.18000 17.94000 82.12100
 8 8 20 22 33 9974.50000 5.85100000 332.19000 49.18000 17.94000 82.12100
 8 8 20 22 34 9974.50000 5.85100000 332.22000 49.18000 17.94000 82.12100
 8 8 20 22 34 9971.90000 5.85100000 332.22000 49.18000 17.94000 82.12100
 8 8 20 22 35 9970.30000 5.85100000 332.18000 49.18000 17.94000 82.12100
 8 8 20 22 35 9974.30000 5.85100000 332.27000 49.18000 17.94000 82.12100
 8 8 20 22 36 9974.20000 5.85100000 332.23000 49.18000 17.94000 82.19900
 8 8 20 22 36 9974.30000 5.85100000 332.23000 49.18000 17.94000 82.19900
 8 8 20 22 37 9974.30000 5.85100000 332.23000 49.18000 17.94000 82.19900
 8 8 20 22 37 9975.20000 5.85100000 332.12000 49.18000 17.93900 82.19900
 8 8 20 22 38 9976.00000 5.85100000 332.19000 49.23000 17.93900 82.19900
 8 8 20 22 38 9974.40000 5.85100000 332.20000 49.18000 17.93900 82.19900
 8 8 20 22 39 9974.40000 5.85100000 332.19000 49.18000 17.93900 82.19900
 8 8 20 22 39 9969.70000 5.85100000 332.20000 49.18000 17.93900 82.19900
 8 8 20 22 40 9969.60000 5.85100000 332.20000 49.18000 17.93900 82.19900
 8 8 20 22 40 9967.30000 5.85100000 332.08000 49.18000 17.93900 82.19900
 8 8 20 22 40 9967.20000 5.87700000 332.08000 49.18000 17.93900 82.19900
 8 8 20 22 41 9963.70000 5.87700000 331.91000 49.18000 17.93900 82.19900
 8 8 20 22 41 9961.00000 5.87700000 331.46000 49.14000 17.93900 82.12200
 8 8 20 22 42 9959.00000 5.87700000 331.31000 49.14000 17.93900 82.12200
 8 8 20 22 42 9960.80000 5.87700000 331.58000 49.14000 17.93900 82.12200
 8 8 20 22 43 9960.80000 5.87700000 331.67000 49.14000 17.93900 82.19900
 8 8 20 22 43 9962.00000 5.87700000 331.67000 49.14000 17.94000 82.19900
 8 8 20 22 44 9963.10000 5.87700000 331.53000 49.14000 17.94000 82.19900
 8 8 20 22 44 9963.50000 5.87700000 331.52000 49.14000 17.94000 82.19900
 8 8 20 22 45 9964.40000 5.87700000 331.52000 49.14000 17.94000 82.19900
 8 8 20 22 45 9964.40000 5.87700000 331.57000 49.14000 17.94000 82.19900
 8 8 20 22 46 9962.00000 5.87700000 331.52000 49.14000 17.94000 82.19900
 8 8 20 22 46 9962.30000 5.87700000 331.52000 49.14000 17.94000 82.19900
 8 8 20 22 47 9962.30000 5.87700000 331.43000 49.14000 17.94000 82.19900
 8 8 20 22 47 9963.70000 5.87700000 331.37000 49.14000 17.94000 82.19900
 8 8 20 22 47 9963.70000 5.87700000 331.22000 49.14000 17.94000 82.19900
 8 8 20 22 48 9948.50000 5.86100000 330.78000 49.07000 17.94000 82.19900
 8 8 20 22 49 9951.10000 5.86100000 330.78000 49.07000 17.94000 82.19900
 8 8 20 22 49 9951.30000 5.86100000 330.87000 49.07000 17.94000 82.19900
 8 8 20 22 50 9956.20000 5.86100000 331.24000 49.07000 17.94000 82.19900
 8 8 20 22 50 9956.50000 5.86100000 330.95000 49.07000 17.94000 82.19900
 8 8 20 22 51 9958.50000 5.86100000 330.95000 49.07000 17.94000 82.19900
 8 8 20 22 51 9958.50000 5.86100000 330.87000 49.06000 17.94000 82.19900
 8 8 20 22 52 9963.70000 5.86100000 330.87000 49.06000 17.94000 82.19900
 8 8 20 22 52 9963.90000 5.86100000 331.25000 49.06000 17.94000 82.19900
 8 8 20 22 52 9963.90000 5.86100000 331.25000 49.06000 17.94000 82.19900
 8 8 20 22 53 9963.80000 5.86100000 331.40000 49.09000 17.94000 82.19900
 8 8 20 22 53 9961.20000 5.86100000 331.40000 49.10000 17.94000 82.19900
 8 8 20 22 54 9961.20000 5.86100000 331.16000 49.10000 17.94000 82.19900
 8 8 20 22 54 9961.30000 5.86100000 331.16000 49.10000 17.94000 82.19900
 8 8 20 22 55 9961.30000 5.86100000 331.46000 49.10000 17.94000 82.19900
 8 8 20 22 55 9961.30000 5.86100000 331.46000 49.10000 17.94000 82.19900
 8 8 20 22 56 9963.40000 5.86100000 331.52000 49.10000 17.94000 82.19900
 8 8 20 22 56 9964.70000 5.86100000 331.51000 49.10000 17.94000 82.19900
 8 8 20 22 57 9964.70000 5.86100000 331.51000 49.10000 17.94000 82.19900
 8 8 20 22 57 9964.70000 5.86100000 331.51000 49.10000 17.94000 82.19900
 8 8 20 22 57 9963.10000 5.86100000 331.52000 49.10000 17.94000 82.19900
 8 8 20 22 58 9967.10000 5.86100000 331.53000 49.10000 17.94000 82.19900
 8 8 20 22 58 9967.10000 5.86100000 331.57000 49.16000 17.94000 82.19900
 8 8 20 22 59 9967.20000 5.86100000 331.92000 49.16000 17.94000 82.19900
 8 8 20 22 59 9967.10000 5.86100000 331.70000 49.16000 17.94000 82.19900
 8 8 20 23 00 9967.50000 5.86100000 331.68000 49.16000 17.94000 82.19900
 8 8 20 23 00 9967.10000 5.85900000 331.64000 49.16000 17.94000 82.19900
 8 8 20 23 01 9963.80000 5.85900000 331.53000 49.16000 17.94000 82.19900
 8 8 20 23 01 9963.90000 5.85900000 331.48000 49.16000 17.94000 82.19900
 8 8 20 23 02 9963.90000 5.85900000 331.48000 49.16000 17.94000 82.19900
 8 8 20 23 02 9961.40000 5.85900000 331.16000 49.16000 17.94000 82.19900
 8 8 20 23 03 9954.20000 5.85900000 331.16000 49.16000 17.94000 82.19900
 8 8 20 23 03 9959.70000 5.85900000 331.16000 49.16000 17.94000 82.19900
 8 8 20 23 03 9965.20000 5.85900000 331.17000 49.16000 17.93500 81.80000
 8 8 20 23 04 9970.00000 5.85900000 331.82000 49.16000 17.92000 81.80000
