M=[
30 6 21 00 46 30226.30000 51.23000000 1832.57000 122.77000 17.13500 110.32300
30 6 21 00 46 30226.30000 51.56600000 1832.57000 122.77000 17.13500 110.32300
30 6 21 00 47 30224.80000 51.56600000 1832.57000 122.77000 17.13500 110.32300
30 6 21 00 47 30224.80000 51.44200000 1833.40000 122.77000 17.13500 110.32300
30 6 21 00 47 30220.70000 51.44200000 1833.40000 122.77000 17.13500 110.32300
30 6 21 00 48 30200.00000 51.44200000 1831.58000 122.77000 17.13500 110.32300
30 6 21 00 48 30200.00000 51.25400000 1831.58000 122.26000 17.13500 110.32300
30 6 21 00 49 30206.90000 51.25400000 1829.55000 122.26000 17.13500 110.32300
30 6 21 00 49 30204.60000 51.25400000 1827.64000 122.26000 17.13500 110.32300
30 6 21 00 50 30224.80000 51.25400000 1831.72000 122.26000 17.13500 110.32300
30 6 21 00 50 30243.60000 51.56600000 1831.80000 122.42000 17.13500 110.32300
30 6 21 00 50 30243.60000 51.78800000 1831.80000 122.42000 17.13500 110.32300
30 6 21 00 51 30250.00000 51.63300000 1834.47000 122.42000 17.13500 110.32300
30 6 21 00 51 30239.00000 51.63300000 1834.47000 122.42000 17.13500 110.32300
30 6 21 00 52 30239.00000 51.63800000 1834.47000 122.42000 17.13500 110.32300
30 6 21 00 52 30250.00000 51.63800000 1834.47000 122.42000 17.13500 110.32300
30 6 21 00 53 30250.00000 51.85000000 1834.47000 122.51000 17.13500 110.32300
30 6 21 00 53 30250.00000 51.85000000 1834.47000 122.51000 17.13500 110.32300
30 6 21 00 53 30275.70000 51.85000000 1834.47000 122.51000 17.13500 110.32300
30 6 21 00 54 30275.70000 51.70600000 1833.64000 122.51000 17.13500 109.04300
30 6 21 00 54 30272.70000 51.70600000 1833.64000 122.51000 17.13500 109.04300
30 6 21 00 55 30230.30000 51.70600000 1833.64000 122.51000 17.13500 109.04300
30 6 21 00 55 30230.30000 51.44500000 1833.64000 122.51000 17.13500 109.04300
30 6 21 00 56 30230.30000 51.44500000 1833.64000 122.51000 17.13500 109.04300
30 6 21 00 56 30247.70000 51.44500000 1833.64000 122.51000 17.13500 109.24800
30 6 21 00 56 30248.80000 51.44500000 1833.64000 122.51000 17.13500 109.24800
30 6 21 00 57 30223.90000 51.44500000 1830.40000 122.51000 17.13500 109.24800
30 6 21 00 57 30217.10000 51.64500000 1830.40000 122.21000 17.13500 109.05300
30 6 21 00 58 30211.10000 51.72900000 1830.91000 122.20000 17.13500 109.05300
30 6 21 00 58 30182.10000 51.72900000 1830.91000 122.20000 17.13500 109.05300
30 6 21 00 59 30182.20000 51.50400000 1828.84000 122.20000 17.13500 109.05300
30 6 21 00 59 30174.20000 51.50400000 1828.84000 122.20000 17.13500 109.05300
30 6 21 00 59 30153.80000 51.50400000 1826.11000 121.96000 17.13500 109.05300
30 6 21 01 00 30135.20000 51.50400000 1826.11000 121.92000 17.13500 109.05300
30 6 21 01 00 30135.10000 51.50400000 1826.11000 121.92000 17.13500 109.05300
30 6 21 01 01 30125.00000 51.00300000 1823.55000 121.92000 17.13500 109.05300
30 6 21 01 01 30118.90000 51.04400000 1823.45000 121.92000 17.13500 108.44300
30 6 21 01 02 30115.50000 51.04400000 1824.40000 121.92000 17.13500 108.44300
30 6 21 01 02 30115.50000 50.88600000 1821.69000 121.92000 17.13500 108.44300
30 6 21 01 02 30115.50000 50.88600000 1821.62000 121.49000 17.13500 108.41400
30 6 21 01 03 30115.70000 50.88600000 1821.50000 121.49000 17.13500 108.41400
30 6 21 01 03 30119.10000 50.84000000 1821.50000 121.75000 17.13500 108.41400
30 6 21 01 04 30119.10000 50.84000000 1824.00000 121.77000 17.13500 108.41400
30 6 21 01 04 30135.10000 50.90800000 1824.20000 121.77000 17.13500 108.41400
30 6 21 01 05 30135.10000 50.90800000 1824.20000 121.77000 17.13500 108.41400
30 6 21 01 05 30115.60000 50.73000000 1824.20000 121.35000 17.13500 108.41400
30 6 21 01 05 30117.80000 50.73000000 1822.19000 121.35000 17.13500 108.41400
30 6 21 01 06 30115.60000 50.73000000 1822.20000 121.35000 17.13500 108.41400
30 6 21 01 06 30115.50000 50.73000000 1822.20000 121.35000 17.13500 108.41400
30 6 21 01 07 30119.60000 50.73000000 1822.20000 121.30000 17.13500 108.41400
30 6 21 01 07 30119.60000 50.73000000 1820.52000 121.30000 17.13500 108.41400
30 6 21 01 08 30089.10000 50.57600000 1820.99000 121.29000 17.13500 108.41400
30 6 21 01 08 30091.30000 50.32800000 1819.42000 121.12000 17.13500 107.84700
30 6 21 01 08 30091.30000 50.30300000 1819.42000 121.12000 17.13500 107.84700
30 6 21 01 09 30109.70000 50.30300000 1819.42000 121.12000 17.13500 107.84700
30 6 21 01 09 30102.30000 50.24900000 1819.58000 121.12000 17.15300 107.84700
30 6 21 01 10 30089.80000 50.20000000 1819.58000 121.12000 17.15300 107.84700
30 6 21 01 10 30089.80000 50.20000000 1818.09000 121.04000 17.15300 107.84700
30 6 21 01 11 30089.80000 50.20000000 1818.09000 121.04000 17.15300 107.61100
30 6 21 01 11 30089.80000 50.20000000 1818.17000 121.07000 17.15300 107.61100
30 6 21 01 11 30089.80000 50.20000000 1819.92000 121.18000 17.15300 107.66300
30 6 21 01 12 30126.40000 50.20000000 1822.80000 121.46000 17.15300 107.66300
30 6 21 01 12 30126.40000 50.20000000 1822.80000 121.46000 17.15300 107.66300
30 6 21 01 13 30126.40000 50.20000000 1822.80000 121.46000 17.15300 107.66300
30 6 21 01 13 30150.80000 50.20000000 1822.80000 121.46000 17.15300 107.66300
30 6 21 01 14 30128.30000 50.52100000 1822.80000 121.46000 17.15300 107.66300
30 6 21 01 14 30117.70000 50.56900000 1822.80000 121.46000 17.15300 107.66300
30 6 21 01 14 30118.20000 50.56900000 1822.80000 121.46000 17.15300 107.66300
30 6 21 01 15 30120.00000 50.44000000 1822.80000 121.46000 17.15300 107.66300
30 6 21 01 15 30085.60000 50.44000000 1817.37000 120.88000 17.15300 107.66300
30 6 21 01 16 30075.60000 50.11700000 1817.37000 120.88000 17.15300 107.66300
30 6 21 01 16 30084.80000 50.11700000 1817.37000 120.88000 17.15300 107.66300
30 6 21 01 17 30074.10000 50.19300000 1817.37000 120.88000 17.15300 107.60900
30 6 21 01 17 30086.70000 50.17700000 1817.37000 120.88000 17.15300 107.60900
30 6 21 01 17 30086.70000 50.17700000 1814.66000 120.88000 17.15300 107.60900
30 6 21 01 18 30086.70000 50.00000000 1813.99000 120.87000 17.15300 107.60900
30 6 21 01 18 30081.60000 49.83000000 1813.99000 120.87000 17.15300 107.60900
30 6 21 01 19 30073.80000 49.83000000 1813.98000 120.87000 17.15300 107.60900
30 6 21 01 19 30073.80000 49.83000000 1811.79000 120.87000 17.15300 107.60900
30 6 21 01 20 30073.80000 49.83000000 1811.79000 120.87000 17.15300 107.60900
30 6 21 01 20 30071.10000 49.83000000 1811.79000 120.87000 17.15300 107.60900
30 6 21 01 20 30059.00000 49.66100000 1810.06000 120.87000 17.15300 107.60900
30 6 21 01 21 30056.40000 49.66100000 1810.06000 120.64000 17.15300 107.60900
30 6 21 01 21 30045.00000 49.66100000 1809.42000 120.51000 17.15300 107.34100
30 6 21 01 22 30045.00000 49.53300000 1808.72000 120.51000 17.15300 107.34100
30 6 21 01 22 30045.10000 49.53300000 1808.73000 120.51000 17.15300 107.34100
30 6 21 01 23 30058.90000 49.69100000 1808.73000 120.51000 17.15300 107.34100
30 6 21 01 23 30051.50000 49.69100000 1807.79000 120.51000 17.15300 107.34100
30 6 21 01 23 30051.50000 49.69100000 1808.73000 120.51000 17.15300 107.34100
30 6 21 01 24 30101.90000 49.69100000 1813.02000 120.51000 17.15300 107.34100
30 6 21 01 24 30070.70000 49.69100000 1813.02000 120.84000 17.15300 107.34100
30 6 21 01 25 30070.70000 49.69100000 1813.02000 120.63000 17.15300 107.34100
30 6 21 01 25 30070.40000 49.69100000 1813.02000 120.65000 17.15300 107.34100
30 6 21 01 26 30078.50000 49.69100000 1811.61000 120.65000 17.15300 107.34100
30 6 21 01 26 30078.50000 49.86500000 1811.61000 120.65000 17.15300 107.34100
30 6 21 01 26 30091.30000 49.86500000 1811.61000 120.65000 17.15300 107.34100
30 6 21 01 27 30091.30000 49.91300000 1811.61000 120.69000 17.15300 107.34100
30 6 21 01 27 30055.30000 49.91300000 1811.61000 120.69000 17.15300 107.34100
30 6 21 01 28 30055.30000 49.64000000 1809.49000 120.69000 17.15300 107.34100
30 6 21 01 28 30069.10000 49.64000000 1809.49000 120.69000 17.15300 107.34100
30 6 21 01 29 30069.20000 49.67000000 1809.49000 120.69000 17.15300 107.34100
30 6 21 01 29 30080.90000 49.67000000 1809.49000 120.68000 17.15300 107.34100
