M=[
 6 3 21 21 27 40701.00000 9.29700000 1379.22000 151.05000 25.31500 104.53600
 6 3 21 21 27 40670.80000 9.29700000 1377.99000 151.05000 25.31500 104.53600
 6 3 21 21 28 40692.10000 9.29700000 1379.27000 151.04000 25.31500 104.53600
 6 3 21 21 28 40677.90000 9.29700000 1378.85000 151.08000 25.31500 104.38000
 6 3 21 21 28 40672.90000 9.29700000 1378.62000 151.04000 25.31500 104.38000
 6 3 21 21 29 40713.00000 9.29700000 1378.62000 151.10000 25.31500 104.38000
 6 3 21 21 29 40712.60000 9.29700000 1378.62000 151.10000 25.31500 104.38000
 6 3 21 21 30 40781.40000 9.29700000 1381.45000 151.30000 25.31500 104.38000
 6 3 21 21 30 40793.10000 9.29700000 1382.91000 151.49000 25.31500 104.38000
 6 3 21 21 31 40800.50000 9.29700000 1385.00000 151.64000 25.31500 104.38000
 6 3 21 21 31 40828.70000 9.29700000 1386.60000 151.64000 25.31500 104.38000
 6 3 21 21 31 40819.90000 9.29700000 1385.82000 151.64000 25.31500 104.38000
 6 3 21 21 32 40772.10000 9.29700000 1384.30000 151.64000 25.31500 104.38000
 6 3 21 21 32 40846.80000 9.34500000 1387.10000 151.74000 25.31500 104.38000
 6 3 21 21 33 40843.80000 9.34500000 1386.46000 151.74000 25.31500 104.38000
 6 3 21 21 33 40839.40000 9.34500000 1386.46000 151.74000 25.31500 104.38000
 6 3 21 21 34 40825.00000 9.34500000 1386.46000 151.74000 25.31500 104.38000
 6 3 21 21 34 40838.40000 9.34500000 1387.09000 151.80000 25.31500 104.38000
 6 3 21 21 34 40787.90000 9.34500000 1385.02000 151.52000 25.31500 104.38000
 6 3 21 21 35 40783.20000 9.34500000 1384.68000 151.52000 25.31500 104.38000
 6 3 21 21 35 40814.50000 9.34500000 1384.51000 151.69000 25.31500 104.38000
 6 3 21 21 36 40842.10000 9.34500000 1381.92000 151.68000 25.31500 104.38000
 6 3 21 21 36 40836.20000 9.34500000 1383.36000 151.68000 25.31500 104.80300
 6 3 21 21 37 40844.00000 9.34500000 1384.19000 151.68000 25.31500 104.98900
 6 3 21 21 37 40813.10000 9.34400000 1382.60000 151.68000 25.31500 105.00000
 6 3 21 21 37 40792.40000 9.34400000 1381.16000 151.68000 25.31500 105.00000
 6 3 21 21 38 40842.10000 9.34200000 1381.59000 151.51000 25.31500 105.00000
 6 3 21 21 38 40827.10000 9.34200000 1379.55000 151.10000 25.31500 105.00000
 6 3 21 21 39 40849.80000 9.34200000 1381.53000 151.10000 25.62000 105.00000
 6 3 21 21 39 40830.20000 9.34200000 1378.43000 151.50000 25.62000 105.00000
 6 3 21 21 40 40811.30000 9.34200000 1376.42000 151.45000 25.62000 105.00000
 6 3 21 21 40 40833.00000 9.34200000 1375.96000 151.45000 25.62000 105.00000
 6 3 21 21 40 40832.90000 9.34200000 1376.63000 151.52000 25.62000 105.00000
 6 3 21 21 41 40826.30000 9.34200000 1376.87000 151.52000 25.62000 105.00000
 6 3 21 21 41 40834.70000 9.34200000 1379.25000 151.51000 25.62000 105.00000
 6 3 21 21 42 40855.00000 9.34200000 1380.00000 151.51000 25.62000 105.00000
 6 3 21 21 42 40880.00000 9.34200000 1381.28000 151.51000 25.62000 105.00000
 6 3 21 21 43 40880.00000 9.34200000 1381.23000 151.60000 25.62000 105.00000
 6 3 21 21 43 40880.00000 9.34200000 1381.38000 151.60000 25.62000 105.00000
 6 3 21 21 43 40899.70000 9.34200000 1382.82000 151.60000 25.62000 105.00000
 6 3 21 21 44 40890.10000 9.34200000 1381.16000 151.78000 25.62000 105.00000
 6 3 21 21 44 40883.50000 9.34200000 1381.92000 151.78000 25.62000 105.00000
 6 3 21 21 45 40898.00000 9.34200000 1382.14000 151.78000 25.62000 105.00000
 6 3 21 21 45 40894.00000 9.34200000 1382.14000 151.78000 25.62000 105.00000
 6 3 21 21 46 40897.80000 9.34200000 1381.31000 151.78000 25.62000 105.16900
 6 3 21 21 46 40900.00000 9.34200000 1379.28000 151.78000 25.62000 105.16900
 6 3 21 21 46 40885.10000 9.34200000 1377.54000 151.78000 25.62000 105.16900
 6 3 21 21 47 40818.40000 9.34200000 1377.51000 151.78000 25.62000 105.16900
 6 3 21 21 47 40843.10000 9.34200000 1378.36000 151.78000 25.62000 105.42200
 6 3 21 21 48 40843.10000 9.34200000 1379.27000 151.59000 25.62000 105.42200
 6 3 21 21 48 40824.80000 9.34200000 1378.33000 151.59000 25.62000 105.42200
 6 3 21 21 49 40834.50000 9.34200000 1378.58000 151.59000 25.62000 105.42200
 6 3 21 21 49 40799.80000 9.34200000 1377.62000 151.56000 25.62000 105.42200
 6 3 21 21 49 40785.00000 9.34200000 1376.04000 151.56000 25.62000 105.42200
 6 3 21 21 50 40785.70000 9.34200000 1377.33000 151.56000 25.62000 105.42200
 6 3 21 21 50 40774.20000 9.34200000 1376.54000 151.56000 25.62000 105.42200
 6 3 21 21 51 40795.50000 9.34200000 1377.52000 151.46000 25.62000 105.42200
 6 3 21 21 51 40795.50000 9.34200000 1377.51000 151.46000 25.62000 105.42200
 6 3 21 21 52 40796.70000 9.34200000 1377.51000 151.72000 25.62000 105.42200
 6 3 21 21 52 40746.90000 9.34200000 1377.52000 151.53000 25.62000 105.42200
 6 3 21 21 52 40806.70000 9.34200000 1378.41000 151.53000 25.62000 105.42200
 6 3 21 21 53 40827.00000 9.34200000 1378.72000 151.70000 25.62000 105.42200
 6 3 21 21 53 40882.40000 9.34200000 1380.50000 151.74000 25.62000 105.42200
 6 3 21 21 54 40880.70000 9.34200000 1380.88000 151.71000 25.62000 105.42200
 6 3 21 21 54 40849.70000 9.34200000 1380.88000 151.71000 25.62000 105.42200
 6 3 21 21 55 40801.20000 9.34200000 1378.12000 151.71000 25.62000 104.88600
 6 3 21 21 55 40811.40000 9.34200000 1377.37000 151.71000 25.62000 104.88600
 6 3 21 21 55 40811.40000 9.34200000 1377.37000 151.71000 25.62000 105.01300
 6 3 21 21 56 40800.00000 9.34200000 1378.17000 151.71000 25.62000 105.01300
 6 3 21 21 56 40800.00000 9.34200000 1379.08000 151.71000 25.62000 105.01300
 6 3 21 21 57 40803.50000 9.34200000 1378.41000 151.71000 25.62000 105.01300
 6 3 21 21 57 40803.40000 9.34200000 1378.49000 151.71000 25.62000 105.01300
 6 3 21 21 58 40803.50000 9.34200000 1378.86000 151.71000 25.62000 105.01300
 6 3 21 21 58 40807.60000 9.34200000 1378.86000 151.71000 25.62000 105.01300
 6 3 21 21 58 40807.70000 9.30600000 1378.46000 151.71000 25.62000 105.01300
 6 3 21 21 59 40814.20000 9.30600000 1378.04000 151.49000 25.62100 105.01300
 6 3 21 21 59 40803.50000 9.30600000 1378.39000 151.49000 25.62100 105.01300
 6 3 21 22 00 40829.00000 9.30600000 1379.08000 151.49000 25.62100 104.88600
 6 3 21 22 00 40860.60000 9.30600000 1382.99000 151.70000 25.62100 104.88600
 6 3 21 22 01 40878.90000 9.30600000 1383.57000 151.86000 25.62100 104.88600
 6 3 21 22 01 40880.00000 9.30600000 1383.57000 151.89000 25.62100 104.88600
 6 3 21 22 01 40842.10000 9.30600000 1381.80000 151.72000 25.62100 104.88600
 6 3 21 22 02 40830.10000 9.30600000 1380.01000 151.72000 25.62100 104.88600
 6 3 21 22 02 40831.50000 9.30600000 1380.42000 151.72000 25.62100 104.88600
 6 3 21 22 03 40826.60000 9.30600000 1381.10000 151.62000 25.62100 104.88600
 6 3 21 22 03 40818.50000 9.30600000 1381.23000 151.62000 25.62100 104.88600
 6 3 21 22 04 40807.20000 9.30600000 1381.07000 151.62000 25.62100 104.88600
 6 3 21 22 04 40800.90000 9.30600000 1380.33000 151.62000 25.62100 104.88600
 6 3 21 22 04 40811.50000 9.30600000 1380.98000 151.72000 25.62100 105.17100
 6 3 21 22 05 40835.40000 9.30600000 1382.56000 151.72000 25.62100 105.17100
 6 3 21 22 05 40849.10000 9.30600000 1382.98000 151.87000 25.62100 105.17100
 6 3 21 22 06 40850.00000 9.30600000 1385.65000 152.03000 25.62100 105.08400
 6 3 21 22 06 40885.70000 9.30600000 1387.85000 152.09000 25.62100 105.17100
 6 3 21 22 06 40885.20000 9.30600000 1387.41000 152.09000 25.62100 105.17100
 6 3 21 22 07 40899.90000 9.30600000 1386.62000 152.02000 25.62100 105.17100
 6 3 21 22 07 40864.30000 9.30600000 1383.00000 151.91000 25.62100 105.17100
 6 3 21 22 08 40830.80000 9.29600000 1383.96000 151.91000 25.62100 105.17100
 6 3 21 22 08 40830.20000 9.29600000 1383.00000 151.72000 25.62100 105.17100
 6 3 21 22 09 40830.00000 9.29600000 1383.00000 151.72000 25.62100 105.21800
 6 3 21 22 09 40830.00000 9.29600000 1383.01000 151.72000 25.62100 105.21800
 6 3 21 22 09 40830.10000 9.29600000 1383.00000 151.72000 25.62100 105.21800
 6 3 21 22 10 40830.00000 9.29600000 1381.18000 151.72000 25.62100 105.21800
 6 3 21 22 10 40830.00000 9.29600000 1380.28000 151.69000 25.79400 105.21800
