M=[
27 6 20 10 17 8159.00000 5.34100000 204.68000 38.03000 15.53700 48.50200
27 6 20 10 17 8157.00000 5.34100000 204.68000 38.03000 15.53700 48.35100
27 6 20 10 18 8155.70000 5.34100000 204.68000 38.03000 15.53700 48.50200
27 6 20 10 18 8155.00000 5.34100000 204.66000 38.03000 15.53700 48.50200
27 6 20 10 18 8154.80000 5.34100000 204.68000 38.03000 15.53700 48.50200
27 6 20 10 19 8154.80000 5.34100000 204.67000 38.03000 15.53700 48.50200
27 6 20 10 19 8155.00000 5.34100000 204.67000 38.03000 15.53700 48.40000
27 6 20 10 20 8157.00000 5.34100000 204.68000 38.03000 15.53700 48.40000
27 6 20 10 20 8155.10000 5.34100000 204.67000 38.03000 15.53700 48.40000
27 6 20 10 21 8155.10000 5.34100000 204.64000 37.98000 15.53700 48.40000
27 6 20 10 21 8155.00000 5.34100000 204.64000 37.98000 15.53700 48.40000
27 6 20 10 22 8160.60000 5.34100000 204.67000 37.98000 15.53700 48.40000
27 6 20 10 22 8161.10000 5.34100000 204.67000 37.98000 15.53700 48.40000
27 6 20 10 23 8164.20000 5.34100000 205.01000 37.98000 15.53700 48.40000
27 6 20 10 23 8165.10000 5.34100000 205.16000 37.98000 15.53700 48.40000
27 6 20 10 24 8164.40000 5.34100000 205.16000 37.98000 15.60600 48.40000
27 6 20 10 24 8166.50000 5.34100000 205.16000 37.98000 15.60600 48.40000
27 6 20 10 25 8168.60000 5.34100000 205.14000 37.98000 15.60600 48.40000
27 6 20 10 25 8168.50000 5.34100000 205.14000 37.98000 15.60600 48.40000
27 6 20 10 26 8168.60000 5.34100000 205.14000 37.98000 15.60600 48.40000
27 6 20 10 26 8168.50000 5.34100000 205.17000 37.98000 15.60600 48.40000
27 6 20 10 27 8168.50000 5.34100000 205.17000 37.98000 15.60600 48.40000
27 6 20 10 27 8169.50000 5.34100000 205.18000 37.98000 15.60600 48.40000
27 6 20 10 28 8168.70000 5.34100000 205.18000 37.98000 15.60600 48.40000
27 6 20 10 28 8169.40000 5.34100000 205.18000 37.98000 15.60600 48.40000
27 6 20 10 29 8169.90000 5.34100000 205.30000 37.98000 15.60600 48.40000
27 6 20 10 29 8169.90000 5.34100000 205.30000 37.98000 15.60600 48.40000
27 6 20 10 30 8169.90000 5.34300000 205.30000 37.98000 15.60600 48.40000
27 6 20 10 30 8169.90000 5.34100000 205.30000 37.98000 15.60600 48.40000
27 6 20 10 30 8168.70000 5.34100000 205.30000 37.98000 15.60600 48.40000
27 6 20 10 31 8168.70000 5.34100000 205.23000 37.98000 15.60600 48.40000
27 6 20 10 31 8168.70000 5.34100000 205.23000 37.98000 15.60600 48.40000
27 6 20 10 32 8168.60000 5.34100000 205.16000 38.09000 15.60600 48.55000
27 6 20 10 32 8168.60000 5.34100000 205.16000 38.09000 15.60600 48.55000
27 6 20 10 33 8168.70000 5.34100000 205.16000 38.09000 15.60600 48.55000
27 6 20 10 33 8168.70000 5.34100000 205.11000 38.09000 15.60600 48.55000
27 6 20 10 34 8168.70000 5.34100000 205.12000 38.09000 15.60600 48.55000
27 6 20 10 34 8168.70000 5.34100000 205.12000 38.09000 15.68900 48.55000
27 6 20 10 35 8168.70000 5.34100000 205.12000 38.09000 15.68900 48.55000
27 6 20 10 35 8168.70000 5.34100000 205.12000 38.09000 15.68900 48.55000
27 6 20 10 36 8168.60000 5.34100000 205.13000 38.09000 15.68900 48.55000
27 6 20 10 36 8168.60000 5.34100000 205.13000 38.09000 15.68900 48.55000
27 6 20 10 37 8168.70000 5.34100000 205.13000 38.09000 15.68900 48.55000
27 6 20 10 37 8168.70000 5.34100000 205.13000 38.09000 15.60000 48.55000
27 6 20 10 38 8170.70000 5.34100000 205.13000 38.09000 15.68900 48.55000
27 6 20 10 38 8172.70000 5.34100000 205.13000 38.09000 15.60000 48.55000
27 6 20 10 39 8175.30000 5.34100000 205.13000 38.09000 15.60000 48.55000
27 6 20 10 39 8175.30000 5.34300000 205.23000 38.09000 15.71400 48.55000
27 6 20 10 39 8179.10000 5.34100000 205.33000 38.09000 15.71400 48.55000
27 6 20 10 40 8179.00000 5.34100000 205.33000 38.09000 15.71400 48.55000
27 6 20 10 40 8179.10000 5.34100000 205.33000 38.09000 15.71400 48.55000
27 6 20 10 41 8179.20000 5.34100000 205.33000 38.15000 15.71400 48.55000
27 6 20 10 41 8179.20000 5.34100000 205.42000 38.15000 15.71400 48.55000
27 6 20 10 42 8179.40000 5.34100000 205.43000 38.15000 15.71400 48.55000
27 6 20 10 42 8179.40000 5.34100000 205.43000 38.15000 15.71300 48.55000
27 6 20 10 43 8178.60000 5.34100000 205.51000 38.15000 15.71300 48.55000
27 6 20 10 43 8177.50000 5.34100000 205.51000 38.15000 15.71400 48.55000
27 6 20 10 44 8177.40000 5.34100000 205.43000 38.11000 15.71400 48.69900
27 6 20 10 44 8177.40000 5.34100000 205.34000 38.11000 15.69800 48.69900
27 6 20 10 45 8177.40000 5.34100000 205.36000 38.13000 15.69800 48.69900
27 6 20 10 45 8177.40000 5.34100000 205.39000 38.13000 15.69800 48.69900
27 6 20 10 46 8177.40000 5.34100000 205.39000 38.13000 15.74300 48.69900
27 6 20 10 46 8177.40000 5.34100000 205.39000 38.13000 15.74200 48.69900
27 6 20 10 46 8177.40000 5.34100000 205.39000 38.13000 15.74200 48.69900
27 6 20 10 47 8177.40000 5.34100000 205.29000 38.13000 15.74200 48.68700
27 6 20 10 47 8177.40000 5.34100000 205.30000 38.13000 15.73200 48.68700
27 6 20 10 48 8171.60000 5.34100000 205.28000 38.13000 15.73200 48.68700
27 6 20 10 48 8171.90000 5.34100000 205.28000 38.13000 15.73200 48.68700
27 6 20 10 49 8171.90000 5.34100000 205.29000 38.13000 15.73200 48.68700
27 6 20 10 49 8171.90000 5.34300000 205.29000 38.11000 15.74700 48.68700
27 6 20 10 50 8171.90000 5.34100000 205.27000 38.13000 15.74700 48.68700
27 6 20 10 50 8171.90000 5.34100000 205.17000 38.11000 15.72500 48.68700
27 6 20 10 51 8171.90000 5.34100000 205.18000 38.13000 15.72500 48.68700
27 6 20 10 51 8171.90000 5.34100000 205.15000 38.13000 15.72500 48.68700
27 6 20 10 52 8171.90000 5.34100000 205.15000 38.13000 15.72500 48.68700
27 6 20 10 52 8168.70000 5.34100000 205.12000 38.13000 15.72500 48.68700
27 6 20 10 53 8168.70000 5.34100000 205.12000 38.11000 15.72500 48.68700
27 6 20 10 53 8168.70000 5.34100000 205.12000 38.13000 15.72500 48.68700
27 6 20 10 53 8168.70000 5.34100000 205.13000 38.13000 15.70700 48.68700
27 6 20 10 54 8168.70000 5.34100000 205.11000 38.13000 15.70700 48.68700
27 6 20 10 54 8168.60000 5.34100000 205.10000 38.09000 15.70700 48.68700
27 6 20 10 55 8166.80000 5.34100000 204.93000 38.09000 15.70700 48.68700
27 6 20 10 55 8164.90000 5.34300000 204.90000 38.09000 15.70700 48.68700
27 6 20 10 56 8163.50000 5.34100000 204.90000 38.09000 15.70700 48.68700
27 6 20 10 56 8163.50000 5.34100000 204.90000 38.09000 15.70700 48.68700
27 6 20 10 57 8163.40000 5.34100000 204.90000 38.09000 15.75500 48.68700
27 6 20 10 57 8161.40000 5.34100000 204.90000 38.09000 15.75500 48.68700
27 6 20 10 58 8161.40000 5.34100000 204.90000 38.09000 15.75500 48.68700
27 6 20 10 58 8160.10000 5.34100000 204.90000 38.09000 15.75500 48.68700
27 6 20 10 59 8160.00000 5.34100000 204.90000 38.09000 15.74200 48.68700
27 6 20 10 59 8160.10000 5.34100000 204.89000 38.09000 15.74200 48.68700
27 6 20 11 00 8160.00000 5.34100000 204.89000 38.09000 15.75500 48.68700
27 6 20 11 00 8158.60000 5.34100000 204.89000 38.09000 15.75500 48.68700
27 6 20 11 01 8156.70000 5.34100000 204.89000 38.09000 15.75500 48.68700
27 6 20 11 01 8152.30000 5.34100000 204.66000 37.98000 15.75500 48.68700
27 6 20 11 02 8152.20000 5.34100000 204.66000 37.98000 15.75500 48.68700
27 6 20 11 02 8152.20000 5.34100000 204.69000 37.98000 15.75500 48.68700
27 6 20 11 03 8152.30000 5.34100000 204.80000 37.98000 15.75500 48.68700
27 6 20 11 03 8152.20000 5.34100000 204.83000 37.98000 15.75500 48.68700
27 6 20 11 03 8152.20000 5.34100000 204.83000 37.98000 15.75500 48.68700
27 6 20 11 04 8152.10000 5.34100000 204.83000 37.98000 15.75500 48.68700
27 6 20 11 04 8152.20000 5.34300000 204.83000 37.98000 15.75500 48.40800
27 6 20 11 05 8152.10000 5.34100000 204.73000 37.98000 15.75500 48.40800
27 6 20 11 05 8152.00000 5.34100000 204.73000 37.98000 15.75500 48.40800
27 6 20 11 06 8151.80000 5.33100000 204.66000 37.98000 15.75500 48.40800
27 6 20 11 06 8151.90000 5.33100000 204.66000 37.98000 15.75500 48.40800
27 6 20 11 07 8152.20000 5.33100000 204.72000 37.98000 15.75500 48.40800
27 6 20 11 07 8152.20000 5.33100000 204.73000 37.98000 15.75500 48.40800
27 6 20 11 08 8152.10000 5.33100000 204.81000 37.98000 15.75500 48.40800
