M=[
12 5 21 14 34 46965.30000 90.74900000 3612.25000 309.74000 36.14900 296.20900
12 5 21 14 34 46999.70000 90.74900000 3614.63000 310.27000 36.14900 296.20900
12 5 21 14 35 47000.00000 90.99900000 3613.30000 309.77000 36.14900 296.20900
12 5 21 14 35 47000.00000 90.71700000 3612.90000 309.77000 36.14900 296.07200
12 5 21 14 35 47006.20000 90.68800000 3609.81000 309.79000 36.14900 296.07200
12 5 21 14 36 47011.10000 90.67200000 3610.08000 309.72000 36.14900 296.00100
12 5 21 14 36 46995.50000 90.41300000 3609.99000 309.78000 36.14900 296.00000
12 5 21 14 37 46995.50000 90.41300000 3610.00000 309.72000 36.14900 296.00000
12 5 21 14 37 46995.50000 90.66800000 3609.91000 309.49000 36.14900 296.00000
12 5 21 14 38 46995.50000 90.61700000 3610.13000 309.09000 36.14900 295.80400
12 5 21 14 38 46995.50000 90.60300000 3611.20000 309.20000 36.14900 295.80400
12 5 21 14 38 46995.50000 90.40600000 3611.89000 309.21000 36.14900 295.89300
12 5 21 14 39 46947.50000 90.41200000 3610.01000 309.07000 36.14900 294.82400
12 5 21 14 39 46969.70000 90.41200000 3608.96000 308.57000 36.14900 294.85100
12 5 21 14 40 46969.70000 90.31700000 3608.46000 308.82000 36.14900 294.86300
12 5 21 14 40 46943.30000 90.08400000 3601.01000 308.56000 36.14900 294.52900
12 5 21 14 41 46950.50000 90.06200000 3600.88000 308.40000 36.14900 293.98300
12 5 21 14 41 46943.30000 89.91700000 3601.16000 308.40000 36.14900 293.67700
12 5 21 14 41 46917.10000 89.98100000 3595.46000 307.81000 36.14900 293.67700
12 5 21 14 42 46917.10000 89.82700000 3592.00000 307.95000 36.17100 292.10600
12 5 21 14 42 46917.00000 89.82700000 3595.01000 308.11000 36.17100 292.15000
12 5 21 14 43 46880.80000 89.82200000 3595.01000 307.82000 36.17100 292.15000
12 5 21 14 43 46877.60000 89.81500000 3586.40000 307.30000 36.17100 292.15000
12 5 21 14 44 46877.50000 89.68900000 3585.97000 307.54000 36.17100 292.21000
12 5 21 14 44 46877.50000 89.68500000 3589.96000 307.72000 36.17100 292.21000
12 5 21 14 44 46828.60000 89.68500000 3578.79000 307.44000 36.14100 292.21000
12 5 21 14 45 46800.00000 89.41400000 3582.10000 307.43000 36.14100 292.21000
12 5 21 14 45 46780.00000 89.38600000 3586.90000 307.11000 36.17600 292.21000
12 5 21 14 46 46773.00000 89.10800000 3585.55000 306.85000 36.17600 294.98200
12 5 21 14 46 46735.90000 89.56100000 3585.74000 306.66000 36.17600 294.98200
12 5 21 14 47 46710.10000 89.56100000 3580.76000 306.30000 36.16500 294.98200
12 5 21 14 47 46653.80000 89.36500000 3581.13000 305.99000 36.16500 294.98200
12 5 21 14 47 46653.50000 89.33100000 3579.71000 305.80000 36.16500 294.98200
12 5 21 14 48 46657.20000 89.01900000 3580.00000 305.74000 36.16500 294.98200
12 5 21 14 48 46624.60000 89.01900000 3579.84000 305.74000 36.16500 295.05900
12 5 21 14 49 46612.80000 89.01900000 3579.40000 305.42000 36.16500 295.71500
12 5 21 14 49 46618.90000 89.08800000 3583.27000 305.75000 36.16500 295.43500
12 5 21 14 50 46601.10000 89.08800000 3577.45000 305.34000 36.16500 294.51600
12 5 21 14 50 46562.50000 89.08800000 3574.69000 305.06000 36.16500 293.25000
12 5 21 14 50 46568.10000 88.90700000 3571.12000 304.88000 36.16500 293.25000
12 5 21 14 51 46621.80000 88.90700000 3578.05000 304.88000 36.16500 293.91000
12 5 21 14 51 46619.20000 89.05600000 3576.09000 305.07000 36.16500 295.93400
12 5 21 14 52 46605.40000 89.27300000 3579.56000 305.31000 36.16500 296.18900
12 5 21 14 52 46566.40000 89.17000000 3572.85000 305.49000 36.16500 295.87000
12 5 21 14 53 46542.20000 89.09500000 3574.89000 305.36000 36.16500 296.18600
12 5 21 14 53 46552.50000 89.21200000 3576.90000 305.93000 36.00000 296.18600
12 5 21 14 53 46604.70000 89.26400000 3577.52000 305.91000 36.00000 296.18600
12 5 21 14 54 46602.40000 89.26400000 3585.06000 306.82000 36.00000 297.33400
12 5 21 14 54 46602.30000 89.41400000 3585.02000 306.81000 36.00000 297.65600
12 5 21 14 55 46602.30000 89.41400000 3578.86000 305.75000 36.00000 297.65600
12 5 21 14 55 46612.70000 89.41400000 3583.79000 305.75000 36.00000 298.74900
12 5 21 14 56 46635.20000 89.41400000 3588.57000 307.02000 36.00000 299.03500
12 5 21 14 56 46621.00000 89.55800000 3586.44000 306.59000 36.00000 299.30000
12 5 21 14 56 46574.20000 89.35000000 3583.63000 306.06000 36.00000 299.69000
12 5 21 14 57 46500.00000 89.35000000 3580.00000 306.06000 36.00000 299.98000
12 5 21 14 57 46530.80000 89.25600000 3581.36000 306.06000 36.00000 300.00000
12 5 21 14 58 46546.40000 89.25600000 3585.14000 306.09000 36.00000 301.00000
12 5 21 14 58 46538.50000 89.44500000 3582.77000 305.95000 36.00000 300.00000
12 5 21 14 59 46511.40000 89.04200000 3582.04000 305.99000 36.00000 300.51000
12 5 21 14 59 46500.10000 89.17800000 3580.40000 305.66000 36.00000 299.42100
12 5 21 14 59 46500.00000 89.00300000 3579.00000 305.88000 36.00000 298.67100
12 5 21 15 00 46476.60000 88.97800000 3577.25000 305.69000 36.00000 296.65300
12 5 21 15 00 46460.80000 88.74600000 3575.00000 305.16000 36.10700 296.65300
12 5 21 15 01 46456.10000 88.74600000 3570.00000 304.66000 36.10700 295.64200
12 5 21 15 01 46456.00000 88.71300000 3571.12000 304.50000 36.10700 295.16200
12 5 21 15 02 46456.00000 88.80600000 3569.49000 305.00000 36.10700 295.70100
12 5 21 15 02 46491.80000 88.80600000 3566.37000 305.40000 36.10700 295.61700
12 5 21 15 02 46498.30000 88.80600000 3566.16000 305.26000 36.10700 295.61700
12 5 21 15 03 46489.70000 88.80600000 3566.16000 305.44000 36.10700 295.61700
12 5 21 15 03 46497.80000 88.80600000 3565.55000 305.79000 36.10700 296.52100
12 5 21 15 04 46497.80000 88.80000000 3561.33000 305.85000 36.10700 296.54600
12 5 21 15 04 46497.80000 88.80000000 3562.33000 305.86000 36.10700 296.54600
12 5 21 15 05 46391.70000 88.55500000 3539.70000 304.80000 36.10700 297.19700
12 5 21 15 05 46400.10000 88.55500000 3541.57000 304.09000 36.10700 296.04200
12 5 21 15 06 46397.90000 88.54600000 3537.44000 303.19000 36.10700 296.04200
12 5 21 15 06 46376.40000 88.54600000 3538.26000 302.48000 36.10700 296.95700
12 5 21 15 06 46376.50000 88.27900000 3536.56000 301.39000 36.10700 296.95700
12 5 21 15 07 46374.70000 88.26200000 3533.43000 302.25000 36.10700 296.06400
12 5 21 15 07 46340.00000 88.00000000 3520.68000 301.54000 36.10700 296.06400
12 5 21 15 08 46296.90000 88.00100000 3525.07000 301.45000 36.10700 294.51200
12 5 21 15 08 46217.10000 87.94200000 3517.65000 301.05000 36.10700 293.36000
12 5 21 15 09 46252.40000 87.85100000 3518.96000 300.63000 36.10700 293.36000
12 5 21 15 09 46246.10000 87.67100000 3509.93000 300.63000 36.10700 293.36000
12 5 21 15 09 46188.70000 87.64400000 3510.00000 300.70000 35.76600 292.54400
12 5 21 15 10 46206.00000 87.97800000 3524.84000 301.10000 35.76600 293.54800
12 5 21 15 10 46252.20000 87.97800000 3525.10000 301.43000 35.76600 292.98500
12 5 21 15 11 46240.20000 88.10100000 3521.31000 301.15000 35.76600 292.72900
12 5 21 15 11 46127.70000 87.78300000 3510.00000 299.43000 35.99100 290.91800
12 5 21 15 12 46167.50000 87.64400000 3513.59000 299.72000 35.99100 290.90500
12 5 21 15 12 46167.50000 87.78100000 3521.56000 300.60000 35.99100 291.91400
12 5 21 15 12 46226.40000 87.78100000 3524.36000 301.41000 35.60000 291.91400
12 5 21 15 13 46229.60000 87.78100000 3534.34000 302.16000 35.60000 291.09100
12 5 21 15 13 46284.30000 87.78100000 3532.65000 302.86000 35.93900 291.94100
12 5 21 15 14 46274.60000 87.78100000 3536.00000 302.49000 35.93900 292.99100
12 5 21 15 14 46294.50000 88.02300000 3539.00000 302.06000 35.93900 292.99100
12 5 21 15 15 46327.60000 88.02300000 3541.48000 302.43000 35.93900 292.99100
12 5 21 15 15 46371.90000 87.90900000 3537.85000 302.77000 35.65300 294.94300
12 5 21 15 15 46412.90000 87.90900000 3540.00000 303.29000 35.65300 295.00000
12 5 21 15 16 46361.10000 88.19100000 3540.00000 303.10000 35.65300 295.45200
12 5 21 15 16 46335.80000 88.36000000 3539.99000 303.05000 35.65300 296.25500
12 5 21 15 17 46373.90000 88.42200000 3540.00000 302.94000 35.65300 298.14500
12 5 21 15 17 46327.70000 88.10000000 3539.61000 301.77000 35.65300 299.02300
