M=[
 3 6 21 01 38 30675.60000 55.48600000 2210.54000 151.13000 24.73100 134.35400
 3 6 21 01 38 30685.30000 55.48600000 2210.54000 151.13000 24.73100 134.35400
 3 6 21 01 39 30685.30000 55.48600000 2210.54000 151.13000 24.73100 134.35400
 3 6 21 01 39 30685.30000 55.48600000 2210.54000 151.13000 24.73100 134.35400
 3 6 21 01 40 30685.30000 55.48600000 2210.55000 151.13000 24.73100 134.35400
 3 6 21 01 40 30685.40000 55.48600000 2207.76000 151.13000 24.73100 134.35400
 3 6 21 01 40 30685.40000 55.48600000 2207.17000 151.13000 24.73100 134.35400
 3 6 21 01 41 30649.00000 55.48600000 2205.26000 151.13000 24.73100 134.35400
 3 6 21 01 41 30636.60000 55.48600000 2205.67000 150.72000 24.73100 134.35400
 3 6 21 01 42 30627.90000 55.48600000 2205.67000 150.72000 24.73100 134.35400
 3 6 21 01 42 30638.50000 55.48600000 2205.00000 150.72000 24.73100 134.35400
 3 6 21 01 43 30638.50000 55.48600000 2205.00000 150.72000 24.73100 134.35400
 3 6 21 01 43 30627.00000 55.48600000 2201.07000 150.72000 24.73100 134.35400
 3 6 21 01 44 30627.10000 55.48600000 2204.91000 150.72000 24.73100 134.35400
 3 6 21 01 44 30649.60000 55.48600000 2208.36000 150.72000 24.73100 134.35400
 3 6 21 01 44 30650.00000 55.48600000 2207.23000 150.72000 24.73100 134.35400
 3 6 21 01 45 30642.50000 55.48600000 2204.79000 150.72000 24.73100 134.35400
 3 6 21 01 45 30628.10000 55.48600000 2204.79000 150.72000 24.73100 134.35400
 3 6 21 01 46 30628.10000 55.48600000 2201.73000 150.72000 24.73100 134.35400
 3 6 21 01 46 30620.70000 55.48600000 2199.64000 150.72000 24.73100 134.35400
 3 6 21 01 47 30620.60000 55.48600000 2201.60000 150.72000 24.73100 134.35400
 3 6 21 01 47 30620.10000 55.48600000 2201.60000 150.72000 24.73100 134.35400
 3 6 21 01 47 30627.90000 55.48600000 2201.60000 150.72000 24.73100 134.35400
 3 6 21 01 48 30624.20000 55.48600000 2201.40000 150.58000 24.73100 134.35400
 3 6 21 01 48 30610.50000 55.48600000 2202.44000 150.40000 24.73100 134.35400
 3 6 21 01 49 30627.90000 55.48600000 2202.44000 150.40000 24.73100 134.35400
 3 6 21 01 49 30626.60000 55.48600000 2202.44000 150.40000 24.73100 134.35400
 3 6 21 01 50 30622.20000 55.48600000 2202.44000 150.40000 24.73100 134.35400
 3 6 21 01 50 30600.00000 55.39300000 2199.99000 150.40000 24.73100 134.35400
 3 6 21 01 50 30600.00000 55.39300000 2199.99000 150.36000 24.73100 134.35400
 3 6 21 01 51 30602.20000 55.39300000 2199.63000 150.36000 24.73100 134.35400
 3 6 21 01 51 30599.10000 55.39300000 2199.17000 150.35000 24.73100 134.35400
 3 6 21 01 52 30596.20000 55.39300000 2197.04000 150.35000 24.73100 134.35400
 3 6 21 01 52 30596.20000 55.39300000 2196.73000 150.35000 24.73100 134.35400
 3 6 21 01 53 30592.20000 55.39300000 2196.73000 150.35000 24.73100 134.35400
 3 6 21 01 53 30592.30000 55.39300000 2196.23000 150.23000 24.73100 134.35400
 3 6 21 01 53 30592.20000 55.39300000 2195.01000 149.83000 24.73100 134.35400
 3 6 21 01 54 30592.20000 55.39300000 2194.00000 149.83000 24.73100 134.35400
 3 6 21 01 54 30573.10000 55.30000000 2193.61000 149.80000 24.73100 131.94200
 3 6 21 01 55 30579.50000 55.30000000 2193.90000 149.84000 24.73100 131.94200
 3 6 21 01 55 30588.30000 55.30000000 2194.25000 150.00000 24.73100 131.94200
 3 6 21 01 56 30575.80000 55.30000000 2191.92000 149.98000 24.73100 131.94200
 3 6 21 01 56 30575.80000 55.30000000 2191.92000 149.98000 24.73100 132.13800
 3 6 21 01 56 30575.80000 55.30000000 2186.66000 149.58000 24.73100 132.13800
 3 6 21 01 57 30537.80000 55.30000000 2186.66000 149.72000 24.73100 132.13800
 3 6 21 01 57 30554.90000 55.30000000 2186.66000 149.72000 24.73100 132.13800
 3 6 21 01 58 30554.90000 55.30000000 2186.66000 149.72000 24.73100 132.13800
 3 6 21 01 58 30554.50000 55.30000000 2189.92000 149.94000 24.73100 132.13800
 3 6 21 01 59 30554.60000 55.30000000 2189.92000 149.94000 24.73100 132.13800
 3 6 21 01 59 30581.10000 55.30000000 2190.00000 149.94000 24.73100 132.13800
 3 6 21 01 59 30580.00000 55.30000000 2189.99000 149.94000 24.73100 132.13800
 3 6 21 02 00 30546.40000 55.30000000 2185.37000 149.84000 24.73100 131.95600
 3 6 21 02 00 30534.60000 55.30000000 2186.24000 149.59000 24.73100 131.95600
 3 6 21 02 01 30534.60000 55.30000000 2186.66000 149.58000 24.73100 131.95600
 3 6 21 02 01 30534.60000 55.30000000 2186.04000 149.58000 24.73100 131.59600
 3 6 21 02 02 30534.60000 55.23400000 2186.04000 149.33000 24.73100 131.59600
 3 6 21 02 02 30513.40000 55.23400000 2182.48000 149.26000 24.73100 131.59600
 3 6 21 02 02 30521.40000 55.23400000 2186.00000 149.26000 24.73100 131.59600
 3 6 21 02 03 30521.40000 55.23400000 2188.36000 149.78000 24.73100 131.59600
 3 6 21 02 03 30521.40000 55.23400000 2189.11000 149.78000 24.73100 131.59600
 3 6 21 02 04 30521.40000 55.24600000 2189.11000 149.78000 24.59800 131.59600
 3 6 21 02 04 30521.40000 55.24600000 2190.00000 149.78000 24.50400 131.59600
 3 6 21 02 05 30547.70000 55.24600000 2190.00000 149.86000 24.57400 131.59600
 3 6 21 02 05 30547.70000 55.24600000 2190.00000 149.85000 24.57400 131.59600
 3 6 21 02 05 30532.80000 55.24600000 2190.00000 149.84000 24.57400 131.59600
 3 6 21 02 06 30520.00000 55.24600000 2190.00000 149.84000 24.57500 131.59600
 3 6 21 02 06 30520.00000 55.24600000 2191.95000 150.00000 24.57500 131.59600
 3 6 21 02 07 30540.90000 55.24600000 2191.95000 150.00000 24.57500 131.59600
 3 6 21 02 07 30546.20000 55.24600000 2191.96000 150.00000 24.57500 131.59600
 3 6 21 02 08 30564.50000 55.24600000 2196.73000 150.19000 24.57500 131.59600
 3 6 21 02 08 30574.60000 55.35000000 2196.73000 150.19000 24.55100 131.59600
 3 6 21 02 08 30571.70000 55.35000000 2196.73000 150.24000 24.52700 131.59600
 3 6 21 02 09 30571.70000 55.35000000 2196.73000 150.19000 24.50300 131.59600
 3 6 21 02 09 30571.70000 55.35000000 2196.73000 150.19000 24.50300 131.59600
 3 6 21 02 10 30566.90000 55.35000000 2196.73000 150.19000 24.50300 131.59600
 3 6 21 02 10 30510.00000 55.35000000 2195.00000 150.19000 24.50300 131.59600
 3 6 21 02 11 30537.10000 55.35000000 2195.00000 149.81000 24.50300 131.59600
 3 6 21 02 11 30564.50000 55.35000000 2196.74000 149.81000 24.50300 131.59600
 3 6 21 02 11 30567.70000 55.35000000 2196.74000 149.81000 24.50300 131.59600
 3 6 21 02 12 30583.10000 55.35000000 2196.74000 149.81000 24.50300 131.59600
 3 6 21 02 12 30560.80000 55.35000000 2198.39000 149.81000 24.50300 131.59600
 3 6 21 02 13 30566.00000 55.35000000 2198.39000 149.81000 24.50300 131.59600
 3 6 21 02 13 30567.00000 55.35000000 2197.36000 149.81000 24.50300 131.59600
 3 6 21 02 14 30577.40000 55.35000000 2198.00000 149.81000 24.50300 131.59600
 3 6 21 02 14 30583.10000 55.35000000 2198.08000 150.28000 24.50300 131.59600
 3 6 21 02 14 30586.20000 55.35000000 2199.80000 150.28000 24.50300 131.59600
 3 6 21 02 15 30570.50000 55.35000000 2199.80000 150.28000 24.50300 131.59600
 3 6 21 02 15 30599.50000 55.35000000 2200.48000 150.28000 24.50300 131.59600
 3 6 21 02 16 30593.10000 55.35000000 2200.88000 150.40000 24.50300 131.59600
 3 6 21 02 16 30609.30000 55.35000000 2203.47000 150.40000 24.50300 131.59600
 3 6 21 02 17 30603.40000 55.35000000 2203.47000 150.40000 24.50300 131.59600
 3 6 21 02 17 30617.50000 55.35000000 2204.10000 150.40000 24.50300 131.59600
 3 6 21 02 18 30613.60000 55.35000000 2204.10000 150.76000 24.47900 131.59600
 3 6 21 02 18 30612.00000 55.35000000 2204.10000 150.76000 24.47900 131.59600
 3 6 21 02 18 30612.00000 55.35000000 2204.10000 150.73000 24.47900 131.59600
 3 6 21 02 19 30624.80000 55.35000000 2204.10000 150.73000 24.47900 131.59600
 3 6 21 02 19 30624.90000 55.35000000 2204.94000 150.73000 24.47900 131.59600
 3 6 21 02 20 30624.00000 55.35000000 2204.94000 150.73000 24.47900 131.59600
 3 6 21 02 20 30609.90000 55.58000000 2203.78000 150.64000 24.47900 131.59600
 3 6 21 02 21 30592.80000 55.58000000 2202.38000 150.55000 24.47900 131.59600
 3 6 21 02 21 30611.90000 55.58000000 2203.61000 150.70000 24.47900 131.59600
 3 6 21 02 21 30612.00000 55.58000000 2205.58000 150.70000 24.47900 131.59600
