M=[
11 12 20 22 51 14954.20000 4.86200000 454.01000 60.28000 13.56800 53.03500
11 12 20 22 51 14954.40000 4.86200000 454.01000 60.28000 13.56800 53.03500
11 12 20 22 52 14962.30000 4.86200000 454.26000 60.39000 13.56800 53.03500
11 12 20 22 52 14964.70000 4.86200000 454.18000 60.39000 13.56800 53.03500
11 12 20 22 52 14966.60000 4.86200000 454.36000 60.39000 13.56800 53.03500
11 12 20 22 53 14961.50000 4.86200000 454.36000 60.39000 13.56800 53.03500
11 12 20 22 53 14958.00000 4.86200000 454.28000 60.32000 13.56800 53.03500
11 12 20 22 54 14958.10000 4.86200000 454.28000 60.32000 13.56800 53.03500
11 12 20 22 54 14962.30000 4.86200000 454.31000 60.32000 13.56800 53.03500
11 12 20 22 55 14962.90000 4.86200000 454.31000 60.23000 13.56800 53.03500
11 12 20 22 55 14963.00000 4.86200000 454.31000 60.23000 13.58400 53.03500
11 12 20 22 55 14964.20000 4.86200000 454.37000 60.23000 13.58500 53.03500
11 12 20 22 56 14967.30000 4.86200000 454.57000 60.23000 13.58500 53.03500
11 12 20 22 56 14968.60000 4.86200000 454.41000 60.23000 13.58500 53.03500
11 12 20 22 57 14969.60000 4.86200000 454.41000 60.24000 13.58500 53.03500
11 12 20 22 57 14970.00000 4.86200000 454.73000 60.24000 13.58500 53.03500
11 12 20 22 58 14969.90000 4.86200000 454.84000 60.24000 13.61000 53.03500
11 12 20 22 58 14976.00000 4.86200000 454.84000 60.24000 13.61000 53.03500
11 12 20 22 58 14975.70000 4.86200000 454.98000 60.24000 13.61000 53.03500
11 12 20 22 59 14975.80000 4.86200000 454.98000 60.24000 13.61000 53.03500
11 12 20 22 59 14975.60000 4.86200000 454.87000 60.26000 13.61000 53.03500
11 12 20 23 00 14975.80000 4.86200000 454.76000 60.29000 13.61000 53.03500
11 12 20 23 00 14975.60000 4.86200000 454.78000 60.29000 13.61000 53.03500
11 12 20 23 01 14975.00000 4.86200000 454.77000 60.29000 13.61000 53.03500
11 12 20 23 01 14975.00000 4.86200000 454.77000 60.29000 13.61000 53.03500
11 12 20 23 01 14949.60000 4.86200000 453.98000 60.29000 13.61000 52.96700
11 12 20 23 02 14962.00000 4.86200000 454.06000 60.09000 13.61000 52.96700
11 12 20 23 02 14963.00000 4.86200000 453.86000 60.09000 13.61000 52.96700
11 12 20 23 03 14977.00000 4.86200000 454.65000 60.09000 13.61000 52.96700
11 12 20 23 03 14985.90000 4.86200000 454.65000 60.09000 13.61000 52.96700
11 12 20 23 04 14982.40000 4.86200000 454.28000 60.14000 13.61000 52.96700
11 12 20 23 04 14972.00000 4.86200000 454.05000 60.17000 13.61000 52.96700
11 12 20 23 04 14981.00000 4.86200000 454.19000 60.11000 13.61000 52.96700
11 12 20 23 05 14974.90000 4.86200000 453.55000 60.12000 13.61000 52.96700
11 12 20 23 05 14972.00000 4.86200000 453.29000 60.04000 13.61000 52.96700
11 12 20 23 06 14957.70000 4.86200000 453.28000 60.13000 13.61000 52.96700
11 12 20 23 06 14954.50000 4.86200000 453.01000 60.03000 13.61000 52.96700
11 12 20 23 07 14957.20000 4.86200000 452.93000 60.03000 13.61000 52.96700
11 12 20 23 07 14952.00000 4.86200000 452.93000 59.93000 13.61000 52.96700
11 12 20 23 07 14957.40000 4.86200000 452.93000 60.03000 13.61000 52.96700
11 12 20 23 08 14952.10000 4.86200000 453.00000 60.03000 13.61000 52.96700
11 12 20 23 08 14952.00000 4.86200000 452.76000 60.03000 13.61000 52.96700
11 12 20 23 09 14955.30000 4.86200000 452.81000 60.01000 13.61000 52.96700
11 12 20 23 09 14950.80000 4.86200000 452.81000 60.01000 13.61000 52.96700
11 12 20 23 10 14950.10000 4.86200000 452.49000 60.01000 13.61000 52.96700
11 12 20 23 10 14940.60000 4.86200000 452.30000 60.01000 13.61000 52.96700
11 12 20 23 10 14944.70000 4.86200000 452.23000 59.99000 13.61000 52.96700
11 12 20 23 11 14960.00000 4.86200000 452.97000 60.01000 13.61000 52.96700
11 12 20 23 11 14947.60000 4.86200000 452.78000 60.01000 13.61000 52.91000
11 12 20 23 12 14951.90000 4.86200000 452.36000 59.95000 13.61000 52.91000
11 12 20 23 12 14951.60000 4.86200000 452.36000 59.95000 13.61000 52.91000
11 12 20 23 13 14944.00000 4.86200000 452.05000 59.96000 13.61000 52.91000
11 12 20 23 13 14944.50000 4.86200000 452.05000 59.94000 13.61000 52.91000
11 12 20 23 13 14937.10000 4.86200000 452.24000 59.95000 13.61000 52.91000
11 12 20 23 14 14936.20000 4.86200000 452.24000 59.97000 13.61000 52.91000
11 12 20 23 14 14936.80000 4.86200000 452.16000 59.97000 13.61000 52.91000
11 12 20 23 15 14934.30000 4.86200000 452.36000 59.97000 13.61000 52.91000
11 12 20 23 15 14935.40000 4.86200000 452.08000 59.97000 13.61000 52.91000
11 12 20 23 16 14936.90000 4.86200000 452.08000 59.97000 13.61000 52.91000
11 12 20 23 16 14932.20000 4.86200000 451.83000 59.91000 13.61000 52.91000
11 12 20 23 16 14932.20000 4.86200000 451.99000 59.91000 13.61000 52.91000
11 12 20 23 17 14930.10000 4.86200000 452.06000 59.91000 13.61000 52.91000
11 12 20 23 17 14910.00000 4.86200000 452.06000 59.82000 13.61000 52.91000
11 12 20 23 18 14915.00000 4.86200000 451.51000 59.82000 13.61000 52.91000
11 12 20 23 18 14919.30000 4.86200000 451.30000 59.82000 13.61000 52.91000
11 12 20 23 19 14925.30000 4.86200000 451.99000 59.83000 13.61000 52.91000
11 12 20 23 19 14920.60000 4.86200000 451.66000 59.83000 13.61000 52.91000
11 12 20 23 19 14923.30000 4.86200000 451.66000 59.83000 13.61000 52.91000
11 12 20 23 20 14919.70000 4.86200000 451.32000 59.83000 13.61000 52.91000
11 12 20 23 20 14915.70000 4.86200000 451.47000 59.83000 13.61000 52.91000
11 12 20 23 21 14918.20000 4.86200000 451.47000 59.72000 13.60000 52.91000
11 12 20 23 21 14917.30000 4.86200000 451.47000 59.68000 13.60000 52.91000
11 12 20 23 22 14918.30000 4.86200000 451.02000 59.68000 13.60000 52.91000
11 12 20 23 22 14918.30000 4.86200000 451.18000 59.68000 13.60000 52.91000
11 12 20 23 22 14918.20000 4.86200000 451.25000 59.68000 13.60000 52.91000
11 12 20 23 23 14923.20000 4.86200000 451.24000 59.68000 13.60000 52.91000
11 12 20 23 23 14923.60000 4.86200000 451.02000 59.68000 13.60000 52.91000
11 12 20 23 24 14905.20000 4.86200000 450.36000 59.68000 13.60000 52.91000
11 12 20 23 24 14908.60000 4.86200000 450.72000 59.68000 13.60000 52.91000
11 12 20 23 25 14897.50000 4.86200000 450.71000 59.60000 13.60000 52.91000
11 12 20 23 25 14898.80000 4.86200000 450.08000 59.60000 13.60000 52.91000
11 12 20 23 25 14906.80000 4.86200000 450.08000 59.60000 13.60000 52.91000
11 12 20 23 26 14899.50000 4.86200000 450.26000 59.48000 13.60000 52.91000
11 12 20 23 26 14907.00000 4.86200000 450.26000 59.48000 13.60000 52.91000
11 12 20 23 27 14903.90000 4.86200000 450.45000 59.48000 13.60000 52.91000
11 12 20 23 27 14900.40000 4.86200000 450.07000 59.56000 13.60000 52.91000
11 12 20 23 28 14902.30000 4.86200000 450.11000 59.58000 13.60000 52.91000
11 12 20 23 28 14897.90000 4.86200000 450.11000 59.56000 13.45000 52.91000
11 12 20 23 28 14902.40000 4.86200000 450.15000 59.45000 13.45000 52.72000
11 12 20 23 29 14908.00000 4.86200000 450.08000 59.48000 13.45000 52.72000
11 12 20 23 29 14910.30000 4.86200000 450.08000 59.48000 13.45000 52.66000
11 12 20 23 30 14910.30000 4.86200000 450.24000 59.48000 13.45000 52.66000
11 12 20 23 30 14923.00000 4.86200000 450.24000 59.48000 13.45000 52.66000
11 12 20 23 31 14923.60000 4.86200000 450.24000 59.48000 13.45000 52.66000
11 12 20 23 31 14918.60000 4.86200000 450.79000 59.54000 13.45000 52.66000
11 12 20 23 31 14910.50000 4.86200000 450.45000 59.50000 13.45000 52.66000
11 12 20 23 32 14906.90000 4.86200000 450.45000 59.54000 13.45000 52.66000
11 12 20 23 32 14906.10000 4.86200000 450.29000 59.54000 13.45000 52.66000
11 12 20 23 33 14901.70000 4.86200000 450.28000 59.54000 13.45000 52.72100
11 12 20 23 33 14900.00000 4.86200000 450.29000 59.54000 13.45000 52.72100
11 12 20 23 34 14900.40000 4.86200000 450.29000 59.54000 13.45000 52.72100
11 12 20 23 34 14890.00000 4.80300000 450.28000 59.48000 13.45000 52.72100
11 12 20 23 34 14882.90000 4.80300000 450.28000 59.48000 13.45000 52.72100
11 12 20 23 35 14886.20000 4.80300000 450.28000 59.48000 13.45000 52.72100
11 12 20 23 35 14888.40000 4.80300000 450.28000 59.41000 13.45000 52.72100
11 12 20 23 36 14899.60000 4.80300000 450.28000 59.49000 13.56000 52.72100
