M=[
11 5 21 02 50 45414.10000 87.09900000 3156.83000 288.95000 33.40000 226.56100
11 5 21 02 51 45384.10000 87.09900000 3157.67000 288.97000 33.40000 225.95500
11 5 21 02 51 45305.40000 87.09900000 3155.68000 288.33000 33.40000 225.95500
11 5 21 02 52 45325.60000 86.96800000 3157.80000 289.24000 33.40000 225.95500
11 5 21 02 52 45323.50000 86.96800000 3161.59000 288.61000 33.40000 225.95000
11 5 21 02 52 45310.90000 86.84300000 3165.77000 289.06000 33.40000 225.95000
11 5 21 02 53 45253.80000 86.84300000 3152.90000 288.03000 33.40000 225.14600
11 5 21 02 53 45304.50000 86.71500000 3160.13000 288.52000 33.40000 225.14600
11 5 21 02 54 45250.90000 86.71500000 3160.61000 288.00000 33.40000 225.14600
11 5 21 02 54 45221.50000 86.71500000 3156.91000 287.58000 33.40000 225.12800
11 5 21 02 55 45300.00000 86.71500000 3167.33000 288.61000 33.11000 225.82600
11 5 21 02 55 45308.70000 86.71500000 3169.00000 289.03000 32.93100 225.82600
11 5 21 02 55 45232.50000 86.71500000 3161.00000 288.59000 32.99900 225.71600
11 5 21 02 56 45257.60000 86.71500000 3166.25000 288.88000 32.99900 225.71600
11 5 21 02 56 45211.20000 86.71500000 3161.25000 287.79000 32.71000 225.25100
11 5 21 02 57 45237.20000 86.87600000 3159.86000 287.83000 33.01400 225.28000
11 5 21 02 57 45259.70000 86.87600000 3163.17000 288.43000 32.98200 225.71600
11 5 21 02 58 45303.40000 86.87600000 3161.52000 288.90000 32.95000 225.71600
11 5 21 02 58 45219.90000 86.87600000 3156.76000 289.02000 32.85900 225.71600
11 5 21 02 58 45202.20000 86.87600000 3156.00000 288.55000 32.86100 225.71600
11 5 21 02 59 45147.00000 86.54100000 3153.16000 287.44000 32.86100 225.64300
11 5 21 02 59 45232.80000 86.54100000 3163.56000 287.76000 32.84500 226.14100
11 5 21 03 00 45203.80000 86.75100000 3158.45000 287.26000 32.84500 225.63200
11 5 21 03 00 45165.90000 86.59700000 3161.61000 287.16000 32.83400 225.91200
11 5 21 03 01 45169.60000 86.50000000 3159.01000 286.81000 33.03000 225.91200
11 5 21 03 01 45118.20000 86.50000000 3152.54000 286.55000 32.79000 225.23400
11 5 21 03 01 45141.20000 86.14400000 3155.00000 287.55000 32.75900 225.23400
11 5 21 03 02 45224.20000 86.68900000 3169.22000 288.38000 32.64400 226.06800
11 5 21 03 02 45178.40000 86.68900000 3166.62000 288.23000 32.62300 226.06800
11 5 21 03 03 45212.80000 86.93300000 3168.42000 288.23000 32.97900 226.06800
11 5 21 03 03 45216.30000 86.97700000 3172.60000 288.04000 32.63200 226.06800
11 5 21 03 04 45208.80000 86.97700000 3169.33000 288.24000 32.63200 226.06800
11 5 21 03 04 45242.30000 86.97700000 3173.30000 289.06000 32.63200 226.16800
11 5 21 03 04 45246.70000 86.97700000 3175.22000 289.08000 32.63200 226.16800
11 5 21 03 05 45275.00000 87.21500000 3179.06000 289.45000 32.93300 226.16800
11 5 21 03 05 45293.10000 87.56500000 3175.21000 289.62000 32.93300 226.16800
11 5 21 03 06 45294.50000 87.56500000 3170.72000 289.21000 32.93300 227.07800
11 5 21 03 06 45314.70000 87.56500000 3175.06000 289.19000 32.93300 227.07800
11 5 21 03 07 45323.80000 87.20600000 3175.06000 289.19000 32.93300 227.07800
11 5 21 03 07 45325.60000 87.42300000 3177.61000 289.19000 33.04800 227.07800
11 5 21 03 07 45345.90000 87.42300000 3179.95000 290.28000 33.04800 227.07800
11 5 21 03 08 45330.10000 86.92500000 3180.55000 290.81000 33.04800 228.15900
11 5 21 03 08 45377.50000 86.92500000 3179.83000 290.75000 33.02200 228.15900
11 5 21 03 09 45371.50000 86.92500000 3179.84000 291.33000 33.01600 229.01300
11 5 21 03 09 45383.90000 87.31500000 3179.89000 290.96000 33.01600 228.90200
11 5 21 03 10 45396.40000 87.31500000 3179.89000 291.16000 33.01600 228.90200
11 5 21 03 10 45426.90000 87.31500000 3185.36000 291.22000 33.01600 229.35900
11 5 21 03 10 45398.60000 87.31500000 3181.01000 290.93000 33.01600 229.35900
11 5 21 03 11 45324.90000 87.31500000 3173.11000 290.23000 33.01600 229.35900
11 5 21 03 11 45264.70000 86.88700000 3167.88000 290.23000 33.01600 229.35900
11 5 21 03 12 45272.30000 86.88700000 3170.85000 288.72000 33.01600 228.97700
11 5 21 03 12 45287.50000 86.88700000 3167.94000 289.37000 33.01600 228.97800
11 5 21 03 13 45315.50000 86.90900000 3169.87000 289.37000 33.01600 228.97800
11 5 21 03 13 45316.70000 86.90900000 3168.26000 288.89000 33.01600 228.97800
11 5 21 03 13 45293.00000 86.62800000 3161.85000 288.71000 33.01600 228.97800
11 5 21 03 14 45320.20000 86.62800000 3164.21000 288.71000 33.01600 228.97800
11 5 21 03 14 45280.90000 86.62800000 3157.48000 287.88000 33.01600 227.74800
11 5 21 03 15 45231.10000 86.20900000 3152.04000 287.36000 33.01600 227.74800
11 5 21 03 15 45167.90000 85.83000000 3151.92000 287.13000 33.01600 227.74800
11 5 21 03 16 45247.50000 86.13400000 3155.00000 287.37000 33.01600 227.29600
11 5 21 03 16 45297.80000 86.13400000 3158.96000 288.51000 33.01600 227.29600
11 5 21 03 16 45326.80000 86.37900000 3164.72000 288.98000 33.01600 228.61300
11 5 21 03 17 45350.70000 86.76600000 3167.14000 288.98000 33.01600 229.01500
11 5 21 03 17 45345.80000 86.76600000 3167.14000 289.11000 33.01600 229.01500
11 5 21 03 18 45312.20000 86.76600000 3159.69000 289.05000 33.01600 229.01500
11 5 21 03 18 45252.80000 86.10900000 3152.99000 289.05000 33.01600 229.01500
11 5 21 03 19 45257.50000 86.10900000 3154.23000 288.10000 33.01600 229.01500
11 5 21 03 19 45296.50000 86.10900000 3153.87000 287.98000 33.01600 227.68700
11 5 21 03 19 45213.00000 86.10900000 3142.11000 287.82000 33.01600 227.68700
11 5 21 03 20 45231.60000 86.10900000 3145.30000 287.82000 33.01600 227.71000
11 5 21 03 20 45206.40000 86.10900000 3135.38000 287.82000 33.01600 227.71000
11 5 21 03 21 45180.00000 86.10900000 3132.32000 285.81000 33.01600 227.71000
11 5 21 03 21 45180.00000 85.54300000 3132.56000 285.82000 33.01600 227.71000
11 5 21 03 22 45180.20000 85.54300000 3131.16000 286.01000 33.01600 227.71000
11 5 21 03 22 45180.00000 85.35500000 3120.63000 285.54000 33.01600 226.71500
11 5 21 03 22 45254.20000 85.35500000 3121.52000 285.79000 33.01600 226.71500
11 5 21 03 23 45320.30000 86.02300000 3134.81000 286.55000 33.01600 228.13000
11 5 21 03 23 45335.40000 86.02300000 3135.41000 286.77000 33.01600 228.13000
11 5 21 03 24 45343.10000 86.02300000 3137.81000 286.93000 33.01600 227.76900
11 5 21 03 24 45341.40000 85.94500000 3138.02000 286.40000 33.01600 227.43900
11 5 21 03 25 45238.70000 85.94500000 3130.74000 285.79000 33.01600 226.56100
11 5 21 03 25 45275.80000 85.94500000 3134.73000 286.83000 33.01600 226.70900
11 5 21 03 25 45320.60000 85.74200000 3140.87000 286.80000 33.01600 226.70900
11 5 21 03 26 45282.00000 85.74200000 3132.85000 286.71000 33.01600 227.65500
11 5 21 03 26 45317.60000 85.74200000 3138.68000 286.86000 33.01600 227.09800
11 5 21 03 27 45323.60000 85.86500000 3140.87000 286.86000 33.01600 227.75100
11 5 21 03 27 45331.90000 85.86500000 3142.48000 287.04000 33.01600 227.75100
11 5 21 03 28 45339.50000 85.86500000 3145.00000 287.32000 33.01600 227.75100
11 5 21 03 28 45347.80000 85.60800000 3145.26000 287.58000 33.01600 227.60900
11 5 21 03 28 45353.70000 85.60800000 3146.30000 287.85000 33.01600 227.60900
11 5 21 03 29 45372.70000 85.60800000 3147.97000 288.47000 33.01600 227.60900
11 5 21 03 29 45347.60000 85.60800000 3142.71000 288.33000 33.01600 227.60900
11 5 21 03 30 45278.80000 85.55700000 3137.92000 287.53000 33.01600 227.60900
11 5 21 03 30 45267.30000 85.50000000 3137.88000 287.53000 33.01600 226.96700
11 5 21 03 31 45268.10000 85.39500000 3135.81000 287.40000 33.01600 226.96700
11 5 21 03 31 45273.50000 85.10600000 3143.51000 287.74000 32.60000 226.96700
11 5 21 03 31 45372.70000 85.10600000 3147.84000 288.53000 32.60000 228.47000
11 5 21 03 32 45418.30000 85.10600000 3155.04000 289.23000 32.60000 229.20800
11 5 21 03 32 45436.00000 85.95400000 3155.99000 289.65000 32.60000 229.37900
11 5 21 03 33 45418.90000 86.05100000 3149.85000 289.27000 32.70800 229.37900
11 5 21 03 33 45298.00000 85.93400000 3138.70000 288.41000 32.70800 229.37900
11 5 21 03 33 45278.50000 85.48400000 3135.51000 288.41000 32.70800 229.37900
