M=[
29 1 21 04 53 27365.70000 6.26100000 1079.98000 109.90000 16.56400 69.30100
29 1 21 04 54 27369.10000 6.26800000 1079.98000 109.90000 16.56400 69.30100
29 1 21 04 54 27359.10000 6.26900000 1080.00000 109.85000 16.56400 69.30100
29 1 21 04 54 27397.50000 6.26900000 1079.75000 109.99000 16.56400 69.30100
29 1 21 04 55 27378.40000 6.26900000 1079.48000 109.93000 16.56400 69.30100
29 1 21 04 56 27390.30000 6.26900000 1081.46000 109.93000 16.56400 69.30100
29 1 21 04 57 27387.40000 6.26900000 1080.65000 110.03000 16.56400 69.30100
29 1 21 04 57 27393.90000 6.26900000 1081.45000 110.06000 16.56400 69.30100
29 1 21 04 58 27384.40000 6.26900000 1082.00000 110.06000 16.56400 69.30100
29 1 21 04 58 27362.50000 6.26900000 1080.19000 110.13000 16.56400 69.30100
29 1 21 04 59 27371.50000 6.26900000 1080.21000 110.23000 16.56400 69.30100
29 1 21 04 59 27355.50000 6.26900000 1081.08000 110.06000 16.56400 69.30100
29 1 21 05 00 27337.80000 6.26900000 1078.49000 110.10000 16.56400 69.30100
29 1 21 05 01 27359.60000 6.26900000 1079.50000 110.30000 16.56400 69.30100
29 1 21 05 01 27377.80000 6.26900000 1079.05000 110.30000 16.56400 69.30100
29 1 21 05 02 27377.70000 6.26900000 1079.42000 110.30000 16.56400 69.30100
29 1 21 05 02 27406.60000 6.26900000 1079.42000 110.37000 16.56400 69.30100
29 1 21 05 03 27422.00000 6.28200000 1079.80000 110.45000 16.43700 69.18900
29 1 21 05 04 27363.10000 6.28400000 1079.80000 110.45000 16.43700 69.18900
29 1 21 05 04 27361.00000 6.29400000 1078.80000 110.45000 16.43700 69.18500
29 1 21 05 05 27329.00000 6.28700000 1076.80000 110.18000 16.43700 69.18500
29 1 21 05 06 27303.00000 6.28800000 1076.92000 110.18000 16.43700 69.18500
29 1 21 05 07 27248.60000 6.23300000 1075.02000 110.03000 16.43700 69.18500
29 1 21 05 08 27267.70000 6.23300000 1075.38000 110.03000 16.43700 69.18500
29 1 21 05 08 27315.60000 6.23300000 1077.74000 110.34000 16.43700 69.18500
29 1 21 05 09 27354.60000 6.23300000 1079.81000 110.34000 16.43700 69.18500
29 1 21 05 10 27284.10000 6.23300000 1077.12000 110.16000 16.43700 69.18500
29 1 21 05 10 27283.90000 6.23300000 1076.69000 110.16000 16.43700 69.18500
29 1 21 05 11 27330.00000 6.23300000 1076.69000 110.16000 16.43700 69.18500
29 1 21 05 11 27349.30000 6.29500000 1079.58000 110.16000 16.43700 69.18500
29 1 21 05 12 27368.50000 6.30600000 1080.48000 110.78000 16.43700 69.36400
29 1 21 05 12 27368.60000 6.30600000 1082.31000 110.78000 16.43700 69.36400
29 1 21 05 13 27379.40000 6.30600000 1081.04000 110.78000 16.43700 69.36400
29 1 21 05 13 27387.30000 6.30600000 1082.93000 110.78000 16.43700 69.36400
29 1 21 05 14 27392.80000 6.30600000 1083.08000 111.01000 16.43700 69.36400
29 1 21 05 14 27374.60000 6.30600000 1083.08000 111.01000 16.43700 69.36400
29 1 21 05 15 27348.40000 6.30600000 1080.99000 110.77000 16.43700 69.36400
29 1 21 05 16 27367.20000 6.32200000 1081.00000 110.77000 16.43700 69.40300
29 1 21 05 16 27330.90000 6.34400000 1081.19000 110.77000 16.40000 69.40300
29 1 21 05 17 27339.00000 6.35900000 1080.72000 110.76000 16.40000 69.40300
29 1 21 05 18 27334.20000 6.37500000 1080.67000 110.71000 16.40000 69.40300
29 1 21 05 19 27333.40000 6.37500000 1081.20000 110.71000 16.40000 69.40300
29 1 21 05 19 27373.40000 6.37500000 1083.56000 111.03000 16.40000 69.40300
29 1 21 05 19 27368.70000 6.37500000 1083.63000 111.03000 16.40000 69.40300
29 1 21 05 20 27322.40000 6.38000000 1082.08000 111.03000 16.40000 69.52300
29 1 21 05 20 27309.20000 6.38000000 1080.65000 111.03000 16.40000 69.52300
29 1 21 05 21 27289.70000 6.38000000 1080.74000 111.03000 16.40000 69.52300
29 1 21 05 21 27327.80000 6.38000000 1080.38000 110.40000 16.40000 69.52300
29 1 21 05 22 27334.20000 6.38000000 1080.72000 110.40000 16.40000 69.52300
29 1 21 05 22 27342.80000 6.38000000 1080.72000 110.55000 16.40000 69.52300
29 1 21 05 22 27335.50000 6.38000000 1080.66000 110.55000 16.40000 69.52300
29 1 21 05 23 27347.20000 6.38000000 1080.38000 110.55000 16.40000 69.52300
29 1 21 05 23 27294.60000 6.38000000 1080.26000 110.55000 16.40000 69.52300
29 1 21 05 24 27290.30000 6.34600000 1079.29000 110.55000 16.40000 69.49700
29 1 21 05 24 27290.30000 6.34600000 1079.29000 110.59000 16.40000 69.49700
29 1 21 05 25 27290.30000 6.34600000 1079.29000 110.57000 16.40000 69.49700
29 1 21 05 25 27285.60000 6.34600000 1078.01000 110.59000 16.40000 69.49700
29 1 21 05 25 27224.80000 6.34600000 1076.77000 110.45000 16.31000 69.49700
29 1 21 05 26 27198.60000 6.33400000 1075.71000 110.39000 16.31000 69.49700
29 1 21 05 26 27187.60000 6.33400000 1075.36000 110.39000 16.31000 69.49700
29 1 21 05 27 27112.30000 6.33400000 1073.23000 110.00000 16.31000 69.49700
29 1 21 05 27 27167.40000 6.33400000 1073.89000 110.14000 16.31000 69.49700
29 1 21 05 28 27148.70000 6.33400000 1073.89000 110.14000 16.31000 69.49700
29 1 21 05 28 27155.80000 6.33400000 1074.19000 110.06000 16.31000 69.49700
29 1 21 05 28 27154.80000 6.33400000 1074.19000 110.11000 16.31000 69.49700
29 1 21 05 29 27202.90000 6.33400000 1076.28000 110.11000 16.31000 69.49700
29 1 21 05 29 27202.80000 6.33400000 1076.28000 110.11000 16.31000 69.37400
29 1 21 05 30 27162.50000 6.33400000 1074.26000 110.43000 16.31000 69.26000
29 1 21 05 30 27184.90000 6.33400000 1075.76000 110.47000 16.31000 69.26000
29 1 21 05 31 27211.00000 6.33400000 1075.90000 110.47000 16.31000 69.26000
29 1 21 05 31 27242.50000 6.33400000 1079.17000 110.83000 16.31000 69.26000
29 1 21 05 32 27270.30000 6.33400000 1079.17000 111.04000 16.31000 69.26000
29 1 21 05 32 27274.70000 6.33400000 1081.51000 110.96000 16.31000 69.26000
29 1 21 05 33 27266.60000 6.33400000 1081.51000 110.93000 16.31000 69.26000
29 1 21 05 33 27260.80000 6.33400000 1079.17000 110.88000 16.31000 69.26000
29 1 21 05 34 27285.30000 6.33400000 1080.02000 110.96000 16.31000 69.35200
29 1 21 05 34 27302.90000 6.41800000 1081.03000 110.96000 16.31000 69.35200
29 1 21 05 35 27325.30000 6.41800000 1080.65000 110.96000 16.31000 69.35200
29 1 21 05 35 27301.60000 6.41800000 1080.65000 110.96000 16.31000 69.35200
29 1 21 05 35 27305.40000 6.41800000 1080.20000 110.96000 16.31000 69.35200
29 1 21 05 36 27346.80000 6.41800000 1080.01000 110.96000 16.31000 69.35200
29 1 21 05 36 27337.50000 6.41800000 1080.00000 110.96000 16.31000 69.35200
29 1 21 05 37 27341.90000 6.41800000 1080.00000 111.15000 16.31000 69.35200
29 1 21 05 37 27342.00000 6.41800000 1080.23000 111.28000 16.31000 69.35200
29 1 21 05 38 27343.10000 6.41800000 1079.62000 111.23000 16.31000 69.35200
29 1 21 05 38 27342.90000 6.41800000 1079.53000 111.20000 16.31000 69.35200
29 1 21 05 38 27337.50000 6.41800000 1079.01000 111.20000 16.31000 69.35200
29 1 21 05 39 27341.80000 6.41800000 1080.70000 111.19000 16.31000 69.35200
29 1 21 05 39 27310.90000 6.41800000 1078.50000 111.19000 16.31000 69.35200
29 1 21 05 40 27311.00000 6.41800000 1077.35000 111.19000 16.31000 69.35200
29 1 21 05 40 27302.50000 6.36800000 1077.01000 111.19000 16.31000 69.35200
29 1 21 05 41 27306.10000 6.36800000 1077.75000 111.19000 16.31000 69.35200
29 1 21 05 41 27308.00000 6.36800000 1076.65000 111.01000 16.31000 69.35200
29 1 21 05 41 27323.50000 6.36800000 1078.53000 111.01000 16.31000 69.35200
29 1 21 05 42 27310.00000 6.36800000 1075.97000 111.21000 16.31000 69.35200
29 1 21 05 42 27310.00000 6.36800000 1077.64000 111.21000 16.31000 69.35200
29 1 21 05 43 27356.20000 6.36800000 1078.66000 111.21000 16.31000 69.35200
29 1 21 05 43 27352.80000 6.36800000 1079.30000 111.21000 16.31000 69.34300
29 1 21 05 44 27368.90000 6.36800000 1080.51000 111.34000 16.31000 69.34300
29 1 21 05 44 27378.50000 6.36800000 1079.77000 111.32000 16.31000 69.34300
29 1 21 05 44 27378.50000 6.39000000 1079.77000 111.26000 16.31000 69.34300
29 1 21 05 45 27350.20000 6.39000000 1079.72000 111.15000 16.31000 69.34300
29 1 21 05 45 27350.00000 6.42900000 1079.00000 111.15000 16.31000 69.34300
29 1 21 05 46 27310.10000 6.42900000 1077.44000 110.77000 16.31000 69.34300
29 1 21 05 46 27300.00000 6.42900000 1076.07000 110.71000 16.31000 69.34300
