M=[
18 4 21 11 50 45136.60000 27.13100000 1732.50000 211.44000 35.26100 180.94800
18 4 21 11 50 45317.20000 27.13100000 1742.66000 213.39000 35.26100 181.17400
18 4 21 11 51 45317.20000 27.21900000 1741.76000 213.01000 35.26100 181.17400
18 4 21 11 51 45275.80000 27.23700000 1740.86000 213.65000 35.26100 181.70300
18 4 21 11 52 45242.30000 27.12000000 1742.04000 214.16000 35.26100 181.70300
18 4 21 11 52 45248.80000 26.94800000 1740.01000 214.09000 35.26100 182.07400
18 4 21 11 53 45150.20000 26.94600000 1731.16000 213.01000 35.26100 182.07400
18 4 21 11 53 45111.90000 26.99700000 1730.00000 212.92000 35.57500 180.54900
18 4 21 11 53 45000.00000 26.85300000 1725.67000 212.05000 35.57500 180.00000
18 4 21 11 54 44968.00000 26.85300000 1726.05000 211.53000 35.57500 179.96700
18 4 21 11 54 44955.10000 26.85300000 1725.13000 210.40000 35.57500 179.64400
18 4 21 11 55 44893.00000 26.70400000 1723.46000 209.81000 34.85600 178.90100
18 4 21 11 55 44850.90000 26.64500000 1724.99000 210.22000 35.29900 179.18500
18 4 21 11 56 44840.90000 26.76500000 1721.12000 208.67000 35.29900 178.36200
18 4 21 11 56 44765.20000 26.78600000 1718.23000 208.41000 35.29900 178.00000
18 4 21 11 56 44684.50000 26.54600000 1718.36000 207.54000 35.29900 176.30300
18 4 21 11 57 44774.50000 26.60500000 1722.87000 208.40000 34.66100 176.91800
18 4 21 11 57 44819.10000 26.71500000 1725.00000 209.09000 34.66100 177.60000
18 4 21 11 58 44880.60000 26.81800000 1726.16000 209.66000 34.66100 177.17700
18 4 21 11 58 44778.90000 26.81900000 1723.99000 209.10000 34.66100 177.63000
18 4 21 11 59 44766.40000 26.83600000 1726.92000 208.71000 34.66100 177.10700
18 4 21 11 59 44797.30000 26.83600000 1724.00000 209.33000 34.66100 176.86900
18 4 21 11 59 44710.90000 26.70300000 1723.58000 209.13000 34.60000 176.89700
18 4 21 12 00 44687.90000 26.68900000 1717.91000 208.60000 34.56300 175.73700
18 4 21 12 00 44788.50000 26.82000000 1719.54000 209.00000 34.56300 176.07800
18 4 21 12 01 44941.00000 26.91700000 1731.90000 211.08000 34.56300 177.16900
18 4 21 12 01 45050.00000 26.95100000 1735.64000 211.31000 34.56300 177.36200
18 4 21 12 02 44982.40000 26.95100000 1733.09000 211.99000 34.56300 178.16900
18 4 21 12 02 45139.90000 26.96900000 1738.57000 212.47000 34.56300 180.02000
18 4 21 12 02 45116.20000 26.96900000 1741.13000 213.24000 34.25400 179.88000
18 4 21 12 03 45240.20000 27.12900000 1745.00000 214.14000 34.26200 181.23500
18 4 21 12 03 45281.20000 26.98600000 1746.50000 214.20000 34.26200 181.44000
18 4 21 12 04 45332.60000 27.23600000 1745.63000 214.10000 34.72300 181.49300
18 4 21 12 04 45243.80000 27.19200000 1742.94000 213.86000 34.72300 181.49300
18 4 21 12 05 45290.00000 27.25800000 1746.85000 213.77000 34.72300 181.49300
18 4 21 12 05 45305.10000 27.25400000 1746.94000 213.57000 34.72300 181.49300
18 4 21 12 05 45204.20000 27.09200000 1741.27000 212.59000 34.72300 181.49300
18 4 21 12 06 45200.10000 27.06500000 1741.14000 212.91000 34.72300 181.31900
18 4 21 12 06 45225.70000 27.06500000 1741.74000 212.81000 34.72300 181.31900
18 4 21 12 07 45187.20000 27.26800000 1741.15000 212.76000 34.60300 181.31900
18 4 21 12 07 45247.00000 27.29500000 1744.99000 213.23000 34.60300 180.82200
18 4 21 12 08 45358.60000 27.28500000 1750.00000 213.53000 34.61700 181.53800
18 4 21 12 08 45468.40000 27.41800000 1754.72000 214.49000 34.77500 182.58500
18 4 21 12 08 45436.20000 27.34700000 1751.22000 214.40000 34.77500 182.58500
18 4 21 12 09 45447.00000 27.40900000 1755.28000 214.07000 34.29700 182.58500
18 4 21 12 09 45420.20000 27.37400000 1752.37000 213.65000 34.29700 182.58500
18 4 21 12 10 45362.60000 27.31200000 1748.56000 213.46000 34.29800 181.59400
18 4 21 12 10 45304.80000 27.42900000 1747.59000 213.44000 34.29800 181.59400
18 4 21 12 10 45358.20000 27.42900000 1748.41000 213.08000 34.29800 182.22300
18 4 21 12 11 45374.10000 27.42900000 1748.61000 213.13000 34.29800 182.22300
18 4 21 12 11 45350.00000 27.27700000 1746.91000 213.46000 34.29800 182.22300
18 4 21 12 12 45317.90000 27.14700000 1743.90000 212.28000 34.29800 182.22300
18 4 21 12 12 45320.00000 27.07500000 1742.76000 212.23000 34.29800 180.57100
18 4 21 12 13 45320.20000 27.27200000 1742.50000 212.36000 34.29800 179.86200
18 4 21 12 13 45259.20000 27.14900000 1741.69000 211.52000 34.73700 180.68500
18 4 21 12 13 45260.60000 27.14900000 1740.04000 211.52000 34.73700 180.68500
18 4 21 12 14 45279.10000 27.24800000 1741.04000 211.90000 34.73700 179.92500
18 4 21 12 14 45261.10000 27.24800000 1740.60000 211.59000 34.73700 179.92500
18 4 21 12 15 45243.20000 27.21400000 1742.08000 211.75000 34.69900 179.92500
18 4 21 12 15 45231.60000 27.21900000 1741.02000 211.89000 34.31200 179.92500
18 4 21 12 16 45206.10000 27.22200000 1742.10000 211.54000 34.31200 179.33100
18 4 21 12 16 45219.50000 27.22200000 1742.63000 211.89000 34.31200 179.51700
18 4 21 12 16 45245.20000 27.22200000 1744.83000 212.00000 34.31200 179.51700
18 4 21 12 17 45254.90000 27.23200000 1747.05000 212.00000 34.31200 179.51700
18 4 21 12 17 45255.00000 27.14600000 1748.16000 212.29000 34.65800 179.51700
18 4 21 12 18 45246.50000 27.25600000 1748.36000 212.08000 34.79800 179.51700
18 4 21 12 18 45228.50000 27.25600000 1750.41000 212.53000 34.79800 179.51700
18 4 21 12 19 45231.20000 27.25600000 1747.36000 212.20000 34.79800 179.51700
18 4 21 12 19 45262.10000 27.25600000 1743.90000 212.25000 34.79800 179.51700
18 4 21 12 19 45007.50000 26.98600000 1731.07000 211.22000 34.79800 178.80000
18 4 21 12 20 44872.60000 26.87100000 1722.15000 210.25000 34.52800 178.80000
18 4 21 12 20 44885.60000 26.60000000 1721.04000 209.76000 34.52800 177.54300
18 4 21 12 21 44890.70000 26.65400000 1720.42000 209.57000 34.52800 177.54300
18 4 21 12 21 45087.10000 26.65400000 1730.35000 210.19000 34.52800 178.26800
18 4 21 12 22 45256.50000 26.65400000 1737.87000 210.80000 34.52800 178.26800
18 4 21 12 22 45259.00000 27.00500000 1738.03000 211.39000 34.52800 178.26800
18 4 21 12 22 45254.90000 27.00500000 1743.25000 211.48000 34.52800 179.35900
18 4 21 12 23 45277.90000 27.08100000 1742.79000 211.80000 34.52800 179.35900
18 4 21 12 23 45254.00000 27.04600000 1740.59000 211.67000 34.52800 179.40400
18 4 21 12 24 45287.30000 26.94200000 1740.72000 212.14000 34.52800 179.01600
18 4 21 12 24 45359.60000 27.13300000 1743.95000 213.00000 34.52800 179.01600
18 4 21 12 25 45450.00000 27.13300000 1748.63000 213.12000 34.52800 180.46900
18 4 21 12 25 45448.80000 27.13300000 1745.91000 213.16000 34.52800 180.56900
18 4 21 12 25 45476.20000 27.32000000 1748.22000 213.39000 34.52800 180.56900
18 4 21 12 26 45490.00000 27.58000000 1749.27000 214.22000 34.52800 180.56900
18 4 21 12 26 45442.70000 27.58000000 1746.68000 213.30000 34.52800 180.56900
18 4 21 12 27 45494.60000 27.58000000 1746.75000 213.66000 34.52800 180.92400
18 4 21 12 27 45565.60000 27.58000000 1751.62000 214.11000 34.52800 180.92400
18 4 21 12 28 45550.00000 27.65600000 1750.19000 214.37000 34.52800 180.92400
18 4 21 12 28 45558.10000 27.55800000 1751.45000 213.77000 34.52800 180.97700
18 4 21 12 28 45550.00000 27.55800000 1753.81000 214.11000 34.52800 180.97700
18 4 21 12 29 45550.00000 27.65400000 1753.70000 213.99000 34.52800 181.96500
18 4 21 12 29 45539.20000 27.72100000 1751.78000 213.95000 34.52800 181.96500
18 4 21 12 30 45487.00000 27.79100000 1749.24000 213.65000 34.52800 181.95000
18 4 21 12 30 45428.30000 27.80000000 1743.87000 213.31000 34.52800 181.40900
18 4 21 12 31 45396.50000 27.63600000 1739.94000 212.38000 34.52800 181.09300
18 4 21 12 31 45486.00000 27.77500000 1742.59000 213.49000 34.52800 181.09300
18 4 21 12 31 45470.30000 27.77500000 1744.54000 213.22000 34.52800 181.09300
18 4 21 12 32 45545.60000 27.77800000 1745.20000 213.35000 34.59100 181.09300
18 4 21 12 32 45632.30000 27.90800000 1752.30000 214.67000 34.60500 182.09700
18 4 21 12 33 45709.20000 27.90800000 1753.70000 214.67000 34.60500 182.09700
18 4 21 12 33 45716.50000 27.90800000 1756.29000 214.51000 34.60500 182.09700
