M=[
11 3 21 16 26 47474.50000 10.20300000 1503.16000 166.67000 27.58700 129.34800
11 3 21 16 26 47474.60000 10.20300000 1503.58000 166.65000 27.58700 129.34800
11 3 21 16 27 47484.00000 10.20300000 1503.06000 166.65000 27.58700 129.34800
11 3 21 16 27 47531.50000 10.20300000 1504.69000 166.76000 27.58700 129.60200
11 3 21 16 28 47531.50000 10.20300000 1503.71000 166.76000 27.58700 129.88200
11 3 21 16 28 47531.50000 10.20300000 1502.63000 166.71000 27.58700 129.42100
11 3 21 16 29 47525.00000 10.20300000 1502.62000 166.58000 27.58700 129.42100
11 3 21 16 29 47525.00000 10.20300000 1503.93000 166.71000 27.58700 129.42100
11 3 21 16 29 47531.50000 10.20300000 1503.93000 166.71000 27.58700 129.42100
11 3 21 16 30 47531.50000 10.20300000 1503.69000 166.71000 27.58700 129.73100
11 3 21 16 30 47580.00000 10.20300000 1504.84000 166.71000 27.58700 129.73100
11 3 21 16 31 47588.60000 10.20300000 1504.99000 166.74000 27.58700 129.78900
11 3 21 16 31 47597.10000 10.25100000 1507.13000 167.22000 27.58700 130.04100
11 3 21 16 32 47577.50000 10.25100000 1507.80000 167.29000 27.58700 130.04100
11 3 21 16 32 47554.70000 10.25100000 1507.23000 167.29000 27.58700 130.04100
11 3 21 16 32 47493.30000 10.25100000 1505.00000 167.29000 27.58700 130.04100
11 3 21 16 33 47447.80000 10.25100000 1502.20000 167.29000 27.88300 129.39700
11 3 21 16 33 47511.30000 10.25100000 1502.20000 167.29000 27.88300 129.34300
11 3 21 16 34 47478.40000 10.25100000 1503.19000 167.29000 27.88200 129.19000
11 3 21 16 34 47482.30000 10.25100000 1503.00000 166.79000 27.88200 129.39600
11 3 21 16 35 47455.60000 10.25100000 1502.01000 166.73000 27.88200 129.39600
11 3 21 16 35 47518.00000 10.25100000 1502.29000 166.74000 27.88200 129.39600
11 3 21 16 35 47480.50000 10.25100000 1502.14000 166.64000 27.88200 129.39600
11 3 21 16 36 47486.20000 10.25100000 1502.10000 166.57000 27.88200 128.99400
11 3 21 16 36 47549.80000 10.25100000 1504.00000 166.57000 27.88200 128.99400
11 3 21 16 37 47569.90000 10.25100000 1504.00000 166.57000 27.88200 128.99400
11 3 21 16 37 47590.30000 10.25100000 1504.01000 166.57000 27.88200 128.99400
11 3 21 16 38 47601.60000 10.25100000 1504.01000 166.57000 27.88200 128.52000
11 3 21 16 38 47601.00000 10.25100000 1504.01000 167.06000 27.88200 128.88500
11 3 21 16 38 47601.10000 10.25100000 1505.81000 166.98000 27.88200 128.88500
11 3 21 16 39 47588.10000 10.25100000 1505.24000 166.83000 27.88200 128.80200
11 3 21 16 39 47572.70000 10.25100000 1505.01000 166.83000 27.88200 128.56000
11 3 21 16 40 47533.80000 10.25100000 1504.01000 166.77000 27.88200 128.56000
11 3 21 16 40 47514.20000 10.21600000 1504.19000 166.76000 27.88200 128.63600
11 3 21 16 41 47508.00000 10.21600000 1504.01000 166.76000 27.88200 128.63600
11 3 21 16 41 47513.80000 10.21600000 1503.23000 166.68000 27.88200 128.49800
11 3 21 16 41 47543.00000 10.21600000 1504.03000 166.77000 27.88200 128.49800
11 3 21 16 42 47543.00000 10.21600000 1504.02000 166.77000 27.88200 128.61000
11 3 21 16 42 47577.20000 10.21600000 1504.06000 166.80000 27.88200 128.61000
11 3 21 16 43 47562.60000 10.21600000 1503.01000 166.76000 27.88200 128.37400
11 3 21 16 43 47551.20000 10.22300000 1502.74000 166.76000 27.88200 128.35400
11 3 21 16 44 47537.10000 10.22300000 1502.02000 166.62000 27.88200 128.21700
11 3 21 16 44 47543.00000 10.22300000 1502.01000 166.73000 27.88200 128.24000
11 3 21 16 44 47490.20000 10.22300000 1502.01000 166.51000 27.88200 128.29900
11 3 21 16 45 47425.00000 10.22300000 1502.00000 166.35000 27.88200 128.29900
11 3 21 16 45 47425.00000 10.24200000 1501.00000 166.35000 27.88200 128.29900
11 3 21 16 46 47350.00000 10.24200000 1498.08000 166.35000 27.88200 127.77000
11 3 21 16 46 47346.40000 10.24200000 1497.99000 165.95000 27.88200 127.77000
11 3 21 16 47 47300.00000 10.24200000 1495.12000 165.67000 27.88200 127.77000
11 3 21 16 47 47300.00000 10.24200000 1495.50000 165.72000 27.88200 127.77000
11 3 21 16 47 47339.90000 10.24200000 1497.85000 165.72000 27.88200 127.44100
11 3 21 16 48 47329.80000 10.24200000 1496.18000 165.72000 27.88200 127.32200
11 3 21 16 48 47297.70000 10.24200000 1492.52000 165.41000 27.88200 126.97800
11 3 21 16 49 47306.80000 10.24200000 1491.99000 165.39000 27.88200 127.24100
11 3 21 16 49 47309.10000 10.24200000 1492.90000 165.39000 27.88200 127.51000
11 3 21 16 50 47278.20000 10.24200000 1492.86000 165.53000 27.88200 126.97200
11 3 21 16 50 47299.90000 10.24200000 1492.70000 165.72000 27.88200 126.91100
11 3 21 16 50 47299.90000 10.24200000 1493.59000 165.74000 27.88200 126.91100
11 3 21 16 51 47300.00000 10.24200000 1493.01000 165.74000 27.88200 127.40200
11 3 21 16 51 47309.00000 10.24200000 1493.30000 165.71000 27.88200 127.61000
11 3 21 16 52 47375.20000 10.24200000 1494.54000 165.76000 27.88200 127.43200
11 3 21 16 52 47375.30000 10.24200000 1494.95000 165.95000 27.88200 127.43200
11 3 21 16 53 47405.50000 10.24200000 1494.84000 166.15000 27.88200 127.43200
11 3 21 16 53 47387.30000 10.24200000 1495.00000 166.15000 27.88200 127.43200
11 3 21 16 53 47387.30000 10.24200000 1496.18000 166.17000 27.88200 127.43200
11 3 21 16 54 47387.20000 10.24200000 1496.31000 166.16000 27.88200 128.03500
11 3 21 16 54 47376.10000 10.20400000 1494.62000 166.16000 27.88200 128.03500
11 3 21 16 55 47376.20000 10.20400000 1495.23000 166.16000 27.88200 128.03500
11 3 21 16 55 47344.70000 10.20400000 1492.98000 165.99000 27.88200 127.58600
11 3 21 16 56 47341.00000 10.20400000 1492.74000 165.99000 27.88200 127.64600
11 3 21 16 56 47341.00000 10.20400000 1493.49000 165.94000 27.88200 127.64600
11 3 21 16 56 47375.20000 10.20400000 1493.49000 165.94000 27.88200 127.66700
11 3 21 16 57 47375.30000 10.20400000 1492.83000 165.90000 27.88200 127.31300
11 3 21 16 57 47375.20000 10.20400000 1493.88000 165.95000 27.88200 127.31300
11 3 21 16 58 47387.30000 10.20400000 1493.72000 165.95000 27.88200 127.31300
11 3 21 16 58 47387.30000 10.20400000 1493.94000 165.85000 27.88200 127.31300
11 3 21 16 59 47387.30000 10.20400000 1497.36000 165.86000 27.88200 127.31300
11 3 21 16 59 47487.20000 10.20400000 1499.38000 165.86000 27.88200 127.31300
11 3 21 16 59 47483.20000 10.20400000 1498.20000 166.19000 27.88200 127.31300
11 3 21 17 00 47529.40000 10.20400000 1499.48000 166.47000 27.88200 127.27300
11 3 21 17 00 47547.00000 10.20400000 1499.90000 166.72000 27.88200 127.27300
11 3 21 17 01 47546.90000 10.20400000 1500.00000 166.73000 27.81200 128.11900
11 3 21 17 01 47568.30000 10.20400000 1500.00000 166.74000 27.81200 128.11900
11 3 21 17 02 47585.00000 10.19000000 1500.69000 166.93000 27.81200 128.11900
11 3 21 17 02 47566.90000 10.19000000 1501.23000 166.93000 27.81200 128.11900
11 3 21 17 02 47539.90000 10.19000000 1500.42000 166.93000 27.81200 128.10100
11 3 21 17 03 47493.20000 10.19000000 1499.24000 166.50000 27.81200 128.10100
11 3 21 17 03 47416.00000 10.19000000 1498.25000 166.50000 27.81200 128.10100
11 3 21 17 04 47405.80000 10.19000000 1496.05000 166.39000 27.81200 127.72400
11 3 21 17 04 47387.40000 10.19000000 1495.00000 166.27000 27.81200 127.72400
11 3 21 17 05 47375.40000 10.19000000 1493.17000 166.10000 27.81200 127.50900
11 3 21 17 05 47417.80000 10.19000000 1493.95000 166.10000 27.81200 127.72600
11 3 21 17 05 47425.00000 10.19000000 1495.54000 166.25000 27.81200 127.87300
11 3 21 17 06 47406.20000 10.19000000 1494.67000 166.09000 27.81200 127.92500
11 3 21 17 06 47340.90000 10.19000000 1494.00000 166.00000 27.68200 127.24900
11 3 21 17 07 47358.50000 10.14700000 1491.53000 165.76000 27.68200 127.19200
11 3 21 17 07 47347.30000 10.14700000 1491.86000 165.76000 27.68200 127.19200
11 3 21 17 08 47355.80000 10.14700000 1493.08000 165.76000 27.68200 127.19200
11 3 21 17 08 47301.30000 10.14700000 1492.72000 165.68000 27.68200 127.12200
11 3 21 17 08 47292.50000 10.12900000 1491.94000 165.67000 27.68200 127.12200
11 3 21 17 09 47321.80000 10.12900000 1493.43000 165.67000 27.68200 127.12200
11 3 21 17 09 47342.20000 10.12900000 1493.99000 165.67000 27.68200 127.12200
