M=[
23 6 21 04 25 28385.60000 32.58700000 1679.27000 107.40000 15.00000 95.39500
23 6 21 04 26 28390.30000 32.58700000 1679.27000 107.52000 15.00000 95.39500
23 6 21 04 26 28427.90000 32.47200000 1680.50000 107.52000 15.00000 95.39500
23 6 21 04 27 28423.20000 32.47200000 1680.30000 107.65000 15.00000 95.39500
23 6 21 04 27 28423.60000 32.47200000 1680.38000 107.65000 15.00000 95.39500
23 6 21 04 27 28423.60000 32.47200000 1680.38000 107.75000 15.00000 95.39500
23 6 21 04 28 28450.00000 32.47200000 1680.38000 107.75000 15.00000 95.39500
23 6 21 04 28 28449.90000 32.47200000 1682.74000 107.75000 15.00000 95.39500
23 6 21 04 29 28465.00000 32.47200000 1682.74000 107.75000 15.00000 95.39500
23 6 21 04 29 28465.00000 32.47200000 1682.74000 107.75000 15.00000 95.39500
23 6 21 04 30 28457.10000 32.47200000 1683.74000 107.75000 15.00000 95.39500
23 6 21 04 30 28467.10000 32.47200000 1683.75000 107.90000 15.00000 95.39500
23 6 21 04 30 28472.80000 32.47200000 1683.25000 107.70000 15.00000 95.39500
23 6 21 04 31 28498.90000 32.47200000 1684.69000 107.88000 15.00000 95.39500
23 6 21 04 31 28532.90000 32.47200000 1685.52000 107.88000 15.00000 95.39500
23 6 21 04 32 28594.60000 32.47200000 1687.50000 107.88000 15.00000 95.39500
23 6 21 04 32 28566.50000 32.47200000 1687.67000 107.88000 15.00000 95.39500
23 6 21 04 33 28503.30000 32.47200000 1687.67000 107.88000 15.00000 95.39500
23 6 21 04 33 28478.20000 32.47200000 1683.82000 107.88000 15.00000 95.39500
23 6 21 04 33 28509.60000 32.47200000 1684.68000 107.88000 15.00000 95.39500
23 6 21 04 34 28567.70000 32.47200000 1687.00000 107.88000 15.00000 95.76600
23 6 21 04 34 28543.50000 32.47200000 1686.56000 107.88000 15.00000 95.76600
23 6 21 04 35 28542.70000 32.47200000 1686.56000 108.38000 15.00000 95.76600
23 6 21 04 35 28553.20000 32.47200000 1687.12000 108.35000 15.00000 95.76600
23 6 21 04 36 28571.30000 32.47200000 1688.79000 108.37000 15.00000 95.76600
23 6 21 04 36 28536.60000 32.47200000 1689.59000 108.37000 15.00000 95.76600
23 6 21 04 36 28542.90000 32.47200000 1689.59000 108.37000 15.00000 95.76600
23 6 21 04 37 28510.70000 32.47200000 1689.59000 108.25000 15.00000 95.76600
23 6 21 04 37 28511.30000 32.47200000 1687.85000 108.20000 15.00000 95.76600
23 6 21 04 38 28528.50000 32.47200000 1689.26000 108.20000 15.00000 95.76600
23 6 21 04 38 28531.50000 32.47200000 1690.00000 108.34000 15.00000 95.76600
23 6 21 04 39 28512.60000 32.47200000 1690.00000 108.34000 15.00000 95.76600
23 6 21 04 39 28493.90000 32.75300000 1687.07000 108.34000 15.00000 95.76600
23 6 21 04 39 28493.00000 32.75300000 1686.58000 108.34000 15.00000 95.76600
23 6 21 04 40 28480.00000 32.75300000 1686.13000 107.96000 15.00000 95.76600
23 6 21 04 40 28480.00000 32.75300000 1685.80000 107.96000 15.00000 95.76600
23 6 21 04 41 28492.80000 32.75300000 1686.00000 107.96000 15.00000 95.76600
23 6 21 04 41 28488.60000 32.75300000 1687.31000 108.02000 15.00000 95.76600
23 6 21 04 42 28491.90000 32.75300000 1688.14000 108.02000 15.00000 95.53700
23 6 21 04 42 28483.20000 32.75300000 1688.14000 108.02000 15.00000 95.53700
23 6 21 04 42 28488.40000 32.75300000 1688.14000 108.02000 15.00000 95.53700
23 6 21 04 43 28495.80000 32.75300000 1688.32000 108.02000 15.00000 95.53700
23 6 21 04 43 28480.10000 32.75300000 1687.64000 108.02000 15.00000 95.53700
23 6 21 04 44 28509.60000 32.75300000 1688.32000 108.02000 15.00000 95.60900
23 6 21 04 44 28544.60000 32.75300000 1690.73000 108.02000 15.00000 95.60900
23 6 21 04 45 28536.90000 32.75300000 1690.95000 108.02000 15.00000 95.60900
23 6 21 04 45 28502.10000 32.75300000 1687.95000 108.02000 15.00000 95.60900
23 6 21 04 45 28491.90000 32.75300000 1687.56000 108.02000 15.00000 95.60900
23 6 21 04 46 28495.10000 32.75300000 1686.17000 108.02000 15.00000 95.60900
23 6 21 04 46 28522.00000 32.75300000 1687.66000 108.02000 15.00000 95.60900
23 6 21 04 47 28514.60000 32.75300000 1687.66000 108.02000 15.00000 95.60900
23 6 21 04 47 28488.40000 32.75300000 1686.35000 108.02000 15.00000 95.60900
23 6 21 04 48 28466.90000 32.75300000 1685.64000 108.02000 15.00000 95.60900
23 6 21 04 48 28467.30000 32.75300000 1685.85000 107.77000 15.00000 95.60900
23 6 21 04 48 28508.80000 32.75300000 1686.97000 108.05000 15.00000 95.60900
23 6 21 04 49 28558.10000 32.75300000 1686.97000 108.05000 15.00000 95.60900
23 6 21 04 49 28548.80000 32.75300000 1686.97000 108.05000 15.00000 95.60900
23 6 21 04 50 28553.00000 32.75300000 1691.87000 108.05000 15.00000 95.83700
23 6 21 04 50 28558.20000 32.75300000 1691.87000 108.05000 15.00000 95.83700
23 6 21 04 51 28558.30000 32.97200000 1693.20000 108.05000 15.00000 95.83700
23 6 21 04 51 28562.80000 32.97200000 1692.69000 108.33000 15.00000 95.83700
23 6 21 04 51 28561.40000 32.97200000 1692.69000 108.33000 15.00000 95.83700
23 6 21 04 52 28554.00000 32.97200000 1690.00000 108.33000 15.00000 95.83700
23 6 21 04 52 28559.80000 32.97200000 1688.35000 108.33000 15.00000 95.83700
23 6 21 04 53 28579.80000 32.97200000 1689.38000 108.33000 15.00000 95.83700
23 6 21 04 53 28629.60000 32.97200000 1694.43000 108.41000 15.00000 95.83700
23 6 21 04 54 28717.30000 32.97200000 1699.22000 108.41000 15.00000 96.30600
23 6 21 04 54 28733.10000 33.13300000 1700.57000 109.22000 15.00000 96.30600
23 6 21 04 54 28766.60000 33.13300000 1701.74000 109.22000 15.00000 96.30600
23 6 21 04 55 28720.30000 33.13300000 1697.83000 109.04000 15.00000 96.42000
23 6 21 04 55 28702.80000 33.13300000 1695.35000 108.89000 15.00000 96.42000
23 6 21 04 56 28685.30000 33.13300000 1694.44000 108.83000 15.00000 96.16900
23 6 21 04 56 28657.60000 33.13300000 1694.92000 108.83000 15.00000 96.16900
23 6 21 04 57 28632.40000 33.13300000 1690.56000 108.83000 15.00000 96.16900
23 6 21 04 57 28647.60000 33.13300000 1691.25000 108.83000 15.00000 96.16900
23 6 21 04 57 28574.80000 33.13300000 1691.25000 108.34000 15.00000 96.16900
23 6 21 04 58 28551.50000 32.94800000 1687.12000 108.34000 15.00000 96.16900
23 6 21 04 58 28557.80000 32.94800000 1688.40000 108.34000 15.00000 96.16900
23 6 21 04 59 28454.00000 32.94800000 1682.86000 107.95000 15.00000 96.16900
23 6 21 04 59 28388.10000 32.73900000 1679.10000 107.95000 15.00000 95.25800
23 6 21 05 00 28418.50000 32.73900000 1682.12000 107.95000 15.23000 95.25800
23 6 21 05 00 28363.60000 32.73900000 1680.42000 107.74000 15.23000 95.25800
23 6 21 05 00 28289.00000 32.73900000 1675.26000 107.21000 15.17600 94.96500
23 6 21 05 01 28289.00000 32.73900000 1674.70000 107.15000 15.17600 94.84000
23 6 21 05 01 28286.70000 32.52600000 1673.93000 107.34000 15.17800 94.84000
23 6 21 05 02 28232.70000 32.52600000 1673.52000 107.05000 15.12700 94.84000
23 6 21 05 02 28247.70000 32.52600000 1672.05000 107.05000 15.12700 94.54500
23 6 21 05 03 28281.00000 32.52600000 1674.44000 107.05000 15.12700 94.54500
23 6 21 05 03 28299.90000 32.52600000 1676.49000 107.05000 15.12700 94.54500
23 6 21 05 03 28283.10000 32.52600000 1673.78000 107.26000 15.12700 94.54500
23 6 21 05 04 28328.10000 32.52600000 1677.24000 107.32000 15.12700 94.54500
23 6 21 05 04 28336.00000 32.52600000 1677.48000 107.32000 15.12700 94.54500
23 6 21 05 05 28316.70000 32.52600000 1673.81000 107.59000 15.12700 94.54500
23 6 21 05 05 28310.30000 32.52600000 1676.62000 107.59000 15.12700 94.54500
23 6 21 05 06 28343.50000 32.52600000 1677.75000 107.59000 15.12700 94.83400
23 6 21 05 06 28348.70000 32.62500000 1679.16000 107.59000 15.12700 94.83400
23 6 21 05 06 28346.80000 32.62500000 1678.80000 108.00000 15.12700 94.83400
23 6 21 05 07 28360.80000 32.62500000 1679.99000 108.21000 15.12700 94.95500
23 6 21 05 07 28321.60000 32.62500000 1678.24000 108.04000 15.12700 94.95500
23 6 21 05 08 28342.50000 32.62500000 1679.69000 108.04000 15.12700 95.16700
23 6 21 05 08 28334.40000 32.62500000 1679.54000 108.15000 15.12700 95.16700
23 6 21 05 09 28334.40000 32.62500000 1679.99000 108.15000 15.12700 95.16700
23 6 21 05 09 28385.50000 32.62500000 1679.40000 108.15000 15.12700 95.16700
