M=[
23 4 21 13 11 40940.00000 25.01600000 1868.50000 192.42000 32.24100 169.26500
23 4 21 13 12 40955.40000 25.01600000 1869.67000 192.37000 32.24100 169.26500
23 4 21 13 12 40968.50000 25.01600000 1870.73000 192.44000 32.24100 169.26500
23 4 21 13 13 40982.10000 24.99800000 1873.05000 192.80000 32.24100 169.26500
23 4 21 13 13 41003.00000 24.99800000 1874.99000 192.92000 32.24100 169.19700
23 4 21 13 14 41025.00000 24.99400000 1873.95000 192.70000 32.17400 169.19700
23 4 21 13 14 41030.10000 25.07800000 1873.49000 192.99000 32.17400 169.19700
23 4 21 13 14 41045.60000 25.07800000 1874.46000 192.99000 32.17400 169.19700
23 4 21 13 15 40982.10000 25.07800000 1870.86000 192.46000 32.17400 169.19700
23 4 21 13 15 40982.10000 25.01900000 1870.61000 192.41000 32.17400 169.19700
23 4 21 13 16 40981.10000 25.01900000 1870.77000 192.30000 32.17400 169.19700
23 4 21 13 16 41042.90000 25.11900000 1875.24000 193.09000 32.17400 169.19700
23 4 21 13 17 41057.10000 25.08500000 1877.82000 193.27000 32.17400 169.80900
23 4 21 13 17 41067.40000 25.08500000 1879.69000 193.44000 32.28800 170.25500
23 4 21 13 17 41071.00000 25.08500000 1879.54000 193.27000 32.28800 170.25500
23 4 21 13 18 41076.40000 25.08500000 1877.90000 193.33000 32.28800 170.25500
23 4 21 13 18 41060.70000 25.08500000 1874.54000 192.59000 32.28800 170.25500
23 4 21 13 19 41000.10000 25.08500000 1873.22000 192.45000 32.28800 170.25500
23 4 21 13 19 40988.30000 25.08500000 1873.57000 192.44000 32.28800 170.25500
23 4 21 13 20 40988.40000 25.08500000 1874.44000 192.54000 32.28800 170.25500
23 4 21 13 20 40921.10000 25.08500000 1871.02000 192.48000 32.28800 170.25500
23 4 21 13 20 40837.90000 24.89900000 1866.82000 191.53000 32.28800 170.25500
23 4 21 13 21 40760.30000 24.89900000 1862.06000 191.13000 32.60000 168.28700
23 4 21 13 21 40744.80000 24.81400000 1860.56000 191.07000 32.26800 168.23300
23 4 21 13 22 40723.80000 24.78800000 1858.06000 191.05000 32.26800 168.23300
23 4 21 13 22 40735.20000 24.78800000 1857.76000 191.05000 32.26800 168.23300
23 4 21 13 23 40678.50000 24.78800000 1855.00000 190.80000 32.26800 167.94000
23 4 21 13 23 40683.20000 24.78800000 1855.41000 190.64000 32.26800 167.94000
23 4 21 13 23 40669.80000 24.78800000 1851.71000 190.19000 32.26800 167.94000
23 4 21 13 24 40678.80000 24.78800000 1851.78000 190.48000 32.20100 167.44300
23 4 21 13 24 40669.80000 24.67600000 1846.54000 190.55000 32.20100 167.44300
23 4 21 13 25 40575.40000 24.66300000 1841.84000 190.00000 32.20100 167.44300
23 4 21 13 25 40605.80000 24.66300000 1848.46000 190.34000 32.20100 167.44300
23 4 21 13 26 40554.80000 24.59000000 1845.68000 190.42000 32.20100 167.44300
23 4 21 13 26 40588.50000 24.59000000 1848.06000 190.27000 32.20000 166.63800
23 4 21 13 26 40571.30000 24.59000000 1844.94000 190.03000 32.20000 166.63800
23 4 21 13 27 40564.50000 24.50200000 1842.34000 189.68000 32.20000 166.62100
23 4 21 13 27 40497.00000 24.46900000 1837.15000 189.01000 32.20000 166.62100
23 4 21 13 28 40504.40000 24.46900000 1837.42000 189.34000 32.21300 166.33500
23 4 21 13 28 40513.30000 24.46900000 1836.63000 189.40000 32.21300 165.96200
23 4 21 13 29 40519.20000 24.46900000 1837.90000 189.79000 31.99900 165.96200
23 4 21 13 29 40627.10000 24.60000000 1843.01000 190.43000 31.92800 165.96200
23 4 21 13 29 40616.40000 24.66800000 1841.51000 190.48000 31.92800 165.96200
23 4 21 13 30 40688.80000 24.66600000 1848.28000 190.48000 31.92800 165.96200
23 4 21 13 30 40641.10000 24.76000000 1842.99000 190.91000 31.92800 167.00000
23 4 21 13 31 40503.70000 24.57100000 1833.70000 188.94000 31.92800 165.72000
23 4 21 13 31 40506.60000 24.49700000 1834.44000 188.73000 32.08700 165.72000
23 4 21 13 32 40580.30000 24.49700000 1838.33000 189.18000 31.82200 165.72000
23 4 21 13 32 40684.60000 24.49700000 1845.50000 190.42000 31.82200 166.96200
23 4 21 13 32 40653.40000 24.75300000 1846.20000 190.94000 31.82200 167.42400
23 4 21 13 33 40548.20000 24.69400000 1840.00000 189.49000 31.59600 167.42400
23 4 21 13 33 40506.70000 24.72900000 1836.99000 188.85000 31.59700 167.42400
23 4 21 13 34 40502.10000 24.60000000 1835.08000 189.48000 31.64100 167.42400
23 4 21 13 34 40559.00000 24.67800000 1837.39000 189.59000 31.59800 167.42400
23 4 21 13 35 40631.70000 24.67800000 1843.00000 190.44000 31.59800 167.42400
23 4 21 13 35 40658.10000 24.73600000 1844.63000 189.68000 31.59800 167.42400
23 4 21 13 35 40666.00000 24.73600000 1846.71000 190.31000 31.65100 167.42400
23 4 21 13 36 40652.90000 24.73600000 1845.01000 190.31000 31.65100 167.42400
23 4 21 13 36 40578.60000 24.73600000 1839.42000 189.83000 31.65100 167.42400
23 4 21 13 37 40549.30000 24.73600000 1840.00000 189.27000 31.65100 167.42400
23 4 21 13 37 40562.90000 24.72300000 1841.70000 189.74000 31.65100 167.42400
23 4 21 13 38 40580.50000 24.72300000 1843.13000 190.00000 31.65100 167.42400
23 4 21 13 38 40615.80000 24.72300000 1845.29000 189.76000 31.65100 167.42400
23 4 21 13 38 40587.90000 24.72300000 1840.79000 189.44000 31.64900 167.42400
23 4 21 13 39 40542.90000 24.72300000 1834.59000 189.44000 31.67300 166.48000
23 4 21 13 39 40550.00000 24.72300000 1835.70000 188.70000 31.67300 166.48000
23 4 21 13 40 40530.70000 24.72300000 1837.22000 189.27000 31.67300 166.10900
23 4 21 13 40 40589.80000 24.72300000 1841.83000 189.56000 31.69500 166.10900
23 4 21 13 41 40552.50000 24.72300000 1839.43000 189.49000 31.69500 167.01200
23 4 21 13 41 40572.70000 24.52300000 1839.76000 189.16000 31.69500 167.01200
23 4 21 13 41 40556.30000 24.58800000 1839.06000 189.38000 31.69500 167.01200
23 4 21 13 42 40444.90000 24.58800000 1831.26000 188.37000 31.69500 167.01200
23 4 21 13 42 40414.60000 24.39500000 1830.28000 188.31000 31.57900 167.01200
23 4 21 13 43 40382.10000 24.38800000 1828.02000 187.70000 31.50800 165.00000
23 4 21 13 43 40329.90000 24.38800000 1826.22000 187.68000 31.50800 165.00000
23 4 21 13 44 40394.50000 24.39100000 1831.59000 188.09000 31.50800 165.00000
23 4 21 13 44 40400.00000 24.49900000 1828.01000 188.12000 31.50800 165.00000
23 4 21 13 44 40414.20000 24.49900000 1829.06000 188.13000 31.50200 165.00000
23 4 21 13 45 40437.80000 24.49900000 1825.68000 188.77000 31.50200 165.00000
23 4 21 13 45 40448.40000 24.49900000 1826.35000 188.14000 31.50200 165.00000
23 4 21 13 46 40409.30000 24.48900000 1825.70000 188.46000 31.50200 165.00000
23 4 21 13 46 40450.00000 24.48900000 1827.55000 188.35000 31.50200 165.01700
23 4 21 13 47 40442.30000 24.48900000 1829.12000 188.98000 31.50200 165.01700
23 4 21 13 47 40490.80000 24.48900000 1832.24000 188.36000 31.50200 165.61800
23 4 21 13 47 40510.20000 24.57300000 1834.62000 189.28000 31.50200 166.16500
23 4 21 13 48 40574.80000 24.70500000 1841.25000 189.69000 31.50200 166.88100
23 4 21 13 48 40583.80000 24.70500000 1839.90000 189.50000 31.31900 166.88100
23 4 21 13 49 40567.10000 24.68400000 1841.08000 189.70000 31.31900 166.88100
23 4 21 13 49 40599.90000 24.68400000 1845.03000 189.44000 31.31900 166.88100
23 4 21 13 50 40621.30000 24.68400000 1846.24000 190.42000 31.31900 167.35400
23 4 21 13 50 40680.70000 24.81700000 1851.30000 190.42000 31.31900 167.57300
23 4 21 13 50 40697.90000 24.92600000 1851.49000 190.76000 31.31900 167.57300
23 4 21 13 51 40648.10000 24.92700000 1846.70000 190.35000 31.31900 167.57300
23 4 21 13 51 40676.70000 24.83600000 1850.00000 190.17000 31.31900 169.54000
23 4 21 13 52 40681.20000 24.83600000 1852.13000 190.35000 31.31900 169.34800
23 4 21 13 52 40697.80000 24.83600000 1851.91000 190.37000 31.31900 169.34800
23 4 21 13 53 40691.30000 24.83600000 1852.76000 190.37000 31.31900 169.34800
23 4 21 13 53 40697.90000 24.88900000 1855.66000 190.87000 31.31900 169.34800
23 4 21 13 53 40777.60000 24.95200000 1858.03000 191.29000 31.31900 169.69200
23 4 21 13 54 40793.40000 24.98800000 1856.55000 191.33000 31.31900 169.69200
23 4 21 13 54 40795.60000 24.99800000 1855.16000 191.14000 31.38700 169.69200
23 4 21 13 55 40824.20000 24.99800000 1855.83000 191.00000 31.38700 169.69200
