M=[
 8 1 21 00 04 32047.30000 5.86600000 990.39000 138.14000 15.67900 55.15000
 8 1 21 00 04 32038.90000 5.86600000 990.93000 138.43000 15.67900 55.15000
 8 1 21 00 05 32038.90000 5.86600000 989.05000 138.27000 15.67900 55.15000
 8 1 21 00 05 31962.70000 5.86600000 986.95000 138.05000 15.67900 55.15000
 8 1 21 00 05 31980.00000 5.86600000 988.69000 138.05000 15.67900 55.15000
 8 1 21 00 06 31946.30000 5.86600000 987.97000 138.34000 15.67900 55.15000
 8 1 21 00 06 31904.10000 5.86600000 986.95000 138.34000 15.67900 55.15000
 8 1 21 00 07 31872.00000 5.86600000 985.76000 138.33000 15.67900 55.22800
 8 1 21 00 07 31871.90000 5.86600000 986.18000 138.12000 15.67900 55.22800
 8 1 21 00 08 31969.80000 5.86600000 988.49000 138.12000 15.67900 55.22800
 8 1 21 00 08 31952.20000 5.86600000 990.07000 138.28000 15.64000 55.22900
 8 1 21 00 08 32065.70000 5.86600000 992.78000 138.56000 15.64000 55.22900
 8 1 21 00 09 32090.00000 5.86600000 993.42000 138.61000 15.64000 55.22900
 8 1 21 00 09 32099.90000 5.87900000 993.57000 130.58000 15.64000 55.34000
 8 1 21 00 10 32041.80000 5.87900000 992.93000 138.85000 15.64000 55.34000
 8 1 21 00 10 32099.90000 5.87900000 994.69000 130.58000 15.64000 55.34000
 8 1 21 00 11 32089.40000 5.87900000 994.13000 130.58000 15.64000 55.34000
 8 1 21 00 11 32099.00000 5.87900000 995.00000 130.58000 15.70000 55.34000
 8 1 21 00 11 32111.00000 5.87900000 995.40000 139.03000 15.70000 55.34000
 8 1 21 00 12 32132.90000 5.87900000 996.00000 139.03000 15.70000 55.34000
 8 1 21 00 12 32135.00000 5.87900000 996.88000 139.22000 15.70000 55.34000
 8 1 21 00 13 32137.00000 5.89400000 996.88000 130.58000 15.70000 55.34000
 8 1 21 00 13 32100.10000 5.89400000 995.14000 130.58000 15.70000 55.34000
 8 1 21 00 14 32052.80000 5.90800000 994.85000 130.58000 15.70000 55.34000
 8 1 21 00 14 32097.80000 5.90800000 995.91000 138.90000 15.67000 55.56100
 8 1 21 00 14 32110.00000 5.90800000 996.44000 139.05000 15.67000 55.56100
 8 1 21 00 15 32099.60000 5.90800000 996.85000 130.58000 15.67000 55.56100
 8 1 21 00 15 32064.20000 5.90800000 994.19000 130.58000 15.67000 55.56100
 8 1 21 00 16 32062.20000 5.90800000 993.51000 138.91000 15.67000 55.56100
 8 1 21 00 16 31995.60000 5.90800000 992.57000 138.80000 15.67000 55.56100
 8 1 21 00 17 31996.00000 5.90800000 992.69000 138.76000 15.67000 55.56100
 8 1 21 00 17 32031.00000 5.90800000 994.24000 138.76000 15.67000 55.56100
 8 1 21 00 17 32016.60000 5.90800000 992.88000 138.67000 15.67000 55.56100
 8 1 21 00 18 32036.70000 5.89300000 994.05000 130.58000 15.67000 55.56100
 8 1 21 00 18 32043.60000 5.89900000 994.06000 138.79000 15.69300 55.56100
 8 1 21 00 19 32002.10000 5.89900000 993.04000 138.59000 15.69300 55.56100
 8 1 21 00 19 32000.00000 5.89900000 991.00000 138.15000 15.69300 55.56100
 8 1 21 00 20 32006.30000 5.89900000 991.00000 138.26000 15.69300 55.56100
 8 1 21 00 20 32034.70000 5.89900000 993.21000 138.24000 15.69300 55.56100
 8 1 21 00 20 32010.20000 5.89900000 992.99000 138.24000 15.69300 55.56100
 8 1 21 00 21 31976.10000 5.89900000 990.00000 130.58000 15.69300 55.56100
 8 1 21 00 21 31952.60000 5.89900000 990.18000 130.58000 15.69300 55.56100
 8 1 21 00 22 31939.80000 5.89900000 989.62000 130.58000 15.69300 55.56100
 8 1 21 00 22 31911.40000 5.89900000 988.46000 137.90000 15.69300 54.82000
 8 1 21 00 23 31923.60000 5.89900000 988.83000 130.58000 15.69300 54.83100
 8 1 21 00 23 31922.10000 5.89900000 988.14000 137.77000 15.69300 54.73800
 8 1 21 00 23 31931.50000 5.89900000 990.00000 137.57000 15.69300 54.73800
 8 1 21 00 24 31932.00000 5.89900000 988.27000 130.58000 15.69300 54.73800
 8 1 21 00 24 31917.20000 5.89900000 988.61000 130.58000 15.69300 54.73800
 8 1 21 00 25 31912.50000 5.89900000 988.66000 137.50000 15.69300 54.73800
 8 1 21 00 25 31945.30000 5.89900000 989.77000 137.51000 15.69300 54.73800
 8 1 21 00 26 31946.10000 5.89900000 990.05000 137.52000 15.69300 54.73800
 8 1 21 00 26 31960.70000 5.89900000 989.76000 130.58000 15.69300 55.02000
 8 1 21 00 26 31979.90000 5.89900000 991.01000 130.58000 15.69300 55.02000
 8 1 21 00 27 31961.20000 5.89900000 990.23000 130.58000 15.69300 55.02000
 8 1 21 00 27 31932.20000 5.89900000 988.42000 130.58000 15.69300 55.02000
 8 1 21 00 28 31941.30000 5.89900000 988.41000 137.61000 15.69300 55.02000
 8 1 21 00 28 31921.00000 5.89900000 987.73000 130.58000 15.69300 55.02000
 8 1 21 00 29 31927.70000 5.89900000 987.39000 137.06000 15.69300 55.02000
 8 1 21 00 29 31942.80000 5.89900000 987.97000 137.21000 15.69300 55.02000
 8 1 21 00 29 31969.40000 5.89900000 989.04000 130.58000 15.69300 55.02000
 8 1 21 00 30 31971.00000 5.89900000 988.50000 130.58000 15.69300 55.02000
 8 1 21 00 30 31950.00000 5.89900000 987.13000 137.11000 15.69300 55.02000
 8 1 21 00 31 31804.00000 5.89900000 982.07000 130.58000 15.69300 54.98000
 8 1 21 00 31 31833.50000 5.89900000 984.32000 130.58000 15.69300 54.98000
 8 1 21 00 32 31833.50000 5.89900000 984.70000 130.58000 15.69300 54.98000
 8 1 21 00 32 31870.00000 5.89900000 983.95000 136.48000 15.69300 54.98000
 8 1 21 00 32 31921.70000 5.89900000 985.00000 136.48000 15.68000 54.47700
 8 1 21 00 33 31932.00000 5.89900000 985.00000 130.58000 15.68000 54.47700
 8 1 21 00 33 31949.00000 5.89900000 986.40000 130.58000 15.68000 54.47700
 8 1 21 00 34 31948.90000 5.89900000 986.82000 130.58000 15.68000 54.47700
 8 1 21 00 34 31949.00000 5.89900000 987.40000 136.94000 15.68000 54.47700
 8 1 21 00 35 31950.00000 5.89900000 987.37000 137.06000 15.68000 54.47700
 8 1 21 00 35 31906.30000 5.89900000 987.29000 137.07000 15.68000 54.47700
 8 1 21 00 35 31899.00000 5.89900000 985.78000 136.69000 15.68000 54.47700
 8 1 21 00 36 31921.00000 5.83500000 987.27000 136.69000 15.68000 54.47700
 8 1 21 00 36 31930.60000 5.83500000 988.76000 130.58000 15.68000 54.15300
 8 1 21 00 37 31946.90000 5.83500000 990.00000 130.58000 15.68000 54.15000
 8 1 21 00 37 31970.90000 5.83500000 991.33000 130.58000 15.68000 54.29500
 8 1 21 00 38 31993.30000 5.83500000 991.13000 136.94000 15.68000 54.29500
 8 1 21 00 38 31987.20000 5.83500000 991.19000 130.58000 15.68000 54.29500
 8 1 21 00 38 31980.00000 5.87700000 989.79000 137.18000 15.68000 54.29500
 8 1 21 00 39 31993.10000 5.87700000 989.83000 137.05000 15.68000 54.29500
 8 1 21 00 39 31966.60000 5.87700000 988.29000 136.95000 15.68000 54.29500
 8 1 21 00 40 31965.90000 5.87700000 986.98000 136.52000 15.68000 54.29500
 8 1 21 00 40 31975.50000 5.87700000 987.74000 136.47000 15.68000 54.29500
 8 1 21 00 41 31965.20000 5.87700000 987.10000 136.45000 15.68000 54.29500
 8 1 21 00 41 31963.90000 5.87700000 988.49000 136.49000 15.68000 54.29500
 8 1 21 00 41 31980.10000 5.87700000 988.50000 130.58000 15.68000 54.29500
 8 1 21 00 42 31935.60000 5.87700000 987.63000 136.33000 15.68000 54.29500
 8 1 21 00 42 31870.00000 5.87700000 984.85000 130.58000 15.68000 54.37700
 8 1 21 00 43 31872.00000 5.87700000 984.36000 130.58000 15.68000 54.25800
 8 1 21 00 43 31830.00000 5.87700000 983.32000 130.58000 15.68000 54.25800
 8 1 21 00 44 31845.00000 5.87700000 983.58000 130.58000 15.68000 54.02600
 8 1 21 00 44 31845.00000 5.87700000 984.99000 130.58000 15.78400 54.00000
 8 1 21 00 44 31851.30000 5.87700000 984.99000 130.58000 15.78400 53.90100
 8 1 21 00 45 31855.90000 5.87700000 983.93000 130.58000 15.78400 53.90100
 8 1 21 00 45 31864.90000 5.87700000 984.45000 130.58000 15.78400 53.90100
 8 1 21 00 46 31875.60000 5.87700000 984.73000 136.19000 15.78400 53.90100
 8 1 21 00 46 31830.10000 5.87700000 983.83000 136.19000 15.78400 53.90100
 8 1 21 00 47 31807.40000 5.87700000 982.87000 135.84000 15.78400 53.90100
 8 1 21 00 47 31802.00000 5.87700000 982.80000 130.58000 15.78400 53.90100
 8 1 21 00 47 31801.00000 5.87700000 982.45000 130.58000 15.78400 53.90100
 8 1 21 00 48 31801.10000 5.87700000 982.40000 136.27000 15.78400 53.90100
 8 1 21 00 48 31808.80000 5.87700000 982.70000 136.29000 15.78400 53.90100
 8 1 21 00 49 31811.10000 5.87700000 983.98000 136.25000 15.78400 53.90100
