M=[
10 3 21 19 03 47693.40000 10.32400000 1550.00000 173.26000 28.52600 117.52100
10 3 21 19 03 47691.30000 10.32400000 1550.00000 173.23000 28.52600 117.52100
10 3 21 19 04 47559.60000 10.32400000 1548.72000 172.82000 28.51000 117.25600
10 3 21 19 04 47553.60000 10.32400000 1547.76000 172.85000 28.51000 117.24900
10 3 21 19 04 47568.90000 10.32400000 1549.44000 172.77000 28.51000 117.24900
10 3 21 19 05 47562.40000 10.32400000 1549.51000 172.91000 28.51000 117.25400
10 3 21 19 05 47663.20000 10.32400000 1552.82000 173.47000 28.51000 117.25400
10 3 21 19 06 47626.80000 10.32400000 1551.66000 173.29000 28.26400 117.25400
10 3 21 19 06 47618.50000 10.32400000 1550.90000 173.17000 28.26400 117.25400
10 3 21 19 07 47625.90000 10.32400000 1550.97000 173.17000 28.26400 117.52100
10 3 21 19 07 47624.60000 10.32400000 1549.23000 173.00000 28.52000 117.52100
10 3 21 19 07 47656.50000 10.32400000 1550.22000 173.00000 28.42800 117.29200
10 3 21 19 08 47660.80000 10.28600000 1551.12000 173.00000 28.42800 117.29200
10 3 21 19 08 47660.90000 10.28600000 1550.75000 173.27000 28.42800 117.29200
10 3 21 19 09 47690.50000 10.26000000 1551.54000 173.15000 28.57100 117.29200
10 3 21 19 09 47670.20000 10.26000000 1550.20000 173.15000 28.57100 117.29200
10 3 21 19 10 47716.90000 10.26000000 1551.01000 173.32000 28.49900 117.37700
10 3 21 19 10 47730.80000 10.26000000 1551.09000 173.20000 28.49900 117.37700
10 3 21 19 10 47737.50000 10.26000000 1551.99000 173.20000 28.40400 117.37700
10 3 21 19 11 47799.50000 10.26000000 1553.46000 173.71000 28.40400 117.37700
10 3 21 19 11 47820.00000 10.26000000 1554.31000 173.71000 28.40400 117.65100
10 3 21 19 12 47849.90000 10.26000000 1556.26000 173.71000 28.40400 117.65100
10 3 21 19 12 47852.10000 10.26000000 1554.56000 173.85000 28.40400 117.65100
10 3 21 19 13 47877.60000 10.26000000 1554.76000 173.76000 28.40400 117.65100
10 3 21 19 13 47895.20000 10.26000000 1555.74000 173.85000 28.40400 117.65100
10 3 21 19 13 47983.10000 10.26000000 1557.70000 174.25000 28.40400 117.65100
10 3 21 19 14 47984.80000 10.26000000 1557.07000 174.00000 28.40400 117.65100
10 3 21 19 14 47999.50000 10.26000000 1557.34000 174.00000 28.40400 117.65100
10 3 21 19 15 48035.40000 10.26000000 1557.01000 173.95000 28.40400 117.65100
10 3 21 19 15 48047.30000 10.26000000 1556.90000 173.89000 28.40400 117.58600
10 3 21 19 16 48061.00000 10.26000000 1557.99000 173.87000 28.40400 117.45100
10 3 21 19 16 47959.10000 10.26000000 1556.23000 173.90000 28.40400 117.30200
10 3 21 19 16 48001.40000 10.26000000 1555.89000 173.90000 28.40400 117.53100
10 3 21 19 17 47950.30000 10.26000000 1555.05000 173.36000 28.40400 117.53100
10 3 21 19 17 47959.80000 10.26000000 1554.63000 173.48000 28.40400 117.53100
10 3 21 19 18 48015.40000 10.26000000 1556.11000 173.79000 28.40400 117.53100
10 3 21 19 18 48013.80000 10.26000000 1555.88000 173.75000 28.40400 117.53100
10 3 21 19 19 48000.10000 10.26000000 1554.83000 173.55000 28.40400 117.53100
10 3 21 19 19 48003.00000 10.26000000 1555.21000 173.43000 28.40400 117.53100
10 3 21 19 19 48012.60000 10.26000000 1556.00000 173.65000 28.40400 117.53100
10 3 21 19 20 48041.30000 10.26000000 1555.72000 173.72000 28.40400 117.53100
10 3 21 19 20 48067.30000 10.26000000 1555.68000 173.53000 28.40400 117.53100
10 3 21 19 21 48050.10000 10.26000000 1553.82000 173.61000 28.40400 117.36200
10 3 21 19 21 48054.40000 10.26000000 1554.29000 173.61000 28.40400 117.39900
10 3 21 19 22 48064.00000 10.26000000 1553.97000 173.35000 28.40400 117.39900
10 3 21 19 22 48003.40000 10.26000000 1552.62000 173.22000 28.40400 117.39900
10 3 21 19 22 47968.90000 10.31400000 1552.01000 173.04000 28.40400 117.14300
10 3 21 19 23 47962.90000 10.31400000 1553.88000 173.17000 28.40400 117.14300
10 3 21 19 23 47973.30000 10.35400000 1555.35000 173.21000 28.40400 117.14300
10 3 21 19 24 47997.30000 10.35400000 1555.36000 173.23000 28.40400 117.14300
10 3 21 19 24 47995.10000 10.35400000 1554.57000 173.28000 28.57400 117.14300
10 3 21 19 25 47966.70000 10.35400000 1553.71000 173.23000 28.57400 117.14300
10 3 21 19 25 47952.80000 10.35400000 1554.38000 173.23000 28.57400 117.18000
10 3 21 19 25 47962.40000 10.35400000 1554.37000 173.22000 28.57400 117.18000
10 3 21 19 26 47954.70000 10.35400000 1554.37000 173.32000 28.57400 117.18000
10 3 21 19 26 47951.50000 10.35400000 1554.93000 173.28000 28.57400 117.22900
10 3 21 19 27 47925.00000 10.35400000 1554.38000 173.31000 28.57400 117.22900
10 3 21 19 27 47810.20000 10.34300000 1550.86000 172.90000 28.57400 116.80100
10 3 21 19 28 47839.10000 10.34300000 1552.80000 172.96000 28.57400 116.80100
10 3 21 19 28 47838.80000 10.34300000 1552.43000 173.07000 28.57400 116.84200
10 3 21 19 28 47871.00000 10.34300000 1552.39000 173.07000 28.57400 116.84200
10 3 21 19 29 47890.10000 10.34300000 1552.49000 172.94000 28.57400 116.84200
10 3 21 19 29 47842.10000 10.34300000 1551.66000 173.02000 28.57400 116.84200
10 3 21 19 30 47837.00000 10.34300000 1552.01000 172.80000 28.57400 116.98400
10 3 21 19 30 47800.90000 10.34300000 1552.01000 172.77000 28.57400 118.27800
10 3 21 19 31 47768.70000 10.34300000 1549.44000 172.75000 28.57400 117.16200
10 3 21 19 31 47785.90000 10.34500000 1551.01000 172.86000 28.57400 118.48000
10 3 21 19 31 47826.30000 10.34500000 1551.62000 172.72000 28.57400 117.58600
10 3 21 19 32 47877.30000 10.34500000 1552.96000 173.07000 28.57400 117.93900
10 3 21 19 32 47834.30000 10.34500000 1552.51000 172.96000 28.57400 118.38000
10 3 21 19 33 47839.60000 10.34500000 1552.40000 172.91000 28.57400 118.37000
10 3 21 19 33 47841.90000 10.34500000 1553.42000 172.91000 28.62800 118.31000
10 3 21 19 34 47822.20000 10.32700000 1552.11000 172.88000 28.62800 118.37000
10 3 21 19 34 47846.70000 10.32700000 1552.75000 172.91000 28.62800 118.16000
10 3 21 19 34 47864.60000 10.35200000 1553.26000 172.91000 28.62800 118.24200
10 3 21 19 35 47862.20000 10.35200000 1552.81000 172.95000 28.62800 118.21900
10 3 21 19 35 47849.30000 10.35200000 1552.80000 172.90000 28.62800 118.20900
10 3 21 19 36 47846.70000 10.35200000 1552.81000 172.90000 28.62800 118.20900
10 3 21 19 36 47845.70000 10.32700000 1552.81000 172.91000 28.62800 118.20900
10 3 21 19 37 47845.60000 10.32700000 1552.81000 172.90000 28.62800 118.20900
10 3 21 19 37 47813.10000 10.32700000 1552.80000 172.90000 28.62800 118.43800
10 3 21 19 37 47836.10000 10.32700000 1552.92000 172.90000 28.62800 118.43800
10 3 21 19 38 47800.80000 10.32700000 1552.80000 172.80000 28.62800 118.43800
10 3 21 19 38 47792.00000 10.32700000 1552.80000 172.69000 28.62800 118.43800
10 3 21 19 39 47791.90000 10.32700000 1552.26000 172.57000 28.62800 117.72000
10 3 21 19 39 47792.90000 10.32700000 1551.99000 172.75000 28.62800 117.51700
10 3 21 19 40 47768.00000 10.32700000 1550.01000 172.66000 28.62800 117.51700
10 3 21 19 40 47784.30000 10.32700000 1550.96000 172.53000 28.62800 117.51700
10 3 21 19 40 47807.00000 10.32700000 1551.46000 172.63000 28.62800 117.51700
10 3 21 19 41 47807.10000 10.32700000 1551.62000 172.63000 28.62800 117.51700
10 3 21 19 41 47807.10000 10.32700000 1550.74000 172.60000 28.62800 117.51700
10 3 21 19 42 47778.30000 10.32700000 1550.16000 172.25000 28.62800 117.51700
10 3 21 19 42 47730.10000 10.31700000 1549.10000 172.18000 28.62800 117.42300
10 3 21 19 43 47672.60000 10.31700000 1547.64000 172.18000 28.62800 117.23400
10 3 21 19 43 47672.60000 10.30000000 1547.00000 172.21000 28.52000 117.23600
10 3 21 19 43 47658.10000 10.30000000 1546.73000 172.21000 28.52000 117.21600
10 3 21 19 44 47688.60000 10.30000000 1546.99000 172.12000 28.52000 117.21600
10 3 21 19 44 47704.10000 10.30000000 1546.99000 172.21000 28.52000 117.25100
10 3 21 19 45 47687.30000 10.30000000 1547.00000 172.03000 28.52000 117.21900
10 3 21 19 45 47706.00000 10.30000000 1547.00000 172.00000 28.52000 117.21900
10 3 21 19 46 47720.80000 10.30000000 1548.63000 172.00000 28.52000 117.28300
10 3 21 19 46 47747.30000 10.30000000 1548.92000 172.33000 28.52000 117.22200
