M=[
 6 9 20 08 43 8667.70000 4.49800000 293.30000 41.21000 13.88900 48.97300
 6 9 20 08 44 8680.00000 4.50100000 295.73000 41.33000 13.94000 48.97300
 6 9 20 08 45 8680.00000 4.50300000 295.12000 41.38000 13.94000 49.15100
 6 9 20 08 45 8680.00000 4.50300000 295.31000 41.38000 13.94000 49.31000
 6 9 20 08 46 8679.90000 4.50300000 296.14000 41.38000 13.94000 49.31000
 6 9 20 08 46 8675.30000 4.50300000 295.24000 41.33000 13.94000 49.31000
 6 9 20 08 47 8678.00000 4.50300000 295.00000 41.33000 13.94000 49.20600
 6 9 20 08 47 8680.00000 4.50300000 295.08000 41.32000 13.94000 49.20600
 6 9 20 08 48 8679.10000 4.50300000 295.97000 41.32000 13.94000 49.29200
 6 9 20 08 48 8675.40000 4.50300000 295.78000 41.32000 13.94000 49.29200
 6 9 20 08 48 8675.30000 4.50300000 295.13000 41.27000 13.94000 49.29200
 6 9 20 08 49 8668.00000 4.50300000 295.00000 41.27000 13.94100 49.29200
 6 9 20 08 49 8663.30000 4.50300000 294.54000 41.27000 13.94100 49.29200
 6 9 20 08 50 8669.50000 4.50300000 294.31000 41.27000 13.94000 49.22000
 6 9 20 08 50 8669.30000 4.50300000 294.07000 41.27000 13.94000 49.22000
 6 9 20 08 51 8661.50000 4.53600000 293.50000 41.19000 13.94000 49.22000
 6 9 20 08 51 8661.50000 4.53600000 293.34000 41.19000 13.94000 49.22000
 6 9 20 08 52 8655.80000 4.53600000 293.20000 41.19000 13.94000 49.22000
 6 9 20 08 52 8650.50000 4.53600000 292.86000 41.19000 13.94000 49.02700
 6 9 20 08 53 8654.40000 4.53600000 294.48000 41.19000 13.94000 49.02700
 6 9 20 08 53 8666.60000 4.53600000 294.76000 41.19000 13.94000 49.02700
 6 9 20 08 54 8665.50000 4.53600000 294.60000 41.19000 13.94000 49.02700
 6 9 20 08 54 8665.70000 4.53600000 294.82000 41.19000 13.94000 49.02700
 6 9 20 08 54 8665.00000 4.53600000 296.08000 41.22000 13.94000 49.02700
 6 9 20 08 55 8673.60000 4.53600000 296.31000 41.22000 13.94000 49.46900
 6 9 20 08 55 8674.40000 4.53600000 296.57000 41.26000 13.94000 49.46900
 6 9 20 08 56 8677.00000 4.54500000 297.59000 41.26000 13.94000 49.46900
 6 9 20 08 56 8677.00000 4.54500000 297.93000 41.26000 13.94000 49.46900
 6 9 20 08 57 8680.00000 4.54500000 297.81000 41.26000 13.94000 49.46900
 6 9 20 08 57 8680.00000 4.54500000 297.67000 41.37000 13.94000 49.46900
 6 9 20 08 58 8680.00000 4.54500000 296.96000 41.35000 13.94000 49.46900
 6 9 20 08 58 8679.00000 4.54500000 296.85000 41.35000 13.94000 49.32300
 6 9 20 08 58 8679.90000 4.54500000 297.02000 41.35000 13.94000 49.34100
 6 9 20 08 59 8680.00000 4.54500000 297.39000 41.35000 13.94000 49.32400
 6 9 20 08 59 8673.80000 4.54500000 295.49000 41.35000 13.94000 49.32400
 6 9 20 09 00 8683.00000 4.54500000 297.73000 41.37000 13.94000 49.32400
 6 9 20 09 01 8687.90000 4.54500000 297.70000 41.40000 13.90500 49.32400
 6 9 20 09 01 8690.00000 4.54400000 298.44000 41.40000 13.90500 49.49700
 6 9 20 09 02 8699.00000 4.54400000 298.87000 41.40000 13.90500 49.49700
 6 9 20 09 02 8702.80000 4.54400000 299.85000 41.40000 13.90500 49.49700
 6 9 20 09 03 8701.40000 4.54300000 299.41000 41.51000 13.90500 49.49700
 6 9 20 09 03 8691.90000 4.54300000 298.43000 41.51000 13.90500 49.49700
 6 9 20 09 04 8700.60000 4.54400000 298.58000 41.51000 13.90500 49.49700
 6 9 20 09 04 8701.70000 4.54400000 298.58000 41.51000 13.90500 49.49700
 6 9 20 09 05 8701.50000 4.54500000 298.70000 41.51000 13.90500 49.49700
 6 9 20 09 05 8703.50000 4.54500000 299.68000 41.60000 13.90500 49.49700
 6 9 20 09 06 8697.00000 4.54400000 299.13000 41.58000 13.90500 49.49700
 6 9 20 09 06 8690.90000 4.54400000 298.43000 41.57000 13.90500 49.49700
 6 9 20 09 07 8693.90000 4.54400000 298.00000 41.52000 13.90500 49.49700
 6 9 20 09 07 8688.10000 4.54400000 297.59000 41.52000 13.90500 49.45600
 6 9 20 09 08 8688.10000 4.50000000 297.10000 41.52000 13.90500 49.45600
 6 9 20 09 08 8688.10000 4.50000000 296.80000 41.47000 13.90500 49.45600
 6 9 20 09 09 8686.50000 4.50000000 297.03000 41.42000 13.90500 49.45600
 6 9 20 09 09 8685.70000 4.50000000 296.32000 41.44000 13.90500 49.45600
 6 9 20 09 10 8683.10000 4.54200000 295.62000 41.43000 13.90500 49.45600
 6 9 20 09 10 8674.40000 4.54200000 295.40000 41.28000 13.90500 49.02700
 6 9 20 09 11 8674.40000 4.54200000 295.55000 41.28000 13.90500 49.02700
 6 9 20 09 11 8680.20000 4.54200000 295.96000 41.28000 13.90500 49.02700
 6 9 20 09 12 8680.10000 4.54200000 295.75000 41.28000 13.90500 49.02700
 6 9 20 09 12 8676.10000 4.54200000 294.92000 41.21000 13.90500 49.02700
 6 9 20 09 13 8674.50000 4.54200000 295.02000 41.20000 13.90500 49.02700
 6 9 20 09 13 8674.50000 4.54200000 295.21000 41.19000 13.90500 49.02700
 6 9 20 09 14 8674.40000 4.54200000 295.40000 41.19000 13.90500 49.02700
 6 9 20 09 14 8668.70000 4.54200000 295.31000 41.19000 13.90500 49.02700
 6 9 20 09 15 8668.60000 4.54200000 294.65000 41.19000 13.90500 49.00000
 6 9 20 09 15 8668.70000 4.54200000 295.21000 41.19000 13.90500 49.00000
 6 9 20 09 16 8675.40000 4.54200000 295.57000 41.19000 13.94200 49.00000
 6 9 20 09 16 8677.10000 4.54200000 295.69000 41.19000 13.94200 49.00000
 6 9 20 09 16 8676.40000 4.54200000 295.41000 41.19000 13.94200 49.00000
 6 9 20 09 17 8658.80000 4.54200000 294.55000 41.22000 13.94200 49.00000
 6 9 20 09 18 8648.20000 4.54200000 292.70000 41.22000 13.94200 48.89300
 6 9 20 09 18 8643.30000 4.54200000 291.46000 40.92000 13.94200 48.89300
 6 9 20 09 19 8650.50000 4.54200000 292.86000 40.92000 13.94200 48.73900
 6 9 20 09 20 8647.60000 4.54200000 292.51000 40.98000 13.94200 48.73900
 6 9 20 09 20 8648.00000 4.54200000 292.43000 40.98000 13.94200 48.73900
 6 9 20 09 20 8649.40000 4.54200000 292.79000 40.98000 13.94200 48.73900
 6 9 20 09 21 8654.10000 4.54200000 292.98000 41.06000 13.94200 48.73900
 6 9 20 09 21 8653.00000 4.54200000 293.21000 41.06000 13.94200 48.73900
 6 9 20 09 22 8654.10000 4.54200000 293.68000 41.06000 13.94200 48.73900
 6 9 20 09 22 8654.20000 4.54200000 293.45000 41.06000 13.94200 48.73900
 6 9 20 09 23 8654.20000 4.54200000 293.61000 41.06000 13.94200 48.73900
 6 9 20 09 23 8654.10000 4.54200000 293.65000 41.06000 13.94200 48.73900
 6 9 20 09 24 8653.70000 4.54200000 293.00000 41.06000 13.94200 48.73900
 6 9 20 09 24 8652.00000 4.54200000 293.41000 40.92000 13.94200 48.97900
 6 9 20 09 25 8652.10000 4.54200000 293.11000 40.92000 13.94200 48.97900
 6 9 20 09 25 8652.10000 4.54200000 293.70000 40.92000 13.94200 48.97900
 6 9 20 09 26 8652.20000 4.54200000 293.49000 40.92000 13.94200 48.97900
 6 9 20 09 26 8653.90000 4.54200000 294.06000 40.92000 13.94200 48.97900
 6 9 20 09 27 8667.40000 4.54200000 295.11000 41.03000 13.94200 48.97900
 6 9 20 09 27 8675.00000 4.54200000 295.78000 41.03000 13.94200 49.05100
 6 9 20 09 28 8669.20000 4.54200000 295.01000 41.11000 13.94200 49.05100
 6 9 20 09 28 8675.40000 4.54200000 295.66000 41.11000 13.94200 49.05100
 6 9 20 09 28 8677.00000 4.54200000 295.98000 41.11000 13.94200 49.05100
 6 9 20 09 29 8667.40000 4.54200000 295.20000 41.11000 13.94200 49.05100
 6 9 20 09 29 8665.20000 4.54200000 295.46000 41.11000 13.94200 49.05100
 6 9 20 09 30 8665.10000 4.54100000 295.22000 41.11000 13.94200 49.05100
 6 9 20 09 30 8657.60000 4.54100000 294.50000 41.11000 13.94200 49.05100
 6 9 20 09 31 8657.50000 4.54100000 294.11000 41.11000 13.94200 49.05000
 6 9 20 09 31 8657.50000 4.54100000 294.10000 41.06000 13.94200 49.05000
 6 9 20 09 32 8653.10000 4.54100000 293.80000 41.07000 13.94200 49.05000
 6 9 20 09 32 8653.10000 4.54100000 293.80000 41.07000 13.94200 49.05000
 6 9 20 09 33 8652.60000 4.54100000 293.69000 41.06000 13.94200 49.05000
 6 9 20 09 33 8652.00000 4.54100000 292.83000 41.06000 13.94200 49.05000
 6 9 20 09 34 8652.00000 4.54100000 293.21000 41.06000 13.94200 49.05000
 6 9 20 09 34 8650.10000 4.54100000 293.10000 41.06000 13.94200 49.05000
 6 9 20 09 34 8658.00000 4.54100000 293.76000 41.07000 13.94200 48.89000
 6 9 20 09 35 8661.20000 4.54100000 294.22000 41.07000 13.94200 48.89000
 6 9 20 09 35 8662.30000 4.54100000 294.34000 41.07000 13.94200 48.89000
 6 9 20 09 36 8643.30000 4.54100000 292.89000 41.07000 13.94200 48.89000
