M=[
28 10 20 08 39 11606.60000 4.80800000 336.70000 49.44000 10.61600 51.08400
28 10 20 08 40 11606.70000 4.80800000 336.71000 49.44000 10.70000 51.00000
28 10 20 08 40 11612.20000 4.80800000 336.71000 49.44000 10.70000 51.00000
28 10 20 08 41 11622.10000 4.80800000 337.29000 49.44000 10.70000 51.00000
28 10 20 08 41 11625.50000 4.80800000 337.31000 49.44000 10.70800 51.00000
28 10 20 08 41 11625.60000 4.80800000 337.42000 49.51000 10.70800 51.00000
28 10 20 08 42 11631.10000 4.80800000 337.42000 49.51000 10.70800 51.00000
28 10 20 08 42 11622.90000 4.80800000 337.41000 49.51000 10.70800 51.00000
28 10 20 08 43 11622.60000 4.80800000 336.74000 49.51000 10.70800 51.00000
28 10 20 08 43 11625.60000 4.80800000 336.86000 49.51000 10.71500 51.00000
28 10 20 08 44 11622.60000 4.80800000 336.86000 49.51000 10.71500 51.00000
28 10 20 08 44 11622.60000 4.80800000 336.81000 49.51000 10.71400 51.00000
28 10 20 08 44 11620.00000 4.80800000 336.72000 49.51000 10.71400 51.00000
28 10 20 08 45 11610.70000 4.80800000 336.72000 49.46000 10.71400 51.00000
28 10 20 08 45 11613.10000 4.80800000 336.72000 49.46000 10.71400 51.00000
28 10 20 08 46 11617.10000 4.80800000 336.72000 49.43000 10.71400 51.00000
28 10 20 08 46 11615.30000 4.80800000 336.72000 49.50000 10.62000 51.00000
28 10 20 08 47 11617.00000 4.80800000 336.72000 49.50000 10.62000 51.00000
28 10 20 08 47 11618.70000 4.80800000 336.72000 49.50000 10.62000 51.00000
28 10 20 08 47 11620.00000 4.80800000 336.72000 49.50000 10.62000 51.00000
28 10 20 08 48 11620.00000 4.80800000 337.17000 49.50000 10.62000 51.00000
28 10 20 08 48 11620.00000 4.80800000 337.17000 49.57000 10.62000 51.00000
28 10 20 08 49 11620.00000 4.80800000 337.31000 49.56000 10.62000 51.00000
28 10 20 08 49 11631.50000 4.80800000 337.30000 49.56000 10.62000 51.00000
28 10 20 08 50 11626.50000 4.80800000 337.19000 49.56000 10.62000 51.00000
28 10 20 08 50 11627.50000 4.80800000 337.19000 49.56000 10.62000 51.00000
28 10 20 08 50 11632.80000 4.80800000 337.20000 49.56000 10.62000 51.00000
28 10 20 08 51 11633.50000 4.80800000 337.20000 49.57000 10.62000 51.00000
28 10 20 08 51 11634.70000 4.80800000 337.18000 49.53000 10.62000 51.00000
28 10 20 08 52 11632.90000 4.80800000 337.18000 49.53000 10.62000 51.00000
28 10 20 08 52 11633.00000 4.80800000 337.00000 49.53000 10.62000 51.00000
28 10 20 08 53 11631.50000 4.80800000 336.71000 49.53000 10.62000 51.00000
28 10 20 08 53 11631.60000 4.80800000 336.44000 49.54000 10.62000 51.00000
28 10 20 08 53 11630.60000 4.80800000 336.20000 49.52000 10.62000 51.00000
28 10 20 08 54 11627.50000 4.80800000 336.00000 49.52000 10.62000 51.00000
28 10 20 08 54 11614.60000 4.80800000 336.00000 49.52000 10.62000 51.00000
28 10 20 08 55 11614.10000 4.80800000 336.01000 49.52000 10.62000 51.00000
28 10 20 08 55 11608.70000 4.80800000 335.87000 49.46000 10.62000 51.00000
28 10 20 08 56 11613.80000 4.80800000 335.91000 49.46000 10.62000 51.00000
28 10 20 08 56 11620.60000 4.80800000 335.85000 49.53000 10.62000 51.00000
28 10 20 08 56 11618.60000 4.80800000 336.08000 49.57000 10.62000 51.00000
28 10 20 08 57 11617.90000 4.80800000 336.00000 49.57000 10.62000 51.00000
28 10 20 08 57 11628.60000 4.80800000 336.08000 49.57000 10.62000 51.00000
28 10 20 08 58 11628.10000 4.80800000 336.61000 49.57000 10.62000 51.00000
28 10 20 08 58 11632.70000 4.80800000 336.84000 49.57000 10.62000 51.00000
28 10 20 08 59 11635.90000 4.80800000 337.18000 49.71000 10.62000 51.00000
28 10 20 08 59 11635.90000 4.80800000 337.18000 49.75000 10.62000 51.00000
28 10 20 08 59 11640.00000 4.80800000 337.69000 49.77000 10.62000 51.00000
28 10 20 09 00 11635.90000 4.80800000 337.57000 49.79000 10.62000 51.00000
28 10 20 09 00 11641.90000 4.79700000 337.93000 49.85000 10.62000 51.20100
28 10 20 09 01 11641.20000 4.79700000 338.02000 49.86000 10.70700 51.26700
28 10 20 09 01 11641.80000 4.79700000 338.26000 49.86000 10.70700 51.26700
28 10 20 09 02 11643.30000 4.80300000 338.22000 49.92000 10.70600 51.34100
28 10 20 09 02 11642.20000 4.80400000 338.21000 49.92000 10.70600 51.34100
28 10 20 09 02 11637.90000 4.80400000 338.19000 49.92000 10.70600 51.25800
28 10 20 09 03 11642.50000 4.80400000 338.45000 49.92000 10.70600 51.34200
28 10 20 09 03 11642.50000 4.80400000 338.93000 49.92000 10.66700 51.34200
28 10 20 09 04 11648.80000 4.80400000 338.70000 49.90000 10.66700 51.34200
28 10 20 09 04 11649.00000 4.80400000 338.70000 49.90000 10.66700 51.34200
28 10 20 09 05 11650.00000 4.80400000 338.99000 49.96000 10.66700 51.34200
28 10 20 09 05 11650.50000 4.80400000 338.85000 49.96000 10.66700 51.34200
28 10 20 09 05 11650.00000 4.80400000 338.84000 49.91000 10.66700 51.34200
28 10 20 09 06 11650.00000 4.80400000 338.69000 49.91000 10.66700 51.34200
28 10 20 09 06 11650.00000 4.80400000 338.69000 49.91000 10.66700 51.34200
28 10 20 09 07 11649.00000 4.80400000 338.60000 49.82000 10.66700 51.34200
28 10 20 09 07 11649.10000 4.80400000 338.51000 49.81000 10.66700 51.34200
28 10 20 09 08 11640.00000 4.80400000 338.19000 49.81000 10.66700 51.26700
28 10 20 09 08 11640.10000 4.80400000 338.19000 49.81000 10.66700 51.26700
28 10 20 09 08 11640.10000 4.80400000 338.43000 49.82000 10.66700 51.26700
28 10 20 09 09 11641.10000 4.80400000 338.29000 49.82000 10.66700 51.33400
28 10 20 09 09 11641.10000 4.80400000 338.29000 49.82000 10.66700 51.33400
28 10 20 09 10 11650.40000 4.80400000 338.57000 49.82000 10.66700 51.33400
28 10 20 09 10 11649.40000 4.80400000 338.37000 49.82000 10.66700 51.33400
28 10 20 09 11 11640.40000 4.80400000 338.30000 49.85000 10.66700 51.33400
28 10 20 09 11 11642.20000 4.80400000 338.19000 49.85000 10.66700 51.33400
28 10 20 09 11 11648.10000 4.80400000 338.19000 49.85000 10.69900 51.33400
28 10 20 09 12 11648.10000 4.80400000 338.18000 49.86000 10.69900 51.33400
28 10 20 09 12 11648.10000 4.80400000 338.16000 49.86000 10.69900 51.33400
28 10 20 09 13 11648.10000 4.80400000 338.18000 49.86000 10.69900 51.28900
28 10 20 09 13 11649.70000 4.80400000 338.18000 49.78000 10.69900 51.28900
28 10 20 09 14 11645.80000 4.80400000 338.13000 49.78000 10.69900 51.28900
28 10 20 09 14 11645.80000 4.80400000 337.71000 49.78000 10.69900 51.28900
28 10 20 09 14 11645.80000 4.80400000 337.84000 49.78000 10.69900 51.28900
28 10 20 09 15 11645.00000 4.80400000 337.95000 49.78000 10.69900 51.28900
28 10 20 09 15 11645.00000 4.80400000 338.00000 49.78000 10.69900 51.28900
28 10 20 09 16 11636.60000 4.80400000 337.90000 49.75000 10.69900 51.28900
28 10 20 09 16 11635.10000 4.80400000 337.67000 49.75000 10.69900 51.28900
28 10 20 09 17 11635.20000 4.80400000 337.73000 49.75000 10.69900 51.28900
28 10 20 09 17 11638.00000 4.80400000 337.73000 49.75000 10.69900 51.18500
28 10 20 09 17 11637.00000 4.80400000 337.72000 49.75000 10.69900 51.18500
28 10 20 09 18 11643.80000 4.80400000 337.75000 49.75000 10.69900 51.18500
28 10 20 09 18 11643.80000 4.80400000 337.76000 49.75000 10.69900 51.18500
28 10 20 09 19 11654.10000 4.80400000 338.25000 49.75000 10.69900 51.18500
28 10 20 09 19 11655.90000 4.80400000 338.27000 49.91000 10.69900 51.18500
28 10 20 09 20 11655.80000 4.80400000 338.31000 49.90000 10.69900 51.18500
28 10 20 09 20 11654.90000 4.80400000 338.15000 49.90000 10.69900 51.18500
28 10 20 09 20 11654.80000 4.80400000 337.90000 49.86000 10.70600 51.18500
28 10 20 09 21 11645.10000 4.80400000 337.89000 49.86000 10.70600 51.18500
28 10 20 09 21 11645.00000 4.80400000 337.78000 49.86000 10.70600 51.18500
28 10 20 09 22 11638.90000 4.80400000 337.72000 49.78000 10.70600 51.18500
28 10 20 09 22 11635.60000 4.80400000 337.68000 49.78000 10.70600 51.18500
28 10 20 09 23 11635.20000 4.80400000 337.57000 49.75000 10.70600 51.18500
28 10 20 09 23 11639.30000 4.80400000 337.49000 49.75000 10.70600 51.18500
28 10 20 09 23 11638.10000 4.80400000 337.41000 49.75000 10.70600 51.18500
28 10 20 09 24 11639.40000 4.80400000 337.40000 49.75000 10.70600 51.18500
28 10 20 09 24 11637.50000 4.80400000 337.37000 49.75000 10.70600 51.18500
