M=[
 6 2 21 21 59 33277.00000 7.42500000 1419.64000 131.26000 18.85100 79.25500
 6 2 21 22 00 33265.50000 7.41700000 1419.73000 131.23000 18.85100 79.25500
 6 2 21 22 00 33212.70000 7.41700000 1420.18000 131.23000 18.85100 79.25500
 6 2 21 22 01 33212.70000 7.41700000 1420.18000 131.18000 18.78900 79.25500
 6 2 21 22 01 33208.20000 7.41700000 1419.79000 131.12000 18.91700 79.25500
 6 2 21 22 01 33210.60000 7.41700000 1419.54000 131.24000 18.91700 79.25500
 6 2 21 22 02 33200.00000 7.41700000 1417.90000 131.20000 18.91700 79.25500
 6 2 21 22 02 33206.00000 7.40500000 1417.90000 131.16000 18.91700 79.25500
 6 2 21 22 03 33185.30000 7.40500000 1417.89000 131.20000 18.91700 79.25500
 6 2 21 22 03 33185.40000 7.40500000 1417.12000 131.21000 18.91700 79.25500
 6 2 21 22 04 33185.40000 7.40500000 1416.84000 131.21000 18.60900 79.25500
 6 2 21 22 04 33205.90000 7.43600000 1416.66000 131.32000 18.46900 79.25500
 6 2 21 22 04 33258.80000 7.43600000 1417.21000 131.34000 18.78900 79.25500
 6 2 21 22 05 33261.20000 7.43600000 1417.25000 131.41000 18.78900 79.25500
 6 2 21 22 05 33283.00000 7.44300000 1418.51000 131.41000 18.78900 79.25500
 6 2 21 22 06 33304.00000 7.44300000 1419.29000 131.55000 18.78900 79.25600
 6 2 21 22 06 33326.60000 7.44300000 1421.19000 131.55000 18.78900 79.25600
 6 2 21 22 07 33324.50000 7.46200000 1421.28000 131.66000 18.78900 79.25600
 6 2 21 22 07 33339.00000 7.46200000 1422.00000 131.76000 18.78900 79.35400
 6 2 21 22 07 33347.70000 7.46200000 1423.43000 131.83000 18.78900 79.35400
 6 2 21 22 08 33359.90000 7.46200000 1424.50000 131.83000 18.62100 79.44700
 6 2 21 22 08 33366.80000 7.47300000 1424.88000 131.93000 18.64100 79.44700
 6 2 21 22 09 33357.00000 7.48900000 1422.47000 131.97000 18.64100 79.43000
 6 2 21 22 09 33370.00000 7.49100000 1423.86000 131.97000 18.64100 79.43000
 6 2 21 22 10 33376.00000 7.51300000 1425.00000 132.01000 18.64100 79.43000
 6 2 21 22 10 33390.00000 7.49500000 1425.92000 132.03000 18.64100 79.46400
 6 2 21 22 10 33551.90000 7.51300000 1426.40000 132.04000 18.64100 79.46400
 6 2 21 22 11 33489.00000 7.51300000 1424.34000 132.04000 18.64100 79.46400
 6 2 21 22 11 33485.70000 7.49900000 1424.42000 132.04000 18.64100 79.46400
 6 2 21 22 12 33499.90000 7.52900000 1425.36000 132.05000 18.64100 79.44800
 6 2 21 22 12 33522.60000 7.48200000 1422.13000 132.05000 18.58200 79.44800
 6 2 21 22 12 33540.10000 7.48200000 1421.48000 132.05000 18.58200 79.44800
 6 2 21 22 13 33545.60000 7.46500000 1421.48000 132.05000 18.58200 79.44800
 6 2 21 22 13 33538.30000 7.46500000 1421.00000 132.12000 18.58200 79.44800
 6 2 21 22 14 33541.60000 7.46500000 1423.33000 132.13000 18.58200 79.44800
 6 2 21 22 14 33549.90000 7.46500000 1422.35000 132.11000 18.58200 79.44800
 6 2 21 22 15 33550.00000 7.46500000 1421.07000 132.11000 18.58200 79.44800
 6 2 21 22 15 33550.00000 7.46500000 1423.07000 132.07000 18.58200 79.44800
 6 2 21 22 15 33573.70000 7.46500000 1423.66000 132.07000 18.58200 79.44800
 6 2 21 22 16 33577.90000 7.46500000 1424.30000 132.07000 18.58200 79.44800
 6 2 21 22 16 33578.10000 7.46500000 1424.01000 132.07000 18.58200 79.44800
 6 2 21 22 17 33578.80000 7.46500000 1422.69000 132.07000 18.58200 79.44800
 6 2 21 22 17 33595.80000 7.47000000 1423.00000 131.97000 18.58200 79.44800
 6 2 21 22 18 33643.00000 7.43300000 1423.29000 131.92000 18.58200 79.56000
 6 2 21 22 18 33578.00000 7.43300000 1423.02000 131.80000 18.58200 79.56000
 6 2 21 22 18 33540.40000 7.43300000 1422.85000 131.88000 18.58200 79.56000
 6 2 21 22 19 33545.20000 7.43100000 1423.61000 131.88000 18.58200 79.56000
 6 2 21 22 19 33533.90000 7.43100000 1423.61000 131.81000 18.58200 79.56000
 6 2 21 22 20 33534.10000 7.43000000 1423.90000 131.76000 18.58200 79.29700
 6 2 21 22 20 33541.30000 7.43000000 1423.61000 131.85000 18.58200 79.29700
 6 2 21 22 21 33543.80000 7.43000000 1423.60000 131.85000 18.58200 79.29700
 6 2 21 22 21 33537.40000 7.43000000 1422.03000 131.75000 18.58200 79.29700
 6 2 21 22 21 33518.10000 7.42700000 1421.00000 131.75000 18.58200 79.29700
 6 2 21 22 22 33504.20000 7.42700000 1421.00000 131.75000 18.58200 79.29700
 6 2 21 22 22 33501.00000 7.42700000 1421.01000 131.75000 18.58200 79.22500
 6 2 21 22 23 33475.40000 7.42700000 1421.01000 131.84000 18.58200 79.22500
 6 2 21 22 23 33486.40000 7.42700000 1421.01000 131.84000 18.58200 79.22500
 6 2 21 22 24 33482.90000 7.42000000 1421.00000 131.66000 18.58200 79.22500
 6 2 21 22 24 33474.00000 7.42000000 1420.11000 131.67000 18.58200 79.22500
 6 2 21 22 24 33474.00000 7.42000000 1419.10000 131.67000 18.58200 79.22500
 6 2 21 22 25 33479.90000 7.42000000 1420.02000 131.72000 18.46600 79.22500
 6 2 21 22 25 33473.00000 7.42000000 1419.74000 131.72000 18.46600 79.22500
 6 2 21 22 26 33470.10000 7.42000000 1420.02000 131.70000 18.46600 79.22500
 6 2 21 22 26 33468.80000 7.42000000 1420.44000 131.70000 18.46600 79.22500
 6 2 21 22 27 33462.00000 7.42000000 1420.78000 131.70000 18.46600 79.22500
 6 2 21 22 27 33457.50000 7.42000000 1420.80000 131.70000 18.46600 79.22500
 6 2 21 22 27 33453.00000 7.42000000 1420.97000 131.70000 18.46600 79.22500
 6 2 21 22 28 33466.00000 7.43100000 1420.97000 131.70000 18.46600 79.22500
 6 2 21 22 28 33464.10000 7.45300000 1420.66000 131.66000 18.46600 79.22500
 6 2 21 22 29 33446.10000 7.45300000 1421.06000 131.62000 18.46600 79.22500
 6 2 21 22 29 33447.60000 7.45300000 1420.00000 131.62000 18.62800 79.22500
 6 2 21 22 30 33448.40000 7.45300000 1420.14000 131.60000 18.62800 79.22500
 6 2 21 22 30 33446.50000 7.45300000 1420.69000 131.58000 18.62800 79.22500
 6 2 21 22 30 33452.80000 7.45300000 1420.75000 131.58000 18.62800 79.22500
 6 2 21 22 31 33450.80000 7.45300000 1420.83000 131.52000 18.62800 79.23500
 6 2 21 22 31 33453.50000 7.45300000 1421.06000 131.52000 18.62800 79.23500
 6 2 21 22 32 33454.90000 7.45300000 1421.66000 131.52000 18.62800 79.29600
 6 2 21 22 32 33455.00000 7.45300000 1422.27000 131.52000 18.62800 79.29600
 6 2 21 22 33 33455.00000 7.45300000 1422.07000 131.52000 18.62800 79.29600
 6 2 21 22 33 33455.00000 7.45300000 1420.26000 131.64000 18.62800 79.29600
 6 2 21 22 33 33450.00000 7.45300000 1420.26000 131.45000 18.62800 79.29600
 6 2 21 22 34 33450.20000 7.45300000 1420.27000 131.43000 18.62800 79.29600
 6 2 21 22 34 33450.90000 7.45300000 1420.27000 131.47000 18.62800 79.20000
 6 2 21 22 35 33409.00000 7.44000000 1420.27000 131.47000 18.62800 79.20000
 6 2 21 22 35 33403.80000 7.44000000 1420.01000 131.47000 18.62800 79.20000
 6 2 21 22 36 33403.80000 7.39100000 1418.58000 131.30000 18.62800 79.20000
 6 2 21 22 36 33427.00000 7.39100000 1418.57000 131.30000 18.62800 79.20000
 6 2 21 22 36 33427.40000 7.39100000 1418.48000 131.30000 18.62800 79.02400
 6 2 21 22 37 33432.00000 7.41600000 1418.37000 131.69000 18.62800 79.02400
 6 2 21 22 37 33455.00000 7.41600000 1418.15000 131.79000 18.62800 79.02400
 6 2 21 22 38 33455.00000 7.42300000 1419.01000 131.82000 18.62800 79.02400
 6 2 21 22 38 33455.00000 7.42300000 1418.92000 131.89000 18.62800 79.02400
 6 2 21 22 39 33455.00000 7.42300000 1418.92000 131.84000 18.62800 79.02400
 6 2 21 22 39 33453.70000 7.42300000 1418.91000 131.84000 18.62800 79.02400
 6 2 21 22 39 33450.90000 7.42300000 1418.92000 131.84000 18.62800 79.02400
 6 2 21 22 40 33450.20000 7.42300000 1418.86000 131.93000 18.62800 79.02400
 6 2 21 22 40 33444.10000 7.40300000 1418.68000 131.93000 18.62800 79.02400
 6 2 21 22 41 33447.30000 7.40300000 1418.67000 131.93000 18.62800 79.02400
 6 2 21 22 41 33453.70000 7.40300000 1419.34000 131.99000 18.62800 79.02400
 6 2 21 22 42 33454.90000 7.40300000 1419.59000 131.99000 18.62800 79.02400
 6 2 21 22 42 33450.70000 7.40300000 1419.00000 132.00000 18.62800 79.12400
 6 2 21 22 42 33449.80000 7.40300000 1418.93000 132.04000 18.62800 79.12400
 6 2 21 22 43 33444.70000 7.40300000 1417.90000 131.99000 18.62800 79.12400
 6 2 21 22 43 33452.70000 7.40300000 1417.98000 131.99000 18.62800 79.12400
 6 2 21 22 44 33455.00000 7.41000000 1418.17000 131.99000 18.68700 79.12500
