M=[
 7 6 21 13 27 30000.00000 53.01700000 2302.30000 147.98000 24.31500 125.24100
 7 6 21 13 28 30000.10000 53.01700000 2307.07000 147.98000 24.31500 125.24100
 7 6 21 13 28 30000.10000 53.01700000 2306.50000 147.98000 24.31500 125.24100
 7 6 21 13 29 30001.00000 53.01700000 2304.25000 147.97000 24.31500 125.24100
 7 6 21 13 29 30014.70000 53.01700000 2306.76000 147.97000 24.31500 125.25400
 7 6 21 13 30 30029.70000 53.01700000 2308.82000 148.13000 24.31500 125.25400
 7 6 21 13 30 30020.30000 53.01700000 2306.69000 148.13000 24.31500 125.25400
 7 6 21 13 30 30015.10000 53.01100000 2306.15000 148.10000 24.31500 125.25400
 7 6 21 13 31 30015.10000 53.01100000 2305.54000 147.97000 24.31500 125.25400
 7 6 21 13 31 30015.10000 53.01100000 2302.05000 147.99000 24.31500 125.25400
 7 6 21 13 32 30015.10000 53.01100000 2301.99000 147.99000 24.31500 125.25400
 7 6 21 13 32 30000.10000 53.01100000 2301.99000 147.86000 24.31500 125.25400
 7 6 21 13 33 30000.10000 53.01100000 2300.53000 147.71000 24.31500 124.91700
 7 6 21 13 33 30000.10000 53.01100000 2303.59000 147.69000 24.31500 124.91700
 7 6 21 13 33 30000.10000 53.01100000 2303.60000 147.71000 24.31500 124.91700
 7 6 21 13 34 30002.40000 52.93300000 2305.89000 147.71000 24.31500 124.91700
 7 6 21 13 34 30000.00000 52.93300000 2304.61000 147.71000 24.31500 124.91700
 7 6 21 13 35 30000.10000 52.93300000 2304.91000 147.77000 24.31500 124.91700
 7 6 21 13 35 30001.50000 52.93300000 2306.16000 147.80000 24.31500 124.91700
 7 6 21 13 36 30000.10000 52.93300000 2305.61000 147.80000 24.31500 124.91700
 7 6 21 13 36 30005.10000 52.93300000 2306.78000 147.80000 24.31500 124.91700
 7 6 21 13 36 30009.50000 52.93300000 2306.78000 147.80000 24.31500 124.91700
 7 6 21 13 37 30010.20000 52.93300000 2306.81000 147.80000 24.31500 124.91700
 7 6 21 13 37 30000.10000 52.93300000 2306.21000 147.80000 24.31500 124.91700
 7 6 21 13 38 30000.70000 52.93300000 2306.66000 147.75000 24.31500 124.91700
 7 6 21 13 38 30015.00000 52.93300000 2307.69000 147.81000 24.31500 124.91700
 7 6 21 13 39 30014.80000 52.93300000 2307.70000 147.84000 24.31500 124.92300
 7 6 21 13 39 30006.20000 52.93300000 2308.12000 147.84000 24.31500 124.92300
 7 6 21 13 39 30004.60000 52.93300000 2310.15000 147.86000 24.31500 124.92300
 7 6 21 13 40 30014.90000 52.93300000 2311.17000 147.86000 24.31500 124.92300
 7 6 21 13 40 30014.90000 52.92700000 2312.46000 147.86000 24.31500 124.92300
 7 6 21 13 41 30024.90000 52.92700000 2311.29000 147.96000 24.31500 124.92300
 7 6 21 13 41 30040.00000 52.92700000 2311.63000 147.96000 24.31500 124.92300
 7 6 21 13 42 30042.00000 52.93100000 2312.85000 148.08000 24.31500 124.92300
 7 6 21 13 42 30038.70000 52.93100000 2312.85000 148.08000 24.31500 124.92300
 7 6 21 13 42 30017.40000 52.93100000 2311.49000 148.08000 24.31500 124.92300
 7 6 21 13 43 29951.00000 52.93100000 2305.80000 148.08000 24.31500 124.92300
 7 6 21 13 43 29969.90000 52.93100000 2308.27000 148.08000 24.31500 124.92300
 7 6 21 13 44 29981.80000 52.93100000 2310.56000 148.05000 24.31500 124.92300
 7 6 21 13 44 29981.90000 52.93100000 2310.30000 148.05000 24.31500 124.92300
 7 6 21 13 45 29981.90000 52.93100000 2310.30000 148.05000 24.31500 124.92300
 7 6 21 13 45 29981.90000 52.93100000 2306.67000 148.05000 24.31500 124.92300
 7 6 21 13 45 29971.20000 52.93100000 2307.44000 147.80000 24.31500 124.92300
 7 6 21 13 46 29971.20000 52.93100000 2307.47000 147.85000 24.31500 124.92300
 7 6 21 13 46 29935.30000 52.93100000 2304.61000 147.70000 24.31500 124.92300
 7 6 21 13 47 29958.20000 52.93100000 2304.61000 147.70000 24.31500 124.92300
 7 6 21 13 47 29966.10000 52.93100000 2307.22000 147.70000 24.31500 124.92300
 7 6 21 13 48 29959.80000 52.93100000 2306.17000 147.72000 24.31500 124.92300
 7 6 21 13 48 29951.70000 52.93100000 2306.75000 147.70000 24.31500 124.92300
 7 6 21 13 48 29967.40000 52.93100000 2307.49000 147.70000 24.31500 124.92300
 7 6 21 13 49 29981.90000 52.93100000 2308.10000 147.81000 24.31500 124.92300
 7 6 21 13 49 29983.70000 52.93100000 2308.96000 147.87000 24.31500 124.92300
 7 6 21 13 50 29972.80000 52.93100000 2308.24000 147.86000 24.31500 124.92300
 7 6 21 13 50 29981.40000 52.93100000 2308.23000 147.79000 24.31500 124.92300
 7 6 21 13 51 29974.70000 52.93100000 2308.23000 147.79000 24.31500 124.92300
 7 6 21 13 51 29950.70000 52.93100000 2305.51000 147.79000 24.31500 124.92300
 7 6 21 13 51 29975.00000 52.93100000 2306.78000 147.79000 24.31500 124.92300
 7 6 21 13 52 29965.00000 52.93100000 2306.12000 147.79000 24.31500 124.70500
 7 6 21 13 52 29957.20000 52.93100000 2305.52000 147.79000 24.31500 124.70500
 7 6 21 13 53 29903.40000 52.93100000 2303.29000 147.52000 24.17400 124.70500
 7 6 21 13 53 29903.40000 52.93100000 2300.00000 147.43000 24.17700 124.70500
 7 6 21 13 54 29904.60000 52.93100000 2295.50000 147.29000 24.17700 124.59500
 7 6 21 13 54 29888.90000 52.93100000 2298.25000 147.29000 24.17700 124.59500
 7 6 21 13 54 29898.20000 52.83600000 2298.48000 147.29000 24.17700 124.59500
 7 6 21 13 55 29865.80000 52.83600000 2295.73000 146.98000 24.17700 124.59500
 7 6 21 13 55 29873.70000 52.83600000 2297.34000 147.12000 24.17700 124.59500
 7 6 21 13 56 29873.40000 52.83600000 2295.71000 147.10000 24.17700 124.59500
 7 6 21 13 56 29874.30000 52.83600000 2296.57000 147.07000 24.25700 124.52300
 7 6 21 13 57 29876.00000 52.79000000 2297.11000 147.14000 24.25700 124.52300
 7 6 21 13 57 29837.60000 52.79000000 2294.90000 147.11000 24.26200 124.27300
 7 6 21 13 57 29829.60000 52.79000000 2292.42000 146.99000 24.26200 124.27300
 7 6 21 13 58 29829.10000 52.67500000 2291.08000 146.93000 24.26200 124.27300
 7 6 21 13 58 29829.50000 52.67500000 2292.42000 147.00000 24.26200 124.27300
 7 6 21 13 59 29863.40000 52.67500000 2294.42000 147.04000 24.26200 124.27300
 7 6 21 13 59 29851.90000 52.67500000 2294.05000 147.12000 24.26200 124.27300
 7 6 21 14 00 29846.00000 52.67500000 2292.88000 147.14000 24.26200 124.27300
 7 6 21 14 00 29783.80000 52.67500000 2287.88000 147.00000 24.26200 124.27300
 7 6 21 14 00 29802.00000 52.67500000 2287.71000 146.91000 24.26200 124.27300
 7 6 21 14 01 29798.60000 52.67500000 2288.57000 146.79000 24.26200 124.27300
 7 6 21 14 01 29787.20000 52.67500000 2290.73000 146.84000 24.26200 124.27300
 7 6 21 14 02 29744.70000 52.67500000 2290.00000 146.80000 24.26200 124.27300
 7 6 21 14 02 29722.10000 52.67500000 2287.71000 146.61000 24.26200 123.95200
 7 6 21 14 03 29648.00000 52.50000000 2280.11000 146.38000 24.29700 123.88200
 7 6 21 14 03 29642.60000 52.50000000 2282.43000 146.38000 24.29700 123.59300
 7 6 21 14 03 29664.50000 52.50000000 2282.71000 146.48000 24.29700 123.44000
 7 6 21 14 04 29654.60000 52.50000000 2282.19000 146.41000 24.29500 123.44000
 7 6 21 14 04 29640.50000 52.50000000 2281.95000 146.41000 24.29500 123.44000
 7 6 21 14 05 29687.70000 52.50000000 2286.50000 146.41000 24.29500 123.44000
 7 6 21 14 05 29715.00000 52.50000000 2290.72000 146.50000 24.29500 123.44000
 7 6 21 14 06 29664.40000 52.50000000 2285.96000 146.49000 24.29500 123.44000
 7 6 21 14 06 29697.20000 52.50000000 2285.73000 146.53000 24.29500 123.44000
 7 6 21 14 06 29663.50000 52.50000000 2288.03000 146.46000 24.29500 123.44000
 7 6 21 14 07 29690.50000 52.50000000 2289.03000 146.58000 24.29500 123.44000
 7 6 21 14 07 29680.20000 52.50000000 2288.27000 146.49000 24.29500 123.44000
 7 6 21 14 08 29680.00000 52.50000000 2290.50000 146.57000 24.29500 123.68300
 7 6 21 14 08 29690.10000 52.51900000 2290.50000 146.57000 24.29500 123.68300
 7 6 21 14 09 29681.80000 52.51900000 2288.18000 146.62000 24.29500 123.68300
 7 6 21 14 09 29681.80000 52.51900000 2289.76000 146.62000 24.29500 123.68300
 7 6 21 14 09 29693.70000 52.51900000 2289.77000 146.63000 24.10800 123.68300
 7 6 21 14 10 29690.10000 52.51900000 2288.36000 146.63000 24.10800 123.87600
 7 6 21 14 10 29680.00000 52.51900000 2288.01000 146.54000 24.10800 123.87600
 7 6 21 14 11 29643.00000 52.50100000 2288.44000 146.54000 24.10800 123.87600
