M=[
 6 7 20 11 18 8142.20000 5.12000000 207.00000 37.76000 17.04800 47.05800
 6 7 20 11 19 8142.20000 5.12000000 206.99000 37.76000 17.04800 47.05800
 6 7 20 11 20 8144.20000 5.12600000 207.18000 37.77000 17.04800 47.05800
 6 7 20 11 20 8145.00000 5.12600000 207.17000 37.81000 17.04800 47.05800
 6 7 20 11 20 8145.40000 5.12600000 207.17000 37.83000 17.04800 47.05800
 6 7 20 11 21 8145.70000 5.12600000 207.42000 37.83000 17.04800 47.05800
 6 7 20 11 21 8146.20000 5.12600000 207.45000 37.83000 17.04800 47.05800
 6 7 20 11 22 8146.20000 5.12600000 207.44000 37.83000 17.04800 47.05800
 6 7 20 11 23 8149.30000 5.12600000 207.42000 37.80000 17.15900 47.05800
 6 7 20 11 23 8149.00000 5.12600000 207.55000 37.81000 17.15900 47.05800
 6 7 20 11 24 8149.00000 5.13900000 207.63000 37.81000 17.15900 47.05800
 6 7 20 11 24 8151.00000 5.13900000 207.64000 37.78000 17.15900 47.05800
 6 7 20 11 25 8153.10000 5.13900000 207.64000 37.81000 17.15900 47.05800
 6 7 20 11 25 8153.00000 5.13900000 207.64000 37.81000 17.15900 47.05800
 6 7 20 11 26 8153.10000 5.13900000 207.64000 37.83000 17.15900 47.05800
 6 7 20 11 26 8153.20000 5.13900000 207.74000 37.81000 17.15900 47.05800
 6 7 20 11 27 8151.00000 5.13900000 207.59000 37.80000 17.15900 47.05800
 6 7 20 11 27 8148.30000 5.13900000 207.56000 37.80000 17.15900 47.05800
 6 7 20 11 28 8148.20000 5.13900000 207.47000 37.82000 17.15900 47.05800
 6 7 20 11 28 8148.30000 5.13900000 207.49000 37.82000 17.15900 47.37200
 6 7 20 11 29 8148.40000 5.13900000 207.49000 37.82000 17.15900 47.37200
 6 7 20 11 29 8148.40000 5.13900000 207.50000 37.78000 17.15900 47.37200
 6 7 20 11 30 8148.30000 5.13900000 207.50000 37.78000 17.15900 47.37200
 6 7 20 11 30 8148.30000 5.13900000 207.48000 37.78000 17.15900 47.37200
 6 7 20 11 30 8148.40000 5.13900000 207.55000 37.78000 17.15900 47.37200
 6 7 20 11 31 8148.30000 5.13900000 207.55000 37.78000 17.15900 47.37200
 6 7 20 11 31 8148.40000 5.13900000 207.53000 37.78000 17.15900 47.37200
 6 7 20 11 32 8148.40000 5.13900000 207.48000 37.78000 17.09100 47.31000
 6 7 20 11 32 8148.30000 5.13900000 207.55000 37.78000 17.09100 47.31000
 6 7 20 11 33 8148.30000 5.13900000 207.55000 37.78000 17.09100 47.31000
 6 7 20 11 33 8148.40000 5.13900000 207.55000 37.80000 17.09100 47.31000
 6 7 20 11 34 8146.10000 5.13900000 207.45000 37.80000 17.09100 47.31000
 6 7 20 11 34 8146.10000 5.13900000 207.42000 37.80000 17.09100 47.31000
 6 7 20 11 35 8146.10000 5.13900000 207.32000 37.80000 17.09100 47.31000
 6 7 20 11 35 8146.10000 5.13900000 207.32000 37.76000 17.09100 47.31000
 6 7 20 11 36 8146.00000 5.13900000 207.24000 37.76000 17.09100 47.31000
 6 7 20 11 36 8146.10000 5.13900000 207.11000 37.76000 17.09100 47.31000
 6 7 20 11 37 8146.10000 5.13900000 207.11000 37.76000 17.09100 47.31000
 6 7 20 11 37 8146.10000 5.13900000 207.05000 37.76000 17.09100 47.31000
 6 7 20 11 38 8146.00000 5.13900000 207.05000 37.76000 17.09100 47.31000
 6 7 20 11 38 8146.10000 5.13900000 207.03000 37.76000 17.09100 47.31000
 6 7 20 11 38 8146.10000 5.13900000 207.03000 37.76000 17.09100 47.31000
 6 7 20 11 39 8142.90000 5.13900000 207.02000 37.75000 17.09100 47.31000
 6 7 20 11 39 8142.90000 5.13900000 207.02000 37.75000 16.97900 47.31000
 6 7 20 11 40 8142.60000 5.13900000 207.04000 37.74000 16.97900 47.31000
 6 7 20 11 40 8142.80000 5.13900000 207.03000 37.74000 16.97900 47.31000
 6 7 20 11 41 8142.60000 5.13900000 207.04000 37.74000 16.97900 47.31000
 6 7 20 11 41 8142.50000 5.13900000 207.04000 37.74000 16.97900 47.31000
 6 7 20 11 42 8142.60000 5.13900000 207.04000 37.74000 16.96100 47.13500
 6 7 20 11 42 8142.60000 5.13900000 207.04000 37.74000 16.96100 47.13500
 6 7 20 11 43 8142.60000 5.13900000 207.20000 37.74000 16.96100 47.13500
 6 7 20 11 43 8144.50000 5.13900000 207.20000 37.74000 16.96100 47.13500
 6 7 20 11 44 8146.30000 5.13900000 207.31000 37.74000 16.96100 47.13500
 6 7 20 11 44 8146.30000 5.13900000 207.31000 37.76000 16.96100 47.13500
 6 7 20 11 45 8146.60000 5.13900000 207.32000 37.76000 16.96100 47.13500
 6 7 20 11 45 8146.70000 5.13900000 207.32000 37.76000 16.96100 47.13500
 6 7 20 11 46 8146.70000 5.13900000 207.32000 37.76000 16.96100 47.13500
 6 7 20 11 46 8146.60000 5.13900000 207.31000 37.76000 16.96100 47.13500
 6 7 20 11 47 8146.60000 5.13900000 207.32000 37.76000 16.96100 47.30000
 6 7 20 11 47 8146.60000 5.13900000 207.32000 37.76000 16.96100 47.30000
 6 7 20 11 47 8146.60000 5.13900000 207.46000 37.76000 16.96100 47.30000
 6 7 20 11 48 8148.00000 5.13900000 207.53000 37.76000 16.96100 47.30000
 6 7 20 11 48 8149.70000 5.13900000 207.53000 37.82000 16.96100 47.30000
 6 7 20 11 49 8150.20000 5.13900000 207.53000 37.82000 16.96100 47.30000
 6 7 20 11 49 8150.30000 5.13900000 207.54000 37.82000 16.96100 47.30000
 6 7 20 11 50 8152.10000 5.13900000 207.55000 37.82000 16.96100 47.30000
 6 7 20 11 50 8154.60000 5.13900000 207.67000 37.82000 16.96100 47.30000
 6 7 20 11 51 8154.90000 5.13900000 207.67000 37.82000 16.96100 47.30000
 6 7 20 11 51 8154.90000 5.13900000 207.67000 37.82000 16.96100 47.30000
 6 7 20 11 52 8154.90000 5.13900000 207.67000 37.87000 16.96100 47.30000
 6 7 20 11 52 8155.00000 5.13900000 207.67000 37.87000 16.96100 47.30000
 6 7 20 11 53 8154.90000 5.13900000 207.67000 37.83000 16.96100 47.30000
 6 7 20 11 53 8154.30000 5.13900000 207.81000 37.86000 16.96100 47.30000
 6 7 20 11 54 8154.30000 5.13900000 207.80000 37.86000 16.96100 47.30000
 6 7 20 11 54 8154.30000 5.13900000 207.81000 37.86000 16.96100 47.30000
 6 7 20 11 55 8155.60000 5.13900000 207.84000 37.87000 16.96100 47.34000
 6 7 20 11 55 8155.60000 5.13900000 208.13000 37.87000 16.96100 47.34000
 6 7 20 11 56 8157.90000 5.13900000 208.12000 37.87000 16.96100 47.34000
 6 7 20 11 57 8159.50000 5.13900000 208.12000 37.87000 16.96100 47.34000
 6 7 20 11 57 8159.80000 5.13900000 208.12000 37.89000 16.96100 47.34000
 6 7 20 11 58 8159.90000 5.13900000 208.12000 37.89000 17.02200 47.34000
 6 7 20 11 58 8159.90000 5.13900000 208.15000 37.89000 17.02200 47.34000
 6 7 20 11 59 8160.00000 5.13900000 208.48000 37.92000 17.02200 47.34000
 6 7 20 11 59 8160.00000 5.13900000 208.48000 37.92000 17.02200 47.34000
 6 7 20 12 00 8160.00000 5.13900000 208.46000 37.92000 17.02200 47.33500
 6 7 20 12 00 8160.00000 5.13900000 208.70000 37.95000 17.02200 47.33500
 6 7 20 12 01 8161.30000 5.13900000 208.99000 37.95000 17.02200 47.35100
 6 7 20 12 02 8167.50000 5.13900000 209.15000 37.95000 17.02200 47.35100
 6 7 20 12 02 8169.50000 5.13900000 209.00000 37.95000 17.02200 47.35100
 6 7 20 12 03 8169.70000 5.15400000 208.81000 37.93000 17.02200 47.35100
 6 7 20 12 04 8169.50000 5.15400000 208.76000 37.91000 17.02200 47.35100
 6 7 20 12 04 8160.00000 5.15400000 208.25000 37.89000 17.02200 47.35100
 6 7 20 12 05 8159.50000 5.15400000 208.20000 37.89000 17.02200 47.35100
 6 7 20 12 05 8159.50000 5.15400000 208.23000 37.89000 17.02200 47.35100
 6 7 20 12 06 8158.30000 5.15400000 208.21000 37.90000 17.02200 47.35100
 6 7 20 12 06 8158.30000 5.13900000 208.39000 37.85000 17.02200 47.35100
 6 7 20 12 07 8158.30000 5.13900000 208.39000 37.85000 17.02200 47.35100
 6 7 20 12 07 8158.40000 5.13900000 208.25000 37.81000 17.02200 47.35100
 6 7 20 12 08 8158.30000 5.13900000 208.25000 37.81000 17.02200 47.35100
 6 7 20 12 08 8158.40000 5.13900000 208.14000 37.81000 17.02200 47.35100
 6 7 20 12 09 8158.40000 5.13900000 208.09000 37.81000 17.02200 47.35100
 6 7 20 12 09 8158.40000 5.13900000 208.06000 37.81000 17.02200 47.35100
 6 7 20 12 10 8155.30000 5.13900000 208.08000 37.81000 17.02200 47.35100
 6 7 20 12 10 8154.80000 5.13900000 208.08000 37.81000 16.96100 47.35100
 6 7 20 12 11 8154.80000 5.13900000 208.01000 37.81000 17.02200 47.35100
 6 7 20 12 11 8154.80000 5.13900000 208.01000 37.81000 17.02200 47.35100
 6 7 20 12 12 8154.70000 5.13900000 208.06000 37.85000 17.02200 47.35100
 6 7 20 12 12 8154.70000 5.13900000 208.17000 37.84000 17.02200 47.35100
 6 7 20 12 13 8154.80000 5.13900000 208.09000 37.84000 17.02200 47.35100
