M=[
16 12 20 09 57 15998.00000 4.96000000 482.47000 66.05000 13.47200 55.35000
16 12 20 09 57 16000.00000 4.96000000 482.59000 66.15000 13.47200 55.35000
16 12 20 09 58 16000.00000 4.96000000 482.57000 66.15000 13.47200 55.35000
16 12 20 09 58 15998.00000 4.96000000 482.40000 66.15000 13.47200 55.35000
16 12 20 09 58 16000.00000 4.96000000 482.52000 66.18000 13.47200 55.35000
16 12 20 09 59 16000.00000 4.96000000 482.57000 66.18000 13.47200 55.35000
16 12 20 09 59 16000.00000 4.96000000 482.57000 66.18000 13.47200 55.35000
16 12 20 10 00 16000.00000 4.96000000 482.65000 66.18000 13.47200 55.35000
16 12 20 10 00 15999.90000 4.93600000 482.57000 66.20000 13.47200 55.35000
16 12 20 10 01 15999.90000 4.93600000 482.58000 66.20000 13.47200 55.52900
16 12 20 10 01 16000.00000 4.93600000 482.57000 66.20000 13.47200 55.52900
16 12 20 10 01 15999.90000 4.93600000 482.58000 66.23000 13.47200 55.52900
16 12 20 10 02 16000.00000 4.96100000 482.58000 66.23000 13.47200 55.52900
16 12 20 10 02 15999.90000 4.96100000 482.58000 66.20000 13.47200 55.52900
16 12 20 10 03 16000.00000 4.96100000 482.57000 66.20000 13.47200 55.52900
16 12 20 10 03 16030.50000 4.96100000 482.61000 66.18000 13.47200 55.52900
16 12 20 10 04 16032.00000 4.96100000 482.67000 66.36000 13.47200 55.52900
16 12 20 10 04 16020.60000 4.96100000 482.71000 66.24000 13.47200 55.52900
16 12 20 10 04 16024.80000 4.96100000 482.71000 66.28000 13.47000 55.52900
16 12 20 10 05 16031.90000 4.96100000 482.86000 66.28000 13.47000 55.52900
16 12 20 10 05 16054.60000 4.96100000 482.88000 66.28000 13.47000 55.52900
16 12 20 10 06 16036.10000 4.96100000 482.80000 66.41000 13.47000 55.52900
16 12 20 10 06 16052.80000 4.96100000 482.91000 66.60000 13.47000 55.52900
16 12 20 10 07 16094.00000 4.96100000 483.34000 66.83000 13.47000 55.52900
16 12 20 10 07 16100.00000 4.96100000 483.60000 66.90000 13.47000 55.52900
16 12 20 10 07 16100.10000 4.96100000 483.55000 66.66000 13.47000 55.52900
16 12 20 10 08 16100.00000 4.96100000 483.73000 66.91000 13.47000 55.52900
16 12 20 10 08 16105.00000 4.96100000 483.99000 67.18000 13.47000 55.52900
16 12 20 10 09 16110.00000 4.96100000 484.14000 67.20000 13.47000 55.52900
16 12 20 10 09 16110.00000 4.96100000 484.14000 67.19000 13.47000 55.52900
16 12 20 10 10 16114.50000 4.96100000 484.38000 67.22000 13.47000 55.52900
16 12 20 10 10 16116.50000 4.96100000 484.62000 67.22000 13.47000 55.52900
16 12 20 10 10 16116.60000 4.97900000 484.62000 67.29000 13.47000 55.52900
16 12 20 10 11 16115.90000 4.97900000 484.53000 67.29000 13.47000 55.52900
16 12 20 10 11 16113.80000 4.97900000 484.62000 67.28000 13.47000 55.52900
16 12 20 10 12 16115.10000 4.97900000 484.62000 67.28000 13.47000 55.52900
16 12 20 10 12 16110.00000 4.97900000 484.54000 67.06000 13.47000 55.52900
16 12 20 10 13 16110.00000 4.97900000 484.54000 66.96000 13.47000 55.52900
16 12 20 10 13 16110.00000 4.97900000 484.54000 66.95000 13.47000 55.52900
16 12 20 10 13 16110.00000 4.97900000 484.54000 66.95000 13.47000 55.52900
16 12 20 10 14 16110.90000 4.97900000 484.60000 66.95000 13.47000 55.52900
16 12 20 10 14 16110.90000 4.97900000 484.54000 66.95000 13.47000 55.52900
16 12 20 10 15 16124.00000 4.97900000 484.53000 67.04000 13.47000 55.52900
16 12 20 10 15 16130.20000 4.97900000 484.59000 67.04000 13.47000 55.52900
16 12 20 10 16 16136.10000 4.97900000 485.00000 67.12000 13.47000 55.52900
16 12 20 10 16 16138.50000 4.97900000 485.19000 67.12000 13.47000 55.52900
16 12 20 10 16 16145.50000 4.97900000 485.00000 67.12000 13.47000 55.52900
16 12 20 10 17 16150.00000 4.97900000 485.40000 67.12000 13.47000 55.52900
16 12 20 10 17 16183.20000 4.97900000 485.54000 67.12000 13.47000 55.52900
16 12 20 10 18 16193.10000 4.99100000 485.59000 67.26000 13.47000 55.52900
16 12 20 10 18 16184.10000 4.99100000 485.62000 67.21000 13.47000 55.52900
16 12 20 10 19 16184.10000 4.99100000 485.70000 67.30000 13.47000 55.52900
16 12 20 10 19 16184.10000 4.99100000 485.88000 67.36000 13.47000 55.82200
16 12 20 10 19 16184.50000 4.99100000 485.60000 67.28000 13.47000 55.82200
16 12 20 10 20 16198.20000 4.99100000 486.49000 67.37000 13.47000 55.97400
16 12 20 10 20 16184.10000 4.99200000 486.27000 67.36000 13.47000 55.97400
16 12 20 10 21 16183.70000 4.99100000 486.86000 67.36000 13.47000 55.97400
16 12 20 10 21 16198.80000 4.99100000 486.86000 67.41000 13.47000 55.97400
16 12 20 10 22 16178.10000 4.99100000 487.38000 67.61000 13.47000 55.97400
16 12 20 10 22 16174.00000 4.99100000 487.14000 67.61000 13.47000 55.97400
16 12 20 10 22 16173.20000 4.99100000 486.52000 67.61000 13.47000 55.97400
16 12 20 10 23 16170.00000 4.99100000 487.21000 67.60000 13.47000 55.97400
16 12 20 10 23 16153.20000 4.99100000 486.77000 67.50000 13.47000 55.97400
16 12 20 10 24 16150.60000 4.99100000 486.41000 67.24000 13.47000 55.97400
16 12 20 10 24 16136.50000 4.99100000 486.36000 67.28000 13.47000 55.97400
16 12 20 10 25 16138.90000 4.99100000 486.30000 67.28000 13.47000 55.97400
16 12 20 10 25 16151.70000 4.99100000 486.39000 67.28000 13.47000 55.97400
16 12 20 10 25 16165.30000 4.99100000 486.48000 67.28000 13.55900 55.97400
16 12 20 10 26 16169.00000 4.99100000 486.76000 67.28000 13.55900 55.97400
16 12 20 10 26 16151.70000 4.99100000 486.76000 67.34000 13.47500 55.97400
16 12 20 10 27 16150.00000 4.99100000 486.70000 67.34000 13.47500 55.97400
16 12 20 10 27 16137.70000 4.99100000 486.36000 67.39000 13.47500 55.97400
16 12 20 10 28 16141.50000 4.99100000 486.57000 67.31000 13.47500 55.83300
16 12 20 10 28 16138.90000 4.99100000 486.32000 67.28000 13.47500 55.83300
16 12 20 10 28 16158.10000 4.99100000 486.43000 67.28000 13.47500 55.83300
16 12 20 10 29 16164.80000 4.99100000 486.75000 67.28000 13.47500 55.83300
16 12 20 10 29 16157.60000 4.99100000 486.70000 67.34000 13.47500 55.83300
16 12 20 10 30 16155.30000 4.99100000 486.75000 67.29000 13.47500 55.83300
16 12 20 10 30 16171.60000 4.99100000 486.75000 67.31000 13.47000 55.83300
16 12 20 10 31 16169.90000 4.99100000 487.32000 67.31000 13.47000 55.74000
16 12 20 10 31 16169.90000 4.99100000 486.79000 67.31000 13.47000 55.74000
16 12 20 10 31 16158.00000 4.99100000 487.00000 67.31000 13.47000 55.74000
16 12 20 10 32 16167.40000 4.99100000 487.29000 67.31000 13.47000 55.74000
16 12 20 10 32 16162.50000 4.99100000 487.00000 67.31000 13.47000 55.74000
16 12 20 10 33 16155.10000 4.99100000 486.93000 67.32000 13.47000 55.74000
16 12 20 10 33 16152.60000 4.98600000 486.89000 67.22000 13.47000 55.74000
16 12 20 10 34 16140.00000 4.98600000 486.89000 67.20000 13.47000 55.74000
16 12 20 10 34 16140.00000 4.98600000 486.70000 67.20000 13.47000 55.74000
16 12 20 10 34 16150.00000 4.98600000 486.60000 67.14000 13.47000 55.74000
16 12 20 10 35 16139.30000 4.98600000 486.53000 67.16000 13.47000 55.74000
16 12 20 10 35 16133.40000 4.98600000 486.13000 67.07000 13.47000 55.74000
16 12 20 10 36 16131.50000 4.98600000 486.10000 67.07000 13.47000 55.74000
16 12 20 10 36 16141.00000 4.98600000 486.11000 67.06000 13.47000 55.74000
16 12 20 10 37 16133.70000 4.98600000 486.11000 66.99000 13.47000 55.74000
16 12 20 10 37 16134.30000 4.98600000 486.01000 67.02000 13.47000 55.74000
16 12 20 10 37 16142.30000 4.98600000 485.77000 67.11000 13.47000 55.74000
16 12 20 10 38 16140.30000 4.98600000 485.72000 67.08000 13.47000 55.74000
16 12 20 10 38 16150.00000 4.98600000 485.92000 67.08000 13.47000 55.74000
16 12 20 10 39 16150.10000 4.95500000 486.04000 67.08000 13.47000 55.74000
16 12 20 10 39 16150.00000 4.95500000 486.07000 67.06000 13.47000 55.74000
16 12 20 10 39 16150.10000 4.95500000 486.07000 67.11000 13.47000 55.74000
16 12 20 10 40 16150.00000 4.95500000 486.10000 67.13000 13.47000 55.74000
16 12 20 10 40 16150.10000 4.95500000 486.11000 67.13000 13.47000 55.74000
16 12 20 10 41 16150.10000 4.95500000 486.01000 67.13000 13.47000 55.74000
16 12 20 10 41 16150.20000 4.95500000 486.18000 67.13000 13.47000 55.74000
16 12 20 10 42 16150.00000 4.95500000 486.12000 67.09000 13.47000 55.74000
