M=[
13 11 20 05 25 13829.30000 4.26600000 390.89000 52.24000 12.95000 52.62000
13 11 20 05 26 13832.50000 4.26600000 391.03000 52.24000 12.95000 52.62000
13 11 20 05 26 13833.20000 4.26600000 390.94000 52.24000 12.95000 52.62000
13 11 20 05 27 13831.80000 4.26600000 390.94000 52.24000 12.95000 52.62000
13 11 20 05 27 13831.20000 4.26600000 390.99000 52.24000 12.95000 52.62000
13 11 20 05 27 13832.40000 4.26600000 390.99000 52.24000 12.95000 52.62000
13 11 20 05 28 13830.30000 4.26600000 390.99000 52.24000 12.95000 52.62000
13 11 20 05 28 13819.90000 4.26600000 390.99000 52.24000 12.95000 52.62000
13 11 20 05 29 13820.00000 4.26600000 391.19000 52.24000 12.95000 52.62000
13 11 20 05 29 13820.00000 4.26600000 391.19000 52.26000 12.95000 52.62000
13 11 20 05 30 13815.80000 4.26600000 391.19000 52.26000 12.95000 52.62000
13 11 20 05 30 13815.20000 4.26600000 391.19000 52.26000 12.95000 52.62000
13 11 20 05 30 13807.60000 4.26600000 391.19000 52.26000 12.95000 52.62000
13 11 20 05 31 13801.00000 4.26600000 390.67000 52.26000 12.95000 52.62000
13 11 20 05 31 13796.40000 4.26600000 390.55000 52.26000 12.95000 52.62000
13 11 20 05 32 13808.50000 4.26600000 390.55000 52.26000 12.95000 52.62000
13 11 20 05 32 13810.10000 4.26600000 390.55000 52.26000 12.95000 52.62000
13 11 20 05 33 13820.00000 4.26600000 390.82000 52.26000 12.95000 52.62000
13 11 20 05 33 13834.00000 4.26600000 390.82000 52.31000 12.95000 52.62000
13 11 20 05 33 13840.70000 4.26600000 390.82000 52.31000 12.95000 52.62000
13 11 20 05 34 13842.60000 4.26600000 390.82000 52.33000 12.95000 52.62000
13 11 20 05 34 13843.80000 4.26600000 390.82000 52.35000 12.95000 52.62000
13 11 20 05 35 13845.90000 4.26600000 391.39000 52.35000 12.95000 52.62000
13 11 20 05 35 13841.40000 4.26600000 391.39000 52.35000 12.95000 52.62000
13 11 20 05 36 13844.90000 4.26600000 391.47000 52.35000 12.95000 52.62000
13 11 20 05 36 13842.50000 4.26600000 391.64000 52.33000 12.95000 52.62000
13 11 20 05 36 13845.00000 4.26600000 391.64000 52.33000 12.95000 52.62000
13 11 20 05 37 13839.00000 4.26600000 391.64000 52.33000 12.95000 52.62000
13 11 20 05 37 13840.30000 4.26600000 391.64000 52.33000 12.95000 52.62000
13 11 20 05 38 13832.40000 4.26600000 391.64000 52.33000 12.95000 52.62000
13 11 20 05 38 13833.10000 4.26600000 391.64000 52.33000 12.95000 52.62000
13 11 20 05 39 13830.10000 4.26600000 391.64000 52.33000 12.95000 52.62000
13 11 20 05 39 13833.40000 4.26600000 391.64000 52.33000 12.95000 52.62000
13 11 20 05 39 13831.90000 4.26600000 391.64000 52.33000 13.04500 52.62000
13 11 20 05 40 13831.10000 4.26600000 391.55000 52.33000 13.04500 52.62000
13 11 20 05 40 13834.20000 4.26600000 391.55000 52.33000 13.04500 52.62000
13 11 20 05 41 13842.00000 4.26600000 391.78000 52.33000 13.04500 52.62000
13 11 20 05 41 13837.10000 4.26600000 391.78000 52.29000 13.04500 52.62000
13 11 20 05 42 13831.90000 4.26600000 391.78000 52.29000 13.04500 52.62000
13 11 20 05 42 13832.30000 4.26600000 391.78000 52.29000 13.04500 52.62000
13 11 20 05 42 13830.40000 4.26600000 391.78000 52.29000 13.04500 52.62000
13 11 20 05 43 13826.20000 4.26600000 391.42000 52.29000 13.04500 52.62000
13 11 20 05 43 13820.70000 4.26600000 391.42000 52.29000 13.04500 52.62000
13 11 20 05 44 13812.40000 4.26600000 391.22000 52.29000 13.04500 52.62000
13 11 20 05 44 13808.40000 4.26600000 391.13000 52.24000 12.98000 52.62000
13 11 20 05 45 13786.30000 4.26600000 391.13000 52.24000 12.98000 52.62000
13 11 20 05 45 13786.40000 4.26600000 391.13000 52.24000 12.98000 52.62000
13 11 20 05 45 13793.20000 4.26600000 391.13000 52.24000 12.98000 52.62000
13 11 20 05 46 13788.20000 4.26600000 391.13000 52.24000 12.98000 52.62000
13 11 20 05 46 13779.40000 4.26600000 391.13000 52.24000 12.98000 52.62000
13 11 20 05 47 13778.10000 4.26600000 390.88000 52.24000 12.98000 52.62000
13 11 20 05 47 13788.90000 4.26600000 390.88000 52.24000 12.98000 52.62000
13 11 20 05 47 13774.90000 4.26600000 390.88000 52.16000 12.98000 52.62000
13 11 20 05 48 13761.80000 4.26600000 390.88000 52.02000 12.98000 52.62000
13 11 20 05 48 13753.30000 4.26600000 390.19000 51.93000 12.98000 52.62000
13 11 20 05 49 13774.90000 4.26600000 390.19000 51.93000 12.98000 52.62000
13 11 20 05 49 13776.10000 4.26600000 390.19000 51.93000 12.98000 52.62000
13 11 20 05 50 13780.40000 4.26600000 390.68000 51.93000 12.98000 52.50200
13 11 20 05 50 13777.10000 4.26600000 390.60000 51.93000 12.98000 52.50200
13 11 20 05 50 13785.90000 4.26600000 390.75000 51.93000 12.98000 52.50200
13 11 20 05 51 13791.30000 4.26600000 390.60000 52.08000 12.98000 52.50200
13 11 20 05 51 13795.10000 4.26600000 390.60000 52.12000 12.98000 52.50200
13 11 20 05 52 13789.30000 4.26600000 390.60000 52.12000 12.98000 52.69500
13 11 20 05 52 13795.30000 4.26600000 390.60000 52.15000 12.98000 52.69500
13 11 20 05 53 13800.70000 4.26600000 390.92000 52.15000 12.98000 52.69500
13 11 20 05 53 13801.00000 4.26600000 390.92000 52.12000 12.98000 52.69500
13 11 20 05 53 13789.90000 4.26600000 390.80000 52.12000 12.98000 52.69500
13 11 20 05 54 13800.60000 4.26600000 391.00000 52.01000 12.98000 52.69500
13 11 20 05 54 13801.00000 4.26600000 390.87000 52.09000 12.98000 52.69500
13 11 20 05 55 13795.50000 4.26600000 390.89000 52.09000 12.98000 52.69500
13 11 20 05 55 13804.00000 4.26600000 391.03000 52.09000 12.98000 52.69500
13 11 20 05 56 13795.80000 4.26600000 391.11000 52.09000 12.98000 52.69500
13 11 20 05 56 13800.80000 4.26600000 391.11000 52.09000 12.98000 52.69500
13 11 20 05 56 13796.80000 4.26600000 391.10000 52.09000 12.98000 52.69500
13 11 20 05 57 13796.80000 4.26600000 391.10000 52.09000 13.04700 52.69500
13 11 20 05 57 13802.10000 4.26600000 391.10000 52.09000 13.04700 52.69500
13 11 20 05 58 13796.20000 4.26600000 391.11000 52.09000 13.04700 52.69500
13 11 20 05 58 13795.50000 4.26600000 391.11000 52.09000 13.04700 52.69500
13 11 20 05 59 13794.80000 4.26600000 391.11000 52.09000 13.04700 52.69500
13 11 20 05 59 13789.10000 4.26600000 391.11000 52.09000 12.86700 52.69500
13 11 20 05 59 13789.00000 4.26600000 391.11000 52.11000 12.86700 52.69500
13 11 20 06 00 13777.10000 4.26600000 390.95000 52.11000 12.86700 52.69500
13 11 20 06 00 13788.90000 4.26600000 390.95000 52.11000 12.93000 52.69500
13 11 20 06 01 13793.30000 4.26600000 391.43000 52.16000 12.99200 52.69500
13 11 20 06 01 13809.50000 4.26600000 391.70000 52.26000 12.99200 52.69500
13 11 20 06 02 13814.00000 4.26600000 391.70000 52.34000 12.99200 52.69500
13 11 20 06 02 13817.80000 4.26600000 391.70000 52.34000 12.99200 52.69500
13 11 20 06 02 13817.80000 4.26600000 391.50000 52.34000 12.99200 52.69500
13 11 20 06 03 13819.90000 4.26600000 391.43000 52.34000 12.99200 52.69500
13 11 20 06 03 13817.60000 4.26600000 391.39000 52.36000 12.99200 52.69500
13 11 20 06 04 13822.80000 4.26600000 391.69000 52.36000 12.99200 52.69500
13 11 20 06 04 13815.60000 4.26600000 391.69000 52.36000 12.99200 52.69500
13 11 20 06 05 13818.80000 4.26600000 391.69000 52.36000 12.99200 52.69500
13 11 20 06 05 13818.80000 4.26600000 391.33000 52.36000 12.99200 52.69500
13 11 20 06 05 13823.00000 4.26600000 391.33000 52.36000 12.99200 52.69500
13 11 20 06 06 13823.10000 4.26600000 391.47000 52.48000 12.99200 52.69500
13 11 20 06 06 13830.60000 4.26600000 391.47000 52.47000 12.99200 52.69500
13 11 20 06 07 13830.00000 4.26600000 391.27000 52.47000 12.99200 52.69500
13 11 20 06 07 13826.60000 4.26600000 391.29000 52.48000 12.99200 52.69500
13 11 20 06 08 13833.00000 4.26600000 391.29000 52.49000 12.99200 52.69500
13 11 20 06 08 13827.00000 4.26600000 391.29000 52.49000 12.99200 52.69500
13 11 20 06 08 13827.10000 4.26600000 391.31000 52.49000 12.99200 52.69500
13 11 20 06 09 13827.10000 4.26600000 391.31000 52.49000 12.99200 52.69500
13 11 20 06 09 13827.00000 4.26600000 391.31000 52.45000 12.99200 52.69500
13 11 20 06 10 13823.90000 4.26600000 391.44000 52.45000 12.99200 52.69500
13 11 20 06 10 13824.00000 4.26600000 391.44000 52.43000 12.99200 52.69500
