M=[
25 8 20 06 59 9854.80000 5.70000000 336.98000 51.25000 20.77700 66.76300
25 8 20 06 59 9855.90000 5.70000000 337.19000 51.25000 20.77700 66.76300
25 8 20 07 00 9854.90000 5.70000000 337.26000 51.25000 20.77700 66.76300
25 8 20 07 00 9851.60000 5.70000000 337.01000 51.25000 20.73600 66.85100
25 8 20 07 01 9851.50000 5.69000000 336.33000 51.25000 20.73600 66.76300
25 8 20 07 01 9851.60000 5.69000000 336.09000 51.25000 20.73600 66.76300
25 8 20 07 02 9851.60000 5.69000000 336.26000 51.25000 20.73600 66.54000
25 8 20 07 02 9851.20000 5.69000000 336.11000 51.25000 20.73600 66.54000
25 8 20 07 03 9850.80000 5.69000000 336.09000 51.25000 20.73600 66.54000
25 8 20 07 03 9850.80000 5.69000000 336.00000 51.25000 20.73600 66.54000
25 8 20 07 04 9850.10000 5.69000000 336.01000 51.25000 20.73600 66.54000
25 8 20 07 04 9847.00000 5.69000000 336.01000 51.25000 20.73600 66.58900
25 8 20 07 05 9846.40000 5.69000000 336.01000 51.29000 20.73600 66.58900
25 8 20 07 05 9842.00000 5.69000000 336.01000 51.26000 20.70000 66.58900
25 8 20 07 06 9841.90000 5.69000000 335.20000 51.23000 20.70000 66.58900
25 8 20 07 06 9842.00000 5.69000000 335.22000 51.22000 20.70000 66.45900
25 8 20 07 07 9842.00000 5.69000000 335.56000 51.21000 20.70000 66.57500
25 8 20 07 07 9842.00000 5.69000000 335.52000 51.21000 20.70000 66.57500
25 8 20 07 08 9841.90000 5.69000000 335.53000 51.21000 20.70000 66.57500
25 8 20 07 08 9842.00000 5.69000000 335.53000 51.21000 20.70000 66.57500
25 8 20 07 09 9841.90000 5.69000000 335.53000 51.19000 20.70000 66.57500
25 8 20 07 09 9841.90000 5.69000000 335.64000 51.18000 20.70000 66.57500
25 8 20 07 10 9841.90000 5.69000000 335.95000 51.18000 20.70000 66.57500
25 8 20 07 10 9842.00000 5.69000000 335.96000 51.18000 20.70000 66.57500
25 8 20 07 11 9842.00000 5.69000000 335.97000 51.24000 20.70000 66.57500
25 8 20 07 11 9842.00000 5.68000000 335.97000 51.26000 20.70000 66.57500
25 8 20 07 12 9840.50000 5.68000000 335.80000 51.25000 20.70000 66.57500
25 8 20 07 12 9830.00000 5.68000000 335.04000 51.20000 20.70000 66.57500
25 8 20 07 13 9814.20000 5.68000000 335.05000 51.12000 20.68200 66.44900
25 8 20 07 14 9811.20000 5.68000000 335.05000 51.05000 20.62700 66.44900
25 8 20 07 14 9809.60000 5.68000000 334.96000 51.04000 20.62700 66.44900
25 8 20 07 15 9809.60000 5.68000000 334.74000 51.04000 20.60000 66.44900
25 8 20 07 15 9809.00000 5.68000000 334.45000 51.04000 20.60000 66.44900
25 8 20 07 16 9808.10000 5.68000000 334.33000 51.00000 20.60000 66.44900
25 8 20 07 17 9807.10000 5.68000000 332.88000 50.95000 20.60000 66.44900
25 8 20 07 17 9808.10000 5.68000000 334.36000 51.07000 20.51800 66.44900
25 8 20 07 18 9813.60000 5.65900000 334.38000 51.17000 20.51800 66.44900
25 8 20 07 19 9813.70000 5.65900000 334.49000 51.21000 20.51800 66.44900
25 8 20 07 19 9813.70000 5.67900000 334.51000 51.21000 20.51800 66.44900
25 8 20 07 20 9816.20000 5.68400000 334.86000 51.28000 20.51800 66.44900
25 8 20 07 20 9817.50000 5.68400000 334.91000 51.28000 20.51800 66.44900
25 8 20 07 20 9817.60000 5.68400000 335.00000 51.30000 20.51800 66.44900
25 8 20 07 21 9817.60000 5.68400000 334.89000 51.27000 20.51800 66.44900
25 8 20 07 21 9817.60000 5.68400000 335.00000 51.27000 20.51800 66.44900
25 8 20 07 22 9820.90000 5.68400000 335.30000 51.33000 20.51800 66.44900
25 8 20 07 23 9822.90000 5.68400000 335.40000 51.33000 20.51800 66.44900
25 8 20 07 23 9827.10000 5.68400000 335.34000 51.36000 20.51800 66.44900
25 8 20 07 24 9826.90000 5.68000000 335.38000 51.36000 20.51800 66.44900
25 8 20 07 24 9827.10000 5.68000000 335.41000 51.36000 20.51800 66.44900
25 8 20 07 25 9830.20000 5.68000000 335.87000 51.36000 20.51800 66.44900
25 8 20 07 25 9830.20000 5.68000000 335.56000 51.41000 20.51800 66.44900
25 8 20 07 26 9830.20000 5.68000000 335.39000 51.41000 20.51800 66.44900
25 8 20 07 26 9830.10000 5.68000000 335.47000 51.41000 20.51800 66.44900
25 8 20 07 27 9830.20000 5.68000000 335.84000 51.41000 20.51800 66.44900
25 8 20 07 27 9830.20000 5.68000000 335.79000 51.41000 20.51800 66.44900
25 8 20 07 28 9830.20000 5.67600000 335.62000 51.41000 20.59500 66.44900
25 8 20 07 28 9830.20000 5.67600000 335.54000 51.41000 20.59500 66.44900
25 8 20 07 29 9830.20000 5.67600000 335.54000 51.33000 20.59500 66.44900
25 8 20 07 29 9830.20000 5.67600000 335.09000 51.33000 20.59500 66.44900
25 8 20 07 30 9823.00000 5.67600000 335.01000 51.25000 20.59500 66.44900
25 8 20 07 30 9822.80000 5.67600000 335.03000 51.25000 20.59500 66.44900
25 8 20 07 31 9821.00000 5.67600000 335.03000 51.25000 20.59500 66.44900
25 8 20 07 31 9819.90000 5.67600000 334.84000 51.25000 20.59500 66.44900
25 8 20 07 32 9821.00000 5.67600000 335.26000 51.47000 20.59500 66.44900
25 8 20 07 32 9826.20000 5.67600000 335.86000 51.47000 20.59500 66.44900
25 8 20 07 33 9830.80000 5.67600000 335.89000 51.47000 20.59500 66.44900
25 8 20 07 33 9831.00000 5.67600000 335.98000 51.59000 20.59500 66.44900
25 8 20 07 34 9831.00000 5.67600000 336.00000 51.59000 20.59500 66.44900
25 8 20 07 34 9831.00000 5.67600000 336.08000 51.59000 20.59500 66.44900
25 8 20 07 35 9834.60000 5.67600000 336.02000 51.59000 20.59500 66.44900
25 8 20 07 36 9834.50000 5.67600000 336.07000 51.38000 20.60000 66.44900
25 8 20 07 36 9831.10000 5.67600000 336.03000 51.33000 20.59400 66.44900
25 8 20 07 37 9831.00000 5.67600000 335.73000 51.33000 20.59400 66.44900
25 8 20 07 37 9830.10000 5.67600000 335.65000 51.33000 20.59400 66.44900
25 8 20 07 38 9828.30000 5.68700000 335.62000 51.33000 20.59400 66.44900
25 8 20 07 38 9823.30000 5.68700000 335.55000 51.33000 20.59400 66.44900
25 8 20 07 39 9822.00000 5.68700000 335.54000 51.33000 20.59400 66.44900
25 8 20 07 39 9821.10000 5.68700000 335.42000 51.42000 20.59400 66.44900
25 8 20 07 40 9821.10000 5.68700000 335.78000 51.44000 20.59400 66.44900
25 8 20 07 40 9821.10000 5.68700000 335.52000 51.44000 20.59400 66.44900
25 8 20 07 41 9821.10000 5.68700000 335.50000 51.44000 20.59400 66.92800
25 8 20 07 41 9821.00000 5.68700000 335.47000 51.44000 20.59400 66.92800
25 8 20 07 42 9820.90000 5.68700000 335.18000 51.44000 20.59400 66.92800
25 8 20 07 42 9821.00000 5.68700000 335.18000 51.44000 20.59400 66.92800
25 8 20 07 43 9821.00000 5.68700000 335.33000 51.44000 20.59400 66.92800
25 8 20 07 43 9820.90000 5.68700000 335.31000 51.44000 20.59400 66.92800
25 8 20 07 44 9820.80000 5.68700000 335.39000 51.44000 20.59400 66.92800
25 8 20 07 44 9820.30000 5.68700000 335.40000 51.44000 20.59400 66.92800
25 8 20 07 45 9818.90000 5.68700000 335.43000 51.44000 20.59400 66.48500
25 8 20 07 45 9817.60000 5.68700000 335.01000 51.36000 20.59400 66.48500
25 8 20 07 46 9817.70000 5.68700000 334.76000 51.36000 20.59400 66.48500
25 8 20 07 46 9817.60000 5.68700000 334.69000 51.36000 20.59400 66.48500
25 8 20 07 47 9817.70000 5.68700000 334.99000 51.36000 20.59400 66.48500
25 8 20 07 47 9817.60000 5.68700000 334.87000 51.27000 20.59400 66.48500
25 8 20 07 48 9817.60000 5.68700000 334.99000 51.27000 20.59400 66.48500
25 8 20 07 48 9817.60000 5.68700000 335.00000 51.27000 20.59400 66.48500
25 8 20 07 49 9817.70000 5.68700000 335.00000 51.36000 20.59400 66.48500
25 8 20 07 49 9816.30000 5.68700000 334.98000 51.36000 20.59400 66.48500
25 8 20 07 50 9815.90000 5.68700000 335.00000 51.29000 20.59400 66.48500
25 8 20 07 50 9815.10000 5.68700000 334.89000 51.32000 20.59400 66.48500
25 8 20 07 51 9815.00000 5.68700000 334.82000 51.32000 20.59400 66.48500
25 8 20 07 51 9815.00000 5.68700000 334.70000 51.32000 20.59400 66.48500
25 8 20 07 52 9815.00000 5.68700000 334.69000 51.32000 20.53600 66.09700
25 8 20 07 52 9806.00000 5.68700000 334.28000 51.32000 20.53600 66.09700
25 8 20 07 53 9805.10000 5.68700000 334.35000 51.32000 20.53600 66.09700
25 8 20 07 53 9805.00000 5.68700000 334.34000 51.32000 20.53600 66.09700
25 8 20 07 54 9805.50000 5.68700000 334.12000 51.25000 20.53600 66.09700
25 8 20 07 54 9804.90000 5.68700000 334.12000 51.26000 20.53600 66.09700
25 8 20 07 55 9804.60000 5.68700000 334.22000 51.26000 20.53600 66.09700
