M=[
28 7 20 13 31 9356.90000 6.00100000 268.41000 45.45000 17.64100 60.24000
28 7 20 13 31 9359.50000 6.00100000 268.40000 45.45000 17.64100 60.24000
28 7 20 13 32 9354.50000 6.00100000 268.35000 45.45000 17.64100 60.24000
28 7 20 13 32 9345.20000 6.00100000 268.12000 45.45000 17.64100 60.24000
28 7 20 13 33 9345.60000 5.99500000 268.01000 45.45000 17.64100 60.24000
28 7 20 13 33 9350.00000 5.99500000 267.94000 45.45000 17.64100 60.24000
28 7 20 13 34 9350.00000 5.99500000 267.94000 45.45000 17.59900 60.24000
28 7 20 13 34 9350.00000 5.99500000 267.94000 45.45000 17.59900 60.24000
28 7 20 13 35 9349.90000 5.99500000 267.97000 45.45000 17.59900 60.24000
28 7 20 13 35 9343.50000 5.99500000 267.94000 45.45000 17.59900 60.24000
28 7 20 13 36 9344.50000 5.98400000 267.95000 45.45000 17.59900 60.24000
28 7 20 13 36 9347.80000 5.98000000 267.93000 45.45000 17.59900 60.24000
28 7 20 13 36 9345.80000 5.98000000 267.80000 45.45000 17.59900 60.24000
28 7 20 13 37 9345.10000 5.98000000 267.92000 45.45000 17.59900 60.24000
28 7 20 13 37 9348.80000 5.98000000 267.89000 45.45000 17.59900 60.24000
28 7 20 13 38 9349.20000 5.98000000 267.93000 45.45000 17.59900 60.24000
28 7 20 13 38 9342.30000 5.98000000 267.90000 45.45000 17.59900 60.24000
28 7 20 13 39 9344.40000 5.98000000 267.93000 45.33000 17.59900 60.24000
28 7 20 13 39 9348.90000 5.98000000 268.11000 45.33000 17.59900 60.24000
28 7 20 13 40 9336.80000 5.98000000 267.93000 45.25000 17.59900 60.24000
28 7 20 13 40 9335.90000 5.98000000 267.90000 45.25000 17.59900 60.24000
28 7 20 13 41 9340.40000 5.98000000 267.67000 45.25000 17.59900 60.24000
28 7 20 13 41 9331.00000 5.98000000 267.68000 45.25000 17.59900 60.24000
28 7 20 13 42 9335.10000 5.98000000 267.68000 45.25000 17.59900 60.24000
28 7 20 13 42 9339.00000 5.98000000 267.66000 45.25000 17.59900 60.24000
28 7 20 13 43 9338.90000 5.98000000 267.63000 45.25000 17.59900 60.24000
28 7 20 13 43 9324.20000 5.98000000 267.26000 45.37000 17.59900 60.24000
28 7 20 13 44 9323.60000 5.98000000 267.42000 45.37000 17.59900 59.72000
28 7 20 13 44 9317.50000 5.98000000 267.39000 45.30000 17.59900 59.72000
28 7 20 13 45 9317.70000 5.98000000 267.11000 45.30000 17.59900 59.72000
28 7 20 13 45 9323.70000 5.98000000 267.29000 45.30000 17.59900 59.72000
28 7 20 13 46 9328.40000 5.98000000 267.54000 45.30000 17.59900 59.72000
28 7 20 13 46 9325.30000 5.98000000 267.66000 45.30000 17.59900 59.75500
28 7 20 13 47 9340.80000 5.98000000 267.93000 45.30000 17.59900 59.75500
28 7 20 13 47 9342.10000 5.98000000 267.93000 45.30000 17.59900 59.75500
28 7 20 13 48 9338.10000 5.98000000 268.00000 45.30000 17.59900 59.62000
28 7 20 13 48 9339.90000 5.98000000 268.29000 45.30000 17.59900 59.64900
28 7 20 13 49 9343.60000 5.98000000 268.35000 45.30000 17.59900 59.52000
28 7 20 13 49 9358.00000 5.98000000 268.70000 45.30000 17.59900 59.52000
28 7 20 13 49 9351.60000 5.98000000 268.50000 45.30000 17.59900 59.52000
28 7 20 13 50 9346.00000 5.98900000 268.49000 45.30000 17.59900 59.52000
28 7 20 13 51 9353.60000 5.98900000 268.86000 45.30000 17.52500 59.52000
28 7 20 13 51 9352.70000 5.98900000 268.87000 45.30000 17.52500 59.52000
28 7 20 13 51 9355.00000 5.98900000 269.00000 45.55000 17.52500 59.52000
28 7 20 13 52 9372.90000 5.98900000 269.00000 45.63000 17.52500 59.52000
28 7 20 13 53 9376.10000 5.98900000 269.35000 45.63000 17.52500 59.52000
28 7 20 13 53 9382.00000 5.98900000 269.42000 45.63000 17.52500 59.52000
28 7 20 13 54 9383.00000 5.98900000 269.50000 45.63000 17.52500 59.99700
28 7 20 13 54 9375.00000 5.98900000 269.44000 45.78000 17.52500 59.99700
28 7 20 13 55 9385.00000 5.98900000 269.61000 45.86000 17.52500 59.99700
28 7 20 13 55 9378.00000 6.02800000 269.70000 45.93000 17.62300 59.99700
28 7 20 13 56 9388.00000 6.02800000 269.82000 46.12000 17.62300 59.99700
28 7 20 13 57 9378.20000 6.02800000 269.53000 46.13000 17.62300 59.99700
28 7 20 13 57 9381.60000 6.02800000 269.76000 46.17000 17.62300 59.99700
28 7 20 13 58 9381.90000 6.02800000 269.65000 46.21000 17.62300 59.99700
28 7 20 13 58 9373.40000 6.02800000 269.51000 46.21000 17.62300 59.99700
28 7 20 13 59 9375.80000 6.02800000 269.50000 46.13000 17.62300 59.99700
28 7 20 13 59 9378.40000 6.02800000 269.35000 46.13000 17.62300 59.99700
28 7 20 14 00 9380.10000 6.02800000 269.12000 46.13000 17.62300 59.99700
28 7 20 14 00 9377.80000 6.08200000 269.28000 46.13000 17.62300 59.99700
28 7 20 14 01 9377.70000 6.08800000 269.14000 46.17000 17.62300 59.99700
28 7 20 14 01 9369.30000 6.08800000 269.20000 46.24000 17.62300 59.99700
28 7 20 14 02 9364.80000 6.08800000 269.20000 46.24000 17.62300 60.24000
28 7 20 14 02 9363.50000 6.08800000 269.11000 46.23000 17.62300 60.24000
28 7 20 14 03 9370.10000 6.08800000 269.01000 46.10000 17.68900 60.20100
28 7 20 14 03 9364.90000 6.08800000 268.85000 46.10000 17.68900 60.20100
28 7 20 14 04 9361.10000 6.08800000 268.65000 45.94000 17.68900 60.20100
28 7 20 14 04 9362.60000 6.08800000 268.70000 46.01000 17.68900 60.20100
28 7 20 14 05 9371.90000 6.08800000 269.07000 46.01000 17.68900 60.20100
28 7 20 14 05 9384.00000 6.08800000 269.14000 46.06000 17.68900 60.20100
28 7 20 14 06 9399.90000 6.08800000 269.85000 46.06000 17.57600 60.20100
28 7 20 14 06 9400.00000 6.08800000 269.82000 46.25000 17.57600 60.20100
28 7 20 14 07 9397.00000 6.08800000 269.74000 46.22000 17.57600 60.20100
28 7 20 14 07 9395.90000 6.08800000 269.85000 46.28000 17.57600 60.20100
28 7 20 14 08 9399.20000 6.08800000 269.85000 46.32000 17.57600 60.20100
28 7 20 14 08 9399.90000 6.08800000 270.27000 46.52000 17.57600 60.20100
28 7 20 14 09 9400.00000 6.08800000 270.35000 46.59000 17.57600 60.50000
28 7 20 14 10 9416.00000 6.08800000 270.52000 46.51000 17.69300 60.50000
28 7 20 14 10 9416.10000 6.08700000 270.67000 46.66000 17.69300 60.41100
28 7 20 14 11 9406.20000 6.08700000 270.23000 46.49000 17.69300 60.41100
28 7 20 14 12 9416.70000 6.08800000 270.44000 46.53000 17.69300 60.41100
28 7 20 14 12 9420.00000 6.10000000 270.52000 46.60000 17.69300 60.41100
28 7 20 14 13 9419.90000 6.10000000 271.00000 46.64000 17.69300 60.41100
28 7 20 14 13 9420.00000 6.10000000 270.94000 46.64000 17.62600 60.41100
28 7 20 14 14 9427.70000 6.10000000 271.04000 46.63000 17.62600 60.50000
28 7 20 14 14 9430.00000 6.10000000 270.94000 46.63000 17.62600 60.50000
28 7 20 14 15 9464.00000 6.10000000 271.04000 46.61000 17.42200 60.50000
28 7 20 14 16 9463.70000 6.10000000 270.66000 46.43000 17.42900 60.50000
28 7 20 14 17 9461.40000 6.07400000 270.46000 46.38000 17.45600 60.50000
28 7 20 14 17 9458.40000 6.07000000 270.35000 46.37000 17.45600 60.47000
28 7 20 14 18 9461.00000 6.07000000 270.13000 46.37000 17.45600 60.47000
28 7 20 14 18 9463.50000 6.07000000 270.08000 46.37000 17.45600 60.18700
28 7 20 14 19 9469.00000 6.07000000 270.17000 46.37000 17.45600 60.18700
28 7 20 14 19 9491.00000 6.08100000 270.62000 46.34000 17.45600 60.18700
28 7 20 14 20 9499.50000 6.08100000 270.86000 46.48000 17.45600 60.18700
28 7 20 14 21 9502.50000 6.08100000 270.99000 46.48000 17.45600 60.18700
28 7 20 14 21 9502.40000 6.08100000 271.12000 46.45000 17.45600 60.18700
28 7 20 14 22 9499.00000 6.08100000 271.02000 46.45000 17.45600 60.18700
28 7 20 14 22 9501.00000 6.08100000 271.13000 46.41000 17.45600 60.18700
28 7 20 14 23 9502.80000 6.08100000 271.34000 46.46000 17.45600 60.18700
28 7 20 14 24 9509.10000 6.08100000 271.34000 46.45000 17.45600 60.18700
28 7 20 14 24 9518.00000 6.08100000 271.34000 46.45000 17.45600 60.18700
28 7 20 14 25 9519.10000 6.08100000 271.87000 46.36000 17.45600 60.18700
28 7 20 14 25 9536.30000 6.08100000 272.26000 46.36000 17.45600 60.64100
28 7 20 14 26 9539.00000 6.08100000 272.38000 46.38000 17.45600 60.64100
28 7 20 14 26 9524.40000 6.08100000 272.03000 46.41000 17.45600 60.64100
28 7 20 14 27 9500.80000 6.08100000 271.69000 46.38000 17.45600 60.64100
28 7 20 14 27 9495.90000 6.08100000 271.62000 46.38000 17.61000 60.64100
28 7 20 14 28 9494.50000 6.08100000 271.80000 46.16000 17.60700 60.64100
