M=[
15 6 21 10 00 33120.00000 48.61800000 2136.83000 146.19000 21.21000 112.75000
15 6 21 10 01 33165.00000 48.61800000 2140.00000 146.44000 21.21000 112.75000
15 6 21 10 01 33168.80000 48.61800000 2140.00000 146.44000 21.21000 112.75000
15 6 21 10 01 33168.80000 48.61800000 2140.00000 146.44000 21.21000 112.75000
15 6 21 10 02 33168.70000 48.61800000 2140.00000 146.57000 21.21000 113.44300
15 6 21 10 02 33168.80000 48.61800000 2140.00000 146.47000 21.21000 113.44300
15 6 21 10 03 33165.70000 48.61800000 2140.00000 146.54000 21.21000 113.44300
15 6 21 10 03 33108.30000 48.61800000 2139.58000 146.54000 21.21000 113.44300
15 6 21 10 04 33104.80000 48.61800000 2138.54000 146.26000 21.21000 113.44300
15 6 21 10 04 33077.80000 48.61800000 2136.79000 146.26000 21.21000 113.44300
15 6 21 10 04 33063.90000 48.61800000 2136.79000 146.26000 21.21000 113.44300
15 6 21 10 05 33051.80000 48.61800000 2136.80000 146.12000 21.21000 113.44300
15 6 21 10 05 33013.10000 48.61800000 2136.80000 146.12000 21.21000 113.44300
15 6 21 10 06 33035.60000 48.56000000 2135.94000 146.05000 21.21000 113.44300
15 6 21 10 06 33008.40000 48.56000000 2135.38000 145.98000 21.21000 113.44300
15 6 21 10 07 33016.10000 48.56000000 2133.78000 145.98000 21.21000 113.44300
15 6 21 10 07 33014.60000 48.56000000 2133.91000 145.91000 21.21000 113.44300
15 6 21 10 07 33002.40000 48.56000000 2134.03000 145.85000 21.21000 113.44300
15 6 21 10 08 33045.90000 48.56000000 2134.03000 145.87000 21.21000 112.85100
15 6 21 10 08 33039.60000 48.56000000 2135.09000 145.94000 21.21000 112.85100
15 6 21 10 09 33004.80000 48.56000000 2135.09000 145.94000 21.21000 112.85100
15 6 21 10 09 33002.40000 48.56000000 2134.03000 145.94000 21.21000 112.85100
15 6 21 10 10 33022.80000 48.56000000 2134.03000 145.94000 21.21000 112.85100
15 6 21 10 10 33014.80000 48.56000000 2134.03000 145.94000 21.21000 112.85100
15 6 21 10 10 33048.70000 48.56000000 2132.97000 145.94000 21.21000 113.03600
15 6 21 10 11 33035.80000 48.56000000 2132.97000 145.94000 21.21000 113.03600
15 6 21 10 11 33012.20000 48.56000000 2133.99000 145.94000 21.21000 113.03600
15 6 21 10 12 33007.20000 48.56000000 2133.07000 145.85000 21.21000 113.03600
15 6 21 10 12 33031.80000 48.56000000 2133.07000 145.85000 21.21000 113.03600
15 6 21 10 13 33031.80000 48.56000000 2134.77000 145.96000 21.21000 113.03600
15 6 21 10 13 33009.80000 48.56000000 2134.92000 145.98000 21.21000 113.03600
15 6 21 10 13 33009.90000 48.56000000 2135.38000 146.00000 21.21000 113.03600
15 6 21 10 14 33017.00000 48.57400000 2135.59000 146.00000 21.21000 112.83700
15 6 21 10 14 33032.00000 48.57400000 2135.89000 145.97000 21.21000 112.83700
15 6 21 10 15 33011.00000 48.57400000 2132.83000 145.97000 21.21000 112.83700
15 6 21 10 15 32988.70000 48.57400000 2132.83000 145.97000 21.21000 112.83700
15 6 21 10 16 33000.90000 48.57400000 2131.80000 145.76000 21.21000 112.83700
15 6 21 10 16 33000.10000 48.57400000 2130.88000 145.76000 21.21000 112.83700
15 6 21 10 16 33000.10000 48.57400000 2130.20000 145.76000 21.21000 112.83700
15 6 21 10 17 32982.00000 48.57400000 2128.58000 145.79000 21.21000 112.83700
15 6 21 10 17 32981.70000 48.57400000 2128.21000 145.79000 21.29800 112.83700
15 6 21 10 18 32996.10000 48.48300000 2130.21000 145.58000 21.29800 112.58400
15 6 21 10 18 32995.40000 48.48300000 2129.79000 145.61000 21.29800 112.58400
15 6 21 10 19 33019.30000 48.48300000 2132.27000 145.65000 21.29800 112.58400
15 6 21 10 19 33024.30000 48.48300000 2133.13000 145.65000 21.29800 112.58400
15 6 21 10 19 33057.60000 48.48300000 2133.95000 145.87000 21.29800 112.58400
15 6 21 10 20 33007.00000 48.53200000 2131.25000 145.75000 21.29800 112.58400
15 6 21 10 20 32970.60000 48.53200000 2129.00000 145.57000 21.29800 112.58400
15 6 21 10 21 32966.10000 48.53200000 2127.88000 145.26000 21.29800 112.58400
15 6 21 10 21 32952.20000 48.53200000 2127.29000 145.26000 21.29800 112.58400
15 6 21 10 22 32965.80000 48.53200000 2127.72000 145.26000 21.29800 112.58400
15 6 21 10 22 32961.40000 48.53200000 2127.72000 145.45000 21.29800 112.47700
15 6 21 10 22 32976.10000 48.53200000 2129.77000 145.45000 21.28400 112.47700
15 6 21 10 23 32979.00000 48.53200000 2130.00000 145.27000 21.26500 112.47700
15 6 21 10 23 32952.60000 48.53200000 2129.87000 145.20000 21.26500 112.50300
15 6 21 10 24 32967.40000 48.40800000 2128.50000 145.20000 21.26500 112.50300
15 6 21 10 24 32967.20000 48.40800000 2128.50000 145.20000 21.26500 112.43700
15 6 21 10 25 32967.30000 48.40800000 2129.10000 145.20000 21.26500 112.43700
15 6 21 10 25 32979.50000 48.40800000 2129.98000 145.20000 21.26500 112.43700
15 6 21 10 25 32994.20000 48.40800000 2130.00000 145.20000 21.26500 112.43700
15 6 21 10 26 33001.80000 48.40800000 2130.00000 145.20000 21.26500 112.43700
15 6 21 10 26 33010.70000 48.40800000 2130.00000 145.69000 21.26500 112.43700
15 6 21 10 27 32999.60000 48.40800000 2132.13000 145.71000 21.26500 112.43700
15 6 21 10 27 33013.30000 48.40800000 2132.84000 145.66000 21.26500 112.43700
15 6 21 10 28 33003.90000 48.40800000 2131.89000 145.66000 21.18900 112.43700
15 6 21 10 28 33000.30000 48.40800000 2132.12000 145.64000 21.18900 112.43700
15 6 21 10 28 33000.10000 48.40800000 2130.95000 145.64000 21.18900 112.43700
15 6 21 10 29 33012.90000 48.40800000 2131.84000 145.68000 21.18900 112.43700
15 6 21 10 29 33013.30000 48.40800000 2131.84000 145.72000 21.18900 112.43700
15 6 21 10 30 33013.40000 48.53300000 2133.81000 145.81000 21.18900 112.43700
15 6 21 10 30 33064.40000 48.53300000 2133.81000 145.81000 21.18900 112.43700
15 6 21 10 31 33067.20000 48.53300000 2136.42000 145.81000 21.18900 112.43700
15 6 21 10 31 33040.20000 48.53300000 2134.86000 145.85000 21.18900 112.43700
15 6 21 10 31 33027.50000 48.53300000 2134.86000 145.85000 21.18900 112.43700
15 6 21 10 32 33027.50000 48.53300000 2134.51000 145.85000 21.18900 112.43700
15 6 21 10 32 33041.70000 48.53300000 2134.51000 145.85000 21.18900 112.43700
15 6 21 10 33 33004.90000 48.53300000 2133.61000 145.75000 21.18900 112.43700
15 6 21 10 33 33000.00000 48.53300000 2133.61000 145.75000 21.18900 112.43700
15 6 21 10 34 32975.10000 48.53300000 2132.00000 145.63000 21.18900 112.43700
15 6 21 10 34 32952.70000 48.53300000 2132.01000 145.63000 21.18900 112.43700
15 6 21 10 34 32987.90000 48.53300000 2132.01000 145.63000 21.18900 112.43700
15 6 21 10 35 32988.00000 48.53300000 2132.60000 145.63000 21.18900 112.43700
15 6 21 10 35 33024.90000 48.53300000 2134.43000 145.84000 21.18900 112.43700
15 6 21 10 36 33007.10000 48.53300000 2135.23000 145.85000 21.18900 112.43700
15 6 21 10 36 33015.20000 48.53300000 2137.03000 145.81000 21.18900 112.43700
15 6 21 10 37 33023.10000 48.53300000 2136.27000 145.81000 21.18900 112.43700
15 6 21 10 37 33003.00000 48.53300000 2135.01000 145.85000 21.18900 112.43700
15 6 21 10 37 32992.70000 48.53300000 2135.64000 145.82000 21.18900 112.43700
15 6 21 10 38 32992.70000 48.56200000 2134.39000 145.75000 21.18900 112.43700
15 6 21 10 38 32992.70000 48.56200000 2133.56000 145.65000 21.18900 112.43700
15 6 21 10 39 33022.20000 48.56200000 2133.56000 145.65000 21.18900 112.43700
15 6 21 10 39 33030.70000 48.56200000 2137.10000 145.65000 21.18900 112.43700
15 6 21 10 40 33008.50000 48.56200000 2136.11000 145.88000 21.18900 112.43700
15 6 21 10 40 32975.10000 48.56200000 2133.49000 145.76000 21.18900 112.43700
15 6 21 10 40 32987.10000 48.56200000 2133.50000 145.76000 21.18900 112.43700
15 6 21 10 41 32999.80000 48.56200000 2134.44000 145.76000 21.18900 112.43700
15 6 21 10 41 32993.70000 48.56200000 2134.44000 145.76000 21.18900 112.43700
15 6 21 10 42 32990.00000 48.56200000 2133.04000 145.76000 21.23800 112.43700
15 6 21 10 42 32999.70000 48.56200000 2134.26000 145.64000 21.23800 112.43700
15 6 21 10 43 33008.80000 48.56200000 2134.24000 145.64000 21.23800 112.43700
15 6 21 10 43 33005.20000 48.56200000 2133.33000 145.64000 21.23800 112.43700
15 6 21 10 43 33019.60000 48.56200000 2134.27000 145.64000 21.23800 112.43700
