M=[
 5 8 21 15 31 33217.10000 44.19600000 2363.63000 119.56000 22.34300 101.07700
 5 8 21 15 31 33223.60000 44.19600000 2362.58000 119.56000 22.34300 101.07700
 5 8 21 15 31 33241.10000 44.19600000 2362.21000 119.56000 22.34300 101.07700
 5 8 21 15 32 33217.00000 44.19600000 2362.21000 119.56000 22.34300 101.07700
 5 8 21 15 32 33217.00000 44.19600000 2359.55000 119.51000 22.34300 101.07700
 5 8 21 15 33 33185.20000 44.19600000 2357.89000 119.51000 22.34300 101.07700
 5 8 21 15 33 33173.10000 44.19600000 2356.22000 119.51000 22.34300 101.07700
 5 8 21 15 34 33182.70000 44.21400000 2357.51000 119.37000 22.34300 101.07700
 5 8 21 15 34 33148.40000 44.21400000 2357.93000 119.37000 22.34300 101.07700
 5 8 21 15 34 33138.00000 44.11500000 2357.24000 119.37000 22.34300 101.07700
 5 8 21 15 35 33159.10000 44.15300000 2360.52000 119.37000 22.34300 101.07700
 5 8 21 15 35 33160.40000 44.15300000 2360.28000 119.37000 22.34300 101.07700
 5 8 21 15 36 33164.60000 44.15700000 2362.45000 119.57000 22.34300 101.07700
 5 8 21 15 36 33162.70000 44.15700000 2362.51000 119.56000 22.34300 100.73800
 5 8 21 15 37 33175.00000 44.15700000 2362.88000 119.58000 22.34300 100.98800
 5 8 21 15 37 33186.50000 44.15700000 2362.94000 119.60000 22.34300 100.98800
 5 8 21 15 37 33191.10000 44.15700000 2362.02000 119.55000 22.34300 100.98800
 5 8 21 15 38 33199.90000 44.15700000 2361.23000 119.55000 22.34300 100.98800
 5 8 21 15 38 33199.80000 44.15700000 2358.58000 119.55000 22.34300 100.98800
 5 8 21 15 39 33189.20000 44.15700000 2359.40000 119.55000 22.34300 100.98800
 5 8 21 15 39 33190.40000 44.15700000 2360.47000 119.55000 22.34300 100.98800
 5 8 21 15 40 33192.00000 44.03700000 2360.86000 119.63000 22.34300 100.98800
 5 8 21 15 40 33199.80000 44.03700000 2362.10000 119.62000 22.34300 100.98800
 5 8 21 15 40 33238.90000 44.14200000 2368.60000 119.77000 22.34300 100.98800
 5 8 21 15 41 33248.40000 44.14200000 2366.85000 119.76000 22.34300 100.98800
 5 8 21 15 41 33234.40000 44.14200000 2364.25000 119.70000 22.34300 100.98800
 5 8 21 15 42 33189.40000 44.14200000 2357.61000 119.60000 22.34300 100.98800
 5 8 21 15 42 33139.80000 44.00000000 2352.60000 119.51000 22.34300 100.75200
 5 8 21 15 43 33100.50000 44.00000000 2352.63000 119.37000 22.34300 100.75200
 5 8 21 15 43 33106.90000 44.00000000 2352.17000 119.37000 22.34300 100.39000
 5 8 21 15 44 33081.90000 44.00000000 2348.17000 119.25000 22.38000 100.39000
 5 8 21 15 44 33113.10000 44.00000000 2351.80000 119.25000 22.38000 100.39000
 5 8 21 15 44 33129.60000 44.00000000 2353.90000 119.25000 22.38000 100.39000
 5 8 21 15 45 33090.00000 44.00000000 2351.21000 119.25000 22.38000 100.39000
 5 8 21 15 45 33108.10000 44.00000000 2355.93000 119.25000 22.38000 100.39000
 5 8 21 15 46 33104.50000 44.00000000 2356.90000 119.25000 22.38000 100.39000
 5 8 21 15 46 33082.90000 44.01800000 2356.71000 119.25000 22.38000 100.53500
 5 8 21 15 47 33064.70000 44.01800000 2355.56000 119.37000 22.38000 100.53400
 5 8 21 15 47 33079.90000 44.01800000 2359.37000 119.37000 22.38000 100.60000
 5 8 21 15 47 33062.90000 44.01800000 2358.21000 119.37000 22.38000 100.60000
 5 8 21 15 48 33021.30000 44.01800000 2356.80000 119.26000 22.38000 100.60000
 5 8 21 15 48 32922.60000 44.01800000 2354.28000 119.10000 22.55700 100.74500
 5 8 21 15 49 32910.50000 44.01800000 2349.60000 118.86000 22.55700 100.47700
 5 8 21 15 49 32812.80000 44.01800000 2337.68000 118.73000 22.55700 100.47700
 5 8 21 15 50 32810.00000 44.01800000 2336.69000 118.58000 22.55700 100.03900
 5 8 21 15 50 32809.90000 44.01800000 2339.45000 118.52000 22.55700 100.03900
 5 8 21 15 50 32781.00000 44.01800000 2338.38000 118.59000 22.55700 100.03900
 5 8 21 15 51 32635.70000 43.44600000 2319.17000 118.07000 22.55700 100.03900
 5 8 21 15 51 32645.30000 43.44600000 2326.87000 118.23000 22.55700 100.03900
 5 8 21 15 52 32666.80000 43.44600000 2323.76000 118.16000 22.55700 100.03900
 5 8 21 15 52 32713.10000 43.44600000 2328.30000 118.32000 22.55700 99.70100
 5 8 21 15 53 32692.90000 43.44600000 2325.40000 118.36000 22.55700 99.70100
 5 8 21 15 53 32625.90000 43.70300000 2321.58000 118.25000 22.55700 99.58400
 5 8 21 15 54 32587.90000 43.57000000 2321.78000 118.25000 22.55700 99.58400
 5 8 21 15 54 32679.50000 43.57000000 2331.10000 118.29000 22.55700 99.58400
 5 8 21 15 54 32639.40000 43.57000000 2325.33000 118.36000 22.55700 99.58400
 5 8 21 15 55 32622.40000 43.57000000 2323.65000 118.30000 22.55700 99.58400
 5 8 21 15 55 32665.10000 43.63900000 2326.68000 118.30000 22.55700 99.86400
 5 8 21 15 56 32726.40000 43.63900000 2332.29000 118.41000 22.55700 99.86400
 5 8 21 15 56 32782.80000 43.63900000 2337.04000 118.41000 22.55700 99.86400
 5 8 21 15 57 32772.90000 43.63900000 2335.64000 118.41000 22.55700 99.86400
 5 8 21 15 57 32724.40000 43.63900000 2332.55000 118.41000 22.55700 99.86400
 5 8 21 15 57 32798.40000 43.63900000 2337.04000 118.70000 22.55700 99.86400
 5 8 21 15 58 32812.70000 43.63900000 2336.86000 118.70000 22.55700 99.86400
 5 8 21 15 58 32772.50000 43.63900000 2333.99000 118.74000 22.55700 99.86400
 5 8 21 15 59 32818.10000 43.63900000 2333.15000 118.75000 22.55700 99.86400
 5 8 21 15 59 32748.70000 43.63900000 2325.94000 118.75000 22.36600 100.10000
 5 8 21 16 00 32739.90000 43.63900000 2329.82000 118.50000 22.36600 100.10000
 5 8 21 16 00 32773.00000 43.69000000 2329.37000 118.56000 22.36600 100.10000
 5 8 21 16 00 32773.60000 43.69000000 2332.20000 118.56000 22.36600 100.10000
 5 8 21 16 01 32833.80000 43.69000000 2335.00000 118.77000 22.36600 100.10000
 5 8 21 16 01 32797.40000 43.72100000 2330.85000 118.77000 22.36600 100.10000
 5 8 21 16 02 32817.10000 43.72100000 2326.34000 118.56000 22.36600 100.10000
 5 8 21 16 02 32864.80000 43.72100000 2337.24000 118.69000 22.36600 100.10000
 5 8 21 16 03 32869.50000 43.72100000 2334.76000 118.90000 22.36600 100.10000
 5 8 21 16 03 32891.30000 43.72100000 2335.56000 118.90000 22.36600 100.10000
 5 8 21 16 03 32876.40000 43.72100000 2334.44000 118.90000 22.36600 100.10000
 5 8 21 16 04 32940.30000 43.72100000 2334.04000 118.87000 22.36600 100.10000
 5 8 21 16 04 32963.10000 43.72100000 2333.42000 119.02000 22.36600 100.10000
 5 8 21 16 05 33087.40000 43.72100000 2338.44000 119.11000 22.36600 100.10000
 5 8 21 16 05 33202.00000 43.72100000 2350.01000 119.53000 22.36600 100.55600
 5 8 21 16 06 33250.80000 43.99700000 2352.22000 119.70000 22.36600 100.55600
 5 8 21 16 06 33174.40000 43.98300000 2344.00000 119.70000 22.36600 100.60800
 5 8 21 16 06 33178.10000 43.98300000 2345.92000 119.46000 22.36600 100.60800
 5 8 21 16 07 33163.50000 43.98300000 2343.28000 119.39000 22.36600 100.60800
 5 8 21 16 07 33169.70000 43.98300000 2345.37000 119.39000 22.36600 100.60800
 5 8 21 16 08 33167.20000 43.98300000 2341.75000 119.39000 22.36600 100.60800
 5 8 21 16 08 33205.10000 43.95800000 2346.24000 119.39000 22.36600 100.60800
 5 8 21 16 09 33202.90000 43.95800000 2343.33000 119.39000 22.36600 100.60800
 5 8 21 16 09 33212.20000 43.99900000 2343.33000 119.39000 22.36600 100.60800
 5 8 21 16 10 33204.40000 43.99900000 2344.38000 119.26000 22.36600 100.60800
 5 8 21 16 10 33210.90000 44.00300000 2344.12000 119.26000 22.36600 100.60800
 5 8 21 16 10 33269.70000 44.01700000 2345.06000 119.30000 22.36600 100.60800
 5 8 21 16 11 33249.90000 44.01700000 2344.50000 119.30000 22.36600 100.60800
 5 8 21 16 11 33219.50000 44.01700000 2345.43000 119.25000 22.36600 100.60800
 5 8 21 16 12 33235.60000 43.92900000 2345.55000 119.25000 22.36600 100.60800
 5 8 21 16 12 33102.90000 43.93800000 2336.70000 118.92000 22.36600 100.60800
 5 8 21 16 13 33146.40000 43.93800000 2341.02000 118.92000 22.36600 100.60800
 5 8 21 16 13 33121.00000 43.93800000 2338.75000 119.06000 22.36600 100.60800
 5 8 21 16 13 33087.30000 43.93800000 2334.71000 119.06000 22.36600 100.60800
 5 8 21 16 14 33061.00000 43.93800000 2333.15000 119.06000 22.36600 100.60800
 5 8 21 16 14 33090.00000 43.93800000 2335.46000 119.06000 22.36600 100.60800
