M=[
13 7 21 12 27 27792.20000 39.83500000 1684.13000 111.68000 16.60100 89.33500
13 7 21 12 27 27765.80000 39.75400000 1682.58000 111.61000 16.60100 89.33500
13 7 21 12 28 27741.30000 39.75400000 1680.33000 111.61000 16.60100 89.33500
13 7 21 12 28 27735.90000 39.75400000 1681.15000 111.61000 16.60100 89.33500
13 7 21 12 29 27735.90000 39.75400000 1681.83000 111.56000 16.60100 89.33500
13 7 21 12 29 27755.90000 39.75400000 1681.74000 111.56000 16.60100 89.33500
13 7 21 12 30 27756.20000 39.75400000 1683.06000 111.56000 16.60100 89.33500
13 7 21 12 30 27738.00000 39.75400000 1680.86000 111.56000 16.60100 89.33500
13 7 21 12 30 27713.70000 39.75400000 1680.68000 111.54000 16.60100 89.33500
13 7 21 12 31 27737.90000 39.75400000 1683.46000 111.64000 16.61800 89.33500
13 7 21 12 31 27756.50000 39.75400000 1683.88000 111.69000 16.61800 89.33500
13 7 21 12 32 27756.40000 39.75400000 1683.73000 111.79000 16.61800 89.33500
13 7 21 12 32 27730.10000 39.75400000 1683.01000 111.66000 16.66100 89.33500
13 7 21 12 33 27707.90000 39.68400000 1679.92000 111.49000 16.66100 89.33500
13 7 21 12 33 27708.00000 39.68400000 1681.33000 111.42000 16.66100 89.33500
13 7 21 12 33 27708.00000 39.68400000 1681.62000 111.45000 16.66100 89.33500
13 7 21 12 34 27708.00000 39.68400000 1684.00000 111.45000 16.66100 89.33500
13 7 21 12 34 27707.90000 39.68400000 1683.39000 111.52000 16.66100 89.33500
13 7 21 12 35 27689.40000 39.68400000 1682.52000 111.42000 16.66700 89.33500
13 7 21 12 35 27696.10000 39.68400000 1683.49000 111.39000 16.66700 89.33500
13 7 21 12 36 27667.30000 39.68400000 1681.50000 111.35000 16.66700 89.33500
13 7 21 12 36 27582.60000 39.68400000 1676.47000 111.28000 16.60100 89.00000
13 7 21 12 36 27577.20000 39.68400000 1677.00000 111.03000 16.60100 89.00000
13 7 21 12 37 27520.90000 39.68400000 1673.77000 110.82000 16.47700 89.00000
13 7 21 12 37 27500.90000 39.47500000 1663.42000 110.34000 16.47700 88.43500
13 7 21 12 38 27511.90000 39.47500000 1665.85000 110.37000 16.66400 88.37700
13 7 21 12 38 27527.50000 39.46600000 1668.37000 110.37000 16.40600 88.37700
13 7 21 12 39 27539.90000 39.46600000 1671.29000 110.37000 16.40600 88.37700
13 7 21 12 39 27551.30000 39.46600000 1671.00000 110.64000 16.40600 88.37700
13 7 21 12 39 27522.60000 39.46600000 1672.18000 110.63000 16.40600 88.37700
13 7 21 12 40 27527.80000 39.46600000 1669.00000 110.49000 16.40600 88.37700
13 7 21 12 40 27476.30000 39.46600000 1667.20000 110.49000 16.40600 88.37700
13 7 21 12 41 27476.40000 39.46600000 1668.06000 110.20000 16.40600 88.26800
13 7 21 12 41 27430.70000 39.41500000 1665.89000 110.00000 16.40600 88.21400
13 7 21 12 42 27449.40000 39.41500000 1666.76000 110.13000 16.40600 88.21400
13 7 21 12 42 27462.40000 39.41500000 1668.57000 110.22000 16.40600 88.21400
13 7 21 12 42 27491.90000 39.41500000 1670.56000 110.22000 16.40600 88.21400
13 7 21 12 43 27512.60000 39.41500000 1672.31000 110.22000 16.49300 88.21400
13 7 21 12 43 27519.30000 39.41500000 1672.22000 110.22000 16.49300 88.21400
13 7 21 12 44 27523.90000 39.37400000 1672.79000 110.32000 16.49300 88.21400
13 7 21 12 44 27500.00000 39.34500000 1671.21000 110.32000 16.45600 88.21400
13 7 21 12 45 27492.00000 39.42700000 1670.26000 110.32000 16.45600 88.21400
13 7 21 12 45 27455.60000 39.42700000 1667.82000 110.27000 16.45600 88.21400
13 7 21 12 45 27493.60000 39.42700000 1670.08000 110.16000 16.45600 88.21400
13 7 21 12 46 27491.60000 39.42700000 1671.57000 110.16000 16.45600 88.21400
13 7 21 12 46 27496.50000 39.37600000 1672.00000 110.16000 16.45600 88.21400
13 7 21 12 47 27526.30000 39.37600000 1673.22000 110.26000 16.45600 88.21400
13 7 21 12 47 27543.60000 39.37600000 1674.36000 110.39000 16.45600 88.56400
13 7 21 12 48 27572.00000 39.54100000 1675.49000 110.54000 16.45600 88.56400
13 7 21 12 48 27562.00000 39.54100000 1675.47000 110.54000 16.45600 88.56400
13 7 21 12 48 27562.90000 39.54100000 1674.79000 110.54000 16.45600 88.55100
13 7 21 12 49 27531.40000 39.54100000 1673.63000 110.54000 16.45600 88.60600
13 7 21 12 49 27531.60000 39.54100000 1673.33000 110.54000 16.45600 88.60600
13 7 21 12 50 27538.60000 39.54100000 1674.27000 110.54000 16.45600 88.66400
13 7 21 12 50 27526.40000 39.54100000 1673.45000 110.54000 16.40600 88.66400
13 7 21 12 51 27526.00000 39.54100000 1674.06000 110.40000 16.40600 88.66400
13 7 21 12 51 27536.20000 39.54100000 1675.00000 110.43000 16.40600 88.66400
13 7 21 12 52 27506.60000 39.54100000 1672.58000 110.43000 16.40600 88.66400
13 7 21 12 52 27500.10000 39.54100000 1672.02000 110.24000 16.40600 88.66400
13 7 21 12 52 27486.10000 39.54100000 1673.28000 110.24000 16.40600 88.66400
13 7 21 12 53 27499.70000 39.54100000 1672.69000 110.24000 16.40600 88.66400
13 7 21 12 53 27518.70000 39.54100000 1674.71000 110.24000 16.40600 88.66400
13 7 21 12 54 27526.50000 39.54100000 1674.58000 110.46000 16.40600 88.66400
13 7 21 12 54 27509.60000 39.54100000 1674.27000 110.42000 16.40600 88.66400
13 7 21 12 55 27527.30000 39.54100000 1673.91000 110.43000 16.40600 88.66400
13 7 21 12 55 27527.60000 39.54100000 1675.03000 110.43000 16.40600 88.66400
13 7 21 12 55 27516.10000 39.54100000 1674.04000 110.43000 16.40600 88.66400
13 7 21 12 56 27517.40000 39.54100000 1674.30000 110.43000 16.40600 88.66400
13 7 21 12 56 27513.10000 39.54100000 1673.62000 110.43000 16.40600 88.70600
13 7 21 12 57 27509.00000 39.54100000 1673.39000 110.38000 16.40600 88.70600
13 7 21 12 57 27505.30000 39.54100000 1672.88000 110.38000 16.40600 88.70600
13 7 21 12 58 27480.50000 39.54100000 1671.44000 110.38000 16.40600 88.70600
13 7 21 12 58 27479.30000 39.54100000 1670.00000 110.26000 16.40600 88.70600
13 7 21 12 58 27422.20000 39.54100000 1667.83000 110.26000 16.40600 88.70600
13 7 21 12 59 27410.50000 39.54100000 1668.01000 110.26000 16.40600 88.70600
13 7 21 12 59 27426.50000 39.33700000 1668.93000 110.04000 16.40600 88.46700
13 7 21 13 00 27426.40000 39.29200000 1668.13000 110.07000 16.40600 88.46700
13 7 21 13 00 27409.40000 39.29200000 1668.28000 110.00000 16.40600 88.46700
13 7 21 13 01 27400.50000 39.29200000 1665.91000 110.00000 16.40600 88.46700
13 7 21 13 01 27376.40000 39.29200000 1664.02000 109.77000 16.40600 88.46700
13 7 21 13 01 27404.30000 39.29200000 1667.18000 109.77000 16.40600 88.46700
13 7 21 13 02 27466.40000 39.45000000 1671.22000 110.15000 16.40600 88.46700
13 7 21 13 02 27480.10000 39.45000000 1671.43000 110.15000 16.40600 88.46700
13 7 21 13 03 27480.10000 39.45000000 1670.78000 110.35000 16.40600 88.46700
13 7 21 13 03 27493.70000 39.45000000 1674.17000 110.35000 16.40600 88.46700
13 7 21 13 04 27477.20000 39.33800000 1671.55000 110.47000 16.40600 88.89100
13 7 21 13 04 27469.20000 39.33800000 1672.89000 110.41000 16.40600 88.66800
13 7 21 13 04 27487.10000 39.33800000 1672.89000 110.40000 16.40600 88.66800
13 7 21 13 05 27508.40000 39.33800000 1673.63000 110.48000 16.40600 88.66800
13 7 21 13 05 27508.90000 39.33800000 1674.27000 110.48000 16.40600 88.66800
13 7 21 13 06 27524.60000 39.33800000 1673.98000 110.61000 16.40600 88.66800
13 7 21 13 06 27530.80000 39.33800000 1675.24000 110.61000 16.40600 88.66800
13 7 21 13 07 27540.10000 39.33800000 1675.29000 110.60000 16.40600 88.66800
13 7 21 13 07 27541.20000 39.33800000 1675.00000 110.57000 16.40600 88.66800
13 7 21 13 07 27528.70000 39.33800000 1675.01000 110.54000 16.40600 88.66800
13 7 21 13 08 27523.00000 39.37800000 1672.51000 110.46000 16.40600 88.66800
13 7 21 13 08 27508.20000 39.37800000 1671.79000 110.46000 16.40600 88.66800
13 7 21 13 09 27522.90000 39.46600000 1673.68000 110.50000 16.40600 88.66800
13 7 21 13 09 27524.00000 39.46600000 1673.24000 110.47000 16.40600 88.66800
13 7 21 13 10 27527.50000 39.46600000 1673.83000 110.47000 16.40600 88.66800
13 7 21 13 10 27515.40000 39.46600000 1673.94000 110.47000 16.40600 88.72000
13 7 21 13 10 27518.10000 39.38900000 1672.38000 110.47000 16.40600 88.72000
13 7 21 13 11 27542.20000 39.38900000 1674.70000 110.47000 16.40600 88.72000
