M=[
21 1 21 03 48 28531.90000 6.44700000 1096.11000 119.68000 19.66200 78.62700
21 1 21 03 48 28564.20000 6.44700000 1096.98000 119.68000 19.66200 78.62700
21 1 21 03 49 28556.80000 6.44700000 1096.78000 119.97000 19.66200 78.62700
21 1 21 03 49 28552.90000 6.44700000 1096.41000 119.97000 19.66200 78.62700
21 1 21 03 50 28583.30000 6.44700000 1096.98000 119.97000 19.66200 78.62700
21 1 21 03 50 28546.80000 6.44700000 1095.40000 119.87000 19.66200 78.62700
21 1 21 03 51 28548.30000 6.44700000 1095.78000 119.87000 19.66200 78.62700
21 1 21 03 51 28555.10000 6.44700000 1096.04000 119.87000 19.66200 78.62700
21 1 21 03 51 28544.40000 6.44700000 1095.54000 119.87000 19.66200 78.62700
21 1 21 03 52 28569.50000 6.44700000 1096.71000 119.88000 19.66200 78.62700
21 1 21 03 52 28571.40000 6.47700000 1096.71000 119.88000 19.66200 78.62700
21 1 21 03 53 28553.80000 6.47700000 1095.92000 119.87000 19.66200 78.62700
21 1 21 03 53 28563.60000 6.47700000 1095.90000 119.70000 19.66200 78.62700
21 1 21 03 54 28568.00000 6.47700000 1095.90000 119.70000 19.66200 78.62700
21 1 21 03 54 28583.10000 6.47700000 1095.90000 119.70000 19.66200 78.62700
21 1 21 03 54 28584.60000 6.47700000 1095.90000 119.54000 19.66200 78.62700
21 1 21 03 55 28584.60000 6.47700000 1097.64000 119.54000 19.66200 78.62700
21 1 21 03 55 28585.20000 6.47700000 1097.98000 119.54000 19.66200 78.62700
21 1 21 03 56 28595.60000 6.47700000 1098.44000 119.44000 19.66200 78.62700
21 1 21 03 56 28627.40000 6.47700000 1098.66000 119.44000 19.66200 78.62700
21 1 21 03 57 28653.10000 6.47700000 1098.94000 119.39000 19.66200 78.62700
21 1 21 03 57 28653.10000 6.47700000 1098.54000 119.39000 19.66200 78.68000
21 1 21 03 57 28643.60000 6.47700000 1098.54000 119.39000 19.66200 78.68000
21 1 21 03 58 28621.00000 6.47700000 1098.92000 119.64000 19.66200 78.68000
21 1 21 03 58 28626.00000 6.47700000 1098.99000 119.64000 19.66200 78.68000
21 1 21 03 59 28622.90000 6.47700000 1098.89000 119.64000 19.66200 78.68000
21 1 21 03 59 28624.20000 6.47700000 1098.68000 119.65000 19.66200 78.68000
21 1 21 04 00 28612.50000 6.47700000 1097.25000 119.58000 19.66200 78.68000
21 1 21 04 00 28573.90000 6.47700000 1095.14000 119.47000 19.66200 78.68000
21 1 21 04 00 28569.30000 6.47700000 1094.23000 119.29000 19.66200 78.68000
21 1 21 04 01 28560.00000 6.47700000 1094.37000 119.29000 19.66200 78.68000
21 1 21 04 01 28571.20000 6.47700000 1094.37000 119.22000 19.66200 78.68000
21 1 21 04 02 28562.40000 6.47700000 1094.37000 119.35000 19.66200 78.68000
21 1 21 04 02 28569.50000 6.47700000 1095.82000 119.40000 19.66200 78.68000
21 1 21 04 03 28573.20000 6.47700000 1095.82000 119.32000 19.66200 78.68000
21 1 21 04 03 28632.80000 6.50000000 1101.20000 119.51000 19.66200 78.68000
21 1 21 04 03 28673.70000 6.50000000 1100.14000 119.51000 19.66200 78.79000
21 1 21 04 04 28733.70000 6.50000000 1101.98000 119.66000 19.66200 78.82000
21 1 21 04 04 28750.30000 6.50000000 1102.99000 119.66000 19.66200 78.82000
21 1 21 04 05 28755.00000 6.50000000 1102.88000 119.66000 19.66200 78.82000
21 1 21 04 05 28750.10000 6.50000000 1102.14000 119.66000 19.66200 78.95000
21 1 21 04 06 28732.40000 6.50000000 1101.73000 119.66000 19.66200 78.95000
21 1 21 04 06 28751.60000 6.54600000 1101.73000 119.66000 19.66200 78.95000
21 1 21 04 06 28784.50000 6.55400000 1103.00000 119.66000 19.66200 78.95000
21 1 21 04 07 28777.30000 6.56700000 1103.10000 119.90000 19.66200 78.95000
21 1 21 04 07 28775.80000 6.57600000 1103.10000 119.88000 19.66200 78.95000
21 1 21 04 08 28789.70000 6.58600000 1103.10000 119.88000 19.66200 78.95000
21 1 21 04 08 28762.90000 6.60100000 1103.10000 119.87000 19.66200 78.95000
21 1 21 04 09 28762.90000 6.64000000 1103.10000 119.87000 19.66200 78.95000
21 1 21 04 09 28727.40000 6.67000000 1101.49000 119.98000 19.66200 78.95000
21 1 21 04 09 28727.50000 6.68300000 1099.52000 119.98000 19.66200 78.95000
21 1 21 04 10 28751.30000 6.67300000 1099.80000 119.93000 19.66200 79.18600
21 1 21 04 10 28751.30000 6.62700000 1100.41000 119.93000 19.66200 79.18600
21 1 21 04 11 28699.10000 6.62700000 1099.70000 120.05000 19.66200 79.14000
21 1 21 04 11 28671.30000 6.65400000 1099.70000 120.05000 19.66200 79.14000
21 1 21 04 12 28681.10000 6.65400000 1099.70000 120.05000 19.66200 79.14000
21 1 21 04 12 28685.90000 6.66100000 1099.32000 120.05000 19.66200 79.14000
21 1 21 04 12 28672.70000 6.66100000 1098.95000 120.05000 19.66200 79.14000
21 1 21 04 13 28672.70000 6.66100000 1099.66000 120.05000 19.66200 79.13000
21 1 21 04 13 28706.60000 6.66100000 1101.36000 120.05000 19.64300 79.13000
21 1 21 04 14 28677.60000 6.69400000 1101.36000 120.05000 19.64300 79.13000
21 1 21 04 14 28694.40000 6.69400000 1101.36000 120.05000 19.64300 79.13000
21 1 21 04 15 28695.90000 6.65000000 1100.61000 120.05000 19.64300 79.29900
21 1 21 04 15 28678.50000 6.65500000 1100.37000 119.90000 19.64300 79.29900
21 1 21 04 15 28682.10000 6.65500000 1099.72000 119.90000 19.62400 79.29900
21 1 21 04 16 28706.40000 6.67600000 1099.72000 119.90000 19.62400 79.03000
21 1 21 04 16 28719.60000 6.67600000 1101.02000 119.90000 19.62400 79.03000
21 1 21 04 17 28699.20000 6.65200000 1101.02000 119.90000 19.62400 79.03000
21 1 21 04 17 28697.50000 6.65200000 1101.02000 119.81000 19.62400 79.03000
21 1 21 04 18 28697.50000 6.65200000 1100.11000 119.81000 19.62400 79.03000
21 1 21 04 18 28675.70000 6.65200000 1100.11000 119.75000 19.60500 79.03000
21 1 21 04 18 28675.70000 6.65200000 1100.79000 119.75000 19.60500 79.03000
21 1 21 04 19 28682.00000 6.65200000 1100.79000 119.75000 19.60500 79.03000
21 1 21 04 19 28681.70000 6.65200000 1099.16000 119.75000 19.60500 79.03000
21 1 21 04 20 28671.90000 6.65200000 1099.13000 119.75000 19.60500 79.03000
21 1 21 04 20 28662.30000 6.65200000 1099.21000 119.75000 19.60500 79.03000
21 1 21 04 21 28650.00000 6.65200000 1097.98000 119.75000 19.60500 79.03000
21 1 21 04 21 28627.50000 6.73100000 1097.87000 119.75000 19.60500 79.03000
21 1 21 04 21 28642.70000 6.73100000 1097.88000 119.75000 19.60500 79.03000
21 1 21 04 22 28671.10000 6.73100000 1098.68000 119.75000 19.60500 79.03000
21 1 21 04 22 28671.10000 6.70600000 1098.44000 119.75000 19.60500 79.03000
21 1 21 04 23 28671.10000 6.69200000 1098.07000 119.75000 19.60500 79.03000
21 1 21 04 23 28671.20000 6.70700000 1097.54000 119.75000 19.60500 79.03000
21 1 21 04 24 28684.70000 6.70700000 1097.55000 119.75000 19.44300 79.03000
21 1 21 04 24 28707.50000 6.70700000 1097.55000 119.75000 19.58600 79.03000
21 1 21 04 24 28707.50000 6.70700000 1097.55000 119.75000 19.58600 79.03000
21 1 21 04 25 28708.60000 6.70700000 1096.93000 119.75000 19.58600 79.03000
21 1 21 04 25 28708.60000 6.70700000 1096.93000 119.75000 19.58600 79.03000
21 1 21 04 26 28691.80000 6.70700000 1096.93000 119.75000 19.58600 79.03000
21 1 21 04 26 28661.40000 6.70700000 1096.93000 119.75000 19.58600 79.03000
21 1 21 04 27 28680.00000 6.70700000 1096.93000 119.75000 19.58600 79.03000
21 1 21 04 27 28680.00000 6.70700000 1098.24000 119.75000 19.58600 79.03000
21 1 21 04 27 28680.00000 6.70700000 1097.55000 119.75000 19.58600 79.03000
21 1 21 04 28 28688.70000 6.72300000 1097.37000 119.67000 19.58600 79.03000
21 1 21 04 28 28705.40000 6.72300000 1097.37000 119.67000 19.58600 79.03000
21 1 21 04 29 28705.40000 6.72300000 1098.43000 119.67000 19.58600 79.03000
21 1 21 04 29 28689.20000 6.72300000 1098.43000 119.67000 19.58600 79.03000
21 1 21 04 30 28708.30000 6.72300000 1098.35000 119.67000 19.58600 79.03000
21 1 21 04 30 28708.20000 6.72300000 1098.35000 119.63000 19.58600 79.03000
21 1 21 04 30 28683.80000 6.72300000 1096.95000 119.63000 19.58600 79.03000
21 1 21 04 31 28683.80000 6.72300000 1097.94000 119.54000 19.58600 79.03000
21 1 21 04 31 28709.50000 6.70400000 1097.94000 119.54000 19.58600 79.03000
21 1 21 04 32 28701.30000 6.70400000 1097.17000 119.54000 19.58600 79.03000
21 1 21 04 32 28701.30000 6.70400000 1097.17000 119.54000 19.58600 79.03000
21 1 21 04 33 28721.70000 6.70400000 1097.17000 119.54000 19.58600 79.03000
