M=[
30 4 21 02 12 44269.10000 28.38300000 2266.65000 212.89000 33.17200 191.13900
30 4 21 02 12 44278.20000 28.38300000 2267.23000 213.11000 33.17200 191.13900
30 4 21 02 12 44278.30000 28.38300000 2267.23000 213.11000 33.17200 191.13900
30 4 21 02 13 44278.90000 28.38300000 2265.80000 213.24000 33.17200 191.13900
30 4 21 02 13 44278.90000 28.38300000 2265.80000 213.24000 33.17200 191.13900
30 4 21 02 14 44279.90000 28.38300000 2265.80000 213.24000 33.17200 191.13900
30 4 21 02 14 44290.50000 28.38300000 2267.82000 213.24000 33.17200 191.29700
30 4 21 02 15 44292.50000 28.38300000 2267.82000 213.24000 33.17200 191.29700
30 4 21 02 15 44252.40000 28.38300000 2267.82000 213.07000 33.17200 191.29700
30 4 21 02 15 44252.40000 28.38300000 2267.82000 212.80000 33.17200 191.29700
30 4 21 02 16 44238.70000 28.38300000 2266.02000 212.80000 33.17200 191.29700
30 4 21 02 16 44234.30000 28.38300000 2266.02000 212.80000 33.17200 191.29700
30 4 21 02 17 44248.30000 28.38300000 2266.02000 212.80000 33.17200 191.29700
30 4 21 02 17 44242.30000 28.38300000 2266.42000 212.80000 33.17200 191.29700
30 4 21 02 18 44229.50000 28.38300000 2266.42000 212.84000 33.17200 191.29700
30 4 21 02 18 44226.10000 28.38300000 2266.42000 212.82000 33.17200 191.29700
30 4 21 02 18 44235.30000 28.38300000 2265.97000 212.73000 33.17200 191.29700
30 4 21 02 19 44230.40000 28.38300000 2265.97000 212.62000 33.17200 190.98500
30 4 21 02 19 44244.10000 28.38300000 2268.46000 212.62000 33.17200 190.98500
30 4 21 02 20 44247.20000 28.38300000 2268.46000 212.67000 33.17200 190.98500
30 4 21 02 20 44251.40000 28.38300000 2268.29000 212.57000 33.17200 190.98500
30 4 21 02 21 44251.40000 28.38300000 2268.37000 212.57000 33.17200 190.90500
30 4 21 02 21 44251.10000 28.38300000 2267.74000 212.58000 33.17200 190.90500
30 4 21 02 21 44251.10000 28.38300000 2267.74000 212.58000 33.17200 190.90500
30 4 21 02 22 44251.10000 28.38300000 2267.68000 212.58000 33.17200 190.90500
30 4 21 02 22 44255.80000 28.38300000 2267.68000 212.57000 33.17200 190.90500
30 4 21 02 23 44256.90000 28.38300000 2267.58000 212.57000 33.17200 190.90500
30 4 21 02 23 44261.70000 28.38300000 2267.75000 212.57000 33.17200 190.90500
30 4 21 02 24 44289.00000 28.38300000 2270.81000 212.47000 33.17200 190.90500
30 4 21 02 24 44310.20000 28.38300000 2271.26000 212.47000 33.17200 190.90500
30 4 21 02 24 44305.60000 28.38300000 2269.44000 212.67000 33.17200 190.90500
30 4 21 02 25 44296.50000 28.38300000 2269.13000 212.56000 33.17200 190.90500
30 4 21 02 25 44284.80000 28.38300000 2265.27000 212.56000 33.17200 190.90500
30 4 21 02 26 44271.50000 28.38300000 2264.37000 212.44000 33.17200 190.90500
30 4 21 02 26 44295.90000 28.38300000 2264.37000 212.28000 33.17200 190.90500
30 4 21 02 27 44301.50000 28.38300000 2265.68000 212.28000 33.17200 190.90500
30 4 21 02 27 44301.50000 28.38300000 2265.58000 212.41000 33.17200 190.90500
30 4 21 02 27 44304.70000 28.38300000 2265.58000 212.41000 33.17200 190.90500
30 4 21 02 28 44279.50000 28.38300000 2263.60000 212.38000 33.17200 190.90500
30 4 21 02 28 44275.90000 28.38300000 2263.60000 212.38000 33.17200 190.90500
30 4 21 02 29 44255.20000 28.38300000 2261.20000 212.09000 33.17200 190.90500
30 4 21 02 29 44254.80000 28.38300000 2261.34000 211.85000 33.17200 190.90500
30 4 21 02 30 44241.80000 28.38300000 2260.68000 211.85000 33.17200 190.90500
30 4 21 02 30 44280.80000 28.38300000 2260.93000 211.85000 33.17200 190.90500
30 4 21 02 30 44266.10000 28.38300000 2260.93000 211.85000 33.17200 190.90500
30 4 21 02 31 44261.30000 28.38300000 2262.61000 211.85000 33.17200 190.90500
30 4 21 02 31 44310.20000 28.38300000 2266.33000 211.85000 33.17200 190.90500
30 4 21 02 32 44313.60000 28.38300000 2266.59000 211.85000 33.17200 190.90500
30 4 21 02 32 44313.60000 28.38300000 2266.46000 211.85000 33.17200 190.90500
30 4 21 02 33 44286.90000 28.38300000 2264.91000 211.85000 33.17200 190.90500
30 4 21 02 33 44280.50000 28.38300000 2263.64000 212.66000 33.22700 190.90500
30 4 21 02 33 44280.60000 28.38300000 2263.64000 212.66000 33.22700 190.90500
30 4 21 02 34 44273.10000 28.38300000 2263.64000 212.66000 33.22700 190.90500
30 4 21 02 34 44230.20000 28.38300000 2263.41000 212.48000 33.22700 190.90500
30 4 21 02 35 44241.70000 28.38300000 2261.54000 212.48000 33.22700 190.90500
30 4 21 02 35 44237.90000 28.38300000 2261.54000 212.48000 33.22700 190.90500
30 4 21 02 36 44237.40000 28.38300000 2262.61000 212.48000 33.22700 190.90500
30 4 21 02 36 44237.90000 28.38300000 2262.15000 212.48000 33.22700 190.90500
30 4 21 02 36 44232.90000 28.38300000 2261.44000 212.30000 33.22700 190.90500
30 4 21 02 37 44224.10000 28.38300000 2260.53000 212.07000 33.22700 190.90500
30 4 21 02 37 44214.70000 28.38300000 2260.08000 212.07000 33.36500 190.90500
30 4 21 02 38 44214.60000 28.38300000 2260.15000 211.97000 33.25200 190.28500
30 4 21 02 38 44174.00000 28.38300000 2259.55000 211.97000 33.25200 190.28500
30 4 21 02 39 44173.60000 28.38300000 2259.55000 211.94000 33.25200 190.07900
30 4 21 02 39 44139.90000 28.38300000 2256.27000 211.94000 33.25200 190.07900
30 4 21 02 39 44141.40000 28.38300000 2256.07000 211.94000 33.25200 190.07900
30 4 21 02 40 44154.90000 28.38300000 2256.15000 211.66000 33.25200 190.07900
30 4 21 02 40 44167.20000 28.38300000 2256.15000 211.66000 33.25200 190.07900
30 4 21 02 41 44195.80000 28.38300000 2256.15000 211.66000 33.25200 190.07900
30 4 21 02 41 44197.50000 28.38300000 2259.92000 211.66000 33.25200 190.07900
30 4 21 02 42 44180.60000 28.38300000 2259.58000 211.66000 33.25200 190.07900
30 4 21 02 42 44190.30000 28.38300000 2260.14000 211.66000 33.25200 190.07900
30 4 21 02 42 44204.40000 28.38300000 2261.75000 211.66000 33.25200 190.28500
30 4 21 02 43 44213.20000 28.38300000 2261.52000 211.66000 33.25200 190.28500
30 4 21 02 43 44210.60000 28.38300000 2261.75000 211.66000 33.25200 190.28500
30 4 21 02 44 44206.40000 28.38300000 2261.74000 211.66000 33.25200 190.28500
30 4 21 02 44 44206.40000 28.38300000 2261.69000 211.94000 33.25200 190.28500
30 4 21 02 45 44217.90000 28.38300000 2261.69000 211.94000 33.25200 190.28500
30 4 21 02 45 44218.60000 28.38300000 2264.20000 211.94000 33.25200 190.28500
30 4 21 02 45 44235.00000 28.38300000 2263.00000 211.90000 33.25200 190.28500
30 4 21 02 46 44212.60000 28.38300000 2261.51000 211.72000 33.25200 190.28500
30 4 21 02 46 44212.70000 28.38300000 2261.51000 211.72000 33.25200 190.28500
30 4 21 02 47 44242.70000 28.38300000 2261.51000 211.63000 33.25200 190.28500
30 4 21 02 47 44234.50000 28.38300000 2261.51000 211.63000 33.25200 190.28500
30 4 21 02 48 44217.60000 28.38300000 2265.85000 211.63000 33.25200 190.28500
30 4 21 02 48 44205.60000 28.38300000 2264.00000 211.63000 33.25200 190.28500
30 4 21 02 48 44186.90000 28.38300000 2262.20000 211.52000 33.25200 190.28500
30 4 21 02 49 44186.30000 28.38300000 2262.27000 211.44000 33.25200 190.28500
30 4 21 02 49 44181.20000 28.38300000 2262.60000 211.62000 33.25200 190.28500
30 4 21 02 50 44180.50000 28.38300000 2262.74000 211.54000 33.25200 190.28500
30 4 21 02 50 44205.40000 28.38300000 2264.17000 211.56000 33.25200 190.28500
30 4 21 02 51 44216.20000 28.38300000 2264.46000 211.56000 33.25200 190.28500
30 4 21 02 51 44217.10000 28.38300000 2264.08000 211.70000 33.25200 190.28500
30 4 21 02 51 44222.20000 28.38300000 2263.37000 211.69000 33.25200 190.28500
30 4 21 02 52 44218.60000 28.38300000 2263.31000 211.69000 33.25200 190.28500
30 4 21 02 52 44225.40000 28.38300000 2263.30000 211.69000 33.25200 190.28500
30 4 21 02 53 44220.50000 28.38300000 2263.09000 211.68000 33.25200 190.28500
30 4 21 02 53 44221.50000 28.38300000 2263.09000 211.62000 33.25200 190.28500
30 4 21 02 54 44251.00000 28.38300000 2263.09000 211.77000 33.25200 190.28500
30 4 21 02 54 44259.80000 28.38300000 2265.03000 211.77000 33.25200 190.28500
30 4 21 02 54 44261.00000 28.38300000 2265.46000 211.77000 33.25200 190.28500
30 4 21 02 55 44271.60000 28.38300000 2265.62000 211.84000 33.25200 190.28500
