M=[
19 5 20 02 11 8814.70000 6.09500000 193.55000 40.78000 11.88700 42.83200
19 5 20 02 12 8807.80000 6.09500000 193.54000 40.73000 11.88700 42.83200
19 5 20 02 12 8811.20000 6.09500000 193.54000 40.73000 11.88700 42.83200
19 5 20 02 13 8811.20000 6.09500000 193.54000 40.73000 11.88700 42.83200
19 5 20 02 13 8806.10000 6.09500000 193.54000 40.73000 11.88700 42.97600
19 5 20 02 14 8802.20000 6.09500000 193.54000 40.73000 11.88700 42.83200
19 5 20 02 14 8801.10000 6.09500000 193.37000 40.73000 11.88700 42.83200
19 5 20 02 15 8782.80000 6.09500000 193.27000 40.73000 11.88700 42.83200
19 5 20 02 15 8787.00000 6.09500000 193.27000 40.65000 11.88700 42.67200
19 5 20 02 16 8760.00000 6.05000000 192.58000 40.46000 11.88700 42.66300
19 5 20 02 16 8777.50000 6.05000000 192.99000 40.46000 11.88700 42.78000
19 5 20 02 17 8774.20000 6.05000000 193.00000 40.51000 11.88700 42.78000
19 5 20 02 17 8772.10000 6.05800000 193.02000 40.46000 11.88700 42.81400
19 5 20 02 18 8778.90000 6.05800000 193.02000 40.46000 11.88700 42.78000
19 5 20 02 18 8778.10000 6.05800000 192.98000 40.46000 11.88700 42.78000
19 5 20 02 19 8771.00000 6.05800000 192.98000 40.46000 11.88700 42.69000
19 5 20 02 19 8777.20000 6.05800000 193.03000 40.68000 11.88700 42.69000
19 5 20 02 20 8790.90000 6.05800000 193.02000 40.68000 11.88700 42.64900
19 5 20 02 20 8791.80000 6.05800000 193.03000 40.46000 11.88700 42.64900
19 5 20 02 21 8800.40000 6.05800000 193.03000 40.68000 11.88700 42.64900
19 5 20 02 21 8798.60000 6.05800000 193.03000 40.68000 11.88700 42.64900
19 5 20 02 22 8790.90000 6.05800000 193.45000 40.68000 11.88700 42.64900
19 5 20 02 22 8793.90000 6.05800000 193.45000 40.68000 11.88700 42.64900
19 5 20 02 23 8790.90000 6.09500000 193.45000 40.68000 11.73700 42.64900
19 5 20 02 23 8801.70000 6.06000000 193.72000 40.68000 11.88700 42.64900
19 5 20 02 24 8801.80000 6.06000000 193.54000 40.74000 11.88700 42.64900
19 5 20 02 24 8801.90000 6.06000000 193.72000 40.74000 11.88700 42.64900
19 5 20 02 25 8801.90000 6.06000000 193.93000 40.74000 11.88700 42.64900
19 5 20 02 25 8801.90000 6.06000000 193.93000 40.74000 11.88700 42.64900
19 5 20 02 25 8806.00000 6.06000000 193.93000 40.74000 11.88700 42.64900
19 5 20 02 26 8816.20000 6.06000000 193.93000 40.74000 11.88700 42.64900
19 5 20 02 26 8811.70000 6.06000000 193.93000 40.68000 11.88700 42.64900
19 5 20 02 27 8811.70000 6.06000000 193.93000 40.74000 11.88700 42.64900
19 5 20 02 27 8811.10000 6.06000000 193.93000 40.74000 11.88700 42.64900
19 5 20 02 28 8811.70000 6.06000000 193.93000 40.74000 11.88700 42.64900
19 5 20 02 28 8813.10000 6.06000000 193.93000 40.74000 11.88700 42.64900
19 5 20 02 29 8812.00000 6.06000000 193.93000 40.74000 11.88700 42.64900
19 5 20 02 29 8812.70000 6.06000000 193.93000 40.74000 11.88700 42.64900
19 5 20 02 30 8810.50000 6.06000000 193.93000 40.74000 11.88700 42.64900
19 5 20 02 30 8810.60000 6.06000000 193.93000 40.74000 11.88700 42.64900
19 5 20 02 31 8810.50000 6.06000000 193.88000 40.74000 11.88700 42.64900
19 5 20 02 31 8810.50000 6.06000000 193.88000 40.68000 11.88700 42.69000
19 5 20 02 32 8810.50000 6.06000000 194.13000 40.84000 11.88700 42.64900
19 5 20 02 32 8810.50000 6.06000000 194.07000 40.74000 11.88700 42.64900
19 5 20 02 33 8810.50000 6.06000000 194.05000 40.84000 11.88700 42.64900
19 5 20 02 33 8802.00000 6.06000000 193.85000 40.84000 11.88700 42.64900
19 5 20 02 34 8799.30000 6.06000000 194.07000 40.84000 11.88700 42.64900
19 5 20 02 34 8800.60000 6.06000000 193.84000 40.84000 11.88700 42.64900
19 5 20 02 34 8798.10000 6.06000000 193.84000 40.84000 11.88700 42.64900
19 5 20 02 35 8798.10000 6.06000000 193.84000 40.84000 11.88700 42.64900
19 5 20 02 35 8798.10000 6.06000000 193.90000 40.84000 11.88700 42.64900
19 5 20 02 36 8807.00000 6.06000000 193.90000 40.84000 11.88700 42.64900
19 5 20 02 36 8807.00000 6.06000000 193.90000 40.84000 11.88700 42.64900
19 5 20 02 37 8801.50000 6.06000000 193.90000 40.84000 11.88700 42.64900
19 5 20 02 37 8803.30000 6.06000000 193.90000 40.84000 11.88700 42.64900
19 5 20 02 38 8801.50000 6.06000000 193.90000 40.84000 11.88700 42.64900
19 5 20 02 38 8801.50000 6.06000000 193.94000 40.84000 11.88700 42.64900
19 5 20 02 39 8807.10000 6.06000000 193.94000 40.84000 11.78500 43.05400
19 5 20 02 39 8801.50000 6.06000000 193.82000 40.84000 11.78500 43.05400
19 5 20 02 40 8807.50000 6.06000000 193.94000 40.84000 11.78500 43.05400
19 5 20 02 40 8801.80000 6.06000000 193.82000 40.84000 11.78500 43.05400
19 5 20 02 40 8795.20000 6.06000000 193.82000 40.84000 11.78500 43.05400
19 5 20 02 41 8794.30000 6.06000000 193.71000 40.68000 11.78500 43.05400
19 5 20 02 41 8780.00000 6.06000000 193.41000 40.76000 11.78500 42.85100
19 5 20 02 42 8780.20000 6.06000000 193.30000 40.76000 11.78500 42.97100
19 5 20 02 43 8781.00000 6.06000000 193.82000 40.76000 11.78500 42.85100
19 5 20 02 43 8780.90000 6.06000000 193.30000 40.76000 11.78500 42.85100
19 5 20 02 43 8790.60000 6.06000000 193.37000 40.76000 11.78500 42.85100
19 5 20 02 44 8783.30000 6.06000000 193.42000 40.76000 11.78500 42.85100
19 5 20 02 44 8785.10000 6.06000000 193.42000 40.76000 11.78500 42.85100
19 5 20 02 45 8784.50000 6.06000000 193.42000 40.68000 11.78500 42.85100
19 5 20 02 45 8786.60000 6.06000000 193.42000 40.76000 11.78500 42.85100
19 5 20 02 46 8783.00000 6.06000000 193.42000 40.76000 11.78500 42.85100
19 5 20 02 46 8771.00000 6.06000000 193.42000 40.76000 11.78500 43.05400
19 5 20 02 47 8772.60000 6.06000000 193.30000 40.76000 11.78500 42.85100
19 5 20 02 47 8777.50000 6.06000000 193.45000 40.80000 11.78500 42.97100
19 5 20 02 48 8777.50000 6.06000000 193.64000 40.76000 11.78500 42.85100
19 5 20 02 48 8777.50000 6.06000000 193.64000 40.80000 11.78500 42.85100
19 5 20 02 49 8774.50000 6.06000000 193.64000 40.80000 11.78500 42.85100
19 5 20 02 49 8777.40000 6.06000000 193.64000 40.80000 11.78500 42.85100
19 5 20 02 50 8777.60000 6.06000000 193.64000 40.80000 11.88700 42.85100
19 5 20 02 50 8780.10000 6.06000000 193.64000 40.80000 11.78500 42.97100
19 5 20 02 51 8783.30000 6.06000000 193.63000 40.80000 11.78500 42.85100
19 5 20 02 51 8786.00000 6.06000000 193.63000 40.80000 11.78500 42.85100
19 5 20 02 52 8787.10000 6.06000000 193.64000 40.80000 11.78500 42.85100
19 5 20 02 52 8791.80000 6.06000000 193.63000 40.80000 11.78500 42.85100
19 5 20 02 53 8788.00000 6.06000000 193.63000 40.80000 11.78500 42.85100
19 5 20 02 53 8783.00000 6.06000000 193.83000 40.80000 11.78500 42.64900
19 5 20 02 54 8780.40000 6.06000000 193.83000 40.80000 11.78500 42.85100
19 5 20 02 54 8781.50000 6.06000000 193.76000 40.80000 11.78500 42.85100
19 5 20 02 54 8781.50000 6.06000000 193.76000 40.80000 11.78500 42.85100
19 5 20 02 55 8780.20000 6.06000000 193.76000 40.82000 11.78500 42.85100
19 5 20 02 55 8787.00000 6.06000000 193.76000 40.82000 11.88700 42.85100
19 5 20 02 56 8788.90000 6.06000000 193.76000 40.82000 11.78500 42.85100
19 5 20 02 56 8791.90000 6.06000000 193.76000 40.82000 11.78500 42.85100
19 5 20 02 57 8797.80000 6.06000000 193.91000 40.82000 11.78500 42.85100
19 5 20 02 57 8798.60000 6.06000000 194.12000 40.85000 11.78500 42.64900
19 5 20 02 58 8811.10000 6.06000000 194.12000 40.85000 11.78500 42.85100
19 5 20 02 58 8811.10000 6.06000000 194.12000 40.85000 11.78500 42.85100
19 5 20 02 59 8812.00000 6.06000000 194.12000 40.85000 11.78500 42.64900
19 5 20 02 59 8808.10000 6.06000000 194.12000 40.85000 11.78500 42.85100
19 5 20 02 59 8807.70000 6.06000000 194.12000 40.85000 11.78500 42.85100
19 5 20 03 00 8806.40000 6.06000000 194.12000 40.85000 11.78500 42.85100
19 5 20 03 00 8809.10000 6.06000000 194.12000 40.85000 11.78500 42.85100
19 5 20 03 01 8810.20000 6.06000000 194.12000 40.85000 11.78500 42.85100
19 5 20 03 01 8805.80000 6.06000000 194.12000 40.85000 11.78000 42.85100
19 5 20 03 02 8813.00000 6.06000000 194.12000 40.85000 11.78000 42.85100
19 5 20 03 02 8810.10000 6.06300000 194.02000 40.85000 11.78000 43.05400
19 5 20 03 03 8808.40000 6.06300000 194.14000 40.85000 11.78000 42.64900
