M=[
27 3 21 03 53 46507.20000 9.91000000 1439.99000 154.30000 28.75000 111.11000
27 3 21 03 53 46507.20000 9.91000000 1439.81000 154.30000 28.75000 111.11000
27 3 21 03 54 46520.50000 9.91000000 1439.16000 154.30000 28.75000 111.11000
27 3 21 03 54 46520.50000 9.91000000 1439.16000 154.30000 28.75000 111.11000
27 3 21 03 55 46520.50000 9.91000000 1439.82000 154.30000 28.75000 111.11000
27 3 21 03 55 46516.40000 9.91000000 1439.82000 154.30000 28.75000 111.11000
27 3 21 03 56 46516.40000 9.91000000 1438.95000 154.30000 28.66300 111.11000
27 3 21 03 56 46524.10000 9.91000000 1438.95000 154.30000 28.66300 111.11000
27 3 21 03 57 46520.50000 9.91000000 1438.83000 154.30000 28.66300 111.11000
27 3 21 03 57 46520.50000 9.91000000 1438.83000 154.30000 28.66300 111.11000
27 3 21 03 57 46520.50000 9.91000000 1438.83000 154.26000 28.66300 111.11000
27 3 21 03 58 46557.50000 9.91000000 1438.83000 154.26000 28.66300 111.47400
27 3 21 03 58 46548.90000 9.91000000 1438.83000 154.26000 28.66300 111.47400
27 3 21 03 59 46520.50000 9.91000000 1438.75000 154.28000 28.66300 111.47400
27 3 21 03 59 46503.70000 9.91000000 1438.74000 154.28000 28.66300 111.47400
27 3 21 04 00 46503.80000 9.91000000 1437.93000 154.28000 28.66300 111.47400
27 3 21 04 00 46547.40000 9.91000000 1437.93000 154.30000 28.66300 111.47400
27 3 21 04 00 46544.50000 9.93000000 1439.44000 154.30000 28.66300 111.47400
27 3 21 04 01 46553.10000 9.93000000 1439.44000 154.30000 28.66300 111.47400
27 3 21 04 01 46549.80000 9.93000000 1439.44000 154.30000 28.66300 111.47400
27 3 21 04 02 46549.80000 9.93000000 1439.44000 154.30000 28.66300 111.47400
27 3 21 04 02 46505.70000 9.93000000 1438.89000 154.30000 28.66300 111.47400
27 3 21 04 03 46493.60000 9.93000000 1438.38000 154.30000 28.66300 111.47400
27 3 21 04 03 46493.60000 9.93000000 1437.90000 154.30000 28.66300 111.47400
27 3 21 04 03 46455.60000 9.93000000 1437.90000 154.30000 28.66300 111.47400
27 3 21 04 04 46455.00000 9.93000000 1437.90000 154.30000 28.66300 111.47400
27 3 21 04 04 46455.60000 9.93000000 1436.82000 154.30000 28.66300 111.47400
27 3 21 04 05 46455.50000 9.93000000 1436.95000 154.30000 28.66300 111.47400
27 3 21 04 05 46484.00000 9.93000000 1437.43000 154.30000 28.66300 111.47400
27 3 21 04 06 46470.80000 9.93000000 1437.44000 154.30000 28.66300 111.47400
27 3 21 04 06 46456.50000 9.93000000 1437.44000 154.30000 28.66300 111.47400
27 3 21 04 06 46456.50000 9.93000000 1437.44000 154.30000 28.66300 111.47400
27 3 21 04 07 46456.50000 9.93000000 1437.44000 154.30000 28.66300 111.47400
27 3 21 04 07 46456.50000 9.93000000 1437.44000 154.30000 28.66300 111.47400
27 3 21 04 08 46456.50000 9.93000000 1437.44000 154.30000 28.66300 111.47400
27 3 21 04 08 46541.40000 9.93000000 1437.44000 154.30000 28.75100 111.47400
27 3 21 04 09 46544.70000 9.93000000 1439.00000 154.62000 28.78500 111.47400
27 3 21 04 09 46546.00000 9.93000000 1439.00000 154.62000 28.79000 111.47400
27 3 21 04 09 46552.70000 9.93000000 1439.00000 154.63000 28.79000 111.47400
27 3 21 04 10 46554.90000 9.93000000 1439.00000 154.63000 28.79000 111.47400
27 3 21 04 10 46555.00000 9.93000000 1440.09000 154.63000 28.79000 111.47400
27 3 21 04 11 46554.90000 9.93000000 1438.85000 154.63000 28.91500 111.47400
27 3 21 04 11 46495.90000 9.93000000 1438.85000 154.63000 28.91500 111.47400
27 3 21 04 12 46498.70000 9.93000000 1438.85000 154.63000 28.91500 111.47400
27 3 21 04 12 46498.80000 9.93000000 1437.85000 154.49000 28.91500 111.47400
27 3 21 04 12 46534.00000 9.93000000 1438.38000 154.49000 28.91500 111.47400
27 3 21 04 13 46563.00000 9.93000000 1439.05000 154.49000 28.91500 111.47400
27 3 21 04 13 46563.00000 9.93000000 1440.05000 154.49000 28.91500 111.47400
27 3 21 04 14 46640.60000 9.94800000 1440.87000 154.49000 28.91500 111.47400
27 3 21 04 14 46669.80000 9.94800000 1440.87000 154.49000 28.91500 111.47400
27 3 21 04 15 46670.00000 9.94800000 1440.87000 154.49000 28.91500 111.47400
27 3 21 04 15 46611.50000 9.94800000 1440.87000 154.49000 28.81700 111.47400
27 3 21 04 15 46628.40000 9.94800000 1440.87000 154.49000 28.66700 111.47400
27 3 21 04 16 46639.80000 9.94800000 1440.87000 154.49000 28.66700 111.47400
27 3 21 04 16 46639.80000 9.94800000 1440.87000 154.49000 28.66700 111.47400
27 3 21 04 17 46628.80000 9.94800000 1438.58000 154.49000 28.66700 111.47400
27 3 21 04 17 46623.40000 9.94800000 1438.74000 154.49000 28.66700 111.47400
27 3 21 04 18 46641.00000 9.94800000 1438.74000 154.49000 28.66700 111.47400
27 3 21 04 18 46637.10000 9.94800000 1439.16000 154.49000 28.66700 111.47400
27 3 21 04 18 46637.10000 9.94800000 1438.33000 154.49000 28.66700 111.47400
27 3 21 04 19 46637.10000 9.94800000 1438.33000 154.49000 28.66700 111.47400
27 3 21 04 19 46634.00000 9.94800000 1438.33000 154.49000 28.66700 111.42900
27 3 21 04 20 46609.00000 9.94800000 1438.33000 154.49000 28.66700 111.42900
27 3 21 04 20 46616.70000 9.94800000 1438.33000 154.49000 28.66700 111.42900
27 3 21 04 21 46652.90000 9.94800000 1438.33000 154.49000 28.66700 111.42900
27 3 21 04 21 46656.20000 9.94800000 1438.33000 154.49000 28.66700 111.42900
27 3 21 04 21 46647.10000 9.94800000 1438.33000 154.49000 28.66700 111.42900
27 3 21 04 22 46642.10000 9.94800000 1438.33000 154.49000 28.66700 111.42900
27 3 21 04 22 46628.20000 9.94800000 1439.59000 154.49000 28.66700 111.42900
27 3 21 04 23 46622.70000 9.94800000 1438.86000 154.49000 28.66700 111.42900
27 3 21 04 23 46632.30000 9.94800000 1439.08000 154.49000 28.66700 111.42900
27 3 21 04 24 46647.50000 9.94800000 1439.08000 154.49000 28.66700 111.42900
27 3 21 04 24 46650.40000 9.94800000 1439.08000 154.49000 28.66700 111.42900
27 3 21 04 24 46650.40000 9.94800000 1439.08000 154.49000 28.66700 111.42900
27 3 21 04 25 46669.60000 9.94800000 1440.48000 154.49000 28.66700 111.42900
27 3 21 04 25 46697.40000 9.94800000 1440.48000 154.49000 28.66700 111.42900
27 3 21 04 26 46708.70000 9.94800000 1440.73000 154.49000 28.66700 111.58300
27 3 21 04 26 46855.60000 9.94800000 1443.42000 154.49000 28.66700 111.58300
27 3 21 04 27 46842.30000 9.94800000 1443.42000 154.49000 28.66700 111.58300
27 3 21 04 27 46786.40000 9.94800000 1443.42000 154.49000 28.66700 111.58300
27 3 21 04 27 46786.40000 9.94800000 1443.48000 154.49000 28.66700 111.58300
27 3 21 04 28 46795.20000 9.94800000 1443.48000 154.49000 28.66700 111.58300
27 3 21 04 28 46835.80000 9.94800000 1443.48000 154.49000 28.66700 111.58300
27 3 21 04 29 46820.20000 9.94800000 1443.37000 154.49000 28.66700 111.58300
27 3 21 04 29 46828.20000 9.94800000 1443.37000 155.03000 28.66700 111.58300
27 3 21 04 29 46844.20000 9.94800000 1443.37000 155.03000 28.66700 111.58300
27 3 21 04 30 46847.00000 9.94800000 1445.48000 155.03000 28.66700 111.58300
27 3 21 04 30 46862.30000 9.94800000 1445.48000 155.03000 28.66700 111.58300
27 3 21 04 31 46811.00000 9.94800000 1445.82000 155.03000 28.78300 111.58300
27 3 21 04 31 46809.70000 9.94800000 1446.48000 155.17000 28.78300 111.58300
27 3 21 04 32 46809.70000 9.94800000 1446.48000 155.17000 28.78300 111.58300
27 3 21 04 32 46790.50000 9.94800000 1446.48000 155.19000 28.78300 111.58300
27 3 21 04 33 46799.60000 9.94800000 1444.23000 155.19000 28.78300 111.58300
27 3 21 04 33 46786.30000 9.94800000 1444.23000 155.19000 28.78300 111.58300
27 3 21 04 33 46769.00000 9.94800000 1443.11000 155.19000 28.78300 111.58300
27 3 21 04 34 46781.10000 9.94800000 1443.66000 155.19000 28.78300 111.32500
27 3 21 04 34 46781.10000 9.94800000 1442.46000 155.19000 28.78300 111.32500
27 3 21 04 35 46781.10000 9.94800000 1441.91000 155.19000 28.78300 111.32500
27 3 21 04 35 46781.00000 9.94800000 1441.91000 155.19000 28.78300 111.32500
27 3 21 04 36 46781.00000 9.94800000 1441.91000 155.19000 28.78300 111.32500
27 3 21 04 36 46781.10000 9.94800000 1441.91000 155.19000 28.78300 111.32500
27 3 21 04 36 46781.00000 9.94800000 1443.37000 155.19000 28.78300 111.32500
27 3 21 04 37 46781.10000 9.94800000 1442.84000 155.19000 28.78300 111.32500
