M=[
25 9 20 19 55 9222.50000 4.96200000 304.51000 39.84000 12.55600 47.92300
25 9 20 19 55 9222.50000 4.96200000 304.79000 39.84000 12.55600 47.92300
25 9 20 19 56 9225.60000 4.96200000 304.72000 39.84000 12.55600 47.92300
25 9 20 19 56 9226.00000 4.96200000 304.69000 39.84000 12.55600 47.92300
25 9 20 19 57 9225.30000 4.96200000 304.80000 39.84000 12.55600 47.92300
25 9 20 19 57 9227.00000 4.96200000 304.80000 39.84000 12.55600 47.92300
25 9 20 19 57 9227.00000 4.96200000 304.77000 39.84000 12.55600 47.92300
25 9 20 19 58 9231.50000 4.96200000 304.79000 39.84000 12.55600 47.92300
25 9 20 19 58 9231.50000 4.96200000 304.88000 39.84000 12.55600 47.92300
25 9 20 19 59 9233.80000 4.96200000 304.88000 39.85000 12.55600 47.92300
25 9 20 19 59 9232.90000 4.96200000 304.81000 39.86000 12.55600 47.92300
25 9 20 20 00 9231.60000 4.96200000 304.79000 39.86000 12.55600 47.92300
25 9 20 20 00 9234.20000 4.96200000 305.25000 39.86000 12.55600 47.92300
25 9 20 20 01 9234.30000 4.96200000 305.25000 39.86000 12.55600 47.92300
25 9 20 20 01 9234.60000 4.96200000 305.25000 39.86000 12.55600 47.92300
25 9 20 20 01 9235.80000 4.96200000 305.26000 39.86000 12.55600 48.00000
25 9 20 20 02 9235.80000 4.94500000 305.48000 39.86000 12.53800 48.00700
25 9 20 20 02 9239.10000 4.94500000 305.43000 39.86000 12.53800 48.00300
25 9 20 20 03 9239.10000 4.94500000 305.43000 39.86000 12.53800 48.09800
25 9 20 20 03 9239.10000 4.94500000 305.44000 39.86000 12.53800 48.09800
25 9 20 20 04 9239.10000 4.94500000 305.83000 39.86000 12.53800 48.09800
25 9 20 20 04 9239.10000 4.94500000 305.55000 39.86000 12.53800 48.09800
25 9 20 20 04 9239.00000 4.94500000 306.20000 39.86000 12.53800 48.09800
25 9 20 20 05 9240.30000 4.94500000 306.39000 39.86000 12.53800 48.09800
25 9 20 20 05 9240.20000 4.94500000 306.37000 39.86000 12.53800 48.17900
25 9 20 20 06 9240.30000 4.94500000 306.37000 39.86000 12.53800 48.17900
25 9 20 20 06 9240.20000 4.94500000 306.28000 39.86000 12.53800 48.17900
25 9 20 20 07 9240.30000 4.94500000 306.48000 39.86000 12.53800 48.17600
25 9 20 20 07 9240.30000 4.94500000 306.48000 39.86000 12.53800 48.17600
25 9 20 20 08 9240.20000 4.94500000 306.36000 39.91000 12.53800 48.20000
25 9 20 20 08 9239.10000 4.94500000 306.29000 39.91000 12.53800 48.18000
25 9 20 20 08 9239.00000 4.94500000 306.30000 39.91000 12.53800 48.11800
25 9 20 20 09 9235.80000 4.94500000 306.29000 39.91000 12.53800 48.11800
25 9 20 20 09 9235.70000 4.94500000 306.03000 39.91000 12.53800 48.11800
25 9 20 20 10 9233.40000 4.94500000 306.03000 39.91000 12.53800 48.11800
25 9 20 20 10 9233.30000 4.94500000 306.03000 39.90000 12.53800 48.11800
25 9 20 20 11 9235.70000 4.94500000 306.13000 39.90000 12.53800 48.11800
25 9 20 20 11 9235.70000 4.94500000 306.13000 39.90000 12.53800 48.11800
25 9 20 20 11 9235.70000 4.94500000 306.30000 39.86000 12.53800 48.11800
25 9 20 20 12 9240.20000 4.94500000 306.49000 39.86000 12.53800 48.11800
25 9 20 20 12 9240.30000 4.94500000 306.59000 39.86000 12.53800 48.11800
25 9 20 20 13 9240.30000 4.94500000 306.70000 39.86000 12.53800 48.11800
25 9 20 20 13 9240.30000 4.94500000 306.50000 39.86000 12.53800 48.11800
25 9 20 20 14 9240.20000 4.94500000 306.50000 39.86000 12.45300 48.12000
25 9 20 20 14 9240.30000 4.94500000 306.24000 39.86000 12.45300 48.12000
25 9 20 20 14 9239.10000 4.94500000 305.91000 39.86000 12.45300 48.12000
25 9 20 20 15 9240.10000 4.94500000 305.91000 39.86000 12.45300 48.12000
25 9 20 20 15 9242.70000 4.97100000 306.40000 39.86000 12.45300 48.12000
25 9 20 20 16 9241.00000 4.97100000 306.30000 39.85000 12.45300 48.12000
25 9 20 20 16 9241.80000 4.97100000 306.30000 39.85000 12.45300 48.12000
25 9 20 20 17 9236.30000 4.97100000 306.10000 39.85000 12.45300 48.12000
25 9 20 20 17 9235.80000 4.97100000 306.10000 39.85000 12.45300 48.11900
25 9 20 20 17 9234.80000 4.97100000 305.88000 39.85000 12.45300 48.11800
25 9 20 20 18 9235.00000 4.97100000 305.88000 39.85000 12.45300 48.11800
25 9 20 20 18 9235.00000 4.97100000 306.04000 39.85000 12.45300 48.11800
25 9 20 20 19 9235.00000 4.97100000 306.06000 39.85000 12.45300 48.11800
25 9 20 20 19 9234.90000 4.97100000 306.29000 39.85000 12.45300 48.11800
25 9 20 20 20 9234.90000 4.97100000 306.30000 39.85000 12.45300 48.11800
25 9 20 20 20 9235.00000 4.97100000 306.61000 39.85000 12.45300 48.11800
25 9 20 20 20 9235.00000 4.97100000 306.61000 39.85000 12.45300 48.11800
25 9 20 20 21 9234.90000 4.97100000 306.59000 39.85000 12.45300 48.11800
25 9 20 20 21 9234.90000 4.97100000 306.15000 39.85000 12.45300 48.11800
25 9 20 20 22 9234.90000 4.97100000 306.11000 39.85000 12.45300 48.11800
25 9 20 20 22 9235.00000 4.97100000 306.05000 39.83000 12.45300 48.11800
25 9 20 20 23 9235.00000 4.97100000 306.40000 39.83000 12.45300 48.11800
25 9 20 20 23 9235.00000 4.97100000 306.41000 39.83000 12.45300 48.11800
25 9 20 20 23 9244.40000 4.97100000 306.78000 39.83000 12.45300 48.11800
25 9 20 20 24 9245.90000 4.97100000 306.88000 39.92000 12.45300 48.11800
25 9 20 20 24 9246.00000 4.97100000 307.24000 39.92000 12.45300 48.11800
25 9 20 20 25 9246.00000 4.97100000 307.30000 39.92000 12.45300 48.11800
25 9 20 20 25 9246.00000 4.97100000 307.32000 39.92000 12.45300 48.11800
25 9 20 20 26 9246.00000 4.97100000 307.47000 39.92000 12.54600 48.11800
25 9 20 20 26 9246.00000 5.01900000 307.76000 39.92000 12.54600 48.08800
25 9 20 20 26 9245.90000 5.01900000 307.77000 39.92000 12.54600 48.08800
25 9 20 20 27 9246.00000 5.01900000 307.70000 39.92000 12.54600 48.08800
25 9 20 20 27 9246.00000 5.01900000 307.70000 39.91000 12.54600 48.08800
25 9 20 20 28 9246.10000 5.01900000 307.71000 39.91000 12.54600 48.08800
25 9 20 20 28 9248.30000 5.01900000 307.70000 39.91000 12.54600 48.08800
25 9 20 20 29 9249.80000 5.01900000 307.71000 39.93000 12.54600 48.08800
25 9 20 20 29 9250.40000 5.01900000 307.70000 39.93000 12.54600 48.08800
25 9 20 20 30 9252.70000 5.01900000 307.42000 39.93000 12.54600 48.08800
25 9 20 20 30 9253.90000 4.99100000 307.75000 39.95000 12.54600 48.08800
25 9 20 20 30 9253.90000 4.99100000 307.73000 39.95000 12.54600 48.08800
25 9 20 20 31 9253.90000 4.99100000 307.74000 39.95000 12.54600 48.08800
25 9 20 20 31 9255.30000 4.99100000 307.79000 39.95000 12.54600 48.08800
25 9 20 20 32 9257.00000 4.97900000 307.79000 39.95000 12.54600 48.08800
25 9 20 20 32 9260.80000 4.96600000 307.77000 39.95000 12.54600 48.12000
25 9 20 20 33 9260.80000 4.96200000 307.71000 39.95000 12.54600 48.12000
25 9 20 20 33 9253.70000 4.96200000 307.48000 39.95000 12.54600 48.12000
25 9 20 20 33 9250.50000 4.96200000 307.22000 39.95000 12.54600 48.12000
25 9 20 20 34 9248.40000 4.96200000 307.05000 39.95000 12.54600 48.12000
25 9 20 20 34 9246.00000 5.00800000 306.87000 39.95000 12.54600 48.12000
25 9 20 20 35 9246.00000 5.00800000 306.90000 39.87000 12.54600 48.12000
25 9 20 20 35 9246.00000 5.00800000 306.90000 39.87000 12.54600 48.12000
25 9 20 20 36 9237.10000 5.00800000 306.82000 39.87000 12.54600 48.12000
25 9 20 20 36 9233.20000 5.00800000 306.81000 39.87000 12.54600 48.12000
25 9 20 20 36 9230.70000 5.00800000 306.80000 39.87000 12.54600 48.12000
25 9 20 20 37 9230.20000 5.00800000 306.65000 39.87000 12.54600 48.12000
25 9 20 20 37 9230.20000 5.00800000 306.65000 39.84000 12.54600 48.12000
25 9 20 20 38 9232.30000 5.00800000 306.55000 39.84000 12.54600 48.12000
25 9 20 20 38 9231.60000 5.00800000 306.46000 39.83000 12.54600 48.12000
25 9 20 20 39 9228.70000 4.99800000 306.38000 39.83000 12.54600 48.12000
25 9 20 20 39 9226.90000 4.99900000 306.22000 39.83000 12.54600 48.12000
25 9 20 20 40 9228.20000 4.99900000 306.20000 39.83000 12.54600 48.12000
25 9 20 20 40 9227.00000 4.99900000 306.20000 39.83000 12.54600 48.12000
25 9 20 20 40 9236.20000 4.99900000 306.65000 39.83000 12.54600 48.12000
25 9 20 20 41 9237.80000 4.99900000 306.61000 39.83000 12.54600 48.12000
25 9 20 20 41 9235.00000 4.99900000 306.49000 39.83000 12.54600 48.12000
25 9 20 20 42 9234.40000 4.99900000 306.24000 39.83000 12.54600 48.12000
