M=[
 5 6 21 03 53 30904.70000 54.79400000 2277.80000 150.63000 24.40900 130.12900
 5 6 21 03 54 30916.50000 54.79400000 2277.80000 150.67000 24.40900 130.12900
 5 6 21 03 54 30928.70000 54.79400000 2279.10000 150.67000 24.40900 130.12900
 5 6 21 03 55 30936.40000 54.79400000 2279.10000 150.70000 24.40900 130.12900
 5 6 21 03 55 30911.90000 54.81900000 2279.10000 150.70000 24.40900 130.12900
 5 6 21 03 56 30915.90000 54.81900000 2279.40000 150.56000 24.40900 130.12900
 5 6 21 03 56 30915.90000 54.81900000 2280.37000 150.56000 24.40900 130.12900
 5 6 21 03 56 30925.90000 54.81900000 2281.68000 150.56000 24.40900 130.12900
 5 6 21 03 57 30900.20000 54.81900000 2278.32000 150.32000 24.40900 130.12900
 5 6 21 03 57 30866.80000 54.81900000 2276.23000 150.07000 24.40900 130.12900
 5 6 21 03 58 30885.40000 54.81900000 2279.11000 150.07000 24.40900 130.12900
 5 6 21 03 58 30884.20000 54.81900000 2279.06000 150.07000 24.40900 130.12900
 5 6 21 03 59 30880.50000 54.81900000 2279.07000 150.07000 24.40900 130.12900
 5 6 21 03 59 30876.20000 54.81900000 2279.24000 150.07000 24.40900 130.12900
 5 6 21 03 59 30886.80000 54.81900000 2279.56000 150.07000 24.40900 130.12900
 5 6 21 04 00 30930.30000 54.76000000 2285.00000 150.56000 24.40900 130.12900
 5 6 21 04 00 30939.90000 54.81100000 2286.43000 150.52000 24.40900 130.12900
 5 6 21 04 01 30979.50000 54.81100000 2290.00000 150.64000 24.40900 130.44500
 5 6 21 04 01 30977.80000 54.81100000 2290.00000 150.79000 24.40900 130.44500
 5 6 21 04 02 30984.80000 54.81100000 2290.00000 150.79000 24.40900 130.44500
 5 6 21 04 02 31016.40000 55.07100000 2292.99000 151.02000 24.40900 130.44500
 5 6 21 04 03 31050.00000 55.07100000 2295.13000 151.12000 24.40900 130.44500
 5 6 21 04 03 31035.40000 55.07100000 2295.13000 151.12000 24.40900 130.44500
 5 6 21 04 03 31001.60000 55.07100000 2293.70000 151.02000 24.40900 130.44500
 5 6 21 04 04 31025.30000 55.07100000 2293.70000 151.02000 24.40900 130.44500
 5 6 21 04 04 31027.80000 55.07100000 2293.70000 151.04000 24.40900 130.44500
 5 6 21 04 05 31020.80000 55.07100000 2295.14000 151.04000 24.40900 130.44500
 5 6 21 04 05 31004.20000 55.07100000 2292.65000 151.04000 24.40900 130.44500
 5 6 21 04 06 31016.20000 55.07100000 2292.65000 151.04000 24.40900 130.44500
 5 6 21 04 06 31003.50000 55.07100000 2292.65000 151.04000 24.40900 130.44500
 5 6 21 04 06 31008.60000 55.07100000 2292.65000 150.73000 24.40900 130.44500
 5 6 21 04 07 31030.30000 55.07100000 2290.71000 150.59000 24.40900 130.44500
 5 6 21 04 07 31033.60000 55.07100000 2290.71000 150.59000 24.40900 130.44500
 5 6 21 04 08 31050.20000 55.07100000 2290.71000 150.59000 24.40900 130.44500
 5 6 21 04 08 31054.80000 55.07100000 2292.94000 150.70000 24.40900 130.44500
 5 6 21 04 09 31071.50000 55.07100000 2292.94000 150.71000 24.40900 130.44500
 5 6 21 04 09 31082.30000 55.07100000 2292.94000 150.71000 24.40900 130.44500
 5 6 21 04 09 31073.10000 55.07100000 2292.94000 150.87000 24.40900 130.44500
 5 6 21 04 10 31050.70000 55.07100000 2292.95000 150.87000 24.40900 130.44500
 5 6 21 04 10 31066.50000 55.07100000 2292.95000 150.87000 24.40900 130.44500
 5 6 21 04 11 31076.90000 55.07100000 2292.82000 150.95000 24.40900 130.72500
 5 6 21 04 11 31009.40000 55.07100000 2289.82000 150.95000 24.40900 130.72500
 5 6 21 04 12 31011.20000 55.07100000 2288.63000 150.95000 24.57600 130.72500
 5 6 21 04 12 31010.70000 55.07100000 2290.14000 150.95000 24.57600 130.72500
 5 6 21 04 12 31009.00000 55.07100000 2289.72000 150.95000 24.57600 130.72500
 5 6 21 04 13 31014.40000 55.07100000 2289.72000 150.95000 24.57600 130.72500
 5 6 21 04 13 31010.60000 55.07100000 2289.35000 150.95000 24.57600 130.72500
 5 6 21 04 14 31019.70000 55.07100000 2289.08000 150.96000 24.61500 130.72500
 5 6 21 04 14 31001.90000 55.07100000 2288.64000 150.96000 24.61500 130.72500
 5 6 21 04 15 31006.20000 55.07100000 2288.20000 150.96000 24.61500 130.72500
 5 6 21 04 15 30962.90000 55.07100000 2285.20000 150.73000 24.61500 130.72500
 5 6 21 04 15 30963.70000 55.07100000 2285.20000 150.73000 24.61500 130.72500
 5 6 21 04 16 30970.40000 55.07100000 2285.20000 150.73000 24.61500 130.72500
 5 6 21 04 16 30936.10000 55.07100000 2285.89000 150.73000 24.61500 130.72500
 5 6 21 04 17 30936.10000 55.07100000 2283.80000 150.73000 24.61500 130.72500
 5 6 21 04 17 30932.30000 55.07100000 2280.51000 150.73000 24.61500 130.72500
 5 6 21 04 18 30952.20000 55.07100000 2281.15000 150.73000 24.61500 130.72500
 5 6 21 04 18 30964.30000 55.07100000 2283.45000 150.73000 24.61500 130.72500
 5 6 21 04 18 30968.40000 55.07100000 2283.46000 150.73000 24.61500 130.72500
 5 6 21 04 19 30968.40000 55.07100000 2283.46000 150.73000 24.61500 130.72500
 5 6 21 04 19 30985.10000 55.07100000 2284.80000 150.73000 24.61500 130.72500
 5 6 21 04 20 31007.30000 55.07100000 2286.01000 150.72000 24.61500 130.72500
 5 6 21 04 20 30978.70000 55.07100000 2286.01000 150.62000 24.61500 130.72500
 5 6 21 04 21 30983.70000 55.07100000 2286.01000 150.62000 24.61500 130.72500
 5 6 21 04 21 30986.90000 55.07100000 2287.12000 150.57000 24.61500 130.72500
 5 6 21 04 21 30987.00000 55.07100000 2287.30000 150.65000 24.61500 130.72500
 5 6 21 04 22 30991.70000 55.07100000 2288.20000 150.63000 24.61500 130.72500
 5 6 21 04 22 30994.20000 55.07100000 2290.49000 150.63000 24.61500 130.72500
 5 6 21 04 23 30978.50000 55.07100000 2290.49000 150.63000 24.61500 130.72500
 5 6 21 04 23 30964.20000 55.07100000 2290.24000 150.63000 24.61500 130.72500
 5 6 21 04 24 30966.70000 55.07100000 2286.57000 150.63000 24.61500 130.72500
 5 6 21 04 24 30966.60000 55.07100000 2286.57000 150.63000 24.61500 130.72500
 5 6 21 04 24 30968.00000 55.07100000 2287.09000 150.63000 24.61500 130.72500
 5 6 21 04 25 30951.00000 55.07100000 2287.09000 150.63000 24.61500 130.72500
 5 6 21 04 25 30944.30000 55.07100000 2284.03000 150.59000 24.61500 130.72500
 5 6 21 04 26 30922.70000 54.80300000 2283.20000 150.60000 24.61500 130.72500
 5 6 21 04 26 30903.50000 54.80300000 2280.60000 150.44000 24.61500 130.72500
 5 6 21 04 27 30903.80000 54.80300000 2280.60000 150.44000 24.61500 130.72500
 5 6 21 04 27 30924.60000 54.80300000 2282.85000 150.44000 24.61500 130.72500
 5 6 21 04 27 30929.00000 54.80300000 2282.85000 150.44000 24.61500 130.57400
 5 6 21 04 28 30927.20000 54.80300000 2283.31000 150.44000 24.61500 130.57400
 5 6 21 04 28 30933.40000 54.80300000 2283.31000 150.44000 24.61500 130.57400
 5 6 21 04 29 30945.90000 54.80300000 2285.30000 150.82000 24.61500 130.57400
 5 6 21 04 29 30947.50000 54.80300000 2287.03000 150.82000 24.61500 130.57400
 5 6 21 04 30 30950.10000 54.80300000 2287.03000 150.82000 24.61500 130.57400
 5 6 21 04 30 30919.90000 54.80300000 2281.09000 150.82000 24.61500 130.57400
 5 6 21 04 30 30923.40000 54.80300000 2280.06000 150.82000 24.61500 130.57400
 5 6 21 04 31 30929.70000 54.80300000 2281.62000 150.82000 24.61500 130.57400
 5 6 21 04 31 30938.20000 54.80300000 2285.11000 150.82000 24.61500 130.57400
 5 6 21 04 32 30957.20000 54.80300000 2285.11000 150.82000 24.61500 130.57400
 5 6 21 04 32 30957.60000 54.80300000 2285.11000 150.82000 24.61500 130.57400
 5 6 21 04 33 30957.20000 54.80300000 2284.00000 150.82000 24.61500 130.57400
 5 6 21 04 33 30968.60000 54.80300000 2284.00000 150.82000 24.61500 130.57400
 5 6 21 04 33 30969.30000 54.80300000 2284.00000 150.82000 24.61500 130.57400
 5 6 21 04 34 30985.10000 54.80300000 2284.00000 150.82000 24.61500 130.57400
 5 6 21 04 34 30994.50000 54.80300000 2287.00000 150.82000 24.61500 130.53800
 5 6 21 04 35 30977.60000 54.80300000 2287.00000 150.82000 24.61500 130.53800
 5 6 21 04 35 30977.60000 54.80300000 2287.00000 150.82000 24.61500 130.53800
 5 6 21 04 36 30993.70000 54.80300000 2289.71000 150.86000 24.61500 130.53800
 5 6 21 04 36 30980.50000 54.80300000 2288.99000 150.86000 24.61500 130.53800
 5 6 21 04 36 30986.80000 54.80300000 2289.65000 150.86000 24.61500 130.53800
 5 6 21 04 37 30984.70000 54.80300000 2289.60000 150.86000 24.61500 130.53800
