M=[
 7 6 21 06 18 29833.80000 53.02400000 2290.91000 147.68000 23.97900 125.08200
 7 6 21 06 18 29833.80000 53.02400000 2290.90000 147.68000 23.97900 125.08200
 7 6 21 06 19 29849.60000 53.02400000 2290.90000 147.68000 23.97900 125.08200
 7 6 21 06 19 29847.10000 53.02400000 2290.91000 147.68000 23.97900 125.08200
 7 6 21 06 20 29868.70000 53.02400000 2293.99000 147.68000 23.93500 125.08200
 7 6 21 06 20 29863.40000 53.02400000 2292.89000 147.68000 23.93500 125.08200
 7 6 21 06 20 29861.60000 53.02400000 2292.89000 147.68000 23.93500 125.08200
 7 6 21 06 21 29861.60000 53.02400000 2291.36000 147.68000 23.93500 125.08200
 7 6 21 06 21 29861.50000 53.02400000 2293.01000 147.74000 23.93500 125.08200
 7 6 21 06 22 29869.20000 53.02400000 2293.94000 147.87000 23.93500 125.08200
 7 6 21 06 22 29871.00000 53.02400000 2293.95000 147.87000 23.93500 125.08200
 7 6 21 06 23 29874.10000 53.02400000 2293.95000 147.87000 23.93500 125.08200
 7 6 21 06 23 29869.20000 53.07000000 2294.37000 147.87000 23.93500 125.08200
 7 6 21 06 23 29870.10000 53.07000000 2294.12000 147.87000 23.93500 125.08200
 7 6 21 06 24 29873.10000 52.99300000 2294.37000 147.84000 23.93500 125.08200
 7 6 21 06 24 29871.90000 52.99300000 2294.09000 147.84000 23.93500 125.08200
 7 6 21 06 25 29870.70000 52.99300000 2293.83000 147.79000 23.93500 125.08200
 7 6 21 06 25 29869.40000 52.99300000 2294.36000 147.79000 23.93500 125.08200
 7 6 21 06 26 29836.50000 52.99300000 2291.82000 147.79000 23.93500 125.08200
 7 6 21 06 26 29836.60000 52.99300000 2291.90000 147.79000 23.93500 125.08200
 7 6 21 06 26 29836.60000 52.99300000 2291.75000 147.79000 23.93500 125.08200
 7 6 21 06 27 29828.40000 52.99300000 2290.02000 147.79000 23.93500 125.08200
 7 6 21 06 27 29821.40000 52.99300000 2290.00000 147.79000 23.93500 125.08200
 7 6 21 06 28 29810.70000 52.92200000 2287.82000 147.66000 23.93500 125.08200
 7 6 21 06 28 29810.80000 52.92200000 2285.51000 147.66000 23.93500 125.08200
 7 6 21 06 29 29810.80000 52.92200000 2286.26000 147.66000 23.93500 125.08200
 7 6 21 06 29 29780.00000 52.92200000 2286.03000 147.39000 23.93500 125.08200
 7 6 21 06 29 29791.60000 52.92200000 2283.36000 147.39000 23.93500 125.08200
 7 6 21 06 30 29801.40000 52.92200000 2285.08000 147.39000 23.93500 125.08200
 7 6 21 06 30 29792.40000 52.92200000 2288.02000 147.47000 23.93500 125.08200
 7 6 21 06 31 29756.50000 52.92200000 2282.49000 147.35000 23.93500 125.08200
 7 6 21 06 31 29755.30000 52.92200000 2282.42000 147.28000 23.93500 125.08200
 7 6 21 06 32 29755.30000 52.92200000 2283.86000 147.28000 23.93500 125.08200
 7 6 21 06 32 29778.70000 52.92200000 2284.79000 147.34000 23.93500 125.08200
 7 6 21 06 32 29781.30000 52.92200000 2286.19000 147.36000 23.93500 125.08200
 7 6 21 06 33 29799.60000 52.92200000 2286.86000 147.36000 23.93500 125.08200
 7 6 21 06 33 29804.00000 52.92200000 2286.49000 147.60000 23.93500 125.08200
 7 6 21 06 34 29797.40000 52.92200000 2286.47000 147.53000 23.93500 125.08200
 7 6 21 06 34 29798.40000 52.92200000 2286.47000 147.53000 23.93500 125.08200
 7 6 21 06 35 29808.90000 52.92200000 2287.00000 147.53000 23.93500 125.08200
 7 6 21 06 35 29819.70000 52.92200000 2286.61000 147.59000 23.93500 125.08200
 7 6 21 06 35 29809.00000 52.92200000 2286.41000 147.59000 23.93500 125.08200
 7 6 21 06 36 29786.50000 52.92200000 2284.91000 147.42000 23.93500 125.08200
 7 6 21 06 36 29791.50000 52.92200000 2284.71000 147.49000 23.93500 125.08200
 7 6 21 06 37 29778.00000 52.92200000 2284.71000 147.49000 23.93500 125.08200
 7 6 21 06 37 29771.90000 52.92200000 2283.94000 147.40000 23.93500 125.08200
 7 6 21 06 38 29755.40000 52.92200000 2282.39000 147.39000 23.93500 125.08200
 7 6 21 06 38 29780.00000 52.92200000 2283.71000 147.35000 23.93500 125.08200
 7 6 21 06 38 29786.00000 52.92200000 2283.71000 147.35000 23.93500 125.08200
 7 6 21 06 39 29791.00000 52.92200000 2284.05000 147.35000 23.93500 125.08200
 7 6 21 06 39 29819.70000 52.92200000 2285.89000 147.45000 23.93500 125.08200
 7 6 21 06 40 29802.30000 52.91300000 2285.14000 147.45000 23.93500 125.08200
 7 6 21 06 40 29799.50000 52.91300000 2283.62000 147.35000 23.93500 125.08200
 7 6 21 06 41 29799.40000 52.91300000 2283.42000 147.35000 23.93500 125.08200
 7 6 21 06 41 29791.10000 52.91300000 2283.43000 147.35000 23.93500 125.08200
 7 6 21 06 41 29794.80000 52.91300000 2283.42000 147.34000 23.93500 125.08200
 7 6 21 06 42 29791.60000 52.91300000 2283.43000 147.34000 23.93500 125.08200
 7 6 21 06 42 29777.10000 52.91300000 2281.65000 147.28000 23.93500 125.08200
 7 6 21 06 43 29777.40000 52.88200000 2281.68000 147.27000 23.93500 125.08200
 7 6 21 06 43 29759.60000 52.88200000 2278.50000 147.27000 23.93500 125.08200
 7 6 21 06 44 29759.40000 52.88200000 2279.52000 147.01000 23.93500 125.08200
 7 6 21 06 44 29760.00000 52.88200000 2281.30000 147.05000 23.93500 125.08200
 7 6 21 06 45 29759.70000 52.88200000 2280.35000 146.98000 23.93500 125.08200
 7 6 21 06 45 29755.40000 52.88200000 2283.06000 146.98000 23.93500 125.08200
 7 6 21 06 45 29765.90000 52.88200000 2280.68000 146.98000 23.93500 125.08200
 7 6 21 06 46 29765.90000 52.87700000 2280.00000 146.98000 23.93500 125.08200
 7 6 21 06 46 29722.10000 52.87700000 2277.20000 146.87000 23.93500 125.08200
 7 6 21 06 47 29726.80000 52.87700000 2274.00000 146.80000 23.93500 124.70000
 7 6 21 06 47 29749.90000 52.87700000 2277.53000 146.96000 23.93500 124.70000
 7 6 21 06 48 29760.50000 52.87700000 2278.28000 146.99000 23.93500 124.70000
 7 6 21 06 48 29764.30000 52.76200000 2278.02000 146.92000 23.93500 124.69600
 7 6 21 06 48 29764.30000 52.76200000 2278.86000 147.03000 23.93500 124.69600
 7 6 21 06 49 29764.20000 52.76200000 2278.43000 147.03000 23.93500 124.69600
 7 6 21 06 49 29764.20000 52.76200000 2277.73000 147.02000 23.93500 124.69600
 7 6 21 06 50 29778.10000 52.76200000 2278.36000 146.98000 23.93500 124.69600
 7 6 21 06 50 29778.10000 52.76200000 2280.51000 147.03000 23.93500 124.69600
 7 6 21 06 51 29778.10000 52.76200000 2278.23000 146.99000 23.93500 124.69600
 7 6 21 06 51 29726.70000 52.76200000 2275.02000 146.99000 23.93500 124.69600
 7 6 21 06 51 29732.50000 52.76200000 2275.02000 146.90000 23.93500 124.69600
 7 6 21 06 52 29734.80000 52.76200000 2276.38000 146.90000 23.93500 124.69600
 7 6 21 06 52 29730.10000 52.78000000 2276.53000 146.83000 23.93500 124.69600
 7 6 21 06 53 29749.80000 52.78000000 2277.38000 146.88000 23.93500 124.69600
 7 6 21 06 53 29750.90000 52.78000000 2279.03000 146.97000 23.93500 124.69600
 7 6 21 06 54 29751.30000 52.78000000 2279.03000 146.91000 23.93500 124.48200
 7 6 21 06 54 29771.70000 52.78000000 2279.03000 146.91000 23.93500 124.70600
 7 6 21 06 54 29772.60000 52.78000000 2279.79000 146.98000 23.93500 124.70600
 7 6 21 06 55 29774.60000 52.78000000 2280.34000 147.05000 23.93500 124.70600
 7 6 21 06 55 29774.50000 52.78000000 2280.31000 146.94000 23.93500 124.70600
 7 6 21 06 56 29771.70000 52.78000000 2278.04000 146.87000 23.93500 124.70600
 7 6 21 06 56 29760.50000 52.78000000 2278.41000 146.91000 23.93500 124.70600
 7 6 21 06 57 29760.40000 52.78000000 2278.41000 146.92000 23.93500 124.70600
 7 6 21 06 57 29751.00000 52.78000000 2276.94000 146.83000 23.93500 124.70600
 7 6 21 06 57 29751.00000 52.78000000 2278.23000 146.84000 23.93500 124.70600
 7 6 21 06 58 29741.50000 52.78000000 2278.90000 146.89000 23.83700 124.70600
 7 6 21 06 58 29736.30000 52.78000000 2276.35000 146.84000 23.83700 124.70600
 7 6 21 06 59 29730.20000 52.78000000 2275.09000 146.84000 23.83700 124.53600
 7 6 21 06 59 29733.20000 52.78000000 2275.64000 146.70000 23.83700 124.53600
 7 6 21 07 00 29733.20000 52.78000000 2275.37000 146.70000 23.83700 124.53600
 7 6 21 07 00 29730.20000 52.78000000 2275.62000 146.75000 23.83700 124.53600
 7 6 21 07 00 29658.10000 52.74000000 2269.16000 146.55000 23.83700 124.53600
 7 6 21 07 01 29645.20000 52.60500000 2265.00000 146.55000 23.83700 124.27300
 7 6 21 07 01 29658.20000 52.60500000 2264.99000 146.55000 23.86600 124.27300
