M=[
 4 5 21 13 19 46634.30000 49.72300000 2895.41000 268.27000 34.50500 211.10000
 4 5 21 13 20 46622.10000 49.98300000 2895.87000 268.18000 34.50800 211.10000
 4 5 21 13 20 46602.80000 49.99500000 2893.13000 267.72000 34.50800 211.20600
 4 5 21 13 20 46632.10000 50.27500000 2896.00000 268.18000 34.50800 211.26500
 4 5 21 13 21 46632.20000 50.07700000 2895.79000 268.14000 34.50800 211.26500
 4 5 21 13 21 46650.50000 50.20400000 2897.01000 268.07000 34.50800 211.26500
 4 5 21 13 22 46652.20000 49.67200000 2898.00000 268.05000 34.50800 211.26500
 4 5 21 13 22 46668.60000 49.98700000 2907.00000 267.94000 34.50800 211.75900
 4 5 21 13 23 46690.90000 49.77700000 2912.25000 268.27000 34.50800 211.75900
 4 5 21 13 23 46680.30000 49.92100000 2914.57000 268.19000 34.50800 211.79900
 4 5 21 13 23 46646.50000 50.04900000 2913.15000 267.71000 34.50800 211.79900
 4 5 21 13 24 46636.10000 50.05200000 2912.03000 267.19000 34.56900 212.00600
 4 5 21 13 24 46600.00000 49.66900000 2910.88000 266.36000 34.56900 212.09800
 4 5 21 13 25 46598.60000 49.78300000 2911.78000 267.00000 34.56900 212.09800
 4 5 21 13 25 46598.50000 49.85000000 2911.97000 266.88000 34.56900 212.09800
 4 5 21 13 26 46598.40000 49.84800000 2915.00000 266.86000 34.56900 212.09800
 4 5 21 13 26 46576.40000 50.32900000 2920.23000 267.73000 34.56900 212.09800
 4 5 21 13 26 46572.00000 50.09700000 2922.03000 267.49000 34.56900 212.09800
 4 5 21 13 27 46560.10000 49.95900000 2923.94000 267.29000 34.56900 211.41500
 4 5 21 13 27 46522.00000 49.87200000 2918.88000 266.54000 34.42500 211.30000
 4 5 21 13 28 46504.90000 49.71600000 2913.59000 265.85000 34.42500 210.32400
 4 5 21 13 28 46559.90000 49.86900000 2917.25000 267.15000 34.42500 210.32400
 4 5 21 13 29 46530.30000 49.86900000 2919.48000 267.35000 34.42500 210.32400
 4 5 21 13 29 46526.20000 50.04300000 2922.00000 266.82000 34.42500 210.32400
 4 5 21 13 29 46527.50000 50.04200000 2924.99000 267.00000 34.42500 210.05600
 4 5 21 13 30 46528.50000 50.04300000 2921.76000 265.63000 34.42500 210.28000
 4 5 21 13 30 46526.00000 50.04400000 2923.14000 265.54000 34.42500 210.28000
 4 5 21 13 31 46500.10000 49.95500000 2920.04000 264.60000 34.42500 209.53000
 4 5 21 13 31 46545.90000 50.13800000 2922.10000 264.96000 34.42500 209.64500
 4 5 21 13 32 46561.50000 50.34200000 2924.99000 266.05000 34.42500 209.64500
 4 5 21 13 32 46544.10000 50.39000000 2930.99000 266.28000 34.32500 209.80300
 4 5 21 13 32 46544.10000 50.31100000 2934.02000 266.28000 34.32500 209.80300
 4 5 21 13 33 46519.80000 50.54700000 2936.37000 266.46000 34.32500 209.92300
 4 5 21 13 33 46500.00000 50.37100000 2933.92000 265.98000 34.32500 209.92300
 4 5 21 13 34 46450.10000 50.10000000 2927.66000 265.89000 34.32500 209.45600
 4 5 21 13 34 46450.10000 50.05700000 2924.50000 266.14000 34.32500 209.45600
 4 5 21 13 35 46450.10000 49.95100000 2924.02000 266.10000 34.32500 209.45600
 4 5 21 13 35 46463.10000 49.77200000 2923.47000 265.87000 34.32500 209.13900
 4 5 21 13 35 46431.10000 49.64000000 2918.24000 264.97000 34.32500 209.04400
 4 5 21 13 36 46448.00000 49.69500000 2918.79000 265.02000 34.32500 208.95400
 4 5 21 13 36 46450.00000 49.90800000 2916.57000 264.92000 34.32500 208.54500
 4 5 21 13 37 46450.00000 49.95000000 2916.00000 264.78000 34.32500 208.54500
 4 5 21 13 37 46450.00000 49.98500000 2919.13000 264.68000 34.32500 208.54500
 4 5 21 13 38 46455.80000 49.96600000 2919.09000 264.44000 34.33200 208.54500
 4 5 21 13 38 46422.80000 49.95100000 2913.55000 264.12000 34.33200 208.61400
 4 5 21 13 38 46378.80000 49.71100000 2911.45000 263.60000 34.33200 207.50300
 4 5 21 13 39 46418.60000 49.83700000 2916.70000 264.35000 34.33200 207.50300
 4 5 21 13 39 46394.50000 49.84700000 2915.34000 263.80000 34.33200 207.50300
 4 5 21 13 40 46420.10000 49.72600000 2917.66000 264.55000 34.33200 207.50300
 4 5 21 13 40 46420.00000 49.85400000 2917.04000 265.17000 34.33200 207.50300
 4 5 21 13 41 46380.00000 50.03000000 2913.50000 263.50000 34.42800 207.50300
 4 5 21 13 41 46357.70000 49.79100000 2910.71000 263.41000 34.42800 207.50300
 4 5 21 13 41 46283.20000 49.75600000 2910.02000 262.78000 34.42800 207.50300
 4 5 21 13 42 46287.00000 49.88100000 2910.38000 262.89000 34.42800 207.36900
 4 5 21 13 42 46297.60000 49.80300000 2910.42000 262.53000 34.42800 207.36900
 4 5 21 13 43 46294.20000 49.95000000 2910.53000 262.85000 34.42800 207.36900
 4 5 21 13 43 46359.90000 49.85300000 2916.17000 263.79000 34.42800 207.36900
 4 5 21 13 44 46360.00000 50.04300000 2914.70000 264.02000 34.31800 207.36900
 4 5 21 13 44 46304.30000 49.97600000 2913.31000 264.02000 34.31800 207.36900
 4 5 21 13 44 46308.10000 49.94900000 2915.21000 263.87000 34.31800 207.36900
 4 5 21 13 45 46286.80000 49.75300000 2911.51000 264.25000 34.31800 207.54300
 4 5 21 13 45 46304.70000 49.90700000 2911.02000 263.62000 34.31800 207.54300
 4 5 21 13 46 46282.20000 49.91300000 2907.01000 263.05000 34.31800 207.54300
 4 5 21 13 46 46284.90000 50.10800000 2900.15000 262.24000 34.31800 207.54300
 4 5 21 13 47 46285.10000 50.16900000 2900.02000 262.44000 34.31800 207.54300
 4 5 21 13 47 46285.00000 50.49900000 2896.22000 262.37000 34.28400 207.12500
 4 5 21 13 47 46301.00000 51.00000000 2893.33000 261.68000 34.28400 207.12500
 4 5 21 13 48 46285.00000 51.32800000 2894.99000 262.30000 34.27000 207.12500
 4 5 21 13 48 46298.60000 51.51800000 2899.20000 262.44000 34.27000 207.12500
 4 5 21 13 49 46285.00000 51.99900000 2897.01000 263.00000 34.27000 207.12500
 4 5 21 13 49 46255.60000 51.70300000 2887.12000 263.13000 34.27000 207.12500
 4 5 21 13 50 46250.00000 51.72500000 2889.03000 263.38000 34.27000 207.12500
 4 5 21 13 50 46148.80000 51.69700000 2886.67000 262.83000 34.27000 207.12500
 4 5 21 13 50 46072.30000 51.64200000 2876.19000 262.16000 34.27000 207.06200
 4 5 21 13 51 46086.10000 51.74000000 2885.42000 262.50000 34.27000 207.06200
 4 5 21 13 51 46150.00000 52.20700000 2889.20000 263.22000 34.27000 207.06200
 4 5 21 13 52 46136.90000 52.06700000 2888.54000 263.51000 34.27000 207.24900
 4 5 21 13 52 46110.50000 51.82400000 2888.77000 263.26000 34.27000 207.26300
 4 5 21 13 53 46119.90000 51.70700000 2892.00000 263.92000 34.27000 207.26300
 4 5 21 13 53 46165.40000 51.83000000 2892.96000 264.79000 34.27000 207.26300
 4 5 21 13 53 46195.40000 51.77600000 2896.89000 265.56000 34.27000 207.90600
 4 5 21 13 54 46198.90000 51.86200000 2898.96000 265.43000 34.27000 208.25000
 4 5 21 13 54 46196.00000 51.94600000 2897.96000 265.26000 34.27000 208.25000
 4 5 21 13 55 46177.90000 52.44100000 2899.47000 266.17000 34.27000 208.25000
 4 5 21 13 55 46182.20000 52.81600000 2901.20000 266.37000 34.27000 208.25000
 4 5 21 13 56 46182.70000 52.59900000 2902.09000 266.63000 34.23000 209.53100
 4 5 21 13 56 46170.30000 52.79900000 2900.00000 266.70000 34.23000 209.53600
 4 5 21 13 57 46170.30000 52.95800000 2897.17000 267.26000 34.23000 209.53600
 4 5 21 13 57 46170.10000 53.00000000 2899.63000 268.27000 34.23000 209.55800
 4 5 21 13 57 46133.80000 53.53100000 2898.04000 268.80000 34.23000 209.55800
 4 5 21 13 58 46100.00000 53.43400000 2891.96000 268.36000 34.23000 209.89800
 4 5 21 13 58 46105.50000 53.40100000 2891.48000 268.98000 34.23000 209.43500
 4 5 21 13 59 46111.30000 53.32100000 2891.51000 268.96000 34.23000 209.43500
 4 5 21 13 59 46117.90000 53.27600000 2891.98000 268.26000 34.23000 209.43500
 4 5 21 13 59 46156.30000 53.06200000 2894.26000 268.63000 34.23000 210.61200
 4 5 21 14 00 46239.50000 53.61800000 2904.91000 269.54000 34.23000 211.70000
 4 5 21 14 00 46255.00000 53.79000000 2907.62000 269.99000 34.23000 211.70000
 4 5 21 14 01 46191.90000 53.84300000 2906.71000 270.10000 34.23000 211.92400
 4 5 21 14 01 46138.60000 53.65400000 2899.86000 269.40000 34.23000 212.00000
 4 5 21 14 02 46102.50000 54.29200000 2896.31000 269.64000 34.23000 211.76100
 4 5 21 14 02 46240.30000 54.40000000 2903.00000 270.58000 34.16500 212.14300
 4 5 21 14 02 46230.30000 54.04100000 2902.45000 270.58000 34.16500 212.90000
