M=[
11 2 21 16 38 39202.90000 9.27700000 1476.66000 152.90000 22.43400 118.10200
11 2 21 16 39 39202.90000 9.21200000 1474.93000 152.70000 22.43400 118.19900
11 2 21 16 39 39218.00000 9.21200000 1476.99000 152.85000 22.43400 118.62300
11 2 21 16 40 39217.30000 9.21700000 1476.35000 152.95000 22.43200 118.23300
11 2 21 16 40 39219.90000 9.21700000 1476.98000 152.95000 22.43200 118.23300
11 2 21 16 40 39223.60000 9.21700000 1476.95000 153.20000 22.43200 118.96900
11 2 21 16 41 39203.10000 9.15700000 1476.99000 152.97000 22.43200 118.93200
11 2 21 16 41 39196.10000 9.21500000 1476.97000 152.97000 22.43200 119.53500
11 2 21 16 42 39223.20000 9.21500000 1477.00000 153.31000 22.56200 120.02800
11 2 21 16 42 39203.10000 9.21500000 1477.00000 153.28000 22.56200 119.46300
11 2 21 16 43 39205.70000 9.21500000 1476.82000 153.28000 22.56200 119.73900
11 2 21 16 43 39194.60000 9.21100000 1476.44000 153.28000 22.56200 119.83700
11 2 21 16 43 39221.30000 9.21100000 1476.76000 153.28000 22.56200 119.88900
11 2 21 16 44 39218.80000 9.22800000 1476.72000 153.61000 22.56200 119.40000
11 2 21 16 44 39205.30000 9.35100000 1476.67000 153.43000 22.56200 119.76600
11 2 21 16 45 39219.20000 9.35100000 1476.09000 153.66000 22.56200 120.05900
11 2 21 16 45 39198.00000 9.35100000 1476.56000 153.58000 22.56200 120.11500
11 2 21 16 46 39219.20000 9.35100000 1476.55000 153.86000 22.56200 120.48300
11 2 21 16 46 39213.50000 9.35100000 1476.99000 153.98000 22.56200 120.23000
11 2 21 16 46 39215.00000 9.34900000 1476.99000 154.09000 22.56200 120.05500
11 2 21 16 47 39219.20000 9.41800000 1476.99000 154.25000 22.56200 120.05500
11 2 21 16 47 39207.30000 9.41800000 1479.04000 154.25000 22.56200 120.45800
11 2 21 16 48 39207.70000 9.41800000 1478.08000 154.28000 22.56200 120.32100
11 2 21 16 48 39129.20000 9.41800000 1476.90000 153.92000 22.56200 120.14500
11 2 21 16 49 39145.30000 9.41800000 1477.14000 153.74000 22.56200 119.93700
11 2 21 16 49 39212.50000 9.41800000 1477.18000 154.16000 22.56200 120.33000
11 2 21 16 49 39212.70000 9.34600000 1477.22000 154.25000 22.56200 120.20200
11 2 21 16 50 39216.20000 9.34600000 1477.78000 154.20000 22.56200 119.96100
11 2 21 16 50 39298.90000 9.34600000 1477.78000 154.27000 22.56200 119.45000
11 2 21 16 51 39300.00000 9.35400000 1479.80000 154.40000 22.56200 119.27400
11 2 21 16 51 39241.10000 9.35400000 1481.00000 154.40000 22.56200 119.27400
11 2 21 16 52 39283.40000 9.34500000 1479.92000 154.16000 22.56200 118.91500
11 2 21 16 52 39263.20000 9.34600000 1480.29000 154.28000 22.56200 118.53100
11 2 21 16 52 39254.10000 9.34600000 1480.21000 154.28000 22.56200 118.65000
11 2 21 16 53 39249.40000 9.34600000 1480.21000 154.22000 22.56200 118.13000
11 2 21 16 53 39246.90000 9.34500000 1480.02000 154.16000 22.56200 118.29900
11 2 21 16 54 39252.50000 9.34500000 1480.00000 154.01000 22.56200 117.77000
11 2 21 16 54 39260.20000 9.34500000 1480.01000 153.98000 22.56200 117.77000
11 2 21 16 55 39275.40000 9.33600000 1480.00000 154.32000 22.56200 118.38300
11 2 21 16 55 39295.00000 9.33600000 1480.00000 154.26000 22.56200 118.38300
11 2 21 16 55 39299.90000 9.33600000 1479.64000 154.31000 22.56200 118.38300
11 2 21 16 56 39300.00000 9.33600000 1479.50000 154.40000 22.56200 118.44900
11 2 21 16 56 39300.00000 9.33600000 1479.66000 154.39000 22.56200 118.44900
11 2 21 16 57 39315.90000 9.33600000 1480.00000 154.42000 22.56200 119.24100
11 2 21 16 57 39313.90000 9.39000000 1479.91000 154.42000 22.56200 118.39100
11 2 21 16 58 39292.90000 9.39000000 1479.07000 154.41000 22.56200 119.10800
11 2 21 16 58 39270.00000 9.39000000 1479.03000 154.38000 22.56200 118.83600
11 2 21 16 58 39260.40000 9.39000000 1479.01000 154.32000 22.56200 119.10200
11 2 21 16 59 39281.20000 9.37100000 1479.00000 154.26000 22.56200 118.53500
11 2 21 16 59 39287.20000 9.37100000 1479.01000 154.27000 22.56200 118.53500
11 2 21 17 00 39260.80000 9.37100000 1479.17000 154.27000 22.56200 118.59100
11 2 21 17 00 39275.00000 9.34300000 1479.90000 154.40000 22.56200 118.85400
11 2 21 17 01 39300.00000 9.34300000 1479.72000 154.42000 22.49700 118.31100
11 2 21 17 01 39275.40000 9.34000000 1479.31000 154.42000 22.49700 118.35800
11 2 21 17 01 39275.10000 9.34700000 1479.00000 154.42000 22.49700 117.95100
11 2 21 17 02 39275.10000 9.34700000 1479.01000 154.17000 22.49700 117.76900
11 2 21 17 02 39275.00000 9.34700000 1477.92000 154.19000 22.49700 117.86000
11 2 21 17 03 39280.20000 9.31600000 1478.85000 154.26000 22.43300 118.11600
11 2 21 17 03 39275.00000 9.31600000 1478.42000 154.26000 22.43300 117.60800
11 2 21 17 04 39271.40000 9.35700000 1477.77000 154.19000 22.43300 117.60800
11 2 21 17 04 39283.70000 9.35700000 1478.48000 154.35000 22.43300 117.25500
11 2 21 17 04 39279.10000 9.35700000 1478.24000 154.44000 22.43300 117.59900
11 2 21 17 05 39268.30000 9.35700000 1477.51000 154.30000 22.43300 117.18500
11 2 21 17 05 39269.90000 9.35700000 1478.60000 154.21000 22.43300 117.69700
11 2 21 17 06 39266.20000 9.31800000 1478.60000 154.22000 22.43300 117.27000
11 2 21 17 06 39255.40000 9.31800000 1478.92000 154.30000 22.43300 117.56200
11 2 21 17 07 39222.70000 9.31800000 1478.62000 154.38000 22.43300 117.12300
11 2 21 17 07 39200.50000 9.31900000 1477.63000 154.15000 22.43300 117.61400
11 2 21 17 07 39191.20000 9.31900000 1477.62000 153.95000 22.43300 117.07800
11 2 21 17 08 39046.20000 9.31600000 1477.50000 153.93000 22.43300 116.58100
11 2 21 17 08 38976.00000 9.30700000 1475.59000 153.45000 22.43300 116.32900
11 2 21 17 09 38985.80000 9.30700000 1475.17000 153.44000 22.43300 117.22000
11 2 21 17 09 38971.70000 9.30000000 1475.00000 152.95000 22.43300 117.22000
11 2 21 17 10 38994.70000 9.30000000 1474.47000 153.32000 22.43300 116.14300
11 2 21 17 10 39064.30000 9.25200000 1474.86000 153.77000 22.43300 116.76500
11 2 21 17 10 39011.20000 9.25200000 1475.40000 153.72000 22.43300 116.22400
11 2 21 17 11 39037.90000 9.25200000 1474.59000 153.81000 22.43300 116.22400
11 2 21 17 11 39016.10000 9.25200000 1474.18000 153.73000 22.43300 115.91800
11 2 21 17 12 39013.30000 9.25200000 1474.57000 153.46000 22.43300 116.12400
11 2 21 17 12 39000.00000 9.25200000 1474.49000 153.43000 22.43300 116.11000
11 2 21 17 13 38959.50000 9.25200000 1472.56000 153.04000 22.43300 115.11800
11 2 21 17 13 38942.90000 9.21700000 1472.10000 152.91000 22.43300 116.00300
11 2 21 17 14 38884.10000 9.21700000 1471.73000 152.55000 22.43300 115.45600
11 2 21 17 14 38867.60000 9.21700000 1471.64000 152.43000 22.43300 115.43100
11 2 21 17 14 38781.40000 9.21700000 1469.32000 152.20000 22.47200 115.21400
11 2 21 17 15 38779.70000 9.20100000 1467.51000 151.98000 22.47200 114.53800
11 2 21 17 15 38822.80000 9.20000000 1467.95000 152.03000 22.47200 115.22400
11 2 21 17 16 38868.10000 9.16900000 1467.75000 152.10000 22.47200 115.23000
11 2 21 17 16 38884.30000 9.15500000 1468.28000 152.12000 22.47200 115.27700
11 2 21 17 17 38879.40000 9.15500000 1468.30000 152.65000 22.47200 115.45600
11 2 21 17 17 38890.30000 9.15500000 1469.28000 152.40000 22.47200 115.30600
11 2 21 17 17 38905.80000 9.15500000 1468.76000 152.73000 22.47200 115.67500
11 2 21 17 18 38887.10000 9.24300000 1469.03000 152.79000 22.47200 115.20300
11 2 21 17 18 38870.30000 9.24300000 1469.64000 152.53000 22.47200 115.89900
11 2 21 17 19 38888.10000 9.24300000 1469.42000 152.39000 22.47200 116.14700
11 2 21 17 19 38892.00000 9.24300000 1469.54000 152.58000 22.47200 116.21700
11 2 21 17 20 38898.60000 9.24300000 1469.61000 152.44000 22.47200 116.47300
11 2 21 17 20 38953.80000 9.24300000 1470.46000 152.51000 22.47200 116.57000
11 2 21 17 20 38939.20000 9.24300000 1470.60000 152.51000 22.47200 115.98400
11 2 21 17 21 38951.60000 9.24300000 1470.81000 152.78000 22.47200 116.46000
11 2 21 17 21 38924.10000 9.24300000 1470.87000 152.46000 22.47200 115.93500
11 2 21 17 22 38934.40000 9.25600000 1470.87000 152.39000 22.47200 116.00500
11 2 21 17 22 38950.00000 9.25600000 1470.09000 152.36000 22.47200 116.00500
