M=[
13 6 21 00 18 29360.90000 45.38500000 1957.53000 133.69000 19.72100 103.29000
13 6 21 00 18 29360.90000 45.38500000 1957.53000 133.69000 19.72100 103.29000
13 6 21 00 19 29369.90000 45.38500000 1957.53000 133.53000 19.72100 103.29000
13 6 21 00 19 29366.20000 45.38500000 1957.46000 133.54000 19.72100 103.29000
13 6 21 00 19 29364.30000 45.38500000 1957.46000 133.54000 19.72100 103.29000
13 6 21 00 20 29364.40000 45.38500000 1957.45000 133.54000 19.72100 103.29000
13 6 21 00 20 29362.20000 45.38500000 1957.45000 133.54000 19.72100 103.29000
13 6 21 00 21 29362.20000 45.38500000 1957.45000 133.54000 19.72100 103.29000
13 6 21 00 21 29374.90000 45.38500000 1957.45000 133.54000 19.72100 103.29000
13 6 21 00 22 29362.20000 45.38500000 1956.66000 133.54000 19.72100 103.29000
13 6 21 00 22 29325.10000 44.98600000 1953.10000 133.54000 19.72100 103.18700
13 6 21 00 22 29325.00000 44.98600000 1953.09000 133.54000 19.72100 103.18700
13 6 21 00 23 29324.00000 44.98600000 1951.92000 133.21000 19.72100 102.92000
13 6 21 00 23 29324.00000 44.98600000 1951.91000 133.21000 19.72100 102.92000
13 6 21 00 24 29283.70000 44.98600000 1948.58000 133.10000 19.72100 102.92000
13 6 21 00 24 29283.00000 44.98600000 1949.09000 133.10000 19.72100 102.92000
13 6 21 00 25 29282.90000 44.98600000 1949.09000 133.09000 19.72100 102.92000
13 6 21 00 25 29333.70000 44.98600000 1951.70000 133.09000 19.72100 102.92000
13 6 21 00 25 29362.90000 44.98600000 1954.51000 133.09000 19.72100 103.31600
13 6 21 00 26 29372.00000 44.98600000 1956.50000 133.09000 19.72100 103.31600
13 6 21 00 26 29372.00000 44.98600000 1956.50000 133.09000 19.66300 103.31600
13 6 21 00 27 29383.80000 44.98600000 1956.50000 133.09000 19.66300 103.31600
13 6 21 00 27 29383.80000 44.98600000 1956.50000 133.58000 19.66300 103.31600
13 6 21 00 28 29362.10000 44.98600000 1955.05000 133.58000 19.66300 103.31600
13 6 21 00 28 29367.20000 44.98600000 1955.05000 133.44000 19.66300 103.31600
13 6 21 00 28 29361.50000 44.98600000 1956.06000 133.44000 19.66300 103.31600
13 6 21 00 29 29370.40000 44.98600000 1956.06000 133.44000 19.66300 103.31600
13 6 21 00 29 29354.50000 44.96500000 1956.35000 133.44000 19.66300 103.31600
13 6 21 00 30 29320.40000 44.99300000 1954.04000 133.44000 19.66300 103.31600
13 6 21 00 30 29341.50000 44.99300000 1952.27000 133.28000 19.66300 103.31600
13 6 21 00 31 29382.80000 44.99300000 1953.56000 133.55000 19.66300 103.31600
13 6 21 00 31 29403.20000 44.99300000 1957.39000 133.55000 19.66300 103.31600
13 6 21 00 31 29403.30000 44.99300000 1958.85000 133.55000 19.66300 103.63200
13 6 21 00 32 29396.30000 44.99300000 1957.36000 133.55000 19.66300 103.63200
13 6 21 00 32 29417.00000 44.99300000 1957.36000 133.55000 19.66300 103.63200
13 6 21 00 33 29405.30000 44.99300000 1957.36000 133.55000 19.66300 103.63200
13 6 21 00 33 29396.90000 44.99300000 1956.70000 133.55000 19.66300 103.63200
13 6 21 00 34 29396.90000 45.09100000 1956.79000 133.55000 19.66300 103.63200
13 6 21 00 34 29398.30000 45.09100000 1956.79000 133.53000 19.66300 103.63200
13 6 21 00 34 29395.60000 45.09100000 1955.72000 133.53000 19.66300 103.63200
13 6 21 00 35 29384.20000 45.09100000 1955.72000 133.53000 19.66300 103.63200
13 6 21 00 35 29383.40000 45.09100000 1955.72000 133.53000 19.66300 103.63200
13 6 21 00 36 29383.30000 45.09100000 1955.53000 133.53000 19.66300 103.63200
13 6 21 00 36 29383.20000 45.09100000 1955.53000 133.53000 19.66300 103.63200
13 6 21 00 37 29338.50000 45.09100000 1955.53000 133.53000 19.66300 103.63200
13 6 21 00 37 29352.30000 45.09100000 1954.95000 133.53000 19.66300 103.63200
13 6 21 00 37 29354.20000 45.09100000 1954.95000 133.53000 19.66300 103.63200
13 6 21 00 38 29354.20000 45.09100000 1955.94000 133.53000 19.66300 103.63200
13 6 21 00 38 29381.70000 45.09100000 1957.82000 133.61000 19.66300 103.63200
13 6 21 00 39 29365.50000 45.09100000 1957.82000 133.61000 19.66300 103.63200
13 6 21 00 39 29353.50000 45.09100000 1957.82000 133.61000 19.66300 103.76800
13 6 21 00 40 29353.50000 45.09100000 1957.82000 133.61000 19.66300 103.76800
13 6 21 00 40 29353.60000 45.09100000 1957.82000 133.61000 19.66300 103.76800
13 6 21 00 40 29353.50000 45.09100000 1955.38000 133.61000 19.66300 103.76800
13 6 21 00 41 29371.40000 45.09100000 1957.61000 133.61000 19.66300 103.76800
13 6 21 00 41 29393.40000 45.09100000 1957.61000 133.61000 19.66300 103.76800
13 6 21 00 42 29391.40000 45.09100000 1959.02000 133.72000 19.66300 103.76800
13 6 21 00 42 29399.20000 45.09100000 1959.02000 133.72000 19.66300 103.76800
13 6 21 00 43 29389.40000 45.09100000 1959.02000 133.72000 19.66300 103.76800
13 6 21 00 43 29390.60000 45.09100000 1960.14000 133.72000 19.66300 103.76800
13 6 21 00 43 29397.60000 45.09100000 1960.14000 133.72000 19.66300 103.76800
13 6 21 00 44 29385.00000 45.09100000 1960.14000 133.72000 19.66300 103.76800
13 6 21 00 44 29385.00000 45.09100000 1960.14000 133.72000 19.66300 103.76800
13 6 21 00 45 29385.10000 45.09100000 1960.14000 133.72000 19.66300 103.76800
13 6 21 00 45 29403.20000 45.09100000 1960.14000 133.72000 19.66300 103.76800
13 6 21 00 46 29403.20000 45.09100000 1960.14000 133.72000 19.66300 103.76800
13 6 21 00 46 29413.10000 45.20800000 1960.27000 133.72000 19.66300 103.76800
13 6 21 00 46 29436.70000 45.20800000 1962.97000 133.98000 19.66300 103.76800
13 6 21 00 47 29447.30000 45.20800000 1963.32000 133.98000 19.66300 103.76800
13 6 21 00 47 29447.30000 45.20800000 1963.32000 133.98000 19.66300 103.76800
13 6 21 00 48 29456.10000 45.20800000 1963.32000 133.98000 19.66300 104.67200
13 6 21 00 48 29460.10000 45.20800000 1963.32000 133.98000 19.66300 104.67200
13 6 21 00 49 29467.90000 45.20800000 1965.60000 133.98000 19.66300 104.67200
13 6 21 00 49 29458.30000 45.20800000 1966.25000 133.98000 19.66300 104.67200
13 6 21 00 49 29480.10000 45.20800000 1966.25000 134.36000 19.66300 104.67200
13 6 21 00 50 29514.60000 45.20800000 1969.52000 134.46000 19.66300 104.67200
13 6 21 00 50 29504.40000 45.20800000 1969.01000 134.46000 19.66300 104.67200
13 6 21 00 51 29504.40000 45.20800000 1969.49000 134.46000 19.66300 104.67200
13 6 21 00 51 29507.70000 45.20800000 1968.94000 134.46000 19.66300 104.67200
13 6 21 00 52 29507.70000 45.20800000 1968.89000 134.46000 19.66300 104.67200
13 6 21 00 52 29507.70000 45.20800000 1968.89000 134.46000 19.66300 104.67200
13 6 21 00 52 29507.70000 45.20800000 1968.89000 134.46000 19.66300 105.49200
13 6 21 00 53 29507.70000 45.20800000 1968.89000 134.57000 19.66300 105.49200
13 6 21 00 53 29471.20000 45.20800000 1968.89000 134.57000 19.66300 105.49200
13 6 21 00 54 29471.20000 45.20800000 1968.89000 134.57000 19.66300 105.49200
13 6 21 00 54 29484.40000 45.20800000 1967.45000 134.57000 19.66300 105.49200
13 6 21 00 55 29491.70000 45.54600000 1967.45000 134.57000 19.66300 105.49200
13 6 21 00 55 29508.50000 45.54600000 1967.45000 134.56000 19.66300 105.49200
13 6 21 00 55 29513.80000 45.64100000 1967.45000 134.56000 19.66300 105.49200
13 6 21 00 56 29504.60000 45.64100000 1971.36000 134.56000 19.66300 105.71700
13 6 21 00 56 29550.50000 45.64100000 1972.12000 134.74000 19.66300 105.75300
13 6 21 00 57 29531.00000 45.64100000 1972.80000 134.74000 19.66300 105.75300
13 6 21 00 57 29540.20000 45.64100000 1972.80000 134.72000 19.66300 105.75300
13 6 21 00 58 29540.40000 45.64100000 1972.80000 134.72000 19.66300 105.75300
13 6 21 00 58 29547.80000 45.64100000 1972.80000 134.51000 19.66300 105.75300
13 6 21 00 58 29552.20000 45.64100000 1972.80000 134.51000 19.66300 105.75300
13 6 21 00 59 29595.50000 45.64100000 1977.90000 134.74000 19.66300 105.75300
13 6 21 00 59 29599.90000 45.64100000 1977.83000 134.74000 19.66300 105.75300
13 6 21 01 00 29582.00000 45.64100000 1977.83000 134.74000 19.66300 105.75300
13 6 21 01 00 29641.70000 45.64100000 1987.29000 134.74000 19.66300 105.60300
13 6 21 01 01 29626.90000 45.64100000 1987.36000 134.74000 19.66300 105.60300
13 6 21 01 01 29703.70000 45.64100000 1991.87000 134.74000 19.73600 105.60300
