M=[
14 2 21 15 59 40203.00000 13.50000000 1491.27000 176.43000 36.69500 131.35300
14 2 21 16 00 40243.00000 13.57700000 1491.18000 176.16000 36.66000 131.35300
14 2 21 16 00 40268.90000 13.86100000 1488.30000 177.07000 36.50000 131.35300
14 2 21 16 01 40254.90000 13.86100000 1486.03000 176.78000 36.50000 130.28000
14 2 21 16 01 40268.90000 13.64000000 1487.56000 176.79000 36.61300 129.43000
14 2 21 16 01 40269.00000 13.73200000 1488.46000 177.22000 36.40700 129.63600
14 2 21 16 02 40269.00000 13.73200000 1489.37000 177.28000 36.64700 128.81800
14 2 21 16 02 40269.00000 13.73200000 1488.11000 176.97000 36.64700 128.80000
14 2 21 16 03 40230.30000 13.73500000 1488.00000 176.73000 36.64700 127.53900
14 2 21 16 03 40158.60000 13.73500000 1484.83000 175.55000 36.64700 126.47900
14 2 21 16 04 40144.50000 13.82500000 1484.00000 175.35000 36.64700 127.99700
14 2 21 16 04 40146.80000 13.84000000 1484.57000 175.08000 36.40700 128.20300
14 2 21 16 04 40179.80000 13.84000000 1484.06000 175.16000 36.40900 128.43400
14 2 21 16 05 40192.80000 13.90000000 1484.00000 175.06000 36.71900 128.97000
14 2 21 16 05 40200.30000 13.90000000 1484.54000 175.26000 36.71900 129.96800
14 2 21 16 06 40230.30000 13.84000000 1486.50000 175.75000 36.58900 129.84600
14 2 21 16 06 40238.30000 13.76100000 1486.53000 175.54000 36.41000 129.61400
14 2 21 16 07 40282.10000 13.85000000 1485.83000 175.50000 36.41000 130.15600
14 2 21 16 07 40239.00000 13.85000000 1485.93000 175.41000 36.49000 129.80400
14 2 21 16 07 40215.50000 13.85000000 1485.95000 175.48000 36.49000 129.80400
14 2 21 16 08 40224.50000 13.85000000 1485.94000 174.75000 36.41000 128.97700
14 2 21 16 08 40256.90000 13.84900000 1486.35000 175.29000 36.45000 128.38500
14 2 21 16 09 40279.20000 13.84800000 1488.56000 175.97000 36.45000 128.37000
14 2 21 16 09 40257.50000 13.84800000 1487.51000 175.39000 36.45000 128.15900
14 2 21 16 10 40263.20000 13.84800000 1487.96000 175.90000 36.45000 128.15900
14 2 21 16 10 40246.20000 13.84800000 1487.99000 175.58000 36.45000 129.00000
14 2 21 16 10 40280.00000 13.83000000 1488.82000 175.58000 36.20600 129.44000
14 2 21 16 11 40355.00000 13.83000000 1490.85000 176.73000 36.20600 130.12300
14 2 21 16 11 40355.00000 13.83000000 1492.16000 177.24000 36.01400 130.12400
14 2 21 16 12 40355.00000 13.83000000 1493.97000 177.56000 35.50000 129.73400
14 2 21 16 12 40345.60000 13.83000000 1494.56000 177.45000 35.71000 130.23500
14 2 21 16 12 40339.60000 13.83000000 1495.01000 177.30000 35.65700 130.23500
14 2 21 16 13 40357.80000 13.89900000 1495.74000 177.52000 35.65700 130.45900
14 2 21 16 13 40349.90000 13.96000000 1495.00000 177.57000 35.51300 130.45900
14 2 21 16 14 40350.00000 13.93600000 1495.23000 177.68000 35.50000 130.38500
14 2 21 16 14 40340.00000 13.93600000 1494.40000 177.43000 35.44200 130.38500
14 2 21 16 15 40340.00000 13.93600000 1494.63000 177.60000 35.50000 130.38500
14 2 21 16 15 40321.20000 13.89300000 1494.99000 177.25000 35.60000 131.20400
14 2 21 16 15 40328.30000 13.91100000 1494.02000 177.18000 35.89000 130.00000
14 2 21 16 16 40336.90000 13.91100000 1493.65000 177.20000 35.50000 130.12300
14 2 21 16 16 40326.60000 13.95100000 1493.49000 177.22000 35.50000 130.12300
14 2 21 16 17 40335.00000 13.95100000 1493.49000 177.27000 35.88600 130.12300
14 2 21 16 17 40339.40000 13.95100000 1493.48000 177.20000 35.88600 130.12300
14 2 21 16 18 40379.60000 13.95100000 1494.00000 177.29000 35.27500 130.86100
14 2 21 16 18 40376.70000 13.95100000 1494.10000 177.29000 35.27500 132.30100
14 2 21 16 18 40390.80000 13.95100000 1494.42000 177.49000 35.27500 132.36000
14 2 21 16 19 40418.80000 14.00000000 1496.80000 178.21000 35.27500 132.71700
14 2 21 16 19 40402.30000 14.00000000 1496.20000 178.14000 35.63300 133.00000
14 2 21 16 20 40420.10000 14.13600000 1498.38000 178.20000 35.50000 133.20300
14 2 21 16 20 40405.60000 14.03600000 1497.31000 178.10000 35.50000 132.90000
14 2 21 16 21 40418.00000 14.00200000 1495.88000 177.88000 35.50000 132.81800
14 2 21 16 21 40420.10000 14.00200000 1496.15000 178.46000 35.50000 133.13600
14 2 21 16 21 40405.10000 14.00200000 1495.77000 178.54000 35.94700 133.37100
14 2 21 16 22 40400.00000 14.00200000 1495.57000 178.46000 35.94700 132.88400
14 2 21 16 22 40400.10000 14.04100000 1496.43000 178.46000 35.92500 132.88400
14 2 21 16 23 40400.10000 14.04100000 1496.46000 178.46000 35.94700 133.50100
14 2 21 16 23 40339.50000 14.23900000 1496.14000 178.32000 36.07600 133.50100
14 2 21 16 24 40358.80000 14.23600000 1496.45000 178.49000 35.99100 133.95300
14 2 21 16 24 40398.30000 14.29900000 1497.10000 178.17000 36.30000 133.64100
14 2 21 16 24 40400.70000 14.08700000 1497.10000 178.16000 35.99100 133.48000
14 2 21 16 25 40400.80000 14.29900000 1499.10000 178.43000 35.30600 133.48000
14 2 21 16 25 40395.60000 14.10700000 1498.74000 178.37000 35.30600 132.95900
14 2 21 16 26 40389.70000 14.05900000 1496.57000 178.34000 35.30600 132.95900
14 2 21 16 26 40384.50000 14.05200000 1496.54000 178.24000 35.30600 132.95900
14 2 21 16 27 40387.40000 14.05200000 1496.55000 178.26000 35.82700 132.95900
14 2 21 16 27 40393.70000 14.05200000 1497.44000 178.32000 35.92900 133.32700
14 2 21 16 27 40378.50000 14.05200000 1496.55000 178.11000 35.95200 133.20300
14 2 21 16 28 40361.20000 14.29900000 1496.55000 178.11000 35.66000 133.20300
14 2 21 16 28 40354.90000 14.29900000 1496.55000 178.05000 35.95200 133.20300
14 2 21 16 29 40350.10000 14.25200000 1496.05000 178.00000 35.95200 133.20300
14 2 21 16 29 40360.90000 14.24500000 1496.12000 177.86000 36.00900 133.20300
14 2 21 16 30 40365.70000 14.06700000 1496.08000 177.64000 35.66600 133.20300
14 2 21 16 30 40381.80000 14.06900000 1496.01000 177.98000 36.44700 133.20300
14 2 21 16 30 40384.70000 14.07100000 1496.01000 178.05000 36.50100 133.20300
14 2 21 16 31 40384.70000 14.23700000 1496.00000 177.84000 36.80200 133.20300
14 2 21 16 31 40384.70000 14.07300000 1495.51000 177.84000 38.00000 133.20300
14 2 21 16 32 40386.30000 14.07300000 1495.63000 178.01000 38.16400 133.26300
14 2 21 16 32 40389.30000 14.07300000 1495.65000 178.15000 38.49800 133.26300
14 2 21 16 33 40380.20000 14.07300000 1495.01000 178.00000 38.08200 133.26300
14 2 21 16 33 40394.30000 14.07300000 1495.46000 178.00000 37.14100 133.20900
14 2 21 16 33 40400.10000 14.07300000 1495.52000 178.43000 37.14100 132.81400
14 2 21 16 34 40400.10000 14.10000000 1495.00000 178.30000 37.18600 132.98100
14 2 21 16 34 40382.20000 14.10000000 1495.01000 178.10000 37.71700 132.98100
14 2 21 16 35 40395.50000 14.23400000 1495.60000 178.20000 37.71700 132.98100
14 2 21 16 35 40392.10000 14.07200000 1495.90000 178.20000 37.56400 134.01800
14 2 21 16 36 40392.10000 14.07200000 1495.24000 178.44000 37.56000 134.01800
14 2 21 16 36 40378.90000 14.07200000 1494.14000 178.43000 37.89400 133.61000
14 2 21 16 36 40365.30000 14.07200000 1494.10000 178.40000 37.85300 133.61000
14 2 21 16 37 40378.30000 14.07200000 1494.01000 178.44000 37.82000 134.04100
14 2 21 16 37 40382.00000 14.07200000 1494.46000 178.56000 37.79700 134.14500
14 2 21 16 38 40383.10000 14.07200000 1494.68000 178.55000 37.79700 134.14500
14 2 21 16 38 40400.80000 14.07200000 1494.43000 178.57000 37.83600 134.14500
14 2 21 16 39 40400.80000 14.07200000 1494.02000 178.63000 37.83600 134.14500
14 2 21 16 39 40444.00000 14.07200000 1493.99000 178.69000 37.83600 134.14500
14 2 21 16 39 40454.40000 14.23000000 1494.00000 178.75000 37.83600 134.14500
14 2 21 16 40 40454.40000 14.14900000 1494.00000 178.89000 38.23900 133.97600
14 2 21 16 40 40461.90000 14.20300000 1494.00000 178.85000 38.49100 133.97600
14 2 21 16 41 40457.20000 14.19400000 1494.35000 178.89000 38.49100 133.69000
14 2 21 16 41 40446.20000 14.23100000 1494.02000 178.80000 38.49100 133.69000
14 2 21 16 42 40446.10000 14.12400000 1494.05000 178.80000 38.50000 133.37400
14 2 21 16 42 40453.00000 14.12400000 1494.28000 178.99000 38.50000 133.50000
14 2 21 16 42 40444.00000 14.17200000 1494.00000 179.13000 38.49900 133.48600
