M=[
23 5 21 15 08 27699.90000 40.19200000 1605.92000 114.25000 22.66100 91.78400
23 5 21 15 08 27686.80000 40.15300000 1605.40000 114.36000 22.66100 91.78400
23 5 21 15 08 27692.90000 40.15300000 1606.12000 114.44000 22.66100 91.78400
23 5 21 15 09 27662.60000 40.12400000 1601.53000 114.08000 22.66100 91.78400
23 5 21 15 09 27675.70000 40.06100000 1599.43000 113.70000 22.66100 92.18800
23 5 21 15 10 27738.80000 40.12600000 1604.76000 114.05000 22.66100 92.18800
23 5 21 15 10 27651.40000 40.26800000 1604.12000 113.94000 23.52800 92.18800
23 5 21 15 11 27641.60000 39.99000000 1598.63000 113.77000 23.52800 92.18800
23 5 21 15 11 27516.90000 39.99000000 1587.00000 112.98000 23.52800 91.35600
23 5 21 15 11 27555.70000 39.80300000 1590.96000 113.24000 23.52800 91.35600
23 5 21 15 12 27558.10000 39.87500000 1591.96000 113.17000 23.52800 91.49500
23 5 21 15 12 27563.40000 39.87000000 1593.52000 113.22000 23.52800 91.49500
23 5 21 15 13 27549.10000 39.82300000 1591.59000 113.27000 22.89800 91.49500
23 5 21 15 13 27546.30000 39.85000000 1591.03000 113.50000 22.89800 91.49500
23 5 21 15 14 27585.50000 39.92200000 1593.28000 113.75000 22.89800 91.17800
23 5 21 15 14 27616.40000 40.01900000 1596.87000 113.92000 22.89800 91.46000
23 5 21 15 14 27556.00000 40.01900000 1596.99000 113.92000 22.89800 91.46000
23 5 21 15 15 27619.40000 40.06400000 1599.39000 114.27000 22.89800 91.46000
23 5 21 15 15 27630.00000 40.06400000 1601.66000 114.18000 22.89800 91.46000
23 5 21 15 16 27637.80000 40.06400000 1598.01000 114.17000 22.73900 91.46000
23 5 21 15 16 27777.80000 40.06400000 1605.00000 114.50000 22.89900 91.46000
23 5 21 15 17 27775.50000 40.06400000 1607.66000 114.68000 22.89900 91.46000
23 5 21 15 17 27744.00000 40.06400000 1604.17000 114.37000 22.89900 91.46000
23 5 21 15 17 27784.60000 40.14400000 1606.22000 114.70000 22.89900 91.46000
23 5 21 15 18 27783.40000 40.16300000 1603.70000 114.70000 22.89900 91.46000
23 5 21 15 18 27734.20000 40.06800000 1600.09000 114.63000 22.89900 91.46000
23 5 21 15 19 27694.30000 40.06800000 1593.89000 114.40000 22.89900 91.46000
23 5 21 15 19 27600.00000 39.79000000 1588.20000 113.81000 22.89900 91.46000
23 5 21 15 20 27668.80000 39.78900000 1590.94000 113.98000 22.89900 91.38900
23 5 21 15 20 27674.90000 39.78900000 1590.11000 113.99000 22.89900 91.38900
23 5 21 15 20 27607.90000 39.77100000 1586.04000 114.00000 22.89900 91.38900
23 5 21 15 21 27633.20000 39.77100000 1588.35000 113.87000 22.89900 91.17200
23 5 21 15 21 27724.20000 39.77100000 1597.75000 114.47000 22.89900 91.17200
23 5 21 15 22 27665.40000 39.77100000 1591.90000 114.18000 22.89900 91.17200
23 5 21 15 22 27656.90000 39.88400000 1593.83000 114.18000 22.89900 91.17200
23 5 21 15 23 27696.10000 39.88400000 1598.01000 114.69000 22.89900 91.85500
23 5 21 15 23 27749.30000 39.88400000 1596.03000 114.69000 22.89900 91.98000
23 5 21 15 23 27806.00000 39.88400000 1599.95000 114.69000 22.89900 93.08900
23 5 21 15 24 27792.70000 39.88400000 1599.08000 114.93000 22.89900 92.96900
23 5 21 15 24 27771.30000 39.88400000 1593.37000 114.59000 22.73000 92.96900
23 5 21 15 25 27743.80000 40.00000000 1595.68000 114.76000 22.73000 92.84100
23 5 21 15 25 27727.60000 40.00000000 1593.71000 114.50000 22.73000 92.84100
23 5 21 15 26 27737.90000 40.00000000 1593.61000 114.42000 22.73000 92.84100
23 5 21 15 26 27739.20000 40.00000000 1594.53000 114.67000 22.73000 92.84100
23 5 21 15 26 27819.80000 40.00000000 1600.51000 114.90000 22.73000 92.84100
23 5 21 15 27 27874.50000 40.37800000 1605.00000 115.45000 22.73000 92.84100
23 5 21 15 27 27822.40000 40.41200000 1607.51000 115.64000 22.73000 92.84100
23 5 21 15 28 27855.20000 40.41800000 1607.44000 115.22000 22.73000 93.30400
23 5 21 15 28 27852.40000 40.41800000 1607.85000 115.33000 22.73000 93.30400
23 5 21 15 29 27829.20000 40.41800000 1606.81000 115.27000 22.73000 93.30900
23 5 21 15 29 27874.60000 40.41800000 1611.44000 115.28000 22.73000 93.15400
23 5 21 15 29 27886.80000 40.41800000 1614.06000 115.63000 22.73000 93.15400
23 5 21 15 30 27869.90000 40.45800000 1613.51000 115.63000 22.73000 93.15400
23 5 21 15 30 27782.50000 40.45800000 1606.62000 115.63000 22.73000 93.15400
23 5 21 15 31 27674.70000 40.45800000 1600.77000 114.61000 22.73000 93.15400
23 5 21 15 31 27665.70000 40.45800000 1598.02000 114.61000 22.73000 93.15400
23 5 21 15 32 27633.10000 40.03900000 1597.89000 114.31000 22.73000 92.67000
23 5 21 15 32 27650.50000 40.03900000 1600.71000 114.41000 22.73000 92.67000
23 5 21 15 32 27652.10000 40.03900000 1600.35000 114.26000 22.66100 92.67000
23 5 21 15 33 27691.30000 40.03900000 1605.16000 114.75000 22.66100 92.67000
23 5 21 15 33 27696.00000 40.03900000 1605.25000 114.75000 22.58600 92.67000
23 5 21 15 34 27691.00000 40.11800000 1601.28000 114.88000 22.58700 92.67000
23 5 21 15 34 27672.50000 40.11800000 1601.67000 114.88000 22.58700 92.67000
23 5 21 15 35 27652.30000 40.11800000 1599.12000 114.88000 22.50000 92.24200
23 5 21 15 35 27632.00000 40.11800000 1594.70000 113.91000 22.50000 92.25300
23 5 21 15 35 27575.30000 40.00700000 1590.18000 113.82000 22.50000 91.53700
23 5 21 15 36 27532.90000 40.00700000 1589.40000 113.51000 22.50000 91.53700
23 5 21 15 36 27559.80000 39.77900000 1589.19000 113.74000 22.50000 91.53700
23 5 21 15 37 27643.30000 39.96200000 1600.30000 114.04000 22.65100 91.53700
23 5 21 15 37 27596.60000 39.96200000 1590.90000 114.22000 22.65100 91.53700
23 5 21 15 38 27561.20000 39.87100000 1592.73000 113.82000 22.65100 91.77700
23 5 21 15 38 27601.00000 39.88800000 1593.59000 113.99000 22.65100 91.77700
23 5 21 15 38 27573.60000 39.88800000 1593.55000 113.99000 22.65100 91.77700
23 5 21 15 39 27617.50000 39.88800000 1597.74000 114.31000 22.65100 91.77700
23 5 21 15 39 27632.90000 39.88800000 1596.45000 114.37000 22.65100 91.77700
23 5 21 15 40 27619.20000 39.88800000 1595.31000 114.34000 22.65100 91.80700
23 5 21 15 40 27613.80000 39.82800000 1595.94000 114.34000 22.65100 91.80700
23 5 21 15 41 27550.70000 39.80000000 1590.15000 114.34000 22.65100 91.80700
23 5 21 15 41 27520.30000 39.57100000 1590.62000 113.39000 22.65100 91.80700
23 5 21 15 41 27540.00000 39.57100000 1593.50000 113.39000 22.65100 91.80700
23 5 21 15 42 27426.90000 39.56500000 1587.00000 113.04000 22.65100 91.80700
23 5 21 15 42 27393.80000 39.29800000 1578.44000 112.56000 22.42600 90.24600
23 5 21 15 43 27426.70000 39.29900000 1577.69000 112.42000 22.42600 90.02900
23 5 21 15 43 27469.70000 39.49600000 1581.66000 112.65000 22.42600 90.25400
23 5 21 15 44 27378.10000 39.49600000 1578.39000 112.70000 22.42600 90.25400
23 5 21 15 44 27403.90000 39.27900000 1579.82000 112.59000 22.42600 90.18400
23 5 21 15 44 27351.00000 39.27900000 1573.19000 112.24000 22.37400 89.67600
23 5 21 15 45 27402.70000 39.15200000 1579.91000 112.39000 22.37400 89.69900
23 5 21 15 45 27354.00000 39.20400000 1577.55000 112.59000 22.60900 89.69900
23 5 21 15 46 27312.00000 39.20400000 1570.00000 111.86000 22.54800 89.51000
23 5 21 15 46 27243.50000 38.99800000 1569.00000 111.58000 22.69600 89.03800
23 5 21 15 47 27240.30000 38.83000000 1567.99000 111.44000 22.69600 89.03800
23 5 21 15 47 27250.00000 38.83000000 1569.71000 111.19000 22.69600 88.71100
23 5 21 15 47 27277.10000 38.95700000 1573.70000 111.60000 22.69500 88.87000
23 5 21 15 48 27363.60000 39.05300000 1579.76000 112.25000 22.69500 89.29800
23 5 21 15 48 27262.30000 38.96700000 1573.16000 111.85000 22.42400 89.21400
23 5 21 15 49 27245.80000 38.96700000 1569.25000 111.85000 22.42400 89.12700
23 5 21 15 49 27252.50000 38.96700000 1570.30000 111.72000 22.42400 89.00000
23 5 21 15 50 27287.80000 38.74600000 1574.64000 111.78000 22.42400 89.00000
23 5 21 15 50 27293.20000 38.74600000 1574.60000 111.78000 22.42400 89.00000
23 5 21 15 50 27299.10000 38.74600000 1575.80000 111.96000 22.42400 89.00000
23 5 21 15 51 27360.30000 38.85800000 1577.39000 111.93000 22.42400 88.97900
23 5 21 15 51 27390.60000 38.99800000 1576.76000 112.14000 22.48700 89.25300
