M=[
11 1 21 08 25 29000.00000 6.15700000 904.96000 119.25000 15.77000 71.59800
11 1 21 08 26 28985.40000 6.19400000 904.93000 119.31000 15.77000 71.59800
11 1 21 08 26 29050.00000 6.19300000 904.95000 119.14000 15.77000 71.59800
11 1 21 08 27 29000.00000 6.19300000 902.37000 119.11000 15.77000 71.59800
11 1 21 08 27 29045.50000 6.19400000 902.21000 119.51000 15.77000 71.59800
11 1 21 08 28 29012.60000 6.19400000 902.00000 119.24000 15.77000 71.59800
11 1 21 08 28 29043.70000 6.19400000 901.87000 119.22000 15.77000 71.59800
11 1 21 08 28 29040.90000 6.19000000 901.72000 119.38000 15.77000 71.59800
11 1 21 08 29 28951.80000 6.18900000 899.01000 119.15000 15.77000 71.59800
11 1 21 08 29 28915.40000 6.18900000 895.35000 118.98000 15.78500 71.59800
11 1 21 08 30 28953.20000 6.18900000 896.00000 119.04000 15.78500 71.59800
11 1 21 08 30 29032.30000 6.17000000 899.62000 119.39000 15.78500 71.59800
11 1 21 08 31 29056.30000 6.17000000 900.00000 119.39000 15.78500 71.58600
11 1 21 08 31 29085.00000 6.17000000 900.97000 119.67000 15.78500 71.55000
11 1 21 08 31 29082.90000 6.18300000 902.17000 119.62000 15.65000 71.49000
11 1 21 08 32 29044.20000 6.18300000 901.62000 119.42000 15.65000 71.69000
11 1 21 08 32 29083.20000 6.18700000 902.15000 119.65000 15.65000 71.69000
11 1 21 08 33 29079.50000 6.21800000 902.29000 119.80000 15.65000 71.69000
11 1 21 08 33 29099.70000 6.21800000 903.72000 119.53000 15.65000 71.69000
11 1 21 08 33 29091.80000 6.21800000 903.35000 119.57000 15.65000 71.69000
11 1 21 08 34 29091.80000 6.21800000 903.35000 119.57000 15.65000 71.69000
11 1 21 08 34 29091.80000 6.21800000 903.35000 119.57000 15.65000 71.69000
11 1 21 08 35 29091.80000 6.21800000 903.35000 119.57000 15.65000 71.69000
11 1 21 08 35 29091.80000 6.21800000 903.35000 119.57000 15.65000 71.69000
11 1 21 08 36 29091.80000 6.21800000 903.35000 119.57000 15.65000 71.69000
11 1 21 08 36 29091.80000 6.21800000 903.35000 119.57000 15.65000 71.69000
11 1 21 08 36 29091.80000 6.21800000 903.35000 119.57000 15.65000 71.69000
11 1 21 08 37 29091.80000 6.21800000 903.35000 119.57000 15.65000 71.69000
11 1 21 08 37 29091.80000 6.21800000 903.35000 119.57000 15.65000 71.69000
11 1 21 08 38 29091.80000 6.21800000 903.35000 119.57000 15.65000 71.69000
11 1 21 08 38 29091.80000 6.21800000 903.35000 119.57000 15.65000 71.69000
11 1 21 08 39 29091.80000 6.21800000 903.22000 119.57000 15.65000 71.69000
11 1 21 08 39 29091.80000 6.21800000 903.22000 119.57000 15.65000 71.69000
11 1 21 08 39 29091.80000 6.21800000 903.22000 119.57000 15.65000 71.69000
11 1 21 08 40 29091.80000 6.21800000 903.22000 119.57000 15.65000 71.69000
11 1 21 08 40 29091.80000 6.21800000 903.22000 119.57000 15.65000 71.69000
11 1 21 08 41 29091.80000 6.21800000 903.22000 119.57000 15.65000 71.69000
11 1 21 08 41 29091.80000 6.21800000 903.22000 119.56000 15.65000 71.69000
11 1 21 08 42 29082.20000 6.22600000 909.69000 120.50000 15.65000 71.67500
11 1 21 08 42 29188.70000 6.22000000 911.54000 120.50000 15.69900 71.86900
11 1 21 08 42 29233.90000 6.22000000 913.53000 120.83000 15.69900 72.00000
11 1 21 08 43 29258.60000 6.22000000 914.03000 120.62000 15.69900 72.00000
11 1 21 08 43 29214.40000 6.22000000 914.95000 120.75000 15.69900 72.00000
11 1 21 08 44 29253.80000 6.22000000 915.73000 120.63000 15.69900 72.00000
11 1 21 08 44 29264.40000 6.22000000 920.00000 120.51000 15.74500 72.00000
11 1 21 08 45 29303.90000 6.25100000 918.56000 120.79000 15.74500 72.40000
11 1 21 08 45 29316.00000 6.25100000 920.21000 120.78000 15.74500 72.34900
11 1 21 08 45 29320.60000 6.25100000 921.81000 120.79000 15.74500 72.34900
11 1 21 08 46 29387.10000 6.25900000 922.64000 120.67000 15.74500 72.34900
11 1 21 08 46 29349.90000 6.25900000 923.45000 120.49000 15.74500 72.34900
11 1 21 08 47 29394.60000 6.27000000 923.61000 120.75000 15.51900 72.42300
11 1 21 08 47 29398.60000 6.27000000 924.03000 120.77000 15.74500 72.44400
11 1 21 08 48 29350.00000 6.27700000 921.52000 120.78000 15.57400 72.44400
11 1 21 08 48 29319.30000 6.26000000 918.58000 120.59000 15.74500 72.44500
11 1 21 08 48 29348.30000 6.26000000 920.53000 120.59000 15.74500 72.45400
11 1 21 08 49 29347.90000 6.28000000 920.01000 120.50000 15.53400 72.39000
11 1 21 08 49 29350.00000 6.28000000 922.36000 120.71000 15.53600 72.39000
11 1 21 08 50 29322.20000 6.28000000 918.42000 120.25000 15.53600 72.44600
11 1 21 08 50 29319.60000 6.25000000 918.25000 120.17000 15.53600 72.39000
11 1 21 08 51 29330.70000 6.22400000 918.46000 120.15000 15.74500 72.39000
11 1 21 08 51 29319.60000 6.25400000 919.00000 120.09000 15.74500 72.39000
11 1 21 08 51 29301.10000 6.25400000 917.54000 119.62000 15.74500 72.39000
11 1 21 08 52 29257.20000 6.25400000 915.10000 119.48000 15.74500 72.39000
11 1 21 08 52 29213.70000 6.25400000 915.02000 119.30000 15.74500 72.39000
11 1 21 08 53 29200.00000 6.25500000 914.69000 119.14000 15.74500 72.39000
11 1 21 08 53 29227.40000 6.25500000 916.79000 119.24000 15.74500 72.39000
11 1 21 08 54 29201.50000 6.25500000 915.47000 119.15000 15.74500 72.39000
11 1 21 08 54 29200.00000 6.25500000 914.87000 119.19000 15.74500 72.38900
11 1 21 08 54 29227.00000 6.25500000 915.53000 119.49000 15.74500 72.66000
11 1 21 08 55 29227.70000 6.25600000 916.42000 119.62000 15.74500 72.66000
11 1 21 08 55 29207.00000 6.25500000 917.00000 119.46000 15.74500 72.66000
11 1 21 08 56 29100.90000 6.25500000 913.38000 119.34000 15.74500 72.71700
11 1 21 08 56 29099.60000 6.25500000 912.53000 119.28000 15.74500 72.71700
11 1 21 08 57 29075.70000 6.25100000 913.58000 119.16000 15.74500 73.16700
11 1 21 08 57 29090.00000 6.21100000 913.58000 119.07000 15.74500 73.40600
11 1 21 08 57 29133.40000 6.21400000 912.15000 119.28000 15.74500 73.71900
11 1 21 08 58 29110.00000 6.21400000 908.94000 119.00000 15.74500 74.00000
11 1 21 08 58 29109.90000 6.21400000 909.27000 119.15000 15.74500 74.02300
11 1 21 08 59 29109.90000 6.21400000 909.98000 119.15000 15.74500 74.06800
11 1 21 08 59 29105.10000 6.21400000 908.91000 119.13000 15.74500 75.68900
11 1 21 09 00 29101.10000 6.21400000 909.00000 119.22000 15.74500 75.44800
11 1 21 09 00 29110.00000 6.21400000 911.53000 119.17000 15.74500 74.92100
11 1 21 09 00 29110.00000 6.21400000 910.54000 119.25000 15.51300 75.50000
11 1 21 09 01 29114.90000 6.21400000 912.70000 119.17000 15.51300 76.00000
11 1 21 09 01 29140.00000 6.31300000 912.99000 119.01000 15.51300 76.24400
11 1 21 09 02 29140.00000 6.31300000 911.70000 119.00000 15.51200 76.66700
11 1 21 09 02 29154.90000 6.31300000 913.28000 119.05000 15.51200 76.90000
11 1 21 09 03 29134.70000 6.31300000 912.14000 118.66000 15.51200 77.17900
11 1 21 09 03 29075.80000 6.31300000 910.01000 118.61000 15.51200 77.27400
11 1 21 09 03 29001.50000 6.31300000 905.74000 118.38000 15.51200 77.34900
11 1 21 09 04 28936.10000 6.24400000 905.60000 118.44000 15.51200 77.22800
11 1 21 09 04 28952.50000 6.21100000 905.04000 118.17000 15.51200 76.00100
11 1 21 09 05 28943.70000 6.21200000 903.88000 118.42000 15.51200 75.97800
11 1 21 09 05 28905.60000 6.21100000 903.60000 118.34000 15.50000 75.83600
11 1 21 09 06 28919.10000 6.19000000 904.43000 118.33000 15.50000 74.46000
11 1 21 09 06 28861.00000 6.19300000 900.98000 117.99000 15.50000 75.44000
11 1 21 09 06 28821.00000 6.19300000 900.40000 117.62000 15.50000 74.38900
11 1 21 09 07 28810.20000 6.19300000 900.14000 118.05000 15.50000 74.74700
11 1 21 09 07 28810.20000 6.19100000 900.03000 117.72000 15.50000 74.74700
11 1 21 09 08 28770.70000 6.19100000 897.08000 117.74000 15.50000 74.74700
11 1 21 09 08 28732.30000 6.16000000 896.36000 117.44000 15.50000 74.74700
11 1 21 09 09 28674.50000 6.16000000 894.57000 117.21000 15.50000 74.74700
11 1 21 09 09 28630.10000 6.16000000 892.84000 116.94000 15.50000 73.34100
11 1 21 09 09 28607.70000 6.13000000 891.31000 116.59000 15.32900 72.59700
11 1 21 09 10 28617.40000 6.13000000 893.16000 117.00000 15.32900 73.50800
11 1 21 09 10 28559.50000 6.13000000 889.54000 116.32000 15.32900 73.67000
