M=[
22 7 21 05 09 27183.10000 36.35400000 1682.51000 99.32000 15.94700 79.30200
22 7 21 05 09 27165.80000 36.35400000 1682.51000 99.32000 15.94700 79.30200
22 7 21 05 10 27169.40000 36.35400000 1682.14000 99.32000 15.94700 79.30200
22 7 21 05 10 27164.50000 36.35400000 1682.14000 99.32000 15.94700 79.30200
22 7 21 05 11 27150.00000 36.35400000 1681.22000 99.32000 15.94700 79.30200
22 7 21 05 11 27157.60000 36.35400000 1681.22000 99.32000 15.94700 79.30200
22 7 21 05 11 27161.20000 36.33300000 1680.96000 99.32000 15.94700 79.30200
22 7 21 05 12 27149.70000 36.33300000 1680.00000 99.32000 15.94700 79.30200
22 7 21 05 12 27144.40000 36.33300000 1680.30000 99.32000 15.94700 79.30200
22 7 21 05 13 27147.50000 36.33300000 1681.51000 99.32000 15.94700 79.30200
22 7 21 05 13 27156.40000 36.33300000 1681.51000 99.32000 15.94700 79.30200
22 7 21 05 14 27151.70000 36.33300000 1680.34000 99.32000 15.94700 79.30200
22 7 21 05 14 27151.70000 36.33300000 1680.80000 99.32000 15.94700 79.30200
22 7 21 05 14 27151.70000 36.33600000 1680.80000 99.33000 15.94700 79.30200
22 7 21 05 15 27132.70000 36.32700000 1679.00000 99.25000 15.94700 79.30200
22 7 21 05 15 27131.40000 36.32700000 1679.00000 99.25000 15.94700 79.30200
22 7 21 05 16 27131.40000 36.32700000 1679.00000 99.21000 15.94700 79.30200
22 7 21 05 16 27136.80000 36.32700000 1679.01000 99.21000 15.94700 79.30200
22 7 21 05 17 27136.70000 36.32700000 1679.33000 99.21000 15.94700 79.30200
22 7 21 05 17 27124.00000 36.32700000 1679.13000 99.21000 15.94700 79.30200
22 7 21 05 18 27118.70000 36.32700000 1679.01000 99.21000 15.94700 79.30200
22 7 21 05 18 27113.60000 36.32700000 1678.13000 99.21000 15.94700 79.30200
22 7 21 05 18 27120.20000 36.32800000 1678.13000 99.21000 15.94700 79.30200
22 7 21 05 19 27123.60000 36.32800000 1676.99000 99.21000 15.94700 79.30200
22 7 21 05 19 27112.40000 36.32700000 1675.80000 99.21000 15.94700 79.30200
22 7 21 05 20 27123.00000 36.32700000 1677.02000 99.21000 15.94700 79.30200
22 7 21 05 20 27122.90000 36.32700000 1678.15000 99.21000 15.94700 79.30200
22 7 21 05 21 27132.70000 36.32700000 1678.15000 99.21000 15.94700 78.88700
22 7 21 05 21 27132.70000 36.32700000 1679.99000 99.21000 15.94700 78.88700
22 7 21 05 21 27125.50000 36.32700000 1678.29000 99.14000 15.94700 78.71200
22 7 21 05 22 27132.50000 36.32700000 1678.29000 99.14000 15.94700 78.71200
22 7 21 05 22 27129.30000 36.32700000 1678.35000 99.14000 15.94700 78.71200
22 7 21 05 23 27132.60000 36.32700000 1678.47000 99.13000 15.94700 78.71200
22 7 21 05 23 27139.50000 36.32700000 1678.91000 99.13000 15.94700 78.71200
22 7 21 05 24 27142.40000 36.25700000 1678.91000 99.13000 15.94700 78.71200
22 7 21 05 24 27144.80000 36.30100000 1678.91000 99.13000 15.94700 78.71200
22 7 21 05 24 27134.80000 36.30100000 1678.82000 99.13000 15.94700 78.71200
22 7 21 05 25 27144.80000 36.30100000 1678.82000 99.13000 15.94700 78.71200
22 7 21 05 25 27144.80000 36.30100000 1678.91000 99.18000 15.94700 78.71200
22 7 21 05 26 27157.00000 36.30100000 1682.76000 99.29000 15.94700 78.71200
22 7 21 05 26 27141.40000 36.30100000 1682.75000 99.29000 15.94700 78.71200
22 7 21 05 27 27143.10000 36.30100000 1680.42000 99.29000 15.94700 78.71200
22 7 21 05 27 27141.00000 36.34800000 1680.41000 99.29000 15.94700 78.71200
22 7 21 05 27 27132.20000 36.36700000 1679.23000 99.19000 15.94700 78.71200
22 7 21 05 28 27132.20000 36.36700000 1679.31000 99.19000 15.94700 78.71200
22 7 21 05 28 27132.40000 36.36700000 1679.62000 99.19000 15.94700 78.71200
22 7 21 05 29 27132.40000 36.36700000 1679.62000 99.13000 15.94700 78.71200
22 7 21 05 29 27128.70000 36.36700000 1679.62000 99.13000 15.94700 78.71200
22 7 21 05 30 27128.60000 36.36700000 1679.62000 99.13000 15.94700 78.71200
22 7 21 05 30 27128.60000 36.36700000 1681.04000 99.13000 15.94700 78.71200
22 7 21 05 30 27161.90000 36.36700000 1681.04000 99.13000 15.94700 78.71200
22 7 21 05 31 27157.70000 36.36700000 1681.92000 99.13000 15.94700 78.71200
22 7 21 05 31 27152.00000 36.36700000 1681.92000 99.13000 15.94700 78.71200
22 7 21 05 32 27161.20000 36.36700000 1682.54000 99.13000 15.94700 78.71200
22 7 21 05 32 27161.20000 36.36700000 1682.54000 99.13000 15.94700 78.71200
22 7 21 05 33 27163.90000 36.36700000 1683.81000 99.26000 15.94700 78.71200
22 7 21 05 33 27148.30000 36.36700000 1682.46000 99.26000 15.94700 79.07400
22 7 21 05 34 27125.00000 36.36700000 1679.81000 99.26000 15.94700 79.07400
22 7 21 05 34 27124.80000 36.36700000 1679.80000 99.12000 15.94700 78.97100
22 7 21 05 34 27157.10000 36.36700000 1679.24000 99.12000 15.94700 78.97100
22 7 21 05 35 27156.90000 36.36700000 1679.24000 99.12000 15.94700 78.97100
22 7 21 05 35 27145.70000 36.36700000 1678.88000 99.12000 15.94700 78.97100
22 7 21 05 36 27144.60000 36.36700000 1678.80000 99.12000 15.94700 78.97100
22 7 21 05 36 27152.30000 36.33100000 1679.28000 99.12000 15.94700 78.97100
22 7 21 05 37 27143.60000 36.33100000 1678.58000 99.12000 15.94700 78.97100
22 7 21 05 37 27132.00000 36.33100000 1678.58000 98.99000 15.94700 78.97100
22 7 21 05 37 27134.30000 36.33100000 1677.41000 98.99000 15.94700 78.97100
22 7 21 05 38 27141.70000 36.33100000 1677.89000 98.99000 15.94700 78.97100
22 7 21 05 38 27138.60000 36.33100000 1677.46000 98.99000 15.94700 78.97100
22 7 21 05 39 27141.10000 36.33100000 1677.46000 98.99000 15.94700 78.97100
22 7 21 05 39 27140.40000 36.33100000 1676.35000 98.87000 15.94700 78.97100
22 7 21 05 40 27139.90000 36.33100000 1676.35000 98.87000 15.94700 78.97100
22 7 21 05 40 27128.00000 36.33100000 1676.27000 98.87000 15.94700 78.97100
22 7 21 05 40 27128.00000 36.33100000 1674.71000 98.87000 15.94700 78.71200
22 7 21 05 41 27124.80000 36.33100000 1673.84000 98.83000 15.94700 78.71200
22 7 21 05 41 27124.80000 36.33100000 1674.48000 98.83000 15.94700 78.71200
22 7 21 05 42 27122.90000 36.33100000 1674.46000 98.83000 15.94700 78.71200
22 7 21 05 42 27122.80000 36.33100000 1675.46000 98.83000 15.94700 78.71200
22 7 21 05 43 27122.80000 36.33100000 1674.23000 98.83000 15.94700 78.71200
22 7 21 05 43 27112.30000 36.33100000 1672.00000 98.81000 15.94700 78.71200
22 7 21 05 43 27112.30000 36.33100000 1673.67000 98.81000 15.94700 78.71200
22 7 21 05 44 27109.20000 36.33100000 1674.88000 98.81000 15.94700 78.71200
22 7 21 05 44 27107.60000 36.33100000 1674.22000 98.85000 15.94700 78.71200
22 7 21 05 45 27107.50000 36.33100000 1675.25000 98.92000 15.94700 78.71300
22 7 21 05 45 27104.60000 36.33100000 1673.59000 98.92000 15.94700 78.71300
22 7 21 05 46 27104.40000 36.33100000 1672.70000 98.92000 15.94700 78.71300
22 7 21 05 46 27105.00000 36.33100000 1672.51000 98.73000 15.94700 78.71300
22 7 21 05 46 27102.30000 36.33100000 1671.95000 98.70000 15.94700 78.71300
22 7 21 05 47 27089.70000 36.09300000 1671.95000 98.70000 15.94700 78.32000
22 7 21 05 47 27060.70000 36.09300000 1668.06000 98.70000 15.94700 78.32000
22 7 21 05 48 27047.60000 36.09300000 1668.99000 98.70000 15.94700 78.32000
22 7 21 05 48 27060.60000 36.09300000 1668.99000 98.70000 15.94700 78.32000
22 7 21 05 49 27054.20000 36.09300000 1670.01000 98.70000 15.94700 78.32000
22 7 21 05 49 27054.20000 36.09300000 1669.87000 98.70000 15.94700 78.32000
22 7 21 05 49 27041.90000 36.09300000 1669.21000 98.65000 15.94700 78.32000
22 7 21 05 50 27053.00000 36.09300000 1670.04000 98.65000 15.94700 78.32000
22 7 21 05 50 27059.80000 36.09300000 1670.60000 98.65000 15.94700 78.32000
22 7 21 05 51 27060.40000 36.09300000 1670.69000 98.65000 15.94700 78.32000
22 7 21 05 51 27049.00000 36.09300000 1670.05000 98.67000 15.94700 78.32000
22 7 21 05 52 27055.90000 36.09300000 1668.96000 98.64000 15.94700 78.32000
22 7 21 05 52 27055.00000 36.09300000 1668.96000 98.64000 15.94700 78.32000
22 7 21 05 52 27055.00000 36.09300000 1668.71000 98.64000 15.94700 78.32000
22 7 21 05 53 27055.00000 36.09300000 1669.40000 98.64000 15.94700 78.32000
22 7 21 05 53 27060.60000 36.09300000 1669.38000 98.64000 15.94700 78.32000
22 7 21 05 54 27060.60000 36.04900000 1669.38000 98.64000 15.94700 78.32000
