M=[
24 4 20 20 31 6978.20000 5.20500000 174.58000 41.30000 9.38400 41.28800
24 4 20 20 32 6979.50000 5.20500000 174.69000 41.37000 9.38400 41.17400
24 4 20 20 32 6977.80000 5.20500000 174.69000 41.36000 9.38400 41.17400
24 4 20 20 33 6977.80000 5.20500000 174.64000 41.36000 9.38400 41.17400
24 4 20 20 33 6977.70000 5.20500000 174.64000 41.36000 9.38400 41.17400
24 4 20 20 34 6977.50000 5.20500000 174.64000 41.36000 9.38400 41.26900
24 4 20 20 34 6977.00000 5.20500000 174.94000 41.36000 9.38400 41.26900
24 4 20 20 34 6979.70000 5.20500000 174.70000 41.36000 9.38400 41.26900
24 4 20 20 35 6979.70000 5.20500000 174.70000 41.36000 9.40600 41.16700
24 4 20 20 35 6980.00000 5.20500000 174.94000 41.36000 9.40600 41.16700
24 4 20 20 36 6980.00000 5.20500000 174.70000 41.36000 9.40600 41.17400
24 4 20 20 36 6980.00000 5.20500000 174.70000 41.36000 9.40600 41.16700
24 4 20 20 37 6980.80000 5.20500000 174.66000 41.36000 9.40600 41.16700
24 4 20 20 37 6980.80000 5.20500000 174.68000 41.36000 9.40600 41.16700
24 4 20 20 38 6980.80000 5.20500000 174.68000 41.36000 9.44000 41.16700
24 4 20 20 38 6980.80000 5.20500000 174.64000 41.36000 9.44000 41.16700
24 4 20 20 38 6981.60000 5.20500000 174.66000 41.36000 9.44000 41.16700
24 4 20 20 39 6981.40000 5.20500000 174.64000 41.34000 9.44000 41.16700
24 4 20 20 39 6981.40000 5.20500000 174.64000 41.30000 9.44000 41.16700
24 4 20 20 40 6981.20000 5.20500000 174.63000 41.36000 9.44000 41.16700
24 4 20 20 40 6981.30000 5.20500000 174.63000 41.30000 9.44000 41.16700
24 4 20 20 41 6981.30000 5.20500000 174.64000 41.30000 9.44000 41.16700
24 4 20 20 41 6981.30000 5.20500000 174.64000 41.30000 9.44000 41.16700
24 4 20 20 42 6981.30000 5.20500000 174.64000 41.30000 9.44000 41.16700
24 4 20 20 42 6981.20000 5.20500000 174.63000 41.30000 9.44000 41.16700
24 4 20 20 42 6981.30000 5.20500000 174.60000 41.30000 9.44000 41.16700
24 4 20 20 43 6981.30000 5.20500000 174.60000 41.30000 9.44000 41.16700
24 4 20 20 43 6981.30000 5.20500000 174.59000 41.30000 9.44000 41.16700
24 4 20 20 44 6981.20000 5.20500000 174.59000 41.29000 9.44000 41.16700
24 4 20 20 44 6981.20000 5.20500000 174.59000 41.30000 9.44000 41.16700
24 4 20 20 45 6981.30000 5.20500000 174.57000 41.29000 9.44000 41.16700
24 4 20 20 45 6981.30000 5.20500000 174.53000 41.32000 9.44000 41.16700
24 4 20 20 46 6981.20000 5.19900000 174.53000 41.32000 9.44000 41.28800
24 4 20 20 46 6981.30000 5.22000000 174.53000 41.32000 9.44000 41.16700
24 4 20 20 46 6981.20000 5.22000000 174.40000 41.32000 9.44000 41.16700
24 4 20 20 47 6981.70000 5.19900000 174.40000 41.32000 9.44000 41.16700
24 4 20 20 47 6981.70000 5.22000000 174.42000 41.32000 9.44000 41.16700
24 4 20 20 48 6977.90000 5.19900000 174.33000 41.34000 9.44000 41.16700
24 4 20 20 48 6976.80000 5.19900000 174.32000 41.34000 9.44000 41.21300
24 4 20 20 49 6975.10000 5.19900000 174.29000 41.34000 9.44000 41.21300
24 4 20 20 49 6973.10000 5.19900000 174.24000 41.29000 9.44000 41.21300
24 4 20 20 50 6973.70000 5.19900000 174.29000 41.28000 9.44000 41.20000
24 4 20 20 50 6973.60000 5.19900000 174.25000 41.28000 9.44000 41.20000
24 4 20 20 50 6973.20000 5.19900000 174.25000 41.28000 9.44000 41.20000
24 4 20 20 51 6973.20000 5.19900000 174.24000 41.28000 9.44000 41.20000
24 4 20 20 51 6973.10000 5.19900000 174.25000 41.28000 9.44000 41.20000
24 4 20 20 52 6973.10000 5.19900000 174.22000 41.28000 9.44000 41.20000
24 4 20 20 52 6970.00000 5.19900000 174.22000 41.28000 9.44000 41.20000
24 4 20 20 53 6964.10000 5.19900000 174.22000 41.28000 9.44000 41.20000
24 4 20 20 53 6962.90000 5.22000000 174.05000 41.28000 9.44000 41.18200
24 4 20 20 54 6962.50000 5.19900000 174.24000 41.28000 9.44000 41.18200
24 4 20 20 54 6962.50000 5.19900000 174.03000 41.28000 9.44000 41.18200
24 4 20 20 54 6962.50000 5.19900000 174.13000 41.28000 9.44000 41.19800
24 4 20 20 55 6962.50000 5.19900000 174.05000 41.28000 9.44000 41.19800
24 4 20 20 55 6962.50000 5.19900000 173.94000 41.29000 9.44000 41.19800
24 4 20 20 56 6962.50000 5.19900000 173.95000 41.29000 9.44000 41.19800
24 4 20 20 56 6962.50000 5.18900000 173.96000 41.29000 9.44000 41.19800
24 4 20 20 57 6962.50000 5.20100000 173.93000 41.29000 9.44000 41.19800
24 4 20 20 57 6962.50000 5.20100000 173.93000 41.29000 9.44000 41.17400
24 4 20 20 58 6962.50000 5.20100000 173.93000 41.29000 9.44000 41.19800
24 4 20 20 58 6962.40000 5.20100000 173.92000 41.26000 9.44000 41.19800
24 4 20 20 58 6962.30000 5.20100000 173.90000 41.25000 9.44000 41.19800
24 4 20 20 59 6962.40000 5.20100000 173.92000 41.25000 9.44000 41.19800
24 4 20 20 59 6962.40000 5.20100000 173.88000 41.25000 9.44000 41.19800
24 4 20 21 00 6962.40000 5.20100000 173.91000 41.29000 9.44000 41.19800
24 4 20 21 00 6967.30000 5.20100000 174.05000 41.29000 9.44000 41.19800
24 4 20 21 01 6967.10000 5.20100000 174.22000 41.29000 9.44000 41.19800
24 4 20 21 01 6967.50000 5.22000000 174.22000 41.29000 9.44000 41.19800
24 4 20 21 02 6968.10000 5.20100000 174.22000 41.29000 9.44000 41.19800
24 4 20 21 02 6968.10000 5.20100000 174.22000 41.29000 9.44000 41.19800
24 4 20 21 02 6968.10000 5.20100000 174.21000 41.34000 9.44000 41.19800
24 4 20 21 03 6968.10000 5.20100000 174.21000 41.34000 9.44000 41.13000
24 4 20 21 03 6973.70000 5.22000000 174.44000 41.34000 9.44000 41.19800
24 4 20 21 04 6975.30000 5.20100000 174.48000 41.34000 9.44000 41.18800
24 4 20 21 04 6975.30000 5.20100000 174.48000 41.34000 9.44000 41.18800
24 4 20 21 05 6975.40000 5.20100000 174.48000 41.34000 9.44000 41.18800
24 4 20 21 05 6974.60000 5.20100000 174.48000 41.34000 9.44000 41.18800
24 4 20 21 06 6975.00000 5.20100000 174.48000 41.33000 9.44000 41.18800
24 4 20 21 06 6974.70000 5.20100000 174.48000 41.33000 9.44000 41.13000
24 4 20 21 06 6974.70000 5.20100000 174.48000 41.33000 9.44000 41.18800
24 4 20 21 07 6975.40000 5.20100000 174.48000 41.29000 9.44000 41.18800
24 4 20 21 07 6975.40000 5.20100000 174.53000 41.33000 9.44000 41.11900
24 4 20 21 08 6975.20000 5.20100000 174.50000 41.33000 9.44000 41.11900
24 4 20 21 08 6975.30000 5.20100000 174.50000 41.33000 9.44000 41.11900
24 4 20 21 09 6975.40000 5.20100000 174.50000 41.33000 9.44000 41.11900
24 4 20 21 09 6976.50000 5.20100000 174.53000 41.33000 9.44000 41.11900
24 4 20 21 10 6976.50000 5.20100000 174.59000 41.29000 9.44000 41.11900
24 4 20 21 10 6976.80000 5.20100000 174.61000 41.40000 9.44000 41.11900
24 4 20 21 10 6978.10000 5.20100000 174.61000 41.40000 9.44000 41.11900
24 4 20 21 11 6977.90000 5.20100000 174.59000 41.40000 9.44000 41.11900
24 4 20 21 11 6977.50000 5.20100000 174.59000 41.40000 9.44000 41.19800
24 4 20 21 12 6977.50000 5.20100000 174.56000 41.40000 9.44000 41.11900
24 4 20 21 12 6977.10000 5.20100000 174.56000 41.40000 9.44000 41.11900
24 4 20 21 13 6979.80000 5.20100000 174.56000 41.40000 9.44000 41.11900
24 4 20 21 13 6977.50000 5.20100000 174.55000 41.40000 9.44000 41.11900
24 4 20 21 14 6979.20000 5.20100000 174.55000 41.36000 9.44000 41.11900
24 4 20 21 14 6979.90000 5.20100000 174.55000 41.36000 9.44000 41.21800
24 4 20 21 14 6980.00000 5.20100000 174.55000 41.37000 9.44000 41.21800
24 4 20 21 15 6979.20000 5.20100000 174.61000 41.37000 9.44000 41.21800
24 4 20 21 15 6978.80000 5.20100000 174.61000 41.37000 9.44000 41.21800
24 4 20 21 16 6980.00000 5.20100000 174.61000 41.40000 9.44000 41.21800
24 4 20 21 16 6980.00000 5.20100000 174.61000 41.40000 9.44000 41.21800
24 4 20 21 17 6980.00000 5.20100000 174.61000 41.40000 9.44000 41.21000
24 4 20 21 17 6979.90000 5.20100000 174.61000 41.40000 9.44000 41.21000
24 4 20 21 17 6979.30000 5.20100000 174.60000 41.40000 9.44000 41.21000
24 4 20 21 18 6978.90000 5.20100000 174.60000 41.40000 9.44000 41.21000
24 4 20 21 18 6978.80000 5.20100000 174.60000 41.40000 9.44000 41.21000
24 4 20 21 19 6979.90000 5.20100000 174.61000 41.37000 9.44000 41.21000
24 4 20 21 19 6980.00000 5.20100000 174.70000 41.37000 9.43300 41.21000
24 4 20 21 20 6979.90000 5.20100000 174.70000 41.37000 9.43300 41.21000
24 4 20 21 20 6980.00000 5.20100000 174.70000 41.37000 9.43300 41.21000
