M=[
28 5 20 16 57 8532.00000 6.14200000 193.37000 40.03000 11.58800 42.50000
28 5 20 16 57 8532.10000 6.14200000 193.18000 40.03000 11.58800 42.50000
28 5 20 16 58 8532.10000 6.14200000 193.07000 40.03000 11.58800 42.50000
28 5 20 16 58 8532.00000 6.14200000 193.16000 40.04000 11.58800 42.50000
28 5 20 16 59 8528.10000 6.14200000 193.15000 40.03000 11.58800 42.50000
28 5 20 16 59 8532.30000 6.14200000 193.15000 40.03000 11.58800 42.50000
28 5 20 17 00 8531.40000 6.14200000 193.14000 40.03000 11.58800 42.50000
28 5 20 17 00 8534.50000 6.14200000 193.37000 40.04000 11.58800 42.50000
28 5 20 17 01 8534.70000 6.17100000 193.37000 40.03000 11.58800 42.50000
28 5 20 17 01 8534.50000 6.14900000 193.37000 40.03000 11.56000 42.50000
28 5 20 17 02 8539.20000 6.14900000 193.43000 40.04000 11.58800 42.50000
28 5 20 17 02 8538.70000 6.14900000 193.30000 40.04000 11.58800 42.50000
28 5 20 17 03 8538.70000 6.14900000 193.35000 40.03000 11.58800 42.50000
28 5 20 17 03 8538.60000 6.14900000 193.35000 39.99000 11.58000 42.50000
28 5 20 17 04 8533.50000 6.14900000 193.31000 39.99000 11.58800 42.50000
28 5 20 17 04 8532.90000 6.14900000 193.18000 39.95000 11.56000 42.50000
28 5 20 17 05 8534.20000 6.14900000 193.18000 39.95000 11.56000 42.50000
28 5 20 17 05 8530.90000 6.15100000 193.05000 39.95000 11.58800 42.50000
28 5 20 17 06 8535.10000 6.14900000 193.30000 39.95000 11.58800 42.50000
28 5 20 17 06 8532.20000 6.14900000 193.06000 39.95000 11.58800 42.50000
28 5 20 17 07 8532.20000 6.14900000 193.10000 39.99000 11.58800 42.50000
28 5 20 17 07 8532.10000 6.14900000 193.06000 40.01000 11.58800 42.50000
28 5 20 17 08 8532.70000 6.17100000 193.06000 40.01000 11.58800 42.50000
28 5 20 17 08 8532.40000 6.14900000 193.06000 40.01000 11.58800 42.50000
28 5 20 17 09 8532.20000 6.14900000 192.98000 40.01000 11.58800 42.50000
28 5 20 17 09 8532.20000 6.14900000 192.99000 40.01000 11.58800 42.50000
28 5 20 17 10 8525.00000 6.14900000 192.99000 39.97000 11.58800 42.50000
28 5 20 17 10 8527.30000 6.15100000 193.00000 39.97000 11.58800 42.50000
28 5 20 17 11 8529.70000 6.14900000 192.99000 39.97000 11.58800 42.50000
28 5 20 17 11 8530.80000 6.14900000 192.99000 39.97000 11.58800 42.50000
28 5 20 17 12 8529.80000 6.14900000 192.99000 39.97000 11.58800 42.50000
28 5 20 17 12 8532.50000 6.14900000 192.99000 39.97000 11.58800 42.50000
28 5 20 17 13 8531.60000 6.14900000 193.00000 39.97000 11.58800 42.50000
28 5 20 17 13 8534.80000 6.14900000 192.99000 39.97000 11.56000 42.50000
28 5 20 17 14 8531.80000 6.14900000 192.99000 39.97000 11.58000 42.50000
28 5 20 17 14 8534.30000 6.14900000 193.00000 39.97000 11.56000 42.50000
28 5 20 17 15 8531.60000 6.14900000 193.00000 39.97000 11.58000 42.50000
28 5 20 17 15 8531.90000 6.14900000 192.99000 39.97000 11.58800 42.50000
28 5 20 17 16 8531.80000 6.14900000 192.97000 39.97000 11.58800 42.50000
28 5 20 17 16 8531.80000 6.14900000 192.97000 39.97000 11.58800 42.50000
28 5 20 17 17 8531.80000 6.14900000 192.96000 39.97000 11.58800 42.50000
28 5 20 17 17 8529.70000 6.14900000 192.98000 39.97000 11.58800 42.50000
28 5 20 17 18 8531.90000 6.14900000 193.12000 39.97000 11.58800 42.50000
28 5 20 17 18 8533.10000 6.14900000 193.11000 39.97000 11.58800 42.50000
28 5 20 17 19 8533.10000 6.14900000 193.12000 39.97000 11.56000 42.50000
28 5 20 17 19 8534.40000 6.14900000 193.12000 39.97000 11.58800 42.50000
28 5 20 17 20 8534.90000 6.13100000 193.12000 39.97000 11.58800 42.38800
28 5 20 17 20 8534.90000 6.13100000 193.44000 39.97000 11.58800 42.38800
28 5 20 17 21 8535.00000 6.13100000 193.52000 39.97000 11.58800 42.38800
28 5 20 17 21 8534.90000 6.14900000 193.44000 39.97000 11.58800 42.38800
28 5 20 17 22 8535.00000 6.15000000 193.47000 39.97000 11.58800 42.38800
28 5 20 17 22 8534.90000 6.15000000 193.34000 39.97000 11.58800 42.38800
28 5 20 17 23 8535.00000 6.15000000 193.50000 39.97000 11.58800 42.50000
28 5 20 17 23 8535.00000 6.15000000 193.50000 39.97000 11.58800 42.38800
28 5 20 17 24 8534.90000 6.15000000 193.50000 39.97000 11.58800 42.38800
28 5 20 17 24 8534.90000 6.15000000 193.50000 39.99000 11.58800 42.55400
28 5 20 17 25 8534.90000 6.15000000 193.49000 39.99000 11.58800 42.38800
28 5 20 17 25 8535.00000 6.15000000 193.53000 40.00000 11.58800 42.38800
28 5 20 17 26 8534.70000 6.15000000 193.53000 40.00000 11.56000 42.50000
28 5 20 17 26 8534.70000 6.15000000 193.44000 40.00000 11.58800 42.38800
28 5 20 17 27 8534.80000 6.15000000 193.41000 40.00000 11.58800 42.38800
28 5 20 17 27 8534.70000 6.15000000 193.42000 40.00000 11.58800 42.38800
28 5 20 17 28 8533.40000 6.15000000 193.44000 40.00000 11.58800 42.38800
28 5 20 17 28 8533.30000 6.15000000 193.35000 39.95000 11.58800 42.50000
28 5 20 17 29 8533.30000 6.15000000 193.36000 39.94000 11.58800 42.38800
28 5 20 17 29 8533.40000 6.15000000 193.33000 39.94000 11.58800 42.38800
28 5 20 17 30 8533.40000 6.15000000 193.38000 39.94000 11.58800 42.38800
28 5 20 17 30 8533.40000 6.15000000 193.48000 39.94000 11.58800 42.38800
28 5 20 17 31 8533.40000 6.15000000 193.42000 39.98000 11.58800 42.38800
28 5 20 17 31 8534.30000 6.15000000 193.42000 39.98000 11.58800 42.38800
28 5 20 17 32 8535.00000 6.15000000 193.33000 39.98000 11.58800 42.38800
28 5 20 17 32 8533.30000 6.13100000 193.38000 39.98000 11.58800 42.38800
28 5 20 17 33 8534.20000 6.15000000 193.46000 39.98000 11.58800 42.38800
28 5 20 17 33 8533.10000 6.15000000 193.39000 39.94000 11.58800 42.38800
28 5 20 17 34 8533.20000 6.15000000 193.39000 39.94000 11.58800 42.38800
28 5 20 17 34 8533.10000 6.15000000 193.41000 39.94000 11.58800 42.38800
28 5 20 17 35 8533.10000 6.13000000 193.34000 39.94000 11.58800 42.38800
28 5 20 17 35 8533.10000 6.13000000 193.34000 39.94000 11.58800 42.38800
28 5 20 17 36 8533.10000 6.13000000 193.39000 39.94000 11.58800 42.38800
28 5 20 17 36 8533.10000 6.15000000 193.39000 39.94000 11.58800 42.38800
28 5 20 17 36 8531.30000 6.13000000 193.38000 39.94000 11.56000 42.50000
28 5 20 17 37 8532.40000 6.13000000 193.33000 39.94000 11.58800 42.38800
28 5 20 17 37 8532.90000 6.13000000 193.35000 39.94000 11.56000 42.38800
28 5 20 17 38 8531.20000 6.13000000 193.35000 39.94000 11.58800 42.55400
28 5 20 17 38 8531.20000 6.13000000 193.35000 39.93000 11.58800 42.38800
28 5 20 17 39 8530.20000 6.13000000 193.35000 39.93000 11.58800 42.38800
28 5 20 17 39 8530.20000 6.13000000 193.35000 39.93000 11.58800 42.38800
28 5 20 17 40 8530.30000 6.15000000 193.35000 39.93000 11.58800 42.38800
28 5 20 17 40 8530.30000 6.13000000 193.23000 39.93000 11.58800 42.38800
28 5 20 17 41 8533.10000 6.13000000 193.31000 39.93000 11.58800 42.38800
28 5 20 17 41 8531.70000 6.13100000 193.29000 39.94000 11.58800 42.38800
28 5 20 17 42 8530.80000 6.13000000 193.29000 39.98000 11.58800 42.38800
28 5 20 17 42 8530.10000 6.13000000 193.30000 39.99000 11.58800 42.38800
28 5 20 17 43 8530.10000 6.13000000 193.30000 39.99000 11.58800 42.38800
28 5 20 17 43 8530.00000 6.13000000 193.23000 39.97000 11.58800 42.38800
28 5 20 17 44 8544.70000 6.13000000 193.38000 39.99000 11.58800 42.38800
28 5 20 17 44 8544.80000 6.13000000 193.59000 39.99000 11.58800 42.38800
28 5 20 17 45 8530.10000 6.13000000 193.64000 39.99000 11.58800 42.50000
28 5 20 17 45 8549.50000 6.13000000 193.64000 39.99000 11.58800 42.38800
28 5 20 17 46 8548.00000 6.13000000 193.71000 39.99000 11.58800 42.38800
28 5 20 17 46 8550.00000 6.13000000 193.72000 40.05000 11.58800 42.38800
28 5 20 17 47 8549.50000 6.15000000 193.72000 39.99000 11.58800 42.38800
28 5 20 17 47 8548.60000 6.13000000 193.72000 40.07000 11.58800 42.38800
28 5 20 17 48 8550.30000 6.13400000 193.72000 40.06000 11.56000 42.38800
28 5 20 17 48 8547.70000 6.13400000 193.72000 40.07000 11.58800 42.38800
28 5 20 17 49 8549.20000 6.13400000 193.72000 40.07000 11.58800 42.38800
28 5 20 17 49 8550.10000 6.13400000 193.72000 40.07000 11.58800 42.38800
28 5 20 17 50 8549.00000 6.13400000 193.69000 40.07000 11.58800 42.38800
28 5 20 17 50 8550.00000 6.13400000 193.60000 40.07000 11.58800 42.38800
