M=[
11 2 21 02 20 36873.80000 9.08200000 1423.01000 148.57000 21.64900 96.37600
11 2 21 02 21 36876.90000 9.08200000 1423.01000 148.57000 21.64900 96.37600
11 2 21 02 21 36858.20000 9.08200000 1423.01000 148.57000 21.64900 96.37600
11 2 21 02 22 36858.00000 9.08200000 1423.01000 148.57000 21.48900 96.37600
11 2 21 02 22 36858.00000 9.08200000 1423.01000 148.57000 21.48900 96.37600
11 2 21 02 22 36852.60000 9.08300000 1423.01000 148.57000 21.48900 96.37600
11 2 21 02 23 36852.50000 9.08300000 1423.01000 148.45000 21.48900 96.37600
11 2 21 02 23 36852.50000 9.08300000 1422.78000 148.45000 21.48900 96.37600
11 2 21 02 24 36852.60000 9.08300000 1423.04000 148.36000 21.48900 96.37600
11 2 21 02 24 36852.60000 9.08300000 1423.04000 148.48000 21.48900 96.37600
11 2 21 02 25 36852.80000 9.08300000 1423.04000 148.41000 21.48900 96.37600
11 2 21 02 25 36852.70000 9.08300000 1423.04000 148.41000 21.48900 96.37600
11 2 21 02 25 36852.70000 9.08300000 1423.04000 148.41000 21.48900 96.37600
11 2 21 02 26 36852.70000 9.08300000 1423.04000 148.43000 21.48900 96.37600
11 2 21 02 26 36844.20000 9.11100000 1423.04000 148.43000 21.48900 96.37600
11 2 21 02 27 36844.20000 9.11100000 1423.02000 148.43000 21.48900 96.37600
11 2 21 02 27 36844.10000 9.11100000 1423.03000 148.43000 21.48900 96.37600
11 2 21 02 28 36844.10000 9.11400000 1423.06000 148.51000 21.48900 96.37600
11 2 21 02 28 36844.00000 9.11100000 1423.05000 148.51000 21.48900 96.37600
11 2 21 02 28 36844.00000 9.11100000 1423.05000 148.51000 21.48900 96.37600
11 2 21 02 29 36844.00000 9.11100000 1423.37000 148.51000 21.48900 96.37600
11 2 21 02 29 36834.50000 9.11100000 1423.37000 148.54000 21.48900 96.37600
11 2 21 02 30 36817.00000 9.11100000 1422.91000 148.54000 21.48900 96.37600
11 2 21 02 30 36826.80000 9.08300000 1422.91000 148.54000 21.48900 96.37600
11 2 21 02 31 36826.70000 9.08300000 1422.99000 148.54000 21.48900 96.37600
11 2 21 02 31 36814.70000 9.08300000 1422.99000 148.54000 21.48900 96.37600
11 2 21 02 31 36815.80000 9.08300000 1422.99000 148.56000 21.48900 96.79000
11 2 21 02 32 36826.70000 9.08300000 1422.99000 148.56000 21.48900 96.79000
11 2 21 02 32 36816.70000 9.08300000 1422.99000 148.49000 21.48900 96.51300
11 2 21 02 33 36822.00000 9.08300000 1422.99000 148.49000 21.48900 96.51300
11 2 21 02 33 36822.10000 9.08300000 1423.00000 148.46000 21.48900 96.51300
11 2 21 02 34 36816.80000 9.02300000 1422.99000 148.45000 21.48900 96.51300
11 2 21 02 34 36806.60000 9.02300000 1422.99000 148.40000 21.48900 96.51300
11 2 21 02 34 36806.60000 9.02300000 1422.99000 148.40000 21.48900 96.51300
11 2 21 02 35 36816.80000 9.02300000 1423.00000 148.40000 21.48900 96.51300
11 2 21 02 35 36836.30000 9.02300000 1422.73000 148.40000 21.48900 96.51300
11 2 21 02 36 36822.80000 9.02300000 1422.60000 148.40000 21.48900 96.51300
11 2 21 02 36 36833.60000 9.02300000 1422.60000 148.40000 21.48900 96.51300
11 2 21 02 37 36833.60000 9.10000000 1422.59000 148.40000 21.48900 96.51300
11 2 21 02 37 36842.90000 9.10000000 1422.59000 148.40000 21.48900 96.51300
11 2 21 02 38 36842.90000 9.10000000 1422.60000 148.40000 21.48900 96.51300
11 2 21 02 38 36842.80000 9.07900000 1422.62000 148.45000 21.48900 96.51300
11 2 21 02 38 36842.90000 9.07900000 1422.62000 148.45000 21.48900 96.51300
11 2 21 02 39 36843.00000 9.07900000 1422.99000 148.45000 21.48900 96.51300
11 2 21 02 39 36860.00000 9.07900000 1424.63000 148.45000 21.48900 96.51400
11 2 21 02 40 36898.20000 9.08100000 1424.63000 148.45000 21.48900 96.51400
11 2 21 02 40 36892.10000 9.08100000 1424.63000 148.50000 21.48900 96.51400
11 2 21 02 41 36898.30000 9.08100000 1424.98000 148.50000 21.48900 96.51400
11 2 21 02 41 36926.90000 9.08100000 1425.07000 148.50000 21.48900 96.51400
11 2 21 02 41 36919.40000 9.08100000 1425.08000 148.50000 21.48900 96.51400
11 2 21 02 42 36897.40000 9.08100000 1425.08000 148.50000 21.48900 96.51400
11 2 21 02 42 36889.30000 9.10900000 1424.45000 148.49000 21.48900 96.51400
11 2 21 02 43 36925.90000 9.10900000 1424.45000 148.49000 21.48900 96.51400
11 2 21 02 43 36891.90000 9.10900000 1424.80000 148.49000 21.48900 96.51400
11 2 21 02 44 36891.90000 9.11200000 1424.72000 148.49000 21.48900 96.51400
11 2 21 02 44 36897.90000 9.12400000 1424.72000 148.49000 21.48900 96.51400
11 2 21 02 44 36898.70000 9.12400000 1424.72000 148.49000 21.48900 96.51400
11 2 21 02 45 36927.10000 9.12400000 1424.86000 148.49000 21.48900 96.51400
11 2 21 02 45 36928.70000 9.12400000 1424.89000 148.49000 21.48900 96.51400
11 2 21 02 46 36907.70000 9.12400000 1424.87000 148.46000 21.62100 96.51400
11 2 21 02 46 36907.70000 9.12400000 1424.88000 148.46000 21.62100 96.51400
11 2 21 02 47 36946.20000 9.12400000 1426.65000 148.46000 21.62100 96.51400
11 2 21 02 47 36940.80000 9.12400000 1426.65000 148.46000 21.62100 96.51400
11 2 21 02 47 36948.10000 9.15100000 1426.65000 148.46000 21.62100 96.51400
11 2 21 02 48 36951.20000 9.15100000 1426.65000 148.62000 21.62100 96.51400
11 2 21 02 48 36953.40000 9.15100000 1426.65000 148.62000 21.62100 96.51400
11 2 21 02 49 36963.60000 9.15100000 1426.64000 148.64000 21.62100 96.51400
11 2 21 02 49 36963.60000 9.15100000 1426.64000 148.65000 21.62100 96.51400
11 2 21 02 50 36959.60000 9.15100000 1426.65000 148.65000 21.62100 96.51400
11 2 21 02 50 36964.40000 9.15100000 1426.65000 148.65000 21.62100 96.51400
11 2 21 02 50 36965.50000 9.15100000 1426.65000 148.65000 21.62100 96.51400
11 2 21 02 51 36975.80000 9.15100000 1427.95000 148.65000 21.62100 96.51400
11 2 21 02 51 36997.90000 9.15100000 1428.91000 148.65000 21.62100 96.51400
11 2 21 02 52 37024.10000 9.15100000 1429.99000 148.69000 21.62100 96.51400
11 2 21 02 52 37003.60000 9.15100000 1430.00000 148.69000 21.62100 96.51400
11 2 21 02 53 37020.60000 9.15100000 1430.38000 148.69000 21.62100 96.51400
11 2 21 02 53 37023.30000 9.15100000 1430.54000 148.82000 21.62100 96.51400
11 2 21 02 53 37023.30000 9.15100000 1430.01000 148.99000 21.62100 96.51400
11 2 21 02 54 37011.20000 9.12600000 1429.61000 148.99000 21.62100 96.51400
11 2 21 02 54 37008.20000 9.12600000 1430.30000 148.99000 21.62100 96.51400
11 2 21 02 55 37010.10000 9.18500000 1429.62000 148.99000 21.76700 96.51400
11 2 21 02 55 37005.00000 9.18500000 1430.83000 148.99000 21.76700 96.51400
11 2 21 02 56 37004.50000 9.18500000 1429.71000 148.99000 21.76700 96.48600
11 2 21 02 56 36995.00000 9.18500000 1429.49000 148.99000 21.76700 96.48600
11 2 21 02 56 36973.00000 9.13500000 1429.44000 148.99000 21.76700 96.48600
11 2 21 02 57 36973.00000 9.13500000 1429.15000 148.99000 21.76700 96.48600
11 2 21 02 57 36976.20000 9.13500000 1429.15000 148.99000 21.76700 96.48600
11 2 21 02 58 37003.20000 9.13500000 1429.59000 148.99000 21.76700 96.48600
11 2 21 02 58 37015.10000 9.13500000 1429.99000 149.06000 21.76700 96.69100
11 2 21 02 59 37022.10000 9.13500000 1430.00000 149.08000 21.76700 96.69100
11 2 21 02 59 37015.90000 9.13500000 1430.00000 149.08000 21.76700 96.69100
11 2 21 02 59 37015.90000 9.13500000 1430.99000 149.20000 21.76700 96.69100
11 2 21 03 00 37015.10000 9.13500000 1431.63000 149.14000 21.76700 96.69100
11 2 21 03 00 37000.30000 9.13500000 1430.48000 148.99000 21.76700 96.69100
11 2 21 03 01 37012.30000 9.13500000 1430.48000 148.99000 21.76700 96.69100
11 2 21 03 01 37014.80000 9.13500000 1431.10000 148.99000 21.76700 96.69100
11 2 21 03 02 36998.90000 9.13500000 1431.10000 148.99000 21.76700 96.69100
11 2 21 03 02 36976.50000 9.13500000 1431.62000 148.99000 21.76700 96.69100
11 2 21 03 02 36975.80000 9.12800000 1430.90000 148.84000 21.76700 96.69100
11 2 21 03 03 37019.60000 9.12700000 1430.90000 148.84000 21.76700 96.69100
11 2 21 03 03 37013.10000 9.12000000 1431.10000 148.84000 21.76700 96.69100
11 2 21 03 04 37007.20000 9.12000000 1431.10000 148.84000 21.76700 96.69100
11 2 21 03 04 36982.10000 9.12000000 1431.09000 148.73000 21.76700 96.69100
11 2 21 03 05 37024.50000 9.12000000 1431.99000 148.73000 21.76700 96.69100
11 2 21 03 05 37024.60000 9.12200000 1431.81000 148.73000 21.76700 96.69100
