M=[
 5 2 21 03 07 30971.20000 6.47700000 1361.16000 124.40000 17.91400 75.56900
 5 2 21 03 07 30975.10000 6.47700000 1362.47000 124.03000 17.91400 75.56900
 5 2 21 03 07 30985.00000 6.47700000 1364.43000 123.95000 17.91400 75.56900
 5 2 21 03 08 31008.90000 6.47700000 1365.00000 124.04000 17.91400 75.56900
 5 2 21 03 08 31028.00000 6.48500000 1368.46000 124.20000 17.91400 75.56900
 5 2 21 03 09 31033.40000 6.48000000 1371.59000 124.29000 17.91400 75.56900
 5 2 21 03 09 31040.60000 6.48000000 1368.96000 124.16000 17.91400 75.56900
 5 2 21 03 10 31027.30000 6.48000000 1370.55000 124.21000 17.91400 75.56900
 5 2 21 03 10 31053.10000 6.48000000 1373.81000 124.40000 17.91400 75.56900
 5 2 21 03 10 31063.50000 6.48000000 1374.64000 124.49000 17.91400 75.56900
 5 2 21 03 11 31063.70000 6.47900000 1374.24000 124.51000 17.91400 75.56900
 5 2 21 03 11 31060.40000 6.48100000 1378.00000 124.52000 17.91400 75.56900
 5 2 21 03 12 31060.50000 6.48100000 1374.99000 124.30000 17.91400 75.56900
 5 2 21 03 12 31060.50000 6.48100000 1374.99000 124.38000 17.91300 75.56900
 5 2 21 03 13 31159.70000 6.48100000 1376.32000 124.79000 17.91300 75.56900
 5 2 21 03 13 31181.40000 6.48100000 1375.63000 124.72000 17.91300 75.56900
 5 2 21 03 13 31185.40000 6.47800000 1376.34000 124.78000 17.91300 75.56900
 5 2 21 03 14 31220.30000 6.47800000 1377.52000 124.80000 17.91300 75.56900
 5 2 21 03 14 31207.30000 6.47800000 1377.55000 124.82000 17.91300 75.56900
 5 2 21 03 15 31203.50000 6.47800000 1377.79000 124.85000 17.91300 75.56900
 5 2 21 03 15 31197.50000 6.47800000 1375.55000 124.81000 17.91300 75.56900
 5 2 21 03 16 31214.60000 6.47800000 1376.14000 124.81000 17.91300 75.56900
 5 2 21 03 16 31222.80000 6.47800000 1378.74000 124.80000 17.91300 75.56900
 5 2 21 03 16 31245.90000 6.48700000 1379.96000 124.93000 17.91300 75.56900
 5 2 21 03 17 31246.10000 6.48800000 1378.03000 124.93000 17.91300 75.56900
 5 2 21 03 17 31266.80000 6.48800000 1379.47000 124.93000 17.91300 75.56900
 5 2 21 03 18 31245.80000 6.49000000 1379.83000 125.00000 17.91300 75.56900
 5 2 21 03 18 31233.30000 6.48700000 1378.36000 124.99000 17.91300 75.56900
 5 2 21 03 19 31235.20000 6.48700000 1380.16000 125.00000 17.92100 75.56900
 5 2 21 03 19 31230.20000 6.48700000 1380.45000 125.00000 17.92100 75.56900
 5 2 21 03 19 31213.60000 6.48700000 1381.81000 125.00000 17.92100 75.56900
 5 2 21 03 20 31210.70000 6.48900000 1380.98000 125.00000 17.92100 75.56900
 5 2 21 03 20 31203.70000 6.49000000 1378.64000 125.00000 17.92000 75.56900
 5 2 21 03 21 31199.20000 6.49000000 1378.64000 124.89000 17.92000 75.56900
 5 2 21 03 21 31209.40000 6.49000000 1376.13000 124.89000 17.92500 75.56900
 5 2 21 03 22 31200.00000 6.49000000 1376.10000 124.89000 17.92500 75.56900
 5 2 21 03 22 31205.70000 6.49000000 1376.10000 124.84000 17.92500 75.81200
 5 2 21 03 22 31198.20000 6.49000000 1374.65000 124.84000 17.92500 75.81200
 5 2 21 03 23 31200.30000 6.49000000 1374.64000 124.84000 17.92500 75.81200
 5 2 21 03 23 31198.10000 6.49000000 1374.65000 124.84000 17.92500 75.81200
 5 2 21 03 24 31199.10000 6.49000000 1376.72000 124.84000 17.92500 76.01100
 5 2 21 03 24 31171.60000 6.49400000 1376.72000 124.84000 17.92500 76.01100
 5 2 21 03 25 31152.10000 6.49400000 1377.28000 124.59000 17.92500 76.01100
 5 2 21 03 25 31173.90000 6.49400000 1379.49000 124.73000 17.92500 76.01100
 5 2 21 03 25 31182.30000 6.49500000 1379.55000 124.73000 17.92600 76.01100
 5 2 21 03 26 31200.00000 6.49800000 1379.55000 124.70000 17.92600 76.01100
 5 2 21 03 26 31204.10000 6.49900000 1381.75000 124.70000 17.92600 76.01100
 5 2 21 03 27 31178.70000 6.49900000 1378.93000 124.67000 17.92600 76.00000
 5 2 21 03 27 31190.90000 6.49900000 1379.70000 124.60000 17.92600 76.00000
 5 2 21 03 28 31194.10000 6.49900000 1379.70000 124.57000 17.92600 76.00000
 5 2 21 03 28 31203.20000 6.49900000 1378.52000 124.53000 17.92600 76.00000
 5 2 21 03 28 31219.60000 6.49900000 1378.52000 124.51000 17.92600 76.00000
 5 2 21 03 29 31197.80000 6.49900000 1378.36000 124.42000 17.92600 76.00000
 5 2 21 03 29 31197.00000 6.49900000 1376.68000 124.42000 17.92600 76.00000
 5 2 21 03 30 31185.00000 6.49900000 1376.68000 124.07000 17.92600 76.00000
 5 2 21 03 30 31190.20000 6.49900000 1377.65000 124.07000 17.92600 76.00000
 5 2 21 03 31 31200.70000 6.49900000 1377.47000 123.98000 17.92600 75.80800
 5 2 21 03 31 31202.10000 6.49900000 1376.80000 123.98000 17.92600 75.80800
 5 2 21 03 31 31202.10000 6.49900000 1377.82000 124.18000 17.92600 75.80800
 5 2 21 03 32 31216.10000 6.49900000 1378.91000 124.18000 17.92600 75.80800
 5 2 21 03 32 31235.10000 6.49900000 1379.40000 124.18000 17.92600 75.80800
 5 2 21 03 33 31259.60000 6.49900000 1383.54000 124.18000 17.92600 75.80800
 5 2 21 03 33 31282.40000 6.49900000 1383.53000 124.31000 17.92600 75.80800
 5 2 21 03 34 31321.00000 6.49900000 1383.53000 124.31000 17.92600 75.80800
 5 2 21 03 34 31296.70000 6.49900000 1380.63000 124.31000 17.92600 75.80800
 5 2 21 03 34 31309.90000 6.49900000 1380.29000 124.31000 17.92600 75.80800
 5 2 21 03 35 31311.10000 6.49900000 1378.80000 124.30000 17.92600 75.80800
 5 2 21 03 35 31271.60000 6.49900000 1378.80000 124.25000 17.92600 75.80800
 5 2 21 03 36 31271.60000 6.49900000 1379.00000 124.25000 17.92600 75.80800
 5 2 21 03 36 31297.30000 6.49900000 1379.00000 124.25000 17.92600 75.80800
 5 2 21 03 37 31274.20000 6.49900000 1379.01000 124.32000 17.92600 75.80800
 5 2 21 03 37 31283.00000 6.49900000 1379.01000 124.42000 17.92600 75.80800
 5 2 21 03 37 31290.50000 6.49900000 1379.77000 124.60000 17.92600 75.80800
 5 2 21 03 38 31256.80000 6.49900000 1379.00000 124.54000 17.92600 75.80800
 5 2 21 03 38 31241.70000 6.49900000 1378.56000 124.54000 17.92600 75.80800
 5 2 21 03 39 31265.20000 6.49900000 1379.24000 124.54000 17.92600 75.80800
 5 2 21 03 39 31257.50000 6.49900000 1378.49000 124.54000 17.97300 75.80800
 5 2 21 03 40 31249.40000 6.49900000 1379.15000 124.54000 17.97300 75.80800
 5 2 21 03 40 31262.80000 6.49900000 1379.15000 124.48000 17.97300 75.80800
 5 2 21 03 40 31262.80000 6.49900000 1377.76000 124.47000 17.97300 75.80800
 5 2 21 03 41 31262.90000 6.49900000 1377.73000 124.46000 17.97300 75.80800
 5 2 21 03 41 31262.80000 6.49900000 1377.73000 124.46000 17.97300 75.80800
 5 2 21 03 42 31298.00000 6.49900000 1378.17000 124.46000 17.97300 75.80800
 5 2 21 03 42 31297.70000 6.49900000 1378.31000 124.45000 17.97300 75.80800
 5 2 21 03 43 31300.70000 6.49900000 1376.99000 124.45000 17.97300 75.80800
 5 2 21 03 43 31298.00000 6.49900000 1377.00000 124.45000 17.97300 75.80800
 5 2 21 03 43 31304.70000 6.49900000 1377.01000 124.41000 17.97300 75.80800
 5 2 21 03 44 31316.40000 6.49900000 1377.00000 124.42000 17.97300 75.80800
 5 2 21 03 44 31302.00000 6.49900000 1377.37000 124.36000 17.97300 75.80800
 5 2 21 03 45 31277.30000 6.49900000 1375.75000 124.34000 17.97300 75.80800
 5 2 21 03 45 31277.30000 6.49900000 1373.16000 124.34000 17.97300 75.80800
 5 2 21 03 46 31232.70000 6.49900000 1373.03000 124.34000 17.97300 75.80800
 5 2 21 03 46 31262.20000 6.49900000 1372.71000 124.05000 17.97300 75.80800
 5 2 21 03 46 31250.30000 6.49900000 1372.10000 124.05000 17.97300 75.80800
 5 2 21 03 47 31250.30000 6.49900000 1371.95000 124.05000 17.97300 75.80800
 5 2 21 03 47 31223.60000 6.49900000 1371.08000 124.05000 17.97300 75.80800
 5 2 21 03 48 31239.70000 6.49900000 1371.60000 123.80000 17.97300 75.80800
 5 2 21 03 48 31254.20000 6.49900000 1372.56000 123.80000 17.97300 75.80800
 5 2 21 03 49 31253.90000 6.49900000 1372.72000 123.96000 17.97300 75.80800
 5 2 21 03 49 31254.10000 6.49900000 1373.12000 123.96000 17.97300 75.80800
 5 2 21 03 49 31254.20000 6.49900000 1374.56000 123.96000 17.97300 75.80800
 5 2 21 03 50 31246.50000 6.49900000 1374.57000 123.96000 17.97300 75.80800
 5 2 21 03 50 31230.80000 6.49900000 1374.56000 123.96000 17.97300 75.80800
 5 2 21 03 51 31230.80000 6.49900000 1374.56000 123.96000 17.97300 75.80800
 5 2 21 03 51 31250.20000 6.49900000 1374.87000 123.96000 17.97300 75.80800
