M=[
22 8 20 21 17 9854.40000 5.67000000 330.10000 50.44000 24.80000 65.08200
22 8 20 21 17 9854.30000 5.67000000 330.10000 50.44000 24.80000 65.08200
22 8 20 21 18 9854.40000 5.67000000 330.10000 50.44000 24.85600 65.08200
22 8 20 21 18 9854.30000 5.67000000 330.10000 50.44000 24.93600 65.08200
22 8 20 21 18 9854.40000 5.67000000 330.31000 50.44000 25.00000 65.08200
22 8 20 21 19 9853.40000 5.67000000 330.41000 50.44000 25.00000 65.50500
22 8 20 21 19 9853.40000 5.67000000 330.40000 50.44000 25.06500 65.50500
22 8 20 21 20 9853.40000 5.67000000 330.38000 50.44000 25.11000 65.50500
22 8 20 21 20 9854.30000 5.67000000 330.38000 50.44000 25.04700 65.50500
22 8 20 21 21 9854.40000 5.67000000 330.38000 50.41000 25.07300 65.50500
22 8 20 21 21 9854.40000 5.67000000 330.39000 50.41000 24.98300 65.50500
22 8 20 21 22 9855.00000 5.67000000 330.51000 50.41000 24.84700 65.86300
22 8 20 21 22 9857.80000 5.67000000 330.96000 50.41000 24.78900 65.94000
22 8 20 21 23 9862.00000 5.67000000 330.96000 50.41000 24.69700 65.94000
22 8 20 21 23 9862.00000 5.67000000 330.96000 50.41000 24.62100 65.94000
22 8 20 21 24 9862.00000 5.67000000 330.95000 50.41000 24.50000 65.94000
22 8 20 21 24 9862.00000 5.67000000 330.96000 50.57000 24.50000 65.94000
22 8 20 21 25 9862.00000 5.67000000 331.00000 50.57000 24.25000 65.94000
22 8 20 21 25 9864.70000 5.67000000 331.26000 50.57000 24.26100 66.12000
22 8 20 21 26 9873.20000 5.67000000 331.49000 50.57000 24.15900 66.05300
22 8 20 21 26 9875.00000 5.67000000 331.50000 50.75000 24.00000 66.05300
22 8 20 21 27 9874.90000 5.67000000 331.73000 50.79000 23.91900 66.08500
22 8 20 21 27 9876.20000 5.67000000 331.73000 50.79000 23.88300 66.08500
22 8 20 21 28 9877.40000 5.67000000 331.83000 50.79000 24.11600 66.08500
22 8 20 21 28 9877.40000 5.67000000 331.83000 50.76000 24.11900 66.08500
22 8 20 21 29 9878.20000 5.67000000 332.01000 50.75000 24.11800 66.08500
22 8 20 21 29 9878.20000 5.67000000 332.01000 50.75000 24.11800 65.93800
22 8 20 21 30 9879.30000 5.67000000 332.05000 50.75000 24.11800 65.93800
22 8 20 21 30 9879.50000 5.67000000 332.09000 50.75000 24.11800 65.93800
22 8 20 21 31 9883.00000 5.67000000 332.09000 50.75000 24.11800 65.93800
22 8 20 21 31 9894.90000 5.67000000 332.26000 50.75000 24.11800 65.93800
22 8 20 21 32 9896.50000 5.67000000 332.35000 50.75000 24.11800 65.93800
22 8 20 21 32 9900.00000 5.67000000 332.50000 50.78000 24.11800 65.93800
22 8 20 21 33 9900.00000 5.67000000 332.50000 50.78000 24.11800 65.93800
22 8 20 21 33 9899.90000 5.67000000 332.50000 50.80000 24.13100 65.93800
22 8 20 21 34 9900.00000 5.67000000 332.50000 50.81000 24.27000 65.93800
22 8 20 21 34 9900.00000 5.67000000 332.51000 50.81000 24.27000 65.93800
22 8 20 21 34 9900.00000 5.67000000 332.51000 50.81000 24.22700 65.93800
22 8 20 21 35 9900.00000 5.67000000 332.61000 50.81000 24.22800 65.93800
22 8 20 21 35 9907.00000 5.67000000 332.80000 50.81000 24.22800 65.65300
22 8 20 21 36 9909.80000 5.67000000 332.80000 50.81000 24.33400 65.65300
22 8 20 21 36 9909.90000 5.67000000 332.79000 50.87000 24.33300 65.48000
22 8 20 21 37 9908.50000 5.67000000 332.80000 50.88000 24.33300 65.48000
22 8 20 21 38 9899.90000 5.67000000 332.62000 50.88000 24.22300 65.48000
22 8 20 21 38 9901.10000 5.67000000 332.51000 50.88000 24.39100 65.48000
22 8 20 21 39 9901.10000 5.67000000 332.80000 50.88000 24.39200 65.48000
22 8 20 21 39 9901.10000 5.67000000 332.75000 50.88000 24.39200 65.48000
22 8 20 21 40 9901.10000 5.67000000 332.75000 50.88000 24.30900 65.48000
22 8 20 21 40 9901.10000 5.67000000 332.75000 50.88000 24.41500 65.48000
22 8 20 21 41 9901.10000 5.67000000 332.78000 50.88000 24.28700 65.48000
22 8 20 21 41 9901.80000 5.67000000 332.80000 51.02000 24.29000 65.48000
22 8 20 21 41 9902.10000 5.67000000 332.80000 51.02000 24.30500 65.48000
22 8 20 21 42 9903.50000 5.67000000 332.80000 51.01000 24.30500 65.48000
22 8 20 21 42 9903.70000 5.67000000 332.86000 51.01000 24.22400 65.48000
22 8 20 21 43 9906.90000 5.67000000 333.00000 51.07000 24.38700 65.48000
22 8 20 21 43 9907.40000 5.67000000 333.21000 51.12000 24.22200 65.48000
22 8 20 21 44 9906.90000 5.67000000 333.27000 51.10000 24.20600 65.62900
22 8 20 21 44 9906.80000 5.70000000 333.78000 51.10000 24.16600 65.62900
22 8 20 21 45 9907.00000 5.70000000 333.97000 51.16000 24.16600 65.62900
22 8 20 21 45 9907.00000 5.70000000 333.73000 51.16000 23.85300 65.87900
22 8 20 21 46 9906.90000 5.70000000 333.32000 51.16000 23.85300 65.87900
22 8 20 21 47 9903.90000 5.70000000 333.32000 51.15000 23.95900 65.87900
22 8 20 21 47 9903.80000 5.70000000 333.49000 51.15000 23.95900 65.87900
22 8 20 21 48 9903.90000 5.70000000 333.65000 51.16000 23.76200 65.87900
22 8 20 21 48 9906.90000 5.70000000 333.67000 51.24000 23.76600 65.87900
22 8 20 21 48 9907.00000 5.70000000 333.50000 51.24000 23.74100 65.87900
22 8 20 21 49 9907.00000 5.70000000 333.49000 51.24000 23.63100 65.87900
22 8 20 21 50 9907.00000 5.70000000 333.47000 51.24000 23.63200 65.87900
22 8 20 21 50 9906.90000 5.70000000 333.47000 51.24000 23.60900 65.87900
22 8 20 21 51 9907.00000 5.70000000 333.47000 51.24000 23.46400 65.87900
22 8 20 21 51 9907.00000 5.70000000 333.48000 51.24000 23.63400 65.58300
22 8 20 21 52 9907.00000 5.70000000 333.49000 51.24000 23.63400 65.58300
22 8 20 21 52 9907.00000 5.70000000 333.81000 51.22000 23.53700 65.58300
22 8 20 21 53 9907.00000 5.70000000 333.80000 51.18000 23.53700 65.58300
22 8 20 21 53 9906.90000 5.70000000 333.81000 51.17000 23.53700 65.58300
22 8 20 21 53 9907.00000 5.70000000 333.82000 51.17000 23.53700 65.58300
22 8 20 21 54 9906.90000 5.70000000 333.47000 51.17000 23.53700 65.58300
22 8 20 21 54 9905.00000 5.70000000 333.47000 51.17000 23.53700 65.58300
22 8 20 21 55 9905.00000 5.70000000 333.47000 51.17000 23.53700 65.58300
22 8 20 21 55 9905.00000 5.70000000 333.79000 51.23000 23.26000 65.58300
22 8 20 21 56 9905.00000 5.70000000 333.79000 51.24000 23.26000 65.58300
22 8 20 21 56 9905.00000 5.70000000 333.79000 51.24000 23.26000 65.58300
22 8 20 21 57 9905.10000 5.70000000 333.59000 51.24000 23.26000 65.58300
22 8 20 21 57 9905.90000 5.70000000 333.76000 51.24000 23.26000 65.58300
22 8 20 21 58 9905.60000 5.70000000 334.00000 51.24000 23.37700 65.58300
22 8 20 21 58 9906.10000 5.70000000 334.00000 51.24000 23.37700 65.58300
22 8 20 21 59 9906.00000 5.70000000 334.00000 51.26000 23.37700 65.58300
22 8 20 21 59 9906.20000 5.70000000 334.00000 51.26000 23.37700 65.58300
22 8 20 22 00 9907.00000 5.70000000 334.00000 51.26000 23.21700 65.58300
22 8 20 22 00 9908.00000 5.70000000 334.73000 51.26000 23.21700 65.58300
22 8 20 22 01 9910.00000 5.70000000 334.90000 51.26000 23.21700 65.58300
22 8 20 22 01 9914.70000 5.70000000 335.24000 51.26000 23.21700 65.95000
22 8 20 22 02 9915.60000 5.70000000 335.29000 51.26000 23.21700 65.95000
22 8 20 22 02 9915.50000 5.70000000 335.38000 51.26000 23.21700 65.95000
22 8 20 22 03 9921.80000 5.70000000 335.67000 51.35000 23.21700 65.95000
22 8 20 22 03 9916.10000 5.70000000 335.51000 51.32000 23.21800 65.95000
22 8 20 22 04 9916.20000 5.70000000 335.33000 51.32000 23.28100 65.95000
22 8 20 22 04 9916.10000 5.70000000 335.32000 51.32000 23.28100 65.95000
22 8 20 22 05 9915.50000 5.70000000 335.01000 51.32000 23.28100 65.95000
22 8 20 22 05 9910.10000 5.70000000 335.01000 51.32000 23.28100 65.95000
22 8 20 22 06 9906.20000 5.70000000 334.64000 51.26000 23.12000 65.95000
22 8 20 22 07 9909.30000 5.70000000 334.35000 51.14000 23.07700 65.95000
22 8 20 22 07 9908.70000 5.70000000 334.46000 51.20000 23.07700 65.95000
22 8 20 22 08 9908.60000 5.70000000 334.28000 51.20000 23.10500 65.95000
22 8 20 22 08 9908.70000 5.70000000 334.43000 51.20000 23.10500 65.95000
22 8 20 22 09 9909.70000 5.70000000 334.43000 51.20000 23.10500 65.95000
22 8 20 22 09 9908.70000 5.70000000 334.29000 51.20000 23.01900 65.95000
22 8 20 22 09 9908.80000 5.70000000 334.29000 51.20000 23.12000 65.95000
22 8 20 22 10 9908.80000 5.70000000 334.29000 51.20000 22.97500 65.73000
