M=[
10 5 20 00 34 8101.60000 5.67100000 179.16000 38.86000 11.04200 38.69600
10 5 20 00 35 8121.00000 5.64100000 178.95000 38.86000 11.03200 38.78600
10 5 20 00 36 8100.00000 5.65600000 178.85000 38.85000 11.02600 38.91200
10 5 20 00 37 8079.40000 5.56100000 178.30000 38.90000 11.06900 38.87100
10 5 20 00 37 8083.50000 5.59800000 178.90000 38.96000 10.95700 38.87100
10 5 20 00 38 8083.30000 5.63500000 179.18000 39.26000 10.98500 38.84800
10 5 20 00 39 8085.00000 5.65000000 178.78000 39.50000 10.96900 38.84800
10 5 20 00 39 8107.50000 5.68200000 178.56000 39.59000 10.99800 38.98600
10 5 20 00 41 8043.70000 5.63600000 178.02000 39.21000 10.95600 38.85100
10 5 20 00 41 8033.30000 5.63600000 177.72000 39.37000 10.95000 38.73900
10 5 20 00 42 8057.30000 5.68500000 178.00000 39.31000 10.91000 38.96300
10 5 20 00 43 8064.60000 5.68500000 178.64000 39.46000 10.89900 38.87500
10 5 20 00 43 8066.60000 5.68500000 178.65000 39.38000 10.90800 38.87500
10 5 20 00 44 8059.40000 5.66800000 177.92000 39.19000 10.90800 38.92600
10 5 20 00 45 8066.30000 5.66400000 178.47000 39.31000 10.92000 38.92600
10 5 20 00 45 8076.00000 5.66400000 177.94000 39.31000 10.92000 39.00000
10 5 20 00 46 8100.00000 5.66400000 178.32000 39.30000 10.92000 39.00000
10 5 20 00 46 8110.30000 5.66400000 178.84000 39.41000 10.92000 39.01300
10 5 20 00 47 8140.00000 5.66400000 179.29000 39.52000 11.00300 39.05900
10 5 20 00 48 8189.00000 5.74500000 179.52000 39.57000 11.02900 39.10300
10 5 20 00 48 8165.00000 5.76700000 178.45000 39.67000 11.03800 39.10300
10 5 20 00 50 8232.40000 5.79300000 179.66000 39.80000 11.14600 39.37000
10 5 20 00 51 8242.30000 5.80500000 179.60000 39.96000 11.20700 39.61100
10 5 20 00 52 8250.10000 5.81700000 180.00000 39.90000 11.26300 39.60000
10 5 20 00 54 8177.10000 5.76600000 179.60000 39.90000 11.18800 39.60000
10 5 20 00 56 8141.80000 5.74000000 179.40000 39.86000 10.96300 39.60000
10 5 20 00 56 8101.10000 5.74000000 178.45000 39.71000 10.96300 39.27600
10 5 20 00 57 8032.70000 5.65400000 177.58000 39.55000 10.96600 39.00500
10 5 20 00 58 8050.00000 5.60000000 178.06000 39.43000 10.90500 38.89000
10 5 20 00 58 8073.10000 5.69000000 178.25000 39.49000 10.96600 38.89000
10 5 20 01 00 8089.60000 5.76300000 178.01000 39.48000 11.03700 39.15400
10 5 20 01 02 8137.60000 5.73800000 178.26000 39.62000 11.02900 39.13000
10 5 20 01 03 8102.60000 5.76300000 177.42000 39.59000 10.98200 39.13000
10 5 20 01 03 8117.40000 5.76300000 177.86000 39.57000 10.91600 39.03500
10 5 20 01 04 8113.00000 5.75300000 178.13000 39.72000 10.91600 39.08400
10 5 20 01 04 8122.10000 5.78000000 178.22000 39.61000 10.91600 39.08400
10 5 20 01 05 8098.50000 5.75100000 177.81000 39.54000 10.91600 39.08400
10 5 20 01 06 8088.60000 5.75100000 177.64000 39.53000 10.91600 39.08400
10 5 20 01 06 8099.70000 5.75100000 178.24000 39.61000 10.91600 39.08400
10 5 20 01 07 8116.40000 5.75300000 178.06000 39.65000 10.95400 39.08400
10 5 20 01 08 8111.20000 5.75300000 178.29000 39.63000 11.08700 39.08400
10 5 20 01 08 8114.60000 5.76400000 178.06000 39.58000 11.08700 39.08400
10 5 20 01 09 8130.50000 5.76400000 178.11000 39.67000 11.08700 39.16000
10 5 20 01 09 8137.60000 5.78300000 178.09000 39.68000 11.10100 39.08400
10 5 20 01 10 8118.60000 5.78300000 177.58000 39.69000 11.10100 39.16000
10 5 20 01 10 8110.20000 5.78300000 177.58000 39.63000 11.10100 39.08400
10 5 20 01 11 8083.60000 5.72500000 177.33000 39.54000 11.10100 39.06700
10 5 20 01 11 8100.10000 5.76100000 178.02000 39.53000 11.10100 39.06700
10 5 20 01 12 8100.10000 5.76000000 177.67000 39.53000 11.10100 39.06700
10 5 20 01 12 8109.10000 5.76000000 177.72000 39.60000 11.10100 39.06700
10 5 20 01 13 8108.50000 5.75800000 177.82000 39.62000 11.10100 39.16000
10 5 20 01 13 8102.00000 5.75800000 177.65000 39.58000 10.98200 39.05300
10 5 20 01 14 8098.90000 5.74400000 177.88000 39.54000 10.98200 39.05300
10 5 20 01 14 8100.30000 5.75000000 177.88000 39.66000 10.98200 39.05300
10 5 20 01 15 8108.40000 5.75000000 178.10000 39.66000 10.98200 39.05300
10 5 20 01 15 8101.80000 5.75000000 178.04000 39.58000 10.94800 39.05300
10 5 20 01 16 8086.70000 5.75200000 177.53000 39.62000 10.94600 39.06700
10 5 20 01 16 8090.40000 5.75200000 177.80000 39.53000 10.94600 39.05300
10 5 20 01 17 8091.00000 5.75200000 177.46000 39.47000 10.94600 39.05300
10 5 20 01 17 8098.90000 5.75200000 177.81000 39.47000 10.94600 39.05300
10 5 20 01 18 8105.90000 5.75200000 177.65000 39.43000 10.94600 39.05300
10 5 20 01 18 8104.90000 5.75200000 177.64000 39.43000 10.94600 39.05300
10 5 20 01 19 8100.40000 5.75200000 177.51000 39.43000 10.94600 39.04500
10 5 20 01 19 8094.90000 5.75200000 177.49000 39.48000 10.94600 39.04500
10 5 20 01 20 8094.90000 5.74400000 177.45000 39.48000 10.96900 39.04500
10 5 20 01 20 8110.80000 5.76500000 177.88000 39.48000 10.96900 39.04500
10 5 20 01 21 8111.70000 5.76900000 177.82000 39.62000 10.96900 39.05300
10 5 20 01 21 8111.60000 5.76900000 177.90000 39.78000 10.96900 39.04500
10 5 20 01 22 8111.80000 5.76900000 178.00000 39.78000 10.96900 39.04500
10 5 20 01 22 8114.90000 5.76900000 177.84000 39.78000 10.96900 39.04500
10 5 20 01 23 8121.20000 5.79300000 178.19000 39.81000 10.96900 39.04500
10 5 20 01 23 8110.80000 5.79300000 178.20000 39.81000 10.96900 39.34800
10 5 20 01 24 8128.90000 5.79300000 178.37000 40.02000 10.96900 39.40300
10 5 20 01 24 8122.10000 5.79300000 178.45000 40.02000 10.96900 39.47300
10 5 20 01 25 8125.60000 5.81300000 178.47000 39.98000 10.96900 39.39100
10 5 20 01 25 8123.00000 5.81300000 178.56000 39.98000 10.96900 39.40300
10 5 20 01 26 8126.80000 5.81300000 178.56000 40.03000 10.99800 39.49300
10 5 20 01 26 8128.50000 5.81300000 178.80000 40.03000 10.99800 39.51700
10 5 20 01 27 8135.00000 5.87800000 178.75000 40.03000 10.99800 39.51700
10 5 20 01 27 8140.00000 5.86900000 178.77000 40.03000 10.99800 39.41800
10 5 20 01 28 8130.40000 5.89600000 178.62000 40.03000 11.07900 39.41800
10 5 20 01 28 8122.10000 5.89600000 178.59000 40.03000 11.01900 39.41800
10 5 20 01 29 8100.10000 5.84200000 178.25000 39.99000 11.01900 39.41800
10 5 20 01 29 8105.20000 5.84200000 178.11000 39.89000 11.01900 39.34000
10 5 20 01 30 8105.20000 5.85300000 178.29000 39.94000 11.01900 39.34000
10 5 20 01 30 8100.10000 5.85300000 178.07000 39.94000 11.01900 39.34000
10 5 20 01 31 8072.50000 5.82600000 177.75000 39.73000 11.01900 39.34000
10 5 20 01 32 8062.90000 5.77700000 177.79000 39.64000 11.06600 39.34000
10 5 20 01 32 8049.30000 5.76800000 177.46000 39.48000 11.00100 39.02800
10 5 20 01 33 8050.00000 5.74700000 177.62000 39.40000 11.00100 39.01000
10 5 20 01 33 8046.60000 5.74700000 177.71000 39.39000 11.00100 38.84300
10 5 20 01 34 8034.70000 5.74700000 177.42000 39.30000 11.00100 38.84300
10 5 20 01 34 8055.10000 5.74700000 177.80000 39.45000 11.00100 38.84300
10 5 20 01 35 8042.60000 5.74700000 177.48000 39.46000 11.00100 38.84300
10 5 20 01 35 8061.70000 5.74700000 177.50000 39.30000 11.00100 38.84300
10 5 20 01 36 8060.60000 5.75500000 177.50000 39.38000 11.02600 38.76300
10 5 20 01 36 8068.00000 5.75500000 177.49000 39.37000 11.02600 38.76300
10 5 20 01 37 8072.90000 5.77000000 177.53000 39.41000 11.03700 38.76300
10 5 20 01 37 8074.00000 5.77000000 177.53000 39.42000 11.03700 38.76300
10 5 20 01 38 8079.60000 5.77000000 177.68000 39.38000 11.03600 38.84300
10 5 20 01 38 8077.70000 5.77000000 177.61000 39.42000 11.03600 38.76300
10 5 20 01 39 8088.60000 5.78900000 177.64000 39.44000 11.03600 38.76300
10 5 20 01 39 8097.40000 5.78900000 177.84000 39.50000 11.03600 38.76300
10 5 20 01 40 8086.20000 5.78900000 177.93000 39.49000 11.03600 38.76300
10 5 20 01 40 8091.50000 5.78900000 177.76000 39.55000 11.03600 38.76300
10 5 20 01 41 8080.10000 5.78900000 177.83000 39.55000 11.03600 38.76300
10 5 20 01 41 8074.00000 5.78900000 177.46000 39.41000 11.03600 38.76300
10 5 20 01 42 8077.90000 5.78900000 177.40000 39.37000 11.03600 38.76300
10 5 20 01 42 8077.20000 5.78900000 177.45000 39.37000 11.03600 38.76300
