M=[
 8 7 20 04 27 8234.90000 5.63900000 214.71000 39.37000 17.12400 50.52600
 8 7 20 04 28 8256.70000 5.62000000 213.09000 39.42000 17.12400 50.52600
 8 7 20 04 28 8269.40000 5.63900000 213.09000 39.37000 17.08900 50.52600
 8 7 20 04 29 8235.80000 5.63900000 213.09000 39.29000 17.12400 50.52600
 8 7 20 04 29 8256.70000 5.62200000 214.15000 39.37000 17.12400 50.53100
 8 7 20 04 30 8230.80000 5.63900000 213.10000 39.37000 17.12400 50.52600
 8 7 20 04 30 8234.70000 5.67200000 213.11000 39.37000 17.12400 50.52600
 8 7 20 04 31 8231.60000 5.62200000 213.11000 39.42000 17.08900 50.52600
 8 7 20 04 32 8231.60000 5.62000000 214.20000 39.37000 17.08900 50.52600
 8 7 20 04 32 8224.80000 5.62200000 212.93000 39.31000 17.08900 50.46900
 8 7 20 04 33 8224.80000 5.64500000 212.56000 39.40000 17.08900 50.46900
 8 7 20 04 33 8224.60000 5.62200000 212.64000 39.31000 17.12400 50.46900
 8 7 20 04 34 8229.00000 5.63900000 212.56000 39.37000 17.12400 50.46900
 8 7 20 04 34 8220.80000 5.63900000 212.56000 39.31000 17.12400 50.91300
 8 7 20 04 35 8224.50000 5.62200000 212.93000 39.37000 17.08900 50.52600
 8 7 20 04 35 8220.60000 5.62000000 212.67000 39.37000 17.12400 50.46900
 8 7 20 04 36 8248.70000 5.63900000 212.59000 39.13000 17.12400 49.98600
 8 7 20 04 36 8220.90000 5.63900000 212.54000 39.35000 17.15600 50.52600
 8 7 20 04 37 8220.60000 5.63900000 212.59000 39.37000 17.12400 49.98600
 8 7 20 04 37 8223.60000 5.56300000 212.59000 39.37000 17.12400 50.46900
 8 7 20 04 38 8220.90000 5.63900000 212.38000 39.37000 17.08900 50.46900
 8 7 20 04 38 8223.00000 5.63900000 214.20000 39.25000 17.12400 50.52600
 8 7 20 04 39 8213.90000 5.63900000 214.20000 39.27000 17.12400 50.91300
 8 7 20 04 40 8214.20000 5.65800000 214.09000 39.25000 17.17200 50.10500
 8 7 20 04 40 8214.30000 5.56300000 211.72000 39.20000 17.17000 50.83300
 8 7 20 04 41 8213.80000 5.62000000 211.63000 39.37000 17.17000 50.10500
 8 7 20 04 41 8213.70000 5.63900000 211.50000 39.25000 17.17200 50.46900
 8 7 20 04 42 8213.80000 5.62000000 211.50000 39.40000 17.17200 50.13200
 8 7 20 04 42 8213.70000 5.61000000 211.53000 39.42000 17.17200 50.13200
 8 7 20 04 43 8214.60000 5.61000000 211.74000 39.29000 17.17000 50.24000
 8 7 20 04 43 8214.60000 5.63900000 214.71000 39.20000 17.54000 50.24000
 8 7 20 04 44 8214.50000 5.56300000 211.73000 39.27000 17.08900 50.10500
 8 7 20 04 44 8214.60000 5.61000000 211.73000 39.27000 17.17000 50.83300
 8 7 20 04 45 8214.50000 5.61000000 211.95000 39.25000 17.24000 50.14700
 8 7 20 04 45 8248.70000 5.66900000 211.73000 39.13000 17.17000 50.13400
 8 7 20 04 46 8214.60000 5.61000000 211.96000 39.42000 17.15300 50.24000
 8 7 20 04 46 8214.60000 5.62000000 211.73000 39.42000 17.08900 50.14700
 8 7 20 04 47 8248.70000 5.61000000 211.95000 39.17000 17.15300 50.13400
 8 7 20 04 47 8218.50000 5.61000000 212.21000 39.17000 17.15300 50.13400
 8 7 20 04 48 8250.60000 5.62200000 212.22000 39.17000 17.15300 50.15600
 8 7 20 04 49 8250.60000 5.61000000 212.22000 39.17000 17.17000 50.46900
 8 7 20 04 49 8217.60000 5.56300000 212.21000 39.17000 17.17000 50.13400
 8 7 20 04 49 8217.60000 5.65800000 212.25000 39.17000 17.18100 50.10500
 8 7 20 04 50 8217.60000 5.56300000 212.25000 39.17000 17.15300 50.13400
 8 7 20 04 51 8217.60000 5.66900000 212.25000 39.13000 17.18100 50.46900
 8 7 20 04 51 8217.50000 5.61000000 212.21000 39.17000 17.18100 50.13400
 8 7 20 04 51 8217.50000 5.62000000 212.06000 39.17000 17.18100 50.13400
 8 7 20 04 52 8217.50000 5.62000000 212.07000 39.17000 17.15300 50.13400
 8 7 20 04 52 8217.60000 5.61200000 212.09000 39.13000 17.67000 50.46900
 8 7 20 04 53 8217.60000 5.56300000 214.71000 39.13000 17.17000 50.13400
 8 7 20 04 53 8217.50000 5.61200000 212.12000 39.23000 17.54000 50.13400
 8 7 20 04 54 8217.60000 5.61200000 212.21000 39.17000 17.17000 50.13400
 8 7 20 04 54 8217.60000 5.61000000 212.31000 39.23000 17.54000 50.15600
 8 7 20 04 55 8256.70000 5.56300000 212.30000 39.17000 17.54000 50.14700
 8 7 20 04 55 8217.60000 5.61200000 212.30000 39.13000 17.18100 50.13400
 8 7 20 04 56 8269.40000 5.61200000 212.20000 39.23000 17.21500 50.24000
 8 7 20 04 56 8250.60000 5.61200000 212.03000 39.23000 17.21500 50.24000
 8 7 20 04 57 8216.10000 5.63900000 211.76000 39.23000 17.21500 50.03400
 8 7 20 04 57 8217.60000 5.61200000 211.68000 39.42000 17.18100 50.13400
 8 7 20 04 58 8216.20000 5.67200000 211.80000 39.42000 17.21500 50.03400
 8 7 20 04 58 8216.20000 5.62000000 211.80000 39.19000 17.54000 50.24000
 8 7 20 04 59 8216.20000 5.66900000 211.96000 39.18000 17.08900 50.13400
 8 7 20 04 59 8216.10000 5.61200000 211.80000 39.19000 17.18100 50.10500
 8 7 20 05 00 8216.10000 5.61200000 212.14000 39.17000 17.24000 50.09700
 8 7 20 05 00 8216.20000 5.62000000 211.68000 39.17000 17.21500 50.09700
 8 7 20 05 01 8216.20000 5.63900000 214.71000 39.18000 17.17000 50.09700
 8 7 20 05 01 8219.70000 5.61200000 212.08000 39.19000 17.17000 50.03400
 8 7 20 05 02 8219.60000 5.61000000 212.24000 39.19000 17.17000 50.83300
 8 7 20 05 02 8216.10000 5.61200000 212.24000 39.13000 17.17000 50.12500
 8 7 20 05 03 8220.10000 5.61200000 212.34000 39.25000 17.17000 50.03400
 8 7 20 05 04 8256.70000 5.62400000 212.34000 39.19000 17.17000 50.23700
 8 7 20 05 04 8216.20000 5.62400000 211.80000 39.18000 17.17000 50.12500
 8 7 20 05 05 8250.60000 5.62400000 212.16000 39.23000 17.17000 50.09700
 8 7 20 05 05 8219.10000 5.61200000 212.10000 39.17000 17.17000 50.17000
 8 7 20 05 06 8217.60000 5.62400000 212.08000 39.18000 17.15300 50.02400
 8 7 20 05 06 8216.20000 5.62400000 212.04000 39.23000 17.17000 50.03400
 8 7 20 05 07 8269.50000 5.61200000 212.01000 39.23000 17.17000 49.98600
 8 7 20 05 08 8218.50000 5.62400000 212.20000 39.17000 17.17000 50.28000
 8 7 20 05 08 8218.50000 5.62400000 211.96000 39.28000 17.17000 50.03400
 8 7 20 05 08 8269.40000 5.62400000 212.01000 39.28000 17.17000 50.12500
 8 7 20 05 09 8219.10000 5.62000000 211.96000 39.28000 17.17000 50.12500
 8 7 20 05 09 8219.10000 5.62400000 214.09000 39.18000 17.17000 50.23700
 8 7 20 05 10 8219.20000 5.56300000 211.95000 39.17000 17.17000 50.28000
 8 7 20 05 10 8219.10000 5.62400000 214.09000 39.23000 17.17000 50.12500
 8 7 20 05 11 8219.10000 5.62400000 211.85000 39.23000 17.17000 50.23700
 8 7 20 05 11 8216.50000 5.62400000 211.79000 39.28000 17.68200 50.12500
 8 7 20 05 12 8217.60000 5.62400000 211.97000 39.23000 17.17000 50.28000
 8 7 20 05 12 8217.60000 5.62400000 211.85000 39.23000 17.17000 50.03400
 8 7 20 05 13 8216.80000 5.62400000 211.97000 39.26000 17.17000 50.12500
 8 7 20 05 13 8217.60000 5.62400000 211.92000 39.23000 17.17000 50.83300
 8 7 20 05 14 8217.10000 5.62400000 211.93000 39.23000 17.67000 50.28000
 8 7 20 05 14 8217.60000 5.62400000 211.93000 39.26000 17.17000 50.12500
 8 7 20 05 15 8217.70000 5.62400000 211.93000 39.23000 17.17000 50.03400
 8 7 20 05 15 8219.20000 5.62400000 211.85000 39.23000 17.17000 50.28000
 8 7 20 05 16 8216.10000 5.62400000 211.87000 39.13000 17.17000 50.12500
 8 7 20 05 16 8248.70000 5.61200000 211.87000 39.28000 17.17000 50.28000
 8 7 20 05 17 8218.40000 5.56300000 211.96000 39.23000 17.25600 50.28000
 8 7 20 05 17 8217.60000 5.62400000 211.95000 39.28000 17.17000 50.17000
 8 7 20 05 18 8218.40000 5.62400000 211.87000 39.26000 17.25600 50.28000
 8 7 20 05 18 8218.60000 5.62400000 211.95000 39.26000 17.17000 50.28000
 8 7 20 05 19 8269.40000 5.62400000 211.96000 39.26000 17.17000 50.12500
 8 7 20 05 19 8215.90000 5.62400000 212.21000 39.32000 17.19400 50.28000
 8 7 20 05 20 8217.60000 5.62400000 212.14000 39.32000 17.19400 50.28000
 8 7 20 05 20 8218.60000 5.61200000 211.95000 39.28000 17.25600 50.12500
 8 7 20 05 21 8218.60000 5.62400000 214.09000 39.32000 17.25600 50.28000
 8 7 20 05 21 8221.60000 5.62400000 211.87000 39.28000 17.25600 50.03400
 8 7 20 05 22 8222.70000 5.62400000 211.96000 39.33000 17.25600 50.28000
 8 7 20 05 23 8218.60000 5.56300000 212.15000 39.42000 17.25600 50.23700
 8 7 20 05 23 8221.90000 5.62400000 212.18000 39.29000 17.19400 50.12500
