M=[
 6 4 21 06 52 49857.00000 14.41900000 1803.81000 188.89000 37.39100 163.60900
 6 4 21 06 53 49852.80000 14.34400000 1803.32000 188.69000 37.39100 163.60900
 6 4 21 06 53 49856.00000 14.33800000 1802.97000 188.67000 37.37300 163.60900
 6 4 21 06 54 49856.00000 14.33800000 1803.18000 188.52000 37.37300 163.59500
 6 4 21 06 54 49850.10000 14.33800000 1803.29000 188.36000 37.18500 163.59500
 6 4 21 06 55 49850.00000 14.33800000 1803.29000 188.36000 37.18500 163.59500
 6 4 21 06 55 49830.00000 14.22900000 1802.60000 188.40000 37.18500 163.59500
 6 4 21 06 55 49830.00000 14.22900000 1802.55000 188.40000 37.18500 163.59500
 6 4 21 06 56 49830.00000 14.23200000 1802.55000 188.33000 37.18500 163.37600
 6 4 21 06 56 49830.00000 14.23200000 1802.55000 188.32000 37.18500 163.37600
 6 4 21 06 57 49830.10000 14.23200000 1802.41000 188.13000 37.36300 163.37600
 6 4 21 06 57 49830.10000 14.23200000 1802.41000 187.99000 37.36300 163.37600
 6 4 21 06 58 49831.00000 14.25300000 1802.45000 188.22000 37.36300 163.38200
 6 4 21 06 58 49842.00000 14.25300000 1803.09000 188.45000 37.36300 163.38200
 6 4 21 06 58 49842.00000 14.25300000 1803.99000 188.45000 37.36300 163.38200
 6 4 21 06 59 49842.10000 14.25300000 1804.00000 188.43000 37.36300 163.38200
 6 4 21 06 59 49845.90000 14.27300000 1804.00000 188.43000 37.36300 163.56000
 6 4 21 07 00 49845.80000 14.27300000 1804.00000 188.43000 37.36300 163.63300
 6 4 21 07 00 49830.00000 14.27300000 1803.99000 188.70000 37.36300 163.63300
 6 4 21 07 01 49807.30000 14.24900000 1802.99000 188.70000 37.36300 163.63300
 6 4 21 07 01 49800.00000 14.24900000 1801.66000 188.70000 37.36300 163.63300
 6 4 21 07 01 49800.10000 14.24900000 1801.43000 188.29000 37.36300 163.63300
 6 4 21 07 02 49776.20000 14.24900000 1801.44000 188.29000 37.36300 163.49300
 6 4 21 07 02 49773.70000 14.24000000 1801.07000 188.09000 37.36300 163.49300
 6 4 21 07 03 49773.70000 14.24000000 1801.06000 188.05000 37.36300 163.49300
 6 4 21 07 03 49773.60000 14.21900000 1801.32000 188.01000 37.36300 163.49300
 6 4 21 07 04 49773.70000 14.29300000 1801.44000 187.98000 37.36300 163.49300
 6 4 21 07 04 49794.00000 14.29300000 1801.43000 187.98000 37.36300 163.49300
 6 4 21 07 04 49800.00000 14.24500000 1802.39000 188.01000 37.36300 163.49300
 6 4 21 07 05 49800.00000 14.25000000 1802.08000 188.01000 37.36300 163.66700
 6 4 21 07 05 49785.00000 14.25000000 1801.10000 187.72000 37.36300 163.66700
 6 4 21 07 06 49781.10000 14.25000000 1801.00000 187.59000 37.36300 163.66700
 6 4 21 07 06 49773.80000 14.25000000 1800.29000 187.52000 37.36300 163.66700
 6 4 21 07 07 49751.40000 14.24500000 1800.12000 187.52000 37.36300 163.29900
 6 4 21 07 07 49762.20000 14.23900000 1800.67000 187.59000 37.24900 163.29900
 6 4 21 07 07 49751.90000 14.23500000 1800.40000 187.44000 37.24900 163.29900
 6 4 21 07 08 49752.90000 14.21300000 1800.01000 187.44000 37.24900 163.29900
 6 4 21 07 08 49753.70000 14.21300000 1799.70000 187.44000 37.24900 163.29900
 6 4 21 07 09 49753.80000 14.21300000 1799.70000 187.44000 37.24900 162.94400
 6 4 21 07 09 49760.00000 14.21300000 1799.76000 187.40000 37.24900 162.94400
 6 4 21 07 10 49762.80000 14.21300000 1799.76000 187.25000 37.24900 162.80100
 6 4 21 07 10 49762.70000 14.21300000 1799.76000 187.25000 37.24900 162.80100
 6 4 21 07 10 49762.80000 14.21300000 1799.76000 187.15000 37.24900 162.80100
 6 4 21 07 11 49762.80000 14.21300000 1799.99000 187.15000 37.24900 162.80100
 6 4 21 07 11 49762.80000 14.21300000 1800.11000 187.43000 37.24900 162.80100
 6 4 21 07 12 49791.10000 14.21300000 1800.11000 187.46000 37.24900 162.80000
 6 4 21 07 12 49800.00000 14.21300000 1800.11000 187.53000 37.24900 162.80000
 6 4 21 07 13 49800.00000 14.23500000 1800.11000 187.42000 37.24900 162.80000
 6 4 21 07 13 49800.00000 14.23600000 1800.11000 187.42000 37.24900 162.80000
 6 4 21 07 13 49800.00000 14.23600000 1802.30000 187.58000 37.24900 162.80000
 6 4 21 07 14 49800.00000 14.24000000 1802.30000 187.86000 37.24900 162.80000
 6 4 21 07 14 49799.90000 14.24000000 1802.35000 187.78000 37.24900 162.80000
 6 4 21 07 15 49845.20000 14.24000000 1802.36000 187.96000 37.24900 162.80000
 6 4 21 07 15 49839.50000 14.24000000 1802.31000 187.88000 37.24900 162.80000
 6 4 21 07 16 49818.20000 14.24000000 1802.30000 187.72000 37.24900 162.77500
 6 4 21 07 16 49791.00000 14.24000000 1800.57000 187.65000 37.24900 162.77500
 6 4 21 07 16 49834.30000 14.24000000 1801.07000 187.65000 37.24900 162.68300
 6 4 21 07 17 49834.40000 14.24000000 1801.07000 187.65000 37.24900 162.68300
 6 4 21 07 17 49834.40000 14.24000000 1801.07000 187.65000 37.24900 162.56500
 6 4 21 07 18 49852.70000 14.23900000 1801.45000 187.55000 37.14900 162.56500
 6 4 21 07 18 49863.80000 14.23900000 1802.86000 187.66000 37.14900 162.56500
 6 4 21 07 19 49863.80000 14.23900000 1802.86000 187.66000 37.14900 162.56500
 6 4 21 07 19 49863.90000 14.23900000 1802.87000 187.61000 37.14900 162.56500
 6 4 21 07 20 49863.90000 14.23900000 1802.87000 187.61000 37.14900 162.56500
 6 4 21 07 20 49863.90000 14.23900000 1802.90000 187.66000 37.44500 162.56500
 6 4 21 07 20 49896.60000 14.23900000 1803.34000 187.67000 37.44500 162.56500
 6 4 21 07 21 49901.50000 14.24000000 1803.34000 187.89000 37.44500 162.56500
 6 4 21 07 21 49901.50000 14.27200000 1803.58000 188.00000 37.44500 162.56500
 6 4 21 07 22 49901.50000 14.28900000 1803.58000 188.00000 37.44500 162.56500
 6 4 21 07 22 49895.20000 14.28900000 1803.31000 187.82000 37.44500 162.56500
 6 4 21 07 23 49872.00000 14.28900000 1802.47000 187.62000 37.44500 162.56500
 6 4 21 07 23 49896.20000 14.28900000 1802.47000 187.71000 37.44500 162.56500
 6 4 21 07 23 49896.10000 14.28900000 1802.23000 187.79000 37.44500 162.56500
 6 4 21 07 24 49881.60000 14.27800000 1801.47000 187.68000 37.44500 162.54800
 6 4 21 07 24 49873.60000 14.27800000 1800.56000 187.68000 37.44500 162.54800
 6 4 21 07 25 49873.60000 14.27800000 1800.57000 187.60000 37.44500 162.54800
 6 4 21 07 25 49873.70000 14.27800000 1800.23000 187.60000 37.44500 162.54800
 6 4 21 07 25 49849.70000 14.27800000 1800.24000 187.60000 37.44500 162.54800
 6 4 21 07 26 49849.60000 14.27800000 1800.00000 187.51000 37.44500 162.54800
 6 4 21 07 26 49849.70000 14.27800000 1799.68000 187.51000 37.44500 162.54800
 6 4 21 07 27 49834.40000 14.27800000 1797.36000 187.51000 37.44500 162.35800
 6 4 21 07 27 49820.90000 14.27800000 1796.01000 187.56000 37.44500 162.35800
 6 4 21 07 28 49801.10000 14.27800000 1796.06000 187.56000 37.44500 162.35800
 6 4 21 07 28 49801.10000 14.27800000 1795.61000 187.78000 37.44500 162.35800
 6 4 21 07 29 49801.90000 14.27800000 1796.30000 187.78000 37.44500 162.35800
 6 4 21 07 29 49801.00000 14.27800000 1795.26000 188.15000 37.44500 162.35800
 6 4 21 07 29 49801.00000 14.27800000 1795.83000 188.55000 37.14900 162.35800
 6 4 21 07 30 49801.10000 14.27800000 1795.35000 188.55000 37.14900 162.35800
 6 4 21 07 30 49762.80000 14.27800000 1794.15000 187.95000 37.14900 162.35800
 6 4 21 07 31 49762.90000 14.27800000 1793.78000 187.87000 37.14900 162.35800
 6 4 21 07 31 49762.90000 14.27800000 1793.99000 188.07000 37.14900 162.35800
 6 4 21 07 32 49762.90000 14.27800000 1793.98000 187.92000 37.14900 162.35800
 6 4 21 07 32 49762.90000 14.27800000 1794.00000 187.67000 37.14900 161.84900
 6 4 21 07 32 49762.90000 14.27500000 1794.00000 187.66000 37.14900 161.84900
 6 4 21 07 33 49762.90000 14.27500000 1794.00000 187.54000 37.14900 161.84900
 6 4 21 07 33 49762.90000 14.27500000 1793.78000 187.52000 37.14900 161.69500
 6 4 21 07 34 49762.90000 14.27500000 1792.60000 187.38000 37.14900 161.69500
 6 4 21 07 34 49762.70000 14.27500000 1791.57000 187.25000 37.14900 161.69500
 6 4 21 07 35 49752.10000 14.27500000 1791.66000 187.12000 37.14900 161.69500
 6 4 21 07 35 49752.20000 14.27500000 1790.85000 187.01000 37.14900 161.69500
 6 4 21 07 35 49750.00000 14.27500000 1789.77000 186.92000 37.14900 161.41900
 6 4 21 07 36 49732.90000 14.27900000 1790.58000 187.10000 37.45300 161.25600
