M=[
25 6 21 06 32 28619.90000 36.53200000 1637.57000 111.55000 15.55500 92.88100
25 6 21 06 32 28616.40000 36.20500000 1636.87000 111.31000 15.55500 92.88100
25 6 21 06 33 28600.10000 36.20500000 1635.91000 111.49000 15.55500 92.88100
25 6 21 06 33 28600.10000 36.20500000 1637.15000 111.61000 15.55500 92.88100
25 6 21 06 34 28616.40000 36.24100000 1637.24000 111.66000 15.55500 92.88100
25 6 21 06 34 28641.20000 36.24100000 1638.19000 111.66000 15.55500 92.88100
25 6 21 06 35 28628.50000 36.24100000 1637.53000 111.66000 15.55500 92.88100
25 6 21 06 35 28648.80000 36.28400000 1638.57000 111.74000 15.55500 92.88100
25 6 21 06 35 28648.70000 36.28400000 1638.59000 111.74000 15.62700 92.88100
25 6 21 06 36 28664.40000 36.28400000 1638.68000 111.72000 15.62700 92.88100
25 6 21 06 36 28655.20000 36.28400000 1638.67000 111.79000 15.62700 92.88100
25 6 21 06 37 28672.00000 36.28400000 1638.91000 111.94000 15.62700 92.88100
25 6 21 06 37 28670.70000 36.28400000 1640.14000 111.93000 15.62700 92.88100
25 6 21 06 38 28694.90000 36.28400000 1640.58000 112.11000 15.62700 92.88100
25 6 21 06 38 28693.70000 36.39400000 1641.44000 112.18000 15.62700 92.88100
25 6 21 06 38 28693.70000 36.39400000 1640.63000 112.18000 15.62700 93.12700
25 6 21 06 39 28683.50000 36.39400000 1640.04000 112.06000 15.62700 93.12700
25 6 21 06 39 28700.40000 36.39400000 1642.00000 112.06000 15.62700 93.12700
25 6 21 06 40 28736.50000 36.39400000 1643.92000 112.37000 15.62700 93.12700
25 6 21 06 40 28736.60000 36.60000000 1644.00000 112.37000 15.62700 93.12700
25 6 21 06 41 28735.90000 36.60000000 1643.84000 112.37000 15.62700 93.12700
25 6 21 06 41 28730.60000 36.60000000 1643.83000 112.37000 15.61000 93.12700
25 6 21 06 41 28736.50000 36.60000000 1643.43000 112.19000 15.61000 93.12700
25 6 21 06 42 28736.50000 36.52700000 1643.43000 112.19000 15.61000 93.12700
25 6 21 06 42 28736.50000 36.52700000 1644.11000 112.19000 15.61000 93.12700
25 6 21 06 43 28777.30000 36.52700000 1646.25000 112.53000 15.61000 93.12700
25 6 21 06 43 28755.40000 36.52700000 1645.53000 112.54000 15.61000 93.12700
25 6 21 06 44 28761.50000 36.52700000 1645.53000 112.54000 15.61000 93.12700
25 6 21 06 44 28799.70000 36.52700000 1646.82000 112.65000 15.61000 93.12700
25 6 21 06 44 28787.40000 36.52700000 1646.74000 112.65000 15.61000 93.12700
25 6 21 06 45 28817.10000 36.52700000 1647.17000 112.55000 15.61000 93.12700
25 6 21 06 45 28877.70000 36.52700000 1649.52000 112.55000 15.61000 93.12700
25 6 21 06 46 28852.30000 36.52700000 1649.15000 112.77000 15.61000 93.12700
25 6 21 06 46 28852.30000 36.52700000 1648.93000 112.68000 15.61000 93.12700
25 6 21 06 47 28847.30000 36.52700000 1649.47000 112.69000 15.61000 93.12700
25 6 21 06 47 28847.40000 36.52700000 1649.99000 112.69000 15.61000 93.45100
25 6 21 06 47 28826.40000 36.52700000 1650.00000 112.69000 15.61000 93.45100
25 6 21 06 48 28826.40000 36.52700000 1650.09000 112.61000 15.61000 93.45100
25 6 21 06 48 28840.70000 36.76600000 1650.61000 112.64000 15.61000 93.45100
25 6 21 06 49 28840.80000 36.76600000 1651.06000 112.64000 15.61000 93.45100
25 6 21 06 49 28840.70000 36.76600000 1651.06000 112.64000 15.61000 93.45100
25 6 21 06 50 28869.30000 36.76600000 1651.22000 112.73000 15.61000 93.61200
25 6 21 06 50 28886.20000 36.76600000 1651.22000 112.73000 15.61000 93.61200
25 6 21 06 50 28886.10000 36.76600000 1653.28000 112.82000 15.61000 93.61200
25 6 21 06 51 28886.20000 36.76600000 1653.01000 112.79000 15.61000 93.61200
25 6 21 06 51 28886.20000 36.76600000 1653.25000 112.79000 15.61000 93.61200
25 6 21 06 52 28910.20000 36.76600000 1653.25000 112.79000 15.61000 93.97400
25 6 21 06 52 28900.50000 36.76600000 1653.56000 112.79000 15.61000 93.97400
25 6 21 06 53 28903.30000 36.76600000 1653.61000 112.79000 15.61000 93.77500
25 6 21 06 53 28895.80000 36.76600000 1653.60000 112.79000 15.61000 93.77500
25 6 21 06 53 28902.10000 36.76600000 1653.56000 112.79000 15.61000 93.77500
25 6 21 06 54 28902.50000 36.76600000 1651.02000 112.79000 15.61000 93.77500
25 6 21 06 54 28884.00000 36.76600000 1650.48000 112.63000 15.61000 93.77500
25 6 21 06 55 28889.50000 36.72300000 1650.48000 112.63000 15.61000 93.77500
25 6 21 06 55 28903.00000 36.72300000 1650.95000 112.63000 15.61000 93.77500
25 6 21 06 56 28871.20000 36.72300000 1651.00000 112.63000 15.61000 93.77500
25 6 21 06 56 28880.90000 36.72300000 1651.01000 112.55000 15.61000 93.77500
25 6 21 06 56 28879.50000 36.72300000 1651.00000 112.55000 15.61000 93.77500
25 6 21 06 57 28877.20000 36.72300000 1648.62000 112.55000 15.61000 93.77500
25 6 21 06 57 28869.40000 36.72300000 1648.95000 112.55000 15.61000 93.77500
25 6 21 06 58 28885.50000 36.72300000 1650.95000 112.55000 15.61000 93.77500
25 6 21 06 58 28866.50000 36.72300000 1649.99000 112.55000 15.61000 93.77500
25 6 21 06 59 28866.50000 36.73700000 1649.21000 112.50000 15.61000 93.77500
25 6 21 06 59 28861.70000 36.73700000 1648.34000 112.50000 15.61000 93.77500
25 6 21 06 59 28828.60000 36.71100000 1647.47000 112.50000 15.61000 93.77500
25 6 21 07 00 28828.40000 36.71100000 1647.47000 112.20000 15.61000 93.77500
25 6 21 07 00 28828.40000 36.71100000 1647.47000 112.20000 15.61000 93.77500
25 6 21 07 01 28774.60000 36.53600000 1644.86000 112.06000 15.61000 93.77500
25 6 21 07 01 28726.60000 36.49100000 1641.32000 112.06000 15.61000 93.77500
25 6 21 07 02 28727.50000 36.49100000 1641.91000 111.91000 15.61000 93.77500
25 6 21 07 02 28718.80000 36.49100000 1641.20000 111.72000 15.61000 93.77500
25 6 21 07 02 28699.90000 36.36000000 1640.01000 111.72000 15.61000 93.77500
25 6 21 07 03 28730.50000 36.36000000 1640.53000 111.56000 15.61000 93.77500
25 6 21 07 03 28711.30000 36.36000000 1639.02000 111.75000 15.61000 92.60000
25 6 21 07 04 28682.90000 36.36000000 1638.37000 111.40000 15.61000 92.34900
25 6 21 07 04 28677.60000 36.36000000 1637.99000 111.43000 15.61000 92.34900
25 6 21 07 05 28677.60000 36.36000000 1638.00000 111.44000 15.61000 92.34900
25 6 21 07 05 28634.70000 36.36000000 1635.37000 111.31000 15.61000 92.14700
25 6 21 07 05 28628.50000 36.36000000 1635.37000 111.18000 15.61000 92.14700
25 6 21 07 06 28719.00000 36.36000000 1638.57000 111.45000 15.61000 91.99900
25 6 21 07 06 28753.10000 36.26500000 1641.72000 111.45000 15.61000 91.99900
25 6 21 07 07 28742.50000 36.26500000 1641.12000 111.71000 15.61000 91.99900
25 6 21 07 07 28778.40000 36.26500000 1644.18000 111.71000 15.61000 91.99900
25 6 21 07 08 28778.40000 36.26500000 1644.34000 112.06000 15.61000 91.99900
25 6 21 07 08 28768.20000 36.26500000 1640.74000 111.75000 15.61000 91.99900
25 6 21 07 08 28736.20000 36.26500000 1639.00000 111.32000 15.61000 91.99900
25 6 21 07 09 28708.60000 36.26500000 1638.75000 111.32000 15.61000 91.99900
25 6 21 07 09 28735.80000 36.26500000 1639.53000 111.32000 15.61000 91.99900
25 6 21 07 10 28744.10000 36.26500000 1638.55000 111.37000 15.61000 91.99900
25 6 21 07 10 28768.90000 36.26500000 1640.22000 111.44000 15.61000 91.99900
25 6 21 07 11 28748.20000 36.26500000 1640.22000 111.36000 15.61000 92.05200
25 6 21 07 11 28748.20000 36.26500000 1639.81000 111.36000 15.61000 92.05200
25 6 21 07 11 28753.10000 36.26500000 1638.22000 111.38000 15.61000 92.05200
25 6 21 07 12 28789.50000 36.28500000 1641.07000 111.38000 15.61000 92.05200
25 6 21 07 12 28792.50000 36.28500000 1639.87000 111.41000 15.61000 92.05200
25 6 21 07 13 28737.60000 36.28500000 1637.52000 111.34000 15.61000 92.05200
25 6 21 07 13 28719.90000 36.28500000 1635.11000 111.19000 15.61000 92.05200
25 6 21 07 14 28705.00000 36.28500000 1635.93000 111.19000 15.61000 92.05200
25 6 21 07 14 28695.60000 36.28500000 1635.28000 111.25000 15.61000 92.05200
25 6 21 07 14 28701.30000 36.28500000 1636.42000 111.25000 15.61000 92.05200
25 6 21 07 15 28718.10000 36.28500000 1635.88000 111.25000 15.55000 92.05200
25 6 21 07 15 28701.40000 36.28500000 1635.27000 111.25000 15.55000 92.05200
25 6 21 07 16 28677.80000 36.00000000 1632.94000 111.02000 15.55000 91.56000
