M=[
 6 11 20 09 27 12971.20000 4.34600000 361.39000 50.78000 12.24300 48.10000
 6 11 20 09 28 12974.10000 4.34600000 361.74000 50.87000 12.24300 48.10000
 6 11 20 09 28 12968.30000 4.34600000 361.51000 50.86000 12.24300 48.10000
 6 11 20 09 29 12965.10000 4.34600000 361.67000 50.97000 12.24300 48.10000
 6 11 20 09 29 12950.00000 4.34600000 361.53000 50.96000 12.24300 48.10000
 6 11 20 09 30 12944.40000 4.34600000 361.51000 50.85000 12.24300 48.10000
 6 11 20 09 30 12930.70000 4.34600000 361.45000 50.85000 12.24300 48.10000
 6 11 20 09 30 12915.30000 4.34600000 361.05000 50.84000 12.24300 47.88000
 6 11 20 09 31 12941.30000 4.34600000 361.79000 50.84000 12.24300 47.88000
 6 11 20 09 31 12950.00000 4.34600000 362.20000 50.83000 12.24300 47.88000
 6 11 20 09 32 12949.90000 4.34600000 362.60000 50.97000 12.24300 47.88000
 6 11 20 09 32 12950.00000 4.34800000 362.59000 50.97000 12.24300 47.88000
 6 11 20 09 33 12965.30000 4.34800000 363.20000 51.05000 12.24300 47.88000
 6 11 20 09 33 12985.90000 4.34800000 363.57000 51.05000 12.22400 47.88000
 6 11 20 09 33 12983.30000 4.34800000 363.79000 51.08000 12.22400 47.88000
 6 11 20 09 34 12984.00000 4.35900000 363.90000 51.11000 12.22400 47.88000
 6 11 20 09 34 12990.10000 4.35900000 363.93000 51.14000 12.22400 47.88000
 6 11 20 09 35 12974.30000 4.35900000 363.94000 51.16000 12.22400 47.88000
 6 11 20 09 35 12966.20000 4.35900000 363.49000 51.12000 12.22400 47.88000
 6 11 20 09 36 12965.40000 4.37100000 363.80000 51.12000 12.22400 47.88000
 6 11 20 09 36 12964.00000 4.37100000 363.83000 51.13000 12.22400 47.88000
 6 11 20 09 36 12962.00000 4.37100000 363.48000 51.13000 12.22400 47.88000
 6 11 20 09 37 12959.90000 4.37100000 363.17000 51.06000 12.22400 47.88000
 6 11 20 09 37 12962.70000 4.37100000 363.84000 51.13000 12.22400 47.88000
 6 11 20 09 38 12984.10000 4.37100000 363.92000 51.14000 12.22400 47.88000
 6 11 20 09 38 12984.90000 4.37100000 364.16000 51.14000 12.22400 47.88000
 6 11 20 09 39 12985.00000 4.37100000 364.40000 51.30000 12.22400 47.88000
 6 11 20 09 39 12990.40000 4.37100000 364.64000 51.30000 12.22400 47.88000
 6 11 20 09 39 12997.10000 4.37100000 364.39000 51.30000 12.22400 47.88000
 6 11 20 09 40 13030.40000 4.37100000 364.87000 51.39000 12.22400 47.88000
 6 11 20 09 40 13028.70000 4.37100000 364.64000 51.30000 12.22400 47.88000
 6 11 20 09 41 13022.70000 4.37100000 365.31000 51.40000 12.22400 48.27500
 6 11 20 09 41 12999.90000 4.37100000 364.64000 51.42000 12.22400 48.27500
 6 11 20 09 42 13021.00000 4.37100000 364.64000 51.46000 12.22400 48.27500
 6 11 20 09 42 13025.20000 4.37100000 365.97000 51.49000 12.22400 48.27500
 6 11 20 09 42 13007.40000 4.37100000 365.81000 51.46000 12.22400 48.27500
 6 11 20 09 43 13005.60000 4.37100000 365.71000 51.46000 12.22400 48.27500
 6 11 20 09 43 13005.50000 4.37100000 365.36000 51.46000 12.22400 48.27500
 6 11 20 09 44 13013.80000 4.37100000 365.37000 51.46000 12.27500 48.27500
 6 11 20 09 44 13022.30000 4.37100000 365.63000 51.45000 12.27500 48.27500
 6 11 20 09 45 13028.00000 4.37100000 365.51000 51.45000 12.27500 48.27500
 6 11 20 09 45 13028.20000 4.37100000 365.22000 51.45000 12.27500 48.27500
 6 11 20 09 45 13045.70000 4.37100000 365.93000 51.54000 12.27500 48.27500
 6 11 20 09 46 13040.10000 4.37100000 366.00000 51.46000 12.27500 48.27500
 6 11 20 09 46 13038.10000 4.37100000 366.09000 51.46000 12.27500 48.27500
 6 11 20 09 47 13033.10000 4.37100000 365.98000 51.48000 12.27500 48.27500
 6 11 20 09 47 13038.10000 4.37100000 365.97000 51.48000 12.27500 48.33000
 6 11 20 09 48 13038.00000 4.37100000 365.97000 51.48000 12.27500 48.33000
 6 11 20 09 48 13038.30000 4.37100000 365.42000 51.46000 12.27500 48.33000
 6 11 20 09 48 13037.60000 4.37100000 365.46000 51.39000 12.27500 48.33000
 6 11 20 09 49 13038.00000 4.37100000 365.55000 51.38000 12.27500 48.33000
 6 11 20 09 49 13040.10000 4.37100000 365.84000 51.38000 12.27500 48.33000
 6 11 20 09 50 13052.80000 4.37100000 365.65000 51.38000 12.27500 48.33000
 6 11 20 09 50 13049.90000 4.37100000 365.65000 51.39000 12.27500 48.32900
 6 11 20 09 51 13050.00000 4.37100000 365.53000 51.39000 12.17500 48.32900
 6 11 20 09 51 13060.40000 4.37100000 365.70000 51.39000 12.17500 48.32900
 6 11 20 09 51 13055.20000 4.37000000 365.70000 51.48000 12.17500 48.40400
 6 11 20 09 52 13051.90000 4.37000000 365.59000 51.49000 12.17500 48.40400
 6 11 20 09 52 13053.10000 4.37000000 365.59000 51.47000 12.17500 48.33000
 6 11 20 09 53 13051.90000 4.37000000 365.60000 51.46000 12.17500 48.33000
 6 11 20 09 53 13040.10000 4.37000000 365.55000 51.44000 12.17500 48.33000
 6 11 20 09 53 13044.10000 4.37000000 365.54000 51.44000 12.17500 48.33000
 6 11 20 09 54 13038.10000 4.37000000 365.64000 51.49000 12.17500 48.33800
 6 11 20 09 54 13046.20000 4.37000000 365.74000 51.49000 12.17500 48.33800
 6 11 20 09 55 13041.60000 4.37000000 365.86000 51.48000 12.17500 48.33800
 6 11 20 09 55 13043.30000 4.37000000 365.89000 51.48000 12.17500 48.33800
 6 11 20 09 56 13044.70000 4.37000000 365.95000 51.48000 12.17500 48.33800
 6 11 20 09 56 13043.90000 4.37000000 366.03000 51.48000 12.17500 48.33800
 6 11 20 09 56 13040.90000 4.37000000 365.68000 51.48000 12.17500 48.33800
 6 11 20 09 57 13040.10000 4.37000000 365.68000 51.46000 12.17500 48.33800
 6 11 20 09 57 13040.00000 4.37000000 365.70000 51.46000 12.17500 48.33800
 6 11 20 09 58 13035.10000 4.37000000 365.67000 51.46000 12.17500 48.33800
 6 11 20 09 58 13034.60000 4.37000000 365.85000 51.43000 12.17500 48.33800
 6 11 20 09 59 13042.30000 4.37000000 365.99000 51.43000 12.17500 48.33800
 6 11 20 09 59 13012.60000 4.37000000 365.97000 51.43000 12.17500 48.33800
 6 11 20 09 59 13012.60000 4.37000000 365.54000 51.43000 12.17500 48.32900
 6 11 20 10 00 12997.90000 4.37000000 365.29000 51.47000 12.17500 48.32900
 6 11 20 10 00 13007.20000 4.37000000 365.97000 51.47000 12.17500 48.33800
 6 11 20 10 01 13020.00000 4.37000000 366.13000 51.60000 12.17500 48.33800
 6 11 20 10 01 13019.90000 4.37500000 366.34000 51.70000 12.17500 48.33800
 6 11 20 10 02 13040.00000 4.37500000 366.50000 51.65000 12.28000 48.33800
 6 11 20 10 02 13039.90000 4.39900000 366.49000 51.70000 12.28000 48.48600
 6 11 20 10 02 13059.60000 4.39900000 366.89000 51.70000 12.28000 48.48600
 6 11 20 10 03 13055.20000 4.38600000 366.99000 51.74000 12.28000 48.59200
 6 11 20 10 03 13055.40000 4.38600000 367.00000 51.74000 12.28000 48.59200
 6 11 20 10 04 13053.20000 4.38600000 367.05000 51.74000 12.28000 48.59200
 6 11 20 10 04 13055.00000 4.38600000 367.39000 51.74000 12.28000 48.59200
 6 11 20 10 05 13066.50000 4.38600000 368.01000 51.80000 12.28000 48.59200
 6 11 20 10 05 13066.40000 4.38600000 367.94000 51.84000 12.26900 48.59200
 6 11 20 10 05 13059.50000 4.38600000 368.02000 51.80000 12.21100 48.59200
 6 11 20 10 06 13062.90000 4.38600000 368.02000 51.80000 12.21100 48.59200
 6 11 20 10 06 13064.10000 4.38600000 367.98000 51.82000 12.21100 48.59200
 6 11 20 10 07 13065.50000 4.38600000 367.97000 51.82000 12.21100 48.59200
 6 11 20 10 07 13055.80000 4.38600000 367.45000 51.78000 12.21100 48.59200
 6 11 20 10 08 13054.90000 4.42700000 367.46000 51.78000 12.21100 48.59200
 6 11 20 10 08 13050.00000 4.42700000 367.12000 51.78000 12.21100 48.59200
 6 11 20 10 08 13049.00000 4.42700000 367.23000 51.69000 12.21100 48.59200
 6 11 20 10 09 13052.40000 4.42700000 367.15000 51.69000 12.21100 48.59200
 6 11 20 10 09 13052.40000 4.42700000 367.04000 51.69000 12.21100 48.59200
 6 11 20 10 10 13056.70000 4.42700000 367.07000 51.64000 12.21100 48.59200
 6 11 20 10 10 13059.10000 4.42700000 367.07000 51.64000 12.21100 48.59200
 6 11 20 10 11 13056.00000 4.42700000 367.18000 51.69000 12.21100 48.59200
 6 11 20 10 11 13066.00000 4.42700000 367.89000 51.69000 12.21100 48.59200
 6 11 20 10 11 13083.10000 4.42700000 367.57000 51.71000 12.21100 48.59200
 6 11 20 10 12 13096.30000 4.42700000 367.93000 51.71000 12.21100 48.59200
 6 11 20 10 12 13097.60000 4.42700000 368.85000 51.79000 12.21100 48.93900
