M=[
25 3 21 23 19 43953.40000 9.46000000 1349.24000 146.60000 26.22400 104.61300
25 3 21 23 19 43947.30000 9.46000000 1349.24000 146.47000 26.22400 104.61300
25 3 21 23 19 43950.50000 9.46000000 1348.35000 146.44000 26.22400 104.40100
25 3 21 23 20 43983.30000 9.46000000 1350.32000 146.60000 26.22400 104.50300
25 3 21 23 20 43971.70000 9.46000000 1350.01000 146.60000 26.22400 104.50300
25 3 21 23 21 44019.80000 9.46000000 1351.22000 146.60000 26.22400 104.50300
25 3 21 23 21 44010.90000 9.46000000 1352.22000 146.61000 26.22400 104.50300
25 3 21 23 22 44010.90000 9.46000000 1352.22000 146.61000 26.22400 104.50300
25 3 21 23 22 43967.50000 9.46000000 1350.24000 146.61000 26.22400 104.50300
25 3 21 23 22 43974.20000 9.46000000 1349.79000 146.61000 26.22400 104.50300
25 3 21 23 23 43968.70000 9.46000000 1350.42000 146.61000 26.22400 104.50300
25 3 21 23 23 44011.40000 9.46000000 1352.39000 146.61000 26.22400 104.50300
25 3 21 23 24 44011.50000 9.46000000 1352.89000 146.61000 26.22400 104.50300
25 3 21 23 24 44011.50000 9.46000000 1352.25000 146.61000 26.22400 104.50300
25 3 21 23 25 44028.10000 9.46000000 1352.20000 146.61000 26.22400 104.50300
25 3 21 23 25 43993.10000 9.46000000 1351.86000 146.60000 26.15000 104.70400
25 3 21 23 25 43971.90000 9.46000000 1351.86000 146.56000 26.15000 104.70400
25 3 21 23 26 43947.90000 9.40900000 1350.50000 146.38000 26.15000 104.70400
25 3 21 23 26 43950.00000 9.40900000 1350.91000 146.47000 26.15000 104.70400
25 3 21 23 27 43987.20000 9.40900000 1351.93000 146.47000 26.15000 105.21000
25 3 21 23 27 43995.10000 9.40900000 1351.93000 146.55000 26.15000 105.21000
25 3 21 23 28 43978.90000 9.40900000 1351.93000 146.48000 26.15000 105.72100
25 3 21 23 28 43971.50000 9.43500000 1351.93000 146.41000 26.15000 105.72100
25 3 21 23 28 43964.70000 9.43500000 1351.93000 146.41000 26.15000 105.72100
25 3 21 23 29 43964.70000 9.43500000 1351.17000 146.41000 26.15000 105.72100
25 3 21 23 29 43976.10000 9.43500000 1351.02000 146.41000 26.15100 105.72100
25 3 21 23 30 43960.10000 9.43500000 1351.02000 146.41000 26.15100 105.72100
25 3 21 23 30 43918.10000 9.43500000 1351.02000 146.41000 26.15100 105.72100
25 3 21 23 31 43902.70000 9.43500000 1349.44000 146.25000 26.15100 105.72100
25 3 21 23 31 43912.00000 9.43500000 1350.11000 146.30000 26.15700 105.72100
25 3 21 23 31 43896.30000 9.43500000 1350.11000 146.37000 26.15700 105.72100
25 3 21 23 32 43960.00000 9.43500000 1352.99000 146.37000 26.15700 105.72100
25 3 21 23 32 43996.00000 9.43500000 1353.16000 146.52000 26.15700 105.72100
25 3 21 23 33 43981.70000 9.43500000 1352.94000 146.52000 26.15700 105.72100
25 3 21 23 33 44012.40000 9.43500000 1353.23000 146.52000 26.15700 105.72100
25 3 21 23 34 44049.80000 9.43500000 1353.86000 146.52000 26.15700 105.72100
25 3 21 23 34 43996.60000 9.43500000 1355.80000 146.60000 26.15700 105.81200
25 3 21 23 34 44007.20000 9.43500000 1354.92000 146.60000 26.25600 105.81200
25 3 21 23 35 44011.00000 9.43500000 1354.92000 146.48000 26.25600 105.81200
25 3 21 23 35 43991.90000 9.43500000 1354.92000 146.48000 26.19700 105.81200
25 3 21 23 36 44016.20000 9.43500000 1354.12000 146.48000 26.19700 105.81200
25 3 21 23 36 43999.40000 9.43500000 1353.33000 146.53000 26.16100 105.81200
25 3 21 23 37 43985.10000 9.43500000 1353.33000 146.53000 26.16100 105.81200
25 3 21 23 37 43942.70000 9.43500000 1352.60000 146.48000 26.16100 105.81200
25 3 21 23 37 43941.80000 9.43500000 1352.94000 146.56000 26.16100 105.81200
25 3 21 23 38 43941.60000 9.43500000 1351.63000 146.56000 26.16100 105.81200
25 3 21 23 38 43924.10000 9.43500000 1352.15000 146.56000 26.15500 105.81200
25 3 21 23 39 43909.30000 9.43500000 1352.15000 146.36000 26.15500 105.81200
25 3 21 23 39 43835.70000 9.43500000 1349.27000 146.27000 26.15500 104.92700
25 3 21 23 40 43802.20000 9.43500000 1348.50000 145.91000 26.15500 104.92700
25 3 21 23 40 43827.50000 9.43500000 1348.50000 145.82000 26.15500 104.92700
25 3 21 23 40 43799.70000 9.43500000 1348.50000 145.82000 26.17600 104.92700
25 3 21 23 41 43759.50000 9.39100000 1348.50000 146.09000 26.17600 104.92700
25 3 21 23 41 43814.10000 9.39100000 1348.50000 146.15000 26.17600 104.92700
25 3 21 23 42 43778.50000 9.39100000 1351.38000 146.15000 26.17600 104.92700
25 3 21 23 42 43773.70000 9.39100000 1350.52000 146.04000 26.16500 104.92700
25 3 21 23 43 43704.20000 9.39100000 1349.48000 146.04000 26.17600 104.92700
25 3 21 23 43 43717.90000 9.40500000 1349.79000 145.99000 26.17600 104.92700
25 3 21 23 43 43709.00000 9.40500000 1349.78000 145.84000 26.17600 104.92700
25 3 21 23 44 43625.90000 9.40500000 1347.42000 145.68000 26.15000 104.84200
25 3 21 23 44 43638.50000 9.40500000 1347.43000 145.68000 26.15000 104.84200
25 3 21 23 45 43633.60000 9.40500000 1347.42000 145.69000 26.15000 104.84200
25 3 21 23 45 43683.00000 9.40500000 1349.50000 146.01000 26.15000 104.84200
25 3 21 23 46 43612.50000 9.40500000 1349.72000 146.00000 26.15000 104.84200
25 3 21 23 46 43599.60000 9.40500000 1347.67000 145.87000 26.15000 104.84200
25 3 21 23 46 43599.60000 9.40500000 1347.67000 145.87000 26.15000 104.84200
25 3 21 23 47 43689.60000 9.40500000 1350.00000 146.06000 26.15000 104.84200
25 3 21 23 47 43706.90000 9.43700000 1351.41000 146.09000 26.15000 104.84200
25 3 21 23 48 43745.50000 9.43700000 1352.66000 146.29000 26.15000 104.84200
25 3 21 23 48 43689.10000 9.43700000 1352.66000 146.29000 26.15000 104.84200
25 3 21 23 49 43740.00000 9.43700000 1352.66000 146.29000 26.10000 104.84200
25 3 21 23 49 43685.50000 9.43700000 1350.50000 146.29000 26.10000 104.84200
25 3 21 23 49 43682.30000 9.43700000 1350.50000 146.29000 26.10000 104.84200
25 3 21 23 50 43719.30000 9.43700000 1350.45000 146.22000 26.10000 104.84200
25 3 21 23 50 43718.70000 9.43700000 1349.65000 146.22000 26.10000 104.84200
25 3 21 23 51 43775.60000 9.43700000 1351.76000 146.40000 26.10000 104.84200
25 3 21 23 51 43784.80000 9.43700000 1351.80000 146.40000 26.10000 104.81100
25 3 21 23 52 43761.40000 9.43700000 1350.12000 146.40000 26.10000 104.81100
25 3 21 23 52 43735.50000 9.43700000 1350.12000 146.40000 26.10000 104.81100
25 3 21 23 52 43759.80000 9.43700000 1349.91000 146.26000 26.10000 104.81100
25 3 21 23 53 43799.30000 9.43700000 1349.91000 146.26000 26.10000 104.81100
25 3 21 23 53 43795.40000 9.43700000 1351.11000 146.26000 26.10000 104.81100
25 3 21 23 54 43805.90000 9.43700000 1351.11000 146.26000 26.10000 104.89800
25 3 21 23 54 43776.50000 9.43700000 1351.11000 146.41000 26.10000 104.89800
25 3 21 23 55 43756.60000 9.43700000 1349.61000 146.40000 26.10000 104.89800
25 3 21 23 55 43781.40000 9.43700000 1350.90000 146.40000 26.10000 104.89800
25 3 21 23 55 43781.40000 9.43700000 1350.87000 146.41000 26.10000 104.89800
25 3 21 23 56 43760.80000 9.43700000 1350.95000 146.40000 26.10000 104.89800
25 3 21 23 56 43794.80000 9.43700000 1351.25000 146.40000 26.10000 104.89800
25 3 21 23 57 43794.80000 9.43700000 1351.94000 146.40000 26.10000 104.89800
25 3 21 23 57 43794.80000 9.43700000 1351.53000 146.40000 26.10000 104.89800
25 3 21 23 58 43755.40000 9.43700000 1351.53000 146.40000 26.10000 104.89800
25 3 21 23 58 43722.00000 9.43700000 1350.07000 146.40000 26.10000 104.89800
25 3 21 23 58 43733.10000 9.43700000 1350.91000 146.40000 26.10000 104.89800
25 3 21 23 59 43716.20000 9.43700000 1350.91000 146.01000 26.10000 104.89800
25 3 21 23 59 43689.90000 9.43700000 1350.00000 146.01000 26.10000 104.89800
26 3 21 00 00 43648.30000 9.43700000 1349.92000 145.94000 26.15500 104.55400
26 3 21 00 00 43641.00000 9.43700000 1351.00000 145.94000 26.15500 104.55400
26 3 21 00 01 43676.90000 9.43700000 1351.89000 145.94000 26.10100 104.55400
26 3 21 00 01 43754.60000 9.43700000 1354.08000 146.23000 26.17200 104.55400
26 3 21 00 01 43807.80000 9.43700000 1355.00000 146.23000 26.17200 104.55400
26 3 21 00 02 43747.80000 9.43700000 1354.52000 146.39000 26.23700 104.55400
26 3 21 00 02 43814.20000 9.43700000 1354.52000 146.39000 26.33400 104.55400
