M=[
17 7 21 09 54 26827.70000 35.14800000 1597.59000 102.56000 18.82000 80.15100
17 7 21 09 55 26827.70000 35.14800000 1597.59000 102.58000 18.82000 80.15100
17 7 21 09 55 26826.40000 35.14800000 1597.71000 102.58000 18.82000 80.15100
17 7 21 09 56 26837.50000 35.14800000 1597.70000 102.60000 18.82000 80.15100
17 7 21 09 56 26826.50000 35.14800000 1597.89000 102.60000 18.82000 80.15100
17 7 21 09 57 26841.10000 35.14800000 1597.90000 102.64000 18.82000 80.15100
17 7 21 09 57 26835.90000 35.14800000 1597.36000 102.56000 18.82000 80.15100
17 7 21 09 57 26827.70000 35.14800000 1597.10000 102.55000 18.82000 80.15100
17 7 21 09 58 26827.80000 35.14800000 1597.11000 102.55000 18.82000 80.15100
17 7 21 09 58 26826.50000 35.14800000 1596.34000 102.55000 18.82000 80.15100
17 7 21 09 59 26826.50000 35.14800000 1594.37000 102.48000 18.82000 80.15100
17 7 21 09 59 26826.50000 35.14800000 1594.18000 102.48000 18.82000 80.15100
17 7 21 10 00 26825.10000 35.14800000 1595.75000 102.48000 18.82000 80.15100
17 7 21 10 00 26825.10000 35.14800000 1594.80000 102.48000 18.82000 80.15100
17 7 21 10 00 26825.10000 35.14800000 1594.45000 102.48000 18.82000 80.02800
17 7 21 10 01 26825.00000 35.14800000 1593.70000 102.44000 18.82000 80.02800
17 7 21 10 01 26817.90000 35.14800000 1593.70000 102.44000 18.82000 80.02800
17 7 21 10 02 26796.50000 34.98700000 1593.06000 102.44000 18.82000 80.02800
17 7 21 10 02 26802.10000 34.98700000 1593.06000 102.44000 18.82000 80.02800
17 7 21 10 03 26792.90000 34.98700000 1592.25000 102.32000 18.82000 80.02800
17 7 21 10 03 26792.90000 34.98700000 1592.25000 102.32000 18.82000 80.02800
17 7 21 10 03 26797.90000 34.98700000 1592.85000 102.32000 18.82000 80.02800
17 7 21 10 04 26795.10000 34.98700000 1592.45000 102.32000 18.82000 80.02800
17 7 21 10 04 26802.50000 34.98700000 1592.93000 102.32000 18.82000 80.02800
17 7 21 10 05 26806.70000 34.98700000 1592.83000 102.32000 18.82000 80.02800
17 7 21 10 05 26793.60000 34.98700000 1592.25000 102.39000 18.82000 80.02800
17 7 21 10 06 26794.50000 34.98700000 1592.25000 102.32000 18.82000 80.02800
17 7 21 10 06 26792.90000 34.98700000 1591.23000 102.32000 18.82000 80.02800
17 7 21 10 06 26791.50000 34.98700000 1591.00000 102.32000 18.82000 80.02800
17 7 21 10 07 26737.00000 34.88100000 1588.08000 102.32000 18.82000 80.02800
17 7 21 10 07 26729.80000 34.88100000 1587.55000 102.06000 18.82000 80.02800
17 7 21 10 08 26733.70000 34.88100000 1590.10000 102.07000 18.82000 80.02800
17 7 21 10 08 26697.00000 34.88100000 1587.40000 102.07000 18.82000 80.02800
17 7 21 10 09 26708.30000 34.88100000 1587.40000 102.07000 18.82000 80.02800
17 7 21 10 09 26696.70000 34.88100000 1586.16000 102.00000 18.82000 80.02800
17 7 21 10 09 26696.80000 34.88100000 1586.16000 102.00000 18.82000 80.02800
17 7 21 10 10 26696.80000 34.88100000 1586.16000 101.88000 18.82000 80.02800
17 7 21 10 10 26696.70000 34.88100000 1589.00000 101.88000 18.82000 80.02800
17 7 21 10 11 26697.10000 34.88100000 1589.08000 101.88000 18.82000 80.02800
17 7 21 10 11 26696.70000 34.88100000 1589.40000 101.88000 18.82000 80.02800
17 7 21 10 12 26687.20000 34.88100000 1585.70000 101.88000 18.82000 80.02800
17 7 21 10 12 26635.90000 34.88100000 1582.70000 101.78000 18.82000 80.02800
17 7 21 10 12 26637.50000 34.88100000 1582.13000 101.63000 18.82000 80.02800
17 7 21 10 13 26603.60000 34.88100000 1583.14000 101.63000 18.82000 80.02800
17 7 21 10 13 26579.00000 34.88100000 1582.14000 101.50000 18.63400 80.02800
17 7 21 10 14 26568.90000 34.80000000 1582.03000 101.30000 18.63400 80.02800
17 7 21 10 14 26574.40000 34.80000000 1581.98000 101.30000 18.62600 80.02800
17 7 21 10 15 26545.90000 34.80000000 1581.69000 101.17000 18.62600 80.02800
17 7 21 10 15 26588.60000 34.80000000 1583.86000 101.17000 18.62600 80.02800
17 7 21 10 15 26572.00000 34.80000000 1582.46000 101.30000 18.62600 80.02800
17 7 21 10 16 26585.20000 34.80000000 1583.51000 101.14000 18.62600 80.02800
17 7 21 10 16 26602.40000 34.80000000 1581.68000 101.22000 18.62600 80.02800
17 7 21 10 17 26586.50000 34.80000000 1581.68000 101.22000 18.62600 80.02800
17 7 21 10 17 26595.50000 34.80000000 1581.69000 101.05000 18.62600 80.02800
17 7 21 10 18 26609.70000 34.79400000 1581.96000 101.05000 18.62600 80.02800
17 7 21 10 18 26577.30000 34.79400000 1580.00000 101.05000 18.62600 80.02800
17 7 21 10 18 26583.40000 34.79400000 1580.26000 100.80000 18.58000 80.02800
17 7 21 10 19 26568.30000 34.79400000 1580.86000 100.89000 18.58000 80.02800
17 7 21 10 19 26587.50000 34.79400000 1580.59000 100.92000 18.56400 80.02800
17 7 21 10 20 26582.60000 34.79400000 1580.92000 100.95000 18.54600 80.02800
17 7 21 10 20 26593.50000 34.79400000 1580.97000 100.96000 18.54600 80.02800
17 7 21 10 21 26587.50000 34.80300000 1581.71000 101.06000 18.52800 80.02800
17 7 21 10 21 26600.80000 34.80300000 1582.67000 101.06000 18.48000 80.02800
17 7 21 10 22 26610.70000 34.80300000 1582.68000 101.15000 18.46900 80.02800
17 7 21 10 22 26592.60000 34.80300000 1582.68000 101.16000 18.40000 80.02800
17 7 21 10 22 26595.90000 34.80300000 1582.09000 101.16000 18.40000 80.02800
17 7 21 10 23 26595.40000 34.80300000 1581.63000 101.16000 18.40000 80.02800
17 7 21 10 23 26593.40000 34.80300000 1581.13000 100.88000 18.40000 80.02800
17 7 21 10 24 26595.30000 34.80300000 1581.11000 100.92000 18.35100 80.02800
17 7 21 10 24 26590.70000 34.80300000 1581.12000 100.92000 18.33000 80.02800
17 7 21 10 25 26595.10000 34.80300000 1581.11000 100.92000 18.33600 80.02800
17 7 21 10 25 26578.80000 34.80300000 1580.62000 100.96000 18.33600 80.02800
17 7 21 10 25 26570.80000 34.80300000 1580.01000 100.96000 18.33100 80.02800
17 7 21 10 26 26570.80000 34.80300000 1580.00000 100.96000 18.31400 80.02800
17 7 21 10 26 26567.70000 34.80300000 1580.01000 100.88000 18.29300 80.02800
17 7 21 10 27 26543.80000 34.80300000 1577.13000 100.73000 18.25600 80.02800
17 7 21 10 27 26538.40000 34.80300000 1575.31000 100.69000 18.25700 80.02800
17 7 21 10 28 26550.70000 34.80300000 1577.18000 100.71000 18.25700 80.02800
17 7 21 10 28 26574.30000 34.80300000 1579.00000 100.91000 18.24200 80.02800
17 7 21 10 28 26590.90000 34.80300000 1580.84000 100.87000 18.24200 80.02800
17 7 21 10 29 26581.10000 34.80300000 1581.00000 100.87000 18.26200 80.02800
17 7 21 10 29 26577.40000 34.80300000 1580.27000 100.90000 18.26200 80.02800
17 7 21 10 30 26579.30000 34.80300000 1581.19000 100.89000 18.26200 80.02800
17 7 21 10 30 26580.20000 34.80300000 1581.19000 100.92000 18.26200 80.02800
17 7 21 10 31 26588.20000 34.80300000 1582.68000 100.92000 18.26200 80.02800
17 7 21 10 31 26583.50000 34.80300000 1584.85000 101.02000 18.26200 80.02800
17 7 21 10 31 26604.80000 34.80300000 1585.44000 101.02000 18.26200 80.02800
17 7 21 10 32 26610.90000 34.84900000 1584.11000 101.17000 18.26200 80.02800
17 7 21 10 32 26608.00000 34.84900000 1585.38000 101.17000 18.26200 80.02800
17 7 21 10 33 26608.00000 34.84900000 1584.63000 101.20000 18.26200 80.02800
17 7 21 10 33 26611.70000 34.84900000 1584.49000 101.20000 18.26200 80.02800
17 7 21 10 34 26608.40000 34.84900000 1584.18000 101.20000 18.39500 80.02800
17 7 21 10 34 26608.50000 34.84900000 1584.11000 101.20000 18.39500 80.02800
17 7 21 10 34 26611.50000 34.84900000 1582.51000 101.20000 18.39500 80.02800
17 7 21 10 35 26612.10000 34.84900000 1583.92000 101.10000 18.39500 80.02800
17 7 21 10 35 26608.70000 34.84900000 1581.17000 101.10000 18.39500 80.02800
17 7 21 10 36 26608.70000 34.77500000 1580.68000 101.10000 18.40400 80.02800
17 7 21 10 36 26607.10000 34.77500000 1580.68000 101.10000 18.40400 80.02800
17 7 21 10 37 26607.10000 34.77500000 1581.54000 101.10000 18.36000 80.02800
17 7 21 10 37 26607.10000 34.77500000 1581.91000 101.10000 18.36000 80.02800
17 7 21 10 37 26607.10000 34.77500000 1582.45000 101.03000 18.35000 80.02800
17 7 21 10 38 26611.30000 34.77500000 1582.74000 101.03000 18.29500 80.02800
17 7 21 10 38 26613.00000 34.77500000 1582.74000 101.03000 18.29500 80.02800
