M=[
 6 11 20 16 35 13096.40000 4.55100000 374.99000 51.79000 12.11400 49.40700
 6 11 20 16 35 13096.40000 4.55100000 374.99000 51.82000 12.11400 49.40700
 6 11 20 16 36 13093.20000 4.55100000 374.65000 51.75000 12.11400 49.64000
 6 11 20 16 36 13099.70000 4.55200000 375.00000 51.78000 12.11400 49.64000
 6 11 20 16 36 13100.00000 4.55200000 374.81000 51.78000 12.11400 49.64000
 6 11 20 16 37 13099.90000 4.55200000 375.00000 51.78000 12.11400 49.52900
 6 11 20 16 37 13098.10000 4.55900000 375.00000 51.78000 12.11400 49.52900
 6 11 20 16 38 13092.80000 4.57200000 375.00000 51.78000 12.11400 49.52900
 6 11 20 16 38 13099.80000 4.57200000 375.00000 51.78000 12.11400 49.52900
 6 11 20 16 39 13098.10000 4.57200000 374.79000 51.80000 12.11400 49.52900
 6 11 20 16 39 13076.30000 4.57200000 374.55000 51.81000 12.11400 49.52900
 6 11 20 16 39 13078.00000 4.57200000 374.61000 51.74000 12.11400 49.52900
 6 11 20 16 40 13076.10000 4.55000000 374.40000 51.74000 12.11400 49.52900
 6 11 20 16 40 13077.70000 4.55000000 374.43000 51.74000 12.11400 49.52900
 6 11 20 16 41 13077.40000 4.55000000 374.81000 51.74000 12.11400 49.52900
 6 11 20 16 41 13084.50000 4.55000000 374.97000 51.74000 12.11400 49.52900
 6 11 20 16 42 13084.60000 4.55000000 374.93000 51.74000 12.11400 49.52900
 6 11 20 16 42 13078.60000 4.55000000 374.93000 51.76000 12.11400 49.52900
 6 11 20 16 42 13080.80000 4.55000000 374.93000 51.76000 12.11400 49.52900
 6 11 20 16 43 13063.10000 4.55000000 373.77000 51.77000 12.11400 49.52900
 6 11 20 16 43 13060.10000 4.55000000 373.74000 51.77000 12.05900 49.30000
 6 11 20 16 44 13060.10000 4.55000000 373.49000 51.77000 12.05900 49.30000
 6 11 20 16 44 13047.70000 4.55000000 373.42000 51.77000 12.05900 49.30000
 6 11 20 16 45 13059.90000 4.55000000 373.55000 51.61000 12.05900 49.30000
 6 11 20 16 45 13073.20000 4.55000000 374.06000 51.61000 12.05900 49.30000
 6 11 20 16 45 13058.70000 4.55000000 373.42000 51.61000 12.05900 49.30000
 6 11 20 16 46 13058.60000 4.55000000 373.64000 51.61000 12.05900 49.30000
 6 11 20 16 46 13064.20000 4.55000000 373.57000 51.61000 12.05900 49.30000
 6 11 20 16 47 13056.00000 4.55000000 373.53000 51.61000 12.05900 49.30000
 6 11 20 16 47 13062.00000 4.55000000 373.33000 51.61000 12.12100 49.30000
 6 11 20 16 48 13064.00000 4.55000000 373.48000 51.61000 12.12100 49.30000
 6 11 20 16 48 13063.40000 4.55000000 373.26000 51.64000 12.12100 49.30000
 6 11 20 16 48 13055.90000 4.55000000 372.84000 51.64000 12.12100 49.30000
 6 11 20 16 49 13055.50000 4.55000000 372.92000 51.64000 12.12100 49.30000
 6 11 20 16 49 13055.10000 4.55000000 372.92000 51.58000 12.12100 49.30000
 6 11 20 16 50 13050.30000 4.55000000 373.14000 51.62000 12.12100 49.30000
 6 11 20 16 50 13054.90000 4.55000000 373.14000 51.70000 12.12100 49.30000
 6 11 20 16 51 13054.90000 4.55000000 373.14000 51.70000 12.12100 49.30000
 6 11 20 16 51 13055.00000 4.55000000 373.31000 51.70000 12.12100 49.30000
 6 11 20 16 51 13055.00000 4.55000000 373.49000 51.70000 12.12100 49.30000
 6 11 20 16 52 13070.00000 4.55000000 373.49000 51.70000 12.12100 49.29400
 6 11 20 16 52 13073.20000 4.55000000 374.12000 51.80000 12.12100 49.29400
 6 11 20 16 53 13066.40000 4.55000000 373.14000 51.80000 12.12100 49.29400
 6 11 20 16 53 13059.80000 4.55000000 373.14000 51.71000 12.12100 49.29400
 6 11 20 16 54 13059.80000 4.55000000 373.13000 51.75000 12.12100 49.29400
 6 11 20 16 54 13057.10000 4.55000000 372.82000 51.75000 12.12100 49.29400
 6 11 20 16 54 13057.10000 4.55000000 372.59000 51.69000 12.12100 49.29400
 6 11 20 16 55 13057.00000 4.55000000 372.83000 51.69000 12.12100 49.29400
 6 11 20 16 55 13050.40000 4.55000000 372.75000 51.69000 12.12100 49.29400
 6 11 20 16 56 13050.10000 4.55000000 372.82000 51.69000 12.12100 49.29400
 6 11 20 16 56 13050.10000 4.55000000 372.74000 51.66000 12.12100 49.29400
 6 11 20 16 57 13050.10000 4.55000000 372.59000 51.66000 12.12100 49.29400
 6 11 20 16 57 13045.20000 4.55000000 372.47000 51.63000 12.12100 49.29400
 6 11 20 16 57 13057.00000 4.55000000 372.70000 51.63000 12.12100 49.29400
 6 11 20 16 58 13059.90000 4.55000000 372.83000 51.71000 12.12100 49.29400
 6 11 20 16 58 13064.00000 4.55000000 372.82000 51.71000 12.12100 49.29400
 6 11 20 16 59 13066.90000 4.55000000 373.14000 51.67000 12.12100 49.29400
 6 11 20 16 59 13066.70000 4.55000000 373.14000 51.71000 12.12100 49.29400
 6 11 20 17 00 13066.60000 4.55000000 372.71000 51.71000 12.12100 49.29400
 6 11 20 17 00 13064.30000 4.55000000 372.62000 51.63000 12.12100 49.29400
 6 11 20 17 00 13064.30000 4.55000000 372.90000 51.63000 12.12100 49.29400
 6 11 20 17 01 13077.70000 4.55000000 373.26000 51.63000 12.12100 49.29400
 6 11 20 17 01 13079.50000 4.55000000 373.73000 51.63000 12.12100 49.29400
 6 11 20 17 02 13083.20000 4.51900000 373.83000 51.69000 12.10700 49.32200
 6 11 20 17 02 13076.70000 4.51900000 373.61000 51.70000 12.10700 49.33100
 6 11 20 17 03 13083.00000 4.51900000 373.66000 51.70000 12.10700 49.33100
 6 11 20 17 03 13083.10000 4.51900000 373.74000 51.73000 12.10700 49.33100
 6 11 20 17 03 13080.40000 4.51900000 373.74000 51.73000 12.10700 49.33100
 6 11 20 17 04 13079.90000 4.51900000 373.74000 51.73000 12.10700 49.33100
 6 11 20 17 04 13079.90000 4.51900000 373.74000 51.67000 12.10700 49.33100
 6 11 20 17 05 13098.90000 4.51900000 373.97000 51.67000 12.10700 49.33100
 6 11 20 17 05 13097.80000 4.51900000 373.96000 51.67000 12.10700 49.39000
 6 11 20 17 06 13094.20000 4.51900000 374.23000 51.67000 12.10700 49.39000
 6 11 20 17 06 13099.90000 4.51900000 374.20000 51.73000 12.10700 49.39000
 6 11 20 17 06 13100.00000 4.51900000 374.20000 51.75000 12.10700 49.52800
 6 11 20 17 07 13100.00000 4.51900000 374.50000 51.75000 12.10700 49.52800
 6 11 20 17 07 13100.00000 4.51900000 374.50000 51.75000 12.10700 49.52800
 6 11 20 17 08 13100.00000 4.51900000 374.40000 51.75000 12.10700 49.52800
 6 11 20 17 08 13100.40000 4.51900000 374.26000 51.75000 12.10700 49.52800
 6 11 20 17 09 13110.00000 4.51900000 374.76000 51.85000 12.10700 49.52800
 6 11 20 17 09 13110.00000 4.51900000 374.69000 51.85000 12.10700 49.52800
 6 11 20 17 09 13104.80000 4.51900000 374.36000 51.85000 12.10700 49.52800
 6 11 20 17 10 13102.40000 4.51900000 374.36000 51.85000 12.10700 49.52800
 6 11 20 17 10 13106.30000 4.51900000 374.29000 51.87000 12.10700 49.52800
 6 11 20 17 11 13110.00000 4.51900000 374.50000 51.87000 12.10700 49.52800
 6 11 20 17 11 13110.00000 4.51900000 374.42000 51.93000 12.10700 49.52800
 6 11 20 17 12 13109.90000 4.51900000 374.36000 51.93000 12.10700 49.52800
 6 11 20 17 12 13109.90000 4.51900000 374.34000 51.93000 12.10700 49.52800
 6 11 20 17 12 13101.60000 4.51900000 374.13000 51.92000 12.10700 49.52800
 6 11 20 17 13 13101.60000 4.51900000 374.13000 51.92000 12.10700 49.52800
 6 11 20 17 13 13104.80000 4.51900000 374.08000 51.92000 12.10700 49.52800
 6 11 20 17 14 13103.50000 4.51900000 373.99000 51.91000 12.10700 50.00000
 6 11 20 17 14 13109.00000 4.51900000 374.00000 51.96000 12.10700 50.05200
 6 11 20 17 15 13109.90000 4.51900000 374.26000 52.01000 12.10700 50.21000
 6 11 20 17 15 13105.50000 4.51900000 373.98000 52.04000 12.10700 50.21000
 6 11 20 17 15 13103.80000 4.51900000 373.32000 52.04000 12.10700 50.01600
 6 11 20 17 16 13106.50000 4.51900000 373.49000 52.04000 12.10700 50.01600
 6 11 20 17 16 13100.00000 4.51900000 373.49000 51.94000 12.10700 50.01600
 6 11 20 17 17 13100.10000 4.51800000 373.49000 51.94000 12.10700 49.94300
 6 11 20 17 17 13100.00000 4.51800000 373.49000 51.94000 12.10700 49.94300
 6 11 20 17 18 13089.80000 4.51800000 373.09000 51.94000 12.10700 49.94300
 6 11 20 17 18 13089.50000 4.51800000 372.91000 51.88000 12.10700 49.90400
 6 11 20 17 18 13096.00000 4.51800000 372.98000 51.87000 12.10700 49.90400
 6 11 20 17 19 13100.70000 4.51800000 373.30000 51.87000 12.10700 49.90400
 6 11 20 17 19 13095.90000 4.51800000 373.07000 51.87000 12.10700 49.90400
 6 11 20 17 20 13089.50000 4.51800000 372.82000 51.87000 12.10700 49.80800
