M=[
29 10 20 06 06 11331.70000 4.66700000 334.24000 48.13000 10.68000 49.00000
29 10 20 06 07 11333.90000 4.66700000 334.24000 48.13000 10.68000 49.00000
29 10 20 06 07 11332.30000 4.66700000 334.27000 48.13000 10.68000 49.00000
29 10 20 06 08 11333.30000 4.66700000 334.27000 48.13000 10.68000 49.00000
29 10 20 06 10 11319.20000 4.66700000 334.26000 48.13000 10.68000 49.00000
29 10 20 06 10 11320.30000 4.66700000 334.06000 48.13000 10.68000 49.00000
29 10 20 06 11 11320.30000 4.66700000 333.75000 48.13000 10.68000 49.00000
29 10 20 06 11 11316.50000 4.66700000 333.75000 48.13000 10.72900 49.00000
29 10 20 06 11 11311.40000 4.66700000 333.70000 48.13000 10.72900 49.00000
29 10 20 06 12 11312.00000 4.66700000 333.70000 48.02000 10.72900 49.00000
29 10 20 06 12 11311.10000 4.66700000 333.70000 47.92000 10.72900 49.00000
29 10 20 06 13 11311.10000 4.66700000 333.70000 47.94000 10.72900 49.00000
29 10 20 06 13 11311.10000 4.66700000 333.48000 47.94000 10.72900 49.00000
29 10 20 06 14 11310.20000 4.66700000 333.48000 47.94000 10.72900 49.00000
29 10 20 06 14 11307.70000 4.66700000 333.40000 47.97000 10.72900 49.00000
29 10 20 06 14 11303.80000 4.66700000 333.40000 47.92000 10.72900 49.00000
29 10 20 06 15 11311.00000 4.66700000 333.42000 47.91000 10.72900 49.00000
29 10 20 06 15 11308.70000 4.66700000 333.49000 47.91000 10.72900 49.00000
29 10 20 06 16 11308.60000 4.66700000 333.49000 47.91000 10.72900 49.00000
29 10 20 06 16 11308.70000 4.66700000 333.49000 47.91000 10.72900 49.00000
29 10 20 06 17 11309.90000 4.66700000 333.55000 47.91000 10.72900 49.00000
29 10 20 06 17 11310.20000 4.66700000 333.55000 47.91000 10.72900 49.00000
29 10 20 06 17 11310.80000 4.66700000 333.54000 47.91000 10.72900 49.00000
29 10 20 06 18 11309.40000 4.66700000 333.54000 47.91000 10.72900 49.00000
29 10 20 06 18 11313.10000 4.66700000 333.54000 47.91000 10.72900 49.00000
29 10 20 06 19 11312.70000 4.66700000 333.54000 47.91000 10.72900 49.00000
29 10 20 06 19 11310.50000 4.66700000 333.54000 47.91000 10.72900 49.00000
29 10 20 06 20 11310.50000 4.66700000 333.40000 47.91000 10.72900 49.00000
29 10 20 06 20 11312.50000 4.66700000 333.40000 47.91000 10.72900 49.00000
29 10 20 06 20 11316.50000 4.66700000 333.40000 47.91000 10.72900 49.00000
29 10 20 06 21 11314.10000 4.66700000 333.40000 47.91000 10.72900 49.00000
29 10 20 06 21 11317.20000 4.66700000 333.40000 47.91000 10.72900 49.00000
29 10 20 06 22 11318.40000 4.66700000 333.40000 47.91000 10.72900 49.00000
29 10 20 06 22 11318.70000 4.66700000 333.39000 47.91000 10.72900 49.00000
29 10 20 06 23 11318.10000 4.66700000 333.39000 48.00000 10.72900 49.00000
29 10 20 06 23 11318.20000 4.66600000 333.39000 48.00000 10.72900 49.00000
29 10 20 06 23 11316.90000 4.66600000 333.39000 48.00000 10.72900 49.00000
29 10 20 06 24 11319.10000 4.66600000 333.39000 48.04000 10.72900 48.82000
29 10 20 06 24 11319.60000 4.66600000 333.39000 48.04000 10.72900 48.87000
29 10 20 06 25 11326.30000 4.66600000 333.63000 48.04000 10.72900 48.87000
29 10 20 06 25 11329.50000 4.66600000 333.63000 48.04000 10.72900 48.87000
29 10 20 06 26 11329.30000 4.66600000 333.90000 48.04000 10.72900 48.87000
29 10 20 06 26 11329.30000 4.66600000 333.90000 48.04000 10.72900 48.87000
29 10 20 06 26 11325.90000 4.66600000 333.90000 48.04000 10.72900 48.96200
29 10 20 06 27 11321.10000 4.66600000 333.93000 48.04000 10.72900 48.96200
29 10 20 06 27 11323.00000 4.66600000 333.87000 48.04000 10.72900 48.96200
29 10 20 06 28 11326.10000 4.66600000 333.87000 48.04000 10.72900 48.96200
29 10 20 06 28 11332.20000 4.66600000 333.94000 48.04000 10.72900 48.96200
29 10 20 06 29 11330.40000 4.66600000 334.05000 48.04000 10.72900 49.01000
29 10 20 06 29 11328.80000 4.66600000 334.06000 48.04000 10.72900 49.01000
29 10 20 06 29 11325.10000 4.66600000 334.06000 48.04000 10.72900 49.01000
29 10 20 06 30 11323.70000 4.66600000 333.96000 48.04000 10.72900 49.01000
29 10 20 06 30 11324.40000 4.66600000 333.96000 48.04000 10.72900 49.01000
29 10 20 06 31 11324.30000 4.66600000 333.96000 48.04000 10.72900 49.01000
29 10 20 06 31 11324.30000 4.66600000 333.96000 48.04000 10.72900 49.01000
29 10 20 06 32 11324.40000 4.66600000 333.86000 48.04000 10.72900 49.01000
29 10 20 06 32 11324.30000 4.66600000 333.86000 48.04000 10.72900 49.01000
29 10 20 06 32 11324.30000 4.66600000 333.86000 48.04000 10.72900 49.01000
29 10 20 06 33 11324.30000 4.66600000 333.86000 48.04000 10.72900 49.01000
29 10 20 06 33 11324.30000 4.66600000 333.86000 48.04000 10.72900 49.01000
29 10 20 06 34 11332.00000 4.66600000 333.86000 48.04000 10.72900 49.01000
29 10 20 06 34 11328.60000 4.66600000 333.86000 48.04000 10.72900 49.01000
29 10 20 06 35 11322.10000 4.67900000 333.46000 48.04000 10.72900 49.01000
29 10 20 06 35 11320.70000 4.67900000 333.41000 48.04000 10.72900 49.01000
29 10 20 06 35 11317.60000 4.67900000 333.26000 48.04000 10.72900 49.01000
29 10 20 06 36 11316.70000 4.67900000 333.27000 48.04000 10.72900 49.01000
29 10 20 06 36 11316.30000 4.67900000 333.27000 48.04000 10.72900 49.01000
29 10 20 06 37 11316.30000 4.67900000 333.27000 48.04000 10.72900 49.01000
29 10 20 06 37 11316.30000 4.67900000 333.27000 48.04000 10.72900 49.01000
29 10 20 06 38 11316.20000 4.67900000 333.27000 48.04000 10.72900 49.01000
29 10 20 06 38 11316.30000 4.67900000 333.26000 48.04000 10.72900 49.01000
29 10 20 06 38 11319.80000 4.67900000 333.26000 48.04000 10.72900 49.01000
29 10 20 06 39 11322.70000 4.67900000 333.14000 48.04000 10.72600 49.01000
29 10 20 06 39 11322.70000 4.67900000 333.14000 48.04000 10.72600 49.01000
29 10 20 06 40 11319.20000 4.67900000 333.14000 48.04000 10.72600 49.01000
29 10 20 06 40 11317.30000 4.67900000 333.14000 47.97000 10.72600 49.01000
29 10 20 06 41 11317.20000 4.67900000 333.14000 47.97000 10.72600 49.01000
29 10 20 06 41 11317.30000 4.67900000 333.14000 47.97000 10.72600 49.01000
29 10 20 06 41 11320.10000 4.67900000 333.14000 47.97000 10.72600 49.01000
29 10 20 06 42 11320.10000 4.67900000 333.14000 47.97000 10.72600 49.01000
29 10 20 06 42 11320.10000 4.67900000 333.14000 47.97000 10.72600 49.01000
29 10 20 06 43 11320.10000 4.67900000 333.14000 48.00000 10.72600 49.01000
29 10 20 06 43 11320.10000 4.67900000 333.14000 48.00000 10.72600 49.01000
29 10 20 06 44 11326.10000 4.67900000 333.47000 48.00000 10.72600 49.01000
29 10 20 06 44 11325.50000 4.67900000 333.46000 48.00000 10.72600 49.01000
29 10 20 06 44 11325.40000 4.67900000 333.46000 48.00000 10.72600 49.01000
29 10 20 06 45 11323.40000 4.67900000 333.46000 48.00000 10.72600 49.01000
29 10 20 06 45 11323.40000 4.67900000 333.46000 48.00000 10.72600 49.01000
29 10 20 06 46 11323.40000 4.67900000 333.53000 48.00000 10.72600 49.01000
29 10 20 06 46 11323.40000 4.67900000 333.53000 48.00000 10.72600 49.01000
29 10 20 06 47 11324.00000 4.67900000 333.53000 48.00000 10.72600 49.01000
29 10 20 06 47 11324.60000 4.67900000 333.53000 48.00000 10.72600 49.01000
29 10 20 06 47 11324.50000 4.67900000 333.53000 48.00000 10.72600 49.01000
29 10 20 06 48 11324.60000 4.67900000 333.53000 48.00000 10.72600 49.01000
29 10 20 06 48 11324.60000 4.67900000 333.54000 48.00000 10.72600 49.01000
29 10 20 06 49 11324.60000 4.67900000 333.54000 48.00000 10.72600 49.01000
29 10 20 06 49 11324.90000 4.67900000 333.54000 48.00000 10.72600 49.01000
29 10 20 06 50 11324.90000 4.67900000 333.54000 48.01000 10.72600 49.01000
29 10 20 06 50 11325.20000 4.67900000 333.54000 48.03000 10.72600 49.01000
29 10 20 06 50 11326.20000 4.67900000 333.66000 48.03000 10.72600 49.01000
29 10 20 06 51 11326.30000 4.67900000 333.66000 48.03000 10.72600 49.01000
29 10 20 06 51 11326.30000 4.67900000 333.66000 48.03000 10.72600 49.01000
29 10 20 06 52 11338.80000 4.67900000 333.98000 48.03000 10.72600 49.01000
29 10 20 06 52 11339.80000 4.67900000 333.98000 48.03000 10.72600 49.01000
29 10 20 06 53 11344.00000 4.67900000 333.98000 48.03000 10.72600 49.01000
29 10 20 06 53 11344.00000 4.68000000 334.14000 48.03000 10.72600 49.01000
