M=[
 3 5 20 19 52 8089.50000 6.57900000 190.55000 43.38000 9.87900 41.17800
 3 5 20 19 53 8096.90000 6.57100000 190.55000 43.38000 9.87900 41.17800
 3 5 20 19 53 8098.90000 6.57100000 190.75000 43.38000 9.87900 41.17800
 3 5 20 19 54 8102.20000 6.57100000 190.74000 43.38000 9.87900 41.17800
 3 5 20 19 54 8098.80000 6.57100000 190.68000 43.38000 9.87900 41.17800
 3 5 20 19 54 8094.70000 6.56300000 190.75000 43.38000 9.87900 41.17800
 3 5 20 19 55 8094.70000 6.56300000 190.75000 43.38000 9.88000 41.17800
 3 5 20 19 55 8094.70000 6.56300000 190.76000 43.42000 9.88000 41.17800
 3 5 20 19 56 8095.10000 6.56300000 190.75000 43.42000 9.88000 41.17800
 3 5 20 19 56 8095.10000 6.56300000 190.75000 43.42000 9.88000 41.17800
 3 5 20 19 57 8095.10000 6.56300000 190.76000 43.42000 9.88000 41.17800
 3 5 20 19 57 8103.30000 6.57800000 190.80000 43.45000 9.88000 41.17800
 3 5 20 19 58 8100.20000 6.56300000 190.84000 43.45000 9.88000 41.17800
 3 5 20 19 58 8100.20000 6.57800000 190.87000 43.45000 9.88000 41.17800
 3 5 20 19 59 8100.10000 6.57800000 190.87000 43.45000 9.88000 41.17800
 3 5 20 19 59 8100.80000 6.57800000 190.87000 43.45000 9.88000 41.17800
 3 5 20 19 59 8100.80000 6.57800000 190.75000 43.45000 9.88000 41.17800
 3 5 20 20 00 8103.20000 6.57800000 190.84000 43.45000 9.88700 41.17800
 3 5 20 20 00 8105.90000 6.57800000 190.86000 43.45000 9.88700 41.17800
 3 5 20 20 01 8101.10000 6.57800000 190.76000 43.39000 9.88700 41.17800
 3 5 20 20 01 8100.00000 6.57800000 190.75000 43.39000 9.88700 41.17800
 3 5 20 20 02 8100.80000 6.59100000 190.75000 43.39000 9.88700 41.17800
 3 5 20 20 02 8104.70000 6.59100000 190.75000 43.39000 9.88700 41.17800
 3 5 20 20 03 8100.80000 6.59100000 190.75000 43.39000 9.88700 41.05900
 3 5 20 20 03 8101.50000 6.59100000 190.75000 43.39000 9.88700 41.17800
 3 5 20 20 04 8103.20000 6.59100000 190.51000 43.39000 9.88700 41.17800
 3 5 20 20 04 8103.30000 6.59100000 190.53000 43.39000 9.88700 41.17800
 3 5 20 20 04 8103.30000 6.59100000 190.58000 43.42000 9.88000 41.19900
 3 5 20 20 05 8100.00000 6.59100000 190.29000 43.42000 9.88000 41.19900
 3 5 20 20 05 8100.10000 6.56100000 190.30000 43.39000 9.87100 41.19900
 3 5 20 20 06 8100.00000 6.56100000 190.30000 43.39000 9.87100 41.19900
 3 5 20 20 06 8100.10000 6.56100000 190.32000 43.42000 9.86300 41.19900
 3 5 20 20 07 8086.10000 6.56100000 190.32000 43.38000 9.86300 41.19900
 3 5 20 20 07 8086.00000 6.56100000 190.32000 43.38000 9.86300 41.19900
 3 5 20 20 08 8086.10000 6.59100000 190.32000 43.38000 9.86300 41.19900
 3 5 20 20 08 8086.80000 6.56100000 190.22000 43.38000 9.86300 41.19400
 3 5 20 20 08 8082.90000 6.56100000 190.22000 43.38000 9.84600 41.00700
 3 5 20 20 09 8080.10000 6.56100000 190.11000 43.38000 9.83300 41.00700
 3 5 20 20 09 8078.90000 6.53200000 190.08000 43.38000 9.83300 41.00700
 3 5 20 20 10 8078.90000 6.53200000 190.00000 43.38000 9.86300 41.00700
 3 5 20 20 10 8069.90000 6.53200000 190.08000 43.36000 9.83300 41.00700
 3 5 20 20 11 8068.20000 6.53200000 190.06000 43.36000 9.83300 41.00700
 3 5 20 20 11 8070.20000 6.53200000 190.14000 43.36000 9.83300 41.00700
 3 5 20 20 12 8070.20000 6.53500000 190.16000 43.36000 9.83300 41.00700
 3 5 20 20 12 8085.10000 6.53500000 190.30000 43.36000 9.83300 41.00700
 3 5 20 20 12 8085.90000 6.53500000 190.43000 43.36000 9.83300 41.00700
 3 5 20 20 13 8083.20000 6.53500000 190.43000 43.38000 9.83300 41.00700
 3 5 20 20 13 8079.10000 6.53500000 190.29000 43.36000 9.83300 41.00700
 3 5 20 20 14 8074.00000 6.53500000 190.29000 43.36000 9.83300 41.00700
 3 5 20 20 14 8078.30000 6.53500000 190.44000 43.35000 9.83300 41.00700
 3 5 20 20 15 8086.70000 6.53500000 190.57000 43.35000 9.84300 41.19400
 3 5 20 20 15 8086.00000 6.53500000 190.40000 43.39000 9.84300 41.00700
 3 5 20 20 16 8079.50000 6.53500000 190.20000 43.39000 9.84300 41.00700
 3 5 20 20 16 8086.00000 6.53500000 190.19000 43.39000 9.84300 41.00700
 3 5 20 20 17 8081.70000 6.53500000 190.19000 43.39000 9.84300 41.00700
 3 5 20 20 17 8070.80000 6.56100000 190.02000 43.39000 9.84300 41.00700
 3 5 20 20 17 8070.80000 6.53500000 190.10000 43.39000 9.84300 41.19400
 3 5 20 20 18 8070.80000 6.53500000 190.17000 43.39000 9.84300 41.00700
 3 5 20 20 18 8074.50000 6.56600000 190.17000 43.39000 9.84300 41.00700
 3 5 20 20 19 8074.30000 6.56600000 190.13000 43.39000 9.82600 41.00700
 3 5 20 20 19 8072.00000 6.56600000 190.03000 43.39000 9.82600 41.00700
 3 5 20 20 20 8079.50000 6.56600000 190.19000 43.39000 9.84700 41.00700
 3 5 20 20 20 8083.60000 6.56600000 190.19000 43.35000 9.84700 41.00700
 3 5 20 20 21 8082.10000 6.56600000 190.17000 43.35000 9.84700 41.00700
 3 5 20 20 21 8075.70000 6.56600000 190.21000 43.38000 9.84700 41.00700
 3 5 20 20 21 8067.10000 6.56600000 190.00000 43.38000 9.84700 41.00700
 3 5 20 20 22 8060.10000 6.56600000 189.91000 43.38000 9.84700 41.00700
 3 5 20 20 22 8057.10000 6.53800000 189.91000 43.38000 9.84700 41.00700
 3 5 20 20 23 8058.10000 6.53800000 189.90000 43.38000 9.83300 41.00700
 3 5 20 20 23 8053.20000 6.53800000 189.73000 43.38000 9.84700 40.94500
 3 5 20 20 24 8051.00000 6.53800000 189.69000 43.38000 9.83200 40.94500
 3 5 20 20 24 8059.30000 6.53800000 189.86000 43.38000 9.83200 40.94500
 3 5 20 20 25 8059.80000 6.53800000 189.89000 43.26000 9.83200 40.94500
 3 5 20 20 25 8059.80000 6.53800000 189.88000 43.26000 9.84700 40.94500
 3 5 20 20 26 8056.50000 6.53800000 189.84000 43.26000 9.84700 40.94500
 3 5 20 20 26 8056.30000 6.56500000 189.78000 43.26000 9.84700 40.94500
 3 5 20 20 27 8051.30000 6.56500000 189.78000 43.24000 9.84700 41.19400
 3 5 20 20 27 8051.30000 6.54500000 189.45000 43.24000 9.84700 40.94500
 3 5 20 20 27 8055.50000 6.54500000 189.44000 43.24000 9.84700 40.94500
 3 5 20 20 28 8054.50000 6.54500000 189.44000 43.24000 9.84700 40.94500
 3 5 20 20 28 8051.10000 6.54500000 189.46000 43.23000 9.84700 40.94500
 3 5 20 20 29 8050.10000 6.54500000 189.46000 43.23000 9.84700 40.94500
 3 5 20 20 29 8065.20000 6.54500000 189.80000 43.23000 9.84700 40.94500
 3 5 20 20 30 8071.50000 6.54500000 189.75000 43.23000 9.86100 41.01300
 3 5 20 20 30 8059.70000 6.54500000 189.79000 43.29000 9.86100 41.01300
 3 5 20 20 31 8063.00000 6.54500000 189.63000 43.26000 9.86100 41.01300
 3 5 20 20 31 8057.90000 6.54500000 189.63000 43.26000 9.86100 41.01300
 3 5 20 20 31 8065.50000 6.54500000 189.80000 43.26000 9.86100 41.01300
 3 5 20 20 32 8062.80000 6.56500000 189.80000 43.25000 9.86100 41.01300
 3 5 20 20 32 8065.30000 6.54500000 189.75000 43.25000 9.86100 41.01300
 3 5 20 20 33 8065.70000 6.54000000 189.75000 43.25000 9.86100 41.01300
 3 5 20 20 33 8064.10000 6.54000000 189.75000 43.26000 9.86100 41.01300
 3 5 20 20 34 8064.40000 6.54000000 189.75000 43.25000 9.86100 41.00700
 3 5 20 20 34 8063.40000 6.54000000 189.75000 43.25000 9.86100 41.01300
 3 5 20 20 35 8053.20000 6.54000000 189.57000 43.25000 9.86100 41.01300
 3 5 20 20 35 8053.20000 6.54000000 189.57000 43.23000 9.84500 40.94500
 3 5 20 20 35 8059.10000 6.54000000 189.57000 43.23000 9.84500 40.94500
 3 5 20 20 36 8050.10000 6.54000000 189.57000 43.23000 9.84500 40.94500
 3 5 20 20 36 8045.30000 6.54000000 189.18000 43.22000 9.84500 40.94500
 3 5 20 20 37 8034.50000 6.54000000 188.95000 43.22000 9.84500 40.86800
 3 5 20 20 37 8034.50000 6.54000000 189.07000 43.22000 9.84500 40.86800
 3 5 20 20 38 8038.90000 6.54000000 189.04000 43.22000 9.84500 40.81000
 3 5 20 20 38 8036.80000 6.54500000 188.97000 43.22000 9.84500 40.81000
 3 5 20 20 39 8038.70000 6.54000000 189.00000 43.11000 9.84500 40.81000
 3 5 20 20 39 8038.50000 6.54000000 189.00000 43.11000 9.84500 40.81000
 3 5 20 20 40 8040.80000 6.54000000 189.00000 43.11000 9.84500 40.81000
 3 5 20 20 40 8043.40000 6.54000000 189.00000 43.16000 9.83600 40.81000
 3 5 20 20 40 8054.50000 6.52000000 189.17000 43.16000 9.83600 40.81000
 3 5 20 20 41 8043.40000 6.52000000 189.53000 43.16000 9.83600 40.81000
 3 5 20 20 41 8056.80000 6.52000000 189.41000 43.16000 9.83600 40.81000
 3 5 20 20 42 8058.60000 6.52000000 189.41000 43.16000 9.83600 40.81000
