M=[
 2 8 20 00 04 10044.80000 6.65200000 330.71000 52.44000 17.56900 76.86000
 2 8 20 00 04 10049.90000 6.65200000 330.98000 52.61000 17.56900 76.86000
 2 8 20 00 05 10050.00000 6.65200000 332.06000 52.67000 17.56900 76.72200
 2 8 20 00 05 10055.00000 6.65200000 331.97000 52.67000 17.54000 76.72200
 2 8 20 00 06 10059.20000 6.65200000 332.08000 52.67000 17.56900 76.72200
 2 8 20 00 06 10059.10000 6.65200000 332.12000 52.69000 17.56900 76.72200
 2 8 20 00 07 10059.20000 6.65200000 332.34000 52.69000 17.56900 76.96000
 2 8 20 00 07 10059.20000 6.65200000 331.71000 52.69000 17.73400 77.05000
 2 8 20 00 08 10059.20000 6.66600000 331.99000 52.69000 17.73400 77.02000
 2 8 20 00 08 10059.20000 6.66600000 332.40000 52.73000 17.73400 77.38100
 2 8 20 00 09 10059.20000 6.66600000 332.93000 52.77000 17.73400 77.40000
 2 8 20 00 09 10060.90000 6.66600000 333.30000 52.80000 17.69300 77.40000
 2 8 20 00 10 10060.90000 6.66600000 332.47000 52.80000 17.69300 77.44000
 2 8 20 00 10 10061.00000 6.66600000 332.77000 52.70000 17.69300 77.44000
 2 8 20 00 11 10061.00000 6.66600000 332.39000 52.70000 17.61600 77.10100
 2 8 20 00 11 10061.00000 6.66600000 332.40000 52.67000 17.61600 77.10100
 2 8 20 00 12 10061.00000 6.66600000 332.36000 52.70000 17.59700 77.10100
 2 8 20 00 12 10063.80000 6.66600000 332.39000 52.70000 17.59700 77.10100
 2 8 20 00 13 10064.20000 6.66600000 331.85000 52.70000 17.59700 77.10100
 2 8 20 00 13 10061.70000 6.66600000 332.05000 52.70000 17.59700 77.10100
 2 8 20 00 14 10065.00000 6.66600000 332.43000 52.70000 17.59700 77.10100
 2 8 20 00 14 10065.10000 6.66600000 332.41000 52.70000 17.59700 77.20100
 2 8 20 00 15 10067.80000 6.66600000 332.64000 52.71000 17.59700 77.20100
 2 8 20 00 15 10056.70000 6.66600000 332.01000 52.46000 17.59700 77.20100
 2 8 20 00 16 10063.30000 6.66600000 331.83000 52.46000 17.63500 77.20100
 2 8 20 00 17 10061.90000 6.66600000 331.44000 52.39000 17.63500 76.81100
 2 8 20 00 17 10054.20000 6.67900000 330.71000 52.23000 17.63500 76.82500
 2 8 20 00 18 10047.10000 6.67900000 330.57000 51.98000 17.63500 76.01300
 2 8 20 00 18 10047.40000 6.67900000 330.60000 52.05000 17.63500 76.01300
 2 8 20 00 19 10037.90000 6.67900000 330.56000 51.96000 17.57400 76.01300
 2 8 20 00 19 10044.40000 6.67900000 330.48000 52.03000 17.57400 75.58700
 2 8 20 00 20 10040.40000 6.67900000 330.48000 51.98000 17.57400 75.70200
 2 8 20 00 21 10030.20000 6.67900000 330.54000 51.98000 17.57400 75.70200
 2 8 20 00 21 10028.30000 6.67900000 330.66000 51.94000 17.46300 75.70200
 2 8 20 00 22 10028.30000 6.67900000 330.66000 52.02000 17.46300 75.70200
 2 8 20 00 22 10027.60000 6.67900000 330.56000 52.02000 17.46300 75.70200
 2 8 20 00 23 10000.10000 6.67900000 329.99000 52.00000 17.46300 75.68000
 2 8 20 00 23 10015.40000 6.67900000 330.24000 52.01000 17.45100 75.68000
 2 8 20 00 24 10020.80000 6.67900000 330.55000 52.01000 17.45100 75.85000
 2 8 20 00 24 10021.90000 6.67900000 330.90000 52.01000 17.40800 75.85000
 2 8 20 00 25 10019.30000 6.67900000 330.50000 52.01000 17.40800 75.85000
 2 8 20 00 25 10020.70000 6.67900000 330.49000 51.95000 17.40800 75.85000
 2 8 20 00 26 10020.80000 6.67900000 330.48000 51.94000 17.40800 75.85000
 2 8 20 00 26 10032.60000 6.67900000 331.20000 51.94000 17.40800 75.85000
 2 8 20 00 27 10024.70000 6.67900000 330.90000 51.94000 17.40800 75.85000
 2 8 20 00 27 10022.60000 6.67900000 330.42000 52.01000 17.40800 75.85000
 2 8 20 00 28 10025.50000 6.67900000 330.50000 52.01000 17.40800 75.85000
 2 8 20 00 28 10025.70000 6.67900000 330.50000 52.01000 17.40800 75.68000
 2 8 20 00 28 10024.30000 6.67900000 330.48000 52.01000 17.40800 75.68000
 2 8 20 00 29 10025.40000 6.67900000 330.76000 52.01000 17.50700 75.68000
 2 8 20 00 29 10032.70000 6.67900000 331.00000 52.01000 17.50700 75.68000
 2 8 20 00 30 10032.70000 6.67900000 331.25000 52.01000 17.50700 75.68000
 2 8 20 00 31 10029.20000 6.67900000 331.00000 51.92000 17.50700 74.91500
 2 8 20 00 31 10029.10000 6.67900000 330.97000 51.87000 17.50700 75.23600
 2 8 20 00 31 10023.70000 6.67900000 330.40000 51.66000 17.59400 75.18700
 2 8 20 00 32 10016.20000 6.63000000 329.92000 51.56000 17.58000 74.02000
 2 8 20 00 33 10010.40000 6.63000000 329.81000 51.71000 17.58000 74.03700
 2 8 20 00 33 10010.50000 6.63000000 329.63000 51.71000 17.58000 74.10500
 2 8 20 00 34 10000.20000 6.63000000 329.01000 51.59000 17.58000 74.04600
 2 8 20 00 34 10006.10000 6.63000000 329.20000 51.59000 17.58000 74.26600
 2 8 20 00 35 10012.90000 6.63000000 329.56000 51.71000 17.59400 74.59200
 2 8 20 00 35 10012.90000 6.63000000 329.53000 51.71000 17.59400 74.59200
 2 8 20 00 36 10013.40000 6.63000000 329.43000 51.79000 17.59400 75.00200
 2 8 20 00 36 10012.10000 6.63000000 329.43000 51.80000 17.59400 75.00200
 2 8 20 00 37 10016.80000 6.63000000 329.51000 51.86000 17.59400 75.00200
 2 8 20 00 37 10017.30000 6.63000000 329.87000 51.86000 17.59400 75.00200
 2 8 20 00 38 10016.80000 6.63000000 329.87000 51.86000 17.59400 75.00200
 2 8 20 00 38 10007.90000 6.63000000 329.44000 51.80000 17.59400 74.40200
 2 8 20 00 39 10014.60000 6.63000000 329.70000 51.80000 17.59400 74.40200
 2 8 20 00 39 10014.10000 6.63000000 329.75000 51.75000 17.59400 74.60100
 2 8 20 00 40 10014.10000 6.63000000 329.74000 51.75000 17.59400 74.60100
 2 8 20 00 40 10015.60000 6.63000000 329.74000 51.75000 17.59400 74.60100
 2 8 20 00 41 10008.10000 6.63000000 329.45000 51.75000 17.59400 74.60100
 2 8 20 00 41 10008.10000 6.63000000 329.44000 51.75000 17.59400 74.60100
 2 8 20 00 42 10008.10000 6.63000000 329.40000 51.80000 17.59400 74.60100
 2 8 20 00 42 10001.90000 6.63000000 328.60000 51.78000 17.59400 74.60100
 2 8 20 00 43 10002.00000 6.63000000 329.30000 51.92000 17.59400 74.60100
 2 8 20 00 43 10004.60000 6.63000000 329.30000 51.90000 17.59400 74.60100
 2 8 20 00 44 10009.10000 6.63000000 329.08000 51.90000 17.59400 74.60100
 2 8 20 00 44 10003.20000 6.63000000 329.00000 51.90000 17.59400 75.02500
 2 8 20 00 45 9996.80000 6.63000000 328.55000 51.90000 17.59400 75.02500
 2 8 20 00 45 9995.00000 6.63000000 328.35000 51.90000 17.55800 75.02500
 2 8 20 00 46 10009.00000 6.63000000 328.50000 51.90000 17.55800 75.02500
 2 8 20 00 46 10008.30000 6.63000000 328.80000 51.90000 17.55800 75.03200
 2 8 20 00 47 10009.00000 6.63000000 329.31000 51.92000 17.55800 75.27200
 2 8 20 00 47 10009.10000 6.63000000 329.31000 51.92000 17.49300 75.27200
 2 8 20 00 48 10014.70000 6.63000000 329.57000 51.92000 17.49300 75.24000
 2 8 20 00 48 10014.80000 6.63000000 329.61000 51.92000 17.49300 75.29800
 2 8 20 00 49 10018.20000 6.63000000 329.68000 51.93000 17.49300 75.29800
 2 8 20 00 49 10020.00000 6.63000000 329.90000 51.93000 17.49300 75.19000
 2 8 20 00 50 10017.90000 6.63000000 329.77000 51.93000 17.49300 75.19000
 2 8 20 00 50 10022.50000 6.63000000 329.90000 51.93000 17.49300 75.19000
 2 8 20 00 51 10023.60000 6.63000000 329.99000 51.93000 17.44900 75.19000
 2 8 20 00 51 10020.40000 6.63000000 329.99000 51.93000 17.44900 75.19000
 2 8 20 00 52 10020.40000 6.63000000 329.94000 51.93000 17.44900 75.19000
 2 8 20 00 52 10020.00000 6.63000000 329.94000 51.93000 17.44900 75.19000
 2 8 20 00 53 10020.20000 6.63000000 329.72000 51.93000 17.44900 75.19000
 2 8 20 00 53 10023.60000 6.63000000 329.99000 51.93000 17.44900 75.19000
 2 8 20 00 54 10022.60000 6.63000000 330.00000 51.93000 17.44900 75.33500
 2 8 20 00 54 10022.60000 6.63000000 330.01000 51.93000 17.44900 75.33500
 2 8 20 00 55 10020.50000 6.63000000 329.99000 51.93000 17.44900 75.15400
 2 8 20 00 55 10018.30000 6.64300000 329.78000 51.93000 17.44900 75.15400
 2 8 20 00 56 10015.20000 6.64300000 329.92000 51.93000 17.44900 75.10400
 2 8 20 00 56 10015.20000 6.64300000 329.80000 51.93000 17.44900 75.10400
 2 8 20 00 57 10017.20000 6.64300000 329.80000 51.93000 17.44900 75.04300
 2 8 20 00 57 10023.20000 6.64300000 329.90000 51.93000 17.44900 75.16900
 2 8 20 00 58 10023.20000 6.64300000 329.90000 51.93000 17.44900 75.11200
 2 8 20 00 58 10023.10000 6.64300000 329.96000 51.93000 17.44900 75.11200
