M=[
21 4 21 04 04 46061.80000 28.25000000 1906.98000 215.89000 34.52800 204.69000
21 4 21 04 05 46121.60000 28.25000000 1911.20000 216.21000 34.52800 204.69000
21 4 21 04 05 46108.60000 28.25000000 1909.33000 215.97000 34.52800 204.69000
21 4 21 04 06 46057.40000 28.30000000 1908.55000 216.28000 34.52800 205.11900
21 4 21 04 06 46037.00000 28.23700000 1906.98000 216.28000 34.52800 204.76300
21 4 21 04 07 46037.00000 28.23400000 1906.98000 215.70000 34.52800 204.76300
21 4 21 04 07 46037.10000 28.23400000 1906.12000 215.70000 34.52800 204.76300
21 4 21 04 07 46074.50000 28.23400000 1909.29000 215.66000 34.52800 204.61000
21 4 21 04 08 46037.00000 28.24800000 1906.87000 215.56000 34.52800 204.61000
21 4 21 04 08 46037.00000 28.22700000 1906.87000 215.78000 34.52800 204.61000
21 4 21 04 09 46000.00000 28.18700000 1903.75000 215.78000 34.52800 204.61000
21 4 21 04 09 45990.10000 28.18700000 1903.97000 215.06000 34.52800 204.61000
21 4 21 04 10 46032.30000 28.18700000 1909.17000 215.36000 34.52800 204.61000
21 4 21 04 10 45981.00000 28.20200000 1905.80000 215.36000 34.52800 204.54000
21 4 21 04 10 45962.00000 28.15800000 1905.30000 214.84000 34.52800 204.54000
21 4 21 04 11 45961.90000 28.14000000 1904.00000 214.80000 34.52800 204.54000
21 4 21 04 11 45961.90000 28.14000000 1906.54000 214.81000 34.52800 204.54000
21 4 21 04 12 45981.30000 28.11700000 1905.45000 214.87000 34.52800 204.54000
21 4 21 04 12 45971.90000 28.11400000 1904.79000 214.66000 34.52800 204.54000
21 4 21 04 13 45971.90000 28.11400000 1906.86000 214.79000 34.52800 204.54000
21 4 21 04 13 45961.60000 28.12900000 1906.86000 214.64000 34.52800 204.54000
21 4 21 04 13 45967.00000 28.10400000 1906.86000 214.44000 34.52800 204.54000
21 4 21 04 14 45962.40000 28.10400000 1905.94000 214.63000 34.52800 204.54000
21 4 21 04 14 45935.10000 28.03900000 1904.74000 214.36000 34.52800 204.54000
21 4 21 04 15 45900.00000 28.00000000 1904.74000 214.36000 34.52800 204.54000
21 4 21 04 15 45882.20000 27.97500000 1898.01000 213.88000 34.52800 204.54000
21 4 21 04 16 45971.40000 27.97500000 1904.15000 214.04000 34.52800 202.05500
21 4 21 04 16 46035.70000 27.97500000 1909.29000 214.96000 34.52800 203.68200
21 4 21 04 16 46069.10000 27.97500000 1910.52000 215.36000 34.52800 203.68200
21 4 21 04 17 46098.80000 27.97500000 1911.00000 215.12000 34.52800 203.68200
21 4 21 04 17 46093.20000 27.97500000 1912.94000 215.45000 34.52800 203.68200
21 4 21 04 18 46075.70000 27.97500000 1913.53000 215.45000 34.52800 203.68200
21 4 21 04 18 46103.40000 27.97500000 1912.76000 215.36000 34.52800 203.68200
21 4 21 04 19 46108.60000 27.97500000 1913.92000 215.58000 34.52800 203.68200
21 4 21 04 19 46108.70000 27.97500000 1911.58000 215.21000 34.52800 204.46000
21 4 21 04 19 46108.60000 27.97500000 1913.01000 215.21000 34.52800 204.46000
21 4 21 04 20 46110.10000 27.97500000 1915.00000 215.73000 34.33700 204.46000
21 4 21 04 20 46133.10000 27.97500000 1914.54000 215.55000 34.33700 204.46000
21 4 21 04 21 46133.00000 27.97500000 1914.54000 215.81000 34.33700 204.46000
21 4 21 04 21 46146.90000 27.97500000 1915.77000 215.81000 34.33700 204.46000
21 4 21 04 22 46117.30000 27.97500000 1915.13000 216.01000 34.33700 204.46000
21 4 21 04 22 46114.20000 27.97500000 1912.45000 215.70000 34.33700 204.46000
21 4 21 04 22 46119.40000 27.97500000 1913.96000 215.82000 34.33700 204.46000
21 4 21 04 23 46149.80000 27.97500000 1915.29000 215.82000 34.33700 204.46000
21 4 21 04 23 46149.00000 27.97500000 1913.91000 215.82000 34.33700 204.46000
21 4 21 04 24 46103.60000 28.29000000 1912.01000 215.78000 34.33700 204.46000
21 4 21 04 24 46127.80000 28.29000000 1912.43000 215.75000 34.33700 204.46000
21 4 21 04 25 46157.40000 28.29000000 1915.08000 215.75000 34.33700 204.46000
21 4 21 04 25 46163.70000 28.29000000 1915.98000 216.17000 34.33700 204.46000
21 4 21 04 25 46166.50000 28.29000000 1915.98000 216.43000 34.33700 204.46000
21 4 21 04 26 46181.80000 28.29000000 1916.64000 216.79000 34.33700 204.46000
21 4 21 04 26 46181.80000 28.29000000 1916.16000 216.79000 34.33700 204.46000
21 4 21 04 27 46177.50000 28.43600000 1916.62000 216.60000 34.33700 205.18200
21 4 21 04 27 46174.30000 28.43600000 1917.93000 216.60000 34.33700 205.18200
21 4 21 04 28 46190.90000 28.43600000 1918.00000 216.87000 34.33700 206.06400
21 4 21 04 28 46227.60000 28.57600000 1919.00000 216.87000 34.33700 206.46000
21 4 21 04 28 46174.60000 28.55600000 1919.23000 216.88000 34.33700 206.46000
21 4 21 04 29 46176.20000 28.54200000 1919.23000 217.24000 34.33700 206.46000
21 4 21 04 29 46167.40000 28.54200000 1919.23000 217.24000 34.33700 206.46000
21 4 21 04 30 46157.40000 28.54200000 1919.18000 217.17000 34.33700 206.46000
21 4 21 04 30 46176.10000 28.54200000 1921.99000 217.24000 34.33700 205.97000
21 4 21 04 31 46226.00000 28.54200000 1921.99000 217.08000 34.33700 205.97000
21 4 21 04 31 46213.10000 28.54200000 1923.99000 217.08000 34.33700 205.97000
21 4 21 04 31 46230.00000 28.54200000 1922.80000 217.08000 34.33700 205.97000
21 4 21 04 32 46206.10000 28.54200000 1923.99000 217.65000 34.33700 205.97000
21 4 21 04 32 46219.40000 28.54200000 1922.60000 217.53000 34.33700 205.97000
21 4 21 04 33 46184.60000 28.59300000 1922.44000 217.50000 34.33700 205.97000
21 4 21 04 33 46217.00000 28.59300000 1922.60000 217.57000 34.33800 205.97000
21 4 21 04 34 46223.90000 28.59300000 1924.72000 217.57000 34.33800 207.63200
21 4 21 04 34 46236.30000 28.59300000 1924.72000 217.57000 34.33800 207.63200
21 4 21 04 34 46228.80000 28.59300000 1924.00000 217.66000 34.33800 207.63200
21 4 21 04 35 46201.40000 28.59300000 1922.07000 217.66000 34.33800 207.63200
21 4 21 04 35 46237.50000 28.59300000 1923.35000 217.67000 34.33800 207.74700
21 4 21 04 36 46240.80000 28.59300000 1922.33000 217.67000 34.33800 207.72100
21 4 21 04 36 46243.40000 28.59300000 1922.32000 217.67000 34.33800 207.72100
21 4 21 04 37 46247.90000 28.59300000 1924.98000 217.67000 34.33800 207.72100
21 4 21 04 37 46247.80000 28.73100000 1924.10000 217.67000 34.33800 207.44200
21 4 21 04 37 46247.90000 28.73100000 1924.74000 217.67000 34.33800 207.44200
21 4 21 04 38 46247.90000 28.73100000 1923.92000 217.87000 34.33800 207.44200
21 4 21 04 38 46247.80000 28.73100000 1924.77000 218.05000 34.33800 207.44200
21 4 21 04 39 46222.50000 28.73100000 1924.98000 218.06000 34.33800 207.44200
21 4 21 04 39 46228.70000 28.73100000 1923.77000 218.06000 34.33800 207.44200
21 4 21 04 40 46236.70000 28.73100000 1923.20000 218.04000 34.33800 207.44200
21 4 21 04 40 46217.60000 28.73100000 1922.55000 217.86000 34.33800 207.70100
21 4 21 04 40 46226.60000 28.68200000 1922.55000 217.97000 34.33800 207.70100
21 4 21 04 41 46229.50000 28.68200000 1922.55000 217.97000 34.33800 207.70100
21 4 21 04 41 46240.50000 28.68200000 1924.04000 217.81000 34.33800 207.70100
21 4 21 04 42 46249.00000 28.68200000 1924.15000 217.99000 34.33800 207.70100
21 4 21 04 42 46249.00000 28.68200000 1923.59000 217.99000 34.33800 207.70100
21 4 21 04 43 46240.30000 28.68200000 1923.08000 217.91000 34.33800 207.70100
21 4 21 04 43 46234.00000 28.68200000 1923.62000 217.91000 34.33800 207.70100
21 4 21 04 43 46234.00000 28.68200000 1922.30000 217.93000 34.33800 207.70100
21 4 21 04 44 46227.20000 28.68200000 1922.30000 217.76000 34.33800 207.70100
21 4 21 04 44 46236.10000 28.68200000 1922.30000 217.82000 34.33800 207.70100
21 4 21 04 45 46236.10000 28.68200000 1924.14000 217.82000 34.33800 207.70100
21 4 21 04 45 46240.60000 28.68200000 1924.14000 217.69000 34.33800 207.70100
21 4 21 04 46 46246.80000 28.68200000 1924.48000 217.69000 34.33800 207.70100
21 4 21 04 46 46251.00000 28.68200000 1924.41000 217.69000 34.33800 207.70100
21 4 21 04 46 46240.60000 28.68200000 1924.41000 217.94000 34.33800 207.70100
21 4 21 04 47 46249.60000 28.68200000 1925.28000 217.97000 34.33800 207.70100
21 4 21 04 47 46236.60000 28.68200000 1924.01000 217.97000 34.33800 207.70100
21 4 21 04 48 46240.70000 28.68200000 1924.61000 217.97000 34.33800 207.70100
