M=[
10 7 20 20 18 8181.00000 5.63500000 212.69000 38.94000 17.03700 49.46000
10 7 20 20 17 8189.90000 5.68000000 213.01000 39.18000 17.10200 49.98600
10 7 20 20 18 8189.90000 5.90200000 212.65000 39.18000 17.10200 49.98600
10 7 20 20 18 8181.00000 5.63500000 212.68000 39.36000 17.03700 49.98600
10 7 20 20 19 8189.90000 5.63500000 212.68000 39.00000 17.15800 49.46000
10 7 20 20 19 8189.90000 5.63500000 211.64000 39.18000 17.15800 49.98600
10 7 20 20 20 8189.90000 5.71000000 213.01000 39.18000 17.03700 49.46000
10 7 20 20 20 8189.90000 5.65500000 212.67000 39.18000 17.15800 49.46000
10 7 20 20 21 8189.90000 5.90200000 213.01000 39.00000 17.15800 49.98600
10 7 20 20 21 8189.80000 5.59500000 212.69000 39.25000 17.03300 49.98600
10 7 20 20 22 8179.40000 5.90200000 212.77000 39.18000 17.15800 49.54600
10 7 20 20 23 8193.10000 5.65500000 212.72000 39.18000 17.03300 49.98600
10 7 20 20 23 8194.70000 5.65500000 212.73000 38.94000 17.03300 49.46000
10 7 20 20 23 8195.50000 5.87700000 212.73000 39.18000 16.80800 49.46000
10 7 20 20 23 8181.50000 5.65500000 213.01000 39.30000 17.03300 49.98600
10 7 20 20 24 8197.90000 5.65500000 211.64000 39.18000 17.03300 49.98600
10 7 20 20 24 8198.00000 5.63500000 213.01000 39.18000 17.03300 48.74000
10 7 20 20 25 8197.90000 5.65500000 212.52000 39.19000 17.01500 49.50000
10 7 20 20 25 8181.00000 5.66200000 212.53000 39.15000 17.01500 49.01300
10 7 20 20 26 8197.90000 5.66200000 212.57000 38.97000 17.15800 49.50000
10 7 20 20 26 8198.20000 5.66200000 212.53000 39.00000 17.01500 49.09500
10 7 20 20 27 8198.10000 5.66200000 212.55000 39.00000 17.15800 49.50000
10 7 20 20 27 8181.00000 5.66200000 213.01000 39.15000 17.01500 49.50000
10 7 20 20 28 8179.40000 5.66200000 212.55000 39.30000 17.10200 49.50000
10 7 20 20 28 8181.00000 5.66200000 213.01000 39.15000 17.01500 49.98600
10 7 20 20 29 8199.90000 5.66200000 213.01000 39.00000 17.01500 49.50000
10 7 20 20 29 8199.90000 5.66200000 212.38000 38.97000 17.01500 48.60900
10 7 20 20 29 8199.70000 5.66200000 212.65000 38.94000 17.01500 49.46000
10 7 20 20 30 8199.80000 5.80700000 212.59000 39.23000 17.01500 49.50000
10 7 20 20 30 8179.40000 5.65100000 212.58000 39.00000 17.35800 49.18400
10 7 20 20 31 8179.40000 5.90200000 213.01000 39.00000 17.01500 49.50000
10 7 20 20 32 8181.00000 5.87700000 212.58000 39.23000 17.01500 49.50000
10 7 20 20 32 8199.90000 5.65100000 212.57000 39.18000 17.01500 49.98600
10 7 20 20 33 8199.90000 5.65100000 212.58000 39.36000 17.15800 49.50000
10 7 20 20 33 8181.50000 5.65100000 212.58000 39.18000 16.83200 49.50000
10 7 20 20 34 8181.00000 5.65600000 212.38000 38.97000 17.10200 49.50000
10 7 20 20 34 8199.90000 5.90200000 212.57000 39.18000 17.01500 49.98600
10 7 20 20 34 8181.00000 5.90200000 213.01000 39.18000 17.15800 49.46000
10 7 20 20 35 8199.90000 5.65600000 212.58000 39.18000 16.80800 49.50000
10 7 20 20 35 8181.00000 5.65600000 212.58000 39.18000 17.01500 49.18400
10 7 20 20 36 8199.90000 5.65600000 213.01000 39.18000 17.01500 49.46000
10 7 20 20 36 8199.90000 5.65600000 212.58000 39.00000 17.01500 49.50000
10 7 20 20 36 8179.40000 5.65600000 212.58000 39.25000 17.15800 49.46000
10 7 20 20 37 8181.00000 5.80700000 212.58000 39.23000 17.15800 49.50000
10 7 20 20 37 8199.90000 5.65600000 212.74000 39.23000 17.15800 49.50000
10 7 20 20 39 8199.90000 5.65600000 212.73000 39.23000 17.15800 49.01300
10 7 20 20 38 8199.90000 5.65600000 213.01000 39.22000 17.01500 49.50000
10 7 20 20 39 8199.90000 5.90200000 212.68000 39.23000 17.01500 49.46000
10 7 20 20 39 8199.90000 5.65600000 213.01000 39.22000 17.01500 49.50000
10 7 20 20 40 8199.80000 5.90200000 214.26000 39.25000 17.01500 49.50000
10 7 20 20 40 8181.00000 5.66200000 213.01000 39.00000 17.01500 49.50000
10 7 20 20 41 8199.90000 5.68000000 212.63000 39.19000 17.15800 49.50000
10 7 20 20 41 8199.80000 5.66200000 213.01000 39.00000 17.15800 49.98600
10 7 20 20 41 8199.90000 5.90200000 212.63000 39.30000 17.15800 49.50000
10 7 20 20 43 8181.00000 5.66200000 212.60000 38.94000 17.15800 49.46000
10 7 20 20 42 8179.40000 5.66200000 213.01000 38.98000 16.96800 49.50000
10 7 20 20 43 8199.80000 5.90200000 213.01000 38.94000 16.96800 49.50000
10 7 20 20 43 8199.90000 5.66200000 213.01000 39.15000 17.15800 49.98600
10 7 20 20 44 8198.00000 5.64900000 212.32000 39.00000 17.15800 49.50000
10 7 20 20 44 8197.10000 5.65000000 212.31000 39.08000 17.26300 49.50000
10 7 20 20 45 8181.50000 5.64900000 212.31000 39.15000 16.96800 49.46000
10 7 20 20 45 8197.10000 5.64900000 212.31000 38.94000 16.96800 49.98600
10 7 20 20 46 8192.20000 5.90200000 212.27000 39.07000 17.26300 49.43900
10 7 20 20 46 8192.30000 5.64900000 212.19000 39.07000 17.23000 48.60900
10 7 20 20 47 8179.40000 5.90200000 213.01000 39.07000 16.96800 49.98600
10 7 20 20 47 8190.20000 5.64300000 212.19000 39.07000 16.96800 49.43900
10 7 20 20 48 8190.30000 5.64300000 212.38000 39.07000 16.96800 49.40600
10 7 20 20 48 8179.40000 5.64300000 212.19000 39.07000 16.96800 49.40600
10 7 20 20 49 8189.90000 5.64300000 214.26000 38.94000 17.26300 49.40600
10 7 20 20 49 8179.40000 5.64300000 212.19000 39.00000 17.15800 49.40600
10 7 20 20 49 8189.00000 5.68000000 212.19000 39.07000 16.80800 49.98600
10 7 20 20 50 8179.40000 5.64300000 212.19000 39.36000 16.96800 48.60900
10 7 20 20 50 8181.00000 5.63000000 213.01000 38.97000 16.96800 49.40600
10 7 20 20 51 8187.40000 5.64300000 212.18000 39.00000 16.96800 49.40600
10 7 20 20 51 8179.40000 5.65000000 212.15000 38.98000 17.15800 49.40600
10 7 20 20 52 8179.40000 5.59500000 212.20000 39.10000 17.10200 49.09500
10 7 20 20 52 8187.80000 5.64300000 212.20000 39.10000 16.80800 49.40600
10 7 20 20 53 8181.50000 5.68000000 213.01000 39.36000 16.96800 49.40600
10 7 20 20 54 8186.90000 5.64500000 212.12000 39.10000 16.96800 49.40600
10 7 20 20 54 8187.30000 5.64500000 212.12000 39.10000 17.15800 49.98600
10 7 20 20 55 8187.40000 5.90200000 212.69000 39.10000 16.96800 49.40600
10 7 20 20 54 8181.00000 5.64500000 212.12000 39.10000 16.96800 49.98600
10 7 20 20 55 8181.00000 5.64500000 212.12000 39.00000 16.83200 49.40600
10 7 20 20 55 8187.40000 5.64500000 213.01000 39.10000 16.96800 49.40600
10 7 20 20 56 8187.40000 5.64500000 212.73000 39.10000 16.96800 49.39900
10 7 20 20 57 8179.40000 5.64500000 212.07000 38.98000 17.35800 49.39900
10 7 20 20 57 8187.40000 5.80700000 212.02000 39.07000 16.96800 49.01300
10 7 20 20 57 8187.40000 5.64500000 212.02000 39.25000 16.80800 48.74000
10 7 20 20 58 8186.60000 5.65000000 213.01000 39.12000 17.35800 49.39900
10 7 20 20 58 8181.00000 5.64500000 212.05000 39.36000 17.15800 49.98600
10 7 20 20 59 8185.40000 5.90200000 212.04000 39.12000 16.96800 49.09500
10 7 20 20 59 8179.40000 5.90200000 212.08000 39.00000 16.80800 48.74000
10 7 20 21 00 8181.00000 5.64500000 214.26000 39.14000 16.96800 49.98600
10 7 20 21 01 8181.00000 5.64500000 212.10000 39.14000 16.96800 49.98600
10 7 20 21 00 8185.20000 5.64500000 212.09000 39.14000 16.96800 48.60900
10 7 20 21 02 8185.10000 5.90200000 213.01000 39.14000 16.96800 48.60900
10 7 20 21 01 8185.10000 5.64500000 212.09000 38.98000 17.15800 49.39900
10 7 20 21 02 8181.00000 5.64500000 213.01000 39.10000 16.96800 49.39900
10 7 20 21 02 8179.40000 5.90200000 212.02000 39.10000 17.26300 49.39900
10 7 20 21 03 8185.10000 5.90200000 213.01000 39.00000 16.80800 49.98600
10 7 20 21 03 8179.40000 5.64500000 213.01000 39.00000 16.96800 49.39900
10 7 20 21 04 8185.10000 5.80700000 212.00000 39.08000 16.96800 49.09500
10 7 20 21 04 8181.00000 5.90200000 213.01000 39.10000 17.10200 49.98600
10 7 20 21 05 8179.40000 5.90200000 212.00000 38.97000 16.96800 49.18400
10 7 20 21 05 8179.40000 5.63000000 212.00000 39.10000 16.96800 49.01300
10 7 20 21 05 8179.40000 5.63500000 213.01000 39.10000 17.15800 49.01300
10 7 20 21 06 8185.10000 5.63500000 211.97000 38.94000 16.96800 48.74000
10 7 20 21 07 8181.00000 5.90200000 214.10000 39.10000 17.15800 49.39900
10 7 20 21 07 8185.20000 5.63500000 211.97000 39.10000 16.96800 49.18400
