M=[
24 4 20 05 31 6978.50000 5.19400000 174.00000 40.18000 9.35400 41.57700
24 4 20 05 32 6978.40000 5.19400000 174.00000 40.18000 9.35400 41.70600
24 4 20 05 32 6979.50000 5.19400000 174.13000 40.18000 9.35400 41.57700
24 4 20 05 33 6979.50000 5.19400000 174.26000 40.18000 9.35400 41.57700
24 4 20 05 33 6984.10000 5.19400000 174.26000 40.18000 9.35400 41.57700
24 4 20 05 34 6984.10000 5.19400000 174.16000 40.18000 9.35400 41.57700
24 4 20 05 34 6985.00000 5.19400000 174.16000 40.18000 9.35400 41.57700
24 4 20 05 34 6984.60000 5.19400000 174.19000 40.18000 9.35400 41.57700
24 4 20 05 35 6984.60000 5.19400000 174.40000 40.18000 9.35400 41.57700
24 4 20 05 35 6985.90000 5.19400000 174.40000 40.18000 9.35400 41.57700
24 4 20 05 36 6985.40000 5.19400000 174.32000 40.18000 9.35400 41.57700
24 4 20 05 36 6986.60000 5.19400000 174.32000 40.18000 9.35400 41.57700
24 4 20 05 37 6986.70000 5.19400000 174.44000 40.18000 9.35400 41.57700
24 4 20 05 37 6986.70000 5.19400000 174.44000 40.30000 9.35400 41.57700
24 4 20 05 37 6986.50000 5.19400000 174.44000 40.18000 9.35400 41.57700
24 4 20 05 38 6986.60000 5.19400000 174.50000 40.18000 9.35400 41.57700
24 4 20 05 38 6986.60000 5.19400000 174.50000 40.18000 9.35400 41.57700
24 4 20 05 39 6988.90000 5.19400000 174.49000 40.18000 9.36100 41.57700
24 4 20 05 39 6988.60000 5.19400000 174.51000 40.18000 9.36100 41.57700
24 4 20 05 40 6988.90000 5.19400000 174.36000 40.18000 9.36100 41.57700
24 4 20 05 40 6986.90000 5.19400000 174.40000 40.18000 9.36600 41.57700
24 4 20 05 41 6989.10000 5.19400000 174.51000 40.18000 9.36100 41.57700
24 4 20 05 41 6990.50000 5.19400000 174.52000 40.29000 9.36100 41.57700
24 4 20 05 42 6989.10000 5.19400000 174.29000 40.29000 9.36100 41.57700
24 4 20 05 42 6989.00000 5.19400000 174.31000 40.22000 9.36100 41.57700
24 4 20 05 42 6989.00000 5.19400000 174.51000 40.29000 9.36100 41.57700
24 4 20 05 43 6989.20000 5.19400000 174.28000 40.29000 9.35400 41.57700
24 4 20 05 43 6989.40000 5.19400000 174.28000 40.29000 9.36100 41.57700
24 4 20 05 44 6989.20000 5.19400000 174.28000 40.22000 9.36100 41.57700
24 4 20 05 44 6989.00000 5.19400000 174.28000 40.29000 9.35400 41.57700
24 4 20 05 45 6989.20000 5.19400000 174.28000 40.29000 9.36100 41.57700
24 4 20 05 45 6989.00000 5.19400000 174.30000 40.29000 9.36100 41.70600
24 4 20 05 45 6989.20000 5.19400000 174.20000 40.29000 9.36100 41.57700
24 4 20 05 46 6989.00000 5.19400000 174.38000 40.29000 9.36600 41.57700
24 4 20 05 46 6989.00000 5.19400000 174.38000 40.29000 9.36100 41.57700
24 4 20 05 47 6989.10000 5.19400000 174.38000 40.29000 9.36100 41.57700
24 4 20 05 47 6989.10000 5.19400000 174.38000 40.29000 9.36100 41.57700
24 4 20 05 48 6989.80000 5.19400000 174.30000 40.22000 9.36100 41.57700
24 4 20 05 48 6990.20000 5.19400000 174.36000 40.29000 9.36100 41.57700
24 4 20 05 49 6990.10000 5.21700000 174.24000 40.29000 9.36100 41.57700
24 4 20 05 49 6990.20000 5.21700000 174.32000 40.30000 9.36100 41.57700
24 4 20 05 49 6991.50000 5.21700000 174.33000 40.30000 9.36100 41.57700
24 4 20 05 50 6985.70000 5.21700000 174.20000 40.30000 9.36600 41.57700
24 4 20 05 50 6987.80000 5.21700000 174.20000 40.30000 9.36100 41.57700
24 4 20 05 51 6985.40000 5.21700000 174.07000 40.30000 9.36100 41.57700
24 4 20 05 51 6986.20000 5.21700000 174.08000 40.26000 9.36100 41.57700
24 4 20 05 52 6985.20000 5.21700000 174.08000 40.26000 9.36100 41.57700
24 4 20 05 52 6981.80000 5.21700000 174.06000 40.26000 9.36100 41.57700
24 4 20 05 53 6982.20000 5.19400000 173.99000 40.26000 9.36100 41.57700
24 4 20 05 53 6982.00000 5.21700000 173.99000 40.26000 9.36100 41.57700
24 4 20 05 53 6982.10000 5.21700000 174.00000 40.26000 9.36100 41.57700
24 4 20 05 54 6981.90000 5.21700000 174.00000 40.26000 9.36100 41.57700
24 4 20 05 54 6980.00000 5.21700000 173.89000 40.26000 9.36100 41.57700
24 4 20 05 55 6981.30000 5.21700000 173.87000 40.26000 9.36100 41.57700
24 4 20 05 55 6981.30000 5.21700000 173.89000 40.26000 9.36100 41.57700
24 4 20 05 56 6980.40000 5.21700000 173.89000 40.26000 9.36100 41.57700
24 4 20 05 56 6979.00000 5.21700000 173.84000 40.26000 9.36100 41.70600
24 4 20 05 57 6979.00000 5.21700000 173.84000 40.26000 9.36100 41.57700
24 4 20 05 57 6978.90000 5.23800000 173.91000 40.26000 9.36100 41.57700
24 4 20 05 57 6979.00000 5.21700000 173.85000 40.26000 9.36100 41.57700
24 4 20 05 58 6979.00000 5.21700000 173.83000 40.26000 9.36600 41.57700
24 4 20 05 58 6979.00000 5.21700000 173.83000 40.26000 9.36100 41.57700
24 4 20 05 59 6979.00000 5.21700000 173.83000 40.26000 9.35400 41.57700
24 4 20 05 59 6979.30000 5.21700000 173.89000 40.26000 9.36100 41.57700
24 4 20 06 00 6969.50000 5.21700000 173.44000 40.26000 9.36100 41.57700
24 4 20 06 00 6965.60000 5.19400000 173.40000 40.26000 9.36100 41.70600
24 4 20 06 01 6972.00000 5.21700000 173.48000 40.26000 9.36100 41.57700
24 4 20 06 01 6970.50000 5.21700000 173.62000 40.26000 9.36100 41.70600
24 4 20 06 02 6974.20000 5.21700000 173.67000 40.26000 9.36100 41.57700
24 4 20 06 02 6974.10000 5.21700000 173.64000 40.26000 9.36100 41.57700
24 4 20 06 02 6974.20000 5.21700000 173.54000 40.26000 9.36100 41.57700
24 4 20 06 03 6973.30000 5.21700000 173.63000 40.26000 9.36100 41.57700
24 4 20 06 03 6973.60000 5.21700000 173.63000 40.26000 9.36100 41.57700
24 4 20 06 04 6973.60000 5.21700000 173.63000 40.26000 9.36100 41.57700
24 4 20 06 04 6973.70000 5.21700000 173.68000 40.26000 9.36100 41.70600
24 4 20 06 05 6973.50000 5.21700000 173.68000 40.26000 9.36100 41.57700
24 4 20 06 05 6970.90000 5.21700000 173.51000 40.26000 9.36100 41.49500
24 4 20 06 06 6972.90000 5.23800000 173.52000 40.26000 9.36300 41.49500
24 4 20 06 06 6970.10000 5.21700000 173.52000 40.23000 9.36300 41.57700
24 4 20 06 06 6972.10000 5.21700000 173.52000 40.23000 9.36300 41.47700
24 4 20 06 07 6970.40000 5.21700000 173.66000 40.23000 9.36300 41.47700
24 4 20 06 07 6970.10000 5.21700000 173.66000 40.23000 9.36300 41.47700
24 4 20 06 08 6972.00000 5.21700000 173.66000 40.23000 9.36300 41.47700
24 4 20 06 08 6972.10000 5.21700000 173.67000 40.23000 9.36300 41.47700
24 4 20 06 09 6977.00000 5.21700000 174.06000 40.23000 9.36300 41.40900
24 4 20 06 09 6980.80000 5.21700000 174.06000 40.23000 9.36300 41.40900
24 4 20 06 09 6980.20000 5.21700000 174.06000 40.23000 9.36300 41.40900
24 4 20 06 10 6979.80000 5.21700000 174.18000 40.23000 9.36300 41.40900
24 4 20 06 10 6980.50000 5.21700000 173.86000 40.23000 9.36300 41.40900
24 4 20 06 11 6980.90000 5.19400000 173.97000 40.23000 9.36300 41.40900
24 4 20 06 11 6981.80000 5.21700000 173.93000 40.23000 9.36300 41.40900
24 4 20 06 12 6983.30000 5.21700000 173.92000 40.23000 9.36300 41.40900
24 4 20 06 12 6983.30000 5.21700000 173.92000 40.23000 9.36300 41.40900
24 4 20 06 13 6985.90000 5.21700000 173.93000 40.23000 9.36300 41.40900
24 4 20 06 13 6985.50000 5.21700000 174.01000 40.23000 9.36300 41.40900
24 4 20 06 13 6983.30000 5.21700000 174.05000 40.25000 9.36300 41.40900
24 4 20 06 14 6981.80000 5.19400000 173.98000 40.25000 9.36300 41.40900
24 4 20 06 14 6982.10000 5.21700000 173.98000 40.25000 9.36300 41.40900
24 4 20 06 15 6983.00000 5.21700000 174.00000 40.25000 9.36300 41.47700
24 4 20 06 15 6985.50000 5.21700000 174.05000 40.25000 9.36300 41.40900
24 4 20 06 16 6985.90000 5.21700000 174.20000 40.25000 9.36300 41.40900
24 4 20 06 16 6989.60000 5.21700000 174.20000 40.25000 9.36300 41.40900
24 4 20 06 17 6985.90000 5.21700000 174.30000 40.25000 9.36300 41.40900
24 4 20 06 17 6989.60000 5.21700000 174.30000 40.25000 9.36300 41.40900
24 4 20 06 17 6987.80000 5.21700000 174.29000 40.25000 9.36300 41.57700
24 4 20 06 18 6988.90000 5.21700000 174.42000 40.25000 9.36300 41.40900
24 4 20 06 18 6986.70000 5.21700000 174.29000 40.29000 9.36300 41.58900
24 4 20 06 19 6986.70000 5.21700000 174.43000 40.29000 9.36300 41.58900
24 4 20 06 19 6986.70000 5.21700000 174.43000 40.29000 9.36300 41.58900
24 4 20 06 20 6987.20000 5.21700000 174.53000 40.25000 9.36300 41.58900
24 4 20 06 20 6987.30000 5.21700000 174.41000 40.29000 9.35400 41.58900
