M=[
24 7 21 14 53 28862.60000 39.18900000 1845.90000 107.14000 20.01900 84.06400
24 7 21 14 53 28862.50000 39.18900000 1845.68000 107.14000 20.05900 84.06400
24 7 21 14 54 28836.00000 39.18900000 1845.68000 107.10000 20.05900 84.06400
24 7 21 14 54 28833.50000 39.18900000 1842.23000 107.10000 20.05900 84.06400
24 7 21 14 55 28854.50000 39.18900000 1843.15000 107.10000 19.90000 84.06400
24 7 21 14 55 28852.10000 39.18900000 1843.86000 107.10000 19.90000 84.06400
24 7 21 14 56 28844.90000 39.17100000 1843.13000 107.02000 19.90000 84.06400
24 7 21 14 56 28846.90000 39.17100000 1842.57000 106.98000 19.90000 84.06400
24 7 21 14 56 28845.00000 39.17100000 1842.57000 106.90000 19.90000 84.06400
24 7 21 14 57 28845.10000 39.17100000 1842.04000 106.88000 19.90000 84.06400
24 7 21 14 57 28838.80000 39.17100000 1842.01000 106.88000 19.83000 84.06400
24 7 21 14 58 28838.70000 39.17100000 1842.05000 106.88000 19.84900 84.06400
24 7 21 14 58 28830.90000 39.17100000 1842.00000 106.88000 19.84900 84.06400
24 7 21 14 59 28833.20000 39.17100000 1842.00000 106.88000 19.84900 84.06400
24 7 21 14 59 28834.50000 39.12400000 1842.17000 106.88000 19.84900 84.06400
24 7 21 14 59 28837.20000 39.12400000 1842.02000 106.88000 19.84900 84.06400
24 7 21 15 00 28834.20000 39.12400000 1842.00000 106.82000 19.84900 84.06400
24 7 21 15 00 28832.70000 39.12400000 1840.78000 106.82000 19.84900 84.06400
24 7 21 15 01 28833.60000 39.12400000 1840.78000 106.82000 19.84900 84.06400
24 7 21 15 01 28817.70000 39.12400000 1838.97000 106.82000 19.84900 84.06400
24 7 21 15 02 28817.70000 39.12400000 1838.97000 106.62000 19.84900 84.06400
24 7 21 15 02 28820.50000 39.12400000 1837.64000 106.62000 19.84900 84.06400
24 7 21 15 02 28817.70000 39.12400000 1837.64000 106.62000 19.84900 84.06400
24 7 21 15 03 28819.50000 39.12400000 1837.99000 106.62000 19.84900 84.06400
24 7 21 15 03 28819.50000 39.12400000 1837.99000 106.62000 19.85500 84.06400
24 7 21 15 04 28819.40000 39.12400000 1837.99000 106.62000 19.85500 84.06400
24 7 21 15 04 28819.50000 39.12400000 1839.64000 106.62000 19.85500 84.06400
24 7 21 15 05 28819.50000 39.12400000 1841.54000 106.62000 19.72500 84.06400
24 7 21 15 05 28819.50000 39.12400000 1842.47000 106.62000 19.72500 84.06400
24 7 21 15 05 28819.50000 39.12400000 1840.93000 106.81000 19.72500 84.06400
24 7 21 15 06 28819.40000 39.28200000 1841.72000 106.75000 19.72500 84.06400
24 7 21 15 06 28819.40000 39.28200000 1841.20000 106.75000 19.72500 84.06400
24 7 21 15 07 28820.60000 39.28200000 1841.55000 106.75000 19.76400 84.06400
24 7 21 15 07 28820.60000 39.28200000 1841.55000 106.75000 19.76400 84.06400
24 7 21 15 08 28844.00000 39.28200000 1842.95000 106.75000 19.76400 84.06400
24 7 21 15 08 28844.10000 39.28200000 1844.21000 106.92000 19.76400 84.06400
24 7 21 15 09 28845.10000 39.28200000 1844.97000 106.92000 19.76400 84.06400
24 7 21 15 09 28845.00000 39.28200000 1844.97000 106.92000 19.76400 84.06400
24 7 21 15 09 28849.90000 39.28200000 1845.52000 106.92000 19.76400 84.06400
24 7 21 15 10 28878.40000 39.40000000 1845.81000 107.07000 19.76400 84.06400
24 7 21 15 10 28871.80000 39.40000000 1844.84000 107.07000 19.90100 84.01400
24 7 21 15 11 28878.30000 39.40000000 1844.53000 107.07000 19.84500 84.01400
24 7 21 15 11 28879.30000 39.40000000 1844.30000 107.07000 19.91500 84.01400
24 7 21 15 12 28879.30000 39.40000000 1845.34000 107.07000 19.91500 84.01400
24 7 21 15 12 28880.00000 39.40000000 1845.90000 107.06000 19.91500 84.19200
24 7 21 15 12 28885.50000 39.54300000 1845.90000 107.13000 19.91500 84.19200
24 7 21 15 13 28882.10000 39.54300000 1845.89000 107.13000 19.85700 84.19200
24 7 21 15 13 28882.10000 39.54300000 1845.90000 107.13000 19.85700 84.19200
24 7 21 15 14 28885.60000 39.57700000 1845.90000 107.13000 19.85700 84.19200
24 7 21 15 14 28887.00000 39.57700000 1846.11000 107.13000 19.85700 84.19200
24 7 21 15 15 28886.00000 39.57700000 1846.24000 107.13000 19.85600 84.19200
24 7 21 15 15 28886.10000 39.57700000 1845.87000 107.13000 19.85600 84.19200
24 7 21 15 15 28897.50000 39.57700000 1845.36000 107.13000 19.85600 84.19200
24 7 21 15 16 28909.10000 39.57700000 1848.58000 107.13000 19.85600 84.19200
24 7 21 15 16 28909.10000 39.57700000 1848.75000 107.13000 19.64500 84.19200
24 7 21 15 17 28909.20000 39.57700000 1848.53000 107.15000 19.79400 84.19200
24 7 21 15 17 28909.10000 39.57700000 1848.53000 107.15000 19.84500 84.19200
24 7 21 15 18 28897.70000 39.57700000 1846.16000 107.15000 19.84500 84.19200
24 7 21 15 18 28895.90000 39.57700000 1845.75000 107.15000 19.88000 84.19200
24 7 21 15 18 28896.10000 39.57700000 1845.54000 106.99000 19.88000 84.19200
24 7 21 15 19 28886.00000 39.57700000 1845.58000 106.99000 19.88000 84.19200
24 7 21 15 19 28886.10000 39.57700000 1845.58000 106.99000 19.88000 84.19200
24 7 21 15 20 28886.00000 39.57700000 1845.16000 106.99000 19.88000 84.19200
24 7 21 15 20 28887.90000 39.57700000 1844.21000 106.99000 19.88000 84.19200
24 7 21 15 21 28900.00000 39.57700000 1845.62000 106.99000 19.76800 84.19200
24 7 21 15 21 28900.00000 39.57700000 1846.09000 106.99000 19.76800 84.19200
24 7 21 15 21 28899.90000 39.53000000 1845.28000 106.99000 19.76800 84.19200
24 7 21 15 22 28908.00000 39.53000000 1845.02000 106.99000 19.76800 84.19200
24 7 21 15 22 28906.80000 39.53000000 1845.29000 106.95000 19.76800 84.19200
24 7 21 15 23 28904.90000 39.53000000 1844.98000 106.95000 19.82700 84.19200
24 7 21 15 23 28920.00000 39.53000000 1846.34000 106.95000 19.82700 84.19200
24 7 21 15 24 28920.10000 39.53000000 1845.04000 106.89000 19.82700 84.19200
24 7 21 15 24 28921.90000 39.53000000 1846.33000 106.89000 19.82700 84.19200
24 7 21 15 24 28929.90000 39.53000000 1846.33000 106.89000 19.79900 84.19200
24 7 21 15 25 28940.70000 39.53000000 1850.00000 106.89000 19.79900 84.19200
24 7 21 15 25 28915.70000 39.53000000 1847.96000 107.07000 19.79900 84.19200
24 7 21 15 26 28888.20000 39.53000000 1846.25000 107.07000 19.79900 84.19200
24 7 21 15 26 28886.10000 39.53000000 1845.47000 106.94000 19.79900 84.19200
24 7 21 15 27 28910.30000 39.53000000 1846.06000 106.95000 19.78600 84.19200
24 7 21 15 27 28877.00000 39.67700000 1845.47000 106.95000 19.78600 84.19200
24 7 21 15 28 28879.40000 39.67700000 1845.47000 106.95000 19.78600 84.19200
24 7 21 15 28 28888.10000 39.67700000 1843.51000 106.89000 19.78600 84.19200
24 7 21 15 28 28887.40000 39.67700000 1844.55000 106.89000 19.78600 84.19200
24 7 21 15 29 28886.70000 39.67700000 1844.45000 106.90000 19.79700 84.19200
24 7 21 15 29 28893.60000 39.67700000 1843.74000 106.89000 19.79700 84.19200
24 7 21 15 30 28890.90000 39.70600000 1844.43000 106.89000 19.79700 84.19200
24 7 21 15 30 28886.00000 39.70600000 1842.73000 106.89000 19.79700 84.19200
24 7 21 15 31 28876.30000 39.70600000 1842.73000 106.81000 19.76800 84.19200
24 7 21 15 31 28875.30000 39.70600000 1841.77000 106.81000 19.76800 84.19200
24 7 21 15 31 28850.80000 39.70600000 1839.00000 106.63000 19.76800 84.19200
24 7 21 15 32 28861.40000 39.70600000 1839.00000 106.63000 19.76800 84.24500
24 7 21 15 32 28846.60000 39.70600000 1839.75000 106.62000 19.76800 84.24500
24 7 21 15 33 28852.10000 39.80500000 1839.41000 106.62000 19.76700 84.24500
24 7 21 15 33 28869.80000 39.80500000 1841.76000 106.75000 19.76700 84.24500
24 7 21 15 34 28860.00000 39.80500000 1842.18000 106.75000 19.76700 84.24500
24 7 21 15 34 28872.60000 39.80500000 1842.92000 106.77000 19.76700 84.24500
24 7 21 15 34 28869.40000 39.80500000 1841.92000 106.77000 19.76700 84.24500
24 7 21 15 35 28869.00000 39.80500000 1841.16000 106.70000 19.76700 84.24500
24 7 21 15 35 28860.60000 39.80500000 1841.16000 106.63000 19.76700 84.24500
24 7 21 15 36 28860.60000 39.72400000 1839.15000 106.63000 19.76700 84.24200
24 7 21 15 36 28857.90000 39.72400000 1839.17000 106.63000 19.76700 84.24200
24 7 21 15 37 28860.60000 39.72400000 1839.01000 106.63000 19.76700 84.24200
24 7 21 15 37 28862.60000 39.72400000 1839.27000 106.63000 19.76700 84.24200
