M=[
 1 10 20 13 32 9269.80000 4.91100000 312.77000 40.74000 12.55800 56.76200
 1 10 20 13 32 9269.90000 4.91100000 312.77000 40.74000 12.55800 56.76200
 1 10 20 13 33 9269.90000 4.91100000 312.77000 40.74000 12.55800 57.00000
 1 10 20 13 33 9270.90000 4.91100000 312.77000 40.75000 12.55800 56.95000
 1 10 20 13 33 9275.90000 4.91100000 313.20000 40.75000 12.55800 57.01000
 1 10 20 13 34 9276.00000 4.91100000 313.33000 40.75000 12.55800 56.86700
 1 10 20 13 34 9276.00000 4.91100000 313.20000 40.78000 12.55800 56.92800
 1 10 20 13 35 9276.80000 4.91100000 313.20000 40.78000 12.55800 56.92800
 1 10 20 13 35 9277.20000 4.91100000 313.20000 40.78000 12.55800 56.92800
 1 10 20 13 36 9277.20000 4.87500000 313.22000 40.78000 12.55800 57.04700
 1 10 20 13 36 9277.10000 4.87500000 313.22000 40.76000 12.55800 57.04700
 1 10 20 13 37 9277.10000 4.87500000 313.23000 40.77000 12.55800 57.23000
 1 10 20 13 37 9277.20000 4.87500000 313.23000 40.77000 12.55800 57.23000
 1 10 20 13 37 9277.20000 4.87500000 313.23000 40.77000 12.55800 57.23000
 1 10 20 13 38 9277.20000 4.87500000 313.23000 40.77000 12.55800 57.23000
 1 10 20 13 38 9277.20000 4.87500000 313.23000 40.70000 12.55800 57.23000
 1 10 20 13 39 9277.20000 4.87500000 313.23000 40.70000 12.55800 57.42900
 1 10 20 13 39 9277.10000 4.87500000 313.21000 40.74000 12.55800 57.42900
 1 10 20 13 40 9277.20000 4.87500000 313.04000 40.74000 12.55800 57.40200
 1 10 20 13 40 9277.20000 4.87500000 312.86000 40.74000 12.55800 57.40200
 1 10 20 13 40 9277.10000 4.87500000 312.86000 40.74000 12.55800 57.50000
 1 10 20 13 41 9277.10000 4.87500000 313.13000 40.73000 12.55800 57.50000
 1 10 20 13 41 9277.30000 4.87500000 313.13000 40.73000 12.55800 57.50000
 1 10 20 13 42 9278.80000 4.87500000 313.23000 40.73000 12.55800 57.50000
 1 10 20 13 42 9278.90000 4.87500000 313.13000 40.77000 12.55800 57.50000
 1 10 20 13 43 9278.90000 4.87500000 313.27000 40.77000 12.55800 57.50000
 1 10 20 13 43 9278.90000 4.87500000 313.10000 40.77000 12.55800 57.40100
 1 10 20 13 44 9278.90000 4.87500000 313.10000 40.77000 12.55800 57.40100
 1 10 20 13 44 9278.80000 4.87500000 313.02000 40.77000 12.55800 57.40100
 1 10 20 13 44 9278.80000 4.87500000 313.02000 40.77000 12.55800 57.42800
 1 10 20 13 45 9277.20000 4.87500000 312.92000 40.75000 12.55800 57.42800
 1 10 20 13 45 9277.20000 4.87500000 312.91000 40.75000 12.55800 57.56400
 1 10 20 13 46 9277.10000 4.87500000 312.82000 40.75000 12.55800 57.60200
 1 10 20 13 46 9261.20000 4.87500000 312.74000 40.75000 12.55800 57.72200
 1 10 20 13 47 9263.50000 4.87500000 312.69000 40.75000 12.55800 57.72200
 1 10 20 13 47 9266.30000 4.87500000 312.71000 40.75000 12.55800 57.72200
 1 10 20 13 47 9261.40000 4.87500000 312.69000 40.75000 12.55800 57.72200
 1 10 20 13 48 9263.50000 4.87500000 312.69000 40.73000 12.55800 57.72200
 1 10 20 13 48 9266.10000 4.87500000 312.74000 40.72000 12.55800 57.72200
 1 10 20 13 49 9266.50000 4.87500000 312.64000 40.72000 12.55800 57.72200
 1 10 20 13 49 9266.60000 4.87500000 312.69000 40.72000 12.55800 57.72200
 1 10 20 13 50 9266.50000 4.87500000 312.80000 40.72000 12.55800 57.72200
 1 10 20 13 50 9266.60000 4.87500000 312.80000 40.72000 12.55800 57.72200
 1 10 20 13 51 9266.60000 4.87500000 312.48000 40.72000 12.50300 57.72200
 1 10 20 13 51 9261.50000 4.87500000 312.57000 40.73000 12.50300 57.72200
 1 10 20 13 51 9260.00000 4.87500000 312.57000 40.73000 12.50300 57.49200
 1 10 20 13 52 9259.90000 4.87500000 312.46000 40.73000 12.50300 57.56800
 1 10 20 13 52 9261.30000 4.87500000 312.60000 40.73000 12.50300 57.56800
 1 10 20 13 53 9260.10000 4.87500000 312.60000 40.73000 12.50300 57.44200
 1 10 20 13 53 9260.10000 4.87500000 312.46000 40.73000 12.50300 57.44200
 1 10 20 13 54 9259.90000 4.87500000 312.46000 40.73000 12.50300 57.44200
 1 10 20 13 54 9259.90000 4.87500000 312.62000 40.77000 12.50300 57.44200
 1 10 20 13 54 9259.90000 4.87500000 312.07000 40.77000 12.50300 57.44200
 1 10 20 13 55 9263.50000 4.87500000 312.08000 40.77000 12.50300 57.34200
 1 10 20 13 55 9264.10000 4.87500000 312.20000 40.77000 12.50300 57.34200
 1 10 20 13 56 9266.30000 4.87500000 312.23000 40.77000 12.50300 57.34200
 1 10 20 13 56 9266.70000 4.87500000 312.38000 40.77000 12.50300 57.34200
 1 10 20 13 57 9266.30000 4.87500000 312.38000 40.77000 12.50300 57.34200
 1 10 20 13 57 9266.30000 4.87500000 312.31000 40.76000 12.50300 57.27300
 1 10 20 13 57 9266.20000 4.87500000 312.31000 40.76000 12.50300 57.27300
 1 10 20 13 58 9266.30000 4.87500000 312.14000 40.76000 12.50300 57.27300
 1 10 20 13 58 9266.30000 4.87500000 312.14000 40.75000 12.50300 57.27300
 1 10 20 13 59 9266.10000 4.87500000 312.14000 40.75000 12.50300 57.32600
 1 10 20 13 59 9266.10000 4.87500000 312.14000 40.72000 12.50300 57.32600
 1 10 20 14 00 9263.90000 4.87500000 312.13000 40.72000 12.50300 57.26100
 1 10 20 14 00 9264.40000 4.87500000 312.07000 40.75000 12.50300 57.26100
 1 10 20 14 01 9264.30000 4.87500000 312.07000 40.75000 12.50300 57.26100
 1 10 20 14 01 9260.00000 4.87500000 312.08000 40.75000 12.50000 57.26100
 1 10 20 14 01 9260.00000 4.87500000 312.08000 40.75000 12.50000 57.26100
 1 10 20 14 02 9260.10000 4.87500000 312.07000 40.75000 12.50000 57.22100
 1 10 20 14 02 9260.10000 4.87500000 312.25000 40.75000 12.50000 57.22100
 1 10 20 14 03 9261.50000 4.87500000 312.20000 40.75000 12.50000 57.22100
 1 10 20 14 03 9260.40000 4.87500000 312.32000 40.76000 12.50000 57.22100
 1 10 20 14 04 9261.50000 4.87500000 312.32000 40.76000 12.50000 57.22100
 1 10 20 14 04 9260.30000 4.87500000 312.09000 40.76000 12.50000 57.22100
 1 10 20 14 04 9260.30000 4.87500000 312.09000 40.76000 12.50000 57.22100
 1 10 20 14 05 9253.00000 4.87500000 312.08000 40.76000 12.50000 57.22100
 1 10 20 14 05 9253.50000 4.87500000 312.08000 40.82000 12.50000 57.22100
 1 10 20 14 06 9254.70000 4.87500000 312.08000 40.82000 12.50000 57.22100
 1 10 20 14 06 9254.70000 4.87500000 312.08000 40.87000 12.50000 57.22100
 1 10 20 14 07 9253.40000 4.87500000 312.39000 40.87000 12.50000 57.22100
 1 10 20 14 07 9256.70000 4.87500000 312.39000 40.87000 12.50000 57.22100
 1 10 20 14 07 9256.70000 4.87500000 312.34000 40.87000 12.50000 57.22100
 1 10 20 14 08 9252.40000 4.87500000 312.34000 40.87000 12.50000 57.22100
 1 10 20 14 08 9255.40000 4.87500000 312.34000 40.87000 12.50000 57.22100
 1 10 20 14 09 9254.60000 4.87500000 312.24000 40.87000 12.50000 57.22100
 1 10 20 14 09 9254.90000 4.87500000 312.24000 40.93000 12.50000 57.05700
 1 10 20 14 10 9255.80000 4.87500000 312.18000 40.93000 12.50000 57.15300
 1 10 20 14 10 9255.80000 4.87500000 312.20000 40.93000 12.50000 57.15300
 1 10 20 14 11 9255.80000 4.87500000 312.17000 40.93000 12.50000 57.15300
 1 10 20 14 11 9253.80000 4.87500000 312.21000 40.93000 12.50000 57.15300
 1 10 20 14 11 9249.80000 4.87500000 312.07000 40.93000 12.50000 57.15300
 1 10 20 14 12 9247.30000 4.87500000 311.64000 40.91000 12.50000 57.15300
 1 10 20 14 12 9246.90000 4.87500000 311.62000 40.91000 12.50000 57.15300
 1 10 20 14 13 9246.90000 4.87500000 311.72000 40.91000 12.50000 57.15300
 1 10 20 14 13 9246.90000 4.87500000 311.76000 40.91000 12.50000 57.15300
 1 10 20 14 14 9247.00000 4.87500000 311.53000 40.91000 12.50000 57.15300
 1 10 20 14 14 9246.90000 4.87500000 311.52000 40.91000 12.50000 57.15300
 1 10 20 14 14 9247.00000 4.87500000 311.52000 40.88000 12.50000 57.15300
 1 10 20 14 15 9246.90000 4.87500000 311.52000 40.89000 12.50000 56.97400
 1 10 20 14 15 9246.90000 4.87500000 311.17000 40.89000 12.50000 56.97400
 1 10 20 14 16 9247.00000 4.87500000 311.17000 40.89000 12.50000 56.97400
 1 10 20 14 16 9246.90000 4.87500000 311.17000 40.89000 12.50000 56.97400
 1 10 20 14 17 9247.00000 4.87500000 311.00000 40.89000 12.50000 56.97400
 1 10 20 14 17 9247.00000 4.87500000 311.00000 40.89000 12.50000 56.97400
 1 10 20 14 17 9246.90000 4.87500000 311.11000 40.89000 12.50000 56.97000
 1 10 20 14 18 9246.90000 4.87500000 311.14000 41.00000 12.50000 56.97000
 1 10 20 14 18 9247.00000 4.87500000 311.14000 41.00000 12.50000 56.97000
