M=[
12 1 21 12 59 28829.80000 5.99900000 895.16000 114.30000 15.49400 79.71500
12 1 21 13 00 28932.90000 5.99900000 897.00000 114.53000 15.49400 79.91700
12 1 21 13 00 28934.70000 5.99900000 898.67000 114.63000 15.49400 79.98300
12 1 21 13 01 28942.90000 5.99900000 899.37000 114.55000 15.49400 79.98300
12 1 21 13 01 29007.10000 5.99900000 900.78000 114.49000 15.49400 79.98300
12 1 21 13 01 28990.90000 5.99900000 900.80000 114.63000 15.49400 80.02000
12 1 21 13 02 29029.00000 5.99900000 901.07000 114.63000 15.49400 80.02000
12 1 21 13 02 29003.90000 5.99900000 900.80000 114.31000 15.49400 79.44300
12 1 21 13 03 28968.90000 5.99500000 899.93000 114.31000 15.39500 79.44300
12 1 21 13 03 28961.80000 5.99500000 899.32000 114.31000 15.39500 79.44300
12 1 21 13 04 28968.30000 5.99500000 899.25000 114.06000 15.39500 79.44300
12 1 21 13 04 28951.10000 5.99500000 898.67000 114.18000 15.39500 79.44300
12 1 21 13 04 28951.00000 5.99500000 898.87000 114.05000 15.39500 79.44300
12 1 21 13 05 29020.40000 5.99900000 899.41000 114.04000 15.41000 79.53200
12 1 21 13 05 29014.90000 5.99900000 899.86000 113.88000 15.36700 79.53200
12 1 21 13 06 29011.70000 5.99900000 899.50000 113.88000 15.36700 79.53200
12 1 21 13 06 28981.00000 5.99900000 899.21000 113.97000 15.36700 79.53200
12 1 21 13 07 28977.50000 5.99900000 898.50000 113.97000 15.36700 79.53200
12 1 21 13 07 29016.90000 5.99900000 901.04000 114.73000 15.36700 79.53200
12 1 21 13 07 29040.20000 5.99900000 901.21000 114.73000 15.36700 79.53200
12 1 21 13 08 29005.70000 5.99900000 899.69000 114.43000 15.36700 79.53200
12 1 21 13 08 29024.20000 6.02600000 899.79000 114.43000 15.36700 79.53200
12 1 21 13 09 29107.10000 6.02600000 901.98000 114.69000 15.36700 79.53200
12 1 21 13 09 29106.10000 6.02600000 901.97000 114.79000 15.36700 79.53200
12 1 21 13 10 29122.70000 6.02600000 901.74000 114.67000 15.36700 79.86900
12 1 21 13 10 29115.40000 6.02600000 901.73000 114.67000 15.36700 79.86900
12 1 21 13 10 29107.70000 6.02600000 901.25000 114.67000 15.36700 79.86900
12 1 21 13 11 29085.30000 6.02600000 900.02000 114.59000 15.36700 79.65400
12 1 21 13 11 29048.20000 6.02600000 900.86000 114.69000 15.36700 79.65400
12 1 21 13 12 29053.40000 6.01300000 900.89000 114.69000 15.36700 79.65400
12 1 21 13 12 29030.60000 6.01300000 900.86000 114.69000 15.36700 79.65400
12 1 21 13 13 29033.90000 6.01400000 901.01000 114.68000 15.36700 79.65400
12 1 21 13 13 29052.90000 6.01400000 901.25000 114.74000 15.36700 79.34400
12 1 21 13 13 29059.40000 6.01400000 901.04000 114.74000 15.36700 79.34400
12 1 21 13 14 29052.90000 6.01400000 900.99000 114.81000 15.36700 79.07000
12 1 21 13 14 29040.40000 6.01400000 900.82000 114.62000 15.36700 79.07000
12 1 21 13 15 29035.60000 6.01400000 900.67000 114.65000 15.36700 79.07000
12 1 21 13 15 28977.40000 6.01400000 898.27000 114.30000 15.36700 79.04100
12 1 21 13 16 28918.50000 6.01400000 896.90000 114.20000 15.36700 79.04100
12 1 21 13 16 28912.00000 6.01400000 896.77000 114.18000 15.36700 79.04100
12 1 21 13 16 28852.70000 6.01400000 896.89000 114.08000 15.36700 78.51100
12 1 21 13 17 28869.20000 6.01400000 896.07000 114.10000 15.36700 78.51100
12 1 21 13 17 28874.20000 6.01400000 895.78000 114.01000 15.36700 78.51100
12 1 21 13 18 28850.00000 6.01400000 895.72000 114.01000 15.36700 78.51100
12 1 21 13 18 28800.10000 5.99500000 894.38000 113.98000 15.36700 78.51100
12 1 21 13 19 28794.10000 5.99500000 893.78000 113.74000 15.36700 78.39300
12 1 21 13 19 28772.60000 5.92300000 893.06000 113.43000 15.36700 77.68000
12 1 21 13 19 28751.20000 5.92300000 892.45000 113.62000 15.36700 78.12700
12 1 21 13 20 28829.10000 5.92300000 892.70000 113.68000 15.36700 78.12700
12 1 21 13 20 28695.00000 5.92300000 888.98000 113.26000 15.36700 78.12700
12 1 21 13 21 28650.70000 5.92300000 887.53000 112.96000 15.36700 78.12700
12 1 21 13 21 28551.70000 5.93600000 885.38000 112.71000 15.36700 77.34100
12 1 21 13 22 28604.00000 5.90100000 885.49000 112.77000 15.36700 77.47100
12 1 21 13 22 28500.40000 5.90100000 883.05000 112.01000 15.36700 77.42000
12 1 21 13 22 28500.20000 5.90100000 881.47000 111.70000 15.36700 77.42000
12 1 21 13 23 28522.30000 5.90100000 882.87000 112.22000 15.36700 77.68800
12 1 21 13 23 28500.00000 5.90100000 881.63000 111.89000 15.36700 77.68800
12 1 21 13 24 28543.80000 5.90100000 882.89000 111.40000 15.36700 77.68800
12 1 21 13 24 28545.60000 5.90100000 883.23000 111.08000 15.36700 77.68800
12 1 21 13 25 28479.00000 5.90100000 881.22000 111.10000 15.36700 77.40800
12 1 21 13 25 28399.20000 5.91400000 880.11000 111.16000 15.36700 77.00600
12 1 21 13 25 28419.40000 5.91400000 880.93000 111.47000 15.36700 77.00600
12 1 21 13 26 28559.00000 5.91400000 885.66000 112.14000 15.36700 77.43500
12 1 21 13 26 28486.40000 5.91400000 883.63000 111.64000 15.36700 77.43500
12 1 21 13 27 28529.60000 5.91400000 883.35000 111.73000 15.36700 77.43500
12 1 21 13 27 28519.30000 5.91400000 884.46000 111.74000 15.36700 77.43500
12 1 21 13 28 28513.90000 5.91400000 884.08000 111.42000 15.36700 77.43500
12 1 21 13 28 28475.90000 5.91400000 882.62000 111.10000 15.36700 77.26300
12 1 21 13 28 28442.00000 5.91300000 881.01000 111.09000 15.36700 77.31900
12 1 21 13 29 28468.30000 5.91300000 881.91000 111.31000 15.36700 77.31900
12 1 21 13 29 28518.20000 5.96100000 883.41000 111.75000 15.36700 77.31900
12 1 21 13 30 28538.00000 5.96100000 884.84000 111.56000 15.36700 77.62500
12 1 21 13 30 28585.20000 5.96100000 887.21000 111.82000 15.36700 77.85300
12 1 21 13 31 28460.00000 5.91100000 884.96000 111.76000 15.36700 77.85300
12 1 21 13 31 28323.60000 5.89900000 883.13000 110.93000 15.36700 77.85300
12 1 21 13 31 28298.20000 5.89900000 879.68000 110.77000 15.36700 77.85300
12 1 21 13 32 28281.20000 5.88000000 879.32000 111.12000 15.36700 77.22000
12 1 21 13 32 28294.80000 5.88000000 879.76000 110.96000 15.39500 77.22000
12 1 21 13 33 28287.90000 5.88000000 879.49000 111.19000 15.39500 77.22000
12 1 21 13 33 28300.00000 5.88000000 878.22000 110.90000 15.39500 76.94700
12 1 21 13 34 28366.60000 5.88000000 878.33000 110.90000 15.39500 76.94700
12 1 21 13 34 28278.90000 5.91400000 877.25000 110.90000 15.39500 76.44100
12 1 21 13 34 28299.30000 5.91400000 876.99000 110.74000 15.39500 76.44100
12 1 21 13 35 28318.60000 5.91400000 880.00000 110.96000 15.39500 77.09100
12 1 21 13 35 28324.30000 5.89800000 879.99000 111.17000 15.39500 77.03700
12 1 21 13 36 28400.00000 5.89800000 881.64000 111.18000 15.39500 77.09700
12 1 21 13 36 28353.40000 5.89800000 880.71000 111.09000 15.39500 77.09700
12 1 21 13 37 28380.30000 5.89800000 880.34000 111.09000 15.39500 77.09700
12 1 21 13 37 28349.70000 5.89800000 880.14000 111.09000 15.39500 77.09700
12 1 21 13 37 28342.70000 5.89800000 879.65000 111.02000 15.39500 77.09700
12 1 21 13 38 28340.00000 5.89800000 879.40000 110.95000 15.39500 76.85100
12 1 21 13 38 28339.20000 5.89800000 879.98000 110.95000 15.39500 76.85100
12 1 21 13 39 28319.30000 5.89800000 878.65000 110.87000 15.39500 76.85100
12 1 21 13 39 28257.80000 5.89200000 875.73000 110.55000 15.39500 76.36100
12 1 21 13 40 28143.90000 5.90700000 871.01000 109.78000 15.37900 75.93700
12 1 21 13 40 28076.00000 5.86400000 869.28000 109.41000 15.37900 75.31200
12 1 21 13 40 28036.40000 5.86400000 866.80000 109.66000 15.37900 75.66700
12 1 21 13 41 28024.70000 5.85200000 866.01000 109.19000 15.37900 75.51600
12 1 21 13 41 28021.30000 5.80300000 865.61000 109.09000 15.37900 75.69600
12 1 21 13 42 27983.10000 5.80000000 863.80000 108.03000 15.37900 75.39000
12 1 21 13 42 28048.20000 5.80000000 865.69000 109.42000 15.37900 75.39000
12 1 21 13 43 28038.80000 5.80000000 864.84000 109.18000 15.37900 75.49700
12 1 21 13 43 27950.00000 5.80000000 863.06000 109.00000 15.37900 75.49700
12 1 21 13 43 27850.00000 5.80700000 859.28000 108.41000 15.31600 75.49700
12 1 21 13 44 27879.60000 5.80700000 858.72000 108.53000 15.31600 75.20300
12 1 21 13 44 27899.30000 5.81500000 857.89000 108.59000 15.31600 75.20300
