M=[
29 6 20 10 56 8090.10000 5.12400000 198.19000 36.43000 14.46100 46.49300
29 6 20 10 56 8090.10000 5.12400000 198.19000 36.43000 14.46100 46.49300
29 6 20 10 57 8090.10000 5.12400000 198.10000 36.43000 14.46100 46.49300
29 6 20 10 57 8090.10000 5.12400000 198.11000 36.43000 14.46100 46.49300
29 6 20 10 58 8090.10000 5.12400000 198.07000 36.43000 14.46100 46.49300
29 6 20 10 58 8090.10000 5.12400000 198.07000 36.43000 14.46100 46.49300
29 6 20 10 59 8090.80000 5.12400000 198.16000 36.42000 14.46100 46.49300
29 6 20 10 59 8088.00000 5.12400000 198.09000 36.42000 14.43200 46.49300
29 6 20 10 59 8089.70000 5.12400000 198.09000 36.42000 14.46100 46.49300
29 6 20 11 00 8088.00000 5.12400000 198.01000 36.42000 14.46100 46.49300
29 6 20 11 00 8088.00000 5.12400000 197.94000 36.42000 14.46100 46.49300
29 6 20 11 01 8088.10000 5.12400000 197.98000 36.42000 14.46100 46.49300
29 6 20 11 01 8088.10000 5.12400000 197.97000 36.42000 14.46100 46.49300
29 6 20 11 02 8088.10000 5.12400000 197.97000 36.42000 14.46100 46.49300
29 6 20 11 02 8088.10000 5.12400000 197.94000 36.39000 14.46100 46.49300
29 6 20 11 03 8089.20000 5.12400000 197.94000 36.39000 14.46100 46.49300
29 6 20 11 03 8088.00000 5.12400000 198.05000 36.39000 14.46100 46.49300
29 6 20 11 04 8088.00000 5.12400000 198.10000 36.39000 14.46100 46.49300
29 6 20 11 04 8088.10000 5.12400000 198.01000 36.39000 14.46100 46.49300
29 6 20 11 05 8088.30000 5.12400000 198.09000 36.39000 14.46100 46.49300
29 6 20 11 05 8088.10000 5.12400000 198.09000 36.39000 14.46100 46.49300
29 6 20 11 06 8088.10000 5.12400000 197.99000 36.39000 14.46100 46.49300
29 6 20 11 06 8088.10000 5.12400000 197.87000 36.39000 14.46100 46.49300
29 6 20 11 07 8088.00000 5.12400000 197.87000 36.39000 14.46100 46.49300
29 6 20 11 07 8088.10000 5.12400000 197.87000 36.39000 14.46100 46.49300
29 6 20 11 08 8088.10000 5.12400000 197.84000 36.39000 14.46100 46.49300
29 6 20 11 08 8088.10000 5.12400000 197.85000 36.39000 14.46100 46.47000
29 6 20 11 09 8088.10000 5.12400000 197.88000 36.39000 14.46100 46.49300
29 6 20 11 09 8088.10000 5.12400000 197.83000 36.38000 14.46100 46.42700
29 6 20 11 09 8088.10000 5.12400000 197.88000 36.38000 14.46100 46.42700
29 6 20 11 10 8086.20000 5.12400000 197.84000 36.38000 14.46100 46.42700
29 6 20 11 10 8086.30000 5.12400000 197.85000 36.38000 14.46100 46.42700
29 6 20 11 11 8086.30000 5.12400000 197.87000 36.38000 14.46100 46.42700
29 6 20 11 11 8086.20000 5.12400000 197.86000 36.34000 14.46100 46.49300
29 6 20 11 12 8085.00000 5.12400000 197.86000 36.34000 14.46100 46.49300
29 6 20 11 12 8083.90000 5.12400000 197.84000 36.34000 14.46100 46.42700
29 6 20 11 13 8081.70000 5.12400000 197.84000 36.34000 14.46100 46.49300
29 6 20 11 13 8080.00000 5.12400000 197.84000 36.34000 14.46100 46.42700
29 6 20 11 14 8080.10000 5.11200000 197.70000 36.32000 14.43200 46.42700
29 6 20 11 14 8078.70000 5.11200000 197.60000 36.32000 14.46100 46.32000
29 6 20 11 15 8077.70000 5.11200000 197.60000 36.34000 14.46100 46.32000
29 6 20 11 15 8077.80000 5.11200000 197.69000 36.32000 14.46100 46.32000
29 6 20 11 16 8077.20000 5.11200000 197.68000 36.32000 14.46100 46.32000
29 6 20 11 16 8077.10000 5.11200000 197.61000 36.32000 14.46100 46.32000
29 6 20 11 17 8077.20000 5.11200000 197.61000 36.32000 14.46100 46.32000
29 6 20 11 17 8077.20000 5.11200000 197.66000 36.33000 14.46100 46.32000
29 6 20 11 18 8077.60000 5.11200000 197.73000 36.33000 14.46100 46.29100
29 6 20 11 18 8079.20000 5.11200000 197.73000 36.33000 14.46100 46.29100
29 6 20 11 19 8079.10000 5.11200000 197.73000 36.33000 14.46100 46.29100
29 6 20 11 19 8085.00000 5.11200000 197.73000 36.33000 14.46100 46.29100
29 6 20 11 20 8086.70000 5.11200000 197.73000 36.33000 14.46100 46.29100
29 6 20 11 20 8084.30000 5.11200000 197.87000 36.33000 14.46100 46.32000
29 6 20 11 20 8082.60000 5.11200000 197.87000 36.33000 14.46100 46.29100
29 6 20 11 21 8080.50000 5.11200000 197.87000 36.33000 14.46100 46.29100
29 6 20 11 22 8080.30000 5.11200000 197.87000 36.33000 14.46100 46.29100
29 6 20 11 22 8077.60000 5.11200000 197.88000 36.33000 14.46100 46.29100
29 6 20 11 23 8077.00000 5.11200000 197.87000 36.33000 14.46100 46.29100
29 6 20 11 23 8077.00000 5.11200000 197.87000 36.33000 14.46100 46.29100
29 6 20 11 24 8077.10000 5.11200000 197.87000 36.33000 14.46100 46.29100
29 6 20 11 24 8077.00000 5.11200000 197.88000 36.33000 14.46100 46.32000
29 6 20 11 25 8069.70000 5.11200000 197.83000 36.41000 14.46100 46.29100
29 6 20 11 25 8066.50000 5.11200000 197.82000 36.40000 14.46100 46.29100
29 6 20 11 26 8069.40000 5.11200000 197.82000 36.40000 14.43200 46.29100
29 6 20 11 26 8069.60000 5.11200000 197.82000 36.40000 14.46100 46.29100
29 6 20 11 27 8069.50000 5.11200000 197.85000 36.40000 14.46100 46.29100
29 6 20 11 27 8069.60000 5.11200000 197.88000 36.37000 14.43200 46.29100
29 6 20 11 28 8069.50000 5.11200000 197.90000 36.41000 14.46100 46.32000
29 6 20 11 28 8069.60000 5.11200000 198.02000 36.41000 14.46100 46.22500
29 6 20 11 29 8069.60000 5.11200000 198.10000 36.41000 14.46100 46.22500
29 6 20 11 29 8069.50000 5.11200000 198.10000 36.41000 14.46100 46.22500
29 6 20 11 29 8069.60000 5.11200000 198.15000 36.41000 14.46100 46.22500
29 6 20 11 30 8069.60000 5.11200000 198.12000 36.41000 14.46100 46.22500
29 6 20 11 30 8069.60000 5.11200000 198.11000 36.37000 14.46100 46.22500
29 6 20 11 31 8069.60000 5.11200000 198.11000 36.37000 14.46100 46.22500
29 6 20 11 31 8069.60000 5.11200000 198.11000 36.37000 14.46100 46.22500
29 6 20 11 32 8069.60000 5.11200000 198.11000 36.37000 14.46100 46.22500
29 6 20 11 32 8069.60000 5.11200000 198.12000 36.37000 14.46100 46.22500
29 6 20 11 33 8069.60000 5.11200000 198.15000 36.37000 14.46100 46.22500
29 6 20 11 33 8069.50000 5.11200000 198.15000 36.37000 14.46100 46.22500
29 6 20 11 34 8071.50000 5.11200000 198.15000 36.37000 14.46100 46.22500
29 6 20 11 34 8071.60000 5.11200000 198.15000 36.37000 14.46100 46.22500
29 6 20 11 35 8071.60000 5.11200000 198.15000 36.37000 14.46100 46.22500
29 6 20 11 35 8071.60000 5.11200000 198.12000 36.37000 14.46100 46.22500
29 6 20 11 36 8070.00000 5.11200000 198.11000 36.37000 14.43200 46.22500
29 6 20 11 36 8069.90000 5.11200000 198.12000 36.37000 14.46100 46.22500
29 6 20 11 36 8070.00000 5.11200000 198.10000 36.37000 14.46100 46.36700
29 6 20 11 37 8070.00000 5.11200000 198.03000 36.41000 14.46100 46.36700
29 6 20 11 37 8070.00000 5.11200000 198.01000 36.41000 14.46100 46.36700
29 6 20 11 38 8069.70000 5.11200000 198.01000 36.37000 14.46100 46.36700
29 6 20 11 38 8069.70000 5.11200000 198.04000 36.41000 14.46100 46.36700
29 6 20 11 39 8069.50000 5.11200000 197.90000 36.41000 14.46100 46.36700
29 6 20 11 39 8068.00000 5.11200000 197.90000 36.41000 14.46100 46.36700
29 6 20 11 40 8066.40000 5.11200000 197.90000 36.41000 14.46100 46.36700
29 6 20 11 40 8063.20000 5.11200000 197.86000 36.41000 14.46100 46.36700
29 6 20 11 41 8063.90000 5.11200000 198.00000 36.41000 14.46100 46.36700
29 6 20 11 41 8064.00000 5.11200000 198.00000 36.41000 14.46100 46.36700
29 6 20 11 42 8063.90000 5.11200000 198.00000 36.41000 14.46100 46.36700
29 6 20 11 42 8063.90000 5.11200000 198.00000 36.41000 14.46100 46.39100
29 6 20 11 43 8064.00000 5.11200000 198.00000 36.41000 14.46100 46.39100
29 6 20 11 43 8063.90000 5.11200000 198.00000 36.41000 14.46100 46.39100
29 6 20 11 44 8063.20000 5.11200000 197.86000 36.41000 14.46100 46.39100
29 6 20 11 44 8062.80000 5.11200000 197.98000 36.41000 14.46100 46.36700
29 6 20 11 45 8061.10000 5.11200000 197.86000 36.41000 14.46100 46.39100
29 6 20 11 45 8061.00000 5.11200000 197.86000 36.41000 14.46100 46.39100
29 6 20 11 46 8061.10000 5.11200000 197.98000 36.37000 14.46100 46.39100
29 6 20 11 46 8061.20000 5.11200000 197.94000 36.41000 14.46100 46.39100
29 6 20 11 47 8066.90000 5.11200000 198.10000 36.41000 14.46100 46.39100
29 6 20 11 47 8069.70000 5.11200000 198.15000 36.41000 14.46100 46.39100
29 6 20 11 48 8072.00000 5.11200000 198.15000 36.41000 14.46100 46.39100
