M=[
23 4 21 06 04 41014.90000 23.86700000 1835.00000 188.67000 29.20100 161.49300
23 4 21 06 04 41000.10000 23.86700000 1834.04000 188.62000 29.20000 161.79200
23 4 21 06 04 40961.10000 23.83800000 1831.35000 187.81000 29.20000 161.79200
23 4 21 06 05 40966.00000 23.86700000 1831.43000 188.01000 29.20000 161.79200
23 4 21 06 05 40957.50000 23.86700000 1830.58000 187.89000 29.20000 161.79200
23 4 21 06 06 40939.20000 23.96900000 1830.73000 187.83000 29.20000 161.19200
23 4 21 06 06 40900.00000 23.85800000 1827.29000 187.85000 29.20000 161.19200
23 4 21 06 07 40887.30000 23.82900000 1822.00000 187.52000 29.20000 161.19200
23 4 21 06 07 40890.00000 23.82900000 1825.45000 187.00000 29.20000 161.19200
23 4 21 06 07 40874.80000 23.82900000 1822.99000 187.21000 29.20000 161.19200
23 4 21 06 08 40850.00000 23.75500000 1821.09000 186.84000 29.20000 160.67900
23 4 21 06 08 40849.00000 23.75500000 1822.24000 187.22000 29.20000 160.67900
23 4 21 06 09 40849.90000 23.59700000 1822.85000 187.12000 29.20000 160.37600
23 4 21 06 09 40969.10000 23.85000000 1834.26000 188.30000 29.20000 161.13300
23 4 21 06 10 41000.00000 23.95100000 1832.16000 188.74000 29.20000 161.13300
23 4 21 06 10 41083.90000 24.00000000 1841.44000 189.67000 29.20000 161.84700
23 4 21 06 10 41106.80000 24.08200000 1842.25000 189.94000 29.20000 162.69000
23 4 21 06 11 41096.40000 24.01300000 1839.66000 189.93000 29.20000 162.69000
23 4 21 06 11 40996.20000 24.01300000 1835.01000 189.07000 29.20000 162.69000
23 4 21 06 12 40940.00000 23.81900000 1826.99000 187.33000 29.20000 161.62200
23 4 21 06 12 40929.90000 23.73100000 1826.78000 188.19000 29.20000 161.62200
23 4 21 06 13 40957.60000 23.73100000 1832.75000 188.19000 29.20000 162.28400
23 4 21 06 13 41087.80000 23.73100000 1839.91000 189.24000 29.20000 162.89200
23 4 21 06 13 41077.50000 23.73100000 1840.90000 189.27000 29.20000 162.89200
23 4 21 06 14 41066.40000 23.73100000 1840.61000 189.75000 29.20000 163.20000
23 4 21 06 14 41029.10000 23.96400000 1835.61000 189.34000 29.20000 163.20000
23 4 21 06 15 40992.90000 23.95300000 1833.87000 188.40000 29.20000 163.20000
23 4 21 06 15 40918.20000 23.95300000 1825.44000 187.89000 29.20000 163.20000
23 4 21 06 16 40851.50000 23.88000000 1822.04000 187.10000 29.20000 161.47000
23 4 21 06 16 40748.80000 23.88000000 1818.08000 186.57000 29.20000 160.88800
23 4 21 06 16 40726.60000 23.65900000 1817.71000 186.09000 29.20000 160.88800
23 4 21 06 17 40670.00000 23.65900000 1814.80000 185.96000 29.20000 161.11300
23 4 21 06 17 40659.40000 23.65900000 1814.05000 185.69000 29.20000 160.67800
23 4 21 06 18 40584.40000 23.68800000 1810.82000 185.76000 29.20000 160.69400
23 4 21 06 18 40637.10000 23.72200000 1819.06000 186.07000 29.23300 161.61200
23 4 21 06 19 40625.30000 23.81100000 1815.31000 185.53000 29.23300 160.79000
23 4 21 06 19 40586.50000 23.68700000 1816.09000 185.28000 29.23300 161.00800
23 4 21 06 19 40604.20000 23.61400000 1816.52000 185.15000 29.23300 161.00800
23 4 21 06 20 40650.60000 23.60600000 1819.50000 185.75000 29.23300 161.00800
23 4 21 06 20 40697.70000 23.60600000 1825.29000 186.50000 29.23300 161.74700
23 4 21 06 21 40673.50000 23.60600000 1824.10000 186.50000 29.23300 161.80600
23 4 21 06 21 40598.10000 23.67900000 1815.30000 185.22000 29.00000 161.80600
23 4 21 06 22 40589.60000 23.58500000 1815.54000 185.22000 29.00000 161.80600
23 4 21 06 22 40523.80000 23.55300000 1810.02000 184.52000 28.72600 161.80600
23 4 21 06 22 40546.50000 23.57700000 1815.49000 184.81000 28.72600 160.86200
23 4 21 06 23 40635.10000 23.69900000 1825.96000 185.99000 28.72600 160.86200
23 4 21 06 23 40651.90000 23.69900000 1825.01000 185.80000 28.69400 160.86200
23 4 21 06 24 40599.50000 23.64800000 1818.51000 185.42000 28.91900 161.27000
23 4 21 06 24 40523.90000 23.64800000 1814.54000 184.81000 28.92000 161.27000
23 4 21 06 25 40475.30000 23.56600000 1811.28000 184.27000 28.92000 161.27000
23 4 21 06 25 40455.30000 23.41300000 1812.44000 184.55000 28.92000 160.67000
23 4 21 06 25 40400.10000 23.32000000 1805.99000 183.79000 28.92000 160.67000
23 4 21 06 26 40400.00000 23.32000000 1808.18000 183.78000 28.92000 160.23100
23 4 21 06 26 40410.00000 23.43800000 1807.00000 184.48000 28.92000 160.23100
23 4 21 06 27 40478.70000 23.50700000 1811.94000 184.92000 28.92000 161.86400
23 4 21 06 27 40561.00000 23.50700000 1817.93000 185.55000 28.92000 162.53600
23 4 21 06 28 40495.10000 23.55600000 1811.70000 185.21000 28.92000 162.53600
23 4 21 06 28 40484.10000 23.53600000 1807.01000 186.00000 28.92000 162.22400
23 4 21 06 28 40463.60000 23.50000000 1801.16000 184.58000 28.92000 162.22400
23 4 21 06 29 40458.60000 23.50000000 1803.00000 184.74000 28.92000 161.11700
23 4 21 06 29 40447.60000 23.50000000 1802.25000 185.07000 28.92000 160.85600
23 4 21 06 30 40447.30000 23.38700000 1804.32000 185.19000 28.92000 161.63300
23 4 21 06 30 40599.70000 23.44200000 1815.00000 186.08000 28.92000 161.63300
23 4 21 06 31 40590.30000 23.65900000 1818.29000 186.48000 28.92000 162.94200
23 4 21 06 31 40584.70000 23.55900000 1818.65000 186.58000 28.92000 163.09000
23 4 21 06 31 40600.00000 23.55900000 1818.97000 186.81000 28.92000 162.68300
23 4 21 06 32 40600.00000 23.55900000 1815.59000 186.41000 28.92000 162.68300
23 4 21 06 32 40522.80000 23.55900000 1811.02000 185.77000 28.92000 162.68300
23 4 21 06 33 40499.10000 23.55900000 1807.63000 185.33000 28.82100 162.68300
23 4 21 06 33 40417.50000 23.55900000 1801.01000 184.73000 28.82100 160.85600
23 4 21 06 34 40476.40000 23.55900000 1803.55000 185.08000 28.82100 161.10600
23 4 21 06 34 40447.80000 23.55900000 1806.27000 184.87000 28.82100 161.92000
23 4 21 06 34 40400.10000 23.55900000 1798.68000 184.50000 28.82100 161.17700
23 4 21 06 35 40447.00000 23.59900000 1806.14000 184.98000 28.82100 160.96200
23 4 21 06 35 40408.40000 23.46300000 1800.63000 184.40000 28.82100 161.01700
23 4 21 06 36 40350.10000 23.46300000 1797.43000 183.64000 28.82100 160.70900
23 4 21 06 36 40297.80000 23.23400000 1794.57000 183.59000 28.82100 160.70900
23 4 21 06 37 40281.50000 23.25000000 1790.03000 183.43000 28.82100 160.70900
23 4 21 06 37 40276.10000 23.25000000 1794.17000 183.73000 28.82100 160.70900
23 4 21 06 37 40387.70000 23.25000000 1801.28000 185.08000 28.82100 160.70900
23 4 21 06 38 40456.90000 23.34300000 1808.07000 184.47000 28.82100 159.93700
23 4 21 06 38 40468.80000 23.57800000 1808.88000 184.52000 28.82100 159.93700
23 4 21 06 39 40440.20000 23.49800000 1805.08000 184.36000 28.82100 159.93700
23 4 21 06 39 40400.10000 23.49800000 1803.13000 183.65000 29.14800 160.15600
23 4 21 06 40 40398.70000 23.49800000 1801.92000 183.76000 29.14800 159.35800
23 4 21 06 40 40344.20000 23.23900000 1795.80000 183.76000 29.14800 159.41400
23 4 21 06 40 40313.80000 23.23900000 1794.76000 182.90000 29.14800 159.45000
23 4 21 06 41 40450.80000 23.23900000 1808.22000 184.97000 29.14800 159.78000
23 4 21 06 41 40555.70000 23.50000000 1814.99000 185.92000 29.14800 161.06700
23 4 21 06 42 40545.90000 23.54400000 1815.00000 186.00000 29.14800 161.09300
23 4 21 06 42 40555.80000 23.54400000 1817.35000 184.85000 29.14800 161.09300
23 4 21 06 43 40559.00000 23.50000000 1818.95000 185.64000 29.00000 161.09300
23 4 21 06 43 40576.50000 23.63700000 1819.55000 185.96000 29.00000 161.09300
23 4 21 06 43 40599.50000 23.63700000 1820.71000 186.68000 29.00000 161.67900
23 4 21 06 44 40572.30000 23.64200000 1816.62000 186.04000 29.00000 161.67900
23 4 21 06 44 40695.50000 23.71400000 1820.99000 187.05000 29.00000 161.67900
23 4 21 06 45 40687.60000 23.79900000 1823.84000 186.75000 29.14800 162.50000
23 4 21 06 45 40796.00000 23.79900000 1832.86000 188.00000 29.14800 162.50000
23 4 21 06 46 40815.70000 23.87200000 1832.96000 187.64000 29.14800 163.25400
23 4 21 06 46 40853.80000 23.84900000 1830.12000 188.06000 29.14800 163.49100
23 4 21 06 46 40787.90000 23.82300000 1824.63000 187.58000 29.14800 162.94600
23 4 21 06 47 40812.50000 23.88900000 1828.36000 187.95000 29.14800 162.94600
