M=[
17 10 20 04 59 9697.10000 4.78000000 313.94000 40.60000 11.65400 54.02000
17 10 20 05 00 9695.10000 4.78000000 313.94000 40.60000 11.65400 54.02000
17 10 20 05 00 9696.20000 4.78000000 313.94000 40.60000 11.65400 54.02000
17 10 20 05 01 9696.30000 4.78000000 313.94000 40.60000 11.65400 54.02000
17 10 20 05 01 9696.30000 4.78000000 313.94000 40.59000 11.65400 54.02000
17 10 20 05 02 9696.30000 4.78000000 313.94000 40.58000 11.65400 54.02000
17 10 20 05 02 9696.30000 4.78000000 313.94000 40.58000 11.65400 54.02000
17 10 20 05 02 9696.40000 4.78000000 313.94000 40.58000 11.65400 54.02000
17 10 20 05 03 9696.60000 4.78000000 313.94000 40.58000 11.65400 54.02000
17 10 20 05 03 9696.60000 4.78000000 313.94000 40.58000 11.65400 54.02000
17 10 20 05 04 9695.00000 4.78000000 313.94000 40.58000 11.65400 54.02000
17 10 20 05 04 9695.00000 4.78000000 314.18000 40.58000 11.65400 54.02000
17 10 20 05 05 9698.50000 4.78000000 314.24000 40.58000 11.65400 54.02000
17 10 20 05 05 9699.80000 4.78000000 314.24000 40.58000 11.65400 54.02000
17 10 20 05 05 9699.70000 4.78000000 314.35000 40.58000 11.65400 54.02000
17 10 20 05 06 9699.90000 4.78000000 314.35000 40.59000 11.65400 54.02000
17 10 20 05 06 9699.90000 4.78000000 314.35000 40.59000 11.65400 54.02000
17 10 20 05 07 9699.90000 4.78000000 314.44000 40.59000 11.65400 54.02000
17 10 20 05 07 9700.00000 4.78000000 314.46000 40.59000 11.65400 54.02000
17 10 20 05 08 9700.00000 4.78000000 314.55000 40.59000 11.65400 54.02000
17 10 20 05 08 9699.90000 4.78000000 314.55000 40.59000 11.65400 54.02000
17 10 20 05 08 9700.00000 4.78000000 314.55000 40.60000 11.65400 54.02000
17 10 20 05 09 9700.00000 4.78000000 314.55000 40.63000 11.65400 54.02000
17 10 20 05 09 9700.00000 4.78000000 314.55000 40.63000 11.65400 54.02000
17 10 20 05 10 9700.00000 4.78000000 314.55000 40.63000 11.65400 54.02000
17 10 20 05 10 9700.00000 4.78000000 314.58000 40.63000 11.65400 54.02000
17 10 20 05 11 9700.00000 4.78000000 314.58000 40.63000 11.65400 54.02000
17 10 20 05 11 9700.00000 4.78000000 314.58000 40.63000 11.65400 54.02000
17 10 20 05 11 9700.00000 4.78000000 314.58000 40.63000 11.65400 54.02000
17 10 20 05 12 9699.90000 4.78000000 314.58000 40.64000 11.65400 54.02000
17 10 20 05 12 9699.90000 4.78000000 314.58000 40.64000 11.65400 54.02000
17 10 20 05 13 9699.90000 4.78000000 314.58000 40.63000 11.65400 54.02000
17 10 20 05 13 9699.90000 4.78000000 314.58000 40.63000 11.65400 54.02000
17 10 20 05 14 9700.00000 4.78000000 314.58000 40.63000 11.65400 54.02000
17 10 20 05 14 9700.20000 4.78000000 314.75000 40.63000 11.65400 54.02000
17 10 20 05 14 9700.20000 4.78000000 314.75000 40.63000 11.65400 54.02000
17 10 20 05 15 9700.10000 4.78000000 314.75000 40.65000 11.65400 54.02000
17 10 20 05 15 9699.80000 4.78000000 314.75000 40.64000 11.65400 54.02000
17 10 20 05 16 9692.20000 4.78000000 314.26000 40.64000 11.65400 54.02000
17 10 20 05 16 9692.20000 4.78000000 313.97000 40.64000 11.65400 54.02000
17 10 20 05 16 9692.20000 4.78000000 313.97000 40.64000 11.65400 54.02000
17 10 20 05 17 9690.90000 4.78000000 313.97000 40.64000 11.65400 54.02000
17 10 20 05 17 9690.90000 4.78000000 313.97000 40.64000 11.65400 54.02000
17 10 20 05 18 9688.80000 4.78000000 313.91000 40.58000 11.65400 54.02000
17 10 20 05 18 9688.90000 4.78000000 313.91000 40.58000 11.65400 54.02000
17 10 20 05 19 9688.90000 4.78000000 313.91000 40.58000 11.65400 54.02000
17 10 20 05 19 9693.50000 4.78000000 313.91000 40.58000 11.65400 54.02000
17 10 20 05 19 9692.30000 4.78000000 313.91000 40.58000 11.65400 54.02000
17 10 20 05 20 9692.30000 4.78000000 313.91000 40.58000 11.65400 54.02000
17 10 20 05 20 9691.90000 4.78000000 313.91000 40.58000 11.65400 54.02000
17 10 20 05 21 9691.50000 4.78000000 313.91000 40.59000 11.65400 54.02000
17 10 20 05 21 9691.50000 4.78000000 313.91000 40.59000 11.65400 54.02000
17 10 20 05 22 9691.50000 4.78000000 313.91000 40.59000 11.65400 54.02000
17 10 20 05 22 9689.20000 4.78000000 313.81000 40.59000 11.65400 54.02000
17 10 20 05 22 9689.30000 4.78000000 313.81000 40.59000 11.65400 54.02000
17 10 20 05 23 9689.30000 4.78000000 313.81000 40.59000 11.65400 54.02000
17 10 20 05 23 9689.40000 4.78000000 313.84000 40.59000 11.65400 54.02000
17 10 20 05 24 9689.40000 4.78000000 313.83000 40.58000 11.62100 54.02000
17 10 20 05 24 9689.40000 4.78000000 313.83000 40.58000 11.62100 54.02000
17 10 20 05 25 9688.30000 4.78000000 313.83000 40.58000 11.62100 54.02000
17 10 20 05 25 9688.60000 4.78000000 313.83000 40.58000 11.62100 54.02000
17 10 20 05 25 9688.60000 4.78000000 313.83000 40.58000 11.62100 54.02000
17 10 20 05 26 9687.40000 4.78000000 313.83000 40.58000 11.62100 54.02000
17 10 20 05 26 9687.40000 4.78000000 313.83000 40.58000 11.62100 54.02000
17 10 20 05 27 9687.40000 4.78000000 313.81000 40.56000 11.62100 54.02000
17 10 20 05 27 9687.40000 4.78000000 313.81000 40.56000 11.62100 54.02000
17 10 20 05 28 9687.40000 4.78000000 313.82000 40.56000 11.62100 54.02000
17 10 20 05 28 9687.40000 4.78000000 313.82000 40.56000 11.62100 54.02000
17 10 20 05 28 9685.00000 4.78000000 313.82000 40.56000 11.62100 53.57300
17 10 20 05 29 9688.20000 4.78000000 313.82000 40.56000 11.62100 53.57300
17 10 20 05 29 9688.20000 4.78000000 313.82000 40.56000 11.62100 53.57300
17 10 20 05 30 9687.20000 4.78000000 313.82000 40.57000 11.62100 53.57300
17 10 20 05 30 9687.20000 4.78000000 313.82000 40.57000 11.62100 53.57300
17 10 20 05 31 9687.20000 4.78000000 313.82000 40.57000 11.62100 53.57300
17 10 20 05 31 9686.60000 4.78000000 313.82000 40.57000 11.62100 53.57300
17 10 20 05 31 9685.90000 4.78000000 313.82000 40.57000 11.62100 53.57300
17 10 20 05 32 9685.90000 4.78000000 313.95000 40.57000 11.62100 53.57300
17 10 20 05 32 9685.80000 4.78000000 313.95000 40.57000 11.62100 53.57000
17 10 20 05 33 9685.80000 4.78000000 313.95000 40.57000 11.62100 53.57000
17 10 20 05 33 9685.80000 4.78000000 313.95000 40.57000 11.62100 53.57000
17 10 20 05 34 9690.90000 4.78000000 313.95000 40.57000 11.62100 53.57000
17 10 20 05 34 9690.90000 4.78000000 313.95000 40.57000 11.62100 53.57000
17 10 20 05 34 9690.90000 4.78000000 313.95000 40.57000 11.62100 53.57000
17 10 20 05 35 9695.90000 4.78000000 313.95000 40.57000 11.62100 53.57000
17 10 20 05 35 9696.70000 4.78000000 314.01000 40.57000 11.62100 53.57000
17 10 20 05 36 9697.60000 4.78000000 314.01000 40.60000 11.62100 53.57000
17 10 20 05 36 9697.60000 4.78000000 314.06000 40.60000 11.62100 53.57000
17 10 20 05 37 9700.10000 4.78000000 314.09000 40.60000 11.62100 53.57000
17 10 20 05 37 9700.10000 4.78000000 314.09000 40.60000 11.62100 53.57000
17 10 20 05 37 9695.10000 4.78000000 314.15000 40.60000 11.62100 53.57000
17 10 20 05 38 9695.10000 4.78000000 314.15000 40.60000 11.62100 53.57000
17 10 20 05 38 9700.10000 4.78000000 314.32000 40.60000 11.62100 53.57000
17 10 20 05 39 9699.70000 4.78000000 314.32000 40.60000 11.62100 53.57000
17 10 20 05 39 9699.70000 4.78000000 314.32000 40.60000 11.62100 53.57000
17 10 20 05 40 9698.70000 4.78000000 314.32000 40.60000 11.62100 53.57000
17 10 20 05 40 9698.80000 4.78000000 314.33000 40.60000 11.62100 53.57000
17 10 20 05 40 9698.80000 4.78000000 314.33000 40.60000 11.62100 53.57000
17 10 20 05 41 9698.80000 4.78000000 314.34000 40.60000 11.62100 53.57000
17 10 20 05 41 9697.40000 4.78000000 314.40000 40.60000 11.62100 53.57000
17 10 20 05 42 9697.20000 4.78000000 314.40000 40.60000 11.62100 53.57000
17 10 20 05 42 9697.20000 4.78000000 314.37000 40.60000 11.62100 53.57000
17 10 20 05 43 9697.20000 4.78000000 314.37000 40.60000 11.62100 53.57000
17 10 20 05 43 9697.20000 4.78000000 314.37000 40.60000 11.62100 53.57000
17 10 20 05 43 9695.30000 4.78000000 314.37000 40.60000 11.62100 53.72200
17 10 20 05 44 9690.00000 4.78000000 314.27000 40.60000 11.62100 53.72200
17 10 20 05 44 9690.00000 4.78000000 314.27000 40.60000 11.62100 53.57100
17 10 20 05 45 9690.90000 4.78000000 314.27000 40.56000 11.62100 53.57100
17 10 20 05 45 9692.10000 4.78000000 314.27000 40.56000 11.62100 53.57100
