M=[
 3 4 21 07 25 50260.50000 12.80400000 1789.77000 181.91000 35.88500 145.70400
 3 4 21 07 25 50269.60000 12.80400000 1790.50000 181.89000 35.88500 145.70400
 3 4 21 07 26 50271.00000 12.80400000 1790.50000 181.89000 35.88500 145.70400
 3 4 21 07 26 50275.20000 12.80200000 1792.69000 182.00000 35.88500 145.70400
 3 4 21 07 26 50275.20000 12.80200000 1792.72000 182.21000 35.88500 145.70400
 3 4 21 07 27 50275.20000 12.80200000 1793.00000 182.24000 35.88500 145.70400
 3 4 21 07 27 50275.20000 12.80200000 1792.85000 182.25000 35.88500 145.70400
 3 4 21 07 28 50275.20000 12.80200000 1793.34000 182.75000 35.88500 145.97300
 3 4 21 07 28 50275.10000 12.80200000 1793.34000 182.75000 35.88500 145.97300
 3 4 21 07 29 50275.20000 12.80200000 1793.34000 182.46000 35.87800 145.97300
 3 4 21 07 29 50275.20000 12.80200000 1794.23000 182.53000 35.87800 145.97300
 3 4 21 07 29 50284.60000 12.80200000 1794.23000 182.65000 35.87800 145.97300
 3 4 21 07 30 50284.70000 12.80200000 1796.19000 182.72000 35.87800 145.97300
 3 4 21 07 30 50287.00000 12.80200000 1796.00000 182.72000 35.87800 145.97300
 3 4 21 07 31 50287.00000 12.80200000 1796.10000 182.72000 35.87800 145.97300
 3 4 21 07 31 50287.00000 12.80200000 1796.09000 182.86000 35.87800 145.97300
 3 4 21 07 32 50286.90000 12.80200000 1795.45000 182.86000 35.87800 145.97300
 3 4 21 07 32 50286.90000 12.80200000 1795.44000 182.86000 35.87800 145.97300
 3 4 21 07 32 50286.90000 12.80200000 1795.24000 182.62000 35.56000 145.97300
 3 4 21 07 33 50286.90000 12.80200000 1795.00000 182.70000 35.56000 146.10300
 3 4 21 07 33 50287.00000 12.80200000 1794.78000 182.70000 35.56000 146.10300
 3 4 21 07 34 50287.00000 12.80200000 1794.23000 182.53000 35.56000 146.10300
 3 4 21 07 34 50287.00000 12.80200000 1794.55000 182.53000 35.56000 146.10300
 3 4 21 07 35 50287.00000 12.80200000 1794.52000 182.66000 35.56000 146.10300
 3 4 21 07 35 50287.00000 12.80200000 1795.00000 182.79000 35.56000 146.10300
 3 4 21 07 35 50287.00000 12.80200000 1795.00000 182.88000 35.56000 146.10300
 3 4 21 07 36 50287.00000 12.80200000 1797.08000 182.95000 35.56000 146.48100
 3 4 21 07 36 50286.90000 12.80200000 1797.05000 182.93000 35.56000 146.48100
 3 4 21 07 37 50287.00000 12.80200000 1797.58000 182.95000 35.56000 146.48100
 3 4 21 07 37 50286.90000 12.80200000 1796.20000 182.90000 35.56000 146.48100
 3 4 21 07 38 50286.30000 12.80200000 1794.99000 182.90000 35.93900 146.46300
 3 4 21 07 38 50286.30000 12.80200000 1796.37000 182.99000 35.93900 146.48100
 3 4 21 07 38 50286.40000 12.80200000 1796.41000 182.93000 35.93900 146.48100
 3 4 21 07 39 50287.00000 12.80200000 1796.42000 182.92000 35.93900 146.48100
 3 4 21 07 39 50287.00000 12.80200000 1796.15000 182.92000 35.93900 146.81900
 3 4 21 07 40 50287.00000 12.80200000 1795.91000 182.92000 35.93900 146.81900
 3 4 21 07 40 50286.90000 12.74300000 1795.91000 182.85000 35.93900 146.81900
 3 4 21 07 41 50287.00000 12.74300000 1795.50000 182.83000 35.74200 146.81900
 3 4 21 07 41 50287.00000 12.74300000 1795.24000 182.83000 35.74200 146.81900
 3 4 21 07 41 50287.00000 12.74300000 1795.23000 182.83000 35.74200 146.81900
 3 4 21 07 42 50287.00000 12.77700000 1795.24000 182.83000 35.74200 146.57700
 3 4 21 07 42 50287.00000 12.77700000 1795.23000 182.83000 35.74200 146.66200
 3 4 21 07 43 50287.00000 12.77700000 1793.84000 182.81000 35.74200 146.66200
 3 4 21 07 43 50287.00000 12.74800000 1793.61000 182.79000 35.74200 146.66200
 3 4 21 07 44 50287.00000 12.75000000 1793.61000 182.77000 35.74200 146.66200
 3 4 21 07 44 50287.00000 12.75000000 1793.62000 182.80000 35.74100 146.66300
 3 4 21 07 44 50287.00000 12.75000000 1793.76000 182.80000 35.60400 146.66300
 3 4 21 07 45 50286.90000 12.75000000 1793.20000 182.80000 35.60400 146.66300
 3 4 21 07 45 50286.90000 12.75000000 1793.19000 182.80000 35.60400 146.66300
 3 4 21 07 46 50287.00000 12.75000000 1793.41000 182.65000 35.60400 146.66300
 3 4 21 07 46 50287.00000 12.75000000 1791.66000 182.47000 35.40200 146.66300
 3 4 21 07 47 50287.00000 12.77700000 1792.09000 182.54000 35.40200 146.66300
 3 4 21 07 47 50286.90000 12.77700000 1791.06000 182.38000 35.40200 146.46000
 3 4 21 07 47 50270.00000 12.77700000 1789.99000 182.38000 35.40200 146.46000
 3 4 21 07 48 50254.80000 12.78300000 1791.01000 182.34000 35.40200 146.46000
 3 4 21 07 48 50262.10000 12.78000000 1790.21000 182.22000 35.40200 146.46000
 3 4 21 07 49 50262.10000 12.78000000 1789.62000 182.33000 35.57500 146.46000
 3 4 21 07 49 50262.00000 12.78000000 1789.73000 182.47000 35.57500 146.46000
 3 4 21 07 50 50262.00000 12.78000000 1791.01000 182.67000 35.57500 146.46000
 3 4 21 07 50 50262.10000 12.78000000 1790.68000 182.46000 35.57500 146.20300
 3 4 21 07 50 50262.10000 12.78000000 1790.90000 182.25000 35.57500 146.20300
 3 4 21 07 51 50246.70000 12.78000000 1790.12000 182.25000 35.06000 145.91300
 3 4 21 07 51 50243.80000 12.78000000 1789.50000 182.23000 35.06000 145.91300
 3 4 21 07 52 50244.60000 12.78000000 1789.70000 182.24000 35.06000 145.80300
 3 4 21 07 52 50285.10000 12.78000000 1790.88000 182.50000 35.06000 145.78200
 3 4 21 07 53 50275.30000 12.78000000 1790.89000 182.58000 35.06000 145.78200
 3 4 21 07 53 50269.70000 12.78000000 1790.55000 182.47000 35.06000 145.78200
 3 4 21 07 53 50269.70000 12.78000000 1790.59000 182.59000 35.57100 145.78200
 3 4 21 07 54 50269.70000 12.78000000 1790.01000 182.59000 35.57100 145.57200
 3 4 21 07 54 50269.70000 12.78000000 1789.81000 182.54000 35.57100 145.57200
 3 4 21 07 55 50269.60000 12.78000000 1789.15000 182.54000 35.57100 145.57200
 3 4 21 07 55 50258.90000 12.78000000 1790.89000 182.54000 35.57100 145.57200
 3 4 21 07 56 50258.50000 12.78000000 1790.39000 182.80000 35.57100 145.69900
 3 4 21 07 56 50232.90000 12.78000000 1789.84000 182.72000 35.57100 145.79600
 3 4 21 07 56 50247.60000 12.78000000 1789.12000 182.72000 35.57100 145.79600
 3 4 21 07 57 50247.60000 12.78000000 1789.02000 182.72000 35.57100 145.79600
 3 4 21 07 57 50240.50000 12.76800000 1787.85000 182.72000 35.57100 145.79600
 3 4 21 07 58 50240.50000 12.76800000 1788.42000 182.81000 35.57100 145.60500
 3 4 21 07 58 50256.30000 12.77100000 1790.00000 182.81000 35.57100 145.60500
 3 4 21 07 59 50260.50000 12.77100000 1789.08000 182.99000 35.57100 145.60500
 3 4 21 07 59 50260.50000 12.77100000 1788.62000 182.82000 35.57100 145.60500
 3 4 21 07 59 50245.10000 12.77100000 1788.11000 182.67000 35.57100 145.79100
 3 4 21 08 00 50269.60000 12.77100000 1790.89000 183.01000 35.57100 145.91300
 3 4 21 08 00 50269.60000 12.77100000 1790.89000 183.01000 35.57100 145.91300
 3 4 21 08 01 50275.90000 12.79800000 1791.00000 183.76000 35.61900 145.91300
 3 4 21 08 01 50318.90000 12.79800000 1794.05000 183.55000 35.61900 145.91300
 3 4 21 08 02 50318.90000 12.79800000 1792.42000 183.56000 35.61900 145.91300
 3 4 21 08 02 50305.60000 12.79800000 1792.51000 183.07000 35.61900 145.91300
 3 4 21 08 02 50305.60000 12.80500000 1791.73000 183.42000 35.61900 145.91300
 3 4 21 08 03 50279.40000 12.80500000 1790.88000 183.18000 35.61900 145.91300
 3 4 21 08 03 50269.60000 12.80500000 1790.25000 183.05000 35.56000 145.91300
 3 4 21 08 04 50269.60000 12.80500000 1790.15000 183.09000 35.56000 145.96700
 3 4 21 08 04 50252.10000 12.80500000 1790.36000 182.87000 35.56000 145.96400
 3 4 21 08 05 50257.30000 12.80200000 1790.74000 182.87000 35.56000 145.96400
 3 4 21 08 05 50269.90000 12.80200000 1792.11000 182.87000 35.56000 145.96400
 3 4 21 08 05 50272.50000 12.80200000 1793.83000 182.87000 35.56000 145.96400
 3 4 21 08 06 50258.50000 12.80200000 1791.24000 182.89000 35.92100 145.96400
 3 4 21 08 06 50245.60000 12.80200000 1790.37000 182.89000 35.92100 145.96400
 3 4 21 08 07 50245.60000 12.80200000 1790.37000 182.89000 35.92100 145.92600
 3 4 21 08 07 50245.70000 12.80200000 1790.68000 182.75000 35.92100 145.92600
 3 4 21 08 08 50245.70000 12.80200000 1790.72000 182.74000 35.92100 145.92600
 3 4 21 08 08 50245.70000 12.80200000 1791.36000 182.75000 35.92100 145.92600
