M=[
 3 12 20 04 24 15786.90000 5.14500000 492.91000 72.92000 13.70500 63.35300
 3 12 20 04 24 15787.00000 5.14500000 492.91000 72.92000 13.70500 63.35300
 3 12 20 04 25 15783.90000 5.14500000 492.81000 72.89000 13.70500 63.35300
 3 12 20 04 25 15770.60000 5.14500000 492.81000 72.89000 13.70500 63.35300
 3 12 20 04 26 15760.00000 5.14500000 492.81000 72.71000 13.70500 63.35300
 3 12 20 04 26 15755.50000 5.14500000 491.89000 72.71000 13.70500 63.35300
 3 12 20 04 27 15758.00000 5.14500000 491.89000 72.71000 13.70500 63.35300
 3 12 20 04 27 15758.00000 5.14500000 491.89000 72.71000 13.70500 63.35300
 3 12 20 04 28 15769.60000 5.14500000 491.89000 72.71000 13.70500 63.35300
 3 12 20 04 28 15777.10000 5.14500000 491.89000 72.71000 13.70500 63.35300
 3 12 20 04 28 15768.40000 5.14500000 491.89000 72.75000 13.70500 62.99400
 3 12 20 04 29 15767.50000 5.14500000 491.78000 72.71000 13.70000 62.99400
 3 12 20 04 29 15767.50000 5.14500000 491.78000 72.69000 13.70000 62.99400
 3 12 20 04 30 15769.00000 5.14500000 491.78000 72.69000 13.70000 62.99400
 3 12 20 04 30 15774.00000 5.14500000 492.10000 72.69000 13.70000 62.99400
 3 12 20 04 31 15769.00000 5.14500000 492.10000 72.69000 13.70000 62.99400
 3 12 20 04 31 15769.10000 5.14500000 492.10000 72.69000 13.70000 62.99400
 3 12 20 04 32 15771.10000 5.14500000 492.10000 72.69000 13.70000 62.99400
 3 12 20 04 32 15771.60000 5.14500000 492.00000 72.69000 13.70000 62.99400
 3 12 20 04 32 15775.40000 5.14500000 492.00000 72.68000 13.70000 62.99400
 3 12 20 04 33 15773.90000 5.14500000 492.00000 72.65000 13.70000 62.99400
 3 12 20 04 33 15767.60000 5.14500000 492.00000 72.64000 13.70000 62.99400
 3 12 20 04 34 15767.40000 5.14500000 491.20000 72.64000 13.70000 62.99400
 3 12 20 04 34 15759.40000 5.14500000 491.20000 72.64000 13.70000 62.99400
 3 12 20 04 35 15754.20000 5.14500000 491.19000 72.64000 13.70000 62.99400
 3 12 20 04 35 15754.40000 5.14500000 490.99000 72.64000 13.70000 62.99400
 3 12 20 04 36 15749.20000 5.14500000 490.79000 72.54000 13.70000 62.83700
 3 12 20 04 36 15757.60000 5.14500000 490.79000 72.45000 13.70000 62.83700
 3 12 20 04 36 15785.20000 5.14500000 490.79000 72.45000 13.70000 62.83700
 3 12 20 04 37 15782.20000 5.14500000 490.79000 72.45000 13.70000 62.83700
 3 12 20 04 37 15767.70000 5.14500000 490.79000 72.52000 13.70000 62.83700
 3 12 20 04 38 15759.30000 5.14500000 490.79000 72.52000 13.70000 62.83700
 3 12 20 04 38 15762.30000 5.14500000 491.10000 72.45000 13.70000 62.83700
 3 12 20 04 39 15762.50000 5.14500000 491.10000 72.45000 13.70000 62.83700
 3 12 20 04 39 15768.40000 5.14500000 491.10000 72.45000 13.70000 62.83700
 3 12 20 04 40 15769.80000 5.14500000 491.23000 72.45000 13.70000 62.83700
 3 12 20 04 40 15768.10000 5.14500000 491.23000 72.49000 13.70000 62.83700
 3 12 20 04 40 15760.00000 5.14500000 491.23000 72.49000 13.70000 62.83700
 3 12 20 04 41 15769.90000 5.14500000 491.05000 72.49000 13.70000 62.83700
 3 12 20 04 41 15779.70000 5.14500000 491.05000 72.50000 13.70000 62.83700
 3 12 20 04 42 15779.70000 5.14500000 491.20000 72.48000 13.70000 62.83700
 3 12 20 04 42 15779.70000 5.14500000 491.20000 72.48000 13.70000 62.83700
 3 12 20 04 43 15779.70000 5.14500000 491.72000 72.48000 13.70000 62.83700
 3 12 20 04 43 15779.70000 5.14500000 491.71000 72.60000 13.70000 62.83700
 3 12 20 04 44 15782.70000 5.14500000 491.51000 72.59000 13.70000 62.83700
 3 12 20 04 44 15782.80000 5.14500000 491.49000 72.58000 13.70000 62.83700
 3 12 20 04 44 15778.40000 5.14500000 491.49000 72.58000 13.70000 62.83700
 3 12 20 04 45 15775.80000 5.14500000 491.49000 72.58000 13.70000 62.83700
 3 12 20 04 45 15773.50000 5.14500000 491.49000 72.58000 13.70000 62.83700
 3 12 20 04 46 15773.50000 5.14500000 491.49000 72.54000 13.70000 62.83700
 3 12 20 04 46 15776.50000 5.14500000 491.49000 72.54000 13.70000 62.83700
 3 12 20 04 47 15786.60000 5.14500000 491.94000 72.54000 13.70000 62.83700
 3 12 20 04 47 15789.40000 5.14500000 491.94000 72.54000 13.70000 62.83700
 3 12 20 04 48 15789.20000 5.14500000 491.62000 72.63000 13.70000 62.83700
 3 12 20 04 48 15789.20000 5.14500000 491.61000 72.63000 13.70000 62.83700
 3 12 20 04 49 15789.20000 5.14500000 491.61000 72.63000 13.70000 62.83700
 3 12 20 04 49 15789.10000 5.14500000 491.61000 72.63000 13.70000 62.83700
 3 12 20 04 49 15788.00000 5.14500000 491.61000 72.63000 13.70000 62.83700
 3 12 20 04 50 15777.80000 5.14500000 491.61000 72.57000 13.70000 62.83700
 3 12 20 04 50 15780.20000 5.14500000 491.61000 72.57000 13.70000 62.83700
 3 12 20 04 51 15777.20000 5.14500000 491.61000 72.57000 13.70000 62.83700
 3 12 20 04 51 15779.50000 5.14500000 491.63000 72.57000 13.70000 62.83700
 3 12 20 04 52 15779.00000 5.14500000 491.63000 72.57000 13.70000 62.83700
 3 12 20 04 52 15779.00000 5.14500000 491.63000 72.57000 13.70000 62.83700
 3 12 20 04 52 15779.00000 5.14500000 491.69000 72.64000 13.70000 62.83700
 3 12 20 04 53 15779.00000 5.14500000 491.69000 72.51000 13.70000 62.83700
 3 12 20 04 53 15776.00000 5.14500000 491.62000 72.54000 13.70000 62.83700
 3 12 20 04 54 15776.00000 5.14500000 491.61000 72.54000 13.70000 62.83700
 3 12 20 04 54 15771.10000 5.14500000 491.61000 72.49000 13.69100 62.83700
 3 12 20 04 55 15771.10000 5.14500000 491.61000 72.49000 13.69100 62.83700
 3 12 20 04 55 15771.10000 5.14500000 491.61000 72.49000 13.69100 62.83700
 3 12 20 04 56 15771.00000 5.14500000 491.61000 72.49000 13.69100 62.83700
 3 12 20 04 56 15770.10000 5.14500000 491.19000 72.49000 13.69100 62.83700
 3 12 20 04 57 15770.00000 5.14500000 491.18000 72.48000 13.69100 62.83700
 3 12 20 04 57 15770.00000 5.14500000 491.16000 72.46000 13.69100 62.83700
 3 12 20 04 57 15770.10000 5.14500000 491.16000 72.46000 13.69100 62.83700
 3 12 20 04 58 15770.10000 5.14500000 491.08000 72.46000 13.69100 62.83700
 3 12 20 04 58 15770.10000 5.14500000 491.08000 72.46000 13.69100 62.83700
 3 12 20 04 59 15770.00000 5.14500000 491.08000 72.46000 13.69100 62.83700
 3 12 20 04 59 15757.40000 5.14500000 491.09000 72.46000 13.69100 62.83700
 3 12 20 05 00 15757.30000 5.14500000 490.28000 72.46000 13.69100 62.83700
 3 12 20 05 00 15750.10000 5.13700000 490.28000 72.43000 13.69100 62.83700
 3 12 20 05 01 15750.10000 5.13700000 490.28000 72.43000 13.69100 62.83700
 3 12 20 05 01 15750.10000 5.13700000 490.52000 72.43000 13.69100 62.83700
 3 12 20 05 01 15752.00000 5.13700000 490.49000 72.42000 13.69100 62.83700
 3 12 20 05 02 15749.10000 5.13700000 490.48000 72.38000 13.69100 62.83700
 3 12 20 05 02 15753.90000 5.11900000 490.48000 72.45000 13.63600 62.70000
 3 12 20 05 03 15753.90000 5.12800000 490.48000 72.45000 13.63600 62.70000
 3 12 20 05 03 15753.90000 5.12800000 490.40000 72.45000 13.63600 62.70000
 3 12 20 05 04 15766.50000 5.12800000 490.48000 72.45000 13.63600 62.70000
 3 12 20 05 04 15767.00000 5.12800000 490.58000 72.45000 13.63600 62.70000
 3 12 20 05 05 15766.90000 5.12800000 490.59000 72.45000 13.63600 62.70000
 3 12 20 05 05 15766.90000 5.12800000 490.60000 72.45000 13.63600 62.70000
 3 12 20 05 05 15770.00000 5.12800000 490.68000 72.45000 13.63600 62.70000
 3 12 20 05 06 15779.90000 5.12800000 491.64000 72.45000 13.63600 62.70000
 3 12 20 05 06 15782.60000 5.12800000 491.34000 72.45000 13.63600 62.70000
 3 12 20 05 07 15789.20000 5.14400000 491.34000 72.45000 13.63600 62.70000
 3 12 20 05 07 15788.80000 5.16800000 491.43000 72.53000 13.63600 62.76900
 3 12 20 05 08 15788.80000 5.16800000 491.43000 72.53000 13.63600 62.76900
 3 12 20 05 08 15788.70000 5.16800000 491.25000 72.53000 13.63600 62.76900
 3 12 20 05 09 15788.70000 5.16800000 491.25000 72.53000 13.63600 62.76900
 3 12 20 05 09 15788.70000 5.16800000 491.25000 72.53000 13.63600 62.76900
 3 12 20 05 09 15788.70000 5.16800000 491.31000 72.53000 13.63600 62.76900
 3 12 20 05 10 15788.80000 5.16800000 491.52000 72.53000 13.63600 62.76900
 3 12 20 05 10 15788.80000 5.18500000 491.40000 72.53000 13.63600 62.76900
 3 12 20 05 11 15788.80000 5.18500000 491.40000 72.53000 13.63600 62.76900
