M=[
24 9 20 22 04 9111.20000 4.97300000 295.88000 38.28000 12.26900 46.98300
24 9 20 22 05 9116.30000 4.97300000 295.88000 38.28000 12.26900 46.98300
24 9 20 22 05 9118.60000 4.97300000 296.00000 38.28000 12.26900 46.98300
24 9 20 22 06 9118.30000 4.97300000 296.00000 38.28000 12.26900 46.98300
24 9 20 22 06 9118.40000 4.97300000 296.20000 38.28000 12.26900 46.98300
24 9 20 22 07 9118.00000 4.97300000 296.37000 38.28000 12.26900 46.98300
24 9 20 22 07 9118.50000 4.97300000 296.36000 38.28000 12.26900 46.98300
24 9 20 22 08 9120.00000 4.97300000 296.36000 38.28000 12.26900 47.01900
24 9 20 22 08 9119.90000 4.97300000 296.37000 38.28000 12.26900 47.01900
24 9 20 22 08 9119.90000 4.97300000 296.37000 38.28000 12.26900 47.01900
24 9 20 22 09 9120.00000 4.97300000 296.43000 38.28000 12.26900 47.01900
24 9 20 22 09 9120.00000 4.97300000 296.43000 38.28000 12.26900 47.01900
24 9 20 22 10 9120.00000 4.97300000 296.44000 38.27000 12.26900 47.01900
24 9 20 22 10 9120.00000 4.97300000 296.07000 38.27000 12.26900 47.01900
24 9 20 22 11 9119.90000 4.97300000 296.09000 38.27000 12.26900 47.01900
24 9 20 22 11 9119.90000 4.97300000 296.88000 38.27000 12.26900 47.01900
24 9 20 22 11 9122.40000 4.97300000 296.89000 38.27000 12.26900 47.01900
24 9 20 22 12 9128.60000 4.97300000 297.37000 38.36000 12.26900 47.01900
24 9 20 22 12 9128.80000 4.97300000 297.31000 38.36000 12.26900 47.01900
24 9 20 22 13 9127.00000 4.97300000 296.99000 38.36000 12.26900 47.01900
24 9 20 22 13 9128.20000 4.97300000 296.74000 38.36000 12.26900 47.01900
24 9 20 22 14 9127.30000 4.97300000 296.74000 38.36000 12.26900 47.01900
24 9 20 22 14 9128.10000 4.97300000 296.74000 38.36000 12.28100 47.01900
24 9 20 22 15 9128.10000 4.97300000 296.41000 38.36000 12.28100 47.01900
24 9 20 22 15 9128.10000 4.97300000 296.73000 38.36000 12.28100 47.01900
24 9 20 22 16 9128.80000 4.97300000 296.73000 38.36000 12.28100 47.01900
24 9 20 22 16 9134.90000 4.97300000 296.98000 38.36000 12.28100 47.01900
24 9 20 22 16 9135.00000 4.97300000 296.98000 38.36000 12.28100 47.01900
24 9 20 22 17 9135.00000 4.97300000 297.01000 38.36000 12.28100 47.01900
24 9 20 22 17 9132.80000 4.97300000 297.00000 38.36000 12.28100 47.01900
24 9 20 22 18 9132.80000 4.93900000 297.00000 38.36000 12.28100 47.01900
24 9 20 22 18 9135.00000 4.93900000 297.00000 38.36000 12.28100 47.01900
24 9 20 22 19 9134.90000 4.93900000 297.00000 38.36000 12.28100 47.01900
24 9 20 22 19 9140.40000 4.93900000 297.00000 38.36000 12.28100 47.01900
24 9 20 22 20 9150.90000 4.93900000 296.96000 38.36000 12.28100 47.01900
24 9 20 22 20 9153.80000 4.93900000 297.50000 38.36000 12.28100 47.01900
24 9 20 22 21 9159.00000 4.93900000 299.95000 38.58000 12.28100 47.28000
24 9 20 22 21 9160.00000 4.93900000 300.24000 38.58000 12.28100 47.28000
24 9 20 22 22 9160.00000 4.93900000 299.79000 38.58000 12.28100 47.28000
24 9 20 22 22 9157.00000 4.93900000 299.79000 38.58000 12.30000 47.28000
24 9 20 22 23 9157.00000 4.93900000 299.79000 38.58000 12.30000 47.28000
24 9 20 22 23 9154.90000 4.96300000 299.08000 38.58000 12.30000 47.28000
24 9 20 22 24 9153.40000 4.96300000 298.97000 38.58000 12.30000 47.28000
24 9 20 22 24 9153.30000 4.96300000 299.16000 38.58000 12.30000 47.32100
24 9 20 22 24 9153.50000 4.96300000 299.54000 38.58000 12.30000 47.32100
24 9 20 22 25 9154.20000 4.96300000 299.82000 38.58000 12.30000 47.32100
24 9 20 22 25 9154.10000 4.96300000 299.93000 38.58000 12.30000 47.29600
24 9 20 22 26 9153.10000 4.96300000 299.57000 38.58000 12.30000 47.29600
24 9 20 22 26 9153.10000 4.96300000 299.57000 38.58000 12.30000 47.29600
24 9 20 22 27 9150.30000 4.96300000 299.57000 38.58000 12.30000 47.29600
24 9 20 22 27 9150.70000 4.96300000 299.57000 38.58000 12.30000 47.29000
24 9 20 22 28 9151.80000 4.96300000 299.57000 38.58000 12.30000 47.29000
24 9 20 22 28 9152.50000 4.96300000 299.34000 38.58000 12.30000 47.29000
24 9 20 22 28 9151.90000 4.96300000 299.58000 38.58000 12.30000 47.29000
24 9 20 22 29 9150.00000 4.96300000 299.36000 38.58000 12.30000 47.29000
24 9 20 22 29 9150.00000 4.96300000 299.46000 38.58000 12.30000 47.29000
24 9 20 22 30 9154.10000 4.96300000 300.00000 38.58000 12.30000 47.29000
24 9 20 22 30 9144.30000 4.96300000 299.99000 38.58000 12.30000 47.29000
24 9 20 22 31 9147.60000 4.96300000 299.84000 38.58000 12.30000 47.29000
24 9 20 22 31 9148.50000 4.96300000 299.27000 38.58000 12.30000 47.29000
24 9 20 22 32 9146.90000 4.96300000 299.17000 38.58000 12.30000 47.29000
24 9 20 22 32 9146.30000 4.96300000 299.16000 38.58000 12.30000 47.29000
24 9 20 22 32 9145.20000 4.96300000 299.16000 38.58000 12.30000 47.29000
24 9 20 22 33 9144.60000 4.96300000 298.95000 38.58000 12.30000 47.29000
24 9 20 22 33 9144.60000 4.96300000 298.95000 38.58000 12.30000 47.12700
24 9 20 22 34 9140.10000 4.96300000 298.79000 38.37000 12.30000 47.14700
24 9 20 22 34 9140.10000 4.96300000 298.79000 38.37000 12.30000 47.09600
24 9 20 22 35 9140.10000 4.96300000 298.79000 38.37000 12.30000 47.09600
24 9 20 22 35 9140.00000 4.96300000 298.74000 38.37000 12.30000 47.10000
24 9 20 22 35 9138.90000 4.96300000 298.73000 38.37000 12.30000 47.10000
24 9 20 22 36 9138.30000 4.96300000 298.81000 38.37000 12.30000 47.10000
24 9 20 22 36 9138.90000 4.96300000 298.78000 38.37000 12.30000 47.07900
24 9 20 22 37 9138.90000 4.96300000 299.50000 38.37000 12.30000 47.07900
24 9 20 22 37 9145.30000 4.96300000 299.43000 38.37000 12.30000 47.07900
24 9 20 22 38 9142.10000 4.96300000 299.03000 38.37000 12.30000 47.12400
24 9 20 22 38 9142.10000 4.96300000 298.77000 38.37000 12.30000 47.12400
24 9 20 22 39 9142.10000 4.93100000 298.77000 38.37000 12.30000 47.14200
24 9 20 22 39 9140.60000 4.93100000 298.75000 38.37000 12.30000 47.11300
24 9 20 22 39 9139.10000 4.93100000 298.76000 38.37000 12.30000 47.11300
24 9 20 22 40 9145.90000 4.93100000 298.81000 38.34000 12.30000 47.09100
24 9 20 22 40 9149.70000 4.93100000 299.40000 38.34000 12.30000 47.09100
24 9 20 22 41 9146.10000 4.93000000 299.40000 38.34000 12.30000 47.09100
24 9 20 22 41 9140.20000 4.93000000 298.85000 38.34000 12.30000 47.14300
24 9 20 22 42 9140.10000 4.93000000 298.64000 38.34000 12.30000 47.09000
24 9 20 22 42 9133.70000 4.93000000 298.40000 38.34000 12.30000 47.09000
24 9 20 22 43 9138.50000 4.93000000 298.98000 38.34000 12.30000 47.09000
24 9 20 22 43 9136.40000 4.93000000 298.98000 38.34000 12.30000 47.09000
24 9 20 22 43 9136.80000 4.93000000 298.78000 38.35000 12.30600 47.09000
24 9 20 22 44 9136.00000 4.93000000 298.78000 38.35000 12.30600 47.09000
24 9 20 22 44 9136.00000 4.93000000 298.78000 38.35000 12.30600 47.09000
24 9 20 22 45 9134.40000 4.93000000 298.72000 38.35000 12.30600 47.09000
24 9 20 22 45 9144.50000 4.93000000 299.12000 38.35000 12.30600 47.09000
24 9 20 22 46 9150.20000 4.93000000 299.44000 38.35000 12.30600 47.09000
24 9 20 22 46 9151.00000 4.93000000 299.44000 38.35000 12.30600 47.09000
24 9 20 22 47 9152.80000 4.93000000 299.44000 38.35000 12.30600 47.09000
24 9 20 22 47 9150.80000 4.93000000 298.98000 38.35000 12.30600 47.09300
24 9 20 22 47 9150.80000 4.93000000 298.82000 38.35000 12.30600 47.07300
24 9 20 22 48 9139.60000 4.93000000 298.82000 38.35000 12.30600 47.07300
24 9 20 22 48 9145.90000 4.93000000 298.82000 38.35000 12.30600 47.07200
24 9 20 22 49 9154.30000 4.93000000 298.83000 38.35000 12.30600 47.07200
24 9 20 22 49 9154.50000 4.93000000 298.83000 38.35000 12.30600 47.06300
24 9 20 22 50 9166.50000 4.93000000 299.28000 38.35000 12.30600 47.06300
24 9 20 22 50 9219.90000 4.93000000 301.01000 38.50000 12.30600 47.06300
24 9 20 22 51 9218.40000 4.93000000 301.35000 38.50000 12.30600 47.06300
24 9 20 22 52 9227.50000 4.93000000 302.00000 38.50000 12.30600 47.06300
24 9 20 22 52 9222.60000 4.93000000 300.86000 38.50000 12.30600 47.19500
24 9 20 22 53 9214.30000 4.93000000 300.45000 38.50000 12.30600 47.19500
24 9 20 22 53 9211.20000 4.93000000 300.34000 38.48000 12.30600 47.19500
24 9 20 22 53 9210.90000 4.93000000 300.28000 38.48000 12.30600 47.19500
