M=[
 7 5 20 15 13 8856.00000 6.52000000 192.20000 42.80000 10.05000 40.15800
 7 5 20 15 13 8856.00000 6.52000000 192.20000 42.87000 10.05000 40.15800
 7 5 20 15 14 8856.00000 6.52000000 192.20000 42.80000 10.05000 40.15800
 7 5 20 15 14 8860.00000 6.52000000 192.42000 42.89000 10.05000 40.15800
 7 5 20 15 15 8874.30000 6.52000000 192.46000 42.90000 10.05000 40.15800
 7 5 20 15 15 8878.50000 6.52000000 192.49000 42.90000 10.05000 40.15800
 7 5 20 15 16 8883.50000 6.52000000 192.50000 42.90000 10.05000 40.15800
 7 5 20 15 16 8886.70000 6.52000000 192.49000 42.90000 10.04400 40.15800
 7 5 20 15 17 8881.90000 6.52000000 192.48000 42.90000 10.05000 40.15800
 7 5 20 15 17 8877.00000 6.52000000 192.20000 42.90000 10.05000 40.15800
 7 5 20 15 18 8883.80000 6.52000000 192.24000 42.90000 10.05000 40.15800
 7 5 20 15 18 8880.10000 6.52000000 192.24000 42.86000 10.05000 40.07900
 7 5 20 15 19 8881.70000 6.52000000 192.25000 42.87000 10.05000 40.15800
 7 5 20 15 19 8874.40000 6.52000000 192.25000 42.87000 10.05000 40.15800
 7 5 20 15 20 8870.10000 6.52000000 192.16000 42.86000 10.05000 40.15800
 7 5 20 15 20 8872.20000 6.52000000 192.23000 42.90000 10.05000 40.15800
 7 5 20 15 21 8870.00000 6.52000000 192.19000 42.90000 10.05000 40.15800
 7 5 20 15 21 8870.10000 6.52000000 192.17000 42.90000 10.05000 40.15800
 7 5 20 15 22 8870.10000 6.52000000 192.17000 42.85000 10.05000 40.15800
 7 5 20 15 22 8870.00000 6.52000000 192.00000 42.85000 10.05000 40.00000
 7 5 20 15 23 8864.60000 6.52000000 191.87000 42.85000 10.04400 40.00000
 7 5 20 15 23 8865.60000 6.52000000 192.00000 42.81000 10.05000 40.00000
 7 5 20 15 24 8860.50000 6.52000000 191.88000 42.81000 10.04400 40.00000
 7 5 20 15 24 8866.20000 6.52000000 192.00000 42.81000 10.05000 40.00000
 7 5 20 15 25 8870.10000 6.52000000 192.13000 42.81000 10.05000 40.00000
 7 5 20 15 25 8871.70000 6.52000000 192.13000 42.81000 10.05000 40.00000
 7 5 20 15 26 8875.50000 6.52000000 192.13000 42.81000 10.05000 40.00000
 7 5 20 15 26 8877.80000 6.52000000 192.13000 42.80000 10.05000 40.00000
 7 5 20 15 27 8874.20000 6.52000000 192.00000 42.80000 10.05000 40.07900
 7 5 20 15 27 8871.40000 6.52000000 192.00000 42.80000 10.05000 40.07900
 7 5 20 15 28 8870.60000 6.52000000 191.94000 42.80000 10.05000 40.00000
 7 5 20 15 28 8855.00000 6.52000000 191.80000 42.80000 10.05000 40.07900
 7 5 20 15 29 8840.10000 6.52000000 191.66000 42.76000 10.05000 40.00000
 7 5 20 15 30 8835.00000 6.50300000 191.28000 42.76000 10.05000 40.00000
 7 5 20 15 30 8824.10000 6.50300000 191.40000 42.71000 10.05000 40.00000
 7 5 20 15 31 8825.90000 6.50300000 191.20000 42.71000 10.05000 40.00000
 7 5 20 15 31 8818.70000 6.50300000 191.42000 42.73000 10.05000 40.00000
 7 5 20 15 32 8758.80000 6.50000000 190.65000 42.61000 9.97000 39.84000
 7 5 20 15 32 8729.60000 6.44800000 189.70000 42.32000 9.97100 39.75000
 7 5 20 15 33 8740.60000 6.40000000 189.86000 42.39000 9.97000 39.75000
 7 5 20 15 34 8764.40000 6.40000000 190.40000 42.40000 9.97000 39.93000
 7 5 20 15 34 8768.00000 6.40000000 190.34000 42.48000 9.97000 39.93000
 7 5 20 15 35 8788.80000 6.40000000 190.59000 42.57000 9.97000 39.93000
 7 5 20 15 36 8785.00000 6.40000000 190.52000 42.57000 9.97000 39.93000
 7 5 20 15 36 8785.90000 6.40000000 190.28000 42.55000 9.97000 39.95900
 7 5 20 15 37 8798.70000 6.40000000 190.45000 42.59000 9.99000 39.95900
 7 5 20 15 37 8785.90000 6.40000000 190.46000 42.58000 9.99000 39.95900
 7 5 20 15 38 8785.90000 6.40000000 190.31000 42.53000 9.99000 39.95900
 7 5 20 15 38 8787.60000 6.40000000 190.46000 42.53000 9.99000 39.95900
 7 5 20 15 39 8789.90000 6.40000000 190.50000 42.53000 9.99000 39.95900
 7 5 20 15 39 8793.30000 6.44700000 190.50000 42.53000 9.99000 39.95900
 7 5 20 15 40 8788.50000 6.44700000 190.41000 42.53000 9.99000 39.95900
 7 5 20 15 40 8786.00000 6.44700000 190.21000 42.53000 9.99000 39.95900
 7 5 20 15 41 8786.30000 6.44700000 190.36000 42.46000 9.99000 39.95900
 7 5 20 15 41 8782.20000 6.44700000 190.28000 42.43000 9.99000 39.95900
 7 5 20 15 42 8788.20000 6.44700000 190.20000 42.49000 9.99000 39.87700
 7 5 20 15 42 8782.80000 6.44700000 190.50000 42.48000 9.99000 39.93000
 7 5 20 15 43 8791.00000 6.44700000 190.52000 42.48000 9.99000 39.87700
 7 5 20 15 43 8792.00000 6.44700000 190.57000 42.48000 9.99000 39.87700
 7 5 20 15 44 8799.90000 6.44700000 190.59000 42.48000 9.99000 39.87700
 7 5 20 15 44 8799.90000 6.44700000 190.61000 42.48000 9.99000 39.87700
 7 5 20 15 45 8816.70000 6.44700000 190.81000 42.48000 9.99000 39.87700
 7 5 20 15 46 8828.70000 6.44700000 190.94000 42.48000 9.99000 39.87700
 7 5 20 15 46 8812.20000 6.44700000 190.80000 42.63000 9.99000 39.95900
 7 5 20 15 47 8815.00000 6.44700000 190.74000 42.63000 9.99000 39.87700
 7 5 20 15 47 8824.50000 6.44700000 190.59000 42.63000 9.99000 39.87700
 7 5 20 15 48 8815.70000 6.44700000 190.59000 42.66000 9.99000 39.87700
 7 5 20 15 48 8822.10000 6.40000000 190.59000 42.66000 9.99000 39.87700
 7 5 20 15 49 8826.70000 6.44700000 190.80000 42.66000 9.99000 39.87700
 7 5 20 15 49 8828.70000 6.40000000 190.89000 42.66000 9.99000 39.87700
 7 5 20 15 50 8828.80000 6.46500000 190.89000 42.65000 9.99000 39.90200
 7 5 20 15 50 8830.00000 6.46500000 190.89000 42.65000 9.99000 39.90200
 7 5 20 15 51 8830.00000 6.46500000 190.95000 42.65000 9.99000 39.90200
 7 5 20 15 51 8835.10000 6.46500000 190.91000 42.66000 9.99000 39.90200
 7 5 20 15 52 8838.90000 6.46500000 190.97000 42.66000 9.99000 39.90200
 7 5 20 15 52 8835.80000 6.46500000 191.15000 42.66000 9.99000 39.90200
 7 5 20 15 53 8840.00000 6.48700000 191.21000 42.66000 9.99000 39.90200
 7 5 20 15 53 8838.60000 6.48700000 191.20000 42.67000 9.99000 39.90200
 7 5 20 15 54 8840.10000 6.48700000 191.20000 42.67000 9.99000 39.90200
 7 5 20 15 54 8840.20000 6.48700000 191.20000 42.67000 9.99000 39.90200
 7 5 20 15 55 8830.60000 6.48700000 191.13000 42.64000 9.99000 39.90200
 7 5 20 15 55 8828.80000 6.48700000 190.98000 42.61000 9.99000 39.90200
 7 5 20 15 56 8830.50000 6.48700000 191.04000 42.61000 9.99000 39.90600
 7 5 20 15 56 8830.40000 6.48700000 191.04000 42.63000 9.99000 39.90600
 7 5 20 15 57 8830.10000 6.48700000 191.04000 42.63000 9.99000 39.90600
 7 5 20 15 57 8830.20000 6.48700000 191.07000 42.61000 9.99000 39.90600
 7 5 20 15 58 8827.50000 6.48700000 191.04000 42.61000 9.99000 39.90600
 7 5 20 15 58 8823.60000 6.48700000 190.90000 42.58000 9.99000 39.90600
 7 5 20 15 59 8823.80000 6.48700000 191.21000 42.58000 9.99000 39.90600
 7 5 20 15 59 8811.60000 6.48700000 190.86000 42.61000 9.99000 39.90600
 7 5 20 16 00 8840.10000 6.48700000 191.24000 42.61000 9.99000 39.90600
 7 5 20 16 00 8840.20000 6.48700000 191.46000 42.69000 9.99000 39.90600
 7 5 20 16 01 8840.20000 6.48700000 191.46000 42.69000 9.99000 39.90600
 7 5 20 16 02 8869.60000 6.49500000 191.76000 42.69000 9.99000 39.93000
 7 5 20 16 02 8847.90000 6.49500000 191.39000 42.61000 9.99000 39.97900
 7 5 20 16 03 8836.60000 6.49500000 191.26000 42.59000 9.99000 39.97900
 7 5 20 16 03 8849.60000 6.49500000 191.23000 42.59000 9.97000 39.97900
 7 5 20 16 04 8851.30000 6.49500000 191.34000 42.64000 9.99000 39.97900
 7 5 20 16 04 8851.70000 6.46600000 191.39000 42.64000 9.99000 39.97900
 7 5 20 16 05 8859.60000 6.46600000 191.39000 42.64000 9.99000 39.96300
 7 5 20 16 05 8856.10000 6.46600000 191.39000 42.62000 9.99000 39.96300
 7 5 20 16 06 8855.60000 6.46600000 191.18000 42.62000 9.99000 39.96300
 7 5 20 16 06 8838.10000 6.46600000 190.90000 42.55000 9.99000 39.96300
 7 5 20 16 07 8841.20000 6.46600000 190.84000 42.53000 9.99000 39.96300
 7 5 20 16 07 8844.10000 6.46600000 190.89000 42.53000 9.97000 39.96300
 7 5 20 16 08 8843.60000 6.46600000 190.92000 42.53000 9.99000 39.96300
 7 5 20 16 08 8844.70000 6.45100000 190.86000 42.53000 9.99000 39.96300
 7 5 20 16 09 8846.90000 6.45400000 190.92000 42.54000 9.99000 39.96300
 7 5 20 16 09 8845.10000 6.45500000 190.89000 42.54000 9.99000 39.96300
 7 5 20 16 10 8845.60000 6.45500000 190.89000 42.54000 9.99000 39.96300
