M=[
10 1 21 09 33 32890.00000 7.39500000 1072.00000 145.89000 17.41200 70.38300
10 1 21 09 34 32875.10000 7.39500000 1072.00000 146.02000 17.41200 70.24200
10 1 21 09 34 32894.80000 7.39500000 1072.00000 145.97000 17.41200 70.47500
10 1 21 09 34 32892.10000 7.39800000 1072.00000 145.97000 17.41200 70.47500
10 1 21 09 35 32890.50000 7.39800000 1072.00000 145.90000 17.30800 70.05500
10 1 21 09 35 32890.50000 7.43700000 1071.99000 145.90000 17.30800 70.42500
10 1 21 09 36 32890.50000 7.43700000 1072.00000 146.01000 17.30800 70.19400
10 1 21 09 36 32890.50000 7.43700000 1072.00000 146.08000 17.30800 70.81000
10 1 21 09 37 32898.90000 7.43700000 1072.00000 146.08000 17.30800 70.46100
10 1 21 09 37 32898.90000 7.39600000 1072.00000 145.96000 17.30800 70.46100
10 1 21 09 37 32898.80000 7.39600000 1073.88000 145.99000 17.30800 70.53100
10 1 21 09 38 32890.50000 7.39600000 1073.49000 145.86000 17.30800 70.97500
10 1 21 09 38 32875.30000 7.43800000 1073.95000 145.67000 17.30800 70.96200
10 1 21 09 39 32875.20000 7.40200000 1074.22000 145.75000 17.30800 70.92000
10 1 21 09 39 32875.00000 7.40200000 1073.50000 145.67000 17.30800 70.82700
10 1 21 09 40 32850.20000 7.43800000 1073.14000 145.70000 17.30800 70.75000
10 1 21 09 40 32857.10000 7.43800000 1073.19000 145.66000 17.30800 70.64700
10 1 21 09 40 32857.40000 7.43800000 1073.69000 145.62000 17.30800 70.96000
10 1 21 09 41 32801.80000 7.40200000 1070.19000 145.28000 17.30800 70.96000
10 1 21 09 41 32767.80000 7.40200000 1071.13000 145.16000 17.30800 70.96000
10 1 21 09 42 32763.40000 7.40200000 1070.88000 145.30000 17.30800 70.24800
10 1 21 09 42 32750.10000 7.39500000 1070.75000 145.30000 17.30800 70.08500
10 1 21 09 42 32774.00000 7.39000000 1070.75000 145.31000 17.30800 69.89100
10 1 21 09 43 32774.10000 7.37100000 1071.20000 145.29000 17.30800 69.89100
10 1 21 09 43 32774.10000 7.34800000 1073.45000 145.47000 17.30800 70.26700
10 1 21 09 44 32782.10000 7.35200000 1072.36000 145.29000 17.30800 70.18500
10 1 21 09 44 32792.90000 7.38700000 1072.53000 145.29000 17.30800 70.18500
10 1 21 09 45 32801.50000 7.38600000 1072.52000 145.39000 17.30800 70.18500
10 1 21 09 45 32809.20000 7.34900000 1072.53000 145.49000 17.30800 70.18500
10 1 21 09 45 32803.60000 7.34900000 1072.53000 145.58000 17.30800 70.18500
10 1 21 09 46 32802.30000 7.34900000 1072.53000 145.59000 17.30800 70.37000
10 1 21 09 46 32819.80000 7.34900000 1073.96000 145.75000 17.30800 70.02500
10 1 21 09 47 32816.60000 7.34800000 1073.96000 145.60000 17.30800 70.02500
10 1 21 09 47 32808.90000 7.34800000 1074.80000 145.50000 17.30800 69.70300
10 1 21 09 48 32797.60000 7.34800000 1074.82000 145.36000 17.30800 69.72000
10 1 21 09 48 32797.20000 7.34900000 1074.89000 145.41000 17.30800 69.88100
10 1 21 09 48 32797.30000 7.34900000 1075.00000 145.40000 17.30800 69.70100
10 1 21 09 49 32800.70000 7.35000000 1076.32000 145.37000 17.30800 69.70100
10 1 21 09 49 32800.90000 7.35000000 1077.66000 145.44000 17.30800 69.65000
10 1 21 09 50 32806.50000 7.35000000 1079.04000 145.50000 17.30800 69.65000
10 1 21 09 50 32808.90000 7.34900000 1079.57000 145.50000 17.30800 69.65000
10 1 21 09 51 32808.90000 7.34900000 1078.43000 145.41000 17.30800 69.65000
10 1 21 09 51 32814.00000 7.35000000 1078.71000 145.49000 17.30800 69.65000
10 1 21 09 51 32811.20000 7.35000000 1079.48000 145.54000 17.30800 69.32200
10 1 21 09 52 32830.30000 7.35000000 1079.78000 145.42000 17.30800 69.64000
10 1 21 09 52 32823.10000 7.38400000 1079.75000 145.43000 17.30800 69.64000
10 1 21 09 53 32822.30000 7.38400000 1079.54000 145.43000 17.30800 69.40600
10 1 21 09 53 32817.10000 7.40000000 1078.90000 145.52000 17.50000 69.14400
10 1 21 09 54 32825.70000 7.40100000 1079.56000 145.40000 17.52300 68.93100
10 1 21 09 54 32811.30000 7.42300000 1078.86000 145.27000 17.46000 68.93100
10 1 21 09 54 32800.10000 7.42300000 1077.52000 145.27000 17.58000 69.33900
10 1 21 09 55 32800.00000 7.42300000 1076.79000 145.26000 17.58000 69.31900
10 1 21 09 55 32809.60000 7.42300000 1077.27000 145.16000 17.58000 69.31900
10 1 21 09 56 32821.30000 7.41900000 1078.40000 145.26000 17.58000 69.31900
10 1 21 09 56 32821.40000 7.42000000 1078.49000 145.19000 17.48200 69.31900
10 1 21 09 57 32821.30000 7.42000000 1077.12000 145.08000 17.70000 69.08100
10 1 21 09 57 32774.80000 7.39000000 1075.35000 144.90000 17.70800 69.08100
10 1 21 09 57 32774.00000 7.39000000 1075.00000 144.90000 17.70800 69.17900
10 1 21 09 58 32774.10000 7.39000000 1073.29000 144.73000 17.52500 68.82000
10 1 21 09 58 32754.40000 7.34600000 1072.00000 144.50000 17.79000 68.74400
10 1 21 09 59 32748.20000 7.33000000 1071.69000 144.17000 17.79700 68.44900
10 1 21 09 59 32755.00000 7.30000000 1071.00000 144.10000 17.80000 68.38900
10 1 21 10 00 32763.00000 7.29000000 1070.61000 144.05000 17.80000 67.81600
10 1 21 10 00 32763.00000 7.27300000 1068.88000 143.69000 17.62200 67.81600
10 1 21 10 00 32744.90000 7.24000000 1067.70000 143.87000 17.62200 67.31000
10 1 21 10 01 32751.30000 7.24000000 1068.41000 143.92000 17.62200 67.29700
10 1 21 10 01 32746.50000 7.12800000 1068.00000 143.78000 17.62200 67.17000
10 1 21 10 02 32762.90000 7.17500000 1069.29000 143.79000 17.64000 66.93900
10 1 21 10 02 32762.90000 7.18700000 1071.01000 143.80000 17.57000 66.93900
10 1 21 10 03 32763.00000 7.18700000 1070.00000 144.29000 17.57100 66.93900
10 1 21 10 03 32762.90000 7.22700000 1070.58000 144.31000 17.56900 67.05000
10 1 21 10 03 32779.10000 7.28600000 1071.29000 144.39000 17.56900 67.05000
10 1 21 10 04 32779.10000 7.18700000 1071.53000 144.42000 17.56900 67.58100
10 1 21 10 04 32779.10000 7.18700000 1073.04000 144.42000 17.56900 67.58100
10 1 21 10 05 32779.10000 7.18700000 1072.97000 144.35000 17.56900 67.26000
10 1 21 10 05 32789.80000 7.18700000 1075.45000 144.92000 17.56900 67.26000
10 1 21 10 06 32789.90000 7.18600000 1075.74000 144.97000 17.56700 67.58100
10 1 21 10 06 32788.10000 7.18600000 1074.85000 144.96000 17.46700 67.58100
10 1 21 10 06 32788.00000 7.18900000 1074.98000 144.98000 17.50000 67.58100
10 1 21 10 07 32763.50000 7.18900000 1073.46000 144.72000 17.50000 67.08300
10 1 21 10 07 32763.50000 7.18700000 1074.25000 144.63000 17.50000 67.08300
10 1 21 10 08 32790.00000 7.18700000 1074.89000 144.70000 17.46300 67.28500
10 1 21 10 08 32795.70000 7.18700000 1074.99000 144.70000 17.46300 67.28500
10 1 21 10 09 32806.80000 7.18700000 1075.51000 144.70000 17.46300 67.28500
10 1 21 10 09 32806.80000 7.20100000 1075.37000 144.70000 17.46300 67.82600
10 1 21 10 09 32821.30000 7.24000000 1076.56000 145.05000 17.46300 68.20700
10 1 21 10 10 32848.40000 7.24000000 1076.66000 145.20000 17.46300 68.20700
10 1 21 10 10 32848.40000 7.23700000 1076.66000 145.14000 17.46300 68.17500
10 1 21 10 11 32848.80000 7.29500000 1076.66000 145.13000 17.46300 68.52100
10 1 21 10 11 32831.70000 7.29000000 1076.43000 145.05000 17.46300 68.61500
10 1 21 10 12 32829.90000 7.26000000 1076.33000 145.06000 17.46300 68.61500
10 1 21 10 12 32841.00000 7.26000000 1075.83000 144.90000 17.46300 68.30200
10 1 21 10 12 32840.00000 7.27800000 1075.83000 145.04000 17.46300 68.55500
10 1 21 10 13 32840.10000 7.22100000 1075.57000 144.96000 17.46300 68.36200
10 1 21 10 13 32818.60000 7.22100000 1075.23000 144.95000 17.46300 68.39800
10 1 21 10 14 32790.10000 7.22100000 1075.83000 145.00000 17.46300 68.69000
10 1 21 10 14 32810.10000 7.22100000 1075.73000 145.19000 17.46300 68.47800
10 1 21 10 15 32816.60000 7.21000000 1075.33000 144.95000 17.46300 68.37000
10 1 21 10 15 32818.40000 7.21000000 1075.83000 144.87000 17.46300 68.28100
10 1 21 10 15 32840.10000 7.21000000 1075.82000 144.87000 17.46300 68.28100
10 1 21 10 16 32836.10000 7.26300000 1075.83000 144.99000 17.46300 68.09800
10 1 21 10 16 32835.70000 7.26300000 1076.38000 144.99000 17.48800 68.09800
10 1 21 10 17 32826.30000 7.26300000 1076.26000 145.04000 17.48800 68.01000
10 1 21 10 17 32840.80000 7.26300000 1077.56000 145.04000 17.57900 68.01000
10 1 21 10 18 32836.00000 7.28000000 1077.54000 145.04000 17.57900 67.99000
