M=[
 3 10 20 23 24 9020.80000 4.81500000 296.53000 39.04000 11.90700 52.38000
 3 10 20 23 24 9020.80000 4.81500000 296.53000 39.04000 11.90700 52.38000
 3 10 20 23 25 9022.50000 4.81500000 296.53000 39.04000 11.90700 52.38000
 3 10 20 23 25 9022.20000 4.81500000 296.53000 39.04000 11.90700 52.38000
 3 10 20 23 25 9021.50000 4.81500000 296.53000 39.05000 11.90700 52.38000
 3 10 20 23 26 9021.50000 4.81500000 296.78000 39.05000 11.90700 52.38000
 3 10 20 23 26 9021.50000 4.81500000 296.78000 39.05000 11.90700 52.38000
 3 10 20 23 27 9023.60000 4.81500000 296.78000 39.05000 11.90700 52.22700
 3 10 20 23 27 9023.60000 4.81500000 296.78000 39.05000 11.90700 52.14400
 3 10 20 23 28 9022.90000 4.81500000 296.78000 39.05000 11.90700 51.96000
 3 10 20 23 28 9022.90000 4.81500000 296.78000 39.05000 11.90700 51.94000
 3 10 20 23 29 9022.20000 4.81500000 296.78000 39.05000 11.90700 51.95700
 3 10 20 23 29 9021.70000 4.81500000 296.55000 39.05000 11.90700 51.96100
 3 10 20 23 29 9021.70000 4.81500000 296.55000 39.05000 11.90700 51.96100
 3 10 20 23 30 9021.70000 4.81500000 296.55000 39.05000 11.90700 51.96100
 3 10 20 23 30 9021.70000 4.81500000 296.55000 39.05000 11.90700 51.96100
 3 10 20 23 31 9021.80000 4.81500000 296.55000 39.05000 11.90700 51.96100
 3 10 20 23 31 9021.80000 4.81500000 296.55000 39.05000 11.90700 51.96100
 3 10 20 23 32 9028.80000 4.81500000 296.55000 39.05000 11.90700 51.96100
 3 10 20 23 32 9030.90000 4.81500000 296.55000 39.05000 11.90700 51.96100
 3 10 20 23 32 9032.70000 4.81500000 296.55000 39.05000 11.90700 51.96100
 3 10 20 23 33 9030.10000 4.81500000 296.55000 39.05000 11.90700 51.96100
 3 10 20 23 33 9032.50000 4.81500000 296.55000 39.05000 11.90700 51.96100
 3 10 20 23 34 9032.60000 4.82600000 296.89000 39.05000 11.92400 51.96100
 3 10 20 23 34 9033.10000 4.82600000 296.89000 39.05000 11.92400 51.96100
 3 10 20 23 35 9033.60000 4.82600000 296.89000 39.05000 11.92400 51.96100
 3 10 20 23 35 9035.10000 4.82600000 297.04000 39.05000 11.92400 51.96100
 3 10 20 23 35 9035.30000 4.82600000 297.04000 39.05000 11.92400 51.96100
 3 10 20 23 36 9036.40000 4.82600000 297.09000 39.05000 11.92400 51.96100
 3 10 20 23 36 9036.10000 4.82600000 297.09000 39.05000 11.92400 51.96100
 3 10 20 23 37 9035.90000 4.82600000 297.09000 39.05000 11.92400 51.96100
 3 10 20 23 37 9036.10000 4.82600000 297.09000 39.05000 11.92400 51.96100
 3 10 20 23 38 9036.10000 4.82600000 296.98000 39.05000 11.92400 51.96100
 3 10 20 23 38 9035.70000 4.82600000 296.98000 39.05000 11.92400 51.96100
 3 10 20 23 38 9034.80000 4.82600000 296.98000 39.05000 11.92400 51.96100
 3 10 20 23 39 9035.10000 4.82600000 296.98000 39.05000 11.92400 51.96100
 3 10 20 23 39 9035.20000 4.82600000 296.98000 39.05000 11.92400 52.05800
 3 10 20 23 40 9035.40000 4.82600000 296.86000 39.05000 11.92400 52.05800
 3 10 20 23 40 9035.70000 4.82600000 296.86000 39.05000 11.92400 52.05800
 3 10 20 23 41 9033.10000 4.82600000 296.86000 39.05000 11.92400 52.05800
 3 10 20 23 41 9032.40000 4.82600000 296.86000 39.05000 11.92400 52.16600
 3 10 20 23 41 9033.70000 4.82600000 296.87000 39.05000 11.92400 52.16600
 3 10 20 23 42 9034.10000 4.82600000 296.86000 39.05000 11.92400 52.16600
 3 10 20 23 42 9034.20000 4.82600000 296.86000 39.05000 11.92400 52.16600
 3 10 20 23 43 9030.50000 4.82600000 296.62000 39.07000 11.92400 52.16600
 3 10 20 23 43 9030.00000 4.82600000 296.44000 39.07000 11.92400 52.16600
 3 10 20 23 44 9030.30000 4.82600000 296.44000 39.07000 11.92400 52.16600
 3 10 20 23 44 9030.10000 4.82600000 296.44000 39.07000 11.92400 52.16600
 3 10 20 23 44 9027.30000 4.82600000 296.33000 39.07000 11.92400 52.16600
 3 10 20 23 45 9024.90000 4.82600000 296.19000 39.07000 11.92400 52.05700
 3 10 20 23 45 9024.90000 4.82600000 296.19000 38.99000 11.92400 52.05700
 3 10 20 23 46 9022.00000 4.82600000 296.10000 38.99000 11.92400 52.05700
 3 10 20 23 46 9022.40000 4.82600000 296.06000 38.99000 11.92400 52.05700
 3 10 20 23 47 9024.30000 4.82600000 296.06000 38.99000 11.92400 52.05700
 3 10 20 23 47 9024.40000 4.82600000 296.04000 38.99000 11.92400 52.03000
 3 10 20 23 47 9027.00000 4.82600000 296.04000 38.99000 11.92400 52.03000
 3 10 20 23 48 9027.60000 4.82600000 296.13000 38.99000 11.92400 52.03000
 3 10 20 23 48 9028.30000 4.82600000 296.16000 38.96000 11.92400 52.03000
 3 10 20 23 49 9028.50000 4.82600000 296.16000 38.96000 11.92400 52.03000
 3 10 20 23 49 9028.40000 4.82600000 296.13000 38.96000 11.92400 52.03000
 3 10 20 23 50 9028.50000 4.82600000 296.13000 38.96000 11.92400 52.03000
 3 10 20 23 50 9028.80000 4.82600000 296.13000 38.96000 11.92400 51.97900
 3 10 20 23 50 9026.90000 4.82600000 295.95000 38.96000 11.92400 51.97900
 3 10 20 23 51 9024.60000 4.82600000 295.95000 38.93000 11.92400 51.97900
 3 10 20 23 51 9025.00000 4.82600000 295.73000 38.93000 11.92400 51.88000
 3 10 20 23 52 9025.20000 4.82600000 295.73000 38.93000 11.92400 51.88000
 3 10 20 23 52 9028.70000 4.82600000 295.72000 38.93000 11.92400 51.88000
 3 10 20 23 53 9028.70000 4.82600000 295.72000 38.93000 11.92400 51.88000
 3 10 20 23 53 9028.80000 4.82600000 295.72000 38.93000 11.92400 51.88000
 3 10 20 23 53 9028.90000 4.82600000 295.72000 38.93000 11.92400 51.88000
 3 10 20 23 54 9029.30000 4.82600000 295.91000 38.93000 11.92400 51.88000
 3 10 20 23 54 9028.30000 4.82600000 295.91000 38.93000 11.92400 51.88000
 3 10 20 23 55 9026.80000 4.82600000 295.91000 38.93000 11.92400 51.88000
 3 10 20 23 55 9027.20000 4.82600000 295.90000 38.93000 11.92400 51.88000
 3 10 20 23 56 9026.90000 4.82600000 295.90000 38.93000 11.92400 51.88000
 3 10 20 23 56 9029.00000 4.82600000 295.90000 38.93000 11.92700 51.88000
 3 10 20 23 56 9030.00000 4.82600000 295.90000 38.93000 11.90800 51.88000
 3 10 20 23 57 9029.70000 4.82600000 296.00000 38.93000 11.90800 51.88000
 3 10 20 23 57 9028.40000 4.82600000 296.00000 38.93000 11.90800 51.88000
 3 10 20 23 58 9025.60000 4.82600000 296.00000 38.93000 11.90800 51.88000
 3 10 20 23 58 9026.40000 4.82600000 295.91000 38.93000 11.90800 51.88000
 3 10 20 23 59 9025.80000 4.82600000 295.91000 38.93000 11.90800 51.88000
 3 10 20 23 59 9029.20000 4.82600000 296.11000 38.93000 11.90800 51.88000
 3 10 20 23 59 9029.30000 4.82600000 296.06000 38.93000 11.90800 51.88000
 4 10 20 00 00 9028.90000 4.82600000 296.07000 38.94000 11.98900 52.02200
 4 10 20 00 00 9024.00000 4.82600000 295.91000 38.94000 11.98900 52.02200
 4 10 20 00 01 9021.90000 4.82600000 295.91000 39.00000 11.98900 52.02200
 4 10 20 00 01 9009.40000 4.82600000 295.44000 39.00000 11.98900 52.02200
 4 10 20 00 02 9014.10000 4.82600000 295.35000 39.00000 11.98900 52.02200
 4 10 20 00 02 9015.50000 4.82600000 295.35000 39.00000 11.98900 52.02200
 4 10 20 00 02 9016.80000 4.82600000 295.57000 39.00000 11.98900 52.02200
 4 10 20 00 03 9016.50000 4.82600000 295.53000 39.00000 11.98900 52.02200
 4 10 20 00 03 9014.50000 4.82600000 295.49000 39.00000 11.98900 52.02200
 4 10 20 00 04 9018.20000 4.82600000 295.49000 38.99000 11.98900 52.02200
 4 10 20 00 04 9019.40000 4.81600000 295.70000 38.99000 11.98900 52.02200
 4 10 20 00 05 9020.40000 4.81600000 295.70000 38.99000 11.98900 52.02200
 4 10 20 00 05 9023.70000 4.81600000 295.84000 38.99000 11.98900 52.02200
 4 10 20 00 05 9025.20000 4.81600000 295.84000 38.99000 11.98900 52.02200
 4 10 20 00 06 9024.90000 4.81600000 295.84000 38.99000 11.98900 52.02200
 4 10 20 00 06 9024.20000 4.81600000 295.97000 38.99000 11.98900 52.02200
 4 10 20 00 07 9022.50000 4.81600000 295.88000 38.99000 11.98900 52.02200
 4 10 20 00 07 9024.10000 4.81600000 295.88000 38.99000 11.98900 52.02200
 4 10 20 00 08 9024.10000 4.81600000 295.88000 38.99000 11.98900 52.02200
 4 10 20 00 08 9023.50000 4.81600000 295.88000 38.99000 11.98900 52.02200
 4 10 20 00 08 9023.90000 4.81600000 295.88000 38.99000 11.98900 52.02200
 4 10 20 00 09 9023.90000 4.81600000 295.88000 38.99000 11.98900 52.02200
 4 10 20 00 09 9023.90000 4.81600000 295.99000 38.99000 11.98900 52.02200
 4 10 20 00 10 9026.80000 4.81600000 295.99000 38.99000 11.98900 52.02200
