M=[
14 12 20 22 15 15809.90000 4.92600000 482.60000 67.06000 13.62000 56.28000
14 12 20 22 16 15810.00000 4.92600000 482.60000 67.06000 13.73100 56.28000
14 12 20 22 16 15809.90000 4.92600000 482.60000 67.06000 13.73100 56.28000
14 12 20 22 17 15810.00000 4.92600000 482.60000 67.06000 13.73100 56.28000
14 12 20 22 17 15810.00000 4.92600000 482.99000 67.06000 13.71700 56.28000
14 12 20 22 18 15811.70000 4.92600000 482.99000 67.07000 13.71700 56.26700
14 12 20 22 18 15820.00000 4.92600000 482.99000 67.11000 13.71700 56.26700
14 12 20 22 18 15822.00000 4.92600000 483.45000 67.14000 13.71700 56.26700
14 12 20 22 19 15821.90000 4.92600000 483.45000 67.15000 13.71700 56.26700
14 12 20 22 19 15822.00000 4.92600000 483.40000 67.15000 13.71700 56.26700
14 12 20 22 20 15821.90000 4.92600000 483.53000 67.26000 13.71700 56.26700
14 12 20 22 20 15822.00000 4.92600000 483.54000 67.26000 13.71700 56.26700
14 12 20 22 21 15825.00000 4.92600000 483.61000 67.26000 13.71700 56.26700
14 12 20 22 21 15830.00000 4.92600000 483.56000 67.26000 13.71700 56.26700
14 12 20 22 21 15830.00000 4.92600000 483.62000 67.26000 13.71700 56.26700
14 12 20 22 22 15834.90000 4.92600000 483.62000 67.26000 13.71700 56.26700
14 12 20 22 22 15834.80000 4.92600000 483.69000 67.26000 13.71700 56.26700
14 12 20 22 23 15840.00000 4.92600000 483.88000 67.33000 13.71700 56.26700
14 12 20 22 23 15837.50000 4.92600000 483.65000 67.33000 13.71700 56.26700
14 12 20 22 24 15835.40000 4.92600000 483.70000 67.33000 13.71700 56.26700
14 12 20 22 24 15835.60000 4.92600000 483.66000 67.33000 13.71700 56.26700
14 12 20 22 24 15835.60000 4.92600000 483.67000 67.33000 13.71700 56.26700
14 12 20 22 25 15837.30000 4.92600000 483.67000 67.40000 13.71700 56.26700
14 12 20 22 25 15839.90000 4.92600000 483.66000 67.40000 13.71700 56.26700
14 12 20 22 26 15840.00000 4.92600000 483.75000 67.40000 13.71700 56.26700
14 12 20 22 26 15839.90000 4.92600000 483.75000 67.40000 13.71700 56.26700
14 12 20 22 27 15840.00000 4.92600000 483.75000 67.40000 13.71700 56.26700
14 12 20 22 27 15841.40000 4.92600000 483.75000 67.40000 13.71700 56.26700
14 12 20 22 27 15846.00000 4.92600000 483.99000 67.40000 13.71600 56.26700
14 12 20 22 28 15845.70000 4.92600000 483.99000 67.55000 13.71600 56.26700
14 12 20 22 28 15849.00000 4.92600000 484.35000 67.55000 13.71600 56.26700
14 12 20 22 29 15849.40000 4.92600000 484.41000 67.55000 13.71600 56.26700
14 12 20 22 29 15850.00000 4.92600000 484.51000 67.56000 13.71600 56.26700
14 12 20 22 30 15850.00000 4.92600000 484.51000 67.61000 13.71600 56.26700
14 12 20 22 30 15850.00000 4.92600000 484.51000 67.61000 13.71600 56.38000
14 12 20 22 30 15849.00000 4.92600000 483.90000 67.61000 13.71600 56.38000
14 12 20 22 31 15849.00000 4.92600000 483.66000 67.45000 13.71600 56.38000
14 12 20 22 31 15846.00000 4.92600000 483.66000 67.40000 13.71600 56.38000
14 12 20 22 32 15849.00000 4.92600000 483.66000 67.58000 13.71600 56.38000
14 12 20 22 32 15849.80000 4.92600000 484.16000 67.58000 13.71600 56.38000
14 12 20 22 33 15849.80000 4.92600000 484.16000 67.58000 13.71600 56.38000
14 12 20 22 33 15848.80000 4.92600000 483.91000 67.58000 13.71600 56.38000
14 12 20 22 33 15848.80000 4.92600000 483.91000 67.58000 13.71600 56.38000
14 12 20 22 34 15843.00000 4.92600000 483.75000 67.58000 13.71600 56.38000
14 12 20 22 34 15841.00000 4.92600000 483.45000 67.56000 13.71600 56.38000
14 12 20 22 35 15841.00000 4.92600000 483.44000 67.56000 13.71600 56.38000
14 12 20 22 35 15840.60000 4.92600000 483.43000 67.56000 13.71600 56.38000
14 12 20 22 36 15840.60000 4.92600000 483.43000 67.56000 13.70300 56.38000
14 12 20 22 36 15841.10000 4.92600000 483.71000 67.49000 13.70300 56.38000
14 12 20 22 36 15844.00000 4.92600000 484.00000 67.49000 13.70300 56.38000
14 12 20 22 37 15845.60000 4.92600000 484.00000 67.49000 13.70300 56.38000
14 12 20 22 37 15845.60000 4.92600000 484.00000 67.53000 13.70300 56.38000
14 12 20 22 38 15845.60000 4.92600000 484.00000 67.53000 13.70300 56.38000
14 12 20 22 38 15844.60000 4.92600000 484.00000 67.53000 13.70300 56.38000
14 12 20 22 39 15844.30000 4.92600000 484.00000 67.53000 13.70300 56.38000
14 12 20 22 39 15844.40000 4.92600000 484.00000 67.53000 13.70400 56.38000
14 12 20 22 39 15844.40000 4.92600000 484.00000 67.53000 13.70400 56.38000
14 12 20 22 40 15845.00000 4.92600000 483.98000 67.52000 13.70400 56.38000
14 12 20 22 40 15845.00000 4.92600000 483.98000 67.52000 13.70400 56.38000
14 12 20 22 41 15845.00000 4.92600000 483.77000 67.55000 13.70400 56.38000
14 12 20 22 41 15845.00000 4.92600000 483.77000 67.58000 13.70400 56.38000
14 12 20 22 42 15844.90000 4.92600000 483.74000 67.58000 13.70400 56.38000
14 12 20 22 42 15848.30000 4.92600000 483.74000 67.58000 13.70400 56.38000
14 12 20 22 42 15848.30000 4.92600000 483.74000 67.58000 13.70400 56.38000
14 12 20 22 43 15849.60000 4.92600000 483.74000 67.58000 13.70400 56.38000
14 12 20 22 43 15848.90000 4.92600000 483.63000 67.58000 13.70400 56.38000
14 12 20 22 44 15848.60000 4.96100000 483.70000 67.58000 13.70400 56.38000
14 12 20 22 44 15849.90000 4.96100000 483.70000 67.56000 13.70400 56.38000
14 12 20 22 45 15849.80000 4.96100000 483.70000 67.56000 13.70400 56.38000
14 12 20 22 45 15849.80000 4.96100000 483.79000 67.58000 13.70400 56.38000
14 12 20 22 45 15849.80000 4.96100000 483.90000 67.58000 13.70400 56.38000
14 12 20 22 46 15847.70000 4.96100000 483.89000 67.58000 13.70400 56.38000
14 12 20 22 46 15846.20000 4.96100000 483.89000 67.58000 13.70400 56.38000
14 12 20 22 47 15845.00000 4.96100000 483.89000 67.58000 13.70400 56.38000
14 12 20 22 47 15842.50000 4.96100000 484.00000 67.58000 13.70400 56.38000
14 12 20 22 48 15839.90000 4.96100000 484.00000 67.58000 13.70400 56.38000
14 12 20 22 48 15839.50000 4.96100000 483.93000 67.58000 13.70400 56.38000
14 12 20 22 48 15835.20000 4.96100000 483.93000 67.60000 13.70400 56.38000
14 12 20 22 49 15835.20000 4.96100000 483.93000 67.60000 13.70400 56.38000
14 12 20 22 49 15831.00000 4.96100000 483.93000 67.58000 13.70400 56.38000
14 12 20 22 50 15833.30000 4.96100000 483.83000 67.50000 13.71500 56.38000
14 12 20 22 50 15836.80000 4.96100000 483.83000 67.50000 13.87700 56.38000
14 12 20 22 51 15842.50000 4.96100000 483.82000 67.38000 13.87700 56.38000
14 12 20 22 51 15845.10000 4.96100000 483.90000 67.38000 13.87700 56.38000
14 12 20 22 51 15845.10000 4.96100000 483.90000 67.38000 13.86900 56.38000
14 12 20 22 52 15845.10000 4.96100000 483.90000 67.38000 13.87300 56.38000
14 12 20 22 52 15847.40000 4.96500000 483.90000 67.38000 13.87300 56.38000
14 12 20 22 53 15847.80000 4.96500000 483.90000 67.38000 13.87300 56.38000
14 12 20 22 53 15847.80000 4.96500000 483.90000 67.33000 13.87300 56.38000
14 12 20 22 54 15847.80000 4.96600000 483.90000 67.33000 13.87300 56.38000
14 12 20 22 54 15848.00000 4.96600000 483.90000 67.33000 13.87300 56.38000
14 12 20 22 54 15849.90000 4.96600000 483.90000 67.33000 13.87300 56.38000
14 12 20 22 55 15849.90000 4.96600000 483.90000 67.33000 13.87300 56.38000
14 12 20 22 55 15849.90000 4.96600000 483.90000 67.33000 13.87300 56.38000
14 12 20 22 56 15849.90000 4.96600000 484.05000 67.33000 13.87300 56.38000
14 12 20 22 56 15850.00000 4.96600000 484.05000 67.33000 13.87300 56.38000
14 12 20 22 57 15850.00000 4.96600000 483.97000 67.33000 13.87300 56.38000
14 12 20 22 57 15850.00000 4.96600000 483.91000 67.33000 13.87300 56.38000
14 12 20 22 57 15850.00000 4.96600000 483.91000 67.33000 13.87300 56.38000
14 12 20 22 58 15856.00000 4.96600000 483.91000 67.33000 13.89900 56.38000
14 12 20 22 58 15877.00000 4.96600000 483.91000 67.47000 13.89900 56.38000
14 12 20 22 59 15876.60000 4.96600000 484.15000 67.47000 13.89900 56.38000
14 12 20 22 59 15876.50000 4.96600000 484.15000 67.52000 13.89900 56.38000
14 12 20 23 00 15879.10000 4.96600000 484.15000 67.52000 13.89900 56.38000
14 12 20 23 00 15879.10000 4.96600000 484.15000 67.61000 13.89900 56.38000
14 12 20 23 00 15879.00000 4.96600000 484.50000 67.62000 13.83700 56.38000
