M=[
17 9 20 15 56 9199.20000 5.20600000 322.25000 40.99000 14.15600 49.20400
17 9 20 15 57 9197.50000 5.20600000 322.24000 40.99000 14.15600 49.20400
17 9 20 15 57 9194.00000 5.20600000 322.24000 40.99000 14.15600 49.20400
17 9 20 15 58 9191.80000 5.20600000 321.98000 41.06000 14.15600 49.20400
17 9 20 15 58 9193.20000 5.20600000 321.98000 41.06000 14.15600 49.20400
17 9 20 15 58 9191.60000 5.20600000 321.98000 41.06000 14.15600 49.20400
17 9 20 15 59 9192.10000 5.20600000 321.98000 40.99000 14.15600 49.20400
17 9 20 15 59 9193.00000 5.20600000 322.13000 41.06000 14.15600 49.20400
17 9 20 16 00 9193.10000 5.20600000 322.13000 41.06000 14.15600 49.20400
17 9 20 16 00 9193.40000 5.20600000 322.40000 41.06000 14.15600 49.20400
17 9 20 16 01 9193.30000 5.20600000 322.40000 41.06000 14.15600 49.20400
17 9 20 16 01 9193.40000 5.20600000 322.39000 41.06000 14.15600 49.20400
17 9 20 16 02 9193.40000 5.20600000 322.33000 41.06000 14.15300 49.20400
17 9 20 16 02 9191.30000 5.20600000 322.33000 41.06000 14.15300 49.20400
17 9 20 16 02 9190.30000 5.20600000 322.41000 41.06000 14.15300 49.38000
17 9 20 16 03 9190.40000 5.20600000 322.34000 41.06000 14.15300 49.38000
17 9 20 16 03 9189.30000 5.20600000 322.03000 41.06000 14.15300 49.38000
17 9 20 16 04 9185.30000 5.20600000 322.08000 41.05000 14.15300 49.38000
17 9 20 16 04 9186.90000 5.20600000 322.08000 41.05000 14.15300 49.38000
17 9 20 16 05 9185.70000 5.20600000 322.00000 41.05000 14.15300 49.38000
17 9 20 16 05 9188.50000 5.20600000 322.21000 41.05000 14.15300 49.38000
17 9 20 16 05 9193.60000 5.20600000 322.44000 41.05000 14.15300 49.38000
17 9 20 16 06 9194.00000 5.20600000 322.44000 41.05000 14.15300 49.38000
17 9 20 16 06 9195.40000 5.20600000 322.41000 41.05000 13.98200 49.38000
17 9 20 16 07 9195.30000 5.20600000 322.95000 41.05000 13.98200 49.38000
17 9 20 16 07 9198.90000 5.20600000 322.99000 41.05000 13.98200 49.38000
17 9 20 16 08 9195.50000 5.20600000 322.81000 41.05000 13.98200 49.38000
17 9 20 16 08 9192.70000 5.20600000 322.76000 41.05000 13.98200 49.38000
17 9 20 16 08 9196.50000 5.20600000 322.72000 41.05000 13.98200 49.38000
17 9 20 16 09 9197.00000 5.20600000 322.52000 41.08000 13.98200 49.40000
17 9 20 16 09 9196.30000 5.20600000 322.57000 41.08000 13.98200 49.40000
17 9 20 16 10 9196.80000 5.20600000 322.56000 41.08000 13.98200 49.40000
17 9 20 16 10 9199.50000 5.20600000 322.56000 41.08000 13.99500 49.40000
17 9 20 16 11 9200.20000 5.20600000 322.56000 41.08000 13.99500 49.40000
17 9 20 16 11 9195.50000 5.20600000 322.56000 41.08000 13.99500 49.40000
17 9 20 16 11 9195.20000 5.20600000 322.36000 41.08000 13.99500 49.40000
17 9 20 16 12 9193.30000 5.20600000 322.29000 41.08000 13.99500 49.40000
17 9 20 16 12 9185.90000 5.20600000 322.37000 41.08000 13.99500 49.40000
17 9 20 16 13 9191.50000 5.20600000 322.40000 41.05000 13.99500 49.40000
17 9 20 16 13 9191.60000 5.20600000 322.40000 41.05000 13.98200 49.40000
17 9 20 16 14 9188.20000 5.20600000 322.29000 41.05000 13.91600 49.40000
17 9 20 16 14 9185.70000 5.20600000 322.29000 41.04000 13.91600 49.40000
17 9 20 16 14 9183.90000 5.20600000 322.01000 41.04000 13.91600 49.40000
17 9 20 16 15 9185.70000 5.20600000 322.01000 41.04000 13.91600 49.40000
17 9 20 16 15 9179.90000 5.20600000 322.01000 41.04000 13.91600 49.40000
17 9 20 16 16 9179.20000 5.20600000 321.93000 41.04000 13.91600 49.40000
17 9 20 16 16 9181.50000 5.19900000 321.92000 41.04000 13.91600 49.22900
17 9 20 16 17 9177.30000 5.19900000 321.85000 40.96000 13.91600 49.22900
17 9 20 16 17 9175.90000 5.19900000 321.74000 40.96000 13.91600 49.22900
17 9 20 16 17 9171.60000 5.19900000 321.52000 40.96000 13.91600 49.22900
17 9 20 16 18 9170.50000 5.19900000 321.62000 40.96000 13.91600 49.22900
17 9 20 16 18 9171.30000 5.19900000 321.64000 40.98000 13.91600 49.22900
17 9 20 16 19 9172.10000 5.19900000 321.67000 40.98000 13.91600 49.22900
17 9 20 16 19 9172.70000 5.20600000 321.58000 40.98000 13.91600 49.22900
17 9 20 16 20 9170.60000 5.20600000 321.60000 40.98000 13.91600 49.22900
17 9 20 16 20 9166.90000 5.20600000 321.51000 40.98000 13.91600 49.22900
17 9 20 16 21 9161.50000 5.20600000 321.50000 40.94000 13.91600 49.22900
17 9 20 16 21 9167.70000 5.20600000 321.53000 40.94000 13.91600 49.22900
17 9 20 16 21 9166.30000 5.20600000 321.49000 40.94000 13.91600 49.22900
17 9 20 16 22 9167.60000 5.20600000 321.38000 40.91000 13.91600 49.22900
17 9 20 16 22 9170.00000 5.20600000 321.37000 40.91000 13.91600 49.22900
17 9 20 16 23 9167.10000 5.20600000 321.33000 40.91000 13.91600 49.22900
17 9 20 16 23 9167.00000 5.20600000 321.16000 40.91000 13.91600 49.22900
17 9 20 16 24 9169.10000 5.20600000 321.10000 40.91000 13.91600 49.22900
17 9 20 16 24 9166.90000 5.20600000 321.11000 40.91000 13.91600 49.22900
17 9 20 16 24 9174.00000 5.20600000 321.11000 40.91000 13.91600 49.22900
17 9 20 16 25 9172.00000 5.20600000 321.56000 40.91000 13.91600 49.22900
17 9 20 16 25 9171.00000 5.20600000 321.56000 40.91000 13.91600 49.22900
17 9 20 16 26 9168.10000 5.20600000 321.21000 40.91000 13.91600 49.22900
17 9 20 16 26 9170.20000 5.20600000 321.21000 40.91000 13.91600 49.22900
17 9 20 16 27 9173.50000 5.20600000 321.21000 40.89000 13.91600 49.22900
17 9 20 16 27 9170.40000 5.20600000 321.15000 40.89000 13.91600 49.22900
17 9 20 16 27 9173.80000 5.20600000 321.50000 40.89000 13.91600 49.22900
17 9 20 16 28 9172.00000 5.20600000 321.42000 40.89000 13.91600 49.22900
17 9 20 16 28 9172.00000 5.20600000 321.42000 40.92000 13.91600 49.22900
17 9 20 16 29 9173.30000 5.20600000 321.42000 40.92000 13.91600 49.22900
17 9 20 16 29 9177.90000 5.20600000 321.42000 40.93000 13.91600 49.22900
17 9 20 16 30 9183.10000 5.20600000 321.42000 40.93000 13.91600 49.22900
17 9 20 16 30 9183.80000 5.20600000 321.70000 40.93000 13.91600 49.22900
17 9 20 16 30 9182.20000 5.20600000 321.41000 40.93000 13.91600 49.22900
17 9 20 16 31 9185.10000 5.20600000 321.44000 40.93000 13.91600 49.22900
17 9 20 16 31 9186.70000 5.20600000 321.44000 40.93000 13.91600 49.22900
17 9 20 16 32 9185.60000 5.20600000 321.70000 40.93000 13.91600 49.22900
17 9 20 16 32 9185.30000 5.20600000 321.70000 40.93000 13.91600 49.22900
17 9 20 16 33 9187.10000 5.20600000 321.69000 40.93000 13.91600 49.22900
17 9 20 16 33 9187.70000 5.20600000 321.69000 40.93000 13.91600 49.22900
17 9 20 16 33 9187.70000 5.20600000 321.69000 40.93000 13.91600 49.43300
17 9 20 16 34 9181.90000 5.20600000 321.71000 40.93000 13.91600 49.43300
17 9 20 16 34 9176.40000 5.20600000 321.78000 40.93000 13.91600 49.43300
17 9 20 16 35 9177.90000 5.20600000 321.52000 40.93000 13.91600 49.43300
17 9 20 16 35 9176.10000 5.20600000 321.43000 40.93000 13.91600 49.43300
17 9 20 16 36 9176.10000 5.20600000 321.50000 40.93000 13.91600 49.43300
17 9 20 16 36 9179.90000 5.20600000 321.50000 40.93000 13.91600 49.43300
17 9 20 16 37 9177.30000 5.20600000 321.20000 40.93000 13.91600 49.43300
17 9 20 16 37 9180.70000 5.20600000 321.24000 40.93000 13.91600 49.43300
17 9 20 16 37 9180.50000 5.20600000 321.32000 40.93000 13.91600 49.43300
17 9 20 16 38 9180.40000 5.20600000 321.32000 40.96000 13.91600 49.43300
17 9 20 16 38 9178.80000 5.20600000 321.32000 40.96000 13.91600 49.43300
17 9 20 16 39 9178.70000 5.20600000 321.48000 40.96000 13.91600 49.43300
17 9 20 16 39 9178.80000 5.20600000 321.44000 40.96000 13.91600 49.43300
17 9 20 16 40 9179.10000 5.20600000 321.44000 40.96000 13.92700 49.43300
17 9 20 16 40 9178.30000 5.20600000 321.42000 40.96000 13.92700 49.43300
17 9 20 16 40 9180.00000 5.20600000 321.49000 40.96000 13.92700 49.43300
17 9 20 16 41 9182.80000 5.20600000 321.73000 40.96000 13.92700 49.43300
17 9 20 16 41 9179.70000 5.20600000 321.73000 40.96000 13.92700 49.43300
17 9 20 16 42 9186.90000 5.20600000 321.66000 40.96000 13.92700 49.43300
17 9 20 16 42 9185.00000 5.20600000 321.66000 40.96000 13.92700 49.43300
17 9 20 16 43 9183.40000 5.20600000 321.66000 40.96000 13.92700 49.43300
17 9 20 16 43 9180.70000 5.20600000 321.78000 40.96000 13.92700 49.43300
