M=[
29 12 20 04 45 21713.70000 4.64100000 575.52000 103.44000 14.01900 53.67000
29 12 20 04 45 21685.60000 4.64100000 574.96000 103.31000 14.01900 53.67000
29 12 20 04 46 21687.10000 4.64100000 575.16000 103.34000 14.01900 53.67000
29 12 20 04 46 21680.00000 4.64100000 574.39000 103.34000 14.01900 53.67000
29 12 20 04 47 21673.30000 4.64100000 574.02000 103.30000 13.91100 53.67000
29 12 20 04 47 21667.30000 4.64100000 573.24000 103.30000 13.91100 53.60200
29 12 20 04 48 21667.30000 4.64100000 574.10000 103.20000 13.91100 53.60200
29 12 20 04 48 21667.20000 4.64100000 574.10000 103.13000 13.91100 53.60000
29 12 20 04 48 21654.20000 4.64100000 573.82000 103.12000 13.91100 53.60000
29 12 20 04 49 21645.70000 4.64100000 573.82000 103.06000 13.91100 53.60000
29 12 20 04 49 21638.10000 4.64100000 572.80000 102.97000 14.04700 53.60000
29 12 20 04 50 21634.30000 4.64100000 573.30000 102.83000 14.04700 53.60000
29 12 20 04 50 21602.70000 4.64100000 572.49000 102.83000 14.04700 53.60000
29 12 20 04 51 21587.50000 4.64100000 571.69000 102.60000 14.04700 53.60000
29 12 20 04 51 21573.50000 4.64100000 571.24000 102.60000 14.04700 53.60000
29 12 20 04 52 21573.50000 4.64100000 571.24000 102.62000 14.04700 53.60000
29 12 20 04 52 21573.50000 4.64100000 572.71000 102.62000 14.04700 53.60000
29 12 20 04 52 21574.70000 4.64100000 571.70000 102.50000 14.04700 53.60000
29 12 20 04 53 21582.80000 4.64100000 571.70000 102.50000 14.04700 53.60000
29 12 20 04 53 21582.90000 4.64100000 571.91000 102.50000 14.04700 53.60000
29 12 20 04 54 21573.40000 4.64100000 571.09000 102.30000 14.04700 53.60000
29 12 20 04 54 21576.20000 4.64100000 570.98000 102.23000 14.04700 53.60000
29 12 20 04 54 21586.00000 4.64100000 572.26000 102.23000 14.04700 53.60000
29 12 20 04 55 21586.00000 4.64100000 572.66000 102.23000 14.04700 53.60000
29 12 20 04 55 21558.80000 4.64100000 570.97000 102.22000 14.04700 53.60000
29 12 20 04 56 21543.60000 4.64100000 570.42000 102.07000 14.04700 53.60000
29 12 20 04 56 21553.40000 4.64100000 571.23000 102.50000 14.04700 53.60000
29 12 20 04 57 21553.20000 4.64100000 571.23000 102.78000 14.04700 53.60000
29 12 20 04 57 21567.90000 4.64100000 572.31000 102.78000 14.04700 53.60000
29 12 20 04 57 21581.60000 4.64100000 572.31000 102.95000 14.04700 53.60000
29 12 20 04 58 21579.10000 4.64100000 573.16000 103.23000 14.04700 53.60000
29 12 20 04 58 21589.90000 4.64100000 572.76000 103.24000 14.04700 53.60000
29 12 20 04 59 21603.00000 4.64100000 573.38000 103.24000 14.04700 53.60000
29 12 20 04 59 21635.20000 4.64100000 574.52000 103.33000 14.04700 53.42000
29 12 20 05 00 21643.70000 4.61400000 575.77000 103.56000 14.04700 53.53000
29 12 20 05 00 21645.60000 4.61400000 576.58000 103.56000 14.04700 53.62300
29 12 20 05 00 21636.40000 4.61400000 576.01000 103.56000 14.04700 53.62300
29 12 20 05 01 21613.50000 4.61400000 575.39000 103.47000 14.04700 53.62300
29 12 20 05 01 21601.90000 4.61400000 574.43000 103.20000 14.04700 53.62300
29 12 20 05 02 21598.00000 4.59900000 574.43000 103.26000 13.89700 53.39600
29 12 20 05 02 21597.90000 4.60100000 573.89000 103.11000 13.79400 53.34500
29 12 20 05 03 21599.30000 4.60100000 574.59000 103.30000 13.79400 53.34500
29 12 20 05 03 21600.50000 4.60100000 574.46000 103.11000 13.79400 53.34500
29 12 20 05 03 21606.40000 4.60100000 574.56000 103.10000 13.79400 53.34500
29 12 20 05 04 21586.90000 4.60100000 574.55000 103.06000 13.79400 53.34500
29 12 20 05 04 21553.30000 4.60100000 574.03000 102.78000 13.79400 53.31200
29 12 20 05 05 21562.90000 4.60100000 573.62000 102.91000 13.79400 53.29000
29 12 20 05 05 21519.20000 4.60100000 572.94000 102.70000 13.79400 53.28900
29 12 20 05 06 21489.90000 4.60100000 572.48000 102.35000 13.79400 53.28900
29 12 20 05 06 21489.90000 4.60100000 572.82000 102.35000 13.79400 53.28900
29 12 20 05 06 21512.80000 4.60100000 573.28000 102.85000 13.79400 53.28900
29 12 20 05 07 21516.90000 4.60100000 573.21000 102.78000 13.79400 53.28900
29 12 20 05 07 21498.30000 4.60100000 572.66000 102.71000 13.79400 53.28900
29 12 20 05 08 21502.90000 4.60100000 572.69000 102.79000 13.79400 53.28900
29 12 20 05 08 21490.40000 4.60100000 572.69000 102.79000 13.79400 53.28900
29 12 20 05 09 21481.70000 4.60100000 572.69000 102.54000 13.79400 53.28900
29 12 20 05 09 21481.70000 4.60100000 572.12000 102.46000 14.03500 53.28900
29 12 20 05 09 21478.50000 4.58800000 572.11000 102.58000 14.10800 53.28900
29 12 20 05 10 21456.10000 4.58800000 571.55000 102.34000 14.10800 53.28900
29 12 20 05 10 21459.60000 4.58800000 571.35000 102.15000 14.10800 53.17200
29 12 20 05 11 21417.20000 4.58800000 568.47000 101.96000 14.10800 52.99700
29 12 20 05 11 21412.00000 4.57600000 569.32000 101.95000 14.10800 52.99700
29 12 20 05 12 21432.70000 4.57600000 569.37000 102.05000 14.10800 52.99700
29 12 20 05 12 21412.20000 4.57600000 567.93000 102.05000 14.10800 53.00000
29 12 20 05 12 21388.90000 4.57600000 567.52000 101.90000 14.10800 52.65000
29 12 20 05 13 21380.20000 4.57600000 567.40000 101.95000 14.10800 52.59200
29 12 20 05 13 21377.70000 4.57600000 566.98000 101.92000 14.10800 52.38300
29 12 20 05 14 21385.50000 4.56000000 566.28000 101.85000 14.10800 52.38400
29 12 20 05 14 21384.80000 4.56700000 567.26000 101.89000 14.10800 52.38400
29 12 20 05 15 21400.50000 4.56700000 568.54000 101.96000 14.10800 52.38400
29 12 20 05 15 21429.90000 4.56700000 569.80000 102.45000 14.10800 52.38400
29 12 20 05 15 21445.80000 4.56700000 570.33000 102.44000 14.10800 52.38400
29 12 20 05 16 21460.00000 4.56700000 570.03000 102.39000 14.10800 52.38400
29 12 20 05 16 21466.70000 4.56700000 570.42000 102.29000 14.10800 52.38400
29 12 20 05 17 21444.10000 4.56700000 569.83000 102.29000 14.10800 52.65100
29 12 20 05 17 21421.40000 4.59000000 569.10000 102.28000 14.10800 52.65100
29 12 20 05 18 21415.00000 4.58700000 569.01000 102.12000 14.10800 52.65100
29 12 20 05 18 21380.00000 4.58500000 567.65000 102.08000 14.10800 52.65100
29 12 20 05 18 21366.10000 4.58100000 566.80000 101.64000 14.10800 52.38300
29 12 20 05 19 21344.10000 4.56900000 566.91000 101.63000 14.10800 52.30000
29 12 20 05 19 21357.60000 4.56900000 566.61000 101.92000 14.10800 52.30000
29 12 20 05 20 21399.80000 4.56900000 569.89000 102.20000 14.10800 52.30000
29 12 20 05 20 21429.90000 4.56900000 571.01000 102.54000 14.10800 52.59000
29 12 20 05 21 21414.80000 4.56900000 570.46000 102.61000 14.10800 52.66000
29 12 20 05 21 21383.80000 4.56900000 568.89000 102.50000 14.10800 52.61800
29 12 20 05 21 21385.10000 4.56900000 568.18000 102.05000 14.10800 52.61800
29 12 20 05 22 21365.00000 4.56900000 567.50000 101.94000 13.88300 52.61800
29 12 20 05 22 21313.20000 4.56900000 566.80000 101.67000 13.88300 52.36600
29 12 20 05 23 21300.00000 4.56900000 566.60000 101.45000 13.88300 52.36600
29 12 20 05 23 21301.90000 4.56900000 567.17000 101.63000 13.86900 52.28300
29 12 20 05 24 21320.50000 4.56900000 568.25000 101.63000 13.86900 52.28300
29 12 20 05 24 21325.00000 4.56900000 568.92000 102.07000 13.86900 52.28300
29 12 20 05 24 21271.70000 4.56900000 566.42000 101.62000 13.86900 52.37300
29 12 20 05 25 21291.80000 4.56900000 566.36000 101.68000 13.86900 52.37300
29 12 20 05 25 21270.10000 4.52600000 565.86000 101.50000 13.86900 52.37300
29 12 20 05 26 21233.00000 4.52600000 565.41000 101.03000 13.86900 52.23900
29 12 20 05 26 21226.70000 4.52600000 565.16000 100.79000 13.86900 52.23900
29 12 20 05 27 21218.30000 4.52600000 565.03000 100.50000 13.86900 52.11000
29 12 20 05 27 21201.60000 4.52400000 565.32000 100.36000 13.86900 52.21800
29 12 20 05 27 21248.90000 4.52400000 567.09000 101.04000 13.86900 52.37500
29 12 20 05 28 21279.90000 4.52400000 567.68000 101.46000 13.85500 52.37500
29 12 20 05 28 21325.30000 4.52400000 568.62000 101.82000 13.85500 52.37500
29 12 20 05 29 21388.50000 4.52400000 572.00000 102.07000 13.85500 52.37500
29 12 20 05 29 21420.00000 4.52400000 570.56000 102.24000 13.85500 52.69000
29 12 20 05 30 21413.70000 4.52400000 570.92000 102.24000 13.84100 52.74200
