M=[
30 6 20 03 09 8160.10000 5.18300000 202.46000 37.18000 15.33100 46.68900
30 6 20 03 10 8158.90000 5.18300000 202.35000 37.18000 15.33200 46.68900
30 6 20 03 10 8158.90000 5.18300000 202.35000 37.18000 15.33200 46.68900
30 6 20 03 11 8157.90000 5.18300000 202.25000 37.18000 15.33100 46.68900
30 6 20 03 11 8156.80000 5.18300000 202.25000 37.13000 15.33100 46.68900
30 6 20 03 12 8157.90000 5.18300000 202.26000 37.13000 15.33100 46.68900
30 6 20 03 12 8155.70000 5.18300000 202.26000 37.13000 15.33100 46.68900
30 6 20 03 12 8156.00000 5.18300000 202.08000 37.13000 15.33100 46.68900
30 6 20 03 13 8156.10000 5.18300000 202.08000 37.13000 15.33100 46.68900
30 6 20 03 13 8156.10000 5.18300000 202.18000 37.14000 15.33100 46.68900
30 6 20 03 14 8156.10000 5.18300000 202.10000 37.14000 15.33100 46.68900
30 6 20 03 14 8155.30000 5.17800000 202.10000 37.13000 15.33100 46.68900
30 6 20 03 15 8155.20000 5.17800000 202.07000 37.13000 15.33100 46.68900
30 6 20 03 15 8155.30000 5.17800000 202.07000 37.13000 15.33200 46.68900
30 6 20 03 16 8153.30000 5.17800000 202.07000 37.13000 15.33100 46.68900
30 6 20 03 16 8152.30000 5.18300000 202.07000 37.13000 15.33100 46.68900
30 6 20 03 17 8151.10000 5.17800000 202.07000 37.13000 15.33100 46.68900
30 6 20 03 17 8150.90000 5.17800000 202.07000 37.13000 15.33100 46.68900
30 6 20 03 18 8152.10000 5.17800000 202.07000 37.14000 15.33100 46.68900
30 6 20 03 18 8152.20000 5.17800000 202.07000 37.13000 15.33100 46.68900
30 6 20 03 18 8152.20000 5.17800000 202.07000 37.13000 15.33100 46.81300
30 6 20 03 19 8152.10000 5.17800000 202.07000 37.13000 15.33100 46.68900
30 6 20 03 19 8152.10000 5.17800000 202.07000 37.13000 15.33100 46.68900
30 6 20 03 20 8152.20000 5.18300000 202.07000 37.13000 15.33100 46.68900
30 6 20 03 20 8152.00000 5.17800000 202.07000 37.13000 15.33100 46.68900
30 6 20 03 21 8152.10000 5.17800000 202.06000 37.14000 15.33200 46.68900
30 6 20 03 21 8152.00000 5.17800000 202.06000 37.13000 15.33100 46.68900
30 6 20 03 22 8152.10000 5.17800000 202.06000 37.13000 15.33100 46.68900
30 6 20 03 22 8152.10000 5.17800000 202.06000 37.13000 15.33100 46.68900
30 6 20 03 23 8152.10000 5.17800000 202.06000 37.13000 15.33100 46.68900
30 6 20 03 23 8152.10000 5.17800000 202.06000 37.13000 15.33100 46.68900
30 6 20 03 23 8152.10000 5.17800000 202.06000 37.13000 15.33100 46.68900
30 6 20 03 24 8152.10000 5.17800000 202.03000 37.13000 15.33100 46.68900
30 6 20 03 24 8155.30000 5.17800000 202.03000 37.13000 15.33100 46.68900
30 6 20 03 25 8153.50000 5.17800000 202.03000 37.13000 15.33100 46.68900
30 6 20 03 25 8153.50000 5.17800000 202.03000 37.13000 15.33100 46.68900
30 6 20 03 26 8152.10000 5.17800000 202.02000 37.13000 15.33100 46.68900
30 6 20 03 26 8152.10000 5.17800000 202.02000 37.13000 15.33100 46.55600
30 6 20 03 27 8152.10000 5.17800000 202.01000 37.13000 15.33100 46.55600
30 6 20 03 27 8153.40000 5.17800000 202.01000 37.13000 15.33100 46.55600
30 6 20 03 28 8153.40000 5.17800000 202.03000 37.13000 15.33100 46.55600
30 6 20 03 28 8147.60000 5.17800000 202.03000 37.13000 15.33100 46.55600
30 6 20 03 29 8144.30000 5.17800000 202.03000 37.02000 15.33100 46.55600
30 6 20 03 29 8149.70000 5.17800000 202.03000 37.02000 15.33100 46.55600
30 6 20 03 29 8148.40000 5.17800000 202.03000 37.02000 15.33100 46.55600
30 6 20 03 30 8150.10000 5.18300000 202.03000 37.02000 15.33100 46.55600
30 6 20 03 30 8150.90000 5.17800000 202.03000 37.02000 15.33100 46.55600
30 6 20 03 31 8150.90000 5.17800000 202.04000 37.02000 15.33100 46.55600
30 6 20 03 31 8150.90000 5.17800000 202.10000 37.02000 15.33200 46.55600
30 6 20 03 32 8150.80000 5.17800000 202.10000 37.02000 15.33100 46.55600
30 6 20 03 32 8150.80000 5.17800000 202.10000 37.02000 15.33100 46.55600
30 6 20 03 33 8150.80000 5.17800000 202.10000 37.02000 15.33100 46.55600
30 6 20 03 33 8151.30000 5.17800000 202.10000 37.02000 15.33100 46.55600
30 6 20 03 34 8152.70000 5.17800000 202.10000 37.02000 15.33100 46.55600
30 6 20 03 34 8151.30000 5.17800000 202.10000 37.02000 15.33100 46.55600
30 6 20 03 35 8152.70000 5.17800000 202.10000 37.02000 15.33100 46.55600
30 6 20 03 35 8152.70000 5.18300000 202.09000 37.02000 15.33100 46.55600
30 6 20 03 35 8152.70000 5.17800000 202.10000 37.02000 15.33100 46.55600
30 6 20 03 36 8152.70000 5.17800000 202.10000 37.02000 15.33100 46.55600
30 6 20 03 36 8153.40000 5.17800000 202.10000 37.02000 15.33100 46.55600
30 6 20 03 37 8152.70000 5.17800000 202.10000 37.02000 15.33100 46.55600
30 6 20 03 37 8152.70000 5.17800000 202.09000 37.02000 15.36900 46.55600
30 6 20 03 38 8152.70000 5.17800000 202.28000 37.02000 15.36900 46.55600
30 6 20 03 38 8152.70000 5.17800000 202.23000 37.02000 15.36900 46.55600
30 6 20 03 39 8152.70000 5.17800000 202.29000 37.02000 15.36900 46.55600
30 6 20 03 39 8152.70000 5.17800000 202.30000 37.02000 15.36900 46.55600
30 6 20 03 39 8152.70000 5.17800000 202.30000 37.02000 15.36900 46.55600
30 6 20 03 40 8158.00000 5.17800000 202.44000 37.02000 15.36900 46.55600
30 6 20 03 40 8160.20000 5.17800000 202.44000 37.02000 15.36900 46.55600
30 6 20 03 41 8160.20000 5.17800000 202.45000 37.02000 15.36900 46.55600
30 6 20 03 41 8160.20000 5.17800000 202.45000 37.02000 15.36900 46.55600
30 6 20 03 42 8155.30000 5.17800000 202.45000 37.02000 15.36900 46.55600
30 6 20 03 42 8158.40000 5.17800000 202.45000 37.02000 15.36900 46.55600
30 6 20 03 43 8158.10000 5.17800000 202.32000 37.02000 15.36900 46.55600
30 6 20 03 43 8158.00000 5.17800000 202.32000 37.02000 15.36900 46.55600
30 6 20 03 44 8155.50000 5.17800000 202.32000 37.02000 15.36900 46.55600
30 6 20 03 44 8157.40000 5.17800000 202.32000 37.12000 15.36900 46.55600
30 6 20 03 45 8157.40000 5.17800000 202.32000 37.12000 15.36900 46.55600
30 6 20 03 45 8153.40000 5.17800000 202.32000 37.12000 15.36900 46.55600
30 6 20 03 46 8155.00000 5.17800000 202.31000 37.12000 15.36900 46.55600
30 6 20 03 46 8158.90000 5.17800000 202.31000 37.12000 15.36900 46.55600
30 6 20 03 46 8158.90000 5.17800000 202.31000 37.12000 15.36900 46.55600
30 6 20 03 47 8158.80000 5.18300000 202.10000 37.12000 15.36900 46.55600
30 6 20 03 47 8158.40000 5.18300000 202.10000 37.12000 15.36900 46.55600
30 6 20 03 48 8156.40000 5.17800000 202.06000 37.12000 15.36900 46.55600
30 6 20 03 48 8156.20000 5.17800000 202.06000 37.12000 15.36900 46.55600
30 6 20 03 49 8156.30000 5.17800000 202.06000 37.12000 15.36900 46.55600
30 6 20 03 49 8156.30000 5.17800000 202.06000 37.12000 15.36900 46.55600
30 6 20 03 50 8154.90000 5.17800000 202.06000 37.12000 15.36900 46.55600
30 6 20 03 50 8156.60000 5.17800000 202.06000 37.12000 15.36900 46.55600
30 6 20 03 51 8154.70000 5.17800000 202.14000 37.02000 15.36900 46.55600
30 6 20 03 51 8153.80000 5.17800000 202.14000 37.12000 15.36900 46.55600
30 6 20 03 52 8155.30000 5.17800000 202.01000 37.12000 15.36900 46.55600
30 6 20 03 52 8152.70000 5.18300000 202.01000 37.12000 15.36900 46.55600
30 6 20 03 52 8153.50000 5.17800000 202.01000 37.12000 15.36900 46.55600
30 6 20 03 53 8153.60000 5.17800000 202.01000 37.12000 15.36900 46.55600
30 6 20 03 53 8156.10000 5.17800000 202.03000 37.02000 15.36900 46.55600
30 6 20 03 54 8153.50000 5.17800000 202.03000 37.12000 15.36900 46.55600
30 6 20 03 54 8152.30000 5.17800000 202.04000 37.12000 15.36900 46.55600
30 6 20 03 55 8152.30000 5.17800000 202.04000 37.12000 15.36900 46.55600
30 6 20 03 55 8152.90000 5.17800000 202.04000 37.12000 15.36900 46.55600
30 6 20 03 56 8153.60000 5.17800000 202.04000 37.12000 15.36900 46.55600
30 6 20 03 56 8153.10000 5.17800000 202.04000 37.12000 15.36900 46.55600
30 6 20 03 57 8153.50000 5.17800000 202.04000 37.12000 15.36900 46.55600
30 6 20 03 57 8152.20000 5.17800000 202.04000 37.12000 15.36900 46.55600
30 6 20 03 57 8152.70000 5.17800000 202.04000 37.12000 15.36900 46.55600
30 6 20 03 58 8152.50000 5.17800000 202.06000 37.12000 15.36900 46.55600
30 6 20 03 58 8152.50000 5.18300000 202.06000 37.12000 15.36900 46.55600
30 6 20 03 59 8152.00000 5.17800000 202.06000 37.12000 15.36900 46.55600
