M=[
19 4 21 09 14 47411.80000 29.77800000 1867.81000 223.55000 38.17600 206.07400
19 4 21 09 14 47393.00000 29.77800000 1865.74000 222.86000 38.17600 206.07400
19 4 21 09 15 47377.30000 29.88500000 1865.74000 222.76000 38.17600 206.07400
19 4 21 09 15 47333.00000 29.88500000 1862.99000 223.12000 38.17600 206.07400
19 4 21 09 16 47333.10000 29.76100000 1862.59000 222.28000 38.17600 206.07400
19 4 21 09 16 47309.30000 29.76100000 1862.14000 222.45000 38.17600 205.57200
19 4 21 09 17 47332.90000 29.76100000 1863.30000 222.51000 38.17600 205.66000
19 4 21 09 17 47333.00000 29.76100000 1865.43000 223.13000 38.17600 205.66000
19 4 21 09 17 47395.00000 29.76100000 1866.30000 223.19000 38.17600 205.66000
19 4 21 09 18 47423.00000 29.92300000 1866.74000 223.19000 38.17600 205.66000
19 4 21 09 18 47482.40000 29.92300000 1869.87000 223.94000 38.17600 206.50800
19 4 21 09 19 47499.90000 30.04700000 1870.82000 224.00000 38.17600 206.50800
19 4 21 09 19 47448.10000 30.04700000 1869.58000 223.07000 38.17600 206.50800
19 4 21 09 20 47463.50000 30.04700000 1869.63000 223.07000 38.17600 206.50800
19 4 21 09 20 47479.70000 30.04700000 1872.01000 224.17000 38.17600 206.84500
19 4 21 09 20 47441.30000 30.08900000 1870.11000 223.47000 38.17600 206.84500
19 4 21 09 21 47442.10000 30.08900000 1870.40000 223.60000 38.17600 206.46400
19 4 21 09 21 47425.80000 30.08900000 1870.11000 223.21000 38.17600 206.46400
19 4 21 09 22 47420.50000 30.08900000 1868.63000 222.38000 38.17600 206.40000
19 4 21 09 22 47432.60000 30.08900000 1870.18000 223.38000 38.17600 206.40000
19 4 21 09 23 47447.30000 30.08900000 1870.98000 223.38000 38.17600 206.40000
19 4 21 09 23 47447.30000 30.08900000 1871.61000 223.20000 38.17600 206.40000
19 4 21 09 23 47471.40000 30.08900000 1871.44000 223.42000 38.17600 206.40000
19 4 21 09 24 47459.30000 30.08900000 1872.92000 223.61000 38.17600 206.49100
19 4 21 09 24 47485.60000 30.08900000 1872.12000 223.71000 38.17600 206.49100
19 4 21 09 25 47470.60000 30.08900000 1872.30000 223.58000 38.12900 206.49100
19 4 21 09 25 47470.60000 30.08900000 1872.17000 223.69000 38.12900 207.17000
19 4 21 09 26 47478.80000 30.11900000 1872.57000 223.88000 38.12900 207.17000
19 4 21 09 26 47443.60000 30.11900000 1872.58000 223.48000 38.12900 207.17000
19 4 21 09 26 47444.10000 30.11900000 1872.60000 223.48000 38.12900 207.17000
19 4 21 09 27 47450.00000 30.02000000 1872.03000 223.65000 38.12900 207.17000
19 4 21 09 27 47424.30000 30.02100000 1872.03000 223.41000 38.12900 207.17000
19 4 21 09 28 47431.30000 30.10900000 1870.44000 223.52000 38.12900 207.17000
19 4 21 09 28 47470.40000 30.13200000 1872.05000 223.79000 38.12900 207.17000
19 4 21 09 29 47441.60000 30.13200000 1871.73000 223.79000 38.12900 206.47500
19 4 21 09 29 47441.00000 30.13200000 1870.40000 223.79000 38.12900 206.47500
19 4 21 09 29 47444.80000 30.04700000 1870.15000 223.57000 38.12900 206.47500
19 4 21 09 30 47470.60000 30.13100000 1871.36000 223.76000 38.12900 206.33100
19 4 21 09 30 47526.60000 30.13100000 1872.62000 224.48000 38.12900 206.58100
19 4 21 09 31 47536.10000 30.13100000 1872.98000 224.48000 38.12900 206.58100
19 4 21 09 31 47526.50000 30.13100000 1870.92000 223.99000 38.12900 206.58100
19 4 21 09 32 47539.80000 30.33400000 1873.24000 224.55000 38.12900 206.58100
19 4 21 09 32 47545.00000 30.32900000 1873.25000 224.44000 38.12900 206.58100
19 4 21 09 32 47608.00000 30.39200000 1875.78000 224.85000 38.12900 206.58100
19 4 21 09 33 47608.00000 30.39200000 1874.25000 224.69000 38.12900 206.58100
19 4 21 09 33 47594.60000 30.39200000 1875.28000 224.90000 38.12900 206.58100
19 4 21 09 34 47594.60000 30.39200000 1875.15000 225.38000 38.12900 208.03500
19 4 21 09 34 47594.60000 30.39200000 1875.67000 224.99000 38.12900 208.03500
19 4 21 09 35 47594.70000 30.39200000 1875.46000 224.93000 38.12900 208.14500
19 4 21 09 35 47606.80000 30.42700000 1875.72000 224.95000 38.12900 208.49000
19 4 21 09 35 47620.00000 30.44100000 1876.65000 224.78000 38.12900 208.49000
19 4 21 09 36 47635.70000 30.44100000 1876.87000 225.08000 38.12900 208.49000
19 4 21 09 36 47635.70000 30.44100000 1876.11000 225.08000 38.12900 208.49000
19 4 21 09 37 47652.80000 30.52100000 1876.64000 225.31000 38.12900 208.49000
19 4 21 09 37 47684.50000 30.47400000 1876.67000 225.60000 38.12900 209.74100
19 4 21 09 38 47685.20000 30.47400000 1877.93000 226.15000 38.12900 209.10900
19 4 21 09 38 47551.60000 30.44900000 1876.31000 226.01000 38.12900 209.21900
19 4 21 09 38 47650.30000 30.44900000 1876.42000 225.06000 38.12900 209.21900
19 4 21 09 39 47638.50000 30.44900000 1875.48000 225.18000 38.12900 209.21900
19 4 21 09 39 47612.40000 30.44900000 1874.37000 224.79000 38.43500 209.21900
19 4 21 09 40 47606.40000 30.44900000 1874.93000 225.03000 38.43500 209.21900
19 4 21 09 40 47601.30000 30.44900000 1875.04000 224.65000 38.43500 208.91600
19 4 21 09 41 47601.20000 30.39900000 1872.96000 224.65000 38.43500 208.91600
19 4 21 09 41 47601.20000 30.39900000 1872.94000 224.91000 38.43500 208.91600
19 4 21 09 41 47601.30000 30.50600000 1873.01000 225.07000 38.43500 208.91600
19 4 21 09 42 47601.30000 30.50600000 1873.62000 225.02000 38.43500 208.91600
19 4 21 09 42 47601.90000 30.50600000 1874.00000 225.18000 38.43500 208.91600
19 4 21 09 43 47601.30000 30.50600000 1873.99000 225.14000 38.43500 208.91600
19 4 21 09 43 47601.30000 30.34300000 1872.47000 225.19000 38.43500 208.91600
19 4 21 09 44 47601.20000 30.34300000 1871.23000 225.09000 38.43500 208.91600
19 4 21 09 44 47601.30000 30.37600000 1871.06000 225.38000 38.43500 208.90300
19 4 21 09 44 47580.00000 30.47700000 1870.47000 225.38000 38.43500 208.90300
19 4 21 09 45 47565.40000 30.47700000 1870.27000 224.73000 38.43500 208.63300
19 4 21 09 45 47549.10000 30.29300000 1869.62000 224.69000 38.43500 208.63300
19 4 21 09 46 47525.20000 30.29300000 1869.51000 224.66000 38.43500 208.52400
19 4 21 09 46 47525.20000 30.29300000 1869.47000 225.07000 38.43500 208.52400
19 4 21 09 47 47525.10000 30.29300000 1869.47000 224.60000 38.43500 208.52400
19 4 21 09 47 47525.20000 30.29300000 1869.47000 224.61000 38.43500 208.48700
19 4 21 09 47 47492.40000 30.29300000 1869.46000 224.99000 38.43500 208.48700
19 4 21 09 48 47485.90000 30.46000000 1868.69000 224.80000 38.43500 208.48700
19 4 21 09 48 47480.10000 30.43300000 1868.00000 224.60000 38.43500 208.48700
19 4 21 09 49 47453.50000 30.43300000 1866.50000 224.60000 38.04000 208.48700
19 4 21 09 49 47459.90000 30.40600000 1866.50000 224.55000 38.04000 208.28900
19 4 21 09 50 47467.90000 30.40600000 1866.00000 224.54000 38.04000 208.28900
19 4 21 09 50 47449.20000 30.40600000 1866.25000 224.45000 38.04000 207.73900
19 4 21 09 50 47474.90000 30.40600000 1868.14000 224.44000 38.04000 207.73900
19 4 21 09 51 47437.40000 30.34200000 1866.55000 224.15000 38.04000 207.73900
19 4 21 09 51 47414.00000 30.29500000 1865.60000 224.02000 38.04000 207.73900
19 4 21 09 52 47411.00000 30.25000000 1863.64000 223.72000 38.04000 206.29100
19 4 21 09 52 47400.70000 30.22400000 1863.64000 223.32000 38.04000 206.29100
19 4 21 09 52 47375.20000 30.23400000 1863.64000 223.32000 38.04000 206.29100
19 4 21 09 53 47375.20000 30.24700000 1863.63000 223.22000 38.04000 206.29100
19 4 21 09 53 47388.80000 30.24700000 1864.76000 223.37000 38.04000 206.29100
19 4 21 09 54 47392.20000 30.26200000 1864.76000 223.24000 38.04000 206.29100
19 4 21 09 54 47386.30000 30.19900000 1863.65000 223.01000 38.04000 205.66500
19 4 21 09 55 47360.10000 30.18900000 1863.01000 223.00000 38.04000 205.66500
19 4 21 09 55 47339.80000 30.18900000 1862.52000 222.71000 38.04000 205.66500
19 4 21 09 55 47366.80000 30.13500000 1863.82000 222.71000 38.04000 205.66500
19 4 21 09 56 47376.60000 30.25200000 1863.81000 222.97000 38.04000 205.66500
19 4 21 09 56 47315.40000 30.25200000 1862.05000 222.91000 38.04000 205.66500
19 4 21 09 57 47315.40000 30.19400000 1862.17000 222.64000 38.04000 205.66500
19 4 21 09 57 47350.00000 30.19400000 1862.17000 222.60000 38.04000 205.66500
