M=[
 3 6 21 23 10 32156.90000 57.66600000 2346.70000 157.90000 25.35200 142.39500
 3 6 21 23 10 32157.00000 57.66600000 2344.19000 157.90000 25.35200 142.39500
 3 6 21 23 11 32193.50000 57.66600000 2342.83000 157.64000 25.35200 142.39500
 3 6 21 23 11 32176.20000 57.66600000 2343.84000 157.64000 25.35200 142.39500
 3 6 21 23 12 32161.90000 57.66600000 2344.37000 157.64000 25.37600 142.39500
 3 6 21 23 12 32161.90000 57.66600000 2342.93000 157.82000 25.40100 142.39500
 3 6 21 23 13 32198.50000 57.66600000 2344.48000 157.82000 25.40100 142.39500
 3 6 21 23 13 32216.80000 57.66600000 2344.49000 157.82000 25.40100 142.39500
 3 6 21 23 13 32216.70000 57.66600000 2346.00000 158.04000 25.40100 142.39500
 3 6 21 23 14 32214.50000 57.66600000 2346.04000 158.04000 25.40100 142.39500
 3 6 21 23 14 32226.30000 57.66600000 2345.45000 158.08000 25.40100 142.39500
 3 6 21 23 15 32246.60000 57.66600000 2345.45000 158.08000 25.40100 142.39500
 3 6 21 23 15 32236.00000 57.66600000 2345.45000 158.08000 25.40100 142.39500
 3 6 21 23 16 32236.90000 57.66600000 2345.45000 158.35000 25.40100 142.39500
 3 6 21 23 16 32236.90000 57.66600000 2345.45000 158.36000 25.40100 142.39500
 3 6 21 23 16 32239.00000 57.66600000 2345.45000 158.32000 25.40100 142.39500
 3 6 21 23 17 32240.80000 57.66600000 2347.98000 158.32000 25.40100 142.39500
 3 6 21 23 17 32245.00000 57.66600000 2349.99000 158.50000 25.40100 142.39500
 3 6 21 23 18 32245.10000 57.66600000 2351.22000 158.50000 25.40100 142.39500
 3 6 21 23 18 32250.60000 57.66600000 2349.14000 158.50000 25.40100 142.39500
 3 6 21 23 19 32266.40000 57.66600000 2350.89000 158.43000 25.40100 142.39500
 3 6 21 23 19 32266.40000 57.66600000 2352.00000 158.42000 25.40100 142.39500
 3 6 21 23 19 32266.40000 57.66600000 2355.56000 158.42000 25.40100 142.39500
 3 6 21 23 20 32266.40000 57.66600000 2354.28000 158.77000 25.40100 142.39500
 3 6 21 23 20 32266.30000 57.77200000 2355.15000 158.79000 25.40100 142.39500
 3 6 21 23 21 32246.90000 57.77200000 2354.08000 158.79000 25.42600 142.39500
 3 6 21 23 21 32243.60000 57.77200000 2353.31000 158.79000 25.42600 142.39500
 3 6 21 23 22 32264.10000 57.77200000 2353.31000 158.79000 25.85800 142.39500
 3 6 21 23 22 32264.10000 57.77200000 2353.57000 158.84000 25.50000 142.84100
 3 6 21 23 22 32264.20000 57.77200000 2356.58000 158.84000 25.52400 142.84100
 3 6 21 23 23 32264.20000 57.77200000 2357.18000 158.96000 25.52400 142.84100
 3 6 21 23 23 32249.30000 57.77200000 2357.45000 158.96000 25.52400 142.84100
 3 6 21 23 24 32248.40000 57.77200000 2357.49000 159.07000 25.52400 142.84100
 3 6 21 23 24 32248.40000 57.77200000 2358.43000 159.07000 25.52400 142.84100
 3 6 21 23 25 32248.40000 57.77200000 2357.97000 159.07000 25.52400 142.84100
 3 6 21 23 25 32231.40000 57.77200000 2357.97000 158.84000 25.52400 142.84100
 3 6 21 23 25 32236.80000 57.77200000 2357.07000 158.84000 25.52400 142.84100
 3 6 21 23 26 32248.40000 57.77200000 2357.64000 158.84000 25.52400 142.84100
 3 6 21 23 26 32248.40000 57.77200000 2358.70000 158.84000 25.52400 142.84100
 3 6 21 23 27 32248.40000 57.77200000 2359.00000 158.84000 25.52400 142.84100
 3 6 21 23 27 32225.10000 57.77200000 2353.91000 158.84000 25.52400 142.84100
 3 6 21 23 28 32225.10000 57.77200000 2355.69000 158.84000 25.52400 142.84100
 3 6 21 23 28 32228.50000 57.77200000 2358.69000 158.84000 25.52400 142.84100
 3 6 21 23 29 32228.60000 57.71800000 2357.58000 158.81000 25.52400 142.84100
 3 6 21 23 29 32228.60000 57.71800000 2357.52000 158.81000 25.52400 142.84100
 3 6 21 23 29 32240.10000 57.77800000 2357.11000 158.81000 25.52400 142.84100
 3 6 21 23 30 32242.60000 57.77800000 2355.64000 158.81000 25.52400 142.84100
 3 6 21 23 30 32243.20000 57.77800000 2356.55000 158.89000 25.52400 142.84100
 3 6 21 23 31 32248.30000 57.77800000 2359.00000 158.89000 25.52400 142.75000
 3 6 21 23 31 32248.40000 57.77800000 2360.00000 159.08000 25.50000 142.75000
 3 6 21 23 32 32265.70000 57.77800000 2361.44000 159.03000 25.50000 142.75000
 3 6 21 23 32 32275.00000 57.77800000 2361.44000 159.06000 25.50000 142.75000
 3 6 21 23 32 32275.00000 57.77800000 2361.45000 159.06000 25.50000 142.75000
 3 6 21 23 33 32274.90000 57.77800000 2364.57000 159.06000 25.50000 142.75000
 3 6 21 23 33 32275.00000 57.77800000 2363.19000 159.06000 25.50000 142.34900
 3 6 21 23 34 32287.50000 57.77800000 2363.19000 159.22000 25.50000 142.34900
 3 6 21 23 34 32287.40000 57.77800000 2363.02000 159.24000 25.50000 142.34900
 3 6 21 23 35 32287.40000 57.77800000 2361.90000 159.24000 25.50000 142.34900
 3 6 21 23 35 32289.80000 57.77800000 2361.58000 159.28000 25.50000 142.34900
 3 6 21 23 35 32305.10000 57.85700000 2361.58000 159.28000 25.50000 142.53000
 3 6 21 23 36 32324.60000 57.85700000 2363.19000 159.49000 25.50000 142.53000
 3 6 21 23 36 32330.00000 57.85700000 2365.00000 159.50000 25.50000 142.53000
 3 6 21 23 37 32341.00000 57.85700000 2364.10000 159.50000 25.50000 142.53000
 3 6 21 23 37 32343.90000 57.85700000 2363.47000 159.50000 25.50000 142.53000
 3 6 21 23 38 32343.90000 57.85700000 2363.47000 159.50000 25.50000 142.53000
 3 6 21 23 38 32343.90000 57.85700000 2365.71000 159.50000 25.50000 142.53000
 3 6 21 23 38 32343.90000 57.85700000 2365.55000 159.50000 25.50000 142.53000
 3 6 21 23 39 32343.90000 57.85700000 2365.69000 159.50000 25.50000 142.53000
 3 6 21 23 39 32343.90000 57.85700000 2365.70000 159.50000 25.50000 142.53000
 3 6 21 23 40 32343.80000 57.85700000 2365.70000 159.50000 25.50000 142.53000
 3 6 21 23 40 32343.80000 57.85700000 2365.71000 159.66000 25.50000 142.53000
 3 6 21 23 41 32343.90000 57.85700000 2365.71000 159.65000 25.50000 142.53000
 3 6 21 23 41 32343.90000 57.85700000 2365.71000 159.65000 25.50000 142.53000
 3 6 21 23 41 32343.90000 57.85700000 2365.70000 159.65000 25.50000 142.53000
 3 6 21 23 42 32343.90000 57.85700000 2365.71000 159.65000 25.50000 142.57000
 3 6 21 23 42 32343.90000 57.85700000 2366.00000 159.65000 25.50000 142.85200
 3 6 21 23 43 32343.90000 57.85700000 2366.40000 159.65000 25.50000 142.85200
 3 6 21 23 43 32325.00000 57.85700000 2364.22000 159.69000 25.50000 142.85200
 3 6 21 23 44 32327.20000 57.85700000 2364.21000 159.69000 25.50000 142.85200
 3 6 21 23 44 32327.30000 57.85700000 2363.56000 159.69000 25.50000 142.85200
 3 6 21 23 44 32327.20000 57.85700000 2363.56000 159.69000 25.50000 142.85200
 3 6 21 23 45 32337.30000 57.75200000 2363.02000 159.69000 25.50000 142.85200
 3 6 21 23 45 32343.90000 57.75200000 2363.74000 159.69000 25.50000 142.85200
 3 6 21 23 46 32343.80000 57.75200000 2365.23000 159.69000 25.50000 143.28000
 3 6 21 23 46 32343.90000 57.75200000 2364.18000 159.69000 25.50000 143.28000
 3 6 21 23 47 32326.20000 57.75200000 2364.18000 159.69000 25.50000 143.26300
 3 6 21 23 47 32325.00000 57.75200000 2361.62000 159.36000 25.50000 143.26300
 3 6 21 23 47 32297.30000 57.75200000 2360.00000 159.33000 25.50000 143.26300
 3 6 21 23 48 32266.30000 57.75200000 2353.94000 159.33000 25.50000 142.50000
 3 6 21 23 48 32272.80000 57.75200000 2355.86000 159.15000 25.50000 142.50000
 3 6 21 23 49 32272.80000 57.75200000 2355.35000 159.15000 25.50000 142.50000
 3 6 21 23 49 32293.80000 57.75200000 2355.35000 159.15000 25.50000 142.50000
 3 6 21 23 50 32293.90000 57.75200000 2355.35000 159.51000 25.50000 142.50000
 3 6 21 23 50 32293.90000 57.75200000 2355.35000 159.45000 25.50000 142.50000
 3 6 21 23 50 32293.80000 57.75200000 2357.09000 159.45000 25.50000 142.50000
 3 6 21 23 51 32293.90000 57.75200000 2356.84000 159.31000 25.50000 142.50000
 3 6 21 23 51 32279.30000 57.75200000 2356.46000 159.31000 25.50000 142.50000
 3 6 21 23 52 32285.30000 57.75200000 2356.46000 159.31000 25.50000 142.50000
 3 6 21 23 52 32285.30000 57.75200000 2356.46000 159.31000 25.50000 142.50000
 3 6 21 23 53 32285.30000 57.66500000 2356.00000 159.31000 25.50000 142.50000
 3 6 21 23 53 32278.70000 57.66500000 2356.00000 159.31000 25.50000 142.50000
 3 6 21 23 53 32278.70000 57.66500000 2356.00000 159.24000 25.50000 142.50200
