M=[
14 12 20 15 04 15831.40000 4.92400000 480.99000 66.84000 13.82000 55.00100
14 12 20 15 05 15835.00000 4.92400000 481.73000 66.91000 13.82000 55.00100
14 12 20 15 05 15834.00000 4.92400000 481.24000 66.87000 13.82000 55.00100
14 12 20 15 06 15834.10000 4.92400000 481.37000 66.87000 13.82000 55.00100
14 12 20 15 06 15835.00000 4.94600000 481.46000 67.00000 13.82000 55.00100
14 12 20 15 06 15834.90000 4.94600000 481.46000 67.00000 13.82000 55.00100
14 12 20 15 07 15835.00000 4.95200000 482.36000 67.12000 13.82000 55.00100
14 12 20 15 07 15838.60000 4.95200000 482.03000 67.14000 13.82000 55.00100
14 12 20 15 08 15841.90000 4.95200000 482.02000 67.20000 13.82000 55.41100
14 12 20 15 08 15849.00000 4.95200000 482.76000 67.43000 13.82000 55.41100
14 12 20 15 09 15849.00000 4.95200000 482.93000 67.57000 13.82000 55.41100
14 12 20 15 09 15849.80000 4.95200000 482.94000 67.57000 13.82000 55.41100
14 12 20 15 09 15849.70000 4.95200000 483.16000 67.78000 13.82000 55.41100
14 12 20 15 10 15849.70000 4.95200000 483.76000 68.02000 13.82000 55.54200
14 12 20 15 10 15855.20000 4.95200000 482.82000 67.69000 13.82000 55.49200
14 12 20 15 11 15875.40000 4.95200000 483.65000 67.91000 13.82000 55.49200
14 12 20 15 11 15879.00000 4.95200000 484.72000 68.11000 13.82000 55.49200
14 12 20 15 12 15878.70000 4.95200000 484.27000 68.09000 13.82000 55.49200
14 12 20 15 12 15879.00000 4.95200000 484.27000 68.10000 13.82000 55.49200
14 12 20 15 12 15879.80000 4.97100000 484.20000 68.09000 13.82000 55.49200
14 12 20 15 13 15884.80000 4.97700000 484.20000 67.90000 13.82000 55.49200
14 12 20 15 13 15890.00000 4.99200000 484.20000 68.04000 13.82000 55.61900
14 12 20 15 14 15889.80000 4.99200000 484.24000 68.05000 13.82000 55.61900
14 12 20 15 14 15893.60000 4.99200000 484.41000 68.01000 13.82000 55.61900
14 12 20 15 15 15890.00000 4.99200000 484.24000 67.96000 13.82000 55.61900
14 12 20 15 15 15879.30000 4.99200000 484.24000 67.86000 13.82000 55.61900
14 12 20 15 15 15859.30000 4.99200000 483.30000 67.82000 13.82000 55.61900
14 12 20 15 16 15869.70000 4.99200000 483.52000 67.82000 13.82000 55.61900
14 12 20 15 16 15869.70000 4.99200000 483.51000 67.84000 13.82000 55.61900
14 12 20 15 17 15866.30000 4.99200000 483.65000 67.73000 13.82000 55.61900
14 12 20 15 17 15863.70000 4.99200000 483.64000 67.70000 13.82000 55.61900
14 12 20 15 18 15862.20000 4.99200000 483.64000 67.70000 13.98700 55.61900
14 12 20 15 18 15864.90000 4.99200000 483.39000 67.60000 13.98700 55.61900
14 12 20 15 18 15864.90000 4.99200000 483.69000 67.57000 13.98700 55.61900
14 12 20 15 19 15853.90000 4.99200000 483.30000 67.56000 13.98700 55.61900
14 12 20 15 19 15852.80000 4.99200000 483.32000 67.50000 13.98700 55.61900
14 12 20 15 20 15859.00000 4.99200000 483.72000 67.57000 13.98700 55.61900
14 12 20 15 20 15856.00000 4.99200000 483.72000 67.55000 13.98700 55.61900
14 12 20 15 21 15856.10000 4.99200000 483.72000 67.60000 13.98700 55.61900
14 12 20 15 21 15856.00000 4.99200000 483.89000 67.59000 13.98700 55.61900
14 12 20 15 21 15856.00000 4.99200000 483.73000 67.59000 13.98700 55.61900
14 12 20 15 22 15855.90000 4.99200000 483.62000 67.62000 13.98700 55.61900
14 12 20 15 22 15856.00000 4.99200000 483.36000 67.62000 13.98700 55.61900
14 12 20 15 23 15853.10000 4.99200000 483.36000 67.62000 13.98700 55.61900
14 12 20 15 23 15853.20000 4.99200000 483.34000 67.62000 13.98700 55.61900
14 12 20 15 24 15852.00000 4.99200000 483.03000 67.62000 13.98700 55.45700
14 12 20 15 24 15838.60000 4.99200000 482.58000 67.51000 13.98700 55.45700
14 12 20 15 24 15832.40000 4.99200000 482.58000 67.41000 13.98700 55.45700
14 12 20 15 25 15850.00000 4.99200000 482.90000 67.45000 13.98700 55.45700
14 12 20 15 25 15845.60000 4.99200000 482.77000 67.45000 13.98700 55.45700
14 12 20 15 26 15847.80000 4.99200000 482.68000 67.45000 13.98700 55.45700
14 12 20 15 26 15849.80000 4.99200000 482.59000 67.43000 13.98700 55.45700
14 12 20 15 27 15849.90000 4.99200000 482.71000 67.48000 13.98700 55.45700
14 12 20 15 27 15867.40000 4.99200000 483.62000 67.63000 13.98700 55.45700
14 12 20 15 27 15864.40000 4.99200000 483.93000 67.63000 13.98700 55.45700
14 12 20 15 28 15865.20000 4.99200000 483.58000 67.64000 14.04600 55.45700
14 12 20 15 28 15860.30000 4.99200000 483.66000 67.64000 14.04600 55.45700
14 12 20 15 29 15857.10000 4.99200000 483.58000 67.64000 14.04600 55.45700
14 12 20 15 29 15828.10000 4.99200000 483.00000 67.63000 14.04600 55.45700
14 12 20 15 30 15834.70000 4.99200000 483.00000 67.57000 14.04600 55.45700
14 12 20 15 30 15836.70000 4.99200000 482.28000 67.41000 14.04600 55.45700
14 12 20 15 30 15830.60000 4.99200000 482.13000 67.41000 14.04600 55.45700
14 12 20 15 31 15832.10000 4.99200000 481.99000 67.45000 14.04600 55.45700
14 12 20 15 31 15828.40000 4.99200000 482.34000 67.66000 14.04500 55.45700
14 12 20 15 32 15829.60000 4.99200000 482.40000 67.67000 14.04500 55.45700
14 12 20 15 32 15830.10000 4.99200000 482.42000 67.67000 14.04500 55.45700
14 12 20 15 33 15846.50000 4.99200000 482.85000 67.68000 14.04500 55.45700
14 12 20 15 33 15841.50000 4.99200000 482.85000 67.66000 14.04500 55.45700
14 12 20 15 33 15837.10000 4.99200000 482.71000 67.66000 14.04500 55.45700
14 12 20 15 34 15836.80000 4.99200000 482.71000 67.62000 14.04700 55.45700
14 12 20 15 34 15830.00000 4.99200000 482.40000 67.62000 14.04700 55.49200
14 12 20 15 35 15816.60000 4.99200000 481.10000 67.62000 14.04700 55.49200
14 12 20 15 35 15806.20000 4.99200000 481.23000 67.32000 14.04700 55.49200
14 12 20 15 36 15818.30000 4.99200000 481.07000 67.33000 14.04700 55.49200
14 12 20 15 36 15812.00000 4.95300000 481.14000 67.22000 14.04700 55.49200
14 12 20 15 36 15816.40000 4.95300000 481.43000 67.27000 14.04700 55.49200
14 12 20 15 37 15812.10000 4.95300000 481.10000 67.27000 14.04700 55.49200
14 12 20 15 37 15812.10000 4.95300000 481.25000 67.27000 14.04700 55.49200
14 12 20 15 38 15807.20000 4.95300000 481.29000 67.27000 14.04700 55.49200
14 12 20 15 38 15801.30000 4.95300000 481.38000 67.27000 14.04700 55.49200
14 12 20 15 38 15806.10000 4.95300000 481.38000 67.30000 14.04700 55.49200
14 12 20 15 39 15803.60000 4.95300000 481.38000 67.23000 14.04700 55.49200
14 12 20 15 39 15806.10000 4.95300000 481.38000 67.23000 14.04700 55.49200
14 12 20 15 40 15812.30000 4.95300000 481.38000 67.37000 14.04700 55.49200
14 12 20 15 40 15816.30000 4.95300000 481.38000 67.37000 13.91600 55.49200
14 12 20 15 41 15826.20000 4.95300000 481.38000 67.37000 13.91600 55.49200
14 12 20 15 41 15827.20000 4.95300000 481.38000 67.37000 13.91600 55.49200
14 12 20 15 41 15827.20000 4.95300000 481.97000 67.37000 13.91600 55.49200
14 12 20 15 42 15828.60000 4.95300000 482.04000 67.41000 13.91600 55.49200
14 12 20 15 42 15828.60000 4.95300000 481.94000 67.41000 13.91600 55.49200
14 12 20 15 43 15830.00000 4.95300000 482.10000 67.49000 13.91600 55.49200
14 12 20 15 43 15839.30000 4.95300000 482.46000 67.47000 13.91600 55.49200
14 12 20 15 44 15838.50000 4.95300000 482.46000 67.50000 13.91600 55.49200
14 12 20 15 44 15843.20000 4.95300000 482.49000 67.50000 13.91600 55.49200
14 12 20 15 44 15837.40000 4.95300000 482.45000 67.50000 13.91600 55.49200
14 12 20 15 45 15842.10000 4.95300000 482.45000 67.50000 13.91600 55.49200
14 12 20 15 45 15842.60000 4.95300000 482.51000 67.40000 13.91600 55.49200
14 12 20 15 46 15835.30000 4.97600000 482.30000 67.40000 13.91600 55.49200
14 12 20 15 46 15830.10000 4.97600000 482.30000 67.40000 13.91600 55.49200
14 12 20 15 47 15830.10000 4.97600000 481.82000 67.44000 13.91600 55.49200
14 12 20 15 47 15830.60000 4.97600000 481.85000 67.32000 13.91600 55.49200
14 12 20 15 47 15828.50000 4.97600000 481.77000 67.28000 13.91600 55.49200
14 12 20 15 48 15831.30000 4.97600000 481.77000 67.33000 13.91600 55.49200
14 12 20 15 48 15836.60000 4.97600000 481.77000 67.33000 13.91600 55.49200
14 12 20 15 49 15831.30000 4.97600000 482.20000 67.33000 13.91600 55.49200
14 12 20 15 49 15834.90000 4.97600000 482.32000 67.33000 13.91600 55.49200
