M=[
 9 11 20 01 37 13064.00000 4.39000000 383.25000 51.48000 11.99000 50.94900
 9 11 20 01 37 13064.00000 4.39000000 383.25000 51.48000 11.99000 51.28000
 9 11 20 01 38 13064.00000 4.39000000 383.25000 51.48000 11.99000 51.28000
 9 11 20 01 38 13064.10000 4.39000000 383.25000 51.60000 11.99000 51.28000
 9 11 20 01 39 13064.00000 4.38700000 383.25000 51.60000 11.99000 51.28000
 9 11 20 01 39 13056.80000 4.38700000 383.25000 51.60000 11.99000 51.28000
 9 11 20 01 40 13055.10000 4.38700000 383.25000 51.60000 11.99000 51.28000
 9 11 20 01 40 13056.60000 4.38700000 383.25000 51.60000 11.99000 51.28000
 9 11 20 01 40 13056.60000 4.38700000 383.25000 51.60000 11.99000 51.28000
 9 11 20 01 41 13052.60000 4.38700000 383.25000 51.60000 11.99000 51.28000
 9 11 20 01 41 13052.50000 4.38700000 383.38000 51.60000 11.99000 51.28000
 9 11 20 01 42 13052.50000 4.38700000 383.38000 51.60000 11.99000 51.28000
 9 11 20 01 42 13054.30000 4.38700000 383.38000 51.60000 11.99000 51.28000
 9 11 20 01 43 13054.30000 4.38700000 383.38000 51.60000 11.99000 51.28000
 9 11 20 01 43 13054.30000 4.38700000 383.38000 51.60000 11.99000 51.28000
 9 11 20 01 43 13052.50000 4.38700000 383.38000 51.60000 11.99000 51.28000
 9 11 20 01 44 13046.40000 4.38700000 383.38000 51.60000 11.99000 51.28000
 9 11 20 01 44 13047.10000 4.38700000 383.38000 51.60000 11.99000 51.28000
 9 11 20 01 45 13045.10000 4.38700000 383.38000 51.60000 11.99000 51.28000
 9 11 20 01 45 13041.90000 4.38700000 383.04000 51.60000 11.99000 51.28000
 9 11 20 01 46 13040.70000 4.38700000 383.04000 51.60000 11.99000 51.28000
 9 11 20 01 46 13051.80000 4.38700000 383.19000 51.60000 11.99000 51.28000
 9 11 20 01 46 13049.80000 4.38700000 383.25000 51.60000 11.99000 51.28000
 9 11 20 01 47 13041.10000 4.38700000 383.25000 51.60000 11.99000 51.28000
 9 11 20 01 47 13041.10000 4.38700000 383.11000 51.60000 11.99000 51.28000
 9 11 20 01 48 13044.00000 4.38700000 383.11000 51.60000 11.99000 51.28000
 9 11 20 01 48 13040.70000 4.38700000 383.11000 51.60000 11.99000 51.28000
 9 11 20 01 49 13040.70000 4.38700000 383.11000 51.60000 11.99000 51.28000
 9 11 20 01 49 13040.70000 4.38700000 383.11000 51.60000 11.99000 51.28000
 9 11 20 01 49 13040.70000 4.38700000 382.72000 51.60000 11.99000 51.28000
 9 11 20 01 50 13017.80000 4.38700000 381.81000 51.60000 11.99000 51.28000
 9 11 20 01 50 13017.90000 4.38700000 381.81000 51.60000 11.99000 51.28000
 9 11 20 01 51 13017.90000 4.38700000 381.81000 51.45000 12.00000 51.28000
 9 11 20 01 51 13030.50000 4.38700000 381.81000 51.45000 12.00000 51.28000
 9 11 20 01 52 13030.50000 4.38700000 381.81000 51.45000 12.00000 51.28000
 9 11 20 01 52 13024.80000 4.38700000 381.81000 51.45000 12.00000 51.28000
 9 11 20 01 52 13021.30000 4.38700000 382.26000 51.45000 12.00000 51.28000
 9 11 20 01 53 13021.30000 4.38700000 382.26000 51.45000 12.00000 51.28000
 9 11 20 01 53 13031.70000 4.38700000 382.26000 51.45000 12.00000 51.28000
 9 11 20 01 54 13038.60000 4.38700000 382.26000 51.45000 12.00000 51.28000
 9 11 20 01 54 13038.80000 4.38700000 382.26000 51.45000 12.00000 51.28000
 9 11 20 01 55 13038.70000 4.38700000 382.60000 51.45000 12.00000 51.28000
 9 11 20 01 55 13033.70000 4.38700000 382.60000 51.45000 12.00000 51.28000
 9 11 20 01 55 13033.70000 4.38700000 382.60000 51.45000 12.00000 51.28000
 9 11 20 01 56 13033.00000 4.38700000 382.60000 51.45000 12.00000 51.28000
 9 11 20 01 56 13031.20000 4.38700000 382.60000 51.45000 12.00000 51.28000
 9 11 20 01 57 13031.20000 4.38700000 382.60000 51.45000 12.00000 51.28000
 9 11 20 01 57 13021.80000 4.38700000 381.95000 51.45000 12.13800 51.28000
 9 11 20 01 58 13021.80000 4.38700000 381.95000 51.45000 12.13800 51.28000
 9 11 20 01 58 13021.80000 4.38700000 381.95000 51.45000 12.13800 51.28000
 9 11 20 01 58 13019.10000 4.38700000 381.95000 51.41000 12.13800 51.28000
 9 11 20 01 59 13042.90000 4.38700000 381.95000 51.48000 12.13800 51.28000
 9 11 20 01 59 13042.90000 4.38700000 381.95000 51.48000 12.13800 51.28000
 9 11 20 02 00 13041.80000 4.38700000 381.95000 51.48000 12.13800 51.28000
 9 11 20 02 00 13041.80000 4.38700000 382.15000 51.48000 12.13800 51.28000
 9 11 20 02 01 13024.40000 4.38700000 381.95000 51.32000 12.13800 51.28000
 9 11 20 02 01 13024.40000 4.38700000 381.95000 51.32000 12.13800 51.28000
 9 11 20 02 01 13033.50000 4.38700000 381.95000 51.32000 12.13800 51.28000
 9 11 20 02 02 13033.50000 4.38700000 381.95000 51.32000 12.13800 51.28000
 9 11 20 02 02 13033.20000 4.38700000 381.95000 51.32000 12.13800 51.28000
 9 11 20 02 03 13025.20000 4.38700000 381.95000 51.32000 12.13800 51.28000
 9 11 20 02 03 13025.20000 4.38700000 381.95000 51.32000 12.13800 51.28000
 9 11 20 02 04 13026.10000 4.38700000 381.95000 51.32000 12.13800 51.28000
 9 11 20 02 04 13026.10000 4.38700000 381.95000 51.32000 12.13800 51.28000
 9 11 20 02 04 13027.10000 4.38700000 381.95000 51.32000 12.13800 51.28000
 9 11 20 02 05 13027.10000 4.38700000 381.95000 51.32000 12.13800 51.28000
 9 11 20 02 05 13027.20000 4.38700000 381.95000 51.32000 12.13800 51.28000
 9 11 20 02 06 13027.20000 4.38700000 381.97000 51.32000 12.13800 51.28000
 9 11 20 02 06 13023.40000 4.38700000 381.97000 51.32000 12.13800 51.28000
 9 11 20 02 06 13023.40000 4.38700000 381.97000 51.32000 12.13800 51.28000
 9 11 20 02 07 13033.90000 4.38700000 381.97000 51.32000 12.13800 51.28000
 9 11 20 02 07 13034.00000 4.38700000 381.97000 51.32000 12.13800 51.28000
 9 11 20 02 08 13034.00000 4.38700000 381.97000 51.32000 12.13800 51.28000
 9 11 20 02 08 13032.00000 4.38700000 381.97000 51.32000 12.13800 51.28000
 9 11 20 02 09 13032.00000 4.38700000 381.97000 51.32000 12.13800 51.28000
 9 11 20 02 09 13032.00000 4.38700000 382.25000 51.32000 12.13800 51.28000
 9 11 20 02 09 13024.80000 4.38700000 382.25000 51.32000 12.13800 51.28000
 9 11 20 02 10 13024.90000 4.38700000 382.08000 51.32000 12.13800 51.28000
 9 11 20 02 10 13024.90000 4.38700000 382.08000 51.32000 12.13800 51.28000
 9 11 20 02 11 13024.90000 4.38700000 382.36000 51.32000 12.13800 51.28000
 9 11 20 02 11 13024.90000 4.38700000 382.36000 51.32000 12.13800 51.28000
 9 11 20 02 12 13024.90000 4.38700000 382.36000 51.32000 12.13800 51.28000
 9 11 20 02 12 13027.10000 4.38700000 382.36000 51.32000 12.13800 51.28000
 9 11 20 02 12 13026.90000 4.38700000 382.36000 51.32000 12.13800 51.28000
 9 11 20 02 13 13019.20000 4.38700000 382.36000 51.32000 12.13800 51.28000
 9 11 20 02 13 12998.80000 4.38700000 381.54000 51.32000 12.13800 51.28000
 9 11 20 02 14 13001.10000 4.38700000 380.89000 51.00000 12.13800 51.28000
 9 11 20 02 14 13003.30000 4.38700000 381.20000 51.00000 12.13800 51.28000
 9 11 20 02 15 13003.30000 4.38700000 381.20000 51.00000 12.13800 51.28000
 9 11 20 02 15 13003.30000 4.38700000 381.20000 51.00000 12.13800 51.28000
 9 11 20 02 15 13003.30000 4.38700000 381.20000 51.00000 12.13800 51.28000
 9 11 20 02 16 13003.30000 4.38700000 381.20000 51.00000 12.13800 51.28000
 9 11 20 02 16 12997.40000 4.38700000 380.80000 50.99000 12.13800 51.28000
 9 11 20 02 17 12997.40000 4.38700000 380.80000 50.95000 12.13800 51.28000
 9 11 20 02 17 12990.10000 4.38700000 380.70000 50.95000 12.13800 51.28000
 9 11 20 02 18 12990.10000 4.38700000 380.39000 50.95000 12.13800 51.28000
 9 11 20 02 18 12990.10000 4.38700000 380.39000 50.95000 12.13800 51.28000
 9 11 20 02 18 12990.10000 4.38700000 380.38000 50.93000 12.13800 51.28000
 9 11 20 02 19 12990.10000 4.38700000 380.21000 50.93000 12.13800 51.28000
 9 11 20 02 19 12990.10000 4.38700000 380.21000 50.93000 12.13800 51.28000
 9 11 20 02 20 13011.10000 4.38700000 380.79000 51.01000 12.13800 51.28000
 9 11 20 02 20 13011.10000 4.38700000 380.84000 51.01000 12.13800 51.28000
 9 11 20 02 21 13019.00000 4.38700000 381.63000 51.01000 12.13800 51.28000
 9 11 20 02 21 13019.10000 4.38700000 381.65000 51.01000 12.13800 51.28000
 9 11 20 02 21 13019.10000 4.38700000 381.65000 51.01000 12.13800 51.28000
 9 11 20 02 22 13035.20000 4.38700000 381.79000 51.01000 12.13800 51.28000
