M=[
17 5 21 01 51 37100.00000 74.33200000 2815.30000 236.55000 30.93900 210.51600
17 5 21 01 52 37178.30000 74.33200000 2815.30000 236.55000 30.93900 210.51600
17 5 21 01 52 37154.80000 74.33200000 2815.30000 235.99000 30.93900 210.51600
17 5 21 01 53 37182.50000 74.33200000 2815.30000 235.99000 30.93900 209.91300
17 5 21 01 53 37182.40000 74.33200000 2816.82000 235.99000 30.93900 209.91300
17 5 21 01 54 37116.20000 73.95700000 2814.69000 235.99000 30.93900 209.91300
17 5 21 01 54 37081.10000 73.95700000 2811.84000 235.99000 30.93900 209.91300
17 5 21 01 54 37084.50000 73.95700000 2811.81000 235.99000 30.93900 209.91300
17 5 21 01 55 37015.70000 73.95700000 2806.59000 235.10000 30.93900 209.91300
17 5 21 01 55 36928.20000 73.95700000 2802.42000 234.13000 30.93900 207.99000
17 5 21 01 56 36921.50000 73.73300000 2802.42000 234.20000 30.93900 207.99000
17 5 21 01 56 36917.80000 73.73300000 2803.00000 234.20000 30.93900 207.99000
17 5 21 01 57 37009.40000 73.81000000 2811.64000 234.20000 30.93900 207.99000
17 5 21 01 57 37010.20000 73.81000000 2811.85000 234.87000 30.93900 209.07400
17 5 21 01 57 37010.20000 73.81000000 2808.86000 234.86000 30.93900 209.07400
17 5 21 01 58 36864.40000 73.83600000 2805.11000 233.94000 30.93900 209.07400
17 5 21 01 58 36830.40000 73.83600000 2805.11000 233.81000 30.93900 209.07400
17 5 21 01 59 36827.60000 73.83600000 2803.52000 233.81000 30.93900 209.07400
17 5 21 01 59 36939.10000 73.85000000 2814.80000 233.81000 30.93900 209.07400
17 5 21 02 00 36963.10000 73.85000000 2811.91000 233.81000 30.93900 208.62000
17 5 21 02 00 36968.90000 73.85000000 2815.75000 234.83000 30.93900 208.62000
17 5 21 02 00 37029.50000 73.85000000 2820.16000 234.83000 30.93900 208.74600
17 5 21 02 01 36926.00000 73.85000000 2809.69000 235.69000 30.93900 208.74600
17 5 21 02 01 36880.70000 73.68900000 2804.67000 235.69000 30.93900 208.74600
17 5 21 02 02 36854.70000 73.68900000 2808.37000 234.40000 30.93900 207.60000
17 5 21 02 02 36915.50000 73.68900000 2808.37000 234.40000 30.93900 207.60000
17 5 21 02 03 37034.90000 73.90100000 2810.28000 234.79000 30.93900 207.60000
17 5 21 02 03 37075.90000 73.90100000 2818.39000 234.79000 30.93900 207.60000
17 5 21 02 03 37095.50000 74.37600000 2821.48000 234.79000 30.93900 207.60000
17 5 21 02 04 37113.10000 74.37600000 2826.77000 234.79000 30.93900 207.60000
17 5 21 02 04 37151.90000 74.37600000 2824.98000 235.64000 30.93900 207.60000
17 5 21 02 05 37151.60000 74.37600000 2826.76000 235.79000 30.93900 207.60000
17 5 21 02 05 37170.90000 74.35700000 2825.70000 235.79000 30.93900 209.69400
17 5 21 02 06 37165.40000 74.35700000 2824.08000 235.79000 30.93900 209.69400
17 5 21 02 06 37100.00000 74.35700000 2824.08000 235.79000 30.93900 209.69400
17 5 21 02 06 37074.10000 74.35700000 2820.32000 235.79000 30.93900 209.69400
17 5 21 02 07 37132.20000 74.35700000 2824.08000 235.80000 30.93900 209.69400
17 5 21 02 07 37173.40000 74.30500000 2824.08000 235.80000 30.93900 209.69400
17 5 21 02 08 37158.90000 74.30500000 2825.80000 235.97000 30.93900 209.69400
17 5 21 02 08 37123.10000 74.30500000 2825.80000 235.97000 30.93900 209.69400
17 5 21 02 09 37123.10000 74.21100000 2820.12000 235.35000 30.93900 209.69400
17 5 21 02 09 37056.40000 74.21100000 2816.08000 235.04000 30.93900 209.69400
17 5 21 02 09 37051.00000 74.21100000 2816.45000 234.92000 30.93900 209.69400
17 5 21 02 10 37062.80000 74.21100000 2813.39000 234.92000 30.93900 209.69400
17 5 21 02 10 37010.40000 74.21100000 2814.44000 234.92000 30.93900 209.69400
17 5 21 02 11 37036.90000 74.21100000 2820.06000 234.56000 30.93900 209.69400
17 5 21 02 11 37099.80000 74.21100000 2821.65000 234.56000 30.93900 209.69400
17 5 21 02 12 37145.50000 74.19100000 2825.80000 234.56000 30.93900 209.69400
17 5 21 02 12 37173.40000 74.19100000 2831.14000 234.56000 30.93900 209.69400
17 5 21 02 12 37189.70000 74.19100000 2829.69000 236.06000 30.93900 209.69400
17 5 21 02 13 37205.10000 74.19100000 2826.77000 236.06000 30.93900 209.69400
17 5 21 02 13 37177.00000 74.19100000 2829.04000 236.06000 30.93900 209.69400
17 5 21 02 14 37171.40000 74.19100000 2831.68000 236.06000 30.93900 209.69400
17 5 21 02 14 37171.40000 74.19100000 2836.81000 236.06000 30.93900 209.69400
17 5 21 02 15 37195.90000 74.19100000 2836.81000 236.06000 30.93900 209.69400
17 5 21 02 15 37216.10000 74.35300000 2842.91000 236.06000 30.93900 209.69400
17 5 21 02 15 37216.10000 74.35300000 2843.19000 236.06000 30.93900 209.69400
17 5 21 02 16 37216.00000 74.54700000 2847.52000 236.83000 30.93900 209.69400
17 5 21 02 16 37239.80000 74.64400000 2847.52000 236.83000 30.93900 209.69400
17 5 21 02 17 37239.80000 74.48200000 2843.39000 236.55000 30.93900 209.69400
17 5 21 02 17 37239.80000 74.48200000 2841.90000 236.55000 30.93900 209.69400
17 5 21 02 18 37239.80000 74.48200000 2841.75000 236.55000 30.93900 209.69400
17 5 21 02 18 37234.90000 74.48200000 2841.75000 236.75000 30.93900 209.69400
17 5 21 02 18 37242.20000 74.40800000 2841.75000 236.75000 30.93900 209.69400
17 5 21 02 19 37253.90000 74.40800000 2845.24000 236.75000 30.93900 209.69400
17 5 21 02 19 37253.90000 74.40800000 2843.24000 236.75000 30.93900 209.69400
17 5 21 02 20 37256.60000 74.40800000 2842.32000 236.75000 30.93900 209.69400
17 5 21 02 20 37226.80000 74.40800000 2842.32000 236.75000 30.93900 209.69400
17 5 21 02 21 37195.20000 74.57100000 2842.32000 236.75000 30.93900 209.69400
17 5 21 02 21 37149.70000 74.57100000 2837.20000 236.75000 30.93900 209.69400
17 5 21 02 21 37166.10000 74.55400000 2835.96000 236.75000 30.93900 209.69400
17 5 21 02 22 37103.80000 74.42200000 2834.16000 236.25000 30.93900 209.69400
17 5 21 02 22 37087.70000 74.42200000 2831.75000 236.25000 30.93900 209.69400
17 5 21 02 23 37057.00000 74.15300000 2824.94000 236.00000 30.93900 209.69400
17 5 21 02 23 37056.80000 74.07000000 2824.94000 236.00000 30.93900 209.69400
17 5 21 02 24 37056.30000 74.07000000 2824.94000 236.00000 30.93900 209.69400
17 5 21 02 24 37083.00000 74.07000000 2825.85000 236.00000 30.93900 209.69400
17 5 21 02 24 36962.20000 74.20600000 2815.52000 236.00000 30.93900 209.69400
17 5 21 02 25 36928.80000 74.20600000 2811.26000 234.95000 30.93900 209.69400
17 5 21 02 25 36912.00000 74.20600000 2808.58000 234.95000 30.93900 209.69400
17 5 21 02 26 36968.90000 73.89400000 2809.53000 234.70000 30.93900 209.69400
17 5 21 02 26 36931.10000 74.00000000 2816.36000 235.19000 30.93900 209.69400
17 5 21 02 27 36926.90000 74.00000000 2807.51000 234.48000 30.93900 209.69400
17 5 21 02 27 36876.80000 74.00000000 2807.47000 234.48000 30.93900 209.69400
17 5 21 02 27 36923.20000 73.95600000 2807.47000 234.04000 30.93900 209.69400
17 5 21 02 28 36921.60000 73.76300000 2804.22000 234.04000 30.93900 209.69400
17 5 21 02 28 36921.60000 73.76300000 2806.68000 234.04000 30.93900 209.69400
17 5 21 02 29 36976.50000 73.76300000 2808.50000 234.04000 30.93900 209.69400
17 5 21 02 29 36966.70000 73.76300000 2811.20000 234.04000 30.93900 209.69400
17 5 21 02 30 36965.40000 73.76300000 2808.31000 234.04000 30.93900 209.69400
17 5 21 02 30 36917.90000 73.76300000 2801.06000 234.04000 30.93900 209.69400
17 5 21 02 30 36843.10000 73.76300000 2798.99000 234.04000 30.93900 209.69400
17 5 21 02 31 36760.80000 73.76300000 2795.00000 232.81000 30.93900 209.69400
17 5 21 02 31 36784.00000 73.76300000 2794.62000 232.81000 30.93900 207.25600
17 5 21 02 32 36761.60000 73.76300000 2788.07000 232.81000 30.93900 207.25600
17 5 21 02 32 36795.60000 73.76300000 2795.10000 232.81000 30.73300 207.25600
17 5 21 02 33 36795.60000 73.76300000 2790.10000 232.81000 30.73300 207.25600
17 5 21 02 33 36746.70000 73.49900000 2788.63000 232.81000 30.73300 207.25600
17 5 21 02 33 36684.40000 73.38000000 2787.07000 232.81000 30.73300 207.25600
17 5 21 02 34 36653.50000 73.29000000 2786.42000 232.14000 30.73300 207.25600
17 5 21 02 34 36659.20000 73.29000000 2791.90000 232.79000 30.73300 207.25600
17 5 21 02 35 36677.70000 73.48600000 2793.59000 233.23000 30.73300 207.25600
