M=[
 3 7 21 14 53 29209.00000 47.99800000 1875.36000 117.80000 18.68500 99.41000
 3 7 21 14 54 29225.80000 47.99800000 1877.34000 117.80000 18.68500 99.41000
 3 7 21 14 54 29225.80000 47.99800000 1875.65000 117.80000 18.68500 99.41000
 3 7 21 14 54 29209.20000 47.99800000 1875.65000 117.80000 18.68500 99.41000
 3 7 21 14 55 29225.90000 47.99800000 1875.65000 117.99000 18.68500 99.41000
 3 7 21 14 55 29225.80000 47.99800000 1876.86000 117.99000 18.68500 99.41000
 3 7 21 14 56 29225.80000 47.99800000 1876.86000 117.99000 18.68500 99.41000
 3 7 21 14 56 29225.90000 47.99800000 1876.42000 117.99000 18.68500 99.41000
 3 7 21 14 57 29228.60000 47.99800000 1876.00000 117.99000 18.68500 99.41000
 3 7 21 14 57 29231.50000 47.99800000 1877.88000 117.99000 18.68500 99.41000
 3 7 21 14 57 29231.30000 47.99800000 1878.39000 117.99000 18.68500 99.41000
 3 7 21 14 58 29231.30000 47.99800000 1878.34000 117.99000 18.68500 99.41000
 3 7 21 14 58 29231.30000 47.99800000 1878.35000 118.00000 18.68500 99.41000
 3 7 21 14 59 29231.00000 47.99800000 1878.50000 118.01000 18.68500 99.41000
 3 7 21 14 59 29241.10000 47.99800000 1878.50000 118.07000 18.68500 99.41000
 3 7 21 15 00 29241.10000 48.11400000 1878.49000 118.15000 18.68500 99.41000
 3 7 21 15 00 29241.10000 48.11400000 1878.50000 118.13000 18.68500 99.41000
 3 7 21 15 00 29250.00000 48.11400000 1880.00000 118.37000 18.68500 99.41000
 3 7 21 15 01 29250.00000 48.11400000 1879.73000 118.39000 18.68500 99.41000
 3 7 21 15 01 29247.40000 48.11400000 1880.00000 118.39000 18.68500 99.41000
 3 7 21 15 02 29244.00000 48.11400000 1880.00000 118.31000 18.68500 99.41000
 3 7 21 15 02 29238.20000 48.11400000 1880.00000 118.31000 18.68500 99.41000
 3 7 21 15 03 29238.10000 48.11400000 1879.58000 118.31000 18.68500 99.41000
 3 7 21 15 03 29248.30000 48.11400000 1880.34000 118.38000 18.68500 99.41000
 3 7 21 15 03 29248.30000 48.11400000 1880.07000 118.38000 18.68500 99.41000
 3 7 21 15 04 29248.40000 48.11400000 1880.47000 118.38000 18.68500 99.41000
 3 7 21 15 04 29236.50000 48.11400000 1880.47000 118.38000 18.68500 99.41000
 3 7 21 15 05 29245.70000 48.11400000 1880.47000 118.38000 18.68500 99.41000
 3 7 21 15 05 29240.10000 48.11400000 1880.36000 118.38000 18.68500 99.41000
 3 7 21 15 06 29239.60000 48.11400000 1880.36000 118.38000 18.68500 99.41000
 3 7 21 15 06 29226.10000 48.07200000 1880.19000 118.38000 18.68500 99.41000
 3 7 21 15 06 29256.90000 48.07200000 1881.55000 118.38000 18.68500 99.73900
 3 7 21 15 07 29251.90000 48.07200000 1881.17000 118.47000 18.68500 99.73900
 3 7 21 15 07 29253.50000 48.07200000 1881.17000 118.47000 18.68500 99.73900
 3 7 21 15 08 29258.20000 48.13200000 1882.39000 118.48000 18.68500 99.73900
 3 7 21 15 08 29258.20000 48.13200000 1882.39000 118.48000 18.68500 99.73900
 3 7 21 15 09 29266.00000 48.13200000 1883.11000 118.50000 18.68500 99.73900
 3 7 21 15 09 29266.00000 48.13200000 1882.80000 118.50000 18.68500 99.73900
 3 7 21 15 10 29261.40000 48.13200000 1882.80000 118.50000 18.68500 99.73900
 3 7 21 15 10 29252.10000 48.13200000 1880.58000 118.51000 18.68500 99.73900
 3 7 21 15 10 29252.00000 48.13200000 1880.58000 118.51000 18.68500 99.73900
 3 7 21 15 11 29251.90000 48.13200000 1881.76000 118.56000 18.68500 99.73900
 3 7 21 15 11 29258.10000 48.13200000 1882.28000 118.56000 18.68500 99.73900
 3 7 21 15 12 29262.00000 48.13200000 1882.54000 118.68000 18.68500 99.73900
 3 7 21 15 12 29251.90000 48.13200000 1882.54000 118.68000 18.68500 99.73900
 3 7 21 15 13 29255.80000 48.13200000 1883.09000 118.78000 18.68500 99.73900
 3 7 21 15 13 29255.70000 48.13200000 1883.27000 118.78000 18.68500 99.73900
 3 7 21 15 13 29257.20000 48.13200000 1882.86000 118.78000 18.68500 99.73900
 3 7 21 15 14 29259.80000 48.13200000 1881.93000 118.77000 18.68500 99.73900
 3 7 21 15 14 29262.40000 48.13200000 1881.93000 118.79000 18.68500 99.73900
 3 7 21 15 15 29265.40000 48.13200000 1881.93000 118.78000 18.68500 99.73900
 3 7 21 15 15 29268.00000 48.13200000 1881.93000 118.93000 18.68500 99.73900
 3 7 21 15 16 29270.60000 48.25900000 1883.06000 118.99000 18.68500 99.73900
 3 7 21 15 16 29280.00000 48.25900000 1884.00000 118.92000 18.68500 99.73900
 3 7 21 15 16 29279.70000 48.25900000 1883.33000 118.98000 18.68500 99.73900
 3 7 21 15 17 29280.00000 48.25900000 1883.33000 119.00000 18.68500 99.73900
 3 7 21 15 17 29268.90000 48.25900000 1881.83000 119.00000 18.68500 99.73900
 3 7 21 15 18 29279.90000 48.25900000 1881.84000 119.07000 18.68500 99.73900
 3 7 21 15 18 29280.00000 48.25900000 1881.92000 119.07000 18.68500 99.73900
 3 7 21 15 19 29280.00000 48.48900000 1881.92000 119.04000 18.68500 99.73900
 3 7 21 15 19 29279.90000 48.48900000 1881.92000 119.04000 18.68500 99.73900
 3 7 21 15 19 29280.00000 48.48900000 1881.92000 119.19000 18.68500 99.73900
 3 7 21 15 20 29279.90000 48.40500000 1881.92000 119.09000 18.68500 99.73900
 3 7 21 15 20 29262.50000 48.40500000 1881.83000 119.05000 18.68500 99.73900
 3 7 21 15 21 29262.40000 48.40500000 1881.83000 119.01000 18.68500 99.73900
 3 7 21 15 21 29259.60000 48.40500000 1880.00000 118.84000 18.68500 99.73900
 3 7 21 15 22 29246.90000 48.40500000 1878.51000 118.78000 18.68500 99.73900
 3 7 21 15 22 29246.80000 48.40500000 1878.51000 118.78000 18.68500 99.73900
 3 7 21 15 22 29221.80000 48.40500000 1878.50000 118.78000 18.68500 99.73900
 3 7 21 15 23 29215.90000 48.40500000 1877.20000 118.78000 18.68500 99.73900
 3 7 21 15 23 29211.80000 48.40500000 1874.01000 118.71000 18.68500 99.73900
 3 7 21 15 24 29211.90000 48.18900000 1875.64000 118.57000 18.68500 99.73900
 3 7 21 15 24 29206.00000 48.18900000 1875.46000 118.56000 18.68500 99.73900
 3 7 21 15 25 29206.00000 48.18900000 1876.40000 118.53000 18.68500 99.73900
 3 7 21 15 25 29209.20000 48.18900000 1876.40000 118.67000 18.68500 99.73900
 3 7 21 15 25 29200.30000 48.18900000 1875.88000 118.58000 18.68500 99.73900
 3 7 21 15 26 29206.00000 48.18900000 1876.81000 118.71000 18.68500 99.73900
 3 7 21 15 26 29208.60000 48.18900000 1876.74000 118.71000 18.68500 99.73900
 3 7 21 15 27 29209.20000 48.18900000 1876.74000 118.70000 18.68500 99.73900
 3 7 21 15 27 29216.40000 48.18900000 1876.74000 118.68000 18.68500 99.73900
 3 7 21 15 28 29202.30000 48.33200000 1876.38000 118.63000 18.68500 99.73900
 3 7 21 15 28 29210.10000 48.33200000 1878.34000 118.63000 18.68500 99.73900
 3 7 21 15 28 29210.90000 48.33200000 1877.86000 118.63000 18.68500 99.73900
 3 7 21 15 29 29207.00000 48.34900000 1877.86000 118.63000 18.68500 99.73900
 3 7 21 15 29 29213.80000 48.34900000 1877.86000 118.63000 18.68500 99.73900
 3 7 21 15 30 29213.90000 48.34900000 1877.66000 118.63000 18.68500 99.73900
 3 7 21 15 30 29206.30000 48.34900000 1877.14000 118.62000 18.68500 99.73900
 3 7 21 15 31 29211.30000 48.34900000 1877.04000 118.62000 18.68500 99.73900
 3 7 21 15 31 29211.30000 48.34900000 1877.04000 118.62000 18.75000 99.73900
 3 7 21 15 31 29202.80000 48.34900000 1874.93000 118.54000 18.75000 99.73900
 3 7 21 15 32 29180.00000 48.34900000 1872.61000 118.36000 18.75000 99.73900
 3 7 21 15 32 29165.00000 48.34900000 1872.61000 118.34000 18.75000 99.73900
 3 7 21 15 33 29170.00000 48.34900000 1872.20000 118.29000 18.75000 99.73900
 3 7 21 15 33 29181.00000 48.34900000 1872.34000 118.31000 18.75000 99.73900
 3 7 21 15 34 29175.90000 48.09100000 1871.97000 118.31000 18.75000 99.73900
 3 7 21 15 34 29175.90000 48.09100000 1871.56000 118.22000 18.75000 99.73900
 3 7 21 15 34 29142.90000 48.09100000 1871.56000 118.17000 18.75000 99.73900
 3 7 21 15 35 29153.90000 48.09100000 1871.75000 118.17000 18.75000 99.73900
 3 7 21 15 35 29143.10000 48.09100000 1871.85000 118.15000 18.75000 99.73900
 3 7 21 15 36 29138.50000 48.09100000 1871.85000 118.12000 18.75000 99.73900
 3 7 21 15 36 29140.90000 48.09100000 1871.85000 118.10000 18.75000 99.73900
 3 7 21 15 37 29128.00000 48.09100000 1871.85000 118.08000 18.75000 99.73900
 3 7 21 15 37 29125.90000 48.09100000 1871.81000 118.08000 18.75000 99.73900
