M=[
 5 11 20 04 48 12168.90000 4.16300000 344.10000 47.31000 12.28500 46.37800
 5 11 20 04 48 12171.00000 4.16300000 343.97000 47.31000 12.28500 46.37800
 5 11 20 04 49 12171.70000 4.16300000 343.97000 47.31000 12.28500 46.37800
 5 11 20 04 49 12177.80000 4.16300000 343.97000 47.30000 12.28500 46.37800
 5 11 20 04 50 12180.00000 4.16300000 343.97000 47.30000 12.28500 46.37800
 5 11 20 04 50 12180.00000 4.16300000 343.88000 47.30000 12.28500 46.37800
 5 11 20 04 50 12162.20000 4.16300000 343.78000 47.30000 12.28500 46.37800
 5 11 20 04 51 12162.30000 4.16300000 343.78000 47.30000 12.28500 46.37800
 5 11 20 04 51 12161.80000 4.16300000 343.87000 47.30000 12.28500 46.37800
 5 11 20 04 52 12157.60000 4.16300000 343.87000 47.30000 12.28500 46.37800
 5 11 20 04 52 12154.10000 4.16300000 343.87000 47.30000 12.28500 46.37800
 5 11 20 04 53 12157.60000 4.16300000 343.87000 47.30000 12.28500 46.37800
 5 11 20 04 53 12157.60000 4.16300000 343.87000 47.30000 12.28500 46.37800
 5 11 20 04 53 12170.80000 4.16300000 343.87000 47.30000 12.28500 46.37800
 5 11 20 04 54 12165.40000 4.16300000 343.83000 47.30000 12.28500 46.37800
 5 11 20 04 54 12165.40000 4.16300000 343.83000 47.30000 12.28500 46.37800
 5 11 20 04 55 12166.50000 4.16300000 343.83000 47.30000 12.28500 46.37800
 5 11 20 04 55 12155.40000 4.16300000 343.83000 47.30000 12.28500 46.37800
 5 11 20 04 56 12165.40000 4.16300000 343.83000 47.30000 12.28500 46.37800
 5 11 20 04 56 12165.40000 4.16300000 343.83000 47.30000 12.28500 46.37800
 5 11 20 04 56 12170.40000 4.16300000 343.83000 47.30000 12.28500 46.37800
 5 11 20 04 57 12169.80000 4.16300000 343.83000 47.30000 12.28500 46.37800
 5 11 20 04 57 12169.80000 4.16300000 343.83000 47.30000 12.28500 46.37800
 5 11 20 04 58 12174.20000 4.16300000 343.83000 47.30000 12.28500 46.37800
 5 11 20 04 58 12174.20000 4.16300000 343.83000 47.25000 12.28500 46.37800
 5 11 20 04 59 12170.90000 4.16300000 343.83000 47.25000 12.28500 46.37800
 5 11 20 04 59 12170.90000 4.16300000 343.45000 47.25000 12.28500 46.37800
 5 11 20 04 59 12177.10000 4.16300000 343.43000 47.25000 12.28500 46.37800
 5 11 20 05 00 12177.10000 4.16300000 343.32000 47.30000 12.28500 46.37800
 5 11 20 05 00 12175.20000 4.16300000 343.32000 47.30000 12.28500 46.37800
 5 11 20 05 01 12171.70000 4.16300000 343.19000 47.30000 12.28500 46.37800
 5 11 20 05 01 12172.70000 4.16300000 343.19000 47.30000 12.28500 46.37800
 5 11 20 05 02 12172.70000 4.16300000 343.23000 47.30000 12.28500 46.37800
 5 11 20 05 02 12170.90000 4.16300000 343.23000 47.30000 12.28500 46.37800
 5 11 20 05 03 12165.70000 4.16300000 343.21000 47.32000 12.28500 46.37800
 5 11 20 05 03 12165.20000 4.16300000 343.21000 47.32000 12.28500 46.37800
 5 11 20 05 03 12165.30000 4.16300000 343.21000 47.32000 12.28500 46.37800
 5 11 20 05 04 12165.30000 4.16300000 343.17000 47.32000 12.28500 46.37800
 5 11 20 05 04 12161.10000 4.16300000 343.02000 47.32000 12.28500 46.37800
 5 11 20 05 05 12161.10000 4.16300000 342.68000 47.32000 12.28500 46.37800
 5 11 20 05 05 12154.10000 4.16300000 342.68000 47.32000 12.28500 46.37800
 5 11 20 05 06 12150.00000 4.16300000 342.35000 47.32000 12.28500 46.37800
 5 11 20 05 06 12158.20000 4.16300000 342.74000 47.32000 12.28500 46.37800
 5 11 20 05 06 12158.20000 4.16300000 342.74000 47.32000 12.28500 46.26700
 5 11 20 05 07 12159.50000 4.16300000 342.74000 47.32000 12.28500 46.26700
 5 11 20 05 07 12165.20000 4.16300000 342.74000 47.32000 12.28500 46.26700
 5 11 20 05 08 12170.80000 4.16300000 342.74000 47.32000 12.28500 46.26700
 5 11 20 05 08 12170.90000 4.16300000 342.74000 47.32000 12.28500 46.26700
 5 11 20 05 09 12170.90000 4.16300000 342.74000 47.32000 12.28500 46.26700
 5 11 20 05 09 12175.10000 4.16300000 343.41000 47.32000 12.28500 46.26700
 5 11 20 05 09 12176.10000 4.16300000 343.41000 47.32000 12.28500 46.26700
 5 11 20 05 10 12173.10000 4.16300000 343.41000 47.32000 12.28500 46.26700
 5 11 20 05 10 12171.00000 4.16300000 343.38000 47.32000 12.28500 46.26700
 5 11 20 05 11 12178.90000 4.16300000 343.38000 47.27000 12.28500 46.26700
 5 11 20 05 11 12178.70000 4.16300000 343.38000 47.27000 12.28500 46.26700
 5 11 20 05 12 12180.00000 4.16300000 343.38000 47.27000 12.28500 46.26700
 5 11 20 05 12 12180.00000 4.16300000 343.38000 47.27000 12.28500 46.26700
 5 11 20 05 12 12180.00000 4.16300000 343.38000 47.27000 12.28500 46.26700
 5 11 20 05 13 12184.60000 4.16300000 343.38000 47.27000 12.28500 46.26700
 5 11 20 05 13 12184.60000 4.16300000 343.38000 47.27000 12.28500 46.26700
 5 11 20 05 14 12184.60000 4.16300000 343.68000 47.28000 12.28500 46.26700
 5 11 20 05 14 12184.60000 4.16300000 343.68000 47.28000 12.28500 46.26700
 5 11 20 05 15 12185.00000 4.16300000 343.68000 47.28000 12.28500 46.26700
 5 11 20 05 15 12185.00000 4.16300000 343.68000 47.28000 12.28500 46.26700
 5 11 20 05 15 12185.00000 4.16300000 343.68000 47.28000 12.28500 46.26700
 5 11 20 05 16 12185.00000 4.16300000 343.68000 47.28000 12.28500 46.26700
 5 11 20 05 16 12185.00000 4.16300000 343.99000 47.28000 12.28500 46.26700
 5 11 20 05 17 12184.70000 4.16300000 343.99000 47.28000 12.28500 46.26700
 5 11 20 05 17 12184.80000 4.16300000 343.99000 47.28000 12.28500 46.26700
 5 11 20 05 18 12184.80000 4.16300000 343.99000 47.30000 12.28500 46.26700
 5 11 20 05 18 12184.90000 4.16300000 344.38000 47.30000 12.28500 46.26700
 5 11 20 05 18 12185.00000 4.16300000 344.38000 47.30000 12.28500 46.26700
 5 11 20 05 19 12184.90000 4.16300000 344.36000 47.30000 12.28500 46.26700
 5 11 20 05 19 12185.00000 4.16300000 344.36000 47.35000 12.28500 46.26700
 5 11 20 05 20 12185.00000 4.16300000 344.35000 47.35000 12.28500 46.26700
 5 11 20 05 20 12197.60000 4.16300000 344.63000 47.35000 12.28500 46.26700
 5 11 20 05 21 12197.60000 4.16300000 344.63000 47.35000 12.28500 46.26700
 5 11 20 05 21 12198.80000 4.16300000 344.52000 47.35000 12.28500 46.26700
 5 11 20 05 21 12193.70000 4.16300000 344.52000 47.35000 12.28500 46.26700
 5 11 20 05 22 12199.10000 4.16300000 344.30000 47.35000 12.28500 46.26700
 5 11 20 05 22 12192.90000 4.16300000 344.30000 47.35000 12.28500 46.26700
 5 11 20 05 23 12192.90000 4.16300000 344.22000 47.35000 12.28500 46.26700
 5 11 20 05 23 12192.80000 4.16300000 343.98000 47.35000 12.28500 46.26700
 5 11 20 05 24 12192.80000 4.16300000 343.98000 47.35000 12.28500 46.26700
 5 11 20 05 24 12192.90000 4.16300000 343.98000 47.35000 12.28500 46.26700
 5 11 20 05 24 12192.90000 4.16300000 343.98000 47.35000 12.28500 46.26700
 5 11 20 05 25 12192.90000 4.16300000 343.98000 47.35000 12.28500 46.26700
 5 11 20 05 25 12192.80000 4.16300000 343.98000 47.35000 12.28500 46.26700
 5 11 20 05 26 12184.80000 4.16300000 344.26000 47.35000 12.28500 46.26700
 5 11 20 05 26 12184.70000 4.16300000 344.26000 47.35000 12.28500 46.26700
 5 11 20 05 27 12180.80000 4.16300000 344.17000 47.35000 12.28500 46.26700
 5 11 20 05 27 12178.70000 4.16300000 344.17000 47.35000 12.28500 46.26700
 5 11 20 05 27 12178.70000 4.16300000 344.16000 47.35000 12.28500 46.26700
 5 11 20 05 28 12173.20000 4.16300000 344.16000 47.35000 12.28500 46.26700
 5 11 20 05 28 12173.20000 4.16300000 344.16000 47.34000 12.28500 46.26700
 5 11 20 05 29 12171.00000 4.16300000 344.16000 47.34000 12.28500 46.26700
 5 11 20 05 29 12169.20000 4.16300000 343.67000 47.34000 12.28500 46.26700
 5 11 20 05 30 12174.10000 4.16300000 343.67000 47.34000 12.28500 46.26700
 5 11 20 05 30 12174.10000 4.16300000 343.67000 47.34000 12.28500 46.26700
 5 11 20 05 30 12174.10000 4.16300000 343.64000 47.34000 12.28500 46.26700
 5 11 20 05 31 12174.10000 4.16300000 343.64000 47.34000 12.28500 46.26700
 5 11 20 05 31 12174.00000 4.16300000 343.64000 47.34000 12.28500 46.26700
 5 11 20 05 32 12174.10000 4.16300000 343.64000 47.34000 12.28500 46.26700
 5 11 20 05 32 12174.10000 4.16300000 343.65000 47.34000 12.28500 46.26700
 5 11 20 05 33 12174.00000 4.16300000 343.65000 47.33000 12.28500 46.26700
 5 11 20 05 33 12163.70000 4.16300000 343.65000 47.33000 12.28500 46.26700
