M=[
23 8 20 13 41 9881.40000 5.72600000 332.20000 50.33000 22.28700 64.51100
23 8 20 13 42 9881.40000 5.72600000 332.11000 50.33000 22.28700 64.51100
23 8 20 13 43 9881.40000 5.72600000 332.11000 50.33000 22.28700 64.51100
23 8 20 13 43 9878.70000 5.72600000 331.97000 50.33000 22.28700 64.51100
23 8 20 13 43 9880.20000 5.72600000 331.98000 50.33000 22.28700 64.51100
23 8 20 13 44 9878.70000 5.72600000 331.79000 50.26000 22.28700 64.44700
23 8 20 13 44 9878.70000 5.72600000 331.55000 50.25000 22.28700 64.24500
23 8 20 13 45 9872.00000 5.72600000 331.48000 50.25000 22.20700 64.24500
23 8 20 13 46 9863.20000 5.72600000 330.82000 50.12000 22.07100 64.24500
23 8 20 13 47 9858.40000 5.72600000 330.13000 50.12000 22.19000 64.24500
23 8 20 13 47 9869.00000 5.72600000 330.31000 50.12000 22.19000 64.24500
23 8 20 13 48 9854.90000 5.72600000 330.35000 50.12000 22.19000 64.24500
23 8 20 13 49 9848.50000 5.72600000 330.35000 50.12000 22.19000 64.24500
23 8 20 13 49 9855.60000 5.72600000 330.63000 50.12000 22.16400 64.24500
23 8 20 13 50 9853.70000 5.72600000 330.41000 50.07000 22.16400 64.24500
23 8 20 13 50 9847.80000 5.72600000 330.34000 50.07000 22.16400 64.24500
23 8 20 13 51 9840.10000 5.72600000 330.01000 49.89000 22.16400 64.24500
23 8 20 13 52 9845.80000 5.72600000 330.48000 49.89000 22.16400 64.24500
23 8 20 13 52 9836.80000 5.72600000 330.48000 49.89000 22.16400 64.24500
23 8 20 13 53 9836.70000 5.72600000 330.28000 49.89000 22.16400 64.24500
23 8 20 13 53 9836.80000 5.72600000 330.17000 49.89000 22.16400 64.24500
23 8 20 13 54 9841.40000 5.72600000 330.28000 49.89000 22.16400 64.24500
23 8 20 13 54 9842.10000 5.72600000 330.32000 49.89000 22.16300 64.24500
23 8 20 13 55 9847.60000 5.72600000 330.53000 49.89000 22.16300 64.24500
23 8 20 13 55 9847.60000 5.72600000 330.53000 49.89000 22.16300 64.24500
23 8 20 13 56 9847.60000 5.72600000 330.44000 50.00000 22.09000 64.24500
23 8 20 13 56 9838.60000 5.72600000 330.01000 50.00000 22.09000 64.24500
23 8 20 13 57 9834.70000 5.72600000 329.40000 50.00000 22.09000 64.24500
23 8 20 13 57 9834.50000 5.72600000 329.71000 50.00000 22.09000 64.24500
23 8 20 13 58 9834.40000 5.72600000 329.53000 50.00000 22.09000 64.24500
23 8 20 13 59 9838.50000 5.72600000 329.98000 50.00000 22.09000 64.24500
23 8 20 13 59 9841.40000 5.72600000 330.11000 49.97000 22.09000 64.24500
23 8 20 14 00 9847.90000 5.72600000 330.39000 50.05000 22.04100 64.24500
23 8 20 14 00 9839.80000 5.72600000 330.21000 50.05000 22.04100 64.24500
23 8 20 14 01 9847.90000 5.72600000 330.13000 50.05000 21.88400 64.24500
23 8 20 14 01 9848.10000 5.72600000 329.98000 50.01000 21.88400 64.24500
23 8 20 14 02 9847.50000 5.72600000 330.05000 50.01000 21.88400 64.24500
23 8 20 14 03 9850.00000 5.72600000 330.52000 50.01000 21.88400 64.24500
23 8 20 14 03 9850.00000 5.72600000 330.52000 50.01000 21.88400 64.24500
23 8 20 14 04 9853.90000 5.72600000 330.52000 50.01000 21.88400 64.24500
23 8 20 14 04 9856.40000 5.72600000 330.57000 50.01000 21.88400 64.24500
23 8 20 14 05 9858.30000 5.72600000 330.57000 50.10000 22.02500 64.24500
23 8 20 14 05 9858.20000 5.72600000 330.66000 50.10000 22.02500 64.24500
23 8 20 14 06 9858.30000 5.72600000 330.65000 50.10000 22.02500 64.24500
23 8 20 14 06 9858.80000 5.72600000 330.66000 50.15000 22.02500 64.24500
23 8 20 14 07 9860.00000 5.72600000 330.68000 50.15000 22.02500 64.26800
23 8 20 14 07 9860.00000 5.72600000 330.68000 50.15000 22.02500 64.26800
23 8 20 14 08 9859.90000 5.72800000 330.91000 50.15000 22.04800 64.26800
23 8 20 14 08 9860.00000 5.72800000 330.86000 50.14000 21.90900 64.26800
23 8 20 14 09 9860.00000 5.72800000 330.58000 50.14000 21.90900 64.26800
23 8 20 14 09 9860.00000 5.72800000 330.34000 50.14000 21.90900 64.26800
23 8 20 14 10 9860.00000 5.74800000 330.49000 50.14000 21.90900 64.26800
23 8 20 14 10 9860.00000 5.74800000 330.43000 50.14000 21.95000 64.26800
23 8 20 14 11 9859.90000 5.74800000 330.54000 50.14000 21.95000 64.26800
23 8 20 14 11 9860.00000 5.74800000 330.32000 50.14000 21.95000 64.26800
23 8 20 14 11 9860.00000 5.74800000 330.33000 50.09000 21.95000 64.26800
23 8 20 14 12 9860.00000 5.74800000 330.46000 50.09000 21.95000 64.26800
23 8 20 14 12 9860.50000 5.74800000 330.46000 50.09000 21.95000 64.26800
23 8 20 14 13 9868.00000 5.74800000 330.94000 50.09000 21.95000 64.26800
23 8 20 14 14 9869.90000 5.74800000 330.95000 50.09000 21.95000 64.26800
23 8 20 14 14 9869.00000 5.74800000 330.95000 50.09000 21.95000 64.26800
23 8 20 14 15 9868.70000 5.74800000 330.49000 50.09000 21.95000 64.26800
23 8 20 14 15 9870.00000 5.73400000 330.62000 50.09000 21.95000 64.26800
23 8 20 14 16 9870.10000 5.73400000 330.70000 50.16000 21.95000 64.26800
23 8 20 14 16 9861.20000 5.73400000 330.50000 50.16000 21.94900 64.26800
23 8 20 14 17 9863.10000 5.73400000 330.56000 50.17000 21.95000 64.26800
23 8 20 14 17 9863.70000 5.73400000 330.52000 50.17000 21.94900 64.26800
23 8 20 14 18 9863.70000 5.73400000 330.53000 50.17000 21.95000 64.26800
23 8 20 14 18 9863.50000 5.73400000 330.54000 50.15000 21.95000 64.26800
23 8 20 14 19 9863.50000 5.73400000 330.53000 50.15000 21.95000 64.26800
23 8 20 14 19 9863.50000 5.73400000 330.54000 50.15000 21.95000 64.26800
23 8 20 14 20 9863.70000 5.73400000 330.56000 50.15000 21.95000 64.26800
23 8 20 14 20 9863.60000 5.73400000 330.56000 50.15000 21.95000 64.26800
23 8 20 14 21 9863.70000 5.73400000 330.57000 50.15000 21.95000 64.26800
23 8 20 14 22 9863.70000 5.73400000 330.57000 50.15000 21.95000 64.26800
23 8 20 14 22 9865.60000 5.73400000 330.81000 50.15000 21.95000 64.26800
23 8 20 14 22 9868.10000 5.70700000 330.81000 50.15000 21.95000 64.26800
23 8 20 14 23 9868.10000 5.70900000 330.85000 50.15000 21.95000 64.26800
23 8 20 14 23 9869.00000 5.70900000 330.72000 50.15000 21.95000 64.26800
23 8 20 14 24 9867.30000 5.70900000 330.71000 50.15000 21.95000 64.26800
23 8 20 14 25 9863.70000 5.70900000 330.57000 50.15000 21.95000 64.26800
23 8 20 14 25 9860.20000 5.70900000 330.53000 50.07000 21.95000 64.26800
23 8 20 14 26 9859.10000 5.70900000 330.54000 50.03000 21.95000 64.26800
23 8 20 14 26 9859.00000 5.70900000 330.36000 49.97000 21.95000 64.26800
23 8 20 14 27 9859.10000 5.70900000 330.33000 49.97000 21.95000 64.26800
23 8 20 14 27 9859.60000 5.70900000 330.33000 49.97000 21.95000 64.26800
23 8 20 14 28 9859.20000 5.70900000 330.32000 50.06000 21.95000 64.38900
23 8 20 14 28 9860.20000 5.69800000 330.24000 50.06000 21.95000 64.38900
23 8 20 14 29 9860.60000 5.69800000 330.24000 50.06000 21.95000 64.38900
23 8 20 14 29 9860.50000 5.69800000 330.29000 50.06000 21.95000 64.38900
23 8 20 14 30 9868.10000 5.69800000 330.57000 50.20000 21.95000 64.38900
23 8 20 14 30 9870.90000 5.69800000 331.00000 50.20000 21.95000 64.38900
23 8 20 14 31 9867.60000 5.69800000 330.70000 50.20000 21.95000 64.54600
23 8 20 14 31 9869.60000 5.69800000 330.70000 50.20000 21.95000 64.54600
23 8 20 14 32 9869.60000 5.69800000 330.68000 50.11000 21.95000 64.54600
23 8 20 14 32 9869.60000 5.69800000 330.58000 50.11000 21.95000 64.54600
23 8 20 14 33 9869.50000 5.69800000 330.48000 50.11000 21.95000 64.54600
23 8 20 14 33 9863.90000 5.69800000 330.50000 50.11000 21.95000 64.54600
23 8 20 14 34 9863.30000 5.69800000 330.36000 50.11000 21.95000 64.54600
23 8 20 14 34 9863.30000 5.69800000 330.36000 50.11000 21.95000 64.54600
23 8 20 14 35 9860.70000 5.69800000 330.34000 50.11000 21.95000 64.54600
23 8 20 14 35 9860.30000 5.69800000 330.22000 50.11000 21.95000 64.54600
23 8 20 14 36 9861.00000 5.69800000 330.29000 50.11000 21.95000 64.54600
23 8 20 14 36 9860.90000 5.69800000 330.29000 50.11000 21.95000 64.54600
23 8 20 14 37 9860.70000 5.69800000 330.23000 50.11000 21.95000 64.54600
23 8 20 14 37 9860.80000 5.69800000 330.23000 50.11000 21.95000 64.54600
23 8 20 14 38 9860.70000 5.69800000 330.23000 50.11000 21.95000 64.54600
23 8 20 14 38 9860.80000 5.69800000 330.23000 50.11000 21.95000 64.54600
23 8 20 14 38 9860.70000 5.69800000 330.22000 50.11000 21.95000 64.54600
