M=[
25 6 21 20 49 27064.50000 33.94700000 1566.30000 108.08000 14.93100 87.49000
25 6 21 20 50 27077.50000 34.05300000 1566.61000 108.07000 14.93100 87.49000
25 6 21 20 50 27070.30000 34.05300000 1566.61000 108.07000 14.93100 87.49000
25 6 21 20 51 27064.50000 34.05300000 1566.66000 108.07000 14.93100 87.49000
25 6 21 20 51 27030.70000 34.05300000 1564.70000 108.07000 14.93100 87.49000
25 6 21 20 51 27026.80000 34.05300000 1564.70000 108.07000 14.93100 87.49000
25 6 21 20 52 27000.00000 34.05300000 1564.00000 108.07000 14.93100 87.49000
25 6 21 20 52 26956.80000 34.05300000 1560.33000 107.71000 14.93100 87.49000
25 6 21 20 53 26944.70000 34.05300000 1559.39000 107.71000 14.93100 87.49000
25 6 21 20 53 26959.10000 34.05300000 1559.39000 107.71000 14.93100 87.49000
25 6 21 20 54 26969.30000 34.05300000 1559.08000 107.71000 14.93100 87.49000
25 6 21 20 54 26970.80000 34.05300000 1559.09000 107.71000 14.93100 87.49000
25 6 21 20 54 26975.50000 34.05300000 1559.38000 107.92000 14.93100 87.49000
25 6 21 20 55 27011.50000 34.05300000 1561.34000 107.92000 14.93100 87.49000
25 6 21 20 55 26996.40000 34.05300000 1561.34000 107.92000 14.93100 87.49000
25 6 21 20 56 27017.60000 34.05300000 1564.09000 107.92000 14.93100 87.49000
25 6 21 20 56 27006.10000 34.05300000 1564.09000 107.92000 14.93100 87.49000
25 6 21 20 57 27006.10000 34.05300000 1565.15000 108.08000 14.93100 87.49000
25 6 21 20 57 27013.30000 34.05300000 1565.38000 108.08000 14.93100 87.49000
25 6 21 20 57 27024.50000 34.05300000 1565.75000 108.12000 14.93100 87.49000
25 6 21 20 58 27017.20000 34.05300000 1565.75000 108.12000 14.93100 87.49000
25 6 21 20 58 27023.90000 34.05300000 1565.00000 108.12000 14.93100 87.49000
25 6 21 20 59 27023.40000 34.05300000 1565.00000 108.12000 14.93100 87.49000
25 6 21 20 59 27050.80000 34.05300000 1565.00000 108.19000 14.93100 87.49000
25 6 21 21 00 27000.50000 34.05300000 1565.00000 108.19000 14.93100 87.49000
25 6 21 21 00 26930.50000 34.05300000 1562.59000 108.19000 14.93100 87.49000
25 6 21 21 00 26916.40000 34.05300000 1560.63000 108.19000 14.93100 87.49000
25 6 21 21 01 26908.10000 34.05300000 1560.21000 107.83000 14.93100 87.49000
25 6 21 21 01 26900.00000 34.05300000 1559.66000 107.83000 14.93100 87.52900
25 6 21 21 02 26900.00000 34.05300000 1560.75000 107.86000 14.93100 87.52900
25 6 21 21 02 26925.40000 34.05300000 1561.35000 107.86000 14.93100 87.52900
25 6 21 21 03 26943.20000 34.05300000 1562.03000 107.96000 14.93100 87.52900
25 6 21 21 03 26917.60000 34.05300000 1560.26000 107.96000 14.93100 87.52900
25 6 21 21 03 26889.60000 34.05300000 1560.19000 107.82000 14.93100 87.52900
25 6 21 21 04 26889.70000 33.88200000 1558.62000 107.83000 14.93100 87.52900
25 6 21 21 04 26889.70000 33.83200000 1559.49000 107.83000 14.93100 87.52900
25 6 21 21 05 26889.70000 33.83200000 1559.26000 107.82000 14.93100 87.52900
25 6 21 21 05 26889.70000 33.83200000 1559.26000 107.75000 14.93100 87.52900
25 6 21 21 06 26899.60000 33.83200000 1559.26000 107.74000 14.93100 87.52900
25 6 21 21 06 26811.80000 33.83200000 1557.11000 107.75000 14.93100 87.52900
25 6 21 21 06 26770.70000 33.83200000 1557.11000 107.75000 14.93100 87.52900
25 6 21 21 07 26802.80000 33.83200000 1555.82000 107.44000 14.93100 87.52900
25 6 21 21 07 26767.40000 33.83200000 1554.42000 107.25000 14.93100 87.52900
25 6 21 21 08 26730.20000 33.68500000 1553.17000 107.25000 14.93100 87.52900
25 6 21 21 08 26758.80000 33.68500000 1554.42000 107.25000 14.93100 87.52900
25 6 21 21 09 26760.50000 33.71300000 1554.43000 107.25000 14.93100 87.52900
25 6 21 21 09 26763.60000 33.71300000 1554.87000 107.25000 14.89900 87.52900
25 6 21 21 09 26767.00000 33.67200000 1554.78000 107.32000 14.89900 87.52900
25 6 21 21 10 26764.30000 33.67200000 1555.13000 107.32000 14.89900 87.52900
25 6 21 21 10 26730.20000 33.67200000 1555.13000 107.32000 14.89900 87.52900
25 6 21 21 11 26669.00000 33.67200000 1551.50000 107.32000 14.89900 87.52900
25 6 21 21 11 26533.80000 33.67200000 1548.59000 106.71000 14.89900 87.52900
25 6 21 21 12 26612.90000 33.67200000 1550.55000 106.71000 14.89900 87.52900
25 6 21 21 12 26627.50000 33.67200000 1551.95000 106.55000 14.89900 87.52900
25 6 21 21 12 26537.90000 33.67200000 1544.10000 106.25000 14.89900 87.52900
25 6 21 21 13 26579.70000 33.67200000 1543.89000 106.22000 14.89900 87.52900
25 6 21 21 13 26570.60000 33.67200000 1546.57000 106.17000 14.89900 87.52900
25 6 21 21 14 26510.60000 33.67200000 1544.79000 106.28000 14.89900 86.33700
25 6 21 21 14 26545.10000 33.67200000 1547.69000 106.25000 14.89900 86.33700
25 6 21 21 15 26548.80000 33.67200000 1547.70000 106.24000 14.89900 86.33700
25 6 21 21 15 26547.80000 33.67200000 1546.88000 106.24000 14.89900 86.33700
25 6 21 21 15 26547.70000 33.67200000 1546.38000 106.24000 14.89900 86.33700
25 6 21 21 16 26506.00000 33.67200000 1544.51000 106.24000 14.89900 86.33700
25 6 21 21 16 26531.30000 33.67200000 1544.51000 106.24000 14.89900 86.33700
25 6 21 21 17 26540.80000 33.67200000 1547.69000 106.29000 14.89900 86.33700
25 6 21 21 17 26505.50000 33.67200000 1547.69000 106.29000 14.89900 86.33700
25 6 21 21 18 26505.30000 33.67200000 1545.12000 106.17000 14.89900 86.33700
25 6 21 21 18 26530.50000 33.67200000 1547.16000 106.17000 14.89900 86.33700
25 6 21 21 18 26510.80000 33.67200000 1547.16000 106.17000 14.89900 86.33700
25 6 21 21 19 26540.90000 33.67200000 1547.15000 106.24000 14.89900 86.33700
25 6 21 21 19 26508.10000 33.34900000 1547.15000 106.24000 14.89900 86.33700
25 6 21 21 20 26519.00000 33.34900000 1546.49000 106.24000 14.89900 86.33700
25 6 21 21 20 26542.20000 33.34900000 1548.60000 106.26000 14.89900 86.33700
25 6 21 21 21 26535.60000 33.34900000 1547.35000 106.26000 14.89900 86.33700
25 6 21 21 21 26550.40000 33.34900000 1547.35000 106.31000 14.89900 86.33700
25 6 21 21 21 26559.70000 33.34900000 1549.67000 106.31000 14.89900 86.33700
25 6 21 21 22 26617.30000 33.34900000 1550.00000 106.46000 14.89900 86.33700
25 6 21 21 22 26641.40000 33.55600000 1552.99000 106.46000 14.89900 86.33700
25 6 21 21 23 26617.70000 33.55600000 1553.01000 106.46000 14.89900 86.33700
25 6 21 21 23 26597.40000 33.55600000 1553.01000 106.55000 14.89900 86.43700
25 6 21 21 24 26622.40000 33.55600000 1553.87000 106.55000 14.89900 86.43700
25 6 21 21 24 26635.60000 33.55600000 1552.01000 106.62000 14.89900 86.43700
25 6 21 21 24 26639.30000 33.55600000 1551.26000 106.62000 14.89900 86.43700
25 6 21 21 25 26656.70000 33.55600000 1551.99000 106.62000 14.89900 86.43700
25 6 21 21 25 26688.10000 33.55600000 1552.00000 106.62000 14.89900 86.43700
25 6 21 21 26 26687.90000 33.55600000 1553.69000 106.73000 14.89900 86.43700
25 6 21 21 26 26683.40000 33.55600000 1554.10000 106.78000 14.89900 86.43700
25 6 21 21 27 26702.60000 33.55600000 1554.52000 106.78000 14.89900 86.43700
25 6 21 21 27 26691.50000 33.55600000 1554.30000 106.80000 14.89900 86.43700
25 6 21 21 27 26691.30000 33.55600000 1554.30000 106.80000 14.89900 86.43700
25 6 21 21 28 26699.00000 33.55600000 1554.30000 106.86000 14.89900 86.43700
25 6 21 21 28 26698.60000 33.55600000 1554.30000 106.92000 14.89900 86.43700
25 6 21 21 29 26698.50000 33.55600000 1554.30000 106.92000 14.89900 86.43700
25 6 21 21 29 26693.20000 33.55600000 1554.29000 107.01000 14.89900 86.43700
25 6 21 21 30 26685.20000 33.55600000 1554.30000 107.03000 14.89900 86.43700
25 6 21 21 30 26627.50000 33.55600000 1554.29000 106.99000 14.89900 86.43700
25 6 21 21 30 26625.90000 33.55600000 1553.96000 106.99000 14.89900 86.43700
25 6 21 21 31 26623.50000 33.55600000 1553.96000 106.87000 14.89900 86.43700
25 6 21 21 31 26621.30000 33.55600000 1553.96000 106.87000 14.89900 86.43700
25 6 21 21 32 26668.80000 33.51500000 1553.97000 106.87000 14.89900 86.43700
25 6 21 21 32 26780.20000 33.51500000 1556.83000 106.87000 14.89900 86.43700
25 6 21 21 33 26822.00000 33.51500000 1559.62000 107.16000 14.89900 86.43700
25 6 21 21 33 26785.70000 33.51500000 1560.00000 107.16000 14.89900 86.43700
