M=[
26 4 21 12 32 44628.10000 26.52300000 2086.25000 202.82000 32.14700 185.25700
26 4 21 12 32 44589.80000 26.52300000 2082.50000 202.35000 32.12900 185.25700
26 4 21 12 33 44613.40000 26.52300000 2081.94000 202.71000 32.12900 185.25700
26 4 21 12 33 44580.60000 26.52300000 2081.13000 202.19000 32.12900 184.95200
26 4 21 12 34 44601.50000 26.52300000 2079.74000 201.96000 32.12900 184.95200
26 4 21 12 34 44653.40000 26.52300000 2081.21000 202.64000 32.12900 184.95200
26 4 21 12 34 44637.00000 26.52300000 2081.40000 202.62000 32.12900 185.53000
26 4 21 12 35 44645.10000 26.52300000 2084.28000 202.87000 32.12900 185.83800
26 4 21 12 35 44657.90000 26.52300000 2084.00000 202.87000 32.12900 185.83800
26 4 21 12 36 44657.90000 26.52300000 2084.91000 203.12000 32.12900 185.83800
26 4 21 12 36 44657.90000 26.52300000 2081.80000 202.76000 32.12900 185.83800
26 4 21 12 37 44663.20000 26.69200000 2084.64000 202.90000 32.12900 185.83800
26 4 21 12 37 44680.00000 26.69200000 2083.73000 202.90000 32.12900 185.67700
26 4 21 12 37 44686.30000 26.69200000 2084.50000 202.90000 32.12900 185.67700
26 4 21 12 38 44691.80000 26.69200000 2084.04000 203.09000 32.12900 185.67700
26 4 21 12 38 44687.10000 26.69200000 2083.36000 203.25000 32.12900 185.67700
26 4 21 12 39 44711.00000 26.70000000 2086.48000 203.49000 32.12900 185.67700
26 4 21 12 39 44700.20000 26.70000000 2084.99000 203.68000 32.11400 185.68300
26 4 21 12 40 44683.60000 26.76600000 2083.48000 203.52000 32.11400 185.68300
26 4 21 12 40 44670.40000 26.76600000 2082.00000 203.07000 32.11400 185.21300
26 4 21 12 40 44693.30000 26.76600000 2081.11000 203.06000 32.11400 185.21300
26 4 21 12 41 44711.50000 26.76600000 2085.48000 203.47000 32.11400 185.21300
26 4 21 12 41 44711.50000 26.76600000 2085.75000 203.39000 32.11400 185.88000
26 4 21 12 42 44711.50000 26.76600000 2086.05000 203.51000 32.11400 185.46800
26 4 21 12 42 44708.20000 26.76600000 2085.63000 203.02000 32.11400 185.46800
26 4 21 12 43 44708.20000 26.76600000 2085.59000 203.15000 31.90000 185.46800
26 4 21 12 43 44708.10000 26.76600000 2086.58000 203.09000 31.90000 185.46800
26 4 21 12 43 44708.10000 26.76600000 2085.11000 202.83000 31.90000 185.46800
26 4 21 12 44 44687.90000 26.69800000 2084.62000 202.56000 31.90000 185.46800
26 4 21 12 44 44697.20000 26.69800000 2084.62000 202.79000 31.90000 185.46800
26 4 21 12 45 44667.00000 26.69800000 2084.63000 202.26000 31.90000 185.46800
26 4 21 12 45 44657.10000 26.69800000 2084.62000 201.76000 31.90000 185.46800
26 4 21 12 46 44657.00000 26.69800000 2081.28000 201.76000 31.90000 185.46800
26 4 21 12 46 44657.00000 26.59000000 2080.01000 201.76000 31.90000 185.46800
26 4 21 12 46 44637.10000 26.59000000 2078.70000 201.76000 31.90000 185.46800
26 4 21 12 47 44618.70000 26.59000000 2078.25000 201.76000 31.90000 185.46800
26 4 21 12 47 44630.10000 26.59000000 2078.00000 201.78000 31.90000 185.46800
26 4 21 12 48 44625.70000 26.59000000 2078.18000 201.95000 31.90000 185.46800
26 4 21 12 48 44632.50000 26.59000000 2078.01000 201.93000 31.90000 185.46800
26 4 21 12 49 44632.60000 26.57200000 2076.30000 201.91000 31.90000 185.46800
26 4 21 12 49 44600.20000 26.57200000 2077.10000 201.76000 31.90000 185.46800
26 4 21 12 49 44517.10000 26.57200000 2072.24000 201.38000 31.90000 185.46800
26 4 21 12 50 44552.00000 26.57200000 2074.00000 201.38000 31.90000 183.90900
26 4 21 12 50 44519.00000 26.42000000 2070.88000 201.09000 31.90000 183.90900
26 4 21 12 51 44511.50000 26.42000000 2069.77000 201.09000 31.90000 183.90900
26 4 21 12 51 44510.40000 26.50300000 2069.02000 201.01000 31.90000 183.90900
26 4 21 12 52 44509.70000 26.50300000 2069.00000 200.92000 31.90000 183.86000
26 4 21 12 52 44502.50000 26.50300000 2068.68000 200.92000 31.90000 183.86000
26 4 21 12 52 44510.10000 26.50300000 2068.46000 200.86000 31.90000 183.86000
26 4 21 12 53 44520.20000 26.50300000 2070.22000 200.86000 31.90000 183.69100
26 4 21 12 53 44510.10000 26.50300000 2069.58000 200.87000 31.90000 183.69100
26 4 21 12 54 44526.70000 26.50300000 2072.56000 200.87000 31.90000 183.75000
26 4 21 12 54 44526.70000 26.50300000 2073.92000 201.09000 31.90000 183.75000
26 4 21 12 55 44526.60000 26.50300000 2073.91000 201.11000 31.90000 183.75000
26 4 21 12 55 44526.70000 26.50300000 2073.08000 201.05000 31.90000 183.75000
26 4 21 12 55 44525.00000 26.50300000 2071.31000 201.09000 31.90000 183.75000
26 4 21 12 56 44525.00000 26.50300000 2072.54000 201.09000 31.90000 183.75000
26 4 21 12 56 44507.70000 26.50300000 2071.61000 200.97000 31.90000 183.52300
26 4 21 12 57 44507.60000 26.50300000 2070.14000 200.86000 31.90000 183.52300
26 4 21 12 57 44503.90000 26.50300000 2074.17000 200.86000 31.90000 183.40400
26 4 21 12 58 44450.20000 26.50300000 2070.86000 200.84000 31.90000 183.40400
26 4 21 12 58 44444.10000 26.50300000 2070.97000 200.84000 31.90000 183.08700
26 4 21 12 58 44401.90000 26.50300000 2069.98000 200.24000 31.90000 183.08700
26 4 21 12 59 44414.80000 26.50300000 2069.00000 200.09000 31.90000 183.08700
26 4 21 12 59 44410.70000 26.50300000 2064.77000 200.09000 31.90000 183.08700
26 4 21 13 00 44410.00000 26.50300000 2057.66000 200.00000 31.90000 182.74100
26 4 21 13 00 44426.30000 26.50300000 2063.03000 200.77000 31.90000 182.74100
26 4 21 13 01 44414.70000 26.50300000 2064.11000 200.84000 31.67600 182.74100
26 4 21 13 01 44432.60000 26.50300000 2064.24000 200.83000 31.67600 182.74100
26 4 21 13 01 44423.90000 26.50300000 2064.24000 200.83000 31.67600 182.74100
26 4 21 13 02 44437.40000 26.50300000 2065.10000 200.99000 31.67600 182.74100
26 4 21 13 02 44437.60000 26.50300000 2065.82000 200.71000 31.67600 182.74100
26 4 21 13 03 44449.90000 26.50300000 2067.11000 200.71000 31.67600 182.74100
26 4 21 13 03 44436.80000 26.50300000 2067.51000 200.71000 31.67600 182.74100
26 4 21 13 04 44410.90000 26.45400000 2067.50000 200.53000 31.67600 182.74100
26 4 21 13 04 44380.40000 26.45400000 2065.44000 200.43000 31.67600 183.50300
26 4 21 13 04 44300.00000 26.30900000 2060.00000 199.81000 31.29900 183.50300
26 4 21 13 05 44304.00000 26.23500000 2058.78000 199.79000 31.29900 183.50300
26 4 21 13 05 44300.00000 26.23500000 2060.00000 199.79000 31.29900 183.50300
26 4 21 13 06 44299.00000 26.23500000 2057.98000 199.56000 31.30000 182.18300
26 4 21 13 06 44299.90000 26.23500000 2060.69000 199.62000 31.30000 182.18300
26 4 21 13 07 44299.10000 26.23500000 2058.91000 199.62000 31.30000 182.51300
26 4 21 13 07 44303.00000 26.23500000 2060.55000 199.64000 31.30000 182.51300
26 4 21 13 07 44304.40000 26.23500000 2060.73000 199.75000 31.30000 182.51300
26 4 21 13 08 44339.80000 26.23500000 2062.73000 199.88000 31.30000 182.54200
26 4 21 13 08 44337.30000 26.30900000 2064.06000 200.17000 31.30000 182.54200
26 4 21 13 09 44342.30000 26.30900000 2063.31000 200.24000 31.30000 182.54200
26 4 21 13 09 44346.40000 26.30900000 2063.80000 200.34000 31.30000 182.54200
26 4 21 13 10 44324.50000 26.30900000 2063.80000 200.05000 31.30000 182.54200
26 4 21 13 10 44299.40000 26.27100000 2061.94000 200.05000 31.30000 182.54200
26 4 21 13 10 44284.50000 26.27100000 2060.75000 199.82000 31.30000 182.54200
26 4 21 13 11 44270.00000 26.27100000 2060.60000 199.80000 31.30000 182.17600
26 4 21 13 11 44279.90000 26.27100000 2062.36000 199.80000 31.04100 182.17600
26 4 21 13 12 44280.00000 26.27100000 2060.75000 199.73000 31.04100 182.17600
26 4 21 13 12 44323.50000 26.27100000 2060.51000 199.88000 31.04100 182.43000
26 4 21 13 13 44323.40000 26.27100000 2061.02000 199.74000 31.04100 182.43000
26 4 21 13 13 44273.40000 26.27100000 2060.14000 199.61000 31.04100 182.43000
26 4 21 13 13 44213.10000 26.27100000 2056.76000 199.36000 31.04100 182.43000
26 4 21 13 14 44230.00000 26.27100000 2056.01000 199.33000 31.04100 182.43000
26 4 21 13 14 44213.20000 26.27100000 2054.57000 199.11000 31.04100 181.95000
26 4 21 13 15 44238.50000 26.27100000 2053.99000 199.61000 31.04100 181.95000
26 4 21 13 15 44199.90000 26.27100000 2054.59000 199.61000 30.99900 181.95000
