M=[
19 7 21 12 14 26570.50000 36.59500000 1582.94000 98.56000 16.15300 78.25300
19 7 21 12 14 26570.10000 36.59500000 1582.94000 98.56000 16.15300 78.25300
19 7 21 12 14 26573.60000 36.59500000 1582.95000 98.56000 16.15300 78.25300
19 7 21 12 15 26568.40000 36.59500000 1582.74000 98.66000 16.15300 78.25300
19 7 21 12 15 26563.00000 36.59500000 1580.73000 98.52000 16.15300 78.25300
19 7 21 12 16 26522.20000 36.37800000 1576.41000 98.10000 16.15300 78.25300
19 7 21 12 16 26513.10000 36.37800000 1576.00000 97.94000 16.15300 78.25300
19 7 21 12 17 26513.00000 36.37800000 1575.41000 97.86000 16.15300 78.25300
19 7 21 12 17 26523.00000 36.47900000 1576.01000 97.84000 16.15300 78.25300
19 7 21 12 17 26529.80000 36.47900000 1575.89000 97.98000 16.15300 78.25300
19 7 21 12 18 26510.00000 36.47900000 1575.36000 97.91000 16.15300 78.25300
19 7 21 12 18 26531.40000 36.47900000 1576.37000 98.18000 16.15300 78.25300
19 7 21 12 19 26533.70000 36.47900000 1576.66000 98.13000 16.15300 78.25300
19 7 21 12 19 26532.20000 36.47900000 1577.89000 98.13000 16.15300 78.25300
19 7 21 12 20 26560.10000 36.47900000 1579.73000 98.13000 16.15300 78.25300
19 7 21 12 20 26538.90000 36.52800000 1577.53000 98.13000 16.15300 78.25600
19 7 21 12 20 26532.80000 36.52800000 1577.53000 98.13000 16.15300 78.25600
19 7 21 12 21 26562.40000 36.52800000 1577.97000 98.13000 16.15300 78.25600
19 7 21 12 21 26578.30000 36.52800000 1578.99000 98.30000 16.15300 78.25600
19 7 21 12 22 26571.60000 36.49600000 1579.02000 98.26000 16.15300 78.25600
19 7 21 12 22 26561.40000 36.43200000 1578.32000 98.18000 16.15300 78.25600
19 7 21 12 23 26561.30000 36.43200000 1578.04000 98.14000 16.15300 78.25600
19 7 21 12 23 26561.30000 36.43200000 1577.18000 98.08000 16.15300 78.25600
19 7 21 12 23 26547.20000 36.43200000 1577.17000 98.08000 16.15300 78.25600
19 7 21 12 24 26545.40000 36.43200000 1576.30000 98.08000 16.15300 78.25600
19 7 21 12 24 26547.00000 36.43200000 1577.18000 98.06000 16.15300 78.25600
19 7 21 12 25 26543.80000 36.43200000 1575.81000 98.07000 16.15300 78.25600
19 7 21 12 25 26543.70000 36.43200000 1575.67000 98.07000 16.15300 78.25600
19 7 21 12 26 26543.70000 36.28900000 1575.01000 97.93000 16.15300 78.25600
19 7 21 12 26 26543.80000 36.28900000 1575.01000 97.93000 16.15300 78.25600
19 7 21 12 26 26543.80000 36.28900000 1575.00000 97.90000 16.15300 78.25600
19 7 21 12 27 26543.70000 36.28900000 1575.00000 97.91000 16.15300 78.25600
19 7 21 12 27 26543.70000 36.28900000 1573.68000 97.99000 16.15300 78.25600
19 7 21 12 28 26543.70000 36.28900000 1574.53000 97.98000 16.15300 78.25600
19 7 21 12 28 26543.80000 36.28900000 1574.53000 97.98000 16.15300 78.25600
19 7 21 12 29 26543.80000 36.43000000 1575.52000 98.05000 16.15300 78.25600
19 7 21 12 29 26543.70000 36.43000000 1574.75000 98.01000 16.15300 78.25600
19 7 21 12 30 26543.70000 36.43000000 1574.30000 98.01000 16.15300 78.25600
19 7 21 12 30 26516.20000 36.43000000 1570.74000 97.85000 16.15300 78.25600
19 7 21 12 30 26514.00000 36.43000000 1568.99000 97.83000 16.15300 78.25600
19 7 21 12 31 26450.00000 35.93100000 1554.99000 97.45000 16.15300 77.56000
19 7 21 12 31 26449.60000 36.00500000 1561.61000 97.41000 16.15300 77.50100
19 7 21 12 32 26459.90000 36.00500000 1558.31000 97.39000 16.15300 77.50100
19 7 21 12 32 26444.10000 36.00500000 1556.84000 97.40000 16.15300 77.50100
19 7 21 12 33 26435.00000 35.89100000 1555.64000 97.31000 16.15300 77.50100
19 7 21 12 33 26461.40000 35.89100000 1558.00000 97.38000 16.15300 77.50100
19 7 21 12 33 26444.60000 35.89100000 1557.01000 97.35000 16.15300 77.50100
19 7 21 12 34 26425.10000 35.78300000 1556.73000 97.32000 16.15300 77.32400
19 7 21 12 34 26411.70000 35.84100000 1554.83000 97.31000 16.15300 77.25500
19 7 21 12 35 26205.20000 35.75400000 1549.95000 96.79000 16.15300 77.00000
19 7 21 12 35 26131.50000 35.62300000 1546.76000 96.61000 16.15300 77.00000
19 7 21 12 36 26156.30000 35.50100000 1545.23000 96.64000 16.15300 77.00000
19 7 21 12 36 26206.80000 35.59200000 1545.39000 96.76000 16.15300 77.00000
19 7 21 12 36 26161.30000 35.59200000 1544.13000 96.64000 16.15300 77.10900
19 7 21 12 37 26111.00000 35.39200000 1540.90000 96.28000 16.15300 77.02000
19 7 21 12 37 26136.10000 35.42100000 1540.90000 96.24000 16.15300 77.02000
19 7 21 12 38 26111.10000 35.29200000 1537.52000 95.96000 16.13700 76.80000
19 7 21 12 38 26085.10000 35.21900000 1535.31000 95.58000 16.13700 76.59000
19 7 21 12 39 26086.70000 35.15100000 1537.50000 95.84000 16.13700 76.56000
19 7 21 12 39 26190.10000 35.42000000 1541.34000 95.90000 16.13700 76.63400
19 7 21 12 39 26195.60000 35.42000000 1544.24000 96.07000 16.13700 76.63400
19 7 21 12 40 26156.80000 35.45300000 1540.02000 96.10000 16.13700 76.63400
19 7 21 12 40 26165.90000 35.45300000 1542.28000 96.00000 16.13700 76.63400
19 7 21 12 41 26152.70000 35.32800000 1542.28000 96.00000 16.13700 76.63400
19 7 21 12 41 26160.20000 35.32800000 1543.47000 96.09000 16.13700 76.63400
19 7 21 12 42 26164.00000 35.32800000 1541.36000 96.04000 16.13700 76.68900
19 7 21 12 42 26186.70000 35.32800000 1544.00000 96.17000 16.13700 76.68900
19 7 21 12 42 26208.30000 35.32800000 1546.16000 96.31000 16.13700 77.02600
19 7 21 12 43 26185.00000 35.32800000 1544.34000 96.31000 16.13700 77.02600
19 7 21 12 43 26182.80000 35.32800000 1544.92000 96.18000 16.13700 77.02600
19 7 21 12 44 26182.20000 35.37900000 1544.08000 96.24000 16.13700 77.02600
19 7 21 12 44 26183.60000 35.37900000 1542.93000 96.21000 16.13700 77.02600
19 7 21 12 45 26183.70000 35.37900000 1544.84000 96.33000 16.13700 77.02600
19 7 21 12 45 26172.40000 35.37900000 1545.74000 96.39000 16.13700 77.02600
19 7 21 12 45 26138.00000 35.37900000 1543.34000 96.32000 16.13700 77.02600
19 7 21 12 46 26132.60000 35.37900000 1540.00000 96.32000 16.13700 77.02600
19 7 21 12 46 26129.80000 35.37900000 1541.06000 96.32000 16.13700 77.02600
19 7 21 12 47 26112.80000 35.37900000 1539.97000 96.17000 16.13700 77.02600
19 7 21 12 47 26122.00000 35.37900000 1541.15000 96.17000 16.13700 77.02600
19 7 21 12 48 26102.50000 35.37900000 1539.21000 96.11000 16.13700 77.02600
19 7 21 12 48 26089.50000 35.37900000 1538.75000 96.05000 16.13700 77.02600
19 7 21 12 48 26082.60000 35.37900000 1537.50000 96.05000 16.13700 77.02600
19 7 21 12 49 26079.10000 35.37900000 1538.24000 95.84000 16.13700 77.02600
19 7 21 12 49 26116.20000 35.37900000 1540.28000 95.84000 16.13700 77.02600
19 7 21 12 50 26124.90000 35.19400000 1540.12000 95.95000 16.13700 77.02600
19 7 21 12 50 26113.80000 35.09100000 1540.13000 95.96000 16.13700 77.02600
19 7 21 12 51 26113.70000 35.06800000 1539.36000 95.99000 16.13700 77.02600
19 7 21 12 51 26100.30000 35.12100000 1538.95000 96.00000 16.13700 77.02600
19 7 21 12 51 26128.10000 35.12100000 1539.84000 95.98000 16.13700 77.02600
19 7 21 12 52 26129.40000 35.12100000 1539.43000 96.00000 16.13700 77.02600
19 7 21 12 52 26126.20000 35.15900000 1538.82000 95.98000 16.13700 77.02600
19 7 21 12 53 26120.50000 35.15900000 1539.75000 96.00000 16.13700 77.02600
19 7 21 12 53 26166.40000 35.15900000 1543.28000 96.14000 16.13700 76.59200
19 7 21 12 54 26125.60000 35.26300000 1541.50000 96.16000 16.13700 76.59200
19 7 21 12 54 26098.50000 35.26300000 1541.84000 96.17000 16.13700 76.59200
19 7 21 12 54 26072.60000 35.26300000 1540.00000 96.02000 16.13700 76.59200
19 7 21 12 55 26068.20000 35.26300000 1540.08000 96.02000 16.13700 76.59200
19 7 21 12 55 26079.10000 35.26300000 1540.69000 96.08000 16.13700 76.59200
19 7 21 12 56 26080.20000 35.26300000 1540.57000 96.08000 16.13700 76.59200
19 7 21 12 56 26094.50000 35.26300000 1540.68000 96.10000 16.13700 76.59200
19 7 21 12 57 26100.00000 35.26300000 1541.14000 96.10000 16.13700 76.59200
19 7 21 12 57 26096.70000 35.26300000 1540.99000 96.10000 16.13700 76.59200
19 7 21 12 58 26096.30000 35.26300000 1540.64000 96.09000 16.13700 76.59200
19 7 21 12 58 26092.30000 35.26300000 1541.05000 96.09000 16.13700 76.59200
19 7 21 12 58 26089.00000 35.26300000 1540.63000 96.09000 16.13700 76.59200
