M=[
14 1 21 22 02 31739.20000 6.29800000 975.00000 122.61000 16.57400 89.93600
14 1 21 22 03 31755.30000 6.29800000 976.82000 122.67000 16.57400 89.48400
14 1 21 22 03 31798.90000 6.29800000 977.57000 122.87000 16.57400 89.79500
14 1 21 22 04 31766.30000 6.29800000 977.56000 122.87000 16.57400 89.79500
14 1 21 22 04 31766.30000 6.29800000 977.56000 122.87000 16.57400 89.79500
14 1 21 22 05 31730.30000 6.29800000 976.07000 122.56000 16.57400 89.64400
14 1 21 22 05 31781.50000 6.29800000 976.99000 122.84000 16.57400 89.64400
14 1 21 22 05 31755.90000 6.29800000 977.07000 122.78000 16.57400 89.64400
14 1 21 22 06 31820.00000 6.24300000 978.00000 122.84000 16.52000 89.87300
14 1 21 22 06 31868.90000 6.24300000 979.86000 123.00000 16.52000 89.87300
14 1 21 22 07 31875.60000 6.24300000 980.10000 123.16000 16.52000 89.87300
14 1 21 22 07 31818.50000 6.24300000 980.07000 123.00000 16.52000 89.80000
14 1 21 22 08 31857.90000 6.24300000 980.76000 123.11000 16.52000 89.78600
14 1 21 22 08 31835.70000 6.24300000 981.00000 122.93000 16.52000 89.86500
14 1 21 22 08 31803.90000 6.24300000 980.00000 122.94000 16.52000 89.86500
14 1 21 22 09 31830.60000 6.24300000 978.51000 122.85000 16.52000 89.69700
14 1 21 22 09 31826.60000 6.24300000 977.99000 122.72000 16.52000 89.69700
14 1 21 22 10 31876.90000 6.24300000 978.77000 122.78000 16.52000 89.75500
14 1 21 22 10 31957.20000 6.24300000 978.38000 123.01000 16.52000 89.87300
14 1 21 22 11 31956.20000 6.24300000 978.62000 123.01000 16.52000 89.87300
14 1 21 22 11 31952.90000 6.24300000 979.26000 123.01000 16.52000 89.87300
14 1 21 22 11 31947.30000 6.24300000 978.96000 123.01000 16.52000 89.87300
14 1 21 22 12 31902.50000 6.24300000 979.22000 122.87000 16.52000 89.87300
14 1 21 22 12 31902.50000 6.24300000 979.17000 122.88000 16.52000 89.87300
14 1 21 22 13 31920.70000 6.24300000 978.60000 122.87000 16.52000 89.87300
14 1 21 22 13 31905.00000 6.24300000 978.61000 122.76000 16.52000 89.87300
14 1 21 22 14 31904.90000 6.24300000 978.35000 122.81000 16.52000 89.85200
14 1 21 22 14 31896.30000 6.24300000 978.35000 122.87000 16.52000 89.85200
14 1 21 22 14 31851.50000 6.24300000 977.19000 122.82000 16.52000 89.85200
14 1 21 22 15 31866.30000 6.24300000 977.00000 122.82000 16.52000 89.85200
14 1 21 22 15 31878.90000 6.24300000 977.62000 122.82000 16.52000 89.85200
14 1 21 22 16 31877.70000 6.24300000 977.91000 122.82000 16.52000 89.80400
14 1 21 22 16 31866.30000 6.27100000 977.91000 122.82000 16.60100 89.80400
14 1 21 22 17 31773.00000 6.27100000 977.00000 122.81000 16.00200 89.80400
14 1 21 22 17 31766.00000 6.27100000 975.00000 122.73000 16.00200 89.80400
14 1 21 22 17 31752.80000 6.27100000 973.56000 122.72000 16.00200 89.80400
14 1 21 22 18 31699.00000 6.27100000 972.09000 122.48000 16.00200 89.31300
14 1 21 22 18 31697.00000 6.27100000 972.09000 122.48000 16.00200 89.31300
14 1 21 22 19 31632.30000 6.24100000 972.09000 122.17000 16.00200 89.31300
14 1 21 22 19 31677.50000 6.23900000 971.54000 122.16000 16.00200 89.31300
14 1 21 22 20 31695.10000 6.24100000 971.02000 122.16000 16.14000 89.47700
14 1 21 22 20 31699.00000 6.24100000 972.05000 122.16000 16.14000 89.47700
14 1 21 22 20 31699.00000 6.24100000 972.05000 122.33000 16.14000 89.47700
14 1 21 22 21 31742.30000 6.24100000 972.70000 122.33000 16.14000 89.47700
14 1 21 22 21 31765.40000 6.21900000 972.70000 122.37000 16.14000 89.47700
14 1 21 22 22 31759.00000 6.21900000 975.00000 122.41000 16.14000 89.47700
14 1 21 22 22 31750.00000 6.21900000 975.76000 122.41000 16.14000 89.47700
14 1 21 22 23 31758.40000 6.21900000 976.26000 122.43000 16.14000 89.47700
14 1 21 22 23 31770.30000 6.21900000 975.93000 122.43000 16.14000 89.47700
14 1 21 22 23 31766.70000 6.21900000 976.91000 122.44000 16.14000 89.47700
14 1 21 22 24 31770.00000 6.21900000 976.59000 122.45000 16.14000 89.50000
14 1 21 22 24 31760.60000 6.21900000 976.82000 122.45000 16.14000 89.62000
14 1 21 22 25 31750.00000 6.21900000 975.03000 122.45000 16.14000 89.62000
14 1 21 22 25 31648.80000 6.20500000 974.74000 122.43000 16.14000 89.61600
14 1 21 22 26 31628.10000 6.20500000 973.31000 122.32000 16.14000 89.61600
14 1 21 22 26 31629.50000 6.20500000 974.00000 122.32000 16.14000 89.61600
14 1 21 22 26 31606.90000 6.20500000 973.28000 122.13000 16.14000 89.61600
14 1 21 22 27 31620.70000 6.20500000 973.88000 121.95000 16.14000 89.04500
14 1 21 22 27 31634.40000 6.20500000 973.51000 121.94000 16.14000 89.04500
14 1 21 22 28 31631.30000 6.20500000 973.31000 121.93000 16.14000 89.04500
14 1 21 22 28 31631.20000 6.20500000 973.12000 121.51000 16.14000 89.04500
14 1 21 22 29 31645.70000 6.20500000 972.96000 121.58000 16.14000 89.04500
14 1 21 22 29 31641.00000 6.20500000 972.96000 121.46000 16.14000 89.04500
14 1 21 22 29 31638.50000 6.20500000 972.76000 121.46000 16.14000 88.89300
14 1 21 22 30 31645.90000 6.20500000 971.96000 121.52000 16.14000 88.89300
14 1 21 22 30 31700.40000 6.20500000 973.33000 121.61000 16.14000 88.89300
14 1 21 22 31 31733.80000 6.20500000 973.70000 121.61000 16.14000 88.89300
14 1 21 22 31 31752.50000 6.20500000 974.44000 121.94000 16.14000 88.98000
14 1 21 22 32 31743.80000 6.20500000 974.57000 121.97000 16.14000 88.98000
14 1 21 22 32 31708.80000 6.20500000 973.60000 122.14000 16.14000 89.30000
14 1 21 22 32 31695.40000 6.17100000 973.92000 122.05000 16.14000 89.30000
14 1 21 22 33 31648.30000 6.17100000 973.99000 122.09000 16.14000 89.30000
14 1 21 22 33 31653.00000 6.17100000 972.20000 121.90000 16.14000 89.30000
14 1 21 22 34 31661.90000 6.19900000 972.40000 121.90000 16.14000 89.30000
14 1 21 22 34 31661.60000 6.19900000 972.22000 121.90000 16.14000 88.58100
14 1 21 22 35 31642.50000 6.17800000 970.63000 121.92000 16.14000 88.58100
14 1 21 22 35 31648.50000 6.17800000 971.73000 121.86000 16.14000 88.58100
14 1 21 22 35 31648.50000 6.17800000 972.94000 121.86000 16.14000 88.58100
14 1 21 22 36 31628.70000 6.17800000 972.53000 121.99000 16.14000 88.98800
14 1 21 22 36 31624.50000 6.17800000 972.73000 121.99000 16.14000 88.93100
14 1 21 22 37 31597.70000 6.17800000 971.79000 121.94000 16.14000 88.93100
14 1 21 22 37 31550.10000 6.18400000 970.62000 121.55000 16.14000 88.67800
14 1 21 22 38 31558.90000 6.18400000 969.81000 121.61000 16.14000 88.67800
14 1 21 22 38 31528.80000 6.18400000 969.54000 121.61000 16.14000 88.67800
14 1 21 22 38 31535.10000 6.17200000 968.77000 121.61000 16.14000 88.67800
14 1 21 22 39 31524.40000 6.17200000 968.36000 121.59000 16.14000 88.47900
14 1 21 22 39 31521.20000 6.17900000 968.99000 121.59000 16.14000 88.67500
14 1 21 22 40 31543.70000 6.19000000 968.59000 121.59000 16.14000 88.68800
14 1 21 22 40 31549.00000 6.16900000 968.87000 121.56000 16.14000 88.42700
14 1 21 22 41 31549.00000 6.16900000 968.99000 121.56000 16.14000 88.42700
14 1 21 22 41 31589.80000 6.16900000 968.97000 121.56000 16.14000 88.42700
14 1 21 22 41 31589.20000 6.16900000 969.18000 121.56000 16.14000 88.42700
14 1 21 22 42 31561.40000 6.16900000 969.37000 121.56000 16.14000 88.42700
14 1 21 22 42 31546.60000 6.16900000 969.03000 121.62000 16.14000 88.42700
14 1 21 22 43 31563.00000 6.16900000 968.32000 121.59000 16.14000 88.12300
14 1 21 22 43 31554.00000 6.16900000 967.41000 121.51000 16.14000 88.05200
14 1 21 22 44 31558.50000 6.16900000 966.35000 121.29000 16.14000 87.86600
14 1 21 22 44 31567.70000 6.16900000 966.10000 121.29000 16.14000 87.91000
14 1 21 22 44 31642.80000 6.16900000 968.16000 121.51000 16.14000 88.00100
14 1 21 22 45 31672.30000 6.16900000 968.53000 121.54000 16.14000 88.00100
14 1 21 22 45 31740.60000 6.16500000 970.63000 121.61000 16.14000 88.00100
14 1 21 22 46 31751.80000 6.16500000 973.72000 122.00000 16.14000 88.00100
14 1 21 22 46 31785.10000 6.20000000 975.03000 122.26000 16.14000 88.32400
14 1 21 22 46 31801.20000 6.21000000 976.00000 122.26000 16.14000 88.57200
14 1 21 22 47 31808.90000 6.21000000 976.34000 122.49000 16.14000 88.57200
14 1 21 22 47 31816.30000 6.22500000 977.09000 122.49000 16.14000 88.57200
