M=[
23 4 20 22 02 7039.80000 5.30700000 176.72000 40.25000 9.41000 42.23600
23 4 20 22 03 7042.70000 5.30700000 176.73000 40.25000 9.36200 42.23600
23 4 20 22 03 7042.80000 5.29300000 176.73000 40.25000 9.41000 42.23600
23 4 20 22 04 7043.10000 5.29300000 176.73000 40.25000 9.38000 42.23600
23 4 20 22 04 7040.50000 5.29300000 176.73000 40.25000 9.38000 42.23600
23 4 20 22 04 7040.00000 5.29300000 176.62000 40.25000 9.38000 42.23600
23 4 20 22 05 7037.70000 5.29300000 176.58000 40.25000 9.38000 42.23600
23 4 20 22 05 7040.80000 5.29300000 176.58000 40.25000 9.38000 42.23600
23 4 20 22 06 7031.00000 5.29300000 176.54000 40.25000 9.38000 42.23600
23 4 20 22 06 7029.70000 5.29300000 176.39000 40.24000 9.38000 42.20400
23 4 20 22 07 7029.50000 5.29300000 176.54000 40.24000 9.38000 42.20400
23 4 20 22 07 7027.90000 5.29200000 176.41000 40.25000 9.38000 42.20400
23 4 20 22 08 7028.20000 5.29200000 176.40000 40.25000 9.38000 42.13000
23 4 20 22 08 7027.00000 5.29200000 176.48000 40.25000 9.38000 42.13000
23 4 20 22 09 7019.30000 5.29200000 176.48000 40.29000 9.38000 42.13000
23 4 20 22 09 7023.90000 5.29200000 176.48000 40.29000 9.38000 42.13000
23 4 20 22 09 7023.00000 5.29200000 176.41000 40.31000 9.38000 42.13000
23 4 20 22 10 7023.00000 5.29200000 176.25000 40.32000 9.38000 42.13000
23 4 20 22 10 7022.50000 5.29200000 176.25000 40.32000 9.38000 42.13000
23 4 20 22 11 7022.20000 5.29200000 176.21000 40.32000 9.38000 42.13000
23 4 20 22 11 7022.50000 5.29200000 176.21000 40.32000 9.38000 42.13000
23 4 20 22 12 7022.20000 5.29200000 176.21000 40.32000 9.38000 42.13000
23 4 20 22 12 7019.00000 5.29200000 176.21000 40.32000 9.38000 42.13000
23 4 20 22 13 7018.30000 5.29200000 176.11000 40.32000 9.38000 42.13000
23 4 20 22 13 7018.30000 5.29200000 176.10000 40.32000 9.38000 42.13000
23 4 20 22 13 7021.20000 5.29200000 176.05000 40.32000 9.38000 42.13000
23 4 20 22 14 7019.80000 5.29200000 175.92000 40.32000 9.38000 42.20400
23 4 20 22 14 7019.20000 5.29200000 175.87000 40.32000 9.38000 42.13000
23 4 20 22 15 7017.90000 5.29200000 175.76000 40.32000 9.38000 42.13000
23 4 20 22 15 7010.70000 5.29200000 175.49000 40.32000 9.38000 42.13000
23 4 20 22 16 7008.70000 5.29200000 175.54000 40.32000 9.38000 42.13000
23 4 20 22 16 7000.60000 5.29200000 175.53000 40.32000 9.38000 42.13000
23 4 20 22 17 7000.50000 5.29200000 175.49000 40.32000 9.38000 42.13000
23 4 20 22 17 7000.60000 5.29200000 175.49000 40.32000 9.38000 42.20400
23 4 20 22 17 7007.80000 5.29200000 175.17000 40.32000 9.38000 42.13000
23 4 20 22 18 7007.30000 5.29600000 175.14000 40.32000 9.38000 42.20400
23 4 20 22 18 7004.20000 5.29600000 175.00000 40.32000 9.38000 42.13000
23 4 20 22 19 6999.00000 5.29600000 174.98000 40.21000 9.38000 42.13000
23 4 20 22 19 7000.00000 5.29600000 175.11000 40.21000 9.38000 42.13000
23 4 20 22 20 6994.80000 5.29600000 174.93000 40.24000 9.38000 42.13000
23 4 20 22 20 6992.80000 5.29600000 174.94000 40.32000 9.38000 42.13000
23 4 20 22 21 6999.90000 5.29600000 175.07000 40.24000 9.38000 42.13000
23 4 20 22 21 7000.00000 5.27800000 175.13000 40.24000 9.38000 42.13000
23 4 20 22 22 7000.00000 5.27800000 175.11000 40.46000 9.38000 42.13000
23 4 20 22 22 7000.00000 5.27800000 175.12000 40.39000 9.38000 42.13000
23 4 20 22 22 7000.00000 5.27100000 175.17000 40.46000 9.38000 42.13000
23 4 20 22 23 7000.00000 5.27300000 175.16000 40.50000 9.38000 42.13000
23 4 20 22 23 7000.00000 5.27300000 175.13000 40.50000 9.38000 42.13000
23 4 20 22 24 7000.00000 5.27300000 175.13000 40.50000 9.38000 42.13000
23 4 20 22 24 6998.40000 5.27300000 174.96000 40.44000 9.38000 42.13000
23 4 20 22 25 6998.20000 5.27300000 174.96000 40.48000 9.38000 42.13000
23 4 20 22 25 7000.00000 5.27300000 175.17000 40.48000 9.38000 42.20400
23 4 20 22 26 7000.00000 5.27300000 175.31000 40.48000 9.38000 42.13000
23 4 20 22 26 7000.00000 5.27300000 175.24000 40.51000 9.38000 42.13000
23 4 20 22 26 7000.00000 5.27300000 175.26000 40.51000 9.38000 42.13000
23 4 20 22 27 7000.00000 5.28600000 175.11000 40.51000 9.38000 42.13000
23 4 20 22 27 7000.00000 5.28600000 175.06000 40.55000 9.38000 42.13000
23 4 20 22 28 7000.00000 5.28600000 175.04000 40.55000 9.38000 42.13000
23 4 20 22 28 7001.10000 5.28600000 175.14000 40.55000 9.36000 42.20400
23 4 20 22 29 7004.70000 5.27300000 175.04000 40.55000 9.36000 42.13000
23 4 20 22 29 7004.70000 5.28600000 175.16000 40.55000 9.36000 42.13000
23 4 20 22 30 7004.20000 5.28600000 175.23000 40.55000 9.36000 42.13000
23 4 20 22 30 7002.30000 5.28600000 175.18000 40.55000 9.36000 42.13000
23 4 20 22 31 7006.00000 5.28600000 175.17000 40.55000 9.36000 42.20400
23 4 20 22 31 7003.80000 5.28600000 175.18000 40.51000 9.36000 42.13000
23 4 20 22 31 7006.00000 5.28600000 175.18000 40.55000 9.36000 42.13000
23 4 20 22 32 7008.30000 5.28600000 175.18000 40.55000 9.36000 42.13000
23 4 20 22 32 7010.80000 5.28600000 175.18000 40.55000 9.36000 42.13000
23 4 20 22 33 7018.50000 5.28600000 175.50000 40.55000 9.36000 42.13000
23 4 20 22 33 7018.40000 5.28600000 175.50000 40.55000 9.36000 42.13000
23 4 20 22 34 7018.90000 5.28600000 175.54000 40.55000 9.36000 42.13000
23 4 20 22 34 7017.60000 5.29600000 175.54000 40.55000 9.38000 42.24900
23 4 20 22 35 7016.50000 5.28600000 175.43000 40.55000 9.38000 42.24900
23 4 20 22 35 7018.40000 5.28600000 175.59000 40.54000 9.36000 42.24900
23 4 20 22 35 7016.00000 5.28600000 175.45000 40.44000 9.38000 42.13500
23 4 20 22 36 7011.30000 5.28600000 175.26000 40.30000 9.36000 42.13500
23 4 20 22 36 7010.20000 5.29600000 175.26000 40.30000 9.36000 42.13500
23 4 20 22 37 7005.80000 5.28600000 175.16000 40.30000 9.36000 42.13500
23 4 20 22 37 7004.80000 5.28600000 175.16000 40.30000 9.36000 42.13500
23 4 20 22 38 7004.90000 5.28600000 175.00000 40.30000 9.36000 42.13500
23 4 20 22 38 6994.50000 5.28600000 174.95000 40.30000 9.36000 42.13500
23 4 20 22 39 6999.00000 5.27300000 174.90000 40.30000 9.36000 42.13500
23 4 20 22 39 7003.20000 5.28600000 174.95000 40.30000 9.36000 42.13500
23 4 20 22 39 7003.00000 5.27100000 175.13000 40.30000 9.36000 42.13500
23 4 20 22 40 7002.80000 5.27100000 175.04000 40.30000 9.36000 42.13500
23 4 20 22 40 7001.20000 5.27100000 174.95000 40.30000 9.36000 42.13500
23 4 20 22 41 7004.40000 5.27100000 175.04000 40.30000 9.36000 42.13500
23 4 20 22 41 7003.50000 5.27100000 174.90000 40.30000 9.36000 42.13500
23 4 20 22 42 7002.70000 5.27100000 174.95000 40.30000 9.34400 42.13500
23 4 20 22 42 7000.80000 5.27100000 174.99000 40.25000 9.34400 42.13500
23 4 20 22 43 7001.00000 5.27100000 174.99000 40.25000 9.34400 42.13500
23 4 20 22 43 7006.90000 5.27100000 175.16000 40.31000 9.34400 42.13500
23 4 20 22 43 7006.90000 5.27100000 175.14000 40.31000 9.34400 42.13500
23 4 20 22 44 7009.90000 5.27100000 175.27000 40.31000 9.34400 42.13500
23 4 20 22 44 7009.80000 5.27100000 175.27000 40.31000 9.34400 42.13500
23 4 20 22 45 7011.40000 5.27100000 175.21000 40.31000 9.34400 42.13500
23 4 20 22 45 7010.40000 5.27100000 175.21000 40.31000 9.34400 42.24900
23 4 20 22 46 7005.00000 5.27100000 174.91000 40.33000 9.34400 42.13500
23 4 20 22 46 7002.90000 5.27100000 175.01000 40.33000 9.34400 42.13500
23 4 20 22 47 7004.80000 5.27100000 175.01000 40.33000 9.34400 42.13500
23 4 20 22 47 7006.80000 5.27100000 174.98000 40.33000 9.34400 42.13500
23 4 20 22 47 7007.10000 5.27100000 174.98000 40.33000 9.34400 42.13500
23 4 20 22 48 7005.10000 5.27100000 174.94000 40.25000 9.34400 42.13500
23 4 20 22 48 7005.10000 5.27100000 174.90000 40.32000 9.34400 42.13500
23 4 20 22 49 7004.90000 5.27100000 174.94000 40.32000 9.34400 42.13500
23 4 20 22 49 7004.10000 5.27100000 174.94000 40.32000 9.34400 42.13500
23 4 20 22 50 7001.60000 5.27100000 174.94000 40.32000 9.34400 42.13500
23 4 20 22 50 7004.10000 5.27300000 174.86000 40.25000 9.34400 42.13500
23 4 20 22 50 7001.90000 5.27100000 174.86000 40.32000 9.34400 42.13500
23 4 20 22 51 7002.70000 5.27100000 174.83000 40.25000 9.36000 42.13500
23 4 20 22 51 7001.70000 5.27100000 174.83000 40.31000 9.34400 42.13500
