M=[
13 7 20 18 43 8178.40000 5.67400000 212.58000 39.20000 17.11100 53.90900
13 7 20 18 43 8178.40000 5.67400000 212.58000 39.20000 17.11100 53.90900
13 7 20 18 44 8178.50000 5.67400000 212.58000 39.20000 17.11100 53.90900
13 7 20 18 44 8179.10000 5.67400000 212.40000 39.20000 17.03500 53.90900
13 7 20 18 45 8178.40000 5.67400000 212.41000 39.20000 17.03500 53.90900
13 7 20 18 45 8178.50000 5.67400000 212.30000 39.20000 17.03500 53.90900
13 7 20 18 46 8178.50000 5.67400000 212.20000 39.18000 17.03500 53.90900
13 7 20 18 46 8178.50000 5.67400000 212.07000 39.18000 17.03500 53.72000
13 7 20 18 47 8178.40000 5.67400000 212.07000 39.18000 17.03500 53.72000
13 7 20 18 47 8178.50000 5.67400000 212.00000 39.18000 17.03500 53.72000
13 7 20 18 48 8178.50000 5.67400000 212.08000 39.18000 17.03500 53.72000
13 7 20 18 48 8178.40000 5.67400000 212.09000 39.18000 17.03500 53.72100
13 7 20 18 49 8177.10000 5.67400000 212.09000 39.18000 17.03500 53.72100
13 7 20 18 49 8177.00000 5.67400000 212.40000 39.18000 17.03500 53.72100
13 7 20 18 50 8179.20000 5.66900000 212.40000 39.21000 17.03500 53.72100
13 7 20 18 50 8179.30000 5.66900000 212.64000 39.21000 17.03500 53.72100
13 7 20 18 51 8179.10000 5.66900000 212.58000 39.21000 17.03500 53.72100
13 7 20 18 51 8178.90000 5.66900000 212.59000 39.16000 17.03500 53.72100
13 7 20 18 52 8178.00000 5.66900000 212.57000 39.16000 17.03500 53.72100
13 7 20 18 52 8178.00000 5.66900000 212.53000 39.16000 17.03500 53.72100
13 7 20 18 52 8178.20000 5.66900000 212.55000 39.17000 17.03500 53.81200
13 7 20 18 53 8179.10000 5.66900000 212.57000 39.17000 17.09100 53.81200
13 7 20 18 53 8179.00000 5.66900000 212.57000 39.17000 17.09100 53.81200
13 7 20 18 54 8179.20000 5.66900000 212.52000 39.17000 17.09100 53.85400
13 7 20 18 54 8179.20000 5.66900000 212.52000 39.17000 17.09100 53.85400
13 7 20 18 55 8179.10000 5.66900000 212.62000 39.17000 17.09100 53.85400
13 7 20 18 55 8179.20000 5.66900000 212.66000 39.17000 17.09100 53.85400
13 7 20 18 56 8179.10000 5.66900000 212.65000 39.17000 17.09100 53.85400
13 7 20 18 56 8179.10000 5.66900000 212.65000 39.17000 17.09100 53.85400
13 7 20 18 57 8179.20000 5.66900000 212.65000 39.17000 17.09100 53.85400
13 7 20 18 57 8179.20000 5.66900000 212.65000 39.17000 17.09100 53.85400
13 7 20 18 58 8179.20000 5.66900000 212.66000 39.17000 17.09100 53.85400
13 7 20 18 58 8179.20000 5.66900000 212.67000 39.17000 17.09100 53.85400
13 7 20 18 58 8179.10000 5.66900000 212.71000 39.17000 17.09100 53.85400
13 7 20 18 59 8179.20000 5.66900000 212.72000 39.17000 17.09100 53.99500
13 7 20 18 59 8179.30000 5.66900000 212.72000 39.17000 17.09100 53.99500
13 7 20 19 00 8179.30000 5.66900000 212.72000 39.17000 17.09100 53.99500
13 7 20 19 00 8179.30000 5.66900000 212.71000 39.16000 17.09100 53.99500
13 7 20 19 01 8179.30000 5.66900000 212.40000 39.16000 17.09100 53.99500
13 7 20 19 01 8179.30000 5.66900000 212.31000 39.16000 17.09100 53.99500
13 7 20 19 02 8179.20000 5.66900000 212.31000 39.15000 17.09100 53.99500
13 7 20 19 02 8179.20000 5.66900000 212.21000 39.15000 17.09100 53.99500
13 7 20 19 03 8179.20000 5.66900000 212.21000 39.12000 17.09100 53.84000
13 7 20 19 03 8179.20000 5.66900000 212.12000 39.12000 17.04800 53.84000
13 7 20 19 04 8179.30000 5.66900000 212.13000 39.12000 17.04800 53.84000
13 7 20 19 04 8179.30000 5.66900000 212.14000 39.12000 17.04800 53.84000
13 7 20 19 05 8179.20000 5.66900000 212.14000 39.12000 17.04800 53.84000
13 7 20 19 05 8179.30000 5.66900000 212.17000 39.08000 17.04800 53.84000
13 7 20 19 06 8179.90000 5.66900000 212.17000 39.08000 17.04800 53.84000
13 7 20 19 06 8179.40000 5.66900000 212.10000 39.08000 17.04800 53.84000
13 7 20 19 07 8179.40000 5.66900000 211.91000 39.03000 17.04800 53.80500
13 7 20 19 07 8179.40000 5.66900000 211.92000 39.03000 17.04800 53.80500
13 7 20 19 08 8179.50000 5.66900000 212.07000 39.03000 17.04800 53.80500
13 7 20 19 08 8179.50000 5.66900000 212.09000 39.03000 17.04800 53.76100
13 7 20 19 08 8179.50000 5.66900000 212.06000 39.03000 17.04800 53.76100
13 7 20 19 09 8179.40000 5.66900000 212.04000 39.03000 17.04800 53.76100
13 7 20 19 09 8179.40000 5.66900000 212.10000 39.03000 17.04800 53.69000
13 7 20 19 10 8179.50000 5.66900000 212.11000 39.03000 17.04800 53.67600
13 7 20 19 10 8179.50000 5.66900000 212.11000 39.03000 17.04800 53.67600
13 7 20 19 11 8179.50000 5.66900000 212.11000 39.03000 17.04800 53.67600
13 7 20 19 11 8179.40000 5.66900000 212.14000 39.03000 17.04800 53.67600
13 7 20 19 12 8179.30000 5.66900000 212.15000 39.05000 17.04800 53.67600
13 7 20 19 12 8173.90000 5.66900000 212.17000 39.04000 17.04800 53.67600
13 7 20 19 13 8173.90000 5.66900000 212.16000 39.03000 17.04800 53.67600
13 7 20 19 13 8173.90000 5.66900000 212.14000 39.03000 17.04800 53.67600
13 7 20 19 14 8173.00000 5.66900000 212.15000 39.03000 17.04800 53.67600
13 7 20 19 14 8173.10000 5.66900000 212.15000 39.02000 17.04800 53.67600
13 7 20 19 15 8173.50000 5.66900000 212.15000 39.02000 17.04800 53.67600
13 7 20 19 15 8173.10000 5.65000000 212.16000 39.02000 17.04800 53.76400
13 7 20 19 16 8173.10000 5.65000000 212.07000 39.02000 17.04800 53.76400
13 7 20 19 16 8170.40000 5.65000000 211.81000 39.02000 17.04800 53.76400
13 7 20 19 17 8170.60000 5.65000000 211.85000 39.02000 17.04800 53.76400
13 7 20 19 17 8170.80000 5.65000000 211.78000 39.02000 17.04800 53.76400
13 7 20 19 18 8170.40000 5.65000000 211.91000 39.02000 17.04800 53.76400
13 7 20 19 18 8170.50000 5.65000000 211.89000 39.02000 17.04800 53.76400
13 7 20 19 19 8170.50000 5.65000000 211.79000 39.02000 17.04800 53.76400
13 7 20 19 19 8170.30000 5.65000000 211.73000 39.00000 17.04800 53.76400
13 7 20 19 20 8165.60000 5.65000000 211.52000 38.95000 17.04800 53.50900
13 7 20 19 20 8165.70000 5.61200000 211.58000 38.85000 17.07600 53.45800
13 7 20 19 21 8165.70000 5.61200000 211.58000 38.84000 17.07600 53.45800
13 7 20 19 21 8165.70000 5.61200000 211.59000 38.84000 17.07600 53.45800
13 7 20 19 22 8167.00000 5.61200000 211.73000 38.84000 17.07600 53.45800
13 7 20 19 22 8167.00000 5.61200000 211.73000 38.91000 17.07600 53.45800
13 7 20 19 23 8167.00000 5.61200000 211.86000 38.91000 17.07600 53.45800
13 7 20 19 23 8166.30000 5.61200000 211.62000 38.91000 17.07600 53.59200
13 7 20 19 24 8163.10000 5.61200000 211.61000 38.89000 17.07600 53.59200
13 7 20 19 25 8161.90000 5.61200000 211.62000 38.89000 17.07600 53.59200
13 7 20 19 25 8160.20000 5.61200000 211.33000 38.86000 17.07600 53.59200
13 7 20 19 26 8160.10000 5.62700000 211.33000 38.86000 17.07600 53.59200
13 7 20 19 26 8151.70000 5.62000000 211.23000 38.78000 17.07600 53.45200
13 7 20 19 27 8140.10000 5.61600000 211.01000 38.79000 17.07600 53.38200
13 7 20 19 28 8133.90000 5.61600000 210.95000 38.72000 17.07600 53.38200
13 7 20 19 29 8137.00000 5.60500000 210.91000 38.72000 17.07600 53.31200
13 7 20 19 29 8137.80000 5.59100000 210.63000 38.72000 17.07600 53.31200
13 7 20 19 30 8130.80000 5.59100000 210.29000 38.68000 16.90700 53.13500
13 7 20 19 32 8133.10000 5.53900000 210.43000 38.41000 16.77600 52.82100
13 7 20 19 33 8132.00000 5.48100000 209.93000 37.86000 16.77600 52.29000
13 7 20 19 35 8128.10000 5.49000000 209.88000 37.97000 16.52500 52.51200
13 7 20 19 36 8126.10000 5.47100000 209.60000 37.91000 16.53400 52.28000
13 7 20 19 38 8132.10000 5.48000000 210.56000 38.08000 16.77000 52.64900
13 7 20 19 38 8137.70000 5.48000000 210.81000 38.12000 16.81900 52.64900
13 7 20 19 39 8137.60000 5.49800000 210.54000 38.05000 16.81900 52.64900
13 7 20 19 40 8137.70000 5.49800000 210.71000 38.11000 16.77200 52.64900
13 7 20 19 40 8137.70000 5.50000000 210.54000 38.11000 16.77200 52.64900
13 7 20 19 41 8137.80000 5.50000000 210.60000 38.16000 16.76400 52.82300
13 7 20 19 42 8140.00000 5.50000000 210.86000 38.27000 16.76400 52.82300
13 7 20 19 42 8154.60000 5.50000000 210.85000 38.30000 16.76400 53.09400
13 7 20 19 43 8150.90000 5.50000000 210.83000 38.30000 16.76400 53.16000
13 7 20 19 44 8150.90000 5.50000000 210.95000 38.28000 16.76400 53.16000
