M=[
15 11 20 14 34 13630.00000 4.25500000 388.47000 53.40000 13.82700 52.98500
15 11 20 14 34 13624.30000 4.25500000 388.47000 53.40000 13.82700 52.98500
15 11 20 14 35 13619.60000 4.25500000 388.47000 53.40000 13.82700 52.98500
15 11 20 14 35 13618.20000 4.25500000 388.47000 53.44000 13.82700 52.98500
15 11 20 14 35 13617.30000 4.25500000 388.47000 53.43000 13.69900 52.98500
15 11 20 14 36 13618.80000 4.25500000 388.47000 53.39000 13.69900 52.98500
15 11 20 14 36 13618.30000 4.25500000 388.47000 53.39000 13.69900 52.98500
15 11 20 14 37 13619.60000 4.25500000 388.32000 53.39000 13.69900 52.98500
15 11 20 14 37 13615.00000 4.25500000 388.14000 53.39000 13.69900 52.98500
15 11 20 14 38 13615.00000 4.25500000 388.14000 53.39000 13.69900 52.98500
15 11 20 14 38 13616.10000 4.25500000 388.24000 53.37000 13.69900 52.98500
15 11 20 14 38 13615.00000 4.25500000 388.24000 53.37000 13.69900 52.98500
15 11 20 14 39 13615.00000 4.25500000 388.24000 53.37000 13.69900 52.98500
15 11 20 14 39 13615.00000 4.25500000 388.51000 53.37000 13.69900 52.98500
15 11 20 14 40 13614.90000 4.25500000 388.51000 53.37000 13.69900 52.98500
15 11 20 14 40 13615.00000 4.25500000 388.31000 53.37000 13.69900 52.98500
15 11 20 14 41 13613.10000 4.25500000 388.31000 53.37000 13.69900 52.98500
15 11 20 14 41 13613.10000 4.25500000 388.31000 53.37000 13.69900 52.98500
15 11 20 14 41 13613.10000 4.25500000 388.31000 53.37000 13.69900 52.98500
15 11 20 14 42 13612.80000 4.25500000 388.37000 53.37000 13.69900 52.98500
15 11 20 14 42 13613.00000 4.25500000 388.37000 53.31000 13.69900 52.98500
15 11 20 14 43 13613.00000 4.25500000 388.27000 53.31000 13.69900 52.98500
15 11 20 14 43 13613.00000 4.25500000 388.27000 53.31000 13.69900 52.98500
15 11 20 14 44 13613.10000 4.25500000 388.27000 53.31000 13.69900 52.98500
15 11 20 14 44 13613.00000 4.25500000 388.35000 53.31000 13.69900 52.98500
15 11 20 14 44 13613.10000 4.25500000 388.35000 53.31000 13.63300 52.98500
15 11 20 14 45 13613.10000 4.25500000 388.54000 53.31000 13.63300 52.98500
15 11 20 14 45 13613.10000 4.25500000 388.66000 53.31000 13.63300 52.98500
15 11 20 14 46 13613.10000 4.25500000 388.66000 53.31000 13.85700 52.98500
15 11 20 14 46 13615.00000 4.25500000 388.66000 53.31000 13.85700 52.98500
15 11 20 14 47 13620.80000 4.25500000 388.93000 53.31000 13.85700 52.98500
15 11 20 14 47 13624.00000 4.25500000 388.93000 53.31000 13.85700 52.98500
15 11 20 14 47 13620.30000 4.25500000 388.93000 53.31000 13.85100 52.98500
15 11 20 14 48 13616.50000 4.25500000 388.29000 53.31000 13.85100 52.98500
15 11 20 14 48 13616.50000 4.25500000 388.29000 53.41000 13.85100 52.98500
15 11 20 14 49 13610.20000 4.25500000 388.25000 53.34000 13.85100 52.98500
15 11 20 14 49 13602.00000 4.25500000 388.12000 53.34000 13.85100 52.86500
15 11 20 14 50 13602.00000 4.25500000 387.57000 53.34000 13.85100 52.86500
15 11 20 14 50 13598.00000 4.25500000 387.57000 53.28000 13.85100 52.86500
15 11 20 14 50 13598.00000 4.25500000 387.57000 53.28000 13.85100 52.86500
15 11 20 14 51 13598.00000 4.25500000 387.57000 53.23000 13.85100 52.86500
15 11 20 14 51 13594.10000 4.25500000 387.91000 53.23000 13.85100 52.86500
15 11 20 14 52 13607.40000 4.25500000 387.91000 53.23000 13.85100 52.86500
15 11 20 14 52 13607.40000 4.25500000 387.81000 53.23000 13.93900 52.86500
15 11 20 14 53 13600.50000 4.25500000 387.61000 53.23000 13.93900 52.86500
15 11 20 14 53 13595.60000 4.25500000 387.74000 53.23000 13.74000 52.86500
15 11 20 14 53 13605.10000 4.25500000 387.72000 53.23000 13.74000 52.86500
15 11 20 14 54 13605.00000 4.25500000 387.74000 53.30000 13.74000 52.86500
15 11 20 14 54 13605.10000 4.25500000 387.74000 53.30000 13.74000 52.86500
15 11 20 14 55 13599.40000 4.25500000 387.74000 53.24000 13.74000 52.86500
15 11 20 14 55 13600.00000 4.25900000 387.56000 53.24000 13.74000 52.86500
15 11 20 14 56 13598.60000 4.25900000 387.56000 53.24000 13.74000 52.86500
15 11 20 14 56 13603.30000 4.25900000 387.79000 53.24000 13.74000 52.86500
15 11 20 14 56 13608.50000 4.25900000 387.58000 53.24000 13.74000 52.86500
15 11 20 14 57 13608.00000 4.25900000 387.92000 53.24000 13.74000 52.86500
15 11 20 14 57 13608.00000 4.25900000 387.92000 53.24000 13.74000 52.86500
15 11 20 14 58 13605.90000 4.25900000 387.92000 53.24000 13.74000 52.86500
15 11 20 14 58 13605.90000 4.25900000 387.89000 53.24000 13.74000 52.86500
15 11 20 14 59 13606.50000 4.25900000 387.89000 53.28000 13.74000 52.86500
15 11 20 14 59 13602.40000 4.25900000 387.89000 53.28000 13.74000 52.86500
15 11 20 14 59 13602.60000 4.25900000 387.89000 53.28000 13.74000 52.86500
15 11 20 15 00 13607.90000 4.25900000 387.89000 53.26000 13.74000 52.86500
15 11 20 15 00 13606.20000 4.25900000 387.51000 53.25000 13.74000 52.86500
15 11 20 15 01 13606.20000 4.25900000 387.51000 53.25000 13.74000 52.86500
15 11 20 15 01 13604.30000 4.25900000 387.51000 53.25000 13.74000 52.86500
15 11 20 15 02 13604.40000 4.25300000 387.69000 53.25000 13.74000 52.86500
15 11 20 15 02 13604.80000 4.25300000 387.69000 53.25000 13.74000 52.86500
15 11 20 15 02 13607.90000 4.25300000 387.73000 53.25000 13.74000 52.86500
15 11 20 15 03 13613.00000 4.25300000 387.82000 53.25000 13.74000 52.86500
15 11 20 15 03 13613.00000 4.25300000 387.82000 53.25000 13.74000 52.86500
15 11 20 15 04 13614.60000 4.25300000 387.82000 53.25000 13.74000 52.86500
15 11 20 15 04 13614.60000 4.25300000 387.82000 53.25000 13.74000 52.86500
15 11 20 15 05 13618.10000 4.25300000 387.78000 53.25000 13.74000 52.86500
15 11 20 15 05 13620.10000 4.25300000 387.78000 53.28000 13.74000 52.86500
15 11 20 15 05 13620.00000 4.25300000 387.78000 53.30000 13.74000 52.86500
15 11 20 15 06 13617.50000 4.25300000 387.78000 53.30000 13.74000 52.86500
15 11 20 15 06 13617.60000 4.25300000 387.78000 53.26000 13.74000 52.86500
15 11 20 15 07 13617.60000 4.26300000 387.92000 53.26000 13.74000 52.86500
15 11 20 15 07 13616.30000 4.26300000 387.92000 53.26000 13.74000 52.86500
15 11 20 15 08 13614.60000 4.26300000 387.92000 53.21000 13.74000 52.86500
15 11 20 15 08 13611.90000 4.26300000 387.92000 53.21000 13.74000 52.86500
15 11 20 15 08 13612.00000 4.26300000 387.93000 53.21000 13.74000 52.86500
15 11 20 15 09 13611.90000 4.26300000 387.93000 53.21000 13.74000 52.86500
15 11 20 15 09 13608.00000 4.26300000 387.84000 53.21000 13.74000 52.86500
15 11 20 15 10 13612.00000 4.26300000 387.98000 53.26000 13.74000 52.86500
15 11 20 15 10 13610.20000 4.26300000 387.98000 53.28000 13.74000 52.86500
15 11 20 15 11 13611.90000 4.26300000 387.98000 53.28000 13.74000 52.86500
15 11 20 15 11 13612.00000 4.26300000 387.99000 53.28000 13.74000 52.86500
15 11 20 15 11 13612.00000 4.26300000 388.00000 53.28000 13.74000 52.86500
15 11 20 15 12 13612.00000 4.25500000 388.00000 53.28000 13.92000 52.86500
15 11 20 15 12 13612.00000 4.25500000 388.00000 53.28000 13.76800 52.86500
15 11 20 15 13 13610.00000 4.25500000 388.00000 53.28000 13.76800 52.86500
15 11 20 15 13 13610.00000 4.25500000 388.00000 53.28000 13.76800 52.86500
15 11 20 15 14 13610.10000 4.25500000 388.00000 53.28000 13.76800 52.86500
15 11 20 15 14 13610.00000 4.25500000 388.00000 53.28000 13.76800 52.86500
15 11 20 15 14 13610.10000 4.25500000 387.99000 53.28000 13.76800 52.86500
15 11 20 15 15 13610.00000 4.25500000 387.99000 53.27000 13.76800 52.86500
15 11 20 15 15 13610.00000 4.25500000 387.90000 53.27000 13.72700 52.86500
15 11 20 15 16 13610.00000 4.25500000 387.85000 53.27000 13.72700 52.86500
15 11 20 15 16 13610.00000 4.25500000 387.98000 53.27000 13.72700 52.86500
15 11 20 15 16 13610.10000 4.25500000 387.98000 53.27000 13.72700 52.86500
15 11 20 15 17 13610.00000 4.25500000 387.91000 53.27000 13.72700 52.86500
15 11 20 15 17 13610.00000 4.25500000 387.99000 53.27000 13.72700 52.86500
15 11 20 15 18 13610.10000 4.25500000 387.99000 53.27000 13.72700 52.86500
15 11 20 15 18 13610.10000 4.25500000 387.99000 53.27000 13.72700 52.86500
15 11 20 15 19 13610.10000 4.25500000 387.99000 53.27000 13.72700 52.86500
