M=[
16 4 21 17 01 51588.50000 33.74800000 2032.38000 262.65000 42.76400 222.48200
16 4 21 17 02 51615.50000 33.53600000 2031.07000 263.11000 42.76400 222.65000
16 4 21 17 02 51591.10000 33.59700000 2030.56000 263.00000 42.76400 222.16300
16 4 21 17 03 51591.10000 33.60800000 2030.14000 263.84000 42.74300 223.00000
16 4 21 17 03 51590.90000 33.66100000 2029.82000 263.81000 42.74300 223.41900
16 4 21 17 04 51597.30000 33.58600000 2029.42000 263.05000 42.73400 223.47300
16 4 21 17 04 51596.70000 33.55600000 2029.40000 263.48000 42.73400 223.30000
16 4 21 17 04 51603.90000 33.44200000 2029.34000 263.84000 42.73400 223.08600
16 4 21 17 05 51613.10000 33.30700000 2029.40000 263.95000 42.73000 224.14600
16 4 21 17 05 51586.20000 33.29500000 2025.89000 263.98000 42.73200 224.14600
16 4 21 17 06 51591.20000 33.11500000 2025.30000 263.52000 42.73200 223.42300
16 4 21 17 06 51599.70000 33.11500000 2024.26000 264.19000 42.73200 223.40300
16 4 21 17 07 51589.20000 32.86300000 2022.03000 264.61000 42.73200 223.15800
16 4 21 17 07 51583.90000 32.66400000 2022.68000 264.01000 42.73200 223.07200
16 4 21 17 07 51600.00000 32.64400000 2023.30000 264.01000 42.73200 222.20900
16 4 21 17 08 51598.40000 32.46000000 2023.58000 264.17000 42.73200 220.70100
16 4 21 17 08 51599.90000 32.75700000 2023.68000 263.00000 42.73200 220.79000
16 4 21 17 09 51599.80000 32.86800000 2023.18000 262.75000 42.73200 220.65100
16 4 21 17 09 51588.10000 32.40500000 2023.86000 262.81000 42.73200 221.14300
16 4 21 17 10 51599.80000 32.60000000 2027.29000 263.97000 42.73200 221.20700
16 4 21 17 10 51623.50000 32.42300000 2028.23000 263.26000 42.73200 221.08500
16 4 21 17 10 51623.50000 32.42200000 2027.01000 263.55000 42.73200 221.08500
16 4 21 17 11 51587.00000 32.59000000 2025.99000 263.60000 42.73200 220.36000
16 4 21 17 11 51579.90000 32.35700000 2025.81000 263.45000 42.73200 219.47600
16 4 21 17 12 51579.90000 32.60000000 2026.76000 262.80000 42.73200 219.41500
16 4 21 17 12 51638.40000 32.59100000 2028.85000 262.86000 42.73200 219.41500
16 4 21 17 13 51630.50000 32.51600000 2028.44000 262.95000 42.73200 220.00000
16 4 21 17 13 51655.50000 32.74000000 2030.79000 263.38000 42.73200 220.00000
16 4 21 17 13 51681.30000 32.65500000 2032.69000 263.16000 42.73200 220.00000
16 4 21 17 14 51675.60000 32.87900000 2033.51000 263.24000 42.73200 220.00000
16 4 21 17 14 51665.70000 32.47100000 2031.71000 263.16000 42.73200 219.89800
16 4 21 17 15 51675.60000 32.26100000 2029.93000 263.36000 42.73200 219.89800
16 4 21 17 15 51678.60000 32.22400000 2029.91000 263.16000 42.73200 219.45900
16 4 21 17 16 51675.80000 32.41500000 2030.41000 263.00000 42.73200 219.55600
16 4 21 17 16 51673.80000 32.23900000 2030.77000 262.59000 42.73200 219.46000
16 4 21 17 16 51682.10000 32.42300000 2031.69000 262.44000 42.73200 219.46000
16 4 21 17 17 51694.10000 32.42300000 2033.80000 262.69000 42.73200 219.46000
16 4 21 17 17 51694.00000 32.63200000 2033.91000 262.59000 42.73200 221.02500
16 4 21 17 18 51693.90000 32.53300000 2032.69000 262.76000 42.73200 220.53900
16 4 21 17 18 51676.70000 32.45400000 2031.26000 262.19000 42.73200 220.53900
16 4 21 17 19 51687.50000 32.74700000 2032.69000 261.69000 42.73200 220.53900
16 4 21 17 19 51687.40000 32.57600000 2032.97000 261.81000 42.73200 220.43600
16 4 21 17 19 51671.80000 32.96600000 2033.64000 261.91000 42.73200 220.43600
16 4 21 17 20 51681.50000 33.38200000 2033.60000 262.00000 42.73200 220.43600
16 4 21 17 20 51683.00000 33.20000000 2034.01000 262.15000 42.73200 220.43600
16 4 21 17 21 51671.00000 33.47600000 2034.01000 262.10000 42.89200 220.43600
16 4 21 17 21 51671.30000 33.56600000 2034.56000 262.25000 42.89200 220.43600
16 4 21 17 22 51671.00000 33.47800000 2034.02000 262.49000 42.89200 220.43600
16 4 21 17 22 51637.60000 33.43500000 2032.89000 262.51000 42.89300 220.43600
16 4 21 17 22 51627.30000 33.33700000 2029.68000 262.00000 42.94700 219.86400
16 4 21 17 23 51607.10000 33.21200000 2030.41000 261.58000 42.94700 219.79000
16 4 21 17 23 51600.20000 33.21600000 2030.60000 260.81000 42.94700 219.79000
16 4 21 17 24 51615.00000 33.31900000 2032.16000 260.97000 42.94700 219.56100
16 4 21 17 24 51615.00000 33.35600000 2032.52000 261.08000 42.94700 219.56100
16 4 21 17 25 51615.00000 33.61000000 2032.18000 260.82000 42.94700 219.77000
16 4 21 17 25 51627.90000 33.68000000 2033.17000 261.23000 42.94700 219.77000
16 4 21 17 25 51636.10000 33.54700000 2033.54000 261.12000 42.94700 219.77000
16 4 21 17 26 51647.30000 33.48900000 2034.72000 260.83000 42.94700 220.15300
16 4 21 17 26 51670.10000 33.79000000 2035.15000 261.03000 42.94700 220.15300
16 4 21 17 27 51666.10000 33.77000000 2034.00000 260.80000 42.94700 220.15300
16 4 21 17 27 51657.50000 33.88800000 2034.07000 259.26000 42.94700 219.89100
16 4 21 17 28 51647.70000 34.30000000 2034.08000 259.00000 42.94700 219.89100
16 4 21 17 28 51650.90000 34.53200000 2033.29000 258.30000 42.94700 219.89100
16 4 21 17 28 51640.00000 34.73900000 2033.28000 258.54000 42.94700 219.89100
16 4 21 17 29 51630.00000 34.90000000 2032.13000 258.04000 43.19100 219.77300
16 4 21 17 29 51604.50000 34.68600000 2031.42000 258.00000 43.28500 219.45900
16 4 21 17 30 51604.30000 34.68500000 2034.15000 258.70000 43.58000 219.10200
16 4 21 17 30 51618.60000 34.48700000 2034.75000 258.52000 43.58000 219.10200
16 4 21 17 31 51626.10000 34.38500000 2034.75000 259.11000 43.58000 219.03000
16 4 21 17 31 51651.40000 34.41200000 2035.00000 259.22000 43.43700 219.03000
16 4 21 17 31 51664.10000 34.48900000 2038.20000 259.67000 43.43700 219.03000
16 4 21 17 32 51665.10000 34.48700000 2039.00000 259.05000 43.43700 219.03000
16 4 21 17 32 51668.70000 34.02800000 2038.93000 259.09000 43.43700 219.03000
16 4 21 17 33 51666.30000 33.84600000 2038.95000 258.52000 43.38900 218.71300
16 4 21 17 33 51641.50000 33.50100000 2038.00000 258.31000 43.38900 218.71300
16 4 21 17 34 51620.60000 33.77100000 2034.38000 257.77000 43.38900 217.94700
16 4 21 17 34 51619.80000 33.50100000 2034.81000 258.13000 43.38900 217.94700
16 4 21 17 34 51617.50000 33.03400000 2034.73000 257.94000 43.43200 217.92500
16 4 21 17 35 51610.10000 33.19900000 2034.01000 258.12000 43.43200 217.37500
16 4 21 17 35 51626.90000 33.51400000 2034.79000 258.25000 43.43200 217.37500
16 4 21 17 36 51615.00000 33.59900000 2033.15000 258.41000 43.43200 217.79900
16 4 21 17 36 51622.20000 33.35000000 2035.00000 258.39000 43.43200 217.79900
16 4 21 17 37 51604.50000 33.26400000 2034.32000 258.45000 43.43200 217.79900
16 4 21 17 37 51600.20000 33.16500000 2035.00000 258.47000 43.43200 217.79900
16 4 21 17 37 51600.20000 33.16500000 2036.32000 258.44000 43.43200 217.79900
16 4 21 17 38 51615.50000 33.29000000 2038.59000 258.70000 43.43200 218.01900
16 4 21 17 38 51631.20000 33.29000000 2038.95000 258.49000 43.43200 218.01900
16 4 21 17 39 51631.10000 33.43900000 2038.96000 258.49000 43.43200 218.01900
16 4 21 17 39 51636.00000 33.20500000 2039.68000 258.56000 43.43200 218.78600
16 4 21 17 40 51638.20000 33.15900000 2039.77000 258.43000 43.43200 218.78600
16 4 21 17 40 51643.50000 33.17200000 2040.00000 258.38000 43.35300 219.03400
16 4 21 17 40 51643.40000 33.17200000 2039.77000 259.45000 43.35700 219.03400
16 4 21 17 41 51643.40000 33.18000000 2039.94000 259.66000 43.35700 219.03400
16 4 21 17 41 51643.50000 33.18500000 2038.09000 259.52000 43.36100 219.03400
16 4 21 17 42 51647.00000 33.10500000 2040.22000 258.81000 43.36100 219.17200
16 4 21 17 42 51647.00000 33.10000000 2040.17000 259.06000 43.36100 219.29300
16 4 21 17 43 51672.10000 33.25900000 2039.91000 259.01000 43.36100 219.29300
16 4 21 17 43 51610.00000 33.32600000 2039.27000 258.77000 43.36100 219.17200
16 4 21 17 43 51610.00000 33.20800000 2039.27000 258.60000 43.36100 219.17200
16 4 21 17 44 51614.10000 33.22000000 2038.51000 258.51000 43.36100 218.96400
16 4 21 17 44 51570.40000 33.04700000 2037.65000 258.02000 43.43900 218.96400
16 4 21 17 45 51582.20000 33.04700000 2037.88000 258.17000 43.43900 218.96400
