M=[
10 5 21 12 25 47859.60000 102.75100000 3387.44000 323.92000 37.33600 251.75500
10 5 21 12 25 47850.10000 102.81800000 3388.04000 324.35000 37.33600 251.75500
10 5 21 12 25 47815.80000 102.73700000 3386.82000 323.76000 37.33600 251.75500
10 5 21 12 26 47815.80000 102.52400000 3384.89000 323.80000 37.33600 251.75500
10 5 21 12 26 47779.10000 102.41700000 3382.62000 323.81000 37.33600 251.75500
10 5 21 12 27 47640.30000 102.31300000 3377.95000 322.56000 37.33600 251.75500
10 5 21 12 27 47617.70000 102.07100000 3375.73000 322.00000 37.33600 251.75500
10 5 21 12 28 47549.50000 102.00000000 3375.60000 321.77000 37.33600 251.75500
10 5 21 12 28 47578.50000 101.69000000 3373.52000 322.11000 37.33600 251.75500
10 5 21 12 28 47626.70000 101.69000000 3374.10000 321.96000 37.13100 251.75500
10 5 21 12 29 47596.40000 101.69000000 3372.55000 321.35000 37.13100 251.75500
10 5 21 12 29 47596.30000 101.69000000 3373.99000 321.18000 37.13100 251.75500
10 5 21 12 30 47622.40000 101.65700000 3380.12000 322.08000 37.13100 251.75500
10 5 21 12 30 47594.50000 101.65700000 3378.69000 321.64000 37.13100 249.57100
10 5 21 12 31 47596.60000 101.81500000 3375.89000 321.42000 37.13100 249.79300
10 5 21 12 31 47639.00000 101.81500000 3380.19000 322.47000 37.13100 249.79300
10 5 21 12 31 47650.60000 101.81500000 3381.99000 322.65000 37.13100 249.79300
10 5 21 12 32 47650.60000 102.12500000 3386.50000 323.53000 37.13100 250.95300
10 5 21 12 32 47712.70000 102.43700000 3386.50000 323.53000 37.13100 250.95300
10 5 21 12 33 47720.60000 102.43700000 3389.24000 324.39000 37.13100 250.95300
10 5 21 12 33 47754.60000 102.27900000 3392.08000 324.57000 37.13100 250.95300
10 5 21 12 34 47775.20000 102.68400000 3396.03000 325.23000 37.13100 250.95300
10 5 21 12 34 47899.00000 102.68400000 3397.99000 326.24000 37.13100 250.95300
10 5 21 12 34 47872.60000 102.68400000 3398.02000 326.24000 37.13100 250.95300
10 5 21 12 35 47887.60000 102.85300000 3400.13000 325.76000 37.00300 250.95300
10 5 21 12 35 47964.50000 102.78500000 3399.63000 326.05000 37.00300 250.95300
10 5 21 12 36 47941.10000 102.78500000 3399.99000 325.94000 37.40400 252.72500
10 5 21 12 36 47993.40000 102.78500000 3405.78000 326.43000 37.40400 253.89900
10 5 21 12 37 47968.30000 102.26200000 3398.22000 325.85000 37.40400 253.45600
10 5 21 12 37 47900.20000 102.44800000 3399.96000 326.03000 37.40400 253.45600
10 5 21 12 37 47987.10000 102.44800000 3403.48000 326.09000 37.40400 253.45600
10 5 21 12 38 47985.30000 102.18600000 3402.42000 326.02000 37.40400 253.45600
10 5 21 12 38 47900.20000 102.18600000 3398.75000 324.98000 37.40400 253.45600
10 5 21 12 39 47900.10000 102.18600000 3403.68000 325.69000 37.40400 253.45600
10 5 21 12 39 47900.10000 102.18600000 3397.96000 325.42000 37.40400 253.45600
10 5 21 12 40 47857.40000 102.33800000 3397.95000 325.42000 37.40400 253.45600
10 5 21 12 40 47840.00000 102.00000000 3394.57000 325.40000 37.40400 253.45600
10 5 21 12 40 47863.70000 102.59300000 3402.04000 325.63000 37.40400 253.45600
10 5 21 12 41 47826.90000 102.01000000 3400.42000 324.89000 37.40400 253.55000
10 5 21 12 41 47809.80000 102.32500000 3402.08000 324.32000 37.40400 253.55000
10 5 21 12 42 47784.10000 102.27100000 3398.29000 324.27000 37.40400 253.55000
10 5 21 12 42 47700.00000 102.27100000 3394.45000 324.28000 37.40400 252.77200
10 5 21 12 43 47682.30000 102.14100000 3393.67000 323.34000 37.40400 252.77200
10 5 21 12 43 47650.60000 102.14100000 3392.66000 322.81000 37.40400 252.77200
10 5 21 12 43 47669.60000 101.51900000 3397.80000 323.05000 37.40400 252.77200
10 5 21 12 44 47671.70000 101.89700000 3397.01000 323.37000 37.40400 252.02300
10 5 21 12 44 47672.10000 101.59600000 3402.00000 323.39000 37.40400 252.02300
10 5 21 12 45 47648.10000 102.04100000 3399.81000 324.74000 37.40400 252.02300
10 5 21 12 45 47605.10000 101.72200000 3397.45000 324.11000 37.40400 252.02300
10 5 21 12 46 47600.10000 101.64500000 3394.47000 323.79000 37.40400 252.02300
10 5 21 12 46 47600.10000 101.50000000 3394.48000 324.00000 37.40400 252.02300
10 5 21 12 46 47600.10000 101.50000000 3396.87000 323.62000 37.40400 252.02300
10 5 21 12 47 47567.50000 101.50000000 3396.71000 323.80000 37.40400 252.02300
10 5 21 12 47 47634.40000 101.69400000 3401.07000 325.42000 37.40400 252.02300
10 5 21 12 48 47612.70000 101.69400000 3401.45000 325.36000 37.40400 251.39600
10 5 21 12 48 47618.70000 101.91700000 3402.00000 325.74000 37.40400 252.44200
10 5 21 12 49 47605.70000 101.86300000 3396.14000 324.63000 37.40400 252.44200
10 5 21 12 49 47571.60000 101.75700000 3394.03000 323.84000 37.40400 252.44200
10 5 21 12 49 47602.30000 101.03700000 3399.60000 324.54000 37.40400 252.44200
10 5 21 12 50 47602.30000 101.19200000 3400.00000 325.14000 37.40400 252.05100
10 5 21 12 50 47597.30000 101.14900000 3398.78000 325.00000 37.40400 252.05100
10 5 21 12 51 47600.10000 101.19000000 3398.29000 325.47000 37.40400 252.05100
10 5 21 12 51 47616.70000 100.99900000 3398.83000 325.22000 37.40400 252.05100
10 5 21 12 52 47594.70000 100.65000000 3398.85000 324.78000 37.40400 252.05100
10 5 21 12 52 47632.50000 100.71800000 3401.21000 324.89000 37.40400 252.69000
10 5 21 12 52 47623.70000 100.71800000 3397.15000 324.90000 37.40400 252.69000
10 5 21 12 53 47622.70000 100.60000000 3395.58000 324.47000 37.40400 252.69000
10 5 21 12 53 47538.80000 100.19900000 3390.80000 322.71000 37.40400 252.69000
10 5 21 12 54 47505.10000 100.02100000 3389.97000 323.23000 37.40400 252.69000
10 5 21 12 54 47507.00000 100.35200000 3390.01000 322.76000 37.40400 252.69000
10 5 21 12 55 47495.80000 100.35200000 3387.93000 321.70000 37.40400 252.69000
10 5 21 12 55 47458.60000 100.46400000 3393.76000 321.92000 37.40400 252.69000
10 5 21 12 55 47493.30000 100.22600000 3396.33000 322.14000 37.40400 252.69000
10 5 21 12 56 47444.90000 100.20500000 3394.95000 322.19000 37.40400 252.69000
10 5 21 12 56 47494.30000 100.42100000 3398.95000 322.47000 37.40400 252.69000
10 5 21 12 57 47500.00000 100.23400000 3398.96000 322.79000 37.40400 252.69000
10 5 21 12 57 47606.20000 100.23400000 3407.00000 323.74000 37.40400 252.85600
10 5 21 12 58 47589.30000 100.59900000 3410.00000 323.49000 37.40400 252.85600
10 5 21 12 58 47573.50000 100.60400000 3409.99000 323.49000 37.40400 252.85600
10 5 21 12 58 47573.50000 100.37900000 3405.78000 323.00000 37.40400 252.85600
10 5 21 12 59 47573.10000 100.45300000 3404.36000 322.93000 37.40400 252.85600
10 5 21 12 59 47518.70000 100.69400000 3399.71000 322.23000 37.40400 252.85600
10 5 21 13 00 47469.00000 100.50100000 3396.01000 321.86000 37.40400 252.85600
10 5 21 13 00 47415.20000 100.30000000 3393.62000 321.50000 37.40400 252.85600
10 5 21 13 01 47405.00000 100.30000000 3395.00000 321.32000 37.40400 252.85600
10 5 21 13 01 47407.60000 100.23500000 3395.03000 320.83000 37.40400 252.85600
10 5 21 13 01 47407.60000 100.07100000 3392.67000 320.60000 37.40400 252.85600
10 5 21 13 02 47434.20000 100.07000000 3392.04000 320.85000 37.40400 252.45600
10 5 21 13 02 47422.60000 100.07000000 3392.80000 320.76000 37.40400 252.45600
10 5 21 13 03 47422.80000 100.00000000 3395.34000 320.41000 37.40400 252.45600
10 5 21 13 03 47406.30000 100.16400000 3399.11000 320.54000 37.40400 252.45600
10 5 21 13 04 47428.90000 100.28400000 3399.80000 320.83000 37.40400 252.45600
10 5 21 13 04 47502.20000 100.28400000 3403.32000 321.69000 37.40400 252.45600
10 5 21 13 04 47510.60000 100.28400000 3399.57000 321.71000 37.40400 252.45600
10 5 21 13 05 47587.20000 100.36100000 3404.00000 322.45000 37.40400 254.05100
10 5 21 13 05 47608.50000 100.00000000 3404.17000 322.56000 37.40400 254.05100
10 5 21 13 06 47608.50000 100.26400000 3403.67000 322.89000 37.40400 254.05100
10 5 21 13 06 47608.50000 100.02000000 3404.49000 323.59000 37.40400 254.05100
10 5 21 13 07 47610.00000 100.21300000 3401.48000 323.19000 37.40400 254.05100
10 5 21 13 07 47624.60000 100.21300000 3404.28000 323.53000 37.40400 255.08000
10 5 21 13 07 47640.00000 100.21300000 3404.50000 323.62000 37.40400 255.08000
