M=[
 5 2 21 17 24 31475.00000 6.61600000 1430.78000 126.94000 19.01600 77.67700
 5 2 21 17 24 31474.90000 6.64800000 1431.44000 127.00000 19.01600 77.67700
 5 2 21 17 25 31474.90000 6.64800000 1430.09000 127.17000 19.21800 77.67700
 5 2 21 17 25 31483.30000 6.64800000 1428.62000 126.92000 18.95500 77.67700
 5 2 21 17 26 31475.60000 6.64800000 1428.62000 126.78000 18.95500 77.82800
 5 2 21 17 26 31498.60000 6.64700000 1430.00000 127.02000 18.95500 77.82800
 5 2 21 17 26 31504.90000 6.64700000 1432.31000 127.14000 18.95500 77.62500
 5 2 21 17 27 31504.90000 6.64700000 1432.54000 126.94000 18.95500 77.62500
 5 2 21 17 27 31505.00000 6.64700000 1431.81000 127.06000 18.95500 77.62500
 5 2 21 17 28 31502.10000 6.64700000 1431.18000 127.07000 18.95500 77.62500
 5 2 21 17 28 31480.90000 6.64700000 1430.49000 126.93000 19.09900 77.62500
 5 2 21 17 29 31495.10000 6.64700000 1429.50000 126.83000 19.09900 77.62500
 5 2 21 17 29 31485.80000 6.64700000 1428.66000 126.90000 19.09900 77.62500
 5 2 21 17 29 31494.10000 6.64700000 1429.99000 126.78000 19.09900 77.86600
 5 2 21 17 30 31504.90000 6.66400000 1430.00000 126.96000 19.09900 77.86600
 5 2 21 17 30 31505.00000 6.66400000 1431.00000 127.05000 19.09900 77.86600
 5 2 21 17 31 31513.50000 6.66400000 1430.99000 127.07000 19.09900 77.86500
 5 2 21 17 31 31506.20000 6.66400000 1431.00000 126.91000 19.11200 77.86500
 5 2 21 17 32 31505.00000 6.66400000 1430.59000 126.76000 19.11200 77.79200
 5 2 21 17 32 31503.80000 6.66400000 1430.33000 126.68000 19.11200 77.79200
 5 2 21 17 32 31481.80000 6.66400000 1429.13000 126.35000 19.11200 77.79200
 5 2 21 17 33 31485.70000 6.66400000 1430.88000 126.60000 19.09900 77.79200
 5 2 21 17 33 31486.50000 6.63900000 1430.28000 126.64000 19.09900 77.79200
 5 2 21 17 34 31481.10000 6.63900000 1430.75000 126.59000 19.08500 77.79200
 5 2 21 17 34 31481.10000 6.63900000 1431.00000 126.59000 19.08500 77.79200
 5 2 21 17 35 31514.10000 6.63900000 1431.00000 126.52000 18.90000 77.79200
 5 2 21 17 35 31540.10000 6.63900000 1432.50000 126.88000 18.90000 77.79200
 5 2 21 17 35 31529.90000 6.63900000 1433.62000 126.88000 18.90000 77.79200
 5 2 21 17 36 31540.20000 6.68000000 1436.73000 127.00000 18.90000 77.96800
 5 2 21 17 36 31567.30000 6.68000000 1438.36000 127.14000 18.90000 77.96800
 5 2 21 17 37 31556.40000 6.68000000 1438.48000 127.08000 18.90000 77.96800
 5 2 21 17 37 31523.70000 6.68000000 1437.15000 127.08000 18.90000 77.96800
 5 2 21 17 38 31534.50000 6.68000000 1437.98000 126.82000 18.90000 77.96900
 5 2 21 17 38 31541.30000 6.66900000 1437.65000 126.97000 18.90000 78.18400
 5 2 21 17 38 31515.10000 6.66900000 1437.00000 126.87000 18.80000 78.18400
 5 2 21 17 39 31532.30000 6.66900000 1437.19000 126.83000 18.80000 78.21100
 5 2 21 17 39 31527.50000 6.66900000 1437.00000 127.05000 18.80000 78.21100
 5 2 21 17 40 31504.80000 6.66900000 1437.26000 127.08000 18.80000 78.21100
 5 2 21 17 40 31525.00000 6.66900000 1437.00000 127.10000 18.80000 78.21100
 5 2 21 17 41 31511.30000 6.66900000 1436.69000 126.99000 18.80000 78.21100
 5 2 21 17 41 31525.00000 6.66900000 1437.00000 127.07000 18.80000 78.21100
 5 2 21 17 41 31519.00000 6.66900000 1436.76000 127.07000 18.80000 78.21100
 5 2 21 17 42 31525.00000 6.66900000 1437.92000 127.15000 18.80000 78.20000
 5 2 21 17 42 31525.00000 6.66900000 1438.45000 127.17000 18.80000 78.20000
 5 2 21 17 43 31516.10000 6.66900000 1437.51000 127.17000 18.80000 78.59100
 5 2 21 17 43 31516.70000 6.66900000 1438.92000 126.99000 18.80000 78.59300
 5 2 21 17 44 31508.00000 6.66900000 1439.00000 127.05000 19.18100 78.28900
 5 2 21 17 44 31517.60000 6.66900000 1439.00000 127.06000 19.18100 78.37900
 5 2 21 17 44 31518.00000 6.66900000 1437.89000 127.02000 19.18100 78.40100
 5 2 21 17 45 31523.30000 6.69500000 1438.99000 127.02000 19.18100 78.40100
 5 2 21 17 45 31508.20000 6.69500000 1438.55000 127.07000 19.18100 78.40100
 5 2 21 17 46 31500.00000 6.68000000 1437.95000 127.00000 19.18100 78.40100
 5 2 21 17 46 31498.00000 6.68000000 1437.30000 127.00000 19.18100 78.40100
 5 2 21 17 47 31481.10000 6.66100000 1435.41000 126.83000 19.18100 78.40100
 5 2 21 17 47 31477.40000 6.66100000 1435.00000 126.66000 19.18100 78.45900
 5 2 21 17 47 31480.90000 6.66100000 1433.87000 126.79000 19.18100 78.45900
 5 2 21 17 48 31496.80000 6.66100000 1435.61000 126.79000 19.18100 78.19900
 5 2 21 17 48 31496.60000 6.66100000 1435.00000 126.73000 19.18100 78.19900
 5 2 21 17 49 31490.20000 6.66100000 1435.07000 126.72000 19.18100 78.19900
 5 2 21 17 49 31480.00000 6.68000000 1434.55000 126.75000 19.18100 78.24300
 5 2 21 17 50 31479.00000 6.68000000 1435.00000 126.64000 19.18100 78.24300
 5 2 21 17 50 31497.50000 6.68000000 1434.99000 126.65000 19.18100 78.24300
 5 2 21 17 50 31498.00000 6.68000000 1435.00000 126.63000 19.18100 78.24300
 5 2 21 17 51 31497.90000 6.68000000 1435.00000 126.71000 19.18100 78.24300
 5 2 21 17 51 31497.90000 6.68400000 1434.99000 126.73000 19.18100 78.24300
 5 2 21 17 52 31504.70000 6.68400000 1435.00000 126.84000 19.18100 78.24300
 5 2 21 17 52 31513.30000 6.69500000 1435.00000 126.84000 19.18100 78.24300
 5 2 21 17 53 31492.50000 6.67300000 1435.00000 126.75000 19.18100 78.24300
 5 2 21 17 53 31500.00000 6.67300000 1435.00000 126.73000 19.18100 78.24300
 5 2 21 17 53 31516.70000 6.67300000 1436.77000 126.83000 19.18100 78.24300
 5 2 21 17 54 31515.20000 6.68300000 1436.94000 127.01000 19.18100 78.54200
 5 2 21 17 54 31513.20000 6.68300000 1435.65000 126.80000 19.18100 78.54200
 5 2 21 17 55 31491.60000 6.68300000 1435.17000 126.89000 19.18100 78.54200
 5 2 21 17 55 31513.60000 6.68300000 1435.17000 126.89000 19.18200 78.54200
 5 2 21 17 56 31511.50000 6.68300000 1435.83000 126.89000 19.18200 78.54200
 5 2 21 17 56 31508.60000 6.68300000 1436.00000 126.97000 19.18200 78.54200
 5 2 21 17 56 31510.40000 6.68300000 1436.00000 127.15000 19.18200 78.54200
 5 2 21 17 57 31522.30000 6.68300000 1436.00000 127.13000 19.18200 78.54200
 5 2 21 17 57 31525.00000 6.68300000 1436.00000 127.13000 19.18200 78.54200
 5 2 21 17 58 31542.10000 6.68300000 1438.31000 127.15000 19.18200 78.54200
 5 2 21 17 58 31541.20000 6.68300000 1437.65000 127.14000 19.18200 78.54200
 5 2 21 17 59 31524.10000 6.68300000 1437.33000 127.14000 19.18200 78.54200
 5 2 21 17 59 31525.80000 6.68300000 1437.34000 127.12000 19.18200 78.54200
 5 2 21 17 59 31529.30000 6.68300000 1436.87000 127.12000 19.18200 78.54200
 5 2 21 18 00 31533.60000 6.70300000 1437.60000 127.02000 19.12900 78.54200
 5 2 21 18 00 31554.90000 6.76800000 1437.96000 127.14000 19.12900 78.54200
 5 2 21 18 01 31520.10000 6.76800000 1437.55000 127.08000 19.12900 78.54200
 5 2 21 18 01 31544.60000 6.72900000 1437.19000 127.08000 19.12900 78.54200
 5 2 21 18 02 31558.80000 6.75200000 1437.93000 127.08000 19.12900 78.79700
 5 2 21 18 02 31541.80000 6.75200000 1437.22000 127.08000 19.18200 78.79700
 5 2 21 18 02 31525.00000 6.75200000 1437.32000 127.14000 19.05500 78.79700
 5 2 21 18 03 31530.60000 6.75200000 1436.66000 127.14000 19.05500 78.79700
 5 2 21 18 03 31516.90000 6.74800000 1436.00000 127.13000 19.05500 78.99500
 5 2 21 18 04 31510.30000 6.77000000 1435.17000 127.01000 19.05500 78.99500
 5 2 21 18 04 31501.10000 6.75400000 1434.64000 127.01000 19.05500 78.99500
 5 2 21 18 05 31482.80000 6.73300000 1433.01000 126.83000 19.05500 78.51300
 5 2 21 18 05 31521.10000 6.73300000 1433.84000 126.80000 19.05500 79.28900
 5 2 21 18 05 31496.70000 6.72800000 1432.90000 126.92000 19.05500 78.72000
 5 2 21 18 06 31499.70000 6.72800000 1432.91000 127.00000 19.21800 78.86900
 5 2 21 18 06 31491.30000 6.73500000 1431.66000 126.94000 19.21800 78.86700
 5 2 21 18 07 31480.90000 6.73500000 1431.57000 126.91000 19.21800 78.69000
 5 2 21 18 07 31478.10000 6.73500000 1430.00000 126.89000 19.21800 78.69000
 5 2 21 18 08 31475.10000 6.73500000 1429.75000 126.80000 19.21800 78.69000
 5 2 21 18 08 31470.00000 6.77100000 1428.62000 126.80000 19.21800 78.69000
 5 2 21 18 09 31473.60000 6.77100000 1428.63000 126.80000 19.21800 78.69000
