M=[
22 7 21 12 23 27033.80000 36.30700000 1672.38000 99.10000 16.48600 78.53000
22 7 21 12 23 27030.90000 36.30700000 1672.38000 99.16000 16.48600 78.53000
22 7 21 12 23 27034.40000 36.30700000 1673.29000 99.19000 16.48600 78.53000
22 7 21 12 24 27030.80000 36.30700000 1673.48000 99.19000 16.48600 78.53000
22 7 21 12 24 27030.10000 36.30700000 1673.48000 99.13000 16.48600 78.53000
22 7 21 12 25 27028.10000 36.30700000 1672.33000 99.13000 16.48600 78.53000
22 7 21 12 25 27018.60000 36.30700000 1672.84000 99.13000 16.48600 78.53000
22 7 21 12 26 27000.00000 36.30700000 1664.01000 98.71000 16.48600 78.53000
22 7 21 12 26 26978.00000 35.98100000 1658.30000 98.36000 16.48600 78.53000
22 7 21 12 26 26972.50000 35.90700000 1660.50000 98.36000 16.48600 78.53000
22 7 21 12 27 26957.40000 35.91400000 1656.47000 98.36000 16.48600 78.53000
22 7 21 12 27 26957.30000 35.91400000 1657.00000 98.42000 16.48600 78.53000
22 7 21 12 28 26968.40000 35.89800000 1659.60000 98.46000 16.48600 78.53000
22 7 21 12 28 26979.50000 35.98000000 1659.97000 98.46000 16.48600 78.53000
22 7 21 12 29 26979.50000 35.97900000 1658.80000 98.46000 16.48600 78.53000
22 7 21 12 29 26979.50000 35.97900000 1658.16000 98.46000 16.48600 78.53000
22 7 21 12 30 26985.00000 35.97900000 1657.20000 98.46000 16.48600 78.53000
22 7 21 12 30 26985.00000 35.97900000 1661.12000 98.51000 16.48600 78.53000
22 7 21 12 30 26985.00000 35.97900000 1661.62000 98.51000 16.48600 78.53000
22 7 21 12 31 26984.90000 35.97900000 1660.22000 98.51000 16.48600 78.53000
22 7 21 12 31 26988.00000 35.97900000 1659.92000 98.51000 16.48600 78.53000
22 7 21 12 32 27015.40000 35.97900000 1662.16000 98.51000 16.48600 78.53000
22 7 21 12 32 27020.50000 35.97900000 1661.94000 98.51000 16.48600 78.06800
22 7 21 12 33 27038.20000 35.97900000 1664.74000 98.51000 16.48600 78.06800
22 7 21 12 33 27045.00000 35.97900000 1667.22000 98.51000 16.48600 78.06800
22 7 21 12 33 27045.00000 35.97900000 1666.77000 98.51000 16.48600 78.06800
22 7 21 12 34 27047.90000 35.97900000 1665.53000 98.51000 16.48600 78.06800
22 7 21 12 34 27087.30000 35.97900000 1668.43000 98.51000 16.48600 78.16800
22 7 21 12 35 27079.30000 35.97900000 1670.00000 98.51000 16.48600 78.16800
22 7 21 12 35 27090.10000 35.97900000 1671.65000 99.17000 16.48600 78.16800
22 7 21 12 36 27081.80000 35.97900000 1672.10000 99.18000 16.48600 78.16800
22 7 21 12 36 27081.90000 35.97900000 1670.35000 99.06000 16.48600 78.16800
22 7 21 12 36 27081.70000 35.97900000 1670.38000 99.06000 16.48600 78.16800
22 7 21 12 37 27081.80000 36.26100000 1672.88000 99.20000 16.48600 78.16800
22 7 21 12 37 27111.90000 36.26100000 1673.04000 99.25000 16.48600 78.16800
22 7 21 12 38 27138.30000 36.26100000 1675.21000 99.30000 16.48600 78.16800
22 7 21 12 38 27189.80000 36.41300000 1676.05000 99.30000 16.48600 78.16800
22 7 21 12 39 27170.70000 36.41300000 1676.88000 99.48000 16.48600 78.16800
22 7 21 12 39 27268.50000 36.50300000 1684.29000 99.91000 16.48600 78.16800
22 7 21 12 40 27250.80000 36.50300000 1684.66000 99.91000 16.48600 78.16800
22 7 21 12 40 27207.50000 36.50300000 1682.34000 99.91000 16.48600 78.16800
22 7 21 12 40 27205.40000 36.50300000 1682.48000 99.91000 16.48600 78.77400
22 7 21 12 41 27205.40000 36.50300000 1682.19000 99.91000 16.48600 78.77400
22 7 21 12 41 27279.20000 36.58600000 1687.36000 100.12000 16.43500 79.15000
22 7 21 12 42 27277.00000 36.58600000 1689.79000 100.10000 16.43500 79.15000
22 7 21 12 42 27300.00000 36.58600000 1689.80000 100.10000 16.43500 79.15000
22 7 21 12 43 27300.00000 36.58600000 1688.60000 100.10000 16.43500 79.15000
22 7 21 12 43 27300.00000 36.58600000 1689.11000 100.09000 16.43500 79.15000
22 7 21 12 43 27287.20000 36.58600000 1689.12000 100.09000 16.43500 79.15000
22 7 21 12 44 27275.30000 36.51900000 1689.13000 100.08000 16.43500 79.15000
22 7 21 12 44 27253.00000 36.51900000 1687.11000 100.08000 16.43500 79.15000
22 7 21 12 45 27220.40000 36.51900000 1687.03000 100.08000 16.43500 79.15000
22 7 21 12 45 27216.80000 36.51900000 1684.57000 100.08000 16.43500 79.15000
22 7 21 12 46 27222.10000 36.51900000 1685.49000 99.85000 16.43500 79.15000
22 7 21 12 46 27242.20000 36.51900000 1688.91000 99.85000 16.43500 79.15000
22 7 21 12 47 27243.70000 36.51900000 1688.58000 100.03000 16.43500 79.15000
22 7 21 12 47 27243.70000 36.51900000 1687.11000 100.01000 16.43500 79.15000
22 7 21 12 47 27243.70000 36.51900000 1687.11000 100.01000 16.43500 79.15000
22 7 21 12 48 27243.70000 36.51900000 1685.55000 100.01000 16.43500 79.15000
22 7 21 12 48 27243.60000 36.51900000 1684.77000 99.86000 16.43500 79.15000
22 7 21 12 49 27211.80000 36.51900000 1683.66000 99.69000 16.43500 79.15000
22 7 21 12 49 27205.60000 36.51900000 1682.89000 99.65000 16.43500 79.15000
22 7 21 12 50 27210.30000 36.51900000 1682.74000 99.63000 16.43500 79.15000
22 7 21 12 50 27221.40000 36.53800000 1685.24000 99.63000 16.43500 79.15000
22 7 21 12 50 27231.10000 36.53800000 1685.22000 99.78000 16.43500 79.15000
22 7 21 12 51 27233.00000 36.53800000 1683.80000 99.70000 16.43500 79.15000
22 7 21 12 51 27234.80000 36.53800000 1683.80000 99.70000 16.43500 79.15000
22 7 21 12 52 27213.80000 36.53800000 1683.19000 99.70000 16.43500 79.15000
22 7 21 12 52 27213.70000 36.53800000 1682.55000 99.64000 16.43500 79.15000
22 7 21 12 53 27204.50000 36.53800000 1681.97000 99.62000 16.43500 79.15000
22 7 21 12 53 27204.50000 36.53800000 1682.19000 99.62000 16.43500 79.15000
22 7 21 12 54 27223.00000 36.53800000 1682.33000 99.59000 16.43500 79.15000
22 7 21 12 54 27222.90000 36.53800000 1684.18000 99.59000 16.43500 79.15000
22 7 21 12 54 27215.60000 36.53800000 1684.20000 99.67000 16.43500 79.15000
22 7 21 12 55 27224.80000 36.53800000 1684.31000 99.75000 16.43500 79.15000
22 7 21 12 55 27218.00000 36.53800000 1684.47000 99.75000 16.43500 79.15000
22 7 21 12 56 27234.00000 36.53800000 1684.47000 99.75000 16.43500 79.15000
22 7 21 12 56 27247.50000 36.53800000 1685.85000 99.76000 16.43500 79.15000
22 7 21 12 57 27225.20000 36.53800000 1685.05000 99.76000 16.43500 79.15000
22 7 21 12 57 27248.60000 36.53800000 1689.13000 99.96000 16.43500 79.15000
22 7 21 12 57 27264.50000 36.53800000 1693.62000 100.26000 16.43500 79.15000
22 7 21 12 58 27288.30000 36.87300000 1696.95000 100.28000 16.43500 79.15000
22 7 21 12 58 27290.60000 36.87300000 1700.00000 100.28000 16.43500 79.15000
22 7 21 12 59 27292.60000 36.87300000 1704.68000 100.50000 16.43500 79.15000
22 7 21 12 59 27299.30000 36.87300000 1702.78000 100.50000 16.43500 79.15000
22 7 21 13 00 27295.50000 36.87300000 1702.81000 100.50000 16.43500 79.15000
22 7 21 13 00 27311.90000 36.87300000 1704.39000 100.50000 16.43500 79.15000
22 7 21 13 00 27328.30000 36.87300000 1704.52000 100.54000 16.43500 79.15000
22 7 21 13 01 27325.20000 36.87300000 1704.36000 100.54000 16.43500 79.15000
22 7 21 13 01 27290.60000 36.87300000 1701.97000 100.48000 16.43500 79.15000
22 7 21 13 02 27268.00000 36.87300000 1699.05000 100.48000 16.43500 79.15000
22 7 21 13 02 27265.40000 36.77500000 1698.29000 100.48000 16.43500 79.15000
22 7 21 13 03 27263.70000 36.73600000 1697.39000 100.36000 16.43500 79.15000
22 7 21 13 03 27250.60000 36.73600000 1695.69000 100.36000 16.43500 79.15000
22 7 21 13 04 27271.90000 36.73600000 1695.69000 100.18000 16.43500 79.15000
22 7 21 13 04 27257.60000 36.73600000 1695.40000 100.18000 16.43500 79.15000
22 7 21 13 04 27257.60000 36.73600000 1697.08000 100.18000 16.43500 79.15000
22 7 21 13 05 27261.80000 36.73600000 1696.01000 100.23000 16.43500 79.15000
22 7 21 13 05 27260.20000 36.73600000 1697.08000 100.32000 16.43500 79.15000
22 7 21 13 06 27259.40000 36.69500000 1697.22000 100.27000 16.43500 79.15000
22 7 21 13 06 27257.50000 36.69500000 1695.70000 100.21000 16.43500 79.15000
22 7 21 13 07 27256.30000 36.62500000 1695.48000 100.21000 16.43500 79.15000
22 7 21 13 07 27267.40000 36.62500000 1695.67000 100.27000 16.43500 79.15000
22 7 21 13 07 27260.60000 36.69300000 1695.58000 100.27000 16.43500 79.15000
