M=[
14 5 20 06 16 8733.00000 5.70700000 184.12000 39.73000 11.90000 39.35500
14 5 20 06 17 8733.10000 5.70700000 184.22000 39.73000 11.90000 39.35500
14 5 20 06 17 8736.50000 5.70700000 184.32000 39.73000 11.90000 39.35500
14 5 20 06 18 8749.30000 5.70700000 184.60000 39.83000 11.90000 39.35500
14 5 20 06 18 8746.60000 5.72000000 184.75000 39.83000 11.90000 39.35500
14 5 20 06 19 8747.90000 5.72000000 184.71000 39.85000 11.90000 39.35500
14 5 20 06 19 8749.80000 5.72000000 184.66000 39.85000 11.90000 39.40400
14 5 20 06 20 8745.90000 5.72000000 184.51000 39.85000 11.90000 39.40400
14 5 20 06 20 8749.80000 5.72000000 184.47000 39.77000 11.90000 39.40400
14 5 20 06 21 8741.70000 5.72000000 184.47000 39.77000 11.90000 39.40400
14 5 20 06 21 8741.50000 5.72000000 184.56000 39.77000 11.90000 39.40400
14 5 20 06 22 8740.10000 5.70700000 184.51000 39.77000 11.90000 39.40400
14 5 20 06 22 8743.60000 5.72600000 184.51000 39.77000 11.90000 39.40400
14 5 20 06 23 8750.10000 5.72600000 184.61000 39.75000 11.90000 39.40400
14 5 20 06 23 8752.00000 5.70700000 184.61000 39.75000 11.86700 39.40400
14 5 20 06 24 8752.40000 5.72600000 184.74000 39.80000 11.86700 39.40400
14 5 20 06 24 8752.40000 5.72600000 184.74000 39.80000 11.90100 39.40400
14 5 20 06 25 8757.90000 5.72600000 184.74000 39.80000 11.86700 39.40400
14 5 20 06 25 8760.90000 5.72600000 184.74000 39.80000 11.86700 39.40400
14 5 20 06 26 8757.60000 5.72600000 184.74000 39.80000 11.86700 39.40400
14 5 20 06 26 8763.40000 5.72600000 184.69000 39.80000 11.86700 39.35500
14 5 20 06 27 8760.10000 5.72600000 184.75000 39.80000 11.90000 39.40400
14 5 20 06 27 8770.00000 5.72600000 184.90000 39.80000 11.86700 39.40400
14 5 20 06 28 8775.00000 5.72600000 184.90000 39.80000 11.86700 39.40400
14 5 20 06 28 8770.60000 5.72600000 184.90000 39.82000 11.86700 39.40400
14 5 20 06 29 8770.60000 5.70700000 184.83000 39.80000 11.86700 39.40400
14 5 20 06 29 8754.30000 5.72600000 184.75000 39.80000 11.86700 39.40400
14 5 20 06 30 8762.20000 5.72600000 184.76000 39.79000 11.88700 39.40400
14 5 20 06 30 8767.40000 5.72600000 184.76000 39.79000 11.88700 39.40400
14 5 20 06 31 8767.50000 5.72600000 184.76000 39.79000 11.88700 39.40400
14 5 20 06 31 8758.60000 5.70700000 184.74000 39.79000 11.88700 39.40400
14 5 20 06 32 8752.40000 5.72600000 184.50000 39.79000 11.88700 39.40400
14 5 20 06 32 8750.00000 5.72600000 184.40000 39.79000 11.88700 39.40400
14 5 20 06 33 8756.30000 5.70700000 184.50000 39.79000 11.88700 39.40400
14 5 20 06 33 8750.40000 5.70700000 184.50000 39.79000 11.88700 39.40400
14 5 20 06 34 8748.50000 5.72600000 184.38000 39.79000 11.88700 39.40400
14 5 20 06 35 8748.60000 5.72600000 184.38000 39.79000 11.88700 39.40400
14 5 20 06 35 8750.00000 5.72600000 184.62000 39.79000 11.88700 39.40400
14 5 20 06 36 8751.50000 5.72600000 184.75000 39.79000 11.88700 39.40400
14 5 20 06 36 8752.90000 5.72600000 184.76000 39.79000 11.88700 39.40400
14 5 20 06 37 8756.60000 5.72600000 184.76000 39.79000 11.90000 39.40400
14 5 20 06 37 8756.80000 5.72000000 184.76000 39.79000 11.88700 39.40400
14 5 20 06 37 8754.30000 5.72600000 184.81000 39.86000 11.88700 39.40400
14 5 20 06 38 8756.30000 5.72600000 184.81000 39.86000 11.88700 39.40400
14 5 20 06 38 8755.90000 5.72600000 184.81000 39.86000 11.88700 39.40400
14 5 20 06 39 8756.30000 5.72600000 184.74000 39.83000 11.88700 39.40400
14 5 20 06 39 8757.90000 5.72600000 184.80000 39.83000 11.88700 39.40400
14 5 20 06 40 8752.90000 5.72600000 184.80000 39.83000 11.88700 39.40400
14 5 20 06 40 8757.90000 5.72600000 184.80000 39.83000 11.88700 39.40400
14 5 20 06 41 8756.90000 5.72600000 184.75000 39.83000 11.88700 39.40400
14 5 20 06 41 8756.90000 5.72600000 184.74000 39.83000 11.88700 39.35500
14 5 20 06 42 8755.10000 5.72600000 184.67000 39.83000 11.88700 39.40400
14 5 20 06 42 8757.00000 5.72600000 184.68000 39.83000 11.88700 39.40400
14 5 20 06 43 8756.90000 5.72600000 184.68000 39.83000 11.88700 39.40400
14 5 20 06 43 8756.30000 5.72600000 184.77000 39.83000 11.88700 39.35500
14 5 20 06 44 8763.20000 5.72600000 184.74000 39.83000 11.94500 39.40400
14 5 20 06 44 8769.40000 5.72600000 184.80000 39.86000 11.98800 39.40400
14 5 20 06 45 8764.20000 5.72600000 184.80000 39.88000 11.98800 39.40400
14 5 20 06 45 8769.50000 5.72400000 184.80000 39.88000 11.98800 39.40400
14 5 20 06 46 8772.00000 5.72400000 184.83000 39.88000 11.98800 39.40400
14 5 20 06 46 8782.00000 5.72400000 184.96000 39.88000 11.98800 39.40400
14 5 20 06 47 8783.80000 5.72400000 184.93000 39.88000 11.98800 39.40400
14 5 20 06 47 8775.40000 5.72400000 184.93000 39.86000 11.98800 39.40400
14 5 20 06 48 8784.10000 5.72400000 184.82000 39.86000 11.98800 39.40400
14 5 20 06 48 8783.70000 5.74200000 184.78000 39.82000 11.98800 39.40400
14 5 20 06 49 8771.10000 5.74200000 184.67000 39.84000 11.98800 39.40400
14 5 20 06 49 8771.40000 5.74200000 184.70000 39.84000 11.98800 39.40400
14 5 20 06 50 8770.10000 5.74200000 184.58000 39.84000 11.94500 39.35500
14 5 20 06 50 8770.00000 5.74200000 184.70000 39.84000 11.98800 39.28000
14 5 20 06 51 8770.00000 5.70700000 184.63000 39.81000 11.98800 39.40400
14 5 20 06 51 8770.00000 5.74200000 184.63000 39.81000 11.98800 39.40400
14 5 20 06 52 8769.70000 5.74200000 184.58000 39.81000 11.98800 39.40400
14 5 20 06 52 8767.30000 5.74200000 184.63000 39.81000 12.06400 39.40400
14 5 20 06 53 8757.00000 5.74200000 184.45000 39.78000 12.06400 39.40400
14 5 20 06 53 8751.60000 5.74200000 184.44000 39.75000 12.06400 39.40400
14 5 20 06 54 8761.50000 5.74200000 184.45000 39.75000 12.06400 39.43000
14 5 20 06 54 8762.70000 5.74200000 184.39000 39.75000 12.06400 39.43000
14 5 20 06 55 8761.50000 5.74200000 184.30000 39.75000 12.06400 39.43000
14 5 20 06 55 8759.40000 5.74200000 184.30000 39.75000 12.06400 39.43000
14 5 20 06 56 8765.10000 5.74200000 184.30000 39.75000 12.06400 39.43000
14 5 20 06 56 8767.80000 5.74200000 184.59000 39.75000 12.06400 39.43000
14 5 20 06 57 8769.00000 5.74200000 184.53000 39.83000 12.06400 39.43000
14 5 20 06 57 8769.00000 5.74200000 184.55000 39.83000 12.06400 39.43000
14 5 20 06 58 8768.90000 5.74200000 184.58000 39.83000 12.06400 39.43000
14 5 20 06 58 8769.00000 5.74200000 184.46000 39.83000 12.06400 39.43000
14 5 20 06 59 8768.10000 5.74200000 184.50000 39.84000 12.06400 39.43000
14 5 20 06 59 8759.50000 5.74200000 184.35000 39.75000 12.06400 39.43000
14 5 20 07 00 8760.10000 5.74200000 184.34000 39.80000 12.06400 39.43000
14 5 20 07 00 8765.40000 5.74200000 184.34000 39.80000 12.06400 39.43000
14 5 20 07 01 8763.50000 5.74200000 184.34000 39.81000 12.06400 39.43000
14 5 20 07 01 8763.00000 5.74200000 184.34000 39.81000 12.06400 39.43000
14 5 20 07 02 8756.10000 5.73900000 184.25000 39.81000 12.06400 39.43000
14 5 20 07 02 8747.20000 5.73900000 184.15000 39.78000 12.06000 39.43000
14 5 20 07 03 8745.60000 5.73000000 184.15000 39.78000 12.06000 39.43000
14 5 20 07 03 8752.40000 5.73000000 184.11000 39.78000 12.06000 39.43000
14 5 20 07 04 8752.90000 5.73000000 184.15000 39.76000 12.06000 39.43000
14 5 20 07 04 8745.60000 5.73000000 184.15000 39.76000 12.06000 39.43000
14 5 20 07 05 8745.60000 5.73000000 184.15000 39.76000 12.06000 39.43000
14 5 20 07 05 8745.10000 5.73000000 184.10000 39.76000 12.06400 39.43000
14 5 20 07 06 8743.00000 5.73000000 184.08000 39.74000 12.06000 39.43000
14 5 20 07 06 8743.00000 5.73000000 184.18000 39.74000 12.06000 39.43000
14 5 20 07 07 8742.90000 5.73000000 184.08000 39.74000 12.06000 39.43000
14 5 20 07 07 8737.00000 5.73000000 184.17000 39.74000 12.06000 39.43000
14 5 20 07 08 8735.20000 5.73000000 184.23000 39.74000 12.06000 39.43000
14 5 20 07 08 8742.90000 5.73000000 184.29000 39.74000 12.06000 39.43000
14 5 20 07 09 8742.90000 5.73000000 184.30000 39.74000 12.06000 39.43000
14 5 20 07 09 8745.00000 5.73000000 184.48000 39.85000 11.94500 39.43000
14 5 20 07 10 8744.90000 5.73000000 184.41000 39.84000 12.06000 39.43000
14 5 20 07 10 8747.00000 5.73000000 184.41000 39.84000 12.06000 39.43000
