M=[
 1 11 20 12 41 11771.30000 4.47900000 333.16000 46.93000 12.26800 49.46600
 1 11 20 12 42 11770.40000 4.47900000 333.16000 46.92000 12.26800 49.46600
 1 11 20 12 42 11770.90000 4.47900000 333.00000 46.92000 12.26800 49.46600
 1 11 20 12 43 11771.00000 4.47900000 333.00000 46.92000 12.26800 49.46600
 1 11 20 12 43 11771.00000 4.47900000 332.87000 46.92000 12.40000 49.46600
 1 11 20 12 44 11771.00000 4.47900000 332.87000 46.92000 12.40000 49.46600
 1 11 20 12 44 11770.10000 4.47900000 332.87000 46.92000 12.40000 49.46600
 1 11 20 12 44 11770.00000 4.47900000 332.64000 46.92000 12.40000 49.46600
 1 11 20 12 45 11770.10000 4.47900000 332.30000 46.92000 12.40000 49.46600
 1 11 20 12 45 11770.10000 4.47900000 332.15000 46.85000 12.40000 49.46600
 1 11 20 12 46 11770.10000 4.47900000 332.15000 46.85000 12.40000 49.46600
 1 11 20 12 46 11770.00000 4.47900000 332.02000 46.85000 12.40000 49.46600
 1 11 20 12 47 11771.00000 4.47900000 332.32000 46.85000 12.40000 49.46600
 1 11 20 12 47 11775.70000 4.47900000 332.35000 46.85000 12.40000 49.46600
 1 11 20 12 47 11771.90000 4.47900000 332.47000 46.85000 12.39800 49.46600
 1 11 20 12 48 11774.80000 4.47900000 332.47000 46.85000 12.39800 49.46600
 1 11 20 12 48 11774.80000 4.47900000 332.47000 46.86000 12.39800 49.46600
 1 11 20 12 49 11775.90000 4.47900000 332.47000 46.86000 12.39800 49.46600
 1 11 20 12 49 11775.30000 4.47900000 332.47000 46.86000 12.39800 49.46600
 1 11 20 12 50 11775.80000 4.47900000 332.47000 46.86000 12.39900 49.46600
 1 11 20 12 50 11774.50000 4.47900000 332.57000 46.86000 12.40000 49.46600
 1 11 20 12 50 11774.50000 4.47900000 332.57000 46.86000 12.40000 49.46600
 1 11 20 12 51 11776.10000 4.47900000 332.66000 46.86000 12.39800 49.46600
 1 11 20 12 51 11786.20000 4.47900000 332.66000 46.86000 12.39800 49.46600
 1 11 20 12 52 11787.00000 4.47900000 332.66000 46.86000 12.39800 49.46600
 1 11 20 12 52 11785.10000 4.47900000 333.10000 46.86000 12.40000 49.46600
 1 11 20 12 53 11785.20000 4.47900000 333.10000 46.86000 12.40000 49.46600
 1 11 20 12 53 11785.10000 4.47900000 333.10000 46.86000 12.40000 49.46600
 1 11 20 12 53 11785.10000 4.47900000 333.10000 46.86000 12.40000 49.46600
 1 11 20 12 54 11785.10000 4.47900000 333.01000 46.86000 12.40000 49.46600
 1 11 20 12 54 11782.30000 4.47900000 332.80000 46.86000 12.40000 49.46600
 1 11 20 12 55 11786.00000 4.47900000 332.80000 46.86000 12.50000 49.46600
 1 11 20 12 55 11785.90000 4.47900000 332.80000 46.86000 12.50000 49.46600
 1 11 20 12 56 11787.00000 4.47900000 332.80000 46.86000 12.50000 49.46600
 1 11 20 12 56 11805.90000 4.47900000 333.21000 46.96000 12.50000 49.46600
 1 11 20 12 56 11812.30000 4.47900000 333.21000 46.96000 12.50000 49.46600
 1 11 20 12 57 11817.80000 4.47900000 333.21000 46.96000 12.50000 49.49200
 1 11 20 12 57 11817.80000 4.47900000 333.21000 46.96000 12.50000 49.49200
 1 11 20 12 58 11821.20000 4.47900000 333.21000 46.96000 12.50000 49.49200
 1 11 20 12 58 11819.90000 4.47900000 333.21000 47.01000 12.50000 49.49200
 1 11 20 12 59 11820.00000 4.47900000 333.46000 47.01000 12.50000 49.49200
 1 11 20 12 59 11820.00000 4.47900000 333.46000 47.00000 12.50000 49.49200
 1 11 20 12 59 11821.20000 4.47900000 333.46000 47.01000 12.50000 49.49200
 1 11 20 13 00 11822.10000 4.47900000 333.38000 47.01000 12.50000 49.49200
 1 11 20 13 00 11821.20000 4.47900000 333.55000 47.01000 12.43900 49.49200
 1 11 20 13 01 11818.50000 4.47900000 333.69000 47.01000 12.43900 49.49200
 1 11 20 13 01 11823.80000 4.47900000 333.66000 47.01000 12.43900 49.49200
 1 11 20 13 02 11824.50000 4.47500000 333.27000 47.01000 12.40000 49.49200
 1 11 20 13 02 11813.40000 4.47400000 333.13000 46.92000 12.48700 49.37000
 1 11 20 13 02 11813.40000 4.47400000 333.13000 46.92000 12.48700 49.37000
 1 11 20 13 03 11800.30000 4.47400000 333.20000 46.92000 12.48700 49.37000
 1 11 20 13 03 11799.80000 4.47400000 333.20000 46.92000 12.48700 49.37000
 1 11 20 13 04 11794.20000 4.47400000 333.04000 46.92000 12.48700 49.37000
 1 11 20 13 04 11803.60000 4.47400000 333.13000 46.92000 12.48700 49.37000
 1 11 20 13 05 11802.20000 4.47400000 333.13000 46.92000 12.48700 49.37000
 1 11 20 13 05 11811.20000 4.47400000 333.29000 46.92000 12.50000 49.37000
 1 11 20 13 05 11821.80000 4.47400000 333.51000 46.92000 12.50000 49.37000
 1 11 20 13 06 11822.80000 4.47400000 333.51000 46.92000 12.50000 49.37000
 1 11 20 13 06 11829.90000 4.47400000 333.42000 46.92000 12.50000 49.37000
 1 11 20 13 07 11830.00000 4.47400000 333.42000 46.92000 12.50000 49.37000
 1 11 20 13 07 11828.80000 4.47400000 333.12000 46.92000 12.50000 49.37000
 1 11 20 13 08 11830.00000 4.47400000 333.34000 46.97000 12.50000 49.37000
 1 11 20 13 08 11829.20000 4.47400000 333.13000 47.00000 12.50000 49.37000
 1 11 20 13 08 11829.20000 4.47400000 333.13000 47.00000 12.50000 49.37000
 1 11 20 13 09 11829.90000 4.47400000 333.13000 47.00000 12.50000 49.37000
 1 11 20 13 09 11825.90000 4.47400000 333.13000 47.00000 12.50000 49.37000
 1 11 20 13 10 11820.10000 4.47400000 333.13000 47.00000 12.50000 49.37000
 1 11 20 13 10 11826.50000 4.47400000 333.00000 47.00000 12.50000 49.37000
 1 11 20 13 11 11821.70000 4.47400000 333.03000 47.00000 12.69900 49.37000
 1 11 20 13 11 11825.20000 4.47400000 333.03000 47.00000 12.69900 49.37000
 1 11 20 13 11 11823.40000 4.47400000 333.03000 47.00000 12.69900 49.37000
 1 11 20 13 12 11820.10000 4.47400000 332.91000 47.00000 12.69900 49.37000
 1 11 20 13 12 11816.90000 4.47400000 332.91000 47.00000 12.69900 49.37000
 1 11 20 13 13 11815.80000 4.47400000 332.91000 47.00000 12.54700 49.37000
 1 11 20 13 13 11815.90000 4.47400000 332.92000 47.00000 12.51000 49.37000
 1 11 20 13 14 11815.90000 4.47400000 332.92000 47.00000 12.47600 49.37000
 1 11 20 13 14 11815.90000 4.47400000 332.92000 47.00000 12.47600 49.37000
 1 11 20 13 14 11819.20000 4.47400000 332.92000 47.00000 12.47600 49.37000
 1 11 20 13 15 11819.20000 4.47400000 332.84000 46.97000 12.47600 49.37000
 1 11 20 13 15 11819.20000 4.47400000 332.84000 46.97000 12.47600 49.37000
 1 11 20 13 16 11816.00000 4.47400000 332.76000 46.97000 12.47600 49.37000
 1 11 20 13 16 11815.90000 4.47400000 332.69000 46.97000 12.47600 49.37000
 1 11 20 13 17 11815.90000 4.47400000 332.69000 46.97000 12.47600 49.37000
 1 11 20 13 17 11806.00000 4.47400000 332.50000 46.97000 12.43300 49.37000
 1 11 20 13 17 11811.60000 4.47400000 332.59000 46.97000 12.45000 49.37000
 1 11 20 13 18 11809.60000 4.47400000 332.59000 46.97000 12.45000 49.37000
 1 11 20 13 18 11806.10000 4.47400000 332.59000 46.97000 12.45000 49.37000
 1 11 20 13 19 11807.90000 4.47400000 332.59000 46.97000 12.45000 49.37000
 1 11 20 13 19 11806.10000 4.47400000 332.24000 46.97000 12.45000 49.37000
 1 11 20 13 20 11807.00000 4.47400000 332.24000 46.97000 12.45000 49.37000
 1 11 20 13 20 11808.60000 4.47400000 332.39000 46.97000 12.45000 49.37000
 1 11 20 13 20 11808.60000 4.47400000 332.39000 46.97000 12.45000 49.37000
 1 11 20 13 21 11808.60000 4.47400000 332.34000 46.97000 12.45000 49.37000
 1 11 20 13 21 11812.20000 4.47400000 332.34000 46.97000 12.45000 49.37000
 1 11 20 13 22 11819.20000 4.47400000 332.22000 46.97000 12.45000 49.37000
 1 11 20 13 22 11825.00000 4.47400000 332.21000 46.97000 12.45000 49.37000
 1 11 20 13 23 11824.90000 4.47400000 332.22000 46.97000 12.45000 49.37000
 1 11 20 13 23 11824.90000 4.47400000 332.22000 46.97000 12.45000 49.27700
 1 11 20 13 23 11823.30000 4.47400000 332.25000 46.97000 12.45000 49.27700
 1 11 20 13 24 11815.50000 4.47400000 332.25000 46.97000 12.45000 49.27700
 1 11 20 13 24 11822.60000 4.47400000 332.25000 46.86000 12.45000 49.27700
 1 11 20 13 25 11824.40000 4.47400000 332.36000 46.86000 12.45000 49.27700
 1 11 20 13 25 11821.90000 4.47400000 332.36000 46.86000 12.45000 49.27700
 1 11 20 13 26 11821.90000 4.47400000 332.37000 46.86000 12.63000 49.27700
 1 11 20 13 26 11811.10000 4.47400000 332.37000 46.88000 12.63000 49.27700
 1 11 20 13 26 11808.00000 4.47400000 332.22000 46.88000 12.63000 49.27700
