M=[
25 10 20 20 28 11010.10000 4.85100000 344.95000 49.94000 11.39600 53.63000
25 10 20 20 28 11010.10000 4.85100000 344.95000 49.94000 11.39600 53.63000
25 10 20 20 29 11010.00000 4.85100000 344.95000 49.94000 11.39600 53.63000
25 10 20 20 29 11010.00000 4.85100000 344.95000 49.94000 11.39600 53.63000
25 10 20 20 30 11010.00000 4.85100000 344.94000 49.94000 11.39600 53.63000
25 10 20 20 30 11010.10000 4.85100000 344.94000 49.94000 11.39600 53.65000
25 10 20 20 31 11010.10000 4.85100000 344.94000 49.94000 11.39600 53.65000
25 10 20 20 31 11010.10000 4.85100000 344.94000 49.94000 11.39600 53.65000
25 10 20 20 31 11010.00000 4.85100000 344.89000 49.94000 11.39600 53.65000
25 10 20 20 32 11010.10000 4.85100000 344.89000 49.94000 11.39600 53.65000
25 10 20 20 32 11011.70000 4.84200000 344.90000 49.94000 11.39600 53.65000
25 10 20 20 33 11011.70000 4.84200000 344.90000 49.94000 11.39600 53.65000
25 10 20 20 33 11012.40000 4.84200000 344.90000 49.99000 11.39600 53.65000
25 10 20 20 34 11012.40000 4.84200000 344.90000 49.99000 11.39600 53.65000
25 10 20 20 34 11012.10000 4.84200000 344.90000 49.99000 11.39600 53.65000
25 10 20 20 34 11012.40000 4.84200000 344.90000 49.99000 11.39600 53.65000
25 10 20 20 35 11013.00000 4.84200000 344.90000 49.97000 11.39600 53.65000
25 10 20 20 35 11015.10000 4.84200000 344.90000 49.97000 11.39600 53.65000
25 10 20 20 36 11014.30000 4.84200000 344.90000 50.00000 11.39600 53.65000
25 10 20 20 36 11014.40000 4.84200000 344.90000 49.98000 11.39600 53.65000
25 10 20 20 37 11014.30000 4.84200000 344.89000 49.98000 11.39600 53.65000
25 10 20 20 37 11014.40000 4.84200000 344.89000 49.94000 11.39600 53.65000
25 10 20 20 37 11014.40000 4.84200000 344.77000 49.94000 11.39600 53.65000
25 10 20 20 38 11014.30000 4.84200000 344.78000 49.94000 11.39600 53.65000
25 10 20 20 38 11014.30000 4.84200000 344.75000 49.94000 11.39600 53.65000
25 10 20 20 39 11012.40000 4.84200000 344.74000 49.94000 11.39600 53.65000
25 10 20 20 39 11012.00000 4.84200000 344.74000 49.94000 11.39600 53.65000
25 10 20 20 40 11009.90000 4.84200000 344.74000 49.94000 11.39600 53.65000
25 10 20 20 40 11009.90000 4.84200000 344.74000 49.94000 11.39600 53.65000
25 10 20 20 40 11013.80000 4.84200000 344.78000 49.94000 11.39600 53.65000
25 10 20 20 41 11009.80000 4.84200000 344.78000 49.94000 11.39600 53.37300
25 10 20 20 41 11009.80000 4.82400000 344.77000 49.94000 11.39600 53.37300
25 10 20 20 42 11009.80000 4.82400000 344.77000 49.94000 11.39600 53.37300
25 10 20 20 42 11009.80000 4.82400000 344.77000 49.90000 11.39600 53.37300
25 10 20 20 43 11009.80000 4.82400000 344.77000 49.89000 11.39600 53.37300
25 10 20 20 43 11006.00000 4.82400000 344.77000 49.81000 11.39600 53.37300
25 10 20 20 43 11006.10000 4.82400000 344.75000 49.83000 11.39600 53.37300
25 10 20 20 44 11006.10000 4.82400000 344.75000 49.81000 11.39600 53.37300
25 10 20 20 44 11003.20000 4.82400000 344.70000 49.70000 11.39600 53.27500
25 10 20 20 45 11003.20000 4.82400000 344.70000 49.70000 11.39600 53.27500
25 10 20 20 45 11003.10000 4.82400000 344.70000 49.77000 11.39600 53.27500
25 10 20 20 46 11003.20000 4.82400000 344.70000 49.77000 11.39600 53.27500
25 10 20 20 46 11003.20000 4.82400000 344.70000 49.77000 11.39600 53.27500
25 10 20 20 46 11003.20000 4.82400000 344.70000 49.77000 11.39600 53.27500
25 10 20 20 47 11003.20000 4.82400000 344.70000 49.77000 11.39600 53.27500
25 10 20 20 47 11001.50000 4.82400000 344.70000 49.77000 11.39600 53.27500
25 10 20 20 48 11001.40000 4.82400000 344.70000 49.77000 11.39600 53.27500
25 10 20 20 48 11003.00000 4.82700000 344.70000 49.77000 11.39600 53.27500
25 10 20 20 49 11003.00000 4.82700000 344.70000 49.77000 11.39600 53.27500
25 10 20 20 49 11003.00000 4.82700000 344.70000 49.80000 11.39600 53.27500
25 10 20 20 49 11003.10000 4.82700000 344.70000 49.78000 11.39600 53.27500
25 10 20 20 50 11002.40000 4.82700000 344.70000 49.78000 11.39600 53.27500
25 10 20 20 50 11003.10000 4.82700000 344.42000 49.80000 11.39600 53.27500
25 10 20 20 51 11003.10000 4.82700000 344.42000 49.80000 11.39600 53.27500
25 10 20 20 51 11002.80000 4.82700000 344.42000 49.81000 11.39600 53.27500
25 10 20 20 52 11003.10000 4.82700000 344.41000 49.81000 11.39600 53.27500
25 10 20 20 52 11000.00000 4.82700000 344.37000 49.84000 11.39600 53.27500
25 10 20 20 52 11000.30000 4.82700000 344.37000 49.84000 11.39600 53.27500
25 10 20 20 53 11001.20000 4.82700000 344.37000 49.84000 11.39600 53.27500
25 10 20 20 53 11001.90000 4.82700000 344.38000 49.94000 11.39600 53.27500
25 10 20 20 54 11003.10000 4.82700000 344.38000 49.94000 11.39600 53.27500
25 10 20 20 54 11003.10000 4.82700000 344.44000 49.81000 11.39600 53.27500
25 10 20 20 55 11003.10000 4.82700000 344.44000 49.81000 11.39600 53.27500
25 10 20 20 55 11003.00000 4.82700000 344.44000 49.81000 11.39600 53.27500
25 10 20 20 55 11003.10000 4.82700000 344.44000 49.81000 11.39600 53.27500
25 10 20 20 56 11003.00000 4.82700000 344.44000 49.81000 11.39600 53.27500
25 10 20 20 56 11003.10000 4.82700000 344.43000 49.81000 11.39600 53.27500
25 10 20 20 57 11003.10000 4.82700000 344.43000 49.81000 11.39600 53.27500
25 10 20 20 57 11003.10000 4.82700000 344.43000 49.81000 11.39600 53.27500
25 10 20 20 58 11003.10000 4.82700000 344.43000 49.81000 11.39600 53.27500
25 10 20 20 58 11004.20000 4.82700000 344.43000 49.81000 11.39600 53.27500
25 10 20 20 58 11004.20000 4.82700000 344.43000 49.81000 11.39600 53.27500
25 10 20 20 59 11005.30000 4.85900000 344.43000 49.81000 11.39600 53.27500
25 10 20 20 59 11005.30000 4.85900000 344.43000 49.81000 11.39600 53.27500
25 10 20 21 00 11000.60000 4.85900000 344.11000 49.83000 11.39600 53.27500
25 10 20 21 00 10998.80000 4.85900000 344.11000 49.83000 11.39600 53.27500
25 10 20 21 01 10998.80000 4.85900000 344.11000 49.83000 11.39600 53.27500
25 10 20 21 01 10998.90000 4.85900000 344.30000 49.83000 11.39600 53.27500
25 10 20 21 01 11000.00000 4.85900000 344.23000 49.83000 11.39600 53.27500
25 10 20 21 02 11000.00000 4.86600000 344.23000 49.83000 11.39600 53.27500
25 10 20 21 02 11000.00000 4.86600000 344.22000 49.83000 11.39600 53.27500
25 10 20 21 03 11000.00000 4.86600000 344.22000 49.83000 11.39600 53.27500
25 10 20 21 03 10999.90000 4.86600000 344.23000 49.83000 11.39600 53.27500
25 10 20 21 04 11000.00000 4.86600000 344.23000 49.83000 11.39600 53.27500
25 10 20 21 04 11003.70000 4.86600000 344.23000 49.83000 11.39600 53.27500
25 10 20 21 04 11007.80000 4.88700000 344.23000 49.83000 11.39600 53.27500
25 10 20 21 05 10998.50000 4.88700000 344.13000 49.83000 11.39600 53.27500
25 10 20 21 05 10996.90000 4.88700000 344.13000 49.80000 11.39600 53.27500
25 10 20 21 06 10996.90000 4.88700000 344.13000 49.80000 11.39600 53.27500
25 10 20 21 06 10999.20000 4.88700000 344.00000 49.80000 11.39600 53.27500
25 10 20 21 06 10998.90000 4.88700000 344.00000 49.80000 11.39600 53.27500
25 10 20 21 07 10998.80000 4.88700000 344.00000 49.80000 11.39600 53.27500
25 10 20 21 07 10998.80000 4.88700000 344.00000 49.80000 11.39600 53.27500
25 10 20 21 08 10998.80000 4.88700000 344.00000 49.80000 11.39600 53.27500
25 10 20 21 08 11001.20000 4.88700000 344.00000 49.80000 11.39600 53.27500
25 10 20 21 09 10999.30000 4.88700000 344.00000 49.80000 11.39600 53.27500
25 10 20 21 09 11000.40000 4.88700000 344.00000 49.80000 11.39600 53.27500
25 10 20 21 09 11000.40000 4.88700000 343.98000 49.87000 11.39600 53.27500
25 10 20 21 10 10999.20000 4.88700000 343.98000 49.87000 11.39600 53.27500
25 10 20 21 10 11000.10000 4.88700000 343.98000 49.84000 11.39600 53.27500
25 10 20 21 11 10997.40000 4.88700000 343.98000 49.84000 11.39600 53.27500
25 10 20 21 11 10998.60000 4.88700000 343.99000 49.87000 11.39600 53.27500
25 10 20 21 12 10997.70000 4.88700000 344.11000 49.83000 11.39600 53.27500
25 10 20 21 12 10997.70000 4.88700000 344.11000 49.83000 11.39600 53.27500
25 10 20 21 12 10997.70000 4.88700000 344.08000 49.83000 11.39600 53.27500
25 10 20 21 13 10997.90000 4.88700000 344.08000 49.83000 11.39600 53.27500
