M=[
29 7 21 10 13 33970.20000 41.36300000 1949.69000 117.94000 22.63100 90.09000
29 7 21 10 13 33977.10000 41.36300000 1949.71000 117.91000 22.63100 90.09000
29 7 21 10 14 33964.40000 41.36300000 1949.72000 117.91000 22.63100 90.09000
29 7 21 10 14 33982.20000 41.36300000 1950.00000 117.91000 22.63100 90.09000
29 7 21 10 15 34005.30000 41.38000000 1950.00000 117.91000 22.63100 90.09000
29 7 21 10 15 33993.00000 41.38000000 1949.57000 117.91000 22.63100 90.09000
29 7 21 10 15 34009.90000 41.38000000 1949.57000 117.91000 22.63100 90.09000
29 7 21 10 16 34041.20000 41.38000000 1950.00000 117.92000 22.63100 90.09000
29 7 21 10 16 34054.40000 41.40400000 1952.01000 117.92000 22.63100 90.09000
29 7 21 10 17 34048.40000 41.40400000 1952.01000 117.92000 22.63100 90.09000
29 7 21 10 17 34098.50000 41.40400000 1952.01000 118.05000 22.63100 90.09000
29 7 21 10 18 34089.90000 41.40400000 1954.06000 118.05000 22.63100 90.09000
29 7 21 10 18 34087.60000 41.40400000 1954.06000 118.05000 22.63100 90.09000
29 7 21 10 18 34072.10000 41.40400000 1953.84000 118.05000 22.63100 90.09000
29 7 21 10 19 34071.40000 41.40400000 1954.99000 118.13000 22.63100 90.09000
29 7 21 10 19 34098.50000 41.40400000 1954.15000 118.15000 22.63100 90.09000
29 7 21 10 20 34096.30000 41.40400000 1954.57000 118.15000 22.63100 90.03000
29 7 21 10 20 34128.40000 41.40400000 1957.01000 118.15000 22.63100 90.03000
29 7 21 10 21 34099.80000 41.40400000 1957.01000 118.15000 22.63100 90.03000
29 7 21 10 21 34118.90000 41.40400000 1956.83000 118.15000 22.63100 90.03000
29 7 21 10 21 34119.00000 41.40400000 1956.83000 118.17000 22.63100 90.03000
29 7 21 10 22 34119.10000 41.40400000 1956.41000 118.17000 22.63100 90.03000
29 7 21 10 22 34108.90000 41.40400000 1956.41000 118.17000 22.63100 90.03000
29 7 21 10 23 34070.10000 41.40400000 1956.41000 118.12000 22.63100 90.03000
29 7 21 10 23 34073.30000 41.40400000 1956.03000 118.12000 22.63100 90.03000
29 7 21 10 24 34055.20000 41.40400000 1954.00000 118.12000 22.63100 90.03000
29 7 21 10 24 34051.10000 41.40400000 1954.12000 118.08000 22.63100 90.03000
29 7 21 10 24 34051.70000 41.40400000 1954.00000 118.08000 22.63100 90.03000
29 7 21 10 25 34006.10000 41.38200000 1952.33000 118.08000 22.63100 90.03000
29 7 21 10 25 33983.10000 41.38200000 1949.44000 118.08000 22.63100 90.03000
29 7 21 10 26 33971.00000 41.38200000 1949.65000 118.08000 22.63100 90.03000
29 7 21 10 26 33985.20000 41.38200000 1949.12000 118.08000 22.63100 90.03000
29 7 21 10 27 33981.40000 41.38200000 1949.12000 118.08000 22.63100 90.03000
29 7 21 10 27 33997.30000 41.38200000 1949.41000 118.08000 22.63100 90.03000
29 7 21 10 28 33990.20000 41.38200000 1949.41000 118.08000 22.63100 90.03000
29 7 21 10 28 33990.70000 41.38200000 1949.14000 118.08000 22.63100 90.03000
29 7 21 10 28 33986.70000 41.38200000 1949.06000 118.08000 22.63100 90.03000
29 7 21 10 29 33990.40000 41.38200000 1950.09000 118.08000 22.63100 90.03000
29 7 21 10 29 33986.70000 41.38200000 1949.09000 118.08000 22.63100 90.03000
29 7 21 10 30 33986.70000 41.38200000 1949.44000 118.08000 22.63100 90.03000
29 7 21 10 30 33972.80000 41.38200000 1949.44000 118.08000 22.63100 90.03000
29 7 21 10 31 33972.80000 41.38200000 1949.42000 118.08000 22.63100 90.03000
29 7 21 10 31 33971.50000 41.38200000 1949.61000 117.87000 22.63100 90.03000
29 7 21 10 31 33978.80000 41.38200000 1949.93000 117.87000 22.63100 90.03000
29 7 21 10 32 33948.30000 41.38200000 1950.00000 117.87000 22.63100 90.03000
29 7 21 10 32 33970.60000 41.36000000 1949.65000 117.83000 22.63100 90.03000
29 7 21 10 33 33976.70000 41.36000000 1949.65000 117.87000 22.63100 90.03000
29 7 21 10 33 33949.30000 41.36000000 1950.00000 117.88000 22.63100 90.03000
29 7 21 10 34 33946.30000 41.27500000 1950.53000 117.88000 22.63100 90.03000
29 7 21 10 34 33963.40000 41.27500000 1950.53000 117.86000 22.63100 90.03000
29 7 21 10 34 33969.40000 41.27500000 1952.43000 117.87000 22.63100 90.03000
29 7 21 10 35 33965.70000 41.27500000 1952.43000 117.90000 22.63100 90.03000
29 7 21 10 35 33957.10000 41.27500000 1951.81000 117.90000 22.63100 90.03000
29 7 21 10 36 33963.40000 41.23500000 1952.46000 117.86000 22.63100 90.03000
29 7 21 10 36 33956.60000 41.23500000 1952.62000 117.86000 22.63100 90.03000
29 7 21 10 37 33934.70000 41.23500000 1952.08000 117.86000 22.63100 90.03000
29 7 21 10 37 33932.10000 41.23500000 1952.01000 117.86000 22.63100 90.03000
29 7 21 10 37 33925.90000 41.23500000 1952.01000 117.77000 22.63100 90.03000
29 7 21 10 38 33881.20000 41.23500000 1948.78000 117.64000 22.63100 90.03000
29 7 21 10 38 33868.60000 41.22000000 1948.78000 117.64000 22.63100 90.03000
29 7 21 10 39 33868.20000 41.22000000 1949.07000 117.64000 22.63100 90.03000
29 7 21 10 39 33881.00000 41.22800000 1950.83000 117.68000 22.63100 90.03000
29 7 21 10 40 33895.10000 41.22800000 1950.26000 117.68000 22.63100 90.03000
29 7 21 10 40 33887.20000 41.22800000 1949.88000 117.68000 22.63100 90.03000
29 7 21 10 40 33881.10000 41.22800000 1948.75000 117.68000 22.63100 90.03000
29 7 21 10 41 33833.10000 41.22800000 1947.69000 117.68000 22.63100 90.03000
29 7 21 10 41 33792.30000 41.22800000 1947.69000 117.54000 22.63100 90.03000
29 7 21 10 42 33827.00000 41.13100000 1947.90000 117.54000 22.43500 89.59800
29 7 21 10 42 33826.80000 41.13100000 1946.93000 117.54000 22.43500 89.59800
29 7 21 10 43 33826.90000 41.13100000 1946.93000 117.60000 22.43500 89.59800
29 7 21 10 43 33826.90000 41.13100000 1947.24000 117.60000 22.43500 89.59800
29 7 21 10 43 33827.00000 41.13100000 1946.98000 117.60000 22.43500 89.59800
29 7 21 10 44 33827.00000 41.13100000 1947.28000 117.61000 22.43500 89.59800
29 7 21 10 44 33827.00000 41.13100000 1946.65000 117.55000 22.43500 89.59800
29 7 21 10 45 33827.00000 41.13100000 1946.66000 117.56000 22.43500 89.59800
29 7 21 10 45 33827.00000 41.13100000 1947.49000 117.56000 22.43500 89.59800
29 7 21 10 46 33827.00000 41.13100000 1947.20000 117.55000 22.43500 89.37800
29 7 21 10 46 33815.80000 41.13100000 1947.11000 117.55000 22.43500 89.37800
29 7 21 10 47 33800.00000 41.23100000 1947.10000 117.55000 22.43500 89.37800
29 7 21 10 47 33779.60000 41.23100000 1945.21000 117.55000 22.43500 89.37800
29 7 21 10 47 33791.20000 41.23100000 1945.20000 117.45000 22.43500 89.37800
29 7 21 10 48 33779.60000 41.23100000 1945.21000 117.45000 22.43500 89.37800
29 7 21 10 48 33771.20000 41.23100000 1942.53000 117.39000 22.43500 89.37800
29 7 21 10 49 33777.40000 41.23100000 1943.92000 117.39000 22.43500 89.37800
29 7 21 10 49 33805.80000 41.23600000 1943.92000 117.43000 22.43500 89.37800
29 7 21 10 50 33816.90000 41.23600000 1943.29000 117.44000 22.43500 89.37800
29 7 21 10 50 33842.30000 41.23600000 1944.89000 117.50000 22.43500 89.37800
29 7 21 10 50 33861.80000 41.23600000 1944.90000 117.56000 22.43500 89.37800
29 7 21 10 51 33870.10000 41.23600000 1944.90000 117.56000 22.43500 89.37800
29 7 21 10 51 33859.00000 41.23600000 1944.90000 117.56000 22.43500 89.37800
29 7 21 10 52 33839.80000 41.23600000 1944.90000 117.56000 22.43500 89.37800
29 7 21 10 52 33878.00000 41.23600000 1946.15000 117.49000 22.43500 89.37800
29 7 21 10 53 33845.70000 41.23600000 1945.76000 117.50000 22.43500 89.37800
29 7 21 10 53 33868.80000 41.23600000 1945.78000 117.49000 22.43500 89.37800
29 7 21 10 53 33871.60000 41.23600000 1946.45000 117.49000 22.43500 89.37800
29 7 21 10 54 33874.90000 41.23600000 1946.31000 117.47000 22.43500 89.37800
29 7 21 10 54 33873.70000 41.23600000 1946.08000 117.47000 22.43500 89.55000
29 7 21 10 55 33871.10000 41.23600000 1946.44000 117.53000 22.43500 89.55000
29 7 21 10 55 33856.90000 41.23600000 1946.43000 117.53000 22.43500 89.55000
29 7 21 10 56 33865.40000 41.23600000 1947.03000 117.53000 22.43500 89.55000
29 7 21 10 56 33865.40000 41.23600000 1946.86000 117.53000 22.43500 89.55000
29 7 21 10 56 33860.40000 41.25400000 1946.66000 117.56000 22.43500 89.36500
29 7 21 10 57 33869.80000 41.25400000 1946.67000 117.56000 22.47300 89.36500
