M=[
18 6 21 02 18 31453.70000 45.41700000 1949.54000 137.45000 19.78700 114.72400
18 6 21 02 18 31453.70000 45.52500000 1949.54000 137.45000 19.78700 114.72400
18 6 21 02 18 31467.20000 45.52500000 1949.54000 137.45000 19.78700 114.72400
18 6 21 02 19 31467.20000 45.52500000 1949.54000 137.45000 19.78700 114.72400
18 6 21 02 19 31415.40000 45.52500000 1949.54000 137.45000 19.78700 114.72400
18 6 21 02 20 31366.30000 45.47700000 1944.93000 137.45000 19.78700 114.72400
18 6 21 02 20 31366.30000 45.47700000 1944.54000 137.23000 19.78700 114.72400
18 6 21 02 21 31388.50000 45.47700000 1944.54000 137.23000 19.78700 114.72400
18 6 21 02 21 31388.50000 45.47700000 1948.02000 137.23000 19.78700 114.72400
18 6 21 02 21 31388.50000 45.47700000 1948.02000 137.23000 19.78700 114.72400
18 6 21 02 22 31388.50000 45.47700000 1948.02000 137.23000 19.65800 114.72400
18 6 21 02 22 31321.20000 45.47700000 1948.02000 137.23000 19.65800 114.72400
18 6 21 02 23 31321.20000 45.47700000 1948.02000 137.23000 19.65800 114.72400
18 6 21 02 23 31301.00000 45.47700000 1944.90000 137.23000 19.65800 114.72400
18 6 21 02 24 31275.80000 45.47700000 1944.90000 137.08000 19.65800 114.72400
18 6 21 02 24 31295.10000 45.47700000 1944.90000 137.12000 19.65800 114.72400
18 6 21 02 24 31313.90000 45.47700000 1944.90000 137.12000 19.65800 114.72400
18 6 21 02 25 31325.40000 45.47700000 1942.89000 137.12000 19.65800 114.72400
18 6 21 02 25 31327.40000 45.47700000 1942.89000 137.12000 19.65800 114.72400
18 6 21 02 26 31338.90000 45.47700000 1942.89000 137.12000 19.65800 114.72400
18 6 21 02 26 31329.30000 45.47700000 1942.89000 137.12000 19.65800 114.72400
18 6 21 02 27 31326.80000 45.64400000 1942.89000 137.12000 19.65800 114.72400
18 6 21 02 27 31357.30000 45.64400000 1942.89000 137.12000 19.65800 114.72400
18 6 21 02 27 31372.60000 45.64400000 1942.89000 137.12000 19.65800 114.72400
18 6 21 02 28 31380.30000 45.64400000 1942.89000 137.12000 19.65800 114.72400
18 6 21 02 28 31384.10000 45.64400000 1942.89000 137.12000 19.65800 114.72400
18 6 21 02 29 31382.80000 45.64400000 1942.89000 137.12000 19.65800 114.72400
18 6 21 02 29 31384.10000 45.64400000 1942.89000 137.12000 19.65800 114.72400
18 6 21 02 30 31393.20000 45.64400000 1951.97000 137.12000 19.65800 114.72400
18 6 21 02 30 31392.70000 45.64400000 1951.97000 137.12000 19.65800 114.72400
18 6 21 02 30 31377.30000 45.64400000 1951.97000 137.51000 19.65800 114.72400
18 6 21 02 31 31417.90000 45.64400000 1951.82000 137.51000 19.65800 114.72400
18 6 21 02 31 31454.00000 45.64400000 1954.32000 137.51000 19.65600 115.66000
18 6 21 02 32 31459.70000 45.64400000 1954.32000 137.93000 19.65600 115.91000
18 6 21 02 32 31458.60000 45.64400000 1954.32000 137.93000 19.65600 115.91000
18 6 21 02 33 31474.50000 45.64400000 1954.32000 137.93000 19.65600 115.91000
18 6 21 02 33 31489.20000 45.64400000 1960.00000 137.93000 19.65600 115.91000
18 6 21 02 33 31523.40000 45.64400000 1960.00000 137.93000 19.65600 115.96000
18 6 21 02 34 31517.40000 45.88000000 1960.00000 137.93000 19.65600 115.96000
18 6 21 02 34 31513.40000 45.88000000 1960.00000 137.93000 19.65600 115.96000
18 6 21 02 35 31540.20000 45.88000000 1962.74000 137.93000 19.65600 115.96000
18 6 21 02 35 31532.80000 45.88000000 1962.74000 137.93000 19.65600 115.96000
18 6 21 02 36 31540.90000 45.88000000 1962.74000 137.93000 19.65600 116.20900
18 6 21 02 36 31573.70000 45.84000000 1962.74000 137.93000 19.65600 116.20900
18 6 21 02 36 31587.40000 45.95100000 1962.74000 137.93000 19.65600 116.20900
18 6 21 02 37 31581.00000 45.95100000 1961.42000 137.93000 19.65600 116.20900
18 6 21 02 37 31623.20000 45.95100000 1961.42000 137.93000 19.59300 116.20900
18 6 21 02 38 31653.70000 45.95100000 1961.42000 138.59000 19.59300 116.26100
18 6 21 02 38 31683.10000 45.95100000 1961.42000 138.59000 19.59300 116.26100
18 6 21 02 39 31664.10000 45.95100000 1961.42000 139.17000 19.59300 116.26100
18 6 21 02 39 31657.30000 45.95100000 1961.42000 139.17000 19.59300 116.26100
18 6 21 02 39 31662.80000 45.95100000 1961.42000 139.17000 19.59300 116.26100
18 6 21 02 40 31653.10000 45.95100000 1961.42000 139.17000 19.59300 116.56200
18 6 21 02 40 31636.90000 45.95100000 1961.42000 139.17000 19.59300 116.56200
18 6 21 02 41 31637.20000 45.95100000 1961.61000 139.06000 19.59300 116.56200
18 6 21 02 41 31661.00000 45.95100000 1961.61000 139.06000 19.59300 116.56200
18 6 21 02 42 31650.00000 45.95100000 1961.61000 139.06000 19.59300 116.56200
18 6 21 02 42 31642.40000 45.95100000 1961.61000 139.06000 19.59300 116.56200
18 6 21 02 42 31642.40000 45.95100000 1961.09000 139.06000 19.59300 116.56200
18 6 21 02 43 31666.70000 45.95100000 1961.09000 139.06000 19.59300 116.56200
18 6 21 02 43 31672.30000 45.95100000 1962.25000 139.06000 19.59300 116.56200
18 6 21 02 44 31638.60000 45.95100000 1961.90000 139.06000 19.59300 116.56200
18 6 21 02 44 31622.40000 45.95100000 1961.90000 139.06000 19.59300 116.56200
18 6 21 02 45 31608.90000 45.95100000 1961.90000 139.06000 19.59300 116.56200
18 6 21 02 45 31623.50000 45.95100000 1961.90000 139.06000 19.59300 116.56200
18 6 21 02 45 31669.30000 46.03000000 1961.37000 139.06000 19.59300 116.56200
18 6 21 02 46 31691.10000 46.03000000 1961.37000 139.06000 19.59300 116.59200
18 6 21 02 46 31718.90000 46.03000000 1965.71000 139.06000 19.59300 116.59200
18 6 21 02 47 31720.30000 46.03000000 1965.42000 139.06000 19.59300 116.73300
18 6 21 02 47 31715.50000 46.03000000 1965.54000 139.06000 19.59300 116.73300
18 6 21 02 48 31720.20000 46.03000000 1965.54000 139.34000 19.59300 116.86300
18 6 21 02 48 31752.00000 46.03000000 1966.41000 139.34000 19.59300 116.86300
18 6 21 02 48 31805.30000 46.03000000 1966.41000 139.60000 19.59300 117.29600
18 6 21 02 49 31812.70000 46.03000000 1971.26000 139.60000 19.59300 117.14300
18 6 21 02 49 31843.50000 46.03000000 1972.00000 139.60000 19.59300 117.14300
18 6 21 02 50 31809.30000 46.03000000 1971.16000 139.60000 19.59300 117.14300
18 6 21 02 50 31812.00000 46.03000000 1971.16000 139.60000 19.59300 117.14300
18 6 21 02 51 31791.30000 46.03000000 1971.16000 139.60000 19.59300 117.14300
18 6 21 02 51 31814.80000 46.03000000 1971.16000 139.60000 19.59300 117.14300
18 6 21 02 51 31806.10000 46.03000000 1971.16000 139.61000 19.59300 117.14300
18 6 21 02 52 31796.80000 46.03000000 1971.16000 139.61000 19.59300 117.14300
18 6 21 02 52 31805.00000 46.03000000 1971.16000 139.61000 19.59300 117.14300
18 6 21 02 53 31819.20000 46.03000000 1971.16000 139.61000 19.59300 117.14300
18 6 21 02 53 31803.70000 46.03000000 1971.16000 139.44000 19.59300 117.14300
18 6 21 02 54 31807.10000 46.03000000 1971.16000 139.44000 19.59300 117.14300
18 6 21 02 54 31846.80000 46.03000000 1971.16000 139.44000 19.59300 117.14300
18 6 21 02 54 31841.60000 46.03000000 1971.16000 139.44000 19.59300 117.14300
18 6 21 02 55 31802.30000 46.03000000 1971.13000 139.31000 19.59300 117.14300
18 6 21 02 55 31803.00000 46.03000000 1971.13000 139.31000 19.59300 117.14300
18 6 21 02 56 31792.00000 46.00200000 1971.13000 139.31000 19.59300 117.14300
18 6 21 02 56 31779.60000 46.00200000 1971.13000 139.31000 19.59300 117.14300
18 6 21 02 57 31783.70000 46.00200000 1971.13000 139.31000 19.59300 117.14300
18 6 21 02 57 31785.60000 46.00200000 1971.13000 139.31000 19.59300 117.14300
18 6 21 02 57 31778.80000 46.00200000 1970.97000 139.31000 19.59300 117.14300
18 6 21 02 58 31773.10000 46.00200000 1970.97000 139.31000 19.59300 117.14300
18 6 21 02 58 31772.00000 46.00200000 1968.92000 139.31000 19.55400 117.14300
18 6 21 02 59 31766.20000 46.00200000 1968.92000 139.31000 19.55400 117.14300
18 6 21 02 59 31767.40000 46.00200000 1968.17000 139.31000 19.55400 117.14300
18 6 21 03 00 31762.50000 46.00200000 1968.17000 139.31000 19.55400 117.14300
18 6 21 03 00 31758.30000 46.00200000 1967.75000 138.98000 19.55400 116.77700
18 6 21 03 00 31801.40000 46.00200000 1967.75000 138.98000 19.55400 116.77700
18 6 21 03 01 31822.10000 46.00200000 1970.46000 138.98000 19.55400 116.77700
