M=[
30 7 20 06 56 9380.10000 6.06300000 271.52000 46.71000 17.61200 60.30200
30 7 20 06 57 9380.10000 6.06300000 271.67000 46.71000 17.61200 60.30200
30 7 20 06 57 9380.00000 6.06300000 271.67000 46.71000 17.61200 60.30200
30 7 20 06 58 9380.10000 6.06300000 271.81000 46.71000 17.61200 60.30200
30 7 20 06 58 9380.10000 6.06300000 271.82000 46.71000 17.61200 60.30200
30 7 20 06 59 9380.10000 6.06300000 271.96000 46.74000 17.61200 60.30200
30 7 20 06 59 9380.10000 6.06300000 272.26000 46.74000 17.65400 60.30200
30 7 20 07 00 9380.20000 6.06300000 272.27000 46.77000 17.65400 60.30200
30 7 20 07 00 9380.20000 6.06300000 272.15000 46.77000 17.65400 60.30200
30 7 20 07 01 9380.10000 6.06300000 272.20000 46.72000 17.65400 60.30200
30 7 20 07 01 9379.50000 6.06300000 272.20000 46.72000 17.65400 60.30200
30 7 20 07 02 9377.50000 6.06300000 272.24000 46.77000 17.65400 60.30200
30 7 20 07 02 9380.60000 6.06300000 272.41000 46.77000 17.65400 60.30200
30 7 20 07 03 9379.40000 6.06300000 272.38000 46.77000 17.63600 60.30200
30 7 20 07 03 9378.50000 6.06300000 272.41000 46.76000 17.63600 60.30200
30 7 20 07 04 9376.70000 6.06300000 272.52000 46.76000 17.63600 60.30200
30 7 20 07 04 9379.70000 6.06300000 272.81000 46.76000 17.63600 60.30200
30 7 20 07 05 9378.10000 6.06300000 272.75000 46.69000 17.63600 60.30200
30 7 20 07 05 9378.60000 6.06300000 272.69000 46.69000 17.63600 60.30200
30 7 20 07 06 9378.30000 6.06300000 272.62000 46.69000 17.63600 60.30200
30 7 20 07 06 9377.00000 6.06300000 272.23000 46.74000 17.63600 60.30200
30 7 20 07 07 9377.10000 6.06300000 272.23000 46.74000 17.63600 60.30200
30 7 20 07 07 9377.20000 6.06300000 272.24000 46.74000 17.63600 60.30200
30 7 20 07 07 9377.20000 6.06300000 272.51000 46.74000 17.63600 60.30200
30 7 20 07 08 9377.00000 6.07000000 272.24000 46.74000 17.63600 60.30200
30 7 20 07 08 9377.10000 6.07000000 272.10000 46.69000 17.63600 60.30200
30 7 20 07 09 9377.00000 6.07000000 272.10000 46.69000 17.63600 60.30200
30 7 20 07 09 9377.10000 6.07000000 272.21000 46.69000 17.63600 60.30200
30 7 20 07 10 9377.00000 6.07000000 272.22000 46.69000 17.63600 60.30200
30 7 20 07 10 9376.40000 6.07000000 272.12000 46.69000 17.63600 60.30200
30 7 20 07 11 9376.10000 6.07000000 272.12000 46.69000 17.63600 60.17400
30 7 20 07 11 9366.00000 6.07000000 272.00000 46.62000 17.63600 60.17400
30 7 20 07 12 9360.10000 6.07000000 271.72000 46.60000 17.63600 60.17400
30 7 20 07 12 9360.20000 6.07000000 271.96000 46.60000 17.63600 60.12100
30 7 20 07 13 9361.00000 6.07000000 271.96000 46.60000 17.63600 60.12100
30 7 20 07 13 9365.60000 6.07000000 272.10000 46.60000 17.63600 60.12100
30 7 20 07 14 9365.50000 6.07000000 272.11000 46.60000 17.63600 60.12100
30 7 20 07 14 9358.10000 6.07000000 271.89000 46.60000 17.63600 60.12100
30 7 20 07 15 9356.10000 6.07000000 272.00000 46.60000 17.63600 60.12100
30 7 20 07 15 9356.10000 6.07000000 271.88000 46.60000 17.63600 60.12100
30 7 20 07 16 9360.80000 6.07000000 271.85000 46.60000 17.63600 60.12100
30 7 20 07 16 9364.30000 6.07000000 271.97000 46.60000 17.63600 60.12100
30 7 20 07 17 9364.20000 6.07000000 271.97000 46.60000 17.63600 60.12100
30 7 20 07 17 9361.00000 6.07000000 272.05000 46.60000 17.63600 60.12100
30 7 20 07 18 9350.00000 6.07000000 272.02000 46.60000 17.63600 60.12100
30 7 20 07 18 9356.60000 6.07000000 272.00000 46.60000 17.63600 60.12100
30 7 20 07 19 9356.90000 6.07000000 271.97000 46.60000 17.61800 60.21600
30 7 20 07 19 9356.30000 6.07000000 272.00000 46.69000 17.61800 60.21600
30 7 20 07 20 9344.00000 6.07000000 272.00000 46.69000 17.61800 60.21600
30 7 20 07 20 9339.00000 6.05300000 272.00000 46.69000 17.61800 60.21600
30 7 20 07 21 9343.70000 6.05300000 271.83000 46.69000 17.61800 60.21600
30 7 20 07 21 9343.70000 6.05300000 271.83000 46.69000 17.61800 60.21600
30 7 20 07 22 9343.60000 6.05300000 271.89000 46.63000 17.61800 60.21600
30 7 20 07 22 9341.50000 6.05300000 271.89000 46.63000 17.61800 60.21600
30 7 20 07 22 9337.00000 6.05300000 271.56000 46.63000 17.61800 60.21600
30 7 20 07 23 9334.20000 6.05300000 271.53000 46.63000 17.61800 60.21600
30 7 20 07 23 9328.80000 6.05300000 271.61000 46.63000 17.61800 60.21600
30 7 20 07 24 9331.80000 6.05300000 271.51000 46.60000 17.61800 60.21600
30 7 20 07 24 9333.60000 6.05300000 271.55000 46.60000 17.61800 60.21600
30 7 20 07 25 9335.10000 6.05300000 271.63000 46.63000 17.61800 60.21600
30 7 20 07 25 9341.70000 6.05300000 271.63000 46.63000 17.61800 60.21600
30 7 20 07 26 9346.30000 6.05300000 271.89000 46.74000 17.61800 60.21600
30 7 20 07 26 9348.90000 6.05300000 272.05000 46.74000 17.61800 60.21600
30 7 20 07 27 9350.00000 6.05300000 272.05000 46.74000 17.61800 60.21600
30 7 20 07 27 9355.30000 6.05300000 272.21000 46.74000 17.61800 60.21600
30 7 20 07 28 9360.70000 6.05300000 272.29000 46.74000 17.61800 60.35400
30 7 20 07 28 9360.40000 6.05300000 272.41000 46.76000 17.61800 60.35400
30 7 20 07 29 9361.20000 6.05300000 272.32000 46.76000 17.61800 60.35400
30 7 20 07 29 9363.60000 6.05300000 272.35000 46.76000 17.61800 60.35400
30 7 20 07 30 9365.40000 6.05300000 272.35000 46.76000 17.61800 60.35400
30 7 20 07 30 9364.70000 6.05300000 272.35000 46.81000 17.61800 60.35400
30 7 20 07 30 9364.60000 6.05300000 272.33000 46.81000 17.61800 60.35900
30 7 20 07 31 9337.10000 6.06600000 271.13000 46.66000 17.69900 60.15000
30 7 20 07 32 9335.90000 6.06600000 271.19000 46.61000 17.69900 60.15000
30 7 20 07 32 9335.10000 6.06600000 271.33000 46.61000 17.69900 60.15000
30 7 20 07 33 9337.40000 6.06600000 271.41000 46.61000 17.69900 60.15000
30 7 20 07 33 9336.50000 6.06600000 271.36000 46.61000 17.69900 60.15000
30 7 20 07 34 9336.50000 6.06600000 271.33000 46.61000 17.69900 60.15000
30 7 20 07 34 9333.60000 6.06600000 271.27000 46.61000 17.69900 60.15000
30 7 20 07 35 9330.10000 6.06600000 271.16000 46.56000 17.69900 60.15000
30 7 20 07 35 9332.70000 6.06600000 271.13000 46.51000 17.63300 60.15000
30 7 20 07 36 9330.10000 6.06600000 271.11000 46.51000 17.63300 60.15000
30 7 20 07 36 9327.10000 6.06600000 271.11000 46.51000 17.63300 60.15000
30 7 20 07 37 9325.80000 6.06600000 271.13000 46.51000 17.63300 60.15000
30 7 20 07 37 9328.20000 6.06600000 271.16000 46.51000 17.62000 60.15000
30 7 20 07 38 9332.60000 6.06600000 271.15000 46.61000 17.63100 60.15000
30 7 20 07 38 9335.70000 6.06600000 271.34000 46.61000 17.63100 60.15000
30 7 20 07 39 9333.10000 6.06600000 271.34000 46.61000 17.63100 60.15000
30 7 20 07 39 9326.90000 6.06600000 271.14000 46.55000 17.63100 60.15000
30 7 20 07 40 9326.80000 6.06600000 271.14000 46.55000 17.63100 60.15000
30 7 20 07 40 9326.60000 6.06600000 271.13000 46.55000 17.63100 60.15000
30 7 20 07 41 9325.90000 6.06600000 271.11000 46.55000 17.63100 60.15000
30 7 20 07 41 9323.00000 6.06600000 271.04000 46.55000 17.63100 60.15000
30 7 20 07 42 9323.00000 6.06600000 271.03000 46.55000 17.63100 60.15000
30 7 20 07 42 9309.80000 6.06600000 271.02000 46.55000 17.63100 60.20900
30 7 20 07 43 9307.10000 6.03100000 271.01000 46.55000 17.63100 60.20900
30 7 20 07 43 9310.10000 6.03100000 270.98000 46.55000 17.63100 60.20900
30 7 20 07 44 9307.20000 6.03100000 270.93000 46.55000 17.63100 60.20900
30 7 20 07 44 9310.50000 6.03100000 270.94000 46.51000 17.63100 60.20900
30 7 20 07 45 9301.80000 6.03100000 270.90000 46.47000 17.63100 60.20900
30 7 20 07 45 9306.60000 6.03100000 271.22000 46.48000 17.63100 60.20900
30 7 20 07 46 9308.20000 6.03100000 271.37000 46.48000 17.63100 60.20900
30 7 20 07 46 9309.60000 6.03100000 271.38000 46.48000 17.63100 60.20900
30 7 20 07 47 9309.60000 6.03100000 271.57000 46.48000 17.63100 60.20900
30 7 20 07 47 9313.90000 6.03100000 271.63000 46.48000 17.63100 60.20900
30 7 20 07 48 9320.20000 6.03100000 271.85000 46.48000 17.63100 60.20900
30 7 20 07 48 9326.50000 6.03100000 271.90000 46.58000 17.63100 60.20900
30 7 20 07 49 9327.20000 6.03100000 272.00000 46.58000 17.63100 60.20900
30 7 20 07 49 9328.40000 6.03100000 272.06000 46.58000 17.63100 60.20900
