M=[
22 11 20 18 20 15680.00000 5.21000000 478.68000 71.52000 13.73200 59.24500
22 11 20 18 21 15682.10000 5.21900000 478.71000 71.56000 13.73200 59.24500
22 11 20 18 21 15668.20000 5.21900000 476.76000 71.22000 13.73200 59.06900
22 11 20 18 22 15669.10000 5.21200000 476.47000 71.33000 13.73200 59.06900
22 11 20 18 22 15678.70000 5.21200000 477.99000 71.29000 13.73200 59.06900
22 11 20 18 22 15680.30000 5.22300000 477.93000 71.37000 13.73200 59.06900
22 11 20 18 23 15682.10000 5.22300000 477.91000 71.35000 13.73200 59.06900
22 11 20 18 23 15682.10000 5.22300000 477.83000 71.25000 13.73200 59.06900
22 11 20 18 24 15683.70000 5.22300000 477.54000 71.33000 13.73200 59.06900
22 11 20 18 24 15680.10000 5.22300000 477.60000 71.38000 13.73200 59.06900
22 11 20 18 25 15670.30000 5.22300000 477.00000 71.39000 13.73200 59.00000
22 11 20 18 25 15664.60000 5.22300000 475.71000 71.31000 13.73200 59.00000
22 11 20 18 25 15660.00000 5.22300000 476.81000 71.25000 13.73100 59.00000
22 11 20 18 26 15660.00000 5.22300000 475.22000 71.13000 13.73100 59.00000
22 11 20 18 26 15640.90000 5.22300000 474.07000 71.06000 13.73100 58.77000
22 11 20 18 27 15640.10000 5.22300000 474.50000 71.02000 13.73100 58.77000
22 11 20 18 27 15635.00000 5.22300000 474.12000 70.80000 13.73100 58.77000
22 11 20 18 28 15617.10000 5.22300000 473.88000 70.74000 13.63700 58.77000
22 11 20 18 28 15622.60000 5.22300000 474.56000 70.74000 13.63700 58.77000
22 11 20 18 28 15637.30000 5.22300000 474.64000 70.74000 13.63700 58.77000
22 11 20 18 29 15627.50000 5.22300000 474.60000 70.86000 13.63700 58.63300
22 11 20 18 29 15613.40000 5.22500000 473.45000 70.85000 13.63700 58.63300
22 11 20 18 30 15613.20000 5.20100000 473.63000 70.78000 13.73100 58.63300
22 11 20 18 30 15614.50000 5.20100000 473.41000 70.72000 13.73100 58.63300
22 11 20 18 31 15612.10000 5.20100000 474.55000 70.80000 13.73100 58.63300
22 11 20 18 31 15618.60000 5.20100000 474.40000 70.87000 13.73100 58.63300
22 11 20 18 31 15612.20000 5.20100000 474.20000 70.90000 13.73100 58.63300
22 11 20 18 32 15614.90000 5.20200000 474.34000 70.90000 13.73100 58.63300
22 11 20 18 32 15618.40000 5.20200000 474.15000 70.88000 13.73100 58.63300
22 11 20 18 33 15613.50000 5.20200000 474.35000 70.86000 13.73100 58.63300
22 11 20 18 33 15611.40000 5.20000000 473.01000 70.82000 13.73100 58.63300
22 11 20 18 34 15607.20000 5.20000000 473.43000 70.77000 13.73100 58.63300
22 11 20 18 34 15601.70000 5.20000000 473.87000 70.95000 13.73100 58.63300
22 11 20 18 34 15616.50000 5.20000000 474.27000 71.04000 13.73100 58.63300
22 11 20 18 35 15615.00000 5.20000000 474.54000 71.04000 13.72600 58.63300
22 11 20 18 35 15615.00000 5.20000000 474.80000 70.92000 13.72600 58.63300
22 11 20 18 36 15615.00000 5.20000000 475.87000 71.05000 13.72600 58.63300
22 11 20 18 36 15615.00000 5.20000000 475.99000 71.10000 13.72600 58.63300
22 11 20 18 37 15635.60000 5.20000000 476.49000 71.14000 13.72600 58.63300
22 11 20 18 37 15635.70000 5.20000000 476.47000 71.16000 13.72600 58.63300
22 11 20 18 37 15649.00000 5.20000000 477.00000 71.16000 13.72600 58.63300
22 11 20 18 38 15649.20000 5.20000000 476.81000 71.21000 13.72600 58.63300
22 11 20 18 38 15640.10000 5.25900000 475.82000 71.21000 13.72600 58.63300
22 11 20 18 39 15620.00000 5.25900000 474.45000 71.00000 13.72600 58.63300
22 11 20 18 39 15630.10000 5.25900000 475.00000 70.95000 13.70000 58.63300
22 11 20 18 40 15627.20000 5.24000000 475.64000 71.06000 13.70000 58.63300
22 11 20 18 40 15631.00000 5.24000000 475.92000 71.10000 13.70000 58.63300
22 11 20 18 40 15624.90000 5.24700000 475.22000 71.02000 13.70000 58.63300
22 11 20 18 41 15630.00000 5.22300000 475.00000 71.02000 13.70000 58.63300
22 11 20 18 41 15626.10000 5.22300000 475.33000 71.17000 13.70000 58.63300
22 11 20 18 42 15634.40000 5.22300000 475.75000 71.17000 13.70000 58.63300
22 11 20 18 42 15635.90000 5.22300000 475.60000 71.17000 13.70000 58.63300
22 11 20 18 43 15625.90000 5.22300000 475.51000 71.17000 13.70000 58.63300
22 11 20 18 43 15644.00000 5.22300000 476.61000 71.13000 13.70000 58.63300
22 11 20 18 43 15644.00000 5.22300000 476.72000 71.16000 13.70000 58.63300
22 11 20 18 44 15643.90000 5.22300000 476.54000 71.16000 13.70000 58.63300
22 11 20 18 44 15644.00000 5.22300000 476.38000 71.09000 13.70000 58.63300
22 11 20 18 45 15644.00000 5.22700000 476.01000 71.09000 13.70000 58.63300
22 11 20 18 45 15643.90000 5.22700000 476.01000 71.09000 13.70000 58.63300
22 11 20 18 46 15631.10000 5.22700000 475.33000 71.13000 13.70000 58.63300
22 11 20 18 46 15623.40000 5.22700000 474.57000 71.03000 13.70000 58.63300
22 11 20 18 46 15627.10000 5.22700000 474.88000 71.03000 13.70000 58.63300
22 11 20 18 47 15618.80000 5.22700000 474.56000 71.08000 13.70000 58.63300
22 11 20 18 47 15608.20000 5.22600000 474.08000 71.03000 13.69900 58.63300
22 11 20 18 48 15609.00000 5.24400000 474.08000 71.02000 13.69900 58.63300
22 11 20 18 48 15620.90000 5.22100000 474.90000 71.10000 13.69900 58.63300
22 11 20 18 49 15619.20000 5.22100000 474.57000 71.19000 13.69900 58.63300
22 11 20 18 49 15610.00000 5.17700000 474.05000 71.17000 13.69900 58.85900
22 11 20 18 49 15610.00000 5.17800000 474.64000 71.17000 13.69900 58.85900
22 11 20 18 50 15615.40000 5.19500000 474.51000 71.13000 13.69900 58.85900
22 11 20 18 50 15611.30000 5.19500000 474.30000 71.12000 13.69900 58.85900
22 11 20 18 51 15609.90000 5.19500000 474.24000 71.12000 13.69900 58.85900
22 11 20 18 51 15604.90000 5.19500000 474.11000 71.07000 13.69900 58.85900
22 11 20 18 52 15613.90000 5.18400000 474.22000 71.07000 13.69900 58.85900
22 11 20 18 52 15609.50000 5.17800000 474.23000 71.10000 13.69900 58.85900
22 11 20 18 52 15612.50000 5.17800000 474.57000 71.15000 13.69900 58.85900
22 11 20 18 53 15605.00000 5.17800000 474.48000 71.15000 13.69900 58.85900
22 11 20 18 53 15611.80000 5.17300000 474.53000 71.07000 13.69900 58.80400
22 11 20 18 54 15606.10000 5.17300000 474.29000 71.04000 13.69900 58.80400
22 11 20 18 54 15619.70000 5.17500000 474.42000 71.04000 13.69900 58.80400
22 11 20 18 55 15606.10000 5.17500000 474.01000 71.04000 13.69900 58.80400
22 11 20 18 55 15606.10000 5.17000000 474.30000 71.04000 13.69900 58.80400
22 11 20 18 55 15615.30000 5.17000000 474.36000 71.28000 13.69900 58.80400
22 11 20 18 56 15609.10000 5.17000000 474.60000 71.28000 13.69900 58.80400
22 11 20 18 56 15606.00000 5.17000000 474.60000 71.26000 13.69900 58.80400
22 11 20 18 57 15606.00000 5.17300000 474.31000 71.26000 13.69900 58.80400
22 11 20 18 57 15606.10000 5.17300000 474.47000 71.26000 13.69900 58.80400
22 11 20 18 58 15607.60000 5.17300000 474.36000 71.18000 13.69900 58.80400
22 11 20 18 58 15606.10000 5.16800000 474.34000 71.14000 13.69900 58.80400
22 11 20 18 58 15606.10000 5.16800000 474.30000 71.14000 13.69900 58.80400
22 11 20 18 59 15606.10000 5.16800000 473.73000 71.01000 13.69900 58.80400
22 11 20 18 59 15606.10000 5.16800000 473.92000 71.00000 13.69900 58.80400
22 11 20 19 00 15606.20000 5.16800000 474.03000 71.05000 13.69900 58.80400
22 11 20 19 00 15614.20000 5.16800000 475.00000 71.14000 13.69900 58.80400
22 11 20 19 01 15608.10000 5.16800000 474.99000 71.14000 13.69900 58.80400
22 11 20 19 01 15612.00000 5.16800000 475.29000 71.14000 13.69900 58.80400
22 11 20 19 01 15615.10000 5.18300000 475.99000 71.21000 13.69900 58.80400
22 11 20 19 02 15623.80000 5.19400000 476.75000 71.32000 13.69900 59.01300
22 11 20 19 02 15627.90000 5.18900000 477.53000 71.42000 13.69900 59.01300
22 11 20 19 03 15640.40000 5.18900000 478.63000 71.52000 13.69900 59.01300
22 11 20 19 03 15641.30000 5.18900000 478.38000 71.49000 13.69900 59.01300
22 11 20 19 04 15626.80000 5.18900000 477.41000 71.40000 13.69900 59.01300
22 11 20 19 04 15626.80000 5.18900000 477.42000 71.46000 13.69900 59.01300
22 11 20 19 04 15637.10000 5.18900000 478.67000 71.50000 13.69900 59.01300
22 11 20 19 05 15633.40000 5.18900000 478.21000 71.50000 13.69900 59.13700
22 11 20 19 05 15630.00000 5.18900000 478.27000 71.45000 13.69900 59.13700
