M=[
 2 5 21 04 10 47092.90000 36.10400000 2410.86000 223.43000 33.73400 205.68000
 2 5 21 04 11 47112.80000 36.10400000 2413.92000 223.43000 33.73400 205.68000
 2 5 21 04 11 47104.90000 36.10400000 2414.60000 223.43000 33.73400 205.68000
 2 5 21 04 12 47119.90000 36.12600000 2414.61000 223.43000 33.73400 205.68000
 2 5 21 04 12 47143.70000 36.19400000 2414.61000 223.99000 33.73400 205.68000
 2 5 21 04 12 47165.90000 36.31100000 2415.97000 224.02000 33.75700 207.11800
 2 5 21 04 13 47153.20000 36.31100000 2416.72000 224.53000 33.75700 207.11800
 2 5 21 04 13 47075.40000 36.31100000 2416.66000 223.99000 33.75700 207.11800
 2 5 21 04 14 47112.30000 36.31100000 2416.66000 223.99000 33.75700 207.29300
 2 5 21 04 14 47129.60000 36.30900000 2416.80000 223.99000 33.75700 207.29300
 2 5 21 04 15 47130.80000 36.30900000 2417.69000 223.99000 33.75700 207.29300
 2 5 21 04 15 47139.50000 36.36500000 2418.26000 223.99000 33.75700 207.29300
 2 5 21 04 15 47139.60000 36.36500000 2419.49000 223.99000 33.75700 207.29300
 2 5 21 04 16 47178.40000 36.36500000 2419.83000 223.99000 33.75700 207.56800
 2 5 21 04 16 47161.20000 36.36500000 2420.00000 223.99000 33.75700 207.78500
 2 5 21 04 17 47184.60000 36.48000000 2420.00000 224.18000 33.75700 207.78500
 2 5 21 04 17 47209.50000 36.48000000 2420.00000 224.48000 33.75700 207.78500
 2 5 21 04 18 47219.50000 36.51000000 2420.00000 224.50000 33.75700 207.78500
 2 5 21 04 18 47290.40000 36.53700000 2424.24000 225.09000 33.75700 207.78500
 2 5 21 04 18 47274.80000 36.64400000 2425.05000 224.90000 33.75700 207.78500
 2 5 21 04 19 47277.60000 36.70900000 2425.23000 224.90000 33.75700 207.78500
 2 5 21 04 19 47282.70000 36.93900000 2426.94000 225.09000 33.75700 207.78500
 2 5 21 04 20 47278.20000 36.98700000 2427.63000 225.13000 33.75700 207.78500
 2 5 21 04 20 47297.00000 36.78100000 2430.50000 225.20000 33.75700 207.78500
 2 5 21 04 21 47300.70000 36.72600000 2432.86000 225.21000 33.75700 209.00500
 2 5 21 04 21 47325.40000 36.72600000 2431.79000 225.55000 33.75700 209.00500
 2 5 21 04 21 47356.20000 36.87300000 2433.28000 225.64000 33.75700 209.00500
 2 5 21 04 22 47315.80000 36.87300000 2433.23000 225.83000 33.75700 209.00500
 2 5 21 04 22 47344.00000 36.87300000 2433.23000 225.83000 33.75700 209.00500
 2 5 21 04 23 47298.90000 36.64800000 2427.20000 225.83000 33.75700 208.87400
 2 5 21 04 23 47256.00000 36.47700000 2424.74000 225.83000 33.75700 208.87400
 2 5 21 04 24 47244.40000 36.36300000 2424.91000 224.68000 33.75700 208.87400
 2 5 21 04 24 47235.90000 36.36300000 2425.75000 224.68000 33.99000 208.87400
 2 5 21 04 24 47212.70000 36.36300000 2425.80000 224.68000 33.99000 208.87400
 2 5 21 04 25 47192.90000 36.36300000 2424.11000 224.94000 33.99000 208.87400
 2 5 21 04 25 47202.90000 36.38300000 2423.00000 224.94000 33.99000 208.87400
 2 5 21 04 26 47264.30000 36.70300000 2428.13000 225.31000 33.99000 208.87400
 2 5 21 04 26 47291.20000 36.70300000 2428.94000 225.31000 33.99000 208.87400
 2 5 21 04 27 47286.20000 36.70300000 2425.95000 225.31000 33.99000 208.87400
 2 5 21 04 27 47261.90000 36.70300000 2425.62000 225.12000 33.99000 208.87400
 2 5 21 04 27 47261.90000 36.70300000 2426.22000 225.12000 33.99000 208.87400
 2 5 21 04 28 47271.90000 36.70300000 2426.53000 225.12000 33.99000 208.87400
 2 5 21 04 28 47290.50000 36.70300000 2426.53000 225.12000 33.99000 208.87400
 2 5 21 04 29 47281.60000 36.56300000 2427.54000 224.67000 33.93900 208.87400
 2 5 21 04 29 47200.80000 36.36300000 2423.12000 224.25000 33.93900 208.11900
 2 5 21 04 30 47181.20000 36.34700000 2423.26000 224.25000 33.93900 208.11900
 2 5 21 04 30 47202.10000 36.51400000 2423.98000 224.25000 33.93900 208.11900
 2 5 21 04 30 47217.10000 36.51400000 2423.98000 224.25000 33.93900 208.11900
 2 5 21 04 31 47207.10000 36.51400000 2422.83000 224.25000 33.93900 208.11900
 2 5 21 04 31 47218.50000 36.51400000 2422.83000 224.25000 33.93900 208.11900
 2 5 21 04 32 47245.40000 36.48600000 2425.49000 224.25000 33.93900 208.11900
 2 5 21 04 32 47232.30000 36.48900000 2425.17000 224.25000 33.93900 208.11900
 2 5 21 04 33 47244.40000 36.39800000 2425.45000 224.25000 33.93900 208.11900
 2 5 21 04 33 47250.80000 36.40000000 2425.26000 224.78000 33.93900 208.11900
 2 5 21 04 33 47261.40000 36.40000000 2426.43000 224.74000 33.93900 208.11900
 2 5 21 04 34 47311.50000 36.59400000 2429.19000 224.74000 33.93900 208.11900
 2 5 21 04 34 47312.00000 36.59400000 2429.19000 225.06000 33.93900 208.11900
 2 5 21 04 35 47311.10000 36.59400000 2428.73000 225.06000 33.93900 208.11900
 2 5 21 04 35 47238.20000 36.59400000 2427.07000 225.06000 33.93900 208.11900
 2 5 21 04 36 47258.50000 36.59400000 2426.82000 225.06000 33.93900 208.11900
 2 5 21 04 36 47251.00000 36.59400000 2428.66000 225.06000 33.93900 208.11900
 2 5 21 04 36 47233.50000 36.47500000 2427.67000 224.97000 34.01400 208.11900
 2 5 21 04 37 47210.60000 36.47500000 2427.25000 224.97000 34.01400 208.11900
 2 5 21 04 37 47206.20000 36.53800000 2426.68000 224.97000 34.01400 208.11900
 2 5 21 04 38 47195.00000 36.53800000 2426.68000 224.97000 34.01400 208.11900
 2 5 21 04 38 47203.10000 36.53800000 2429.29000 224.97000 34.01400 208.11900
 2 5 21 04 39 47225.60000 36.53800000 2429.43000 224.97000 34.01400 208.11900
 2 5 21 04 39 47219.70000 36.53800000 2429.43000 224.97000 34.18600 208.11900
 2 5 21 04 39 47216.40000 36.49900000 2429.43000 224.97000 34.18600 208.11900
 2 5 21 04 40 47181.40000 36.42000000 2426.68000 224.74000 34.18600 208.11900
 2 5 21 04 40 47171.90000 36.42000000 2426.70000 224.74000 34.18600 208.11900
 2 5 21 04 41 47160.30000 36.37700000 2425.27000 224.66000 34.18600 208.11900
 2 5 21 04 41 47198.20000 36.37700000 2425.26000 224.66000 34.18600 208.11900
 2 5 21 04 42 47175.70000 36.47500000 2425.27000 224.66000 34.18600 208.11900
 2 5 21 04 42 47191.00000 36.46400000 2425.27000 224.66000 34.18600 208.11900
 2 5 21 04 42 47202.90000 36.46400000 2425.27000 224.66000 34.18600 208.11900
 2 5 21 04 43 47203.90000 36.46400000 2425.27000 224.66000 34.18600 208.11900
 2 5 21 04 43 47244.40000 36.46400000 2428.05000 224.66000 34.18600 208.11900
 2 5 21 04 44 47252.30000 36.75200000 2428.25000 224.66000 34.18600 208.11900
 2 5 21 04 44 47259.00000 36.75200000 2428.73000 224.92000 34.18600 208.11900
 2 5 21 04 45 47255.10000 36.75200000 2428.74000 224.92000 34.18600 208.11900
 2 5 21 04 45 47244.10000 36.71500000 2428.73000 224.70000 34.18600 208.11900
 2 5 21 04 45 47249.50000 36.71500000 2428.18000 224.70000 34.18600 208.11900
 2 5 21 04 46 47221.90000 36.63900000 2427.24000 224.62000 34.18600 208.11900
 2 5 21 04 46 47200.00000 36.58100000 2426.49000 224.62000 34.18600 208.11900
 2 5 21 04 47 47216.90000 36.58100000 2426.46000 224.62000 34.18600 208.11900
 2 5 21 04 47 47232.00000 36.53400000 2426.68000 224.62000 34.18600 208.11900
 2 5 21 04 48 47250.00000 36.53400000 2428.05000 224.62000 34.18600 207.59300
 2 5 21 04 48 47279.00000 36.53400000 2430.53000 224.82000 34.18600 207.59300
 2 5 21 04 48 47321.10000 36.53400000 2430.29000 224.94000 34.18600 207.59300
 2 5 21 04 49 47313.60000 36.72600000 2430.29000 224.94000 34.18600 207.59300
 2 5 21 04 49 47298.70000 36.72600000 2430.78000 225.00000 34.18600 207.59300
 2 5 21 04 50 47303.80000 36.69200000 2430.36000 225.00000 34.18600 207.59300
 2 5 21 04 50 47281.50000 36.69200000 2430.78000 225.00000 34.18600 207.59300
 2 5 21 04 51 47293.40000 36.69200000 2430.78000 224.88000 34.18600 207.59300
 2 5 21 04 51 47293.40000 36.69200000 2430.78000 224.75000 34.18600 207.59300
 2 5 21 04 51 47303.40000 36.69200000 2430.84000 224.77000 34.18600 207.59300
 2 5 21 04 52 47313.80000 36.76600000 2430.84000 224.77000 34.18600 208.09000
 2 5 21 04 52 47313.80000 36.76600000 2432.98000 224.77000 34.18600 208.09000
 2 5 21 04 53 47328.20000 36.78500000 2432.98000 224.77000 34.18600 208.09000
 2 5 21 04 53 47328.20000 36.70000000 2432.98000 225.26000 34.18600 208.09000
 2 5 21 04 54 47389.40000 36.70000000 2435.63000 225.57000 34.18600 208.09000
