M=[
22 3 21 23 51 45819.20000 9.86900000 1419.87000 156.93000 31.22700 118.59400
22 3 21 23 52 45741.90000 9.86900000 1418.22000 156.90000 31.22700 118.59400
22 3 21 23 52 45700.00000 9.86900000 1416.93000 156.90000 31.22700 118.59400
22 3 21 23 53 45703.60000 9.86900000 1417.71000 156.90000 31.22700 118.59400
22 3 21 23 53 45640.90000 9.86900000 1416.06000 156.86000 31.22700 118.59400
22 3 21 23 53 45600.00000 9.86900000 1415.40000 156.86000 31.22700 118.59400
22 3 21 23 54 45600.10000 9.86900000 1415.00000 156.49000 31.22700 118.59400
22 3 21 23 54 45600.00000 9.86900000 1415.01000 156.49000 31.22700 117.66700
22 3 21 23 55 45600.00000 9.86900000 1415.02000 156.49000 31.22700 117.66700
22 3 21 23 55 45600.90000 9.86900000 1415.38000 156.49000 31.22700 117.66700
22 3 21 23 56 45646.90000 9.86900000 1416.41000 156.49000 31.22700 117.66700
22 3 21 23 56 45609.90000 9.86900000 1416.01000 156.49000 31.22700 117.66700
22 3 21 23 56 45592.90000 9.86900000 1415.02000 156.49000 31.22700 117.66700
22 3 21 23 57 45536.20000 9.86900000 1413.51000 156.23000 31.22700 117.41200
22 3 21 23 57 45533.90000 9.86900000 1413.49000 156.23000 31.22700 117.41200
22 3 21 23 58 45511.70000 9.86900000 1413.00000 156.20000 31.22700 117.41200
22 3 21 23 58 45511.70000 9.86900000 1413.00000 156.08000 31.22700 117.25200
22 3 21 23 59 45529.80000 9.86900000 1414.59000 156.11000 31.22700 117.25200
22 3 21 23 59 45500.00000 9.80200000 1413.52000 156.11000 31.22700 117.25200
22 3 21 23 59 45478.00000 9.80200000 1413.02000 156.08000 31.22700 117.25400
23 3 21 00 00 45449.90000 9.80200000 1413.00000 156.09000 30.74100 117.25000
23 3 21 00 00 45511.30000 9.80200000 1414.20000 156.37000 30.74100 117.25000
23 3 21 00 01 45514.30000 9.80200000 1414.22000 156.09000 30.74100 117.25000
23 3 21 00 01 45469.70000 9.80200000 1413.01000 156.10000 30.74100 117.25000
23 3 21 00 02 45464.50000 9.80200000 1413.00000 156.08000 30.76800 117.25000
23 3 21 00 02 45415.50000 9.80200000 1408.73000 155.79000 31.22800 116.83100
23 3 21 00 02 45337.00000 9.80200000 1404.63000 155.43000 31.22800 116.83100
23 3 21 00 03 45260.70000 9.80200000 1404.51000 155.49000 31.22800 116.73000
23 3 21 00 03 45251.00000 9.80200000 1401.99000 155.35000 31.22800 116.73000
23 3 21 00 04 45251.00000 9.80200000 1401.42000 155.27000 31.22800 116.50400
23 3 21 00 04 45287.00000 9.76900000 1402.20000 155.27000 31.22700 116.50400
23 3 21 00 05 45406.50000 9.76900000 1405.13000 155.27000 31.22700 116.50400
23 3 21 00 05 45551.30000 9.76900000 1408.87000 155.89000 31.22700 116.50400
23 3 21 00 05 45560.30000 9.76900000 1405.50000 156.25000 31.22700 117.33300
23 3 21 00 06 45700.00000 9.84900000 1409.22000 156.58000 31.22700 117.65900
23 3 21 00 06 45606.30000 9.84900000 1406.91000 156.58000 31.22700 117.65900
23 3 21 00 07 45607.80000 9.84900000 1407.34000 156.41000 31.22700 117.67200
23 3 21 00 07 45667.50000 9.84900000 1409.08000 156.41000 31.44400 117.67200
23 3 21 00 08 45672.60000 9.84900000 1409.00000 156.41000 31.46800 117.67200
23 3 21 00 08 45674.20000 9.84900000 1409.03000 156.41000 31.65300 117.67200
23 3 21 00 08 45714.70000 9.84900000 1412.22000 156.41000 31.65300 117.67200
23 3 21 00 09 45718.00000 9.84900000 1411.06000 156.81000 31.65300 118.30100
23 3 21 00 09 45718.00000 9.84900000 1411.97000 156.81000 31.59000 118.31800
23 3 21 00 10 45705.00000 9.84900000 1412.30000 156.96000 31.59000 118.31800
23 3 21 00 10 45742.40000 9.84900000 1411.62000 156.96000 31.59000 118.31800
23 3 21 00 11 45754.60000 9.84900000 1412.05000 156.96000 31.59000 118.31800
23 3 21 00 11 45796.90000 9.84900000 1413.20000 156.96000 31.59000 118.31800
23 3 21 00 11 45784.30000 9.84900000 1413.61000 156.96000 30.88900 118.31800
23 3 21 00 12 45796.90000 9.84900000 1413.61000 156.96000 30.88900 118.31800
23 3 21 00 12 45796.90000 9.84900000 1415.73000 156.96000 31.34500 118.31800
23 3 21 00 13 45745.40000 9.84900000 1414.49000 156.96000 31.34500 118.31800
23 3 21 00 13 45765.20000 9.84900000 1417.11000 156.93000 31.34500 118.31800
23 3 21 00 14 45851.10000 9.84900000 1417.11000 156.93000 31.34500 118.31800
23 3 21 00 14 45851.80000 9.84900000 1417.64000 156.93000 30.89400 118.31800
23 3 21 00 14 45851.80000 9.84900000 1418.34000 156.93000 30.89400 118.31800
23 3 21 00 15 45851.80000 9.84900000 1418.97000 156.93000 30.89400 118.31800
23 3 21 00 15 45899.90000 9.84900000 1418.97000 157.38000 30.89400 118.31800
23 3 21 00 16 45906.80000 9.84900000 1420.01000 157.46000 30.89400 118.31800
23 3 21 00 16 45906.70000 9.84900000 1418.65000 157.46000 31.34400 118.31800
23 3 21 00 17 45901.60000 9.84900000 1418.65000 157.25000 31.28100 118.31800
23 3 21 00 17 45906.80000 9.84900000 1420.00000 157.25000 31.28100 118.31800
23 3 21 00 17 45886.30000 9.84900000 1419.88000 157.44000 31.28100 118.20200
23 3 21 00 18 45859.80000 9.84900000 1418.19000 157.44000 31.28100 118.48100
23 3 21 00 18 45771.20000 9.84900000 1416.52000 157.27000 31.28100 118.48100
23 3 21 00 19 45769.60000 9.84900000 1416.51000 156.99000 31.28100 118.48100
23 3 21 00 19 45850.00000 9.84900000 1417.83000 156.99000 31.34400 118.48100
23 3 21 00 20 45903.10000 9.84900000 1418.86000 157.45000 31.34400 118.48100
23 3 21 00 20 45866.90000 9.84900000 1416.83000 157.45000 31.34400 118.48100
23 3 21 00 20 45863.30000 9.84900000 1416.56000 157.45000 31.34400 118.48100
23 3 21 00 21 45854.30000 9.84900000 1416.56000 157.45000 31.34400 118.48100
23 3 21 00 21 45850.10000 9.84900000 1416.56000 157.15000 31.34400 118.48100
23 3 21 00 22 45850.10000 9.84900000 1415.59000 157.15000 31.34400 118.48100
23 3 21 00 22 45883.20000 9.84900000 1416.25000 157.15000 31.34500 118.48100
23 3 21 00 23 45883.20000 9.84900000 1416.31000 157.15000 31.34500 118.48100
23 3 21 00 23 45856.60000 9.84900000 1416.13000 157.13000 31.34500 118.48100
23 3 21 00 23 45850.10000 9.84900000 1415.23000 157.13000 31.34500 118.48100
23 3 21 00 24 45832.90000 9.84900000 1415.00000 157.13000 31.34500 118.48100
23 3 21 00 24 45800.10000 9.84900000 1412.25000 156.72000 31.34500 118.48100
23 3 21 00 25 45766.20000 9.84900000 1411.02000 156.72000 31.34500 118.48100
23 3 21 00 25 45748.00000 9.84900000 1411.28000 156.52000 31.34500 118.48100
23 3 21 00 26 45734.60000 9.85800000 1411.34000 156.52000 31.34500 118.48100
23 3 21 00 26 45720.10000 9.84400000 1410.94000 156.36000 31.34500 118.48100
23 3 21 00 26 45703.00000 9.84400000 1410.93000 156.30000 31.34500 118.48100
23 3 21 00 27 45700.60000 9.84400000 1410.51000 156.30000 31.34500 118.48100
23 3 21 00 27 45695.30000 9.84400000 1410.50000 156.30000 31.34500 118.48100
23 3 21 00 28 45700.00000 9.84400000 1409.57000 156.30000 31.34500 118.48100
23 3 21 00 28 45690.20000 9.84400000 1410.32000 156.25000 31.34400 118.48100
23 3 21 00 29 45700.00000 9.84400000 1411.12000 156.25000 31.34400 118.48100
23 3 21 00 29 45813.80000 9.84400000 1413.27000 156.49000 31.34400 118.48100
23 3 21 00 29 45846.00000 9.84400000 1413.60000 156.49000 31.34400 118.48100
23 3 21 00 30 45832.60000 9.84400000 1413.60000 156.49000 31.34500 118.48100
23 3 21 00 30 45806.90000 9.84400000 1412.77000 156.64000 31.34500 118.48100
23 3 21 00 31 45816.30000 9.84400000 1413.75000 156.64000 31.34500 118.48100
23 3 21 00 31 45819.70000 9.84400000 1413.43000 156.64000 31.34500 117.80700
23 3 21 00 32 45817.60000 9.84400000 1413.10000 156.64000 31.34500 117.80700
23 3 21 00 32 45798.90000 9.84400000 1413.09000 156.45000 31.34500 117.80700
23 3 21 00 32 45777.10000 9.84400000 1411.63000 156.45000 31.34500 117.80700
23 3 21 00 33 45861.00000 9.84400000 1412.84000 156.76000 31.34500 117.81000
23 3 21 00 33 45900.00000 9.85000000 1415.94000 157.09000 31.34500 117.81000
23 3 21 00 34 45861.00000 9.85000000 1415.77000 157.09000 31.34500 117.81000
23 3 21 00 34 45842.00000 9.85000000 1415.77000 157.09000 31.34500 117.81000
23 3 21 00 35 45825.90000 9.85000000 1414.11000 157.09000 31.34500 117.81000
23 3 21 00 35 45791.20000 9.60900000 1412.84000 157.09000 31.34500 117.81000
