M=[
16 6 21 14 35 32376.80000 46.21000000 2023.14000 139.46000 19.99600 113.45800
16 6 21 14 35 32386.10000 46.35000000 2023.14000 139.46000 19.99600 113.45800
16 6 21 14 36 32370.00000 46.29200000 2022.63000 139.46000 19.99600 113.45800
16 6 21 14 36 32360.90000 46.29200000 2022.63000 139.46000 19.99600 113.45800
16 6 21 14 37 32360.80000 46.29200000 2022.01000 139.46000 19.99600 113.45800
16 6 21 14 37 32367.10000 46.29200000 2022.00000 139.47000 19.99600 113.45800
16 6 21 14 37 32367.20000 46.29200000 2021.25000 139.45000 19.99600 113.45800
16 6 21 14 38 32373.90000 46.29200000 2021.73000 139.45000 19.99600 113.45800
16 6 21 14 38 32377.90000 46.29200000 2021.16000 139.45000 19.99600 113.45800
16 6 21 14 39 32377.90000 46.29200000 2021.17000 139.45000 19.99600 113.45800
16 6 21 14 39 32378.50000 46.29200000 2021.17000 139.45000 19.99600 113.45800
16 6 21 14 40 32382.60000 46.29200000 2021.58000 139.45000 19.99600 113.45800
16 6 21 14 40 32370.00000 46.29200000 2021.01000 139.48000 19.99600 113.45800
16 6 21 14 40 32387.40000 46.29200000 2020.77000 139.48000 19.99600 113.45800
16 6 21 14 41 32388.10000 46.29200000 2020.77000 139.48000 19.99600 113.45800
16 6 21 14 41 32388.10000 46.29200000 2020.45000 139.45000 19.99600 113.45800
16 6 21 14 42 32388.10000 46.29200000 2020.93000 139.44000 19.99600 113.71900
16 6 21 14 42 32388.00000 46.29200000 2021.58000 139.42000 19.99600 113.71900
16 6 21 14 43 32391.30000 46.29200000 2021.89000 139.41000 19.99600 113.71900
16 6 21 14 43 32388.00000 46.29200000 2021.99000 139.41000 19.99600 113.71900
16 6 21 14 43 32383.00000 46.27400000 2021.99000 139.39000 19.99600 113.71900
16 6 21 14 44 32382.90000 46.31400000 2021.99000 139.39000 19.99600 113.71900
16 6 21 14 44 32382.30000 46.31400000 2021.57000 139.39000 19.99600 113.71900
16 6 21 14 45 32353.60000 46.31400000 2021.57000 139.39000 19.99600 113.71900
16 6 21 14 45 32359.30000 46.31400000 2020.38000 139.39000 19.99600 113.71900
16 6 21 14 46 32360.80000 46.31400000 2022.00000 139.39000 19.99600 113.71900
16 6 21 14 46 32337.30000 46.31400000 2022.00000 139.39000 19.99600 113.71900
16 6 21 14 46 32300.10000 46.31400000 2020.56000 139.39000 19.99600 113.71900
16 6 21 14 47 32257.70000 46.31400000 2020.00000 139.36000 19.99600 113.71900
16 6 21 14 47 32269.00000 46.31400000 2018.31000 139.36000 19.99600 113.71900
16 6 21 14 48 32257.50000 46.31400000 2018.14000 139.20000 19.99600 113.71900
16 6 21 14 48 32253.60000 46.31400000 2018.14000 139.22000 19.99600 113.71900
16 6 21 14 49 32267.70000 46.31400000 2017.63000 139.22000 19.99600 113.71900
16 6 21 14 49 32268.30000 46.31400000 2017.71000 139.22000 19.99600 113.71900
16 6 21 14 49 32267.60000 46.31400000 2016.72000 139.22000 19.99600 113.71900
16 6 21 14 50 32260.60000 46.31400000 2017.59000 139.19000 19.99600 113.71900
16 6 21 14 50 32268.30000 46.31400000 2018.13000 139.25000 19.99600 113.71900
16 6 21 14 51 32274.60000 46.31400000 2017.30000 139.23000 19.99600 113.71900
16 6 21 14 51 32270.70000 46.31400000 2016.09000 139.19000 19.99600 113.71900
16 6 21 14 52 32268.20000 46.31400000 2016.89000 139.19000 19.99600 113.71900
16 6 21 14 52 32254.50000 46.17100000 2015.96000 139.19000 19.99600 113.71900
16 6 21 14 52 32227.70000 46.17100000 2014.76000 139.08000 19.99600 113.11600
16 6 21 14 53 32189.20000 46.17100000 2013.89000 138.95000 19.99600 113.11600
16 6 21 14 53 32193.00000 46.17100000 2010.01000 138.95000 19.99600 113.04200
16 6 21 14 54 32087.30000 46.17100000 2004.40000 138.27000 19.90000 113.04200
16 6 21 14 54 31990.00000 45.80500000 2000.08000 137.79000 19.99800 113.04200
16 6 21 14 55 32000.00000 45.80500000 2001.27000 138.12000 19.99800 113.04200
16 6 21 14 55 32050.80000 45.80500000 2001.50000 138.00000 19.99800 113.04200
16 6 21 14 55 32045.90000 45.80500000 2001.55000 137.92000 19.99800 112.51300
16 6 21 14 56 31980.10000 45.74500000 1996.38000 137.47000 19.99800 112.06500
16 6 21 14 56 32012.10000 45.74500000 1997.96000 137.36000 19.92200 111.99400
16 6 21 14 57 32029.30000 45.74500000 1998.89000 137.36000 19.92200 111.94000
16 6 21 14 57 32048.50000 45.85100000 1999.00000 137.36000 19.92200 111.94000
16 6 21 14 58 32048.50000 45.85100000 1999.00000 137.36000 19.92200 111.94000
16 6 21 14 58 32088.30000 45.90300000 2000.00000 137.78000 19.92200 111.94000
16 6 21 14 58 32095.30000 45.90300000 2000.39000 137.81000 19.92200 111.94000
16 6 21 14 59 32083.60000 45.88800000 2000.44000 137.76000 19.92200 111.94000
16 6 21 14 59 32037.90000 45.88800000 1999.50000 137.67000 19.92200 111.94000
16 6 21 15 00 32031.50000 45.77800000 2000.83000 137.69000 19.92200 111.94000
16 6 21 15 00 32064.70000 45.77800000 2000.37000 137.76000 19.92200 111.94000
16 6 21 15 01 32100.30000 45.77800000 1999.39000 137.76000 19.92200 111.94000
16 6 21 15 01 32105.70000 45.77800000 2000.83000 137.83000 19.92200 111.94000
16 6 21 15 01 32131.20000 45.77800000 2002.66000 138.00000 19.92200 112.15900
16 6 21 15 02 32149.80000 45.77800000 2004.30000 138.12000 19.92200 112.15900
16 6 21 15 02 32160.20000 45.77800000 2003.95000 138.12000 19.92200 112.15900
16 6 21 15 03 32155.90000 45.77800000 2003.56000 138.04000 19.92200 112.15900
16 6 21 15 03 32174.00000 45.77800000 2004.95000 138.04000 19.92200 112.15900
16 6 21 15 04 32182.00000 46.07400000 2005.93000 138.22000 19.92200 112.15900
16 6 21 15 04 32144.50000 46.07400000 2004.26000 138.12000 19.92200 112.15900
16 6 21 15 04 32144.60000 46.07400000 2005.18000 138.12000 19.92200 112.15900
16 6 21 15 05 32144.60000 46.07400000 2006.00000 138.12000 19.92200 112.15900
16 6 21 15 05 32111.40000 46.07400000 2003.25000 138.13000 19.92200 112.15900
16 6 21 15 06 32129.00000 46.07400000 2002.53000 138.12000 19.92200 112.15900
16 6 21 15 06 32134.50000 46.07400000 2003.22000 138.17000 19.92200 112.57400
16 6 21 15 07 32134.50000 46.07400000 2003.21000 138.11000 19.92200 112.57400
16 6 21 15 07 32118.30000 46.07400000 2002.01000 138.11000 19.92200 112.57400
16 6 21 15 07 32118.40000 46.07400000 2001.50000 138.02000 19.92200 112.57400
16 6 21 15 08 32126.30000 46.07400000 2001.53000 138.02000 19.92200 112.57400
16 6 21 15 08 32118.40000 46.07400000 2001.01000 137.99000 19.92200 112.57400
16 6 21 15 09 32113.30000 46.07400000 2000.94000 137.99000 19.92200 112.39700
16 6 21 15 09 32117.90000 46.07400000 2000.83000 137.99000 19.92200 112.39700
16 6 21 15 10 32113.20000 46.07400000 2001.07000 137.76000 19.92200 112.56900
16 6 21 15 10 32066.10000 46.07400000 1997.41000 137.68000 19.92200 112.56900
16 6 21 15 10 32045.00000 46.07400000 1995.90000 137.68000 19.92200 112.56900
16 6 21 15 11 32058.60000 46.07400000 1994.29000 137.68000 19.92200 112.56900
16 6 21 15 11 31998.30000 46.07400000 1992.44000 137.57000 19.92200 112.56900
16 6 21 15 12 31901.00000 46.07400000 1992.44000 137.11000 19.92200 112.56900
16 6 21 15 12 31921.00000 46.07400000 1993.34000 137.27000 19.92200 112.25300
16 6 21 15 13 31963.30000 45.74400000 1993.84000 137.47000 19.83500 112.06700
16 6 21 15 13 31959.30000 45.74400000 1995.49000 137.61000 19.83500 112.06700
16 6 21 15 13 31941.00000 45.74400000 1994.20000 137.50000 19.83500 112.06700
16 6 21 15 14 31901.00000 45.71700000 1991.21000 137.50000 19.83500 111.92300
16 6 21 15 14 31881.80000 45.56200000 1990.00000 137.26000 19.83500 111.92300
16 6 21 15 15 31929.70000 45.56200000 1990.60000 137.28000 19.83500 111.92300
16 6 21 15 15 31963.80000 45.56200000 1991.51000 137.51000 19.83500 111.92300
16 6 21 15 16 31957.40000 45.56200000 1994.85000 137.51000 19.83500 111.92300
16 6 21 15 16 31957.30000 45.56200000 1994.00000 137.72000 19.83500 111.92300
16 6 21 15 16 31957.20000 45.56200000 1994.00000 137.61000 19.83500 111.92300
16 6 21 15 17 31937.90000 45.56200000 1993.59000 137.61000 19.84300 111.92300
16 6 21 15 17 31904.90000 45.56200000 1991.36000 137.30000 19.84300 111.92300
16 6 21 15 18 31898.20000 45.56200000 1991.07000 137.30000 19.84300 111.92300
16 6 21 15 18 31927.20000 45.56200000 1990.97000 137.30000 19.84300 111.92300
