M=[
31 12 20 13 46 23300.10000 4.61900000 600.24000 101.67000 13.73900 50.64400
31 12 20 13 47 23300.10000 4.61900000 599.73000 101.49000 13.73900 50.64400
31 12 20 13 47 23287.10000 4.61900000 599.73000 101.55000 13.73900 50.64400
31 12 20 13 48 23287.10000 4.61900000 599.80000 101.56000 13.73900 50.64400
31 12 20 13 48 23293.20000 4.61900000 600.00000 101.56000 13.73900 50.64400
31 12 20 13 48 23293.10000 4.61900000 599.84000 101.56000 13.73900 50.64400
31 12 20 13 49 23286.10000 4.61900000 599.79000 101.60000 13.73900 50.64400
31 12 20 13 49 23286.00000 4.61900000 599.87000 101.60000 13.73900 50.64400
31 12 20 13 50 23280.00000 4.61900000 599.91000 101.57000 13.73900 50.64400
31 12 20 13 50 23267.40000 4.61900000 599.64000 101.50000 13.73900 50.64400
31 12 20 13 51 23242.60000 4.61900000 599.09000 101.47000 13.73900 50.64400
31 12 20 13 51 23240.70000 4.61900000 599.02000 101.47000 13.73900 50.64400
31 12 20 13 51 23240.00000 4.61900000 598.81000 101.47000 13.73900 50.64400
31 12 20 13 52 23262.50000 4.62600000 598.83000 101.53000 13.73900 50.64400
31 12 20 13 52 23262.50000 4.62600000 599.38000 101.53000 13.73900 50.64400
31 12 20 13 53 23285.50000 4.62600000 599.38000 101.53000 13.73900 50.64400
31 12 20 13 53 23293.10000 4.62600000 600.00000 101.70000 13.73900 50.64400
31 12 20 13 54 23293.20000 4.62600000 600.00000 101.70000 13.73900 50.64400
31 12 20 13 54 23265.00000 4.62600000 599.33000 101.56000 13.73900 50.64400
31 12 20 13 54 23262.60000 4.62600000 599.29000 101.59000 13.73900 50.64400
31 12 20 13 55 23253.30000 4.62600000 598.69000 101.58000 13.73900 50.64400
31 12 20 13 55 23264.90000 4.62600000 598.72000 101.58000 13.73900 50.64400
31 12 20 13 56 23249.30000 4.62600000 598.34000 101.54000 13.73900 50.64400
31 12 20 13 56 23268.50000 4.62600000 598.61000 101.54000 13.73900 50.64400
31 12 20 13 57 23279.90000 4.62600000 599.32000 101.66000 13.73900 50.64400
31 12 20 13 57 23302.70000 4.62600000 599.40000 101.63000 13.73900 50.64400
31 12 20 13 57 23273.10000 4.62600000 598.99000 101.62000 13.73900 50.81200
31 12 20 13 58 23282.00000 4.62600000 599.21000 101.54000 13.73900 50.81200
31 12 20 13 58 23263.60000 4.62600000 599.01000 101.56000 13.73900 50.81200
31 12 20 13 59 23274.40000 4.62600000 598.87000 101.58000 13.73900 50.81200
31 12 20 13 59 23274.50000 4.62600000 598.89000 101.62000 13.73900 50.81200
31 12 20 14 00 23305.30000 4.62600000 599.20000 101.62000 13.73900 50.81200
31 12 20 14 00 23263.80000 4.62600000 597.77000 101.54000 13.73900 50.75900
31 12 20 14 00 23250.10000 4.62600000 597.89000 101.40000 13.73900 50.63700
31 12 20 14 01 23257.20000 4.62600000 597.51000 101.40000 13.73900 50.63700
31 12 20 14 01 23244.10000 4.62600000 597.22000 101.39000 13.73900 50.63700
31 12 20 14 02 23240.00000 4.62600000 596.83000 101.34000 13.73900 50.63700
31 12 20 14 02 23170.80000 4.62600000 596.40000 101.06000 13.73900 50.63700
31 12 20 14 03 23170.70000 4.62600000 596.91000 101.05000 13.73900 50.63700
31 12 20 14 03 23150.10000 4.62600000 596.91000 100.93000 13.73900 50.63700
31 12 20 14 03 23150.10000 4.62600000 596.69000 100.93000 13.73900 50.63700
31 12 20 14 04 23150.10000 4.62600000 596.55000 100.84000 13.73900 50.63700
31 12 20 14 04 23155.60000 4.62600000 596.63000 100.96000 13.73900 50.63700
31 12 20 14 05 23169.90000 4.62600000 596.62000 100.96000 13.73900 50.63700
31 12 20 14 05 23189.90000 4.62600000 597.74000 101.09000 13.73900 50.63700
31 12 20 14 06 23199.00000 4.62600000 597.93000 101.13000 13.73900 50.63700
31 12 20 14 06 23198.90000 4.62600000 598.00000 101.13000 13.73900 50.63700
31 12 20 14 06 23182.20000 4.62600000 598.00000 101.06000 13.73900 50.63700
31 12 20 14 07 23140.10000 4.62600000 597.99000 100.95000 13.73900 50.63700
31 12 20 14 07 23150.00000 4.62600000 598.00000 100.95000 13.73900 50.63700
31 12 20 14 08 23199.80000 4.62600000 598.00000 101.12000 13.73900 50.54700
31 12 20 14 08 23180.50000 4.62600000 597.99000 101.06000 13.73900 50.54700
31 12 20 14 09 23172.90000 4.62600000 598.00000 101.05000 13.73900 50.54700
31 12 20 14 09 23173.00000 4.62600000 598.00000 101.01000 13.73900 50.54700
31 12 20 14 09 23173.00000 4.62600000 598.00000 100.99000 13.73900 50.54700
31 12 20 14 10 23148.30000 4.62600000 598.00000 100.99000 13.73900 50.54700
31 12 20 14 10 23175.50000 4.62600000 597.26000 100.95000 13.73900 50.54700
31 12 20 14 11 23164.60000 4.62600000 597.91000 101.05000 13.73900 50.54700
31 12 20 14 11 23148.70000 4.62600000 597.66000 101.05000 13.73900 50.54700
31 12 20 14 12 23135.00000 4.61200000 597.18000 101.05000 13.73900 50.54700
31 12 20 14 12 23075.90000 4.61200000 596.38000 100.74000 13.73900 50.54700
31 12 20 14 12 23074.90000 4.61200000 595.99000 100.74000 13.73900 50.54700
31 12 20 14 13 23078.30000 4.61200000 595.99000 100.86000 13.73900 50.54700
31 12 20 14 13 23078.30000 4.61200000 596.40000 100.88000 13.73900 50.54100
31 12 20 14 14 23104.00000 4.61200000 597.09000 100.88000 13.73900 50.54100
31 12 20 14 14 23136.20000 4.61200000 597.30000 101.04000 13.73900 50.54100
31 12 20 14 14 23129.20000 4.61200000 597.59000 101.04000 13.73900 50.54100
31 12 20 14 15 23150.00000 4.63200000 597.89000 101.20000 13.73900 50.54100
31 12 20 14 15 23130.30000 4.63200000 597.89000 101.32000 13.73900 50.54100
31 12 20 14 16 23130.30000 4.63200000 596.97000 101.29000 13.73900 50.54100
31 12 20 14 16 23090.00000 4.63200000 596.39000 101.20000 13.73900 50.54100
31 12 20 14 17 23080.10000 4.63200000 596.31000 101.20000 13.73900 50.54100
31 12 20 14 17 23100.00000 4.63200000 596.30000 101.20000 13.73900 50.54100
31 12 20 14 17 23100.00000 4.63200000 596.81000 101.19000 13.73800 50.54100
31 12 20 14 18 23108.60000 4.63200000 596.90000 101.19000 13.80700 50.54100
31 12 20 14 18 23108.50000 4.63200000 596.85000 101.14000 13.80700 50.54100
31 12 20 14 19 23145.20000 4.63200000 597.81000 101.14000 13.80700 50.54100
31 12 20 14 19 23180.00000 4.63200000 598.93000 101.40000 13.80700 50.63700
31 12 20 14 20 23210.90000 4.63200000 599.30000 101.40000 13.80700 50.63700
31 12 20 14 20 23192.30000 4.63200000 599.00000 101.51000 13.80700 50.63700
31 12 20 14 20 23199.90000 4.60000000 599.02000 101.62000 13.80700 50.63700
31 12 20 14 21 23200.00000 4.60100000 598.43000 101.58000 13.80700 50.53200
31 12 20 14 21 23200.00000 4.60100000 598.37000 101.53000 13.80700 50.53200
31 12 20 14 22 23200.00000 4.60100000 598.13000 101.53000 13.80700 50.53200
31 12 20 14 22 23199.90000 4.60100000 598.26000 101.35000 13.80700 50.53200
31 12 20 14 23 23196.00000 4.60000000 597.35000 101.35000 13.80700 50.53200
31 12 20 14 23 23196.10000 4.60000000 597.60000 101.35000 13.80700 50.53200
31 12 20 14 23 23196.10000 4.60000000 597.79000 101.35000 13.80700 50.53200
31 12 20 14 24 23196.00000 4.60000000 597.78000 101.35000 13.80700 50.53200
31 12 20 14 24 23182.40000 4.60000000 597.54000 101.35000 13.80700 50.53200
31 12 20 14 25 23182.40000 4.60000000 597.53000 101.35000 13.80700 50.53200
31 12 20 14 25 23140.00000 4.60300000 597.53000 101.35000 13.80700 50.53200
31 12 20 14 26 23093.70000 4.60300000 595.95000 101.26000 13.80700 50.49000
31 12 20 14 26 23050.00000 4.60300000 595.36000 100.99000 13.80700 50.49000
31 12 20 14 26 23050.00000 4.60300000 595.00000 100.88000 13.80700 50.49000
31 12 20 14 27 23045.10000 4.60300000 595.01000 100.88000 13.80700 50.49000
31 12 20 14 27 22995.00000 4.60300000 593.71000 100.65000 13.80700 50.49000
31 12 20 14 28 23020.60000 4.60300000 594.49000 100.89000 13.80700 50.29600
31 12 20 14 28 23022.50000 4.60300000 594.25000 101.03000 13.80700 50.29600
31 12 20 14 29 23023.70000 4.60300000 594.23000 101.03000 13.80700 50.33100
31 12 20 14 29 23025.00000 4.60300000 594.52000 101.12000 13.80700 50.33100
31 12 20 14 29 23054.40000 4.60300000 595.29000 101.03000 13.80700 50.33100
31 12 20 14 30 23043.80000 4.60300000 594.12000 100.95000 13.80700 50.33100
31 12 20 14 30 23045.20000 4.60300000 594.22000 100.94000 13.80700 50.33100
31 12 20 14 31 23054.20000 4.60300000 594.79000 100.94000 13.80700 50.21400
