M=[
 7 5 21 20 09 47747.90000 101.87900000 2895.60000 285.85000 40.44300 270.40400
 7 5 21 20 10 47748.00000 102.30900000 2895.66000 285.78000 40.44300 270.40400
 7 5 21 20 10 47761.10000 102.30900000 2896.92000 285.53000 40.44300 270.25900
 7 5 21 20 11 47765.70000 102.19700000 2896.65000 285.60000 40.44300 270.60800
 7 5 21 20 11 47704.90000 102.24800000 2897.12000 285.24000 40.44300 270.58300
 7 5 21 20 12 47680.50000 101.79100000 2893.04000 285.21000 40.44300 271.03300
 7 5 21 20 12 47685.00000 101.97200000 2894.14000 285.19000 40.44300 271.03300
 7 5 21 20 12 47704.40000 102.41200000 2894.52000 285.62000 40.44300 271.23300
 7 5 21 20 13 47704.40000 101.90100000 2895.65000 285.66000 40.44300 271.28200
 7 5 21 20 13 47738.10000 102.49900000 2895.64000 285.66000 40.44300 271.28200
 7 5 21 20 14 47746.20000 102.74200000 2895.65000 285.67000 40.44300 271.28200
 7 5 21 20 14 47748.60000 102.71900000 2895.65000 285.80000 40.44300 271.28200
 7 5 21 20 15 47775.00000 102.81700000 2897.28000 286.10000 40.44300 271.99500
 7 5 21 20 15 47758.50000 102.70200000 2895.10000 285.52000 40.44300 271.99500
 7 5 21 20 15 47758.60000 102.91500000 2895.29000 285.79000 40.44300 273.60600
 7 5 21 20 16 47713.90000 101.53900000 2894.87000 285.37000 40.44300 273.57900
 7 5 21 20 16 47713.90000 101.00000000 2894.17000 285.08000 40.44300 273.26500
 7 5 21 20 17 47712.70000 101.02000000 2894.72000 285.39000 40.44300 272.80900
 7 5 21 20 17 47724.40000 101.18300000 2894.72000 285.43000 40.44300 272.86100
 7 5 21 20 18 47701.00000 100.95000000 2895.37000 285.31000 40.44300 272.65800
 7 5 21 20 18 47694.90000 100.95000000 2894.50000 285.31000 40.44300 272.62800
 7 5 21 20 18 47689.80000 99.72500000 2894.06000 285.07000 40.44300 272.00000
 7 5 21 20 19 47670.10000 99.00000000 2893.05000 285.04000 40.44300 272.03500
 7 5 21 20 19 47638.30000 99.08200000 2889.94000 284.69000 40.44300 272.03500
 7 5 21 20 20 47621.10000 99.29700000 2889.42000 284.69000 40.44300 271.83600
 7 5 21 20 20 47640.10000 99.83400000 2889.41000 285.30000 40.44300 273.68500
 7 5 21 20 21 47619.90000 99.80500000 2890.14000 285.21000 40.44300 273.56100
 7 5 21 20 21 47611.30000 99.10400000 2890.15000 284.93000 40.44300 273.56100
 7 5 21 20 21 47577.40000 99.01000000 2889.68000 284.95000 40.44300 273.63700
 7 5 21 20 22 47607.40000 99.60400000 2889.77000 284.95000 40.44300 273.95700
 7 5 21 20 22 47636.20000 100.00000000 2889.78000 284.95000 40.50000 273.92900
 7 5 21 20 23 47635.00000 99.75700000 2893.73000 285.79000 40.50000 273.92900
 7 5 21 20 23 47634.90000 99.34200000 2893.74000 286.49000 40.43000 273.06700
 7 5 21 20 24 47630.10000 99.50100000 2893.13000 286.29000 40.43000 273.33500
 7 5 21 20 24 47610.00000 99.93700000 2893.11000 285.94000 40.43000 273.33500
 7 5 21 20 24 47599.90000 99.56800000 2893.81000 286.23000 40.43000 273.33500
 7 5 21 20 25 47598.60000 98.53900000 2893.71000 285.74000 40.43000 273.33500
 7 5 21 20 25 47575.80000 98.00000000 2890.71000 285.74000 40.43000 273.33500
 7 5 21 20 26 47551.00000 97.60900000 2890.00000 285.06000 40.43000 273.33500
 7 5 21 20 26 47537.60000 97.10800000 2889.09000 285.06000 40.43000 273.33500
 7 5 21 20 27 47531.10000 97.98200000 2886.44000 285.06000 40.43000 273.33500
 7 5 21 20 27 47571.50000 98.09200000 2887.04000 285.62000 40.43000 272.11000
 7 5 21 20 27 47568.70000 98.66100000 2889.07000 285.42000 40.43000 272.11000
 7 5 21 20 28 47598.60000 98.50000000 2889.07000 285.90000 40.43000 272.11000
 7 5 21 20 28 47597.10000 98.39700000 2889.95000 285.92000 40.43000 272.11000
 7 5 21 20 29 47583.10000 98.15000000 2889.94000 285.45000 40.43000 272.11000
 7 5 21 20 29 47565.10000 98.05300000 2889.94000 285.45000 40.25900 274.00000
 7 5 21 20 30 47567.10000 98.10000000 2889.94000 285.45000 40.25900 273.62600
 7 5 21 20 30 47526.70000 98.38700000 2887.25000 285.14000 40.25900 273.62600
 7 5 21 20 30 47502.20000 98.96500000 2886.79000 284.95000 40.25900 273.50700
 7 5 21 20 31 47502.20000 99.06400000 2887.39000 285.24000 40.25900 273.25700
 7 5 21 20 31 47519.20000 99.00000000 2889.03000 285.24000 40.25900 273.25700
 7 5 21 20 32 47519.20000 99.27000000 2888.99000 285.39000 40.25900 273.25700
 7 5 21 20 32 47533.80000 99.84600000 2890.00000 285.95000 40.25900 274.00000
 7 5 21 20 33 47547.90000 99.74100000 2890.78000 285.95000 40.25900 274.00000
 7 5 21 20 33 47539.80000 99.51100000 2890.78000 286.11000 40.25900 274.94700
 7 5 21 20 33 47538.10000 99.90000000 2890.78000 286.27000 40.25900 274.68300
 7 5 21 20 34 47538.30000 99.68300000 2890.78000 286.27000 40.25900 274.68300
 7 5 21 20 34 47511.10000 99.50000000 2890.78000 286.20000 40.25900 274.68300
 7 5 21 20 35 47466.60000 99.38400000 2890.78000 286.16000 40.25900 274.68300
 7 5 21 20 35 47473.90000 99.34000000 2893.19000 286.31000 40.25900 274.68300
 7 5 21 20 36 47485.00000 98.91900000 2893.19000 286.31000 40.25900 274.68300
 7 5 21 20 36 47478.50000 98.89400000 2893.19000 286.45000 40.25900 274.68300
 7 5 21 20 36 47483.40000 98.93000000 2892.20000 286.30000 40.25900 274.68300
 7 5 21 20 37 47482.90000 99.71400000 2892.20000 286.17000 40.25900 274.14000
 7 5 21 20 37 47503.90000 99.66200000 2892.20000 286.17000 40.25900 274.14000
 7 5 21 20 38 47518.30000 99.38800000 2892.20000 286.18000 40.25900 274.14000
 7 5 21 20 38 47547.80000 99.53500000 2893.18000 286.46000 40.25900 274.14000
 7 5 21 20 39 47571.10000 99.55800000 2893.19000 286.88000 40.25900 275.88000
 7 5 21 20 39 47571.10000 99.89400000 2893.18000 286.68000 40.25900 275.88000
 7 5 21 20 39 47571.10000 99.29000000 2893.93000 286.70000 40.25900 276.14100
 7 5 21 20 40 47571.10000 99.35200000 2893.92000 286.74000 40.25900 276.16900
 7 5 21 20 40 47571.10000 99.44500000 2893.93000 286.50000 40.25900 276.16900
 7 5 21 20 41 47580.40000 99.29400000 2893.93000 286.51000 40.25900 277.18300
 7 5 21 20 41 47594.60000 99.45600000 2893.93000 286.56000 40.25900 277.39600
 7 5 21 20 42 47594.50000 99.29300000 2893.93000 286.87000 40.25900 277.39500
 7 5 21 20 42 47567.80000 99.03400000 2893.89000 286.86000 40.25900 276.72700
 7 5 21 20 42 47523.00000 98.81600000 2892.21000 286.64000 40.25900 276.72700
 7 5 21 20 43 47500.00000 98.14900000 2892.20000 286.15000 40.25900 276.00700
 7 5 21 20 43 47429.70000 98.12500000 2885.92000 285.83000 40.25900 276.00700
 7 5 21 20 44 47458.10000 98.27400000 2886.96000 285.88000 40.25900 275.66100
 7 5 21 20 44 47457.90000 98.35500000 2886.96000 286.40000 40.25900 275.79900
 7 5 21 20 45 47471.20000 98.60000000 2886.96000 286.25000 40.25900 275.79900
 7 5 21 20 45 47471.20000 98.60000000 2889.12000 286.30000 40.25900 276.16000
 7 5 21 20 45 47511.50000 98.54500000 2891.09000 286.86000 40.25900 276.16000
 7 5 21 20 46 47534.00000 99.35100000 2891.83000 287.08000 40.25900 276.54600
 7 5 21 20 46 47521.00000 99.00200000 2890.01000 287.01000 40.25900 276.54600
 7 5 21 20 47 47495.40000 98.92400000 2887.95000 287.00000 40.25900 277.00600
 7 5 21 20 47 47479.90000 98.71300000 2886.00000 286.61000 40.25900 275.46300
 7 5 21 20 48 47474.40000 98.74300000 2885.48000 286.30000 40.25900 274.64900
 7 5 21 20 48 47472.00000 98.54900000 2883.35000 286.82000 40.25900 274.63700
 7 5 21 20 48 47410.50000 98.22100000 2877.26000 286.57000 40.25900 274.63700
 7 5 21 20 49 47400.00000 97.20900000 2877.09000 286.18000 40.25900 274.63700
 7 5 21 20 49 47367.00000 96.58100000 2873.03000 285.49000 40.25900 272.50900
 7 5 21 20 50 47326.80000 96.10900000 2870.01000 284.99000 40.25900 272.46700
 7 5 21 20 50 47321.10000 96.92900000 2867.10000 284.76000 40.25900 271.76700
 7 5 21 20 51 47317.00000 97.30200000 2869.02000 284.64000 40.25900 271.76700
 7 5 21 20 51 47306.20000 97.10500000 2869.50000 284.69000 40.25900 271.24200
 7 5 21 20 51 47363.90000 97.00000000 2871.92000 284.69000 40.25900 272.46900
 7 5 21 20 52 47350.10000 96.71900000 2871.81000 284.78000 40.25900 272.57500
 7 5 21 20 52 47335.00000 96.54800000 2871.32000 284.65000 40.25900 272.57500
 7 5 21 20 53 47338.50000 96.40300000 2871.29000 284.77000 40.49900 272.57500
