M=[
 1 11 20 19 50 11852.90000 4.51200000 333.91000 47.55000 12.20000 49.46500
 1 11 20 19 51 11849.30000 4.51200000 333.95000 47.57000 12.20000 49.46500
 1 11 20 19 51 11847.50000 4.51200000 333.95000 47.57000 12.20100 49.46500
 1 11 20 19 52 11840.10000 4.51200000 333.85000 47.57000 12.20100 49.46500
 1 11 20 19 52 11840.00000 4.51200000 333.84000 47.57000 12.20100 49.46500
 1 11 20 19 52 11838.30000 4.51200000 333.74000 47.57000 12.20100 49.46500
 1 11 20 19 53 11836.10000 4.51200000 333.74000 47.57000 12.20100 49.46500
 1 11 20 19 53 11836.10000 4.51200000 333.79000 47.57000 12.20100 49.46500
 1 11 20 19 54 11838.00000 4.51200000 333.79000 47.57000 12.20100 49.46500
 1 11 20 19 54 11845.80000 4.51200000 333.79000 47.57000 12.20100 49.46500
 1 11 20 19 55 11844.80000 4.51200000 333.79000 47.57000 12.20100 49.46500
 1 11 20 19 55 11844.80000 4.51200000 334.00000 47.57000 12.20100 49.46500
 1 11 20 19 55 11846.00000 4.51200000 334.00000 47.57000 12.20100 49.46500
 1 11 20 19 56 11838.40000 4.51200000 333.76000 47.53000 12.20100 49.46500
 1 11 20 19 56 11838.10000 4.51200000 333.76000 47.53000 12.20100 49.46500
 1 11 20 19 57 11840.00000 4.51200000 333.76000 47.53000 12.20100 49.46500
 1 11 20 19 57 11842.90000 4.51200000 333.78000 47.53000 12.20100 49.46500
 1 11 20 19 58 11841.10000 4.50900000 333.92000 47.53000 12.20100 49.44000
 1 11 20 19 58 11840.50000 4.50900000 333.92000 47.53000 12.20100 49.44000
 1 11 20 19 58 11835.00000 4.50900000 333.92000 47.53000 12.20100 49.44000
 1 11 20 19 59 11838.40000 4.50900000 333.91000 47.53000 12.20100 49.44000
 1 11 20 19 59 11835.00000 4.50900000 333.91000 47.53000 12.20100 49.44000
 1 11 20 20 00 11835.60000 4.50900000 333.91000 47.54000 12.20100 49.44000
 1 11 20 20 00 11839.50000 4.50900000 333.92000 47.54000 12.20100 49.44000
 1 11 20 20 01 11839.20000 4.50900000 333.91000 47.54000 12.20100 49.44000
 1 11 20 20 01 11838.10000 4.50900000 333.92000 47.59000 12.20100 49.44000
 1 11 20 20 01 11843.20000 4.50900000 333.92000 47.59000 12.20100 49.44000
 1 11 20 20 02 11846.10000 4.50900000 334.30000 47.59000 12.20100 49.44000
 1 11 20 20 02 11853.50000 4.50900000 334.30000 47.63000 12.20100 49.44000
 1 11 20 20 03 11853.60000 4.50900000 334.49000 47.63000 12.20100 49.44000
 1 11 20 20 03 11853.70000 4.50900000 334.49000 47.63000 12.20100 49.44000
 1 11 20 20 04 11853.70000 4.50900000 334.43000 47.63000 12.20100 49.44000
 1 11 20 20 04 11849.20000 4.50900000 334.28000 47.63000 12.20100 49.44000
 1 11 20 20 04 11849.30000 4.50900000 334.28000 47.63000 12.07500 49.44000
 1 11 20 20 05 11849.30000 4.50900000 334.28000 47.63000 12.07500 49.44000
 1 11 20 20 05 11849.30000 4.50900000 334.40000 47.63000 12.07500 49.44000
 1 11 20 20 06 11849.30000 4.50900000 334.30000 47.63000 12.07500 49.44000
 1 11 20 20 06 11849.30000 4.50900000 334.35000 47.63000 12.07500 49.44000
 1 11 20 20 07 11849.30000 4.50900000 334.39000 47.63000 12.07500 49.44000
 1 11 20 20 07 11849.30000 4.50900000 334.39000 47.63000 12.07500 49.44000
 1 11 20 20 07 11849.20000 4.50900000 334.41000 47.63000 12.07500 49.44000
 1 11 20 20 08 11852.80000 4.50900000 334.45000 47.63000 12.07500 49.44000
 1 11 20 20 08 11854.20000 4.50900000 334.50000 47.62000 12.07500 49.44000
 1 11 20 20 09 11854.20000 4.50900000 334.48000 47.62000 12.07500 49.44000
 1 11 20 20 09 11854.20000 4.50900000 334.48000 47.62000 12.07500 49.44000
 1 11 20 20 10 11854.50000 4.50900000 334.48000 47.62000 12.07500 49.44000
 1 11 20 20 10 11854.60000 4.50900000 334.48000 47.62000 12.07500 49.44000
 1 11 20 20 10 11854.50000 4.50900000 334.48000 47.65000 12.07500 49.44000
 1 11 20 20 11 11854.60000 4.50900000 334.75000 47.65000 12.07500 49.44000
 1 11 20 20 11 11857.50000 4.50900000 334.75000 47.65000 12.07500 49.44000
 1 11 20 20 12 11861.10000 4.50900000 334.74000 47.65000 12.07500 49.44000
 1 11 20 20 12 11861.20000 4.50900000 334.74000 47.66000 12.07500 49.44000
 1 11 20 20 13 11860.00000 4.50900000 334.74000 47.65000 12.07500 49.44000
 1 11 20 20 13 11859.60000 4.50900000 334.74000 47.65000 12.07500 49.44000
 1 11 20 20 13 11854.60000 4.50900000 334.63000 47.62000 12.07500 49.44000
 1 11 20 20 14 11854.60000 4.50900000 334.63000 47.62000 12.07500 49.44000
 1 11 20 20 14 11854.90000 4.50900000 334.64000 47.62000 12.07500 49.44000
 1 11 20 20 15 11856.40000 4.50900000 334.64000 47.62000 12.07500 49.44000
 1 11 20 20 15 11856.50000 4.50900000 334.63000 47.61000 12.17000 49.44000
 1 11 20 20 16 11856.50000 4.50900000 334.79000 47.61000 12.17000 49.44000
 1 11 20 20 16 11863.20000 4.50900000 334.90000 47.61000 12.17000 49.44000
 1 11 20 20 16 11867.70000 4.50900000 334.91000 47.61000 12.17000 49.44000
 1 11 20 20 17 11864.00000 4.50900000 334.91000 47.61000 12.17000 49.44000
 1 11 20 20 17 11867.40000 4.50900000 335.00000 47.61000 12.17000 49.44000
 1 11 20 20 18 11867.70000 4.50900000 335.00000 47.61000 12.17000 49.44000
 1 11 20 20 18 11867.70000 4.50900000 335.00000 47.64000 12.17000 49.44000
 1 11 20 20 19 11867.70000 4.50900000 335.00000 47.64000 12.17000 49.44000
 1 11 20 20 19 11874.70000 4.50900000 335.27000 47.67000 12.17000 49.44000
 1 11 20 20 19 11885.90000 4.50900000 335.49000 47.67000 12.17000 49.44000
 1 11 20 20 20 11885.90000 4.50900000 335.75000 47.67000 12.17000 49.76900
 1 11 20 20 20 11888.20000 4.50900000 336.05000 47.73000 12.17000 49.76900
 1 11 20 20 21 11888.10000 4.50900000 336.10000 47.74000 12.17000 49.76900
 1 11 20 20 21 11886.60000 4.50900000 336.10000 47.74000 12.17000 49.76900
 1 11 20 20 22 11887.80000 4.50900000 336.20000 47.74000 12.17000 49.76900
 1 11 20 20 22 11888.00000 4.50900000 336.20000 47.74000 12.17000 49.76900
 1 11 20 20 22 11884.20000 4.50900000 336.20000 47.74000 12.17000 49.76900
 1 11 20 20 23 11882.40000 4.50900000 336.18000 47.74000 12.17000 49.76900
 1 11 20 20 23 11880.10000 4.50900000 336.16000 47.74000 12.17000 49.76900
 1 11 20 20 24 11877.90000 4.50900000 336.28000 47.73000 12.17000 49.75800
 1 11 20 20 24 11878.00000 4.50900000 336.28000 47.73000 12.17000 49.75800
 1 11 20 20 25 11878.00000 4.50900000 336.30000 47.73000 12.17000 49.75800
 1 11 20 20 25 11877.90000 4.50900000 336.30000 47.73000 12.17000 49.75800
 1 11 20 20 25 11877.90000 4.50900000 336.30000 47.73000 12.17000 49.75800
 1 11 20 20 26 11878.00000 4.50900000 336.43000 47.73000 12.17000 49.75800
 1 11 20 20 26 11883.00000 4.50900000 336.50000 47.73000 12.17000 49.75800
 1 11 20 20 27 11886.30000 4.50900000 336.51000 47.73000 12.17000 49.75800
 1 11 20 20 27 11883.20000 4.50900000 336.50000 47.77000 12.17000 49.75800
 1 11 20 20 28 11885.40000 4.50900000 336.55000 47.77000 12.17000 49.75800
 1 11 20 20 28 11881.40000 4.50900000 336.55000 47.77000 12.17000 49.75800
 1 11 20 20 28 11877.50000 4.50900000 336.54000 47.77000 12.17000 49.75800
 1 11 20 20 29 11877.00000 4.50900000 336.55000 47.77000 12.17000 49.75800
 1 11 20 20 29 11879.00000 4.50900000 336.62000 47.77000 12.07800 49.75800
 1 11 20 20 30 11878.80000 4.50900000 337.00000 47.77000 12.07800 49.75800
 1 11 20 20 30 11880.20000 4.50900000 337.00000 47.77000 12.07800 49.75800
 1 11 20 20 31 11880.10000 4.50900000 336.99000 47.77000 12.07800 49.75800
 1 11 20 20 31 11880.10000 4.50900000 336.99000 47.77000 12.07800 49.75800
 1 11 20 20 31 11880.10000 4.50900000 337.00000 47.76000 12.07800 49.75800
 1 11 20 20 32 11880.10000 4.50900000 337.00000 47.76000 12.07800 49.75800
 1 11 20 20 32 11880.20000 4.50900000 337.00000 47.76000 12.07800 49.75800
 1 11 20 20 33 11871.90000 4.50900000 337.02000 47.76000 12.07800 49.75800
 1 11 20 20 33 11871.90000 4.50900000 337.02000 47.72000 12.07800 49.75800
 1 11 20 20 34 11872.00000 4.50900000 336.83000 47.72000 12.07800 49.75800
 1 11 20 20 34 11871.90000 4.50900000 336.60000 47.72000 12.07800 49.75800
 1 11 20 20 34 11869.30000 4.50900000 336.75000 47.72000 12.07800 49.75800
 1 11 20 20 35 11867.70000 4.50900000 336.81000 47.72000 12.07800 49.75800
 1 11 20 20 35 11867.70000 4.50900000 337.02000 47.72000 12.07800 49.75800
