M=[
25 3 21 01 52 44286.40000 9.48000000 1328.98000 147.83000 27.81200 104.09800
25 3 21 01 53 44250.10000 9.48000000 1328.26000 147.83000 27.81200 104.01900
25 3 21 01 53 44199.20000 9.48000000 1325.56000 147.60000 27.81200 103.72800
25 3 21 01 54 44251.70000 9.48000000 1325.56000 147.60000 27.81200 103.63000
25 3 21 01 54 44259.20000 9.48000000 1327.38000 147.75000 27.81200 103.63000
25 3 21 01 55 44228.70000 9.43000000 1326.19000 147.75000 27.80000 103.63000
25 3 21 01 55 44222.50000 9.43000000 1325.64000 147.47000 27.80000 102.79900
25 3 21 01 55 44157.70000 9.32800000 1324.18000 147.04000 27.80000 102.32600
25 3 21 01 56 44178.00000 9.32800000 1324.38000 147.36000 27.80000 102.85000
25 3 21 01 56 44150.00000 9.32800000 1322.31000 147.01000 27.80000 102.61000
25 3 21 01 57 44150.10000 9.32800000 1325.34000 147.44000 27.80000 102.61000
25 3 21 01 57 44190.40000 9.32800000 1325.34000 147.54000 27.80000 102.28300
25 3 21 01 58 44136.00000 9.32800000 1324.70000 147.28000 27.80000 101.64300
25 3 21 01 58 44136.20000 9.32800000 1323.07000 147.04000 27.80000 101.51000
25 3 21 01 58 44136.10000 9.32800000 1322.38000 146.84000 27.80000 101.76200
25 3 21 01 59 44050.70000 9.37300000 1320.00000 146.90000 27.50000 101.24900
25 3 21 01 59 43958.70000 9.33100000 1318.90000 146.64000 27.50000 100.45000
25 3 21 02 00 43918.30000 9.33100000 1317.54000 146.74000 27.23900 100.20200
25 3 21 02 00 43756.40000 9.24600000 1315.23000 145.56000 27.23900 99.99900
25 3 21 02 01 43767.00000 9.16900000 1314.64000 145.41000 27.23900 98.44700
25 3 21 02 01 43842.00000 9.16900000 1315.99000 145.81000 27.23900 99.04500
25 3 21 02 01 44003.90000 9.27300000 1320.64000 146.13000 27.23900 100.42200
25 3 21 02 02 44090.30000 9.27300000 1323.34000 146.75000 27.00000 100.42200
25 3 21 02 02 44254.70000 9.27300000 1327.32000 147.07000 26.99900 101.19100
25 3 21 02 03 44200.00000 9.38300000 1327.16000 147.36000 26.99900 101.19100
25 3 21 02 03 44229.40000 9.41400000 1329.72000 147.62000 26.99900 101.79300
25 3 21 02 04 44284.40000 9.41400000 1329.72000 147.64000 26.99900 101.79300
25 3 21 02 04 44257.30000 9.41400000 1329.98000 147.86000 26.99900 101.79300
25 3 21 02 04 44337.70000 9.41400000 1329.44000 147.99000 26.99900 101.79300
25 3 21 02 05 44295.80000 9.41400000 1329.44000 148.00000 26.92700 101.79300
25 3 21 02 05 44377.50000 9.41400000 1329.44000 148.08000 27.23900 101.79300
25 3 21 02 06 44303.20000 9.41400000 1328.33000 148.12000 27.23900 102.49300
25 3 21 02 06 44265.40000 9.41400000 1327.38000 147.82000 27.23900 102.49300
25 3 21 02 07 44333.40000 9.41400000 1327.63000 147.89000 27.23900 102.49300
25 3 21 02 07 44285.00000 9.41400000 1327.57000 147.89000 27.23900 102.49600
25 3 21 02 07 44329.60000 9.41400000 1328.30000 148.12000 27.23900 102.49600
25 3 21 02 08 44264.40000 9.41400000 1324.39000 148.12000 27.23900 102.49600
25 3 21 02 08 44160.90000 9.41400000 1323.98000 147.49000 27.23900 102.72600
25 3 21 02 09 44170.30000 9.41100000 1323.03000 147.49000 27.23900 102.72600
25 3 21 02 09 44123.70000 9.41100000 1321.50000 147.49000 27.23900 102.72600
25 3 21 02 10 44129.60000 9.41100000 1320.28000 147.22000 27.23900 102.72600
25 3 21 02 10 44082.10000 9.41100000 1319.32000 147.47000 27.23900 102.72600
25 3 21 02 10 44082.90000 9.41100000 1321.03000 147.69000 26.99700 102.72600
25 3 21 02 11 44005.50000 9.41100000 1321.03000 147.69000 26.99700 102.72600
25 3 21 02 11 44046.60000 9.41100000 1318.93000 147.04000 26.99700 102.72600
25 3 21 02 12 44009.00000 9.41100000 1319.72000 146.84000 26.77700 102.72600
25 3 21 02 12 44007.10000 9.41100000 1319.16000 146.84000 26.77700 102.72600
25 3 21 02 13 44097.20000 9.41100000 1319.57000 147.24000 26.77100 102.72600
25 3 21 02 13 44090.80000 9.41100000 1320.08000 147.58000 26.77100 102.72600
25 3 21 02 13 44014.00000 9.41100000 1316.91000 146.99000 26.74500 102.53700
25 3 21 02 14 43942.70000 9.41100000 1315.91000 146.63000 26.71900 102.53700
25 3 21 02 14 44006.40000 9.41100000 1315.91000 146.78000 26.71900 102.53700
25 3 21 02 15 43965.30000 9.41100000 1319.37000 146.78000 26.69300 102.53700
25 3 21 02 15 44018.70000 9.41100000 1322.00000 147.11000 26.66700 102.53700
25 3 21 02 16 43994.00000 9.41100000 1321.99000 147.10000 26.66700 102.53700
25 3 21 02 16 43962.80000 9.41100000 1320.25000 147.21000 26.64100 102.53700
25 3 21 02 16 43948.10000 9.41100000 1320.49000 147.21000 26.61500 102.53700
25 3 21 02 17 43999.90000 9.41100000 1320.90000 147.21000 26.61500 102.53700
25 3 21 02 17 44090.90000 9.41100000 1322.00000 147.43000 26.61500 102.53700
25 3 21 02 18 44160.70000 9.41100000 1327.92000 147.65000 26.61600 102.86200
25 3 21 02 18 44124.80000 9.41100000 1328.67000 147.80000 26.61600 102.86200
25 3 21 02 19 44056.00000 9.41100000 1328.67000 147.80000 26.61600 102.86200
25 3 21 02 19 44081.30000 9.41100000 1323.96000 147.80000 26.61600 102.86200
25 3 21 02 19 44050.00000 9.41100000 1322.38000 147.80000 26.61600 102.86200
25 3 21 02 20 44049.70000 9.41100000 1323.36000 147.30000 26.61600 102.86200
25 3 21 02 20 44049.70000 9.41100000 1324.20000 147.30000 26.61600 102.86200
25 3 21 02 21 44100.30000 9.41100000 1325.60000 147.30000 26.61600 102.86200
25 3 21 02 21 44137.50000 9.41100000 1327.24000 147.30000 26.61600 102.86200
25 3 21 02 22 44128.70000 9.41100000 1326.64000 147.30000 26.61600 102.86200
25 3 21 02 22 44128.80000 9.41100000 1326.56000 147.88000 26.61600 102.86200
25 3 21 02 22 44116.30000 9.41100000 1326.56000 147.99000 26.61600 103.41200
25 3 21 02 23 44100.00000 9.41100000 1326.56000 147.99000 26.61600 103.41200
25 3 21 02 23 44056.20000 9.41100000 1324.81000 147.99000 26.61600 103.41200
25 3 21 02 24 44155.80000 9.41100000 1326.39000 147.99000 26.61600 103.41200
25 3 21 02 24 44200.30000 9.41100000 1329.05000 147.99000 26.61600 103.41200
25 3 21 02 25 44174.20000 9.41100000 1328.71000 147.99000 26.61600 103.41200
25 3 21 02 25 44132.40000 9.41100000 1327.73000 147.99000 26.61600 103.41200
25 3 21 02 25 44029.20000 9.41100000 1324.97000 147.99000 26.71300 103.41200
25 3 21 02 26 44128.30000 9.41100000 1326.80000 147.99000 26.71300 103.41200
25 3 21 02 26 44098.60000 9.41100000 1327.91000 147.99000 26.71300 103.41200
25 3 21 02 27 44108.50000 9.41100000 1330.37000 147.99000 26.61500 103.59300
25 3 21 02 27 44132.00000 9.41100000 1330.37000 147.99000 26.58900 103.59300
25 3 21 02 28 44156.20000 9.41100000 1329.81000 147.99000 26.58900 103.76300
25 3 21 02 28 44191.00000 9.41100000 1329.81000 147.99000 26.73000 103.76300
25 3 21 02 28 44235.90000 9.41100000 1332.81000 147.99000 26.73000 103.76300
25 3 21 02 29 44217.50000 9.41100000 1332.81000 147.99000 26.60600 103.76300
25 3 21 02 29 44266.80000 9.41100000 1334.63000 148.63000 26.60600 103.76300
25 3 21 02 30 44260.70000 9.52500000 1334.71000 149.00000 26.60400 103.76300
25 3 21 02 30 44282.50000 9.52500000 1334.71000 149.00000 26.56400 103.76300
25 3 21 02 31 44313.70000 9.52500000 1334.71000 149.00000 26.56400 103.76300
25 3 21 02 31 44289.10000 9.52100000 1334.71000 149.00000 26.56400 103.76300
25 3 21 02 31 44324.00000 9.52100000 1334.71000 148.98000 26.56400 103.76300
25 3 21 02 32 44318.90000 9.52100000 1334.90000 148.98000 26.56400 104.02500
25 3 21 02 32 44344.80000 9.52100000 1334.22000 148.98000 26.56400 104.02500
25 3 21 02 33 44351.60000 9.52100000 1333.53000 148.98000 26.56400 104.02500
25 3 21 02 33 44280.30000 9.52100000 1332.90000 148.98000 26.56400 104.02500
25 3 21 02 34 44344.10000 9.52100000 1333.96000 148.98000 26.56400 104.19600
25 3 21 02 34 44319.70000 9.52100000 1333.02000 149.13000 26.56400 104.19600
25 3 21 02 34 44326.20000 9.52100000 1332.19000 149.13000 26.56400 104.19600
25 3 21 02 35 44317.40000 9.52100000 1333.03000 149.13000 26.56400 104.19600
25 3 21 02 35 44306.70000 9.49900000 1333.03000 149.13000 26.56400 104.19600
25 3 21 02 36 44304.40000 9.49900000 1332.55000 149.13000 26.56400 104.19600
25 3 21 02 36 44308.70000 9.49900000 1332.55000 149.07000 26.56400 104.19600
