M=[
 5 4 21 23 43 49659.70000 13.47800000 1773.45000 185.74000 35.95100 166.52300
 5 4 21 23 43 49659.00000 13.47800000 1773.23000 185.69000 35.95100 166.52300
 5 4 21 23 43 49638.20000 13.47800000 1772.83000 185.59000 35.95100 166.52300
 5 4 21 23 44 49638.20000 13.42600000 1772.38000 185.59000 35.95100 166.52300
 5 4 21 23 44 49638.30000 13.42600000 1772.38000 185.66000 35.95100 166.52300
 5 4 21 23 45 49638.30000 13.42600000 1773.63000 185.66000 35.95100 166.52300
 5 4 21 23 45 49638.30000 13.42600000 1774.94000 185.66000 35.95100 166.72000
 5 4 21 23 46 49638.30000 13.42600000 1774.96000 185.66000 35.95100 166.72000
 5 4 21 23 46 49638.20000 13.42600000 1774.96000 185.66000 35.95100 166.53700
 5 4 21 23 46 49650.00000 13.42600000 1774.96000 185.66000 35.95100 166.53700
 5 4 21 23 47 49650.00000 13.42600000 1774.02000 185.66000 35.95100 166.53700
 5 4 21 23 47 49650.00000 13.42600000 1774.05000 185.66000 35.95100 166.53700
 5 4 21 23 48 49669.80000 13.42600000 1774.04000 185.66000 35.95100 166.53700
 5 4 21 23 48 49669.20000 13.42600000 1774.04000 185.66000 35.95100 166.53700
 5 4 21 23 49 49669.20000 13.42600000 1774.04000 185.66000 35.95100 166.53700
 5 4 21 23 49 49669.10000 13.42600000 1774.04000 185.66000 35.95100 166.38200
 5 4 21 23 49 49653.90000 13.42600000 1773.01000 185.66000 35.95100 166.38200
 5 4 21 23 50 49634.90000 13.42600000 1771.32000 185.66000 35.95100 165.90900
 5 4 21 23 50 49657.80000 13.42600000 1773.17000 185.66000 35.95100 165.90900
 5 4 21 23 51 49664.40000 13.42600000 1773.17000 185.39000 35.95100 165.90900
 5 4 21 23 51 49652.80000 13.42600000 1772.88000 185.39000 35.95100 165.90900
 5 4 21 23 52 49656.10000 13.42600000 1772.88000 185.39000 35.95100 165.64500
 5 4 21 23 52 49653.90000 13.42600000 1772.88000 185.26000 35.95100 165.64500
 5 4 21 23 52 49680.10000 13.48100000 1773.57000 185.26000 35.95100 165.64500
 5 4 21 23 53 49704.70000 13.50000000 1773.57000 185.26000 35.95100 165.64500
 5 4 21 23 53 49716.40000 13.53300000 1775.56000 185.26000 35.95100 165.64500
 5 4 21 23 54 49722.50000 13.55400000 1775.78000 185.64000 35.95100 165.64500
 5 4 21 23 54 49731.70000 13.55500000 1775.78000 185.64000 35.95100 165.64500
 5 4 21 23 55 49703.80000 13.52600000 1775.75000 185.64000 35.95100 165.64500
 5 4 21 23 55 49713.20000 13.52600000 1776.03000 185.51000 35.95100 165.64500
 5 4 21 23 55 49709.70000 13.52600000 1776.03000 185.51000 35.38900 165.64500
 5 4 21 23 56 49711.00000 13.52600000 1776.61000 185.66000 35.38900 166.14000
 5 4 21 23 56 49738.00000 13.52600000 1776.61000 185.66000 35.38900 166.14000
 5 4 21 23 57 49738.10000 13.54600000 1777.06000 185.97000 35.38900 166.14000
 5 4 21 23 57 49778.30000 13.54600000 1777.07000 185.97000 35.38900 166.14000
 5 4 21 23 58 49791.60000 13.54600000 1777.67000 186.21000 35.38900 166.14000
 5 4 21 23 58 49793.60000 13.54600000 1778.88000 186.36000 35.38900 166.14000
 5 4 21 23 58 49867.30000 13.55500000 1778.88000 186.56000 35.38900 166.14000
 5 4 21 23 59 49900.00000 13.55500000 1780.21000 186.61000 35.38900 166.14000
 5 4 21 23 59 49936.00000 13.55500000 1781.13000 186.96000 35.38900 166.14000
 6 4 21 00 00 49987.00000 13.55500000 1785.62000 187.46000 35.68900 166.14000
 6 4 21 00 00 50000.00000 13.58900000 1786.84000 187.46000 35.68900 166.14000
 6 4 21 00 01 50060.00000 13.51900000 1786.84000 187.55000 35.68900 166.14000
 6 4 21 00 01 50074.90000 13.48900000 1787.33000 187.40000 35.68900 166.14000
 6 4 21 00 01 50096.90000 13.48900000 1788.17000 187.14000 35.68900 166.14000
 6 4 21 00 02 50107.10000 13.48900000 1789.29000 187.32000 35.68900 166.54900
 6 4 21 00 02 50148.90000 13.48900000 1790.24000 187.17000 35.68900 166.54900
 6 4 21 00 03 50159.90000 13.48900000 1789.30000 187.09000 35.68900 166.54900
 6 4 21 00 03 50069.70000 13.56600000 1786.83000 186.74000 35.68900 166.53800
 6 4 21 00 04 49963.50000 13.56000000 1783.76000 186.72000 35.68900 166.53800
 6 4 21 00 04 50064.20000 13.56000000 1786.89000 186.72000 35.68900 166.53800
 6 4 21 00 04 50031.70000 13.56000000 1784.60000 186.72000 35.68900 166.53800
 6 4 21 00 05 50094.40000 13.56000000 1784.82000 186.72000 35.68900 166.53800
 6 4 21 00 05 50113.00000 13.56000000 1786.21000 186.97000 35.68900 166.53800
 6 4 21 00 06 50125.00000 13.56000000 1785.76000 187.02000 35.68900 166.53800
 6 4 21 00 06 50093.00000 13.56400000 1786.26000 187.02000 35.68900 166.53800
 6 4 21 00 07 50100.20000 13.55400000 1786.21000 186.12000 35.68900 166.53800
 6 4 21 00 07 50110.30000 13.55400000 1789.38000 186.12000 35.68900 166.53800
 6 4 21 00 08 50125.00000 13.55400000 1790.70000 186.12000 35.68900 166.53800
 6 4 21 00 08 50125.70000 13.55400000 1791.72000 186.12000 35.68900 166.53800
 6 4 21 00 08 50164.00000 13.55400000 1791.71000 186.12000 35.68900 166.53800
 6 4 21 00 09 50167.20000 13.55400000 1792.24000 186.12000 35.68900 166.53800
 6 4 21 00 09 50182.90000 13.55400000 1793.92000 186.12000 35.68900 166.53800
 6 4 21 00 10 50183.00000 13.56600000 1796.01000 186.88000 35.68900 166.53800
 6 4 21 00 10 50200.00000 13.59000000 1796.93000 186.88000 35.68900 166.53800
 6 4 21 00 11 50175.10000 13.59000000 1795.38000 186.59000 35.68900 166.53800
 6 4 21 00 11 50132.00000 13.59000000 1795.32000 186.23000 35.95900 166.53800
 6 4 21 00 11 50194.50000 13.57600000 1791.71000 186.19000 35.95900 166.53800
 6 4 21 00 12 50197.70000 13.61200000 1791.71000 186.35000 35.95900 166.45500
 6 4 21 00 12 50126.20000 13.64500000 1791.71000 186.12000 35.95900 166.45500
 6 4 21 00 13 50095.50000 13.65900000 1792.31000 186.12000 35.95900 166.45500
 6 4 21 00 13 50106.20000 13.65900000 1790.43000 185.92000 35.95900 166.45500
 6 4 21 00 14 50115.10000 13.66400000 1790.25000 185.92000 35.95900 166.59000
 6 4 21 00 14 50124.10000 13.66400000 1791.85000 185.92000 35.95900 166.59000
 6 4 21 00 14 50126.90000 13.66400000 1791.97000 185.92000 35.95900 166.93200
 6 4 21 00 15 50115.20000 13.66400000 1792.48000 186.12000 35.95900 166.93200
 6 4 21 00 15 50159.90000 13.66400000 1792.48000 186.12000 35.95900 166.93200
 6 4 21 00 16 50115.20000 13.66400000 1793.97000 186.12000 35.95900 166.93200
 6 4 21 00 16 50114.90000 13.66400000 1793.46000 186.12000 35.95900 166.93200
 6 4 21 00 17 50109.70000 13.66400000 1793.46000 186.12000 35.95900 166.93200
 6 4 21 00 17 50097.90000 13.66400000 1791.57000 186.13000 35.95900 166.93200
 6 4 21 00 17 50065.30000 13.69800000 1790.90000 186.13000 35.95900 167.06100
 6 4 21 00 18 50008.00000 13.70100000 1789.98000 185.92000 35.95900 167.06100
 6 4 21 00 18 50020.50000 13.70100000 1791.56000 185.92000 35.95900 167.22400
 6 4 21 00 19 49999.10000 13.70100000 1789.90000 185.77000 35.95900 167.22400
 6 4 21 00 19 49999.00000 13.70100000 1787.91000 185.80000 35.95900 167.22400
 6 4 21 00 20 49999.10000 13.66400000 1788.07000 185.80000 35.95900 167.19900
 6 4 21 00 20 49999.00000 13.58800000 1788.01000 185.76000 35.95900 167.30500
 6 4 21 00 20 49963.40000 13.62400000 1788.00000 185.76000 35.95900 167.30500
 6 4 21 00 21 49957.50000 13.74100000 1788.49000 185.76000 35.95900 167.20600
 6 4 21 00 21 49957.50000 13.74100000 1789.68000 185.76000 35.95900 167.20600
 6 4 21 00 22 49949.90000 13.69300000 1788.71000 185.76000 35.95900 167.60100
 6 4 21 00 22 49955.10000 13.69300000 1790.02000 186.95000 35.95900 167.60100
 6 4 21 00 23 49955.00000 13.69300000 1789.49000 187.15000 35.95900 167.64300
 6 4 21 00 23 49989.60000 13.77000000 1790.55000 187.35000 35.95900 167.64300
 6 4 21 00 23 49974.20000 13.80000000 1790.39000 187.39000 35.95900 167.64300
 6 4 21 00 24 49977.00000 13.82700000 1790.39000 187.55000 35.95900 167.64300
 6 4 21 00 24 49999.10000 13.83000000 1792.95000 187.95000 35.95900 168.46700
 6 4 21 00 25 50013.50000 13.83000000 1792.86000 188.00000 35.95900 168.75500
 6 4 21 00 25 50013.50000 13.83000000 1792.76000 188.35000 35.95900 168.75500
 6 4 21 00 26 50039.90000 13.83000000 1796.30000 188.23000 35.95900 169.10800
 6 4 21 00 26 50068.70000 13.83000000 1797.99000 188.35000 35.95900 169.10800
