M=[
24 8 20 22 55 9966.50000 5.83100000 344.33000 52.67000 20.55000 67.79200
24 8 20 22 55 9969.90000 5.83100000 344.67000 52.67000 20.55000 67.79200
24 8 20 22 56 9969.90000 5.83100000 344.77000 52.67000 20.55000 67.81000
24 8 20 22 56 9970.30000 5.83100000 344.76000 52.67000 20.55000 67.81000
24 8 20 22 57 9970.30000 5.83100000 344.92000 52.67000 20.55000 67.81000
24 8 20 22 57 9970.30000 5.83100000 344.92000 52.67000 20.55000 67.81000
24 8 20 22 58 9971.70000 5.83100000 344.92000 52.67000 20.55000 67.81000
24 8 20 22 58 9972.40000 5.83100000 344.92000 52.67000 20.55000 67.81000
24 8 20 22 59 9972.40000 5.83100000 344.91000 52.67000 20.55000 67.81000
24 8 20 22 59 9972.30000 5.83100000 345.00000 52.67000 20.55000 67.81000
24 8 20 22 59 9972.30000 5.83100000 345.00000 52.75000 20.55000 67.81000
24 8 20 23 00 9972.30000 5.83100000 345.00000 52.75000 20.55000 67.81000
24 8 20 23 00 9972.30000 5.83100000 345.01000 52.75000 20.55000 67.81000
24 8 20 23 01 9974.40000 5.83100000 345.05000 52.75000 20.57100 67.81000
24 8 20 23 01 9974.40000 5.83100000 345.01000 52.75000 20.54300 67.81000
24 8 20 23 02 9974.50000 5.83100000 345.01000 52.75000 20.50900 67.81000
24 8 20 23 02 9975.10000 5.83100000 345.00000 52.75000 20.50900 67.81000
24 8 20 23 03 9974.60000 5.83100000 345.01000 52.75000 20.50900 67.88200
24 8 20 23 03 9974.60000 5.83100000 345.01000 52.75000 20.50900 67.88200
24 8 20 23 04 9974.60000 5.83100000 345.00000 52.78000 20.54500 67.88200
24 8 20 23 04 9974.60000 5.83100000 344.73000 52.78000 20.54500 67.88200
24 8 20 23 05 9974.60000 5.83100000 344.73000 52.75000 20.54500 67.88200
24 8 20 23 05 9974.60000 5.83100000 344.73000 52.75000 20.54500 67.88200
24 8 20 23 06 9975.50000 5.83100000 344.73000 52.75000 20.54500 67.88200
24 8 20 23 06 9975.70000 5.83100000 344.79000 52.75000 20.54500 67.88200
24 8 20 23 07 9974.60000 5.83100000 344.73000 52.75000 20.54400 67.88200
24 8 20 23 07 9974.50000 5.83100000 344.73000 52.75000 20.54400 67.88200
24 8 20 23 07 9973.00000 5.83100000 344.73000 52.75000 20.54400 67.88200
24 8 20 23 08 9975.50000 5.83100000 344.74000 52.75000 20.54400 67.88200
24 8 20 23 08 9975.60000 5.83100000 344.79000 52.75000 20.54400 67.88200
24 8 20 23 09 9975.50000 5.83100000 345.00000 52.75000 20.54400 67.88200
24 8 20 23 09 9976.70000 5.83100000 345.00000 52.75000 20.54400 67.88200
24 8 20 23 10 9979.60000 5.83100000 345.00000 52.75000 20.54400 67.88200
24 8 20 23 10 9979.70000 5.83100000 345.00000 52.75000 20.54400 67.88200
24 8 20 23 11 9983.30000 5.83100000 345.00000 52.75000 20.54400 67.88200
24 8 20 23 11 9983.50000 5.83100000 345.00000 52.75000 20.54400 67.88200
24 8 20 23 12 9983.50000 5.83100000 345.00000 52.75000 20.54400 67.88200
24 8 20 23 12 9983.40000 5.83100000 345.50000 52.75000 20.54400 67.88200
24 8 20 23 13 9983.40000 5.83100000 345.49000 52.75000 20.54400 67.88200
24 8 20 23 13 9986.90000 5.83100000 345.50000 52.75000 20.54400 67.88200
24 8 20 23 14 9989.90000 5.83100000 345.50000 52.75000 20.54400 67.88200
24 8 20 23 14 9989.80000 5.83100000 345.91000 52.75000 20.54400 67.88200
24 8 20 23 15 9989.80000 5.83100000 345.80000 52.75000 20.54400 67.88200
24 8 20 23 15 9989.90000 5.83100000 345.89000 52.75000 20.54400 67.88200
24 8 20 23 16 9990.00000 5.83100000 345.79000 52.75000 20.54400 67.88200
24 8 20 23 16 9990.00000 5.83100000 345.80000 52.75000 20.54400 67.88200
24 8 20 23 17 9990.00000 5.83100000 345.80000 52.75000 20.54500 67.88200
24 8 20 23 17 9989.90000 5.83100000 345.60000 52.75000 20.54500 67.88200
24 8 20 23 17 9989.90000 5.83100000 345.62000 52.75000 20.54500 67.88200
24 8 20 23 18 9990.00000 5.83100000 345.46000 52.87000 20.54500 67.88200
24 8 20 23 18 9989.90000 5.83100000 345.48000 52.87000 20.54500 67.88200
24 8 20 23 19 9989.90000 5.83100000 345.61000 52.87000 20.54500 67.88200
24 8 20 23 19 9989.90000 5.83100000 346.00000 52.87000 20.54500 67.88200
24 8 20 23 20 9993.90000 5.83100000 347.12000 52.95000 20.54500 67.88200
24 8 20 23 20 9994.80000 5.83100000 347.12000 52.95000 20.54500 67.88200
24 8 20 23 21 9994.90000 5.83100000 347.56000 52.95000 20.53700 67.88200
24 8 20 23 21 9994.90000 5.83100000 347.56000 52.95000 20.53700 67.88200
24 8 20 23 22 9994.90000 5.83100000 347.56000 52.95000 20.53700 67.88200
24 8 20 23 22 9994.80000 5.83100000 347.37000 52.95000 20.53700 67.88200
24 8 20 23 23 9994.80000 5.83100000 347.54000 52.95000 20.53700 67.88200
24 8 20 23 23 9994.80000 5.83100000 347.66000 52.95000 20.53700 67.88200
24 8 20 23 24 9994.90000 5.83100000 347.58000 52.95000 20.53700 67.88200
24 8 20 23 24 9994.90000 5.83100000 347.57000 52.95000 20.53700 67.88200
24 8 20 23 25 9994.40000 5.83100000 347.58000 52.87000 20.53700 67.88200
24 8 20 23 25 9994.00000 5.83100000 347.58000 52.87000 20.53700 67.88200
24 8 20 23 26 9993.80000 5.83100000 347.48000 52.87000 20.53700 67.88200
24 8 20 23 26 9991.50000 5.83100000 347.47000 52.87000 20.53700 67.88200
24 8 20 23 27 9991.50000 5.83100000 347.41000 52.87000 20.53700 67.88200
24 8 20 23 27 9991.60000 5.83100000 347.57000 52.87000 20.53700 67.88200
24 8 20 23 28 9991.50000 5.83100000 347.63000 52.87000 20.53700 67.88200
24 8 20 23 28 9993.70000 5.83100000 347.66000 52.87000 20.53700 67.88200
24 8 20 23 29 9993.70000 5.83100000 347.72000 52.87000 20.53700 67.88200
24 8 20 23 29 9993.70000 5.83100000 347.81000 52.87000 20.53700 67.88200
24 8 20 23 30 9994.70000 5.83100000 347.81000 52.87000 20.53700 67.88200
24 8 20 23 30 9994.70000 5.83100000 348.09000 52.87000 20.53700 67.88200
24 8 20 23 30 9994.70000 5.83100000 348.11000 53.04000 20.53700 67.88200
24 8 20 23 31 9994.80000 5.83100000 348.11000 53.04000 20.53700 67.88200
24 8 20 23 31 9994.80000 5.83100000 347.94000 53.04000 20.53700 67.88200
24 8 20 23 32 9994.70000 5.82600000 347.54000 53.04000 20.53700 67.88200
24 8 20 23 33 9994.80000 5.82600000 347.04000 53.04000 20.53700 67.88200
24 8 20 23 33 9994.80000 5.82600000 346.94000 53.04000 20.53700 67.88200
24 8 20 23 34 9994.80000 5.82600000 347.17000 53.04000 20.53700 67.88200
24 8 20 23 34 9994.80000 5.82600000 347.18000 53.04000 20.53700 67.88200
24 8 20 23 35 9994.70000 5.82600000 347.17000 53.04000 20.53700 67.88200
24 8 20 23 35 9993.70000 5.82600000 347.18000 53.04000 20.53700 67.88200
24 8 20 23 36 9993.60000 5.82600000 347.06000 53.04000 20.58000 67.88200
24 8 20 23 36 9993.60000 5.83300000 347.07000 53.04000 20.58000 67.88200
24 8 20 23 37 9993.20000 5.83300000 347.14000 53.04000 20.58000 67.88200
24 8 20 23 37 9993.50000 5.83300000 347.14000 53.04000 20.58000 67.88200
24 8 20 23 38 9991.60000 5.83300000 347.05000 53.04000 20.58000 67.88200
24 8 20 23 38 9991.50000 5.83300000 347.14000 53.04000 20.58000 67.88200
24 8 20 23 39 9991.60000 5.83300000 347.03000 53.04000 20.58000 67.88200
24 8 20 23 39 9991.60000 5.83300000 347.03000 53.04000 20.58000 67.88200
24 8 20 23 39 9991.70000 5.83300000 347.03000 53.04000 20.58000 67.88200
24 8 20 23 40 9991.70000 5.83300000 347.03000 53.04000 20.58000 67.88200
24 8 20 23 40 9991.70000 5.83300000 347.03000 53.04000 20.58000 67.88200
24 8 20 23 41 9991.60000 5.83300000 347.03000 53.04000 20.58000 67.88200
24 8 20 23 41 9991.50000 5.83300000 346.62000 52.83000 20.58000 67.88200
24 8 20 23 42 9991.50000 5.83300000 346.61000 52.83000 20.58000 68.02000
24 8 20 23 42 9991.60000 5.83300000 346.61000 52.83000 20.58000 68.02000
24 8 20 23 43 9991.50000 5.83300000 346.62000 52.83000 20.58000 68.02000
24 8 20 23 43 9991.60000 5.83300000 346.73000 52.83000 20.58000 68.02000
24 8 20 23 44 9990.00000 5.83300000 346.73000 52.83000 20.58000 68.02000
24 8 20 23 44 9991.50000 5.83300000 346.81000 52.83000 20.58000 68.02000
24 8 20 23 45 9990.10000 5.83300000 346.71000 52.83000 20.58000 68.02000
24 8 20 23 45 9990.00000 5.83300000 346.72000 52.83000 20.58000 68.02000
24 8 20 23 45 9990.10000 5.83300000 346.63000 52.82000 20.58000 68.02000
24 8 20 23 46 9990.10000 5.83300000 346.99000 52.82000 20.58000 68.02000
24 8 20 23 46 9990.10000 5.83300000 346.99000 52.82000 20.58000 68.02000
