M=[
22 5 21 03 24 30696.10000 49.40100000 1944.91000 146.28000 30.05200 125.59000
22 5 21 03 24 30741.50000 49.66600000 1949.88000 147.17000 30.17400 125.59000
22 5 21 03 25 30751.50000 49.66600000 1948.38000 147.17000 30.17400 126.51400
22 5 21 03 25 30773.60000 49.66600000 1954.05000 147.17000 30.17400 126.51400
22 5 21 03 25 30783.90000 49.66600000 1957.41000 147.46000 30.17400 126.51400
22 5 21 03 26 30718.10000 49.66600000 1948.00000 147.30000 30.17400 126.51400
22 5 21 03 26 30669.90000 49.48100000 1944.72000 146.43000 30.17400 126.51400
22 5 21 03 27 30634.90000 49.48100000 1942.42000 146.43000 30.05200 126.51400
22 5 21 03 27 30592.70000 49.36700000 1940.00000 146.00000 29.77900 125.56800
22 5 21 03 28 30605.60000 49.36700000 1936.96000 145.80000 29.77900 125.40200
22 5 21 03 28 30550.00000 49.36700000 1935.48000 145.72000 29.82300 125.40200
22 5 21 03 28 30498.00000 49.36700000 1935.65000 146.20000 29.82200 125.40200
22 5 21 03 29 30457.30000 49.36700000 1940.68000 146.20000 29.82200 125.40200
22 5 21 03 29 30549.00000 49.60400000 1945.24000 146.77000 29.76400 125.40200
22 5 21 03 30 30611.90000 49.60400000 1955.49000 147.39000 29.37000 125.40200
22 5 21 03 30 30573.90000 49.72700000 1949.18000 146.59000 29.76400 126.52500
22 5 21 03 31 30623.00000 49.72700000 1950.59000 146.55000 29.76400 126.52500
22 5 21 03 31 30573.90000 49.72700000 1944.05000 146.55000 29.76300 126.52500
22 5 21 03 31 30554.20000 49.72700000 1944.05000 146.55000 29.73000 126.52500
22 5 21 03 32 30562.90000 49.72700000 1950.00000 146.55000 29.82200 126.52500
22 5 21 03 32 30561.10000 49.72700000 1953.82000 147.03000 29.82200 127.12500
22 5 21 03 33 30551.70000 49.72700000 1953.82000 147.03000 29.82200 127.12500
22 5 21 03 33 30499.80000 49.72700000 1946.54000 146.98000 29.82200 127.12500
22 5 21 03 34 30424.90000 49.46500000 1942.71000 146.98000 29.82200 127.12500
22 5 21 03 34 30499.50000 49.46500000 1946.55000 146.96000 29.82200 127.12500
22 5 21 03 34 30425.00000 49.46500000 1946.54000 147.12000 30.11600 127.12500
22 5 21 03 35 30424.90000 49.46500000 1945.06000 146.62000 30.11600 127.12500
22 5 21 03 35 30433.90000 49.46500000 1947.16000 146.62000 29.84000 127.12500
22 5 21 03 36 30366.70000 49.46500000 1937.14000 146.68000 29.84000 127.12500
22 5 21 03 36 30351.10000 49.58200000 1936.55000 146.38000 29.84000 127.12500
22 5 21 03 37 30330.60000 49.58200000 1936.53000 146.38000 29.84000 127.12500
22 5 21 03 37 30316.20000 49.36600000 1932.67000 146.38000 29.84000 127.12500
22 5 21 03 37 30316.40000 49.36600000 1932.41000 146.38000 29.88200 126.41100
22 5 21 03 38 30332.30000 49.36600000 1934.39000 146.41000 29.88200 126.41100
22 5 21 03 38 30318.60000 49.36600000 1931.82000 146.41000 29.88200 126.41100
22 5 21 03 39 30243.10000 49.20900000 1921.00000 145.74000 29.88200 125.90700
22 5 21 03 39 30293.80000 49.20900000 1922.05000 145.74000 29.88200 125.90700
22 5 21 03 40 30300.00000 49.20900000 1924.48000 145.74000 29.88200 125.90700
22 5 21 03 40 30234.80000 49.12200000 1915.33000 145.65000 29.88200 125.90700
22 5 21 03 40 30182.60000 48.79900000 1910.39000 145.34000 29.74100 125.90700
22 5 21 03 41 30238.20000 48.79900000 1912.92000 145.34000 29.74100 125.90700
22 5 21 03 41 30217.40000 48.79900000 1913.89000 145.30000 29.74100 125.90700
22 5 21 03 42 30278.10000 48.79900000 1914.92000 145.81000 29.74100 125.90700
22 5 21 03 42 30348.70000 49.12200000 1920.17000 146.52000 29.74100 125.90700
22 5 21 03 43 30332.90000 49.12200000 1922.08000 146.11000 30.15800 125.90700
22 5 21 03 43 30283.70000 49.12200000 1913.56000 145.95000 30.15800 125.90700
22 5 21 03 43 30332.60000 49.12200000 1914.00000 145.99000 30.31000 125.90700
22 5 21 03 44 30281.80000 49.12200000 1904.08000 145.97000 30.51300 125.90700
22 5 21 03 44 30262.10000 48.73000000 1906.70000 144.98000 30.19600 125.00800
22 5 21 03 45 30322.80000 48.73000000 1910.56000 145.29000 30.59500 125.16700
22 5 21 03 45 30362.40000 48.73000000 1918.46000 145.76000 30.76500 125.16700
22 5 21 03 46 30435.20000 48.73000000 1925.58000 146.06000 31.10300 125.16700
22 5 21 03 46 30400.80000 49.08100000 1919.80000 145.94000 31.00400 125.69000
22 5 21 03 46 30415.80000 49.08100000 1922.03000 146.17000 31.04000 125.69000
22 5 21 03 47 30415.00000 49.07400000 1920.02000 146.17000 30.88500 125.69000
22 5 21 03 47 30439.00000 49.07400000 1921.70000 146.57000 30.91500 125.69000
22 5 21 03 48 30491.10000 49.07400000 1925.26000 146.89000 30.97900 125.69000
22 5 21 03 48 30469.90000 49.07400000 1923.77000 146.80000 31.00500 125.69000
22 5 21 03 49 30461.10000 49.07400000 1924.62000 146.80000 31.06500 125.69000
22 5 21 03 49 30485.40000 49.43500000 1924.62000 147.11000 31.10500 126.02200
22 5 21 03 49 30503.90000 49.43500000 1928.98000 147.11000 31.01700 126.02200
22 5 21 03 50 30498.30000 49.57100000 1923.25000 147.57000 31.02000 126.02200
22 5 21 03 50 30465.50000 49.57100000 1923.25000 147.57000 31.03100 126.02200
22 5 21 03 51 30461.60000 49.57100000 1926.28000 147.27000 31.21600 126.02200
22 5 21 03 51 30418.50000 49.57100000 1915.51000 147.27000 31.21600 126.02200
22 5 21 03 52 30366.20000 49.12300000 1910.81000 147.27000 31.24700 126.02200
22 5 21 03 52 30351.10000 48.88600000 1907.98000 147.27000 31.24700 126.02200
22 5 21 03 52 30287.50000 48.88600000 1904.74000 147.27000 31.24700 124.49700
22 5 21 03 53 30376.00000 48.79600000 1914.89000 146.05000 31.24700 124.49700
22 5 21 03 53 30378.80000 48.79600000 1917.06000 146.63000 31.24700 124.49700
22 5 21 03 54 30331.80000 48.79600000 1912.23000 146.63000 31.12800 124.67200
22 5 21 03 54 30299.10000 48.79600000 1906.32000 146.63000 31.34600 124.67200
22 5 21 03 55 30269.90000 48.63600000 1905.99000 146.63000 31.34600 124.23800
22 5 21 03 55 30384.60000 48.94400000 1912.00000 146.37000 31.39900 124.23800
22 5 21 03 55 30405.60000 48.94400000 1916.08000 146.74000 31.40000 124.23800
22 5 21 03 56 30485.10000 48.94400000 1921.26000 147.04000 31.40000 124.23800
22 5 21 03 56 30475.10000 48.94400000 1917.46000 147.04000 31.40000 124.23800
22 5 21 03 57 30514.90000 49.20700000 1919.47000 147.14000 31.40000 124.23800
22 5 21 03 57 30449.70000 49.20700000 1916.23000 147.14000 31.42800 124.36900
22 5 21 03 58 30461.80000 49.21500000 1916.43000 147.14000 31.23500 124.36900
22 5 21 03 58 30500.00000 49.21500000 1921.09000 147.27000 31.23500 124.36900
22 5 21 03 58 30511.00000 49.21500000 1922.03000 147.47000 31.23500 124.36900
22 5 21 03 59 30526.40000 49.21500000 1923.31000 147.47000 31.23500 124.36900
22 5 21 03 59 30503.60000 49.43800000 1922.33000 147.66000 31.23500 124.36900
22 5 21 04 00 30501.30000 49.43800000 1920.19000 147.66000 31.23500 124.36900
22 5 21 04 00 30480.70000 49.20200000 1922.19000 147.68000 31.07400 124.83500
22 5 21 04 01 30603.50000 49.55700000 1938.37000 148.61000 31.08700 125.37700
22 5 21 04 01 30642.50000 49.69800000 1936.28000 148.80000 31.08700 125.64300
22 5 21 04 01 30669.60000 49.69800000 1937.20000 148.75000 31.08700 125.64300
22 5 21 04 02 30669.60000 49.69800000 1934.03000 148.61000 31.08700 125.64300
22 5 21 04 02 30634.10000 49.69800000 1933.27000 148.56000 31.08700 125.64300
22 5 21 04 03 30617.50000 49.69800000 1933.06000 148.21000 31.08700 125.64300
22 5 21 04 03 30567.40000 49.69800000 1920.67000 148.00000 31.29100 125.64300
22 5 21 04 04 30575.00000 49.69800000 1923.66000 148.00000 31.32800 125.64300
22 5 21 04 04 30483.00000 49.31800000 1916.31000 147.27000 31.32800 124.45100
22 5 21 04 04 30467.80000 49.31800000 1912.07000 147.02000 31.32800 124.45100
22 5 21 04 05 30508.00000 49.31800000 1916.31000 147.06000 31.04600 124.45100
22 5 21 04 05 30528.50000 49.31800000 1919.74000 147.71000 31.04600 124.45100
22 5 21 04 06 30549.10000 49.31800000 1919.37000 147.47000 31.04700 124.45100
22 5 21 04 06 30617.90000 49.31800000 1927.63000 147.47000 30.91100 124.45100
22 5 21 04 07 30667.80000 49.31800000 1932.25000 147.47000 30.91300 124.45100
22 5 21 04 07 30677.90000 49.31800000 1929.08000 148.60000 30.91300 124.45100
