M=[
 7 5 20 06 49 8612.20000 6.47300000 190.01000 42.57000 10.07800 39.77900
 7 5 20 06 49 8612.20000 6.47300000 190.01000 42.57000 10.07800 39.77900
 7 5 20 06 50 8612.10000 6.45500000 190.02000 42.57000 10.07800 39.77900
 7 5 20 06 50 8603.40000 6.45400000 189.26000 42.58000 10.07800 39.70000
 7 5 20 06 51 8602.20000 6.45500000 189.36000 42.58000 10.07800 39.70000
 7 5 20 06 51 8600.10000 6.45400000 189.11000 42.47000 10.07800 39.70000
 7 5 20 06 52 8600.10000 6.45400000 189.31000 42.48000 10.07800 39.60700
 7 5 20 06 52 8600.10000 6.45400000 189.06000 42.47000 10.07800 39.60700
 7 5 20 06 53 8595.10000 6.40800000 188.99000 42.46000 10.07800 39.60700
 7 5 20 06 53 8590.10000 6.40800000 189.08000 42.46000 10.07800 39.47000
 7 5 20 06 54 8590.50000 6.40800000 188.98000 42.40000 10.07800 39.47000
 7 5 20 06 54 8596.30000 6.40800000 189.00000 42.42000 10.07800 39.47000
 7 5 20 06 55 8598.60000 6.40800000 189.11000 42.40000 10.07800 39.47000
 7 5 20 06 55 8592.70000 6.40500000 189.01000 42.35000 10.07800 39.47000
 7 5 20 06 56 8584.20000 6.40500000 188.60000 42.30000 10.08000 39.47000
 7 5 20 06 56 8586.20000 6.40500000 188.60000 42.29000 10.08000 39.49600
 7 5 20 06 57 8589.50000 6.40500000 188.97000 42.29000 10.08000 39.49600
 7 5 20 06 57 8585.60000 6.40500000 188.76000 42.30000 10.08000 39.49600
 7 5 20 06 58 8582.00000 6.40500000 188.53000 42.29000 10.08000 39.47000
 7 5 20 06 58 8583.00000 6.40500000 188.56000 42.29000 10.08000 39.47000
 7 5 20 06 59 8583.00000 6.40500000 188.53000 42.29000 10.08000 39.47000
 7 5 20 06 59 8589.00000 6.40500000 188.66000 42.30000 10.08000 39.47000
 7 5 20 07 00 8588.10000 6.41000000 188.47000 42.30000 10.08000 39.47000
 7 5 20 07 00 8577.90000 6.41000000 188.70000 42.28000 10.08000 39.47000
 7 5 20 07 01 8581.80000 6.41000000 188.61000 42.27000 10.08000 39.47000
 7 5 20 07 01 8589.00000 6.41000000 188.85000 42.30000 10.08000 39.47000
 7 5 20 07 02 8597.20000 6.41000000 189.35000 42.30000 10.08000 39.47000
 7 5 20 07 02 8599.00000 6.41000000 189.42000 42.37000 10.07600 39.47000
 7 5 20 07 03 8601.30000 6.41000000 189.26000 42.40000 10.07600 39.47000
 7 5 20 07 03 8600.30000 6.43800000 189.09000 42.40000 10.07600 39.47000
 7 5 20 07 04 8600.40000 6.43800000 189.09000 42.40000 10.07600 39.63000
 7 5 20 07 04 8604.00000 6.43800000 189.09000 42.40000 10.07600 39.63000
 7 5 20 07 05 8607.30000 6.43800000 189.09000 42.37000 10.07600 39.63000
 7 5 20 07 05 8612.90000 6.43800000 189.15000 42.40000 10.07600 39.63000
 7 5 20 07 06 8613.30000 6.43800000 189.27000 42.39000 10.07600 39.63000
 7 5 20 07 06 8615.80000 6.43800000 189.38000 42.40000 10.07600 39.63000
 7 5 20 07 07 8615.90000 6.43800000 189.36000 42.40000 10.07600 39.70000
 7 5 20 07 07 8613.40000 6.43800000 189.38000 42.40000 10.07600 39.70000
 7 5 20 07 08 8614.20000 6.43800000 189.40000 42.41000 10.07600 39.70000
 7 5 20 07 08 8610.00000 6.42700000 189.21000 42.41000 10.05500 39.70000
 7 5 20 07 09 8610.00000 6.42700000 189.26000 42.41000 10.05500 39.70000
 7 5 20 07 09 8614.90000 6.42700000 189.26000 42.41000 10.07600 39.70000
 7 5 20 07 10 8614.90000 6.42700000 189.28000 42.39000 10.07600 39.70000
 7 5 20 07 10 8615.10000 6.42700000 189.32000 42.39000 10.07600 39.70000
 7 5 20 07 11 8611.00000 6.42100000 189.28000 42.39000 10.07600 39.65000
 7 5 20 07 11 8610.10000 6.42100000 189.26000 42.39000 10.07600 39.65000
 7 5 20 07 12 8610.10000 6.42100000 189.28000 42.38000 10.07600 39.65000
 7 5 20 07 12 8610.10000 6.42100000 189.20000 42.39000 10.08000 39.65000
 7 5 20 07 13 8611.90000 6.42100000 189.39000 42.39000 10.07400 39.65000
 7 5 20 07 13 8615.10000 6.42100000 189.43000 42.39000 10.07500 39.65000
 7 5 20 07 14 8614.30000 6.41800000 189.42000 42.39000 10.07500 39.70000
 7 5 20 07 14 8612.90000 6.41800000 189.31000 42.40000 10.07500 39.65000
 7 5 20 07 15 8615.10000 6.41800000 189.35000 42.42000 10.07500 39.65000
 7 5 20 07 15 8615.10000 6.41800000 189.54000 42.42000 10.07500 39.65000
 7 5 20 07 16 8615.10000 6.42600000 189.64000 42.42000 10.08000 39.65000
 7 5 20 07 16 8615.10000 6.42600000 189.63000 42.41000 10.08000 39.65000
 7 5 20 07 17 8615.10000 6.42600000 189.48000 42.41000 10.08000 39.65000
 7 5 20 07 17 8615.70000 6.42600000 189.35000 42.41000 10.08000 39.65000
 7 5 20 07 18 8615.10000 6.42600000 189.40000 42.40000 10.08000 39.65000
 7 5 20 07 18 8611.00000 6.42500000 189.40000 42.41000 10.08000 39.65000
 7 5 20 07 18 8610.00000 6.42500000 189.35000 42.41000 10.08000 39.65000
 7 5 20 07 19 8609.10000 6.42500000 189.33000 42.41000 10.08000 39.65000
 7 5 20 07 19 8610.00000 6.42500000 189.33000 42.42000 10.08000 39.65000
 7 5 20 07 20 8609.00000 6.42500000 189.33000 42.43000 10.08000 39.70000
 7 5 20 07 20 8609.80000 6.42500000 189.33000 42.43000 10.08000 39.65000
 7 5 20 07 21 8609.10000 6.42500000 189.30000 42.43000 10.08000 39.65000
 7 5 20 07 21 8609.40000 6.42500000 189.18000 42.43000 10.08000 39.65000
 7 5 20 07 22 8609.80000 6.42500000 189.45000 42.47000 10.08000 39.65000
 7 5 20 07 22 8610.00000 6.42600000 189.25000 42.42000 10.08000 39.65000
 7 5 20 07 23 8610.00000 6.42500000 189.25000 42.42000 10.08000 39.65000
 7 5 20 07 23 8610.00000 6.42500000 189.25000 42.42000 10.08000 39.65000
 7 5 20 07 24 8610.00000 6.42500000 189.26000 42.42000 10.08000 39.65000
 7 5 20 07 24 8610.00000 6.42500000 189.36000 42.42000 10.05400 39.65000
 7 5 20 07 25 8610.00000 6.42500000 189.51000 42.49000 10.05400 39.65000
 7 5 20 07 25 8609.90000 6.42500000 189.51000 42.49000 10.05400 39.65000
 7 5 20 07 26 8609.40000 6.42500000 189.44000 42.45000 10.05400 39.65000
 7 5 20 07 26 8609.70000 6.42500000 189.42000 42.45000 10.05400 39.65000
 7 5 20 07 27 8609.10000 6.42500000 189.46000 42.46000 10.05400 39.65000
 7 5 20 07 27 8609.00000 6.42500000 189.34000 42.49000 10.05400 39.65000
 7 5 20 07 28 8609.00000 6.42500000 189.34000 42.49000 10.05400 39.65000
 7 5 20 07 28 8612.90000 6.42500000 189.34000 42.49000 10.05400 39.65000
 7 5 20 07 29 8612.30000 6.42500000 189.34000 42.49000 10.05400 39.65000
 7 5 20 07 29 8613.30000 6.44000000 189.34000 42.48000 10.05400 39.70000
 7 5 20 07 30 8614.00000 6.44000000 189.45000 42.52000 10.05400 39.65000
 7 5 20 07 30 8614.00000 6.44000000 189.54000 42.52000 10.05400 39.65000
 7 5 20 07 31 8613.90000 6.44000000 189.73000 42.56000 10.05400 39.65000
 7 5 20 07 31 8614.00000 6.44000000 189.90000 42.56000 10.05400 39.65000
 7 5 20 07 32 8614.00000 6.44000000 189.85000 42.56000 10.05400 39.65000
 7 5 20 07 32 8613.90000 6.44000000 189.80000 42.56000 10.05400 39.65000
 7 5 20 07 33 8613.70000 6.44000000 189.80000 42.54000 10.05400 39.65000
 7 5 20 07 33 8613.90000 6.44000000 189.87000 42.54000 10.05400 39.65000
 7 5 20 07 34 8613.80000 6.44000000 189.82000 42.54000 10.05400 39.65000
 7 5 20 07 34 8611.50000 6.44000000 189.80000 42.54000 10.05400 39.65000
 7 5 20 07 35 8611.50000 6.44000000 189.71000 42.54000 10.05400 39.65000
 7 5 20 07 35 8609.10000 6.44000000 189.70000 42.54000 10.05400 39.65000
 7 5 20 07 36 8609.10000 6.44000000 189.46000 42.49000 10.05400 39.65000
 7 5 20 07 36 8605.30000 6.44000000 189.46000 42.49000 10.05400 39.65000
 7 5 20 07 37 8604.10000 6.44000000 189.49000 42.49000 10.05400 39.65000
 7 5 20 07 37 8603.10000 6.43000000 189.45000 42.48000 10.05400 39.65000
 7 5 20 07 38 8603.20000 6.43000000 189.45000 42.48000 10.01000 39.65000
 7 5 20 07 38 8605.70000 6.43000000 189.45000 42.48000 10.01000 39.65000
 7 5 20 07 39 8607.90000 6.43000000 189.83000 42.48000 10.01000 39.65000
 7 5 20 07 39 8609.80000 6.43000000 189.84000 42.48000 10.01000 39.65000
 7 5 20 07 40 8610.30000 6.43000000 189.84000 42.48000 10.01000 39.65000
 7 5 20 07 40 8607.00000 6.43000000 189.84000 42.48000 10.01000 39.65000
 7 5 20 07 41 8608.40000 6.43000000 189.84000 42.48000 10.01000 39.65000
 7 5 20 07 41 8604.20000 6.43000000 189.84000 42.48000 10.01000 39.65000
 7 5 20 07 42 8605.60000 6.46100000 189.53000 42.49000 10.01000 39.65000
 7 5 20 07 42 8606.10000 6.44300000 189.48000 42.48000 10.01000 39.65000
