M=[
 2 3 21 17 32 39587.40000 9.10700000 1247.18000 144.74000 25.49700 99.00200
 2 3 21 17 33 39566.20000 9.10700000 1245.00000 144.74000 25.49700 99.00200
 2 3 21 17 33 39599.90000 9.10700000 1246.00000 144.74000 25.42800 99.00200
 2 3 21 17 34 39574.30000 9.10700000 1245.32000 144.74000 25.42800 99.00200
 2 3 21 17 34 39620.60000 9.10700000 1246.87000 144.60000 25.42800 99.05500
 2 3 21 17 34 39592.80000 9.10700000 1247.92000 144.77000 25.42800 99.05500
 2 3 21 17 35 39604.20000 9.10700000 1249.16000 144.77000 25.42800 99.23700
 2 3 21 17 35 39629.10000 9.10700000 1248.41000 144.77000 25.42800 99.23700
 2 3 21 17 36 39648.90000 9.01500000 1249.99000 144.77000 25.42800 99.37700
 2 3 21 17 36 39616.10000 9.01500000 1248.00000 144.89000 25.42800 99.21300
 2 3 21 17 37 39600.10000 9.01500000 1247.10000 144.75000 25.42800 99.21300
 2 3 21 17 37 39616.60000 9.01500000 1248.83000 144.83000 25.42800 99.21300
 2 3 21 17 37 39627.80000 9.01500000 1249.30000 144.83000 25.42800 99.21300
 2 3 21 17 38 39635.80000 9.01600000 1249.38000 144.98000 25.42800 99.21300
 2 3 21 17 38 39609.40000 9.04000000 1248.93000 144.98000 25.42800 99.21300
 2 3 21 17 39 39596.70000 9.04000000 1247.23000 144.98000 25.42800 99.21300
 2 3 21 17 39 39592.70000 9.04000000 1246.84000 144.67000 25.42800 98.82200
 2 3 21 17 40 39535.30000 9.04000000 1246.59000 144.47000 25.42800 98.82200
 2 3 21 17 40 39542.90000 9.04000000 1247.23000 144.48000 25.42800 98.82200
 2 3 21 17 40 39553.30000 9.04000000 1247.74000 144.48000 25.42800 98.82200
 2 3 21 17 41 39574.10000 9.04000000 1246.55000 144.50000 25.42800 98.82200
 2 3 21 17 41 39553.30000 9.02200000 1246.51000 144.50000 25.40400 98.82200
 2 3 21 17 42 39553.40000 9.00000000 1246.80000 144.61000 25.40400 99.04800
 2 3 21 17 42 39553.30000 9.00000000 1247.95000 144.64000 25.40400 99.50000
 2 3 21 17 43 39570.80000 9.01900000 1249.00000 144.64000 25.40400 100.26700
 2 3 21 17 43 39635.30000 9.01900000 1249.99000 144.64000 25.40400 100.26700
 2 3 21 17 43 39652.40000 9.01900000 1250.00000 145.18000 25.40400 100.45600
 2 3 21 17 44 39650.10000 9.01900000 1248.58000 145.16000 25.40400 99.50600
 2 3 21 17 44 39651.40000 9.01900000 1248.73000 145.16000 25.40400 99.50600
 2 3 21 17 45 39611.00000 8.98800000 1248.03000 145.04000 25.40400 99.50600
 2 3 21 17 45 39638.40000 8.98800000 1247.69000 145.02000 25.40400 99.50600
 2 3 21 17 46 39646.20000 8.98800000 1248.42000 145.02000 25.40400 99.50600
 2 3 21 17 46 39644.40000 8.98800000 1247.69000 145.01000 25.40400 99.50600
 2 3 21 17 46 39647.00000 8.98800000 1247.83000 144.98000 25.40400 99.50600
 2 3 21 17 47 39647.00000 8.98000000 1248.01000 144.93000 25.40000 99.50600
 2 3 21 17 47 39647.00000 8.98000000 1248.86000 145.07000 25.40000 99.50600
 2 3 21 17 48 39645.70000 8.98000000 1248.95000 145.06000 25.40000 99.50600
 2 3 21 17 48 39615.10000 8.98000000 1248.95000 144.81000 25.40000 99.50600
 2 3 21 17 49 39594.60000 8.98000000 1247.70000 144.65000 25.40000 99.65600
 2 3 21 17 49 39577.60000 8.98000000 1246.93000 144.56000 25.40000 99.65600
 2 3 21 17 49 39562.50000 8.93000000 1247.91000 144.54000 25.40000 99.65600
 2 3 21 17 50 39558.30000 8.93000000 1246.97000 144.37000 25.40000 99.04400
 2 3 21 17 50 39621.10000 8.93000000 1249.94000 144.37000 25.40000 99.25700
 2 3 21 17 51 39602.20000 8.93000000 1250.00000 144.70000 25.40000 99.25700
 2 3 21 17 51 39625.00000 8.95400000 1250.87000 144.63000 25.40000 99.25700
 2 3 21 17 52 39572.80000 8.95400000 1247.80000 144.32000 25.40000 99.25700
 2 3 21 17 52 39563.60000 8.95400000 1246.00000 144.10000 25.40000 99.25700
 2 3 21 17 52 39568.60000 8.95400000 1246.23000 144.00000 25.40000 99.25700
 2 3 21 17 53 39617.40000 8.95400000 1249.33000 144.00000 25.40000 99.25700
 2 3 21 17 53 39646.20000 8.95400000 1248.85000 144.16000 25.40000 99.25700
 2 3 21 17 54 39699.90000 8.95400000 1249.88000 144.16000 25.40000 99.25700
 2 3 21 17 54 39732.10000 8.95400000 1252.53000 144.77000 25.40000 99.25700
 2 3 21 17 55 39770.90000 8.95400000 1253.14000 144.93000 25.40000 99.69300
 2 3 21 17 55 39682.60000 8.95400000 1249.19000 144.60000 25.40000 99.69300
 2 3 21 17 55 39675.20000 8.95400000 1248.05000 144.53000 25.40000 99.69300
 2 3 21 17 56 39675.00000 8.95400000 1247.27000 144.32000 25.40000 99.69300
 2 3 21 17 56 39723.00000 8.95400000 1248.05000 144.32000 25.40000 99.69300
 2 3 21 17 57 39706.10000 8.95400000 1249.34000 144.58000 25.40000 99.69300
 2 3 21 17 57 39694.30000 8.95400000 1250.31000 144.48000 25.40000 99.69300
 2 3 21 17 58 39721.40000 8.95400000 1250.52000 144.48000 25.40000 99.69300
 2 3 21 17 58 39696.20000 8.95400000 1248.15000 144.45000 25.40000 99.69300
 2 3 21 17 58 39712.70000 8.95400000 1249.00000 144.54000 25.40000 99.69300
 2 3 21 17 59 39717.70000 8.95400000 1249.54000 144.50000 25.40000 99.69300
 2 3 21 17 59 39689.20000 8.95400000 1249.01000 144.37000 25.40000 99.69300
 2 3 21 18 00 39709.50000 8.95400000 1248.43000 144.37000 25.40000 99.69300
 2 3 21 18 00 39679.60000 8.96000000 1249.67000 144.21000 25.40000 99.69300
 2 3 21 18 01 39674.00000 8.96000000 1250.00000 144.21000 25.40000 99.69300
 2 3 21 18 01 39614.40000 8.96000000 1248.50000 144.08000 25.40000 99.69300
 2 3 21 18 01 39618.00000 8.96000000 1248.74000 144.08000 25.40000 99.69300
 2 3 21 18 02 39623.10000 8.96000000 1248.66000 144.08000 25.40000 99.69300
 2 3 21 18 02 39688.70000 8.96000000 1250.50000 144.26000 25.40000 99.69300
 2 3 21 18 03 39652.30000 8.96000000 1249.78000 144.27000 25.40000 99.69300
 2 3 21 18 03 39641.40000 8.96000000 1250.15000 144.27000 25.40000 99.50300
 2 3 21 18 04 39628.70000 8.96000000 1249.42000 144.17000 25.40000 99.50300
 2 3 21 18 04 39600.00000 8.96000000 1248.74000 144.11000 25.40000 99.50300
 2 3 21 18 04 39593.40000 8.96000000 1248.96000 144.11000 25.40000 99.56300
 2 3 21 18 05 39592.90000 8.96000000 1248.88000 144.22000 25.40000 99.56300
 2 3 21 18 05 39650.20000 8.96000000 1250.34000 144.22000 25.40000 99.56300
 2 3 21 18 06 39615.20000 8.96000000 1250.48000 144.22000 25.40000 99.56300
 2 3 21 18 06 39623.10000 8.95800000 1249.41000 144.22000 25.40000 99.56300
 2 3 21 18 07 39610.40000 8.95800000 1248.89000 144.22000 25.40000 99.56300
 2 3 21 18 07 39608.70000 8.95800000 1249.84000 144.17000 25.40000 99.56300
 2 3 21 18 07 39629.30000 8.95800000 1249.63000 144.32000 25.40000 99.56300
 2 3 21 18 08 39630.00000 8.95800000 1250.40000 144.32000 25.40000 99.50000
 2 3 21 18 08 39630.00000 8.95800000 1250.39000 144.33000 25.40000 99.50000
 2 3 21 18 09 39625.40000 8.95800000 1249.78000 144.33000 25.40000 99.50000
 2 3 21 18 09 39616.20000 8.95800000 1249.08000 144.33000 25.40000 99.50000
 2 3 21 18 10 39609.20000 8.95800000 1249.03000 144.19000 25.40000 99.50000
 2 3 21 18 10 39599.90000 8.95800000 1250.52000 144.14000 25.40000 99.55300
 2 3 21 18 10 39639.50000 8.95800000 1250.84000 144.40000 25.40000 99.55300
 2 3 21 18 11 39638.80000 8.95800000 1251.83000 144.40000 25.40000 99.55300
 2 3 21 18 11 39657.00000 8.95800000 1252.00000 144.40000 25.40000 99.55300
 2 3 21 18 12 39680.20000 8.95800000 1251.58000 144.22000 25.40000 99.41100
 2 3 21 18 12 39652.40000 8.99900000 1251.70000 144.21000 25.40000 99.41100
 2 3 21 18 13 39669.90000 8.99900000 1252.00000 144.34000 25.40000 99.41100
 2 3 21 18 13 39751.50000 8.99900000 1253.41000 144.34000 25.40000 99.41100
 2 3 21 18 13 39800.00000 8.99900000 1255.00000 144.34000 25.40000 99.88800
 2 3 21 18 14 39800.90000 8.99900000 1256.32000 144.95000 25.40000 99.88800
 2 3 21 18 14 39801.00000 8.99900000 1256.55000 144.80000 25.40000 99.88800
 2 3 21 18 15 39751.50000 8.99900000 1254.64000 144.53000 25.40000 99.88800
 2 3 21 18 15 39673.30000 8.99900000 1253.16000 144.38000 25.40000 99.88800
 2 3 21 18 16 39641.60000 8.99900000 1251.25000 144.18000 25.40000 99.88800
 2 3 21 18 16 39634.30000 8.99900000 1251.33000 144.18000 25.40000 99.88800
 2 3 21 18 16 39679.50000 8.99900000 1252.35000 144.17000 25.40000 99.88800
 2 3 21 18 17 39644.60000 8.99900000 1253.11000 144.24000 25.40000 99.88800
