M=[
26 7 21 17 19 33053.10000 44.34400000 2001.90000 116.52000 25.02000 90.05800
26 7 21 17 19 33075.80000 44.34400000 2001.82000 116.53000 25.02000 90.05800
26 7 21 17 19 33062.30000 44.34400000 2002.72000 116.53000 25.02000 90.05800
26 7 21 17 20 33074.40000 44.34400000 2002.85000 116.53000 25.40800 90.05800
26 7 21 17 20 33069.10000 44.49500000 2003.47000 116.50000 25.40800 90.05800
26 7 21 17 21 33097.20000 44.49500000 2003.27000 116.50000 25.40800 90.05800
26 7 21 17 21 33089.80000 44.49500000 2002.73000 116.50000 25.40800 90.05800
26 7 21 17 22 33103.70000 44.49500000 2002.72000 116.50000 25.40800 90.05800
26 7 21 17 22 33128.70000 44.49500000 2002.78000 116.50000 25.40800 90.05800
26 7 21 17 22 33114.40000 44.49500000 2002.72000 116.59000 25.40800 90.05800
26 7 21 17 23 33122.60000 44.49500000 2003.17000 116.59000 25.40800 90.37600
26 7 21 17 23 33152.90000 44.49500000 2003.79000 116.75000 25.40800 90.37600
26 7 21 17 24 33150.40000 44.49500000 2003.19000 116.73000 25.40800 90.37600
26 7 21 17 24 33172.90000 44.49500000 2003.92000 116.73000 25.40800 90.37600
26 7 21 17 25 33180.80000 44.49500000 2003.00000 116.79000 25.40800 90.37600
26 7 21 17 25 33214.00000 44.49500000 2004.01000 116.80000 25.40800 90.37600
26 7 21 17 26 33217.20000 44.49500000 2003.44000 116.84000 25.40800 90.37600
26 7 21 17 26 33220.70000 44.49500000 2003.63000 116.85000 25.32500 90.37600
26 7 21 17 26 33234.60000 44.49500000 2004.17000 116.81000 25.32500 90.37600
26 7 21 17 27 33248.40000 44.49500000 2003.74000 116.81000 25.32500 90.37600
26 7 21 17 27 33248.40000 44.49500000 2003.64000 116.81000 25.32500 90.37600
26 7 21 17 28 33222.30000 44.62900000 2003.62000 116.81000 25.32500 90.37600
26 7 21 17 28 33192.30000 44.62900000 2003.00000 116.81000 25.32500 90.37600
26 7 21 17 29 33166.60000 44.55200000 2002.53000 116.76000 25.32500 90.37600
26 7 21 17 29 33210.60000 44.55200000 2003.57000 116.76000 25.32500 90.37600
26 7 21 17 29 33186.20000 44.72800000 2001.82000 116.89000 25.37800 90.37600
26 7 21 17 30 33140.40000 44.72800000 2001.82000 116.82000 25.37800 90.37600
26 7 21 17 30 33188.80000 44.72800000 2003.37000 116.82000 25.37800 90.37600
26 7 21 17 31 33215.30000 44.72800000 2004.16000 116.97000 25.37800 90.37600
26 7 21 17 31 33204.90000 44.72800000 2003.17000 117.00000 25.37800 90.37600
26 7 21 17 32 33215.80000 44.72800000 2003.62000 116.94000 25.37800 90.37600
26 7 21 17 32 33222.10000 44.72800000 2004.39000 116.92000 25.37800 90.37600
26 7 21 17 32 33222.00000 44.72800000 2004.18000 116.89000 25.37800 90.37600
26 7 21 17 33 33222.00000 44.72800000 2004.03000 116.90000 25.37800 90.37600
26 7 21 17 33 33200.00000 44.72800000 2004.10000 116.90000 25.37800 90.37600
26 7 21 17 34 33165.80000 44.68400000 2001.87000 116.90000 25.37800 90.37600
26 7 21 17 34 33177.90000 44.68400000 2001.95000 116.90000 25.37800 90.37600
26 7 21 17 35 33175.00000 44.68400000 2002.01000 116.90000 25.37800 90.37600
26 7 21 17 35 33183.60000 44.68400000 2002.10000 116.90000 25.37800 90.37600
26 7 21 17 35 33197.00000 44.68400000 2002.11000 116.90000 25.37800 90.37600
26 7 21 17 36 33213.90000 44.81900000 2003.81000 116.89000 25.37800 90.37600
26 7 21 17 36 33208.20000 44.81900000 2003.08000 116.89000 25.37800 90.84300
26 7 21 17 37 33234.00000 44.81900000 2005.17000 116.89000 25.37800 90.84300
26 7 21 17 37 33221.60000 44.81900000 2004.84000 116.89000 25.37800 90.84300
26 7 21 17 38 33242.50000 44.81900000 2005.00000 116.89000 25.37800 90.84300
26 7 21 17 38 33265.60000 44.81900000 2006.00000 117.08000 25.37800 90.84300
26 7 21 17 38 33288.20000 44.81900000 2006.99000 117.08000 25.37800 90.84300
26 7 21 17 39 33267.50000 44.81900000 2005.09000 116.91000 25.37800 90.84300
26 7 21 17 39 33288.30000 44.81900000 2005.01000 117.02000 25.37800 90.84300
26 7 21 17 40 33288.30000 44.81900000 2005.84000 116.95000 25.37800 90.84300
26 7 21 17 40 33288.30000 44.81900000 2005.88000 116.94000 25.37800 90.63000
26 7 21 17 41 33288.30000 44.70300000 2004.99000 116.92000 25.37800 90.63000
26 7 21 17 41 33283.00000 44.70300000 2004.59000 116.92000 25.37800 90.63000
26 7 21 17 42 33288.20000 44.70300000 2004.59000 116.92000 25.37800 90.63000
26 7 21 17 42 33288.90000 44.70300000 2004.59000 116.92000 25.37800 90.63000
26 7 21 17 42 33328.30000 44.70300000 2006.02000 116.92000 25.37800 90.63000
26 7 21 17 43 33319.20000 44.70300000 2005.68000 116.92000 25.37800 90.63000
26 7 21 17 43 33328.30000 44.70300000 2005.65000 116.92000 25.37800 90.63000
26 7 21 17 44 33328.30000 44.70300000 2006.51000 116.92000 25.37800 90.63000
26 7 21 17 44 33332.20000 44.70300000 2006.78000 117.03000 25.37800 90.63000
26 7 21 17 45 33332.20000 44.70300000 2006.50000 117.03000 25.37800 90.63000
26 7 21 17 45 33328.20000 44.70300000 2006.50000 117.03000 25.37800 90.63000
26 7 21 17 45 33311.70000 44.70300000 2005.13000 117.03000 25.37800 90.63000
26 7 21 17 46 33333.20000 44.70300000 2005.59000 117.03000 25.37800 90.62800
26 7 21 17 46 33333.30000 44.70300000 2005.00000 117.03000 25.37800 90.62800
26 7 21 17 47 33260.80000 44.75000000 2003.61000 116.88000 25.37800 90.62800
26 7 21 17 47 33271.40000 44.75000000 2003.28000 116.88000 25.37800 90.62800
26 7 21 17 48 33277.80000 44.75000000 2003.61000 116.88000 25.37800 90.62800
26 7 21 17 48 33279.00000 44.75000000 2003.58000 116.88000 25.37800 90.62800
26 7 21 17 48 33280.30000 44.75000000 2003.43000 116.88000 25.37800 90.62800
26 7 21 17 49 33293.10000 44.75000000 2003.11000 116.88000 25.37800 90.62800
26 7 21 17 49 33275.30000 44.75000000 2003.01000 116.88000 25.37800 90.62800
26 7 21 17 50 33270.00000 44.65000000 2003.00000 116.88000 25.37800 90.83800
26 7 21 17 50 33265.80000 44.65000000 2001.07000 116.88000 25.42000 90.83800
26 7 21 17 51 33268.10000 44.65000000 2000.61000 116.82000 25.42000 90.83800
26 7 21 17 51 33270.00000 44.60600000 2000.60000 116.80000 25.42000 90.83800
26 7 21 17 51 33278.30000 44.60600000 2001.37000 116.80000 25.42000 90.88100
26 7 21 17 52 33277.10000 44.60600000 2001.38000 116.80000 25.42000 90.88100
26 7 21 17 52 33242.40000 44.60600000 2001.37000 116.80000 25.42000 90.88100
26 7 21 17 53 33242.90000 44.60600000 2000.01000 116.77000 25.42000 90.88100
26 7 21 17 53 33185.00000 44.60600000 2000.00000 116.77000 25.42000 90.88100
26 7 21 17 54 33145.20000 44.60600000 1994.68000 116.79000 25.42000 90.88100
26 7 21 17 54 33176.10000 44.60600000 1994.68000 116.79000 25.42000 90.88100
26 7 21 17 54 33179.40000 44.60600000 1998.09000 116.90000 25.42000 90.88100
26 7 21 17 55 33219.10000 44.60600000 2000.55000 116.90000 25.42000 90.88100
26 7 21 17 55 33220.70000 44.60600000 2000.31000 116.90000 25.42000 90.88100
26 7 21 17 56 33220.70000 44.54200000 2001.09000 116.99000 25.42000 90.88100
26 7 21 17 56 33220.50000 44.54200000 2000.23000 116.89000 25.42000 90.88100
26 7 21 17 57 33220.70000 44.54200000 1999.89000 116.88000 25.42000 90.88100
26 7 21 17 57 33240.60000 44.54200000 2001.02000 116.92000 25.42000 90.88100
26 7 21 17 58 33252.00000 44.54200000 2001.36000 116.92000 25.42000 90.88100
26 7 21 17 58 33252.10000 44.54200000 2001.53000 116.92000 25.42000 90.88100
26 7 21 17 58 33252.00000 44.54200000 2001.01000 116.92000 25.42000 90.88100
26 7 21 17 59 33220.10000 44.54200000 1999.11000 116.92000 25.42000 90.88100
26 7 21 17 59 33201.40000 44.54200000 1999.40000 116.92000 25.42000 90.88100
26 7 21 18 00 33208.00000 44.54200000 1999.71000 116.95000 25.42000 90.88100
26 7 21 18 00 33195.50000 44.50300000 1999.42000 116.95000 25.42000 90.88100
26 7 21 18 01 33198.40000 44.50300000 1999.42000 116.95000 25.42000 90.88100
26 7 21 18 01 33208.90000 44.50300000 1999.41000 116.95000 25.42000 90.88100
26 7 21 18 01 33208.90000 44.50300000 1999.42000 116.65000 25.42000 90.88100
26 7 21 18 02 33230.90000 44.32400000 1999.42000 116.61000 25.42000 90.88100
26 7 21 18 02 33223.30000 44.32400000 1999.52000 116.70000 25.42000 90.88100
26 7 21 18 03 33242.90000 44.32400000 1999.70000 116.70000 25.42000 90.88100
