M=[
 8 3 21 09 43 41986.00000 9.37000000 1421.33000 153.21000 26.00400 105.35300
 8 3 21 09 43 41996.80000 9.37000000 1421.62000 153.29000 26.00400 105.35300
 8 3 21 09 43 41996.90000 9.37000000 1421.62000 153.20000 26.00400 105.35300
 8 3 21 09 44 42000.00000 9.37000000 1421.62000 153.34000 26.00400 105.74000
 8 3 21 09 44 42071.70000 9.37000000 1423.85000 153.47000 26.00400 105.74000
 8 3 21 09 45 42057.40000 9.47400000 1423.92000 153.41000 26.00400 105.96000
 8 3 21 09 45 42000.10000 9.47400000 1421.18000 153.20000 26.02400 105.96000
 8 3 21 09 46 42000.00000 9.47400000 1421.59000 153.23000 26.02400 105.96000
 8 3 21 09 46 41972.20000 9.47400000 1422.06000 153.47000 26.02400 105.96000
 8 3 21 09 46 42002.40000 9.47400000 1421.91000 153.47000 26.05300 105.96000
 8 3 21 09 47 42035.40000 9.47400000 1422.61000 153.53000 26.05300 105.96000
 8 3 21 09 47 41985.90000 9.47400000 1422.07000 153.53000 26.05300 105.96000
 8 3 21 09 48 41987.00000 9.47400000 1422.20000 153.60000 26.05300 105.87000
 8 3 21 09 48 41985.40000 9.47400000 1422.12000 153.50000 26.05300 105.87000
 8 3 21 09 49 41988.80000 9.47400000 1422.10000 153.60000 26.05300 105.87000
 8 3 21 09 49 41972.00000 9.47400000 1420.50000 153.50000 26.05300 105.76100
 8 3 21 09 49 41946.00000 9.47400000 1420.50000 153.31000 26.05300 105.76100
 8 3 21 09 50 41969.20000 9.43000000 1420.51000 153.26000 26.05300 105.76100
 8 3 21 09 50 41977.00000 9.43000000 1420.51000 153.26000 26.05300 105.76100
 8 3 21 09 51 41956.40000 9.43000000 1420.51000 153.45000 26.05300 105.76100
 8 3 21 09 51 41965.40000 9.43000000 1420.51000 153.26000 26.05300 105.76100
 8 3 21 09 52 41965.40000 9.40000000 1420.88000 153.26000 26.05300 105.76100
 8 3 21 09 52 41965.40000 9.40000000 1421.00000 153.44000 26.05300 105.76100
 8 3 21 09 52 41996.30000 9.40000000 1421.00000 153.53000 26.05300 105.76100
 8 3 21 09 53 42011.70000 9.40000000 1422.58000 153.61000 26.05300 105.65700
 8 3 21 09 53 42004.90000 9.40000000 1422.61000 153.63000 26.05300 105.65700
 8 3 21 09 54 42004.90000 9.40000000 1422.21000 153.64000 26.05300 105.65700
 8 3 21 09 54 42005.00000 9.40000000 1422.67000 153.71000 26.05300 105.65700
 8 3 21 09 55 42016.20000 9.46100000 1423.19000 153.79000 26.05300 105.65700
 8 3 21 09 55 42027.50000 9.46100000 1423.76000 153.85000 26.05300 105.65700
 8 3 21 09 55 42031.80000 9.41800000 1424.00000 153.79000 26.05300 105.65700
 8 3 21 09 56 42005.00000 9.51900000 1423.25000 153.63000 26.05300 105.65700
 8 3 21 09 56 41995.10000 9.51900000 1422.71000 153.62000 26.05300 105.65700
 8 3 21 09 57 41977.20000 9.51900000 1422.58000 153.68000 26.05300 105.65700
 8 3 21 09 57 41998.20000 9.46600000 1423.81000 153.70000 26.05300 105.65700
 8 3 21 09 58 41998.50000 9.41600000 1424.00000 153.71000 26.05300 105.78000
 8 3 21 09 58 42005.70000 9.41600000 1423.34000 153.77000 26.05300 105.78000
 8 3 21 09 58 42027.10000 9.41600000 1423.10000 153.86000 26.05300 105.78000
 8 3 21 09 59 42046.20000 9.41600000 1423.28000 153.86000 26.05300 105.78000
 8 3 21 09 59 42069.50000 9.41600000 1424.17000 153.82000 26.05300 105.65000
 8 3 21 10 00 42073.20000 9.41600000 1424.97000 153.83000 25.95100 105.65000
 8 3 21 10 00 42063.50000 9.41600000 1423.80000 153.78000 25.95100 105.65000
 8 3 21 10 01 42029.60000 9.41600000 1423.60000 153.74000 25.95100 105.65000
 8 3 21 10 01 42033.40000 9.41600000 1422.31000 153.70000 25.95100 105.65000
 8 3 21 10 01 42024.20000 9.43500000 1422.17000 153.47000 25.95100 105.65000
 8 3 21 10 02 42039.50000 9.43500000 1423.25000 153.70000 25.95100 105.65000
 8 3 21 10 02 42054.40000 9.43500000 1423.79000 153.70000 25.95100 105.65000
 8 3 21 10 03 42060.70000 9.43500000 1424.01000 153.70000 25.95100 105.65000
 8 3 21 10 03 42079.30000 9.43500000 1424.05000 153.70000 25.95100 105.78900
 8 3 21 10 03 42060.00000 9.43500000 1423.96000 153.69000 25.85100 105.78900
 8 3 21 10 04 42065.20000 9.43500000 1423.49000 153.69000 25.85100 105.78900
 8 3 21 10 04 42060.00000 9.43500000 1423.26000 153.70000 25.85100 105.78900
 8 3 21 10 05 42059.60000 9.43500000 1423.26000 153.81000 25.85100 105.78900
 8 3 21 10 05 42054.40000 9.43500000 1423.33000 153.81000 25.85100 105.78900
 8 3 21 10 06 42062.00000 9.43500000 1423.48000 153.92000 25.85100 105.78900
 8 3 21 10 06 42046.80000 9.43500000 1423.40000 153.86000 25.83000 105.78900
 8 3 21 10 06 42079.30000 9.43500000 1424.21000 154.00000 25.83000 106.20000
 8 3 21 10 07 42066.00000 9.43500000 1423.66000 154.15000 25.83000 106.20000
 8 3 21 10 07 42061.10000 9.43500000 1423.66000 154.15000 25.83000 106.04500
 8 3 21 10 08 42025.50000 9.43500000 1423.30000 154.10000 25.83000 106.04500
 8 3 21 10 08 41959.70000 9.47500000 1422.00000 153.78000 25.83000 105.74900
 8 3 21 10 09 41938.20000 9.47500000 1420.71000 153.74000 25.83000 105.74900
 8 3 21 10 09 42002.80000 9.47500000 1421.34000 153.75000 25.83000 105.74900
 8 3 21 10 09 41988.40000 9.47500000 1420.71000 153.92000 25.83000 105.74900
 8 3 21 10 10 41952.50000 9.47500000 1420.70000 153.91000 25.83000 105.74900
 8 3 21 10 10 41954.00000 9.47500000 1418.53000 153.91000 25.83000 105.74900
 8 3 21 10 11 41970.70000 9.47500000 1418.44000 153.70000 25.83000 105.74900
 8 3 21 10 11 42059.30000 9.52000000 1424.93000 154.24000 25.83000 105.74900
 8 3 21 10 12 42079.30000 9.55100000 1426.80000 154.22000 25.83000 105.74900
 8 3 21 10 12 42130.80000 9.55100000 1427.70000 154.26000 25.83000 105.74900
 8 3 21 10 13 42073.10000 9.55100000 1427.79000 154.20000 25.83000 105.74900
 8 3 21 10 13 42080.60000 9.54500000 1425.95000 154.22000 25.83000 105.74900
 8 3 21 10 14 42080.00000 9.54500000 1424.66000 154.13000 25.83000 105.74900
 8 3 21 10 14 42080.10000 9.54500000 1425.13000 154.20000 25.83000 106.03100
 8 3 21 10 14 42032.00000 9.54500000 1425.13000 154.15000 25.83000 106.03100
 8 3 21 10 15 42082.20000 9.49100000 1426.99000 154.24000 25.83000 106.03100
 8 3 21 10 15 42082.20000 9.49100000 1428.00000 154.24000 25.83000 106.03100
 8 3 21 10 16 42159.60000 9.53500000 1429.79000 154.45000 25.83000 106.03100
 8 3 21 10 16 42156.40000 9.56100000 1429.99000 154.45000 25.83000 106.16700
 8 3 21 10 17 42159.70000 9.56100000 1431.22000 154.44000 25.83000 106.16700
 8 3 21 10 17 42159.70000 9.56100000 1433.00000 154.54000 25.83000 106.33000
 8 3 21 10 18 42159.70000 9.56100000 1433.48000 154.53000 25.83000 106.33000
 8 3 21 10 18 42159.70000 9.56100000 1432.76000 154.51000 25.83000 106.33000
 8 3 21 10 19 42194.80000 9.56100000 1435.47000 154.51000 25.83000 106.33000
 8 3 21 10 19 42196.90000 9.53100000 1435.47000 154.54000 25.83000 106.33000
 8 3 21 10 19 42197.00000 9.48900000 1435.16000 154.54000 25.83000 106.60000
 8 3 21 10 20 42205.20000 9.48900000 1435.15000 154.61000 25.83000 106.60000
 8 3 21 10 20 42197.10000 9.48900000 1434.75000 154.50000 25.83000 106.60000
 8 3 21 10 21 42197.10000 9.48900000 1434.72000 154.50000 25.83000 106.58400
 8 3 21 10 21 42160.00000 9.48900000 1433.91000 154.50000 25.83000 106.58400
 8 3 21 10 22 42159.80000 9.48900000 1435.16000 154.50000 26.00400 106.60600
 8 3 21 10 22 42129.80000 9.48900000 1434.73000 154.56000 26.00400 106.60600
 8 3 21 10 23 42129.80000 9.48900000 1435.54000 154.54000 26.00400 106.60600
 8 3 21 10 23 42129.10000 9.48900000 1435.87000 154.44000 26.00400 106.60600
 8 3 21 10 24 42129.10000 9.48900000 1435.55000 154.40000 26.00400 106.60600
 8 3 21 10 24 42129.00000 9.48900000 1435.55000 154.40000 26.00400 106.60600
 8 3 21 10 24 42077.40000 9.48900000 1435.00000 154.22000 26.00400 106.60600
 8 3 21 10 25 42062.30000 9.48900000 1433.11000 154.22000 26.00400 106.21500
 8 3 21 10 25 42077.30000 9.49300000 1435.33000 154.36000 26.00400 106.22300
 8 3 21 10 26 42077.30000 9.49300000 1433.52000 154.37000 26.00400 106.22300
 8 3 21 10 26 42077.40000 9.49300000 1435.51000 154.55000 26.00400 106.22300
 8 3 21 10 27 42077.40000 9.49300000 1434.96000 154.55000 26.00400 106.22300
 8 3 21 10 27 42077.40000 9.49300000 1435.44000 154.48000 26.00400 106.22300
