M=[
31 5 20 10 41 8623.30000 6.61300000 214.83000 42.50000 11.87200 49.00000
31 5 20 10 41 8623.60000 6.61300000 214.94000 42.29000 11.87200 49.00000
31 5 20 10 42 8620.70000 6.61300000 214.71000 42.50000 11.87200 49.00000
31 5 20 10 42 8623.00000 6.61300000 214.71000 42.50000 11.84100 48.99200
31 5 20 10 43 8623.00000 6.61300000 214.69000 42.50000 11.87200 49.00000
31 5 20 10 43 8625.00000 6.61300000 214.70000 42.52000 11.87200 48.93700
31 5 20 10 44 8624.90000 6.61300000 215.04000 42.52000 11.87200 49.00000
31 5 20 10 44 8625.00000 6.61300000 214.77000 42.52000 11.87200 49.00000
31 5 20 10 45 8620.70000 6.61300000 215.06000 42.53000 11.87200 49.00000
31 5 20 10 45 8626.90000 6.61300000 215.02000 42.53000 11.87200 49.00000
31 5 20 10 46 8627.00000 6.61300000 215.02000 42.53000 11.87200 49.00000
31 5 20 10 46 8626.90000 6.61300000 214.95000 42.53000 11.83200 49.00000
31 5 20 10 47 8626.90000 6.61300000 215.02000 42.53000 11.87200 49.00000
31 5 20 10 47 8627.00000 6.61300000 214.88000 42.52000 11.87200 49.00000
31 5 20 10 48 8627.40000 6.61300000 215.02000 42.53000 11.87200 49.00000
31 5 20 10 48 8627.50000 6.61300000 215.06000 42.53000 11.87200 49.00000
31 5 20 10 49 8627.40000 6.61300000 214.81000 42.53000 11.87200 48.93700
31 5 20 10 49 8627.50000 6.61300000 214.82000 42.63000 11.87200 49.00000
31 5 20 10 50 8627.50000 6.61300000 214.95000 42.53000 11.87200 49.00000
31 5 20 10 50 8627.50000 6.61300000 214.86000 42.63000 11.87200 49.00000
31 5 20 10 51 8627.20000 6.61300000 214.65000 42.60000 11.87200 49.00000
31 5 20 10 51 8627.10000 6.61300000 214.82000 42.63000 11.87200 49.00000
31 5 20 10 52 8624.70000 6.61300000 214.45000 42.60000 11.87200 49.00000
31 5 20 10 52 8624.80000 6.61300000 214.56000 42.60000 11.87200 49.00000
31 5 20 10 53 8627.40000 6.61000000 215.43000 42.59000 11.87200 49.19800
31 5 20 10 53 8627.50000 6.61300000 215.71000 42.59000 11.86200 49.32700
31 5 20 10 54 8627.20000 6.63500000 215.75000 42.59000 11.89900 49.32700
31 5 20 10 54 8627.50000 6.63500000 215.76000 42.63000 11.89900 49.00000
31 5 20 10 55 8627.50000 6.63500000 215.76000 42.74000 11.89900 49.45300
31 5 20 10 55 8629.00000 6.63500000 215.76000 42.72000 11.89900 49.45300
31 5 20 10 56 8629.00000 6.63500000 215.42000 42.74000 11.86600 49.45300
31 5 20 10 56 8628.90000 6.63500000 215.66000 42.78000 11.86600 49.45300
31 5 20 10 56 8627.20000 6.61300000 215.69000 42.78000 11.86600 49.00000
31 5 20 10 57 8628.90000 6.63500000 215.69000 42.79000 11.86600 49.45300
31 5 20 10 58 8636.80000 6.63500000 215.75000 42.82000 11.86600 49.45300
31 5 20 10 58 8637.50000 6.61300000 215.75000 42.82000 11.89900 49.45300
31 5 20 10 58 8636.90000 6.63500000 215.75000 42.82000 11.86600 49.32700
31 5 20 10 59 8646.10000 6.61300000 215.74000 42.82000 11.86600 49.72600
31 5 20 10 59 8645.50000 6.63500000 215.74000 42.79000 11.86600 49.63300
31 5 20 11 00 8636.90000 6.63500000 215.75000 42.73000 11.86600 49.45300
31 5 20 11 00 8630.90000 6.63500000 215.27000 42.66000 11.86600 49.63300
31 5 20 11 01 8632.50000 6.63500000 215.27000 42.66000 11.86600 49.47000
31 5 20 11 01 8636.60000 6.63500000 215.52000 42.70000 11.86600 49.47000
31 5 20 11 02 8637.70000 6.63500000 215.52000 42.70000 11.89900 49.47000
31 5 20 11 02 8637.40000 6.63500000 215.52000 42.70000 11.86600 49.47000
31 5 20 11 03 8636.90000 6.63500000 215.27000 42.70000 11.86600 49.28000
31 5 20 11 03 8633.00000 6.61300000 215.27000 42.70000 11.86600 49.28000
31 5 20 11 04 8636.90000 6.63500000 215.19000 42.70000 11.86600 49.28000
31 5 20 11 04 8636.70000 6.63800000 215.14000 42.64000 11.89900 49.28000
31 5 20 11 04 8636.50000 6.63800000 215.17000 42.64000 11.89200 49.00000
31 5 20 11 05 8635.60000 6.62000000 214.92000 42.63000 11.89200 49.00000
31 5 20 11 05 8635.90000 6.63800000 215.10000 42.63000 11.89200 49.00000
31 5 20 11 06 8637.90000 6.63800000 215.39000 42.63000 11.89200 49.28000
31 5 20 11 06 8642.60000 6.63800000 215.39000 42.63000 11.89200 49.00000
31 5 20 11 07 8643.10000 6.63800000 215.32000 42.63000 11.89200 49.00000
31 5 20 11 07 8643.10000 6.63800000 215.32000 42.63000 11.89200 49.28000
31 5 20 11 08 8641.90000 6.63800000 215.16000 42.70000 11.89200 49.28000
31 5 20 11 08 8643.00000 6.63800000 215.37000 42.69000 11.89200 49.00000
31 5 20 11 09 8638.90000 6.63800000 215.10000 42.69000 11.89200 49.00000
31 5 20 11 09 8634.20000 6.63800000 215.07000 42.70000 11.89200 49.28000
31 5 20 11 10 8636.10000 6.63800000 215.07000 42.70000 11.89900 49.00000
31 5 20 11 10 8631.70000 6.63800000 215.02000 42.70000 11.89200 49.00000
31 5 20 11 11 8634.30000 6.63800000 215.02000 42.70000 11.89200 49.00000
31 5 20 11 11 8634.30000 6.63800000 215.08000 42.70000 11.89200 49.00000
31 5 20 11 12 8636.20000 6.63800000 215.08000 42.70000 11.89200 49.00000
31 5 20 11 12 8634.60000 6.63800000 214.97000 42.70000 11.89900 49.28000
31 5 20 11 13 8630.00000 6.63800000 214.97000 42.70000 11.86100 49.00000
31 5 20 11 13 8626.60000 6.63800000 215.09000 42.64000 11.86100 49.00000
31 5 20 11 14 8625.20000 6.63800000 214.77000 42.63000 11.86100 49.00000
31 5 20 11 14 8624.60000 6.63800000 214.69000 42.63000 11.86100 49.28000
31 5 20 11 15 8623.20000 6.62000000 214.72000 42.63000 11.86100 48.93000
31 5 20 11 15 8626.70000 6.63800000 214.85000 42.63000 11.86100 48.86600
31 5 20 11 16 8625.00000 6.63800000 214.88000 42.63000 11.86100 48.86600
31 5 20 11 16 8625.10000 6.63800000 214.85000 42.64000 11.86100 48.86600
31 5 20 11 16 8629.60000 6.63800000 214.82000 42.63000 11.86100 48.86600
31 5 20 11 17 8628.00000 6.63800000 214.88000 42.63000 11.86100 48.93000
31 5 20 11 17 8630.20000 6.63800000 214.75000 42.63000 11.86100 48.86600
31 5 20 11 18 8630.10000 6.63800000 214.75000 42.63000 11.86100 48.86600
31 5 20 11 18 8628.20000 6.63800000 214.50000 42.64000 11.86000 48.71800
31 5 20 11 19 8630.10000 6.63800000 214.40000 42.63000 11.86000 48.79700
31 5 20 11 19 8628.30000 6.63800000 214.40000 42.63000 11.86100 48.79700
31 5 20 11 20 8628.20000 6.63800000 214.60000 42.63000 11.86000 48.79700
31 5 20 11 20 8628.20000 6.63300000 214.60000 42.64000 11.86000 48.79700
31 5 20 11 21 8626.50000 6.63300000 214.67000 42.63000 11.86000 48.71800
31 5 20 11 21 8626.50000 6.63300000 214.69000 42.63000 11.89900 48.77100
31 5 20 11 22 8628.10000 6.63300000 214.70000 42.63000 11.89900 48.77100
31 5 20 11 22 8627.90000 6.63300000 214.70000 42.63000 11.86000 48.77100
31 5 20 11 23 8627.00000 6.63300000 214.69000 42.63000 11.86000 48.77100
31 5 20 11 23 8627.90000 6.63300000 214.69000 42.63000 11.86000 48.77100
31 5 20 11 24 8628.70000 6.63300000 214.69000 42.63000 11.86000 48.77100
31 5 20 11 24 8628.20000 6.63300000 214.69000 42.63000 11.86000 48.77100
31 5 20 11 24 8628.10000 6.63300000 214.69000 42.63000 11.86100 48.77100
31 5 20 11 25 8626.00000 6.63300000 214.76000 42.63000 11.86000 48.77100
31 5 20 11 25 8626.00000 6.63300000 214.78000 42.63000 11.86000 48.77100
31 5 20 11 26 8626.00000 6.63300000 214.78000 42.63000 11.86100 48.77100
31 5 20 11 26 8625.40000 6.63300000 214.79000 42.63000 11.86000 48.77100
31 5 20 11 27 8625.40000 6.63300000 214.79000 42.63000 11.86100 48.77100
31 5 20 11 27 8625.30000 6.63300000 214.70000 42.62000 11.86000 48.77100
31 5 20 11 28 8626.50000 6.63800000 214.71000 42.62000 11.86000 48.80100
31 5 20 11 28 8628.00000 6.63300000 214.71000 42.62000 11.86000 48.80100
31 5 20 11 29 8626.70000 6.63300000 214.71000 42.62000 11.86000 48.80100
31 5 20 11 29 8626.40000 6.63300000 214.70000 42.55000 11.86000 48.80100
31 5 20 11 30 8629.80000 6.63300000 214.48000 42.55000 11.86000 48.80100
31 5 20 11 30 8625.40000 6.63300000 214.39000 42.55000 11.86100 48.77100
31 5 20 11 30 8625.50000 6.63300000 214.44000 42.55000 11.86000 48.80100
31 5 20 11 31 8625.50000 6.63300000 214.57000 42.55000 11.86000 48.80100
31 5 20 11 31 8625.50000 6.63300000 214.61000 42.59000 11.86000 48.77100
31 5 20 11 32 8625.40000 6.60200000 214.44000 42.57000 11.86000 48.88900
31 5 20 11 32 8629.30000 6.60200000 214.68000 42.55000 11.86000 48.88900
