M=[
 3 5 21 08 44 48811.80000 41.50400000 2651.56000 232.66000 36.00000 208.29000
 3 5 21 08 45 48803.60000 41.52200000 2645.21000 232.66000 36.00000 208.29000
 3 5 21 08 45 48822.90000 41.49900000 2646.46000 232.39000 36.00000 208.51900
 3 5 21 08 46 48800.10000 41.26400000 2642.49000 232.42000 36.00000 208.51900
 3 5 21 08 46 48789.20000 41.25800000 2641.57000 232.35000 36.00000 208.36200
 3 5 21 08 47 48802.70000 41.36700000 2642.99000 231.91000 36.00000 208.36200
 3 5 21 08 47 48797.20000 41.52600000 2645.69000 232.24000 36.00000 208.36200
 3 5 21 08 47 48805.20000 41.37700000 2647.25000 232.48000 36.00000 208.36200
 3 5 21 08 48 48826.40000 41.40900000 2649.63000 232.68000 36.00000 208.56000
 3 5 21 08 48 48829.10000 41.50400000 2647.00000 232.36000 36.00000 208.56000
 3 5 21 08 49 48801.80000 41.54600000 2647.22000 232.36000 36.00000 208.56000
 3 5 21 08 49 48831.50000 41.54600000 2648.34000 232.43000 36.00000 208.98800
 3 5 21 08 50 48867.50000 41.58800000 2650.00000 233.08000 36.00000 208.98800
 3 5 21 08 50 48850.80000 41.59200000 2649.41000 233.29000 36.00000 208.98800
 3 5 21 08 50 48854.90000 41.57400000 2648.34000 233.29000 36.00000 209.14800
 3 5 21 08 51 48855.30000 41.53400000 2650.00000 233.29000 36.00000 209.14800
 3 5 21 08 51 48854.50000 41.61000000 2650.00000 233.29000 36.00000 209.14800
 3 5 21 08 52 48887.20000 41.68600000 2653.17000 232.86000 36.00000 209.14800
 3 5 21 08 52 48887.60000 41.78100000 2655.00000 232.86000 36.00000 209.14800
 3 5 21 08 53 48887.60000 41.63500000 2655.00000 232.86000 36.00000 209.14800
 3 5 21 08 53 48887.60000 41.59400000 2652.23000 232.89000 36.00000 209.14800
 3 5 21 08 53 48872.50000 41.26900000 2648.80000 232.89000 36.00000 209.14800
 3 5 21 08 54 48865.90000 41.59900000 2649.22000 232.75000 36.00000 209.14800
 3 5 21 08 54 48869.60000 41.48000000 2650.99000 232.75000 36.00000 209.14800
 3 5 21 08 55 48860.40000 41.53300000 2650.75000 232.70000 36.00000 209.12600
 3 5 21 08 55 48860.00000 41.51100000 2648.74000 232.57000 36.00000 209.12600
 3 5 21 08 56 48830.00000 41.44000000 2647.35000 232.61000 36.00000 209.12600
 3 5 21 08 56 48848.70000 41.40000000 2648.82000 232.52000 36.00000 209.12600
 3 5 21 08 56 48848.70000 41.35000000 2647.39000 232.66000 36.00000 209.12600
 3 5 21 08 57 48832.80000 41.37000000 2646.89000 232.58000 36.00000 208.93500
 3 5 21 08 57 48843.20000 41.35000000 2645.98000 232.59000 36.00000 208.93500
 3 5 21 08 58 48840.00000 41.31500000 2645.99000 232.63000 36.00000 208.93500
 3 5 21 08 58 48860.40000 41.28800000 2646.00000 232.66000 36.00000 208.93500
 3 5 21 08 59 48850.00000 41.18600000 2645.98000 232.67000 36.00000 208.93500
 3 5 21 08 59 48854.80000 41.40600000 2644.99000 232.68000 36.00000 208.93500
 3 5 21 08 59 48859.10000 41.35100000 2644.99000 232.68000 36.00000 208.93500
 3 5 21 09 00 48869.50000 41.40800000 2649.78000 232.71000 36.00000 208.93500
 3 5 21 09 00 48879.00000 41.28500000 2649.09000 232.67000 36.00000 209.12600
 3 5 21 09 01 48869.60000 41.39700000 2648.22000 232.67000 36.00100 209.12600
 3 5 21 09 01 48803.70000 41.38400000 2646.04000 232.57000 36.00100 209.12600
 3 5 21 09 02 48799.50000 41.30000000 2639.40000 232.23000 36.00100 209.12600
 3 5 21 09 02 48775.70000 41.24800000 2640.35000 232.23000 36.00100 209.12600
 3 5 21 09 02 48777.00000 41.13300000 2640.34000 232.16000 36.00100 209.12600
 3 5 21 09 03 48776.90000 41.19200000 2641.81000 232.16000 35.94800 209.12600
 3 5 21 09 03 48768.30000 40.90000000 2640.80000 231.83000 35.94800 208.71000
 3 5 21 09 04 48815.30000 41.08600000 2636.35000 232.15000 35.94800 208.67100
 3 5 21 09 04 48764.60000 40.96000000 2630.53000 232.06000 35.94800 208.67100
 3 5 21 09 05 48750.00000 40.91700000 2628.38000 231.60000 35.94800 208.67100
 3 5 21 09 05 48622.60000 40.93000000 2625.00000 231.06000 35.94800 208.67100
 3 5 21 09 05 48648.10000 40.90000000 2625.56000 230.84000 35.94800 207.67600
 3 5 21 09 06 48651.20000 40.94000000 2625.54000 230.84000 35.93600 207.86900
 3 5 21 09 06 48639.90000 41.10200000 2626.84000 230.80000 36.12000 207.86900
 3 5 21 09 07 48640.10000 41.22000000 2626.93000 230.39000 36.12000 207.85700
 3 5 21 09 07 48615.50000 41.23600000 2627.00000 230.40000 36.12000 207.85700
 3 5 21 09 08 48544.10000 41.04600000 2626.00000 230.39000 36.12000 207.85700
 3 5 21 09 08 48478.40000 40.89600000 2615.41000 229.84000 36.12000 207.20600
 3 5 21 09 08 48486.40000 40.80900000 2615.72000 229.70000 36.12000 207.20600
 3 5 21 09 09 48490.20000 40.80900000 2619.71000 229.82000 36.12000 207.20600
 3 5 21 09 09 48511.60000 40.80900000 2620.50000 230.41000 36.12000 206.84100
 3 5 21 09 10 48525.60000 40.80900000 2621.24000 230.61000 36.04400 206.84100
 3 5 21 09 10 48583.10000 41.02500000 2625.61000 230.61000 35.93600 206.84100
 3 5 21 09 11 48580.90000 41.02400000 2626.71000 230.62000 35.93600 206.84100
 3 5 21 09 11 48593.80000 41.02500000 2626.38000 230.34000 35.93600 207.45500
 3 5 21 09 11 48602.00000 41.02500000 2630.93000 230.45000 35.93600 207.45500
 3 5 21 09 12 48530.60000 40.94700000 2626.11000 230.00000 35.93600 207.45500
 3 5 21 09 12 48552.50000 41.00100000 2629.08000 230.17000 35.93600 207.45500
 3 5 21 09 13 48556.10000 41.00100000 2627.22000 230.51000 35.66300 207.45500
 3 5 21 09 13 48571.00000 40.94600000 2626.03000 230.46000 35.66300 207.45500
 3 5 21 09 14 48562.50000 40.92700000 2622.04000 230.45000 35.66300 207.45500
 3 5 21 09 14 48574.40000 40.97100000 2625.85000 230.48000 35.66300 207.45500
 3 5 21 09 14 48578.70000 41.08400000 2626.41000 230.48000 35.55300 207.45500
 3 5 21 09 15 48577.00000 41.13300000 2625.51000 230.75000 35.55300 207.45500
 3 5 21 09 15 48605.10000 41.15600000 2627.99000 230.75000 35.55300 207.45500
 3 5 21 09 16 48620.50000 41.24800000 2632.34000 230.96000 35.66200 207.45500
 3 5 21 09 16 48636.80000 41.24800000 2632.34000 230.89000 35.66200 207.45500
 3 5 21 09 17 48643.10000 41.28000000 2632.23000 230.93000 35.66200 207.45500
 3 5 21 09 17 48640.10000 41.28000000 2634.32000 230.77000 35.66200 207.45500
 3 5 21 09 17 48630.70000 41.28000000 2634.73000 230.77000 35.66200 207.45500
 3 5 21 09 18 48618.10000 41.22900000 2634.99000 230.89000 35.66200 207.45500
 3 5 21 09 18 48630.50000 41.23000000 2635.00000 231.05000 35.66200 207.18400
 3 5 21 09 19 48616.90000 41.23000000 2635.00000 231.16000 35.75500 207.18400
 3 5 21 09 19 48618.50000 41.22800000 2635.38000 231.49000 35.75500 207.18400
 3 5 21 09 20 48602.30000 41.14800000 2633.70000 231.23000 35.75500 207.18400
 3 5 21 09 20 48602.00000 41.03300000 2634.82000 231.11000 35.75500 207.18400
 3 5 21 09 20 48602.10000 41.03300000 2634.04000 231.25000 35.69900 207.18400
 3 5 21 09 21 48603.00000 41.07300000 2637.30000 231.27000 35.69900 207.18400
 3 5 21 09 21 48621.00000 41.16100000 2636.92000 231.26000 35.69900 207.18400
 3 5 21 09 22 48633.80000 41.16100000 2636.91000 231.36000 35.69900 207.46100
 3 5 21 09 22 48625.00000 41.19200000 2636.92000 231.25000 35.69900 207.46100
 3 5 21 09 23 48627.80000 41.18800000 2635.00000 231.29000 35.69900 207.46100
 3 5 21 09 23 48638.80000 41.20000000 2635.92000 231.36000 35.69900 207.46100
 3 5 21 09 23 48634.50000 41.14900000 2634.90000 231.06000 35.69900 207.46100
 3 5 21 09 24 48634.20000 41.18500000 2632.30000 231.06000 35.69900 207.46100
 3 5 21 09 24 48628.60000 41.09700000 2633.04000 231.06000 35.69900 207.46100
 3 5 21 09 25 48623.70000 41.10500000 2632.29000 231.11000 35.55400 207.46100
 3 5 21 09 25 48569.60000 41.09600000 2630.61000 231.08000 35.55400 207.24900
 3 5 21 09 26 48576.20000 41.06000000 2630.31000 230.83000 35.55400 207.24900
 3 5 21 09 26 48628.10000 41.00700000 2630.66000 230.83000 35.55400 207.15300
 3 5 21 09 26 48639.30000 41.10500000 2632.48000 231.31000 35.55400 207.15300
 3 5 21 09 27 48641.70000 41.03400000 2632.49000 231.13000 35.55400 207.15300
 3 5 21 09 27 48603.00000 41.13500000 2630.01000 231.13000 35.55400 207.15300
 3 5 21 09 28 48619.90000 41.13500000 2629.80000 231.15000 35.55400 207.15300
