M=[
25 12 20 15 12 19849.10000 4.64500000 510.49000 98.91000 14.68200 52.21800
25 12 20 15 13 19849.10000 4.64500000 510.33000 98.81000 14.68200 52.21800
25 12 20 15 13 19843.70000 4.64500000 510.55000 98.82000 14.68200 52.21800
25 12 20 15 14 19815.80000 4.64500000 510.42000 98.74000 14.68200 52.21800
25 12 20 15 14 19802.00000 4.64500000 509.76000 98.62000 14.68200 52.21800
25 12 20 15 15 19802.10000 4.64500000 509.76000 98.64000 14.68200 52.21800
25 12 20 15 15 19809.50000 4.64500000 509.88000 98.62000 14.68200 52.21800
25 12 20 15 15 19802.00000 4.64500000 509.70000 98.57000 14.68200 52.20500
25 12 20 15 16 19808.80000 4.64500000 509.67000 98.57000 14.68200 52.20500
25 12 20 15 16 19815.00000 4.64500000 509.67000 98.77000 14.68200 52.20500
25 12 20 15 17 19815.00000 4.64500000 509.67000 98.77000 14.68200 52.20500
25 12 20 15 17 19836.30000 4.64500000 509.98000 98.93000 14.68200 52.20500
25 12 20 15 18 19836.20000 4.64500000 509.95000 98.97000 14.68200 52.20500
25 12 20 15 18 19836.20000 4.64500000 509.95000 98.97000 14.68200 52.20500
25 12 20 15 18 19836.30000 4.64500000 510.10000 98.97000 14.68100 52.20500
25 12 20 15 19 19855.40000 4.67400000 510.21000 98.99000 14.68100 52.20500
25 12 20 15 19 19850.10000 4.65400000 510.00000 98.89000 14.68100 52.20500
25 12 20 15 20 19843.90000 4.65400000 510.14000 98.94000 14.68100 52.10300
25 12 20 15 20 19843.60000 4.65400000 510.49000 99.01000 14.68100 52.10300
25 12 20 15 21 19829.10000 4.65400000 510.27000 98.99000 14.68100 52.10300
25 12 20 15 21 19833.10000 4.65400000 510.30000 98.95000 14.68100 52.10300
25 12 20 15 21 19829.60000 4.65400000 509.99000 98.98000 14.68100 52.10300
25 12 20 15 22 19826.70000 4.65400000 509.95000 98.98000 14.68100 52.10300
25 12 20 15 22 19802.10000 4.65400000 509.52000 98.61000 14.68100 52.05600
25 12 20 15 23 19818.40000 4.65400000 509.10000 98.62000 14.68100 52.05600
25 12 20 15 23 19800.10000 4.65400000 508.67000 98.49000 14.68100 52.05600
25 12 20 15 24 19800.00000 4.65400000 508.88000 98.39000 14.68100 52.05600
25 12 20 15 24 19813.30000 4.65400000 508.99000 98.56000 14.68100 52.05600
25 12 20 15 24 19835.90000 4.65100000 509.53000 98.71000 14.68100 52.05600
25 12 20 15 25 19829.20000 4.65100000 509.54000 98.71000 14.68100 52.05600
25 12 20 15 25 19815.00000 4.65100000 508.99000 98.71000 14.68100 52.05600
25 12 20 15 26 19818.70000 4.65100000 509.65000 98.64000 14.68100 52.05600
25 12 20 15 26 19817.40000 4.65100000 509.55000 98.71000 14.68100 52.05600
25 12 20 15 27 19823.20000 4.65100000 509.55000 98.65000 14.68100 52.05600
25 12 20 15 27 19829.10000 4.65100000 509.55000 98.83000 14.68100 52.05600
25 12 20 15 27 19839.60000 4.65100000 509.95000 98.78000 14.68100 52.05600
25 12 20 15 28 19808.40000 4.65100000 509.95000 98.66000 14.68100 52.05600
25 12 20 15 28 19826.30000 4.65100000 509.90000 98.51000 14.68100 52.05600
25 12 20 15 29 19812.20000 4.65100000 509.90000 98.67000 14.68100 52.05600
25 12 20 15 29 19814.20000 4.65500000 509.24000 98.63000 14.68100 52.05600
25 12 20 15 30 19817.20000 4.65500000 509.24000 98.67000 14.68100 52.05600
25 12 20 15 30 19807.60000 4.65500000 509.42000 98.60000 14.68100 52.05600
25 12 20 15 30 19815.40000 4.65500000 509.50000 98.67000 14.68100 52.05600
25 12 20 15 31 19812.70000 4.65500000 509.49000 98.67000 14.68100 52.05600
25 12 20 15 31 19809.00000 4.65500000 509.49000 98.63000 14.68100 52.05600
25 12 20 15 32 19779.90000 4.65500000 509.04000 98.42000 14.68100 52.05600
25 12 20 15 32 19766.30000 4.65500000 509.04000 98.44000 14.68100 52.05600
25 12 20 15 33 19772.60000 4.65500000 508.97000 98.48000 14.68100 52.05600
25 12 20 15 33 19727.90000 4.65500000 509.14000 98.25000 14.68100 52.05600
25 12 20 15 33 19740.70000 4.65500000 508.43000 98.30000 14.68100 52.05600
25 12 20 15 34 19789.00000 4.65500000 508.74000 98.29000 14.68100 52.05600
25 12 20 15 34 19795.70000 4.65500000 508.87000 98.29000 14.68100 52.05600
25 12 20 15 35 19786.00000 4.65500000 508.75000 98.28000 14.68100 52.05600
25 12 20 15 35 19794.30000 4.65500000 508.90000 98.40000 14.68100 52.05600
25 12 20 15 36 19800.00000 4.65500000 509.23000 98.61000 14.68100 52.05600
25 12 20 15 36 19807.30000 4.65500000 509.14000 98.60000 14.68100 52.05600
25 12 20 15 36 19812.20000 4.65500000 509.14000 98.49000 14.68100 52.05600
25 12 20 15 37 19810.80000 4.65500000 509.14000 98.55000 14.68100 52.05600
25 12 20 15 37 19800.00000 4.65500000 509.02000 98.47000 14.68100 52.05600
25 12 20 15 38 19803.60000 4.64200000 508.86000 98.47000 14.68100 52.05600
25 12 20 15 38 19800.10000 4.64800000 509.23000 98.57000 14.68100 52.05600
25 12 20 15 39 19797.50000 4.66500000 508.83000 98.57000 14.68100 52.05600
25 12 20 15 39 19812.70000 4.66500000 509.01000 98.58000 14.68100 52.05600
25 12 20 15 39 19808.40000 4.66500000 509.01000 98.67000 14.68100 52.05600
25 12 20 15 40 19812.70000 4.66500000 509.01000 98.67000 14.68100 52.05600
25 12 20 15 40 19800.10000 4.66500000 509.00000 98.67000 14.68100 52.05600
25 12 20 15 41 19787.00000 4.66500000 509.00000 98.60000 14.68100 52.05600
25 12 20 15 41 19777.20000 4.66500000 508.50000 98.57000 14.68100 52.05600
25 12 20 15 42 19780.60000 4.66500000 508.39000 98.58000 14.68100 52.05600
25 12 20 15 42 19788.20000 4.66500000 508.50000 98.58000 14.68100 52.05600
25 12 20 15 42 19787.00000 4.66500000 508.75000 98.58000 14.68100 52.05600
25 12 20 15 43 19794.60000 4.66500000 508.52000 98.58000 14.68100 52.05600
25 12 20 15 43 19788.60000 4.66500000 508.28000 98.52000 14.68100 52.05600
25 12 20 15 44 19780.50000 4.65000000 508.40000 98.31000 14.68100 52.05600
25 12 20 15 44 19770.10000 4.65000000 508.40000 98.27000 14.68100 52.05600
25 12 20 15 45 19794.10000 4.65000000 508.40000 98.34000 14.68100 52.05600
25 12 20 15 45 19818.20000 4.65000000 508.40000 98.68000 14.68100 52.05600
25 12 20 15 45 19794.70000 4.65000000 508.40000 98.33000 14.68100 52.05600
25 12 20 15 46 19787.70000 4.65000000 507.79000 98.44000 14.68100 52.05600
25 12 20 15 46 19780.00000 4.65000000 507.14000 98.27000 14.68100 52.05600
25 12 20 15 47 19761.10000 4.65000000 506.28000 98.24000 14.68100 52.05600
25 12 20 15 47 19761.00000 4.65100000 505.91000 98.23000 14.68100 52.05600
25 12 20 15 48 19776.40000 4.65100000 506.02000 98.29000 14.68100 52.05600
25 12 20 15 48 19799.80000 4.65100000 507.10000 98.40000 14.68100 52.05600
25 12 20 15 48 19794.60000 4.64800000 506.93000 98.42000 14.68100 52.05600
25 12 20 15 49 19791.20000 4.64800000 506.94000 98.47000 14.68100 52.05600
25 12 20 15 49 19786.80000 4.64800000 507.19000 98.49000 14.68100 52.05600
25 12 20 15 50 19765.30000 4.64800000 506.94000 98.36000 14.68100 52.05600
25 12 20 15 50 19781.40000 4.64800000 506.94000 98.42000 14.68100 52.05600
25 12 20 15 51 19786.70000 4.64800000 507.16000 98.46000 14.68100 52.05600
25 12 20 15 51 19790.10000 4.64800000 507.16000 98.46000 14.68100 52.05600
25 12 20 15 51 19776.70000 4.64800000 506.75000 98.33000 14.68100 52.05600
25 12 20 15 52 19767.90000 4.64800000 506.68000 98.27000 14.68100 52.05600
25 12 20 15 52 19770.00000 4.64800000 506.69000 98.27000 14.68100 52.05600
25 12 20 15 53 19766.70000 4.64800000 506.70000 98.27000 14.68100 52.05600
25 12 20 15 53 19749.00000 4.64800000 505.87000 98.14000 14.68100 52.05600
25 12 20 15 54 19755.60000 4.64800000 506.57000 98.24000 14.68100 52.05600
25 12 20 15 54 19744.30000 4.64800000 506.18000 97.98000 14.68100 52.05600
25 12 20 15 54 19720.40000 4.64800000 505.58000 97.60000 14.68100 52.05600
25 12 20 15 55 19711.00000 4.64800000 504.95000 97.59000 14.68100 52.05600
25 12 20 15 55 19708.40000 4.64800000 505.25000 97.67000 14.68100 52.05600
25 12 20 15 56 19673.60000 4.64800000 503.68000 97.28000 14.60400 52.05600
25 12 20 15 56 19682.70000 4.63300000 503.71000 97.26000 14.60400 51.80200
25 12 20 15 57 19692.80000 4.63300000 503.90000 97.24000 14.60400 51.80200
25 12 20 15 57 19709.90000 4.63300000 503.80000 97.10000 14.61100 51.80200
25 12 20 15 57 19687.50000 4.63300000 503.49000 96.79000 14.61100 51.80200
