M=[
23 12 20 13 16 19581.00000 4.41400000 507.37000 91.56000 14.30200 52.93000
23 12 20 13 16 19586.00000 4.41400000 507.99000 91.70000 14.30200 52.93000
23 12 20 13 17 19611.00000 4.41400000 508.26000 92.02000 14.30200 52.96700
23 12 20 13 17 19642.00000 4.41400000 508.72000 92.23000 14.30200 52.96700
23 12 20 13 18 19665.00000 4.41400000 508.83000 92.84000 14.30200 53.02000
23 12 20 13 18 19656.30000 4.41400000 509.18000 93.00000 14.30200 53.02000
23 12 20 13 19 19658.80000 4.41400000 509.21000 92.66000 14.30200 53.02000
23 12 20 13 19 19684.60000 4.48100000 509.97000 93.16000 14.30200 53.02000
23 12 20 13 19 19699.00000 4.45100000 510.34000 93.54000 14.30200 53.02000
23 12 20 13 20 19699.90000 4.45100000 510.44000 93.27000 14.56800 53.02000
23 12 20 13 20 19749.70000 4.47900000 510.43000 93.40000 14.56800 53.14200
23 12 20 13 21 19723.40000 4.47900000 510.45000 93.11000 14.56800 53.14200
23 12 20 13 21 19761.00000 4.43600000 510.73000 93.88000 14.56800 53.14200
23 12 20 13 22 19777.60000 4.47700000 511.44000 93.57000 14.56800 53.14200
23 12 20 13 22 19738.90000 4.45700000 511.02000 93.47000 14.56800 53.16000
23 12 20 13 22 19712.50000 4.45700000 510.66000 93.06000 14.56800 53.16000
23 12 20 13 23 19684.00000 4.45700000 510.03000 92.74000 14.56800 53.16000
23 12 20 13 23 19659.60000 4.45500000 509.82000 92.57000 14.56800 53.16000
23 12 20 13 24 19599.90000 4.45700000 507.46000 92.05000 14.56700 52.95000
23 12 20 13 24 19599.50000 4.43600000 508.05000 92.00000 14.56700 52.95000
23 12 20 13 25 19639.90000 4.44600000 508.49000 92.32000 14.56700 52.95000
23 12 20 13 25 19594.80000 4.44100000 508.01000 91.92000 14.56700 52.95000
23 12 20 13 25 19540.20000 4.44100000 506.61000 91.44000 14.41500 52.95000
23 12 20 13 26 19559.00000 4.44100000 507.00000 91.72000 14.41500 52.95000
23 12 20 13 26 19580.80000 4.44100000 506.93000 91.42000 14.41500 52.96900
23 12 20 13 27 19595.40000 4.43500000 507.52000 91.71000 14.41500 52.96900
23 12 20 13 27 19614.90000 4.43800000 507.63000 91.62000 14.41500 52.96900
23 12 20 13 28 19609.90000 4.43800000 508.00000 91.59000 14.41500 52.96900
23 12 20 13 28 19596.50000 4.43800000 506.97000 91.35000 14.41500 52.96900
23 12 20 13 28 19598.20000 4.43800000 507.31000 91.48000 14.41500 52.96900
23 12 20 13 29 19588.40000 4.43800000 506.56000 91.50000 14.41500 52.96900
23 12 20 13 29 19588.40000 4.43800000 506.39000 91.39000 14.41500 52.96900
23 12 20 13 30 19612.80000 4.43800000 507.04000 91.41000 14.41500 52.96900
23 12 20 13 30 19611.80000 4.44100000 506.81000 91.38000 14.41500 52.96900
23 12 20 13 31 19588.40000 4.44300000 506.81000 91.00000 14.41500 52.96900
23 12 20 13 31 19550.00000 4.43100000 506.49000 90.85000 14.41500 52.96900
23 12 20 13 31 19525.50000 4.43100000 506.08000 90.73000 14.41500 52.96900
23 12 20 13 32 19531.50000 4.43100000 505.92000 90.63000 14.41500 52.96900
23 12 20 13 32 19529.90000 4.43100000 505.12000 90.89000 14.41500 52.96900
23 12 20 13 33 19525.10000 4.43100000 505.18000 90.65000 14.41500 52.96900
23 12 20 13 33 19500.00000 4.43100000 505.19000 90.61000 14.41500 52.96900
23 12 20 13 33 19480.20000 4.43100000 504.49000 90.45000 14.41500 52.96900
23 12 20 13 34 19508.80000 4.43100000 505.18000 90.62000 14.50600 52.96900
23 12 20 13 34 19509.40000 4.43100000 505.19000 90.49000 14.50600 52.96900
23 12 20 13 35 19512.10000 4.43100000 505.19000 90.48000 14.50600 52.96900
23 12 20 13 35 19530.00000 4.43100000 505.73000 90.81000 14.50600 52.96900
23 12 20 13 36 19550.00000 4.43100000 505.87000 91.17000 14.50600 52.96900
23 12 20 13 36 19512.20000 4.43100000 505.99000 91.17000 14.50600 52.96900
23 12 20 13 36 19506.20000 4.43100000 505.53000 91.17000 14.50600 52.96900
23 12 20 13 37 19520.70000 4.43100000 505.99000 90.82000 14.50600 52.96900
23 12 20 13 37 19528.80000 4.43100000 506.00000 91.04000 14.50600 52.96900
23 12 20 13 38 19534.60000 4.43100000 506.38000 91.04000 14.50600 52.96900
23 12 20 13 38 19547.90000 4.43100000 506.32000 90.98000 14.50600 52.96900
23 12 20 13 39 19526.10000 4.43100000 506.00000 90.85000 14.50600 52.96900
23 12 20 13 39 19502.20000 4.43100000 506.00000 90.84000 14.50600 52.96900
23 12 20 13 39 19502.90000 4.43100000 505.49000 90.56000 14.50600 52.96900
23 12 20 13 40 19487.00000 4.42200000 505.63000 90.62000 14.50600 52.96900
23 12 20 13 40 19495.30000 4.42200000 505.22000 90.62000 14.50600 52.96900
23 12 20 13 41 19561.50000 4.42200000 505.92000 90.91000 14.50600 52.96900
23 12 20 13 41 19555.70000 4.45200000 506.52000 91.13000 14.50600 52.96900
23 12 20 13 42 19564.10000 4.43400000 506.44000 91.14000 14.50600 52.96900
23 12 20 13 42 19551.00000 4.43400000 505.66000 90.73000 14.50600 52.84000
23 12 20 13 42 19534.40000 4.43400000 505.57000 90.70000 14.50600 52.67700
23 12 20 13 43 19530.10000 4.43400000 505.16000 90.58000 14.50600 52.67700
23 12 20 13 43 19551.00000 4.43400000 505.84000 90.97000 14.50600 52.67700
23 12 20 13 44 19531.10000 4.43400000 505.51000 90.90000 14.50600 52.67700
23 12 20 13 44 19542.60000 4.43400000 505.85000 91.00000 14.50600 52.67700
23 12 20 13 45 19531.10000 4.43400000 505.51000 91.00000 14.50600 52.67700
23 12 20 13 45 19550.80000 4.43400000 505.98000 91.06000 14.50600 52.67600
23 12 20 13 45 19546.30000 4.43400000 505.97000 91.09000 14.50600 52.67600
23 12 20 13 46 19558.60000 4.43400000 506.32000 91.25000 14.50600 52.67600
23 12 20 13 46 19558.40000 4.43400000 506.40000 91.33000 14.50600 52.67600
23 12 20 13 47 19565.00000 4.43400000 506.62000 91.32000 14.50600 52.67600
23 12 20 13 47 19540.90000 4.43400000 506.45000 91.22000 14.50600 52.67600
23 12 20 13 48 19507.10000 4.43400000 505.99000 90.96000 14.50600 52.67600
23 12 20 13 48 19450.20000 4.43400000 505.98000 90.63000 14.50600 52.67600
23 12 20 13 48 19480.20000 4.43400000 505.28000 90.70000 14.50600 52.67600
23 12 20 13 49 19448.30000 4.43400000 504.58000 90.50000 14.50600 52.67600
23 12 20 13 49 19459.30000 4.43400000 504.47000 90.50000 14.50600 52.67600
23 12 20 13 50 19468.10000 4.43400000 504.91000 90.60000 14.50600 52.67600
23 12 20 13 50 19330.10000 4.43500000 501.28000 90.02000 14.50600 52.25000
23 12 20 13 51 19330.00000 4.42000000 500.91000 89.92000 14.50600 52.18000
23 12 20 13 51 19304.20000 4.42000000 499.60000 89.74000 14.50600 52.25000
23 12 20 13 51 19315.10000 4.40200000 500.13000 89.85000 14.50600 52.12000
23 12 20 13 52 19323.90000 4.40200000 500.44000 89.63000 14.50600 52.12000
23 12 20 13 52 19329.50000 4.40200000 499.55000 89.65000 14.50600 52.12000
23 12 20 13 53 19338.50000 4.40200000 500.00000 89.63000 14.50600 52.12000
23 12 20 13 53 19336.60000 4.40200000 498.79000 89.50000 14.50600 52.12000
23 12 20 13 54 19353.90000 4.40200000 499.52000 89.79000 14.50600 52.12000
23 12 20 13 54 19348.10000 4.40200000 498.77000 89.61000 14.50600 52.12000
23 12 20 13 54 19350.00000 4.40200000 499.07000 89.58000 14.50600 52.12000
23 12 20 13 55 19363.20000 4.41200000 499.16000 89.64000 14.50600 52.12000
23 12 20 13 55 19350.00000 4.41200000 498.48000 89.37000 14.50600 52.12000
23 12 20 13 56 19350.90000 4.40500000 497.49000 89.20000 14.50600 52.12000
23 12 20 13 56 19322.20000 4.40500000 497.91000 89.19000 14.50600 52.12000
23 12 20 13 57 19300.10000 4.39000000 496.99000 88.04000 14.50600 52.09700
23 12 20 13 57 19277.40000 4.37300000 496.64000 88.22000 14.50600 52.09700
23 12 20 13 57 19285.70000 4.37300000 497.39000 87.80000 14.50600 52.09700
23 12 20 13 58 19338.90000 4.37900000 497.72000 88.42000 14.50600 52.09700
23 12 20 13 58 19329.90000 4.38600000 497.48000 88.51000 14.50600 52.09700
23 12 20 13 59 19340.00000 4.38600000 497.87000 88.43000 14.50600 52.09700
23 12 20 13 59 19362.20000 4.38600000 498.37000 88.84000 14.50600 52.09700
23 12 20 14 00 19389.90000 4.38600000 499.06000 88.86000 14.50600 52.09700
23 12 20 14 00 19373.80000 4.37500000 498.17000 88.69000 14.50600 52.09700
23 12 20 14 00 19360.40000 4.37500000 498.24000 88.52000 14.50600 52.09700
23 12 20 14 01 19362.60000 4.38500000 498.28000 88.58000 14.50600 52.09700
