M=[
30 12 20 23 31 23463.30000 4.59400000 610.82000 103.91000 13.99600 51.87000
30 12 20 23 31 23450.50000 4.59400000 610.72000 103.94000 13.99600 51.87000
30 12 20 23 32 23463.80000 4.59400000 610.14000 104.01000 13.99600 51.77000
30 12 20 23 32 23459.20000 4.59400000 609.90000 104.01000 13.99600 51.77000
30 12 20 23 32 23450.90000 4.59400000 609.49000 104.01000 13.99600 51.77000
30 12 20 23 33 23451.80000 4.59400000 609.72000 104.01000 13.99600 51.77000
30 12 20 23 33 23452.00000 4.59400000 609.72000 104.01000 13.99600 51.77000
30 12 20 23 34 23450.30000 4.59400000 609.69000 104.01000 13.99600 51.77000
30 12 20 23 34 23453.80000 4.59400000 609.69000 104.01000 13.99600 51.77000
30 12 20 23 35 23447.80000 4.59400000 609.69000 104.07000 13.99600 51.77000
30 12 20 23 35 23455.00000 4.59400000 609.73000 104.07000 13.99600 51.77000
30 12 20 23 35 23455.00000 4.59400000 609.73000 104.07000 13.99600 51.77000
30 12 20 23 36 23496.00000 4.59400000 609.86000 104.12000 13.99600 51.77000
30 12 20 23 36 23487.30000 4.59400000 609.58000 104.12000 13.99600 51.77000
30 12 20 23 37 23492.50000 4.59400000 609.55000 104.16000 13.99600 51.77000
30 12 20 23 37 23492.50000 4.59400000 609.49000 104.16000 13.99600 51.77000
30 12 20 23 38 23497.70000 4.59400000 609.90000 104.10000 13.99600 51.77000
30 12 20 23 38 23497.70000 4.59400000 609.74000 104.10000 13.99600 51.77000
30 12 20 23 38 23496.80000 4.59400000 609.74000 104.10000 13.99600 51.77000
30 12 20 23 39 23497.20000 4.59400000 609.74000 104.10000 13.99600 51.77000
30 12 20 23 39 23483.90000 4.59400000 610.00000 104.10000 13.99600 51.77000
30 12 20 23 40 23467.50000 4.59400000 610.00000 104.13000 13.99600 51.76000
30 12 20 23 40 23484.90000 4.59400000 610.68000 104.13000 13.99600 51.76000
30 12 20 23 41 23470.20000 4.59400000 610.63000 104.16000 13.99600 51.76000
30 12 20 23 41 23471.10000 4.59400000 610.74000 104.21000 13.99600 51.76000
30 12 20 23 41 23470.00000 4.59400000 610.60000 104.22000 13.99600 51.76000
30 12 20 23 42 23474.90000 4.59400000 610.84000 104.22000 13.99600 52.02600
30 12 20 23 42 23472.80000 4.59400000 611.13000 104.24000 13.99600 52.02600
30 12 20 23 43 23472.80000 4.59400000 611.13000 104.37000 13.99600 52.02600
30 12 20 23 43 23470.00000 4.59400000 611.14000 104.37000 13.99600 52.02600
30 12 20 23 44 23470.10000 4.59400000 611.52000 104.37000 13.99600 52.02600
30 12 20 23 44 23469.20000 4.59400000 611.52000 104.37000 13.99600 52.02600
30 12 20 23 44 23469.10000 4.59400000 611.43000 104.37000 13.99600 52.02600
30 12 20 23 45 23446.40000 4.59400000 611.03000 104.37000 13.99600 52.02600
30 12 20 23 45 23441.60000 4.59400000 611.03000 104.45000 13.99600 52.02600
30 12 20 23 46 23472.90000 4.59400000 611.63000 104.74000 13.99600 52.02600
30 12 20 23 46 23479.80000 4.59400000 612.20000 104.85000 13.99600 52.02600
30 12 20 23 47 23476.90000 4.59400000 612.34000 104.76000 13.99600 52.02600
30 12 20 23 47 23480.30000 4.59400000 612.49000 104.87000 13.99600 52.02600
30 12 20 23 47 23477.20000 4.59400000 612.49000 104.91000 13.99600 52.02600
30 12 20 23 48 23476.90000 4.59400000 612.95000 105.04000 13.99600 52.02600
30 12 20 23 48 23448.10000 4.59400000 612.61000 104.97000 13.99600 52.02600
30 12 20 23 49 23434.70000 4.59400000 612.28000 104.97000 13.99600 52.02600
30 12 20 23 49 23440.50000 4.59400000 612.04000 104.97000 13.99600 52.02600
30 12 20 23 50 23424.90000 4.59400000 612.03000 104.97000 13.99600 52.02600
30 12 20 23 50 23421.80000 4.59400000 611.70000 105.13000 13.99600 52.02600
30 12 20 23 50 23424.10000 4.59400000 612.18000 105.49000 13.99600 52.02600
30 12 20 23 51 23432.60000 4.59400000 612.18000 105.47000 13.99600 52.02600
30 12 20 23 51 23432.70000 4.59400000 612.00000 105.36000 13.99600 52.02600
30 12 20 23 52 23432.80000 4.59400000 612.00000 105.43000 13.99600 52.02600
30 12 20 23 52 23438.20000 4.59400000 611.89000 105.47000 13.88700 52.02600
30 12 20 23 53 23432.90000 4.59400000 611.94000 105.47000 13.88700 52.02600
30 12 20 23 53 23422.70000 4.59400000 612.11000 105.47000 13.88700 52.02600
30 12 20 23 53 23417.50000 4.59400000 612.11000 105.47000 13.88700 52.07200
30 12 20 23 54 23431.30000 4.59400000 612.20000 105.47000 13.88700 52.07200
30 12 20 23 54 23435.80000 4.59400000 612.48000 105.51000 13.88700 52.07200
30 12 20 23 55 23427.80000 4.59400000 612.38000 105.50000 13.88700 52.07200
30 12 20 23 55 23426.40000 4.59400000 611.74000 105.46000 13.88700 52.05400
30 12 20 23 56 23419.20000 4.59400000 611.72000 105.20000 13.88700 52.05400
30 12 20 23 56 23418.70000 4.59400000 611.65000 105.26000 13.88700 52.05400
30 12 20 23 56 23423.80000 4.59400000 611.65000 105.07000 13.88700 52.05400
30 12 20 23 57 23434.00000 4.59400000 611.30000 105.07000 13.88700 52.05400
30 12 20 23 57 23449.30000 4.59400000 611.30000 105.25000 13.88700 52.05400
30 12 20 23 58 23463.60000 4.59400000 611.55000 105.52000 13.88700 52.18000
30 12 20 23 58 23472.20000 4.59400000 611.88000 105.65000 13.88700 52.18000
30 12 20 23 59 23479.90000 4.59400000 611.88000 105.69000 13.88700 52.18000
30 12 20 23 59 23479.90000 4.59400000 611.88000 105.69000 13.88700 52.18000
30 12 20 23 59 23481.30000 4.59400000 611.77000 105.70000 13.88700 52.18000
31 12 20 00 00 23485.80000 4.59400000 612.40000 105.75000 13.95300 52.18000
31 12 20 00 00 23488.90000 4.59400000 613.00000 105.75000 13.95300 52.18000
31 12 20 00 01 23499.00000 4.59400000 612.98000 105.79000 13.95300 52.18000
31 12 20 00 01 23495.90000 4.59400000 612.97000 105.51000 13.95300 52.18000
31 12 20 00 02 23496.80000 4.59400000 611.49000 105.51000 13.95300 52.18000
31 12 20 00 02 23527.60000 4.59400000 611.41000 105.65000 13.95300 52.18000
31 12 20 00 02 23543.20000 4.59400000 612.34000 105.76000 13.95300 52.18000
31 12 20 00 03 23575.10000 4.59400000 612.34000 105.81000 13.95300 52.18000
31 12 20 00 03 23566.00000 4.59400000 612.01000 105.81000 13.95300 52.18000
31 12 20 00 04 23577.60000 4.59400000 611.80000 105.52000 13.95300 52.18000
31 12 20 00 04 23580.00000 4.59400000 611.60000 105.47000 13.95300 52.18000
31 12 20 00 05 23630.90000 4.59400000 613.00000 105.27000 13.95300 52.18000
31 12 20 00 05 23633.90000 4.59400000 612.93000 105.44000 13.95300 52.18000
31 12 20 00 05 23679.80000 4.59400000 613.39000 105.71000 13.95300 52.18000
31 12 20 00 06 23690.00000 4.59400000 613.42000 105.77000 13.95300 52.18000
31 12 20 00 06 23670.70000 4.59400000 613.49000 105.78000 13.95300 52.18000
31 12 20 00 07 23668.70000 4.59400000 613.50000 105.90000 13.95300 52.18000
31 12 20 00 07 23668.70000 4.59400000 613.14000 105.90000 13.95300 52.18000
31 12 20 00 08 23626.50000 4.59400000 613.01000 105.69000 13.95300 52.18000
31 12 20 00 08 23643.50000 4.59400000 613.04000 105.73000 13.95300 52.18000
31 12 20 00 08 23673.50000 4.59400000 613.01000 105.73000 13.95300 52.18000
31 12 20 00 09 23679.90000 4.59400000 613.00000 105.66000 13.95300 52.18000
31 12 20 00 09 23674.90000 4.59400000 612.99000 105.66000 13.95300 52.18000
31 12 20 00 10 23682.90000 4.59400000 612.74000 105.66000 13.95300 52.18000
31 12 20 00 10 23679.90000 4.59400000 612.74000 105.54000 13.95300 52.18000
31 12 20 00 11 23700.00000 4.59400000 612.47000 105.54000 13.95300 52.18000
31 12 20 00 11 23699.90000 4.59400000 612.63000 105.54000 13.95300 52.18000
31 12 20 00 11 23700.00000 4.59400000 612.47000 105.60000 13.95300 52.18000
31 12 20 00 12 23715.00000 4.60600000 612.47000 105.60000 13.95300 52.18000
31 12 20 00 12 23747.30000 4.60600000 612.99000 105.60000 13.95300 52.18000
31 12 20 00 13 23732.20000 4.60600000 612.99000 105.64000 13.95300 52.18000
31 12 20 00 13 23739.90000 4.60600000 612.99000 105.66000 13.95300 52.18000
31 12 20 00 14 23731.20000 4.60600000 612.82000 105.66000 13.99300 52.18000
31 12 20 00 14 23749.70000 4.60600000 612.99000 105.69000 13.99300 52.18000
31 12 20 00 14 23749.70000 4.60600000 613.00000 105.69000 13.99300 52.18000
31 12 20 00 15 23753.10000 4.60600000 613.00000 105.68000 13.99300 52.18000
31 12 20 00 15 23759.30000 4.60600000 613.46000 105.68000 13.99300 52.18000
