M=[
21 7 21 00 17 25329.90000 33.31100000 1519.71000 91.20000 15.19700 72.50000
21 7 21 00 17 25298.60000 33.31100000 1519.71000 91.20000 15.19700 72.50000
21 7 21 00 18 25299.50000 33.31100000 1517.59000 91.20000 15.19700 72.50000
21 7 21 00 18 25297.00000 33.31100000 1517.59000 91.20000 15.19700 72.50000
21 7 21 00 19 25305.10000 33.31100000 1517.59000 91.20000 15.19700 72.50000
21 7 21 00 19 25280.00000 33.31100000 1518.30000 91.20000 15.19700 72.50000
21 7 21 00 19 25280.10000 33.31100000 1518.30000 91.20000 15.19700 72.50000
21 7 21 00 20 25280.20000 33.31100000 1518.30000 91.20000 15.19700 72.50000
21 7 21 00 20 25280.10000 33.31100000 1518.30000 91.20000 15.19700 72.50000
21 7 21 00 21 25280.00000 33.31100000 1519.23000 91.20000 15.19700 72.50000
21 7 21 00 21 25284.50000 33.31100000 1519.23000 91.01000 15.19700 72.50000
21 7 21 00 22 25270.60000 33.31100000 1517.32000 91.01000 15.19700 72.50000
21 7 21 00 22 25242.90000 33.31100000 1517.31000 91.01000 15.19700 72.50000
21 7 21 00 22 25247.00000 33.31100000 1517.31000 90.74000 15.19700 72.50000
21 7 21 00 23 25242.40000 33.31100000 1515.57000 90.74000 15.19700 72.50000
21 7 21 00 23 25229.80000 33.31100000 1515.87000 90.74000 15.19700 72.50000
21 7 21 00 24 25216.60000 33.31100000 1514.06000 90.60000 15.19700 72.50000
21 7 21 00 24 25216.60000 33.31100000 1514.06000 90.60000 15.19700 72.50000
21 7 21 00 25 25213.60000 33.31100000 1513.34000 90.60000 15.19700 72.50000
21 7 21 00 25 25213.50000 33.31100000 1512.73000 90.36000 15.19700 72.50000
21 7 21 00 25 25213.50000 33.31100000 1512.73000 90.36000 15.19700 72.50000
21 7 21 00 26 25212.90000 33.31100000 1512.74000 90.36000 15.19700 72.50000
21 7 21 00 26 25213.00000 33.31100000 1512.74000 90.36000 15.19700 72.50000
21 7 21 00 27 25212.90000 33.31100000 1512.74000 90.36000 15.19700 72.50000
21 7 21 00 27 25212.90000 33.31100000 1511.97000 90.36000 15.19700 72.50000
21 7 21 00 28 25201.20000 33.31100000 1512.05000 90.36000 15.19700 72.22300
21 7 21 00 28 25201.20000 33.31100000 1510.15000 90.36000 15.19700 72.22300
21 7 21 00 28 25201.90000 33.31100000 1511.12000 90.36000 15.19700 72.22300
21 7 21 00 29 25209.00000 33.31100000 1509.80000 90.36000 15.19700 72.22300
21 7 21 00 29 25209.10000 33.31100000 1512.39000 90.36000 15.19700 72.22300
21 7 21 00 30 25209.10000 33.31100000 1511.89000 90.36000 15.19700 72.22300
21 7 21 00 30 25209.10000 33.31100000 1511.46000 90.17000 15.19700 72.22300
21 7 21 00 31 25209.10000 33.31100000 1511.46000 90.17000 15.19700 72.22300
21 7 21 00 31 25197.90000 33.31100000 1508.14000 89.99000 15.28200 72.22300
21 7 21 00 31 25181.30000 33.31100000 1508.01000 89.86000 15.28200 72.04800
21 7 21 00 32 25181.20000 33.31100000 1508.01000 89.91000 15.28200 72.04800
21 7 21 00 32 25168.60000 33.31100000 1508.01000 89.94000 15.28200 72.04800
21 7 21 00 33 25168.60000 33.31100000 1507.77000 89.93000 15.28200 72.04800
21 7 21 00 33 25155.10000 33.31100000 1507.31000 89.93000 15.28200 72.04800
21 7 21 00 34 25122.90000 33.31100000 1507.31000 89.93000 15.28200 72.04800
21 7 21 00 34 25122.80000 33.31100000 1507.31000 89.93000 15.28200 72.04800
21 7 21 00 35 25122.90000 33.09900000 1507.31000 89.85000 15.28200 72.04800
21 7 21 00 35 25127.10000 33.09900000 1507.31000 89.81000 15.28200 72.04800
21 7 21 00 35 25124.10000 33.09900000 1505.89000 89.81000 15.28200 72.04800
21 7 21 00 36 25116.80000 33.09900000 1506.05000 89.81000 15.28200 72.04800
21 7 21 00 36 25114.70000 32.94700000 1506.31000 89.81000 15.28200 72.04800
21 7 21 00 37 25114.30000 33.02000000 1506.02000 89.81000 15.28200 72.04800
21 7 21 00 37 25109.90000 33.02000000 1505.28000 89.57000 15.28200 72.04800
21 7 21 00 38 25113.10000 33.02000000 1505.28000 89.68000 15.28200 72.04800
21 7 21 00 38 25113.10000 33.02000000 1505.28000 89.60000 15.28200 72.04800
21 7 21 00 38 25117.90000 33.02000000 1505.38000 89.59000 15.28200 72.04800
21 7 21 00 39 25115.70000 33.02000000 1505.57000 89.59000 15.28200 72.04800
21 7 21 00 39 25119.00000 33.02000000 1505.57000 89.59000 15.28200 72.04800
21 7 21 00 40 25157.40000 33.02000000 1505.57000 89.82000 15.28200 72.04800
21 7 21 00 40 25158.10000 33.02000000 1505.57000 89.82000 15.28200 72.20000
21 7 21 00 41 25137.70000 33.02000000 1507.88000 89.81000 15.28200 72.20000
21 7 21 00 41 25140.50000 33.02000000 1507.88000 89.81000 15.28200 72.20000
21 7 21 00 41 25130.20000 33.02000000 1507.88000 89.81000 15.28200 72.20000
21 7 21 00 42 25122.60000 33.02000000 1505.39000 89.81000 15.28200 72.20000
21 7 21 00 42 25112.10000 33.02000000 1505.38000 89.81000 15.28200 72.20000
21 7 21 00 43 25125.20000 33.02000000 1505.38000 89.75000 15.28200 72.20000
21 7 21 00 43 25130.20000 33.02000000 1505.38000 89.75000 15.28200 72.20000
21 7 21 00 44 25125.90000 33.02000000 1506.83000 89.75000 15.28200 72.20000
21 7 21 00 44 25126.10000 33.02000000 1505.51000 89.73000 15.28200 72.20000
21 7 21 00 44 25126.20000 33.02000000 1505.27000 89.73000 15.28200 72.20000
21 7 21 00 45 25134.80000 33.02000000 1505.56000 89.73000 15.28200 72.20000
21 7 21 00 45 25134.80000 33.02000000 1505.06000 89.73000 15.28200 72.20000
21 7 21 00 46 25128.70000 33.02000000 1505.06000 89.73000 15.28200 72.20000
21 7 21 00 46 25117.40000 33.02000000 1505.06000 89.73000 15.28200 72.20000
21 7 21 00 47 25117.50000 33.02000000 1503.64000 89.73000 15.28200 72.20000
21 7 21 00 47 25117.50000 33.02000000 1503.98000 89.73000 15.28200 72.20000
21 7 21 00 47 25117.50000 33.02000000 1503.98000 89.73000 15.28200 72.20000
21 7 21 00 48 25117.40000 33.02000000 1504.29000 89.73000 15.28200 72.20000
21 7 21 00 48 25117.50000 33.02000000 1504.50000 89.73000 15.28200 72.20000
21 7 21 00 49 25100.10000 33.02000000 1502.80000 89.56000 15.28200 71.71400
21 7 21 00 49 25100.00000 33.02000000 1502.80000 89.56000 15.28200 71.71400
21 7 21 00 50 25117.30000 33.02000000 1503.47000 89.52000 15.28200 71.71400
21 7 21 00 50 25105.40000 33.02000000 1503.47000 89.52000 15.28200 71.71400
21 7 21 00 50 25089.70000 33.02000000 1503.47000 89.52000 15.28200 71.71400
21 7 21 00 51 25089.70000 33.02000000 1501.37000 89.52000 15.28200 71.71400
21 7 21 00 51 25094.40000 33.02000000 1499.36000 89.52000 15.28200 71.71400
21 7 21 00 52 25094.40000 33.02000000 1499.36000 89.52000 15.28200 71.71400
21 7 21 00 52 25094.40000 33.02000000 1499.36000 89.52000 15.28200 71.71400
21 7 21 00 53 25088.70000 33.02000000 1499.36000 89.48000 15.28200 71.71400
21 7 21 00 53 25084.50000 33.02000000 1499.36000 89.46000 15.28200 71.69600
21 7 21 00 53 25079.90000 32.99800000 1501.46000 89.48000 15.28200 71.69600
21 7 21 00 54 25083.90000 32.99800000 1500.43000 89.48000 15.28200 71.69600
21 7 21 00 54 25090.50000 32.99800000 1500.43000 89.48000 15.28200 71.69600
21 7 21 00 55 25125.20000 32.99800000 1501.50000 89.48000 15.28200 71.69600
21 7 21 00 55 25128.00000 32.99800000 1503.56000 89.48000 15.28200 71.69600
21 7 21 00 56 25131.00000 32.99800000 1503.37000 89.48000 15.28200 71.69600
21 7 21 00 56 25131.00000 32.99800000 1503.36000 89.48000 15.28200 71.69600
21 7 21 00 57 25112.80000 32.99800000 1503.36000 89.48000 15.28200 71.69600
21 7 21 00 57 25096.90000 32.99800000 1503.36000 89.48000 15.28200 71.69600
21 7 21 00 57 25096.90000 32.99800000 1501.17000 89.48000 15.28200 71.69600
21 7 21 00 58 25098.50000 32.99800000 1500.58000 89.48000 15.28200 71.69600
21 7 21 00 58 25101.60000 32.99800000 1500.58000 89.48000 15.28200 71.69600
21 7 21 00 59 25105.30000 32.99800000 1501.34000 89.47000 15.28200 71.69600
21 7 21 00 59 25101.60000 32.99800000 1501.06000 89.48000 15.28200 71.69600
21 7 21 01 00 25113.20000 32.99800000 1501.17000 89.48000 15.28200 71.69600
21 7 21 01 00 25122.00000 32.99800000 1501.55000 89.48000 15.28200 71.69600
21 7 21 01 00 25131.40000 32.99800000 1501.55000 89.48000 15.28200 71.69600
21 7 21 01 01 25128.40000 32.99800000 1501.55000 89.48000 15.28200 71.69600
21 7 21 01 01 25132.30000 32.99800000 1501.55000 89.83000 15.28200 71.69600
21 7 21 01 02 25144.60000 32.99800000 1504.55000 89.83000 15.28200 71.69600
