M=[
27 6 21 01 22 27333.10000 33.83300000 1554.71000 107.07000 14.72300 87.67000
27 6 21 01 23 27368.90000 34.19500000 1556.02000 107.07000 14.72300 87.67000
27 6 21 01 23 27334.20000 34.19500000 1554.25000 107.07000 14.72300 87.67000
27 6 21 01 24 27337.90000 34.19500000 1554.93000 107.07000 14.72300 87.67000
27 6 21 01 24 27347.30000 34.19500000 1554.93000 107.07000 14.72300 87.67000
27 6 21 01 24 27297.60000 34.19500000 1553.75000 107.07000 14.72300 87.67000
27 6 21 01 25 27296.10000 34.19500000 1552.79000 107.07000 14.72300 87.67000
27 6 21 01 25 27280.10000 34.19500000 1551.05000 107.07000 14.72300 87.67000
27 6 21 01 26 27288.10000 34.19500000 1551.05000 107.07000 14.72300 87.67000
27 6 21 01 26 27280.10000 34.19500000 1551.05000 107.07000 14.72300 87.67000
27 6 21 01 27 27292.90000 34.19500000 1551.05000 107.07000 14.72300 87.67000
27 6 21 01 27 27292.90000 34.19500000 1551.05000 107.07000 14.72300 87.67000
27 6 21 01 27 27292.90000 34.19500000 1551.05000 107.07000 14.72300 87.67000
27 6 21 01 28 27334.40000 34.19500000 1550.70000 107.07000 14.72300 87.67000
27 6 21 01 28 27316.60000 34.19500000 1550.70000 107.07000 14.72300 87.67000
27 6 21 01 29 27349.70000 34.19500000 1550.70000 106.89000 14.72300 87.67000
27 6 21 01 29 27353.10000 34.19500000 1552.52000 106.89000 14.72300 87.67000
27 6 21 01 30 27555.80000 34.25100000 1556.44000 107.35000 14.75200 87.35900
27 6 21 01 30 27460.70000 34.31600000 1558.36000 107.57000 14.75800 87.33900
27 6 21 01 30 27506.20000 34.31600000 1558.25000 107.21000 14.75800 87.33900
27 6 21 01 31 27477.50000 34.29000000 1556.14000 107.14000 14.75800 87.39700
27 6 21 01 31 27540.20000 34.29000000 1558.99000 107.35000 14.75800 87.39700
27 6 21 01 32 27492.90000 34.29000000 1554.21000 107.35000 14.75800 87.39700
27 6 21 01 32 27461.60000 34.24600000 1553.96000 107.00000 14.75800 87.39700
27 6 21 01 33 27503.60000 34.24600000 1556.22000 107.26000 14.75800 87.39700
27 6 21 01 33 27532.30000 34.24600000 1558.57000 107.26000 14.75800 87.39700
27 6 21 01 33 27532.30000 34.24600000 1558.57000 107.26000 14.75800 87.39700
27 6 21 01 34 27526.50000 34.32100000 1559.17000 107.26000 14.75800 87.39700
27 6 21 01 34 27526.50000 34.32100000 1557.61000 107.26000 14.75800 87.22800
27 6 21 01 35 27505.00000 34.32100000 1557.33000 107.26000 14.75800 87.22800
27 6 21 01 35 27491.00000 34.24500000 1556.07000 107.26000 14.75800 87.22800
27 6 21 01 36 27538.20000 34.24500000 1558.46000 107.26000 14.75800 87.22800
27 6 21 01 36 27616.80000 34.24500000 1561.16000 107.26000 14.75800 87.22800
27 6 21 01 36 27616.20000 34.35500000 1562.06000 107.26000 14.75800 87.22800
27 6 21 01 37 27601.70000 34.35500000 1561.23000 107.26000 14.75800 87.22800
27 6 21 01 37 27579.90000 34.35500000 1560.14000 107.26000 14.75800 87.22800
27 6 21 01 38 27571.10000 34.35500000 1560.01000 107.40000 14.89700 87.22800
27 6 21 01 38 27578.20000 34.35500000 1560.01000 107.40000 14.89700 87.22800
27 6 21 01 39 27564.30000 34.35500000 1560.01000 107.40000 14.89700 87.22800
27 6 21 01 39 27564.20000 34.35500000 1562.42000 107.40000 14.89700 87.22800
27 6 21 01 39 27564.20000 34.35500000 1562.42000 107.40000 14.89700 87.22800
27 6 21 01 40 27587.40000 34.35500000 1561.40000 107.40000 14.89700 87.22800
27 6 21 01 40 27562.10000 34.35500000 1561.40000 107.40000 14.89700 87.22800
27 6 21 01 41 27562.10000 34.35500000 1561.40000 107.40000 14.89700 87.22800
27 6 21 01 41 27566.30000 34.35500000 1561.40000 107.40000 14.89700 87.22800
27 6 21 01 42 27557.60000 34.35500000 1559.77000 107.40000 14.89700 87.22800
27 6 21 01 42 27529.10000 34.35500000 1559.77000 107.40000 14.89700 87.22800
27 6 21 01 42 27534.50000 34.35500000 1561.65000 107.40000 14.89700 87.22800
27 6 21 01 43 27534.50000 34.35500000 1561.65000 107.40000 14.89700 87.22800
27 6 21 01 43 27539.90000 34.35500000 1561.65000 107.40000 14.89700 87.22800
27 6 21 01 44 27541.10000 34.35500000 1561.31000 107.40000 14.89700 87.18800
27 6 21 01 44 27592.00000 34.46900000 1565.47000 107.74000 14.89700 87.18800
27 6 21 01 45 27592.00000 34.46900000 1568.44000 107.74000 14.89700 87.18800
27 6 21 01 45 27619.90000 34.46900000 1565.78000 107.74000 14.89700 87.18800
27 6 21 01 45 27580.30000 34.46900000 1562.89000 107.74000 14.89700 87.18800
27 6 21 01 46 27558.00000 34.25700000 1562.89000 107.74000 14.89700 87.18800
27 6 21 01 46 27558.00000 34.25700000 1562.84000 107.74000 14.89700 87.18800
27 6 21 01 47 27559.30000 34.25700000 1562.40000 107.74000 14.89700 87.18800
27 6 21 01 47 27559.30000 34.25700000 1562.40000 107.74000 14.89700 87.18800
27 6 21 01 48 27559.30000 34.25700000 1562.40000 107.60000 14.89700 87.18800
27 6 21 01 48 27559.30000 34.25700000 1562.98000 107.60000 14.89700 87.18800
27 6 21 01 48 27559.30000 34.25500000 1563.32000 107.60000 14.89700 87.18800
27 6 21 01 49 27567.40000 34.25500000 1563.32000 107.57000 14.89700 87.18800
27 6 21 01 49 27567.30000 34.25500000 1563.25000 107.57000 14.89700 87.18800
27 6 21 01 50 27552.10000 34.25500000 1562.47000 107.57000 14.89700 87.18800
27 6 21 01 50 27552.10000 34.25500000 1561.21000 107.57000 14.89700 87.18800
27 6 21 01 51 27552.10000 34.25500000 1561.61000 107.40000 14.89700 87.18800
27 6 21 01 51 27567.40000 34.25500000 1561.61000 107.40000 14.89700 87.18800
27 6 21 01 51 27545.20000 34.25500000 1562.48000 107.40000 14.89700 87.18800
27 6 21 01 52 27584.60000 34.25500000 1562.48000 107.40000 14.89700 87.18800
27 6 21 01 52 27564.40000 34.25500000 1562.48000 107.40000 14.89700 87.18800
27 6 21 01 53 27565.80000 34.25500000 1562.48000 107.40000 14.89700 87.18800
27 6 21 01 53 27560.00000 34.25500000 1562.48000 107.40000 14.89700 87.18800
27 6 21 01 54 27577.80000 34.25500000 1564.48000 107.40000 14.89700 87.18800
27 6 21 01 54 27574.40000 34.25500000 1565.71000 107.40000 14.89700 87.18800
27 6 21 01 54 27573.30000 34.25500000 1565.71000 107.40000 14.89700 87.18800
27 6 21 01 55 27591.50000 34.25500000 1565.71000 107.40000 14.89700 87.18800
27 6 21 01 55 27562.30000 34.25500000 1565.05000 107.40000 14.89700 87.18800
27 6 21 01 56 27574.50000 34.25500000 1565.64000 107.40000 14.89700 87.18800
27 6 21 01 56 27562.70000 34.25500000 1565.64000 107.40000 14.89700 87.18800
27 6 21 01 57 27536.60000 34.25500000 1565.64000 107.40000 14.89700 87.18800
27 6 21 01 57 27529.00000 34.25500000 1563.11000 107.40000 14.89700 87.18800
27 6 21 01 57 27496.70000 34.25500000 1561.39000 107.40000 14.80800 87.18800
27 6 21 01 58 27529.00000 34.25500000 1561.65000 107.40000 14.80800 87.18800
27 6 21 01 58 27533.40000 34.25500000 1562.39000 107.27000 14.80800 87.18800
27 6 21 01 59 27517.20000 34.25500000 1562.39000 107.27000 14.80800 87.18800
27 6 21 01 59 27572.50000 34.25500000 1563.68000 107.27000 14.80800 87.18800
27 6 21 02 00 27566.80000 34.25500000 1564.16000 107.27000 14.80800 87.18800
27 6 21 02 00 27552.50000 34.25500000 1566.20000 107.27000 14.80800 87.18800
27 6 21 02 00 27530.50000 34.25500000 1564.15000 107.27000 14.80800 87.18800
27 6 21 02 01 27507.80000 34.25500000 1562.80000 107.27000 14.80800 87.18800
27 6 21 02 01 27501.10000 34.25500000 1561.68000 107.27000 14.80800 87.18800
27 6 21 02 02 27500.00000 34.25500000 1562.06000 107.41000 14.80800 87.18800
27 6 21 02 02 27497.20000 34.25500000 1562.06000 107.41000 14.80800 87.18800
27 6 21 02 03 27496.40000 34.25500000 1562.06000 107.41000 14.80800 87.18800
27 6 21 02 03 27496.40000 34.25500000 1562.06000 107.41000 14.80800 87.18800
27 6 21 02 03 27498.90000 34.25500000 1561.73000 107.46000 14.80800 87.18800
27 6 21 02 04 27498.90000 34.25500000 1561.73000 107.46000 14.80800 87.18800
27 6 21 02 04 27476.10000 34.25500000 1561.73000 107.46000 14.81500 87.18800
27 6 21 02 05 27448.90000 34.25500000 1561.73000 107.46000 14.81500 87.18800
27 6 21 02 05 27433.70000 34.25500000 1559.16000 107.46000 14.81500 87.18800
27 6 21 02 06 27467.60000 34.25500000 1560.04000 107.46000 14.81500 87.18800
27 6 21 02 06 27467.60000 34.25500000 1561.16000 107.46000 14.81500 87.18800
