M=[
23 5 21 22 16 28386.20000 43.67800000 1748.97000 119.51000 23.46500 94.57000
23 5 21 22 17 28479.00000 43.67800000 1756.75000 120.08000 23.46500 94.57000
23 5 21 22 17 28619.80000 43.81500000 1762.59000 120.34000 23.46500 95.05800
23 5 21 22 18 28644.20000 43.93000000 1765.78000 120.93000 23.46500 95.05800
23 5 21 22 18 28688.50000 44.00000000 1770.83000 120.74000 23.46500 95.05800
23 5 21 22 19 28672.70000 44.23800000 1766.87000 121.34000 23.46500 95.05800
23 5 21 22 19 28731.60000 44.23800000 1771.80000 121.34000 23.46500 95.09300
23 5 21 22 19 28741.00000 44.49900000 1771.66000 121.34000 23.46500 95.09300
23 5 21 22 20 28691.90000 44.23500000 1769.35000 121.34000 23.46500 95.09300
23 5 21 22 20 28653.50000 44.23500000 1767.88000 120.70000 23.46500 95.09300
23 5 21 22 21 28621.50000 44.10100000 1767.48000 120.70000 23.46500 94.85800
23 5 21 22 21 28584.80000 44.10100000 1763.23000 120.39000 23.46500 94.85800
23 5 21 22 22 28558.10000 43.89200000 1758.82000 119.97000 23.46500 94.64800
23 5 21 22 22 28636.20000 44.27000000 1761.46000 120.25000 23.64100 94.64800
23 5 21 22 22 28577.40000 44.27000000 1758.62000 120.30000 23.64100 94.64800
23 5 21 22 23 28613.80000 44.27000000 1757.37000 120.15000 23.64100 94.64800
23 5 21 22 23 28587.00000 44.27000000 1757.25000 120.15000 23.64100 94.64800
23 5 21 22 24 28552.10000 44.27000000 1757.66000 119.93000 23.64100 94.64800
23 5 21 22 24 28595.30000 44.27000000 1757.74000 120.17000 23.64100 94.64800
23 5 21 22 25 28600.00000 44.27000000 1756.65000 120.03000 23.64100 94.64800
23 5 21 22 25 28569.80000 44.27000000 1754.40000 119.93000 23.64100 94.64800
23 5 21 22 25 28537.30000 44.27000000 1751.31000 119.93000 23.64100 94.64800
23 5 21 22 26 28495.50000 44.27000000 1745.57000 119.48000 23.64100 94.64800
23 5 21 22 26 28474.90000 44.27000000 1745.99000 119.28000 23.64100 94.64800
23 5 21 22 27 28583.40000 43.99700000 1753.04000 119.96000 23.64100 94.61700
23 5 21 22 27 28506.40000 43.99700000 1746.96000 119.96000 23.64100 94.61700
23 5 21 22 28 28499.80000 43.99700000 1746.39000 119.97000 23.83400 94.61700
23 5 21 22 28 28489.90000 43.99700000 1744.81000 119.97000 23.83400 94.61700
23 5 21 22 28 28454.90000 43.99700000 1745.77000 119.77000 23.83400 94.61700
23 5 21 22 29 28448.20000 44.00000000 1742.10000 119.59000 23.83400 94.61700
23 5 21 22 29 28415.90000 43.63300000 1733.25000 119.28000 23.83400 94.15600
23 5 21 22 30 28388.70000 43.63300000 1732.61000 119.29000 23.83400 94.15600
23 5 21 22 30 28388.70000 43.37000000 1728.81000 118.90000 23.83400 93.68600
23 5 21 22 31 28365.80000 43.15700000 1725.49000 118.57000 23.83400 93.71200
23 5 21 22 31 28333.50000 43.15700000 1721.13000 118.31000 23.83400 93.36300
23 5 21 22 31 28328.90000 43.15700000 1720.89000 118.44000 23.83400 93.36300
23 5 21 22 32 28305.00000 42.92600000 1723.86000 118.04000 24.59200 92.37900
23 5 21 22 32 28337.60000 42.92600000 1722.92000 118.04000 24.59200 92.37900
23 5 21 22 33 28385.10000 42.92600000 1732.55000 118.59000 24.59200 92.37900
23 5 21 22 33 28402.70000 42.92600000 1729.67000 118.56000 23.62700 93.42900
23 5 21 22 34 28389.00000 42.92600000 1727.18000 118.56000 23.62700 93.42900
23 5 21 22 34 28527.00000 42.92600000 1733.41000 118.56000 23.62700 93.62300
23 5 21 22 34 28371.80000 42.92600000 1727.00000 118.51000 23.62700 93.62300
23 5 21 22 35 28291.70000 43.11100000 1723.00000 118.03000 23.62700 93.10400
23 5 21 22 35 28293.80000 42.94400000 1722.06000 118.07000 23.62700 93.21800
23 5 21 22 36 28250.20000 42.94400000 1722.23000 118.06000 23.62700 93.21800
23 5 21 22 36 28230.20000 42.94400000 1718.58000 117.80000 23.62700 92.99400
23 5 21 22 37 28273.50000 43.11200000 1721.87000 117.80000 23.62700 93.47500
23 5 21 22 37 28313.10000 43.11200000 1722.48000 117.80000 23.62700 93.65000
23 5 21 22 37 28290.60000 43.16800000 1722.48000 118.07000 23.62700 93.65000
23 5 21 22 38 28294.30000 43.16800000 1721.94000 118.07000 23.62700 93.65000
23 5 21 22 38 28281.10000 43.16800000 1721.00000 118.24000 23.70200 93.65000
23 5 21 22 39 28334.10000 43.11400000 1725.14000 118.77000 23.71000 93.65000
23 5 21 22 39 28327.30000 43.39900000 1725.36000 118.62000 23.71000 93.65000
23 5 21 22 40 28326.10000 43.32200000 1724.38000 118.17000 23.71000 93.65000
23 5 21 22 40 28326.10000 43.32200000 1724.35000 118.49000 23.71000 93.65000
23 5 21 22 40 28301.70000 43.32200000 1723.27000 118.49000 23.71000 93.65000
23 5 21 22 41 28282.10000 43.10300000 1720.26000 117.75000 23.71000 93.65000
23 5 21 22 41 28260.00000 43.10300000 1718.99000 117.75000 23.71000 93.65000
23 5 21 22 42 28255.20000 43.10300000 1717.75000 117.54000 23.71000 93.65000
23 5 21 22 42 28178.40000 43.10300000 1710.58000 116.87000 23.71000 92.37900
23 5 21 22 43 28176.90000 43.10300000 1711.02000 117.31000 23.70300 92.37900
23 5 21 22 43 28203.40000 43.10300000 1712.89000 117.19000 23.70300 92.37900
23 5 21 22 43 28168.70000 43.10300000 1713.37000 117.04000 23.68600 92.37900
23 5 21 22 44 28150.00000 42.56500000 1709.51000 116.84000 23.68600 92.37900
23 5 21 22 44 28128.80000 42.56500000 1705.23000 116.87000 23.68600 92.34700
23 5 21 22 45 28210.30000 42.59900000 1709.23000 117.57000 23.68600 92.34700
23 5 21 22 45 28205.70000 42.64200000 1710.95000 117.57000 23.68600 92.34700
23 5 21 22 46 28191.10000 42.44200000 1707.63000 117.52000 23.68600 92.34700
23 5 21 22 46 28221.80000 42.48400000 1711.91000 117.57000 23.68600 92.34700
23 5 21 22 46 28203.10000 42.48400000 1713.46000 117.57000 23.68600 92.34700
23 5 21 22 47 28265.10000 42.48400000 1716.91000 117.57000 23.68600 92.34700
23 5 21 22 47 28223.60000 42.48400000 1717.24000 117.99000 23.68600 92.34700
23 5 21 22 48 28249.80000 42.79200000 1718.00000 117.87000 23.68600 93.31800
23 5 21 22 48 28241.20000 42.79200000 1720.37000 117.87000 23.68600 93.31800
23 5 21 22 49 28195.30000 42.79200000 1717.41000 117.70000 23.68600 93.31800
23 5 21 22 49 28076.20000 42.41300000 1702.57000 117.16000 23.43700 93.31800
23 5 21 22 49 28008.60000 42.40100000 1697.07000 117.16000 23.43700 91.95100
23 5 21 22 50 28008.60000 42.34300000 1699.96000 116.90000 23.43700 91.95100
23 5 21 22 50 27941.50000 42.08600000 1693.70000 116.41000 23.43700 91.95100
23 5 21 22 51 27866.40000 41.92800000 1693.84000 116.03000 23.43700 91.95100
23 5 21 22 51 27904.30000 41.92800000 1700.64000 116.38000 23.43700 91.50200
23 5 21 22 52 27907.20000 41.92800000 1699.26000 116.36000 23.43700 91.50200
23 5 21 22 52 27804.70000 41.70700000 1690.31000 115.80000 23.43700 91.50200
23 5 21 22 52 27786.30000 41.70700000 1687.00000 115.35000 23.43700 91.50200
23 5 21 22 53 27803.90000 41.70700000 1688.22000 115.40000 23.33000 91.50200
23 5 21 22 53 27727.50000 41.70700000 1687.68000 115.37000 23.33000 91.50200
23 5 21 22 54 27779.80000 41.72400000 1692.11000 115.36000 23.33000 91.23100
23 5 21 22 54 27769.80000 41.64000000 1690.09000 115.05000 23.33000 91.23100
23 5 21 22 55 27741.10000 41.56000000 1686.97000 115.12000 23.33000 91.23100
23 5 21 22 55 27790.00000 41.56000000 1695.53000 115.67000 23.33000 91.23100
23 5 21 22 55 27821.10000 41.56000000 1696.45000 115.71000 23.33000 91.23100
23 5 21 22 56 27836.80000 41.92500000 1696.86000 115.98000 23.33000 91.23100
23 5 21 22 56 27850.30000 42.08100000 1699.24000 116.04000 23.33000 91.58600
23 5 21 22 57 27898.40000 42.08100000 1703.77000 116.04000 23.33000 91.58600
23 5 21 22 57 27850.10000 42.08100000 1698.52000 116.02000 23.33000 91.58600
23 5 21 22 58 27891.60000 42.03500000 1704.08000 116.06000 23.33000 91.73800
23 5 21 22 58 27897.20000 42.03500000 1700.69000 116.02000 23.33000 91.72800
23 5 21 22 58 27850.10000 42.03500000 1700.69000 116.00000 23.33000 91.72800
23 5 21 22 59 27850.90000 42.03500000 1700.78000 116.00000 23.29900 91.72800
23 5 21 22 59 27871.40000 42.03500000 1699.28000 116.00000 23.29900 91.72800
23 5 21 23 00 27960.20000 42.03500000 1701.53000 115.80000 23.29900 91.61800
23 5 21 23 00 27964.90000 42.23500000 1704.16000 116.54000 23.29900 91.61800
