M=[
12 6 21 09 57 29174.10000 44.47300000 1923.84000 130.23000 19.61600 102.28700
12 6 21 09 57 29190.00000 44.47300000 1926.17000 130.26000 19.61600 102.28700
12 6 21 09 58 29189.30000 44.47300000 1926.17000 130.26000 19.61600 102.28700
12 6 21 09 58 29199.20000 44.47300000 1926.17000 130.26000 19.61600 102.28700
12 6 21 09 59 29188.30000 44.47300000 1926.17000 130.26000 19.61600 102.28700
12 6 21 09 59 29196.00000 44.47300000 1926.17000 130.26000 19.61600 102.28700
12 6 21 09 59 29188.80000 44.47300000 1926.85000 130.26000 19.61600 102.28700
12 6 21 10 00 29225.00000 44.67400000 1931.63000 130.26000 19.61600 103.67400
12 6 21 10 00 29210.20000 44.67400000 1931.63000 130.52000 19.61600 103.67400
12 6 21 10 01 29172.10000 44.67400000 1930.62000 130.31000 19.61600 103.67400
12 6 21 10 01 29172.10000 44.67400000 1930.15000 130.31000 19.61600 103.67400
12 6 21 10 02 29130.50000 44.67400000 1930.15000 130.13000 19.61600 103.67400
12 6 21 10 02 29130.50000 44.67400000 1926.90000 130.13000 19.61600 103.67400
12 6 21 10 02 29153.10000 44.67400000 1928.79000 130.20000 19.61600 103.67400
12 6 21 10 03 29170.90000 44.67400000 1930.56000 130.20000 19.61600 103.67400
12 6 21 10 03 29185.40000 44.67400000 1930.85000 130.20000 19.61600 103.67400
12 6 21 10 04 29170.60000 44.67400000 1930.29000 130.27000 19.61600 103.67400
12 6 21 10 04 29179.00000 44.67400000 1931.98000 130.27000 19.61600 103.67400
12 6 21 10 05 29189.00000 44.67400000 1931.98000 130.52000 19.61600 103.67400
12 6 21 10 05 29209.10000 44.67400000 1933.00000 130.52000 19.61600 103.67400
12 6 21 10 05 29195.10000 44.67400000 1933.16000 130.52000 19.61600 103.67400
12 6 21 10 06 29191.50000 44.67400000 1932.23000 130.52000 19.61600 103.67400
12 6 21 10 06 29190.00000 44.67400000 1930.04000 130.39000 19.61600 103.67400
12 6 21 10 07 29168.90000 44.67400000 1929.95000 130.39000 19.61600 103.67400
12 6 21 10 07 29134.80000 44.67400000 1929.57000 130.39000 19.61600 103.67400
12 6 21 10 08 29133.20000 44.63000000 1927.87000 130.22000 19.61600 103.67400
12 6 21 10 08 29101.70000 44.58700000 1926.46000 130.22000 19.61600 103.67400
12 6 21 10 08 29106.50000 44.51300000 1926.58000 130.22000 19.61600 103.67400
12 6 21 10 09 29109.10000 44.51300000 1926.86000 130.06000 19.61600 103.67400
12 6 21 10 09 29101.80000 44.51300000 1926.86000 129.89000 19.61600 103.67400
12 6 21 10 10 29101.70000 44.51300000 1925.84000 129.89000 19.61600 104.01000
12 6 21 10 10 29066.90000 44.51300000 1925.01000 129.89000 19.61600 104.01000
12 6 21 10 11 29095.50000 44.51300000 1925.16000 129.90000 19.61600 104.01000
12 6 21 10 11 29091.80000 44.51300000 1925.74000 129.97000 19.61600 104.49100
12 6 21 10 11 29091.50000 44.51300000 1925.71000 129.97000 19.61600 104.49100
12 6 21 10 12 29056.10000 44.51300000 1924.24000 129.73000 19.61600 104.49100
12 6 21 10 12 29047.90000 44.38300000 1922.46000 129.73000 19.61600 104.49100
12 6 21 10 13 29055.60000 44.38300000 1923.15000 129.63000 19.61600 104.49100
12 6 21 10 13 29055.00000 44.38300000 1921.71000 129.63000 19.61600 104.49100
12 6 21 10 14 29051.80000 44.38300000 1920.73000 129.57000 19.61600 104.49100
12 6 21 10 14 29041.10000 44.34600000 1920.99000 129.57000 19.61600 104.49100
12 6 21 10 14 28792.60000 44.34300000 1913.26000 128.92000 19.61600 103.05100
12 6 21 10 15 28879.70000 44.34300000 1915.55000 129.12000 19.61600 103.05100
12 6 21 10 15 28890.10000 44.34300000 1917.73000 128.93000 19.61600 103.05100
12 6 21 10 16 28791.00000 44.34300000 1907.91000 128.51000 19.61600 103.05100
12 6 21 10 16 28765.90000 44.34300000 1907.29000 128.53000 19.61600 103.05100
12 6 21 10 17 28764.40000 44.34300000 1909.26000 128.53000 19.61600 102.68300
12 6 21 10 17 28750.00000 43.93700000 1908.01000 128.34000 19.61600 102.48100
12 6 21 10 17 28788.00000 44.01200000 1909.94000 128.65000 19.61600 102.48100
12 6 21 10 18 28767.10000 44.18400000 1909.54000 128.59000 19.61600 102.48100
12 6 21 10 18 28813.30000 44.18400000 1911.19000 128.65000 19.61600 102.48100
12 6 21 10 19 28860.90000 44.30000000 1915.65000 128.90000 19.50500 102.97000
12 6 21 10 19 28857.70000 44.30000000 1916.80000 128.84000 19.50500 102.97000
12 6 21 10 20 28876.00000 44.35600000 1918.98000 128.84000 19.50500 102.97000
12 6 21 10 20 28848.00000 44.35600000 1917.03000 128.95000 19.50500 102.97000
12 6 21 10 20 28858.70000 44.35600000 1921.75000 129.15000 19.50500 102.97000
12 6 21 10 21 28870.60000 44.35600000 1922.00000 129.36000 19.50500 102.97000
12 6 21 10 21 28870.40000 44.35600000 1922.00000 129.36000 19.50500 102.97000
12 6 21 10 22 28877.80000 44.35600000 1923.51000 129.61000 19.50500 102.97000
12 6 21 10 22 28867.20000 44.35600000 1921.98000 129.61000 19.50500 102.97000
12 6 21 10 23 28821.50000 44.35600000 1920.92000 129.61000 19.50500 102.68000
12 6 21 10 23 28855.80000 44.35600000 1922.04000 129.61000 19.50500 102.68000
12 6 21 10 23 28809.00000 44.35600000 1920.21000 129.61000 19.50500 102.68000
12 6 21 10 24 28809.00000 44.35600000 1920.35000 129.44000 19.50500 102.68000
12 6 21 10 24 28753.10000 44.35600000 1920.27000 129.18000 19.50500 102.68000
12 6 21 10 25 28824.40000 44.19500000 1921.87000 129.18000 19.50500 102.28000
12 6 21 10 25 28850.30000 44.19500000 1923.01000 129.18000 19.50500 102.28000
12 6 21 10 26 28869.00000 44.19500000 1924.23000 129.74000 19.50500 102.75800
12 6 21 10 26 28865.90000 44.19500000 1927.93000 129.99000 19.50500 102.75800
12 6 21 10 27 28863.50000 44.19500000 1926.73000 129.99000 19.50500 102.75800
12 6 21 10 27 28874.00000 44.19500000 1931.83000 130.38000 19.50500 102.75800
12 6 21 10 27 28883.30000 44.19500000 1932.63000 130.38000 19.50500 102.75800
12 6 21 10 28 28920.50000 44.85100000 1938.00000 130.72000 19.50500 103.46900
12 6 21 10 28 28910.30000 44.88900000 1937.76000 130.72000 19.50500 103.46900
12 6 21 10 29 28924.50000 44.88900000 1938.23000 130.69000 19.50500 103.46900
12 6 21 10 29 28940.10000 44.88900000 1938.75000 130.59000 19.50500 103.46900
12 6 21 10 30 28940.70000 44.88900000 1938.93000 130.59000 19.50500 103.46900
12 6 21 10 30 28964.00000 44.88900000 1940.00000 130.91000 19.50500 103.46900
12 6 21 10 30 29104.30000 44.88900000 1949.43000 131.58000 19.50500 103.46900
12 6 21 10 31 29149.30000 44.88900000 1950.00000 131.70000 19.50500 103.46900
12 6 21 10 31 29209.10000 45.00000000 1954.76000 132.13000 19.50500 103.46900
12 6 21 10 32 29331.60000 45.33900000 1967.07000 132.61000 19.50500 104.60000
12 6 21 10 32 29316.60000 45.32500000 1965.01000 132.22000 19.50500 104.60000
12 6 21 10 32 29294.10000 45.32500000 1970.25000 132.50000 19.50500 104.56000
12 6 21 10 33 29253.20000 45.32500000 1965.50000 132.50000 19.50500 104.56000
12 6 21 10 33 29245.80000 45.32500000 1965.64000 132.44000 19.50500 104.56000
12 6 21 10 34 29271.50000 45.32500000 1964.84000 132.44000 19.50500 104.61900
12 6 21 10 34 29309.90000 45.32500000 1967.12000 132.70000 19.50500 104.61900
12 6 21 10 35 29349.70000 45.32500000 1972.81000 132.89000 19.54900 104.94100
12 6 21 10 35 29349.70000 45.50000000 1971.05000 132.90000 19.54900 104.94100
12 6 21 10 35 29371.80000 45.50000000 1970.21000 132.65000 19.54900 104.94100
12 6 21 10 36 29546.40000 45.76100000 1973.96000 133.25000 19.54900 104.87200
12 6 21 10 36 29535.70000 45.72300000 1974.36000 133.37000 19.54900 105.47900
12 6 21 10 37 29544.30000 45.72300000 1972.13000 133.37000 19.54900 105.47900
12 6 21 10 37 29491.40000 45.72000000 1971.78000 133.37000 19.54900 105.47900
12 6 21 10 38 29468.30000 45.72000000 1970.16000 132.91000 19.54900 105.47900
12 6 21 10 38 29505.50000 45.72000000 1974.59000 133.15000 19.54900 104.73000
12 6 21 10 39 29482.40000 45.56900000 1972.16000 133.03000 19.54900 104.73000
12 6 21 10 39 29513.40000 45.56900000 1974.99000 133.11000 19.54900 104.73000
12 6 21 10 39 29492.10000 45.50000000 1974.55000 133.18000 19.54900 104.73000
12 6 21 10 40 29500.00000 45.50000000 1975.11000 133.51000 19.54900 104.73000
12 6 21 10 40 29534.10000 45.56900000 1978.70000 133.48000 19.54900 104.73000
