M=[
 7 7 20 04 08 8208.90000 5.34000000 211.28000 38.64000 16.74700 48.31800
 7 7 20 04 09 8209.00000 5.34000000 211.28000 38.64000 16.74700 48.31800
 7 7 20 04 09 8208.90000 5.34000000 211.28000 38.64000 16.74700 48.31800
 7 7 20 04 10 8208.90000 5.34000000 211.28000 38.64000 16.74700 48.31800
 7 7 20 04 10 8209.00000 5.34000000 211.28000 38.64000 16.74700 48.31800
 7 7 20 04 11 8209.00000 5.34000000 211.28000 38.65000 16.74700 48.31800
 7 7 20 04 11 8209.00000 5.34000000 211.28000 38.65000 16.74700 48.31800
 7 7 20 04 12 8209.00000 5.34000000 211.28000 38.62000 16.74700 48.31800
 7 7 20 04 12 8209.00000 5.34000000 211.28000 38.62000 16.74700 48.31800
 7 7 20 04 13 8209.00000 5.34000000 211.28000 38.62000 16.74700 48.31800
 7 7 20 04 13 8209.00000 5.34000000 211.28000 38.62000 16.74700 48.31800
 7 7 20 04 14 8209.00000 5.34000000 211.28000 38.62000 16.74700 48.31800
 7 7 20 04 14 8209.00000 5.34000000 211.28000 38.62000 16.74700 48.31800
 7 7 20 04 14 8209.00000 5.34000000 211.46000 38.62000 16.74700 48.31800
 7 7 20 04 15 8209.00000 5.38300000 211.51000 38.62000 16.74700 48.31800
 7 7 20 04 15 8209.00000 5.38300000 211.51000 38.62000 16.74700 48.31800
 7 7 20 04 16 8208.90000 5.38300000 211.51000 38.62000 16.74700 48.31800
 7 7 20 04 16 8208.10000 5.38300000 211.51000 38.62000 16.74700 48.31800
 7 7 20 04 17 8208.10000 5.38300000 211.46000 38.62000 16.74700 48.31800
 7 7 20 04 17 8208.10000 5.38300000 211.35000 38.62000 16.74700 48.31800
 7 7 20 04 18 8207.30000 5.38300000 211.35000 38.62000 16.74700 48.31800
 7 7 20 04 18 8207.30000 5.38300000 211.35000 38.62000 16.74700 48.31800
 7 7 20 04 19 8207.40000 5.38300000 211.30000 38.62000 16.74700 48.31800
 7 7 20 04 19 8209.00000 5.38300000 211.30000 38.62000 16.74700 48.31800
 7 7 20 04 20 8208.90000 5.38300000 211.30000 38.62000 16.74700 48.31800
 7 7 20 04 20 8209.00000 5.38300000 211.30000 38.62000 16.74700 48.31800
 7 7 20 04 21 8208.90000 5.38300000 211.51000 38.62000 16.74700 48.31800
 7 7 20 04 21 8208.90000 5.38300000 211.51000 38.62000 16.74700 48.31800
 7 7 20 04 22 8216.90000 5.38300000 211.63000 38.62000 16.74700 48.31800
 7 7 20 04 22 8216.90000 5.38300000 211.67000 38.62000 16.74700 48.31800
 7 7 20 04 23 8219.20000 5.38300000 211.67000 38.62000 16.74700 48.31800
 7 7 20 04 23 8219.70000 5.38300000 211.68000 38.62000 16.74700 48.31800
 7 7 20 04 23 8220.40000 5.38300000 211.68000 38.62000 16.74700 48.31800
 7 7 20 04 24 8220.70000 5.38300000 211.78000 38.62000 16.74700 48.31800
 7 7 20 04 24 8219.50000 5.38300000 211.78000 38.62000 16.74700 48.31800
 7 7 20 04 25 8219.30000 5.38300000 211.78000 38.62000 16.74700 48.31800
 7 7 20 04 25 8218.80000 5.38300000 211.70000 38.62000 16.74700 48.31800
 7 7 20 04 26 8218.70000 5.38300000 211.70000 38.62000 16.79400 48.31800
 7 7 20 04 26 8218.70000 5.38300000 211.71000 38.62000 16.79400 48.31800
 7 7 20 04 27 8219.50000 5.38300000 211.70000 38.62000 16.79400 48.31800
 7 7 20 04 27 8219.70000 5.38300000 211.70000 38.81000 16.79400 48.31800
 7 7 20 04 28 8219.60000 5.38300000 211.59000 38.81000 16.79400 48.31800
 7 7 20 04 28 8219.20000 5.38300000 211.64000 38.81000 16.79400 48.31800
 7 7 20 04 29 8219.20000 5.38300000 211.64000 38.81000 16.79400 48.31800
 7 7 20 04 29 8219.20000 5.37800000 211.64000 38.81000 16.79400 48.31800
 7 7 20 04 30 8219.20000 5.37800000 211.69000 38.81000 16.79400 48.31800
 7 7 20 04 30 8219.20000 5.37800000 211.78000 38.81000 16.79400 48.35500
 7 7 20 04 31 8219.20000 5.37800000 211.78000 38.81000 16.79400 48.31800
 7 7 20 04 31 8218.50000 5.37800000 211.78000 38.81000 16.79400 48.31800
 7 7 20 04 32 8218.50000 5.37800000 211.78000 38.81000 16.79400 48.31800
 7 7 20 04 32 8218.50000 5.37800000 211.78000 38.81000 16.79400 48.31800
 7 7 20 04 32 8221.60000 5.37800000 211.77000 38.81000 16.79400 48.31800
 7 7 20 04 33 8223.20000 5.37800000 211.77000 38.81000 16.79400 48.31800
 7 7 20 04 33 8222.00000 5.37800000 211.77000 38.81000 16.79400 48.31800
 7 7 20 04 34 8221.40000 5.37800000 211.76000 38.81000 16.79400 48.31800
 7 7 20 04 34 8221.40000 5.37800000 211.76000 38.81000 16.79400 48.31800
 7 7 20 04 35 8219.80000 5.37800000 211.76000 38.81000 16.79400 48.60700
 7 7 20 04 35 8221.40000 5.37800000 211.76000 38.81000 16.79400 48.60700
 7 7 20 04 36 8218.90000 5.37800000 211.76000 38.81000 16.79400 48.60700
 7 7 20 04 36 8218.90000 5.37800000 211.76000 38.81000 16.79400 48.60700
 7 7 20 04 37 8220.50000 5.37800000 211.76000 38.81000 16.79400 48.60700
 7 7 20 04 37 8220.50000 5.37800000 211.76000 38.81000 16.79400 48.60700
 7 7 20 04 37 8220.50000 5.37800000 211.76000 38.81000 16.79400 48.60700
 7 7 20 04 38 8220.50000 5.37800000 211.76000 38.81000 16.79400 48.31800
 7 7 20 04 38 8220.50000 5.37800000 211.76000 38.81000 16.79400 48.60700
 7 7 20 04 39 8220.50000 5.37800000 211.76000 38.81000 16.79400 48.60700
 7 7 20 04 39 8220.50000 5.37800000 211.76000 38.81000 16.79400 48.60700
 7 7 20 04 40 8220.40000 5.37800000 211.76000 38.81000 16.79400 48.60700
 7 7 20 04 40 8218.50000 5.37800000 211.76000 38.81000 16.79400 48.60700
 7 7 20 04 41 8217.20000 5.37800000 211.76000 38.81000 16.79400 48.60700
 7 7 20 04 41 8217.20000 5.37800000 211.61000 38.81000 16.79400 48.60700
 7 7 20 04 42 8217.20000 5.37800000 211.61000 38.81000 16.79400 48.60700
 7 7 20 04 43 8217.10000 5.37800000 211.60000 38.81000 16.79400 48.60700
 7 7 20 04 43 8217.10000 5.37800000 211.59000 38.81000 16.79400 48.60700
 7 7 20 04 43 8217.50000 5.37800000 211.61000 38.81000 16.79400 48.60700
 7 7 20 04 44 8217.50000 5.37800000 211.61000 38.81000 16.79400 48.60700
 7 7 20 04 44 8217.50000 5.37800000 211.61000 38.79000 16.79400 48.60700
 7 7 20 04 45 8217.60000 5.37800000 211.61000 38.81000 16.79400 48.60700
 7 7 20 04 45 8217.60000 5.37800000 211.61000 38.79000 16.79400 48.60700
 7 7 20 04 46 8217.60000 5.37800000 211.61000 38.71000 16.79400 48.60700
 7 7 20 04 46 8217.70000 5.37800000 211.44000 38.71000 16.79400 48.60700
 7 7 20 04 46 8217.70000 5.37800000 211.44000 38.71000 16.79400 48.60700
 7 7 20 04 47 8215.20000 5.37800000 211.43000 38.71000 16.79400 48.60700
 7 7 20 04 47 8215.20000 5.37800000 211.43000 38.71000 16.79400 48.60700
 7 7 20 04 48 8215.00000 5.37800000 211.43000 38.71000 16.79400 48.60700
 7 7 20 04 48 8215.00000 5.37800000 211.43000 38.71000 16.79400 48.60700
 7 7 20 04 49 8214.90000 5.37800000 211.67000 38.71000 16.79400 48.60700
 7 7 20 04 49 8215.00000 5.37800000 211.64000 38.71000 16.79400 48.60700
 7 7 20 04 50 8214.90000 5.37700000 211.64000 38.71000 16.79400 48.60700
 7 7 20 04 50 8214.90000 5.37700000 211.64000 38.71000 16.79400 48.60700
 7 7 20 04 51 8214.90000 5.37700000 211.43000 38.71000 16.79400 48.60700
 7 7 20 04 51 8214.90000 5.37700000 211.43000 38.71000 16.79400 48.60700
 7 7 20 04 52 8215.00000 5.37700000 211.43000 38.71000 16.79400 48.31800
 7 7 20 04 52 8213.60000 5.37700000 211.47000 38.71000 16.79400 48.60700
 7 7 20 04 52 8212.00000 5.37700000 211.47000 38.71000 16.78100 48.60700
 7 7 20 04 53 8213.20000 5.37700000 211.47000 38.71000 16.78100 48.60700
 7 7 20 04 53 8213.40000 5.37700000 211.44000 38.71000 16.78100 48.60700
 7 7 20 04 54 8212.00000 5.37700000 211.43000 38.71000 16.78100 48.60700
 7 7 20 04 54 8212.10000 5.37700000 211.43000 38.71000 16.78100 48.60700
 7 7 20 04 55 8212.10000 5.37700000 211.42000 38.71000 16.78100 48.60700
 7 7 20 04 55 8212.10000 5.37700000 211.42000 38.71000 16.78100 48.60700
 7 7 20 04 56 8212.10000 5.37700000 211.42000 38.71000 16.78100 48.60700
 7 7 20 04 56 8207.20000 5.37700000 211.03000 38.71000 16.78100 48.60700
 7 7 20 04 57 8207.10000 5.37700000 211.03000 38.71000 16.78100 48.60700
 7 7 20 04 57 8206.70000 5.37700000 211.03000 38.71000 16.78100 48.60700
 7 7 20 04 58 8206.70000 5.37700000 211.03000 38.71000 16.78100 48.60700
 7 7 20 04 58 8206.30000 5.37700000 211.04000 38.71000 16.78100 48.31800
 7 7 20 04 58 8205.50000 5.37700000 211.04000 38.71000 16.78100 48.60700
 7 7 20 04 59 8205.60000 5.37700000 211.09000 38.71000 16.78100 48.60700
