M=[
18 7 20 05 20 8014.20000 5.27100000 204.31000 36.80000 16.61600 51.38300
18 7 20 05 21 8014.20000 5.27100000 204.31000 36.80000 16.61600 51.38300
18 7 20 05 21 8014.20000 5.27100000 204.31000 36.80000 16.61600 51.38300
18 7 20 05 22 8014.20000 5.27100000 204.31000 36.80000 16.61600 51.38300
18 7 20 05 22 8014.30000 5.27100000 204.31000 36.80000 16.61600 51.38300
18 7 20 05 22 8014.20000 5.27100000 204.33000 36.80000 16.61600 51.38300
18 7 20 05 23 8014.30000 5.27100000 204.33000 36.80000 16.61600 51.38300
18 7 20 05 23 8014.30000 5.27100000 204.33000 36.80000 16.61600 51.38300
18 7 20 05 24 8014.30000 5.27100000 204.34000 36.80000 16.61600 51.38300
18 7 20 05 24 8012.30000 5.27100000 204.34000 36.80000 16.61600 51.38300
18 7 20 05 25 8012.30000 5.27100000 204.36000 36.80000 16.61600 51.38300
18 7 20 05 25 8012.30000 5.27100000 204.36000 36.80000 16.61600 51.38300
18 7 20 05 26 8008.10000 5.27100000 204.36000 36.80000 16.61600 51.38300
18 7 20 05 26 8008.10000 5.27100000 204.36000 36.80000 16.61600 51.38300
18 7 20 05 26 8008.70000 5.27100000 204.36000 36.80000 16.61600 51.38300
18 7 20 05 27 8008.70000 5.27100000 204.36000 36.80000 16.61600 51.38300
18 7 20 05 27 8008.60000 5.27100000 204.36000 36.80000 16.61600 51.38300
18 7 20 05 28 8008.70000 5.27100000 204.36000 36.80000 16.61600 51.38300
18 7 20 05 28 8008.70000 5.27100000 204.34000 36.80000 16.61600 51.38300
18 7 20 05 29 8008.60000 5.27100000 204.25000 36.80000 16.61600 51.38300
18 7 20 05 29 8008.60000 5.27100000 204.28000 36.80000 16.61600 51.38300
18 7 20 05 30 8008.60000 5.27100000 204.28000 36.80000 16.61600 51.38300
18 7 20 05 30 8008.70000 5.27100000 204.28000 36.80000 16.61600 51.38300
18 7 20 05 31 8005.80000 5.27100000 204.27000 36.80000 16.61600 51.38300
18 7 20 05 31 8005.80000 5.27100000 204.32000 36.80000 16.61600 51.38300
18 7 20 05 32 8006.00000 5.27100000 204.32000 36.80000 16.61600 51.38300
18 7 20 05 32 8005.40000 5.27100000 204.32000 36.80000 16.61600 51.38300
18 7 20 05 32 8005.30000 5.27100000 204.32000 36.80000 16.61600 51.38300
18 7 20 05 33 8005.10000 5.27100000 204.26000 36.80000 16.61600 51.38300
18 7 20 05 33 8005.10000 5.27100000 204.26000 36.80000 16.61600 51.38300
18 7 20 05 34 8005.20000 5.27100000 204.26000 36.80000 16.61600 51.38300
18 7 20 05 34 8005.20000 5.27100000 204.26000 36.80000 16.61600 51.38300
18 7 20 05 35 8005.10000 5.27100000 204.26000 36.80000 16.61600 51.38300
18 7 20 05 35 8005.20000 5.27100000 204.26000 36.80000 16.61600 51.38300
18 7 20 05 36 8005.20000 5.27100000 204.25000 36.80000 16.61600 51.38300
18 7 20 05 36 8005.10000 5.27100000 204.26000 36.80000 16.61600 51.38300
18 7 20 05 36 8005.20000 5.27100000 204.26000 36.80000 16.61600 51.38300
18 7 20 05 37 8005.10000 5.27100000 204.25000 36.80000 16.61600 51.38300
18 7 20 05 37 8005.10000 5.27100000 204.25000 36.80000 16.61600 51.38300
18 7 20 05 38 8005.00000 5.27100000 204.25000 36.66000 16.61600 51.38300
18 7 20 05 38 8005.10000 5.27100000 204.26000 36.66000 16.61600 51.38300
18 7 20 05 39 8005.10000 5.27100000 204.26000 36.66000 16.61600 51.38300
18 7 20 05 39 8005.10000 5.27100000 204.26000 36.66000 16.61600 51.38300
18 7 20 05 40 8005.00000 5.27100000 204.26000 36.66000 16.61600 51.38300
18 7 20 05 40 8005.00000 5.27100000 204.26000 36.66000 16.61600 51.38300
18 7 20 05 41 8005.10000 5.27100000 204.26000 36.66000 16.61600 51.38300
18 7 20 05 41 8005.10000 5.27100000 204.26000 36.66000 16.61600 51.38300
18 7 20 05 42 8005.10000 5.27100000 204.26000 36.66000 16.61600 51.38300
18 7 20 05 42 8005.00000 5.27100000 204.26000 36.66000 16.61600 51.38300
18 7 20 05 42 8005.00000 5.27100000 204.27000 36.66000 16.61600 51.38300
18 7 20 05 43 8005.10000 5.27100000 204.27000 36.66000 16.61600 51.38300
18 7 20 05 43 8005.10000 5.27100000 204.27000 36.66000 16.61600 51.38300
18 7 20 05 44 8005.00000 5.27100000 204.27000 36.66000 16.61600 51.38300
18 7 20 05 44 8005.10000 5.27100000 204.27000 36.66000 16.61600 51.38300
18 7 20 05 45 8005.00000 5.27100000 204.26000 36.66000 16.61600 51.38300
18 7 20 05 45 8005.10000 5.27100000 204.27000 36.66000 16.61600 51.38300
18 7 20 05 46 8005.00000 5.27100000 204.27000 36.70000 16.61600 51.38300
18 7 20 05 46 8004.60000 5.27100000 204.27000 36.70000 16.61600 51.38300
18 7 20 05 47 8004.70000 5.27100000 204.27000 36.70000 16.61600 51.38300
18 7 20 05 47 8004.60000 5.27100000 204.27000 36.70000 16.61600 51.38300
18 7 20 05 48 8004.20000 5.27100000 204.27000 36.70000 16.61600 51.38300
18 7 20 05 48 8004.20000 5.27100000 204.27000 36.70000 16.61600 51.38300
18 7 20 05 48 8004.20000 5.27100000 204.27000 36.70000 16.61600 51.38300
18 7 20 05 49 8004.10000 5.27100000 204.27000 36.70000 16.61600 51.38300
18 7 20 05 49 8004.10000 5.27100000 204.16000 36.70000 16.61600 51.38300
18 7 20 05 50 8004.20000 5.27100000 204.15000 36.70000 16.61600 51.38300
18 7 20 05 50 8004.10000 5.27100000 204.15000 36.70000 16.61600 51.38300
18 7 20 05 51 8004.20000 5.27100000 204.13000 36.70000 16.61600 51.38300
18 7 20 05 51 8004.20000 5.27100000 204.18000 36.70000 16.61600 51.38300
18 7 20 05 52 8004.20000 5.27100000 204.24000 36.70000 16.61600 51.32700
18 7 20 05 52 8004.20000 5.27100000 204.23000 36.70000 16.61600 51.32700
18 7 20 05 53 8004.20000 5.27100000 204.24000 36.70000 16.61600 51.32700
18 7 20 05 53 8004.10000 5.27100000 204.24000 36.70000 16.61600 51.32700
18 7 20 05 53 8004.10000 5.27100000 204.23000 36.70000 16.61600 51.32700
18 7 20 05 54 8004.20000 5.27100000 204.22000 36.70000 16.61600 51.32700
18 7 20 05 54 8004.20000 5.27100000 204.22000 36.70000 16.59700 51.32700
18 7 20 05 55 8004.20000 5.27100000 204.22000 36.70000 16.59700 51.32700
18 7 20 05 55 8004.20000 5.27100000 204.22000 36.70000 16.59700 51.32700
18 7 20 05 56 8004.20000 5.27100000 204.22000 36.70000 16.59700 51.32700
18 7 20 05 56 8004.20000 5.27100000 204.19000 36.70000 16.59700 51.32700
18 7 20 05 57 8004.20000 5.27100000 204.26000 36.70000 16.59700 51.32700
18 7 20 05 57 8004.20000 5.27100000 204.26000 36.70000 16.59700 51.32700
18 7 20 05 58 8004.20000 5.27100000 204.26000 36.70000 16.59700 51.32700
18 7 20 05 58 8004.20000 5.27100000 204.26000 36.70000 16.59700 51.32700
18 7 20 05 58 8004.10000 5.27100000 204.26000 36.70000 16.59700 51.32700
18 7 20 05 59 8004.20000 5.27100000 204.26000 36.70000 16.59700 51.32700
18 7 20 05 59 8004.10000 5.27100000 204.25000 36.70000 16.59700 51.32700
18 7 20 06 00 8004.00000 5.27100000 204.25000 36.74000 16.59700 51.32700
18 7 20 06 00 8004.00000 5.27100000 204.26000 36.74000 16.59700 51.32700
18 7 20 06 01 8004.10000 5.27100000 204.26000 36.74000 16.59700 51.32700
18 7 20 06 01 8004.10000 5.27100000 204.26000 36.74000 16.59700 51.38700
18 7 20 06 02 8004.10000 5.27100000 204.26000 36.74000 16.59700 51.38700
18 7 20 06 02 8004.10000 5.27100000 204.26000 36.74000 16.59700 51.25000
18 7 20 06 02 8004.10000 5.27100000 204.21000 36.74000 16.59700 51.25000
18 7 20 06 03 8004.10000 5.27100000 204.21000 36.74000 16.59700 51.25000
18 7 20 06 03 8002.40000 5.27100000 204.21000 36.75000 16.59700 51.25000
18 7 20 06 04 8002.30000 5.27100000 204.21000 36.75000 16.59700 51.25000
18 7 20 06 04 8002.30000 5.27100000 204.21000 36.79000 16.59700 51.25000
18 7 20 06 05 8002.30000 5.27100000 204.21000 36.79000 16.57300 51.25000
18 7 20 06 05 8002.20000 5.27100000 204.21000 36.79000 16.57300 51.25000
18 7 20 06 06 8002.30000 5.27100000 204.21000 36.79000 16.57300 51.25000
18 7 20 06 06 8002.30000 5.27100000 204.21000 36.79000 16.57300 51.25000
18 7 20 06 07 8002.30000 5.27100000 204.21000 36.79000 16.57300 51.25000
18 7 20 06 07 8002.20000 5.27100000 204.26000 36.79000 16.57300 51.25000
18 7 20 06 07 8002.30000 5.27100000 204.26000 36.79000 16.57300 51.25000
18 7 20 06 08 8002.20000 5.27100000 204.21000 36.79000 16.57300 51.25000
18 7 20 06 08 8002.20000 5.27100000 204.21000 36.79000 16.57300 51.25000
18 7 20 06 09 8002.20000 5.27100000 204.20000 36.79000 16.57300 51.25000
18 7 20 06 09 8002.30000 5.27100000 204.20000 36.79000 16.57300 51.25000
