M=[
18 6 20 06 32 8382.60000 5.55000000 207.07000 38.97000 13.92800 46.86400
18 6 20 06 32 8383.50000 5.55000000 207.07000 38.97000 13.92800 46.86400
18 6 20 06 33 8383.60000 5.55000000 207.07000 38.97000 13.92800 46.86400
18 6 20 06 33 8382.60000 5.55000000 207.07000 38.97000 13.92800 46.86400
18 6 20 06 34 8381.90000 5.55000000 207.07000 38.97000 13.92800 46.86400
18 6 20 06 34 8384.50000 5.55000000 207.07000 38.97000 13.92800 46.86400
18 6 20 06 35 8385.50000 5.55000000 207.08000 38.97000 13.92800 46.86400
18 6 20 06 35 8385.60000 5.55000000 207.08000 38.97000 13.92800 46.86400
18 6 20 06 36 8386.30000 5.55000000 207.08000 39.04000 13.92800 46.86400
18 6 20 06 36 8386.40000 5.55000000 207.09000 39.04000 13.92800 46.86400
18 6 20 06 37 8387.00000 5.55000000 207.39000 39.04000 13.92800 46.86400
18 6 20 06 37 8389.20000 5.55000000 207.39000 39.04000 13.92800 46.86400
18 6 20 06 38 8389.30000 5.55000000 207.38000 39.04000 13.92800 46.86400
18 6 20 06 38 8390.00000 5.55000000 207.33000 39.04000 13.92800 46.86400
18 6 20 06 39 8390.00000 5.55000000 207.37000 39.04000 13.92800 46.86400
18 6 20 06 39 8390.00000 5.53100000 207.38000 39.04000 13.92800 46.86400
18 6 20 06 40 8388.30000 5.55000000 207.35000 39.03000 13.92800 46.86400
18 6 20 06 40 8388.30000 5.55000000 207.35000 39.04000 13.92800 46.86400
18 6 20 06 41 8389.20000 5.55000000 207.34000 39.04000 13.92800 46.86400
18 6 20 06 41 8390.00000 5.55000000 207.40000 39.04000 13.92800 46.86400
18 6 20 06 42 8390.00000 5.55000000 207.37000 39.04000 13.92800 46.86400
18 6 20 06 42 8392.70000 5.55000000 207.37000 39.04000 13.92800 46.86400
18 6 20 06 43 8397.60000 5.55000000 207.40000 39.04000 13.92800 46.86400
18 6 20 06 44 8394.10000 5.55000000 207.49000 39.04000 13.92800 46.99700
18 6 20 06 44 8395.40000 5.55000000 207.48000 39.04000 13.92800 46.99700
18 6 20 06 45 8396.00000 5.55000000 207.48000 39.04000 13.92800 46.99700
18 6 20 06 45 8397.20000 5.55000000 207.48000 39.04000 14.04900 46.99700
18 6 20 06 46 8396.40000 5.55000000 207.47000 39.04000 14.04900 46.99700
18 6 20 06 46 8396.40000 5.55000000 207.46000 39.04000 14.04900 46.99700
18 6 20 06 47 8394.00000 5.55000000 207.49000 39.04000 14.04900 46.94800
18 6 20 06 47 8393.10000 5.55000000 207.49000 39.04000 14.04900 46.99700
18 6 20 06 48 8393.10000 5.55000000 207.50000 39.04000 14.04100 46.94800
18 6 20 06 48 8393.10000 5.55000000 207.50000 39.04000 14.04100 46.94800
18 6 20 06 49 8396.70000 5.55000000 207.54000 39.04000 14.04100 46.94800
18 6 20 06 49 8393.30000 5.55000000 207.51000 39.04000 14.04100 46.94800
18 6 20 06 50 8395.30000 5.55000000 207.50000 39.03000 14.03700 46.94800
18 6 20 06 50 8394.10000 5.55000000 207.52000 39.03000 14.03700 46.94800
18 6 20 06 51 8395.40000 5.55000000 207.55000 39.03000 14.01200 46.94800
18 6 20 06 51 8395.00000 5.55000000 207.54000 39.03000 14.01200 46.94800
18 6 20 06 52 8394.90000 5.55000000 207.53000 39.03000 14.01200 46.94800
18 6 20 06 52 8394.80000 5.55000000 207.54000 39.03000 14.01200 46.94800
18 6 20 06 53 8393.10000 5.55000000 207.54000 39.03000 14.01200 46.99700
18 6 20 06 53 8393.10000 5.55000000 207.53000 39.03000 14.01200 46.94800
18 6 20 06 54 8392.70000 5.55000000 207.53000 39.03000 14.01200 46.94800
18 6 20 06 55 8393.00000 5.55000000 207.51000 39.03000 14.01200 46.94800
18 6 20 06 55 8393.00000 5.55000000 207.57000 39.04000 14.01200 46.99700
18 6 20 06 56 8393.00000 5.55000000 207.57000 39.04000 14.01200 46.94800
18 6 20 06 56 8396.40000 5.55000000 207.57000 39.04000 14.01200 47.07100
18 6 20 06 57 8391.80000 5.55000000 207.57000 39.04000 14.04000 47.07100
18 6 20 06 57 8391.00000 5.55000000 207.52000 39.04000 14.04000 47.07100
18 6 20 06 58 8390.10000 5.55000000 207.47000 39.04000 14.04000 47.07100
18 6 20 06 58 8390.10000 5.55000000 207.46000 39.03000 14.04000 47.07100
18 6 20 06 59 8390.40000 5.55000000 207.41000 39.03000 14.04000 47.07100
18 6 20 06 59 8390.10000 5.55000000 207.40000 39.03000 14.04000 46.97600
18 6 20 07 00 8390.20000 5.55000000 207.37000 39.03000 14.04000 46.97600
18 6 20 07 01 8390.20000 5.55000000 207.37000 39.03000 14.04000 46.97600
18 6 20 07 01 8392.80000 5.55000000 207.37000 39.04000 14.04000 46.97600
18 6 20 07 02 8391.60000 5.55000000 207.37000 39.04000 14.04000 46.97600
18 6 20 07 02 8392.90000 5.55000000 207.37000 39.04000 14.04000 46.97600
18 6 20 07 03 8392.80000 5.55000000 207.37000 39.04000 14.04000 46.97600
18 6 20 07 03 8393.40000 5.55000000 207.39000 39.04000 14.04000 46.97600
18 6 20 07 04 8393.40000 5.55000000 207.39000 39.04000 14.04000 46.97600
18 6 20 07 04 8393.50000 5.55000000 207.40000 39.04000 14.04000 46.97600
18 6 20 07 05 8393.50000 5.55000000 207.40000 39.04000 14.04000 46.97600
18 6 20 07 05 8395.60000 5.55000000 207.40000 39.04000 14.04000 46.97600
18 6 20 07 06 8393.70000 5.55000000 207.40000 39.04000 14.04000 46.97600
18 6 20 07 06 8393.70000 5.55000000 207.40000 39.04000 14.26300 46.97600
18 6 20 07 07 8393.70000 5.55000000 207.40000 39.04000 14.39600 46.97600
18 6 20 07 07 8393.60000 5.55000000 207.40000 39.04000 14.41000 46.97600
18 6 20 07 08 8393.70000 5.55000000 207.40000 39.04000 14.41000 46.97600
18 6 20 07 08 8393.70000 5.55000000 207.40000 39.04000 14.46500 46.97600
18 6 20 07 09 8396.50000 5.55000000 207.40000 39.04000 14.65800 46.97600
18 6 20 07 09 8396.50000 5.55000000 207.41000 39.04000 14.74300 46.97600
18 6 20 07 10 8397.40000 5.55700000 207.41000 39.10000 14.42000 46.97600
18 6 20 07 11 8398.00000 5.55700000 207.41000 39.10000 14.51000 46.97600
18 6 20 07 11 8398.40000 5.55000000 207.50000 39.10000 14.47500 46.97600
18 6 20 07 12 8398.90000 5.55000000 207.50000 39.10000 14.40300 46.97600
18 6 20 07 12 8398.80000 5.55000000 207.50000 39.10000 14.48300 46.97600
18 6 20 07 13 8398.90000 5.55700000 207.50000 39.10000 14.48300 46.97600
18 6 20 07 13 8399.00000 5.55000000 207.50000 39.10000 14.59100 46.97600
18 6 20 07 14 8398.90000 5.55700000 207.50000 39.10000 14.59100 46.97600
18 6 20 07 14 8398.90000 5.55700000 207.81000 39.10000 14.66500 46.97600
18 6 20 07 15 8398.90000 5.55000000 207.75000 39.10000 14.47400 46.97600
18 6 20 07 15 8399.80000 5.55700000 207.75000 39.10000 14.47400 46.97600
18 6 20 07 16 8399.70000 5.55000000 207.89000 39.10000 14.58600 46.97600
18 6 20 07 16 8399.70000 5.55000000 207.90000 39.11000 14.64300 46.97600
18 6 20 07 17 8398.90000 5.55000000 207.90000 39.11000 14.64300 46.97600
18 6 20 07 17 8398.90000 5.55000000 207.79000 39.11000 14.60400 46.97600
18 6 20 07 18 8398.90000 5.55000000 207.76000 39.11000 14.73700 46.97600
18 6 20 07 18 8399.60000 5.55000000 207.76000 39.09000 14.67900 46.97600
18 6 20 07 19 8399.70000 5.55900000 207.83000 39.09000 14.64000 46.97600
18 6 20 07 19 8399.60000 5.55900000 207.83000 39.09000 14.64000 46.97600
18 6 20 07 20 8399.70000 5.55900000 207.82000 39.09000 14.73300 46.97600
18 6 20 07 20 8399.80000 5.55900000 207.82000 39.09000 14.73300 46.97600
18 6 20 07 21 8399.80000 5.55900000 207.82000 39.09000 14.66200 46.97600
18 6 20 07 21 8399.80000 5.55900000 207.79000 39.09000 14.66200 47.07100
18 6 20 07 22 8399.80000 5.55000000 207.64000 39.09000 14.65500 46.97600
18 6 20 07 23 8399.70000 5.55900000 207.64000 39.09000 14.61500 46.97600
18 6 20 07 23 8399.80000 5.55900000 207.68000 39.09000 14.77700 46.97600
18 6 20 07 24 8399.80000 5.55900000 207.68000 39.09000 14.71000 46.97600
18 6 20 07 24 8399.80000 5.55900000 207.68000 39.09000 14.61900 46.97600
18 6 20 07 25 8399.70000 5.55900000 207.68000 39.09000 14.61900 46.97600
18 6 20 07 25 8399.90000 5.55900000 207.70000 39.07000 14.61000 46.97600
18 6 20 07 26 8399.90000 5.55900000 207.69000 39.07000 14.61000 46.97600
18 6 20 07 26 8399.90000 5.55900000 207.78000 39.08000 14.57500 46.97600
18 6 20 07 27 8400.00000 5.55900000 207.77000 39.08000 14.57500 46.97600
18 6 20 07 27 8400.00000 5.55900000 207.78000 39.08000 14.57500 46.97600
18 6 20 07 28 8400.00000 5.55900000 207.78000 39.08000 14.57500 46.97600
18 6 20 07 28 8400.00000 5.55900000 207.78000 39.11000 14.57500 46.97600
