M=[
14 11 20 02 49 13700.10000 4.35800000 398.84000 54.64000 13.15700 54.71100
14 11 20 02 49 13699.50000 4.35800000 398.84000 54.64000 13.15700 54.71100
14 11 20 02 49 13690.00000 4.35800000 398.84000 54.64000 13.15700 54.71100
14 11 20 02 50 13690.10000 4.35800000 398.84000 54.64000 13.15700 54.71100
14 11 20 02 50 13690.00000 4.35800000 398.84000 54.64000 13.15700 54.71100
14 11 20 02 51 13690.00000 4.35800000 398.84000 54.64000 13.15700 54.71100
14 11 20 02 51 13690.00000 4.35800000 398.46000 54.64000 13.15700 54.71100
14 11 20 02 52 13670.20000 4.35800000 398.38000 54.64000 13.15700 54.71100
14 11 20 02 52 13675.00000 4.35800000 398.38000 54.64000 13.15700 54.71100
14 11 20 02 52 13677.60000 4.35800000 398.38000 54.64000 13.15700 54.71100
14 11 20 02 53 13670.30000 4.35800000 397.54000 54.64000 13.15700 54.56200
14 11 20 02 53 13670.30000 4.35800000 397.64000 54.64000 13.15700 54.56200
14 11 20 02 54 13674.80000 4.35800000 397.64000 54.64000 13.15700 54.56200
14 11 20 02 54 13674.80000 4.35800000 397.64000 54.64000 13.15700 54.53000
14 11 20 02 55 13673.20000 4.35800000 398.01000 54.64000 13.15700 54.53000
14 11 20 02 55 13683.70000 4.35800000 398.01000 54.64000 13.15700 54.53000
14 11 20 02 55 13693.20000 4.35800000 398.01000 54.64000 13.15700 54.71100
14 11 20 02 56 13698.50000 4.35800000 398.38000 54.64000 13.15700 54.70100
14 11 20 02 56 13695.80000 4.35800000 397.99000 54.64000 13.15700 54.70100
14 11 20 02 57 13697.10000 4.35800000 397.99000 54.64000 13.15700 54.70100
14 11 20 02 57 13697.10000 4.35800000 397.99000 54.64000 13.15700 54.70100
14 11 20 02 58 13691.00000 4.35800000 397.99000 54.64000 13.15700 54.70100
14 11 20 02 58 13691.00000 4.35800000 397.99000 54.64000 13.15700 54.70100
14 11 20 02 58 13691.00000 4.35800000 398.12000 54.64000 13.15700 54.63100
14 11 20 02 59 13688.40000 4.35800000 398.02000 54.64000 13.15700 54.63100
14 11 20 02 59 13685.20000 4.35800000 398.02000 54.64000 13.15700 54.63100
14 11 20 03 00 13685.30000 4.35800000 398.02000 54.64000 13.15700 54.63100
14 11 20 03 00 13685.30000 4.34600000 397.38000 54.64000 13.15700 54.63100
14 11 20 03 01 13685.30000 4.34600000 397.38000 54.64000 13.15700 54.63100
14 11 20 03 01 13685.30000 4.34500000 397.38000 54.64000 13.15700 54.63100
14 11 20 03 01 13690.70000 4.34500000 397.38000 54.52000 13.15700 54.63100
14 11 20 03 02 13690.60000 4.35700000 397.38000 54.60000 13.15700 54.63100
14 11 20 03 02 13690.60000 4.35700000 397.38000 54.60000 13.15700 54.63100
14 11 20 03 03 13690.70000 4.35700000 398.16000 54.60000 13.15700 54.63100
14 11 20 03 03 13690.70000 4.35700000 398.18000 54.60000 13.09800 54.63100
14 11 20 03 04 13688.80000 4.35700000 398.18000 54.60000 13.09800 54.63100
14 11 20 03 04 13688.80000 4.35700000 398.18000 54.60000 13.09800 54.63100
14 11 20 03 04 13688.80000 4.35700000 398.18000 54.60000 13.09800 54.63100
14 11 20 03 05 13688.80000 4.35700000 398.18000 54.60000 13.09800 54.63100
14 11 20 03 05 13688.80000 4.35700000 398.18000 54.60000 13.09800 54.63100
14 11 20 03 06 13685.20000 4.35700000 398.18000 54.60000 13.09800 54.63100
14 11 20 03 06 13685.20000 4.35700000 398.18000 54.60000 13.09800 54.63100
14 11 20 03 07 13691.10000 4.35700000 398.18000 54.60000 13.09800 54.63100
14 11 20 03 07 13691.20000 4.35700000 398.18000 54.60000 13.09800 54.63100
14 11 20 03 07 13691.20000 4.35700000 398.18000 54.60000 13.09800 54.63100
14 11 20 03 08 13691.20000 4.35700000 398.18000 54.60000 13.09800 54.63100
14 11 20 03 08 13691.20000 4.35700000 398.18000 54.60000 13.09800 54.63100
14 11 20 03 09 13692.50000 4.35700000 398.18000 54.60000 13.09800 54.77600
14 11 20 03 09 13685.30000 4.35700000 398.01000 54.60000 13.09800 54.77600
14 11 20 03 10 13685.30000 4.35700000 398.01000 54.60000 13.09800 54.77600
14 11 20 03 10 13685.30000 4.35700000 398.01000 54.60000 13.09800 54.77600
14 11 20 03 11 13685.30000 4.35700000 398.01000 54.60000 13.09800 54.77600
14 11 20 03 11 13685.30000 4.35700000 398.01000 54.60000 13.09800 54.77600
14 11 20 03 11 13674.60000 4.35700000 398.01000 54.51000 13.09800 54.77600
14 11 20 03 12 13672.60000 4.35700000 398.01000 54.49000 13.09800 54.77600
14 11 20 03 12 13672.50000 4.35700000 398.01000 54.49000 13.09800 54.77600
14 11 20 03 13 13672.50000 4.35700000 398.01000 54.49000 13.09800 54.77600
14 11 20 03 13 13678.20000 4.35700000 398.01000 54.49000 13.09800 54.77600
14 11 20 03 14 13678.20000 4.35700000 398.01000 54.49000 13.09800 54.77600
14 11 20 03 14 13676.60000 4.35700000 398.01000 54.49000 13.09800 54.77600
14 11 20 03 14 13676.00000 4.35700000 398.01000 54.49000 13.09800 54.77600
14 11 20 03 15 13676.00000 4.35700000 398.01000 54.54000 13.09800 54.77600
14 11 20 03 15 13671.60000 4.35700000 398.24000 54.50000 13.09800 54.77600
14 11 20 03 16 13671.60000 4.35700000 398.24000 54.51000 13.09800 54.77600
14 11 20 03 16 13677.70000 4.35700000 398.24000 54.51000 13.09800 54.77600
14 11 20 03 17 13677.80000 4.35700000 398.24000 54.51000 13.09800 54.77600
14 11 20 03 17 13680.80000 4.35700000 398.24000 54.51000 13.09800 54.77600
14 11 20 03 17 13683.40000 4.35700000 398.24000 54.51000 13.09800 54.77600
14 11 20 03 18 13684.70000 4.35700000 398.24000 54.51000 13.09800 54.77600
14 11 20 03 18 13684.30000 4.35700000 398.24000 54.51000 13.09800 54.77600
14 11 20 03 19 13684.30000 4.35700000 398.24000 54.51000 13.09800 54.77600
14 11 20 03 19 13684.30000 4.35700000 398.64000 54.51000 13.09800 54.77600
14 11 20 03 20 13684.30000 4.35700000 398.64000 54.51000 13.09800 54.77600
14 11 20 03 20 13693.00000 4.35700000 398.70000 54.51000 13.13500 54.77600
14 11 20 03 20 13690.50000 4.35700000 398.70000 54.51000 13.13500 54.77600
14 11 20 03 21 13690.60000 4.35700000 398.71000 54.51000 13.13500 54.77600
14 11 20 03 21 13690.60000 4.35700000 398.71000 54.51000 13.13500 54.77600
14 11 20 03 22 13690.60000 4.35700000 398.71000 54.51000 13.13500 54.77600
14 11 20 03 22 13690.60000 4.35700000 398.71000 54.51000 13.13500 54.77600
14 11 20 03 23 13690.60000 4.35700000 398.71000 54.51000 13.13500 54.77600
14 11 20 03 23 13690.60000 4.35700000 398.71000 54.51000 13.13500 54.77600
14 11 20 03 23 13690.60000 4.35700000 398.71000 54.51000 13.13500 54.77600
14 11 20 03 24 13692.50000 4.35700000 398.71000 54.51000 13.13500 54.77600
14 11 20 03 24 13692.50000 4.35700000 398.71000 54.51000 13.13500 54.77600
14 11 20 03 25 13693.00000 4.35700000 398.71000 54.51000 13.13500 54.77600
14 11 20 03 25 13699.80000 4.35700000 398.71000 54.51000 13.13500 54.77600
14 11 20 03 26 13703.80000 4.35700000 398.71000 54.51000 13.13500 54.77600
14 11 20 03 26 13703.80000 4.35700000 398.71000 54.51000 13.13500 54.77600
14 11 20 03 26 13703.70000 4.35700000 398.90000 54.51000 13.13500 54.77600
14 11 20 03 27 13703.60000 4.35700000 398.90000 54.51000 13.13500 54.77600
14 11 20 03 27 13703.60000 4.35700000 398.90000 54.51000 13.13500 54.77600
14 11 20 03 28 13703.60000 4.35700000 398.90000 54.51000 13.13500 54.77600
14 11 20 03 28 13703.60000 4.35700000 398.90000 54.51000 13.13500 54.77600
14 11 20 03 29 13703.70000 4.35700000 398.90000 54.51000 13.13500 54.77600
14 11 20 03 29 13703.70000 4.35700000 398.90000 54.61000 13.13500 54.77600
14 11 20 03 29 13703.70000 4.35700000 398.90000 54.61000 13.13500 54.77600
14 11 20 03 30 13693.90000 4.35700000 398.90000 54.61000 13.13500 54.77600
14 11 20 03 30 13693.90000 4.35700000 398.90000 54.61000 13.13500 54.77600
14 11 20 03 31 13693.90000 4.35700000 399.06000 54.61000 13.13500 54.77600
14 11 20 03 31 13693.90000 4.35700000 399.06000 54.61000 13.13500 54.77600
14 11 20 03 32 13693.90000 4.35700000 399.06000 54.61000 13.13500 54.77600
14 11 20 03 32 13693.90000 4.35700000 398.73000 54.61000 13.13500 54.77600
14 11 20 03 33 13693.90000 4.35700000 398.73000 54.61000 13.13500 54.77600
14 11 20 03 33 13693.90000 4.35700000 398.73000 54.61000 13.13500 54.77600
14 11 20 03 33 13693.90000 4.35700000 398.73000 54.61000 13.13500 54.77600
14 11 20 03 34 13689.20000 4.35700000 398.73000 54.63000 13.19400 54.77600
