M=[
 2 8 20 17 16 9540.10000 6.24100000 329.24000 49.03000 16.51500 71.96100
 2 8 20 17 16 9548.00000 6.24100000 330.81000 49.14000 16.51500 71.96100
 2 8 20 17 17 9563.50000 6.23900000 330.49000 49.24000 16.55300 71.96100
 2 8 20 17 17 9562.70000 6.23900000 330.01000 49.25000 16.55300 71.96100
 2 8 20 17 18 9558.60000 6.23900000 329.83000 49.25000 16.55300 71.96100
 2 8 20 17 18 9554.90000 6.23900000 329.48000 49.14000 16.55300 71.96100
 2 8 20 17 19 9558.20000 6.23900000 329.49000 49.13000 16.55300 71.96100
 2 8 20 17 20 9554.90000 6.23900000 329.14000 49.10000 16.55300 71.96100
 2 8 20 17 20 9554.80000 6.20000000 328.37000 49.10000 16.51300 71.96100
 2 8 20 17 21 9560.00000 6.20000000 329.00000 49.02000 16.51300 71.96100
 2 8 20 17 21 9560.00000 6.20000000 328.67000 49.10000 16.51300 71.96100
 2 8 20 17 22 9560.00000 6.20000000 328.84000 49.10000 16.51300 71.96100
 2 8 20 17 23 9560.00000 6.20000000 328.70000 49.01000 16.43900 71.96100
 2 8 20 17 23 9560.00000 6.20000000 328.92000 49.01000 16.43900 71.96100
 2 8 20 17 24 9562.00000 6.20000000 329.00000 49.01000 16.43900 71.96100
 2 8 20 17 24 9569.50000 6.20000000 329.91000 49.11000 16.43900 71.96100
 2 8 20 17 25 9572.70000 6.18500000 329.91000 49.11000 16.43900 71.85800
 2 8 20 17 25 9575.90000 6.17900000 329.66000 49.09000 16.43900 71.85800
 2 8 20 17 26 9575.90000 6.19000000 329.30000 49.09000 16.43900 71.85800
 2 8 20 17 26 9576.00000 6.19000000 329.00000 49.09000 16.43900 71.85800
 2 8 20 17 27 9572.70000 6.19000000 328.59000 49.00000 16.43900 71.85800
 2 8 20 17 27 9573.40000 6.19000000 329.50000 49.00000 16.43900 71.70300
 2 8 20 17 28 9574.70000 6.19000000 329.49000 49.00000 16.49200 71.70300
 2 8 20 17 28 9575.40000 6.19000000 329.49000 49.13000 16.49200 71.70300
 2 8 20 17 29 9574.10000 6.12900000 329.27000 49.03000 16.52000 71.70300
 2 8 20 17 29 9574.10000 6.17800000 329.49000 49.03000 16.52000 71.42800
 2 8 20 17 30 9574.10000 6.17800000 329.21000 49.03000 16.45700 71.42800
 2 8 20 17 30 9572.00000 6.19800000 329.01000 49.03000 16.45700 71.42900
 2 8 20 17 31 9560.00000 6.16300000 326.46000 49.00000 16.45700 71.33200
 2 8 20 17 31 9568.10000 6.16300000 327.90000 48.95000 16.45700 71.29900
 2 8 20 17 32 9562.50000 6.16300000 327.88000 48.95000 16.45700 71.20000
 2 8 20 17 33 9562.50000 6.16300000 327.44000 48.95000 16.45700 71.41500
 2 8 20 17 33 9562.40000 6.16300000 327.81000 49.04000 16.45700 71.40500
 2 8 20 17 33 9562.30000 6.16300000 328.13000 49.10000 16.45700 71.36400
 2 8 20 17 34 9563.10000 6.16300000 327.71000 49.10000 16.45700 71.36400
 2 8 20 17 35 9560.20000 6.16300000 327.71000 49.10000 16.45700 71.36400
 2 8 20 17 35 9562.20000 6.16300000 327.83000 49.07000 16.45700 71.36400
 2 8 20 17 36 9562.10000 6.16300000 327.76000 49.07000 16.45700 71.36400
 2 8 20 17 36 9562.20000 6.16300000 328.45000 49.07000 16.45700 71.36400
 2 8 20 17 37 9566.80000 6.16300000 328.74000 49.07000 16.45700 71.36400
 2 8 20 17 37 9573.60000 6.16300000 329.00000 49.07000 16.45700 71.36400
 2 8 20 17 38 9571.50000 6.16300000 328.79000 49.09000 16.45700 71.36400
 2 8 20 17 38 9574.80000 6.16300000 329.12000 49.17000 16.47500 71.53800
 2 8 20 17 39 9580.30000 6.16300000 329.12000 49.17000 16.47500 71.53800
 2 8 20 17 39 9581.20000 6.16300000 329.12000 49.17000 16.47700 71.53800
 2 8 20 17 40 9582.60000 6.16300000 329.37000 49.17000 16.47700 71.53800
 2 8 20 17 40 9576.30000 6.16300000 329.05000 49.17000 16.47700 71.53800
 2 8 20 17 41 9574.90000 6.16300000 329.05000 49.09000 16.47700 71.53800
 2 8 20 17 41 9574.90000 6.16300000 328.38000 49.09000 16.47700 71.53800
 2 8 20 17 42 9572.30000 6.16300000 328.78000 49.09000 16.47700 71.53800
 2 8 20 17 42 9572.40000 6.16300000 328.72000 49.10000 16.47700 71.53800
 2 8 20 17 43 9576.90000 6.16300000 328.86000 49.10000 16.47700 71.53800
 2 8 20 17 43 9574.50000 6.16300000 328.71000 49.10000 16.47700 71.53800
 2 8 20 17 44 9567.80000 6.16300000 328.43000 49.10000 16.47700 71.50000
 2 8 20 17 44 9571.80000 6.16300000 328.77000 49.10000 16.47700 71.50000
 2 8 20 17 45 9566.90000 6.16300000 328.43000 49.10000 16.47700 71.50000
 2 8 20 17 45 9565.70000 6.16300000 328.36000 49.10000 16.47700 71.50000
 2 8 20 17 46 9565.60000 6.16300000 328.07000 49.10000 16.47700 71.46800
 2 8 20 17 46 9562.30000 6.16300000 327.88000 49.03000 16.47700 71.34000
 2 8 20 17 47 9552.80000 6.16300000 327.24000 49.03000 16.47700 71.37000
 2 8 20 17 47 9560.30000 6.16300000 327.98000 49.04000 16.47700 71.41900
 2 8 20 17 48 9584.40000 6.16500000 329.08000 49.04000 16.47700 71.41900
 2 8 20 17 48 9582.30000 6.16500000 329.40000 49.28000 16.47700 71.41900
 2 8 20 17 49 9582.10000 6.16500000 329.16000 49.28000 16.47700 71.41900
 2 8 20 17 49 9587.00000 6.16500000 329.49000 49.30000 16.47700 71.41900
 2 8 20 17 50 9590.00000 6.16500000 329.44000 49.30000 16.47700 71.41900
 2 8 20 17 50 9593.60000 6.16500000 329.62000 49.30000 16.47700 71.41900
 2 8 20 17 51 9595.70000 6.16500000 329.73000 49.30000 16.47700 71.41900
 2 8 20 17 51 9596.00000 6.16500000 329.83000 49.30000 16.47700 71.41900
 2 8 20 17 52 9596.00000 6.19200000 329.62000 49.31000 16.47700 71.41900
 2 8 20 17 52 9590.00000 6.18300000 329.25000 49.31000 16.47700 71.41900
 2 8 20 17 53 9591.60000 6.18300000 329.42000 49.29000 16.47700 71.41900
 2 8 20 17 53 9590.30000 6.18300000 328.70000 49.29000 16.47700 71.41900
 2 8 20 17 54 9590.10000 6.18300000 329.01000 49.25000 16.47700 71.41900
 2 8 20 17 54 9590.20000 6.18300000 328.96000 49.23000 16.47700 71.41900
 2 8 20 17 55 9593.00000 6.18300000 329.22000 49.23000 16.47700 71.41900
 2 8 20 17 55 9593.10000 6.18300000 329.50000 49.23000 16.47700 71.41900
 2 8 20 17 56 9593.10000 6.16500000 329.50000 49.26000 16.47700 71.41900
 2 8 20 17 56 9597.90000 6.16500000 329.13000 49.26000 16.47700 71.41900
 2 8 20 17 57 9598.00000 6.16500000 328.87000 49.26000 16.47700 71.41900
 2 8 20 17 58 9593.20000 6.16500000 328.15000 49.13000 16.47700 71.41900
 2 8 20 17 58 9587.10000 6.16500000 328.20000 49.13000 16.47700 71.41900
 2 8 20 17 59 9593.10000 6.16500000 327.73000 49.05000 16.47700 71.53900
 2 8 20 17 59 9590.70000 6.16500000 327.64000 49.05000 16.47700 71.53900
 2 8 20 18 00 9589.80000 6.16500000 327.56000 49.05000 16.50700 71.53900
 2 8 20 18 00 9590.00000 6.16500000 327.75000 49.09000 16.50700 71.48900
 2 8 20 18 01 9592.40000 6.16500000 327.70000 49.09000 16.50300 71.48900
 2 8 20 18 01 9589.90000 6.16500000 327.34000 49.09000 16.50300 71.48900
 2 8 20 18 02 9585.20000 6.16500000 327.25000 49.09000 16.50300 71.44000
 2 8 20 18 02 9587.50000 6.16500000 327.56000 49.09000 16.50300 71.44000
 2 8 20 18 03 9585.30000 6.16500000 327.28000 49.09000 16.50300 71.47400
 2 8 20 18 03 9585.10000 6.16500000 327.32000 49.09000 16.50300 71.34300
 2 8 20 18 04 9585.30000 6.16500000 327.47000 49.09000 16.50300 71.34300
 2 8 20 18 04 9581.20000 6.16500000 326.87000 49.09000 16.50300 71.34300
 2 8 20 18 05 9581.20000 6.16500000 326.25000 49.02000 16.50300 71.34300
 2 8 20 18 06 9581.80000 6.16500000 326.20000 49.02000 16.52100 71.29700
 2 8 20 18 06 9578.10000 6.16500000 326.13000 49.02000 16.52100 71.26100
 2 8 20 18 07 9582.00000 6.16500000 326.79000 49.03000 16.52100 71.18000
 2 8 20 18 07 9576.50000 6.16500000 326.71000 49.11000 16.52100 71.18000
 2 8 20 18 08 9575.90000 6.16500000 326.69000 49.11000 16.52100 71.18000
 2 8 20 18 08 9575.90000 6.16500000 326.69000 49.11000 16.52100 71.18000
 2 8 20 18 09 9578.10000 6.16500000 326.45000 49.11000 16.52100 71.18000
 2 8 20 18 09 9576.40000 6.16500000 326.25000 49.05000 16.52100 71.18000
 2 8 20 18 10 9565.80000 6.16500000 326.00000 49.06000 16.52100 71.18000
 2 8 20 18 10 9573.70000 6.16500000 326.29000 49.06000 16.52100 71.62200
 2 8 20 18 11 9570.00000 6.16500000 326.13000 49.06000 16.52100 71.62200
 2 8 20 18 11 9570.30000 6.16500000 326.20000 49.06000 16.52100 71.62200
 2 8 20 18 12 9574.80000 6.16500000 326.30000 49.06000 16.52100 71.62200
 2 8 20 18 12 9582.00000 6.16500000 326.70000 49.14000 16.52100 71.70900
