M=[
15 10 20 17 20 9769.00000 4.81700000 321.98000 42.46000 11.69900 58.14000
15 10 20 17 21 9768.90000 4.81700000 321.98000 42.46000 11.69900 58.14000
15 10 20 17 21 9763.40000 4.81700000 321.98000 42.46000 11.69900 58.14000
15 10 20 17 22 9766.10000 4.81700000 322.12000 42.46000 11.69900 58.14000
15 10 20 17 22 9766.10000 4.81700000 321.98000 42.46000 11.69900 58.14000
15 10 20 17 23 9768.50000 4.81700000 321.89000 42.46000 11.69900 58.14000
15 10 20 17 23 9764.60000 4.81700000 321.95000 42.46000 11.69900 58.14000
15 10 20 17 23 9768.30000 4.81700000 322.00000 42.46000 11.69900 58.14000
15 10 20 17 24 9769.30000 4.81700000 322.05000 42.46000 11.69900 58.14000
15 10 20 17 24 9767.90000 4.81700000 322.05000 42.46000 11.69900 58.14000
15 10 20 17 25 9768.50000 4.81700000 322.05000 42.52000 11.69900 58.14000
15 10 20 17 25 9771.90000 4.81700000 322.15000 42.52000 11.69900 58.14000
15 10 20 17 26 9772.00000 4.81700000 322.19000 42.52000 11.69900 58.46600
15 10 20 17 26 9771.00000 4.81700000 322.29000 42.52000 11.69900 58.46600
15 10 20 17 26 9772.00000 4.81700000 322.29000 42.52000 11.69900 58.46600
15 10 20 17 27 9772.00000 4.81700000 322.70000 42.52000 11.69900 58.46600
15 10 20 17 27 9775.40000 4.81700000 322.84000 42.52000 11.69900 58.46600
15 10 20 17 28 9775.70000 4.81700000 322.64000 42.52000 11.69900 58.46600
15 10 20 17 28 9774.90000 4.81700000 322.58000 42.52000 11.69900 58.46600
15 10 20 17 29 9776.20000 4.81700000 322.58000 42.52000 11.69900 58.55000
15 10 20 17 29 9776.20000 4.81700000 322.58000 42.52000 11.69900 58.55000
15 10 20 17 29 9776.40000 4.81700000 322.71000 42.51000 11.69900 58.55000
15 10 20 17 30 9774.40000 4.81700000 322.66000 42.51000 11.69900 58.55000
15 10 20 17 30 9769.90000 4.81700000 322.66000 42.51000 11.69900 58.55000
15 10 20 17 31 9770.60000 4.81700000 322.66000 42.51000 11.69900 58.55000
15 10 20 17 31 9771.90000 4.81700000 322.66000 42.51000 11.69900 58.55000
15 10 20 17 32 9771.90000 4.81700000 322.58000 42.51000 11.69900 58.55000
15 10 20 17 32 9775.10000 4.81700000 322.68000 42.55000 11.69900 58.40000
15 10 20 17 32 9775.10000 4.81700000 322.70000 42.55000 11.69900 58.39900
15 10 20 17 33 9775.90000 4.81700000 322.70000 42.52000 11.69900 58.39900
15 10 20 17 33 9775.40000 4.81700000 322.70000 42.52000 11.69900 58.39900
15 10 20 17 34 9776.70000 4.81700000 322.70000 42.52000 11.69900 58.39900
15 10 20 17 34 9777.30000 4.81700000 322.84000 42.52000 11.69900 58.39900
15 10 20 17 35 9777.40000 4.81700000 322.82000 42.51000 11.69900 58.39900
15 10 20 17 35 9776.50000 4.81700000 322.79000 42.51000 11.69900 58.39900
15 10 20 17 35 9790.00000 4.81700000 323.00000 42.51000 11.69900 58.55000
15 10 20 17 36 9787.70000 4.81700000 323.23000 42.51000 11.69900 58.55000
15 10 20 17 36 9787.70000 4.81700000 323.23000 42.51000 11.69900 58.55000
15 10 20 17 37 9788.40000 4.81700000 322.94000 42.51000 11.69900 58.55000
15 10 20 17 37 9788.40000 4.81700000 322.94000 42.51000 11.69900 58.21200
15 10 20 17 38 9779.50000 4.81700000 322.94000 42.51000 11.69900 58.06800
15 10 20 17 38 9779.50000 4.81700000 322.80000 42.51000 11.69900 58.27600
15 10 20 17 38 9778.10000 4.81700000 322.81000 42.56000 11.69900 58.14000
15 10 20 17 39 9778.20000 4.81700000 322.81000 42.56000 11.69900 58.14000
15 10 20 17 39 9785.70000 4.81700000 322.81000 42.56000 11.69900 58.15000
15 10 20 17 40 9792.30000 4.81700000 322.86000 42.56000 11.69900 58.15000
15 10 20 17 40 9797.90000 4.81700000 323.22000 42.56000 11.69900 58.15000
15 10 20 17 41 9794.40000 4.81700000 323.22000 42.56000 11.69900 58.15000
15 10 20 17 41 9795.30000 4.81700000 323.22000 42.56000 11.69900 58.15000
15 10 20 17 41 9796.20000 4.81700000 323.22000 42.56000 11.69900 58.15000
15 10 20 17 42 9795.40000 4.81700000 323.22000 42.56000 11.68500 58.15000
15 10 20 17 42 9794.00000 4.81700000 323.22000 42.62000 11.68500 58.12500
15 10 20 17 43 9794.10000 4.81700000 323.23000 42.62000 11.79100 58.07000
15 10 20 17 43 9794.00000 4.81700000 323.05000 42.63000 11.79100 58.07000
15 10 20 17 44 9794.00000 4.81700000 323.05000 42.63000 11.79100 58.07000
15 10 20 17 44 9798.90000 4.81700000 323.53000 42.63000 11.79100 58.07000
15 10 20 17 44 9797.60000 4.81700000 323.35000 42.63000 11.79100 58.07000
15 10 20 17 45 9798.90000 4.81700000 323.35000 42.63000 11.79100 58.07000
15 10 20 17 45 9799.00000 4.81700000 323.35000 42.63000 11.79100 58.07000
15 10 20 17 46 9796.80000 4.81700000 323.35000 42.63000 11.79100 58.07000
15 10 20 17 46 9797.40000 4.81700000 323.35000 42.63000 11.79100 58.07000
15 10 20 17 47 9799.90000 4.82000000 323.24000 42.63000 11.79100 58.07000
15 10 20 17 47 9797.30000 4.82000000 323.01000 42.59000 11.79100 58.07000
15 10 20 17 47 9797.30000 4.82000000 323.01000 42.59000 11.79100 58.07000
15 10 20 17 48 9810.00000 4.82000000 323.40000 42.65000 11.79100 58.07000
15 10 20 17 48 9814.00000 4.82000000 323.59000 42.65000 11.79100 58.17300
15 10 20 17 49 9814.30000 4.82000000 323.68000 42.65000 11.79100 58.17300
15 10 20 17 49 9814.00000 4.82000000 323.68000 42.65000 11.79100 58.43000
15 10 20 17 50 9813.80000 4.79300000 323.67000 42.65000 11.79100 58.43000
15 10 20 17 50 9809.10000 4.79300000 323.67000 42.65000 11.79100 58.43000
15 10 20 17 50 9813.90000 4.79300000 323.41000 42.65000 11.79100 58.43000
15 10 20 17 51 9814.00000 4.79300000 323.75000 42.65000 11.79100 58.43000
15 10 20 17 51 9813.20000 4.79300000 323.87000 42.73000 11.79100 58.43000
15 10 20 17 52 9811.30000 4.79300000 323.77000 42.73000 11.79100 58.28700
15 10 20 17 52 9811.20000 4.79300000 323.77000 42.73000 11.79100 58.28700
15 10 20 17 53 9811.30000 4.79300000 323.87000 42.70000 11.79100 58.28700
15 10 20 17 53 9808.80000 4.79300000 323.88000 42.70000 11.79100 58.28700
15 10 20 17 53 9810.80000 4.79300000 323.81000 42.70000 11.69700 58.27000
15 10 20 17 54 9812.80000 4.79300000 323.88000 42.70000 11.69700 58.27000
15 10 20 17 54 9807.60000 4.79300000 323.65000 42.70000 11.69700 58.22500
15 10 20 17 55 9807.50000 4.79300000 323.54000 42.64000 11.69700 58.22500
15 10 20 17 55 9805.10000 4.79300000 323.54000 42.64000 11.69700 58.22500
15 10 20 17 56 9803.30000 4.79300000 323.50000 42.61000 11.69700 58.22500
15 10 20 17 56 9797.20000 4.79300000 323.38000 42.61000 11.69700 58.22500
15 10 20 17 56 9802.70000 4.79300000 323.50000 42.61000 11.69700 57.84100
15 10 20 17 57 9807.20000 4.79300000 323.50000 42.61000 11.69700 57.84100
15 10 20 17 57 9803.20000 4.79300000 323.51000 42.61000 11.69700 57.84100
15 10 20 17 58 9805.70000 4.79300000 323.51000 42.61000 11.70000 57.84100
15 10 20 17 58 9808.20000 4.79300000 323.60000 42.61000 11.70000 57.84100
15 10 20 17 59 9809.50000 4.79300000 323.62000 42.61000 11.70000 57.84100
15 10 20 17 59 9813.30000 4.79300000 323.63000 42.61000 11.70000 57.84100
15 10 20 17 59 9813.30000 4.79300000 323.84000 42.61000 11.70000 57.84100
15 10 20 18 00 9814.00000 4.79300000 323.84000 42.61000 11.70000 57.84100
15 10 20 18 00 9814.00000 4.79300000 323.81000 42.61000 11.70000 57.84100
15 10 20 18 01 9814.00000 4.79300000 323.81000 42.62000 11.70000 57.84100
15 10 20 18 01 9814.00000 4.79300000 323.81000 42.62000 11.70000 57.84100
15 10 20 18 02 9814.00000 4.79300000 323.91000 42.62000 11.70000 57.84100
15 10 20 18 02 9814.00000 4.81700000 323.94000 42.58000 11.70000 57.84100
15 10 20 18 02 9814.70000 4.81700000 323.94000 42.58000 11.70000 57.84100
15 10 20 18 03 9815.10000 4.81700000 323.93000 42.58000 11.70000 57.84100
15 10 20 18 03 9815.00000 4.81700000 323.89000 42.58000 11.70000 57.98500
15 10 20 18 04 9815.00000 4.81700000 323.58000 42.58000 11.70000 57.98500
15 10 20 18 04 9815.00000 4.81700000 323.41000 42.58000 11.70000 57.84100
15 10 20 18 05 9815.00000 4.81700000 323.41000 42.58000 11.70000 57.84100
15 10 20 18 05 9813.90000 4.81700000 323.40000 42.58000 11.70000 57.84100
15 10 20 18 05 9814.00000 4.81700000 323.40000 42.58000 11.70000 57.84100
15 10 20 18 06 9810.00000 4.81700000 323.33000 42.58000 11.70000 57.84100
15 10 20 18 06 9810.10000 4.81700000 323.30000 42.58000 11.70000 57.84100
