M=[
 2 4 21 17 07 50330.40000 12.83800000 1747.11000 176.30000 34.00000 145.97100
 2 4 21 17 07 50330.30000 12.83800000 1747.11000 176.20000 34.00000 145.97100
 2 4 21 17 08 50329.80000 12.83800000 1745.37000 176.22000 34.00000 145.97100
 2 4 21 17 08 50295.00000 12.83800000 1742.51000 175.82000 34.00000 145.97100
 2 4 21 17 09 50287.70000 12.78200000 1743.42000 175.90000 34.00000 145.97100
 2 4 21 17 09 50259.80000 12.78200000 1743.21000 176.00000 34.00000 145.69200
 2 4 21 17 09 50254.40000 12.77200000 1742.21000 175.87000 34.00000 145.80600
 2 4 21 17 10 50250.00000 12.77200000 1738.99000 175.96000 34.00000 145.69200
 2 4 21 17 10 50235.70000 12.77200000 1738.99000 175.85000 34.00000 145.60000
 2 4 21 17 11 50253.10000 12.75500000 1741.19000 175.86000 34.00000 145.53400
 2 4 21 17 11 50253.00000 12.75500000 1740.91000 175.91000 33.88700 145.53400
 2 4 21 17 12 50286.50000 12.75500000 1742.01000 176.07000 33.88700 145.53400
 2 4 21 17 12 50301.30000 12.75500000 1744.41000 176.50000 33.88700 145.53400
 2 4 21 17 12 50301.50000 12.75500000 1743.97000 176.50000 33.88700 146.05900
 2 4 21 17 13 50298.30000 12.75500000 1743.37000 176.59000 33.88700 146.05900
 2 4 21 17 13 50291.10000 12.82000000 1743.37000 176.40000 33.88700 146.05900
 2 4 21 17 14 50250.10000 12.79800000 1740.79000 175.94000 33.88700 145.60000
 2 4 21 17 14 50250.10000 12.79800000 1740.42000 175.90000 33.88700 145.52500
 2 4 21 17 15 50250.00000 12.79800000 1737.00000 175.98000 33.88700 145.52500
 2 4 21 17 15 50250.10000 12.79800000 1740.40000 176.43000 33.88700 145.52500
 2 4 21 17 15 50267.20000 12.79800000 1741.54000 176.31000 33.88700 145.52500
 2 4 21 17 16 50273.90000 12.79800000 1742.00000 176.31000 33.88700 145.19800
 2 4 21 17 16 50259.40000 12.79800000 1740.15000 176.40000 33.88700 145.19800
 2 4 21 17 17 50250.00000 12.79800000 1739.83000 176.34000 33.88700 145.19800
 2 4 21 17 17 50250.00000 12.79800000 1738.35000 176.10000 33.66200 145.26800
 2 4 21 17 18 50250.10000 12.79800000 1739.60000 176.10000 33.67200 145.26800
 2 4 21 17 18 50250.10000 12.79800000 1739.60000 176.10000 33.67200 145.26800
 2 4 21 17 19 50250.10000 12.79800000 1740.14000 176.07000 33.67200 145.26800
 2 4 21 17 19 50250.00000 12.78500000 1741.82000 175.98000 33.67200 145.26800
 2 4 21 17 19 50250.00000 12.78500000 1740.62000 175.97000 33.67200 145.26800
 2 4 21 17 20 50250.00000 12.78500000 1741.63000 176.04000 33.67200 145.26800
 2 4 21 17 20 50250.00000 12.78500000 1741.85000 176.00000 33.67200 145.26800
 2 4 21 17 21 50250.00000 12.78500000 1741.93000 175.97000 33.67200 145.26800
 2 4 21 17 21 50250.10000 12.78500000 1741.75000 175.84000 33.67200 145.26800
 2 4 21 17 22 50250.00000 12.78500000 1741.93000 175.84000 33.67200 145.26800
 2 4 21 17 22 50250.00000 12.81400000 1744.54000 175.90000 33.67200 145.26800
 2 4 21 17 22 50250.00000 12.81400000 1744.03000 175.90000 33.67200 145.26800
 2 4 21 17 23 50252.90000 12.81400000 1743.91000 176.33000 33.67200 145.26800
 2 4 21 17 23 50251.90000 12.81400000 1743.92000 176.33000 33.67200 145.26800
 2 4 21 17 24 50261.20000 12.81400000 1746.07000 176.35000 33.67200 145.24400
 2 4 21 17 24 50255.00000 12.81400000 1745.57000 176.35000 33.87900 145.12300
 2 4 21 17 25 50254.90000 12.81400000 1745.18000 176.35000 33.87900 144.75500
 2 4 21 17 25 50272.50000 12.81400000 1745.81000 176.35000 33.87900 144.75500
 2 4 21 17 25 50280.00000 12.81400000 1745.82000 176.35000 33.87900 144.75500
 2 4 21 17 26 50300.00000 12.85000000 1746.00000 176.38000 33.87900 144.75500
 2 4 21 17 26 50300.00000 12.85000000 1745.95000 176.40000 33.87900 144.75500
 2 4 21 17 27 50299.20000 12.85000000 1745.94000 176.41000 33.87900 144.75500
 2 4 21 17 27 50299.20000 12.83600000 1745.18000 176.47000 33.87900 144.75500
 2 4 21 17 28 50272.30000 12.85800000 1743.66000 176.44000 33.87900 144.75500
 2 4 21 17 28 50268.90000 12.85800000 1743.35000 176.11000 33.87900 144.75500
 2 4 21 17 28 50269.00000 12.85800000 1742.92000 176.09000 33.87900 144.75500
 2 4 21 17 29 50273.60000 12.85800000 1742.84000 176.16000 33.87900 145.00100
 2 4 21 17 29 50268.10000 12.85800000 1742.78000 176.16000 33.87900 145.00100
 2 4 21 17 30 50250.10000 12.85800000 1742.46000 176.07000 33.87900 144.94500
 2 4 21 17 30 50232.80000 12.85800000 1740.65000 176.07000 33.87900 144.94500
 2 4 21 17 31 50232.80000 12.85800000 1740.61000 176.05000 33.87900 144.94500
 2 4 21 17 31 50249.50000 12.85800000 1741.70000 176.05000 33.87900 144.94500
 2 4 21 17 31 50252.20000 12.85800000 1742.66000 176.05000 33.87900 144.94500
 2 4 21 17 32 50267.40000 12.85800000 1742.69000 176.05000 33.87900 144.94500
 2 4 21 17 32 50284.50000 12.85800000 1742.70000 176.05000 33.87900 144.94500
 2 4 21 17 33 50287.70000 12.85800000 1745.34000 176.30000 33.87900 144.94500
 2 4 21 17 33 50298.70000 12.85800000 1746.04000 176.41000 33.87900 144.94500
 2 4 21 17 34 50313.70000 12.85800000 1746.73000 176.41000 33.87900 144.94500
 2 4 21 17 34 50303.30000 12.85800000 1744.41000 176.40000 33.87900 144.94500
 2 4 21 17 34 50303.30000 12.85800000 1744.41000 176.27000 33.87900 144.94500
 2 4 21 17 35 50270.00000 12.85800000 1744.39000 176.19000 33.87900 144.94500
 2 4 21 17 35 50276.10000 12.85800000 1744.91000 176.26000 33.87900 144.94500
 2 4 21 17 36 50276.10000 12.85800000 1744.69000 176.28000 33.87900 144.94500
 2 4 21 17 36 50276.20000 12.85800000 1744.56000 176.16000 33.87900 145.37600
 2 4 21 17 37 50276.20000 12.85800000 1744.42000 176.26000 33.87900 145.37600
 2 4 21 17 37 50276.20000 12.85800000 1744.40000 176.26000 33.87900 145.37600
 2 4 21 17 37 50276.10000 12.85800000 1743.63000 176.27000 33.87900 145.37600
 2 4 21 17 38 50276.20000 12.85800000 1743.60000 176.22000 33.87900 145.37600
 2 4 21 17 38 50276.10000 12.85800000 1743.67000 176.22000 33.87900 145.37600
 2 4 21 17 39 50276.10000 12.85800000 1744.71000 176.47000 33.87900 145.37600
 2 4 21 17 39 50276.20000 12.85800000 1745.73000 176.46000 33.87900 145.37600
 2 4 21 17 40 50301.00000 12.85800000 1746.24000 176.46000 33.87900 145.37600
 2 4 21 17 40 50301.00000 12.85800000 1745.15000 176.44000 33.87900 145.45000
 2 4 21 17 40 50301.00000 12.85800000 1745.46000 176.44000 33.68800 145.45000
 2 4 21 17 41 50301.00000 12.85800000 1745.48000 176.49000 33.68800 145.45000
 2 4 21 17 41 50300.90000 12.85800000 1745.19000 176.36000 33.68800 145.45000
 2 4 21 17 42 50276.10000 12.85800000 1744.38000 176.28000 33.68800 145.45000
 2 4 21 17 42 50276.20000 12.85800000 1744.98000 176.27000 33.68800 145.45000
 2 4 21 17 43 50277.40000 12.85800000 1745.09000 176.29000 33.68800 145.45000
 2 4 21 17 43 50277.30000 12.85800000 1744.00000 176.29000 33.68800 145.45000
 2 4 21 17 43 50276.20000 12.85800000 1743.45000 176.14000 33.68800 145.45000
 2 4 21 17 44 50295.20000 12.80500000 1744.51000 176.14000 33.68800 145.45000
 2 4 21 17 44 50306.20000 12.80500000 1744.17000 175.97000 33.68800 145.45000
 2 4 21 17 45 50282.80000 12.80500000 1742.55000 175.96000 33.68800 145.07400
 2 4 21 17 45 50276.00000 12.80500000 1742.32000 175.96000 33.68800 144.94500
 2 4 21 17 46 50262.60000 12.80500000 1742.45000 175.96000 33.68800 144.94500
 2 4 21 17 46 50251.10000 12.80500000 1742.16000 175.58000 33.68800 144.94500
 2 4 21 17 46 50242.50000 12.80500000 1742.99000 175.62000 33.68800 144.94500
 2 4 21 17 47 50262.60000 12.80500000 1744.60000 175.67000 33.68800 144.94500
 2 4 21 17 47 50278.50000 12.80500000 1745.51000 175.84000 33.68800 144.94500
 2 4 21 17 48 50292.10000 12.80500000 1744.99000 175.75000 33.68800 144.94500
 2 4 21 17 48 50292.10000 12.83200000 1744.00000 175.72000 33.68800 144.94500
 2 4 21 17 49 50276.20000 12.81700000 1744.06000 175.69000 33.68800 144.94500
 2 4 21 17 49 50274.90000 12.82600000 1744.00000 175.61000 33.68800 144.94500
 2 4 21 17 49 50256.70000 12.83700000 1744.00000 175.53000 33.68800 144.94500
 2 4 21 17 50 50252.10000 12.84100000 1742.93000 175.52000 33.68800 145.04800
 2 4 21 17 50 50254.70000 12.83500000 1742.59000 175.52000 33.68800 145.04800
