M=[
23 1 21 20 00 26632.40000 6.18300000 1035.05000 114.97000 18.03400 71.67900
23 1 21 20 01 26634.90000 6.18300000 1034.78000 115.05000 18.03400 71.67900
23 1 21 20 01 26648.30000 6.18300000 1035.88000 115.05000 18.03400 71.67900
23 1 21 20 02 26639.40000 6.18300000 1035.48000 115.05000 18.03400 71.67900
23 1 21 20 02 26639.50000 6.18300000 1035.36000 115.06000 18.03400 71.67900
23 1 21 20 03 26617.80000 6.18300000 1033.56000 114.99000 18.03400 71.67900
23 1 21 20 03 26600.00000 6.18300000 1033.21000 114.84000 18.03400 71.67900
23 1 21 20 03 26567.00000 6.18300000 1032.65000 114.88000 18.03400 71.67900
23 1 21 20 04 26575.00000 6.17200000 1031.25000 114.88000 18.03400 71.67900
23 1 21 20 04 26568.50000 6.17200000 1031.50000 114.88000 18.03400 71.67900
23 1 21 20 05 26624.60000 6.17200000 1032.20000 114.77000 18.03400 71.67900
23 1 21 20 05 26592.20000 6.17200000 1030.01000 114.77000 18.03400 71.67900
23 1 21 20 06 26579.70000 6.17200000 1029.26000 114.67000 18.03400 71.67900
23 1 21 20 06 26566.80000 6.17200000 1029.29000 114.68000 18.03400 71.67900
23 1 21 20 06 26526.00000 6.17200000 1028.00000 114.58000 18.03400 71.37600
23 1 21 20 07 26511.30000 6.17200000 1028.00000 114.58000 18.03400 71.37600
23 1 21 20 07 26477.20000 6.17200000 1027.33000 114.55000 18.03400 71.35900
23 1 21 20 08 26511.70000 6.19100000 1027.84000 114.62000 18.03400 71.35900
23 1 21 20 08 26498.70000 6.19100000 1027.65000 114.62000 18.03400 71.35900
23 1 21 20 09 26499.80000 6.19100000 1027.55000 114.54000 18.03400 71.35900
23 1 21 20 09 26499.50000 6.19100000 1027.80000 114.52000 18.03400 71.35900
23 1 21 20 09 26500.00000 6.19100000 1029.11000 114.52000 18.03400 71.47900
23 1 21 20 10 26494.30000 6.19100000 1028.70000 114.70000 18.03400 71.47900
23 1 21 20 10 26495.70000 6.19100000 1028.70000 114.70000 18.03400 71.47900
23 1 21 20 11 26534.50000 6.19100000 1030.27000 114.70000 18.03400 71.47900
23 1 21 20 11 26509.70000 6.19100000 1029.30000 114.70000 18.03400 71.47900
23 1 21 20 12 26512.00000 6.19100000 1030.27000 114.70000 18.03400 71.47900
23 1 21 20 12 26520.60000 6.19100000 1030.59000 114.70000 18.03400 71.47900
23 1 21 20 12 26518.50000 6.19000000 1030.65000 114.70000 18.03400 71.47900
23 1 21 20 13 26532.40000 6.19000000 1031.98000 114.70000 18.03400 71.47900
23 1 21 20 13 26518.10000 6.19000000 1031.58000 114.70000 18.03400 71.47900
23 1 21 20 14 26517.60000 6.19000000 1031.71000 114.75000 18.03400 71.47900
23 1 21 20 14 26519.40000 6.19000000 1031.98000 114.75000 18.03400 71.47900
23 1 21 20 15 26528.60000 6.19000000 1031.73000 114.75000 18.03400 71.47900
23 1 21 20 15 26519.90000 6.19000000 1030.98000 114.75000 18.03400 71.47900
23 1 21 20 15 26500.60000 6.19000000 1030.97000 114.75000 18.03400 71.47900
23 1 21 20 16 26521.70000 6.19000000 1031.14000 114.69000 18.03400 71.47900
23 1 21 20 16 26507.50000 6.19000000 1030.13000 114.69000 18.03400 71.47900
23 1 21 20 17 26507.50000 6.19000000 1030.10000 114.67000 18.03400 71.47900
23 1 21 20 17 26507.50000 6.19000000 1030.13000 114.47000 18.03400 71.47900
23 1 21 20 18 26507.50000 6.19000000 1030.03000 114.47000 18.03400 71.47900
23 1 21 20 18 26494.90000 6.19000000 1029.85000 114.47000 18.03400 71.47900
23 1 21 20 18 26490.00000 6.19000000 1029.84000 114.48000 18.03400 71.47900
23 1 21 20 19 26498.50000 6.19000000 1029.84000 114.57000 18.03400 71.47900
23 1 21 20 19 26485.50000 6.19000000 1029.29000 114.57000 18.03400 71.47900
23 1 21 20 20 26489.20000 6.19000000 1029.51000 114.55000 18.03400 71.48800
23 1 21 20 20 26503.70000 6.19000000 1029.55000 114.55000 17.77000 71.48800
23 1 21 20 21 26505.90000 6.19000000 1029.54000 114.53000 17.98900 71.48800
23 1 21 20 21 26499.70000 6.19000000 1029.84000 114.53000 17.98900 71.48800
23 1 21 20 21 26505.70000 6.19000000 1029.95000 114.53000 17.98900 71.48800
23 1 21 20 22 26510.60000 6.19000000 1031.61000 114.53000 17.98900 71.48800
23 1 21 20 22 26506.40000 6.19000000 1031.33000 114.53000 17.98900 71.48800
23 1 21 20 23 26511.50000 6.19000000 1031.89000 114.53000 17.98900 71.48800
23 1 21 20 23 26507.30000 6.19000000 1031.15000 114.53000 17.98900 71.56900
23 1 21 20 24 26497.50000 6.19000000 1030.62000 114.57000 17.98900 71.56900
23 1 21 20 24 26488.50000 6.19000000 1029.73000 114.51000 17.98900 71.56900
23 1 21 20 24 26489.10000 6.19000000 1029.55000 114.56000 17.98900 71.56900
23 1 21 20 25 26494.90000 6.19000000 1029.55000 114.56000 17.98900 71.56900
23 1 21 20 25 26463.00000 6.19000000 1029.14000 114.55000 17.98900 71.56900
23 1 21 20 26 26501.80000 6.19000000 1029.76000 114.55000 17.98900 71.56900
23 1 21 20 26 26493.80000 6.19000000 1029.75000 114.55000 17.98900 71.56900
23 1 21 20 27 26501.30000 6.19000000 1029.76000 114.55000 17.98900 71.56900
23 1 21 20 27 26520.00000 6.19000000 1030.99000 114.55000 17.98900 71.56900
23 1 21 20 27 26520.00000 6.19000000 1031.14000 114.55000 17.98900 71.56900
23 1 21 20 28 26530.30000 6.17700000 1031.49000 114.63000 17.98900 71.58900
23 1 21 20 28 26501.40000 6.17700000 1031.62000 114.63000 17.98900 71.58900
23 1 21 20 29 26507.60000 6.17900000 1030.60000 114.63000 17.98900 71.58900
23 1 21 20 29 26510.40000 6.17900000 1030.50000 114.63000 17.98900 71.58900
23 1 21 20 30 26515.20000 6.17900000 1030.93000 114.63000 17.98900 71.58900
23 1 21 20 30 26529.50000 6.17900000 1031.14000 114.63000 17.98900 71.58900
23 1 21 20 30 26529.30000 6.17900000 1032.08000 114.63000 17.98900 71.58900
23 1 21 20 31 26520.00000 6.17900000 1031.70000 114.63000 17.98900 71.58900
23 1 21 20 31 26520.10000 6.17900000 1031.03000 114.63000 17.98900 71.58900
23 1 21 20 32 26514.00000 6.17900000 1031.03000 114.63000 17.98900 71.58900
23 1 21 20 32 26510.10000 6.17900000 1031.03000 114.56000 17.98900 71.58900
23 1 21 20 33 26510.10000 6.17900000 1031.03000 114.56000 17.86100 71.58900
23 1 21 20 33 26500.00000 6.17900000 1031.00000 114.58000 17.86100 71.58900
23 1 21 20 33 26477.50000 6.17900000 1030.00000 114.42000 18.10800 71.58900
23 1 21 20 34 26474.30000 6.17900000 1029.90000 114.42000 18.10800 71.58900
23 1 21 20 34 26407.30000 6.17900000 1027.39000 114.46000 18.10800 71.58900
23 1 21 20 35 26415.40000 6.17900000 1027.40000 114.34000 18.10800 71.58900
23 1 21 20 35 26420.40000 6.17900000 1028.41000 114.34000 18.10800 71.58900
23 1 21 20 36 26431.90000 6.17900000 1028.32000 114.43000 18.10800 71.58900
23 1 21 20 36 26449.90000 6.17900000 1028.42000 114.43000 18.10800 71.58900
23 1 21 20 36 26450.00000 6.17900000 1028.64000 114.43000 18.10800 71.58900
23 1 21 20 37 26455.70000 6.17900000 1028.64000 114.50000 18.10800 71.58900
23 1 21 20 37 26450.10000 6.17900000 1029.06000 114.50000 18.10800 71.58900
23 1 21 20 38 26454.10000 6.17900000 1029.06000 114.50000 18.10800 71.36900
23 1 21 20 38 26431.60000 6.17900000 1029.01000 114.60000 18.10800 71.36900
23 1 21 20 39 26426.60000 6.17900000 1028.24000 114.60000 18.10800 71.36900
23 1 21 20 39 26425.10000 6.17900000 1028.60000 114.60000 18.10800 71.39300
23 1 21 20 39 26428.40000 6.17900000 1028.60000 114.60000 18.10800 71.39300
23 1 21 20 40 26435.60000 6.17900000 1028.60000 114.53000 18.10800 71.39300
23 1 21 20 40 26448.00000 6.17900000 1028.60000 114.53000 18.10800 71.39300
23 1 21 20 41 26454.10000 6.17900000 1027.29000 114.66000 18.10800 71.39300
23 1 21 20 41 26415.90000 6.17900000 1026.82000 114.66000 18.10800 71.32700
23 1 21 20 42 26418.00000 6.17900000 1026.82000 114.66000 18.10800 71.32700
23 1 21 20 42 26410.10000 6.17900000 1025.56000 114.37000 18.10800 71.32700
23 1 21 20 42 26410.10000 6.17900000 1025.98000 114.41000 18.10800 71.32700
23 1 21 20 43 26437.60000 6.17900000 1026.73000 114.41000 18.10800 71.32700
23 1 21 20 43 26496.30000 6.17900000 1028.13000 114.41000 18.10800 71.32700
23 1 21 20 44 26511.60000 6.17900000 1029.12000 114.74000 18.03100 71.32700
23 1 21 20 44 26499.70000 6.17900000 1029.72000 114.74000 18.03100 71.32700
23 1 21 20 45 26499.00000 6.17900000 1029.65000 114.74000 18.03100 71.32700
23 1 21 20 45 26466.00000 6.17900000 1027.13000 114.74000 18.03100 71.32700
