M=[
20 6 21 19 16 29519.20000 42.04800000 1831.46000 127.70000 17.59300 108.12400
20 6 21 19 16 29504.30000 42.04800000 1828.74000 127.63000 17.59300 108.12400
20 6 21 19 16 29520.20000 42.04800000 1829.61000 127.63000 17.59300 108.12400
20 6 21 19 17 29526.40000 42.04800000 1831.22000 127.63000 17.59300 108.12400
20 6 21 19 17 29549.00000 42.04800000 1831.22000 127.74000 17.59300 108.12400
20 6 21 19 18 29560.80000 42.04800000 1832.42000 127.74000 17.59300 108.12400
20 6 21 19 18 29552.30000 42.04800000 1832.77000 127.74000 17.59300 108.12400
20 6 21 19 19 29541.30000 42.04800000 1832.56000 127.74000 17.59300 108.12400
20 6 21 19 19 29545.10000 42.04800000 1832.36000 127.74000 17.59300 108.12400
20 6 21 19 19 29568.80000 42.04800000 1834.91000 128.00000 17.59300 108.12400
20 6 21 19 20 29568.70000 42.04800000 1834.56000 128.00000 17.59300 108.12400
20 6 21 19 20 29553.50000 42.04800000 1832.44000 128.00000 17.59300 108.12400
20 6 21 19 21 29548.10000 42.04800000 1833.29000 128.00000 17.59300 108.12300
20 6 21 19 21 29540.20000 42.04800000 1831.62000 128.00000 17.59300 108.12300
20 6 21 19 22 29528.90000 42.04800000 1831.78000 128.00000 17.59300 108.12300
20 6 21 19 22 29521.90000 42.04800000 1832.31000 127.85000 17.60200 108.12300
20 6 21 19 22 29537.00000 42.04800000 1831.92000 127.85000 17.60200 108.12300
20 6 21 19 23 29559.10000 42.04800000 1832.90000 127.85000 17.60200 108.12300
20 6 21 19 23 29574.90000 42.04800000 1834.93000 127.89000 17.60200 108.08900
20 6 21 19 24 29595.30000 42.04800000 1833.75000 127.89000 17.60200 108.08900
20 6 21 19 24 29595.30000 42.04800000 1833.64000 127.90000 17.60200 108.08900
20 6 21 19 25 29604.30000 42.04800000 1832.63000 127.90000 17.60200 108.08900
20 6 21 19 25 29598.50000 42.04800000 1832.66000 127.90000 17.60200 108.08900
20 6 21 19 25 29609.20000 42.04800000 1832.25000 127.90000 17.60200 108.08900
20 6 21 19 26 29617.60000 42.04800000 1832.81000 127.90000 17.60200 108.08900
20 6 21 19 26 29626.90000 42.04800000 1832.84000 127.90000 17.60200 108.08900
20 6 21 19 27 29620.20000 42.04800000 1833.69000 127.90000 17.60200 108.08900
20 6 21 19 27 29627.50000 42.04800000 1832.82000 127.90000 17.60200 108.08900
20 6 21 19 28 29627.40000 42.04800000 1833.09000 127.92000 17.60200 108.05500
20 6 21 19 28 29673.60000 42.04800000 1834.69000 128.05000 17.60200 108.05500
20 6 21 19 28 29675.40000 42.04800000 1834.66000 127.97000 17.60200 108.05500
20 6 21 19 29 29677.20000 42.04800000 1834.66000 127.95000 17.60200 108.05500
20 6 21 19 29 29671.10000 42.04800000 1833.44000 127.85000 17.60200 108.05500
20 6 21 19 30 29671.00000 42.04800000 1834.07000 128.00000 17.60200 108.05500
20 6 21 19 30 29671.00000 42.04800000 1834.77000 128.00000 17.62300 108.05500
20 6 21 19 31 29671.10000 42.04800000 1832.48000 128.00000 17.62300 108.05500
20 6 21 19 31 29648.90000 41.93600000 1830.59000 128.00000 17.62300 108.05500
20 6 21 19 31 29638.30000 41.81200000 1830.47000 127.51000 17.62300 108.05500
20 6 21 19 32 29638.30000 41.81200000 1832.37000 127.51000 17.62300 108.05500
20 6 21 19 32 29667.00000 41.86300000 1834.10000 127.51000 17.62300 108.05500
20 6 21 19 33 29715.40000 41.86300000 1836.83000 127.82000 17.62300 108.05500
20 6 21 19 33 29786.00000 41.86300000 1839.87000 128.12000 17.62300 108.05500
20 6 21 19 34 29785.00000 41.86300000 1839.34000 128.12000 17.62300 108.05500
20 6 21 19 34 29810.80000 41.86300000 1840.17000 128.07000 17.62300 108.05500
20 6 21 19 34 29852.60000 41.86300000 1843.03000 128.35000 17.64400 108.05500
20 6 21 19 35 29831.40000 41.86300000 1841.26000 128.25000 17.64400 108.05500
20 6 21 19 35 29820.80000 41.86300000 1841.24000 128.25000 17.64400 108.03300
20 6 21 19 36 29868.50000 41.86300000 1848.38000 128.25000 17.64400 108.03300
20 6 21 19 36 29954.20000 41.86300000 1855.83000 128.67000 17.64400 108.03300
20 6 21 19 37 29937.00000 41.86300000 1855.83000 128.69000 17.64400 108.42200
20 6 21 19 37 29954.20000 42.32800000 1861.99000 129.01000 17.64400 108.42200
20 6 21 19 37 30039.00000 42.41700000 1872.51000 129.32000 17.74700 108.42200
20 6 21 19 38 30062.20000 42.59600000 1886.83000 130.00000 17.74700 108.42200
20 6 21 19 38 30039.30000 42.57000000 1880.05000 129.90000 17.74700 109.00900
20 6 21 19 39 30076.00000 42.60000000 1880.90000 129.84000 17.74700 109.00900
20 6 21 19 39 30018.80000 42.57600000 1879.02000 129.53000 17.74700 108.93100
20 6 21 19 40 30000.10000 42.57600000 1877.87000 129.63000 17.74700 108.93100
20 6 21 19 40 29991.40000 42.57600000 1879.30000 129.59000 17.74700 108.93100
20 6 21 19 40 30018.00000 42.57600000 1880.54000 129.76000 17.74700 108.93100
20 6 21 19 41 30018.00000 42.57600000 1880.56000 129.76000 17.74700 108.93100
20 6 21 19 41 30000.00000 42.57600000 1877.54000 129.61000 17.74700 108.93100
20 6 21 19 42 29999.90000 42.57600000 1880.00000 129.61000 17.74700 108.93100
20 6 21 19 42 29969.90000 42.57600000 1878.16000 129.61000 17.74700 108.93100
20 6 21 19 43 29954.50000 42.54800000 1877.86000 129.43000 17.74700 108.93100
20 6 21 19 43 29953.00000 42.49900000 1875.51000 129.43000 17.74700 108.93100
20 6 21 19 43 29967.20000 42.49900000 1878.85000 129.43000 17.74700 108.93100
20 6 21 19 44 29995.30000 42.49900000 1881.19000 129.66000 17.74700 108.93100
20 6 21 19 44 30015.90000 42.49900000 1883.83000 129.66000 17.74700 108.93100
20 6 21 19 45 30000.00000 42.49900000 1884.76000 129.85000 17.74700 108.93100
20 6 21 19 45 30000.00000 42.49900000 1886.83000 129.85000 17.74700 108.93100
20 6 21 19 46 29999.90000 42.63300000 1883.54000 129.85000 17.74700 108.93100
20 6 21 19 46 29974.00000 42.55900000 1876.69000 129.85000 17.73200 108.93100
20 6 21 19 46 29953.90000 42.55900000 1877.06000 129.51000 17.73200 108.93100
20 6 21 19 47 29945.10000 42.55900000 1877.13000 129.43000 17.73200 108.93100
20 6 21 19 47 29911.20000 42.55900000 1874.04000 129.43000 17.73200 108.93100
20 6 21 19 48 29898.40000 42.55900000 1870.58000 129.23000 17.73200 108.93100
20 6 21 19 48 29899.10000 42.55900000 1871.71000 129.23000 17.74900 108.93100
20 6 21 19 49 29900.00000 42.55900000 1873.84000 129.37000 17.74900 108.93100
20 6 21 19 49 29899.90000 42.55900000 1875.26000 129.42000 17.74900 108.93100
20 6 21 19 49 29900.00000 42.53600000 1875.26000 129.42000 17.74900 108.93100
20 6 21 19 50 29915.70000 42.52200000 1876.95000 129.58000 17.73300 108.93100
20 6 21 19 50 29909.00000 42.52200000 1875.36000 129.58000 17.73300 108.93100
20 6 21 19 51 29884.30000 42.50500000 1875.52000 129.58000 17.73300 108.93100
20 6 21 19 51 29884.30000 42.50500000 1875.01000 129.58000 17.73300 108.93100
20 6 21 19 52 29859.90000 42.50500000 1873.83000 129.58000 17.73300 108.93100
20 6 21 19 52 29859.90000 42.50500000 1872.24000 129.58000 17.73300 108.93100
20 6 21 19 52 29860.00000 42.50500000 1873.99000 129.27000 17.73300 108.93100
20 6 21 19 53 29860.00000 42.50500000 1873.00000 129.27000 17.73300 108.93100
20 6 21 19 53 29885.10000 42.50500000 1873.00000 129.27000 17.73300 108.93100
20 6 21 19 54 29867.90000 42.35500000 1871.70000 129.27000 17.73300 108.93100
20 6 21 19 54 29867.90000 42.35500000 1872.00000 129.27000 17.70300 108.93100
20 6 21 19 55 29869.40000 42.39200000 1872.83000 129.27000 17.70300 108.93100
20 6 21 19 55 29869.30000 42.39200000 1872.83000 129.34000 17.70300 108.93100
20 6 21 19 55 29869.40000 42.39200000 1871.34000 129.34000 17.70300 108.93100
20 6 21 19 56 29905.10000 42.39200000 1873.41000 129.34000 17.70300 108.93100
20 6 21 19 56 29905.10000 42.39200000 1873.39000 129.34000 17.70300 108.93100
20 6 21 19 57 29912.80000 42.39200000 1872.46000 129.34000 17.70300 108.93100
20 6 21 19 57 29888.70000 42.39200000 1872.86000 129.50000 17.70300 108.93100
20 6 21 19 58 29898.80000 42.39200000 1871.96000 129.51000 17.70300 108.93100
20 6 21 19 58 29898.90000 42.39200000 1870.99000 129.41000 17.70300 108.93100
20 6 21 19 58 29888.30000 42.39200000 1870.99000 129.41000 17.70300 108.93100
20 6 21 19 59 29891.90000 42.39200000 1871.42000 129.41000 17.70300 108.93100
