M=[
 3 7 21 00 32 28443.60000 44.84500000 1810.97000 115.00000 18.49800 98.76200
 3 7 21 00 32 28437.20000 44.84500000 1812.11000 115.00000 18.49800 98.76200
 3 7 21 00 32 28428.30000 44.84500000 1812.11000 115.00000 18.49800 98.76200
 3 7 21 00 33 28434.20000 44.84500000 1812.11000 115.00000 18.49800 98.76200
 3 7 21 00 33 28428.20000 44.84500000 1812.11000 115.00000 18.49800 98.76200
 3 7 21 00 34 28388.50000 44.77600000 1810.88000 115.00000 18.49800 98.76200
 3 7 21 00 34 28356.40000 44.77600000 1809.54000 115.00000 18.49800 98.76200
 3 7 21 00 35 28320.00000 44.77600000 1807.99000 114.80000 18.49800 98.76200
 3 7 21 00 35 28362.00000 44.77600000 1808.33000 114.80000 18.40500 98.76200
 3 7 21 00 35 28369.50000 44.77600000 1810.88000 114.80000 18.40500 98.76200
 3 7 21 00 36 28335.00000 44.77600000 1811.40000 114.80000 18.40500 98.76200
 3 7 21 00 36 28329.10000 44.77600000 1808.86000 114.80000 18.40500 98.76200
 3 7 21 00 37 28313.60000 44.42300000 1808.86000 114.80000 18.40500 98.76200
 3 7 21 00 37 28313.50000 44.42300000 1807.19000 114.80000 18.40500 98.76200
 3 7 21 00 38 28290.90000 44.42300000 1803.73000 114.80000 18.40500 98.76200
 3 7 21 00 38 28300.00000 44.42300000 1803.73000 114.80000 18.40500 98.76200
 3 7 21 00 38 28300.10000 44.42300000 1803.73000 114.80000 18.40500 98.76200
 3 7 21 00 39 28304.50000 44.42300000 1802.07000 114.80000 18.40500 98.76200
 3 7 21 00 39 28298.40000 44.42300000 1801.01000 114.63000 18.40500 98.76200
 3 7 21 00 40 28301.20000 44.42300000 1799.32000 114.63000 18.40500 98.76200
 3 7 21 00 40 28310.90000 44.42300000 1799.81000 114.63000 18.40500 98.76200
 3 7 21 00 41 28306.10000 44.42300000 1799.81000 114.63000 18.40500 98.76200
 3 7 21 00 41 28294.70000 44.42300000 1800.90000 114.63000 18.40500 98.76200
 3 7 21 00 41 28319.80000 44.42300000 1800.90000 114.63000 18.40500 98.76200
 3 7 21 00 42 28323.70000 44.42300000 1800.90000 114.63000 18.40500 98.76200
 3 7 21 00 42 28301.70000 44.42300000 1800.90000 114.63000 18.40500 98.76200
 3 7 21 00 43 28310.60000 44.42300000 1800.90000 114.63000 18.40500 98.76200
 3 7 21 00 43 28305.40000 44.42300000 1800.90000 114.73000 18.40500 98.76200
 3 7 21 00 44 28309.40000 44.42300000 1803.43000 114.73000 18.40500 98.76200
 3 7 21 00 44 28319.90000 44.42300000 1803.43000 114.79000 18.40500 98.76200
 3 7 21 00 44 28320.00000 44.42300000 1804.56000 114.79000 18.40500 98.76200
 3 7 21 00 45 28322.80000 44.42300000 1804.56000 114.79000 18.40500 98.76200
 3 7 21 00 45 28323.40000 44.42300000 1804.56000 114.79000 18.40500 98.76200
 3 7 21 00 46 28307.00000 44.42800000 1804.56000 114.79000 18.40500 98.76200
 3 7 21 00 46 28307.00000 44.42800000 1805.02000 114.79000 18.40500 98.76200
 3 7 21 00 47 28306.90000 44.42800000 1805.02000 114.79000 18.40500 98.76200
 3 7 21 00 47 28286.30000 44.42300000 1805.02000 114.79000 18.40500 98.76200
 3 7 21 00 47 28301.40000 44.42300000 1805.02000 114.79000 18.40500 98.76200
 3 7 21 00 48 28301.40000 44.42300000 1805.02000 114.79000 18.40500 98.76200
 3 7 21 00 48 28327.30000 44.42300000 1807.15000 114.79000 18.40500 98.76200
 3 7 21 00 49 28317.30000 44.42300000 1807.15000 114.79000 18.40500 98.76200
 3 7 21 00 49 28316.50000 44.42300000 1806.12000 114.79000 18.40500 98.76200
 3 7 21 00 50 28311.20000 44.42300000 1806.12000 114.79000 18.40500 98.76200
 3 7 21 00 50 28323.60000 44.42300000 1807.54000 114.79000 18.40500 98.76200
 3 7 21 00 51 28330.20000 44.42300000 1807.54000 114.79000 18.40500 98.76200
 3 7 21 00 51 28330.30000 44.42300000 1807.54000 114.79000 18.41900 98.76200
 3 7 21 00 51 28333.40000 44.42300000 1807.54000 114.79000 18.41900 98.76200
 3 7 21 00 52 28313.10000 44.42300000 1807.54000 114.79000 18.41900 98.76200
 3 7 21 00 52 28311.00000 44.42300000 1807.54000 114.79000 18.41900 98.76200
 3 7 21 00 53 28326.80000 44.55600000 1807.54000 114.79000 18.41900 98.76200
 3 7 21 00 53 28318.70000 44.55600000 1807.54000 114.79000 18.41900 98.76200
 3 7 21 00 54 28309.50000 44.55600000 1807.54000 114.79000 18.41900 98.76200
 3 7 21 00 54 28313.20000 44.55600000 1807.54000 114.79000 18.41900 98.76200
 3 7 21 00 54 28317.30000 44.55600000 1805.31000 114.79000 18.41900 98.76200
 3 7 21 00 55 28320.70000 44.55600000 1805.31000 114.79000 18.43300 98.76200
 3 7 21 00 55 28300.60000 44.55600000 1805.31000 114.79000 18.43300 98.76200
 3 7 21 00 56 28305.00000 44.55600000 1805.31000 114.79000 18.43300 98.76200
 3 7 21 00 56 28308.40000 44.55600000 1805.30000 114.79000 18.43300 98.76200
 3 7 21 00 57 28308.30000 44.55600000 1805.30000 114.79000 18.43300 98.06700
 3 7 21 00 57 28294.40000 44.55600000 1804.96000 114.79000 18.43300 97.96000
 3 7 21 00 57 28292.10000 44.42300000 1802.85000 114.79000 18.43300 97.78100
 3 7 21 00 58 28273.30000 44.42300000 1802.85000 114.79000 18.43300 97.78100
 3 7 21 00 58 28276.20000 44.42300000 1802.85000 114.79000 18.43300 97.78100
 3 7 21 00 59 28277.70000 44.42300000 1802.85000 114.79000 18.43300 97.78100
 3 7 21 00 59 28298.80000 44.42300000 1802.85000 114.53000 18.43300 97.78100
 3 7 21 01 00 28302.90000 44.42300000 1804.29000 114.53000 18.43300 97.78100
 3 7 21 01 00 28301.10000 44.42300000 1802.70000 114.53000 18.43300 97.78100
 3 7 21 01 00 28315.00000 44.42300000 1804.83000 114.53000 18.43300 97.78100
 3 7 21 01 01 28312.20000 44.42300000 1804.83000 114.53000 18.43300 97.78100
 3 7 21 01 01 28328.80000 44.42300000 1804.83000 114.77000 18.43300 97.78100
 3 7 21 01 02 28333.30000 44.42300000 1805.99000 114.77000 18.43300 97.78100
 3 7 21 01 02 28348.80000 44.42300000 1805.99000 114.77000 18.43300 97.78100
 3 7 21 01 03 28358.50000 44.42300000 1805.99000 114.77000 18.43300 97.78100
 3 7 21 01 03 28365.40000 44.42300000 1805.99000 115.00000 18.43300 97.78100
 3 7 21 01 03 28366.30000 44.42300000 1808.70000 115.00000 18.43300 97.78100
 3 7 21 01 04 28354.70000 44.42300000 1808.15000 115.00000 18.43300 97.78100
 3 7 21 01 04 28354.80000 44.42300000 1808.15000 115.00000 18.43300 97.78100
 3 7 21 01 05 28343.90000 44.42300000 1807.78000 115.00000 18.43300 97.78100
 3 7 21 01 05 28354.80000 44.42300000 1807.78000 115.00000 18.43300 97.78100
 3 7 21 01 06 28347.20000 44.42300000 1807.78000 115.00000 18.43300 97.78100
 3 7 21 01 06 28347.20000 44.42300000 1807.78000 114.95000 18.43300 97.78100
 3 7 21 01 06 28351.70000 44.42300000 1807.78000 114.95000 18.43300 97.78100
 3 7 21 01 07 28355.60000 44.42300000 1807.78000 114.95000 18.43300 97.78100
 3 7 21 01 07 28366.60000 44.42300000 1809.83000 114.95000 18.43300 97.78100
 3 7 21 01 08 28356.00000 44.42300000 1810.28000 114.95000 18.43300 97.78100
 3 7 21 01 08 28346.30000 44.42300000 1810.28000 114.95000 18.43300 97.78100
 3 7 21 01 09 28331.70000 44.42300000 1810.28000 114.95000 18.43300 97.78100
 3 7 21 01 09 28348.30000 44.42300000 1810.28000 114.95000 18.43300 97.78100
 3 7 21 01 09 28354.80000 44.42300000 1810.28000 114.95000 18.43300 97.78100
 3 7 21 01 10 28356.20000 44.42300000 1809.00000 114.91000 18.43300 97.78100
 3 7 21 01 10 28359.20000 44.42300000 1809.00000 114.91000 18.43300 97.78100
 3 7 21 01 11 28358.80000 44.42300000 1808.23000 114.91000 18.43300 97.78100
 3 7 21 01 11 28345.50000 44.42300000 1807.72000 114.91000 18.43300 97.78100
 3 7 21 01 12 28351.50000 44.42300000 1806.87000 114.91000 18.43300 97.78100
 3 7 21 01 12 28345.10000 44.42300000 1806.32000 114.91000 18.43300 97.78100
 3 7 21 01 12 28340.70000 44.42300000 1806.32000 114.88000 18.43300 97.78100
 3 7 21 01 13 28337.40000 44.42300000 1805.98000 114.88000 18.43300 97.78100
 3 7 21 01 13 28329.20000 44.42300000 1805.98000 114.88000 18.43300 97.78100
 3 7 21 01 14 28348.40000 44.42300000 1805.98000 114.88000 18.43300 97.78100
 3 7 21 01 14 28342.10000 44.42300000 1805.98000 114.80000 18.43300 97.78100
 3 7 21 01 15 28341.10000 44.42300000 1805.98000 114.80000 18.43300 97.78100
 3 7 21 01 15 28331.70000 44.42300000 1805.98000 114.80000 18.43300 97.78100
 3 7 21 01 16 28327.60000 44.42300000 1805.98000 114.80000 18.43300 97.78100
