M=[
28 10 20 01 32 11630.00000 4.77100000 344.73000 50.63000 11.13800 52.16500
28 10 20 01 32 11630.00000 4.77100000 344.73000 50.69000 11.13800 52.16500
28 10 20 01 32 11630.00000 4.77100000 344.87000 50.68000 11.13800 52.16500
28 10 20 01 33 11630.00000 4.77100000 344.87000 50.85000 11.14000 52.16500
28 10 20 01 33 11630.00000 4.77100000 344.87000 50.88000 11.14000 52.16500
28 10 20 01 34 11636.70000 4.77100000 345.00000 50.90000 11.13800 52.16500
28 10 20 01 34 11636.70000 4.77100000 345.00000 50.84000 11.13800 52.16500
28 10 20 01 35 11642.40000 4.77100000 344.99000 50.75000 11.13800 52.16500
28 10 20 01 35 11642.40000 4.77100000 345.00000 50.93000 11.13800 52.16500
28 10 20 01 35 11642.40000 4.77000000 345.22000 51.01000 11.13800 52.16500
28 10 20 01 36 11642.80000 4.77000000 345.37000 51.12000 11.13800 52.16500
28 10 20 01 36 11642.80000 4.77000000 345.37000 51.11000 11.13800 52.16500
28 10 20 01 37 11651.00000 4.77000000 345.78000 51.12000 11.13800 52.16500
28 10 20 01 37 11652.00000 4.74800000 345.78000 51.11000 11.13800 52.16500
28 10 20 01 38 11652.00000 4.74800000 345.92000 51.05000 11.13800 52.16500
28 10 20 01 38 11655.30000 4.74800000 346.02000 51.08000 11.13800 52.16500
28 10 20 01 38 11656.60000 4.74800000 346.02000 51.08000 11.13800 52.16500
28 10 20 01 39 11656.60000 4.74800000 346.11000 51.00000 11.13800 52.16500
28 10 20 01 39 11656.60000 4.74800000 346.50000 51.00000 11.13800 52.16500
28 10 20 01 40 11658.00000 4.74800000 346.36000 50.81000 11.13800 52.16500
28 10 20 01 40 11659.30000 4.74800000 346.36000 50.86000 11.13800 52.16500
28 10 20 01 41 11659.20000 4.74800000 346.36000 50.86000 11.13800 52.16500
28 10 20 01 41 11659.30000 4.74800000 346.36000 50.86000 11.13800 52.16500
28 10 20 01 41 11659.30000 4.74800000 346.36000 50.86000 11.13800 52.16500
28 10 20 01 42 11656.20000 4.74800000 346.36000 51.03000 11.13800 52.16500
28 10 20 01 42 11656.20000 4.74800000 346.36000 51.05000 11.13800 52.16500
28 10 20 01 43 11655.00000 4.74800000 346.36000 51.14000 11.13800 52.16500
28 10 20 01 43 11655.00000 4.74800000 346.67000 51.23000 11.13800 52.16500
28 10 20 01 44 11655.00000 4.74800000 346.67000 51.23000 11.13800 52.16500
28 10 20 01 44 11655.00000 4.74800000 346.67000 51.21000 11.13800 52.16500
28 10 20 01 44 11660.00000 4.74800000 346.99000 51.29000 11.13800 52.16500
28 10 20 01 45 11659.90000 4.74800000 347.34000 51.34000 11.13800 52.16500
28 10 20 01 45 11659.90000 4.74800000 347.33000 51.25000 11.13800 52.16500
28 10 20 01 46 11660.00000 4.74800000 347.33000 51.17000 11.13800 52.16500
28 10 20 01 46 11660.00000 4.74800000 347.33000 51.15000 11.13800 52.16500
28 10 20 01 47 11660.00000 4.74800000 347.22000 51.15000 11.13800 52.16500
28 10 20 01 47 11660.50000 4.74800000 347.22000 51.15000 11.13800 52.16500
28 10 20 01 47 11665.00000 4.74800000 347.21000 51.15000 11.13800 52.16500
28 10 20 01 48 11665.00000 4.74800000 347.22000 51.15000 11.13800 52.16500
28 10 20 01 48 11670.00000 4.74800000 347.22000 51.15000 11.13800 52.16500
28 10 20 01 49 11673.40000 4.74800000 347.22000 51.11000 11.13800 52.16500
28 10 20 01 49 11673.40000 4.74800000 347.21000 51.11000 11.13800 52.16500
28 10 20 01 50 11663.50000 4.74800000 346.71000 51.11000 11.13800 52.16500
28 10 20 01 50 11659.10000 4.74800000 346.90000 51.11000 11.13800 52.16500
28 10 20 01 50 11657.90000 4.74800000 346.90000 51.35000 11.13800 52.16500
28 10 20 01 51 11664.20000 4.74800000 346.92000 51.36000 11.13800 52.16500
28 10 20 01 51 11664.20000 4.74800000 346.92000 51.36000 11.13800 52.16500
28 10 20 01 52 11664.20000 4.74800000 346.85000 51.36000 11.13800 52.16500
28 10 20 01 52 11664.20000 4.74800000 346.85000 51.32000 11.13800 52.16500
28 10 20 01 53 11663.90000 4.74800000 346.85000 51.32000 11.13800 52.16500
28 10 20 01 53 11663.80000 4.74800000 346.85000 51.32000 11.13800 52.16500
28 10 20 01 53 11663.90000 4.74800000 346.85000 51.32000 11.13800 52.16500
28 10 20 01 54 11663.90000 4.74800000 346.85000 51.32000 11.13800 52.16500
28 10 20 01 54 11663.90000 4.74800000 346.85000 51.32000 11.13800 52.16500
28 10 20 01 55 11659.10000 4.74800000 346.85000 51.32000 11.13800 52.16500
28 10 20 01 55 11659.20000 4.74800000 346.85000 51.32000 11.13800 52.16500
28 10 20 01 56 11656.40000 4.74800000 346.89000 51.32000 11.13800 52.16500
28 10 20 01 56 11656.30000 4.74800000 346.45000 51.05000 11.13800 52.16500
28 10 20 01 56 11653.30000 4.74800000 346.55000 51.05000 11.13800 52.16500
28 10 20 01 57 11653.30000 4.74800000 346.55000 51.10000 11.13800 52.16500
28 10 20 01 57 11657.80000 4.74800000 346.55000 51.10000 11.13800 52.16500
28 10 20 01 58 11656.70000 4.74800000 346.55000 51.10000 11.13800 52.16500
28 10 20 01 58 11652.90000 4.74800000 346.55000 51.10000 11.13800 52.16500
28 10 20 01 59 11652.90000 4.74800000 346.55000 51.10000 11.13800 52.16500
28 10 20 01 59 11652.50000 4.74800000 346.72000 51.10000 11.13800 52.16500
28 10 20 01 59 11654.10000 4.74800000 346.72000 51.10000 11.13800 52.16500
28 10 20 02 00 11649.00000 4.74800000 346.36000 51.10000 11.13800 52.16500
28 10 20 02 00 11643.50000 4.74800000 346.36000 51.10000 11.13800 52.16500
28 10 20 02 01 11632.80000 4.74800000 345.90000 51.10000 11.13800 52.16500
28 10 20 02 01 11640.70000 4.74800000 345.90000 51.01000 11.13800 52.16500
28 10 20 02 02 11634.50000 4.74800000 345.90000 51.01000 11.13800 52.16500
28 10 20 02 02 11637.70000 4.74800000 345.90000 51.01000 11.13800 52.16500
28 10 20 02 02 11637.70000 4.74800000 345.90000 51.01000 11.13800 52.16500
28 10 20 02 03 11637.70000 4.74800000 345.90000 50.93000 11.13800 52.16500
28 10 20 02 03 11637.80000 4.74800000 345.90000 50.93000 11.13800 52.16500
28 10 20 02 04 11638.20000 4.74800000 345.90000 50.93000 11.13800 52.16500
28 10 20 02 04 11639.80000 4.74800000 345.90000 50.93000 11.13800 52.16500
28 10 20 02 05 11639.90000 4.74800000 345.90000 50.93000 11.13800 52.16500
28 10 20 02 05 11640.00000 4.74800000 345.90000 50.93000 11.10100 52.16500
28 10 20 02 05 11645.00000 4.74800000 345.90000 50.93000 11.10100 52.16500
28 10 20 02 06 11642.10000 4.74800000 345.90000 50.93000 11.10100 52.16500
28 10 20 02 06 11647.10000 4.74800000 345.90000 50.93000 11.10100 52.16500
28 10 20 02 07 11648.50000 4.74800000 345.90000 50.93000 11.12900 52.16500
28 10 20 02 07 11648.50000 4.74800000 345.90000 50.93000 11.12900 52.16500
28 10 20 02 08 11648.50000 4.74800000 346.14000 50.93000 11.12900 52.16500
28 10 20 02 08 11644.90000 4.74800000 346.14000 50.93000 11.12900 52.16500
28 10 20 02 08 11650.30000 4.74800000 346.14000 50.93000 11.12900 52.16500
28 10 20 02 09 11656.30000 4.74800000 346.14000 50.93000 11.12900 52.16500
28 10 20 02 09 11656.30000 4.74800000 346.14000 50.93000 11.12900 52.16500
28 10 20 02 10 11653.80000 4.74800000 346.13000 50.93000 11.12900 52.16500
28 10 20 02 10 11653.80000 4.74800000 346.13000 50.93000 11.12900 52.16500
28 10 20 02 11 11651.60000 4.74800000 345.77000 50.93000 11.12900 52.16500
28 10 20 02 11 11649.10000 4.74800000 345.77000 50.93000 11.12900 52.16500
28 10 20 02 11 11647.00000 4.74800000 345.77000 50.96000 11.12900 52.16500
28 10 20 02 12 11647.30000 4.74800000 345.77000 50.96000 11.12900 52.16500
28 10 20 02 12 11649.10000 4.74800000 345.77000 50.96000 11.12900 52.16500
28 10 20 02 13 11648.30000 4.74800000 345.77000 50.96000 11.12900 52.16500
28 10 20 02 13 11646.90000 4.74800000 345.77000 50.96000 11.12900 52.16500
28 10 20 02 13 11649.90000 4.74800000 345.77000 50.96000 11.12900 52.16500
28 10 20 02 14 11649.90000 4.74800000 345.77000 50.86000 11.11000 52.16500
28 10 20 02 14 11670.50000 4.74800000 345.77000 50.86000 11.11000 52.16500
28 10 20 02 15 11670.30000 4.74800000 345.77000 50.86000 11.11000 52.16500
28 10 20 02 15 11670.30000 4.74800000 345.77000 50.86000 11.11000 52.16500
28 10 20 02 16 11666.20000 4.74800000 345.99000 50.86000 11.11000 52.16500
28 10 20 02 16 11660.60000 4.74800000 345.53000 50.86000 11.11000 52.16500
28 10 20 02 16 11663.50000 4.74800000 345.53000 50.86000 11.11000 52.16500
