M=[
 8 6 20 18 44 8607.20000 6.05100000 214.73000 40.88000 13.12000 45.99400
 8 6 20 18 44 8607.10000 6.05100000 214.79000 40.88000 13.12000 45.99400
 8 6 20 18 45 8607.10000 6.05100000 214.77000 40.89000 13.12000 45.99400
 8 6 20 18 45 8607.10000 6.05100000 214.77000 40.88000 13.12000 45.99400
 8 6 20 18 46 8607.60000 6.05100000 214.79000 40.88000 13.12000 45.99400
 8 6 20 18 46 8607.10000 6.05100000 214.79000 40.88000 13.12000 45.85000
 8 6 20 18 46 8607.10000 6.05100000 214.79000 40.87000 13.12000 45.99400
 8 6 20 18 47 8607.60000 6.05100000 214.76000 40.87000 13.12000 45.99400
 8 6 20 18 47 8609.00000 6.05100000 214.76000 40.85000 13.12000 45.96800
 8 6 20 18 48 8610.00000 6.05100000 214.82000 40.85000 13.12400 45.99400
 8 6 20 18 48 8610.00000 6.05100000 214.78000 40.85000 13.13700 45.96800
 8 6 20 18 49 8607.90000 6.05100000 214.81000 40.85000 13.12000 45.96800
 8 6 20 18 49 8594.00000 6.05100000 214.81000 40.85000 13.11600 45.85000
 8 6 20 18 50 8594.00000 6.05100000 214.51000 40.84000 13.11600 45.99400
 8 6 20 18 50 8597.20000 6.05100000 214.51000 40.84000 13.11600 45.99400
 8 6 20 18 51 8597.20000 6.05100000 214.78000 40.84000 13.11600 45.99400
 8 6 20 18 51 8597.20000 6.05100000 214.57000 40.87000 13.11600 45.99400
 8 6 20 18 52 8597.20000 6.05100000 214.57000 40.87000 13.11600 45.99400
 8 6 20 18 52 8598.40000 6.05100000 214.57000 40.87000 13.11600 45.96800
 8 6 20 18 53 8595.40000 6.05100000 214.57000 40.87000 13.11600 45.99400
 8 6 20 18 53 8595.40000 6.05100000 214.57000 40.81000 13.11600 45.99400
 8 6 20 18 53 8595.40000 6.05100000 214.57000 40.81000 13.13100 45.99400
 8 6 20 18 54 8595.50000 6.05100000 214.34000 40.81000 13.11600 45.98900
 8 6 20 18 54 8595.60000 6.05100000 214.32000 40.81000 13.11600 45.99400
 8 6 20 18 55 8595.60000 6.05100000 214.32000 40.81000 13.11600 45.99400
 8 6 20 18 55 8596.40000 6.05100000 214.32000 40.81000 13.11600 45.99400
 8 6 20 18 56 8595.40000 6.05100000 214.32000 40.87000 13.11600 45.99400
 8 6 20 18 56 8597.90000 6.05100000 214.32000 40.81000 13.11600 45.99400
 8 6 20 18 57 8596.50000 6.05100000 214.32000 40.87000 13.11600 45.99400
 8 6 20 18 57 8595.90000 6.05100000 214.32000 40.87000 13.11600 45.99400
 8 6 20 18 58 8595.10000 6.05100000 214.31000 40.81000 13.11600 45.99400
 8 6 20 18 58 8594.10000 6.05100000 214.31000 40.81000 13.11600 45.96800
 8 6 20 18 58 8595.10000 6.03000000 214.31000 40.87000 13.11600 45.96800
 8 6 20 18 59 8595.90000 6.05100000 214.31000 40.81000 13.11600 45.85000
 8 6 20 18 59 8598.80000 6.05100000 214.31000 40.81000 13.11600 45.99400
 8 6 20 19 00 8593.70000 6.05100000 214.30000 40.81000 13.11600 45.99400
 8 6 20 19 00 8596.20000 6.05100000 214.23000 40.85000 13.11600 45.96800
 8 6 20 19 01 8593.90000 6.05100000 214.34000 40.81000 13.11600 45.99400
 8 6 20 19 01 8594.00000 6.05100000 214.21000 40.81000 13.11600 45.85000
 8 6 20 19 02 8593.80000 6.05100000 214.23000 40.81000 13.11600 45.80200
 8 6 20 19 02 8592.30000 6.05100000 214.29000 40.81000 13.11600 45.80200
 8 6 20 19 03 8594.10000 6.05100000 214.34000 40.81000 13.11600 45.80200
 8 6 20 19 03 8594.00000 6.05100000 214.37000 40.81000 13.11600 45.80200
 8 6 20 19 04 8593.90000 6.05100000 214.37000 40.81000 13.11600 45.80200
 8 6 20 19 04 8593.90000 6.05100000 214.31000 40.83000 13.11600 45.80200
 8 6 20 19 04 8594.00000 6.05100000 214.31000 40.83000 13.11600 45.80200
 8 6 20 19 05 8594.00000 6.03000000 214.31000 40.83000 13.12000 45.80200
 8 6 20 19 05 8594.00000 6.05100000 214.44000 40.83000 13.11600 45.80200
 8 6 20 19 06 8594.00000 6.05100000 214.44000 40.83000 13.11600 45.80200
 8 6 20 19 06 8592.70000 6.05100000 214.46000 40.81000 13.11600 45.80200
 8 6 20 19 07 8593.90000 6.05100000 214.47000 40.83000 13.11600 45.80200
 8 6 20 19 07 8594.00000 6.05100000 214.47000 40.83000 13.11600 45.80200
 8 6 20 19 08 8593.90000 6.05100000 214.47000 40.81000 13.11600 45.80200
 8 6 20 19 08 8594.00000 6.05100000 214.47000 40.83000 13.11600 45.96800
 8 6 20 19 09 8593.90000 6.05100000 214.53000 40.83000 13.11600 45.85000
 8 6 20 19 09 8594.00000 6.05100000 214.53000 40.86000 13.11600 45.80200
 8 6 20 19 09 8603.60000 6.05100000 214.57000 40.86000 13.11600 45.80200
 8 6 20 19 10 8606.00000 6.03000000 214.57000 40.86000 13.11600 45.80000
 8 6 20 19 10 8607.20000 6.03000000 214.57000 40.86000 13.11600 45.80000
 8 6 20 19 11 8607.20000 6.05100000 214.77000 40.86000 13.11600 45.80000
 8 6 20 19 11 8607.10000 6.05100000 214.78000 40.86000 13.11600 45.80000
 8 6 20 19 12 8603.20000 6.05100000 214.77000 40.83000 13.11600 45.80000
 8 6 20 19 12 8602.50000 6.05100000 214.68000 40.86000 13.11600 45.80000
 8 6 20 19 13 8601.90000 6.05100000 214.68000 40.89000 13.11600 45.80000
 8 6 20 19 13 8602.10000 6.05100000 214.78000 40.89000 13.11600 45.80000
 8 6 20 19 13 8602.50000 6.05100000 214.68000 40.89000 13.11600 45.96800
 8 6 20 19 14 8602.80000 6.05100000 214.69000 40.83000 13.11600 45.80000
 8 6 20 19 14 8605.00000 6.05100000 214.68000 40.89000 13.11600 45.80000
 8 6 20 19 15 8602.10000 6.05100000 214.46000 40.89000 13.11600 45.80000
 8 6 20 19 15 8602.20000 6.05100000 214.44000 40.89000 13.11600 45.80000
 8 6 20 19 16 8602.10000 6.05100000 214.45000 40.89000 13.11600 45.80000
 8 6 20 19 16 8598.80000 6.02900000 214.46000 40.89000 13.15900 45.80000
 8 6 20 19 17 8599.40000 6.02900000 214.46000 40.83000 13.15900 45.80000
 8 6 20 19 17 8601.10000 6.02900000 214.46000 40.89000 13.15900 45.80000
 8 6 20 19 18 8601.90000 6.03000000 214.53000 40.89000 13.15900 45.80000
 8 6 20 19 18 8602.60000 6.02600000 214.53000 40.90000 13.15900 45.80000
 8 6 20 19 18 8601.90000 6.02600000 214.71000 40.89000 13.15900 45.80000
 8 6 20 19 19 8602.70000 6.02600000 214.60000 40.89000 13.15100 45.85000
 8 6 20 19 19 8602.70000 6.02600000 214.60000 40.89000 13.15100 45.80000
 8 6 20 19 20 8601.60000 6.02600000 214.60000 40.89000 13.15100 45.80200
 8 6 20 19 20 8599.50000 6.02600000 214.63000 40.89000 13.15100 45.80000
 8 6 20 19 21 8601.60000 6.02600000 214.63000 40.89000 13.15900 45.80000
 8 6 20 19 21 8601.40000 6.02600000 214.73000 40.87000 13.15100 45.80000
 8 6 20 19 22 8603.80000 6.02600000 214.72000 40.87000 13.15100 45.80000
 8 6 20 19 22 8603.80000 6.02900000 214.66000 40.91000 13.15100 45.80000
 8 6 20 19 23 8603.80000 6.02900000 214.89000 40.91000 13.15100 45.80000
 8 6 20 19 23 8603.70000 6.02900000 214.90000 40.91000 13.15100 45.80000
 8 6 20 19 23 8606.10000 6.02900000 214.90000 40.91000 13.15100 45.80000
 8 6 20 19 24 8606.70000 6.03800000 214.89000 40.94000 13.15100 45.80000
 8 6 20 19 24 8606.40000 6.03800000 214.89000 40.87000 13.15100 45.80000
 8 6 20 19 25 8606.50000 6.03800000 214.72000 40.94000 13.15100 45.80000
 8 6 20 19 25 8606.50000 6.03800000 214.70000 40.94000 13.15100 45.80000
 8 6 20 19 26 8606.50000 6.03800000 214.89000 40.94000 13.11600 45.80000
 8 6 20 19 26 8606.20000 6.03800000 214.75000 40.94000 13.15100 45.80000
 8 6 20 19 27 8606.20000 6.03800000 214.79000 40.94000 13.15100 45.80000
 8 6 20 19 27 8606.20000 6.03800000 214.75000 40.94000 13.15100 45.80000
 8 6 20 19 27 8606.20000 6.03800000 214.67000 40.94000 13.15100 45.80000
 8 6 20 19 28 8603.50000 6.03800000 214.75000 40.87000 13.15100 45.80000
 8 6 20 19 28 8603.10000 6.03800000 214.70000 40.94000 13.07000 45.80000
 8 6 20 19 29 8603.50000 6.03800000 214.71000 40.94000 13.08200 45.80000
 8 6 20 19 29 8605.60000 6.03800000 214.71000 40.94000 13.08200 45.80000
 8 6 20 19 30 8604.10000 6.03800000 214.71000 40.94000 13.08200 45.80000
 8 6 20 19 30 8601.00000 6.03800000 214.71000 40.94000 13.08200 45.80000
 8 6 20 19 31 8601.10000 6.03800000 214.70000 40.87000 13.08200 45.96800
 8 6 20 19 31 8603.70000 6.03800000 214.70000 40.94000 13.08200 45.80000
 8 6 20 19 32 8601.70000 6.03800000 214.68000 40.94000 13.08200 45.80200
 8 6 20 19 32 8600.00000 6.03800000 214.68000 40.94000 13.15100 45.80000
 8 6 20 19 32 8603.90000 6.03800000 214.68000 40.94000 13.08200 45.80000
 8 6 20 19 33 8597.60000 6.03800000 214.66000 40.94000 13.08200 45.80000
