M=[
25 2 21 16 13 41722.80000 9.84000000 1334.12000 164.83000 29.01200 113.15600
25 2 21 16 14 41722.80000 9.82800000 1335.46000 164.84000 29.01200 113.63400
25 2 21 16 14 41722.70000 9.82800000 1335.75000 165.05000 29.01200 113.63400
25 2 21 16 15 41742.00000 9.82800000 1335.97000 165.21000 29.01200 113.63400
25 2 21 16 15 41700.40000 9.82800000 1333.74000 164.87000 29.01200 113.63400
25 2 21 16 15 41700.00000 9.82800000 1332.98000 164.50000 29.01200 113.63400
25 2 21 16 16 41721.20000 9.82800000 1334.59000 164.50000 29.01200 113.63400
25 2 21 16 16 41700.10000 9.82800000 1332.85000 164.45000 29.01200 113.28700
25 2 21 16 17 41710.70000 9.82800000 1333.24000 164.31000 29.01200 113.28700
25 2 21 16 17 41730.60000 9.82800000 1334.41000 164.31000 29.01200 113.28700
25 2 21 16 18 41819.00000 9.82800000 1336.59000 164.62000 29.01200 113.28700
25 2 21 16 18 41819.00000 9.82800000 1336.12000 164.76000 29.01200 113.35600
25 2 21 16 18 41819.00000 9.82800000 1335.42000 164.76000 29.38700 113.35600
25 2 21 16 19 41842.40000 9.82800000 1335.74000 164.81000 29.38700 113.35600
25 2 21 16 19 41948.50000 9.84600000 1337.81000 164.94000 29.38700 113.35600
25 2 21 16 20 41960.70000 9.84600000 1337.66000 165.48000 29.38700 113.76800
25 2 21 16 20 41964.80000 9.84600000 1337.37000 165.37000 29.00200 113.76800
25 2 21 16 21 41960.70000 9.84600000 1336.53000 165.35000 29.00200 113.76800
25 2 21 16 21 41925.90000 9.84600000 1336.17000 165.13000 29.00200 113.76800
25 2 21 16 21 41937.10000 9.84600000 1337.08000 164.98000 29.00200 113.42900
25 2 21 16 22 41960.70000 9.86800000 1336.55000 164.98000 29.00200 113.42900
25 2 21 16 22 41973.80000 9.86800000 1338.00000 164.93000 29.00200 113.42900
25 2 21 16 23 41941.80000 9.86800000 1338.24000 164.75000 29.00200 113.42900
25 2 21 16 23 41925.20000 9.86800000 1337.13000 164.62000 29.00200 113.42900
25 2 21 16 24 41925.30000 9.87200000 1337.47000 164.62000 29.27300 113.42900
25 2 21 16 24 41899.60000 9.87200000 1337.50000 164.41000 29.27300 113.42900
25 2 21 16 24 41899.00000 9.86800000 1337.06000 164.34000 29.27300 113.42900
25 2 21 16 25 41887.00000 9.86800000 1337.43000 164.29000 29.27300 113.42900
25 2 21 16 25 41915.10000 9.85500000 1337.97000 164.28000 29.27400 113.42900
25 2 21 16 26 41887.40000 9.85500000 1336.00000 164.24000 29.27400 113.42900
25 2 21 16 26 41873.50000 9.85500000 1335.31000 164.00000 29.27400 113.42900
25 2 21 16 27 41863.70000 9.85500000 1335.43000 163.97000 29.27400 113.42900
25 2 21 16 27 41837.60000 9.85500000 1334.70000 163.94000 29.27400 113.43300
25 2 21 16 27 41837.40000 9.85500000 1333.99000 163.75000 29.27400 113.43300
25 2 21 16 28 41823.40000 9.85500000 1333.62000 163.59000 29.27400 113.43300
25 2 21 16 28 41785.00000 9.85500000 1332.47000 163.59000 29.27400 113.43300
25 2 21 16 29 41831.70000 9.85500000 1333.95000 163.59000 29.27400 113.43300
25 2 21 16 29 41835.10000 9.85500000 1334.74000 163.58000 29.27400 113.43300
25 2 21 16 30 41790.60000 9.85500000 1333.49000 163.45000 29.27400 113.43300
25 2 21 16 30 41875.10000 9.85500000 1335.57000 163.54000 29.27400 113.43300
25 2 21 16 30 41899.50000 9.85500000 1336.51000 163.76000 29.27400 113.43300
25 2 21 16 31 41865.10000 9.86100000 1335.36000 163.60000 29.27400 113.43300
25 2 21 16 31 41852.30000 9.86100000 1335.09000 163.63000 29.27400 113.43300
25 2 21 16 32 41835.90000 9.86100000 1334.47000 163.36000 29.27400 113.43300
25 2 21 16 32 41848.20000 9.86100000 1335.65000 163.35000 29.27400 113.43300
25 2 21 16 33 41835.90000 9.86100000 1334.92000 163.29000 29.27400 113.43300
25 2 21 16 33 41836.00000 9.85300000 1335.55000 163.29000 29.27400 112.92000
25 2 21 16 33 41867.70000 9.85300000 1335.79000 163.57000 29.27400 112.92000
25 2 21 16 34 41882.90000 9.84000000 1336.73000 163.75000 29.27400 112.92000
25 2 21 16 34 41848.20000 9.84000000 1334.95000 163.61000 29.27400 112.92000
25 2 21 16 35 41835.40000 9.84000000 1334.58000 163.33000 29.27400 112.92000
25 2 21 16 35 41795.50000 9.84000000 1333.35000 162.99000 29.27400 112.92000
25 2 21 16 36 41768.50000 9.84000000 1333.89000 163.10000 29.27400 112.92000
25 2 21 16 36 41768.50000 9.84000000 1333.47000 162.98000 29.27400 112.92000
25 2 21 16 36 41707.70000 9.84000000 1333.63000 162.98000 29.27400 112.92000
25 2 21 16 37 41716.20000 9.84000000 1333.02000 163.05000 29.27400 112.92000
25 2 21 16 37 41726.10000 9.84000000 1333.01000 162.91000 29.27400 112.92000
25 2 21 16 38 41735.90000 9.84000000 1333.72000 163.02000 29.27400 112.92000
25 2 21 16 38 41761.70000 9.84000000 1334.00000 163.19000 29.27400 112.92000
25 2 21 16 39 41740.70000 9.84100000 1334.53000 163.31000 29.27400 112.92000
25 2 21 16 39 41724.80000 9.84100000 1333.00000 163.15000 29.27400 112.92000
25 2 21 16 39 41746.60000 9.82700000 1333.00000 163.12000 29.27400 112.92000
25 2 21 16 40 41730.30000 9.82700000 1333.46000 163.16000 29.27400 112.92000
25 2 21 16 40 41742.40000 9.82700000 1333.01000 163.16000 29.31500 112.92000
25 2 21 16 41 41700.50000 9.82900000 1331.43000 163.07000 29.31500 112.92000
25 2 21 16 41 41688.70000 9.78300000 1330.00000 162.63000 29.31500 112.92000
25 2 21 16 42 41667.90000 9.78300000 1329.99000 162.77000 28.98300 112.92000
25 2 21 16 42 41690.70000 9.78300000 1330.21000 162.87000 28.98300 112.92000
25 2 21 16 42 41739.50000 9.82800000 1332.11000 163.08000 28.98300 112.92000
25 2 21 16 43 41748.80000 9.82800000 1332.41000 162.97000 28.98300 112.92000
25 2 21 16 43 41799.20000 9.82800000 1333.35000 163.19000 28.98300 112.92000
25 2 21 16 44 41799.00000 9.79700000 1334.32000 163.20000 29.32500 112.92000
25 2 21 16 44 41735.00000 9.79700000 1332.43000 163.22000 29.32500 112.92000
25 2 21 16 45 41716.30000 9.79700000 1332.41000 163.22000 29.32500 112.92000
25 2 21 16 45 41741.00000 9.79700000 1332.59000 163.22000 29.32500 112.92000
25 2 21 16 45 41763.50000 9.79700000 1333.00000 163.12000 29.32500 112.92000
25 2 21 16 46 41727.60000 9.78400000 1332.59000 163.12000 29.32500 112.92000
25 2 21 16 46 41659.50000 9.78400000 1330.94000 162.90000 29.32500 112.92000
25 2 21 16 47 41666.00000 9.78400000 1330.22000 162.69000 29.32500 112.08400
25 2 21 16 47 41662.60000 9.78400000 1330.34000 162.55000 29.32500 111.92800
25 2 21 16 48 41632.30000 9.78400000 1328.06000 162.20000 29.03800 111.82500
25 2 21 16 48 41611.40000 9.78400000 1327.81000 162.19000 29.03800 111.82500
25 2 21 16 48 41599.40000 9.78400000 1326.81000 162.31000 29.03800 111.80100
25 2 21 16 49 41599.40000 9.78400000 1327.00000 162.22000 29.03800 111.72800
25 2 21 16 49 41599.20000 9.78400000 1327.00000 162.25000 29.27700 111.66700
25 2 21 16 50 41581.20000 9.78400000 1327.32000 162.20000 29.27700 111.66700
25 2 21 16 50 41572.20000 9.78400000 1327.59000 162.18000 29.27700 111.67400
25 2 21 16 51 41559.00000 9.75100000 1326.99000 162.26000 29.27700 111.67400
25 2 21 16 51 41529.90000 9.75100000 1326.23000 162.02000 29.27700 111.47000
25 2 21 16 51 41500.10000 9.75100000 1326.24000 162.01000 29.27700 111.47000
25 2 21 16 52 41457.80000 9.75100000 1326.01000 161.98000 29.27700 111.37400
25 2 21 16 52 41457.80000 9.75100000 1325.00000 161.93000 29.27700 111.16100
25 2 21 16 53 41472.90000 9.74900000 1325.00000 161.93000 29.27700 111.37400
25 2 21 16 53 41513.90000 9.74900000 1326.32000 161.96000 29.27700 111.37400
25 2 21 16 54 41543.90000 9.74900000 1325.96000 161.96000 29.27700 111.37400
25 2 21 16 54 41528.30000 9.74900000 1327.71000 162.20000 29.27700 111.37400
25 2 21 16 54 41500.00000 9.74900000 1327.07000 162.20000 29.27700 111.43600
25 2 21 16 55 41500.00000 9.74800000 1326.63000 162.20000 29.27700 111.43600
25 2 21 16 55 41435.60000 9.73700000 1325.76000 162.20000 29.27700 111.43600
25 2 21 16 56 41437.10000 9.71800000 1325.47000 161.93000 29.27700 111.43600
25 2 21 16 56 41437.20000 9.71800000 1325.01000 161.74000 29.27700 111.43600
25 2 21 16 57 41435.60000 9.71500000 1325.98000 161.60000 29.27700 111.23200
25 2 21 16 57 41450.10000 9.71500000 1325.62000 161.68000 29.27700 111.45900
