M=[
28 5 20 00 11 8349.70000 6.14100000 188.63000 39.76000 11.66400 41.47300
28 5 20 00 11 8348.40000 6.14100000 188.63000 39.76000 11.66400 41.47300
28 5 20 00 12 8349.60000 6.15700000 188.67000 39.78000 11.55700 41.47300
28 5 20 00 12 8351.80000 6.14100000 188.63000 39.77000 11.66400 41.47300
28 5 20 00 13 8353.30000 6.14100000 188.64000 39.77000 11.66400 41.47300
28 5 20 00 13 8353.90000 6.14100000 188.64000 39.77000 11.66400 41.47300
28 5 20 00 14 8363.50000 6.14100000 188.63000 39.77000 11.66400 41.47300
28 5 20 00 14 8353.60000 6.14100000 188.64000 39.77000 11.66400 41.47300
28 5 20 00 15 8362.50000 6.14100000 188.84000 39.79000 11.66400 41.47300
28 5 20 00 15 8362.50000 6.14100000 188.84000 39.79000 11.66400 41.47300
28 5 20 00 16 8364.40000 6.14100000 188.84000 39.79000 11.66400 41.47300
28 5 20 00 16 8369.90000 6.14100000 188.84000 39.79000 11.66400 41.47300
28 5 20 00 17 8371.20000 6.14100000 188.84000 39.79000 11.66400 41.47300
28 5 20 00 18 8366.50000 6.14100000 188.84000 39.79000 11.66400 41.47300
28 5 20 00 18 8366.40000 6.14100000 188.84000 39.79000 11.66400 41.47300
28 5 20 00 19 8364.50000 6.14100000 188.84000 39.79000 11.66400 41.47300
28 5 20 00 19 8364.20000 6.14100000 188.94000 39.81000 11.66400 41.47300
28 5 20 00 20 8364.40000 6.14100000 188.94000 39.79000 11.66400 41.47300
28 5 20 00 20 8368.60000 6.15700000 188.94000 39.79000 11.66400 41.47300
28 5 20 00 21 8364.50000 6.14100000 188.91000 39.79000 11.66400 41.47300
28 5 20 00 21 8364.10000 6.14100000 188.91000 39.78000 11.55700 41.47300
28 5 20 00 22 8365.00000 6.14100000 188.91000 39.78000 11.66400 41.47300
28 5 20 00 22 8365.90000 6.14100000 188.79000 39.81000 11.66400 41.47300
28 5 20 00 22 8366.30000 6.14100000 188.79000 39.78000 11.66400 41.47300
28 5 20 00 23 8364.00000 6.14100000 188.79000 39.78000 11.66400 41.47300
28 5 20 00 23 8357.80000 6.14100000 188.79000 39.78000 11.66400 41.47300
28 5 20 00 24 8359.60000 6.14100000 188.79000 39.76000 11.66400 41.47300
28 5 20 00 24 8359.90000 6.14100000 188.79000 39.76000 11.66400 41.47300
28 5 20 00 25 8359.50000 6.14100000 188.78000 39.77000 11.66400 41.47300
28 5 20 00 25 8359.50000 6.14100000 188.78000 39.77000 11.66400 41.47300
28 5 20 00 26 8359.60000 6.14100000 188.78000 39.77000 11.66400 41.47300
28 5 20 00 26 8359.60000 6.14100000 188.87000 39.77000 11.66400 41.47300
28 5 20 00 27 8359.60000 6.14100000 188.88000 39.80000 11.66400 41.47300
28 5 20 00 27 8366.40000 6.14100000 188.88000 39.83000 11.66400 41.47300
28 5 20 00 28 8360.30000 6.14100000 188.88000 39.83000 11.66400 41.47300
28 5 20 00 28 8361.30000 6.14100000 188.94000 39.83000 11.52700 41.47300
28 5 20 00 29 8365.60000 6.14100000 188.96000 39.83000 11.66400 41.47300
28 5 20 00 30 8365.90000 6.14100000 188.96000 39.83000 11.66400 41.47300
28 5 20 00 30 8364.50000 6.14100000 188.98000 39.81000 11.66400 41.47300
28 5 20 00 30 8366.00000 6.14100000 188.78000 39.81000 11.52700 41.47300
28 5 20 00 31 8358.00000 6.14100000 188.98000 39.81000 11.66400 41.47300
28 5 20 00 31 8354.20000 6.14100000 188.98000 39.81000 11.66400 41.47300
28 5 20 00 32 8354.20000 6.14100000 188.98000 39.81000 11.66400 41.47300
28 5 20 00 32 8354.20000 6.14100000 188.98000 39.81000 11.66400 41.47300
28 5 20 00 33 8354.20000 6.14100000 188.98000 39.79000 11.66400 41.47300
28 5 20 00 33 8354.20000 6.14100000 188.87000 39.79000 11.66400 41.47300
28 5 20 00 34 8356.10000 6.14100000 188.87000 39.79000 11.66400 41.47300
28 5 20 00 34 8356.10000 6.15700000 188.87000 39.79000 11.66400 41.47300
28 5 20 00 35 8354.30000 6.15700000 188.87000 39.83000 11.66400 41.47300
28 5 20 00 35 8354.30000 6.14100000 188.89000 39.79000 11.55700 41.47300
28 5 20 00 36 8354.30000 6.14100000 188.89000 39.78000 11.66400 41.47300
28 5 20 00 36 8354.30000 6.14100000 188.89000 39.78000 11.66400 41.47300
28 5 20 00 37 8354.20000 6.14100000 188.89000 39.78000 11.66400 41.47300
28 5 20 00 37 8354.20000 6.15700000 188.82000 39.78000 11.66400 41.47300
28 5 20 00 38 8354.30000 6.14100000 188.82000 39.78000 11.66400 41.47300
28 5 20 00 38 8354.30000 6.14100000 188.82000 39.78000 11.66400 41.47300
28 5 20 00 39 8354.20000 6.14100000 188.84000 39.79000 11.66400 41.47300
28 5 20 00 39 8358.00000 6.14100000 188.84000 39.79000 11.66400 41.47300
28 5 20 00 40 8356.90000 6.14100000 188.84000 39.79000 11.66400 41.47300
28 5 20 00 40 8357.10000 6.14100000 188.84000 39.79000 11.66400 41.47300
28 5 20 00 41 8359.10000 6.14100000 188.93000 39.79000 11.66400 41.47300
28 5 20 00 41 8359.10000 6.14100000 188.93000 39.79000 11.66400 41.47300
28 5 20 00 42 8367.70000 6.14100000 188.93000 39.80000 11.66400 41.47300
28 5 20 00 42 8367.80000 6.14100000 188.93000 39.80000 11.66400 41.47300
28 5 20 00 43 8367.60000 6.14100000 188.93000 39.80000 11.66400 41.47300
28 5 20 00 43 8357.50000 6.14100000 188.93000 39.79000 11.66400 41.47300
28 5 20 00 44 8367.80000 6.14100000 188.93000 39.80000 11.66400 41.47300
28 5 20 00 44 8367.20000 6.15700000 188.86000 39.80000 11.66400 41.47300
28 5 20 00 45 8367.20000 6.14100000 188.86000 39.78000 11.66400 41.47300
28 5 20 00 45 8364.80000 6.14100000 188.86000 39.78000 11.66400 41.47300
28 5 20 00 46 8366.00000 6.14100000 188.86000 39.78000 11.66400 41.47300
28 5 20 00 46 8361.30000 6.14100000 188.68000 39.79000 11.66400 41.47300
28 5 20 00 47 8357.00000 6.14100000 188.68000 39.78000 11.66400 41.47300
28 5 20 00 47 8357.00000 6.14100000 188.61000 39.78000 11.66400 41.47300
28 5 20 00 48 8358.60000 6.14100000 188.61000 39.72000 11.66400 41.47300
28 5 20 00 48 8355.20000 6.14100000 188.61000 39.72000 11.66400 41.47300
28 5 20 00 49 8356.70000 6.14100000 188.57000 39.72000 11.66400 41.47300
28 5 20 00 49 8357.80000 6.15700000 188.57000 39.72000 11.61900 41.47300
28 5 20 00 50 8358.70000 6.14100000 188.58000 39.72000 11.66400 41.47300
28 5 20 00 50 8356.30000 6.14100000 188.86000 39.72000 11.66400 41.47300
28 5 20 00 51 8356.40000 6.14100000 188.61000 39.74000 11.66400 41.47300
28 5 20 00 51 8356.40000 6.14100000 188.61000 39.74000 11.66400 41.50600
28 5 20 00 52 8356.40000 6.15700000 188.57000 39.74000 11.66400 41.47300
28 5 20 00 52 8356.40000 6.14100000 188.57000 39.74000 11.66400 41.47300
28 5 20 00 53 8354.20000 6.14100000 188.50000 39.74000 11.66400 41.47300
28 5 20 00 53 8351.40000 6.14100000 188.50000 39.74000 11.66400 41.47300
28 5 20 00 54 8349.60000 6.14100000 188.30000 39.71000 11.66400 41.47300
28 5 20 00 54 8349.60000 6.14100000 188.30000 39.72000 11.66400 41.47300
28 5 20 00 55 8349.00000 6.15700000 188.30000 39.71000 11.66400 41.47300
28 5 20 00 55 8352.40000 6.14100000 188.30000 39.71000 11.66400 41.47300
28 5 20 00 56 8354.40000 6.14100000 188.30000 39.72000 11.66400 41.47300
28 5 20 00 56 8354.50000 6.14100000 188.50000 39.71000 11.66400 41.47300
28 5 20 00 57 8354.50000 6.14100000 188.50000 39.73000 11.66400 41.47300
28 5 20 00 57 8354.50000 6.14100000 188.69000 39.74000 11.52700 42.15700
28 5 20 00 58 8354.40000 6.14100000 188.72000 39.73000 11.66400 42.15700
28 5 20 00 58 8354.50000 6.15700000 188.72000 39.73000 11.66400 42.15700
28 5 20 00 59 8399.90000 6.14100000 189.27000 39.86000 11.66400 42.25000
28 5 20 00 59 8431.10000 6.16600000 189.67000 40.03000 11.66400 42.39000
28 5 20 01 00 8417.40000 6.16600000 189.39000 40.01000 11.66400 42.39000
28 5 20 01 01 8411.30000 6.16600000 189.39000 40.01000 11.61900 42.39000
28 5 20 01 01 8406.40000 6.16600000 189.39000 40.01000 11.66400 42.39000
28 5 20 01 02 8403.60000 6.16600000 189.20000 40.01000 11.66400 42.39000
28 5 20 01 02 8399.90000 6.16600000 189.18000 40.01000 11.60900 42.39000
28 5 20 01 03 8400.00000 6.16600000 189.18000 39.84000 11.66400 42.39000
28 5 20 01 03 8397.00000 6.16600000 189.18000 39.84000 11.66400 42.39000
28 5 20 01 04 8400.00000 6.16600000 189.18000 39.85000 11.66400 42.39000
28 5 20 01 04 8399.90000 6.16600000 189.16000 39.85000 11.66400 42.39000
28 5 20 01 05 8400.20000 6.16600000 189.00000 39.87000 11.66400 42.39000
28 5 20 01 05 8400.70000 6.16600000 189.00000 39.87000 11.66400 42.39000
