M=[
 2 8 21 15 11 33435.50000 43.56900000 2213.99000 121.25000 22.77600 99.52100
 2 8 21 15 12 33417.90000 43.56900000 2214.00000 121.25000 22.77600 99.52100
 2 8 21 15 12 33427.40000 43.56900000 2214.00000 121.28000 22.77600 99.52100
 2 8 21 15 13 33435.70000 43.56900000 2215.00000 121.30000 22.77600 99.52100
 2 8 21 15 13 33440.00000 43.56900000 2218.62000 121.28000 22.77600 99.52100
 2 8 21 15 13 33468.60000 43.72300000 2226.49000 121.28000 22.77600 99.52100
 2 8 21 15 14 33528.70000 43.72300000 2229.75000 121.28000 22.77600 99.52100
 2 8 21 15 14 33493.20000 43.72300000 2228.83000 121.62000 22.77600 99.19500
 2 8 21 15 15 33472.70000 43.72300000 2228.55000 121.62000 22.77600 99.19500
 2 8 21 15 15 33469.10000 43.72300000 2227.20000 121.62000 22.74000 99.19500
 2 8 21 15 16 33462.70000 43.72300000 2226.76000 121.42000 22.74000 99.19500
 2 8 21 15 16 33520.00000 43.72300000 2234.28000 121.56000 22.74000 99.19500
 2 8 21 15 16 33527.00000 43.72300000 2230.68000 121.56000 22.76000 99.19500
 2 8 21 15 17 33488.90000 43.72300000 2229.33000 121.60000 22.76000 99.19500
 2 8 21 15 17 33488.80000 43.72300000 2226.13000 121.60000 22.76000 99.19500
 2 8 21 15 18 33481.90000 43.72300000 2225.79000 121.60000 22.76000 99.19500
 2 8 21 15 18 33459.40000 43.72300000 2225.65000 121.60000 22.76000 99.19500
 2 8 21 15 19 33461.20000 43.72300000 2225.65000 121.60000 22.76000 99.19500
 2 8 21 15 19 33450.00000 43.72300000 2219.68000 121.30000 22.76000 99.19500
 2 8 21 15 20 33439.60000 43.72300000 2221.04000 121.26000 22.76000 99.19500
 2 8 21 15 20 33434.80000 43.72300000 2220.52000 121.26000 22.76000 99.19500
 2 8 21 15 20 33430.90000 43.72300000 2220.01000 121.26000 22.76000 99.19500
 2 8 21 15 21 33444.80000 43.72300000 2222.16000 121.26000 22.76000 99.19500
 2 8 21 15 21 33444.70000 43.72300000 2221.72000 121.26000 22.76000 99.19500
 2 8 21 15 22 33426.20000 43.72300000 2220.75000 121.26000 22.76000 99.19500
 2 8 21 15 22 33449.20000 43.72300000 2222.18000 121.26000 22.76000 99.19500
 2 8 21 15 23 33438.00000 43.72300000 2220.49000 121.26000 22.74000 99.19500
 2 8 21 15 23 33444.20000 43.72300000 2220.77000 121.26000 22.74000 99.19500
 2 8 21 15 23 33452.90000 43.72300000 2221.99000 121.23000 22.74000 99.19500
 2 8 21 15 24 33465.40000 43.72300000 2225.63000 121.27000 22.74000 99.19500
 2 8 21 15 24 33472.80000 43.73000000 2225.63000 121.34000 22.74000 99.19500
 2 8 21 15 25 33462.40000 43.73000000 2225.63000 121.34000 22.74000 99.19500
 2 8 21 15 25 33458.90000 43.73000000 2225.53000 121.26000 22.74000 99.19500
 2 8 21 15 26 33467.40000 43.73000000 2225.64000 121.35000 22.74000 99.19500
 2 8 21 15 26 33479.20000 43.73000000 2227.01000 121.35000 22.74000 99.19500
 2 8 21 15 26 33467.70000 43.73000000 2225.55000 121.35000 22.74000 99.19500
 2 8 21 15 27 33475.20000 43.73000000 2225.55000 121.35000 22.74000 99.19500
 2 8 21 15 27 33477.70000 43.73000000 2225.54000 121.21000 22.74000 99.19500
 2 8 21 15 28 33477.80000 43.73000000 2223.04000 121.23000 22.74000 99.19500
 2 8 21 15 28 33459.00000 43.73000000 2218.27000 121.20000 22.92600 99.19500
 2 8 21 15 29 33454.70000 43.73000000 2216.21000 121.11000 22.92600 99.19500
 2 8 21 15 29 33468.10000 43.73000000 2219.79000 121.11000 22.92600 99.19500
 2 8 21 15 30 33456.70000 43.73000000 2219.54000 121.16000 22.92600 99.19500
 2 8 21 15 30 33472.10000 43.73000000 2221.91000 121.30000 22.85400 99.19500
 2 8 21 15 30 33480.20000 43.73000000 2220.87000 121.30000 22.85400 99.19500
 2 8 21 15 31 33481.90000 43.73200000 2219.53000 121.30000 22.85400 99.19500
 2 8 21 15 31 33480.30000 43.73200000 2219.28000 121.30000 22.85400 99.19500
 2 8 21 15 32 33480.20000 43.73200000 2218.40000 121.30000 22.85400 99.19500
 2 8 21 15 32 33478.60000 43.73200000 2220.60000 121.30000 22.85400 99.19500
 2 8 21 15 33 33481.90000 43.69100000 2222.00000 121.23000 22.85400 99.19500
 2 8 21 15 33 33481.90000 43.69100000 2223.85000 121.29000 22.85400 99.19500
 2 8 21 15 33 33481.80000 43.69100000 2223.38000 121.29000 22.93500 99.19500
 2 8 21 15 34 33500.90000 43.69100000 2225.87000 121.29000 22.93500 99.19500
 2 8 21 15 34 33515.00000 43.69100000 2225.40000 121.29000 22.93500 99.19500
 2 8 21 15 35 33523.50000 43.69100000 2225.01000 121.29000 22.93500 99.19500
 2 8 21 15 35 33523.50000 43.69100000 2225.41000 121.28000 22.93500 99.19500
 2 8 21 15 36 33523.50000 43.69100000 2223.96000 121.15000 22.93500 99.28100
 2 8 21 15 36 33523.60000 43.69100000 2225.99000 121.15000 22.93500 99.28100
 2 8 21 15 36 33523.00000 43.69100000 2224.34000 121.27000 22.93500 99.28100
 2 8 21 15 37 33496.80000 43.69100000 2225.23000 121.26000 22.93500 99.28100
 2 8 21 15 37 33512.60000 43.69100000 2225.23000 121.26000 22.93500 99.28100
 2 8 21 15 38 33508.90000 43.69100000 2225.99000 121.26000 22.93500 99.28100
 2 8 21 15 38 33498.10000 43.73100000 2226.88000 121.26000 22.93500 99.28100
 2 8 21 15 39 33485.30000 43.73100000 2225.74000 121.26000 22.93500 99.28100
 2 8 21 15 39 33482.00000 43.73100000 2225.01000 121.17000 22.93500 99.28100
 2 8 21 15 39 33450.10000 43.73100000 2222.12000 121.15000 22.93500 99.28100
 2 8 21 15 40 33450.10000 43.73100000 2221.76000 121.13000 22.93500 99.28100
 2 8 21 15 40 33450.10000 43.73100000 2221.76000 121.00000 22.93500 99.28100
 2 8 21 15 41 33420.80000 43.73100000 2218.18000 121.00000 22.93500 99.28100
 2 8 21 15 41 33412.90000 43.73100000 2216.52000 121.00000 22.93500 99.28100
 2 8 21 15 42 33409.70000 43.54000000 2215.96000 121.00000 22.93500 99.28100
 2 8 21 15 42 33408.30000 43.54000000 2216.71000 121.00000 22.93500 99.28100
 2 8 21 15 43 33415.10000 43.54000000 2218.82000 120.87000 22.93500 99.28100
 2 8 21 15 43 33416.50000 43.54000000 2217.72000 120.93000 22.93500 99.09000
 2 8 21 15 43 33416.60000 43.54000000 2218.61000 120.86000 22.93500 99.09000
 2 8 21 15 44 33422.00000 43.54000000 2219.51000 120.93000 22.93500 99.09000
 2 8 21 15 44 33422.00000 43.54000000 2218.60000 120.93000 22.93500 99.09000
 2 8 21 15 45 33421.90000 43.54000000 2219.56000 120.97000 22.93500 99.09000
 2 8 21 15 45 33473.50000 43.54000000 2219.53000 120.97000 22.93500 99.09000
 2 8 21 15 46 33451.10000 43.54000000 2219.18000 120.97000 22.93500 99.09000
 2 8 21 15 46 33462.80000 43.54000000 2219.98000 120.97000 22.93500 99.09000
 2 8 21 15 46 33459.80000 43.54000000 2219.98000 120.97000 22.93500 99.09000
 2 8 21 15 47 33458.70000 43.54000000 2219.76000 120.98000 22.93500 99.09000
 2 8 21 15 47 33469.90000 43.54000000 2219.20000 120.98000 22.83600 99.02400
 2 8 21 15 48 33469.90000 43.54000000 2220.46000 121.05000 22.83600 98.83500
 2 8 21 15 48 33489.00000 43.54000000 2220.48000 121.05000 22.83600 98.83500
 2 8 21 15 49 33487.60000 43.54000000 2222.54000 121.05000 22.83600 98.83500
 2 8 21 15 49 33465.80000 43.54000000 2220.01000 121.05000 22.83600 99.08700
 2 8 21 15 50 33466.70000 43.54000000 2221.31000 121.04000 22.88100 99.08700
 2 8 21 15 50 33488.30000 43.54000000 2221.84000 121.04000 22.88100 99.08600
 2 8 21 15 50 33485.90000 43.67200000 2220.17000 121.04000 22.88100 99.08600
 2 8 21 15 51 33488.30000 43.67200000 2222.65000 121.04000 22.88100 99.08600
 2 8 21 15 51 33488.40000 43.67200000 2223.37000 121.04000 22.88100 99.08600
 2 8 21 15 52 33488.40000 43.58300000 2222.04000 121.11000 22.88100 98.88100
 2 8 21 15 52 33488.30000 43.58300000 2224.18000 121.16000 22.88100 98.88100
 2 8 21 15 53 33465.90000 43.58300000 2221.00000 121.16000 22.88100 98.88100
 2 8 21 15 53 33465.90000 43.58300000 2220.00000 121.16000 22.88100 98.88100
 2 8 21 15 53 33460.10000 43.58300000 2219.01000 121.16000 22.91300 98.88100
 2 8 21 15 54 33468.60000 43.58300000 2219.01000 121.16000 22.91300 98.88100
 2 8 21 15 54 33475.70000 43.58300000 2222.26000 121.16000 22.91300 98.88100
 2 8 21 15 55 33488.40000 43.58300000 2224.38000 121.16000 22.91300 98.88100
 2 8 21 15 55 33492.80000 43.58300000 2223.85000 121.18000 22.91300 98.88100
 2 8 21 15 56 33493.00000 43.58300000 2223.26000 121.18000 22.91300 98.88100
