M=[
29 7 21 17 26 33442.30000 41.11800000 1958.42000 118.47000 22.33300 89.64600
29 7 21 17 26 33442.30000 41.11800000 1959.18000 118.47000 22.33300 89.64600
29 7 21 17 27 33442.20000 41.11800000 1960.27000 118.47000 22.33300 89.64600
29 7 21 17 27 33441.30000 41.11800000 1958.91000 118.50000 22.33300 89.64600
29 7 21 17 28 33440.00000 41.08400000 1958.48000 118.61000 22.33300 89.64600
29 7 21 17 28 33440.00000 41.08400000 1959.29000 118.61000 22.33300 89.64600
29 7 21 17 28 33440.00000 41.08400000 1959.29000 118.69000 22.33300 89.64600
29 7 21 17 29 33440.10000 41.08400000 1959.29000 118.65000 22.33300 89.64600
29 7 21 17 29 33440.10000 41.08400000 1959.53000 118.70000 22.33300 89.64600
29 7 21 17 30 33440.10000 41.08400000 1960.29000 118.70000 22.33300 89.64600
29 7 21 17 30 33440.10000 41.08400000 1959.64000 118.70000 22.33300 89.64600
29 7 21 17 31 33441.20000 41.08400000 1959.64000 118.70000 22.33300 89.64600
29 7 21 17 31 33421.50000 41.08400000 1959.64000 118.74000 22.33300 89.64600
29 7 21 17 31 33412.30000 41.08400000 1959.63000 118.74000 22.33300 89.64600
29 7 21 17 32 33411.00000 41.08400000 1958.01000 118.47000 22.33300 89.64600
29 7 21 17 32 33411.00000 41.08400000 1958.01000 118.41000 22.33300 89.64600
29 7 21 17 33 33413.40000 41.08400000 1957.77000 118.47000 22.33300 89.64600
29 7 21 17 33 33418.90000 41.08400000 1957.77000 118.47000 22.33300 89.64600
29 7 21 17 34 33423.90000 41.08400000 1958.44000 118.47000 22.33300 89.64600
29 7 21 17 34 33427.40000 41.07900000 1957.77000 118.45000 22.33300 89.64600
29 7 21 17 34 33427.30000 41.07900000 1957.91000 118.45000 22.33300 89.64600
29 7 21 17 35 33427.30000 41.07900000 1957.91000 118.49000 22.33300 89.64600
29 7 21 17 35 33415.50000 41.07900000 1956.97000 118.49000 22.33300 89.64600
29 7 21 17 36 33411.70000 41.07900000 1956.97000 118.48000 22.33300 89.64600
29 7 21 17 36 33414.00000 41.07900000 1956.47000 118.26000 22.33300 89.64600
29 7 21 17 37 33415.70000 41.07900000 1956.47000 118.26000 22.33300 89.64600
29 7 21 17 37 33411.80000 41.07900000 1956.19000 118.27000 22.33300 89.64600
29 7 21 17 37 33411.80000 41.07900000 1955.88000 118.27000 22.33300 89.64600
29 7 21 17 38 33411.80000 41.07900000 1956.19000 118.27000 22.33300 89.64600
29 7 21 17 38 33414.20000 41.07900000 1956.19000 118.27000 22.33300 89.64600
29 7 21 17 39 33407.00000 41.07900000 1957.99000 118.40000 22.33300 89.64600
29 7 21 17 39 33407.10000 41.07900000 1958.33000 118.40000 22.33300 89.64600
29 7 21 17 40 33407.10000 41.07900000 1956.26000 118.35000 22.33300 89.64600
29 7 21 17 40 33407.30000 41.07900000 1956.26000 118.35000 22.33300 89.64600
29 7 21 17 40 33407.00000 41.07900000 1956.26000 118.35000 22.33300 89.64600
29 7 21 17 41 33408.10000 41.07900000 1956.72000 118.31000 22.33300 89.64600
29 7 21 17 41 33428.20000 41.07900000 1956.86000 118.31000 22.33300 89.64600
29 7 21 17 42 33448.10000 41.07900000 1956.86000 118.39000 22.33300 89.64600
29 7 21 17 42 33448.10000 41.07900000 1956.86000 118.39000 22.33300 89.64600
29 7 21 17 43 33448.10000 41.07900000 1956.86000 118.41000 22.33300 89.64600
29 7 21 17 43 33448.10000 41.07900000 1958.06000 118.42000 22.33300 89.64600
29 7 21 17 44 33427.80000 41.07900000 1957.80000 118.42000 22.33300 89.64600
29 7 21 17 44 33427.80000 41.07900000 1956.91000 118.42000 22.33300 89.64600
29 7 21 17 44 33433.30000 41.07900000 1956.91000 118.42000 22.33300 89.64600
29 7 21 17 45 33433.20000 41.07900000 1958.23000 118.42000 22.33300 89.64600
29 7 21 17 45 33433.30000 41.07900000 1958.13000 118.42000 22.33300 89.64600
29 7 21 17 46 33448.00000 41.07900000 1958.49000 118.68000 22.38400 89.64600
29 7 21 17 46 33448.00000 41.07900000 1958.50000 118.68000 22.38400 89.64600
29 7 21 17 47 33450.00000 41.07900000 1958.49000 118.68000 22.38400 89.64600
29 7 21 17 47 33450.00000 41.07900000 1958.49000 118.72000 22.38400 89.64600
29 7 21 17 47 33449.90000 41.07900000 1958.50000 118.72000 22.38400 89.64600
29 7 21 17 48 33450.00000 41.11500000 1958.49000 118.74000 22.38400 89.64600
29 7 21 17 48 33450.00000 41.11500000 1958.49000 118.64000 22.38400 89.64600
29 7 21 17 49 33450.00000 41.11500000 1958.49000 118.61000 22.38400 89.64600
29 7 21 17 49 33449.90000 41.11500000 1958.50000 118.61000 22.38400 89.64600
29 7 21 17 50 33483.30000 41.11500000 1958.50000 118.64000 22.38400 89.64600
29 7 21 17 50 33492.60000 41.12300000 1958.50000 118.73000 22.38400 89.83200
29 7 21 17 50 33484.10000 41.12300000 1959.89000 118.73000 22.38400 89.83200
29 7 21 17 51 33489.50000 41.12300000 1960.00000 118.79000 22.38400 89.83200
29 7 21 17 51 33532.50000 41.12300000 1959.99000 118.79000 22.40000 89.83200
29 7 21 17 52 33542.60000 41.12300000 1961.19000 118.78000 22.40000 89.83200
29 7 21 17 52 33568.90000 41.24900000 1961.20000 118.83000 22.47200 89.83200
29 7 21 17 53 33571.70000 41.24900000 1961.20000 118.83000 22.47200 90.32500
29 7 21 17 53 33589.30000 41.24900000 1964.11000 118.83000 22.47200 90.26300
29 7 21 17 53 33577.50000 41.24900000 1965.56000 118.92000 22.47200 90.26300
29 7 21 17 54 33541.20000 41.24900000 1964.03000 118.91000 22.47200 90.26300
29 7 21 17 54 33528.80000 41.24900000 1964.03000 118.91000 22.47200 90.26300
29 7 21 17 55 33532.20000 41.25400000 1964.03000 118.83000 22.47200 90.26300
29 7 21 17 55 33532.30000 41.25400000 1964.03000 118.85000 22.47200 90.26300
29 7 21 17 56 33504.40000 41.25400000 1964.48000 118.85000 22.47200 90.30800
29 7 21 17 56 33468.60000 41.25400000 1962.56000 118.79000 22.47200 90.30800
29 7 21 17 57 33471.00000 41.25400000 1961.12000 118.79000 22.47200 90.25300
29 7 21 17 57 33471.00000 41.25400000 1961.41000 118.66000 22.47200 90.25300
29 7 21 17 57 33439.80000 41.25400000 1960.28000 118.66000 22.47200 90.25300
29 7 21 17 58 33368.30000 41.12700000 1958.40000 118.58000 22.47200 90.25300
29 7 21 17 58 33359.30000 41.12700000 1957.14000 118.58000 22.47200 90.25300
29 7 21 17 59 33310.50000 41.12700000 1957.11000 118.56000 22.47200 90.25300
29 7 21 17 59 33340.20000 41.12700000 1957.11000 118.56000 22.47200 90.25300
29 7 21 18 00 33334.80000 41.12700000 1957.11000 118.56000 22.47200 90.25300
29 7 21 18 00 33348.30000 41.12700000 1958.28000 118.56000 22.40100 90.25300
29 7 21 18 00 33310.00000 41.05500000 1955.84000 118.56000 22.40100 90.25300
29 7 21 18 01 33326.80000 41.05500000 1956.08000 118.44000 22.40100 90.25300
29 7 21 18 01 33353.20000 41.05500000 1958.19000 118.44000 22.40100 90.25300
29 7 21 18 02 33326.80000 41.05500000 1958.19000 118.44000 22.40100 90.25300
29 7 21 18 02 33347.20000 41.05500000 1957.56000 118.66000 22.40100 90.25300
29 7 21 18 03 33330.20000 41.05500000 1957.56000 118.68000 22.40100 90.25300
29 7 21 18 03 33316.60000 41.05500000 1956.99000 118.68000 22.40100 90.25300
29 7 21 18 03 33308.20000 41.05500000 1956.01000 118.68000 22.40100 90.12900
29 7 21 18 04 33349.90000 41.05500000 1956.59000 118.68000 22.40100 90.12900
29 7 21 18 04 33332.30000 41.05500000 1956.92000 118.68000 22.40100 90.12900
29 7 21 18 05 33332.10000 41.05500000 1956.60000 118.68000 22.40100 90.12900
29 7 21 18 05 33340.10000 41.05500000 1956.33000 118.68000 22.40100 90.12900
29 7 21 18 06 33343.80000 41.05500000 1957.07000 118.68000 22.40100 90.12900
29 7 21 18 06 33344.00000 41.05500000 1957.24000 118.74000 22.40100 90.12900
29 7 21 18 06 33380.80000 41.05500000 1959.90000 118.74000 22.40100 90.12900
29 7 21 18 07 33373.90000 41.05500000 1959.77000 118.91000 22.40100 90.47600
29 7 21 18 07 33374.00000 41.05500000 1959.77000 118.91000 22.40100 90.47600
29 7 21 18 08 33363.50000 41.05500000 1959.77000 118.88000 22.40100 90.47600
29 7 21 18 08 33391.10000 41.05500000 1959.87000 118.88000 22.40100 90.47600
29 7 21 18 09 33371.70000 41.05500000 1959.88000 118.88000 22.40100 90.47600
29 7 21 18 09 33371.70000 41.05500000 1959.88000 118.88000 22.40100 90.47600
29 7 21 18 10 33389.60000 41.05500000 1958.35000 118.87000 22.40100 90.47600
29 7 21 18 10 33389.90000 41.05500000 1959.39000 118.90000 22.40100 90.47600
