M=[
23 1 21 05 45 27299.90000 6.23000000 1041.00000 116.39000 17.57900 72.74800
23 1 21 05 46 27300.10000 6.26100000 1040.88000 116.39000 17.63400 72.94000
23 1 21 05 46 27306.50000 6.26100000 1040.73000 116.39000 17.63400 72.94000
23 1 21 05 47 27311.30000 6.26100000 1040.24000 116.39000 17.63400 72.94000
23 1 21 05 47 27401.70000 6.26100000 1041.69000 116.39000 17.63400 72.94000
23 1 21 05 48 27443.90000 6.26100000 1041.68000 116.39000 17.63400 72.94000
23 1 21 05 48 27406.40000 6.24200000 1041.28000 116.68000 17.63400 72.94000
23 1 21 05 48 27406.80000 6.24200000 1041.36000 116.68000 17.63400 72.94000
23 1 21 05 49 27395.30000 6.24200000 1041.25000 116.68000 17.63400 72.94000
23 1 21 05 49 27361.80000 6.24200000 1039.87000 116.71000 17.63400 72.94000
23 1 21 05 50 27382.10000 6.24200000 1039.87000 116.72000 17.63400 72.94000
23 1 21 05 50 27403.20000 6.24200000 1039.69000 116.72000 17.63400 72.94000
23 1 21 05 51 27405.40000 6.24200000 1039.69000 116.72000 17.63400 72.94000
23 1 21 05 51 27408.10000 6.24200000 1039.69000 116.72000 17.63400 72.94000
23 1 21 05 51 27400.00000 6.24200000 1039.86000 116.72000 17.63400 72.94000
23 1 21 05 52 27368.80000 6.24200000 1039.85000 116.72000 17.63400 72.94000
23 1 21 05 52 27356.60000 6.24200000 1039.57000 116.72000 17.50900 72.94000
23 1 21 05 53 27358.70000 6.24200000 1039.94000 116.51000 17.50900 72.94000
23 1 21 05 53 27364.40000 6.24200000 1039.90000 116.51000 17.50900 72.94000
23 1 21 05 54 27358.40000 6.24200000 1039.20000 116.51000 17.50800 72.94000
23 1 21 05 54 27358.40000 6.23700000 1039.89000 116.51000 17.50800 72.84000
23 1 21 05 54 27370.30000 6.23700000 1040.02000 116.46000 17.50800 72.84000
23 1 21 05 55 27375.90000 6.23700000 1039.83000 116.46000 17.50800 72.84000
23 1 21 05 55 27374.70000 6.23700000 1039.83000 116.46000 17.50800 72.84000
23 1 21 05 56 27358.50000 6.23700000 1039.15000 116.46000 17.50800 72.84000
23 1 21 05 56 27414.20000 6.23700000 1040.43000 116.58000 17.50800 72.84000
23 1 21 05 57 27414.20000 6.23700000 1041.34000 116.58000 17.50800 72.84000
23 1 21 05 57 27420.20000 6.23700000 1041.09000 116.58000 17.50800 72.84000
23 1 21 05 57 27410.20000 6.23700000 1040.57000 116.58000 17.41700 72.84000
23 1 21 05 58 27401.30000 6.23700000 1040.12000 116.58000 17.41700 72.84000
23 1 21 05 58 27417.90000 6.23700000 1040.46000 116.28000 17.41700 72.84000
23 1 21 05 59 27411.60000 6.23700000 1040.89000 116.34000 17.41700 72.84000
23 1 21 05 59 27435.90000 6.23700000 1041.31000 116.34000 17.41700 72.84000
23 1 21 06 00 27476.20000 6.23700000 1041.36000 116.37000 17.41700 72.84000
23 1 21 06 00 27544.00000 6.23700000 1043.00000 116.37000 17.41700 72.77800
23 1 21 06 00 27543.90000 6.23700000 1043.00000 116.37000 17.41700 72.77800
23 1 21 06 01 27475.50000 6.23700000 1041.35000 116.37000 17.41700 72.77800
23 1 21 06 01 27524.50000 6.23700000 1041.35000 116.37000 17.41700 72.54200
23 1 21 06 02 27489.30000 6.23700000 1042.57000 116.47000 17.41700 72.54200
23 1 21 06 02 27479.90000 6.23700000 1042.14000 116.47000 17.41700 72.54200
23 1 21 06 03 27450.80000 6.23700000 1042.05000 116.47000 17.41700 72.54200
23 1 21 06 03 27423.10000 6.23700000 1040.78000 116.47000 17.41700 72.54200
23 1 21 06 03 27423.20000 6.23700000 1040.74000 116.47000 17.41700 72.54200
23 1 21 06 04 27426.50000 6.23700000 1040.74000 116.47000 17.41700 72.54200
23 1 21 06 04 27423.20000 6.23700000 1040.74000 116.16000 17.41700 72.54200
23 1 21 06 05 27442.90000 6.23700000 1042.39000 116.16000 17.41700 72.54200
23 1 21 06 05 27423.00000 6.23700000 1042.39000 116.16000 17.41700 72.54200
23 1 21 06 06 27423.00000 6.23700000 1041.33000 116.16000 17.41700 72.54200
23 1 21 06 06 27431.30000 6.23700000 1041.60000 116.16000 17.41700 72.54200
23 1 21 06 06 27444.00000 6.23700000 1041.00000 116.16000 17.35800 73.01000
23 1 21 06 07 27502.90000 6.23700000 1042.56000 116.16000 17.35800 73.01000
23 1 21 06 07 27469.20000 6.23700000 1042.11000 116.21000 17.35800 73.01000
23 1 21 06 08 27473.10000 6.23700000 1041.99000 116.24000 17.35800 73.01000
23 1 21 06 08 27461.40000 6.23700000 1041.99000 116.24000 17.35800 73.01000
23 1 21 06 09 27452.30000 6.23700000 1042.30000 116.24000 17.35800 73.01000
23 1 21 06 09 27452.50000 6.23700000 1042.30000 116.24000 17.35800 73.01000
23 1 21 06 09 27433.70000 6.23700000 1042.30000 116.24000 17.35800 73.01000
23 1 21 06 10 27427.30000 6.23700000 1042.31000 116.24000 17.35800 73.01000
23 1 21 06 10 27407.00000 6.23700000 1042.94000 116.31000 17.35800 73.01000
23 1 21 06 11 27413.40000 6.23700000 1042.94000 116.31000 17.35800 73.01000
23 1 21 06 11 27387.20000 6.23700000 1040.69000 116.31000 17.35800 73.01000
23 1 21 06 12 27379.20000 6.23700000 1041.03000 116.31000 17.35800 73.01000
23 1 21 06 12 27381.10000 6.23700000 1041.43000 116.31000 17.35800 73.01000
23 1 21 06 12 27404.00000 6.23700000 1041.73000 116.31000 17.35800 73.01000
23 1 21 06 13 27404.00000 6.23700000 1040.85000 116.31000 17.35800 73.01000
23 1 21 06 13 27404.00000 6.23700000 1040.89000 116.31000 17.35800 73.01000
23 1 21 06 14 27379.10000 6.23700000 1040.13000 116.18000 17.35800 72.87600
23 1 21 06 14 27379.10000 6.23700000 1040.01000 116.18000 17.35800 72.87600
23 1 21 06 14 27392.20000 6.23700000 1039.99000 116.18000 17.35800 72.87600
23 1 21 06 15 27386.30000 6.22700000 1037.99000 116.19000 17.35800 72.87600
23 1 21 06 15 27386.30000 6.22700000 1037.58000 116.19000 17.35800 72.87600
23 1 21 06 16 27392.10000 6.22700000 1038.00000 116.19000 17.35800 72.87600
23 1 21 06 16 27423.80000 6.22700000 1038.98000 116.19000 17.35800 72.87600
23 1 21 06 17 27376.00000 6.22700000 1038.97000 116.27000 17.35800 73.04000
23 1 21 06 17 27389.40000 6.22700000 1039.92000 116.27000 17.35800 73.04000
23 1 21 06 17 27414.20000 6.22700000 1039.99000 116.45000 17.35800 73.04000
23 1 21 06 18 27399.80000 6.22700000 1039.68000 116.45000 17.35800 73.04000
23 1 21 06 18 27394.50000 6.22700000 1039.97000 116.48000 17.35800 73.04000
23 1 21 06 19 27399.60000 6.22700000 1039.98000 116.50000 17.35800 73.04000
23 1 21 06 19 27399.10000 6.22700000 1039.77000 116.50000 17.35800 73.04000
23 1 21 06 20 27399.10000 6.22700000 1039.67000 116.50000 17.35800 73.04000
23 1 21 06 20 27397.00000 6.22700000 1038.99000 116.50000 17.35800 73.00900
23 1 21 06 20 27375.00000 6.25600000 1039.26000 116.50000 17.35800 72.75000
23 1 21 06 21 27372.50000 6.25600000 1039.81000 116.50000 17.35800 72.75000
23 1 21 06 21 27369.60000 6.25600000 1039.52000 116.50000 17.35800 72.84000
23 1 21 06 22 27360.40000 6.25600000 1039.68000 116.43000 17.35800 72.84000
23 1 21 06 22 27378.90000 6.25600000 1039.54000 116.43000 17.35800 72.84000
23 1 21 06 23 27386.50000 6.25600000 1039.71000 116.43000 17.35800 72.84000
23 1 21 06 23 27386.50000 6.25600000 1039.68000 116.54000 17.35800 72.84000
23 1 21 06 23 27386.90000 6.25600000 1039.47000 116.54000 17.35800 72.84000
23 1 21 06 24 27358.40000 6.25600000 1039.16000 116.40000 17.35800 72.84000
23 1 21 06 24 27358.40000 6.25600000 1039.99000 116.30000 17.35800 72.84000
23 1 21 06 25 27373.10000 6.25600000 1040.00000 116.30000 17.35800 72.84000
23 1 21 06 25 27373.10000 6.25600000 1039.41000 116.30000 17.35800 72.84000
23 1 21 06 26 27358.50000 6.25600000 1039.41000 116.15000 17.35800 72.84000
23 1 21 06 26 27320.50000 6.25600000 1038.98000 116.15000 17.35800 72.84000
23 1 21 06 26 27249.60000 6.25600000 1036.74000 115.80000 17.35800 72.55400
23 1 21 06 27 27276.30000 6.25600000 1037.67000 115.80000 17.35800 72.41100
23 1 21 06 27 27295.10000 6.25600000 1037.51000 115.80000 17.35800 72.41100
23 1 21 06 28 27261.80000 6.25600000 1036.71000 115.80000 17.35800 72.41100
23 1 21 06 28 27274.90000 6.25600000 1037.35000 115.80000 17.35800 72.41100
23 1 21 06 29 27284.30000 6.25600000 1036.71000 115.80000 17.35800 72.41100
23 1 21 06 29 27300.00000 6.25600000 1036.73000 115.80000 17.35800 72.41100
23 1 21 06 29 27300.00000 6.25600000 1036.61000 116.02000 17.35800 72.41100
23 1 21 06 30 27279.40000 6.25600000 1036.69000 116.02000 17.35800 72.41100
