M=[
 5 5 20 04 47 8231.80000 6.79000000 191.46000 43.38000 10.08300 40.54300
 5 5 20 04 48 8244.00000 6.79000000 191.60000 43.40000 10.08300 40.54300
 5 5 20 04 48 8256.10000 6.79000000 192.03000 43.40000 10.14600 40.54300
 5 5 20 04 49 8249.20000 6.79000000 191.75000 43.40000 10.14600 40.14300
 5 5 20 04 49 8254.60000 6.79000000 191.97000 43.44000 10.14600 40.54300
 5 5 20 04 50 8255.80000 6.79000000 192.03000 43.44000 10.14600 40.14300
 5 5 20 04 50 8266.80000 6.79000000 191.96000 43.50000 10.14600 40.54300
 5 5 20 04 51 8274.80000 6.79000000 192.16000 43.54000 10.18000 40.54300
 5 5 20 04 51 8279.50000 6.79000000 192.44000 43.60000 10.18000 40.54300
 5 5 20 04 52 8290.80000 6.85000000 192.66000 43.65000 10.14000 40.81000
 5 5 20 04 53 8295.00000 6.85000000 192.66000 43.66000 10.14000 40.84000
 5 5 20 04 53 8300.80000 6.85000000 192.69000 43.68000 10.14400 40.84000
 5 5 20 04 54 8313.50000 6.87300000 192.70000 43.78000 10.18900 40.84000
 5 5 20 04 54 8302.30000 6.87300000 192.73000 43.78000 10.18000 40.84000
 5 5 20 04 55 8309.80000 6.87300000 192.61000 43.74000 10.18900 40.81000
 5 5 20 04 55 8315.00000 6.87300000 192.73000 43.78000 10.14100 40.81000
 5 5 20 04 56 8324.60000 6.87300000 193.28000 43.78000 10.14200 40.89400
 5 5 20 04 56 8311.00000 6.87300000 192.94000 43.74000 10.14200 40.89400
 5 5 20 04 57 8313.40000 6.87300000 192.84000 43.73000 10.14200 40.89400
 5 5 20 04 57 8298.20000 6.87300000 192.84000 43.75000 10.17300 40.89400
 5 5 20 04 58 8296.30000 6.87300000 192.75000 43.70000 10.17300 40.77600
 5 5 20 04 58 8298.10000 6.87300000 192.71000 43.70000 10.14100 40.77600
 5 5 20 04 59 8298.50000 6.85000000 192.70000 43.66000 10.17300 40.77600
 5 5 20 04 59 8292.10000 6.87300000 192.71000 43.66000 10.17300 40.77600
 5 5 20 05 00 8307.90000 6.87300000 192.75000 43.66000 10.18900 40.77600
 5 5 20 05 00 8312.70000 6.82500000 192.75000 43.66000 10.14200 40.83800
 5 5 20 05 01 8315.00000 6.82500000 193.12000 43.71000 10.16400 40.83800
 5 5 20 05 01 8327.00000 6.82500000 193.14000 43.66000 10.16400 40.83800
 5 5 20 05 02 8316.40000 6.82500000 193.18000 43.72000 10.16400 40.83800
 5 5 20 05 02 8314.70000 6.82500000 193.28000 43.72000 10.16400 40.77600
 5 5 20 05 03 8315.00000 6.87300000 193.13000 43.72000 10.17100 40.83800
 5 5 20 05 03 8319.90000 6.82200000 193.26000 43.72000 10.17100 40.87800
 5 5 20 05 04 8330.80000 6.82200000 193.54000 43.76000 10.17100 40.83800
 5 5 20 05 04 8339.40000 6.82200000 193.80000 43.76000 10.17100 40.87800
 5 5 20 05 05 8347.60000 6.82200000 194.44000 43.76000 10.17100 40.87800
 5 5 20 05 05 8340.00000 6.82200000 194.06000 43.78000 10.17100 40.93000
 5 5 20 05 06 8323.00000 6.82200000 193.49000 43.78000 10.13300 40.93000
 5 5 20 05 07 8324.90000 6.82200000 193.51000 43.78000 10.13300 40.93000
 5 5 20 05 07 8318.40000 6.82200000 193.57000 43.62000 10.13300 40.77600
 5 5 20 05 08 8314.50000 6.82200000 193.42000 43.62000 10.13300 40.83800
 5 5 20 05 08 8313.20000 6.82200000 193.29000 43.62000 10.17100 40.93000
 5 5 20 05 09 8305.80000 6.82200000 193.00000 43.62000 10.13300 40.93000
 5 5 20 05 09 8308.40000 6.80200000 193.15000 43.65000 10.11000 40.93000
 5 5 20 05 10 8311.50000 6.80200000 193.15000 43.65000 10.11000 40.82000
 5 5 20 05 10 8314.80000 6.80200000 193.15000 43.63000 10.11000 40.82000
 5 5 20 05 11 8317.20000 6.80200000 193.29000 43.63000 10.11000 40.82000
 5 5 20 05 11 8320.00000 6.80200000 193.29000 43.65000 10.11000 40.82000
 5 5 20 05 12 8306.00000 6.80200000 193.28000 43.65000 10.11000 40.87800
 5 5 20 05 12 8305.30000 6.80200000 192.94000 43.65000 10.10700 40.87800
 5 5 20 05 13 8308.10000 6.80200000 192.94000 43.65000 10.10700 40.85100
 5 5 20 05 13 8297.50000 6.80200000 192.56000 43.65000 10.10700 40.85100
 5 5 20 05 14 8291.20000 6.80200000 192.71000 43.65000 10.10600 40.85100
 5 5 20 05 14 8305.80000 6.81900000 192.64000 43.65000 10.10600 40.85100
 5 5 20 05 15 8312.50000 6.80200000 193.11000 43.65000 10.10600 40.85100
 5 5 20 05 15 8316.40000 6.81900000 193.11000 43.65000 10.12300 40.85100
 5 5 20 05 16 8316.30000 6.81100000 193.19000 43.65000 10.10700 40.85100
 5 5 20 05 16 8311.80000 6.82800000 193.24000 43.65000 10.10600 40.85100
 5 5 20 05 17 8310.00000 6.82800000 192.89000 43.65000 10.12300 40.85100
 5 5 20 05 17 8310.00000 6.82800000 192.88000 43.65000 10.12300 40.85100
 5 5 20 05 18 8307.50000 6.82800000 192.71000 43.65000 10.12300 40.85100
 5 5 20 05 18 8306.00000 6.82800000 192.71000 43.65000 10.12400 40.85100
 5 5 20 05 19 8303.20000 6.82800000 192.76000 43.65000 10.12400 40.85100
 5 5 20 05 19 8302.70000 6.82800000 192.65000 43.65000 10.12400 40.85100
 5 5 20 05 20 8295.40000 6.82800000 192.64000 43.65000 10.12400 40.82100
 5 5 20 05 20 8295.40000 6.82800000 192.55000 43.65000 10.12400 40.85100
 5 5 20 05 21 8303.30000 6.82800000 192.60000 43.65000 10.12400 40.83000
 5 5 20 05 21 8303.30000 6.82800000 192.60000 43.65000 10.12200 40.83000
 5 5 20 05 22 8305.00000 6.80700000 192.68000 43.65000 10.12200 40.83000
 5 5 20 05 22 8309.50000 6.80700000 192.68000 43.62000 10.12200 40.83000
 5 5 20 05 23 8311.60000 6.80700000 192.80000 43.62000 10.12200 40.83000
 5 5 20 05 23 8314.00000 6.80700000 193.08000 43.62000 10.12200 40.83000
 5 5 20 05 24 8313.00000 6.80700000 192.99000 43.62000 10.12200 40.83000
 5 5 20 05 24 8314.00000 6.80700000 193.02000 43.62000 10.13900 40.83000
 5 5 20 05 25 8316.30000 6.80700000 193.02000 43.62000 10.13900 40.83000
 5 5 20 05 25 8316.30000 6.80700000 192.88000 43.62000 10.14200 40.83000
 5 5 20 05 26 8314.10000 6.77800000 192.88000 43.62000 10.14200 40.83000
 5 5 20 05 26 8314.10000 6.77800000 192.62000 43.62000 10.14200 40.83000
 5 5 20 05 27 8303.40000 6.77800000 192.30000 43.62000 10.14200 40.83000
 5 5 20 05 27 8280.70000 6.77800000 192.30000 43.55000 10.09300 40.83000
 5 5 20 05 28 8286.90000 6.77800000 192.32000 43.55000 10.09300 40.79000
 5 5 20 05 28 8285.00000 6.77800000 192.13000 43.54000 10.09300 40.81600
 5 5 20 05 29 8286.90000 6.77800000 192.34000 43.51000 10.09300 40.81600
 5 5 20 05 29 8283.00000 6.77800000 192.10000 43.51000 10.09300 40.79000
 5 5 20 05 30 8279.00000 6.77800000 191.89000 43.51000 10.10300 40.68500
 5 5 20 05 30 8281.80000 6.77800000 191.93000 43.51000 10.10300 40.68500
 5 5 20 05 31 8284.70000 6.77800000 191.88000 43.51000 10.10300 40.68500
 5 5 20 05 31 8289.80000 6.77800000 192.20000 43.54000 10.10300 40.68500
 5 5 20 05 32 8284.00000 6.77800000 191.85000 43.54000 10.10300 40.68500
 5 5 20 05 32 8282.00000 6.80700000 191.85000 43.54000 10.10300 40.68500
 5 5 20 05 33 8269.50000 6.77800000 191.84000 43.54000 10.09900 40.68500
 5 5 20 05 33 8273.60000 6.77800000 191.62000 43.54000 10.09900 40.68500
 5 5 20 05 34 8271.20000 6.77800000 191.55000 43.45000 10.09900 40.68500
 5 5 20 05 34 8280.00000 6.77800000 191.55000 43.45000 10.09900 40.68500
 5 5 20 05 35 8279.90000 6.77800000 191.82000 43.45000 10.09900 40.68500
 5 5 20 05 35 8282.00000 6.80700000 191.82000 43.45000 10.09900 40.68500
 5 5 20 05 36 8286.30000 6.77800000 191.92000 43.45000 10.11300 40.68500
 5 5 20 05 36 8286.30000 6.77800000 191.92000 43.45000 10.11300 40.68500
 5 5 20 05 37 8286.40000 6.77800000 191.94000 43.49000 10.11300 40.68500
 5 5 20 05 37 8287.30000 6.77800000 191.94000 43.49000 10.11300 40.68500
 5 5 20 05 38 8287.80000 6.77800000 191.94000 43.49000 10.11300 40.68500
 5 5 20 05 38 8287.00000 6.77800000 191.99000 43.48000 10.09900 40.68500
 5 5 20 05 39 8280.10000 6.77800000 191.99000 43.45000 10.11300 40.68500
 5 5 20 05 39 8284.40000 6.77800000 191.97000 43.48000 10.09900 40.68500
 5 5 20 05 40 8283.40000 6.77800000 191.74000 43.48000 10.10600 40.68500
 5 5 20 05 40 8280.00000 6.77800000 191.78000 43.48000 10.10600 40.68500
 5 5 20 05 41 8280.00000 6.77800000 191.88000 43.48000 10.10600 40.68500
 5 5 20 05 41 8280.00000 6.77800000 191.88000 43.48000 10.10600 40.68500
 5 5 20 05 42 8280.10000 6.77800000 191.85000 43.48000 10.10600 40.68500
 5 5 20 05 42 8280.10000 6.77800000 191.92000 43.48000 10.10000 40.68500
