M=[
29 6 21 03 20 28958.70000 37.37600000 1767.09000 116.67000 15.63600 98.51300
29 6 21 03 21 28974.80000 37.37600000 1767.09000 116.67000 15.63600 98.51300
29 6 21 03 21 28987.70000 37.37600000 1769.87000 116.67000 15.63600 98.74200
29 6 21 03 22 28987.70000 37.37600000 1769.87000 116.67000 15.63600 98.74200
29 6 21 03 22 28987.70000 37.37600000 1769.87000 116.67000 15.63600 98.74200
29 6 21 03 23 28971.40000 37.37600000 1768.98000 116.67000 15.63600 98.74200
29 6 21 03 23 28970.00000 37.37600000 1768.98000 116.60000 15.63600 98.74200
29 6 21 03 23 28970.00000 37.37600000 1768.98000 116.60000 15.63600 98.74200
29 6 21 03 24 28970.00000 37.37600000 1769.27000 116.66000 15.63600 98.74200
29 6 21 03 24 28970.00000 37.37600000 1769.80000 116.66000 15.63600 98.74200
29 6 21 03 25 28970.10000 37.37600000 1769.58000 116.63000 15.63600 98.74200
29 6 21 03 25 28970.00000 37.37600000 1769.58000 116.60000 15.63600 98.74200
29 6 21 03 26 28965.00000 37.41200000 1769.58000 116.60000 15.63600 98.74200
29 6 21 03 26 28923.90000 37.41200000 1769.58000 116.47000 15.63600 98.74200
29 6 21 03 26 28927.50000 37.41200000 1764.45000 116.47000 15.63600 98.74200
29 6 21 03 27 28920.30000 37.41200000 1764.45000 116.65000 15.63600 98.74200
29 6 21 03 27 28948.60000 37.41200000 1764.45000 116.65000 15.63600 98.74200
29 6 21 03 28 28961.30000 37.41200000 1767.02000 116.65000 15.63600 98.74200
29 6 21 03 28 28959.30000 37.41200000 1767.56000 116.65000 15.63600 98.74200
29 6 21 03 29 28959.30000 37.41200000 1767.56000 116.65000 15.63600 98.60000
29 6 21 03 29 28959.30000 37.41200000 1766.47000 116.65000 15.63600 98.60000
29 6 21 03 29 28958.90000 37.41200000 1765.63000 116.65000 15.63600 98.60000
29 6 21 03 30 28958.90000 37.41200000 1765.63000 116.65000 15.63600 98.60000
29 6 21 03 30 28958.90000 37.41200000 1765.63000 116.65000 15.63600 98.60000
29 6 21 03 31 28958.90000 37.41200000 1763.78000 116.65000 15.63600 98.60000
29 6 21 03 31 28958.80000 37.41200000 1763.09000 116.65000 15.63600 98.60000
29 6 21 03 32 28958.90000 37.41200000 1763.09000 116.65000 15.63600 98.60000
29 6 21 03 32 28958.90000 37.41200000 1762.23000 116.65000 15.63600 98.60000
29 6 21 03 32 28961.00000 37.41200000 1766.82000 116.65000 15.63600 98.60000
29 6 21 03 33 28987.70000 37.41200000 1768.33000 116.65000 15.63600 98.60000
29 6 21 03 33 29029.90000 37.41200000 1770.98000 116.65000 15.63600 98.60000
29 6 21 03 34 29053.20000 37.41200000 1773.48000 116.65000 15.63600 98.60000
29 6 21 03 34 29027.60000 37.41200000 1770.46000 116.94000 15.63600 98.60000
29 6 21 03 35 29030.30000 37.41200000 1770.07000 116.94000 15.63600 98.60000
29 6 21 03 35 29036.20000 37.41200000 1770.07000 116.75000 15.63600 98.60000
29 6 21 03 35 29023.60000 37.41200000 1770.07000 116.79000 15.63600 98.60000
29 6 21 03 36 28990.70000 37.41200000 1770.07000 116.79000 15.63600 98.60000
29 6 21 03 36 29006.40000 37.41200000 1770.07000 116.79000 15.63600 98.60000
29 6 21 03 37 29010.60000 37.41200000 1769.11000 116.79000 15.63600 98.60000
29 6 21 03 37 29008.40000 37.41200000 1768.56000 116.79000 15.63600 98.60000
29 6 21 03 38 29010.20000 37.41200000 1767.84000 116.79000 15.63600 98.60000
29 6 21 03 38 29018.30000 37.41200000 1767.84000 116.79000 15.63600 98.60000
29 6 21 03 38 29018.30000 37.41200000 1767.84000 116.79000 15.63600 98.60000
29 6 21 03 39 28992.90000 37.41200000 1767.84000 116.57000 15.63600 98.60000
29 6 21 03 39 28985.10000 37.41200000 1767.84000 116.57000 15.63600 98.60000
29 6 21 03 40 28976.70000 37.41200000 1765.84000 116.57000 15.63600 98.60000
29 6 21 03 40 28981.30000 37.41200000 1764.63000 116.57000 15.63600 98.60000
29 6 21 03 41 28958.90000 37.41200000 1764.51000 116.57000 15.63600 98.60000
29 6 21 03 41 28934.90000 37.48000000 1763.14000 116.57000 15.63600 98.60000
29 6 21 03 41 28929.90000 37.48000000 1763.14000 116.57000 15.63600 98.60000
29 6 21 03 42 28915.70000 37.48000000 1763.14000 116.57000 15.63600 98.60000
29 6 21 03 42 28915.70000 37.48000000 1760.11000 116.23000 15.63600 98.60000
29 6 21 03 43 28915.70000 37.48000000 1760.11000 116.23000 15.63600 98.60000
29 6 21 03 43 28915.70000 37.48000000 1761.88000 116.23000 15.63600 98.60000
29 6 21 03 44 28946.80000 37.48000000 1761.88000 116.23000 15.63600 98.60000
29 6 21 03 44 28937.00000 37.48000000 1761.87000 116.23000 15.63600 98.60000
29 6 21 03 44 28937.00000 37.48000000 1762.28000 116.23000 15.63600 98.60000
29 6 21 03 45 28958.80000 37.48000000 1764.49000 116.47000 15.63600 99.03200
29 6 21 03 45 28994.90000 37.48000000 1764.49000 116.47000 15.63600 99.03200
29 6 21 03 46 28994.40000 37.58000000 1766.03000 116.47000 15.63600 99.03200
29 6 21 03 46 28994.40000 37.58000000 1766.00000 116.47000 15.63600 99.03200
29 6 21 03 47 29000.00000 37.57600000 1764.93000 116.47000 15.63600 99.03200
29 6 21 03 47 28999.90000 37.57600000 1764.93000 116.47000 15.63600 99.03200
29 6 21 03 47 28999.90000 37.57600000 1762.44000 116.47000 15.63600 99.03200
29 6 21 03 48 28963.30000 37.44900000 1762.44000 116.47000 15.63600 99.03200
29 6 21 03 48 28963.30000 37.44900000 1762.16000 116.47000 15.63600 99.03200
29 6 21 03 49 28958.20000 37.44900000 1762.16000 116.47000 15.63600 99.03200
29 6 21 03 49 28963.70000 37.44900000 1762.16000 116.47000 15.63600 99.03200
29 6 21 03 50 28963.80000 37.44900000 1763.02000 116.47000 15.63600 99.03200
29 6 21 03 50 28991.40000 37.44900000 1763.94000 116.47000 15.63600 99.03200
29 6 21 03 50 28991.40000 37.44900000 1764.74000 116.47000 15.63600 99.03200
29 6 21 03 51 28991.30000 37.44900000 1764.74000 116.47000 15.63600 99.03200
29 6 21 03 51 28991.40000 37.44900000 1764.74000 116.47000 15.63600 99.03200
29 6 21 03 52 28992.50000 37.44900000 1764.74000 116.47000 15.63600 99.03200
29 6 21 03 52 28992.50000 37.44900000 1764.74000 116.47000 15.63600 99.03200
29 6 21 03 53 28992.50000 37.44900000 1764.74000 116.47000 15.63600 99.03200
29 6 21 03 53 28984.00000 37.44900000 1764.74000 116.47000 15.63600 99.03200
29 6 21 03 53 28983.10000 37.44900000 1764.88000 116.47000 15.63600 99.03200
29 6 21 03 54 28998.80000 37.44900000 1766.06000 116.47000 15.63600 99.03200
29 6 21 03 54 29004.60000 37.44900000 1766.06000 116.47000 15.63600 99.03200
29 6 21 03 55 28972.40000 37.44900000 1766.06000 116.47000 15.63600 99.03200
29 6 21 03 55 28976.90000 37.44900000 1766.06000 116.14000 15.63600 99.03200
29 6 21 03 56 28981.40000 37.44900000 1766.06000 116.14000 15.63600 99.03200
29 6 21 03 56 28977.30000 37.44900000 1766.06000 116.14000 15.63600 99.03200
29 6 21 03 56 28995.10000 37.44900000 1766.06000 116.14000 15.63600 99.03200
29 6 21 03 57 29018.90000 37.44900000 1766.06000 116.14000 15.63600 99.03200
29 6 21 03 57 29035.20000 37.44900000 1769.86000 116.14000 15.63600 99.03200
29 6 21 03 58 29008.30000 37.58000000 1769.86000 116.14000 15.63600 99.03200
29 6 21 03 58 29008.30000 37.57900000 1766.19000 116.25000 15.63600 99.03200
29 6 21 03 59 29008.30000 37.57900000 1766.19000 116.25000 15.63600 99.03200
29 6 21 03 59 29005.50000 37.57900000 1766.08000 116.25000 15.63600 99.03200
29 6 21 03 59 29005.50000 37.57900000 1766.08000 116.25000 15.63600 99.03200
29 6 21 04 00 28993.00000 37.57900000 1765.53000 116.25000 15.63600 99.03200
29 6 21 04 00 28991.60000 37.57900000 1765.53000 116.25000 15.63600 99.03200
29 6 21 04 01 28991.60000 37.57900000 1766.10000 116.25000 15.63600 99.03200
29 6 21 04 01 29064.50000 37.57900000 1770.42000 116.40000 15.63600 99.03200
29 6 21 04 02 29064.50000 37.57900000 1769.71000 116.40000 15.63600 98.81900
29 6 21 04 02 29064.50000 37.57900000 1770.55000 116.40000 15.63600 98.81900
29 6 21 04 02 29097.00000 37.57900000 1772.40000 116.40000 15.63600 98.81900
29 6 21 04 03 29097.10000 37.58000000 1772.94000 116.40000 15.63600 98.81900
29 6 21 04 03 29097.10000 37.58000000 1772.94000 116.40000 15.63600 98.81900
29 6 21 04 04 29097.10000 37.58000000 1772.28000 116.40000 15.63600 98.81900
29 6 21 04 04 29104.30000 37.58000000 1772.28000 116.40000 15.63600 99.37200
