M=[
18 7 21 00 16 26771.90000 35.27200000 1613.12000 102.00000 16.86900 79.06100
18 7 21 00 17 26771.90000 35.27200000 1614.62000 102.00000 16.86900 79.06100
18 7 21 00 17 26771.90000 35.27200000 1614.62000 101.91000 16.86900 79.06100
18 7 21 00 18 26777.20000 35.27200000 1614.62000 101.91000 16.86900 79.06100
18 7 21 00 18 26782.00000 35.27200000 1614.62000 101.91000 16.77200 79.06100
18 7 21 00 18 26782.00000 35.27200000 1614.62000 102.10000 16.77200 79.06100
18 7 21 00 19 26789.80000 35.27200000 1614.62000 102.10000 16.77200 79.06100
18 7 21 00 20 26803.90000 35.27200000 1617.10000 102.10000 16.77200 79.06100
18 7 21 00 20 26803.90000 35.27200000 1617.89000 102.21000 16.77200 79.06100
18 7 21 00 20 26803.80000 35.27200000 1618.21000 102.21000 16.77200 79.06100
18 7 21 00 21 26803.80000 35.27200000 1618.44000 102.21000 16.77200 79.06100
18 7 21 00 21 26816.50000 35.27200000 1620.00000 102.21000 16.77200 79.06100
18 7 21 00 22 26816.40000 35.27200000 1620.00000 102.21000 16.77200 79.06100
18 7 21 00 22 26795.40000 35.27200000 1618.02000 102.21000 16.77200 79.06100
18 7 21 00 23 26795.40000 35.27200000 1617.79000 102.13000 16.77200 79.06100
18 7 21 00 23 26795.40000 35.27200000 1617.79000 102.13000 16.77200 79.06100
18 7 21 00 23 26794.20000 35.27200000 1617.79000 102.13000 16.77200 79.06100
18 7 21 00 24 26795.90000 35.27200000 1617.79000 102.13000 16.77200 79.06100
18 7 21 00 24 26781.10000 35.27200000 1617.79000 102.13000 16.77200 79.06100
18 7 21 00 25 26791.70000 35.27200000 1617.34000 102.13000 16.77200 79.06100
18 7 21 00 25 26809.10000 35.27200000 1618.65000 102.13000 16.77200 79.06100
18 7 21 00 26 26809.20000 35.27200000 1618.65000 102.13000 16.77200 79.06100
18 7 21 00 26 26809.20000 35.27200000 1617.60000 102.13000 16.77200 79.06100
18 7 21 00 26 26804.50000 35.27200000 1617.60000 102.13000 16.77200 79.06100
18 7 21 00 27 26804.50000 35.27200000 1617.60000 102.13000 16.77200 79.06100
18 7 21 00 27 26804.50000 35.27200000 1617.60000 102.13000 16.77200 79.06100
18 7 21 00 28 26804.40000 35.27200000 1617.60000 102.03000 16.77200 79.06100
18 7 21 00 28 26792.80000 35.27200000 1617.60000 102.03000 16.77200 79.06100
18 7 21 00 29 26789.30000 35.27200000 1617.38000 102.03000 16.77200 79.06100
18 7 21 00 29 26792.90000 35.27200000 1617.38000 102.03000 16.77200 79.06100
18 7 21 00 29 26798.60000 35.27200000 1617.38000 102.03000 16.77200 79.06100
18 7 21 00 30 26809.30000 35.27200000 1618.75000 102.03000 16.77200 79.06100
18 7 21 00 30 26806.20000 35.27200000 1618.75000 102.07000 16.77200 79.06100
18 7 21 00 31 26825.40000 35.27200000 1622.29000 102.15000 16.77200 79.06100
18 7 21 00 31 26829.30000 35.27200000 1622.99000 102.27000 16.77200 79.06100
18 7 21 00 32 26846.80000 35.27200000 1625.16000 102.27000 16.77200 79.06100
18 7 21 00 32 26846.80000 35.27200000 1624.22000 102.27000 16.77200 79.06100
18 7 21 00 33 26847.50000 35.27200000 1624.18000 102.27000 16.77200 79.06100
18 7 21 00 33 26842.80000 35.27200000 1623.61000 102.28000 16.77200 79.06100
18 7 21 00 33 26837.70000 35.27200000 1623.67000 102.27000 16.77200 79.06100
18 7 21 00 34 26837.70000 35.27200000 1623.95000 102.27000 16.77200 79.06100
18 7 21 00 34 26832.40000 35.27200000 1623.95000 102.27000 16.77200 79.06100
18 7 21 00 35 26839.10000 35.27200000 1623.95000 102.27000 16.77200 79.06100
18 7 21 00 35 26857.10000 35.54100000 1627.61000 102.39000 16.77200 79.06100
18 7 21 00 36 26877.80000 35.64200000 1631.77000 102.52000 16.77200 79.06100
18 7 21 00 36 26878.00000 35.64200000 1632.39000 102.52000 16.77200 79.06100
18 7 21 00 36 26918.00000 35.64200000 1637.75000 102.65000 16.77200 79.06100
18 7 21 00 37 26913.70000 35.64200000 1638.50000 102.65000 16.77200 79.06100
18 7 21 00 37 26905.30000 35.64200000 1639.49000 102.65000 16.77200 79.06100
18 7 21 00 38 26921.30000 35.64200000 1639.87000 102.79000 16.77200 79.06100
18 7 21 00 38 26915.60000 35.64200000 1639.99000 102.79000 16.77200 79.06100
18 7 21 00 39 26915.60000 35.64200000 1638.32000 102.92000 16.77200 79.06100
18 7 21 00 39 26922.50000 35.64200000 1644.89000 103.14000 16.77200 79.06100
18 7 21 00 39 26986.30000 35.64200000 1645.99000 103.47000 16.77200 79.06100
18 7 21 00 40 26989.80000 35.64200000 1646.44000 103.50000 16.77200 80.45900
18 7 21 00 40 26990.00000 35.64200000 1645.28000 103.50000 16.77200 80.45900
18 7 21 00 41 26978.60000 35.64200000 1645.28000 103.50000 16.77200 80.45900
18 7 21 00 41 26974.40000 35.64200000 1646.18000 103.50000 16.78600 80.45900
18 7 21 00 42 26977.90000 35.64200000 1647.20000 103.50000 16.78600 80.45900
18 7 21 00 42 26977.70000 35.64200000 1647.11000 103.50000 16.78600 80.45900
18 7 21 00 42 26968.00000 35.64200000 1643.22000 103.50000 16.78600 80.45900
18 7 21 00 43 26968.00000 35.64200000 1644.21000 103.50000 16.78600 80.45900
18 7 21 00 43 26949.20000 35.64200000 1644.21000 103.50000 16.78600 80.45900
18 7 21 00 44 26949.20000 35.64200000 1644.00000 103.28000 16.78600 80.45900
18 7 21 00 44 26946.50000 35.64200000 1644.00000 103.28000 16.78600 80.45900
18 7 21 00 45 26955.80000 35.64200000 1644.91000 103.28000 16.78600 80.45900
18 7 21 00 45 26970.80000 35.64200000 1647.89000 103.40000 16.78600 80.45900
18 7 21 00 45 26999.90000 35.64200000 1649.08000 103.40000 16.78600 80.45900
18 7 21 00 46 27000.00000 35.92200000 1649.99000 103.57000 16.78600 80.45900
18 7 21 00 46 26989.40000 35.92200000 1649.99000 103.57000 16.78600 80.45900
18 7 21 00 47 26990.10000 35.92200000 1649.99000 103.47000 16.78600 80.45900
18 7 21 00 47 26990.10000 35.92200000 1649.99000 103.39000 16.78600 80.45900
18 7 21 00 48 26991.70000 35.92200000 1648.54000 103.39000 16.78600 80.45900
18 7 21 00 48 26991.70000 35.92200000 1648.42000 103.39000 16.78600 80.45900
18 7 21 00 49 26991.70000 35.92200000 1648.76000 103.39000 16.78600 80.45900
18 7 21 00 49 26997.30000 35.92200000 1648.28000 103.39000 16.78600 80.45900
18 7 21 00 49 26997.30000 37.69000000 1648.77000 103.39000 16.78600 80.45900
18 7 21 00 50 27000.00000 36.04000000 1648.77000 103.49000 16.78600 80.45900
18 7 21 00 50 26998.20000 36.04000000 1648.71000 103.49000 16.78600 80.45900
18 7 21 00 51 26998.20000 36.03900000 1649.01000 103.53000 16.78600 80.45900
18 7 21 00 51 26998.20000 36.00800000 1649.01000 103.53000 16.78600 80.45900
18 7 21 00 52 27001.70000 36.00300000 1649.74000 103.53000 16.78600 80.45900
18 7 21 00 52 27001.70000 36.00300000 1650.28000 103.53000 16.78600 80.45900
18 7 21 00 52 27001.70000 35.99100000 1651.45000 103.53000 16.78600 80.45900
18 7 21 00 53 27001.60000 35.99100000 1653.00000 103.62000 16.78600 80.45900
18 7 21 00 53 27012.10000 35.99100000 1655.89000 103.62000 16.78600 80.45900
18 7 21 00 54 27018.90000 36.11900000 1660.24000 103.70000 16.75400 80.83900
18 7 21 00 54 27047.00000 36.19500000 1658.74000 103.69000 16.75400 80.83900
18 7 21 00 55 27051.10000 36.19500000 1658.74000 103.69000 16.75400 81.00000
18 7 21 00 55 27181.00000 36.36400000 1673.41000 104.07000 16.75400 81.41000
18 7 21 00 55 27196.90000 36.36400000 1679.17000 104.22000 16.77800 81.42200
18 7 21 00 56 27131.60000 36.37100000 1673.29000 104.03000 16.77800 81.23000
18 7 21 00 56 27133.70000 36.36400000 1671.91000 103.88000 16.77800 81.23000
18 7 21 00 57 27150.30000 36.36400000 1672.40000 103.88000 16.77800 81.23000
18 7 21 00 57 27133.30000 36.36400000 1668.77000 103.86000 16.77800 81.23000
18 7 21 00 58 27123.30000 36.31700000 1667.00000 103.85000 16.77800 81.23000
18 7 21 00 58 27116.10000 36.29300000 1667.18000 103.85000 16.77800 81.23000
18 7 21 00 58 27116.10000 36.27900000 1667.08000 103.85000 16.77800 81.23000
18 7 21 00 59 27116.10000 36.27900000 1669.50000 103.88000 16.77500 81.23000
18 7 21 00 59 27116.20000 36.27900000 1669.60000 103.86000 16.77500 81.23000
18 7 21 01 00 27120.40000 36.27900000 1676.90000 104.08000 16.77500 81.23000
18 7 21 01 00 27147.90000 36.50400000 1678.93000 104.25000 16.77500 81.46000
18 7 21 01 01 27149.90000 36.50400000 1677.22000 104.25000 16.77500 81.53300
