M=[
22 6 20 17 43 8525.60000 5.66000000 217.24000 39.43000 15.77000 47.28200
22 6 20 17 43 8527.10000 5.66000000 217.21000 39.43000 15.77000 47.28200
22 6 20 17 44 8525.60000 5.66000000 217.21000 39.43000 15.77000 47.28200
22 6 20 17 44 8527.10000 5.66000000 217.20000 39.43000 15.77000 47.28200
22 6 20 17 45 8529.10000 5.66000000 217.21000 39.43000 15.77000 47.28200
22 6 20 17 45 8529.00000 5.67200000 217.20000 39.43000 15.76700 47.30200
22 6 20 17 46 8529.90000 5.67300000 217.15000 39.44000 15.76700 47.31900
22 6 20 17 46 8530.00000 5.67300000 217.15000 39.44000 15.76700 47.31900
22 6 20 17 47 8528.30000 5.67300000 217.16000 39.44000 15.76700 47.30200
22 6 20 17 47 8529.30000 5.67300000 217.18000 39.44000 15.76700 47.38000
22 6 20 17 47 8529.40000 5.67300000 217.24000 39.44000 15.76700 47.38000
22 6 20 17 48 8529.50000 5.67300000 217.24000 39.44000 15.76700 47.41100
22 6 20 17 49 8529.50000 5.67300000 217.24000 39.44000 15.76700 47.39900
22 6 20 17 49 8529.50000 5.67300000 217.25000 39.47000 15.76700 47.39900
22 6 20 17 49 8529.50000 5.67300000 217.25000 39.47000 15.76700 47.39900
22 6 20 17 50 8529.50000 5.67300000 217.38000 39.48000 15.71400 47.39900
22 6 20 17 50 8537.50000 5.67300000 217.38000 39.48000 15.71400 47.39900
22 6 20 17 51 8533.50000 5.67300000 217.35000 39.47000 15.71400 47.39900
22 6 20 17 51 8536.90000 5.67300000 217.36000 39.47000 15.71400 47.39900
22 6 20 17 52 8538.20000 5.67300000 217.35000 39.47000 15.71400 47.39900
22 6 20 17 52 8538.30000 5.67300000 217.49000 39.47000 15.76700 47.39900
22 6 20 17 53 8540.00000 5.67300000 217.50000 39.47000 15.76700 47.39900
22 6 20 17 53 8538.10000 5.67300000 217.43000 39.47000 15.71400 47.39900
22 6 20 17 54 8535.10000 5.67300000 217.49000 39.47000 15.71400 47.39900
22 6 20 17 54 8534.40000 5.67300000 217.49000 39.47000 15.71400 47.39900
22 6 20 17 55 8534.50000 5.67300000 217.49000 39.47000 15.71400 47.39900
22 6 20 17 55 8535.00000 5.67300000 217.50000 39.47000 15.71400 47.39900
22 6 20 17 56 8535.10000 5.67300000 217.50000 39.47000 15.71400 47.39900
22 6 20 17 56 8535.00000 5.67300000 217.50000 39.43000 15.71400 47.39900
22 6 20 17 56 8527.60000 5.67300000 217.46000 39.43000 15.74100 47.39900
22 6 20 17 57 8527.90000 5.67300000 217.44000 39.43000 15.74100 47.39900
22 6 20 17 57 8525.90000 5.67300000 217.41000 39.43000 15.74100 47.39900
22 6 20 17 58 8530.00000 5.67300000 217.42000 39.43000 15.74100 47.39900
22 6 20 17 58 8531.50000 5.67300000 217.48000 39.45000 15.74100 47.39900
22 6 20 17 59 8531.50000 5.67300000 217.49000 39.45000 15.82900 47.39900
22 6 20 17 59 8530.60000 5.67300000 217.49000 39.45000 15.82900 47.39900
22 6 20 18 00 8529.30000 5.67300000 217.49000 39.45000 15.82900 47.39900
22 6 20 18 00 8528.00000 5.67300000 217.49000 39.45000 15.82900 47.39900
22 6 20 18 01 8533.20000 5.67300000 217.50000 39.45000 15.82900 47.39900
22 6 20 18 01 8535.40000 5.67300000 217.50000 39.45000 15.82900 47.39900
22 6 20 18 02 8537.90000 5.67300000 217.50000 39.47000 15.82900 47.39900
22 6 20 18 02 8531.90000 5.67300000 217.50000 39.47000 15.72300 47.39900
22 6 20 18 03 8527.10000 5.67300000 217.50000 39.47000 15.72300 47.39900
22 6 20 18 03 8523.50000 5.67300000 217.40000 39.47000 15.72300 47.39900
22 6 20 18 04 8521.80000 5.67300000 217.40000 39.47000 15.72300 47.39900
22 6 20 18 04 8523.40000 5.67300000 217.39000 39.47000 15.72300 47.39900
22 6 20 18 05 8518.70000 5.67300000 217.39000 39.47000 15.72300 47.39900
22 6 20 18 05 8517.50000 5.67300000 217.14000 39.47000 15.72300 47.39900
22 6 20 18 06 8519.80000 5.67300000 217.24000 39.47000 15.72300 47.39900
22 6 20 18 06 8518.70000 5.67300000 217.20000 39.45000 15.72300 47.39900
22 6 20 18 06 8518.90000 5.67600000 217.20000 39.45000 15.72300 47.39900
22 6 20 18 07 8519.20000 5.67600000 217.33000 39.45000 15.72300 47.39900
22 6 20 18 07 8518.90000 5.67600000 217.32000 39.45000 15.72300 47.39900
22 6 20 18 08 8518.20000 5.67600000 217.32000 39.45000 15.72300 47.39900
22 6 20 18 08 8518.30000 5.67600000 217.39000 39.45000 15.72300 47.39900
22 6 20 18 09 8519.90000 5.67600000 217.39000 39.45000 15.72300 47.39900
22 6 20 18 09 8519.90000 5.67600000 217.39000 39.45000 15.72300 47.39900
22 6 20 18 10 8523.60000 5.67600000 217.48000 39.45000 15.72300 47.39900
22 6 20 18 10 8523.40000 5.67600000 217.40000 39.45000 15.72300 47.39900
22 6 20 18 10 8523.70000 5.67600000 217.40000 39.45000 15.72300 47.39900
22 6 20 18 11 8523.80000 5.67600000 217.38000 39.45000 15.72300 47.39900
22 6 20 18 11 8521.60000 5.67600000 217.39000 39.45000 15.82900 47.39900
22 6 20 18 12 8520.00000 5.67600000 217.39000 39.45000 15.72300 47.39900
22 6 20 18 12 8517.70000 5.67500000 217.17000 39.45000 15.72300 47.39900
22 6 20 18 13 8515.70000 5.67500000 217.23000 39.45000 15.72300 47.39900
22 6 20 18 13 8512.70000 5.67500000 217.22000 39.45000 15.72300 47.39900
22 6 20 18 14 8513.10000 5.67500000 217.22000 39.45000 15.72300 47.39900
22 6 20 18 14 8513.20000 5.67500000 217.14000 39.45000 15.72300 47.39900
22 6 20 18 15 8513.00000 5.67500000 217.06000 39.45000 15.81200 47.39900
22 6 20 18 15 8513.10000 5.67500000 217.06000 39.45000 15.81200 47.39900
22 6 20 18 16 8513.10000 5.67500000 217.01000 39.44000 15.81200 47.39900
22 6 20 18 16 8513.10000 5.67500000 217.00000 39.46000 15.81200 47.39900
22 6 20 18 17 8513.10000 5.67500000 217.03000 39.46000 15.81200 47.39900
22 6 20 18 17 8518.70000 5.67600000 217.07000 39.46000 15.81200 47.39900
22 6 20 18 17 8520.60000 5.67600000 217.08000 39.46000 15.81200 47.39900
22 6 20 18 18 8518.00000 5.67500000 217.08000 39.46000 15.81200 47.31300
22 6 20 18 18 8518.00000 5.67500000 217.03000 39.46000 15.81200 47.31300
22 6 20 18 19 8518.10000 5.67500000 217.21000 39.46000 15.81200 47.39900
22 6 20 18 19 8518.20000 5.67500000 217.21000 39.46000 15.81200 47.31300
22 6 20 18 20 8519.90000 5.67500000 217.21000 39.46000 15.88300 47.31300
22 6 20 18 20 8518.50000 5.67500000 217.03000 39.46000 15.88300 47.31300
22 6 20 18 21 8519.00000 5.67500000 217.21000 39.46000 15.88300 47.31300
22 6 20 18 21 8519.60000 5.67500000 217.15000 39.46000 15.88300 47.31300
22 6 20 18 22 8518.30000 5.67500000 217.08000 39.46000 15.88300 47.31300
22 6 20 18 22 8517.00000 5.67500000 217.10000 39.46000 15.88300 47.31300
22 6 20 18 23 8513.50000 5.67500000 216.97000 39.45000 15.88300 47.31300
22 6 20 18 23 8513.00000 5.67500000 217.06000 39.45000 15.88300 47.31300
22 6 20 18 23 8514.20000 5.67500000 217.09000 39.45000 15.88300 47.31300
22 6 20 18 24 8513.70000 5.67500000 217.08000 39.45000 15.88300 47.39900
22 6 20 18 24 8513.70000 5.67500000 217.00000 39.45000 15.88300 47.31300
22 6 20 18 25 8512.90000 5.67500000 217.00000 39.44000 15.88300 47.31300
22 6 20 18 25 8512.50000 5.67500000 217.00000 39.45000 15.88300 47.31300
22 6 20 18 26 8512.60000 5.67500000 217.08000 39.45000 15.88300 47.31300
22 6 20 18 26 8512.90000 5.67500000 217.02000 39.45000 15.88300 47.31300
22 6 20 18 27 8512.90000 5.67500000 217.11000 39.44000 15.88300 47.39400
22 6 20 18 27 8513.00000 5.67500000 217.14000 39.45000 15.88300 47.39400
22 6 20 18 27 8513.00000 5.67500000 217.14000 39.45000 15.88300 47.42600
22 6 20 18 28 8515.40000 5.67500000 217.15000 39.45000 15.88300 47.42600
22 6 20 18 28 8511.60000 5.67500000 217.18000 39.46000 15.88300 47.42600
22 6 20 18 29 8516.50000 5.67500000 217.19000 39.46000 15.88300 47.42000
22 6 20 18 29 8514.90000 5.67500000 217.05000 39.46000 15.88300 47.42000
22 6 20 18 30 8515.30000 5.67600000 217.16000 39.46000 15.88300 47.42000
22 6 20 18 30 8517.70000 5.67500000 217.26000 39.46000 15.88300 47.43100
22 6 20 18 31 8514.20000 5.67500000 217.15000 39.46000 15.88300 47.43100
22 6 20 18 31 8517.90000 5.67500000 217.18000 39.46000 15.88300 47.43500
22 6 20 18 32 8525.00000 5.67500000 217.38000 39.46000 15.88300 47.47000
22 6 20 18 32 8524.90000 5.67500000 217.37000 39.46000 15.88300 47.47000
22 6 20 18 33 8525.00000 5.67500000 217.30000 39.46000 15.88300 47.46000
22 6 20 18 33 8523.50000 5.67500000 217.32000 39.46000 15.88300 47.46000
