M=[
 9 7 21 14 43 28220.60000 42.50900000 1816.10000 112.91000 16.93800 94.39000
 9 7 21 14 43 28220.60000 42.50900000 1816.10000 112.91000 16.93800 94.39000
 9 7 21 14 44 28220.60000 42.50900000 1817.52000 112.91000 16.93800 94.39000
 9 7 21 14 44 28220.60000 42.50900000 1817.90000 112.91000 16.93800 94.39000
 9 7 21 14 45 28220.50000 42.52800000 1818.58000 112.85000 16.93800 94.39000
 9 7 21 14 45 28220.60000 42.52800000 1816.03000 112.85000 16.93800 94.39000
 9 7 21 14 45 28220.60000 42.51000000 1816.20000 112.83000 16.93800 94.39000
 9 7 21 14 46 28200.10000 42.49600000 1815.60000 112.83000 16.93800 94.39000
 9 7 21 14 46 28200.20000 42.49600000 1816.23000 112.77000 16.93800 94.39000
 9 7 21 14 47 28214.00000 42.59200000 1822.78000 112.97000 16.93900 94.39000
 9 7 21 14 47 28252.60000 42.71600000 1828.41000 113.12000 16.93900 94.54700
 9 7 21 14 48 28230.80000 42.73000000 1829.42000 113.06000 16.93900 94.54700
 9 7 21 14 48 28242.90000 42.80000000 1828.82000 113.08000 16.93900 94.54700
 9 7 21 14 48 28240.30000 42.78900000 1830.00000 113.08000 16.93900 94.57100
 9 7 21 14 49 28240.30000 42.78900000 1832.74000 113.08000 16.93900 94.57100
 9 7 21 14 49 28240.30000 42.73000000 1830.35000 113.20000 16.93900 94.57100
 9 7 21 14 50 28240.20000 42.70600000 1831.00000 113.21000 16.93900 94.53500
 9 7 21 14 50 28240.20000 42.72300000 1831.97000 113.21000 16.93900 94.53500
 9 7 21 14 51 28240.20000 42.68100000 1836.46000 113.41000 16.93900 94.69400
 9 7 21 14 51 28240.30000 42.81900000 1839.85000 113.60000 16.93900 94.69400
 9 7 21 14 51 28282.30000 42.84500000 1838.97000 113.60000 16.93900 94.69400
 9 7 21 14 52 28268.60000 42.89800000 1839.48000 113.53000 16.93900 94.69400
 9 7 21 14 52 28265.40000 42.91000000 1838.98000 113.56000 16.93900 94.69400
 9 7 21 14 53 28266.90000 43.03900000 1838.11000 113.59000 16.93900 94.69400
 9 7 21 14 53 28275.70000 43.04700000 1837.77000 113.59000 16.93900 94.69400
 9 7 21 14 54 28275.60000 43.19200000 1839.72000 113.67000 16.93800 94.69400
 9 7 21 14 54 28275.70000 43.27800000 1839.73000 113.67000 16.93800 94.69400
 9 7 21 14 54 28275.70000 43.32300000 1837.00000 113.67000 16.93800 94.69400
 9 7 21 14 55 28303.60000 43.28200000 1837.25000 113.54000 16.93800 94.69400
 9 7 21 14 55 28311.60000 43.29900000 1838.66000 113.62000 16.93800 94.69400
 9 7 21 14 56 28334.70000 43.43700000 1841.68000 113.79000 16.93800 94.69400
 9 7 21 14 56 28335.10000 43.43700000 1842.22000 113.79000 16.93800 94.69400
 9 7 21 14 57 28292.80000 43.28500000 1839.74000 113.79000 16.93800 94.69400
 9 7 21 14 57 28302.60000 43.21000000 1841.95000 113.79000 16.93800 94.69400
 9 7 21 14 58 28276.00000 43.21000000 1841.56000 113.79000 16.93800 94.69400
 9 7 21 14 58 28283.90000 43.22200000 1841.67000 113.68000 16.93800 94.85500
 9 7 21 14 58 28278.70000 43.19700000 1841.29000 113.68000 16.93800 94.85500
 9 7 21 14 59 28279.60000 43.22200000 1840.44000 113.68000 16.93800 94.85500
 9 7 21 14 59 28265.50000 43.22200000 1840.08000 113.66000 16.93800 94.85500
 9 7 21 15 00 28272.90000 43.21500000 1840.23000 113.61000 16.93800 94.66600
 9 7 21 15 00 28271.60000 43.20200000 1839.82000 113.65000 16.93800 94.65000
 9 7 21 15 01 28253.40000 43.02700000 1835.23000 113.65000 16.93800 94.65000
 9 7 21 15 01 28253.40000 42.94500000 1834.51000 113.54000 16.93800 94.65000
 9 7 21 15 01 28253.30000 43.03200000 1834.51000 113.54000 16.93800 94.65000
 9 7 21 15 02 28253.40000 42.97300000 1834.51000 113.54000 16.93800 94.65000
 9 7 21 15 02 28253.40000 42.97300000 1832.97000 113.54000 16.93800 94.65000
 9 7 21 15 03 28253.20000 42.94400000 1832.86000 113.32000 16.93800 94.65000
 9 7 21 15 03 28253.40000 42.94400000 1833.08000 113.32000 16.93800 94.65000
 9 7 21 15 04 28253.40000 43.02400000 1834.02000 113.32000 16.93800 94.65000
 9 7 21 15 04 28262.50000 43.02400000 1834.42000 113.32000 16.93800 94.65000
 9 7 21 15 04 28266.20000 43.00100000 1834.62000 113.32000 16.93800 94.65000
 9 7 21 15 05 28259.10000 43.00100000 1834.38000 113.32000 16.93800 94.65000
 9 7 21 15 05 28266.10000 43.00100000 1833.66000 113.32000 16.93800 94.65000
 9 7 21 15 06 28283.70000 43.00100000 1837.28000 113.32000 16.93800 94.65000
 9 7 21 15 06 28299.90000 43.00100000 1838.00000 113.32000 16.93800 94.65000
 9 7 21 15 07 28291.20000 43.00100000 1834.73000 113.32000 16.93800 94.65000
 9 7 21 15 07 28295.00000 43.00600000 1835.24000 113.32000 16.93800 94.65000
 9 7 21 15 07 28295.00000 43.04100000 1836.88000 113.66000 16.93800 94.65000
 9 7 21 15 08 28291.70000 43.04100000 1836.15000 113.66000 16.93800 94.65000
 9 7 21 15 08 28300.00000 43.04100000 1836.04000 113.74000 16.93800 94.65000
 9 7 21 15 09 28295.60000 42.99800000 1837.15000 113.74000 16.93800 94.65000
 9 7 21 15 09 28312.00000 42.99800000 1837.93000 113.91000 16.93800 94.65000
 9 7 21 15 10 28339.90000 42.99800000 1841.33000 114.05000 16.93800 94.65000
 9 7 21 15 10 28324.80000 42.99800000 1837.82000 113.91000 16.93800 94.65000
 9 7 21 15 11 28324.80000 42.99800000 1837.49000 113.91000 16.93800 94.65000
 9 7 21 15 11 28329.80000 42.99800000 1836.74000 113.91000 16.93800 94.65000
 9 7 21 15 11 28319.80000 42.99800000 1836.34000 113.91000 16.93800 94.65000
 9 7 21 15 12 28319.70000 42.99800000 1837.00000 113.91000 16.93800 94.65000
 9 7 21 15 12 28319.80000 42.99800000 1834.44000 113.69000 16.93800 94.65000
 9 7 21 15 13 28319.80000 43.00800000 1836.37000 113.69000 16.93800 94.65000
 9 7 21 15 13 28319.80000 43.00800000 1836.33000 113.69000 16.93800 94.65000
 9 7 21 15 14 28319.80000 43.00800000 1836.33000 113.69000 16.93800 94.65000
 9 7 21 15 14 28319.70000 43.00800000 1835.24000 113.78000 16.93800 94.65000
 9 7 21 15 14 28319.80000 43.09300000 1836.75000 113.78000 16.93800 94.65000
 9 7 21 15 15 28343.30000 43.07400000 1837.10000 113.78000 16.93800 94.65000
 9 7 21 15 15 28319.20000 42.98500000 1836.09000 113.71000 16.93800 94.65000
 9 7 21 15 16 28319.00000 42.98500000 1834.02000 113.63000 16.93800 94.65000
 9 7 21 15 16 28305.90000 42.98500000 1834.02000 113.63000 16.93800 94.65000
 9 7 21 15 17 28319.00000 42.98500000 1834.02000 113.63000 16.93800 94.65000
 9 7 21 15 17 28319.10000 42.98500000 1832.29000 113.54000 16.93800 94.65000
 9 7 21 15 17 28319.10000 42.98500000 1832.38000 113.54000 16.93800 94.65000
 9 7 21 15 18 28319.10000 42.98500000 1833.38000 113.54000 16.93800 94.65000
 9 7 21 15 18 28319.10000 42.98500000 1833.90000 113.54000 16.93800 94.65000
 9 7 21 15 19 28319.10000 42.98500000 1833.45000 113.54000 16.93800 94.65000
 9 7 21 15 19 28319.10000 42.98500000 1831.96000 113.54000 16.93800 94.65000
 9 7 21 15 20 28319.10000 42.98500000 1832.30000 113.54000 16.93800 94.65000
 9 7 21 15 20 28319.10000 42.99700000 1833.12000 113.54000 16.93800 94.65000
 9 7 21 15 20 28320.00000 42.99700000 1833.12000 113.71000 16.93800 94.65000
 9 7 21 15 21 28320.00000 42.99700000 1833.12000 113.71000 16.93800 94.65000
 9 7 21 15 21 28319.90000 42.99700000 1833.12000 113.71000 16.93800 94.65000
 9 7 21 15 22 28319.10000 42.99700000 1832.20000 113.60000 16.93800 94.65000
 9 7 21 15 22 28319.90000 42.99700000 1832.44000 113.60000 16.93800 94.65000
 9 7 21 15 23 28320.00000 42.99700000 1832.47000 113.60000 16.93800 94.65000
 9 7 21 15 23 28320.00000 42.99700000 1831.78000 113.60000 16.93800 94.65000
 9 7 21 15 23 28320.00000 42.99700000 1830.80000 113.60000 16.93800 94.65000
 9 7 21 15 24 28314.50000 42.99700000 1831.71000 113.46000 16.93800 94.65000
 9 7 21 15 24 28316.80000 42.99700000 1830.85000 113.46000 16.93800 94.65000
 9 7 21 15 25 28316.70000 42.99700000 1829.55000 113.46000 16.93800 94.65000
 9 7 21 15 25 28316.80000 42.99700000 1829.19000 113.46000 16.93800 94.65000
 9 7 21 15 26 28316.70000 42.99700000 1828.60000 113.44000 16.93800 94.65000
 9 7 21 15 26 28316.80000 42.99700000 1829.29000 113.44000 16.93800 94.65000
 9 7 21 15 27 28325.70000 42.99700000 1829.29000 113.44000 16.93800 94.65000
 9 7 21 15 27 28324.50000 42.99700000 1831.72000 113.55000 16.93800 94.61200
