M=[
18 6 20 15 12 8411.70000 5.54900000 207.36000 39.08000 14.14400 46.78000
18 6 20 15 12 8411.70000 5.54900000 207.37000 39.08000 14.14400 46.78000
18 6 20 15 13 8410.00000 5.54900000 207.34000 39.08000 14.14400 46.78000
18 6 20 15 13 8407.90000 5.54900000 207.31000 39.13000 14.14400 46.78000
18 6 20 15 14 8406.00000 5.54900000 207.28000 39.08000 14.14400 46.78000
18 6 20 15 14 8411.30000 5.54900000 207.28000 39.08000 14.14400 46.78000
18 6 20 15 15 8410.40000 5.54900000 207.16000 39.08000 14.14400 46.78000
18 6 20 15 15 8412.30000 5.54900000 207.17000 39.08000 14.15900 46.78000
18 6 20 15 16 8413.10000 5.54900000 207.17000 39.08000 14.14400 46.78000
18 6 20 15 16 8413.10000 5.54900000 207.17000 39.08000 14.14400 46.78000
18 6 20 15 17 8411.90000 5.53500000 207.17000 39.08000 14.14400 46.78000
18 6 20 15 17 8411.70000 5.54900000 207.17000 39.08000 14.14400 46.78000
18 6 20 15 18 8411.80000 5.54900000 207.17000 39.08000 14.14400 46.78000
18 6 20 15 18 8411.70000 5.54900000 207.17000 39.08000 14.14400 46.78000
18 6 20 15 19 8410.90000 5.54900000 207.17000 39.08000 14.14400 46.78000
18 6 20 15 19 8411.50000 5.54900000 207.16000 39.08000 14.14400 46.78000
18 6 20 15 20 8411.30000 5.54900000 207.29000 39.06000 14.14400 46.78000
18 6 20 15 20 8411.30000 5.54900000 207.31000 39.06000 14.14400 46.78000
18 6 20 15 21 8411.20000 5.54900000 207.31000 39.06000 14.14400 46.78000
18 6 20 15 21 8411.30000 5.54900000 207.31000 39.07000 14.14400 46.78000
18 6 20 15 22 8409.10000 5.54900000 207.30000 39.07000 14.14400 46.78000
18 6 20 15 22 8408.90000 5.54900000 207.29000 39.07000 14.14400 46.78000
18 6 20 15 23 8407.10000 5.54900000 207.23000 39.06000 14.14400 46.78000
18 6 20 15 23 8407.00000 5.54900000 207.23000 39.05000 14.14400 46.78000
18 6 20 15 24 8407.40000 5.54900000 207.23000 39.05000 14.14400 46.78000
18 6 20 15 24 8407.40000 5.53800000 207.12000 39.05000 14.14400 46.78000
18 6 20 15 25 8406.10000 5.53800000 207.04000 39.05000 14.22700 46.78000
18 6 20 15 25 8407.30000 5.54900000 207.06000 39.05000 14.22700 46.78000
18 6 20 15 26 8407.40000 5.53800000 207.06000 39.05000 14.22700 46.78000
18 6 20 15 26 8407.40000 5.53800000 207.06000 39.05000 14.22700 46.78000
18 6 20 15 27 8407.30000 5.53800000 207.04000 39.01000 14.22700 46.78000
18 6 20 15 28 8407.40000 5.53800000 207.04000 39.01000 14.22700 46.78000
18 6 20 15 28 8407.40000 5.53800000 207.04000 39.03000 14.22700 46.78000
18 6 20 15 29 8407.30000 5.53800000 207.01000 39.03000 14.22700 46.78000
18 6 20 15 29 8407.40000 5.53800000 207.01000 39.02000 14.22700 46.78000
18 6 20 15 30 8407.30000 5.53800000 207.01000 39.02000 14.22700 46.78000
18 6 20 15 30 8407.50000 5.53800000 206.98000 39.03000 14.22700 46.78000
18 6 20 15 31 8408.00000 5.53800000 206.98000 39.03000 14.22700 46.78000
18 6 20 15 31 8408.00000 5.53800000 206.97000 39.03000 14.22700 46.78000
18 6 20 15 32 8407.40000 5.53800000 206.97000 39.03000 14.22700 46.78000
18 6 20 15 32 8407.50000 5.53800000 206.97000 39.03000 14.22700 46.78000
18 6 20 15 32 8407.50000 5.53800000 206.96000 39.03000 14.22700 46.78000
18 6 20 15 33 8409.10000 5.53800000 206.97000 39.03000 14.22700 46.78000
18 6 20 15 34 8408.80000 5.54900000 206.97000 39.03000 14.22700 46.78000
18 6 20 15 34 8408.90000 5.53800000 206.96000 39.03000 14.22700 46.78000
18 6 20 15 35 8408.90000 5.53800000 206.97000 39.03000 14.15500 46.78000
18 6 20 15 35 8408.90000 5.53800000 206.97000 39.03000 14.15500 46.78000
18 6 20 15 36 8408.80000 5.53800000 206.96000 39.03000 14.15500 46.78000
18 6 20 15 36 8407.50000 5.53800000 206.72000 39.00000 14.22700 46.78000
18 6 20 15 37 8407.50000 5.53800000 206.77000 39.00000 14.15500 46.78000
18 6 20 15 37 8407.50000 5.53800000 206.76000 39.00000 14.15500 46.78000
18 6 20 15 38 8407.50000 5.53800000 206.80000 39.02000 14.15500 46.78000
18 6 20 15 38 8407.50000 5.53800000 206.81000 39.02000 14.15500 46.78000
18 6 20 15 39 8407.50000 5.53800000 206.81000 39.02000 14.15500 46.78000
18 6 20 15 39 8407.50000 5.53800000 206.81000 39.02000 14.15500 46.78000
18 6 20 15 40 8407.50000 5.53800000 206.81000 39.02000 14.15500 46.78000
18 6 20 15 40 8407.40000 5.53800000 206.80000 39.02000 14.15500 46.78000
18 6 20 15 41 8407.80000 5.53800000 206.79000 39.02000 14.15500 46.78000
18 6 20 15 41 8407.70000 5.53800000 206.79000 39.02000 14.15500 46.78000
18 6 20 15 42 8405.60000 5.53800000 206.80000 39.02000 14.15500 46.78000
18 6 20 15 42 8405.60000 5.53800000 206.80000 39.02000 14.15500 46.78000
18 6 20 15 43 8406.30000 5.53800000 206.79000 39.02000 14.15500 46.78000
18 6 20 15 43 8404.90000 5.53800000 206.80000 39.02000 14.11600 46.78000
18 6 20 15 44 8405.40000 5.53800000 206.79000 39.02000 14.11600 46.78000
18 6 20 15 44 8405.20000 5.53800000 206.80000 39.02000 14.11600 46.78000
18 6 20 15 45 8406.60000 5.53800000 206.80000 39.02000 14.11600 46.78000
18 6 20 15 45 8409.40000 5.53800000 206.80000 39.02000 14.11600 46.78000
18 6 20 15 46 8408.20000 5.53800000 206.80000 39.02000 14.11600 46.78000
18 6 20 15 46 8408.10000 5.53800000 206.80000 39.02000 14.11600 46.78000
18 6 20 15 47 8409.90000 5.53300000 206.80000 39.02000 14.11600 46.71000
18 6 20 15 47 8409.90000 5.53300000 206.80000 39.02000 14.11600 46.71000
18 6 20 15 48 8409.80000 5.53300000 206.80000 39.02000 14.11600 46.71000
18 6 20 15 48 8409.80000 5.53300000 206.80000 39.02000 14.11600 46.71000
18 6 20 15 49 8409.90000 5.53300000 206.72000 39.02000 14.11600 46.71000
18 6 20 15 49 8408.90000 5.52100000 206.72000 39.01000 14.11600 46.71000
18 6 20 15 50 8408.90000 5.52100000 206.72000 39.01000 14.11600 46.71000
18 6 20 15 50 8405.30000 5.52100000 206.52000 39.01000 14.11600 46.71000
18 6 20 15 51 8400.10000 5.52100000 206.51000 38.96000 14.11600 46.71000
18 6 20 15 51 8401.60000 5.52100000 206.52000 38.96000 14.11600 46.71000
18 6 20 15 52 8396.90000 5.51400000 206.53000 38.96000 14.11600 46.71000
18 6 20 15 53 8395.30000 5.51400000 206.51000 38.96000 14.11600 46.71000
18 6 20 15 53 8392.00000 5.51400000 206.34000 38.96000 14.11600 46.71000
18 6 20 15 54 8396.00000 5.51400000 206.44000 38.96000 14.11600 46.71000
18 6 20 15 54 8391.50000 5.51400000 206.52000 38.96000 14.11600 46.71000
18 6 20 15 55 8386.50000 5.51400000 206.51000 38.94000 14.11600 46.71000
18 6 20 15 55 8386.70000 5.51400000 206.39000 38.92000 14.11600 46.65500
18 6 20 15 56 8386.60000 5.51700000 206.50000 38.92000 14.11600 46.65500
18 6 20 15 57 8382.00000 5.51700000 206.33000 38.92000 14.11600 46.65500
18 6 20 15 57 8380.10000 5.51700000 206.34000 38.92000 14.10500 46.65500
18 6 20 15 58 8380.10000 5.51700000 206.34000 38.90000 14.10500 46.65500
18 6 20 15 58 8380.00000 5.51700000 206.46000 38.90000 14.10500 46.65500
18 6 20 15 59 8380.90000 5.51700000 206.46000 38.93000 14.10500 46.61000
18 6 20 15 59 8380.60000 5.51700000 206.46000 38.93000 14.11600 46.61000
18 6 20 16 00 8380.60000 5.51700000 206.16000 38.93000 14.10500 46.61000
18 6 20 16 00 8380.90000 5.51700000 206.26000 38.93000 14.10500 46.61000
18 6 20 16 01 8383.40000 5.51700000 206.50000 38.91000 14.10500 46.61000
18 6 20 16 02 8381.00000 5.51700000 206.49000 38.93000 14.10500 46.61000
18 6 20 16 02 8383.70000 5.51700000 206.49000 38.91000 14.10500 46.61000
18 6 20 16 03 8388.40000 5.51700000 206.49000 38.93000 14.10500 46.61000
18 6 20 16 03 8383.50000 5.51700000 206.49000 38.91000 14.10500 46.61000
18 6 20 16 04 8383.40000 5.51700000 206.37000 38.91000 14.10500 46.61000
18 6 20 16 04 8382.50000 5.51700000 206.38000 38.91000 14.10500 46.61000
18 6 20 16 05 8386.80000 5.51700000 206.39000 38.91000 14.10500 46.61000
18 6 20 16 06 8386.70000 5.51700000 206.39000 38.91000 14.10500 46.61000
18 6 20 16 06 8383.20000 5.51700000 206.47000 38.91000 14.10500 46.61000
18 6 20 16 07 8383.60000 5.51700000 206.46000 38.91000 14.11600 46.61000
18 6 20 16 07 8383.00000 5.51700000 206.47000 38.91000 14.10500 46.61000
18 6 20 16 08 8383.00000 5.51700000 206.47000 38.91000 14.10500 46.61000
18 6 20 16 08 8386.40000 5.51700000 206.47000 38.91000 14.10500 46.61000
