M=[
23 5 21 00 49 31400.00000 50.77100000 1936.46000 143.45000 29.86900 120.98000
23 5 21 00 50 31400.00000 50.77100000 1935.31000 143.46000 29.86900 120.98000
23 5 21 00 50 31400.00000 51.19400000 1937.50000 143.47000 29.86900 120.98000
23 5 21 00 51 31400.00000 51.17400000 1937.62000 143.52000 29.86900 120.98000
23 5 21 00 51 31370.10000 51.17400000 1937.84000 143.37000 29.86900 121.10000
23 5 21 00 52 31392.70000 50.97900000 1941.05000 143.42000 29.86900 121.10000
23 5 21 00 52 31388.90000 50.97900000 1940.77000 143.49000 29.46300 121.02900
23 5 21 00 52 31374.20000 50.78400000 1935.28000 143.49000 29.46300 121.02900
23 5 21 00 53 31372.00000 50.78400000 1935.05000 143.49000 29.46300 121.02900
23 5 21 00 53 31381.30000 50.78400000 1937.00000 143.49000 29.46300 121.02900
23 5 21 00 54 31373.30000 50.78400000 1935.92000 143.49000 29.46300 121.02900
23 5 21 00 54 31367.70000 50.78400000 1935.92000 143.49000 29.46300 121.02900
23 5 21 00 55 31399.90000 50.78400000 1934.34000 143.28000 29.46300 121.02900
23 5 21 00 55 31408.10000 50.78400000 1936.55000 143.28000 29.46300 121.02900
23 5 21 00 55 31422.00000 50.78400000 1935.93000 143.28000 29.46300 121.02900
23 5 21 00 56 31408.90000 50.67000000 1939.26000 143.28000 29.46300 121.02900
23 5 21 00 56 31384.50000 50.67000000 1941.51000 143.74000 29.46300 121.02900
23 5 21 00 57 31402.90000 50.67000000 1940.79000 143.74000 29.46300 121.21800
23 5 21 00 57 31426.70000 50.75300000 1942.40000 143.74000 29.46300 121.21800
23 5 21 00 58 31411.40000 50.75300000 1940.48000 143.71000 29.46300 121.21800
23 5 21 00 58 31377.10000 50.75300000 1939.94000 143.71000 29.46300 121.21800
23 5 21 00 58 31416.50000 50.75300000 1940.27000 143.71000 29.46300 121.21800
23 5 21 00 59 31401.20000 50.75300000 1939.88000 143.71000 29.46300 121.21800
23 5 21 00 59 31407.80000 50.75300000 1940.97000 143.71000 29.46300 121.21800
23 5 21 01 00 31418.60000 51.00500000 1942.71000 143.71000 29.46300 121.21800
23 5 21 01 00 31364.40000 50.87200000 1937.19000 143.71000 29.46300 121.21800
23 5 21 01 01 31367.10000 50.87200000 1940.06000 143.71000 29.46300 121.21800
23 5 21 01 01 31384.50000 50.87200000 1939.19000 143.42000 29.46300 121.21800
23 5 21 01 01 31373.70000 50.66200000 1936.96000 143.42000 29.46300 121.21800
23 5 21 01 02 31382.30000 50.66200000 1938.09000 143.42000 29.46300 121.21800
23 5 21 01 02 31393.50000 50.66200000 1937.66000 143.56000 29.46300 121.21800
23 5 21 01 03 31374.40000 50.66200000 1938.78000 143.53000 29.46300 121.21800
23 5 21 01 03 31417.10000 50.53000000 1941.48000 143.53000 29.46300 121.21800
23 5 21 01 04 31398.50000 50.53000000 1941.48000 143.53000 29.46300 121.21800
23 5 21 01 04 31398.50000 50.53000000 1940.48000 143.53000 29.46300 121.21800
23 5 21 01 04 31397.40000 50.53000000 1940.48000 143.53000 29.46300 121.21800
23 5 21 01 05 31382.10000 50.53000000 1940.48000 143.53000 29.46300 121.21800
23 5 21 01 05 31409.90000 50.53000000 1943.83000 144.43000 29.46300 121.77300
23 5 21 01 06 31429.60000 50.97600000 1945.90000 144.81000 29.46300 121.99000
23 5 21 01 06 31414.80000 50.97600000 1945.12000 144.35000 29.46300 121.99000
23 5 21 01 07 31391.10000 50.88100000 1941.99000 144.35000 29.46300 121.99000
23 5 21 01 07 31391.10000 50.88100000 1941.99000 144.07000 29.46300 121.99000
23 5 21 01 07 31358.10000 50.88100000 1941.99000 143.82000 29.46300 121.99000
23 5 21 01 08 31354.70000 50.88100000 1941.63000 143.82000 29.46300 121.58500
23 5 21 01 08 31354.60000 50.88100000 1941.63000 143.82000 29.46300 121.58500
23 5 21 01 09 31354.40000 50.88100000 1940.75000 143.82000 29.46300 121.58500
23 5 21 01 09 31370.80000 50.75100000 1940.75000 143.82000 29.46300 121.58500
23 5 21 01 10 31370.80000 50.75100000 1941.85000 143.99000 29.46300 121.58500
23 5 21 01 10 31370.90000 50.75100000 1945.66000 143.99000 29.46300 121.58500
23 5 21 01 10 31357.00000 50.75100000 1942.80000 143.99000 29.46300 121.58500
23 5 21 01 11 31356.90000 50.75100000 1945.65000 143.99000 29.46300 121.58500
23 5 21 01 11 31370.80000 50.75100000 1947.79000 143.99000 29.46300 121.58500
23 5 21 01 12 31370.90000 50.75100000 1947.22000 143.99000 29.46300 121.58500
23 5 21 01 12 31370.90000 50.75100000 1947.97000 143.99000 29.46300 121.58500
23 5 21 01 13 31374.10000 50.75100000 1948.91000 143.99000 29.46300 121.58500
23 5 21 01 13 31376.20000 50.75100000 1950.00000 143.99000 29.46300 121.58500
23 5 21 01 13 31376.20000 50.75100000 1951.71000 143.99000 29.46300 121.58500
23 5 21 01 14 31378.40000 50.75100000 1954.47000 144.27000 29.46300 121.58500
23 5 21 01 14 31383.40000 50.75100000 1954.15000 144.27000 29.46300 121.58500
23 5 21 01 15 31383.40000 50.75100000 1954.26000 143.97000 29.46300 121.58500
23 5 21 01 15 31363.60000 50.75100000 1950.75000 143.97000 29.46300 121.58500
23 5 21 01 16 31366.20000 50.75100000 1950.42000 143.97000 29.46300 121.58500
23 5 21 01 16 31363.60000 50.75100000 1950.75000 143.97000 29.46300 121.58500
23 5 21 01 16 31367.70000 50.75100000 1952.08000 143.97000 29.46300 121.58500
23 5 21 01 17 31387.70000 50.68700000 1955.70000 144.15000 29.46300 121.58500
23 5 21 01 17 31387.70000 50.68700000 1956.99000 144.15000 29.46300 121.58500
23 5 21 01 18 31387.80000 50.68700000 1958.01000 144.15000 29.46300 121.58500
23 5 21 01 18 31398.70000 50.68700000 1958.01000 144.15000 29.46300 121.58500
23 5 21 01 19 31387.80000 50.68700000 1957.93000 144.15000 29.46300 121.58500
23 5 21 01 19 31372.90000 50.68700000 1953.56000 144.26000 29.46300 121.58500
23 5 21 01 19 31386.30000 50.68700000 1955.78000 144.26000 29.46300 121.58500
23 5 21 01 20 31387.80000 50.45300000 1955.21000 144.26000 29.46300 121.58500
23 5 21 01 20 31372.70000 50.45300000 1955.21000 144.26000 29.46300 121.58500
23 5 21 01 21 31374.30000 50.45300000 1955.21000 144.26000 29.46300 121.58500
23 5 21 01 21 31370.30000 50.45300000 1955.21000 144.26000 29.46300 121.58500
23 5 21 01 22 31357.00000 50.45300000 1955.21000 144.26000 29.46300 121.58500
23 5 21 01 22 31365.00000 50.45300000 1952.09000 144.26000 29.46300 121.58500
23 5 21 01 22 31351.50000 50.45300000 1952.09000 144.26000 29.46300 121.58500
23 5 21 01 23 31351.60000 50.45300000 1952.09000 144.10000 29.46300 121.58500
23 5 21 01 23 31327.10000 50.32400000 1948.36000 144.10000 29.46300 121.58500
23 5 21 01 24 31324.20000 50.32400000 1948.36000 144.10000 29.46300 121.58500
23 5 21 01 24 31331.90000 50.32400000 1946.26000 144.10000 29.46300 121.58500
23 5 21 01 25 31362.10000 50.32400000 1948.13000 144.10000 29.46300 121.58500
23 5 21 01 25 31343.80000 50.32400000 1945.57000 144.10000 29.46300 121.58500
23 5 21 01 25 31359.30000 50.32400000 1945.71000 144.10000 29.46300 121.58500
23 5 21 01 26 31342.40000 50.32400000 1941.82000 144.07000 29.46300 121.58500
23 5 21 01 26 31355.90000 50.32400000 1946.31000 144.07000 29.46300 121.58500
23 5 21 01 27 31355.50000 50.32400000 1946.26000 144.07000 29.46300 121.58500
23 5 21 01 27 31348.70000 50.32400000 1948.50000 144.58000 29.46300 121.58500
23 5 21 01 28 31348.70000 50.32400000 1947.90000 144.53000 29.46300 121.58500
23 5 21 01 28 31355.20000 50.32400000 1948.47000 144.53000 29.46300 121.58500
23 5 21 01 28 31348.70000 50.70200000 1948.47000 144.53000 29.46300 121.58500
23 5 21 01 29 31364.80000 50.70200000 1950.86000 144.53000 29.46300 121.58500
23 5 21 01 29 31337.40000 50.70200000 1952.86000 144.53000 29.46300 121.58500
23 5 21 01 30 31364.90000 50.70200000 1954.81000 144.63000 29.46300 121.58500
23 5 21 01 30 31364.90000 50.70200000 1955.94000 144.63000 29.46300 121.58500
23 5 21 01 31 31364.90000 50.70200000 1955.94000 144.63000 29.46300 121.58500
23 5 21 01 31 31347.80000 50.70200000 1955.94000 144.63000 29.46300 121.58500
23 5 21 01 31 31363.20000 50.70200000 1955.94000 144.63000 29.46300 121.58500
23 5 21 01 32 31355.10000 50.70200000 1950.49000 144.24000 29.46300 121.58500
23 5 21 01 32 31330.50000 50.70200000 1951.61000 144.24000 29.46300 121.58500
23 5 21 01 33 31319.00000 50.70200000 1947.96000 144.19000 29.46300 121.58500
