M=[
11 3 21 09 19 45880.40000 10.00300000 1462.50000 160.93000 27.54900 115.40800
11 3 21 09 19 45884.90000 10.00300000 1462.61000 161.00000 27.54900 115.40800
11 3 21 09 20 45920.90000 10.00300000 1464.18000 161.25000 27.54900 115.40800
11 3 21 09 20 45916.40000 10.00300000 1463.27000 161.13000 27.54900 115.40800
11 3 21 09 20 45893.70000 10.00300000 1462.81000 161.13000 27.54900 115.40800
11 3 21 09 21 45859.70000 10.00300000 1461.53000 161.18000 27.54900 115.48300
11 3 21 09 21 45864.10000 10.00300000 1460.73000 161.50000 27.54900 115.48300
11 3 21 09 22 45867.90000 9.99300000 1460.73000 161.52000 27.54900 115.48300
11 3 21 09 22 45867.80000 9.99300000 1460.51000 161.52000 27.54900 115.48300
11 3 21 09 23 45868.00000 9.99300000 1461.21000 161.52000 27.54900 115.48300
11 3 21 09 23 45868.00000 9.99300000 1460.81000 161.68000 27.54900 115.48300
11 3 21 09 23 45868.00000 9.99300000 1461.11000 161.69000 27.54900 115.48300
11 3 21 09 24 45867.90000 9.99300000 1460.53000 161.65000 27.54900 115.48300
11 3 21 09 24 45868.00000 9.99300000 1460.61000 161.76000 27.54900 115.48300
11 3 21 09 25 45868.00000 9.99300000 1460.68000 161.69000 27.54900 115.48300
11 3 21 09 25 45871.10000 9.99300000 1460.87000 161.69000 27.54900 115.48300
11 3 21 09 26 45871.50000 9.99300000 1460.99000 161.72000 27.54900 115.48300
11 3 21 09 26 45868.10000 9.99300000 1460.69000 161.72000 27.54900 115.31000
11 3 21 09 26 45874.50000 9.99300000 1461.54000 161.72000 27.54900 115.31000
11 3 21 09 27 45869.60000 10.02000000 1461.28000 161.72000 27.54900 115.31000
11 3 21 09 27 45868.10000 10.02000000 1460.84000 161.70000 27.54900 115.31000
11 3 21 09 28 45868.10000 10.02000000 1460.80000 161.54000 27.54900 115.31000
11 3 21 09 28 45868.40000 10.02000000 1461.34000 161.54000 27.54900 115.31000
11 3 21 09 29 45868.10000 10.02000000 1461.15000 161.54000 27.54900 115.31000
11 3 21 09 29 45827.80000 10.02000000 1459.60000 161.31000 27.54900 115.31000
11 3 21 09 29 45800.00000 10.02000000 1459.39000 161.31000 27.54900 115.31000
11 3 21 09 30 45790.30000 10.02000000 1458.18000 161.18000 27.54900 115.31000
11 3 21 09 30 45750.00000 10.02000000 1457.25000 161.18000 27.54900 115.31000
11 3 21 09 31 45731.50000 10.02000000 1457.19000 160.81000 27.54900 115.31000
11 3 21 09 31 45835.30000 10.02000000 1460.57000 161.32000 27.54900 115.02700
11 3 21 09 31 45873.00000 10.02000000 1462.07000 161.32000 27.54900 115.02700
11 3 21 09 32 45858.20000 10.02000000 1460.01000 161.32000 27.54900 115.02700
11 3 21 09 32 45881.00000 10.02000000 1461.80000 161.66000 27.54900 115.02700
11 3 21 09 33 45834.00000 10.02000000 1460.78000 161.66000 27.54900 115.02700
11 3 21 09 33 45834.00000 9.95300000 1460.78000 161.66000 27.54900 115.02700
11 3 21 09 34 45773.70000 9.95300000 1460.36000 161.66000 27.54900 115.02700
11 3 21 09 34 45785.70000 9.95300000 1460.21000 161.27000 27.54900 115.18900
11 3 21 09 34 45823.10000 9.95300000 1462.01000 161.52000 27.54900 115.05400
11 3 21 09 35 45831.90000 9.95300000 1462.36000 161.52000 27.54900 115.05400
11 3 21 09 35 45834.00000 9.95300000 1462.36000 161.52000 27.54900 115.05400
11 3 21 09 36 45861.70000 9.94100000 1462.99000 161.52000 27.54900 115.05400
11 3 21 09 36 45877.40000 9.98400000 1463.58000 161.52000 27.54900 115.05400
11 3 21 09 37 45900.00000 9.98500000 1462.71000 161.64000 27.54900 115.05400
11 3 21 09 37 45882.70000 9.98500000 1462.42000 161.64000 27.54900 115.05400
11 3 21 09 37 45876.00000 9.98500000 1462.86000 161.40000 27.54900 115.05400
11 3 21 09 38 45876.00000 9.98500000 1463.88000 161.46000 27.54900 115.05400
11 3 21 09 38 45876.10000 9.98500000 1463.95000 161.46000 27.54900 115.05400
11 3 21 09 39 45890.90000 9.98500000 1463.51000 161.40000 27.54900 115.05400
11 3 21 09 39 45883.70000 9.98500000 1462.57000 161.40000 27.50000 115.05400
11 3 21 09 40 45876.00000 9.98500000 1462.66000 161.40000 27.50000 115.10000
11 3 21 09 40 45861.70000 9.98500000 1462.55000 161.39000 27.50000 115.10000
11 3 21 09 40 45850.10000 9.98500000 1461.42000 161.17000 27.50000 114.82900
11 3 21 09 41 45835.00000 9.98500000 1461.10000 160.96000 27.50000 114.82900
11 3 21 09 41 45796.30000 9.98500000 1460.75000 160.96000 27.50000 114.82900
11 3 21 09 42 45764.90000 9.98500000 1460.00000 161.13000 27.50000 114.82900
11 3 21 09 42 45759.60000 9.98500000 1459.03000 160.95000 27.50000 114.73300
11 3 21 09 43 45769.90000 9.98500000 1458.44000 160.95000 27.50000 114.66500
11 3 21 09 43 45750.20000 9.98500000 1456.45000 160.86000 27.50000 114.59600
11 3 21 09 43 45725.80000 9.98500000 1456.36000 160.87000 27.50000 114.40900
11 3 21 09 44 45725.00000 9.98500000 1456.61000 160.86000 27.50000 114.16100
11 3 21 09 44 45746.90000 9.91300000 1456.60000 160.64000 27.50000 114.16100
11 3 21 09 45 45689.40000 9.90900000 1455.53000 160.20000 27.50000 114.10000
11 3 21 09 45 45641.10000 9.89400000 1453.91000 160.20000 27.50000 114.01000
11 3 21 09 46 45620.10000 9.89400000 1453.15000 160.20000 27.50000 113.59500
11 3 21 09 46 45656.10000 9.89400000 1454.25000 160.20000 27.50000 113.59500
11 3 21 09 46 45675.90000 9.89400000 1454.34000 160.38000 27.50000 113.59500
11 3 21 09 47 45752.60000 9.89400000 1458.01000 160.90000 27.50000 113.59500
11 3 21 09 47 45800.00000 9.89400000 1457.25000 160.90000 27.50000 113.59500
11 3 21 09 48 45800.00000 9.89400000 1458.88000 160.90000 27.50000 113.59500
11 3 21 09 48 45800.80000 9.89400000 1458.88000 160.90000 27.50000 113.59500
11 3 21 09 49 45823.50000 9.89400000 1461.53000 161.55000 27.50000 113.59500
11 3 21 09 49 45887.40000 9.95100000 1461.62000 161.55000 27.50000 113.59500
11 3 21 09 49 45865.80000 9.95100000 1461.22000 161.37000 27.50000 113.59500
11 3 21 09 50 45805.30000 9.95100000 1458.41000 160.94000 27.50000 113.59500
11 3 21 09 50 45791.00000 9.95100000 1458.38000 160.94000 27.50000 113.59500
11 3 21 09 51 45796.80000 9.95100000 1457.26000 160.92000 27.50000 113.59500
11 3 21 09 51 45765.00000 9.95100000 1457.69000 160.70000 27.50000 113.59500
11 3 21 09 52 45767.90000 9.95100000 1455.95000 160.55000 27.50000 113.59500
11 3 21 09 52 45761.60000 9.95100000 1457.44000 160.90000 27.50000 114.29800
11 3 21 09 52 45738.60000 9.95100000 1456.68000 161.02000 27.50000 114.29800
11 3 21 09 53 45729.00000 9.95100000 1455.14000 160.87000 27.50000 114.29800
11 3 21 09 53 45750.10000 9.95100000 1456.51000 160.87000 27.50000 114.29800
11 3 21 09 54 45704.20000 9.95100000 1455.48000 160.73000 27.50000 114.29800
11 3 21 09 54 45707.80000 9.95100000 1455.88000 160.62000 27.50000 114.29800
11 3 21 09 55 45719.10000 9.95100000 1455.62000 160.65000 27.50000 114.29800
11 3 21 09 55 45672.50000 9.95100000 1454.33000 160.65000 27.50000 114.29800
11 3 21 09 55 45659.50000 9.95100000 1454.11000 160.37000 27.50000 114.29800
11 3 21 09 56 45628.00000 9.95100000 1453.43000 160.33000 27.50000 114.29800
11 3 21 09 56 45611.00000 9.95100000 1452.07000 160.33000 27.50000 114.29800
11 3 21 09 57 45642.10000 9.95100000 1452.50000 160.22000 27.50000 114.29800
11 3 21 09 57 45649.90000 9.95100000 1454.31000 160.56000 27.50000 113.90600
11 3 21 09 58 45650.00000 9.95100000 1455.56000 160.81000 27.50000 113.90600
11 3 21 09 58 45721.00000 9.95100000 1455.50000 161.02000 27.50000 114.29800
11 3 21 09 58 45650.10000 9.95100000 1455.01000 160.79000 27.50000 114.29800
11 3 21 09 59 45599.70000 9.95100000 1452.03000 160.79000 27.50000 114.29800
11 3 21 09 59 45606.60000 9.95100000 1454.62000 160.79000 27.50000 114.29800
11 3 21 10 00 45650.00000 9.95100000 1453.68000 160.52000 27.50000 114.29800
11 3 21 10 00 45701.20000 9.95100000 1456.23000 160.58000 27.37800 114.29800
11 3 21 10 01 45703.40000 9.95100000 1456.91000 160.90000 27.37800 114.54000
11 3 21 10 01 45657.90000 9.95100000 1455.31000 160.90000 27.37800 114.54000
11 3 21 10 01 45605.00000 9.95100000 1452.74000 160.90000 27.37800 114.54000
11 3 21 10 02 45600.90000 9.95100000 1451.93000 160.54000 27.37800 114.90000
11 3 21 10 02 45637.00000 9.95100000 1453.13000 160.73000 27.37800 114.90000
