M=[
23 2 21 21 25 39699.70000 8.84900000 1270.88000 142.57000 25.68500 101.08300
23 2 21 21 26 39703.10000 8.84900000 1271.59000 142.77000 25.33100 101.08300
23 2 21 21 26 39712.60000 8.94100000 1273.67000 142.98000 25.84200 101.08300
23 2 21 21 26 39645.50000 8.94100000 1272.72000 142.68000 25.50000 100.94300
23 2 21 21 27 39528.80000 8.94100000 1271.31000 142.30000 25.50500 100.86700
23 2 21 21 27 39586.90000 8.94100000 1272.59000 142.39000 25.50000 101.26100
23 2 21 21 28 39575.30000 8.94100000 1270.07000 142.62000 25.50000 101.26100
23 2 21 21 28 39550.10000 8.94300000 1273.10000 143.02000 25.50000 101.26100
23 2 21 21 29 39608.90000 8.94300000 1274.66000 142.81000 25.50000 101.48100
23 2 21 21 29 39608.90000 8.94300000 1275.22000 142.86000 25.50000 101.48100
23 2 21 21 29 39635.70000 8.94300000 1275.51000 143.02000 25.50000 101.48100
23 2 21 21 30 39605.80000 8.94300000 1275.55000 142.85000 25.50000 101.38400
23 2 21 21 30 39554.90000 8.95300000 1275.58000 142.84000 25.52900 101.38400
23 2 21 21 31 39630.40000 9.00000000 1276.71000 143.02000 25.52900 101.38400
23 2 21 21 31 39578.00000 9.00000000 1273.73000 142.61000 25.60000 101.47500
23 2 21 21 32 39501.90000 9.00000000 1273.25000 142.61000 25.60000 101.10800
23 2 21 21 32 39423.10000 9.00000000 1269.75000 141.91000 25.60000 100.81900
23 2 21 21 32 39352.20000 9.00000000 1264.80000 142.09000 25.70000 100.81900
23 2 21 21 33 39421.60000 9.00000000 1268.01000 142.00000 25.70000 100.81900
23 2 21 21 33 39465.30000 9.00000000 1268.55000 142.17000 25.70400 100.81900
23 2 21 21 34 39492.40000 9.00000000 1269.29000 142.38000 25.90000 100.81900
23 2 21 21 34 39593.60000 9.00000000 1271.21000 142.53000 25.90000 100.81900
23 2 21 21 35 39602.30000 9.00000000 1273.89000 142.99000 25.90000 100.81900
23 2 21 21 35 39662.20000 9.00000000 1276.62000 143.14000 25.90000 100.81900
23 2 21 21 35 39646.10000 8.99000000 1274.99000 143.19000 25.90000 100.81900
23 2 21 21 36 39646.20000 8.99000000 1275.00000 143.19000 25.90000 100.81900
23 2 21 21 36 39625.00000 8.98900000 1272.09000 142.99000 25.90000 100.81900
23 2 21 21 37 39664.30000 8.98900000 1275.00000 142.95000 25.72900 101.32900
23 2 21 21 37 39683.10000 8.98900000 1274.05000 142.90000 25.72900 101.32900
23 2 21 21 38 39755.00000 8.98300000 1274.27000 143.31000 25.72900 101.32900
23 2 21 21 38 39710.30000 8.98300000 1271.46000 142.95000 25.72900 101.59100
23 2 21 21 38 39750.00000 8.98300000 1274.04000 143.32000 25.72900 101.59100
23 2 21 21 39 39750.00000 9.00000000 1275.75000 143.32000 25.72900 101.59100
23 2 21 21 39 39772.20000 9.00900000 1275.76000 143.56000 25.75400 101.45000
23 2 21 21 40 39769.40000 9.00900000 1275.45000 143.36000 25.89900 101.45000
23 2 21 21 40 39709.70000 9.00900000 1272.37000 143.06000 25.89900 101.45000
23 2 21 21 41 39710.80000 9.00900000 1272.20000 143.16000 25.89900 101.45000
23 2 21 21 41 39687.80000 9.00900000 1270.00000 142.94000 25.89900 101.45000
23 2 21 21 41 39708.80000 9.00900000 1270.65000 143.08000 25.89900 101.45000
23 2 21 21 42 39747.80000 9.00900000 1271.08000 143.31000 25.89900 101.05800
23 2 21 21 42 39768.20000 9.00900000 1272.95000 143.53000 25.89900 101.05800
23 2 21 21 43 39772.20000 9.00900000 1273.70000 143.73000 25.89900 101.05800
23 2 21 21 43 39827.30000 9.00900000 1273.69000 143.69000 25.89900 101.05800
23 2 21 21 44 39833.00000 9.00900000 1272.51000 143.71000 25.89900 101.05800
23 2 21 21 44 39833.00000 9.00900000 1272.52000 143.74000 25.44200 101.05800
23 2 21 21 44 39833.00000 9.00900000 1272.39000 143.75000 25.77800 101.05800
23 2 21 21 45 39808.50000 9.00900000 1270.01000 143.39000 25.77800 101.05800
23 2 21 21 45 39818.40000 9.00900000 1270.94000 143.49000 25.77800 101.05800
23 2 21 21 46 39795.70000 9.00900000 1269.78000 143.47000 25.77800 101.05800
23 2 21 21 46 39793.40000 9.00900000 1269.97000 143.23000 25.77800 101.05800
23 2 21 21 46 39822.90000 9.00900000 1271.99000 143.75000 25.77800 101.05800
23 2 21 21 47 39849.90000 9.00900000 1273.87000 143.81000 25.77800 101.05800
23 2 21 21 47 39793.20000 9.00900000 1272.87000 143.69000 25.77900 101.05800
23 2 21 21 48 39764.10000 9.05000000 1272.44000 143.54000 25.77900 101.05800
23 2 21 21 48 39675.40000 9.05000000 1271.52000 143.61000 25.77900 101.05800
23 2 21 21 49 39694.00000 9.05000000 1272.18000 143.46000 25.77900 101.05800
23 2 21 21 49 39617.40000 9.05000000 1270.94000 143.09000 25.77900 101.05800
23 2 21 21 49 39578.30000 9.00100000 1271.00000 143.00000 25.77900 100.59300
23 2 21 21 50 39599.90000 9.00100000 1272.00000 143.24000 25.77900 100.59300
23 2 21 21 50 39578.40000 9.00100000 1271.70000 143.01000 25.77900 100.59300
23 2 21 21 51 39572.20000 9.00100000 1270.75000 142.84000 25.77900 100.78000
23 2 21 21 51 39548.70000 9.00100000 1270.01000 142.85000 25.77900 100.78000
23 2 21 21 52 39577.20000 9.00100000 1271.43000 142.75000 25.77900 100.78000
23 2 21 21 52 39520.00000 9.00100000 1269.60000 142.91000 25.77900 100.78000
23 2 21 21 52 39458.10000 9.03000000 1268.00000 142.74000 25.77900 100.78000
23 2 21 21 53 39501.60000 9.03000000 1267.41000 142.65000 25.77900 100.78000
23 2 21 21 53 39501.50000 9.03000000 1265.67000 142.54000 25.77900 100.44300
23 2 21 21 54 39553.40000 9.03000000 1266.35000 142.65000 25.77900 100.49700
23 2 21 21 54 39445.50000 9.03000000 1264.04000 142.46000 25.77900 100.49700
23 2 21 21 55 39415.40000 9.03000000 1260.87000 142.28000 25.77900 100.49700
23 2 21 21 55 39497.00000 9.03000000 1265.43000 142.62000 25.77900 100.49700
23 2 21 21 55 39523.00000 9.03000000 1266.67000 142.86000 25.40100 100.49700
23 2 21 21 56 39572.10000 9.04700000 1267.40000 142.86000 25.40100 100.58400
23 2 21 21 56 39580.70000 9.04700000 1267.40000 142.86000 25.40100 101.04700
23 2 21 21 57 39501.20000 9.04700000 1265.14000 142.62000 25.40100 101.04700
23 2 21 21 57 39525.30000 9.04700000 1264.57000 142.72000 25.40100 101.04700
23 2 21 21 58 39545.10000 9.04700000 1266.45000 142.86000 25.40100 101.04700
23 2 21 21 58 39587.50000 9.04700000 1267.40000 143.18000 25.40100 101.59100
23 2 21 21 58 39571.70000 9.04700000 1268.97000 143.14000 25.40100 101.59100
23 2 21 21 59 39597.00000 9.04700000 1268.19000 143.18000 25.40100 101.59100
23 2 21 21 59 39521.80000 9.04700000 1265.15000 142.96000 25.40100 101.10300
23 2 21 22 00 39500.70000 9.04700000 1265.52000 142.96000 25.40100 101.35800
23 2 21 22 00 39500.70000 9.04700000 1264.64000 142.88000 25.40100 101.35800
23 2 21 22 01 39500.70000 9.09500000 1263.27000 142.62000 25.85700 101.35800
23 2 21 22 01 39500.70000 9.09200000 1262.99000 142.80000 25.85700 101.35800
23 2 21 22 01 39500.70000 9.09200000 1263.40000 142.74000 25.80300 101.35800
23 2 21 22 02 39503.00000 9.09200000 1264.98000 143.16000 25.80300 101.60900
23 2 21 22 02 39627.00000 9.09800000 1269.90000 143.66000 25.80300 102.09900
23 2 21 22 03 39527.60000 9.11000000 1266.59000 143.66000 25.80300 102.04100
23 2 21 22 03 39548.80000 9.11000000 1268.02000 143.58000 25.80300 102.04100
23 2 21 22 04 39506.20000 9.11000000 1265.96000 143.23000 25.80300 102.04100
23 2 21 22 04 39491.30000 9.11000000 1265.88000 143.23000 25.80300 101.94900
23 2 21 22 04 39426.10000 9.05700000 1263.40000 142.87000 25.80300 101.35800
23 2 21 22 05 39400.00000 9.05700000 1264.14000 142.64000 25.80300 101.17300
23 2 21 22 05 39405.60000 9.05700000 1263.06000 142.79000 25.80300 101.17300
23 2 21 22 06 39400.00000 9.05700000 1261.92000 142.53000 25.80300 101.17300
23 2 21 22 06 39455.40000 9.02200000 1262.98000 142.47000 25.80300 101.44000
23 2 21 22 07 39443.80000 9.02200000 1262.55000 142.79000 25.80300 101.44000
23 2 21 22 07 39451.90000 9.05100000 1263.66000 142.84000 25.80300 101.44000
23 2 21 22 07 39464.70000 9.05100000 1263.48000 142.90000 25.31600 101.44000
23 2 21 22 08 39471.40000 9.05100000 1263.78000 143.17000 25.31600 101.72000
23 2 21 22 08 39515.20000 9.05100000 1264.25000 143.60000 25.31600 101.72000
23 2 21 22 09 39542.50000 9.05100000 1266.30000 144.00000 25.31600 101.72000
