M=[
 3 7 20 11 59 8115.00000 5.07100000 202.66000 36.96000 15.83500 45.65900
 3 7 20 11 59 8115.00000 5.07100000 202.66000 36.96000 15.83500 45.65900
 3 7 20 12 00 8115.00000 5.07100000 202.66000 36.96000 15.83500 45.65900
 3 7 20 12 00 8115.00000 5.08200000 202.68000 36.96000 15.83500 45.65900
 3 7 20 12 01 8120.00000 5.08200000 202.80000 36.96000 15.83500 45.63800
 3 7 20 12 01 8119.90000 5.08200000 202.80000 36.96000 15.83500 45.63800
 3 7 20 12 02 8120.00000 5.08200000 202.86000 36.96000 15.83500 45.63800
 3 7 20 12 02 8123.60000 5.08200000 202.85000 36.96000 15.83500 45.63800
 3 7 20 12 03 8123.00000 5.08200000 202.86000 36.98000 15.83500 45.63800
 3 7 20 12 03 8123.00000 5.08200000 202.89000 36.98000 15.83500 45.63800
 3 7 20 12 04 8129.10000 5.08200000 202.97000 36.98000 15.83500 45.65900
 3 7 20 12 04 8128.40000 5.08200000 202.87000 36.99000 15.83500 45.63800
 3 7 20 12 05 8128.40000 5.08200000 202.93000 36.99000 15.83500 45.63800
 3 7 20 12 05 8128.40000 5.08200000 202.95000 36.99000 15.83500 45.63800
 3 7 20 12 06 8128.40000 5.08200000 202.95000 37.00000 15.83500 45.66700
 3 7 20 12 06 8128.40000 5.08200000 203.25000 37.00000 15.83500 45.66700
 3 7 20 12 07 8128.40000 5.08200000 203.16000 37.00000 15.83500 45.66700
 3 7 20 12 07 8128.40000 5.08200000 202.90000 37.00000 15.83500 45.66700
 3 7 20 12 08 8125.10000 5.08200000 202.93000 36.97000 15.83500 45.66700
 3 7 20 12 08 8125.10000 5.08200000 202.93000 36.97000 15.83500 45.66700
 3 7 20 12 09 8125.00000 5.08200000 202.93000 36.97000 15.83500 45.66700
 3 7 20 12 09 8125.10000 5.08200000 202.93000 36.96000 15.83500 45.66700
 3 7 20 12 10 8125.10000 5.08200000 202.82000 36.96000 15.83500 45.66700
 3 7 20 12 10 8125.10000 5.08200000 202.94000 36.96000 15.77800 45.66700
 3 7 20 12 10 8125.60000 5.08200000 203.10000 36.96000 15.77800 45.73700
 3 7 20 12 11 8126.20000 5.08200000 203.00000 36.96000 15.77800 45.73700
 3 7 20 12 11 8127.10000 5.08200000 202.92000 36.96000 15.77800 45.73700
 3 7 20 12 12 8125.30000 5.08200000 202.92000 36.96000 15.77800 45.73700
 3 7 20 12 12 8125.20000 5.08200000 202.97000 36.96000 15.78100 45.73700
 3 7 20 12 13 8125.50000 5.08200000 202.94000 36.96000 15.78100 45.73700
 3 7 20 12 13 8125.30000 5.08200000 202.94000 36.96000 15.78100 45.73700
 3 7 20 12 14 8125.30000 5.08200000 202.94000 36.96000 15.78100 45.73700
 3 7 20 12 14 8125.40000 5.08200000 202.94000 36.96000 15.81500 45.73700
 3 7 20 12 15 8126.60000 5.08200000 202.94000 36.96000 15.81500 45.65700
 3 7 20 12 15 8126.60000 5.08200000 202.94000 36.92000 15.81500 45.73700
 3 7 20 12 16 8128.00000 5.08200000 202.94000 36.92000 15.85000 45.65700
 3 7 20 12 16 8128.00000 5.08200000 202.94000 36.92000 15.85000 45.65700
 3 7 20 12 17 8128.40000 5.08200000 202.84000 36.94000 15.85000 45.65700
 3 7 20 12 17 8128.20000 5.08200000 202.82000 36.94000 15.85000 45.65700
 3 7 20 12 18 8128.10000 5.08200000 202.80000 36.94000 15.85000 45.65700
 3 7 20 12 18 8128.00000 5.08200000 202.81000 36.94000 15.85000 45.65700
 3 7 20 12 19 8128.00000 5.08200000 202.82000 36.94000 15.85000 45.65700
 3 7 20 12 19 8130.00000 5.08200000 202.82000 36.94000 15.85000 45.73700
 3 7 20 12 20 8129.20000 5.08200000 202.82000 36.94000 15.85000 45.65700
 3 7 20 12 20 8130.00000 5.08200000 202.82000 36.94000 15.90000 45.65700
 3 7 20 12 21 8129.90000 5.08200000 202.81000 36.94000 15.85000 45.65700
 3 7 20 12 21 8129.90000 5.08200000 202.82000 36.94000 15.90000 45.73700
 3 7 20 12 22 8129.90000 5.08200000 202.81000 36.94000 15.95100 45.65700
 3 7 20 12 22 8130.00000 5.08200000 202.82000 36.94000 15.95100 45.65700
 3 7 20 12 23 8130.00000 5.08200000 202.82000 36.94000 15.96000 45.65700
 3 7 20 12 23 8130.00000 5.08200000 202.82000 36.94000 15.96000 45.65700
 3 7 20 12 23 8129.90000 5.08200000 202.82000 36.94000 15.97200 45.65700
 3 7 20 12 24 8129.90000 5.08200000 202.82000 36.94000 15.97200 45.65700
 3 7 20 12 24 8130.00000 5.08200000 202.82000 36.94000 15.99900 45.65700
 3 7 20 12 25 8130.00000 5.08200000 202.81000 36.94000 15.98600 45.65700
 3 7 20 12 25 8130.00000 5.08200000 202.81000 36.94000 15.98600 45.73700
 3 7 20 12 26 8130.00000 5.08200000 202.82000 36.94000 15.98600 45.65700
 3 7 20 12 26 8130.00000 5.08200000 202.82000 36.94000 15.98600 45.65700
 3 7 20 12 27 8130.00000 5.08200000 202.90000 36.94000 15.98600 45.65700
 3 7 20 12 27 8130.00000 5.08200000 202.91000 36.94000 15.98600 45.65700
 3 7 20 12 28 8125.10000 5.08200000 202.92000 36.94000 15.98600 45.65700
 3 7 20 12 28 8125.10000 5.08200000 202.80000 36.94000 15.98600 45.73700
 3 7 20 12 29 8125.00000 5.08200000 202.50000 36.94000 15.98600 45.65700
 3 7 20 12 30 8123.00000 5.08200000 202.50000 36.94000 15.94600 45.73700
 3 7 20 12 30 8121.40000 5.08200000 202.50000 36.94000 15.99100 45.73700
 3 7 20 12 31 8121.40000 5.08200000 202.50000 36.94000 15.99100 45.73700
 3 7 20 12 31 8120.40000 5.07600000 202.40000 36.94000 15.99100 45.65700
 3 7 20 12 32 8120.40000 5.07600000 202.43000 36.94000 15.99100 45.65700
 3 7 20 12 32 8121.50000 5.07600000 202.43000 36.94000 15.99100 45.65700
 3 7 20 12 32 8123.00000 5.07600000 202.50000 36.94000 15.99100 45.65700
 3 7 20 12 33 8123.00000 5.07600000 202.50000 36.85000 15.99100 45.65700
 3 7 20 12 33 8123.00000 5.07600000 202.50000 36.85000 16.00000 45.65700
 3 7 20 12 34 8122.60000 5.07600000 202.50000 36.85000 16.00000 45.65700
 3 7 20 12 34 8122.70000 5.08200000 202.50000 36.85000 16.00000 45.65700
 3 7 20 12 35 8122.70000 5.07600000 202.50000 36.85000 16.00000 45.65700
 3 7 20 12 35 8124.20000 5.07600000 202.50000 36.85000 16.00000 45.65700
 3 7 20 12 36 8124.10000 5.07600000 202.50000 36.85000 16.00000 45.65700
 3 7 20 12 36 8125.20000 5.07600000 202.50000 36.85000 16.00000 45.65700
 3 7 20 12 37 8125.90000 5.07600000 202.50000 36.85000 16.00000 45.65700
 3 7 20 12 37 8124.80000 5.07600000 202.59000 36.85000 16.00000 45.65700
 3 7 20 12 38 8124.70000 5.07600000 202.60000 36.86000 16.00000 45.65700
 3 7 20 12 38 8124.10000 5.07600000 202.60000 36.86000 16.00000 45.65700
 3 7 20 12 39 8124.10000 5.07600000 202.60000 36.86000 16.00000 45.65700
 3 7 20 12 39 8124.20000 5.07600000 202.60000 36.86000 15.99900 45.65700
 3 7 20 12 40 8124.20000 5.07600000 202.61000 36.86000 15.99900 45.65700
 3 7 20 12 40 8124.20000 5.07600000 202.61000 36.86000 15.99900 45.65700
 3 7 20 12 41 8124.20000 5.07600000 202.61000 36.86000 16.00000 45.65700
 3 7 20 12 41 8126.20000 5.07600000 202.61000 36.86000 16.00000 45.59500
 3 7 20 12 41 8126.30000 5.07600000 202.61000 36.86000 16.00000 45.59500
 3 7 20 12 42 8126.20000 5.07600000 202.60000 36.86000 16.00000 45.59500
 3 7 20 12 42 8124.60000 5.08200000 202.60000 36.86000 16.00000 45.59500
 3 7 20 12 43 8124.10000 5.07600000 202.60000 36.86000 15.89700 45.59500
 3 7 20 12 43 8124.50000 5.07600000 202.60000 36.86000 15.89700 45.59500
 3 7 20 12 44 8122.90000 5.08200000 202.60000 36.86000 15.89700 45.59500
 3 7 20 12 44 8122.30000 5.07600000 202.61000 36.86000 15.89700 45.59500
 3 7 20 12 45 8122.40000 5.08200000 202.58000 36.86000 15.89700 45.59500
 3 7 20 12 45 8124.80000 5.07600000 202.58000 36.86000 15.89700 45.59500
 3 7 20 12 46 8124.30000 5.07600000 202.60000 36.86000 15.89700 45.59500
 3 7 20 12 46 8123.30000 5.07600000 202.60000 36.84000 15.86700 45.59500
 3 7 20 12 47 8123.20000 5.07600000 202.61000 36.84000 15.86700 45.59500
 3 7 20 12 47 8123.30000 5.07600000 202.60000 36.84000 15.86700 45.59500
 3 7 20 12 48 8122.50000 5.07600000 202.60000 36.84000 15.86700 45.59500
 3 7 20 12 48 8122.60000 5.08200000 202.60000 36.84000 15.86700 45.59500
 3 7 20 12 49 8122.60000 5.07600000 202.60000 36.84000 15.86700 45.59500
 3 7 20 12 49 8122.60000 5.07600000 202.60000 36.84000 15.86700 45.59500
 3 7 20 12 50 8119.30000 5.08200000 202.60000 36.84000 15.86700 45.59500
 3 7 20 12 50 8121.00000 5.07600000 202.58000 36.82000 15.86700 45.59500
 3 7 20 12 51 8118.50000 5.08200000 202.58000 36.82000 15.86700 45.59500
 3 7 20 12 51 8120.90000 5.07600000 202.59000 36.82000 15.94100 45.59500
