M=[
11 1 21 22 44 28303.70000 5.84500000 870.01000 110.92000 14.76000 72.50600
11 1 21 22 44 28394.90000 5.84500000 874.02000 111.29000 14.76000 72.50600
11 1 21 22 44 28378.00000 5.84500000 874.44000 111.21000 14.76000 72.50600
11 1 21 22 45 28449.80000 5.84500000 878.93000 111.68000 14.76000 72.50600
11 1 21 22 45 28444.30000 5.89000000 879.70000 111.82000 14.76000 72.82500
11 1 21 22 46 28409.90000 5.89000000 879.99000 112.09000 14.76000 72.85700
11 1 21 22 46 28395.00000 5.88200000 877.09000 111.85000 14.76000 72.85700
11 1 21 22 47 28424.20000 5.88200000 877.07000 111.85000 14.76000 72.85700
11 1 21 22 47 28263.40000 5.88200000 870.64000 111.26000 14.76000 72.25800
11 1 21 22 47 28266.90000 5.88200000 870.00000 110.85000 14.73100 72.25800
11 1 21 22 48 28094.70000 5.81900000 865.07000 110.41000 14.73100 72.25800
11 1 21 22 48 28220.30000 5.81900000 870.57000 110.72000 14.73100 71.82100
11 1 21 22 49 28044.20000 5.81900000 865.02000 110.41000 14.73100 71.82100
11 1 21 22 49 28130.00000 5.81900000 867.54000 110.65000 14.73100 71.88500
11 1 21 22 50 28152.90000 5.81900000 869.23000 110.85000 14.73100 71.88500
11 1 21 22 50 28091.90000 5.80500000 866.35000 110.61000 14.73100 71.88500
11 1 21 22 50 28143.20000 5.80500000 867.49000 110.52000 14.87100 71.71200
11 1 21 22 51 28134.90000 5.80500000 867.29000 110.52000 14.87100 71.70900
11 1 21 22 51 28103.40000 5.80500000 866.00000 110.53000 14.87100 71.70900
11 1 21 22 52 28215.90000 5.80500000 867.01000 110.88000 14.87100 71.70900
11 1 21 22 52 28258.50000 5.80500000 871.19000 111.26000 14.87100 71.70900
11 1 21 22 53 28282.60000 5.80500000 872.13000 111.48000 14.87100 72.09400
11 1 21 22 53 28200.10000 5.80500000 871.09000 111.50000 14.87100 72.04700
11 1 21 22 53 28236.40000 5.80500000 868.38000 111.37000 14.87100 72.36900
11 1 21 22 54 28240.50000 5.80500000 869.67000 111.35000 14.87100 72.30900
11 1 21 22 54 28212.80000 5.80500000 868.71000 111.02000 14.87100 72.30900
11 1 21 22 55 28213.10000 5.80500000 867.10000 111.00000 14.87100 72.30900
11 1 21 22 55 28164.70000 5.80500000 867.89000 110.85000 14.87100 72.30900
11 1 21 22 56 28188.80000 5.80500000 868.36000 110.70000 14.87100 72.30900
11 1 21 22 56 28250.00000 5.80500000 871.82000 110.83000 14.87100 72.30900
11 1 21 22 56 28249.90000 5.80500000 870.43000 110.93000 14.87100 72.30900
11 1 21 22 57 28259.90000 5.80500000 870.88000 110.89000 14.87100 72.30900
11 1 21 22 57 28320.80000 5.80500000 871.32000 111.12000 14.87100 72.30900
11 1 21 22 58 28332.00000 5.80500000 872.40000 111.30000 14.87100 72.30900
11 1 21 22 58 28343.90000 5.80500000 873.07000 111.46000 14.87100 72.35000
11 1 21 22 59 28357.50000 5.80500000 873.59000 111.05000 14.87100 72.35000
11 1 21 22 59 28308.80000 5.80500000 871.57000 111.05000 14.87100 72.35000
11 1 21 22 59 28304.20000 5.86300000 871.41000 111.05000 14.87100 72.35000
11 1 21 23 00 28312.00000 5.86300000 872.21000 111.40000 14.87100 72.13400
11 1 21 23 00 28367.60000 5.86300000 872.04000 111.20000 14.87100 72.13400
11 1 21 23 01 28384.50000 5.86300000 872.98000 111.24000 14.87100 72.13400
11 1 21 23 01 28371.80000 5.86300000 872.65000 110.99000 14.87100 72.13400
11 1 21 23 02 28413.50000 5.86300000 875.98000 111.05000 14.87100 72.45900
11 1 21 23 02 28408.50000 5.86300000 875.71000 111.06000 14.87100 72.58800
11 1 21 23 02 28463.70000 5.86300000 874.01000 110.95000 14.87100 72.57300
11 1 21 23 03 28488.60000 5.86300000 875.76000 111.30000 14.87100 72.57800
11 1 21 23 03 28500.00000 5.86300000 876.19000 111.41000 14.87100 72.57800
11 1 21 23 04 28580.30000 5.86300000 878.55000 111.62000 14.91000 72.75700
11 1 21 23 04 28600.30000 5.90100000 879.67000 111.62000 14.91000 72.96900
11 1 21 23 05 28606.20000 5.90600000 881.69000 112.08000 14.91000 72.79100
11 1 21 23 05 28608.30000 5.90600000 881.94000 112.35000 14.91000 72.79100
11 1 21 23 05 28620.50000 5.90600000 883.00000 112.43000 14.91000 72.79100
11 1 21 23 06 28699.90000 5.94200000 883.22000 112.49000 14.94600 72.79100
11 1 21 23 06 28699.90000 5.94200000 883.83000 112.85000 14.94600 72.99700
11 1 21 23 07 28734.20000 5.94200000 883.83000 112.57000 14.89100 72.99700
11 1 21 23 07 28674.80000 5.92500000 879.35000 112.22000 14.89100 73.00500
11 1 21 23 08 28660.70000 5.98500000 881.00000 112.41000 14.94900 73.00500
11 1 21 23 08 28643.20000 5.98500000 880.49000 112.31000 14.94900 73.00500
11 1 21 23 08 28649.60000 5.95100000 880.46000 112.31000 14.94900 73.00500
11 1 21 23 09 28634.30000 5.95100000 879.31000 112.33000 14.94900 73.00500
11 1 21 23 09 28518.10000 5.95000000 875.30000 111.86000 15.01000 72.94800
11 1 21 23 10 28545.10000 5.94100000 876.74000 111.66000 15.01000 72.62600
11 1 21 23 10 28514.50000 5.94100000 876.98000 111.77000 15.01000 72.62600
11 1 21 23 11 28505.70000 5.90700000 876.50000 111.59000 15.01000 72.62600
11 1 21 23 11 28582.60000 5.94200000 877.53000 111.61000 15.01000 72.62600
11 1 21 23 11 28620.80000 5.94200000 879.88000 111.89000 15.01000 72.62600
11 1 21 23 12 28646.00000 5.92500000 880.91000 111.96000 15.01000 72.62600
11 1 21 23 12 28626.30000 5.93100000 881.04000 112.16000 15.01000 72.62600
11 1 21 23 13 28550.00000 5.93800000 875.56000 111.87000 15.01000 72.90000
11 1 21 23 13 28609.90000 5.93000000 881.23000 112.01000 15.01000 72.90000
11 1 21 23 14 28647.70000 5.93000000 881.90000 112.44000 15.01000 72.47000
11 1 21 23 14 28714.30000 5.90400000 883.00000 112.51000 15.01000 72.47000
11 1 21 23 14 28728.90000 5.90400000 883.53000 112.68000 15.01000 72.47000
11 1 21 23 15 28705.30000 5.90400000 883.73000 112.67000 15.01000 72.47000
11 1 21 23 15 28742.50000 5.90400000 885.53000 112.90000 15.01000 72.78100
11 1 21 23 16 28768.50000 5.95100000 884.78000 112.69000 15.01000 72.99000
11 1 21 23 16 28774.30000 5.95100000 884.23000 112.69000 15.01000 72.99900
11 1 21 23 17 28793.50000 5.97300000 886.43000 112.71000 15.01000 72.99900
11 1 21 23 17 28842.70000 5.97300000 887.50000 112.75000 15.01000 73.00000
11 1 21 23 17 28832.70000 5.97300000 886.67000 112.75000 15.01000 73.00000
11 1 21 23 18 28900.00000 5.97100000 889.63000 113.02000 15.01000 73.00000
11 1 21 23 18 28948.10000 5.97400000 890.09000 113.23000 15.01000 73.07800
11 1 21 23 19 28967.70000 6.01400000 891.92000 113.35000 15.01000 73.07800
11 1 21 23 19 28950.00000 5.95500000 891.38000 113.88000 15.01000 73.09500
11 1 21 23 20 28999.00000 5.97400000 894.31000 114.48000 15.01600 73.09500
11 1 21 23 20 28970.70000 5.97400000 892.58000 114.09000 15.01600 73.09500
11 1 21 23 20 28874.10000 5.97400000 888.38000 113.24000 15.01600 73.09500
11 1 21 23 21 28968.10000 6.01800000 891.59000 113.77000 15.01600 73.09500
11 1 21 23 21 28928.70000 6.01800000 890.82000 113.46000 15.03100 73.09500
11 1 21 23 22 28819.30000 6.01800000 887.13000 113.28000 15.03100 73.29400
11 1 21 23 22 28791.20000 6.01800000 887.81000 113.01000 15.03100 73.29400
11 1 21 23 23 28790.80000 5.96200000 888.89000 113.38000 15.04600 73.20700
11 1 21 23 23 28800.00000 5.96200000 888.45000 113.00000 15.04600 73.20700
11 1 21 23 23 28735.90000 5.96200000 885.92000 112.77000 15.04600 72.69500
11 1 21 23 24 28705.90000 5.94800000 883.91000 112.25000 15.04600 72.86300
11 1 21 23 24 28776.00000 5.94800000 887.44000 112.85000 15.04600 72.86300
11 1 21 23 25 28755.10000 5.94800000 887.70000 112.95000 15.04600 72.86300
11 1 21 23 25 28859.70000 5.94800000 889.56000 113.28000 15.04600 72.86300
11 1 21 23 26 28891.60000 5.94800000 891.24000 113.60000 15.04600 73.03100
11 1 21 23 26 28929.00000 5.94800000 894.00000 113.91000 15.04600 73.03100
11 1 21 23 26 28898.50000 5.94800000 892.55000 113.95000 15.04600 73.03100
11 1 21 23 27 28863.80000 5.97900000 890.96000 113.80000 15.04600 72.80000
11 1 21 23 27 28765.70000 5.97900000 887.63000 113.35000 15.04600 72.80000
11 1 21 23 28 28710.80000 5.97800000 885.38000 113.22000 15.04600 72.80000
11 1 21 23 28 28745.60000 5.97800000 885.50000 113.41000 15.04600 72.80000
11 1 21 23 29 28718.60000 5.97800000 885.50000 113.38000 15.04600 72.80000
