M=[
 1 8 20 07 30 9846.20000 6.48500000 301.40000 50.22000 17.20900 67.23300
 1 8 20 07 30 9852.20000 6.48500000 301.40000 50.22000 17.20900 67.23300
 1 8 20 07 30 9857.30000 6.48500000 301.30000 50.22000 17.20900 67.23300
 1 8 20 07 31 9859.10000 6.48500000 301.29000 50.26000 17.20900 67.23300
 1 8 20 07 31 9859.70000 6.48500000 301.29000 50.26000 17.20900 67.20000
 1 8 20 07 32 9859.90000 6.49000000 301.68000 50.29000 17.20900 67.20000
 1 8 20 07 32 9861.70000 6.49000000 301.90000 50.29000 17.20900 67.20000
 1 8 20 07 33 9862.60000 6.51100000 301.85000 50.42000 17.20900 67.20000
 1 8 20 07 33 9860.70000 6.51100000 301.41000 50.37000 17.20900 67.20000
 1 8 20 07 34 9862.70000 6.51100000 301.65000 50.45000 17.20900 67.20000
 1 8 20 07 34 9864.00000 6.51100000 301.65000 50.44000 17.20900 67.50200
 1 8 20 07 35 9864.00000 6.51100000 301.77000 50.44000 17.20900 67.50200
 1 8 20 07 35 9864.00000 6.51100000 301.82000 50.44000 17.20900 67.50200
 1 8 20 07 36 9864.00000 6.51100000 301.82000 50.44000 17.20900 67.50200
 1 8 20 07 36 9863.90000 6.51100000 301.77000 50.40000 17.20900 67.50200
 1 8 20 07 37 9869.80000 6.51100000 301.78000 50.40000 17.20900 67.50200
 1 8 20 07 37 9870.00000 6.51100000 301.85000 50.40000 17.20900 67.50200
 1 8 20 07 38 9870.10000 6.51100000 301.87000 50.45000 17.20900 67.50200
 1 8 20 07 38 9870.40000 6.51100000 301.84000 50.45000 17.20900 67.50200
 1 8 20 07 39 9871.20000 6.51100000 301.78000 50.45000 17.20900 67.50200
 1 8 20 07 39 9871.10000 6.51100000 301.50000 50.45000 17.20900 67.50200
 1 8 20 07 40 9871.00000 6.51100000 301.60000 50.45000 17.20900 67.89800
 1 8 20 07 40 9871.00000 6.51100000 301.51000 50.50000 17.20900 67.89800
 1 8 20 07 41 9870.40000 6.51100000 301.56000 50.50000 17.20900 67.88000
 1 8 20 07 41 9870.00000 6.51100000 301.52000 50.53000 17.20900 67.88000
 1 8 20 07 41 9869.80000 6.51100000 301.52000 50.53000 17.20900 67.88000
 1 8 20 07 42 9871.80000 6.51100000 301.57000 50.54000 17.20900 67.88000
 1 8 20 07 42 9871.80000 6.51100000 301.53000 50.54000 17.20900 67.88000
 1 8 20 07 43 9871.80000 6.51100000 301.56000 50.54000 17.20900 67.88000
 1 8 20 07 43 9872.40000 6.51100000 301.60000 50.54000 17.20900 67.88000
 1 8 20 07 44 9879.90000 6.51100000 301.75000 50.54000 17.20900 67.88000
 1 8 20 07 44 9879.90000 6.51100000 301.71000 50.54000 17.20900 67.88000
 1 8 20 07 45 9880.00000 6.51100000 302.00000 50.54000 17.20900 67.88000
 1 8 20 07 45 9880.00000 6.51100000 302.02000 50.54000 17.20900 67.88000
 1 8 20 07 46 9880.00000 6.51100000 302.11000 50.52000 17.20900 67.88000
 1 8 20 07 46 9880.00000 6.51100000 302.09000 50.52000 17.26900 67.88000
 1 8 20 07 47 9885.70000 6.51100000 302.08000 50.52000 17.26900 67.88000
 1 8 20 07 47 9889.20000 6.51100000 302.10000 50.52000 17.26900 67.88000
 1 8 20 07 47 9899.60000 6.51100000 302.11000 50.52000 17.26900 67.86000
 1 8 20 07 48 9899.90000 6.51100000 302.18000 50.51000 17.26900 67.86000
 1 8 20 07 48 9906.40000 6.52200000 302.39000 50.54000 17.23800 67.86000
 1 8 20 07 49 9909.90000 6.52200000 302.47000 50.55000 17.23800 67.86000
 1 8 20 07 49 9915.00000 6.52200000 302.47000 50.55000 17.23800 67.86000
 1 8 20 07 50 9912.70000 6.52200000 302.54000 50.55000 17.23800 67.86000
 1 8 20 07 50 9903.90000 6.52200000 302.35000 50.55000 17.23800 67.86000
 1 8 20 07 51 9905.80000 6.52200000 302.35000 50.49000 17.23800 67.86000
 1 8 20 07 51 9907.70000 6.52200000 302.35000 50.49000 17.23800 67.86000
 1 8 20 07 52 9907.70000 6.52200000 302.34000 50.49000 17.23800 67.86000
 1 8 20 07 52 9907.70000 6.52200000 302.35000 50.53000 17.28900 67.86000
 1 8 20 07 53 9909.50000 6.52200000 302.34000 50.53000 17.28900 67.86000
 1 8 20 07 53 9908.90000 6.52200000 302.24000 50.53000 17.28900 67.86000
 1 8 20 07 53 9912.80000 6.52200000 302.29000 50.53000 17.28900 67.86000
 1 8 20 07 54 9909.10000 6.49000000 302.26000 50.53000 17.28900 67.86000
 1 8 20 07 54 9909.00000 6.53500000 302.23000 50.53000 17.28900 67.86000
 1 8 20 07 55 9910.60000 6.53500000 302.23000 50.56000 17.28900 67.67900
 1 8 20 07 55 9910.60000 6.53500000 302.28000 50.56000 17.29000 67.67900
 1 8 20 07 56 9909.10000 6.53500000 302.35000 50.54000 17.29000 67.67900
 1 8 20 07 56 9907.70000 6.53500000 302.35000 50.53000 17.29000 67.67900
 1 8 20 07 57 9904.90000 6.53500000 302.35000 50.53000 17.29000 67.67900
 1 8 20 07 57 9909.40000 6.53500000 302.34000 50.53000 17.29000 67.67900
 1 8 20 07 58 9913.60000 6.53500000 302.33000 50.54000 17.29000 67.67900
 1 8 20 07 58 9913.50000 6.53500000 302.34000 50.56000 17.29000 67.67900
 1 8 20 07 59 9915.00000 6.53500000 302.22000 50.52000 17.29000 67.67900
 1 8 20 07 59 9914.90000 6.53500000 302.22000 50.53000 17.29000 67.67900
 1 8 20 08 00 9913.50000 6.53500000 301.82000 50.52000 17.29000 67.67900
 1 8 20 08 00 9915.70000 6.53500000 302.11000 50.50000 17.29000 67.52300
 1 8 20 08 01 9920.00000 6.52400000 301.99000 50.50000 17.29000 67.52300
 1 8 20 08 01 9924.20000 6.52400000 302.00000 50.62000 17.27400 67.52300
 1 8 20 08 02 9927.20000 6.52400000 302.05000 50.64000 17.27400 67.52300
 1 8 20 08 02 9928.00000 6.52400000 302.20000 50.71000 17.27400 67.84100
 1 8 20 08 03 9934.90000 6.52400000 302.35000 50.76000 17.27400 67.84100
 1 8 20 08 03 9940.00000 6.52400000 302.35000 50.76000 17.27400 67.84000
 1 8 20 08 04 9945.00000 6.52400000 302.34000 50.76000 17.27400 67.84000
 1 8 20 08 04 9946.30000 6.52400000 302.35000 50.76000 17.28200 67.84000
 1 8 20 08 05 9945.00000 6.52400000 302.35000 50.76000 17.28200 67.84000
 1 8 20 08 05 9945.30000 6.52400000 302.35000 50.76000 17.28200 67.84000
 1 8 20 08 06 9944.90000 6.52400000 302.35000 50.77000 17.28200 67.84000
 1 8 20 08 06 9939.10000 6.52400000 302.35000 50.70000 17.28200 67.84000
 1 8 20 08 07 9930.00000 6.52400000 302.21000 50.73000 17.28200 67.84000
 1 8 20 08 07 9929.90000 6.52400000 302.35000 50.72000 17.28200 67.84000
 1 8 20 08 07 9931.10000 6.52400000 302.34000 50.72000 17.28200 67.84000
 1 8 20 08 08 9931.40000 6.55000000 302.34000 50.76000 17.28200 67.84000
 1 8 20 08 08 9931.60000 6.55000000 302.34000 50.74000 17.28200 67.84000
 1 8 20 08 09 9934.50000 6.55000000 302.35000 50.74000 17.28200 67.84000
 1 8 20 08 09 9937.60000 6.55000000 302.34000 50.71000 17.28200 67.84000
 1 8 20 08 10 9938.00000 6.55000000 302.35000 50.71000 17.28200 67.84000
 1 8 20 08 10 9938.40000 6.55000000 302.35000 50.69000 17.21100 67.84000
 1 8 20 08 11 9943.00000 6.55000000 302.42000 50.69000 17.21100 67.84000
 1 8 20 08 11 9945.00000 6.55000000 302.60000 50.72000 17.21100 67.84000
 1 8 20 08 12 9948.80000 6.55000000 302.74000 50.72000 17.21100 67.84000
 1 8 20 08 12 9949.90000 6.55000000 302.80000 50.72000 17.21100 67.84000
 1 8 20 08 13 9950.00000 6.55000000 303.00000 50.74000 17.21100 67.84500
 1 8 20 08 13 9953.70000 6.55000000 303.00000 50.80000 17.21100 67.88100
 1 8 20 08 14 9959.90000 6.55000000 303.00000 50.84000 17.21100 67.93200
 1 8 20 08 14 9963.00000 6.55800000 303.20000 50.85000 17.21100 67.93200
 1 8 20 08 14 9957.70000 6.55800000 303.20000 50.82000 17.21100 67.93200
 1 8 20 08 15 9958.20000 6.56000000 303.29000 50.82000 17.21100 67.93200
 1 8 20 08 15 9958.10000 6.56000000 303.34000 50.87000 17.21100 67.93200
 1 8 20 08 16 9958.10000 6.55900000 303.40000 50.87000 17.21100 67.93200
 1 8 20 08 16 9956.00000 6.55900000 303.44000 50.85000 17.20900 67.93200
 1 8 20 08 17 9944.40000 6.56000000 303.35000 50.85000 17.18500 67.84000
 1 8 20 08 17 9949.10000 6.56000000 303.35000 50.85000 17.18500 67.84000
 1 8 20 08 18 9952.70000 6.56000000 303.35000 50.85000 17.20000 67.84000
 1 8 20 08 18 9951.70000 6.56000000 303.35000 50.84000 17.20000 67.84000
 1 8 20 08 19 9951.50000 6.56500000 303.34000 50.84000 17.20000 67.96500
 1 8 20 08 19 9951.60000 6.58000000 303.26000 50.84000 17.20000 67.96500
 1 8 20 08 20 9951.40000 6.59000000 303.32000 50.79000 17.20000 68.00000
 1 8 20 08 20 9943.10000 6.59000000 303.26000 50.78000 17.20000 68.00000
 1 8 20 08 21 9941.60000 6.59500000 303.25000 50.77000 17.20000 68.00000
