M=[
22 5 20 01 31 8323.20000 5.62200000 182.47000 39.25000 11.24800 41.81900
22 5 20 01 31 8322.60000 5.62200000 182.47000 39.25000 11.24800 41.81900
22 5 20 01 32 8322.60000 5.62200000 182.30000 39.25000 11.24800 41.81900
22 5 20 01 32 8321.40000 5.62200000 182.30000 39.25000 11.24800 41.81900
22 5 20 01 33 8320.30000 5.62200000 182.55000 39.25000 11.24800 41.81900
22 5 20 01 33 8317.40000 5.62200000 182.53000 39.25000 11.24800 41.81900
22 5 20 01 34 8317.10000 5.62200000 182.53000 39.25000 11.24800 41.81900
22 5 20 01 34 8318.40000 5.62200000 182.44000 39.25000 11.24800 41.81900
22 5 20 01 35 8317.50000 5.62200000 182.44000 39.25000 11.24800 41.81900
22 5 20 01 35 8313.40000 5.62200000 182.44000 39.25000 11.24800 41.81900
22 5 20 01 36 8312.40000 5.62200000 182.34000 39.25000 11.24800 41.81900
22 5 20 01 36 8318.20000 5.62200000 182.38000 39.25000 11.28000 41.81900
22 5 20 01 37 8318.20000 5.62200000 182.38000 39.25000 11.28000 41.81900
22 5 20 01 37 8318.30000 5.62200000 182.38000 39.25000 11.29400 41.81900
22 5 20 01 38 8319.10000 5.62200000 182.38000 39.25000 11.29300 41.81900
22 5 20 01 38 8320.00000 5.62200000 182.38000 39.25000 11.29300 41.81900
22 5 20 01 39 8319.90000 5.62200000 182.38000 39.25000 11.29300 41.81900
22 5 20 01 39 8320.20000 5.62200000 182.38000 39.25000 11.29300 41.81900
22 5 20 01 40 8319.90000 5.62200000 182.34000 39.25000 11.29300 41.81900
22 5 20 01 40 8317.90000 5.62200000 182.40000 39.25000 11.29300 41.81900
22 5 20 01 41 8311.50000 5.62200000 182.40000 39.25000 11.29300 41.81900
22 5 20 01 41 8312.30000 5.62200000 182.34000 39.25000 11.29300 41.81900
22 5 20 01 42 8312.90000 5.62200000 182.40000 39.25000 11.29300 41.81900
22 5 20 01 42 8310.90000 5.62200000 182.42000 39.25000 11.29300 41.81900
22 5 20 01 43 8310.90000 5.62200000 182.42000 39.30000 11.29300 41.81900
22 5 20 01 43 8311.10000 5.62200000 182.53000 39.28000 11.29300 41.81900
22 5 20 01 44 8317.30000 5.62200000 182.53000 39.28000 11.29300 41.81900
22 5 20 01 44 8318.90000 5.62200000 182.53000 39.28000 11.29300 41.81900
22 5 20 01 45 8319.30000 5.62200000 182.64000 39.27000 11.29300 41.81900
22 5 20 01 45 8319.90000 5.62200000 182.74000 39.27000 11.29300 41.81900
22 5 20 01 46 8319.80000 5.62200000 182.59000 39.27000 11.29300 41.81900
22 5 20 01 46 8319.80000 5.62200000 182.59000 39.27000 11.29300 41.81900
22 5 20 01 47 8319.80000 5.62200000 182.59000 39.27000 11.29300 41.81900
22 5 20 01 47 8320.10000 5.62200000 182.59000 39.27000 11.29300 41.81900
22 5 20 01 48 8320.10000 5.62200000 182.59000 39.27000 11.29300 41.81900
22 5 20 01 48 8320.10000 5.62200000 182.59000 39.27000 11.29300 41.81900
22 5 20 01 48 8320.10000 5.62200000 182.64000 39.27000 11.29300 41.81900
22 5 20 01 49 8320.10000 5.62200000 182.64000 39.27000 11.29300 41.81900
22 5 20 01 50 8320.10000 5.62200000 182.74000 39.27000 11.29300 41.81900
22 5 20 01 50 8317.30000 5.62200000 182.44000 39.27000 11.29300 41.81900
22 5 20 01 50 8319.90000 5.62200000 182.43000 39.27000 11.29300 41.81900
22 5 20 01 51 8318.80000 5.62200000 182.44000 39.27000 11.29300 41.81900
22 5 20 01 51 8318.80000 5.62200000 182.44000 39.27000 11.29300 41.81900
22 5 20 01 52 8320.10000 5.62200000 182.44000 39.27000 11.29300 41.81900
22 5 20 01 52 8317.30000 5.62200000 182.44000 39.27000 11.29300 41.81900
22 5 20 01 53 8310.10000 5.62200000 182.44000 39.27000 11.29300 41.81900
22 5 20 01 54 8310.10000 5.62200000 182.59000 39.27000 11.29300 41.92900
22 5 20 01 54 8310.00000 5.62200000 182.11000 39.27000 11.29300 41.81900
22 5 20 01 55 8303.60000 5.62200000 182.11000 39.27000 11.29300 41.81900
22 5 20 01 55 8303.00000 5.62200000 182.11000 39.27000 11.29300 41.81900
22 5 20 01 56 8306.70000 5.62200000 182.11000 39.27000 11.29300 41.81900
22 5 20 01 56 8306.00000 5.62200000 182.11000 39.27000 11.29300 41.81900
22 5 20 01 56 8310.00000 5.62200000 182.11000 39.27000 11.24700 41.81900
22 5 20 01 57 8309.10000 5.62200000 182.11000 39.27000 11.24700 41.81900
22 5 20 01 58 8312.90000 5.62200000 182.14000 39.27000 11.24700 41.81900
22 5 20 01 58 8315.40000 5.62200000 182.14000 39.27000 11.24700 41.81900
22 5 20 01 58 8312.90000 5.62200000 182.14000 39.27000 11.24700 41.81900
22 5 20 01 59 8311.80000 5.62200000 182.10000 39.27000 11.29300 41.81900
22 5 20 01 59 8311.80000 5.62200000 182.10000 39.27000 11.24700 41.81900
22 5 20 02 00 8311.60000 5.62200000 182.10000 39.27000 11.24700 41.81900
22 5 20 02 00 8311.60000 5.62200000 182.10000 39.27000 11.24700 41.81900
22 5 20 02 01 8311.60000 5.62200000 182.26000 39.27000 11.24700 41.81900
22 5 20 02 02 8324.30000 5.62200000 182.40000 39.27000 11.29300 41.81900
22 5 20 02 02 8323.20000 5.62200000 182.40000 39.27000 11.24700 41.81900
22 5 20 02 03 8322.40000 5.62200000 182.40000 39.27000 11.24700 41.81900
22 5 20 02 03 8324.20000 5.62200000 182.34000 39.27000 11.29400 41.92900
22 5 20 02 04 8326.70000 5.62200000 182.38000 39.27000 11.24700 41.81900
22 5 20 02 04 8326.70000 5.62200000 182.38000 39.27000 11.24700 41.81900
22 5 20 02 05 8326.80000 5.62200000 182.38000 39.27000 11.24700 41.81900
22 5 20 02 05 8326.80000 5.62200000 182.44000 39.27000 11.24700 41.81900
22 5 20 02 06 8326.80000 5.62200000 182.44000 39.27000 11.29400 41.81900
22 5 20 02 06 8326.90000 5.62200000 182.41000 39.23000 11.24700 41.81900
22 5 20 02 07 8326.90000 5.62200000 182.41000 39.20000 11.24700 41.81900
22 5 20 02 07 8326.90000 5.62200000 182.44000 39.20000 11.24700 41.81900
22 5 20 02 08 8326.90000 5.62200000 182.44000 39.20000 11.24700 41.81900
22 5 20 02 08 8333.10000 5.62200000 182.44000 39.21000 11.24700 41.81900
22 5 20 02 09 8336.80000 5.62200000 182.44000 39.21000 11.24700 41.81900
22 5 20 02 09 8336.40000 5.62200000 182.45000 39.21000 11.24700 41.81900
22 5 20 02 10 8332.80000 5.62200000 182.45000 39.27000 11.24700 41.81900
22 5 20 02 10 8332.80000 5.62200000 182.45000 39.21000 11.24700 41.81900
22 5 20 02 11 8333.90000 5.62200000 182.42000 39.21000 11.24700 41.81900
22 5 20 02 11 8333.90000 5.62200000 182.42000 39.21000 11.24700 41.81900
22 5 20 02 12 8334.00000 5.62200000 182.42000 39.21000 11.29300 41.81900
22 5 20 02 12 8334.00000 5.62200000 182.42000 39.21000 11.24700 41.81900
22 5 20 02 13 8322.10000 5.62200000 182.40000 39.21000 11.24700 41.81900
22 5 20 02 13 8327.60000 5.62200000 181.97000 39.21000 11.24700 41.81900
22 5 20 02 14 8320.70000 5.62200000 181.97000 39.21000 11.24700 41.81900
22 5 20 02 14 8320.60000 5.62200000 182.01000 39.20000 11.24700 41.81900
22 5 20 02 15 8322.90000 5.62200000 182.01000 39.19000 11.24700 41.81900
22 5 20 02 15 8321.00000 5.62200000 182.01000 39.21000 11.24700 41.81900
22 5 20 02 16 8321.10000 5.62200000 182.01000 39.21000 11.24700 41.81900
22 5 20 02 16 8321.10000 5.62200000 182.11000 39.21000 11.24700 41.81900
22 5 20 02 17 8320.80000 5.62200000 182.01000 39.21000 11.24700 41.81900
22 5 20 02 17 8320.30000 5.62200000 182.00000 39.21000 11.24700 41.81900
22 5 20 02 18 8310.00000 5.62200000 181.85000 39.21000 11.24700 41.81900
22 5 20 02 18 8309.00000 5.62200000 181.82000 39.21000 11.24700 41.81900
22 5 20 02 19 8309.00000 5.62200000 181.85000 39.21000 11.24700 41.81900
22 5 20 02 19 8303.00000 5.62200000 181.82000 39.21000 11.24700 41.81900
22 5 20 02 20 8302.90000 5.62200000 181.82000 39.21000 11.24700 41.81900
22 5 20 02 20 8301.20000 5.62200000 181.85000 39.21000 11.24700 41.81900
22 5 20 02 21 8301.20000 5.62200000 181.52000 39.21000 11.24700 41.81900
22 5 20 02 21 8302.70000 5.62200000 181.52000 39.21000 11.24700 41.81900
22 5 20 02 22 8302.90000 5.62200000 181.52000 39.21000 11.24700 41.81900
22 5 20 02 22 8303.00000 5.62200000 181.64000 39.21000 11.24700 41.81900
22 5 20 02 23 8305.40000 5.62200000 181.57000 39.21000 11.24700 41.81900
22 5 20 02 23 8304.20000 5.62200000 181.57000 39.21000 11.24700 41.81900
22 5 20 02 24 8306.60000 5.62200000 181.57000 39.21000 11.24700 41.81900
22 5 20 02 24 8304.80000 5.62200000 181.57000 39.21000 11.17300 41.81900
22 5 20 02 25 8304.80000 5.62200000 181.57000 39.21000 11.17300 41.81900
