M=[
26 1 21 05 09 26412.40000 6.08600000 1103.00000 112.37000 16.50500 72.75400
26 1 21 05 10 26421.00000 6.08600000 1103.00000 112.37000 16.50500 72.75400
26 1 21 05 10 26427.50000 6.08600000 1102.88000 112.37000 16.50500 72.75400
26 1 21 05 10 26423.90000 6.08600000 1102.85000 112.44000 16.50500 72.75400
26 1 21 05 11 26410.00000 6.08600000 1102.85000 112.28000 16.50500 72.75400
26 1 21 05 11 26400.00000 6.08600000 1101.99000 112.24000 16.50500 72.75400
26 1 21 05 12 26400.00000 6.08600000 1101.30000 112.24000 16.37800 72.75400
26 1 21 05 12 26413.20000 6.08600000 1102.14000 112.18000 16.43100 72.75400
26 1 21 05 13 26403.10000 6.08600000 1102.39000 112.18000 16.43100 72.75400
26 1 21 05 13 26380.00000 6.08600000 1101.27000 112.23000 16.41500 72.75400
26 1 21 05 13 26393.10000 6.08600000 1101.42000 112.20000 16.41500 72.75400
26 1 21 05 14 26390.00000 6.08600000 1101.63000 112.20000 16.41500 72.75400
26 1 21 05 14 26387.90000 6.08600000 1102.48000 112.33000 16.41500 72.75400
26 1 21 05 15 26389.30000 6.08600000 1102.88000 112.33000 16.41500 72.75400
26 1 21 05 15 26386.30000 6.08600000 1102.68000 112.33000 16.41500 72.75400
26 1 21 05 16 26380.00000 6.08600000 1101.96000 112.33000 16.41500 72.75400
26 1 21 05 16 26373.00000 6.08600000 1102.66000 112.24000 16.41500 72.75400
26 1 21 05 16 26416.30000 6.08600000 1104.91000 112.24000 16.41500 72.75400
26 1 21 05 17 26413.00000 6.08600000 1104.90000 112.35000 16.41500 72.75400
26 1 21 05 17 26422.20000 6.08600000 1106.20000 112.35000 16.41500 72.75400
26 1 21 05 18 26417.90000 6.08600000 1106.20000 112.33000 16.41500 72.75400
26 1 21 05 18 26415.20000 6.08600000 1106.20000 112.31000 16.41500 72.75400
26 1 21 05 19 26400.10000 6.08600000 1104.51000 112.24000 16.41500 72.75400
26 1 21 05 19 26400.50000 6.08600000 1104.50000 112.24000 16.41500 72.75400
26 1 21 05 19 26460.60000 6.08600000 1105.98000 112.24000 16.41500 72.75400
26 1 21 05 20 26449.80000 6.08600000 1106.15000 112.24000 16.41500 72.75400
26 1 21 05 20 26420.10000 6.08600000 1105.98000 112.24000 16.41500 72.75400
26 1 21 05 21 26400.20000 6.08600000 1105.98000 112.24000 16.47000 72.75400
26 1 21 05 21 26406.20000 6.08600000 1104.37000 112.24000 16.47000 72.75400
26 1 21 05 22 26364.70000 6.08600000 1101.55000 112.24000 16.47100 72.75400
26 1 21 05 22 26339.80000 6.08600000 1096.88000 112.24000 16.47100 72.75400
26 1 21 05 22 26318.10000 6.08600000 1098.08000 112.24000 16.47000 72.75400
26 1 21 05 23 26319.80000 6.08600000 1098.00000 112.24000 16.47000 72.75400
26 1 21 05 23 26305.70000 6.08600000 1096.49000 112.02000 16.47000 72.75400
26 1 21 05 24 26287.60000 6.08600000 1096.32000 112.02000 16.47000 72.75400
26 1 21 05 24 26312.50000 6.08600000 1097.90000 112.24000 16.47000 72.75400
26 1 21 05 25 26300.00000 6.08600000 1097.70000 112.21000 16.47000 72.75400
26 1 21 05 25 26301.10000 6.08600000 1097.91000 112.21000 16.47000 72.75400
26 1 21 05 25 26296.30000 6.08600000 1099.04000 112.21000 16.47000 72.75400
26 1 21 05 26 26358.30000 6.08600000 1099.48000 112.31000 16.47000 72.75400
26 1 21 05 26 26349.70000 6.08600000 1100.42000 112.39000 16.47000 72.75400
26 1 21 05 27 26378.40000 6.08600000 1101.91000 112.39000 16.47000 72.75400
26 1 21 05 27 26371.80000 6.08600000 1101.91000 112.39000 16.47000 72.75400
26 1 21 05 28 26360.50000 6.08600000 1101.14000 112.43000 16.47000 72.75400
26 1 21 05 28 26354.60000 6.08600000 1099.41000 112.27000 16.47000 72.75400
26 1 21 05 28 26347.40000 6.08600000 1098.74000 112.27000 16.47000 72.75400
26 1 21 05 29 26314.00000 6.08600000 1097.84000 112.27000 16.47000 72.75400
26 1 21 05 29 26351.40000 6.08600000 1098.16000 112.27000 16.47000 72.75400
26 1 21 05 30 26351.40000 6.08600000 1099.02000 112.27000 16.47000 72.75400
26 1 21 05 30 26360.00000 6.08600000 1099.02000 112.27000 16.47000 72.75400
26 1 21 05 31 26359.90000 6.08600000 1098.19000 112.27000 16.47000 72.75400
26 1 21 05 31 26368.20000 6.08600000 1099.36000 112.27000 16.47000 72.75400
26 1 21 05 31 26384.00000 6.08600000 1099.98000 112.27000 16.47000 72.75400
26 1 21 05 32 26351.00000 6.08600000 1101.12000 112.41000 16.47100 72.75400
26 1 21 05 32 26354.30000 6.08600000 1101.12000 112.35000 16.47100 72.75400
26 1 21 05 33 26385.20000 6.08600000 1101.98000 112.35000 16.47100 72.75400
26 1 21 05 33 26378.60000 6.08600000 1101.98000 112.35000 16.47100 72.75400
26 1 21 05 34 26388.70000 6.08600000 1101.98000 112.35000 16.47100 72.53000
26 1 21 05 34 26393.00000 6.08600000 1101.47000 112.35000 16.47100 72.53000
26 1 21 05 34 26416.50000 6.08600000 1103.50000 112.35000 16.47100 72.53000
26 1 21 05 35 26398.90000 6.08600000 1103.00000 112.48000 16.47100 72.53000
26 1 21 05 35 26402.20000 6.08600000 1103.51000 112.48000 16.47100 72.53000
26 1 21 05 36 26445.40000 6.08600000 1104.98000 112.61000 16.47100 72.53000
26 1 21 05 36 26447.60000 6.08600000 1104.98000 112.61000 16.47100 72.53000
26 1 21 05 37 26457.60000 6.08600000 1105.66000 112.61000 16.47100 72.53000
26 1 21 05 37 26462.10000 6.08600000 1105.88000 112.61000 16.47100 72.53000
26 1 21 05 37 26478.30000 6.08600000 1105.73000 112.61000 16.47100 72.53000
26 1 21 05 38 26503.70000 6.08600000 1105.73000 112.61000 16.47100 72.53000
26 1 21 05 38 26491.30000 6.11100000 1106.63000 112.83000 16.47100 72.53000
26 1 21 05 39 26487.40000 6.11100000 1106.87000 112.90000 16.47100 72.53000
26 1 21 05 39 26486.10000 6.11100000 1107.02000 112.93000 16.47100 72.53000
26 1 21 05 40 26520.60000 6.11100000 1108.98000 112.90000 16.47100 72.53000
26 1 21 05 40 26533.60000 6.11100000 1109.22000 112.90000 16.47100 72.53000
26 1 21 05 40 26535.40000 6.11100000 1107.42000 112.90000 16.47100 72.50000
26 1 21 05 41 26572.90000 6.11100000 1108.04000 112.90000 16.47100 72.50000
26 1 21 05 41 26550.10000 6.11100000 1107.70000 112.90000 16.47100 72.50000
26 1 21 05 42 26550.10000 6.11100000 1107.48000 112.90000 16.47100 72.50000
26 1 21 05 42 26523.60000 6.11100000 1107.48000 112.90000 16.47100 72.50000
26 1 21 05 43 26501.80000 6.11100000 1105.88000 112.90000 16.47100 72.50000
26 1 21 05 43 26506.30000 6.11100000 1106.17000 112.90000 16.47100 72.50000
26 1 21 05 43 26508.20000 6.11100000 1106.17000 112.90000 16.47100 72.50000
26 1 21 05 44 26513.90000 6.11100000 1107.85000 112.90000 16.47100 72.50000
26 1 21 05 44 26534.30000 6.11100000 1107.85000 112.90000 16.47100 72.50000
26 1 21 05 45 26527.60000 6.11100000 1107.38000 112.99000 16.47100 72.50000
26 1 21 05 45 26589.80000 6.11100000 1109.99000 112.99000 16.47200 72.50000
26 1 21 05 46 26614.40000 6.11100000 1110.35000 112.99000 16.47200 72.50000
26 1 21 05 46 26597.80000 6.11100000 1109.75000 112.99000 16.47200 72.50000
26 1 21 05 46 26685.90000 6.11100000 1112.44000 113.39000 16.47200 72.50000
26 1 21 05 47 26681.10000 6.11100000 1112.20000 113.39000 16.47200 72.50000
26 1 21 05 47 26665.30000 6.11100000 1112.20000 113.47000 16.47200 72.50000
26 1 21 05 48 26644.30000 6.11100000 1111.58000 113.41000 16.47200 72.50000
26 1 21 05 48 26644.00000 6.11100000 1111.58000 113.41000 16.47200 72.50000
26 1 21 05 49 26644.10000 6.11100000 1111.58000 113.39000 16.47200 72.50000
26 1 21 05 49 26611.10000 6.11100000 1110.88000 113.39000 16.47200 72.50000
26 1 21 05 49 26605.40000 6.11100000 1110.61000 113.39000 16.54600 72.50000
26 1 21 05 50 26607.10000 6.11100000 1110.78000 113.39000 16.54600 72.50000
26 1 21 05 50 26604.10000 6.11100000 1110.51000 113.27000 16.54600 72.50000
26 1 21 05 51 26600.00000 6.11100000 1110.51000 113.12000 16.54600 72.50000
26 1 21 05 51 26584.10000 6.11100000 1110.63000 113.10000 16.54600 72.50000
26 1 21 05 52 26566.80000 6.11100000 1110.40000 113.10000 16.54600 72.50000
26 1 21 05 52 26598.10000 6.11100000 1109.63000 113.10000 16.54600 72.50000
26 1 21 05 52 26591.90000 6.11100000 1107.96000 113.11000 16.54600 72.50000
26 1 21 05 53 26600.00000 6.11100000 1108.81000 113.14000 16.54600 72.50000
26 1 21 05 53 26587.80000 6.11100000 1107.68000 112.98000 16.54600 72.50000
26 1 21 05 54 26570.70000 6.11100000 1107.22000 112.98000 16.54600 72.50000
