M=[
16 7 20 15 25 7989.00000 5.27200000 204.39000 36.80000 16.93200 51.80300
16 7 20 15 25 7991.30000 5.27200000 204.30000 36.80000 16.93200 51.80300
16 7 20 15 26 7991.60000 5.27200000 204.29000 36.88000 16.93200 51.80300
16 7 20 15 26 7991.70000 5.27200000 204.40000 36.89000 16.93200 51.80300
16 7 20 15 27 7991.70000 5.27200000 204.47000 36.89000 16.93200 51.80300
16 7 20 15 27 7995.40000 5.27200000 204.57000 36.89000 16.93200 51.80300
16 7 20 15 28 7998.60000 5.29200000 204.58000 36.89000 16.93200 51.80300
16 7 20 15 28 7998.00000 5.29200000 204.59000 36.89000 16.93200 51.80300
16 7 20 15 28 7998.70000 5.29200000 204.55000 36.93000 16.93200 51.80300
16 7 20 15 29 7996.10000 5.29200000 204.49000 36.93000 16.93200 51.80300
16 7 20 15 29 7995.50000 5.29200000 204.48000 36.93000 16.93200 51.80300
16 7 20 15 30 7995.50000 5.29200000 204.48000 36.93000 16.93200 51.80300
16 7 20 15 30 7995.50000 5.29200000 204.43000 36.93000 16.93200 51.80300
16 7 20 15 31 7993.90000 5.29200000 204.44000 36.93000 16.93200 51.80300
16 7 20 15 31 7993.90000 5.29200000 204.38000 36.93000 16.93200 51.80300
16 7 20 15 32 7993.90000 5.29200000 204.24000 36.93000 16.93200 51.80300
16 7 20 15 32 7993.90000 5.29200000 204.19000 36.93000 16.93200 51.80300
16 7 20 15 33 7993.80000 5.29200000 204.25000 36.93000 16.93200 51.80300
16 7 20 15 33 7993.90000 5.29200000 204.22000 36.93000 16.93200 51.80300
16 7 20 15 34 7990.10000 5.29200000 204.29000 36.93000 16.93200 51.80300
16 7 20 15 34 7991.40000 5.29200000 204.30000 36.93000 16.93200 51.80300
16 7 20 15 34 7991.60000 5.29200000 204.40000 36.90000 16.93200 51.93000
16 7 20 15 35 7992.80000 5.28500000 204.40000 36.89000 16.93200 51.93000
16 7 20 15 35 7992.90000 5.28500000 204.30000 36.89000 16.93200 51.93000
16 7 20 15 36 7992.90000 5.28500000 204.30000 36.90000 16.93200 51.93000
16 7 20 15 36 7992.50000 5.28500000 204.27000 36.90000 16.93200 51.93000
16 7 20 15 37 7993.30000 5.28500000 204.30000 36.90000 16.93200 51.93000
16 7 20 15 37 7993.30000 5.28500000 204.29000 36.90000 16.93200 51.93000
16 7 20 15 38 7992.20000 5.28500000 204.29000 36.90000 16.93200 51.93000
16 7 20 15 38 7992.20000 5.28500000 204.25000 36.90000 16.93200 51.93000
16 7 20 15 39 7992.20000 5.28500000 204.23000 36.90000 16.93200 51.93000
16 7 20 15 39 7991.20000 5.28500000 204.22000 36.89000 16.93200 51.93000
16 7 20 15 39 7991.20000 5.28500000 204.20000 36.89000 16.93200 51.93000
16 7 20 15 40 7991.20000 5.28500000 204.07000 36.89000 16.93200 51.93000
16 7 20 15 40 7991.10000 5.28500000 204.14000 36.89000 16.93200 51.93000
16 7 20 15 41 7990.10000 5.28500000 204.13000 36.89000 16.93200 51.93000
16 7 20 15 41 7990.20000 5.28500000 204.09000 36.89000 16.93200 51.93000
16 7 20 15 42 7990.20000 5.28500000 204.07000 36.89000 16.96100 51.93000
16 7 20 15 42 7989.10000 5.28500000 204.07000 36.89000 16.96100 51.93000
16 7 20 15 43 7988.70000 5.28500000 204.07000 36.89000 16.96100 51.99900
16 7 20 15 43 7988.60000 5.28500000 204.01000 36.89000 16.96100 51.99900
16 7 20 15 43 7987.20000 5.28500000 204.01000 36.89000 16.96100 51.99900
16 7 20 15 44 7987.20000 5.28500000 204.01000 36.89000 16.96100 51.99900
16 7 20 15 44 7987.10000 5.28500000 204.05000 36.89000 16.95500 51.99900
16 7 20 15 45 7987.20000 5.28500000 204.00000 36.89000 16.95500 51.99900
16 7 20 15 45 7987.00000 5.28500000 204.00000 36.84000 16.95500 51.99900
16 7 20 15 46 7984.80000 5.28500000 204.01000 36.84000 16.95500 51.99900
16 7 20 15 46 7984.90000 5.28500000 204.01000 36.84000 16.95500 51.99900
16 7 20 15 47 7984.10000 5.28500000 204.01000 36.84000 16.95500 51.99900
16 7 20 15 47 7985.30000 5.28500000 204.04000 36.85000 16.89100 51.99900
16 7 20 15 48 7984.80000 5.28500000 204.10000 36.85000 16.89100 51.99900
16 7 20 15 48 7985.60000 5.28500000 204.07000 36.85000 16.89100 51.99900
16 7 20 15 48 7985.60000 5.28500000 204.06000 36.84000 16.89100 51.99900
16 7 20 15 49 7984.20000 5.28500000 204.00000 36.84000 16.89100 51.99900
16 7 20 15 49 7984.50000 5.28500000 204.01000 36.84000 16.89100 51.99900
16 7 20 15 50 7984.40000 5.28500000 204.00000 36.84000 16.89100 51.99900
16 7 20 15 50 7984.40000 5.28500000 204.00000 36.84000 16.89100 51.99900
16 7 20 15 51 7984.50000 5.28500000 204.02000 36.84000 16.89100 51.99900
16 7 20 15 51 7989.10000 5.28500000 204.04000 36.84000 16.89100 51.99900
16 7 20 15 52 7987.60000 5.28500000 204.07000 36.84000 16.89100 51.99900
16 7 20 15 52 7986.70000 5.28500000 204.05000 36.84000 16.89100 51.99900
16 7 20 15 52 7986.30000 5.28500000 204.05000 36.84000 16.89100 51.99900
16 7 20 15 53 7988.80000 5.28500000 204.13000 36.83000 16.89100 51.99900
16 7 20 15 53 7988.70000 5.28500000 204.13000 36.85000 16.89100 51.99900
16 7 20 15 54 7987.30000 5.28500000 204.09000 36.85000 16.89100 51.99900
16 7 20 15 54 7987.50000 5.28500000 204.10000 36.85000 16.89100 51.99900
16 7 20 15 55 7985.90000 5.28500000 204.10000 36.85000 16.89100 51.99900
16 7 20 15 55 7985.70000 5.28500000 204.07000 36.85000 16.89100 51.99900
16 7 20 15 56 7986.60000 5.28500000 204.07000 36.85000 16.89100 51.99900
16 7 20 15 56 7990.20000 5.28500000 204.09000 36.85000 16.89100 51.98600
16 7 20 15 57 7990.30000 5.27600000 204.18000 36.85000 16.89100 51.98600
16 7 20 15 57 7989.30000 5.27600000 204.10000 36.85000 16.89100 51.98600
16 7 20 15 58 7989.10000 5.27600000 204.11000 36.85000 16.89100 51.98600
16 7 20 15 58 7989.80000 5.27600000 204.20000 36.85000 16.89100 51.98600
16 7 20 15 58 7989.70000 5.27600000 204.17000 36.85000 16.89100 52.04900
16 7 20 15 59 7989.70000 5.27600000 204.16000 36.85000 16.89100 52.04900
16 7 20 15 59 7992.40000 5.27600000 204.18000 36.85000 16.89100 52.04900
16 7 20 16 00 7992.10000 5.27600000 204.18000 36.85000 16.89100 52.04900
16 7 20 16 00 7992.40000 5.27600000 204.00000 36.85000 16.89100 52.04900
16 7 20 16 01 7993.10000 5.27600000 204.18000 36.81000 16.89100 52.04900
16 7 20 16 01 7993.10000 5.27600000 204.18000 36.78000 16.89100 52.04900
16 7 20 16 02 7996.70000 5.27600000 204.15000 36.83000 16.89100 52.04900
16 7 20 16 02 7997.90000 5.27600000 204.15000 36.83000 16.89100 52.04900
16 7 20 16 03 7997.80000 5.27600000 204.14000 36.83000 16.89100 52.04900
16 7 20 16 03 7997.90000 5.28000000 204.15000 36.83000 16.89100 52.04900
16 7 20 16 03 7997.90000 5.28000000 204.15000 36.83000 16.89100 52.04900
16 7 20 16 04 7997.90000 5.28000000 204.22000 36.83000 16.89100 52.04900
16 7 20 16 04 7997.50000 5.28000000 204.15000 36.84000 16.89100 52.04900
16 7 20 16 05 7997.90000 5.28000000 204.13000 36.84000 16.89100 52.04900
16 7 20 16 05 7997.90000 5.28000000 204.17000 36.84000 16.89100 52.04900
16 7 20 16 06 7997.90000 5.28500000 204.30000 36.84000 16.89100 52.04900
16 7 20 16 06 7997.90000 5.28500000 204.30000 36.85000 16.89100 52.04900
16 7 20 16 07 7997.90000 5.28500000 204.29000 36.85000 16.89100 52.04900
16 7 20 16 07 7997.90000 5.28500000 204.25000 36.82000 16.89100 52.04900
16 7 20 16 08 7997.80000 5.28500000 204.14000 36.82000 16.89100 52.04900
16 7 20 16 08 7997.90000 5.28500000 204.14000 36.83000 16.89100 52.04900
16 7 20 16 09 7997.90000 5.28500000 204.14000 36.83000 16.89100 52.04900
16 7 20 16 09 7997.90000 5.28500000 204.29000 36.83000 16.89100 52.04900
16 7 20 16 10 7999.90000 5.28500000 204.70000 36.83000 16.89100 51.96800
16 7 20 16 10 7999.80000 5.28500000 204.70000 36.83000 16.89100 51.96800
16 7 20 16 11 7999.90000 5.28500000 204.78000 36.83000 16.89100 51.96800
16 7 20 16 11 7999.90000 5.28500000 204.80000 36.83000 16.89100 51.96800
16 7 20 16 11 7999.90000 5.28500000 204.79000 36.83000 16.89100 51.96800
16 7 20 16 12 7999.80000 5.28500000 204.79000 36.83000 16.89100 51.96800
16 7 20 16 12 7999.90000 5.28500000 204.80000 36.83000 16.89100 51.96800
16 7 20 16 13 7999.80000 5.28500000 204.80000 36.83000 16.89100 51.96800
16 7 20 16 13 7999.80000 5.28500000 204.81000 36.83000 16.89200 51.96800
16 7 20 16 14 7999.80000 5.28500000 204.80000 36.85000 16.89200 51.96800
16 7 20 16 14 7998.80000 5.28500000 204.67000 36.81000 16.89200 52.03800
