M=[
 7 6 20 13 46 8418.40000 5.93000000 210.37000 40.50000 12.88800 45.09900
 7 6 20 13 47 8420.00000 5.93000000 210.29000 40.50000 12.88800 45.24200
 7 6 20 13 47 8420.10000 5.92600000 210.33000 40.46000 12.88800 45.24200
 7 6 20 13 48 8420.00000 5.92500000 210.23000 40.46000 12.88800 45.24200
 7 6 20 13 49 8413.60000 5.92500000 210.21000 40.43000 12.88800 45.14100
 7 6 20 13 49 8410.10000 5.92500000 210.16000 40.43000 12.88800 45.14100
 7 6 20 13 50 8407.10000 5.92500000 210.00000 40.45000 12.88800 45.14100
 7 6 20 13 50 8401.00000 5.91700000 209.30000 40.35000 12.77500 45.14100
 7 6 20 13 51 8416.40000 5.92600000 210.20000 40.40000 12.77500 45.16000
 7 6 20 13 51 8418.40000 5.92600000 210.20000 40.47000 12.77500 45.16000
 7 6 20 13 52 8416.20000 5.91900000 209.93000 40.45000 12.77500 45.16000
 7 6 20 13 53 8415.00000 5.91900000 209.64000 40.45000 12.77500 45.16000
 7 6 20 13 53 8411.20000 5.91900000 209.70000 40.45000 12.77500 45.16000
 7 6 20 13 54 8412.10000 5.91900000 209.69000 40.45000 12.77500 45.16000
 7 6 20 13 54 8407.00000 5.91800000 209.77000 40.45000 12.77500 45.16000
 7 6 20 13 55 8410.00000 5.91800000 209.79000 40.45000 12.77500 45.16000
 7 6 20 13 55 8410.00000 5.91800000 209.84000 40.45000 12.77500 45.16000
 7 6 20 13 56 8410.00000 5.91800000 209.72000 40.43000 12.77500 45.16000
 7 6 20 13 56 8400.00000 5.91600000 209.54000 40.43000 12.74400 45.21100
 7 6 20 13 57 8401.50000 5.91600000 209.48000 40.36000 12.74400 45.21100
 7 6 20 13 58 8400.30000 5.91600000 209.50000 40.36000 12.74400 45.21100
 7 6 20 13 58 8400.00000 5.91600000 209.49000 40.34000 12.74400 45.13000
 7 6 20 13 59 8400.10000 5.89600000 209.49000 40.34000 12.74400 45.17000
 7 6 20 14 00 8400.10000 5.89600000 209.38000 40.33000 12.74400 45.17000
 7 6 20 14 00 8395.00000 5.89400000 209.15000 40.27000 12.74400 45.14200
 7 6 20 14 01 8395.00000 5.91200000 209.37000 40.26000 12.74400 45.14200
 7 6 20 14 01 8388.00000 5.91200000 209.28000 40.26000 12.72500 45.06000
 7 6 20 14 02 8400.00000 5.91200000 209.89000 40.25000 12.72500 45.06000
 7 6 20 14 02 8401.20000 5.90600000 209.99000 40.32000 12.72500 45.06000
 7 6 20 14 03 8399.00000 5.90600000 209.88000 40.32000 12.74100 45.06000
 7 6 20 14 04 8398.30000 5.90600000 209.97000 40.35000 12.74100 45.06000
 7 6 20 14 04 8401.50000 5.91800000 209.63000 40.35000 12.74100 45.06000
 7 6 20 14 05 8401.00000 5.90600000 209.64000 40.34000 12.74100 45.06000
 7 6 20 14 05 8388.00000 5.90100000 209.15000 40.23000 12.78900 45.20000
 7 6 20 14 06 8383.20000 5.90000000 209.58000 40.24000 12.78900 45.12000
 7 6 20 14 07 8376.00000 5.90000000 209.12000 40.24000 12.78900 45.12000
 7 6 20 14 08 8377.80000 5.89000000 209.11000 40.24000 12.78900 45.12000
 7 6 20 14 08 8400.00000 5.90500000 209.40000 40.35000 12.78900 45.12000
 7 6 20 14 09 8399.60000 5.90500000 209.60000 40.38000 12.78900 45.12000
 7 6 20 14 09 8399.90000 5.90500000 209.88000 40.38000 12.78900 45.33000
 7 6 20 14 10 8400.20000 5.90500000 210.20000 40.43000 12.78900 45.12000
 7 6 20 14 11 8407.50000 5.90500000 210.32000 40.43000 12.78900 45.33000
 7 6 20 14 11 8407.00000 5.90500000 210.29000 40.43000 12.78900 45.33900
 7 6 20 14 12 8409.90000 5.90500000 210.42000 40.43000 12.78900 45.45800
 7 6 20 14 12 8411.70000 5.90500000 210.29000 40.43000 12.74100 45.47200
 7 6 20 14 13 8415.10000 5.90500000 210.51000 40.47000 12.78900 45.47200
 7 6 20 14 13 8415.10000 5.94000000 210.40000 40.47000 12.78900 45.47200
 7 6 20 14 14 8410.60000 5.94000000 210.51000 40.47000 12.78900 45.47200
 7 6 20 14 15 8410.70000 5.94000000 210.41000 40.47000 12.78900 45.47200
 7 6 20 14 15 8408.90000 5.90500000 210.18000 40.47000 12.78900 45.49000
 7 6 20 14 16 8415.10000 5.94000000 210.36000 40.48000 12.78900 45.47200
 7 6 20 14 16 8408.20000 5.92900000 210.29000 40.48000 12.78900 45.47200
 7 6 20 14 17 8408.00000 5.92900000 210.15000 40.48000 12.75500 45.47200
 7 6 20 14 17 8408.60000 5.90500000 210.19000 40.48000 12.75500 45.47200
 7 6 20 14 18 8416.00000 5.90500000 210.34000 40.48000 12.75500 45.47200
 7 6 20 14 18 8415.70000 5.92900000 210.35000 40.48000 12.75500 45.47200
 7 6 20 14 19 8415.50000 5.92900000 210.34000 40.48000 12.75500 45.47200
 7 6 20 14 19 8415.40000 5.92900000 210.34000 40.48000 12.75500 45.47200
 7 6 20 14 20 8415.40000 5.92900000 210.45000 40.48000 12.75500 45.47200
 7 6 20 14 20 8415.40000 5.92900000 210.48000 40.48000 12.75500 45.56400
 7 6 20 14 21 8415.40000 5.92900000 210.45000 40.48000 12.74100 45.56400
 7 6 20 14 22 8420.40000 5.92900000 210.49000 40.48000 12.75500 45.56400
 7 6 20 14 22 8425.00000 5.92200000 210.50000 40.55000 12.74100 45.56400
 7 6 20 14 23 8424.90000 5.92200000 210.58000 40.48000 12.75500 45.56400
 7 6 20 14 23 8424.60000 5.94100000 210.52000 40.55000 12.69800 45.56400
 7 6 20 14 24 8424.90000 5.94100000 210.50000 40.55000 12.69800 45.56400
 7 6 20 14 24 8425.00000 5.94000000 210.52000 40.54000 12.69800 45.56400
 7 6 20 14 25 8424.80000 5.94000000 210.62000 40.54000 12.69800 45.56400
 7 6 20 14 25 8424.80000 5.94000000 210.39000 40.51000 12.69800 45.56400
 7 6 20 14 26 8424.80000 5.93700000 210.52000 40.51000 12.69800 45.56400
 7 6 20 14 26 8424.80000 5.93700000 210.65000 40.55000 12.69800 45.49000
 7 6 20 14 27 8424.80000 5.92700000 210.75000 40.54000 12.69800 45.56400
 7 6 20 14 27 8424.90000 5.93700000 210.73000 40.54000 12.69800 45.56400
 7 6 20 14 28 8425.00000 5.92700000 210.64000 40.51000 12.69800 45.56400
 7 6 20 14 28 8425.00000 5.93700000 210.65000 40.54000 12.69800 45.56400
 7 6 20 14 29 8424.90000 5.92700000 210.66000 40.54000 12.69800 45.56400
 7 6 20 14 29 8425.00000 5.92700000 210.66000 40.54000 12.69800 45.56400
 7 6 20 14 30 8425.00000 5.92700000 210.64000 40.54000 12.69800 45.54800
 7 6 20 14 30 8424.90000 5.92700000 210.71000 40.54000 12.69800 45.54800
 7 6 20 14 31 8424.90000 5.92700000 210.66000 40.54000 12.69800 45.54800
 7 6 20 14 31 8425.00000 5.92700000 210.71000 40.54000 12.69800 45.54800
 7 6 20 14 32 8425.00000 5.92700000 210.70000 40.54000 12.75500 45.54800
 7 6 20 14 32 8425.00000 5.92700000 210.71000 40.55000 12.69800 45.54800
 7 6 20 14 33 8424.10000 5.92700000 210.71000 40.55000 12.69800 45.54800
 7 6 20 14 33 8421.00000 5.92700000 210.72000 40.55000 12.69800 45.54800
 7 6 20 14 34 8416.70000 5.92700000 210.63000 40.52000 12.69800 45.50700
 7 6 20 14 34 8410.10000 5.92700000 210.47000 40.52000 12.69800 45.50700
 7 6 20 14 35 8410.10000 5.92700000 210.47000 40.52000 12.69800 45.49000
 7 6 20 14 35 8417.00000 5.92700000 210.47000 40.52000 12.72500 45.51800
 7 6 20 14 36 8412.20000 5.93600000 210.45000 40.52000 12.72500 45.51800
 7 6 20 14 36 8412.70000 5.93600000 210.43000 40.52000 12.72500 45.51800
 7 6 20 14 37 8411.80000 5.93600000 210.43000 40.52000 12.72500 45.51800
 7 6 20 14 37 8412.70000 5.93600000 210.43000 40.54000 12.69800 45.51800
 7 6 20 14 38 8413.00000 5.93600000 210.43000 40.51000 12.72500 45.51800
 7 6 20 14 38 8413.80000 5.93600000 210.42000 40.54000 12.72500 45.51800
 7 6 20 14 39 8411.80000 5.93000000 210.43000 40.52000 12.72500 45.51800
 7 6 20 14 39 8412.80000 5.92700000 210.43000 40.52000 12.72500 45.51800
 7 6 20 14 40 8417.00000 5.93000000 210.42000 40.51000 12.72500 45.51800
 7 6 20 14 40 8412.80000 5.93000000 210.47000 40.51000 12.70200 45.51800
 7 6 20 14 41 8415.80000 5.93000000 210.46000 40.51000 12.72500 45.47200
 7 6 20 14 42 8415.40000 5.93000000 210.42000 40.51000 12.72500 45.51800
 7 6 20 14 42 8416.70000 5.93000000 210.66000 40.51000 12.72500 45.51800
 7 6 20 14 43 8418.00000 5.93000000 210.78000 40.51000 12.72500 45.51800
 7 6 20 14 43 8411.80000 5.93000000 210.93000 40.51000 12.72500 45.51800
 7 6 20 14 44 8420.10000 5.93000000 210.93000 40.51000 12.72500 45.51800
 7 6 20 14 44 8417.00000 5.93000000 210.80000 40.51000 12.74100 45.51800
 7 6 20 14 45 8417.10000 5.93000000 210.81000 40.51000 12.72500 45.51800
 7 6 20 14 45 8417.00000 5.93000000 210.72000 40.54000 12.72500 45.51800
 7 6 20 14 46 8417.30000 5.93000000 210.72000 40.54000 12.72500 45.51800
