M=[
 7 8 21 10 56 37148.40000 48.40800000 2610.00000 131.31000 23.44100 108.69000
 7 8 21 10 56 37150.00000 48.40800000 2610.00000 131.33000 23.44100 108.69000
 7 8 21 10 57 37150.00000 48.40800000 2608.46000 131.30000 23.44100 108.69000
 7 8 21 10 57 37150.10000 48.40800000 2608.00000 131.30000 23.44100 108.69000
 7 8 21 10 58 37150.00000 48.40800000 2608.09000 131.30000 23.44100 108.69000
 7 8 21 10 58 37150.00000 48.40800000 2608.00000 131.30000 23.44100 108.69000
 7 8 21 10 58 37138.50000 48.53300000 2608.49000 131.30000 23.45700 108.69000
 7 8 21 10 59 37140.20000 48.53300000 2608.29000 131.15000 23.50000 108.69000
 7 8 21 10 59 37146.50000 48.53300000 2608.70000 131.26000 23.50000 108.69000
 7 8 21 11 00 37149.90000 48.57900000 2613.70000 131.26000 23.50000 108.69000
 7 8 21 11 00 37137.40000 48.57900000 2611.84000 131.26000 23.50000 108.69000
 7 8 21 11 01 37104.50000 48.57900000 2611.10000 131.17000 23.50000 108.69000
 7 8 21 11 01 37104.30000 48.57900000 2606.18000 131.17000 23.50000 108.83900
 7 8 21 11 01 37104.30000 48.24000000 2607.40000 131.17000 23.50000 108.83900
 7 8 21 11 02 37053.20000 48.24000000 2606.52000 131.00000 23.50000 108.83900
 7 8 21 11 02 37027.80000 48.24000000 2606.00000 130.80000 23.50000 108.61900
 7 8 21 11 03 37004.70000 48.24000000 2606.00000 130.81000 23.50000 108.31700
 7 8 21 11 03 37023.20000 47.96600000 2604.90000 130.81000 23.50000 108.31700
 7 8 21 11 04 37048.90000 48.08000000 2606.76000 130.73000 23.50000 108.31700
 7 8 21 11 04 37039.80000 48.08000000 2606.81000 130.53000 23.50000 108.31700
 7 8 21 11 05 37010.00000 48.08000000 2605.40000 130.65000 23.50000 108.31700
 7 8 21 11 05 37021.50000 48.08000000 2605.99000 130.65000 23.50000 108.31700
 7 8 21 11 05 37021.50000 48.08000000 2605.98000 130.75000 23.50000 108.08800
 7 8 21 11 06 36980.40000 48.04600000 2604.88000 130.52000 23.50000 108.08800
 7 8 21 11 06 36981.50000 48.04600000 2604.55000 130.52000 23.50000 108.08800
 7 8 21 11 07 36993.30000 48.04600000 2605.98000 130.52000 23.50000 108.08800
 7 8 21 11 07 37009.00000 48.04600000 2605.89000 130.52000 23.50000 108.08800
 7 8 21 11 08 36973.00000 48.04600000 2605.97000 130.54000 23.50000 108.08800
 7 8 21 11 08 36978.20000 48.04600000 2605.00000 130.39000 23.50000 108.08800
 7 8 21 11 08 36965.20000 48.04600000 2604.14000 130.34000 23.50000 108.08800
 7 8 21 11 09 36965.10000 48.04600000 2602.32000 130.23000 23.50000 108.08800
 7 8 21 11 09 36974.70000 47.91000000 2600.00000 130.23000 23.50000 108.08800
 7 8 21 11 10 37000.00000 47.95000000 2602.99000 130.31000 23.62600 108.08800
 7 8 21 11 10 37021.50000 47.95000000 2603.00000 130.50000 23.52600 108.08800
 7 8 21 11 11 37010.60000 47.95000000 2602.99000 130.47000 23.52600 108.08800
 7 8 21 11 11 37012.40000 48.04500000 2604.00000 130.47000 23.65200 108.08800
 7 8 21 11 11 37010.30000 48.04500000 2604.00000 130.47000 23.65200 108.08800
 7 8 21 11 12 36996.30000 48.02000000 2604.00000 130.46000 23.65200 108.08800
 7 8 21 11 12 37004.70000 48.02000000 2604.00000 130.38000 23.62500 108.08800
 7 8 21 11 13 36982.40000 48.05200000 2603.85000 130.38000 23.62500 108.08800
 7 8 21 11 13 36986.30000 47.98200000 2604.00000 130.31000 23.62500 107.93200
 7 8 21 11 14 36992.80000 47.98200000 2603.97000 130.29000 23.62500 107.90800
 7 8 21 11 14 36986.00000 47.98200000 2604.00000 130.40000 23.62500 107.90800
 7 8 21 11 14 36991.90000 47.98200000 2606.24000 130.35000 23.50100 107.90800
 7 8 21 11 15 36965.00000 47.98200000 2604.00000 130.35000 23.50100 107.90800
 7 8 21 11 15 36989.90000 47.98200000 2604.51000 130.35000 23.50100 107.90800
 7 8 21 11 16 36995.40000 47.98200000 2605.98000 130.24000 23.50100 107.90800
 7 8 21 11 16 36990.00000 47.98200000 2604.05000 130.24000 23.50000 107.90800
 7 8 21 11 17 36985.90000 47.98200000 2603.90000 130.23000 23.50000 107.90800
 7 8 21 11 17 37001.70000 47.98200000 2603.48000 130.24000 23.50000 107.90800
 7 8 21 11 18 37014.90000 47.98200000 2605.17000 130.23000 23.50000 107.90800
 7 8 21 11 18 37018.10000 48.29000000 2605.85000 130.32000 23.50000 107.90800
 7 8 21 11 18 37018.10000 48.30400000 2605.59000 130.29000 23.50000 107.90800
 7 8 21 11 19 37035.40000 48.23400000 2606.86000 130.29000 23.50000 107.90800
 7 8 21 11 19 37031.50000 48.23400000 2607.80000 130.30000 23.50000 107.90800
 7 8 21 11 20 37039.50000 48.23400000 2608.10000 130.42000 23.50000 107.90800
 7 8 21 11 20 37061.20000 48.23400000 2608.90000 130.43000 23.50000 107.90800
 7 8 21 11 21 37070.00000 48.34300000 2611.12000 130.43000 23.50000 108.20700
 7 8 21 11 21 37069.90000 48.31600000 2612.49000 130.59000 23.50000 108.20700
 7 8 21 11 21 37093.70000 48.35400000 2614.89000 130.66000 23.50000 108.20700
 7 8 21 11 22 37100.00000 48.30500000 2614.95000 130.68000 23.50000 108.20700
 7 8 21 11 22 37089.30000 48.29100000 2615.37000 130.71000 23.50000 108.20700
 7 8 21 11 23 37082.60000 48.29100000 2617.15000 130.71000 23.50000 108.20700
 7 8 21 11 23 37190.40000 48.29100000 2624.23000 130.91000 23.50000 108.20700
 7 8 21 11 24 37251.00000 48.34500000 2624.25000 130.91000 23.50000 108.20700
 7 8 21 11 24 37222.10000 48.34500000 2624.25000 131.00000 23.50000 108.20700
 7 8 21 11 24 37173.20000 48.34500000 2622.74000 131.00000 23.50000 108.20700
 7 8 21 11 25 37133.30000 48.34500000 2619.01000 131.00000 23.50000 108.20700
 7 8 21 11 25 37154.70000 48.34500000 2620.11000 130.72000 23.50000 108.20700
 7 8 21 11 26 37253.10000 48.33700000 2632.24000 130.72000 23.50000 108.20700
 7 8 21 11 26 37213.90000 48.33700000 2628.54000 131.03000 23.50000 108.20700
 7 8 21 11 27 37175.10000 48.33700000 2627.19000 131.03000 23.50000 108.20700
 7 8 21 11 27 37175.10000 48.33700000 2625.85000 131.03000 23.50000 108.20700
 7 8 21 11 27 37175.00000 48.33700000 2627.05000 130.90000 23.50000 108.20700
 7 8 21 11 28 37166.30000 48.33700000 2625.43000 130.90000 23.50000 108.20700
 7 8 21 11 28 37150.00000 48.33700000 2626.54000 130.86000 23.50000 108.20700
 7 8 21 11 29 37156.20000 48.33700000 2625.39000 130.86000 23.60700 108.58700
 7 8 21 11 29 37162.40000 48.33300000 2626.32000 130.86000 23.60700 108.58700
 7 8 21 11 30 37166.50000 48.33200000 2627.23000 130.86000 23.60700 108.58700
 7 8 21 11 30 37159.60000 48.33200000 2622.78000 130.86000 23.71900 108.58700
 7 8 21 11 31 37160.10000 48.33200000 2622.13000 130.86000 23.71900 108.58700
 7 8 21 11 31 37159.60000 48.33200000 2622.41000 130.86000 23.71900 108.58700
 7 8 21 11 31 37160.70000 48.33200000 2623.51000 130.92000 23.71900 108.58700
 7 8 21 11 32 37171.40000 48.26200000 2623.85000 130.98000 23.71900 108.58700
 7 8 21 11 32 37165.20000 48.26200000 2621.46000 130.99000 23.71900 108.58700
 7 8 21 11 33 37171.30000 48.26200000 2620.39000 130.94000 23.71900 108.58700
 7 8 21 11 33 37188.50000 48.26200000 2621.00000 130.94000 23.71900 108.58700
 7 8 21 11 34 37169.20000 48.26200000 2620.07000 130.94000 23.71900 108.58700
 7 8 21 11 34 37188.70000 48.26200000 2620.94000 131.20000 23.71900 108.58700
 7 8 21 11 34 37220.40000 48.26200000 2621.80000 131.34000 23.71900 108.58700
 7 8 21 11 35 37188.40000 48.26200000 2618.58000 131.30000 23.71900 108.58700
 7 8 21 11 35 37178.70000 48.26200000 2616.91000 131.12000 23.71900 108.58700
 7 8 21 11 36 37178.60000 48.40600000 2617.13000 131.04000 23.71900 108.58700
 7 8 21 11 36 37160.20000 48.40600000 2616.12000 131.04000 23.73000 108.58700
 7 8 21 11 37 37160.00000 48.40600000 2615.07000 130.95000 23.73000 108.58700
 7 8 21 11 37 37160.10000 48.40600000 2615.07000 130.95000 23.73000 108.58700
 7 8 21 11 37 37153.20000 48.29100000 2612.91000 130.97000 23.66800 108.58700
 7 8 21 11 38 37116.60000 48.32100000 2614.46000 130.97000 23.66900 108.60500
 7 8 21 11 38 37131.50000 48.32100000 2616.58000 130.98000 23.66900 108.60500
 7 8 21 11 39 37133.20000 48.32100000 2617.55000 130.99000 23.57400 108.60500
 7 8 21 11 39 37152.40000 48.32100000 2618.23000 130.99000 23.57400 108.60500
 7 8 21 11 40 37157.50000 48.33600000 2619.02000 130.99000 23.57400 108.60500
