M=[
28 5 21 16 42 29707.90000 56.56500000 2057.53000 143.27000 24.34000 129.41800
28 5 21 16 42 29731.40000 56.56500000 2059.32000 143.52000 24.34000 129.41800
28 5 21 16 42 29736.20000 56.56500000 2059.81000 143.52000 24.34000 129.41800
28 5 21 16 43 29728.60000 56.56500000 2059.93000 143.52000 24.34000 129.41800
28 5 21 16 43 29749.50000 56.56500000 2062.43000 143.52000 24.34000 129.41800
28 5 21 16 44 29758.70000 56.70300000 2065.08000 143.52000 24.34000 129.41800
28 5 21 16 44 29783.10000 56.66600000 2065.54000 143.85000 24.34000 130.21500
28 5 21 16 45 29736.30000 56.66600000 2062.68000 143.57000 24.30400 130.21500
28 5 21 16 45 29803.50000 56.66600000 2068.32000 143.57000 24.30400 130.77500
28 5 21 16 45 29845.30000 56.66600000 2074.05000 144.26000 24.30400 130.80700
28 5 21 16 46 29795.70000 57.06000000 2068.37000 144.12000 24.30400 131.02800
28 5 21 16 46 29807.10000 57.06000000 2071.68000 144.06000 24.30400 131.13600
28 5 21 16 47 29796.20000 57.06000000 2071.89000 144.44000 24.30400 131.53000
28 5 21 16 47 29805.10000 57.06000000 2073.56000 144.44000 24.30400 131.53000
28 5 21 16 48 29805.10000 57.06000000 2075.04000 144.44000 24.30400 131.70100
28 5 21 16 48 29805.10000 57.06000000 2073.41000 144.58000 24.30400 131.77700
28 5 21 16 49 29796.20000 57.11000000 2071.49000 144.48000 24.30400 131.75300
28 5 21 16 49 29836.80000 57.11000000 2072.00000 144.67000 24.30400 131.80100
28 5 21 16 49 29821.10000 57.11000000 2076.23000 144.61000 24.30400 131.80100
28 5 21 16 50 29813.50000 57.21800000 2075.10000 144.46000 24.30400 131.53200
28 5 21 16 50 29839.50000 57.21800000 2075.45000 144.47000 24.30400 131.53200
28 5 21 16 51 29838.00000 57.21800000 2073.67000 144.30000 24.30400 131.53200
28 5 21 16 51 29799.60000 57.21800000 2072.60000 144.35000 24.30400 130.70200
28 5 21 16 52 29807.20000 57.21800000 2072.60000 144.31000 24.30400 130.71600
28 5 21 16 52 29806.80000 57.15800000 2073.23000 144.31000 24.42100 130.91800
28 5 21 16 52 29808.40000 57.15800000 2071.49000 144.14000 24.42100 130.91800
28 5 21 16 53 29855.20000 57.15800000 2075.53000 144.38000 24.42100 130.91800
28 5 21 16 53 29833.90000 57.15800000 2072.75000 144.27000 24.42100 130.91800
28 5 21 16 54 29739.00000 57.15800000 2068.37000 143.86000 24.45800 130.91800
28 5 21 16 54 29757.30000 57.15800000 2069.02000 143.81000 24.45800 129.87100
28 5 21 16 55 29700.10000 57.15800000 2065.00000 143.81000 24.45800 129.74400
28 5 21 16 55 29656.80000 57.15800000 2061.58000 143.63000 24.45800 129.54100
28 5 21 16 55 29600.00000 56.78800000 2055.08000 143.11000 24.45800 129.24900
28 5 21 16 56 29507.50000 56.78800000 2050.20000 142.71000 24.36000 128.41500
28 5 21 16 56 29520.00000 56.40500000 2052.94000 142.71000 24.36000 128.37200
28 5 21 16 57 29535.70000 56.40500000 2049.59000 142.32000 24.36000 128.01300
28 5 21 16 57 29502.10000 56.40500000 2046.38000 142.32000 24.36000 128.01300
28 5 21 16 58 29494.80000 56.40500000 2040.76000 142.22000 24.36000 127.70300
28 5 21 16 58 29494.30000 56.21600000 2043.89000 142.37000 24.36000 128.13100
28 5 21 16 58 29453.70000 56.04400000 2036.05000 141.81000 24.36000 128.13100
28 5 21 16 59 29462.80000 56.14500000 2036.07000 142.05000 24.36000 128.13100
28 5 21 16 59 29415.30000 55.99200000 2034.41000 141.74000 24.36000 127.74200
28 5 21 17 00 29465.90000 55.99200000 2035.90000 141.91000 24.36000 127.67300
28 5 21 17 00 29434.30000 55.99200000 2036.22000 142.01000 24.36000 128.10800
28 5 21 17 01 29427.70000 55.99200000 2031.12000 142.01000 24.36000 128.10800
28 5 21 17 01 29339.60000 55.99200000 2023.18000 141.78000 24.36000 127.36400
28 5 21 17 01 29330.80000 55.68800000 2022.15000 141.47000 24.36000 127.49700
28 5 21 17 02 29338.40000 55.89900000 2021.68000 141.56000 24.36000 128.03800
28 5 21 17 02 29430.50000 55.85800000 2029.77000 142.14000 24.36000 128.03800
28 5 21 17 03 29436.80000 55.85800000 2034.84000 142.55000 24.36000 128.21300
28 5 21 17 03 29486.30000 56.14700000 2034.67000 142.61000 24.36000 128.63800
28 5 21 17 04 29415.10000 56.14700000 2030.06000 142.30000 24.36000 128.63800
28 5 21 17 04 29476.30000 56.14700000 2036.47000 142.67000 24.36000 128.63800
28 5 21 17 04 29533.70000 56.14700000 2039.18000 143.07000 24.36000 129.00800
28 5 21 17 05 29555.10000 56.14700000 2041.99000 143.22000 24.36000 129.00800
28 5 21 17 05 29548.60000 56.45800000 2042.24000 143.47000 24.36000 129.00800
28 5 21 17 06 29549.00000 56.45800000 2044.78000 143.71000 24.36000 128.97400
28 5 21 17 06 29562.90000 56.45800000 2044.06000 143.48000 24.36000 128.97400
28 5 21 17 07 29575.00000 56.45800000 2043.53000 143.61000 24.36000 128.97400
28 5 21 17 07 29617.30000 56.65600000 2047.51000 143.94000 24.36000 129.25600
28 5 21 17 07 29618.20000 56.65600000 2047.54000 143.94000 24.36000 129.25600
28 5 21 17 08 29610.20000 56.65600000 2048.07000 144.15000 24.36000 129.72800
28 5 21 17 08 29617.90000 56.65600000 2049.66000 143.99000 24.36000 129.72800
28 5 21 17 09 29668.20000 56.65600000 2052.46000 144.34000 24.36000 129.79700
28 5 21 17 09 29710.80000 56.65600000 2056.42000 144.53000 24.36000 129.80900
28 5 21 17 10 29702.30000 56.91600000 2056.92000 144.56000 24.36000 129.70000
28 5 21 17 10 29734.80000 56.91600000 2059.77000 144.56000 24.36000 129.74400
28 5 21 17 10 29720.40000 56.91600000 2058.06000 144.49000 24.36000 129.79600
28 5 21 17 11 29677.70000 57.03600000 2052.15000 143.89000 24.36000 129.76700
28 5 21 17 11 29627.30000 57.03600000 2049.66000 143.70000 24.36000 129.76700
28 5 21 17 12 29626.20000 57.03600000 2044.30000 143.70000 24.36000 129.13600
28 5 21 17 12 29588.50000 57.03600000 2044.75000 143.70000 24.36000 129.13600
28 5 21 17 13 29531.30000 56.55900000 2036.33000 143.15000 24.36000 129.13600
28 5 21 17 13 29583.00000 56.55900000 2042.57000 143.65000 24.36000 128.65200
28 5 21 17 13 29526.90000 56.35800000 2039.94000 143.34000 24.36000 128.40500
28 5 21 17 14 29524.50000 56.35800000 2040.98000 143.02000 24.36000 128.40500
28 5 21 17 14 29508.70000 56.35800000 2040.42000 142.87000 24.36000 128.40500
28 5 21 17 15 29488.90000 56.15900000 2037.08000 142.87000 24.36000 128.40500
28 5 21 17 15 29501.60000 56.35100000 2039.98000 142.88000 24.36000 128.40500
28 5 21 17 16 29667.10000 56.60100000 2051.47000 143.93000 24.36000 128.97600
28 5 21 17 16 29628.50000 56.60100000 2047.60000 143.65000 24.36000 129.01400
28 5 21 17 16 29650.10000 56.60100000 2050.23000 143.83000 24.36000 129.01400
28 5 21 17 17 29663.10000 56.60100000 2050.23000 143.83000 24.57500 129.01400
28 5 21 17 17 29575.00000 56.63800000 2045.93000 143.57000 24.57500 129.01400
28 5 21 17 18 29565.90000 56.40700000 2043.93000 143.54000 24.57500 129.01400
28 5 21 17 18 29611.30000 56.40700000 2044.59000 143.91000 24.57500 129.01400
28 5 21 17 19 29605.00000 56.40700000 2046.81000 143.84000 24.57500 129.01400
28 5 21 17 19 29536.10000 56.41800000 2041.12000 143.84000 24.57500 129.01400
28 5 21 17 19 29549.00000 56.41800000 2041.72000 143.56000 24.57500 129.01400
28 5 21 17 20 29505.00000 56.41800000 2040.12000 143.65000 24.57500 129.01400
28 5 21 17 20 29518.30000 56.41800000 2040.59000 143.19000 24.57500 129.01400
28 5 21 17 21 29530.60000 56.41800000 2043.97000 143.73000 24.57500 129.43000
28 5 21 17 21 29561.40000 56.41800000 2044.85000 143.65000 24.57500 130.04600
28 5 21 17 22 29546.40000 56.50300000 2045.36000 143.65000 24.57500 130.04600
28 5 21 17 22 29553.40000 56.46900000 2042.83000 143.65000 24.57500 130.41000
28 5 21 17 22 29580.00000 56.46700000 2044.06000 143.65000 24.57500 130.41000
28 5 21 17 23 29558.50000 56.46700000 2043.91000 143.72000 24.57500 130.41000
28 5 21 17 23 29558.50000 56.46700000 2044.06000 143.65000 24.57500 130.41000
28 5 21 17 24 29558.50000 56.66800000 2046.91000 144.10000 24.57500 130.37900
28 5 21 17 24 29558.50000 56.71000000 2044.06000 144.10000 24.57500 131.36000
28 5 21 17 25 29558.50000 56.71000000 2050.59000 144.43000 24.57500 131.87100
28 5 21 17 25 29608.30000 56.71000000 2051.30000 144.12000 24.57500 132.07100
