M=[
 1 4 21 05 23 50096.20000 11.90200000 1630.59000 166.60000 33.61300 132.67900
 1 4 21 05 23 50074.40000 11.90200000 1630.32000 166.68000 33.61300 132.63100
 1 4 21 05 24 50074.50000 11.90200000 1630.32000 166.67000 33.61300 132.63100
 1 4 21 05 24 50066.50000 11.90200000 1629.84000 166.67000 33.61300 132.63100
 1 4 21 05 24 50066.70000 11.90200000 1629.59000 166.67000 33.61300 132.08500
 1 4 21 05 25 50056.50000 11.90200000 1630.02000 166.59000 33.61300 132.08500
 1 4 21 05 25 50096.00000 11.95200000 1631.13000 166.59000 33.61300 132.08500
 1 4 21 05 26 50097.10000 11.95200000 1631.30000 166.59000 33.61300 132.33600
 1 4 21 05 26 50099.60000 11.95200000 1631.78000 166.59000 33.61300 132.33600
 1 4 21 05 27 50107.10000 11.95200000 1631.49000 166.59000 33.61300 132.33600
 1 4 21 05 27 50093.10000 11.95200000 1631.13000 166.59000 33.61300 132.33600
 1 4 21 05 27 50092.90000 11.95200000 1630.77000 166.86000 33.61300 132.26700
 1 4 21 05 28 50082.80000 11.95200000 1629.84000 166.82000 33.61300 132.26700
 1 4 21 05 28 50076.50000 11.93600000 1629.34000 166.82000 33.61300 132.26700
 1 4 21 05 29 50081.10000 11.93600000 1628.00000 166.90000 33.61300 132.26700
 1 4 21 05 29 50088.50000 11.93600000 1629.22000 167.02000 33.61300 132.26700
 1 4 21 05 30 50088.50000 11.92200000 1629.22000 167.26000 33.61300 132.26700
 1 4 21 05 30 50100.00000 11.92200000 1629.22000 167.26000 33.61300 132.26700
 1 4 21 05 30 50100.00000 11.92200000 1628.80000 167.26000 33.61300 132.26700
 1 4 21 05 31 50100.00000 11.92200000 1629.19000 167.26000 33.61300 132.26700
 1 4 21 05 31 50100.00000 11.92200000 1629.07000 167.26000 33.61300 132.26700
 1 4 21 05 32 50100.00000 11.92200000 1629.61000 167.31000 33.61300 132.26700
 1 4 21 05 32 50100.00000 11.92200000 1629.76000 167.13000 33.61300 132.26700
 1 4 21 05 33 50137.90000 11.92200000 1629.76000 167.13000 33.61300 132.26700
 1 4 21 05 33 50138.00000 11.92200000 1629.98000 167.12000 33.61300 132.26700
 1 4 21 05 33 50148.00000 11.92200000 1630.00000 167.32000 33.61300 132.26700
 1 4 21 05 34 50148.00000 11.92200000 1630.00000 167.32000 33.61300 132.26700
 1 4 21 05 34 50195.10000 11.92200000 1631.30000 167.20000 33.61300 132.26700
 1 4 21 05 35 50195.80000 11.92200000 1631.75000 167.21000 33.61300 132.26700
 1 4 21 05 35 50195.80000 11.92200000 1632.20000 167.21000 33.61000 132.11900
 1 4 21 05 36 50199.80000 11.98100000 1632.69000 167.21000 33.72000 132.12100
 1 4 21 05 36 50199.80000 11.99500000 1633.05000 167.33000 33.72000 132.12100
 1 4 21 05 36 50199.80000 11.99500000 1632.45000 167.29000 33.72000 132.12100
 1 4 21 05 37 50163.80000 11.99500000 1630.14000 167.18000 33.72000 132.12100
 1 4 21 05 37 50162.30000 11.99500000 1631.19000 167.18000 33.72000 132.12100
 1 4 21 05 38 50176.20000 11.99500000 1631.50000 167.05000 33.72000 132.12100
 1 4 21 05 38 50179.30000 11.99500000 1631.09000 167.06000 33.72000 132.12100
 1 4 21 05 39 50181.80000 11.99500000 1631.28000 167.06000 33.72000 132.12100
 1 4 21 05 39 50199.50000 11.99500000 1631.28000 167.19000 33.72000 132.12100
 1 4 21 05 39 50190.40000 11.99500000 1631.29000 167.03000 33.72000 132.12100
 1 4 21 05 40 50177.20000 12.01200000 1630.80000 167.03000 33.72000 132.12100
 1 4 21 05 40 50170.10000 12.05000000 1630.70000 167.03000 33.72000 132.12100
 1 4 21 05 41 50170.10000 12.05000000 1630.40000 167.03000 33.72000 132.12100
 1 4 21 05 41 50170.10000 12.05000000 1630.82000 167.03000 33.72000 132.12100
 1 4 21 05 42 50170.10000 12.05000000 1630.22000 166.94000 33.72000 132.12100
 1 4 21 05 42 50170.00000 12.05000000 1630.16000 166.94000 33.72000 132.12100
 1 4 21 05 42 50170.00000 12.05000000 1629.39000 166.94000 33.72000 132.12100
 1 4 21 05 43 50104.80000 12.01300000 1629.39000 166.94000 33.72000 132.12100
 1 4 21 05 43 50110.20000 12.01300000 1628.94000 166.68000 33.72000 132.12100
 1 4 21 05 44 50110.10000 12.01300000 1629.42000 166.68000 33.72000 132.12100
 1 4 21 05 44 50110.10000 12.01300000 1629.07000 166.77000 33.72000 132.12100
 1 4 21 05 45 50131.40000 12.01300000 1629.75000 166.77000 33.72000 132.12100
 1 4 21 05 45 50131.40000 12.01300000 1630.78000 166.74000 33.72000 132.12100
 1 4 21 05 45 50165.90000 12.01300000 1631.29000 167.05000 33.72000 132.12100
 1 4 21 05 46 50135.90000 12.01300000 1631.29000 167.05000 33.61000 132.12100
 1 4 21 05 46 50151.10000 12.01300000 1630.10000 167.05000 33.61000 132.12100
 1 4 21 05 47 50120.40000 12.01300000 1629.64000 167.05000 33.61000 132.12100
 1 4 21 05 47 50110.20000 12.01300000 1628.87000 167.05000 33.61000 132.12100
 1 4 21 05 48 50110.20000 12.01500000 1627.87000 167.05000 33.61000 132.12100
 1 4 21 05 48 50100.30000 12.01500000 1627.88000 166.79000 33.61000 132.12100
 1 4 21 05 48 50074.30000 12.01500000 1626.91000 166.79000 33.61000 132.12100
 1 4 21 05 49 50054.90000 12.01500000 1626.91000 166.60000 33.61000 131.87800
 1 4 21 05 49 50072.40000 12.01500000 1627.84000 166.60000 33.61000 131.87800
 1 4 21 05 50 50103.70000 12.01500000 1628.80000 166.60000 33.61000 131.87800
 1 4 21 05 50 50067.50000 12.01500000 1627.60000 166.60000 33.61000 131.87800
 1 4 21 05 51 50063.20000 12.01500000 1627.47000 166.47000 33.61000 131.44300
 1 4 21 05 51 50063.20000 12.01500000 1627.47000 166.47000 33.61000 131.44300
 1 4 21 05 51 50063.20000 12.01500000 1627.30000 166.47000 33.46800 131.44300
 1 4 21 05 52 50063.30000 12.01500000 1627.29000 166.57000 33.46800 131.44200
 1 4 21 05 52 50063.30000 12.03200000 1627.61000 166.57000 33.46800 131.44200
 1 4 21 05 53 50063.20000 12.03200000 1627.61000 166.56000 33.46800 131.57300
 1 4 21 05 53 50063.20000 12.03200000 1628.14000 166.56000 33.46800 131.57300
 1 4 21 05 54 50063.30000 12.03500000 1627.61000 166.56000 33.46800 131.57300
 1 4 21 05 54 50063.30000 12.03500000 1628.72000 166.56000 33.50000 131.57300
 1 4 21 05 54 50069.80000 12.03500000 1629.55000 166.59000 33.50000 131.57300
 1 4 21 05 55 50075.80000 12.03500000 1629.97000 166.59000 33.50000 131.57300
 1 4 21 05 55 50084.00000 12.03500000 1630.61000 166.59000 33.50000 131.57300
 1 4 21 05 56 50099.90000 12.03500000 1630.61000 166.88000 33.50000 131.57300
 1 4 21 05 56 50100.00000 12.03500000 1630.62000 166.88000 33.50000 131.57300
 1 4 21 05 57 50100.00000 12.03500000 1630.62000 166.88000 33.46800 131.57300
 1 4 21 05 57 50099.90000 12.03500000 1627.45000 166.88000 33.46800 131.57300
 1 4 21 05 57 50075.60000 12.03500000 1626.76000 166.63000 33.46800 131.57300
 1 4 21 05 58 50075.50000 12.03500000 1627.55000 166.70000 33.46800 131.57300
 1 4 21 05 58 50071.10000 12.03500000 1627.55000 166.70000 33.46800 131.57300
 1 4 21 05 59 50071.10000 12.03500000 1626.12000 166.73000 33.46800 131.57300
 1 4 21 05 59 50071.00000 12.03500000 1626.45000 166.75000 33.46800 131.69900
 1 4 21 06 00 50071.10000 12.03500000 1626.71000 166.75000 33.46800 131.69900
 1 4 21 06 00 50100.00000 12.04800000 1627.92000 166.90000 33.54700 131.93900
 1 4 21 06 00 50100.00000 12.04800000 1628.59000 166.90000 33.54700 131.93900
 1 4 21 06 01 50129.80000 12.04800000 1630.41000 166.90000 33.54700 131.93900
 1 4 21 06 01 50153.40000 12.04800000 1630.41000 167.26000 33.54700 131.93900
 1 4 21 06 02 50159.90000 12.04800000 1631.77000 167.25000 33.54700 131.93900
 1 4 21 06 02 50134.10000 12.04800000 1630.37000 167.21000 33.54700 131.93900
 1 4 21 06 03 50143.40000 12.04800000 1630.37000 167.19000 33.54700 131.97800
 1 4 21 06 03 50153.40000 12.04800000 1631.04000 167.19000 33.54700 131.97800
 1 4 21 06 03 50153.50000 12.04800000 1631.53000 167.22000 33.54700 131.97800
 1 4 21 06 04 50148.00000 12.04800000 1631.64000 167.22000 33.54700 131.97800
 1 4 21 06 04 50151.30000 12.04800000 1631.64000 167.22000 33.54700 131.97800
 1 4 21 06 05 50156.20000 12.04800000 1631.97000 167.22000 33.54700 131.97800
 1 4 21 06 05 50157.20000 12.04800000 1631.97000 167.23000 33.54700 131.97800
 1 4 21 06 06 50161.20000 12.04800000 1631.98000 167.26000 33.54700 131.97800
 1 4 21 06 06 50162.40000 12.04800000 1631.98000 167.24000 33.54700 131.97800
