M=[
24 7 21 00 28 28441.50000 38.79700000 1797.54000 105.95000 16.51400 83.25300
24 7 21 00 29 28442.10000 38.79700000 1797.54000 105.95000 16.51400 83.25300
24 7 21 00 29 28444.10000 38.79700000 1797.54000 105.95000 16.51400 83.25300
24 7 21 00 29 28435.10000 38.79700000 1797.54000 105.95000 16.51400 83.25300
24 7 21 00 30 28435.10000 38.79700000 1795.72000 105.95000 16.51400 83.25300
24 7 21 00 30 28449.90000 38.79700000 1797.26000 105.95000 16.51400 83.25300
24 7 21 00 31 28449.90000 38.79700000 1797.93000 106.00000 16.51400 83.25300
24 7 21 00 31 28474.90000 38.79700000 1797.93000 106.00000 16.51400 83.25300
24 7 21 00 32 28472.20000 38.79700000 1797.93000 106.00000 16.51400 83.25300
24 7 21 00 32 28483.50000 38.79700000 1798.32000 106.00000 16.51400 83.25300
24 7 21 00 32 28480.00000 38.79700000 1798.64000 106.00000 16.51400 83.25300
24 7 21 00 33 28479.90000 38.79700000 1798.64000 106.02000 16.51400 83.25300
24 7 21 00 33 28481.00000 38.79700000 1798.34000 106.02000 16.51400 83.25300
24 7 21 00 34 28482.90000 38.79700000 1798.34000 106.02000 16.51400 83.25300
24 7 21 00 34 28483.10000 38.79700000 1795.45000 106.02000 16.51400 83.25300
24 7 21 00 35 28475.30000 38.79700000 1795.09000 106.02000 16.51400 83.25300
24 7 21 00 35 28488.50000 38.79700000 1797.35000 106.02000 16.51400 83.25300
24 7 21 00 35 28488.50000 38.79700000 1797.35000 106.02000 16.51400 83.25300
24 7 21 00 36 28499.70000 38.79700000 1797.35000 106.02000 16.51400 83.25300
24 7 21 00 36 28492.40000 38.79700000 1797.35000 106.02000 16.51400 83.25300
24 7 21 00 37 28509.20000 38.79700000 1799.59000 106.02000 16.51400 83.26200
24 7 21 00 37 28519.40000 38.79700000 1799.59000 106.10000 16.51400 83.26200
24 7 21 00 38 28524.40000 38.79700000 1799.17000 106.10000 16.51400 83.26200
24 7 21 00 38 28525.80000 38.79700000 1799.18000 106.25000 16.51400 83.26200
24 7 21 00 38 28529.50000 38.79700000 1799.92000 106.27000 16.51400 83.26200
24 7 21 00 39 28544.30000 38.79700000 1799.92000 106.27000 16.51400 83.26200
24 7 21 00 39 28556.90000 38.79700000 1800.03000 106.34000 16.51400 83.26200
24 7 21 00 40 28549.60000 38.79700000 1800.03000 106.34000 16.51400 83.26200
24 7 21 00 40 28551.60000 38.79700000 1800.03000 106.34000 16.51400 83.26200
24 7 21 00 41 28562.30000 38.79700000 1800.03000 106.56000 16.51400 83.26200
24 7 21 00 41 28580.00000 38.79700000 1801.16000 106.56000 16.51400 83.26200
24 7 21 00 42 28607.00000 38.79700000 1800.34000 106.60000 16.51400 83.26200
24 7 21 00 42 28610.60000 38.79700000 1802.21000 106.60000 16.51400 83.26200
24 7 21 00 42 28606.10000 38.79700000 1802.21000 106.69000 16.51400 83.26200
24 7 21 00 43 28603.30000 39.14600000 1802.38000 106.69000 16.51400 83.26200
24 7 21 00 43 28550.70000 39.14600000 1800.83000 106.69000 16.51400 83.26200
24 7 21 00 44 28546.80000 39.14600000 1800.83000 106.69000 16.51400 83.26200
24 7 21 00 44 28567.10000 39.14600000 1799.03000 106.69000 16.51400 83.26200
24 7 21 00 45 28540.50000 39.14600000 1799.03000 106.69000 16.51400 83.26200
24 7 21 00 45 28559.90000 39.14600000 1799.16000 106.69000 16.51400 83.26200
24 7 21 00 45 28560.00000 39.14600000 1799.01000 106.69000 16.51400 83.26200
24 7 21 00 46 28549.00000 39.14600000 1797.86000 106.69000 16.51400 83.26200
24 7 21 00 46 28532.90000 39.14600000 1796.58000 106.66000 16.51400 83.26200
24 7 21 00 47 28507.00000 39.14600000 1796.58000 106.48000 16.51400 83.26200
24 7 21 00 47 28520.60000 39.14600000 1796.58000 106.49000 16.51400 83.26200
24 7 21 00 48 28498.00000 39.00200000 1796.58000 106.39000 16.51400 83.26200
24 7 21 00 48 28499.60000 39.00200000 1793.89000 106.39000 16.51400 82.93900
24 7 21 00 48 28506.90000 39.00200000 1793.89000 106.39000 16.51400 82.93900
24 7 21 00 49 28500.00000 39.00200000 1793.20000 106.39000 16.51400 82.93900
24 7 21 00 49 28497.90000 39.00200000 1793.21000 106.32000 16.51400 82.93900
24 7 21 00 50 28492.40000 39.00200000 1792.86000 106.28000 16.51400 82.93900
24 7 21 00 50 28507.50000 39.00200000 1792.86000 106.28000 16.55900 82.93900
24 7 21 00 51 28506.10000 39.00200000 1794.62000 106.28000 16.55900 82.93900
24 7 21 00 51 28505.90000 39.00200000 1794.41000 106.28000 16.55800 82.93900
24 7 21 00 51 28534.10000 39.00200000 1796.65000 106.28000 16.55800 82.93900
24 7 21 00 52 28525.30000 39.00200000 1795.04000 106.28000 16.56600 82.93900
24 7 21 00 52 28540.70000 39.00200000 1795.04000 106.28000 16.56600 82.93900
24 7 21 00 53 28519.60000 39.00200000 1792.44000 106.28000 16.56600 82.93900
24 7 21 00 53 28531.80000 38.96400000 1792.38000 106.28000 16.60900 82.93900
24 7 21 00 54 28543.70000 38.96400000 1793.37000 106.28000 16.60900 82.93900
24 7 21 00 54 28536.80000 38.94500000 1793.37000 106.28000 16.60900 82.93900
24 7 21 00 54 28543.40000 38.94500000 1793.37000 106.28000 16.60900 82.93900
24 7 21 00 55 28527.50000 38.94500000 1793.37000 106.28000 16.60900 82.93900
24 7 21 00 55 28520.70000 38.94500000 1792.25000 106.28000 16.60900 82.93900
24 7 21 00 56 28524.40000 38.94500000 1792.25000 106.22000 16.60900 82.93900
24 7 21 00 56 28524.40000 38.94500000 1792.25000 106.22000 16.60900 82.93900
24 7 21 00 57 28500.60000 38.94500000 1793.35000 106.22000 16.60900 82.93900
24 7 21 00 57 28487.10000 38.94500000 1793.35000 106.25000 16.68200 82.93900
24 7 21 00 57 28482.30000 38.94500000 1789.27000 106.25000 16.68200 82.93900
24 7 21 00 58 28477.40000 38.68300000 1790.29000 106.25000 16.67400 82.93900
24 7 21 00 58 28463.80000 38.68300000 1786.07000 106.25000 16.71800 82.93900
24 7 21 00 59 28472.20000 38.68300000 1789.21000 106.25000 16.72300 82.93900
24 7 21 00 59 28472.20000 38.68300000 1789.21000 106.31000 16.84000 82.93900
24 7 21 01 00 28520.70000 38.68300000 1789.21000 106.40000 16.90000 82.93900
24 7 21 01 00 28520.70000 38.68300000 1789.21000 106.40000 16.90000 82.93900
24 7 21 01 01 28507.90000 38.68300000 1789.21000 106.51000 16.90000 82.93900
24 7 21 01 01 28518.70000 38.68300000 1789.21000 106.56000 16.90000 82.93900
24 7 21 01 01 28517.00000 38.68300000 1789.21000 106.56000 16.90000 82.93900
24 7 21 01 02 28509.00000 38.68300000 1794.46000 106.56000 16.90000 83.38100
24 7 21 01 02 28502.60000 38.68300000 1792.77000 106.56000 17.00000 83.38100
24 7 21 01 03 28505.80000 38.68300000 1792.77000 106.56000 16.97400 83.38100
24 7 21 01 03 28505.80000 38.68300000 1793.40000 106.56000 17.02500 83.38100
24 7 21 01 04 28496.70000 38.68300000 1793.40000 106.30000 17.02600 83.38100
24 7 21 01 04 28483.60000 38.68300000 1793.40000 106.30000 17.02600 83.38100
24 7 21 01 04 28485.60000 38.68300000 1793.40000 106.30000 16.97200 83.38100
24 7 21 01 05 28485.60000 38.68300000 1793.40000 106.30000 17.04000 83.38100
24 7 21 01 05 28497.00000 38.68300000 1793.09000 106.30000 17.01500 83.38100
24 7 21 01 06 28498.00000 38.58900000 1793.93000 106.35000 17.01500 83.38100
24 7 21 01 06 28493.70000 38.58900000 1793.93000 106.35000 17.01500 83.38100
24 7 21 01 07 28503.00000 38.58900000 1793.93000 106.32000 17.01500 83.38100
24 7 21 01 07 28494.40000 38.57300000 1793.93000 106.32000 17.11700 83.38100
24 7 21 01 07 28487.10000 38.57300000 1793.93000 106.32000 17.24500 83.38100
24 7 21 01 08 28492.40000 38.57300000 1793.93000 106.32000 17.34400 83.38100
24 7 21 01 08 28490.90000 38.57300000 1793.26000 106.32000 17.50000 83.38100
24 7 21 01 09 28485.80000 38.57300000 1793.26000 106.19000 17.56000 83.38100
24 7 21 01 09 28470.30000 38.57300000 1790.57000 106.19000 17.42600 83.38100
24 7 21 01 10 28465.90000 38.57300000 1789.22000 106.12000 17.58000 83.38100
24 7 21 01 10 28471.60000 38.57300000 1789.22000 106.12000 17.62100 83.55800
24 7 21 01 10 28469.80000 38.57300000 1789.09000 106.18000 17.47000 83.55800
24 7 21 01 11 28470.20000 38.57300000 1788.68000 106.18000 17.57800 83.55800
24 7 21 01 11 28463.60000 38.57300000 1789.65000 106.18000 17.77800 83.55800
24 7 21 01 12 28466.40000 38.57300000 1789.96000 106.18000 17.77800 83.55800
24 7 21 01 12 28466.00000 38.57300000 1790.23000 106.18000 17.98200 83.55800
