M=[
26 11 20 08 02 14680.70000 5.14500000 430.09000 63.29000 12.66900 58.85000
26 11 20 08 03 14660.00000 5.14500000 430.00000 63.33000 12.66900 58.85000
26 11 20 08 03 14626.30000 5.08100000 429.43000 63.21000 12.66900 58.85000
26 11 20 08 03 14613.30000 5.15100000 428.18000 63.19000 12.62100 58.85000
26 11 20 08 04 14586.90000 5.15100000 427.04000 63.09000 12.62100 58.76900
26 11 20 08 04 14635.80000 5.18200000 429.00000 63.29000 12.62100 58.76900
26 11 20 08 05 14560.00000 5.19900000 427.00000 63.08000 12.62100 58.76900
26 11 20 08 05 14528.60000 5.13700000 426.03000 62.89000 12.62100 58.58100
26 11 20 08 06 14519.50000 5.14200000 425.95000 62.76000 12.62100 58.58000
26 11 20 08 06 14500.10000 5.14100000 425.70000 62.55000 12.62100 58.55000
26 11 20 08 06 14465.10000 5.14100000 425.00000 62.69000 12.48000 58.55000
26 11 20 08 07 14514.10000 5.14100000 427.26000 63.05000 12.45900 58.46000
26 11 20 08 07 14500.00000 5.14200000 425.90000 63.20000 12.44900 58.60000
26 11 20 08 08 14491.50000 5.12100000 427.29000 63.01000 12.44900 58.60000
26 11 20 08 08 14500.00000 5.12100000 427.70000 63.25000 12.41300 58.59000
26 11 20 08 09 14487.90000 5.12100000 427.04000 62.97000 12.41300 58.59000
26 11 20 08 09 14486.30000 5.12100000 427.99000 62.96000 12.26100 58.59000
26 11 20 08 09 14499.10000 5.12100000 428.36000 63.06000 12.26200 58.59000
26 11 20 08 10 14478.30000 5.12100000 426.96000 62.70000 12.42100 58.68000
26 11 20 08 10 14462.10000 5.15100000 426.25000 62.72000 12.26800 58.68000
26 11 20 08 11 14470.40000 5.10300000 426.11000 62.63000 12.26800 58.68000
26 11 20 08 11 14453.20000 5.11200000 425.75000 62.59000 12.35700 58.44900
26 11 20 08 12 14416.40000 5.11700000 424.67000 62.42000 12.13600 58.43000
26 11 20 08 12 14458.20000 5.08000000 425.41000 62.69000 12.13600 58.46000
26 11 20 08 12 14467.50000 5.12400000 425.77000 62.65000 12.13600 58.33000
26 11 20 08 13 14468.40000 5.12400000 426.02000 62.89000 12.13600 58.56000
26 11 20 08 13 14460.00000 5.12400000 425.58000 62.91000 12.16000 58.59800
26 11 20 08 14 14487.10000 5.18000000 427.45000 62.98000 12.16000 58.93000
26 11 20 08 14 14485.60000 5.17200000 428.00000 63.10000 12.16000 59.12000
26 11 20 08 15 14492.30000 5.17900000 428.31000 63.06000 12.16000 59.47000
26 11 20 08 15 14469.20000 5.18400000 426.87000 62.97000 12.22900 59.51000
26 11 20 08 15 14489.20000 5.16100000 427.47000 63.24000 12.22900 59.70000
26 11 20 08 16 14485.70000 5.16200000 428.02000 63.20000 12.22900 59.40200
26 11 20 08 16 14515.10000 5.12700000 429.00000 63.32000 12.22900 59.40200
26 11 20 08 17 14543.70000 5.12700000 431.31000 63.58000 12.16500 59.58300
26 11 20 08 17 14566.60000 5.12700000 431.47000 63.74000 12.16500 59.85500
26 11 20 08 17 14570.00000 5.22400000 430.95000 63.66000 12.16500 59.85500
26 11 20 08 18 14583.70000 5.08200000 430.33000 63.54000 12.16500 59.85500
26 11 20 08 18 14608.10000 5.24900000 431.21000 63.65000 12.16500 59.85100
26 11 20 08 19 14607.80000 5.24900000 431.36000 63.65000 12.16500 59.80000
26 11 20 08 19 14616.10000 5.23100000 431.38000 63.66000 12.22000 60.00200
26 11 20 08 20 14603.70000 5.23100000 431.24000 63.73000 12.22000 59.94000
26 11 20 08 20 14605.00000 5.23000000 431.00000 63.66000 12.22000 59.94000
26 11 20 08 20 14601.20000 5.23000000 431.06000 63.58000 12.22000 59.94000
26 11 20 08 21 14601.40000 5.23000000 430.77000 63.57000 12.22000 59.94000
26 11 20 08 21 14571.00000 5.23000000 429.66000 63.55000 12.22000 59.63000
26 11 20 08 22 14570.10000 5.23000000 429.58000 63.57000 12.22000 59.63000
26 11 20 08 22 14565.70000 5.23000000 429.55000 63.54000 12.17100 59.56000
26 11 20 08 23 14515.10000 5.23000000 428.38000 63.27000 12.17100 59.56000
26 11 20 08 23 14515.00000 5.18500000 427.34000 63.24000 12.17100 59.27200
26 11 20 08 23 14490.70000 5.18500000 428.18000 63.19000 12.17100 59.27200
26 11 20 08 24 14477.10000 5.18500000 427.80000 63.19000 12.17100 59.27200
26 11 20 08 24 14450.50000 5.18500000 425.87000 62.92000 12.17100 59.00000
26 11 20 08 25 14437.20000 5.10600000 425.30000 62.84000 12.17100 59.00000
26 11 20 08 25 14412.20000 5.10600000 424.00000 62.80000 12.17100 58.81100
26 11 20 08 26 14363.80000 5.08000000 424.25000 62.53000 12.17100 58.81100
26 11 20 08 26 14393.60000 5.08700000 425.49000 62.78000 12.17100 58.81100
26 11 20 08 26 14426.30000 5.14800000 426.19000 63.10000 12.17100 58.81100
26 11 20 08 27 14396.50000 5.16500000 425.28000 62.85000 12.17100 58.81100
26 11 20 08 27 14341.90000 5.16500000 423.57000 62.53000 12.17100 58.70600
26 11 20 08 28 14340.00000 5.16500000 422.54000 62.47000 12.28900 58.70600
26 11 20 08 28 14231.20000 5.09500000 421.57000 62.14000 12.28900 58.60900
26 11 20 08 29 14250.00000 5.07100000 423.64000 62.41000 12.12400 58.60900
26 11 20 08 30 14256.80000 5.07100000 423.02000 62.20000 12.22000 58.60900
26 11 20 08 30 14137.70000 5.05400000 418.37000 61.72000 12.12500 58.44600
26 11 20 08 30 14064.20000 5.00100000 415.61000 61.77000 12.10000 58.46100
26 11 20 08 31 14029.90000 4.95100000 412.55000 61.18000 12.10000 58.28000
26 11 20 08 31 14061.00000 4.95000000 415.41000 61.28000 12.10000 58.37000
26 11 20 08 32 13924.90000 4.95000000 411.11000 60.85000 12.10000 58.40400
26 11 20 08 32 13811.90000 4.89000000 405.27000 60.00000 12.10000 58.40400
26 11 20 08 33 13917.20000 4.87900000 407.13000 60.50000 12.10000 58.47000
26 11 20 08 33 13889.60000 4.93800000 408.91000 61.26000 12.07500 58.47000
26 11 20 08 33 14020.60000 4.99100000 413.82000 62.23000 12.05000 58.47000
26 11 20 08 34 14065.30000 4.99200000 414.99000 62.34000 12.14000 58.25000
26 11 20 08 34 14017.60000 5.02400000 411.49000 61.54000 12.01000 58.25000
26 11 20 08 35 14061.90000 5.02400000 413.40000 61.92000 12.01000 58.05600
26 11 20 08 35 14117.20000 5.03100000 413.84000 62.08000 12.01000 58.52500
26 11 20 08 36 14126.70000 5.03200000 414.43000 62.17000 12.01000 58.52500
26 11 20 08 36 14154.60000 5.04400000 414.97000 62.00000 12.01000 58.74400
26 11 20 08 36 14090.00000 5.00300000 414.56000 61.92000 12.01000 58.39000
26 11 20 08 37 14067.40000 5.03600000 413.56000 62.00000 12.06900 58.39000
26 11 20 08 37 14042.20000 4.97700000 412.02000 61.76000 12.06900 58.05700
26 11 20 08 38 14053.00000 4.92200000 412.65000 61.81000 12.07600 58.05700
26 11 20 08 38 14060.30000 4.92400000 412.28000 61.80000 12.09500 57.68000
26 11 20 08 38 14010.20000 4.92400000 413.31000 61.77000 12.09500 57.82200
26 11 20 08 39 14012.70000 4.95700000 410.58000 61.67000 12.05700 57.82200
26 11 20 08 39 14000.00000 4.92300000 410.12000 61.29000 12.05700 57.82200
26 11 20 08 40 13990.00000 4.92300000 410.25000 61.45000 12.00100 57.97000
26 11 20 08 40 13962.70000 4.92300000 410.90000 61.03000 12.00100 57.56000
26 11 20 08 41 14001.40000 4.92300000 410.15000 61.10000 12.00000 57.56000
26 11 20 08 41 14001.00000 4.96900000 411.25000 61.23000 12.00000 57.56000
26 11 20 08 41 14045.00000 4.96900000 412.13000 61.56000 12.00000 58.11000
26 11 20 08 42 14099.90000 4.96900000 412.65000 61.76000 12.00000 58.23000
26 11 20 08 42 14100.10000 4.96900000 414.97000 61.70000 12.00000 58.23000
26 11 20 08 43 14076.90000 5.01000000 413.57000 61.71000 12.00000 58.23000
26 11 20 08 43 14088.00000 5.02300000 413.61000 61.79000 12.05400 58.23000
26 11 20 08 44 14076.10000 5.02300000 414.28000 61.80000 12.05400 58.23000
26 11 20 08 44 14035.50000 5.00000000 413.25000 61.67000 12.05400 58.23000
26 11 20 08 44 14030.70000 5.00000000 412.54000 61.71000 12.05400 57.77000
26 11 20 08 45 14023.60000 5.00000000 411.86000 61.43000 11.86300 57.77000
26 11 20 08 45 13995.30000 4.99400000 411.31000 61.42000 12.05900 57.56000
26 11 20 08 46 13996.00000 4.99400000 411.70000 61.24000 11.86300 57.72900
26 11 20 08 46 13957.60000 5.00000000 411.90000 61.31000 11.86300 57.50000
26 11 20 08 47 13927.50000 4.94100000 410.24000 61.22000 11.86300 57.50000
26 11 20 08 47 13934.80000 4.94100000 410.15000 61.29000 11.86300 57.42000
26 11 20 08 47 13858.80000 4.98400000 408.40000 61.00000 11.86300 57.23300
