M=[
26 11 20 15 10 14260.70000 5.12400000 429.96000 59.50000 13.13600 57.55300
26 11 20 15 10 14273.70000 5.12400000 430.54000 59.50000 13.13600 57.63800
26 11 20 15 11 14270.00000 5.12400000 430.55000 59.62000 13.13600 57.63700
26 11 20 15 11 14278.00000 5.12400000 430.53000 59.55000 13.13600 57.60200
26 11 20 15 12 14304.60000 5.12400000 431.49000 59.68000 13.13600 57.69600
26 11 20 15 12 14338.10000 5.12400000 432.00000 59.89000 13.13600 57.84200
26 11 20 15 12 14390.30000 5.15400000 433.66000 60.03000 13.13600 58.08800
26 11 20 15 13 14379.20000 5.15400000 432.59000 60.05000 13.19000 58.08700
26 11 20 15 13 14392.80000 5.15400000 432.88000 60.05000 13.19000 57.97000
26 11 20 15 14 14443.40000 5.15400000 433.60000 60.05000 13.19000 58.03100
26 11 20 15 14 14456.20000 5.15400000 433.59000 60.06000 13.19000 58.03100
26 11 20 15 15 14484.10000 5.15400000 434.80000 60.15000 13.19000 58.35100
26 11 20 15 15 14464.90000 5.16800000 434.40000 60.06000 13.04300 58.15000
26 11 20 15 15 14464.90000 5.18200000 434.52000 60.11000 13.04300 58.15000
26 11 20 15 16 14470.00000 5.18200000 435.62000 60.04000 13.04300 58.15000
26 11 20 15 16 14499.90000 5.20400000 436.60000 60.30000 13.12200 58.30000
26 11 20 15 17 14499.50000 5.20400000 436.18000 60.34000 13.12200 58.48400
26 11 20 15 17 14468.30000 5.20400000 435.57000 60.34000 13.12300 58.48400
26 11 20 15 18 14464.20000 5.20400000 434.49000 60.24000 13.12300 58.17600
26 11 20 15 18 14450.10000 5.17400000 433.37000 60.17000 13.12300 58.17600
26 11 20 15 18 14419.60000 5.16300000 432.68000 60.10000 13.12300 58.17600
26 11 20 15 19 14395.70000 5.16300000 432.69000 60.17000 13.12300 58.17600
26 11 20 15 19 14415.50000 5.16300000 432.86000 60.17000 13.12300 58.17600
26 11 20 15 20 14420.00000 5.16300000 433.66000 60.28000 13.12300 58.17600
26 11 20 15 20 14422.00000 5.16300000 433.31000 60.34000 13.12300 58.17600
26 11 20 15 21 14434.30000 5.16300000 433.54000 60.32000 13.12300 58.17600
26 11 20 15 21 14425.70000 5.16300000 433.56000 60.20000 13.12300 58.17600
26 11 20 15 21 14424.10000 5.16300000 433.45000 60.28000 13.12300 58.17600
26 11 20 15 22 14422.20000 5.16300000 433.45000 60.28000 13.12300 58.17600
26 11 20 15 22 14438.30000 5.16300000 434.47000 60.34000 13.12300 58.17600
26 11 20 15 23 14439.90000 5.16300000 434.70000 60.40000 13.12300 58.17600
26 11 20 15 23 14439.10000 5.16300000 435.00000 60.37000 13.12300 58.17600
26 11 20 15 24 14427.20000 5.16300000 434.63000 60.37000 13.12300 58.17600
26 11 20 15 24 14427.70000 5.16300000 434.52000 60.34000 13.12300 58.17600
26 11 20 15 24 14427.20000 5.16300000 434.60000 60.34000 13.12300 58.17600
26 11 20 15 25 14449.00000 5.16300000 434.64000 60.40000 13.12300 58.40400
26 11 20 15 25 14449.90000 5.16300000 435.09000 60.47000 13.12300 58.40400
26 11 20 15 26 14466.60000 5.16300000 435.05000 60.57000 13.12300 58.40400
26 11 20 15 26 14468.40000 5.16300000 435.01000 60.48000 13.12300 58.40400
26 11 20 15 27 14450.00000 5.16300000 434.62000 60.48000 13.12300 58.40400
26 11 20 15 27 14450.00000 5.16300000 435.20000 60.59000 13.12300 58.40400
26 11 20 15 27 14460.60000 5.16300000 435.11000 60.59000 13.12300 58.40400
26 11 20 15 28 14464.00000 5.16300000 435.16000 60.61000 13.19400 58.40400
26 11 20 15 28 14467.10000 5.16300000 435.21000 60.56000 13.19400 58.40400
26 11 20 15 29 14460.00000 5.16300000 435.20000 60.56000 13.19400 58.40400
26 11 20 15 29 14450.10000 5.16300000 434.49000 60.55000 13.19400 58.40400
26 11 20 15 30 14437.00000 5.16300000 434.35000 60.51000 13.19400 58.40400
26 11 20 15 30 14443.00000 5.16300000 434.25000 60.59000 13.03600 58.40400
26 11 20 15 30 14451.90000 5.16300000 435.50000 60.60000 13.03600 58.40400
26 11 20 15 31 14489.90000 5.16300000 435.52000 60.70000 13.03600 58.40400
26 11 20 15 31 14446.70000 5.16300000 434.64000 60.68000 13.03600 58.40400
26 11 20 15 32 14446.40000 5.16300000 434.49000 60.58000 13.10900 58.40400
26 11 20 15 32 14436.30000 5.16300000 434.71000 60.60000 13.09600 58.40400
26 11 20 15 33 14419.20000 5.18400000 434.02000 60.50000 13.09600 58.40400
26 11 20 15 33 14420.00000 5.18400000 433.92000 60.55000 13.09600 58.40400
26 11 20 15 33 14420.90000 5.18400000 434.71000 60.63000 13.09600 58.40400
26 11 20 15 34 14471.20000 5.18400000 435.94000 60.96000 13.09600 58.48000
26 11 20 15 34 14477.80000 5.18400000 435.39000 60.94000 13.09600 58.48000
26 11 20 15 35 14443.40000 5.18400000 434.78000 60.93000 13.09600 58.48000
26 11 20 15 35 14434.60000 5.18400000 434.46000 60.73000 13.09600 58.48000
26 11 20 15 36 14454.90000 5.18400000 434.23000 60.84000 13.09600 58.48000
26 11 20 15 36 14464.40000 5.18400000 434.13000 60.86000 13.03600 58.48000
26 11 20 15 36 14458.80000 5.18400000 434.00000 60.90000 13.03600 58.48000
26 11 20 15 37 14425.80000 5.18400000 433.08000 60.84000 13.03600 58.48000
26 11 20 15 37 14417.30000 5.18400000 432.94000 60.76000 13.03600 58.48000
26 11 20 15 38 14401.80000 5.18400000 432.56000 60.61000 13.03600 58.48000
26 11 20 15 38 14414.10000 5.18400000 433.37000 60.60000 13.03600 58.48000
26 11 20 15 39 14415.20000 5.18400000 433.09000 60.60000 13.03600 58.48000
26 11 20 15 39 14415.10000 5.18400000 433.13000 60.66000 13.03600 58.48000
26 11 20 15 39 14433.90000 5.18400000 434.32000 60.81000 13.03600 58.48000
26 11 20 15 40 14441.00000 5.18400000 434.47000 60.87000 13.03600 58.48000
26 11 20 15 40 14412.40000 5.18400000 433.35000 60.70000 13.03600 58.48000
26 11 20 15 41 14423.10000 5.18400000 433.50000 60.70000 13.03600 58.48000
26 11 20 15 41 14415.20000 5.18400000 433.01000 60.62000 13.03600 58.48000
26 11 20 15 42 14416.50000 5.18400000 432.64000 60.62000 13.03600 58.48000
26 11 20 15 42 14416.60000 5.18400000 432.84000 60.50000 13.03600 58.48000
26 11 20 15 42 14416.60000 5.18400000 432.84000 60.56000 13.03600 58.48000
26 11 20 15 43 14416.60000 5.18400000 432.66000 60.56000 13.03600 58.48000
26 11 20 15 43 14416.50000 5.18400000 432.61000 60.52000 13.03600 58.48000
26 11 20 15 44 14402.50000 5.18400000 432.56000 60.52000 13.03600 58.48000
26 11 20 15 44 14389.10000 5.18400000 432.00000 60.50000 13.03600 58.48000
26 11 20 15 45 14380.30000 5.18400000 432.00000 60.38000 13.03600 58.48000
26 11 20 15 45 14363.10000 5.18400000 431.60000 60.31000 13.03600 58.48000
26 11 20 15 45 14360.00000 5.18400000 431.37000 60.26000 13.03600 58.48000
26 11 20 15 46 14346.70000 5.18400000 431.17000 60.26000 13.03600 58.48000
26 11 20 15 46 14372.60000 5.18400000 431.98000 60.38000 13.03600 58.48000
26 11 20 15 47 14366.40000 5.18400000 431.93000 60.38000 13.03600 58.48000
26 11 20 15 47 14353.50000 5.18400000 431.53000 60.32000 13.03600 58.48000
26 11 20 15 48 14335.70000 5.18400000 431.23000 60.24000 13.03600 58.48000
26 11 20 15 48 14314.00000 5.18400000 430.01000 60.14000 13.03600 58.48000
26 11 20 15 48 14301.10000 5.18400000 428.97000 60.00000 13.03600 58.48000
26 11 20 15 49 14310.30000 5.11400000 430.01000 60.14000 13.03600 58.48000
26 11 20 15 49 14314.40000 5.11400000 430.18000 60.12000 13.03600 58.48000
26 11 20 15 50 14360.00000 5.13500000 431.37000 60.19000 13.03600 58.48000
26 11 20 15 50 14372.60000 5.13500000 431.53000 60.26000 13.03600 58.48000
26 11 20 15 51 14343.40000 5.12400000 430.91000 60.15000 13.03600 58.06900
26 11 20 15 51 14343.50000 5.12400000 430.74000 60.23000 12.97400 58.06900
26 11 20 15 51 14350.00000 5.12400000 430.79000 60.23000 12.97400 58.06900
26 11 20 15 52 14350.00000 5.12400000 430.79000 60.25000 12.97400 58.06900
26 11 20 15 52 14350.00000 5.12400000 430.53000 60.14000 12.97400 58.06900
26 11 20 15 53 14350.00000 5.12400000 430.00000 60.12000 12.97400 58.06900
26 11 20 15 53 14354.30000 5.12400000 430.01000 60.03000 12.97400 58.06900
26 11 20 15 54 14339.80000 5.12400000 429.87000 60.03000 12.97400 58.06900
26 11 20 15 54 14333.70000 5.12400000 429.34000 60.00000 12.97400 58.06900
26 11 20 15 54 14277.00000 5.12400000 427.66000 59.61000 12.97400 58.06900
26 11 20 15 55 14262.20000 5.12400000 427.60000 59.55000 12.97400 58.06900
