M=[
 6 5 21 15 36 47400.10000 103.33600000 2965.39000 286.54000 39.61000 243.20600
 6 5 21 15 36 47400.00000 103.50000000 2961.06000 286.42000 39.61000 242.68900
 6 5 21 15 36 47354.80000 103.00100000 2962.90000 286.21000 39.61000 242.68900
 6 5 21 15 37 47340.00000 102.92700000 2962.99000 286.21000 39.61000 242.68900
 6 5 21 15 37 47309.80000 102.00400000 2957.00000 285.79000 39.61000 242.68900
 6 5 21 15 38 47311.00000 102.42800000 2956.22000 285.76000 39.61000 242.56200
 6 5 21 15 38 47316.80000 102.69900000 2960.00000 286.16000 39.61000 242.56200
 6 5 21 15 39 47360.80000 101.99900000 2960.00000 286.25000 39.61000 242.56200
 6 5 21 15 39 47337.10000 102.00500000 2958.35000 286.08000 39.61000 243.48300
 6 5 21 15 39 47332.60000 102.38200000 2956.41000 285.96000 39.61000 243.48300
 6 5 21 15 40 47332.60000 102.38100000 2956.01000 286.31000 39.61000 243.48300
 6 5 21 15 40 47332.40000 102.55800000 2954.70000 286.31000 39.61000 243.48300
 6 5 21 15 41 47339.00000 103.41200000 2952.78000 286.21000 39.61000 243.48300
 6 5 21 15 41 47382.00000 104.00900000 2956.39000 286.42000 39.61000 242.65700
 6 5 21 15 42 47378.60000 105.35100000 2955.67000 286.35000 39.98600 242.65700
 6 5 21 15 42 47380.00000 106.54500000 2956.66000 286.33000 39.83700 242.65700
 6 5 21 15 42 47380.00000 106.01000000 2959.99000 286.29000 39.83700 242.65700
 6 5 21 15 43 47405.70000 106.00000000 2959.99000 286.04000 39.83700 244.06100
 6 5 21 15 43 47414.00000 107.39000000 2959.99000 286.20000 39.83700 244.20600
 6 5 21 15 44 47419.60000 107.31200000 2959.97000 286.24000 39.83700 244.35300
 6 5 21 15 44 47396.70000 105.50600000 2957.75000 286.20000 39.83700 244.49600
 6 5 21 15 45 47405.80000 106.25100000 2956.99000 286.20000 39.83700 244.60300
 6 5 21 15 45 47422.00000 105.96000000 2958.98000 286.20000 39.83700 244.95700
 6 5 21 15 45 47470.70000 107.00000000 2962.00000 286.35000 39.83700 246.08700
 6 5 21 15 46 47523.00000 107.50000000 2964.25000 286.22000 39.83700 245.72000
 6 5 21 15 46 47560.40000 108.00000000 2965.55000 286.27000 39.83700 245.72000
 6 5 21 15 47 47589.20000 108.94300000 2967.99000 286.64000 39.83700 246.16600
 6 5 21 15 47 47562.90000 109.15000000 2966.25000 286.82000 39.83700 245.54700
 6 5 21 15 48 47649.00000 110.77400000 2968.72000 287.41000 39.83700 246.31400
 6 5 21 15 48 47631.30000 111.90300000 2968.01000 287.66000 39.83700 246.41800
 6 5 21 15 48 47607.40000 112.60900000 2962.15000 288.01000 39.83700 246.41800
 6 5 21 15 49 47660.40000 113.53500000 2963.45000 288.27000 40.00000 246.82100
 6 5 21 15 49 47630.60000 114.89700000 2963.46000 287.92000 40.00000 247.86100
 6 5 21 15 50 47621.50000 116.00000000 2962.82000 287.46000 40.00000 247.74600
 6 5 21 15 50 47605.00000 116.29100000 2961.11000 287.35000 40.25100 248.17700
 6 5 21 15 51 47599.00000 116.56700000 2954.07000 286.73000 40.25100 248.29800
 6 5 21 15 51 47560.70000 112.12400000 2948.23000 286.30000 40.25100 248.03700
 6 5 21 15 51 47541.00000 108.70700000 2946.42000 285.77000 40.25100 248.03700
 6 5 21 15 52 47511.80000 111.56700000 2945.65000 285.56000 40.25100 246.83700
 6 5 21 15 52 47457.80000 111.06500000 2938.95000 284.72000 40.02500 246.83700
 6 5 21 15 53 47350.10000 108.32400000 2933.20000 283.74000 40.02500 246.83700
 6 5 21 15 53 47320.00000 109.49200000 2930.01000 283.22000 40.02500 245.97600
 6 5 21 15 54 47297.80000 110.81000000 2929.18000 283.06000 39.80100 245.97600
 6 5 21 15 54 47295.60000 110.02900000 2931.77000 283.68000 39.80100 245.99500
 6 5 21 15 54 47232.00000 110.44800000 2927.49000 283.20000 39.80100 246.74700
 6 5 21 15 55 47280.20000 108.40900000 2931.92000 283.32000 39.36400 246.74700
 6 5 21 15 55 47269.00000 109.11000000 2935.65000 284.00000 39.36400 246.10000
 6 5 21 15 56 47333.00000 110.00000000 2938.45000 284.28000 39.36400 246.10000
 6 5 21 15 56 47289.10000 109.80100000 2935.00000 283.51000 39.36400 246.10000
 6 5 21 15 57 47289.00000 109.93700000 2935.96000 283.88000 39.36400 247.17100
 6 5 21 15 57 47351.40000 110.78000000 2939.81000 284.63000 39.82600 247.17100
 6 5 21 15 57 47366.60000 111.53000000 2944.38000 284.73000 39.82600 247.76300
 6 5 21 15 58 47372.40000 112.14500000 2948.87000 284.79000 39.82600 247.65600
 6 5 21 15 58 47423.50000 113.88200000 2951.77000 285.03000 39.82600 247.65600
 6 5 21 15 59 47436.90000 112.50000000 2953.92000 285.11000 40.05900 247.82400
 6 5 21 15 59 47461.90000 112.37400000 2952.11000 284.79000 40.05900 247.82400
 6 5 21 16 00 47455.90000 112.87400000 2952.69000 285.11000 40.05900 248.23900
 6 5 21 16 00 47499.60000 112.12400000 2962.02000 285.66000 40.05900 249.00000
 6 5 21 16 00 47527.40000 112.91900000 2966.14000 284.95000 40.05900 249.20500
 6 5 21 16 01 47511.10000 114.00100000 2968.45000 284.71000 40.05900 249.50000
 6 5 21 16 01 47508.30000 115.08200000 2970.00000 284.36000 40.05900 250.50900
 6 5 21 16 02 47508.40000 115.25200000 2972.99000 284.70000 40.05900 251.02800
 6 5 21 16 02 47511.60000 115.00700000 2976.00000 285.04000 39.91600 250.58800
 6 5 21 16 03 47508.30000 112.75600000 2977.47000 284.71000 39.91600 252.00100
 6 5 21 16 03 47516.00000 111.27200000 2978.00000 284.46000 39.91600 251.92300
 6 5 21 16 03 47524.90000 111.00100000 2979.77000 284.43000 39.97200 251.98400
 6 5 21 16 04 47525.00000 111.49800000 2977.67000 284.30000 39.97200 250.75600
 6 5 21 16 04 47524.90000 113.50000000 2973.53000 284.39000 39.97200 250.23100
 6 5 21 16 05 47524.90000 112.88200000 2978.08000 284.23000 39.97200 250.71800
 6 5 21 16 05 47499.90000 112.32000000 2978.17000 284.45000 39.97200 251.45000
 6 5 21 16 06 47505.50000 111.64800000 2979.77000 284.70000 39.97200 250.73900
 6 5 21 16 06 47488.20000 110.06600000 2980.00000 284.90000 39.97200 251.70000
 6 5 21 16 06 47455.20000 110.44500000 2981.99000 284.50000 39.97200 252.86300
 6 5 21 16 07 47405.50000 110.04100000 2976.76000 284.31000 39.97200 253.08000
 6 5 21 16 07 47363.50000 110.00000000 2972.75000 283.88000 39.97200 253.58000
 6 5 21 16 08 47362.20000 109.10000000 2971.43000 283.29000 40.05700 253.63000
 6 5 21 16 08 47356.40000 108.50000000 2964.11000 283.07000 40.05700 253.98000
 6 5 21 16 09 47327.50000 110.00000000 2962.62000 282.54000 40.05700 255.00000
 6 5 21 16 09 47272.30000 110.32600000 2957.00000 282.00000 40.05700 257.55000
 6 5 21 16 09 47252.60000 110.57300000 2955.81000 281.49000 40.05700 258.25400
 6 5 21 16 10 47301.40000 109.14100000 2965.04000 281.72000 40.05700 257.34700
 6 5 21 16 10 47353.40000 110.72100000 2971.46000 282.24000 40.05700 257.00800
 6 5 21 16 11 47376.10000 111.75200000 2972.47000 282.30000 39.47100 257.57600
 6 5 21 16 11 47417.70000 112.29400000 2978.14000 282.46000 39.47100 257.22800
 6 5 21 16 12 47413.00000 112.08700000 2973.89000 282.11000 39.47100 259.20700
 6 5 21 16 12 47449.40000 112.55300000 2976.00000 282.47000 39.47100 257.91200
 6 5 21 16 12 47459.40000 111.99900000 2978.14000 282.66000 39.47100 259.88000
 6 5 21 16 13 47391.40000 111.60500000 2974.18000 282.55000 39.47100 259.44600
 6 5 21 16 13 47429.80000 111.49500000 2976.00000 282.36000 39.19700 260.30000
 6 5 21 16 14 47411.80000 110.01300000 2974.16000 281.94000 39.19700 261.89000
 6 5 21 16 14 47424.30000 111.45300000 2972.73000 282.63000 39.19700 263.20000
 6 5 21 16 15 47441.20000 110.81000000 2975.98000 282.56000 39.19700 263.87000
 6 5 21 16 15 47441.20000 109.71500000 2976.81000 281.85000 39.19700 262.68700
 6 5 21 16 15 47441.10000 109.00100000 2969.96000 281.77000 39.19700 264.99300
 6 5 21 16 16 47412.20000 108.60100000 2970.48000 281.71000 39.19700 264.33300
 6 5 21 16 16 47369.50000 108.67500000 2968.63000 281.32000 39.51500 266.61000
 6 5 21 16 17 47369.50000 108.60000000 2967.28000 281.59000 39.51400 264.45000
 6 5 21 16 17 47373.00000 107.93300000 2963.64000 282.20000 39.51400 262.00300
 6 5 21 16 18 47400.00000 106.84300000 2965.03000 282.87000 39.51400 263.10500
 6 5 21 16 18 47400.00000 108.41500000 2966.33000 284.60000 39.51400 264.07100
 6 5 21 16 18 47440.90000 108.53000000 2966.12000 284.30000 39.51400 262.47000
