M=[
16 1 21 16 48 30633.70000 6.61400000 1040.55000 121.82000 16.69300 90.50500
16 1 21 16 49 30613.20000 6.61400000 1040.31000 122.00000 16.69300 89.76700
16 1 21 16 49 30618.60000 6.60000000 1037.79000 121.71000 16.69300 89.51200
16 1 21 16 50 30540.00000 6.60000000 1034.79000 121.68000 16.69300 89.16800
16 1 21 16 50 30623.20000 6.60000000 1040.10000 121.97000 16.69300 89.73100
16 1 21 16 50 30601.00000 6.60000000 1039.81000 121.98000 16.69300 90.18900
16 1 21 16 51 30585.50000 6.55900000 1037.42000 121.80000 16.69300 89.86200
16 1 21 16 51 30648.00000 6.62600000 1040.00000 122.23000 16.69300 90.09000
16 1 21 16 52 30662.50000 6.62600000 1040.50000 122.31000 16.69300 90.05300
16 1 21 16 52 30662.50000 6.62600000 1040.69000 122.35000 16.69300 90.05300
16 1 21 16 53 30684.70000 6.62600000 1042.14000 122.35000 16.69300 89.96000
16 1 21 16 53 30637.30000 6.62600000 1039.32000 122.17000 16.69300 89.96000
16 1 21 16 53 30686.60000 6.62600000 1040.67000 122.16000 16.69300 89.96000
16 1 21 16 54 30697.00000 6.62900000 1042.25000 122.44000 16.69300 89.96000
16 1 21 16 54 30722.50000 6.62900000 1042.26000 122.63000 16.69300 89.94100
16 1 21 16 55 30722.90000 6.62900000 1042.54000 122.50000 16.69300 90.18500
16 1 21 16 55 30706.90000 6.62900000 1041.78000 122.40000 16.69300 90.18500
16 1 21 16 56 30708.10000 6.62900000 1043.23000 122.52000 16.69300 89.96300
16 1 21 16 56 30727.70000 6.62900000 1044.37000 122.55000 16.69300 89.96300
16 1 21 16 56 30725.30000 6.62900000 1044.76000 122.67000 16.69300 89.99600
16 1 21 16 57 30717.40000 6.62900000 1045.41000 122.77000 16.69300 89.99600
16 1 21 16 57 30725.40000 6.62500000 1045.21000 122.77000 16.69300 89.99600
16 1 21 16 58 30734.80000 6.62500000 1043.90000 122.61000 16.69300 90.00000
16 1 21 16 58 30735.00000 6.62500000 1045.25000 122.84000 16.69300 89.88700
16 1 21 16 59 30792.90000 6.62500000 1047.65000 122.84000 16.69300 89.88700
16 1 21 16 59 30730.00000 6.64900000 1045.63000 123.12000 16.69300 89.88700
16 1 21 16 59 30744.40000 6.64900000 1046.05000 122.83000 16.69300 89.88700
16 1 21 17 00 30717.40000 6.64900000 1045.50000 122.97000 16.60300 89.84300
16 1 21 17 00 30700.10000 6.64900000 1043.45000 122.67000 16.60300 89.84300
16 1 21 17 01 30758.00000 6.66100000 1045.08000 122.72000 16.60300 89.84300
16 1 21 17 01 30782.30000 6.65800000 1048.37000 123.05000 16.60300 90.03800
16 1 21 17 02 30784.10000 6.66700000 1048.19000 123.12000 16.77100 90.28700
16 1 21 17 02 30784.30000 6.67000000 1048.24000 123.13000 16.77100 90.45200
16 1 21 17 02 30784.20000 6.67000000 1048.35000 123.13000 16.77100 90.45200
16 1 21 17 03 30783.80000 6.65900000 1048.36000 123.13000 16.77100 90.45200
16 1 21 17 03 30775.40000 6.65900000 1047.98000 123.04000 16.77100 90.45200
16 1 21 17 04 30776.50000 6.65900000 1048.40000 122.95000 16.77100 91.00000
16 1 21 17 04 30777.90000 6.65900000 1048.40000 122.97000 16.77100 90.88400
16 1 21 17 05 30763.70000 6.65900000 1044.67000 122.78000 16.77100 90.79800
16 1 21 17 05 30700.00000 6.65900000 1043.66000 122.55000 16.77100 90.79800
16 1 21 17 05 30754.00000 6.65900000 1046.14000 122.78000 16.77100 90.79800
16 1 21 17 06 30736.40000 6.63100000 1046.62000 122.89000 16.77100 90.55300
16 1 21 17 06 30733.20000 6.63100000 1047.18000 122.89000 16.77100 91.19000
16 1 21 17 07 30741.50000 6.63100000 1047.18000 122.99000 16.77100 91.51000
16 1 21 17 07 30784.30000 6.63100000 1048.67000 122.99000 16.74700 91.88700
16 1 21 17 08 30784.30000 6.63100000 1048.63000 123.14000 16.74700 91.51500
16 1 21 17 08 30784.30000 6.62200000 1048.62000 123.15000 16.74700 92.06100
16 1 21 17 08 30784.20000 6.62200000 1048.73000 123.24000 16.74700 92.15200
16 1 21 17 09 30784.30000 6.62200000 1047.42000 123.24000 16.74700 92.62500
16 1 21 17 09 30784.30000 6.63900000 1047.54000 123.24000 16.74700 93.00000
16 1 21 17 10 30784.30000 6.63900000 1048.00000 123.24000 16.74700 93.22000
16 1 21 17 10 30784.30000 6.63900000 1047.99000 123.24000 16.74700 93.99300
16 1 21 17 11 30784.20000 6.63900000 1047.48000 123.06000 16.74700 93.85400
16 1 21 17 11 30784.20000 6.63900000 1047.78000 123.18000 16.74700 93.82700
16 1 21 17 11 30784.20000 6.63900000 1045.99000 123.17000 16.74700 92.98700
16 1 21 17 12 30722.30000 6.63900000 1044.50000 122.73000 16.74700 92.06900
16 1 21 17 12 30664.80000 6.63900000 1043.16000 122.73000 16.74700 92.06900
16 1 21 17 13 30672.40000 6.63900000 1042.27000 122.63000 16.74700 91.78200
16 1 21 17 13 30672.50000 6.63900000 1041.71000 122.63000 16.74700 91.70500
16 1 21 17 14 30641.00000 6.63900000 1040.28000 122.51000 16.74700 91.73000
16 1 21 17 14 30644.10000 6.63900000 1040.03000 122.56000 16.74700 91.95900
16 1 21 17 14 30556.80000 6.63900000 1037.60000 122.35000 16.74700 91.95900
16 1 21 17 15 30594.90000 6.63900000 1039.63000 122.17000 16.74700 91.95900
16 1 21 17 15 30552.10000 6.57500000 1037.08000 122.21000 16.74700 91.50800
16 1 21 17 16 30570.80000 6.54900000 1037.99000 122.21000 16.74700 91.29500
16 1 21 17 16 30584.40000 6.54900000 1039.71000 122.22000 16.74700 91.14800
16 1 21 17 16 30560.70000 6.54900000 1039.39000 122.22000 16.74700 90.75800
16 1 21 17 17 30552.70000 6.54900000 1039.99000 122.22000 16.74700 90.97100
16 1 21 17 17 30556.40000 6.54900000 1039.99000 122.17000 16.74700 91.29900
16 1 21 17 18 30549.50000 6.54900000 1039.93000 122.14000 16.74700 90.96800
16 1 21 17 18 30548.40000 6.54900000 1039.16000 122.10000 16.74700 90.96800
16 1 21 17 19 30520.00000 6.54900000 1037.01000 121.66000 16.74700 90.35700
16 1 21 17 19 30510.10000 6.54900000 1034.65000 121.68000 16.74700 90.00000
16 1 21 17 19 30503.00000 6.54900000 1034.48000 121.61000 16.74700 89.85000
16 1 21 17 20 30500.00000 6.52400000 1033.74000 121.50000 16.74700 89.99600
16 1 21 17 20 30568.20000 6.54400000 1035.95000 121.86000 16.74700 90.45100
16 1 21 17 21 30542.20000 6.54400000 1036.77000 121.84000 16.74700 90.73800
16 1 21 17 21 30525.60000 6.52700000 1035.50000 121.59000 16.74700 90.32200
16 1 21 17 22 30538.20000 6.52700000 1036.74000 121.59000 16.74700 90.45900
16 1 21 17 22 30520.90000 6.50000000 1033.37000 121.55000 16.74700 91.00600
16 1 21 17 22 30501.40000 6.50000000 1033.77000 121.54000 16.74700 91.00600
16 1 21 17 23 30537.20000 6.50000000 1034.99000 121.61000 16.74700 90.86900
16 1 21 17 23 30500.00000 6.50000000 1034.25000 121.64000 16.74700 90.98900
16 1 21 17 24 30500.00000 6.50000000 1034.97000 121.49000 16.74700 90.96000
16 1 21 17 24 30550.50000 6.54900000 1037.00000 121.62000 16.74700 90.96000
16 1 21 17 25 30537.40000 6.54900000 1035.64000 121.57000 16.74700 91.24600
16 1 21 17 25 30586.90000 6.52200000 1038.03000 121.62000 16.63200 91.38500
16 1 21 17 25 30600.40000 6.52200000 1038.87000 121.76000 16.63200 91.66700
16 1 21 17 26 30570.50000 6.53100000 1037.74000 121.57000 16.63200 91.66700
16 1 21 17 26 30585.80000 6.53100000 1038.00000 121.62000 16.63200 91.66700
16 1 21 17 27 30585.80000 6.53100000 1037.32000 121.62000 16.63200 91.07600
16 1 21 17 27 30575.30000 6.53100000 1037.32000 121.54000 16.63200 91.07600
16 1 21 17 28 30572.10000 6.53100000 1037.15000 121.54000 16.63200 90.88600
16 1 21 17 28 30537.50000 6.54400000 1035.29000 121.39000 16.63200 90.88600
16 1 21 17 28 30517.00000 6.54400000 1035.77000 121.37000 16.63200 90.55600
16 1 21 17 29 30521.50000 6.54400000 1035.89000 121.37000 16.63200 90.43200
16 1 21 17 29 30557.80000 6.54400000 1037.62000 121.37000 16.63200 91.23700
16 1 21 17 30 30565.80000 6.54400000 1037.98000 121.62000 16.63200 91.23700
16 1 21 17 30 30555.30000 6.54400000 1038.49000 121.62000 16.63200 91.23700
16 1 21 17 31 30566.70000 6.54400000 1040.10000 121.62000 16.63200 91.23700
16 1 21 17 31 30581.30000 6.54400000 1040.74000 121.62000 16.63200 91.23700
16 1 21 17 31 30581.40000 6.54400000 1041.27000 121.67000 16.63200 91.23700
16 1 21 17 32 30581.30000 6.54400000 1041.15000 121.60000 16.63700 91.23700
16 1 21 17 32 30577.20000 6.54400000 1040.37000 121.69000 16.63700 91.23700
16 1 21 17 33 30570.00000 6.55900000 1040.25000 121.51000 16.63700 91.23700
