M=[
16 1 21 02 33 30493.10000 6.29700000 978.61000 118.72000 16.54600 87.89000
16 1 21 02 34 30506.70000 6.29700000 979.00000 118.72000 16.54600 87.89000
16 1 21 02 34 30477.90000 6.29700000 979.11000 118.62000 16.54600 87.89000
16 1 21 02 35 30495.70000 6.29700000 978.51000 118.62000 16.54600 87.89000
16 1 21 02 35 30491.60000 6.29700000 978.51000 118.40000 16.54600 87.89000
16 1 21 02 35 30419.70000 6.29700000 978.51000 118.40000 16.54600 87.89000
16 1 21 02 36 30495.80000 6.29700000 978.37000 118.40000 16.54600 87.89000
16 1 21 02 36 30481.10000 6.29700000 978.91000 118.40000 16.54600 87.89000
16 1 21 02 37 30467.40000 6.29700000 978.93000 118.41000 16.54600 87.89000
16 1 21 02 37 30467.40000 6.29700000 978.93000 118.50000 16.54600 87.89000
16 1 21 02 38 30440.90000 6.29700000 978.37000 118.50000 16.54600 87.89000
16 1 21 02 38 30375.50000 6.29700000 976.60000 118.08000 16.54600 87.89000
16 1 21 02 38 30271.00000 6.29700000 973.82000 117.57000 16.54600 87.89000
16 1 21 02 39 30324.30000 6.29700000 973.14000 117.85000 16.54600 87.50500
16 1 21 02 39 30271.00000 6.25500000 973.01000 117.69000 16.54600 87.50500
16 1 21 02 40 30282.70000 6.25500000 972.38000 117.68000 16.54600 87.50500
16 1 21 02 40 30294.50000 6.25500000 973.28000 117.68000 16.54600 87.27100
16 1 21 02 41 30307.40000 6.25500000 973.28000 117.68000 16.54600 87.27100
16 1 21 02 41 30308.40000 6.19200000 973.29000 117.68000 16.54600 87.27100
16 1 21 02 41 30308.40000 6.19200000 973.81000 117.69000 16.54600 87.27100
16 1 21 02 42 30321.80000 6.19200000 973.57000 117.86000 16.54600 87.27100
16 1 21 02 42 30321.80000 6.19200000 968.72000 117.68000 16.54600 87.24500
16 1 21 02 43 30306.90000 6.19200000 970.92000 117.68000 16.54600 87.24500
16 1 21 02 43 30341.60000 6.19200000 970.92000 117.73000 16.54600 87.24500
16 1 21 02 44 30377.60000 6.19200000 973.95000 117.73000 16.54600 87.24500
16 1 21 02 44 30305.70000 6.19200000 973.45000 118.00000 16.54600 87.24500
16 1 21 02 44 30305.70000 6.19200000 972.46000 117.72000 16.54600 87.24500
16 1 21 02 45 30273.50000 6.19200000 970.40000 117.72000 16.54600 87.24500
16 1 21 02 45 30282.70000 6.24300000 970.40000 117.69000 16.54600 87.24500
16 1 21 02 46 30282.80000 6.24300000 970.40000 117.96000 16.54600 87.24500
16 1 21 02 46 30282.80000 6.24300000 970.40000 117.96000 16.54600 87.24500
16 1 21 02 47 30332.10000 6.24300000 970.40000 117.98000 16.54600 87.24500
16 1 21 02 47 30304.40000 6.24300000 970.32000 117.98000 16.54600 87.24500
16 1 21 02 47 30302.30000 6.24300000 971.28000 117.98000 16.54600 87.24500
16 1 21 02 48 30361.90000 6.24300000 972.75000 118.14000 16.54600 87.24500
16 1 21 02 48 30354.30000 6.24300000 972.75000 118.14000 16.54600 87.24500
16 1 21 02 49 30354.30000 6.24300000 973.78000 118.19000 16.54600 87.24500
16 1 21 02 49 30387.80000 6.24300000 974.91000 118.19000 16.54600 87.24500
16 1 21 02 50 30409.30000 6.24300000 974.83000 118.19000 16.54600 87.24500
16 1 21 02 50 30416.60000 6.24300000 973.06000 118.40000 16.54600 87.24500
16 1 21 02 50 30416.60000 6.24300000 973.06000 118.40000 16.54600 87.24500
16 1 21 02 51 30360.30000 6.24300000 973.99000 118.47000 16.54600 87.24500
16 1 21 02 51 30317.30000 6.24300000 973.45000 118.59000 16.54600 87.24500
16 1 21 02 52 30208.90000 6.24300000 970.77000 118.34000 16.54600 87.24500
16 1 21 02 52 30090.90000 6.24300000 965.57000 118.16000 16.54600 87.17000
16 1 21 02 53 30089.50000 6.24300000 965.35000 118.16000 16.54600 87.17000
16 1 21 02 53 30071.20000 6.24300000 964.99000 117.64000 16.54600 86.59000
16 1 21 02 53 30100.10000 6.24300000 965.91000 117.64000 16.54600 86.48000
16 1 21 02 54 30071.20000 6.24300000 964.04000 117.58000 16.54600 86.48000
16 1 21 02 54 30091.60000 6.24300000 965.10000 117.58000 16.54600 86.48000
16 1 21 02 55 30106.10000 6.24300000 965.10000 117.72000 16.54600 86.48000
16 1 21 02 55 30095.30000 6.24300000 964.17000 117.72000 16.54600 86.48000
16 1 21 02 55 30109.90000 6.24300000 966.81000 117.90000 16.54600 86.48000
16 1 21 02 56 30045.50000 6.24300000 965.46000 117.71000 16.54600 86.48000
16 1 21 02 56 29910.60000 6.24300000 963.64000 117.56000 16.54600 86.48000
16 1 21 02 57 29972.00000 6.24300000 963.91000 117.53000 16.54600 86.54200
16 1 21 02 57 29933.90000 6.24300000 962.44000 117.48000 16.54600 86.44600
16 1 21 02 58 29948.10000 6.24300000 961.40000 117.54000 16.54600 86.44600
16 1 21 02 58 29958.10000 6.24300000 961.47000 117.41000 16.54600 86.44600
16 1 21 02 58 29976.70000 6.24300000 962.80000 117.41000 16.54600 86.44600
16 1 21 02 59 29961.90000 6.24300000 962.80000 117.41000 16.54600 86.44600
16 1 21 02 59 30005.30000 6.20000000 963.41000 117.41000 16.54600 86.44600
16 1 21 03 00 30012.10000 6.22400000 963.81000 117.71000 16.54600 86.44600
16 1 21 03 00 30047.70000 6.22400000 965.75000 117.74000 16.54600 86.44600
16 1 21 03 01 30062.00000 6.22400000 966.31000 117.74000 16.44400 86.44600
16 1 21 03 01 30003.00000 6.25200000 964.18000 117.74000 16.44400 86.44600
16 1 21 03 01 29852.90000 6.25200000 960.87000 117.51000 16.44400 86.44600
16 1 21 03 02 29906.60000 6.25200000 961.46000 117.66000 16.44400 86.59000
16 1 21 03 02 29898.40000 6.25200000 962.88000 117.66000 16.44400 86.59000
16 1 21 03 03 29971.50000 6.25200000 964.28000 117.93000 16.44400 86.59000
16 1 21 03 03 29987.20000 6.25200000 964.92000 117.93000 16.44400 86.59000
16 1 21 03 04 29985.80000 6.25200000 965.67000 117.93000 16.44400 86.59000
16 1 21 03 04 30043.00000 6.25200000 967.44000 118.04000 16.44400 86.59000
16 1 21 03 04 30062.10000 6.25200000 967.70000 118.31000 16.44400 86.59000
16 1 21 03 05 30062.10000 6.25200000 968.32000 118.31000 16.44400 86.59000
16 1 21 03 05 30085.00000 6.25200000 968.32000 118.31000 16.44400 86.59000
16 1 21 03 06 30078.30000 6.25200000 968.32000 118.35000 16.44400 86.59000
16 1 21 03 06 30078.30000 6.25200000 968.32000 118.29000 16.44400 86.59000
16 1 21 03 07 30014.60000 6.21800000 968.32000 117.95000 16.44400 86.59000
16 1 21 03 07 30014.60000 6.21800000 966.64000 117.95000 16.44400 86.59000
16 1 21 03 07 30073.60000 6.21800000 967.15000 118.39000 16.44400 86.59000
16 1 21 03 08 30088.30000 6.21800000 968.24000 118.39000 16.44400 86.59000
16 1 21 03 08 30142.60000 6.21800000 969.44000 118.54000 16.44400 86.59000
16 1 21 03 09 30159.50000 6.21800000 970.17000 118.54000 16.44400 86.59000
16 1 21 03 09 30157.80000 6.21800000 970.17000 118.54000 16.44400 86.59000
16 1 21 03 10 30157.80000 6.21800000 969.44000 118.56000 16.44400 86.59000
16 1 21 03 10 30105.00000 6.21800000 969.01000 118.50000 16.44400 86.59000
16 1 21 03 10 30083.40000 6.21800000 969.01000 118.50000 16.44400 86.59000
16 1 21 03 11 30102.60000 6.21800000 969.01000 118.50000 16.44400 86.59000
16 1 21 03 11 30102.60000 6.23300000 969.94000 118.50000 16.44400 86.59000
16 1 21 03 12 30112.70000 6.23300000 970.20000 118.50000 16.44400 86.59000
16 1 21 03 12 30122.40000 6.23300000 970.20000 118.50000 16.44400 86.59000
16 1 21 03 13 30179.80000 6.23300000 970.84000 118.51000 16.35700 86.59000
16 1 21 03 13 30179.80000 6.23300000 971.40000 118.51000 16.35700 86.59000
16 1 21 03 13 30166.40000 6.23300000 971.29000 118.51000 16.35700 86.59000
16 1 21 03 14 30167.50000 6.23300000 971.29000 118.37000 16.35700 87.35800
16 1 21 03 14 30180.80000 6.23300000 971.29000 118.37000 16.35700 87.35800
16 1 21 03 15 30117.90000 6.23300000 970.36000 118.47000 16.35700 87.35800
16 1 21 03 15 30152.50000 6.23300000 970.01000 118.47000 16.35700 87.35800
16 1 21 03 16 30178.50000 6.23300000 970.01000 118.46000 16.35700 87.35800
16 1 21 03 16 30183.50000 6.23300000 971.60000 118.65000 16.35700 87.35800
16 1 21 03 16 30199.90000 6.23300000 971.60000 118.65000 16.35700 87.35800
16 1 21 03 17 30207.10000 6.23300000 971.50000 118.65000 16.35700 87.35800
16 1 21 03 17 30159.00000 6.23300000 969.93000 118.64000 16.35700 87.35800
16 1 21 03 18 30144.40000 6.23300000 969.93000 118.64000 16.35700 87.35800
16 1 21 03 18 30158.60000 6.23300000 971.89000 118.64000 16.35700 87.35800
