M=[
10 6 21 22 08 30165.40000 47.83100000 2041.98000 137.36000 21.62000 111.35900
10 6 21 22 08 30165.40000 47.83100000 2041.98000 137.36000 21.62000 111.35900
10 6 21 22 08 30165.40000 47.83100000 2041.98000 137.36000 21.62000 111.35900
10 6 21 22 09 30165.40000 47.83100000 2041.98000 137.36000 21.62000 111.35900
10 6 21 22 09 30165.40000 47.83100000 2041.98000 137.36000 21.62000 111.35900
10 6 21 22 10 30161.50000 47.83100000 2040.19000 137.76000 21.62000 111.68100
10 6 21 22 10 30161.60000 47.83100000 2041.25000 137.92000 21.62000 111.68100
10 6 21 22 11 30133.00000 47.83100000 2041.00000 137.92000 21.62000 111.68100
10 6 21 22 11 30136.60000 47.83100000 2041.00000 137.79000 21.62000 111.68100
10 6 21 22 11 30152.40000 47.83100000 2040.52000 137.79000 21.62000 111.68100
10 6 21 22 12 30135.40000 47.83100000 2040.52000 137.79000 21.62000 111.68100
10 6 21 22 12 30158.70000 47.83100000 2041.45000 137.79000 21.62000 111.68100
10 6 21 22 13 30279.30000 47.83100000 2045.80000 138.37000 21.62000 111.68100
10 6 21 22 13 30279.30000 47.83100000 2044.81000 138.30000 21.62000 111.68100
10 6 21 22 14 30279.20000 47.83100000 2043.94000 138.17000 21.62000 111.68100
10 6 21 22 14 30264.20000 47.83100000 2044.11000 138.01000 21.45100 111.68100
10 6 21 22 14 30279.30000 47.83100000 2044.65000 138.00000 21.45100 111.68100
10 6 21 22 15 30358.40000 48.02800000 2048.00000 138.35000 21.45100 111.68100
10 6 21 22 15 30371.70000 48.02800000 2046.41000 138.35000 21.45100 111.68100
10 6 21 22 16 30380.60000 48.02800000 2047.39000 138.35000 21.45100 111.68100
10 6 21 22 16 30495.20000 48.02800000 2048.57000 138.35000 21.77300 111.68100
10 6 21 22 17 30437.20000 48.02800000 2049.00000 138.35000 21.77300 111.68100
10 6 21 22 17 30417.00000 48.02800000 2047.38000 138.35000 21.77300 111.68100
10 6 21 22 17 30420.50000 48.02800000 2047.97000 138.35000 21.77300 111.68100
10 6 21 22 18 30389.90000 48.02800000 2048.59000 138.35000 21.77300 111.68100
10 6 21 22 18 30390.00000 48.02800000 2045.61000 138.35000 21.77300 111.68100
10 6 21 22 19 30377.60000 48.02800000 2045.61000 138.35000 21.77300 111.68100
10 6 21 22 19 30378.50000 48.02800000 2046.92000 138.35000 21.77300 111.68100
10 6 21 22 20 30363.20000 48.02800000 2046.79000 138.35000 21.77300 111.68100
10 6 21 22 20 30323.90000 48.02800000 2046.79000 138.35000 21.52000 111.68100
10 6 21 22 20 30295.20000 48.02800000 2046.79000 138.35000 21.52000 111.68100
10 6 21 22 21 30295.10000 48.02800000 2043.15000 138.35000 21.52000 111.68100
10 6 21 22 21 30252.50000 48.02800000 2042.29000 138.35000 21.51400 111.68100
10 6 21 22 22 30263.70000 48.02800000 2042.50000 138.13000 21.51400 111.68100
10 6 21 22 22 30266.10000 48.02800000 2041.22000 138.13000 21.51400 111.68100
10 6 21 22 23 30263.90000 48.02800000 2043.04000 138.13000 21.50300 111.68100
10 6 21 22 23 30264.30000 48.02800000 2043.09000 138.14000 21.50300 111.68100
10 6 21 22 23 30283.30000 48.02800000 2044.27000 138.16000 21.50300 111.68100
10 6 21 22 24 30256.60000 48.02800000 2045.55000 138.16000 21.50300 111.68100
10 6 21 22 24 30283.80000 48.02800000 2043.54000 138.16000 21.50300 111.68100
10 6 21 22 25 30320.20000 48.02800000 2046.16000 138.16000 21.50300 111.68100
10 6 21 22 25 30278.10000 48.02800000 2046.16000 138.16000 21.40000 111.68100
10 6 21 22 26 30277.00000 48.02800000 2046.16000 138.16000 21.39800 111.68100
10 6 21 22 26 30277.00000 48.02800000 2042.82000 138.16000 21.39800 111.68100
10 6 21 22 26 30230.60000 48.02800000 2042.61000 138.16000 21.39800 111.68100
10 6 21 22 27 30230.60000 48.02800000 2041.87000 138.16000 21.93100 111.68100
10 6 21 22 27 30219.90000 48.02800000 2040.24000 137.64000 21.41100 111.68100
10 6 21 22 28 30214.70000 48.02800000 2041.77000 137.64000 21.41100 111.68100
10 6 21 22 28 30200.10000 48.02800000 2041.77000 137.64000 21.41100 111.68100
10 6 21 22 29 30226.10000 48.02800000 2041.77000 137.64000 21.41100 111.68100
10 6 21 22 29 30223.90000 48.02800000 2043.06000 137.64000 21.41100 111.68100
10 6 21 22 29 30200.00000 48.02800000 2042.81000 137.87000 21.41100 111.68100
10 6 21 22 30 30212.80000 48.02800000 2042.81000 137.90000 21.41100 111.68100
10 6 21 22 30 30222.10000 48.02800000 2040.92000 137.90000 21.41100 111.68100
10 6 21 22 31 30200.10000 48.02800000 2041.17000 137.84000 21.41100 111.68100
10 6 21 22 31 30172.10000 47.85400000 2040.27000 137.84000 21.41100 111.68100
10 6 21 22 32 30170.60000 47.85400000 2039.92000 137.84000 21.41100 111.68100
10 6 21 22 32 30218.00000 47.85400000 2039.92000 137.84000 21.41100 111.68100
10 6 21 22 32 30216.30000 47.85400000 2041.28000 137.84000 21.39900 111.68100
10 6 21 22 33 30185.70000 47.85400000 2041.28000 137.88000 21.80500 111.68100
10 6 21 22 33 30185.60000 47.85400000 2040.00000 137.88000 21.42000 111.68100
10 6 21 22 34 30199.70000 47.85400000 2040.61000 137.88000 21.42000 111.68100
10 6 21 22 34 30183.10000 47.85400000 2041.33000 137.88000 21.73500 111.68100
10 6 21 22 35 30179.00000 47.85400000 2041.33000 137.88000 21.73500 111.68100
10 6 21 22 35 30199.90000 47.85400000 2039.92000 137.92000 21.54100 111.68100
10 6 21 22 35 30178.60000 47.85400000 2039.92000 137.92000 21.54100 111.68100
10 6 21 22 36 30178.30000 47.85400000 2041.14000 137.92000 21.54100 110.96600
10 6 21 22 36 30174.20000 47.85400000 2040.43000 137.80000 21.54100 110.86500
10 6 21 22 37 30153.90000 47.85400000 2039.92000 137.80000 21.58100 110.86500
10 6 21 22 37 30147.40000 47.85400000 2037.52000 137.80000 21.35400 110.86500
10 6 21 22 38 30134.50000 47.85400000 2036.99000 137.80000 21.35400 110.86500
10 6 21 22 38 30134.50000 47.85400000 2036.99000 137.80000 21.35400 110.86500
10 6 21 22 38 30100.00000 47.85400000 2036.23000 137.64000 21.55600 110.86500
10 6 21 22 39 30116.10000 47.85400000 2036.23000 137.64000 21.55800 110.86500
10 6 21 22 39 30105.30000 47.85400000 2036.99000 137.64000 21.55800 110.86500
10 6 21 22 40 30098.40000 47.75900000 2036.99000 137.64000 21.55800 110.86500
10 6 21 22 40 30132.80000 47.75900000 2038.08000 137.80000 21.44100 110.86500
10 6 21 22 41 30134.40000 47.75900000 2038.08000 137.80000 21.35900 110.86500
10 6 21 22 41 30134.40000 47.75900000 2036.23000 137.80000 21.35900 110.86500
10 6 21 22 41 30103.80000 47.75900000 2037.72000 138.00000 21.61800 110.86500
10 6 21 22 42 30134.30000 47.75900000 2038.79000 138.58000 21.35800 111.13300
10 6 21 22 42 30134.30000 47.88900000 2038.11000 138.64000 21.60000 111.13300
10 6 21 22 43 30167.70000 47.88900000 2038.73000 138.64000 21.60000 111.13300
10 6 21 22 43 30165.40000 47.88900000 2037.96000 138.44000 21.60000 111.13300
10 6 21 22 44 30156.10000 47.88900000 2037.96000 138.44000 21.59800 111.13300
10 6 21 22 44 30165.00000 47.88900000 2037.95000 138.44000 21.51200 111.13300
10 6 21 22 45 30169.30000 47.88900000 2038.34000 138.44000 21.44300 111.13300
10 6 21 22 45 30188.40000 47.88900000 2037.69000 138.44000 21.44200 111.13300
10 6 21 22 45 30189.20000 47.88900000 2039.99000 138.44000 21.44200 111.13300
10 6 21 22 46 30175.90000 47.88900000 2040.00000 138.44000 21.44200 111.13300
10 6 21 22 46 30191.00000 47.88900000 2040.00000 138.44000 21.44200 111.13300
10 6 21 22 47 30200.00000 47.88900000 2043.06000 138.44000 21.44200 111.13300
10 6 21 22 47 30222.30000 47.88900000 2043.40000 138.44000 21.66300 111.13300
10 6 21 22 48 30228.20000 47.88900000 2043.39000 138.41000 21.66300 111.13300
10 6 21 22 48 30201.60000 47.88900000 2043.53000 138.41000 21.44600 111.13300
10 6 21 22 48 30216.10000 47.88900000 2043.50000 138.41000 21.44300 111.13300
10 6 21 22 49 30190.90000 47.88900000 2043.50000 138.41000 21.44300 111.13300
10 6 21 22 49 30193.60000 47.88900000 2042.01000 138.41000 21.44300 111.13300
10 6 21 22 50 30193.60000 47.88900000 2042.01000 138.41000 21.67000 111.13300
10 6 21 22 50 30196.10000 47.88900000 2042.01000 138.41000 21.67000 111.13300
10 6 21 22 51 30196.10000 47.88900000 2042.01000 138.41000 21.67000 111.13300
10 6 21 22 51 30219.60000 47.88900000 2042.01000 138.34000 21.67000 111.13300
