M=[
19 11 20 04 39 15046.10000 5.07000000 402.65000 62.21000 13.62200 52.42600
19 11 20 04 39 15046.10000 5.07000000 402.65000 62.21000 13.62200 52.42600
19 11 20 04 40 15071.20000 5.07000000 402.94000 62.21000 13.70800 52.42600
19 11 20 04 40 15071.20000 5.07000000 402.94000 62.21000 13.70800 52.42600
19 11 20 04 41 15075.30000 5.06800000 402.94000 62.21000 13.70800 52.42600
19 11 20 04 41 15080.00000 5.06800000 402.94000 62.21000 13.70800 52.42600
19 11 20 04 42 15075.40000 5.06800000 402.94000 62.32000 13.70800 52.42600
19 11 20 04 42 15075.30000 5.06800000 402.94000 62.32000 13.70800 52.42600
19 11 20 04 42 15075.30000 5.06800000 402.94000 62.32000 13.70800 52.42600
19 11 20 04 43 15071.90000 5.06800000 403.01000 62.29000 13.70800 52.42600
19 11 20 04 43 15071.90000 5.06800000 403.01000 62.29000 13.70800 52.42600
19 11 20 04 44 15070.00000 5.06800000 402.83000 62.29000 13.70800 52.42600
19 11 20 04 44 15070.00000 5.06800000 402.75000 62.29000 13.70800 52.42600
19 11 20 04 45 15053.10000 5.06800000 402.71000 62.07000 13.70800 52.42600
19 11 20 04 45 15056.40000 5.06800000 402.71000 62.03000 13.70800 52.42600
19 11 20 04 45 15056.50000 5.06800000 403.07000 62.03000 13.70800 52.34600
19 11 20 04 46 15079.90000 5.06800000 403.07000 62.03000 13.70800 52.34600
19 11 20 04 46 15093.00000 5.06800000 403.07000 62.03000 13.70800 52.34600
19 11 20 04 47 15100.00000 5.06800000 403.32000 62.03000 13.70800 52.34600
19 11 20 04 47 15102.90000 5.06800000 403.45000 62.41000 13.70800 52.34600
19 11 20 04 48 15093.80000 5.06800000 403.45000 62.41000 13.70800 52.34600
19 11 20 04 48 15097.50000 5.06800000 403.45000 62.41000 13.70800 52.34600
19 11 20 04 48 15102.50000 5.06800000 402.97000 62.41000 13.70800 52.34600
19 11 20 04 49 15102.50000 5.06800000 403.08000 62.39000 13.74000 52.34600
19 11 20 04 49 15102.50000 5.06800000 403.08000 62.39000 13.74000 52.34600
19 11 20 04 50 15088.70000 5.06800000 403.08000 62.39000 13.74000 52.34600
19 11 20 04 50 15093.20000 5.06800000 403.08000 62.46000 13.74000 52.34600
19 11 20 04 51 15093.20000 5.06800000 403.08000 62.46000 13.74000 52.34600
19 11 20 04 51 15093.20000 5.06800000 403.08000 62.45000 13.74000 52.34600
19 11 20 04 51 15096.50000 5.06800000 403.08000 62.45000 13.74000 52.34600
19 11 20 04 52 15096.50000 5.06800000 403.04000 62.45000 13.74000 52.34600
19 11 20 04 52 15096.50000 5.06800000 403.09000 62.47000 13.74000 52.34600
19 11 20 04 53 15096.50000 5.06800000 403.09000 62.47000 13.74000 52.34600
19 11 20 04 53 15095.20000 5.06800000 403.09000 62.47000 13.74000 52.34600
19 11 20 04 54 15101.20000 5.06800000 403.09000 62.47000 13.74000 52.34600
19 11 20 04 54 15099.40000 5.06800000 403.09000 62.47000 13.74000 52.34600
19 11 20 04 54 15092.40000 5.06800000 403.09000 62.45000 13.74000 52.34600
19 11 20 04 55 15087.60000 5.06800000 402.97000 62.45000 13.74000 52.34600
19 11 20 04 55 15092.30000 5.06800000 403.10000 62.45000 13.74000 52.34600
19 11 20 04 56 15092.30000 5.06800000 403.10000 62.45000 13.74000 52.34600
19 11 20 04 56 15092.30000 5.06800000 403.10000 62.45000 13.70400 52.34600
19 11 20 04 57 15092.30000 5.06800000 403.10000 62.45000 13.70400 52.34600
19 11 20 04 57 15092.30000 5.06800000 403.10000 62.45000 13.70400 52.34600
19 11 20 04 57 15092.30000 5.06800000 403.27000 62.49000 13.70400 52.34600
19 11 20 04 58 15100.10000 5.06800000 403.21000 62.49000 13.70400 52.34600
19 11 20 04 58 15085.20000 5.06800000 403.21000 62.43000 13.70400 52.34600
19 11 20 04 59 15091.00000 5.06800000 403.21000 62.43000 13.70400 52.34600
19 11 20 04 59 15091.00000 5.06800000 403.10000 62.43000 13.70400 52.34600
19 11 20 05 00 15089.60000 5.06800000 403.00000 62.43000 13.70400 52.34600
19 11 20 05 00 15094.30000 5.06800000 403.09000 62.43000 13.70400 52.34600
19 11 20 05 00 15094.30000 5.06800000 403.09000 62.42000 13.70400 52.34600
19 11 20 05 01 15083.70000 5.06800000 403.09000 62.42000 13.70400 52.34600
19 11 20 05 01 15063.50000 5.06800000 403.09000 62.39000 13.70400 52.34600
19 11 20 05 02 15063.50000 5.06800000 402.78000 62.39000 13.70400 52.34600
19 11 20 05 02 15063.50000 5.04500000 402.78000 62.39000 13.70400 52.34600
19 11 20 05 03 15060.10000 5.04400000 402.65000 62.39000 13.70400 52.24000
19 11 20 05 03 15060.00000 5.00800000 402.65000 62.39000 13.70400 52.24000
19 11 20 05 03 15049.00000 5.00800000 402.65000 62.22000 13.70400 52.24000
19 11 20 05 04 15032.40000 5.01900000 402.65000 62.22000 13.70400 52.24000
19 11 20 05 04 15032.40000 5.01900000 401.50000 62.22000 13.70400 52.24000
19 11 20 05 05 15031.60000 5.01900000 401.50000 62.15000 13.70400 52.24000
19 11 20 05 05 15031.60000 5.01900000 401.68000 62.07000 13.70400 52.24000
19 11 20 05 06 15031.60000 5.01900000 401.65000 62.11000 13.70400 52.24000
19 11 20 05 06 15033.90000 5.01900000 401.53000 62.04000 13.70400 52.24000
19 11 20 05 06 15031.70000 5.01900000 401.53000 62.04000 13.70400 52.24000
19 11 20 05 07 15031.70000 5.01900000 401.53000 62.04000 13.70400 52.24000
19 11 20 05 07 15025.70000 5.01900000 401.43000 62.06000 13.64500 52.24000
19 11 20 05 08 15020.00000 5.01900000 401.17000 62.06000 13.64500 52.24000
19 11 20 05 08 15009.00000 5.01900000 401.21000 62.06000 13.64500 52.24000
19 11 20 05 09 15009.00000 5.01900000 401.32000 62.06000 13.64500 52.24000
19 11 20 05 09 15011.20000 5.01900000 401.51000 62.06000 13.64500 52.24000
19 11 20 05 10 15005.90000 5.01900000 401.51000 62.06000 13.64500 52.24000
19 11 20 05 10 15002.30000 5.01900000 401.64000 62.08000 13.64500 52.24000
19 11 20 05 10 15010.00000 5.01900000 401.64000 62.06000 13.64500 52.24000
19 11 20 05 11 15009.90000 5.01900000 401.85000 62.06000 13.64500 52.24000
19 11 20 05 11 15010.00000 5.01900000 401.85000 62.06000 13.64500 52.24000
19 11 20 05 12 15014.70000 5.01900000 401.85000 62.06000 13.64500 52.24000
19 11 20 05 12 15019.90000 5.01900000 401.85000 62.06000 13.64500 52.24000
19 11 20 05 13 15019.90000 5.01900000 401.85000 62.06000 13.64500 52.24000
19 11 20 05 13 15020.00000 5.01900000 401.59000 62.06000 13.64500 52.24000
19 11 20 05 13 15020.00000 5.01900000 401.59000 62.06000 13.64400 52.24000
19 11 20 05 14 15031.50000 5.01900000 401.73000 62.06000 13.64400 52.24000
19 11 20 05 14 15031.50000 5.01900000 401.73000 62.06000 13.64400 52.24000
19 11 20 05 15 15031.40000 5.01900000 401.85000 62.09000 13.64400 52.24000
19 11 20 05 15 15033.00000 5.01900000 401.85000 62.09000 13.64400 52.24000
19 11 20 05 16 15033.80000 5.01900000 401.84000 62.09000 13.64400 52.24000
19 11 20 05 16 15033.90000 5.01900000 401.84000 62.09000 13.64400 52.24000
19 11 20 05 16 15033.90000 5.01900000 401.84000 62.09000 13.64400 52.24000
19 11 20 05 17 15036.60000 5.01900000 401.84000 62.09000 13.64400 52.24000
19 11 20 05 17 15036.70000 5.01900000 401.84000 62.09000 13.64400 52.24000
19 11 20 05 18 15036.70000 5.01900000 402.00000 62.09000 13.64400 52.24000
19 11 20 05 18 15036.70000 5.01900000 402.17000 62.09000 13.64400 52.24000
19 11 20 05 19 15036.70000 5.01900000 402.17000 62.09000 13.64400 52.24000
19 11 20 05 19 15055.10000 5.01900000 402.17000 62.24000 13.64400 52.24000
19 11 20 05 19 15055.10000 5.01900000 402.17000 62.24000 13.64400 52.24000
19 11 20 05 20 15043.10000 5.01900000 401.86000 62.24000 13.64400 52.24000
19 11 20 05 20 15043.00000 5.01900000 402.08000 62.24000 13.64400 52.24000
19 11 20 05 21 15043.00000 5.01900000 402.05000 62.16000 13.64400 52.24000
19 11 20 05 21 15036.70000 5.01900000 402.05000 62.16000 13.64400 52.24000
19 11 20 05 22 15036.70000 5.01900000 401.99000 62.16000 13.64400 52.24000
19 11 20 05 22 15036.60000 5.01900000 401.99000 62.17000 13.64400 52.24000
19 11 20 05 22 15030.00000 5.01900000 401.99000 62.17000 13.64400 52.24000
19 11 20 05 23 15030.00000 5.01900000 401.99000 62.17000 13.64400 52.24000
19 11 20 05 23 15020.10000 5.01900000 401.99000 62.17000 13.64400 52.24000
19 11 20 05 24 15008.10000 5.01900000 401.99000 62.17000 13.64400 52.24000
19 11 20 05 24 15008.10000 5.01900000 402.16000 62.17000 13.64400 52.24000
