M=[
15 10 20 03 06 9701.80000 4.84400000 320.72000 42.21000 11.77300 57.55000
15 10 20 03 06 9700.60000 4.84400000 320.72000 42.21000 11.77300 57.55000
15 10 20 03 07 9700.60000 4.84400000 320.75000 42.21000 11.77300 57.55000
15 10 20 03 07 9700.60000 4.84400000 320.75000 42.21000 11.77300 57.55000
15 10 20 03 08 9700.70000 4.84400000 320.75000 42.21000 11.77300 57.55000
15 10 20 03 08 9700.70000 4.84400000 320.75000 42.21000 11.77300 57.55000
15 10 20 03 08 9700.70000 4.84400000 320.75000 42.21000 11.77300 57.55000
15 10 20 03 09 9700.70000 4.84400000 320.75000 42.21000 11.77300 57.55000
15 10 20 03 09 9700.70000 4.84400000 320.94000 42.21000 11.77300 57.55000
15 10 20 03 10 9700.70000 4.84400000 320.86000 42.21000 11.77300 57.55000
15 10 20 03 10 9700.70000 4.84400000 320.86000 42.21000 11.77300 57.55000
15 10 20 03 11 9696.80000 4.84400000 320.86000 42.21000 11.77300 57.55000
15 10 20 03 11 9696.70000 4.84400000 320.86000 42.21000 11.77300 57.55000
15 10 20 03 11 9696.70000 4.84400000 320.59000 42.21000 11.77300 57.55000
15 10 20 03 12 9697.20000 4.84400000 320.59000 42.21000 11.77300 57.55000
15 10 20 03 12 9697.20000 4.84400000 320.59000 42.21000 11.77300 57.55000
15 10 20 03 13 9697.40000 4.84400000 320.59000 42.21000 11.77300 57.55000
15 10 20 03 13 9697.40000 4.84400000 320.66000 42.22000 11.77300 57.55000
15 10 20 03 14 9697.50000 4.84400000 320.66000 42.22000 11.77300 57.55000
15 10 20 03 14 9697.40000 4.84400000 320.66000 42.22000 11.77300 57.55000
15 10 20 03 14 9697.50000 4.84400000 320.66000 42.22000 11.77300 57.55000
15 10 20 03 15 9698.10000 4.84400000 320.92000 42.22000 11.77300 57.55000
15 10 20 03 15 9698.10000 4.84400000 320.92000 42.22000 11.77300 57.55000
15 10 20 03 16 9699.20000 4.84400000 320.92000 42.22000 11.77300 57.55000
15 10 20 03 16 9699.10000 4.84400000 320.92000 42.22000 11.77300 57.55000
15 10 20 03 17 9699.10000 4.84400000 320.92000 42.22000 11.77300 57.55000
15 10 20 03 17 9699.10000 4.84400000 320.92000 42.22000 11.77300 57.55000
15 10 20 03 17 9699.10000 4.84400000 320.92000 42.22000 11.77300 57.55000
15 10 20 03 18 9699.20000 4.84400000 320.92000 42.22000 11.77300 57.55000
15 10 20 03 18 9699.20000 4.84400000 320.92000 42.22000 11.77300 57.55000
15 10 20 03 19 9699.20000 4.84400000 320.92000 42.27000 11.77300 57.55000
15 10 20 03 19 9699.20000 4.84400000 320.92000 42.27000 11.77300 57.55000
15 10 20 03 20 9699.20000 4.84400000 320.92000 42.27000 11.77300 57.55000
15 10 20 03 20 9701.20000 4.84400000 321.03000 42.27000 11.77300 57.55000
15 10 20 03 20 9701.20000 4.84400000 321.03000 42.27000 11.77300 57.55000
15 10 20 03 21 9701.30000 4.84400000 321.14000 42.27000 11.77300 57.55000
15 10 20 03 21 9701.30000 4.84400000 321.14000 42.27000 11.77300 57.55000
15 10 20 03 22 9701.30000 4.84400000 321.14000 42.27000 11.77300 57.55000
15 10 20 03 22 9701.20000 4.84400000 321.14000 42.27000 11.77300 57.55000
15 10 20 03 23 9701.20000 4.84400000 321.14000 42.27000 11.77300 57.55000
15 10 20 03 23 9701.20000 4.84400000 321.20000 42.27000 11.77300 57.55000
15 10 20 03 23 9702.30000 4.84400000 321.20000 42.27000 11.77300 57.55000
15 10 20 03 24 9702.20000 4.84400000 321.15000 42.27000 11.77300 57.55000
15 10 20 03 24 9702.20000 4.84400000 321.15000 42.27000 11.79000 57.55000
15 10 20 03 25 9702.20000 4.84400000 321.15000 42.27000 11.79000 57.55000
15 10 20 03 25 9702.20000 4.84400000 321.15000 42.27000 11.80000 57.55000
15 10 20 03 25 9702.20000 4.84400000 321.15000 42.27000 11.80000 57.55000
15 10 20 03 26 9703.30000 4.84400000 321.15000 42.27000 11.80000 57.55000
15 10 20 03 26 9703.30000 4.84400000 321.15000 42.27000 11.79900 57.55000
15 10 20 03 27 9703.20000 4.84400000 321.15000 42.27000 11.79900 57.55000
15 10 20 03 27 9703.30000 4.84400000 321.15000 42.27000 11.79900 57.55000
15 10 20 03 28 9703.20000 4.84400000 321.15000 42.27000 11.79900 57.55000
15 10 20 03 28 9703.20000 4.84400000 321.15000 42.27000 11.79900 57.55000
15 10 20 03 28 9703.30000 4.84400000 321.15000 42.27000 11.79900 57.55000
15 10 20 03 29 9703.30000 4.84400000 321.15000 42.27000 11.79900 57.55000
15 10 20 03 29 9703.20000 4.84400000 321.15000 42.27000 11.79900 57.55000
15 10 20 03 30 9703.20000 4.84400000 321.15000 42.27000 11.79900 57.55000
15 10 20 03 30 9703.20000 4.84400000 321.15000 42.27000 11.79900 57.55000
15 10 20 03 31 9703.20000 4.84400000 321.10000 42.27000 11.79900 57.55000
15 10 20 03 31 9703.30000 4.84400000 321.10000 42.27000 11.79900 57.55000
15 10 20 03 31 9703.20000 4.84400000 321.10000 42.26000 11.79900 57.55000
15 10 20 03 32 9699.90000 4.84400000 321.10000 42.26000 11.79900 57.55000
15 10 20 03 32 9700.00000 4.84400000 321.10000 42.26000 11.79900 57.55000
15 10 20 03 33 9699.90000 4.84400000 321.10000 42.26000 11.79900 57.55000
15 10 20 03 33 9699.90000 4.84400000 321.10000 42.26000 11.76100 57.55000
15 10 20 03 34 9699.90000 4.84400000 321.10000 42.26000 11.76100 57.55000
15 10 20 03 34 9699.90000 4.84400000 321.28000 42.26000 11.76100 57.55000
15 10 20 03 34 9699.90000 4.84400000 321.28000 42.26000 11.76100 57.55000
15 10 20 03 35 9702.00000 4.84400000 321.36000 42.26000 11.76100 57.55000
15 10 20 03 35 9702.00000 4.84400000 321.36000 42.26000 11.76100 57.55000
15 10 20 03 36 9701.90000 4.84400000 321.36000 42.26000 11.76100 57.55000
15 10 20 03 36 9702.00000 4.84400000 321.36000 42.26000 11.76100 57.55000
15 10 20 03 37 9702.00000 4.84400000 321.36000 42.26000 11.76100 57.55000
15 10 20 03 37 9702.00000 4.84400000 321.36000 42.35000 11.76100 57.55000
15 10 20 03 37 9701.90000 4.84400000 321.36000 42.35000 11.76100 57.55000
15 10 20 03 38 9701.90000 4.84400000 321.36000 42.35000 11.76100 57.55000
15 10 20 03 38 9701.90000 4.84400000 321.36000 42.35000 11.76100 57.55000
15 10 20 03 39 9705.70000 4.84400000 321.36000 42.35000 11.76100 57.55000
15 10 20 03 39 9705.70000 4.84400000 321.36000 42.35000 11.76100 57.55000
15 10 20 03 40 9705.70000 4.84400000 321.36000 42.35000 11.76100 57.55000
15 10 20 03 40 9705.70000 4.84400000 321.36000 42.35000 11.76100 57.55000
15 10 20 03 40 9705.70000 4.84400000 321.36000 42.35000 11.76100 57.55000
15 10 20 03 41 9705.70000 4.84400000 321.36000 42.35000 11.76100 57.55000
15 10 20 03 41 9705.70000 4.84400000 321.36000 42.35000 11.76100 57.55000
15 10 20 03 42 9705.70000 4.84400000 321.36000 42.35000 11.76100 57.55000
15 10 20 03 42 9705.70000 4.84400000 321.36000 42.35000 11.76100 57.55000
15 10 20 03 43 9705.70000 4.84400000 321.33000 42.35000 11.76100 57.55000
15 10 20 03 43 9705.60000 4.84400000 321.33000 42.35000 11.76100 57.55000
15 10 20 03 43 9705.70000 4.84400000 321.33000 42.35000 11.76100 57.55000
15 10 20 03 44 9705.70000 4.84400000 321.33000 42.35000 11.76100 57.55000
15 10 20 03 44 9705.70000 4.84400000 321.33000 42.35000 11.76100 57.55000
15 10 20 03 45 9705.60000 4.84400000 321.24000 42.35000 11.76100 57.55000
15 10 20 03 45 9705.60000 4.84400000 321.24000 42.35000 11.76100 57.55000
15 10 20 03 46 9705.70000 4.84400000 321.24000 42.35000 11.76100 57.55000
15 10 20 03 46 9705.70000 4.84400000 321.24000 42.35000 11.76100 57.55000
15 10 20 03 46 9705.70000 4.84400000 321.24000 42.35000 11.76100 57.55000
15 10 20 03 47 9705.70000 4.84400000 321.13000 42.35000 11.76100 57.55000
15 10 20 03 47 9705.70000 4.84400000 321.13000 42.35000 11.76100 57.55000
15 10 20 03 48 9705.60000 4.87800000 321.13000 42.35000 11.76100 57.66500
15 10 20 03 48 9705.70000 4.87800000 321.13000 42.35000 11.76100 57.57900
15 10 20 03 49 9705.70000 4.87800000 321.13000 42.35000 11.76100 57.57900
15 10 20 03 49 9703.70000 4.87800000 321.29000 42.35000 11.77100 57.57900
15 10 20 03 49 9703.70000 4.87800000 321.29000 42.35000 11.77100 57.40700
15 10 20 03 50 9703.70000 4.87800000 321.29000 42.35000 11.77100 57.40700
15 10 20 03 50 9703.70000 4.85300000 321.17000 42.35000 11.79700 57.37400
15 10 20 03 51 9703.70000 4.85300000 321.17000 42.35000 11.79700 57.37400
15 10 20 03 51 9703.70000 4.85300000 321.17000 42.35000 11.79700 57.37400
15 10 20 03 52 9703.50000 4.85300000 321.17000 42.35000 11.79700 57.37400
