M=[
30 11 20 04 44 15514.40000 5.48100000 489.86000 66.29000 13.10400 63.78900
30 11 20 04 44 15515.30000 5.48100000 490.01000 66.29000 13.10400 63.78900
30 11 20 04 45 15515.30000 5.48200000 490.01000 66.31000 13.10400 63.78900
30 11 20 04 45 15515.30000 5.48200000 490.01000 66.31000 13.16600 63.78900
30 11 20 04 45 15514.70000 5.48200000 490.01000 66.31000 13.16600 63.78900
30 11 20 04 46 15510.20000 5.48200000 489.75000 66.31000 13.16600 63.78900
30 11 20 04 46 15507.00000 5.48200000 489.75000 66.42000 13.16600 63.78900
30 11 20 04 47 15513.90000 5.48200000 489.57000 66.42000 13.16600 63.78900
30 11 20 04 47 15511.10000 5.48100000 489.57000 66.42000 13.16600 63.78900
30 11 20 04 48 15511.10000 5.48100000 489.63000 66.42000 13.16600 63.78900
30 11 20 04 48 15511.40000 5.48100000 489.49000 66.42000 13.16600 63.78900
30 11 20 04 48 15507.20000 5.48100000 489.41000 66.32000 13.16600 63.78900
30 11 20 04 49 15509.90000 5.48100000 489.54000 66.37000 13.16600 63.78900
30 11 20 04 49 15507.00000 5.48100000 489.48000 66.36000 13.16600 63.78900
30 11 20 04 50 15510.00000 5.48100000 489.48000 66.36000 13.16600 63.78900
30 11 20 04 50 15510.20000 5.48100000 489.48000 66.35000 13.16600 63.78900
30 11 20 04 51 15510.30000 5.48100000 489.48000 66.35000 13.16600 63.78900
30 11 20 04 51 15502.00000 5.48100000 489.48000 66.35000 13.29000 63.78900
30 11 20 04 51 15500.20000 5.48100000 489.48000 66.36000 13.24000 63.78900
30 11 20 04 52 15499.10000 5.48100000 489.48000 66.36000 13.24000 63.78900
30 11 20 04 52 15499.10000 5.48100000 489.48000 66.36000 13.24000 63.78900
30 11 20 04 53 15499.10000 5.48100000 489.17000 66.36000 13.24000 63.78900
30 11 20 04 53 15499.00000 5.48100000 489.17000 66.36000 13.24000 63.78900
30 11 20 04 54 15499.10000 5.48100000 489.17000 66.36000 13.24000 63.78900
30 11 20 04 54 15497.70000 5.48100000 489.36000 66.33000 13.24000 63.78900
30 11 20 04 54 15496.70000 5.48100000 489.58000 66.33000 13.24000 63.78900
30 11 20 04 55 15494.00000 5.48100000 489.63000 66.33000 13.24000 63.78900
30 11 20 04 55 15493.90000 5.48100000 489.63000 66.33000 13.18300 63.78900
30 11 20 04 56 15495.10000 5.48100000 489.64000 66.33000 13.18300 63.78900
30 11 20 04 56 15498.90000 5.48100000 489.64000 66.33000 13.18400 63.78900
30 11 20 04 57 15498.90000 5.48100000 489.64000 66.33000 13.18400 63.78900
30 11 20 04 57 15499.10000 5.48100000 489.64000 66.33000 13.18400 63.78900
30 11 20 04 57 15499.00000 5.48100000 489.91000 66.33000 13.18400 63.78900
30 11 20 04 58 15499.00000 5.48100000 489.96000 66.33000 13.18400 63.78900
30 11 20 04 58 15508.20000 5.48100000 489.96000 66.33000 13.18400 63.78900
30 11 20 04 59 15508.10000 5.48100000 489.96000 66.33000 13.23800 63.78900
30 11 20 04 59 15515.30000 5.48100000 489.94000 66.33000 13.23800 63.78900
30 11 20 05 00 15513.70000 5.48100000 489.96000 66.33000 13.23800 63.78900
30 11 20 05 00 15514.60000 5.48100000 489.96000 66.33000 13.23800 63.78900
30 11 20 05 00 15510.00000 5.48100000 489.96000 66.44000 13.23800 63.78900
30 11 20 05 01 15500.10000 5.48100000 489.60000 66.34000 13.23800 63.78900
30 11 20 05 01 15488.00000 5.48100000 489.60000 66.34000 13.23800 63.78900
30 11 20 05 02 15486.80000 5.48100000 489.10000 66.34000 13.23800 63.78900
30 11 20 05 02 15480.10000 5.49400000 489.10000 66.28000 13.23800 64.04900
30 11 20 05 03 15480.80000 5.49400000 489.10000 66.28000 13.23800 64.03900
30 11 20 05 03 15485.90000 5.49400000 489.02000 66.28000 13.23800 64.03900
30 11 20 05 03 15491.80000 5.49400000 489.12000 66.28000 13.23800 63.92000
30 11 20 05 04 15502.40000 5.49400000 489.28000 66.28000 13.23800 63.92000
30 11 20 05 04 15510.00000 5.49400000 489.28000 66.28000 13.23800 63.92000
30 11 20 05 05 15515.20000 5.49400000 489.85000 66.28000 13.23800 63.92000
30 11 20 05 05 15512.10000 5.49400000 489.85000 66.28000 13.23800 63.92000
30 11 20 05 06 15520.00000 5.49400000 489.85000 66.28000 13.23800 63.92000
30 11 20 05 06 15519.90000 5.49400000 490.18000 66.28000 13.23800 64.09800
30 11 20 05 06 15519.90000 5.49400000 490.00000 66.28000 13.23800 64.09800
30 11 20 05 07 15519.90000 5.49400000 490.42000 66.28000 13.23800 64.09800
30 11 20 05 07 15521.00000 5.49400000 490.36000 66.55000 13.23800 64.09800
30 11 20 05 08 15533.90000 5.49400000 490.36000 66.55000 13.23800 64.09800
30 11 20 05 08 15536.20000 5.49400000 490.47000 66.55000 13.23800 64.09800
30 11 20 05 09 15536.30000 5.49400000 490.47000 66.59000 13.23800 64.09800
30 11 20 05 09 15533.00000 5.49400000 490.47000 66.63000 13.23800 64.09800
30 11 20 05 09 15532.10000 5.49400000 490.77000 66.63000 13.23800 64.09800
30 11 20 05 10 15532.10000 5.49400000 490.77000 66.63000 13.23800 64.09800
30 11 20 05 10 15534.20000 5.49400000 490.77000 66.63000 13.23800 64.09800
30 11 20 05 11 15534.20000 5.49400000 490.45000 66.67000 13.23900 64.09800
30 11 20 05 11 15533.00000 5.49400000 490.45000 66.66000 13.23900 64.09800
30 11 20 05 12 15533.00000 5.49400000 490.45000 66.66000 13.23900 64.09800
30 11 20 05 12 15523.00000 5.49400000 490.73000 66.66000 13.23900 64.09800
30 11 20 05 12 15525.00000 5.49400000 490.54000 66.66000 13.23900 64.09800
30 11 20 05 13 15518.80000 5.49400000 490.00000 66.66000 13.23900 64.09800
30 11 20 05 13 15518.00000 5.49400000 490.00000 66.66000 13.23900 64.09800
30 11 20 05 14 15517.10000 5.49400000 490.00000 66.65000 13.23900 64.09800
30 11 20 05 14 15515.00000 5.49400000 489.37000 66.64000 13.23900 64.09800
30 11 20 05 15 15515.00000 5.49400000 489.37000 66.64000 13.23900 64.09800
30 11 20 05 15 15515.10000 5.49400000 489.37000 66.64000 13.23900 64.09800
30 11 20 05 15 15529.10000 5.49400000 489.37000 66.64000 13.23900 64.09800
30 11 20 05 16 15526.60000 5.49400000 489.98000 66.64000 13.23900 64.09800
30 11 20 05 16 15526.50000 5.49400000 489.98000 66.64000 13.23900 64.09800
30 11 20 05 17 15526.60000 5.49400000 489.86000 66.64000 13.23900 64.09800
30 11 20 05 17 15526.00000 5.49400000 490.01000 66.64000 13.23900 64.09800
30 11 20 05 18 15536.40000 5.49400000 490.18000 66.64000 13.23900 64.09800
30 11 20 05 18 15536.70000 5.49400000 490.18000 66.64000 13.23900 64.09800
30 11 20 05 18 15538.80000 5.49400000 490.00000 66.64000 13.23900 64.09800
30 11 20 05 19 15546.10000 5.49400000 490.00000 66.64000 13.23900 64.09800
30 11 20 05 19 15546.10000 5.49400000 489.99000 66.64000 13.23900 64.09800
30 11 20 05 20 15535.60000 5.49400000 489.69000 66.64000 13.23900 64.09800
30 11 20 05 20 15531.70000 5.49400000 489.69000 66.62000 13.23900 64.09800
30 11 20 05 21 15528.60000 5.49400000 489.69000 66.62000 13.23900 64.09800
30 11 20 05 21 15520.00000 5.49400000 489.66000 66.55000 13.23900 64.09800
30 11 20 05 21 15520.00000 5.48200000 489.48000 66.55000 13.23900 64.09800
30 11 20 05 22 15518.00000 5.48200000 489.47000 66.55000 13.28900 64.09800
30 11 20 05 22 15518.00000 5.48200000 489.18000 66.55000 13.28900 64.09800
30 11 20 05 23 15515.70000 5.48200000 489.06000 66.55000 13.28900 64.09800
30 11 20 05 23 15515.10000 5.48200000 489.01000 66.51000 13.28900 64.09800
30 11 20 05 24 15525.60000 5.48200000 489.70000 66.51000 13.28900 64.09800
30 11 20 05 24 15523.60000 5.48200000 489.70000 66.51000 13.29000 64.09800
30 11 20 05 24 15523.60000 5.48200000 489.95000 66.51000 13.29000 64.09800
30 11 20 05 25 15531.50000 5.48200000 489.96000 66.66000 13.29000 64.09800
30 11 20 05 25 15532.70000 5.48200000 489.95000 66.66000 13.29000 64.09800
30 11 20 05 26 15531.50000 5.48200000 489.97000 66.66000 13.29000 64.09800
30 11 20 05 26 15540.90000 5.51800000 490.11000 66.66000 13.29000 64.09800
30 11 20 05 27 15540.90000 5.49700000 490.14000 66.66000 13.29000 64.09800
30 11 20 05 27 15545.40000 5.49700000 490.14000 66.66000 13.29000 64.09800
30 11 20 05 27 15545.40000 5.49700000 490.36000 66.71000 13.29000 64.09800
30 11 20 05 28 15545.60000 5.49700000 490.59000 66.71000 13.29000 64.09800
30 11 20 05 28 15574.30000 5.49700000 490.59000 66.71000 13.29000 64.30000
30 11 20 05 29 15574.20000 5.49700000 491.47000 66.71000 13.29000 64.30000
