M=[
19 11 20 18 57 15149.40000 5.04400000 399.80000 68.55000 13.61800 53.23700
19 11 20 18 58 15149.00000 5.04400000 399.51000 68.50000 13.61800 53.09600
19 11 20 18 58 15154.30000 5.04400000 399.51000 68.47000 13.61800 53.09600
19 11 20 18 59 15153.50000 5.04400000 399.62000 68.54000 13.61800 53.09600
19 11 20 18 59 15142.50000 5.04400000 399.62000 68.54000 13.61800 53.09600
19 11 20 19 00 15140.00000 5.04400000 399.53000 68.54000 13.61800 53.09600
19 11 20 19 00 15133.80000 5.04400000 399.30000 68.53000 13.61800 53.09600
19 11 20 19 00 15129.00000 5.04400000 399.30000 68.53000 13.61800 53.09600
19 11 20 19 01 15123.90000 5.04400000 399.36000 68.64000 13.61800 53.09600
19 11 20 19 01 15122.00000 5.04400000 399.31000 68.70000 13.61800 53.09600
19 11 20 19 02 15136.70000 5.04400000 399.34000 68.71000 13.61800 53.09600
19 11 20 19 02 15136.60000 5.04400000 399.34000 68.94000 13.61800 53.09600
19 11 20 19 03 15137.30000 5.04400000 399.34000 68.94000 13.61800 53.09600
19 11 20 19 03 15122.70000 5.04400000 399.34000 68.95000 13.61800 53.09600
19 11 20 19 03 15131.60000 5.04400000 399.35000 69.16000 13.61800 53.09600
19 11 20 19 04 15137.20000 5.04400000 399.73000 69.42000 13.61800 53.09600
19 11 20 19 04 15137.30000 5.04400000 399.80000 69.59000 13.61800 53.09600
19 11 20 19 05 15145.80000 5.04400000 399.63000 69.44000 13.61800 53.09600
19 11 20 19 05 15145.90000 5.04400000 399.61000 69.47000 13.61800 53.09600
19 11 20 19 06 15147.00000 5.04400000 399.71000 69.47000 13.61800 53.09600
19 11 20 19 06 15149.60000 5.03700000 399.76000 69.51000 13.61800 53.09600
19 11 20 19 07 15153.40000 5.03700000 399.76000 69.41000 13.61800 53.22500
19 11 20 19 07 15153.50000 5.04300000 399.85000 69.53000 13.61800 53.22800
19 11 20 19 07 15153.50000 5.04300000 399.87000 69.57000 13.61800 53.22800
19 11 20 19 08 15154.50000 5.04300000 399.93000 69.64000 13.61800 53.22600
19 11 20 19 08 15154.40000 5.04300000 399.71000 69.64000 13.61800 53.22600
19 11 20 19 09 15154.20000 5.04300000 399.66000 69.52000 13.61800 53.22600
19 11 20 19 09 15153.60000 5.04300000 399.59000 69.57000 13.61800 53.22600
19 11 20 19 10 15148.40000 5.04300000 399.58000 69.61000 13.61800 53.22600
19 11 20 19 10 15137.40000 5.04300000 399.58000 69.54000 13.61800 53.22600
19 11 20 19 10 15137.30000 5.04300000 399.31000 69.37000 13.61800 53.22600
19 11 20 19 11 15120.20000 5.04300000 398.82000 68.97000 13.61800 53.22600
19 11 20 19 11 15110.70000 5.04300000 398.45000 68.97000 13.61800 53.22600
19 11 20 19 12 15114.20000 5.02900000 398.65000 68.90000 13.61800 52.98700
19 11 20 19 12 15123.30000 5.02900000 398.57000 68.88000 13.61800 52.98700
19 11 20 19 13 15110.10000 5.02900000 398.51000 68.85000 13.61800 52.98700
19 11 20 19 13 15101.10000 5.02900000 398.46000 68.79000 13.61800 52.98700
19 11 20 19 13 15101.00000 5.02900000 398.45000 68.75000 13.61800 52.98700
19 11 20 19 14 15113.10000 5.00800000 398.60000 68.94000 13.61800 52.98700
19 11 20 19 14 15106.60000 5.00800000 398.60000 68.98000 13.61800 52.98700
19 11 20 19 15 15102.60000 5.05200000 398.81000 69.14000 13.61800 52.98700
19 11 20 19 15 15117.40000 5.05200000 398.81000 69.30000 13.61800 52.98700
19 11 20 19 16 15106.70000 5.05200000 398.81000 69.37000 13.61800 52.98700
19 11 20 19 16 15109.40000 5.03100000 398.84000 69.26000 13.61800 52.98700
19 11 20 19 16 15102.50000 5.03100000 398.70000 69.17000 13.61800 52.98700
19 11 20 19 17 15102.30000 5.04600000 398.46000 69.18000 13.61800 52.98700
19 11 20 19 17 15101.10000 5.03000000 398.73000 69.22000 13.61800 52.98700
19 11 20 19 18 15105.10000 5.03000000 398.73000 69.22000 13.61800 53.13600
19 11 20 19 18 15103.40000 5.03000000 398.86000 69.46000 13.61800 53.13600
19 11 20 19 19 15106.80000 5.03000000 398.88000 69.52000 13.61800 53.13600
19 11 20 19 19 15102.40000 5.03000000 398.73000 69.46000 13.61800 53.13600
19 11 20 19 19 15100.10000 5.03000000 398.57000 69.40000 13.61800 53.13600
19 11 20 19 20 15100.10000 5.03000000 398.53000 69.37000 13.61800 53.13600
19 11 20 19 20 15103.70000 5.03000000 398.61000 69.54000 13.61800 53.13600
19 11 20 19 21 15106.60000 5.03000000 398.72000 69.52000 13.61800 53.13600
19 11 20 19 21 15108.90000 5.03000000 398.72000 69.57000 13.61800 53.13600
19 11 20 19 22 15107.80000 5.03000000 398.72000 69.64000 13.61800 53.13600
19 11 20 19 22 15108.80000 5.03000000 398.90000 69.63000 13.61800 53.13600
19 11 20 19 22 15108.10000 5.03000000 398.90000 69.65000 13.61800 53.13600
19 11 20 19 23 15108.10000 5.03000000 398.82000 69.62000 13.61800 53.13600
19 11 20 19 23 15117.50000 5.03000000 399.19000 69.76000 13.61800 53.13600
19 11 20 19 24 15118.50000 5.03000000 399.08000 69.83000 13.61800 53.13600
19 11 20 19 24 15118.50000 5.03000000 399.08000 69.85000 13.61800 53.13600
19 11 20 19 25 15118.60000 5.03000000 399.07000 69.87000 13.61800 53.13600
19 11 20 19 25 15118.60000 5.03000000 398.74000 69.75000 13.61800 53.13600
19 11 20 19 25 15118.50000 5.03000000 398.74000 69.67000 13.61800 53.13600
19 11 20 19 26 15100.00000 5.03000000 398.74000 69.63000 13.61800 53.13600
19 11 20 19 26 15100.00000 5.03000000 398.74000 69.54000 13.61800 53.13600
19 11 20 19 27 15092.60000 5.03000000 398.63000 69.59000 13.61800 53.13600
19 11 20 19 27 15088.80000 5.05900000 398.69000 69.54000 13.61800 53.13600
19 11 20 19 28 15088.80000 5.03200000 398.64000 69.54000 13.61800 53.13600
19 11 20 19 28 15088.80000 5.03200000 398.68000 69.72000 13.61800 53.13600
19 11 20 19 28 15088.90000 5.03200000 398.78000 69.64000 13.61800 53.13600
19 11 20 19 29 15099.90000 5.03200000 399.07000 69.76000 13.61800 53.13600
19 11 20 19 29 15099.90000 5.03200000 399.01000 69.72000 13.61800 53.13600
19 11 20 19 30 15109.30000 5.03200000 399.07000 69.80000 13.61800 53.13600
19 11 20 19 30 15110.20000 5.03200000 399.07000 69.85000 13.61800 53.13600
19 11 20 19 31 15111.30000 5.03200000 398.89000 69.90000 13.61800 53.13600
19 11 20 19 31 15110.70000 5.03200000 398.89000 70.00000 13.61800 53.13600
19 11 20 19 31 15106.60000 5.03200000 398.73000 69.93000 13.61800 53.13600
19 11 20 19 32 15110.60000 5.03200000 398.90000 69.87000 13.61800 53.13600
19 11 20 19 32 15110.70000 5.03200000 398.93000 69.97000 13.61800 53.13600
19 11 20 19 33 15115.00000 5.03200000 399.08000 69.97000 13.61800 53.13600
19 11 20 19 33 15131.70000 5.06200000 399.33000 69.99000 13.61800 53.13600
19 11 20 19 34 15137.00000 5.05400000 399.19000 70.04000 13.61800 53.13600
19 11 20 19 34 15132.90000 5.05400000 399.15000 69.94000 13.61800 53.13600
19 11 20 19 34 15131.20000 5.05400000 399.20000 69.96000 13.61800 53.13600
19 11 20 19 35 15138.10000 5.05400000 399.30000 69.96000 13.61800 53.13600
19 11 20 19 35 15134.30000 5.05300000 399.07000 69.97000 13.61800 53.13600
19 11 20 19 36 15135.00000 5.05300000 399.31000 69.94000 13.61800 53.13600
19 11 20 19 36 15130.60000 5.05300000 399.22000 69.96000 13.61800 53.13600
19 11 20 19 37 15137.00000 5.05300000 399.22000 69.79000 13.61800 53.13600
19 11 20 19 37 15132.40000 5.05300000 399.74000 69.85000 13.61800 53.13600
19 11 20 19 37 15132.20000 5.05300000 399.72000 69.84000 13.61800 53.13600
19 11 20 19 38 15136.90000 5.05300000 399.72000 69.78000 13.61800 53.13600
19 11 20 19 38 15130.00000 5.05300000 399.35000 69.66000 13.61800 53.13600
19 11 20 19 39 15130.10000 5.05300000 399.35000 69.64000 13.61800 53.13600
19 11 20 19 39 15133.60000 5.05300000 399.35000 69.65000 13.61800 53.13600
19 11 20 19 40 15132.40000 5.05300000 399.36000 69.63000 13.61800 53.13600
19 11 20 19 40 15135.00000 5.05100000 399.51000 69.79000 13.61800 53.13600
19 11 20 19 40 15135.00000 5.05100000 399.51000 69.79000 13.61800 53.13600
19 11 20 19 41 15135.00000 5.05100000 399.52000 69.79000 13.61800 53.13600
19 11 20 19 41 15135.00000 5.05100000 399.46000 69.76000 13.61800 53.13600
19 11 20 19 42 15130.20000 5.05100000 399.50000 69.65000 13.61800 53.13600
19 11 20 19 42 15126.10000 5.05100000 399.51000 69.70000 13.61800 53.13600
19 11 20 19 43 15125.00000 5.05100000 399.50000 69.70000 13.61800 53.13600
