M=[
 8 8 20 14 29 9971.20000 5.86900000 330.50000 49.18000 17.85900 81.10800
 8 8 20 14 30 9975.90000 5.86900000 330.49000 49.18000 17.85900 81.10800
 8 8 20 14 30 9975.30000 5.86900000 330.82000 49.18000 17.85900 81.40000
 8 8 20 14 31 9975.30000 5.86900000 330.90000 49.30000 17.85900 81.40000
 8 8 20 14 31 9975.50000 5.86900000 330.86000 49.30000 17.85900 81.40000
 8 8 20 14 31 9976.30000 5.86900000 330.88000 49.30000 17.85900 81.40000
 8 8 20 14 32 9976.40000 5.86900000 330.92000 49.30000 17.85900 81.40000
 8 8 20 14 32 9976.30000 5.88300000 330.93000 49.30000 17.86300 81.40000
 8 8 20 14 33 9975.30000 5.88300000 330.93000 49.30000 17.86300 81.40000
 8 8 20 14 33 9974.00000 5.88300000 330.91000 49.30000 17.86300 81.40000
 8 8 20 14 34 9969.80000 5.88300000 330.38000 49.27000 17.86300 81.40000
 8 8 20 14 34 9969.60000 5.88300000 330.36000 49.27000 17.86300 81.40000
 8 8 20 14 35 9968.30000 5.88300000 330.11000 49.27000 17.86300 81.40000
 8 8 20 14 35 9966.80000 5.88300000 330.11000 49.27000 17.86300 81.40000
 8 8 20 14 36 9968.20000 5.88300000 330.11000 49.30000 17.86300 81.40000
 8 8 20 14 36 9969.60000 5.88300000 330.10000 49.30000 17.86300 81.40000
 8 8 20 14 36 9969.50000 5.88300000 330.10000 49.32000 17.86300 81.40000
 8 8 20 14 37 9963.90000 5.88300000 330.02000 49.32000 17.86300 81.40000
 8 8 20 14 37 9963.50000 5.88300000 329.87000 49.32000 17.86300 81.40000
 8 8 20 14 38 9963.20000 5.88300000 329.88000 49.32000 17.86300 81.40000
 8 8 20 14 38 9963.20000 5.88300000 329.88000 49.32000 17.86300 81.40000
 8 8 20 14 39 9963.20000 5.88300000 330.07000 49.32000 17.86300 81.40000
 8 8 20 14 39 9969.30000 5.88300000 330.10000 49.32000 17.86300 81.40000
 8 8 20 14 40 9974.00000 5.86000000 330.64000 49.32000 17.86300 81.40000
 8 8 20 14 40 9971.90000 5.86000000 330.96000 49.32000 17.84900 81.40000
 8 8 20 14 41 9971.90000 5.86000000 330.76000 49.32000 17.84900 81.40000
 8 8 20 14 41 9970.00000 5.87300000 330.79000 49.32000 17.84900 81.40000
 8 8 20 14 41 9969.90000 5.87300000 330.79000 49.32000 17.84900 81.40000
 8 8 20 14 42 9972.00000 5.87300000 330.88000 49.32000 17.84900 81.40000
 8 8 20 14 42 9971.90000 5.87300000 330.97000 49.32000 17.84900 81.40000
 8 8 20 14 43 9971.80000 5.87300000 330.98000 49.31000 17.84900 81.40000
 8 8 20 14 43 9971.90000 5.87300000 330.98000 49.31000 17.84900 81.40000
 8 8 20 14 44 9971.70000 5.87300000 330.98000 49.31000 17.84900 81.40000
 8 8 20 14 44 9971.80000 5.87300000 330.97000 49.31000 17.84900 81.40000
 8 8 20 14 45 9971.80000 5.87300000 330.98000 49.31000 17.84900 81.40000
 8 8 20 14 45 9971.70000 5.87300000 330.98000 49.31000 17.84900 81.40000
 8 8 20 14 46 9971.50000 5.87300000 330.98000 49.31000 17.84900 81.40000
 8 8 20 14 46 9971.40000 5.87300000 330.98000 49.31000 17.84900 81.40000
 8 8 20 14 47 9964.40000 5.87300000 330.74000 49.31000 17.84900 81.40000
 8 8 20 14 47 9968.40000 5.87300000 330.97000 49.31000 17.84900 81.40000
 8 8 20 14 48 9968.00000 5.88400000 330.96000 49.31000 17.84900 81.40000
 8 8 20 14 48 9967.80000 5.88800000 330.96000 49.31000 17.84900 81.40000
 8 8 20 14 48 9967.80000 5.88800000 331.04000 49.31000 17.84900 81.40000
 8 8 20 14 49 9967.10000 5.86600000 331.08000 49.31000 17.84900 81.40000
 8 8 20 14 49 9967.30000 5.86600000 331.07000 49.31000 17.84900 81.40000
 8 8 20 14 50 9966.50000 5.86600000 331.07000 49.33000 17.84900 81.40000
 8 8 20 14 50 9966.50000 5.86600000 331.08000 49.33000 17.84900 81.40000
 8 8 20 14 51 9963.30000 5.86600000 331.08000 49.33000 17.84900 81.40000
 8 8 20 14 51 9963.40000 5.86600000 331.08000 49.33000 17.84900 81.40000
 8 8 20 14 52 9963.80000 5.86600000 331.08000 49.33000 17.84900 81.40000
 8 8 20 14 52 9966.00000 5.86600000 331.13000 49.33000 17.83400 81.40000
 8 8 20 14 53 9966.80000 5.86600000 331.31000 49.33000 17.83400 81.63500
 8 8 20 14 53 9963.50000 5.88800000 331.27000 49.33000 17.83400 81.70900
 8 8 20 14 53 9963.40000 5.88800000 331.30000 49.32000 17.83400 81.69200
 8 8 20 14 54 9963.40000 5.88800000 331.20000 49.27000 17.83400 81.69200
 8 8 20 14 54 9963.30000 5.88800000 331.24000 49.27000 17.83400 81.69200
 8 8 20 14 55 9963.40000 5.88800000 331.24000 49.27000 17.83400 81.69200
 8 8 20 14 55 9965.60000 5.88800000 331.25000 49.27000 17.83400 81.69200
 8 8 20 14 56 9965.20000 5.88800000 331.25000 49.27000 17.83400 81.69200
 8 8 20 14 56 9965.20000 5.88800000 331.25000 49.27000 17.83400 81.69200
 8 8 20 14 57 9965.20000 5.88800000 331.25000 49.27000 17.83400 81.69200
 8 8 20 14 57 9964.50000 5.88800000 331.25000 49.27000 17.83400 81.69200
 8 8 20 14 58 9964.90000 5.88800000 331.00000 49.27000 17.83400 81.69200
 8 8 20 14 58 9965.00000 5.88800000 331.00000 49.27000 17.83400 81.69200
 8 8 20 14 58 9965.70000 5.88800000 330.96000 49.27000 17.83400 81.69200
 8 8 20 14 59 9965.90000 5.88800000 330.97000 49.27000 17.83400 81.69200
 8 8 20 14 59 9965.90000 5.88800000 330.97000 49.27000 17.83400 81.69200
 8 8 20 15 00 9966.00000 5.88800000 330.97000 49.33000 17.83400 81.69200
 8 8 20 15 00 9971.30000 5.88800000 331.55000 49.35000 17.83400 81.69200
 8 8 20 15 01 9971.30000 5.88800000 331.59000 49.35000 17.83400 81.69200
 8 8 20 15 01 9971.80000 5.88800000 331.83000 49.35000 17.83400 81.69200
 8 8 20 15 02 9971.80000 5.88800000 331.91000 49.35000 17.83400 81.69200
 8 8 20 15 02 9972.00000 5.88800000 331.91000 49.35000 17.83400 81.81500
 8 8 20 15 03 9971.90000 5.88800000 331.92000 49.35000 17.83400 81.81500
 8 8 20 15 03 9972.30000 5.88800000 331.92000 49.35000 17.83400 81.81500
 8 8 20 15 04 9979.80000 5.88800000 331.94000 49.48000 17.83400 81.81500
 8 8 20 15 04 9981.70000 5.88800000 332.00000 49.50000 17.83400 81.81500
 8 8 20 15 05 9988.20000 5.88800000 332.00000 49.57000 17.83400 81.81500
 8 8 20 15 05 9990.90000 5.88800000 332.00000 49.57000 17.83400 81.81500
 8 8 20 15 05 9990.80000 5.88800000 332.00000 49.57000 17.83400 81.81500
 8 8 20 15 06 9992.30000 5.88800000 332.19000 49.57000 17.83400 82.02100
 8 8 20 15 06 9992.70000 5.88800000 332.25000 49.57000 17.83400 82.02100
 8 8 20 15 07 9992.70000 5.88800000 332.38000 49.57000 17.83400 82.09700
 8 8 20 15 07 9992.60000 5.88800000 332.40000 49.57000 17.83400 82.09700
 8 8 20 15 08 9996.10000 5.88800000 332.68000 49.57000 17.83400 82.00800
 8 8 20 15 08 9996.90000 5.88800000 332.73000 49.57000 17.83400 82.07100
 8 8 20 15 09 9997.00000 5.89000000 332.80000 49.57000 17.83400 82.07100
 8 8 20 15 09 9995.50000 5.89000000 332.80000 49.62000 17.83400 82.07100
 8 8 20 15 10 9991.80000 5.89000000 332.68000 49.62000 17.83400 82.07100
 8 8 20 15 10 9991.90000 5.89000000 332.41000 49.62000 17.83400 82.07100
 8 8 20 15 11 9988.40000 5.89000000 332.42000 49.62000 17.83400 82.07100
 8 8 20 15 11 9987.60000 5.89000000 332.46000 49.62000 17.83400 82.07100
 8 8 20 15 12 9987.80000 5.89000000 332.41000 49.62000 17.83400 82.07100
 8 8 20 15 12 9987.00000 5.89000000 332.41000 49.62000 17.83400 82.07100
 8 8 20 15 13 9985.70000 5.89000000 332.18000 49.62000 17.83400 82.07100
 8 8 20 15 13 9986.80000 5.89000000 332.23000 49.62000 17.83400 82.07100
 8 8 20 15 14 9986.70000 5.89000000 332.23000 49.62000 17.83400 82.07100
 8 8 20 15 14 9988.90000 5.88600000 332.23000 49.62000 17.83400 82.07100
 8 8 20 15 15 9989.00000 5.88600000 332.37000 49.62000 17.83400 82.07100
 8 8 20 15 15 9991.80000 5.88200000 332.40000 49.63000 17.83400 82.07100
 8 8 20 15 15 9995.00000 5.88200000 332.39000 49.63000 17.83400 82.07100
 8 8 20 15 16 9996.90000 5.88200000 332.39000 49.62000 17.83400 82.07100
 8 8 20 15 16 9997.40000 5.88200000 332.40000 49.57000 17.83400 82.07100
 8 8 20 15 17 9997.70000 5.88200000 332.41000 49.57000 17.83400 82.07100
 8 8 20 15 17 9996.00000 5.88200000 332.41000 49.58000 17.83400 82.07100
 8 8 20 15 18 9992.80000 5.88200000 332.41000 49.57000 17.83400 82.07100
 8 8 20 15 18 9992.30000 5.88200000 332.41000 49.57000 17.83400 82.07100
 8 8 20 15 19 9992.30000 5.88200000 332.00000 49.57000 17.83400 82.07100
 8 8 20 15 19 9991.70000 5.88200000 331.69000 49.47000 17.83400 82.07100
