M=[
 6 5 21 22 44 46908.50000 118.49400000 2938.00000 284.93000 38.26700 261.78000
 6 5 21 22 45 46899.30000 118.98900000 2933.97000 284.74000 38.26700 261.78000
 6 5 21 22 45 46905.60000 118.68300000 2935.70000 285.02000 38.26700 261.78000
 6 5 21 22 45 46908.20000 118.36600000 2937.27000 285.19000 38.26700 261.78000
 6 5 21 22 46 46908.20000 118.58000000 2938.38000 285.32000 39.13900 261.78000
 6 5 21 22 46 46884.70000 118.43900000 2939.13000 285.10000 39.13900 263.38100
 6 5 21 22 47 46884.80000 119.13600000 2935.90000 285.21000 39.13900 262.69200
 6 5 21 22 47 46880.80000 119.00000000 2935.50000 284.88000 39.13900 263.19700
 6 5 21 22 48 46855.90000 118.68200000 2935.15000 285.13000 39.13900 263.34900
 6 5 21 22 48 46862.70000 118.96300000 2934.66000 285.15000 39.13900 263.99600
 6 5 21 22 48 46856.50000 118.96300000 2936.15000 285.23000 38.88800 263.99600
 6 5 21 22 49 46858.50000 118.58600000 2936.16000 285.41000 38.56700 263.69400
 6 5 21 22 49 46867.10000 119.81300000 2936.16000 285.00000 38.56700 263.73500
 6 5 21 22 50 46862.80000 119.28800000 2933.62000 283.87000 38.56700 263.52300
 6 5 21 22 50 46862.80000 118.92600000 2933.77000 284.05000 38.53900 263.21400
 6 5 21 22 51 46862.70000 118.92600000 2933.41000 284.12000 38.50100 263.64500
 6 5 21 22 51 46828.80000 117.82700000 2929.70000 284.18000 38.50800 263.64500
 6 5 21 22 51 46826.80000 117.78300000 2931.60000 284.06000 38.50800 263.64500
 6 5 21 22 52 46825.90000 116.72500000 2930.00000 283.88000 38.50800 263.64500
 6 5 21 22 52 46826.00000 117.06100000 2931.25000 283.98000 38.51100 263.64500
 6 5 21 22 53 46826.00000 116.90200000 2930.78000 283.77000 38.51100 263.64500
 6 5 21 22 53 46826.00000 116.80400000 2929.77000 283.63000 38.51100 263.64500
 6 5 21 22 54 46825.90000 116.50000000 2929.11000 283.73000 38.50100 263.64500
 6 5 21 22 54 46826.00000 116.16100000 2926.29000 283.58000 38.50100 263.64500
 6 5 21 22 54 46826.00000 115.92200000 2926.66000 283.58000 38.50100 263.64500
 6 5 21 22 55 46826.00000 116.49800000 2926.59000 283.42000 38.50100 263.64500
 6 5 21 22 55 46825.90000 116.51100000 2926.58000 283.69000 38.50100 263.64500
 6 5 21 22 56 46826.00000 116.15900000 2926.59000 284.17000 38.50100 264.17700
 6 5 21 22 56 46826.00000 116.10100000 2926.24000 284.13000 38.50100 263.38800
 6 5 21 22 57 46883.30000 116.22400000 2926.58000 284.13000 38.50100 263.38800
 6 5 21 22 57 46883.30000 116.26700000 2926.59000 284.01000 38.50100 264.46900
 6 5 21 22 57 46879.80000 116.26800000 2926.58000 283.81000 38.50100 264.46900
 6 5 21 22 58 46867.20000 115.56700000 2926.51000 283.64000 38.50100 264.46900
 6 5 21 22 58 46867.20000 115.14300000 2926.23000 283.72000 38.50100 264.46900
 6 5 21 22 59 46867.20000 115.38300000 2926.04000 283.80000 38.50100 263.89300
 6 5 21 22 59 46890.60000 116.58900000 2926.58000 284.20000 38.50100 263.89300
 6 5 21 23 00 46896.20000 116.56000000 2926.58000 284.44000 38.50100 263.89300
 6 5 21 23 00 46904.70000 117.34500000 2926.58000 285.44000 38.50100 263.89300
 6 5 21 23 00 46850.00000 116.84600000 2926.57000 285.72000 38.50100 264.33000
 6 5 21 23 01 46850.00000 116.37100000 2925.22000 286.13000 38.15800 264.33000
 6 5 21 23 01 46850.00000 115.14800000 2919.90000 286.75000 38.65200 262.38400
 6 5 21 23 02 46850.10000 114.46600000 2920.77000 287.33000 38.65200 262.77400
 6 5 21 23 02 46850.00000 114.71400000 2923.83000 287.65000 38.65200 262.77400
 6 5 21 23 03 46850.00000 113.68400000 2920.72000 287.73000 38.65200 262.10200
 6 5 21 23 03 46850.10000 113.59900000 2921.82000 287.79000 38.65200 262.10200
 6 5 21 23 03 46850.00000 113.66600000 2921.81000 287.79000 38.65200 262.10200
 6 5 21 23 04 46819.20000 112.28300000 2917.72000 286.86000 38.65200 262.10200
 6 5 21 23 04 46790.80000 105.00100000 2915.38000 287.72000 38.81200 262.10200
 6 5 21 23 05 46779.80000 111.57700000 2914.52000 287.37000 38.81200 262.10200
 6 5 21 23 05 46801.40000 111.85600000 2915.00000 288.00000 38.81200 262.10200
 6 5 21 23 06 46811.10000 111.39900000 2914.99000 288.19000 38.81200 262.10200
 6 5 21 23 06 46804.40000 111.66300000 2914.99000 288.20000 38.81200 262.10200
 6 5 21 23 06 46804.30000 111.56600000 2914.99000 288.54000 38.81200 262.10200
 6 5 21 23 07 46839.40000 112.12600000 2915.00000 288.76000 38.81200 262.10200
 6 5 21 23 07 46831.20000 111.54400000 2914.99000 289.00000 38.83900 262.10200
 6 5 21 23 08 46844.40000 112.29700000 2915.00000 289.30000 38.85200 261.12100
 6 5 21 23 08 46842.00000 111.76200000 2915.00000 289.71000 38.85800 261.12100
 6 5 21 23 09 46842.00000 111.41900000 2914.99000 290.00000 38.85800 261.12100
 6 5 21 23 09 46844.40000 111.00000000 2914.99000 290.26000 38.85800 261.10100
 6 5 21 23 09 46859.60000 110.11100000 2914.99000 290.40000 38.85800 261.10100
 6 5 21 23 10 46863.40000 109.72000000 2916.95000 291.00000 38.85800 261.10100
 6 5 21 23 10 46863.40000 109.24600000 2916.95000 291.09000 39.22700 260.14700
 6 5 21 23 11 46863.40000 108.07600000 2916.75000 291.32000 39.22700 260.14700
 6 5 21 23 11 46863.40000 109.60000000 2916.75000 291.56000 39.22800 260.14700
 6 5 21 23 12 46863.40000 109.57100000 2918.83000 291.79000 39.22800 260.14700
 6 5 21 23 12 46899.00000 110.51300000 2920.60000 291.53000 39.53700 260.00000
 6 5 21 23 12 46903.10000 108.65300000 2920.65000 290.92000 39.53700 260.00000
 6 5 21 23 13 46903.10000 109.49200000 2919.99000 291.18000 39.53700 260.00000
 6 5 21 23 13 46903.10000 109.14200000 2919.99000 290.22000 39.53700 260.00000
 6 5 21 23 14 46899.30000 110.38700000 2919.76000 290.05000 39.53700 259.97500
 6 5 21 23 14 46899.30000 110.73300000 2919.76000 290.08000 39.53700 259.97500
 6 5 21 23 15 46899.80000 110.46100000 2917.01000 290.04000 39.64600 259.97500
 6 5 21 23 15 46907.90000 111.48200000 2918.30000 290.50000 39.64600 259.97500
 6 5 21 23 15 46945.10000 110.95500000 2917.26000 290.98000 39.60800 259.97500
 6 5 21 23 16 46945.10000 111.15500000 2915.80000 291.75000 39.60800 259.97500
 6 5 21 23 16 46942.20000 111.65000000 2915.50000 292.00000 39.60800 259.97500
 6 5 21 23 17 46964.90000 111.00000000 2916.76000 292.29000 39.60800 259.97500
 6 5 21 23 17 46964.90000 110.02600000 2915.29000 291.92000 40.00900 259.97500
 6 5 21 23 18 46940.90000 109.43800000 2915.64000 292.13000 40.46000 259.97500
 6 5 21 23 18 46905.40000 109.40100000 2912.30000 291.91000 40.46000 259.97400
 6 5 21 23 18 46882.70000 108.41700000 2908.66000 291.01000 39.84200 259.11700
 6 5 21 23 19 46794.90000 107.01500000 2905.23000 290.06000 40.81700 258.23000
 6 5 21 23 19 46795.00000 106.55800000 2902.03000 290.25000 40.99900 258.15200
 6 5 21 23 20 46771.00000 106.54300000 2902.13000 288.16000 40.81700 258.15200
 6 5 21 23 20 46773.60000 105.14600000 2901.73000 288.90000 40.99900 258.15200
 6 5 21 23 21 46792.80000 106.70100000 2901.93000 289.66000 40.99900 258.27700
 6 5 21 23 21 46795.00000 107.66200000 2903.51000 290.19000 41.00000 258.85700
 6 5 21 23 21 46827.30000 107.65400000 2903.83000 291.53000 41.00000 258.85700
 6 5 21 23 22 46826.20000 107.55100000 2901.78000 290.85000 41.00000 258.85700
 6 5 21 23 22 46826.10000 105.00800000 2902.48000 292.26000 41.00000 258.85700
 6 5 21 23 23 46769.90000 105.28000000 2895.71000 292.61000 41.00000 258.85700
 6 5 21 23 23 46744.20000 104.82500000 2891.43000 292.21000 41.00000 258.85700
 6 5 21 23 24 46731.30000 104.71200000 2893.40000 292.25000 41.00000 256.40100
 6 5 21 23 24 46748.00000 105.04700000 2896.66000 292.01000 40.39200 256.36700
 6 5 21 23 24 46737.00000 105.87200000 2897.06000 291.66000 40.38100 256.81800
 6 5 21 23 25 46770.30000 105.90300000 2901.11000 292.99000 40.38100 256.90500
 6 5 21 23 25 46830.10000 107.25300000 2902.84000 293.40000 40.38100 256.90500
 6 5 21 23 26 46830.00000 106.12500000 2902.00000 293.92000 40.38100 256.90500
 6 5 21 23 26 46812.80000 107.14500000 2901.24000 294.64000 40.38100 256.90500
 6 5 21 23 26 46841.80000 107.69800000 2902.01000 295.66000 40.38100 256.90500
 6 5 21 23 27 46849.30000 108.09500000 2902.03000 294.97000 40.38100 256.90500
