M=[
 5 4 21 09 24 48860.90000 12.70000000 1734.28000 171.48000 33.72000 160.31800
 5 4 21 09 25 48888.00000 12.70000000 1735.18000 171.45000 33.72000 160.31800
 5 4 21 09 25 48888.00000 12.70000000 1734.95000 171.39000 33.72000 160.31800
 5 4 21 09 26 48896.00000 12.68100000 1735.66000 171.39000 33.72000 160.31800
 5 4 21 09 26 48994.60000 12.70800000 1736.00000 171.64000 33.72000 161.16200
 5 4 21 09 26 49037.00000 12.70800000 1735.99000 171.64000 33.72000 161.10600
 5 4 21 09 27 49015.70000 12.70800000 1736.32000 171.90000 33.72000 161.29200
 5 4 21 09 27 49015.80000 12.70800000 1736.50000 171.91000 33.80000 161.29200
 5 4 21 09 28 48992.30000 12.70800000 1736.95000 172.34000 33.80000 161.29200
 5 4 21 09 28 48994.60000 12.70800000 1736.46000 172.34000 33.80000 161.29200
 5 4 21 09 29 48992.50000 12.69100000 1736.57000 172.34000 33.80000 161.29200
 5 4 21 09 29 48992.60000 12.69100000 1736.57000 172.32000 33.80000 161.29200
 5 4 21 09 29 48994.30000 12.69100000 1736.56000 172.38000 33.80000 161.29200
 5 4 21 09 30 48994.20000 12.69100000 1736.57000 172.28000 33.80000 161.30400
 5 4 21 09 30 48967.30000 12.69100000 1736.43000 172.18000 33.80000 161.30400
 5 4 21 09 31 48968.10000 12.69100000 1736.52000 172.18000 33.80000 161.30400
 5 4 21 09 31 48967.20000 12.69100000 1736.56000 172.20000 33.80000 161.30400
 5 4 21 09 32 48973.60000 12.69100000 1736.55000 172.26000 33.80000 161.30400
 5 4 21 09 32 48974.00000 12.69100000 1736.37000 172.07000 33.80000 161.29200
 5 4 21 09 32 48974.00000 12.69100000 1736.38000 172.25000 33.80000 161.18800
 5 4 21 09 33 48967.40000 12.69100000 1736.47000 172.25000 33.80000 161.18800
 5 4 21 09 33 48967.40000 12.69100000 1735.94000 172.25000 33.80000 161.18800
 5 4 21 09 34 48973.80000 12.69100000 1736.39000 172.36000 33.80000 161.02600
 5 4 21 09 34 48973.90000 12.69100000 1736.39000 172.37000 33.80000 161.02600
 5 4 21 09 35 48969.30000 12.69100000 1736.39000 172.46000 33.80000 161.02600
 5 4 21 09 35 48970.00000 12.69100000 1736.40000 172.56000 33.80000 161.02600
 5 4 21 09 35 48970.00000 12.69100000 1737.09000 172.33000 33.80000 161.02600
 5 4 21 09 36 48969.90000 12.69100000 1737.08000 172.31000 33.80000 161.02600
 5 4 21 09 36 48970.00000 12.69100000 1737.09000 172.28000 33.80000 161.02600
 5 4 21 09 37 48955.80000 12.69100000 1737.09000 172.28000 33.80000 161.02600
 5 4 21 09 37 48961.20000 12.69100000 1737.08000 172.21000 33.80000 161.02600
 5 4 21 09 38 48961.30000 12.69100000 1737.09000 172.21000 33.80000 161.02600
 5 4 21 09 38 48973.90000 12.69100000 1737.65000 172.39000 33.80000 160.97200
 5 4 21 09 38 48973.90000 12.69100000 1737.19000 172.27000 33.80000 161.04800
 5 4 21 09 39 48973.90000 12.69100000 1737.20000 172.24000 33.80000 160.98300
 5 4 21 09 39 48973.90000 12.69100000 1737.16000 172.12000 33.80000 160.98300
 5 4 21 09 40 48973.80000 12.69100000 1737.16000 172.20000 33.69500 161.30200
 5 4 21 09 40 48985.50000 12.69100000 1737.73000 172.43000 33.69500 161.41200
 5 4 21 09 41 48985.50000 12.69100000 1736.86000 172.39000 33.72800 161.41200
 5 4 21 09 41 48950.10000 12.69100000 1735.22000 172.35000 33.72800 161.41200
 5 4 21 09 41 48961.70000 12.69100000 1736.95000 172.49000 33.72800 161.41200
 5 4 21 09 42 48981.40000 12.69100000 1738.18000 172.56000 33.72800 161.41200
 5 4 21 09 42 48981.00000 12.69100000 1738.20000 172.52000 33.72800 161.41200
 5 4 21 09 43 48985.40000 12.69100000 1738.93000 172.52000 33.72800 161.41200
 5 4 21 09 43 48985.50000 12.69100000 1738.93000 172.58000 33.72800 161.41200
 5 4 21 09 44 48985.50000 12.71700000 1739.36000 172.58000 33.72800 161.41200
 5 4 21 09 44 48985.40000 12.68600000 1739.48000 172.58000 33.72800 161.70300
 5 4 21 09 44 48985.00000 12.68600000 1739.23000 172.58000 33.72800 161.70300
 5 4 21 09 45 48984.90000 12.68600000 1739.12000 172.58000 33.72800 161.70300
 5 4 21 09 45 48969.60000 12.72800000 1737.46000 172.58000 33.72800 161.70300
 5 4 21 09 46 48969.50000 12.72800000 1739.61000 172.59000 33.72800 161.70300
 5 4 21 09 46 48990.80000 12.72800000 1739.67000 172.86000 33.72800 161.70300
 5 4 21 09 47 48990.80000 12.72800000 1739.68000 172.94000 33.72800 161.70300
 5 4 21 09 47 48945.30000 12.71000000 1738.80000 172.63000 33.72800 161.49000
 5 4 21 09 47 48972.80000 12.71000000 1738.97000 172.70000 33.72800 161.49000
 5 4 21 09 48 49000.00000 12.71000000 1739.57000 172.81000 33.72800 161.49000
 5 4 21 09 48 49000.00000 12.71000000 1739.91000 172.83000 33.72800 161.43700
 5 4 21 09 49 49019.30000 12.71000000 1739.67000 172.83000 33.72800 161.44600
 5 4 21 09 49 49026.90000 12.71000000 1739.82000 172.93000 33.72800 161.44600
 5 4 21 09 50 49036.90000 12.74400000 1740.11000 172.94000 33.72800 161.19500
 5 4 21 09 50 49037.00000 12.74400000 1741.89000 172.98000 33.72800 161.37600
 5 4 21 09 50 49045.10000 12.74400000 1742.79000 172.96000 33.72800 161.37500
 5 4 21 09 51 49062.10000 12.74400000 1743.05000 172.96000 33.72800 161.37500
 5 4 21 09 51 49058.30000 12.74400000 1742.55000 172.98000 33.72800 161.37500
 5 4 21 09 52 49062.10000 12.74400000 1742.82000 173.29000 33.72800 161.37500
 5 4 21 09 52 49062.10000 12.74400000 1743.38000 173.33000 33.72800 161.37500
 5 4 21 09 53 49065.30000 12.74400000 1744.99000 173.23000 33.72800 161.37500
 5 4 21 09 53 49060.10000 12.74400000 1744.16000 173.23000 33.72800 161.37500
 5 4 21 09 53 49060.00000 12.74400000 1743.25000 173.07000 33.72800 161.37500
 5 4 21 09 54 49050.00000 12.74400000 1742.84000 173.02000 33.72800 161.30100
 5 4 21 09 54 49050.00000 12.74400000 1742.55000 173.02000 33.72800 161.30100
 5 4 21 09 55 49050.70000 12.74400000 1742.55000 173.03000 33.80000 161.12100
 5 4 21 09 55 49050.50000 12.74400000 1742.59000 173.00000 33.80000 161.03800
 5 4 21 09 56 49050.00000 12.74400000 1743.30000 173.00000 33.80000 161.03800
 5 4 21 09 56 49050.10000 12.74900000 1743.14000 173.08000 33.80000 161.00200
 5 4 21 09 56 49050.10000 12.74900000 1743.30000 173.05000 33.80000 161.00200
 5 4 21 09 57 49053.60000 12.74900000 1743.25000 173.05000 33.86600 161.00200
 5 4 21 09 57 49053.60000 12.74900000 1743.25000 173.08000 33.86600 161.00200
 5 4 21 09 58 49084.40000 12.74900000 1743.25000 173.06000 33.86600 161.00200
 5 4 21 09 58 49077.20000 12.74900000 1743.05000 173.10000 33.91500 161.00200
 5 4 21 09 58 49072.80000 12.74900000 1743.22000 173.10000 33.91500 160.82000
 5 4 21 09 59 49074.20000 12.74900000 1743.29000 173.07000 33.91500 160.82000
 5 4 21 09 59 49113.90000 12.75000000 1744.99000 173.07000 33.91500 160.82000
 5 4 21 10 00 49102.00000 12.75000000 1744.50000 173.11000 33.91500 160.82000
 5 4 21 10 00 49102.00000 12.75000000 1744.58000 173.17000 33.91500 160.82000
 5 4 21 10 01 49102.10000 12.75000000 1743.28000 173.17000 33.82700 160.82000
 5 4 21 10 01 49086.70000 12.75000000 1743.00000 173.17000 33.82700 160.82000
 5 4 21 10 01 49078.70000 12.75000000 1742.74000 173.19000 33.82700 160.82000
 5 4 21 10 02 49098.20000 12.75000000 1742.92000 173.02000 33.82700 160.82000
 5 4 21 10 02 49102.00000 12.75000000 1742.92000 173.02000 33.82700 160.82000
 5 4 21 10 03 49100.90000 12.75000000 1742.44000 173.02000 33.82700 160.82000
 5 4 21 10 03 49098.40000 12.75000000 1741.35000 172.99000 33.82700 160.82000
 5 4 21 10 04 49088.30000 12.75000000 1740.38000 172.99000 33.82700 160.82000
 5 4 21 10 04 49088.20000 12.75000000 1742.13000 172.98000 33.82700 160.86300
 5 4 21 10 04 49088.30000 12.75000000 1742.90000 173.09000 33.82700 160.86300
 5 4 21 10 05 49088.30000 12.75000000 1742.69000 173.09000 33.82700 160.86300
 5 4 21 10 05 49088.20000 12.75000000 1742.01000 173.00000 33.82700 160.86300
 5 4 21 10 06 49075.00000 12.75000000 1741.84000 173.00000 33.82700 160.86300
 5 4 21 10 06 49061.90000 12.75000000 1742.03000 173.00000 33.82700 160.86300
 5 4 21 10 07 49063.40000 12.75000000 1743.57000 173.00000 33.82700 160.86300
 5 4 21 10 07 49081.60000 12.75000000 1744.17000 173.00000 33.82700 160.86300
 5 4 21 10 07 49087.50000 12.75000000 1744.17000 173.20000 33.82700 160.86300
