M=[
 2 11 20 05 10 11770.80000 4.44900000 343.04000 47.84000 11.96600 49.67000
 2 11 20 05 11 11770.80000 4.44900000 343.04000 47.84000 11.96600 49.67000
 2 11 20 05 11 11765.40000 4.44900000 343.04000 47.84000 11.96600 49.67000
 2 11 20 05 11 11765.40000 4.44900000 343.04000 47.84000 11.96600 49.67000
 2 11 20 05 12 11768.60000 4.44900000 343.04000 47.84000 11.96600 49.67000
 2 11 20 05 12 11769.80000 4.44900000 343.04000 47.81000 11.96600 49.67000
 2 11 20 05 13 11769.80000 4.44900000 343.04000 47.81000 11.96600 49.67000
 2 11 20 05 13 11768.30000 4.44900000 342.91000 47.81000 11.96600 49.67000
 2 11 20 05 14 11768.30000 4.44900000 342.91000 47.81000 11.96600 49.67000
 2 11 20 05 14 11768.30000 4.44900000 342.91000 47.81000 11.96600 49.67000
 2 11 20 05 14 11765.40000 4.44900000 342.91000 47.81000 11.96600 49.67000
 2 11 20 05 15 11758.10000 4.44900000 342.53000 47.81000 11.96600 49.67000
 2 11 20 05 15 11758.10000 4.48200000 342.53000 47.75000 11.96600 49.67000
 2 11 20 05 16 11753.30000 4.48200000 342.17000 47.75000 11.96600 49.67000
 2 11 20 05 16 11753.20000 4.48200000 342.35000 47.75000 11.96600 49.67000
 2 11 20 05 17 11751.00000 4.48200000 342.30000 47.75000 11.96600 49.67000
 2 11 20 05 17 11751.50000 4.48200000 342.30000 47.75000 11.96600 49.67000
 2 11 20 05 17 11751.50000 4.48200000 342.22000 47.75000 11.96600 49.67000
 2 11 20 05 18 11750.10000 4.48200000 342.24000 47.75000 11.96600 49.67000
 2 11 20 05 18 11750.00000 4.48200000 342.02000 47.67000 11.96600 49.67000
 2 11 20 05 19 11746.90000 4.48200000 341.99000 47.67000 11.96600 49.67000
 2 11 20 05 19 11746.90000 4.48200000 342.29000 47.67000 11.96600 49.67000
 2 11 20 05 20 11750.20000 4.48200000 342.29000 47.67000 11.96600 49.67000
 2 11 20 05 21 11753.20000 4.48200000 342.25000 47.67000 11.96600 49.67000
 2 11 20 05 21 11766.50000 4.48200000 342.60000 47.67000 11.96600 49.67000
 2 11 20 05 21 11766.40000 4.48200000 342.92000 47.67000 11.96600 49.67000
 2 11 20 05 22 11768.60000 4.48200000 342.92000 47.67000 11.96600 49.67000
 2 11 20 05 22 11767.30000 4.48200000 342.84000 47.67000 11.96600 49.67000
 2 11 20 05 23 11767.30000 4.48200000 342.84000 47.79000 11.96600 49.67000
 2 11 20 05 23 11767.30000 4.48200000 342.84000 47.79000 11.96600 49.67000
 2 11 20 05 24 11767.30000 4.48200000 342.84000 47.79000 11.96600 49.67000
 2 11 20 05 24 11767.30000 4.48200000 342.84000 47.79000 11.96600 49.67000
 2 11 20 05 24 11771.10000 4.48200000 343.15000 47.82000 11.96600 49.67000
 2 11 20 05 25 11771.10000 4.48200000 343.16000 47.82000 11.96600 49.67000
 2 11 20 05 25 11771.10000 4.48200000 343.16000 47.82000 11.96600 49.67000
 2 11 20 05 26 11771.10000 4.48200000 343.16000 47.82000 11.96600 49.67000
 2 11 20 05 26 11770.90000 4.48200000 343.11000 47.82000 11.96600 49.67000
 2 11 20 05 27 11771.30000 4.48200000 343.11000 47.82000 11.96600 49.67000
 2 11 20 05 27 11772.30000 4.48200000 343.11000 47.82000 11.96600 49.67000
 2 11 20 05 27 11772.30000 4.48200000 343.10000 47.82000 11.96600 49.67000
 2 11 20 05 28 11772.40000 4.48200000 343.02000 47.82000 11.96600 49.67000
 2 11 20 05 28 11777.90000 4.48200000 343.10000 47.82000 11.96600 49.67000
 2 11 20 05 29 11777.90000 4.48200000 343.10000 47.82000 11.96600 49.67000
 2 11 20 05 29 11780.60000 4.48200000 343.11000 47.82000 11.96600 49.67000
 2 11 20 05 30 11780.10000 4.48200000 343.11000 47.82000 11.96600 49.67000
 2 11 20 05 30 11777.10000 4.48200000 343.11000 47.89000 11.96600 49.67000
 2 11 20 05 31 11777.10000 4.48200000 343.11000 47.89000 11.96600 49.67000
 2 11 20 05 31 11777.00000 4.48200000 343.11000 47.89000 11.96600 49.67000
 2 11 20 05 31 11773.80000 4.48200000 342.86000 47.89000 11.96600 49.67000
 2 11 20 05 32 11776.20000 4.48200000 342.63000 47.89000 11.96600 49.67000
 2 11 20 05 32 11776.20000 4.48200000 342.72000 47.89000 11.96600 49.67000
 2 11 20 05 33 11780.60000 4.48200000 342.72000 47.89000 11.96600 49.67000
 2 11 20 05 33 11780.60000 4.48200000 342.72000 47.89000 11.96600 49.67000
 2 11 20 05 34 11785.20000 4.48200000 342.73000 47.89000 11.96600 49.67000
 2 11 20 05 34 11785.30000 4.48200000 342.73000 47.89000 11.96600 49.67000
 2 11 20 05 34 11789.00000 4.48200000 342.73000 47.89000 11.96600 49.67000
 2 11 20 05 35 11789.00000 4.48200000 343.01000 47.89000 11.96600 49.67000
 2 11 20 05 35 11769.90000 4.48200000 342.88000 47.89000 11.96600 49.67000
 2 11 20 05 36 11769.80000 4.48200000 342.89000 47.89000 11.96600 49.67000
 2 11 20 05 36 11784.30000 4.48200000 342.89000 47.89000 11.96600 49.67000
 2 11 20 05 37 11776.10000 4.48200000 342.89000 47.89000 11.96600 49.67000
 2 11 20 05 37 11780.50000 4.48200000 342.89000 47.89000 11.96600 49.67000
 2 11 20 05 37 11784.30000 4.48200000 342.71000 47.89000 11.96600 49.67000
 2 11 20 05 38 11783.40000 4.48200000 342.71000 47.89000 11.96600 49.67000
 2 11 20 05 38 11783.70000 4.48200000 342.83000 47.89000 11.96600 49.67000
 2 11 20 05 39 11781.80000 4.48200000 342.83000 47.89000 11.96600 49.67000
 2 11 20 05 39 11785.80000 4.48200000 342.93000 47.89000 11.96600 49.67000
 2 11 20 05 40 11787.00000 4.48200000 342.93000 47.89000 11.96600 49.67000
 2 11 20 05 40 11791.00000 4.48200000 342.93000 47.89000 11.96600 49.67000
 2 11 20 05 40 11794.50000 4.48200000 343.08000 47.85000 11.96600 49.67000
 2 11 20 05 41 11795.70000 4.48200000 343.08000 47.85000 11.96600 49.67000
 2 11 20 05 41 11788.80000 4.48200000 342.94000 47.85000 11.96600 49.67000
 2 11 20 05 42 11792.90000 4.48200000 342.94000 47.85000 11.96600 49.67000
 2 11 20 05 42 11788.90000 4.48200000 342.94000 47.85000 11.96600 49.67000
 2 11 20 05 43 11786.90000 4.48200000 342.94000 47.85000 11.96600 49.67000
 2 11 20 05 43 11783.20000 4.48200000 342.94000 47.85000 11.96600 49.67000
 2 11 20 05 43 11780.80000 4.48200000 342.94000 47.85000 11.96600 49.67000
 2 11 20 05 44 11784.20000 4.48200000 342.94000 47.85000 11.96600 49.67000
 2 11 20 05 44 11785.30000 4.48200000 342.82000 47.85000 11.96600 49.67000
 2 11 20 05 45 11788.90000 4.48200000 342.82000 47.85000 11.96600 49.67000
 2 11 20 05 45 11792.80000 4.48200000 343.00000 47.85000 11.96600 49.67000
 2 11 20 05 46 11790.50000 4.48200000 343.00000 47.85000 11.96600 49.67000
 2 11 20 05 46 11791.00000 4.48200000 343.00000 47.85000 11.96600 49.67000
 2 11 20 05 46 11787.80000 4.48200000 343.00000 47.85000 11.96600 49.67000
 2 11 20 05 47 11785.70000 4.48200000 343.00000 47.85000 11.96600 49.67000
 2 11 20 05 47 11785.30000 4.48200000 342.81000 47.85000 11.96600 49.67000
 2 11 20 05 48 11787.50000 4.48200000 342.81000 47.85000 11.96600 49.67000
 2 11 20 05 48 11794.30000 4.48200000 342.81000 47.85000 11.96600 49.67000
 2 11 20 05 49 11796.00000 4.48200000 342.81000 47.85000 11.96600 49.67000
 2 11 20 05 49 11796.40000 4.48200000 342.81000 47.85000 11.96600 49.67000
 2 11 20 05 49 11797.10000 4.48200000 342.81000 47.85000 11.96600 49.67000
 2 11 20 05 50 11797.10000 4.48200000 342.81000 47.85000 11.96600 49.67000
 2 11 20 05 50 11798.30000 4.48200000 342.81000 47.85000 11.96600 49.67000
 2 11 20 05 51 11798.90000 4.48200000 342.81000 47.85000 11.96600 49.67000
 2 11 20 05 51 11798.70000 4.48200000 342.81000 47.85000 11.96600 49.67000
 2 11 20 05 52 11799.50000 4.48200000 342.81000 47.85000 11.96600 49.67000
 2 11 20 05 52 11799.50000 4.48200000 342.81000 47.85000 11.96600 49.67000
 2 11 20 05 52 11800.80000 4.48200000 342.81000 47.85000 11.96600 49.67000
 2 11 20 05 53 11799.10000 4.48200000 342.81000 47.85000 11.96600 49.67000
 2 11 20 05 53 11797.30000 4.48200000 342.81000 47.85000 11.96600 49.67000
 2 11 20 05 54 11797.20000 4.48200000 343.06000 47.85000 11.96600 49.67000
 2 11 20 05 54 11797.20000 4.48200000 343.01000 47.85000 11.96600 49.67000
 2 11 20 05 55 11797.40000 4.48200000 343.01000 47.85000 11.96600 49.67000
 2 11 20 05 55 11792.70000 4.48200000 343.01000 47.85000 11.96600 49.67000
 2 11 20 05 55 11790.90000 4.48200000 343.01000 47.85000 11.96600 49.67000
 2 11 20 05 56 11792.10000 4.48200000 343.01000 47.85000 11.96600 49.67000
