M=[
27 3 21 18 10 47396.20000 10.10000000 1446.82000 154.95000 28.28800 111.78200
27 3 21 18 10 47365.90000 10.10000000 1445.46000 154.95000 28.28800 111.78200
27 3 21 18 11 47365.90000 10.10000000 1445.46000 154.80000 28.28800 111.78200
27 3 21 18 11 47337.20000 10.10000000 1445.51000 154.83000 28.28800 111.78200
27 3 21 18 11 47288.00000 10.10000000 1443.28000 154.83000 28.28800 111.78200
27 3 21 18 12 47271.10000 10.10000000 1443.78000 154.75000 28.28800 111.78200
27 3 21 18 12 47304.90000 10.10000000 1444.13000 154.75000 28.28800 111.78200
27 3 21 18 13 47325.00000 10.10000000 1444.81000 154.81000 28.28800 111.58300
27 3 21 18 13 47312.30000 10.10000000 1444.81000 154.74000 28.28800 111.58300
27 3 21 18 14 47315.80000 10.10000000 1445.16000 154.80000 28.28800 111.58300
27 3 21 18 14 47312.30000 10.10000000 1445.16000 154.80000 28.28800 111.58300
27 3 21 18 14 47312.20000 10.10000000 1444.67000 154.79000 28.28800 111.58300
27 3 21 18 15 47300.70000 10.10000000 1444.60000 154.77000 28.28800 111.58300
27 3 21 18 15 47296.30000 10.10000000 1444.63000 154.77000 28.28800 111.58300
27 3 21 18 16 47299.80000 10.10000000 1444.63000 154.77000 28.28800 111.58300
27 3 21 18 16 47334.90000 10.10000000 1445.20000 154.88000 28.28800 111.58300
27 3 21 18 17 47363.80000 10.10000000 1445.20000 154.88000 28.28800 111.58300
27 3 21 18 17 47379.00000 10.10000000 1446.06000 154.97000 28.28800 111.58300
27 3 21 18 17 47376.70000 10.10000000 1446.31000 154.99000 28.28800 111.58300
27 3 21 18 18 47354.70000 10.10000000 1446.65000 154.95000 28.28800 111.58300
27 3 21 18 18 47351.60000 10.10000000 1446.10000 154.95000 28.28800 111.58300
27 3 21 18 19 47331.30000 10.10000000 1446.10000 154.88000 28.28800 111.58300
27 3 21 18 19 47379.70000 10.10000000 1446.45000 154.84000 28.28800 111.58300
27 3 21 18 20 47386.10000 10.10000000 1446.45000 154.84000 28.28800 111.58300
27 3 21 18 20 47400.00000 10.10000000 1446.45000 154.84000 28.28800 111.58300
27 3 21 18 20 47409.30000 10.10000000 1446.81000 154.84000 28.28800 111.58300
27 3 21 18 21 47411.20000 10.11400000 1447.07000 154.84000 28.28800 111.58300
27 3 21 18 21 47417.00000 10.11400000 1447.08000 154.84000 28.28800 111.58300
27 3 21 18 22 47372.70000 10.11400000 1447.07000 155.03000 28.28800 111.58300
27 3 21 18 22 47371.60000 10.11400000 1447.07000 155.03000 28.28800 111.58300
27 3 21 18 23 47357.80000 10.11400000 1447.07000 155.03000 28.28800 111.58300
27 3 21 18 23 47367.50000 10.11400000 1447.08000 155.03000 28.28800 111.58300
27 3 21 18 23 47367.50000 10.11400000 1447.08000 155.03000 28.03600 111.58300
27 3 21 18 24 47352.50000 10.11400000 1447.07000 155.03000 28.03600 111.58300
27 3 21 18 24 47352.90000 10.11400000 1447.07000 155.03000 28.03600 111.58300
27 3 21 18 25 47332.90000 10.11400000 1446.81000 155.00000 28.03600 111.58300
27 3 21 18 25 47324.50000 10.11400000 1447.08000 154.95000 28.03600 111.58300
27 3 21 18 26 47331.50000 10.11400000 1447.28000 155.00000 28.03600 111.63800
27 3 21 18 26 47300.00000 10.11400000 1446.01000 155.00000 28.03600 111.56000
27 3 21 18 26 47291.50000 10.11400000 1446.07000 155.00000 28.03600 111.56000
27 3 21 18 27 47263.00000 10.11400000 1444.50000 155.00000 28.03600 111.56000
27 3 21 18 27 47284.00000 10.11400000 1445.30000 155.00000 28.03600 111.56000
27 3 21 18 28 47280.30000 10.11400000 1445.23000 154.83000 28.03600 111.56000
27 3 21 18 28 47229.90000 10.11400000 1444.67000 154.83000 28.03600 111.56000
27 3 21 18 29 47216.20000 10.11400000 1444.22000 154.83000 28.03600 111.56000
27 3 21 18 29 47224.50000 10.11400000 1444.01000 154.65000 28.03600 111.56000
27 3 21 18 29 47193.90000 10.11400000 1442.55000 154.65000 28.03600 111.56000
27 3 21 18 30 47161.00000 10.11400000 1442.55000 154.58000 28.03600 111.56000
27 3 21 18 30 47169.90000 10.11400000 1442.55000 154.58000 28.03600 111.56000
27 3 21 18 31 47196.00000 10.11400000 1443.37000 154.62000 28.03600 111.56000
27 3 21 18 31 47216.00000 10.11400000 1443.70000 154.62000 28.03600 111.56000
27 3 21 18 32 47200.00000 10.11000000 1443.78000 154.62000 28.03600 111.56000
27 3 21 18 32 47226.90000 10.11000000 1443.78000 154.62000 28.03600 111.56000
27 3 21 18 32 47253.30000 10.11000000 1445.17000 154.62000 28.03600 111.56000
27 3 21 18 33 47255.40000 10.11000000 1444.72000 154.62000 28.03600 111.56000
27 3 21 18 33 47244.10000 10.12300000 1444.97000 154.62000 28.03600 111.96700
27 3 21 18 34 47244.20000 10.12300000 1445.04000 154.62000 28.03600 111.96700
27 3 21 18 34 47244.20000 10.12300000 1444.86000 154.94000 28.03600 111.96700
27 3 21 18 35 47257.00000 10.12300000 1445.25000 154.94000 28.03600 111.96700
27 3 21 18 35 47257.00000 10.12300000 1445.26000 154.94000 28.03600 111.96700
27 3 21 18 35 47228.60000 10.12300000 1445.33000 154.94000 28.03600 111.96700
27 3 21 18 36 47235.40000 10.12300000 1445.33000 154.93000 28.03600 111.96700
27 3 21 18 36 47200.10000 10.12300000 1445.04000 154.93000 28.03600 111.96700
27 3 21 18 37 47235.80000 10.12300000 1444.51000 154.91000 28.03600 111.96700
27 3 21 18 37 47225.80000 10.12300000 1444.51000 154.91000 28.03600 111.96700
27 3 21 18 38 47198.30000 10.12300000 1444.51000 154.95000 28.03600 111.93000
27 3 21 18 38 47234.70000 10.12300000 1444.20000 154.90000 28.03600 111.93000
27 3 21 18 38 47238.60000 10.12300000 1443.67000 154.97000 28.03600 111.93000
27 3 21 18 39 47248.00000 10.12300000 1443.67000 154.97000 28.03600 111.93000
27 3 21 18 39 47213.70000 10.12300000 1443.11000 154.96000 28.03600 111.93000
27 3 21 18 40 47170.70000 10.11000000 1442.51000 154.95000 28.03600 111.93000
27 3 21 18 40 47112.10000 10.10500000 1440.77000 154.95000 28.03600 111.86900
27 3 21 18 41 47099.90000 10.10000000 1441.38000 154.95000 28.03600 111.86900
27 3 21 18 41 47152.50000 10.10000000 1441.92000 154.72000 28.03600 111.86900
27 3 21 18 41 47119.20000 10.10000000 1441.26000 154.71000 28.03600 111.90800
27 3 21 18 42 47095.40000 10.10000000 1441.13000 154.71000 28.03600 111.90800
27 3 21 18 42 47112.20000 10.10000000 1441.13000 154.71000 28.03600 111.90800
27 3 21 18 43 47113.10000 10.10000000 1440.77000 154.71000 28.03600 111.90800
27 3 21 18 43 47077.70000 10.09500000 1440.78000 154.61000 28.03600 111.90800
27 3 21 18 44 47124.30000 10.09500000 1441.06000 154.61000 28.03600 111.90800
27 3 21 18 44 47114.80000 10.09500000 1441.25000 154.66000 28.03600 111.90800
27 3 21 18 44 47077.70000 10.09500000 1440.80000 154.64000 28.03600 111.86300
27 3 21 18 45 47098.10000 10.09500000 1440.81000 154.69000 28.03600 111.86300
27 3 21 18 45 47112.40000 10.09500000 1441.32000 154.71000 28.29100 111.86300
27 3 21 18 46 47089.90000 10.09500000 1440.89000 154.71000 28.29100 111.86300
27 3 21 18 46 47130.90000 10.09500000 1442.45000 154.71000 28.29100 111.86300
27 3 21 18 47 47123.10000 10.09500000 1442.40000 154.71000 28.29100 111.86300
27 3 21 18 47 47110.50000 10.09500000 1442.40000 154.71000 28.29100 111.86300
27 3 21 18 47 47110.40000 10.09500000 1442.66000 154.71000 28.04800 111.86300
27 3 21 18 48 47132.80000 10.09500000 1443.42000 154.93000 28.26900 111.86300
27 3 21 18 48 47175.20000 10.09500000 1443.65000 154.98000 28.26900 111.86300
27 3 21 18 49 47181.00000 10.09500000 1444.01000 154.97000 28.26900 111.86300
27 3 21 18 49 47162.00000 10.09500000 1443.77000 154.97000 28.26900 111.86300
27 3 21 18 50 47181.00000 10.09500000 1444.11000 154.97000 28.26900 111.86300
27 3 21 18 50 47196.70000 10.09500000 1444.57000 155.02000 28.26900 111.86300
27 3 21 18 50 47222.50000 10.09500000 1444.63000 154.98000 28.26900 111.86300
27 3 21 18 51 47222.00000 10.09500000 1444.60000 154.98000 28.26900 111.86300
27 3 21 18 51 47234.20000 10.09500000 1446.38000 154.96000 28.26900 111.86300
27 3 21 18 52 47263.00000 10.09500000 1446.50000 155.04000 28.26900 111.86300
27 3 21 18 52 47305.70000 10.09500000 1446.50000 155.04000 28.26900 111.86300
27 3 21 18 53 47297.60000 10.09500000 1446.62000 155.02000 28.26900 111.86300
27 3 21 18 53 47297.70000 10.09500000 1446.62000 155.04000 28.26900 111.86300
