M=[
19 1 21 16 07 31105.00000 6.86400000 1177.99000 135.00000 17.46400 91.07100
19 1 21 16 07 31122.70000 6.86400000 1179.27000 135.42000 17.46400 91.10500
19 1 21 16 08 31140.00000 6.91700000 1179.37000 135.50000 17.48100 91.10500
19 1 21 16 08 31127.40000 6.90000000 1179.22000 135.15000 17.48100 91.06800
19 1 21 16 08 31096.30000 6.90000000 1177.30000 134.90000 17.48100 91.06800
19 1 21 16 09 31117.70000 6.90000000 1176.45000 134.88000 17.48100 90.86100
19 1 21 16 09 31081.30000 6.90000000 1176.02000 134.78000 17.48100 91.33000
19 1 21 16 10 31065.20000 6.90000000 1173.99000 134.80000 17.48100 91.28000
19 1 21 16 10 31089.90000 6.85000000 1175.61000 134.79000 17.48100 91.28000
19 1 21 16 10 31099.30000 6.85000000 1177.16000 134.82000 17.48100 91.28000
19 1 21 16 11 31100.00000 6.85000000 1177.52000 134.77000 17.48100 91.28000
19 1 21 16 11 31120.20000 6.85000000 1179.67000 134.67000 17.48100 91.60000
19 1 21 16 12 31130.00000 6.88000000 1180.11000 134.71000 17.48100 91.99900
19 1 21 16 12 31130.10000 6.88000000 1182.13000 134.98000 17.48100 92.04000
19 1 21 16 13 31130.20000 6.88000000 1182.24000 134.92000 17.48100 92.24400
19 1 21 16 13 31008.50000 6.88000000 1180.01000 134.19000 17.48100 92.24400
19 1 21 16 13 31020.30000 6.88000000 1180.00000 134.13000 17.48100 92.63500
19 1 21 16 14 31015.60000 6.88000000 1178.80000 133.94000 17.48100 93.22600
19 1 21 16 14 31016.30000 6.88000000 1178.94000 134.01000 17.48100 92.49400
19 1 21 16 15 31015.90000 6.88900000 1178.03000 134.05000 17.48100 91.87400
19 1 21 16 15 31089.90000 6.88900000 1180.00000 134.13000 17.48100 91.87400
19 1 21 16 16 31067.10000 6.88900000 1181.62000 134.44000 17.48100 91.36700
19 1 21 16 16 31071.90000 6.88900000 1181.94000 134.23000 17.48100 91.36700
19 1 21 16 16 31085.30000 6.88900000 1181.09000 134.22000 17.48100 91.36700
19 1 21 16 17 31049.40000 6.88900000 1180.00000 134.21000 17.59900 91.36700
19 1 21 16 17 31020.10000 6.88900000 1176.59000 133.62000 17.59900 91.16200
19 1 21 16 18 30975.00000 6.88900000 1175.21000 133.53000 17.59900 90.77600
19 1 21 16 18 30988.00000 6.83000000 1176.72000 133.56000 17.59900 90.91400
19 1 21 16 19 30994.50000 6.84000000 1174.14000 133.48000 17.59900 90.79300
19 1 21 16 19 30975.70000 6.84000000 1174.84000 133.31000 17.59900 90.60100
19 1 21 16 19 31040.70000 6.84000000 1176.98000 133.49000 17.59900 90.60100
19 1 21 16 20 30991.80000 6.84000000 1175.03000 133.35000 17.59900 91.33000
19 1 21 16 20 30977.50000 6.84000000 1174.85000 133.52000 17.59900 91.03200
19 1 21 16 21 30949.20000 6.84000000 1174.85000 133.32000 17.59900 90.98300
19 1 21 16 21 30987.10000 6.84000000 1174.54000 133.27000 17.59900 90.98300
19 1 21 16 22 30972.70000 6.84000000 1175.22000 133.31000 17.59900 91.30700
19 1 21 16 22 30950.80000 6.84000000 1175.01000 133.24000 17.59900 91.30700
19 1 21 16 22 30946.70000 6.84000000 1175.46000 133.32000 17.59900 91.30700
19 1 21 16 23 30968.00000 6.84000000 1175.98000 133.38000 17.59900 91.35000
19 1 21 16 23 30965.10000 6.84000000 1175.04000 133.38000 17.59900 91.35000
19 1 21 16 24 31006.20000 6.84000000 1176.00000 133.12000 17.59900 91.30700
19 1 21 16 24 31010.50000 6.86000000 1176.00000 133.19000 17.59900 91.30700
19 1 21 16 25 31030.00000 6.86000000 1178.19000 133.19000 17.59900 91.30700
19 1 21 16 25 31003.50000 6.86000000 1177.12000 132.91000 17.59900 91.30700
19 1 21 16 25 30985.70000 6.86000000 1177.00000 133.02000 17.59900 91.30700
19 1 21 16 26 31009.00000 6.86300000 1177.57000 133.12000 17.59900 91.03700
19 1 21 16 26 31001.00000 6.86300000 1176.13000 133.09000 17.59900 91.03700
19 1 21 16 27 30999.10000 6.86000000 1175.63000 132.96000 17.59900 91.03700
19 1 21 16 27 30920.00000 6.86000000 1170.90000 132.40000 17.59900 91.03700
19 1 21 16 28 30930.00000 6.86000000 1171.75000 132.54000 17.59900 91.03700
19 1 21 16 28 30940.00000 6.86000000 1172.69000 132.54000 17.59900 91.12600
19 1 21 16 28 30949.30000 6.86000000 1173.14000 132.54000 17.59900 91.12600
19 1 21 16 29 30960.90000 6.86000000 1172.67000 132.49000 17.59900 91.12600
19 1 21 16 29 30969.50000 6.86000000 1173.07000 132.63000 17.59900 91.12600
19 1 21 16 30 30960.90000 6.86000000 1172.05000 132.35000 17.59900 91.25500
19 1 21 16 30 30966.30000 6.86000000 1171.89000 132.43000 17.59900 91.25500
19 1 21 16 31 31001.00000 6.86000000 1174.23000 132.45000 17.59900 91.25500
19 1 21 16 31 31000.90000 6.86000000 1174.07000 132.55000 17.59900 91.72400
19 1 21 16 31 30969.60000 6.86000000 1172.49000 132.55000 17.59900 91.72400
19 1 21 16 32 30988.90000 6.86000000 1172.06000 132.36000 17.59900 91.72400
19 1 21 16 32 31000.00000 6.86000000 1171.89000 132.45000 17.59900 91.72400
19 1 21 16 33 30999.80000 6.86000000 1172.75000 132.37000 17.59900 91.72400
19 1 21 16 33 31000.00000 6.86000000 1172.51000 132.52000 17.59900 91.72400
19 1 21 16 34 30971.80000 6.86000000 1168.94000 132.38000 17.59900 91.30100
19 1 21 16 34 30969.80000 6.84200000 1167.16000 132.23000 17.59900 91.30100
19 1 21 16 34 30969.80000 6.84200000 1167.57000 132.10000 17.59900 91.30100
19 1 21 16 35 30905.00000 6.84200000 1165.81000 131.94000 17.59900 91.30100
19 1 21 16 35 30878.30000 6.84200000 1164.41000 131.91000 17.59900 91.30100
19 1 21 16 36 30888.50000 6.84200000 1163.78000 132.01000 17.59900 91.09400
19 1 21 16 36 30890.10000 6.80000000 1165.97000 132.01000 17.59900 91.29100
19 1 21 16 37 30930.20000 6.80000000 1168.96000 132.29000 17.59900 91.29100
19 1 21 16 37 30933.50000 6.81000000 1168.53000 132.45000 17.59900 91.29100
19 1 21 16 37 30927.80000 6.81100000 1168.13000 132.30000 17.59900 91.29100
19 1 21 16 38 30922.50000 6.81100000 1168.00000 132.30000 17.59900 91.03800
19 1 21 16 38 30934.90000 6.81100000 1168.08000 132.29000 17.59900 91.03800
19 1 21 16 39 30924.00000 6.81100000 1168.50000 132.08000 17.59900 91.03800
19 1 21 16 39 30934.20000 6.81100000 1168.86000 132.08000 17.59900 91.03800
19 1 21 16 40 30940.00000 6.81100000 1170.38000 132.23000 17.59900 91.03800
19 1 21 16 40 30946.80000 6.82000000 1170.53000 132.16000 17.59900 91.03800
19 1 21 16 40 30952.70000 6.82000000 1171.63000 132.28000 17.59900 91.03800
19 1 21 16 41 30952.00000 6.82000000 1170.40000 132.23000 17.59900 91.03800
19 1 21 16 41 30939.70000 6.82000000 1169.81000 132.23000 17.59900 90.95200
19 1 21 16 42 30938.20000 6.82000000 1169.75000 132.23000 17.59900 90.95200
19 1 21 16 42 30919.30000 6.82000000 1169.20000 132.03000 17.59900 90.97100
19 1 21 16 43 30935.70000 6.82000000 1169.85000 132.14000 17.59900 90.96200
19 1 21 16 43 30929.10000 6.82000000 1169.49000 132.12000 17.59900 90.87200
19 1 21 16 43 30934.60000 6.82000000 1170.00000 132.11000 17.59900 90.87200
19 1 21 16 44 30904.00000 6.82000000 1169.81000 131.97000 17.59900 90.87200
19 1 21 16 44 30894.40000 6.82000000 1168.73000 132.06000 17.59900 90.87200
19 1 21 16 45 30928.40000 6.82000000 1171.00000 132.15000 17.59900 90.87200
19 1 21 16 45 30949.90000 6.82000000 1171.16000 132.18000 17.59900 90.87200
19 1 21 16 46 30941.60000 6.81900000 1170.89000 132.18000 17.59900 90.96200
19 1 21 16 46 30932.10000 6.81900000 1169.00000 132.18000 17.59900 90.96200
19 1 21 16 46 30871.70000 6.80900000 1168.00000 131.99000 17.59900 90.96200
19 1 21 16 47 30824.00000 6.80900000 1166.98000 131.79000 17.59900 90.88800
19 1 21 16 47 30847.70000 6.80900000 1168.45000 132.00000 17.59900 90.88800
19 1 21 16 48 30825.60000 6.79200000 1166.73000 132.00000 17.59900 90.59900
19 1 21 16 48 30847.00000 6.79200000 1168.86000 132.03000 17.59900 90.55500
19 1 21 16 49 30828.50000 6.79200000 1168.09000 132.01000 17.59900 90.55500
19 1 21 16 49 30841.10000 6.73800000 1168.65000 132.04000 17.59900 90.55500
19 1 21 16 49 30842.40000 6.73800000 1169.00000 132.04000 17.59900 90.55500
19 1 21 16 50 30851.00000 6.73800000 1169.89000 132.08000 17.60000 90.59700
19 1 21 16 50 30858.10000 6.73800000 1170.07000 132.08000 17.60000 90.59700
19 1 21 16 51 30854.60000 6.73800000 1170.58000 132.15000 17.60000 90.59700
19 1 21 16 51 30880.60000 6.73800000 1171.98000 132.15000 17.60000 90.59700
