M=[
27 2 21 11 02 39006.60000 9.23800000 1224.13000 143.78000 26.69600 103.29800
27 2 21 11 02 38996.20000 9.29000000 1224.73000 144.16000 26.69600 103.05200
27 2 21 11 03 38970.60000 9.29000000 1223.57000 144.16000 26.69600 103.03600
27 2 21 11 03 38914.40000 9.29000000 1222.44000 144.16000 26.69600 103.03600
27 2 21 11 03 38962.60000 9.29000000 1221.51000 144.16000 26.69600 103.03600
27 2 21 11 04 38930.00000 9.29600000 1221.94000 143.86000 26.69600 103.03600
27 2 21 11 04 38962.50000 9.29600000 1224.05000 144.09000 26.69600 103.03600
27 2 21 11 05 38963.00000 9.29600000 1224.05000 144.09000 26.69600 103.03600
27 2 21 11 05 38963.00000 9.29600000 1224.76000 144.54000 26.69600 103.03600
27 2 21 11 06 38987.10000 9.29600000 1224.09000 144.47000 26.69600 103.03600
27 2 21 11 06 38937.90000 9.29600000 1224.26000 144.47000 26.69700 103.03600
27 2 21 11 06 38931.00000 9.29600000 1223.50000 144.47000 26.69700 103.03600
27 2 21 11 07 38931.10000 9.29600000 1223.50000 144.20000 26.69700 102.77000
27 2 21 11 07 38931.00000 9.29600000 1222.11000 144.06000 26.69700 102.77000
27 2 21 11 08 38913.50000 9.29600000 1221.71000 144.00000 26.69700 102.77000
27 2 21 11 08 38910.10000 9.29600000 1221.60000 144.02000 26.69700 102.77000
27 2 21 11 09 38918.40000 9.29600000 1222.03000 144.02000 26.69700 102.77000
27 2 21 11 09 38916.50000 9.29600000 1222.33000 144.07000 26.69700 102.77000
27 2 21 11 09 38961.20000 9.29600000 1223.55000 144.35000 26.69700 102.77000
27 2 21 11 10 38929.10000 9.29600000 1222.48000 144.20000 26.69700 102.77000
27 2 21 11 10 38915.10000 9.29600000 1221.68000 144.20000 26.69700 102.77000
27 2 21 11 11 38910.00000 9.29600000 1221.33000 144.20000 26.69700 102.77000
27 2 21 11 11 38868.40000 9.29600000 1220.92000 144.20000 26.69700 102.77000
27 2 21 11 12 38899.90000 9.29600000 1221.57000 143.97000 26.69700 102.77000
27 2 21 11 12 38952.20000 9.29600000 1223.20000 144.45000 26.69700 102.77000
27 2 21 11 12 38987.60000 9.29600000 1224.47000 144.45000 26.69700 102.77000
27 2 21 11 13 38939.60000 9.28800000 1223.20000 144.29000 26.69700 102.77000
27 2 21 11 13 38948.40000 9.28800000 1223.19000 144.29000 26.69700 102.77000
27 2 21 11 14 38933.70000 9.28800000 1220.41000 144.24000 26.69700 102.77000
27 2 21 11 14 38930.70000 9.28800000 1220.70000 144.11000 26.69700 102.77000
27 2 21 11 15 38919.30000 9.28800000 1220.05000 144.11000 26.69700 102.77000
27 2 21 11 15 38916.80000 9.28800000 1220.65000 144.22000 26.69700 102.77000
27 2 21 11 15 38952.00000 9.28800000 1221.24000 144.22000 26.69700 102.77000
27 2 21 11 16 39000.00000 9.28800000 1223.21000 144.39000 26.69700 102.77000
27 2 21 11 16 39045.10000 9.28800000 1224.57000 144.53000 26.69700 102.77000
27 2 21 11 17 39054.50000 9.28800000 1224.66000 144.53000 26.69700 102.77000
27 2 21 11 17 39065.60000 9.28800000 1224.66000 144.53000 26.69700 102.77000
27 2 21 11 18 39078.80000 9.28800000 1224.67000 144.54000 26.69700 102.77000
27 2 21 11 18 39057.50000 9.28800000 1223.34000 144.62000 26.69700 102.77000
27 2 21 11 18 39049.20000 9.28800000 1222.75000 144.62000 26.69700 102.77000
27 2 21 11 19 39029.10000 9.28500000 1222.38000 144.33000 26.69700 102.77000
27 2 21 11 19 39091.40000 9.28500000 1224.94000 144.70000 26.69700 102.77000
27 2 21 11 20 39128.50000 9.28500000 1225.43000 144.89000 26.69700 102.89800
27 2 21 11 20 39185.50000 9.28500000 1225.74000 145.12000 26.69700 102.89800
27 2 21 11 21 39225.90000 9.28500000 1225.71000 145.14000 26.69700 102.89800
27 2 21 11 21 39217.90000 9.28500000 1226.31000 145.16000 26.69700 102.89800
27 2 21 11 21 39273.80000 9.28500000 1228.00000 145.31000 26.69700 102.89800
27 2 21 11 22 39279.70000 9.30000000 1229.58000 145.77000 26.69700 102.89800
27 2 21 11 22 39326.80000 9.31600000 1231.11000 146.04000 26.69700 102.89800
27 2 21 11 23 39326.70000 9.31600000 1229.42000 146.14000 26.69700 102.89800
27 2 21 11 23 39315.10000 9.31600000 1230.44000 146.06000 26.69700 102.89800
27 2 21 11 24 39326.70000 9.31600000 1230.63000 145.96000 26.69700 102.89800
27 2 21 11 24 39296.60000 9.31600000 1229.40000 145.81000 26.69700 102.89800
27 2 21 11 24 39296.60000 9.31600000 1228.69000 145.63000 26.69700 102.89800
27 2 21 11 25 39290.00000 9.31600000 1228.51000 145.63000 26.69700 102.89800
27 2 21 11 25 39286.50000 9.31600000 1228.21000 145.56000 26.69700 102.89800
27 2 21 11 26 39302.80000 9.31600000 1228.39000 145.56000 26.69700 102.65400
27 2 21 11 26 39326.80000 9.31600000 1228.87000 145.73000 26.69700 102.65400
27 2 21 11 27 39318.10000 9.31600000 1228.29000 145.66000 26.69700 102.65400
27 2 21 11 27 39300.10000 9.31600000 1228.61000 145.66000 26.69700 102.93900
27 2 21 11 27 39303.30000 9.31600000 1229.28000 145.61000 26.51000 102.93900
27 2 21 11 28 39303.30000 9.29900000 1228.63000 145.60000 26.51000 103.12000
27 2 21 11 28 39291.90000 9.29900000 1228.62000 145.45000 26.69700 103.12000
27 2 21 11 29 39303.20000 9.29900000 1229.18000 145.46000 26.69700 103.12000
27 2 21 11 29 39303.10000 9.29900000 1228.30000 145.46000 26.51100 103.12000
27 2 21 11 29 39303.10000 9.29900000 1228.30000 145.47000 26.51100 103.12000
27 2 21 11 30 39267.70000 9.28800000 1227.66000 145.34000 26.69700 103.12000
27 2 21 11 30 39283.40000 9.28800000 1228.46000 145.33000 26.69700 103.12000
27 2 21 11 31 39292.80000 9.28800000 1229.06000 145.41000 26.69700 103.12000
27 2 21 11 31 39399.00000 9.28800000 1229.09000 145.51000 26.69700 103.12000
27 2 21 11 32 39465.00000 9.32700000 1229.10000 145.84000 26.79000 103.12000
27 2 21 11 32 39500.00000 9.32700000 1231.00000 146.12000 26.79000 103.12000
27 2 21 11 32 39516.00000 9.32700000 1232.93000 146.12000 26.79000 103.12000
27 2 21 11 33 39554.80000 9.32700000 1233.48000 146.27000 26.79000 103.12000
27 2 21 11 33 39538.10000 9.32700000 1232.63000 146.16000 26.79000 103.12000
27 2 21 11 34 39516.90000 9.32700000 1231.00000 145.84000 26.79000 103.12000
27 2 21 11 34 39514.70000 9.32700000 1231.34000 146.00000 26.79000 103.12000
27 2 21 11 35 39514.80000 9.32700000 1231.88000 145.88000 26.79000 103.07300
27 2 21 11 35 39470.80000 9.32700000 1231.01000 145.88000 26.79000 103.07300
27 2 21 11 35 39503.10000 9.32700000 1231.69000 145.82000 26.79000 103.07300
27 2 21 11 36 39478.70000 9.32700000 1231.68000 145.79000 26.79000 103.07300
27 2 21 11 36 39497.80000 9.34600000 1230.94000 145.54000 26.79000 103.07300
27 2 21 11 37 39500.10000 9.34600000 1231.10000 145.63000 26.79000 103.07300
27 2 21 11 37 39512.70000 9.34600000 1230.07000 145.38000 26.79000 103.07300
27 2 21 11 38 39495.40000 9.34600000 1229.72000 145.35000 26.79000 103.07300
27 2 21 11 38 39499.90000 9.34600000 1229.99000 145.50000 26.79000 103.07300
27 2 21 11 38 39499.90000 9.34600000 1230.00000 145.60000 26.79000 103.07300
27 2 21 11 39 39515.00000 9.34600000 1230.58000 145.43000 26.79000 103.07300
27 2 21 11 39 39538.10000 9.32600000 1230.80000 145.48000 26.79000 103.07300
27 2 21 11 40 39581.00000 9.32600000 1230.91000 145.76000 26.79000 103.12900
27 2 21 11 40 39584.60000 9.32600000 1230.63000 145.54000 26.79000 102.89800
27 2 21 11 41 39558.40000 9.32600000 1230.02000 145.37000 26.79000 102.89800
27 2 21 11 41 39537.40000 9.32600000 1230.02000 145.43000 26.79000 102.89800
27 2 21 11 41 39528.70000 9.32600000 1229.71000 145.43000 26.79000 102.89800
27 2 21 11 42 39483.50000 9.32600000 1229.78000 145.43000 26.79000 102.89800
27 2 21 11 42 39474.40000 9.32600000 1228.71000 145.31000 26.79000 102.89800
27 2 21 11 43 39499.70000 9.32600000 1228.70000 145.44000 27.00200 102.89800
27 2 21 11 43 39467.70000 9.32600000 1228.10000 145.44000 27.00200 102.89800
27 2 21 11 44 39467.70000 9.32600000 1228.10000 145.44000 27.00200 102.93600
27 2 21 11 44 39484.90000 9.32600000 1228.56000 145.44000 27.00200 102.93600
27 2 21 11 44 39467.70000 9.32600000 1228.28000 145.46000 27.00200 102.93600
27 2 21 11 45 39467.60000 9.32600000 1227.85000 145.46000 27.00200 102.93600
27 2 21 11 45 39465.00000 9.32600000 1228.28000 145.46000 27.00200 102.93600
