M=[
23 3 21 14 08 46581.70000 10.36500000 1443.71000 157.57000 34.44500 119.31900
23 3 21 14 09 46611.70000 10.36500000 1444.96000 157.57000 34.44500 119.31900
23 3 21 14 09 46622.80000 10.36500000 1444.31000 157.57000 34.44500 119.31900
23 3 21 14 09 46637.20000 10.36500000 1444.50000 157.57000 34.44500 119.31900
23 3 21 14 10 46650.00000 10.36500000 1444.76000 157.81000 34.44500 119.31900
23 3 21 14 10 46649.70000 10.36500000 1444.35000 157.68000 34.44500 119.31900
23 3 21 14 11 46648.90000 10.36500000 1444.43000 157.68000 34.44500 119.35300
23 3 21 14 11 46650.00000 10.36500000 1444.60000 157.79000 34.44500 119.35300
23 3 21 14 12 46648.90000 10.36500000 1444.34000 157.79000 34.44600 119.35300
23 3 21 14 12 46630.20000 10.36500000 1444.04000 157.59000 34.44600 119.35300
23 3 21 14 12 46625.20000 10.36500000 1442.70000 157.59000 34.44600 119.35300
23 3 21 14 13 46631.20000 10.36500000 1443.14000 157.65000 34.44600 119.35300
23 3 21 14 13 46631.20000 10.36500000 1443.61000 157.75000 34.44600 119.33700
23 3 21 14 14 46631.20000 10.36500000 1443.61000 157.76000 34.44600 119.33700
23 3 21 14 14 46615.00000 10.36500000 1442.39000 157.76000 34.44600 119.35000
23 3 21 14 15 46625.20000 10.36500000 1442.73000 157.76000 34.44600 119.35000
23 3 21 14 15 46630.10000 10.36500000 1443.31000 157.76000 34.44600 119.35000
23 3 21 14 15 46648.70000 10.36500000 1443.98000 157.85000 34.44600 119.35000
23 3 21 14 16 46648.00000 10.36500000 1443.58000 157.85000 34.44600 119.35000
23 3 21 14 16 46600.10000 10.36500000 1443.07000 157.85000 34.44600 119.35000
23 3 21 14 17 46600.00000 10.36500000 1442.25000 157.61000 35.03300 119.35000
23 3 21 14 17 46581.50000 10.36500000 1442.56000 157.61000 35.03300 119.35000
23 3 21 14 18 46572.40000 10.36500000 1443.21000 157.61000 34.49400 119.35000
23 3 21 14 18 46620.70000 10.36500000 1443.97000 157.61000 34.49400 119.35000
23 3 21 14 18 46625.20000 10.36500000 1443.86000 157.91000 34.49400 119.35000
23 3 21 14 19 46629.00000 10.36500000 1443.58000 157.87000 34.49400 119.03800
23 3 21 14 19 46612.20000 10.36500000 1443.94000 157.72000 34.49400 119.19700
23 3 21 14 20 46589.40000 10.36500000 1443.27000 157.72000 35.22700 119.19700
23 3 21 14 20 46590.80000 10.36500000 1443.01000 157.71000 35.16100 119.19700
23 3 21 14 21 46578.40000 10.36500000 1443.01000 157.71000 35.16100 119.19700
23 3 21 14 21 46567.40000 10.36500000 1443.01000 157.66000 35.16100 119.19700
23 3 21 14 22 46553.80000 10.36500000 1443.01000 157.66000 34.62600 119.10000
23 3 21 14 22 46567.90000 10.36500000 1443.01000 157.66000 34.50000 119.27500
23 3 21 14 22 46520.60000 10.36500000 1443.01000 157.66000 34.92500 119.27500
23 3 21 14 23 46520.50000 10.36500000 1441.13000 157.56000 34.44600 119.27500
23 3 21 14 23 46540.00000 10.36500000 1441.65000 157.56000 34.44600 119.27500
23 3 21 14 24 46527.10000 10.36500000 1441.00000 157.56000 34.44600 119.27500
23 3 21 14 24 46509.20000 10.36500000 1441.01000 157.51000 34.44600 119.27500
23 3 21 14 25 46508.80000 10.36500000 1439.90000 157.51000 34.44600 119.27500
23 3 21 14 25 46509.90000 10.36500000 1440.45000 157.32000 34.44600 119.27500
23 3 21 14 25 46510.00000 10.44000000 1439.84000 157.32000 34.44600 119.27500
23 3 21 14 26 46510.00000 10.45000000 1439.87000 157.33000 34.44600 119.27500
23 3 21 14 26 46456.90000 10.45000000 1439.88000 157.33000 34.44600 119.27500
23 3 21 14 27 46449.00000 10.45000000 1439.84000 157.28000 34.44600 119.27500
23 3 21 14 27 46428.40000 10.45000000 1438.15000 157.28000 34.44600 119.27500
23 3 21 14 28 46400.00000 10.45000000 1436.60000 157.09000 34.44600 119.27500
23 3 21 14 28 46400.00000 10.45000000 1437.00000 157.09000 34.44600 119.27500
23 3 21 14 28 46375.40000 10.45000000 1437.22000 157.09000 34.44600 119.27500
23 3 21 14 29 46367.40000 10.45000000 1437.36000 157.09000 34.44600 119.27500
23 3 21 14 29 46366.40000 10.45000000 1436.52000 157.00000 34.44600 119.27500
23 3 21 14 30 46366.30000 10.45000000 1437.00000 157.00000 34.44600 119.27500
23 3 21 14 30 46374.90000 10.45000000 1437.00000 157.32000 34.44600 119.27500
23 3 21 14 31 46411.20000 10.45000000 1438.82000 157.32000 34.44600 119.27500
23 3 21 14 31 46427.30000 10.45000000 1439.88000 157.36000 34.44600 119.27500
23 3 21 14 31 46412.90000 10.43600000 1439.40000 157.36000 34.44600 119.27500
23 3 21 14 32 46413.00000 10.46300000 1439.94000 157.34000 34.44600 119.27500
23 3 21 14 32 46433.30000 10.46300000 1439.96000 157.34000 34.44600 119.27500
23 3 21 14 33 46437.40000 10.46300000 1439.97000 157.34000 34.44600 119.27500
23 3 21 14 33 46434.80000 10.48700000 1439.99000 157.34000 34.44600 119.27500
23 3 21 14 34 46428.10000 10.48700000 1440.18000 157.37000 34.44600 119.27500
23 3 21 14 34 46447.10000 10.49200000 1440.21000 157.36000 34.44600 119.27500
23 3 21 14 34 46445.50000 10.53000000 1441.92000 157.37000 34.64200 119.15800
23 3 21 14 35 46400.00000 10.52400000 1439.73000 157.36000 34.64200 119.15800
23 3 21 14 35 46298.60000 10.52400000 1437.65000 157.36000 34.64200 119.15800
23 3 21 14 36 46339.30000 10.45500000 1437.00000 157.10000 34.64200 119.15800
23 3 21 14 36 46341.60000 10.46100000 1437.35000 157.10000 34.64200 119.15800
23 3 21 14 37 46280.90000 10.46100000 1433.81000 157.07000 34.64200 119.15800
23 3 21 14 37 46280.80000 10.41900000 1432.95000 157.00000 34.64200 119.15800
23 3 21 14 37 46272.10000 10.41900000 1430.88000 157.00000 34.44500 119.15800
23 3 21 14 38 46224.50000 10.45300000 1431.03000 156.93000 34.44500 119.15800
23 3 21 14 38 46203.10000 10.47800000 1429.99000 156.97000 34.44500 119.15800
23 3 21 14 39 46198.10000 10.47800000 1425.96000 156.67000 34.44500 119.15800
23 3 21 14 39 46198.00000 10.47800000 1426.93000 156.67000 34.35000 119.15800
23 3 21 14 40 46199.00000 10.47800000 1427.51000 156.86000 34.35000 119.15800
23 3 21 14 40 46218.80000 10.47800000 1427.50000 156.86000 34.35000 119.15800
23 3 21 14 40 46214.50000 10.47800000 1426.76000 156.86000 34.35000 119.15800
23 3 21 14 41 46218.00000 10.47800000 1428.01000 156.86000 34.35000 119.15800
23 3 21 14 41 46218.00000 10.47800000 1429.36000 156.99000 34.35000 119.15800
23 3 21 14 42 46248.80000 10.47800000 1428.96000 156.99000 34.35000 119.15800
23 3 21 14 42 46264.20000 10.47800000 1430.69000 156.99000 34.35000 119.15800
23 3 21 14 43 46274.40000 10.47800000 1431.01000 157.03000 34.35000 119.15800
23 3 21 14 43 46289.30000 10.47800000 1431.01000 157.03000 34.30000 119.15800
23 3 21 14 43 46268.40000 10.47800000 1429.45000 157.03000 34.29200 119.15800
23 3 21 14 44 46236.80000 10.47800000 1429.65000 157.00000 34.29200 119.15800
23 3 21 14 44 46280.60000 10.47800000 1430.42000 157.00000 34.29200 119.15800
23 3 21 14 45 46300.80000 10.47800000 1431.00000 157.17000 34.29200 119.15800
23 3 21 14 45 46298.30000 10.47800000 1431.00000 157.17000 34.29200 119.15800
23 3 21 14 46 46331.10000 10.47800000 1432.81000 157.17000 34.28300 119.15800
23 3 21 14 46 46353.00000 10.47800000 1434.05000 157.37000 34.28300 119.15800
23 3 21 14 46 46415.10000 10.47800000 1436.30000 157.59000 34.28300 118.79800
23 3 21 14 47 46378.50000 10.47800000 1434.69000 157.49000 34.28300 118.79800
23 3 21 14 47 46347.50000 10.47800000 1434.68000 157.27000 34.20000 118.79800
23 3 21 14 48 46340.10000 10.47800000 1433.35000 157.29000 34.20000 118.79800
23 3 21 14 48 46331.30000 10.47800000 1432.14000 157.29000 34.00100 118.79800
23 3 21 14 49 46358.60000 10.45300000 1433.68000 157.21000 34.55400 118.79800
23 3 21 14 49 46366.10000 10.45300000 1434.98000 157.41000 34.55400 118.79800
23 3 21 14 49 46427.50000 10.45300000 1436.07000 157.41000 34.55400 118.79800
23 3 21 14 50 46509.70000 10.45300000 1439.54000 157.85000 34.55400 118.79800
23 3 21 14 50 46525.40000 10.45300000 1437.19000 157.88000 33.72100 118.79800
23 3 21 14 51 46526.60000 10.45300000 1437.67000 157.88000 33.50100 118.79800
23 3 21 14 51 46527.60000 10.45300000 1437.35000 157.88000 33.50000 118.79800
23 3 21 14 52 46485.20000 10.45300000 1437.35000 157.62000 33.50000 118.79800
