M=[
22 9 20 04 16 8911.30000 4.99300000 293.21000 37.13000 11.88200 45.13100
22 9 20 04 17 8911.30000 4.99300000 293.21000 37.13000 11.88200 45.28500
22 9 20 04 17 8911.30000 4.92900000 293.21000 37.13000 11.88200 45.28500
22 9 20 04 18 8912.50000 4.92900000 293.21000 37.13000 11.88200 45.28500
22 9 20 04 18 8912.50000 4.94900000 293.21000 37.13000 11.88200 45.28500
22 9 20 04 18 8912.40000 4.94900000 293.21000 37.13000 11.88200 45.28500
22 9 20 04 19 8912.30000 4.94900000 293.21000 37.13000 11.88200 45.28500
22 9 20 04 19 8912.30000 4.94900000 293.00000 37.13000 11.88200 45.28500
22 9 20 04 20 8913.70000 4.94900000 293.22000 37.13000 11.88200 45.28500
22 9 20 04 20 8913.70000 4.94900000 293.22000 37.13000 11.88200 45.28500
22 9 20 04 21 8915.40000 4.94900000 293.68000 37.13000 11.88200 45.28500
22 9 20 04 21 8915.40000 4.94900000 293.70000 37.13000 11.88200 45.28500
22 9 20 04 21 8915.40000 4.94900000 293.69000 37.13000 11.88200 45.28500
22 9 20 04 22 8915.40000 4.92800000 293.69000 37.13000 11.88200 45.28500
22 9 20 04 22 8915.70000 4.92800000 293.69000 37.13000 11.88200 45.28500
22 9 20 04 23 8915.70000 4.92800000 293.75000 37.19000 11.88200 45.28500
22 9 20 04 23 8914.50000 4.92800000 293.75000 37.19000 11.88200 45.28500
22 9 20 04 24 8914.50000 4.92800000 293.75000 37.22000 11.88200 45.28500
22 9 20 04 24 8914.50000 4.92800000 293.75000 37.22000 11.88200 45.28500
22 9 20 04 24 8914.50000 4.92800000 293.75000 37.22000 11.88200 45.28500
22 9 20 04 25 8914.50000 4.92800000 293.75000 37.22000 11.88200 45.28500
22 9 20 04 25 8914.50000 4.92800000 293.75000 37.22000 11.88200 45.28500
22 9 20 04 26 8914.40000 4.92800000 293.75000 37.22000 11.88200 45.28500
22 9 20 04 26 8914.40000 4.92800000 293.75000 37.22000 11.88200 45.28500
22 9 20 04 27 8914.50000 4.92800000 293.75000 37.22000 11.88200 45.28500
22 9 20 04 27 8914.50000 4.92800000 293.75000 37.22000 11.88200 45.28500
22 9 20 04 27 8914.50000 4.92800000 293.75000 37.22000 11.88200 45.28500
22 9 20 04 28 8914.40000 4.92800000 293.75000 37.22000 11.88200 45.28500
22 9 20 04 28 8914.50000 4.92800000 293.78000 37.22000 11.88200 45.28500
22 9 20 04 29 8914.50000 4.92800000 293.71000 37.22000 11.88200 45.28500
22 9 20 04 29 8914.50000 4.92800000 293.89000 37.22000 11.88200 45.28500
22 9 20 04 30 8914.40000 4.92800000 293.89000 37.22000 11.88200 45.28500
22 9 20 04 30 8914.50000 4.92800000 294.88000 37.22000 11.88200 45.45000
22 9 20 04 30 8924.60000 4.92800000 294.88000 37.22000 11.82000 45.45000
22 9 20 04 31 8923.10000 4.92800000 294.83000 37.22000 11.82000 45.45000
22 9 20 04 31 8921.80000 4.92800000 294.83000 37.22000 11.82000 45.45000
22 9 20 04 32 8921.10000 4.92800000 294.44000 37.22000 11.82000 45.45000
22 9 20 04 32 8921.10000 4.92800000 294.44000 37.22000 11.82000 45.45000
22 9 20 04 33 8922.30000 4.92800000 294.44000 37.22000 11.82000 45.33200
22 9 20 04 33 8922.30000 4.92800000 294.44000 37.22000 11.82000 45.33200
22 9 20 04 33 8922.30000 4.92800000 294.46000 37.22000 11.82000 45.33200
22 9 20 04 34 8922.30000 4.92800000 294.27000 37.22000 11.82000 45.33200
22 9 20 04 34 8920.60000 4.92800000 294.27000 37.22000 11.82000 45.33200
22 9 20 04 35 8920.60000 4.92800000 293.99000 37.22000 11.82000 45.33200
22 9 20 04 35 8911.00000 4.92800000 293.71000 37.22000 11.82200 45.33200
22 9 20 04 36 8911.00000 4.92800000 293.70000 37.22000 11.82200 45.33200
22 9 20 04 36 8911.00000 4.92800000 293.70000 37.22000 11.82200 45.33200
22 9 20 04 36 8911.00000 4.92800000 293.70000 37.22000 11.82200 45.33200
22 9 20 04 37 8911.00000 4.92800000 293.70000 37.22000 11.82200 45.33200
22 9 20 04 37 8907.30000 4.92800000 293.70000 37.22000 11.73200 45.33200
22 9 20 04 38 8907.30000 4.92800000 293.69000 37.22000 11.65400 45.33200
22 9 20 04 38 8906.30000 4.92800000 293.69000 37.17000 11.65400 45.33200
22 9 20 04 39 8906.30000 4.92800000 293.69000 37.16000 11.67300 45.33200
22 9 20 04 39 8906.20000 4.92800000 293.69000 37.16000 11.67300 45.33200
22 9 20 04 40 8906.20000 4.92800000 293.69000 37.16000 11.78300 45.33200
22 9 20 04 40 8904.60000 4.92800000 293.34000 37.14000 11.63600 45.33200
22 9 20 04 40 8902.50000 4.92800000 293.33000 37.14000 11.63600 45.33200
22 9 20 04 41 8902.40000 4.92800000 293.07000 37.14000 11.63600 45.33200
22 9 20 04 41 8902.40000 4.92800000 293.07000 37.14000 11.63600 45.33200
22 9 20 04 42 8902.40000 4.92800000 293.01000 37.14000 11.63600 45.33200
22 9 20 04 42 8902.50000 4.92800000 293.01000 37.14000 11.63600 45.33200
22 9 20 04 43 8905.50000 4.92800000 293.09000 37.14000 11.63600 45.33200
22 9 20 04 43 8905.50000 4.92800000 293.09000 37.14000 11.67000 45.33200
22 9 20 04 43 8905.40000 4.92800000 293.09000 37.14000 11.67000 45.33200
22 9 20 04 44 8909.80000 4.92800000 293.21000 37.14000 11.64900 45.33200
22 9 20 04 44 8909.00000 4.92800000 293.21000 37.14000 11.64900 45.33200
22 9 20 04 45 8909.10000 4.91100000 293.21000 37.14000 11.64900 45.33200
22 9 20 04 45 8909.10000 4.91100000 293.32000 37.14000 11.64900 45.33200
22 9 20 04 46 8909.10000 4.91100000 293.21000 37.14000 11.64900 45.33200
22 9 20 04 46 8909.00000 4.91100000 293.31000 37.14000 11.65300 45.33200
22 9 20 04 46 8909.00000 4.91100000 293.31000 37.14000 11.65300 45.33200
22 9 20 04 47 8907.50000 4.91100000 293.19000 37.14000 11.65300 45.33200
22 9 20 04 47 8907.50000 4.95300000 293.19000 37.15000 11.65300 45.33200
22 9 20 04 48 8907.50000 4.95300000 293.24000 37.15000 11.79100 45.33200
22 9 20 04 48 8900.50000 4.95300000 293.24000 37.15000 11.79100 45.33200
22 9 20 04 49 8900.00000 4.95900000 293.18000 37.15000 11.79100 45.15500
22 9 20 04 49 8899.70000 4.95900000 293.18000 37.10000 11.79100 45.15500
22 9 20 04 49 8899.80000 4.95900000 292.87000 37.10000 11.79100 45.15500
22 9 20 04 50 8899.80000 4.95900000 292.86000 37.10000 11.79100 45.15500
22 9 20 04 50 8899.80000 4.95900000 293.02000 37.10000 11.79100 45.15500
22 9 20 04 51 8899.10000 4.95900000 293.02000 37.10000 11.79100 45.15500
22 9 20 04 51 8899.00000 4.95900000 292.81000 37.10000 11.79100 45.15500
22 9 20 04 52 8895.40000 4.95900000 292.81000 37.10000 11.79100 45.15500
22 9 20 04 52 8897.30000 4.95900000 292.57000 37.10000 11.79100 45.07000
22 9 20 04 52 8897.30000 4.95900000 292.68000 37.10000 11.79100 45.03700
22 9 20 04 53 8896.30000 4.95900000 292.68000 37.10000 11.79100 45.03700
22 9 20 04 53 8895.80000 4.95900000 292.57000 37.10000 11.79100 45.03700
22 9 20 04 54 8898.60000 4.95900000 292.57000 37.10000 11.79100 45.03700
22 9 20 04 54 8898.60000 4.95900000 292.57000 37.10000 11.79100 45.03700
22 9 20 04 55 8903.80000 4.95900000 292.97000 37.10000 11.79100 45.03700
22 9 20 04 55 8903.80000 4.95900000 292.84000 37.10000 11.79100 45.03700
22 9 20 04 56 8903.80000 4.95900000 292.84000 37.10000 11.79100 45.03700
22 9 20 04 56 8903.80000 4.95900000 292.84000 37.10000 11.80400 45.03700
22 9 20 04 56 8903.90000 4.95900000 292.84000 37.10000 11.80400 45.03700
22 9 20 04 57 8903.90000 4.95900000 292.87000 37.10000 11.80400 45.03700
22 9 20 04 57 8903.80000 4.95900000 292.87000 37.10000 11.80400 45.03700
22 9 20 04 58 8903.80000 4.95900000 292.87000 37.10000 11.80400 45.03700
22 9 20 04 58 8903.80000 4.95900000 292.76000 37.10000 11.80400 45.03700
22 9 20 04 59 8903.80000 4.95900000 292.76000 37.10000 11.80400 45.03700
22 9 20 04 59 8903.80000 4.95900000 292.82000 37.10000 11.80400 45.03700
22 9 20 04 59 8903.80000 4.95900000 292.82000 37.10000 11.80400 45.03700
22 9 20 05 00 8911.30000 4.95900000 292.82000 37.10000 11.80400 45.03700
22 9 20 05 00 8910.20000 4.95900000 292.82000 37.12000 11.80400 45.03700
22 9 20 05 01 8910.10000 4.90100000 292.82000 37.12000 11.80400 45.08900
22 9 20 05 01 8910.10000 4.90100000 292.82000 37.12000 11.80400 45.08900
22 9 20 05 02 8910.10000 4.95100000 293.54000 37.12000 11.80400 45.08900
22 9 20 05 02 8910.20000 4.95200000 293.54000 37.18000 11.80400 45.08900
22 9 20 05 02 8910.10000 4.95200000 293.54000 37.18000 11.80400 45.08900
22 9 20 05 03 8910.20000 4.95200000 293.54000 37.18000 11.80400 45.08900
