M=[
11 5 21 09 59 46060.10000 89.11000000 3301.03000 298.53000 34.63400 235.52500
11 5 21 09 59 46086.80000 89.08700000 3303.70000 298.87000 34.63400 235.52500
11 5 21 10 00 46066.70000 89.11000000 3307.60000 298.83000 34.63400 235.52500
11 5 21 10 00 46067.80000 89.10900000 3308.48000 298.66000 34.63400 235.52500
11 5 21 10 01 46067.00000 89.13500000 3305.77000 298.83000 34.63400 235.52500
11 5 21 10 01 46028.90000 88.71300000 3298.97000 298.07000 34.63400 235.52500
11 5 21 10 01 46065.90000 88.71300000 3305.00000 298.34000 34.63400 235.09100
11 5 21 10 02 46092.30000 88.92100000 3308.97000 298.79000 34.63400 235.09100
11 5 21 10 02 46086.40000 88.92100000 3307.69000 298.75000 34.63400 235.09100
11 5 21 10 03 46086.30000 89.04300000 3309.36000 298.65000 34.63300 235.09100
11 5 21 10 03 46061.50000 88.86000000 3310.00000 298.51000 34.63300 235.09100
11 5 21 10 04 46086.40000 89.08800000 3320.00000 298.52000 34.63300 235.09100
11 5 21 10 04 46086.40000 89.10200000 3320.60000 298.91000 34.63300 235.54900
11 5 21 10 04 46086.40000 89.02000000 3323.99000 299.17000 34.63300 235.54900
11 5 21 10 05 46087.00000 88.97500000 3322.63000 299.14000 34.63300 235.54900
11 5 21 10 05 46087.00000 89.01200000 3327.41000 299.10000 34.63300 235.54900
11 5 21 10 06 46070.30000 88.83100000 3320.72000 298.29000 34.63300 235.12400
11 5 21 10 06 46087.00000 88.83100000 3326.35000 298.42000 34.63300 235.15400
11 5 21 10 07 46092.30000 88.83100000 3327.96000 298.98000 34.63300 235.15400
11 5 21 10 07 46107.40000 88.86900000 3329.02000 298.90000 34.63300 235.15400
11 5 21 10 07 46127.60000 89.04800000 3333.46000 299.04000 34.63300 235.85100
11 5 21 10 08 46127.60000 89.00600000 3329.99000 298.77000 34.63300 235.85100
11 5 21 10 08 46127.60000 89.00600000 3330.00000 298.80000 34.63300 235.85100
11 5 21 10 09 46177.30000 89.00000000 3328.58000 299.02000 34.63300 235.85100
11 5 21 10 09 46171.80000 89.00000000 3327.65000 298.83000 34.63300 235.09100
11 5 21 10 10 46174.60000 89.00000000 3327.14000 298.83000 34.63300 235.09100
11 5 21 10 10 46182.70000 88.95000000 3327.68000 298.91000 34.63300 234.87500
11 5 21 10 10 46182.90000 88.84500000 3330.00000 298.62000 34.63300 234.87500
11 5 21 10 11 46182.90000 88.73300000 3334.80000 298.76000 34.63300 234.87500
11 5 21 10 11 46175.50000 88.82600000 3333.93000 299.07000 34.63300 234.86300
11 5 21 10 12 46182.90000 88.84900000 3332.45000 299.14000 34.63300 234.86300
11 5 21 10 12 46182.90000 88.84900000 3331.51000 298.96000 34.63300 234.86300
11 5 21 10 13 46168.80000 88.69100000 3327.14000 298.83000 34.63300 234.86300
11 5 21 10 13 46181.50000 89.00000000 3330.35000 298.82000 34.63300 235.00000
11 5 21 10 13 46182.70000 89.00000000 3328.85000 298.82000 34.63300 235.00000
11 5 21 10 14 46182.70000 88.94000000 3328.56000 298.85000 34.63300 235.34000
11 5 21 10 14 46139.30000 88.90600000 3323.11000 298.83000 34.63300 235.34000
11 5 21 10 15 46166.60000 88.68100000 3326.73000 298.47000 34.63300 235.34000
11 5 21 10 15 46160.10000 88.83300000 3326.39000 298.47000 34.63300 235.34000
11 5 21 10 16 46152.20000 89.15300000 3326.54000 298.90000 34.63300 235.34000
11 5 21 10 16 46152.50000 89.17100000 3325.34000 299.14000 34.63300 235.34000
11 5 21 10 16 46157.50000 89.17100000 3325.74000 299.19000 34.63300 236.05800
11 5 21 10 17 46144.70000 89.17100000 3324.78000 299.67000 34.63300 235.52800
11 5 21 10 17 46128.10000 89.00000000 3323.99000 299.71000 34.63300 235.52800
11 5 21 10 18 46120.90000 89.00000000 3323.67000 299.65000 34.63300 235.52800
11 5 21 10 18 46112.60000 89.18900000 3322.42000 299.87000 34.63300 235.52800
11 5 21 10 19 46106.90000 89.20400000 3328.36000 300.06000 34.63300 236.26800
11 5 21 10 19 46139.50000 89.34900000 3324.50000 300.05000 34.63300 236.23100
11 5 21 10 19 46171.80000 89.42000000 3327.78000 300.21000 34.63300 236.23100
11 5 21 10 20 46126.70000 89.40200000 3325.52000 299.87000 34.77600 235.94300
11 5 21 10 20 46135.60000 89.41000000 3325.02000 299.85000 34.77600 235.94300
11 5 21 10 21 46106.90000 89.53600000 3323.02000 300.11000 34.77600 235.94300
11 5 21 10 21 46084.40000 89.21100000 3323.30000 300.13000 34.77600 235.94300
11 5 21 10 22 46102.40000 89.48700000 3324.28000 300.35000 34.77600 235.94300
11 5 21 10 22 46105.10000 89.31600000 3324.62000 300.35000 34.77600 235.94300
11 5 21 10 22 46110.40000 89.40200000 3325.46000 299.93000 34.77600 235.94300
11 5 21 10 23 46110.50000 89.59700000 3329.00000 299.84000 34.77600 235.94300
11 5 21 10 23 46086.90000 89.61100000 3330.76000 299.63000 34.77600 235.94300
11 5 21 10 24 46092.30000 89.61200000 3332.00000 299.50000 34.77600 235.54500
11 5 21 10 24 46087.30000 89.61400000 3330.94000 299.31000 34.77600 235.54500
11 5 21 10 25 46082.70000 89.60000000 3332.59000 299.34000 34.77600 235.54500
11 5 21 10 25 46083.10000 89.50000000 3333.00000 299.46000 34.77600 235.54500
11 5 21 10 25 46148.20000 89.50000000 3339.99000 299.68000 34.77600 235.54500
11 5 21 10 26 46160.90000 89.60000000 3345.41000 299.71000 34.77600 235.99400
11 5 21 10 26 46182.90000 89.60000000 3348.55000 300.02000 34.77600 235.99400
11 5 21 10 27 46238.40000 89.71800000 3345.01000 300.41000 34.77600 235.99400
11 5 21 10 27 46238.40000 89.99000000 3347.30000 300.04000 34.77600 235.52200
11 5 21 10 28 46238.50000 89.99900000 3347.30000 299.56000 34.77600 235.25800
11 5 21 10 28 46221.50000 89.99900000 3348.64000 299.31000 34.77600 235.25800
11 5 21 10 28 46205.50000 89.66800000 3349.86000 298.88000 34.77600 235.25800
11 5 21 10 29 46200.10000 89.66800000 3350.00000 298.86000 34.80500 235.25800
11 5 21 10 29 46181.20000 90.00000000 3350.00000 298.77000 34.80500 235.25800
11 5 21 10 30 46181.30000 90.13400000 3359.51000 298.80000 34.80500 235.25800
11 5 21 10 30 46165.20000 90.19900000 3355.84000 299.03000 34.80500 235.25800
11 5 21 10 31 46126.80000 89.82800000 3351.42000 298.80000 34.80500 235.25800
11 5 21 10 31 46117.10000 89.77000000 3350.46000 298.51000 34.80500 235.25800
11 5 21 10 31 46103.60000 89.77000000 3343.81000 298.12000 34.80500 235.25800
11 5 21 10 32 46107.20000 89.84700000 3344.30000 298.49000 34.80500 235.25800
11 5 21 10 32 46128.40000 89.87100000 3345.52000 298.96000 34.80500 235.25800
11 5 21 10 33 46104.50000 89.82300000 3341.72000 298.74000 34.80500 235.25800
11 5 21 10 33 46103.80000 89.61700000 3338.93000 298.74000 34.80500 235.25800
11 5 21 10 34 46098.60000 89.61700000 3338.41000 298.43000 34.80500 235.25800
11 5 21 10 34 46091.10000 89.73000000 3338.77000 297.85000 34.81000 235.25800
11 5 21 10 34 46090.10000 89.73000000 3335.04000 297.44000 34.81000 235.00000
11 5 21 10 35 46082.20000 89.51700000 3334.24000 297.38000 34.81000 235.00000
11 5 21 10 35 46082.10000 89.72100000 3335.91000 297.69000 34.81000 235.00000
11 5 21 10 36 46083.00000 89.73000000 3340.00000 297.72000 34.81000 235.00000
11 5 21 10 36 46065.60000 89.24900000 3339.54000 297.35000 34.81000 235.00000
11 5 21 10 37 46065.60000 89.54500000 3340.00000 297.42000 34.81000 235.00000
11 5 21 10 37 46044.60000 89.54500000 3337.43000 297.41000 34.81000 234.63900
11 5 21 10 37 46019.70000 89.54500000 3334.38000 297.33000 34.81000 234.63900
11 5 21 10 38 46053.70000 89.20000000 3333.99000 297.69000 34.81000 234.63900
11 5 21 10 38 46046.80000 89.20000000 3334.00000 297.49000 34.81000 234.56700
11 5 21 10 39 46046.80000 89.20000000 3333.98000 297.49000 34.81000 234.56700
11 5 21 10 39 46034.00000 89.20000000 3333.01000 297.47000 34.81000 234.56700
11 5 21 10 40 46047.10000 89.10000000 3333.01000 297.34000 34.81000 233.69300
11 5 21 10 40 46024.90000 89.10000000 3331.08000 296.90000 34.81000 233.42600
11 5 21 10 40 46005.80000 89.06500000 3329.49000 296.72000 34.81000 233.42600
11 5 21 10 41 46019.00000 89.18400000 3331.37000 296.58000 34.81000 233.42600
11 5 21 10 41 46025.70000 89.18400000 3335.09000 297.06000 34.81000 233.42600
11 5 21 10 42 46095.30000 89.50100000 3340.00000 297.77000 34.81000 234.42300
11 5 21 10 42 46050.10000 89.13400000 3335.24000 297.16000 34.81000 234.42300
