M=[
17 11 20 16 58 14900.00000 4.84500000 406.47000 62.94000 13.81300 55.60800
17 11 20 16 58 14924.40000 4.84500000 406.91000 63.12000 13.81300 55.73200
17 11 20 16 59 14901.90000 4.84500000 406.63000 62.93000 13.81300 55.73200
17 11 20 16 59 14888.50000 4.84100000 406.25000 62.63000 13.81300 55.68300
17 11 20 17 00 14886.10000 4.84000000 406.86000 62.63000 13.81300 55.68300
17 11 20 17 00 14931.90000 4.84000000 407.31000 62.88000 13.81300 55.68300
17 11 20 17 01 14935.10000 4.84000000 406.65000 62.99000 13.81300 55.68300
17 11 20 17 01 14904.90000 4.84000000 406.90000 62.68000 13.81300 55.68300
17 11 20 17 01 14890.20000 4.83500000 406.15000 62.46000 13.81300 55.79200
17 11 20 17 02 14879.90000 4.83500000 405.56000 62.10000 13.85200 55.79200
17 11 20 17 03 14708.00000 4.82900000 402.76000 61.40000 13.85200 55.36200
17 11 20 17 04 14665.00000 4.82900000 402.49000 61.83000 13.85200 55.18900
17 11 20 17 05 14750.10000 4.82900000 402.83000 61.94000 13.85200 55.30000
17 11 20 17 05 14727.80000 4.82400000 402.71000 61.85000 13.85200 55.29900
17 11 20 17 05 14694.50000 4.81900000 401.54000 61.61000 13.87000 55.29900
17 11 20 17 06 14710.40000 4.80400000 401.44000 61.73000 13.87000 55.29900
17 11 20 17 06 14722.50000 4.81400000 401.37000 61.79000 13.87000 55.14000
17 11 20 17 07 14739.30000 4.81400000 401.68000 61.77000 13.87000 55.14000
17 11 20 17 07 14738.00000 4.81400000 402.14000 61.77000 13.87000 55.14000
17 11 20 17 08 14749.90000 4.81000000 402.38000 61.98000 13.87000 55.14000
17 11 20 17 08 14772.50000 4.81000000 403.09000 62.10000 13.87000 55.14000
17 11 20 17 08 14775.00000 4.81300000 403.39000 62.03000 13.87000 55.14000
17 11 20 17 09 14740.80000 4.80900000 402.26000 61.84000 13.87000 55.14000
17 11 20 17 10 14773.10000 4.81400000 402.59000 61.90000 13.87000 55.14000
17 11 20 17 11 14762.60000 4.81900000 402.76000 61.88000 13.87000 55.14000
17 11 20 17 11 14755.10000 4.81900000 402.34000 61.86000 13.87000 55.14000
17 11 20 17 12 14750.00000 4.81900000 402.60000 61.90000 13.87000 55.14000
17 11 20 17 12 14750.00000 4.81900000 402.50000 61.90000 13.87000 55.14000
17 11 20 17 12 14740.10000 4.82300000 402.66000 61.95000 13.87000 55.14000
17 11 20 17 13 14741.40000 4.82300000 402.53000 61.92000 13.87000 55.14000
17 11 20 17 13 14740.80000 4.82400000 402.62000 61.88000 13.87000 55.14000
17 11 20 17 14 14730.00000 4.82400000 402.23000 61.74000 13.87000 55.14000
17 11 20 17 14 14715.60000 4.82400000 401.55000 61.60000 13.87000 55.14000
17 11 20 17 15 14722.70000 4.82400000 401.91000 61.60000 13.87000 55.14000
17 11 20 17 15 14749.00000 4.82400000 402.23000 61.85000 13.87000 55.14000
17 11 20 17 15 14760.10000 4.82700000 402.67000 62.00000 13.87000 55.14000
17 11 20 17 16 14745.50000 4.82700000 402.26000 61.98000 13.87000 55.14000
17 11 20 17 16 14745.10000 4.82700000 401.99000 61.93000 13.87000 55.14000
17 11 20 17 17 14758.00000 4.82700000 402.16000 61.92000 13.87000 55.14000
17 11 20 17 17 14747.60000 4.82700000 402.27000 62.00000 13.87000 55.14000
17 11 20 17 18 14749.50000 4.82700000 402.61000 62.00000 13.87000 55.14000
17 11 20 17 18 14756.60000 4.82700000 402.67000 62.09000 13.87000 55.14000
17 11 20 17 18 14758.10000 4.82700000 402.94000 62.09000 13.87000 55.14000
17 11 20 17 19 14772.40000 4.82700000 402.97000 62.21000 13.87000 55.20000
17 11 20 17 19 14783.60000 4.82700000 403.20000 62.22000 13.87000 55.21200
17 11 20 17 20 14781.30000 4.82900000 403.15000 62.21000 13.87000 55.21200
17 11 20 17 20 14786.90000 4.82900000 403.13000 62.21000 13.87000 55.21200
17 11 20 17 21 14796.20000 4.83000000 403.25000 62.18000 13.87000 55.21200
17 11 20 17 21 14789.20000 4.83000000 403.28000 62.18000 13.87000 55.21200
17 11 20 17 21 14789.90000 4.83400000 403.63000 62.22000 13.87000 55.21200
17 11 20 17 22 14790.00000 4.83900000 403.76000 62.26000 13.87000 55.21200
17 11 20 17 22 14794.00000 4.84400000 403.93000 62.21000 13.87000 55.21200
17 11 20 17 23 14790.10000 4.84400000 403.93000 62.24000 13.87000 55.21200
17 11 20 17 23 14780.10000 4.84700000 403.94000 62.24000 13.81400 55.21200
17 11 20 17 24 14780.00000 4.84900000 403.99000 62.30000 13.81400 55.21200
17 11 20 17 24 14788.20000 4.84900000 404.00000 62.33000 13.81400 55.21200
17 11 20 17 24 14786.60000 4.85400000 404.00000 62.45000 13.81400 55.21200
17 11 20 17 25 14781.20000 4.86000000 404.14000 62.47000 13.81400 55.21200
17 11 20 17 25 14790.00000 4.86000000 403.94000 62.51000 13.81400 55.39300
17 11 20 17 26 14810.80000 4.85500000 404.25000 62.61000 13.81400 55.39300
17 11 20 17 26 14822.20000 4.85500000 404.63000 62.61000 13.81400 55.39300
17 11 20 17 27 14819.80000 4.85500000 404.71000 62.58000 13.81400 55.39300
17 11 20 17 27 14841.70000 4.86200000 405.00000 62.57000 13.81400 55.39300
17 11 20 17 27 14863.90000 4.86500000 405.23000 62.73000 13.81400 55.39300
17 11 20 17 28 14863.50000 4.86500000 405.12000 62.67000 13.81400 55.39300
17 11 20 17 28 14855.60000 4.86500000 405.23000 62.64000 13.81400 55.39300
17 11 20 17 29 14861.30000 4.87000000 405.18000 62.67000 13.81400 55.39300
17 11 20 17 29 14870.00000 4.87000000 405.44000 62.75000 13.81400 55.39300
17 11 20 17 30 14864.20000 4.87000000 405.41000 62.70000 13.81400 55.39300
17 11 20 17 30 14870.00000 4.87000000 405.49000 62.73000 13.81400 55.39300
17 11 20 17 30 14877.50000 4.87000000 405.96000 62.73000 13.81400 55.39300
17 11 20 17 31 14889.40000 4.87500000 405.91000 62.73000 13.81400 55.39300
17 11 20 17 31 14889.90000 4.87500000 406.00000 62.71000 13.81400 55.39300
17 11 20 17 32 14899.00000 4.87500000 406.58000 62.71000 13.81400 55.39300
17 11 20 17 32 14893.40000 4.87500000 406.19000 62.58000 13.81400 55.39300
17 11 20 17 33 14908.20000 4.87500000 406.62000 62.68000 13.81400 55.39300
17 11 20 17 33 14915.60000 4.87500000 406.32000 62.56000 13.81400 55.39300
17 11 20 17 33 14922.00000 4.87500000 406.74000 62.56000 13.81400 55.39300
17 11 20 17 34 14932.60000 4.87500000 406.21000 62.51000 13.81400 55.39300
17 11 20 17 34 14927.40000 4.87500000 405.97000 62.33000 13.81400 55.55800
17 11 20 17 35 14914.50000 4.85500000 405.71000 62.33000 13.81400 55.55800
17 11 20 17 35 14896.50000 4.85000000 404.37000 62.22000 13.81400 55.55800
17 11 20 17 36 14893.70000 4.85000000 405.00000 62.20000 13.81400 55.55800
17 11 20 17 36 14896.30000 4.85000000 405.00000 62.20000 13.81400 55.55800
17 11 20 17 36 14916.60000 4.85000000 405.00000 62.20000 13.81400 55.55800
17 11 20 17 37 14919.20000 4.85000000 405.36000 62.45000 13.81400 55.55800
17 11 20 17 37 14893.10000 4.85000000 405.73000 62.42000 13.81400 55.55800
17 11 20 17 38 14874.50000 4.85000000 404.94000 62.37000 13.81400 55.55800
17 11 20 17 38 14880.00000 4.85000000 404.83000 62.33000 13.81400 55.55800
17 11 20 17 39 14887.00000 4.85000000 404.97000 62.33000 13.81400 55.49000
17 11 20 17 39 14891.50000 4.85000000 405.29000 62.40000 13.70600 55.49000
17 11 20 17 39 14876.40000 4.85000000 405.30000 62.40000 13.70600 55.51600
17 11 20 17 40 14891.50000 4.85000000 405.23000 62.47000 13.70600 55.44500
17 11 20 17 40 14891.50000 4.85000000 405.30000 62.48000 13.70600 55.44500
17 11 20 17 41 14900.00000 4.85000000 405.32000 62.56000 13.70600 55.44500
17 11 20 17 41 14900.00000 4.85200000 405.08000 62.50000 13.70600 55.44500
17 11 20 17 42 14900.90000 4.85200000 405.09000 62.51000 13.70600 55.44500
17 11 20 17 42 14920.00000 4.85200000 405.55000 62.52000 13.70600 55.44500
17 11 20 17 43 14951.70000 4.85300000 405.74000 62.47000 13.70600 55.44500
17 11 20 17 43 14960.10000 4.85300000 405.98000 62.34000 13.70600 55.44500
17 11 20 17 44 14971.40000 4.85300000 406.34000 62.43000 13.70600 55.44500
17 11 20 17 44 14988.10000 4.85300000 406.73000 62.56000 13.70600 55.45300
17 11 20 17 45 14994.80000 4.85300000 406.98000 62.67000 13.70600 55.45300
17 11 20 17 45 14999.00000 4.85300000 406.99000 62.59000 13.70600 55.45300
17 11 20 17 46 14991.40000 4.85000000 406.15000 62.47000 13.76500 55.35000
17 11 20 17 47 15000.00000 4.85000000 406.73000 62.39000 13.76500 55.35000
