M=[
24 4 21 17 44 41499.20000 24.94900000 1859.48000 187.92000 29.61300 166.76000
24 4 21 17 45 41476.20000 24.94900000 1857.73000 187.92000 29.61300 166.76000
24 4 21 17 45 41476.20000 24.94900000 1859.49000 188.00000 29.61300 166.76000
24 4 21 17 46 41524.20000 24.98000000 1859.24000 188.00000 29.61300 166.76000
24 4 21 17 46 41558.00000 24.98000000 1859.58000 188.00000 29.61300 166.76000
24 4 21 17 46 41583.60000 24.98000000 1865.00000 188.29000 29.61300 166.76000
24 4 21 17 47 41532.40000 25.09700000 1863.05000 188.29000 29.61300 166.76000
24 4 21 17 47 41520.20000 25.09700000 1862.19000 188.12000 29.61300 166.76000
24 4 21 17 48 41530.40000 25.09700000 1862.58000 188.12000 29.61300 166.76000
24 4 21 17 48 41516.60000 25.09700000 1861.56000 188.12000 29.61300 167.02600
24 4 21 17 49 41516.60000 25.05600000 1864.06000 188.30000 29.61300 167.02600
24 4 21 17 49 41542.50000 25.05600000 1864.22000 188.53000 29.61300 167.02600
24 4 21 17 49 41546.50000 25.05600000 1866.33000 188.53000 29.61300 167.02600
24 4 21 17 50 41527.00000 25.05600000 1864.82000 188.09000 29.61300 167.02600
24 4 21 17 50 41527.00000 25.05600000 1864.97000 188.09000 29.61300 167.02600
24 4 21 17 51 41580.80000 25.05600000 1867.39000 188.53000 29.61300 167.02600
24 4 21 17 51 41549.90000 25.05600000 1865.15000 188.53000 29.61300 167.02600
24 4 21 17 52 41524.70000 25.05600000 1863.72000 188.53000 29.61300 167.58000
24 4 21 17 52 41524.60000 25.05600000 1864.22000 188.44000 29.61300 167.58000
24 4 21 17 52 41542.50000 25.03200000 1866.09000 188.44000 29.61300 167.58000
24 4 21 17 53 41544.50000 25.03200000 1866.28000 188.67000 29.61300 167.58000
24 4 21 17 53 41580.20000 25.03200000 1867.54000 189.00000 29.61300 167.58000
24 4 21 17 54 41580.20000 25.03200000 1866.01000 188.88000 29.61300 167.58000
24 4 21 17 54 41580.20000 25.03200000 1867.84000 189.00000 29.61300 167.58000
24 4 21 17 55 41607.20000 25.03200000 1867.89000 189.00000 29.61300 167.58000
24 4 21 17 55 41580.20000 25.03200000 1865.46000 189.32000 29.61300 167.58000
24 4 21 17 56 41616.40000 25.03200000 1868.10000 189.21000 29.61300 167.58000
24 4 21 17 56 41616.40000 25.03200000 1870.14000 189.79000 29.61300 167.58000
24 4 21 17 57 41616.00000 25.03200000 1867.74000 189.79000 29.61300 167.58000
24 4 21 17 57 41585.20000 25.03200000 1866.88000 189.79000 29.61300 167.58000
24 4 21 17 58 41585.10000 25.03200000 1866.88000 189.55000 29.61300 167.82700
24 4 21 17 58 41585.20000 25.08900000 1866.09000 189.22000 29.61300 167.82700
24 4 21 17 58 41588.40000 25.08900000 1868.08000 189.29000 29.61300 167.82700
24 4 21 17 59 41585.20000 25.08900000 1866.49000 189.24000 29.61300 167.82700
24 4 21 17 59 41609.20000 25.08900000 1868.42000 189.31000 29.61300 167.82700
24 4 21 18 00 41626.10000 25.08900000 1868.50000 189.49000 29.61300 167.82700
24 4 21 18 00 41645.40000 25.08900000 1869.24000 189.30000 29.61300 167.82700
24 4 21 18 01 41638.20000 25.08900000 1869.24000 189.30000 29.61300 167.82700
24 4 21 18 01 41617.80000 25.08900000 1869.99000 189.36000 29.61300 167.82700
24 4 21 18 01 41558.90000 25.08900000 1866.83000 189.36000 29.61300 167.82700
24 4 21 18 02 41558.90000 25.08900000 1866.23000 188.79000 29.61300 167.82700
24 4 21 18 02 41558.90000 25.08900000 1866.42000 188.91000 29.61300 167.82700
24 4 21 18 03 41558.90000 25.08900000 1866.42000 188.91000 29.61300 167.82700
24 4 21 18 03 41591.30000 25.08900000 1870.82000 189.57000 29.61300 167.82700
24 4 21 18 04 41592.10000 25.08900000 1870.17000 189.47000 29.61300 167.82700
24 4 21 18 04 41573.20000 25.08900000 1867.70000 189.29000 29.61300 167.82700
24 4 21 18 04 41598.90000 25.08900000 1869.02000 189.61000 29.61300 167.82700
24 4 21 18 05 41598.80000 25.08900000 1869.27000 189.61000 29.61300 167.82700
24 4 21 18 05 41598.10000 25.08900000 1869.75000 189.61000 29.61300 167.82700
24 4 21 18 06 41558.90000 25.08900000 1867.61000 189.61000 29.61300 167.82700
24 4 21 18 06 41555.30000 25.08900000 1866.91000 189.61000 29.61300 167.82700
24 4 21 18 07 41510.40000 25.08900000 1865.63000 189.08000 29.61300 167.82700
24 4 21 18 07 41542.00000 25.08900000 1863.68000 189.15000 29.61300 167.82700
24 4 21 18 07 41522.50000 25.08900000 1864.32000 189.15000 29.61300 167.82700
24 4 21 18 08 41518.10000 25.08900000 1864.32000 189.15000 29.61300 167.82700
24 4 21 18 08 41530.90000 25.05100000 1864.31000 188.73000 29.61300 167.82700
24 4 21 18 09 41528.10000 25.05100000 1864.31000 188.73000 29.61300 167.82700
24 4 21 18 09 41528.10000 25.02500000 1864.30000 188.73000 29.61300 167.46800
24 4 21 18 10 41528.00000 25.02500000 1864.82000 188.73000 29.43100 167.46800
24 4 21 18 10 41527.60000 25.00000000 1864.81000 188.92000 29.43100 167.46800
24 4 21 18 10 41527.50000 24.99200000 1863.32000 188.54000 29.43100 167.46100
24 4 21 18 11 41518.00000 24.99200000 1862.01000 188.53000 29.43100 167.46100
24 4 21 18 11 41517.60000 24.99200000 1862.59000 188.53000 29.43100 167.46100
24 4 21 18 12 41510.00000 24.99200000 1862.01000 188.36000 29.43100 167.46100
24 4 21 18 12 41510.10000 24.99200000 1862.01000 188.36000 29.43100 167.46100
24 4 21 18 13 41510.80000 24.97300000 1862.40000 188.36000 29.43100 167.76700
24 4 21 18 13 41516.60000 25.02200000 1864.80000 188.36000 29.43100 167.76700
24 4 21 18 13 41575.00000 25.02200000 1868.41000 188.36000 29.43100 167.76700
24 4 21 18 14 41657.10000 25.09800000 1869.76000 188.36000 29.43100 167.76700
24 4 21 18 14 41657.10000 25.09800000 1873.98000 189.40000 29.43300 167.76700
24 4 21 18 15 41665.60000 25.09800000 1872.00000 189.40000 29.43300 167.76700
24 4 21 18 15 41634.50000 25.09800000 1871.20000 189.40000 29.45500 167.76700
24 4 21 18 16 41664.80000 25.09800000 1872.35000 189.60000 29.45800 167.76700
24 4 21 18 16 41633.10000 25.09800000 1872.35000 189.60000 29.45800 167.76700
24 4 21 18 16 41671.50000 25.09800000 1874.42000 189.80000 29.45800 167.76700
24 4 21 18 17 41660.70000 25.09800000 1876.28000 189.64000 29.45800 167.76700
24 4 21 18 17 41676.10000 25.09800000 1876.28000 189.47000 29.45800 167.76700
24 4 21 18 18 41709.00000 25.14100000 1881.28000 189.47000 29.45800 167.76700
24 4 21 18 18 41833.60000 25.14100000 1884.34000 190.39000 29.45800 168.60700
24 4 21 18 19 41880.00000 25.14100000 1886.90000 190.49000 29.45800 168.60700
24 4 21 18 19 41974.10000 25.14100000 1889.19000 190.80000 29.45800 168.60700
24 4 21 18 19 42037.70000 25.29000000 1893.05000 190.80000 29.45800 168.60700
24 4 21 18 20 42039.60000 25.38300000 1893.82000 191.38000 29.45800 169.02300
24 4 21 18 20 42006.00000 25.38300000 1892.45000 191.39000 29.45800 169.02300
24 4 21 18 21 42062.30000 25.38300000 1894.00000 191.49000 29.45800 169.02300
24 4 21 18 21 42057.10000 25.38300000 1893.99000 191.50000 29.30400 169.02300
24 4 21 18 22 42043.40000 25.38300000 1892.43000 191.50000 29.30400 169.02300
24 4 21 18 22 42114.90000 25.38300000 1895.01000 191.90000 29.30400 169.02300
24 4 21 18 22 42090.10000 25.38300000 1896.30000 191.61000 29.30400 169.02300
24 4 21 18 23 42093.10000 25.38300000 1897.94000 191.90000 29.30400 169.02300
24 4 21 18 23 42100.00000 25.41100000 1897.91000 191.98000 29.30400 169.02300
24 4 21 18 24 42099.90000 25.36600000 1896.79000 191.98000 29.30400 169.02300
24 4 21 18 24 42114.00000 25.36600000 1897.09000 191.98000 29.30400 169.02300
24 4 21 18 25 42114.00000 25.36600000 1897.98000 191.98000 29.30400 170.17200
24 4 21 18 25 42100.10000 25.39000000 1893.45000 191.74000 29.30400 170.17200
24 4 21 18 25 42063.20000 25.39000000 1893.43000 191.74000 29.30400 170.17200
24 4 21 18 26 42067.00000 25.39000000 1892.40000 191.35000 29.30400 170.17200
24 4 21 18 26 42063.10000 25.31600000 1891.68000 191.50000 29.30400 170.17200
24 4 21 18 27 42066.50000 25.31600000 1891.24000 191.47000 29.30400 170.17200
24 4 21 18 27 42118.10000 25.31600000 1895.33000 191.47000 29.30400 170.17200
24 4 21 18 28 42121.80000 25.36500000 1894.40000 191.42000 29.30400 169.87900
24 4 21 18 28 42114.60000 25.36500000 1893.95000 191.42000 29.30400 169.87900
