M=[
 3 8 21 20 05 32008.80000 41.49600000 2080.02000 116.99000 22.31700 96.05600
 3 8 21 20 06 31982.10000 41.38100000 2072.01000 116.71000 22.31700 96.05600
 3 8 21 20 06 31982.00000 41.38100000 2072.48000 116.71000 22.31700 96.05600
 3 8 21 20 07 32000.00000 41.38100000 2074.68000 116.71000 22.31700 96.05600
 3 8 21 20 07 31982.20000 41.38100000 2071.00000 116.66000 22.31700 96.05600
 3 8 21 20 08 31959.70000 41.38100000 2073.29000 116.66000 22.31700 96.05600
 3 8 21 20 08 31985.90000 41.38100000 2072.60000 116.66000 22.31700 96.05600
 3 8 21 20 08 31982.10000 41.38100000 2074.83000 116.66000 22.31700 96.05600
 3 8 21 20 09 31999.90000 41.38100000 2074.99000 116.66000 22.31700 96.05600
 3 8 21 20 09 31999.90000 41.38100000 2074.68000 116.66000 22.31700 96.05600
 3 8 21 20 10 32000.00000 41.38100000 2076.86000 116.82000 22.31700 96.05600
 3 8 21 20 10 31983.50000 41.38100000 2072.91000 116.79000 22.31700 96.05600
 3 8 21 20 11 31992.00000 41.38100000 2072.91000 116.79000 22.31700 96.05600
 3 8 21 20 11 31987.50000 41.38100000 2072.27000 116.79000 22.31700 96.05600
 3 8 21 20 11 31997.50000 41.38100000 2073.53000 116.64000 22.31700 96.05600
 3 8 21 20 12 32000.00000 41.38100000 2075.19000 116.64000 22.31700 95.07500
 3 8 21 20 12 32000.00000 41.38100000 2074.42000 116.64000 22.26300 95.07500
 3 8 21 20 13 32000.00000 41.38100000 2075.21000 116.64000 22.26300 95.07500
 3 8 21 20 13 31999.90000 41.38100000 2075.21000 116.64000 22.26300 94.89700
 3 8 21 20 14 32000.00000 41.38100000 2075.20000 116.64000 22.26300 94.89700
 3 8 21 20 14 31999.90000 41.38100000 2073.80000 116.64000 22.26300 94.89700
 3 8 21 20 15 31995.30000 41.38100000 2074.44000 116.69000 22.26300 94.89700
 3 8 21 20 15 31994.90000 41.38100000 2072.41000 116.69000 22.26300 94.89700
 3 8 21 20 15 31994.90000 41.38100000 2072.01000 116.52000 22.26300 94.89700
 3 8 21 20 16 31972.50000 41.38100000 2072.59000 116.52000 22.26300 94.89700
 3 8 21 20 16 31952.30000 41.38100000 2070.33000 116.52000 22.26300 94.89700
 3 8 21 20 17 31955.80000 41.38100000 2070.01000 116.47000 22.26300 94.89700
 3 8 21 20 17 31952.30000 41.21000000 2070.00000 116.42000 22.26300 94.89700
 3 8 21 20 18 31959.90000 41.21000000 2070.43000 116.42000 22.26300 94.89700
 3 8 21 20 18 31965.30000 41.21000000 2072.16000 116.42000 22.26300 94.89700
 3 8 21 20 18 31994.10000 41.21000000 2072.16000 116.42000 22.26300 94.89700
 3 8 21 20 19 32000.00000 41.21000000 2076.36000 116.42000 22.26100 94.89700
 3 8 21 20 19 32000.00000 41.21000000 2078.28000 116.42000 22.26100 94.89700
 3 8 21 20 20 32000.00000 41.21000000 2077.32000 116.42000 22.26100 94.89700
 3 8 21 20 20 32079.00000 41.21000000 2081.56000 116.88000 22.26100 94.87100
 3 8 21 20 21 32077.50000 41.21000000 2083.25000 116.88000 22.26100 94.87100
 3 8 21 20 21 32077.40000 41.21000000 2083.23000 116.88000 22.26100 94.87100
 3 8 21 20 21 32070.90000 41.21000000 2083.23000 116.88000 22.26100 94.87100
 3 8 21 20 22 32065.00000 41.21000000 2080.50000 116.88000 22.26100 94.87100
 3 8 21 20 22 32077.50000 41.21000000 2082.04000 116.88000 22.26100 94.87100
 3 8 21 20 23 32072.10000 41.21000000 2082.25000 116.88000 22.26100 94.87100
 3 8 21 20 23 32077.50000 41.21000000 2082.25000 116.88000 22.26100 94.87100
 3 8 21 20 24 32068.70000 41.21000000 2082.25000 116.94000 22.26100 94.87100
 3 8 21 20 24 32050.00000 41.21000000 2079.84000 116.94000 22.26100 94.87100
 3 8 21 20 25 32060.60000 41.25600000 2080.09000 116.91000 22.26100 94.87100
 3 8 21 20 25 32050.10000 41.25600000 2079.59000 116.91000 22.26100 94.87100
 3 8 21 20 25 32077.40000 41.25600000 2081.51000 116.91000 22.26100 94.87100
 3 8 21 20 26 32119.00000 41.25600000 2086.12000 117.11000 22.26100 94.87100
 3 8 21 20 26 32107.60000 41.25600000 2085.65000 117.11000 22.26100 94.87100
 3 8 21 20 27 32100.10000 41.25600000 2084.71000 117.06000 22.26100 94.87100
 3 8 21 20 27 32100.10000 41.25600000 2085.00000 117.06000 22.26100 94.87100
 3 8 21 20 28 32126.20000 41.25600000 2087.49000 117.06000 22.26100 94.87100
 3 8 21 20 28 32137.00000 41.38400000 2089.48000 117.06000 22.26100 94.87100
 3 8 21 20 28 32119.30000 41.38400000 2088.01000 117.06000 22.26100 94.87100
 3 8 21 20 29 32119.30000 41.38400000 2088.06000 117.06000 22.26100 94.87100
 3 8 21 20 29 32101.10000 41.38400000 2087.32000 117.06000 22.26100 94.87100
 3 8 21 20 30 32130.30000 41.38400000 2088.34000 117.08000 22.26100 94.87100
 3 8 21 20 30 32159.60000 41.38400000 2091.41000 117.23000 22.26100 94.87100
 3 8 21 20 31 32182.00000 41.38400000 2091.41000 117.27000 22.26100 94.87100
 3 8 21 20 31 32199.50000 41.38400000 2094.13000 117.27000 22.26100 94.87100
 3 8 21 20 31 32194.10000 41.38400000 2092.52000 117.27000 22.26100 94.87100
 3 8 21 20 32 32203.50000 41.38400000 2094.78000 117.37000 22.26100 94.87100
 3 8 21 20 32 32194.00000 41.38400000 2094.70000 117.37000 22.26100 94.87100
 3 8 21 20 33 32184.40000 41.38400000 2094.99000 117.37000 22.26100 94.87100
 3 8 21 20 33 32175.90000 41.38400000 2095.00000 117.37000 22.26100 94.87100
 3 8 21 20 34 32157.40000 41.38400000 2093.69000 117.29000 22.26100 94.87100
 3 8 21 20 34 32174.00000 41.38400000 2095.40000 117.29000 22.26100 94.87100
 3 8 21 20 34 32139.40000 41.38400000 2094.64000 117.29000 22.26100 94.87100
 3 8 21 20 35 32142.10000 41.38400000 2095.77000 117.30000 22.26100 94.87100
 3 8 21 20 35 32138.30000 41.38400000 2095.49000 117.30000 22.26100 94.87100
 3 8 21 20 36 32131.30000 41.38400000 2095.59000 117.24000 22.26100 95.83300
 3 8 21 20 36 32127.10000 41.38400000 2094.72000 117.24000 22.26100 95.83300
 3 8 21 20 37 32116.80000 41.38400000 2093.82000 117.24000 22.26100 95.83300
 3 8 21 20 37 32075.80000 41.38400000 2089.90000 116.98000 22.26100 95.83300
 3 8 21 20 38 32054.50000 41.38400000 2089.00000 116.88000 22.26100 95.83300
 3 8 21 20 38 32041.50000 41.38400000 2084.40000 116.85000 22.26100 95.19100
 3 8 21 20 38 32034.40000 41.38400000 2083.35000 116.85000 22.26100 95.19100
 3 8 21 20 39 32034.30000 41.38400000 2081.34000 116.61000 22.26100 95.19100
 3 8 21 20 39 32034.40000 41.38400000 2081.34000 116.61000 22.26100 95.19100
 3 8 21 20 40 32034.30000 41.29800000 2080.00000 116.61000 22.26100 95.19100
 3 8 21 20 40 32019.50000 41.29800000 2080.20000 116.61000 22.26100 95.19100
 3 8 21 20 41 32026.60000 41.29800000 2080.66000 116.61000 22.26100 95.19100
 3 8 21 20 41 32000.00000 41.22600000 2077.77000 116.56000 22.26100 95.19100
 3 8 21 20 41 31979.40000 41.22600000 2075.49000 116.56000 22.26100 95.19100
 3 8 21 20 42 32001.40000 41.22600000 2079.73000 116.51000 22.26100 94.87200
 3 8 21 20 42 32011.70000 41.22600000 2079.96000 116.51000 22.26100 94.87200
 3 8 21 20 43 32022.30000 41.22600000 2080.67000 116.51000 22.26100 94.87200
 3 8 21 20 43 32033.70000 41.22600000 2082.01000 116.51000 22.26100 94.87200
 3 8 21 20 44 32053.70000 41.22600000 2084.50000 116.51000 22.26100 94.87200
 3 8 21 20 44 32064.50000 41.39200000 2084.50000 116.92000 22.26100 94.87200
 3 8 21 20 44 32047.70000 41.39200000 2084.49000 116.92000 22.26100 94.87200
 3 8 21 20 45 32061.80000 41.39200000 2085.16000 116.94000 22.26100 94.87200
 3 8 21 20 45 32061.80000 41.39200000 2089.00000 117.11000 22.26100 94.87200
 3 8 21 20 46 32028.60000 41.43000000 2087.63000 117.11000 22.26100 94.87200
 3 8 21 20 46 32061.70000 41.43000000 2091.71000 117.23000 22.26100 94.87200
 3 8 21 20 47 32113.00000 41.43000000 2092.41000 117.23000 22.26100 94.87200
 3 8 21 20 47 32114.00000 41.43000000 2094.54000 117.23000 22.26100 94.87200
 3 8 21 20 47 32085.50000 41.43000000 2094.26000 117.43000 22.26100 94.87200
 3 8 21 20 48 32059.20000 41.43000000 2089.84000 117.43000 22.26100 94.87200
 3 8 21 20 48 32053.80000 41.43000000 2089.68000 117.43000 22.26100 94.87200
 3 8 21 20 49 32039.80000 41.43000000 2088.08000 117.04000 22.26100 94.87200
 3 8 21 20 49 32029.10000 41.43000000 2086.64000 117.04000 22.26100 94.87200
 3 8 21 20 50 32019.40000 41.43000000 2085.45000 116.84000 22.26100 94.87200
