M=[
 7 7 21 05 08 29393.40000 46.95000000 2024.84000 120.71000 17.59300 100.73800
 7 7 21 05 08 29393.40000 46.95000000 2023.88000 120.71000 17.59300 100.73800
 7 7 21 05 08 29303.60000 46.84700000 2017.50000 120.55000 17.59300 100.45000
 7 7 21 05 09 29283.70000 46.84700000 2014.99000 120.55000 17.59300 100.45000
 7 7 21 05 09 29299.90000 46.84700000 2017.36000 120.55000 17.59400 100.45000
 7 7 21 05 10 29300.00000 46.84700000 2018.24000 120.55000 17.59400 100.45000
 7 7 21 05 10 29323.80000 46.84700000 2019.53000 120.55000 17.59400 100.45000
 7 7 21 05 11 29315.20000 46.84700000 2019.14000 120.34000 17.59400 100.45000
 7 7 21 05 11 29329.20000 46.84700000 2019.41000 120.34000 17.59400 100.45000
 7 7 21 05 11 29340.20000 46.84700000 2019.86000 120.34000 17.59400 100.45000
 7 7 21 05 12 29329.00000 46.84700000 2019.86000 120.29000 17.59400 100.27000
 7 7 21 05 12 29325.60000 46.84700000 2019.89000 120.29000 17.59400 100.27000
 7 7 21 05 13 29325.60000 46.84700000 2019.89000 120.26000 17.59400 100.27000
 7 7 21 05 13 29325.60000 46.84700000 2017.60000 120.26000 17.59400 100.27000
 7 7 21 05 14 29309.60000 46.84700000 2016.66000 120.22000 17.59400 100.27000
 7 7 21 05 14 29325.70000 46.84700000 2017.70000 120.22000 17.59400 100.12700
 7 7 21 05 14 29325.70000 46.84700000 2017.70000 120.22000 17.58400 100.12700
 7 7 21 05 15 29342.40000 46.84700000 2019.39000 120.22000 17.58400 100.12700
 7 7 21 05 15 29342.50000 46.84700000 2018.51000 120.22000 17.58400 100.12700
 7 7 21 05 16 29342.50000 46.84700000 2017.07000 120.19000 17.58400 100.12700
 7 7 21 05 16 29348.30000 46.84700000 2018.72000 120.19000 17.60400 100.12700
 7 7 21 05 17 29349.00000 46.84700000 2019.56000 120.18000 17.60400 100.12700
 7 7 21 05 17 29365.60000 46.84700000 2019.75000 120.20000 17.60400 100.12700
 7 7 21 05 17 29365.60000 46.84700000 2020.98000 120.30000 17.60400 100.12700
 7 7 21 05 18 29409.40000 46.84700000 2021.07000 120.30000 17.60400 100.12700
 7 7 21 05 18 29409.40000 46.84700000 2022.20000 120.30000 17.60400 100.12700
 7 7 21 05 19 29409.40000 46.84700000 2022.19000 120.30000 17.60400 100.12700
 7 7 21 05 19 29409.30000 46.84700000 2021.78000 120.37000 17.60400 100.12700
 7 7 21 05 20 29409.40000 46.84700000 2021.11000 120.37000 17.60400 100.12700
 7 7 21 05 20 29403.70000 46.84700000 2019.00000 120.37000 17.58900 100.12700
 7 7 21 05 21 29409.30000 46.84700000 2017.82000 120.37000 17.58900 100.12700
 7 7 21 05 21 29409.40000 46.84700000 2017.36000 120.37000 17.58900 100.12700
 7 7 21 05 21 29409.40000 46.84700000 2017.82000 120.36000 17.58900 100.12700
 7 7 21 05 22 29420.10000 46.84700000 2016.54000 120.36000 17.58900 100.12700
 7 7 21 05 22 29414.70000 46.84700000 2015.81000 120.36000 17.58900 100.12700
 7 7 21 05 23 29398.30000 46.84700000 2014.94000 120.34000 17.58900 100.12700
 7 7 21 05 23 29394.00000 46.84700000 2015.10000 120.34000 17.58900 100.12700
 7 7 21 05 24 29398.80000 46.84700000 2015.10000 120.34000 17.58900 100.12700
 7 7 21 05 24 29401.00000 46.84700000 2015.09000 120.36000 17.58900 100.51800
 7 7 21 05 24 29402.90000 46.84700000 2015.10000 120.51000 17.58900 100.51800
 7 7 21 05 25 29396.90000 46.84700000 2014.72000 120.49000 17.58900 100.51800
 7 7 21 05 25 29408.10000 46.84700000 2015.29000 120.54000 17.58900 100.51800
 7 7 21 05 26 29411.10000 46.84700000 2016.30000 120.58000 17.58900 100.51800
 7 7 21 05 26 29419.90000 46.84700000 2016.29000 120.62000 17.58900 100.51800
 7 7 21 05 27 29412.70000 46.84700000 2016.29000 120.59000 17.58900 100.51800
 7 7 21 05 27 29420.10000 46.77700000 2016.30000 120.59000 17.58900 100.51800
 7 7 21 05 27 29439.70000 46.77700000 2018.25000 120.77000 17.58900 100.51800
 7 7 21 05 28 29443.40000 46.77700000 2018.48000 120.69000 17.58900 100.51800
 7 7 21 05 28 29455.50000 46.77700000 2019.82000 120.69000 17.58900 100.51800
 7 7 21 05 29 29455.40000 46.77700000 2018.52000 120.69000 17.58900 100.51800
 7 7 21 05 29 29456.80000 46.77700000 2018.90000 120.60000 17.58900 100.95700
 7 7 21 05 30 29456.80000 46.77700000 2018.52000 120.60000 17.58900 100.95700
 7 7 21 05 30 29457.10000 46.77700000 2018.46000 120.60000 17.58900 100.95700
 7 7 21 05 30 29481.60000 46.77700000 2018.23000 120.60000 17.58900 100.95700
 7 7 21 05 31 29467.30000 46.77700000 2017.37000 120.56000 17.58900 100.95700
 7 7 21 05 31 29463.50000 46.77700000 2017.38000 120.51000 17.58900 100.95700
 7 7 21 05 32 29465.10000 46.77700000 2017.11000 120.46000 17.58900 100.95700
 7 7 21 05 32 29443.30000 46.77700000 2015.01000 120.30000 17.58900 100.95700
 7 7 21 05 33 29414.10000 46.57600000 2014.09000 120.30000 17.58900 100.95700
 7 7 21 05 33 29411.70000 46.57400000 2014.09000 120.30000 17.58900 100.95700
 7 7 21 05 33 29412.10000 46.57400000 2014.10000 120.30000 17.58900 100.95700
 7 7 21 05 34 29387.70000 46.57400000 2011.02000 120.30000 17.58900 100.95700
 7 7 21 05 34 29391.90000 46.57400000 2010.78000 120.14000 17.58900 100.95700
 7 7 21 05 35 29391.80000 46.57400000 2012.09000 120.12000 17.58900 100.95700
 7 7 21 05 35 29391.90000 46.57400000 2013.42000 120.14000 17.58900 100.95700
 7 7 21 05 36 29399.90000 46.57400000 2012.04000 120.21000 17.58900 100.95700
 7 7 21 05 36 29400.00000 46.57400000 2011.72000 120.21000 17.58900 100.95700
 7 7 21 05 36 29399.90000 46.57400000 2011.72000 120.17000 17.58900 100.95700
 7 7 21 05 37 29399.90000 46.57400000 2012.30000 120.17000 17.58900 100.95700
 7 7 21 05 37 29400.00000 46.57400000 2011.99000 120.17000 17.58900 100.95700
 7 7 21 05 38 29399.90000 46.57400000 2011.98000 120.21000 17.58900 100.95700
 7 7 21 05 38 29399.90000 46.57400000 2011.99000 120.21000 17.58900 100.95700
 7 7 21 05 39 29400.00000 46.57400000 2011.21000 120.14000 17.58900 100.95700
 7 7 21 05 39 29398.70000 46.57400000 2011.03000 120.14000 17.56900 100.95700
 7 7 21 05 39 29396.70000 46.57400000 2010.69000 120.14000 17.56900 100.95700
 7 7 21 05 40 29396.80000 46.57400000 2010.58000 120.14000 17.56900 100.95700
 7 7 21 05 40 29398.70000 46.57400000 2011.02000 120.14000 17.56900 100.95700
 7 7 21 05 41 29400.00000 46.57400000 2011.87000 120.21000 17.58200 100.95700
 7 7 21 05 41 29400.10000 46.57400000 2011.77000 120.21000 17.58200 100.95700
 7 7 21 05 42 29399.30000 46.57400000 2011.64000 120.21000 17.58200 100.95700
 7 7 21 05 42 29399.30000 46.57400000 2011.53000 120.13000 17.58200 100.95700
 7 7 21 05 43 29396.70000 46.57400000 2011.34000 120.13000 17.58200 100.95700
 7 7 21 05 43 29354.00000 46.57400000 2011.02000 120.09000 17.57600 100.95700
 7 7 21 05 43 29352.70000 46.57400000 2010.98000 120.09000 17.57600 100.95700
 7 7 21 05 44 29350.00000 46.57400000 2010.33000 120.13000 17.57600 100.95700
 7 7 21 05 44 29345.00000 46.57400000 2010.27000 120.13000 17.57600 100.95700
 7 7 21 05 45 29348.50000 46.57400000 2010.62000 120.18000 17.59200 100.95700
 7 7 21 05 45 29380.20000 46.57400000 2013.86000 120.26000 17.59200 100.95700
 7 7 21 05 46 29380.10000 46.47900000 2013.86000 120.26000 17.59200 100.57100
 7 7 21 05 46 29380.10000 46.47900000 2013.86000 120.26000 17.59200 100.57100
 7 7 21 05 46 29385.30000 46.59800000 2013.14000 120.26000 17.59200 100.57100
 7 7 21 05 47 29385.20000 46.59800000 2012.22000 120.26000 17.59200 100.57100
 7 7 21 05 47 29385.20000 46.59800000 2011.79000 120.16000 17.59200 100.57100
 7 7 21 05 48 29385.30000 46.59800000 2011.91000 120.16000 17.59200 100.57100
 7 7 21 05 48 29396.70000 46.59800000 2012.88000 120.26000 17.59200 100.57100
 7 7 21 05 49 29396.70000 46.59800000 2013.24000 120.26000 17.59200 100.57100
 7 7 21 05 49 29396.70000 46.59800000 2013.74000 120.26000 17.59200 100.57100
 7 7 21 05 49 29396.70000 46.59800000 2013.74000 120.26000 17.59200 100.57100
 7 7 21 05 50 29396.60000 46.59800000 2013.52000 120.26000 17.59200 100.83000
 7 7 21 05 50 29399.90000 46.59800000 2013.52000 120.26000 17.59200 100.83000
 7 7 21 05 51 29400.00000 46.59800000 2014.46000 120.26000 17.59200 100.83000
 7 7 21 05 51 29399.90000 46.59800000 2014.26000 120.27000 17.59200 100.83000
