M=[
26 6 21 03 58 26889.70000 33.65300000 1531.71000 106.58000 14.82600 85.37800
26 6 21 03 58 26880.00000 33.65300000 1529.05000 106.58000 14.82600 85.37800
26 6 21 03 58 26880.00000 33.65300000 1528.40000 106.58000 14.82600 85.37800
26 6 21 03 59 26921.60000 33.65300000 1528.40000 106.58000 14.82600 85.37800
26 6 21 03 59 26921.60000 33.65300000 1530.27000 106.58000 14.82600 85.37800
26 6 21 04 00 26926.90000 33.65300000 1532.51000 106.43000 14.82600 85.37800
26 6 21 04 00 26932.80000 33.65300000 1532.51000 106.43000 14.82600 85.22200
26 6 21 04 01 26934.00000 33.65300000 1533.55000 106.43000 14.82600 85.22200
26 6 21 04 01 26934.00000 33.66800000 1534.84000 107.16000 14.82600 85.22200
26 6 21 04 01 26948.30000 33.66800000 1535.35000 107.16000 14.82600 85.22200
26 6 21 04 02 26939.50000 33.66800000 1535.35000 107.16000 14.82600 85.22200
26 6 21 04 02 26935.90000 33.66800000 1533.93000 107.16000 14.82600 85.22200
26 6 21 04 03 26941.60000 33.66800000 1533.93000 107.16000 14.82600 85.22200
26 6 21 04 03 26941.60000 33.66800000 1534.44000 107.16000 14.82600 85.22200
26 6 21 04 04 26951.40000 33.66800000 1534.44000 107.16000 14.82600 85.22200
26 6 21 04 04 26951.40000 33.66800000 1535.17000 107.16000 14.82600 85.22200
26 6 21 04 04 26951.50000 33.66800000 1535.17000 107.16000 14.82600 85.22200
26 6 21 04 05 26967.70000 33.66800000 1535.73000 107.16000 14.82600 85.22200
26 6 21 04 05 26956.80000 33.66800000 1535.73000 107.16000 14.82600 85.22200
26 6 21 04 06 26969.70000 33.66800000 1535.73000 107.16000 14.82600 85.22200
26 6 21 04 06 26979.80000 33.66800000 1537.45000 107.16000 14.82600 85.22200
26 6 21 04 07 26979.80000 33.66800000 1537.45000 107.16000 14.82600 85.91000
26 6 21 04 07 26981.70000 33.66800000 1536.47000 107.16000 14.82600 85.91000
26 6 21 04 07 26964.40000 33.66800000 1536.47000 107.16000 14.82600 85.91000
26 6 21 04 08 26981.70000 33.66800000 1536.47000 107.16000 14.82600 85.91500
26 6 21 04 08 26942.00000 33.66800000 1536.47000 107.16000 14.82600 85.91500
26 6 21 04 09 26922.40000 33.66800000 1532.71000 107.05000 14.82600 85.91500
26 6 21 04 09 26890.20000 33.66800000 1532.71000 107.05000 14.82600 85.91500
26 6 21 04 10 26886.00000 33.66800000 1532.71000 107.05000 14.82600 85.91500
26 6 21 04 10 26888.40000 33.66800000 1531.92000 106.76000 14.82600 85.91500
26 6 21 04 10 26886.40000 33.66800000 1530.63000 106.76000 14.82600 85.91500
26 6 21 04 11 26884.50000 33.66800000 1530.74000 106.76000 14.82600 85.91500
26 6 21 04 11 26881.60000 33.66800000 1530.74000 106.76000 14.82600 85.91500
26 6 21 04 12 26871.90000 33.66800000 1530.74000 106.76000 14.82600 85.91500
26 6 21 04 12 26854.30000 33.66800000 1530.74000 106.76000 14.82600 85.91500
26 6 21 04 13 26860.10000 33.66800000 1530.74000 106.76000 14.82600 85.91500
26 6 21 04 13 26875.50000 33.66800000 1530.74000 106.76000 14.82600 85.91500
26 6 21 04 13 26845.70000 33.66800000 1529.73000 106.76000 14.82600 85.91500
26 6 21 04 14 26859.00000 33.66800000 1529.73000 106.59000 14.82600 85.91500
26 6 21 04 14 26843.50000 33.66800000 1531.03000 106.59000 14.82600 85.91500
26 6 21 04 15 26871.20000 33.66800000 1531.03000 106.59000 14.82600 85.91500
26 6 21 04 15 26889.20000 33.66800000 1531.03000 106.59000 14.82600 85.91500
26 6 21 04 16 26889.20000 33.66800000 1532.99000 106.59000 14.82600 85.91500
26 6 21 04 16 26889.20000 33.66800000 1532.99000 106.59000 14.82600 85.91500
26 6 21 04 16 26889.20000 33.66800000 1532.99000 106.87000 14.82600 85.91500
26 6 21 04 17 26911.40000 33.66800000 1533.67000 106.96000 14.82600 85.91500
26 6 21 04 17 26911.40000 33.66800000 1534.50000 106.87000 14.82600 85.91500
26 6 21 04 18 26917.70000 33.66800000 1534.50000 106.86000 14.82600 85.91500
26 6 21 04 18 26917.70000 33.66800000 1534.50000 106.86000 14.82600 85.91500
26 6 21 04 19 26917.60000 33.66800000 1534.50000 106.86000 14.82600 85.91500
26 6 21 04 19 26897.80000 33.66800000 1534.50000 106.86000 14.82600 85.91500
26 6 21 04 19 26884.00000 33.66800000 1530.53000 106.86000 14.82600 85.91500
26 6 21 04 20 26884.00000 33.66800000 1532.31000 106.79000 14.82600 85.91500
26 6 21 04 20 26884.20000 33.66800000 1533.21000 106.79000 14.82600 85.91500
26 6 21 04 21 26884.20000 33.66800000 1533.58000 106.79000 14.82600 85.91500
26 6 21 04 21 26875.40000 33.66800000 1528.67000 106.79000 14.82600 85.91500
26 6 21 04 22 26831.10000 33.66800000 1528.67000 106.79000 14.82600 85.91500
26 6 21 04 22 26826.10000 33.66800000 1528.67000 106.79000 14.82600 85.91500
26 6 21 04 22 26826.10000 33.66800000 1528.67000 106.79000 14.82600 85.91500
26 6 21 04 23 26819.60000 33.66800000 1528.67000 106.79000 14.82600 85.91500
26 6 21 04 23 26804.90000 33.66800000 1528.67000 106.79000 14.82600 85.91500
26 6 21 04 24 26822.90000 33.66800000 1528.67000 106.46000 14.82600 85.91500
26 6 21 04 24 26835.90000 33.66800000 1527.20000 106.46000 14.82600 85.91500
26 6 21 04 25 26811.00000 33.66800000 1525.95000 106.46000 14.82600 85.91500
26 6 21 04 25 26818.70000 33.66800000 1527.90000 106.46000 14.82600 85.91500
26 6 21 04 25 26818.70000 33.66800000 1527.90000 106.46000 14.82600 85.91500
26 6 21 04 26 26847.20000 33.66800000 1530.93000 106.46000 14.82600 85.91500
26 6 21 04 26 26856.40000 33.66800000 1530.67000 106.46000 14.82600 85.91500
26 6 21 04 27 26866.30000 33.66800000 1530.67000 106.46000 14.82600 85.91500
26 6 21 04 27 26880.10000 33.66800000 1530.67000 106.51000 14.82600 85.91500
26 6 21 04 28 26884.20000 33.66800000 1530.67000 106.45000 14.82600 85.91500
26 6 21 04 28 26884.10000 33.66800000 1530.66000 106.45000 14.82600 85.91500
26 6 21 04 28 26884.20000 33.66800000 1530.47000 106.45000 14.82600 85.91500
26 6 21 04 29 26883.80000 33.66800000 1530.47000 106.45000 14.82600 85.91500
26 6 21 04 29 26883.80000 33.66800000 1529.22000 106.45000 14.82600 85.91500
26 6 21 04 30 26883.00000 33.66800000 1528.37000 106.45000 14.82600 85.91500
26 6 21 04 30 26913.10000 33.66800000 1530.27000 106.44000 14.82600 85.91500
26 6 21 04 31 26921.00000 33.66800000 1533.13000 106.44000 14.82600 85.91500
26 6 21 04 31 26967.20000 33.66800000 1534.46000 106.44000 14.82600 85.91500
26 6 21 04 31 27000.80000 33.66800000 1535.02000 106.44000 14.82600 85.91500
26 6 21 04 32 27000.80000 33.66800000 1533.86000 106.78000 14.82600 85.91500
26 6 21 04 32 26978.20000 33.66800000 1533.86000 106.78000 14.82600 85.91500
26 6 21 04 33 26981.10000 33.66800000 1534.11000 106.78000 14.82600 85.91500
26 6 21 04 33 26981.10000 33.66800000 1534.11000 106.78000 14.82600 85.91500
26 6 21 04 34 26981.10000 33.66800000 1534.32000 106.78000 14.82600 85.91500
26 6 21 04 34 26981.10000 33.66800000 1534.32000 106.78000 14.82600 85.91500
26 6 21 04 34 26981.10000 33.66800000 1534.86000 106.93000 14.82600 85.91500
26 6 21 04 35 26981.10000 33.66800000 1535.74000 106.93000 14.82600 85.91500
26 6 21 04 35 26981.10000 33.66800000 1535.74000 106.93000 14.82600 85.91500
26 6 21 04 36 26954.70000 33.66800000 1535.74000 106.93000 14.82600 85.91500
26 6 21 04 36 26932.80000 33.66800000 1533.82000 106.93000 14.82600 85.91500
26 6 21 04 37 26940.20000 33.66800000 1533.82000 106.93000 14.82600 85.91500
26 6 21 04 37 26940.20000 33.66800000 1533.82000 106.93000 14.82600 85.91500
26 6 21 04 37 26940.20000 33.66800000 1533.01000 106.93000 14.82600 85.91500
26 6 21 04 38 26913.30000 33.66800000 1533.00000 106.93000 14.82600 85.91500
26 6 21 04 38 26913.20000 33.66800000 1531.36000 106.77000 14.82600 85.91500
26 6 21 04 39 26913.30000 33.66800000 1531.36000 106.77000 14.82600 85.91500
26 6 21 04 39 26957.50000 33.66800000 1533.58000 106.77000 14.82600 85.91500
26 6 21 04 40 26962.10000 33.66800000 1533.58000 106.77000 14.82600 85.91500
26 6 21 04 40 26981.10000 33.66800000 1533.58000 106.77000 14.82600 85.91500
26 6 21 04 40 27004.40000 33.66800000 1533.58000 106.77000 14.82600 85.91500
26 6 21 04 41 27028.90000 33.66800000 1534.95000 106.77000 14.82600 85.91500
26 6 21 04 41 27028.90000 33.66800000 1534.95000 106.77000 14.82600 85.91500
