M=[
27 6 20 02 29 8140.60000 5.36000000 204.13000 38.27000 15.23000 49.23000
27 6 20 02 30 8140.60000 5.36000000 204.14000 38.27000 15.23000 49.23000
27 6 20 02 30 8140.50000 5.36000000 204.14000 38.27000 15.23000 49.23000
27 6 20 02 31 8140.50000 5.36000000 204.14000 38.27000 15.23000 49.23000
27 6 20 02 31 8140.60000 5.36000000 204.14000 38.27000 15.23000 49.23000
27 6 20 02 31 8140.60000 5.36000000 204.14000 38.27000 15.23000 49.23000
27 6 20 02 32 8140.60000 5.36000000 204.14000 38.27000 15.23000 49.23000
27 6 20 02 32 8140.60000 5.36000000 204.14000 38.27000 15.23000 49.23000
27 6 20 02 33 8140.60000 5.36000000 204.14000 38.27000 15.23000 49.23000
27 6 20 02 33 8138.00000 5.36000000 204.22000 38.27000 15.23000 49.23000
27 6 20 02 34 8138.00000 5.36000000 204.22000 38.27000 15.23000 49.23000
27 6 20 02 34 8138.00000 5.36000000 204.22000 38.27000 15.23000 49.23000
27 6 20 02 35 8138.00000 5.36000000 204.22000 38.27000 15.23000 49.23000
27 6 20 02 35 8138.00000 5.36000000 204.22000 38.27000 15.23000 49.23000
27 6 20 02 36 8137.90000 5.36000000 204.22000 38.27000 15.23000 49.23000
27 6 20 02 36 8137.90000 5.36000000 204.22000 38.27000 15.23000 49.23000
27 6 20 02 36 8137.40000 5.36000000 204.22000 38.27000 15.23000 49.23000
27 6 20 02 37 8137.10000 5.36000000 204.22000 38.27000 15.23000 49.23000
27 6 20 02 37 8137.10000 5.36000000 204.22000 38.27000 15.23000 49.23000
27 6 20 02 38 8136.90000 5.36000000 204.14000 38.27000 15.23000 49.23000
27 6 20 02 38 8136.80000 5.36000000 204.14000 38.15000 15.23000 49.23000
27 6 20 02 39 8135.80000 5.36000000 204.14000 38.15000 15.23000 49.23000
27 6 20 02 39 8136.50000 5.36000000 204.14000 38.15000 15.23000 49.23000
27 6 20 02 40 8136.50000 5.36000000 204.14000 38.15000 15.23000 49.23000
27 6 20 02 40 8136.50000 5.36200000 204.14000 38.15000 15.23000 49.23000
27 6 20 02 41 8136.50000 5.36200000 204.14000 38.15000 15.23000 49.23000
27 6 20 02 41 8136.60000 5.36200000 204.14000 38.15000 15.23000 49.23000
27 6 20 02 42 8136.60000 5.36200000 204.14000 38.15000 15.23000 49.23000
27 6 20 02 42 8136.60000 5.36000000 204.14000 38.15000 15.23000 49.23000
27 6 20 02 43 8132.60000 5.36200000 203.98000 38.15000 15.23000 49.23000
27 6 20 02 43 8131.60000 5.36200000 203.98000 38.15000 15.23000 49.23000
27 6 20 02 44 8132.00000 5.36200000 204.06000 38.15000 15.23000 49.23000
27 6 20 02 44 8133.40000 5.36200000 204.06000 38.15000 15.23000 49.23000
27 6 20 02 45 8132.50000 5.36200000 204.06000 38.11000 15.23000 49.23000
27 6 20 02 45 8133.00000 5.36200000 204.06000 38.11000 15.23000 49.23000
27 6 20 02 45 8133.00000 5.36200000 204.15000 38.11000 15.23000 49.23000
27 6 20 02 46 8133.00000 5.36200000 204.14000 38.11000 15.23000 49.23000
27 6 20 02 46 8133.00000 5.36200000 204.14000 38.11000 15.23000 49.23000
27 6 20 02 47 8133.50000 5.36200000 204.12000 38.11000 15.23000 49.23000
27 6 20 02 47 8133.50000 5.36200000 204.11000 38.11000 15.23000 49.23000
27 6 20 02 48 8130.50000 5.36200000 204.11000 38.11000 15.17400 49.23000
27 6 20 02 48 8131.30000 5.36200000 204.11000 38.11000 15.17400 49.23000
27 6 20 02 49 8131.30000 5.36200000 204.11000 38.11000 15.17400 49.23000
27 6 20 02 49 8128.80000 5.36200000 204.11000 38.11000 15.17400 49.23000
27 6 20 02 50 8131.10000 5.36200000 204.11000 38.11000 15.17400 49.23000
27 6 20 02 50 8131.10000 5.36200000 204.16000 38.11000 15.23000 49.23000
27 6 20 02 51 8131.60000 5.36200000 204.16000 38.11000 15.17400 49.23000
27 6 20 02 51 8128.90000 5.36200000 204.16000 38.11000 15.17400 49.23000
27 6 20 02 51 8128.90000 5.36200000 204.16000 38.11000 15.17400 49.23000
27 6 20 02 52 8128.90000 5.36200000 204.16000 38.11000 15.17400 49.23000
27 6 20 02 52 8128.90000 5.36200000 204.16000 38.11000 15.17400 49.23000
27 6 20 02 53 8128.90000 5.36200000 204.16000 38.11000 15.17400 49.02800
27 6 20 02 53 8128.90000 5.36200000 204.16000 38.11000 15.23000 49.02800
27 6 20 02 54 8128.90000 5.36200000 204.17000 38.11000 15.17400 49.02800
27 6 20 02 54 8128.90000 5.36200000 204.18000 38.11000 15.17400 49.02800
27 6 20 02 55 8128.90000 5.36200000 204.18000 38.11000 15.17400 49.02800
27 6 20 02 55 8132.00000 5.36200000 204.18000 38.11000 15.17400 49.02800
27 6 20 02 55 8133.60000 5.36200000 204.18000 38.11000 15.17400 49.02800
27 6 20 02 56 8133.60000 5.36200000 204.18000 38.11000 15.23000 49.02800
27 6 20 02 56 8133.60000 5.36200000 204.18000 38.11000 15.17400 49.02800
27 6 20 02 57 8136.50000 5.36200000 204.18000 38.11000 15.17400 49.02800
27 6 20 02 57 8136.50000 5.36200000 204.18000 38.11000 15.17400 49.02800
27 6 20 02 58 8141.90000 5.36200000 204.41000 38.11000 15.17400 49.02800
27 6 20 02 58 8144.10000 5.36200000 204.47000 38.11000 15.17400 49.02800
27 6 20 02 59 8147.70000 5.36200000 204.47000 38.11000 15.17400 49.02800
27 6 20 02 59 8147.70000 5.36200000 204.47000 38.11000 15.17400 49.02800
27 6 20 03 00 8148.00000 5.36200000 204.47000 38.11000 15.17400 49.02800
27 6 20 03 00 8148.00000 5.36200000 204.47000 38.11000 15.17400 49.02800
27 6 20 03 01 8148.10000 5.36200000 204.49000 38.11000 15.17400 49.02800
27 6 20 03 01 8146.00000 5.36200000 204.49000 38.11000 15.17400 49.02800
27 6 20 03 02 8145.10000 5.36200000 204.18000 38.11000 15.23000 49.02800
27 6 20 03 02 8145.10000 5.36200000 204.22000 38.17000 15.17400 49.02800
27 6 20 03 03 8145.80000 5.36200000 204.18000 38.16000 15.17400 49.02800
27 6 20 03 03 8142.80000 5.36200000 204.18000 38.16000 15.17400 49.02800
27 6 20 03 03 8142.80000 5.36200000 204.18000 38.16000 15.17400 49.02800
27 6 20 03 04 8141.80000 5.36200000 204.18000 38.16000 15.17400 49.02800
27 6 20 03 04 8141.80000 5.36200000 204.17000 38.16000 15.23000 49.02800
27 6 20 03 05 8143.70000 5.36200000 204.17000 38.16000 15.17400 49.02800
27 6 20 03 05 8143.70000 5.36200000 204.17000 38.16000 15.17400 49.02800
27 6 20 03 06 8144.20000 5.36200000 204.17000 38.16000 15.23000 49.02800
27 6 20 03 06 8144.20000 5.36200000 204.23000 38.16000 15.17400 49.02800
27 6 20 03 07 8144.20000 5.36200000 204.23000 38.16000 15.17400 49.02800
27 6 20 03 07 8146.70000 5.36200000 204.26000 38.16000 15.23000 49.02800
27 6 20 03 08 8146.70000 5.36200000 204.26000 38.16000 15.17400 49.02800
27 6 20 03 08 8145.80000 5.36200000 204.26000 38.16000 15.17400 49.02800
27 6 20 03 08 8146.70000 5.36200000 204.26000 38.16000 15.17400 49.02800
27 6 20 03 09 8145.80000 5.36200000 204.26000 38.16000 15.17400 49.02800
27 6 20 03 09 8145.80000 5.36200000 204.23000 38.16000 15.17400 49.02800
27 6 20 03 10 8147.00000 5.36200000 204.23000 38.16000 15.17400 49.02800
27 6 20 03 10 8147.00000 5.36200000 204.23000 38.16000 15.17400 49.02800
27 6 20 03 11 8147.00000 5.36200000 204.23000 38.16000 15.17400 49.02800
27 6 20 03 11 8147.00000 5.36200000 204.23000 38.16000 15.17400 49.02800
27 6 20 03 12 8147.30000 5.36200000 204.21000 38.16000 15.17400 49.02800
27 6 20 03 12 8146.00000 5.36200000 204.21000 38.16000 15.17400 49.02800
27 6 20 03 13 8146.00000 5.36200000 204.21000 38.16000 15.17400 49.02800
27 6 20 03 13 8147.60000 5.36000000 204.21000 38.16000 15.23000 49.02800
27 6 20 03 13 8147.60000 5.36200000 204.18000 38.16000 15.17400 49.02800
27 6 20 03 14 8147.60000 5.36200000 204.18000 38.16000 15.17400 49.02800
27 6 20 03 14 8147.60000 5.36200000 204.18000 38.16000 15.17400 49.02800
27 6 20 03 15 8147.60000 5.36200000 204.18000 38.16000 15.17400 49.02800
27 6 20 03 15 8148.00000 5.36200000 204.18000 38.16000 15.17400 49.02800
27 6 20 03 16 8151.30000 5.36000000 204.18000 38.16000 15.17400 49.02800
27 6 20 03 16 8152.70000 5.36200000 204.31000 38.16000 15.17400 49.02800
27 6 20 03 17 8157.50000 5.36200000 204.48000 38.16000 15.17400 49.02800
27 6 20 03 17 8157.50000 5.36000000 204.52000 38.16000 15.23000 49.02800
27 6 20 03 18 8157.60000 5.36200000 204.52000 38.16000 15.17400 49.02800
27 6 20 03 18 8157.60000 5.36200000 204.50000 38.16000 15.17400 49.02800
27 6 20 03 19 8157.60000 5.36200000 204.50000 38.16000 15.17400 49.02800
27 6 20 03 19 8157.60000 5.36200000 204.47000 38.16000 15.14000 49.02800
