M=[
16 7 21 12 19 26568.90000 35.33200000 1589.73000 103.27000 17.61600 79.84500
16 7 21 12 19 26612.10000 35.51500000 1591.98000 103.37000 17.61600 80.01600
16 7 21 12 20 26632.70000 35.55300000 1596.40000 103.55000 17.47800 80.03900
16 7 21 12 20 26700.10000 35.55300000 1603.53000 103.83000 17.54800 80.20100
16 7 21 12 20 26685.20000 35.55300000 1599.09000 103.83000 17.49800 80.20100
16 7 21 12 21 26703.80000 35.55300000 1600.28000 103.74000 17.49800 80.20100
16 7 21 12 21 26686.80000 35.55300000 1598.39000 103.74000 17.47300 80.20100
16 7 21 12 22 26667.10000 35.55300000 1595.78000 103.74000 17.49600 80.20100
16 7 21 12 22 26658.10000 35.55300000 1594.08000 103.44000 17.49600 80.18900
16 7 21 12 23 26650.00000 35.55300000 1593.31000 103.44000 17.49700 80.18900
16 7 21 12 23 26617.40000 35.55300000 1591.13000 103.44000 17.49700 80.18900
16 7 21 12 23 26621.50000 35.55300000 1591.61000 103.44000 17.49700 80.18900
16 7 21 12 24 26613.40000 35.66200000 1590.75000 103.44000 17.49700 80.18900
16 7 21 12 24 26617.90000 35.66200000 1591.33000 103.36000 17.58600 80.18900
16 7 21 12 25 26618.00000 35.70600000 1592.93000 103.36000 17.58600 80.14300
16 7 21 12 25 26619.10000 35.72300000 1590.30000 103.28000 17.58600 80.14300
16 7 21 12 26 26611.00000 35.56800000 1588.90000 103.15000 17.58600 80.14300
16 7 21 12 26 26604.10000 35.56800000 1589.26000 103.14000 17.58600 80.14300
16 7 21 12 27 26600.10000 35.56800000 1589.10000 103.14000 17.58600 80.14300
16 7 21 12 27 26579.00000 35.62300000 1589.11000 103.14000 17.58600 80.14300
16 7 21 12 27 26592.20000 35.62300000 1588.59000 103.14000 17.58600 80.14300
16 7 21 12 28 26583.80000 35.62300000 1586.11000 103.14000 17.58600 80.14300
16 7 21 12 28 26579.80000 35.62300000 1587.35000 103.14000 17.58600 80.14300
16 7 21 12 29 26580.40000 35.56600000 1586.18000 103.14000 17.58600 80.14300
16 7 21 12 29 26584.50000 35.56600000 1586.96000 103.09000 17.58600 80.14300
16 7 21 12 30 26630.10000 35.56600000 1590.28000 103.29000 17.58600 80.14300
16 7 21 12 30 26619.10000 35.56600000 1589.08000 103.29000 17.58600 79.94800
16 7 21 12 30 26606.30000 35.54200000 1588.24000 103.16000 17.58600 79.94800
16 7 21 12 31 26584.70000 35.54200000 1586.39000 103.03000 17.58600 79.94800
16 7 21 12 31 26579.10000 35.54200000 1585.94000 103.03000 17.58600 79.94800
16 7 21 12 32 26591.80000 35.54200000 1585.16000 103.00000 17.58600 79.94800
16 7 21 12 32 26591.70000 35.54200000 1585.16000 103.02000 17.58600 79.76600
16 7 21 12 33 26587.80000 35.54200000 1585.33000 102.99000 17.58600 79.76600
16 7 21 12 33 26587.40000 35.54200000 1585.16000 102.99000 17.66100 79.76600
16 7 21 12 33 26603.70000 35.54200000 1585.16000 102.99000 17.66100 79.76600
16 7 21 12 34 26604.40000 35.54200000 1585.80000 102.99000 17.66100 79.76600
16 7 21 12 34 26604.40000 35.54200000 1583.42000 102.99000 17.66100 79.76600
16 7 21 12 35 26604.50000 35.54200000 1584.40000 102.99000 17.66100 79.76600
16 7 21 12 35 26639.10000 35.54200000 1584.92000 102.99000 17.66100 79.76600
16 7 21 12 36 26626.40000 35.54200000 1585.64000 102.99000 17.66100 79.76600
16 7 21 12 36 26615.80000 35.54200000 1584.92000 103.12000 17.66100 79.76600
16 7 21 12 36 26612.60000 35.54200000 1585.33000 103.12000 17.66100 79.76600
16 7 21 12 37 26617.20000 35.54200000 1585.69000 103.12000 17.58500 79.76600
16 7 21 12 37 26600.10000 35.54200000 1584.93000 103.12000 17.58500 79.76600
16 7 21 12 38 26583.20000 35.54200000 1583.41000 103.12000 17.58500 79.69000
16 7 21 12 38 26581.90000 35.54200000 1583.41000 103.12000 17.63800 79.69000
16 7 21 12 39 26579.90000 35.54200000 1583.31000 103.12000 17.75500 79.69000
16 7 21 12 39 26565.70000 35.54200000 1581.82000 103.12000 17.75500 79.69000
16 7 21 12 39 26572.90000 35.54200000 1582.11000 103.12000 17.82100 79.69000
16 7 21 12 40 26581.90000 35.54200000 1583.75000 103.04000 17.82100 79.69000
16 7 21 12 40 26576.60000 35.54200000 1583.41000 103.04000 17.82100 79.69000
16 7 21 12 41 26573.00000 35.54200000 1583.40000 103.04000 17.82100 79.69000
16 7 21 12 41 26562.80000 35.54200000 1581.58000 103.04000 17.82100 79.69000
16 7 21 12 42 26554.20000 35.35600000 1581.56000 103.04000 17.82100 79.69000
16 7 21 12 42 26542.20000 35.35600000 1581.90000 102.90000 17.82100 79.69000
16 7 21 12 42 26548.00000 35.35600000 1581.91000 102.90000 17.82100 79.69000
16 7 21 12 43 26542.20000 35.35900000 1580.91000 102.90000 17.82100 79.45400
16 7 21 12 43 26542.20000 35.35800000 1580.50000 102.90000 17.82100 79.45400
16 7 21 12 44 26537.10000 35.35800000 1579.30000 102.83000 17.82100 79.38100
16 7 21 12 44 26505.30000 35.35800000 1575.87000 102.64000 17.82100 79.38100
16 7 21 12 45 26486.30000 35.30000000 1577.54000 102.64000 17.63300 79.38100
16 7 21 12 45 26466.30000 35.21600000 1575.95000 102.64000 17.63300 79.38100
16 7 21 12 46 26455.20000 35.21600000 1577.12000 102.51000 17.63300 79.38100
16 7 21 12 46 26510.40000 35.22400000 1577.90000 102.51000 17.63300 79.38100
16 7 21 12 46 26507.90000 35.22400000 1578.83000 102.51000 17.63300 79.29600
16 7 21 12 47 26481.60000 35.22400000 1577.31000 102.51000 17.63300 79.29600
16 7 21 12 47 26496.40000 35.20700000 1578.22000 102.51000 17.63300 79.29600
16 7 21 12 48 26522.30000 35.25800000 1579.27000 102.51000 17.63300 79.32700
16 7 21 12 48 26535.70000 35.35100000 1579.92000 102.51000 17.63300 79.33500
16 7 21 12 49 26538.20000 35.35100000 1580.38000 102.51000 17.63300 79.33500
16 7 21 12 49 26543.60000 35.35100000 1579.19000 102.51000 17.63300 79.33500
16 7 21 12 49 26550.00000 35.35100000 1579.81000 102.66000 17.63300 79.33500
16 7 21 12 50 26552.30000 35.29200000 1580.21000 102.74000 17.63300 79.33500
16 7 21 12 50 26567.40000 35.29200000 1580.67000 102.74000 17.70200 79.33500
16 7 21 12 51 26573.70000 35.29200000 1580.74000 102.74000 17.70200 79.33500
16 7 21 12 51 26567.30000 35.29200000 1578.97000 102.81000 17.70200 79.33500
16 7 21 12 52 26567.30000 35.29200000 1580.18000 102.81000 17.70200 79.33500
16 7 21 12 52 26555.60000 35.29200000 1581.61000 102.81000 17.70200 79.33500
16 7 21 12 52 26543.00000 35.29200000 1581.02000 102.81000 17.70200 79.33500
16 7 21 12 53 26573.70000 35.29200000 1584.40000 102.81000 17.70200 79.33500
16 7 21 12 53 26702.00000 35.64800000 1590.64000 103.26000 17.70200 79.70500
16 7 21 12 54 26704.50000 35.68200000 1592.17000 103.41000 17.70200 79.70500
16 7 21 12 54 26720.00000 35.68200000 1594.31000 103.41000 17.70200 79.70500
16 7 21 12 55 26703.10000 35.68200000 1592.74000 103.35000 17.70200 79.70500
16 7 21 12 55 26728.70000 35.66500000 1593.51000 103.35000 17.70200 79.70500
16 7 21 12 55 26728.60000 35.66500000 1593.12000 103.21000 17.70200 79.70500
16 7 21 12 56 26760.80000 35.66500000 1595.59000 103.47000 17.70200 79.70500
16 7 21 12 56 26790.90000 35.66500000 1601.79000 103.60000 17.70200 79.70500
16 7 21 12 57 26867.00000 35.66500000 1603.92000 103.60000 17.75500 79.70500
16 7 21 12 57 26872.80000 35.66500000 1605.10000 103.60000 17.62000 79.70500
16 7 21 12 58 26889.50000 35.82300000 1601.01000 103.60000 17.75400 79.70500
16 7 21 12 58 26926.80000 35.88100000 1606.80000 104.16000 17.75400 80.45400
16 7 21 12 58 26879.90000 35.88100000 1603.64000 104.13000 17.75400 80.56700
16 7 21 12 59 26855.00000 35.88100000 1599.92000 104.13000 17.75400 80.56700
16 7 21 12 59 26854.80000 35.88100000 1601.78000 104.07000 17.75400 80.56700
16 7 21 13 00 26909.60000 35.95900000 1602.37000 104.07000 17.54800 80.56700
16 7 21 13 00 26987.20000 36.04700000 1611.80000 104.30000 17.53200 80.83800
16 7 21 13 01 27081.60000 36.28400000 1616.40000 104.81000 17.53000 81.16100
16 7 21 13 01 27019.10000 36.28400000 1614.83000 104.61000 17.53000 81.16100
16 7 21 13 01 27043.70000 36.28400000 1614.83000 104.58000 17.53000 81.21000
16 7 21 13 02 27051.70000 36.28400000 1613.02000 104.57000 17.53000 81.25600
16 7 21 13 02 27041.80000 36.28400000 1614.43000 104.56000 17.53000 81.27500
16 7 21 13 03 27050.90000 36.28400000 1613.72000 104.64000 17.53000 81.27500
