M=[
17 6 21 19 09 31662.50000 46.00100000 1956.71000 137.80000 19.81200 116.86200
17 6 21 19 09 31658.60000 46.00100000 1956.96000 137.95000 19.81200 116.86200
17 6 21 19 10 31685.10000 46.00100000 1957.55000 137.95000 19.81200 116.86200
17 6 21 19 10 31712.60000 46.00100000 1958.47000 137.95000 19.81200 116.86200
17 6 21 19 11 31713.20000 46.00100000 1961.13000 137.87000 19.81200 116.86200
17 6 21 19 11 31728.80000 46.00100000 1959.84000 137.87000 19.81200 116.86200
17 6 21 19 12 31720.70000 46.00100000 1960.02000 138.04000 19.81200 116.86200
17 6 21 19 12 31708.90000 46.00100000 1959.19000 138.02000 19.81200 116.86200
17 6 21 19 12 31726.30000 46.00100000 1960.04000 138.02000 19.81200 116.86200
17 6 21 19 13 31750.20000 46.00100000 1960.40000 138.02000 19.81200 116.86200
17 6 21 19 13 31759.50000 46.00100000 1960.66000 138.09000 19.81200 116.86200
17 6 21 19 14 31759.00000 46.00100000 1960.94000 138.07000 19.81200 116.86200
17 6 21 19 14 31737.40000 46.00100000 1961.17000 138.07000 19.81200 116.86200
17 6 21 19 15 31705.20000 46.00100000 1959.84000 138.07000 19.81200 116.86200
17 6 21 19 15 31667.50000 46.00100000 1957.44000 138.07000 19.81200 116.86200
17 6 21 19 15 31668.00000 46.00100000 1957.28000 137.74000 19.81200 116.70300
17 6 21 19 16 31663.10000 46.00100000 1957.29000 137.77000 19.81200 116.66600
17 6 21 19 16 31679.70000 46.00100000 1957.52000 137.68000 19.81200 116.66600
17 6 21 19 17 31679.70000 46.00100000 1957.17000 137.68000 19.81200 116.66600
17 6 21 19 17 31667.60000 46.00100000 1957.19000 137.68000 19.81200 116.66600
17 6 21 19 18 31683.90000 46.00100000 1957.40000 137.70000 19.81200 116.66600
17 6 21 19 18 31651.60000 46.00100000 1956.64000 137.62000 19.81200 116.66600
17 6 21 19 18 31672.90000 46.00100000 1956.43000 137.64000 19.81200 116.56600
17 6 21 19 19 31686.20000 46.00100000 1956.43000 137.64000 19.81200 116.56600
17 6 21 19 19 31702.30000 46.00100000 1956.43000 137.77000 19.81200 116.56600
17 6 21 19 20 31694.00000 46.00100000 1956.43000 138.17000 19.81200 116.56600
17 6 21 19 20 31703.80000 46.00100000 1959.43000 138.08000 19.81200 116.56600
17 6 21 19 21 31700.70000 46.00100000 1960.04000 138.15000 19.81200 116.56600
17 6 21 19 21 31693.60000 46.00100000 1960.90000 138.20000 19.81200 116.56600
17 6 21 19 21 31716.80000 46.00100000 1962.81000 138.20000 19.81200 116.56600
17 6 21 19 22 31724.30000 46.00100000 1963.60000 138.23000 19.81200 116.56600
17 6 21 19 22 31746.40000 46.00100000 1964.47000 138.23000 19.81200 116.56600
17 6 21 19 23 31731.90000 46.00100000 1963.18000 138.23000 19.81200 116.56600
17 6 21 19 23 31723.10000 46.00100000 1963.18000 138.23000 19.81200 116.56600
17 6 21 19 24 31771.50000 46.22500000 1964.36000 138.18000 19.81200 116.56600
17 6 21 19 24 31777.50000 46.22500000 1964.51000 138.13000 19.81200 116.56600
17 6 21 19 24 31767.20000 46.22500000 1964.52000 138.13000 19.81200 116.56600
17 6 21 19 25 31761.30000 46.22500000 1964.53000 138.13000 19.81200 116.56600
17 6 21 19 25 31755.10000 46.22500000 1964.32000 138.13000 19.81200 116.56600
17 6 21 19 26 31741.90000 46.22500000 1964.07000 138.01000 19.81200 116.56600
17 6 21 19 26 31744.70000 46.22500000 1965.14000 138.01000 19.81200 116.56600
17 6 21 19 27 31746.40000 46.22500000 1965.01000 138.07000 19.81200 116.56600
17 6 21 19 27 31750.70000 46.22500000 1965.10000 138.10000 19.81200 116.56600
17 6 21 19 27 31753.40000 46.22500000 1965.10000 138.10000 19.81200 116.56600
17 6 21 19 28 31748.40000 46.22500000 1966.03000 138.10000 19.81200 116.56600
17 6 21 19 28 31734.50000 46.22500000 1965.11000 138.07000 19.81200 116.56600
17 6 21 19 29 31717.50000 46.22500000 1965.11000 138.07000 19.81200 116.56600
17 6 21 19 29 31717.60000 46.22500000 1965.11000 138.07000 19.81200 116.49100
17 6 21 19 30 31714.30000 46.22500000 1965.10000 138.10000 19.81200 116.49100
17 6 21 19 30 31721.50000 46.22500000 1964.84000 138.10000 19.81200 116.49100
17 6 21 19 30 31721.40000 46.22500000 1965.07000 138.10000 19.81200 116.49100
17 6 21 19 31 31736.80000 46.22500000 1965.86000 138.10000 19.81200 116.49100
17 6 21 19 31 31744.90000 46.22500000 1966.02000 138.10000 19.81200 116.49100
17 6 21 19 32 31771.90000 46.22500000 1969.38000 138.10000 19.81200 116.56200
17 6 21 19 32 31771.90000 46.22500000 1967.37000 138.25000 19.81200 116.53400
17 6 21 19 33 31771.10000 46.22500000 1967.27000 138.12000 19.81200 116.53400
17 6 21 19 33 31771.90000 46.22500000 1967.27000 138.12000 19.81200 116.53400
17 6 21 19 33 31777.60000 46.22500000 1967.28000 138.12000 19.81200 116.53400
17 6 21 19 34 31771.10000 46.22500000 1967.28000 138.12000 19.81200 116.53400
17 6 21 19 34 31771.10000 46.24900000 1967.28000 138.12000 19.81200 116.53400
17 6 21 19 35 31771.10000 46.24900000 1966.51000 138.04000 19.75800 116.53400
17 6 21 19 35 31779.30000 46.24900000 1967.27000 138.04000 19.75800 116.53400
17 6 21 19 36 31779.20000 46.24900000 1967.29000 138.04000 19.75800 116.53400
17 6 21 19 36 31779.50000 46.24900000 1968.15000 138.02000 19.75800 116.53400
17 6 21 19 36 31779.60000 46.24900000 1968.21000 138.02000 19.75800 116.53400
17 6 21 19 37 31783.10000 46.24900000 1968.21000 138.02000 19.75800 116.53400
17 6 21 19 37 31799.10000 46.24900000 1968.70000 137.98000 19.75800 116.53400
17 6 21 19 38 31800.00000 46.24900000 1968.70000 138.00000 19.75800 116.53400
17 6 21 19 38 31784.90000 46.24900000 1969.27000 138.00000 19.75800 116.53400
17 6 21 19 39 31800.00000 46.24900000 1969.78000 138.00000 19.75800 116.53400
17 6 21 19 39 31803.40000 46.24900000 1973.98000 138.00000 19.75800 116.53400
17 6 21 19 39 31847.60000 46.24900000 1974.68000 138.54000 19.75800 116.53400
17 6 21 19 40 31844.60000 46.24900000 1975.26000 138.49000 19.75800 116.88100
17 6 21 19 40 31822.60000 46.24900000 1974.38000 138.49000 19.75800 116.88100
17 6 21 19 41 31822.80000 46.24900000 1973.27000 138.49000 19.75800 116.88100
17 6 21 19 41 31822.80000 46.24900000 1972.86000 138.49000 19.75800 116.88100
17 6 21 19 42 31822.80000 46.24900000 1972.90000 138.23000 19.75800 116.88100
17 6 21 19 42 31811.70000 46.24900000 1972.35000 138.23000 19.75800 116.88100
17 6 21 19 42 31812.80000 46.24900000 1972.26000 138.23000 19.75800 116.88100
17 6 21 19 43 31805.70000 46.24900000 1972.26000 138.17000 19.78500 116.88100
17 6 21 19 43 31802.00000 46.24900000 1971.64000 138.20000 19.78500 116.88100
17 6 21 19 44 31801.90000 46.24900000 1971.45000 138.17000 19.78500 116.88100
17 6 21 19 44 31785.60000 46.24900000 1971.45000 138.10000 19.78500 116.88100
17 6 21 19 45 31789.80000 46.24900000 1970.58000 138.19000 19.78500 116.88100
17 6 21 19 45 31777.50000 46.24900000 1970.72000 138.19000 19.78500 116.88100
17 6 21 19 45 31819.50000 46.24900000 1968.85000 138.19000 19.78500 116.88100
17 6 21 19 46 31786.30000 46.24900000 1970.66000 138.19000 19.78500 116.88100
17 6 21 19 46 31778.20000 46.24900000 1970.34000 138.08000 19.78500 116.88100
17 6 21 19 47 31763.40000 46.24900000 1970.34000 138.08000 19.78500 116.88100
17 6 21 19 47 31767.00000 46.24900000 1970.00000 138.23000 19.78500 116.88100
17 6 21 19 48 31758.70000 46.24900000 1968.10000 138.34000 19.78500 116.88100
17 6 21 19 48 31775.60000 46.24900000 1968.73000 138.34000 19.77600 116.88100
17 6 21 19 48 31767.70000 46.24900000 1968.00000 138.34000 19.77600 116.88100
17 6 21 19 49 31772.90000 46.24900000 1966.98000 138.34000 19.77600 116.88100
17 6 21 19 49 31754.50000 46.24900000 1966.79000 138.12000 19.77600 116.88100
17 6 21 19 50 31756.20000 46.20500000 1966.36000 138.08000 19.77600 116.88100
17 6 21 19 50 31757.60000 46.20500000 1968.00000 138.08000 19.77600 116.88100
17 6 21 19 51 31750.10000 46.20500000 1968.00000 138.01000 19.77600 116.88100
17 6 21 19 51 31750.10000 46.20500000 1965.74000 137.96000 19.77600 116.88100
17 6 21 19 51 31746.30000 46.20500000 1965.74000 137.96000 19.77600 116.88100
17 6 21 19 52 31740.60000 46.20500000 1965.73000 137.96000 19.77600 116.88100
17 6 21 19 52 31726.50000 46.20500000 1965.01000 137.96000 19.77600 116.88100
