M=[
12 4 21 05 40 50477.10000 16.75800000 1803.02000 211.83000 40.29000 194.69300
12 4 21 05 41 50482.40000 16.75800000 1802.70000 211.83000 40.29000 194.69300
12 4 21 05 41 50485.40000 16.77200000 1802.70000 211.83000 40.29000 194.69300
12 4 21 05 42 50475.60000 16.77200000 1803.91000 211.92000 40.29000 194.69300
12 4 21 05 42 50481.30000 16.77200000 1803.91000 211.92000 40.29000 194.69300
12 4 21 05 43 50492.60000 16.77200000 1803.98000 211.92000 40.29000 194.69300
12 4 21 05 43 50475.20000 16.77200000 1803.66000 211.92000 40.29000 195.23700
12 4 21 05 43 50481.10000 16.77200000 1803.75000 211.96000 40.29000 195.23700
12 4 21 05 44 50484.10000 16.77200000 1803.66000 212.02000 40.29000 195.22200
12 4 21 05 44 50477.20000 16.77200000 1803.95000 212.02000 40.29000 195.22200
12 4 21 05 45 50485.10000 16.77200000 1803.73000 212.02000 40.29000 195.22200
12 4 21 05 45 50477.30000 16.77200000 1803.73000 212.02000 40.29000 195.22200
12 4 21 05 46 50465.40000 16.77200000 1803.73000 211.77000 40.29000 195.53900
12 4 21 05 46 50469.80000 16.77200000 1803.74000 211.81000 40.29000 195.30600
12 4 21 05 46 50477.30000 16.77200000 1803.74000 211.81000 40.29000 195.30600
12 4 21 05 47 50477.30000 16.77200000 1803.51000 211.81000 40.29000 195.30600
12 4 21 05 47 50477.30000 16.77200000 1803.50000 211.63000 40.29000 195.30600
12 4 21 05 48 50477.40000 16.76600000 1803.60000 211.67000 40.29000 195.30600
12 4 21 05 48 50477.30000 16.76600000 1803.80000 211.68000 40.29000 195.30600
12 4 21 05 49 50488.80000 16.76600000 1803.65000 211.65000 40.29000 195.30600
12 4 21 05 49 50483.10000 16.76600000 1803.65000 211.65000 40.29000 195.30600
12 4 21 05 49 50483.10000 16.76600000 1803.65000 211.64000 40.29000 195.30600
12 4 21 05 50 50476.90000 16.76600000 1803.50000 211.64000 40.29000 195.22200
12 4 21 05 50 50476.90000 16.76600000 1803.51000 211.64000 40.29000 195.22200
12 4 21 05 51 50468.80000 16.76600000 1803.51000 211.64000 40.29000 195.03400
12 4 21 05 51 50468.80000 16.76600000 1803.51000 211.85000 40.29000 195.03400
12 4 21 05 52 50468.80000 16.76600000 1803.51000 211.85000 40.29000 195.03400
12 4 21 05 52 50469.00000 16.76800000 1802.98000 211.85000 40.29000 194.93100
12 4 21 05 52 50468.90000 16.76800000 1802.00000 212.20000 40.29000 194.93100
12 4 21 05 53 50470.00000 16.76800000 1801.99000 212.83000 40.29000 194.93100
12 4 21 05 53 50475.20000 16.76800000 1801.99000 212.83000 40.22000 194.93100
12 4 21 05 54 50479.10000 16.76800000 1801.78000 212.83000 40.22000 194.95900
12 4 21 05 54 50468.80000 16.76800000 1801.78000 212.47000 40.22000 194.93100
12 4 21 05 55 50468.80000 16.76800000 1801.78000 212.47000 40.22600 194.93100
12 4 21 05 55 50468.90000 16.76800000 1801.78000 213.07000 40.22600 194.93100
12 4 21 05 55 50467.10000 16.76800000 1800.28000 213.07000 40.22600 194.93100
12 4 21 05 56 50469.50000 16.76800000 1800.38000 213.07000 40.22600 194.93100
12 4 21 05 56 50469.40000 16.76800000 1800.05000 213.07000 40.22600 194.93100
12 4 21 05 57 50467.50000 16.76800000 1800.04000 212.92000 40.42300 194.93000
12 4 21 05 57 50467.40000 16.76800000 1800.37000 213.03000 40.42700 194.93000
12 4 21 05 58 50467.40000 16.76800000 1800.30000 213.03000 40.42700 194.93000
12 4 21 05 58 50467.50000 16.76800000 1801.14000 213.03000 40.42700 194.93000
12 4 21 05 58 50499.90000 16.76800000 1801.14000 213.03000 40.42700 194.93000
12 4 21 05 59 50499.90000 16.76800000 1802.63000 213.26000 40.42700 194.61000
12 4 21 05 59 50499.90000 16.76800000 1802.98000 213.26000 40.42700 194.61000
12 4 21 06 00 50540.00000 16.76800000 1803.51000 214.23000 40.42700 194.61000
12 4 21 06 00 50578.10000 16.76800000 1803.51000 213.82000 40.42700 194.61000
12 4 21 06 01 50598.80000 16.76800000 1803.55000 213.47000 40.42700 194.61000
12 4 21 06 01 50563.60000 16.76800000 1803.55000 213.31000 40.42700 194.61000
12 4 21 06 01 50542.30000 16.76800000 1802.95000 213.31000 40.42700 194.61000
12 4 21 06 02 50521.70000 16.76800000 1801.67000 212.70000 40.42700 194.55300
12 4 21 06 02 50515.00000 16.76800000 1801.81000 212.95000 40.42700 194.52700
12 4 21 06 03 50503.40000 16.76800000 1801.81000 212.95000 40.22000 194.52700
12 4 21 06 03 50500.00000 16.76800000 1801.57000 212.95000 40.22000 194.52700
12 4 21 06 04 50500.90000 16.76800000 1801.00000 212.95000 40.22000 194.52700
12 4 21 06 04 50500.90000 16.76800000 1801.70000 212.95000 40.22000 194.52700
12 4 21 06 04 50500.80000 16.76800000 1801.53000 212.95000 40.22000 194.52700
12 4 21 06 05 50500.90000 16.76800000 1801.54000 213.19000 40.22000 194.52700
12 4 21 06 05 50500.90000 16.76800000 1801.24000 213.14000 40.22000 194.52700
12 4 21 06 06 50500.80000 16.76800000 1801.26000 213.28000 40.22000 194.52700
12 4 21 06 06 50500.80000 16.76800000 1801.25000 213.03000 40.22000 194.52700
12 4 21 06 07 50500.90000 16.76800000 1800.84000 213.02000 40.22000 194.52700
12 4 21 06 07 50500.80000 16.76800000 1801.47000 213.02000 40.22000 194.52700
12 4 21 06 07 50500.90000 16.76800000 1801.20000 213.02000 40.22000 194.52700
12 4 21 06 08 50500.90000 16.76800000 1801.51000 213.02000 40.22000 194.52700
12 4 21 06 08 50500.90000 16.76800000 1801.75000 213.02000 40.22000 194.67500
12 4 21 06 09 50500.90000 16.76800000 1801.82000 213.04000 40.22000 194.67500
12 4 21 06 09 50500.90000 16.76800000 1801.82000 213.04000 40.22000 194.67500
12 4 21 06 10 50500.90000 16.76800000 1802.14000 212.93000 40.22000 194.52700
12 4 21 06 10 50528.20000 16.76800000 1802.39000 212.93000 40.22000 194.42400
12 4 21 06 10 50500.50000 16.76800000 1802.24000 212.91000 40.22000 194.42400
12 4 21 06 11 50522.50000 16.76800000 1802.93000 212.91000 40.22000 194.42400
12 4 21 06 11 50543.00000 16.76800000 1803.09000 212.91000 40.22000 194.42400
12 4 21 06 12 50548.60000 16.76800000 1803.13000 212.98000 40.22000 194.42400
12 4 21 06 12 50548.60000 16.76800000 1803.32000 212.96000 40.22000 194.42400
12 4 21 06 13 50558.90000 16.76800000 1804.81000 213.08000 40.22000 194.42400
12 4 21 06 13 50557.50000 16.83100000 1804.54000 213.12000 40.22000 194.42400
12 4 21 06 13 50554.90000 16.83100000 1804.10000 213.12000 40.22000 194.42400
12 4 21 06 14 50506.80000 16.83100000 1802.63000 212.86000 40.22000 194.42400
12 4 21 06 14 50509.10000 16.83100000 1802.63000 212.86000 40.22000 194.39500
12 4 21 06 15 50514.40000 16.76800000 1802.76000 212.86000 40.18800 194.13000
12 4 21 06 15 50500.90000 16.79800000 1802.22000 212.65000 40.18800 194.13000
12 4 21 06 16 50504.50000 16.79800000 1802.22000 212.65000 40.18800 194.13000
12 4 21 06 16 50500.50000 16.79800000 1802.22000 212.73000 40.18800 194.13000
12 4 21 06 16 50500.00000 16.79800000 1802.22000 212.73000 40.18800 194.13000
12 4 21 06 17 50499.90000 16.79800000 1803.99000 212.87000 40.18800 194.13000
12 4 21 06 17 50553.50000 16.79800000 1805.17000 212.98000 40.18800 194.13000
12 4 21 06 18 50564.90000 16.79800000 1806.27000 212.98000 40.18800 194.13000
12 4 21 06 18 50564.90000 16.79800000 1806.46000 212.98000 40.18800 194.13000
12 4 21 06 19 50564.80000 16.79800000 1806.24000 213.01000 40.18800 194.13000
12 4 21 06 19 50564.90000 16.79800000 1806.46000 213.11000 40.18800 194.13000
12 4 21 06 19 50568.00000 16.79800000 1807.48000 213.11000 40.18800 194.13000
12 4 21 06 20 50576.00000 16.83300000 1807.27000 213.10000 40.18800 194.13000
12 4 21 06 20 50575.90000 16.83300000 1807.45000 213.28000 40.18800 194.13000
12 4 21 06 21 50599.90000 16.83300000 1808.16000 213.60000 40.38000 194.13000
12 4 21 06 21 50600.00000 16.88200000 1808.55000 213.55000 40.38000 194.13000
12 4 21 06 22 50600.00000 16.88200000 1808.08000 213.55000 40.42700 194.13000
12 4 21 06 22 50607.50000 16.88200000 1808.08000 213.30000 40.48800 194.79700
12 4 21 06 22 50596.60000 16.88200000 1806.09000 213.26000 40.48800 194.79700
12 4 21 06 23 50596.70000 16.88200000 1806.32000 213.07000 40.48800 194.79700
12 4 21 06 23 50596.60000 16.88200000 1806.48000 213.00000 40.48800 194.13000
12 4 21 06 24 50592.80000 16.88200000 1805.91000 213.00000 40.48800 193.56100
