M=[
24 5 20 09 08 8513.40000 6.17800000 192.80000 40.75000 11.63300 43.51600
24 5 20 09 08 8513.50000 6.17800000 192.80000 40.75000 11.63300 43.51600
24 5 20 09 09 8513.50000 6.17800000 192.80000 40.75000 11.63300 43.51600
24 5 20 09 09 8520.00000 6.17800000 192.80000 40.78000 11.63300 43.51600
24 5 20 09 09 8519.90000 6.17800000 192.80000 40.78000 11.63300 43.51600
24 5 20 09 10 8521.90000 6.18000000 192.80000 40.78000 11.63300 43.51600
24 5 20 09 10 8525.10000 6.18700000 192.80000 40.78000 11.63300 43.51600
24 5 20 09 11 8525.10000 6.18700000 192.96000 40.75000 11.63300 43.51600
24 5 20 09 11 8526.50000 6.20500000 192.98000 40.78000 11.63300 43.51600
24 5 20 09 12 8524.70000 6.20500000 192.98000 40.79000 11.63300 43.51600
24 5 20 09 12 8524.70000 6.20500000 192.86000 40.79000 11.63300 43.51600
24 5 20 09 13 8520.30000 6.20500000 192.98000 40.79000 11.63300 43.51600
24 5 20 09 13 8522.70000 6.20500000 192.89000 40.79000 11.63300 43.51600
24 5 20 09 14 8525.70000 6.20500000 192.94000 40.79000 11.63300 43.51600
24 5 20 09 14 8523.50000 6.20500000 192.93000 40.79000 11.63300 43.51600
24 5 20 09 15 8520.90000 6.20000000 192.93000 40.79000 11.63300 43.51600
24 5 20 09 15 8525.30000 6.20500000 192.86000 40.77000 11.63300 43.51600
24 5 20 09 15 8519.30000 6.20500000 192.86000 40.77000 11.63300 43.51600
24 5 20 09 16 8520.10000 6.20500000 192.86000 40.77000 11.63300 43.51600
24 5 20 09 16 8520.70000 6.20500000 192.96000 40.77000 11.63300 43.51600
24 5 20 09 17 8519.40000 6.20500000 192.91000 40.77000 11.63300 43.54100
24 5 20 09 17 8519.30000 6.20500000 192.91000 40.77000 11.63300 43.48800
24 5 20 09 18 8514.60000 6.20500000 192.91000 40.75000 11.63300 43.54100
24 5 20 09 18 8515.00000 6.20500000 192.91000 40.75000 11.63300 43.54100
24 5 20 09 19 8515.00000 6.20000000 192.93000 40.75000 11.63300 43.54100
24 5 20 09 19 8515.00000 6.20500000 192.93000 40.75000 11.63300 43.54100
24 5 20 09 20 8515.00000 6.20500000 192.93000 40.75000 11.63300 43.54100
24 5 20 09 20 8515.00000 6.22400000 193.00000 40.77000 11.63300 43.54400
24 5 20 09 20 8515.00000 6.20500000 192.91000 40.75000 11.63300 43.54100
24 5 20 09 21 8515.00000 6.22400000 192.99000 40.78000 11.63300 43.54400
24 5 20 09 21 8514.90000 6.22400000 192.99000 40.77000 11.63300 43.54400
24 5 20 09 22 8520.50000 6.22400000 192.98000 40.78000 11.63300 43.54400
24 5 20 09 22 8520.50000 6.22400000 192.99000 40.78000 11.63300 43.54400
24 5 20 09 23 8520.40000 6.22400000 192.99000 40.78000 11.63300 43.51600
24 5 20 09 23 8520.50000 6.22400000 192.98000 40.78000 11.63300 43.55800
24 5 20 09 24 8520.50000 6.22400000 192.98000 40.78000 11.63300 43.55800
24 5 20 09 24 8520.50000 6.22400000 192.98000 40.78000 11.63300 43.55800
24 5 20 09 25 8520.50000 6.22400000 192.98000 40.78000 11.63300 43.55800
24 5 20 09 25 8520.40000 6.22400000 192.99000 40.78000 11.63300 43.55800
24 5 20 09 26 8520.40000 6.22400000 192.99000 40.78000 11.63300 43.55800
24 5 20 09 26 8520.40000 6.22400000 192.98000 40.78000 11.63300 43.55800
24 5 20 09 26 8520.50000 6.22400000 192.99000 40.78000 11.63300 43.54100
24 5 20 09 27 8520.50000 6.22400000 192.99000 40.74000 11.63300 43.55800
24 5 20 09 27 8520.40000 6.22400000 192.75000 40.74000 11.63300 43.55800
24 5 20 09 28 8520.40000 6.22400000 192.99000 40.74000 11.63300 43.55800
24 5 20 09 28 8520.50000 6.22400000 192.75000 40.74000 11.63300 43.54100
24 5 20 09 29 8520.50000 6.22400000 192.77000 40.74000 11.63300 43.55800
24 5 20 09 29 8520.40000 6.22200000 192.86000 40.72000 11.63300 43.55800
24 5 20 09 30 8520.40000 6.22200000 192.96000 40.72000 11.63300 43.55800
24 5 20 09 30 8520.40000 6.22200000 192.84000 40.72000 11.63300 43.54100
24 5 20 09 31 8520.40000 6.22200000 192.76000 40.74000 11.63300 43.55800
24 5 20 09 31 8512.50000 6.22200000 192.78000 40.74000 11.63300 43.55800
24 5 20 09 31 8520.40000 6.22500000 192.78000 40.74000 11.63300 43.54100
24 5 20 09 32 8510.00000 6.22500000 192.78000 40.74000 11.63300 43.55800
24 5 20 09 32 8510.30000 6.22500000 192.78000 40.74000 11.63300 43.55800
24 5 20 09 33 8510.00000 6.22500000 192.81000 40.69000 11.63300 43.54100
24 5 20 09 33 8510.60000 6.22500000 192.66000 40.74000 11.63300 43.55800
24 5 20 09 34 8511.40000 6.22500000 192.66000 40.74000 11.63300 43.55800
24 5 20 09 34 8511.00000 6.22500000 192.66000 40.69000 11.63300 43.55800
24 5 20 09 35 8512.10000 6.22500000 192.65000 40.72000 11.63300 43.55800
24 5 20 09 35 8513.30000 6.22500000 192.74000 40.72000 11.63300 43.54400
24 5 20 09 36 8513.10000 6.22500000 192.74000 40.72000 11.63300 43.55800
24 5 20 09 36 8513.40000 6.22500000 192.74000 40.72000 11.63300 43.61600
24 5 20 09 36 8515.60000 6.22500000 192.74000 40.72000 11.63300 43.61600
24 5 20 09 37 8515.60000 6.22500000 192.74000 40.72000 11.63300 43.51600
24 5 20 09 37 8512.90000 6.22500000 192.74000 40.72000 11.63300 43.61600
24 5 20 09 38 8511.90000 6.22500000 192.66000 40.72000 11.63300 43.61600
24 5 20 09 38 8511.10000 6.22500000 192.58000 40.72000 11.63300 43.61600
24 5 20 09 39 8514.60000 6.22500000 192.58000 40.72000 11.63300 43.61600
24 5 20 09 39 8513.00000 6.22500000 192.58000 40.71000 11.63300 43.61600
24 5 20 09 40 8512.60000 6.22500000 192.58000 40.71000 11.63300 43.54100
24 5 20 09 40 8514.60000 6.22500000 192.64000 40.71000 11.63300 43.61600
24 5 20 09 41 8513.90000 6.22500000 192.64000 40.71000 11.63300 43.61600
24 5 20 09 41 8518.70000 6.22500000 192.64000 40.71000 11.63300 43.61600
24 5 20 09 42 8517.90000 6.20500000 192.64000 40.71000 11.63300 43.61600
24 5 20 09 42 8515.10000 6.20500000 192.64000 40.69000 11.63300 43.54100
24 5 20 09 42 8515.10000 6.20500000 192.64000 40.69000 11.63300 43.61600
24 5 20 09 43 8515.00000 6.20500000 192.64000 40.69000 11.63300 43.61600
24 5 20 09 43 8515.00000 6.20500000 192.64000 40.69000 11.63300 43.61600
24 5 20 09 44 8515.10000 6.20500000 192.62000 40.69000 11.63300 43.61600
24 5 20 09 44 8515.00000 6.20500000 192.62000 40.66000 11.63300 43.61600
24 5 20 09 45 8511.00000 6.22500000 192.64000 40.69000 11.63300 43.61600
24 5 20 09 45 8511.10000 6.20500000 192.62000 40.69000 11.63300 43.61700
24 5 20 09 46 8511.10000 6.20500000 192.62000 40.69000 11.63300 43.61700
24 5 20 09 46 8511.10000 6.20500000 192.61000 40.69000 11.63300 43.61700
24 5 20 09 47 8510.00000 6.20700000 192.47000 40.69000 11.63300 43.61700
24 5 20 09 47 8509.20000 6.20500000 192.43000 40.69000 11.63300 43.61700
24 5 20 09 47 8505.40000 6.20700000 192.34000 40.69000 11.63300 43.61700
24 5 20 09 48 8505.10000 6.20700000 192.42000 40.67000 11.63300 43.61700
24 5 20 09 48 8505.10000 6.20700000 192.45000 40.67000 11.63300 43.61700
24 5 20 09 49 8505.30000 6.20700000 192.57000 40.67000 11.63300 43.61700
24 5 20 09 49 8506.80000 6.20700000 192.58000 40.69000 11.63300 43.61700
24 5 20 09 50 8508.50000 6.20700000 192.58000 40.67000 11.63300 43.61700
24 5 20 09 50 8508.50000 6.20700000 192.58000 40.69000 11.63300 43.50000
24 5 20 09 51 8509.50000 6.20700000 192.57000 40.69000 11.63300 43.50000
24 5 20 09 51 8508.60000 6.20700000 192.57000 40.67000 11.63300 43.50000
24 5 20 09 52 8508.60000 6.22500000 192.41000 40.69000 11.63300 43.50000
24 5 20 09 52 8508.60000 6.20700000 192.41000 40.69000 11.63300 43.50000
24 5 20 09 53 8508.60000 6.20700000 192.41000 40.67000 11.63300 43.50000
24 5 20 09 53 8504.40000 6.20700000 192.41000 40.69000 11.63300 43.50000
24 5 20 09 54 8506.80000 6.20700000 192.41000 40.69000 11.63300 43.50000
24 5 20 09 54 8504.50000 6.20700000 192.40000 40.66000 11.63300 43.50000
24 5 20 09 54 8504.50000 6.20700000 192.41000 40.66000 11.63300 43.50000
24 5 20 09 55 8502.90000 6.20700000 192.41000 40.66000 11.63300 43.50000
24 5 20 09 55 8503.00000 6.20700000 192.41000 40.66000 11.63300 43.61700
24 5 20 09 56 8508.60000 6.20700000 192.41000 40.66000 11.63300 43.50000
24 5 20 09 56 8504.10000 6.20700000 192.40000 40.66000 11.63300 43.50000
24 5 20 09 57 8503.50000 6.20500000 192.40000 40.64000 11.63300 43.50000
24 5 20 09 57 8502.10000 6.20500000 192.30000 40.64000 11.63300 43.50000
