M=[
27 8 20 11 14 9640.40000 5.63800000 326.10000 49.00000 20.49400 61.89800
27 8 20 11 14 9640.40000 5.63800000 326.09000 48.90000 20.49400 61.89800
27 8 20 11 15 9640.00000 5.63800000 325.93000 48.84000 20.49400 61.89800
27 8 20 11 15 9639.60000 5.63800000 325.98000 48.78000 20.49400 61.89800
27 8 20 11 16 9642.80000 5.63800000 325.98000 48.78000 20.49400 61.89800
27 8 20 11 17 9644.20000 5.63800000 326.22000 48.78000 20.49400 61.89800
27 8 20 11 17 9643.60000 5.63800000 326.16000 48.92000 20.49400 61.89800
27 8 20 11 18 9640.10000 5.63800000 326.07000 48.92000 20.49400 61.89800
27 8 20 11 18 9645.40000 5.63800000 326.37000 48.96000 20.49400 61.89800
27 8 20 11 19 9649.20000 5.63800000 326.46000 48.96000 20.33100 61.71400
27 8 20 11 19 9646.50000 5.63800000 326.45000 48.96000 20.33100 61.71400
27 8 20 11 20 9646.60000 5.63800000 326.44000 48.96000 20.33100 61.71400
27 8 20 11 20 9646.30000 5.63800000 326.57000 48.96000 20.33100 61.71400
27 8 20 11 21 9645.20000 5.63800000 326.50000 48.96000 20.30200 61.71400
27 8 20 11 21 9643.50000 5.63800000 326.51000 48.96000 20.30200 61.71400
27 8 20 11 21 9643.50000 5.63800000 326.30000 48.96000 20.30200 61.71400
27 8 20 11 22 9640.20000 5.63800000 325.99000 48.96000 20.30200 61.71400
27 8 20 11 22 9638.00000 5.63800000 325.98000 48.96000 20.30200 61.71400
27 8 20 11 23 9636.90000 5.61300000 325.98000 48.96000 20.30200 61.71400
27 8 20 11 24 9636.90000 5.61300000 325.98000 48.96000 20.30200 61.71400
27 8 20 11 24 9637.10000 5.61300000 325.92000 48.96000 20.30200 61.71400
27 8 20 11 25 9637.10000 5.61300000 325.72000 48.96000 20.30200 61.71400
27 8 20 11 25 9637.00000 5.61300000 325.72000 48.96000 20.30200 61.71400
27 8 20 11 26 9637.00000 5.61300000 325.72000 48.96000 20.30200 61.71400
27 8 20 11 26 9631.20000 5.61300000 325.70000 48.91000 20.30200 61.71400
27 8 20 11 27 9632.20000 5.61300000 325.71000 48.91000 20.30200 61.66000
27 8 20 11 27 9632.00000 5.61300000 325.65000 48.91000 20.30200 61.66000
27 8 20 11 28 9633.10000 5.61300000 325.66000 48.91000 20.30200 61.66000
27 8 20 11 28 9632.20000 5.61300000 325.66000 48.91000 20.40600 61.66000
27 8 20 11 29 9633.00000 5.61300000 325.63000 48.91000 20.40600 61.66000
27 8 20 11 29 9632.00000 5.61300000 325.64000 48.91000 20.40600 61.66000
27 8 20 11 30 9632.00000 5.61300000 325.63000 48.91000 20.42200 61.66000
27 8 20 11 30 9630.90000 5.61300000 325.62000 48.84000 20.42200 61.66000
27 8 20 11 31 9630.50000 5.61300000 325.62000 48.84000 20.42200 61.66000
27 8 20 11 31 9632.10000 5.61300000 325.62000 48.84000 20.42200 61.66000
27 8 20 11 32 9632.10000 5.61300000 325.63000 48.84000 20.42200 61.66000
27 8 20 11 32 9632.00000 5.61300000 325.61000 48.84000 20.42200 61.66000
27 8 20 11 32 9632.20000 5.61300000 325.62000 48.84000 20.42200 61.66000
27 8 20 11 33 9629.20000 5.61300000 325.62000 48.84000 20.42200 61.66000
27 8 20 11 34 9628.20000 5.61300000 325.62000 48.84000 20.42200 61.59800
27 8 20 11 34 9632.90000 5.61300000 325.63000 48.84000 20.42200 61.59800
27 8 20 11 34 9633.40000 5.61300000 325.63000 48.84000 20.57000 61.59800
27 8 20 11 35 9634.10000 5.61300000 325.65000 48.79000 20.44200 61.59800
27 8 20 11 35 9633.60000 5.61300000 325.69000 48.79000 20.44200 61.59800
27 8 20 11 36 9630.20000 5.61300000 325.55000 48.79000 20.44200 61.59800
27 8 20 11 36 9629.30000 5.61300000 325.46000 48.79000 20.40400 61.59800
27 8 20 11 37 9629.40000 5.61300000 325.22000 48.80000 20.44700 61.59800
27 8 20 11 37 9627.70000 5.61300000 325.07000 48.75000 20.49700 61.59800
27 8 20 11 38 9618.00000 5.61300000 324.99000 48.71000 20.56200 61.59800
27 8 20 11 39 9621.40000 5.61300000 324.99000 48.71000 20.58800 61.59800
27 8 20 11 39 9620.40000 5.61300000 324.99000 48.70000 20.58800 61.59800
27 8 20 11 40 9619.80000 5.61300000 324.99000 48.66000 20.58800 61.59800
27 8 20 11 40 9619.20000 5.61300000 324.69000 48.66000 20.58800 61.43800
27 8 20 11 41 9618.80000 5.61300000 324.66000 48.66000 20.58800 61.43800
27 8 20 11 42 9615.00000 5.61300000 324.62000 48.66000 20.58800 61.19000
27 8 20 11 42 9615.30000 5.61300000 324.38000 48.66000 20.58800 61.19000
27 8 20 11 43 9615.00000 5.61300000 324.38000 48.73000 20.54800 61.19000
27 8 20 11 43 9609.90000 5.61300000 324.36000 48.73000 20.54800 61.19000
27 8 20 11 44 9610.70000 5.61300000 324.36000 48.73000 20.54800 61.19000
27 8 20 11 44 9614.00000 5.61300000 324.36000 48.68000 20.54800 61.19000
27 8 20 11 45 9614.00000 5.59100000 324.40000 48.68000 20.54800 61.19000
27 8 20 11 45 9614.40000 5.59100000 324.45000 48.68000 20.52100 61.30100
27 8 20 11 46 9614.90000 5.59100000 324.50000 48.67000 20.52100 61.44000
27 8 20 11 46 9618.00000 5.59100000 325.08000 48.68000 20.52100 61.44000
27 8 20 11 47 9625.30000 5.59100000 325.04000 48.68000 20.52100 61.44000
27 8 20 11 48 9634.10000 5.59100000 325.56000 48.79000 20.48500 61.44000
27 8 20 11 48 9641.20000 5.59100000 325.30000 48.79000 20.48500 61.59100
27 8 20 11 49 9643.10000 5.59100000 325.36000 48.84000 20.48500 61.59100
27 8 20 11 49 9643.10000 5.59100000 325.36000 48.84000 20.53500 61.59100
27 8 20 11 50 9643.20000 5.59100000 325.52000 48.84000 20.53500 61.59100
27 8 20 11 50 9643.10000 5.59100000 325.49000 48.84000 20.53500 61.59100
27 8 20 11 51 9643.10000 5.59100000 325.53000 48.84000 20.53500 61.59100
27 8 20 11 52 9643.10000 5.59100000 325.22000 48.84000 20.46200 61.51600
27 8 20 11 52 9634.10000 5.59100000 325.02000 48.84000 20.46200 61.51600
27 8 20 11 53 9634.20000 5.59100000 325.03000 48.84000 20.46200 61.51600
27 8 20 11 53 9633.20000 5.59100000 325.01000 48.84000 20.46200 61.35900
27 8 20 11 54 9633.00000 5.59100000 325.00000 48.84000 20.46200 61.35900
27 8 20 11 54 9630.10000 5.59100000 324.63000 48.75000 20.46200 61.39900
27 8 20 11 55 9630.00000 5.59100000 324.63000 48.75000 20.46200 61.39900
27 8 20 11 55 9627.00000 5.59100000 324.69000 48.75000 20.46200 61.39900
27 8 20 11 56 9620.60000 5.58900000 324.55000 48.70000 20.46200 61.39900
27 8 20 11 56 9617.00000 5.58900000 324.51000 48.69000 20.50100 61.39900
27 8 20 11 57 9612.40000 5.58900000 324.50000 48.69000 20.50100 61.39900
27 8 20 11 57 9595.90000 5.58900000 324.08000 48.60000 20.50100 61.39900
27 8 20 11 58 9599.90000 5.58900000 324.15000 48.60000 20.50100 61.39900
27 8 20 11 59 9597.50000 5.58900000 324.05000 48.60000 20.50000 61.39900
27 8 20 11 59 9599.40000 5.58900000 324.04000 48.60000 20.50000 61.39900
27 8 20 12 00 9598.20000 5.58900000 323.90000 48.60000 20.50000 61.39900
27 8 20 12 00 9593.40000 5.58900000 324.02000 48.60000 20.50000 61.39900
27 8 20 12 01 9589.90000 5.58900000 323.38000 48.60000 20.50000 61.39900
27 8 20 12 01 9588.10000 5.58900000 323.21000 48.58000 20.50000 61.39900
27 8 20 12 02 9593.30000 5.58900000 323.47000 48.57000 20.50000 61.39900
27 8 20 12 03 9606.50000 5.58900000 324.33000 48.57000 20.50000 61.39900
27 8 20 12 04 9614.00000 5.58900000 324.92000 48.57000 20.33400 61.39900
27 8 20 12 04 9610.10000 5.58900000 324.64000 48.57000 20.33400 61.39900
27 8 20 12 05 9608.90000 5.56200000 324.65000 48.57000 20.44200 61.39900
27 8 20 12 05 9608.60000 5.56200000 324.65000 48.75000 20.44200 61.39900
27 8 20 12 06 9613.90000 5.56200000 324.79000 48.75000 20.44200 61.39900
27 8 20 12 06 9614.00000 5.56200000 324.79000 48.76000 20.44200 61.39900
27 8 20 12 07 9616.90000 5.56200000 325.08000 48.76000 20.44200 61.39900
27 8 20 12 07 9622.40000 5.56200000 325.34000 48.76000 20.44200 61.39900
27 8 20 12 08 9622.60000 5.56200000 325.41000 48.76000 20.39200 61.39900
27 8 20 12 09 9617.30000 5.56200000 325.17000 48.76000 20.39200 61.39900
27 8 20 12 09 9609.90000 5.56200000 324.91000 48.76000 20.39200 61.39900
27 8 20 12 10 9610.10000 5.56200000 324.91000 48.76000 20.39200 61.39900
27 8 20 12 10 9617.10000 5.56200000 325.39000 48.76000 20.39200 61.39900
27 8 20 12 11 9617.20000 5.59500000 325.10000 48.76000 20.39200 61.39900
27 8 20 12 11 9615.40000 5.59500000 325.02000 48.76000 20.39200 61.39900
27 8 20 12 12 9609.00000 5.59500000 325.01000 48.76000 20.39200 61.39900
