M=[
 9 2 21 00 07 39096.60000 7.30000000 1459.06000 139.77000 19.86500 81.66200
 9 2 21 00 08 39144.70000 7.27700000 1457.76000 139.68000 19.86500 81.66200
 9 2 21 00 08 39071.10000 7.27700000 1456.30000 139.26000 19.86500 81.66200
 9 2 21 00 09 39095.80000 7.27700000 1456.45000 139.20000 19.86500 81.66200
 9 2 21 00 09 39010.00000 7.24100000 1452.38000 139.10000 19.86500 81.66200
 9 2 21 00 10 38955.20000 7.24100000 1450.78000 139.00000 19.86500 81.66200
 9 2 21 00 10 38746.70000 7.24100000 1447.71000 138.72000 19.86500 81.66700
 9 2 21 00 10 38917.00000 7.23900000 1448.23000 138.57000 19.86500 81.66700
 9 2 21 00 11 38883.80000 7.23900000 1448.47000 138.57000 19.86500 81.58900
 9 2 21 00 11 38911.10000 7.23500000 1448.62000 138.73000 19.86500 81.47500
 9 2 21 00 12 38980.00000 7.23500000 1451.65000 138.89000 19.86500 81.47500
 9 2 21 00 12 39004.60000 7.26900000 1451.47000 139.25000 19.86500 81.47500
 9 2 21 00 13 39003.00000 7.26900000 1448.22000 139.00000 19.86500 81.61100
 9 2 21 00 13 39090.20000 7.26900000 1449.26000 139.18000 19.86500 81.61100
 9 2 21 00 13 39071.80000 7.26900000 1448.33000 139.07000 19.86500 81.61100
 9 2 21 00 14 39079.00000 7.26400000 1449.05000 139.11000 19.86500 81.61100
 9 2 21 00 14 38916.60000 7.26400000 1447.09000 138.83000 19.86500 81.61100
 9 2 21 00 15 38862.50000 7.24100000 1445.48000 138.68000 19.86500 81.61100
 9 2 21 00 15 38831.90000 7.24100000 1444.44000 138.53000 19.86500 81.61100
 9 2 21 00 16 38625.20000 7.23200000 1439.22000 137.99000 19.86500 81.61100
 9 2 21 00 16 38728.30000 7.23200000 1439.31000 138.00000 19.96000 81.61100
 9 2 21 00 16 38786.60000 7.23200000 1440.90000 138.14000 19.96000 81.61100
 9 2 21 00 17 38700.20000 7.23200000 1441.85000 138.36000 19.96000 81.61100
 9 2 21 00 17 38772.30000 7.24700000 1440.75000 137.99000 19.96000 81.61100
 9 2 21 00 18 38740.00000 7.24700000 1439.86000 138.00000 19.96000 81.61100
 9 2 21 00 18 38728.90000 7.28100000 1440.99000 137.94000 20.00100 81.61100
 9 2 21 00 19 38707.10000 7.28100000 1440.49000 137.80000 20.00100 81.61100
 9 2 21 00 19 38674.40000 7.27100000 1440.82000 137.65000 20.00100 81.47500
 9 2 21 00 19 38647.00000 7.27100000 1441.56000 137.59000 20.00100 81.47500
 9 2 21 00 20 38750.00000 7.27100000 1442.00000 138.07000 20.00100 81.47500
 9 2 21 00 20 38756.90000 7.27100000 1441.98000 138.09000 20.00100 81.47500
 9 2 21 00 21 38789.00000 7.27100000 1442.00000 137.98000 20.00100 81.47500
 9 2 21 00 21 38791.60000 7.27100000 1442.93000 138.09000 20.00100 81.47500
 9 2 21 00 22 38760.10000 7.27100000 1442.83000 137.91000 20.00100 81.47500
 9 2 21 00 22 38862.00000 7.27100000 1445.77000 138.24000 20.00100 81.47500
 9 2 21 00 22 38891.50000 7.27100000 1445.21000 138.24000 20.00100 81.47500
 9 2 21 00 23 38907.00000 7.27100000 1445.76000 138.29000 20.00100 81.47500
 9 2 21 00 23 38955.90000 7.27100000 1446.93000 138.33000 20.00100 81.00700
 9 2 21 00 24 38994.60000 7.27100000 1448.21000 138.33000 20.00100 81.00700
 9 2 21 00 24 38987.80000 7.27100000 1447.57000 138.53000 20.00100 81.00700
 9 2 21 00 25 38950.40000 7.27100000 1447.49000 138.53000 20.00100 81.00700
 9 2 21 00 25 38787.20000 7.23200000 1446.56000 137.93000 19.86500 81.00700
 9 2 21 00 25 38752.20000 7.23000000 1445.09000 137.79000 19.86500 81.00700
 9 2 21 00 26 38770.60000 7.23000000 1445.20000 137.79000 19.86500 80.78700
 9 2 21 00 26 38784.80000 7.20700000 1443.87000 137.77000 19.86500 80.77100
 9 2 21 00 27 38799.90000 7.20000000 1444.18000 137.87000 19.86500 80.77100
 9 2 21 00 27 38761.10000 7.20000000 1443.45000 137.84000 19.86500 80.77100
 9 2 21 00 28 38779.50000 7.20000000 1444.01000 138.05000 19.86500 80.77100
 9 2 21 00 28 38695.20000 7.20000000 1442.93000 137.74000 19.86500 80.77100
 9 2 21 00 28 38676.90000 7.20000000 1443.39000 137.79000 20.06300 80.77100
 9 2 21 00 29 38700.00000 7.20000000 1443.40000 137.95000 20.06300 80.77100
 9 2 21 00 29 38703.90000 7.20000000 1442.43000 137.88000 20.06300 80.77100
 9 2 21 00 30 38757.80000 7.20000000 1443.95000 137.98000 20.06300 80.77100
 9 2 21 00 30 38751.60000 7.20000000 1445.15000 137.98000 20.06300 80.77100
 9 2 21 00 31 38824.70000 7.22900000 1446.67000 138.28000 20.06300 80.77100
 9 2 21 00 31 38898.00000 7.22900000 1449.10000 138.28000 20.06300 80.77100
 9 2 21 00 31 38878.60000 7.22900000 1448.56000 138.28000 20.06300 80.77100
 9 2 21 00 32 38794.00000 7.22900000 1447.19000 138.21000 20.06300 80.77100
 9 2 21 00 32 38861.70000 7.22900000 1448.16000 137.73000 20.06300 80.77100
 9 2 21 00 33 38896.00000 7.27600000 1448.45000 138.26000 20.06300 80.77100
 9 2 21 00 33 38858.10000 7.27600000 1448.82000 138.22000 20.06300 80.77100
 9 2 21 00 34 38808.80000 7.27600000 1448.42000 137.90000 20.06300 80.77100
 9 2 21 00 34 38816.90000 7.27600000 1448.92000 138.28000 20.06300 80.77100
 9 2 21 00 34 38815.80000 7.22700000 1449.04000 138.28000 20.06300 81.40000
 9 2 21 00 35 38808.40000 7.22700000 1452.31000 138.23000 20.06300 81.40000
 9 2 21 00 35 38898.90000 7.22700000 1454.56000 138.48000 20.06300 81.40000
 9 2 21 00 36 38919.60000 7.22700000 1454.99000 138.48000 20.06300 81.40000
 9 2 21 00 36 38944.20000 7.22400000 1457.15000 138.64000 20.06300 81.40000
 9 2 21 00 37 38980.00000 7.22400000 1458.81000 138.81000 20.04900 81.40000
 9 2 21 00 37 39005.60000 7.22400000 1459.02000 139.07000 20.04900 81.40000
 9 2 21 00 37 38986.70000 7.22400000 1458.70000 139.19000 20.04900 81.40000
 9 2 21 00 38 38954.90000 7.27000000 1459.01000 139.47000 20.04900 81.40000
 9 2 21 00 38 38954.70000 7.27400000 1459.02000 139.57000 20.04900 81.40000
 9 2 21 00 39 38954.70000 7.27400000 1459.99000 139.57000 20.04900 81.40000
 9 2 21 00 39 38859.30000 7.27400000 1458.05000 139.19000 20.04900 81.40000
 9 2 21 00 40 38860.70000 7.27400000 1455.85000 139.16000 20.04900 81.40000
 9 2 21 00 40 38835.40000 7.28400000 1455.84000 139.13000 20.04900 81.40000
 9 2 21 00 40 38812.90000 7.28400000 1453.67000 138.89000 20.04900 81.39900
 9 2 21 00 41 38832.70000 7.28400000 1454.71000 139.00000 20.04900 81.39900
 9 2 21 00 41 38832.60000 7.28400000 1454.75000 138.98000 20.04900 81.39900
 9 2 21 00 42 38925.80000 7.28400000 1456.69000 139.23000 20.04900 81.39900
 9 2 21 00 42 38954.70000 7.28400000 1457.99000 139.31000 20.04900 81.39900
 9 2 21 00 43 38954.70000 7.28400000 1458.00000 139.24000 20.04900 81.39900
 9 2 21 00 43 38954.80000 7.28400000 1456.76000 139.26000 20.04900 81.39900
 9 2 21 00 43 38998.90000 7.28400000 1458.00000 139.26000 20.04900 81.39900
 9 2 21 00 44 39091.70000 7.28400000 1457.99000 139.57000 19.86500 81.39900
 9 2 21 00 44 39071.10000 7.27600000 1458.83000 139.57000 19.86500 81.39900
 9 2 21 00 45 39061.70000 7.27600000 1458.83000 139.57000 19.86500 81.39900
 9 2 21 00 45 39003.60000 7.27600000 1459.89000 139.40000 19.86500 81.39900
 9 2 21 00 46 39004.30000 7.27600000 1457.80000 139.40000 20.05000 81.39900
 9 2 21 00 46 38995.00000 7.27600000 1457.70000 139.40000 20.05000 81.39900
 9 2 21 00 46 39071.30000 7.27600000 1460.00000 139.40000 20.05000 81.39900
 9 2 21 00 47 39060.90000 7.27600000 1460.00000 139.55000 20.05000 81.75000
 9 2 21 00 47 39032.00000 7.27600000 1460.00000 139.55000 20.05000 81.75000
 9 2 21 00 48 39034.80000 7.27600000 1460.00000 139.55000 20.05000 81.69600
 9 2 21 00 48 39042.50000 7.27600000 1460.50000 139.55000 20.00000 81.69600
 9 2 21 00 49 38954.00000 7.27600000 1458.00000 138.92000 20.00000 81.78800
 9 2 21 00 49 38970.60000 7.27600000 1458.26000 139.09000 19.86500 81.78800
 9 2 21 00 49 38985.10000 7.27600000 1457.97000 139.34000 19.86500 81.78800
 9 2 21 00 50 38969.10000 7.27600000 1457.98000 139.34000 19.74300 81.79900
 9 2 21 00 50 38970.60000 7.27600000 1458.15000 139.42000 19.74300 81.79900
 9 2 21 00 51 38944.50000 7.27600000 1457.12000 139.35000 19.74300 81.79900
 9 2 21 00 51 38947.00000 7.27600000 1457.12000 139.35000 19.74300 81.80300
 9 2 21 00 52 38934.60000 7.27600000 1457.09000 139.35000 19.74300 81.85000
 9 2 21 00 52 38934.50000 7.27600000 1458.22000 139.45000 19.74200 81.79700
