M=[
28 3 21 15 35 47599.90000 10.20200000 1445.74000 156.44000 30.65700 112.79500
28 3 21 15 36 47600.00000 10.20200000 1446.05000 156.50000 30.65700 112.79500
28 3 21 15 36 47599.90000 10.20200000 1446.05000 156.62000 30.65700 112.79500
28 3 21 15 36 47599.90000 10.20200000 1446.33000 156.47000 30.65700 112.79500
28 3 21 15 37 47689.60000 10.20200000 1447.56000 156.64000 30.65700 113.22000
28 3 21 15 37 47657.70000 10.20200000 1446.82000 156.68000 30.65700 113.22000
28 3 21 15 38 47657.80000 10.20200000 1447.27000 156.68000 30.65700 113.13900
28 3 21 15 38 47608.50000 10.20200000 1446.35000 156.68000 30.65700 113.26000
28 3 21 15 38 47641.70000 10.20200000 1447.40000 156.50000 30.65700 113.26000
28 3 21 15 39 47652.20000 10.20200000 1447.58000 156.50000 30.65700 113.26000
28 3 21 15 39 47652.00000 10.20200000 1447.21000 156.50000 30.65700 113.26000
28 3 21 15 40 47640.00000 10.20200000 1447.21000 156.50000 30.65700 113.26000
28 3 21 15 40 47638.30000 10.20200000 1446.79000 156.50000 30.65700 113.26000
28 3 21 15 41 47647.70000 10.20200000 1446.79000 156.51000 30.65700 113.26000
28 3 21 15 41 47666.40000 10.20200000 1447.15000 156.51000 30.65700 113.26000
28 3 21 15 41 47645.00000 10.20200000 1446.75000 156.58000 30.65700 113.26000
28 3 21 15 42 47657.70000 10.20200000 1446.74000 156.58000 30.65700 113.69600
28 3 21 15 42 47662.20000 10.20200000 1447.13000 156.60000 30.65700 113.69600
28 3 21 15 43 47657.00000 10.20200000 1447.04000 156.60000 30.65700 113.69600
28 3 21 15 43 47655.00000 10.20200000 1447.04000 156.60000 30.69100 113.69600
28 3 21 15 44 47655.00000 10.20200000 1447.04000 156.61000 30.69100 114.08100
28 3 21 15 44 47655.00000 10.20200000 1446.38000 156.61000 30.69100 114.45600
28 3 21 15 44 47655.00000 10.20200000 1446.38000 156.62000 30.69100 114.40900
28 3 21 15 45 47655.00000 10.20200000 1445.99000 156.62000 30.78100 114.65400
28 3 21 15 45 47655.00000 10.20200000 1445.94000 156.62000 30.78100 114.79100
28 3 21 15 46 47655.10000 10.20200000 1446.29000 156.62000 30.78100 114.51100
28 3 21 15 46 47660.00000 10.20200000 1446.04000 156.62000 30.78100 114.51100
28 3 21 15 47 47681.00000 10.20200000 1446.28000 156.62000 30.78100 114.51100
28 3 21 15 47 47717.00000 10.20200000 1446.96000 156.62000 30.78100 114.81000
28 3 21 15 47 47750.00000 10.20200000 1447.16000 156.94000 30.78100 114.81000
28 3 21 15 48 47721.80000 10.20200000 1445.58000 156.94000 30.78100 114.81000
28 3 21 15 48 47729.70000 10.20200000 1445.58000 156.89000 30.78100 114.81000
28 3 21 15 49 47709.80000 10.20200000 1445.60000 156.86000 30.78100 114.66200
28 3 21 15 49 47709.90000 10.20200000 1445.60000 156.86000 30.78100 114.66200
28 3 21 15 50 47718.70000 10.20200000 1445.91000 156.86000 30.78100 114.66200
28 3 21 15 50 47736.20000 10.20200000 1446.24000 156.86000 30.78100 114.66200
28 3 21 15 51 47723.00000 10.20200000 1446.05000 156.86000 30.78100 114.66200
28 3 21 15 51 47709.00000 10.20200000 1446.05000 156.84000 30.78100 114.66200
28 3 21 15 51 47709.00000 10.20200000 1445.48000 156.83000 30.78100 114.66200
28 3 21 15 52 47705.00000 10.20200000 1445.80000 156.82000 30.62900 114.66200
28 3 21 15 52 47705.10000 10.20200000 1445.48000 156.83000 30.62900 114.66200
28 3 21 15 53 47705.00000 10.20200000 1446.21000 156.83000 30.62900 114.66200
28 3 21 15 53 47691.80000 10.20200000 1447.34000 156.83000 30.62900 114.66200
28 3 21 15 54 47680.00000 10.12400000 1447.25000 156.83000 30.62900 114.66200
28 3 21 15 54 47692.00000 10.12400000 1447.68000 156.83000 30.62900 114.66200
28 3 21 15 54 47692.00000 10.12400000 1447.73000 156.83000 30.62900 114.66200
28 3 21 15 55 47699.10000 10.12400000 1447.59000 156.82000 30.62900 114.66200
28 3 21 15 55 47703.10000 10.12400000 1447.77000 156.82000 30.62900 114.66200
28 3 21 15 56 47693.00000 10.12400000 1447.77000 156.75000 30.62900 114.88300
28 3 21 15 56 47675.00000 10.12400000 1447.78000 156.75000 30.62900 114.88300
28 3 21 15 57 47676.40000 10.12400000 1447.76000 156.64000 30.62900 114.88300
28 3 21 15 57 47708.90000 10.12400000 1448.68000 156.64000 30.62900 115.06300
28 3 21 15 57 47709.00000 10.12400000 1448.87000 156.64000 30.62900 115.06300
28 3 21 15 58 47714.90000 10.12400000 1449.34000 156.64000 30.62900 115.30700
28 3 21 15 58 47715.00000 10.12400000 1449.58000 156.64000 30.62900 115.00000
28 3 21 15 59 47742.00000 10.12400000 1449.58000 156.64000 30.62900 115.00000
28 3 21 15 59 47738.20000 10.12400000 1449.57000 156.87000 30.62900 115.00000
28 3 21 16 00 47750.00000 10.12400000 1449.58000 156.87000 30.62900 115.00000
28 3 21 16 00 47800.00000 10.12400000 1451.40000 157.40000 30.62900 115.00000
28 3 21 16 00 47812.80000 10.12400000 1451.28000 157.45000 30.62900 115.53700
28 3 21 16 01 47841.90000 10.12400000 1451.32000 157.40000 30.62900 115.53700
28 3 21 16 01 47811.90000 10.12400000 1449.65000 157.33000 30.62900 114.94400
28 3 21 16 02 47765.60000 10.12400000 1449.58000 157.33000 30.62900 115.12100
28 3 21 16 02 47753.00000 10.12400000 1449.58000 156.97000 30.62900 115.12100
28 3 21 16 03 47720.90000 10.12400000 1448.91000 156.97000 30.62900 115.76400
28 3 21 16 03 47700.00000 10.12400000 1448.91000 156.97000 30.62900 115.52400
28 3 21 16 03 47690.70000 10.12400000 1447.27000 156.97000 30.62900 115.52400
28 3 21 16 04 47756.10000 10.12400000 1449.21000 156.81000 30.62900 115.52400
28 3 21 16 04 47756.30000 10.12400000 1449.42000 157.02000 30.65200 115.52400
28 3 21 16 05 47752.60000 10.12400000 1448.99000 156.92000 30.65200 115.52400
28 3 21 16 05 47725.80000 10.12400000 1448.40000 156.92000 30.65200 115.05400
28 3 21 16 06 47699.50000 10.12400000 1448.01000 156.92000 30.65200 115.05400
28 3 21 16 06 47676.70000 10.12400000 1446.36000 156.92000 30.65200 115.05400
28 3 21 16 06 47670.40000 10.12000000 1446.13000 156.70000 30.55700 114.33800
28 3 21 16 07 47653.30000 10.12000000 1445.74000 156.58000 30.55700 114.33800
28 3 21 16 07 47646.50000 10.12000000 1445.74000 156.58000 30.55700 114.33800
28 3 21 16 08 47657.90000 10.12000000 1445.68000 156.58000 30.55700 114.33800
28 3 21 16 08 47646.50000 10.12000000 1445.68000 156.19000 30.55700 114.33800
28 3 21 16 09 47645.30000 10.12000000 1444.89000 156.19000 30.55700 114.33800
28 3 21 16 09 47652.30000 10.12000000 1444.57000 156.20000 30.55700 114.33800
28 3 21 16 09 47610.90000 10.07300000 1444.57000 156.17000 30.55700 114.15000
28 3 21 16 10 47571.80000 10.07300000 1444.57000 156.09000 30.55700 114.15000
28 3 21 16 10 47574.80000 10.07300000 1443.54000 156.09000 30.55700 114.15000
28 3 21 16 11 47548.60000 10.07300000 1443.37000 155.82000 30.55700 114.15000
28 3 21 16 11 47556.10000 10.07300000 1443.53000 156.10000 30.34300 114.15000
28 3 21 16 11 47558.10000 10.07300000 1443.53000 156.10000 30.34100 114.15000
28 3 21 16 12 47580.70000 10.07300000 1443.54000 156.10000 30.34100 114.15000
28 3 21 16 12 47580.70000 10.07300000 1444.44000 156.10000 30.34100 114.15000
28 3 21 16 13 47580.70000 10.05100000 1443.11000 155.98000 30.34100 114.15000
28 3 21 16 13 47573.30000 10.05100000 1443.27000 155.98000 30.34100 114.15000
28 3 21 16 14 47558.40000 10.05100000 1443.27000 155.98000 30.34100 114.15000
28 3 21 16 14 47580.70000 10.05100000 1444.32000 155.98000 30.34100 114.15000
28 3 21 16 15 47580.70000 10.05100000 1444.45000 156.10000 30.44500 114.15000
28 3 21 16 15 47579.00000 10.05100000 1444.45000 156.05000 30.41400 114.32800
28 3 21 16 15 47580.70000 10.05100000 1444.78000 156.05000 30.41400 114.32800
28 3 21 16 16 47568.90000 10.05100000 1444.56000 156.16000 30.38400 114.32800
28 3 21 16 16 47526.70000 10.05100000 1442.37000 156.16000 30.38400 114.32800
28 3 21 16 17 47580.20000 10.05100000 1442.37000 156.11000 30.38400 114.32800
28 3 21 16 17 47571.10000 10.05100000 1442.37000 156.11000 30.38400 114.32800
28 3 21 16 17 47580.60000 10.05100000 1444.68000 156.11000 30.38400 114.32800
28 3 21 16 18 47580.70000 10.05100000 1444.46000 156.13000 30.45000 114.32800
28 3 21 16 18 47580.70000 10.05100000 1444.46000 156.13000 30.45000 114.32800
