M=[
29 3 21 13 01 49259.80000 10.46800000 1503.98000 165.95000 30.64400 129.05400
29 3 21 13 01 49259.80000 10.46800000 1504.36000 165.95000 30.64400 128.97300
29 3 21 13 02 49259.80000 10.45700000 1503.67000 165.95000 30.49000 129.08100
29 3 21 13 02 49249.90000 10.48400000 1504.11000 165.99000 30.49000 130.39400
29 3 21 13 03 49209.80000 10.48400000 1503.44000 165.99000 30.49000 130.64500
29 3 21 13 03 49189.50000 10.48400000 1503.48000 165.99000 30.47100 130.64500
29 3 21 13 04 49184.60000 10.48400000 1503.43000 165.99000 30.47100 130.64500
29 3 21 13 04 49181.00000 10.47100000 1503.98000 166.02000 30.47100 130.54500
29 3 21 13 04 49181.00000 10.47100000 1503.45000 165.93000 30.47100 130.54500
29 3 21 13 05 49171.30000 10.47100000 1501.69000 165.93000 30.47100 130.25700
29 3 21 13 05 49179.00000 10.45600000 1502.25000 165.95000 30.47100 129.95000
29 3 21 13 06 49179.00000 10.47700000 1502.25000 165.95000 30.47300 130.13100
29 3 21 13 06 49158.00000 10.47700000 1502.24000 165.95000 30.47300 130.34000
29 3 21 13 07 49158.00000 10.47700000 1502.24000 165.95000 30.47300 130.34000
29 3 21 13 07 49148.20000 10.47700000 1502.24000 165.94000 30.47300 130.24100
29 3 21 13 07 49115.30000 10.47700000 1501.68000 165.94000 30.47300 129.91300
29 3 21 13 08 49088.30000 10.47700000 1501.31000 165.55000 30.47300 129.91300
29 3 21 13 08 49107.00000 10.46000000 1501.82000 165.46000 30.47300 129.91300
29 3 21 13 09 49090.10000 10.46000000 1502.32000 165.32000 30.47300 129.91300
29 3 21 13 09 49089.00000 10.46000000 1502.25000 165.31000 30.47300 129.38800
29 3 21 13 10 49080.90000 10.46000000 1501.31000 165.39000 30.47300 129.38800
29 3 21 13 10 49080.90000 10.43000000 1501.25000 165.31000 30.47300 128.88600
29 3 21 13 10 49080.40000 10.43000000 1501.93000 165.35000 30.47300 128.88600
29 3 21 13 11 49080.90000 10.43000000 1502.22000 165.38000 30.47300 128.88600
29 3 21 13 11 49077.40000 10.43000000 1502.09000 165.40000 30.47000 128.88600
29 3 21 13 12 49051.00000 10.43000000 1501.00000 165.21000 30.47000 129.83400
29 3 21 13 12 49006.00000 10.43000000 1498.91000 165.25000 30.47000 129.21800
29 3 21 13 13 49006.00000 10.43000000 1499.40000 165.12000 30.47000 129.21800
29 3 21 13 13 49036.30000 10.43000000 1499.49000 165.18000 30.47000 129.21800
29 3 21 13 13 49024.50000 10.43000000 1499.50000 165.11000 30.47000 129.21800
29 3 21 13 14 49036.40000 10.43000000 1499.50000 165.02000 30.47000 129.50600
29 3 21 13 14 49036.30000 10.43000000 1499.50000 165.02000 30.47000 129.50600
29 3 21 13 15 49036.20000 10.43000000 1499.49000 164.97000 30.47000 129.23600
29 3 21 13 15 49064.60000 10.43000000 1501.65000 165.20000 30.47000 129.12400
29 3 21 13 16 49064.70000 10.43000000 1501.51000 165.15000 30.47000 129.05600
29 3 21 13 16 49074.50000 10.43000000 1502.06000 165.28000 30.47000 129.05600
29 3 21 13 16 49074.40000 10.43000000 1502.07000 165.28000 30.47000 128.83600
29 3 21 13 17 49078.90000 10.43000000 1502.55000 165.24000 30.47000 128.81200
29 3 21 13 17 49078.80000 10.43000000 1501.98000 165.21000 30.47000 128.81200
29 3 21 13 18 49080.80000 10.43000000 1502.42000 165.22000 30.60700 129.08600
29 3 21 13 18 49080.70000 10.43000000 1502.50000 165.22000 30.60700 129.08600
29 3 21 13 18 49105.70000 10.43000000 1503.22000 165.30000 30.47200 129.08600
29 3 21 13 19 49147.40000 10.43000000 1504.78000 165.41000 30.47200 129.08600
29 3 21 13 19 49147.50000 10.44400000 1504.14000 165.40000 30.74700 129.08600
29 3 21 13 20 49144.50000 10.44400000 1504.68000 165.35000 30.74700 129.23300
29 3 21 13 20 49121.90000 10.44400000 1503.66000 165.30000 30.73800 129.23300
29 3 21 13 21 49119.90000 10.44400000 1504.14000 165.30000 30.73800 129.23300
29 3 21 13 21 49087.30000 10.44400000 1503.79000 165.30000 30.73800 129.23300
29 3 21 13 21 49087.20000 10.44400000 1504.60000 165.11000 30.73800 129.23300
29 3 21 13 22 49079.00000 10.44400000 1504.39000 165.14000 30.73800 129.50800
29 3 21 13 22 49074.90000 10.44400000 1504.49000 165.14000 30.73800 129.50800
29 3 21 13 23 49059.50000 10.44400000 1503.42000 165.09000 30.73800 129.50800
29 3 21 13 23 49075.00000 10.44400000 1503.41000 165.09000 30.73800 129.50800
29 3 21 13 24 49080.40000 10.44400000 1504.26000 165.12000 30.73800 129.51400
29 3 21 13 24 49103.80000 10.44400000 1505.37000 165.14000 30.73800 129.47700
29 3 21 13 24 49106.00000 10.44400000 1505.70000 165.04000 30.73800 129.47700
29 3 21 13 25 49106.00000 10.44400000 1505.70000 164.96000 30.73800 129.47700
29 3 21 13 25 49090.10000 10.44400000 1504.59000 164.90000 30.73800 129.47700
29 3 21 13 26 49080.00000 10.44400000 1504.58000 164.90000 30.73800 128.92900
29 3 21 13 26 49074.90000 10.44400000 1504.58000 164.98000 30.73800 128.95800
29 3 21 13 27 49079.30000 10.44400000 1504.59000 164.98000 30.73800 128.62100
29 3 21 13 27 49079.40000 10.44400000 1505.32000 165.05000 30.73800 128.62100
29 3 21 13 27 49109.00000 10.43900000 1505.99000 165.22000 30.73800 128.62100
29 3 21 13 28 49116.70000 10.43900000 1506.00000 165.17000 30.73800 128.45700
29 3 21 13 28 49116.60000 10.43900000 1507.57000 165.19000 30.73800 128.45700
29 3 21 13 29 49150.00000 10.43900000 1508.34000 165.23000 30.73800 128.45700
29 3 21 13 29 49149.90000 10.43900000 1509.39000 165.26000 30.73800 128.45700
29 3 21 13 30 49168.00000 10.43900000 1509.96000 165.30000 30.73800 128.54300
29 3 21 13 30 49182.30000 10.44000000 1510.99000 165.33000 30.73800 128.54300
29 3 21 13 30 49199.90000 10.44000000 1512.45000 165.49000 30.73800 128.54300
29 3 21 13 31 49224.00000 10.44000000 1512.45000 165.50000 30.73800 128.54300
29 3 21 13 31 49229.80000 10.44000000 1512.45000 165.58000 30.73800 128.54300
29 3 21 13 32 49205.90000 10.44000000 1512.99000 165.58000 30.73800 129.10100
29 3 21 13 32 49197.90000 10.44000000 1512.72000 165.45000 30.73800 129.10100
29 3 21 13 33 49198.00000 10.44000000 1511.27000 165.45000 30.73800 129.10100
29 3 21 13 33 49159.10000 10.49800000 1511.26000 165.34000 30.73800 129.10100
29 3 21 13 33 49138.90000 10.49800000 1511.13000 165.32000 30.73800 129.18200
29 3 21 13 34 49132.80000 10.48900000 1509.72000 165.32000 30.73800 129.10100
29 3 21 13 34 49103.00000 10.48900000 1509.65000 165.11000 30.73800 129.31100
29 3 21 13 35 49130.50000 10.48900000 1510.60000 165.36000 30.73800 130.00000
29 3 21 13 35 49159.90000 10.48900000 1510.97000 165.32000 30.73800 130.00000
29 3 21 13 36 49177.20000 10.48900000 1511.45000 165.32000 30.73800 129.66900
29 3 21 13 36 49200.00000 10.48900000 1511.46000 165.37000 30.73800 129.66900
29 3 21 13 36 49199.90000 10.48900000 1510.97000 165.35000 30.73800 129.66900
29 3 21 13 37 49209.70000 10.48900000 1511.45000 165.37000 30.73800 129.66900
29 3 21 13 37 49209.60000 10.48900000 1511.43000 165.37000 30.73800 129.66900
29 3 21 13 38 49209.60000 10.48900000 1511.94000 165.37000 30.73800 129.66900
29 3 21 13 38 49226.40000 10.48900000 1512.19000 165.34000 30.73800 129.03400
29 3 21 13 39 49238.40000 10.48900000 1512.28000 165.34000 30.73800 129.03400
29 3 21 13 39 49248.30000 10.48900000 1513.00000 165.37000 30.73800 129.13100
29 3 21 13 39 49278.90000 10.48900000 1513.99000 165.49000 30.73800 129.13100
29 3 21 13 40 49285.00000 10.48900000 1514.89000 165.55000 30.73800 129.13100
29 3 21 13 40 49298.90000 10.48900000 1515.00000 165.52000 30.73800 129.13100
29 3 21 13 41 49298.90000 10.48900000 1513.24000 165.52000 30.73800 129.13100
29 3 21 13 41 49298.90000 10.48900000 1513.21000 165.53000 30.73800 129.13100
29 3 21 13 42 49298.80000 10.48900000 1513.34000 165.56000 30.73800 129.12900
29 3 21 13 42 49285.00000 10.48900000 1513.01000 165.48000 30.73800 129.19700
29 3 21 13 42 49255.10000 10.48900000 1512.09000 165.36000 30.73800 129.38600
29 3 21 13 43 49255.00000 10.48900000 1511.12000 165.36000 30.73800 129.46700
29 3 21 13 43 49227.10000 10.48900000 1511.01000 165.37000 30.73800 129.46700
29 3 21 13 44 49227.10000 10.48900000 1511.19000 165.41000 30.73800 129.46700
29 3 21 13 44 49227.00000 10.48900000 1510.87000 165.39000 30.73800 129.46700
