M=[
18 6 20 23 52 8382.40000 5.53800000 206.68000 38.84000 14.43000 46.50000
18 6 20 23 52 8384.20000 5.53800000 206.61000 38.84000 14.43000 46.50000
18 6 20 23 53 8384.20000 5.53800000 206.61000 38.84000 14.43000 46.50000
18 6 20 23 53 8384.20000 5.53800000 206.63000 38.84000 14.43000 46.50000
18 6 20 23 54 8379.80000 5.53800000 206.66000 38.84000 14.43000 46.50000
18 6 20 23 54 8379.80000 5.53800000 206.66000 38.84000 14.43000 46.50000
18 6 20 23 55 8378.80000 5.53800000 206.66000 38.84000 14.43000 46.50000
18 6 20 23 55 8380.60000 5.53800000 206.66000 38.84000 14.43000 46.50000
18 6 20 23 56 8382.70000 5.53800000 206.65000 38.84000 14.43000 46.50000
18 6 20 23 56 8380.40000 5.53800000 206.65000 38.84000 14.43000 46.50000
18 6 20 23 57 8378.70000 5.53800000 206.65000 38.84000 14.43000 46.50000
18 6 20 23 57 8379.10000 5.53800000 206.66000 38.84000 14.43000 46.50000
18 6 20 23 58 8379.10000 5.53800000 206.65000 38.84000 14.49500 46.50000
18 6 20 23 58 8379.10000 5.53800000 206.65000 38.84000 14.49500 46.50000
18 6 20 23 59 8378.80000 5.53800000 206.65000 38.84000 14.49500 46.44300
18 6 20 23 59 8378.70000 5.53800000 206.65000 38.84000 14.53700 46.44300
19 6 20 00 00 8378.10000 5.53800000 206.38000 38.77000 14.53700 46.44300
19 6 20 00 01 8371.60000 5.53800000 206.17000 38.77000 14.53700 46.44300
19 6 20 00 01 8371.00000 5.53800000 206.23000 38.77000 14.53700 46.44300
19 6 20 00 02 8371.10000 5.53800000 206.17000 38.77000 14.53700 46.44300
19 6 20 00 02 8367.00000 5.53800000 206.13000 38.77000 14.53700 46.44300
19 6 20 00 03 8367.00000 5.53800000 206.09000 38.77000 14.53700 46.44300
19 6 20 00 03 8368.30000 5.53800000 206.09000 38.77000 14.41300 46.44300
19 6 20 00 04 8367.10000 5.53800000 206.38000 38.77000 14.41300 46.44300
19 6 20 00 04 8367.00000 5.53800000 206.38000 38.77000 14.41300 46.44300
19 6 20 00 05 8367.00000 5.53800000 206.46000 38.77000 14.41300 46.44300
19 6 20 00 05 8369.70000 5.53800000 206.40000 38.77000 14.41300 46.44300
19 6 20 00 06 8367.80000 5.53800000 206.40000 38.77000 14.41300 46.44300
19 6 20 00 06 8367.30000 5.53800000 206.39000 38.77000 14.41300 46.44300
19 6 20 00 07 8365.80000 5.53800000 206.40000 38.77000 14.37600 46.44300
19 6 20 00 07 8368.10000 5.53800000 206.40000 38.77000 14.37500 46.44300
19 6 20 00 08 8366.40000 5.53800000 206.40000 38.77000 14.37500 46.44300
19 6 20 00 08 8363.70000 5.53800000 206.40000 38.77000 14.37500 46.44300
19 6 20 00 09 8363.70000 5.53800000 206.39000 38.77000 14.37500 46.44300
19 6 20 00 09 8363.70000 5.53800000 206.39000 38.77000 14.37500 46.44300
19 6 20 00 10 8368.40000 5.53800000 206.45000 38.77000 14.37500 46.44300
19 6 20 00 10 8368.30000 5.53800000 206.45000 38.77000 14.37500 46.44300
19 6 20 00 11 8368.30000 5.53800000 206.45000 38.77000 14.37500 46.44300
19 6 20 00 11 8368.40000 5.53800000 206.43000 38.77000 14.37500 46.44300
19 6 20 00 12 8368.40000 5.53800000 206.43000 38.77000 14.37500 46.44300
19 6 20 00 12 8368.40000 5.53800000 206.48000 38.77000 14.37500 46.44300
19 6 20 00 13 8368.40000 5.53800000 206.48000 38.77000 14.37500 46.44300
19 6 20 00 13 8365.20000 5.53800000 206.48000 38.77000 14.37500 46.44300
19 6 20 00 14 8362.70000 5.53800000 206.19000 38.77000 14.34400 46.44300
19 6 20 00 14 8362.70000 5.53800000 206.19000 38.77000 14.34400 46.44300
19 6 20 00 15 8363.80000 5.53800000 206.23000 38.74000 14.34400 46.44300
19 6 20 00 16 8365.20000 5.52500000 206.23000 38.74000 14.34400 46.44300
19 6 20 00 16 8366.00000 5.52500000 206.20000 38.74000 14.34400 46.44300
19 6 20 00 17 8366.00000 5.52500000 206.20000 38.74000 14.34400 46.44300
19 6 20 00 17 8365.20000 5.52500000 206.19000 38.74000 14.34400 46.44300
19 6 20 00 18 8365.20000 5.52500000 206.19000 38.74000 14.34400 46.44300
19 6 20 00 18 8365.20000 5.52500000 206.03000 38.74000 14.34400 46.44300
19 6 20 00 19 8362.00000 5.52500000 206.09000 38.74000 14.34400 46.44300
19 6 20 00 19 8362.10000 5.52500000 205.98000 38.74000 14.34400 46.44300
19 6 20 00 20 8362.00000 5.52500000 205.98000 38.74000 14.34400 46.44300
19 6 20 00 20 8362.00000 5.52500000 206.04000 38.74000 14.34400 46.44300
19 6 20 00 21 8362.00000 5.52500000 206.04000 38.74000 14.34400 46.44300
19 6 20 00 21 8361.80000 5.52500000 205.98000 38.74000 14.34400 46.44300
19 6 20 00 22 8361.90000 5.53800000 205.73000 38.74000 14.34400 46.44300
19 6 20 00 22 8361.90000 5.52500000 205.71000 38.74000 14.34400 46.44300
19 6 20 00 23 8361.90000 5.52500000 205.78000 38.74000 14.34400 46.44300
19 6 20 00 23 8361.90000 5.52500000 205.78000 38.74000 14.34400 46.44300
19 6 20 00 24 8361.80000 5.52500000 205.78000 38.74000 14.28100 46.44300
19 6 20 00 24 8361.80000 5.52500000 205.78000 38.74000 14.28100 46.44300
19 6 20 00 25 8356.80000 5.52500000 205.80000 38.74000 14.28100 46.44300
19 6 20 00 25 8363.20000 5.52500000 205.84000 38.74000 14.28100 46.37200
19 6 20 00 26 8362.50000 5.52500000 205.97000 38.74000 14.28100 46.37200
19 6 20 00 26 8362.50000 5.52500000 205.99000 38.74000 14.28100 46.37200
19 6 20 00 27 8362.20000 5.52500000 205.99000 38.74000 14.28100 46.37200
19 6 20 00 27 8362.20000 5.52500000 205.96000 38.74000 14.28100 46.37200
19 6 20 00 28 8362.20000 5.52500000 205.68000 38.66000 14.28100 46.37200
19 6 20 00 28 8357.90000 5.52500000 205.68000 38.66000 14.28100 46.37200
19 6 20 00 29 8357.90000 5.52500000 205.68000 38.66000 14.28100 46.37200
19 6 20 00 29 8355.80000 5.52500000 205.68000 38.66000 14.28100 46.37200
19 6 20 00 30 8355.80000 5.52500000 205.69000 38.74000 14.28100 46.37200
19 6 20 00 30 8356.50000 5.52500000 205.68000 38.74000 14.28100 46.37200
19 6 20 00 31 8356.50000 5.52500000 205.68000 38.66000 14.28100 46.37200
19 6 20 00 31 8356.50000 5.52500000 205.68000 38.66000 14.28100 46.37200
19 6 20 00 32 8356.40000 5.52500000 205.68000 38.66000 14.28100 46.37200
19 6 20 00 32 8357.70000 5.52500000 205.68000 38.66000 14.28100 46.37200
19 6 20 00 33 8357.70000 5.52500000 205.63000 38.66000 14.28100 46.37200
19 6 20 00 33 8357.70000 5.52500000 205.63000 38.66000 14.28100 46.37200
19 6 20 00 34 8359.60000 5.52500000 205.76000 38.66000 14.28100 46.30800
19 6 20 00 34 8359.60000 5.52500000 205.80000 38.66000 14.28100 46.30800
19 6 20 00 35 8357.60000 5.52500000 205.75000 38.66000 14.28100 46.30800
19 6 20 00 35 8357.30000 5.52500000 205.75000 38.66000 14.28100 46.30800
19 6 20 00 36 8350.40000 5.52500000 205.74000 38.66000 14.28100 46.30800
19 6 20 00 36 8350.40000 5.52500000 205.74000 38.66000 14.28100 46.30800
19 6 20 00 37 8352.20000 5.52500000 205.62000 38.66000 14.23000 46.30800
19 6 20 00 37 8352.20000 5.52500000 205.63000 38.66000 14.23000 46.30800
19 6 20 00 38 8350.10000 5.52500000 205.35000 38.66000 14.23000 46.30800
19 6 20 00 38 8350.10000 5.52500000 205.33000 38.66000 14.23000 46.30800
19 6 20 00 39 8350.00000 5.52500000 205.33000 38.66000 14.23000 46.30800
19 6 20 00 40 8345.80000 5.52500000 205.36000 38.66000 14.23000 46.30800
19 6 20 00 40 8344.70000 5.52500000 205.38000 38.66000 14.23000 46.30800
19 6 20 00 41 8347.70000 5.52500000 205.38000 38.66000 14.23000 46.30800
19 6 20 00 41 8342.50000 5.52500000 205.38000 38.66000 14.23000 46.30800
19 6 20 00 42 8342.50000 5.53800000 205.42000 38.66000 14.23000 46.30800
19 6 20 00 42 8335.50000 5.53800000 205.01000 38.66000 14.32400 46.30800
19 6 20 00 43 8338.70000 5.52500000 205.01000 38.66000 14.32400 46.20600
19 6 20 00 43 8344.10000 5.52500000 205.01000 38.66000 14.32400 46.20600
19 6 20 00 44 8344.10000 5.52500000 205.01000 38.66000 14.32400 46.20600
19 6 20 00 44 8347.50000 5.53800000 205.24000 38.59000 14.39000 46.20600
19 6 20 00 45 8344.70000 5.52500000 205.05000 38.59000 14.36500 46.20600
19 6 20 00 46 8344.70000 5.52500000 205.05000 38.59000 14.36500 46.20600
19 6 20 00 46 8348.20000 5.52500000 205.05000 38.59000 14.36500 46.20600
19 6 20 00 46 8348.10000 5.52500000 205.05000 38.59000 14.36500 46.20600
19 6 20 00 47 8348.10000 5.52500000 205.37000 38.59000 14.36500 46.20600
19 6 20 00 48 8352.00000 5.52500000 205.37000 38.59000 14.36500 46.20600
