M=[
15 10 20 10 13 9685.60000 4.84300000 318.94000 42.17000 11.76900 56.93000
15 10 20 10 14 9685.40000 4.84300000 318.90000 42.17000 11.76900 56.93000
15 10 20 10 14 9685.40000 4.84300000 318.90000 42.17000 11.76900 56.93000
15 10 20 10 14 9685.40000 4.84300000 318.90000 42.18000 11.76900 56.93000
15 10 20 10 15 9685.30000 4.84300000 318.88000 42.18000 11.76900 56.93000
15 10 20 10 15 9685.80000 4.84300000 318.88000 42.18000 11.76900 56.93000
15 10 20 10 16 9675.80000 4.84300000 318.63000 42.18000 11.76900 56.93000
15 10 20 10 16 9674.20000 4.84300000 318.61000 42.18000 11.76900 56.93000
15 10 20 10 17 9673.00000 4.84300000 318.52000 42.11000 11.76900 56.93000
15 10 20 10 17 9670.20000 4.84300000 318.23000 42.11000 11.76900 56.93000
15 10 20 10 17 9675.60000 4.84300000 318.31000 42.11000 11.76900 56.93000
15 10 20 10 18 9675.80000 4.84300000 318.32000 42.11000 11.76900 56.93000
15 10 20 10 18 9677.30000 4.84300000 318.32000 42.11000 11.76900 56.93000
15 10 20 10 19 9681.50000 4.84300000 318.32000 42.11000 11.76900 56.93000
15 10 20 10 19 9680.10000 4.84300000 318.49000 42.12000 11.76900 56.93000
15 10 20 10 20 9677.40000 4.84300000 318.50000 42.12000 11.76900 56.93000
15 10 20 10 20 9677.10000 4.85400000 318.21000 42.11000 11.76900 56.93000
15 10 20 10 20 9677.10000 4.85400000 318.21000 42.11000 11.76900 56.93000
15 10 20 10 21 9677.10000 4.85400000 318.21000 42.11000 11.76900 56.93000
15 10 20 10 21 9678.30000 4.85400000 318.21000 42.14000 11.76900 56.93000
15 10 20 10 22 9677.10000 4.85400000 318.21000 42.14000 11.76900 56.93000
15 10 20 10 22 9677.00000 4.85400000 318.20000 42.14000 11.76900 56.93000
15 10 20 10 23 9677.10000 4.85400000 318.20000 42.14000 11.76900 56.93000
15 10 20 10 23 9677.10000 4.85400000 318.20000 42.10000 11.76900 56.93000
15 10 20 10 23 9675.30000 4.85400000 318.21000 42.10000 11.76900 56.93000
15 10 20 10 24 9667.60000 4.85400000 318.07000 42.10000 11.76900 56.93000
15 10 20 10 24 9670.30000 4.85400000 318.15000 42.10000 11.76900 56.93000
15 10 20 10 25 9670.50000 4.85400000 318.15000 42.10000 11.76900 56.93000
15 10 20 10 25 9668.70000 4.85400000 318.03000 42.10000 11.76900 56.93000
15 10 20 10 25 9669.60000 4.85400000 318.05000 42.10000 11.76900 56.93000
15 10 20 10 26 9669.60000 4.85400000 318.05000 42.10000 11.76900 56.93000
15 10 20 10 26 9669.50000 4.85400000 318.05000 42.10000 11.76900 56.93000
15 10 20 10 27 9669.60000 4.85400000 318.05000 42.10000 11.76900 56.93000
15 10 20 10 27 9669.60000 4.85400000 318.01000 42.10000 11.76900 56.93000
15 10 20 10 28 9669.60000 4.85400000 318.01000 42.10000 11.76900 56.61500
15 10 20 10 28 9672.30000 4.85400000 318.00000 42.10000 11.76900 56.61500
15 10 20 10 28 9675.70000 4.85400000 318.01000 42.15000 11.76900 56.61500
15 10 20 10 29 9674.70000 4.85400000 318.01000 42.12000 11.76900 56.61500
15 10 20 10 29 9674.70000 4.79700000 318.01000 42.12000 11.76900 56.61500
15 10 20 10 30 9681.00000 4.79700000 318.01000 42.12000 11.76900 56.61500
15 10 20 10 30 9678.70000 4.79700000 318.01000 42.12000 11.76900 56.61500
15 10 20 10 31 9677.20000 4.79700000 318.38000 42.12000 11.76900 56.51000
15 10 20 10 31 9671.80000 4.79700000 318.14000 42.12000 11.76900 56.51000
15 10 20 10 31 9664.60000 4.79700000 318.03000 42.04000 11.76900 56.51000
15 10 20 10 32 9667.70000 4.79700000 318.02000 42.04000 11.76900 56.50000
15 10 20 10 32 9667.50000 4.79700000 317.76000 42.04000 11.76900 56.50000
15 10 20 10 33 9668.20000 4.79700000 317.76000 42.04000 11.76900 56.50000
15 10 20 10 33 9670.50000 4.79700000 317.92000 42.04000 11.76900 56.50000
15 10 20 10 34 9670.10000 4.79700000 317.92000 42.04000 11.76900 56.50000
15 10 20 10 34 9669.00000 4.79700000 317.89000 42.04000 11.76900 56.50000
15 10 20 10 34 9668.50000 4.79700000 317.89000 42.04000 11.76900 56.50000
15 10 20 10 35 9675.80000 4.79700000 317.80000 42.04000 11.76900 56.50000
15 10 20 10 35 9670.90000 4.79700000 317.80000 42.04000 11.76900 56.50000
15 10 20 10 36 9671.90000 4.79700000 317.80000 42.04000 11.76900 56.50000
15 10 20 10 36 9671.90000 4.79700000 317.80000 42.04000 11.76900 56.50000
15 10 20 10 37 9672.00000 4.79700000 317.80000 42.04000 11.76900 56.50000
15 10 20 10 37 9672.00000 4.79700000 317.80000 42.04000 11.76900 56.50000
15 10 20 10 37 9672.00000 4.79700000 317.86000 42.04000 11.76900 56.50000
15 10 20 10 38 9672.00000 4.79700000 317.78000 42.04000 11.76900 56.50000
15 10 20 10 38 9672.50000 4.79700000 317.78000 42.04000 11.76900 56.50000
15 10 20 10 39 9672.50000 4.79700000 317.78000 42.04000 11.76900 56.50000
15 10 20 10 39 9672.50000 4.79700000 318.11000 42.04000 11.76900 56.50000
15 10 20 10 40 9678.20000 4.79700000 318.33000 42.04000 11.76900 56.50000
15 10 20 10 40 9671.00000 4.79700000 318.33000 42.04000 11.76900 56.50000
15 10 20 10 40 9671.00000 4.79700000 318.33000 42.04000 11.76900 56.50000
15 10 20 10 41 9671.00000 4.79700000 318.21000 42.04000 11.76900 56.50000
15 10 20 10 41 9674.60000 4.79700000 318.24000 42.04000 11.76900 56.50000
15 10 20 10 42 9675.60000 4.79700000 318.24000 42.06000 11.76900 56.50000
15 10 20 10 42 9678.10000 4.79700000 318.25000 42.06000 11.76900 56.50000
15 10 20 10 43 9678.50000 4.79700000 318.25000 42.06000 11.76900 56.50000
15 10 20 10 43 9678.70000 4.79700000 318.47000 42.06000 11.76900 56.50000
15 10 20 10 43 9678.70000 4.79700000 318.47000 42.06000 11.76900 56.50000
15 10 20 10 44 9678.90000 4.79700000 318.47000 42.06000 11.76900 56.50000
15 10 20 10 44 9678.80000 4.79700000 318.43000 42.06000 11.76900 56.50000
15 10 20 10 45 9678.80000 4.79700000 318.43000 42.06000 11.76900 56.50000
15 10 20 10 45 9678.80000 4.79700000 318.43000 42.06000 11.76900 56.50000
15 10 20 10 46 9678.70000 4.79700000 318.56000 42.06000 11.76900 56.50000
15 10 20 10 46 9678.80000 4.79700000 318.55000 42.12000 11.76900 56.50000
15 10 20 10 46 9678.70000 4.79700000 318.55000 42.12000 11.76900 56.50000
15 10 20 10 47 9678.70000 4.79700000 318.55000 42.12000 11.76900 56.50000
15 10 20 10 47 9676.20000 4.79700000 318.51000 42.12000 11.76900 56.50000
15 10 20 10 48 9676.80000 4.79700000 318.51000 42.12000 11.76900 56.50000
15 10 20 10 48 9678.40000 4.79700000 318.51000 42.12000 11.76900 56.50000
15 10 20 10 49 9678.80000 4.79700000 318.51000 42.12000 11.76900 56.50000
15 10 20 10 49 9675.10000 4.79700000 318.51000 42.12000 11.76900 56.50000
15 10 20 10 49 9675.10000 4.79700000 318.51000 42.12000 11.76900 56.50000
15 10 20 10 50 9678.00000 4.79700000 318.47000 42.12000 11.76900 56.68800
15 10 20 10 50 9677.50000 4.79700000 318.49000 42.12000 11.76900 56.68800
15 10 20 10 51 9676.00000 4.79700000 318.48000 42.12000 11.76900 56.68800
15 10 20 10 51 9675.10000 4.79700000 318.44000 42.12000 11.76900 56.75000
15 10 20 10 52 9675.10000 4.79700000 318.44000 42.12000 11.76900 56.75000
15 10 20 10 52 9675.10000 4.79700000 318.51000 42.12000 11.76900 56.75000
15 10 20 10 52 9675.10000 4.79700000 318.51000 42.12000 11.76900 56.75000
15 10 20 10 53 9673.20000 4.79700000 318.52000 42.12000 11.76900 56.75000
15 10 20 10 53 9677.30000 4.79700000 318.59000 42.13000 11.76900 56.75000
15 10 20 10 54 9680.10000 4.79700000 318.59000 42.13000 11.76900 56.75000
15 10 20 10 54 9681.90000 4.79700000 318.59000 42.13000 11.76900 56.75000
15 10 20 10 55 9682.10000 4.79700000 318.59000 42.18000 11.76900 56.75000
15 10 20 10 55 9684.40000 4.79700000 318.98000 42.18000 11.76900 56.75000
15 10 20 10 55 9684.50000 4.79700000 319.02000 42.18000 11.76900 56.93000
15 10 20 10 56 9684.50000 4.79700000 319.02000 42.18000 11.76900 56.93000
15 10 20 10 56 9682.60000 4.79700000 319.02000 42.18000 11.76900 56.93000
15 10 20 10 57 9681.40000 4.79700000 318.88000 42.18000 11.76900 56.93000
15 10 20 10 57 9680.80000 4.79700000 318.88000 42.18000 11.76900 56.93000
15 10 20 10 57 9681.50000 4.79700000 318.94000 42.18000 11.76900 56.93000
15 10 20 10 58 9681.50000 4.79700000 318.91000 42.18000 11.76900 56.93000
15 10 20 10 58 9681.40000 4.79700000 319.00000 42.18000 11.76900 56.93000
15 10 20 10 59 9686.70000 4.79700000 319.23000 42.18000 11.76900 56.93000
