M=[
 1 6 20 03 02 8582.40000 6.37600000 214.36000 41.64000 11.75000 47.36200
 1 6 20 03 03 8582.40000 6.37600000 214.79000 41.64000 11.75000 47.41200
 1 6 20 03 03 8574.40000 6.37600000 215.03000 41.64000 11.75000 47.41200
 1 6 20 03 04 8574.50000 6.37600000 214.86000 41.64000 11.75000 47.41200
 1 6 20 03 04 8576.80000 6.37600000 214.84000 41.64000 11.75000 47.41200
 1 6 20 03 04 8576.80000 6.35600000 214.84000 41.64000 11.75000 47.41200
 1 6 20 03 05 8573.30000 6.35600000 214.69000 41.64000 11.75000 47.41200
 1 6 20 03 06 8573.30000 6.35600000 214.69000 41.64000 11.75000 47.36200
 1 6 20 03 06 8573.40000 6.35600000 214.69000 41.64000 11.75000 47.41200
 1 6 20 03 06 8573.40000 6.35600000 214.69000 41.64000 11.64700 47.41200
 1 6 20 03 07 8573.40000 6.35600000 214.83000 41.64000 11.75000 47.41200
 1 6 20 03 07 8573.40000 6.35600000 214.83000 41.64000 11.75000 47.41200
 1 6 20 03 08 8573.40000 6.35600000 214.61000 41.62000 11.75000 47.41200
 1 6 20 03 08 8573.40000 6.35600000 214.61000 41.64000 11.75000 47.41200
 1 6 20 03 09 8567.40000 6.35600000 214.61000 41.64000 11.75000 47.41200
 1 6 20 03 09 8566.30000 6.35600000 214.56000 41.64000 11.75000 47.41200
 1 6 20 03 10 8566.30000 6.35600000 214.61000 41.64000 11.75000 47.41200
 1 6 20 03 10 8567.40000 6.35600000 214.61000 41.64000 11.77400 47.41200
 1 6 20 03 11 8559.80000 6.35600000 214.61000 41.64000 11.77400 47.41200
 1 6 20 03 11 8555.50000 6.35600000 214.45000 41.64000 11.77400 47.41200
 1 6 20 03 12 8555.50000 6.37600000 214.47000 41.64000 11.77400 47.41200
 1 6 20 03 12 8560.90000 6.35600000 214.47000 41.64000 11.77400 47.41200
 1 6 20 03 12 8555.50000 6.35600000 214.45000 41.64000 11.77400 47.41200
 1 6 20 03 13 8559.70000 6.35600000 214.45000 41.64000 11.75000 47.41200
 1 6 20 03 13 8559.70000 6.35600000 214.07000 41.61000 11.77400 47.41200
 1 6 20 03 14 8553.00000 6.35600000 214.07000 41.61000 11.77400 47.36200
 1 6 20 03 14 8559.30000 6.35600000 213.89000 41.61000 11.77400 47.41200
 1 6 20 03 15 8559.30000 6.35600000 214.47000 41.62000 11.77400 47.36200
 1 6 20 03 15 8559.30000 6.35600000 214.00000 41.61000 11.77400 47.41200
 1 6 20 03 16 8559.30000 6.35600000 214.02000 41.56000 11.77400 47.41200
 1 6 20 03 16 8559.30000 6.35600000 214.02000 41.56000 11.77400 47.41200
 1 6 20 03 17 8559.60000 6.35600000 214.02000 41.56000 11.77400 47.36200
 1 6 20 03 17 8559.60000 6.35600000 214.02000 41.58000 11.77400 47.41200
 1 6 20 03 18 8559.60000 6.35600000 213.85000 41.58000 11.77400 47.41200
 1 6 20 03 18 8559.60000 6.35600000 213.85000 41.56000 11.77400 47.41200
 1 6 20 03 18 8559.60000 6.35600000 213.85000 41.56000 11.77400 47.20800
 1 6 20 03 19 8559.70000 6.35600000 213.85000 41.56000 11.83900 47.20800
 1 6 20 03 19 8559.70000 6.35600000 213.85000 41.56000 11.83900 47.20800
 1 6 20 03 20 8553.00000 6.35600000 213.85000 41.56000 11.83900 47.20800
 1 6 20 03 20 8559.80000 6.35600000 213.85000 41.56000 11.83900 47.20800
 1 6 20 03 21 8560.00000 6.35600000 213.85000 41.56000 11.83900 47.20800
 1 6 20 03 21 8560.00000 6.35600000 214.13000 41.56000 11.75000 47.20800
 1 6 20 03 22 8559.90000 6.35600000 214.13000 41.56000 11.83900 47.20800
 1 6 20 03 22 8560.00000 6.35600000 214.13000 41.56000 11.83900 47.20800
 1 6 20 03 23 8560.00000 6.35600000 214.13000 41.56000 11.83900 47.36200
 1 6 20 03 23 8560.00000 6.35600000 214.13000 41.56000 11.83900 47.20800
 1 6 20 03 24 8560.00000 6.35600000 214.13000 41.56000 11.83900 47.20800
 1 6 20 03 24 8560.00000 6.35600000 214.13000 41.56000 11.83900 47.20800
 1 6 20 03 25 8560.00000 6.35600000 213.85000 41.56000 11.83900 47.20800
 1 6 20 03 25 8560.00000 6.35600000 214.13000 41.56000 11.83900 47.20800
 1 6 20 03 25 8560.00000 6.35600000 214.13000 41.56000 11.83900 47.20800
 1 6 20 03 26 8569.30000 6.35600000 214.13000 41.56000 11.83900 47.20800
 1 6 20 03 26 8571.90000 6.35600000 214.13000 41.56000 11.83900 47.20800
 1 6 20 03 27 8577.50000 6.35600000 214.13000 41.56000 11.83900 47.20800
 1 6 20 03 27 8571.90000 6.35600000 214.13000 41.56000 11.75000 47.20800
 1 6 20 03 28 8577.50000 6.35600000 214.45000 41.56000 11.75000 47.20800
 1 6 20 03 28 8579.40000 6.35600000 214.45000 41.56000 11.83900 47.20800
 1 6 20 03 29 8579.40000 6.35600000 214.45000 41.56000 11.83900 47.20800
 1 6 20 03 29 8579.20000 6.35600000 214.45000 41.56000 11.83900 47.20800
 1 6 20 03 30 8578.60000 6.35600000 213.85000 41.56000 11.83900 47.20800
 1 6 20 03 30 8578.60000 6.35600000 214.65000 41.56000 11.83900 47.20800
 1 6 20 03 31 8579.50000 6.35600000 214.65000 41.56000 11.85300 47.20800
 1 6 20 03 31 8581.60000 6.35600000 214.65000 41.56000 11.85300 47.20800
 1 6 20 03 32 8579.60000 6.35600000 214.65000 41.56000 11.85300 47.20800
 1 6 20 03 32 8579.60000 6.35600000 214.65000 41.56000 11.85300 47.20800
 1 6 20 03 33 8579.60000 6.35600000 214.65000 41.56000 11.86000 47.20800
 1 6 20 03 33 8579.60000 6.35600000 214.13000 41.56000 11.86000 47.20800
 1 6 20 03 34 8579.60000 6.35600000 214.65000 41.56000 11.86000 47.20800
 1 6 20 03 34 8579.60000 6.35600000 214.62000 41.56000 11.86000 47.20800
 1 6 20 03 34 8579.50000 6.35600000 214.65000 41.56000 11.86000 47.20800
 1 6 20 03 35 8580.20000 6.35600000 214.74000 41.56000 11.86000 47.20800
 1 6 20 03 35 8580.20000 6.35600000 214.74000 41.56000 11.86000 47.20800
 1 6 20 03 36 8577.20000 6.35600000 214.74000 41.56000 11.86000 47.20800
 1 6 20 03 36 8577.80000 6.35600000 214.67000 41.56000 11.86000 47.20800
 1 6 20 03 37 8577.80000 6.35600000 214.67000 41.56000 11.83900 47.20800
 1 6 20 03 37 8577.80000 6.37600000 214.67000 41.56000 11.83900 47.20800
 1 6 20 03 38 8577.00000 6.35600000 214.72000 41.56000 11.86000 47.20800
 1 6 20 03 38 8577.00000 6.35600000 214.72000 41.56000 11.86000 47.20800
 1 6 20 03 39 8577.00000 6.35600000 214.72000 41.56000 11.86000 47.36200
 1 6 20 03 39 8579.30000 6.35600000 214.65000 41.56000 11.86000 47.20800
 1 6 20 03 40 8578.60000 6.35600000 214.65000 41.56000 11.86000 47.20800
 1 6 20 03 40 8578.60000 6.35600000 214.68000 41.56000 11.86000 47.36200
 1 6 20 03 41 8578.60000 6.35600000 214.68000 41.56000 11.85300 47.20800
 1 6 20 03 41 8578.60000 6.35600000 214.65000 41.56000 11.86000 47.40000
 1 6 20 03 42 8579.50000 6.37600000 214.65000 41.56000 11.86000 47.41200
 1 6 20 03 42 8582.40000 6.38500000 214.65000 41.56000 11.86000 47.40000
 1 6 20 03 42 8583.30000 6.35600000 214.65000 41.56000 11.86000 47.36200
 1 6 20 03 43 8583.30000 6.35600000 214.65000 41.56000 11.86000 47.20800
 1 6 20 03 43 8583.30000 6.35600000 214.65000 41.56000 11.86000 47.40000
 1 6 20 03 44 8584.20000 6.37600000 214.65000 41.56000 11.86000 47.40000
 1 6 20 03 44 8584.20000 6.35600000 214.65000 41.56000 11.86000 47.20800
 1 6 20 03 45 8584.20000 6.35600000 214.65000 41.56000 11.86000 47.40000
 1 6 20 03 45 8584.20000 6.35600000 214.65000 41.56000 11.86000 47.40000
 1 6 20 03 46 8588.10000 6.35600000 214.65000 41.56000 11.83900 47.40000
 1 6 20 03 46 8585.20000 6.35600000 214.65000 41.56000 11.86000 47.40000
 1 6 20 03 47 8585.80000 6.35600000 214.65000 41.56000 11.86000 47.40000
 1 6 20 03 47 8585.80000 6.35600000 214.65000 41.56000 11.86000 47.40000
 1 6 20 03 48 8586.60000 6.35600000 214.65000 41.56000 11.86000 47.41200
 1 6 20 03 48 8586.60000 6.35600000 214.65000 41.56000 11.86000 47.40000
 1 6 20 03 49 8586.60000 6.35600000 214.25000 41.56000 11.85300 47.20800
 1 6 20 03 49 8585.10000 6.35600000 214.22000 41.56000 11.86000 47.40000
 1 6 20 03 49 8583.60000 6.35600000 214.22000 41.58000 11.86000 47.40000
 1 6 20 03 50 8577.20000 6.35600000 214.22000 41.56000 11.86000 47.41200
 1 6 20 03 50 8577.20000 6.35600000 214.22000 41.56000 11.86000 47.40000
 1 6 20 03 51 8580.80000 6.35600000 214.22000 41.56000 11.86000 47.20800
 1 6 20 03 51 8577.90000 6.35600000 214.22000 41.56000 11.86000 47.40000
 1 6 20 03 52 8578.30000 6.35600000 214.20000 41.56000 11.86000 47.36200
 1 6 20 03 52 8578.30000 6.35600000 214.20000 41.56000 11.86000 47.40000
 1 6 20 03 53 8578.30000 6.35600000 214.04000 41.62000 11.86000 47.40000
