M=[
20 12 20 13 53 19126.60000 5.39000000 527.62000 93.46000 15.34300 60.56900
20 12 20 13 54 19137.60000 5.39000000 527.63000 93.71000 15.34300 60.56900
20 12 20 13 54 19137.60000 5.39000000 527.63000 93.80000 15.34300 60.56900
20 12 20 13 55 19148.00000 5.39000000 527.63000 93.80000 15.34300 60.56900
20 12 20 13 55 19175.50000 5.40800000 527.85000 94.00000 15.34300 60.56900
20 12 20 13 56 19179.70000 5.40800000 528.45000 94.00000 15.34300 60.56900
20 12 20 13 56 19180.00000 5.41000000 528.51000 94.00000 15.34300 60.56900
20 12 20 13 56 19179.80000 5.41000000 528.53000 94.03000 15.34300 60.56900
20 12 20 13 57 19160.10000 5.41000000 527.87000 93.90000 15.34300 60.56900
20 12 20 13 57 19159.60000 5.41300000 527.86000 93.87000 15.34300 60.77700
20 12 20 13 58 19162.00000 5.42500000 528.14000 93.90000 15.34300 60.77700
20 12 20 13 58 19180.90000 5.42500000 528.18000 93.87000 15.34300 60.77700
20 12 20 13 59 19180.90000 5.42500000 528.17000 93.87000 15.34300 60.77700
20 12 20 13 59 19179.20000 5.42500000 528.17000 93.84000 15.34300 60.77700
20 12 20 13 59 19178.20000 5.42500000 528.17000 93.88000 15.34300 60.77700
20 12 20 14 00 19171.50000 5.42500000 527.58000 93.83000 15.34300 60.77700
20 12 20 14 00 19161.50000 5.42500000 527.32000 93.75000 15.32800 60.77700
20 12 20 14 01 19167.20000 5.42500000 527.02000 93.75000 15.34300 60.70900
20 12 20 14 01 19160.10000 5.42500000 527.20000 93.35000 15.34300 60.70900
20 12 20 14 02 19158.60000 5.42500000 527.01000 93.47000 15.34300 60.70900
20 12 20 14 02 19150.10000 5.42500000 527.07000 93.47000 15.34300 60.70900
20 12 20 14 02 19150.10000 5.43700000 527.07000 93.45000 15.34300 60.70900
20 12 20 14 03 19156.60000 5.43700000 527.23000 93.48000 15.34300 60.70900
20 12 20 14 03 19159.90000 5.44000000 527.23000 93.91000 15.34300 60.70900
20 12 20 14 04 19179.70000 5.45600000 527.52000 93.91000 15.34300 60.70900
20 12 20 14 04 19172.60000 5.45600000 527.77000 93.91000 15.34300 60.70900
20 12 20 14 05 19163.90000 5.45600000 527.80000 93.92000 15.34300 60.70900
20 12 20 14 05 19173.40000 5.45600000 527.73000 93.83000 15.34300 60.70900
20 12 20 14 05 19173.50000 5.45600000 527.50000 93.66000 15.34300 60.87300
20 12 20 14 06 19173.50000 5.45600000 527.49000 93.56000 15.34300 60.87300
20 12 20 14 06 19155.70000 5.45600000 527.50000 93.56000 15.34300 60.87300
20 12 20 14 07 19150.20000 5.49000000 527.00000 93.56000 15.34300 60.87300
20 12 20 14 07 19154.40000 5.49000000 527.01000 93.50000 15.34300 60.87300
20 12 20 14 08 19161.00000 5.49000000 527.01000 93.50000 15.34300 60.87300
20 12 20 14 08 19160.90000 5.49000000 527.01000 93.59000 15.34300 60.87300
20 12 20 14 08 19150.10000 5.49000000 527.00000 93.71000 15.34300 60.87300
20 12 20 14 09 19157.50000 5.49000000 526.90000 93.71000 15.34300 60.87300
20 12 20 14 09 19159.20000 5.49000000 526.90000 93.71000 15.34300 60.87300
20 12 20 14 10 19166.40000 5.49000000 526.90000 93.75000 15.34300 60.92900
20 12 20 14 10 19162.00000 5.45700000 526.90000 93.75000 15.34300 60.92900
20 12 20 14 11 19162.00000 5.45700000 526.87000 93.61000 15.34300 60.85800
20 12 20 14 11 19150.10000 5.45700000 526.36000 93.50000 15.34300 60.85800
20 12 20 14 11 19159.00000 5.45700000 526.85000 93.50000 15.34300 60.85800
20 12 20 14 12 19160.10000 5.45700000 526.88000 93.50000 15.34300 60.85800
20 12 20 14 12 19154.60000 5.45700000 526.64000 93.20000 15.34300 60.85800
20 12 20 14 13 19159.00000 5.45700000 526.64000 93.29000 15.34300 60.85800
20 12 20 14 13 19159.00000 5.45700000 526.64000 93.29000 15.34300 60.85800
20 12 20 14 14 19159.10000 5.45700000 526.89000 93.24000 15.34300 60.85800
20 12 20 14 14 19159.00000 5.45700000 526.89000 93.25000 15.34300 60.85800
20 12 20 14 14 19159.10000 5.45700000 526.93000 93.25000 15.26600 60.85800
20 12 20 14 15 19159.00000 5.45700000 526.93000 93.22000 15.26600 60.85800
20 12 20 14 15 19169.90000 5.45700000 527.02000 93.32000 15.26600 60.85800
20 12 20 14 16 19178.90000 5.45700000 527.53000 93.31000 15.26600 60.85800
20 12 20 14 16 19179.00000 5.45700000 527.53000 93.38000 15.26600 60.85800
20 12 20 14 17 19179.00000 5.45700000 528.06000 93.53000 15.34200 60.85800
20 12 20 14 17 19179.80000 5.45700000 528.06000 93.53000 15.34200 60.85800
20 12 20 14 17 19198.00000 5.45700000 528.70000 93.75000 15.34300 60.85800
20 12 20 14 18 19208.00000 5.45700000 528.70000 93.87000 15.34300 60.85800
20 12 20 14 18 19198.60000 5.45700000 528.87000 93.87000 15.34300 60.85800
20 12 20 14 19 19204.60000 5.45700000 528.52000 93.77000 15.31300 60.85800
20 12 20 14 19 19198.40000 5.45700000 528.52000 93.84000 15.30000 60.85800
20 12 20 14 20 19199.90000 5.45700000 528.52000 93.78000 15.30000 60.85800
20 12 20 14 20 19187.30000 5.45700000 528.51000 93.78000 15.30000 60.85800
20 12 20 14 20 19189.70000 5.45700000 527.95000 93.92000 15.30000 60.98300
20 12 20 14 21 19180.00000 5.45700000 527.71000 93.79000 15.30000 60.98300
20 12 20 14 21 19182.10000 5.45700000 527.92000 93.79000 15.30000 60.98300
20 12 20 14 22 19189.50000 5.45700000 527.92000 93.79000 15.30000 60.96900
20 12 20 14 22 19194.10000 5.45700000 528.60000 93.79000 15.30000 60.96900
20 12 20 14 23 19194.10000 5.49000000 528.66000 93.79000 15.30000 60.96900
20 12 20 14 23 19194.00000 5.49000000 528.67000 94.11000 15.30000 60.96900
20 12 20 14 23 19194.00000 5.49000000 528.70000 94.05000 15.30000 61.09600
20 12 20 14 24 19194.00000 5.49000000 528.70000 94.04000 15.30000 61.09600
20 12 20 14 24 19194.10000 5.49000000 528.88000 94.05000 15.30000 61.09600
20 12 20 14 25 19194.10000 5.49000000 529.00000 94.03000 15.30000 61.09600
20 12 20 14 25 19194.10000 5.49000000 529.33000 94.01000 15.30000 61.09600
20 12 20 14 26 19194.00000 5.49000000 529.37000 94.01000 15.30000 61.09600
20 12 20 14 26 19194.00000 5.49000000 529.37000 94.03000 15.30000 61.09600
20 12 20 14 26 19194.10000 5.49000000 529.37000 94.00000 15.30000 61.09600
20 12 20 14 27 19194.00000 5.49000000 529.37000 94.00000 15.30000 61.09600
20 12 20 14 27 19194.10000 5.49000000 529.37000 94.06000 15.30000 61.09600
20 12 20 14 28 19176.10000 5.49000000 528.85000 94.00000 15.30000 61.09600
20 12 20 14 28 19183.70000 5.49000000 529.38000 94.00000 15.30000 61.09600
20 12 20 14 29 19185.50000 5.49000000 529.43000 94.00000 15.30000 61.09600
20 12 20 14 29 19194.10000 5.49000000 529.40000 94.00000 15.30000 61.09600
20 12 20 14 29 19194.10000 5.49000000 529.42000 94.10000 15.30000 61.09600
20 12 20 14 30 19198.90000 5.49000000 529.79000 94.15000 15.30000 61.09600
20 12 20 14 30 19198.80000 5.49000000 529.79000 94.15000 15.30000 61.09600
20 12 20 14 31 19198.80000 5.49000000 529.79000 94.15000 15.30000 61.09600
20 12 20 14 31 19181.10000 5.49000000 529.44000 94.06000 15.30000 61.09600
20 12 20 14 32 19193.30000 5.49000000 529.44000 94.06000 15.30000 61.09600
20 12 20 14 32 19194.00000 5.45700000 529.44000 93.84000 15.30000 61.09600
20 12 20 14 32 19193.30000 5.45700000 529.44000 93.82000 15.30000 61.09600
20 12 20 14 33 19196.30000 5.45700000 529.43000 93.96000 15.30000 61.09600
20 12 20 14 33 19198.90000 5.45700000 529.43000 93.92000 15.30000 61.09600
20 12 20 14 34 19197.40000 5.45700000 529.43000 93.91000 15.30000 61.09600
20 12 20 14 34 19198.50000 5.45700000 529.43000 93.91000 15.30000 61.09600
20 12 20 14 35 19198.50000 5.45700000 529.43000 93.92000 15.30000 61.09600
20 12 20 14 35 19199.00000 5.45700000 529.43000 94.01000 15.30000 61.09600
20 12 20 14 35 19213.90000 5.45700000 529.36000 94.12000 15.30000 61.09600
20 12 20 14 36 19214.80000 5.45700000 529.80000 94.13000 15.30000 61.09600
20 12 20 14 36 19237.90000 5.45700000 530.25000 94.32000 15.30000 61.09600
20 12 20 14 37 19236.90000 5.45700000 530.98000 94.38000 15.30000 61.09600
20 12 20 14 37 19210.00000 5.45700000 530.19000 94.21000 15.30000 61.09600
20 12 20 14 38 19221.60000 5.45700000 529.89000 94.31000 15.30000 61.09600
20 12 20 14 38 19208.40000 5.45700000 529.19000 94.17000 15.30000 61.09600
20 12 20 14 38 19209.40000 5.45700000 529.19000 94.18000 15.30000 61.09600
