M=[
25 6 20 01 56 8251.50000 5.52000000 208.44000 37.99000 14.80100 48.72000
25 6 20 01 56 8252.00000 5.52000000 208.44000 37.99000 14.80100 48.72000
25 6 20 01 56 8252.00000 5.52000000 208.44000 37.99000 14.80100 48.72000
25 6 20 01 57 8251.80000 5.52000000 208.44000 37.99000 14.80100 48.72000
25 6 20 01 57 8252.00000 5.52000000 208.44000 37.99000 14.80100 48.72000
25 6 20 01 58 8252.00000 5.52000000 208.44000 37.99000 14.80100 48.72000
25 6 20 01 58 8252.30000 5.52000000 208.44000 37.99000 14.80100 48.72000
25 6 20 01 59 8252.30000 5.52000000 208.44000 37.99000 14.80100 48.72000
25 6 20 01 59 8252.30000 5.52000000 208.44000 37.99000 14.80100 48.72000
25 6 20 02 00 8246.80000 5.52000000 208.43000 37.99000 14.80100 48.72000
25 6 20 02 00 8248.60000 5.52000000 208.34000 37.99000 14.80100 48.72000
25 6 20 02 01 8247.70000 5.52000000 208.34000 37.99000 14.80100 48.72000
25 6 20 02 01 8244.80000 5.52000000 208.34000 37.99000 14.80100 48.72000
25 6 20 02 02 8244.80000 5.52000000 208.34000 37.99000 14.80100 48.72000
25 6 20 02 02 8247.40000 5.52000000 208.34000 37.99000 14.80100 48.72000
25 6 20 02 02 8247.40000 5.52000000 208.34000 37.99000 14.80100 48.72000
25 6 20 02 03 8247.40000 5.52000000 208.34000 37.99000 14.80100 48.72000
25 6 20 02 03 8247.40000 5.52000000 208.34000 38.00000 14.80100 48.72000
25 6 20 02 04 8245.90000 5.52000000 208.34000 38.00000 14.80100 48.72000
25 6 20 02 04 8247.70000 5.52000000 208.34000 38.00000 14.80100 48.72000
25 6 20 02 05 8247.80000 5.52000000 208.34000 38.00000 14.80100 48.72000
25 6 20 02 05 8247.80000 5.52000000 208.34000 38.00000 14.80100 48.72000
25 6 20 02 06 8246.00000 5.52000000 208.34000 38.00000 14.80100 48.72000
25 6 20 02 06 8246.00000 5.52000000 208.34000 38.00000 14.80100 48.72000
25 6 20 02 07 8246.00000 5.52000000 208.34000 37.97000 14.80100 49.03900
25 6 20 02 07 8246.00000 5.52000000 208.38000 37.97000 14.80100 49.03900
25 6 20 02 07 8246.00000 5.52000000 208.38000 38.00000 14.80100 49.03900
25 6 20 02 08 8246.00000 5.52000000 208.38000 37.97000 14.80100 49.03900
25 6 20 02 08 8246.00000 5.52000000 208.38000 38.00000 14.80100 49.03900
25 6 20 02 09 8246.10000 5.52000000 208.38000 37.97000 14.80100 49.03900
25 6 20 02 09 8248.60000 5.52000000 208.38000 37.97000 14.80100 49.03900
25 6 20 02 10 8249.60000 5.52000000 208.38000 37.97000 14.80100 49.01300
25 6 20 02 10 8249.80000 5.52000000 208.35000 37.97000 14.80100 49.01300
25 6 20 02 11 8249.90000 5.52000000 208.36000 37.97000 14.80100 49.01300
25 6 20 02 11 8249.90000 5.52000000 208.36000 37.97000 14.80100 49.01300
25 6 20 02 11 8249.90000 5.52000000 208.36000 37.97000 14.80100 49.01300
25 6 20 02 12 8249.90000 5.52000000 208.36000 37.97000 14.80100 49.01300
25 6 20 02 12 8249.80000 5.52000000 208.35000 37.97000 14.80100 49.01300
25 6 20 02 13 8249.80000 5.52000000 208.36000 37.97000 14.80100 49.01300
25 6 20 02 13 8249.90000 5.52000000 208.36000 37.97000 14.80100 49.01300
25 6 20 02 14 8249.90000 5.52000000 208.35000 37.97000 14.80100 49.01300
25 6 20 02 14 8249.90000 5.52000000 208.34000 37.97000 14.80100 49.01300
25 6 20 02 15 8249.90000 5.52000000 208.24000 37.97000 14.80100 49.01200
25 6 20 02 15 8249.90000 5.52000000 208.14000 37.97000 14.80100 49.01200
25 6 20 02 16 8245.50000 5.52000000 208.14000 37.97000 14.80100 49.01200
25 6 20 02 16 8244.10000 5.52000000 208.14000 37.97000 14.80100 49.01200
25 6 20 02 17 8242.80000 5.52000000 208.14000 37.97000 14.80100 49.01200
25 6 20 02 17 8242.80000 5.52000000 208.14000 37.97000 14.80100 49.01200
25 6 20 02 18 8245.10000 5.52000000 208.14000 37.97000 14.80100 49.01200
25 6 20 02 18 8245.10000 5.52000000 208.14000 37.97000 14.80100 49.01200
25 6 20 02 19 8245.10000 5.52000000 208.16000 37.97000 14.80100 49.01200
25 6 20 02 19 8245.10000 5.52000000 208.16000 37.97000 14.80100 49.01200
25 6 20 02 20 8249.50000 5.52000000 208.16000 37.97000 14.80100 49.01200
25 6 20 02 20 8249.80000 5.52000000 208.16000 37.97000 14.80100 49.01200
25 6 20 02 20 8250.70000 5.52000000 208.16000 37.97000 14.80100 49.01200
25 6 20 02 21 8250.70000 5.52000000 208.16000 37.97000 14.80100 49.01200
25 6 20 02 21 8250.00000 5.52800000 207.80000 38.00000 14.80100 49.01200
25 6 20 02 22 8250.00000 5.52000000 207.70000 37.97000 14.80100 49.01200
25 6 20 02 22 8250.00000 5.52000000 207.69000 37.97000 14.80100 48.95000
25 6 20 02 23 8250.00000 5.52000000 207.69000 37.97000 14.80100 48.95000
25 6 20 02 23 8250.00000 5.52000000 207.74000 37.97000 14.80100 48.95000
25 6 20 02 24 8245.00000 5.52000000 207.69000 38.00000 14.80100 48.95000
25 6 20 02 24 8246.40000 5.52000000 207.83000 37.97000 14.72900 48.95000
25 6 20 02 25 8242.40000 5.52000000 207.83000 37.97000 14.72900 48.89500
25 6 20 02 25 8240.40000 5.52000000 207.83000 37.97000 14.72900 48.89500
25 6 20 02 26 8238.00000 5.52000000 207.83000 37.97000 14.72900 48.86700
25 6 20 02 26 8237.90000 5.52000000 207.69000 37.97000 14.72900 48.86700
25 6 20 02 27 8237.90000 5.53000000 207.10000 37.97000 14.72900 48.86700
25 6 20 02 27 8229.90000 5.53000000 207.10000 37.97000 14.72900 48.86700
25 6 20 02 28 8221.10000 5.53000000 207.10000 37.88000 14.72900 48.86700
25 6 20 02 28 8221.10000 5.53000000 207.10000 37.88000 14.72900 48.86700
25 6 20 02 29 8220.00000 5.53000000 207.00000 37.88000 14.72900 48.86700
25 6 20 02 29 8217.00000 5.53000000 207.01000 37.88000 14.72900 48.86700
25 6 20 02 30 8216.90000 5.53000000 207.00000 37.88000 14.72900 48.86700
25 6 20 02 30 8216.90000 5.53000000 207.07000 37.80000 14.72900 48.86700
25 6 20 02 31 8210.10000 5.53000000 206.88000 37.80000 14.72900 48.86700
25 6 20 02 31 8210.10000 5.53000000 206.88000 37.80000 14.72900 48.86700
25 6 20 02 31 8212.10000 5.53000000 206.88000 37.80000 14.72900 48.86700
25 6 20 02 32 8213.90000 5.51000000 206.94000 37.80000 14.72900 48.86700
25 6 20 02 32 8214.00000 5.51000000 206.88000 37.80000 14.72900 48.86700
25 6 20 02 33 8221.10000 5.53000000 206.88000 37.84000 14.72900 48.86700
25 6 20 02 33 8221.10000 5.51000000 206.94000 37.84000 14.72900 48.86700
25 6 20 02 34 8226.10000 5.51000000 207.22000 37.84000 14.72900 48.86700
25 6 20 02 34 8226.10000 5.51000000 207.22000 37.84000 14.72900 48.86700
25 6 20 02 35 8225.30000 5.51000000 207.25000 37.84000 14.72900 48.86700
25 6 20 02 35 8225.20000 5.51000000 207.25000 37.84000 14.72900 48.86700
25 6 20 02 36 8225.20000 5.51000000 207.25000 37.84000 14.72900 48.86700
25 6 20 02 36 8225.20000 5.51000000 207.48000 37.84000 14.72900 48.65700
25 6 20 02 37 8227.30000 5.51000000 207.56000 37.84000 14.72900 48.65700
25 6 20 02 37 8227.70000 5.51000000 207.56000 37.84000 14.72900 48.86700
25 6 20 02 38 8229.60000 5.51000000 207.56000 37.84000 14.72900 48.65700
25 6 20 02 38 8228.50000 5.51000000 207.56000 37.84000 14.72900 48.65700
25 6 20 02 38 8229.90000 5.51000000 207.56000 37.84000 14.72900 48.65700
25 6 20 02 39 8229.90000 5.51000000 207.56000 37.84000 14.72900 48.65700
25 6 20 02 39 8229.90000 5.51000000 207.56000 37.84000 14.72900 48.65700
25 6 20 02 40 8229.90000 5.51000000 207.57000 37.84000 14.72900 48.65700
25 6 20 02 40 8230.90000 5.52500000 207.62000 37.84000 14.72900 48.86700
25 6 20 02 41 8231.70000 5.52500000 207.62000 37.84000 14.63300 48.65700
25 6 20 02 41 8231.70000 5.52500000 207.62000 37.84000 14.63300 48.65700
25 6 20 02 42 8227.10000 5.52500000 207.62000 37.84000 14.63300 48.65700
25 6 20 02 42 8227.10000 5.52500000 207.62000 37.84000 14.63300 48.65700
25 6 20 02 43 8227.10000 5.52500000 207.62000 37.84000 14.63300 48.65700
25 6 20 02 43 8227.10000 5.52500000 207.62000 37.84000 14.63300 48.65700
25 6 20 02 44 8227.10000 5.52500000 207.62000 37.84000 14.63300 48.65700
25 6 20 02 44 8228.80000 5.52500000 207.62000 37.84000 14.63300 48.65700
25 6 20 02 44 8227.10000 5.52500000 207.62000 37.84000 14.63300 48.65700
25 6 20 02 45 8226.90000 5.52500000 207.62000 37.84000 14.63300 48.65700
25 6 20 02 45 8228.50000 5.52500000 207.62000 37.84000 14.63300 48.65700
25 6 20 02 46 8229.40000 5.52500000 207.62000 37.84000 14.63300 48.65700
