M=[
24 12 20 17 47 19184.20000 4.52700000 486.81000 88.53000 14.47200 49.80100
24 12 20 17 48 19184.10000 4.52700000 486.87000 88.53000 14.47200 49.80100
24 12 20 17 48 19182.30000 4.52700000 486.78000 88.48000 14.47200 49.80100
24 12 20 17 49 19182.30000 4.52700000 486.80000 88.42000 14.34000 49.80100
24 12 20 17 49 19182.10000 4.52700000 486.93000 88.42000 14.47200 49.80100
24 12 20 17 50 19182.20000 4.52700000 486.87000 88.48000 14.47300 49.80100
24 12 20 17 50 19182.30000 4.52700000 487.33000 88.48000 14.47300 49.80100
24 12 20 17 50 19182.50000 4.52700000 487.46000 88.53000 14.47300 49.80100
24 12 20 17 51 19190.00000 4.52700000 487.82000 88.71000 14.47300 49.80100
24 12 20 17 51 19195.70000 4.52700000 488.02000 88.70000 14.47300 49.80100
24 12 20 17 52 19200.80000 4.52700000 487.45000 88.70000 14.47300 49.80100
24 12 20 17 52 19189.90000 4.52700000 487.45000 88.68000 14.47300 49.80100
24 12 20 17 53 19194.60000 4.52700000 487.90000 88.68000 14.47300 49.80100
24 12 20 17 53 19194.40000 4.52700000 487.87000 88.68000 14.47300 49.80100
24 12 20 17 53 19189.90000 4.52700000 487.87000 88.68000 14.47300 49.80100
24 12 20 17 54 19191.60000 4.52700000 487.84000 88.62000 14.47300 49.80100
24 12 20 17 54 19205.00000 4.52700000 488.39000 88.62000 14.47300 49.80100
24 12 20 17 55 19198.10000 4.52700000 488.81000 88.66000 14.47300 49.80100
24 12 20 17 55 19190.00000 4.52700000 488.16000 88.49000 14.47300 49.80100
24 12 20 17 56 19189.90000 4.52700000 488.16000 88.43000 14.47300 49.80100
24 12 20 17 56 19189.90000 4.52700000 488.08000 88.47000 14.47300 49.80100
24 12 20 17 56 19190.40000 4.53600000 487.60000 88.49000 14.47300 49.80100
24 12 20 17 57 19200.10000 4.53600000 487.62000 88.52000 14.47300 49.80100
24 12 20 17 57 19190.60000 4.53600000 487.62000 88.64000 14.47300 49.80100
24 12 20 17 58 19199.30000 4.53600000 487.77000 88.61000 14.47300 49.80100
24 12 20 17 58 19199.00000 4.53600000 488.26000 88.61000 14.47300 49.80100
24 12 20 17 59 19197.00000 4.53600000 488.27000 88.58000 14.47300 49.80100
24 12 20 17 59 19201.00000 4.53600000 488.27000 88.57000 14.49800 49.80100
24 12 20 17 59 19207.30000 4.53600000 488.40000 88.61000 14.49800 49.80100
24 12 20 18 00 19219.80000 4.53600000 488.79000 88.67000 14.49800 49.80100
24 12 20 18 00 19220.00000 4.53600000 489.43000 88.91000 14.49800 49.80100
24 12 20 18 01 19219.90000 4.53600000 489.03000 88.81000 14.49900 49.80100
24 12 20 18 01 19217.90000 4.53600000 488.61000 88.81000 14.50000 49.80100
24 12 20 18 02 19217.50000 4.53600000 488.61000 88.64000 14.50000 49.80100
24 12 20 18 02 19192.60000 4.53600000 488.61000 88.64000 14.50000 49.80100
24 12 20 18 02 19192.70000 4.53600000 487.69000 88.59000 14.50000 49.80100
24 12 20 18 03 19189.80000 4.53600000 487.70000 88.59000 14.50000 49.74400
24 12 20 18 03 19190.40000 4.53600000 487.78000 88.52000 14.50000 49.74400
24 12 20 18 04 19190.30000 4.53600000 487.78000 88.48000 14.50000 49.74400
24 12 20 18 04 19207.10000 4.53600000 488.28000 88.50000 14.50000 49.74400
24 12 20 18 05 19206.00000 4.53600000 488.01000 88.47000 14.50000 49.74400
24 12 20 18 05 19207.70000 4.53600000 488.01000 88.42000 14.50000 49.74400
24 12 20 18 05 19207.70000 4.53600000 488.35000 88.42000 14.50000 49.74400
24 12 20 18 06 19206.00000 4.53600000 488.35000 88.45000 14.50000 49.74400
24 12 20 18 06 19214.40000 4.53600000 488.35000 88.45000 14.50000 49.74400
24 12 20 18 07 19205.90000 4.53600000 488.40000 88.54000 14.50000 49.74400
24 12 20 18 07 19211.10000 4.53600000 488.22000 88.54000 14.50000 49.74400
24 12 20 18 08 19211.10000 4.53600000 488.40000 88.55000 14.50000 49.74400
24 12 20 18 08 19220.00000 4.53600000 488.61000 88.73000 14.50000 49.74400
24 12 20 18 08 19216.90000 4.53600000 488.62000 88.71000 14.50000 49.74400
24 12 20 18 09 19216.00000 4.53600000 488.62000 88.71000 14.50000 49.74400
24 12 20 18 09 19218.90000 4.53600000 489.10000 88.64000 14.50000 49.74400
24 12 20 18 10 19219.90000 4.53600000 489.10000 88.64000 14.50000 49.74400
24 12 20 18 10 19220.00000 4.53600000 489.78000 88.64000 14.49800 49.74400
24 12 20 18 11 19220.00000 4.53600000 489.83000 88.64000 14.49800 49.74400
24 12 20 18 11 19208.10000 4.53600000 489.58000 88.64000 14.49800 49.74400
24 12 20 18 11 19206.00000 4.53600000 489.58000 88.60000 14.49800 49.74400
24 12 20 18 12 19207.30000 4.52000000 489.07000 88.60000 14.49800 49.74400
24 12 20 18 12 19206.40000 4.52000000 489.08000 88.59000 14.49800 49.74400
24 12 20 18 13 19199.90000 4.52000000 489.08000 88.58000 14.49800 49.74400
24 12 20 18 13 19199.90000 4.52000000 488.93000 88.58000 14.49800 49.74400
24 12 20 18 14 19196.40000 4.52000000 488.93000 88.58000 14.49800 49.74400
24 12 20 18 14 19192.10000 4.52000000 488.93000 88.51000 14.49800 49.74400
24 12 20 18 14 19189.90000 4.52000000 488.91000 88.50000 14.49800 49.74400
24 12 20 18 15 19195.10000 4.52000000 488.91000 88.50000 14.49800 49.74400
24 12 20 18 15 19197.00000 4.52000000 489.46000 88.59000 14.49800 49.74400
24 12 20 18 16 19201.80000 4.52000000 489.28000 88.55000 14.49800 49.62600
24 12 20 18 16 19204.40000 4.52000000 489.30000 88.55000 14.49800 49.62600
24 12 20 18 17 19204.40000 4.52000000 489.30000 88.57000 14.49800 49.62600
24 12 20 18 17 19207.50000 4.52000000 488.98000 88.57000 14.49800 49.62600
24 12 20 18 17 19207.50000 4.52000000 489.16000 88.49000 14.49800 49.62600
24 12 20 18 18 19201.40000 4.52000000 489.16000 88.49000 14.49800 49.62600
24 12 20 18 18 19191.60000 4.52000000 488.91000 88.49000 14.49800 49.62600
24 12 20 18 19 19189.80000 4.52000000 488.91000 88.49000 14.49800 49.62600
24 12 20 18 19 19189.80000 4.52000000 488.20000 88.49000 14.49800 49.62600
24 12 20 18 20 19189.90000 4.52000000 488.20000 88.48000 14.49800 49.62600
24 12 20 18 20 19189.90000 4.52000000 488.37000 88.48000 14.49800 49.62600
24 12 20 18 20 19189.90000 4.52000000 488.39000 88.48000 14.49800 49.62600
24 12 20 18 21 19189.90000 4.52000000 488.24000 88.46000 14.49800 49.62600
24 12 20 18 21 19192.30000 4.52000000 488.24000 88.46000 14.49800 49.62600
24 12 20 18 22 19191.70000 4.55400000 488.24000 88.46000 14.49800 49.62600
24 12 20 18 22 19189.90000 4.55400000 488.13000 88.46000 14.49800 49.62600
24 12 20 18 23 19181.20000 4.55400000 488.13000 88.42000 14.49800 49.62600
24 12 20 18 23 19192.40000 4.55400000 488.13000 88.48000 14.49800 49.62600
24 12 20 18 23 19189.20000 4.55400000 488.13000 88.48000 14.49800 49.62600
24 12 20 18 24 19184.70000 4.55400000 488.13000 88.48000 14.49800 49.62600
24 12 20 18 24 19183.50000 4.55400000 488.57000 88.36000 14.49800 49.62600
24 12 20 18 25 19189.10000 4.55400000 488.17000 88.36000 14.49800 49.62600
24 12 20 18 25 19189.10000 4.55400000 488.17000 88.51000 14.49800 49.62600
24 12 20 18 26 19199.90000 4.55400000 488.52000 88.51000 14.49800 49.62600
24 12 20 18 26 19191.50000 4.55400000 488.52000 88.40000 14.49800 49.62600
24 12 20 18 26 19190.30000 4.55400000 488.01000 88.35000 14.49800 49.62600
24 12 20 18 27 19180.50000 4.51200000 487.97000 88.35000 14.49800 49.62600
24 12 20 18 27 19177.80000 4.51200000 487.97000 88.35000 14.49800 49.62600
24 12 20 18 28 19187.10000 4.51200000 487.87000 88.31000 14.35300 49.62600
24 12 20 18 28 19187.10000 4.51200000 488.26000 88.31000 14.35300 49.62600
24 12 20 18 28 19186.80000 4.51200000 488.17000 88.31000 14.35300 49.62600
24 12 20 18 29 19178.80000 4.51200000 488.22000 88.31000 14.35300 49.62600
24 12 20 18 29 19192.80000 4.51200000 488.22000 88.31000 14.35300 49.62600
24 12 20 18 30 19198.70000 4.51200000 488.24000 88.39000 14.19700 49.62600
24 12 20 18 30 19191.80000 4.51200000 488.24000 88.39000 14.19700 49.62600
24 12 20 18 31 19191.80000 4.51200000 488.09000 88.39000 14.19700 49.62600
24 12 20 18 31 19191.70000 4.51200000 488.09000 88.39000 14.19700 49.62600
24 12 20 18 31 19185.80000 4.51200000 488.10000 88.32000 14.19700 49.62600
24 12 20 18 32 19185.80000 4.51200000 488.00000 88.32000 14.19700 49.62600
24 12 20 18 32 19185.80000 4.51200000 488.01000 88.32000 14.19700 49.62600
