M=[
16 6 21 21 44 32195.90000 46.94800000 2006.68000 140.03000 20.04400 115.89600
16 6 21 21 44 32168.30000 46.94800000 2005.05000 139.62000 20.04400 115.89600
16 6 21 21 45 32188.60000 46.94800000 2005.99000 139.62000 20.04400 115.89600
16 6 21 21 45 32180.70000 46.94800000 2005.99000 139.62000 20.04400 115.89600
16 6 21 21 45 32180.70000 46.94800000 2006.20000 139.62000 20.04400 115.89600
16 6 21 21 46 32180.70000 46.94800000 2006.20000 139.42000 20.04400 115.89600
16 6 21 21 46 32190.70000 46.75300000 2007.46000 139.42000 20.04400 115.89600
16 6 21 21 47 32202.20000 46.75300000 2007.24000 139.42000 20.04400 115.89600
16 6 21 21 47 32213.20000 46.75300000 2007.24000 139.42000 20.04400 115.89600
16 6 21 21 48 32213.30000 46.75300000 2007.24000 139.42000 20.04400 115.89600
16 6 21 21 48 32227.80000 46.75300000 2008.10000 139.49000 20.04400 115.89600
16 6 21 21 48 32223.10000 46.75300000 2008.10000 139.49000 20.04400 115.89600
16 6 21 21 49 32219.20000 46.75300000 2006.96000 139.49000 20.04400 115.89600
16 6 21 21 49 32234.20000 46.75300000 2008.12000 139.49000 20.04400 115.89600
16 6 21 21 50 32234.20000 46.75300000 2008.08000 139.59000 20.04400 115.89600
16 6 21 21 50 32225.60000 46.75300000 2009.66000 139.59000 20.04400 115.89600
16 6 21 21 51 32261.70000 46.75300000 2009.26000 139.59000 20.04400 115.89600
16 6 21 21 51 32261.30000 46.75300000 2008.63000 139.59000 20.04400 115.89600
16 6 21 21 51 32254.30000 46.75300000 2008.63000 139.59000 20.04400 115.89600
16 6 21 21 52 32334.50000 46.75300000 2011.33000 139.59000 20.04400 115.89600
16 6 21 21 52 32327.00000 46.75300000 2011.33000 140.05000 20.04400 115.89600
16 6 21 21 53 32305.30000 46.75300000 2011.51000 139.97000 20.04400 115.89600
16 6 21 21 53 32345.10000 46.75300000 2012.31000 140.20000 20.04400 115.89600
16 6 21 21 54 32345.10000 46.75300000 2012.31000 140.27000 20.04400 116.43800
16 6 21 21 54 32326.40000 46.75300000 2012.76000 140.27000 20.04400 116.43800
16 6 21 21 54 32402.30000 46.75300000 2016.22000 140.34000 20.16100 116.43800
16 6 21 21 55 32378.70000 46.75300000 2014.44000 140.34000 20.16100 116.43800
16 6 21 21 55 32335.90000 46.75300000 2011.90000 140.34000 20.16100 116.43800
16 6 21 21 56 32350.50000 46.75300000 2012.96000 140.34000 20.16100 116.43800
16 6 21 21 56 32314.50000 46.75300000 2011.51000 140.34000 20.16100 116.43800
16 6 21 21 57 32349.30000 46.75300000 2011.81000 140.34000 20.16100 116.56200
16 6 21 21 57 32349.40000 46.75300000 2013.32000 140.34000 20.16100 116.56200
16 6 21 21 57 32318.40000 46.75300000 2011.50000 140.34000 20.16100 116.63100
16 6 21 21 58 32313.20000 46.75300000 2011.51000 140.34000 20.16100 116.63100
16 6 21 21 58 32315.90000 46.75300000 2011.50000 140.34000 20.16100 116.63100
16 6 21 21 59 32318.20000 46.75300000 2011.51000 140.18000 20.16100 116.76900
16 6 21 21 59 32311.90000 46.75300000 2011.50000 140.18000 20.16100 116.76900
16 6 21 22 00 32320.50000 46.75300000 2012.20000 140.18000 20.16100 116.76900
16 6 21 22 00 32289.60000 46.75300000 2011.50000 140.18000 20.16100 116.77300
16 6 21 22 00 32289.50000 46.75300000 2011.51000 140.18000 20.16100 116.77300
16 6 21 22 01 32317.20000 46.75300000 2010.40000 140.18000 20.16100 116.77300
16 6 21 22 01 32339.60000 46.75300000 2010.93000 140.18000 20.16100 116.77300
16 6 21 22 02 32344.50000 46.75300000 2010.91000 140.18000 20.16100 116.77300
16 6 21 22 02 32350.00000 46.75300000 2011.05000 140.18000 20.16100 116.77300
16 6 21 22 03 32376.70000 46.75300000 2011.91000 140.18000 20.16100 116.77300
16 6 21 22 03 32371.90000 46.75300000 2011.01000 140.29000 20.16100 116.77300
16 6 21 22 03 32390.60000 46.75300000 2010.67000 140.43000 20.16100 116.77300
16 6 21 22 04 32402.30000 46.75300000 2012.19000 140.48000 20.16100 116.77300
16 6 21 22 04 32393.80000 46.75300000 2012.20000 140.48000 20.16100 116.77300
16 6 21 22 05 32376.00000 46.75300000 2011.91000 140.48000 20.16100 116.77300
16 6 21 22 05 32362.50000 46.75300000 2011.90000 140.48000 20.16100 116.77300
16 6 21 22 06 32366.50000 46.75300000 2011.90000 140.48000 20.16100 116.77300
16 6 21 22 06 32399.90000 46.75300000 2012.20000 140.48000 20.16100 116.77300
16 6 21 22 06 32400.00000 46.75300000 2012.20000 140.48000 20.16100 116.86300
16 6 21 22 07 32399.90000 46.75300000 2012.20000 140.48000 20.16100 117.00000
16 6 21 22 07 32421.50000 46.75300000 2012.20000 140.47000 20.16100 117.00000
16 6 21 22 08 32399.40000 46.75300000 2012.58000 140.47000 20.16100 117.00000
16 6 21 22 08 32411.80000 46.75300000 2010.12000 140.47000 20.16100 117.00000
16 6 21 22 09 32378.50000 46.75300000 2011.55000 140.47000 20.16100 117.00000
16 6 21 22 09 32355.20000 46.75300000 2014.62000 140.45000 20.16100 117.00000
16 6 21 22 09 32363.20000 46.75300000 2014.59000 140.45000 20.16100 117.00000
16 6 21 22 10 32360.20000 46.75300000 2014.07000 140.45000 20.16100 117.16600
16 6 21 22 10 32360.30000 46.75300000 2014.68000 140.45000 20.16100 117.16600
16 6 21 22 11 32342.50000 46.75300000 2011.51000 140.45000 20.16100 117.16600
16 6 21 22 11 32345.10000 46.75300000 2011.50000 140.45000 20.16100 117.16600
16 6 21 22 12 32373.80000 46.75300000 2012.36000 140.45000 20.16100 117.16600
16 6 21 22 12 32378.80000 47.00400000 2012.74000 140.45000 20.16100 117.16600
16 6 21 22 12 32378.80000 47.00400000 2012.74000 140.45000 20.16100 117.16600
16 6 21 22 13 32369.90000 47.00400000 2012.74000 140.45000 20.16100 117.16600
16 6 21 22 13 32327.90000 47.00400000 2008.93000 140.45000 20.16100 117.16600
16 6 21 22 14 32338.10000 47.00400000 2008.29000 140.45000 20.16100 117.16600
16 6 21 22 14 32328.00000 47.00400000 2008.29000 140.53000 20.16100 117.16600
16 6 21 22 15 32328.10000 47.00400000 2008.83000 140.53000 20.16100 117.16600
16 6 21 22 15 32294.90000 47.00400000 2006.32000 140.35000 20.16100 117.16600
16 6 21 22 15 32294.90000 47.00400000 2006.32000 140.35000 20.16100 117.16600
16 6 21 22 16 32310.50000 47.00400000 2006.32000 140.35000 20.16100 117.16600
16 6 21 22 16 32295.90000 47.00400000 2005.65000 140.20000 20.16100 117.16600
16 6 21 22 17 32311.40000 47.00400000 2005.65000 140.20000 20.16100 117.16600
16 6 21 22 17 32315.50000 47.00400000 2005.65000 140.20000 20.16100 117.16600
16 6 21 22 18 32292.40000 47.00400000 2005.65000 140.20000 20.16100 117.16600
16 6 21 22 18 32292.20000 47.00400000 2001.85000 140.17000 20.16100 117.16600
16 6 21 22 18 32280.80000 47.00400000 2001.95000 140.17000 20.16100 117.16600
16 6 21 22 19 32280.70000 47.00400000 2001.74000 140.17000 20.16100 117.16600
16 6 21 22 19 32282.90000 47.00400000 2001.74000 140.17000 20.16100 117.16600
16 6 21 22 20 32283.00000 47.00400000 2002.80000 140.17000 20.16100 117.16600
16 6 21 22 20 32286.80000 47.00400000 2002.74000 140.17000 20.16100 117.16600
16 6 21 22 21 32288.90000 47.00400000 2002.37000 140.17000 20.16100 117.01400
16 6 21 22 21 32290.70000 47.00400000 2002.37000 139.95000 20.16100 117.16700
16 6 21 22 21 32304.80000 47.00400000 2004.28000 140.15000 20.16100 117.16700
16 6 21 22 22 32336.00000 46.80500000 2005.46000 140.25000 20.16100 117.16700
16 6 21 22 22 32346.40000 46.80500000 2004.82000 140.25000 20.16100 117.47000
16 6 21 22 23 32334.20000 46.80500000 2005.94000 140.25000 20.16100 117.64200
16 6 21 22 23 32350.10000 46.80500000 2005.94000 140.37000 20.16100 117.64200
16 6 21 22 24 32345.60000 46.80500000 2005.28000 140.37000 20.16100 117.64200
16 6 21 22 24 32334.10000 46.80500000 2004.93000 140.37000 20.16100 117.64200
16 6 21 22 24 32338.20000 46.80500000 2005.64000 140.37000 20.16100 117.64200
16 6 21 22 25 32326.10000 46.80500000 2003.85000 140.37000 20.16100 117.64200
16 6 21 22 25 32343.80000 46.80500000 2003.85000 140.37000 20.16100 117.64200
16 6 21 22 26 32347.10000 46.80500000 2003.27000 140.37000 20.16100 117.64200
16 6 21 22 26 32323.90000 46.80500000 2003.27000 140.37000 20.16100 117.64200
16 6 21 22 27 32257.20000 46.75300000 2000.23000 140.14000 20.16100 117.64200
16 6 21 22 27 32218.50000 46.75300000 1999.05000 140.14000 20.16100 117.64200
