M=[
24 9 20 14 44 8922.60000 4.93500000 289.01000 37.77000 12.20400 45.70400
24 9 20 14 45 8922.60000 4.93500000 288.84000 37.77000 12.20400 45.70400
24 9 20 14 45 8922.60000 4.93500000 289.00000 37.77000 12.20400 45.80900
24 9 20 14 46 8922.60000 4.93500000 289.10000 37.77000 12.20400 45.80900
24 9 20 14 46 8922.60000 4.93500000 289.21000 37.77000 12.20400 45.80900
24 9 20 14 46 8924.60000 4.93500000 289.29000 37.77000 12.20400 45.80900
24 9 20 14 47 8922.60000 4.93500000 289.21000 37.77000 12.20400 45.80900
24 9 20 14 47 8922.50000 4.93500000 289.20000 37.77000 12.20400 45.80900
24 9 20 14 48 8922.60000 4.93500000 289.20000 37.77000 12.20400 45.80900
24 9 20 14 48 8922.50000 4.93000000 289.20000 37.77000 12.20400 45.80900
24 9 20 14 49 8922.60000 4.93000000 288.92000 37.77000 12.20400 45.80900
24 9 20 14 49 8922.60000 4.93000000 289.21000 37.77000 12.20400 45.80900
24 9 20 14 49 8922.60000 4.93000000 289.14000 37.77000 12.20400 45.80900
24 9 20 14 50 8928.00000 4.93000000 289.14000 37.77000 12.20400 45.80900
24 9 20 14 50 8926.80000 4.93000000 288.92000 37.77000 12.20400 45.80900
24 9 20 14 51 8926.90000 4.93000000 288.92000 37.77000 12.20400 45.80900
24 9 20 14 51 8926.90000 4.93000000 288.92000 37.77000 12.20400 45.80900
24 9 20 14 52 8926.90000 4.93000000 288.92000 37.77000 12.20400 45.80900
24 9 20 14 52 8926.90000 4.93000000 288.92000 37.77000 12.20400 45.80900
24 9 20 14 53 8926.80000 4.93000000 289.14000 37.77000 12.20400 45.80900
24 9 20 14 53 8931.10000 4.93000000 289.14000 37.77000 12.20400 45.80900
24 9 20 14 53 8937.20000 4.93000000 289.71000 37.77000 12.20400 45.80900
24 9 20 14 54 8937.20000 4.93000000 289.71000 37.81000 12.20400 45.80900
24 9 20 14 54 8941.00000 4.93000000 289.67000 37.81000 12.20400 45.80900
24 9 20 14 55 8936.00000 4.93000000 289.29000 37.81000 12.20400 45.80900
24 9 20 14 55 8934.40000 4.93000000 289.23000 37.81000 12.20400 45.80900
24 9 20 14 56 8934.50000 4.93000000 289.50000 37.81000 12.20400 45.80900
24 9 20 14 56 8939.30000 4.93000000 289.50000 37.81000 12.16300 45.80900
24 9 20 14 56 8939.80000 4.93000000 289.50000 37.81000 12.08500 45.80900
24 9 20 14 57 8938.80000 4.93000000 289.20000 37.81000 12.08700 45.80900
24 9 20 14 57 8938.90000 4.93000000 289.15000 37.81000 12.08700 45.80900
24 9 20 14 58 8937.20000 4.93000000 289.31000 37.81000 12.08700 45.80900
24 9 20 14 58 8937.20000 4.93000000 289.29000 37.81000 12.08700 45.80900
24 9 20 14 59 8936.60000 4.93000000 289.79000 37.81000 12.08700 45.80900
24 9 20 14 59 8939.90000 4.93000000 290.01000 37.82000 12.08700 45.80900
24 9 20 15 00 8943.60000 4.93000000 290.01000 37.82000 12.08700 45.80900
24 9 20 15 00 8949.80000 4.93000000 290.50000 37.82000 12.08700 45.80900
24 9 20 15 00 8949.80000 4.93000000 290.82000 37.82000 12.08700 45.80900
24 9 20 15 01 8949.90000 4.93000000 290.73000 37.82000 12.08700 45.80900
24 9 20 15 01 8949.90000 4.93000000 290.73000 37.90000 12.08700 45.80900
24 9 20 15 02 8949.90000 4.93000000 290.47000 37.90000 12.08700 46.02500
24 9 20 15 02 8949.90000 4.98500000 290.40000 37.90000 12.08700 46.02500
24 9 20 15 03 8948.00000 4.98500000 290.38000 37.90000 12.08700 46.02500
24 9 20 15 03 8945.70000 4.98500000 290.24000 37.90000 12.08700 46.02500
24 9 20 15 03 8945.70000 4.98500000 290.08000 37.90000 12.08700 46.02500
24 9 20 15 04 8945.20000 4.98500000 290.11000 37.90000 12.08700 46.02500
24 9 20 15 04 8945.10000 4.98500000 290.11000 37.90000 12.08700 46.02500
24 9 20 15 05 8945.20000 4.98500000 290.11000 37.90000 12.09900 46.02500
24 9 20 15 05 8945.20000 4.98500000 290.30000 37.90000 12.09900 46.02500
24 9 20 15 06 8945.20000 4.98500000 290.02000 37.90000 12.03000 46.02500
24 9 20 15 06 8945.10000 4.98500000 290.19000 37.91000 12.02900 46.02500
24 9 20 15 07 8945.10000 4.98500000 290.19000 37.91000 12.02900 46.02500
24 9 20 15 07 8945.20000 4.94900000 289.90000 37.91000 12.02900 46.02500
24 9 20 15 07 8945.20000 4.94900000 289.90000 37.91000 12.02900 46.02500
24 9 20 15 08 8945.20000 4.94900000 289.90000 37.91000 12.02900 46.02500
24 9 20 15 08 8945.20000 4.94900000 289.64000 37.91000 12.02900 46.02500
24 9 20 15 09 8945.20000 4.94900000 289.64000 37.91000 12.02900 46.02500
24 9 20 15 09 8945.20000 4.94900000 289.64000 37.91000 12.02900 46.02500
24 9 20 15 10 8945.10000 4.94900000 289.64000 37.91000 12.02900 46.02500
24 9 20 15 10 8945.10000 4.94900000 289.65000 37.86000 12.02900 46.02500
24 9 20 15 10 8945.20000 4.94900000 289.65000 37.86000 12.02900 46.02500
24 9 20 15 11 8945.10000 4.94900000 289.65000 37.88000 12.02900 46.02500
24 9 20 15 11 8945.10000 4.94900000 289.65000 37.88000 12.02900 46.02500
24 9 20 15 12 8945.20000 4.94900000 290.00000 37.88000 12.02900 46.02500
24 9 20 15 12 8945.20000 4.94900000 290.00000 37.88000 12.02900 46.02500
24 9 20 15 13 8945.10000 4.94900000 290.00000 37.88000 12.02900 46.02500
24 9 20 15 13 8945.20000 4.94900000 290.37000 37.88000 12.02900 46.02500
24 9 20 15 13 8945.10000 4.94900000 290.37000 37.88000 12.02900 46.02500
24 9 20 15 14 8945.10000 4.93000000 290.43000 37.88000 12.02900 46.02500
24 9 20 15 14 8945.10000 4.93000000 290.43000 37.88000 12.02900 46.05200
24 9 20 15 15 8945.10000 4.93000000 290.70000 37.88000 12.02900 46.05200
24 9 20 15 15 8945.10000 4.93000000 290.70000 37.88000 12.05900 46.05200
24 9 20 15 16 8948.90000 4.93000000 290.70000 37.88000 12.05900 46.05200
24 9 20 15 16 8945.10000 4.93000000 290.70000 37.88000 12.05900 46.05200
24 9 20 15 16 8949.20000 4.93000000 290.70000 37.88000 12.05900 46.05200
24 9 20 15 17 8949.70000 4.93000000 290.70000 37.90000 12.05900 46.05200
24 9 20 15 17 8949.70000 4.93000000 290.70000 37.90000 12.05900 46.05200
24 9 20 15 18 8949.40000 4.93000000 290.69000 37.88000 12.05900 46.05200
24 9 20 15 18 8949.90000 4.93000000 290.70000 37.91000 12.05900 46.05200
24 9 20 15 19 8949.50000 4.93000000 290.70000 37.91000 12.05900 46.05200
24 9 20 15 19 8949.50000 4.93000000 290.70000 37.91000 12.05900 46.05200
24 9 20 15 19 8949.90000 4.93000000 290.70000 37.91000 12.05900 46.05200
24 9 20 15 20 8949.90000 4.93000000 290.70000 37.91000 12.05900 46.05200
24 9 20 15 20 8949.90000 4.93000000 290.97000 37.91000 12.05900 46.05200
24 9 20 15 21 8949.80000 4.93000000 291.19000 37.91000 12.05900 46.05200
24 9 20 15 21 8949.90000 4.93000000 291.74000 37.91000 12.05900 46.05200
24 9 20 15 22 8961.60000 4.93000000 291.96000 37.91000 12.05900 46.05200
24 9 20 15 22 8964.60000 4.93000000 292.00000 37.96000 12.05900 46.25000
24 9 20 15 23 8969.90000 4.93000000 293.11000 38.05000 12.05900 46.25000
24 9 20 15 23 8989.30000 4.93000000 294.12000 38.12000 12.07100 46.49700
24 9 20 15 24 8989.80000 4.93000000 294.11000 38.12000 12.08400 46.54000
24 9 20 15 24 8982.50000 4.93200000 294.30000 38.20000 12.08400 46.54000
24 9 20 15 24 8982.00000 4.93200000 293.86000 38.16000 12.08400 46.54000
24 9 20 15 25 8983.70000 4.93200000 293.90000 38.13000 12.08400 46.54000
24 9 20 15 25 8984.00000 4.93200000 293.90000 38.20000 12.08400 46.54000
24 9 20 15 26 8982.80000 4.93200000 293.41000 38.20000 12.08400 46.54000
24 9 20 15 26 8981.20000 4.93200000 293.66000 38.20000 12.08400 46.54000
24 9 20 15 27 8980.00000 4.93200000 293.67000 38.20000 12.08400 46.54000
24 9 20 15 27 8981.00000 4.93200000 293.86000 38.20000 12.08400 46.54000
24 9 20 15 28 8981.00000 4.93200000 294.61000 38.26000 12.08400 46.54000
24 9 20 15 28 8980.90000 4.93200000 294.36000 38.29000 12.08400 46.54000
24 9 20 15 28 8974.00000 4.93200000 293.68000 38.26000 12.08400 46.54000
24 9 20 15 29 8973.20000 4.93200000 293.56000 38.26000 12.08400 46.54000
24 9 20 15 29 8970.40000 4.93200000 293.34000 38.26000 12.08400 46.54000
24 9 20 15 30 8980.80000 4.93200000 293.99000 38.26000 12.08400 46.54000
24 9 20 15 30 8977.50000 4.93200000 293.97000 38.28000 12.08400 46.54000
24 9 20 15 31 8973.70000 4.93200000 293.45000 38.28000 12.08400 46.54000
24 9 20 15 31 8976.10000 4.93200000 293.47000 38.28000 12.08400 46.54000
24 9 20 15 32 8976.20000 4.93200000 293.63000 38.28000 12.08400 46.54000
