M=[
19 9 20 18 21 9320.10000 5.23000000 322.93000 40.79000 12.84300 49.13700
19 9 20 18 21 9320.00000 5.23000000 323.62000 40.79000 12.84300 49.13700
19 9 20 18 22 9320.10000 5.23000000 323.59000 40.79000 12.80800 49.25100
19 9 20 18 22 9320.10000 5.23000000 323.31000 40.79000 12.80800 49.25100
19 9 20 18 22 9320.10000 5.23000000 323.35000 40.79000 12.80800 49.25100
19 9 20 18 23 9320.10000 5.23000000 323.37000 40.89000 12.80800 49.25100
19 9 20 18 23 9326.60000 5.23000000 323.37000 40.89000 12.80800 49.25100
19 9 20 18 24 9326.50000 5.23000000 323.37000 40.87000 12.80800 49.25100
19 9 20 18 24 9326.60000 5.23000000 323.37000 40.87000 12.80800 49.25100
19 9 20 18 25 9326.60000 5.23000000 323.56000 40.87000 12.80800 49.25100
19 9 20 18 25 9322.30000 5.23000000 323.54000 40.87000 12.80800 49.25100
19 9 20 18 26 9322.30000 5.23000000 323.33000 40.87000 12.80800 49.25100
19 9 20 18 26 9322.30000 5.23000000 323.44000 40.87000 12.80800 49.25100
19 9 20 18 26 9322.20000 5.23000000 323.44000 40.87000 12.80800 49.25100
19 9 20 18 27 9322.20000 5.23000000 323.43000 40.87000 12.80800 49.25100
19 9 20 18 27 9322.30000 5.23000000 323.43000 40.87000 12.80800 49.25100
19 9 20 18 28 9322.40000 5.23000000 323.64000 40.87000 12.80800 49.25100
19 9 20 18 28 9322.30000 5.22400000 323.60000 40.87000 12.80800 49.25100
19 9 20 18 29 9322.30000 5.22400000 323.60000 40.87000 12.80800 49.25100
19 9 20 18 29 9326.00000 5.22400000 323.59000 40.87000 12.84900 49.25100
19 9 20 18 29 9327.90000 5.22400000 323.59000 40.87000 12.84900 49.25100
19 9 20 18 30 9327.90000 5.22400000 323.75000 40.97000 12.84900 49.25100
19 9 20 18 30 9326.00000 5.22400000 323.53000 40.97000 12.84900 49.25100
19 9 20 18 31 9311.00000 5.22400000 323.25000 40.97000 12.85500 49.25100
19 9 20 18 31 9311.00000 5.22400000 323.25000 40.97000 12.85500 49.25100
19 9 20 18 32 9306.70000 5.22400000 323.25000 40.97000 12.85500 49.25100
19 9 20 18 32 9309.40000 5.22400000 323.50000 40.97000 12.85500 49.25100
19 9 20 18 32 9306.30000 5.22400000 323.50000 40.97000 12.85500 49.25100
19 9 20 18 33 9306.40000 5.22400000 323.50000 40.97000 12.85500 49.28100
19 9 20 18 33 9310.00000 5.22400000 323.66000 40.97000 12.85500 49.28100
19 9 20 18 34 9310.00000 5.22400000 323.66000 40.97000 12.85500 49.28100
19 9 20 18 34 9310.00000 5.22400000 323.67000 40.97000 12.85500 49.28100
19 9 20 18 35 9322.80000 5.22400000 323.67000 40.97000 12.85500 49.28100
19 9 20 18 35 9321.50000 5.22400000 323.99000 40.97000 12.85500 49.28100
19 9 20 18 35 9320.30000 5.22400000 324.25000 40.97000 12.85500 49.28100
19 9 20 18 36 9320.20000 5.22400000 324.30000 40.97000 12.85500 49.28100
19 9 20 18 36 9320.20000 5.22400000 324.30000 40.97000 12.85500 49.28100
19 9 20 18 37 9316.70000 5.22400000 324.30000 40.97000 12.85500 49.28100
19 9 20 18 37 9316.40000 5.22400000 324.30000 40.97000 12.85500 49.28100
19 9 20 18 38 9317.10000 5.22400000 324.04000 40.97000 12.85500 49.28100
19 9 20 18 38 9318.30000 5.22400000 324.04000 40.97000 12.85500 49.28100
19 9 20 18 38 9319.80000 5.22400000 324.05000 40.97000 12.85500 49.28100
19 9 20 18 39 9319.70000 5.22400000 324.05000 40.97000 12.85500 49.29400
19 9 20 18 39 9319.80000 5.22400000 324.05000 40.97000 12.85500 49.29400
19 9 20 18 40 9319.80000 5.22400000 324.04000 40.97000 12.85500 49.29400
19 9 20 18 40 9319.80000 5.23500000 324.04000 40.97000 12.85500 49.29400
19 9 20 18 41 9319.80000 5.23500000 324.05000 40.97000 12.85500 49.29400
19 9 20 18 41 9319.80000 5.23500000 324.05000 40.97000 12.85500 49.29400
19 9 20 18 41 9324.50000 5.23500000 324.05000 40.97000 12.85500 49.29400
19 9 20 18 42 9326.00000 5.23500000 324.05000 40.97000 12.85500 49.29400
19 9 20 18 42 9325.30000 5.23500000 324.05000 40.97000 12.85500 49.29400
19 9 20 18 43 9325.00000 5.23500000 324.05000 40.97000 12.85500 49.29400
19 9 20 18 43 9329.20000 5.23500000 324.05000 40.97000 12.85500 49.29400
19 9 20 18 44 9331.80000 5.23500000 324.04000 40.97000 12.85500 49.29400
19 9 20 18 44 9331.00000 5.23500000 323.30000 40.97000 12.85500 49.29400
19 9 20 18 45 9327.60000 5.23500000 323.63000 40.97000 12.85500 49.29400
19 9 20 18 45 9328.80000 5.23500000 323.63000 40.97000 12.85500 49.29400
19 9 20 18 45 9325.90000 5.23500000 323.63000 40.87000 12.85500 49.29400
19 9 20 18 46 9325.40000 5.23500000 323.76000 40.87000 12.85500 49.29400
19 9 20 18 46 9326.90000 5.23500000 323.85000 40.87000 12.85500 49.29400
19 9 20 18 47 9327.00000 5.23500000 323.89000 40.87000 12.85500 49.29400
19 9 20 18 47 9328.40000 5.23500000 324.16000 40.87000 12.85500 49.29400
19 9 20 18 48 9328.40000 5.23500000 324.16000 40.87000 12.85500 49.11000
19 9 20 18 48 9328.50000 5.23500000 323.82000 40.87000 12.85500 49.11000
19 9 20 18 48 9329.20000 5.23500000 323.84000 40.87000 12.85500 49.11000
19 9 20 18 49 9329.80000 5.23500000 323.83000 40.87000 12.85500 49.11000
19 9 20 18 49 9328.40000 5.23500000 323.81000 40.87000 12.85500 49.11000
19 9 20 18 50 9328.70000 5.23500000 324.06000 40.87000 12.85500 49.11000
19 9 20 18 50 9332.20000 5.23900000 324.06000 40.87000 12.85500 49.19300
19 9 20 18 51 9332.80000 5.23900000 324.17000 40.87000 12.85500 49.19300
19 9 20 18 51 9332.30000 5.23900000 324.17000 40.87000 12.85500 49.19300
19 9 20 18 51 9338.00000 5.23900000 324.36000 40.87000 12.85500 49.19300
19 9 20 18 52 9337.30000 5.23900000 324.35000 40.87000 12.85500 49.19300
19 9 20 18 52 9334.10000 5.23900000 324.35000 40.87000 12.85500 49.19300
19 9 20 18 53 9334.00000 5.23900000 324.35000 40.91000 12.85500 49.19300
19 9 20 18 53 9329.50000 5.23900000 323.97000 40.91000 12.85500 49.19300
19 9 20 18 54 9330.80000 5.23900000 323.97000 40.91000 12.85500 49.19300
19 9 20 18 54 9329.60000 5.23900000 323.87000 40.87000 12.85500 49.19300
19 9 20 18 54 9329.40000 5.23900000 323.83000 40.87000 12.85500 49.19300
19 9 20 18 55 9327.70000 5.23900000 323.90000 40.87000 12.85500 49.19300
19 9 20 18 55 9329.10000 5.23900000 323.90000 40.87000 12.85500 49.19300
19 9 20 18 56 9333.00000 5.23900000 324.21000 40.87000 12.85500 49.19300
19 9 20 18 56 9332.20000 5.23700000 324.08000 40.87000 12.85500 49.19300
19 9 20 18 57 9331.60000 5.23700000 324.08000 40.87000 12.85500 49.19300
19 9 20 18 57 9327.50000 5.23700000 324.07000 40.87000 12.85500 49.19300
19 9 20 18 57 9327.00000 5.23700000 324.01000 40.87000 12.85500 49.19300
19 9 20 18 58 9331.50000 5.23700000 324.21000 40.87000 12.85500 49.19300
19 9 20 18 58 9332.20000 5.23700000 324.33000 40.87000 12.85500 49.19300
19 9 20 18 59 9333.00000 5.23700000 324.33000 40.87000 12.85500 49.19300
19 9 20 18 59 9333.00000 5.23700000 324.48000 40.87000 12.85500 49.19300
19 9 20 19 00 9335.70000 5.23700000 324.50000 40.87000 12.85500 49.19300
19 9 20 19 00 9335.10000 5.23700000 324.50000 40.87000 12.85500 49.19300
19 9 20 19 00 9335.00000 5.23700000 324.50000 40.87000 12.85500 49.19300
19 9 20 19 01 9335.10000 5.23700000 324.50000 40.87000 12.85500 49.19300
19 9 20 19 01 9335.00000 5.23700000 324.50000 40.87000 12.85500 49.19300
19 9 20 19 02 9333.10000 5.23700000 324.45000 40.91000 12.85500 49.19300
19 9 20 19 02 9329.60000 5.23700000 324.45000 40.91000 12.85500 49.19300
19 9 20 19 03 9330.00000 5.23700000 324.50000 40.91000 12.85500 49.19300
19 9 20 19 03 9331.60000 5.23700000 324.59000 40.91000 12.85500 49.19300
19 9 20 19 03 9332.50000 5.23700000 324.59000 40.91000 12.85500 49.19300
19 9 20 19 04 9331.80000 5.23700000 324.51000 40.91000 12.85500 49.21000
19 9 20 19 04 9331.70000 5.23700000 324.51000 40.91000 12.85500 49.21000
19 9 20 19 05 9331.70000 5.23700000 324.53000 40.91000 12.85500 49.21000
19 9 20 19 05 9333.80000 5.23700000 324.53000 40.91000 12.85500 49.21000
19 9 20 19 06 9331.90000 5.23700000 324.53000 40.91000 12.85500 49.21000
19 9 20 19 06 9332.80000 5.23700000 324.53000 40.91000 12.85500 49.21000
19 9 20 19 06 9334.60000 5.23700000 324.54000 40.91000 12.85500 49.21000
19 9 20 19 07 9334.20000 5.23700000 324.54000 40.91000 12.85500 49.21000
19 9 20 19 07 9332.50000 5.23700000 324.54000 40.91000 12.85500 49.21000
