M=[
 7 3 21 04 34 41513.00000 9.64100000 1391.97000 154.21000 26.03100 105.29200
 7 3 21 04 35 41501.60000 9.64100000 1392.59000 154.33000 26.03100 105.29200
 7 3 21 04 35 41495.80000 9.64100000 1391.13000 154.33000 26.03100 105.29200
 7 3 21 04 36 41486.00000 9.64100000 1391.73000 154.35000 26.03100 105.29200
 7 3 21 04 36 41480.40000 9.64100000 1392.00000 154.35000 26.03100 105.29200
 7 3 21 04 37 41480.80000 9.64100000 1392.00000 154.35000 26.03100 105.29200
 7 3 21 04 37 41486.00000 9.64100000 1392.08000 154.44000 26.03100 105.29200
 7 3 21 04 37 41486.00000 9.64100000 1392.00000 154.44000 26.03100 105.29200
 7 3 21 04 38 41488.90000 9.64100000 1392.00000 154.44000 26.03100 105.29200
 7 3 21 04 38 41488.90000 9.64100000 1390.71000 154.23000 26.03100 105.29200
 7 3 21 04 39 41448.10000 9.64100000 1390.71000 154.11000 26.03100 105.29200
 7 3 21 04 39 41448.00000 9.64100000 1390.71000 154.07000 26.03100 105.29200
 7 3 21 04 40 41483.60000 9.64100000 1390.71000 154.22000 26.03100 105.29200
 7 3 21 04 40 41484.70000 9.64100000 1389.75000 154.22000 26.03100 105.29200
 7 3 21 04 40 41484.70000 9.64100000 1389.75000 154.22000 26.03100 105.29200
 7 3 21 04 41 41462.00000 9.62100000 1389.75000 154.25000 26.03100 105.29200
 7 3 21 04 41 41463.80000 9.62100000 1387.94000 154.25000 26.03100 105.29200
 7 3 21 04 42 41457.70000 9.62100000 1387.94000 154.25000 26.03100 105.29200
 7 3 21 04 42 41455.50000 9.62100000 1388.41000 154.25000 26.03100 105.29200
 7 3 21 04 43 41455.50000 9.62100000 1388.41000 154.25000 26.03100 105.29200
 7 3 21 04 43 41455.60000 9.62100000 1387.64000 154.25000 26.03100 105.29200
 7 3 21 04 43 41442.50000 9.62100000 1387.64000 154.25000 26.03100 105.29200
 7 3 21 04 44 41460.60000 9.62100000 1388.85000 154.25000 26.03100 105.29200
 7 3 21 04 44 41471.40000 9.62100000 1389.67000 154.25000 26.03100 105.29200
 7 3 21 04 45 41471.50000 9.62100000 1389.18000 154.25000 26.03100 105.29200
 7 3 21 04 45 41479.80000 9.62100000 1389.18000 154.25000 26.03100 105.29200
 7 3 21 04 46 41482.10000 9.62100000 1390.18000 154.32000 26.03100 105.29200
 7 3 21 04 46 41489.00000 9.62100000 1390.18000 154.32000 26.03100 105.29200
 7 3 21 04 46 41488.90000 9.62100000 1391.53000 154.32000 26.03100 105.29200
 7 3 21 04 47 41489.00000 9.62100000 1390.65000 154.32000 26.03100 105.29200
 7 3 21 04 47 41489.00000 9.62100000 1390.65000 154.32000 26.03100 105.29200
 7 3 21 04 48 41487.00000 9.62100000 1388.91000 154.32000 26.03100 105.29200
 7 3 21 04 48 41487.00000 9.62100000 1389.06000 154.32000 26.03100 105.29200
 7 3 21 04 49 41500.00000 9.62100000 1389.06000 154.32000 26.03100 105.29200
 7 3 21 04 49 41500.00000 9.62100000 1389.27000 154.32000 26.03100 105.29200
 7 3 21 04 49 41500.00000 9.62100000 1389.27000 154.32000 26.03100 105.29200
 7 3 21 04 50 41513.60000 9.62100000 1389.27000 154.32000 26.03100 105.29200
 7 3 21 04 50 41517.70000 9.62100000 1389.27000 154.32000 26.03100 105.29200
 7 3 21 04 51 41517.70000 9.62100000 1389.27000 154.32000 26.03100 105.29200
 7 3 21 04 51 41517.80000 9.62100000 1389.27000 154.32000 26.03100 105.29200
 7 3 21 04 52 41517.80000 9.62100000 1389.27000 154.42000 26.03100 105.29200
 7 3 21 04 52 41517.70000 9.62100000 1390.48000 154.42000 26.03100 105.29200
 7 3 21 04 52 41517.70000 9.62100000 1390.48000 154.42000 26.03100 105.29200
 7 3 21 04 53 41517.80000 9.62100000 1390.43000 154.27000 26.03100 105.29200
 7 3 21 04 53 41520.50000 9.62100000 1390.82000 154.27000 26.03100 105.29200
 7 3 21 04 54 41520.50000 9.62100000 1390.82000 154.27000 26.03100 105.29200
 7 3 21 04 54 41520.50000 9.62100000 1389.85000 154.27000 26.03100 105.29200
 7 3 21 04 55 41520.50000 9.62100000 1389.85000 154.27000 26.03100 105.29200
 7 3 21 04 55 41525.40000 9.62100000 1390.63000 154.27000 26.03100 105.29200
 7 3 21 04 55 41539.60000 9.62100000 1390.63000 154.27000 26.03100 105.29200
 7 3 21 04 56 41544.70000 9.62100000 1390.63000 154.42000 26.03100 105.29200
 7 3 21 04 56 41522.40000 9.62100000 1390.09000 154.42000 26.03100 105.29200
 7 3 21 04 57 41527.20000 9.62100000 1390.74000 154.42000 26.03100 105.29200
 7 3 21 04 57 41527.20000 9.62100000 1390.13000 154.42000 26.03100 105.29200
 7 3 21 04 58 41527.20000 9.62100000 1390.13000 154.42000 26.03100 105.29200
 7 3 21 04 58 41529.30000 9.62100000 1390.69000 154.42000 26.03100 105.29200
 7 3 21 04 58 41529.30000 9.62100000 1391.39000 154.42000 26.03100 105.29200
 7 3 21 04 59 41527.60000 9.62100000 1390.37000 154.42000 26.03100 105.29200
 7 3 21 04 59 41502.70000 9.62100000 1390.71000 154.42000 26.03100 105.52300
 7 3 21 05 00 41474.00000 9.62100000 1391.25000 154.42000 26.03100 105.52300
 7 3 21 05 00 41477.40000 9.62100000 1391.25000 154.34000 26.03100 105.52300
 7 3 21 05 01 41452.10000 9.62100000 1389.98000 154.20000 26.03100 105.52300
 7 3 21 05 01 41460.30000 9.62100000 1389.55000 154.04000 26.03100 105.52300
 7 3 21 05 01 41390.00000 9.64500000 1389.53000 154.04000 26.03100 105.28000
 7 3 21 05 02 41336.50000 9.64400000 1387.36000 153.74000 26.38700 105.27200
 7 3 21 05 02 41362.90000 9.64400000 1387.10000 153.74000 26.38700 105.27200
 7 3 21 05 03 41345.50000 9.59200000 1387.28000 153.74000 26.38700 105.27200
 7 3 21 05 03 41316.20000 9.59200000 1386.13000 153.74000 26.38700 105.27200
 7 3 21 05 04 41332.80000 9.59200000 1386.13000 153.74000 26.38700 105.27200
 7 3 21 05 04 41338.80000 9.59200000 1386.13000 153.60000 26.38700 105.27200
 7 3 21 05 04 41317.40000 9.59200000 1387.42000 153.60000 26.38700 105.27200
 7 3 21 05 05 41271.70000 9.59200000 1386.92000 153.41000 26.38700 105.27200
 7 3 21 05 05 41275.60000 9.55200000 1386.59000 153.41000 26.38700 104.91500
 7 3 21 05 06 41322.60000 9.54800000 1386.59000 153.41000 26.38700 104.91400
 7 3 21 05 06 41293.00000 9.54800000 1385.81000 153.41000 26.38700 104.91400
 7 3 21 05 07 41230.90000 9.54800000 1384.76000 153.28000 26.38700 104.91400
 7 3 21 05 07 41247.40000 9.54800000 1384.76000 153.28000 26.38700 104.91400
 7 3 21 05 07 41254.80000 9.54800000 1384.76000 153.28000 26.38700 104.91400
 7 3 21 05 08 41254.80000 9.54800000 1384.78000 153.28000 26.38700 104.91400
 7 3 21 05 08 41254.80000 9.54800000 1384.78000 153.28000 26.38700 104.91400
 7 3 21 05 09 41254.80000 9.54800000 1384.62000 153.28000 26.38700 104.91400
 7 3 21 05 09 41254.80000 9.54800000 1384.62000 153.28000 26.38700 104.91400
 7 3 21 05 10 41259.40000 9.54800000 1384.62000 153.28000 26.38700 104.91400
 7 3 21 05 10 41311.20000 9.54800000 1385.96000 153.28000 26.38700 104.91400
 7 3 21 05 10 41311.60000 9.54800000 1387.03000 153.28000 26.38700 104.91400
 7 3 21 05 11 41310.20000 9.54800000 1386.92000 153.52000 26.38700 104.91400
 7 3 21 05 11 41305.00000 9.54800000 1385.82000 153.49000 26.38700 104.91400
 7 3 21 05 12 41308.20000 9.54800000 1386.73000 153.44000 26.38700 104.91400
 7 3 21 05 12 41308.20000 9.54800000 1386.74000 153.44000 26.38700 104.91400
 7 3 21 05 13 41308.30000 9.54800000 1386.55000 153.57000 26.38700 104.91400
 7 3 21 05 13 41305.20000 9.54800000 1386.69000 153.57000 26.38700 104.91400
 7 3 21 05 13 41305.30000 9.54800000 1386.69000 153.57000 26.38700 104.91400
 7 3 21 05 14 41300.00000 9.54800000 1385.55000 153.57000 26.38700 104.91400
 7 3 21 05 14 41300.00000 9.54800000 1385.55000 153.57000 26.38700 104.91400
 7 3 21 05 15 41274.60000 9.54800000 1385.55000 153.42000 26.38700 104.91400
 7 3 21 05 15 41274.60000 9.54800000 1385.55000 153.42000 26.38700 104.91400
 7 3 21 05 16 41274.50000 9.54800000 1385.55000 153.42000 26.38700 104.91400
 7 3 21 05 16 41274.60000 9.54800000 1385.94000 153.42000 26.38700 104.91400
 7 3 21 05 16 41274.60000 9.54800000 1385.94000 153.42000 26.38700 104.91400
 7 3 21 05 17 41284.90000 9.54800000 1386.64000 153.42000 26.38700 104.91400
 7 3 21 05 17 41285.00000 9.54800000 1386.64000 153.42000 26.38700 104.91400
 7 3 21 05 18 41285.00000 9.54800000 1386.64000 153.42000 26.38700 104.91400
 7 3 21 05 18 41297.20000 9.54800000 1386.36000 153.42000 26.38700 104.91400
