M=[
 2 10 20 11 33 8948.00000 4.76400000 289.40000 38.00000 11.44400 51.70300
 2 10 20 11 34 8944.20000 4.76400000 289.44000 38.00000 11.44400 51.70300
 2 10 20 11 34 8946.20000 4.76400000 289.33000 38.00000 11.44400 51.70300
 2 10 20 11 35 8946.50000 4.76400000 289.53000 37.99000 11.44400 51.70300
 2 10 20 11 35 8947.90000 4.78300000 289.49000 37.99000 11.44400 51.70300
 2 10 20 11 36 8948.00000 4.78300000 289.64000 38.03000 11.44400 51.64800
 2 10 20 11 36 8948.00000 4.78300000 289.66000 37.99000 11.44400 51.64800
 2 10 20 11 36 8947.90000 4.78300000 289.75000 37.99000 11.44400 51.72900
 2 10 20 11 37 8948.00000 4.78300000 289.84000 37.99000 11.44400 51.72900
 2 10 20 11 37 8947.70000 4.78600000 289.38000 38.05000 11.44400 51.72900
 2 10 20 11 38 8947.80000 4.78600000 289.46000 38.05000 11.44400 51.72900
 2 10 20 11 38 8947.80000 4.78600000 289.61000 38.05000 11.44400 51.72900
 2 10 20 11 39 8947.90000 4.78600000 289.45000 38.01000 11.44400 51.72900
 2 10 20 11 39 8947.80000 4.78600000 289.38000 38.01000 11.44400 51.54400
 2 10 20 11 39 8945.40000 4.78600000 289.41000 38.01000 11.44400 51.54400
 2 10 20 11 40 8942.80000 4.78600000 289.33000 38.01000 11.44400 51.54400
 2 10 20 11 40 8942.80000 4.78600000 289.18000 38.01000 11.44400 51.54400
 2 10 20 11 41 8942.70000 4.78600000 289.21000 38.01000 11.46700 51.54400
 2 10 20 11 41 8939.50000 4.78600000 289.01000 37.99000 11.46700 51.23200
 2 10 20 11 42 8937.20000 4.78600000 289.01000 37.99000 11.46700 51.23200
 2 10 20 11 42 8937.40000 4.78600000 289.01000 37.93000 11.46700 51.23200
 2 10 20 11 42 8937.40000 4.78600000 288.80000 37.93000 11.46700 51.23200
 2 10 20 11 43 8937.10000 4.78600000 288.82000 37.93000 11.46700 51.20500
 2 10 20 11 43 8937.10000 4.78600000 288.82000 37.96000 11.46700 51.20500
 2 10 20 11 44 8937.00000 4.78600000 288.70000 37.96000 11.46700 51.20500
 2 10 20 11 44 8937.10000 4.78600000 288.71000 37.96000 11.46700 51.20500
 2 10 20 11 45 8933.70000 4.78600000 288.71000 37.96000 11.46700 51.20500
 2 10 20 11 45 8933.60000 4.78600000 288.65000 37.97000 11.46700 51.20500
 2 10 20 11 45 8933.70000 4.78600000 288.72000 37.97000 11.46700 51.01400
 2 10 20 11 46 8933.70000 4.78600000 288.72000 37.97000 11.46700 51.01400
 2 10 20 11 46 8933.60000 4.78600000 288.72000 37.97000 11.46100 51.01400
 2 10 20 11 47 8933.40000 4.78600000 288.72000 37.97000 11.46100 51.01400
 2 10 20 11 47 8932.70000 4.78600000 288.72000 37.97000 11.46100 51.01400
 2 10 20 11 48 8931.20000 4.78600000 288.68000 38.00000 11.46100 51.01400
 2 10 20 11 48 8926.40000 4.78600000 288.66000 37.94000 11.46100 51.01400
 2 10 20 11 48 8925.20000 4.78600000 288.40000 37.94000 11.46100 51.01400
 2 10 20 11 49 8922.60000 4.78600000 288.22000 37.94000 11.46100 51.01400
 2 10 20 11 49 8920.50000 4.78600000 288.10000 37.94000 11.46100 51.01400
 2 10 20 11 50 8926.40000 4.78600000 288.40000 37.94000 11.46100 51.02100
 2 10 20 11 50 8926.30000 4.78600000 288.30000 37.94000 11.46100 51.02100
 2 10 20 11 51 8926.40000 4.78600000 288.45000 37.88000 11.46100 51.02100
 2 10 20 11 51 8931.20000 4.78600000 288.69000 37.88000 11.46100 51.02100
 2 10 20 11 51 8931.20000 4.78600000 288.69000 37.88000 11.46100 51.02100
 2 10 20 11 52 8930.40000 4.78600000 288.60000 37.90000 11.46100 51.02100
 2 10 20 11 52 8931.10000 4.78600000 288.54000 37.90000 11.46100 51.02100
 2 10 20 11 53 8934.70000 4.78600000 288.87000 37.91000 11.46100 51.02100
 2 10 20 11 53 8933.80000 4.78600000 288.81000 37.92000 11.46100 51.02100
 2 10 20 11 54 8933.80000 4.78600000 288.78000 37.94000 11.46100 51.02100
 2 10 20 11 54 8930.60000 4.78600000 288.65000 37.94000 11.46100 51.02100
 2 10 20 11 55 8929.10000 4.78600000 288.65000 37.91000 11.46100 51.02100
 2 10 20 11 55 8926.60000 4.78600000 288.69000 37.92000 11.46100 51.02100
 2 10 20 11 55 8926.40000 4.78600000 288.55000 37.92000 11.46100 51.02100
 2 10 20 11 56 8921.90000 4.78600000 288.41000 37.87000 11.46100 51.02100
 2 10 20 11 56 8923.20000 4.78600000 288.50000 37.87000 11.46100 51.02100
 2 10 20 11 57 8917.90000 4.78600000 288.50000 37.87000 11.46100 51.02100
 2 10 20 11 57 8919.30000 4.78600000 288.41000 37.87000 11.46100 51.02100
 2 10 20 11 58 8919.30000 4.78600000 288.34000 37.87000 11.46100 51.02100
 2 10 20 11 58 8919.50000 4.78600000 288.34000 37.88000 11.46100 51.28900
 2 10 20 11 58 8915.30000 4.78600000 288.16000 37.88000 11.46100 51.28900
 2 10 20 11 59 8916.00000 4.78600000 288.18000 37.88000 11.46100 51.28900
 2 10 20 11 59 8913.80000 4.78600000 288.00000 37.85000 11.46100 51.28900
 2 10 20 12 00 8912.60000 4.78600000 287.88000 37.85000 11.46100 51.28900
 2 10 20 12 00 8914.50000 4.71600000 287.87000 37.85000 11.46100 51.28900
 2 10 20 12 01 8913.50000 4.71600000 287.87000 37.85000 11.46100 51.28900
 2 10 20 12 01 8914.20000 4.71600000 287.76000 37.84000 11.46100 51.28900
 2 10 20 12 01 8913.90000 4.71600000 287.71000 37.84000 11.46100 51.28900
 2 10 20 12 02 8914.70000 4.71600000 287.85000 37.84000 11.46100 51.09300
 2 10 20 12 02 8913.80000 4.71600000 287.77000 37.78000 11.46100 51.09300
 2 10 20 12 03 8919.30000 4.71600000 288.10000 37.80000 11.46100 51.10500
 2 10 20 12 03 8919.80000 4.71600000 288.45000 37.81000 11.46100 51.10500
 2 10 20 12 04 8919.80000 4.71600000 288.62000 37.85000 11.48600 51.29100
 2 10 20 12 04 8923.10000 4.71600000 288.72000 37.85000 11.48600 51.29100
 2 10 20 12 04 8921.00000 4.71600000 288.61000 37.85000 11.48600 51.29100
 2 10 20 12 05 8920.30000 4.71600000 288.49000 37.81000 11.48600 51.21700
 2 10 20 12 05 8920.00000 4.74300000 288.63000 37.81000 11.48600 51.22700
 2 10 20 12 06 8924.50000 4.74300000 288.87000 37.86000 11.48600 51.28900
 2 10 20 12 06 8926.40000 4.74300000 289.00000 37.86000 11.21000 51.28900
 2 10 20 12 07 8932.40000 4.74300000 289.00000 37.86000 11.21000 51.28900
 2 10 20 12 07 8930.50000 4.74300000 289.05000 37.86000 11.21000 51.28900
 2 10 20 12 07 8930.60000 4.74300000 289.21000 37.95000 11.21000 51.28900
 2 10 20 12 08 8934.60000 4.74300000 289.28000 37.95000 11.21000 51.28900
 2 10 20 12 08 8937.10000 4.74300000 289.30000 37.95000 11.21000 51.28900
 2 10 20 12 09 8937.20000 4.74300000 289.31000 37.94000 11.21000 51.28900
 2 10 20 12 09 8937.20000 4.74300000 289.35000 37.94000 11.21000 51.50000
 2 10 20 12 10 8933.70000 4.74300000 289.00000 37.94000 11.21000 51.50000
 2 10 20 12 10 8933.90000 4.74300000 289.00000 37.94000 11.21000 51.50000
 2 10 20 12 10 8933.80000 4.74300000 289.00000 37.94000 11.21000 51.50000
 2 10 20 12 11 8933.10000 4.74300000 289.00000 37.94000 11.21000 51.50000
 2 10 20 12 11 8937.70000 4.74300000 289.10000 37.94000 11.21000 51.47900
 2 10 20 12 12 8935.10000 4.74300000 289.02000 37.94000 11.21000 51.47900
 2 10 20 12 12 8934.10000 4.74300000 289.02000 37.94000 11.21000 51.51800
 2 10 20 12 13 8936.60000 4.74300000 288.90000 37.94000 11.21000 51.60000
 2 10 20 12 13 8934.80000 4.74300000 288.80000 37.98000 11.21000 51.57300
 2 10 20 12 13 8935.50000 4.74300000 288.68000 37.96000 11.21000 51.57300
 2 10 20 12 14 8934.70000 4.74300000 288.74000 37.96000 11.21000 51.57300
 2 10 20 12 14 8934.80000 4.74300000 288.77000 37.96000 11.21000 51.57300
 2 10 20 12 15 8938.30000 4.74300000 288.77000 37.93000 11.21000 51.57300
 2 10 20 12 15 8938.50000 4.74300000 288.77000 37.93000 11.21000 51.57300
 2 10 20 12 16 8940.80000 4.74500000 288.99000 37.93000 11.21000 51.57300
 2 10 20 12 16 8940.90000 4.74500000 289.04000 37.93000 11.21000 51.57300
 2 10 20 12 16 8947.60000 4.74500000 289.04000 37.93000 11.21000 51.67200
 2 10 20 12 17 8949.90000 4.74500000 289.37000 37.93000 11.21000 51.67200
 2 10 20 12 17 8950.00000 4.74500000 289.37000 37.93000 11.21000 51.67200
 2 10 20 12 18 8950.00000 4.74500000 289.48000 37.98000 11.21000 51.67200
 2 10 20 12 18 8954.50000 4.75500000 289.57000 37.98000 11.21000 51.67200
 2 10 20 12 19 8954.40000 4.75600000 289.57000 37.99000 11.21000 51.77900
 2 10 20 12 19 8957.50000 4.75600000 289.58000 38.02000 11.21000 51.78000
 2 10 20 12 19 8956.70000 4.75600000 289.66000 38.02000 11.21000 51.90000
