M=[
 7 6 20 05 05 8576.80000 6.09000000 214.87000 41.34000 12.62900 46.82000
 7 6 20 05 05 8576.80000 6.09000000 214.87000 41.34000 12.62900 46.82000
 7 6 20 05 06 8576.80000 6.09000000 214.90000 41.34000 12.62900 46.86300
 7 6 20 05 06 8576.80000 6.09000000 214.90000 41.34000 12.62900 46.86300
 7 6 20 05 07 8582.20000 6.09000000 214.90000 41.34000 12.62900 46.86300
 7 6 20 05 07 8582.20000 6.09000000 214.90000 41.34000 12.62900 46.82000
 7 6 20 05 08 8582.20000 6.09000000 214.90000 41.34000 12.62900 46.86300
 7 6 20 05 08 8582.10000 6.09000000 214.90000 41.34000 12.62900 46.80300
 7 6 20 05 09 8580.20000 6.09000000 214.90000 41.34000 12.62900 46.80300
 7 6 20 05 09 8580.60000 6.09000000 214.90000 41.34000 12.62900 46.80300
 7 6 20 05 10 8580.60000 6.09000000 214.90000 41.34000 12.62900 46.80300
 7 6 20 05 10 8580.60000 6.09000000 214.90000 41.34000 12.62900 46.82000
 7 6 20 05 11 8578.30000 6.09000000 214.90000 41.34000 12.62900 46.80300
 7 6 20 05 11 8578.30000 6.09000000 215.03000 41.34000 12.62900 46.80300
 7 6 20 05 12 8577.50000 6.09000000 215.03000 41.37000 12.62900 46.80300
 7 6 20 05 12 8574.20000 6.09000000 215.02000 41.34000 12.62900 46.80300
 7 6 20 05 13 8571.20000 6.09000000 215.02000 41.34000 12.62900 46.80300
 7 6 20 05 13 8573.40000 6.09000000 215.02000 41.34000 12.62900 46.80300
 7 6 20 05 14 8569.50000 6.09000000 215.02000 41.34000 12.62900 46.82000
 7 6 20 05 14 8569.50000 6.09000000 215.02000 41.34000 12.62900 46.80300
 7 6 20 05 15 8571.20000 6.09000000 215.05000 41.34000 12.62900 46.80300
 7 6 20 05 15 8573.70000 6.09000000 215.05000 41.34000 12.62900 46.82000
 7 6 20 05 16 8576.50000 6.09000000 215.05000 41.34000 12.62900 46.80300
 7 6 20 05 16 8576.10000 6.09000000 215.05000 41.34000 12.62900 46.80300
 7 6 20 05 17 8578.20000 6.09000000 215.05000 41.34000 12.62900 46.80300
 7 6 20 05 17 8578.20000 6.09000000 215.06000 41.34000 12.62900 46.80300
 7 6 20 05 18 8576.50000 6.09000000 215.00000 41.34000 12.62900 46.80300
 7 6 20 05 18 8576.50000 6.09000000 215.00000 41.34000 12.62900 46.80300
 7 6 20 05 19 8576.50000 6.09000000 215.16000 41.34000 12.62900 46.80300
 7 6 20 05 19 8576.10000 6.09000000 215.11000 41.34000 12.62900 46.80300
 7 6 20 05 20 8574.90000 6.09000000 215.11000 41.34000 12.62900 46.80300
 7 6 20 05 20 8575.60000 6.09000000 215.11000 41.34000 12.62900 46.80300
 7 6 20 05 21 8584.00000 6.09000000 215.23000 41.34000 12.62900 46.80300
 7 6 20 05 21 8584.00000 6.09000000 215.23000 41.34000 12.62900 46.80300
 7 6 20 05 22 8580.20000 6.09000000 215.23000 41.34000 12.62900 46.80300
 7 6 20 05 22 8576.40000 6.09000000 215.23000 41.34000 12.62900 46.80300
 7 6 20 05 23 8584.00000 6.09000000 215.04000 41.34000 12.62900 46.80300
 7 6 20 05 23 8576.10000 6.09000000 215.04000 41.34000 12.62900 46.80300
 7 6 20 05 24 8572.50000 6.09000000 214.90000 41.34000 12.62900 46.80300
 7 6 20 05 24 8574.70000 6.09000000 215.04000 41.34000 12.62900 46.80300
 7 6 20 05 25 8575.00000 6.09000000 215.00000 41.34000 12.62900 46.80300
 7 6 20 05 25 8572.70000 6.09000000 215.00000 41.34000 12.62900 46.82000
 7 6 20 05 26 8572.70000 6.09000000 215.01000 41.34000 12.62900 46.80300
 7 6 20 05 26 8574.00000 6.09000000 215.01000 41.34000 12.62900 46.80300
 7 6 20 05 27 8574.00000 6.09000000 215.01000 41.34000 12.62900 46.80300
 7 6 20 05 27 8570.40000 6.09000000 214.91000 41.34000 12.62900 46.80300
 7 6 20 05 28 8569.40000 6.09000000 214.96000 41.34000 12.62900 46.80300
 7 6 20 05 28 8569.40000 6.09000000 215.01000 41.34000 12.62900 46.80300
 7 6 20 05 29 8569.40000 6.09000000 214.96000 41.34000 12.62900 46.80300
 7 6 20 05 30 8568.00000 6.09000000 215.01000 41.34000 12.62900 46.80300
 7 6 20 05 30 8566.40000 6.09000000 214.84000 41.34000 12.62900 46.73200
 7 6 20 05 31 8566.20000 6.09000000 214.84000 41.34000 12.62900 46.80300
 7 6 20 05 31 8566.10000 6.09000000 214.85000 41.34000 12.62900 46.80300
 7 6 20 05 32 8562.40000 6.09000000 214.85000 41.34000 12.62900 46.80300
 7 6 20 05 32 8566.10000 6.09000000 214.85000 41.34000 12.62900 46.80300
 7 6 20 05 33 8569.90000 6.09000000 214.87000 41.34000 12.62900 46.80300
 7 6 20 05 33 8572.10000 6.09000000 214.87000 41.34000 12.62900 46.80300
 7 6 20 05 34 8571.10000 6.09000000 214.96000 41.34000 12.62900 46.80300
 7 6 20 05 34 8571.90000 6.09000000 214.94000 41.34000 12.62900 46.80300
 7 6 20 05 35 8572.70000 6.09000000 214.97000 41.34000 12.62900 46.80300
 7 6 20 05 35 8572.70000 6.07700000 214.76000 41.34000 12.62900 46.80300
 7 6 20 05 36 8571.90000 6.09000000 214.76000 41.30000 12.62900 46.80300
 7 6 20 05 36 8572.70000 6.09000000 214.87000 41.30000 12.62900 46.80300
 7 6 20 05 37 8569.00000 6.09000000 214.87000 41.30000 12.62900 46.80300
 7 6 20 05 37 8569.00000 6.09000000 215.00000 41.30000 12.62900 46.80300
 7 6 20 05 38 8571.30000 6.09000000 214.84000 41.30000 12.62900 46.80300
 7 6 20 05 38 8571.70000 6.09000000 214.94000 41.30000 12.62900 46.80300
 7 6 20 05 39 8567.60000 6.09000000 214.80000 41.30000 12.62900 46.80300
 7 6 20 05 39 8567.30000 6.09000000 214.80000 41.30000 12.62900 46.80300
 7 6 20 05 40 8567.30000 6.09000000 214.80000 41.30000 12.62900 46.80300
 7 6 20 05 40 8567.20000 6.09000000 214.71000 41.30000 12.62900 46.80300
 7 6 20 05 41 8567.20000 6.09000000 214.71000 41.30000 12.62900 46.80300
 7 6 20 05 41 8567.20000 6.05000000 214.71000 41.30000 12.62900 46.80300
 7 6 20 05 42 8567.20000 6.05000000 214.71000 41.30000 12.62900 46.80300
 7 6 20 05 42 8567.30000 6.05000000 214.71000 41.30000 12.62900 46.80300
 7 6 20 05 43 8563.70000 6.05000000 214.57000 41.30000 12.62900 46.80300
 7 6 20 05 44 8564.50000 6.05000000 214.57000 41.30000 12.62900 46.80300
 7 6 20 05 44 8565.60000 6.05000000 214.57000 41.30000 12.62900 46.80300
 7 6 20 05 45 8567.40000 6.05000000 214.62000 41.30000 12.62900 46.80300
 7 6 20 05 45 8565.60000 6.05000000 214.49000 41.30000 12.62900 46.82000
 7 6 20 05 46 8568.40000 6.05000000 214.62000 41.30000 12.62900 46.80300
 7 6 20 05 46 8568.90000 6.05000000 214.61000 41.30000 12.62900 46.80300
 7 6 20 05 47 8568.90000 6.05000000 214.59000 41.34000 12.62900 46.80300
 7 6 20 05 47 8565.00000 6.05000000 214.59000 41.26000 12.62900 46.80300
 7 6 20 05 48 8564.40000 6.05000000 214.58000 41.26000 12.62900 46.80300
 7 6 20 05 48 8566.10000 6.05000000 214.58000 41.26000 12.62900 46.80300
 7 6 20 05 49 8566.10000 6.05000000 214.61000 41.26000 12.62900 46.80300
 7 6 20 05 50 8566.10000 6.05000000 214.61000 41.27000 12.62900 46.73200
 7 6 20 05 50 8566.30000 6.05000000 214.61000 41.27000 12.62900 46.80300
 7 6 20 05 51 8562.80000 6.05000000 214.61000 41.27000 12.62900 46.80300
 7 6 20 05 51 8561.80000 6.05000000 214.60000 41.21000 12.62900 46.78800
 7 6 20 05 52 8553.90000 6.05000000 214.61000 41.20000 12.62900 46.78800
 7 6 20 05 52 8554.60000 6.05000000 214.60000 41.17000 12.62900 46.78800
 7 6 20 05 53 8552.10000 6.05000000 214.40000 41.17000 12.62900 46.78800
 7 6 20 05 53 8552.20000 6.05000000 214.36000 41.17000 12.62900 46.78800
 7 6 20 05 54 8552.20000 6.05000000 214.36000 41.17000 12.62900 46.78800
 7 6 20 05 55 8553.10000 6.05000000 214.37000 41.17000 12.62900 46.78800
 7 6 20 05 55 8553.00000 6.05000000 214.37000 41.17000 12.62900 46.78800
 7 6 20 05 56 8561.30000 6.05000000 214.43000 41.15000 12.62900 46.78800
 7 6 20 05 56 8564.40000 6.05000000 214.43000 41.15000 12.62900 46.78800
 7 6 20 05 57 8562.00000 6.05000000 214.37000 41.15000 12.62900 46.78800
 7 6 20 05 58 8562.90000 6.05000000 214.44000 41.15000 12.62900 46.78800
 7 6 20 05 58 8563.10000 6.05000000 214.43000 41.15000 12.62900 46.78800
 7 6 20 05 59 8563.10000 6.05000000 214.43000 41.15000 12.62900 46.78800
 7 6 20 05 59 8564.50000 6.05000000 214.43000 41.18000 12.62900 46.78800
 7 6 20 06 00 8565.50000 6.05000000 214.43000 41.18000 12.62900 46.78800
 7 6 20 06 00 8564.50000 6.07700000 214.27000 41.18000 12.62900 46.78800
 7 6 20 06 01 8562.00000 6.05000000 214.27000 41.17000 12.62900 46.78800
 7 6 20 06 02 8562.00000 6.05000000 214.28000 41.19000 12.62900 46.78800
