M=[
 6 9 20 23 56 8669.40000 4.66400000 298.20000 40.63000 14.84700 49.86400
 6 9 20 23 56 8682.50000 4.66400000 298.20000 40.63000 14.84700 49.86400
 6 9 20 23 57 8679.60000 4.66400000 298.20000 40.63000 14.84700 49.86400
 6 9 20 23 57 8681.10000 4.66400000 298.20000 40.63000 14.84700 49.86400
 6 9 20 23 58 8685.00000 4.66400000 298.20000 40.63000 14.84700 49.86400
 6 9 20 23 58 8675.30000 4.66400000 298.20000 40.63000 14.84700 49.86400
 6 9 20 23 59 8676.90000 4.66400000 298.37000 40.63000 14.84700 49.86400
 6 9 20 23 59 8676.90000 4.66400000 298.37000 40.63000 14.84700 49.86400
 6 9 20 23 59 8676.80000 4.66400000 298.55000 40.63000 14.84700 49.86400
 7 9 20 00 00 8668.50000 4.66400000 298.42000 40.51000 14.88600 49.86900
 7 9 20 00 00 8668.50000 4.66400000 298.12000 40.51000 14.88600 49.86900
 7 9 20 00 01 8670.00000 4.66400000 297.93000 40.55000 14.88600 49.86900
 7 9 20 00 01 8670.00000 4.66400000 298.28000 40.55000 14.91400 49.82700
 7 9 20 00 02 8670.00000 4.66400000 298.28000 40.55000 14.91400 49.82700
 7 9 20 00 02 8691.10000 4.66400000 299.12000 40.55000 14.91400 49.82700
 7 9 20 00 03 8686.40000 4.66400000 299.12000 40.55000 14.91400 49.87800
 7 9 20 00 03 8675.20000 4.66400000 298.41000 40.55000 14.91400 49.87800
 7 9 20 00 04 8671.40000 4.66400000 298.41000 40.52000 14.91400 49.87800
 7 9 20 00 04 8675.30000 4.66400000 298.41000 40.52000 14.91400 49.87800
 7 9 20 00 05 8676.20000 4.66400000 298.41000 40.52000 14.91400 49.87800
 7 9 20 00 05 8676.20000 4.66400000 298.41000 40.52000 14.91400 49.87800
 7 9 20 00 06 8679.20000 4.66400000 299.14000 40.52000 14.91400 49.87800
 7 9 20 00 06 8682.50000 4.66400000 299.14000 40.52000 14.91400 49.87800
 7 9 20 00 06 8682.50000 4.66500000 299.36000 40.56000 14.91400 49.99200
 7 9 20 00 07 8683.80000 4.66500000 299.31000 40.56000 14.91400 49.99200
 7 9 20 00 07 8683.80000 4.66500000 299.31000 40.56000 14.91400 49.99200
 7 9 20 00 08 8683.80000 4.66500000 299.36000 40.56000 14.91400 49.99200
 7 9 20 00 08 8680.90000 4.66500000 299.36000 40.56000 14.91400 50.04000
 7 9 20 00 09 8680.90000 4.66500000 299.36000 40.56000 14.91400 50.08000
 7 9 20 00 09 8687.00000 4.66500000 299.86000 40.56000 14.91400 50.08000
 7 9 20 00 09 8690.00000 4.66500000 300.31000 40.56000 14.91400 50.08000
 7 9 20 00 10 8692.80000 4.66500000 300.51000 40.56000 14.91400 50.08000
 7 9 20 00 10 8693.40000 4.68400000 300.51000 40.56000 14.91400 50.08000
 7 9 20 00 11 8696.80000 4.68300000 300.59000 40.56000 14.91400 50.08000
 7 9 20 00 11 8695.00000 4.68300000 300.59000 40.56000 14.85100 50.08000
 7 9 20 00 12 8694.90000 4.68300000 300.60000 40.56000 14.85100 50.08000
 7 9 20 00 12 8690.90000 4.68300000 300.84000 40.56000 14.85100 50.08000
 7 9 20 00 13 8690.90000 4.68300000 300.84000 40.56000 14.85100 50.10400
 7 9 20 00 13 8688.20000 4.68300000 300.25000 40.56000 14.85100 50.10400
 7 9 20 00 13 8687.10000 4.68300000 300.17000 40.56000 14.85100 50.10400
 7 9 20 00 14 8687.00000 4.68300000 300.17000 40.56000 14.85100 50.10400
 7 9 20 00 14 8688.40000 4.68300000 300.17000 40.56000 14.85100 50.10400
 7 9 20 00 15 8692.80000 4.68300000 300.17000 40.56000 14.85100 50.10400
 7 9 20 00 15 8692.80000 4.68300000 300.48000 40.56000 14.85100 50.10400
 7 9 20 00 16 8703.10000 4.69600000 301.51000 40.56000 14.85100 50.10400
 7 9 20 00 16 8699.10000 4.69600000 301.51000 40.56000 14.85100 50.10400
 7 9 20 00 17 8700.10000 4.69600000 301.51000 40.56000 14.85100 50.10400
 7 9 20 00 17 8700.10000 4.69600000 301.51000 40.56000 14.85100 50.10400
 7 9 20 00 18 8700.10000 4.69600000 301.17000 40.56000 14.85100 50.10400
 7 9 20 00 18 8700.10000 4.69600000 301.17000 40.56000 14.85100 50.10400
 7 9 20 00 18 8700.10000 4.69600000 301.17000 40.56000 14.85100 50.10400
 7 9 20 00 19 8696.80000 4.69600000 301.17000 40.56000 14.85100 50.10400
 7 9 20 00 19 8696.90000 4.69600000 301.17000 40.56000 14.85100 50.10400
 7 9 20 00 20 8706.30000 4.69600000 301.54000 40.56000 14.85100 50.10400
 7 9 20 00 20 8704.60000 4.69600000 301.74000 40.56000 14.85100 50.10400
 7 9 20 00 21 8704.60000 4.69600000 301.86000 40.56000 14.85100 50.10400
 7 9 20 00 21 8705.80000 4.69600000 301.50000 40.56000 14.85100 50.10400
 7 9 20 00 21 8704.10000 4.69600000 301.50000 40.56000 14.85100 50.10400
 7 9 20 00 22 8701.80000 4.69600000 301.50000 40.56000 14.85100 50.10400
 7 9 20 00 22 8701.80000 4.69600000 300.98000 40.56000 14.85100 50.10400
 7 9 20 00 23 8700.90000 4.69600000 300.98000 40.56000 14.85100 50.10400
 7 9 20 00 23 8696.90000 4.69600000 300.58000 40.56000 14.85100 50.10400
 7 9 20 00 24 8691.40000 4.69300000 300.58000 40.56000 14.85100 50.10400
 7 9 20 00 24 8692.00000 4.69300000 300.79000 40.56000 14.85100 50.10400
 7 9 20 00 25 8699.70000 4.69300000 300.79000 40.56000 14.85100 50.10400
 7 9 20 00 25 8702.40000 4.69300000 302.42000 40.56000 14.91800 50.10400
 7 9 20 00 25 8709.30000 4.69300000 302.42000 40.56000 14.91800 50.19200
 7 9 20 00 26 8712.90000 4.69300000 302.42000 40.56000 14.91800 50.19200
 7 9 20 00 26 8712.90000 4.69300000 302.42000 40.84000 14.91800 50.19200
 7 9 20 00 27 8713.50000 4.69300000 302.02000 40.84000 14.91800 50.19200
 7 9 20 00 27 8713.50000 4.69300000 301.90000 40.84000 14.91800 50.19200
 7 9 20 00 28 8704.80000 4.69300000 301.85000 40.84000 14.91800 50.19200
 7 9 20 00 28 8704.80000 4.69300000 301.95000 40.84000 14.91800 50.19200
 7 9 20 00 28 8704.60000 4.69300000 301.92000 40.84000 14.91800 50.19200
 7 9 20 00 29 8704.60000 4.69300000 301.83000 40.84000 14.91800 50.19200
 7 9 20 00 29 8704.60000 4.69300000 301.83000 40.84000 14.91800 50.19200
 7 9 20 00 30 8704.60000 4.69300000 301.97000 40.84000 14.85900 50.19200
 7 9 20 00 30 8704.60000 4.69300000 301.97000 40.84000 14.85900 50.19200
 7 9 20 00 31 8704.40000 4.69300000 301.97000 40.84000 14.85900 50.19200
 7 9 20 00 31 8699.20000 4.69300000 301.41000 40.84000 14.85900 50.19200
 7 9 20 00 32 8694.40000 4.69300000 301.41000 40.84000 14.85900 50.19200
 7 9 20 00 32 8693.10000 4.69300000 301.18000 40.84000 14.85900 50.19200
 7 9 20 00 33 8689.80000 4.69300000 300.92000 40.84000 14.85900 50.19200
 7 9 20 00 33 8689.80000 4.69300000 300.92000 40.84000 14.85900 50.19200
 7 9 20 00 33 8688.90000 4.69300000 300.76000 40.84000 14.85900 50.19200
 7 9 20 00 34 8690.50000 4.69300000 300.76000 40.84000 14.85900 50.19200
 7 9 20 00 34 8696.90000 4.69300000 301.18000 40.84000 14.85900 50.19200
 7 9 20 00 35 8695.40000 4.69300000 301.18000 40.84000 14.84500 50.19200
 7 9 20 00 35 8695.40000 4.69300000 301.18000 40.84000 14.84500 50.19200
 7 9 20 00 36 8698.60000 4.69300000 301.18000 40.84000 14.84500 50.19200
 7 9 20 00 36 8695.70000 4.69300000 301.18000 40.84000 14.84500 50.19200
 7 9 20 00 37 8695.70000 4.69300000 301.18000 40.85000 14.84500 50.19200
 7 9 20 00 37 8698.10000 4.69300000 301.18000 40.85000 14.84500 50.19200
 7 9 20 00 37 8696.10000 4.69300000 301.18000 40.85000 14.84500 50.19200
 7 9 20 00 38 8696.10000 4.69300000 301.17000 40.85000 14.84500 50.19200
 7 9 20 00 38 8699.20000 4.69300000 301.17000 40.85000 14.84500 50.19200
 7 9 20 00 39 8697.90000 4.69300000 301.17000 40.85000 14.84500 50.19200
 7 9 20 00 39 8697.90000 4.69300000 301.17000 40.82000 14.84500 50.19200
 7 9 20 00 40 8697.90000 4.69300000 301.17000 40.82000 14.84500 50.19200
 7 9 20 00 40 8699.80000 4.69300000 301.17000 40.82000 14.84500 50.19200
 7 9 20 00 40 8699.80000 4.69300000 301.17000 40.90000 14.84500 50.19200
 7 9 20 00 41 8699.90000 4.69300000 301.17000 40.90000 14.84500 50.19200
 7 9 20 00 41 8699.80000 4.69300000 301.17000 40.90000 14.84500 50.19200
 7 9 20 00 42 8699.80000 4.69300000 301.17000 40.90000 14.84500 50.19200
 7 9 20 00 42 8699.90000 4.69300000 301.18000 40.90000 14.84500 50.19200
 7 9 20 00 43 8699.90000 4.69300000 301.18000 40.90000 14.84500 50.19200
 7 9 20 00 43 8704.70000 4.69300000 301.93000 40.94000 14.84500 50.19200
 7 9 20 00 43 8709.70000 4.69300000 301.93000 40.94000 14.84500 50.19200
 7 9 20 00 44 8709.60000 4.69300000 302.22000 40.94000 14.84500 50.19200
