M=[
 5 2 21 10 15 31399.00000 6.54500000 1392.90000 129.37000 19.00000 77.30900
 5 2 21 10 16 31414.20000 6.58100000 1392.99000 129.74000 18.90900 77.83600
 5 2 21 10 16 31386.10000 6.57400000 1391.04000 130.23000 18.90900 77.83600
 5 2 21 10 16 31415.10000 6.57400000 1390.34000 130.07000 18.90900 77.83600
 5 2 21 10 17 31398.90000 6.57400000 1389.77000 130.34000 18.90900 77.83600
 5 2 21 10 17 31435.70000 6.57300000 1390.26000 130.49000 18.90900 77.74300
 5 2 21 10 18 31455.00000 6.57300000 1392.74000 130.89000 18.90900 77.74300
 5 2 21 10 18 31449.30000 6.57800000 1392.09000 130.59000 18.90900 77.98400
 5 2 21 10 19 31449.20000 6.57800000 1392.31000 130.30000 18.99800 77.92300
 5 2 21 10 19 31463.80000 6.57800000 1393.00000 130.69000 18.99800 77.98300
 5 2 21 10 19 31476.40000 6.57800000 1393.01000 130.36000 18.99800 78.02300
 5 2 21 10 20 31467.70000 6.58000000 1393.31000 130.60000 18.99700 78.15300
 5 2 21 10 20 31468.70000 6.58000000 1392.90000 130.86000 18.99700 78.07100
 5 2 21 10 21 31468.70000 6.58000000 1391.92000 130.91000 18.99700 78.07100
 5 2 21 10 21 31450.60000 6.58000000 1390.99000 130.99000 18.99700 78.07100
 5 2 21 10 22 31450.60000 6.58000000 1392.09000 130.98000 18.91000 78.16200
 5 2 21 10 22 31446.00000 6.58000000 1390.82000 130.95000 18.91000 78.16100
 5 2 21 10 22 31450.50000 6.58000000 1391.10000 130.88000 18.91000 77.97700
 5 2 21 10 23 31424.50000 6.58000000 1390.81000 130.20000 18.91000 77.97700
 5 2 21 10 23 31437.30000 6.58000000 1390.82000 130.22000 18.91000 77.97700
 5 2 21 10 24 31425.90000 6.58000000 1390.78000 130.14000 18.91000 77.97700
 5 2 21 10 24 31438.10000 6.58000000 1390.32000 130.17000 18.91000 77.97700
 5 2 21 10 25 31435.70000 6.55600000 1389.06000 130.18000 18.91000 77.97700
 5 2 21 10 25 31420.60000 6.55600000 1387.79000 129.79000 18.91000 77.97700
 5 2 21 10 25 31420.60000 6.55600000 1386.96000 129.57000 18.91000 77.97700
 5 2 21 10 26 31414.50000 6.55600000 1387.41000 129.45000 18.99700 77.73800
 5 2 21 10 26 31428.80000 6.55500000 1388.02000 129.66000 18.99700 77.73800
 5 2 21 10 27 31409.50000 6.55500000 1387.22000 129.46000 18.99700 77.73800
 5 2 21 10 27 31424.60000 6.55500000 1387.00000 129.35000 18.99700 77.73800
 5 2 21 10 28 31404.30000 6.54200000 1386.60000 129.16000 18.99700 77.80000
 5 2 21 10 28 31423.70000 6.54200000 1387.50000 129.20000 18.99700 77.80000
 5 2 21 10 28 31400.00000 6.54000000 1387.50000 128.91000 18.99700 77.80000
 5 2 21 10 29 31400.30000 6.54000000 1387.50000 128.97000 18.99700 77.80000
 5 2 21 10 29 31390.80000 6.54000000 1386.96000 128.84000 18.99700 77.80000
 5 2 21 10 30 31390.90000 6.54000000 1386.34000 128.60000 18.99700 77.80000
 5 2 21 10 30 31392.80000 6.54000000 1387.02000 128.62000 18.99700 77.80000
 5 2 21 10 31 31385.10000 6.54000000 1387.01000 128.76000 18.99700 77.80000
 5 2 21 10 31 31343.70000 6.57800000 1385.01000 128.62000 18.99800 77.70800
 5 2 21 10 31 31311.60000 6.56600000 1384.08000 128.51000 18.99800 77.67700
 5 2 21 10 32 31327.10000 6.56600000 1383.00000 128.35000 18.99800 77.66700
 5 2 21 10 32 31328.90000 6.56600000 1383.77000 128.41000 18.99800 77.66700
 5 2 21 10 33 31342.60000 6.56600000 1383.76000 128.70000 18.99800 77.66700
 5 2 21 10 33 31368.40000 6.57800000 1384.67000 128.70000 18.99800 77.66700
 5 2 21 10 34 31369.30000 6.60000000 1383.99000 129.10000 18.99800 77.80900
 5 2 21 10 34 31340.60000 6.60100000 1383.99000 129.04000 18.99800 77.80900
 5 2 21 10 34 31340.60000 6.60100000 1382.60000 128.87000 18.99800 77.70100
 5 2 21 10 35 31348.90000 6.60000000 1383.50000 128.79000 19.18300 77.57600
 5 2 21 10 35 31369.90000 6.60000000 1383.28000 128.78000 19.18300 77.57600
 5 2 21 10 36 31360.70000 6.61600000 1383.68000 128.69000 19.18300 77.71800
 5 2 21 10 36 31353.70000 6.61600000 1383.56000 128.78000 19.18300 77.71800
 5 2 21 10 37 31356.20000 6.61600000 1383.00000 128.78000 19.18700 77.71800
 5 2 21 10 37 31359.90000 6.62000000 1383.25000 128.80000 19.18700 77.71800
 5 2 21 10 37 31370.00000 6.62000000 1383.68000 128.92000 19.18700 77.71800
 5 2 21 10 38 31358.90000 6.62000000 1383.41000 128.86000 19.18700 77.79000
 5 2 21 10 38 31356.10000 6.62000000 1382.53000 128.65000 19.18700 77.79000
 5 2 21 10 39 31356.20000 6.62000000 1381.83000 128.65000 19.18600 77.79000
 5 2 21 10 39 31356.10000 6.62000000 1382.00000 128.52000 19.18600 77.79000
 5 2 21 10 40 31350.80000 6.62000000 1380.99000 128.64000 19.18600 77.79000
 5 2 21 10 40 31354.10000 6.62000000 1382.68000 128.57000 19.18600 77.79000
 5 2 21 10 40 31362.50000 6.62000000 1382.77000 128.65000 19.18600 77.79000
 5 2 21 10 41 31359.50000 6.64700000 1382.87000 128.63000 19.18700 77.79000
 5 2 21 10 41 31375.20000 6.64700000 1383.46000 128.61000 19.18700 77.79000
 5 2 21 10 42 31373.40000 6.63600000 1383.45000 128.67000 19.18700 77.81900
 5 2 21 10 42 31368.40000 6.63600000 1383.24000 128.72000 19.18700 77.81900
 5 2 21 10 43 31365.90000 6.63600000 1383.47000 128.62000 19.18400 77.81900
 5 2 21 10 43 31374.30000 6.63600000 1383.69000 128.72000 19.18400 77.75000
 5 2 21 10 43 31355.00000 6.63600000 1383.47000 128.72000 19.18400 77.75000
 5 2 21 10 44 31372.00000 6.63600000 1383.48000 128.83000 19.18400 77.75000
 5 2 21 10 44 31369.90000 6.63600000 1383.48000 128.83000 19.14900 77.75000
 5 2 21 10 45 31350.00000 6.65000000 1382.17000 128.54000 19.14900 77.75000
 5 2 21 10 45 31315.50000 6.64900000 1379.40000 128.27000 19.14900 77.75000
 5 2 21 10 46 31314.30000 6.64900000 1378.22000 128.21000 19.14900 77.75000
 5 2 21 10 46 31322.60000 6.65400000 1378.50000 128.20000 19.14900 77.75000
 5 2 21 10 46 31310.40000 6.65400000 1378.73000 128.05000 19.14900 77.75000
 5 2 21 10 47 31307.30000 6.65400000 1379.69000 128.31000 19.14900 77.75000
 5 2 21 10 47 31321.00000 6.64900000 1379.66000 128.46000 19.14900 77.75000
 5 2 21 10 48 31354.40000 6.64900000 1380.55000 128.61000 19.05000 77.75000
 5 2 21 10 48 31322.70000 6.66000000 1380.31000 128.48000 19.05000 77.63000
 5 2 21 10 49 31322.50000 6.66000000 1380.00000 128.48000 19.05000 77.61100
 5 2 21 10 49 31314.40000 6.64900000 1380.02000 128.48000 19.05000 77.61100
 5 2 21 10 49 31330.10000 6.64500000 1380.02000 128.33000 19.05000 77.61100
 5 2 21 10 50 31330.20000 6.64300000 1380.02000 128.51000 19.05000 77.68000
 5 2 21 10 50 31353.30000 6.64300000 1380.81000 128.62000 19.05000 77.68000
 5 2 21 10 51 31341.00000 6.64300000 1381.00000 128.25000 19.05000 77.68000
 5 2 21 10 51 31333.60000 6.64300000 1380.66000 128.30000 19.05000 77.68000
 5 2 21 10 52 31330.20000 6.64300000 1380.66000 128.19000 19.05000 77.68000
 5 2 21 10 52 31327.20000 6.66000000 1380.44000 128.19000 19.00000 77.68000
 5 2 21 10 52 31322.90000 6.66000000 1380.64000 128.23000 19.00000 77.55800
 5 2 21 10 53 31308.60000 6.66000000 1378.46000 128.18000 19.00000 77.55800
 5 2 21 10 53 31286.30000 6.65400000 1378.80000 128.18000 19.00000 77.55800
 5 2 21 10 54 31313.30000 6.65400000 1379.09000 128.11000 19.00000 77.22000
 5 2 21 10 54 31310.00000 6.65400000 1378.06000 128.06000 18.99700 77.34100
 5 2 21 10 55 31309.00000 6.65400000 1378.00000 128.05000 18.99700 77.34100
 5 2 21 10 55 31317.90000 6.65400000 1378.49000 128.05000 18.99700 77.34100
 5 2 21 10 55 31328.20000 6.66600000 1378.64000 128.05000 18.99700 77.34100
 5 2 21 10 56 31317.90000 6.66600000 1378.63000 128.04000 18.99700 77.34100
 5 2 21 10 56 31319.60000 6.65000000 1378.63000 128.04000 18.99700 77.34100
 5 2 21 10 57 31342.40000 6.65000000 1378.64000 128.04000 18.99700 77.37800
 5 2 21 10 57 31330.00000 6.65000000 1378.64000 128.05000 18.89100 77.37800
 5 2 21 10 58 31338.50000 6.65000000 1378.64000 128.05000 18.89100 77.25300
 5 2 21 10 58 31325.30000 6.65000000 1378.33000 128.05000 18.89100 77.25300
 5 2 21 10 58 31327.50000 6.65200000 1378.57000 128.05000 18.89100 77.25300
 5 2 21 10 59 31314.00000 6.65200000 1378.01000 128.05000 18.89100 77.25300
 5 2 21 10 59 31311.70000 6.65200000 1378.03000 128.05000 18.89100 77.25300
 5 2 21 11 00 31311.70000 6.65200000 1376.85000 128.04000 18.89100 77.21700
