M=[
 7 5 21 13 00 47531.50000 114.94500000 2887.70000 299.37000 41.49500 261.53700
 7 5 21 13 01 47572.70000 115.03100000 2890.00000 299.65000 41.49500 261.53700
 7 5 21 13 01 47572.70000 115.08300000 2890.41000 299.43000 41.49500 261.53700
 7 5 21 13 02 47531.40000 115.05400000 2891.00000 298.20000 41.49500 261.53700
 7 5 21 13 02 47544.90000 114.77700000 2892.52000 298.78000 41.49500 260.94900
 7 5 21 13 03 47531.40000 114.22800000 2894.07000 298.47000 41.49500 260.92100
 7 5 21 13 03 47501.90000 114.28300000 2895.48000 298.13000 41.49500 260.92100
 7 5 21 13 03 47501.90000 114.33300000 2899.28000 297.53000 41.49500 260.39900
 7 5 21 13 04 47475.50000 113.90800000 2899.73000 297.62000 41.49500 260.39900
 7 5 21 13 04 47363.60000 113.95100000 2897.83000 297.49000 41.49500 260.27100
 7 5 21 13 05 47399.70000 114.00400000 2898.49000 297.35000 41.49500 259.68500
 7 5 21 13 05 47399.40000 114.34300000 2903.74000 298.37000 41.49500 259.80900
 7 5 21 13 06 47373.60000 114.22900000 2899.28000 297.88000 41.49500 259.80900
 7 5 21 13 06 47358.40000 114.28800000 2897.01000 297.74000 41.49600 259.80800
 7 5 21 13 06 47367.10000 114.61000000 2893.67000 297.67000 41.49500 260.63000
 7 5 21 13 07 47367.90000 114.31400000 2893.95000 297.78000 41.49500 261.00500
 7 5 21 13 07 47362.40000 114.29200000 2892.04000 297.72000 41.49500 260.56100
 7 5 21 13 08 47367.90000 114.71700000 2892.13000 298.04000 41.49500 260.56100
 7 5 21 13 08 47367.90000 115.02000000 2891.27000 297.69000 41.49500 260.56100
 7 5 21 13 09 47367.90000 115.25100000 2891.80000 297.69000 41.49500 260.56100
 7 5 21 13 09 47392.00000 115.31800000 2893.51000 298.32000 41.48900 261.58600
 7 5 21 13 09 47368.00000 115.27400000 2892.21000 297.87000 41.48900 261.58600
 7 5 21 13 10 47383.60000 115.69800000 2892.56000 297.97000 41.48900 261.02300
 7 5 21 13 10 47391.90000 115.99300000 2892.46000 297.89000 41.48900 261.02300
 7 5 21 13 11 47392.00000 116.66200000 2892.54000 298.29000 41.48900 261.02300
 7 5 21 13 11 47391.90000 116.45400000 2893.00000 298.21000 41.48900 261.14400
 7 5 21 13 12 47391.90000 116.37000000 2892.41000 297.96000 41.48900 261.14400
 7 5 21 13 12 47392.00000 116.54600000 2890.00000 297.96000 41.48900 261.39600
 7 5 21 13 12 47366.10000 116.42700000 2890.00000 297.96000 41.48900 261.39600
 7 5 21 13 13 47369.50000 116.39000000 2890.00000 297.96000 41.48900 261.39600
 7 5 21 13 13 47378.40000 116.24400000 2890.00000 297.73000 41.49500 261.39600
 7 5 21 13 14 47390.00000 116.00000000 2890.00000 297.59000 41.49500 261.96200
 7 5 21 13 14 47370.20000 116.30900000 2890.00000 297.53000 41.49500 260.95800
 7 5 21 13 15 47370.90000 116.79900000 2888.67000 297.53000 41.49500 260.95800
 7 5 21 13 15 47371.00000 116.00000000 2887.04000 297.52000 41.49500 261.48900
 7 5 21 13 15 47359.00000 116.42800000 2884.08000 297.29000 41.49500 261.32600
 7 5 21 13 16 47335.20000 115.85400000 2879.01000 296.69000 41.49500 261.05100
 7 5 21 13 16 47337.40000 116.30000000 2879.99000 296.81000 41.49500 261.05100
 7 5 21 13 17 47333.10000 115.76800000 2879.99000 296.00000 41.49500 261.08500
 7 5 21 13 17 47279.70000 115.72400000 2878.38000 295.83000 41.49500 261.08500
 7 5 21 13 18 47269.40000 115.25600000 2875.63000 295.36000 41.49500 261.08500
 7 5 21 13 18 47277.40000 115.67800000 2878.28000 295.73000 41.49500 260.64700
 7 5 21 13 18 47279.90000 115.55200000 2879.80000 296.03000 41.49500 260.18000
 7 5 21 13 19 47288.00000 116.00000000 2879.99000 296.00000 41.49500 260.04900
 7 5 21 13 19 47359.00000 115.46100000 2884.17000 296.12000 41.49500 260.04900
 7 5 21 13 20 47337.90000 115.22800000 2882.05000 295.92000 41.49500 260.04900
 7 5 21 13 20 47314.00000 115.26500000 2881.61000 295.69000 41.49500 260.04900
 7 5 21 13 21 47279.30000 115.14300000 2881.62000 295.43000 41.49500 260.04900
 7 5 21 13 21 47266.20000 114.98700000 2881.62000 295.30000 41.49500 260.04900
 7 5 21 13 21 47250.00000 115.30900000 2879.82000 295.43000 41.49500 260.04900
 7 5 21 13 22 47238.40000 114.71200000 2879.65000 295.30000 41.49500 260.04900
 7 5 21 13 22 47280.00000 115.02000000 2884.20000 296.20000 41.49500 260.65700
 7 5 21 13 23 47257.00000 114.92000000 2884.75000 296.00000 41.49500 260.65700
 7 5 21 13 23 47254.90000 114.97800000 2885.09000 295.97000 41.49500 260.65700
 7 5 21 13 24 47269.40000 115.00700000 2884.54000 296.00000 41.49500 260.65700
 7 5 21 13 24 47271.80000 115.61500000 2887.36000 296.29000 41.49500 260.38000
 7 5 21 13 24 47340.20000 115.18800000 2890.00000 296.94000 41.49500 260.38000
 7 5 21 13 25 47340.50000 115.72900000 2890.00000 297.05000 41.49500 261.03700
 7 5 21 13 25 47315.30000 115.87400000 2890.00000 296.89000 41.49500 261.03700
 7 5 21 13 26 47257.50000 115.39100000 2890.00000 296.61000 41.49400 260.38000
 7 5 21 13 26 47279.20000 115.64800000 2890.00000 296.84000 41.49400 260.38000
 7 5 21 13 27 47265.90000 115.64800000 2889.99000 296.58000 41.49400 260.00000
 7 5 21 13 27 47261.80000 115.49000000 2889.99000 296.59000 41.49400 260.00000
 7 5 21 13 27 47261.70000 115.55200000 2891.37000 296.87000 41.49400 260.00000
 7 5 21 13 28 47261.80000 115.53100000 2888.40000 296.16000 41.49400 260.00000
 7 5 21 13 28 47261.80000 115.90800000 2886.76000 295.98000 41.50000 260.00000
 7 5 21 13 29 47261.80000 116.20700000 2886.76000 296.03000 41.50000 260.00000
 7 5 21 13 29 47261.80000 116.43800000 2890.82000 295.96000 41.50000 260.00000
 7 5 21 13 30 47261.80000 116.25600000 2890.81000 295.90000 41.50000 260.00000
 7 5 21 13 30 47261.80000 116.12500000 2893.75000 296.33000 41.50000 260.00000
 7 5 21 13 30 47261.80000 116.33200000 2893.75000 296.22000 41.50000 259.12600
 7 5 21 13 31 47261.80000 116.99700000 2893.67000 295.45000 41.50000 259.10000
 7 5 21 13 31 47201.10000 116.00400000 2891.74000 295.17000 41.50000 259.10000
 7 5 21 13 32 47208.40000 115.72000000 2891.17000 295.23000 41.50000 259.10000
 7 5 21 13 32 47208.70000 115.76600000 2892.56000 295.53000 41.50000 259.10000
 7 5 21 13 33 47210.10000 115.71100000 2893.75000 296.06000 41.50000 259.10000
 7 5 21 13 33 47210.10000 116.00000000 2893.74000 296.06000 41.50000 259.10000
 7 5 21 13 33 47210.10000 115.99900000 2893.95000 296.15000 41.50000 259.10000
 7 5 21 13 34 47210.10000 115.88400000 2893.95000 296.33000 41.50000 259.10000
 7 5 21 13 34 47210.00000 115.82200000 2894.24000 296.17000 41.50000 259.10000
 7 5 21 13 35 47210.00000 115.88500000 2894.55000 295.84000 41.50000 259.10000
 7 5 21 13 35 47246.50000 115.88500000 2894.87000 296.60000 41.50000 259.13000
 7 5 21 13 36 47314.60000 116.30400000 2895.00000 297.27000 41.50000 259.85200
 7 5 21 13 36 47345.20000 116.29700000 2901.99000 297.98000 41.50000 259.85200
 7 5 21 13 36 47339.20000 116.00000000 2902.00000 297.95000 41.50000 259.85200
 7 5 21 13 37 47294.90000 116.00000000 2898.73000 297.73000 41.50000 259.85200
 7 5 21 13 37 47288.70000 115.92300000 2894.88000 297.25000 41.50000 259.85200
 7 5 21 13 38 47281.60000 115.67400000 2897.86000 296.94000 41.50000 259.85200
 7 5 21 13 38 47277.30000 115.54900000 2897.80000 296.74000 41.50000 259.85200
 7 5 21 13 39 47259.50000 115.49900000 2895.45000 296.77000 41.50000 259.85200
 7 5 21 13 39 47259.20000 115.44600000 2895.45000 296.73000 41.50000 259.85200
 7 5 21 13 39 47259.20000 115.58500000 2895.45000 296.73000 41.50000 259.85200
 7 5 21 13 40 47259.20000 115.00000000 2894.84000 297.49000 41.50000 259.12400
 7 5 21 13 40 47327.10000 114.74900000 2895.45000 297.89000 41.50000 259.12400
 7 5 21 13 41 47327.20000 115.33100000 2893.81000 298.01000 41.50000 259.12400
 7 5 21 13 41 47327.20000 114.77700000 2893.88000 297.46000 41.50100 259.12400
 7 5 21 13 42 47327.10000 114.72500000 2893.83000 297.13000 41.50100 259.12400
 7 5 21 13 42 47327.10000 115.17300000 2893.88000 297.27000 41.50100 259.57700
 7 5 21 13 42 47327.10000 115.08800000 2893.89000 297.31000 41.50100 259.57700
 7 5 21 13 43 47322.10000 115.03400000 2896.81000 297.65000 41.50100 259.57700
 7 5 21 13 43 47322.10000 114.94400000 2898.67000 297.57000 41.65100 259.57700
