M=[
21 1 21 10 56 27123.30000 6.19000000 1031.00000 112.30000 18.73100 74.49600
21 1 21 10 56 27132.70000 6.19000000 1032.10000 112.46000 18.73100 74.49600
21 1 21 10 57 27113.20000 6.19000000 1030.01000 112.41000 18.73100 74.49600
21 1 21 10 57 27109.70000 6.19000000 1030.42000 112.23000 18.73100 74.49600
21 1 21 10 57 27085.40000 6.19000000 1029.46000 112.28000 18.73100 74.29500
21 1 21 10 58 27084.60000 6.19000000 1029.47000 112.11000 18.73100 74.35300
21 1 21 10 58 27091.80000 6.19000000 1029.94000 112.26000 18.73100 74.35300
21 1 21 10 59 27081.00000 6.19000000 1028.58000 112.16000 18.73100 74.35300
21 1 21 10 59 27079.20000 6.19000000 1029.11000 112.16000 18.73100 74.35300
21 1 21 11 00 27079.10000 6.19000000 1030.00000 112.16000 18.73100 74.61900
21 1 21 11 00 26961.00000 6.19000000 1026.66000 111.85000 18.73100 74.33200
21 1 21 11 00 26900.00000 6.15000000 1024.71000 111.55000 18.44400 74.33200
21 1 21 11 01 26861.00000 6.15000000 1023.75000 111.49000 18.44400 74.33200
21 1 21 11 01 26844.20000 6.15000000 1022.92000 111.49000 18.40000 74.33200
21 1 21 11 02 26823.20000 6.15000000 1022.42000 111.49000 18.72000 74.01700
21 1 21 11 02 26884.90000 6.15000000 1025.52000 111.69000 18.48000 74.01700
21 1 21 11 03 26857.00000 6.15000000 1025.86000 111.59000 18.61800 74.01700
21 1 21 11 03 26889.20000 6.15000000 1025.37000 111.58000 18.61800 74.01700
21 1 21 11 03 26940.90000 6.15000000 1028.95000 111.87000 18.49700 74.01700
21 1 21 11 04 27035.00000 6.15000000 1032.45000 112.09000 18.51500 74.53000
21 1 21 11 04 26978.80000 6.15000000 1030.78000 111.88000 18.51500 74.53000
21 1 21 11 05 27001.90000 6.15000000 1030.77000 112.19000 18.45600 74.53000
21 1 21 11 05 27100.00000 6.15000000 1034.91000 112.99000 18.45600 74.67000
21 1 21 11 06 27120.30000 6.19500000 1034.02000 113.11000 18.45600 74.91700
21 1 21 11 06 27139.70000 6.18600000 1035.32000 113.11000 18.53300 75.02500
21 1 21 11 06 27180.20000 6.18600000 1035.58000 113.17000 18.53300 75.02500
21 1 21 11 07 27150.10000 6.18600000 1036.01000 113.13000 18.55100 75.02500
21 1 21 11 07 27179.90000 6.18600000 1036.57000 113.08000 18.55100 75.02500
21 1 21 11 08 27160.80000 6.18600000 1035.05000 113.10000 18.55100 75.02500
21 1 21 11 08 27170.10000 6.18600000 1035.41000 113.04000 18.55100 74.54200
21 1 21 11 09 27153.60000 6.18600000 1035.17000 113.02000 18.55100 74.54200
21 1 21 11 09 27124.70000 6.18600000 1035.44000 113.01000 18.55100 74.54200
21 1 21 11 09 27121.40000 6.18600000 1034.09000 113.03000 18.55100 74.54200
21 1 21 11 10 27050.40000 6.18600000 1032.86000 113.03000 18.55100 74.54200
21 1 21 11 10 27046.30000 6.18600000 1033.89000 112.83000 18.55100 74.33100
21 1 21 11 11 27008.00000 6.18600000 1031.80000 113.00000 18.55100 74.33100
21 1 21 11 11 27101.60000 6.18600000 1034.75000 113.10000 18.70400 74.33100
21 1 21 11 12 27127.30000 6.18600000 1034.99000 113.30000 18.70400 74.51400
21 1 21 11 12 27109.10000 6.19100000 1035.42000 113.33000 18.70400 74.51400
21 1 21 11 12 27028.40000 6.19100000 1032.67000 113.33000 18.70400 74.51400
21 1 21 11 13 27088.80000 6.19100000 1033.62000 113.24000 18.70400 74.51400
21 1 21 11 13 27030.20000 6.19100000 1033.62000 113.24000 18.70400 74.51400
21 1 21 11 14 27007.20000 6.19100000 1033.50000 113.17000 18.70400 74.24400
21 1 21 11 14 26969.10000 6.19100000 1032.67000 112.96000 18.70400 74.24400
21 1 21 11 15 26980.00000 6.19100000 1032.72000 112.96000 18.70400 74.24400
21 1 21 11 15 26927.10000 6.19100000 1031.01000 112.87000 18.70400 74.24400
21 1 21 11 15 26881.30000 6.19100000 1029.63000 112.54000 18.70400 74.03800
21 1 21 11 16 26936.10000 6.19100000 1030.50000 112.91000 18.70400 74.03800
21 1 21 11 16 26923.40000 6.19100000 1029.47000 112.63000 18.70400 74.03800
21 1 21 11 17 26887.20000 6.19100000 1028.66000 112.81000 18.70400 74.21900
21 1 21 11 17 26885.00000 6.19100000 1029.00000 112.81000 18.70400 74.21900
21 1 21 11 18 26915.90000 6.19100000 1028.94000 112.81000 18.70400 73.90800
21 1 21 11 18 26960.30000 6.19100000 1028.98000 112.78000 18.60000 74.21900
21 1 21 11 18 27025.50000 6.19100000 1032.42000 113.00000 18.60000 74.21900
21 1 21 11 19 27056.00000 6.19100000 1034.32000 113.17000 18.60000 74.21900
21 1 21 11 19 27001.50000 6.19100000 1032.83000 113.17000 18.60500 74.21900
21 1 21 11 20 27022.70000 6.19100000 1033.55000 113.19000 18.60500 74.09900
21 1 21 11 20 26992.60000 6.19100000 1032.14000 112.98000 18.60500 74.09900
21 1 21 11 21 26926.20000 6.19100000 1031.17000 112.77000 18.60500 74.09900
21 1 21 11 21 26919.20000 6.19100000 1029.84000 112.52000 18.60500 74.09900
21 1 21 11 21 26914.10000 6.19100000 1031.18000 112.54000 18.60500 74.09900
21 1 21 11 22 26904.70000 6.19100000 1030.49000 112.39000 18.75300 74.09900
21 1 21 11 22 26880.40000 6.19100000 1029.47000 112.19000 18.54700 74.09900
21 1 21 11 23 26880.30000 6.19100000 1030.32000 112.18000 18.54800 73.88400
21 1 21 11 23 26867.10000 6.19100000 1028.81000 112.18000 18.61800 73.88400
21 1 21 11 24 26878.10000 6.10600000 1030.38000 112.22000 18.45800 73.67600
21 1 21 11 24 26899.00000 6.10600000 1031.44000 112.22000 18.61800 73.67600
21 1 21 11 24 26889.70000 6.10600000 1032.50000 112.45000 18.61800 73.67600
21 1 21 11 25 26827.10000 6.10600000 1028.42000 112.19000 18.61800 73.67600
21 1 21 11 25 26716.00000 6.09500000 1025.29000 111.99000 18.61800 73.67600
21 1 21 11 26 26720.10000 6.09500000 1026.08000 111.98000 18.45900 73.58900
21 1 21 11 26 26737.30000 6.09500000 1025.94000 111.98000 18.45900 73.58900
21 1 21 11 27 26750.10000 6.09500000 1025.99000 111.98000 18.45900 73.51600
21 1 21 11 27 26799.90000 6.09500000 1026.00000 111.96000 18.45900 73.51600
21 1 21 11 27 26831.50000 6.09500000 1026.11000 112.12000 18.45900 73.51600
21 1 21 11 28 26786.80000 6.09500000 1025.93000 112.00000 18.45900 73.51600
21 1 21 11 28 26819.30000 6.09500000 1025.27000 112.00000 18.59700 73.51600
21 1 21 11 29 26802.70000 6.09500000 1024.15000 112.00000 18.59700 73.51600
21 1 21 11 29 26783.30000 6.09500000 1023.30000 111.70000 18.60800 73.51600
21 1 21 11 30 26781.20000 6.11700000 1023.32000 111.64000 18.60800 73.51600
21 1 21 11 30 26740.80000 6.11700000 1023.27000 111.54000 18.60800 73.51600
21 1 21 11 30 26661.20000 6.11700000 1020.28000 111.37000 18.60800 73.34500
21 1 21 11 31 26692.50000 6.11700000 1021.80000 111.33000 18.60800 73.34500
21 1 21 11 31 26666.70000 6.11700000 1019.96000 111.21000 18.60800 73.51800
21 1 21 11 32 26750.00000 6.11700000 1023.68000 111.75000 18.60800 73.56000
21 1 21 11 32 26796.70000 6.11700000 1025.68000 111.65000 18.60800 73.80600
21 1 21 11 33 26812.50000 6.11700000 1025.51000 111.78000 18.60800 73.80600
21 1 21 11 33 26800.00000 6.11700000 1024.90000 111.61000 18.60800 73.80600
21 1 21 11 33 26820.20000 6.11700000 1024.04000 111.52000 18.60800 73.86400
21 1 21 11 34 26823.60000 6.11700000 1025.05000 111.50000 18.60800 73.83700
21 1 21 11 34 26830.00000 6.11700000 1025.06000 111.50000 18.60800 73.83700
21 1 21 11 35 26897.40000 6.11700000 1026.72000 111.51000 18.60800 74.25200
21 1 21 11 35 26877.00000 6.11700000 1024.86000 111.51000 18.60800 74.25200
21 1 21 11 36 26864.50000 6.11700000 1025.94000 111.54000 18.60800 74.32000
21 1 21 11 36 26840.90000 6.11700000 1024.78000 111.51000 18.60800 74.53600
21 1 21 11 36 26822.10000 6.11700000 1024.00000 111.45000 18.60800 74.53600
21 1 21 11 37 26812.60000 6.11700000 1023.19000 111.45000 18.60800 74.53600
21 1 21 11 37 26800.00000 6.11700000 1024.39000 111.45000 18.60800 74.25000
21 1 21 11 38 26809.00000 6.11700000 1023.56000 111.41000 18.60800 74.25000
21 1 21 11 38 26878.50000 6.11700000 1026.06000 111.41000 18.60800 74.25000
21 1 21 11 39 26862.00000 6.11700000 1025.72000 111.79000 18.60800 74.68800
21 1 21 11 39 26892.40000 6.11700000 1026.47000 111.79000 18.60800 74.85900
21 1 21 11 39 26903.70000 6.11700000 1027.21000 111.68000 18.13200 74.88700
21 1 21 11 40 26892.40000 6.11700000 1027.46000 111.70000 18.13200 74.85100
21 1 21 11 40 26822.50000 6.11700000 1025.54000 111.51000 18.13200 74.85100
