M=[
12 4 21 12 49 50762.20000 16.73100000 1808.23000 211.47000 40.26900 185.80700
12 4 21 12 49 50762.10000 16.71400000 1808.13000 211.47000 40.26900 185.80700
12 4 21 12 49 50759.30000 16.71400000 1808.42000 211.60000 40.26900 185.80700
12 4 21 12 50 50722.60000 16.71400000 1807.28000 211.24000 40.26900 185.80700
12 4 21 12 50 50725.20000 16.71400000 1807.13000 211.26000 40.26900 185.80700
12 4 21 12 51 50713.70000 16.71400000 1806.84000 211.26000 40.26900 185.80700
12 4 21 12 51 50701.60000 16.71400000 1806.66000 211.13000 40.26900 185.80700
12 4 21 12 52 50696.70000 16.71400000 1806.64000 211.13000 40.26900 185.80700
12 4 21 12 52 50693.20000 16.71400000 1806.64000 211.12000 40.26900 185.80700
12 4 21 12 52 50679.20000 16.71400000 1806.63000 211.00000 40.26900 185.80700
12 4 21 12 53 50671.40000 16.71400000 1806.34000 211.01000 40.26900 185.80700
12 4 21 12 53 50722.00000 16.71400000 1807.76000 211.00000 40.26900 185.80700
12 4 21 12 54 50722.00000 16.71400000 1807.76000 211.00000 40.26900 185.80800
12 4 21 12 54 50704.30000 16.71400000 1807.75000 211.00000 40.26900 185.80800
12 4 21 12 55 50724.90000 16.71400000 1807.76000 211.00000 40.26900 185.80800
12 4 21 12 55 50725.00000 16.71400000 1807.76000 211.45000 40.26900 185.80800
12 4 21 12 55 50725.00000 16.71400000 1807.76000 211.45000 40.26900 185.80800
12 4 21 12 56 50735.90000 16.71400000 1807.75000 211.46000 40.26900 185.80800
12 4 21 12 56 50743.40000 16.71400000 1807.76000 211.46000 40.26900 185.80800
12 4 21 12 57 50746.50000 16.71400000 1807.99000 211.61000 40.26900 185.80800
12 4 21 12 57 50752.20000 16.71400000 1807.99000 211.40000 40.26900 185.80800
12 4 21 12 58 50752.50000 16.71400000 1808.87000 211.40000 40.26900 185.80800
12 4 21 12 58 50750.00000 16.71400000 1808.38000 211.09000 40.26900 185.39200
12 4 21 12 58 50750.10000 16.71400000 1808.27000 211.02000 40.26900 185.39200
12 4 21 12 59 50742.30000 16.71400000 1808.85000 211.18000 40.26900 185.39200
12 4 21 12 59 50744.40000 16.71400000 1808.86000 211.18000 40.57500 185.39200
12 4 21 13 00 50750.00000 16.71400000 1809.56000 211.38000 40.57500 185.39200
12 4 21 13 00 50750.00000 16.71400000 1809.01000 211.43000 40.57500 185.39200
12 4 21 13 01 50749.00000 16.71400000 1809.01000 211.28000 40.57500 185.39200
12 4 21 13 01 50725.10000 16.73900000 1806.82000 211.13000 40.57500 185.40200
12 4 21 13 01 50725.00000 16.73900000 1806.82000 211.08000 40.57500 185.40200
12 4 21 13 02 50725.10000 16.73900000 1806.74000 211.31000 40.57500 185.21000
12 4 21 13 02 50725.10000 16.71500000 1808.21000 211.42000 40.35000 185.28900
12 4 21 13 03 50738.20000 16.71500000 1808.21000 211.72000 40.32700 185.28900
12 4 21 13 03 50735.10000 16.71500000 1808.22000 211.72000 40.32700 185.28900
12 4 21 13 04 50735.10000 16.71500000 1808.26000 211.72000 40.32700 185.28900
12 4 21 13 04 50749.10000 16.71500000 1809.45000 212.47000 40.32700 185.28900
12 4 21 13 04 50749.20000 16.71500000 1808.78000 212.15000 40.32700 185.28900
12 4 21 13 05 50735.10000 16.71500000 1809.18000 212.24000 40.32700 185.28900
12 4 21 13 05 50735.10000 16.71500000 1809.43000 212.55000 40.52900 185.28900
12 4 21 13 06 50735.10000 16.71500000 1808.97000 212.64000 40.52900 185.28900
12 4 21 13 06 50740.80000 16.71500000 1809.84000 212.47000 40.52900 185.28900
12 4 21 13 07 50749.20000 16.71500000 1810.00000 212.47000 40.52900 185.28900
12 4 21 13 07 50749.20000 16.71500000 1810.27000 212.49000 40.52900 185.28900
12 4 21 13 07 50749.20000 16.71500000 1811.54000 212.49000 40.50000 185.28900
12 4 21 13 08 50749.90000 16.71500000 1811.79000 212.49000 40.50000 185.28900
12 4 21 13 08 50750.00000 16.71500000 1811.04000 212.51000 40.50000 185.28900
12 4 21 13 09 50747.20000 16.71500000 1810.01000 212.51000 40.50000 185.28900
12 4 21 13 09 50739.20000 16.74300000 1810.01000 212.52000 40.50000 185.28900
12 4 21 13 10 50749.00000 16.74300000 1810.25000 212.52000 40.50000 185.28900
12 4 21 13 10 50750.00000 16.74300000 1810.45000 212.52000 40.50000 185.28900
12 4 21 13 10 50757.90000 16.74300000 1810.65000 212.37000 40.50000 185.19000
12 4 21 13 11 50769.20000 16.74300000 1810.39000 212.29000 40.50000 185.16000
12 4 21 13 11 50777.80000 16.74300000 1810.95000 212.31000 40.36200 185.16000
12 4 21 13 12 50781.00000 16.74300000 1810.89000 212.31000 40.36200 185.16300
12 4 21 13 12 50781.00000 16.74300000 1810.94000 212.31000 40.36200 185.16300
12 4 21 13 13 50781.00000 16.74300000 1810.95000 212.60000 40.36200 185.16300
12 4 21 13 13 50785.70000 16.74300000 1811.30000 213.04000 40.36200 185.16300
12 4 21 13 13 50789.10000 16.74300000 1811.30000 213.79000 40.36200 185.16300
12 4 21 13 14 50789.20000 16.74300000 1811.31000 213.70000 40.36200 185.16300
12 4 21 13 14 50789.20000 16.74300000 1812.00000 213.49000 40.36200 185.16300
12 4 21 13 15 50829.20000 16.75600000 1813.99000 213.49000 40.36200 185.16300
12 4 21 13 15 50833.40000 16.75600000 1813.57000 213.34000 40.36200 185.16300
12 4 21 13 15 50833.40000 16.75600000 1813.73000 213.05000 40.36200 184.97400
12 4 21 13 16 50833.40000 16.71800000 1813.74000 212.75000 40.36200 184.98900
12 4 21 13 16 50800.10000 16.71800000 1813.74000 212.80000 40.36200 184.98900
12 4 21 13 17 50767.70000 16.71800000 1812.17000 212.60000 40.36200 184.98900
12 4 21 13 17 50753.10000 16.71800000 1811.86000 212.60000 40.36200 184.98900
12 4 21 13 18 50736.40000 16.72400000 1811.82000 212.47000 40.36200 184.54100
12 4 21 13 18 50725.10000 16.72400000 1810.07000 212.47000 40.36200 184.54100
12 4 21 13 18 50725.10000 16.72400000 1810.08000 212.28000 40.36200 184.54100
12 4 21 13 19 50725.10000 16.72400000 1810.01000 212.28000 40.36200 184.54100
12 4 21 13 19 50725.00000 16.72400000 1810.03000 212.28000 40.36200 184.54100
12 4 21 13 20 50725.10000 16.72400000 1810.66000 212.28000 40.36200 184.24100
12 4 21 13 20 50733.40000 16.72400000 1810.42000 212.28000 40.36200 184.24100
12 4 21 13 21 50725.20000 16.72400000 1810.01000 212.37000 40.36200 184.24100
12 4 21 13 21 50725.30000 16.72400000 1810.00000 212.37000 40.36200 184.24100
12 4 21 13 21 50722.10000 16.72000000 1810.38000 212.26000 40.36200 184.24100
12 4 21 13 22 50716.40000 16.72000000 1810.02000 212.36000 40.36200 184.24100
12 4 21 13 22 50684.40000 16.72000000 1810.03000 212.64000 40.36200 184.24100
12 4 21 13 23 50689.10000 16.68100000 1809.09000 212.64000 40.36200 184.24100
12 4 21 13 23 50718.00000 16.68100000 1810.44000 212.64000 40.36200 184.24100
12 4 21 13 24 50719.60000 16.69200000 1809.88000 213.06000 40.36200 184.24100
12 4 21 13 24 50693.70000 16.69200000 1809.16000 212.71000 40.36200 184.24100
12 4 21 13 24 50692.90000 16.69200000 1808.77000 212.50000 40.36200 184.24100
12 4 21 13 25 50692.90000 16.69200000 1808.75000 212.50000 40.36200 184.24100
12 4 21 13 25 50692.90000 16.69200000 1808.50000 212.50000 40.36200 184.52000
12 4 21 13 26 50692.80000 16.69200000 1808.50000 212.08000 40.36200 184.52000
12 4 21 13 26 50692.90000 16.69200000 1808.49000 212.08000 40.36200 184.52000
12 4 21 13 27 50692.90000 16.69200000 1808.49000 212.17000 40.35000 184.52000
12 4 21 13 27 50692.90000 16.69200000 1808.49000 212.01000 40.35000 184.57600
12 4 21 13 27 50692.90000 16.69200000 1808.50000 212.01000 40.35000 184.57600
12 4 21 13 28 50662.20000 16.69200000 1806.59000 212.01000 40.35000 184.57600
12 4 21 13 28 50662.20000 16.69200000 1807.86000 211.95000 40.35000 184.57600
12 4 21 13 29 50692.90000 16.69200000 1807.91000 212.06000 40.35000 184.57600
12 4 21 13 29 50708.20000 16.69200000 1808.42000 212.30000 40.35000 184.39700
12 4 21 13 30 50724.50000 16.69200000 1808.54000 212.33000 40.35000 184.66900
12 4 21 13 30 50734.90000 16.69200000 1809.62000 212.33000 40.35000 184.66900
12 4 21 13 30 50724.50000 16.69200000 1808.90000 212.63000 40.35000 184.66900
12 4 21 13 31 50743.50000 16.69200000 1809.96000 212.63000 40.35000 184.66900
12 4 21 13 31 50775.60000 16.69200000 1810.00000 212.63000 40.35000 184.66900
12 4 21 13 32 50775.60000 16.69200000 1810.00000 212.95000 40.35000 184.66900
