M=[
30 5 21 11 36 29497.80000 54.28600000 1975.70000 144.66000 22.99300 126.75600
30 5 21 11 37 29545.90000 54.28600000 1975.70000 144.66000 22.99300 126.75600
30 5 21 11 37 29585.70000 54.28600000 1982.93000 145.10000 22.99300 126.75600
30 5 21 11 38 29602.50000 54.28600000 1983.49000 145.10000 22.99300 126.75600
30 5 21 11 38 29604.00000 54.28600000 1985.64000 145.10000 22.99300 126.75600
30 5 21 11 38 29604.10000 54.28600000 1986.16000 145.39000 22.99300 126.75600
30 5 21 11 39 29598.60000 54.28600000 1986.30000 145.39000 22.99300 126.75600
30 5 21 11 39 29719.70000 55.17800000 1991.07000 145.39000 22.99300 126.75600
30 5 21 11 40 29721.20000 55.19000000 1992.48000 145.69000 22.99300 128.66600
30 5 21 11 40 29732.70000 55.19000000 1993.01000 145.67000 22.99300 128.66600
30 5 21 11 41 29665.60000 55.19000000 1989.74000 145.52000 22.99300 128.33400
30 5 21 11 41 29678.90000 55.19000000 1990.17000 145.33000 22.99300 128.33400
30 5 21 11 41 29658.40000 55.19000000 1987.38000 145.20000 22.99300 128.33400
30 5 21 11 42 29640.00000 54.97600000 1985.69000 145.24000 22.99300 128.33400
30 5 21 11 42 29640.10000 54.97600000 1984.66000 144.97000 22.99300 128.33400
30 5 21 11 43 29657.30000 54.98000000 1990.28000 145.21000 22.99300 128.33400
30 5 21 11 43 29655.40000 54.98000000 1990.28000 145.29000 22.99400 128.33400
30 5 21 11 44 29640.00000 54.98000000 1987.98000 145.28000 22.99400 128.33400
30 5 21 11 44 29660.90000 54.98000000 1987.98000 145.51000 22.99400 128.33400
30 5 21 11 44 29666.60000 54.98000000 1989.99000 145.51000 22.99400 128.33400
30 5 21 11 45 29650.00000 54.98000000 1987.41000 145.49000 22.99400 128.33400
30 5 21 11 45 29650.00000 54.98000000 1987.41000 145.49000 22.99400 128.33400
30 5 21 11 46 29640.10000 54.98000000 1987.51000 145.49000 22.99400 128.33400
30 5 21 11 46 29640.10000 54.98000000 1986.28000 145.49000 22.99400 128.33400
30 5 21 11 47 29640.00000 54.98000000 1986.76000 145.49000 22.99400 128.33400
30 5 21 11 47 29674.60000 54.98000000 1992.77000 145.61000 22.99400 128.33400
30 5 21 11 47 29655.50000 54.98000000 1990.70000 145.79000 22.99400 128.33400
30 5 21 11 48 29652.60000 54.98000000 1991.36000 145.77000 22.99400 128.33400
30 5 21 11 48 29643.40000 54.98000000 1991.87000 145.78000 22.99400 128.33400
30 5 21 11 49 29644.80000 54.98000000 1990.95000 145.74000 22.99400 128.33400
30 5 21 11 49 29644.80000 54.98000000 1991.73000 145.85000 22.99400 128.33400
30 5 21 11 50 29644.80000 54.98000000 1992.00000 145.88000 22.99400 128.33400
30 5 21 11 50 29700.00000 55.00000000 1998.63000 146.12000 22.99400 128.33400
30 5 21 11 50 29699.70000 55.00000000 2000.38000 146.33000 22.99400 128.33400
30 5 21 11 51 29739.40000 55.27400000 2002.73000 146.87000 22.99400 128.33400
30 5 21 11 51 29947.50000 55.80100000 2013.30000 147.76000 22.99400 129.25100
30 5 21 11 52 29885.90000 55.69700000 2010.00000 147.87000 22.99400 129.76600
30 5 21 11 52 29906.90000 55.83800000 2013.73000 148.01000 22.99400 130.24700
30 5 21 11 53 29849.20000 55.80600000 2014.84000 148.01000 22.99400 130.48200
30 5 21 11 53 29882.40000 55.79200000 2013.88000 148.21000 22.99400 130.38800
30 5 21 11 53 29900.00000 55.77400000 2015.44000 148.24000 22.99400 130.54400
30 5 21 11 54 29867.70000 55.74400000 2010.94000 148.01000 22.99400 130.62200
30 5 21 11 54 29846.30000 55.67400000 2010.49000 148.05000 22.99400 130.62200
30 5 21 11 55 29774.90000 55.58100000 2008.61000 147.85000 22.99400 130.62200
30 5 21 11 55 29798.60000 55.58100000 2007.39000 147.71000 22.99400 130.62200
30 5 21 11 56 29810.10000 55.67700000 2008.61000 147.79000 22.99400 130.62200
30 5 21 11 56 29824.00000 55.67700000 2012.93000 147.66000 22.99400 130.62200
30 5 21 11 56 29820.40000 55.67700000 2012.93000 147.57000 22.99400 130.62200
30 5 21 11 57 29798.60000 55.67700000 2010.01000 147.57000 22.99400 130.62200
30 5 21 11 57 29797.90000 55.67700000 2012.61000 147.25000 22.99400 130.62200
30 5 21 11 58 29875.80000 55.67700000 2016.01000 147.63000 22.99400 129.92900
30 5 21 11 58 29875.60000 55.67700000 2016.70000 147.74000 22.99400 129.92900
30 5 21 11 59 29881.50000 55.67700000 2023.57000 147.74000 22.99400 129.92900
30 5 21 11 59 29900.00000 55.81500000 2024.99000 147.92000 22.99400 129.92900
30 5 21 11 59 29950.10000 55.81500000 2024.67000 148.52000 22.99400 129.92900
30 5 21 12 00 29990.20000 55.91000000 2029.47000 148.81000 22.99400 129.92900
30 5 21 12 00 29986.30000 56.09200000 2026.00000 148.53000 22.99400 130.59700
30 5 21 12 01 29875.40000 56.09200000 2019.03000 147.97000 22.99400 130.59700
30 5 21 12 01 29860.70000 56.09200000 2016.58000 147.86000 22.99400 130.59700
30 5 21 12 02 29834.60000 56.09200000 2017.39000 147.86000 22.99400 130.59700
30 5 21 12 02 29871.90000 56.09200000 2016.96000 148.14000 22.99400 130.59700
30 5 21 12 02 29870.80000 56.09200000 2014.43000 148.14000 22.99400 130.59700
30 5 21 12 03 29818.50000 55.63400000 2013.27000 148.14000 22.99400 130.59700
30 5 21 12 03 29811.00000 55.51600000 2012.93000 147.63000 22.99400 130.59700
30 5 21 12 04 29827.80000 55.52700000 2015.11000 147.71000 22.99400 130.59700
30 5 21 12 04 29811.10000 55.52700000 2015.11000 147.71000 22.99400 130.59700
30 5 21 12 05 29775.00000 55.28500000 2011.80000 147.71000 22.99400 130.59700
30 5 21 12 05 29737.80000 55.28500000 2004.49000 147.07000 22.99400 130.59700
30 5 21 12 05 29769.20000 55.28500000 2008.47000 147.13000 22.99400 130.59700
30 5 21 12 06 29731.80000 55.28500000 2008.13000 147.16000 22.99400 130.59700
30 5 21 12 06 29763.20000 55.28500000 2008.36000 147.14000 22.99400 130.59700
30 5 21 12 07 29756.50000 55.28500000 2007.23000 147.13000 22.99400 130.59700
30 5 21 12 07 29724.90000 55.28500000 2006.90000 146.80000 22.99400 130.59700
30 5 21 12 08 29721.30000 55.28500000 2003.99000 146.66000 22.99400 130.59700
30 5 21 12 08 29676.60000 55.28500000 2005.99000 146.66000 22.99400 130.59700
30 5 21 12 08 29677.40000 55.27200000 2005.05000 146.89000 22.99400 128.92800
30 5 21 12 09 29677.60000 55.27200000 2005.34000 146.81000 22.99400 128.92800
30 5 21 12 09 29694.00000 55.27200000 2004.33000 146.84000 22.99400 128.92800
30 5 21 12 10 29695.20000 55.27200000 2004.33000 146.83000 22.99400 128.92800
30 5 21 12 10 29695.20000 55.27200000 2002.27000 146.83000 22.99400 128.92800
30 5 21 12 11 29682.70000 55.27200000 2002.18000 146.41000 22.99400 128.92800
30 5 21 12 11 29677.00000 55.27200000 2002.35000 146.41000 22.99400 128.92800
30 5 21 12 12 29677.00000 55.27200000 2002.35000 146.45000 22.99400 128.92800
30 5 21 12 12 29680.60000 55.27200000 2003.12000 146.44000 22.99400 128.71400
30 5 21 12 12 29695.20000 55.27200000 2004.90000 146.43000 22.99400 128.71400
30 5 21 12 13 29698.30000 55.27200000 2007.48000 146.89000 22.99400 128.71400
30 5 21 12 13 29713.90000 55.27200000 2008.19000 146.79000 22.99400 128.71400
30 5 21 12 14 29715.40000 55.27200000 2007.74000 146.79000 22.99400 129.12800
30 5 21 12 14 29701.30000 55.27200000 2007.86000 146.74000 22.99400 129.12800
30 5 21 12 15 29719.90000 55.27200000 2007.86000 146.72000 22.99400 129.12800
30 5 21 12 15 29704.50000 55.27200000 2006.05000 146.81000 22.99400 129.12800
30 5 21 12 15 29692.40000 55.27200000 2004.07000 146.68000 22.99400 129.12800
30 5 21 12 16 29676.70000 55.31300000 2002.48000 146.68000 22.99400 129.12800
30 5 21 12 16 29632.70000 55.31300000 2002.35000 146.12000 22.99400 129.12800
30 5 21 12 17 29633.60000 55.31300000 2000.58000 146.12000 22.99400 129.12800
30 5 21 12 17 29636.90000 55.31300000 1999.58000 146.26000 22.99400 129.12800
30 5 21 12 18 29632.70000 55.31300000 1999.07000 146.16000 22.99400 129.12800
30 5 21 12 18 29571.50000 55.16900000 1995.31000 145.94000 22.99400 129.12800
30 5 21 12 18 29561.70000 55.16900000 1996.86000 145.53000 22.99400 129.12800
30 5 21 12 19 29578.80000 55.16900000 1998.15000 145.53000 22.99400 129.12800
30 5 21 12 19 29578.00000 55.16900000 1999.00000 145.55000 22.99400 129.12800
30 5 21 12 20 29571.70000 55.16900000 1994.73000 145.55000 22.99400 129.12800
