M=[
13 6 21 14 39 29619.00000 44.90000000 1935.21000 132.20000 19.70300 100.84300
13 6 21 14 39 29590.30000 44.90000000 1935.90000 132.20000 19.70300 100.84300
13 6 21 14 40 29590.40000 44.90000000 1935.54000 131.86000 19.70300 100.84300
13 6 21 14 40 29590.30000 44.90000000 1935.54000 131.95000 19.70300 100.84300
13 6 21 14 41 29598.90000 44.90000000 1935.31000 131.99000 19.70300 100.84300
13 6 21 14 41 29642.10000 44.90000000 1937.57000 132.04000 19.70300 100.84300
13 6 21 14 42 29655.00000 44.90000000 1937.80000 132.12000 19.70300 100.84300
13 6 21 14 42 29678.30000 44.90000000 1939.97000 132.12000 19.70300 100.84300
13 6 21 14 42 29679.60000 44.90000000 1938.38000 132.12000 19.70300 100.84300
13 6 21 14 43 29687.00000 44.90000000 1938.94000 132.12000 19.70300 100.84300
13 6 21 14 43 29680.80000 44.90000000 1938.94000 132.18000 19.70300 100.84300
13 6 21 14 44 29661.10000 44.90000000 1937.88000 132.18000 19.70300 100.84300
13 6 21 14 44 29657.70000 44.90000000 1937.73000 132.18000 19.70300 100.84300
13 6 21 14 45 29660.50000 44.90000000 1937.75000 132.18000 19.70300 100.84300
13 6 21 14 45 29660.50000 44.90000000 1938.80000 132.18000 19.70300 100.84300
13 6 21 14 45 29683.00000 44.90000000 1938.80000 132.18000 19.70300 100.84300
13 6 21 14 46 29683.90000 44.90000000 1941.31000 132.18000 19.70300 100.84300
13 6 21 14 46 29704.50000 44.90000000 1940.27000 132.18000 19.70300 100.84300
13 6 21 14 47 29697.50000 44.90000000 1940.25000 132.18000 19.70300 100.84300
13 6 21 14 47 29695.10000 44.90000000 1940.11000 132.37000 19.70300 100.84300
13 6 21 14 48 29684.20000 44.90000000 1940.09000 132.25000 19.70300 100.84300
13 6 21 14 48 29685.80000 44.90000000 1940.38000 132.25000 19.70300 100.84300
13 6 21 14 48 29685.80000 44.90000000 1940.38000 132.25000 19.70300 100.84300
13 6 21 14 49 29685.70000 44.90000000 1940.38000 132.25000 19.70300 100.84300
13 6 21 14 49 29685.80000 44.90000000 1940.10000 132.21000 19.70300 100.84300
13 6 21 14 50 29685.70000 44.90000000 1940.09000 132.09000 19.70300 100.84300
13 6 21 14 50 29685.70000 44.90000000 1938.24000 132.09000 19.70300 100.84300
13 6 21 14 51 29685.80000 44.90000000 1938.42000 132.09000 19.70300 100.84300
13 6 21 14 51 29685.70000 44.90000000 1937.35000 132.09000 19.70300 100.84300
13 6 21 14 51 29685.80000 44.90000000 1937.29000 132.09000 19.70300 100.84300
13 6 21 14 52 29685.80000 44.90000000 1936.22000 131.98000 19.70300 100.84300
13 6 21 14 52 29681.20000 44.85200000 1936.53000 131.98000 19.71200 100.84300
13 6 21 14 53 29676.80000 44.85200000 1937.37000 131.89000 19.71200 100.84300
13 6 21 14 53 29681.00000 44.85200000 1937.19000 131.89000 19.71200 100.84300
13 6 21 14 54 29669.90000 44.85200000 1937.19000 131.92000 19.71200 100.70800
13 6 21 14 54 29661.30000 44.85200000 1936.21000 131.92000 19.71200 100.70800
13 6 21 14 54 29661.30000 44.85200000 1936.21000 131.92000 19.71200 100.70800
13 6 21 14 55 29656.40000 44.85200000 1936.21000 131.92000 19.71200 100.70800
13 6 21 14 55 29639.60000 44.85200000 1936.21000 131.92000 19.71200 100.70800
13 6 21 14 56 29642.80000 44.85200000 1935.07000 131.95000 19.71200 100.70800
13 6 21 14 56 29643.00000 44.85200000 1935.07000 131.95000 19.71200 100.70800
13 6 21 14 57 29643.00000 44.85200000 1936.62000 131.95000 19.71200 100.70800
13 6 21 14 57 29664.20000 44.85200000 1937.09000 131.95000 19.71200 100.70800
13 6 21 14 57 29659.60000 44.85200000 1937.09000 131.95000 19.71200 100.70800
13 6 21 14 58 29635.70000 44.85200000 1936.30000 131.88000 19.71200 100.70800
13 6 21 14 58 29608.70000 44.85200000 1936.29000 131.88000 19.71200 100.70800
13 6 21 14 59 29620.50000 44.85200000 1935.41000 131.88000 19.71200 100.70800
13 6 21 14 59 29608.10000 44.85200000 1932.75000 131.88000 19.71200 100.70800
13 6 21 15 00 29608.20000 44.85200000 1932.75000 131.88000 19.71200 100.70800
13 6 21 15 00 29591.50000 44.85200000 1932.26000 131.62000 19.70300 100.17700
13 6 21 15 00 29656.80000 44.85200000 1933.20000 131.99000 19.70300 100.17700
13 6 21 15 01 29654.10000 44.85200000 1935.12000 132.01000 19.70300 100.17700
13 6 21 15 01 29666.30000 44.85200000 1936.41000 132.01000 19.70300 100.17700
13 6 21 15 02 29667.20000 44.92100000 1935.74000 132.01000 19.70300 100.17700
13 6 21 15 02 29671.50000 44.92100000 1935.75000 132.01000 19.70300 100.17700
13 6 21 15 03 29667.10000 44.92100000 1935.75000 132.08000 19.70300 100.17700
13 6 21 15 03 29700.00000 44.92100000 1935.75000 132.23000 19.70300 100.17700
13 6 21 15 03 29698.90000 44.92100000 1937.82000 132.23000 19.70300 100.17700
13 6 21 15 04 29695.20000 44.92100000 1937.57000 132.20000 19.70300 100.17700
13 6 21 15 04 29697.70000 44.92100000 1936.14000 132.19000 19.70300 100.17700
13 6 21 15 05 29697.80000 44.92100000 1937.15000 132.24000 19.70300 100.17700
13 6 21 15 05 29697.70000 44.92100000 1936.69000 132.24000 19.70300 100.17700
13 6 21 15 06 29697.70000 44.92100000 1936.73000 132.24000 19.70300 100.17700
13 6 21 15 06 29697.80000 44.92100000 1937.05000 132.22000 19.70300 100.17700
13 6 21 15 06 29697.70000 44.92100000 1937.43000 132.22000 19.70300 100.17700
13 6 21 15 07 29709.60000 45.03200000 1937.43000 132.38000 19.70300 100.17700
13 6 21 15 07 29715.30000 45.03200000 1938.15000 132.47000 19.70300 100.17700
13 6 21 15 08 29719.80000 45.03200000 1938.39000 132.42000 19.70300 100.17700
13 6 21 15 08 29719.90000 45.03200000 1939.61000 132.50000 19.70300 100.17700
13 6 21 15 09 29724.30000 45.03200000 1939.51000 132.50000 19.70300 100.17700
13 6 21 15 09 29719.90000 45.03200000 1939.51000 132.50000 19.70300 100.17700
13 6 21 15 09 29728.70000 45.03200000 1939.51000 132.50000 19.70300 100.17700
13 6 21 15 10 29736.10000 45.03200000 1940.31000 132.50000 19.70300 100.17700
13 6 21 15 10 29728.60000 45.03200000 1940.30000 132.50000 19.70300 100.17700
13 6 21 15 11 29722.80000 45.03200000 1940.30000 132.50000 19.70300 100.17700
13 6 21 15 11 29722.70000 45.03200000 1939.84000 132.40000 19.70300 100.17700
13 6 21 15 12 29737.40000 45.03200000 1940.58000 132.40000 19.70300 100.17700
13 6 21 15 12 29755.10000 45.03200000 1941.86000 132.40000 19.70300 100.17700
13 6 21 15 12 29755.10000 45.03200000 1942.47000 132.40000 19.70300 100.17700
13 6 21 15 13 29753.30000 45.03200000 1942.54000 132.40000 19.70300 100.17700
13 6 21 15 13 29738.80000 45.03200000 1942.54000 132.46000 19.70300 100.17700
13 6 21 15 14 29733.80000 45.03200000 1941.46000 132.46000 19.70300 100.17700
13 6 21 15 14 29733.70000 45.03200000 1941.46000 132.43000 19.70300 100.17700
13 6 21 15 15 29738.20000 45.03200000 1941.12000 132.43000 19.70300 100.17700
13 6 21 15 15 29732.30000 45.03200000 1940.76000 132.43000 19.70300 100.17700
13 6 21 15 15 29732.30000 45.03200000 1939.16000 132.43000 19.70300 100.17700
13 6 21 15 16 29704.90000 45.03200000 1939.86000 132.43000 19.70300 100.17700
13 6 21 15 16 29697.70000 45.03200000 1939.01000 132.43000 19.70300 100.17700
13 6 21 15 17 29708.30000 45.03200000 1939.70000 132.43000 19.70300 100.17700
13 6 21 15 17 29703.40000 45.03200000 1939.70000 132.28000 19.70300 100.17700
13 6 21 15 18 29704.00000 45.03200000 1939.94000 132.28000 19.70300 100.17700
13 6 21 15 18 29703.40000 45.03200000 1939.01000 132.28000 19.70300 100.17700
13 6 21 15 18 29703.30000 45.02500000 1939.01000 132.23000 19.70300 100.17700
13 6 21 15 19 29703.40000 45.02500000 1939.01000 132.23000 19.70300 100.17700
13 6 21 15 19 29703.40000 45.02500000 1938.58000 132.23000 19.70300 100.17700
13 6 21 15 20 29692.00000 45.02500000 1938.25000 132.23000 19.70300 100.17700
13 6 21 15 20 29698.30000 45.02500000 1938.25000 132.23000 19.70300 100.17700
13 6 21 15 21 29693.80000 45.02500000 1937.55000 132.12000 19.70300 100.17700
13 6 21 15 21 29693.80000 45.02500000 1937.54000 132.12000 19.70300 100.17700
13 6 21 15 22 29683.50000 45.02500000 1937.54000 132.12000 19.70300 100.17700
13 6 21 15 22 29683.60000 45.02500000 1935.75000 131.93000 19.70300 100.17700
13 6 21 15 22 29683.50000 45.02500000 1935.75000 131.93000 19.70300 100.17700
