M=[
24 7 21 22 05 28909.20000 41.41700000 1836.56000 105.59000 19.81300 83.84000
24 7 21 22 06 28905.00000 41.41700000 1835.45000 105.59000 19.81300 83.84000
24 7 21 22 06 28914.50000 41.41700000 1835.51000 105.53000 19.81300 83.84000
24 7 21 22 07 28909.70000 41.41700000 1835.27000 105.53000 19.81300 83.84000
24 7 21 22 07 28909.70000 41.41700000 1835.27000 105.53000 19.81300 83.84000
24 7 21 22 08 28912.40000 41.41700000 1835.27000 105.53000 19.81300 83.84000
24 7 21 22 08 28909.70000 41.41700000 1835.27000 105.53000 19.81300 83.84000
24 7 21 22 09 28909.60000 41.41700000 1834.74000 105.53000 19.81300 83.84000
24 7 21 22 09 28907.70000 41.41700000 1836.25000 105.53000 19.81300 83.84000
24 7 21 22 09 28911.20000 41.41700000 1836.90000 105.53000 19.81300 83.84000
24 7 21 22 10 28912.80000 41.41700000 1836.90000 105.63000 19.81300 83.84000
24 7 21 22 10 28916.30000 41.41700000 1836.90000 105.63000 19.81300 83.58400
24 7 21 22 11 28913.10000 41.41700000 1839.24000 105.76000 19.62900 83.58400
24 7 21 22 11 28930.90000 41.41700000 1839.24000 105.76000 19.62900 83.58400
24 7 21 22 12 28940.00000 41.41700000 1839.24000 105.75000 19.65800 83.58400
24 7 21 22 12 28934.20000 41.41700000 1838.86000 106.05000 19.61700 83.58400
24 7 21 22 12 28858.70000 41.41700000 1834.52000 105.89000 19.61700 83.58400
24 7 21 22 13 28794.00000 41.41700000 1830.02000 105.89000 19.61700 83.58400
24 7 21 22 13 28816.80000 41.41700000 1832.84000 105.89000 19.59100 83.58400
24 7 21 22 14 28827.80000 41.41700000 1834.82000 105.89000 19.59100 83.58400
24 7 21 22 14 28816.70000 41.41700000 1834.82000 105.89000 19.59100 83.58400
24 7 21 22 15 28837.40000 41.41700000 1836.96000 105.89000 19.59100 83.58400
24 7 21 22 15 28895.70000 41.41700000 1840.69000 105.89000 19.59100 83.58400
24 7 21 22 15 28885.30000 41.41700000 1838.80000 105.89000 19.59100 83.58400
24 7 21 22 16 28854.10000 41.41700000 1835.47000 105.89000 19.59100 83.58400
24 7 21 22 16 28836.90000 41.41700000 1835.48000 105.89000 19.59100 83.58400
24 7 21 22 17 28790.80000 41.41700000 1833.14000 105.89000 19.59100 83.58400
24 7 21 22 17 28790.80000 41.41700000 1832.71000 105.89000 19.59100 83.58400
24 7 21 22 18 28801.30000 41.13100000 1832.86000 105.89000 19.59100 83.58400
24 7 21 22 18 28817.40000 41.13100000 1835.78000 105.89000 19.59100 83.58400
24 7 21 22 18 28815.60000 41.13100000 1835.11000 105.89000 19.59100 83.58400
24 7 21 22 19 28815.10000 41.25600000 1835.11000 105.89000 19.59100 83.58400
24 7 21 22 19 28796.40000 41.25600000 1834.58000 105.89000 19.59100 83.58400
24 7 21 22 20 28821.50000 41.25600000 1835.30000 105.67000 19.59100 83.58400
24 7 21 22 20 28821.50000 41.25600000 1835.30000 105.67000 19.59100 83.58400
24 7 21 22 21 28813.00000 41.25600000 1835.30000 105.67000 19.59100 83.58400
24 7 21 22 21 28817.40000 41.25600000 1835.30000 105.67000 19.59100 83.58400
24 7 21 22 21 28805.10000 41.25600000 1835.21000 105.67000 19.59100 83.58400
24 7 21 22 22 28810.00000 41.25600000 1835.21000 105.67000 19.59100 83.58400
24 7 21 22 22 28810.00000 41.25600000 1836.95000 105.84000 19.58700 83.58400
24 7 21 22 23 28837.40000 41.25600000 1836.95000 105.84000 19.58700 83.58400
24 7 21 22 23 28851.00000 41.25600000 1837.89000 105.84000 19.58700 83.58400
24 7 21 22 24 28841.00000 41.25600000 1837.83000 105.91000 19.58700 83.58400
24 7 21 22 24 28841.00000 41.25600000 1837.00000 105.90000 19.58700 83.58400
24 7 21 22 24 28828.10000 41.25600000 1836.70000 105.85000 19.58700 83.58400
24 7 21 22 25 28838.10000 41.25600000 1836.19000 105.85000 19.58700 83.58400
24 7 21 22 25 28835.90000 41.25600000 1836.19000 105.85000 19.58700 83.58400
24 7 21 22 26 28847.10000 41.25600000 1837.64000 105.85000 19.58700 83.58400
24 7 21 22 26 28853.50000 41.25600000 1838.35000 105.85000 19.58700 83.58400
24 7 21 22 27 28855.80000 41.25600000 1838.35000 105.85000 19.58700 83.58400
24 7 21 22 27 28855.80000 41.25600000 1838.35000 105.85000 19.58700 83.58400
24 7 21 22 28 28848.40000 41.25600000 1838.36000 105.85000 19.58700 83.58400
24 7 21 22 28 28860.00000 41.25600000 1838.35000 105.85000 19.58700 83.58400
24 7 21 22 28 28828.20000 41.28900000 1836.33000 105.78000 19.58700 83.58400
24 7 21 22 29 28833.70000 41.28900000 1836.33000 105.78000 19.58700 83.58400
24 7 21 22 29 28821.40000 41.28900000 1836.65000 105.78000 19.58700 83.58400
24 7 21 22 30 28827.20000 41.28900000 1836.65000 105.70000 19.58700 83.58400
24 7 21 22 30 28820.20000 41.28900000 1837.30000 105.70000 19.58700 83.58400
24 7 21 22 31 28820.20000 41.28900000 1837.30000 105.70000 19.58700 83.58400
24 7 21 22 31 28821.20000 41.28900000 1837.30000 105.70000 19.58700 83.58400
24 7 21 22 31 28821.20000 41.28900000 1837.30000 105.70000 19.58700 83.55700
24 7 21 22 32 28822.50000 41.28900000 1837.30000 105.70000 19.58700 83.55700
24 7 21 22 32 28831.90000 41.28900000 1837.30000 105.70000 19.58700 83.55700
24 7 21 22 33 28831.40000 41.28900000 1835.48000 105.70000 19.58700 83.55700
24 7 21 22 33 28831.40000 41.28900000 1835.48000 105.70000 19.58700 83.55700
24 7 21 22 34 28845.20000 41.28900000 1836.72000 105.70000 19.58700 83.55700
24 7 21 22 34 28845.30000 41.28900000 1836.72000 105.70000 19.58700 83.55700
24 7 21 22 34 28845.30000 41.28900000 1836.72000 105.70000 19.58700 83.55700
24 7 21 22 35 28849.00000 41.28900000 1835.57000 105.73000 19.58700 83.55700
24 7 21 22 35 28850.00000 41.28900000 1836.98000 105.85000 19.39400 83.55700
24 7 21 22 36 28850.00000 41.29700000 1838.02000 105.85000 19.39400 83.55700
24 7 21 22 36 28850.00000 41.29700000 1838.02000 105.85000 19.45600 83.55700
24 7 21 22 37 28849.90000 41.29700000 1837.96000 105.85000 19.45600 83.55700
24 7 21 22 37 28849.90000 41.29700000 1837.84000 105.85000 19.45600 83.55700
24 7 21 22 37 28849.90000 41.29700000 1838.08000 105.85000 19.45600 83.55700
24 7 21 22 38 28850.00000 41.29700000 1838.08000 105.85000 19.45600 83.55700
24 7 21 22 38 28850.00000 41.29700000 1838.08000 105.85000 19.45600 83.55700
24 7 21 22 39 28850.00000 41.29700000 1838.08000 105.85000 19.45600 83.55700
24 7 21 22 39 28850.00000 41.17900000 1838.08000 105.85000 19.45600 83.55700
24 7 21 22 40 28850.00000 41.17900000 1838.08000 105.85000 19.49300 83.55700
24 7 21 22 40 28872.40000 41.17900000 1838.08000 105.85000 19.49300 83.55700
24 7 21 22 40 28872.80000 41.17900000 1838.08000 105.85000 19.49300 83.55700
24 7 21 22 41 28875.10000 41.17900000 1838.08000 105.85000 19.49300 83.55700
24 7 21 22 41 28882.70000 41.17900000 1840.65000 105.85000 19.49300 83.55700
24 7 21 22 42 28889.60000 41.17900000 1840.66000 105.85000 19.49300 83.55700
24 7 21 22 42 28889.60000 41.17900000 1840.66000 105.87000 19.60200 83.55700
24 7 21 22 43 28889.60000 41.17900000 1841.68000 105.88000 19.60200 83.55700
24 7 21 22 43 28889.50000 41.17900000 1840.42000 105.88000 19.65800 83.55700
24 7 21 22 43 28889.50000 41.17900000 1840.42000 105.88000 19.65800 83.55700
24 7 21 22 44 28884.50000 41.17900000 1840.84000 105.88000 19.77900 83.55700
24 7 21 22 44 28891.00000 41.32200000 1841.53000 105.86000 19.77800 83.55700
24 7 21 22 45 28891.10000 41.32200000 1840.07000 105.86000 19.77800 83.55700
24 7 21 22 45 28891.00000 41.32200000 1839.67000 105.86000 19.77800 83.55700
24 7 21 22 46 28873.50000 41.31000000 1839.67000 105.86000 19.96100 83.55700
24 7 21 22 46 28883.40000 41.31000000 1839.74000 105.86000 19.96100 83.55700
24 7 21 22 47 28879.30000 41.31000000 1839.74000 105.86000 19.96100 83.55700
24 7 21 22 47 28882.60000 41.31000000 1840.19000 105.76000 19.96100 83.55700
24 7 21 22 47 28882.60000 41.31000000 1840.19000 105.77000 19.96100 83.32300
24 7 21 22 48 28879.20000 41.31000000 1840.26000 105.79000 19.96100 83.32300
24 7 21 22 48 28879.20000 41.31000000 1840.20000 105.79000 19.96100 83.32300
24 7 21 22 49 28879.20000 41.31000000 1841.28000 105.79000 19.96100 83.32300
24 7 21 22 49 28889.10000 41.31000000 1841.03000 105.79000 19.96100 83.32300
24 7 21 22 50 28901.80000 41.31000000 1841.03000 105.87000 20.05600 83.32300
