M=[
 9 7 21 00 17 27715.90000 41.78300000 1783.01000 111.00000 17.06000 91.03100
 9 7 21 00 18 27741.10000 41.78300000 1783.00000 111.00000 17.06000 91.03100
 9 7 21 00 18 27723.50000 41.78300000 1783.00000 110.71000 17.06000 91.03100
 9 7 21 00 19 27705.30000 41.78300000 1783.27000 110.71000 17.06000 91.03100
 9 7 21 00 19 27729.20000 41.67300000 1784.76000 110.71000 17.06000 91.03100
 9 7 21 00 19 27704.80000 41.67300000 1782.44000 110.71000 17.06000 91.03100
 9 7 21 00 20 27689.70000 41.67300000 1782.44000 110.71000 17.06000 91.03100
 9 7 21 00 20 27704.80000 41.67300000 1785.18000 110.71000 17.06000 91.03100
 9 7 21 00 21 27686.20000 41.67300000 1783.35000 110.71000 17.06000 91.03100
 9 7 21 00 21 27686.20000 41.67300000 1783.35000 110.71000 17.06000 91.03100
 9 7 21 00 22 27670.40000 41.67300000 1781.51000 110.71000 17.06000 91.03100
 9 7 21 00 22 27666.20000 41.67300000 1781.74000 110.71000 17.06000 91.03100
 9 7 21 00 22 27665.40000 41.67300000 1777.77000 110.71000 17.06000 91.03100
 9 7 21 00 23 27665.50000 41.67300000 1776.56000 110.39000 17.06000 91.03100
 9 7 21 00 23 27641.10000 41.67300000 1777.65000 110.35000 17.06000 91.03100
 9 7 21 00 24 27602.30000 41.29900000 1777.65000 110.35000 16.92700 91.03100
 9 7 21 00 24 27550.20000 41.22000000 1769.71000 109.41000 16.92700 90.59600
 9 7 21 00 25 27579.50000 41.22000000 1771.12000 109.41000 16.92700 90.59600
 9 7 21 00 25 27552.30000 41.19600000 1767.00000 109.61000 16.92700 90.59600
 9 7 21 00 25 27559.20000 41.19600000 1767.74000 109.45000 16.92700 90.59600
 9 7 21 00 26 27615.70000 41.19600000 1768.38000 109.45000 16.92700 90.59600
 9 7 21 00 26 27615.70000 41.19600000 1775.52000 109.84000 16.92700 90.59600
 9 7 21 00 27 27639.00000 41.19600000 1771.85000 109.84000 16.92700 90.59600
 9 7 21 00 27 27634.80000 41.19600000 1773.62000 109.84000 16.92700 90.59600
 9 7 21 00 28 27612.10000 41.19600000 1772.13000 109.84000 16.92700 90.59600
 9 7 21 00 28 27580.10000 41.18800000 1768.28000 109.53000 16.92700 90.59600
 9 7 21 00 28 27590.70000 41.18800000 1768.28000 109.53000 16.92700 90.59600
 9 7 21 00 29 27594.40000 41.18800000 1768.35000 109.53000 16.92700 90.59600
 9 7 21 00 29 27606.80000 41.18800000 1771.24000 109.53000 16.92700 90.59600
 9 7 21 00 30 27628.20000 41.18800000 1771.24000 109.53000 16.92700 90.59600
 9 7 21 00 30 27639.00000 41.18800000 1773.52000 109.73000 16.92700 90.59600
 9 7 21 00 31 27626.30000 41.00000000 1769.62000 109.73000 16.92700 90.53700
 9 7 21 00 31 27626.30000 40.94600000 1769.62000 109.73000 16.92700 90.29200
 9 7 21 00 31 27626.30000 40.94600000 1769.62000 109.25000 16.92700 90.29200
 9 7 21 00 32 27604.70000 40.93100000 1769.51000 109.38000 16.92700 90.29200
 9 7 21 00 32 27604.70000 40.93100000 1766.79000 109.38000 16.92700 90.29200
 9 7 21 00 33 27614.80000 40.93900000 1769.94000 109.42000 16.92700 90.29200
 9 7 21 00 33 27614.80000 40.93900000 1770.36000 109.42000 16.92700 90.29200
 9 7 21 00 34 27609.80000 40.93900000 1770.36000 109.24000 16.92700 90.29200
 9 7 21 00 34 27609.80000 40.93900000 1770.36000 109.24000 16.92700 90.29200
 9 7 21 00 35 27609.80000 40.93900000 1769.83000 109.24000 16.92700 90.29200
 9 7 21 00 35 27612.10000 40.93900000 1768.17000 109.24000 16.92700 90.33400
 9 7 21 00 35 27586.00000 40.72800000 1766.49000 109.10000 16.92700 90.33400
 9 7 21 00 36 27580.40000 40.72800000 1766.49000 109.10000 16.92700 90.33400
 9 7 21 00 36 27580.40000 40.76700000 1766.49000 109.08000 16.92700 90.33400
 9 7 21 00 37 27575.10000 40.76700000 1766.19000 109.01000 16.92700 90.33400
 9 7 21 00 37 27575.20000 40.76700000 1766.19000 109.01000 16.92700 90.33400
 9 7 21 00 38 27542.20000 40.30200000 1761.83000 109.00000 16.92700 90.00800
 9 7 21 00 38 27548.90000 40.61100000 1765.34000 109.00000 16.92700 90.00800
 9 7 21 00 38 27542.20000 40.49300000 1765.34000 109.00000 16.92700 90.00800
 9 7 21 00 39 27542.30000 40.49300000 1765.34000 109.00000 16.92700 90.00800
 9 7 21 00 39 27542.30000 40.49300000 1763.08000 108.96000 16.92700 90.00800
 9 7 21 00 40 27547.00000 40.49900000 1762.49000 108.96000 16.92700 90.00800
 9 7 21 00 40 27557.10000 40.49900000 1762.49000 108.96000 16.92700 90.00800
 9 7 21 00 41 27557.10000 40.44400000 1761.84000 108.96000 16.92700 90.00800
 9 7 21 00 41 27501.10000 40.16300000 1756.76000 108.84000 16.92700 89.68300
 9 7 21 00 41 27443.30000 40.00000000 1749.95000 108.51000 16.92700 89.46600
 9 7 21 00 42 27445.90000 39.94800000 1749.89000 108.49000 16.92700 89.64000
 9 7 21 00 42 27454.30000 39.94800000 1754.54000 108.79000 16.92700 89.67300
 9 7 21 00 43 27454.30000 39.94800000 1752.21000 108.61000 16.92700 89.67300
 9 7 21 00 43 27466.10000 39.94800000 1751.87000 108.61000 16.92700 89.67300
 9 7 21 00 44 27454.40000 40.17300000 1750.99000 108.61000 16.92700 89.67300
 9 7 21 00 44 27410.70000 40.17300000 1747.04000 108.61000 16.92700 89.67300
 9 7 21 00 44 27410.70000 40.17300000 1747.48000 108.30000 16.92700 89.67300
 9 7 21 00 45 27418.20000 40.17300000 1748.42000 108.38000 16.92700 89.67300
 9 7 21 00 45 27418.20000 40.17300000 1748.58000 108.40000 16.92700 89.67300
 9 7 21 00 46 27444.40000 40.17300000 1753.19000 108.48000 16.92700 89.67300
 9 7 21 00 46 27445.90000 40.17300000 1752.66000 108.45000 16.92700 89.67300
 9 7 21 00 47 27459.40000 40.34200000 1756.15000 108.57000 16.92700 89.67300
 9 7 21 00 47 27460.30000 40.26900000 1755.47000 108.55000 16.92700 89.67300
 9 7 21 00 48 27460.30000 40.20300000 1754.00000 108.52000 16.92700 89.67300
 9 7 21 00 48 27442.40000 40.13800000 1754.00000 108.60000 16.92700 89.67300
 9 7 21 00 48 27436.40000 40.13800000 1754.00000 108.28000 16.92700 89.67300
 9 7 21 00 49 27410.60000 40.13800000 1748.79000 108.28000 16.88000 89.67300
 9 7 21 00 49 27410.40000 40.13800000 1750.91000 108.28000 16.88000 89.67300
 9 7 21 00 50 27381.50000 39.95100000 1749.15000 108.20000 16.88000 89.67300
 9 7 21 00 50 27393.50000 39.95100000 1748.29000 108.20000 16.88000 89.67300
 9 7 21 00 51 27387.50000 39.95100000 1750.00000 108.20000 16.88000 89.67300
 9 7 21 00 51 27387.50000 40.03400000 1751.08000 108.20000 16.88000 89.35900
 9 7 21 00 51 27395.40000 40.09700000 1751.77000 108.20000 16.88000 89.35900
 9 7 21 00 52 27395.60000 40.09300000 1750.97000 108.20000 16.88000 89.35900
 9 7 21 00 52 27395.60000 40.09300000 1751.23000 108.20000 16.88000 89.35900
 9 7 21 00 53 27395.60000 40.09300000 1751.38000 108.20000 16.88000 89.42800
 9 7 21 00 53 27395.60000 40.09300000 1751.38000 108.19000 16.88000 89.42800
 9 7 21 00 54 27395.60000 40.09300000 1751.38000 108.16000 16.88000 89.42800
 9 7 21 00 54 27395.50000 40.09300000 1752.00000 108.11000 16.88000 89.42800
 9 7 21 00 54 27395.50000 40.09300000 1750.47000 107.96000 16.88000 89.42800
 9 7 21 00 55 27380.60000 40.09300000 1749.30000 107.91000 16.88000 89.42800
 9 7 21 00 55 27380.50000 40.09300000 1750.40000 107.91000 16.88000 89.42800
 9 7 21 00 56 27380.60000 39.77100000 1747.65000 107.88000 16.88000 89.42800
 9 7 21 00 56 27380.50000 39.66200000 1747.10000 107.83000 16.88000 89.42800
 9 7 21 00 57 27380.70000 39.85100000 1750.17000 107.83000 16.88000 89.42800
 9 7 21 00 57 27407.80000 39.85100000 1751.12000 107.83000 16.88000 89.42800
 9 7 21 00 57 27405.10000 39.84000000 1751.09000 108.00000 16.88000 89.42800
 9 7 21 00 58 27380.10000 39.78900000 1749.99000 108.01000 16.88000 89.42800
 9 7 21 00 58 27380.10000 39.78900000 1747.74000 107.56000 16.88000 89.42800
 9 7 21 00 59 27380.00000 39.78900000 1747.48000 107.62000 16.88000 89.42800
 9 7 21 00 59 27380.00000 39.78900000 1748.39000 107.63000 16.88000 89.42800
 9 7 21 01 00 27380.10000 39.66300000 1749.21000 107.63000 16.88000 89.42800
 9 7 21 01 00 27388.80000 39.66300000 1752.67000 107.63000 16.88000 89.52100
 9 7 21 01 00 27388.80000 39.66300000 1752.67000 107.63000 16.88000 89.52100
 9 7 21 01 01 27384.60000 39.66300000 1750.87000 107.94000 16.88000 89.52100
 9 7 21 01 01 27377.60000 39.66300000 1746.69000 107.69000 16.88000 89.52100
