M=[
 7 1 21 02 37 29866.90000 6.12300000 968.37000 136.11000 16.11500 51.96800
 7 1 21 02 38 29890.00000 6.12300000 969.14000 136.28000 16.11500 52.25900
 7 1 21 02 38 29866.50000 6.12300000 967.85000 136.15000 16.11500 52.25900
 7 1 21 02 39 29897.00000 6.12300000 968.74000 135.98000 16.11500 52.25900
 7 1 21 02 39 29863.70000 6.12300000 967.95000 136.06000 16.10000 52.25900
 7 1 21 02 40 29866.50000 6.12300000 967.46000 136.01000 16.10000 52.25900
 7 1 21 02 40 29891.00000 6.12300000 967.59000 136.01000 16.17700 52.25900
 7 1 21 02 40 29878.50000 6.12300000 967.59000 136.01000 16.17700 52.25900
 7 1 21 02 41 29884.60000 6.12300000 967.58000 136.01000 16.17700 52.25900
 7 1 21 02 41 29883.30000 6.12300000 967.59000 136.01000 16.17700 52.25900
 7 1 21 02 42 29889.60000 6.12300000 967.59000 136.01000 16.17700 52.25900
 7 1 21 02 42 29865.30000 6.12300000 967.59000 136.01000 16.18000 52.25900
 7 1 21 02 43 29862.20000 6.12300000 968.45000 136.01000 16.18000 52.25900
 7 1 21 02 43 29869.00000 6.12300000 969.01000 136.17000 16.18000 52.25900
 7 1 21 02 43 29846.50000 6.12300000 969.22000 136.22000 16.18000 52.25900
 7 1 21 02 44 29889.50000 6.12300000 969.24000 136.22000 16.24000 52.25900
 7 1 21 02 44 29885.30000 6.12300000 969.24000 136.17000 16.24000 52.25900
 7 1 21 02 45 29892.70000 6.12300000 969.24000 136.01000 16.24000 52.25900
 7 1 21 02 45 29875.70000 6.12300000 969.38000 136.01000 16.24000 52.25900
 7 1 21 02 46 29881.10000 6.12300000 969.33000 136.24000 16.25100 52.25900
 7 1 21 02 46 29899.50000 6.12300000 969.81000 136.35000 16.25100 52.25900
 7 1 21 02 46 29900.80000 6.12300000 970.00000 136.35000 16.25100 52.25900
 7 1 21 02 47 29925.00000 6.12300000 971.05000 136.35000 16.25100 52.25900
 7 1 21 02 47 29926.90000 6.12300000 970.16000 136.35000 16.25100 52.25900
 7 1 21 02 48 29938.80000 6.12300000 971.08000 136.35000 16.26000 52.25900
 7 1 21 02 48 29966.50000 6.12200000 971.28000 136.35000 16.26100 52.25900
 7 1 21 02 49 29846.60000 6.12200000 968.81000 136.06000 16.26100 52.25900
 7 1 21 02 49 29835.30000 6.12200000 968.75000 136.06000 16.34200 52.25900
 7 1 21 02 49 29841.60000 6.12200000 967.69000 136.06000 16.34200 52.25900
 7 1 21 02 50 29866.90000 6.12200000 968.02000 136.06000 16.34200 52.25900
 7 1 21 02 50 29866.30000 6.12200000 968.02000 136.06000 16.34200 52.25900
 7 1 21 02 51 29840.40000 6.12200000 967.73000 136.06000 16.34200 52.25900
 7 1 21 02 51 29812.60000 6.12200000 967.13000 135.93000 16.34200 52.25900
 7 1 21 02 52 29828.10000 6.12200000 966.50000 135.93000 16.34200 52.25900
 7 1 21 02 52 29815.20000 6.12200000 967.21000 135.87000 16.34200 52.25900
 7 1 21 02 52 29869.00000 6.12200000 967.22000 135.87000 16.34200 52.25900
 7 1 21 02 53 29934.90000 6.12200000 970.44000 135.87000 16.30000 52.25900
 7 1 21 02 53 29975.00000 6.12200000 972.37000 136.38000 16.30000 52.25900
 7 1 21 02 54 29990.30000 6.12200000 972.44000 136.55000 16.30000 52.25900
 7 1 21 02 54 29996.40000 6.12400000 972.98000 136.55000 16.30000 52.25900
 7 1 21 02 55 29976.80000 6.12400000 972.22000 136.55000 16.30000 52.25900
 7 1 21 02 55 29996.90000 6.13300000 972.41000 136.55000 16.30000 52.25900
 7 1 21 02 55 30000.00000 6.13300000 972.82000 136.63000 16.30000 52.25900
 7 1 21 02 56 29999.90000 6.13300000 973.66000 136.62000 16.35600 52.25900
 7 1 21 02 56 30030.00000 6.13300000 973.50000 136.62000 16.35600 52.25900
 7 1 21 02 57 30013.30000 6.13300000 972.35000 136.66000 16.35600 52.25900
 7 1 21 02 57 30019.40000 6.13300000 971.30000 136.53000 16.35600 52.25900
 7 1 21 02 58 30000.00000 6.13300000 970.09000 136.53000 16.35600 52.25900
 7 1 21 02 58 30005.70000 6.12500000 970.31000 136.53000 16.35600 52.25900
 7 1 21 02 58 29999.70000 6.12500000 970.31000 136.33000 16.35600 52.25900
 7 1 21 02 59 29985.00000 6.12500000 969.81000 136.34000 16.35600 52.25900
 7 1 21 02 59 30009.40000 6.12500000 970.62000 136.34000 16.35600 52.25900
 7 1 21 03 00 30023.90000 6.12500000 971.26000 136.34000 16.35600 52.25900
 7 1 21 03 00 30042.70000 6.12500000 971.58000 136.46000 16.35600 52.25900
 7 1 21 03 01 30029.40000 6.12500000 970.85000 136.17000 16.35600 52.25900
 7 1 21 03 01 30021.20000 6.12500000 970.15000 136.17000 16.35600 52.25900
 7 1 21 03 01 29995.20000 6.12500000 969.14000 136.12000 16.35600 52.25900
 7 1 21 03 02 30036.40000 6.12500000 969.14000 136.12000 16.35600 52.25900
 7 1 21 03 02 30022.60000 6.10100000 969.60000 136.12000 16.35700 52.25900
 7 1 21 03 03 30018.60000 6.10100000 969.35000 136.18000 16.40800 52.25900
 7 1 21 03 03 30032.20000 6.10100000 971.44000 136.18000 16.40800 52.39300
 7 1 21 03 04 30051.00000 6.10100000 973.24000 136.18000 16.40800 52.39300
 7 1 21 03 04 30052.00000 6.10100000 973.00000 136.18000 16.40800 52.39300
 7 1 21 03 04 30046.50000 6.10100000 973.12000 136.18000 16.40800 52.39300
 7 1 21 03 05 30022.50000 6.10100000 972.46000 136.64000 16.40800 52.39300
 7 1 21 03 05 30048.30000 6.10100000 971.93000 136.64000 16.57200 52.39300
 7 1 21 03 06 30059.70000 6.10100000 973.47000 136.47000 16.81800 52.39300
 7 1 21 03 06 30060.00000 6.10100000 973.47000 136.47000 16.80000 52.39300
 7 1 21 03 07 30060.00000 6.10100000 973.27000 136.47000 16.89500 52.39300
 7 1 21 03 07 30052.40000 6.10100000 972.93000 136.47000 16.71000 52.39300
 7 1 21 03 07 30055.90000 6.10100000 973.02000 136.47000 16.71000 52.39300
 7 1 21 03 08 30060.00000 6.10100000 974.63000 136.47000 16.71000 52.39300
 7 1 21 03 08 30068.80000 6.10100000 973.83000 136.47000 16.62000 52.39300
 7 1 21 03 09 30098.10000 6.10100000 973.83000 136.58000 16.53700 52.39300
 7 1 21 03 09 30095.90000 6.10100000 973.88000 136.62000 16.53700 52.39300
 7 1 21 03 10 30100.00000 6.10100000 974.38000 136.62000 16.53700 52.39300
 7 1 21 03 10 30100.00000 6.10100000 975.43000 136.79000 16.53700 52.39300
 7 1 21 03 10 30099.90000 6.10100000 975.00000 136.88000 16.53700 52.39300
 7 1 21 03 11 30089.80000 6.10100000 973.73000 136.85000 16.53700 52.39300
 7 1 21 03 11 30099.90000 6.10100000 973.73000 136.85000 16.53700 52.39900
 7 1 21 03 12 30099.90000 6.10100000 974.18000 136.85000 16.53700 52.41900
 7 1 21 03 12 30100.00000 6.10100000 974.18000 136.85000 16.53700 52.41900
 7 1 21 03 13 30100.00000 6.10100000 974.18000 136.85000 16.53700 52.41900
 7 1 21 03 13 30094.00000 6.10100000 972.74000 136.82000 16.53700 52.41900
 7 1 21 03 13 30089.90000 6.10100000 972.59000 136.82000 16.44000 52.41900
 7 1 21 03 14 30090.10000 6.10100000 972.73000 136.82000 16.44000 52.41900
 7 1 21 03 14 30072.80000 6.10100000 972.73000 136.82000 16.44000 52.41900
 7 1 21 03 15 30088.90000 6.10100000 972.79000 136.77000 16.44000 52.41900
 7 1 21 03 15 30082.70000 6.10100000 971.61000 136.70000 16.44000 52.41900
 7 1 21 03 15 30075.20000 6.10100000 971.61000 136.70000 16.44000 52.41900
 7 1 21 03 16 30080.10000 6.10100000 971.61000 136.78000 16.45000 52.41900
 7 1 21 03 16 30099.90000 6.10100000 972.69000 136.93000 16.45000 52.41900
 7 1 21 03 17 30124.20000 6.10100000 973.33000 137.12000 16.45000 52.41900
 7 1 21 03 17 30158.90000 6.10100000 976.22000 137.33000 16.47900 52.41900
 7 1 21 03 18 30195.20000 6.10100000 976.95000 137.49000 16.48000 52.41900
 7 1 21 03 18 30184.60000 6.10100000 978.55000 137.49000 16.48000 52.41900
 7 1 21 03 18 30250.00000 6.10100000 979.49000 137.68000 16.48000 52.41900
 7 1 21 03 19 30274.90000 6.10100000 979.42000 137.51000 16.48000 52.41900
 7 1 21 03 19 30290.00000 6.10100000 979.25000 137.54000 16.48000 52.41900
 7 1 21 03 20 30300.00000 6.10100000 978.76000 137.43000 16.48000 52.41900
 7 1 21 03 20 30372.40000 6.10100000 979.74000 137.66000 16.48000 52.41900
 7 1 21 03 21 30291.20000 6.10100000 978.01000 137.62000 16.48000 52.41900
 7 1 21 03 21 30329.90000 6.10100000 978.00000 137.63000 16.48000 52.41900
 7 1 21 03 21 30290.50000 6.10100000 978.97000 137.63000 16.48000 52.41900
 7 1 21 03 22 30288.10000 6.10100000 977.90000 137.63000 16.48000 52.41900
 7 1 21 03 22 30330.30000 6.10100000 978.40000 137.62000 16.48000 52.41900
