M=[
 9 5 21 14 59 47277.80000 98.19300000 3170.60000 295.58000 36.62700 241.67100
 9 5 21 15 00 47263.40000 98.13000000 3171.00000 295.58000 36.62700 241.67100
 9 5 21 15 00 47247.30000 97.95200000 3163.45000 295.14000 36.62700 241.73100
 9 5 21 15 00 47247.40000 97.81900000 3161.15000 295.14000 36.62700 241.73100
 9 5 21 15 01 47247.40000 97.81900000 3160.34000 295.14000 36.62700 241.73100
 9 5 21 15 01 47188.30000 97.65500000 3158.59000 294.39000 36.62700 241.59200
 9 5 21 15 02 47208.90000 97.63600000 3160.22000 294.84000 36.60000 241.59200
 9 5 21 15 02 47268.50000 97.85600000 3167.67000 295.65000 36.60000 241.59200
 9 5 21 15 03 47290.00000 97.96200000 3169.43000 296.01000 36.60000 241.64400
 9 5 21 15 03 47290.00000 98.35000000 3169.29000 296.78000 36.60000 242.05400
 9 5 21 15 03 47300.00000 98.35000000 3169.42000 297.09000 36.60000 242.05400
 9 5 21 15 04 47336.60000 98.73800000 3169.52000 296.95000 36.60000 242.38300
 9 5 21 15 04 47370.70000 98.62400000 3172.94000 296.95000 36.60000 242.38300
 9 5 21 15 05 47368.60000 98.38400000 3173.42000 297.05000 36.60000 242.72500
 9 5 21 15 05 47344.40000 98.38100000 3171.15000 297.00000 36.60000 242.72500
 9 5 21 15 06 47340.00000 98.51800000 3172.87000 297.03000 36.60000 242.72500
 9 5 21 15 06 47339.90000 98.51800000 3172.44000 296.83000 36.60000 242.72500
 9 5 21 15 06 47339.90000 98.35900000 3174.08000 297.13000 36.60000 242.72500
 9 5 21 15 07 47340.00000 98.35900000 3173.33000 297.15000 36.60000 242.72500
 9 5 21 15 07 47339.90000 98.83300000 3176.38000 297.89000 36.60000 242.72500
 9 5 21 15 08 47340.00000 98.60500000 3174.18000 298.51000 36.60000 242.72500
 9 5 21 15 08 47339.90000 99.10000000 3176.22000 298.72000 36.60000 242.72500
 9 5 21 15 09 47339.90000 98.85600000 3175.26000 298.27000 36.60000 242.72500
 9 5 21 15 09 47339.90000 99.26800000 3177.31000 297.90000 36.60000 242.72500
 9 5 21 15 09 47340.00000 99.24200000 3177.24000 297.90000 36.60000 242.72500
 9 5 21 15 10 47306.20000 98.81200000 3176.25000 296.72000 36.60000 242.24400
 9 5 21 15 10 47297.10000 98.81200000 3175.97000 297.18000 36.60000 242.24400
 9 5 21 15 11 47292.80000 98.90700000 3175.70000 297.02000 36.60000 242.24400
 9 5 21 15 11 47292.10000 98.86800000 3174.38000 296.67000 36.60000 242.24400
 9 5 21 15 12 47323.70000 99.13700000 3175.52000 297.32000 36.60000 242.24400
 9 5 21 15 12 47320.70000 98.93400000 3177.24000 297.48000 36.60000 242.64000
 9 5 21 15 12 47308.00000 98.93400000 3176.76000 297.19000 36.60000 242.64000
 9 5 21 15 13 47307.10000 98.81300000 3176.28000 296.52000 36.60000 242.64000
 9 5 21 15 13 47307.10000 98.81000000 3175.70000 296.00000 36.70700 242.64000
 9 5 21 15 14 47278.70000 98.81000000 3172.92000 296.12000 36.70700 242.64000
 9 5 21 15 14 47300.10000 98.88800000 3173.25000 296.80000 36.70700 242.64000
 9 5 21 15 15 47299.80000 98.91300000 3170.86000 296.34000 36.70700 242.21000
 9 5 21 15 15 47281.00000 98.70600000 3172.46000 296.34000 36.70700 242.21000
 9 5 21 15 15 47340.00000 98.92400000 3180.14000 297.13000 36.70700 242.53200
 9 5 21 15 16 47386.00000 99.22900000 3178.06000 297.64000 36.76800 242.64000
 9 5 21 15 16 47379.80000 99.22900000 3181.37000 297.90000 36.76800 242.64000
 9 5 21 15 17 47390.10000 99.15900000 3179.24000 297.47000 36.76800 242.72900
 9 5 21 15 17 47339.10000 99.07500000 3178.50000 298.06000 36.76800 242.72900
 9 5 21 15 18 47347.20000 99.00900000 3178.18000 298.10000 36.76800 242.72900
 9 5 21 15 18 47360.00000 99.12700000 3180.00000 298.78000 36.76800 242.72900
 9 5 21 15 18 47367.30000 99.00900000 3181.63000 299.30000 36.76800 242.72900
 9 5 21 15 19 47359.10000 99.19400000 3181.96000 299.47000 36.76800 242.72900
 9 5 21 15 19 47327.60000 99.10400000 3180.02000 298.35000 36.76800 242.72900
 9 5 21 15 20 47360.10000 99.58200000 3180.01000 298.77000 36.76800 242.93900
 9 5 21 15 20 47375.30000 99.78100000 3180.10000 299.50000 36.76800 242.93900
 9 5 21 15 21 47375.00000 100.00000000 3180.31000 299.16000 36.76800 242.93900
 9 5 21 15 21 47343.00000 99.57600000 3175.00000 298.79000 36.76800 242.85200
 9 5 21 15 21 47334.10000 99.79700000 3175.37000 298.78000 36.76800 242.85300
 9 5 21 15 22 47351.00000 99.80900000 3178.07000 298.29000 36.76800 242.85300
 9 5 21 15 22 47384.80000 99.77600000 3174.01000 298.29000 36.76800 242.93900
 9 5 21 15 23 47372.90000 99.76500000 3174.29000 298.11000 36.76800 243.00700
 9 5 21 15 23 47374.50000 99.76400000 3171.33000 298.11000 36.76800 243.00700
 9 5 21 15 24 47413.20000 99.94000000 3175.39000 298.36000 36.76800 243.00700
 9 5 21 15 24 47402.80000 99.72500000 3175.40000 297.93000 36.76800 243.24300
 9 5 21 15 24 47408.50000 100.00000000 3172.29000 297.93000 36.76800 243.24300
 9 5 21 15 25 47399.30000 100.22800000 3172.68000 297.93000 36.76800 243.54600
 9 5 21 15 25 47408.00000 99.95000000 3171.70000 298.18000 36.76800 243.54600
 9 5 21 15 26 47400.00000 100.02700000 3170.95000 298.36000 36.76800 243.54600
 9 5 21 15 26 47400.00000 100.02600000 3170.74000 298.36000 36.76800 243.54600
 9 5 21 15 27 47400.00000 99.96300000 3168.13000 298.59000 36.76800 243.54600
 9 5 21 15 27 47399.90000 100.00000000 3168.01000 298.64000 36.76800 243.54600
 9 5 21 15 27 47411.80000 100.37700000 3170.62000 299.50000 36.76800 243.64000
 9 5 21 15 28 47411.80000 100.26900000 3172.32000 299.28000 36.76800 243.64000
 9 5 21 15 28 47433.60000 100.29600000 3174.44000 299.50000 36.76800 243.64000
 9 5 21 15 29 47411.90000 100.40100000 3173.48000 299.23000 36.76800 243.64000
 9 5 21 15 29 47412.30000 100.58600000 3172.68000 299.41000 36.76800 244.23900
 9 5 21 15 30 47413.30000 100.73300000 3174.43000 299.35000 36.76800 244.23900
 9 5 21 15 30 47411.80000 100.82200000 3172.01000 299.35000 36.76800 243.85500
 9 5 21 15 30 47411.90000 100.45400000 3172.00000 298.52000 36.76800 243.85500
 9 5 21 15 31 47374.50000 100.61300000 3170.00000 297.99000 36.76800 243.85500
 9 5 21 15 31 47349.90000 100.50500000 3169.08000 297.94000 36.76800 243.85500
 9 5 21 15 32 47347.40000 100.20500000 3169.58000 297.94000 36.76800 243.89000
 9 5 21 15 32 47335.60000 100.21100000 3164.76000 297.49000 36.76800 243.51200
 9 5 21 15 33 47305.40000 100.00000000 3163.65000 297.74000 36.76800 243.51200
 9 5 21 15 33 47342.10000 100.09500000 3165.01000 298.33000 36.76800 243.51200
 9 5 21 15 33 47333.90000 100.38000000 3166.11000 298.33000 36.76800 243.51200
 9 5 21 15 34 47347.30000 100.66900000 3166.00000 299.24000 36.76800 243.43000
 9 5 21 15 34 47370.70000 100.25300000 3167.49000 299.50000 36.76800 243.43000
 9 5 21 15 35 47376.90000 100.08900000 3168.37000 299.70000 36.76800 243.43000
 9 5 21 15 35 47377.00000 100.40600000 3167.55000 300.00000 36.76800 243.43000
 9 5 21 15 36 47377.00000 100.40600000 3170.00000 300.75000 36.76800 243.43000
 9 5 21 15 36 47420.90000 100.00000000 3171.16000 301.00000 36.76800 244.17300
 9 5 21 15 36 47425.10000 100.00000000 3171.82000 301.18000 36.76800 244.17300
 9 5 21 15 37 47397.70000 100.00000000 3172.02000 301.17000 36.76800 244.17300
 9 5 21 15 37 47425.00000 100.00000000 3173.97000 302.00000 36.76800 244.61900
 9 5 21 15 38 47413.70000 99.99700000 3173.89000 302.60000 36.76800 244.61900
 9 5 21 15 38 47415.10000 100.24100000 3175.39000 303.10000 36.76800 244.61900
 9 5 21 15 39 47436.90000 100.31500000 3176.80000 303.49000 36.84400 244.61900
 9 5 21 15 39 47436.90000 100.31500000 3181.00000 303.48000 36.84400 244.81700
 9 5 21 15 39 47405.30000 100.31500000 3180.74000 302.47000 36.84400 244.81700
 9 5 21 15 40 47400.10000 100.31200000 3181.00000 302.43000 36.84400 244.72400
 9 5 21 15 40 47400.10000 99.96200000 3178.05000 302.50000 36.84400 244.72400
 9 5 21 15 41 47372.90000 99.96100000 3175.57000 301.73000 36.84400 244.67400
 9 5 21 15 41 47343.90000 99.96100000 3175.43000 301.62000 36.84400 244.32300
 9 5 21 15 42 47350.70000 99.78200000 3175.83000 301.78000 36.84400 244.26500
 9 5 21 15 42 47342.20000 99.85900000 3172.29000 300.89000 36.84400 244.26500
 9 5 21 15 42 47342.20000 99.68500000 3175.26000 301.34000 36.95600 244.26500
