M=[
 7 7 20 12 10 8235.00000 5.38500000 210.78000 38.79000 17.10000 48.15000
 7 7 20 12 10 8235.00000 5.38500000 210.78000 38.73000 17.10000 48.15000
 7 7 20 12 11 8237.30000 5.38500000 210.78000 38.73000 17.10000 48.18400
 7 7 20 12 11 8237.40000 5.38500000 210.78000 38.73000 17.10000 48.15000
 7 7 20 12 12 8237.30000 5.38500000 210.69000 38.73000 17.10000 48.15000
 7 7 20 12 12 8237.40000 5.38500000 210.69000 38.73000 17.10000 48.15000
 7 7 20 12 13 8237.40000 5.38500000 210.69000 38.73000 17.10000 48.15000
 7 7 20 12 13 8237.40000 5.38500000 210.69000 38.73000 17.10000 48.15000
 7 7 20 12 14 8237.30000 5.38500000 210.69000 38.73000 17.10000 48.15000
 7 7 20 12 14 8237.30000 5.38500000 210.69000 38.73000 17.10000 48.15000
 7 7 20 12 15 8237.40000 5.38500000 210.69000 38.73000 17.10000 48.15000
 7 7 20 12 15 8237.40000 5.38500000 210.69000 38.73000 17.10000 48.15000
 7 7 20 12 16 8237.40000 5.38500000 210.57000 38.73000 17.10000 48.15000
 7 7 20 12 16 8237.30000 5.38500000 210.60000 38.73000 17.10000 48.15000
 7 7 20 12 17 8232.90000 5.38500000 210.60000 38.73000 17.10000 48.15000
 7 7 20 12 17 8231.80000 5.38500000 210.60000 38.73000 17.10000 48.15000
 7 7 20 12 18 8231.30000 5.38500000 210.60000 38.73000 17.10000 48.15000
 7 7 20 12 18 8231.20000 5.38500000 210.59000 38.73000 17.10000 48.15000
 7 7 20 12 18 8232.50000 5.38500000 210.69000 38.73000 17.10000 48.15000
 7 7 20 12 19 8233.00000 5.38500000 210.69000 38.73000 17.10000 48.15000
 7 7 20 12 19 8233.00000 5.38500000 210.80000 38.73000 17.10000 48.15000
 7 7 20 12 20 8233.00000 5.38500000 210.78000 38.73000 17.10000 48.15000
 7 7 20 12 20 8234.60000 5.38500000 210.84000 38.73000 16.92000 48.15000
 7 7 20 12 21 8234.40000 5.38500000 210.84000 38.73000 16.92000 48.18400
 7 7 20 12 21 8234.40000 5.38500000 210.72000 38.73000 16.94200 48.15000
 7 7 20 12 22 8234.40000 5.38500000 210.80000 38.73000 16.94200 48.15000
 7 7 20 12 22 8234.50000 5.38500000 210.80000 38.73000 16.94200 48.15000
 7 7 20 12 23 8234.40000 5.38500000 210.75000 38.73000 16.94200 48.18400
 7 7 20 12 23 8233.10000 5.38500000 210.71000 38.73000 16.94200 48.15000
 7 7 20 12 24 8233.00000 5.38500000 210.71000 38.73000 16.94200 48.15000
 7 7 20 12 24 8233.00000 5.38500000 210.71000 38.73000 16.94200 48.15000
 7 7 20 12 25 8228.90000 5.38500000 210.71000 38.73000 16.94200 48.15000
 7 7 20 12 25 8227.20000 5.38500000 210.71000 38.73000 16.94200 48.15000
 7 7 20 12 26 8226.80000 5.38500000 210.71000 38.73000 16.94200 48.35300
 7 7 20 12 26 8226.80000 5.38500000 210.71000 38.73000 16.94200 48.35300
 7 7 20 12 27 8228.30000 5.38500000 210.71000 38.73000 16.94200 48.35300
 7 7 20 12 27 8227.00000 5.38500000 210.71000 38.73000 16.94200 48.35300
 7 7 20 12 27 8228.00000 5.38500000 210.71000 38.70000 16.94200 48.35300
 7 7 20 12 28 8228.70000 5.38500000 210.71000 38.70000 16.94200 48.35300
 7 7 20 12 28 8228.60000 5.38500000 210.71000 38.70000 17.00000 48.35300
 7 7 20 12 29 8227.70000 5.38500000 210.71000 38.73000 17.00000 48.35300
 7 7 20 12 29 8227.00000 5.38500000 210.71000 38.73000 17.00000 48.35300
 7 7 20 12 30 8227.10000 5.38500000 210.71000 38.73000 17.00000 48.35300
 7 7 20 12 30 8227.10000 5.38500000 210.71000 38.73000 17.00000 48.35300
 7 7 20 12 31 8227.10000 5.38500000 210.54000 38.73000 17.00000 48.35300
 7 7 20 12 31 8225.90000 5.38500000 210.54000 38.70000 17.00000 48.35300
 7 7 20 12 32 8225.90000 5.38500000 210.46000 38.70000 17.00000 48.35300
 7 7 20 12 32 8223.50000 5.38500000 210.46000 38.60000 17.00000 48.35300
 7 7 20 12 33 8223.50000 5.38500000 210.46000 38.65000 17.00000 48.35300
 7 7 20 12 33 8223.50000 5.38500000 210.46000 38.65000 17.00000 48.35300
 7 7 20 12 34 8223.50000 5.38500000 210.49000 38.65000 17.00000 48.35300
 7 7 20 12 34 8222.50000 5.38500000 210.40000 38.58000 17.00000 48.06000
 7 7 20 12 35 8221.40000 5.38500000 210.26000 38.58000 17.00000 48.08700
 7 7 20 12 35 8221.30000 5.38100000 210.26000 38.58000 17.00000 48.06000
 7 7 20 12 36 8221.30000 5.38100000 210.20000 38.58000 17.00000 48.35300
 7 7 20 12 36 8221.40000 5.38100000 210.32000 38.60000 17.00000 48.08700
 7 7 20 12 37 8221.40000 5.38100000 210.31000 38.57000 17.00000 48.06000
 7 7 20 12 37 8221.30000 5.38100000 210.31000 38.57000 17.00000 48.06000
 7 7 20 12 38 8221.00000 5.38100000 210.31000 38.57000 17.00000 48.06000
 7 7 20 12 38 8221.00000 5.38100000 210.32000 38.57000 17.00000 48.06000
 7 7 20 12 39 8221.00000 5.38100000 210.32000 38.57000 17.00000 48.08700
 7 7 20 12 39 8221.00000 5.38100000 210.32000 38.57000 17.00000 48.06000
 7 7 20 12 39 8221.00000 5.38100000 210.25000 38.57000 17.00000 48.06000
 7 7 20 12 40 8221.10000 5.38100000 210.26000 38.57000 17.00000 48.06000
 7 7 20 12 40 8221.00000 5.38100000 210.26000 38.57000 17.00000 48.06000
 7 7 20 12 41 8221.00000 5.38100000 210.26000 38.57000 17.00000 48.06000
 7 7 20 12 41 8221.10000 5.38100000 210.26000 38.56000 17.00000 48.06000
 7 7 20 12 42 8220.00000 5.38100000 210.26000 38.56000 17.00000 48.06000
 7 7 20 12 42 8219.10000 5.38100000 210.26000 38.56000 17.00000 48.06000
 7 7 20 12 43 8218.50000 5.38100000 210.24000 38.56000 17.00000 48.06000
 7 7 20 12 43 8215.80000 5.38100000 210.23000 38.56000 17.00000 48.06000
 7 7 20 12 44 8216.50000 5.38100000 210.24000 38.54000 17.00000 48.06000
 7 7 20 12 44 8216.50000 5.38100000 210.23000 38.54000 17.00000 48.06000
 7 7 20 12 45 8216.40000 5.38100000 210.31000 38.54000 17.00000 48.06000
 7 7 20 12 45 8216.10000 5.38100000 210.31000 38.54000 17.00000 48.06000
 7 7 20 12 46 8216.10000 5.38100000 210.30000 38.56000 17.00000 48.06000
 7 7 20 12 46 8216.10000 5.38100000 210.30000 38.54000 17.00000 48.06000
 7 7 20 12 47 8215.90000 5.38900000 210.37000 38.54000 17.00000 48.08700
 7 7 20 12 47 8215.80000 5.38900000 210.41000 38.54000 17.00000 48.06000
 7 7 20 12 48 8215.90000 5.38900000 210.41000 38.54000 17.00000 48.06000
 7 7 20 12 48 8215.80000 5.38900000 210.41000 38.56000 17.00000 48.06000
 7 7 20 12 48 8215.80000 5.38900000 210.41000 38.54000 17.00000 48.06000
 7 7 20 12 49 8215.70000 5.38900000 210.41000 38.54000 17.00000 48.08700
 7 7 20 12 49 8215.70000 5.38900000 210.41000 38.54000 17.00000 48.06000
 7 7 20 12 50 8215.80000 5.38900000 210.47000 38.54000 17.00000 48.08700
 7 7 20 12 50 8215.80000 5.38900000 210.46000 38.54000 17.00000 48.06000
 7 7 20 12 51 8215.70000 5.38900000 210.50000 38.54000 17.02700 48.06000
 7 7 20 12 51 8215.90000 5.38900000 210.50000 38.54000 17.00800 48.06000
 7 7 20 12 52 8215.90000 5.38900000 210.69000 38.54000 17.00800 48.08700
 7 7 20 12 52 8215.80000 5.38900000 210.69000 38.54000 17.05900 48.06000
 7 7 20 12 53 8216.10000 5.39700000 210.73000 38.58000 17.05900 48.06000
 7 7 20 12 53 8216.00000 5.39700000 210.73000 38.58000 17.05900 48.35300
 7 7 20 12 54 8216.00000 5.39700000 210.75000 38.58000 17.05900 48.06000
 7 7 20 12 54 8215.50000 5.39700000 210.75000 38.58000 17.05900 48.06000
 7 7 20 12 55 8216.20000 5.39700000 210.75000 38.58000 17.05900 48.08700
 7 7 20 12 55 8217.30000 5.39700000 210.75000 38.58000 17.05900 48.06000
 7 7 20 12 55 8217.60000 5.39700000 210.75000 38.58000 17.05900 48.06000
 7 7 20 12 56 8218.70000 5.39700000 210.89000 38.58000 17.05900 48.06000
 7 7 20 12 56 8219.00000 5.39400000 210.89000 38.58000 17.10000 48.06000
 7 7 20 12 57 8221.70000 5.39400000 210.88000 38.58000 17.10000 48.06000
 7 7 20 12 57 8221.60000 5.39400000 210.87000 38.57000 17.10000 48.06000
 7 7 20 12 58 8221.60000 5.39400000 210.78000 38.57000 17.10000 48.06000
 7 7 20 12 59 8221.50000 5.39400000 210.79000 38.57000 17.10000 48.06000
 7 7 20 12 59 8221.60000 5.39400000 210.79000 38.57000 17.10000 48.08700
 7 7 20 12 59 8221.60000 5.39400000 210.79000 38.57000 17.10000 48.08700
 7 7 20 13 00 8221.50000 5.39400000 210.73000 38.57000 17.10000 48.08700
 7 7 20 13 00 8220.60000 5.39400000 210.76000 38.57000 17.10000 48.06000
 7 7 20 13 01 8220.70000 5.39400000 210.77000 38.57000 17.10000 48.06000
 7 7 20 13 01 8220.70000 5.39400000 210.77000 38.57000 17.10000 48.06000
