M=[
 6 2 21 00 33 31880.50000 7.11100000 1439.86000 128.77000 19.28600 80.42500
 6 2 21 00 33 31880.20000 7.11000000 1439.09000 128.66000 19.28600 80.42500
 6 2 21 00 34 31910.30000 7.10800000 1439.51000 128.91000 19.28600 80.42500
 6 2 21 00 34 31916.50000 7.10800000 1439.98000 128.91000 19.28600 80.43900
 6 2 21 00 34 31918.40000 7.11200000 1439.98000 128.91000 19.28600 80.43900
 6 2 21 00 35 31990.80000 7.11200000 1441.80000 128.91000 19.28600 80.43900
 6 2 21 00 35 31998.30000 7.12300000 1441.00000 128.98000 19.30500 80.43900
 6 2 21 00 36 32040.00000 7.11600000 1441.26000 129.00000 19.30500 80.34700
 6 2 21 00 36 32081.70000 7.11600000 1442.06000 129.00000 19.30500 80.34700
 6 2 21 00 37 32146.30000 7.11800000 1445.00000 129.50000 19.30500 80.34700
 6 2 21 00 37 32149.90000 7.11400000 1445.33000 129.50000 19.30500 80.34700
 6 2 21 00 37 32111.20000 7.11400000 1444.29000 129.50000 19.30500 80.34700
 6 2 21 00 38 32107.60000 7.11400000 1444.29000 129.33000 19.30500 80.34700
 6 2 21 00 38 32075.00000 7.11400000 1445.49000 129.33000 19.30500 80.34700
 6 2 21 00 39 32082.80000 7.11400000 1446.10000 129.34000 19.30500 80.34700
 6 2 21 00 39 32093.60000 7.11400000 1446.46000 129.34000 19.30500 80.34700
 6 2 21 00 40 32094.00000 7.11400000 1446.89000 129.34000 19.30500 80.37500
 6 2 21 00 40 32074.80000 7.07900000 1445.85000 129.50000 19.30500 80.37500
 6 2 21 00 40 32003.60000 7.07900000 1444.00000 129.31000 19.30500 80.37500
 6 2 21 00 41 32045.90000 7.07800000 1444.00000 129.33000 19.30500 80.37500
 6 2 21 00 41 32029.70000 7.07800000 1444.12000 129.24000 19.30500 80.37500
 6 2 21 00 42 32051.30000 7.07800000 1446.39000 129.24000 19.30500 80.37500
 6 2 21 00 42 32036.60000 7.07800000 1444.19000 129.16000 19.30500 80.37500
 6 2 21 00 43 32005.00000 7.07800000 1444.18000 129.05000 19.30500 80.37500
 6 2 21 00 43 32035.10000 7.07800000 1445.56000 129.24000 19.30500 80.37500
 6 2 21 00 43 32033.30000 7.07800000 1445.55000 129.20000 19.30500 80.28500
 6 2 21 00 44 32035.00000 7.07800000 1445.55000 129.21000 19.30500 80.28500
 6 2 21 00 44 32057.00000 7.07800000 1446.40000 129.29000 19.30500 80.28500
 6 2 21 00 45 32072.40000 7.07800000 1447.29000 129.29000 19.30500 80.28500
 6 2 21 00 45 32035.00000 7.07800000 1447.25000 129.29000 19.30500 80.28500
 6 2 21 00 46 32013.70000 7.07800000 1444.60000 129.23000 19.43400 80.28500
 6 2 21 00 46 32028.60000 7.07800000 1444.25000 129.23000 19.43400 80.26900
 6 2 21 00 46 32035.30000 7.07800000 1444.01000 129.25000 19.43400 80.26900
 6 2 21 00 47 32048.60000 7.09800000 1443.43000 129.33000 19.43400 80.26900
 6 2 21 00 47 32034.50000 7.09800000 1443.45000 129.24000 19.43400 80.26900
 6 2 21 00 48 32030.30000 7.09500000 1443.44000 129.24000 19.43400 80.26900
 6 2 21 00 48 32042.70000 7.09000000 1442.04000 129.24000 19.43400 80.23800
 6 2 21 00 49 32049.90000 7.10000000 1441.75000 129.24000 19.43400 80.23800
 6 2 21 00 49 32049.90000 7.10000000 1440.74000 129.24000 19.43400 80.23800
 6 2 21 00 49 32079.90000 7.10000000 1440.63000 129.29000 19.53000 80.23800
 6 2 21 00 50 32097.90000 7.08900000 1441.14000 129.27000 19.53000 80.19600
 6 2 21 00 50 32097.90000 7.08900000 1438.59000 129.17000 19.53000 80.19600
 6 2 21 00 51 32097.90000 7.08900000 1438.48000 129.24000 19.53000 80.19600
 6 2 21 00 51 32097.90000 7.08900000 1438.74000 129.23000 19.53000 80.19600
 6 2 21 00 52 32113.50000 7.08900000 1439.75000 129.23000 19.53000 80.19600
 6 2 21 00 52 32149.90000 7.08900000 1441.65000 129.23000 19.53000 80.19600
 6 2 21 00 52 32150.00000 7.06500000 1440.26000 129.26000 19.53000 80.19600
 6 2 21 00 53 32143.10000 7.06500000 1438.21000 129.26000 19.53000 80.19600
 6 2 21 00 53 32148.30000 7.06500000 1438.63000 129.26000 19.53000 80.19600
 6 2 21 00 54 32187.20000 7.06500000 1438.34000 129.27000 19.53000 80.19600
 6 2 21 00 54 32189.00000 7.06500000 1438.59000 129.28000 19.53100 80.19600
 6 2 21 00 55 32200.00000 7.06500000 1439.00000 129.28000 19.53100 80.33000
 6 2 21 00 55 32200.00000 7.06500000 1438.83000 129.34000 19.53100 80.33000
 6 2 21 00 55 32200.00000 7.06500000 1437.80000 129.34000 19.53100 80.33000
 6 2 21 00 56 32173.90000 7.06500000 1436.75000 129.49000 19.53100 80.33000
 6 2 21 00 56 32191.60000 7.06500000 1436.12000 129.49000 19.53100 80.33000
 6 2 21 00 57 32191.60000 7.06600000 1437.31000 129.50000 19.53100 80.33000
 6 2 21 00 57 32191.60000 7.06600000 1436.35000 129.50000 19.53100 80.33000
 6 2 21 00 58 32154.50000 7.05700000 1436.12000 129.50000 19.53100 80.33000
 6 2 21 00 58 32154.10000 7.05700000 1435.59000 129.49000 19.53100 80.33000
 6 2 21 00 58 32150.00000 7.06100000 1436.58000 129.52000 19.53100 80.33000
 6 2 21 00 59 32150.00000 7.06100000 1435.55000 129.65000 19.53100 80.33000
 6 2 21 00 59 32150.00000 7.06100000 1435.79000 129.65000 19.53100 80.33000
 6 2 21 01 00 32150.00000 7.06100000 1434.40000 129.65000 19.53100 80.33000
 6 2 21 01 00 32182.20000 7.06100000 1435.58000 129.65000 19.53100 80.33000
 6 2 21 01 01 32183.60000 7.06800000 1434.07000 129.57000 19.53100 80.33000
 6 2 21 01 01 32178.20000 7.06800000 1432.06000 129.57000 19.53100 80.35100
 6 2 21 01 01 32177.80000 7.06800000 1431.62000 129.57000 19.53100 80.35100
 6 2 21 01 02 32172.70000 7.06800000 1431.36000 129.54000 19.53100 80.38100
 6 2 21 01 02 32148.60000 7.06600000 1430.81000 129.40000 19.54900 80.30600
 6 2 21 01 03 32118.70000 7.06400000 1430.81000 129.40000 19.62900 80.28900
 6 2 21 01 03 32062.70000 7.06400000 1430.01000 129.11000 19.62900 80.28900
 6 2 21 01 04 32101.00000 7.06400000 1430.00000 128.99000 19.62900 79.93100
 6 2 21 01 04 32115.20000 7.03500000 1431.07000 129.08000 19.62900 79.93100
 6 2 21 01 04 32083.70000 7.03500000 1429.82000 129.09000 19.62900 79.93100
 6 2 21 01 05 32115.00000 7.04300000 1430.87000 129.09000 19.62900 79.93100
 6 2 21 01 05 32149.20000 7.04300000 1431.43000 129.12000 19.62900 79.93100
 6 2 21 01 06 32167.60000 7.04300000 1432.54000 129.12000 19.62900 79.93100
 6 2 21 01 06 32167.60000 7.04300000 1432.49000 129.12000 19.56900 79.93100
 6 2 21 01 07 32167.40000 7.04300000 1432.81000 129.12000 19.56900 79.93100
 6 2 21 01 07 32172.00000 7.04300000 1432.71000 129.18000 19.56900 79.93100
 6 2 21 01 07 32172.30000 7.04300000 1432.72000 129.18000 19.56900 79.93100
 6 2 21 01 08 32172.90000 7.04300000 1433.10000 129.28000 19.56900 79.93100
 6 2 21 01 08 32180.00000 7.04300000 1433.33000 129.41000 19.56900 79.93100
 6 2 21 01 09 32167.40000 7.04300000 1433.25000 129.41000 19.56900 79.93100
 6 2 21 01 09 32170.00000 7.06100000 1433.25000 129.41000 19.56900 79.93100
 6 2 21 01 10 32170.10000 7.06100000 1433.30000 129.41000 19.56900 79.93100
 6 2 21 01 10 32169.90000 7.06100000 1433.68000 129.31000 19.56900 79.93100
 6 2 21 01 10 32172.90000 7.06100000 1434.09000 129.31000 19.49400 79.93100
 6 2 21 01 11 32195.80000 7.06100000 1434.75000 129.29000 19.49400 79.93100
 6 2 21 01 11 32195.90000 7.06100000 1433.99000 129.36000 19.49400 79.93100
 6 2 21 01 12 32221.90000 7.06100000 1434.25000 129.46000 19.49400 79.93100
 6 2 21 01 12 32228.20000 7.06100000 1433.50000 129.42000 19.49400 79.93100
 6 2 21 01 13 32231.00000 7.06100000 1432.57000 129.41000 19.64000 79.93100
 6 2 21 01 13 32231.00000 7.06100000 1432.75000 129.41000 19.69800 79.93100
 6 2 21 01 13 32282.30000 7.07900000 1432.51000 129.41000 19.65300 79.93100
 6 2 21 01 14 32299.90000 7.08800000 1425.45000 129.41000 19.65300 79.93100
 6 2 21 01 14 32323.60000 7.08800000 1426.18000 129.41000 19.65300 79.93100
 6 2 21 01 15 32323.00000 7.08800000 1427.69000 129.41000 19.72900 79.93100
 6 2 21 01 15 32299.40000 7.08800000 1427.20000 129.56000 19.72900 79.93100
 6 2 21 01 16 32256.20000 7.08800000 1424.02000 129.56000 19.79900 80.25200
 6 2 21 01 16 32304.20000 7.09100000 1425.98000 129.64000 19.79900 80.25200
 6 2 21 01 16 32339.80000 7.09100000 1426.02000 129.58000 19.79900 80.25200
 6 2 21 01 17 32364.30000 7.09100000 1427.12000 129.58000 19.79900 80.25200
 6 2 21 01 17 32364.30000 7.09100000 1427.80000 129.84000 19.79900 80.25200
