M=[
 7 11 20 21 06 12511.40000 4.30000000 366.89000 49.66000 11.78600 48.33000
 7 11 20 21 07 12502.50000 4.30000000 366.88000 49.66000 11.78600 48.33000
 7 11 20 21 07 12502.60000 4.30000000 366.92000 49.66000 11.78600 48.33000
 7 11 20 21 08 12517.70000 4.30000000 366.92000 49.65000 11.78600 48.33000
 7 11 20 21 08 12511.80000 4.30000000 366.84000 49.65000 11.78600 48.33000
 7 11 20 21 08 12520.00000 4.30000000 366.84000 49.54000 11.78600 48.33000
 7 11 20 21 09 12520.00000 4.30000000 366.79000 49.54000 11.78600 48.33000
 7 11 20 21 09 12545.00000 4.30000000 367.28000 49.52000 11.78600 48.33000
 7 11 20 21 10 12541.90000 4.30000000 367.28000 49.52000 11.78600 48.33000
 7 11 20 21 10 12540.00000 4.30000000 367.21000 49.57000 11.78600 48.33000
 7 11 20 21 11 12525.30000 4.30000000 367.29000 49.53000 11.78600 48.33000
 7 11 20 21 11 12531.70000 4.30000000 367.34000 49.53000 11.78600 48.33000
 7 11 20 21 11 12525.40000 4.30000000 366.96000 49.52000 11.85000 48.33000
 7 11 20 21 12 12520.10000 4.30000000 366.96000 49.52000 11.85000 48.33000
 7 11 20 21 12 12500.00000 4.30000000 366.79000 49.52000 11.85000 48.33000
 7 11 20 21 13 12504.80000 4.30000000 366.79000 49.52000 11.85000 48.33000
 7 11 20 21 13 12524.80000 4.30000000 366.85000 49.52000 11.85000 48.20400
 7 11 20 21 14 12522.40000 4.30000000 367.08000 49.52000 11.85000 48.20400
 7 11 20 21 14 12522.90000 4.30000000 367.03000 49.52000 11.85000 48.20400
 7 11 20 21 14 12540.70000 4.30000000 367.05000 49.52000 11.85000 48.20400
 7 11 20 21 15 12540.20000 4.30000000 367.08000 49.52000 11.85000 48.20400
 7 11 20 21 15 12532.70000 4.30000000 367.03000 49.52000 11.85000 48.20400
 7 11 20 21 16 12534.60000 4.30000000 367.04000 49.52000 11.85000 48.20400
 7 11 20 21 16 12533.80000 4.30000000 367.00000 49.52000 11.85000 48.20400
 7 11 20 21 17 12528.10000 4.30000000 367.00000 49.52000 11.85000 48.20400
 7 11 20 21 17 12525.00000 4.30000000 366.55000 49.52000 11.85000 48.20400
 7 11 20 21 17 12520.10000 4.30000000 366.51000 49.52000 11.85000 48.20400
 7 11 20 21 18 12504.90000 4.30000000 366.63000 49.52000 11.85000 48.20400
 7 11 20 21 18 12504.90000 4.30000000 366.63000 49.52000 11.85000 48.20400
 7 11 20 21 19 12501.10000 4.30000000 366.53000 49.58000 11.85000 48.20400
 7 11 20 21 19 12500.10000 4.30000000 366.14000 49.55000 11.85000 48.20400
 7 11 20 21 20 12500.00000 4.30000000 366.10000 49.55000 11.85000 48.20400
 7 11 20 21 20 12500.10000 4.30000000 365.97000 49.55000 11.85000 48.14200
 7 11 20 21 20 12485.10000 4.29400000 365.58000 49.43000 11.85000 48.14200
 7 11 20 21 21 12459.40000 4.29400000 365.01000 49.38000 11.85000 48.14200
 7 11 20 21 21 12459.50000 4.29400000 365.00000 49.37000 11.85000 48.14200
 7 11 20 21 22 12458.40000 4.29400000 365.63000 49.37000 11.85000 48.14200
 7 11 20 21 22 12451.10000 4.29400000 365.53000 49.40000 11.85000 48.14200
 7 11 20 21 23 12459.20000 4.29400000 365.41000 49.40000 11.85000 48.14200
 7 11 20 21 23 12460.20000 4.28100000 365.83000 49.40000 11.85000 48.14200
 7 11 20 21 23 12464.20000 4.28100000 365.81000 49.40000 11.85000 48.14200
 7 11 20 21 24 12469.40000 4.28100000 365.81000 49.41000 11.85000 48.14200
 7 11 20 21 24 12469.40000 4.28100000 365.80000 49.40000 11.87000 48.14200
 7 11 20 21 25 12469.30000 4.28100000 365.80000 49.40000 11.87000 48.14200
 7 11 20 21 25 12468.20000 4.28100000 365.80000 49.41000 11.87000 48.14200
 7 11 20 21 26 12464.30000 4.28100000 365.81000 49.38000 11.87000 48.14200
 7 11 20 21 26 12450.10000 4.28100000 365.31000 49.38000 11.87000 48.14200
 7 11 20 21 26 12425.60000 4.28100000 365.31000 49.24000 11.87000 47.92000
 7 11 20 21 27 12427.50000 4.28100000 365.71000 49.24000 11.87000 47.92000
 7 11 20 21 27 12465.00000 4.28100000 366.39000 49.34000 11.87000 47.92000
 7 11 20 21 28 12466.80000 4.28100000 366.51000 49.34000 11.87000 47.92000
 7 11 20 21 28 12469.20000 4.28100000 366.86000 49.44000 11.87000 47.92000
 7 11 20 21 29 12488.30000 4.28100000 366.94000 49.45000 11.87000 47.92000
 7 11 20 21 29 12477.50000 4.28100000 366.82000 49.45000 11.89000 47.92000
 7 11 20 21 29 12480.80000 4.28100000 366.70000 49.52000 11.87000 47.92000
 7 11 20 21 30 12481.90000 4.28100000 366.70000 49.52000 11.87000 47.92000
 7 11 20 21 30 12481.10000 4.28100000 366.70000 49.52000 11.87000 47.92000
 7 11 20 21 31 12473.30000 4.28100000 366.37000 49.52000 11.87000 47.92000
 7 11 20 21 31 12460.40000 4.29200000 366.41000 49.52000 11.87000 47.92000
 7 11 20 21 32 12452.00000 4.29200000 366.25000 49.43000 11.92000 47.92000
 7 11 20 21 32 12450.00000 4.29200000 366.01000 49.40000 11.92000 47.92000
 7 11 20 21 32 12449.90000 4.29200000 366.01000 49.40000 11.92000 47.92000
 7 11 20 21 33 12450.00000 4.29200000 366.15000 49.40000 11.92000 47.92000
 7 11 20 21 33 12445.00000 4.29200000 366.00000 49.40000 11.92000 47.92000
 7 11 20 21 34 12450.00000 4.29200000 366.00000 49.41000 11.92000 47.92000
 7 11 20 21 34 12446.90000 4.29200000 366.00000 49.41000 11.92000 47.92000
 7 11 20 21 35 12450.00000 4.29200000 366.01000 49.48000 11.92000 47.92000
 7 11 20 21 35 12447.00000 4.29200000 365.77000 49.48000 11.92000 47.92000
 7 11 20 21 35 12442.80000 4.29200000 365.77000 49.48000 11.92000 47.92000
 7 11 20 21 36 12439.80000 4.29200000 365.38000 49.48000 11.92000 47.92000
 7 11 20 21 36 12442.90000 4.29200000 365.14000 49.48000 11.92000 47.92000
 7 11 20 21 37 12437.80000 4.29200000 365.11000 49.48000 11.92000 47.92000
 7 11 20 21 37 12441.90000 4.29200000 365.29000 49.48000 11.92000 47.92000
 7 11 20 21 38 12437.90000 4.29200000 365.12000 49.43000 11.92000 47.92000
 7 11 20 21 38 12437.80000 4.29200000 365.21000 49.43000 11.92000 47.92000
 7 11 20 21 38 12436.80000 4.29200000 365.06000 49.43000 11.87000 47.92000
 7 11 20 21 39 12436.80000 4.29200000 365.01000 49.43000 11.87000 47.92000
 7 11 20 21 39 12447.20000 4.29200000 365.21000 49.43000 11.87000 47.92000
 7 11 20 21 40 12446.60000 4.29200000 365.06000 49.43000 11.87000 47.92000
 7 11 20 21 40 12448.10000 4.29200000 365.35000 49.43000 11.87000 47.92000
 7 11 20 21 41 12448.10000 4.29200000 365.35000 49.43000 11.87000 47.92000
 7 11 20 21 41 12448.00000 4.29200000 365.40000 49.43000 11.87000 47.92000
 7 11 20 21 41 12449.50000 4.29200000 365.40000 49.44000 11.87000 47.92000
 7 11 20 21 42 12448.20000 4.29200000 365.20000 49.44000 11.87000 47.92000
 7 11 20 21 42 12443.20000 4.29200000 365.20000 49.44000 11.87000 47.92000
 7 11 20 21 43 12441.10000 4.29200000 365.20000 49.44000 11.87000 47.92000
 7 11 20 21 43 12440.80000 4.29200000 365.00000 49.44000 11.87000 47.92000
 7 11 20 21 44 12448.10000 4.29200000 365.02000 49.44000 11.87000 47.92000
 7 11 20 21 44 12438.10000 4.29200000 365.00000 49.44000 11.87000 47.92000
 7 11 20 21 44 12434.00000 4.29200000 364.51000 49.44000 11.87000 47.92000
 7 11 20 21 45 12441.70000 4.29200000 364.40000 49.44000 11.87000 47.92000
 7 11 20 21 45 12432.70000 4.29200000 364.00000 49.44000 11.87000 47.92000
 7 11 20 21 46 12430.00000 4.29200000 363.95000 49.44000 11.87000 47.92000
 7 11 20 21 46 12431.50000 4.29200000 363.94000 49.44000 11.87000 47.92000
 7 11 20 21 47 12415.20000 4.29200000 363.85000 49.44000 11.87000 47.92000
 7 11 20 21 47 12410.70000 4.29200000 363.25000 49.44000 11.87000 47.92300
 7 11 20 21 47 12390.40000 4.29200000 362.90000 49.29000 11.87000 47.92300
 7 11 20 21 48 12389.10000 4.29200000 362.90000 49.29000 11.87000 47.92300
 7 11 20 21 48 12390.90000 4.29200000 363.10000 49.29000 11.87000 47.92300
 7 11 20 21 49 12400.00000 4.29200000 363.02000 49.25000 11.87000 47.92300
 7 11 20 21 49 12403.70000 4.29200000 363.33000 49.25000 11.87000 47.92200
 7 11 20 21 50 12426.40000 4.29200000 363.33000 49.25000 11.87000 47.92200
 7 11 20 21 50 12452.60000 4.29200000 364.55000 49.25000 11.87000 47.92200
 7 11 20 21 50 12448.30000 4.29200000 364.76000 49.25000 11.87000 47.92200
 7 11 20 21 51 12450.70000 4.28200000 365.01000 49.25000 11.87000 47.92200
 7 11 20 21 51 12453.40000 4.28200000 365.01000 49.47000 11.87000 47.92200
