M=[
 9 5 21 22 08 47800.50000 98.05600000 3212.08000 303.41000 37.20000 241.50100
 9 5 21 22 08 47789.90000 98.05600000 3213.75000 303.04000 37.20000 241.50100
 9 5 21 22 09 47793.00000 98.22500000 3214.03000 303.09000 37.20000 241.50100
 9 5 21 22 09 47793.00000 98.06400000 3213.73000 303.20000 37.20000 241.50100
 9 5 21 22 10 47760.80000 98.02500000 3210.90000 302.44000 37.20000 242.17700
 9 5 21 22 10 47817.30000 98.36400000 3213.84000 302.44000 37.20000 242.17700
 9 5 21 22 10 47804.60000 98.37500000 3213.99000 302.44000 37.20000 242.17700
 9 5 21 22 11 47807.00000 98.37500000 3214.70000 302.75000 37.20000 242.38900
 9 5 21 22 11 47816.80000 98.37500000 3214.70000 302.52000 37.20000 242.38900
 9 5 21 22 12 47817.30000 98.20300000 3217.57000 302.29000 37.20000 242.38900
 9 5 21 22 12 47808.20000 98.34600000 3217.29000 302.36000 37.31400 242.38900
 9 5 21 22 13 47815.20000 98.36200000 3218.53000 302.29000 37.31400 242.38900
 9 5 21 22 13 47815.00000 98.36100000 3216.58000 302.16000 37.31400 242.38900
 9 5 21 22 13 47814.00000 98.37400000 3216.45000 301.97000 37.31400 242.38900
 9 5 21 22 14 47815.10000 98.51400000 3216.44000 302.07000 37.20700 242.61400
 9 5 21 22 14 47815.20000 98.51400000 3215.10000 302.07000 37.20700 242.61400
 9 5 21 22 15 47821.70000 98.41200000 3216.95000 302.24000 37.20700 242.45300
 9 5 21 22 15 47835.10000 98.39000000 3218.62000 302.24000 37.20700 242.27700
 9 5 21 22 16 47835.20000 98.39000000 3218.62000 302.24000 37.20700 242.27700
 9 5 21 22 16 47857.60000 98.39000000 3218.61000 302.24000 37.20700 242.27700
 9 5 21 22 16 47842.00000 98.19400000 3216.32000 302.14000 37.20700 242.04900
 9 5 21 22 17 47821.80000 97.87600000 3215.81000 302.02000 37.20700 242.04900
 9 5 21 22 17 47815.10000 97.87600000 3212.04000 301.93000 37.20700 242.04900
 9 5 21 22 18 47815.10000 97.87600000 3213.26000 302.05000 37.20700 242.04900
 9 5 21 22 18 47841.50000 98.20100000 3215.96000 302.05000 37.20700 242.04900
 9 5 21 22 19 47856.10000 97.94500000 3216.00000 302.05000 37.20700 242.04900
 9 5 21 22 19 47900.00000 98.01000000 3216.92000 302.44000 37.20700 242.04900
 9 5 21 22 19 47900.00000 98.21500000 3216.93000 302.44000 37.20700 242.04900
 9 5 21 22 20 47900.00000 98.21500000 3216.92000 303.21000 37.20700 242.04900
 9 5 21 22 20 47890.30000 98.19300000 3214.38000 303.65000 37.20700 242.04900
 9 5 21 22 21 47889.90000 98.16400000 3214.36000 303.84000 37.20700 242.04900
 9 5 21 22 21 47868.60000 98.11100000 3209.20000 304.64000 37.20700 242.04900
 9 5 21 22 22 47860.00000 98.03000000 3209.76000 304.53000 37.20700 242.04900
 9 5 21 22 22 47860.00000 97.65800000 3206.37000 304.65000 37.20700 242.04900
 9 5 21 22 22 47850.00000 97.67800000 3207.81000 305.00000 37.20700 242.04900
 9 5 21 22 23 47864.80000 98.05900000 3209.76000 305.48000 37.20700 242.04900
 9 5 21 22 23 47864.70000 97.69100000 3206.86000 305.50000 37.20700 242.04900
 9 5 21 22 24 47849.10000 97.72400000 3208.05000 305.46000 37.20700 241.81500
 9 5 21 22 24 47836.80000 97.72400000 3205.38000 305.74000 37.20700 241.81500
 9 5 21 22 25 47849.20000 97.72400000 3205.38000 305.71000 37.20700 241.81500
 9 5 21 22 25 47848.30000 97.72400000 3206.57000 305.71000 37.20700 241.81500
 9 5 21 22 25 47848.20000 97.72400000 3206.89000 305.71000 37.20700 241.81500
 9 5 21 22 26 47848.30000 97.72200000 3206.31000 305.71000 37.20700 241.81500
 9 5 21 22 26 47868.00000 97.72200000 3207.24000 305.90000 37.20700 241.81500
 9 5 21 22 27 47886.50000 97.72200000 3207.51000 305.97000 37.20700 241.81500
 9 5 21 22 27 47886.50000 97.72200000 3207.97000 306.33000 37.20700 241.81500
 9 5 21 22 28 47899.90000 97.91800000 3207.21000 308.40000 37.20700 242.26600
 9 5 21 22 28 47900.00000 97.69700000 3206.25000 309.38000 37.20700 242.26600
 9 5 21 22 28 47867.30000 97.69700000 3201.90000 309.47000 37.20700 242.41800
 9 5 21 22 29 47864.90000 97.69700000 3201.73000 309.56000 37.20700 241.95900
 9 5 21 22 29 47864.80000 97.69700000 3206.36000 309.99000 37.20700 242.44000
 9 5 21 22 30 47890.10000 97.69700000 3206.02000 309.99000 37.20700 242.44000
 9 5 21 22 30 47907.50000 97.85000000 3208.96000 310.79000 37.20700 242.87600
 9 5 21 22 31 47912.10000 97.84700000 3209.34000 310.93000 37.20700 242.87600
 9 5 21 22 31 47914.60000 97.84700000 3209.76000 312.00000 37.20700 243.67000
 9 5 21 22 31 47914.50000 97.76700000 3209.76000 310.42000 37.20700 243.67000
 9 5 21 22 32 47914.60000 97.76700000 3211.67000 311.51000 37.20700 243.67000
 9 5 21 22 32 47914.60000 97.76700000 3211.67000 311.10000 37.20700 243.67000
 9 5 21 22 33 47912.10000 97.76700000 3211.63000 312.32000 37.20700 243.67000
 9 5 21 22 33 47911.80000 98.03100000 3211.66000 313.73000 37.20700 244.81200
 9 5 21 22 34 47885.60000 97.90100000 3211.66000 313.85000 37.20700 245.27800
 9 5 21 22 34 47892.90000 97.90800000 3211.66000 314.18000 37.20700 245.27800
 9 5 21 22 34 47887.00000 97.90800000 3211.66000 313.61000 37.20700 245.27800
 9 5 21 22 35 47890.10000 97.90800000 3211.67000 313.53000 37.20700 245.27800
 9 5 21 22 35 47908.40000 97.90800000 3211.67000 314.78000 37.20700 245.58000
 9 5 21 22 36 47903.70000 97.85600000 3211.67000 315.17000 37.20700 245.91400
 9 5 21 22 36 47893.00000 97.89000000 3211.66000 315.99000 37.20700 245.56700
 9 5 21 22 37 47864.40000 97.85600000 3211.66000 314.80000 37.20700 245.56700
 9 5 21 22 37 47864.80000 97.67700000 3211.58000 314.90000 37.20700 245.56700
 9 5 21 22 37 47864.80000 97.44200000 3210.78000 316.06000 37.20700 245.56700
 9 5 21 22 38 47863.70000 97.54200000 3209.89000 316.27000 37.20700 245.56700
 9 5 21 22 38 47842.50000 97.30000000 3210.01000 317.05000 37.20700 245.56700
 9 5 21 22 39 47837.20000 97.30000000 3209.60000 317.61000 37.20700 244.13900
 9 5 21 22 39 47837.10000 97.30000000 3209.08000 315.99000 37.20700 244.13900
 9 5 21 22 40 47836.70000 97.30000000 3207.50000 316.73000 37.20700 244.13900
 9 5 21 22 40 47836.50000 97.45200000 3209.77000 315.34000 37.20700 244.27500
 9 5 21 22 40 47832.30000 97.45200000 3207.49000 314.82000 37.20700 244.27500
 9 5 21 22 41 47835.70000 97.45200000 3209.39000 315.59000 37.20700 244.27500
 9 5 21 22 41 47835.60000 97.45200000 3211.66000 314.55000 37.20700 244.27500
 9 5 21 22 42 47878.90000 97.62700000 3211.59000 313.92000 37.20700 244.27500
 9 5 21 22 42 47878.90000 97.55000000 3211.66000 314.21000 37.20700 244.27500
 9 5 21 22 43 47870.20000 97.38300000 3211.66000 314.12000 37.20700 244.27500
 9 5 21 22 43 47867.40000 97.05800000 3211.61000 315.37000 37.20700 244.27500
 9 5 21 22 43 47820.20000 97.00100000 3205.91000 315.02000 37.20700 243.80000
 9 5 21 22 44 47759.40000 97.00000000 3201.21000 314.04000 37.20700 243.53100
 9 5 21 22 44 47718.20000 96.67400000 3197.69000 313.08000 37.20700 243.53100
 9 5 21 22 45 47727.70000 96.65500000 3197.95000 312.10000 37.20700 243.53100
 9 5 21 22 45 47765.40000 96.97100000 3200.11000 314.78000 37.20700 243.53100
 9 5 21 22 46 47774.00000 96.72100000 3195.71000 314.30000 37.20700 243.53100
 9 5 21 22 46 47744.00000 96.74800000 3195.41000 313.98000 37.20700 243.53100
 9 5 21 22 46 47755.70000 96.74800000 3192.69000 313.57000 37.20700 242.57800
 9 5 21 22 47 47727.50000 96.71900000 3189.55000 313.09000 37.20700 242.57800
 9 5 21 22 47 47727.50000 96.84700000 3190.80000 312.80000 37.20700 242.79000
 9 5 21 22 48 47738.80000 97.01200000 3190.86000 314.27000 37.20700 243.30300
 9 5 21 22 48 47739.00000 97.07400000 3193.60000 315.05000 37.20700 243.30300
 9 5 21 22 49 47738.90000 96.95300000 3195.34000 316.06000 37.20700 243.30300
 9 5 21 22 49 47738.90000 96.95300000 3192.42000 315.77000 37.20700 243.30300
 9 5 21 22 49 47765.50000 97.10700000 3194.27000 316.05000 37.20700 243.30300
 9 5 21 22 50 47765.50000 97.10700000 3194.89000 315.96000 37.20700 243.30300
 9 5 21 22 50 47765.50000 97.10700000 3194.89000 315.24000 37.20700 243.30300
 9 5 21 22 51 47765.50000 97.16100000 3193.74000 315.37000 37.00000 244.85600
 9 5 21 22 51 47765.60000 97.16100000 3194.90000 316.14000 37.00000 244.85600
