M=[
 2 7 21 02 58 28080.50000 44.57300000 1766.89000 114.31000 19.30800 98.86100
 2 7 21 02 59 28091.50000 44.57300000 1768.00000 114.31000 19.30800 98.86100
 2 7 21 02 59 28091.50000 44.57300000 1768.00000 114.31000 19.30800 98.86100
 2 7 21 03 00 28100.90000 44.57300000 1767.79000 114.31000 19.30800 98.86100
 2 7 21 03 00 28109.80000 44.57300000 1767.79000 114.31000 19.30800 98.86100
 2 7 21 03 01 28094.10000 44.57300000 1767.79000 114.31000 19.30800 98.86100
 2 7 21 03 01 28084.50000 44.57300000 1767.79000 114.31000 19.30800 98.86100
 2 7 21 03 01 28084.50000 44.57300000 1767.79000 114.54000 19.30800 98.94700
 2 7 21 03 02 28066.20000 44.57300000 1766.69000 114.54000 19.30800 98.94700
 2 7 21 03 02 28050.00000 44.57300000 1766.69000 113.99000 19.30800 98.94700
 2 7 21 03 03 28093.00000 44.57300000 1767.27000 113.99000 19.30800 98.94700
 2 7 21 03 03 28095.80000 44.57300000 1767.27000 114.33000 19.30800 98.94700
 2 7 21 03 04 28095.80000 44.57300000 1767.27000 114.26000 19.30800 98.94700
 2 7 21 03 04 28070.50000 44.51800000 1767.75000 114.26000 19.30800 98.94700
 2 7 21 03 04 28063.60000 44.51800000 1766.11000 114.26000 19.30800 98.94700
 2 7 21 03 05 28064.30000 44.51800000 1766.11000 114.26000 19.30800 98.94700
 2 7 21 03 05 28070.60000 44.57900000 1766.11000 114.26000 19.30800 98.94700
 2 7 21 03 06 28067.90000 44.57900000 1768.17000 114.26000 19.30800 98.94700
 2 7 21 03 06 28086.00000 44.57900000 1768.17000 114.26000 19.30800 98.94700
 2 7 21 03 07 28096.40000 44.57900000 1768.17000 114.26000 19.30800 98.85700
 2 7 21 03 07 28071.30000 44.57900000 1768.17000 114.26000 19.30800 98.85700
 2 7 21 03 08 28071.60000 44.57900000 1768.17000 114.26000 19.30800 98.85700
 2 7 21 03 08 28068.90000 44.57900000 1768.17000 114.26000 19.30800 98.85700
 2 7 21 03 08 28075.10000 44.57900000 1768.17000 114.26000 19.30800 98.85700
 2 7 21 03 09 28076.70000 44.57900000 1768.01000 114.26000 19.30800 98.85700
 2 7 21 03 09 28060.90000 44.57900000 1766.73000 114.26000 19.30800 98.85700
 2 7 21 03 10 28058.50000 44.30000000 1766.31000 114.26000 19.30800 98.85700
 2 7 21 03 10 28068.90000 44.30000000 1766.31000 114.26000 19.30800 98.85700
 2 7 21 03 11 28061.00000 44.30000000 1766.31000 114.26000 19.30800 98.85700
 2 7 21 03 11 28049.90000 44.30000000 1766.39000 114.26000 19.30800 98.85700
 2 7 21 03 11 28034.50000 44.30000000 1766.39000 114.26000 19.30800 98.65200
 2 7 21 03 12 28008.60000 44.30000000 1764.62000 113.95000 19.30800 98.60000
 2 7 21 03 12 27941.60000 44.30000000 1760.81000 113.65000 19.30800 98.20800
 2 7 21 03 13 27936.90000 44.30000000 1760.81000 113.65000 19.30800 98.20800
 2 7 21 03 13 27843.00000 44.10700000 1756.41000 112.93000 19.30800 98.10700
 2 7 21 03 14 27847.60000 44.14900000 1758.63000 112.93000 19.30800 98.10700
 2 7 21 03 14 27888.50000 44.14900000 1758.63000 113.17000 19.30800 98.10700
 2 7 21 03 14 27886.80000 44.14900000 1758.62000 113.24000 19.30800 98.10700
 2 7 21 03 15 27874.60000 44.14900000 1757.49000 113.24000 19.30800 98.10700
 2 7 21 03 15 27880.50000 44.14900000 1757.49000 113.24000 19.30800 98.10700
 2 7 21 03 16 27908.00000 44.14900000 1757.49000 113.24000 19.30800 98.10700
 2 7 21 03 16 27919.80000 44.14900000 1760.00000 113.24000 19.30800 98.10700
 2 7 21 03 17 27873.80000 44.14900000 1759.24000 113.24000 19.30800 98.16400
 2 7 21 03 17 27896.40000 44.16200000 1761.02000 113.24000 19.30800 98.16400
 2 7 21 03 17 27904.50000 44.16200000 1761.63000 113.37000 19.30800 98.16400
 2 7 21 03 18 27920.40000 44.16200000 1761.63000 113.37000 19.30800 98.16400
 2 7 21 03 18 27921.80000 44.16200000 1761.63000 113.37000 19.30800 98.16400
 2 7 21 03 19 27908.60000 44.16200000 1763.05000 113.37000 19.30800 98.16400
 2 7 21 03 19 27904.30000 44.16200000 1762.44000 113.37000 19.30800 98.16400
 2 7 21 03 20 27882.10000 44.16200000 1762.44000 113.37000 19.30800 98.16400
 2 7 21 03 20 27849.50000 44.16200000 1758.50000 113.37000 19.30800 98.16400
 2 7 21 03 20 27856.30000 43.96500000 1759.58000 113.37000 19.30800 98.16400
 2 7 21 03 21 27847.50000 43.96500000 1758.85000 113.19000 19.30800 98.16400
 2 7 21 03 21 27864.30000 43.96500000 1758.85000 113.23000 19.30800 98.16400
 2 7 21 03 22 27887.90000 43.96500000 1758.85000 113.23000 19.30800 98.16400
 2 7 21 03 22 27886.50000 43.92900000 1760.68000 113.23000 19.30800 98.16400
 2 7 21 03 23 27863.10000 43.82000000 1760.68000 113.23000 19.30800 98.16400
 2 7 21 03 23 27867.30000 43.82000000 1760.68000 113.23000 19.30800 98.16400
 2 7 21 03 23 27865.40000 43.82000000 1760.68000 113.23000 19.30800 98.16400
 2 7 21 03 24 27858.30000 43.66200000 1760.68000 113.23000 19.30800 98.16400
 2 7 21 03 24 27858.30000 43.66200000 1760.68000 113.23000 19.30800 98.16400
 2 7 21 03 25 27866.00000 43.66200000 1758.15000 113.23000 19.30800 98.16400
 2 7 21 03 25 27869.80000 43.66200000 1758.15000 113.23000 19.30800 98.16400
 2 7 21 03 26 27781.70000 43.66200000 1748.00000 112.83000 19.30800 97.72700
 2 7 21 03 26 27777.20000 43.59200000 1749.64000 112.83000 19.30800 97.72700
 2 7 21 03 26 27741.10000 43.58100000 1746.38000 112.60000 19.30800 97.58200
 2 7 21 03 27 27743.00000 43.58100000 1742.12000 112.50000 19.30800 97.58200
 2 7 21 03 27 27757.60000 43.56200000 1741.92000 112.63000 19.30800 97.58200
 2 7 21 03 28 27751.20000 43.56200000 1742.13000 112.57000 19.30800 97.58200
 2 7 21 03 28 27756.60000 43.56200000 1742.60000 112.57000 19.30800 97.58200
 2 7 21 03 29 27770.80000 43.56200000 1743.75000 112.72000 19.30800 97.58200
 2 7 21 03 29 27761.30000 43.56200000 1743.31000 112.72000 19.30800 97.58200
 2 7 21 03 29 27770.50000 43.56200000 1743.31000 112.72000 19.30800 97.58200
 2 7 21 03 30 27783.10000 43.56200000 1743.52000 112.72000 19.30800 97.58200
 2 7 21 03 30 27778.30000 43.56200000 1743.52000 112.72000 19.30800 97.58200
 2 7 21 03 31 27820.70000 43.56200000 1743.52000 112.75000 19.30800 97.58200
 2 7 21 03 31 27751.80000 43.65100000 1736.75000 112.41000 19.30800 97.44600
 2 7 21 03 32 27755.10000 43.56300000 1736.72000 112.40000 19.30800 97.44600
 2 7 21 03 32 27778.40000 43.56300000 1739.19000 112.61000 19.30800 97.44600
 2 7 21 03 32 27806.30000 43.56300000 1739.60000 112.61000 19.30800 97.44600
 2 7 21 03 33 27800.00000 43.62400000 1738.89000 112.61000 19.30800 97.44600
 2 7 21 03 33 27786.20000 43.62400000 1739.43000 112.61000 19.30800 97.44600
 2 7 21 03 34 27772.90000 43.62400000 1737.40000 112.61000 19.30800 97.44600
 2 7 21 03 34 27790.90000 43.62400000 1737.40000 112.61000 19.30800 97.44600
 2 7 21 03 35 27805.00000 43.62400000 1740.33000 112.61000 19.30800 97.44600
 2 7 21 03 35 27803.40000 43.64500000 1739.72000 112.61000 19.30800 97.44600
 2 7 21 03 36 27803.40000 43.64500000 1737.01000 112.61000 19.30800 97.44600
 2 7 21 03 36 27805.90000 43.64500000 1737.53000 112.61000 19.30800 97.44600
 2 7 21 03 36 27800.40000 43.64500000 1737.53000 112.61000 19.30800 97.44600
 2 7 21 03 37 27805.60000 43.64500000 1738.18000 112.61000 19.30800 97.44600
 2 7 21 03 37 27802.60000 43.64500000 1738.39000 112.61000 19.30800 97.44600
 2 7 21 03 38 27800.20000 43.64500000 1737.59000 112.61000 19.30800 97.44600
 2 7 21 03 38 27808.80000 43.64500000 1739.01000 112.61000 19.30800 97.44600
 2 7 21 03 39 27819.60000 43.64500000 1739.01000 112.61000 19.30800 97.44600
 2 7 21 03 39 27831.10000 43.64500000 1741.75000 112.61000 19.30800 97.44600
 2 7 21 03 39 27830.70000 43.64500000 1741.75000 112.61000 19.30800 97.44600
 2 7 21 03 40 27828.30000 43.64500000 1739.79000 112.61000 19.30800 97.44600
 2 7 21 03 40 27828.10000 43.64500000 1739.39000 112.61000 19.30800 97.44600
 2 7 21 03 41 27817.20000 43.64500000 1738.00000 112.61000 19.30800 97.44600
 2 7 21 03 41 27813.50000 43.75700000 1737.38000 112.61000 19.30800 97.44600
 2 7 21 03 42 27816.00000 43.75700000 1735.99000 112.61000 19.30800 97.44600
 2 7 21 03 42 27840.60000 43.75700000 1737.10000 112.61000 19.30800 97.44600
 2 7 21 03 42 27831.80000 43.75700000 1736.39000 112.52000 19.30800 97.00100
