M=[
28 6 20 18 57 8158.10000 5.16000000 202.44000 37.23000 14.40000 47.48500
28 6 20 18 58 8158.20000 5.15100000 202.44000 37.23000 14.40000 47.48500
28 6 20 18 58 8160.00000 5.15100000 202.47000 37.23000 14.40000 47.48500
28 6 20 18 59 8160.90000 5.15100000 202.47000 37.23000 14.40000 47.48500
28 6 20 18 59 8160.90000 5.15100000 202.47000 37.23000 14.40000 47.48500
28 6 20 19 00 8159.70000 5.15100000 202.47000 37.25000 14.40000 47.48500
28 6 20 19 00 8160.90000 5.15100000 202.42000 37.23000 14.40000 47.48500
28 6 20 19 00 8160.80000 5.15100000 202.42000 37.23000 14.40000 47.48500
28 6 20 19 01 8160.80000 5.15100000 202.62000 37.23000 14.40000 47.48500
28 6 20 19 01 8160.90000 5.15100000 202.63000 37.23000 14.40000 47.48500
28 6 20 19 02 8160.90000 5.16000000 202.63000 37.23000 14.40000 47.36600
28 6 20 19 02 8160.90000 5.15100000 202.63000 37.23000 14.40000 47.48500
28 6 20 19 03 8165.00000 5.15100000 202.59000 37.23000 14.40000 47.48500
28 6 20 19 03 8166.40000 5.15100000 202.60000 37.23000 14.40000 47.48500
28 6 20 19 04 8161.90000 5.15100000 202.60000 37.23000 14.40000 47.48500
28 6 20 19 04 8164.60000 5.15100000 202.59000 37.23000 14.40000 47.48500
28 6 20 19 05 8167.10000 5.15100000 202.58000 37.23000 14.40000 47.48500
28 6 20 19 05 8167.00000 5.15100000 202.58000 37.23000 14.40000 47.48500
28 6 20 19 06 8171.10000 5.16000000 202.58000 37.23000 14.40000 47.48500
28 6 20 19 06 8170.00000 5.15100000 202.58000 37.23000 14.40000 47.64000
28 6 20 19 07 8170.00000 5.16000000 202.58000 37.23000 14.40000 47.64000
28 6 20 19 07 8168.40000 5.15100000 202.62000 37.23000 14.40000 47.64000
28 6 20 19 08 8168.50000 5.15100000 202.70000 37.23000 14.40000 47.64000
28 6 20 19 08 8170.00000 5.15100000 202.70000 37.23000 14.40000 47.64000
28 6 20 19 09 8170.00000 5.15100000 202.69000 37.23000 14.40000 47.64000
28 6 20 19 09 8169.60000 5.15100000 202.69000 37.23000 14.40000 47.64000
28 6 20 19 10 8168.90000 5.15100000 202.69000 37.23000 14.40000 47.64000
28 6 20 19 10 8170.00000 5.15100000 202.69000 37.26000 14.40000 47.64000
28 6 20 19 10 8170.00000 5.15100000 202.64000 37.26000 14.40000 47.64000
28 6 20 19 11 8170.00000 5.15100000 202.69000 37.26000 14.40000 47.64000
28 6 20 19 11 8170.00000 5.15100000 202.68000 37.26000 14.40000 47.64000
28 6 20 19 12 8170.00000 5.15100000 202.69000 37.26000 14.40000 47.64000
28 6 20 19 12 8169.90000 5.15100000 202.62000 37.26000 14.40000 47.64000
28 6 20 19 13 8166.60000 5.15100000 202.59000 37.26000 14.40000 47.64000
28 6 20 19 13 8166.60000 5.15100000 202.60000 37.26000 14.30000 47.64000
28 6 20 19 14 8166.60000 5.15100000 202.51000 37.26000 14.30000 47.64000
28 6 20 19 15 8168.30000 5.15100000 202.51000 37.26000 14.30000 47.64000
28 6 20 19 15 8167.10000 5.15100000 202.50000 37.26000 14.30000 47.64000
28 6 20 19 16 8164.80000 5.15100000 202.50000 37.26000 14.30000 47.64000
28 6 20 19 16 8164.50000 5.15100000 202.47000 37.26000 14.30000 47.64000
28 6 20 19 17 8164.00000 5.15100000 202.48000 37.26000 14.30000 47.64000
28 6 20 19 17 8166.00000 5.15100000 202.47000 37.26000 14.30000 47.64000
28 6 20 19 17 8166.00000 5.15100000 202.47000 37.24000 14.30000 47.64000
28 6 20 19 18 8166.00000 5.16000000 202.47000 37.24000 14.30000 47.64000
28 6 20 19 18 8166.00000 5.15100000 202.42000 37.24000 14.30000 47.64000
28 6 20 19 19 8166.00000 5.15100000 202.42000 37.24000 14.30000 47.64000
28 6 20 19 19 8166.00000 5.16000000 202.45000 37.24000 14.30000 47.64000
28 6 20 19 20 8166.00000 5.15100000 202.46000 37.24000 14.30000 47.64000
28 6 20 19 20 8166.00000 5.15100000 202.45000 37.24000 14.30000 47.64000
28 6 20 19 21 8166.00000 5.15100000 202.45000 37.24000 14.30000 47.64000
28 6 20 19 21 8166.00000 5.15100000 202.49000 37.24000 14.30000 47.64000
28 6 20 19 22 8166.00000 5.15100000 202.48000 37.24000 14.30000 47.64000
28 6 20 19 22 8166.00000 5.15100000 202.48000 37.24000 14.30000 47.64000
28 6 20 19 22 8165.90000 5.15100000 202.41000 37.24000 14.30000 47.64000
28 6 20 19 23 8166.00000 5.16000000 202.46000 37.24000 14.30000 47.64000
28 6 20 19 23 8165.90000 5.15100000 202.46000 37.24000 14.30000 47.64000
28 6 20 19 24 8166.00000 5.16000000 202.46000 37.24000 14.30000 47.64000
28 6 20 19 24 8166.00000 5.15100000 202.40000 37.24000 14.30000 47.64000
28 6 20 19 25 8166.00000 5.15100000 202.40000 37.24000 14.30000 47.64000
28 6 20 19 25 8166.00000 5.15100000 202.41000 37.24000 14.30000 47.64000
28 6 20 19 26 8165.20000 5.15100000 202.35000 37.24000 14.30000 47.64000
28 6 20 19 26 8164.70000 5.16000000 202.32000 37.20000 14.30000 47.64000
28 6 20 19 27 8162.50000 5.15100000 202.23000 37.20000 14.30100 47.64000
28 6 20 19 27 8162.50000 5.15100000 202.23000 37.20000 14.30100 47.64000
28 6 20 19 28 8162.50000 5.15100000 202.23000 37.20000 14.30100 47.64000
28 6 20 19 28 8165.20000 5.15100000 202.23000 37.19000 14.30100 47.64000
28 6 20 19 28 8165.10000 5.15100000 202.25000 37.19000 14.30100 47.64000
28 6 20 19 29 8165.20000 5.15100000 202.26000 37.20000 14.30100 47.64000
28 6 20 19 29 8165.20000 5.15100000 202.29000 37.19000 14.30100 47.64000
28 6 20 19 30 8165.20000 5.15100000 202.29000 37.19000 14.30100 47.64000
28 6 20 19 30 8165.20000 5.17400000 202.29000 37.20000 14.30100 47.64000
28 6 20 19 31 8165.10000 5.17400000 202.20000 37.19000 14.30100 47.64000
28 6 20 19 31 8165.10000 5.17400000 202.08000 37.19000 14.30100 47.64000
28 6 20 19 32 8161.50000 5.17400000 202.07000 37.19000 14.30100 47.64000
28 6 20 19 32 8158.60000 5.17400000 201.96000 37.19000 14.21500 47.64000
28 6 20 19 33 8157.90000 5.17400000 201.96000 37.19000 14.20000 47.64000
28 6 20 19 33 8157.80000 5.17400000 202.00000 37.19000 14.20900 47.64000
28 6 20 19 34 8156.90000 5.17400000 202.00000 37.19000 14.20900 47.64000
28 6 20 19 34 8155.90000 5.17400000 202.00000 37.15000 14.20900 47.64000
28 6 20 19 34 8155.80000 5.17400000 201.99000 37.15000 14.20900 47.64000
28 6 20 19 35 8154.40000 5.17400000 201.91000 37.15000 14.20900 47.61800
28 6 20 19 35 8155.00000 5.17400000 201.91000 37.18000 14.20900 47.61800
28 6 20 19 36 8141.30000 5.17400000 201.92000 37.17000 14.20900 47.61800
28 6 20 19 36 8148.60000 5.17400000 201.92000 37.14000 14.20900 47.61800
28 6 20 19 37 8143.50000 5.17400000 201.86000 37.14000 14.20900 47.61800
28 6 20 19 37 8141.20000 5.17400000 201.79000 37.14000 14.20900 47.61800
28 6 20 19 38 8141.30000 5.17400000 201.79000 37.14000 14.20900 47.61800
28 6 20 19 38 8141.30000 5.17400000 201.73000 37.14000 14.20900 47.61800
28 6 20 19 39 8147.40000 5.17400000 201.79000 37.14000 14.20900 47.61800
28 6 20 19 39 8147.40000 5.17400000 201.79000 37.14000 14.20900 47.61800
28 6 20 19 40 8147.30000 5.17400000 201.85000 37.14000 14.20900 47.57100
28 6 20 19 40 8146.10000 5.17400000 201.87000 37.14000 14.20900 47.61800
28 6 20 19 41 8146.10000 5.17400000 201.87000 37.14000 14.20900 47.57100
28 6 20 19 41 8146.00000 5.17400000 201.87000 37.13000 14.20900 47.61800
28 6 20 19 42 8146.10000 5.17400000 201.86000 37.13000 14.20900 47.57100
28 6 20 19 42 8146.00000 5.17400000 201.86000 37.13000 14.20900 47.57100
28 6 20 19 43 8146.00000 5.17400000 201.85000 37.13000 14.19600 47.57100
28 6 20 19 43 8142.10000 5.17400000 201.86000 37.13000 14.19600 47.57100
28 6 20 19 43 8142.90000 5.17400000 201.85000 37.13000 14.19600 47.57100
28 6 20 19 44 8142.80000 5.17400000 201.85000 37.13000 14.19600 47.57100
28 6 20 19 44 8142.10000 5.17400000 201.70000 37.13000 14.19600 47.57100
28 6 20 19 45 8141.50000 5.17400000 201.71000 37.13000 14.19600 47.57100
28 6 20 19 45 8141.40000 5.17400000 201.71000 37.13000 14.19600 47.57100
28 6 20 19 46 8141.40000 5.17400000 201.71000 37.13000 14.19600 47.57100
28 6 20 19 46 8141.20000 5.17400000 201.70000 37.13000 14.20900 47.61800
28 6 20 19 47 8139.20000 5.17400000 201.60000 37.13000 14.19600 47.57100
28 6 20 19 47 8134.90000 5.17400000 201.60000 37.13000 14.19600 47.38500
28 6 20 19 48 8133.60000 5.17400000 201.20000 37.13000 14.19600 47.38500
28 6 20 19 48 8132.30000 5.17400000 201.35000 36.97000 14.19600 47.38500
