M=[
 4 5 21 20 29 45111.60000 52.63000000 2803.17000 255.29000 33.97000 206.18200
 4 5 21 20 29 45119.20000 52.85200000 2808.78000 255.08000 33.97000 206.18200
 4 5 21 20 29 45036.30000 52.37000000 2794.55000 254.32000 33.97000 204.96600
 4 5 21 20 30 45034.40000 52.64600000 2796.78000 254.65000 33.97000 204.96600
 4 5 21 20 30 45035.70000 52.57300000 2802.16000 254.88000 33.97000 204.96600
 4 5 21 20 31 45092.10000 52.72800000 2806.47000 255.22000 33.97000 205.32200
 4 5 21 20 31 45050.00000 52.64900000 2801.88000 254.58000 33.97000 205.32200
 4 5 21 20 32 44985.00000 52.31300000 2792.61000 253.65000 33.97000 205.32200
 4 5 21 20 32 45000.00000 52.32400000 2795.00000 253.62000 33.97000 205.27700
 4 5 21 20 32 45034.00000 52.39600000 2797.09000 254.09000 33.97000 205.27700
 4 5 21 20 33 45000.10000 52.30800000 2793.90000 253.77000 33.97000 205.27700
 4 5 21 20 33 44985.10000 52.31300000 2790.76000 253.53000 33.97000 205.27700
 4 5 21 20 34 44988.10000 52.31300000 2789.11000 253.49000 33.97000 204.93400
 4 5 21 20 34 44991.70000 52.31300000 2789.32000 253.34000 33.97000 205.36900
 4 5 21 20 35 45073.10000 52.48100000 2792.00000 253.77000 33.97000 205.36900
 4 5 21 20 35 45102.40000 52.86800000 2794.20000 254.09000 33.97000 205.50000
 4 5 21 20 35 45008.40000 52.33400000 2786.01000 253.27000 33.97000 205.50000
 4 5 21 20 36 45071.70000 52.66100000 2790.64000 253.78000 33.97000 205.50000
 4 5 21 20 36 45080.10000 52.71200000 2789.77000 253.66000 33.97000 205.50000
 4 5 21 20 37 45127.30000 52.72800000 2796.76000 254.04000 33.97000 205.50000
 4 5 21 20 37 45129.60000 52.89800000 2797.89000 254.49000 33.97000 205.50000
 4 5 21 20 38 45144.30000 52.89800000 2800.00000 254.49000 33.97000 205.50000
 4 5 21 20 38 45172.90000 52.80800000 2803.75000 254.77000 33.97000 205.50000
 4 5 21 20 38 45137.10000 52.96900000 2804.01000 254.50000 33.97000 205.50000
 4 5 21 20 39 45177.80000 52.98800000 2807.15000 254.50000 33.97000 206.03800
 4 5 21 20 39 45169.20000 52.98500000 2804.84000 254.68000 33.97000 206.43300
 4 5 21 20 40 45177.20000 52.85900000 2807.30000 254.78000 33.97000 206.43300
 4 5 21 20 40 45201.90000 52.85900000 2809.53000 255.07000 33.97000 206.43300
 4 5 21 20 41 45224.80000 53.14400000 2812.62000 255.07000 33.97000 206.43300
 4 5 21 20 41 45213.00000 53.22800000 2810.86000 255.62000 33.97000 206.43300
 4 5 21 20 41 45168.90000 53.22800000 2807.30000 254.74000 33.97000 206.43300
 4 5 21 20 42 45196.50000 53.22200000 2808.03000 255.16000 33.97000 206.43300
 4 5 21 20 42 45199.90000 53.22700000 2809.13000 255.18000 33.97000 206.43300
 4 5 21 20 43 45187.20000 53.20200000 2811.57000 255.20000 33.97000 206.43300
 4 5 21 20 43 45217.50000 53.20400000 2812.92000 255.54000 33.97000 206.43300
 4 5 21 20 44 45225.90000 53.28400000 2812.62000 255.63000 33.97000 206.43300
 4 5 21 20 44 45220.20000 53.31100000 2813.47000 255.63000 33.97000 206.43300
 4 5 21 20 44 45221.80000 53.55800000 2813.06000 255.64000 33.97000 206.43300
 4 5 21 20 45 45252.10000 53.69800000 2817.51000 255.99000 33.97000 207.45400
 4 5 21 20 45 45326.70000 53.98900000 2825.18000 257.84000 33.97000 207.45400
 4 5 21 20 46 45340.50000 54.06900000 2825.60000 257.81000 33.97000 207.61700
 4 5 21 20 46 45388.50000 54.10000000 2827.50000 257.37000 33.97000 207.61700
 4 5 21 20 47 45397.20000 53.90400000 2827.08000 257.42000 33.97000 207.61700
 4 5 21 20 47 45431.40000 53.94400000 2827.99000 257.75000 33.97000 208.36200
 4 5 21 20 47 45491.70000 53.96400000 2828.98000 258.20000 33.97000 208.36100
 4 5 21 20 48 45483.70000 53.91800000 2828.86000 258.47000 33.97000 208.18400
 4 5 21 20 48 45497.10000 53.71100000 2828.62000 258.56000 33.97000 208.18400
 4 5 21 20 49 45499.90000 53.75100000 2827.43000 258.69000 33.97000 208.35300
 4 5 21 20 49 45485.60000 53.64300000 2824.26000 258.69000 33.97000 208.31200
 4 5 21 20 50 45446.80000 53.39800000 2821.17000 258.91000 33.97000 208.31200
 4 5 21 20 50 45499.90000 53.52900000 2826.82000 259.60000 33.95700 208.28600
 4 5 21 20 50 45512.90000 53.52900000 2826.69000 259.28000 33.95700 208.28600
 4 5 21 20 51 45502.10000 53.73000000 2824.94000 259.57000 33.95700 208.28600
 4 5 21 20 51 45542.30000 53.67100000 2827.07000 260.01000 33.95700 208.28600
 4 5 21 20 52 45561.40000 53.89400000 2827.16000 260.17000 33.95700 208.76900
 4 5 21 20 52 45538.70000 53.89400000 2826.32000 259.63000 33.95700 208.51800
 4 5 21 20 53 45577.70000 53.95600000 2833.45000 260.31000 33.85800 208.52700
 4 5 21 20 53 45609.20000 54.20000000 2838.59000 260.78000 33.85800 208.52700
 4 5 21 20 53 45609.40000 54.17700000 2839.93000 260.72000 33.85800 208.52700
 4 5 21 20 54 45619.90000 54.17200000 2842.77000 261.16000 33.85800 208.87500
 4 5 21 20 54 45632.40000 54.37200000 2842.88000 261.51000 33.85800 209.51300
 4 5 21 20 55 45632.40000 54.50000000 2844.99000 262.56000 33.85800 209.51300
 4 5 21 20 55 45650.10000 54.44800000 2846.26000 262.68000 33.85800 209.51300
 4 5 21 20 56 45650.00000 54.43500000 2847.80000 262.66000 33.85800 209.51300
 4 5 21 20 56 45632.50000 54.22900000 2840.66000 261.51000 33.85800 209.51300
 4 5 21 20 56 45620.00000 54.21700000 2838.86000 262.40000 33.85800 209.51300
 4 5 21 20 57 45630.00000 54.32900000 2840.33000 262.56000 33.85800 209.51300
 4 5 21 20 57 45611.90000 54.59400000 2840.49000 262.46000 33.85800 209.51300
 4 5 21 20 58 45620.50000 54.32000000 2839.50000 263.02000 33.85800 208.70500
 4 5 21 20 58 45623.10000 54.44000000 2841.72000 263.60000 33.85800 208.70500
 4 5 21 20 59 45653.30000 54.24600000 2841.73000 263.56000 33.85800 208.70500
 4 5 21 20 59 45650.00000 54.36200000 2839.62000 262.59000 33.85800 208.66700
 4 5 21 20 59 45649.90000 54.24000000 2836.18000 262.54000 33.85800 208.66700
 4 5 21 21 00 45662.90000 54.40500000 2836.20000 263.15000 33.85800 208.45900
 4 5 21 21 00 45621.00000 54.24500000 2823.54000 263.17000 34.15600 207.95300
 4 5 21 21 01 45574.40000 54.06600000 2822.80000 262.10000 34.15600 207.95300
 4 5 21 21 01 45559.30000 53.87200000 2821.37000 262.38000 34.15600 207.95300
 4 5 21 21 02 45540.90000 53.83800000 2821.82000 262.40000 34.15600 207.95300
 4 5 21 21 02 45534.30000 53.95100000 2824.22000 262.70000 34.15600 207.95300
 4 5 21 21 02 45547.20000 54.02900000 2825.51000 263.30000 34.15600 207.95300
 4 5 21 21 03 45538.80000 54.03500000 2822.86000 262.58000 34.15600 207.95300
 4 5 21 21 03 45462.40000 53.72700000 2810.40000 261.85000 34.15600 207.21000
 4 5 21 21 04 45446.10000 53.55900000 2809.29000 262.16000 34.15600 206.78100
 4 5 21 21 04 45450.60000 53.65200000 2808.02000 261.20000 34.15600 206.96000
 4 5 21 21 05 45385.80000 53.36800000 2800.00000 260.98000 34.13300 206.96000
 4 5 21 21 05 45430.80000 53.61800000 2804.80000 261.16000 34.13300 206.96000
 4 5 21 21 05 45432.50000 53.76900000 2803.20000 261.39000 34.13300 206.96000
 4 5 21 21 06 45426.50000 54.24000000 2803.82000 261.35000 34.13300 206.67200
 4 5 21 21 06 45425.30000 54.00000000 2803.04000 260.97000 34.13300 206.67200
 4 5 21 21 07 45416.50000 54.06800000 2803.00000 260.89000 34.13300 206.67200
 4 5 21 21 07 45416.50000 53.91000000 2808.84000 260.95000 34.13300 206.67200
 4 5 21 21 08 45416.40000 53.80300000 2810.34000 260.84000 34.13300 206.33300
 4 5 21 21 08 45476.40000 53.96700000 2809.97000 261.74000 34.13300 206.72000
 4 5 21 21 08 45476.40000 54.06800000 2813.26000 262.57000 34.13300 206.72000
 4 5 21 21 09 45476.50000 53.99000000 2812.22000 262.08000 34.10300 206.72000
 4 5 21 21 09 45449.00000 53.89400000 2810.69000 262.41000 34.10300 206.72000
 4 5 21 21 10 45469.80000 54.00000000 2811.17000 262.76000 34.10300 206.72000
 4 5 21 21 10 45513.90000 54.00000000 2812.83000 263.32000 34.10300 206.72000
 4 5 21 21 11 45515.60000 53.99200000 2814.26000 263.98000 34.10300 206.72000
 4 5 21 21 11 45517.30000 54.11000000 2813.72000 264.19000 34.10300 206.72000
 4 5 21 21 11 45473.60000 54.10800000 2814.37000 264.26000 34.10300 206.72000
 4 5 21 21 12 45501.70000 54.32400000 2817.75000 264.56000 34.10300 206.72000
