M=[
 3 4 21 00 16 50400.00000 12.95700000 1807.44000 181.79000 34.02300 144.70900
 3 4 21 00 16 50372.40000 12.95700000 1807.21000 181.79000 34.02300 144.70900
 3 4 21 00 17 50379.20000 12.94600000 1805.00000 181.52000 34.02300 144.70900
 3 4 21 00 17 50385.30000 12.94600000 1805.05000 181.52000 34.02300 144.70900
 3 4 21 00 18 50397.30000 12.94600000 1804.97000 181.45000 34.02300 144.70900
 3 4 21 00 18 50397.40000 12.94600000 1808.37000 181.54000 34.02300 145.08300
 3 4 21 00 18 50405.10000 12.94600000 1807.94000 181.74000 34.02300 145.08300
 3 4 21 00 19 50408.40000 12.94600000 1807.61000 181.89000 34.02300 145.08300
 3 4 21 00 19 50430.50000 12.94600000 1807.33000 181.88000 34.02300 145.08300
 3 4 21 00 20 50430.60000 12.94600000 1804.66000 181.87000 34.02300 145.20500
 3 4 21 00 20 50399.30000 12.94600000 1805.28000 181.96000 34.00800 145.20500
 3 4 21 00 21 50397.50000 12.94600000 1805.99000 181.98000 34.00800 145.27100
 3 4 21 00 21 50388.40000 12.94600000 1805.23000 181.98000 34.00800 145.27100
 3 4 21 00 21 50352.80000 12.94600000 1797.73000 181.92000 34.00800 145.27100
 3 4 21 00 22 50352.40000 12.90100000 1798.87000 181.90000 34.00800 145.27100
 3 4 21 00 22 50368.10000 12.90100000 1801.24000 181.75000 34.00800 145.27100
 3 4 21 00 23 50362.80000 12.90100000 1799.44000 181.73000 34.00800 145.27100
 3 4 21 00 23 50351.10000 12.90100000 1799.32000 181.73000 34.00800 145.27100
 3 4 21 00 24 50347.70000 12.90100000 1798.79000 181.47000 34.00800 145.43100
 3 4 21 00 24 50334.70000 12.85800000 1798.77000 181.47000 34.00800 145.43100
 3 4 21 00 24 50341.70000 12.85800000 1798.98000 181.47000 34.00800 145.43100
 3 4 21 00 25 50343.80000 12.85800000 1798.30000 181.47000 34.00800 145.43100
 3 4 21 00 25 50349.00000 12.85800000 1798.67000 181.47000 34.00800 145.43100
 3 4 21 00 26 50300.20000 12.85800000 1795.08000 181.11000 34.00800 145.43100
 3 4 21 00 26 50345.90000 12.85800000 1796.19000 181.08000 34.00800 145.44800
 3 4 21 00 27 50340.00000 12.85800000 1797.39000 181.11000 34.00800 145.92400
 3 4 21 00 27 50345.00000 12.85800000 1797.38000 181.04000 34.00800 145.92400
 3 4 21 00 27 50350.80000 12.85800000 1797.33000 181.04000 34.00800 145.92400
 3 4 21 00 28 50328.30000 12.85800000 1792.11000 180.99000 34.00800 145.92400
 3 4 21 00 28 50284.60000 12.85800000 1791.63000 180.89000 34.00800 145.92400
 3 4 21 00 29 50294.20000 12.86900000 1791.71000 180.88000 34.00800 145.92400
 3 4 21 00 29 50279.90000 12.86900000 1789.26000 180.75000 34.00800 145.65300
 3 4 21 00 30 50314.60000 12.86900000 1793.29000 180.75000 34.00800 145.65300
 3 4 21 00 30 50324.20000 12.86900000 1795.78000 180.72000 34.00800 145.65300
 3 4 21 00 30 50320.50000 12.86900000 1794.43000 180.69000 34.00800 145.65300
 3 4 21 00 31 50330.70000 12.86900000 1798.01000 180.76000 34.00800 145.65300
 3 4 21 00 31 50350.00000 12.86900000 1797.26000 180.76000 34.00800 145.65300
 3 4 21 00 32 50320.10000 12.86900000 1798.02000 180.76000 34.00800 145.65300
 3 4 21 00 32 50315.70000 12.86900000 1797.82000 180.65000 34.00800 145.65300
 3 4 21 00 33 50307.30000 12.86900000 1796.67000 180.65000 34.00800 145.65300
 3 4 21 00 33 50303.20000 12.86900000 1798.98000 180.85000 34.00800 145.65300
 3 4 21 00 33 50349.60000 12.86900000 1799.00000 180.85000 34.00800 145.65300
 3 4 21 00 34 50322.70000 12.86900000 1798.95000 180.85000 34.00800 145.65300
 3 4 21 00 34 50299.60000 12.86900000 1797.07000 180.85000 34.00800 145.65300
 3 4 21 00 35 50306.00000 12.86900000 1797.06000 180.85000 34.00800 145.65300
 3 4 21 00 35 50306.00000 12.86900000 1797.65000 180.85000 34.00800 145.65300
 3 4 21 00 36 50277.90000 12.86900000 1796.40000 180.86000 34.00800 145.65300
 3 4 21 00 36 50295.00000 12.86900000 1797.30000 180.86000 34.00800 145.65300
 3 4 21 00 36 50307.00000 12.86900000 1797.60000 180.95000 34.00800 145.65300
 3 4 21 00 37 50318.80000 12.86900000 1799.28000 180.95000 34.00800 145.65300
 3 4 21 00 37 50349.70000 12.86900000 1799.30000 180.95000 34.00800 145.65300
 3 4 21 00 38 50340.60000 12.86900000 1798.00000 181.40000 34.00800 145.65300
 3 4 21 00 38 50335.30000 12.86900000 1798.00000 181.40000 34.00800 145.65300
 3 4 21 00 39 50307.00000 12.86900000 1796.12000 181.09000 34.00800 145.65300
 3 4 21 00 39 50289.20000 12.86900000 1796.12000 181.03000 34.00800 145.65300
 3 4 21 00 39 50275.10000 12.86900000 1794.66000 181.03000 34.00800 145.65300
 3 4 21 00 40 50283.60000 12.86900000 1794.31000 181.03000 34.00800 145.65300
 3 4 21 00 40 50280.10000 12.79900000 1795.04000 180.63000 34.00800 145.65300
 3 4 21 00 41 50238.30000 12.79900000 1794.23000 180.52000 34.00800 145.15900
 3 4 21 00 41 50225.20000 12.79900000 1791.32000 180.52000 34.00800 145.15900
 3 4 21 00 42 50225.10000 12.79900000 1791.12000 180.17000 34.00800 145.15900
 3 4 21 00 42 50275.00000 12.79900000 1791.91000 180.17000 34.00800 145.15900
 3 4 21 00 42 50275.00000 12.79900000 1791.82000 180.31000 34.00800 145.15900
 3 4 21 00 43 50298.80000 12.79900000 1793.00000 180.31000 34.00800 145.15900
 3 4 21 00 43 50298.80000 12.79900000 1794.09000 180.31000 34.00800 145.15900
 3 4 21 00 44 50311.40000 12.79900000 1792.66000 180.31000 34.00800 145.15900
 3 4 21 00 44 50306.80000 12.79900000 1792.63000 180.31000 34.00800 145.15900
 3 4 21 00 45 50309.00000 12.79900000 1794.10000 180.44000 34.00800 145.15900
 3 4 21 00 45 50308.90000 12.79900000 1794.72000 180.44000 34.00800 145.13000
 3 4 21 00 45 50344.60000 12.79900000 1795.89000 180.69000 34.00800 145.13000
 3 4 21 00 46 50339.60000 12.79900000 1796.02000 180.69000 34.00800 145.15900
 3 4 21 00 46 50342.00000 12.79900000 1796.02000 180.69000 33.89200 145.15900
 3 4 21 00 47 50322.40000 12.79900000 1793.10000 180.52000 33.89200 145.15900
 3 4 21 00 47 50323.20000 12.79900000 1793.75000 180.31000 33.89200 145.15900
 3 4 21 00 48 50317.10000 12.79900000 1793.16000 180.52000 33.89200 145.15900
 3 4 21 00 48 50317.00000 12.79900000 1792.85000 180.52000 34.00800 145.15900
 3 4 21 00 48 50283.40000 12.79900000 1792.00000 180.52000 34.00800 145.15900
 3 4 21 00 49 50298.40000 12.79900000 1790.98000 180.52000 34.00800 145.15900
 3 4 21 00 49 50308.40000 12.79900000 1792.26000 180.52000 34.00800 145.15900
 3 4 21 00 50 50304.70000 12.85300000 1791.57000 180.40000 34.00800 145.13000
 3 4 21 00 50 50304.70000 12.85300000 1790.18000 180.38000 34.00800 145.08900
 3 4 21 00 51 50280.80000 12.85300000 1789.32000 180.38000 34.00800 145.08900
 3 4 21 00 51 50280.70000 12.85300000 1791.10000 180.38000 34.00800 145.08900
 3 4 21 00 51 50280.80000 12.85300000 1791.99000 180.30000 34.00800 145.08900
 3 4 21 00 52 50291.90000 12.85300000 1792.00000 180.36000 34.00800 145.08900
 3 4 21 00 52 50291.90000 12.85300000 1791.75000 180.36000 34.00800 145.08900
 3 4 21 00 53 50314.10000 12.85300000 1792.00000 180.33000 34.00800 145.08900
 3 4 21 00 53 50319.90000 12.85300000 1792.00000 180.33000 34.00900 145.08900
 3 4 21 00 54 50350.00000 12.85300000 1795.00000 180.33000 34.00900 145.08900
 3 4 21 00 54 50350.00000 12.85300000 1795.00000 180.33000 34.00900 145.08900
 3 4 21 00 54 50350.00000 12.85300000 1794.57000 180.33000 34.00900 145.08900
 3 4 21 00 55 50355.10000 12.85300000 1794.81000 180.33000 34.00900 145.08900
 3 4 21 00 55 50355.10000 12.85300000 1795.23000 180.33000 34.00900 145.08900
 3 4 21 00 56 50362.10000 12.85300000 1795.23000 180.33000 34.00900 145.08900
 3 4 21 00 56 50362.10000 12.85300000 1797.46000 180.33000 34.00900 145.08900
 3 4 21 00 57 50382.40000 12.85300000 1799.00000 180.33000 34.00900 145.08900
 3 4 21 00 57 50389.10000 12.85300000 1799.00000 180.61000 34.00900 145.08900
 3 4 21 00 57 50389.10000 12.85300000 1799.00000 180.61000 34.00900 145.08900
 3 4 21 00 58 50413.30000 12.85300000 1800.00000 180.81000 34.00900 145.08900
 3 4 21 00 58 50414.00000 12.85300000 1803.38000 180.95000 34.00900 145.08900
 3 4 21 00 59 50422.80000 12.85300000 1801.75000 180.95000 34.00900 145.08900
 3 4 21 00 59 50422.20000 12.85300000 1801.75000 180.95000 33.98200 145.08900
