M=[
 2 2 21 17 33 29045.70000 6.36700000 1231.92000 119.87000 16.58300 76.83800
 2 2 21 17 34 29017.40000 6.36700000 1231.18000 119.87000 16.58300 76.83800
 2 2 21 17 34 29025.50000 6.36700000 1228.71000 119.87000 16.58300 76.83800
 2 2 21 17 34 29022.20000 6.36700000 1229.96000 119.85000 16.58300 76.83800
 2 2 21 17 35 29048.90000 6.36700000 1230.00000 119.84000 16.58300 76.83800
 2 2 21 17 35 29048.00000 6.36700000 1231.89000 119.84000 16.58300 76.83800
 2 2 21 17 36 29017.00000 6.36700000 1230.25000 119.72000 16.58300 76.87700
 2 2 21 17 36 29020.60000 6.36700000 1231.29000 119.78000 16.58300 77.02200
 2 2 21 17 37 29042.10000 6.36700000 1231.50000 119.78000 16.58300 77.02200
 2 2 21 17 37 29016.90000 6.36700000 1231.63000 119.75000 16.58300 77.02200
 2 2 21 17 37 29017.20000 6.36700000 1231.49000 119.75000 16.58300 77.02200
 2 2 21 17 38 29016.70000 6.36700000 1229.46000 119.75000 16.58300 77.02200
 2 2 21 17 38 29010.10000 6.36700000 1229.02000 119.75000 16.58300 77.02200
 2 2 21 17 39 29012.50000 6.36700000 1229.15000 119.60000 16.58300 77.02200
 2 2 21 17 39 29010.10000 6.36700000 1226.75000 119.52000 16.58300 77.02200
 2 2 21 17 40 28985.70000 6.36700000 1226.89000 119.50000 16.58300 77.02200
 2 2 21 17 40 29015.90000 6.36700000 1229.40000 119.54000 16.58300 77.02200
 2 2 21 17 41 29048.80000 6.36700000 1230.30000 119.80000 16.58300 77.02200
 2 2 21 17 41 29048.40000 6.36700000 1230.71000 119.83000 16.58300 77.04800
 2 2 21 17 41 29015.70000 6.36700000 1230.04000 119.68000 16.58300 77.03000
 2 2 21 17 42 29010.00000 6.36700000 1230.40000 119.51000 16.58300 77.03000
 2 2 21 17 42 29020.20000 6.36700000 1230.35000 119.69000 16.58300 77.03000
 2 2 21 17 43 29022.80000 6.36700000 1231.07000 119.69000 16.58300 77.03000
 2 2 21 17 43 29007.80000 6.36700000 1230.77000 119.73000 16.58300 76.97700
 2 2 21 17 44 29002.30000 6.36700000 1231.06000 119.73000 16.58300 76.97700
 2 2 21 17 44 28990.50000 6.36700000 1229.00000 119.68000 16.58300 76.97700
 2 2 21 17 44 28999.50000 6.39000000 1229.21000 119.68000 16.58300 76.97700
 2 2 21 17 45 29008.10000 6.39000000 1229.69000 119.68000 16.58300 76.97700
 2 2 21 17 45 29008.20000 6.39300000 1229.70000 119.68000 16.58300 76.97700
 2 2 21 17 46 29007.30000 6.39300000 1229.26000 119.70000 16.58300 76.96700
 2 2 21 17 46 28994.40000 6.39300000 1228.91000 119.71000 16.58300 76.96700
 2 2 21 17 47 28988.90000 6.39300000 1228.87000 119.70000 16.58300 76.96700
 2 2 21 17 47 28986.90000 6.39300000 1228.61000 119.69000 16.58300 76.94800
 2 2 21 17 47 28973.00000 6.39300000 1228.30000 119.67000 16.58300 76.94800
 2 2 21 17 48 28959.40000 6.39300000 1226.61000 119.51000 16.58300 76.73400
 2 2 21 17 48 28953.30000 6.39300000 1223.71000 119.56000 16.58300 76.73400
 2 2 21 17 49 28945.70000 6.39300000 1220.00000 119.50000 16.58300 76.73400
 2 2 21 17 49 28950.00000 6.39300000 1221.40000 119.50000 16.58300 76.73000
 2 2 21 17 50 28950.00000 6.39300000 1219.44000 119.50000 16.58300 76.73000
 2 2 21 17 50 28950.70000 6.39300000 1220.57000 119.50000 16.58300 76.73000
 2 2 21 17 50 28947.90000 6.39300000 1222.00000 119.50000 16.51100 76.73000
 2 2 21 17 51 28954.30000 6.39300000 1222.35000 119.50000 16.51100 76.73000
 2 2 21 17 51 28957.20000 6.39300000 1222.02000 119.51000 16.51100 76.73000
 2 2 21 17 52 28960.70000 6.39300000 1223.00000 119.50000 16.51100 76.73000
 2 2 21 17 52 28956.20000 6.39300000 1223.03000 119.42000 16.51100 76.73000
 2 2 21 17 53 28969.10000 6.39300000 1225.00000 119.42000 16.51000 76.73000
 2 2 21 17 53 28969.10000 6.39300000 1225.00000 119.34000 16.51000 76.73000
 2 2 21 17 53 28976.00000 6.38300000 1224.96000 119.30000 16.51000 76.73000
 2 2 21 17 54 28975.90000 6.38300000 1225.17000 119.45000 16.51000 76.56700
 2 2 21 17 54 28991.30000 6.38300000 1226.40000 119.47000 16.51000 76.56700
 2 2 21 17 55 28980.00000 6.38300000 1226.73000 119.47000 16.51000 76.56700
 2 2 21 17 55 28981.60000 6.38300000 1226.00000 119.47000 16.58100 76.56700
 2 2 21 17 56 28971.70000 6.38300000 1225.08000 119.26000 16.49500 76.56700
 2 2 21 17 56 28983.80000 6.38300000 1225.45000 119.31000 16.49500 76.56700
 2 2 21 17 56 28992.30000 6.38300000 1225.65000 119.28000 16.49500 76.56700
 2 2 21 17 57 28989.90000 6.38300000 1225.08000 119.28000 16.49500 76.56700
 2 2 21 17 57 28989.80000 6.38300000 1225.82000 119.39000 16.49500 76.56700
 2 2 21 17 58 29000.30000 6.38300000 1227.01000 119.42000 16.49500 76.56700
 2 2 21 17 58 29012.90000 6.38300000 1227.01000 119.42000 16.49500 76.56700
 2 2 21 17 59 29016.80000 6.38300000 1225.99000 119.30000 16.49500 76.56700
 2 2 21 17 59 29016.80000 6.38300000 1225.71000 119.22000 16.49500 76.56700
 2 2 21 17 59 29016.80000 6.36300000 1225.62000 119.23000 16.49500 76.56700
 2 2 21 18 00 29016.80000 6.36300000 1227.46000 119.31000 16.49500 76.64700
 2 2 21 18 00 29020.80000 6.36300000 1228.87000 119.40000 16.49500 76.64700
 2 2 21 18 01 29041.00000 6.36300000 1229.51000 119.27000 16.49500 76.64700
 2 2 21 18 01 29063.30000 6.36300000 1228.79000 119.28000 16.49500 76.64700
 2 2 21 18 02 29064.40000 6.36300000 1229.06000 119.21000 16.49500 76.64700
 2 2 21 18 02 29064.40000 6.36300000 1226.87000 119.21000 16.49500 76.64700
 2 2 21 18 02 29047.30000 6.36300000 1227.12000 119.30000 16.49500 76.64700
 2 2 21 18 03 29062.40000 6.36300000 1228.19000 119.30000 16.49500 76.64700
 2 2 21 18 03 29066.30000 6.36300000 1228.79000 119.30000 16.49500 76.64700
 2 2 21 18 04 29050.60000 6.36300000 1227.55000 119.30000 16.49500 76.67400
 2 2 21 18 04 29015.00000 6.36300000 1227.26000 119.21000 16.49500 76.67400
 2 2 21 18 05 28991.30000 6.36300000 1225.31000 119.01000 16.49500 76.67400
 2 2 21 18 05 28984.80000 6.36300000 1225.08000 119.10000 16.49500 76.67400
 2 2 21 18 05 28962.50000 6.36000000 1222.61000 119.00000 16.49500 76.67400
 2 2 21 18 06 28982.70000 6.36000000 1226.07000 119.04000 16.45600 76.67400
 2 2 21 18 06 29013.00000 6.36000000 1228.04000 119.01000 16.45600 76.67400
 2 2 21 18 07 29040.50000 6.36000000 1228.52000 119.01000 16.45600 76.67400
 2 2 21 18 07 29035.70000 6.36000000 1229.07000 119.22000 16.45600 76.67400
 2 2 21 18 08 29021.50000 6.35900000 1228.97000 119.05000 16.45600 76.67400
 2 2 21 18 08 29035.20000 6.35900000 1229.22000 119.14000 16.45600 76.67400
 2 2 21 18 08 29024.70000 6.35900000 1228.78000 119.11000 16.45600 76.45300
 2 2 21 18 09 29027.00000 6.36000000 1228.76000 119.08000 16.45600 76.45300
 2 2 21 18 09 29007.90000 6.36000000 1227.83000 119.09000 16.45600 76.45300
 2 2 21 18 10 29016.60000 6.36000000 1228.25000 119.01000 16.45600 76.45300
 2 2 21 18 10 29006.30000 6.36000000 1228.39000 119.00000 16.45600 76.45300
 2 2 21 18 11 29017.90000 6.36000000 1228.98000 119.00000 16.45600 76.45300
 2 2 21 18 11 29000.00000 6.36000000 1228.67000 119.00000 16.45600 76.63000
 2 2 21 18 11 29004.80000 6.36000000 1229.50000 119.09000 16.45600 76.63000
 2 2 21 18 12 29019.90000 6.36000000 1230.00000 119.13000 16.55100 76.63000
 2 2 21 18 12 29017.40000 6.36000000 1230.20000 119.15000 16.55100 76.63000
 2 2 21 18 13 29016.00000 6.36000000 1230.13000 119.03000 16.55100 76.63000
 2 2 21 18 13 29017.10000 6.36000000 1230.21000 119.03000 16.55100 76.63000
 2 2 21 18 14 29024.00000 6.36000000 1230.00000 119.07000 16.55100 76.63000
 2 2 21 18 14 29024.00000 6.36000000 1229.99000 119.03000 16.46400 76.63000
 2 2 21 18 14 29020.90000 6.36000000 1230.10000 119.03000 16.46400 76.63000
 2 2 21 18 15 29033.50000 6.36000000 1230.63000 119.12000 16.46400 76.63000
 2 2 21 18 15 29033.50000 6.36000000 1230.64000 119.01000 16.46400 76.63000
 2 2 21 18 16 29034.60000 6.36000000 1231.02000 118.96000 16.46400 76.63000
 2 2 21 18 16 29032.00000 6.36000000 1231.02000 118.98000 16.46400 76.63000
 2 2 21 18 17 29081.00000 6.36000000 1235.79000 119.00000 16.46400 76.63000
 2 2 21 18 17 29069.70000 6.36000000 1236.20000 119.00000 16.46400 76.63000
 2 2 21 18 17 29060.70000 6.36000000 1234.19000 119.02000 16.46400 76.63000
 2 2 21 18 18 29041.00000 6.36000000 1231.67000 118.95000 16.46400 76.76500
