M=[
29 6 21 10 29 29630.10000 44.05500000 1815.64000 120.39000 16.32500 100.53900
29 6 21 10 29 29640.30000 44.03300000 1815.28000 120.30000 16.32500 100.53900
29 6 21 10 30 29640.50000 43.98500000 1816.08000 120.30000 16.32500 100.53900
29 6 21 10 30 29630.20000 43.70400000 1811.39000 120.12000 16.32500 100.53900
29 6 21 10 31 29630.10000 43.69200000 1812.47000 120.12000 16.32500 100.53900
29 6 21 10 31 29640.50000 43.69200000 1812.90000 120.12000 16.32500 100.53900
29 6 21 10 31 29659.80000 43.67000000 1815.41000 120.12000 16.32500 100.53900
29 6 21 10 32 29660.80000 43.57700000 1815.95000 120.22000 16.32500 100.69100
29 6 21 10 32 29659.80000 43.65600000 1813.67000 120.21000 16.32500 100.69100
29 6 21 10 33 29659.70000 43.65600000 1815.25000 120.23000 16.32500 100.69100
29 6 21 10 33 29667.30000 43.71600000 1813.31000 120.23000 16.32500 100.69100
29 6 21 10 34 29668.50000 43.59400000 1813.07000 120.25000 16.32500 100.69100
29 6 21 10 34 29664.60000 43.60000000 1811.89000 120.25000 16.32500 100.69100
29 6 21 10 34 29668.90000 43.60000000 1813.74000 120.15000 16.32500 100.69100
29 6 21 10 35 29810.30000 43.60000000 1816.80000 120.55000 16.32500 101.00000
29 6 21 10 35 29895.00000 43.60000000 1819.90000 120.79000 16.32500 101.22700
29 6 21 10 36 29895.80000 43.60000000 1823.34000 121.00000 16.32500 101.22700
29 6 21 10 36 29914.10000 43.60000000 1821.00000 121.00000 16.28800 101.29300
29 6 21 10 37 29936.90000 43.60000000 1826.60000 121.06000 16.39700 101.29300
29 6 21 10 37 29989.00000 43.60000000 1829.37000 121.10000 16.39700 101.29300
29 6 21 10 37 29961.90000 43.60000000 1827.33000 121.09000 16.39700 101.29300
29 6 21 10 38 29945.60000 43.99300000 1826.29000 121.09000 16.39700 101.29300
29 6 21 10 38 29950.00000 43.99300000 1827.00000 121.21000 16.39700 101.33500
29 6 21 10 39 29955.30000 43.88800000 1826.86000 121.16000 16.39700 101.33500
29 6 21 10 39 29959.40000 43.88800000 1823.47000 121.11000 16.39700 101.33500
29 6 21 10 40 29985.90000 43.71900000 1824.00000 121.11000 16.39700 101.33100
29 6 21 10 40 29951.90000 43.82000000 1822.28000 121.16000 16.39700 101.33100
29 6 21 10 40 29950.00000 43.82000000 1820.10000 121.16000 16.39700 101.33100
29 6 21 10 41 29950.10000 43.82000000 1821.82000 121.16000 16.39700 101.50000
29 6 21 10 41 29950.00000 43.82000000 1822.27000 121.10000 16.39700 101.65100
29 6 21 10 42 29950.10000 43.82000000 1820.00000 121.10000 16.39700 101.65100
29 6 21 10 42 29950.20000 43.82000000 1820.72000 121.17000 16.39700 101.74200
29 6 21 10 43 29938.00000 43.76800000 1821.11000 121.81000 16.39700 101.76500
29 6 21 10 43 29938.10000 43.76800000 1821.71000 121.96000 16.30200 101.76500
29 6 21 10 43 29938.00000 43.76800000 1822.15000 122.09000 16.30200 101.76500
29 6 21 10 44 29938.10000 43.76800000 1823.46000 122.22000 16.30200 102.14500
29 6 21 10 44 29925.10000 43.92500000 1823.42000 122.10000 16.30200 102.14500
29 6 21 10 45 29942.00000 43.87200000 1823.51000 122.12000 16.30200 101.97000
29 6 21 10 45 29952.30000 43.87200000 1821.79000 121.89000 16.30200 102.03400
29 6 21 10 46 29952.20000 43.87200000 1822.76000 121.89000 16.30200 102.03400
29 6 21 10 46 29874.60000 43.96100000 1819.94000 121.89000 16.40900 102.03400
29 6 21 10 46 29844.10000 43.99900000 1818.05000 121.89000 16.40900 102.03400
29 6 21 10 47 29853.00000 43.87500000 1818.08000 121.61000 16.47900 102.03400
29 6 21 10 47 29841.20000 43.87500000 1817.17000 121.43000 16.47900 102.03400
29 6 21 10 48 29841.30000 43.88900000 1819.07000 121.53000 16.32400 101.80100
29 6 21 10 48 29837.10000 43.88900000 1817.83000 121.43000 16.32400 101.80100
29 6 21 10 49 29841.30000 43.82600000 1818.51000 121.44000 16.32400 101.53500
29 6 21 10 49 29888.60000 43.82600000 1822.78000 121.59000 16.32400 101.53500
29 6 21 10 49 29851.90000 43.82600000 1820.51000 121.49000 16.32400 101.53500
29 6 21 10 50 29859.90000 43.82600000 1819.67000 121.49000 16.38000 101.56700
29 6 21 10 50 29860.00000 43.82600000 1822.00000 121.49000 16.38200 101.56700
29 6 21 10 51 29859.50000 43.82600000 1822.72000 121.59000 16.38200 101.56700
29 6 21 10 51 29860.00000 43.82600000 1823.12000 121.61000 16.38200 101.56700
29 6 21 10 52 29860.00000 43.79600000 1822.98000 121.62000 16.38200 101.56700
29 6 21 10 52 29860.10000 43.79600000 1823.99000 121.62000 16.38200 101.55500
29 6 21 10 52 29899.90000 43.79600000 1823.99000 121.67000 16.38200 101.55500
29 6 21 10 53 29900.00000 43.74100000 1828.95000 121.70000 16.38200 101.55500
29 6 21 10 53 29900.00000 43.72400000 1829.36000 121.77000 16.38200 101.55500
29 6 21 10 54 29894.10000 43.73600000 1829.37000 121.77000 16.38200 101.55500
29 6 21 10 54 29885.10000 43.73600000 1827.08000 121.82000 16.38200 101.55500
29 6 21 10 55 29886.20000 43.66500000 1827.09000 121.72000 16.38200 101.55500
29 6 21 10 55 29899.90000 43.66500000 1828.78000 121.72000 16.38200 101.55500
29 6 21 10 55 29908.00000 43.66500000 1828.97000 121.89000 16.30000 101.55500
29 6 21 10 56 29912.00000 43.72600000 1829.37000 121.86000 16.30000 101.55500
29 6 21 10 56 29913.40000 43.70000000 1829.02000 121.86000 16.30000 101.55500
29 6 21 10 57 29926.40000 43.70000000 1829.55000 121.84000 16.30000 101.55500
29 6 21 10 57 29953.30000 43.70000000 1829.57000 121.85000 16.30000 101.55500
29 6 21 10 58 29968.20000 43.70000000 1830.00000 121.85000 16.30000 101.55500
29 6 21 10 58 29976.40000 43.86200000 1830.00000 122.00000 16.30000 101.55500
29 6 21 10 58 29968.30000 43.95600000 1829.36000 122.07000 16.30000 101.55300
29 6 21 10 59 29969.70000 44.16200000 1828.87000 122.10000 16.30000 101.55300
29 6 21 10 59 29965.80000 44.07500000 1828.30000 122.11000 16.30000 101.55300
29 6 21 11 00 29956.10000 44.17300000 1827.40000 121.88000 16.30000 101.55300
29 6 21 11 00 29924.20000 44.16900000 1826.32000 121.89000 16.30000 101.55300
29 6 21 11 01 29913.40000 44.05300000 1824.35000 121.90000 16.30000 101.28800
29 6 21 11 01 29975.30000 44.08800000 1828.83000 121.87000 16.30000 101.28800
29 6 21 11 01 29971.10000 44.08800000 1829.74000 122.04000 16.30000 101.43600
29 6 21 11 02 29982.90000 44.08800000 1829.42000 122.04000 16.30000 101.43600
29 6 21 11 02 29952.60000 44.03500000 1829.49000 122.04000 16.30000 101.43600
29 6 21 11 03 29955.60000 44.03500000 1828.88000 122.04000 16.30000 101.29700
29 6 21 11 03 29960.50000 44.03500000 1829.47000 121.94000 16.30000 101.29700
29 6 21 11 04 29971.30000 44.03500000 1830.00000 121.95000 16.40000 101.29700
29 6 21 11 04 29980.00000 44.03500000 1833.40000 122.02000 16.40000 101.29700
29 6 21 11 04 29993.40000 44.03500000 1836.09000 122.24000 16.40000 101.29700
29 6 21 11 05 30000.00000 44.03500000 1838.54000 122.26000 16.40000 101.29700
29 6 21 11 05 30029.90000 43.97100000 1838.57000 122.37000 16.40000 101.62000
29 6 21 11 06 30006.60000 43.97100000 1837.97000 122.45000 16.40000 101.62000
29 6 21 11 06 30006.60000 43.96900000 1835.59000 122.45000 16.40000 101.62000
29 6 21 11 07 29992.10000 43.96900000 1835.00000 122.50000 16.40000 101.50700
29 6 21 11 07 29993.20000 43.96900000 1835.31000 122.50000 16.40000 101.50700
29 6 21 11 07 29980.00000 43.95000000 1835.02000 122.55000 16.40000 101.50700
29 6 21 11 08 29980.10000 43.95000000 1836.24000 122.72000 16.40000 101.50700
29 6 21 11 08 29944.40000 43.95000000 1835.02000 122.44000 16.40000 101.50700
29 6 21 11 09 29945.60000 43.95000000 1833.14000 122.44000 16.40000 101.50700
29 6 21 11 09 29956.90000 44.10800000 1834.23000 122.44000 16.40000 101.50700
29 6 21 11 10 29908.60000 44.10800000 1833.39000 122.44000 16.40000 101.50700
29 6 21 11 10 29899.00000 44.04100000 1831.03000 122.21000 16.40000 101.50700
29 6 21 11 10 29925.80000 44.04100000 1834.20000 122.33000 16.40000 101.50700
29 6 21 11 11 29902.50000 44.06900000 1834.01000 122.22000 16.40000 101.50700
29 6 21 11 11 29904.20000 44.06900000 1832.77000 122.19000 16.40000 101.50700
29 6 21 11 12 29917.30000 44.02000000 1832.83000 122.19000 16.40000 101.50700
29 6 21 11 12 29911.20000 44.05300000 1833.42000 122.19000 16.40000 101.50700
