M=[
 5 1 21 00 42 26627.40000 5.96000000 910.00000 129.86000 13.97400 49.55000
 5 1 21 00 43 26649.00000 5.96000000 912.68000 129.77000 13.97400 49.55000
 5 1 21 00 43 26675.60000 5.94200000 915.00000 129.82000 13.97400 49.55000
 5 1 21 00 44 26676.70000 5.94200000 916.70000 129.81000 13.97400 49.59000
 5 1 21 00 44 26699.00000 5.94200000 916.99000 129.80000 13.97400 49.59000
 5 1 21 00 44 26697.30000 5.94200000 919.00000 129.93000 13.97400 49.59000
 5 1 21 00 45 26650.60000 5.97000000 918.87000 129.90000 13.97400 49.49700
 5 1 21 00 45 26631.10000 5.97000000 916.00000 129.80000 13.97400 49.49700
 5 1 21 00 46 26589.10000 5.97000000 913.58000 129.73000 13.97400 49.49700
 5 1 21 00 46 26646.30000 5.97000000 917.01000 129.92000 13.97400 49.49700
 5 1 21 00 47 26618.60000 5.97000000 915.76000 129.75000 13.97400 49.49700
 5 1 21 00 47 26628.90000 5.97000000 914.46000 129.75000 13.97400 49.49700
 5 1 21 00 48 26650.00000 5.97000000 917.44000 130.03000 13.97400 49.49700
 5 1 21 00 48 26624.90000 5.97000000 913.25000 130.09000 13.97400 49.49700
 5 1 21 00 48 26620.30000 5.97000000 910.52000 129.75000 13.97400 49.49700
 5 1 21 00 49 26624.70000 5.97000000 913.59000 129.72000 13.97400 49.49700
 5 1 21 00 49 26630.70000 5.97000000 913.71000 129.85000 13.97400 49.49700
 5 1 21 00 50 26609.60000 5.95100000 913.20000 129.77000 13.97400 49.49700
 5 1 21 00 50 26503.80000 5.95500000 904.37000 128.73000 13.97400 49.49700
 5 1 21 00 50 26516.00000 5.95500000 909.09000 129.26000 13.97400 49.49700
 5 1 21 00 51 26504.10000 5.90500000 907.06000 128.99000 13.97400 49.49700
 5 1 21 00 51 26414.60000 5.90500000 901.14000 128.72000 13.97400 49.49700
 5 1 21 00 52 26474.60000 5.89500000 904.84000 128.72000 13.97400 49.25700
 5 1 21 00 52 26455.20000 5.89500000 902.88000 128.52000 13.97400 49.25700
 5 1 21 00 53 26404.30000 5.89400000 894.60000 128.33000 13.97400 49.25700
 5 1 21 00 53 26441.40000 5.89400000 898.22000 128.66000 13.97400 49.25700
 5 1 21 00 53 26439.00000 5.89400000 898.59000 128.72000 13.97400 49.17000
 5 1 21 00 54 26443.40000 5.89400000 896.54000 128.59000 13.97400 49.17000
 5 1 21 00 54 26459.20000 5.89400000 900.30000 128.80000 13.97400 49.17000
 5 1 21 00 55 26480.30000 5.91800000 902.36000 128.97000 13.97400 49.17000
 5 1 21 00 55 26466.10000 5.91800000 897.91000 128.97000 13.97400 49.17000
 5 1 21 00 56 26458.30000 5.91800000 899.76000 128.75000 13.97400 49.17000
 5 1 21 00 56 26476.50000 5.91800000 900.57000 128.73000 13.97400 49.17000
 5 1 21 00 56 26424.60000 5.91800000 895.96000 128.63000 13.97400 49.17000
 5 1 21 00 57 26420.40000 5.91800000 897.63000 128.42000 13.97400 49.17000
 5 1 21 00 57 26358.00000 5.91800000 889.45000 128.01000 13.97400 49.17000
 5 1 21 00 58 26374.10000 5.91800000 888.19000 127.96000 13.97400 49.17000
 5 1 21 00 58 26356.90000 5.91800000 889.14000 128.15000 13.97400 49.17000
 5 1 21 00 59 26317.90000 5.91800000 888.53000 128.16000 14.02400 49.17000
 5 1 21 00 59 26389.20000 5.91800000 890.76000 128.40000 14.02500 49.17000
 5 1 21 00 59 26386.90000 5.91800000 890.47000 128.39000 14.03800 49.17000
 5 1 21 01 00 26400.10000 5.91800000 896.06000 128.69000 14.03800 49.17000
 5 1 21 01 00 26463.30000 5.90500000 897.92000 128.69000 14.03800 49.17000
 5 1 21 01 01 26428.40000 5.92400000 894.75000 128.28000 14.03800 49.17000
 5 1 21 01 01 26451.30000 5.92400000 896.97000 128.56000 14.03800 49.17000
 5 1 21 01 02 26477.30000 5.92400000 898.53000 128.75000 14.03800 49.17000
 5 1 21 01 02 26500.90000 5.94700000 899.67000 128.75000 14.03800 49.17000
 5 1 21 01 02 26545.80000 5.94700000 904.66000 129.00000 14.03800 49.17000
 5 1 21 01 03 26538.30000 5.95000000 906.61000 129.19000 14.10700 49.17000
 5 1 21 01 03 26513.90000 5.95700000 902.78000 129.18000 14.05000 49.17000
 5 1 21 01 04 26535.70000 5.97000000 903.34000 129.37000 14.05000 49.17000
 5 1 21 01 04 26513.20000 5.97300000 902.18000 129.37000 14.05000 49.17000
 5 1 21 01 05 26494.30000 6.00000000 902.34000 129.56000 14.05000 49.17000
 5 1 21 01 05 26454.40000 6.00000000 898.05000 129.45000 14.05000 49.17000
 5 1 21 01 05 26496.20000 6.00000000 901.58000 129.45000 14.05000 49.17000
 5 1 21 01 06 26438.70000 6.00000000 898.24000 129.25000 14.05000 49.17000
 5 1 21 01 06 26437.90000 6.00000000 894.97000 129.25000 14.05000 49.17000
 5 1 21 01 07 26444.40000 6.00000000 896.20000 129.25000 14.05000 49.17000
 5 1 21 01 07 26444.30000 6.00000000 897.92000 129.20000 14.05000 49.17000
 5 1 21 01 08 26438.00000 6.00000000 896.00000 129.10000 14.05000 49.17000
 5 1 21 01 08 26397.00000 6.00000000 891.38000 128.60000 14.05000 49.17000
 5 1 21 01 08 26378.60000 5.97000000 892.40000 128.60000 14.05000 49.17000
 5 1 21 01 09 26361.90000 5.97000000 889.87000 128.45000 14.05000 49.17000
 5 1 21 01 09 26347.00000 5.95500000 885.76000 128.07000 14.05000 49.02700
 5 1 21 01 10 26363.10000 5.93200000 888.07000 128.24000 14.16500 49.02700
 5 1 21 01 10 26325.00000 5.85300000 885.40000 127.87000 14.22000 49.02700
 5 1 21 01 11 26371.30000 5.89700000 887.09000 128.16000 14.18000 49.02700
 5 1 21 01 11 26403.30000 5.90300000 891.07000 128.16000 14.22000 49.02700
 5 1 21 01 11 26432.30000 5.91200000 889.13000 128.20000 14.10100 49.02700
 5 1 21 01 12 26407.60000 5.91200000 885.18000 127.40000 14.22000 49.02700
 5 1 21 01 12 26375.80000 5.88800000 882.78000 127.50000 14.24000 49.02700
 5 1 21 01 13 26369.70000 5.88800000 884.53000 127.57000 14.24000 49.02700
 5 1 21 01 13 26387.70000 5.88800000 886.18000 127.58000 14.24000 49.02700
 5 1 21 01 14 26405.90000 5.89700000 889.90000 127.58000 14.24000 49.02700
 5 1 21 01 14 26395.00000 5.89700000 887.98000 127.58000 14.24000 49.02700
 5 1 21 01 14 26411.20000 5.89700000 888.75000 127.58000 14.24000 49.02700
 5 1 21 01 15 26384.70000 5.89700000 883.55000 127.17000 14.24000 49.02700
 5 1 21 01 15 26365.90000 5.89700000 885.06000 127.23000 14.24000 48.80900
 5 1 21 01 16 26365.80000 5.89700000 884.41000 127.11000 14.24000 48.80900
 5 1 21 01 16 26365.80000 5.86600000 883.79000 126.69000 14.24000 48.80900
 5 1 21 01 17 26317.30000 5.86500000 877.49000 126.54000 14.24000 48.80900
 5 1 21 01 17 26289.80000 5.84900000 873.62000 126.53000 14.24000 48.80900
 5 1 21 01 17 26306.60000 5.84700000 873.34000 126.67000 14.24000 48.80900
 5 1 21 01 18 26340.00000 5.84700000 874.68000 126.80000 14.24000 48.80900
 5 1 21 01 18 26276.00000 5.84700000 870.63000 126.80000 14.24000 48.61100
 5 1 21 01 19 26297.90000 5.84700000 873.03000 126.65000 14.24000 48.61100
 5 1 21 01 19 26365.70000 5.84700000 874.77000 127.16000 14.24000 48.61100
 5 1 21 01 20 26341.80000 5.84700000 875.87000 127.27000 14.24000 48.61100
 5 1 21 01 20 26361.00000 5.86000000 878.37000 127.24000 14.24000 48.61100
 5 1 21 01 20 26378.00000 5.86000000 880.77000 127.30000 14.24000 48.82000
 5 1 21 01 21 26359.90000 5.86000000 881.03000 127.30000 14.24000 48.82000
 5 1 21 01 21 26368.50000 5.86000000 881.80000 127.51000 14.24000 48.82000
 5 1 21 01 22 26324.90000 5.86000000 877.42000 127.53000 14.24000 48.82000
 5 1 21 01 22 26322.30000 5.86000000 875.83000 127.28000 14.24000 48.82000
 5 1 21 01 23 26393.70000 5.86000000 880.88000 127.58000 14.24000 48.82000
 5 1 21 01 23 26374.60000 5.86000000 882.34000 127.58000 14.24000 48.82000
 5 1 21 01 23 26393.70000 5.86000000 881.70000 127.58000 14.24000 48.82000
 5 1 21 01 24 26398.90000 5.86000000 881.70000 127.59000 14.24000 48.82000
 5 1 21 01 24 26399.90000 5.86000000 881.91000 127.61000 14.24000 48.82000
 5 1 21 01 25 26432.00000 5.86000000 885.99000 127.76000 14.24000 48.82000
 5 1 21 01 25 26435.40000 5.86000000 885.20000 127.50000 14.24000 48.82000
 5 1 21 01 26 26455.20000 5.86000000 884.56000 127.50000 14.24000 48.82000
 5 1 21 01 26 26455.20000 5.83600000 882.60000 127.46000 14.24000 48.82000
 5 1 21 01 26 26464.60000 5.83000000 885.60000 127.46000 14.24000 48.82000
 5 1 21 01 27 26441.70000 5.84700000 884.00000 127.46000 14.24000 48.82000
 5 1 21 01 27 26415.00000 5.84700000 882.92000 127.50000 14.24000 48.82000
