M=[
26 7 21 10 06 32438.50000 45.00000000 1989.91000 116.88000 25.25700 90.27200
26 7 21 10 06 32424.30000 44.90200000 1989.52000 116.88000 25.25700 90.27200
26 7 21 10 07 32449.70000 44.90200000 1990.28000 116.88000 25.25700 90.27200
26 7 21 10 07 32430.40000 45.00400000 1988.67000 116.75000 25.25700 90.27200
26 7 21 10 08 32428.20000 45.00400000 1988.63000 116.77000 25.25700 90.27200
26 7 21 10 08 32417.70000 45.00400000 1988.05000 116.77000 25.25700 90.27200
26 7 21 10 09 32414.10000 45.00400000 1988.04000 116.61000 25.25700 90.27200
26 7 21 10 09 32415.90000 45.00400000 1989.32000 116.63000 25.25700 90.27200
26 7 21 10 09 32428.20000 45.00400000 1988.80000 116.67000 25.25700 90.27200
26 7 21 10 10 32414.20000 45.00400000 1988.54000 116.61000 25.25700 90.27200
26 7 21 10 10 32432.40000 45.00400000 1988.74000 116.64000 25.25700 90.27200
26 7 21 10 11 32452.00000 45.00400000 1988.14000 116.64000 25.25700 90.27200
26 7 21 10 11 32454.40000 45.00400000 1992.12000 116.64000 25.25700 90.69400
26 7 21 10 12 32451.90000 45.00400000 1991.66000 116.64000 25.25700 90.69400
26 7 21 10 12 32441.50000 45.00400000 1991.15000 116.64000 25.25700 90.69400
26 7 21 10 12 32450.30000 45.00400000 1991.88000 116.64000 25.25700 90.69400
26 7 21 10 13 32439.70000 45.00400000 1991.43000 116.64000 25.41100 90.69400
26 7 21 10 13 32438.80000 45.00400000 1990.44000 116.64000 25.41100 90.69400
26 7 21 10 14 32424.50000 45.15100000 1991.18000 116.64000 25.41100 90.69400
26 7 21 10 14 32435.40000 45.15100000 1991.65000 116.64000 25.41100 90.69400
26 7 21 10 15 32440.00000 45.15100000 1991.65000 116.64000 25.41100 90.69400
26 7 21 10 15 32440.00000 45.15100000 1992.38000 116.74000 25.41100 90.69400
26 7 21 10 15 32435.20000 45.15100000 1990.90000 116.63000 25.41100 90.69400
26 7 21 10 16 32416.10000 45.14200000 1990.26000 116.63000 25.41100 90.69400
26 7 21 10 16 32416.30000 45.14200000 1990.43000 116.63000 25.40100 90.69400
26 7 21 10 17 32403.70000 45.14200000 1990.00000 116.47000 25.40100 90.69400
26 7 21 10 17 32400.00000 45.05700000 1989.00000 116.38000 25.40100 90.69400
26 7 21 10 18 32384.30000 45.05700000 1988.53000 116.38000 25.40100 90.69400
26 7 21 10 18 32369.40000 45.05000000 1986.42000 116.38000 25.40100 90.69400
26 7 21 10 18 32369.90000 45.05000000 1986.82000 116.38000 25.40100 90.69400
26 7 21 10 19 32386.80000 45.05000000 1987.01000 116.44000 25.40100 90.69400
26 7 21 10 19 32364.50000 45.05000000 1986.02000 116.44000 25.40100 90.69400
26 7 21 10 20 32358.50000 45.05000000 1985.55000 116.44000 25.40100 90.69400
26 7 21 10 20 32354.90000 45.05000000 1987.07000 116.44000 25.40100 90.69400
26 7 21 10 21 32349.70000 45.05000000 1985.63000 116.44000 25.40100 90.69400
26 7 21 10 21 32341.10000 45.05000000 1982.13000 116.44000 25.40100 90.69400
26 7 21 10 22 32324.40000 45.05000000 1983.49000 116.44000 25.40100 90.69400
26 7 21 10 22 32355.60000 45.05000000 1985.61000 116.44000 25.40100 90.69400
26 7 21 10 22 32377.50000 45.05000000 1985.78000 116.49000 25.42700 90.69400
26 7 21 10 23 32366.70000 45.05000000 1985.22000 116.47000 25.42700 90.69400
26 7 21 10 23 32364.80000 44.78400000 1985.03000 116.47000 25.42700 90.69400
26 7 21 10 24 32370.00000 44.80600000 1985.72000 116.47000 25.42700 90.43900
26 7 21 10 24 32382.90000 44.80600000 1986.14000 116.47000 25.42700 90.43900
26 7 21 10 25 32382.00000 44.80600000 1986.90000 116.49000 25.42700 90.43900
26 7 21 10 25 32370.80000 44.80600000 1986.67000 116.49000 25.42700 90.43900
26 7 21 10 25 32354.20000 44.87100000 1985.61000 116.41000 25.42700 90.43900
26 7 21 10 26 32355.10000 44.87100000 1985.00000 116.41000 25.42700 90.43900
26 7 21 10 26 32364.00000 44.89800000 1985.00000 116.41000 25.42700 90.43900
26 7 21 10 27 32363.50000 44.89800000 1985.29000 116.38000 25.42700 90.43900
26 7 21 10 27 32364.00000 44.89800000 1985.01000 116.38000 25.42700 90.43900
26 7 21 10 28 32351.60000 44.81000000 1983.38000 116.38000 25.42700 90.43900
26 7 21 10 28 32351.90000 44.81000000 1984.64000 116.38000 25.42700 90.43900
26 7 21 10 28 32351.70000 44.81000000 1984.52000 116.38000 25.42700 90.43900
26 7 21 10 29 32360.00000 44.81000000 1985.01000 116.32000 25.42700 90.43900
26 7 21 10 29 32360.00000 44.81000000 1985.62000 116.40000 25.42700 90.43900
26 7 21 10 30 32373.20000 44.81000000 1985.07000 116.21000 25.42700 90.75300
26 7 21 10 30 32368.50000 44.81000000 1985.03000 116.20000 25.42700 90.75300
26 7 21 10 31 32352.50000 44.81000000 1982.87000 116.20000 25.42700 90.75300
26 7 21 10 31 32346.70000 44.81000000 1981.83000 116.20000 25.42700 90.75300
26 7 21 10 31 32346.80000 44.81000000 1981.83000 116.20000 25.42700 90.75300
26 7 21 10 32 32359.80000 44.81000000 1984.54000 116.20000 25.53500 90.65000
26 7 21 10 32 32370.70000 44.81000000 1984.54000 116.20000 25.83200 90.65000
26 7 21 10 33 32379.90000 44.81000000 1985.59000 116.20000 25.79800 90.65000
26 7 21 10 33 32399.90000 44.97900000 1986.35000 116.24000 25.79600 90.65000
26 7 21 10 34 32414.00000 44.97900000 1987.56000 116.24000 25.79600 90.90500
26 7 21 10 34 32411.40000 45.10200000 1986.95000 116.24000 25.79600 90.90500
26 7 21 10 34 32438.60000 45.10200000 1988.17000 116.40000 25.79600 90.90500
26 7 21 10 35 32446.90000 45.10200000 1988.17000 116.40000 25.79600 90.90500
26 7 21 10 35 32467.90000 45.10200000 1989.90000 116.60000 25.79600 90.90500
26 7 21 10 36 32467.50000 45.10200000 1989.67000 116.58000 25.79600 90.90500
26 7 21 10 36 32467.90000 45.10200000 1990.28000 116.58000 25.79600 91.00000
26 7 21 10 37 32517.30000 45.26800000 1991.19000 116.65000 25.79600 91.00000
26 7 21 10 37 32520.90000 45.26800000 1991.19000 116.65000 25.79600 91.09300
26 7 21 10 37 32520.90000 45.26800000 1991.57000 116.65000 25.79600 91.09300
26 7 21 10 38 32523.00000 45.26800000 1992.76000 116.72000 25.79600 91.09300
26 7 21 10 38 32526.90000 45.26800000 1994.65000 116.72000 25.79600 91.09300
26 7 21 10 39 32475.40000 45.26800000 1990.01000 116.55000 25.79600 91.09300
26 7 21 10 39 32484.70000 45.26800000 1990.00000 116.55000 25.79600 91.09300
26 7 21 10 40 32515.80000 45.26800000 1992.11000 116.55000 25.79600 91.09300
26 7 21 10 40 32526.20000 45.26800000 1993.00000 116.55000 25.79600 91.32800
26 7 21 10 41 32482.30000 45.27000000 1990.64000 116.59000 25.79600 91.32800
26 7 21 10 41 32523.00000 45.27000000 1992.13000 116.59000 25.79600 91.32800
26 7 21 10 41 32514.70000 45.27000000 1992.13000 116.73000 25.79600 91.32800
26 7 21 10 42 32530.40000 45.27000000 1993.50000 116.76000 25.79600 91.32800
26 7 21 10 42 32534.70000 45.27000000 1993.15000 116.77000 25.79600 91.32800
26 7 21 10 43 32559.90000 45.27000000 1995.63000 116.77000 25.79600 91.32800
26 7 21 10 43 32568.20000 45.27000000 1995.00000 116.90000 25.79600 91.32800
26 7 21 10 44 32560.00000 45.27000000 1995.00000 116.90000 25.79600 91.32800
26 7 21 10 44 32551.40000 45.27000000 1994.99000 116.90000 25.79600 91.65900
26 7 21 10 44 32533.90000 45.27000000 1993.57000 116.88000 25.79600 91.65900
26 7 21 10 45 32547.60000 45.27000000 1994.00000 116.88000 25.79600 91.65900
26 7 21 10 45 32560.00000 45.27000000 1994.85000 116.91000 25.79600 91.65900
26 7 21 10 46 32565.20000 45.35700000 1995.77000 116.91000 25.79600 91.65900
26 7 21 10 46 32555.30000 45.35700000 1995.42000 116.91000 25.79600 91.65900
26 7 21 10 47 32575.00000 45.35700000 1996.52000 116.87000 25.79600 91.65900
26 7 21 10 47 32599.70000 45.35700000 1998.51000 116.86000 25.79600 91.65900
26 7 21 10 47 32599.60000 45.35700000 1999.74000 116.97000 25.79700 91.65900
26 7 21 10 48 32574.90000 45.35700000 1996.35000 116.92000 25.79700 91.65900
26 7 21 10 48 32594.10000 45.35700000 1996.76000 116.95000 25.79700 91.73900
26 7 21 10 49 32588.40000 45.35700000 1996.15000 116.85000 25.79700 91.73900
26 7 21 10 49 32586.20000 45.35700000 1996.14000 116.87000 25.79700 91.73900
26 7 21 10 50 32561.30000 45.35700000 1995.66000 116.87000 25.79900 91.46700
26 7 21 10 50 32550.10000 45.35700000 1995.66000 116.87000 25.79900 91.29200
