M=[
25 12 20 08 03 19489.00000 4.70000000 505.55000 92.13000 14.62600 51.30000
25 12 20 08 04 19502.00000 4.70000000 506.59000 92.14000 14.62600 51.30000
25 12 20 08 04 19501.90000 4.70000000 506.78000 92.18000 14.62600 51.30000
25 12 20 08 04 19507.80000 4.70000000 506.78000 92.32000 14.62600 51.30000
25 12 20 08 05 19527.00000 4.70000000 506.78000 92.78000 14.62600 51.30000
25 12 20 08 05 19502.00000 4.69800000 506.38000 92.33000 14.64100 51.30000
25 12 20 08 06 19515.00000 4.70000000 506.58000 92.49000 14.78600 51.38000
25 12 20 08 06 19529.20000 4.70000000 506.71000 92.31000 14.78600 51.38000
25 12 20 08 07 19528.80000 4.68000000 506.83000 92.56000 14.78600 51.36800
25 12 20 08 07 19537.20000 4.68000000 506.84000 92.70000 14.65500 51.36800
25 12 20 08 07 19550.00000 4.69000000 507.95000 92.70000 14.65500 51.36800
25 12 20 08 08 19543.70000 4.69000000 507.53000 92.70000 14.65500 51.36800
25 12 20 08 08 19542.30000 4.69000000 507.88000 92.50000 14.83400 51.36800
25 12 20 08 09 19550.00000 4.69000000 508.30000 92.64000 14.67000 51.36800
25 12 20 08 09 19551.00000 4.69200000 508.30000 92.89000 14.67000 51.36800
25 12 20 08 10 19552.00000 4.69200000 507.64000 92.56000 14.67000 51.36800
25 12 20 08 10 19555.90000 4.69200000 508.30000 92.99000 14.82200 51.36800
25 12 20 08 10 19573.80000 4.69200000 508.29000 93.22000 14.82000 51.36800
25 12 20 08 11 19573.90000 4.69200000 508.30000 93.24000 14.69900 51.36800
25 12 20 08 11 19571.20000 4.68100000 508.16000 93.25000 14.83400 51.36800
25 12 20 08 12 19573.00000 4.68100000 508.01000 93.00000 14.83400 51.36800
25 12 20 08 12 19574.00000 4.68300000 508.25000 93.16000 14.83400 51.38900
25 12 20 08 13 19567.90000 4.68300000 508.04000 92.89000 14.83400 51.38900
25 12 20 08 13 19564.00000 4.68300000 507.93000 92.73000 14.83400 51.38900
25 12 20 08 13 19554.30000 4.68300000 507.93000 92.74000 14.83400 51.38900
25 12 20 08 14 19556.00000 4.68300000 507.46000 92.57000 14.71400 51.38900
25 12 20 08 14 19556.10000 4.68300000 507.46000 92.68000 14.71400 51.38900
25 12 20 08 15 19574.00000 4.68300000 508.00000 92.93000 14.72900 51.38900
25 12 20 08 15 19563.00000 4.68300000 508.00000 92.61000 14.72900 51.38900
25 12 20 08 16 19549.80000 4.68300000 507.49000 92.54000 14.72900 51.38900
25 12 20 08 16 19548.50000 4.68300000 507.32000 92.41000 14.72900 51.38900
25 12 20 08 16 19548.00000 4.68300000 507.03000 92.50000 14.72900 51.38900
25 12 20 08 17 19549.80000 4.68300000 507.66000 92.59000 14.72900 51.38900
25 12 20 08 17 19550.00000 4.68300000 507.95000 92.66000 14.72900 51.38900
25 12 20 08 18 19550.00000 4.68300000 508.29000 92.76000 14.72900 51.38900
25 12 20 08 18 19550.00000 4.68300000 508.24000 92.76000 14.72900 51.38900
25 12 20 08 19 19550.00000 4.68300000 508.24000 92.27000 14.72900 51.38900
25 12 20 08 19 19528.70000 4.68300000 507.63000 92.28000 14.72900 51.38900
25 12 20 08 19 19530.40000 4.68300000 507.80000 92.34000 14.72900 51.46000
25 12 20 08 20 19526.10000 4.68300000 507.93000 92.45000 14.72900 51.46000
25 12 20 08 20 19530.30000 4.68300000 507.92000 92.53000 14.72900 51.46000
25 12 20 08 21 19530.40000 4.68300000 507.92000 92.56000 14.72900 51.46000
25 12 20 08 21 19537.20000 4.68300000 508.30000 92.56000 14.89900 51.46000
25 12 20 08 22 19547.70000 4.70000000 508.29000 92.61000 14.89900 51.46000
25 12 20 08 22 19550.00000 4.70000000 508.76000 92.80000 14.89900 51.46000
25 12 20 08 22 19552.80000 4.70000000 508.99000 92.80000 14.89900 51.46000
25 12 20 08 23 19556.10000 4.70000000 508.99000 92.84000 14.89900 51.52000
25 12 20 08 23 19557.50000 4.70000000 509.00000 92.90000 14.89900 51.52000
25 12 20 08 24 19558.60000 4.70000000 508.63000 92.79000 14.89900 51.52000
25 12 20 08 24 19558.10000 4.70000000 508.87000 92.82000 14.89900 51.52000
25 12 20 08 25 19553.00000 4.70000000 508.86000 92.90000 14.89900 51.52000
25 12 20 08 25 19551.20000 4.70000000 508.96000 92.67000 14.89900 51.52000
25 12 20 08 25 19548.90000 4.70300000 508.96000 92.65000 14.89900 51.40200
25 12 20 08 26 19549.60000 4.70300000 508.60000 92.55000 14.89900 51.40200
25 12 20 08 26 19536.10000 4.70300000 508.18000 92.54000 14.89900 51.40200
25 12 20 08 27 19534.70000 4.70300000 508.01000 92.43000 14.89900 51.40200
25 12 20 08 27 19522.00000 4.70300000 507.75000 92.35000 14.74300 51.40200
25 12 20 08 28 19523.10000 4.70300000 507.84000 92.35000 14.74300 51.40200
25 12 20 08 28 19528.90000 4.70300000 507.75000 92.47000 14.74300 51.40200
25 12 20 08 28 19527.80000 4.70300000 507.75000 92.47000 14.74300 51.40200
25 12 20 08 29 19535.20000 4.70300000 508.35000 92.38000 14.74300 51.47000
25 12 20 08 29 19530.70000 4.70300000 508.35000 92.38000 14.93900 51.52500
25 12 20 08 30 19544.00000 4.70300000 508.36000 92.52000 14.93900 51.52900
25 12 20 08 30 19549.10000 4.70300000 509.00000 92.57000 14.75800 51.52900
25 12 20 08 31 19540.00000 4.70300000 509.10000 92.64000 14.77300 51.52900
25 12 20 08 31 19536.50000 4.70300000 508.81000 92.50000 14.77300 51.52900
25 12 20 08 31 19531.20000 4.70300000 507.87000 92.29000 14.79600 51.52900
25 12 20 08 32 19527.80000 4.70300000 507.79000 92.33000 14.79600 51.52900
25 12 20 08 32 19519.90000 4.71000000 507.76000 92.19000 14.79600 51.52900
25 12 20 08 33 19530.30000 4.71000000 507.63000 92.17000 14.80300 51.52900
25 12 20 08 33 19517.60000 4.71000000 507.52000 92.29000 14.80300 51.52900
25 12 20 08 34 19519.10000 4.71000000 506.89000 92.23000 14.80300 51.49000
25 12 20 08 34 19506.20000 4.71000000 507.14000 92.06000 14.80300 51.49000
25 12 20 08 34 19454.50000 4.71000000 506.38000 92.03000 14.80300 51.49000
25 12 20 08 35 19425.10000 4.68400000 506.04000 91.59000 14.81700 51.38700
25 12 20 08 35 19406.90000 4.67100000 504.44000 91.48000 14.81700 51.38700
25 12 20 08 36 19419.60000 4.67100000 504.69000 91.41000 14.81700 51.38700
25 12 20 08 36 19434.70000 4.67100000 504.66000 91.51000 14.81700 51.38700
25 12 20 08 37 19434.70000 4.67100000 504.85000 91.58000 14.81700 51.38700
25 12 20 08 37 19423.90000 4.67100000 504.77000 91.71000 14.81700 51.38700
25 12 20 08 37 19435.90000 4.67100000 504.97000 91.71000 14.81700 51.38700
25 12 20 08 38 19400.10000 4.67100000 504.78000 91.40000 14.75900 51.38700
25 12 20 08 38 19421.50000 4.67100000 504.93000 91.72000 14.75800 51.38700
25 12 20 08 39 19423.20000 4.64900000 505.25000 91.78000 14.72900 51.38700
25 12 20 08 39 19430.10000 4.64900000 505.05000 91.68000 14.72900 51.38700
25 12 20 08 40 19434.40000 4.64900000 505.30000 91.57000 14.72900 51.38700
25 12 20 08 40 19454.50000 4.64900000 505.30000 91.73000 14.72900 51.38700
25 12 20 08 40 19466.70000 4.64900000 505.30000 91.73000 14.72900 51.38700
25 12 20 08 41 19470.70000 4.64900000 505.30000 91.73000 14.72900 51.38700
25 12 20 08 41 19476.90000 4.64900000 506.05000 92.00000 14.68000 51.38700
25 12 20 08 42 19466.00000 4.64900000 506.11000 91.76000 14.68000 51.38700
25 12 20 08 42 19447.60000 4.64900000 505.70000 91.88000 14.68000 51.38700
25 12 20 08 43 19448.80000 4.64900000 505.55000 91.88000 14.68000 51.38700
25 12 20 08 43 19459.30000 4.64900000 505.81000 91.92000 14.68000 51.38700
25 12 20 08 43 19452.60000 4.64900000 505.82000 91.87000 14.68000 51.38700
25 12 20 08 44 19465.70000 4.64900000 506.00000 91.90000 14.68000 51.38700
25 12 20 08 44 19461.20000 4.64900000 506.00000 91.84000 14.68000 51.38700
25 12 20 08 45 19456.00000 4.64900000 505.88000 91.84000 14.68000 51.38700
25 12 20 08 45 19456.10000 4.64900000 505.82000 91.84000 14.68000 51.38700
25 12 20 08 46 19444.70000 4.64900000 505.34000 91.88000 14.68000 51.38700
25 12 20 08 46 19444.60000 4.64900000 505.34000 91.80000 14.68000 51.38700
25 12 20 08 46 19438.70000 4.64900000 505.52000 91.82000 14.68000 51.38700
25 12 20 08 47 19446.40000 4.64900000 505.52000 91.94000 14.68000 51.38700
25 12 20 08 47 19446.40000 4.64900000 505.52000 91.94000 14.68000 51.38700
25 12 20 08 48 19446.40000 4.64900000 506.00000 92.03000 14.68000 51.38700
25 12 20 08 48 19459.90000 4.64900000 506.66000 92.30000 14.68000 51.38700
