M=[
 6 2 21 14 51 33546.00000 7.09500000 1403.22000 133.44000 18.22800 80.20000
 6 2 21 14 51 33525.70000 7.09500000 1403.01000 133.31000 18.55900 80.20000
 6 2 21 14 51 33514.40000 7.09500000 1402.04000 133.31000 18.55900 80.20000
 6 2 21 14 52 33519.70000 7.10000000 1401.56000 133.31000 18.55900 80.20000
 6 2 21 14 52 33500.00000 7.10000000 1401.98000 133.39000 18.55900 80.20000
 6 2 21 14 53 33506.10000 7.10000000 1401.88000 133.45000 18.55900 80.20000
 6 2 21 14 53 33506.50000 7.10000000 1402.17000 133.45000 18.55900 80.20000
 6 2 21 14 54 33510.00000 7.10000000 1402.01000 133.32000 18.55900 80.20000
 6 2 21 14 54 33506.90000 7.10000000 1401.07000 133.32000 18.55900 80.20000
 6 2 21 14 54 33472.10000 7.10000000 1400.68000 133.29000 18.55900 80.20000
 6 2 21 14 55 33497.00000 7.10000000 1401.65000 133.29000 18.55900 80.20000
 6 2 21 14 55 33497.00000 7.10000000 1402.00000 133.30000 18.55900 80.20000
 6 2 21 14 56 33483.00000 7.13100000 1402.00000 133.19000 18.55900 80.20000
 6 2 21 14 56 33508.00000 7.13100000 1401.99000 133.19000 18.55900 80.20000
 6 2 21 14 57 33507.00000 7.13100000 1402.00000 133.19000 18.55900 80.20000
 6 2 21 14 57 33488.50000 7.13100000 1401.92000 133.24000 18.55900 80.20000
 6 2 21 14 57 33495.00000 7.13100000 1402.00000 133.30000 18.55900 80.20000
 6 2 21 14 58 33477.50000 7.14000000 1401.99000 133.33000 18.55900 80.19000
 6 2 21 14 58 33465.80000 7.14100000 1402.00000 133.32000 18.55900 80.19000
 6 2 21 14 59 33451.90000 7.14100000 1401.99000 133.32000 18.55900 80.19400
 6 2 21 14 59 33465.00000 7.17900000 1402.00000 133.32000 18.55900 80.19400
 6 2 21 15 00 33470.60000 7.17900000 1402.00000 133.32000 18.55900 80.19400
 6 2 21 15 00 33470.60000 7.16000000 1401.98000 133.32000 18.55900 80.19400
 6 2 21 15 00 33433.80000 7.16000000 1402.00000 133.32000 18.55900 80.19400
 6 2 21 15 01 33441.60000 7.16000000 1401.25000 133.32000 18.55900 80.19400
 6 2 21 15 01 33419.90000 7.16000000 1400.75000 133.32000 18.55900 80.19400
 6 2 21 15 02 33409.90000 7.16000000 1401.22000 133.05000 18.55900 80.08800
 6 2 21 15 02 33429.00000 7.16000000 1401.66000 133.05000 18.40300 80.13000
 6 2 21 15 03 33434.00000 7.16000000 1401.52000 133.12000 18.40300 80.13000
 6 2 21 15 03 33437.20000 7.16000000 1401.99000 133.24000 18.40300 80.13900
 6 2 21 15 03 33437.40000 7.18000000 1401.99000 133.29000 18.40300 80.13900
 6 2 21 15 04 33437.30000 7.18500000 1402.00000 133.29000 18.40300 80.13900
 6 2 21 15 04 33414.80000 7.18600000 1401.92000 133.29000 18.40300 80.13900
 6 2 21 15 05 33414.90000 7.18200000 1402.00000 133.22000 18.40300 80.05600
 6 2 21 15 05 33440.80000 7.19200000 1401.99000 133.26000 18.40300 80.05600
 6 2 21 15 06 33449.90000 7.19200000 1402.00000 133.26000 18.40300 80.00200
 6 2 21 15 06 33450.00000 7.19200000 1401.99000 133.18000 18.40300 80.00200
 6 2 21 15 06 33501.00000 7.20000000 1401.99000 133.24000 18.40300 80.00100
 6 2 21 15 07 33540.50000 7.20000000 1403.75000 133.46000 18.40300 80.00100
 6 2 21 15 07 33540.50000 7.20000000 1404.06000 133.46000 18.40300 80.00100
 6 2 21 15 08 33522.70000 7.20000000 1402.76000 133.46000 18.40300 80.00100
 6 2 21 15 08 33522.70000 7.20000000 1404.53000 133.51000 18.40300 80.00100
 6 2 21 15 09 33522.70000 7.20000000 1404.52000 133.51000 18.40300 80.00100
 6 2 21 15 09 33522.70000 7.19900000 1406.26000 133.53000 18.40300 80.00100
 6 2 21 15 09 33540.00000 7.19900000 1405.67000 133.53000 18.40300 80.00100
 6 2 21 15 10 33563.50000 7.19900000 1406.10000 133.60000 18.40300 80.00100
 6 2 21 15 10 33544.40000 7.19900000 1405.67000 133.60000 18.40300 80.00100
 6 2 21 15 11 33538.90000 7.19900000 1405.59000 133.53000 18.40300 80.00100
 6 2 21 15 11 33552.80000 7.19900000 1404.81000 133.53000 18.40300 80.00100
 6 2 21 15 12 33554.00000 7.19900000 1404.00000 133.53000 18.40300 80.00100
 6 2 21 15 12 33571.30000 7.19900000 1403.99000 133.53000 18.40300 80.00100
 6 2 21 15 12 33617.50000 7.19900000 1404.82000 133.57000 18.40300 80.00100
 6 2 21 15 13 33617.50000 7.19900000 1405.30000 133.63000 18.40300 80.00100
 6 2 21 15 13 33619.00000 7.19900000 1404.38000 133.63000 18.40300 80.54000
 6 2 21 15 14 33619.00000 7.19900000 1404.95000 133.90000 18.40300 80.54000
 6 2 21 15 14 33607.40000 7.19900000 1404.71000 133.90000 18.40300 80.54000
 6 2 21 15 15 33628.40000 7.19900000 1404.80000 134.08000 18.40300 80.54000
 6 2 21 15 15 33650.00000 7.19900000 1406.58000 134.16000 18.40300 80.54000
 6 2 21 15 15 33663.80000 7.19900000 1407.77000 134.20000 18.40300 80.54000
 6 2 21 15 16 33659.20000 7.19300000 1409.54000 134.30000 18.40300 80.63900
 6 2 21 15 16 33671.80000 7.20500000 1409.49000 134.39000 18.40300 80.63900
 6 2 21 15 17 33671.80000 7.24500000 1409.33000 134.35000 18.40300 80.63900
 6 2 21 15 17 33650.10000 7.24500000 1409.14000 134.30000 18.40300 80.63900
 6 2 21 15 18 33644.70000 7.24500000 1408.39000 134.30000 18.40300 80.63900
 6 2 21 15 18 33640.90000 7.23000000 1407.82000 134.04000 18.40300 80.63900
 6 2 21 15 18 33647.10000 7.23000000 1407.31000 134.10000 18.40300 80.63900
 6 2 21 15 19 33650.10000 7.23200000 1408.14000 134.10000 18.40300 80.63900
 6 2 21 15 19 33647.20000 7.21000000 1407.43000 134.10000 18.40300 80.63900
 6 2 21 15 20 33640.00000 7.21000000 1408.15000 134.16000 18.40300 80.72700
 6 2 21 15 20 33650.00000 7.22900000 1407.86000 134.16000 18.40300 80.72700
 6 2 21 15 21 33650.00000 7.22900000 1407.63000 134.04000 18.40300 80.72700
 6 2 21 15 21 33649.90000 7.22900000 1406.49000 133.82000 18.40300 80.72700
 6 2 21 15 21 33650.00000 7.22900000 1405.13000 133.60000 18.40300 80.72700
 6 2 21 15 22 33650.00000 7.22900000 1405.16000 133.56000 18.40300 80.72700
 6 2 21 15 22 33677.00000 7.22200000 1404.65000 133.63000 18.40300 80.72700
 6 2 21 15 23 33687.00000 7.22200000 1403.65000 133.75000 18.40300 80.73500
 6 2 21 15 23 33687.10000 7.21100000 1401.68000 133.75000 18.40300 80.73500
 6 2 21 15 24 33687.00000 7.21100000 1401.87000 133.84000 18.40300 80.73500
 6 2 21 15 24 33687.00000 7.21100000 1402.75000 133.68000 18.46400 80.73500
 6 2 21 15 24 33687.10000 7.17600000 1402.64000 133.68000 18.46400 80.73500
 6 2 21 15 25 33699.00000 7.17600000 1402.50000 133.87000 18.46400 80.73500
 6 2 21 15 25 33699.00000 7.17300000 1402.25000 133.68000 18.46400 80.73500
 6 2 21 15 26 33699.10000 7.16900000 1400.55000 133.63000 18.46400 80.65000
 6 2 21 15 26 33698.90000 7.16900000 1400.48000 133.63000 18.46400 80.65000
 6 2 21 15 27 33689.90000 7.17700000 1401.04000 133.63000 18.46400 80.65000
 6 2 21 15 27 33690.00000 7.18000000 1401.04000 133.63000 18.46400 80.73200
 6 2 21 15 27 33690.00000 7.18000000 1401.04000 133.67000 18.46400 80.73200
 6 2 21 15 28 33699.00000 7.16900000 1401.44000 133.59000 18.46400 80.73200
 6 2 21 15 28 33698.90000 7.16900000 1401.95000 133.59000 18.46400 80.73200
 6 2 21 15 29 33698.00000 7.16900000 1403.27000 133.65000 18.46400 80.73200
 6 2 21 15 29 33626.20000 7.16900000 1402.25000 133.65000 18.46400 80.73200
 6 2 21 15 30 33637.80000 7.16500000 1402.09000 133.67000 18.46400 80.62700
 6 2 21 15 30 33611.30000 7.16500000 1401.78000 133.53000 18.46400 80.62700
 6 2 21 15 30 33603.80000 7.16500000 1401.05000 133.53000 18.46400 80.62700
 6 2 21 15 31 33658.70000 7.16500000 1401.77000 133.53000 18.46400 80.62700
 6 2 21 15 31 33658.70000 7.16500000 1401.96000 133.64000 18.46400 80.62700
 6 2 21 15 32 33671.20000 7.16500000 1403.93000 133.60000 18.46400 80.62700
 6 2 21 15 32 33671.20000 7.16500000 1403.98000 133.79000 18.46400 80.62700
 6 2 21 15 33 33675.60000 7.16500000 1403.95000 133.70000 18.27900 80.62700
 6 2 21 15 33 33666.10000 7.16500000 1401.15000 133.70000 18.27900 80.62700
 6 2 21 15 33 33672.20000 7.17400000 1401.28000 133.45000 18.27900 80.62700
 6 2 21 15 34 33680.90000 7.15200000 1401.28000 133.45000 18.27900 80.62700
 6 2 21 15 34 33689.00000 7.15200000 1401.49000 133.68000 18.27900 80.62700
 6 2 21 15 35 33700.00000 7.17100000 1401.49000 133.70000 18.27900 80.62700
 6 2 21 15 35 33726.80000 7.17100000 1400.00000 133.70000 18.27900 80.39000
