M=[
29 7 21 03 00 33526.20000 40.96000000 1930.00000 116.76000 22.32100 89.96400
29 7 21 03 00 33480.30000 40.96000000 1930.00000 116.76000 22.25000 89.96400
29 7 21 03 01 33474.50000 40.96000000 1926.13000 116.47000 22.25000 89.96400
29 7 21 03 01 33480.20000 40.96000000 1926.13000 116.47000 22.25000 89.96400
29 7 21 03 02 33526.10000 40.96000000 1926.13000 116.47000 22.25000 89.96400
29 7 21 03 02 33526.10000 40.96000000 1926.13000 116.47000 22.25000 89.96400
29 7 21 03 03 33510.30000 40.96000000 1926.13000 116.47000 22.25000 89.96400
29 7 21 03 03 33563.30000 40.96000000 1926.13000 116.47000 22.25000 89.96400
29 7 21 03 03 33563.30000 40.96000000 1926.13000 116.47000 22.25000 89.96400
29 7 21 03 04 33579.10000 40.96000000 1926.13000 116.47000 22.25000 89.96400
29 7 21 03 04 33579.10000 40.96000000 1926.13000 116.47000 22.25000 89.96400
29 7 21 03 05 33587.30000 40.96000000 1930.10000 116.47000 22.25000 89.96400
29 7 21 03 05 33587.30000 40.96000000 1930.69000 116.47000 22.25000 89.96400
29 7 21 03 06 33587.40000 40.96000000 1930.69000 116.70000 22.25000 89.96400
29 7 21 03 06 33587.40000 40.96000000 1930.69000 116.70000 22.25000 89.96400
29 7 21 03 06 33597.10000 40.96000000 1930.59000 116.70000 22.25000 89.96400
29 7 21 03 07 33606.00000 40.96000000 1931.01000 116.70000 22.25000 89.96400
29 7 21 03 07 33606.00000 40.96000000 1931.01000 116.63000 22.25000 89.33400
29 7 21 03 08 33595.70000 40.96000000 1930.07000 116.63000 22.25000 89.33400
29 7 21 03 08 33615.80000 40.96000000 1930.07000 116.63000 22.25000 89.33400
29 7 21 03 09 33614.70000 40.96000000 1930.07000 116.63000 22.25000 89.33400
29 7 21 03 09 33614.70000 40.96000000 1930.07000 116.67000 22.25000 89.33400
29 7 21 03 10 33597.80000 40.96000000 1928.63000 116.67000 22.25000 89.33400
29 7 21 03 10 33594.00000 40.96000000 1928.63000 116.67000 22.25000 89.33400
29 7 21 03 10 33587.30000 40.96000000 1928.63000 116.67000 22.25000 89.33400
29 7 21 03 11 33593.90000 40.96000000 1929.83000 116.67000 22.25000 89.33400
29 7 21 03 11 33593.90000 40.96000000 1929.83000 116.67000 22.25000 89.33400
29 7 21 03 12 33611.20000 40.96000000 1929.83000 116.67000 22.25000 89.33400
29 7 21 03 12 33587.30000 40.96000000 1929.83000 116.67000 22.25000 89.33400
29 7 21 03 13 33579.00000 40.96000000 1929.83000 116.67000 22.25000 89.33400
29 7 21 03 13 33550.00000 40.96000000 1929.83000 116.67000 22.25000 89.33400
29 7 21 03 13 33547.20000 40.96000000 1926.16000 116.67000 22.25000 89.33400
29 7 21 03 14 33547.10000 40.96000000 1926.16000 116.58000 22.25000 89.33400
29 7 21 03 14 33528.00000 40.96000000 1926.16000 116.58000 22.25000 89.33400
29 7 21 03 15 33574.40000 40.96000000 1926.93000 116.58000 22.25000 89.33400
29 7 21 03 15 33570.60000 40.96000000 1926.93000 116.58000 22.25000 89.33400
29 7 21 03 16 33570.60000 40.96000000 1926.25000 116.58000 22.25000 89.33400
29 7 21 03 16 33570.60000 40.96000000 1926.25000 116.58000 22.25000 89.33400
29 7 21 03 16 33550.10000 40.96000000 1925.28000 116.58000 22.25000 89.33400
29 7 21 03 17 33523.20000 40.96000000 1925.34000 116.55000 22.25000 89.33400
29 7 21 03 17 33523.20000 40.96000000 1925.34000 116.55000 22.25000 89.33400
29 7 21 03 18 33504.40000 40.96000000 1925.05000 116.51000 22.25000 89.33400
29 7 21 03 18 33504.40000 40.96000000 1925.05000 116.51000 22.25000 89.33400
29 7 21 03 19 33504.40000 40.96000000 1925.23000 116.51000 22.25000 89.33400
29 7 21 03 19 33529.70000 40.96000000 1925.23000 116.51000 22.25000 89.33400
29 7 21 03 19 33549.60000 40.96000000 1925.23000 116.51000 22.25000 89.33400
29 7 21 03 20 33570.80000 40.96000000 1927.33000 116.51000 22.25000 89.33400
29 7 21 03 20 33561.10000 40.96000000 1927.33000 116.51000 22.25000 89.33400
29 7 21 03 21 33540.10000 40.96000000 1927.33000 116.68000 22.25000 89.33400
29 7 21 03 21 33483.60000 40.96000000 1927.32000 116.68000 22.25000 89.33400
29 7 21 03 22 33483.60000 40.96000000 1927.32000 116.68000 22.25000 89.33400
29 7 21 03 22 33488.10000 40.96000000 1927.32000 116.68000 22.25000 88.69400
29 7 21 03 23 33480.20000 40.96000000 1927.32000 116.68000 22.25000 88.69400
29 7 21 03 23 33480.10000 40.96000000 1927.32000 116.68000 22.25000 88.69400
29 7 21 03 23 33480.20000 40.96000000 1923.64000 116.68000 22.25000 88.69400
29 7 21 03 24 33480.20000 40.94800000 1923.64000 116.68000 22.25000 88.69400
29 7 21 03 24 33480.20000 40.94800000 1923.64000 116.68000 22.25000 88.74700
29 7 21 03 25 33491.80000 40.94800000 1924.53000 116.68000 22.25000 88.74700
29 7 21 03 25 33490.90000 40.94800000 1924.01000 116.68000 22.25000 88.74700
29 7 21 03 26 33459.90000 40.94800000 1923.11000 116.68000 22.25000 88.74700
29 7 21 03 26 33459.90000 40.94800000 1923.11000 116.68000 22.26900 88.74700
29 7 21 03 26 33459.90000 40.94800000 1923.11000 116.68000 22.26900 88.74700
29 7 21 03 27 33449.10000 40.94800000 1923.01000 116.25000 22.26900 88.74700
29 7 21 03 27 33449.10000 40.94800000 1923.01000 116.25000 22.26900 88.74700
29 7 21 03 28 33433.80000 40.94800000 1923.01000 116.12000 22.26900 88.74700
29 7 21 03 28 33434.80000 40.94800000 1923.01000 116.12000 22.26900 88.74700
29 7 21 03 29 33434.80000 40.94800000 1923.00000 116.12000 22.26900 88.74700
29 7 21 03 29 33418.70000 40.94800000 1921.08000 116.12000 22.26900 88.74700
29 7 21 03 29 33405.90000 40.94000000 1920.41000 116.12000 22.26900 88.74700
29 7 21 03 30 33392.70000 40.94000000 1920.41000 116.07000 22.26900 88.74700
29 7 21 03 30 33405.70000 40.94000000 1920.41000 116.07000 22.26900 88.74700
29 7 21 03 31 33434.60000 40.94000000 1920.41000 116.08000 22.26900 88.74700
29 7 21 03 31 33431.20000 40.94000000 1920.41000 116.08000 22.26900 88.74700
29 7 21 03 32 33431.20000 40.94000000 1920.41000 116.08000 22.26900 88.74700
29 7 21 03 32 33402.40000 40.94000000 1920.41000 116.07000 22.26900 88.74700
29 7 21 03 32 33392.00000 40.94000000 1921.36000 115.94000 22.26900 88.74700
29 7 21 03 33 33384.50000 40.94000000 1921.36000 115.94000 22.26900 88.39000
29 7 21 03 33 33390.90000 40.94000000 1921.36000 115.91000 22.26900 88.39000
29 7 21 03 34 33390.90000 40.94000000 1921.36000 115.91000 22.26900 88.39000
29 7 21 03 34 33390.90000 40.94000000 1921.36000 115.91000 22.26900 88.39000
29 7 21 03 35 33390.90000 40.94000000 1921.36000 115.91000 22.26900 88.39000
29 7 21 03 35 33469.20000 40.94000000 1921.36000 115.91000 22.26900 88.39000
29 7 21 03 36 33467.40000 40.94000000 1921.36000 115.91000 22.26900 88.39000
29 7 21 03 36 33458.30000 40.94000000 1923.59000 115.91000 22.26900 88.39000
29 7 21 03 36 33482.30000 40.94000000 1923.60000 115.91000 22.26900 88.39000
29 7 21 03 37 33491.80000 40.94000000 1924.53000 116.27000 22.26900 88.39000
29 7 21 03 37 33500.20000 40.94000000 1924.52000 116.27000 22.26900 88.39000
29 7 21 03 38 33500.90000 40.94000000 1924.53000 116.24000 22.26900 88.39000
29 7 21 03 38 33494.70000 40.94000000 1924.53000 116.24000 22.26900 88.39000
29 7 21 03 39 33501.10000 40.94000000 1925.88000 116.24000 22.26900 88.39000
29 7 21 03 39 33501.10000 40.94000000 1925.88000 116.24000 22.26900 88.39000
29 7 21 03 39 33506.70000 40.94000000 1927.18000 116.24000 22.26900 88.39000
29 7 21 03 40 33494.60000 40.94000000 1926.44000 116.24000 22.26900 88.39000
29 7 21 03 40 33503.50000 40.94000000 1926.44000 116.24000 22.26900 88.39000
29 7 21 03 41 33500.40000 40.94000000 1926.95000 116.24000 22.26900 88.39000
29 7 21 03 41 33494.60000 40.94000000 1926.08000 116.24000 22.26900 88.39000
29 7 21 03 42 33456.20000 40.94000000 1926.08000 116.24000 22.26900 88.39000
29 7 21 03 42 33455.20000 40.94000000 1926.08000 116.24000 22.26900 88.39000
29 7 21 03 42 33455.20000 40.94000000 1926.08000 116.24000 22.26900 88.61900
29 7 21 03 43 33462.30000 40.94000000 1926.08000 116.24000 22.26900 88.61900
29 7 21 03 43 33476.20000 40.94000000 1926.08000 116.24000 22.26900 88.61900
29 7 21 03 44 33457.60000 40.94000000 1924.53000 116.11000 22.26900 88.61900
29 7 21 03 44 33451.90000 40.94000000 1924.53000 116.11000 22.26900 88.32100
