M=[
24 4 21 03 29 41770.30000 26.39600000 1922.59000 195.52000 30.98400 179.08100
24 4 21 03 29 41819.80000 26.39600000 1924.86000 195.52000 30.98400 179.08100
24 4 21 03 29 41825.70000 26.39600000 1924.97000 195.52000 30.98400 179.08100
24 4 21 03 30 41825.80000 26.39600000 1924.05000 195.52000 30.98400 179.08100
24 4 21 03 30 41826.20000 26.39600000 1924.05000 195.84000 30.98400 179.08100
24 4 21 03 31 41835.20000 26.39600000 1921.39000 195.89000 30.98400 179.08100
24 4 21 03 31 41841.50000 26.39600000 1921.02000 195.89000 30.98400 179.08100
24 4 21 03 32 41892.10000 26.39600000 1925.91000 195.99000 30.98400 179.08100
24 4 21 03 32 41957.90000 26.39600000 1928.37000 196.03000 30.98400 179.08100
24 4 21 03 32 41968.40000 26.39600000 1932.79000 196.03000 30.98400 179.08100
24 4 21 03 33 41993.10000 26.39600000 1930.68000 196.04000 30.98400 179.08100
24 4 21 03 33 41974.30000 26.39600000 1927.04000 196.04000 30.98400 179.08100
24 4 21 03 34 41943.90000 26.65100000 1926.52000 196.04000 30.98400 179.08100
24 4 21 03 34 41913.90000 26.65100000 1924.33000 196.07000 30.98400 179.08100
24 4 21 03 35 41921.70000 26.65100000 1924.34000 196.13000 30.98400 179.08100
24 4 21 03 35 41909.80000 26.65100000 1925.56000 196.13000 30.98400 179.08100
24 4 21 03 35 41915.80000 26.65100000 1924.79000 196.30000 30.98400 179.08100
24 4 21 03 36 41929.90000 26.65100000 1924.05000 196.38000 30.98400 179.08100
24 4 21 03 36 41923.30000 26.65100000 1924.05000 196.58000 30.98400 179.08100
24 4 21 03 37 41959.00000 26.65100000 1925.97000 196.58000 30.98400 179.08100
24 4 21 03 37 41942.50000 26.65100000 1925.97000 196.58000 30.98400 179.08100
24 4 21 03 38 41950.20000 26.65100000 1926.95000 196.66000 31.14700 179.08100
24 4 21 03 38 41975.40000 26.65100000 1930.80000 197.13000 31.14700 179.08100
24 4 21 03 38 41950.20000 26.65100000 1928.48000 197.13000 31.26400 179.08100
24 4 21 03 39 41955.20000 26.65100000 1928.48000 197.16000 31.26400 179.08100
24 4 21 03 39 41950.20000 26.65100000 1927.79000 197.16000 31.26400 179.08100
24 4 21 03 40 41961.70000 26.65100000 1926.06000 197.16000 31.26400 179.08100
24 4 21 03 40 41935.70000 26.65100000 1927.39000 197.16000 31.26400 179.08100
24 4 21 03 41 41921.30000 26.65100000 1927.39000 196.82000 31.26400 179.08100
24 4 21 03 41 41947.00000 26.65100000 1926.08000 196.76000 31.26400 179.08100
24 4 21 03 41 41936.90000 26.65100000 1926.08000 196.52000 31.26400 179.08100
24 4 21 03 42 41937.00000 26.65100000 1926.35000 196.55000 31.26400 179.08100
24 4 21 03 42 41917.10000 26.65100000 1925.14000 196.55000 31.26400 179.08100
24 4 21 03 43 41921.20000 26.65100000 1922.93000 196.38000 31.26400 179.08100
24 4 21 03 43 41922.70000 26.65100000 1922.93000 196.12000 31.26400 179.08100
24 4 21 03 44 41902.00000 26.65100000 1921.37000 196.08000 31.26400 179.08100
24 4 21 03 44 41910.00000 26.65100000 1922.15000 196.08000 31.26400 179.08100
24 4 21 03 44 41907.50000 26.65100000 1921.63000 196.08000 31.26400 179.08100
24 4 21 03 45 41845.30000 26.65100000 1919.22000 196.08000 31.26400 177.47700
24 4 21 03 45 41851.40000 26.65100000 1918.04000 196.08000 31.26400 177.45500
24 4 21 03 46 41844.20000 26.65100000 1918.04000 196.08000 31.26400 177.45500
24 4 21 03 46 41844.30000 26.65100000 1917.75000 196.08000 31.26400 177.45500
24 4 21 03 47 41851.20000 26.65100000 1918.09000 196.08000 31.26400 177.45500
24 4 21 03 47 41851.40000 26.65100000 1918.00000 196.15000 31.26400 177.45500
24 4 21 03 47 41865.20000 26.65100000 1918.00000 196.15000 31.26400 177.45500
24 4 21 03 48 41844.40000 26.65100000 1918.18000 196.15000 31.26400 177.45500
24 4 21 03 48 41835.80000 26.65100000 1918.20000 196.15000 31.26400 177.45500
24 4 21 03 49 41810.10000 26.65100000 1918.20000 196.15000 31.26400 177.45500
24 4 21 03 49 41796.20000 26.65100000 1918.20000 196.15000 31.26400 177.45500
24 4 21 03 50 41795.90000 26.65100000 1918.20000 196.15000 31.26400 177.45500
24 4 21 03 50 41789.00000 26.65100000 1917.75000 195.73000 31.26400 177.45500
24 4 21 03 50 41767.20000 26.65100000 1916.38000 195.73000 31.26400 177.45500
24 4 21 03 51 41768.80000 26.65100000 1914.67000 195.38000 31.26500 177.45500
24 4 21 03 51 41757.80000 26.65100000 1914.67000 195.38000 31.26500 177.45500
24 4 21 03 52 41768.80000 26.65100000 1914.31000 195.38000 31.26500 177.45500
24 4 21 03 52 41768.80000 26.65100000 1914.31000 195.38000 31.26500 177.45500
24 4 21 03 53 41745.20000 26.65100000 1914.31000 195.38000 31.26500 177.45500
24 4 21 03 53 41741.20000 26.65100000 1914.31000 195.26000 31.26500 177.45500
24 4 21 03 53 41741.10000 26.65100000 1912.58000 195.26000 31.26500 177.45500
24 4 21 03 54 41732.50000 26.65100000 1912.61000 195.05000 31.26500 177.45500
24 4 21 03 54 41727.60000 26.65100000 1912.61000 195.05000 31.26500 177.45500
24 4 21 03 55 41733.10000 26.65100000 1912.61000 195.05000 31.26500 175.49100
24 4 21 03 55 41737.90000 26.65100000 1912.61000 195.05000 31.26500 175.49100
24 4 21 03 56 41726.80000 26.65100000 1908.70000 195.05000 31.26500 175.13700
24 4 21 03 56 41717.80000 26.65100000 1908.69000 195.05000 31.26500 175.13700
24 4 21 03 56 41711.20000 26.65100000 1908.69000 195.05000 31.26500 175.13700
24 4 21 03 57 41705.20000 26.65100000 1908.35000 195.00000 31.26500 175.13700
24 4 21 03 57 41706.60000 26.65100000 1908.34000 195.06000 31.26500 175.13700
24 4 21 03 58 41730.40000 26.65100000 1908.34000 195.02000 31.26500 175.13700
24 4 21 03 58 41706.90000 26.65100000 1908.69000 195.00000 31.26500 175.13700
24 4 21 03 59 41710.70000 26.65100000 1908.69000 195.00000 31.26500 175.13700
24 4 21 03 59 41715.80000 26.65100000 1908.69000 195.00000 31.26500 175.13700
24 4 21 03 59 41715.20000 26.65100000 1912.36000 195.00000 31.26500 175.13700
24 4 21 04 00 41726.50000 26.65100000 1912.36000 194.81000 31.26500 175.13700
24 4 21 04 00 41698.80000 26.65100000 1907.92000 194.77000 31.26500 175.13700
24 4 21 04 01 41677.60000 26.65100000 1907.91000 194.77000 31.26500 174.12800
24 4 21 04 01 41582.00000 26.65100000 1904.18000 193.89000 31.26500 174.12800
24 4 21 04 02 41589.80000 26.65100000 1904.18000 193.89000 31.26500 173.91400
24 4 21 04 02 41586.20000 26.65100000 1903.66000 193.61000 31.26500 173.91400
24 4 21 04 02 41598.50000 26.65100000 1903.66000 193.61000 31.26500 173.91400
24 4 21 04 03 41588.30000 26.65100000 1900.16000 193.37000 31.26500 173.60100
24 4 21 04 03 41579.20000 26.65100000 1900.01000 193.37000 31.26500 173.60100
24 4 21 04 04 41582.90000 26.65100000 1900.65000 193.37000 31.26500 173.37900
24 4 21 04 04 41582.90000 26.65100000 1903.79000 193.37000 31.26500 173.37900
24 4 21 04 05 41587.00000 26.65100000 1902.76000 193.37000 31.26500 173.37900
24 4 21 04 05 41613.30000 26.65100000 1903.37000 193.63000 31.26500 173.37900
24 4 21 04 05 41634.40000 26.65100000 1908.28000 193.89000 31.26500 173.37900
24 4 21 04 06 41644.50000 26.65100000 1907.12000 193.72000 31.26500 173.37900
24 4 21 04 06 41644.50000 26.23200000 1907.12000 193.72000 31.26500 173.37900
24 4 21 04 07 41614.90000 26.23200000 1908.00000 193.72000 31.26500 173.37900
24 4 21 04 07 41605.80000 26.23200000 1907.51000 193.72000 31.26500 173.37900
24 4 21 04 08 41618.30000 26.23200000 1908.00000 193.72000 31.26500 173.37900
24 4 21 04 08 41606.00000 26.23200000 1908.23000 193.72000 31.26500 173.37900
24 4 21 04 08 41631.60000 26.23200000 1908.35000 193.72000 31.26500 173.37900
24 4 21 04 09 41625.50000 26.23200000 1910.50000 193.72000 31.26500 173.37900
24 4 21 04 09 41625.50000 26.23200000 1910.50000 193.72000 31.26500 173.37900
24 4 21 04 10 41642.90000 26.23200000 1912.81000 193.72000 31.26500 173.37900
24 4 21 04 10 41682.40000 26.23200000 1916.70000 193.72000 31.26500 173.37900
24 4 21 04 11 41791.40000 26.23200000 1919.10000 193.72000 31.26500 175.24800
24 4 21 04 11 41762.40000 26.23200000 1918.01000 193.72000 31.26500 175.24800
24 4 21 04 11 41816.80000 26.23200000 1923.58000 193.72000 31.26500 175.24800
24 4 21 04 12 41887.60000 26.23200000 1925.54000 195.26000 31.26500 175.72600
