M=[
10 4 21 18 00 50045.30000 16.80000000 1786.16000 200.49000 42.11500 174.11100
10 4 21 18 00 50045.40000 16.80000000 1785.00000 200.38000 42.11500 173.81100
10 4 21 18 01 50045.30000 16.80000000 1785.01000 200.19000 42.11500 173.81100
10 4 21 18 01 50040.10000 16.80000000 1783.57000 199.94000 42.11200 173.81100
10 4 21 18 02 50040.10000 16.80000000 1783.87000 199.83000 42.11200 174.07300
10 4 21 18 02 50040.00000 16.80000000 1783.86000 199.55000 42.11200 174.07300
10 4 21 18 03 50003.10000 16.80000000 1782.00000 199.53000 42.11200 173.79800
10 4 21 18 03 50003.00000 16.76400000 1782.01000 199.39000 42.11200 173.04800
10 4 21 18 03 50003.00000 16.76400000 1782.01000 199.39000 42.11200 173.02700
10 4 21 18 04 50000.10000 16.69400000 1781.57000 199.40000 42.11200 173.02700
10 4 21 18 04 50000.00000 16.69400000 1781.57000 199.82000 42.11200 172.81600
10 4 21 18 05 50000.10000 16.69400000 1781.21000 199.91000 42.11200 172.92900
10 4 21 18 05 49848.80000 16.69400000 1779.75000 199.26000 42.11200 172.92900
10 4 21 18 06 49815.10000 16.69400000 1779.52000 199.01000 42.11200 172.37200
10 4 21 18 06 49835.10000 16.69400000 1779.51000 199.04000 42.11200 172.40100
10 4 21 18 06 49870.50000 16.69400000 1779.01000 199.00000 42.11200 171.91000
10 4 21 18 07 49846.30000 16.69400000 1773.19000 198.39000 42.11200 171.66100
10 4 21 18 07 49733.10000 16.69400000 1771.58000 197.61000 42.11200 171.46600
10 4 21 18 08 49750.00000 16.57300000 1773.88000 197.96000 42.11200 170.85500
10 4 21 18 08 49750.10000 16.51900000 1770.83000 197.45000 41.96100 170.72300
10 4 21 18 09 49784.90000 16.51900000 1771.97000 197.48000 41.96100 170.67600
10 4 21 18 09 49794.00000 16.51900000 1772.68000 198.17000 41.96100 170.67600
10 4 21 18 09 49794.00000 16.51900000 1773.87000 198.34000 41.96100 170.67600
10 4 21 18 10 49756.90000 16.50500000 1770.99000 197.78000 41.96100 170.59100
10 4 21 18 10 49739.50000 16.50500000 1771.18000 197.45000 41.96100 170.59100
10 4 21 18 11 49770.10000 16.51300000 1772.12000 197.75000 41.96100 170.97300
10 4 21 18 11 49780.10000 16.51300000 1771.76000 197.83000 41.79300 170.97300
10 4 21 18 12 49814.60000 16.56600000 1772.88000 197.86000 41.79300 170.97400
10 4 21 18 12 49787.80000 16.56600000 1772.89000 197.87000 41.79300 170.97400
10 4 21 18 12 49800.00000 16.56600000 1773.41000 198.08000 41.79300 170.97400
10 4 21 18 13 49824.80000 16.56800000 1773.45000 198.11000 41.79300 170.97400
10 4 21 18 13 49846.80000 16.56800000 1775.05000 198.41000 41.91000 170.97400
10 4 21 18 14 49851.50000 16.56800000 1775.22000 198.44000 41.91000 170.97400
10 4 21 18 14 49868.70000 16.56800000 1775.52000 198.36000 41.91000 170.97400
10 4 21 18 15 49870.60000 16.56800000 1775.77000 199.09000 41.91000 172.00000
10 4 21 18 15 49945.20000 16.56800000 1778.83000 200.19000 41.91000 172.00000
10 4 21 18 15 49940.10000 16.56800000 1778.44000 199.99000 41.91000 172.91000
10 4 21 18 16 49902.00000 16.56800000 1778.71000 200.05000 41.91000 172.91000
10 4 21 18 16 49933.60000 16.64600000 1779.38000 200.49000 41.91000 172.91000
10 4 21 18 17 49953.40000 16.64600000 1779.38000 201.07000 42.17600 172.91000
10 4 21 18 17 49957.40000 16.64600000 1780.50000 201.61000 42.17600 173.81200
10 4 21 18 18 49927.60000 16.64600000 1779.30000 200.90000 42.17600 173.54300
10 4 21 18 18 49939.40000 16.64600000 1780.01000 200.97000 42.17600 173.02000
10 4 21 18 18 49954.70000 16.64600000 1781.74000 201.41000 42.17600 173.02000
10 4 21 18 19 49963.40000 16.64600000 1781.74000 201.63000 42.17600 173.84800
10 4 21 18 19 49964.10000 16.64600000 1781.73000 201.58000 42.17600 173.81100
10 4 21 18 20 49965.00000 16.64600000 1781.88000 202.26000 42.34700 174.00400
10 4 21 18 20 49965.00000 16.64600000 1781.96000 203.00000 42.34700 174.06400
10 4 21 18 21 49967.10000 16.64600000 1781.97000 203.39000 42.34700 174.09100
10 4 21 18 21 49967.10000 16.69000000 1782.48000 202.88000 42.34700 174.09100
10 4 21 18 21 49967.00000 16.69000000 1782.48000 203.33000 42.34700 174.09100
10 4 21 18 22 49967.00000 16.69000000 1783.80000 203.82000 42.34700 174.09100
10 4 21 18 22 49969.00000 16.69000000 1784.09000 203.91000 42.63700 174.79600
10 4 21 18 23 49969.00000 16.69000000 1784.09000 203.91000 42.63700 174.81300
10 4 21 18 23 49969.00000 16.69000000 1784.09000 204.31000 42.50400 174.81300
10 4 21 18 24 49969.00000 16.72200000 1783.78000 204.39000 42.50400 174.81300
10 4 21 18 24 49974.70000 16.72200000 1783.95000 204.82000 42.50400 174.81300
10 4 21 18 24 49970.20000 16.72300000 1783.95000 205.00000 42.50400 174.81300
10 4 21 18 25 49973.60000 16.72300000 1783.49000 204.78000 42.66800 174.77800
10 4 21 18 25 49974.70000 16.72300000 1782.88000 205.14000 42.66800 173.57700
10 4 21 18 26 49967.10000 16.72300000 1782.18000 205.31000 42.66800 173.49900
10 4 21 18 26 49967.10000 16.69100000 1782.50000 205.33000 42.66800 173.49900
10 4 21 18 27 49967.10000 16.69100000 1782.40000 205.31000 42.66800 173.49900
10 4 21 18 27 49967.00000 16.67300000 1782.39000 205.59000 42.69400 173.00500
10 4 21 18 27 49926.10000 16.67300000 1781.87000 205.32000 42.69400 173.00500
10 4 21 18 28 49912.90000 16.67300000 1781.31000 206.10000 42.69400 173.40800
10 4 21 18 28 49912.90000 16.67300000 1781.57000 206.70000 42.73100 173.40800
10 4 21 18 29 49926.20000 16.67300000 1782.45000 206.68000 42.82900 173.40800
10 4 21 18 29 49926.20000 16.63000000 1782.45000 206.84000 42.82900 173.40800
10 4 21 18 30 49926.10000 16.67000000 1780.73000 207.52000 42.82900 173.40800
10 4 21 18 30 49926.20000 16.67000000 1780.60000 206.20000 42.82900 172.81800
10 4 21 18 30 49926.10000 16.67000000 1779.21000 206.04000 42.82900 172.81800
10 4 21 18 31 49902.70000 16.64200000 1779.84000 205.95000 42.82900 172.93800
10 4 21 18 31 49902.70000 16.64200000 1780.03000 206.01000 42.94300 172.93800
10 4 21 18 32 49902.70000 16.64200000 1779.93000 205.95000 42.94300 172.91400
10 4 21 18 32 49902.70000 16.64700000 1780.69000 206.33000 42.94300 172.91400
10 4 21 18 33 49900.00000 16.64700000 1780.61000 206.22000 42.94300 172.91400
10 4 21 18 33 49917.30000 16.64700000 1781.82000 207.10000 42.94300 172.91400
10 4 21 18 33 49928.50000 16.64700000 1781.52000 206.91000 42.94300 172.91400
10 4 21 18 34 49928.40000 16.64700000 1780.54000 205.53000 42.94300 172.91400
10 4 21 18 34 49917.40000 16.64700000 1779.90000 206.04000 42.94300 172.47500
10 4 21 18 35 49865.70000 16.69200000 1779.02000 206.26000 42.94300 172.35000
10 4 21 18 35 49866.70000 16.69200000 1779.17000 206.19000 42.89100 172.35000
10 4 21 18 36 49861.50000 16.69200000 1779.00000 206.26000 42.89100 172.35000
10 4 21 18 36 49861.50000 16.68600000 1778.65000 206.01000 42.89100 172.55500
10 4 21 18 36 49861.50000 16.68600000 1778.83000 206.53000 42.89100 172.55500
10 4 21 18 37 49861.50000 16.68600000 1778.13000 206.94000 42.77400 172.55500
10 4 21 18 37 49861.60000 16.68600000 1778.13000 207.53000 42.77400 172.55500
10 4 21 18 38 49882.80000 16.68600000 1778.72000 208.00000 42.77300 172.55000
10 4 21 18 38 49885.40000 16.68600000 1778.99000 207.98000 42.77300 172.55000
10 4 21 18 39 49887.00000 16.68600000 1779.94000 208.09000 42.77300 172.55000
10 4 21 18 39 49900.00000 16.68600000 1781.13000 207.82000 42.77300 172.55000
10 4 21 18 39 49900.00000 16.68600000 1780.89000 208.00000 42.77300 172.55000
10 4 21 18 40 49900.00000 16.68600000 1780.93000 207.17000 42.77300 172.55000
10 4 21 18 40 49900.00000 16.68600000 1779.51000 207.03000 42.77300 172.55000
10 4 21 18 41 49880.10000 16.68600000 1779.13000 207.29000 42.72700 172.55000
10 4 21 18 41 49869.50000 16.68600000 1778.77000 206.15000 42.72700 172.55000
10 4 21 18 42 49879.30000 16.68600000 1778.84000 206.39000 42.72700 172.94500
10 4 21 18 42 49880.00000 16.68600000 1778.95000 207.10000 42.72700 172.94500
10 4 21 18 42 49891.80000 16.68600000 1779.69000 206.55000 42.72700 172.94500
10 4 21 18 43 49900.00000 16.68600000 1780.01000 206.87000 42.72700 172.94500
10 4 21 18 43 49900.00000 16.68600000 1781.43000 206.94000 42.72700 172.94500
