M=[
18 9 20 20 47 9220.90000 5.23300000 322.43000 40.74000 13.00700 48.67000
18 9 20 20 48 9220.90000 5.23300000 322.43000 40.74000 13.00700 48.67000
18 9 20 20 48 9220.90000 5.23300000 322.64000 40.74000 13.00700 48.86200
18 9 20 20 49 9221.00000 5.23300000 322.64000 40.74000 13.00700 48.86200
18 9 20 20 49 9220.90000 5.23300000 322.64000 40.74000 13.00700 48.86200
18 9 20 20 50 9221.00000 5.23300000 322.64000 40.74000 13.04800 48.86200
18 9 20 20 50 9220.90000 5.23300000 322.55000 40.74000 13.04800 48.86200
18 9 20 20 50 9220.80000 5.23300000 322.42000 40.74000 13.04800 48.86200
18 9 20 20 51 9217.40000 5.23300000 322.40000 40.74000 13.04800 48.86200
18 9 20 20 51 9217.30000 5.23300000 322.52000 40.74000 13.04800 48.86200
18 9 20 20 52 9216.00000 5.23300000 322.35000 40.74000 13.04800 48.86200
18 9 20 20 52 9213.10000 5.23300000 321.98000 40.66000 13.04800 48.86200
18 9 20 20 53 9213.00000 5.23300000 322.13000 40.66000 13.04800 48.86200
18 9 20 20 53 9213.10000 5.23300000 322.13000 40.66000 13.04800 48.86200
18 9 20 20 54 9217.30000 5.23300000 322.13000 40.66000 13.04800 48.86200
18 9 20 20 54 9219.20000 5.23300000 322.13000 40.66000 13.04800 48.86200
18 9 20 20 54 9219.20000 5.23300000 322.43000 40.66000 13.04800 48.86200
18 9 20 20 55 9215.10000 5.23300000 322.43000 40.66000 13.04800 48.86200
18 9 20 20 55 9216.50000 5.23300000 322.43000 40.69000 13.04800 48.86200
18 9 20 20 56 9213.00000 5.23300000 322.43000 40.69000 13.04800 48.86200
18 9 20 20 56 9213.00000 5.23300000 322.43000 40.69000 13.04800 48.86200
18 9 20 20 57 9213.00000 5.23300000 322.43000 40.69000 13.04800 48.86200
18 9 20 20 57 9213.90000 5.23300000 321.80000 40.69000 13.04800 48.86200
18 9 20 20 57 9214.00000 5.23300000 321.83000 40.69000 13.04800 48.86200
18 9 20 20 58 9216.60000 5.23300000 321.90000 40.69000 13.04800 48.86200
18 9 20 20 58 9218.00000 5.23300000 321.94000 40.67000 13.04800 48.86200
18 9 20 20 59 9217.90000 5.23300000 321.88000 40.67000 13.04800 48.86200
18 9 20 20 59 9218.60000 5.23300000 321.96000 40.65000 13.04800 48.86200
18 9 20 21 00 9215.00000 5.23300000 321.96000 40.65000 13.04800 48.76800
18 9 20 21 00 9216.20000 5.23300000 321.96000 40.65000 13.04800 48.76800
18 9 20 21 00 9216.30000 5.23300000 321.96000 40.65000 13.04800 48.76800
18 9 20 21 01 9221.00000 5.23300000 322.00000 40.65000 13.04800 48.76800
18 9 20 21 01 9218.20000 5.23300000 321.96000 40.65000 13.04800 48.73300
18 9 20 21 02 9218.30000 5.23300000 321.93000 40.65000 13.04800 48.73300
18 9 20 21 02 9220.40000 5.23300000 321.95000 40.65000 13.04800 48.73300
18 9 20 21 03 9217.00000 5.23300000 321.95000 40.65000 13.04800 48.73300
18 9 20 21 03 9216.90000 5.23300000 321.95000 40.65000 13.04800 48.73300
18 9 20 21 03 9216.90000 5.23300000 321.95000 40.70000 13.04800 48.73300
18 9 20 21 04 9216.90000 5.23300000 321.81000 40.70000 13.04800 48.73300
18 9 20 21 04 9216.90000 5.23300000 321.82000 40.70000 13.04800 48.73300
18 9 20 21 05 9217.00000 5.23300000 321.82000 40.70000 13.04800 48.73300
18 9 20 21 05 9220.90000 5.23300000 322.17000 40.70000 13.04800 48.73300
18 9 20 21 06 9220.90000 5.23300000 322.17000 40.70000 13.22600 48.73300
18 9 20 21 06 9221.00000 5.23300000 322.67000 40.70000 13.22600 48.73300
18 9 20 21 06 9221.90000 5.23300000 322.67000 40.70000 13.22600 48.73300
18 9 20 21 07 9222.90000 5.23300000 322.80000 40.70000 13.22600 48.73300
18 9 20 21 07 9223.00000 5.23300000 322.80000 40.70000 13.22600 48.73300
18 9 20 21 08 9223.00000 5.23300000 322.80000 40.73000 13.22600 48.73300
18 9 20 21 08 9223.00000 5.23300000 322.80000 40.73000 13.22600 48.73300
18 9 20 21 09 9223.00000 5.23300000 322.80000 40.73000 13.22600 48.73300
18 9 20 21 09 9223.00000 5.23300000 322.80000 40.73000 13.22600 48.73300
18 9 20 21 09 9221.50000 5.23300000 322.80000 40.73000 13.22600 48.73300
18 9 20 21 10 9223.00000 5.23300000 322.80000 40.73000 13.22600 48.73300
18 9 20 21 10 9220.10000 5.23300000 322.61000 40.73000 13.22600 48.73300
18 9 20 21 11 9221.60000 5.23300000 322.61000 40.73000 13.22600 48.73300
18 9 20 21 11 9221.60000 5.23300000 322.61000 40.73000 13.22600 48.73300
18 9 20 21 12 9221.60000 5.23300000 322.59000 40.73000 13.22600 48.73300
18 9 20 21 12 9221.60000 5.23300000 322.45000 40.73000 13.22600 48.83500
18 9 20 21 12 9221.60000 5.23300000 322.45000 40.73000 13.22600 48.83500
18 9 20 21 13 9221.60000 5.23300000 322.45000 40.73000 13.22600 48.83500
18 9 20 21 13 9214.20000 5.23300000 322.45000 40.73000 13.22600 48.83500
18 9 20 21 14 9216.40000 5.23300000 322.45000 40.73000 13.22600 48.83500
18 9 20 21 14 9216.40000 5.23300000 322.41000 40.73000 13.22600 48.83500
18 9 20 21 15 9216.40000 5.23300000 322.41000 40.73000 13.22600 48.83500
18 9 20 21 15 9216.30000 5.23300000 322.41000 40.73000 13.22600 48.83500
18 9 20 21 15 9216.30000 5.23300000 322.41000 40.73000 13.22600 48.83500
18 9 20 21 16 9216.30000 5.23300000 322.41000 40.73000 13.22600 48.83500
18 9 20 21 16 9215.90000 5.23300000 322.41000 40.73000 13.22600 48.83500
18 9 20 21 17 9215.60000 5.23300000 322.41000 40.73000 13.22600 48.83500
18 9 20 21 17 9215.60000 5.23300000 322.40000 40.73000 13.22600 48.83500
18 9 20 21 18 9215.30000 5.23300000 322.40000 40.73000 13.22600 48.83500
18 9 20 21 18 9214.80000 5.23300000 322.40000 40.73000 13.22600 48.83500
18 9 20 21 18 9214.00000 5.23300000 322.40000 40.73000 13.22600 48.83500
18 9 20 21 19 9213.80000 5.23300000 322.40000 40.73000 13.22600 48.83500
18 9 20 21 19 9213.90000 5.23300000 322.40000 40.73000 13.22600 48.83500
18 9 20 21 20 9214.70000 5.23300000 322.36000 40.73000 13.22600 48.83500
18 9 20 21 20 9214.10000 5.19100000 322.36000 40.73000 13.22600 48.83500
18 9 20 21 21 9214.10000 5.19100000 322.32000 40.73000 13.22600 48.83500
18 9 20 21 21 9213.90000 5.19100000 322.32000 40.73000 13.22600 48.83500
18 9 20 21 21 9213.20000 5.19100000 322.32000 40.73000 13.22600 48.83500
18 9 20 21 22 9213.20000 5.19100000 322.32000 40.73000 13.22600 48.83500
18 9 20 21 22 9211.90000 5.19100000 321.82000 40.71000 13.22600 48.83500
18 9 20 21 23 9211.50000 5.19100000 321.81000 40.71000 13.22600 48.83500
18 9 20 21 23 9211.50000 5.19100000 321.85000 40.71000 13.22600 48.83500
18 9 20 21 24 9212.20000 5.19100000 321.85000 40.71000 13.22600 48.83500
18 9 20 21 24 9210.30000 5.19100000 321.85000 40.71000 13.22600 48.83500
18 9 20 21 24 9211.30000 5.19100000 321.85000 40.71000 13.22600 48.83500
18 9 20 21 25 9211.50000 5.19100000 321.85000 40.71000 13.22600 48.83500
18 9 20 21 25 9212.70000 5.19100000 321.69000 40.71000 13.22600 48.83500
18 9 20 21 26 9213.00000 5.19100000 321.69000 40.71000 13.22600 48.83500
18 9 20 21 26 9213.10000 5.19100000 321.72000 40.71000 13.22600 48.83500
18 9 20 21 27 9213.60000 5.19100000 321.91000 40.71000 13.22600 48.83500
18 9 20 21 27 9215.80000 5.19100000 321.99000 40.75000 13.22600 48.83500
18 9 20 21 27 9215.80000 5.19100000 321.95000 40.75000 13.22600 48.83500
18 9 20 21 28 9217.70000 5.19100000 322.12000 40.75000 13.22600 48.83500
18 9 20 21 28 9217.70000 5.19100000 322.12000 40.75000 13.22600 48.83500
18 9 20 21 29 9219.50000 5.19100000 322.12000 40.75000 13.22600 48.83500
18 9 20 21 29 9221.30000 5.19100000 322.18000 40.75000 13.22600 48.83500
18 9 20 21 30 9222.30000 5.19100000 322.18000 40.75000 13.22600 48.83500
18 9 20 21 30 9221.80000 5.19100000 322.18000 40.75000 13.22600 48.83500
18 9 20 21 30 9222.60000 5.19100000 322.18000 40.75000 13.22600 48.83500
18 9 20 21 31 9222.60000 5.19100000 322.26000 40.75000 13.22600 48.83500
18 9 20 21 31 9222.00000 5.19100000 322.26000 40.75000 13.22600 48.83500
18 9 20 21 32 9219.50000 5.19100000 321.91000 40.75000 13.22600 48.83500
18 9 20 21 32 9217.20000 5.19100000 321.91000 40.75000 13.22600 48.83500
18 9 20 21 33 9217.20000 5.19100000 321.76000 40.75000 13.22600 48.80700
18 9 20 21 33 9220.80000 5.19100000 321.76000 40.75000 13.22600 48.79000
18 9 20 21 33 9220.80000 5.19100000 321.76000 40.75000 13.22600 48.79000
18 9 20 21 34 9221.50000 5.19100000 321.76000 40.75000 13.22600 48.79000
