M=[
15 7 20 01 16 8119.90000 5.56900000 211.15000 38.48000 17.56000 55.21700
15 7 20 01 16 8119.90000 5.56900000 211.15000 38.45000 17.56000 55.21700
15 7 20 01 17 8119.90000 5.56900000 211.15000 38.45000 17.56000 55.21700
15 7 20 01 17 8119.90000 5.56900000 211.15000 38.45000 17.56000 55.21700
15 7 20 01 18 8119.90000 5.56900000 211.07000 38.45000 17.56000 55.06000
15 7 20 01 18 8119.90000 5.56900000 211.07000 38.45000 17.56000 55.06000
15 7 20 01 19 8120.00000 5.56900000 211.07000 38.45000 17.56000 55.09500
15 7 20 01 19 8120.00000 5.56900000 211.07000 38.45000 17.56000 55.09500
15 7 20 01 19 8120.00000 5.56900000 211.07000 38.45000 17.56000 55.09500
15 7 20 01 20 8120.00000 5.56900000 211.07000 38.45000 17.56000 55.09500
15 7 20 01 20 8120.00000 5.56900000 211.07000 38.45000 17.56000 55.09500
15 7 20 01 21 8120.90000 5.56900000 211.07000 38.45000 17.56000 55.09500
15 7 20 01 21 8120.90000 5.56900000 211.07000 38.45000 17.56000 55.09500
15 7 20 01 22 8120.00000 5.56900000 211.07000 38.45000 17.56000 55.09500
15 7 20 01 22 8120.00000 5.56900000 211.07000 38.45000 17.56000 55.09500
15 7 20 01 23 8120.00000 5.56900000 211.07000 38.45000 17.56000 55.09500
15 7 20 01 23 8120.00000 5.56900000 211.07000 38.45000 17.56000 55.09500
15 7 20 01 23 8120.00000 5.56900000 211.06000 38.45000 17.56000 55.09500
15 7 20 01 24 8118.80000 5.56900000 211.06000 38.45000 17.56000 55.09500
15 7 20 01 24 8118.90000 5.56900000 210.86000 38.42000 17.56000 55.09500
15 7 20 01 25 8118.90000 5.56900000 210.86000 38.33000 17.56000 55.09500
15 7 20 01 25 8117.10000 5.56900000 210.86000 38.33000 17.56000 55.09500
15 7 20 01 26 8114.60000 5.56900000 210.46000 38.20000 17.56000 55.09500
15 7 20 01 26 8114.50000 5.56900000 210.46000 38.15000 17.56000 54.77700
15 7 20 01 27 8112.40000 5.56900000 210.46000 38.15000 17.56000 54.77700
15 7 20 01 27 8112.40000 5.56900000 210.46000 38.15000 17.56000 54.77700
15 7 20 01 28 8112.50000 5.56900000 210.46000 38.15000 17.56000 54.77700
15 7 20 01 28 8111.30000 5.56900000 210.46000 38.15000 17.56000 54.77700
15 7 20 01 28 8111.30000 5.56900000 210.46000 38.15000 17.56000 54.77700
15 7 20 01 29 8111.30000 5.56900000 210.56000 38.15000 17.56000 54.77700
15 7 20 01 29 8111.20000 5.56900000 210.56000 38.15000 17.56000 54.77700
15 7 20 01 30 8110.10000 5.56900000 210.56000 38.15000 17.56000 54.77700
15 7 20 01 30 8110.10000 5.56900000 210.52000 38.15000 17.56000 54.69000
15 7 20 01 31 8110.00000 5.56900000 210.52000 38.15000 17.56000 54.69000
15 7 20 01 31 8110.00000 5.56900000 210.52000 38.15000 17.56000 54.69000
15 7 20 01 32 8110.10000 5.56900000 210.52000 38.15000 17.56000 54.69000
15 7 20 01 32 8110.10000 5.56900000 210.52000 38.15000 17.56000 54.69000
15 7 20 01 33 8110.10000 5.56900000 210.52000 38.15000 17.56000 54.69000
15 7 20 01 33 8110.10000 5.56900000 210.52000 38.15000 17.56000 54.69000
15 7 20 01 33 8108.80000 5.56900000 210.52000 38.21000 17.56000 54.55500
15 7 20 01 34 8108.90000 5.51700000 210.55000 38.21000 17.56000 54.55500
15 7 20 01 34 8108.80000 5.51700000 210.53000 38.21000 17.56000 54.55500
15 7 20 01 35 8108.80000 5.51700000 210.52000 38.24000 17.56000 54.55500
15 7 20 01 35 8108.90000 5.51700000 210.52000 38.24000 17.56000 54.55500
15 7 20 01 36 8108.90000 5.52000000 210.52000 38.24000 17.56000 54.55500
15 7 20 01 36 8108.80000 5.52000000 210.52000 38.24000 17.56000 54.55500
15 7 20 01 37 8108.90000 5.52000000 210.52000 38.24000 17.56000 54.55500
15 7 20 01 37 8108.90000 5.52000000 210.52000 38.24000 17.56000 54.55500
15 7 20 01 37 8110.80000 5.52000000 210.52000 38.24000 17.56000 54.55500
15 7 20 01 38 8111.10000 5.52000000 210.52000 38.24000 17.56000 54.55500
15 7 20 01 38 8111.20000 5.52000000 210.52000 38.24000 17.56000 54.55500
15 7 20 01 39 8111.20000 5.52000000 210.81000 38.24000 17.56000 54.55500
15 7 20 01 39 8111.90000 5.52000000 210.81000 38.24000 17.56000 54.55500
15 7 20 01 40 8111.90000 5.52000000 210.81000 38.24000 17.56000 54.55500
15 7 20 01 40 8111.90000 5.52000000 210.81000 38.24000 17.56000 54.55500
15 7 20 01 41 8111.80000 5.52000000 210.81000 38.24000 17.56000 54.55500
15 7 20 01 41 8111.90000 5.52000000 210.81000 38.24000 17.56000 54.55500
15 7 20 01 42 8111.80000 5.52000000 210.81000 38.24000 17.56000 54.55500
15 7 20 01 42 8111.90000 5.52000000 210.82000 38.24000 17.56000 54.55500
15 7 20 01 42 8111.90000 5.52000000 210.82000 38.24000 17.56000 54.55500
15 7 20 01 43 8111.80000 5.52000000 210.82000 38.24000 17.56000 54.55500
15 7 20 01 43 8111.80000 5.52000000 210.82000 38.24000 17.56000 54.55500
15 7 20 01 44 8111.90000 5.52000000 210.82000 38.24000 17.56000 54.55500
15 7 20 01 44 8111.90000 5.52000000 210.82000 38.24000 17.56000 54.55500
15 7 20 01 45 8111.90000 5.52000000 210.82000 38.24000 17.56000 54.55500
15 7 20 01 45 8111.90000 5.52000000 210.82000 38.24000 17.56000 54.55500
15 7 20 01 45 8111.90000 5.52000000 210.90000 38.24000 17.56000 54.55500
15 7 20 01 46 8111.90000 5.52000000 210.90000 38.24000 17.56000 54.55500
15 7 20 01 46 8111.90000 5.52000000 210.90000 38.24000 17.56000 54.55500
15 7 20 01 47 8111.90000 5.52000000 210.90000 38.24000 17.56000 54.55500
15 7 20 01 47 8111.90000 5.52000000 210.87000 38.24000 17.56000 54.55500
15 7 20 01 48 8113.20000 5.52000000 210.87000 38.24000 17.56000 54.55500
15 7 20 01 48 8113.10000 5.52000000 210.87000 38.24000 17.56000 54.55500
15 7 20 01 49 8118.20000 5.52000000 210.87000 38.24000 17.56000 54.55500
15 7 20 01 49 8119.10000 5.52000000 210.87000 38.24000 17.56000 54.55500
15 7 20 01 50 8119.00000 5.52000000 210.87000 38.24000 17.56000 54.55500
15 7 20 01 50 8119.00000 5.52000000 211.03000 38.24000 17.56000 54.55500
15 7 20 01 50 8115.00000 5.52000000 211.03000 38.36000 17.56000 54.55500
15 7 20 01 51 8114.80000 5.52000000 211.03000 38.36000 17.56000 54.55500
15 7 20 01 51 8114.90000 5.52000000 211.03000 38.36000 17.56000 54.55500
15 7 20 01 52 8114.20000 5.52000000 210.88000 38.36000 17.56000 54.55500
15 7 20 01 52 8113.60000 5.52000000 210.88000 38.36000 17.56000 54.55500
15 7 20 01 53 8114.30000 5.52000000 210.88000 38.36000 17.56000 54.55500
15 7 20 01 53 8111.80000 5.52000000 210.88000 38.36000 17.56000 54.55500
15 7 20 01 54 8112.10000 5.52000000 210.89000 38.36000 17.56000 54.55500
15 7 20 01 54 8112.30000 5.52000000 210.89000 38.36000 17.56000 54.55500
15 7 20 01 55 8113.10000 5.52000000 210.89000 38.36000 17.56000 54.55500
15 7 20 01 55 8113.80000 5.52000000 210.89000 38.36000 17.56000 54.55500
15 7 20 01 55 8113.80000 5.52000000 210.89000 38.36000 17.56000 54.55500
15 7 20 01 56 8112.70000 5.52000000 210.89000 38.36000 17.56000 54.55500
15 7 20 01 56 8114.40000 5.52000000 210.89000 38.36000 17.56000 54.55500
15 7 20 01 57 8114.10000 5.52000000 210.89000 38.36000 17.56000 54.55500
15 7 20 01 57 8113.00000 5.52000000 210.89000 38.36000 17.56000 54.55500
15 7 20 01 58 8114.80000 5.52000000 210.89000 38.35000 17.56000 54.55500
15 7 20 01 58 8114.40000 5.52000000 210.89000 38.35000 17.56000 54.55500
15 7 20 01 59 8114.20000 5.52000000 210.89000 38.35000 17.56000 54.55500
15 7 20 01 59 8114.60000 5.52000000 210.96000 38.35000 17.56000 54.55500
15 7 20 01 59 8114.80000 5.52000000 210.96000 38.35000 17.56000 54.55500
15 7 20 02 00 8114.70000 5.52000000 210.96000 38.35000 17.56000 54.55500
15 7 20 02 00 8114.70000 5.52000000 210.96000 38.35000 17.56000 54.55500
15 7 20 02 01 8114.80000 5.52000000 210.96000 38.35000 17.56000 54.55500
15 7 20 02 01 8114.80000 5.52000000 210.96000 38.35000 17.56000 54.55500
15 7 20 02 02 8114.70000 5.52000000 210.96000 38.35000 17.56000 54.55500
15 7 20 02 02 8114.70000 5.52000000 210.96000 38.35000 17.56000 54.55500
15 7 20 02 03 8114.70000 5.52000000 210.96000 38.35000 17.56000 54.55500
15 7 20 02 03 8114.80000 5.52000000 210.96000 38.35000 17.56000 54.55500
15 7 20 02 03 8114.80000 5.52000000 210.96000 38.35000 17.56000 54.55500
15 7 20 02 04 8114.80000 5.55000000 210.94000 38.35000 17.56000 55.04400
15 7 20 02 04 8114.70000 5.55000000 210.94000 38.35000 17.56000 55.04400
