M=[
14 8 20 07 05 9895.60000 5.78800000 356.30000 47.57000 17.51800 71.87000
14 8 20 07 06 9889.90000 5.78800000 355.78000 47.47000 17.51800 71.79500
14 8 20 07 06 9892.80000 5.78500000 356.23000 47.51000 17.51800 71.79500
14 8 20 07 07 9893.10000 5.78500000 356.27000 47.48000 17.51800 71.79500
14 8 20 07 08 9888.00000 5.78500000 356.28000 47.51000 17.51800 71.58300
14 8 20 07 08 9891.70000 5.78500000 356.37000 47.51000 17.51800 71.58300
14 8 20 07 09 9891.60000 5.78500000 356.23000 47.51000 17.51800 71.58300
14 8 20 07 09 9891.60000 5.78500000 356.28000 47.51000 17.51800 71.58300
14 8 20 07 10 9893.10000 5.78500000 356.65000 47.51000 17.51800 71.58300
14 8 20 07 10 9892.90000 5.78500000 357.12000 47.54000 17.51800 71.58300
14 8 20 07 11 9893.00000 5.78500000 356.92000 47.54000 17.51800 71.58300
14 8 20 07 11 9893.00000 5.78800000 356.94000 47.54000 17.51800 71.59900
14 8 20 07 12 9893.00000 5.78000000 356.98000 47.65000 17.51800 71.59900
14 8 20 07 12 9893.00000 5.76000000 357.30000 47.62000 17.51800 71.59900
14 8 20 07 13 9893.10000 5.76000000 357.37000 47.62000 17.51800 71.59900
14 8 20 07 13 9893.00000 5.76000000 357.22000 47.60000 17.51800 71.59900
14 8 20 07 14 9891.20000 5.76000000 357.22000 47.60000 17.51800 71.59900
14 8 20 07 14 9890.10000 5.76000000 357.23000 47.55000 17.51800 71.59900
14 8 20 07 15 9888.70000 5.76800000 357.23000 47.55000 17.51800 71.59900
14 8 20 07 15 9887.90000 5.77100000 357.24000 47.62000 17.51800 71.59900
14 8 20 07 16 9892.90000 5.77100000 357.26000 47.62000 17.51800 71.59900
14 8 20 07 17 9893.10000 5.77100000 357.39000 47.62000 17.51800 71.66100
14 8 20 07 17 9893.10000 5.77100000 357.65000 47.62000 17.51800 71.66100
14 8 20 07 18 9893.10000 5.77500000 357.10000 47.62000 17.51800 71.66100
14 8 20 07 18 9893.10000 5.77500000 357.10000 47.62000 17.51800 71.66100
14 8 20 07 19 9900.00000 5.77500000 357.58000 47.71000 17.51800 71.67600
14 8 20 07 19 9900.00000 5.77500000 358.00000 47.73000 17.51800 71.76400
14 8 20 07 20 9899.90000 5.77500000 358.24000 47.67000 17.51800 71.76400
14 8 20 07 20 9905.60000 5.77500000 358.43000 47.67000 17.51800 71.76400
14 8 20 07 21 9907.70000 5.77500000 358.27000 47.72000 17.51800 71.76400
14 8 20 07 21 9903.10000 5.77500000 358.23000 47.72000 17.51800 71.76400
14 8 20 07 22 9907.70000 5.77500000 358.31000 47.67000 17.51800 71.92100
14 8 20 07 22 9905.80000 5.77500000 358.36000 47.67000 17.51800 71.92100
14 8 20 07 23 9903.50000 5.77500000 358.36000 47.66000 17.51800 71.92100
14 8 20 07 23 9903.50000 5.77500000 358.38000 47.68000 17.51800 71.92100
14 8 20 07 23 9903.40000 5.77500000 358.39000 47.68000 17.51800 71.92100
14 8 20 07 24 9904.10000 5.77500000 358.39000 47.68000 17.51800 71.80000
14 8 20 07 24 9903.50000 5.78000000 358.38000 47.68000 17.51800 71.80000
14 8 20 07 25 9903.90000 5.78900000 358.38000 47.65000 17.51800 71.80000
14 8 20 07 26 9910.10000 5.78900000 358.39000 47.71000 17.51800 71.87400
14 8 20 07 26 9913.50000 5.78900000 358.47000 47.73000 17.51800 71.87400
14 8 20 07 27 9914.10000 5.78900000 358.75000 47.75000 17.51800 71.87400
14 8 20 07 27 9932.20000 5.78900000 358.96000 47.76000 17.51800 71.87400
14 8 20 07 28 9932.70000 5.78900000 359.24000 47.80000 17.51800 71.87400
14 8 20 07 28 9933.40000 5.78900000 359.04000 47.79000 17.51800 71.87400
14 8 20 07 29 9933.80000 5.78900000 359.01000 47.79000 17.51800 71.87400
14 8 20 07 29 9938.60000 5.78900000 359.21000 47.80000 17.51800 71.87400
14 8 20 07 30 9943.40000 5.78900000 359.14000 47.81000 17.51800 71.87400
14 8 20 07 30 9945.70000 5.78900000 359.13000 47.81000 17.49200 71.87400
14 8 20 07 31 9941.50000 5.78900000 359.51000 47.81000 17.49200 71.87400
14 8 20 07 31 9938.60000 5.78900000 359.52000 47.81000 17.49200 71.87400
14 8 20 07 32 9934.00000 5.78900000 359.23000 47.81000 17.49200 71.87400
14 8 20 07 32 9934.10000 5.78900000 359.00000 47.81000 17.49200 71.87400
14 8 20 07 33 9935.30000 5.78900000 359.12000 47.81000 17.49200 72.12200
14 8 20 07 33 9934.80000 5.78900000 359.16000 47.83000 17.49200 72.12200
14 8 20 07 34 9934.40000 5.78900000 359.20000 47.83000 17.49500 72.12200
14 8 20 07 34 9934.60000 5.78900000 359.25000 47.83000 17.49500 72.12200
14 8 20 07 35 9934.60000 5.78900000 359.28000 47.83000 17.49500 72.12200
14 8 20 07 35 9934.70000 5.78900000 359.30000 47.83000 17.49500 72.12200
14 8 20 07 36 9934.70000 5.79000000 359.30000 47.83000 17.49500 72.12200
14 8 20 07 36 9936.80000 5.79000000 359.48000 47.83000 17.49500 72.12200
14 8 20 07 37 9937.60000 5.79000000 359.69000 47.83000 17.49500 72.12200
14 8 20 07 37 9935.70000 5.80000000 359.79000 47.83000 17.49500 72.12200
14 8 20 07 38 9937.00000 5.80000000 359.88000 47.83000 17.49500 72.12200
14 8 20 07 38 9934.70000 5.80000000 359.81000 47.82000 17.49500 72.12200
14 8 20 07 39 9937.70000 5.80000000 359.74000 47.85000 17.49500 72.11200
14 8 20 07 39 9939.20000 5.80000000 359.71000 47.83000 17.50900 72.11200
14 8 20 07 40 9938.90000 5.80600000 359.71000 47.83000 17.50900 72.11200
14 8 20 07 40 9939.30000 5.79200000 359.65000 47.83000 17.50900 72.11200
14 8 20 07 40 9939.30000 5.79200000 359.18000 47.78000 17.50900 72.11200
14 8 20 07 41 9934.70000 5.79200000 359.15000 47.78000 17.50900 72.11200
14 8 20 07 41 9934.70000 5.79200000 359.16000 47.78000 17.50900 72.11200
14 8 20 07 42 9934.70000 5.79200000 359.15000 47.78000 17.50900 72.02100
14 8 20 07 42 9934.70000 5.79200000 359.16000 47.78000 17.50900 71.81000
14 8 20 07 43 9934.50000 5.79200000 358.98000 47.78000 17.50900 71.81000
14 8 20 07 43 9927.60000 5.79200000 358.84000 47.77000 17.50900 71.81000
14 8 20 07 44 9925.60000 5.79200000 359.02000 47.77000 17.50900 71.81000
14 8 20 07 44 9925.70000 5.79200000 358.88000 47.77000 17.50900 71.81000
14 8 20 07 45 9926.20000 5.79200000 358.96000 47.77000 17.50900 71.81000
14 8 20 07 45 9928.40000 5.79200000 359.09000 47.78000 17.50900 71.81000
14 8 20 07 46 9920.90000 5.79200000 359.23000 47.82000 17.50900 71.77300
14 8 20 07 46 9924.70000 5.79200000 359.08000 47.82000 17.50900 71.77300
14 8 20 07 47 9925.90000 5.79200000 359.45000 47.82000 17.50900 71.77300
14 8 20 07 47 9925.90000 5.80000000 359.53000 47.82000 17.50900 71.77300
14 8 20 07 48 9925.80000 5.80000000 359.46000 47.86000 17.50900 71.77300
14 8 20 07 48 9925.90000 5.80000000 359.46000 47.86000 17.50900 71.77300
14 8 20 07 49 9925.80000 5.80000000 359.38000 47.86000 17.50900 71.77300
14 8 20 07 49 9925.80000 5.79500000 359.43000 47.87000 17.50900 71.77300
14 8 20 07 50 9925.90000 5.79500000 359.32000 47.87000 17.50900 71.77300
14 8 20 07 50 9925.70000 5.79500000 359.03000 47.87000 17.47200 71.77300
14 8 20 07 51 9925.70000 5.79500000 358.96000 47.87000 17.47200 71.77300
14 8 20 07 51 9925.70000 5.79500000 359.18000 47.87000 17.47200 71.77300
14 8 20 07 52 9925.90000 5.79600000 359.05000 47.87000 17.47200 71.77300
14 8 20 07 52 9925.90000 5.79600000 359.14000 47.85000 17.47200 71.77300
14 8 20 07 52 9925.90000 5.79600000 359.03000 47.85000 17.47200 71.77300
14 8 20 07 53 9925.70000 5.79600000 358.96000 47.85000 17.47200 71.77300
14 8 20 07 53 9925.90000 5.79600000 358.96000 47.85000 17.47200 71.77300
14 8 20 07 54 9925.90000 5.79600000 359.17000 47.85000 17.47200 71.77300
14 8 20 07 54 9925.90000 5.79600000 359.23000 47.81000 17.52800 71.77300
14 8 20 07 55 9929.20000 5.79600000 359.24000 47.81000 17.52800 71.77300
14 8 20 07 55 9930.10000 5.79600000 359.30000 47.81000 17.52800 71.77300
14 8 20 07 56 9929.60000 5.79600000 359.15000 47.81000 17.52800 71.77300
14 8 20 07 56 9935.00000 5.79600000 359.40000 47.81000 17.52800 71.77300
14 8 20 07 57 9936.50000 5.79600000 359.39000 47.87000 17.54700 71.77300
14 8 20 07 57 9938.70000 5.79600000 359.40000 47.83000 17.54700 71.77300
14 8 20 07 58 9937.10000 5.79600000 359.34000 47.83000 17.54700 71.77300
14 8 20 07 58 9935.20000 5.79600000 359.16000 47.83000 17.54700 71.75000
14 8 20 07 59 9937.00000 5.79600000 359.15000 47.83000 17.55200 71.75000
14 8 20 07 59 9937.80000 5.79600000 359.11000 47.83000 17.55200 71.75000
