M=[
17 5 20 07 50 8803.20000 6.18000000 186.74000 40.75000 11.79600 42.17600
17 5 20 07 51 8807.20000 6.17000000 186.74000 40.75000 11.79600 42.07900
17 5 20 07 51 8806.40000 6.17000000 186.74000 40.75000 11.80000 42.07900
17 5 20 07 52 8804.90000 6.17000000 186.74000 40.78000 11.80000 42.07900
17 5 20 07 52 8804.90000 6.17000000 186.72000 40.78000 11.80000 42.07900
17 5 20 07 53 8811.80000 6.17000000 186.74000 40.78000 11.80000 42.27300
17 5 20 07 54 8814.60000 6.17000000 186.74000 40.82000 11.80000 42.07800
17 5 20 07 55 8815.00000 6.17000000 186.74000 40.82000 11.80000 42.07800
17 5 20 07 56 8814.90000 6.17000000 186.74000 40.82000 11.80000 42.07800
17 5 20 07 57 8821.80000 6.17000000 186.74000 40.82000 11.80000 42.07800
17 5 20 07 58 8821.90000 6.17000000 186.74000 40.82000 11.80000 42.07800
17 5 20 07 58 8821.80000 6.17000000 186.92000 40.82000 11.80000 42.07800
17 5 20 07 59 8824.10000 6.17000000 186.92000 40.82000 11.80000 42.07800
17 5 20 08 00 8818.30000 6.17000000 186.92000 40.82000 11.80000 42.07800
17 5 20 08 00 8824.10000 6.17000000 186.92000 40.82000 11.80000 42.07800
17 5 20 08 01 8827.80000 6.17000000 187.01000 40.82000 11.80000 42.06100
17 5 20 08 02 8827.80000 6.17000000 186.97000 40.82000 11.80000 42.06100
17 5 20 08 02 8828.50000 6.19900000 187.04000 40.91000 11.80000 42.06100
17 5 20 08 03 8830.60000 6.19700000 187.04000 40.90000 11.80000 42.06100
17 5 20 08 03 8827.90000 6.19700000 187.04000 40.90000 11.80000 42.14100
17 5 20 08 04 8827.60000 6.18000000 186.92000 40.90000 11.79000 42.14100
17 5 20 08 04 8827.70000 6.19900000 186.92000 40.86000 11.79000 42.14100
17 5 20 08 06 8824.00000 6.19700000 187.00000 40.87000 11.79000 42.05400
17 5 20 08 06 8811.10000 6.19700000 186.93000 40.87000 11.79000 42.05400
17 5 20 08 07 8812.50000 6.19700000 186.92000 40.87000 11.79000 42.05400
17 5 20 08 07 8812.50000 6.19700000 186.93000 40.87000 11.79000 42.05400
17 5 20 08 08 8813.40000 6.19700000 186.89000 40.81000 11.79000 42.05400
17 5 20 08 09 8811.20000 6.19700000 186.90000 40.79000 11.79000 42.05400
17 5 20 08 09 8811.20000 6.19700000 186.89000 40.79000 11.79000 42.05400
17 5 20 08 10 8806.20000 6.19700000 186.95000 40.79000 11.79000 42.05400
17 5 20 08 10 8808.80000 6.19900000 186.90000 40.79000 11.79000 42.05400
17 5 20 08 11 8808.70000 6.19700000 186.90000 40.79000 11.79000 42.05400
17 5 20 08 11 8811.20000 6.19700000 186.90000 40.79000 11.79000 42.05400
17 5 20 08 12 8811.20000 6.19700000 186.90000 40.79000 11.79000 42.05400
17 5 20 08 13 8814.50000 6.19700000 186.91000 40.79000 11.79000 42.05400
17 5 20 08 14 8811.20000 6.19700000 186.77000 40.79000 11.79000 42.05400
17 5 20 08 14 8805.80000 6.19700000 186.63000 40.79000 11.79000 42.05400
17 5 20 08 15 8805.90000 6.19700000 186.63000 40.79000 11.79000 42.05400
17 5 20 08 15 8805.90000 6.19700000 186.63000 40.73000 11.79000 42.05400
17 5 20 08 16 8805.90000 6.19700000 186.42000 40.73000 11.79000 42.05400
17 5 20 08 17 8801.80000 6.19700000 186.42000 40.73000 11.79000 42.05400
17 5 20 08 18 8800.70000 6.19900000 186.42000 40.73000 11.79000 41.92700
17 5 20 08 18 8800.00000 6.19700000 186.40000 40.76000 11.79000 41.92700
17 5 20 08 19 8799.70000 6.15100000 186.40000 40.87000 11.79000 41.92700
17 5 20 08 19 8798.00000 6.15100000 186.43000 40.70000 11.79000 41.92700
17 5 20 08 20 8800.00000 6.15100000 186.42000 40.70000 11.79000 41.84100
17 5 20 08 21 8800.00000 6.15100000 186.45000 40.70000 11.79000 41.84100
17 5 20 08 22 8772.90000 6.15100000 185.99000 40.70000 11.80000 41.84100
17 5 20 08 22 8779.80000 6.15100000 186.05000 40.64000 11.79000 41.84100
17 5 20 08 23 8775.00000 6.15100000 186.07000 40.66000 11.79000 41.84100
17 5 20 08 24 8778.10000 6.19700000 186.07000 40.66000 11.79000 41.84100
17 5 20 08 25 8777.60000 6.19700000 186.07000 40.63000 11.79000 41.84100
17 5 20 08 25 8778.10000 6.15100000 185.87000 40.63000 11.79000 41.84100
17 5 20 08 26 8778.20000 6.15100000 186.13000 40.63000 11.79000 41.84100
17 5 20 08 26 8778.10000 6.15100000 186.22000 40.66000 11.79000 42.05400
17 5 20 08 27 8778.20000 6.15100000 186.23000 40.66000 11.79000 41.86900
17 5 20 08 28 8778.20000 6.15100000 186.22000 40.66000 11.79000 41.86900
17 5 20 08 29 8778.20000 6.15100000 186.22000 40.66000 11.79000 41.86900
17 5 20 08 29 8778.20000 6.14000000 186.22000 40.66000 11.79000 41.86900
17 5 20 08 30 8778.20000 6.14000000 186.00000 40.62000 11.79000 41.86900
17 5 20 08 31 8778.20000 6.14000000 186.13000 40.64000 11.79000 41.86900
17 5 20 08 32 8778.20000 6.14000000 186.25000 40.60000 11.79000 41.86900
17 5 20 08 32 8778.10000 6.14000000 186.25000 40.60000 11.79000 41.86100
17 5 20 08 33 8778.20000 6.14000000 186.11000 40.64000 11.79000 41.86900
17 5 20 08 33 8775.10000 6.14000000 186.22000 40.60000 11.79000 41.86900
17 5 20 08 34 8775.10000 6.14000000 186.32000 40.66000 11.79000 41.86900
17 5 20 08 35 8778.20000 6.14000000 186.35000 40.70000 11.79000 41.86900
17 5 20 08 36 8778.10000 6.14000000 186.24000 40.65000 11.79000 41.86900
17 5 20 08 36 8778.20000 6.14000000 186.24000 40.70000 11.79000 41.86900
17 5 20 08 37 8778.10000 6.14000000 186.14000 40.70000 11.79000 41.86900
17 5 20 08 38 8778.20000 6.14000000 186.21000 40.70000 11.79000 41.86900
17 5 20 08 39 8778.20000 6.14000000 186.21000 40.70000 11.79000 41.86100
17 5 20 08 39 8778.20000 6.14000000 186.21000 40.62000 11.79000 41.86900
17 5 20 08 40 8776.30000 6.14000000 186.05000 40.62000 11.79000 41.86900
17 5 20 08 40 8778.20000 6.14000000 186.05000 40.62000 11.79000 41.86900
17 5 20 08 41 8778.20000 6.14000000 186.05000 40.62000 11.79000 41.86900
17 5 20 08 42 8778.20000 6.14000000 186.05000 40.62000 11.79000 41.86900
17 5 20 08 42 8781.30000 6.14000000 186.05000 40.62000 11.79000 41.86900
17 5 20 08 43 8786.70000 6.16700000 186.05000 40.62000 11.79000 41.86900
17 5 20 08 44 8798.90000 6.16700000 186.08000 40.62000 11.79000 41.86900
17 5 20 08 45 8799.70000 6.16700000 186.31000 40.62000 11.79000 41.86900
17 5 20 08 46 8796.90000 6.16700000 186.31000 40.62000 11.79000 41.86900
17 5 20 08 47 8793.50000 6.14000000 186.28000 40.67000 11.79000 41.86900
17 5 20 08 47 8789.90000 6.16700000 186.28000 40.67000 11.79000 41.86900
17 5 20 08 48 8789.90000 6.16700000 186.28000 40.67000 11.79000 41.86900
17 5 20 08 49 8788.30000 6.16700000 186.17000 40.67000 11.79000 41.86900
17 5 20 08 49 8786.70000 6.16700000 186.28000 40.67000 11.79000 41.86900
17 5 20 08 50 8786.80000 6.14000000 186.17000 40.67000 11.79000 41.86900
17 5 20 08 50 8788.00000 6.16700000 186.17000 40.67000 11.79000 41.86900
17 5 20 08 51 8787.30000 6.16700000 186.18000 40.67000 11.79000 41.86900
17 5 20 08 52 8786.70000 6.16700000 186.17000 40.67000 11.79000 41.86900
17 5 20 08 52 8776.60000 6.16700000 186.17000 40.67000 11.79000 41.86900
17 5 20 08 53 8777.00000 6.16700000 186.00000 40.67000 11.79000 41.86900
17 5 20 08 54 8772.90000 6.16700000 185.84000 40.67000 11.79000 41.86100
17 5 20 08 55 8781.60000 6.16700000 186.00000 40.66000 11.79000 41.86100
17 5 20 08 56 8776.50000 6.16700000 185.92000 40.66000 11.79000 41.86100
17 5 20 08 56 8781.60000 6.16700000 185.99000 40.66000 11.79000 41.86100
17 5 20 08 57 8778.00000 6.16700000 185.99000 40.66000 11.79000 41.86100
17 5 20 08 57 8777.20000 6.16700000 185.99000 40.66000 11.79000 41.86100
17 5 20 08 58 8779.50000 6.16700000 185.99000 40.66000 11.79000 41.86100
17 5 20 08 58 8776.20000 6.16700000 185.95000 40.63000 11.79000 41.86100
17 5 20 08 59 8775.00000 6.16700000 185.95000 40.63000 11.79000 41.86100
17 5 20 09 00 8776.20000 6.16700000 185.95000 40.63000 11.79000 41.86100
17 5 20 09 00 8769.30000 6.16700000 185.79000 40.59000 11.79000 41.86100
17 5 20 09 01 8775.00000 6.14000000 185.72000 40.63000 11.79000 41.86100
17 5 20 09 01 8780.00000 6.13800000 185.80000 40.63000 11.79000 41.86100
17 5 20 09 02 8776.30000 6.13800000 185.80000 40.63000 11.79000 41.86100
17 5 20 09 02 8784.40000 6.13800000 185.80000 40.62000 11.79000 41.93500
17 5 20 09 04 8781.50000 6.13800000 185.93000 40.63000 11.79000 41.93500
