M=[
 4 1 21 03 19 26283.80000 5.33200000 777.00000 126.42000 13.87000 48.61700
 4 1 21 03 19 26280.10000 5.33200000 776.11000 126.61000 13.87000 48.61700
 4 1 21 03 20 26270.80000 5.33200000 777.23000 126.64000 13.87000 48.61700
 4 1 21 03 20 26277.70000 5.33200000 778.71000 126.65000 13.87000 48.61700
 4 1 21 03 21 26263.70000 5.33200000 777.91000 126.65000 13.87000 48.61700
 4 1 21 03 21 26286.70000 5.33200000 779.19000 126.74000 13.87000 48.61700
 4 1 21 03 21 26284.60000 5.33200000 779.44000 126.67000 13.85000 48.61700
 4 1 21 03 22 26299.70000 5.33200000 779.99000 126.75000 13.85000 48.61700
 4 1 21 03 22 26307.70000 5.33200000 780.00000 126.48000 13.85000 48.61700
 4 1 21 03 23 26274.10000 5.33200000 780.99000 126.34000 13.85000 48.61700
 4 1 21 03 23 26275.30000 5.33200000 781.44000 126.34000 13.85000 48.61700
 4 1 21 03 24 26260.30000 5.33200000 780.91000 126.34000 13.85000 48.61700
 4 1 21 03 24 26297.00000 5.33200000 781.39000 126.64000 13.85000 48.61700
 4 1 21 03 24 26299.90000 5.33200000 781.64000 126.92000 13.85000 48.61700
 4 1 21 03 25 26288.00000 5.33200000 781.64000 127.10000 13.85000 48.61700
 4 1 21 03 25 26288.00000 5.33200000 780.62000 127.31000 13.85000 48.61700
 4 1 21 03 26 26259.40000 5.33200000 781.77000 127.33000 13.85000 48.61700
 4 1 21 03 26 26269.60000 5.33200000 782.22000 127.18000 13.85000 48.61700
 4 1 21 03 27 26251.80000 5.34200000 781.18000 126.84000 13.85000 48.61700
 4 1 21 03 27 26240.00000 5.34200000 780.00000 126.90000 13.85000 48.61700
 4 1 21 03 27 26195.40000 5.34200000 778.84000 126.76000 13.85000 48.61700
 4 1 21 03 28 26259.80000 5.34200000 779.63000 126.76000 13.86800 48.61700
 4 1 21 03 28 26230.30000 5.33200000 779.75000 126.85000 13.86800 48.61700
 4 1 21 03 29 26203.20000 5.35800000 778.56000 126.70000 13.86800 48.61700
 4 1 21 03 29 26210.90000 5.35800000 778.87000 126.64000 13.86800 48.61700
 4 1 21 03 30 26210.10000 5.36300000 778.84000 126.34000 13.86800 48.61700
 4 1 21 03 30 26187.10000 5.36300000 778.66000 126.43000 13.86800 48.61700
 4 1 21 03 30 26193.20000 5.34800000 779.20000 126.35000 13.86800 48.83900
 4 1 21 03 31 26186.60000 5.34800000 780.78000 126.63000 13.86800 48.83900
 4 1 21 03 31 26169.70000 5.34800000 782.53000 126.70000 13.86800 48.83900
 4 1 21 03 32 26181.00000 5.34800000 783.71000 126.97000 13.86800 48.83900
 4 1 21 03 32 26180.50000 5.34800000 783.78000 127.00000 13.86800 48.83900
 4 1 21 03 33 26208.50000 5.34300000 783.77000 127.29000 13.86800 48.83900
 4 1 21 03 33 26203.50000 5.34300000 783.86000 127.12000 13.86800 48.83900
 4 1 21 03 33 26184.90000 5.34300000 783.99000 127.20000 13.86800 48.83900
 4 1 21 03 34 26198.50000 5.34300000 784.74000 127.35000 13.87000 48.83900
 4 1 21 03 34 26197.70000 5.34300000 787.22000 127.54000 13.87000 49.00900
 4 1 21 03 35 26220.40000 5.34300000 786.83000 127.96000 13.87000 49.08000
 4 1 21 03 35 26210.40000 5.34300000 785.99000 127.70000 13.87000 49.12000
 4 1 21 03 36 26210.40000 5.34300000 786.00000 127.81000 13.87000 49.12000
 4 1 21 03 36 26207.10000 5.34300000 787.02000 127.64000 13.87000 49.19400
 4 1 21 03 36 26199.90000 5.34300000 785.59000 127.79000 13.87000 49.19400
 4 1 21 03 37 26185.40000 5.34300000 782.94000 127.52000 13.87000 49.19400
 4 1 21 03 37 26198.30000 5.36900000 783.92000 127.63000 13.87000 49.27000
 4 1 21 03 38 26195.80000 5.36900000 785.10000 127.63000 13.87000 49.27000
 4 1 21 03 38 26183.60000 5.36900000 785.97000 127.91000 13.87000 49.27000
 4 1 21 03 39 26168.90000 5.36900000 784.71000 127.69000 13.87000 49.27000
 4 1 21 03 39 26186.20000 5.36900000 784.71000 127.69000 13.87000 49.27000
 4 1 21 03 39 26192.30000 5.39800000 785.90000 127.67000 13.86000 49.34100
 4 1 21 03 40 26192.20000 5.39800000 785.97000 127.74000 13.86000 49.34100
 4 1 21 03 40 26170.40000 5.39800000 785.04000 127.74000 13.86000 49.34100
 4 1 21 03 41 26189.50000 5.39800000 785.10000 127.80000 13.86000 49.34100
 4 1 21 03 41 26202.00000 5.40000000 787.03000 127.82000 13.86000 49.28000
 4 1 21 03 42 26189.80000 5.40000000 788.00000 127.96000 13.86000 49.28000
 4 1 21 03 42 26169.90000 5.40000000 789.53000 128.27000 13.86000 49.33100
 4 1 21 03 42 26198.70000 5.40000000 789.53000 128.12000 13.86000 49.33100
 4 1 21 03 43 26200.50000 5.40000000 789.53000 128.38000 13.87000 49.33100
 4 1 21 03 43 26183.50000 5.40000000 787.13000 128.00000 13.87000 49.33100
 4 1 21 03 44 26171.00000 5.40000000 787.27000 127.94000 13.87000 49.33100
 4 1 21 03 44 26176.30000 5.40000000 787.44000 127.94000 13.87000 49.28100
 4 1 21 03 45 26177.70000 5.40000000 786.88000 127.94000 13.87000 49.28100
 4 1 21 03 45 26171.00000 5.40000000 787.68000 127.89000 13.87000 49.28100
 4 1 21 03 45 26172.70000 5.40000000 788.98000 128.18000 13.87000 49.31200
 4 1 21 03 46 26170.50000 5.40000000 790.17000 128.49000 13.87000 49.31200
 4 1 21 03 46 26168.10000 5.40000000 791.81000 128.53000 13.87000 49.31200
 4 1 21 03 47 26165.50000 5.40000000 793.00000 128.57000 13.87000 49.31200
 4 1 21 03 47 26165.60000 5.40000000 794.72000 128.91000 13.87000 49.31200
 4 1 21 03 48 26167.40000 5.40000000 794.30000 128.95000 13.87100 49.31200
 4 1 21 03 48 26167.30000 5.40000000 794.29000 128.48000 13.87100 49.31200
 4 1 21 03 48 26170.40000 5.40000000 794.52000 128.53000 13.87100 49.31200
 4 1 21 03 49 26170.00000 5.40000000 793.85000 128.53000 13.87100 49.31200
 4 1 21 03 49 26169.90000 5.40000000 791.97000 128.31000 13.87100 49.31200
 4 1 21 03 50 26169.90000 5.40000000 793.22000 128.21000 13.87100 49.31200
 4 1 21 03 50 26165.40000 5.40000000 791.94000 128.21000 13.87100 49.31200
 4 1 21 03 51 26143.50000 5.40000000 790.01000 128.22000 13.87100 49.36700
 4 1 21 03 51 26106.20000 5.40000000 790.37000 128.07000 13.87100 49.36700
 4 1 21 03 51 26138.70000 5.40000000 791.73000 127.85000 13.87100 49.36700
 4 1 21 03 52 26118.20000 5.37500000 790.62000 127.87000 13.87100 49.36700
 4 1 21 03 52 26118.20000 5.37500000 791.66000 127.85000 13.87100 49.36700
 4 1 21 03 53 26106.20000 5.37500000 792.09000 127.99000 13.87100 49.36700
 4 1 21 03 53 26106.00000 5.37500000 791.23000 127.99000 13.88400 49.36700
 4 1 21 03 54 26128.60000 5.37500000 791.18000 127.99000 13.88400 49.36700
 4 1 21 03 54 26128.30000 5.37500000 791.79000 128.05000 13.88400 49.36700
 4 1 21 03 54 26149.90000 5.37500000 793.49000 128.34000 13.88400 49.36700
 4 1 21 03 55 26170.40000 5.39000000 796.00000 128.34000 13.88400 49.36700
 4 1 21 03 55 26170.40000 5.40000000 796.13000 128.34000 13.88400 49.36700
 4 1 21 03 56 26187.40000 5.41000000 797.99000 128.78000 13.88400 49.36700
 4 1 21 03 56 26187.40000 5.41000000 799.00000 128.71000 13.88400 49.43900
 4 1 21 03 57 26187.50000 5.41000000 799.04000 128.98000 13.90000 49.43900
 4 1 21 03 57 26233.00000 5.44000000 798.83000 128.98000 13.87000 49.43900
 4 1 21 03 57 26265.20000 5.44000000 799.04000 128.98000 13.87000 49.43900
 4 1 21 03 58 26253.60000 5.43900000 799.85000 128.81000 13.92600 49.43900
 4 1 21 03 58 26256.60000 5.42000000 799.90000 128.82000 13.92600 49.43900
 4 1 21 03 59 26253.40000 5.42000000 799.86000 128.64000 13.92600 49.43900
 4 1 21 03 59 26251.80000 5.42000000 799.90000 128.75000 13.92600 49.43900
 4 1 21 04 00 26251.80000 5.42500000 799.90000 128.75000 13.92600 49.43900
 4 1 21 04 00 26240.30000 5.42500000 798.11000 128.29000 13.92600 49.43900
 4 1 21 04 00 26226.10000 5.37500000 799.87000 128.29000 13.92600 49.43900
 4 1 21 04 01 26220.40000 5.37500000 799.90000 128.40000 13.92600 49.43900
 4 1 21 04 01 26189.20000 5.37500000 800.00000 128.51000 13.92600 49.21000
 4 1 21 04 02 26162.20000 5.37500000 799.96000 128.50000 13.89000 49.17000
 4 1 21 04 02 26160.80000 5.37500000 800.00000 128.43000 13.89000 49.10100
 4 1 21 04 03 26161.10000 5.37500000 799.19000 128.32000 13.89000 49.07200
 4 1 21 04 03 26180.80000 5.37500000 800.00000 128.42000 13.89000 49.07200
 4 1 21 04 03 26191.40000 5.44400000 800.00000 128.54000 13.89000 49.07200
 4 1 21 04 04 26203.30000 5.42600000 798.42000 128.31000 13.89000 49.07200
