M=[
 7 5 21 05 52 46412.90000 112.00000000 2836.51000 291.19000 40.02400 252.32500
 7 5 21 05 53 46412.50000 111.92200000 2835.53000 290.79000 40.02400 252.44700
 7 5 21 05 53 46412.60000 111.51200000 2835.53000 290.79000 40.02400 252.44700
 7 5 21 05 54 46412.60000 111.20400000 2839.21000 290.77000 40.02400 252.56800
 7 5 21 05 54 46441.70000 111.91400000 2842.99000 290.77000 40.02400 252.56800
 7 5 21 05 54 46420.00000 111.45000000 2838.65000 291.42000 40.01900 252.56800
 7 5 21 05 55 46398.50000 111.20300000 2837.72000 291.04000 40.01900 252.56800
 7 5 21 05 55 46398.60000 111.00100000 2838.97000 291.13000 40.01900 252.56800
 7 5 21 05 56 46409.30000 111.49100000 2839.46000 291.83000 40.01900 252.53500
 7 5 21 05 56 46455.40000 112.00200000 2842.99000 292.35000 40.01900 252.53500
 7 5 21 05 57 46432.20000 112.28200000 2840.90000 292.40000 40.01900 252.53500
 7 5 21 05 57 46425.10000 112.50000000 2842.74000 293.51000 40.01900 252.53500
 7 5 21 05 57 46425.10000 111.77900000 2841.13000 293.51000 40.01900 252.53500
 7 5 21 05 58 46413.10000 112.45800000 2839.42000 291.92000 40.01900 252.53500
 7 5 21 05 58 46423.60000 112.06300000 2839.94000 292.04000 40.01900 252.53500
 7 5 21 05 59 46431.00000 112.19000000 2839.95000 292.71000 40.01900 252.53500
 7 5 21 05 59 46431.00000 112.39300000 2840.00000 292.15000 40.01900 252.53500
 7 5 21 06 00 46413.10000 112.20900000 2837.47000 291.59000 40.01900 252.53500
 7 5 21 06 00 46375.30000 111.82900000 2838.37000 291.81000 40.01900 252.70300
 7 5 21 06 00 46370.30000 112.47500000 2835.41000 290.97000 40.01900 252.70300
 7 5 21 06 01 46272.40000 112.38300000 2832.06000 290.06000 40.01900 252.70300
 7 5 21 06 01 46298.30000 111.98900000 2832.06000 290.00000 40.01900 252.70300
 7 5 21 06 02 46321.40000 112.32500000 2832.70000 290.06000 40.01900 252.70300
 7 5 21 06 02 46289.80000 111.39100000 2831.05000 289.32000 40.01900 252.70300
 7 5 21 06 03 46289.70000 111.12600000 2830.51000 289.63000 40.01900 252.70300
 7 5 21 06 03 46299.90000 111.11100000 2830.52000 289.95000 40.01900 251.29000
 7 5 21 06 03 46316.00000 110.50000000 2830.52000 290.20000 40.01900 251.29000
 7 5 21 06 04 46291.90000 110.38700000 2829.22000 289.51000 40.01900 251.59400
 7 5 21 06 04 46291.90000 110.28800000 2825.85000 289.45000 40.01900 251.05700
 7 5 21 06 05 46308.30000 110.34900000 2828.59000 289.25000 40.01900 251.11700
 7 5 21 06 05 46308.20000 110.34900000 2828.21000 289.12000 40.23200 251.11700
 7 5 21 06 06 46301.90000 109.57800000 2828.21000 289.57000 40.23200 251.95700
 7 5 21 06 06 46333.80000 109.96100000 2831.04000 289.53000 40.23200 251.95700
 7 5 21 06 06 46356.20000 110.04500000 2831.05000 290.06000 40.23200 251.95700
 7 5 21 06 07 46370.40000 110.80000000 2834.74000 290.65000 40.23200 252.70500
 7 5 21 06 07 46402.00000 110.61900000 2836.50000 291.00000 40.23200 253.44800
 7 5 21 06 08 46470.00000 111.00000000 2844.45000 291.83000 40.23200 254.05000
 7 5 21 06 08 46490.90000 111.41900000 2846.20000 292.18000 40.23200 254.76200
 7 5 21 06 09 46509.10000 111.42800000 2848.52000 292.90000 40.23200 254.84300
 7 5 21 06 09 46530.00000 111.68500000 2849.74000 293.05000 40.23200 255.33800
 7 5 21 06 09 46542.20000 111.83800000 2854.08000 293.05000 40.23200 255.33800
 7 5 21 06 10 46554.90000 112.00000000 2854.08000 294.05000 40.23200 256.07200
 7 5 21 06 10 46542.30000 111.20700000 2855.00000 294.56000 40.23200 256.07200
 7 5 21 06 11 46509.80000 111.57800000 2852.59000 293.99000 40.23200 255.13600
 7 5 21 06 11 46535.20000 112.04900000 2855.18000 294.57000 40.23200 256.09700
 7 5 21 06 12 46553.00000 112.67200000 2854.87000 294.85000 40.23200 256.09700
 7 5 21 06 12 46552.90000 112.57300000 2854.87000 295.13000 40.23200 256.09700
 7 5 21 06 12 46553.00000 113.56600000 2855.96000 295.87000 40.23200 256.09700
 7 5 21 06 13 46555.00000 113.54800000 2858.56000 295.65000 40.23200 256.09700
 7 5 21 06 13 46570.40000 113.39300000 2857.72000 295.37000 40.23200 256.09700
 7 5 21 06 14 46572.20000 113.30200000 2859.00000 295.93000 40.23200 256.09700
 7 5 21 06 14 46572.30000 113.32100000 2857.77000 295.82000 40.23200 257.38800
 7 5 21 06 15 46572.20000 113.66200000 2855.39000 295.93000 40.23200 257.25500
 7 5 21 06 15 46572.30000 114.00100000 2859.01000 296.22000 40.23200 257.37700
 7 5 21 06 15 46572.30000 114.88100000 2859.01000 296.55000 40.23200 257.89000
 7 5 21 06 16 46572.30000 113.93300000 2858.64000 296.49000 40.23200 258.47700
 7 5 21 06 16 46572.30000 114.21700000 2855.20000 296.34000 40.23200 258.47700
 7 5 21 06 17 46572.20000 114.15400000 2854.48000 295.80000 40.23200 258.47700
 7 5 21 06 17 46572.30000 114.01000000 2853.00000 295.67000 40.23200 258.47700
 7 5 21 06 18 46555.70000 113.39500000 2853.01000 295.73000 40.23200 258.47700
 7 5 21 06 18 46572.30000 113.81600000 2859.13000 296.54000 40.23200 259.39600
 7 5 21 06 18 46572.30000 114.25000000 2859.46000 296.34000 40.23200 259.93700
 7 5 21 06 19 46600.00000 114.84500000 2859.23000 296.50000 40.23200 259.93700
 7 5 21 06 19 46600.00000 114.37400000 2857.00000 296.56000 40.23200 258.89200
 7 5 21 06 20 46592.50000 114.23300000 2853.89000 296.18000 40.23200 259.67400
 7 5 21 06 20 46592.50000 114.08500000 2854.30000 295.92000 40.23200 259.80500
 7 5 21 06 21 46584.30000 113.95200000 2854.30000 295.96000 40.23200 259.80500
 7 5 21 06 21 46578.00000 114.05200000 2854.96000 296.05000 40.30400 259.80500
 7 5 21 06 21 46572.30000 114.09100000 2853.57000 295.95000 40.30400 259.80500
 7 5 21 06 22 46567.00000 114.12100000 2853.61000 296.29000 39.81300 259.80500
 7 5 21 06 22 46580.30000 114.00000000 2854.40000 296.41000 39.81900 260.91700
 7 5 21 06 23 46628.10000 113.99500000 2857.63000 297.79000 39.81900 261.21400
 7 5 21 06 23 46591.90000 114.45800000 2856.12000 297.76000 39.81900 261.27800
 7 5 21 06 24 46569.30000 114.97600000 2855.23000 297.86000 39.81900 262.00500
 7 5 21 06 24 46566.00000 114.53500000 2854.79000 297.47000 40.24900 261.78100
 7 5 21 06 24 46541.20000 114.61300000 2853.15000 296.69000 40.24900 262.19000
 7 5 21 06 25 46541.20000 114.16200000 2853.15000 296.98000 40.24900 261.48000
 7 5 21 06 25 46548.10000 114.06600000 2853.00000 296.98000 40.24900 261.48000
 7 5 21 06 26 46541.10000 113.70200000 2853.01000 296.98000 40.24900 261.48000
 7 5 21 06 26 46541.20000 113.91600000 2853.01000 296.76000 40.24900 261.48000
 7 5 21 06 27 46541.20000 113.38500000 2853.01000 296.77000 40.24900 261.52000
 7 5 21 06 27 46583.00000 113.09900000 2857.05000 297.36000 40.24900 262.47400
 7 5 21 06 27 46546.10000 113.11400000 2856.91000 296.89000 40.17800 262.47400
 7 5 21 06 28 46569.30000 112.68000000 2858.91000 297.48000 40.17800 262.57000
 7 5 21 06 28 46597.00000 113.31100000 2859.54000 297.91000 40.16200 262.36000
 7 5 21 06 29 46569.50000 113.70800000 2859.54000 298.26000 40.16200 262.45600
 7 5 21 06 29 46541.20000 113.31300000 2857.91000 297.76000 40.16200 262.26000
 7 5 21 06 30 46541.20000 112.28100000 2857.99000 298.13000 40.16200 261.85100
 7 5 21 06 30 46541.10000 113.04100000 2857.91000 297.41000 40.16200 262.18400
 7 5 21 06 30 46535.50000 113.09200000 2855.38000 297.37000 40.16200 261.94000
 7 5 21 06 31 46524.70000 113.00000000 2854.21000 296.93000 40.16200 261.21400
 7 5 21 06 31 46524.70000 113.17000000 2854.52000 296.89000 40.16200 260.80100
 7 5 21 06 32 46522.10000 113.27700000 2855.20000 297.28000 40.16200 260.68800
 7 5 21 06 32 46522.20000 113.99900000 2857.34000 298.38000 40.10700 260.55400
 7 5 21 06 33 46522.20000 114.24900000 2857.44000 298.77000 40.10700 260.55300
 7 5 21 06 33 46523.30000 113.81800000 2860.27000 300.79000 40.10700 260.55300
 7 5 21 06 33 46523.20000 114.50000000 2860.80000 302.13000 40.10700 260.56200
 7 5 21 06 34 46557.00000 114.44100000 2863.73000 302.64000 40.10700 260.56200
 7 5 21 06 34 46550.60000 114.50000000 2864.99000 304.12000 40.10700 260.56200
 7 5 21 06 35 46549.10000 114.60600000 2863.56000 304.52000 40.10700 260.56200
 7 5 21 06 35 46549.10000 114.99900000 2863.95000 304.51000 40.10700 260.56200
