M=[
 5 7 20 11 23 8046.80000 4.99100000 200.70000 36.91000 16.15200 44.95700
 5 7 20 11 23 8046.70000 4.99100000 200.75000 36.91000 16.15200 44.95700
 5 7 20 11 24 8046.80000 4.99100000 200.70000 36.91000 16.15200 44.95700
 5 7 20 11 24 8046.70000 4.99100000 200.75000 36.91000 16.15200 44.95700
 5 7 20 11 25 8046.80000 4.99100000 200.79000 36.91000 16.26600 44.95700
 5 7 20 11 25 8046.80000 4.99100000 200.79000 36.91000 16.26600 44.95700
 5 7 20 11 25 8046.80000 4.99100000 200.79000 36.97000 16.26600 44.95700
 5 7 20 11 26 8046.80000 4.99100000 200.78000 36.97000 16.26600 44.95700
 5 7 20 11 26 8046.80000 4.99100000 200.78000 36.97000 16.26600 44.95700
 5 7 20 11 27 8046.80000 4.99100000 200.79000 36.97000 16.26600 44.95700
 5 7 20 11 27 8046.80000 4.99100000 200.79000 36.97000 16.26600 44.95700
 5 7 20 11 28 8046.90000 4.99100000 200.79000 36.98000 16.26600 44.95700
 5 7 20 11 28 8046.90000 4.99100000 200.76000 36.98000 16.26600 44.95700
 5 7 20 11 29 8046.90000 4.99100000 200.76000 36.98000 16.26600 44.95700
 5 7 20 11 29 8047.00000 4.99100000 200.76000 36.97000 16.26600 44.95700
 5 7 20 11 30 8047.00000 4.99100000 200.76000 36.97000 16.26600 44.95700
 5 7 20 11 30 8047.00000 4.99100000 200.71000 36.97000 16.26600 44.95700
 5 7 20 11 31 8047.00000 4.99100000 200.69000 36.97000 16.26600 44.95700
 5 7 20 11 31 8046.90000 4.99100000 200.69000 36.97000 16.26600 44.95700
 5 7 20 11 32 8046.90000 4.99100000 200.68000 36.97000 16.26600 44.95700
 5 7 20 11 32 8047.00000 4.99100000 200.68000 36.97000 16.26600 44.95700
 5 7 20 11 33 8047.00000 4.99100000 200.68000 36.97000 16.26600 44.95700
 5 7 20 11 33 8047.00000 4.99100000 200.68000 36.97000 16.26600 44.95700
 5 7 20 11 34 8046.90000 4.99100000 200.69000 36.97000 16.26600 44.95700
 5 7 20 11 34 8046.90000 4.99100000 200.69000 36.97000 16.26600 44.95700
 5 7 20 11 35 8046.90000 4.99100000 200.69000 36.97000 16.26600 44.95700
 5 7 20 11 35 8046.80000 4.99100000 200.69000 36.96000 16.26600 44.95700
 5 7 20 11 35 8046.80000 4.99100000 200.69000 36.96000 16.26600 44.95700
 5 7 20 11 36 8046.80000 4.99100000 200.69000 36.96000 16.26600 44.95700
 5 7 20 11 36 8047.00000 4.99100000 200.69000 36.96000 16.26600 44.95700
 5 7 20 11 37 8047.00000 4.99100000 200.69000 36.96000 16.26600 44.95700
 5 7 20 11 37 8046.90000 4.99100000 200.69000 36.96000 16.26600 44.95700
 5 7 20 11 38 8046.90000 4.99100000 200.53000 36.96000 16.26600 44.95700
 5 7 20 11 38 8046.90000 4.99100000 200.53000 36.96000 16.26600 44.95700
 5 7 20 11 39 8046.90000 4.99100000 200.53000 36.96000 16.26600 44.95700
 5 7 20 11 39 8046.80000 4.99100000 200.53000 36.96000 16.26600 44.95700
 5 7 20 11 40 8046.90000 4.99100000 200.53000 36.96000 16.26600 44.95700
 5 7 20 11 40 8046.90000 4.99100000 200.53000 36.96000 16.26600 44.95700
 5 7 20 11 40 8046.90000 4.99100000 200.53000 36.96000 16.26600 44.95700
 5 7 20 11 41 8046.80000 4.99100000 200.54000 36.90000 16.26600 44.95700
 5 7 20 11 41 8046.80000 4.99100000 200.54000 36.90000 16.26600 44.95700
 5 7 20 11 42 8046.80000 4.99100000 200.54000 36.89000 16.26600 44.95700
 5 7 20 11 42 8046.90000 4.99100000 200.53000 36.95000 16.26600 44.95700
 5 7 20 11 43 8046.90000 4.99100000 200.65000 36.95000 16.26600 45.02900
 5 7 20 11 43 8046.90000 4.99100000 200.65000 36.95000 16.26600 45.02900
 5 7 20 11 44 8047.00000 4.99100000 200.65000 36.95000 16.26600 45.02900
 5 7 20 11 44 8047.00000 4.99100000 200.58000 36.89000 16.26600 45.02900
 5 7 20 11 45 8046.90000 4.99100000 200.65000 36.95000 16.26600 45.02900
 5 7 20 11 45 8047.10000 4.99100000 200.66000 36.89000 16.26600 45.02900
 5 7 20 11 45 8047.10000 4.99100000 200.66000 36.95000 16.26600 45.02900
 5 7 20 11 46 8047.00000 4.99100000 200.66000 36.95000 16.26600 45.02900
 5 7 20 11 46 8047.20000 4.99100000 200.61000 36.95000 16.26600 45.02900
 5 7 20 11 47 8047.10000 4.99100000 200.56000 36.95000 16.26600 45.02900
 5 7 20 11 47 8047.10000 4.99100000 200.56000 36.95000 16.26600 45.02900
 5 7 20 11 48 8047.20000 4.99100000 200.57000 36.93000 16.26600 45.02900
 5 7 20 11 48 8047.10000 4.99100000 200.59000 36.93000 16.26600 45.02900
 5 7 20 11 49 8047.20000 4.99100000 200.59000 36.93000 16.26600 45.02900
 5 7 20 11 49 8047.20000 4.99100000 200.59000 36.93000 16.26600 45.02900
 5 7 20 11 50 8047.20000 4.99100000 200.55000 36.93000 16.26600 45.02900
 5 7 20 11 50 8047.20000 4.99100000 200.55000 36.93000 16.26600 45.02900
 5 7 20 11 51 8047.20000 4.99100000 200.56000 36.93000 16.26600 45.02900
 5 7 20 11 51 8048.20000 4.99100000 200.56000 36.93000 16.26600 45.02900
 5 7 20 11 52 8048.20000 4.99100000 200.56000 36.93000 16.26600 45.02900
 5 7 20 11 52 8048.20000 4.99100000 200.56000 36.93000 16.26600 45.02900
 5 7 20 11 53 8048.20000 4.99100000 200.57000 36.93000 16.26600 45.02900
 5 7 20 11 53 8041.50000 4.99100000 200.56000 36.93000 16.26600 45.02900
 5 7 20 11 53 8046.30000 4.99100000 200.57000 36.93000 16.33200 45.04900
 5 7 20 11 54 8045.10000 4.99100000 200.57000 36.93000 16.33200 45.04900
 5 7 20 11 54 8045.10000 4.99100000 200.57000 36.93000 16.33200 45.04900
 5 7 20 11 55 8045.00000 4.99100000 200.57000 36.93000 16.33200 45.02900
 5 7 20 11 55 8045.10000 4.99100000 200.53000 36.93000 16.35500 45.04900
 5 7 20 11 56 8045.10000 4.99100000 200.53000 36.91000 16.35500 45.04900
 5 7 20 11 56 8045.10000 4.99100000 200.53000 36.91000 16.35500 45.04900
 5 7 20 11 57 8045.10000 4.99100000 200.53000 36.91000 16.35500 45.04900
 5 7 20 11 57 8045.10000 4.99100000 200.53000 36.91000 16.35500 45.04900
 5 7 20 11 58 8043.80000 4.99100000 200.53000 36.91000 16.35500 45.04900
 5 7 20 11 58 8042.50000 4.99100000 200.53000 36.91000 16.35500 45.04900
 5 7 20 11 59 8043.80000 4.99100000 200.53000 36.91000 16.35500 45.04900
 5 7 20 11 59 8043.80000 4.99100000 200.53000 36.91000 16.35500 45.04900
 5 7 20 11 59 8041.90000 4.99100000 200.53000 36.91000 16.35500 45.04900
 5 7 20 12 00 8045.10000 4.99100000 200.52000 36.91000 16.35500 45.02900
 5 7 20 12 00 8044.70000 4.99100000 200.44000 36.91000 16.35500 45.04900
 5 7 20 12 01 8043.90000 4.99100000 200.44000 36.91000 16.35500 45.02900
 5 7 20 12 01 8043.90000 4.99100000 200.39000 36.91000 16.35500 45.04900
 5 7 20 12 02 8043.90000 4.99100000 200.38000 36.91000 16.35500 45.04900
 5 7 20 12 02 8042.70000 4.99100000 200.39000 36.91000 16.35500 45.04900
 5 7 20 12 03 8041.60000 4.99100000 200.39000 36.91000 16.35500 45.04900
 5 7 20 12 03 8040.50000 4.98100000 200.38000 36.91000 16.35500 45.04900
 5 7 20 12 04 8040.00000 4.98100000 200.39000 36.91000 16.35500 45.04900
 5 7 20 12 04 8037.80000 4.98100000 200.09000 36.91000 16.35500 45.04900
 5 7 20 12 05 8036.70000 4.98100000 200.05000 36.91000 16.35500 45.02900
 5 7 20 12 05 8037.80000 4.98100000 200.28000 36.91000 16.35500 45.02900
 5 7 20 12 06 8037.60000 4.98100000 200.21000 36.91000 16.35500 45.04900
 5 7 20 12 06 8037.70000 4.98100000 200.21000 36.91000 16.35500 45.04900
 5 7 20 12 07 8036.60000 4.98100000 200.20000 36.91000 16.35500 45.04900
 5 7 20 12 07 8036.10000 4.98100000 200.08000 36.89000 16.35500 45.04900
 5 7 20 12 08 8036.10000 4.98100000 200.07000 36.89000 16.35500 45.04900
 5 7 20 12 08 8036.10000 4.98100000 200.06000 36.89000 16.35500 45.02900
 5 7 20 12 09 8036.00000 4.98100000 200.06000 36.89000 16.35500 45.04900
 5 7 20 12 09 8036.10000 4.98100000 200.06000 36.89000 16.35500 45.04900
 5 7 20 12 10 8036.00000 4.98100000 200.06000 36.89000 16.35500 45.02000
 5 7 20 12 10 8035.90000 4.98100000 200.06000 36.89000 16.35500 45.02000
 5 7 20 12 11 8032.10000 4.98100000 199.82000 36.78000 16.29400 45.02000
 5 7 20 12 12 8036.00000 4.98100000 199.82000 36.78000 16.29400 45.02000
 5 7 20 12 12 8036.00000 4.98100000 199.82000 36.78000 16.29400 45.02000
 5 7 20 12 13 8035.00000 4.98100000 199.82000 36.78000 16.29400 45.02000
 5 7 20 12 13 8035.20000 4.98100000 200.05000 36.85000 16.29400 45.02000
 5 7 20 12 13 8037.10000 4.98100000 200.06000 36.85000 16.29400 45.02000
 5 7 20 12 14 8036.60000 4.98100000 200.10000 36.85000 16.29400 45.04900
