M=[
11 12 20 15 42 14898.90000 4.91900000 455.91000 60.11000 13.88300 53.68900
11 12 20 15 42 14899.00000 4.91900000 455.74000 60.11000 13.88300 53.68900
11 12 20 15 43 14899.00000 4.91900000 455.83000 60.12000 13.88300 53.68900
11 12 20 15 43 14910.70000 4.91900000 455.83000 60.12000 13.96500 53.68900
11 12 20 15 44 14910.70000 4.91900000 456.61000 60.12000 13.96500 53.68900
11 12 20 15 44 14902.00000 4.91900000 456.51000 60.12000 13.96500 53.68900
11 12 20 15 45 14902.10000 4.91900000 456.51000 60.08000 13.96500 53.60600
11 12 20 15 45 14902.10000 4.91900000 455.99000 60.12000 13.96500 53.60600
11 12 20 15 45 14910.70000 4.91900000 455.98000 60.12000 13.96500 53.60600
11 12 20 15 46 14909.30000 4.91900000 455.99000 60.12000 13.96500 53.60600
11 12 20 15 46 14917.40000 4.91900000 455.99000 60.12000 13.89100 53.60600
11 12 20 15 47 14921.60000 4.91900000 456.97000 60.12000 13.89100 53.60600
11 12 20 15 47 14930.20000 4.91900000 457.58000 60.13000 13.89100 53.60600
11 12 20 15 48 14929.00000 4.91900000 457.42000 60.13000 13.89100 53.60600
11 12 20 15 48 14934.30000 4.91800000 457.61000 60.13000 13.89100 53.60600
11 12 20 15 48 14935.50000 4.91800000 457.66000 60.13000 13.89100 53.60600
11 12 20 15 49 14934.40000 4.91800000 457.31000 60.13000 13.89100 53.60600
11 12 20 15 49 14934.50000 4.91800000 457.48000 60.13000 13.88800 53.60600
11 12 20 15 50 14934.60000 4.91800000 457.32000 60.13000 13.88800 53.60600
11 12 20 15 50 14934.40000 4.91800000 457.32000 60.16000 13.88800 53.60600
11 12 20 15 51 14934.50000 4.91800000 457.32000 60.16000 13.88800 53.60600
11 12 20 15 51 14934.50000 4.91800000 457.32000 60.16000 13.88800 53.60600
11 12 20 15 51 14934.40000 4.91800000 457.24000 60.16000 13.88800 53.60600
11 12 20 15 52 14934.50000 4.91800000 457.04000 60.15000 13.88800 53.65000
11 12 20 15 52 14934.40000 4.91800000 457.04000 60.15000 13.88800 53.65000
11 12 20 15 53 14934.50000 4.91800000 457.04000 60.15000 13.88800 53.65000
11 12 20 15 53 14937.90000 4.91800000 457.03000 60.15000 13.88800 53.65000
11 12 20 15 54 14937.90000 4.91800000 457.04000 60.15000 13.88800 53.65000
11 12 20 15 54 14942.80000 4.91800000 457.04000 60.25000 13.88800 53.56200
11 12 20 15 54 14942.70000 4.91800000 457.04000 60.22000 13.88800 53.39000
11 12 20 15 55 14944.00000 4.91800000 456.97000 60.22000 13.88800 53.37000
11 12 20 15 55 14946.80000 4.91800000 457.03000 60.22000 13.88800 53.37000
11 12 20 15 56 14955.80000 4.91800000 457.04000 60.22000 13.88800 53.37000
11 12 20 15 56 14959.60000 4.91800000 457.04000 60.22000 13.88800 53.37000
11 12 20 15 57 14961.40000 4.91800000 457.75000 60.22000 13.88800 53.37000
11 12 20 15 57 14963.60000 4.91800000 457.80000 60.22000 13.88800 53.37000
11 12 20 15 57 14965.80000 4.91800000 457.79000 60.30000 13.88800 53.37000
11 12 20 15 58 14962.30000 4.91800000 458.04000 60.27000 13.88800 53.37000
11 12 20 15 58 14966.80000 4.91800000 458.19000 60.28000 13.88800 53.37000
11 12 20 15 59 14984.80000 4.91800000 458.56000 60.28000 13.88800 53.37000
11 12 20 15 59 14976.40000 4.91800000 458.17000 60.28000 13.88800 53.58000
11 12 20 16 00 14976.50000 4.91800000 458.42000 60.28000 13.88800 53.58000
11 12 20 16 00 14976.90000 4.91800000 458.36000 60.28000 13.88800 53.47300
11 12 20 16 00 14970.00000 4.91800000 458.00000 60.22000 13.88800 53.21000
11 12 20 16 01 14964.80000 4.91800000 458.00000 60.22000 13.82500 53.24900
11 12 20 16 01 14949.70000 4.91800000 457.31000 60.12000 13.82500 53.24900
11 12 20 16 02 14938.00000 4.91800000 456.98000 60.04000 13.82500 53.24900
11 12 20 16 02 14939.80000 4.91800000 456.97000 60.01000 13.82500 53.11000
11 12 20 16 03 14935.40000 4.91800000 456.65000 60.00000 13.82500 53.11000
11 12 20 16 03 14935.30000 4.91800000 456.61000 60.00000 13.82500 53.11000
11 12 20 16 03 14935.40000 4.91800000 456.60000 59.85000 13.82500 53.10300
11 12 20 16 04 14950.60000 4.91800000 456.79000 59.86000 13.82500 53.28000
11 12 20 16 04 14947.10000 4.91800000 456.99000 59.86000 13.82500 53.28000
11 12 20 16 05 14945.00000 4.91800000 456.76000 59.86000 13.82500 53.28000
11 12 20 16 05 14945.00000 4.91800000 456.71000 59.86000 13.82500 53.11000
11 12 20 16 06 14949.90000 4.91800000 456.79000 59.86000 13.82500 53.11000
11 12 20 16 06 14945.40000 4.91800000 457.02000 59.86000 13.82500 53.11000
11 12 20 16 06 14946.60000 4.91800000 456.88000 59.86000 13.82500 53.11000
11 12 20 16 07 14945.80000 4.91800000 456.88000 59.86000 13.82500 53.11000
11 12 20 16 07 14945.80000 4.91800000 456.71000 59.86000 13.82500 53.15000
11 12 20 16 08 14945.80000 4.91800000 456.49000 59.82000 13.82500 53.15000
11 12 20 16 08 14945.10000 4.91800000 456.60000 59.82000 13.82500 53.15000
11 12 20 16 09 14945.10000 4.91800000 456.60000 59.82000 13.82500 53.15000
11 12 20 16 09 14940.00000 4.91800000 456.28000 59.82000 13.82500 53.15000
11 12 20 16 09 14940.20000 4.91800000 456.52000 59.82000 13.82500 53.15000
11 12 20 16 10 14940.20000 4.91800000 456.68000 59.82000 13.82500 53.15000
11 12 20 16 10 14940.10000 4.91800000 456.57000 59.82000 13.82500 53.17100
11 12 20 16 11 14940.00000 4.91800000 456.09000 59.82000 13.82500 53.17100
11 12 20 16 11 14935.50000 4.91800000 455.63000 59.80000 13.82500 53.17100
11 12 20 16 12 14935.50000 4.91800000 455.74000 59.71000 13.82500 53.17100
11 12 20 16 12 14926.60000 4.91800000 455.99000 59.71000 13.82500 53.17100
11 12 20 16 12 14930.40000 4.91800000 456.16000 59.71000 13.82500 53.17100
11 12 20 16 13 14926.90000 4.91800000 455.80000 59.71000 13.82500 53.17100
11 12 20 16 13 14929.00000 4.91800000 455.71000 59.71000 13.82500 53.17100
11 12 20 16 14 14927.70000 4.91800000 455.77000 59.71000 13.82500 53.17100
11 12 20 16 14 14926.80000 4.91800000 455.76000 59.71000 13.82500 53.17100
11 12 20 16 15 14926.80000 4.91800000 455.63000 59.76000 13.82500 53.17100
11 12 20 16 15 14926.60000 4.91800000 456.13000 59.71000 13.82500 53.17100
11 12 20 16 15 14926.70000 4.91800000 455.93000 59.71000 13.82500 53.17100
11 12 20 16 16 14926.60000 4.91800000 455.62000 59.71000 13.82500 53.17100
11 12 20 16 16 14926.10000 4.91800000 455.61000 59.71000 13.82500 53.17100
11 12 20 16 17 14926.20000 4.91800000 455.81000 59.71000 13.82500 53.17100
11 12 20 16 17 14926.20000 4.91800000 455.81000 59.71000 13.82500 53.17100
11 12 20 16 18 14926.20000 4.91800000 456.10000 59.71000 13.82500 53.17100
11 12 20 16 18 14923.80000 4.91800000 456.14000 59.71000 13.82500 53.17100
11 12 20 16 18 14921.10000 4.91800000 456.04000 59.71000 13.82500 53.17100
11 12 20 16 19 14917.10000 4.91800000 455.72000 59.89000 13.96700 53.17100
11 12 20 16 19 14915.10000 4.91800000 455.51000 59.91000 13.96700 53.17100
11 12 20 16 20 14916.80000 4.91800000 455.51000 59.90000 13.96700 53.17100
11 12 20 16 20 14922.10000 4.91800000 455.72000 59.90000 13.96700 53.17100
11 12 20 16 21 14925.00000 4.91800000 456.00000 59.90000 13.96700 53.17100
11 12 20 16 21 14925.00000 4.91800000 456.00000 59.93000 13.96700 53.17100
11 12 20 16 21 14925.00000 4.91800000 455.82000 59.93000 13.96700 53.17100
11 12 20 16 22 14924.90000 4.91800000 455.90000 59.93000 13.96700 53.17100
11 12 20 16 22 14922.20000 4.91800000 455.83000 59.93000 13.96700 53.17100
11 12 20 16 23 14920.00000 4.91800000 455.79000 59.93000 13.96700 53.17100
11 12 20 16 23 14919.90000 4.91800000 455.85000 59.93000 13.96700 53.17100
11 12 20 16 24 14919.90000 4.91800000 455.79000 59.93000 13.96700 53.17100
11 12 20 16 24 14920.00000 4.91800000 455.22000 59.74000 13.96700 53.17100
11 12 20 16 24 14919.90000 4.91800000 455.01000 59.74000 13.96700 53.17100
11 12 20 16 25 14902.10000 4.91800000 455.01000 59.74000 13.96700 53.17100
11 12 20 16 25 14900.00000 4.91800000 455.00000 59.71000 13.96700 53.17100
11 12 20 16 26 14904.00000 4.90300000 455.01000 59.71000 13.96700 53.17100
11 12 20 16 26 14904.10000 4.87600000 455.00000 59.71000 13.96700 53.17100
11 12 20 16 27 14889.10000 4.87600000 455.00000 59.72000 13.96700 53.17100
11 12 20 16 27 14880.10000 4.87600000 453.89000 59.72000 13.96700 53.17100
