M=[
21 6 21 09 33 27878.50000 38.11200000 1691.71000 116.56000 17.05500 96.02900
21 6 21 09 33 27919.30000 38.11200000 1695.73000 116.86000 17.05500 96.02900
21 6 21 09 34 27818.20000 38.14200000 1688.81000 116.45000 17.05500 96.25300
21 6 21 09 34 27925.10000 38.14200000 1697.07000 116.96000 17.05500 96.25300
21 6 21 09 34 27895.10000 38.14200000 1695.92000 116.97000 17.05500 96.25300
21 6 21 09 35 27933.60000 38.17600000 1694.58000 116.92000 17.05500 96.25300
21 6 21 09 35 27999.90000 38.17600000 1698.30000 116.92000 17.05500 96.48900
21 6 21 09 36 27983.00000 38.20900000 1697.43000 116.99000 17.05500 96.48900
21 6 21 09 36 27879.90000 38.20900000 1694.54000 116.92000 17.05500 96.48900
21 6 21 09 37 27901.90000 38.14700000 1689.42000 116.58000 17.05500 96.48900
21 6 21 09 37 27884.40000 38.14700000 1691.78000 116.82000 17.05500 96.48900
21 6 21 09 37 27899.60000 38.04100000 1692.21000 116.77000 17.05500 96.48900
21 6 21 09 38 27810.00000 37.91300000 1683.60000 116.33000 17.05500 96.48900
21 6 21 09 38 27745.00000 37.90000000 1684.66000 115.98000 17.08700 96.48900
21 6 21 09 39 27770.40000 37.90000000 1684.65000 115.98000 17.08700 96.48900
21 6 21 09 39 27798.50000 37.95600000 1685.22000 116.42000 17.08700 96.15900
21 6 21 09 40 27710.00000 37.84800000 1680.13000 116.15000 17.08700 95.90300
21 6 21 09 40 27853.40000 37.84800000 1687.51000 116.15000 17.08700 95.89600
21 6 21 09 40 27840.40000 37.84800000 1686.50000 116.37000 17.08700 95.89600
21 6 21 09 41 27908.50000 37.99000000 1693.33000 116.37000 17.08700 95.89600
21 6 21 09 41 27916.80000 37.99000000 1689.78000 116.39000 17.08700 95.89600
21 6 21 09 42 27938.80000 37.99900000 1692.77000 116.39000 17.08700 95.89600
21 6 21 09 42 27946.30000 37.99900000 1691.30000 116.39000 17.08700 95.89600
21 6 21 09 43 27940.90000 37.99900000 1691.88000 116.62000 17.08700 95.89600
21 6 21 09 43 27910.90000 37.99900000 1687.87000 116.62000 17.08700 95.89600
21 6 21 09 43 27929.60000 37.99900000 1692.04000 116.62000 17.08700 95.89600
21 6 21 09 44 27891.70000 37.99900000 1691.05000 116.62000 17.08700 95.89600
21 6 21 09 44 27946.10000 37.99900000 1695.51000 116.98000 17.08700 95.89600
21 6 21 09 45 27942.90000 38.08000000 1696.00000 117.01000 17.08700 95.89600
21 6 21 09 45 27922.80000 38.08000000 1692.88000 117.02000 17.15500 96.59400
21 6 21 09 46 27968.30000 38.08000000 1695.99000 117.02000 17.15500 96.59400
21 6 21 09 46 27973.80000 38.08000000 1696.00000 117.25000 17.15500 96.59400
21 6 21 09 46 27995.30000 38.08000000 1695.31000 117.33000 17.15500 96.59400
21 6 21 09 47 27936.80000 38.08000000 1691.69000 117.33000 17.15500 96.59400
21 6 21 09 47 27901.20000 38.08000000 1690.55000 116.79000 17.15500 96.59400
21 6 21 09 48 27858.90000 38.08000000 1689.99000 116.89000 17.15500 96.59400
21 6 21 09 48 27913.50000 38.08000000 1695.58000 117.09000 17.15500 96.59400
21 6 21 09 49 27904.20000 38.17200000 1693.10000 117.03000 17.15500 96.87000
21 6 21 09 49 27908.10000 38.17200000 1692.10000 117.03000 17.15500 96.87000
21 6 21 09 49 27945.00000 38.17200000 1692.10000 116.94000 17.15500 96.93000
21 6 21 09 50 27980.60000 38.17200000 1695.88000 116.94000 17.15500 96.93000
21 6 21 09 50 27936.00000 38.17200000 1694.70000 116.94000 17.15500 96.94200
21 6 21 09 51 27996.00000 38.17200000 1695.88000 117.21000 17.15500 96.94200
21 6 21 09 51 28008.60000 38.25400000 1697.26000 117.15000 17.15500 96.94200
21 6 21 09 52 28019.50000 38.25400000 1699.31000 117.15000 17.15500 97.03900
21 6 21 09 52 28026.00000 38.25400000 1702.71000 117.29000 17.15500 97.03400
21 6 21 09 52 28036.90000 38.25400000 1701.29000 117.33000 17.12800 97.03400
21 6 21 09 53 28043.30000 38.25400000 1698.81000 117.47000 17.12800 96.91200
21 6 21 09 53 28020.60000 38.25400000 1699.84000 117.31000 17.12800 96.91200
21 6 21 09 54 28014.30000 38.25400000 1695.38000 117.30000 17.12800 96.91200
21 6 21 09 54 27976.00000 38.25400000 1694.90000 117.30000 17.12800 96.91200
21 6 21 09 55 28016.70000 38.25400000 1694.29000 117.30000 17.12800 96.91200
21 6 21 09 55 27978.80000 38.25400000 1691.38000 117.10000 17.12800 96.67200
21 6 21 09 55 27965.50000 38.25400000 1691.41000 117.00000 17.12800 96.67200
21 6 21 09 56 27947.70000 38.25400000 1693.12000 117.03000 17.12800 96.79900
21 6 21 09 56 27935.20000 38.25400000 1691.39000 117.03000 17.12800 96.79900
21 6 21 09 57 27964.20000 38.25400000 1693.79000 117.03000 17.12800 96.79900
21 6 21 09 57 27903.40000 38.25400000 1691.20000 117.03000 17.12800 96.79000
21 6 21 09 58 27953.80000 38.26300000 1693.79000 117.03000 17.12800 96.79000
21 6 21 09 58 27937.50000 38.26300000 1692.00000 117.03000 17.12800 96.79000
21 6 21 09 58 27927.10000 38.26300000 1691.39000 116.67000 17.12800 96.79000
21 6 21 09 59 27940.10000 38.26300000 1692.52000 116.78000 17.12800 96.79000
21 6 21 09 59 27940.10000 38.26300000 1690.74000 116.78000 17.12800 96.79000
21 6 21 10 00 27909.90000 38.26300000 1688.20000 116.78000 17.12800 96.44900
21 6 21 10 00 27921.80000 38.26300000 1688.32000 116.79000 17.12800 96.43100
21 6 21 10 01 27912.30000 38.18200000 1688.88000 116.79000 17.12800 96.43100
21 6 21 10 01 27881.60000 38.18200000 1686.50000 116.59000 17.12800 96.43100
21 6 21 10 01 27785.20000 38.18200000 1684.25000 116.35000 17.12800 96.43100
21 6 21 10 02 27850.90000 38.04800000 1686.72000 116.54000 17.12800 96.43100
21 6 21 10 02 27931.10000 38.17100000 1691.90000 116.54000 17.12800 96.43100
21 6 21 10 03 27903.80000 38.17100000 1689.37000 116.72000 17.16700 96.43100
21 6 21 10 03 27944.20000 38.17100000 1692.41000 116.72000 17.16700 96.43100
21 6 21 10 04 27926.00000 38.17100000 1691.36000 116.72000 17.16700 96.43100
21 6 21 10 04 27964.70000 38.17100000 1692.45000 116.75000 17.16700 96.43100
21 6 21 10 04 27926.10000 38.17100000 1690.00000 116.75000 17.16700 96.43100
21 6 21 10 05 27914.40000 38.17100000 1687.46000 116.57000 17.16700 96.43100
21 6 21 10 05 27942.70000 38.17100000 1688.59000 116.46000 17.16700 96.43100
21 6 21 10 06 27948.80000 38.14400000 1689.90000 116.46000 17.16700 96.43100
21 6 21 10 06 27952.80000 38.14400000 1692.10000 116.46000 17.16700 96.43100
21 6 21 10 07 27962.20000 38.14400000 1691.91000 116.67000 17.16700 96.43100
21 6 21 10 07 27852.00000 38.14400000 1684.60000 116.54000 17.16700 96.21700
21 6 21 10 07 27833.10000 38.06700000 1681.71000 116.20000 17.12600 96.21700
21 6 21 10 08 27741.10000 37.90600000 1675.34000 116.00000 17.12600 95.63800
21 6 21 10 08 27674.70000 37.84000000 1671.82000 115.64000 17.12600 95.63800
21 6 21 10 09 27652.00000 37.83700000 1672.35000 115.59000 17.12500 95.63800
21 6 21 10 09 27638.20000 37.83700000 1670.99000 115.59000 17.12500 95.63800
21 6 21 10 10 27626.60000 37.83700000 1669.45000 115.58000 17.12500 95.77900
21 6 21 10 10 27586.80000 37.83700000 1669.10000 115.52000 17.12500 95.77900
21 6 21 10 10 27635.90000 37.83700000 1675.00000 115.36000 17.12500 95.77900
21 6 21 10 11 27869.30000 37.80000000 1689.73000 116.09000 17.12500 95.77900
21 6 21 10 11 27906.30000 37.82600000 1688.63000 116.06000 17.12500 95.77900
21 6 21 10 12 27824.90000 37.82600000 1681.53000 116.06000 17.12500 95.77900
21 6 21 10 12 27762.30000 37.78200000 1679.65000 115.91000 17.12500 95.77900
21 6 21 10 13 27737.20000 37.78200000 1678.10000 115.91000 17.12500 95.77900
21 6 21 10 13 27715.50000 37.78200000 1673.01000 115.55000 17.12500 95.77900
21 6 21 10 13 27726.00000 37.78200000 1674.08000 115.47000 17.12500 95.48800
21 6 21 10 14 27706.10000 37.78200000 1673.73000 115.45000 17.12500 95.48800
21 6 21 10 14 27696.60000 37.57100000 1674.55000 115.45000 17.12500 95.48800
21 6 21 10 15 27653.60000 37.57100000 1672.32000 115.34000 17.12500 95.48800
21 6 21 10 15 27643.60000 37.57100000 1674.35000 115.34000 17.12500 95.48800
21 6 21 10 16 27666.20000 37.56700000 1676.32000 115.34000 17.12500 95.48800
21 6 21 10 16 27644.30000 37.56700000 1674.06000 115.64000 17.12500 95.62300
21 6 21 10 16 27667.00000 37.56700000 1674.92000 115.51000 17.12500 95.62300
