M=[
 3 2 21 07 53 30247.10000 6.49100000 1286.73000 126.53000 16.78300 79.60000
 3 2 21 07 54 30245.00000 6.48800000 1286.18000 126.51000 16.78300 79.47000
 3 2 21 07 54 30214.50000 6.48800000 1286.47000 126.28000 16.78300 79.47000
 3 2 21 07 55 30212.10000 6.48800000 1284.30000 126.41000 16.78300 79.47000
 3 2 21 07 55 30210.00000 6.47300000 1284.99000 126.34000 16.78300 79.47000
 3 2 21 07 55 30190.70000 6.47300000 1285.99000 126.40000 16.78300 79.47000
 3 2 21 07 56 30151.30000 6.47300000 1284.91000 126.43000 16.78300 79.41500
 3 2 21 07 56 30150.10000 6.47300000 1284.75000 126.36000 16.78300 79.41500
 3 2 21 07 57 30161.40000 6.47300000 1284.53000 126.39000 16.78300 79.24800
 3 2 21 07 57 30153.20000 6.46400000 1284.82000 126.28000 16.78300 79.24800
 3 2 21 07 58 30154.90000 6.46400000 1284.45000 126.29000 16.78300 79.24800
 3 2 21 07 58 30160.00000 6.46400000 1285.00000 126.32000 16.78300 79.24800
 3 2 21 07 58 30160.00000 6.46400000 1285.90000 126.36000 16.78300 79.24800
 3 2 21 07 59 30186.10000 6.46400000 1285.99000 126.38000 16.78300 79.24800
 3 2 21 07 59 30182.60000 6.46400000 1286.00000 126.44000 16.78300 79.24800
 3 2 21 08 00 30169.10000 6.45400000 1287.44000 126.64000 16.78300 79.13500
 3 2 21 08 00 30136.60000 6.45400000 1287.50000 126.50000 16.78300 79.13500
 3 2 21 08 01 30072.00000 6.45400000 1284.69000 125.91000 16.78300 79.13500
 3 2 21 08 01 30033.40000 6.43600000 1283.99000 126.14000 16.78300 79.13500
 3 2 21 08 01 30011.00000 6.43600000 1281.63000 126.03000 16.78300 79.13500
 3 2 21 08 02 30019.70000 6.44100000 1283.78000 125.82000 16.78300 79.13500
 3 2 21 08 02 30046.00000 6.44000000 1283.55000 125.95000 16.78300 79.13500
 3 2 21 08 03 30032.80000 6.43700000 1283.85000 126.00000 16.78300 79.13500
 3 2 21 08 03 30045.80000 6.41600000 1282.99000 125.85000 16.78300 79.13500
 3 2 21 08 04 30044.00000 6.41600000 1282.61000 125.82000 16.78300 79.13500
 3 2 21 08 04 30040.00000 6.41600000 1281.42000 125.56000 16.78300 79.10900
 3 2 21 08 04 30018.00000 6.41600000 1279.13000 125.40000 16.78300 79.10900
 3 2 21 08 05 30028.40000 6.41600000 1274.84000 125.23000 16.78200 79.10900
 3 2 21 08 05 30011.00000 6.41600000 1273.94000 125.08000 16.78200 79.10900
 3 2 21 08 06 30005.00000 6.42600000 1272.67000 125.11000 16.78200 78.77500
 3 2 21 08 06 29927.50000 6.40500000 1268.00000 124.78000 16.78200 78.77500
 3 2 21 08 07 29919.90000 6.40500000 1269.01000 124.64000 16.78200 78.72500
 3 2 21 08 07 29912.00000 6.40500000 1270.66000 124.37000 16.78200 78.50200
 3 2 21 08 07 29910.00000 6.39700000 1270.19000 124.36000 16.78200 78.50200
 3 2 21 08 08 29944.30000 6.39700000 1273.03000 124.49000 16.78200 78.49500
 3 2 21 08 08 29950.00000 6.39700000 1273.22000 124.98000 16.78200 78.49500
 3 2 21 08 09 29950.00000 6.39700000 1273.40000 124.96000 16.78200 78.49500
 3 2 21 08 09 29958.80000 6.40500000 1274.47000 124.98000 16.78200 78.49500
 3 2 21 08 10 29990.00000 6.40500000 1273.41000 125.31000 16.78200 78.49500
 3 2 21 08 10 29948.10000 6.41400000 1270.00000 125.21000 16.78200 78.49500
 3 2 21 08 10 29932.50000 6.41400000 1269.42000 124.90000 16.78200 78.49500
 3 2 21 08 11 29929.70000 6.41400000 1269.73000 124.83000 16.78200 78.61900
 3 2 21 08 11 29910.10000 6.39600000 1263.44000 124.58000 16.78200 78.61900
 3 2 21 08 12 29899.90000 6.40000000 1264.80000 124.33000 16.78200 78.61900
 3 2 21 08 12 29888.60000 6.40000000 1265.82000 124.33000 16.78200 78.25800
 3 2 21 08 13 29896.70000 6.40000000 1265.51000 124.48000 16.78200 78.25800
 3 2 21 08 13 29887.10000 6.40000000 1265.51000 124.50000 16.78200 78.23100
 3 2 21 08 13 29872.30000 6.40000000 1263.98000 124.44000 16.78200 78.29200
 3 2 21 08 14 29864.30000 6.40000000 1260.80000 124.33000 16.78200 78.29200
 3 2 21 08 14 29832.00000 6.40000000 1259.18000 124.12000 16.78200 78.29200
 3 2 21 08 15 29872.20000 6.40000000 1261.23000 124.13000 16.78200 78.29200
 3 2 21 08 15 29899.80000 6.40000000 1264.84000 124.09000 16.77700 78.29200
 3 2 21 08 16 29909.40000 6.40000000 1266.21000 124.34000 16.83700 78.29200
 3 2 21 08 16 29860.80000 6.39100000 1265.33000 124.00000 16.83700 78.18800
 3 2 21 08 16 29897.10000 6.39100000 1267.74000 124.11000 16.83700 78.18800
 3 2 21 08 17 29900.00000 6.39100000 1267.96000 124.24000 16.83700 78.18800
 3 2 21 08 17 29928.00000 6.39100000 1269.52000 124.51000 16.83700 78.13200
 3 2 21 08 18 29944.20000 6.39100000 1270.18000 124.50000 16.83700 78.24400
 3 2 21 08 18 29940.20000 6.40300000 1269.74000 124.59000 16.83700 78.24400
 3 2 21 08 19 29968.00000 6.40300000 1270.00000 124.80000 16.83700 78.37000
 3 2 21 08 19 29943.20000 6.40300000 1267.95000 124.75000 16.83700 78.37000
 3 2 21 08 19 29925.00000 6.40300000 1269.24000 124.81000 16.83700 78.37000
 3 2 21 08 20 29925.00000 6.40300000 1269.01000 124.57000 16.83700 78.37000
 3 2 21 08 20 29906.30000 6.40300000 1267.32000 124.62000 16.83700 78.37000
 3 2 21 08 21 29921.00000 6.40000000 1269.87000 124.63000 16.83700 78.37000
 3 2 21 08 21 29927.30000 6.40000000 1269.98000 124.54000 16.83700 78.37000
 3 2 21 08 22 29943.00000 6.41000000 1270.72000 124.54000 16.83700 78.77300
 3 2 21 08 22 29942.70000 6.41000000 1271.65000 124.74000 16.83700 78.77300
 3 2 21 08 22 29960.90000 6.41000000 1270.00000 124.79000 16.83700 78.77300
 3 2 21 08 23 29944.30000 6.41000000 1269.58000 124.62000 16.83700 78.59400
 3 2 21 08 23 29950.10000 6.41000000 1270.00000 124.62000 16.83700 78.68600
 3 2 21 08 24 29973.00000 6.41000000 1271.66000 124.81000 16.83700 78.68400
 3 2 21 08 24 29960.90000 6.41000000 1270.34000 124.83000 16.83700 78.62200
 3 2 21 08 25 29973.00000 6.41000000 1271.20000 124.87000 16.83700 78.62200
 3 2 21 08 25 29927.30000 6.41000000 1270.14000 124.89000 16.83700 78.67700
 3 2 21 08 25 29910.40000 6.41000000 1268.60000 124.84000 16.84800 78.60600
 3 2 21 08 26 29949.10000 6.41000000 1270.68000 124.84000 16.75100 78.63300
 3 2 21 08 26 29951.50000 6.41000000 1270.00000 124.88000 16.75100 78.49100
 3 2 21 08 27 29941.20000 6.41000000 1269.49000 124.94000 16.75100 78.49100
 3 2 21 08 27 29941.70000 6.41000000 1269.42000 125.00000 16.75100 78.49100
 3 2 21 08 28 29943.00000 6.40300000 1270.91000 125.00000 16.75100 78.59200
 3 2 21 08 28 29956.70000 6.40300000 1270.65000 125.10000 16.75100 78.59200
 3 2 21 08 28 29951.20000 6.40300000 1270.83000 125.10000 16.75100 78.59200
 3 2 21 08 29 29955.00000 6.40300000 1270.41000 125.09000 16.75100 78.59200
 3 2 21 08 29 29950.10000 6.40300000 1270.01000 125.08000 16.75100 78.59200
 3 2 21 08 30 29950.10000 6.41000000 1270.37000 124.96000 16.75500 78.59200
 3 2 21 08 30 29950.00000 6.42100000 1270.01000 124.96000 16.75500 78.59200
 3 2 21 08 31 29940.10000 6.42100000 1270.01000 124.91000 16.75500 78.47000
 3 2 21 08 31 29807.10000 6.40000000 1267.62000 124.66000 16.75500 78.47000
 3 2 21 08 31 29766.80000 6.40000000 1266.02000 124.59000 16.75500 78.47000
 3 2 21 08 32 29768.70000 6.40000000 1266.04000 124.43000 16.75500 78.28800
 3 2 21 08 32 29790.20000 6.40000000 1267.81000 124.39000 16.75500 78.28800
 3 2 21 08 33 29748.60000 6.40000000 1267.15000 124.39000 16.75500 78.28800
 3 2 21 08 33 29729.80000 6.40000000 1265.95000 124.34000 16.75500 78.28800
 3 2 21 08 34 29742.10000 6.38700000 1267.98000 124.01000 16.75500 78.12100
 3 2 21 08 34 29766.90000 6.38700000 1268.56000 124.11000 16.75500 78.13100
 3 2 21 08 34 29790.00000 6.39200000 1270.88000 124.57000 16.75500 78.13100
 3 2 21 08 35 29833.90000 6.39200000 1271.04000 124.54000 16.75500 78.13100
 3 2 21 08 35 29830.50000 6.39200000 1272.00000 124.51000 16.75500 78.13100
 3 2 21 08 36 29850.30000 6.40600000 1271.84000 124.54000 16.75500 78.13100
 3 2 21 08 36 29825.20000 6.40600000 1271.01000 124.34000 16.75500 78.13100
 3 2 21 08 37 29830.50000 6.40600000 1271.06000 124.36000 16.75500 78.13100
 3 2 21 08 37 29864.50000 6.40600000 1272.42000 124.45000 16.75500 78.22800
 3 2 21 08 37 29897.80000 6.40600000 1273.28000 124.61000 16.75500 78.30900
 3 2 21 08 38 29896.80000 6.40600000 1273.32000 124.80000 16.75500 78.40500
