M=[
21 4 20 05 51 6365.80000 4.87400000 160.04000 37.73000 8.86200 39.35200
21 4 20 05 52 6366.40000 4.87400000 160.04000 37.73000 8.86200 39.35200
21 4 20 05 52 6366.30000 4.87400000 159.91000 37.72000 8.86200 39.35200
21 4 20 05 53 6366.30000 4.87400000 159.98000 37.69000 8.86200 39.35200
21 4 20 05 53 6366.20000 4.87400000 160.08000 37.72000 8.86200 39.35200
21 4 20 05 54 6366.30000 4.87400000 160.10000 37.72000 8.86200 39.35200
21 4 20 05 54 6365.60000 4.87400000 160.14000 37.72000 8.86200 39.35200
21 4 20 05 54 6365.60000 4.87400000 160.25000 37.72000 8.86200 39.35200
21 4 20 05 55 6367.70000 4.87400000 160.54000 37.73000 8.86200 39.35200
21 4 20 05 55 6373.10000 4.87400000 160.77000 37.75000 8.86200 39.35200
21 4 20 05 56 6373.00000 4.87400000 160.72000 37.83000 8.86200 39.35200
21 4 20 05 56 6370.80000 4.85400000 160.64000 37.83000 8.86200 39.35200
21 4 20 05 57 6373.10000 4.87400000 160.72000 37.84000 8.86200 39.35200
21 4 20 05 57 6373.10000 4.87400000 160.77000 37.86000 8.86200 39.54900
21 4 20 05 57 6373.10000 4.87400000 160.57000 37.84000 8.86200 39.54900
21 4 20 05 58 6373.10000 4.87400000 160.81000 37.86000 8.86200 39.54900
21 4 20 05 58 6371.80000 4.88500000 160.76000 37.79000 8.86200 39.54900
21 4 20 05 59 6371.70000 4.85400000 160.73000 37.79000 8.86200 39.54900
21 4 20 05 59 6371.70000 4.88200000 160.77000 37.82000 8.86200 39.54900
21 4 20 05 59 6373.00000 4.88200000 160.80000 37.82000 8.86200 39.54900
21 4 20 06 00 6377.50000 4.88200000 161.22000 37.82000 8.86200 39.54900
21 4 20 06 00 6377.50000 4.88200000 161.24000 37.88000 8.86200 39.54900
21 4 20 06 01 6378.60000 4.88200000 161.10000 37.88000 8.86200 39.54900
21 4 20 06 01 6377.70000 4.88200000 161.18000 37.88000 8.86200 39.54900
21 4 20 06 02 6377.70000 4.88200000 161.19000 37.88000 8.86200 39.54900
21 4 20 06 02 6383.90000 4.88200000 161.19000 37.90000 8.86200 39.54900
21 4 20 06 02 6383.90000 4.88200000 161.32000 37.90000 8.86200 39.54900
21 4 20 06 03 6384.10000 4.88200000 161.49000 37.90000 8.86200 39.54900
21 4 20 06 03 6385.60000 4.88200000 161.60000 37.94000 8.86200 39.72300
21 4 20 06 04 6380.40000 4.88200000 161.28000 37.90000 8.86200 39.72300
21 4 20 06 04 6375.80000 4.88200000 161.02000 37.90000 8.86200 39.64300
21 4 20 06 05 6377.60000 4.85400000 161.00000 37.83000 8.86200 39.64300
21 4 20 06 05 6365.60000 4.88200000 160.69000 37.76000 8.86200 39.64300
21 4 20 06 05 6366.90000 4.88200000 160.71000 37.76000 8.86200 39.64300
21 4 20 06 06 6373.00000 4.88200000 160.71000 37.75000 8.86200 39.64300
21 4 20 06 06 6370.80000 4.88200000 160.63000 37.80000 8.86200 39.64300
21 4 20 06 07 6369.50000 4.88200000 160.77000 37.77000 8.86200 39.78000
21 4 20 06 07 6366.60000 4.88200000 160.77000 37.77000 8.86200 39.78000
21 4 20 06 07 6364.90000 4.88200000 160.68000 37.77000 8.86200 39.78000
21 4 20 06 08 6362.70000 4.88200000 160.62000 37.72000 8.86200 39.78000
21 4 20 06 08 6367.00000 4.88200000 160.49000 37.72000 8.86200 39.78000
21 4 20 06 09 6366.90000 4.88200000 160.49000 37.69000 8.86200 39.78000
21 4 20 06 09 6368.70000 4.88200000 160.54000 37.69000 8.86200 39.78000
21 4 20 06 10 6366.60000 4.88200000 160.42000 37.69000 8.86200 39.78000
21 4 20 06 10 6365.10000 4.88200000 160.51000 37.71000 8.86200 39.78000
21 4 20 06 10 6364.70000 4.88200000 160.44000 37.71000 8.86200 39.78000
21 4 20 06 11 6362.00000 4.88500000 160.44000 37.69000 8.86200 39.78000
21 4 20 06 11 6362.00000 4.88200000 160.32000 37.69000 8.86200 39.78000
21 4 20 06 12 6362.10000 4.88200000 160.57000 37.73000 8.86200 39.78000
21 4 20 06 12 6362.10000 4.88200000 160.55000 37.73000 8.86200 39.78000
21 4 20 06 13 6366.10000 4.88200000 160.56000 37.75000 8.86200 39.78000
21 4 20 06 13 6362.10000 4.88200000 160.59000 37.75000 8.86200 39.78000
21 4 20 06 13 6363.60000 4.88200000 160.59000 37.76000 8.86200 39.78000
21 4 20 06 14 6362.10000 4.88200000 160.56000 37.77000 8.86200 39.61600
21 4 20 06 14 6361.40000 4.88200000 160.56000 37.77000 8.86200 39.61600
21 4 20 06 15 6361.40000 4.88200000 160.54000 37.75000 8.86200 39.61600
21 4 20 06 15 6362.20000 4.84900000 160.53000 37.75000 8.86200 39.61600
21 4 20 06 15 6363.40000 4.84900000 160.57000 37.77000 8.86200 39.61600
21 4 20 06 16 6366.60000 4.88200000 160.71000 37.76000 8.86200 39.61600
21 4 20 06 16 6366.60000 4.84900000 160.71000 37.76000 8.86200 39.56100
21 4 20 06 17 6366.60000 4.84900000 160.67000 37.79000 8.86200 39.56100
21 4 20 06 17 6366.60000 4.84900000 160.67000 37.79000 8.86200 39.56100
21 4 20 06 18 6368.30000 4.84900000 160.71000 37.80000 8.86200 39.56100
21 4 20 06 18 6368.30000 4.84900000 160.71000 37.80000 8.86800 39.56100
21 4 20 06 18 6368.20000 4.88200000 160.66000 37.80000 8.86800 39.56100
21 4 20 06 19 6369.80000 4.84900000 160.66000 37.79000 8.86800 39.50200
21 4 20 06 19 6370.70000 4.84900000 160.66000 37.79000 8.86800 39.50200
21 4 20 06 20 6370.70000 4.88200000 160.70000 37.81000 8.86800 39.50200
21 4 20 06 20 6370.80000 4.84900000 160.70000 37.81000 8.86800 39.50200
21 4 20 06 21 6365.20000 4.84900000 160.30000 37.67000 8.86800 39.50200
21 4 20 06 21 6363.10000 4.88500000 160.27000 37.67000 8.86800 39.61600
21 4 20 06 21 6360.30000 4.84900000 160.27000 37.67000 8.86800 39.50200
21 4 20 06 22 6363.10000 4.84900000 160.27000 37.67000 8.86800 39.45200
21 4 20 06 22 6364.40000 4.84900000 160.27000 37.67000 8.86800 39.45200
21 4 20 06 23 6364.40000 4.84900000 160.17000 37.72000 8.86800 39.45200
21 4 20 06 23 6364.40000 4.84900000 160.16000 37.72000 8.86800 39.45200
21 4 20 06 24 6364.40000 4.84900000 160.12000 37.72000 8.86800 39.45200
21 4 20 06 24 6364.40000 4.84900000 160.25000 37.73000 8.86800 39.45200
21 4 20 06 24 6364.50000 4.84900000 160.25000 37.73000 8.86800 39.45200
21 4 20 06 25 6364.50000 4.84900000 160.25000 37.73000 8.86800 39.45200
21 4 20 06 25 6364.40000 4.84900000 160.25000 37.73000 8.86800 39.45200
21 4 20 06 26 6364.50000 4.88200000 160.16000 37.72000 8.86800 39.45200
21 4 20 06 26 6364.40000 4.84900000 160.09000 37.72000 8.86800 39.45200
21 4 20 06 26 6364.50000 4.84900000 160.08000 37.72000 8.86800 39.45200
21 4 20 06 27 6364.50000 4.84900000 160.08000 37.71000 8.86800 39.45200
21 4 20 06 27 6364.50000 4.86100000 160.14000 37.70000 8.86200 39.45200
21 4 20 06 28 6364.50000 4.86100000 159.72000 37.71000 8.86800 39.46000
21 4 20 06 28 6364.40000 4.86100000 159.72000 37.71000 8.86800 39.46000
21 4 20 06 29 6364.50000 4.86100000 159.72000 37.73000 8.86800 39.45100
21 4 20 06 29 6364.50000 4.86100000 159.72000 37.71000 8.86800 39.45100
21 4 20 06 29 6365.30000 4.86100000 160.07000 37.73000 8.86800 39.45100
21 4 20 06 30 6366.00000 4.86100000 160.13000 37.74000 8.86800 39.45100
21 4 20 06 30 6366.00000 4.86100000 160.13000 37.74000 8.86800 39.45100
21 4 20 06 31 6365.90000 4.86100000 159.92000 37.74000 8.86800 39.45100
21 4 20 06 31 6365.80000 4.86100000 159.92000 37.72000 8.86200 39.45100
21 4 20 06 32 6365.90000 4.86100000 160.00000 37.72000 8.86800 39.45100
21 4 20 06 32 6365.90000 4.86100000 160.00000 37.74000 8.86800 39.45100
21 4 20 06 32 6365.90000 4.86100000 160.14000 37.74000 8.86800 39.45100
21 4 20 06 33 6368.90000 4.86100000 160.25000 37.79000 8.86800 39.45100
21 4 20 06 33 6368.90000 4.86100000 160.24000 37.79000 8.86800 39.45100
21 4 20 06 34 6371.30000 4.86100000 160.25000 37.81000 8.86800 39.45100
21 4 20 06 34 6371.40000 4.86100000 160.44000 37.81000 8.86800 39.45100
21 4 20 06 34 6371.40000 4.86100000 160.42000 37.81000 8.86800 39.52300
21 4 20 06 35 6372.10000 4.86100000 160.42000 37.81000 8.86800 39.52300
21 4 20 06 35 6372.20000 4.86100000 160.42000 37.81000 8.86800 39.52300
21 4 20 06 36 6372.20000 4.86100000 160.42000 37.81000 8.86800 39.50400
21 4 20 06 36 6372.90000 4.86100000 160.42000 37.81000 8.86800 39.50400
21 4 20 06 37 6373.20000 4.86100000 160.61000 37.79000 8.86800 39.51200
21 4 20 06 37 6375.10000 4.86100000 160.66000 37.83000 8.86800 39.51200
21 4 20 06 37 6375.00000 4.86100000 160.66000 37.83000 8.86800 39.51200
21 4 20 06 38 6375.00000 4.84900000 160.66000 37.83000 8.86800 39.51200
