M=[
16 10 20 00 28 9822.00000 4.78000000 322.51000 42.24000 11.63200 58.23500
16 10 20 00 28 9821.90000 4.78000000 322.51000 42.24000 11.63200 58.23500
16 10 20 00 29 9827.40000 4.78000000 322.51000 42.24000 11.63200 58.23500
16 10 20 00 29 9824.30000 4.78000000 322.52000 42.24000 11.63200 58.23500
16 10 20 00 30 9824.30000 4.78000000 322.52000 42.24000 11.63200 58.23500
16 10 20 00 30 9825.70000 4.78000000 322.60000 42.24000 11.63200 58.23500
16 10 20 00 30 9827.40000 4.78000000 322.36000 42.24000 11.63200 58.23500
16 10 20 00 31 9827.40000 4.78000000 322.36000 42.24000 11.63200 58.23500
16 10 20 00 31 9827.40000 4.78000000 322.36000 42.24000 11.63200 58.23500
16 10 20 00 32 9827.40000 4.78000000 322.36000 42.24000 11.63200 58.23500
16 10 20 00 32 9827.40000 4.78000000 322.36000 42.24000 11.63200 58.23500
16 10 20 00 33 9827.40000 4.78000000 322.55000 42.25000 11.61800 58.23500
16 10 20 00 33 9827.40000 4.78000000 322.55000 42.25000 11.61800 58.23500
16 10 20 00 33 9820.40000 4.78000000 322.55000 42.25000 11.61800 58.23500
16 10 20 00 34 9820.40000 4.78000000 322.30000 42.25000 11.61800 58.23500
16 10 20 00 34 9820.40000 4.78000000 322.39000 42.25000 11.61800 58.23500
16 10 20 00 35 9820.50000 4.78000000 322.39000 42.25000 11.61800 58.23500
16 10 20 00 35 9825.10000 4.78000000 322.39000 42.25000 11.61800 58.23500
16 10 20 00 36 9825.10000 4.78000000 322.57000 42.25000 11.61800 58.23500
16 10 20 00 36 9825.10000 4.78000000 322.61000 42.25000 11.61800 58.23500
16 10 20 00 36 9825.60000 4.78000000 322.61000 42.25000 11.61800 58.23500
16 10 20 00 37 9825.50000 4.78000000 322.56000 42.25000 11.61800 58.23500
16 10 20 00 37 9825.50000 4.78000000 322.62000 42.25000 11.61800 58.23500
16 10 20 00 38 9825.60000 4.78000000 322.66000 42.25000 11.61800 58.23500
16 10 20 00 38 9825.60000 4.78000000 322.44000 42.25000 11.61800 58.23500
16 10 20 00 39 9821.70000 4.78000000 322.44000 42.25000 11.61800 58.23500
16 10 20 00 39 9825.60000 4.78000000 322.44000 42.25000 11.61800 58.23500
16 10 20 00 39 9825.60000 4.78000000 322.44000 42.25000 11.61800 58.23500
16 10 20 00 40 9825.60000 4.78000000 322.56000 42.25000 11.61800 58.23500
16 10 20 00 40 9825.00000 4.78000000 322.56000 42.25000 11.61800 58.23500
16 10 20 00 41 9824.30000 4.78000000 322.59000 42.25000 11.61800 58.12900
16 10 20 00 41 9824.30000 4.78000000 322.44000 42.25000 11.61800 58.12900
16 10 20 00 42 9821.90000 4.78000000 322.56000 42.25000 11.61800 58.12900
16 10 20 00 42 9821.90000 4.78000000 322.56000 42.25000 11.61800 58.12900
16 10 20 00 42 9821.90000 4.78000000 322.56000 42.25000 11.61800 58.12900
16 10 20 00 43 9822.00000 4.78000000 322.47000 42.25000 11.61800 58.12900
16 10 20 00 43 9821.90000 4.78000000 322.69000 42.25000 11.61800 58.12900
16 10 20 00 44 9825.50000 4.78000000 322.69000 42.24000 11.61800 58.12900
16 10 20 00 44 9825.50000 4.75900000 322.68000 42.24000 11.61800 58.12900
16 10 20 00 45 9824.30000 4.75900000 322.68000 42.24000 11.61800 58.12900
16 10 20 00 45 9823.30000 4.75900000 322.68000 42.24000 11.61800 58.12900
16 10 20 00 45 9822.30000 4.75900000 322.68000 42.24000 11.61800 58.12900
16 10 20 00 46 9822.30000 4.75900000 322.68000 42.24000 11.61800 58.12900
16 10 20 00 46 9820.50000 4.75900000 322.68000 42.24000 11.61800 58.01400
16 10 20 00 47 9823.90000 4.75900000 322.72000 42.24000 11.61800 58.01400
16 10 20 00 47 9823.90000 4.75900000 322.72000 42.24000 11.61800 58.01400
16 10 20 00 48 9823.90000 4.75900000 322.72000 42.24000 11.61800 58.01400
16 10 20 00 48 9824.70000 4.75900000 322.72000 42.24000 11.61800 58.01400
16 10 20 00 48 9824.70000 4.75900000 322.72000 42.24000 11.61800 58.01400
16 10 20 00 49 9825.00000 4.75900000 322.72000 42.24000 11.61800 58.01400
16 10 20 00 49 9825.60000 4.75900000 322.74000 42.24000 11.61800 58.01400
16 10 20 00 50 9825.60000 4.75900000 322.78000 42.24000 11.61800 58.01400
16 10 20 00 50 9825.60000 4.75900000 322.78000 42.24000 11.61800 58.01400
16 10 20 00 51 9825.60000 4.75900000 322.78000 42.24000 11.61800 58.01400
16 10 20 00 51 9824.60000 4.75900000 322.78000 42.24000 11.61800 58.01400
16 10 20 00 51 9824.60000 4.75900000 322.78000 42.24000 11.61800 58.01400
16 10 20 00 52 9823.80000 4.75900000 322.78000 42.24000 11.61800 58.01400
16 10 20 00 52 9824.90000 4.75900000 322.78000 42.24000 11.61800 58.01400
16 10 20 00 53 9825.00000 4.75900000 322.78000 42.24000 11.61800 58.01400
16 10 20 00 53 9825.00000 4.75900000 322.78000 42.24000 11.61800 58.01400
16 10 20 00 54 9825.00000 4.75900000 322.78000 42.25000 11.61800 58.01400
16 10 20 00 54 9825.00000 4.75900000 322.78000 42.25000 11.61800 58.01400
16 10 20 00 54 9825.00000 4.75900000 322.78000 42.25000 11.61800 58.01400
16 10 20 00 55 9825.00000 4.75900000 322.78000 42.25000 11.61800 58.01400
16 10 20 00 55 9825.00000 4.75900000 322.78000 42.25000 11.61800 58.01400
16 10 20 00 56 9825.00000 4.75900000 322.78000 42.25000 11.61800 58.01400
16 10 20 00 56 9825.00000 4.75900000 322.89000 42.25000 11.61800 58.01400
16 10 20 00 57 9825.00000 4.75900000 322.89000 42.25000 11.61800 58.01400
16 10 20 00 57 9825.00000 4.75900000 322.89000 42.25000 11.61800 58.01400
16 10 20 00 57 9825.00000 4.75900000 322.89000 42.25000 11.61800 58.01400
16 10 20 00 58 9825.00000 4.75900000 322.89000 42.25000 11.61800 58.01400
16 10 20 00 58 9825.00000 4.75900000 322.91000 42.25000 11.61800 58.01400
16 10 20 00 59 9824.90000 4.75900000 322.91000 42.25000 11.61800 58.01400
16 10 20 00 59 9824.30000 4.75900000 322.91000 42.25000 11.61800 58.01400
16 10 20 01 00 9824.90000 4.75900000 322.91000 42.25000 11.61800 58.01400
16 10 20 01 00 9823.70000 4.75900000 322.91000 42.25000 11.61800 58.01400
16 10 20 01 00 9825.00000 4.75900000 322.95000 42.25000 11.61800 58.01400
16 10 20 01 01 9825.00000 4.75900000 322.98000 42.25000 11.61800 58.01400
16 10 20 01 01 9825.00000 4.75900000 323.07000 42.25000 11.61800 58.01400
16 10 20 01 02 9830.00000 4.75900000 323.07000 42.25000 11.61800 58.01400
16 10 20 01 02 9831.10000 4.75900000 323.14000 42.25000 11.61800 58.01400
16 10 20 01 03 9835.10000 4.75900000 323.40000 42.25000 11.61800 58.01400
16 10 20 01 03 9840.30000 4.75900000 323.79000 42.25000 11.61800 58.01400
16 10 20 01 03 9840.20000 4.75900000 323.79000 42.25000 11.61800 58.01400
16 10 20 01 04 9840.30000 4.75900000 323.79000 42.25000 11.61800 58.01400
16 10 20 01 04 9842.30000 4.75900000 323.79000 42.25000 11.61800 58.01400
16 10 20 01 05 9844.70000 4.75900000 323.83000 42.25000 11.61800 58.01400
16 10 20 01 05 9845.10000 4.75900000 323.91000 42.37000 11.61800 58.01400
16 10 20 01 06 9845.10000 4.75900000 323.91000 42.37000 11.61800 58.01400
16 10 20 01 06 9846.00000 4.75900000 323.86000 42.37000 11.61800 58.01400
16 10 20 01 06 9846.00000 4.75900000 323.86000 42.37000 11.61800 58.01400
16 10 20 01 07 9846.00000 4.75900000 323.86000 42.39000 11.61800 58.01400
16 10 20 01 07 9845.90000 4.75900000 323.86000 42.39000 11.61800 58.01400
16 10 20 01 08 9846.00000 4.75900000 323.86000 42.39000 11.61800 58.01400
16 10 20 01 08 9846.00000 4.75900000 323.87000 42.39000 11.61800 58.01400
16 10 20 01 09 9846.00000 4.75900000 323.86000 42.39000 11.61800 58.01400
16 10 20 01 09 9840.90000 4.75900000 323.80000 42.39000 11.61800 58.01400
16 10 20 01 09 9844.00000 4.75900000 323.80000 42.39000 11.61800 58.01400
16 10 20 01 10 9846.00000 4.75900000 323.80000 42.39000 11.61800 58.01400
16 10 20 01 10 9845.90000 4.75900000 323.80000 42.39000 11.61800 58.01400
16 10 20 01 11 9845.90000 4.75900000 323.80000 42.39000 11.61800 58.01400
16 10 20 01 11 9845.90000 4.75900000 323.80000 42.39000 11.61800 58.01400
16 10 20 01 11 9845.90000 4.75900000 323.80000 42.39000 11.61800 58.01400
16 10 20 01 12 9845.90000 4.75900000 323.80000 42.39000 11.61800 58.01400
16 10 20 01 12 9845.90000 4.75900000 323.80000 42.39000 11.61800 58.01400
16 10 20 01 13 9845.90000 4.75900000 323.97000 42.39000 11.61800 58.01400
16 10 20 01 13 9845.90000 4.75900000 323.97000 42.39000 11.61800 58.01400
16 10 20 01 14 9845.90000 4.75900000 323.97000 42.39000 11.61800 58.01400
