M=[
22 6 20 09 55 8403.90000 5.63900000 209.66000 38.82000 15.93500 46.85300
22 6 20 09 55 8403.90000 5.63000000 209.66000 38.83000 15.93500 46.85300
22 6 20 09 56 8403.90000 5.63000000 209.66000 38.83000 15.93500 46.85300
22 6 20 09 56 8403.90000 5.63000000 209.66000 38.84000 15.93500 46.85300
22 6 20 09 56 8403.80000 5.63000000 209.66000 38.84000 15.93500 46.87500
22 6 20 09 57 8403.90000 5.63000000 209.66000 38.84000 15.93500 46.87500
22 6 20 09 57 8403.80000 5.63000000 209.66000 38.85000 15.93500 46.87500
22 6 20 09 58 8403.90000 5.63000000 209.67000 38.85000 15.93500 46.87500
22 6 20 09 58 8403.80000 5.63000000 209.67000 38.86000 15.93500 46.87500
22 6 20 09 59 8403.80000 5.63000000 209.67000 38.86000 15.93500 46.87500
22 6 20 09 59 8403.80000 5.63000000 209.67000 38.86000 15.93500 46.87500
22 6 20 10 00 8403.90000 5.63000000 209.67000 38.86000 15.93500 46.87500
22 6 20 10 00 8403.90000 5.63000000 209.66000 38.86000 15.93500 46.87500
22 6 20 10 01 8403.80000 5.63000000 209.66000 38.84000 15.93500 46.87500
22 6 20 10 01 8403.80000 5.63000000 209.66000 38.84000 15.93500 46.87500
22 6 20 10 01 8403.80000 5.63000000 209.66000 38.84000 15.93500 46.87500
22 6 20 10 02 8403.80000 5.63000000 209.57000 38.84000 15.93500 46.87500
22 6 20 10 02 8403.90000 5.63000000 209.57000 38.84000 15.93500 46.87500
22 6 20 10 03 8403.80000 5.63900000 209.57000 38.84000 15.93500 46.87500
22 6 20 10 03 8403.80000 5.63000000 209.60000 38.86000 15.93500 46.87500
22 6 20 10 04 8403.90000 5.63000000 209.60000 38.84000 15.93500 46.87500
22 6 20 10 04 8404.00000 5.63000000 209.60000 38.84000 15.93500 46.87500
22 6 20 10 05 8404.40000 5.63000000 209.60000 38.84000 15.93500 46.87500
22 6 20 10 05 8404.70000 5.63000000 209.61000 38.84000 15.93500 46.87500
22 6 20 10 05 8405.20000 5.63000000 209.74000 38.84000 15.93500 46.87500
22 6 20 10 06 8405.60000 5.63000000 209.78000 38.85000 15.93500 46.87500
22 6 20 10 06 8408.10000 5.63000000 209.81000 38.85000 15.93500 46.87500
22 6 20 10 07 8406.60000 5.63000000 209.89000 38.85000 15.93500 46.87500
22 6 20 10 07 8406.20000 5.63000000 209.89000 38.85000 15.93500 46.87500
22 6 20 10 08 8406.70000 5.63000000 209.88000 38.88000 15.93500 46.87500
22 6 20 10 08 8406.70000 5.63000000 209.98000 38.88000 15.93500 46.87500
22 6 20 10 09 8408.10000 5.63000000 209.99000 38.89000 15.93500 46.87500
22 6 20 10 09 8408.00000 5.63000000 209.99000 38.86000 15.93500 46.87500
22 6 20 10 10 8408.00000 5.63000000 209.99000 38.89000 15.93500 46.87500
22 6 20 10 10 8408.90000 5.63000000 210.09000 38.89000 15.93500 46.87500
22 6 20 10 11 8408.90000 5.63000000 210.09000 38.89000 15.93500 46.87500
22 6 20 10 11 8408.80000 5.63000000 210.07000 38.89000 15.93500 46.87500
22 6 20 10 11 8408.90000 5.63000000 210.04000 38.89000 15.93500 46.87500
22 6 20 10 12 8408.90000 5.63000000 210.04000 38.89000 15.93500 46.94800
22 6 20 10 12 8408.80000 5.63000000 210.04000 38.89000 15.93500 46.94800
22 6 20 10 13 8408.90000 5.63000000 210.00000 38.89000 15.93500 46.94800
22 6 20 10 13 8408.90000 5.63000000 210.00000 38.89000 15.93500 46.94800
22 6 20 10 14 8408.90000 5.63000000 210.00000 38.89000 15.94300 46.94800
22 6 20 10 14 8408.90000 5.63000000 210.00000 38.89000 15.94300 46.94800
22 6 20 10 15 8408.90000 5.63000000 210.01000 38.89000 15.94300 46.94800
22 6 20 10 15 8408.90000 5.63000000 210.01000 38.89000 15.94300 46.94800
22 6 20 10 16 8408.90000 5.63000000 210.01000 38.89000 15.94300 46.94800
22 6 20 10 16 8408.80000 5.63000000 210.01000 38.89000 15.94300 46.94800
22 6 20 10 16 8408.80000 5.63000000 210.01000 38.89000 15.94300 46.94800
22 6 20 10 17 8408.90000 5.63000000 210.07000 38.89000 15.94300 46.94800
22 6 20 10 17 8408.80000 5.63000000 210.07000 38.89000 15.94300 46.94800
22 6 20 10 18 8408.90000 5.63000000 210.09000 38.88000 15.94300 46.94800
22 6 20 10 18 8408.90000 5.63000000 210.09000 38.89000 15.94300 46.94800
22 6 20 10 19 8408.80000 5.63000000 210.08000 38.89000 15.94300 46.94800
22 6 20 10 19 8408.90000 5.63000000 210.08000 38.89000 15.94300 46.94800
22 6 20 10 20 8408.90000 5.63900000 210.01000 38.90000 15.94300 46.94800
22 6 20 10 20 8408.80000 5.63000000 210.09000 38.90000 15.94300 46.94800
22 6 20 10 21 8408.90000 5.63000000 210.11000 38.90000 15.94300 46.94800
22 6 20 10 21 8408.80000 5.63000000 210.01000 38.90000 15.94300 46.94800
22 6 20 10 21 8408.90000 5.63900000 210.00000 38.90000 15.94300 46.94800
22 6 20 10 22 8408.90000 5.63000000 210.09000 38.90000 15.94300 46.90000
22 6 20 10 22 8408.80000 5.63000000 210.09000 38.90000 15.94300 46.90000
22 6 20 10 23 8408.80000 5.63000000 210.14000 38.90000 15.94300 46.90000
22 6 20 10 23 8408.90000 5.63000000 210.14000 38.91000 15.94300 46.90000
22 6 20 10 24 8408.90000 5.63900000 210.17000 38.91000 15.94300 46.90000
22 6 20 10 24 8408.90000 5.63000000 210.17000 38.91000 15.94300 46.90000
22 6 20 10 25 8408.80000 5.63000000 210.17000 38.91000 15.94300 46.90000
22 6 20 10 25 8408.90000 5.63000000 210.11000 38.91000 15.94300 46.94800
22 6 20 10 26 8408.80000 5.63000000 210.01000 38.91000 15.94300 46.90000
22 6 20 10 26 8408.90000 5.63900000 210.01000 38.91000 15.94300 46.90000
22 6 20 10 26 8408.90000 5.63000000 210.01000 38.91000 15.94300 46.90000
22 6 20 10 27 8411.60000 5.63000000 210.00000 38.91000 15.94300 46.90000
22 6 20 10 27 8411.60000 5.63000000 210.00000 38.91000 15.94300 46.94800
22 6 20 10 28 8411.60000 5.63000000 209.97000 38.91000 15.94300 46.90000
22 6 20 10 28 8412.10000 5.63000000 209.96000 38.91000 15.94300 46.90000
22 6 20 10 29 8414.70000 5.63000000 209.82000 38.91000 15.94300 46.90000
22 6 20 10 29 8413.90000 5.63000000 209.84000 38.91000 15.94300 46.90000
22 6 20 10 30 8414.80000 5.63000000 209.84000 38.91000 15.94300 46.90000
22 6 20 10 30 8414.30000 5.63200000 209.84000 38.91000 15.94300 46.90000
22 6 20 10 30 8414.50000 5.63200000 209.84000 38.91000 15.94300 46.90000
22 6 20 10 31 8415.60000 5.63200000 209.84000 38.91000 15.94300 46.90000
22 6 20 10 31 8417.20000 5.63200000 209.84000 38.91000 15.94300 46.90000
22 6 20 10 32 8413.70000 5.63200000 209.84000 38.91000 15.94300 46.90000
22 6 20 10 32 8414.00000 5.63200000 209.84000 38.91000 15.94300 46.90000
22 6 20 10 33 8414.10000 5.63200000 209.84000 38.91000 15.94300 46.93700
22 6 20 10 33 8414.00000 5.63200000 209.72000 38.91000 15.94300 46.93700
22 6 20 10 34 8414.10000 5.63200000 209.69000 38.91000 15.94300 46.93700
22 6 20 10 34 8414.00000 5.63200000 209.69000 38.91000 15.94300 46.93700
22 6 20 10 35 8412.90000 5.63200000 209.69000 38.91000 15.94300 46.93700
22 6 20 10 35 8412.90000 5.63200000 209.68000 38.91000 15.94300 46.93700
22 6 20 10 35 8412.80000 5.63200000 209.69000 38.91000 15.94300 46.93700
22 6 20 10 36 8412.90000 5.63200000 209.69000 38.91000 15.94300 46.93700
22 6 20 10 36 8412.90000 5.63200000 209.68000 38.91000 15.94300 46.90000
22 6 20 10 37 8412.70000 5.63200000 209.69000 38.91000 15.94300 46.90000
22 6 20 10 37 8413.70000 5.63200000 209.69000 38.91000 15.94300 46.90000
22 6 20 10 38 8412.80000 5.63200000 209.69000 38.91000 15.94300 46.90000
22 6 20 10 38 8413.40000 5.63200000 209.62000 38.91000 15.98200 46.90000
22 6 20 10 39 8413.10000 5.63200000 209.69000 38.91000 15.98200 46.90000
22 6 20 10 39 8413.40000 5.63200000 209.69000 38.91000 15.98200 46.90000
22 6 20 10 40 8410.40000 5.63200000 209.74000 38.87000 15.99800 46.90000
22 6 20 10 40 8410.10000 5.63200000 209.66000 38.87000 15.99800 46.90000
22 6 20 10 41 8410.90000 5.63200000 209.68000 38.87000 15.99800 46.90000
22 6 20 10 41 8411.00000 5.63200000 209.68000 38.87000 15.99800 46.90000
22 6 20 10 42 8410.00000 5.63200000 209.69000 38.87000 16.02200 46.90000
22 6 20 10 42 8410.50000 5.63200000 209.69000 38.86000 16.02200 46.90000
22 6 20 10 42 8411.00000 5.63200000 209.64000 38.86000 16.02200 46.90000
22 6 20 10 43 8410.70000 5.63200000 209.64000 38.86000 16.02200 46.90000
22 6 20 10 43 8410.60000 5.63200000 209.61000 38.88000 16.02200 46.90000
22 6 20 10 44 8410.60000 5.63200000 209.69000 38.88000 16.02200 46.90000
