M=[
28 5 21 09 33 29326.60000 54.19900000 2020.00000 141.25000 23.96900 109.81800
28 5 21 09 33 29357.40000 54.20100000 2020.00000 141.10000 23.96200 109.81800
28 5 21 09 34 29313.10000 54.24800000 2018.79000 141.27000 23.96200 109.68900
28 5 21 09 34 29308.40000 54.04000000 2017.87000 140.85000 23.96200 109.34800
28 5 21 09 34 29328.20000 54.04000000 2018.17000 141.05000 23.96200 109.34800
28 5 21 09 35 29349.80000 54.04000000 2022.53000 141.44000 23.96200 109.76600
28 5 21 09 35 29345.50000 54.45700000 2021.18000 141.46000 23.96200 109.76600
28 5 21 09 36 29377.70000 54.57500000 2023.79000 141.61000 23.96200 109.76600
28 5 21 09 36 29374.70000 54.57300000 2022.53000 141.72000 23.96200 109.76600
28 5 21 09 37 29374.70000 54.47900000 2023.00000 141.64000 23.96200 109.76600
28 5 21 09 37 29376.10000 54.47900000 2021.94000 141.49000 23.94000 109.76600
28 5 21 09 37 29374.20000 54.47900000 2021.57000 141.64000 23.94200 110.78100
28 5 21 09 38 29328.50000 54.31500000 2017.76000 141.06000 23.94200 110.34600
28 5 21 09 38 29366.00000 54.33300000 2020.83000 141.47000 23.94200 110.34600
28 5 21 09 39 29391.80000 54.33300000 2023.00000 141.43000 23.94200 110.76000
28 5 21 09 39 29455.40000 54.73300000 2028.56000 141.70000 23.94200 110.94600
28 5 21 09 40 29479.90000 54.78500000 2030.74000 141.97000 23.94200 111.07600
28 5 21 09 40 29490.80000 54.78500000 2032.55000 142.21000 23.94200 111.19900
28 5 21 09 40 29515.50000 54.78500000 2032.37000 142.21000 23.94200 111.19900
28 5 21 09 41 29490.10000 54.78500000 2033.76000 142.71000 23.94200 111.19900
28 5 21 09 41 29475.80000 54.87800000 2033.71000 142.26000 24.21600 111.19900
28 5 21 09 42 29474.60000 54.87800000 2035.35000 142.55000 24.16500 111.19900
28 5 21 09 42 29482.50000 55.06200000 2034.70000 142.41000 24.16500 111.19900
28 5 21 09 43 29450.00000 54.99300000 2032.34000 142.23000 24.16500 111.19900
28 5 21 09 43 29477.60000 54.88300000 2032.17000 142.62000 24.16500 111.19900
28 5 21 09 43 29475.40000 54.90200000 2032.81000 142.62000 24.16500 111.19900
28 5 21 09 44 29516.20000 54.90200000 2037.00000 142.62000 24.16500 111.19900
28 5 21 09 44 29526.20000 55.15200000 2039.18000 142.62000 24.16500 111.19900
28 5 21 09 45 29514.70000 55.04900000 2037.25000 142.82000 24.16500 111.20900
28 5 21 09 45 29487.10000 54.96200000 2035.00000 142.43000 24.16500 111.20900
28 5 21 09 46 29541.70000 54.99800000 2037.87000 142.72000 24.16500 111.20900
28 5 21 09 46 29661.60000 55.64600000 2049.65000 143.36000 24.16500 111.86900
28 5 21 09 46 29596.30000 55.64600000 2047.69000 143.93000 24.16500 111.92700
28 5 21 09 47 29583.00000 55.84300000 2045.95000 144.08000 24.04500 111.92700
28 5 21 09 47 29599.70000 55.84300000 2047.89000 144.14000 24.04500 111.92700
28 5 21 09 48 29603.00000 55.58900000 2048.88000 144.12000 24.04500 112.03100
28 5 21 09 48 29612.70000 55.58900000 2052.74000 144.42000 24.04500 112.03100
28 5 21 09 49 29618.60000 55.58900000 2052.88000 143.89000 24.04500 111.98300
28 5 21 09 49 29659.40000 55.58900000 2054.23000 144.10000 24.04500 111.98300
28 5 21 09 49 29654.00000 55.92000000 2055.70000 144.06000 24.04500 111.98300
28 5 21 09 50 29728.60000 56.09900000 2060.69000 144.68000 24.04500 112.49800
28 5 21 09 50 29718.60000 55.94000000 2060.26000 144.41000 24.04500 112.49800
28 5 21 09 51 29707.70000 55.94000000 2064.31000 144.34000 24.04500 112.49800
28 5 21 09 51 29707.20000 55.75400000 2063.00000 144.29000 24.04500 112.49800
28 5 21 09 52 29658.20000 55.48500000 2063.00000 144.30000 24.04500 112.49800
28 5 21 09 52 29679.70000 55.39800000 2060.01000 143.86000 24.04500 112.49800
28 5 21 09 52 29667.10000 55.39800000 2057.59000 143.95000 24.04500 112.14300
28 5 21 09 53 29676.60000 55.39800000 2061.18000 143.98000 24.04500 112.14300
28 5 21 09 53 29653.50000 55.26000000 2057.83000 143.75000 24.04500 112.14300
28 5 21 09 54 29676.00000 55.26000000 2056.42000 143.67000 24.04500 112.14300
28 5 21 09 54 29657.80000 55.26000000 2057.31000 143.77000 24.04500 112.14300
28 5 21 09 55 29610.60000 55.31100000 2054.13000 143.63000 24.04500 112.14300
28 5 21 09 55 29629.90000 55.23200000 2052.71000 143.30000 24.04500 112.14300
28 5 21 09 55 29612.90000 55.40100000 2055.56000 143.38000 24.04500 112.14300
28 5 21 09 56 29600.00000 55.32200000 2051.00000 143.30000 24.04500 111.98400
28 5 21 09 56 29600.90000 55.32200000 2052.31000 143.62000 24.04500 111.98400
28 5 21 09 57 29604.40000 55.32200000 2050.82000 143.62000 24.04500 111.98400
28 5 21 09 57 29569.60000 55.32200000 2049.96000 143.03000 24.04500 111.50800
28 5 21 09 58 29573.80000 55.32200000 2050.02000 143.03000 24.04500 111.36800
28 5 21 09 58 29579.40000 55.32000000 2050.38000 143.32000 24.04500 111.36800
28 5 21 09 58 29584.80000 55.29700000 2050.64000 143.35000 24.04500 111.36800
28 5 21 09 59 29557.30000 55.29700000 2048.40000 143.35000 24.04500 111.37600
28 5 21 09 59 29624.80000 55.29700000 2053.04000 143.88000 24.04500 111.37600
28 5 21 10 00 29608.10000 55.31300000 2050.00000 143.66000 24.04500 111.90500
28 5 21 10 00 29569.10000 55.31300000 2048.49000 143.34000 24.04500 111.74900
28 5 21 10 01 29535.50000 55.15800000 2046.77000 142.76000 24.04500 111.74900
28 5 21 10 01 29518.90000 55.15800000 2040.00000 142.87000 24.04500 111.37400
28 5 21 10 01 29516.30000 55.15800000 2038.31000 142.41000 24.04500 111.37400
28 5 21 10 02 29527.60000 54.68600000 2039.07000 142.34000 24.04500 110.96900
28 5 21 10 02 29493.50000 54.68600000 2036.52000 142.40000 24.04500 110.96900
28 5 21 10 03 29499.00000 54.87700000 2035.36000 142.38000 24.04500 110.96900
28 5 21 10 03 29496.70000 54.87700000 2034.60000 142.11000 24.04500 110.96900
28 5 21 10 04 29599.10000 54.95600000 2044.97000 143.03000 24.20100 110.96900
28 5 21 10 04 29545.70000 55.22500000 2039.99000 143.10000 24.20100 110.96900
28 5 21 10 04 29587.70000 55.22500000 2043.88000 143.00000 24.10400 110.96900
28 5 21 10 05 29633.00000 55.34400000 2049.49000 143.26000 24.10400 110.96900
28 5 21 10 05 29593.80000 55.34400000 2046.18000 143.12000 24.10400 110.96900
28 5 21 10 06 29517.00000 55.34400000 2041.96000 142.50000 24.10400 110.96900
28 5 21 10 06 29490.30000 54.88200000 2037.91000 142.33000 24.10400 110.96900
28 5 21 10 07 29464.40000 54.68600000 2034.30000 142.06000 24.04500 110.96900
28 5 21 10 07 29453.10000 54.68600000 2035.60000 142.17000 24.04500 110.96900
28 5 21 10 07 29449.10000 54.67600000 2030.33000 142.00000 24.04500 110.96900
28 5 21 10 08 29438.20000 54.67600000 2031.86000 141.91000 24.04500 110.96900
28 5 21 10 08 29428.60000 54.64100000 2030.00000 141.89000 24.04500 110.96900
28 5 21 10 09 29444.00000 54.61800000 2029.99000 141.90000 24.04500 111.09100
28 5 21 10 09 29474.20000 54.84800000 2032.82000 142.36000 23.94000 111.09100
28 5 21 10 10 29421.00000 54.64200000 2028.21000 142.36000 23.93900 111.09100
28 5 21 10 10 29468.00000 54.64200000 2031.79000 142.60000 23.93900 111.09100
28 5 21 10 10 29516.40000 54.75600000 2035.06000 142.90000 23.93900 111.09100
28 5 21 10 11 29487.20000 55.11200000 2033.42000 142.85000 23.93900 112.00000
28 5 21 10 11 29472.60000 54.92700000 2032.58000 142.57000 23.92800 111.74000
28 5 21 10 12 29518.60000 54.84700000 2035.46000 143.15000 23.92800 111.74000
28 5 21 10 12 29504.00000 54.93600000 2034.88000 142.71000 23.92800 111.74000
28 5 21 10 13 29526.70000 55.08200000 2038.06000 142.71000 23.92800 111.74000
28 5 21 10 13 29518.90000 54.97100000 2035.86000 142.89000 23.92800 111.74000
28 5 21 10 13 29549.80000 54.97100000 2037.12000 143.14000 23.92800 111.74000
28 5 21 10 14 29603.30000 55.44200000 2043.53000 143.87000 23.92800 111.74000
28 5 21 10 14 29519.60000 55.37000000 2042.28000 143.54000 23.92800 111.74000
28 5 21 10 15 29499.30000 55.24600000 2037.09000 143.28000 23.92800 111.74000
28 5 21 10 15 29474.70000 55.00000000 2038.01000 142.99000 23.92800 112.20300
28 5 21 10 16 29529.70000 55.25000000 2038.10000 143.62000 23.92800 112.20300
28 5 21 10 16 29537.70000 55.18200000 2040.45000 143.41000 23.92800 112.24300
