M=[
30 4 21 23 37 47932.10000 30.14100000 2297.67000 226.18000 36.22400 203.40100
30 4 21 23 37 47949.90000 30.14100000 2300.21000 226.35000 36.22400 203.40100
30 4 21 23 38 47969.90000 30.14100000 2299.45000 226.33000 36.22400 203.40100
30 4 21 23 38 47980.50000 30.14100000 2299.45000 225.65000 36.22400 203.40100
30 4 21 23 39 47982.30000 30.14100000 2299.45000 225.03000 36.22400 203.40100
30 4 21 23 39 47986.20000 30.14100000 2300.30000 225.04000 36.22400 203.40100
30 4 21 23 40 47986.20000 30.14100000 2301.48000 225.04000 36.22400 202.85200
30 4 21 23 40 47989.40000 30.14100000 2301.40000 225.04000 36.22400 202.85200
30 4 21 23 40 47975.00000 30.14100000 2300.34000 225.04000 36.22400 202.85200
30 4 21 23 41 47975.00000 30.14100000 2300.62000 225.21000 36.22400 202.85200
30 4 21 23 41 47973.20000 30.14100000 2300.19000 225.21000 36.22400 202.85200
30 4 21 23 42 47977.90000 30.14100000 2301.09000 225.21000 36.22400 202.85200
30 4 21 23 42 47989.80000 30.14100000 2302.20000 225.21000 36.22400 203.46300
30 4 21 23 42 48000.00000 30.14100000 2302.09000 225.21000 36.22400 203.46300
30 4 21 23 43 48000.00000 30.14100000 2302.02000 225.40000 36.22400 203.46300
30 4 21 23 43 47983.70000 30.14100000 2301.08000 225.40000 36.22400 203.46300
30 4 21 23 44 48000.00000 30.14100000 2301.78000 225.40000 36.22400 203.54100
30 4 21 23 44 48000.00000 30.14100000 2301.76000 225.32000 36.22400 203.54100
30 4 21 23 45 48047.00000 30.14100000 2301.76000 225.37000 36.22400 203.56500
30 4 21 23 45 48047.20000 30.14100000 2302.28000 225.61000 36.06400 203.56500
30 4 21 23 46 48026.20000 30.14100000 2302.44000 225.61000 36.06400 203.56500
30 4 21 23 46 48021.00000 30.14100000 2302.66000 225.35000 36.06400 203.56500
30 4 21 23 46 48040.90000 30.14100000 2303.94000 225.47000 36.06400 203.56500
30 4 21 23 47 48047.20000 30.14100000 2304.98000 225.79000 36.06400 203.56500
30 4 21 23 47 48047.20000 30.14100000 2304.98000 225.87000 36.06400 203.56500
30 4 21 23 48 48047.20000 30.26500000 2304.99000 225.87000 36.06400 203.56500
30 4 21 23 48 48039.10000 30.26500000 2304.98000 225.62000 36.22500 203.56500
30 4 21 23 49 48032.00000 30.17600000 2304.98000 225.43000 36.22500 203.56500
30 4 21 23 49 48047.10000 30.17600000 2303.58000 225.43000 36.22500 203.56500
30 4 21 23 49 48047.20000 30.17600000 2304.99000 225.46000 36.22500 203.56500
30 4 21 23 50 48095.80000 30.17600000 2304.74000 225.54000 36.22500 203.56500
30 4 21 23 50 48099.50000 30.17600000 2305.00000 225.50000 36.22500 203.56500
30 4 21 23 51 48131.50000 30.26600000 2304.99000 225.58000 36.22500 203.56500
30 4 21 23 51 48082.80000 30.26600000 2305.00000 225.58000 36.22500 203.56500
30 4 21 23 52 48014.50000 30.26600000 2304.06000 225.08000 36.06400 203.56500
30 4 21 23 52 47955.40000 30.26600000 2301.17000 225.08000 36.06400 203.64300
30 4 21 23 52 47955.40000 30.26600000 2301.08000 225.22000 36.06400 203.64300
30 4 21 23 53 47955.40000 30.26600000 2300.51000 225.12000 36.06400 203.64300
30 4 21 23 53 47994.70000 30.26600000 2302.59000 225.03000 36.06400 203.64300
30 4 21 23 54 47993.60000 30.26600000 2302.71000 225.03000 36.06400 203.64300
30 4 21 23 54 48006.10000 30.26600000 2302.83000 225.08000 36.06400 203.64300
30 4 21 23 54 48006.10000 30.26600000 2303.41000 225.08000 36.06400 203.64300
30 4 21 23 55 48025.70000 30.26600000 2304.47000 225.08000 36.06400 203.64300
30 4 21 23 55 48015.70000 30.26600000 2304.25000 225.08000 36.06400 203.64300
30 4 21 23 56 48007.80000 30.26600000 2303.81000 225.35000 36.06400 203.64300
30 4 21 23 56 48006.00000 30.26600000 2304.08000 225.34000 36.06400 203.64300
30 4 21 23 57 48009.10000 30.26600000 2303.91000 225.34000 36.06400 203.64300
30 4 21 23 57 48017.30000 30.26600000 2305.21000 225.46000 36.06400 203.64300
30 4 21 23 57 48019.60000 30.26600000 2305.31000 225.46000 36.06400 203.64300
30 4 21 23 58 48049.50000 30.26600000 2305.39000 225.46000 36.06400 203.78800
30 4 21 23 58 48026.70000 30.26600000 2305.99000 225.46000 36.06400 203.78800
30 4 21 23 59 47999.60000 30.26600000 2305.36000 225.46000 36.06400 203.78800
30 4 21 23 59 47984.60000 30.26600000 2305.35000 225.50000 36.06400 203.78800
 1 5 21 00 00 47986.20000 30.26600000 2305.36000 225.52000 36.22000 203.78800
 1 5 21 00 00 47925.50000 30.26600000 2305.36000 225.57000 36.22000 203.78800
 1 5 21 00 01 47851.10000 30.26600000 2303.21000 225.57000 36.22000 203.78800
 1 5 21 00 01 47776.00000 30.26600000 2299.26000 225.22000 36.22000 203.78800
 1 5 21 00 01 47799.30000 30.26600000 2300.00000 225.07000 36.20800 203.78800
 1 5 21 00 02 47894.60000 30.22500000 2302.97000 225.36000 36.20800 203.92400
 1 5 21 00 02 47910.00000 30.31500000 2304.54000 225.97000 36.20800 203.92400
 1 5 21 00 03 47967.80000 30.41300000 2306.52000 226.52000 36.20800 204.27700
 1 5 21 00 03 47980.50000 30.41300000 2307.97000 226.29000 36.20800 204.25200
 1 5 21 00 04 47980.50000 30.75800000 2308.87000 225.85000 36.22400 204.25200
 1 5 21 00 04 48010.50000 30.66900000 2308.30000 226.23000 36.22400 204.25200
 1 5 21 00 04 48029.50000 30.69200000 2309.36000 226.23000 36.22400 204.83700
 1 5 21 00 05 48042.70000 30.85600000 2307.80000 226.23000 36.22400 204.83700
 1 5 21 00 05 48049.50000 30.88600000 2306.28000 226.17000 36.06300 204.83700
 1 5 21 00 06 48057.90000 30.99400000 2305.44000 226.17000 36.06300 204.83700
 1 5 21 00 06 48080.10000 30.90500000 2305.44000 226.23000 36.06300 204.83700
 1 5 21 00 07 48041.40000 30.99400000 2302.26000 226.23000 36.06300 204.83700
 1 5 21 00 07 48057.00000 30.99900000 2306.48000 226.22000 36.22500 204.83700
 1 5 21 00 07 48057.00000 30.88700000 2305.51000 226.22000 36.22500 204.83700
 1 5 21 00 08 48060.10000 30.88700000 2305.73000 226.02000 36.22500 204.32700
 1 5 21 00 08 48074.60000 30.88700000 2305.56000 226.02000 36.22500 204.11100
 1 5 21 00 09 48114.10000 30.88700000 2305.02000 226.47000 36.22500 204.11100
 1 5 21 00 09 48114.10000 30.88700000 2305.02000 226.47000 36.22500 204.11100
 1 5 21 00 10 48200.00000 30.91600000 2305.40000 226.59000 36.22500 204.11100
 1 5 21 00 10 48176.40000 30.80800000 2307.44000 226.40000 36.22500 204.11100
 1 5 21 00 10 48210.00000 30.80800000 2308.82000 226.51000 36.22500 204.11100
 1 5 21 00 11 48250.00000 30.80800000 2308.82000 226.87000 36.22500 204.11100
 1 5 21 00 11 48250.00000 30.80800000 2309.00000 226.85000 36.22500 204.11100
 1 5 21 00 12 48233.70000 30.80800000 2309.71000 226.99000 36.22500 204.11100
 1 5 21 00 12 48240.10000 30.80800000 2309.71000 227.15000 36.22500 204.11100
 1 5 21 00 13 48254.00000 30.80800000 2308.88000 227.21000 36.22500 204.11100
 1 5 21 00 13 48254.20000 30.80800000 2309.22000 227.26000 36.22500 204.11100
 1 5 21 00 13 48275.20000 30.80800000 2309.99000 227.26000 36.22500 204.11100
 1 5 21 00 14 48205.20000 30.80800000 2307.55000 227.26000 36.22500 204.11100
 1 5 21 00 14 48214.80000 30.84000000 2307.55000 226.79000 36.22500 204.11100
 1 5 21 00 15 48214.00000 30.84000000 2307.55000 226.75000 36.22500 204.11100
 1 5 21 00 15 48214.10000 30.84000000 2307.54000 226.53000 36.22500 204.11100
 1 5 21 00 16 48089.10000 30.84000000 2300.22000 226.53000 36.22500 204.11100
 1 5 21 00 16 48160.90000 30.84000000 2302.00000 226.25000 36.22500 204.11100
 1 5 21 00 16 48144.30000 30.85100000 2300.76000 226.25000 36.22500 204.11100
 1 5 21 00 17 48131.80000 30.85100000 2303.26000 226.25000 36.22500 204.11100
 1 5 21 00 17 48183.00000 30.85100000 2303.77000 226.36000 36.22500 204.11100
 1 5 21 00 18 48210.20000 30.85100000 2304.96000 226.36000 36.22500 204.11100
 1 5 21 00 18 48238.20000 30.75800000 2304.96000 226.60000 36.22500 204.11100
 1 5 21 00 19 48273.40000 30.70900000 2305.90000 226.62000 36.22500 203.85200
 1 5 21 00 19 48279.90000 30.69100000 2305.95000 227.06000 36.22500 203.85200
 1 5 21 00 19 48288.30000 30.69100000 2307.50000 227.06000 36.22500 203.85200
 1 5 21 00 20 48289.80000 30.69100000 2307.40000 227.06000 36.35000 203.85200
 1 5 21 00 20 48309.40000 30.69100000 2307.40000 227.06000 36.35000 203.85200
