M=[
21 6 21 02 24 29893.60000 41.69100000 1865.85000 128.83000 18.00900 109.45900
21 6 21 02 24 29857.80000 41.69100000 1864.95000 128.83000 18.00900 109.45900
21 6 21 02 25 29874.20000 41.69100000 1862.25000 128.83000 18.00900 109.10300
21 6 21 02 25 29871.20000 41.69100000 1861.81000 128.83000 18.00900 109.10300
21 6 21 02 26 29866.80000 41.69100000 1861.06000 128.83000 18.06700 109.10300
21 6 21 02 26 29868.90000 41.69100000 1860.29000 128.83000 18.06700 109.10300
21 6 21 02 27 29876.70000 41.69100000 1860.29000 128.83000 18.06700 109.10300
21 6 21 02 27 29865.80000 41.69100000 1860.29000 128.83000 18.06700 109.10300
21 6 21 02 27 29855.90000 41.69100000 1860.29000 128.83000 18.06700 109.10300
21 6 21 02 28 29847.00000 41.69100000 1861.47000 128.83000 18.06700 109.10300
21 6 21 02 28 29825.40000 41.69100000 1859.36000 128.83000 18.00900 108.79600
21 6 21 02 29 29774.90000 41.69100000 1856.89000 128.28000 18.00900 108.79600
21 6 21 02 29 29774.60000 41.69100000 1855.34000 128.25000 18.00900 108.79600
21 6 21 02 30 29763.50000 41.49600000 1852.65000 128.25000 18.00900 108.52400
21 6 21 02 30 29756.90000 41.49600000 1854.03000 128.25000 18.00900 108.52400
21 6 21 02 30 29725.10000 41.49600000 1851.00000 128.00000 18.00900 108.52400
21 6 21 02 31 29720.10000 41.49600000 1850.81000 128.00000 18.00900 108.52400
21 6 21 02 31 29709.70000 41.49600000 1848.93000 128.00000 18.00900 108.52400
21 6 21 02 32 29703.80000 41.49600000 1847.62000 128.00000 18.00900 108.52400
21 6 21 02 32 29694.70000 41.49600000 1847.62000 128.00000 18.00900 108.52400
21 6 21 02 33 29692.90000 41.49600000 1847.62000 128.00000 18.00900 108.52400
21 6 21 02 33 29672.80000 41.49600000 1846.56000 127.95000 18.00900 108.52400
21 6 21 02 33 29668.20000 41.49600000 1846.56000 127.95000 18.00900 108.52400
21 6 21 02 34 29668.30000 41.49600000 1846.56000 127.95000 18.00900 108.52400
21 6 21 02 34 29666.30000 41.49600000 1846.55000 127.95000 18.00900 108.52400
21 6 21 02 35 29668.20000 41.46800000 1846.55000 127.95000 18.00900 108.52400
21 6 21 02 35 29701.80000 41.46800000 1847.41000 127.95000 18.00900 108.52400
21 6 21 02 36 29701.70000 41.46800000 1850.00000 127.95000 18.00900 108.52400
21 6 21 02 36 29732.60000 41.46800000 1852.29000 127.95000 18.00900 108.52400
21 6 21 02 36 29724.40000 41.46800000 1852.29000 127.95000 18.00900 108.52400
21 6 21 02 37 29686.40000 41.46800000 1849.56000 127.97000 18.00900 108.52400
21 6 21 02 37 29672.90000 41.46800000 1847.61000 127.97000 18.00900 108.52400
21 6 21 02 38 29669.40000 41.46800000 1847.19000 127.97000 18.00900 108.52400
21 6 21 02 38 29644.90000 41.46800000 1846.77000 127.97000 18.00900 108.52400
21 6 21 02 39 29639.20000 41.46800000 1845.14000 127.97000 18.00900 108.52400
21 6 21 02 39 29647.30000 41.46800000 1845.96000 127.83000 18.00900 108.52400
21 6 21 02 40 29639.00000 41.46800000 1845.96000 127.83000 18.00900 108.52400
21 6 21 02 40 29632.70000 41.46800000 1844.21000 127.83000 18.00900 108.52400
21 6 21 02 40 29632.70000 41.46800000 1844.55000 127.83000 18.00900 108.52400
21 6 21 02 41 29643.90000 41.46800000 1845.43000 127.83000 18.00900 108.52400
21 6 21 02 41 29623.00000 41.46800000 1843.71000 127.83000 18.00900 108.52400
21 6 21 02 42 29616.30000 41.46800000 1843.45000 127.83000 18.00900 108.52400
21 6 21 02 42 29616.30000 41.46800000 1842.04000 127.83000 17.92900 108.52400
21 6 21 02 42 29600.10000 41.46800000 1842.70000 127.83000 17.92900 108.52400
21 6 21 02 43 29597.10000 41.46800000 1843.68000 127.39000 17.92900 108.52400
21 6 21 02 43 29555.00000 41.46800000 1841.29000 127.39000 17.92900 108.52400
21 6 21 02 44 29569.30000 41.46800000 1843.02000 127.39000 17.92900 108.52400
21 6 21 02 44 29557.50000 41.46800000 1842.84000 127.39000 17.92900 108.52400
21 6 21 02 45 29542.90000 41.46800000 1841.67000 127.26000 17.92900 108.52400
21 6 21 02 45 29540.40000 41.46800000 1841.67000 127.26000 17.92900 108.52400
21 6 21 02 45 29540.40000 41.19600000 1840.75000 127.26000 18.00100 108.52400
21 6 21 02 46 29548.10000 41.19600000 1840.86000 127.26000 18.00100 108.52400
21 6 21 02 46 29549.00000 41.19600000 1842.47000 127.26000 18.00100 108.52400
21 6 21 02 47 29528.70000 41.19600000 1842.20000 127.36000 17.89800 108.52400
21 6 21 02 47 29516.40000 41.19600000 1839.53000 127.17000 17.89800 108.52400
21 6 21 02 48 29512.60000 41.19600000 1839.06000 127.17000 17.89800 108.52400
21 6 21 02 48 29512.20000 41.19600000 1839.06000 127.17000 17.89800 108.52400
21 6 21 02 48 29500.60000 41.19600000 1839.39000 127.17000 17.89800 108.52400
21 6 21 02 49 29519.80000 41.19600000 1839.39000 127.17000 17.90200 108.52400
21 6 21 02 49 29541.40000 41.19600000 1839.84000 127.17000 17.90200 108.52400
21 6 21 02 50 29546.50000 41.19600000 1840.87000 127.17000 17.90200 108.52400
21 6 21 02 50 29573.40000 41.19600000 1840.87000 127.17000 17.90200 108.52400
21 6 21 02 51 29608.50000 41.19600000 1840.87000 127.17000 17.90200 108.52400
21 6 21 02 51 29582.80000 41.19600000 1840.87000 127.17000 17.90200 108.52400
21 6 21 02 51 29538.00000 41.19600000 1842.92000 127.17000 17.90200 108.52400
21 6 21 02 52 29546.60000 41.19600000 1841.42000 127.17000 17.90200 108.52400
21 6 21 02 52 29571.10000 41.19600000 1841.42000 127.55000 17.90200 108.52400
21 6 21 02 53 29576.90000 41.19600000 1841.42000 127.55000 17.90200 108.52400
21 6 21 02 53 29585.70000 41.19600000 1842.55000 127.55000 17.90200 108.52400
21 6 21 02 54 29587.00000 41.19600000 1843.30000 127.55000 17.93100 108.52400
21 6 21 02 54 29595.00000 41.19600000 1843.30000 127.55000 17.92400 108.52400
21 6 21 02 54 29611.00000 41.19600000 1843.30000 127.55000 17.92400 108.52400
21 6 21 02 55 29621.60000 41.19600000 1843.30000 127.55000 17.92400 108.52400
21 6 21 02 55 29623.10000 41.19600000 1843.30000 127.55000 17.92400 108.52400
21 6 21 02 56 29626.90000 41.19600000 1843.30000 127.55000 17.92400 108.52400
21 6 21 02 56 29623.70000 41.19600000 1843.30000 127.55000 17.92400 108.52400
21 6 21 02 57 29647.20000 41.19600000 1843.30000 127.55000 17.92400 108.52400
21 6 21 02 57 29656.50000 41.19600000 1843.30000 127.55000 17.92400 108.52400
21 6 21 02 57 29663.60000 41.19600000 1843.30000 127.55000 17.92400 108.52400
21 6 21 02 58 29672.60000 41.19600000 1848.02000 127.55000 17.92400 108.52400
21 6 21 02 58 29675.30000 41.19600000 1848.02000 127.55000 17.92400 108.52400
21 6 21 02 59 29685.00000 41.19600000 1849.03000 127.89000 17.92400 108.52400
21 6 21 02 59 29672.30000 41.19600000 1849.03000 127.89000 17.92400 108.52400
21 6 21 03 00 29692.50000 41.19600000 1849.03000 127.89000 17.93900 108.52400
21 6 21 03 00 29689.00000 41.19600000 1848.42000 127.89000 17.93900 108.52400
21 6 21 03 00 29688.90000 41.19600000 1847.28000 127.89000 17.93900 108.52400
21 6 21 03 01 29655.20000 41.19600000 1847.28000 127.89000 17.93900 108.52400
21 6 21 03 01 29638.80000 41.19600000 1847.28000 127.89000 17.93900 108.52400
21 6 21 03 02 29638.80000 41.19600000 1847.28000 127.89000 17.93900 108.52400
21 6 21 03 02 29639.50000 41.19600000 1847.28000 127.89000 17.93900 108.52400
21 6 21 03 03 29662.30000 41.19600000 1847.28000 127.89000 17.93900 108.52400
21 6 21 03 03 29627.50000 41.19600000 1847.28000 127.89000 17.93900 108.52400
21 6 21 03 03 29602.50000 41.19600000 1844.11000 127.89000 17.93900 108.52400
21 6 21 03 04 29603.20000 41.19600000 1844.78000 127.89000 17.93900 108.52400
21 6 21 03 04 29630.90000 41.19600000 1844.54000 127.89000 17.93900 108.52400
21 6 21 03 05 29626.40000 41.19600000 1844.55000 127.89000 17.93900 108.52400
21 6 21 03 05 29643.20000 41.19600000 1844.55000 127.89000 17.93900 108.52400
21 6 21 03 06 29631.70000 41.19600000 1845.15000 127.89000 17.93900 108.52400
21 6 21 03 06 29610.10000 41.19600000 1843.81000 127.87000 17.93900 108.52400
21 6 21 03 06 29570.20000 41.19600000 1841.55000 127.65000 17.93900 108.52400
21 6 21 03 07 29538.10000 41.19600000 1840.15000 127.65000 17.93900 108.52400
21 6 21 03 07 29528.00000 41.19600000 1837.26000 127.65000 17.93900 108.52400
