M=[
14 7 20 10 05 8115.70000 5.49800000 210.76000 38.32000 16.56100 52.85900
14 7 20 10 06 8115.70000 5.49800000 210.76000 38.32000 16.56100 52.85900
14 7 20 10 06 8115.60000 5.49800000 210.73000 38.32000 16.56100 52.85900
14 7 20 10 07 8115.70000 5.49800000 210.73000 38.32000 16.56100 52.85900
14 7 20 10 07 8115.70000 5.49800000 210.72000 38.32000 16.56100 52.85900
14 7 20 10 07 8115.70000 5.49800000 210.70000 38.32000 16.65800 52.85900
14 7 20 10 08 8115.70000 5.49800000 210.70000 38.33000 16.65800 52.85900
14 7 20 10 08 8115.60000 5.49800000 210.70000 38.33000 16.65800 52.85900
14 7 20 10 09 8115.70000 5.49800000 210.70000 38.32000 16.65800 52.68700
14 7 20 10 09 8113.80000 5.49800000 210.70000 38.32000 16.65800 52.68700
14 7 20 10 10 8113.90000 5.49800000 210.70000 38.32000 16.65800 52.68700
14 7 20 10 10 8110.30000 5.49800000 210.74000 38.32000 16.65800 52.68700
14 7 20 10 11 8109.10000 5.49800000 210.52000 38.32000 16.65800 52.68700
14 7 20 10 11 8108.10000 5.49800000 210.51000 38.27000 16.65800 52.68700
14 7 20 10 11 8108.20000 5.49800000 210.51000 38.27000 16.65800 52.68700
14 7 20 10 12 8108.20000 5.49800000 210.51000 38.27000 16.65800 52.68700
14 7 20 10 12 8105.90000 5.49800000 210.51000 38.27000 16.65800 52.68700
14 7 20 10 13 8105.90000 5.49800000 210.51000 38.30000 16.65800 52.68700
14 7 20 10 13 8105.90000 5.49800000 210.51000 38.30000 16.65800 52.68700
14 7 20 10 14 8105.90000 5.49800000 210.51000 38.30000 16.65800 52.68700
14 7 20 10 14 8105.80000 5.49800000 210.51000 38.30000 16.65800 52.68700
14 7 20 10 15 8105.80000 5.49800000 210.51000 38.30000 16.65800 52.68700
14 7 20 10 15 8105.90000 5.49800000 210.48000 38.27000 16.65800 52.68700
14 7 20 10 16 8105.90000 5.49800000 210.48000 38.27000 16.65800 52.68700
14 7 20 10 16 8105.90000 5.49800000 210.31000 38.27000 16.65800 52.68700
14 7 20 10 16 8105.80000 5.49800000 210.32000 38.27000 16.65800 52.68700
14 7 20 10 17 8103.80000 5.49800000 210.32000 38.21000 16.65800 52.68700
14 7 20 10 17 8102.30000 5.49800000 210.31000 38.21000 16.65800 52.68700
14 7 20 10 18 8101.10000 5.49800000 210.32000 38.22000 16.65800 52.68700
14 7 20 10 18 8101.10000 5.49800000 210.32000 38.22000 16.65800 52.68700
14 7 20 10 19 8101.10000 5.49800000 210.31000 38.22000 16.65800 52.68700
14 7 20 10 19 8100.90000 5.49800000 210.31000 38.22000 16.62700 52.68700
14 7 20 10 20 8101.00000 5.49800000 210.31000 38.22000 16.62700 52.68700
14 7 20 10 20 8101.00000 5.49800000 210.31000 38.22000 16.62700 52.68700
14 7 20 10 21 8102.70000 5.49800000 210.30000 38.22000 16.65000 52.68700
14 7 20 10 21 8103.30000 5.49800000 210.30000 38.22000 16.65000 52.68700
14 7 20 10 22 8104.00000 5.49800000 210.27000 38.22000 16.65000 52.68700
14 7 20 10 22 8103.30000 5.49800000 210.24000 38.22000 16.65000 52.68700
14 7 20 10 22 8103.30000 5.49800000 210.24000 38.22000 16.65000 52.68700
14 7 20 10 23 8103.30000 5.49800000 210.24000 38.26000 16.65000 52.68700
14 7 20 10 23 8103.30000 5.49800000 210.31000 38.26000 16.65000 52.68700
14 7 20 10 24 8104.10000 5.47800000 210.31000 38.25000 16.65000 52.68700
14 7 20 10 24 8103.30000 5.47800000 210.30000 38.25000 16.65000 52.91200
14 7 20 10 25 8103.00000 5.47800000 210.29000 38.25000 16.65000 52.91200
14 7 20 10 25 8103.30000 5.47800000 210.29000 38.25000 16.65000 52.91200
14 7 20 10 26 8103.70000 5.47800000 210.30000 38.25000 16.65000 52.91200
14 7 20 10 26 8103.80000 5.47800000 210.30000 38.25000 16.65000 52.91200
14 7 20 10 26 8104.00000 5.47800000 210.33000 38.25000 16.65000 52.91200
14 7 20 10 27 8104.10000 5.47800000 210.33000 38.28000 16.65000 52.91200
14 7 20 10 27 8104.10000 5.47800000 210.33000 38.28000 16.65000 52.91200
14 7 20 10 28 8104.10000 5.47800000 210.33000 38.28000 16.65000 52.91200
14 7 20 10 28 8104.00000 5.47800000 210.34000 38.28000 16.65000 52.91200
14 7 20 10 29 8104.10000 5.47800000 210.34000 38.28000 16.65000 52.91200
14 7 20 10 29 8104.00000 5.47800000 210.33000 38.31000 16.65000 53.04600
14 7 20 10 30 8104.10000 5.47800000 210.43000 38.31000 16.65000 53.04600
14 7 20 10 30 8104.10000 5.47800000 210.45000 38.28000 16.65000 53.02400
14 7 20 10 30 8104.10000 5.47800000 210.44000 38.28000 16.65000 53.02400
14 7 20 10 31 8104.00000 5.47800000 210.44000 38.28000 16.65000 53.02400
14 7 20 10 31 8104.10000 5.47800000 210.45000 38.27000 16.65000 53.02400
14 7 20 10 32 8104.00000 5.47800000 210.44000 38.27000 16.65000 53.02400
14 7 20 10 32 8104.10000 5.47800000 210.45000 38.27000 16.65000 53.02400
14 7 20 10 33 8104.10000 5.47800000 210.44000 38.25000 16.65000 53.02400
14 7 20 10 33 8104.00000 5.47800000 210.45000 38.25000 16.65000 53.02400
14 7 20 10 34 8104.00000 5.47800000 210.44000 38.25000 16.65000 53.02400
14 7 20 10 34 8104.00000 5.47800000 210.44000 38.25000 16.65000 53.02400
14 7 20 10 35 8104.10000 5.47800000 210.44000 38.25000 16.65000 53.02400
14 7 20 10 35 8104.00000 5.47800000 210.45000 38.25000 16.65000 53.02400
14 7 20 10 35 8104.20000 5.47800000 210.43000 38.25000 16.65000 53.02400
14 7 20 10 36 8104.00000 5.47800000 210.44000 38.25000 16.65000 53.02400
14 7 20 10 36 8101.00000 5.47800000 210.43000 38.26000 16.65000 53.02400
14 7 20 10 37 8101.10000 5.47800000 210.35000 38.26000 16.65000 53.02400
14 7 20 10 37 8102.10000 5.47800000 210.35000 38.26000 16.65000 52.73000
14 7 20 10 38 8102.20000 5.47800000 210.37000 38.26000 16.65000 52.73000
14 7 20 10 38 8102.10000 5.47800000 210.36000 38.26000 16.65000 52.73000
14 7 20 10 39 8101.60000 5.47800000 210.36000 38.26000 16.65000 52.73000
14 7 20 10 39 8102.10000 5.47800000 210.36000 38.25000 16.65000 52.73000
14 7 20 10 39 8101.00000 5.47800000 210.35000 38.25000 16.57000 52.73000
14 7 20 10 40 8101.50000 5.47800000 210.36000 38.25000 16.57000 52.73000
14 7 20 10 40 8101.60000 5.47800000 210.35000 38.25000 16.57000 52.73000
14 7 20 10 41 8101.10000 5.47800000 210.31000 38.25000 16.57000 52.73000
14 7 20 10 41 8101.00000 5.47800000 210.31000 38.25000 16.57000 52.73000
14 7 20 10 42 8101.00000 5.47800000 210.30000 38.25000 16.57000 52.73000
14 7 20 10 42 8101.00000 5.47800000 210.30000 38.25000 16.57000 52.73000
14 7 20 10 43 8101.00000 5.47800000 210.23000 38.25000 16.57000 52.73000
14 7 20 10 43 8101.10000 5.47800000 210.23000 38.26000 16.57000 52.73000
14 7 20 10 43 8101.10000 5.47800000 210.13000 38.26000 16.53500 52.73000
14 7 20 10 44 8090.00000 5.47800000 210.14000 38.25000 16.53500 52.73000
14 7 20 10 44 8090.00000 5.47800000 210.11000 38.25000 16.53500 52.73000
14 7 20 10 45 8090.00000 5.47800000 210.10000 38.19000 16.53500 52.73000
14 7 20 10 45 8089.90000 5.47800000 210.10000 38.19000 16.53500 52.73000
14 7 20 10 46 8090.00000 5.47800000 210.04000 38.19000 16.53500 52.73000
14 7 20 10 46 8089.50000 5.47800000 210.04000 38.19000 16.53500 52.73000
14 7 20 10 47 8089.40000 5.47800000 210.05000 38.19000 16.53500 52.73000
14 7 20 10 47 8090.60000 5.47800000 210.05000 38.19000 16.53500 52.73000
14 7 20 10 48 8093.40000 5.47800000 210.05000 38.19000 16.53500 52.73000
14 7 20 10 48 8093.40000 5.47800000 210.05000 38.18000 16.56500 52.73000
14 7 20 10 48 8093.30000 5.47800000 210.04000 38.18000 16.56500 52.73000
14 7 20 10 49 8092.70000 5.47800000 210.02000 38.18000 16.56500 52.73000
14 7 20 10 49 8091.70000 5.47800000 210.00000 38.18000 16.65100 52.73000
14 7 20 10 50 8091.70000 5.47800000 210.01000 38.18000 16.65100 52.73000
14 7 20 10 50 8091.70000 5.47800000 210.01000 38.18000 16.65100 52.73000
14 7 20 10 51 8091.70000 5.47800000 210.01000 38.20000 16.65100 52.73000
14 7 20 10 51 8091.70000 5.47800000 210.01000 38.17000 16.65100 52.73000
14 7 20 10 51 8091.20000 5.47800000 210.01000 38.17000 16.65100 52.73000
14 7 20 10 52 8091.20000 5.47500000 209.82000 38.17000 16.65100 52.73000
14 7 20 10 52 8091.30000 5.47500000 209.79000 38.17000 16.65100 52.73000
14 7 20 10 53 8091.30000 5.47500000 209.83000 38.17000 16.65100 52.73000
14 7 20 10 53 8091.30000 5.47500000 209.83000 38.17000 16.65100 52.73000
14 7 20 10 54 8091.30000 5.47500000 209.82000 38.13000 16.65100 52.73000
