M=[
 7 4 21 04 21 48479.40000 17.18600000 1764.54000 200.48000 39.19800 159.20000
 7 4 21 04 21 48479.40000 17.19600000 1764.87000 200.43000 39.19800 159.20000
 7 4 21 04 22 48479.30000 17.39700000 1764.87000 200.17000 39.19800 159.21000
 7 4 21 04 22 48452.50000 17.42100000 1763.05000 200.11000 39.19800 159.21000
 7 4 21 04 23 48452.50000 17.39200000 1763.05000 200.11000 39.19800 159.21000
 7 4 21 04 23 48452.40000 17.39200000 1762.64000 199.98000 39.19800 159.21000
 7 4 21 04 23 48452.50000 17.18800000 1762.64000 199.98000 39.19800 159.21000
 7 4 21 04 24 48433.70000 17.09000000 1760.44000 199.98000 39.19800 159.21000
 7 4 21 04 24 48426.00000 17.15600000 1762.82000 199.66000 39.19800 159.21000
 7 4 21 04 25 48424.30000 17.15600000 1762.83000 199.66000 39.19800 159.21000
 7 4 21 04 25 48385.70000 17.29700000 1762.58000 199.72000 39.19800 159.21000
 7 4 21 04 26 48391.00000 17.45200000 1761.13000 199.51000 39.19800 159.21000
 7 4 21 04 26 48381.30000 17.48500000 1761.03000 199.60000 39.65100 159.21000
 7 4 21 04 26 48374.10000 17.32300000 1760.35000 199.52000 39.19800 159.21000
 7 4 21 04 27 48387.90000 17.34800000 1760.35000 199.57000 39.19800 159.21000
 7 4 21 04 27 48407.40000 17.34800000 1763.50000 199.57000 39.19800 159.21000
 7 4 21 04 28 48433.50000 17.41400000 1762.85000 199.73000 39.19800 158.98600
 7 4 21 04 28 48433.40000 17.26300000 1762.85000 199.69000 39.56300 158.98600
 7 4 21 04 29 48433.40000 17.16700000 1760.23000 199.23000 39.56300 158.98600
 7 4 21 04 29 48405.80000 17.16700000 1760.50000 199.44000 39.56300 158.98600
 7 4 21 04 29 48406.10000 17.16700000 1759.43000 199.62000 39.56300 158.98600
 7 4 21 04 30 48402.90000 17.09200000 1757.14000 199.45000 39.56300 158.98600
 7 4 21 04 30 48406.10000 17.09200000 1756.01000 199.56000 39.56300 158.98600
 7 4 21 04 31 48406.20000 17.09200000 1755.99000 199.53000 39.56300 158.98600
 7 4 21 04 31 48469.70000 17.01600000 1755.30000 199.53000 39.56300 158.98600
 7 4 21 04 32 48471.80000 16.99700000 1756.86000 199.53000 38.94900 158.98600
 7 4 21 04 32 48471.70000 17.01700000 1756.86000 200.26000 38.72800 158.98600
 7 4 21 04 32 48471.80000 17.04100000 1758.36000 200.35000 38.72800 158.98600
 7 4 21 04 33 48471.70000 17.04100000 1757.42000 200.35000 38.72800 158.98600
 7 4 21 04 33 48492.20000 17.21400000 1757.93000 200.53000 38.72800 158.98600
 7 4 21 04 34 48502.90000 17.17800000 1758.36000 200.87000 38.72800 158.98600
 7 4 21 04 34 48521.80000 17.18400000 1760.72000 201.27000 38.72800 158.98600
 7 4 21 04 35 48521.80000 17.18800000 1760.72000 201.65000 38.72800 158.98600
 7 4 21 04 35 48521.80000 17.05800000 1761.26000 201.65000 38.72800 158.98600
 7 4 21 04 35 48520.70000 17.14700000 1761.26000 201.65000 38.72800 158.98600
 7 4 21 04 36 48520.70000 17.06600000 1761.26000 201.40000 38.72800 158.98600
 7 4 21 04 36 48521.70000 17.16200000 1761.63000 201.40000 38.72800 158.98600
 7 4 21 04 37 48521.70000 17.10700000 1761.98000 201.62000 38.72800 160.37800
 7 4 21 04 37 48521.70000 17.10700000 1761.98000 201.35000 38.85000 160.37800
 7 4 21 04 38 48487.30000 17.10700000 1760.60000 201.35000 38.85300 160.37800
 7 4 21 04 38 48487.40000 17.10700000 1761.88000 201.10000 38.85300 160.37800
 7 4 21 04 38 48498.10000 17.10700000 1761.88000 201.44000 38.85300 160.37800
 7 4 21 04 39 48508.90000 17.10700000 1761.88000 201.44000 38.85300 160.37800
 7 4 21 04 39 48508.90000 17.14800000 1761.44000 201.44000 38.85300 160.37800
 7 4 21 04 40 48508.90000 17.14800000 1761.08000 201.44000 38.85300 160.05900
 7 4 21 04 40 48508.90000 17.14800000 1761.19000 201.41000 38.85300 160.05900
 7 4 21 04 41 48508.80000 17.14800000 1761.20000 201.53000 38.85300 160.05900
 7 4 21 04 41 48508.90000 17.14800000 1761.20000 201.62000 38.85300 160.05900
 7 4 21 04 41 48508.90000 17.14800000 1761.05000 201.62000 38.85300 160.05900
 7 4 21 04 42 48508.90000 17.21400000 1761.99000 202.08000 38.85300 160.05900
 7 4 21 04 42 48508.90000 17.21400000 1763.00000 202.23000 38.85300 160.05900
 7 4 21 04 43 48508.90000 17.14300000 1762.00000 202.06000 38.85300 160.05900
 7 4 21 04 43 48508.90000 17.14400000 1761.79000 202.08000 38.85300 160.05900
 7 4 21 04 44 48508.80000 17.14300000 1761.04000 202.09000 38.85300 160.05900
 7 4 21 04 44 48501.10000 16.98900000 1761.04000 202.09000 38.85300 160.05900
 7 4 21 04 44 48501.00000 16.98900000 1760.45000 201.64000 38.85300 160.05900
 7 4 21 04 45 48420.70000 16.98100000 1759.33000 201.31000 38.85300 160.52100
 7 4 21 04 45 48438.80000 16.98100000 1759.33000 201.10000 38.85300 160.52100
 7 4 21 04 46 48447.80000 17.00000000 1760.18000 201.49000 39.42500 160.52100
 7 4 21 04 46 48510.70000 17.00000000 1761.99000 201.49000 39.42500 160.52100
 7 4 21 04 47 48515.70000 17.15000000 1762.00000 201.49000 39.78700 160.52100
 7 4 21 04 47 48515.70000 17.15000000 1763.40000 201.49000 39.78700 160.52100
 7 4 21 04 47 48515.50000 17.15000000 1762.75000 201.87000 39.82200 160.52100
 7 4 21 04 48 48525.40000 17.10400000 1762.82000 201.87000 39.82200 161.05900
 7 4 21 04 48 48543.30000 17.10400000 1763.99000 201.87000 39.82200 161.05900
 7 4 21 04 49 48564.50000 17.10400000 1764.00000 201.87000 39.82200 161.05900
 7 4 21 04 49 48601.70000 17.10400000 1764.99000 201.87000 39.82200 161.05900
 7 4 21 04 50 48601.70000 17.10400000 1765.37000 201.87000 39.82200 161.05900
 7 4 21 04 50 48601.60000 17.10400000 1766.00000 202.08000 39.45300 161.88000
 7 4 21 04 50 48601.70000 17.23900000 1766.00000 202.08000 39.45300 161.78600
 7 4 21 04 51 48602.00000 17.23900000 1766.00000 202.08000 39.47500 161.78600
 7 4 21 04 51 48602.00000 17.23900000 1763.74000 201.83000 39.47500 161.78600
 7 4 21 04 52 48613.10000 17.23900000 1765.73000 201.83000 39.47500 162.23300
 7 4 21 04 52 48613.10000 17.09400000 1763.38000 201.91000 39.47500 162.23300
 7 4 21 04 53 48613.10000 17.09400000 1764.76000 201.79000 39.98900 162.23300
 7 4 21 04 53 48586.40000 17.09400000 1764.76000 201.79000 39.98900 162.23300
 7 4 21 04 53 48586.40000 17.09400000 1763.79000 201.79000 39.50300 162.23300
 7 4 21 04 54 48586.40000 17.09400000 1763.05000 201.79000 39.50300 162.23300
 7 4 21 04 54 48602.20000 17.09500000 1763.40000 201.79000 39.50300 162.23300
 7 4 21 04 55 48614.50000 17.09500000 1764.86000 201.80000 39.50300 162.23300
 7 4 21 04 55 48614.60000 17.05500000 1764.86000 201.80000 39.50300 162.23300
 7 4 21 04 56 48588.30000 17.03300000 1762.95000 201.80000 39.99100 162.03200
 7 4 21 04 56 48614.00000 17.03300000 1764.91000 201.80000 39.99100 162.03200
 7 4 21 04 56 48613.90000 16.88200000 1763.56000 201.80000 39.99100 162.03200
 7 4 21 04 57 48614.60000 16.88200000 1763.56000 201.80000 39.99100 162.03200
 7 4 21 04 57 48614.00000 16.88200000 1763.30000 202.36000 39.99100 162.03200
 7 4 21 04 58 48615.80000 16.90100000 1763.78000 202.41000 39.99100 162.03200
 7 4 21 04 58 48615.70000 16.90600000 1763.79000 202.41000 40.00000 162.03200
 7 4 21 04 59 48615.80000 16.90600000 1763.79000 202.61000 40.00000 162.03200
 7 4 21 04 59 48627.70000 16.89400000 1763.87000 202.70000 40.00000 162.03200
 7 4 21 04 59 48632.00000 16.88900000 1763.88000 202.71000 40.00000 162.03200
 7 4 21 05 00 48656.50000 16.96200000 1764.97000 202.95000 40.00000 162.03200
 7 4 21 05 00 48678.70000 16.96200000 1765.97000 202.95000 40.13100 162.03200
 7 4 21 05 01 48685.40000 16.90000000 1766.00000 202.82000 40.13100 162.03200
 7 4 21 05 01 48685.40000 16.92000000 1766.41000 202.76000 40.13100 162.03200
 7 4 21 05 02 48685.40000 16.92000000 1766.75000 202.85000 40.13100 162.03200
 7 4 21 05 02 48700.60000 16.92000000 1767.39000 203.13000 40.13100 162.03200
 7 4 21 05 02 48700.50000 16.99700000 1767.40000 203.18000 40.13100 162.03200
 7 4 21 05 03 48700.60000 17.02100000 1767.40000 203.21000 40.13100 162.03200
 7 4 21 05 03 48709.10000 16.88600000 1767.39000 203.21000 40.13100 162.23400
 7 4 21 05 04 48709.00000 16.88600000 1766.62000 203.19000 40.13100 162.23400
 7 4 21 05 04 48700.70000 16.88600000 1766.61000 203.21000 40.05600 162.23400
