M=[
14 2 21 01 44 39270.90000 13.59700000 1515.53000 185.25000 28.30000 147.58500
14 2 21 01 45 39272.00000 13.59700000 1515.53000 185.43000 28.30000 147.58500
14 2 21 01 45 39272.00000 13.59700000 1516.73000 185.43000 28.30000 147.58500
14 2 21 01 46 39253.00000 13.59700000 1516.73000 185.75000 28.30000 147.58500
14 2 21 01 46 39231.30000 13.59700000 1516.73000 185.43000 28.30000 147.58500
14 2 21 01 46 39229.30000 13.59700000 1515.21000 185.43000 28.30000 148.37500
14 2 21 01 47 39211.30000 13.59700000 1514.77000 185.65000 28.30000 148.37500
14 2 21 01 47 39185.00000 13.59700000 1514.77000 185.65000 28.30000 148.29000
14 2 21 01 48 39138.00000 13.52900000 1512.54000 185.64000 28.30000 148.29000
14 2 21 01 48 39125.20000 13.52900000 1512.32000 184.65000 28.36000 148.29000
14 2 21 01 49 39125.10000 13.52900000 1511.79000 184.37000 28.36000 148.29000
14 2 21 01 49 39142.80000 13.52900000 1511.79000 184.47000 28.15800 148.29000
14 2 21 01 49 39137.60000 13.53000000 1511.79000 184.09000 28.15800 148.29000
14 2 21 01 50 39137.20000 13.53000000 1511.79000 184.09000 28.15800 147.22400
14 2 21 01 50 39165.00000 13.54700000 1511.79000 184.35000 27.88000 147.22400
14 2 21 01 51 39148.90000 13.54700000 1511.79000 184.15000 27.88000 147.22400
14 2 21 01 51 39161.10000 13.54700000 1511.79000 184.15000 27.88000 147.22400
14 2 21 01 52 39191.50000 13.54700000 1512.97000 184.45000 27.88000 147.22400
14 2 21 01 52 39166.10000 13.54700000 1512.63000 184.45000 28.17400 147.22400
14 2 21 01 52 39194.40000 13.59100000 1513.60000 184.52000 28.17400 147.22400
14 2 21 01 53 39206.40000 13.59100000 1514.06000 184.52000 28.17400 147.22400
14 2 21 01 53 39200.20000 13.55000000 1513.38000 184.52000 28.17400 147.22400
14 2 21 01 54 39194.60000 13.54900000 1514.13000 184.52000 28.17400 147.22400
14 2 21 01 54 39200.20000 13.54900000 1514.13000 184.52000 28.17400 147.22400
14 2 21 01 55 39200.20000 13.56600000 1514.13000 184.52000 28.17400 147.22400
14 2 21 01 55 39200.20000 13.54900000 1514.13000 184.52000 28.17400 147.22400
14 2 21 01 55 39228.50000 13.53000000 1514.87000 184.50000 28.17400 147.22400
14 2 21 01 56 39224.50000 13.52900000 1514.87000 184.43000 28.17400 147.22400
14 2 21 01 56 39225.10000 13.52900000 1515.64000 184.43000 28.17400 147.22400
14 2 21 01 57 39228.10000 13.52900000 1515.64000 184.51000 28.17400 147.22400
14 2 21 01 57 39222.80000 13.52900000 1515.44000 184.47000 28.31400 147.22400
14 2 21 01 58 39222.90000 13.57800000 1515.44000 183.81000 28.45300 147.22400
14 2 21 01 58 39231.70000 13.57800000 1514.53000 183.81000 28.45300 147.22400
14 2 21 01 58 39231.60000 13.57800000 1514.53000 183.89000 28.45200 146.62800
14 2 21 01 59 39231.60000 13.52900000 1514.53000 183.85000 28.45200 146.62800
14 2 21 01 59 39255.20000 13.52900000 1514.53000 183.85000 28.45200 146.62800
14 2 21 02 00 39255.70000 13.59400000 1517.37000 184.14000 28.55900 146.62800
14 2 21 02 00 39279.00000 13.59400000 1518.30000 184.14000 28.60800 146.62800
14 2 21 02 01 39282.50000 13.59400000 1518.30000 183.97000 28.60800 146.62800
14 2 21 02 01 39282.50000 13.59400000 1518.30000 183.97000 28.60800 146.62800
14 2 21 02 01 39290.70000 13.59400000 1519.42000 183.97000 28.60800 146.62800
14 2 21 02 02 39290.60000 13.62400000 1519.80000 184.27000 28.25800 148.03000
14 2 21 02 02 39290.70000 13.62400000 1519.80000 184.27000 28.25800 148.03000
14 2 21 02 03 39316.80000 13.62400000 1519.80000 184.38000 28.25800 148.03000
14 2 21 02 03 39308.70000 13.60000000 1520.90000 184.38000 28.25800 148.03000
14 2 21 02 04 39308.70000 13.60000000 1521.00000 183.89000 28.25800 148.03000
14 2 21 02 04 39306.50000 13.60000000 1521.93000 183.89000 28.97200 147.79000
14 2 21 02 04 39309.30000 13.60000000 1522.02000 184.30000 28.98200 147.79000
14 2 21 02 05 39300.30000 13.60000000 1522.02000 184.12000 29.15100 147.79000
14 2 21 02 05 39300.30000 13.60000000 1520.46000 184.12000 29.19000 147.79000
14 2 21 02 06 39300.30000 13.60100000 1522.03000 184.16000 28.56200 146.61500
14 2 21 02 06 39310.00000 13.60100000 1522.02000 184.39000 28.56200 146.61500
14 2 21 02 07 39310.00000 13.60100000 1522.02000 184.39000 29.06600 146.61500
14 2 21 02 07 39310.00000 13.60100000 1522.02000 184.39000 29.01100 146.38100
14 2 21 02 07 39310.00000 13.60100000 1522.00000 184.39000 29.01200 146.38100
14 2 21 02 08 39310.00000 13.60100000 1521.50000 184.39000 29.01300 146.38100
14 2 21 02 08 39353.40000 13.60100000 1522.29000 184.69000 29.50000 145.86900
14 2 21 02 09 39353.40000 13.60100000 1522.29000 184.69000 29.50000 146.12200
14 2 21 02 09 39353.40000 13.60000000 1522.29000 184.63000 29.50000 146.12200
14 2 21 02 09 39353.50000 13.60000000 1522.30000 184.80000 29.42400 146.12200
14 2 21 02 10 39367.80000 13.64500000 1522.29000 184.80000 29.42400 146.12200
14 2 21 02 10 39367.80000 13.67500000 1522.13000 184.80000 29.01200 146.12200
14 2 21 02 11 39373.70000 13.67500000 1521.52000 184.80000 29.30400 146.12200
14 2 21 02 11 39367.70000 13.67500000 1522.30000 184.80000 29.50000 146.12200
14 2 21 02 12 39367.80000 13.67500000 1522.98000 184.80000 29.01500 146.12200
14 2 21 02 12 39367.70000 13.67500000 1522.98000 184.80000 29.30100 146.12200
14 2 21 02 12 39357.20000 13.67500000 1522.97000 184.97000 29.31600 145.64300
14 2 21 02 13 39339.70000 13.67500000 1522.97000 184.97000 29.80300 145.64300
14 2 21 02 13 39339.60000 13.60100000 1522.83000 184.97000 29.82700 145.64300
14 2 21 02 14 39339.70000 13.70800000 1522.68000 184.97000 29.82700 145.64300
14 2 21 02 14 39339.70000 13.70800000 1522.96000 185.09000 29.82700 145.64300
14 2 21 02 15 39339.70000 13.70800000 1522.40000 185.09000 30.33800 145.64300
14 2 21 02 15 39332.20000 13.70800000 1522.32000 185.09000 30.18900 145.64300
14 2 21 02 15 39323.00000 13.70800000 1522.32000 185.25000 30.49100 145.64300
14 2 21 02 16 39316.80000 13.71400000 1522.98000 185.30000 30.24500 145.64300
14 2 21 02 16 39304.60000 13.71400000 1522.98000 185.24000 30.24500 145.64300
14 2 21 02 17 39304.80000 13.71400000 1522.11000 185.14000 30.23000 145.64300
14 2 21 02 17 39300.40000 13.71500000 1522.18000 185.14000 30.23000 145.64300
14 2 21 02 18 39307.70000 13.71400000 1522.18000 185.25000 30.27700 145.64300
14 2 21 02 18 39300.00000 13.71400000 1522.49000 185.25000 30.27800 145.64300
14 2 21 02 18 39300.00000 13.71400000 1522.11000 185.04000 30.49000 145.64300
14 2 21 02 19 39283.40000 13.71400000 1522.08000 184.98000 30.49000 145.64300
14 2 21 02 19 39283.40000 13.71400000 1522.08000 184.98000 30.49000 145.64300
14 2 21 02 20 39286.00000 13.71400000 1522.00000 184.97000 30.49000 145.64300
14 2 21 02 20 39301.00000 13.71400000 1522.00000 184.72000 30.49000 145.64300
14 2 21 02 21 39300.90000 13.83000000 1522.00000 184.69000 30.77200 145.64300
14 2 21 02 21 39301.00000 13.77800000 1522.00000 185.00000 30.77200 145.64300
14 2 21 02 21 39320.00000 13.77800000 1522.00000 185.00000 30.32400 145.64300
14 2 21 02 22 39319.90000 13.77800000 1522.00000 184.93000 30.32400 145.64300
14 2 21 02 22 39313.40000 13.71500000 1522.00000 184.93000 30.32800 145.64300
14 2 21 02 23 39323.10000 13.80200000 1522.16000 184.92000 30.32800 145.64300
14 2 21 02 23 39308.10000 13.80200000 1522.00000 184.77000 30.32800 145.64300
14 2 21 02 24 39307.50000 13.80200000 1521.99000 184.77000 30.32900 145.64300
14 2 21 02 24 39307.50000 13.80200000 1520.40000 184.77000 30.83000 145.64300
14 2 21 02 24 39313.90000 13.80200000 1520.40000 184.77000 30.80200 145.64300
14 2 21 02 25 39273.80000 13.78600000 1520.40000 184.78000 30.33300 145.64300
14 2 21 02 25 39273.80000 13.78600000 1520.00000 184.78000 30.33300 145.64300
14 2 21 02 26 39231.70000 13.78600000 1520.00000 184.65000 30.33300 147.40000
14 2 21 02 26 39231.70000 13.78100000 1520.00000 184.53000 30.33100 146.94100
14 2 21 02 27 39215.20000 13.78100000 1520.00000 184.37000 30.33100 146.14800
14 2 21 02 27 39215.20000 13.78200000 1519.06000 184.37000 30.33100 146.14800
14 2 21 02 27 39222.60000 13.78200000 1519.06000 184.37000 30.33100 146.14800
