M=[
16 7 21 05 08 27012.80000 36.74300000 1648.34000 107.36000 16.51000 86.04000
16 7 21 05 08 27012.80000 36.69000000 1642.77000 107.36000 16.51000 86.04000
16 7 21 05 08 27002.50000 36.69000000 1642.56000 107.36000 16.51000 86.04000
16 7 21 05 09 27009.90000 36.69000000 1642.56000 107.36000 16.51000 86.04000
16 7 21 05 09 27002.00000 36.69000000 1642.72000 107.36000 16.51000 86.04000
16 7 21 05 10 27012.80000 36.69000000 1642.72000 107.36000 16.41700 86.04000
16 7 21 05 10 27011.60000 36.69000000 1642.72000 107.36000 16.41700 86.04000
16 7 21 05 11 27012.30000 36.69000000 1642.72000 107.36000 16.41700 86.04000
16 7 21 05 11 27018.50000 36.69000000 1645.91000 107.36000 16.41700 86.04000
16 7 21 05 11 27027.00000 36.69000000 1645.91000 107.36000 16.41700 86.04000
16 7 21 05 12 27027.00000 36.69000000 1647.14000 107.36000 16.33100 86.04000
16 7 21 05 12 27026.90000 36.69000000 1646.75000 107.36000 16.33100 86.04000
16 7 21 05 13 27027.00000 36.69000000 1646.75000 107.36000 16.33100 86.04000
16 7 21 05 13 27027.00000 36.69000000 1646.75000 107.36000 16.33100 86.04000
16 7 21 05 14 27027.00000 36.69000000 1646.75000 107.45000 16.33100 85.75400
16 7 21 05 14 27027.00000 36.69000000 1646.75000 107.45000 16.33100 85.75400
16 7 21 05 14 27027.00000 36.69000000 1646.75000 107.44000 16.33100 85.75400
16 7 21 05 15 27027.00000 36.69000000 1646.75000 107.44000 16.33100 85.75400
16 7 21 05 15 27026.90000 36.69000000 1646.75000 107.40000 16.33100 85.75400
16 7 21 05 16 27001.70000 36.69000000 1642.77000 107.40000 16.33100 85.75400
16 7 21 05 16 26980.30000 36.69000000 1642.24000 107.16000 16.33100 85.75400
16 7 21 05 17 26976.70000 36.51300000 1642.23000 107.16000 16.33100 85.75400
16 7 21 05 17 26975.30000 36.51300000 1641.57000 107.16000 16.33100 85.75400
16 7 21 05 18 26975.20000 36.51300000 1641.87000 107.16000 16.33100 85.75400
16 7 21 05 18 26975.20000 36.51300000 1641.84000 107.16000 16.33100 85.75400
16 7 21 05 18 26973.30000 36.51300000 1641.84000 107.16000 16.33100 85.75400
16 7 21 05 19 26973.30000 36.51300000 1639.91000 107.16000 16.33100 85.75400
16 7 21 05 19 26975.20000 36.51300000 1640.87000 107.10000 16.33100 85.75400
16 7 21 05 20 26910.60000 36.40300000 1636.21000 106.87000 16.48100 85.07700
16 7 21 05 20 26916.70000 36.40300000 1637.07000 106.87000 16.48200 85.07700
16 7 21 05 21 26929.60000 36.40300000 1638.10000 106.87000 16.48200 85.07700
16 7 21 05 21 26947.70000 36.40300000 1637.99000 106.87000 16.48200 85.07700
16 7 21 05 21 26953.80000 36.40300000 1638.63000 106.87000 16.48100 85.07700
16 7 21 05 22 26953.90000 36.40300000 1639.00000 106.87000 16.48100 85.07700
16 7 21 05 22 26960.20000 36.40300000 1639.64000 106.87000 16.48100 85.07700
16 7 21 05 23 26953.90000 36.40300000 1639.69000 106.87000 16.48100 85.07700
16 7 21 05 23 26953.90000 36.40300000 1639.83000 106.87000 16.48100 85.07700
16 7 21 05 24 26953.90000 36.40300000 1639.60000 106.87000 16.48100 85.07700
16 7 21 05 24 26953.90000 36.40300000 1639.60000 107.02000 16.48100 85.07700
16 7 21 05 24 26953.90000 36.40300000 1639.60000 107.02000 16.48100 85.07700
16 7 21 05 25 26953.80000 36.40300000 1639.60000 107.02000 16.48100 85.07700
16 7 21 05 25 26953.80000 36.40300000 1639.60000 107.02000 16.48100 85.07700
16 7 21 05 26 26955.60000 36.45800000 1639.60000 107.02000 16.48100 85.07700
16 7 21 05 26 26955.70000 36.45800000 1639.60000 107.02000 16.48100 85.07700
16 7 21 05 27 26947.50000 36.45800000 1639.60000 107.02000 16.48100 85.07700
16 7 21 05 27 26947.50000 36.45800000 1638.39000 107.17000 16.48100 85.07700
16 7 21 05 27 26951.30000 36.45800000 1638.08000 107.17000 16.33300 85.07700
16 7 21 05 28 26951.30000 36.45800000 1639.08000 107.17000 16.33300 85.07700
16 7 21 05 28 26954.00000 36.45800000 1639.99000 107.17000 16.23700 85.07700
16 7 21 05 29 26947.60000 36.45800000 1639.99000 107.17000 16.23700 85.07700
16 7 21 05 29 26904.20000 36.42900000 1637.64000 107.17000 16.23700 85.07700
16 7 21 05 30 26912.10000 36.42300000 1636.17000 107.17000 16.23700 85.07700
16 7 21 05 30 26912.20000 36.42400000 1636.17000 107.17000 16.18100 85.07700
16 7 21 05 30 26941.40000 36.42400000 1638.33000 107.17000 16.18100 85.07700
16 7 21 05 31 26936.30000 36.42400000 1638.85000 107.06000 16.18100 85.07700
16 7 21 05 31 26955.10000 36.42400000 1638.85000 107.06000 16.18100 85.07700
16 7 21 05 32 26948.10000 36.42400000 1638.85000 107.06000 16.18100 85.07700
16 7 21 05 32 26960.10000 36.42400000 1638.85000 107.06000 16.18100 85.07700
16 7 21 05 33 26958.70000 36.42400000 1638.85000 107.06000 16.18100 85.07700
16 7 21 05 33 26960.50000 36.42400000 1639.67000 107.06000 16.18100 85.07700
16 7 21 05 33 26960.50000 36.42400000 1639.99000 107.06000 16.18100 85.07700
16 7 21 05 34 26960.50000 36.42400000 1639.99000 107.06000 16.18100 85.07700
16 7 21 05 34 26947.60000 36.42400000 1639.12000 107.06000 16.18100 85.07700
16 7 21 05 35 26951.80000 36.42400000 1638.88000 107.06000 16.18100 85.07700
16 7 21 05 35 26958.70000 36.42400000 1638.88000 107.06000 16.18100 85.07700
16 7 21 05 36 26955.10000 36.40700000 1638.88000 107.06000 16.18100 85.07700
16 7 21 05 36 26969.20000 36.40700000 1638.88000 107.06000 16.18100 85.07700
16 7 21 05 36 26969.70000 36.40700000 1640.00000 107.06000 16.18100 85.07700
16 7 21 05 37 26969.70000 36.40700000 1640.00000 107.16000 16.18100 85.07700
16 7 21 05 37 26969.70000 36.40700000 1640.00000 107.16000 16.18100 85.07700
16 7 21 05 38 26971.90000 36.40700000 1640.00000 107.16000 16.18100 85.07700
16 7 21 05 38 26976.40000 36.40700000 1640.76000 107.16000 16.18100 85.07700
16 7 21 05 39 26976.40000 36.40700000 1640.76000 107.16000 16.18100 85.07700
16 7 21 05 39 26972.00000 36.40700000 1637.63000 107.16000 16.18100 85.07700
16 7 21 05 40 26972.00000 36.40700000 1639.14000 107.16000 16.18100 85.07700
16 7 21 05 40 26972.00000 36.40700000 1638.59000 107.16000 16.18100 85.07700
16 7 21 05 40 26971.90000 36.40700000 1640.06000 107.16000 16.18100 85.07700
16 7 21 05 41 26972.00000 36.40700000 1640.06000 107.16000 16.18100 85.07700
16 7 21 05 41 26972.00000 36.40700000 1639.76000 107.16000 16.18100 85.07700
16 7 21 05 42 26971.90000 36.40700000 1639.76000 107.16000 16.18100 85.07700
16 7 21 05 42 26971.90000 36.40700000 1638.92000 107.01000 16.18100 85.07700
16 7 21 05 43 26973.80000 36.40700000 1639.44000 107.01000 16.18100 85.07700
16 7 21 05 43 26973.80000 36.40700000 1638.87000 107.01000 16.18100 85.07700
16 7 21 05 43 26970.10000 36.40700000 1638.86000 107.01000 16.18100 85.07700
16 7 21 05 44 26970.10000 36.42500000 1637.17000 107.01000 16.18100 85.07700
16 7 21 05 44 26946.90000 36.40000000 1637.17000 107.01000 16.18100 85.07700
16 7 21 05 45 26946.80000 36.40000000 1635.78000 107.01000 16.18100 85.07700
16 7 21 05 45 26962.70000 36.40000000 1638.54000 107.01000 16.18100 85.07700
16 7 21 05 46 26970.10000 36.40000000 1638.54000 107.01000 16.18100 85.07700
16 7 21 05 46 26972.70000 36.40000000 1638.54000 107.01000 16.18100 85.07700
16 7 21 05 46 26972.70000 36.40000000 1638.54000 107.01000 16.18100 85.07700
16 7 21 05 47 26972.70000 36.40000000 1638.54000 107.01000 16.32500 85.07700
16 7 21 05 47 26973.80000 36.39300000 1638.54000 107.01000 16.32500 85.07700
16 7 21 05 48 26973.90000 36.39300000 1638.54000 107.01000 16.32500 85.07700
16 7 21 05 48 26973.90000 36.39300000 1638.55000 107.01000 16.32500 85.07700
16 7 21 05 49 26973.90000 36.39300000 1638.56000 107.01000 16.32500 85.07700
16 7 21 05 49 26973.90000 36.39300000 1638.56000 107.01000 16.32500 85.07700
16 7 21 05 49 26973.70000 36.39300000 1638.56000 107.01000 16.32500 85.07700
16 7 21 05 50 26962.70000 36.39300000 1636.52000 106.86000 16.32500 85.07700
16 7 21 05 50 26918.80000 36.39300000 1632.92000 106.71000 16.32500 85.07700
16 7 21 05 51 26924.80000 36.39300000 1634.12000 106.58000 16.32500 85.07700
16 7 21 05 51 26924.80000 36.39300000 1634.12000 106.58000 16.32500 85.07700
16 7 21 05 52 26925.30000 36.39300000 1633.11000 106.58000 16.32500 85.07700
