M=[
29 5 21 07 00 30090.60000 56.63000000 2076.65000 150.15000 24.03400 146.46000
29 5 21 07 00 30098.30000 56.63000000 2077.22000 150.15000 24.03400 146.46000
29 5 21 07 01 30098.30000 56.63000000 2077.22000 150.15000 24.03400 147.06900
29 5 21 07 01 30026.20000 56.63000000 2070.50000 149.83000 24.03400 146.82800
29 5 21 07 02 30054.60000 56.63000000 2072.36000 149.91000 24.03400 146.93800
29 5 21 07 02 30079.40000 56.63000000 2072.36000 149.92000 24.03400 146.93800
29 5 21 07 02 30095.10000 56.63000000 2073.44000 149.92000 24.03400 147.19000
29 5 21 07 03 30080.10000 56.63000000 2071.95000 149.92000 24.03400 147.19000
29 5 21 07 03 30074.90000 56.63000000 2075.95000 149.92000 24.03400 147.38700
29 5 21 07 04 30103.90000 56.63000000 2076.19000 149.92000 24.03400 147.72100
29 5 21 07 04 30111.00000 56.63000000 2075.70000 149.95000 24.03400 147.89700
29 5 21 07 05 30139.80000 56.63000000 2076.90000 149.95000 24.03400 147.89700
29 5 21 07 05 30139.80000 56.63000000 2076.58000 149.95000 24.03400 147.89700
29 5 21 07 05 30111.70000 56.63000000 2076.58000 149.95000 24.03400 147.89700
29 5 21 07 06 30133.30000 56.79700000 2077.21000 149.95000 24.03400 148.00700
29 5 21 07 06 30143.70000 56.79700000 2077.21000 149.95000 24.03400 147.99900
29 5 21 07 07 30162.20000 56.86600000 2079.71000 149.95000 24.03400 147.99900
29 5 21 07 07 30162.20000 56.86600000 2079.71000 149.95000 24.03400 147.99900
29 5 21 07 08 30146.30000 56.86600000 2079.72000 150.17000 24.03400 147.85400
29 5 21 07 08 30143.70000 56.86600000 2079.40000 150.12000 24.03500 147.85400
29 5 21 07 08 30143.70000 56.86600000 2081.28000 150.12000 24.03500 147.85400
29 5 21 07 09 30167.70000 56.86600000 2081.57000 150.12000 24.03500 147.85400
29 5 21 07 09 30175.40000 56.89700000 2082.81000 150.12000 24.03500 147.85400
29 5 21 07 10 30157.90000 56.89700000 2081.97000 150.12000 24.03500 147.12000
29 5 21 07 10 30152.00000 56.89700000 2081.64000 150.12000 24.03500 147.19400
29 5 21 07 11 30153.60000 56.89700000 2081.81000 150.18000 24.03500 147.19400
29 5 21 07 11 30124.80000 56.89700000 2080.00000 150.18000 24.03500 147.19400
29 5 21 07 11 30120.10000 56.89700000 2079.86000 150.18000 24.03500 147.19400
29 5 21 07 12 30087.20000 56.89700000 2077.31000 149.84000 24.03500 146.72300
29 5 21 07 12 30087.20000 56.89700000 2078.00000 149.69000 24.03500 146.80500
29 5 21 07 13 30072.70000 56.89700000 2078.00000 149.69000 24.03500 146.80500
29 5 21 07 13 30072.70000 56.89700000 2076.60000 149.68000 24.03500 146.80500
29 5 21 07 14 30075.70000 56.89700000 2076.11000 149.49000 24.03500 146.61200
29 5 21 07 14 30074.80000 56.89700000 2076.69000 149.49000 24.03500 146.51400
29 5 21 07 14 30072.00000 56.89700000 2077.44000 149.45000 24.03500 146.51400
29 5 21 07 15 30105.90000 56.89700000 2080.57000 149.62000 24.03500 146.61900
29 5 21 07 15 30093.70000 56.89700000 2078.54000 149.92000 24.03500 146.61900
29 5 21 07 16 30102.80000 56.89700000 2077.80000 149.92000 24.03500 146.61900
29 5 21 07 16 30078.80000 56.89700000 2077.69000 149.92000 24.03500 146.67900
29 5 21 07 17 30040.80000 56.89700000 2072.81000 149.92000 24.03500 146.50200
29 5 21 07 17 29990.20000 56.89700000 2069.53000 149.29000 24.03500 146.50200
29 5 21 07 17 29990.20000 56.89700000 2069.04000 149.29000 24.03500 146.50200
29 5 21 07 18 30047.30000 56.89700000 2072.84000 149.29000 24.03500 146.97500
29 5 21 07 18 30020.80000 56.89700000 2072.23000 149.54000 24.03500 146.97500
29 5 21 07 19 30029.90000 56.52400000 2072.02000 149.54000 24.03500 147.22500
29 5 21 07 19 30008.00000 56.52400000 2067.98000 149.54000 24.03500 147.31900
29 5 21 07 20 29998.80000 56.52400000 2069.46000 149.54000 24.03500 147.64600
29 5 21 07 20 30075.40000 56.52400000 2074.26000 149.57000 24.03500 147.64600
29 5 21 07 20 30137.60000 56.52400000 2079.36000 150.08000 24.03500 148.25400
29 5 21 07 21 30102.70000 56.52400000 2074.26000 150.08000 24.03500 148.00000
29 5 21 07 21 30062.60000 56.52400000 2075.22000 149.51000 24.03500 148.00000
29 5 21 07 22 30060.60000 56.52400000 2075.94000 149.51000 24.03500 148.00000
29 5 21 07 22 30070.80000 56.52400000 2075.94000 149.51000 24.03500 148.00000
29 5 21 07 23 30052.50000 56.52400000 2073.15000 149.51000 24.03500 148.00000
29 5 21 07 23 30050.50000 56.52400000 2073.14000 149.65000 24.03500 149.00600
29 5 21 07 24 30058.60000 56.52400000 2073.14000 149.90000 24.03500 149.26000
29 5 21 07 24 30052.20000 56.52400000 2073.19000 149.90000 24.03500 149.11400
29 5 21 07 24 30057.50000 56.52400000 2073.00000 149.90000 24.03500 149.11400
29 5 21 07 25 30057.50000 56.52400000 2073.09000 149.90000 24.03500 149.11400
29 5 21 07 25 30050.00000 56.52400000 2072.27000 149.69000 24.03500 149.11400
29 5 21 07 26 30023.00000 56.52400000 2071.64000 149.61000 24.03500 148.69300
29 5 21 07 26 30046.60000 56.52400000 2072.43000 149.61000 24.03500 148.69300
29 5 21 07 27 30019.50000 56.52400000 2070.06000 149.61000 24.03500 148.69300
29 5 21 07 27 30005.60000 56.52400000 2069.31000 149.61000 24.03500 148.69300
29 5 21 07 27 30002.90000 56.52400000 2067.45000 149.21000 24.03500 148.69300
29 5 21 07 28 30002.20000 56.52400000 2068.94000 149.35000 24.03500 148.30800
29 5 21 07 28 30023.10000 56.52400000 2068.10000 149.35000 24.03500 148.30800
29 5 21 07 29 30041.80000 56.52400000 2070.27000 149.35000 24.03500 148.30800
29 5 21 07 29 30040.40000 56.52400000 2070.00000 149.58000 24.03500 148.60800
29 5 21 07 30 30035.10000 56.52400000 2069.32000 149.58000 24.03500 148.60800
29 5 21 07 30 30000.10000 56.52400000 2067.95000 149.39000 24.03500 148.43200
29 5 21 07 30 30022.20000 56.52400000 2070.20000 149.39000 24.03500 148.13000
29 5 21 07 31 30058.20000 56.52400000 2070.07000 149.39000 24.03500 148.35000
29 5 21 07 31 30020.20000 56.52400000 2069.45000 149.60000 24.03500 148.35000
29 5 21 07 32 30012.50000 56.52400000 2067.45000 149.46000 24.03500 148.35000
29 5 21 07 32 30027.00000 56.52400000 2067.54000 149.46000 24.03500 148.35000
29 5 21 07 32 29990.30000 56.52400000 2061.42000 149.47000 24.03500 148.35000
29 5 21 07 33 29990.20000 56.52400000 2063.29000 149.47000 24.21100 148.35000
29 5 21 07 33 29990.30000 56.52400000 2062.87000 149.36000 24.21100 148.35000
29 5 21 07 34 29995.70000 56.40400000 2062.66000 149.46000 24.21100 148.59500
29 5 21 07 34 29976.70000 56.40400000 2062.56000 149.46000 24.21100 148.59500
29 5 21 07 35 29979.80000 56.40400000 2061.41000 149.46000 24.21100 148.59500
29 5 21 07 35 29971.70000 56.40400000 2061.40000 149.28000 24.21100 148.59500
29 5 21 07 35 29969.30000 56.40400000 2060.87000 149.28000 24.21100 148.59500
29 5 21 07 36 29965.00000 56.40400000 2061.20000 149.36000 24.21100 147.63000
29 5 21 07 36 29965.00000 56.40400000 2061.19000 149.36000 24.21100 147.78400
29 5 21 07 37 29955.60000 56.40400000 2060.87000 149.36000 24.21100 147.78400
29 5 21 07 37 29968.30000 56.40400000 2061.41000 149.36000 24.21100 147.78400
29 5 21 07 38 29999.90000 56.40400000 2062.87000 149.36000 24.21100 147.85800
29 5 21 07 38 29999.90000 56.40400000 2062.87000 149.81000 24.21100 147.85800
29 5 21 07 38 29961.10000 56.38900000 2062.10000 149.50000 24.21100 147.85800
29 5 21 07 39 29882.50000 56.23200000 2056.29000 149.10000 24.21100 147.85800
29 5 21 07 39 29805.00000 55.99200000 2051.19000 148.62000 24.21100 147.09700
29 5 21 07 40 29846.50000 55.99200000 2052.77000 148.62000 24.21100 147.19100
29 5 21 07 40 29770.30000 55.99200000 2051.30000 148.66000 24.21100 147.08700
29 5 21 07 41 29780.60000 55.99200000 2050.44000 148.59000 24.21100 147.08700
29 5 21 07 41 29756.80000 55.99200000 2050.66000 148.56000 24.21100 147.08700
29 5 21 07 41 29728.10000 55.99200000 2047.02000 148.56000 24.21100 147.08700
29 5 21 07 42 29779.50000 55.99200000 2049.10000 148.56000 24.21100 146.24800
29 5 21 07 42 29759.00000 55.99200000 2047.51000 148.30000 24.21100 146.24800
29 5 21 07 43 29721.30000 55.99200000 2045.84000 148.30000 24.21100 146.24800
29 5 21 07 43 29715.80000 55.99200000 2046.26000 147.88000 24.21100 146.24800
