M=[
10 1 21 23 50 31057.60000 7.23100000 1023.94000 138.51000 16.69000 78.00000
10 1 21 23 50 31043.80000 7.23100000 1023.94000 138.51000 16.69000 78.00000
10 1 21 23 50 31057.50000 7.24200000 1023.94000 138.51000 16.69000 78.00000
10 1 21 23 51 31045.00000 7.24200000 1021.95000 138.51000 16.69000 78.00000
10 1 21 23 51 31025.50000 7.24200000 1021.84000 138.41000 16.69600 77.89000
10 1 21 23 52 31019.60000 7.24200000 1021.55000 138.41000 16.69600 77.89000
10 1 21 23 52 31016.80000 7.24200000 1020.56000 138.41000 16.69600 77.89000
10 1 21 23 53 30991.90000 7.24200000 1020.55000 138.41000 16.69600 77.89000
10 1 21 23 53 30998.30000 7.24200000 1020.41000 138.11000 16.69600 78.05900
10 1 21 23 53 30995.40000 7.24200000 1020.50000 138.11000 16.69600 78.05900
10 1 21 23 54 30984.00000 7.22300000 1018.45000 138.29000 16.69600 77.67000
10 1 21 23 54 30994.20000 7.20400000 1018.81000 138.29000 16.71200 77.77800
10 1 21 23 55 31024.20000 7.20400000 1020.00000 138.35000 16.61900 77.77800
10 1 21 23 55 31056.10000 7.20400000 1022.87000 138.35000 16.61900 77.77800
10 1 21 23 56 31017.50000 7.20400000 1021.53000 138.35000 16.61900 77.77800
10 1 21 23 56 30964.10000 7.20400000 1020.14000 138.51000 16.61900 78.13300
10 1 21 23 56 30967.80000 7.20400000 1019.80000 138.51000 16.61900 78.13300
10 1 21 23 57 30967.80000 7.20400000 1018.92000 138.33000 16.61900 78.41000
10 1 21 23 57 30944.10000 7.20400000 1018.35000 138.26000 16.61900 78.41000
10 1 21 23 58 30959.00000 7.20400000 1018.00000 138.26000 16.61900 78.41000
10 1 21 23 58 30942.10000 7.20400000 1017.71000 138.05000 16.61900 78.41000
10 1 21 23 59 30912.40000 7.20400000 1017.38000 137.99000 16.61900 78.41000
10 1 21 23 59 30891.70000 7.17200000 1016.71000 137.99000 16.61900 78.41000
10 1 21 23 59 30888.70000 7.17200000 1016.32000 137.85000 16.61900 78.41000
11 1 21 00 00 30875.90000 7.17200000 1015.00000 137.67000 16.59900 78.30500
11 1 21 00 00 30922.00000 7.17200000 1016.25000 137.67000 16.59900 77.92000
11 1 21 00 01 30904.60000 7.17200000 1015.86000 137.86000 16.59900 77.92000
11 1 21 00 01 30839.70000 7.17300000 1013.66000 137.62000 16.59900 78.14000
11 1 21 00 02 30801.20000 7.21800000 1009.50000 137.42000 16.59900 78.14000
11 1 21 00 02 30746.50000 7.15400000 1008.09000 137.33000 16.59900 77.11400
11 1 21 00 02 30599.90000 7.07400000 1005.00000 137.06000 16.59900 76.64000
11 1 21 00 03 30675.50000 7.07400000 1007.87000 137.19000 16.61900 76.69900
11 1 21 00 03 30670.90000 7.07400000 1006.14000 137.02000 16.61900 76.69900
11 1 21 00 04 30629.90000 7.07400000 1004.99000 136.91000 16.61900 76.28000
11 1 21 00 04 30524.20000 6.96600000 1002.27000 136.55000 16.61900 76.37200
11 1 21 00 05 30471.10000 7.03800000 1001.09000 136.36000 16.61900 75.82900
11 1 21 00 05 30525.00000 7.03800000 1001.95000 136.32000 16.61900 76.17900
11 1 21 00 05 30400.00000 7.03800000 997.60000 135.88000 16.61900 75.00000
11 1 21 00 06 30450.40000 7.03800000 1001.74000 135.93000 16.61900 75.19700
11 1 21 00 06 30517.10000 7.03800000 999.70000 135.91000 16.61900 75.37000
11 1 21 00 07 30439.20000 7.01800000 993.57000 134.95000 16.61900 75.08000
11 1 21 00 07 30459.90000 7.01800000 996.04000 135.27000 16.40700 75.48900
11 1 21 00 07 30522.80000 7.00300000 997.94000 135.70000 16.24500 75.48900
11 1 21 00 08 30605.60000 7.00300000 999.99000 136.34000 16.19300 75.48900
11 1 21 00 08 30605.80000 7.05100000 1001.02000 136.36000 16.19300 75.50000
11 1 21 00 09 30485.10000 7.05000000 995.81000 135.89000 16.21700 75.50000
11 1 21 00 09 30464.10000 7.05000000 993.66000 135.77000 16.25900 75.50000
11 1 21 00 10 30451.00000 7.05000000 995.46000 135.87000 16.25900 75.50000
11 1 21 00 10 30419.10000 6.98300000 994.60000 135.70000 16.22000 75.50000
11 1 21 00 10 30369.40000 6.96700000 990.99000 135.23000 16.22000 74.68000
11 1 21 00 11 30250.00000 6.96700000 989.62000 135.25000 16.22000 74.34400
11 1 21 00 11 30329.30000 6.92300000 991.42000 135.25000 16.18400 74.34300
11 1 21 00 12 30314.60000 6.92300000 991.61000 135.25000 16.18400 74.89800
11 1 21 00 12 30280.80000 6.92300000 991.05000 135.25000 16.18400 74.89800
11 1 21 00 13 30250.80000 6.92300000 989.01000 135.20000 16.16000 74.01800
11 1 21 00 13 30210.80000 6.92300000 986.66000 135.23000 16.16000 73.90000
11 1 21 00 13 30255.30000 6.92300000 988.76000 135.33000 16.16000 73.90000
11 1 21 00 14 30265.90000 6.92300000 988.75000 135.44000 16.16000 73.90000
11 1 21 00 14 30300.00000 6.92300000 989.73000 135.17000 16.16000 73.90000
11 1 21 00 15 30378.60000 6.92300000 993.80000 135.26000 16.16000 73.90000
11 1 21 00 15 30500.00000 6.92300000 998.39000 135.44000 16.16000 75.08500
11 1 21 00 16 30480.10000 6.92300000 998.56000 135.65000 16.16000 75.16600
11 1 21 00 16 30518.00000 6.92300000 999.05000 135.65000 16.16000 75.16600
11 1 21 00 16 30455.30000 6.92300000 998.00000 135.77000 16.16000 75.16600
11 1 21 00 17 30425.30000 6.92300000 997.14000 135.77000 16.16000 75.16600
11 1 21 00 17 30428.90000 6.92300000 996.69000 135.77000 16.16000 75.20000
11 1 21 00 18 30454.50000 6.92300000 996.04000 135.64000 16.16000 74.96000
11 1 21 00 18 30461.60000 6.92300000 996.74000 135.82000 16.16000 74.82000
11 1 21 00 19 30518.00000 6.92300000 997.38000 135.82000 16.16000 75.18000
11 1 21 00 19 30518.00000 6.92300000 999.98000 136.22000 16.16000 75.15600
11 1 21 00 19 30497.90000 7.01100000 999.21000 136.22000 16.16000 75.15600
11 1 21 00 20 30518.00000 7.01100000 1001.45000 136.39000 16.16000 75.32100
11 1 21 00 20 30556.90000 7.00800000 1004.22000 136.38000 16.16000 75.32100
11 1 21 00 21 30602.80000 7.05000000 1006.30000 136.65000 16.16000 75.32100
11 1 21 00 21 30694.30000 7.05100000 1006.48000 136.84000 16.16000 75.32100
11 1 21 00 22 30640.20000 7.05700000 1005.99000 136.82000 16.38000 75.41900
11 1 21 00 22 30644.80000 7.05700000 1005.99000 136.82000 16.38000 75.45700
11 1 21 00 22 30630.00000 7.05700000 1006.00000 136.82000 16.38000 75.45700
11 1 21 00 23 30614.60000 7.05700000 1005.52000 136.82000 16.38000 75.43000
11 1 21 00 23 30582.80000 7.05000000 1003.18000 136.82000 16.38000 75.14900
11 1 21 00 24 30564.60000 7.05000000 1001.96000 136.82000 16.38000 75.13100
11 1 21 00 24 30427.60000 7.05000000 997.38000 136.82000 16.38000 74.73600
11 1 21 00 25 30434.50000 7.05000000 999.84000 136.25000 16.38000 74.73600
11 1 21 00 25 30381.00000 7.05000000 997.41000 135.97000 16.38000 74.55700
11 1 21 00 25 30369.50000 7.00000000 996.67000 135.97000 16.38000 74.42300
11 1 21 00 26 30322.80000 7.00100000 995.00000 135.63000 16.38000 74.42300
11 1 21 00 26 30276.20000 7.00100000 992.97000 135.47000 16.38000 74.05600
11 1 21 00 27 30341.00000 6.96700000 994.79000 135.38000 16.38000 74.25800
11 1 21 00 27 30355.10000 6.96700000 994.87000 135.38000 16.38000 74.25800
11 1 21 00 28 30281.20000 6.95000000 992.27000 135.15000 16.38000 74.19200
11 1 21 00 28 30338.60000 6.95000000 993.48000 135.21000 16.38000 74.19200
11 1 21 00 28 30288.30000 6.95000000 992.26000 135.42000 16.38000 74.09100
11 1 21 00 29 30287.50000 6.95000000 990.66000 135.15000 16.38000 74.01700
11 1 21 00 29 30349.90000 6.95000000 994.22000 135.14000 16.38000 74.01700
11 1 21 00 30 30457.50000 6.95000000 997.76000 135.65000 16.38000 74.44400
11 1 21 00 30 30551.80000 6.95000000 1000.75000 135.69000 16.38000 74.44400
11 1 21 00 31 30576.80000 6.99300000 1000.32000 135.97000 16.38000 74.46700
11 1 21 00 31 30592.00000 6.99300000 1003.14000 136.25000 16.38000 74.46100
11 1 21 00 31 30626.80000 6.99300000 1002.70000 136.38000 16.38000 74.44600
11 1 21 00 32 30624.80000 6.99300000 1004.87000 136.39000 16.38000 74.44600
11 1 21 00 32 30664.30000 6.99300000 1004.92000 136.39000 16.38000 74.44600
11 1 21 00 33 30551.10000 6.99300000 1002.35000 136.37000 16.38000 74.44600
11 1 21 00 33 30536.70000 6.99300000 1001.36000 136.30000 16.38000 74.23700
11 1 21 00 34 30524.20000 6.99300000 1001.11000 136.30000 16.38000 74.23700
11 1 21 00 34 30482.40000 6.99300000 1001.11000 135.89000 16.38000 74.23700
