M=[
12 8 20 06 19 9640.00000 5.60100000 317.07000 45.28000 17.10900 66.64900
12 8 20 06 20 9639.80000 5.60100000 317.00000 45.28000 17.10900 66.64900
12 8 20 06 20 9639.90000 5.60100000 317.07000 45.35000 17.10900 66.64900
12 8 20 06 20 9648.50000 5.60100000 317.13000 45.29000 17.10900 66.64900
12 8 20 06 21 9647.50000 5.60100000 317.28000 45.29000 17.10900 66.64900
12 8 20 06 22 9646.60000 5.60100000 317.08000 45.35000 17.10900 66.64900
12 8 20 06 22 9640.00000 5.60100000 317.26000 45.35000 17.10900 66.64900
12 8 20 06 23 9639.80000 5.60100000 317.08000 45.38000 17.10900 66.64900
12 8 20 06 23 9640.00000 5.60100000 317.25000 45.38000 17.10900 66.64900
12 8 20 06 23 9639.90000 5.61500000 317.35000 45.49000 17.10900 66.64900
12 8 20 06 24 9647.50000 5.61500000 317.61000 45.53000 17.10900 66.64900
12 8 20 06 24 9647.50000 5.61500000 317.59000 45.53000 17.10900 66.64900
12 8 20 06 25 9647.50000 5.61500000 317.58000 45.45000 17.10900 66.64900
12 8 20 06 25 9647.50000 5.61500000 317.59000 45.45000 17.10900 66.64900
12 8 20 06 26 9647.40000 5.61500000 317.59000 45.41000 17.10900 67.42000
12 8 20 06 26 9647.40000 5.61500000 317.61000 45.41000 17.10900 67.42000
12 8 20 06 27 9647.20000 5.61500000 317.60000 45.41000 17.10900 67.42000
12 8 20 06 27 9642.20000 5.61500000 317.59000 45.41000 17.10900 67.42000
12 8 20 06 28 9647.50000 5.61500000 317.59000 45.39000 17.10900 67.39000
12 8 20 06 28 9647.40000 5.61500000 317.58000 45.39000 17.10900 67.39000
12 8 20 06 29 9647.10000 5.61500000 317.42000 45.32000 17.10900 67.53300
12 8 20 06 29 9647.50000 5.61500000 317.50000 45.32000 17.10900 67.53300
12 8 20 06 30 9658.40000 5.61500000 317.50000 45.32000 17.10900 67.53300
12 8 20 06 30 9663.10000 5.61500000 317.61000 45.32000 17.10900 67.53300
12 8 20 06 31 9663.00000 5.61500000 317.71000 45.42000 17.10900 67.53300
12 8 20 06 31 9660.00000 5.62000000 317.66000 45.42000 17.10900 67.53300
12 8 20 06 32 9660.00000 5.62000000 317.66000 45.42000 17.10900 67.78000
12 8 20 06 32 9659.90000 5.62000000 317.75000 45.42000 17.10900 67.78000
12 8 20 06 33 9653.80000 5.62000000 317.56000 45.46000 17.10900 67.78000
12 8 20 06 33 9651.90000 5.62000000 317.53000 45.46000 17.10900 67.78000
12 8 20 06 34 9654.90000 5.62000000 317.54000 45.47000 17.10900 67.78000
12 8 20 06 34 9655.00000 5.62000000 317.54000 45.48000 17.10900 68.00000
12 8 20 06 35 9656.60000 5.62000000 317.52000 45.48000 17.10900 68.00000
12 8 20 06 35 9656.60000 5.62000000 317.61000 45.48000 17.10900 68.46600
12 8 20 06 36 9657.20000 5.62000000 317.69000 45.48000 17.10900 68.42900
12 8 20 06 36 9659.80000 5.62000000 317.75000 45.48000 17.10900 68.42900
12 8 20 06 37 9659.90000 5.62000000 317.76000 45.48000 17.10900 68.42900
12 8 20 06 37 9659.90000 5.62000000 317.90000 45.48000 17.10900 68.44000
12 8 20 06 37 9659.90000 5.62000000 317.96000 45.48000 17.10900 68.65000
12 8 20 06 38 9660.00000 5.62000000 318.30000 45.48000 17.10900 68.65000
12 8 20 06 38 9662.10000 5.62000000 318.32000 45.48000 17.10900 68.95400
12 8 20 06 39 9662.80000 5.62000000 318.30000 45.48000 17.10900 68.79800
12 8 20 06 39 9662.80000 5.62000000 318.26000 45.53000 17.10900 68.65000
12 8 20 06 40 9663.10000 5.62000000 318.31000 45.53000 17.10900 68.65000
12 8 20 06 40 9664.90000 5.62800000 318.31000 45.53000 17.10900 68.79100
12 8 20 06 41 9665.50000 5.62800000 318.32000 45.53000 17.10900 68.91000
12 8 20 06 41 9665.60000 5.62800000 318.32000 45.53000 17.10900 68.91000
12 8 20 06 42 9665.60000 5.62800000 318.32000 45.53000 17.10900 68.91000
12 8 20 06 42 9665.00000 5.62800000 318.32000 45.59000 17.10900 68.91000
12 8 20 06 43 9655.80000 5.62800000 318.46000 45.53000 17.10900 68.91000
12 8 20 06 43 9663.30000 5.62800000 318.44000 45.50000 17.10900 68.91000
12 8 20 06 44 9660.70000 5.62800000 318.44000 45.48000 17.10900 68.91000
12 8 20 06 44 9661.30000 5.62800000 318.37000 45.48000 17.10900 68.91000
12 8 20 06 45 9660.50000 5.62800000 318.36000 45.48000 17.10900 68.91000
12 8 20 06 45 9661.60000 5.62800000 318.38000 45.48000 17.10900 68.91000
12 8 20 06 46 9659.50000 5.62800000 318.52000 45.50000 17.10900 68.91000
12 8 20 06 46 9660.00000 5.62800000 318.93000 45.57000 17.10900 68.82000
12 8 20 06 46 9660.00000 5.64100000 319.06000 45.57000 17.10900 68.82000
12 8 20 06 47 9660.00000 5.64200000 319.16000 45.59000 17.10900 68.82000
12 8 20 06 47 9660.00000 5.64200000 319.03000 45.59000 17.10900 68.82000
12 8 20 06 48 9660.00000 5.64200000 318.68000 45.49000 17.10900 68.82000
12 8 20 06 48 9656.30000 5.64200000 318.45000 45.49000 17.10900 68.63600
12 8 20 06 49 9660.00000 5.64200000 318.73000 45.49000 17.15200 68.63600
12 8 20 06 49 9660.00000 5.64200000 318.59000 45.55000 17.15200 68.63600
12 8 20 06 50 9660.00000 5.64200000 318.93000 45.55000 17.15200 68.62700
12 8 20 06 50 9665.00000 5.64200000 319.11000 45.62000 17.15200 68.62700
12 8 20 06 51 9673.50000 5.64200000 319.15000 45.70000 17.15200 68.62700
12 8 20 06 51 9682.90000 5.64200000 319.20000 45.66000 17.15200 68.62700
12 8 20 06 52 9685.90000 5.64200000 319.20000 45.66000 17.15200 68.62700
12 8 20 06 52 9688.30000 5.67100000 319.55000 45.66000 17.15200 68.62700
12 8 20 06 53 9690.60000 5.67100000 319.71000 45.66000 17.15200 68.62700
12 8 20 06 53 9686.90000 5.67100000 319.76000 45.66000 17.30700 68.62700
12 8 20 06 54 9693.70000 5.67100000 319.79000 45.80000 17.24800 68.62700
12 8 20 06 54 9695.80000 5.67100000 319.76000 45.80000 17.24800 68.62700
12 8 20 06 55 9686.30000 5.67100000 319.76000 45.80000 17.24800 68.51400
12 8 20 06 55 9686.30000 5.67100000 319.72000 45.76000 17.24800 68.50000
12 8 20 06 56 9687.00000 5.67100000 319.77000 45.76000 17.24800 68.50000
12 8 20 06 56 9684.10000 5.67100000 319.78000 45.76000 17.24800 68.50000
12 8 20 06 56 9689.00000 5.67100000 319.77000 45.76000 17.24800 68.58500
12 8 20 06 57 9687.40000 5.67100000 319.77000 45.78000 17.24800 68.58500
12 8 20 06 58 9683.70000 5.67100000 319.62000 45.78000 17.30600 68.58500
12 8 20 06 58 9676.90000 5.67100000 319.56000 45.70000 17.30600 68.62700
12 8 20 06 59 9678.50000 5.67100000 319.79000 45.69000 17.30600 68.75600
12 8 20 06 59 9686.80000 5.66600000 319.81000 45.69000 17.30600 68.75600
12 8 20 07 00 9682.00000 5.66600000 319.83000 45.69000 17.30600 68.75600
12 8 20 07 00 9686.90000 5.66600000 319.93000 45.69000 17.30600 68.69600
12 8 20 07 01 9686.90000 5.66600000 320.16000 45.81000 17.30600 68.69600
12 8 20 07 01 9684.00000 5.66300000 320.01000 45.74000 17.30600 68.69600
12 8 20 07 02 9688.80000 5.66300000 320.27000 45.74000 17.30600 68.82000
12 8 20 07 02 9687.90000 5.66300000 320.49000 45.88000 17.24600 68.82000
12 8 20 07 03 9683.80000 5.66300000 320.27000 45.84000 17.24600 68.73100
12 8 20 07 03 9685.00000 5.66300000 320.14000 45.84000 17.24600 68.73100
12 8 20 07 04 9676.10000 5.66300000 320.10000 45.84000 17.24600 68.73100
12 8 20 07 04 9675.50000 5.66300000 320.01000 45.72000 17.24600 68.73100
12 8 20 07 05 9681.90000 5.66300000 320.17000 45.79000 17.24600 68.58000
12 8 20 07 05 9681.40000 5.66300000 320.17000 45.79000 17.24600 68.58000
12 8 20 07 06 9681.40000 5.66300000 320.16000 45.79000 17.24600 68.58000
12 8 20 07 06 9684.20000 5.66200000 320.16000 45.79000 17.24600 68.58000
12 8 20 07 07 9684.80000 5.66200000 320.02000 45.79000 17.24600 68.58000
12 8 20 07 07 9684.70000 5.66200000 320.03000 45.79000 17.24600 68.58000
12 8 20 07 08 9681.50000 5.66200000 320.02000 45.71000 17.24600 68.58000
12 8 20 07 08 9681.30000 5.66200000 319.97000 45.70000 17.24600 68.58000
12 8 20 07 09 9676.70000 5.66200000 319.96000 45.70000 17.24600 68.50000
12 8 20 07 09 9677.30000 5.66200000 319.86000 45.79000 17.24600 68.50000
12 8 20 07 10 9676.60000 5.66200000 319.83000 45.68000 17.24600 68.50000
12 8 20 07 10 9671.80000 5.66200000 319.64000 45.67000 17.29600 68.60300
12 8 20 07 10 9674.00000 5.66200000 319.45000 45.69000 17.29600 68.38100
12 8 20 07 11 9674.70000 5.66200000 319.66000 45.69000 17.29600 68.38100
12 8 20 07 11 9674.70000 5.66200000 319.69000 45.69000 17.29600 68.38100
