M=[
30 3 21 03 19 48626.00000 10.56100000 1524.48000 162.37000 33.43700 126.80200
30 3 21 03 20 48596.20000 10.56100000 1524.48000 162.37000 33.43700 126.80200
30 3 21 03 20 48600.40000 10.56100000 1524.48000 162.37000 33.43700 126.80200
30 3 21 03 20 48608.10000 10.56100000 1524.48000 162.37000 33.43700 126.80200
30 3 21 03 21 48596.20000 10.56100000 1524.08000 162.37000 33.43700 126.80200
30 3 21 03 21 48593.20000 10.56100000 1524.08000 162.37000 33.43700 126.80200
30 3 21 03 22 48593.20000 10.56100000 1523.75000 162.37000 33.43700 126.80200
30 3 21 03 22 48614.40000 10.56100000 1524.30000 162.37000 33.43700 126.80200
30 3 21 03 23 48657.40000 10.56100000 1524.30000 162.37000 33.43700 126.80200
30 3 21 03 23 48657.40000 10.56100000 1524.30000 162.02000 33.43700 126.80200
30 3 21 03 23 48638.30000 10.56100000 1525.49000 162.11000 33.43700 126.80200
30 3 21 03 24 48638.30000 10.56100000 1525.84000 162.30000 33.43700 126.80200
30 3 21 03 24 48613.40000 10.56100000 1526.00000 162.30000 33.24500 126.80200
30 3 21 03 25 48613.40000 10.56100000 1526.00000 162.30000 33.24500 126.80200
30 3 21 03 25 48613.40000 10.56100000 1525.99000 162.11000 33.24500 126.80200
30 3 21 03 26 48613.40000 10.56100000 1525.99000 162.11000 33.24500 126.68700
30 3 21 03 26 48613.40000 10.56100000 1525.17000 162.11000 33.24500 126.68700
30 3 21 03 26 48613.30000 10.56100000 1525.17000 162.11000 33.24500 126.68700
30 3 21 03 27 48613.30000 10.56100000 1525.17000 162.11000 33.24500 126.68700
30 3 21 03 27 48589.40000 10.56100000 1525.17000 162.11000 33.24500 126.68700
30 3 21 03 28 48589.30000 10.56100000 1525.21000 162.11000 33.24500 126.68700
30 3 21 03 28 48589.30000 10.56100000 1525.21000 162.11000 33.24500 126.68700
30 3 21 03 29 48605.20000 10.56100000 1525.79000 162.11000 33.24500 126.68700
30 3 21 03 29 48610.70000 10.56100000 1525.79000 162.11000 33.24500 126.68700
30 3 21 03 29 48610.90000 10.56100000 1526.76000 162.11000 33.24500 126.68700
30 3 21 03 30 48591.30000 10.56100000 1526.76000 162.11000 33.24500 126.68700
30 3 21 03 30 48591.30000 10.56100000 1524.96000 162.11000 33.24500 126.22900
30 3 21 03 31 48591.30000 10.56100000 1524.72000 161.69000 33.24500 126.22900
30 3 21 03 31 48601.10000 10.56100000 1524.76000 161.69000 33.24500 126.22900
30 3 21 03 32 48608.30000 10.50500000 1524.76000 161.69000 33.24500 126.22900
30 3 21 03 32 48608.30000 10.50500000 1524.76000 161.95000 33.24500 126.22900
30 3 21 03 32 48608.30000 10.50500000 1524.76000 161.95000 33.48600 126.22900
30 3 21 03 33 48608.30000 10.50500000 1526.53000 162.21000 33.48600 126.22900
30 3 21 03 33 48608.30000 10.50500000 1526.53000 162.41000 33.48600 126.22900
30 3 21 03 34 48608.30000 10.50500000 1526.61000 162.41000 33.48600 126.22900
30 3 21 03 34 48608.30000 10.50500000 1526.61000 162.41000 33.48600 126.22900
30 3 21 03 35 48608.30000 10.50500000 1526.61000 162.41000 33.48600 126.22900
30 3 21 03 35 48608.30000 10.50500000 1527.97000 162.31000 33.48600 126.22900
30 3 21 03 35 48608.30000 10.50500000 1527.97000 162.40000 33.48600 126.22900
30 3 21 03 36 48608.30000 10.50500000 1527.97000 162.40000 33.47400 126.22900
30 3 21 03 36 48619.20000 10.50500000 1528.65000 162.40000 33.47400 126.22900
30 3 21 03 37 48642.00000 10.50500000 1529.21000 162.72000 33.47400 126.22900
30 3 21 03 37 48642.00000 10.50500000 1530.01000 162.72000 33.47400 126.22900
30 3 21 03 38 48623.80000 10.50500000 1530.01000 162.72000 33.47400 126.02800
30 3 21 03 38 48617.90000 10.50500000 1530.01000 162.72000 33.47400 126.02800
30 3 21 03 38 48600.00000 10.50500000 1530.01000 162.72000 33.63000 126.02800
30 3 21 03 39 48585.80000 10.50500000 1530.01000 162.72000 33.63000 125.82000
30 3 21 03 39 48585.80000 10.50500000 1530.01000 162.46000 33.63000 125.82000
30 3 21 03 40 48573.90000 10.50500000 1527.23000 162.46000 33.63000 125.70100
30 3 21 03 40 48574.60000 10.50500000 1527.23000 162.46000 33.63000 125.70100
30 3 21 03 41 48574.60000 10.50500000 1527.23000 162.46000 33.63000 125.70100
30 3 21 03 41 48604.80000 10.50500000 1527.34000 162.54000 33.63000 125.70100
30 3 21 03 41 48604.70000 10.50500000 1528.10000 162.54000 33.63000 125.70100
30 3 21 03 42 48612.00000 10.50500000 1528.10000 162.54000 33.63000 125.70100
30 3 21 03 42 48533.50000 10.50500000 1525.78000 162.54000 33.63000 125.70100
30 3 21 03 43 48560.90000 10.50500000 1525.78000 162.54000 33.63000 125.70100
30 3 21 03 43 48578.30000 10.50500000 1526.67000 162.54000 33.63000 125.70100
30 3 21 03 44 48578.40000 10.50500000 1526.67000 162.42000 33.63000 125.70100
30 3 21 03 44 48578.30000 10.50500000 1526.94000 162.42000 33.63000 125.81700
30 3 21 03 44 48603.80000 10.50500000 1526.94000 162.42000 33.63000 125.81700
30 3 21 03 45 48586.20000 10.50500000 1526.94000 162.42000 33.63000 125.81700
30 3 21 03 45 48583.40000 10.50500000 1526.94000 162.46000 33.63000 125.81700
30 3 21 03 46 48583.40000 10.50500000 1526.88000 162.46000 33.63000 125.81700
30 3 21 03 46 48601.90000 10.50500000 1526.88000 162.46000 33.63000 125.81700
30 3 21 03 47 48601.90000 10.50500000 1527.00000 162.46000 33.63000 125.81700
30 3 21 03 47 48612.00000 10.50500000 1527.00000 162.47000 33.90300 125.81700
30 3 21 03 47 48632.10000 10.50500000 1528.85000 162.47000 33.90300 125.81700
30 3 21 03 48 48610.20000 10.50500000 1528.85000 162.47000 33.90300 125.81700
30 3 21 03 48 48598.00000 10.50500000 1528.85000 162.47000 33.90400 125.81700
30 3 21 03 49 48584.30000 10.53900000 1527.72000 162.47000 33.94000 125.81700
30 3 21 03 49 48584.30000 10.53900000 1527.72000 162.47000 33.94000 125.81700
30 3 21 03 50 48576.30000 10.53900000 1527.72000 162.47000 33.94000 125.81700
30 3 21 03 50 48575.10000 10.53900000 1527.72000 162.47000 33.94000 125.81700
30 3 21 03 50 48573.70000 10.53900000 1526.81000 162.47000 33.94000 125.81700
30 3 21 03 51 48573.30000 10.53900000 1526.82000 162.47000 33.94000 125.81700
30 3 21 03 51 48569.80000 10.53900000 1526.82000 162.18000 33.94000 125.81700
30 3 21 03 52 48536.40000 10.52800000 1526.82000 162.19000 33.94000 125.57800
30 3 21 03 52 48536.40000 10.52800000 1525.04000 162.19000 33.94000 125.57800
30 3 21 03 53 48536.40000 10.52800000 1525.03000 162.19000 33.94000 125.57800
30 3 21 03 53 48545.80000 10.52800000 1524.77000 162.12000 33.94000 125.54500
30 3 21 03 53 48530.30000 10.52800000 1524.78000 162.12000 33.94000 125.54500
30 3 21 03 54 48524.80000 10.52800000 1524.78000 162.12000 33.94000 125.54500
30 3 21 03 54 48524.80000 10.52800000 1524.77000 162.12000 33.94000 125.54500
30 3 21 03 55 48524.70000 10.52800000 1524.77000 162.07000 33.94000 125.54500
30 3 21 03 55 48524.80000 10.52800000 1524.77000 162.12000 33.94000 125.54500
30 3 21 03 56 48533.00000 10.52800000 1524.77000 162.12000 33.94000 125.54500
30 3 21 03 56 48549.10000 10.52800000 1524.77000 162.12000 33.94000 125.54500
30 3 21 03 56 48573.10000 10.52800000 1524.78000 162.12000 33.94000 125.54500
30 3 21 03 57 48573.10000 10.52800000 1526.46000 162.26000 33.94000 125.54500
30 3 21 03 57 48563.70000 10.52800000 1525.46000 162.26000 33.94000 125.54500
30 3 21 03 58 48555.70000 10.52800000 1525.45000 162.26000 33.94000 125.54500
30 3 21 03 58 48534.60000 10.52800000 1525.45000 162.26000 33.94000 125.54500
30 3 21 03 59 48534.70000 10.52800000 1525.47000 162.26000 33.72800 125.54500
30 3 21 03 59 48542.40000 10.52800000 1525.47000 162.26000 33.72800 125.54500
30 3 21 03 59 48572.90000 10.52800000 1526.11000 162.26000 33.73500 125.54500
30 3 21 04 00 48521.40000 10.52800000 1526.12000 162.26000 33.73500 125.85100
30 3 21 04 00 48519.80000 10.52800000 1523.02000 162.08000 33.73500 125.85100
30 3 21 04 01 48510.10000 10.52800000 1523.02000 162.08000 33.73500 125.85100
30 3 21 04 01 48510.10000 10.52800000 1521.59000 162.08000 33.73500 125.85100
30 3 21 04 02 48500.10000 10.52800000 1519.47000 161.93000 33.73500 125.36500
30 3 21 04 02 48491.90000 10.54300000 1518.74000 162.01000 33.73500 125.36500
30 3 21 04 02 48487.50000 10.54300000 1519.84000 162.01000 33.73500 125.36500
