M=[
20 7 21 17 05 25167.70000 32.88700000 1510.71000 91.56000 15.33400 72.99300
20 7 21 17 05 25172.60000 32.88700000 1510.71000 91.56000 15.33400 72.99300
20 7 21 17 06 25184.80000 32.88700000 1512.08000 91.56000 15.33400 72.99300
20 7 21 17 06 25184.80000 32.88700000 1511.92000 91.56000 15.33400 72.99300
20 7 21 17 07 25177.90000 32.95200000 1511.36000 91.68000 15.33400 72.99300
20 7 21 17 07 25174.40000 32.95200000 1511.32000 91.65000 15.33400 72.99300
20 7 21 17 08 25174.10000 32.95200000 1510.67000 91.65000 15.33400 72.99300
20 7 21 17 08 25179.40000 32.95200000 1510.67000 91.72000 15.33400 72.99300
20 7 21 17 09 25163.90000 32.95200000 1512.21000 91.72000 15.33400 72.99300
20 7 21 17 09 25177.00000 32.95200000 1511.80000 91.72000 15.33400 72.99300
20 7 21 17 09 25180.50000 32.95200000 1512.22000 91.72000 15.33400 72.99300
20 7 21 17 10 25188.80000 32.95200000 1511.90000 91.72000 15.33400 72.99300
20 7 21 17 10 25194.90000 32.95200000 1511.94000 91.72000 15.33400 72.99300
20 7 21 17 11 25194.90000 32.95200000 1512.33000 91.72000 15.33400 72.99300
20 7 21 17 11 25207.80000 32.95200000 1512.90000 91.77000 15.33400 72.99300
20 7 21 17 12 25211.80000 32.95200000 1512.90000 91.71000 15.33400 72.99300
20 7 21 17 12 25199.50000 32.95200000 1512.37000 91.71000 15.33400 72.99300
20 7 21 17 12 25195.10000 32.95200000 1511.91000 91.75000 15.33400 72.99300
20 7 21 17 13 25195.00000 32.95200000 1511.91000 91.75000 15.33400 72.99300
20 7 21 17 13 25190.50000 32.95200000 1511.91000 91.75000 15.33400 72.99300
20 7 21 17 14 25157.00000 32.95200000 1510.01000 91.58000 15.38000 72.99300
20 7 21 17 14 25157.00000 32.95200000 1510.11000 91.58000 15.38000 72.99300
20 7 21 17 15 25166.20000 32.95200000 1510.11000 91.58000 15.38000 72.99300
20 7 21 17 15 25173.50000 32.95200000 1510.49000 91.58000 15.38000 72.99300
20 7 21 17 15 25169.60000 32.95200000 1511.03000 91.58000 15.38000 72.99300
20 7 21 17 16 25169.80000 32.95200000 1510.00000 91.58000 15.38000 73.17600
20 7 21 17 16 25170.50000 32.95200000 1510.13000 91.58000 15.38000 73.17600
20 7 21 17 17 25184.00000 32.95200000 1510.13000 91.58000 15.38000 73.17600
20 7 21 17 17 25177.20000 32.95200000 1510.94000 91.58000 15.38000 73.17600
20 7 21 17 18 25190.30000 32.95200000 1511.00000 91.58000 15.38000 73.17600
20 7 21 17 18 25191.10000 32.95200000 1511.23000 91.75000 15.38000 73.17600
20 7 21 17 18 25186.80000 32.95200000 1512.90000 91.75000 15.38000 73.17600
20 7 21 17 19 25190.80000 32.95200000 1511.84000 91.74000 15.38000 73.17600
20 7 21 17 19 25185.40000 32.95200000 1511.01000 91.74000 15.38000 73.17600
20 7 21 17 20 25185.30000 32.95200000 1511.45000 91.74000 15.38000 73.17600
20 7 21 17 20 25177.90000 32.95200000 1511.62000 91.74000 15.38000 73.17600
20 7 21 17 21 25188.10000 32.95200000 1511.62000 91.74000 15.38000 73.17600
20 7 21 17 21 25188.20000 32.95200000 1512.66000 91.73000 15.38000 73.17600
20 7 21 17 21 25181.20000 32.95200000 1512.79000 91.73000 15.38000 73.17600
20 7 21 17 22 25195.10000 32.95200000 1512.79000 91.73000 15.38000 73.17600
20 7 21 17 22 25191.80000 32.95200000 1514.86000 91.73000 15.38000 73.17600
20 7 21 17 23 25191.80000 32.95200000 1514.86000 91.84000 15.38000 73.17600
20 7 21 17 23 25195.00000 32.95200000 1514.85000 91.84000 15.38000 73.17600
20 7 21 17 24 25195.10000 32.95200000 1514.99000 91.84000 15.38000 73.17600
20 7 21 17 24 25194.80000 32.95200000 1513.49000 91.84000 15.38000 73.17600
20 7 21 17 24 25195.00000 32.95200000 1514.25000 91.84000 15.38000 73.17600
20 7 21 17 25 25195.00000 32.95200000 1515.00000 91.84000 15.38000 73.17600
20 7 21 17 25 25200.00000 32.95200000 1516.62000 91.84000 15.38000 73.17600
20 7 21 17 26 25200.00000 32.95200000 1516.30000 91.84000 15.38000 73.17600
20 7 21 17 26 25199.90000 32.95200000 1516.88000 91.84000 15.38000 73.17600
20 7 21 17 27 25217.70000 32.95200000 1516.88000 92.04000 15.38000 73.17600
20 7 21 17 27 25216.70000 32.95200000 1515.78000 92.04000 15.42100 73.17600
20 7 21 17 28 25211.70000 32.95200000 1514.48000 92.04000 15.42100 73.17600
20 7 21 17 28 25207.80000 32.95200000 1515.90000 91.95000 15.42100 73.17600
20 7 21 17 28 25202.00000 32.95200000 1514.49000 91.95000 15.42100 73.17600
20 7 21 17 29 25202.10000 32.95200000 1514.94000 91.95000 15.42100 73.17600
20 7 21 17 29 25211.70000 32.95200000 1515.61000 92.00000 15.42100 73.17600
20 7 21 17 30 25211.80000 32.95200000 1515.37000 92.00000 15.42100 73.17600
20 7 21 17 30 25202.20000 32.95200000 1515.89000 91.95000 15.42100 73.17600
20 7 21 17 31 25202.00000 32.95200000 1514.27000 91.95000 15.42100 73.17600
20 7 21 17 31 25202.10000 32.95200000 1513.29000 91.85000 15.42100 73.17600
20 7 21 17 31 25195.00000 32.95200000 1513.29000 91.85000 15.42100 73.17600
20 7 21 17 32 25195.10000 32.95200000 1512.92000 91.80000 15.42100 73.17600
20 7 21 17 32 25190.10000 32.95200000 1512.80000 91.81000 15.42100 73.17600
20 7 21 17 33 25180.50000 32.95200000 1511.97000 91.81000 15.42100 73.17600
20 7 21 17 33 25180.50000 32.95200000 1511.78000 91.81000 15.42100 73.17600
20 7 21 17 34 25180.50000 32.95200000 1511.34000 91.77000 15.42100 73.17600
20 7 21 17 34 25171.50000 32.95200000 1511.10000 91.77000 15.42100 73.17600
20 7 21 17 34 25195.00000 32.95200000 1511.78000 91.77000 15.42100 73.17600
20 7 21 17 35 25195.00000 32.95200000 1513.37000 91.79000 15.42100 73.17600
20 7 21 17 35 25195.00000 32.95200000 1513.37000 91.79000 15.42100 73.17600
20 7 21 17 36 25202.50000 33.08400000 1513.18000 91.79000 15.42100 73.17600
20 7 21 17 36 25208.90000 33.04700000 1512.73000 91.85000 15.42100 73.17600
20 7 21 17 37 25212.20000 33.04700000 1513.44000 91.79000 15.42100 73.17600
20 7 21 17 37 25204.40000 33.04700000 1513.20000 91.79000 15.42100 73.17600
20 7 21 17 37 25203.80000 33.04700000 1513.19000 91.79000 15.42100 73.17600
20 7 21 17 38 25203.30000 33.04700000 1512.25000 91.77000 15.42100 73.17600
20 7 21 17 38 25203.40000 33.04700000 1511.79000 91.76000 15.42100 73.17600
20 7 21 17 39 25197.60000 33.04700000 1512.44000 91.79000 15.42100 73.17600
20 7 21 17 39 25193.60000 33.04700000 1512.22000 91.79000 15.42100 73.17600
20 7 21 17 40 25198.40000 33.04700000 1512.22000 91.80000 15.42100 73.18900
20 7 21 17 40 25194.10000 33.04700000 1512.21000 91.80000 15.42100 73.18900
20 7 21 17 41 25194.70000 33.04700000 1512.24000 91.80000 15.42100 73.18900
20 7 21 17 41 25194.50000 33.04700000 1512.47000 91.80000 15.42100 73.18900
20 7 21 17 41 25194.50000 33.04700000 1512.16000 91.76000 15.42100 73.18900
20 7 21 17 42 25194.80000 33.04700000 1512.49000 91.76000 15.42100 73.18900
20 7 21 17 42 25189.70000 33.04700000 1512.34000 91.76000 15.42100 73.18900
20 7 21 17 43 25189.90000 33.04700000 1512.13000 91.76000 15.42100 73.18900
20 7 21 17 43 25202.20000 33.04700000 1512.13000 91.76000 15.42100 73.18900
20 7 21 17 44 25200.00000 33.12000000 1513.82000 91.76000 15.42100 73.18900
20 7 21 17 44 25196.90000 33.12000000 1513.82000 91.76000 15.42100 73.18900
20 7 21 17 44 25185.30000 33.12000000 1513.18000 91.81000 15.42100 73.18900
20 7 21 17 45 25189.80000 33.12000000 1512.02000 91.82000 15.42100 73.18900
20 7 21 17 45 25186.90000 33.12000000 1512.00000 91.72000 15.42100 73.18900
20 7 21 17 46 25180.10000 33.07900000 1510.60000 91.71000 15.42100 72.99200
20 7 21 17 46 25169.50000 33.07900000 1510.99000 91.71000 15.42100 72.99200
20 7 21 17 47 25163.00000 33.07900000 1510.14000 91.70000 15.42100 72.99200
20 7 21 17 47 25156.20000 33.07900000 1509.85000 91.71000 15.42100 72.99200
20 7 21 17 47 25163.10000 33.07900000 1510.12000 91.72000 15.42100 72.99200
20 7 21 17 48 25156.20000 33.00400000 1509.76000 91.72000 15.42100 72.99200
20 7 21 17 48 25156.10000 32.97100000 1509.77000 91.72000 15.42100 72.99200
20 7 21 17 49 25155.80000 32.97100000 1509.77000 91.72000 15.42100 72.99200
20 7 21 17 49 25156.00000 32.97100000 1511.21000 91.72000 15.42100 72.99200
20 7 21 17 50 25156.00000 32.97100000 1510.76000 91.72000 15.42100 72.99200
20 7 21 17 50 25155.90000 32.97100000 1510.90000 91.72000 15.42100 72.99200
