M=[
19 1 21 08 59 30700.10000 6.69400000 1135.44000 134.87000 17.09400 87.17300
19 1 21 08 59 30730.00000 6.66600000 1136.31000 134.82000 17.09400 87.17300
19 1 21 08 59 30729.60000 6.66600000 1137.49000 134.80000 17.09400 87.17300
19 1 21 09 00 30762.20000 6.67900000 1137.99000 134.74000 17.09400 87.17300
19 1 21 09 00 30797.00000 6.67900000 1141.02000 134.74000 17.09400 87.17300
19 1 21 09 01 30778.80000 6.69900000 1138.87000 134.63000 17.09400 87.17300
19 1 21 09 01 30790.20000 6.69900000 1138.46000 134.63000 17.09400 87.17300
19 1 21 09 02 30796.90000 6.70700000 1137.54000 134.81000 17.16500 87.45700
19 1 21 09 02 30781.70000 6.70700000 1137.55000 134.81000 17.16500 87.45700
19 1 21 09 02 30774.00000 6.70700000 1136.51000 134.77000 17.16500 87.45700
19 1 21 09 03 30774.00000 6.70700000 1136.04000 134.78000 17.16500 87.45700
19 1 21 09 03 30773.90000 6.70700000 1135.92000 134.70000 17.16500 87.45700
19 1 21 09 04 30780.00000 6.70700000 1136.00000 134.61000 17.16500 87.32700
19 1 21 09 04 30791.20000 6.70700000 1135.93000 134.61000 17.05700 87.32700
19 1 21 09 05 30788.20000 6.70700000 1135.72000 134.69000 17.05700 87.32700
19 1 21 09 05 30811.00000 6.70700000 1138.34000 134.69000 17.05700 87.32700
19 1 21 09 05 30827.30000 6.70700000 1139.92000 135.19000 17.05700 87.32700
19 1 21 09 06 30844.90000 6.70700000 1139.85000 135.15000 17.05700 87.48000
19 1 21 09 06 30850.00000 6.70700000 1140.54000 135.10000 17.05700 87.48000
19 1 21 09 07 30860.00000 6.70700000 1140.02000 135.14000 17.05700 87.48000
19 1 21 09 07 30858.90000 6.70700000 1140.96000 134.94000 17.05700 87.48000
19 1 21 09 08 30861.10000 6.69600000 1141.10000 135.10000 17.05700 87.48000
19 1 21 09 08 30859.10000 6.69600000 1140.69000 134.86000 17.13000 87.48000
19 1 21 09 08 30850.00000 6.69600000 1139.55000 134.87000 17.13000 87.48000
19 1 21 09 09 30846.30000 6.69600000 1139.95000 134.85000 17.13000 87.48000
19 1 21 09 09 30818.00000 6.69600000 1139.24000 134.83000 17.13000 87.48000
19 1 21 09 10 30832.40000 6.69600000 1139.99000 134.89000 17.13000 87.46500
19 1 21 09 10 30821.20000 6.69600000 1139.28000 134.72000 17.13000 87.46500
19 1 21 09 11 30812.00000 6.69600000 1139.09000 134.81000 17.13000 87.46500
19 1 21 09 11 30812.00000 6.69600000 1139.27000 134.80000 17.13000 87.46500
19 1 21 09 11 30809.30000 6.69600000 1138.77000 134.80000 17.13000 87.46500
19 1 21 09 12 30749.10000 6.69600000 1137.01000 134.69000 17.13000 87.46500
19 1 21 09 12 30743.60000 6.68000000 1135.41000 134.69000 17.13000 87.46500
19 1 21 09 13 30799.20000 6.68000000 1139.24000 134.50000 17.13000 87.46500
19 1 21 09 13 30785.00000 6.70700000 1138.17000 134.59000 17.13000 87.46500
19 1 21 09 14 30780.70000 6.71000000 1136.66000 134.50000 17.13000 87.46500
19 1 21 09 14 30738.50000 6.71000000 1136.40000 134.27000 17.13000 87.46500
19 1 21 09 14 30740.70000 6.71000000 1135.12000 134.18000 17.13000 87.46500
19 1 21 09 15 30740.70000 6.71000000 1135.06000 134.24000 17.13000 87.46500
19 1 21 09 15 30739.30000 6.71000000 1133.98000 134.10000 17.13000 87.46500
19 1 21 09 16 30725.20000 6.68100000 1134.35000 134.15000 17.13000 87.34800
19 1 21 09 16 30738.50000 6.68100000 1135.14000 134.14000 17.13000 87.34800
19 1 21 09 17 30750.00000 6.68100000 1135.86000 134.21000 17.13000 87.34800
19 1 21 09 17 30760.80000 6.68100000 1135.86000 134.21000 17.08400 87.34800
19 1 21 09 17 30759.10000 6.68100000 1136.00000 134.29000 17.08400 87.34800
19 1 21 09 18 30777.20000 6.68100000 1136.96000 134.26000 17.08400 87.45500
19 1 21 09 18 30779.60000 6.68100000 1136.94000 134.31000 17.08400 87.45500
19 1 21 09 19 30784.70000 6.68100000 1136.99000 134.34000 17.08400 87.45500
19 1 21 09 19 30765.70000 6.68100000 1136.96000 134.28000 17.08400 87.45500
19 1 21 09 20 30802.60000 6.68100000 1138.00000 134.16000 17.08400 87.45500
19 1 21 09 20 30803.10000 6.68100000 1139.01000 134.16000 17.08400 87.34900
19 1 21 09 20 30800.00000 6.68100000 1137.15000 134.19000 17.08400 87.34800
19 1 21 09 21 30802.60000 6.68100000 1136.89000 134.16000 17.08400 87.34800
19 1 21 09 21 30800.00000 6.68100000 1137.72000 134.23000 17.08400 87.34800
19 1 21 09 22 30832.20000 6.68100000 1138.99000 134.41000 17.08400 87.26900
19 1 21 09 22 30839.80000 6.68100000 1139.23000 134.36000 17.08400 87.10100
19 1 21 09 23 30830.90000 6.68100000 1139.15000 134.23000 17.08400 87.10100
19 1 21 09 23 30824.80000 6.68100000 1139.93000 134.51000 17.08400 87.22000
19 1 21 09 23 30829.50000 6.68100000 1140.27000 134.51000 17.08400 87.22000
19 1 21 09 24 30800.00000 6.72100000 1139.11000 134.51000 17.08400 86.88100
19 1 21 09 24 30800.00000 6.72100000 1138.10000 134.10000 17.08400 86.88100
19 1 21 09 25 30777.10000 6.72100000 1136.88000 134.10000 17.08400 86.42100
19 1 21 09 25 30777.00000 6.72100000 1136.36000 133.75000 17.08400 86.54900
19 1 21 09 26 30781.60000 6.72100000 1137.99000 133.76000 17.08400 86.73800
19 1 21 09 26 30787.90000 6.66100000 1138.11000 133.70000 17.08400 86.79100
19 1 21 09 26 30799.90000 6.66100000 1139.50000 133.80000 17.08400 86.79100
19 1 21 09 27 30800.00000 6.66100000 1139.44000 134.22000 17.08400 86.79100
19 1 21 09 27 30800.00000 6.66100000 1138.87000 134.35000 17.08400 86.79100
19 1 21 09 28 30800.00000 6.66100000 1138.99000 134.43000 17.08400 86.79100
19 1 21 09 28 30797.70000 6.66100000 1139.15000 134.43000 17.08400 86.79100
19 1 21 09 29 30797.20000 6.66100000 1139.02000 134.42000 17.08400 86.79100
19 1 21 09 29 30800.00000 6.66100000 1139.92000 134.42000 17.08400 86.79100
19 1 21 09 29 30800.00000 6.66100000 1139.20000 134.48000 17.30000 86.79100
19 1 21 09 30 30799.90000 6.66100000 1139.95000 134.49000 17.30000 86.79100
19 1 21 09 30 30785.80000 6.66100000 1139.02000 134.13000 17.30000 86.91000
19 1 21 09 31 30758.70000 6.66100000 1138.66000 134.10000 17.30000 86.91000
19 1 21 09 31 30737.20000 6.66100000 1137.58000 134.01000 17.30000 86.91000
19 1 21 09 32 30736.90000 6.66100000 1137.55000 134.00000 17.30000 86.91000
19 1 21 09 32 30730.00000 6.66100000 1137.67000 134.01000 17.30000 86.91000
19 1 21 09 32 30730.10000 6.66100000 1136.59000 134.01000 17.30000 86.91000
19 1 21 09 33 30730.10000 6.68600000 1138.00000 134.01000 17.30000 86.91000
19 1 21 09 33 30750.00000 6.68600000 1138.43000 134.11000 17.30000 86.91000
19 1 21 09 34 30749.90000 6.67000000 1138.68000 134.27000 17.30000 86.91000
19 1 21 09 34 30771.20000 6.67000000 1139.43000 134.48000 17.30000 86.91000
19 1 21 09 35 30793.40000 6.67000000 1139.22000 134.49000 17.30000 86.91000
19 1 21 09 35 30793.40000 6.69500000 1139.82000 134.45000 17.30000 86.91000
19 1 21 09 35 30782.40000 6.69500000 1139.78000 134.46000 17.30000 86.91000
19 1 21 09 36 30791.20000 6.69500000 1139.98000 134.31000 17.30000 86.90000
19 1 21 09 36 30841.60000 6.69500000 1142.41000 134.48000 17.30000 86.90000
19 1 21 09 37 30863.80000 6.69500000 1143.89000 134.42000 17.30000 86.90000
19 1 21 09 37 30863.70000 6.64400000 1143.11000 134.42000 17.30000 86.90000
19 1 21 09 38 30858.10000 6.64400000 1143.05000 134.55000 17.30000 86.90000
19 1 21 09 38 30858.00000 6.64400000 1143.04000 134.44000 17.30000 86.90000
19 1 21 09 38 30858.10000 6.64400000 1143.10000 134.44000 17.30000 86.90000
19 1 21 09 39 30838.40000 6.67500000 1143.09000 134.44000 17.30000 86.90000
19 1 21 09 39 30837.70000 6.67500000 1143.33000 134.46000 17.30000 86.90000
19 1 21 09 40 30793.40000 6.67500000 1143.03000 134.26000 17.30000 86.90000
19 1 21 09 40 30793.50000 6.67500000 1141.83000 134.26000 17.30000 86.90000
19 1 21 09 41 30776.80000 6.67500000 1141.64000 134.10000 17.30000 86.90000
19 1 21 09 41 30827.40000 6.67500000 1142.44000 134.47000 17.30000 86.90000
19 1 21 09 41 30824.70000 6.67500000 1143.55000 134.39000 17.30000 86.90000
19 1 21 09 42 30829.90000 6.67500000 1143.54000 134.33000 17.30000 86.98100
19 1 21 09 42 30870.10000 6.67500000 1145.20000 134.39000 17.30000 86.98100
19 1 21 09 43 30910.30000 6.67500000 1148.37000 134.68000 17.30000 86.98100
19 1 21 09 43 30866.10000 6.67500000 1147.32000 134.68000 17.30000 86.98100
