M=[
20 6 20 18 49 8321.90000 5.60100000 203.48000 38.53000 15.72500 45.82200
20 6 20 18 50 8322.30000 5.60100000 203.47000 38.53000 15.72500 45.82200
20 6 20 18 50 8322.30000 5.60100000 203.47000 38.53000 15.72500 45.82200
20 6 20 18 51 8322.10000 5.60100000 203.36000 38.53000 15.67500 45.82200
20 6 20 18 51 8322.00000 5.60100000 203.36000 38.53000 15.67500 45.82200
20 6 20 18 52 8320.40000 5.60100000 203.32000 38.53000 15.66300 45.82200
20 6 20 18 52 8320.40000 5.60100000 203.38000 38.53000 15.66300 45.82200
20 6 20 18 53 8320.40000 5.60100000 203.25000 38.53000 15.66300 45.82200
20 6 20 18 53 8320.90000 5.60100000 203.45000 38.53000 15.65700 45.82200
20 6 20 18 54 8322.50000 5.60100000 203.45000 38.53000 15.65700 45.82200
20 6 20 18 54 8322.60000 5.60100000 203.45000 38.53000 15.66300 45.82200
20 6 20 18 55 8322.60000 5.60100000 203.45000 38.53000 15.65700 45.82200
20 6 20 18 55 8322.60000 5.60100000 203.45000 38.53000 15.65700 45.82200
20 6 20 18 56 8322.60000 5.60100000 203.45000 38.53000 15.65700 45.82200
20 6 20 18 56 8322.60000 5.60100000 203.45000 38.53000 15.65700 45.82200
20 6 20 18 57 8322.90000 5.60100000 203.56000 38.53000 15.65700 45.82200
20 6 20 18 57 8323.50000 5.60100000 203.57000 38.53000 15.71300 45.82200
20 6 20 18 58 8323.90000 5.60100000 203.45000 38.53000 15.62800 45.82200
20 6 20 18 59 8325.00000 5.60100000 203.56000 38.53000 15.62800 45.82200
20 6 20 18 59 8325.00000 5.60100000 203.59000 38.53000 15.62800 45.82200
20 6 20 19 00 8325.00000 5.60100000 203.70000 38.53000 15.62800 45.82200
20 6 20 19 00 8325.00000 5.60100000 203.68000 38.59000 15.62800 45.82200
20 6 20 19 01 8329.10000 5.60100000 203.75000 38.59000 15.62800 45.82200
20 6 20 19 01 8329.10000 5.60100000 203.76000 38.59000 15.62800 45.82200
20 6 20 19 02 8330.00000 5.60100000 203.76000 38.59000 15.62800 45.82200
20 6 20 19 02 8332.00000 5.60100000 203.78000 38.59000 15.62800 45.82200
20 6 20 19 03 8331.90000 5.60100000 203.64000 38.59000 15.62800 45.82200
20 6 20 19 03 8331.90000 5.60100000 203.70000 38.59000 15.62800 45.82200
20 6 20 19 04 8332.00000 5.60100000 203.77000 38.59000 15.62800 45.82200
20 6 20 19 04 8332.90000 5.60100000 203.69000 38.58000 15.62800 45.82200
20 6 20 19 05 8332.00000 5.60100000 203.69000 38.58000 15.62800 45.82200
20 6 20 19 05 8332.00000 5.60100000 203.70000 38.58000 15.62800 45.82200
20 6 20 19 06 8332.00000 5.60100000 203.69000 38.58000 15.62800 45.82200
20 6 20 19 06 8332.00000 5.60100000 203.69000 38.58000 15.62800 45.82200
20 6 20 19 07 8331.20000 5.60100000 203.69000 38.57000 15.62800 45.82200
20 6 20 19 07 8333.00000 5.60100000 203.69000 38.57000 15.62800 45.82200
20 6 20 19 08 8332.90000 5.60100000 203.64000 38.57000 15.62800 45.82200
20 6 20 19 08 8332.20000 5.60100000 203.65000 38.57000 15.62800 45.82200
20 6 20 19 09 8331.30000 5.60100000 203.65000 38.57000 15.62800 45.82200
20 6 20 19 09 8331.30000 5.60100000 203.65000 38.57000 15.62800 45.82200
20 6 20 19 10 8328.10000 5.60100000 203.65000 38.57000 15.62800 45.82200
20 6 20 19 10 8329.90000 5.60100000 203.65000 38.57000 15.62800 45.82200
20 6 20 19 11 8329.40000 5.60100000 203.64000 38.57000 15.62800 45.82200
20 6 20 19 11 8329.40000 5.60100000 203.52000 38.56000 15.62800 45.82200
20 6 20 19 12 8324.10000 5.60100000 203.37000 38.56000 15.62800 45.82200
20 6 20 19 12 8324.20000 5.60100000 203.28000 38.57000 15.62800 45.82200
20 6 20 19 13 8327.00000 5.60100000 203.31000 38.57000 15.62800 45.82200
20 6 20 19 13 8322.80000 5.60100000 203.36000 38.56000 15.62800 45.79000
20 6 20 19 14 8320.70000 5.60100000 203.28000 38.56000 15.62800 45.79000
20 6 20 19 14 8321.50000 5.60100000 203.28000 38.56000 15.62800 45.79000
20 6 20 19 15 8324.40000 5.60100000 203.28000 38.56000 15.62800 45.79000
20 6 20 19 15 8325.30000 5.60100000 203.28000 38.56000 15.62800 45.79000
20 6 20 19 16 8323.40000 5.60100000 203.31000 38.56000 15.62800 45.79000
20 6 20 19 16 8323.40000 5.60100000 203.32000 38.56000 15.62800 45.79000
20 6 20 19 17 8325.30000 5.60100000 203.32000 38.56000 15.62800 45.79000
20 6 20 19 18 8325.40000 5.60100000 203.32000 38.56000 15.62800 45.79000
20 6 20 19 18 8320.90000 5.60100000 203.33000 38.56000 15.62800 45.79000
20 6 20 19 19 8320.80000 5.60100000 203.32000 38.56000 15.62800 45.79000
20 6 20 19 19 8320.80000 5.60100000 203.32000 38.56000 15.62800 45.79000
20 6 20 19 20 8321.20000 5.60100000 203.32000 38.56000 15.62800 45.79000
20 6 20 19 20 8321.70000 5.60100000 203.30000 38.56000 15.65700 45.79000
20 6 20 19 21 8324.60000 5.60100000 203.30000 38.56000 15.62800 45.79000
20 6 20 19 21 8320.80000 5.60100000 203.20000 38.56000 15.62800 45.79000
20 6 20 19 22 8320.90000 5.60100000 203.20000 38.56000 15.62800 45.79000
20 6 20 19 22 8320.80000 5.60100000 203.20000 38.56000 15.62800 45.79000
20 6 20 19 23 8320.90000 5.60100000 203.20000 38.56000 15.62800 45.79000
20 6 20 19 23 8321.70000 5.60100000 203.29000 38.57000 15.62800 45.79000
20 6 20 19 24 8320.80000 5.60100000 203.27000 38.56000 15.62800 45.79000
20 6 20 19 24 8320.90000 5.60100000 203.24000 38.56000 15.62800 45.79000
20 6 20 19 25 8320.90000 5.60100000 203.20000 38.56000 15.62800 45.79000
20 6 20 19 25 8320.90000 5.60100000 203.21000 38.56000 15.62800 45.79000
20 6 20 19 26 8320.90000 5.60100000 203.21000 38.56000 15.62800 45.79000
20 6 20 19 26 8320.90000 5.60100000 203.22000 38.57000 15.62800 45.79000
20 6 20 19 27 8321.20000 5.60100000 203.22000 38.56000 15.62800 45.79000
20 6 20 19 27 8321.20000 5.60100000 203.22000 38.57000 15.62800 45.79000
20 6 20 19 28 8317.60000 5.60100000 203.22000 38.56000 15.62800 45.79000
20 6 20 19 28 8319.40000 5.60100000 203.22000 38.57000 15.62800 45.79000
20 6 20 19 29 8317.00000 5.60100000 203.24000 38.56000 15.62800 45.79000
20 6 20 19 29 8317.00000 5.60100000 203.24000 38.56000 15.62800 45.79000
20 6 20 19 30 8317.00000 5.60100000 203.28000 38.56000 15.62800 45.79000
20 6 20 19 30 8317.00000 5.60100000 203.29000 38.56000 15.62800 45.79000
20 6 20 19 31 8317.00000 5.60100000 203.28000 38.57000 15.62800 45.79000
20 6 20 19 31 8317.00000 5.60100000 203.26000 38.56000 15.63900 45.79000
20 6 20 19 32 8317.00000 5.60100000 203.28000 38.56000 15.63900 45.79000
20 6 20 19 33 8316.90000 5.60100000 203.28000 38.56000 15.63900 45.79000
20 6 20 19 33 8317.00000 5.57000000 203.28000 38.56000 15.63900 45.79000
20 6 20 19 34 8317.00000 5.57000000 203.28000 38.56000 15.63900 45.79000
20 6 20 19 34 8317.00000 5.57000000 203.21000 38.57000 15.63900 45.79000
20 6 20 19 34 8317.00000 5.57000000 203.21000 38.56000 15.63900 45.79000
20 6 20 19 35 8316.90000 5.57000000 203.21000 38.56000 15.63900 45.79000
20 6 20 19 36 8316.90000 5.57000000 203.23000 38.56000 15.63900 45.79000
20 6 20 19 36 8317.00000 5.57000000 203.24000 38.56000 15.63900 45.79000
20 6 20 19 37 8317.00000 5.57000000 203.21000 38.56000 15.63900 45.79000
20 6 20 19 37 8316.90000 5.57000000 203.26000 38.56000 15.63900 45.79000
20 6 20 19 38 8317.00000 5.57000000 203.26000 38.56000 15.63900 45.79000
20 6 20 19 38 8317.00000 5.57000000 203.26000 38.57000 15.63900 45.79000
20 6 20 19 39 8316.90000 5.57000000 203.26000 38.57000 15.63900 45.79000
20 6 20 19 39 8317.10000 5.57000000 203.26000 38.56000 15.63900 45.79000
20 6 20 19 40 8317.00000 5.57000000 203.26000 38.56000 15.63900 45.79000
20 6 20 19 40 8317.10000 5.57000000 203.20000 38.56000 15.63900 45.79000
20 6 20 19 41 8317.00000 5.57000000 203.21000 38.56000 15.63900 45.79000
20 6 20 19 41 8317.10000 5.57000000 203.21000 38.56000 15.63900 45.79000
20 6 20 19 42 8317.20000 5.57000000 203.20000 38.56000 15.63900 45.79000
20 6 20 19 42 8317.20000 5.57000000 203.21000 38.56000 15.63900 45.79000
20 6 20 19 43 8317.20000 5.57000000 203.20000 38.56000 15.63900 45.79000
20 6 20 19 43 8317.20000 5.57000000 203.20000 38.56000 15.63900 45.79000
20 6 20 19 44 8318.80000 5.57000000 203.20000 38.56000 15.63900 45.79000
20 6 20 19 44 8318.80000 5.57000000 203.20000 38.56000 15.63900 45.79000
20 6 20 19 45 8317.10000 5.57000000 203.11000 38.56000 15.63900 45.79000
