M=[
 5 5 20 13 08 8196.50000 6.65700000 188.39000 42.90000 10.14500 40.40000
 5 5 20 13 09 8198.00000 6.65700000 188.53000 42.90000 10.14500 40.41000
 5 5 20 13 09 8199.90000 6.69600000 188.42000 42.90000 10.14500 40.41000
 5 5 20 13 10 8200.20000 6.69800000 188.78000 42.89000 10.14500 40.41000
 5 5 20 13 11 8200.20000 6.69800000 188.83000 42.92000 10.14500 40.41000
 5 5 20 13 11 8200.60000 6.69600000 188.83000 42.92000 10.14500 40.41000
 5 5 20 13 12 8200.70000 6.65700000 188.65000 42.90000 10.14500 40.41000
 5 5 20 13 12 8201.90000 6.69800000 188.77000 42.86000 10.14500 40.41000
 5 5 20 13 13 8202.00000 6.69800000 188.80000 42.86000 10.14500 40.41000
 5 5 20 13 13 8202.00000 6.69800000 188.79000 42.86000 10.16400 40.41000
 5 5 20 13 14 8202.40000 6.69800000 188.80000 42.86000 10.14500 40.41000
 5 5 20 13 14 8202.10000 6.69800000 188.65000 42.86000 10.14500 40.41000
 5 5 20 13 15 8200.50000 6.69800000 188.52000 42.86000 10.14500 40.41000
 5 5 20 13 15 8200.50000 6.66900000 188.52000 42.86000 10.14500 40.41000
 5 5 20 13 16 8200.50000 6.69100000 188.49000 42.86000 10.14500 40.41000
 5 5 20 13 16 8200.50000 6.69100000 188.48000 42.86000 10.14500 40.41000
 5 5 20 13 17 8200.50000 6.69900000 188.77000 42.86000 10.14500 40.41000
 5 5 20 13 17 8200.50000 6.69900000 188.81000 42.86000 10.14500 40.41000
 5 5 20 13 18 8200.40000 6.69700000 188.82000 42.86000 10.14500 40.41000
 5 5 20 13 18 8200.50000 6.69700000 188.82000 42.86000 10.14500 40.41000
 5 5 20 13 18 8200.70000 6.69700000 188.90000 42.86000 10.14500 40.41000
 5 5 20 13 19 8203.60000 6.69700000 188.85000 42.90000 10.14500 40.41000
 5 5 20 13 19 8203.70000 6.69900000 188.76000 42.90000 10.14500 40.41000
 5 5 20 13 20 8203.40000 6.69700000 188.73000 42.90000 10.14500 40.41000
 5 5 20 13 20 8203.10000 6.69700000 188.83000 42.90000 10.14500 40.41000
 5 5 20 13 21 8201.10000 6.69700000 188.83000 42.90000 10.14500 40.41000
 5 5 20 13 21 8201.10000 6.69700000 188.78000 42.90000 10.14500 40.41000
 5 5 20 13 22 8201.10000 6.69700000 188.78000 42.90000 10.14500 40.41000
 5 5 20 13 22 8201.10000 6.69700000 188.78000 42.90000 10.13800 40.41000
 5 5 20 13 23 8200.90000 6.69700000 188.69000 42.90000 10.13800 40.61000
 5 5 20 13 23 8201.00000 6.69700000 188.62000 42.90000 10.13800 40.59000
 5 5 20 13 24 8201.00000 6.69700000 188.60000 42.89000 10.13800 40.59000
 5 5 20 13 24 8201.00000 6.69700000 188.60000 42.89000 10.13800 40.59000
 5 5 20 13 25 8201.00000 6.69700000 188.67000 42.91000 10.13800 40.59000
 5 5 20 13 25 8200.90000 6.69700000 188.64000 42.91000 10.13800 40.59000
 5 5 20 13 26 8192.70000 6.69700000 188.61000 42.90000 10.13800 40.59000
 5 5 20 13 26 8192.70000 6.69700000 188.61000 42.83000 10.13800 40.59000
 5 5 20 13 27 8192.20000 6.69700000 188.65000 42.83000 10.13800 40.59000
 5 5 20 13 27 8192.40000 6.69900000 188.70000 42.83000 10.13800 40.59000
 5 5 20 13 28 8192.20000 6.67900000 188.95000 42.92000 10.13800 40.59000
 5 5 20 13 28 8197.60000 6.67900000 188.94000 42.87000 10.13800 40.59000
 5 5 20 13 29 8199.90000 6.67900000 188.98000 42.87000 10.13800 40.59000
 5 5 20 13 29 8199.90000 6.67900000 188.94000 42.87000 10.13800 40.59000
 5 5 20 13 30 8192.70000 6.67900000 188.56000 42.87000 10.13800 40.59000
 5 5 20 13 30 8192.70000 6.67900000 188.63000 42.87000 10.13800 40.59000
 5 5 20 13 31 8192.80000 6.67900000 188.63000 42.89000 10.13800 40.59000
 5 5 20 13 31 8192.80000 6.69700000 188.73000 42.89000 10.13800 40.59000
 5 5 20 13 32 8192.80000 6.67900000 188.79000 42.88000 10.13800 40.59000
 5 5 20 13 32 8193.20000 6.69300000 189.00000 42.88000 10.13800 40.59000
 5 5 20 13 33 8219.90000 6.68800000 189.47000 42.93000 10.13800 40.59000
 5 5 20 13 33 8224.70000 6.68800000 189.50000 43.08000 10.13800 40.59000
 5 5 20 13 34 8227.70000 6.68800000 189.50000 43.08000 10.13800 40.59000
 5 5 20 13 34 8235.90000 6.70000000 189.63000 43.08000 10.13800 40.59000
 5 5 20 13 35 8231.30000 6.70000000 189.71000 43.11000 10.13800 40.67000
 5 5 20 13 35 8240.30000 6.70000000 189.86000 43.08000 10.13800 40.67000
 5 5 20 13 36 8233.20000 6.72200000 189.82000 43.13000 10.13800 40.73000
 5 5 20 13 36 8231.30000 6.72200000 189.60000 43.13000 10.13800 40.73000
 5 5 20 13 37 8243.20000 6.73900000 189.60000 43.13000 10.13800 40.73000
 5 5 20 13 37 8245.10000 6.73900000 189.79000 43.16000 10.13800 40.73000
 5 5 20 13 38 8241.50000 6.73900000 189.73000 43.17000 10.13800 40.73000
 5 5 20 13 39 8237.20000 6.73900000 189.71000 43.17000 10.13800 40.73000
 5 5 20 13 39 8233.80000 6.73900000 189.60000 43.17000 10.13800 40.73000
 5 5 20 13 40 8230.50000 6.73900000 189.37000 43.17000 10.13800 40.73000
 5 5 20 13 40 8236.20000 6.73900000 189.59000 43.17000 10.13800 40.73000
 5 5 20 13 41 8236.00000 6.73900000 189.32000 43.17000 10.13800 40.73000
 5 5 20 13 41 8237.00000 6.73900000 189.53000 43.15000 10.13800 40.73000
 5 5 20 13 42 8237.00000 6.73900000 189.49000 43.17000 10.13800 40.81000
 5 5 20 13 42 8241.50000 6.73900000 189.50000 43.17000 10.13800 40.81000
 5 5 20 13 42 8240.00000 6.73900000 189.40000 43.17000 10.13800 40.81000
 5 5 20 13 43 8240.30000 6.73900000 189.40000 43.17000 10.13800 40.81000
 5 5 20 13 43 8246.50000 6.72000000 189.60000 43.17000 10.14500 40.81000
 5 5 20 13 44 8246.40000 6.73000000 189.73000 43.12000 10.14500 40.81000
 5 5 20 13 44 8250.00000 6.73000000 189.65000 43.12000 10.13800 40.81000
 5 5 20 13 45 8249.90000 6.73000000 189.84000 43.23000 10.13800 40.81000
 5 5 20 13 45 8249.40000 6.73000000 189.71000 43.23000 10.13800 40.81000
 5 5 20 13 46 8248.40000 6.74000000 189.75000 43.15000 10.13800 40.86200
 5 5 20 13 46 8248.40000 6.74000000 189.64000 43.19000 10.13800 40.86200
 5 5 20 13 47 8233.00000 6.74000000 189.38000 43.19000 10.13800 40.86200
 5 5 20 13 48 8225.00000 6.74000000 189.26000 43.11000 10.13800 40.61200
 5 5 20 13 48 8227.50000 6.68900000 189.15000 43.10000 10.13800 40.61200
 5 5 20 13 49 8230.00000 6.68900000 189.29000 43.10000 10.13800 40.81000
 5 5 20 13 49 8230.30000 6.68900000 189.18000 43.10000 10.14800 40.61200
 5 5 20 13 50 8229.90000 6.68900000 189.18000 43.10000 10.14800 40.61200
 5 5 20 13 50 8233.00000 6.68900000 189.26000 43.07000 10.14800 40.61200
 5 5 20 13 51 8235.10000 6.68900000 189.26000 43.07000 10.14800 40.61200
 5 5 20 13 51 8238.30000 6.68900000 189.39000 43.07000 10.14800 40.61200
 5 5 20 13 52 8235.00000 6.68900000 189.30000 43.07000 10.14800 40.61200
 5 5 20 13 52 8229.10000 6.74200000 189.21000 43.10000 10.14800 40.76100
 5 5 20 13 53 8227.50000 6.74000000 189.18000 43.10000 10.14800 40.76100
 5 5 20 13 53 8219.30000 6.70100000 189.00000 43.10000 10.14800 40.76100
 5 5 20 13 54 8222.80000 6.70100000 188.76000 43.10000 10.14800 40.76100
 5 5 20 13 54 8218.40000 6.74000000 188.75000 43.10000 10.14800 40.76100
 5 5 20 13 55 8214.90000 6.70100000 188.57000 43.10000 10.14800 40.76100
 5 5 20 13 55 8215.00000 6.70100000 188.68000 43.10000 10.14800 40.76100
 5 5 20 13 56 8217.40000 6.70100000 188.85000 43.10000 10.14800 40.76100
 5 5 20 13 56 8218.60000 6.70100000 188.85000 43.01000 10.14800 40.76100
 5 5 20 13 57 8220.00000 6.70100000 188.62000 43.03000 10.12500 40.76100
 5 5 20 13 57 8217.70000 6.70100000 188.61000 43.03000 10.12500 40.76100
 5 5 20 13 58 8219.70000 6.70100000 188.61000 43.03000 10.12500 40.76100
 5 5 20 13 58 8222.10000 6.70100000 188.75000 43.03000 10.07800 40.76100
 5 5 20 13 59 8222.70000 6.70100000 188.77000 43.05000 10.12500 40.86200
 5 5 20 13 59 8219.50000 6.70100000 188.77000 43.03000 10.07800 40.76100
 5 5 20 14 00 8220.90000 6.70100000 188.78000 43.05000 10.07800 40.76100
 5 5 20 14 00 8220.10000 6.70100000 188.60000 43.05000 10.07800 40.76100
 5 5 20 14 01 8212.90000 6.70100000 188.41000 43.00000 10.07800 40.76100
 5 5 20 14 01 8207.70000 6.70100000 188.41000 43.00000 10.07800 40.76100
 5 5 20 14 02 8204.80000 6.70100000 188.22000 43.05000 10.07800 40.76100
 5 5 20 14 02 8200.40000 6.69100000 188.22000 42.97000 10.07800 40.76100
 5 5 20 14 03 8201.10000 6.69100000 188.25000 42.97000 10.07800 40.76100
