M=[
 7 3 21 11 42 42553.00000 9.69900000 1405.73000 158.02000 26.60000 106.85700
 7 3 21 11 42 42555.00000 9.69900000 1405.73000 158.02000 26.60000 106.85700
 7 3 21 11 43 42555.10000 9.69900000 1406.00000 158.01000 26.60000 106.85700
 7 3 21 11 43 42555.10000 9.69900000 1407.23000 158.01000 26.60000 106.85700
 7 3 21 11 44 42550.30000 9.69900000 1407.63000 157.92000 26.60000 106.97800
 7 3 21 11 44 42580.60000 9.69900000 1407.81000 157.92000 26.60000 106.97800
 7 3 21 11 45 42576.50000 9.69900000 1408.40000 157.96000 26.60000 106.97800
 7 3 21 11 45 42565.50000 9.69900000 1408.36000 157.96000 26.60000 106.97800
 7 3 21 11 45 42548.50000 9.69900000 1407.30000 157.96000 26.60000 106.97800
 7 3 21 11 46 42546.00000 9.69900000 1405.78000 157.96000 26.60000 106.97800
 7 3 21 11 46 42517.10000 9.69900000 1406.51000 157.98000 26.60000 106.97800
 7 3 21 11 47 42513.90000 9.69900000 1406.47000 157.81000 26.60000 106.97800
 7 3 21 11 47 42513.00000 9.69900000 1406.47000 157.81000 26.60000 106.97800
 7 3 21 11 48 42503.40000 9.69900000 1406.59000 157.81000 26.60000 106.97800
 7 3 21 11 48 42500.00000 9.69900000 1405.70000 157.53000 26.60000 106.97800
 7 3 21 11 48 42473.40000 9.69900000 1405.27000 157.53000 26.60000 106.97800
 7 3 21 11 49 42465.60000 9.69900000 1405.68000 157.53000 26.60000 106.97800
 7 3 21 11 49 42465.40000 9.69900000 1405.65000 157.32000 26.60000 106.97800
 7 3 21 11 50 42465.10000 9.69900000 1404.93000 157.29000 26.60000 106.97800
 7 3 21 11 50 42420.30000 9.69900000 1402.26000 157.29000 26.60000 106.97800
 7 3 21 11 51 42414.50000 9.69900000 1402.55000 157.29000 26.60000 106.97800
 7 3 21 11 51 42414.60000 9.69900000 1403.19000 157.11000 26.60000 106.97800
 7 3 21 11 51 42462.50000 9.69900000 1404.12000 157.11000 26.60000 106.97800
 7 3 21 11 52 42488.10000 9.67700000 1404.54000 157.27000 26.60000 106.97800
 7 3 21 11 52 42474.80000 9.67700000 1404.25000 157.29000 26.60000 106.97800
 7 3 21 11 53 42480.10000 9.67700000 1404.29000 157.28000 26.60000 106.97800
 7 3 21 11 53 42480.00000 9.67700000 1404.33000 157.28000 26.38200 106.97800
 7 3 21 11 54 42474.80000 9.67700000 1404.99000 157.28000 26.35200 106.97800
 7 3 21 11 54 42470.00000 9.67700000 1405.00000 157.51000 26.35200 106.97800
 7 3 21 11 54 42459.90000 9.67700000 1405.00000 157.51000 26.35200 106.97800
 7 3 21 11 55 42480.00000 9.67700000 1406.23000 157.21000 26.35200 106.97800
 7 3 21 11 55 42482.10000 9.67700000 1406.23000 157.21000 26.35200 106.97800
 7 3 21 11 56 42482.10000 9.67700000 1407.00000 157.51000 26.35200 106.97800
 7 3 21 11 56 42482.00000 9.67700000 1406.87000 157.54000 26.35200 106.97800
 7 3 21 11 57 42482.10000 9.67700000 1407.01000 157.61000 26.35200 106.97800
 7 3 21 11 57 42515.90000 9.67700000 1406.57000 157.61000 26.35200 106.97800
 7 3 21 11 57 42514.90000 9.67700000 1406.57000 157.59000 26.35200 106.97800
 7 3 21 11 58 42514.00000 9.67700000 1405.98000 157.59000 26.35200 106.97800
 7 3 21 11 58 42512.80000 9.67700000 1405.60000 157.57000 26.35200 106.97800
 7 3 21 11 59 42513.20000 9.67700000 1405.98000 157.57000 26.35200 106.97800
 7 3 21 11 59 42520.40000 9.67700000 1407.40000 157.57000 26.35200 106.97800
 7 3 21 11 59 42520.40000 9.67700000 1407.48000 157.57000 26.35200 106.97800
 7 3 21 12 00 42558.30000 9.67700000 1406.67000 157.57000 26.35200 106.89700
 7 3 21 12 00 42562.60000 9.67700000 1407.39000 157.58000 26.35200 106.89700
 7 3 21 12 01 42586.20000 9.69100000 1406.29000 157.58000 26.35200 106.89700
 7 3 21 12 01 42586.20000 9.69100000 1406.29000 157.58000 26.35200 106.89700
 7 3 21 12 02 42586.30000 9.69100000 1406.68000 157.53000 26.35200 106.89700
 7 3 21 12 02 42586.30000 9.69100000 1407.15000 157.53000 26.35200 106.89700
 7 3 21 12 02 42586.20000 9.69100000 1406.61000 157.53000 26.35200 106.89700
 7 3 21 12 03 42603.10000 9.69900000 1406.28000 157.50000 26.35200 106.89700
 7 3 21 12 03 42603.00000 9.69900000 1406.15000 157.50000 26.35200 106.89700
 7 3 21 12 04 42603.00000 9.69900000 1406.99000 157.50000 26.35200 106.89700
 7 3 21 12 04 42606.50000 9.69900000 1406.99000 157.50000 26.35200 106.89700
 7 3 21 12 05 42609.20000 9.69900000 1407.00000 157.58000 26.35200 106.89700
 7 3 21 12 05 42629.90000 9.69900000 1407.01000 157.81000 26.35200 106.89700
 7 3 21 12 05 42633.10000 9.69900000 1407.70000 157.81000 26.35200 106.89700
 7 3 21 12 06 42633.20000 9.69900000 1407.69000 157.87000 26.35200 106.90100
 7 3 21 12 06 42633.60000 9.69900000 1407.70000 157.86000 26.35200 106.90100
 7 3 21 12 07 42634.20000 9.69900000 1407.70000 157.86000 26.35200 106.90100
 7 3 21 12 07 42633.30000 9.69900000 1405.79000 157.85000 26.35200 106.90100
 7 3 21 12 08 42626.70000 9.69900000 1405.19000 157.85000 26.35200 106.90100
 7 3 21 12 08 42613.70000 9.69900000 1403.65000 157.85000 26.35200 106.90100
 7 3 21 12 08 42580.00000 9.69900000 1403.59000 157.85000 26.35200 106.90100
 7 3 21 12 09 42580.00000 9.69900000 1403.58000 157.85000 26.35200 106.90100
 7 3 21 12 09 42580.00000 9.69900000 1403.58000 157.85000 26.35200 106.90100
 7 3 21 12 10 42541.00000 9.69900000 1403.43000 157.85000 26.35200 106.90100
 7 3 21 12 10 42523.50000 9.69900000 1401.85000 157.85000 26.35200 106.90100
 7 3 21 12 11 42517.00000 9.66500000 1401.54000 157.85000 26.35200 106.90100
 7 3 21 12 11 42529.90000 9.66500000 1401.96000 157.35000 26.35200 106.90100
 7 3 21 12 11 42517.00000 9.66500000 1401.95000 157.32000 26.35200 106.90100
 7 3 21 12 12 42553.80000 9.66500000 1402.64000 157.39000 26.35200 106.90100
 7 3 21 12 12 42556.90000 9.66500000 1402.59000 157.48000 26.35200 106.90100
 7 3 21 12 13 42567.40000 9.66500000 1403.26000 157.48000 26.35200 106.90100
 7 3 21 12 13 42567.50000 9.66500000 1402.84000 157.48000 26.35200 106.90100
 7 3 21 12 14 42567.40000 9.66500000 1402.87000 157.69000 26.35200 106.90100
 7 3 21 12 14 42567.60000 9.66500000 1403.99000 157.70000 26.35200 106.90100
 7 3 21 12 14 42586.10000 9.66500000 1404.00000 157.70000 26.35200 106.90100
 7 3 21 12 15 42565.10000 9.66500000 1401.90000 158.05000 26.35200 106.90100
 7 3 21 12 15 42547.20000 9.66500000 1401.90000 158.05000 26.35200 106.90100
 7 3 21 12 16 42552.00000 9.66500000 1401.30000 158.05000 26.35200 106.90100
 7 3 21 12 16 42552.10000 9.68200000 1401.07000 158.05000 26.35200 106.90100
 7 3 21 12 17 42552.10000 9.68200000 1401.00000 157.71000 26.35200 106.90100
 7 3 21 12 17 42576.20000 9.68200000 1401.03000 157.89000 26.35200 106.90100
 7 3 21 12 17 42557.20000 9.68200000 1401.03000 158.01000 26.35200 106.90100
 7 3 21 12 18 42557.30000 9.68200000 1401.04000 158.01000 26.35200 106.90100
 7 3 21 12 18 42542.40000 9.68200000 1401.03000 157.85000 26.35200 106.90100
 7 3 21 12 19 42534.60000 9.68200000 1400.05000 157.82000 26.35200 106.90100
 7 3 21 12 19 42489.80000 9.68200000 1400.01000 157.50000 26.35200 106.90100
 7 3 21 12 20 42453.40000 9.68200000 1398.94000 157.51000 26.35200 106.90100
 7 3 21 12 20 42464.10000 9.68200000 1398.93000 157.50000 26.35200 106.90100
 7 3 21 12 20 42420.20000 9.68200000 1396.24000 157.50000 26.35200 107.02100
 7 3 21 12 21 42387.00000 9.68200000 1395.89000 157.50000 26.35200 107.02100
 7 3 21 12 21 42386.90000 9.68200000 1396.74000 157.50000 26.35200 107.02100
 7 3 21 12 22 42380.10000 9.68200000 1396.01000 157.50000 26.35200 106.76200
 7 3 21 12 22 42361.90000 9.68200000 1395.01000 157.50000 26.35200 106.76200
 7 3 21 12 23 42366.10000 9.68200000 1395.01000 157.01000 26.35200 106.76200
 7 3 21 12 23 42368.60000 9.68200000 1395.00000 157.00000 26.35200 106.76200
 7 3 21 12 23 42348.40000 9.68200000 1394.99000 156.90000 26.35200 106.76200
 7 3 21 12 24 42348.30000 9.68200000 1393.47000 156.60000 26.35200 106.76200
 7 3 21 12 24 42333.30000 9.68200000 1393.15000 156.57000 26.35200 106.76200
 7 3 21 12 25 42312.40000 9.68200000 1393.00000 156.57000 26.35200 106.70400
 7 3 21 12 25 42320.30000 9.68200000 1393.01000 156.57000 26.35200 106.70400
 7 3 21 12 26 42311.70000 9.68200000 1393.00000 156.50000 26.35200 106.70400
