M=[
 3 3 21 00 41 40242.80000 9.03700000 1239.19000 148.51000 25.50500 100.71000
 3 3 21 00 42 40227.70000 9.03700000 1239.63000 148.51000 25.50500 100.71000
 3 3 21 00 42 40227.60000 9.03700000 1239.28000 148.34000 25.50500 100.71000
 3 3 21 00 42 40227.60000 9.03700000 1240.21000 148.40000 25.50500 100.71000
 3 3 21 00 43 40232.50000 9.03700000 1240.21000 148.40000 25.50500 100.71000
 3 3 21 00 43 40230.40000 9.03700000 1240.29000 148.40000 25.50500 100.71000
 3 3 21 00 44 40248.90000 9.03700000 1240.75000 148.38000 25.70800 100.71000
 3 3 21 00 44 40233.20000 9.03700000 1240.75000 148.38000 25.70800 100.71000
 3 3 21 00 45 40236.10000 9.03700000 1240.22000 148.64000 25.70800 100.71000
 3 3 21 00 45 40253.00000 9.03700000 1241.82000 148.73000 25.70800 100.71000
 3 3 21 00 45 40253.00000 9.03700000 1240.84000 148.73000 25.70800 100.71000
 3 3 21 00 46 40282.30000 9.03700000 1241.88000 148.73000 25.70800 100.71000
 3 3 21 00 46 40341.20000 9.03700000 1241.88000 148.73000 25.70800 100.71000
 3 3 21 00 47 40305.00000 9.03700000 1243.39000 149.25000 25.70800 100.71000
 3 3 21 00 47 40305.00000 9.03700000 1243.39000 149.25000 25.70800 100.71000
 3 3 21 00 48 40329.50000 9.03700000 1243.26000 149.28000 25.70800 100.71000
 3 3 21 00 48 40316.40000 9.03700000 1243.26000 149.28000 25.70800 100.71000
 3 3 21 00 48 40320.30000 9.03700000 1243.41000 149.28000 25.41200 100.71000
 3 3 21 00 49 40320.30000 9.03700000 1243.63000 149.28000 25.41200 100.71000
 3 3 21 00 49 40320.30000 9.03700000 1243.63000 149.20000 25.41200 100.71000
 3 3 21 00 50 40295.80000 9.03700000 1242.77000 149.24000 25.41200 100.71000
 3 3 21 00 50 40294.80000 9.03700000 1242.79000 149.24000 25.41200 100.71000
 3 3 21 00 51 40295.80000 9.03700000 1243.28000 149.24000 25.41200 100.71000
 3 3 21 00 51 40295.80000 9.03700000 1243.45000 149.24000 25.41200 100.71000
 3 3 21 00 51 40319.60000 9.03700000 1243.72000 149.24000 25.41200 100.71000
 3 3 21 00 52 40319.70000 9.03700000 1243.72000 149.24000 25.41200 100.71000
 3 3 21 00 52 40320.30000 9.03700000 1243.72000 149.24000 25.41200 100.71000
 3 3 21 00 53 40323.50000 9.03700000 1243.72000 149.24000 25.41200 100.71000
 3 3 21 00 53 40304.40000 9.03700000 1243.72000 149.24000 25.41200 100.71000
 3 3 21 00 54 40295.70000 9.03700000 1243.72000 149.07000 25.41200 100.71000
 3 3 21 00 54 40286.40000 9.03700000 1243.72000 149.21000 25.55300 100.71000
 3 3 21 00 54 40286.40000 9.03700000 1243.72000 149.21000 25.55300 100.71000
 3 3 21 00 55 40286.40000 9.03700000 1243.72000 149.21000 25.55300 100.71000
 3 3 21 00 55 40286.40000 9.03700000 1243.72000 149.07000 25.55300 100.71000
 3 3 21 00 56 40227.70000 9.03700000 1243.71000 149.07000 25.55300 100.71000
 3 3 21 00 56 40211.90000 9.03700000 1243.72000 149.06000 25.55300 100.71000
 3 3 21 00 57 40200.10000 9.03700000 1243.71000 149.06000 25.55300 100.71000
 3 3 21 00 57 40180.10000 9.03700000 1243.72000 148.74000 25.55300 100.71000
 3 3 21 00 57 40179.90000 9.03700000 1243.71000 148.74000 25.55300 100.71000
 3 3 21 00 58 40180.00000 9.03700000 1243.72000 148.74000 25.55300 100.71000
 3 3 21 00 58 40172.70000 9.03700000 1243.71000 148.74000 25.55300 100.71000
 3 3 21 00 59 40150.20000 9.03700000 1242.48000 148.74000 25.55300 100.71000
 3 3 21 00 59 40180.00000 9.03700000 1242.48000 148.71000 25.55300 100.71000
 3 3 21 01 00 40180.00000 9.07500000 1242.48000 148.71000 25.55300 100.71000
 3 3 21 01 00 40217.40000 9.07500000 1243.72000 148.79000 25.55300 100.71000
 3 3 21 01 00 40176.50000 9.07500000 1242.84000 148.79000 25.55300 100.71000
 3 3 21 01 01 40210.40000 9.07100000 1243.36000 148.79000 25.55300 100.71000
 3 3 21 01 01 40200.40000 9.07100000 1243.37000 148.79000 25.55300 100.71000
 3 3 21 01 02 40207.40000 9.07100000 1243.37000 148.79000 25.55300 100.71000
 3 3 21 01 02 40239.50000 9.07100000 1243.72000 148.88000 25.55300 100.71000
 3 3 21 01 03 40239.50000 9.07100000 1243.37000 148.88000 25.55300 100.86900
 3 3 21 01 03 40239.50000 9.07100000 1243.50000 148.88000 25.55300 100.86900
 3 3 21 01 03 40239.50000 9.07100000 1243.50000 148.88000 25.55300 100.86900
 3 3 21 01 04 40274.60000 9.07100000 1243.50000 148.88000 25.55300 100.86900
 3 3 21 01 04 40272.70000 9.07100000 1243.50000 148.88000 25.55300 100.86900
 3 3 21 01 05 40272.70000 9.07100000 1243.37000 148.75000 25.55300 100.86900
 3 3 21 01 05 40272.70000 9.07100000 1243.37000 148.75000 25.55300 100.86900
 3 3 21 01 06 40294.90000 9.07100000 1243.02000 148.75000 25.55300 100.86900
 3 3 21 01 06 40298.00000 9.07100000 1243.16000 148.75000 25.55300 100.86900
 3 3 21 01 06 40332.80000 9.07100000 1243.16000 148.75000 25.55300 100.86900
 3 3 21 01 07 40334.40000 9.07100000 1243.15000 148.75000 25.55300 100.86900
 3 3 21 01 07 40344.90000 9.07100000 1243.15000 148.75000 25.55300 100.86900
 3 3 21 01 08 40345.30000 9.07100000 1243.16000 148.75000 25.55300 101.08900
 3 3 21 01 08 40367.80000 9.07100000 1243.72000 149.19000 25.55300 101.08900
 3 3 21 01 09 40374.80000 9.07100000 1245.56000 149.28000 25.55300 101.08900
 3 3 21 01 09 40426.60000 9.07100000 1246.29000 149.50000 25.55300 101.08900
 3 3 21 01 09 40426.60000 9.07100000 1248.18000 149.58000 25.55300 101.08900
 3 3 21 01 10 40421.00000 9.07100000 1249.20000 149.76000 25.55300 101.08900
 3 3 21 01 10 40392.70000 9.07100000 1249.75000 149.65000 25.55300 101.08900
 3 3 21 01 11 40423.20000 9.07100000 1249.50000 149.65000 25.55300 101.08900
 3 3 21 01 11 40423.00000 9.07100000 1249.50000 149.65000 25.50100 101.08900
 3 3 21 01 12 40455.10000 9.07100000 1249.50000 149.90000 25.50100 101.08900
 3 3 21 01 12 40429.70000 9.07100000 1249.09000 149.90000 25.50100 101.08900
 3 3 21 01 12 40426.90000 9.07100000 1249.89000 149.90000 25.50100 101.08900
 3 3 21 01 13 40431.10000 9.07100000 1249.90000 149.99000 25.50100 101.08900
 3 3 21 01 13 40432.50000 9.07100000 1249.22000 149.99000 25.50100 101.08900
 3 3 21 01 14 40405.60000 9.07100000 1249.90000 149.99000 25.50100 101.08900
 3 3 21 01 14 40405.60000 9.07100000 1249.76000 150.00000 25.50100 101.08900
 3 3 21 01 15 40405.60000 9.07100000 1248.21000 149.99000 25.50100 101.08900
 3 3 21 01 15 40405.50000 9.07100000 1249.14000 150.00000 25.50100 101.08900
 3 3 21 01 15 40337.30000 9.07100000 1249.88000 150.00000 25.50100 101.08900
 3 3 21 01 16 40348.60000 9.07100000 1249.90000 150.08000 25.50100 101.08900
 3 3 21 01 16 40360.50000 9.07100000 1249.90000 150.12000 25.50100 101.08900
 3 3 21 01 17 40381.70000 9.07100000 1249.90000 150.20000 25.50100 101.08900
 3 3 21 01 17 40355.00000 9.07100000 1249.89000 150.22000 25.50100 101.08900
 3 3 21 01 18 40350.00000 9.07100000 1249.89000 149.97000 25.50100 101.08900
 3 3 21 01 18 40347.40000 9.07100000 1249.59000 149.92000 25.50100 101.08900
 3 3 21 01 18 40339.50000 9.07100000 1249.90000 150.01000 25.50100 101.08900
 3 3 21 01 19 40320.10000 9.07100000 1249.90000 150.01000 25.50100 101.08900
 3 3 21 01 19 40320.10000 9.07100000 1249.62000 149.96000 25.50100 101.08900
 3 3 21 01 20 40329.40000 9.07100000 1249.62000 150.04000 25.50100 101.08900
 3 3 21 01 20 40316.00000 9.07100000 1249.62000 150.01000 25.50100 101.08900
 3 3 21 01 21 40316.10000 9.07100000 1249.90000 150.01000 25.50100 101.08900
 3 3 21 01 21 40316.00000 9.07100000 1249.90000 150.01000 25.50100 101.08900
 3 3 21 01 21 40316.00000 9.07100000 1250.00000 150.01000 25.50100 101.08900
 3 3 21 01 22 40326.80000 9.07100000 1250.97000 150.01000 25.50100 101.08900
 3 3 21 01 22 40359.70000 9.10000000 1251.23000 150.24000 25.50100 101.08900
 3 3 21 01 23 40366.30000 9.10000000 1252.46000 150.65000 25.50100 101.33500
 3 3 21 01 23 40358.10000 9.10000000 1252.59000 150.80000 25.50100 101.33500
 3 3 21 01 24 40333.70000 9.10000000 1250.80000 150.96000 25.50100 101.33500
 3 3 21 01 24 40335.90000 9.10000000 1251.91000 150.99000 25.50100 101.33500
 3 3 21 01 24 40335.90000 9.10000000 1253.16000 151.13000 25.50100 101.33500
 3 3 21 01 25 40348.00000 9.11700000 1254.36000 151.43000 25.50100 101.33500
