M=[
 6 9 20 16 27 8656.00000 4.62300000 295.99000 40.67000 14.55000 48.99000
 6 9 20 16 27 8660.70000 4.62300000 295.83000 40.67000 14.55000 48.97800
 6 9 20 16 27 8660.70000 4.62300000 295.83000 40.71000 14.55000 48.97800
 6 9 20 16 28 8660.70000 4.62300000 295.87000 40.71000 14.55000 48.97800
 6 9 20 16 28 8660.70000 4.62300000 295.72000 40.71000 14.55000 48.97800
 6 9 20 16 29 8658.40000 4.62300000 295.89000 40.71000 14.55000 48.97800
 6 9 20 16 29 8658.50000 4.62300000 295.74000 40.71000 14.55000 48.97800
 6 9 20 16 30 8666.80000 4.62300000 297.24000 40.71000 14.55000 48.97800
 6 9 20 16 30 8667.00000 4.62300000 298.57000 40.71000 14.57100 48.97800
 6 9 20 16 31 8672.90000 4.62300000 299.00000 40.71000 14.57100 48.97800
 6 9 20 16 31 8669.30000 4.62300000 299.00000 40.78000 14.57100 48.97800
 6 9 20 16 32 8663.40000 4.62300000 297.99000 40.78000 14.57100 48.97800
 6 9 20 16 32 8663.70000 4.62200000 297.87000 40.78000 14.57100 48.97800
 6 9 20 16 33 8669.30000 4.62200000 298.33000 40.78000 14.57100 48.97800
 6 9 20 16 33 8669.30000 4.62200000 298.32000 40.78000 14.64900 48.97800
 6 9 20 16 34 8672.00000 4.62200000 298.58000 40.78000 14.64900 48.97800
 6 9 20 16 34 8669.40000 4.62200000 298.04000 40.78000 14.64900 48.97800
 6 9 20 16 35 8669.20000 4.62200000 297.41000 40.78000 14.64900 48.97800
 6 9 20 16 35 8669.30000 4.62200000 297.41000 40.70000 14.64900 48.97800
 6 9 20 16 36 8669.20000 4.62200000 297.31000 40.70000 14.64900 48.97800
 6 9 20 16 36 8660.80000 4.62200000 297.55000 40.70000 14.64900 48.97800
 6 9 20 16 37 8660.70000 4.62200000 297.19000 40.69000 14.64900 48.97800
 6 9 20 16 37 8661.50000 4.62200000 297.36000 40.69000 14.64900 48.97800
 6 9 20 16 38 8660.70000 4.62200000 296.84000 40.69000 14.64900 48.74800
 6 9 20 16 38 8670.30000 4.62300000 298.10000 40.69000 14.64900 48.74800
 6 9 20 16 38 8669.30000 4.62300000 298.10000 40.69000 14.64900 48.74800
 6 9 20 16 39 8673.40000 4.62300000 299.30000 40.79000 14.64900 48.74800
 6 9 20 16 39 8679.30000 4.62300000 299.99000 40.79000 14.64900 48.74800
 6 9 20 16 40 8677.80000 4.62300000 299.65000 40.79000 14.64900 48.74800
 6 9 20 16 40 8672.90000 4.62300000 299.07000 40.79000 14.64900 48.74800
 6 9 20 16 41 8668.40000 4.62300000 299.07000 40.79000 14.64900 48.74800
 6 9 20 16 41 8668.40000 4.62300000 299.16000 40.79000 14.61700 48.74800
 6 9 20 16 42 8665.10000 4.62300000 299.01000 40.79000 14.61700 48.74800
 6 9 20 16 42 8665.30000 4.62300000 299.59000 40.79000 14.61700 48.74800
 6 9 20 16 43 8665.30000 4.62300000 299.05000 40.79000 14.68300 48.74800
 6 9 20 16 43 8664.80000 4.61200000 299.10000 40.79000 14.68300 48.74800
 6 9 20 16 44 8665.00000 4.61200000 299.03000 40.79000 14.68300 48.74800
 6 9 20 16 44 8663.20000 4.61200000 299.07000 40.79000 14.68300 48.74800
 6 9 20 16 44 8668.50000 4.61200000 299.75000 40.79000 14.68300 48.74800
 6 9 20 16 45 8667.80000 4.61200000 299.64000 40.79000 14.68300 48.74800
 6 9 20 16 45 8667.60000 4.61200000 299.06000 40.81000 14.68300 48.74800
 6 9 20 16 46 8662.50000 4.60700000 298.77000 40.81000 14.68300 48.74800
 6 9 20 16 46 8656.60000 4.60700000 297.94000 40.81000 14.62200 48.74800
 6 9 20 16 47 8656.40000 4.60700000 297.68000 40.81000 14.62200 48.77000
 6 9 20 16 47 8656.00000 4.60700000 297.81000 40.81000 14.62200 48.77000
 6 9 20 16 48 8663.40000 4.59900000 297.79000 40.81000 14.62200 48.77000
 6 9 20 16 48 8658.20000 4.59900000 297.84000 40.81000 14.62200 48.77000
 6 9 20 16 49 8663.30000 4.59900000 297.95000 40.81000 14.68800 48.77000
 6 9 20 16 49 8659.60000 4.59900000 297.80000 40.81000 14.68800 48.77000
 6 9 20 16 49 8657.90000 4.59900000 297.55000 40.81000 14.68800 48.77000
 6 9 20 16 50 8661.30000 4.59900000 298.01000 40.81000 14.68800 48.77000
 6 9 20 16 50 8658.30000 4.59800000 297.86000 40.70000 14.68800 48.77000
 6 9 20 16 51 8657.90000 4.59800000 297.83000 40.70000 14.68800 48.77000
 6 9 20 16 51 8657.80000 4.59800000 297.83000 40.70000 14.68800 48.77000
 6 9 20 16 52 8657.70000 4.59800000 297.55000 40.70000 14.68800 48.77000
 6 9 20 16 52 8661.60000 4.59800000 298.28000 40.70000 14.68800 48.77000
 6 9 20 16 53 8661.60000 4.59800000 298.73000 40.82000 14.68800 48.77000
 6 9 20 16 53 8668.70000 4.59800000 298.65000 41.04000 14.68800 48.77000
 6 9 20 16 54 8673.40000 4.59800000 299.35000 41.10000 14.68800 49.01100
 6 9 20 16 54 8677.10000 4.59800000 299.41000 41.27000 14.68800 49.01100
 6 9 20 16 54 8679.00000 4.59800000 300.00000 41.30000 14.68800 49.01100
 6 9 20 16 55 8674.40000 4.60600000 299.60000 41.20000 14.68800 49.01100
 6 9 20 16 55 8675.00000 4.60600000 300.00000 41.30000 14.68800 49.01100
 6 9 20 16 56 8677.30000 4.60600000 300.51000 41.25000 14.68800 49.01100
 6 9 20 16 56 8676.70000 4.60600000 300.43000 41.25000 14.68800 49.01100
 6 9 20 16 57 8678.40000 4.60400000 300.39000 41.32000 14.68800 49.05000
 6 9 20 16 57 8673.30000 4.60400000 299.53000 41.32000 14.68800 49.05000
 6 9 20 16 58 8673.30000 4.60400000 300.09000 41.32000 14.68800 49.05000
 6 9 20 16 58 8673.80000 4.60400000 300.09000 41.11000 14.68800 49.05000
 6 9 20 16 59 8678.00000 4.60400000 300.30000 41.11000 14.68800 49.05000
 6 9 20 16 59 8675.10000 4.60400000 299.45000 41.07000 14.68800 49.05000
 6 9 20 17 00 8677.30000 4.60400000 299.80000 41.07000 14.68800 49.05000
 6 9 20 17 00 8678.20000 4.60400000 299.80000 40.97000 14.68800 49.05000
 6 9 20 17 01 8675.00000 4.60400000 299.77000 40.97000 14.68800 49.05000
 6 9 20 17 01 8674.50000 4.60400000 300.10000 40.92000 14.68800 49.05000
 6 9 20 17 01 8674.30000 4.60400000 299.77000 40.92000 14.65600 49.05000
 6 9 20 17 02 8666.10000 4.60400000 298.59000 40.84000 14.65600 49.05000
 6 9 20 17 02 8656.80000 4.60400000 298.01000 40.80000 14.65600 48.81100
 6 9 20 17 03 8656.50000 4.60400000 298.16000 40.80000 14.69100 48.81100
 6 9 20 17 03 8656.40000 4.60400000 298.05000 40.84000 14.69100 48.81100
 6 9 20 17 04 8655.30000 4.60400000 298.32000 40.84000 14.69100 48.81100
 6 9 20 17 04 8656.40000 4.60400000 298.32000 40.84000 14.69100 48.81100
 6 9 20 17 05 8656.40000 4.60400000 297.85000 40.83000 14.69100 48.81100
 6 9 20 17 05 8657.40000 4.60400000 297.86000 40.83000 14.69100 48.81100
 6 9 20 17 06 8657.60000 4.60300000 297.25000 40.83000 14.69100 48.81100
 6 9 20 17 06 8660.70000 4.60300000 297.75000 40.83000 14.69100 48.81100
 6 9 20 17 06 8657.70000 4.60300000 297.84000 40.83000 14.66000 48.81100
 6 9 20 17 07 8657.70000 4.60300000 297.69000 40.85000 14.66000 48.81100
 6 9 20 17 07 8657.60000 4.60300000 297.69000 40.85000 14.66000 48.81100
 6 9 20 17 08 8657.70000 4.60300000 297.40000 40.85000 14.66000 48.81100
 6 9 20 17 08 8657.70000 4.60300000 297.40000 40.85000 14.66000 48.81100
 6 9 20 17 09 8658.20000 4.60300000 297.88000 40.85000 14.65400 48.81100
 6 9 20 17 09 8658.20000 4.60300000 297.92000 40.91000 14.65400 48.79900
 6 9 20 17 10 8657.80000 4.60300000 297.92000 40.89000 14.65400 48.79900
 6 9 20 17 10 8657.80000 4.60300000 297.22000 40.89000 14.65400 48.79900
 6 9 20 17 10 8657.00000 4.60300000 297.02000 40.89000 14.65400 48.79900
 6 9 20 17 11 8654.90000 4.60300000 297.02000 40.89000 14.65400 48.79900
 6 9 20 17 11 8655.40000 4.60300000 297.02000 40.89000 14.65400 48.79900
 6 9 20 17 12 8658.50000 4.60300000 297.02000 40.89000 14.65400 48.79900
 6 9 20 17 12 8659.10000 4.60300000 298.00000 40.89000 14.65400 48.78000
 6 9 20 17 13 8659.20000 4.60300000 298.22000 40.89000 14.65400 48.78000
 6 9 20 17 13 8659.50000 4.60300000 298.22000 40.89000 14.65400 48.78000
 6 9 20 17 13 8660.40000 4.60300000 298.78000 40.89000 14.65400 48.78000
 6 9 20 17 14 8661.00000 4.60300000 298.87000 40.89000 14.65400 48.78000
 6 9 20 17 14 8666.00000 4.60300000 299.28000 40.89000 14.65400 48.78000
 6 9 20 17 15 8660.30000 4.60300000 298.89000 40.89000 14.65400 48.78000
 6 9 20 17 15 8659.00000 4.60300000 298.89000 40.90000 14.65400 48.78000
 6 9 20 17 16 8649.70000 4.60300000 297.70000 40.82000 14.65400 48.78000
 6 9 20 17 16 8650.10000 4.60300000 297.69000 40.82000 14.65400 48.78000
