M=[
14 5 20 14 51 8994.20000 5.81000000 187.17000 40.55000 11.90400 39.82500
14 5 20 14 52 8983.50000 5.81000000 187.17000 40.55000 11.90400 39.82500
14 5 20 14 52 8991.70000 5.81800000 187.20000 40.55000 11.90400 39.82500
14 5 20 14 53 8982.70000 5.81000000 186.91000 40.55000 11.79300 39.82500
14 5 20 14 53 8979.40000 5.81000000 186.92000 40.55000 11.90400 39.82500
14 5 20 14 54 8975.80000 5.81000000 187.04000 40.55000 11.90400 39.82500
14 5 20 14 54 8980.00000 5.81000000 187.11000 40.63000 11.90400 39.82500
14 5 20 14 55 8979.90000 5.81000000 187.12000 40.55000 11.90400 39.82500
14 5 20 14 55 8980.00000 5.81000000 186.95000 40.55000 11.84600 39.82500
14 5 20 14 56 8979.90000 5.81000000 187.00000 40.55000 11.84600 39.82500
14 5 20 14 56 8984.90000 5.81000000 187.03000 40.55000 11.84600 39.82500
14 5 20 14 57 8995.40000 5.81000000 187.08000 40.55000 11.90400 39.82500
14 5 20 14 57 8996.60000 5.81000000 187.07000 40.55000 11.84600 39.82500
14 5 20 14 58 8983.30000 5.81000000 186.83000 40.55000 11.84600 39.82500
14 5 20 14 59 8993.10000 5.81000000 187.08000 40.56000 11.84600 39.82500
14 5 20 14 59 8991.80000 5.81000000 187.08000 40.56000 11.84600 39.82500
14 5 20 15 00 8988.10000 5.81000000 187.09000 40.55000 11.84600 39.82500
14 5 20 15 00 8982.40000 5.81000000 187.04000 40.55000 11.84600 39.82500
14 5 20 15 01 8981.90000 5.81000000 186.80000 40.55000 11.84600 39.82500
14 5 20 15 01 8971.20000 5.81800000 186.88000 40.55000 11.84600 39.82500
14 5 20 15 02 8988.20000 5.81000000 187.00000 40.55000 11.84000 39.82500
14 5 20 15 02 8970.10000 5.81000000 187.06000 40.55000 11.84000 39.82500
14 5 20 15 03 8970.00000 5.81000000 187.06000 40.53000 11.84000 39.82500
14 5 20 15 03 8966.80000 5.81000000 187.09000 40.53000 11.84000 39.82500
14 5 20 15 04 8961.10000 5.81000000 187.00000 40.53000 11.84000 39.82500
14 5 20 15 04 8963.80000 5.81000000 186.86000 40.55000 11.84000 39.82500
14 5 20 15 05 8965.70000 5.81000000 186.86000 40.55000 11.84000 40.04300
14 5 20 15 05 8965.60000 5.81000000 186.86000 40.55000 11.84000 40.04300
14 5 20 15 06 8965.60000 5.81000000 187.03000 40.55000 11.84000 40.04300
14 5 20 15 06 8977.50000 5.81000000 187.01000 40.55000 11.84000 40.04300
14 5 20 15 07 8973.90000 5.81000000 187.08000 40.63000 11.84000 40.04300
14 5 20 15 07 8978.20000 5.81000000 187.08000 40.63000 11.84000 40.04300
14 5 20 15 08 8976.40000 5.81000000 187.10000 40.63000 11.84000 40.04300
14 5 20 15 08 8977.10000 5.81000000 187.07000 40.53000 11.84000 40.04300
14 5 20 15 09 8967.10000 5.81100000 186.92000 40.63000 11.84000 40.04300
14 5 20 15 09 8967.10000 5.81100000 186.74000 40.55000 11.84000 40.04300
14 5 20 15 10 8964.20000 5.81000000 186.61000 40.63000 11.84000 40.04300
14 5 20 15 10 8961.20000 5.81000000 186.23000 40.55000 11.83000 40.04300
14 5 20 15 11 8950.10000 5.81000000 186.12000 40.63000 11.83000 39.82500
14 5 20 15 11 8962.00000 5.81000000 186.34000 40.63000 11.83000 39.82500
14 5 20 15 12 8961.00000 5.81000000 186.33000 40.63000 11.83000 39.82500
14 5 20 15 12 8962.90000 5.81000000 186.34000 40.63000 11.83000 39.82500
14 5 20 15 13 8963.60000 5.81000000 186.33000 40.44000 11.83000 39.82500
14 5 20 15 13 8962.90000 5.81000000 186.34000 40.44000 11.83000 39.82500
14 5 20 15 14 8965.00000 5.81000000 186.58000 40.45000 11.83000 39.82500
14 5 20 15 15 8965.00000 5.81000000 186.50000 40.45000 11.83000 39.82500
14 5 20 15 15 8965.00000 5.81000000 186.56000 40.45000 11.83000 39.82500
14 5 20 15 15 8965.00000 5.81000000 186.63000 40.48000 11.83000 39.82500
14 5 20 15 16 8978.10000 5.81000000 186.63000 40.48000 11.83000 39.82500
14 5 20 15 16 8982.40000 5.81000000 186.88000 40.48000 11.83000 39.82500
14 5 20 15 17 8997.20000 5.81000000 186.88000 40.48000 11.83000 39.82500
14 5 20 15 18 8993.10000 5.81000000 186.88000 40.48000 11.83000 39.82500
14 5 20 15 18 8999.70000 5.81000000 186.92000 40.45000 11.83000 39.82500
14 5 20 15 19 9001.20000 5.81000000 186.56000 40.48000 11.83000 39.82500
14 5 20 15 19 8997.10000 5.81000000 187.00000 40.48000 11.83000 39.82500
14 5 20 15 20 8995.50000 5.81000000 187.02000 40.48000 11.83000 39.82500
14 5 20 15 20 8995.60000 5.81000000 187.05000 40.48000 11.83000 40.04300
14 5 20 15 21 8996.80000 5.81000000 187.05000 40.48000 11.83000 39.82500
14 5 20 15 21 8994.90000 5.81000000 187.13000 40.61000 11.83000 40.04300
14 5 20 15 22 8998.10000 5.81000000 187.13000 40.61000 11.83000 39.82500
14 5 20 15 22 8996.60000 5.81000000 187.13000 40.61000 11.83000 39.82500
14 5 20 15 23 8997.00000 5.81000000 187.10000 40.61000 11.83000 39.82500
14 5 20 15 23 8994.80000 5.81000000 186.91000 40.55000 11.83000 39.82500
14 5 20 15 24 8989.40000 5.81000000 186.91000 40.55000 11.83000 39.82500
14 5 20 15 24 8992.00000 5.81000000 186.91000 40.55000 11.83000 39.82500
14 5 20 15 25 8985.80000 5.81000000 186.92000 40.55000 11.83000 39.82500
14 5 20 15 25 8990.00000 5.81000000 186.92000 40.58000 11.83000 39.82500
14 5 20 15 26 8989.90000 5.81000000 187.03000 40.55000 11.83000 39.82500
14 5 20 15 26 8999.50000 5.81000000 186.93000 40.55000 11.85100 39.82500
14 5 20 15 27 8993.40000 5.81000000 187.05000 40.58000 11.83000 39.82500
14 5 20 15 27 9000.10000 5.81000000 187.05000 40.64000 11.85100 40.04300
14 5 20 15 28 9010.00000 5.81000000 187.05000 40.64000 11.85100 39.82500
14 5 20 15 28 9005.50000 5.81000000 187.05000 40.62000 11.85100 39.82500
14 5 20 15 29 9009.20000 5.81000000 187.37000 40.62000 11.85100 39.82500
14 5 20 15 29 9010.10000 5.81000000 187.37000 40.62000 11.85100 39.82500
14 5 20 15 30 9002.40000 5.81000000 187.37000 40.62000 11.82100 39.82500
14 5 20 15 30 9005.90000 5.81000000 187.27000 40.60000 11.82100 39.82500
14 5 20 15 31 9009.60000 5.81000000 187.31000 40.60000 11.82100 39.82500
14 5 20 15 31 9006.30000 5.81000000 187.33000 40.60000 11.82100 39.82500
14 5 20 15 32 9009.60000 5.81000000 187.18000 40.57000 11.83000 39.82500
14 5 20 15 32 9010.30000 5.81600000 187.18000 40.57000 11.82100 39.82500
14 5 20 15 33 9009.40000 5.81600000 187.18000 40.57000 11.82100 39.82500
14 5 20 15 33 9006.90000 5.81600000 187.33000 40.67000 11.82100 39.82500
14 5 20 15 34 9010.40000 5.81600000 187.44000 40.67000 11.82100 39.82500
14 5 20 15 34 9010.40000 5.81600000 187.34000 40.67000 11.83000 39.82500
14 5 20 15 35 9008.30000 5.81600000 187.39000 40.67000 11.82100 39.82500
14 5 20 15 35 9010.30000 5.81600000 187.50000 40.67000 11.82100 39.82500
14 5 20 15 36 9010.40000 5.81600000 187.42000 40.67000 11.83000 39.82500
14 5 20 15 36 9010.40000 5.81600000 187.43000 40.62000 11.88000 39.82500
14 5 20 15 37 9004.70000 5.85000000 187.48000 40.62000 11.88000 39.82500
14 5 20 15 37 9000.00000 5.81600000 187.18000 40.62000 11.88000 39.82500
14 5 20 15 38 9000.10000 5.85000000 187.18000 40.62000 11.88000 39.82500
14 5 20 15 38 9000.10000 5.85000000 187.10000 40.62000 11.88000 39.82500
14 5 20 15 39 8995.30000 5.85000000 187.08000 40.62000 11.88000 39.94100
14 5 20 15 39 8995.20000 5.81000000 187.06000 40.62000 11.88000 39.94100
14 5 20 15 40 8994.10000 5.85000000 187.10000 40.59000 11.88000 39.94100
14 5 20 15 40 8991.70000 5.85000000 187.13000 40.60000 11.88000 39.94100
14 5 20 15 41 8992.80000 5.85000000 187.13000 40.62000 11.88000 39.82500
14 5 20 15 41 8993.20000 5.85000000 187.13000 40.60000 11.88000 39.94100
14 5 20 15 42 8993.20000 5.85000000 187.13000 40.60000 11.88000 39.94100
14 5 20 15 42 8993.30000 5.85000000 187.13000 40.62000 11.88000 39.94100
14 5 20 15 43 8996.20000 5.85000000 187.12000 40.60000 11.88000 39.82500
14 5 20 15 43 9003.50000 5.85000000 187.36000 40.62000 11.88000 39.82500
14 5 20 15 44 9001.10000 5.85000000 187.27000 40.59000 11.85100 39.94100
14 5 20 15 44 9004.70000 5.85000000 187.41000 40.59000 11.88000 39.94100
14 5 20 15 45 9002.40000 5.85000000 187.33000 40.59000 11.88000 39.94100
14 5 20 15 45 8998.10000 5.85000000 187.32000 40.59000 11.85000 39.94100
14 5 20 15 46 9009.00000 5.85000000 187.39000 40.59000 11.85000 39.94100
14 5 20 15 46 9010.20000 5.85000000 187.29000 40.59000 11.85000 39.94100
