M=[
 4 11 20 00 07 11918.30000 4.18200000 329.48000 46.28000 12.24100 45.22000
 4 11 20 00 08 11919.70000 4.18200000 329.98000 46.28000 12.24100 45.22000
 4 11 20 00 08 11918.50000 4.18200000 329.98000 46.33000 12.24100 45.22000
 4 11 20 00 09 11912.40000 4.18200000 329.98000 46.33000 12.24100 45.22000
 4 11 20 00 09 11915.00000 4.18200000 329.98000 46.33000 12.24100 45.22000
 4 11 20 00 10 11909.40000 4.18200000 329.77000 46.33000 12.24100 45.22000
 4 11 20 00 10 11903.80000 4.18200000 329.77000 46.22000 12.24100 45.22000
 4 11 20 00 10 11904.20000 4.18200000 329.77000 46.22000 12.24100 45.22000
 4 11 20 00 11 11903.70000 4.18200000 329.79000 46.22000 12.24100 45.22000
 4 11 20 00 11 11909.40000 4.18200000 329.79000 46.18000 12.24100 45.22000
 4 11 20 00 12 11909.30000 4.18200000 329.79000 46.18000 12.24100 45.22000
 4 11 20 00 12 11909.40000 4.18200000 329.79000 46.18000 12.24100 45.22000
 4 11 20 00 13 11909.90000 4.18200000 330.03000 46.18000 12.24100 45.21900
 4 11 20 00 13 11912.70000 4.18200000 330.03000 46.18000 12.24100 45.21900
 4 11 20 00 13 11915.80000 4.18200000 330.03000 46.18000 12.24100 45.21900
 4 11 20 00 14 11915.70000 4.18200000 330.03000 46.26000 12.24100 45.21900
 4 11 20 00 14 11918.90000 4.18200000 329.96000 46.26000 12.10100 45.21900
 4 11 20 00 15 11912.70000 4.18200000 329.96000 46.26000 12.10100 45.21900
 4 11 20 00 15 11912.90000 4.18200000 329.60000 46.26000 12.10000 45.21900
 4 11 20 00 16 11919.30000 4.18200000 329.60000 46.26000 12.10000 45.21900
 4 11 20 00 16 11921.40000 4.18200000 329.83000 46.26000 12.10000 45.21900
 4 11 20 00 16 11919.90000 4.18200000 329.83000 46.26000 12.10000 45.21900
 4 11 20 00 17 11913.00000 4.18200000 329.82000 46.26000 12.10000 45.21900
 4 11 20 00 17 11913.00000 4.18200000 329.72000 46.26000 12.10000 45.21900
 4 11 20 00 18 11920.00000 4.18200000 329.79000 46.26000 12.10000 45.21900
 4 11 20 00 18 11919.90000 4.18200000 329.79000 46.20000 12.10000 45.21900
 4 11 20 00 19 11920.00000 4.18200000 329.79000 46.20000 12.10000 45.21900
 4 11 20 00 19 11920.00000 4.18700000 329.74000 46.20000 12.10000 45.21900
 4 11 20 00 19 11914.70000 4.18700000 329.74000 46.20000 12.10000 45.21900
 4 11 20 00 20 11912.90000 4.18700000 329.71000 46.15000 12.10000 45.21900
 4 11 20 00 20 11918.80000 4.18700000 329.66000 46.15000 12.23600 45.21900
 4 11 20 00 21 11912.60000 4.18700000 329.51000 46.15000 12.23600 45.21900
 4 11 20 00 21 11909.90000 4.18700000 329.51000 46.15000 12.23600 45.21900
 4 11 20 00 22 11905.00000 4.18700000 329.51000 46.14000 12.23600 45.21900
 4 11 20 00 22 11909.10000 4.18700000 329.37000 46.14000 12.23600 45.21900
 4 11 20 00 22 11909.90000 4.18700000 329.28000 46.13000 12.23600 45.21900
 4 11 20 00 23 11912.90000 4.18700000 329.28000 46.16000 12.23600 45.21900
 4 11 20 00 23 11912.00000 4.18700000 329.28000 46.16000 12.23600 45.21900
 4 11 20 00 24 11909.90000 4.18700000 329.33000 46.16000 12.23600 45.21900
 4 11 20 00 24 11892.40000 4.18700000 329.33000 46.08000 12.19600 45.21900
 4 11 20 00 25 11892.10000 4.18700000 328.88000 46.08000 12.19600 45.21900
 4 11 20 00 25 11892.10000 4.18700000 328.88000 46.08000 12.19600 45.21900
 4 11 20 00 25 11903.10000 4.18700000 329.04000 46.08000 12.19600 45.21900
 4 11 20 00 26 11892.00000 4.18700000 329.08000 46.08000 12.19600 45.21900
 4 11 20 00 26 11893.30000 4.18700000 329.08000 46.08000 12.19600 45.21900
 4 11 20 00 27 11894.30000 4.18700000 329.31000 46.08000 12.19600 45.21900
 4 11 20 00 27 11886.30000 4.18700000 329.31000 46.08000 12.19600 45.21900
 4 11 20 00 28 11892.40000 4.18700000 329.33000 46.08000 12.19600 45.21900
 4 11 20 00 28 11887.90000 4.18700000 329.33000 46.08000 12.19600 45.21900
 4 11 20 00 28 11887.80000 4.18700000 329.33000 46.08000 12.19600 45.21900
 4 11 20 00 29 11904.80000 4.18700000 329.41000 46.08000 12.19600 45.21900
 4 11 20 00 29 11907.00000 4.18700000 329.70000 46.08000 12.23700 45.21900
 4 11 20 00 30 11914.60000 4.18700000 329.70000 46.08000 12.23700 45.21900
 4 11 20 00 30 11914.60000 4.18100000 329.70000 46.08000 12.23700 45.21900
 4 11 20 00 31 11914.00000 4.18100000 329.70000 46.08000 12.23700 45.21900
 4 11 20 00 31 11910.90000 4.18100000 329.70000 46.08000 12.23700 45.21900
 4 11 20 00 31 11908.70000 4.18100000 329.70000 46.08000 12.23700 45.21900
 4 11 20 00 32 11903.80000 4.18100000 329.64000 46.08000 12.23700 45.21900
 4 11 20 00 32 11900.00000 4.18100000 329.64000 46.08000 12.23700 45.21900
 4 11 20 00 33 11899.50000 4.18100000 329.64000 46.08000 12.23700 45.21900
 4 11 20 00 33 11899.50000 4.18100000 329.64000 46.08000 12.23700 45.21900
 4 11 20 00 34 11895.90000 4.18100000 329.64000 46.02000 12.23700 45.21900
 4 11 20 00 34 11895.90000 4.18100000 329.64000 46.02000 12.23700 45.21900
 4 11 20 00 34 11896.10000 4.18100000 329.64000 46.02000 12.23700 45.21900
 4 11 20 00 35 11901.00000 4.18100000 329.64000 46.02000 12.23700 45.21900
 4 11 20 00 35 11907.40000 4.18100000 329.64000 46.02000 12.23700 45.21900
 4 11 20 00 36 11910.80000 4.18100000 329.64000 46.02000 12.23700 45.21900
 4 11 20 00 36 11900.50000 4.18100000 329.64000 46.02000 12.23700 45.21900
 4 11 20 00 37 11900.70000 4.18100000 329.64000 46.02000 12.23700 45.21900
 4 11 20 00 37 11900.40000 4.18100000 329.62000 46.02000 12.23700 45.21900
 4 11 20 00 37 11891.10000 4.18100000 329.59000 46.00000 12.23700 45.21900
 4 11 20 00 38 11893.00000 4.18100000 329.27000 45.99000 12.23700 45.21900
 4 11 20 00 38 11900.40000 4.18100000 329.27000 45.99000 12.23700 45.21900
 4 11 20 00 39 11900.30000 4.18100000 329.27000 45.99000 12.23700 45.21900
 4 11 20 00 39 11900.40000 4.18100000 329.27000 45.99000 12.23700 45.21900
 4 11 20 00 40 11902.30000 4.18100000 329.27000 45.99000 12.23700 45.21900
 4 11 20 00 40 11900.40000 4.18100000 329.27000 45.99000 12.23700 45.21900
 4 11 20 00 40 11899.00000 4.18100000 329.27000 46.04000 12.23700 45.21900
 4 11 20 00 41 11899.90000 4.18100000 329.27000 46.04000 12.23700 45.21900
 4 11 20 00 41 11899.90000 4.18100000 329.27000 46.04000 12.23700 45.21900
 4 11 20 00 42 11899.90000 4.18100000 329.27000 46.04000 12.23700 45.21900
 4 11 20 00 42 11893.50000 4.18100000 329.27000 46.03000 12.23700 45.21900
 4 11 20 00 43 11892.20000 4.18100000 329.27000 46.03000 12.23700 45.21900
 4 11 20 00 43 11891.40000 4.18100000 329.27000 46.03000 12.23700 45.21900
 4 11 20 00 43 11889.20000 4.18100000 329.27000 46.03000 12.23700 45.21900
 4 11 20 00 44 11890.40000 4.18100000 329.27000 46.03000 12.23700 45.21900
 4 11 20 00 44 11886.50000 4.18100000 329.32000 46.03000 12.23700 45.21900
 4 11 20 00 45 11887.40000 4.18100000 329.32000 46.03000 12.23700 45.21900
 4 11 20 00 45 11879.60000 4.18100000 328.97000 46.03000 12.23700 45.21900
 4 11 20 00 46 11870.10000 4.18100000 328.64000 45.96000 12.23700 45.21900
 4 11 20 00 46 11860.00000 4.18100000 328.59000 45.92000 12.23700 45.21900
 4 11 20 00 46 11868.40000 4.18100000 329.20000 45.92000 12.23700 45.21900
 4 11 20 00 47 11856.50000 4.18100000 329.20000 45.92000 12.23700 45.21900
 4 11 20 00 47 11863.70000 4.18100000 329.20000 45.92000 12.23700 45.21900
 4 11 20 00 48 11872.00000 4.18100000 329.29000 45.92000 12.23700 45.21900
 4 11 20 00 48 11872.10000 4.18100000 329.29000 45.92000 12.23800 45.21900
 4 11 20 00 49 11872.10000 4.18100000 329.29000 45.98000 12.23800 45.21900
 4 11 20 00 49 11876.30000 4.18100000 329.29000 45.98000 12.23800 45.21900
 4 11 20 00 49 11876.30000 4.18100000 329.69000 45.98000 12.23800 45.21900
 4 11 20 00 50 11870.70000 4.18100000 329.60000 45.98000 12.23800 45.21900
 4 11 20 00 50 11873.50000 4.18100000 329.48000 45.96000 12.23800 45.21900
 4 11 20 00 51 11880.00000 4.18100000 329.48000 45.96000 12.23800 45.21900
 4 11 20 00 51 11888.40000 4.18100000 329.70000 45.96000 12.23800 45.21900
 4 11 20 00 52 11890.50000 4.18100000 329.70000 45.96000 12.23800 45.21900
 4 11 20 00 52 11899.80000 4.18100000 330.24000 45.96000 12.23800 45.21900
 4 11 20 00 52 11899.80000 4.18100000 330.24000 46.01000 12.23800 45.21900
