M=[
 8 12 20 08 46 15750.30000 4.96300000 482.41000 68.06000 15.00000 60.93900
 8 12 20 08 46 15747.90000 4.96300000 481.95000 68.06000 15.00000 60.90800
 8 12 20 08 46 15742.00000 4.96300000 481.59000 68.06000 15.00100 60.82600
 8 12 20 08 47 15756.40000 4.96300000 482.30000 68.06000 15.00100 60.88900
 8 12 20 08 47 15760.30000 4.96300000 482.46000 68.08000 15.00100 60.88900
 8 12 20 08 48 15758.70000 4.96300000 482.50000 68.08000 15.00100 60.88900
 8 12 20 08 48 15754.40000 4.96300000 482.51000 68.08000 15.00100 60.88900
 8 12 20 08 49 15756.50000 4.96300000 482.52000 68.08000 15.00100 60.88900
 8 12 20 08 49 15752.20000 4.96300000 482.34000 68.08000 15.00100 60.88900
 8 12 20 08 49 15759.90000 4.96300000 482.76000 68.09000 15.00100 60.88900
 8 12 20 08 50 15763.60000 4.96300000 482.80000 68.11000 15.00000 60.88900
 8 12 20 08 50 15767.00000 4.96300000 482.99000 68.17000 15.00000 60.88900
 8 12 20 08 51 15770.00000 4.97400000 483.01000 68.21000 15.00000 60.88900
 8 12 20 08 51 15774.30000 4.97400000 483.26000 68.21000 15.00000 60.88900
 8 12 20 08 52 15774.30000 4.97400000 483.26000 68.22000 15.00000 60.88900
 8 12 20 08 52 15774.40000 4.97400000 483.38000 68.22000 14.95100 60.88900
 8 12 20 08 52 15774.40000 4.97400000 483.09000 68.29000 14.95100 60.88900
 8 12 20 08 53 15766.20000 4.97200000 483.01000 68.29000 14.95100 60.88900
 8 12 20 08 53 15760.00000 4.97200000 482.61000 68.25000 14.95100 60.88900
 8 12 20 08 54 15769.00000 4.97200000 482.57000 68.25000 14.95100 60.88900
 8 12 20 08 54 15770.00000 4.97200000 482.71000 68.25000 14.95100 60.88900
 8 12 20 08 55 15770.00000 4.97200000 482.63000 68.25000 14.95100 60.88900
 8 12 20 08 55 15765.70000 4.97200000 482.70000 68.25000 14.95100 60.88900
 8 12 20 08 55 15765.70000 4.97200000 482.66000 68.20000 14.95100 60.88900
 8 12 20 08 56 15764.40000 4.97200000 482.40000 68.20000 14.95100 60.88900
 8 12 20 08 56 15753.80000 4.97200000 482.10000 68.15000 14.95100 60.88900
 8 12 20 08 57 15759.30000 4.97200000 482.18000 68.15000 14.95100 60.88900
 8 12 20 08 57 15759.90000 4.97200000 482.41000 68.15000 14.95100 60.88900
 8 12 20 08 58 15749.80000 4.97200000 482.08000 68.05000 14.95100 60.88900
 8 12 20 08 58 15741.10000 4.97200000 481.80000 68.06000 14.95100 60.88900
 8 12 20 08 58 15746.10000 4.97200000 481.51000 68.04000 14.95100 60.88900
 8 12 20 08 59 15742.90000 4.97200000 481.51000 68.04000 14.95100 60.88900
 8 12 20 08 59 15749.70000 4.97200000 482.05000 68.04000 14.95100 60.88900
 8 12 20 09 00 15754.60000 4.97200000 481.96000 68.03000 14.95100 60.88900
 8 12 20 09 00 15751.50000 4.97200000 482.24000 68.14000 14.95100 60.88900
 8 12 20 09 01 15763.50000 4.97200000 482.10000 68.14000 14.95100 61.03800
 8 12 20 09 01 15751.10000 4.97200000 481.63000 67.98000 14.95100 61.03800
 8 12 20 09 01 15751.60000 4.97200000 481.83000 67.98000 14.95100 60.99900
 8 12 20 09 02 15759.50000 4.97200000 482.22000 68.01000 14.95100 60.99900
 8 12 20 09 02 15759.60000 4.97200000 482.23000 68.08000 14.95100 60.99900
 8 12 20 09 03 15763.50000 4.97200000 482.85000 68.15000 14.95100 60.99900
 8 12 20 09 03 15767.70000 4.99000000 482.74000 68.15000 14.95100 60.99900
 8 12 20 09 04 15771.70000 4.98300000 482.88000 68.15000 14.95100 61.08900
 8 12 20 09 04 15767.90000 4.98300000 482.59000 68.15000 14.95100 61.08900
 8 12 20 09 04 15767.80000 4.98200000 482.83000 68.15000 14.95100 61.08900
 8 12 20 09 05 15767.90000 4.98200000 482.62000 68.15000 14.95100 61.08900
 8 12 20 09 05 15768.70000 4.98200000 482.59000 68.15000 14.95100 61.08900
 8 12 20 09 06 15772.60000 4.98200000 482.98000 68.20000 14.95100 61.08900
 8 12 20 09 06 15773.10000 4.98200000 482.87000 68.20000 14.95100 61.08900
 8 12 20 09 07 15773.00000 4.98200000 482.71000 68.20000 14.95100 61.08900
 8 12 20 09 07 15771.30000 4.98200000 482.72000 68.19000 14.95100 61.08900
 8 12 20 09 07 15765.60000 4.98200000 482.34000 68.16000 14.95100 61.08900
 8 12 20 09 08 15766.20000 4.98200000 482.36000 68.19000 14.95100 61.08900
 8 12 20 09 08 15766.20000 4.98200000 482.49000 68.17000 14.95100 61.08900
 8 12 20 09 09 15765.90000 4.98200000 482.48000 68.17000 14.95100 61.08900
 8 12 20 09 09 15765.90000 4.98200000 482.47000 68.15000 14.95100 61.08900
 8 12 20 09 10 15765.90000 4.98200000 482.47000 68.15000 15.06600 61.08900
 8 12 20 09 10 15758.40000 4.98200000 482.29000 68.15000 15.06600 61.08900
 8 12 20 09 10 15758.30000 4.98200000 482.36000 68.15000 15.06600 61.08900
 8 12 20 09 11 15748.80000 4.98200000 482.21000 68.12000 15.06600 61.08900
 8 12 20 09 11 15749.10000 4.98200000 482.21000 68.12000 15.06600 61.08900
 8 12 20 09 12 15749.00000 4.98200000 482.08000 68.10000 15.06600 61.08900
 8 12 20 09 12 15749.10000 4.98200000 482.08000 68.10000 15.06600 61.08900
 8 12 20 09 13 15755.90000 4.98200000 482.22000 68.10000 15.06600 61.08900
 8 12 20 09 13 15749.10000 4.98200000 481.91000 68.09000 15.06600 61.08900
 8 12 20 09 13 15749.10000 4.98200000 481.76000 68.09000 15.06600 61.08900
 8 12 20 09 14 15750.60000 4.98200000 481.93000 68.09000 15.06600 60.68300
 8 12 20 09 14 15744.10000 4.98200000 481.28000 68.02000 15.06600 60.68300
 8 12 20 09 15 15744.40000 4.98200000 481.59000 68.02000 15.04200 60.65100
 8 12 20 09 15 15742.50000 4.98200000 481.44000 68.00000 15.04200 60.65100
 8 12 20 09 16 15743.90000 4.98200000 481.74000 68.03000 15.04200 60.65100
 8 12 20 09 16 15744.00000 4.98200000 482.13000 68.03000 15.04200 60.65100
 8 12 20 09 16 15744.00000 4.98200000 481.71000 68.02000 15.04200 60.65100
 8 12 20 09 17 15750.50000 4.98200000 481.87000 68.02000 15.04200 60.65100
 8 12 20 09 17 15752.70000 4.98200000 481.94000 68.02000 15.04200 60.65100
 8 12 20 09 18 15761.40000 4.98200000 482.08000 68.02000 15.04200 60.65100
 8 12 20 09 18 15762.60000 4.98200000 482.23000 68.06000 15.04200 60.65100
 8 12 20 09 19 15765.90000 4.98200000 482.63000 68.09000 15.04200 60.65100
 8 12 20 09 19 15773.80000 4.98200000 482.56000 68.10000 15.04200 60.65100
 8 12 20 09 19 15776.00000 4.98200000 482.53000 68.11000 15.04200 60.65100
 8 12 20 09 20 15772.40000 4.98200000 482.43000 68.10000 15.04200 60.65100
 8 12 20 09 20 15772.50000 4.98200000 482.10000 68.07000 15.04200 60.65100
 8 12 20 09 21 15772.50000 4.98200000 482.01000 68.07000 15.04200 60.65100
 8 12 20 09 21 15772.40000 4.98200000 482.32000 68.07000 15.04100 60.65100
 8 12 20 09 22 15772.50000 4.98200000 482.32000 68.07000 15.04100 60.65100
 8 12 20 09 22 15772.50000 4.98200000 482.41000 68.07000 15.12500 60.65100
 8 12 20 09 22 15772.50000 4.98200000 482.26000 68.07000 15.12500 60.65100
 8 12 20 09 23 15772.50000 4.98200000 482.36000 68.07000 15.12500 60.65100
 8 12 20 09 23 15769.00000 4.98200000 482.00000 68.06000 15.12500 60.65100
 8 12 20 09 24 15752.00000 4.98200000 481.71000 68.04000 15.12500 60.65100
 8 12 20 09 24 15752.00000 4.98200000 481.55000 68.04000 15.12500 60.65100
 8 12 20 09 25 15752.00000 4.98200000 481.44000 67.97000 15.12500 60.65100
 8 12 20 09 25 15763.20000 4.98200000 482.32000 67.97000 15.12500 60.65100
 8 12 20 09 25 15762.10000 4.98200000 482.02000 67.97000 15.04400 60.65100
 8 12 20 09 26 15762.20000 4.98200000 481.97000 67.97000 15.04400 60.80800
 8 12 20 09 26 15762.10000 4.98200000 481.65000 67.90000 15.04400 60.79100
 8 12 20 09 27 15752.00000 4.98200000 481.40000 67.85000 15.04400 60.79100
 8 12 20 09 27 15752.00000 4.98200000 481.62000 67.83000 15.04400 60.65100
 8 12 20 09 28 15742.40000 4.98200000 481.35000 67.81000 15.04400 60.65100
 8 12 20 09 28 15736.20000 4.98200000 481.50000 67.81000 15.04400 60.65100
 8 12 20 09 28 15742.20000 4.98200000 481.50000 67.81000 15.04400 60.65100
 8 12 20 09 29 15736.20000 4.98200000 481.00000 67.72000 15.04400 60.65100
 8 12 20 09 29 15731.20000 4.98200000 480.67000 67.66000 15.04400 60.66800
 8 12 20 09 30 15730.90000 4.98200000 480.58000 67.47000 15.04400 60.66800
 8 12 20 09 30 15725.00000 4.98200000 480.20000 67.47000 15.04400 60.66800
 8 12 20 09 31 15720.00000 4.98200000 480.06000 67.47000 15.04400 60.52800
