M=[
30 1 21 03 33 27304.00000 6.13000000 1103.05000 107.43000 17.04800 68.85600
30 1 21 03 33 27289.40000 6.13000000 1102.13000 107.35000 17.04800 68.85600
30 1 21 03 34 27400.60000 6.13000000 1102.99000 107.33000 17.04800 68.81700
30 1 21 03 34 27342.20000 6.13000000 1103.97000 107.33000 17.04800 68.81700
30 1 21 03 35 27312.80000 6.13000000 1102.55000 107.50000 17.04800 68.81700
30 1 21 03 35 27244.90000 6.12100000 1100.50000 107.31000 17.04800 68.81700
30 1 21 03 36 27255.50000 6.12100000 1100.42000 106.71000 17.04800 68.81700
30 1 21 03 36 27223.00000 6.11900000 1099.06000 106.61000 17.04800 68.81700
30 1 21 03 36 27178.40000 6.11900000 1097.77000 106.00000 17.04800 68.81700
30 1 21 03 37 27208.50000 6.11600000 1097.13000 105.68000 17.04800 68.81700
30 1 21 03 37 27249.90000 6.11600000 1097.23000 105.85000 17.04800 68.81700
30 1 21 03 38 27239.20000 6.11600000 1099.47000 106.26000 17.04800 68.81700
30 1 21 03 38 27297.90000 6.11600000 1101.42000 106.62000 17.04800 68.81700
30 1 21 03 39 27302.90000 6.11600000 1101.22000 106.62000 17.04800 68.81700
30 1 21 03 39 27329.60000 6.12500000 1104.28000 106.55000 17.04800 68.81700
30 1 21 03 39 27319.90000 6.12500000 1104.35000 106.55000 17.04800 68.81700
30 1 21 03 40 27248.20000 6.11300000 1102.15000 106.44000 17.04800 68.81700
30 1 21 03 40 27326.80000 6.11300000 1101.28000 106.45000 17.11200 68.81700
30 1 21 03 41 27359.40000 6.11300000 1105.05000 106.81000 17.11200 68.81700
30 1 21 03 41 27359.30000 6.11300000 1105.05000 106.82000 17.11200 68.81700
30 1 21 03 42 27362.90000 6.11300000 1105.19000 106.82000 17.11200 68.81700
30 1 21 03 42 27312.00000 6.11300000 1102.09000 106.80000 17.11200 68.81700
30 1 21 03 42 27363.70000 6.11300000 1103.44000 106.80000 17.11200 68.81700
30 1 21 03 43 27385.80000 6.11300000 1102.90000 106.92000 17.11200 68.81700
30 1 21 03 43 27383.50000 6.11300000 1104.60000 106.92000 17.11200 68.81700
30 1 21 03 44 27389.80000 6.11300000 1105.17000 106.92000 17.11200 68.81700
30 1 21 03 44 27378.60000 6.11300000 1105.17000 106.86000 17.11200 68.81700
30 1 21 03 45 27409.80000 6.11300000 1105.73000 107.02000 17.11200 68.81700
30 1 21 03 45 27354.30000 6.11300000 1104.01000 107.02000 17.11200 68.81700
30 1 21 03 45 27370.70000 6.11300000 1103.58000 106.86000 17.11200 68.81700
30 1 21 03 46 27388.00000 6.11300000 1104.52000 106.96000 17.11200 68.81700
30 1 21 03 46 27409.80000 6.11300000 1104.52000 107.11000 17.11200 68.81700
30 1 21 03 47 27409.80000 6.11300000 1106.70000 107.28000 17.11200 68.81700
30 1 21 03 47 27385.10000 6.11300000 1106.75000 106.86000 17.11200 68.81700
30 1 21 03 48 27421.30000 6.11300000 1105.36000 106.86000 17.11200 68.81700
30 1 21 03 48 27363.30000 6.11300000 1103.95000 106.91000 17.11200 68.81700
30 1 21 03 48 27363.30000 6.11300000 1103.73000 106.91000 17.11200 68.81700
30 1 21 03 49 27261.20000 6.11300000 1100.77000 106.88000 17.11200 68.81700
30 1 21 03 49 27254.20000 6.11300000 1100.77000 106.88000 17.11200 68.81000
30 1 21 03 50 27278.50000 6.11300000 1100.77000 106.88000 17.11200 68.81000
30 1 21 03 50 27205.50000 6.11300000 1099.11000 106.51000 17.11200 68.81000
30 1 21 03 51 27196.40000 6.11300000 1097.09000 106.51000 17.11200 68.81000
30 1 21 03 51 27167.50000 6.11300000 1096.54000 106.51000 17.11200 68.81000
30 1 21 03 51 27154.20000 6.11300000 1095.91000 106.26000 17.11200 68.81000
30 1 21 03 52 27134.90000 6.11300000 1095.70000 106.09000 17.11200 68.81000
30 1 21 03 52 27221.90000 6.11300000 1095.70000 106.39000 17.11200 68.81000
30 1 21 03 53 27302.90000 6.11300000 1101.81000 106.39000 17.11200 68.81000
30 1 21 03 53 27313.60000 6.11300000 1103.46000 106.87000 17.11200 68.81000
30 1 21 03 54 27359.60000 6.11300000 1103.07000 106.87000 17.11200 68.81000
30 1 21 03 54 27401.00000 6.11300000 1104.29000 107.06000 17.11200 68.81000
30 1 21 03 54 27385.60000 6.11300000 1104.29000 107.08000 17.11200 68.81000
30 1 21 03 55 27320.00000 6.11300000 1101.78000 106.87000 17.11200 68.81000
30 1 21 03 55 27308.10000 6.11300000 1101.69000 106.84000 17.11200 68.81000
30 1 21 03 56 27339.40000 6.11300000 1101.69000 106.83000 17.11200 68.81000
30 1 21 03 56 27409.80000 6.11300000 1105.71000 106.83000 17.11200 68.81000
30 1 21 03 57 27433.80000 6.11300000 1107.27000 106.83000 17.11200 68.81000
30 1 21 03 57 27405.70000 6.11300000 1105.84000 106.83000 17.11200 68.81000
30 1 21 03 57 27422.40000 6.11300000 1105.84000 106.83000 17.11200 68.81000
30 1 21 03 58 27412.50000 6.11300000 1105.84000 106.83000 17.11200 68.81000
30 1 21 03 58 27433.90000 6.11300000 1105.84000 106.83000 17.11200 68.81000
30 1 21 03 59 27455.30000 6.11300000 1105.84000 106.83000 17.11200 68.81000
30 1 21 03 59 27457.60000 6.11300000 1108.95000 106.83000 17.11200 68.81000
30 1 21 04 00 27444.90000 6.11300000 1106.85000 107.37000 17.11200 68.81000
30 1 21 04 00 27458.80000 6.11300000 1109.92000 107.32000 17.11200 68.81000
30 1 21 04 00 27476.60000 6.11300000 1109.09000 107.32000 17.11200 68.81000
30 1 21 04 01 27449.90000 6.11300000 1109.09000 107.33000 17.11200 68.81000
30 1 21 04 01 27462.70000 6.11300000 1109.31000 107.33000 17.11200 68.81000
30 1 21 04 02 27447.60000 6.11300000 1110.94000 107.33000 17.11200 68.81000
30 1 21 04 02 27383.00000 6.11300000 1108.20000 107.01000 17.11200 68.81000
30 1 21 04 03 27370.60000 6.11300000 1106.43000 106.80000 17.11200 68.81000
30 1 21 04 03 27399.60000 6.11300000 1108.47000 106.87000 17.11200 68.81000
30 1 21 04 03 27432.00000 6.11300000 1108.88000 106.90000 17.11200 68.81000
30 1 21 04 04 27427.50000 6.11300000 1108.90000 106.90000 17.11200 68.81000
30 1 21 04 04 27538.20000 6.11300000 1111.99000 107.12000 17.11200 68.81000
30 1 21 04 05 27533.40000 6.11300000 1112.62000 107.44000 17.11200 68.81000
30 1 21 04 05 27564.10000 6.11300000 1112.87000 107.44000 17.11200 68.81000
30 1 21 04 06 27585.90000 6.11300000 1112.97000 107.33000 17.11200 68.81000
30 1 21 04 06 27567.90000 6.11300000 1113.08000 107.33000 17.11200 68.81000
30 1 21 04 06 27564.60000 6.11300000 1112.50000 107.36000 17.11200 68.81000
30 1 21 04 07 27500.60000 6.11300000 1112.24000 107.36000 17.11200 68.81000
30 1 21 04 07 27496.50000 6.11300000 1112.24000 107.32000 17.11200 68.81000
30 1 21 04 08 27499.30000 6.11300000 1112.24000 107.46000 17.11200 69.20800
30 1 21 04 08 27508.30000 6.11300000 1110.02000 107.39000 17.11200 69.20800
30 1 21 04 09 27531.80000 6.11300000 1110.69000 107.42000 17.11200 69.20800
30 1 21 04 09 27495.70000 6.15900000 1111.10000 107.42000 17.11200 69.20800
30 1 21 04 09 27498.60000 6.15900000 1111.94000 107.50000 17.11200 69.20800
30 1 21 04 10 27495.80000 6.15900000 1111.30000 107.44000 17.11200 69.20800
30 1 21 04 10 27528.30000 6.15900000 1112.84000 107.44000 17.11200 69.20800
30 1 21 04 11 27514.40000 6.15900000 1112.10000 107.44000 17.11200 69.20800
30 1 21 04 11 27509.90000 6.15900000 1112.05000 107.44000 17.11200 69.20800
30 1 21 04 12 27517.70000 6.15900000 1112.05000 107.43000 17.11200 69.20800
30 1 21 04 12 27504.00000 6.15900000 1112.05000 107.43000 17.11200 69.20800
30 1 21 04 12 27502.50000 6.15900000 1112.23000 107.43000 17.11200 69.20800
30 1 21 04 13 27543.00000 6.15900000 1112.23000 107.43000 17.11200 69.20800
30 1 21 04 13 27539.80000 6.15900000 1113.20000 107.50000 17.11200 69.20800
30 1 21 04 14 27554.80000 6.15900000 1112.86000 107.50000 17.11200 69.20800
30 1 21 04 14 27542.00000 6.15900000 1112.86000 107.50000 17.11200 69.20800
30 1 21 04 15 27547.80000 6.15900000 1112.25000 107.50000 17.11200 69.20800
30 1 21 04 15 27510.30000 6.15900000 1112.01000 107.50000 17.11200 69.20800
30 1 21 04 15 27559.40000 6.15900000 1113.04000 107.50000 17.11200 69.20800
30 1 21 04 16 27563.90000 6.15900000 1113.62000 107.50000 17.11200 69.20800
30 1 21 04 16 27603.50000 6.15900000 1113.84000 107.66000 17.11200 69.20800
30 1 21 04 17 27615.00000 6.15900000 1115.17000 107.66000 17.11200 69.20800
30 1 21 04 17 27594.30000 6.15900000 1114.58000 107.66000 17.11200 69.20800
30 1 21 04 18 27564.40000 6.15900000 1112.82000 107.62000 17.11200 69.20800
