M=[
16 7 20 23 02 8029.70000 5.30400000 205.37000 37.00000 16.86100 51.81300
16 7 20 23 02 8029.70000 5.30400000 205.37000 37.00000 16.86100 51.81300
16 7 20 23 02 8029.60000 5.30400000 205.37000 37.02000 16.86100 51.81300
16 7 20 23 03 8029.60000 5.30400000 205.28000 37.02000 16.86100 51.81300
16 7 20 23 03 8030.00000 5.30400000 205.38000 37.02000 16.86100 51.81300
16 7 20 23 04 8030.00000 5.30400000 205.32000 36.99000 16.86100 51.81300
16 7 20 23 04 8029.90000 5.30400000 205.32000 36.99000 16.86100 51.81300
16 7 20 23 05 8030.00000 5.30400000 205.32000 36.99000 16.86100 51.81300
16 7 20 23 05 8030.00000 5.30400000 205.28000 36.99000 16.86100 51.81300
16 7 20 23 06 8030.00000 5.30400000 205.29000 36.99000 16.86100 51.81300
16 7 20 23 06 8030.00000 5.30400000 205.29000 36.99000 16.86100 51.81300
16 7 20 23 07 8030.00000 5.30400000 205.29000 36.99000 16.86100 51.81300
16 7 20 23 07 8026.60000 5.30400000 205.30000 36.99000 16.86100 51.81300
16 7 20 23 08 8026.60000 5.29200000 205.30000 36.99000 16.86100 51.81300
16 7 20 23 08 8026.60000 5.29200000 205.29000 36.99000 16.86100 51.81300
16 7 20 23 09 8028.10000 5.29200000 205.29000 36.99000 16.86100 51.81300
16 7 20 23 09 8026.60000 5.29200000 205.28000 36.99000 16.86100 51.72300
16 7 20 23 09 8026.60000 5.29200000 205.28000 36.99000 16.86100 51.72300
16 7 20 23 10 8026.70000 5.29200000 205.28000 36.99000 16.86100 51.72300
16 7 20 23 10 8026.70000 5.29200000 205.30000 36.99000 16.86100 51.72300
16 7 20 23 11 8026.70000 5.29200000 205.21000 36.99000 16.86100 51.72300
16 7 20 23 11 8026.70000 5.29200000 205.21000 36.96000 16.86100 51.72300
16 7 20 23 12 8026.70000 5.29200000 205.22000 36.96000 16.86100 51.72300
16 7 20 23 12 8026.70000 5.29200000 205.22000 36.96000 16.86100 51.72300
16 7 20 23 13 8026.70000 5.29200000 205.22000 36.96000 16.83400 51.75800
16 7 20 23 13 8026.60000 5.29200000 205.22000 36.96000 16.83400 51.75800
16 7 20 23 14 8026.60000 5.29200000 205.22000 36.96000 16.83400 51.75800
16 7 20 23 14 8026.60000 5.29200000 205.21000 36.96000 16.83400 51.75800
16 7 20 23 14 8024.80000 5.29200000 205.21000 36.96000 16.83400 51.75800
16 7 20 23 15 8024.80000 5.29200000 205.07000 36.96000 16.83400 51.75800
16 7 20 23 15 8024.80000 5.29200000 205.05000 36.96000 16.83400 51.75800
16 7 20 23 16 8024.80000 5.29200000 205.00000 36.96000 16.83400 51.75800
16 7 20 23 16 8024.70000 5.29000000 205.01000 36.96000 16.83400 51.75800
16 7 20 23 17 8024.70000 5.29000000 205.01000 36.96000 16.83400 51.75800
16 7 20 23 17 8022.50000 5.29000000 205.00000 36.96000 16.83400 51.75800
16 7 20 23 18 8022.50000 5.29000000 204.92000 36.96000 16.83400 51.75800
16 7 20 23 18 8022.50000 5.29000000 204.85000 36.96000 16.83400 51.75800
16 7 20 23 19 8024.10000 5.29000000 204.85000 36.96000 16.83400 51.75800
16 7 20 23 19 8024.00000 5.29000000 204.88000 36.96000 16.83400 51.75800
16 7 20 23 20 8025.70000 5.29000000 204.98000 36.96000 16.83400 51.75800
16 7 20 23 20 8025.30000 5.29000000 205.00000 36.96000 16.83400 51.75800
16 7 20 23 20 8025.10000 5.29000000 204.97000 36.96000 16.83400 51.75800
16 7 20 23 21 8025.00000 5.29000000 204.97000 36.96000 16.83400 51.75800
16 7 20 23 21 8024.10000 5.29000000 204.97000 36.96000 16.83400 51.75800
16 7 20 23 22 8024.10000 5.29000000 205.00000 36.96000 16.83400 51.75800
16 7 20 23 22 8024.10000 5.29000000 205.00000 36.96000 16.83400 51.75800
16 7 20 23 23 8024.10000 5.29000000 204.99000 36.96000 16.83400 51.75800
16 7 20 23 23 8024.10000 5.29000000 204.99000 36.96000 16.83400 51.75800
16 7 20 23 24 8024.10000 5.29000000 204.93000 36.96000 16.83400 51.75800
16 7 20 23 24 8024.10000 5.29000000 204.93000 36.96000 16.83400 51.75800
16 7 20 23 25 8024.10000 5.29000000 204.99000 36.96000 16.83400 51.75800
16 7 20 23 25 8024.10000 5.29000000 204.99000 36.96000 16.83400 51.75800
16 7 20 23 26 8022.70000 5.29000000 204.94000 36.96000 16.83400 51.75800
16 7 20 23 26 8022.70000 5.29000000 204.94000 36.96000 16.83400 51.75800
16 7 20 23 26 8022.40000 5.29000000 204.94000 36.96000 16.83400 51.75800
16 7 20 23 27 8022.50000 5.29000000 204.83000 36.96000 16.83400 51.75800
16 7 20 23 27 8020.10000 5.29400000 204.83000 36.96000 16.83400 51.75800
16 7 20 23 28 8020.10000 5.28900000 204.92000 36.96000 16.83400 51.75800
16 7 20 23 28 8020.20000 5.28900000 204.92000 36.91000 16.83400 51.75800
16 7 20 23 29 8020.10000 5.28900000 204.92000 36.91000 16.83400 51.75800
16 7 20 23 29 8020.20000 5.28900000 204.99000 36.91000 16.83400 51.75800
16 7 20 23 30 8020.10000 5.28900000 204.93000 36.89000 16.83400 51.75800
16 7 20 23 30 8020.10000 5.28900000 204.98000 36.89000 16.83400 51.75800
16 7 20 23 30 8020.20000 5.28900000 204.98000 36.89000 16.83400 51.75800
16 7 20 23 31 8021.20000 5.28900000 205.01000 36.91000 16.83400 51.75800
16 7 20 23 31 8021.30000 5.28900000 205.01000 36.91000 16.83400 51.75800
16 7 20 23 32 8021.30000 5.28900000 205.01000 36.91000 16.83400 51.75800
16 7 20 23 32 8021.30000 5.28900000 205.00000 36.91000 16.83400 51.75800
16 7 20 23 33 8022.40000 5.28900000 205.00000 36.91000 16.83400 51.75800
16 7 20 23 33 8023.70000 5.28900000 205.00000 36.91000 16.83400 51.75800
16 7 20 23 34 8023.70000 5.28900000 205.00000 36.91000 16.83400 51.75800
16 7 20 23 34 8023.20000 5.28900000 205.00000 36.91000 16.83400 51.75800
16 7 20 23 35 8023.30000 5.28900000 205.00000 36.92000 16.83400 51.75800
16 7 20 23 35 8024.80000 5.28900000 205.01000 36.92000 16.83400 51.75800
16 7 20 23 36 8024.80000 5.28900000 205.14000 36.92000 16.83400 51.75800
16 7 20 23 36 8024.30000 5.28900000 205.14000 36.92000 16.83400 51.75800
16 7 20 23 36 8027.20000 5.28900000 205.14000 36.92000 16.83400 51.75800
16 7 20 23 37 8026.20000 5.28900000 205.32000 36.92000 16.83400 51.75800
16 7 20 23 37 8026.10000 5.28900000 205.32000 36.97000 16.83400 51.75800
16 7 20 23 38 8026.10000 5.28900000 205.32000 36.97000 16.83400 51.75800
16 7 20 23 38 8025.80000 5.28900000 205.33000 36.97000 16.83400 51.75800
16 7 20 23 39 8022.40000 5.28900000 205.33000 36.97000 16.83400 51.75800
16 7 20 23 39 8023.30000 5.28900000 205.33000 36.97000 16.83400 51.75800
16 7 20 23 40 8022.00000 5.28900000 205.32000 36.97000 16.83400 51.75800
16 7 20 23 40 8021.10000 5.28900000 205.33000 36.97000 16.83400 51.75800
16 7 20 23 41 8025.40000 5.28900000 205.33000 36.97000 16.83400 51.75800
16 7 20 23 41 8021.90000 5.28900000 205.39000 36.97000 16.83400 51.75800
16 7 20 23 42 8021.00000 5.28900000 205.39000 36.97000 16.83400 51.75800
16 7 20 23 42 8020.90000 5.28900000 205.34000 36.99000 16.83400 51.75800
16 7 20 23 42 8021.00000 5.28900000 205.34000 36.99000 16.83400 51.88900
16 7 20 23 43 8023.50000 5.28900000 205.45000 36.99000 16.83400 51.88900
16 7 20 23 43 8023.50000 5.28900000 205.45000 36.99000 16.83400 51.88900
16 7 20 23 44 8022.70000 5.28900000 205.45000 36.99000 16.83400 51.88900
16 7 20 23 44 8021.70000 5.28900000 205.42000 36.99000 16.83400 51.88900
16 7 20 23 45 8021.10000 5.28900000 205.42000 36.99000 16.83400 51.88900
16 7 20 23 45 8023.50000 5.28900000 205.42000 36.99000 16.83400 51.88900
16 7 20 23 46 8023.50000 5.28900000 205.41000 37.07000 16.83400 51.88900
16 7 20 23 46 8020.80000 5.28900000 205.41000 37.07000 16.83400 51.88900
16 7 20 23 47 8023.30000 5.28900000 205.42000 37.07000 16.83400 51.88900
16 7 20 23 47 8023.30000 5.28900000 205.40000 37.02000 16.83400 51.88900
16 7 20 23 48 8022.40000 5.28900000 205.45000 37.02000 16.83400 51.88900
16 7 20 23 48 8023.70000 5.28900000 205.45000 37.02000 16.83400 51.88900
16 7 20 23 48 8023.20000 5.28900000 205.45000 37.02000 16.83400 51.99500
16 7 20 23 49 8023.20000 5.28900000 205.45000 37.02000 16.83400 51.99500
16 7 20 23 49 8023.20000 5.28900000 205.38000 37.02000 16.83400 51.99500
16 7 20 23 50 8023.20000 5.28900000 205.36000 37.02000 16.83400 51.99500
16 7 20 23 50 8023.20000 5.28900000 205.33000 37.02000 16.83400 51.99500
16 7 20 23 51 8022.20000 5.28900000 205.32000 37.02000 16.83400 51.99500
16 7 20 23 51 8020.50000 5.28900000 205.33000 37.02000 16.83400 51.99500
