M=[
15 3 21 06 11 49488.00000 10.62700000 1544.32000 179.86000 25.97200 119.23800
15 3 21 06 12 49500.60000 10.62700000 1544.25000 179.98000 25.97200 119.23800
15 3 21 06 12 49438.00000 10.62700000 1542.91000 179.98000 25.97200 119.23800
15 3 21 06 13 49485.90000 10.62700000 1542.91000 179.98000 25.97200 119.23800
15 3 21 06 13 49516.80000 10.60800000 1544.33000 179.98000 25.97200 119.78200
15 3 21 06 14 49531.00000 10.62900000 1544.99000 179.98000 25.97200 119.78200
15 3 21 06 14 49549.90000 10.62400000 1545.00000 179.98000 25.97200 119.78200
15 3 21 06 14 49598.20000 10.62400000 1546.05000 179.98000 25.97200 119.78200
15 3 21 06 15 49555.50000 10.62400000 1544.46000 179.98000 25.97200 119.78200
15 3 21 06 15 49541.10000 10.62400000 1543.91000 180.12000 25.97200 119.78200
15 3 21 06 16 49541.10000 10.62400000 1543.19000 180.12000 25.97200 119.78200
15 3 21 06 16 49501.20000 10.62400000 1542.91000 179.96000 25.97200 119.62000
15 3 21 06 17 49505.00000 10.62400000 1543.35000 179.92000 25.97200 119.62000
15 3 21 06 17 49504.90000 10.62400000 1543.35000 179.78000 25.97200 119.62000
15 3 21 06 17 49505.00000 10.62400000 1542.59000 179.78000 25.97200 119.62000
15 3 21 06 18 49505.00000 10.62400000 1542.47000 179.81000 25.97200 119.62100
15 3 21 06 18 49501.30000 10.59800000 1541.70000 179.72000 25.97200 119.62100
15 3 21 06 19 49501.20000 10.59800000 1541.69000 179.72000 25.97200 119.62100
15 3 21 06 19 49450.10000 10.59800000 1540.53000 179.60000 25.97200 119.62000
15 3 21 06 20 49446.10000 10.59800000 1540.52000 179.37000 25.97200 119.62000
15 3 21 06 20 49440.00000 10.59800000 1540.01000 179.21000 25.97200 119.62000
15 3 21 06 20 49448.90000 10.59800000 1541.94000 179.21000 25.97200 119.62000
15 3 21 06 21 49444.90000 10.59800000 1542.46000 179.59000 25.97200 119.62000
15 3 21 06 21 49428.20000 10.59800000 1541.02000 179.32000 25.97200 119.62000
15 3 21 06 22 49412.40000 10.59800000 1541.02000 179.32000 25.97200 119.62000
15 3 21 06 22 49400.10000 10.55000000 1540.09000 179.20000 25.97200 119.62000
15 3 21 06 23 49370.40000 10.55000000 1540.09000 179.14000 25.97200 119.47900
15 3 21 06 23 49305.00000 10.55000000 1534.55000 178.81000 25.97200 119.47900
15 3 21 06 23 49258.40000 10.51200000 1531.90000 178.66000 25.97200 118.94900
15 3 21 06 24 49224.10000 10.48900000 1528.36000 178.85000 25.97200 118.94900
15 3 21 06 24 49242.00000 10.48900000 1527.85000 178.85000 25.97200 118.94900
15 3 21 06 25 49309.10000 10.48900000 1531.63000 179.00000 25.97200 119.02200
15 3 21 06 25 49381.30000 10.48900000 1533.20000 179.00000 25.97200 119.02200
15 3 21 06 26 49364.70000 10.48900000 1534.22000 179.03000 25.97200 119.35300
15 3 21 06 26 49434.70000 10.48900000 1535.07000 179.03000 25.97200 119.38400
15 3 21 06 26 49439.90000 10.48900000 1535.54000 179.18000 25.97200 119.38400
15 3 21 06 27 49413.20000 10.48900000 1532.95000 179.10000 25.97200 119.38400
15 3 21 06 27 49413.70000 10.48900000 1532.73000 179.13000 25.97200 119.38400
15 3 21 06 28 49378.10000 10.48900000 1531.83000 178.97000 25.97200 119.06900
15 3 21 06 28 49448.70000 10.55000000 1533.14000 179.09000 25.97200 119.40000
15 3 21 06 29 49517.40000 10.55000000 1534.54000 179.09000 25.97200 119.40000
15 3 21 06 29 49507.40000 10.55000000 1534.30000 179.42000 25.97200 119.40000
15 3 21 06 29 49485.00000 10.55000000 1533.52000 179.43000 25.97200 119.40000
15 3 21 06 30 49497.10000 10.55000000 1533.66000 179.57000 25.97200 119.40000
15 3 21 06 30 49435.30000 10.55000000 1530.40000 179.57000 25.97200 119.40000
15 3 21 06 31 49400.10000 10.55000000 1529.43000 178.88000 25.97200 119.07600
15 3 21 06 31 49303.80000 10.55000000 1527.39000 178.80000 25.97200 119.07600
15 3 21 06 32 49344.40000 10.55000000 1526.18000 178.64000 25.97200 119.07600
15 3 21 06 32 49350.00000 10.55000000 1523.69000 178.68000 25.97200 119.07600
15 3 21 06 32 49260.30000 10.55000000 1520.25000 178.21000 25.97200 119.07600
15 3 21 06 33 49233.50000 10.55000000 1519.83000 178.22000 25.97200 119.07600
15 3 21 06 33 49216.70000 10.49300000 1518.00000 178.16000 25.97200 119.07600
15 3 21 06 34 49217.60000 10.48300000 1516.37000 178.12000 25.97200 119.07600
15 3 21 06 34 49234.50000 10.46300000 1517.52000 177.93000 25.97200 118.50400
15 3 21 06 35 49173.60000 10.44000000 1514.22000 177.56000 25.89400 118.50400
15 3 21 06 35 49145.00000 10.44000000 1514.15000 177.68000 25.89400 118.50400
15 3 21 06 35 49172.80000 10.44000000 1512.86000 177.75000 25.89400 118.55800
15 3 21 06 36 49065.40000 10.44000000 1508.13000 177.23000 25.89400 118.50000
15 3 21 06 36 49041.70000 10.44000000 1509.98000 176.96000 25.89400 118.32000
15 3 21 06 37 49028.00000 10.35600000 1507.16000 177.00000 25.89400 118.18600
15 3 21 06 37 48986.90000 10.35600000 1507.05000 176.93000 25.85000 118.18600
15 3 21 06 37 49041.60000 10.35600000 1512.61000 177.39000 25.85000 118.18600
15 3 21 06 38 49132.00000 10.35600000 1514.18000 177.84000 25.85000 118.18600
15 3 21 06 38 49053.70000 10.45900000 1513.07000 177.78000 25.85000 118.18600
15 3 21 06 39 49136.10000 10.45900000 1513.68000 177.77000 25.85000 118.18600
15 3 21 06 39 49179.60000 10.45900000 1515.74000 178.01000 25.85000 118.18600
15 3 21 06 40 49237.10000 10.45900000 1515.87000 178.04000 25.85000 118.18600
15 3 21 06 40 49158.90000 10.45900000 1512.19000 177.77000 25.85000 118.18600
15 3 21 06 40 49140.90000 10.45900000 1512.89000 177.77000 25.85000 118.57600
15 3 21 06 41 49175.90000 10.45900000 1514.97000 177.84000 25.60200 118.57600
15 3 21 06 41 49203.20000 10.45900000 1515.95000 177.93000 25.83500 118.57600
15 3 21 06 42 49060.00000 10.54500000 1511.58000 177.30000 25.83500 118.57600
15 3 21 06 42 48972.00000 10.54500000 1508.36000 177.01000 25.83500 118.57600
15 3 21 06 43 48968.10000 10.54500000 1510.03000 176.89000 25.83500 118.57600
15 3 21 06 43 48962.80000 10.48000000 1508.99000 176.63000 25.83500 118.57600
15 3 21 06 43 48991.70000 10.48000000 1509.16000 177.09000 25.83500 118.57600
15 3 21 06 44 49067.30000 10.48000000 1510.94000 177.09000 25.83500 118.57600
15 3 21 06 44 48968.10000 10.48000000 1508.00000 177.09000 25.83500 118.57600
15 3 21 06 45 48987.80000 10.48000000 1507.19000 177.09000 25.83500 118.57600
15 3 21 06 45 48961.60000 10.48000000 1507.28000 176.67000 25.83500 117.92200
15 3 21 06 46 49029.00000 10.48000000 1507.57000 176.98000 25.83500 117.92200
15 3 21 06 46 49062.70000 10.48000000 1509.02000 177.10000 25.83500 117.92200
15 3 21 06 46 49089.20000 10.48000000 1510.82000 177.21000 25.83500 117.92200
15 3 21 06 47 49060.90000 10.48000000 1509.41000 177.37000 25.83500 117.92200
15 3 21 06 47 49000.10000 10.48000000 1508.49000 177.09000 25.83500 117.92200
15 3 21 06 48 49049.90000 10.47600000 1510.87000 177.10000 25.83500 117.92200
15 3 21 06 48 49066.80000 10.47600000 1510.12000 177.28000 25.83500 117.92200
15 3 21 06 49 49115.50000 10.47600000 1512.86000 177.28000 25.83500 117.92200
15 3 21 06 49 49052.80000 10.48500000 1511.03000 177.28000 25.83500 117.92200
15 3 21 06 49 49035.80000 10.48500000 1510.93000 177.04000 25.83500 117.92200
15 3 21 06 50 49050.00000 10.48500000 1511.98000 177.32000 25.83500 117.92200
15 3 21 06 50 49103.10000 10.48500000 1513.20000 177.32000 25.83500 117.92200
15 3 21 06 51 49123.90000 10.48500000 1513.75000 177.32000 25.83500 117.92200
15 3 21 06 51 49113.10000 10.47900000 1515.00000 177.62000 25.83500 117.92200
15 3 21 06 52 49117.10000 10.47900000 1515.00000 177.76000 25.83500 118.29600
15 3 21 06 52 49100.00000 10.47900000 1514.01000 177.33000 25.83500 118.29600
15 3 21 06 52 49076.80000 10.47900000 1513.90000 177.41000 25.83500 118.29600
15 3 21 06 53 49078.30000 10.47900000 1513.76000 177.41000 25.83500 118.29600
15 3 21 06 53 49081.70000 10.47900000 1513.00000 177.41000 25.83500 118.29600
15 3 21 06 54 49042.80000 10.47900000 1513.87000 177.10000 25.83500 118.29600
15 3 21 06 54 49051.10000 10.47900000 1512.75000 177.10000 25.83500 118.29600
15 3 21 06 55 48991.80000 10.47900000 1510.86000 177.02000 25.83500 118.29600
