M=[
24 11 20 13 14 16212.50000 5.80600000 501.78000 74.14000 14.51500 66.27000
24 11 20 13 15 16211.40000 5.80600000 501.84000 74.15000 14.51500 66.46000
24 11 20 13 15 16222.70000 5.80600000 502.63000 74.27000 14.51500 66.46000
24 11 20 13 15 16230.00000 5.80600000 502.54000 74.34000 14.51500 66.46000
24 11 20 13 16 16231.00000 5.80600000 502.65000 74.24000 14.51500 66.34500
24 11 20 13 16 16241.70000 5.81400000 503.60000 74.31000 14.51500 66.47000
24 11 20 13 17 16231.70000 5.81400000 503.67000 74.39000 14.51500 66.47000
24 11 20 13 17 16242.10000 5.81400000 504.00000 74.39000 14.51500 66.64000
24 11 20 13 18 16244.90000 5.83000000 503.54000 74.39000 14.51500 66.64000
24 11 20 13 18 16244.90000 5.83000000 503.31000 74.36000 14.51500 66.64000
24 11 20 13 19 16246.10000 5.82200000 502.22000 74.31000 14.51500 66.64000
24 11 20 13 19 16249.00000 5.82200000 501.34000 74.31000 14.51500 66.64000
24 11 20 13 19 16249.80000 5.82200000 501.32000 74.31000 14.51500 66.64000
24 11 20 13 20 16267.40000 5.82200000 501.89000 74.30000 14.51500 66.64000
24 11 20 13 20 16263.10000 5.82200000 501.67000 74.31000 14.51500 66.63300
24 11 20 13 21 16260.10000 5.82200000 501.98000 74.31000 14.51500 66.63300
24 11 20 13 21 16208.20000 5.82200000 501.65000 74.32000 14.51500 66.63300
24 11 20 13 21 16185.10000 5.82200000 501.62000 74.32000 14.51500 66.63300
24 11 20 13 22 16217.80000 5.82200000 502.20000 74.32000 14.51500 66.99200
24 11 20 13 22 16222.70000 5.82200000 502.35000 74.49000 14.51100 66.99200
24 11 20 13 23 16220.00000 5.82200000 502.16000 74.47000 14.51100 66.99200
24 11 20 13 23 16219.40000 5.82200000 502.11000 74.41000 14.51100 66.99200
24 11 20 13 24 16209.00000 5.88700000 501.68000 74.38000 14.51100 66.99200
24 11 20 13 24 16206.70000 5.88700000 501.24000 74.30000 14.51100 66.99200
24 11 20 13 24 16204.10000 5.88700000 501.24000 74.29000 14.51100 66.99200
24 11 20 13 25 16185.10000 5.88700000 500.96000 74.29000 14.51100 67.02000
24 11 20 13 25 16185.00000 5.88700000 500.50000 74.29000 14.51100 67.02000
24 11 20 13 26 16175.10000 5.88100000 500.81000 74.30000 14.51100 67.02000
24 11 20 13 26 16160.80000 5.88100000 501.34000 74.27000 14.51100 67.14700
24 11 20 13 27 16165.10000 5.88100000 501.03000 74.27000 14.51100 67.14700
24 11 20 13 27 16172.40000 5.88100000 501.32000 74.27000 14.51100 67.14700
24 11 20 13 27 16193.00000 5.88100000 501.83000 74.38000 14.51100 67.14700
24 11 20 13 28 16218.10000 5.88100000 502.34000 74.39000 14.51100 67.14700
24 11 20 13 28 16230.00000 5.88100000 502.50000 74.39000 14.51100 67.36600
24 11 20 13 29 16230.60000 5.88100000 502.50000 74.39000 14.74500 67.36600
24 11 20 13 29 16227.60000 5.88100000 502.26000 74.39000 14.74500 67.36600
24 11 20 13 30 16220.00000 5.88100000 502.19000 74.45000 14.74500 67.36600
24 11 20 13 30 16235.00000 5.88100000 503.00000 74.49000 14.74500 67.68700
24 11 20 13 30 16239.90000 5.93500000 503.00000 74.52000 14.65300 67.68700
24 11 20 13 31 16259.30000 5.93500000 503.95000 74.68000 14.65300 67.78100
24 11 20 13 31 16261.50000 5.93500000 503.95000 74.81000 14.65300 67.94900
24 11 20 13 32 16255.00000 5.93500000 504.26000 74.96000 14.65300 68.12900
24 11 20 13 32 16263.10000 5.93500000 504.28000 74.96000 14.65300 68.12500
24 11 20 13 33 16245.40000 5.93500000 504.08000 74.79000 14.65300 68.12500
24 11 20 13 33 16240.00000 5.93500000 503.08000 74.73000 14.65300 67.73000
24 11 20 13 33 16254.10000 5.93500000 503.56000 74.73000 14.65300 67.76800
24 11 20 13 34 16253.70000 5.93500000 503.53000 74.85000 14.65300 67.80800
24 11 20 13 34 16240.00000 5.93500000 503.26000 74.91000 14.65300 67.80800
24 11 20 13 35 16240.00000 5.91700000 502.67000 75.00000 14.65300 67.80800
24 11 20 13 35 16240.00000 5.91700000 503.56000 75.01000 14.65300 67.80800
24 11 20 13 36 16249.00000 5.91700000 504.48000 75.01000 14.65300 67.78000
24 11 20 13 36 16260.00000 5.91700000 504.48000 75.17000 14.65300 67.79000
24 11 20 13 36 16249.00000 5.91700000 504.50000 75.17000 14.71700 67.79000
24 11 20 13 37 16250.40000 5.91700000 505.02000 75.20000 14.71700 67.79000
24 11 20 13 37 16249.10000 5.91700000 505.00000 75.13000 14.71700 67.79000
24 11 20 13 38 16249.10000 5.91700000 505.69000 75.13000 14.71700 67.79000
24 11 20 13 38 16255.10000 5.91700000 506.32000 75.13000 14.71700 67.79000
24 11 20 13 39 16245.10000 5.91700000 507.04000 75.33000 14.71700 67.79000
24 11 20 13 39 16238.10000 5.91700000 507.27000 75.32000 14.71700 67.79000
24 11 20 13 39 16207.50000 5.91700000 505.36000 75.26000 14.71700 67.79000
24 11 20 13 40 16203.70000 5.97000000 506.26000 75.40000 14.71700 67.79000
24 11 20 13 40 16187.00000 5.97000000 506.65000 75.40000 14.71700 68.12900
24 11 20 13 41 16184.50000 5.99100000 506.15000 75.09000 14.71700 68.11000
24 11 20 13 41 16191.40000 5.99100000 506.20000 75.09000 14.71700 68.08400
24 11 20 13 42 16212.10000 5.98900000 507.49000 75.41000 14.71700 68.08400
24 11 20 13 42 16200.00000 5.98900000 507.20000 75.30000 14.71700 68.08400
24 11 20 13 42 16191.90000 5.98900000 507.37000 75.28000 14.71700 68.11200
24 11 20 13 43 16180.40000 5.99100000 506.85000 75.07000 14.71700 68.39800
24 11 20 13 43 16176.90000 6.00000000 506.82000 74.86000 14.62600 68.27500
24 11 20 13 44 16176.90000 6.00000000 507.30000 75.00000 14.62600 68.27500
24 11 20 13 44 16179.20000 6.00000000 507.53000 75.15000 14.62600 68.33800
24 11 20 13 45 16177.10000 6.00000000 507.29000 75.15000 14.67700 68.45500
24 11 20 13 45 16191.20000 5.99500000 507.44000 75.24000 14.67700 68.45500
24 11 20 13 45 16204.20000 5.99500000 507.86000 75.24000 14.67700 68.45500
24 11 20 13 46 16196.20000 5.99500000 507.00000 75.35000 14.67700 68.45500
24 11 20 13 46 16188.00000 5.99400000 506.50000 75.25000 14.67700 68.45500
24 11 20 13 47 16192.50000 5.99400000 506.51000 75.13000 14.69800 68.45500
24 11 20 13 47 16192.50000 5.99400000 506.46000 75.06000 14.69800 68.45500
24 11 20 13 48 16192.50000 5.99400000 506.71000 74.98000 14.69800 68.45500
24 11 20 13 48 16192.60000 5.99400000 506.76000 74.92000 14.69800 68.45500
24 11 20 13 48 16185.10000 5.99400000 506.76000 74.92000 14.68200 68.45500
24 11 20 13 49 16185.10000 5.99400000 506.76000 74.92000 14.68200 68.45500
24 11 20 13 49 16177.20000 5.99400000 506.77000 74.87000 14.68200 68.45500
24 11 20 13 50 16156.40000 5.99400000 506.77000 74.74000 14.68200 68.45500
24 11 20 13 50 16108.80000 5.99400000 506.39000 74.79000 14.68200 68.20900
24 11 20 13 51 16127.50000 5.98100000 506.76000 74.93000 14.68200 68.46300
24 11 20 13 51 16137.70000 5.98100000 506.78000 74.85000 14.68200 68.46300
24 11 20 13 51 16174.50000 5.98000000 507.14000 74.84000 14.68200 68.46300
24 11 20 13 52 16161.90000 6.00000000 507.18000 74.78000 14.68200 68.27900
24 11 20 13 52 16188.40000 5.98000000 507.95000 74.90000 14.68200 68.27900
24 11 20 13 53 16194.30000 6.07000000 508.28000 74.98000 14.68200 68.47100
24 11 20 13 53 16198.20000 6.07000000 508.60000 74.98000 14.68200 68.47100
24 11 20 13 54 16214.40000 6.07000000 509.71000 74.95000 14.59500 68.47100
24 11 20 13 54 16217.60000 6.02000000 509.92000 74.99000 14.59500 68.69100
24 11 20 13 54 16218.70000 6.06400000 510.25000 74.99000 14.59500 68.48000
24 11 20 13 55 16228.00000 6.08400000 510.48000 75.20000 14.59500 68.48000
24 11 20 13 55 16204.70000 6.04100000 509.27000 75.11000 14.59500 68.48000
24 11 20 13 56 16215.10000 6.04100000 509.17000 74.95000 14.59500 68.63300
24 11 20 13 56 16215.10000 6.09000000 510.07000 75.06000 14.59500 68.63300
24 11 20 13 56 16215.00000 6.09000000 509.88000 75.06000 14.59500 68.80000
24 11 20 13 57 16219.60000 6.09900000 510.50000 75.22000 14.59500 68.80000
24 11 20 13 57 16223.00000 6.09900000 510.80000 75.31000 14.69600 68.87600
24 11 20 13 58 16215.00000 6.03700000 510.52000 75.31000 14.69600 68.87600
24 11 20 13 58 16216.70000 6.03700000 510.55000 75.32000 14.69600 68.87600
24 11 20 13 59 16215.00000 6.03600000 511.00000 75.33000 14.66100 68.87600
24 11 20 13 59 16200.10000 6.03600000 510.47000 75.39000 14.66100 68.97800
