M=[
25 9 20 12 39 9113.50000 4.95800000 296.27000 39.45000 12.24900 46.83000
25 9 20 12 39 9117.50000 4.95800000 296.01000 39.45000 12.24900 46.83000
25 9 20 12 40 9121.60000 4.95800000 296.34000 39.45000 12.24900 46.83000
25 9 20 12 40 9123.00000 4.95800000 296.34000 39.45000 12.24900 46.83000
25 9 20 12 41 9123.10000 4.95800000 296.34000 39.45000 12.24900 46.83000
25 9 20 12 41 9126.70000 4.95800000 296.46000 39.45000 12.24900 46.83000
25 9 20 12 42 9128.30000 4.95800000 296.25000 39.45000 12.24900 46.83000
25 9 20 12 42 9128.00000 4.95800000 296.34000 39.47000 12.24900 46.83000
25 9 20 12 42 9128.20000 4.95800000 296.53000 39.44000 12.24900 46.83000
25 9 20 12 43 9123.20000 4.95800000 296.35000 39.44000 12.24900 46.83000
25 9 20 12 43 9121.50000 4.95800000 296.35000 39.43000 12.24900 46.83000
25 9 20 12 44 9121.10000 4.95800000 296.02000 39.43000 12.24900 46.83000
25 9 20 12 44 9121.10000 4.95800000 296.02000 39.43000 12.24900 46.83000
25 9 20 12 45 9121.00000 4.95800000 296.50000 39.43000 12.24900 46.83000
25 9 20 12 45 9121.10000 4.95800000 296.68000 39.43000 12.24900 46.83000
25 9 20 12 45 9128.30000 4.95800000 296.88000 39.43000 12.24900 46.83000
25 9 20 12 46 9128.20000 4.95800000 296.87000 39.52000 12.24900 46.83000
25 9 20 12 46 9128.30000 4.95800000 296.87000 39.52000 12.24900 46.83000
25 9 20 12 47 9128.30000 4.95800000 296.87000 39.52000 12.24900 46.83000
25 9 20 12 47 9128.20000 4.95800000 297.13000 39.53000 12.24900 46.83000
25 9 20 12 48 9135.00000 4.95800000 297.18000 39.53000 12.24900 46.83000
25 9 20 12 48 9133.40000 4.95800000 297.26000 39.53000 12.24900 46.83000
25 9 20 12 48 9136.80000 4.95800000 297.26000 39.57000 12.24900 46.83000
25 9 20 12 49 9124.20000 4.95800000 296.87000 39.57000 12.24900 46.83000
25 9 20 12 49 9125.40000 4.95800000 296.70000 39.57000 12.24900 46.83000
25 9 20 12 50 9125.40000 4.95800000 296.82000 39.54000 12.24900 46.83000
25 9 20 12 50 9125.40000 4.95800000 296.75000 39.54000 12.24900 46.83000
25 9 20 12 51 9125.40000 4.95800000 296.77000 39.52000 12.24900 46.83000
25 9 20 12 51 9125.40000 4.95800000 296.94000 39.52000 12.24900 46.83000
25 9 20 12 52 9125.40000 4.95800000 296.90000 39.52000 12.24900 46.65200
25 9 20 12 52 9125.30000 4.95800000 296.90000 39.52000 12.24900 46.63600
25 9 20 12 52 9125.40000 4.95800000 297.03000 39.52000 12.24900 46.63600
25 9 20 12 53 9128.20000 4.95800000 296.89000 39.55000 12.24900 46.63600
25 9 20 12 53 9134.00000 4.95800000 297.00000 39.52000 12.24900 46.63600
25 9 20 12 54 9134.10000 4.95800000 296.70000 39.49000 12.24900 46.63600
25 9 20 12 54 9134.10000 4.95800000 296.70000 39.49000 12.24900 46.63600
25 9 20 12 55 9134.00000 4.95800000 296.36000 39.44000 12.38700 46.63600
25 9 20 12 55 9134.10000 4.95800000 296.25000 39.44000 12.41800 46.63600
25 9 20 12 55 9134.10000 4.95800000 296.02000 39.36000 12.41800 46.63600
25 9 20 12 56 9134.00000 4.95800000 296.03000 39.33000 12.41800 46.63600
25 9 20 12 56 9134.00000 4.95800000 296.03000 39.33000 12.41800 46.63600
25 9 20 12 57 9134.00000 4.95800000 296.50000 39.32000 12.41800 46.63600
25 9 20 12 57 9134.10000 4.95800000 296.51000 39.32000 12.41800 46.63600
25 9 20 12 58 9134.10000 4.95800000 296.51000 39.32000 12.41800 46.63600
25 9 20 12 58 9134.10000 4.95800000 296.97000 39.32000 12.41800 46.63600
25 9 20 12 59 9134.10000 4.95800000 296.55000 39.32000 12.41800 46.63600
25 9 20 12 59 9134.00000 4.95800000 296.59000 39.32000 12.41800 46.63600
25 9 20 12 59 9134.00000 4.95800000 296.59000 39.32000 12.41800 46.63600
25 9 20 13 00 9134.10000 4.95800000 296.59000 39.32000 12.41800 46.63600
25 9 20 13 00 9134.00000 4.95800000 296.59000 39.32000 12.41800 46.63600
25 9 20 13 01 9134.10000 4.95800000 296.80000 39.32000 12.41800 46.63600
25 9 20 13 01 9134.10000 4.95800000 296.80000 39.32000 12.41800 46.63600
25 9 20 13 02 9134.10000 4.95800000 296.80000 39.32000 12.41800 46.63600
25 9 20 13 02 9134.10000 4.95800000 296.80000 39.32000 12.41800 46.63600
25 9 20 13 02 9134.10000 4.95800000 297.11000 39.32000 12.41800 46.63600
25 9 20 13 03 9134.00000 5.01100000 296.98000 39.32000 12.41800 46.63600
25 9 20 13 03 9134.10000 5.01100000 296.98000 39.32000 12.41800 46.63600
25 9 20 13 04 9134.00000 5.01100000 296.61000 39.32000 12.41800 46.63600
25 9 20 13 04 9134.10000 5.01100000 296.61000 39.32000 12.41800 46.63600
25 9 20 13 05 9134.00000 5.01100000 296.53000 39.47000 12.41800 46.63600
25 9 20 13 05 9134.10000 5.01100000 296.53000 39.47000 12.41800 46.63600
25 9 20 13 05 9134.10000 5.01100000 296.62000 39.47000 12.41800 46.63600
25 9 20 13 06 9134.10000 5.01100000 297.31000 39.52000 12.41800 46.63600
25 9 20 13 06 9138.90000 5.01100000 297.37000 39.52000 12.41800 46.63600
25 9 20 13 07 9138.90000 5.01100000 297.37000 39.52000 12.41800 46.63600
25 9 20 13 07 9138.90000 5.01100000 297.58000 39.52000 12.41800 46.63600
25 9 20 13 08 9145.70000 5.01100000 297.53000 39.52000 12.41800 46.63600
25 9 20 13 08 9150.00000 5.01100000 297.53000 39.52000 12.41800 46.63600
25 9 20 13 08 9150.00000 5.01100000 297.16000 39.52000 12.41800 46.63600
25 9 20 13 09 9150.00000 5.01100000 297.16000 39.52000 12.41800 46.63600
25 9 20 13 09 9150.00000 5.01100000 297.34000 39.52000 12.41800 46.63600
25 9 20 13 10 9150.10000 5.01100000 297.45000 39.52000 12.41800 46.63600
25 9 20 13 10 9150.10000 5.01100000 297.45000 39.52000 12.41800 46.63600
25 9 20 13 11 9150.30000 5.01100000 297.45000 39.52000 12.41800 46.63600
25 9 20 13 11 9150.30000 5.01100000 296.93000 39.52000 12.41800 46.63600
25 9 20 13 12 9150.30000 5.01900000 296.89000 39.52000 12.41800 46.63600
25 9 20 13 12 9154.20000 5.01900000 297.25000 39.52000 12.41800 46.63600
25 9 20 13 12 9154.30000 5.01900000 297.25000 39.52000 12.41800 46.63600
25 9 20 13 13 9154.20000 5.01700000 297.02000 39.52000 12.41800 46.63600
25 9 20 13 13 9150.40000 5.01700000 297.02000 39.52000 12.41800 46.63600
25 9 20 13 14 9151.80000 5.01700000 297.11000 39.47000 12.41800 46.63600
25 9 20 13 14 9150.90000 5.01700000 296.96000 39.47000 12.41800 46.63600
25 9 20 13 15 9149.80000 5.01700000 296.96000 39.47000 12.41800 46.63600
25 9 20 13 15 9142.80000 5.01700000 296.86000 39.47000 12.41800 46.63600
25 9 20 13 15 9142.80000 5.01700000 296.86000 39.47000 12.41800 46.63600
25 9 20 13 16 9142.70000 5.01900000 296.86000 39.47000 12.41800 46.63600
25 9 20 13 16 9142.70000 5.01900000 296.86000 39.48000 12.41800 46.63600
25 9 20 13 17 9142.80000 5.01900000 297.08000 39.48000 12.41800 46.63600
25 9 20 13 17 9142.80000 5.01900000 297.09000 39.48000 12.41800 46.63600
25 9 20 13 18 9147.80000 5.01900000 297.27000 39.48000 12.41800 46.63600
25 9 20 13 18 9147.80000 5.01900000 297.27000 39.48000 12.41800 46.63600
25 9 20 13 19 9151.80000 5.01900000 297.36000 39.48000 12.41800 46.63600
25 9 20 13 19 9149.60000 5.01900000 297.22000 39.48000 12.44000 46.63600
25 9 20 13 19 9149.60000 5.01900000 297.26000 39.49000 12.43900 46.63600
25 9 20 13 20 9149.40000 5.01900000 297.26000 39.48000 12.41900 46.63600
25 9 20 13 20 9149.50000 5.01900000 296.97000 39.48000 12.41900 46.63600
25 9 20 13 21 9149.50000 4.99700000 296.97000 39.48000 12.41900 46.63600
25 9 20 13 21 9149.50000 4.97800000 296.88000 39.48000 12.41900 46.63600
25 9 20 13 22 9149.50000 4.97800000 296.86000 39.46000 12.41900 46.63600
25 9 20 13 22 9149.40000 4.97800000 296.86000 39.46000 12.45000 46.63600
25 9 20 13 22 9146.70000 4.98900000 296.43000 39.46000 12.40700 46.63600
25 9 20 13 23 9146.70000 4.98900000 296.45000 39.39000 12.38200 46.63600
25 9 20 13 23 9138.20000 4.97800000 296.33000 39.39000 12.38200 46.63600
25 9 20 13 24 9138.00000 4.97800000 296.33000 39.39000 12.38200 46.63600
25 9 20 13 24 9135.20000 4.93800000 296.33000 39.39000 12.38200 46.63600
25 9 20 13 25 9135.20000 4.93800000 296.33000 39.39000 12.38200 46.63600
25 9 20 13 25 9135.20000 4.98200000 296.33000 39.39000 12.38200 46.63600
25 9 20 13 26 9135.20000 4.98200000 296.33000 39.39000 12.38200 46.63600
25 9 20 13 26 9135.10000 4.98200000 296.32000 39.39000 12.38200 46.63600
