M=[
13 12 20 17 39 15837.80000 5.08000000 487.44000 67.89000 14.12900 56.85700
13 12 20 17 40 15840.10000 5.08000000 487.49000 67.80000 14.12900 56.85700
13 12 20 17 40 15853.90000 5.08000000 487.66000 67.83000 14.12900 56.85700
13 12 20 17 41 15857.30000 5.08000000 487.66000 67.83000 14.12900 56.85700
13 12 20 17 41 15855.70000 5.08000000 487.91000 67.97000 14.12900 56.85700
13 12 20 17 41 15856.70000 5.08000000 488.07000 67.97000 14.12900 56.85700
13 12 20 17 42 15849.00000 5.08000000 488.07000 67.89000 14.12900 56.85700
13 12 20 17 42 15849.80000 5.08000000 488.07000 67.89000 14.12900 56.85700
13 12 20 17 43 15849.90000 5.08000000 488.07000 67.89000 14.12900 56.85700
13 12 20 17 43 15857.70000 5.08000000 488.34000 67.89000 14.12900 56.85700
13 12 20 17 44 15860.50000 5.08000000 488.34000 67.89000 14.12900 56.85700
13 12 20 17 44 15859.10000 5.08000000 488.34000 67.89000 14.12900 56.85700
13 12 20 17 44 15859.60000 5.08000000 488.13000 67.84000 14.12900 56.85700
13 12 20 17 45 15859.90000 5.08000000 488.13000 67.90000 14.12900 56.85700
13 12 20 17 45 15855.10000 5.08000000 488.13000 67.90000 14.12900 56.85700
13 12 20 17 46 15854.80000 5.08000000 488.15000 67.90000 14.12900 56.85700
13 12 20 17 46 15854.80000 5.08000000 488.14000 67.90000 14.12900 56.85700
13 12 20 17 47 15854.80000 5.08000000 488.05000 67.89000 14.12900 56.85700
13 12 20 17 47 15854.70000 5.08000000 487.66000 67.89000 14.12900 56.85700
13 12 20 17 47 15842.10000 5.08000000 487.39000 67.80000 14.12900 56.85700
13 12 20 17 48 15837.90000 5.08000000 487.42000 67.81000 14.12900 56.85700
13 12 20 17 48 15838.40000 5.08000000 487.42000 67.81000 14.12900 56.85700
13 12 20 17 49 15838.40000 5.08000000 487.22000 67.76000 14.12900 56.85700
13 12 20 17 49 15840.80000 5.08000000 487.25000 67.76000 14.12900 56.85700
13 12 20 17 50 15840.80000 5.08000000 487.25000 67.79000 14.12900 56.85700
13 12 20 17 50 15837.00000 5.08000000 487.19000 67.72000 14.12900 56.85700
13 12 20 17 50 15837.10000 5.07500000 487.58000 67.73000 14.12900 56.85700
13 12 20 17 51 15837.00000 5.07500000 487.76000 67.81000 14.12900 56.85700
13 12 20 17 51 15850.00000 5.07500000 487.76000 67.81000 14.12900 56.85700
13 12 20 17 52 15850.00000 5.07500000 487.76000 67.81000 14.12900 56.85700
13 12 20 17 52 15835.70000 5.07500000 487.81000 67.85000 14.12900 56.85700
13 12 20 17 53 15821.30000 5.07500000 487.36000 67.79000 14.12900 56.85700
13 12 20 17 53 15821.40000 5.07500000 487.36000 67.79000 14.12900 56.85700
13 12 20 17 53 15826.60000 5.07500000 487.50000 67.79000 14.12900 56.85700
13 12 20 17 54 15835.30000 5.07500000 487.50000 67.89000 14.12900 56.85700
13 12 20 17 54 15836.90000 5.07500000 487.50000 67.86000 14.12900 56.85700
13 12 20 17 55 15845.40000 5.07500000 488.88000 67.86000 14.12900 56.85700
13 12 20 17 55 15849.20000 5.07500000 489.00000 67.89000 14.12900 56.85700
13 12 20 17 56 15844.20000 5.07500000 488.99000 67.89000 14.12900 56.85700
13 12 20 17 56 15844.20000 5.07500000 488.98000 67.89000 14.21100 56.85700
13 12 20 17 56 15846.60000 5.07500000 488.98000 67.89000 14.21100 56.85700
13 12 20 17 57 15850.00000 5.07500000 488.98000 68.02000 14.21100 56.85700
13 12 20 17 57 15849.90000 5.07500000 488.96000 68.02000 14.21100 56.85700
13 12 20 17 58 15850.00000 5.07500000 488.96000 68.02000 14.21100 56.85700
13 12 20 17 58 15855.00000 5.07500000 489.00000 68.02000 14.21100 56.85700
13 12 20 17 59 15872.70000 5.07500000 489.90000 68.18000 14.21100 56.85700
13 12 20 17 59 15860.00000 5.08000000 489.60000 68.17000 14.21100 56.85700
13 12 20 17 59 15860.10000 5.08000000 489.60000 68.17000 14.21100 56.85700
13 12 20 18 00 15870.60000 5.08000000 489.52000 68.09000 14.21100 56.85700
13 12 20 18 00 15860.80000 5.08000000 489.52000 68.08000 14.21100 56.85700
13 12 20 18 01 15851.70000 5.08000000 489.07000 68.08000 14.21100 56.85700
13 12 20 18 01 15859.30000 5.08000000 488.95000 68.04000 14.21100 56.85700
13 12 20 18 02 15853.00000 5.08000000 489.23000 68.04000 14.21100 56.85700
13 12 20 18 02 15849.90000 5.08000000 488.81000 67.99000 14.21100 56.85700
13 12 20 18 02 15836.70000 5.08000000 488.82000 67.95000 14.21100 56.85700
13 12 20 18 03 15830.10000 5.08000000 488.82000 67.90000 14.21100 56.85700
13 12 20 18 03 15830.10000 5.08000000 488.81000 67.89000 14.21100 56.85700
13 12 20 18 04 15825.80000 5.08000000 488.80000 67.87000 14.21100 56.85700
13 12 20 18 04 15823.70000 5.08000000 488.33000 67.83000 14.21100 56.85700
13 12 20 18 05 15830.50000 5.08000000 488.69000 67.83000 14.21100 56.85700
13 12 20 18 05 15826.30000 5.08000000 488.32000 67.83000 14.21100 56.85700
13 12 20 18 05 15823.90000 5.08000000 488.33000 67.83000 14.21100 56.85700
13 12 20 18 06 15820.10000 5.08000000 488.05000 67.84000 14.21100 56.85700
13 12 20 18 06 15820.10000 5.08000000 487.85000 67.78000 14.21100 56.85700
13 12 20 18 07 15820.10000 5.08000000 488.09000 67.78000 14.21100 56.85700
13 12 20 18 07 15820.10000 5.08000000 488.09000 67.78000 14.21100 56.85700
13 12 20 18 08 15820.00000 5.08000000 487.80000 67.78000 14.21100 56.48300
13 12 20 18 08 15820.10000 5.08000000 487.80000 67.78000 14.21100 56.48600
13 12 20 18 08 15820.10000 5.08000000 487.81000 67.80000 14.21100 56.48600
13 12 20 18 09 15820.00000 5.08000000 487.63000 67.72000 14.21100 56.48600
13 12 20 18 09 15820.10000 5.08000000 487.63000 67.78000 14.21100 56.48600
13 12 20 18 10 15820.00000 5.08000000 487.64000 67.78000 14.21100 56.48600
13 12 20 18 10 15820.00000 5.08000000 487.60000 67.81000 14.21100 56.48600
13 12 20 18 11 15820.10000 5.08000000 487.60000 67.81000 14.21100 56.48600
13 12 20 18 11 15820.00000 5.08000000 487.60000 67.71000 14.21100 56.48600
13 12 20 18 11 15820.10000 5.08000000 487.40000 67.68000 14.21100 56.48600
13 12 20 18 12 15820.10000 5.08000000 486.86000 67.77000 14.21100 56.48600
13 12 20 18 12 15820.00000 5.08000000 486.86000 67.77000 14.21100 56.48600
13 12 20 18 13 15815.00000 5.08000000 487.00000 67.74000 14.21100 56.48600
13 12 20 18 13 15815.10000 5.08000000 487.00000 67.74000 14.21100 56.48600
13 12 20 18 14 15809.00000 5.08000000 487.15000 67.73000 14.21100 56.48600
13 12 20 18 14 15809.10000 5.08000000 487.05000 67.73000 14.21100 56.48600
13 12 20 18 14 15809.10000 5.08000000 486.95000 67.73000 14.21100 56.48600
13 12 20 18 15 15808.10000 5.08000000 486.99000 67.73000 14.21100 56.48600
13 12 20 18 15 15804.00000 5.08000000 486.89000 67.69000 14.21100 56.48600
13 12 20 18 16 15802.00000 5.08000000 487.00000 67.69000 14.21100 56.43600
13 12 20 18 16 15785.60000 5.08000000 487.00000 67.69000 14.21100 56.43600
13 12 20 18 17 15802.00000 5.08000000 486.90000 67.69000 14.21100 56.43600
13 12 20 18 17 15801.70000 5.08000000 487.00000 67.72000 14.21100 56.43600
13 12 20 18 17 15802.00000 5.08000000 486.99000 67.76000 14.21100 56.43600
13 12 20 18 18 15802.00000 5.08000000 486.99000 67.79000 14.21100 56.43600
13 12 20 18 18 15801.90000 5.08000000 487.00000 67.77000 14.21100 56.43600
13 12 20 18 19 15802.00000 5.08000000 487.00000 67.77000 14.21100 56.43600
13 12 20 18 19 15802.00000 5.08000000 486.97000 67.77000 14.21100 56.43600
13 12 20 18 20 15808.00000 5.08000000 486.96000 67.77000 14.21100 56.43600
13 12 20 18 20 15804.20000 5.08000000 486.97000 67.71000 14.21100 56.43600
13 12 20 18 20 15809.00000 5.08000000 486.74000 67.71000 14.21100 56.43600
13 12 20 18 21 15807.60000 5.08000000 486.58000 67.64000 14.21100 56.43600
13 12 20 18 21 15807.60000 5.08000000 486.58000 67.64000 14.21100 56.43600
13 12 20 18 22 15810.50000 5.08000000 486.81000 67.64000 14.21100 56.43600
13 12 20 18 22 15820.10000 5.08000000 486.83000 67.63000 14.21100 56.43600
13 12 20 18 23 15827.90000 5.08000000 487.07000 67.63000 14.21100 56.43600
13 12 20 18 23 15829.90000 5.08000000 487.36000 67.63000 14.21100 56.43600
13 12 20 18 23 15829.90000 5.08000000 487.39000 67.76000 14.21100 56.43600
13 12 20 18 24 15829.90000 5.08000000 487.39000 67.76000 14.21100 56.43600
13 12 20 18 24 15830.00000 5.08000000 487.39000 67.80000 14.21100 56.43600
