M=[
30 10 20 10 43 11377.60000 4.52500000 323.16000 45.26000 11.77400 47.41100
30 10 20 10 44 11387.00000 4.52500000 323.53000 45.28000 11.77400 47.41100
30 10 20 10 44 11390.80000 4.52500000 323.81000 45.36000 11.77400 47.41100
30 10 20 10 45 11392.00000 4.52500000 323.83000 45.38000 11.77400 47.41100
30 10 20 10 45 11394.80000 4.52500000 323.96000 45.36000 11.77400 47.41100
30 10 20 10 46 11396.00000 4.52500000 324.00000 45.36000 11.77400 47.41100
30 10 20 10 46 11397.20000 4.52500000 324.00000 45.36000 11.77400 47.41100
30 10 20 10 46 11401.10000 4.52500000 324.28000 45.50000 11.77400 47.41100
30 10 20 10 47 11399.40000 4.52500000 324.21000 45.50000 11.77400 47.41100
30 10 20 10 47 11395.70000 4.52500000 324.24000 45.50000 11.77400 47.41100
30 10 20 10 48 11394.90000 4.52500000 324.22000 45.48000 11.77400 47.41100
30 10 20 10 48 11398.20000 4.52500000 324.24000 45.49000 11.77400 47.41100
30 10 20 10 49 11398.30000 4.52500000 324.24000 45.49000 11.77400 47.41100
30 10 20 10 49 11398.40000 4.52500000 324.39000 45.48000 11.77400 47.41100
30 10 20 10 49 11399.20000 4.54300000 324.37000 45.48000 11.77400 47.41100
30 10 20 10 50 11398.30000 4.54300000 324.37000 45.48000 11.77400 47.41100
30 10 20 10 50 11398.70000 4.54300000 324.34000 45.52000 11.91500 47.41100
30 10 20 10 51 11399.10000 4.54300000 324.37000 45.52000 11.93700 47.41100
30 10 20 10 51 11402.00000 4.54300000 324.25000 45.52000 11.93700 47.41100
30 10 20 10 52 11401.20000 4.54300000 324.19000 45.59000 12.07700 47.41100
30 10 20 10 52 11398.00000 4.54300000 324.20000 45.59000 12.07700 47.41100
30 10 20 10 52 11399.90000 4.54300000 324.31000 45.59000 12.12400 47.41100
30 10 20 10 53 11400.10000 4.54300000 324.30000 45.62000 12.12400 47.41100
30 10 20 10 53 11412.70000 4.54300000 324.49000 45.66000 12.12400 47.41100
30 10 20 10 54 11413.60000 4.54300000 324.54000 45.66000 12.12400 47.41100
30 10 20 10 54 11413.70000 4.54300000 324.54000 45.65000 12.12400 47.41100
30 10 20 10 55 11422.10000 4.54300000 324.60000 45.72000 12.20000 47.41100
30 10 20 10 55 11413.00000 4.54300000 324.96000 45.72000 12.20000 47.41100
30 10 20 10 56 11408.60000 4.54300000 324.88000 45.72000 12.20000 47.41100
30 10 20 10 56 11414.70000 4.54300000 324.88000 45.72000 12.20000 47.41100
30 10 20 10 56 11412.40000 4.54300000 324.88000 45.71000 12.20000 47.41100
30 10 20 10 57 11417.90000 4.54300000 325.00000 45.71000 12.20000 47.41100
30 10 20 10 57 11419.10000 4.54300000 325.14000 45.71000 12.20000 47.41100
30 10 20 10 58 11418.20000 4.54300000 325.05000 45.71000 12.08100 47.41100
30 10 20 10 58 11418.50000 4.54300000 325.05000 45.71000 12.20000 47.41100
30 10 20 10 59 11416.90000 4.54300000 325.05000 45.71000 12.20000 47.41100
30 10 20 10 59 11421.80000 4.54300000 325.41000 45.70000 12.20000 47.41100
30 10 20 10 59 11426.00000 4.54300000 325.38000 45.69000 12.20000 47.41100
30 10 20 11 00 11426.60000 4.54300000 325.36000 45.69000 11.96800 47.41100
30 10 20 11 00 11425.80000 4.54300000 325.32000 45.69000 11.96800 47.41100
30 10 20 11 01 11430.00000 4.54300000 325.28000 45.69000 11.96800 47.41100
30 10 20 11 01 11429.20000 4.54300000 325.40000 45.72000 11.96800 47.41100
30 10 20 11 02 11422.60000 4.54300000 325.27000 45.72000 11.96800 47.41100
30 10 20 11 02 11421.10000 4.54300000 325.34000 45.72000 12.27500 47.41100
30 10 20 11 02 11422.80000 4.54300000 325.45000 45.71000 12.27500 48.23200
30 10 20 11 03 11414.90000 4.54300000 325.24000 45.69000 12.27500 48.23200
30 10 20 11 03 11407.20000 4.54300000 324.95000 45.69000 12.27500 48.23200
30 10 20 11 04 11403.10000 4.54300000 324.74000 45.69000 12.20000 48.23200
30 10 20 11 04 11403.10000 4.54300000 324.75000 45.61000 12.20000 48.23200
30 10 20 11 05 11398.10000 4.54300000 324.70000 45.61000 12.20000 48.23200
30 10 20 11 05 11407.50000 4.54300000 324.70000 45.61000 12.20000 48.23200
30 10 20 11 06 11406.60000 4.54300000 324.83000 45.61000 12.20000 48.23200
30 10 20 11 06 11410.30000 4.54300000 324.83000 45.63000 12.20000 48.23200
30 10 20 11 06 11410.80000 4.54300000 324.82000 45.65000 12.18900 48.23200
30 10 20 11 07 11415.10000 4.54300000 325.42000 45.65000 12.18900 48.23200
30 10 20 11 07 11419.40000 4.54300000 325.42000 45.72000 12.17600 48.59800
30 10 20 11 08 11424.30000 4.54300000 325.67000 45.75000 12.17000 48.73700
30 10 20 11 08 11426.40000 4.54300000 325.53000 45.75000 12.17000 48.73700
30 10 20 11 09 11422.00000 4.54300000 325.53000 45.75000 12.07500 48.73700
30 10 20 11 09 11428.10000 4.54300000 325.67000 45.75000 12.07500 48.73700
30 10 20 11 09 11425.90000 4.54300000 325.73000 45.75000 12.07500 48.73800
30 10 20 11 10 11423.80000 4.54300000 325.61000 45.75000 12.04700 48.73800
30 10 20 11 10 11421.50000 4.54300000 325.61000 45.75000 12.04700 48.73800
30 10 20 11 11 11421.40000 4.54300000 325.61000 45.73000 12.22700 48.73800
30 10 20 11 11 11420.90000 4.54300000 325.33000 45.73000 12.22700 48.73800
30 10 20 11 12 11414.80000 4.54300000 325.33000 45.73000 12.22700 48.73800
30 10 20 11 12 11407.60000 4.54300000 325.30000 45.73000 12.22700 48.73800
30 10 20 11 12 11405.50000 4.54300000 325.30000 45.67000 11.98200 48.73800
30 10 20 11 13 11408.10000 4.54300000 324.97000 45.67000 12.34600 48.77200
30 10 20 11 13 11400.30000 4.54300000 324.97000 45.67000 12.34600 48.77200
30 10 20 11 14 11405.60000 4.54300000 325.07000 45.67000 12.34600 48.77200
30 10 20 11 14 11412.60000 4.54300000 325.08000 45.67000 12.34600 48.77200
30 10 20 11 15 11416.40000 4.54300000 325.03000 45.67000 12.34600 48.77200
30 10 20 11 15 11412.50000 4.54300000 324.97000 45.67000 12.34600 48.77200
30 10 20 11 15 11407.90000 4.54300000 324.91000 45.67000 12.34600 48.77200
30 10 20 11 16 11400.10000 4.54300000 324.90000 45.67000 12.34600 48.69500
30 10 20 11 16 11397.10000 4.54300000 324.69000 45.65000 12.34600 48.69500
30 10 20 11 17 11397.20000 4.54300000 324.41000 45.65000 12.18000 48.69500
30 10 20 11 17 11397.20000 4.54300000 324.29000 45.65000 12.18000 48.69500
30 10 20 11 18 11397.20000 4.54300000 324.24000 45.56000 12.18000 48.69500
30 10 20 11 18 11397.20000 4.54300000 324.21000 45.56000 12.18000 48.69500
30 10 20 11 19 11397.20000 4.54300000 324.23000 45.56000 12.18000 48.69500
30 10 20 11 19 11397.20000 4.54300000 324.23000 45.60000 12.18000 48.69500
30 10 20 11 19 11397.20000 4.54300000 324.23000 45.60000 12.18000 48.69500
30 10 20 11 20 11396.80000 4.54300000 324.23000 45.60000 12.18000 48.69500
30 10 20 11 20 11398.00000 4.54300000 324.23000 45.60000 12.18000 48.69500
30 10 20 11 21 11398.10000 4.54300000 324.41000 45.60000 12.18000 48.69500
30 10 20 11 21 11399.30000 4.54300000 324.27000 45.60000 12.18000 48.69500
30 10 20 11 22 11397.30000 4.54300000 324.31000 45.60000 12.18000 48.69500
30 10 20 11 22 11397.30000 4.54300000 324.14000 45.60000 12.18000 48.69500
30 10 20 11 22 11397.30000 4.54300000 324.14000 45.60000 12.18000 48.69500
30 10 20 11 23 11397.30000 4.54300000 324.14000 45.60000 12.18000 48.69500
30 10 20 11 23 11389.90000 4.54300000 324.14000 45.60000 12.18000 48.69500
30 10 20 11 24 11390.00000 4.54300000 324.08000 45.60000 12.18000 48.83900
30 10 20 11 24 11373.70000 4.54300000 324.08000 45.60000 12.18000 48.83900
30 10 20 11 25 11378.00000 4.54300000 324.08000 45.60000 12.18000 48.83900
30 10 20 11 25 11374.30000 4.54300000 324.11000 45.60000 12.18000 48.83900
30 10 20 11 25 11377.10000 4.54300000 324.01000 45.60000 12.18000 48.83900
30 10 20 11 26 11384.00000 4.54300000 324.16000 45.60000 12.43300 48.83900
30 10 20 11 26 11390.00000 4.54300000 324.20000 45.60000 12.43300 48.83900
30 10 20 11 27 11390.00000 4.54300000 324.20000 45.60000 12.43300 48.83900
30 10 20 11 27 11396.40000 4.54300000 324.63000 45.68000 12.43300 48.83900
30 10 20 11 28 11390.40000 4.54300000 324.63000 45.68000 12.12600 48.83900
30 10 20 11 28 11391.20000 4.54300000 324.34000 45.68000 12.07600 48.83900
30 10 20 11 28 11387.80000 4.54300000 324.32000 45.63000 12.39800 48.83900
30 10 20 11 29 11384.80000 4.54300000 324.11000 45.63000 12.39800 48.83900
