M=[
 8 5 20 16 36 9228.90000 6.71000000 198.33000 44.50000 11.82200 41.93900
 8 5 20 16 36 9228.80000 6.71000000 198.33000 44.50000 11.76400 41.93900
 8 5 20 16 37 9229.00000 6.71000000 198.41000 44.54000 11.76400 41.99000
 8 5 20 16 37 9228.90000 6.71000000 198.50000 44.56000 11.76400 41.99000
 8 5 20 16 38 9228.90000 6.71000000 198.03000 44.56000 11.81600 41.99000
 8 5 20 16 38 9228.90000 6.71700000 198.23000 44.54000 11.81600 42.08600
 8 5 20 16 39 9227.10000 6.71700000 198.14000 44.44000 11.70800 42.08600
 8 5 20 16 39 9228.90000 6.69800000 198.30000 44.55000 11.79500 42.18900
 8 5 20 16 40 9228.90000 6.69800000 198.30000 44.55000 11.79500 42.29000
 8 5 20 16 40 9229.00000 6.71000000 198.46000 44.54000 11.79500 42.25800
 8 5 20 16 41 9228.50000 6.71000000 198.54000 44.57000 11.79500 42.44600
 8 5 20 16 41 9229.00000 6.71000000 198.52000 44.60000 11.79500 42.45200
 8 5 20 16 42 9229.00000 6.71000000 198.59000 44.59000 11.79500 42.44600
 8 5 20 16 42 9229.00000 6.71000000 198.38000 44.60000 11.79500 42.45200
 8 5 20 16 43 9229.00000 6.71000000 198.37000 44.60000 11.79500 42.45200
 8 5 20 16 43 9228.60000 6.71000000 198.40000 44.60000 11.79500 42.45200
 8 5 20 16 44 9229.00000 6.69500000 198.40000 44.57000 11.79500 42.45200
 8 5 20 16 45 9228.60000 6.69500000 198.40000 44.58000 11.79500 42.45200
 8 5 20 16 45 9226.00000 6.69500000 198.47000 44.58000 11.79500 42.54700
 8 5 20 16 46 9224.10000 6.71500000 198.40000 44.58000 11.79500 42.45200
 8 5 20 16 46 9224.10000 6.73300000 198.40000 44.61000 11.79500 42.20000
 8 5 20 16 47 9223.10000 6.73300000 198.40000 44.61000 11.79500 42.20000
 8 5 20 16 47 9223.20000 6.73300000 198.43000 44.59000 11.67000 42.20000
 8 5 20 16 48 9213.20000 6.71800000 198.39000 44.59000 11.50100 42.26900
 8 5 20 16 48 9212.00000 6.71800000 197.61000 44.31000 11.50100 42.26900
 8 5 20 16 49 9212.10000 6.65900000 198.17000 44.31000 11.50100 42.24800
 8 5 20 16 49 9212.10000 6.65900000 198.07000 44.40000 11.50100 42.24800
 8 5 20 16 50 9211.70000 6.65900000 198.16000 44.40000 11.61800 42.24800
 8 5 20 16 50 9212.10000 6.65900000 198.08000 44.45000 11.60600 42.24800
 8 5 20 16 51 9212.40000 6.70200000 197.87000 44.37000 11.60600 42.24800
 8 5 20 16 51 9213.10000 6.70200000 198.14000 44.40000 11.59400 42.54700
 8 5 20 16 52 9213.20000 6.70200000 197.99000 44.41000 11.53100 42.24800
 8 5 20 16 52 9215.40000 6.70200000 197.88000 44.41000 11.53100 42.27000
 8 5 20 16 53 9214.80000 6.70200000 197.99000 44.41000 11.59300 42.27000
 8 5 20 16 53 9218.70000 6.70200000 198.10000 44.42000 11.53100 42.27000
 8 5 20 16 54 9216.90000 6.70200000 198.21000 44.42000 11.57300 42.39600
 8 5 20 16 54 9220.90000 6.65900000 198.21000 44.42000 11.57300 42.33900
 8 5 20 16 55 9217.40000 6.70200000 198.21000 44.48000 11.57000 42.39600
 8 5 20 16 55 9218.10000 6.70200000 198.25000 44.48000 11.57000 42.39600
 8 5 20 16 56 9215.30000 6.68200000 198.11000 44.48000 11.57300 42.39600
 8 5 20 16 56 9218.30000 6.68100000 197.96000 44.48000 11.57000 42.39600
 8 5 20 16 57 9217.30000 6.68100000 198.17000 44.48000 11.57000 42.39600
 8 5 20 16 57 9217.30000 6.68100000 198.17000 44.42000 11.57000 42.39600
 8 5 20 16 58 9217.30000 6.68100000 198.22000 44.42000 11.57000 42.39600
 8 5 20 16 58 9220.10000 6.68100000 198.22000 44.42000 11.57000 42.33900
 8 5 20 16 59 9220.10000 6.68100000 198.34000 44.51000 11.57000 42.57100
 8 5 20 16 59 9220.10000 6.68100000 198.42000 44.55000 11.57000 42.57100
 8 5 20 17 00 9220.10000 6.68100000 198.42000 44.55000 11.57000 42.57100
 8 5 20 17 00 9226.40000 6.68100000 198.50000 44.65000 11.57300 42.57100
 8 5 20 17 01 9226.00000 6.68100000 198.68000 44.65000 11.57000 42.57100
 8 5 20 17 01 9226.10000 6.71300000 198.59000 44.65000 11.59600 42.39600
 8 5 20 17 02 9220.20000 6.71300000 198.59000 44.64000 11.59600 42.57100
 8 5 20 17 02 9218.70000 6.71300000 198.44000 44.64000 11.59600 42.57100
 8 5 20 17 03 9217.20000 6.73200000 198.36000 44.64000 11.66300 42.57100
 8 5 20 17 03 9215.10000 6.73200000 198.19000 44.56000 11.64400 42.48500
 8 5 20 17 04 9215.10000 6.71000000 198.31000 44.56000 11.64300 42.48500
 8 5 20 17 04 9211.00000 6.71000000 198.12000 44.56000 11.60900 42.48500
 8 5 20 17 05 9210.60000 6.71000000 197.92000 44.56000 11.60900 42.48500
 8 5 20 17 05 9208.80000 6.71000000 198.01000 44.45000 11.60900 42.48500
 8 5 20 17 06 9203.20000 6.71000000 198.00000 44.46000 11.60900 42.48500
 8 5 20 17 06 9196.00000 6.71000000 197.60000 44.35000 11.63000 42.48500
 8 5 20 17 07 9195.10000 6.71000000 197.64000 44.35000 11.63000 42.48500
 8 5 20 17 07 9196.00000 6.68400000 197.71000 44.35000 11.63000 42.48500
 8 5 20 17 08 9196.50000 6.68400000 197.83000 44.38000 11.63000 42.48500
 8 5 20 17 08 9201.90000 6.68400000 197.97000 44.38000 11.59100 42.48500
 8 5 20 17 09 9199.90000 6.68400000 197.97000 44.38000 11.59100 42.48500
 8 5 20 17 09 9199.10000 6.68400000 197.77000 44.38000 11.59100 42.48500
 8 5 20 17 10 9200.80000 6.68400000 197.80000 44.32000 11.59100 42.48500
 8 5 20 17 10 9196.60000 6.68400000 197.80000 44.32000 11.59100 42.48500
 8 5 20 17 11 9194.20000 6.68400000 197.45000 44.30000 11.59100 42.48500
 8 5 20 17 11 9188.70000 6.68400000 197.49000 44.30000 11.59000 42.48500
 8 5 20 17 12 9185.40000 6.68400000 197.50000 44.30000 11.55900 42.11000
 8 5 20 17 12 9180.00000 6.68400000 197.49000 44.24000 11.54800 42.11000
 8 5 20 17 13 9186.10000 6.68400000 197.50000 44.24000 11.54800 42.11000
 8 5 20 17 13 9181.80000 6.68400000 197.41000 44.24000 11.54800 42.11000
 8 5 20 17 14 9185.40000 6.68400000 197.43000 44.25000 11.62700 42.11000
 8 5 20 17 14 9186.30000 6.68400000 197.49000 44.27000 11.62700 42.11000
 8 5 20 17 15 9189.20000 6.68400000 197.50000 44.27000 11.62700 42.03800
 8 5 20 17 15 9191.80000 6.68400000 197.68000 44.25000 11.59000 42.03800
 8 5 20 17 16 9183.60000 6.68400000 197.69000 44.27000 11.59000 42.03800
 8 5 20 17 17 9193.50000 6.68400000 197.86000 44.27000 11.59000 42.03800
 8 5 20 17 17 9194.00000 6.68400000 197.90000 44.33000 11.59000 42.03800
 8 5 20 17 18 9193.80000 6.68400000 197.68000 44.34000 11.59000 42.03800
 8 5 20 17 18 9193.80000 6.68400000 197.70000 44.34000 11.59000 42.03800
 8 5 20 17 19 9198.50000 6.67400000 197.80000 44.34000 11.59000 42.03800
 8 5 20 17 19 9199.90000 6.67600000 197.72000 44.34000 11.59000 42.03800
 8 5 20 17 20 9199.80000 6.67600000 197.83000 44.34000 11.59000 42.03800
 8 5 20 17 20 9198.70000 6.67600000 197.74000 44.33000 11.59000 42.03800
 8 5 20 17 21 9198.80000 6.67600000 197.74000 44.33000 11.53200 42.03800
 8 5 20 17 21 9198.60000 6.67300000 197.74000 44.32000 11.53200 42.03800
 8 5 20 17 22 9195.00000 6.67300000 197.74000 44.33000 11.53200 42.25000
 8 5 20 17 23 9191.90000 6.67300000 197.64000 44.33000 11.53200 42.25000
 8 5 20 17 23 9190.60000 6.66600000 197.61000 44.31000 11.53200 42.25000
 8 5 20 17 24 9185.00000 6.66600000 197.20000 44.29000 11.53200 42.25000
 8 5 20 17 24 9185.10000 6.66600000 197.41000 44.29000 11.53200 42.25000
 8 5 20 17 25 9184.10000 6.66600000 197.26000 44.28000 11.53200 42.03800
 8 5 20 17 25 9185.60000 6.66600000 197.48000 44.29000 11.53200 42.25000
 8 5 20 17 26 9191.80000 6.66600000 197.37000 44.29000 11.53200 42.25000
 8 5 20 17 26 9194.50000 6.66600000 197.45000 44.29000 11.53200 42.25000
 8 5 20 17 27 9194.60000 6.66600000 197.36000 44.29000 11.53200 42.25000
 8 5 20 17 27 9191.70000 6.66600000 197.11000 44.27000 11.53200 42.25000
 8 5 20 17 28 9196.60000 6.66600000 197.19000 44.27000 11.53200 42.25000
 8 5 20 17 29 9193.10000 6.64300000 197.19000 44.27000 11.53200 42.25000
 8 5 20 17 29 9193.50000 6.65500000 197.15000 44.27000 11.53200 42.25000
 8 5 20 17 30 9199.00000 6.65500000 197.19000 44.27000 11.59800 42.25000
 8 5 20 17 30 9199.90000 6.65500000 197.25000 44.33000 11.59800 42.25000
 8 5 20 17 31 9200.00000 6.65500000 197.47000 44.32000 11.65000 42.25000
 8 5 20 17 31 9196.80000 6.65800000 197.50000 44.32000 11.66600 42.25000
 8 5 20 17 32 9196.90000 6.65800000 197.35000 44.28000 11.79200 42.25000
