M=[
16 10 20 14 44 9694.40000 4.75700000 314.27000 40.22000 11.53200 53.74600
16 10 20 14 44 9694.40000 4.75700000 314.27000 40.26000 11.53200 53.74600
16 10 20 14 45 9692.50000 4.75700000 314.22000 40.26000 11.53200 53.74600
16 10 20 14 45 9692.30000 4.75700000 314.22000 40.23000 11.53200 53.74600
16 10 20 14 45 9691.70000 4.75700000 314.22000 40.26000 11.53200 53.74600
16 10 20 14 46 9693.90000 4.75700000 314.18000 40.26000 11.53200 53.74600
16 10 20 14 46 9696.10000 4.75700000 314.41000 40.26000 11.53200 53.74600
16 10 20 14 47 9695.30000 4.75700000 314.41000 40.28000 11.53200 53.61700
16 10 20 14 47 9695.20000 4.75700000 314.41000 40.28000 11.53200 53.61700
16 10 20 14 48 9695.30000 4.75700000 314.22000 40.28000 11.53200 53.61700
16 10 20 14 48 9695.20000 4.75700000 314.22000 40.25000 11.54400 53.61700
16 10 20 14 48 9695.20000 4.75700000 314.22000 40.25000 11.54400 53.61700
16 10 20 14 49 9693.90000 4.75700000 314.20000 40.25000 11.54400 53.56000
16 10 20 14 49 9686.10000 4.75700000 314.20000 40.25000 11.54400 53.44600
16 10 20 14 50 9679.20000 4.75700000 313.50000 40.18000 11.54100 53.49900
16 10 20 14 50 9675.00000 4.75700000 313.45000 40.18000 11.54100 53.49900
16 10 20 14 50 9677.10000 4.75700000 313.88000 40.20000 11.54100 53.49900
16 10 20 14 51 9679.70000 4.75700000 313.90000 40.20000 11.50000 53.49900
16 10 20 14 51 9679.00000 4.75700000 313.59000 40.23000 11.50000 53.49900
16 10 20 14 52 9679.00000 4.75700000 313.63000 40.23000 11.50000 53.49900
16 10 20 14 52 9679.10000 4.75700000 313.63000 40.23000 11.50000 53.49900
16 10 20 14 53 9679.10000 4.75700000 313.74000 40.23000 11.50000 53.49900
16 10 20 14 53 9679.10000 4.75700000 313.84000 40.23000 11.50000 53.49900
16 10 20 14 53 9679.10000 4.75700000 313.84000 40.23000 11.50000 53.49900
16 10 20 14 54 9679.10000 4.75700000 313.99000 40.22000 11.50000 53.49900
16 10 20 14 54 9679.10000 4.75700000 313.99000 40.22000 11.50000 53.49900
16 10 20 14 55 9679.00000 4.75700000 313.99000 40.22000 11.51900 53.49900
16 10 20 14 55 9679.10000 4.75700000 313.98000 40.22000 11.51900 53.49900
16 10 20 14 56 9679.10000 4.75700000 313.74000 40.22000 11.51900 53.49900
16 10 20 14 56 9679.00000 4.75700000 313.59000 40.22000 11.51900 53.49900
16 10 20 14 56 9681.60000 4.75700000 313.75000 40.22000 11.51900 53.49900
16 10 20 14 57 9685.90000 4.75700000 313.75000 40.25000 11.51900 53.49900
16 10 20 14 57 9680.30000 4.75700000 313.75000 40.25000 11.51900 53.49900
16 10 20 14 58 9679.30000 4.75700000 313.89000 40.25000 11.51900 53.49900
16 10 20 14 58 9679.20000 4.75700000 313.99000 40.25000 11.51900 53.49900
16 10 20 14 59 9676.60000 4.75700000 313.71000 40.25000 11.51900 53.49900
16 10 20 14 59 9678.50000 4.75700000 313.71000 40.21000 11.51900 53.49900
16 10 20 14 59 9680.30000 4.75700000 313.71000 40.21000 11.51900 53.49900
16 10 20 15 00 9675.70000 4.75700000 313.61000 40.21000 11.51900 53.49900
16 10 20 15 00 9675.70000 4.75700000 313.65000 40.21000 11.51900 53.49900
16 10 20 15 01 9675.70000 4.75700000 313.65000 40.21000 11.51900 53.49900
16 10 20 15 01 9675.70000 4.75700000 313.71000 40.21000 11.51900 53.49900
16 10 20 15 02 9675.70000 4.75700000 313.72000 40.21000 11.51900 53.68900
16 10 20 15 02 9675.70000 4.75700000 313.61000 40.22000 11.51900 53.68900
16 10 20 15 02 9675.70000 4.75700000 313.61000 40.22000 11.51900 53.68900
16 10 20 15 03 9683.80000 4.75700000 313.75000 40.22000 11.51900 53.68900
16 10 20 15 03 9685.50000 4.75700000 313.84000 40.22000 11.51900 53.68900
16 10 20 15 04 9687.50000 4.75700000 314.04000 40.22000 11.51800 53.68900
16 10 20 15 04 9684.90000 4.75700000 313.91000 40.22000 11.51800 53.68900
16 10 20 15 05 9683.10000 4.75700000 313.78000 40.22000 11.51800 53.68900
16 10 20 15 05 9675.00000 4.75700000 313.25000 40.20000 11.51800 53.68900
16 10 20 15 05 9674.30000 4.75700000 313.09000 40.17000 11.51800 53.68900
16 10 20 15 06 9675.00000 4.75700000 313.09000 40.19000 11.51800 53.68900
16 10 20 15 06 9674.90000 4.75700000 313.47000 40.19000 11.51800 53.68900
16 10 20 15 07 9675.00000 4.75700000 313.47000 40.19000 11.48200 53.68900
16 10 20 15 07 9677.80000 4.75700000 313.47000 40.19000 11.48200 53.68900
16 10 20 15 08 9674.10000 4.75700000 313.47000 40.17000 11.48200 53.68900
16 10 20 15 08 9676.40000 4.75700000 313.24000 40.19000 11.48200 53.68900
16 10 20 15 08 9676.10000 4.75700000 313.33000 40.19000 11.48200 53.68900
16 10 20 15 09 9677.80000 4.75700000 313.34000 40.18000 11.48200 53.68900
16 10 20 15 09 9677.70000 4.75700000 313.56000 40.18000 11.48200 53.68900
16 10 20 15 10 9678.20000 4.75700000 313.56000 40.18000 11.48200 53.68900
16 10 20 15 10 9677.80000 4.75700000 313.56000 40.18000 11.48200 53.68900
16 10 20 15 11 9676.00000 4.75700000 313.34000 40.18000 11.48200 53.68900
16 10 20 15 11 9674.00000 4.75700000 313.34000 40.18000 11.48200 53.68900
16 10 20 15 11 9677.80000 4.75700000 313.34000 40.18000 11.48200 53.68900
16 10 20 15 12 9678.10000 4.75700000 313.34000 40.18000 11.48200 53.68900
16 10 20 15 12 9678.10000 4.75700000 313.37000 40.21000 11.48200 53.68900
16 10 20 15 13 9678.10000 4.75700000 313.37000 40.27000 11.48200 53.68900
16 10 20 15 13 9678.00000 4.75700000 313.37000 40.27000 11.48200 53.68900
16 10 20 15 14 9678.10000 4.75700000 313.49000 40.27000 11.48200 53.68900
16 10 20 15 14 9681.40000 4.75700000 313.68000 40.27000 11.48200 53.68900
16 10 20 15 14 9685.40000 4.75700000 313.68000 40.27000 11.48200 53.68900
16 10 20 15 15 9688.50000 4.75700000 314.22000 40.27000 11.48200 53.68900
16 10 20 15 15 9688.20000 4.75700000 313.95000 40.29000 11.48200 53.68900
16 10 20 15 16 9685.70000 4.75700000 313.95000 40.29000 11.48200 53.68900
16 10 20 15 16 9684.20000 4.75700000 313.96000 40.29000 11.48200 53.68900
16 10 20 15 17 9675.90000 4.75700000 313.96000 40.29000 11.48200 53.68900
16 10 20 15 17 9671.80000 4.75700000 313.65000 40.29000 11.48200 53.68900
16 10 20 15 17 9670.00000 4.75700000 313.52000 40.29000 11.47100 53.68900
16 10 20 15 18 9673.30000 4.75700000 313.52000 40.20000 11.47100 53.68900
16 10 20 15 18 9673.30000 4.75700000 313.52000 40.20000 11.47100 53.68900
16 10 20 15 19 9672.90000 4.75700000 313.56000 40.20000 11.47100 53.68900
16 10 20 15 19 9672.90000 4.75700000 313.57000 40.20000 11.47100 53.68900
16 10 20 15 20 9677.00000 4.75700000 313.57000 40.20000 11.47100 53.68900
16 10 20 15 20 9672.90000 4.75700000 313.57000 40.20000 11.47100 53.68900
16 10 20 15 20 9672.90000 4.75700000 313.60000 40.20000 11.47100 53.68900
16 10 20 15 21 9674.40000 4.75700000 313.44000 40.19000 11.47100 53.68900
16 10 20 15 21 9674.00000 4.75700000 313.44000 40.19000 11.47100 53.68900
16 10 20 15 22 9675.60000 4.75700000 313.44000 40.19000 11.47100 53.68900
16 10 20 15 22 9678.10000 4.75700000 313.44000 40.21000 11.47100 53.68900
16 10 20 15 23 9678.00000 4.75700000 313.65000 40.21000 11.47100 53.68900
16 10 20 15 23 9678.10000 4.75700000 313.65000 40.19000 11.47100 53.68900
16 10 20 15 23 9673.40000 4.75700000 313.65000 40.19000 11.47100 53.68900
16 10 20 15 24 9672.80000 4.75700000 313.65000 40.19000 11.47100 53.68900
16 10 20 15 24 9670.10000 4.75700000 313.22000 40.18000 11.47100 53.68900
16 10 20 15 25 9666.50000 4.75700000 313.05000 40.18000 11.47100 53.68900
16 10 20 15 25 9662.30000 4.75700000 312.92000 40.18000 11.47100 53.68900
16 10 20 15 26 9650.40000 4.75700000 312.78000 40.16000 11.47100 53.68900
16 10 20 15 26 9654.40000 4.75700000 312.51000 40.16000 11.47100 53.68900
16 10 20 15 26 9659.40000 4.75700000 312.97000 40.16000 11.47100 53.68900
16 10 20 15 27 9660.40000 4.75700000 312.90000 40.16000 11.47100 53.68900
16 10 20 15 27 9660.30000 4.75700000 312.97000 40.13000 11.47100 53.68900
16 10 20 15 28 9665.20000 4.75700000 312.99000 40.13000 11.47100 53.68900
16 10 20 15 28 9666.50000 4.75700000 312.98000 40.13000 11.47100 53.68900
16 10 20 15 29 9666.80000 4.75700000 312.98000 40.13000 11.47100 53.68900
16 10 20 15 29 9666.80000 4.75700000 312.99000 40.13000 11.47100 53.47400
16 10 20 15 29 9672.50000 4.75700000 312.99000 40.13000 11.47100 53.47400
