M=[
18 2 21 19 54 42949.80000 12.36300000 1594.36000 186.24000 32.05100 141.05000
18 2 21 19 55 42950.60000 12.36300000 1594.49000 186.22000 32.05100 141.05000
18 2 21 19 55 42950.60000 12.36300000 1594.44000 186.29000 32.38800 141.05000
18 2 21 19 55 42857.40000 12.36400000 1590.62000 186.08000 32.38800 140.66700
18 2 21 19 56 42832.90000 12.36400000 1590.55000 185.97000 32.65000 141.00000
18 2 21 19 56 42822.20000 12.36300000 1589.13000 185.91000 32.65000 141.00000
18 2 21 19 57 42835.60000 12.36300000 1589.01000 185.90000 32.65000 141.00000
18 2 21 19 57 42847.20000 12.36100000 1589.07000 186.07000 32.65000 141.00000
18 2 21 19 58 42859.40000 12.36100000 1590.62000 186.19000 32.65000 141.00000
18 2 21 19 58 42886.20000 12.32700000 1593.33000 186.37000 32.65000 141.00000
18 2 21 19 58 42877.90000 12.32700000 1591.78000 186.36000 32.38900 140.84100
18 2 21 19 59 42875.40000 12.32700000 1592.46000 186.10000 32.38900 140.68700
18 2 21 19 59 42876.10000 12.32700000 1592.43000 185.89000 32.38900 140.68700
18 2 21 20 00 42835.50000 12.33100000 1591.78000 185.60000 32.38900 140.68700
18 2 21 20 00 42753.00000 12.33100000 1586.99000 185.18000 32.38900 139.77300
18 2 21 20 01 42751.40000 12.26300000 1588.16000 185.32000 32.38900 139.82700
18 2 21 20 01 42746.70000 12.26300000 1588.91000 185.32000 32.38900 139.82700
18 2 21 20 01 42749.60000 12.26300000 1588.96000 185.45000 32.38900 139.82700
18 2 21 20 02 42811.60000 12.26300000 1590.96000 185.79000 32.38900 139.82700
18 2 21 20 02 42818.60000 12.26300000 1590.95000 185.82000 32.38900 139.82700
18 2 21 20 03 42861.90000 12.28700000 1592.20000 186.04000 32.38900 140.51900
18 2 21 20 03 42842.70000 12.28700000 1592.11000 186.25000 32.38900 140.51900
18 2 21 20 04 42861.90000 12.34800000 1592.19000 186.33000 32.38900 140.62600
18 2 21 20 04 42863.70000 12.34800000 1591.96000 186.29000 32.38900 140.52900
18 2 21 20 04 42855.90000 12.34800000 1592.08000 186.29000 32.38900 140.52900
18 2 21 20 05 42859.80000 12.34800000 1592.08000 186.29000 32.38900 140.52900
18 2 21 20 05 42873.50000 12.34800000 1594.08000 186.30000 32.38900 140.52900
18 2 21 20 06 42897.50000 12.34800000 1594.27000 186.41000 32.38900 140.52900
18 2 21 20 06 42883.80000 12.35800000 1594.27000 186.41000 32.38900 140.52900
18 2 21 20 07 42880.10000 12.31400000 1594.27000 186.50000 32.38900 141.00000
18 2 21 20 07 42880.00000 12.35700000 1594.50000 186.36000 32.38900 141.00000
18 2 21 20 07 42914.60000 12.35700000 1595.00000 186.36000 32.38900 141.23200
18 2 21 20 08 42907.90000 12.35800000 1595.32000 186.51000 32.38900 141.23200
18 2 21 20 08 42908.00000 12.35800000 1595.14000 186.37000 32.38900 141.23200
18 2 21 20 09 42924.70000 12.35800000 1595.82000 186.39000 32.38900 141.23200
18 2 21 20 09 42912.60000 12.35800000 1595.82000 186.23000 32.38900 141.23200
18 2 21 20 10 42908.10000 12.27500000 1595.81000 186.05000 32.38900 141.23200
18 2 21 20 10 42901.70000 12.27300000 1595.81000 185.94000 32.38900 141.23200
18 2 21 20 10 42901.60000 12.26100000 1595.81000 186.02000 32.38900 141.23200
18 2 21 20 11 42901.70000 12.26000000 1595.82000 186.03000 32.38900 141.23200
18 2 21 20 11 42901.70000 12.23100000 1596.04000 185.99000 32.38900 141.23200
18 2 21 20 12 42919.90000 12.23100000 1597.37000 186.12000 32.38900 141.05500
18 2 21 20 12 42946.20000 12.24500000 1597.37000 186.11000 32.38900 141.05500
18 2 21 20 13 42949.20000 12.24500000 1598.27000 186.09000 32.38900 141.39900
18 2 21 20 13 42928.50000 12.24500000 1598.60000 186.09000 32.38900 141.39900
18 2 21 20 13 42925.00000 12.21000000 1598.38000 186.03000 32.38900 141.13000
18 2 21 20 14 42929.40000 12.21700000 1598.49000 185.83000 32.38900 141.13000
18 2 21 20 14 42946.30000 12.21700000 1597.80000 185.83000 32.38900 141.13000
18 2 21 20 15 42950.40000 12.21700000 1598.92000 186.12000 32.38900 141.29900
18 2 21 20 15 42976.50000 12.21700000 1598.84000 186.12000 32.38900 141.29900
18 2 21 20 16 42989.00000 12.21700000 1599.00000 186.12000 32.38900 141.29900
18 2 21 20 16 43000.00000 12.21700000 1599.53000 186.37000 32.38900 141.17500
18 2 21 20 16 43025.90000 12.21700000 1599.53000 186.40000 32.38900 141.17500
18 2 21 20 17 42999.10000 12.21700000 1599.32000 186.04000 32.38900 141.17500
18 2 21 20 17 42999.10000 12.21700000 1599.94000 186.08000 32.38900 141.17500
18 2 21 20 18 43028.00000 12.21700000 1598.68000 186.07000 32.57400 141.17500
18 2 21 20 18 43028.10000 12.21700000 1599.74000 186.06000 32.57400 141.17500
18 2 21 20 19 43028.10000 12.26000000 1599.99000 186.16000 32.57400 141.17500
18 2 21 20 19 43028.10000 12.23900000 1600.00000 186.26000 32.57400 141.17500
18 2 21 20 19 43028.10000 12.22200000 1600.00000 186.26000 32.57400 140.62000
18 2 21 20 20 43010.10000 12.24000000 1600.00000 186.03000 32.17100 140.62000
18 2 21 20 20 43002.40000 12.24000000 1600.00000 186.23000 32.17100 140.62000
18 2 21 20 21 43018.60000 12.24000000 1599.99000 186.35000 32.17100 140.62000
18 2 21 20 21 43028.00000 12.24000000 1600.48000 186.35000 32.17100 140.62000
18 2 21 20 22 43028.00000 12.24000000 1601.99000 186.63000 32.16900 140.62000
18 2 21 20 22 43028.00000 12.24000000 1602.00000 186.63000 32.16900 140.62000
18 2 21 20 22 43028.10000 12.24000000 1603.00000 186.63000 32.16900 140.62000
18 2 21 20 23 43028.00000 12.24000000 1603.00000 186.59000 32.16900 140.62000
18 2 21 20 23 43028.10000 12.24000000 1602.74000 186.57000 32.16900 140.62000
18 2 21 20 24 43028.10000 12.24000000 1602.50000 186.53000 32.16900 140.62000
18 2 21 20 24 43028.00000 12.24000000 1602.40000 186.45000 32.16900 140.62000
18 2 21 20 25 43028.10000 12.24300000 1602.41000 186.53000 32.16900 140.62000
18 2 21 20 25 43030.00000 12.24300000 1602.80000 186.48000 32.16900 140.62000
18 2 21 20 25 43047.90000 12.24300000 1603.00000 186.52000 32.10000 140.62000
18 2 21 20 26 43049.90000 12.24300000 1603.50000 186.59000 32.10000 140.70000
18 2 21 20 26 43050.00000 12.24300000 1603.50000 186.68000 32.10000 140.70000
18 2 21 20 27 43050.00000 12.24300000 1602.24000 186.60000 32.10000 140.70000
18 2 21 20 27 43047.90000 12.25200000 1602.67000 186.74000 32.10000 141.07100
18 2 21 20 28 43047.90000 12.25200000 1603.00000 186.74000 32.10000 140.90200
18 2 21 20 28 43049.80000 12.30200000 1603.05000 186.81000 32.10000 141.31100
18 2 21 20 28 43050.00000 12.30800000 1603.87000 187.00000 32.10000 141.31100
18 2 21 20 29 43057.70000 12.30800000 1603.85000 187.00000 32.10000 141.31100
18 2 21 20 29 43057.70000 12.30800000 1604.03000 187.10000 32.10000 141.31100
18 2 21 20 30 43057.70000 12.30800000 1604.88000 187.40000 32.10000 141.31100
18 2 21 20 30 43057.70000 12.30800000 1605.62000 187.43000 32.10000 141.31100
18 2 21 20 31 43057.70000 12.28700000 1606.00000 187.74000 32.10000 141.31100
18 2 21 20 31 43059.90000 12.30000000 1606.56000 188.00000 32.10000 141.26700
18 2 21 20 31 43050.00000 12.30000000 1605.16000 187.68000 32.10000 141.30800
18 2 21 20 32 43056.60000 12.30000000 1606.00000 187.59000 31.93300 141.19000
18 2 21 20 32 43050.90000 12.30000000 1605.81000 187.54000 31.93300 141.19000
18 2 21 20 33 43050.00000 12.30000000 1603.05000 187.68000 31.93300 141.19000
18 2 21 20 33 43036.90000 12.30000000 1602.08000 187.90000 31.93300 141.19000
18 2 21 20 34 43044.90000 12.30000000 1602.08000 187.98000 31.93300 141.44700
18 2 21 20 34 43046.60000 12.27500000 1604.19000 188.00000 31.93300 141.44700
18 2 21 20 34 43045.20000 12.27600000 1604.47000 188.00000 31.93300 141.44700
18 2 21 20 35 43045.20000 12.31000000 1603.89000 187.97000 31.93300 141.44700
18 2 21 20 35 43051.90000 12.31000000 1602.64000 187.89000 31.93300 141.44700
18 2 21 20 36 43058.30000 12.31000000 1603.00000 187.86000 31.93300 141.47800
18 2 21 20 36 43043.10000 12.31000000 1602.41000 187.71000 31.93300 141.47800
18 2 21 20 37 43049.20000 12.31000000 1602.52000 187.83000 31.93300 141.47800
18 2 21 20 37 43049.90000 12.31000000 1603.68000 187.91000 31.93300 141.49900
18 2 21 20 37 43059.90000 12.31100000 1604.33000 187.97000 31.93300 141.49900
