M=[
 9 8 20 06 01 9901.90000 5.89000000 334.29000 48.87000 17.80900 80.23100
 9 8 20 06 02 9907.30000 5.89000000 334.29000 48.87000 17.80900 80.23100
 9 8 20 06 02 9908.30000 5.89000000 334.42000 48.87000 17.80900 80.23100
 9 8 20 06 03 9912.40000 5.89000000 334.42000 48.87000 17.80900 80.23100
 9 8 20 06 03 9914.50000 5.89000000 334.42000 48.87000 17.80900 80.23100
 9 8 20 06 04 9914.50000 5.89000000 334.40000 48.87000 17.80900 80.23100
 9 8 20 06 04 9910.70000 5.89000000 334.27000 49.00000 17.80900 80.23100
 9 8 20 06 05 9910.60000 5.89000000 334.27000 49.00000 17.80900 80.23100
 9 8 20 06 05 9910.90000 5.89000000 334.27000 49.00000 17.80900 80.23100
 9 8 20 06 05 9910.90000 5.89000000 334.34000 49.00000 17.80900 80.23100
 9 8 20 06 06 9911.70000 5.89000000 334.57000 49.00000 17.80900 80.23100
 9 8 20 06 06 9911.00000 5.89000000 334.57000 49.00000 17.80900 80.23100
 9 8 20 06 07 9913.70000 5.89000000 334.55000 49.00000 17.80900 80.23100
 9 8 20 06 07 9912.90000 5.89000000 334.51000 49.00000 17.80900 80.23100
 9 8 20 06 08 9912.80000 5.89000000 334.70000 49.00000 17.80900 80.23100
 9 8 20 06 08 9912.80000 5.89000000 334.85000 49.07000 17.80900 80.23100
 9 8 20 06 09 9912.90000 5.89000000 334.81000 49.07000 17.80900 80.23100
 9 8 20 06 09 9912.30000 5.89000000 334.54000 49.07000 17.80900 80.23100
 9 8 20 06 10 9912.30000 5.89000000 334.29000 49.07000 17.80900 80.23100
 9 8 20 06 10 9912.30000 5.89000000 334.28000 49.07000 17.80900 80.23100
 9 8 20 06 10 9912.70000 5.89000000 334.28000 49.07000 17.80900 80.23100
 9 8 20 06 11 9912.80000 5.89000000 334.28000 49.01000 17.80900 80.23100
 9 8 20 06 11 9912.90000 5.89000000 334.28000 49.01000 17.80900 80.23100
 9 8 20 06 12 9912.80000 5.89000000 334.50000 49.01000 17.80900 80.23100
 9 8 20 06 12 9912.80000 5.89000000 334.40000 49.01000 17.80900 80.23100
 9 8 20 06 13 9910.90000 5.89000000 334.40000 49.01000 17.80900 80.23100
 9 8 20 06 13 9910.90000 5.89000000 334.11000 48.99000 17.80900 80.23100
 9 8 20 06 14 9910.90000 5.89000000 334.09000 48.99000 17.80900 80.23100
 9 8 20 06 14 9911.00000 5.89000000 333.94000 48.99000 17.80900 80.23100
 9 8 20 06 15 9911.00000 5.89000000 333.92000 48.99000 17.80900 80.23100
 9 8 20 06 15 9911.00000 5.89000000 333.80000 48.99000 17.80900 80.23100
 9 8 20 06 16 9911.00000 5.89000000 334.26000 48.99000 17.80900 80.23100
 9 8 20 06 16 9916.50000 5.89000000 334.26000 48.99000 17.80900 80.23100
 9 8 20 06 17 9919.40000 5.89000000 334.27000 48.99000 17.80900 80.23100
 9 8 20 06 17 9920.10000 5.89000000 334.67000 48.99000 17.80900 80.23100
 9 8 20 06 18 9920.60000 5.89000000 334.67000 48.99000 17.80900 80.23100
 9 8 20 06 18 9920.60000 5.89000000 334.67000 48.99000 17.80900 80.23100
 9 8 20 06 18 9920.60000 5.86900000 334.81000 48.99000 17.80900 80.23100
 9 8 20 06 19 9920.40000 5.86900000 334.66000 48.99000 17.80900 80.23100
 9 8 20 06 19 9920.40000 5.86900000 334.66000 49.01000 17.80900 80.23100
 9 8 20 06 20 9914.10000 5.86900000 334.44000 49.01000 17.80900 80.23100
 9 8 20 06 20 9911.10000 5.86900000 334.49000 49.01000 17.80900 80.23100
 9 8 20 06 21 9911.10000 5.87000000 334.49000 49.01000 17.80900 80.23100
 9 8 20 06 21 9914.80000 5.87000000 334.60000 49.01000 17.80900 80.23100
 9 8 20 06 22 9917.60000 5.87000000 334.60000 49.05000 17.80900 80.23100
 9 8 20 06 22 9915.50000 5.87000000 334.60000 49.05000 17.80900 80.23100
 9 8 20 06 23 9916.00000 5.87000000 334.60000 49.05000 17.80900 80.23100
 9 8 20 06 23 9916.40000 5.87000000 334.60000 49.05000 17.80900 80.23100
 9 8 20 06 23 9917.10000 5.87000000 334.60000 49.05000 17.80900 80.23100
 9 8 20 06 24 9916.20000 5.87000000 334.82000 49.05000 17.80900 80.23100
 9 8 20 06 24 9916.10000 5.87000000 334.73000 49.05000 17.80900 80.23100
 9 8 20 06 25 9916.20000 5.87000000 334.67000 49.05000 17.80900 80.23100
 9 8 20 06 25 9916.10000 5.87000000 334.58000 49.05000 17.80900 80.23100
 9 8 20 06 26 9916.10000 5.87000000 334.58000 49.05000 17.80900 80.23100
 9 8 20 06 26 9913.90000 5.87000000 334.36000 49.05000 17.80900 80.23100
 9 8 20 06 27 9913.90000 5.87000000 334.63000 49.05000 17.80900 80.23100
 9 8 20 06 27 9916.00000 5.88500000 334.89000 49.05000 17.80900 80.23100
 9 8 20 06 28 9916.00000 5.88500000 334.89000 49.05000 17.80900 80.23100
 9 8 20 06 29 9916.00000 5.88500000 334.89000 49.05000 17.80900 80.23100
 9 8 20 06 29 9917.40000 5.88500000 334.89000 49.05000 17.80900 80.23100
 9 8 20 06 30 9917.40000 5.88500000 334.89000 49.05000 17.80900 80.23100
 9 8 20 06 30 9917.50000 5.88500000 334.90000 49.07000 17.80900 80.23100
 9 8 20 06 30 9917.40000 5.88500000 334.78000 49.07000 17.80900 80.23100
 9 8 20 06 31 9917.50000 5.88500000 334.54000 49.07000 17.80900 80.23100
 9 8 20 06 31 9917.50000 5.88500000 334.62000 49.07000 17.80900 80.23100
 9 8 20 06 32 9917.40000 5.88500000 334.62000 49.07000 17.80900 80.23100
 9 8 20 06 32 9917.40000 5.88500000 334.64000 49.07000 17.80900 80.23100
 9 8 20 06 33 9917.40000 5.88500000 334.71000 49.07000 17.80900 80.23100
 9 8 20 06 33 9922.00000 5.88500000 334.90000 49.07000 17.80900 80.23100
 9 8 20 06 34 9922.80000 5.88500000 335.06000 49.05000 17.80900 80.23100
 9 8 20 06 34 9923.30000 5.88500000 335.10000 49.05000 17.80900 80.23100
 9 8 20 06 35 9923.30000 5.88500000 335.10000 49.05000 17.80900 80.69000
 9 8 20 06 35 9928.50000 5.88500000 335.15000 49.05000 17.80900 80.69000
 9 8 20 06 36 9928.40000 5.88500000 335.15000 49.05000 17.80900 80.69000
 9 8 20 06 36 9929.20000 5.88500000 335.15000 49.05000 17.80900 80.69000
 9 8 20 06 37 9932.30000 5.88500000 335.15000 49.05000 17.80900 80.69000
 9 8 20 06 37 9932.60000 5.88500000 334.95000 49.05000 17.80900 80.69000
 9 8 20 06 38 9932.20000 5.88500000 334.84000 49.05000 17.80900 80.69000
 9 8 20 06 38 9932.10000 5.88500000 334.96000 49.05000 17.80900 80.69000
 9 8 20 06 38 9932.20000 5.88500000 334.94000 49.05000 17.80900 80.69000
 9 8 20 06 39 9928.70000 5.88500000 334.96000 49.05000 17.80900 80.69000
 9 8 20 06 39 9928.50000 5.88500000 334.96000 49.05000 17.80900 80.69000
 9 8 20 06 40 9922.40000 5.88500000 334.95000 49.05000 17.80900 80.69000
 9 8 20 06 40 9922.30000 5.88500000 334.95000 49.05000 17.80900 80.52600
 9 8 20 06 41 9921.20000 5.88500000 334.95000 49.05000 17.80900 80.52600
 9 8 20 06 41 9926.10000 5.89600000 334.95000 49.05000 17.80900 80.52600
 9 8 20 06 42 9926.70000 5.89600000 334.94000 49.05000 17.80900 80.52600
 9 8 20 06 42 9923.50000 5.89600000 334.94000 49.05000 17.89100 80.43000
 9 8 20 06 43 9923.80000 5.89600000 334.74000 49.05000 17.89100 80.43000
 9 8 20 06 43 9923.80000 5.89600000 334.73000 49.05000 17.89100 80.57800
 9 8 20 06 43 9923.80000 5.88900000 334.73000 49.05000 17.89100 80.57800
 9 8 20 06 44 9923.80000 5.88900000 334.69000 49.05000 17.89100 80.57800
 9 8 20 06 44 9922.70000 5.88900000 334.68000 49.05000 17.89100 80.57800
 9 8 20 06 45 9921.10000 5.88900000 334.68000 49.05000 17.89100 80.57800
 9 8 20 06 45 9921.10000 5.88900000 334.68000 49.05000 17.89100 80.57800
 9 8 20 06 46 9921.00000 5.88900000 334.68000 49.05000 17.89100 80.57800
 9 8 20 06 46 9920.90000 5.88900000 334.68000 49.05000 17.89100 80.57800
 9 8 20 06 47 9918.20000 5.88900000 334.68000 49.05000 17.89100 80.57800
 9 8 20 06 47 9918.10000 5.88900000 334.68000 49.01000 17.89100 80.57800
 9 8 20 06 48 9913.90000 5.88900000 334.22000 49.00000 17.89100 80.57800
 9 8 20 06 48 9913.90000 5.88900000 334.13000 49.00000 17.89100 80.57800
 9 8 20 06 49 9913.90000 5.88900000 334.13000 49.00000 17.89100 80.57800
 9 8 20 06 49 9912.40000 5.88900000 334.21000 49.00000 17.91000 80.57800
 9 8 20 06 49 9912.30000 5.88900000 334.25000 49.00000 17.91000 80.37000
 9 8 20 06 50 9911.90000 5.88900000 334.28000 49.00000 17.91000 80.37000
 9 8 20 06 50 9912.00000 5.88900000 334.28000 49.00000 17.91000 80.37000
 9 8 20 06 51 9910.80000 5.88900000 334.32000 49.00000 17.91000 80.32800
 9 8 20 06 51 9911.80000 5.88900000 334.63000 49.00000 17.91000 80.32800
 9 8 20 06 52 9912.20000 5.88900000 334.45000 49.00000 17.91000 80.32800
