M=[
21 4 21 18 21 46127.60000 27.64700000 2011.51000 222.55000 35.36100 205.70700
21 4 21 18 22 46127.60000 27.57000000 2011.51000 222.30000 36.19800 205.70700
21 4 21 18 22 46127.60000 27.57000000 2011.43000 222.56000 36.19800 205.70700
21 4 21 18 23 46127.60000 27.58000000 2010.10000 222.55000 36.19800 205.70700
21 4 21 18 23 46127.60000 27.58000000 2009.06000 222.40000 35.90000 205.70700
21 4 21 18 23 46127.60000 27.58000000 2009.40000 222.32000 35.90000 205.70700
21 4 21 18 24 46096.80000 27.58000000 2008.91000 222.34000 35.90200 205.70700
21 4 21 18 24 46116.10000 27.58000000 2009.29000 222.34000 35.90200 205.70700
21 4 21 18 25 46093.80000 27.58000000 2009.29000 222.37000 35.90200 205.70700
21 4 21 18 25 46113.80000 27.58000000 2009.78000 222.38000 35.90200 205.70700
21 4 21 18 26 46118.50000 27.58000000 2010.49000 222.79000 35.90200 205.70700
21 4 21 18 26 46127.60000 27.58000000 2011.89000 223.02000 35.90200 205.17300
21 4 21 18 26 46127.60000 27.58000000 2011.66000 223.02000 35.90200 205.17300
21 4 21 18 27 46127.60000 27.58000000 2012.99000 223.01000 35.90200 205.21000
21 4 21 18 27 46127.60000 27.58000000 2012.99000 222.97000 35.90200 205.21000
21 4 21 18 28 46127.60000 27.66000000 2012.50000 222.97000 35.90200 205.21000
21 4 21 18 28 46127.50000 27.66000000 2012.40000 223.14000 35.92100 205.21000
21 4 21 18 29 46127.60000 27.66000000 2012.40000 223.14000 35.92100 205.21000
21 4 21 18 29 46127.60000 27.66000000 2012.38000 222.93000 35.92100 205.21000
21 4 21 18 29 46127.60000 27.60100000 2012.39000 223.08000 35.92100 205.21000
21 4 21 18 30 46156.10000 27.56800000 2016.25000 223.16000 35.92100 205.21000
21 4 21 18 30 46195.40000 27.56800000 2016.48000 223.22000 35.92100 205.21000
21 4 21 18 31 46190.70000 27.56800000 2014.75000 223.22000 35.92100 205.21000
21 4 21 18 31 46190.60000 27.56800000 2012.57000 223.22000 35.92100 205.67600
21 4 21 18 32 46160.00000 27.56800000 2013.14000 222.97000 35.92100 205.67600
21 4 21 18 32 46133.80000 27.52000000 2011.46000 222.88000 35.92100 205.67600
21 4 21 18 32 46135.20000 27.52000000 2009.05000 222.64000 35.92100 205.67600
21 4 21 18 33 46127.70000 27.52000000 2008.04000 222.32000 35.92100 205.67600
21 4 21 18 33 46119.70000 27.48300000 2005.60000 222.32000 35.94200 205.67600
21 4 21 18 34 46102.10000 27.48300000 2004.00000 222.32000 35.94200 205.67600
21 4 21 18 34 46135.00000 27.48300000 2007.02000 222.32000 35.94200 205.67600
21 4 21 18 35 46114.00000 27.48300000 2004.39000 222.18000 35.94200 205.67600
21 4 21 18 35 46112.40000 27.48300000 2004.23000 222.41000 35.94200 205.67600
21 4 21 18 35 46075.70000 27.48300000 2002.29000 221.81000 35.94200 205.67600
21 4 21 18 36 46060.60000 27.48700000 2001.46000 222.06000 35.94200 204.52100
21 4 21 18 36 46075.70000 27.48700000 2003.59000 221.92000 35.94200 204.52100
21 4 21 18 37 46123.10000 27.48700000 2003.52000 222.54000 35.94200 204.52100
21 4 21 18 37 46121.40000 27.58800000 2005.00000 222.54000 35.94200 205.00000
21 4 21 18 38 46089.00000 27.58800000 2003.58000 222.54000 35.94200 205.00000
21 4 21 18 38 46058.80000 27.58800000 2001.49000 221.99000 35.94200 205.00000
21 4 21 18 38 46041.20000 27.58800000 2000.05000 221.99000 35.94200 205.00000
21 4 21 18 39 46040.10000 27.58800000 1998.99000 221.94000 35.94200 205.00000
21 4 21 18 39 46046.90000 27.58800000 1999.00000 221.61000 35.94200 204.31000
21 4 21 18 40 46051.80000 27.58800000 2001.88000 221.65000 35.94200 204.31000
21 4 21 18 40 46051.80000 27.58800000 2001.47000 221.78000 36.09100 204.31000
21 4 21 18 41 46051.80000 27.52600000 2001.99000 221.67000 36.09100 204.31000
21 4 21 18 41 46051.80000 27.53900000 2001.81000 221.61000 36.09100 204.31000
21 4 21 18 41 46051.80000 27.53900000 2001.99000 221.66000 36.09100 204.31000
21 4 21 18 42 46051.80000 27.53900000 2001.99000 221.66000 36.09100 204.31000
21 4 21 18 42 46051.80000 27.53900000 2004.02000 221.60000 36.09100 204.31000
21 4 21 18 43 46051.80000 27.53900000 2004.34000 221.69000 36.09100 204.31000
21 4 21 18 43 46051.80000 27.53900000 2004.34000 221.90000 36.09100 204.31000
21 4 21 18 44 46051.80000 27.53900000 2003.05000 221.56000 36.43300 204.31000
21 4 21 18 44 46051.80000 27.52400000 2003.13000 221.59000 36.43300 204.78400
21 4 21 18 44 46051.70000 27.52400000 2002.76000 221.62000 36.43300 204.78400
21 4 21 18 45 46033.20000 27.52400000 2001.58000 221.59000 35.79800 204.78400
21 4 21 18 45 46030.90000 27.52400000 2001.59000 221.59000 36.14500 204.78400
21 4 21 18 46 46038.00000 27.52400000 2004.13000 221.59000 36.14500 204.78400
21 4 21 18 46 46038.00000 27.52400000 2004.97000 221.68000 36.14500 204.78400
21 4 21 18 47 46037.90000 27.51200000 2004.99000 221.98000 36.14500 204.78400
21 4 21 18 47 46051.70000 27.51200000 2005.80000 221.98000 36.14500 204.78400
21 4 21 18 47 46052.00000 27.51200000 2003.91000 221.93000 36.14500 204.78400
21 4 21 18 48 46046.30000 27.51200000 1998.86000 221.93000 35.86100 204.78400
21 4 21 18 48 46025.10000 27.51200000 1997.22000 221.24000 35.86100 204.47900
21 4 21 18 49 46017.10000 27.51200000 1997.00000 221.33000 35.86100 204.47900
21 4 21 18 49 46014.60000 27.51200000 1997.38000 221.32000 35.86100 204.29900
21 4 21 18 50 46024.90000 27.51200000 1999.90000 221.32000 35.86100 204.29900
21 4 21 18 50 46024.70000 27.51200000 1999.80000 221.51000 35.79700 204.29900
21 4 21 18 50 46024.90000 27.51200000 2001.14000 221.81000 35.79700 204.29900
21 4 21 18 51 46052.00000 27.51200000 2001.55000 221.81000 35.79700 205.00000
21 4 21 18 51 46051.90000 27.51200000 2002.08000 222.37000 35.79700 205.00000
21 4 21 18 52 46052.00000 27.51200000 2002.54000 222.67000 35.79700 205.00000
21 4 21 18 52 46052.00000 27.54200000 2003.32000 223.56000 35.79700 205.00000
21 4 21 18 53 46052.00000 27.54200000 2003.67000 223.58000 35.79700 205.00000
21 4 21 18 53 46052.00000 27.48900000 2002.28000 223.58000 35.79700 205.00000
21 4 21 18 53 46084.40000 27.48900000 2003.31000 223.05000 35.79700 205.00000
21 4 21 18 54 46114.40000 27.48900000 2003.68000 223.11000 35.79700 205.00000
21 4 21 18 54 46120.70000 27.48900000 2003.68000 222.97000 35.79700 205.00000
21 4 21 18 55 46105.20000 27.48900000 2003.89000 222.51000 35.79700 205.00000
21 4 21 18 55 46113.30000 27.48900000 2004.86000 222.52000 35.79700 204.97400
21 4 21 18 56 46113.20000 27.48900000 2005.28000 222.65000 35.54400 204.97400
21 4 21 18 56 46100.00000 27.48900000 2004.33000 222.65000 35.54400 204.97400
21 4 21 18 56 46108.10000 27.48900000 2005.91000 222.64000 35.54400 204.97400
21 4 21 18 57 46094.30000 27.48900000 2005.37000 222.67000 35.54400 205.22700
21 4 21 18 57 46103.10000 27.48900000 2005.32000 222.67000 35.54400 205.22700
21 4 21 18 58 46083.10000 27.48900000 2004.26000 222.40000 35.54400 205.22700
21 4 21 18 58 46077.40000 27.48900000 2005.35000 222.40000 35.54400 205.22700
21 4 21 18 59 46043.50000 27.40500000 2003.19000 222.20000 35.54400 204.59000
21 4 21 18 59 46043.80000 27.40500000 2003.86000 222.20000 35.54400 204.59000
21 4 21 18 59 46050.20000 27.40500000 2003.12000 222.33000 35.54400 204.59000
21 4 21 19 00 46050.30000 27.43100000 2005.78000 222.59000 35.54400 205.48000
21 4 21 19 00 46050.30000 27.53800000 2003.93000 222.59000 35.54400 205.48000
21 4 21 19 01 46050.20000 27.53800000 2004.92000 223.15000 35.50700 205.48000
21 4 21 19 01 46050.30000 27.53800000 2005.17000 223.03000 35.50700 205.48000
21 4 21 19 02 46050.30000 27.53800000 2006.38000 223.03000 35.50700 206.28300
21 4 21 19 02 46095.30000 27.53800000 2009.06000 223.31000 35.50700 206.41000
21 4 21 19 02 46085.20000 27.53800000 2008.20000 223.33000 35.50700 206.41000
21 4 21 19 03 46068.50000 27.53800000 2007.41000 223.33000 35.50700 206.41000
21 4 21 19 03 46055.70000 27.53800000 2006.63000 223.33000 35.60000 206.10000
21 4 21 19 04 46076.40000 27.53800000 2008.63000 223.33000 35.60000 206.10000
21 4 21 19 04 46076.40000 27.51600000 2011.03000 223.33000 35.48000 206.10000
21 4 21 19 05 46070.00000 27.51600000 2009.13000 223.85000 35.48000 206.10000
