M=[
 3 1 21 13 04 27248.20000 5.01200000 664.37000 121.23000 13.13000 46.10200
 3 1 21 13 04 27249.90000 5.01200000 664.37000 121.42000 13.13000 46.10200
 3 1 21 13 05 27250.00000 5.01200000 664.37000 121.23000 13.13000 46.10200
 3 1 21 13 05 27260.00000 5.01200000 664.64000 121.30000 13.13000 46.10200
 3 1 21 13 05 27260.00000 5.01200000 664.64000 121.45000 13.13000 46.10200
 3 1 21 13 06 27253.90000 5.01200000 664.82000 121.50000 13.13000 46.10200
 3 1 21 13 06 27238.80000 5.01200000 664.32000 121.63000 13.13000 46.13800
 3 1 21 13 07 27260.00000 5.01200000 664.98000 121.63000 13.13000 46.13800
 3 1 21 13 07 27260.00000 5.01200000 664.92000 121.63000 13.13000 46.13800
 3 1 21 13 08 27259.40000 5.01200000 664.92000 121.55000 13.13000 46.13800
 3 1 21 13 08 27260.00000 5.01200000 664.92000 121.59000 13.13000 46.12000
 3 1 21 13 08 27260.00000 5.01200000 664.97000 121.82000 13.13000 46.12000
 3 1 21 13 09 27260.00000 5.01200000 664.99000 122.00000 13.13000 46.11300
 3 1 21 13 09 27260.00000 5.01200000 664.99000 121.82000 13.13000 46.11300
 3 1 21 13 10 27260.00000 5.01200000 664.99000 121.82000 13.13000 46.11300
 3 1 21 13 10 27235.20000 5.01700000 665.00000 121.83000 13.13000 46.11300
 3 1 21 13 11 27235.10000 5.01700000 664.93000 121.81000 13.13000 46.11300
 3 1 21 13 11 27249.20000 5.01700000 664.51000 121.67000 13.13000 46.11300
 3 1 21 13 11 27252.30000 5.01700000 664.51000 121.55000 13.13000 46.11300
 3 1 21 13 12 27259.60000 5.01700000 664.88000 121.65000 13.13000 46.11300
 3 1 21 13 12 27259.90000 5.02500000 664.95000 121.83000 13.13000 46.11300
 3 1 21 13 13 27259.90000 5.02500000 664.90000 121.53000 13.13000 46.11300
 3 1 21 13 13 27260.00000 5.02500000 664.99000 121.57000 13.08000 46.11300
 3 1 21 13 14 27270.00000 5.02500000 665.12000 121.70000 13.08000 46.11300
 3 1 21 13 14 27299.00000 5.02500000 665.47000 121.66000 13.08000 46.11300
 3 1 21 13 14 27298.90000 5.01700000 665.83000 121.39000 13.08000 46.11300
 3 1 21 13 15 27288.30000 5.01700000 666.00000 121.50000 13.08000 46.11300
 3 1 21 13 15 27293.90000 5.00600000 665.93000 121.50000 13.08000 46.11300
 3 1 21 13 16 27261.10000 5.00600000 665.57000 121.27000 13.04100 46.11300
 3 1 21 13 16 27261.10000 5.00100000 665.74000 121.25000 13.04100 46.11300
 3 1 21 13 17 27259.70000 5.00100000 665.69000 121.20000 13.04100 46.11300
 3 1 21 13 17 27259.70000 5.00100000 665.70000 121.15000 13.04100 46.11300
 3 1 21 13 17 27244.00000 5.00100000 665.72000 121.11000 13.04100 46.11300
 3 1 21 13 18 27241.30000 5.00100000 665.74000 121.21000 13.04100 46.11300
 3 1 21 13 18 27253.00000 5.00100000 665.92000 121.17000 13.04100 46.11300
 3 1 21 13 19 27259.60000 4.95800000 665.99000 121.17000 13.04100 46.11300
 3 1 21 13 19 27240.10000 4.95800000 666.00000 121.20000 13.04100 46.11300
 3 1 21 13 20 27250.80000 4.95800000 665.99000 121.02000 13.04100 46.11300
 3 1 21 13 20 27239.00000 4.95800000 666.00000 121.15000 13.09900 46.11300
 3 1 21 13 20 27268.00000 4.95800000 666.55000 121.41000 13.09900 46.11300
 3 1 21 13 21 27289.10000 4.95800000 669.00000 121.65000 13.09900 46.11300
 3 1 21 13 21 27269.50000 4.95800000 669.99000 122.00000 13.09900 46.11300
 3 1 21 13 22 27242.60000 4.95800000 670.00000 122.00000 13.06000 46.11300
 3 1 21 13 22 27221.40000 4.95800000 670.17000 122.00000 13.06000 46.11300
 3 1 21 13 23 27204.50000 4.95800000 670.11000 122.29000 13.06000 46.11300
 3 1 21 13 23 27180.90000 4.95800000 670.60000 122.31000 13.06000 46.11300
 3 1 21 13 23 27185.80000 4.95800000 670.72000 122.12000 13.06000 46.11300
 3 1 21 13 24 27167.00000 4.95800000 671.00000 122.36000 13.06000 46.11300
 3 1 21 13 24 27166.90000 4.95800000 670.70000 122.25000 13.06000 46.11300
 3 1 21 13 25 27180.40000 4.95800000 671.36000 122.14000 13.06000 46.11300
 3 1 21 13 25 27179.60000 4.95800000 671.41000 122.39000 13.06000 46.11300
 3 1 21 13 26 27178.60000 4.95800000 672.00000 122.49000 13.06000 46.11300
 3 1 21 13 26 27180.10000 4.95800000 673.00000 122.80000 13.06000 46.13000
 3 1 21 13 26 27175.00000 4.95800000 672.97000 123.22000 13.05000 46.13000
 3 1 21 13 27 27176.90000 4.96600000 673.00000 123.28000 13.05000 46.23700
 3 1 21 13 27 27199.80000 5.01000000 674.00000 123.40000 13.04000 46.23700
 3 1 21 13 28 27188.50000 5.01400000 674.68000 123.35000 13.04000 46.23700
 3 1 21 13 28 27192.20000 5.02600000 674.75000 123.50000 13.04000 46.23700
 3 1 21 13 29 27170.60000 5.02600000 674.90000 123.66000 13.04000 46.23700
 3 1 21 13 29 27150.00000 5.02600000 675.00000 123.80000 13.04000 46.23700
 3 1 21 13 29 27150.00000 5.02600000 675.00000 123.53000 13.03000 46.23700
 3 1 21 13 30 27127.10000 5.02600000 674.99000 123.33000 13.03000 46.23700
 3 1 21 13 30 27098.00000 5.04900000 674.00000 122.48000 13.02000 46.23700
 3 1 21 13 31 27066.10000 5.04900000 674.96000 122.59000 13.06000 46.23700
 3 1 21 13 31 27005.50000 5.04900000 674.31000 121.89000 13.10000 46.23700
 3 1 21 13 32 27000.10000 5.04900000 673.19000 121.25000 13.10000 46.09700
 3 1 21 13 32 27028.90000 5.04900000 673.82000 122.25000 13.10000 46.09700
 3 1 21 13 32 27037.20000 5.04900000 673.33000 121.74000 13.10000 46.09700
 3 1 21 13 33 27044.40000 5.04900000 674.00000 121.55000 13.10000 46.09700
 3 1 21 13 33 27026.70000 5.04900000 673.92000 121.74000 13.10000 46.09700
 3 1 21 13 34 27029.50000 5.04900000 673.97000 121.59000 13.03000 46.09700
 3 1 21 13 34 27043.80000 5.04900000 674.93000 121.71000 13.03000 46.09700
 3 1 21 13 35 27030.20000 5.04900000 675.99000 121.87000 13.03000 46.09700
 3 1 21 13 35 27030.10000 4.99200000 678.58000 122.49000 13.03000 46.09700
 3 1 21 13 35 27031.30000 4.99200000 679.78000 122.49000 13.03000 46.09700
 3 1 21 13 36 27017.10000 4.99200000 680.79000 122.16000 13.03000 45.94100
 3 1 21 13 36 27019.30000 4.99200000 680.22000 122.01000 13.03000 45.97100
 3 1 21 13 37 27022.20000 4.99200000 682.74000 121.87000 13.03000 45.97100
 3 1 21 13 37 27015.00000 4.99200000 686.95000 122.38000 13.03000 45.97100
 3 1 21 13 38 27015.00000 4.99200000 686.62000 122.42000 13.03000 45.97100
 3 1 21 13 38 26976.30000 4.99200000 687.50000 122.69000 13.03000 45.97100
 3 1 21 13 38 26984.70000 4.99200000 691.78000 122.94000 13.03000 46.04000
 3 1 21 13 39 26980.00000 4.99200000 690.55000 123.42000 13.07000 46.04000
 3 1 21 13 39 26980.00000 5.03700000 691.70000 123.01000 13.07000 46.04000
 3 1 21 13 40 26954.30000 5.03700000 692.88000 123.06000 13.07000 46.04000
 3 1 21 13 40 26920.00000 5.03700000 691.40000 122.38000 13.07000 46.04000
 3 1 21 13 41 26906.60000 5.03700000 688.38000 121.86000 13.07000 46.04000
 3 1 21 13 41 26900.00000 5.03700000 692.53000 121.82000 13.07000 46.04000
 3 1 21 13 41 26919.70000 5.03700000 691.45000 122.50000 13.07000 46.04000
 3 1 21 13 42 26957.40000 5.02900000 692.00000 122.45000 13.07000 46.04000
 3 1 21 13 42 27059.40000 5.02900000 694.21000 122.92000 13.07000 46.04000
 3 1 21 13 43 27068.40000 5.07200000 694.99000 123.00000 13.04000 46.04000
 3 1 21 13 43 27029.90000 5.07200000 696.60000 123.06000 13.04000 46.04000
 3 1 21 13 44 27029.80000 5.07200000 696.84000 122.79000 13.04000 46.04000
 3 1 21 13 44 27003.70000 5.06000000 697.14000 122.76000 13.04000 46.04000
 3 1 21 13 44 27002.10000 5.06000000 696.41000 122.56000 13.00000 46.04000
 3 1 21 13 45 27004.90000 5.07200000 695.00000 122.19000 13.00000 46.04000
 3 1 21 13 45 27020.10000 5.07200000 695.82000 122.28000 13.00000 46.04000
 3 1 21 13 46 27021.40000 5.07200000 697.20000 122.46000 13.00000 46.04000
 3 1 21 13 46 27006.50000 5.07200000 698.00000 122.68000 13.00000 46.04000
 3 1 21 13 47 27006.40000 5.07200000 699.00000 122.72000 13.00000 46.04000
 3 1 21 13 47 27005.00000 5.07200000 699.95000 122.55000 13.00000 46.04000
 3 1 21 13 47 27000.00000 5.07200000 698.02000 122.49000 13.00000 46.04000
 3 1 21 13 48 26965.10000 5.07200000 698.95000 122.31000 13.00000 46.05500
 3 1 21 13 48 26889.10000 5.06700000 696.53000 122.14000 13.00000 46.15900
 3 1 21 13 49 26888.80000 5.09000000 695.47000 121.87000 13.02000 46.15900
