M=[
22 7 21 19 35 27449.90000 36.81600000 1720.31000 102.73000 16.44600 82.10000
22 7 21 19 36 27446.50000 36.81600000 1720.71000 102.73000 16.44600 82.10000
22 7 21 19 36 27453.00000 36.81600000 1720.71000 102.73000 16.44600 82.10000
22 7 21 19 37 27460.70000 36.81600000 1720.50000 102.74000 16.44600 82.10000
22 7 21 19 37 27457.70000 36.81600000 1720.51000 102.74000 16.44600 82.10000
22 7 21 19 38 27453.20000 36.81600000 1720.50000 102.74000 16.44600 82.10000
22 7 21 19 38 27457.80000 36.81600000 1720.55000 102.73000 16.44600 82.10000
22 7 21 19 38 27456.30000 36.81600000 1720.65000 102.72000 16.44600 82.10000
22 7 21 19 39 27494.90000 36.97000000 1722.59000 102.72000 16.44600 82.10000
22 7 21 19 39 27481.20000 36.97000000 1722.55000 102.74000 16.44600 82.10000
22 7 21 19 40 27482.10000 36.97000000 1722.84000 102.74000 16.44600 82.27000
22 7 21 19 40 27481.40000 36.97000000 1722.83000 102.74000 16.44600 82.27000
22 7 21 19 41 27481.30000 36.97000000 1722.83000 102.74000 16.44600 82.21800
22 7 21 19 41 27481.40000 36.97000000 1722.83000 102.74000 16.44600 82.21800
22 7 21 19 41 27481.40000 36.97000000 1724.85000 102.73000 16.44600 82.27000
22 7 21 19 42 27494.20000 36.97000000 1723.81000 102.73000 16.44600 82.27000
22 7 21 19 42 27482.00000 36.97000000 1723.60000 102.66000 16.44600 82.27000
22 7 21 19 43 27487.50000 36.97000000 1723.44000 102.66000 16.44600 82.27000
22 7 21 19 43 27487.50000 36.97000000 1723.25000 102.64000 16.44600 82.27000
22 7 21 19 44 27485.10000 36.97000000 1723.20000 102.64000 16.44600 82.27000
22 7 21 19 44 27472.00000 36.97000000 1723.20000 102.64000 16.44600 82.27000
22 7 21 19 44 27474.80000 36.97000000 1723.20000 102.56000 16.44600 82.27000
22 7 21 19 45 27475.80000 36.97000000 1720.64000 102.53000 16.44600 82.27000
22 7 21 19 45 27456.70000 36.97000000 1720.64000 102.53000 16.44600 82.27000
22 7 21 19 46 27452.10000 36.97000000 1720.65000 102.44000 16.44600 82.27000
22 7 21 19 46 27457.60000 36.97000000 1720.65000 102.44000 16.44600 82.27000
22 7 21 19 47 27455.00000 36.97000000 1720.65000 102.44000 16.39000 82.27000
22 7 21 19 47 27455.10000 36.97000000 1720.65000 102.40000 16.39000 82.27000
22 7 21 19 47 27462.40000 36.97000000 1720.64000 102.40000 16.39000 82.27000
22 7 21 19 48 27462.40000 36.97000000 1720.64000 102.40000 16.39000 82.27000
22 7 21 19 48 27455.10000 36.97000000 1720.50000 102.40000 16.39000 82.27000
22 7 21 19 49 27455.10000 36.97000000 1718.74000 102.30000 16.39000 82.27000
22 7 21 19 49 27455.10000 36.97000000 1718.57000 102.30000 16.39000 82.06100
22 7 21 19 50 27456.90000 36.97000000 1719.26000 102.30000 16.39000 82.06100
22 7 21 19 50 27455.10000 36.97000000 1718.91000 102.30000 16.39000 82.06100
22 7 21 19 50 27459.90000 36.97000000 1718.91000 102.30000 16.39000 82.06100
22 7 21 19 51 27463.30000 36.97000000 1720.09000 102.30000 16.39000 82.06100
22 7 21 19 51 27469.30000 36.97000000 1720.09000 102.30000 16.39000 82.06100
22 7 21 19 52 27460.60000 36.88300000 1720.09000 102.28000 16.39000 82.06700
22 7 21 19 52 27460.80000 36.94000000 1720.34000 102.28000 16.39000 82.06700
22 7 21 19 53 27464.00000 36.94000000 1721.01000 102.28000 16.39000 82.06700
22 7 21 19 53 27469.70000 36.94000000 1721.62000 102.28000 16.39000 82.09700
22 7 21 19 54 27464.60000 36.94000000 1721.46000 102.28000 16.39000 82.09700
22 7 21 19 54 27485.20000 36.94000000 1721.46000 102.30000 16.39000 82.09700
22 7 21 19 54 27485.20000 36.94000000 1723.03000 102.30000 16.39000 82.09700
22 7 21 19 55 27506.90000 36.94000000 1723.02000 102.30000 16.39000 82.09700
22 7 21 19 55 27506.90000 36.94000000 1723.03000 102.30000 16.39000 82.09700
22 7 21 19 56 27499.20000 36.94000000 1722.39000 102.30000 16.39000 82.09700
22 7 21 19 56 27514.00000 36.94000000 1722.50000 102.30000 16.39000 82.09700
22 7 21 19 57 27518.90000 36.94000000 1722.50000 102.30000 16.39000 82.09700
22 7 21 19 57 27518.40000 36.94000000 1722.92000 102.29000 16.39000 82.09700
22 7 21 19 57 27518.20000 36.97900000 1722.97000 102.29000 16.39000 82.09700
22 7 21 19 58 27519.90000 36.97900000 1723.01000 102.29000 16.39000 82.09700
22 7 21 19 58 27519.90000 36.97900000 1723.03000 102.30000 16.39000 82.09700
22 7 21 19 59 27515.40000 36.97900000 1722.65000 102.30000 16.39000 82.09700
22 7 21 19 59 27519.00000 36.97900000 1722.88000 102.30000 16.39000 82.09700
22 7 21 20 00 27512.20000 36.97900000 1723.02000 102.41000 16.39000 82.09700
22 7 21 20 00 27512.70000 36.97900000 1723.35000 102.41000 16.39000 82.09700
22 7 21 20 00 27512.70000 36.97900000 1722.97000 102.41000 16.39000 82.09700
22 7 21 20 01 27512.70000 36.97900000 1724.06000 102.41000 16.39000 82.09700
22 7 21 20 01 27505.80000 36.97900000 1723.01000 102.41000 16.39000 82.09700
22 7 21 20 02 27500.10000 36.97900000 1722.51000 102.40000 16.39000 82.09700
22 7 21 20 02 27500.10000 36.97900000 1722.51000 102.40000 16.39000 82.09700
22 7 21 20 03 27500.00000 36.97900000 1722.87000 102.36000 16.39000 82.09700
22 7 21 20 03 27483.70000 36.97900000 1722.87000 102.36000 16.39000 82.09700
22 7 21 20 03 27483.00000 36.97900000 1722.87000 102.36000 16.39000 82.09700
22 7 21 20 04 27482.80000 36.97900000 1722.86000 102.36000 16.39000 82.09700
22 7 21 20 04 27474.60000 36.97900000 1724.00000 102.36000 16.39000 82.09700
22 7 21 20 05 27476.60000 36.97900000 1724.11000 102.36000 16.39000 82.09700
22 7 21 20 05 27474.60000 36.97900000 1723.75000 102.36000 16.39000 82.09700
22 7 21 20 06 27476.20000 36.89600000 1723.75000 102.36000 16.39000 82.09700
22 7 21 20 06 27459.00000 36.89600000 1722.52000 102.36000 16.39000 82.09700
22 7 21 20 06 27464.30000 36.89600000 1722.51000 102.36000 16.39000 82.09700
22 7 21 20 07 27460.20000 36.89600000 1722.51000 102.36000 16.39000 82.09700
22 7 21 20 07 27469.10000 36.89600000 1722.51000 102.36000 16.39000 82.09700
22 7 21 20 08 27472.90000 36.89600000 1722.51000 102.36000 16.39000 82.09700
22 7 21 20 08 27472.90000 36.93000000 1718.81000 102.36000 16.39000 82.09700
22 7 21 20 09 27470.10000 36.93000000 1721.24000 102.36000 16.39000 82.09700
22 7 21 20 09 27470.10000 36.93000000 1721.24000 102.36000 16.39000 82.09700
22 7 21 20 09 27470.10000 36.93000000 1721.24000 102.36000 16.39000 82.09700
22 7 21 20 10 27470.00000 36.93000000 1720.62000 102.36000 16.39000 82.09700
22 7 21 20 10 27470.10000 36.93000000 1720.62000 102.36000 16.39000 82.09700
22 7 21 20 11 27470.00000 36.93000000 1720.40000 102.36000 16.39000 82.09700
22 7 21 20 11 27470.00000 36.93000000 1720.61000 102.36000 16.39000 82.09700
22 7 21 20 12 27470.10000 36.93000000 1720.61000 102.36000 16.39000 82.08300
22 7 21 20 12 27470.00000 36.93000000 1719.53000 102.36000 16.39000 82.08300
22 7 21 20 12 27470.00000 36.93000000 1719.53000 102.36000 16.39000 82.08300
22 7 21 20 13 27435.00000 36.93000000 1719.53000 102.11000 16.39000 82.08300
22 7 21 20 13 27435.00000 36.93000000 1719.53000 102.11000 16.39000 82.08300
22 7 21 20 14 27441.60000 36.93000000 1719.53000 102.11000 16.39000 82.08300
22 7 21 20 14 27439.20000 36.93000000 1718.48000 102.11000 16.39000 82.08300
22 7 21 20 15 27440.20000 36.93000000 1718.22000 102.11000 16.39000 82.08300
22 7 21 20 15 27442.20000 36.93000000 1718.68000 102.11000 16.39000 82.08300
22 7 21 20 16 27455.40000 36.93000000 1720.13000 102.11000 16.39000 82.08300
22 7 21 20 16 27455.20000 36.93000000 1720.52000 102.16000 16.39000 81.94400
22 7 21 20 16 27455.20000 36.93000000 1719.39000 102.16000 16.39000 81.94400
22 7 21 20 17 27455.30000 36.93000000 1719.76000 102.16000 16.39000 81.94400
22 7 21 20 17 27455.70000 36.93000000 1719.93000 102.22000 16.39000 81.94400
22 7 21 20 18 27455.70000 36.84900000 1720.01000 102.19000 16.39000 82.14500
22 7 21 20 18 27455.70000 36.84900000 1720.61000 102.19000 16.39000 82.14500
22 7 21 20 19 27476.00000 36.84900000 1720.61000 102.19000 16.39000 82.14500
22 7 21 20 19 27477.40000 36.84900000 1720.62000 102.19000 16.39000 82.14500
22 7 21 20 19 27466.90000 36.84900000 1721.55000 102.31000 16.39000 82.14500
