M=[
11 8 20 05 33 10095.30000 5.98800000 337.07000 49.67000 18.02000 74.97000
11 8 20 05 34 10098.80000 5.98800000 337.16000 49.67000 18.02000 74.97000
11 8 20 05 34 10098.10000 5.98800000 337.09000 49.65000 18.02000 74.97000
11 8 20 05 35 10098.10000 5.98800000 337.09000 49.65000 18.02000 74.97000
11 8 20 05 35 10097.60000 5.98800000 336.99000 49.65000 18.02000 74.97000
11 8 20 05 36 10097.70000 5.98800000 336.95000 49.65000 18.02000 74.97000
11 8 20 05 36 10098.10000 5.98800000 336.94000 49.65000 18.02000 74.97000
11 8 20 05 37 10098.70000 5.98800000 336.95000 49.65000 18.02000 75.10500
11 8 20 05 37 10097.90000 5.98800000 336.94000 49.70000 17.99400 75.10500
11 8 20 05 38 10096.20000 5.98800000 336.95000 49.68000 17.99400 75.10500
11 8 20 05 38 10095.60000 5.98800000 336.88000 49.68000 17.99400 75.10500
11 8 20 05 39 10092.10000 5.98800000 336.71000 49.68000 17.99400 75.10500
11 8 20 05 39 10092.00000 5.98800000 336.71000 49.66000 17.98500 75.10500
11 8 20 05 39 10091.90000 5.98800000 336.82000 49.66000 17.98500 75.10500
11 8 20 05 40 10092.00000 5.98800000 336.71000 49.66000 17.98500 75.10500
11 8 20 05 40 10092.00000 5.98800000 336.68000 49.66000 17.98500 75.10500
11 8 20 05 41 10092.00000 5.98800000 336.68000 49.66000 17.98500 75.10500
11 8 20 05 41 10092.00000 5.98800000 336.67000 49.66000 17.98500 75.10500
11 8 20 05 42 10091.90000 5.98800000 336.68000 49.66000 17.98500 75.10500
11 8 20 05 42 10092.00000 5.98800000 336.68000 49.65000 17.98500 75.10500
11 8 20 05 43 10092.00000 5.98800000 337.03000 49.65000 17.98500 75.10500
11 8 20 05 43 10098.90000 5.98800000 337.04000 49.65000 17.98500 75.10500
11 8 20 05 44 10098.90000 5.98800000 337.15000 49.71000 18.01800 75.10500
11 8 20 05 44 10098.80000 5.98800000 337.12000 49.71000 18.01800 75.10500
11 8 20 05 44 10099.80000 5.98800000 337.12000 49.71000 18.01800 75.11900
11 8 20 05 45 10099.70000 5.98800000 337.16000 49.71000 18.01800 75.11900
11 8 20 05 45 10099.80000 5.98800000 337.24000 49.71000 18.01900 75.11900
11 8 20 05 46 10099.80000 5.98800000 337.16000 49.71000 18.01900 75.11900
11 8 20 05 46 10099.80000 5.98800000 337.16000 49.71000 18.01900 75.11900
11 8 20 05 47 10099.80000 5.98800000 337.07000 49.71000 18.01900 75.11900
11 8 20 05 47 10099.80000 5.98800000 337.07000 49.71000 18.01900 75.11900
11 8 20 05 48 10099.80000 5.98800000 336.91000 49.71000 18.01900 75.11900
11 8 20 05 48 10099.00000 5.98800000 336.91000 49.71000 18.01900 75.11900
11 8 20 05 49 10096.80000 5.98800000 336.91000 49.71000 18.01900 75.11900
11 8 20 05 49 10094.90000 5.98800000 336.71000 49.71000 18.01900 75.11900
11 8 20 05 50 10092.00000 5.98800000 336.53000 49.71000 18.01900 75.11900
11 8 20 05 50 10091.20000 5.98800000 336.53000 49.67000 18.01900 75.11900
11 8 20 05 50 10091.20000 5.99600000 336.53000 49.70000 18.01900 75.11900
11 8 20 05 51 10091.20000 5.99600000 336.67000 49.70000 18.01900 75.11900
11 8 20 05 51 10091.10000 5.99600000 336.60000 49.70000 18.01900 75.11900
11 8 20 05 52 10091.20000 5.99600000 336.62000 49.70000 18.01900 74.92300
11 8 20 05 52 10091.20000 5.99600000 336.65000 49.70000 18.01900 74.92300
11 8 20 05 53 10091.20000 5.99600000 336.65000 49.70000 17.99600 74.92300
11 8 20 05 53 10093.70000 5.99600000 336.65000 49.70000 17.99600 74.92300
11 8 20 05 54 10092.40000 5.99600000 336.65000 49.70000 17.99600 74.92300
11 8 20 05 54 10092.40000 5.99600000 336.61000 49.70000 17.99600 74.92300
11 8 20 05 55 10092.30000 5.99600000 336.62000 49.70000 17.99600 74.92300
11 8 20 05 55 10092.30000 5.99600000 336.62000 49.70000 17.99600 74.92300
11 8 20 05 56 10096.50000 5.99600000 336.62000 49.70000 17.99600 74.92300
11 8 20 05 56 10096.50000 5.99600000 336.65000 49.70000 17.99600 74.92300
11 8 20 05 56 10097.10000 5.99600000 336.65000 49.70000 17.99600 74.92300
11 8 20 05 57 10099.50000 5.99600000 336.65000 49.70000 17.99600 74.92300
11 8 20 05 57 10099.50000 5.99600000 337.04000 49.70000 17.99600 74.92300
11 8 20 05 58 10099.60000 5.99600000 337.01000 49.70000 17.99600 74.92300
11 8 20 05 58 10099.60000 5.99600000 337.01000 49.70000 17.99600 74.92300
11 8 20 05 59 10099.50000 5.99600000 337.00000 49.70000 17.99600 74.92300
11 8 20 05 59 10099.60000 5.99600000 337.01000 49.70000 17.99600 74.92300
11 8 20 06 00 10099.50000 5.99600000 337.02000 49.71000 17.99600 74.92300
11 8 20 06 00 10099.50000 5.99400000 337.00000 49.70000 17.99600 74.92300
11 8 20 06 01 10099.50000 5.99400000 337.00000 49.70000 17.99600 74.92300
11 8 20 06 01 10099.50000 5.99400000 336.64000 49.70000 17.99600 74.92300
11 8 20 06 02 10099.60000 5.99400000 336.64000 49.65000 17.99600 74.92300
11 8 20 06 02 10099.60000 5.99400000 336.64000 49.65000 17.99600 74.92300
11 8 20 06 02 10099.60000 5.99400000 336.65000 49.65000 17.99600 74.92300
11 8 20 06 03 10099.60000 5.97500000 336.65000 49.65000 17.99600 74.92300
11 8 20 06 03 10099.60000 5.97500000 336.65000 49.64000 17.99600 74.92300
11 8 20 06 04 10099.60000 5.97500000 336.65000 49.59000 17.99600 74.92300
11 8 20 06 04 10099.60000 5.97500000 336.60000 49.59000 17.99600 74.92300
11 8 20 06 05 10099.60000 5.97500000 336.55000 49.59000 17.99600 74.92300
11 8 20 06 05 10099.50000 5.97500000 336.55000 49.60000 17.99600 74.92300
11 8 20 06 06 10099.50000 5.97500000 336.52000 49.59000 17.99600 74.92300
11 8 20 06 06 10099.60000 5.97500000 336.52000 49.59000 17.99600 74.92300
11 8 20 06 07 10099.60000 5.97500000 336.53000 49.59000 17.99600 74.92300
11 8 20 06 07 10099.60000 5.97500000 336.53000 49.64000 17.99600 74.92300
11 8 20 06 08 10099.80000 5.97500000 336.54000 49.64000 17.99600 74.92300
11 8 20 06 08 10099.70000 5.97500000 336.54000 49.61000 17.99600 74.92300
11 8 20 06 08 10099.80000 5.97500000 336.55000 49.59000 17.99600 74.92300
11 8 20 06 09 10099.70000 5.97000000 336.54000 49.59000 17.99600 74.92300
11 8 20 06 09 10099.80000 5.97000000 336.53000 49.59000 17.99600 74.92300
11 8 20 06 10 10099.90000 5.97000000 336.57000 49.59000 17.99600 74.92300
11 8 20 06 10 10100.00000 5.97000000 336.57000 49.59000 17.99600 74.92300
11 8 20 06 11 10099.80000 5.97000000 336.55000 49.59000 17.99600 74.70000
11 8 20 06 11 10099.70000 5.97000000 336.55000 49.59000 17.99400 74.57700
11 8 20 06 12 10099.70000 5.96100000 336.55000 49.59000 17.99400 74.57700
11 8 20 06 12 10099.50000 5.96100000 336.54000 49.59000 17.99400 74.57700
11 8 20 06 13 10099.50000 5.96100000 336.55000 49.49000 17.99400 74.43000
11 8 20 06 13 10099.60000 5.96100000 336.55000 49.49000 18.01500 74.43000
11 8 20 06 14 10099.60000 5.96100000 336.55000 49.49000 18.01500 74.43000
11 8 20 06 14 10099.60000 5.96100000 336.54000 49.49000 18.01500 74.43000
11 8 20 06 14 10099.50000 5.96100000 336.55000 49.49000 18.01500 74.59200
11 8 20 06 15 10098.00000 5.96100000 336.54000 49.49000 18.01500 74.59200
11 8 20 06 15 10099.00000 5.96100000 336.52000 49.49000 18.01500 74.59200
11 8 20 06 16 10098.90000 5.96100000 336.53000 49.57000 18.01500 74.59200
11 8 20 06 16 10097.60000 5.96100000 336.46000 49.57000 18.01500 74.59200
11 8 20 06 17 10097.30000 5.96000000 336.48000 49.58000 18.01500 74.59200
11 8 20 06 17 10096.40000 5.96000000 336.48000 49.61000 18.01500 74.59200
11 8 20 06 18 10095.40000 5.96000000 336.40000 49.61000 18.01600 74.59200
11 8 20 06 18 10095.20000 5.96000000 336.41000 49.60000 18.01600 74.59200
11 8 20 06 19 10092.40000 5.96000000 336.26000 49.62000 18.01600 74.59200
11 8 20 06 19 10092.10000 5.96000000 336.15000 49.62000 18.01600 74.59200
11 8 20 06 19 10096.50000 5.96000000 336.10000 49.62000 18.01600 74.59200
11 8 20 06 20 10096.60000 5.96000000 336.09000 49.62000 18.01600 74.59200
11 8 20 06 20 10094.20000 5.96000000 336.09000 49.62000 18.01600 74.59200
11 8 20 06 21 10094.20000 5.94100000 336.09000 49.62000 18.01600 74.59200
11 8 20 06 21 10090.70000 5.94100000 336.02000 49.62000 18.01600 74.59200
11 8 20 06 22 10083.50000 5.95300000 336.01000 49.62000 18.01600 74.59200
11 8 20 06 22 10087.00000 5.95300000 336.02000 49.62000 18.01600 74.59200
11 8 20 06 23 10081.90000 5.93600000 336.00000 49.62000 18.01600 74.59200
