M=[
 9 5 21 07 51 47973.00000 99.83400000 3269.85000 286.60000 37.23600 248.67200
 9 5 21 07 51 47972.90000 100.03600000 3268.11000 286.60000 37.23600 248.67200
 9 5 21 07 52 47957.70000 99.63900000 3266.59000 286.33000 37.23600 248.67200
 9 5 21 07 52 47957.60000 99.63900000 3261.08000 285.82000 37.24000 248.67200
 9 5 21 07 53 47947.40000 99.65900000 3263.38000 285.54000 37.24000 248.67200
 9 5 21 07 53 47905.90000 99.47900000 3260.48000 285.54000 37.24000 248.40100
 9 5 21 07 54 47893.50000 99.47900000 3260.78000 285.48000 37.22500 248.40100
 9 5 21 07 54 47920.40000 99.64200000 3258.75000 285.47000 37.22500 248.37100
 9 5 21 07 54 47936.90000 99.74900000 3259.44000 285.47000 37.22500 248.37100
 9 5 21 07 55 47918.00000 99.50300000 3255.81000 285.05000 37.22500 248.24900
 9 5 21 07 55 47884.30000 99.62400000 3252.73000 284.64000 37.22500 247.73500
 9 5 21 07 56 47881.90000 99.62400000 3253.18000 284.83000 37.22500 247.73500
 9 5 21 07 56 47886.00000 99.62400000 3258.77000 284.82000 37.22700 247.73500
 9 5 21 07 57 47886.00000 99.71600000 3258.76000 284.53000 37.22700 247.73500
 9 5 21 07 57 47917.40000 99.70500000 3259.82000 284.62000 37.22700 247.73500
 9 5 21 07 57 47923.90000 99.71600000 3261.85000 284.52000 37.22700 247.39400
 9 5 21 07 58 47936.40000 99.96500000 3262.83000 285.35000 37.22700 247.39400
 9 5 21 07 58 47936.50000 100.12700000 3262.01000 284.92000 37.22700 248.25100
 9 5 21 07 59 47940.60000 100.12500000 3259.76000 284.71000 37.22700 247.84400
 9 5 21 07 59 47940.70000 100.12500000 3259.72000 284.76000 37.22700 247.93800
 9 5 21 08 00 47912.70000 99.76000000 3255.59000 284.38000 37.22700 247.67400
 9 5 21 08 00 47914.90000 99.93600000 3257.22000 284.69000 37.22700 247.35000
 9 5 21 08 00 47914.90000 99.93600000 3258.90000 284.69000 37.22700 247.35000
 9 5 21 08 01 47914.90000 99.78400000 3258.90000 285.30000 37.22700 247.40500
 9 5 21 08 01 47914.90000 99.74200000 3260.30000 285.02000 37.22700 247.47100
 9 5 21 08 02 47914.90000 99.87000000 3259.68000 284.72000 37.22700 247.36500
 9 5 21 08 02 47914.90000 99.87000000 3260.91000 285.09000 37.10200 247.36500
 9 5 21 08 03 47914.80000 99.77100000 3258.01000 285.37000 37.10200 247.34800
 9 5 21 08 03 47890.80000 99.67600000 3256.00000 284.93000 37.10200 247.34900
 9 5 21 08 03 47896.40000 99.79200000 3258.00000 284.99000 37.10200 247.34900
 9 5 21 08 04 47896.40000 99.65400000 3258.00000 284.92000 37.10200 247.01500
 9 5 21 08 04 47888.70000 99.43500000 3256.56000 284.92000 37.10200 247.35100
 9 5 21 08 05 47869.00000 99.35100000 3256.31000 284.58000 37.10200 247.35100
 9 5 21 08 05 47850.10000 99.35100000 3254.06000 284.59000 37.20700 247.05600
 9 5 21 08 06 47850.10000 99.25000000 3252.41000 284.26000 37.20700 246.18600
 9 5 21 08 06 47833.10000 99.21200000 3250.01000 284.26000 37.20700 246.18600
 9 5 21 08 06 47832.90000 99.70100000 3247.84000 284.26000 37.20700 246.18600
 9 5 21 08 07 47896.80000 99.86500000 3256.46000 284.39000 37.20700 247.29200
 9 5 21 08 07 47900.00000 99.73200000 3258.60000 285.01000 37.20700 247.29200
 9 5 21 08 08 47939.60000 100.01700000 3260.25000 285.01000 37.20700 247.60500
 9 5 21 08 08 47929.90000 100.00700000 3261.24000 285.11000 37.20700 247.60500
 9 5 21 08 09 47882.10000 99.61800000 3259.41000 284.94000 37.20700 247.60500
 9 5 21 08 09 47886.70000 99.61900000 3260.66000 284.85000 37.20700 247.60500
 9 5 21 08 09 47876.20000 99.43400000 3260.65000 284.83000 37.20700 247.53200
 9 5 21 08 10 47865.90000 99.58100000 3262.92000 284.96000 37.20700 247.53200
 9 5 21 08 10 47899.90000 99.69200000 3266.90000 285.59000 37.20700 247.53200
 9 5 21 08 11 47893.50000 99.69200000 3264.42000 285.59000 37.20700 247.53200
 9 5 21 08 11 47879.10000 99.64000000 3263.95000 285.19000 37.20700 247.85900
 9 5 21 08 12 47870.80000 99.64000000 3264.09000 285.34000 37.20700 247.85900
 9 5 21 08 12 47877.30000 99.64000000 3264.09000 285.34000 37.20700 247.85900
 9 5 21 08 12 47861.80000 99.64000000 3261.72000 285.18000 37.20700 247.85900
 9 5 21 08 13 47824.60000 99.61300000 3262.15000 285.00000 37.20700 247.85900
 9 5 21 08 13 47824.70000 99.42000000 3260.61000 284.83000 37.20700 247.85900
 9 5 21 08 14 47823.10000 99.42000000 3261.17000 284.51000 37.20700 247.85900
 9 5 21 08 14 47861.20000 99.91800000 3264.15000 284.77000 37.20700 248.20900
 9 5 21 08 15 47855.30000 99.75600000 3264.96000 285.22000 37.20700 248.20900
 9 5 21 08 15 47856.80000 99.57600000 3262.65000 285.39000 37.12200 248.20900
 9 5 21 08 15 47861.70000 99.61400000 3262.78000 285.18000 37.12200 247.81000
 9 5 21 08 16 47847.90000 99.57800000 3261.31000 285.11000 37.12200 247.81000
 9 5 21 08 16 47829.90000 99.41900000 3260.01000 285.15000 37.12200 247.81000
 9 5 21 08 17 47829.90000 99.41900000 3259.76000 284.99000 37.25900 247.81000
 9 5 21 08 17 47810.10000 99.01600000 3259.21000 284.77000 37.25900 247.81000
 9 5 21 08 18 47810.20000 99.17000000 3259.49000 284.95000 37.31400 247.59400
 9 5 21 08 18 47802.90000 99.17000000 3261.54000 284.95000 37.35700 247.59300
 9 5 21 08 18 47803.00000 99.17000000 3262.34000 284.95000 37.35700 247.59300
 9 5 21 08 19 47861.60000 99.71600000 3267.64000 285.68000 37.35700 247.68400
 9 5 21 08 19 47899.90000 99.71600000 3270.99000 286.07000 37.35700 247.68400
 9 5 21 08 20 47901.40000 99.51300000 3269.08000 286.07000 37.41400 247.68400
 9 5 21 08 20 47899.90000 99.54700000 3265.85000 285.96000 37.41400 247.68400
 9 5 21 08 21 47824.50000 99.50800000 3264.92000 286.05000 37.41400 247.68400
 9 5 21 08 21 47877.20000 99.50800000 3269.32000 286.99000 37.41400 247.68400
 9 5 21 08 21 47871.30000 99.50800000 3268.38000 286.99000 37.41400 249.08200
 9 5 21 08 22 47881.70000 99.62100000 3268.85000 287.29000 37.41400 249.08200
 9 5 21 08 22 47898.40000 99.62000000 3269.58000 287.21000 37.41400 249.08200
 9 5 21 08 23 47918.40000 99.82200000 3269.88000 287.21000 37.41400 249.74500
 9 5 21 08 23 47921.10000 99.67500000 3268.95000 286.87000 37.41400 250.36600
 9 5 21 08 24 47922.20000 99.76900000 3268.35000 287.24000 37.41400 250.36600
 9 5 21 08 24 47935.90000 100.00000000 3267.50000 287.16000 37.41400 250.36600
 9 5 21 08 24 47935.90000 100.00000000 3267.97000 287.30000 37.41400 250.58200
 9 5 21 08 25 47938.10000 99.67000000 3268.99000 287.41000 37.41400 250.58800
 9 5 21 08 25 47940.60000 100.20000000 3268.01000 287.41000 37.41400 250.58800
 9 5 21 08 26 47940.60000 100.19800000 3268.02000 287.42000 37.41400 250.81900
 9 5 21 08 26 47974.40000 100.19800000 3268.06000 287.42000 37.41400 250.81900
 9 5 21 08 27 47967.50000 100.19400000 3268.01000 287.29000 37.41400 250.45500
 9 5 21 08 27 47979.70000 100.00000000 3267.52000 287.20000 37.41400 250.45500
 9 5 21 08 27 47980.50000 99.97400000 3264.64000 286.82000 37.41400 250.88300
 9 5 21 08 28 48000.00000 99.67100000 3265.07000 287.14000 37.41400 251.28100
 9 5 21 08 28 48000.00000 99.67100000 3266.01000 287.14000 37.41400 251.28100
 9 5 21 08 29 48010.40000 100.00500000 3265.80000 286.98000 37.41400 250.94000
 9 5 21 08 29 48011.00000 99.85000000 3264.87000 287.48000 37.41400 250.94000
 9 5 21 08 30 48008.40000 99.88600000 3267.79000 287.39000 37.41400 250.94000
 9 5 21 08 30 48037.90000 100.13500000 3272.31000 287.74000 37.41400 251.18600
 9 5 21 08 30 48043.00000 100.20000000 3275.00000 288.40000 37.41400 251.18600
 9 5 21 08 31 48025.10000 100.04700000 3272.94000 288.17000 37.41400 251.18600
 9 5 21 08 31 48025.20000 100.18200000 3275.06000 288.30000 37.41400 251.18600
 9 5 21 08 32 48027.10000 100.10800000 3273.71000 288.47000 37.41400 250.71200
 9 5 21 08 32 48019.60000 100.19100000 3274.21000 288.44000 37.41400 250.71200
 9 5 21 08 33 48027.40000 100.00900000 3272.36000 288.44000 37.41400 250.71200
 9 5 21 08 33 48045.20000 100.09500000 3272.59000 288.47000 37.41400 250.92400
 9 5 21 08 33 48045.30000 100.09500000 3271.09000 288.64000 37.41400 250.78400
 9 5 21 08 34 48042.80000 100.00000000 3270.20000 288.55000 37.41400 250.71200
 9 5 21 08 34 48050.80000 99.86000000 3269.55000 288.50000 37.41400 250.71200
