M=[
20 3 21 14 43 49821.10000 10.58200000 1552.00000 171.31000 27.34000 130.64700
20 3 21 14 43 49845.40000 10.58200000 1552.56000 171.25000 27.34000 130.64700
20 3 21 14 44 49825.00000 10.58200000 1552.45000 171.36000 27.34000 130.64700
20 3 21 14 44 49848.50000 10.58200000 1552.69000 171.34000 27.34000 130.64700
20 3 21 14 44 49835.40000 10.58200000 1553.51000 171.34000 27.34000 130.64700
20 3 21 14 45 49848.30000 10.58200000 1553.60000 171.39000 27.34000 130.64700
20 3 21 14 45 49858.50000 10.59000000 1553.28000 171.39000 27.34000 130.78000
20 3 21 14 46 49851.40000 10.59000000 1553.19000 171.37000 27.34000 130.78000
20 3 21 14 46 49836.10000 10.59000000 1555.34000 171.37000 27.34000 130.78000
20 3 21 14 47 49819.90000 10.59000000 1554.09000 171.37000 27.34000 130.78000
20 3 21 14 47 49839.90000 10.59000000 1556.32000 171.44000 27.34000 130.78000
20 3 21 14 47 49851.10000 10.59000000 1556.21000 171.44000 27.30200 130.78000
20 3 21 14 48 49849.30000 10.59000000 1555.21000 171.49000 27.30200 130.78000
20 3 21 14 48 49850.00000 10.59000000 1554.52000 171.50000 27.30200 130.78000
20 3 21 14 49 49836.30000 10.59000000 1554.13000 171.47000 27.30200 130.78000
20 3 21 14 49 49836.30000 10.59000000 1554.45000 171.42000 27.30200 130.78000
20 3 21 14 50 49813.00000 10.59000000 1554.41000 171.42000 27.30500 130.78000
20 3 21 14 50 49826.40000 10.59000000 1554.26000 171.49000 27.30500 130.78000
20 3 21 14 50 49838.70000 10.59000000 1553.89000 171.49000 27.30500 130.78000
20 3 21 14 51 49820.70000 10.59000000 1554.02000 171.41000 27.30500 130.78000
20 3 21 14 51 49843.90000 10.59000000 1554.45000 171.41000 27.30500 130.78000
20 3 21 14 52 49846.50000 10.59900000 1554.92000 171.41000 27.30500 130.78000
20 3 21 14 52 49838.50000 10.59900000 1555.02000 171.41000 27.30500 130.78000
20 3 21 14 53 49845.50000 10.59900000 1555.03000 171.41000 27.30500 130.78000
20 3 21 14 53 49850.60000 10.59900000 1555.03000 171.41000 27.30500 130.78000
20 3 21 14 53 49833.10000 10.59900000 1554.48000 171.32000 27.30500 130.78000
20 3 21 14 54 49830.00000 10.59900000 1554.39000 171.33000 27.30500 130.52700
20 3 21 14 54 49836.80000 10.59900000 1555.03000 171.33000 27.42500 130.52700
20 3 21 14 55 49820.10000 10.59900000 1554.66000 171.33000 27.42500 130.52700
20 3 21 14 55 49800.10000 10.59900000 1552.84000 171.33000 27.53700 130.52700
20 3 21 14 56 49762.00000 10.59900000 1553.15000 171.09000 27.31000 130.52700
20 3 21 14 56 49738.60000 10.59900000 1553.04000 171.07000 27.31000 130.52700
20 3 21 14 56 49767.20000 10.59900000 1553.19000 171.00000 27.31000 130.52700
20 3 21 14 57 49792.30000 10.59900000 1553.42000 170.99000 27.31000 130.52700
20 3 21 14 57 49796.20000 10.59900000 1554.29000 171.00000 27.31000 130.52700
20 3 21 14 58 49799.90000 10.59900000 1554.38000 171.00000 27.31000 130.52700
20 3 21 14 58 49799.90000 10.59900000 1554.49000 171.18000 27.31000 130.52700
20 3 21 14 58 49799.90000 10.59900000 1554.49000 171.18000 27.31000 130.52700
20 3 21 14 59 49799.90000 10.59900000 1554.58000 171.18000 27.32200 130.52700
20 3 21 14 59 49799.90000 10.56500000 1554.42000 171.18000 27.32800 130.52700
20 3 21 15 00 49884.10000 10.57000000 1554.42000 171.18000 27.32800 130.52700
20 3 21 15 00 49908.00000 10.60000000 1554.42000 171.18000 27.44800 130.52700
20 3 21 15 01 49914.50000 10.60000000 1556.29000 171.34000 27.44800 130.52700
20 3 21 15 01 49965.00000 10.60000000 1556.99000 171.32000 27.44800 130.52700
20 3 21 15 01 49965.00000 10.60000000 1557.35000 171.45000 27.44800 130.52700
20 3 21 15 02 50041.70000 10.60000000 1558.22000 171.45000 27.53500 130.40500
20 3 21 15 02 50078.30000 10.60000000 1559.98000 171.45000 27.53500 130.40500
20 3 21 15 03 50046.80000 10.60000000 1558.89000 171.45000 27.53500 130.40500
20 3 21 15 03 50000.00000 10.60000000 1557.29000 171.63000 27.53500 130.40500
20 3 21 15 04 50037.70000 10.60000000 1558.48000 171.69000 27.53500 130.40500
20 3 21 15 04 50037.50000 10.60000000 1558.48000 171.69000 27.53500 130.40500
20 3 21 15 04 50013.20000 10.60000000 1557.01000 171.52000 27.53500 130.40500
20 3 21 15 05 50012.60000 10.60000000 1557.48000 171.59000 27.53300 130.40500
20 3 21 15 05 50000.00000 10.60000000 1556.78000 171.59000 27.40900 130.40500
20 3 21 15 06 50038.60000 10.60000000 1557.47000 171.59000 27.40900 130.40500
20 3 21 15 06 50073.80000 10.60000000 1558.88000 171.71000 27.40900 130.40500
20 3 21 15 07 50094.90000 10.60000000 1559.00000 171.73000 27.40900 130.40500
20 3 21 15 07 50079.60000 10.60000000 1559.00000 171.76000 27.40900 130.40500
20 3 21 15 07 50009.30000 10.60000000 1559.01000 171.66000 27.40800 130.40500
20 3 21 15 08 50056.00000 10.60000000 1559.01000 171.66000 27.40800 130.40500
20 3 21 15 08 49989.00000 10.60000000 1557.35000 171.59000 27.40800 130.40500
20 3 21 15 09 49989.70000 10.60000000 1557.23000 171.59000 27.40800 130.40500
20 3 21 15 09 50002.40000 10.60000000 1557.27000 171.56000 27.40800 130.40500
20 3 21 15 10 49992.90000 10.61900000 1557.12000 171.55000 27.40800 130.40500
20 3 21 15 10 49985.30000 10.61900000 1556.93000 171.39000 27.53600 130.40500
20 3 21 15 10 49992.90000 10.61900000 1556.86000 171.39000 27.53600 130.40500
20 3 21 15 11 49999.80000 10.61900000 1556.57000 171.39000 27.53600 130.64400
20 3 21 15 11 49992.70000 10.61900000 1557.31000 171.39000 27.53600 130.64400
20 3 21 15 12 49984.50000 10.61900000 1557.31000 171.39000 27.53600 130.64400
20 3 21 15 12 49980.20000 10.61900000 1556.91000 171.39000 27.53600 130.64400
20 3 21 15 13 49985.20000 10.61900000 1557.43000 171.39000 27.53600 130.64400
20 3 21 15 13 49989.90000 10.61900000 1557.83000 171.39000 27.53600 130.64400
20 3 21 15 13 49990.00000 10.61900000 1557.86000 171.55000 27.53600 130.64400
20 3 21 15 14 49990.00000 10.60200000 1558.23000 171.55000 27.53600 130.64400
20 3 21 15 14 49989.90000 10.60200000 1558.10000 171.51000 27.53600 130.64400
20 3 21 15 15 49989.90000 10.60200000 1558.39000 171.51000 27.53600 130.64400
20 3 21 15 15 49989.90000 10.60200000 1558.69000 171.51000 27.53600 130.64400
20 3 21 15 16 49999.90000 10.60200000 1558.64000 171.51000 27.63900 130.64400
20 3 21 15 16 50006.10000 10.60200000 1558.91000 171.51000 27.63900 130.45400
20 3 21 15 16 50012.10000 10.60200000 1558.52000 171.64000 27.48300 130.45400
20 3 21 15 17 50030.20000 10.60200000 1559.23000 171.64000 27.48300 130.45400
20 3 21 15 17 50030.20000 10.60200000 1559.28000 171.64000 27.48300 130.45400
20 3 21 15 18 50039.40000 10.60200000 1559.59000 171.67000 27.48300 130.45400
20 3 21 15 18 50049.90000 10.60200000 1558.96000 171.67000 27.48300 130.45400
20 3 21 15 19 50030.30000 10.60200000 1557.95000 171.67000 27.48300 130.45400
20 3 21 15 19 49980.00000 10.60200000 1557.29000 171.51000 27.48300 130.45400
20 3 21 15 19 49965.00000 10.60200000 1557.59000 171.51000 27.48300 130.45400
20 3 21 15 20 49964.90000 10.60200000 1557.56000 171.51000 27.48300 130.45400
20 3 21 15 20 49941.60000 10.60200000 1557.56000 171.30000 27.48300 130.45400
20 3 21 15 21 49949.80000 10.60200000 1557.56000 171.31000 27.59400 130.45400
20 3 21 15 21 49942.40000 10.60200000 1557.55000 171.30000 27.59400 130.45400
20 3 21 15 22 49953.90000 10.60200000 1557.55000 171.33000 27.60000 130.45400
20 3 21 15 22 49966.50000 10.57800000 1558.01000 171.33000 27.60700 130.45400
20 3 21 15 22 49966.80000 10.57800000 1558.00000 171.33000 27.60700 130.49700
20 3 21 15 23 49966.60000 10.57800000 1558.30000 171.31000 27.60700 130.49700
20 3 21 15 23 49960.90000 10.57800000 1558.30000 171.32000 27.60700 130.49700
20 3 21 15 24 49950.00000 10.57800000 1558.00000 171.32000 27.60700 130.49700
20 3 21 15 24 49937.20000 10.57800000 1558.00000 171.32000 27.60700 130.49700
20 3 21 15 25 49932.70000 10.57800000 1558.01000 171.30000 27.60700 130.49700
20 3 21 15 25 49904.90000 10.57800000 1555.85000 171.30000 27.61000 130.49700
20 3 21 15 25 49808.60000 10.57800000 1555.12000 171.30000 27.61000 130.49700
20 3 21 15 26 49808.60000 10.57800000 1556.26000 171.10000 27.61000 130.49700
