M=[
 4 1 21 10 27 23460.30000 5.14000000 742.35000 118.13000 13.56700 47.00300
 4 1 21 10 27 23358.00000 5.14400000 736.81000 117.50000 13.56700 46.81000
 4 1 21 10 28 23228.90000 5.14400000 730.01000 116.84000 13.56700 46.77000
 4 1 21 10 28 23331.40000 5.14400000 739.57000 117.45000 13.56700 46.77000
 4 1 21 10 29 23305.30000 5.18400000 741.52000 117.45000 13.56700 46.77000
 4 1 21 10 29 23331.80000 5.18400000 739.79000 117.14000 13.56700 46.77000
 4 1 21 10 30 23250.30000 5.18400000 732.22000 116.64000 13.56700 46.77000
 4 1 21 10 30 23167.10000 5.18400000 732.00000 116.33000 13.58000 46.74100
 4 1 21 10 30 23187.30000 5.18400000 737.06000 116.66000 13.58000 46.74100
 4 1 21 10 31 23100.00000 5.18400000 739.58000 116.65000 13.58000 46.74100
 4 1 21 10 31 23200.00000 5.18400000 740.77000 116.91000 13.40700 46.74100
 4 1 21 10 32 23200.00000 5.18400000 742.32000 117.18000 13.40700 46.52000
 4 1 21 10 32 23267.10000 5.18400000 742.07000 117.50000 13.48000 46.50000
 4 1 21 10 33 23226.80000 5.05700000 743.56000 116.79000 13.48000 46.50000
 4 1 21 10 33 23247.90000 5.05700000 742.27000 117.09000 13.47300 46.50000
 4 1 21 10 33 23221.60000 5.05700000 742.39000 116.66000 13.45900 46.48000
 4 1 21 10 34 23220.50000 5.05700000 744.02000 116.52000 13.45900 46.48000
 4 1 21 10 34 23266.90000 5.13300000 746.99000 117.19000 13.44600 46.44000
 4 1 21 10 35 23308.30000 5.13300000 748.30000 117.38000 13.44600 46.44000
 4 1 21 10 35 23450.10000 5.21000000 749.01000 117.53000 13.44600 46.56100
 4 1 21 10 36 23500.00000 5.21000000 749.55000 117.43000 13.44600 46.56100
 4 1 21 10 36 23500.00000 5.21000000 750.00000 117.15000 13.44600 46.57200
 4 1 21 10 36 23413.10000 5.19300000 744.21000 117.06000 13.50500 46.57200
 4 1 21 10 37 23326.20000 5.19300000 743.69000 117.62000 13.50500 46.49000
 4 1 21 10 37 23302.00000 5.19300000 741.69000 117.24000 13.50500 46.49000
 4 1 21 10 38 23432.20000 5.18900000 746.93000 117.55000 13.50500 46.54000
 4 1 21 10 38 23391.60000 5.18900000 746.43000 117.44000 13.50500 46.54000
 4 1 21 10 39 23394.10000 5.18900000 745.42000 117.95000 13.50500 46.67000
 4 1 21 10 39 23333.10000 5.18900000 743.46000 117.05000 13.50500 46.67000
 4 1 21 10 39 23332.80000 5.21000000 743.01000 117.71000 13.50500 46.88000
 4 1 21 10 40 23278.30000 5.17800000 740.48000 117.04000 13.50500 46.88000
 4 1 21 10 40 23227.00000 5.17800000 739.78000 117.04000 13.50500 46.70300
 4 1 21 10 41 23317.10000 5.17800000 742.59000 117.20000 13.36700 46.72000
 4 1 21 10 41 23331.50000 5.17800000 745.26000 117.49000 13.43200 46.72000
 4 1 21 10 42 23386.30000 5.17800000 746.66000 117.59000 13.43200 46.72000
 4 1 21 10 42 23422.40000 5.17800000 746.53000 117.89000 13.41900 46.91000
 4 1 21 10 42 23406.40000 5.17800000 745.40000 117.46000 13.41900 46.91000
 4 1 21 10 43 23446.80000 5.17800000 747.98000 118.00000 13.41900 46.97000
 4 1 21 10 43 23470.50000 5.21000000 749.11000 118.25000 13.40500 47.10900
 4 1 21 10 44 23487.00000 5.19900000 749.11000 118.61000 13.40500 47.10900
 4 1 21 10 44 23500.00000 5.19900000 750.25000 118.81000 13.40500 47.10900
 4 1 21 10 45 23576.30000 5.19900000 754.26000 119.25000 13.35000 47.11000
 4 1 21 10 45 23632.90000 5.19900000 753.90000 119.62000 13.35000 47.18000
 4 1 21 10 45 23633.00000 5.20600000 755.31000 119.69000 13.37900 47.18000
 4 1 21 10 46 23701.40000 5.20600000 756.36000 119.99000 13.37900 47.06000
 4 1 21 10 46 23951.10000 5.30000000 760.00000 120.97000 13.43000 47.14100
 4 1 21 10 47 23869.40000 5.30000000 755.21000 119.88000 13.43000 47.23800
 4 1 21 10 47 23929.30000 5.30000000 757.94000 120.40000 13.35100 47.16000
 4 1 21 10 48 23943.20000 5.30000000 759.97000 120.52000 13.43000 47.14900
 4 1 21 10 48 24000.00000 5.30000000 761.21000 120.80000 13.43000 47.14900
 4 1 21 10 48 24042.30000 5.30000000 760.98000 120.71000 13.43000 47.23800
 4 1 21 10 49 23990.80000 5.27400000 760.11000 120.27000 13.43000 47.23800
 4 1 21 10 49 23960.00000 5.27400000 759.65000 120.00000 13.43000 47.23800
 4 1 21 10 50 23948.50000 5.27400000 758.03000 120.00000 13.43000 47.23800
 4 1 21 10 50 23857.20000 5.25100000 756.01000 119.54000 13.43000 47.27000
 4 1 21 10 51 23804.50000 5.25100000 755.17000 119.37000 13.43000 47.27000
 4 1 21 10 51 23937.30000 5.25100000 760.98000 119.87000 13.43000 47.27000
 4 1 21 10 51 24081.80000 5.25100000 763.92000 120.44000 13.43000 47.27000
 4 1 21 10 52 24138.60000 5.30000000 765.38000 120.72000 13.43000 47.27000
 4 1 21 10 52 24196.60000 5.30000000 768.15000 120.84000 13.43000 47.27000
 4 1 21 10 53 24160.20000 5.30100000 768.01000 121.13000 13.43000 47.27000
 4 1 21 10 53 24163.20000 5.30100000 767.28000 121.00000 13.43000 47.27000
 4 1 21 10 54 24140.10000 5.32100000 768.00000 120.97000 13.43000 47.15900
 4 1 21 10 54 24200.00000 5.33300000 767.94000 121.24000 13.43000 47.15900
 4 1 21 10 54 24223.60000 5.33300000 769.34000 121.45000 13.43000 47.15900
 4 1 21 10 55 24203.30000 5.33300000 769.93000 121.37000 13.43000 47.15900
 4 1 21 10 55 24248.40000 5.33300000 769.99000 121.42000 13.43000 47.15900
 4 1 21 10 56 24300.00000 5.36100000 771.46000 121.69000 13.43000 47.15900
 4 1 21 10 56 24300.00000 5.36100000 775.29000 121.80000 13.43000 47.40100
 4 1 21 10 57 24300.00000 5.36100000 775.28000 121.79000 13.43000 47.42300
 4 1 21 10 57 24313.70000 5.36100000 776.37000 121.80000 13.43000 47.48100
 4 1 21 10 57 24323.60000 5.39200000 775.05000 121.75000 13.43000 47.48100
 4 1 21 10 58 24341.70000 5.39200000 775.17000 121.40000 13.43000 47.48100
 4 1 21 10 58 24322.00000 5.39200000 773.03000 121.03000 13.43000 47.38500
 4 1 21 10 59 24294.90000 5.39200000 773.57000 121.10000 13.43000 47.38000
 4 1 21 10 59 24393.80000 5.39200000 776.77000 121.68000 13.43000 47.38000
 4 1 21 11 00 24388.10000 5.39200000 776.10000 121.71000 13.43000 47.38000
 4 1 21 11 00 24315.00000 5.39200000 773.84000 121.40000 13.43000 47.38000
 4 1 21 11 00 24328.40000 5.39200000 772.00000 121.40000 13.43000 47.37200
 4 1 21 11 01 24396.00000 5.39200000 775.00000 121.72000 13.43000 47.37200
 4 1 21 11 01 24406.70000 5.39200000 775.86000 121.96000 13.43000 47.49500
 4 1 21 11 02 24449.80000 5.39200000 777.94000 122.35000 13.43000 47.49500
 4 1 21 11 02 24490.60000 5.39200000 779.00000 122.43000 13.43000 47.49500
 4 1 21 11 03 24545.90000 5.39200000 780.77000 122.24000 13.38100 47.61000
 4 1 21 11 03 24463.30000 5.38300000 780.01000 122.51000 13.38100 47.61000
 4 1 21 11 03 24500.10000 5.38300000 780.00000 122.70000 13.38100 47.61000
 4 1 21 11 04 24490.50000 5.37700000 778.30000 122.50000 13.38100 47.61000
 4 1 21 11 04 24486.00000 5.37700000 776.39000 122.53000 13.38100 47.61000
 4 1 21 11 05 24450.00000 5.37700000 775.72000 122.69000 13.38100 47.54000
 4 1 21 11 05 24492.40000 5.37700000 776.94000 122.82000 13.38100 47.54000
 4 1 21 11 06 24584.60000 5.37700000 778.99000 123.05000 13.43400 47.54000
 4 1 21 11 06 24579.20000 5.38000000 778.21000 123.14000 13.43400 47.83400
 4 1 21 11 06 24545.00000 5.37500000 776.20000 122.82000 13.43400 47.64000
 4 1 21 11 07 24518.70000 5.37500000 775.01000 122.30000 13.43400 47.64000
 4 1 21 11 07 24500.00000 5.41500000 774.26000 122.30000 13.43400 47.64000
 4 1 21 11 08 24449.80000 5.41500000 773.73000 122.30000 13.43400 47.64000
 4 1 21 11 08 24437.70000 5.41500000 772.50000 122.03000 13.43400 47.67000
 4 1 21 11 09 24449.70000 5.31800000 772.15000 122.15000 13.43400 47.67000
 4 1 21 11 09 24372.70000 5.31800000 769.02000 121.90000 13.43400 47.67000
 4 1 21 11 09 24338.00000 5.31800000 766.00000 121.50000 13.43400 47.53900
 4 1 21 11 10 24260.40000 5.31800000 766.38000 121.45000 13.50000 47.53900
 4 1 21 11 10 24257.10000 5.31800000 761.00000 121.08000 13.50000 47.53900
 4 1 21 11 11 24014.10000 5.31800000 759.04000 120.00000 13.50000 47.53900
 4 1 21 11 11 23920.30000 5.31100000 757.02000 119.58000 13.38800 46.94100
 4 1 21 11 12 23986.60000 5.27700000 756.66000 119.98000 13.38800 47.06800
 4 1 21 11 12 23882.80000 5.27700000 755.36000 119.34000 13.38800 46.97800
