M=[
28 11 20 02 49 14266.40000 5.17700000 431.50000 58.24000 12.59000 59.24700
28 11 20 02 49 14266.40000 5.17700000 431.50000 58.24000 12.59000 59.24700
28 11 20 02 50 14266.40000 5.17700000 431.08000 58.24000 12.59000 59.24700
28 11 20 02 50 14266.40000 5.17700000 431.08000 58.36000 12.59000 59.24700
28 11 20 02 50 14266.40000 5.17700000 431.08000 58.36000 12.59000 59.24700
28 11 20 02 51 14266.40000 5.17700000 431.08000 58.29000 12.59000 59.24700
28 11 20 02 51 14253.30000 5.17700000 431.08000 58.29000 12.59000 59.17600
28 11 20 02 52 14259.70000 5.17700000 431.50000 58.29000 12.59000 59.17600
28 11 20 02 52 14259.70000 5.17700000 431.50000 58.29000 12.59000 59.17600
28 11 20 02 53 14250.00000 5.17700000 431.50000 58.29000 12.59000 59.17600
28 11 20 02 53 14250.10000 5.17700000 431.01000 58.29000 12.59000 59.08100
28 11 20 02 53 14250.00000 5.17700000 430.75000 58.29000 12.59000 59.08100
28 11 20 02 54 14250.00000 5.17700000 430.75000 58.29000 12.59000 59.08100
28 11 20 02 54 14250.00000 5.17700000 430.75000 58.29000 12.59000 59.08100
28 11 20 02 55 14257.80000 5.17700000 430.75000 58.29000 12.59000 59.08100
28 11 20 02 55 14257.80000 5.17700000 431.50000 58.29000 12.59000 59.08100
28 11 20 02 56 14257.80000 5.17700000 431.49000 58.29000 12.59000 59.08100
28 11 20 02 56 14260.60000 5.17700000 431.50000 58.29000 12.59000 59.08100
28 11 20 02 56 14249.30000 5.17700000 431.23000 58.29000 12.59000 59.16200
28 11 20 02 57 14249.30000 5.17700000 430.98000 58.29000 12.59000 59.11900
28 11 20 02 57 14240.60000 5.17700000 430.98000 58.29000 12.59000 59.11900
28 11 20 02 58 14240.10000 5.17700000 430.55000 58.29000 12.59000 59.10100
28 11 20 02 58 14240.10000 5.17700000 430.55000 58.29000 12.59000 59.10100
28 11 20 02 59 14229.50000 5.16400000 429.72000 58.29000 12.59000 59.10100
28 11 20 02 59 14212.50000 5.16400000 429.73000 58.29000 12.59000 59.10100
28 11 20 02 59 14212.50000 5.16400000 429.55000 58.29000 12.59000 58.95300
28 11 20 03 00 14220.00000 5.16400000 429.55000 58.29000 12.59000 58.95300
28 11 20 03 00 14230.50000 5.17200000 429.55000 58.29000 12.59000 58.95300
28 11 20 03 01 14224.90000 5.17200000 429.55000 58.20000 12.59000 58.95300
28 11 20 03 01 14221.50000 5.17200000 429.55000 58.20000 12.59000 58.95300
28 11 20 03 02 14216.00000 5.17200000 430.13000 58.20000 12.59000 58.95300
28 11 20 03 02 14212.90000 5.17200000 430.34000 58.20000 12.59000 58.95300
28 11 20 03 02 14213.10000 5.17200000 430.34000 58.20000 12.59000 59.11700
28 11 20 03 03 14210.80000 5.17200000 430.34000 58.08000 12.59000 59.11700
28 11 20 03 03 14202.00000 5.17200000 430.09000 57.81000 12.59000 58.79600
28 11 20 03 04 14207.70000 5.17200000 429.61000 57.81000 12.59000 58.79600
28 11 20 03 04 14205.70000 5.17200000 429.95000 57.89000 12.59000 58.79600
28 11 20 03 05 14202.30000 5.17200000 429.95000 57.89000 12.59000 58.79600
28 11 20 03 05 14202.30000 5.17200000 429.98000 57.86000 12.59000 58.79600
28 11 20 03 05 14202.30000 5.17200000 429.98000 57.89000 12.59000 58.79600
28 11 20 03 06 14201.00000 5.17200000 429.98000 57.89000 12.59000 58.79600
28 11 20 03 06 14204.90000 5.17200000 429.98000 57.89000 12.59000 58.79600
28 11 20 03 07 14201.00000 5.17200000 429.98000 58.01000 12.59000 58.79600
28 11 20 03 07 14201.00000 5.17200000 429.98000 58.01000 12.59000 58.79600
28 11 20 03 08 14201.00000 5.17200000 429.98000 57.97000 12.59000 58.79600
28 11 20 03 08 14201.10000 5.17200000 429.98000 57.97000 12.59000 58.79600
28 11 20 03 08 14201.10000 5.17200000 429.98000 57.87000 12.59000 58.79600
28 11 20 03 09 14201.10000 5.17200000 429.73000 57.87000 12.59000 58.79600
28 11 20 03 09 14200.00000 5.17200000 429.73000 57.89000 12.59000 58.79600
28 11 20 03 10 14187.60000 5.17200000 430.18000 57.89000 12.59000 58.79600
28 11 20 03 10 14183.80000 5.17200000 430.07000 57.89000 12.59000 58.79600
28 11 20 03 11 14189.00000 5.17200000 429.84000 57.89000 12.59000 58.79600
28 11 20 03 11 14189.00000 5.17200000 429.84000 57.89000 12.59000 58.79600
28 11 20 03 11 14175.00000 5.17200000 429.84000 57.89000 12.59000 58.79600
28 11 20 03 12 14180.80000 5.15800000 429.84000 57.88000 12.59000 58.79600
28 11 20 03 12 14171.10000 5.15800000 429.84000 57.88000 12.59000 58.79600
28 11 20 03 13 14171.10000 5.15800000 429.71000 57.88000 12.59000 58.79600
28 11 20 03 13 14170.00000 5.15800000 429.71000 57.88000 12.59000 58.79600
28 11 20 03 13 14170.00000 5.15800000 429.71000 57.88000 12.59000 58.79600
28 11 20 03 14 14170.00000 5.15800000 429.71000 57.88000 12.59000 58.79600
28 11 20 03 14 14170.00000 5.15800000 429.71000 57.88000 12.59000 58.79600
28 11 20 03 15 14170.00000 5.15500000 430.47000 57.88000 12.59000 58.79600
28 11 20 03 15 14185.80000 5.15500000 430.47000 57.88000 12.59000 58.79600
28 11 20 03 16 14191.50000 5.15500000 430.47000 57.88000 12.59000 58.79600
28 11 20 03 16 14192.90000 5.15500000 430.67000 57.80000 12.59000 58.79600
28 11 20 03 16 14191.30000 5.15500000 430.67000 57.80000 12.59000 58.79600
28 11 20 03 17 14191.30000 5.15500000 430.47000 57.80000 12.59000 58.79600
28 11 20 03 17 14192.90000 5.16100000 430.47000 57.80000 12.59000 58.79600
28 11 20 03 18 14192.90000 5.16100000 430.47000 57.86000 12.59000 58.79600
28 11 20 03 18 14192.90000 5.16100000 430.47000 57.86000 12.59000 58.79600
28 11 20 03 19 14171.50000 5.16100000 430.47000 57.86000 12.59000 58.79600
28 11 20 03 19 14171.50000 5.16100000 430.47000 57.79000 12.59000 58.79600
28 11 20 03 19 14171.50000 5.16100000 430.47000 57.63000 12.59000 58.79600
28 11 20 03 20 14167.20000 5.16100000 430.47000 57.63000 12.59000 58.79600
28 11 20 03 20 14185.10000 5.16100000 430.78000 57.72000 12.59000 58.79600
28 11 20 03 21 14193.00000 5.16100000 430.78000 57.80000 12.59000 58.79600
28 11 20 03 21 14185.00000 5.16100000 430.53000 57.80000 12.59000 58.67900
28 11 20 03 22 14178.00000 5.16100000 430.53000 57.78000 12.59000 58.67900
28 11 20 03 22 14178.90000 5.16100000 430.24000 57.80000 12.59000 58.67900
28 11 20 03 22 14185.50000 5.16100000 430.24000 57.85000 12.59000 58.67900
28 11 20 03 23 14184.20000 5.16100000 430.24000 57.85000 12.59000 58.67900
28 11 20 03 23 14186.00000 5.16100000 430.46000 57.90000 12.59000 58.67900
28 11 20 03 24 14186.00000 5.16100000 430.26000 57.90000 12.59000 58.67900
28 11 20 03 24 14186.00000 5.16100000 430.26000 57.90000 12.59000 58.67900
28 11 20 03 25 14190.30000 5.16100000 430.26000 57.90000 12.59000 58.67900
28 11 20 03 25 14189.10000 5.16100000 430.20000 57.90000 12.59000 58.67900
28 11 20 03 25 14199.60000 5.16100000 430.20000 57.90000 12.59000 58.67900
28 11 20 03 26 14199.60000 5.16100000 430.20000 57.90000 12.59000 58.67900
28 11 20 03 26 14199.60000 5.16100000 430.20000 57.82000 12.59000 58.67900
28 11 20 03 27 14199.60000 5.16100000 430.19000 57.82000 12.59000 58.67900
28 11 20 03 27 14199.60000 5.16100000 430.19000 57.72000 12.59000 58.67900
28 11 20 03 28 14176.70000 5.16100000 429.60000 57.62000 12.59000 58.67900
28 11 20 03 28 14176.70000 5.16100000 429.60000 57.62000 12.59000 58.67900
28 11 20 03 28 14176.70000 5.16100000 429.43000 57.62000 12.59000 58.67900
28 11 20 03 29 14184.30000 5.16100000 429.40000 57.62000 12.59000 58.67900
28 11 20 03 29 14182.20000 5.16100000 429.40000 57.63000 12.59000 58.67900
28 11 20 03 30 14181.30000 5.16100000 429.40000 57.68000 12.59000 58.67900
28 11 20 03 30 14181.30000 5.16100000 429.65000 57.77000 12.59000 58.67900
28 11 20 03 31 14193.70000 5.16100000 429.65000 57.83000 12.59000 58.67900
28 11 20 03 31 14199.60000 5.16100000 429.65000 57.83000 12.59000 58.67900
28 11 20 03 31 14203.00000 5.16100000 430.16000 57.81000 12.59000 58.67900
28 11 20 03 32 14200.00000 5.16100000 430.13000 57.81000 12.59000 58.67900
28 11 20 03 32 14200.00000 5.16100000 430.13000 57.81000 12.59000 58.67900
28 11 20 03 33 14180.80000 5.16100000 430.12000 57.81000 12.59000 58.67900
28 11 20 03 33 14188.60000 5.16100000 429.86000 57.81000 12.59000 58.67900
28 11 20 03 34 14183.90000 5.16100000 430.02000 57.81000 12.59000 58.67900
