M=[
24 2 21 11 41 41730.50000 10.10700000 1389.54000 153.63000 30.49100 107.88100
24 2 21 11 41 41721.50000 10.10800000 1387.28000 153.38000 30.49700 107.88100
24 2 21 11 42 41719.90000 10.10800000 1387.61000 153.51000 30.49700 107.88100
24 2 21 11 42 41673.20000 10.10800000 1385.63000 153.37000 30.50000 107.88100
24 2 21 11 43 41630.10000 10.10800000 1385.19000 153.36000 30.50000 107.88100
24 2 21 11 43 41650.00000 10.04200000 1386.71000 153.25000 30.54000 107.41600
24 2 21 11 43 41599.40000 10.04200000 1384.37000 153.24000 30.59700 107.41600
24 2 21 11 44 41588.10000 10.04200000 1384.51000 153.10000 30.59700 107.39200
24 2 21 11 44 41574.80000 10.04200000 1383.32000 153.10000 30.60800 107.39200
24 2 21 11 45 41593.80000 10.04200000 1383.59000 153.10000 30.82700 107.39200
24 2 21 11 45 41635.30000 10.04200000 1384.36000 153.10000 30.82700 107.39200
24 2 21 11 46 41581.90000 10.04200000 1383.55000 153.01000 30.82700 107.39200
24 2 21 11 46 41611.50000 10.09300000 1383.87000 153.01000 31.12800 107.39200
24 2 21 11 46 41574.80000 10.09300000 1382.26000 153.01000 30.79400 107.39200
24 2 21 11 47 41548.90000 10.09300000 1381.56000 152.71000 30.79400 107.39200
24 2 21 11 47 41513.60000 10.09300000 1381.16000 152.80000 30.79400 107.39200
24 2 21 11 48 41556.80000 10.09800000 1383.22000 152.90000 30.47600 107.22700
24 2 21 11 48 41546.40000 10.09500000 1383.20000 152.96000 30.84200 107.22700
24 2 21 11 49 41537.10000 10.09500000 1382.54000 152.92000 30.84200 107.22700
24 2 21 11 49 41500.00000 10.09500000 1381.37000 152.71000 30.84200 107.22700
24 2 21 11 49 41524.30000 10.09500000 1382.51000 152.89000 30.42900 107.22700
24 2 21 11 50 41549.80000 10.09500000 1383.81000 152.90000 30.34200 107.55400
24 2 21 11 50 41500.10000 10.09500000 1382.00000 152.75000 30.84600 107.55400
24 2 21 11 51 41482.40000 10.09500000 1381.09000 152.81000 30.93500 107.55400
24 2 21 11 51 41482.40000 10.09500000 1381.61000 152.76000 31.19900 107.55400
24 2 21 11 52 41473.00000 10.09500000 1382.30000 152.95000 31.20000 107.38000
24 2 21 11 52 41506.60000 10.09500000 1382.52000 153.10000 31.20000 107.38000
24 2 21 11 52 41505.80000 10.09500000 1382.09000 152.90000 31.20000 107.38000
24 2 21 11 53 41517.90000 10.09500000 1382.77000 152.90000 31.20000 107.38000
24 2 21 11 53 41520.30000 10.09500000 1382.49000 152.87000 30.79500 107.38000
24 2 21 11 54 41511.40000 10.09500000 1382.82000 152.91000 30.79500 107.59200
24 2 21 11 54 41511.40000 10.09500000 1382.49000 152.87000 30.79500 107.59200
24 2 21 11 54 41491.50000 10.09500000 1382.36000 152.85000 30.79500 107.59200
24 2 21 11 55 41528.40000 10.09500000 1383.78000 153.10000 31.00000 107.59200
24 2 21 11 55 41509.20000 10.09500000 1383.11000 153.10000 31.00000 107.59200
24 2 21 11 56 41532.60000 10.09500000 1383.88000 153.06000 31.19900 107.59200
24 2 21 11 56 41533.10000 10.09500000 1382.13000 153.01000 31.19900 107.59200
24 2 21 11 57 41533.10000 10.15100000 1381.82000 152.86000 31.20000 107.59200
24 2 21 11 57 41527.50000 10.15100000 1381.81000 152.84000 31.13900 107.25300
24 2 21 11 57 41527.50000 10.15100000 1381.70000 152.74000 31.18900 107.25300
24 2 21 11 58 41489.00000 10.15100000 1380.65000 152.74000 31.13800 107.15200
24 2 21 11 58 41533.60000 10.15100000 1381.52000 152.99000 31.20000 107.15200
24 2 21 11 59 41504.90000 10.15100000 1382.11000 152.99000 31.20000 107.25100
24 2 21 11 59 41533.00000 10.15100000 1383.99000 153.23000 31.20000 107.25100
24 2 21 12 00 41533.10000 10.15100000 1383.73000 153.23000 31.19300 107.25100
24 2 21 12 00 41567.20000 10.14900000 1384.50000 153.46000 31.19300 107.82000
24 2 21 12 00 41587.20000 10.14900000 1383.98000 153.39000 31.20000 107.82000
24 2 21 12 01 41637.50000 10.14900000 1388.33000 153.92000 31.20000 107.86500
24 2 21 12 01 41649.90000 10.17000000 1389.78000 154.04000 31.19300 107.86500
24 2 21 12 02 41702.80000 10.17000000 1392.56000 154.33000 31.19300 108.43500
24 2 21 12 02 41719.00000 10.17000000 1393.24000 154.36000 31.19300 108.52500
24 2 21 12 03 41714.30000 10.17000000 1392.98000 154.36000 31.19300 108.52500
24 2 21 12 03 41734.60000 10.23800000 1393.02000 154.52000 31.19300 108.52500
24 2 21 12 03 41750.00000 10.23800000 1394.04000 154.76000 31.20000 108.47700
24 2 21 12 04 41719.80000 10.23800000 1392.12000 154.73000 31.19400 108.47700
24 2 21 12 04 41720.00000 10.23800000 1392.07000 154.88000 31.19300 108.35400
24 2 21 12 05 41745.00000 10.24000000 1392.82000 154.92000 31.19300 108.15400
24 2 21 12 05 41745.00000 10.24000000 1394.38000 155.16000 31.35000 108.15400
24 2 21 12 06 41798.20000 10.24000000 1394.06000 155.26000 31.35000 108.56200
24 2 21 12 06 41839.70000 10.24000000 1395.00000 155.43000 31.35000 108.56200
24 2 21 12 06 41839.50000 10.26200000 1396.85000 155.99000 31.35000 108.41000
24 2 21 12 07 41800.00000 10.26100000 1395.72000 155.85000 31.35000 108.41000
24 2 21 12 07 41816.70000 10.19200000 1396.09000 155.84000 31.35000 108.41000
24 2 21 12 08 41720.20000 10.28900000 1392.57000 155.28000 31.19400 108.41000
24 2 21 12 08 41768.10000 10.28900000 1395.97000 155.53000 31.19400 108.41000
24 2 21 12 09 41714.30000 10.28900000 1392.44000 155.05000 31.19400 108.41000
24 2 21 12 09 41690.20000 10.28900000 1391.72000 155.09000 31.19400 108.06500
24 2 21 12 09 41666.00000 10.28900000 1388.53000 154.80000 31.19400 108.08900
24 2 21 12 10 41625.50000 10.31200000 1387.67000 154.97000 31.19400 108.08900
24 2 21 12 10 41600.10000 10.31200000 1385.36000 154.49000 31.35000 108.05900
24 2 21 12 11 41599.40000 10.31200000 1384.16000 154.22000 31.35000 108.05900
24 2 21 12 11 41577.10000 10.24200000 1383.45000 154.01000 31.35000 108.05900
24 2 21 12 12 41630.20000 10.24200000 1383.84000 154.21000 31.35000 107.56900
24 2 21 12 12 41652.60000 10.24200000 1384.01000 154.21000 31.35000 107.56900
24 2 21 12 12 41632.20000 10.24200000 1385.09000 154.23000 31.35000 107.56900
24 2 21 12 13 41712.50000 10.25700000 1386.47000 154.35000 31.19300 107.56900
24 2 21 12 13 41762.30000 10.25700000 1390.12000 154.82000 31.19300 108.33100
24 2 21 12 14 41840.80000 10.25700000 1391.58000 154.84000 31.19300 108.33100
24 2 21 12 14 41841.00000 10.25700000 1390.85000 154.96000 31.19300 108.33100
24 2 21 12 15 41864.60000 10.25700000 1392.79000 155.03000 31.19300 108.76800
24 2 21 12 15 41922.00000 10.25700000 1394.55000 155.45000 31.19300 108.76800
24 2 21 12 15 41946.10000 10.25700000 1394.95000 155.57000 31.19300 108.76800
24 2 21 12 16 41947.00000 10.28800000 1394.11000 155.47000 31.19300 108.76800
24 2 21 12 16 41935.70000 10.28800000 1394.90000 155.71000 31.19300 108.76800
24 2 21 12 17 41846.00000 10.28800000 1391.70000 155.47000 31.34900 108.76800
24 2 21 12 17 41855.90000 10.27700000 1391.82000 155.11000 31.34900 108.76800
24 2 21 12 18 41875.80000 10.27700000 1391.62000 155.35000 31.34900 108.43300
24 2 21 12 18 41866.60000 10.27700000 1390.74000 155.22000 31.34900 108.10300
24 2 21 12 18 41861.20000 10.27700000 1390.71000 155.00000 31.34900 108.10300
24 2 21 12 19 41859.90000 10.27500000 1392.04000 154.86000 31.31300 108.10300
24 2 21 12 19 41850.00000 10.27500000 1393.98000 154.98000 31.34400 108.10300
24 2 21 12 20 41838.70000 10.27500000 1391.28000 154.64000 31.34400 109.00000
24 2 21 12 20 41850.00000 10.27500000 1391.83000 154.76000 30.81300 109.00000
24 2 21 12 21 41849.90000 10.27500000 1392.27000 154.76000 30.79800 108.35700
24 2 21 12 21 41850.00000 10.27500000 1394.12000 155.06000 30.79800 108.35700
24 2 21 12 21 41834.50000 10.27500000 1392.15000 154.80000 30.79800 108.35700
24 2 21 12 22 41835.00000 10.20000000 1393.96000 154.73000 31.24300 108.35700
24 2 21 12 22 41835.00000 10.20000000 1394.58000 154.73000 31.24300 108.35700
24 2 21 12 23 41981.80000 10.20000000 1397.14000 155.40000 31.22000 108.69100
24 2 21 12 23 41997.00000 10.20000000 1398.85000 155.49000 31.35000 108.69100
24 2 21 12 24 41997.00000 10.20000000 1399.31000 155.60000 31.35000 108.69100
24 2 21 12 24 41997.00000 10.20000000 1400.00000 155.49000 30.68400 108.51200
