M=[
20 11 20 16 26 15844.70000 4.95000000 428.34000 69.34000 13.68400 53.30000
20 11 20 16 27 15848.50000 4.95000000 427.83000 69.33000 13.68400 53.36000
20 11 20 16 27 15841.70000 4.95000000 428.00000 69.33000 13.68400 53.36000
20 11 20 16 28 15832.10000 4.95000000 427.81000 69.31000 13.68400 53.36000
20 11 20 16 28 15828.10000 4.95000000 427.79000 69.31000 13.60200 53.36000
20 11 20 16 28 15837.40000 4.95000000 427.44000 69.36000 13.60200 53.36000
20 11 20 16 29 15826.20000 4.95000000 427.25000 69.33000 13.60200 53.36000
20 11 20 16 29 15835.90000 4.95000000 427.80000 69.33000 13.60200 53.36000
20 11 20 16 30 15835.90000 4.94400000 428.22000 69.38000 13.60200 53.36000
20 11 20 16 30 15840.00000 4.94400000 428.41000 69.39000 13.60200 53.36000
20 11 20 16 31 15839.90000 4.94400000 428.36000 69.39000 13.64900 53.36000
20 11 20 16 31 15835.90000 4.94400000 428.36000 69.43000 13.64900 53.36000
20 11 20 16 31 15835.00000 4.94400000 427.33000 69.43000 13.64900 53.36000
20 11 20 16 32 15825.00000 4.94400000 427.11000 69.36000 13.64900 53.36000
20 11 20 16 32 15791.50000 4.94400000 427.01000 69.38000 13.64900 53.36000
20 11 20 16 33 15788.90000 4.94400000 427.01000 69.57000 13.60200 53.36000
20 11 20 16 33 15803.00000 4.94400000 427.64000 69.60000 13.60200 53.36000
20 11 20 16 34 15791.10000 4.94400000 427.44000 69.65000 13.60200 53.36000
20 11 20 16 34 15788.10000 4.94400000 427.48000 69.81000 13.60200 53.36000
20 11 20 16 34 15774.10000 4.94400000 426.93000 70.00000 13.60200 53.36000
20 11 20 16 35 15754.90000 4.94400000 426.35000 70.48000 13.60200 53.36000
20 11 20 16 35 15782.90000 4.94400000 426.60000 70.61000 13.60200 53.10100
20 11 20 16 36 15770.90000 4.94400000 427.40000 70.79000 13.60200 53.10100
20 11 20 16 36 15782.10000 4.94400000 427.41000 70.55000 13.60200 53.10100
20 11 20 16 37 15780.80000 4.94400000 427.41000 71.11000 13.60200 53.10100
20 11 20 16 37 15783.70000 4.97900000 427.41000 71.52000 13.60200 53.10100
20 11 20 16 37 15778.10000 4.97900000 427.19000 71.74000 13.60200 53.10100
20 11 20 16 38 15770.60000 4.97900000 427.26000 71.30000 13.60200 53.10100
20 11 20 16 38 15768.10000 4.97900000 427.27000 71.57000 13.73000 53.10100
20 11 20 16 39 15782.50000 4.97900000 427.30000 71.60000 13.73000 53.10000
20 11 20 16 39 15768.20000 4.97900000 427.22000 71.50000 13.73000 53.10000
20 11 20 16 40 15771.30000 4.97900000 427.25000 71.48000 13.73000 53.10000
20 11 20 16 40 15792.30000 4.97900000 427.99000 71.80000 13.73000 53.10000
20 11 20 16 40 15796.70000 4.97900000 427.84000 71.95000 13.73000 53.10000
20 11 20 16 41 15800.00000 4.97900000 428.01000 71.91000 13.73000 53.10000
20 11 20 16 41 15800.00000 4.97900000 428.22000 72.00000 13.73000 53.10000
20 11 20 16 42 15795.20000 4.97900000 428.31000 71.80000 13.73000 53.10000
20 11 20 16 42 15800.90000 4.97900000 428.45000 71.63000 13.73000 53.10000
20 11 20 16 43 15801.60000 4.97900000 428.49000 71.70000 13.73000 53.10000
20 11 20 16 43 15800.00000 4.97900000 428.50000 71.98000 13.73000 53.10000
20 11 20 16 43 15797.70000 4.97900000 428.85000 71.87000 13.73000 53.10000
20 11 20 16 44 15786.80000 4.97900000 428.79000 71.90000 13.73000 53.15900
20 11 20 16 44 15798.30000 4.97900000 428.99000 71.90000 13.73000 53.15900
20 11 20 16 45 15811.50000 4.97900000 429.00000 71.84000 13.73000 53.15900
20 11 20 16 45 15813.10000 4.97900000 429.00000 71.66000 13.73000 53.23800
20 11 20 16 46 15806.30000 4.97900000 428.90000 71.66000 13.73000 53.23800
20 11 20 16 46 15810.10000 4.97900000 428.93000 71.74000 13.73000 53.23800
20 11 20 16 46 15811.60000 4.97900000 429.04000 71.88000 13.73000 53.23800
20 11 20 16 47 15810.00000 4.97900000 428.86000 71.81000 13.73000 53.23800
20 11 20 16 47 15805.00000 5.00600000 428.84000 71.88000 13.73000 53.23800
20 11 20 16 48 15808.50000 5.00600000 428.83000 71.83000 13.73000 53.23800
20 11 20 16 48 15809.90000 5.00600000 428.83000 71.72000 13.73000 53.36000
20 11 20 16 49 15793.10000 5.00600000 428.65000 71.86000 13.73000 53.36000
20 11 20 16 49 15786.80000 5.00600000 429.00000 72.09000 13.60200 53.36000
20 11 20 16 49 15785.60000 5.00600000 429.38000 72.22000 13.60200 53.36000
20 11 20 16 50 15776.80000 5.00600000 429.14000 72.09000 13.60200 53.36000
20 11 20 16 50 15768.00000 5.00800000 429.04000 72.04000 13.60200 53.36000
20 11 20 16 51 15751.20000 5.00800000 429.17000 72.06000 13.60200 53.36000
20 11 20 16 51 15750.10000 5.00800000 429.06000 72.03000 13.60200 53.36000
20 11 20 16 52 15750.00000 5.00800000 429.00000 71.75000 13.60200 53.36000
20 11 20 16 52 15750.00000 5.01000000 428.69000 71.76000 13.60200 53.36000
20 11 20 16 52 15750.00000 5.03000000 428.79000 71.63000 13.60200 53.36000
20 11 20 16 53 15749.90000 5.03000000 428.81000 71.79000 13.60200 53.36000
20 11 20 16 53 15766.90000 5.03000000 428.71000 71.76000 13.60200 53.36000
20 11 20 16 54 15776.90000 5.03000000 428.90000 71.78000 13.60200 53.36000
20 11 20 16 54 15770.10000 5.03000000 428.84000 71.70000 13.60200 53.36000
20 11 20 16 55 15752.30000 5.03000000 428.61000 71.78000 13.60200 53.36000
20 11 20 16 55 15752.30000 5.03000000 428.52000 71.80000 13.60200 53.36000
20 11 20 16 55 15762.10000 5.03000000 429.04000 71.80000 13.60200 53.36000
20 11 20 16 56 15758.80000 5.03000000 428.95000 71.83000 13.60200 53.36000
20 11 20 16 56 15768.10000 5.03000000 429.00000 71.86000 13.60200 53.36000
20 11 20 16 57 15784.90000 5.03000000 429.19000 71.92000 13.60200 53.62000
20 11 20 16 57 15774.10000 5.03000000 429.09000 71.93000 13.60200 53.62000
20 11 20 16 58 15773.00000 5.03000000 429.08000 72.00000 13.60200 53.62000
20 11 20 16 58 15778.10000 5.04800000 429.21000 71.93000 13.60200 53.62000
20 11 20 16 58 15779.00000 5.04800000 429.28000 71.95000 13.60200 53.62000
20 11 20 16 59 15777.50000 5.04800000 429.28000 72.03000 13.60200 53.62000
20 11 20 16 59 15777.50000 5.02500000 429.39000 71.81000 13.60200 53.62000
20 11 20 17 00 15777.40000 5.02500000 429.24000 71.82000 13.60200 53.62000
20 11 20 17 00 15777.40000 5.02500000 429.24000 71.61000 13.60200 53.62000
20 11 20 17 01 15774.60000 5.02500000 429.24000 71.80000 13.60200 53.62000
20 11 20 17 01 15775.50000 5.02900000 429.24000 71.76000 13.60200 53.62000
20 11 20 17 01 15775.50000 5.02900000 429.15000 71.81000 13.60200 53.62000
20 11 20 17 02 15761.50000 5.02100000 429.00000 71.79000 13.60200 53.62000
20 11 20 17 02 15763.20000 5.02100000 428.95000 72.00000 13.60200 53.62000
20 11 20 17 03 15769.20000 5.02100000 428.94000 71.88000 13.60200 53.62000
20 11 20 17 03 15764.90000 5.02100000 428.90000 71.95000 13.60200 53.62000
20 11 20 17 04 15741.80000 5.02100000 428.91000 71.95000 13.60200 53.62000
20 11 20 17 04 15739.90000 5.02100000 428.73000 71.97000 13.60200 53.62000
20 11 20 17 04 15691.80000 5.02100000 428.00000 71.90000 13.60200 53.63000
20 11 20 17 05 15664.50000 5.01600000 427.54000 71.70000 13.60200 53.63000
20 11 20 17 05 15680.50000 5.00000000 427.54000 71.80000 13.60200 53.63000
20 11 20 17 06 15682.50000 5.03300000 427.60000 71.77000 13.60200 53.63000
20 11 20 17 06 15684.00000 5.03300000 427.83000 71.77000 13.60200 53.63000
20 11 20 17 07 15686.20000 5.03300000 427.84000 71.70000 13.60200 53.63000
20 11 20 17 07 15688.10000 5.03300000 427.97000 71.67000 13.60200 53.63000
20 11 20 17 07 15695.60000 5.03300000 427.90000 71.67000 13.60200 53.63000
20 11 20 17 08 15698.20000 5.03300000 428.12000 71.66000 13.60200 53.63000
20 11 20 17 08 15692.60000 5.01200000 428.04000 71.64000 13.60200 53.26000
20 11 20 17 09 15701.20000 5.01200000 428.39000 71.64000 13.60200 53.26000
20 11 20 17 09 15705.20000 5.01200000 428.64000 71.69000 13.60200 53.26000
20 11 20 17 10 15717.30000 5.01200000 428.80000 71.77000 13.60200 53.26000
20 11 20 17 10 15705.80000 5.01200000 428.95000 71.71000 13.60200 53.26000
20 11 20 17 10 15712.50000 5.01200000 429.22000 71.79000 13.60200 53.26000
20 11 20 17 11 15706.90000 5.01200000 429.48000 71.83000 13.60200 53.26000
20 11 20 17 11 15713.80000 5.01200000 429.50000 71.83000 13.60200 53.26000
