M=[
25 1 21 00 32 26828.50000 6.38100000 1181.40000 117.02000 17.54700 74.91600
25 1 21 00 32 26850.00000 6.39100000 1189.13000 117.24000 17.54600 75.10000
25 1 21 00 33 26863.00000 6.40000000 1183.75000 117.04000 17.54600 75.10000
25 1 21 00 33 26850.00000 6.40000000 1185.00000 117.11000 17.54600 75.32800
25 1 21 00 34 26850.10000 6.40200000 1185.46000 117.14000 17.54600 75.32800
25 1 21 00 34 26815.10000 6.40500000 1182.00000 117.14000 17.54600 75.32800
25 1 21 00 34 26815.00000 6.40500000 1182.53000 117.14000 17.54600 75.32800
25 1 21 00 35 26790.00000 6.40500000 1180.67000 116.88000 17.54600 75.32800
25 1 21 00 35 26790.10000 6.41000000 1182.11000 116.88000 17.54600 75.32800
25 1 21 00 36 26790.20000 6.41000000 1186.66000 116.88000 17.50000 75.32800
25 1 21 00 36 26752.90000 6.41000000 1182.65000 116.88000 17.50000 75.32800
25 1 21 00 37 26762.80000 6.41000000 1185.01000 116.88000 17.50000 75.32800
25 1 21 00 37 26776.90000 6.41000000 1185.97000 116.79000 17.50000 75.32800
25 1 21 00 37 26796.70000 6.41000000 1183.61000 116.79000 17.50000 75.32800
25 1 21 00 38 26796.70000 6.41000000 1183.62000 116.79000 17.50000 75.32800
25 1 21 00 38 26801.30000 6.41000000 1185.51000 116.82000 17.50000 75.32800
25 1 21 00 39 26829.00000 6.40300000 1184.48000 116.86000 17.50000 75.32800
25 1 21 00 39 26816.20000 6.40300000 1183.00000 116.90000 17.50000 75.32800
25 1 21 00 40 26813.40000 6.40300000 1183.41000 116.90000 17.50000 75.32800
25 1 21 00 40 26800.10000 6.41000000 1183.87000 116.78000 17.50000 75.32800
25 1 21 00 40 26805.00000 6.41000000 1184.41000 116.78000 17.50000 74.82800
25 1 21 00 41 26805.00000 6.41000000 1184.98000 116.91000 17.50000 74.82800
25 1 21 00 41 26800.00000 6.41000000 1184.98000 117.00000 17.50000 74.82800
25 1 21 00 42 26800.00000 6.41400000 1184.30000 117.21000 17.50000 74.82800
25 1 21 00 42 26795.00000 6.41400000 1183.91000 117.25000 17.50000 74.82800
25 1 21 00 43 26795.20000 6.41400000 1184.12000 117.39000 17.50000 74.82800
25 1 21 00 43 26795.00000 6.41400000 1183.54000 117.54000 17.50000 74.82800
25 1 21 00 43 26793.90000 6.41400000 1183.01000 117.79000 17.50000 74.82800
25 1 21 00 44 26793.90000 6.41400000 1183.32000 117.98000 17.50000 74.82800
25 1 21 00 44 26793.80000 6.43000000 1184.50000 118.36000 17.63500 74.82800
25 1 21 00 45 26845.00000 6.43000000 1188.17000 118.68000 17.63500 74.82800
25 1 21 00 45 26884.70000 6.48100000 1192.41000 118.76000 17.63500 74.82800
25 1 21 00 46 26862.50000 6.48100000 1195.00000 118.68000 17.63500 74.82800
25 1 21 00 46 26887.90000 6.48100000 1195.00000 118.96000 17.63500 74.82800
25 1 21 00 46 26881.70000 6.42900000 1195.71000 119.20000 17.63500 74.82800
25 1 21 00 47 26867.30000 6.42900000 1193.05000 119.07000 17.63500 74.82800
25 1 21 00 47 26845.60000 6.42900000 1194.11000 118.75000 17.63500 74.82800
25 1 21 00 48 26856.10000 6.46500000 1197.08000 118.97000 17.63500 74.82800
25 1 21 00 48 26887.90000 6.46500000 1199.00000 119.46000 17.63500 74.82800
25 1 21 00 49 26897.60000 6.46200000 1200.00000 119.56000 17.63500 74.82800
25 1 21 00 49 26900.00000 6.46200000 1200.83000 119.63000 17.63500 74.82800
25 1 21 00 49 26912.40000 6.46200000 1201.54000 119.77000 17.63500 74.82800
25 1 21 00 50 26908.60000 6.48300000 1204.68000 120.10000 17.63500 74.82800
25 1 21 00 50 26906.80000 6.49000000 1205.00000 120.34000 17.63500 74.82800
25 1 21 00 51 26928.30000 6.49000000 1205.94000 120.34000 17.63500 74.82800
25 1 21 00 51 26922.00000 6.49000000 1206.69000 120.34000 17.63500 74.82800
25 1 21 00 52 26928.70000 6.49000000 1207.69000 120.83000 17.63500 74.82800
25 1 21 00 52 26890.00000 6.49000000 1205.00000 120.60000 17.63500 74.82800
25 1 21 00 52 26885.20000 6.49000000 1205.63000 120.64000 17.63500 74.82800
25 1 21 00 53 26878.90000 6.49000000 1208.00000 120.80000 17.63500 74.82800
25 1 21 00 53 26862.10000 6.49000000 1205.07000 120.80000 17.63500 74.82800
25 1 21 00 54 26850.00000 6.48600000 1200.15000 120.51000 17.63500 74.82800
25 1 21 00 54 26802.50000 6.47300000 1195.74000 119.53000 17.63500 74.82800
25 1 21 00 55 26789.00000 6.47400000 1197.43000 119.83000 17.63500 74.82800
25 1 21 00 55 26794.50000 6.48500000 1198.36000 119.77000 17.63500 74.83200
25 1 21 00 55 26761.10000 6.48500000 1195.29000 119.99000 17.63500 74.83200
25 1 21 00 56 26800.00000 6.49800000 1201.12000 120.26000 17.63500 74.83200
25 1 21 00 56 26799.90000 6.50000000 1196.85000 120.29000 17.63500 74.83200
25 1 21 00 57 26775.60000 6.50300000 1195.85000 120.30000 17.63500 74.83200
25 1 21 00 57 26761.10000 6.50300000 1195.82000 120.01000 17.63500 74.83200
25 1 21 00 58 26721.40000 6.48100000 1192.22000 119.90000 17.63500 74.83200
25 1 21 00 58 26742.70000 6.48200000 1194.23000 119.89000 17.63500 74.83200
25 1 21 00 58 26742.70000 6.48200000 1193.76000 119.85000 17.50600 74.83200
25 1 21 00 59 26742.70000 6.48200000 1192.91000 119.65000 17.50600 74.62100
25 1 21 00 59 26742.70000 6.48000000 1194.22000 119.46000 17.50600 74.46500
25 1 21 01 00 26746.10000 6.48000000 1197.86000 119.46000 17.50600 74.52100
25 1 21 01 00 26743.00000 6.48000000 1194.52000 119.30000 17.50600 74.48900
25 1 21 01 01 26717.90000 6.48000000 1183.81000 119.01000 17.50600 74.23800
25 1 21 01 01 26684.10000 6.47000000 1179.99000 118.70000 17.50600 74.23800
25 1 21 01 01 26651.40000 6.47000000 1181.00000 118.77000 17.50600 74.23800
25 1 21 01 02 26660.80000 6.47400000 1180.40000 118.92000 17.50600 74.13800
25 1 21 01 02 26675.80000 6.47400000 1181.35000 118.99000 17.50600 74.13800
25 1 21 01 03 26675.80000 6.47400000 1182.28000 119.12000 17.50600 74.13800
25 1 21 01 03 26695.60000 6.47400000 1181.62000 119.11000 17.50600 74.13800
25 1 21 01 04 26699.90000 6.45800000 1183.98000 119.02000 17.50600 74.13800
25 1 21 01 04 26736.00000 6.45800000 1186.69000 119.02000 17.50600 74.42000
25 1 21 01 04 26739.10000 6.45800000 1187.92000 119.42000 17.50600 74.42000
25 1 21 01 05 26743.00000 6.45800000 1188.13000 119.33000 17.50600 74.42000
25 1 21 01 05 26800.00000 6.45800000 1188.99000 119.45000 17.50600 74.42000
25 1 21 01 06 26800.00000 6.48600000 1188.23000 119.58000 17.50600 74.42000
25 1 21 01 06 26826.80000 6.48600000 1184.40000 119.42000 17.50600 74.25800
25 1 21 01 07 26778.60000 6.48600000 1183.51000 119.42000 17.50600 74.25800
25 1 21 01 07 26745.10000 6.48600000 1181.32000 119.31000 17.50600 74.25800
25 1 21 01 07 26758.40000 6.47000000 1180.59000 119.26000 17.50600 74.25800
25 1 21 01 08 26703.50000 6.47000000 1177.88000 119.00000 17.50600 74.25800
25 1 21 01 08 26698.30000 6.47000000 1179.58000 119.00000 17.50600 74.25800
25 1 21 01 09 26728.50000 6.49000000 1182.74000 119.01000 17.50600 74.25800
25 1 21 01 09 26724.50000 6.49000000 1183.87000 119.19000 17.50600 74.25800
25 1 21 01 10 26703.20000 6.49000000 1181.55000 119.31000 17.50600 74.25800
25 1 21 01 10 26719.10000 6.49000000 1183.45000 119.53000 17.50600 74.08900
25 1 21 01 10 26719.10000 6.49000000 1183.09000 119.45000 17.50600 74.08900
25 1 21 01 11 26711.70000 6.46300000 1182.72000 119.53000 17.50600 74.08900
25 1 21 01 11 26711.70000 6.46300000 1183.34000 119.50000 17.50600 74.08900
25 1 21 01 12 26747.90000 6.46300000 1183.22000 119.21000 17.50600 74.17000
25 1 21 01 12 26779.10000 6.46300000 1184.29000 119.21000 17.50600 74.17000
25 1 21 01 13 26790.70000 6.46300000 1185.99000 119.50000 17.50600 74.17000
25 1 21 01 13 26731.10000 6.46300000 1182.77000 119.50000 17.50600 74.17000
25 1 21 01 13 26692.90000 6.46300000 1182.96000 119.28000 17.50600 74.17000
25 1 21 01 14 26743.60000 6.46300000 1183.93000 119.26000 17.50600 74.17000
25 1 21 01 14 26743.60000 6.46300000 1184.24000 119.26000 17.50600 74.30400
25 1 21 01 15 26773.30000 6.46300000 1183.40000 119.33000 17.50600 74.30400
25 1 21 01 15 26773.30000 6.46300000 1185.05000 119.50000 17.50600 74.30400
25 1 21 01 16 26805.80000 6.46300000 1186.88000 119.50000 17.50600 74.30400
25 1 21 01 16 26768.60000 6.46300000 1181.27000 119.54000 17.50600 74.30400
25 1 21 01 16 26728.10000 6.46300000 1181.85000 119.27000 17.50600 74.30400
