M=[
 7 8 20 14 13 9953.90000 6.03400000 334.08000 50.50000 17.91000 79.40200
 7 8 20 14 14 9954.00000 6.03200000 334.37000 50.49000 17.91000 79.61900
 7 8 20 14 14 9956.00000 6.03200000 334.32000 50.49000 17.91000 79.61900
 7 8 20 14 15 9947.70000 6.03200000 334.06000 50.56000 17.91000 79.61900
 7 8 20 14 16 9952.20000 6.03200000 333.83000 50.53000 17.91000 79.61900
 7 8 20 14 16 9945.00000 6.03600000 333.02000 50.47000 17.91000 79.61900
 7 8 20 14 17 9902.60000 6.00000000 328.75000 50.02000 17.88300 79.13500
 7 8 20 14 19 9875.10000 5.94100000 325.25000 49.70000 17.84500 78.30500
 7 8 20 14 19 9894.10000 5.94100000 327.93000 50.05000 17.84500 78.46000
 7 8 20 14 20 9869.00000 5.94100000 327.15000 49.75000 17.84500 78.42800
 7 8 20 14 21 9875.50000 5.94100000 327.85000 49.93000 17.84500 78.58400
 7 8 20 14 22 9888.80000 5.94100000 328.62000 50.04000 17.84500 78.58400
 7 8 20 14 23 9873.80000 5.94100000 328.05000 49.92000 17.84500 78.58400
 7 8 20 14 23 9889.30000 5.94100000 327.89000 49.92000 17.84500 78.58400
 7 8 20 14 24 9883.80000 5.94100000 328.50000 49.98000 17.84500 78.58400
 7 8 20 14 25 9882.50000 5.94100000 328.37000 49.91000 17.84500 79.07000
 7 8 20 14 27 9869.90000 5.96300000 327.46000 49.84000 17.84500 78.66100
 7 8 20 14 27 9855.00000 5.96300000 327.06000 49.75000 17.84500 78.91000
 7 8 20 14 28 9853.80000 5.96600000 326.58000 49.59000 17.84500 78.80200
 7 8 20 14 29 9863.80000 5.96600000 327.26000 49.59000 17.84500 78.75900
 7 8 20 14 29 9860.70000 5.96600000 326.76000 49.59000 17.84500 78.68300
 7 8 20 14 30 9858.00000 5.96600000 327.07000 49.72000 17.84500 78.53000
 7 8 20 14 31 9868.10000 5.96600000 327.44000 49.72000 17.84500 78.53000
 7 8 20 14 32 9864.80000 5.96600000 327.25000 49.80000 17.84500 78.85600
 7 8 20 14 33 9873.20000 5.97400000 327.71000 49.80000 17.84500 78.85600
 7 8 20 14 33 9874.70000 5.97400000 328.00000 49.91000 17.84500 78.85600
 7 8 20 14 34 9879.90000 5.98000000 327.99000 49.93000 17.84500 78.85600
 7 8 20 14 34 9884.10000 5.98000000 328.33000 49.89000 17.84500 78.85600
 7 8 20 14 35 9887.90000 5.98000000 328.17000 49.94000 17.84500 79.18800
 7 8 20 14 35 9885.10000 5.98000000 328.10000 49.91000 17.84500 79.09400
 7 8 20 14 36 9890.10000 5.98400000 328.33000 49.93000 17.84500 79.09400
 7 8 20 14 37 9889.30000 5.98400000 328.34000 49.98000 17.84500 79.09400
 7 8 20 14 37 9889.10000 5.98400000 328.59000 49.97000 17.79000 79.23800
 7 8 20 14 38 9885.10000 5.98600000 328.48000 49.92000 17.79000 79.23800
 7 8 20 14 38 9885.10000 5.98600000 328.47000 49.88000 17.79000 79.23800
 7 8 20 14 39 9885.00000 5.98600000 328.03000 49.88000 17.76900 79.23800
 7 8 20 14 39 9872.60000 5.98600000 327.93000 49.79000 17.76900 79.23800
 7 8 20 14 40 9892.20000 5.98600000 328.00000 49.82000 17.76900 79.23800
 7 8 20 14 41 9897.00000 5.98600000 328.53000 49.82000 17.76900 79.23800
 7 8 20 14 41 9883.20000 5.98600000 328.19000 50.04000 17.76900 79.15300
 7 8 20 14 42 9894.30000 5.98700000 328.31000 50.04000 17.76900 79.13100
 7 8 20 14 43 9895.80000 5.98700000 328.26000 50.00000 17.76900 79.13100
 7 8 20 14 43 9895.90000 5.98700000 328.00000 49.90000 17.76900 79.13100
 7 8 20 14 44 9895.90000 5.98700000 328.31000 49.91000 17.76900 79.13100
 7 8 20 14 45 9890.70000 5.98700000 328.17000 49.91000 17.76900 79.13100
 7 8 20 14 45 9890.80000 5.98700000 327.75000 49.91000 17.76900 79.13100
 7 8 20 14 46 9890.70000 5.98700000 327.99000 49.90000 17.76900 79.13100
 7 8 20 14 46 9892.70000 5.97700000 327.90000 49.90000 17.76100 79.13100
 7 8 20 14 47 9884.10000 5.97600000 327.49000 49.82000 17.76100 79.15100
 7 8 20 14 47 9880.40000 5.97600000 327.69000 49.86000 17.76100 79.15100
 7 8 20 14 48 9882.40000 5.97600000 327.37000 49.80000 17.70900 79.15100
 7 8 20 14 49 9880.10000 5.97600000 327.55000 49.80000 17.70800 79.15100
 7 8 20 14 49 9876.00000 5.97600000 326.99000 49.83000 17.70300 79.15100
 7 8 20 14 50 9883.00000 5.96200000 327.49000 49.83000 17.73900 79.15100
 7 8 20 14 50 9883.00000 5.96200000 327.30000 49.89000 17.73900 79.15100
 7 8 20 14 51 9873.30000 5.96200000 326.98000 49.89000 17.73900 79.15100
 7 8 20 14 51 9871.80000 5.96900000 326.76000 49.82000 17.68100 79.15100
 7 8 20 14 52 9872.50000 5.96900000 327.00000 49.82000 17.68000 79.15100
 7 8 20 14 52 9872.60000 5.96900000 327.10000 49.82000 17.68800 79.15100
 7 8 20 14 53 9889.10000 5.96900000 327.69000 49.82000 17.68800 79.11800
 7 8 20 14 53 9890.20000 5.96900000 327.23000 49.98000 17.68800 79.11800
 7 8 20 14 54 9886.10000 5.98300000 327.25000 49.98000 17.73500 79.11800
 7 8 20 14 55 9886.70000 5.98300000 327.25000 49.98000 17.73500 79.11800
 7 8 20 14 55 9879.80000 5.98300000 327.21000 49.98000 17.73500 79.11800
 7 8 20 14 56 9881.60000 5.98300000 327.20000 49.91000 17.70000 79.00900
 7 8 20 14 56 9872.20000 5.98300000 327.00000 49.92000 17.70000 79.00900
 7 8 20 14 57 9874.50000 5.99700000 327.23000 49.94000 17.70000 79.00900
 7 8 20 14 57 9879.60000 5.99700000 327.48000 49.94000 17.70000 79.00900
 7 8 20 14 58 9878.00000 5.99500000 327.01000 49.89000 17.70000 79.00900
 7 8 20 14 58 9878.20000 5.98800000 327.09000 49.89000 17.70000 79.00900
 7 8 20 14 59 9884.10000 5.98800000 327.20000 49.89000 17.70000 79.00900
 7 8 20 15 00 9884.40000 5.98800000 327.11000 49.86000 17.72000 79.00900
 7 8 20 15 00 9886.00000 5.98800000 327.22000 49.86000 17.72000 79.00900
 7 8 20 15 01 9890.30000 5.98800000 327.18000 49.98000 17.72000 78.94000
 7 8 20 15 01 9890.10000 5.99600000 327.19000 49.98000 17.72000 78.94000
 7 8 20 15 02 9890.00000 5.99600000 327.16000 49.98000 17.72000 78.94000
 7 8 20 15 02 9890.10000 5.99600000 327.22000 49.98000 17.72000 78.94000
 7 8 20 15 03 9890.10000 5.99600000 327.41000 49.98000 17.72000 78.94000
 7 8 20 15 03 9890.60000 5.99600000 327.53000 49.98000 17.72000 79.23800
 7 8 20 15 04 9890.60000 5.99600000 327.64000 49.98000 17.72000 79.23800
 7 8 20 15 04 9891.10000 5.99600000 327.74000 49.98000 17.72000 79.23800
 7 8 20 15 05 9891.30000 5.99600000 327.98000 50.01000 17.72000 79.23800
 7 8 20 15 05 9890.60000 5.99600000 327.90000 50.01000 17.72000 79.29100
 7 8 20 15 06 9892.60000 5.99600000 328.00000 50.07000 17.72000 79.29100
 7 8 20 15 07 9895.30000 5.99600000 328.48000 50.07000 17.76800 79.29000
 7 8 20 15 07 9896.10000 6.01000000 328.50000 50.07000 17.76800 79.29100
 7 8 20 15 08 9898.00000 6.01000000 328.40000 50.11000 17.76800 79.29100
 7 8 20 15 08 9895.80000 6.01000000 328.09000 50.05000 17.76800 79.29100
 7 8 20 15 09 9898.00000 6.01000000 328.30000 50.05000 17.76800 79.29100
 7 8 20 15 09 9900.00000 6.01000000 328.66000 50.16000 17.76800 79.44600
 7 8 20 15 10 9898.60000 6.01000000 328.52000 50.16000 17.76800 79.44600
 7 8 20 15 10 9896.00000 6.01000000 328.86000 50.16000 17.76800 79.44600
 7 8 20 15 11 9898.10000 6.00500000 328.87000 50.16000 17.76800 79.44600
 7 8 20 15 11 9898.90000 6.00500000 328.95000 50.16000 17.76800 79.61400
 7 8 20 15 12 9899.60000 6.00500000 328.94000 50.10000 17.76800 79.61400
 7 8 20 15 12 9899.80000 6.00500000 329.22000 50.10000 17.76800 79.61400
 7 8 20 15 13 9899.90000 6.00500000 329.11000 50.12000 17.76800 79.55200
 7 8 20 15 13 9900.00000 6.00500000 328.91000 50.12000 17.76800 79.55200
 7 8 20 15 14 9900.00000 6.00500000 328.94000 50.12000 17.76800 79.73800
 7 8 20 15 14 9899.90000 6.00500000 328.93000 50.12000 17.76800 79.73800
 7 8 20 15 15 9910.90000 6.00500000 328.94000 50.12000 17.76800 79.62900
 7 8 20 15 15 9911.20000 6.00400000 328.94000 50.10000 17.76800 79.82100
 7 8 20 15 16 9918.30000 6.00500000 328.91000 50.10000 17.76800 79.82300
 7 8 20 15 16 9919.20000 6.00500000 329.05000 50.10000 17.76800 79.82300
 7 8 20 15 17 9920.70000 6.00400000 329.17000 50.10000 17.76800 79.82300
 7 8 20 15 17 9920.50000 6.00400000 329.17000 50.10000 17.76800 80.05300
 7 8 20 15 18 9924.60000 6.00400000 329.18000 50.10000 17.76800 80.05600
 7 8 20 15 18 9924.70000 6.00400000 329.14000 50.10000 17.76800 80.05600
 7 8 20 15 19 9923.80000 6.00400000 329.25000 50.09000 17.76800 80.05600
