M=[
 5 3 21 16 56 39950.00000 9.04700000 1238.26000 146.13000 24.56000 98.74700
 5 3 21 16 57 39945.60000 9.04700000 1238.23000 146.13000 24.56000 98.74700
 5 3 21 16 57 39982.20000 9.04700000 1238.51000 146.13000 24.56000 98.74700
 5 3 21 16 57 39978.90000 9.04700000 1238.49000 146.13000 24.56000 98.74700
 5 3 21 16 58 40000.00000 9.04700000 1238.86000 146.13000 24.56000 98.74700
 5 3 21 16 58 39983.50000 9.04700000 1238.92000 146.13000 24.56000 98.74700
 5 3 21 16 59 40011.80000 9.05100000 1241.77000 146.61000 24.56000 99.17000
 5 3 21 16 59 39989.40000 9.05100000 1240.69000 146.61000 24.56000 99.17000
 5 3 21 17 00 40030.00000 9.05100000 1241.00000 146.61000 24.56000 99.17000
 5 3 21 17 00 40027.40000 9.05100000 1240.78000 146.61000 24.56000 99.17000
 5 3 21 17 00 40046.40000 9.05100000 1242.81000 146.79000 24.56000 99.17000
 5 3 21 17 01 40059.90000 9.08600000 1244.41000 146.86000 24.56000 99.17000
 5 3 21 17 01 40082.80000 9.13500000 1245.00000 146.90000 24.56000 99.17000
 5 3 21 17 02 40087.80000 9.13500000 1245.00000 147.04000 24.56000 99.17000
 5 3 21 17 02 40090.00000 9.13500000 1247.82000 147.04000 24.56000 99.17000
 5 3 21 17 03 40090.00000 9.13500000 1246.58000 147.10000 24.56000 99.83500
 5 3 21 17 03 40050.80000 9.13300000 1246.17000 146.98000 24.56000 99.83500
 5 3 21 17 03 40040.70000 9.13300000 1246.20000 146.71000 24.56000 99.83500
 5 3 21 17 04 40020.00000 9.11200000 1247.09000 146.84000 24.56000 99.83500
 5 3 21 17 04 40084.90000 9.11200000 1248.71000 147.04000 24.56000 99.83500
 5 3 21 17 05 40052.00000 9.11200000 1248.82000 146.99000 24.56000 99.83500
 5 3 21 17 05 40008.40000 9.11200000 1247.22000 146.83000 24.56000 99.83500
 5 3 21 17 06 39943.80000 9.11200000 1245.61000 146.83000 24.56000 100.18900
 5 3 21 17 06 39943.30000 9.11200000 1244.63000 146.61000 24.56000 100.26700
 5 3 21 17 06 39969.80000 9.11200000 1244.29000 146.76000 24.56000 100.26700
 5 3 21 17 07 39909.00000 9.11200000 1243.86000 146.76000 24.56000 100.26700
 5 3 21 17 07 39885.40000 9.11200000 1243.21000 146.60000 24.56000 100.26700
 5 3 21 17 08 39830.90000 9.11200000 1241.76000 146.60000 24.56000 100.26700
 5 3 21 17 08 39888.60000 9.09600000 1242.05000 146.60000 24.56000 100.39700
 5 3 21 17 09 39830.80000 9.07400000 1242.21000 146.60000 24.56000 100.39700
 5 3 21 17 09 39819.20000 9.07400000 1240.00000 146.60000 24.56000 100.39700
 5 3 21 17 09 39779.10000 9.07400000 1240.00000 146.23000 24.56000 100.39700
 5 3 21 17 10 39779.00000 9.07400000 1239.94000 146.17000 24.56000 100.39700
 5 3 21 17 10 39829.90000 9.07400000 1241.67000 146.17000 24.56000 100.39700
 5 3 21 17 11 39840.20000 9.07400000 1241.67000 146.71000 24.76200 100.39700
 5 3 21 17 11 39853.90000 9.07400000 1241.67000 146.71000 24.76200 100.39700
 5 3 21 17 12 39865.00000 9.07400000 1242.00000 146.71000 24.76200 100.39700
 5 3 21 17 12 39865.00000 9.07400000 1244.75000 147.00000 24.76200 100.39700
 5 3 21 17 12 39921.10000 9.07400000 1245.61000 147.10000 24.76200 101.06400
 5 3 21 17 13 39920.00000 9.07400000 1245.61000 146.99000 24.76200 101.33500
 5 3 21 17 13 39913.40000 9.07400000 1244.36000 146.90000 24.76200 101.33500
 5 3 21 17 14 39903.00000 9.07400000 1245.08000 146.91000 24.76200 100.63300
 5 3 21 17 14 39901.80000 9.07400000 1244.24000 146.86000 24.76200 100.63300
 5 3 21 17 15 39969.80000 9.07400000 1245.61000 147.11000 24.76200 100.63300
 5 3 21 17 15 40012.30000 9.07400000 1248.98000 147.39000 24.55600 101.13800
 5 3 21 17 15 40034.10000 9.07400000 1249.99000 147.55000 24.55600 101.30500
 5 3 21 17 16 40094.90000 9.14200000 1251.62000 148.09000 24.55600 101.30500
 5 3 21 17 16 40100.00000 9.14200000 1252.40000 148.09000 24.55600 101.19000
 5 3 21 17 17 40080.00000 9.14200000 1250.54000 148.17000 24.55600 100.70700
 5 3 21 17 17 40083.30000 9.14200000 1250.42000 148.04000 24.55600 100.96000
 5 3 21 17 18 40136.70000 9.14200000 1252.51000 148.55000 24.55600 100.98600
 5 3 21 17 18 40168.00000 9.14200000 1253.24000 148.69000 24.55600 100.98600
 5 3 21 17 18 40150.60000 9.14200000 1252.56000 148.83000 24.55600 101.01000
 5 3 21 17 19 40171.60000 9.14200000 1252.77000 148.90000 24.55600 100.86200
 5 3 21 17 19 40180.00000 9.14200000 1252.80000 149.00000 24.55600 100.86200
 5 3 21 17 20 40184.90000 9.14200000 1255.52000 149.10000 24.55600 100.86200
 5 3 21 17 20 40181.40000 9.14200000 1255.40000 148.93000 24.55600 100.93300
 5 3 21 17 21 40178.00000 9.14200000 1254.25000 148.93000 24.55600 100.93300
 5 3 21 17 21 40178.10000 9.14200000 1254.36000 148.93000 24.55600 100.93300
 5 3 21 17 21 40178.00000 9.14200000 1253.19000 148.93000 24.55600 100.70000
 5 3 21 17 22 40133.20000 9.14200000 1252.28000 148.84000 24.55600 100.70000
 5 3 21 17 22 40150.10000 9.14200000 1252.83000 148.83000 24.55600 100.70000
 5 3 21 17 23 40177.50000 9.14200000 1254.88000 149.10000 24.55600 100.70000
 5 3 21 17 23 40183.80000 9.15200000 1254.98000 149.16000 24.55600 100.95000
 5 3 21 17 24 40184.90000 9.15200000 1254.63000 148.99000 24.55600 100.80000
 5 3 21 17 24 40184.90000 9.15200000 1255.06000 148.88000 24.55600 100.85900
 5 3 21 17 24 40184.90000 9.15200000 1255.84000 149.26000 24.55600 100.85900
 5 3 21 17 25 40200.00000 9.15200000 1257.50000 149.32000 24.55600 100.85900
 5 3 21 17 25 40200.00000 9.15200000 1256.37000 149.25000 24.55600 100.85900
 5 3 21 17 26 40233.20000 9.17000000 1258.00000 149.39000 24.55600 100.85900
 5 3 21 17 26 40272.80000 9.17000000 1259.63000 149.32000 24.55600 100.85900
 5 3 21 17 27 40281.50000 9.17000000 1259.69000 149.32000 24.55600 100.65700
 5 3 21 17 27 40281.50000 9.17000000 1259.99000 149.46000 24.55600 100.62800
 5 3 21 17 27 40281.40000 9.17000000 1259.48000 149.47000 24.55600 100.62800
 5 3 21 17 28 40273.20000 9.17000000 1259.63000 149.72000 24.55600 100.62800
 5 3 21 17 28 40276.60000 9.17000000 1259.98000 149.80000 24.55600 100.62800
 5 3 21 17 29 40281.50000 9.17000000 1261.56000 149.95000 24.55600 100.62800
 5 3 21 17 29 40264.00000 9.17000000 1261.57000 149.95000 24.55600 100.62800
 5 3 21 17 30 40236.60000 9.17000000 1258.74000 149.95000 24.55600 100.55000
 5 3 21 17 30 40231.30000 9.17000000 1258.68000 149.35000 24.55600 100.55000
 5 3 21 17 30 40280.00000 9.16800000 1261.58000 149.74000 24.55600 100.55000
 5 3 21 17 31 40279.90000 9.16800000 1261.05000 149.79000 24.55600 100.55000
 5 3 21 17 31 40296.20000 9.16800000 1260.65000 149.73000 24.55600 100.55000
 5 3 21 17 32 40354.90000 9.16800000 1261.04000 149.73000 24.55600 100.60400
 5 3 21 17 32 40361.10000 9.16800000 1261.29000 149.73000 24.55600 100.60400
 5 3 21 17 33 40330.10000 9.16800000 1260.19000 149.79000 24.55600 100.60400
 5 3 21 17 33 40337.80000 9.16800000 1259.34000 149.64000 24.55600 100.60400
 5 3 21 17 33 40330.10000 9.16800000 1258.96000 149.56000 24.55600 100.60400
 5 3 21 17 34 40330.10000 9.16800000 1259.20000 149.56000 24.55600 100.60400
 5 3 21 17 34 40281.50000 9.16800000 1257.48000 149.56000 24.55600 100.60400
 5 3 21 17 35 40191.30000 9.18000000 1254.97000 149.51000 24.55600 100.60400
 5 3 21 17 35 40210.00000 9.18000000 1255.49000 149.12000 24.55600 100.60400
 5 3 21 17 36 40210.00000 9.18000000 1255.52000 149.25000 24.55600 100.60400
 5 3 21 17 36 40260.30000 9.18000000 1256.61000 149.25000 24.55600 100.60400
 5 3 21 17 36 40246.00000 9.18000000 1258.40000 149.31000 24.55600 100.60400
 5 3 21 17 37 40262.70000 9.18000000 1258.86000 149.31000 24.55600 100.60400
 5 3 21 17 37 40212.30000 9.18000000 1257.39000 149.31000 24.55600 100.60400
 5 3 21 17 38 40210.10000 9.18000000 1256.98000 149.31000 24.55600 100.60400
 5 3 21 17 38 40265.60000 9.18000000 1258.66000 149.34000 24.55600 100.60400
 5 3 21 17 39 40263.60000 9.20000000 1261.50000 149.34000 24.55600 100.60400
 5 3 21 17 39 40309.00000 9.20000000 1263.47000 149.34000 24.55600 100.60400
 5 3 21 17 39 40280.40000 9.20000000 1262.83000 149.34000 24.55600 100.60400
 5 3 21 17 40 40306.90000 9.20000000 1263.79000 149.50000 24.55600 100.60400
 5 3 21 17 40 40270.40000 9.20000000 1262.17000 149.50000 24.55600 100.60400
