M=[
18 10 20 02 26 9735.70000 4.77800000 315.63000 40.25000 11.56000 53.92000
18 10 20 02 26 9737.30000 4.77800000 315.63000 40.25000 11.56000 53.92000
18 10 20 02 26 9737.80000 4.77800000 315.63000 40.25000 11.56000 53.92000
18 10 20 02 27 9738.80000 4.77800000 315.63000 40.25000 11.56000 53.92000
18 10 20 02 27 9738.70000 4.77800000 315.63000 40.25000 11.56000 53.92000
18 10 20 02 28 9738.90000 4.77800000 315.63000 40.25000 11.56000 53.92000
18 10 20 02 28 9738.20000 4.77800000 315.63000 40.25000 11.56000 53.92000
18 10 20 02 29 9739.30000 4.77800000 315.62000 40.26000 11.56000 53.92000
18 10 20 02 29 9739.40000 4.77800000 315.62000 40.26000 11.56000 53.92000
18 10 20 02 29 9739.30000 4.77800000 315.60000 40.26000 11.56000 53.92000
18 10 20 02 30 9738.60000 4.77800000 315.60000 40.26000 11.56700 53.92000
18 10 20 02 30 9739.70000 4.77800000 315.60000 40.26000 11.56700 53.92000
18 10 20 02 31 9739.70000 4.77800000 315.61000 40.26000 11.56700 53.92000
18 10 20 02 31 9739.80000 4.77800000 315.64000 40.26000 11.56700 53.92000
18 10 20 02 32 9739.80000 4.77800000 315.60000 40.26000 11.56700 53.92000
18 10 20 02 32 9739.80000 4.77800000 315.61000 40.26000 11.56700 53.92000
18 10 20 02 32 9738.00000 4.77800000 315.61000 40.26000 11.56700 53.92000
18 10 20 02 33 9738.00000 4.77800000 315.61000 40.26000 11.56700 53.92000
18 10 20 02 33 9737.00000 4.77800000 315.61000 40.26000 11.56700 53.92000
18 10 20 02 34 9737.00000 4.77800000 315.61000 40.26000 11.56700 53.92000
18 10 20 02 34 9738.50000 4.77800000 315.61000 40.25000 11.56700 53.84000
18 10 20 02 35 9738.30000 4.77800000 315.61000 40.25000 11.56700 53.84000
18 10 20 02 35 9738.80000 4.77800000 315.61000 40.25000 11.56700 53.84000
18 10 20 02 35 9736.40000 4.77800000 315.72000 40.25000 11.56700 53.82500
18 10 20 02 36 9732.80000 4.77800000 315.43000 40.23000 11.56700 53.81400
18 10 20 02 36 9732.80000 4.77800000 315.43000 40.23000 11.56700 53.81400
18 10 20 02 37 9732.80000 4.77800000 315.43000 40.23000 11.56700 53.81400
18 10 20 02 37 9732.70000 4.77800000 315.43000 40.23000 11.56700 53.81400
18 10 20 02 38 9732.70000 4.77800000 315.43000 40.23000 11.56700 53.81400
18 10 20 02 38 9732.70000 4.77800000 315.43000 40.23000 11.56700 53.81400
18 10 20 02 38 9732.80000 4.77800000 315.43000 40.23000 11.56700 53.81400
18 10 20 02 39 9732.80000 4.77800000 315.43000 40.23000 11.56700 53.81400
18 10 20 02 39 9732.80000 4.77800000 315.43000 40.23000 11.56700 53.81400
18 10 20 02 40 9732.80000 4.77800000 315.57000 40.23000 11.56700 53.81400
18 10 20 02 40 9732.80000 4.77800000 315.57000 40.23000 11.56700 53.81400
18 10 20 02 41 9732.70000 4.77800000 315.57000 40.23000 11.56700 53.81400
18 10 20 02 41 9732.70000 4.77800000 315.57000 40.23000 11.56700 53.81400
18 10 20 02 41 9732.70000 4.77800000 315.57000 40.23000 11.56700 53.81400
18 10 20 02 42 9732.80000 4.77800000 315.57000 40.23000 11.56700 53.78000
18 10 20 02 42 9732.80000 4.77800000 315.57000 40.23000 11.56700 53.78000
18 10 20 02 43 9732.80000 4.77800000 315.56000 40.23000 11.56700 53.78000
18 10 20 02 43 9732.80000 4.77800000 315.56000 40.23000 11.56700 53.77100
18 10 20 02 44 9732.80000 4.77800000 315.56000 40.23000 11.56700 53.77100
18 10 20 02 44 9733.10000 4.77800000 315.56000 40.23000 11.56700 53.77100
18 10 20 02 44 9733.20000 4.77800000 315.56000 40.23000 11.56700 53.77100
18 10 20 02 45 9733.20000 4.77800000 315.56000 40.23000 11.56700 53.77100
18 10 20 02 45 9733.20000 4.77800000 315.57000 40.23000 11.56700 53.77100
18 10 20 02 46 9733.70000 4.77800000 315.57000 40.23000 11.56700 53.77100
18 10 20 02 46 9733.80000 4.77800000 315.57000 40.23000 11.56700 53.77100
18 10 20 02 47 9733.80000 4.77800000 315.57000 40.23000 11.56700 53.77100
18 10 20 02 47 9735.00000 4.77800000 315.57000 40.23000 11.56700 53.77100
18 10 20 02 47 9735.20000 4.78600000 315.57000 40.23000 11.56700 53.83000
18 10 20 02 48 9740.00000 4.78600000 315.57000 40.23000 11.56700 53.83000
18 10 20 02 48 9739.90000 4.78600000 315.57000 40.23000 11.56700 53.83000
18 10 20 02 49 9739.90000 4.78600000 315.57000 40.26000 11.56700 53.83000
18 10 20 02 49 9740.00000 4.78600000 315.57000 40.26000 11.56700 53.83000
18 10 20 02 50 9739.90000 4.78600000 315.57000 40.26000 11.56700 53.83000
18 10 20 02 50 9739.90000 4.78600000 315.57000 40.26000 11.56700 53.83000
18 10 20 02 50 9740.00000 4.78600000 315.57000 40.26000 11.56700 53.83000
18 10 20 02 51 9739.90000 4.78600000 315.57000 40.26000 11.56700 53.83000
18 10 20 02 51 9740.00000 4.78600000 315.57000 40.26000 11.56700 53.82000
18 10 20 02 52 9739.90000 4.78600000 315.57000 40.26000 11.56700 53.82000
18 10 20 02 52 9739.90000 4.78600000 315.57000 40.26000 11.56700 53.82000
18 10 20 02 53 9739.90000 4.78600000 315.57000 40.26000 11.56700 53.82000
18 10 20 02 53 9740.00000 4.78600000 315.57000 40.26000 11.56700 53.82000
18 10 20 02 53 9739.90000 4.78600000 315.57000 40.26000 11.56700 53.82000
18 10 20 02 54 9740.00000 4.78600000 315.57000 40.26000 11.56700 53.82000
18 10 20 02 54 9740.00000 4.78600000 315.57000 40.26000 11.56700 53.82000
18 10 20 02 55 9739.90000 4.78600000 315.57000 40.26000 11.56700 53.82000
18 10 20 02 55 9740.00000 4.78600000 315.57000 40.26000 11.56700 53.82000
18 10 20 02 56 9739.80000 4.78600000 315.57000 40.26000 11.56700 53.82000
18 10 20 02 56 9739.80000 4.78600000 315.74000 40.26000 11.56700 53.82000
18 10 20 02 56 9739.80000 4.78600000 315.74000 40.26000 11.56700 53.82000
18 10 20 02 57 9736.80000 4.78600000 315.74000 40.26000 11.56700 53.82000
18 10 20 02 57 9736.80000 4.78600000 315.74000 40.29000 11.56700 53.82000
18 10 20 02 58 9736.80000 4.78600000 315.74000 40.29000 11.56700 53.82000
18 10 20 02 58 9736.00000 4.78600000 315.74000 40.29000 11.56700 53.82000
18 10 20 02 58 9736.00000 4.78600000 315.74000 40.28000 11.56700 53.82000
18 10 20 02 59 9735.80000 4.78600000 315.74000 40.28000 11.56700 53.82000
18 10 20 02 59 9735.80000 4.78600000 315.74000 40.28000 11.56700 53.82000
18 10 20 03 00 9736.50000 4.78600000 315.68000 40.29000 11.56700 53.82000
18 10 20 03 00 9736.60000 4.78600000 315.68000 40.30000 11.56700 53.82000
18 10 20 03 01 9736.60000 4.78600000 315.68000 40.30000 11.56700 53.82000
18 10 20 03 01 9736.60000 4.78600000 315.68000 40.30000 11.56700 53.82000
18 10 20 03 01 9736.60000 4.78600000 315.68000 40.30000 11.56700 53.82000
18 10 20 03 02 9736.60000 4.78600000 315.68000 40.30000 11.56700 53.82000
18 10 20 03 02 9736.00000 4.78600000 315.68000 40.30000 11.56700 53.82000
18 10 20 03 03 9736.20000 4.78600000 315.68000 40.30000 11.56700 53.82000
18 10 20 03 03 9736.20000 4.78600000 315.68000 40.30000 11.56700 53.82000
18 10 20 03 04 9734.60000 4.78600000 315.68000 40.30000 11.56700 53.82000
18 10 20 03 04 9734.60000 4.78600000 315.68000 40.30000 11.56700 53.82000
18 10 20 03 04 9731.40000 4.78600000 315.68000 40.30000 11.56700 53.82000
18 10 20 03 05 9730.80000 4.78600000 315.68000 40.30000 11.56700 53.82000
18 10 20 03 05 9730.80000 4.78600000 315.68000 40.31000 11.56700 53.82000
18 10 20 03 06 9730.80000 4.78600000 315.68000 40.31000 11.56700 53.82000
18 10 20 03 06 9730.80000 4.78600000 315.68000 40.31000 11.56700 53.82000
18 10 20 03 07 9730.80000 4.78600000 315.68000 40.31000 11.56700 53.82000
18 10 20 03 07 9730.80000 4.78600000 315.68000 40.31000 11.56700 53.82000
18 10 20 03 07 9730.80000 4.78600000 315.68000 40.31000 11.56000 53.82000
18 10 20 03 08 9730.80000 4.78600000 315.68000 40.31000 11.56000 53.82000
18 10 20 03 08 9730.80000 4.78600000 315.68000 40.29000 11.56000 53.82000
18 10 20 03 09 9730.80000 4.78600000 315.68000 40.29000 11.56000 53.82000
18 10 20 03 09 9730.80000 4.78600000 315.68000 40.29000 11.56000 53.82000
18 10 20 03 10 9730.70000 4.78600000 315.68000 40.29000 11.56000 53.82000
18 10 20 03 10 9730.70000 4.78600000 315.68000 40.29000 11.56000 53.82000
18 10 20 03 10 9730.70000 4.78600000 315.68000 40.29000 11.56000 53.82000
18 10 20 03 11 9730.80000 4.78600000 315.68000 40.29000 11.56000 53.82000
18 10 20 03 11 9730.80000 4.78600000 315.68000 40.29000 11.56000 53.82000
