M=[
 5 12 20 14 26 15724.90000 5.05200000 486.72000 68.16000 13.65600 58.93500
 5 12 20 14 26 15719.50000 5.05200000 486.46000 68.16000 13.65600 58.93500
 5 12 20 14 26 15717.10000 5.05200000 486.55000 68.16000 13.65600 58.93500
 5 12 20 14 27 15724.40000 5.05200000 486.50000 68.16000 13.65600 58.93500
 5 12 20 14 27 15721.00000 5.05200000 487.10000 68.14000 13.65600 58.93500
 5 12 20 14 28 15724.40000 5.05200000 487.10000 68.14000 13.65600 58.93500
 5 12 20 14 28 15723.20000 5.05200000 486.74000 68.16000 13.65600 58.93500
 5 12 20 14 29 15724.40000 5.05200000 486.85000 68.17000 13.65600 58.93500
 5 12 20 14 29 15731.70000 5.05200000 486.85000 68.27000 13.65600 58.93500
 5 12 20 14 29 15733.90000 5.05200000 486.85000 68.27000 13.65600 58.93500
 5 12 20 14 30 15733.80000 5.05200000 486.92000 68.19000 13.65600 58.93500
 5 12 20 14 30 15733.90000 5.05200000 486.87000 68.19000 13.65600 58.93500
 5 12 20 14 31 15733.90000 5.05200000 487.00000 68.19000 13.65600 58.93500
 5 12 20 14 31 15719.40000 5.05200000 486.69000 68.19000 13.65600 58.93500
 5 12 20 14 32 15710.70000 5.05200000 486.69000 68.15000 13.65600 58.93500
 5 12 20 14 32 15710.80000 5.05200000 486.56000 68.15000 13.65600 58.93500
 5 12 20 14 32 15712.00000 5.05200000 486.56000 68.15000 13.65600 58.93500
 5 12 20 14 33 15712.40000 5.05200000 486.56000 68.15000 13.65600 58.93500
 5 12 20 14 33 15714.40000 5.05200000 486.60000 68.08000 13.65600 58.93500
 5 12 20 14 34 15717.50000 5.05200000 486.63000 68.08000 13.65600 58.93500
 5 12 20 14 34 15717.50000 5.05200000 487.13000 68.08000 13.65600 58.93500
 5 12 20 14 35 15723.30000 5.05200000 487.31000 68.11000 13.65600 58.93500
 5 12 20 14 35 15723.30000 5.05200000 487.19000 68.11000 13.65600 58.93500
 5 12 20 14 35 15724.40000 5.05200000 487.45000 68.11000 13.65600 58.93500
 5 12 20 14 36 15724.40000 5.05200000 487.40000 68.11000 13.65600 58.93500
 5 12 20 14 36 15724.30000 5.05200000 487.13000 68.11000 13.65600 58.93500
 5 12 20 14 37 15724.40000 5.05200000 487.13000 68.11000 13.65600 58.93500
 5 12 20 14 37 15724.40000 5.05200000 487.36000 68.11000 13.65600 58.93500
 5 12 20 14 38 15730.00000 5.05200000 487.36000 68.11000 13.65600 58.93500
 5 12 20 14 38 15730.00000 5.05200000 487.36000 68.11000 13.65600 58.93500
 5 12 20 14 38 15733.20000 5.05200000 487.50000 68.11000 13.65600 58.93500
 5 12 20 14 39 15733.10000 5.05200000 487.49000 68.11000 13.65600 58.93500
 5 12 20 14 39 15736.90000 5.05200000 487.49000 68.11000 13.65600 58.93500
 5 12 20 14 40 15737.00000 5.05200000 487.50000 68.11000 13.65600 58.93500
 5 12 20 14 40 15737.00000 5.05200000 487.50000 68.17000 13.65600 58.93500
 5 12 20 14 41 15737.00000 5.05200000 487.50000 68.17000 13.65600 58.93500
 5 12 20 14 41 15736.90000 5.05200000 487.94000 68.25000 13.65600 58.93500
 5 12 20 14 41 15749.90000 5.06600000 487.93000 68.25000 13.65600 58.93500
 5 12 20 14 42 15746.30000 5.06600000 487.98000 68.25000 13.65600 58.93500
 5 12 20 14 42 15749.10000 5.06600000 487.98000 68.25000 13.65600 58.93500
 5 12 20 14 43 15744.70000 5.06600000 487.97000 68.20000 13.65600 58.93500
 5 12 20 14 43 15749.30000 5.06600000 487.91000 68.25000 13.65600 58.93500
 5 12 20 14 44 15747.20000 5.06600000 487.57000 68.25000 13.65600 58.93500
 5 12 20 14 44 15749.50000 5.06600000 487.65000 68.21000 13.65600 58.93500
 5 12 20 14 44 15749.50000 5.06600000 487.71000 68.21000 13.65600 58.93500
 5 12 20 14 45 15745.80000 5.06600000 487.71000 68.21000 13.65600 58.93500
 5 12 20 14 45 15748.00000 5.06600000 487.83000 68.21000 13.65600 58.93500
 5 12 20 14 46 15748.00000 5.06600000 487.99000 68.23000 13.65600 58.93500
 5 12 20 14 46 15748.10000 5.06600000 487.99000 68.23000 13.65600 58.93500
 5 12 20 14 47 15748.10000 5.06600000 487.98000 68.23000 13.65600 58.93500
 5 12 20 14 47 15750.80000 5.06600000 487.98000 68.23000 13.65600 58.93500
 5 12 20 14 47 15747.00000 5.06600000 487.98000 68.23000 13.65600 58.93500
 5 12 20 14 48 15744.70000 5.06600000 487.89000 68.23000 13.65600 58.93500
 5 12 20 14 48 15748.90000 5.06600000 488.00000 68.23000 13.65600 58.93500
 5 12 20 14 49 15753.70000 5.06600000 488.00000 68.23000 13.65600 58.93500
 5 12 20 14 49 15753.70000 5.06600000 487.97000 68.23000 13.65600 58.93500
 5 12 20 14 49 15753.60000 5.06600000 487.97000 68.29000 13.65600 58.93500
 5 12 20 14 50 15753.60000 5.06600000 488.25000 68.29000 13.65600 58.93500
 5 12 20 14 50 15754.00000 5.06600000 488.50000 68.38000 13.65600 59.00000
 5 12 20 14 51 15767.40000 5.06600000 488.50000 68.52000 13.65600 59.00000
 5 12 20 14 51 15774.40000 5.07100000 488.70000 68.52000 13.65600 59.00000
 5 12 20 14 52 15775.00000 5.07100000 488.70000 68.52000 13.65600 59.00000
 5 12 20 14 52 15784.80000 5.07100000 488.97000 68.49000 13.65600 59.00000
 5 12 20 14 52 15785.70000 5.07100000 488.98000 68.58000 13.65600 59.00000
 5 12 20 14 53 15781.10000 5.07100000 489.32000 68.58000 13.65600 59.00000
 5 12 20 14 53 15783.00000 5.07100000 489.33000 68.58000 13.65600 59.00000
 5 12 20 14 54 15782.20000 5.07100000 489.33000 68.58000 13.65600 59.00000
 5 12 20 14 54 15785.90000 5.07100000 489.35000 68.58000 13.65600 59.00000
 5 12 20 14 55 15785.90000 5.07100000 489.35000 68.58000 13.65600 59.00000
 5 12 20 14 55 15783.90000 5.07100000 489.35000 68.49000 13.65600 59.00000
 5 12 20 14 55 15782.60000 5.07100000 489.35000 68.49000 13.65600 59.00000
 5 12 20 14 56 15782.60000 5.07100000 489.35000 68.49000 13.65600 59.00000
 5 12 20 14 56 15785.80000 5.07100000 489.36000 68.49000 13.65600 59.00000
 5 12 20 14 57 15785.40000 5.07100000 489.35000 68.49000 13.65600 59.00000
 5 12 20 14 57 15786.00000 5.07100000 489.36000 68.49000 13.65600 59.00000
 5 12 20 14 58 15782.60000 5.07100000 489.35000 68.49000 13.65600 59.00000
 5 12 20 14 58 15785.20000 5.07100000 489.05000 68.47000 13.65600 59.00000
 5 12 20 14 58 15782.70000 5.07100000 489.09000 68.47000 13.65600 59.00000
 5 12 20 14 59 15784.30000 5.07100000 489.17000 68.64000 13.65600 59.00000
 5 12 20 14 59 15784.30000 5.07100000 489.17000 68.64000 13.65600 59.00000
 5 12 20 15 00 15784.20000 5.07100000 489.17000 68.60000 13.65600 59.00000
 5 12 20 15 00 15784.30000 5.07100000 489.17000 68.60000 13.65600 59.00000
 5 12 20 15 01 15784.30000 5.07100000 489.16000 68.60000 13.65600 59.00000
 5 12 20 15 01 15784.30000 5.07100000 489.16000 68.60000 13.65600 59.00000
 5 12 20 15 01 15785.80000 5.07100000 489.16000 68.60000 13.65600 59.00000
 5 12 20 15 02 15784.60000 5.07100000 489.16000 68.60000 13.65600 59.00000
 5 12 20 15 02 15784.60000 5.07100000 489.16000 68.60000 13.65600 59.00000
 5 12 20 15 03 15784.50000 5.07100000 489.17000 68.60000 13.65600 59.00000
 5 12 20 15 03 15800.10000 5.07100000 490.00000 68.78000 13.65600 59.00000
 5 12 20 15 04 15820.00000 5.07100000 490.69000 68.97000 13.65600 59.00000
 5 12 20 15 04 15814.20000 5.07100000 490.80000 68.92000 13.65600 59.00000
 5 12 20 15 04 15814.50000 5.07100000 490.80000 68.89000 13.65600 59.00000
 5 12 20 15 05 15814.50000 5.07100000 491.35000 69.01000 13.65600 59.00000
 5 12 20 15 05 15821.10000 5.07100000 491.83000 69.11000 13.65600 59.00000
 5 12 20 15 06 15825.00000 5.07100000 491.91000 69.15000 13.65600 59.00000
 5 12 20 15 06 15820.10000 5.07100000 491.78000 69.19000 13.65600 59.00000
 5 12 20 15 07 15819.10000 5.07100000 491.78000 69.19000 13.65600 59.00000
 5 12 20 15 07 15822.30000 5.07100000 491.78000 69.19000 13.65600 59.00000
 5 12 20 15 07 15822.30000 5.07100000 491.77000 69.24000 13.65600 59.00000
 5 12 20 15 08 15825.00000 5.07100000 491.77000 69.28000 13.65600 59.00000
 5 12 20 15 08 15825.00000 5.07100000 491.77000 69.29000 13.65600 59.00000
 5 12 20 15 09 15825.00000 5.07100000 491.78000 69.31000 13.65600 59.00000
 5 12 20 15 09 15825.00000 5.07100000 491.78000 69.38000 13.65600 59.00000
 5 12 20 15 10 15824.90000 5.07100000 491.81000 69.38000 13.65600 59.00000
 5 12 20 15 10 15825.90000 5.07100000 491.81000 69.38000 13.65600 59.00000
 5 12 20 15 10 15825.90000 5.07100000 491.77000 69.32000 13.65600 59.00000
