M=[
 6 7 21 14 44 28852.80000 46.38100000 1949.06000 116.70000 18.56100 97.62000
 6 7 21 14 44 28843.60000 46.38100000 1949.06000 116.62000 18.56100 97.62000
 6 7 21 14 45 28835.40000 46.38100000 1947.04000 116.71000 18.56100 97.62000
 6 7 21 14 45 28841.80000 46.38100000 1949.39000 116.71000 18.56100 97.62000
 6 7 21 14 46 28862.00000 46.38100000 1950.00000 116.86000 18.56100 97.62000
 6 7 21 14 46 28870.20000 46.38100000 1950.00000 116.86000 18.56100 97.62000
 6 7 21 14 47 28868.30000 46.38100000 1951.24000 116.86000 18.56100 97.62000
 6 7 21 14 47 28867.00000 46.38100000 1949.61000 116.86000 18.56100 97.62000
 6 7 21 14 47 28867.60000 46.38100000 1949.61000 116.86000 18.56100 97.62000
 6 7 21 14 48 28870.40000 46.38100000 1950.97000 116.93000 18.56100 97.62000
 6 7 21 14 48 28870.30000 46.38100000 1950.97000 116.93000 18.56100 97.62000
 6 7 21 14 49 28870.30000 46.38100000 1951.78000 116.96000 18.56100 97.62000
 6 7 21 14 49 28877.00000 46.38100000 1951.78000 116.96000 18.56100 97.62000
 6 7 21 14 50 28905.80000 46.38100000 1952.48000 116.99000 18.56100 97.62000
 6 7 21 14 50 28906.80000 46.38100000 1952.47000 116.97000 18.56100 98.00400
 6 7 21 14 51 28895.50000 46.38100000 1951.79000 116.87000 18.56100 98.00400
 6 7 21 14 51 28898.80000 46.38100000 1951.78000 116.87000 18.56100 98.00400
 6 7 21 14 51 28896.00000 46.38100000 1951.78000 116.94000 18.56100 98.00400
 6 7 21 14 52 28907.10000 46.38100000 1951.78000 116.94000 18.56100 98.00400
 6 7 21 14 52 28927.00000 46.38100000 1952.00000 117.11000 18.56100 98.00400
 6 7 21 14 53 28943.50000 46.38100000 1955.51000 117.11000 18.56100 98.00400
 6 7 21 14 53 28932.50000 46.38100000 1955.50000 117.11000 18.56100 98.00400
 6 7 21 14 54 28943.70000 46.38100000 1955.51000 117.11000 18.56100 98.00400
 6 7 21 14 54 28934.80000 46.38100000 1955.50000 117.11000 18.56100 98.00400
 6 7 21 14 54 28934.70000 46.38100000 1955.50000 117.00000 18.56100 98.00400
 6 7 21 14 55 28903.90000 46.38100000 1955.00000 116.98000 18.56100 98.00400
 6 7 21 14 55 28903.40000 46.38100000 1955.00000 116.98000 18.56100 98.00400
 6 7 21 14 56 28908.40000 46.38100000 1952.34000 116.96000 18.56100 98.00400
 6 7 21 14 56 28895.30000 46.35900000 1951.94000 116.96000 18.56100 98.00400
 6 7 21 14 57 28903.00000 46.35900000 1951.79000 116.96000 18.56100 98.00400
 6 7 21 14 57 28895.30000 46.35900000 1951.79000 116.82000 18.56100 98.00400
 6 7 21 14 57 28879.60000 46.35300000 1951.27000 116.82000 18.56100 98.00400
 6 7 21 14 58 28896.40000 46.34700000 1951.25000 116.82000 18.56100 98.00400
 6 7 21 14 58 28896.50000 46.34700000 1950.24000 116.82000 18.56100 98.00400
 6 7 21 14 59 28896.40000 46.34700000 1950.00000 116.76000 18.56100 98.00400
 6 7 21 14 59 28884.00000 46.34700000 1948.56000 116.76000 18.56100 98.00400
 6 7 21 15 00 28880.80000 46.34700000 1948.51000 116.72000 18.56100 98.00400
 6 7 21 15 00 28864.30000 46.34700000 1947.85000 116.72000 18.56100 97.48400
 6 7 21 15 00 28824.60000 46.34700000 1944.02000 116.59000 18.56100 97.48400
 6 7 21 15 01 28811.10000 46.34700000 1942.22000 116.50000 18.56100 97.44300
 6 7 21 15 01 28810.10000 46.34700000 1940.68000 116.50000 18.56100 97.44300
 6 7 21 15 02 28801.10000 46.34700000 1940.68000 116.50000 18.56100 97.44300
 6 7 21 15 02 28745.00000 46.34700000 1936.76000 116.26000 18.56100 97.11200
 6 7 21 15 03 28742.50000 46.13500000 1936.11000 116.14000 18.56100 97.11200
 6 7 21 15 03 28708.70000 46.13500000 1934.53000 115.98000 18.56100 97.11200
 6 7 21 15 03 28711.80000 46.13500000 1935.47000 116.01000 18.56100 97.11200
 6 7 21 15 04 28706.70000 46.13500000 1936.05000 116.01000 18.56100 96.96600
 6 7 21 15 04 28706.60000 46.13500000 1934.55000 116.01000 18.56100 96.96600
 6 7 21 15 05 28709.00000 46.13500000 1935.39000 116.01000 18.56100 97.01800
 6 7 21 15 05 28723.20000 46.08900000 1936.46000 116.01000 18.56100 97.01800
 6 7 21 15 06 28727.50000 46.08900000 1938.68000 116.28000 18.56100 97.01800
 6 7 21 15 06 28736.90000 46.08900000 1939.28000 116.28000 18.56100 97.08300
 6 7 21 15 06 28757.20000 46.08900000 1939.28000 116.28000 18.56100 97.08300
 6 7 21 15 07 28758.00000 46.08900000 1938.63000 116.32000 18.56100 97.08300
 6 7 21 15 07 28727.20000 46.08900000 1936.24000 116.32000 18.56100 97.08300
 6 7 21 15 08 28728.10000 46.08900000 1937.39000 116.32000 18.56100 97.24700
 6 7 21 15 08 28723.80000 46.08900000 1937.38000 116.32000 18.56100 97.24100
 6 7 21 15 09 28709.20000 46.08900000 1936.48000 116.32000 18.56100 97.24100
 6 7 21 15 09 28713.10000 46.08900000 1936.49000 116.32000 18.56100 97.24100
 6 7 21 15 10 28706.00000 46.08900000 1935.61000 116.32000 18.56100 97.24100
 6 7 21 15 10 28723.60000 46.08900000 1934.52000 116.06000 18.56100 97.24100
 6 7 21 15 10 28705.90000 46.09000000 1932.54000 116.06000 18.56100 97.24100
 6 7 21 15 11 28708.30000 46.09000000 1934.63000 116.06000 18.56100 97.24100
 6 7 21 15 11 28713.30000 46.09000000 1934.36000 116.02000 18.56100 97.24100
 6 7 21 15 12 28718.30000 46.09000000 1935.23000 116.02000 18.56100 97.24100
 6 7 21 15 12 28718.40000 46.09000000 1935.88000 116.02000 18.29300 97.24100
 6 7 21 15 13 28723.40000 46.09000000 1936.02000 116.02000 18.29300 97.24100
 6 7 21 15 13 28734.20000 46.09000000 1937.02000 116.02000 18.29300 97.24100
 6 7 21 15 13 28737.90000 46.09000000 1937.26000 116.02000 18.29300 97.24100
 6 7 21 15 14 28732.90000 46.09000000 1938.89000 116.02000 18.29300 97.24100
 6 7 21 15 14 28734.90000 46.09000000 1937.37000 116.08000 18.29300 97.24100
 6 7 21 15 15 28718.20000 46.09000000 1937.11000 116.08000 18.29300 97.24100
 6 7 21 15 15 28727.40000 46.09000000 1942.83000 116.08000 18.29300 97.24100
 6 7 21 15 16 28764.90000 46.09000000 1943.20000 116.08000 18.29300 97.24100
 6 7 21 15 16 28810.90000 46.09000000 1945.57000 116.44000 18.29300 97.38800
 6 7 21 15 16 28849.10000 46.09000000 1946.07000 116.44000 18.29300 97.38800
 6 7 21 15 17 28849.10000 46.09000000 1949.24000 116.44000 18.29300 97.38800
 6 7 21 15 17 28881.70000 46.09000000 1950.86000 116.44000 18.29300 97.38800
 6 7 21 15 18 28849.10000 46.09000000 1947.99000 116.44000 18.29300 97.38800
 6 7 21 15 18 28850.90000 46.09000000 1946.78000 116.44000 18.29300 97.38800
 6 7 21 15 19 28837.80000 46.09000000 1944.93000 116.44000 18.29300 97.38800
 6 7 21 15 19 28830.70000 46.09000000 1945.17000 116.44000 18.29300 97.38800
 6 7 21 15 19 28818.40000 46.09000000 1943.23000 116.44000 18.29300 97.38800
 6 7 21 15 20 28821.90000 46.09000000 1944.95000 116.44000 18.29300 97.38800
 6 7 21 15 20 28822.00000 46.09000000 1944.65000 116.54000 18.29300 97.38800
 6 7 21 15 21 28784.20000 46.09000000 1942.06000 116.52000 18.29300 97.38800
 6 7 21 15 21 28760.00000 46.10000000 1940.26000 116.52000 18.29300 97.38800
 6 7 21 15 22 28762.20000 46.10000000 1941.24000 116.38000 18.29300 97.38800
 6 7 21 15 22 28762.30000 46.10000000 1942.81000 116.44000 18.29300 97.38800
 6 7 21 15 22 28781.30000 46.10000000 1942.81000 116.44000 18.29300 97.38800
 6 7 21 15 23 28772.70000 46.10000000 1942.28000 116.51000 18.29300 97.38800
 6 7 21 15 23 28783.40000 46.10000000 1942.28000 116.51000 18.29300 97.38800
 6 7 21 15 24 28783.40000 46.10000000 1942.28000 116.51000 18.29300 97.38800
 6 7 21 15 24 28783.40000 46.10000000 1942.28000 116.51000 18.29300 97.38800
 6 7 21 15 25 28783.40000 46.10000000 1942.28000 116.51000 18.29300 97.38800
 6 7 21 15 25 28783.30000 46.10000000 1940.66000 116.51000 18.29300 97.38800
 6 7 21 15 25 28783.40000 46.10000000 1941.05000 116.51000 18.29300 97.38800
 6 7 21 15 26 28783.40000 46.10000000 1941.05000 116.51000 18.29300 97.38800
 6 7 21 15 26 28800.00000 46.10000000 1941.49000 116.54000 18.29300 97.38800
 6 7 21 15 27 28799.90000 46.10000000 1941.49000 116.54000 18.29300 97.38800
 6 7 21 15 27 28799.90000 46.10000000 1941.49000 116.69000 18.29300 97.38800
 6 7 21 15 28 28800.00000 46.10000000 1941.49000 116.69000 18.29300 97.38800
 6 7 21 15 28 28800.00000 46.10000000 1941.49000 116.69000 18.29300 97.38800
