M=[
17 6 21 12 00 32788.70000 47.16200000 2031.40000 143.04000 20.05500 119.64100
17 6 21 12 01 32780.10000 47.16200000 2028.00000 143.04000 20.05500 119.64100
17 6 21 12 01 32755.10000 47.16200000 2028.00000 142.82000 20.05500 119.60000
17 6 21 12 02 32769.50000 47.16200000 2027.99000 142.91000 20.05500 119.60000
17 6 21 12 02 32759.80000 47.16200000 2028.00000 142.90000 20.05500 119.60000
17 6 21 12 03 32764.60000 47.16200000 2026.20000 142.87000 20.05500 119.54300
17 6 21 12 03 32770.00000 47.16200000 2026.20000 142.87000 20.05500 119.54300
17 6 21 12 03 32759.60000 47.16200000 2027.96000 142.82000 20.05500 119.54300
17 6 21 12 04 32761.60000 47.05300000 2026.15000 142.82000 20.05500 119.43300
17 6 21 12 04 32761.60000 47.05300000 2026.32000 142.81000 20.05500 119.43300
17 6 21 12 05 32761.00000 47.05300000 2026.33000 142.83000 20.12800 119.28200
17 6 21 12 05 32761.00000 47.05300000 2025.38000 142.83000 20.12800 119.32300
17 6 21 12 06 32761.00000 47.05300000 2025.99000 142.88000 20.12800 119.32300
17 6 21 12 06 32776.20000 47.05300000 2024.78000 142.88000 20.12800 119.32300
17 6 21 12 06 32776.00000 47.05300000 2026.39000 142.88000 20.12800 119.32300
17 6 21 12 07 32775.90000 47.05300000 2026.39000 142.88000 20.12800 119.32300
17 6 21 12 07 32776.00000 47.05300000 2026.39000 142.90000 20.12800 119.32300
17 6 21 12 08 32776.00000 47.07800000 2026.39000 142.90000 20.12800 119.32300
17 6 21 12 08 32776.10000 47.07800000 2026.40000 142.90000 20.12800 119.32300
17 6 21 12 09 32780.00000 47.07800000 2026.40000 142.90000 20.12800 119.19400
17 6 21 12 09 32785.00000 47.07800000 2026.40000 142.90000 20.12800 119.19400
17 6 21 12 09 32803.50000 47.07800000 2027.00000 142.90000 20.12800 119.19400
17 6 21 12 10 32780.00000 47.07800000 2026.96000 143.04000 20.12800 119.19400
17 6 21 12 10 32804.10000 47.07800000 2027.00000 143.04000 20.12800 119.19400
17 6 21 12 11 32804.10000 47.07800000 2027.00000 143.09000 20.12800 119.19400
17 6 21 12 11 32781.30000 47.07800000 2027.00000 143.09000 20.12800 119.19400
17 6 21 12 12 32761.00000 47.07800000 2027.01000 143.09000 20.12800 119.19400
17 6 21 12 12 32762.60000 47.07800000 2027.21000 143.09000 20.12800 119.19400
17 6 21 12 12 32762.70000 47.07800000 2026.78000 143.08000 20.12800 119.19400
17 6 21 12 13 32761.00000 47.07800000 2026.21000 143.08000 20.12800 119.19400
17 6 21 12 13 32696.30000 46.95400000 2024.55000 143.01000 20.12800 119.19400
17 6 21 12 14 32616.90000 46.87200000 2017.90000 142.73000 20.12800 119.19400
17 6 21 12 14 32552.30000 46.79900000 2016.19000 142.57000 20.12800 118.60000
17 6 21 12 15 32556.50000 46.79900000 2011.34000 142.57000 20.12800 118.60000
17 6 21 12 15 32545.30000 46.79900000 2010.52000 142.25000 20.12800 118.60000
17 6 21 12 15 32545.30000 46.79900000 2011.30000 142.52000 20.12800 118.60000
17 6 21 12 16 32555.10000 46.79900000 2011.96000 142.52000 19.97600 118.60000
17 6 21 12 16 32538.40000 46.79900000 2009.50000 142.31000 19.97600 118.60000
17 6 21 12 17 32497.10000 46.79900000 2005.56000 142.34000 19.97600 118.60000
17 6 21 12 17 32499.30000 46.79900000 2006.68000 142.34000 19.97600 118.60000
17 6 21 12 18 32499.40000 46.79900000 2007.64000 142.34000 19.97600 118.60000
17 6 21 12 18 32521.20000 46.75400000 2009.99000 142.34000 19.97600 118.67400
17 6 21 12 18 32501.20000 46.75400000 2008.06000 142.34000 19.97600 118.67400
17 6 21 12 19 32502.40000 46.75400000 2007.77000 142.31000 19.97600 118.58300
17 6 21 12 19 32502.40000 46.75400000 2006.87000 142.31000 19.97600 118.58300
17 6 21 12 20 32502.40000 46.75400000 2008.26000 142.31000 19.97600 118.58300
17 6 21 12 20 32502.40000 46.75400000 2008.26000 142.31000 19.97600 118.58300
17 6 21 12 21 32502.30000 46.80700000 2009.37000 142.38000 19.97600 118.58300
17 6 21 12 21 32508.10000 46.80700000 2009.89000 142.31000 19.97600 118.58300
17 6 21 12 21 32505.30000 46.80700000 2010.42000 142.31000 19.97600 118.58300
17 6 21 12 22 32510.80000 46.80700000 2009.84000 142.31000 19.97600 118.43400
17 6 21 12 22 32511.00000 46.80700000 2010.90000 142.57000 20.08000 118.43400
17 6 21 12 23 32549.90000 46.80700000 2011.43000 142.57000 20.08000 118.43400
17 6 21 12 23 32552.50000 46.80700000 2012.90000 142.58000 20.08000 118.43400
17 6 21 12 24 32549.10000 46.80700000 2011.45000 142.58000 20.08000 118.43400
17 6 21 12 24 32552.40000 46.80700000 2011.98000 142.58000 20.08000 118.43400
17 6 21 12 24 32525.10000 46.80700000 2009.95000 142.52000 20.08000 118.43400
17 6 21 12 25 32508.10000 46.80700000 2007.56000 142.52000 20.08000 118.43400
17 6 21 12 25 32529.30000 46.80700000 2007.56000 142.52000 20.08000 118.43400
17 6 21 12 26 32509.70000 46.80700000 2007.56000 142.41000 20.08000 118.36400
17 6 21 12 26 32502.40000 46.80700000 2003.23000 142.32000 20.08000 118.36400
17 6 21 12 27 32460.50000 46.80700000 2000.49000 142.24000 20.08000 118.36400
17 6 21 12 27 32443.60000 46.80700000 2001.64000 142.24000 20.08000 118.31300
17 6 21 12 27 32438.80000 46.80700000 2000.48000 142.30000 20.08000 118.31300
17 6 21 12 28 32438.70000 46.68100000 2001.04000 142.30000 20.08000 118.31300
17 6 21 12 28 32466.50000 46.68100000 2002.95000 142.30000 20.08000 118.31300
17 6 21 12 29 32474.00000 46.68100000 2003.57000 142.25000 20.08000 118.31300
17 6 21 12 29 32462.90000 46.68100000 2003.24000 142.22000 19.92500 118.31300
17 6 21 12 30 32465.10000 46.68100000 2004.30000 142.22000 19.92500 118.31300
17 6 21 12 30 32432.10000 46.68100000 2003.51000 142.22000 19.92500 118.31300
17 6 21 12 30 32404.80000 46.68100000 2002.64000 142.22000 19.92500 118.31300
17 6 21 12 31 32411.20000 46.68100000 2002.17000 142.23000 19.92500 118.31300
17 6 21 12 31 32425.20000 46.72500000 2002.13000 142.23000 19.92500 118.31300
17 6 21 12 32 32444.90000 46.72500000 2001.99000 142.29000 19.92500 118.31300
17 6 21 12 32 32429.70000 46.72500000 2002.00000 142.54000 19.92500 118.31300
17 6 21 12 33 32426.20000 46.72500000 2001.99000 142.54000 19.92500 118.31300
17 6 21 12 33 32427.40000 46.72500000 2001.92000 142.53000 19.92500 118.31300
17 6 21 12 33 32410.40000 46.72500000 2001.13000 142.53000 19.92500 118.31300
17 6 21 12 34 32410.50000 46.72500000 2000.69000 142.53000 19.92500 118.07300
17 6 21 12 34 32400.00000 46.72500000 2000.71000 142.53000 19.92500 118.07300
17 6 21 12 35 32400.10000 46.72500000 2000.70000 142.53000 19.92500 118.07300
17 6 21 12 35 32415.20000 46.72500000 2000.00000 142.51000 19.92500 118.07300
17 6 21 12 36 32429.10000 46.72500000 2000.02000 142.44000 19.92500 118.07300
17 6 21 12 36 32429.50000 46.72500000 2000.00000 142.51000 19.92500 118.07300
17 6 21 12 36 32427.90000 46.72500000 2000.00000 142.51000 19.92500 118.07300
17 6 21 12 37 32429.90000 46.72500000 1999.50000 142.51000 19.92500 118.07300
17 6 21 12 37 32429.90000 46.72500000 1999.69000 142.51000 19.92500 118.07300
17 6 21 12 38 32448.80000 46.72500000 2000.00000 142.51000 19.92500 118.07300
17 6 21 12 38 32490.40000 46.72500000 2002.00000 142.51000 19.92500 118.07300
17 6 21 12 39 32501.90000 46.72500000 2003.52000 142.51000 19.92500 118.07300
17 6 21 12 39 32488.20000 46.72500000 2003.72000 142.62000 19.92500 118.07300
17 6 21 12 39 32464.30000 46.72500000 2003.53000 142.62000 19.92500 118.29800
17 6 21 12 40 32500.40000 46.72500000 2003.71000 142.62000 19.92500 118.29800
17 6 21 12 40 32502.00000 46.72500000 2003.71000 142.62000 19.92500 118.29800
17 6 21 12 41 32502.00000 46.72500000 2003.49000 142.62000 19.92500 118.29800
17 6 21 12 41 32492.40000 46.72500000 2002.64000 142.65000 19.92500 118.29800
17 6 21 12 42 32495.70000 46.72500000 2003.11000 142.57000 19.92500 118.29800
17 6 21 12 42 32502.00000 46.78100000 2002.29000 142.57000 19.92500 118.29800
17 6 21 12 42 32476.90000 46.78100000 2001.00000 142.57000 19.92500 118.29800
17 6 21 12 43 32472.60000 46.78100000 2001.00000 142.57000 19.92500 118.29800
17 6 21 12 43 32450.10000 46.78100000 1999.01000 142.57000 19.92500 118.29800
17 6 21 12 44 32465.30000 46.78100000 2000.24000 142.57000 19.92500 118.03800
