M=[
 6 3 21 07 12 41071.60000 9.42300000 1328.70000 153.95000 26.02000 103.39700
 6 3 21 07 12 41055.30000 9.42300000 1328.70000 153.95000 26.02000 103.39700
 6 3 21 07 13 41049.40000 9.42300000 1327.61000 153.95000 26.02000 103.39700
 6 3 21 07 13 41049.30000 9.42300000 1328.10000 153.64000 26.02000 103.39700
 6 3 21 07 14 41057.70000 9.42300000 1328.14000 153.64000 26.02000 103.39700
 6 3 21 07 14 41071.00000 9.42300000 1328.98000 153.76000 26.02000 103.39700
 6 3 21 07 14 41080.00000 9.42300000 1328.98000 153.76000 26.02000 103.39700
 6 3 21 07 15 41084.60000 9.42600000 1328.81000 153.90000 26.02000 103.39700
 6 3 21 07 15 41105.10000 9.42600000 1329.74000 153.90000 26.02000 103.57500
 6 3 21 07 16 41105.10000 9.42600000 1330.00000 153.90000 26.02000 103.57500
 6 3 21 07 16 41101.90000 9.40000000 1329.49000 154.06000 26.02000 103.57500
 6 3 21 07 17 41155.30000 9.40000000 1330.16000 154.05000 26.02000 103.57500
 6 3 21 07 17 41119.20000 9.40000000 1330.23000 153.97000 26.02000 103.57500
 6 3 21 07 17 41119.20000 9.40000000 1330.80000 153.99000 26.02000 103.57500
 6 3 21 07 18 41146.00000 9.40000000 1331.18000 153.94000 26.02000 103.57500
 6 3 21 07 18 41146.00000 9.40000000 1330.18000 153.94000 26.02000 103.57500
 6 3 21 07 19 41119.30000 9.40000000 1330.00000 153.85000 26.02000 103.57500
 6 3 21 07 19 41119.30000 9.40000000 1329.99000 153.85000 26.02000 103.57500
 6 3 21 07 20 41119.20000 9.40000000 1329.99000 153.85000 26.02000 103.57500
 6 3 21 07 20 41158.20000 9.40000000 1333.61000 153.90000 26.02000 103.77600
 6 3 21 07 20 41172.20000 9.40000000 1334.10000 153.90000 26.02000 103.77600
 6 3 21 07 21 41172.80000 9.40000000 1333.56000 153.90000 26.02000 103.77600
 6 3 21 07 21 41209.90000 9.40000000 1337.32000 154.24000 26.02000 103.77600
 6 3 21 07 22 41251.60000 9.40000000 1336.87000 154.24000 26.02000 103.77600
 6 3 21 07 22 41252.00000 9.40000000 1336.87000 154.50000 26.02000 103.77600
 6 3 21 07 22 41259.40000 9.40000000 1337.32000 154.82000 26.02000 103.77600
 6 3 21 07 23 41259.40000 9.40000000 1337.88000 154.82000 26.02000 103.77600
 6 3 21 07 23 41259.30000 9.40000000 1337.33000 154.72000 26.02000 103.77600
 6 3 21 07 24 41259.40000 9.40000000 1336.68000 154.52000 26.02000 103.77600
 6 3 21 07 24 41259.40000 9.40000000 1337.58000 154.52000 26.02000 103.77600
 6 3 21 07 25 41253.60000 9.40000000 1337.91000 154.52000 26.02000 103.77600
 6 3 21 07 25 41246.90000 9.40000000 1335.55000 154.52000 26.02000 103.77600
 6 3 21 07 25 41225.90000 9.40000000 1333.54000 154.59000 26.02000 103.77600
 6 3 21 07 26 41257.30000 9.40000000 1334.97000 154.53000 26.02000 103.77600
 6 3 21 07 26 41256.20000 9.40000000 1333.93000 154.53000 26.02000 103.77600
 6 3 21 07 27 41231.90000 9.42900000 1333.00000 154.53000 26.02000 103.77600
 6 3 21 07 27 41231.90000 9.42900000 1332.70000 154.54000 26.02000 103.77600
 6 3 21 07 28 41244.40000 9.42900000 1332.70000 154.45000 26.02000 103.77600
 6 3 21 07 28 41211.80000 9.42900000 1332.06000 154.45000 26.02000 103.77600
 6 3 21 07 28 41197.20000 9.42900000 1331.32000 154.45000 26.02000 103.77600
 6 3 21 07 29 41192.90000 9.42900000 1331.66000 154.45000 26.02000 103.77600
 6 3 21 07 29 41259.40000 9.42900000 1331.31000 154.42000 26.02000 103.77600
 6 3 21 07 30 41259.40000 9.42900000 1330.42000 154.42000 26.02000 103.77600
 6 3 21 07 30 41206.80000 9.42700000 1331.29000 154.42000 26.02000 103.77600
 6 3 21 07 31 41193.10000 9.42700000 1330.00000 154.24000 26.02000 103.77600
 6 3 21 07 31 41201.40000 9.42700000 1330.19000 154.26000 26.02000 103.77600
 6 3 21 07 31 41196.40000 9.42700000 1330.02000 154.22000 26.02000 103.77600
 6 3 21 07 32 41182.00000 9.42700000 1330.02000 154.22000 26.02000 103.77600
 6 3 21 07 32 41197.30000 9.42700000 1330.01000 154.22000 26.02000 103.77600
 6 3 21 07 33 41192.60000 9.42700000 1330.01000 154.28000 26.01800 103.77600
 6 3 21 07 33 41191.80000 9.42700000 1329.01000 154.28000 26.01800 103.77600
 6 3 21 07 34 41185.10000 9.42700000 1328.27000 154.28000 26.01800 103.77600
 6 3 21 07 34 41186.70000 9.42700000 1328.71000 154.28000 26.02000 103.77600
 6 3 21 07 34 41195.30000 9.42700000 1329.48000 154.28000 26.02000 103.77600
 6 3 21 07 35 41177.80000 9.42700000 1329.03000 154.21000 26.02000 103.77600
 6 3 21 07 35 41188.30000 9.42700000 1330.00000 154.21000 26.02000 103.77600
 6 3 21 07 36 41203.00000 9.42700000 1330.00000 154.21000 26.02000 103.77600
 6 3 21 07 36 41190.10000 9.42700000 1330.10000 154.21000 26.02000 103.77600
 6 3 21 07 37 41188.40000 9.42700000 1331.40000 154.21000 26.02000 103.77600
 6 3 21 07 37 41180.60000 9.42700000 1331.13000 154.37000 26.02000 103.77600
 6 3 21 07 37 41162.30000 9.42700000 1331.14000 154.37000 26.02000 103.77600
 6 3 21 07 38 41161.90000 9.42700000 1331.13000 154.37000 26.02000 103.77600
 6 3 21 07 38 41148.50000 9.42700000 1331.13000 154.37000 26.02000 103.77600
 6 3 21 07 39 41151.10000 9.42700000 1331.21000 154.28000 26.02000 103.77600
 6 3 21 07 39 41144.40000 9.42700000 1330.01000 154.17000 26.02000 103.77600
 6 3 21 07 40 41140.20000 9.42700000 1330.01000 154.17000 26.02000 103.77600
 6 3 21 07 40 41137.70000 9.42700000 1330.01000 154.17000 26.02000 103.77600
 6 3 21 07 40 41134.40000 9.42700000 1329.92000 154.17000 26.02000 103.77600
 6 3 21 07 41 41132.60000 9.42700000 1329.92000 154.17000 26.02000 103.77600
 6 3 21 07 41 41138.90000 9.42700000 1330.76000 154.17000 26.02000 103.77600
 6 3 21 07 42 41128.70000 9.42700000 1328.99000 154.20000 26.02000 103.77600
 6 3 21 07 42 41125.30000 9.43700000 1329.93000 154.14000 26.02000 103.77600
 6 3 21 07 43 41128.50000 9.43700000 1329.93000 154.14000 26.02000 103.77600
 6 3 21 07 43 41130.00000 9.43700000 1329.85000 154.14000 26.02000 103.77600
 6 3 21 07 43 41130.00000 9.43700000 1329.27000 154.14000 26.02000 103.77600
 6 3 21 07 44 41138.90000 9.41300000 1329.28000 154.21000 26.02000 104.17300
 6 3 21 07 44 41139.00000 9.41300000 1329.28000 154.21000 26.02000 104.17300
 6 3 21 07 45 41139.00000 9.41300000 1329.60000 154.21000 26.02000 104.17300
 6 3 21 07 45 41139.00000 9.41300000 1329.60000 154.21000 26.02000 104.17300
 6 3 21 07 46 41138.90000 9.41300000 1329.95000 154.21000 26.02000 104.17300
 6 3 21 07 46 41139.00000 9.41300000 1329.95000 154.21000 26.02000 104.17300
 6 3 21 07 46 41136.10000 9.41300000 1329.81000 154.21000 26.02000 104.17300
 6 3 21 07 47 41136.10000 9.41300000 1329.81000 154.21000 26.02000 104.17300
 6 3 21 07 47 41136.10000 9.41300000 1329.61000 154.21000 26.02000 104.17300
 6 3 21 07 48 41139.00000 9.41300000 1330.00000 154.59000 26.02000 104.17300
 6 3 21 07 48 41139.00000 9.41300000 1329.99000 154.71000 26.02000 104.17300
 6 3 21 07 49 41139.00000 9.41300000 1329.99000 154.71000 26.02000 104.17300
 6 3 21 07 49 41138.90000 9.41300000 1329.50000 154.71000 26.01800 104.17300
 6 3 21 07 49 41139.00000 9.41300000 1329.50000 154.46000 26.01800 104.17300
 6 3 21 07 50 41139.00000 9.41300000 1329.50000 154.48000 26.01800 104.17300
 6 3 21 07 50 41168.30000 9.41300000 1331.50000 154.48000 26.01800 104.17300
 6 3 21 07 51 41168.20000 9.41300000 1331.30000 154.48000 26.01800 104.16700
 6 3 21 07 51 41168.30000 9.41300000 1331.30000 154.43000 26.01800 104.16700
 6 3 21 07 52 41166.90000 9.41300000 1331.50000 154.43000 26.01800 104.16700
 6 3 21 07 52 41166.90000 9.41300000 1330.68000 154.43000 26.01800 104.16700
 6 3 21 07 52 41166.90000 9.41300000 1330.36000 154.35000 26.01800 103.97900
 6 3 21 07 53 41166.80000 9.41300000 1330.18000 154.36000 26.01900 103.97900
 6 3 21 07 53 41166.80000 9.41300000 1332.02000 154.52000 26.01900 103.97900
 6 3 21 07 54 41154.50000 9.41300000 1331.40000 154.52000 26.01900 103.97900
 6 3 21 07 54 41150.20000 9.41300000 1331.11000 154.52000 26.01900 104.17400
 6 3 21 07 55 41141.10000 9.41300000 1331.41000 154.52000 26.01900 104.23300
 6 3 21 07 55 41140.60000 9.41300000 1330.73000 154.40000 25.91100 104.26100
 6 3 21 07 55 41140.60000 9.41300000 1330.71000 154.40000 25.91100 104.26100
