M=[
20 9 20 08 42 9278.00000 5.19600000 321.76000 40.72000 13.21300 48.84400
20 9 20 08 42 9278.00000 5.19600000 321.76000 40.72000 13.21300 48.84400
20 9 20 08 43 9278.10000 5.19600000 321.76000 40.73000 13.21300 48.84400
20 9 20 08 43 9278.00000 5.19600000 321.89000 40.73000 13.21300 48.84400
20 9 20 08 44 9278.00000 5.19600000 321.89000 40.73000 13.21300 48.84400
20 9 20 08 44 9278.00000 5.19600000 321.90000 40.73000 13.21300 48.84400
20 9 20 08 44 9278.00000 5.19600000 321.90000 40.73000 13.21300 48.84400
20 9 20 08 45 9278.10000 5.19600000 321.83000 40.73000 13.21300 48.84400
20 9 20 08 45 9278.00000 5.19600000 321.83000 40.73000 13.21300 48.84400
20 9 20 08 46 9278.00000 5.19600000 321.84000 40.73000 13.21300 48.84400
20 9 20 08 46 9278.00000 5.19600000 321.84000 40.73000 13.21300 48.84400
20 9 20 08 47 9278.10000 5.19600000 321.82000 40.73000 13.21300 48.84400
20 9 20 08 47 9278.10000 5.19600000 321.80000 40.73000 13.21300 48.84400
20 9 20 08 47 9278.00000 5.19600000 321.80000 40.73000 13.21300 48.84400
20 9 20 08 48 9278.60000 5.19600000 321.89000 40.73000 13.21300 48.84400
20 9 20 08 48 9278.60000 5.19600000 321.89000 40.73000 13.21300 48.84400
20 9 20 08 49 9278.60000 5.19600000 321.91000 40.73000 13.21300 48.84400
20 9 20 08 49 9278.60000 5.19600000 321.89000 40.73000 13.21300 48.77100
20 9 20 08 50 9278.60000 5.19600000 321.89000 40.73000 13.21300 48.77100
20 9 20 08 50 9278.70000 5.19600000 321.94000 40.71000 13.21300 48.77100
20 9 20 08 50 9278.70000 5.19600000 321.86000 40.71000 13.21300 48.77100
20 9 20 08 51 9278.60000 5.19600000 321.82000 40.71000 13.21300 48.77100
20 9 20 08 51 9278.70000 5.19600000 321.81000 40.71000 13.21300 48.77100
20 9 20 08 52 9278.60000 5.19600000 321.81000 40.71000 13.21300 48.77100
20 9 20 08 52 9278.60000 5.19600000 321.81000 40.71000 13.21300 48.77100
20 9 20 08 53 9278.90000 5.19600000 321.81000 40.71000 13.21300 48.77100
20 9 20 08 53 9278.10000 5.19600000 321.81000 40.71000 13.21300 48.77100
20 9 20 08 53 9279.40000 5.19600000 321.81000 40.71000 13.21300 48.77100
20 9 20 08 54 9278.90000 5.19600000 321.81000 40.71000 13.21300 48.77100
20 9 20 08 54 9278.90000 5.19600000 321.80000 40.71000 13.21300 48.77100
20 9 20 08 55 9278.00000 5.19600000 321.39000 40.71000 13.21300 48.77100
20 9 20 08 55 9278.10000 5.19600000 321.39000 40.71000 13.21300 48.77100
20 9 20 08 56 9278.10000 5.19600000 321.39000 40.69000 13.21300 48.77100
20 9 20 08 56 9278.10000 5.19600000 321.38000 40.69000 13.21300 48.77100
20 9 20 08 56 9278.00000 5.19600000 321.68000 40.69000 13.21300 48.77100
20 9 20 08 57 9278.10000 5.19600000 321.59000 40.69000 13.21300 48.77100
20 9 20 08 57 9278.00000 5.19600000 321.59000 40.69000 13.21300 48.77100
20 9 20 08 58 9278.00000 5.19600000 321.59000 40.69000 13.21300 48.77100
20 9 20 08 58 9278.10000 5.19600000 321.67000 40.69000 13.21300 48.77100
20 9 20 08 59 9278.10000 5.19600000 321.67000 40.69000 13.18600 48.77100
20 9 20 08 59 9278.10000 5.19600000 321.67000 40.69000 13.18600 48.77100
20 9 20 08 59 9278.10000 5.19600000 321.43000 40.69000 13.18600 48.77100
20 9 20 09 00 9278.10000 5.19600000 321.43000 40.69000 13.18600 48.77100
20 9 20 09 00 9276.00000 5.19600000 321.43000 40.69000 13.18600 48.77100
20 9 20 09 01 9275.90000 5.19600000 321.43000 40.69000 13.18600 48.77100
20 9 20 09 01 9275.10000 5.19600000 320.44000 40.66000 13.18600 48.76600
20 9 20 09 02 9275.10000 5.19600000 320.59000 40.63000 13.18600 48.76600
20 9 20 09 02 9275.10000 5.19100000 320.25000 40.63000 13.18600 48.65500
20 9 20 09 02 9275.10000 5.19100000 320.25000 40.63000 13.18600 48.65500
20 9 20 09 03 9275.00000 5.19100000 320.25000 40.59000 13.18600 48.65500
20 9 20 09 03 9273.60000 5.19100000 320.28000 40.59000 13.18600 48.65500
20 9 20 09 04 9273.60000 5.19100000 320.20000 40.59000 13.18600 48.65500
20 9 20 09 04 9273.60000 5.19100000 320.13000 40.63000 13.18600 48.65500
20 9 20 09 05 9273.60000 5.19100000 320.18000 40.63000 13.18600 48.65500
20 9 20 09 05 9273.50000 5.19100000 320.18000 40.63000 13.18600 48.65500
20 9 20 09 06 9273.50000 5.19100000 320.25000 40.63000 13.18600 48.65500
20 9 20 09 06 9272.90000 5.19100000 320.24000 40.63000 13.18600 48.65500
20 9 20 09 06 9271.20000 5.19100000 320.24000 40.40000 13.18600 48.65500
20 9 20 09 07 9271.10000 5.19100000 320.14000 40.43000 13.18600 48.65500
20 9 20 09 07 9271.20000 5.19100000 320.60000 40.50000 13.18600 48.65500
20 9 20 09 08 9271.10000 5.19100000 320.60000 40.50000 13.18600 48.65500
20 9 20 09 08 9271.20000 5.19100000 320.60000 40.50000 13.18600 48.65500
20 9 20 09 09 9271.10000 5.19100000 320.60000 40.50000 13.18600 48.65500
20 9 20 09 09 9271.10000 5.19100000 320.60000 40.50000 13.18600 48.65500
20 9 20 09 09 9271.10000 5.19100000 320.60000 40.45000 13.18600 48.65500
20 9 20 09 10 9266.20000 5.19100000 320.60000 40.45000 13.18600 48.65500
20 9 20 09 10 9266.20000 5.19100000 320.60000 40.45000 13.18600 48.65500
20 9 20 09 11 9266.80000 5.19100000 320.60000 40.45000 13.18600 48.65500
20 9 20 09 11 9267.80000 5.19100000 320.60000 40.45000 13.18600 48.65500
20 9 20 09 12 9267.80000 5.19100000 320.52000 40.45000 13.18600 48.65500
20 9 20 09 12 9266.10000 5.19100000 320.52000 40.45000 13.18600 48.65500
20 9 20 09 12 9267.90000 5.19100000 320.78000 40.45000 13.18600 48.65500
20 9 20 09 13 9268.30000 5.19100000 320.78000 40.45000 13.18600 48.65500
20 9 20 09 13 9269.20000 5.19100000 320.78000 40.50000 13.18600 48.65500
20 9 20 09 14 9268.30000 5.19100000 320.78000 40.50000 13.18600 48.65500
20 9 20 09 14 9268.20000 5.20000000 320.78000 40.50000 13.18600 48.65500
20 9 20 09 15 9265.60000 5.20000000 320.78000 40.50000 13.18600 48.65500
20 9 20 09 15 9265.70000 5.20000000 320.78000 40.50000 13.18600 48.65500
20 9 20 09 15 9265.60000 5.20000000 320.38000 40.50000 13.18600 48.65500
20 9 20 09 16 9265.60000 5.20000000 320.38000 40.50000 13.18600 48.65500
20 9 20 09 16 9265.10000 5.20000000 320.38000 40.50000 13.18600 48.65500
20 9 20 09 17 9265.30000 5.20000000 320.38000 40.50000 13.18600 48.65500
20 9 20 09 17 9265.30000 5.20000000 320.70000 40.50000 13.18600 48.65500
20 9 20 09 18 9265.00000 5.20000000 320.57000 40.50000 13.18600 48.65500
20 9 20 09 18 9265.80000 5.20000000 320.57000 40.50000 13.18600 48.65500
20 9 20 09 18 9265.10000 5.20000000 320.46000 40.49000 13.18600 48.65500
20 9 20 09 19 9265.00000 5.20000000 320.46000 40.49000 13.18600 48.65500
20 9 20 09 19 9265.10000 5.20000000 320.46000 40.49000 13.18600 48.65500
20 9 20 09 20 9265.00000 5.20000000 320.40000 40.47000 13.18600 48.65500
20 9 20 09 20 9261.50000 5.20000000 320.40000 40.47000 13.18600 48.65500
20 9 20 09 21 9261.50000 5.20000000 320.40000 40.47000 13.18600 48.65500
20 9 20 09 21 9260.10000 5.20000000 320.40000 40.47000 13.18600 48.65500
20 9 20 09 21 9260.30000 5.20000000 320.40000 40.47000 13.18600 48.65500
20 9 20 09 22 9263.50000 5.19000000 320.65000 40.47000 13.18600 48.65500
20 9 20 09 22 9265.80000 5.19000000 320.64000 40.47000 13.18600 48.65500
20 9 20 09 23 9265.80000 5.19000000 320.67000 40.47000 13.18600 48.65500
20 9 20 09 23 9265.80000 5.19000000 320.67000 40.47000 13.18600 48.65500
20 9 20 09 24 9265.80000 5.19000000 320.67000 40.47000 13.18600 48.65500
20 9 20 09 24 9265.80000 5.19000000 320.67000 40.47000 13.18600 48.65500
20 9 20 09 24 9265.70000 5.19000000 320.63000 40.47000 13.18600 48.65500
20 9 20 09 25 9267.80000 5.19000000 320.57000 40.49000 13.18600 48.65500
20 9 20 09 25 9265.80000 5.19000000 320.59000 40.49000 13.18600 48.65500
20 9 20 09 26 9265.20000 5.19000000 320.48000 40.49000 13.18600 48.65500
20 9 20 09 26 9265.20000 5.19000000 320.48000 40.49000 13.18600 48.66800
20 9 20 09 27 9265.20000 5.19000000 320.48000 40.49000 13.18600 48.66800
20 9 20 09 27 9265.20000 5.19000000 320.64000 40.49000 13.18600 48.66800
20 9 20 09 27 9265.10000 5.19000000 320.64000 40.49000 13.18600 48.66800
20 9 20 09 28 9265.10000 5.19000000 320.48000 40.49000 13.18600 48.66800
20 9 20 09 28 9265.20000 5.19000000 320.49000 40.49000 13.18600 48.66800
