M=[
12 10 20 03 46 9638.90000 4.83300000 316.67000 42.41000 12.13100 63.06600
12 10 20 03 47 9638.20000 4.83300000 316.67000 42.41000 12.13100 63.06600
12 10 20 03 47 9638.10000 4.83300000 316.61000 42.41000 12.13100 63.06600
12 10 20 03 47 9638.20000 4.83300000 316.61000 42.41000 12.13100 63.06600
12 10 20 03 48 9636.90000 4.83300000 316.61000 42.41000 12.13100 63.06600
12 10 20 03 48 9636.90000 4.83300000 316.61000 42.41000 12.13100 63.06600
12 10 20 03 49 9636.40000 4.83300000 316.61000 42.41000 12.13100 63.06600
12 10 20 03 49 9636.50000 4.83300000 316.59000 42.41000 12.13100 63.06600
12 10 20 03 49 9636.50000 4.83300000 316.59000 42.41000 12.13100 63.06600
12 10 20 03 50 9636.50000 4.83300000 316.59000 42.41000 12.13100 63.06600
12 10 20 03 50 9636.50000 4.83300000 316.63000 42.36000 12.13100 63.06600
12 10 20 03 51 9638.30000 4.83300000 316.63000 42.36000 12.13100 63.06600
12 10 20 03 51 9644.60000 4.83300000 316.63000 42.36000 12.13100 63.06600
12 10 20 03 52 9644.50000 4.83300000 316.63000 42.36000 12.13100 63.06600
12 10 20 03 52 9644.50000 4.83300000 316.63000 42.36000 12.13100 63.06600
12 10 20 03 53 9644.50000 4.83300000 316.63000 42.36000 12.13100 63.06600
12 10 20 03 53 9644.50000 4.83300000 316.74000 42.36000 12.13100 63.06600
12 10 20 03 53 9644.60000 4.83300000 316.74000 42.36000 12.13100 63.06600
12 10 20 03 54 9644.50000 4.83300000 316.74000 42.36000 12.13100 63.06600
12 10 20 03 54 9644.50000 4.83300000 316.74000 42.36000 12.13100 63.06600
12 10 20 03 55 9646.70000 4.83300000 316.74000 42.36000 12.13100 63.06600
12 10 20 03 55 9646.70000 4.83300000 316.74000 42.36000 12.13100 63.06600
12 10 20 03 56 9646.10000 4.83300000 316.98000 42.36000 12.13100 63.06600
12 10 20 03 56 9646.10000 4.83300000 316.98000 42.36000 12.10000 63.06600
12 10 20 03 56 9646.10000 4.83300000 316.80000 42.36000 12.10000 63.06600
12 10 20 03 57 9646.10000 4.83300000 316.75000 42.36000 12.10000 63.06600
12 10 20 03 57 9638.40000 4.83300000 316.75000 42.36000 12.10000 62.30500
12 10 20 03 58 9641.60000 4.83300000 316.75000 42.36000 12.10000 62.30500
12 10 20 03 58 9641.60000 4.83300000 316.75000 42.36000 12.10000 62.30500
12 10 20 03 58 9641.60000 4.83300000 316.75000 42.36000 12.10000 62.30500
12 10 20 03 59 9638.90000 4.83300000 316.75000 42.36000 12.10000 62.30500
12 10 20 03 59 9638.80000 4.83300000 316.75000 42.36000 12.10000 62.30500
12 10 20 04 00 9634.10000 4.83300000 316.74000 42.36000 12.10000 62.30500
12 10 20 04 00 9634.10000 4.83300000 316.74000 42.30000 12.10000 62.17800
12 10 20 04 01 9633.80000 4.83300000 316.51000 42.29000 12.10000 62.17800
12 10 20 04 01 9633.80000 4.83300000 316.28000 42.30000 12.10000 62.17800
12 10 20 04 01 9633.80000 4.83300000 316.28000 42.30000 12.10000 62.17800
12 10 20 04 02 9633.80000 4.83300000 316.13000 42.30000 12.10000 62.17800
12 10 20 04 02 9633.80000 4.83300000 316.22000 42.30000 12.10000 62.17800
12 10 20 04 03 9633.70000 4.83300000 316.22000 42.30000 12.10000 62.17800
12 10 20 04 03 9633.70000 4.83300000 316.22000 42.29000 12.10000 62.17800
12 10 20 04 04 9633.70000 4.83300000 316.22000 42.29000 12.10000 62.17800
12 10 20 04 04 9633.70000 4.83300000 316.28000 42.29000 12.10000 62.17800
12 10 20 04 04 9633.70000 4.83300000 316.28000 42.29000 12.10000 62.17800
12 10 20 04 05 9633.60000 4.83300000 316.28000 42.29000 12.10000 62.17800
12 10 20 04 05 9627.70000 4.83300000 316.28000 42.29000 12.10000 62.17800
12 10 20 04 06 9630.70000 4.83300000 316.28000 42.29000 12.10000 62.17800
12 10 20 04 06 9630.70000 4.83300000 316.28000 42.29000 12.10000 61.99200
12 10 20 04 07 9631.20000 4.83300000 316.28000 42.29000 12.10000 61.99200
12 10 20 04 07 9631.20000 4.83300000 316.28000 42.29000 12.10000 61.99200
12 10 20 04 07 9631.20000 4.83300000 316.28000 42.29000 12.10000 61.99200
12 10 20 04 08 9632.30000 4.83300000 316.21000 42.29000 12.10000 61.99200
12 10 20 04 08 9631.20000 4.83300000 316.21000 42.29000 12.10000 61.99200
12 10 20 04 09 9630.10000 4.83300000 316.21000 42.29000 12.10000 62.05300
12 10 20 04 09 9630.00000 4.83300000 316.22000 42.29000 12.10000 62.05300
12 10 20 04 10 9629.20000 4.83300000 316.22000 42.29000 12.10000 62.05300
12 10 20 04 10 9627.70000 4.83300000 316.22000 42.29000 12.10000 61.78200
12 10 20 04 10 9627.70000 4.83300000 316.22000 42.29000 12.10000 61.78200
12 10 20 04 11 9627.70000 4.83300000 316.22000 42.29000 12.10000 61.78200
12 10 20 04 11 9627.70000 4.83300000 316.22000 42.29000 12.10000 61.78200
12 10 20 04 12 9627.70000 4.83300000 316.22000 42.29000 12.10000 61.78200
12 10 20 04 12 9627.70000 4.83300000 316.22000 42.29000 12.10000 61.78200
12 10 20 04 13 9627.60000 4.83300000 316.22000 42.29000 12.10000 61.78200
12 10 20 04 13 9627.60000 4.83300000 315.96000 42.29000 12.10000 61.78200
12 10 20 04 13 9627.60000 4.83300000 315.96000 42.29000 12.10000 61.78200
12 10 20 04 14 9627.60000 4.83300000 315.96000 42.29000 12.10000 61.78200
12 10 20 04 14 9627.60000 4.83300000 315.96000 42.29000 12.10000 61.78200
12 10 20 04 15 9627.60000 4.83300000 315.96000 42.29000 12.10000 61.78200
12 10 20 04 15 9627.60000 4.83300000 315.96000 42.29000 12.10000 61.78200
12 10 20 04 16 9627.60000 4.83300000 316.05000 42.29000 12.10000 61.78200
12 10 20 04 16 9625.60000 4.83300000 316.05000 42.29000 12.10000 61.78200
12 10 20 04 16 9625.30000 4.83300000 316.05000 42.29000 12.10000 61.78200
12 10 20 04 17 9625.30000 4.83300000 316.05000 42.29000 12.10000 61.78200
12 10 20 04 17 9625.30000 4.83300000 316.05000 42.29000 12.10000 61.78200
12 10 20 04 18 9624.20000 4.83300000 315.92000 42.29000 12.10000 61.78200
12 10 20 04 18 9624.30000 4.83300000 315.92000 42.29000 12.10000 61.78200
12 10 20 04 19 9624.30000 4.83300000 315.92000 42.29000 12.10000 61.78200
12 10 20 04 19 9624.30000 4.83300000 315.92000 42.15000 12.10000 61.78200
12 10 20 04 19 9624.30000 4.83300000 315.92000 42.15000 12.10000 61.78200
12 10 20 04 20 9624.30000 4.83300000 315.92000 42.15000 12.10000 61.78200
12 10 20 04 20 9622.40000 4.83300000 315.92000 42.12000 12.10000 61.78200
12 10 20 04 21 9618.80000 4.83300000 315.92000 42.10000 12.10000 61.78200
12 10 20 04 21 9618.80000 4.83300000 315.92000 42.10000 12.10000 61.78200
12 10 20 04 22 9618.90000 4.83300000 315.92000 42.10000 12.10000 61.78200
12 10 20 04 22 9624.10000 4.83300000 315.92000 42.10000 12.10000 61.78200
12 10 20 04 22 9626.50000 4.83300000 315.92000 42.10000 12.10000 61.78200
12 10 20 04 23 9626.50000 4.83300000 315.99000 42.15000 12.10000 61.78200
12 10 20 04 23 9626.50000 4.83300000 315.99000 42.23000 12.10000 61.78200
12 10 20 04 24 9626.50000 4.83300000 316.05000 42.23000 12.10000 61.78200
12 10 20 04 24 9631.20000 4.83300000 316.05000 42.23000 12.10000 61.78200
12 10 20 04 25 9631.20000 4.83300000 316.05000 42.23000 12.10000 61.78200
12 10 20 04 25 9631.20000 4.83300000 316.05000 42.23000 12.10000 61.78200
12 10 20 04 25 9631.20000 4.83300000 316.05000 42.23000 12.10000 61.78200
12 10 20 04 26 9631.20000 4.83300000 316.05000 42.20000 12.10000 61.78200
12 10 20 04 26 9630.10000 4.83300000 316.05000 42.20000 12.10000 61.78200
12 10 20 04 27 9630.10000 4.83300000 316.05000 42.20000 12.10000 61.78200
12 10 20 04 27 9630.10000 4.83300000 316.05000 42.20000 12.10000 61.78200
12 10 20 04 28 9630.00000 4.83300000 316.05000 42.20000 12.10000 61.78200
12 10 20 04 28 9630.10000 4.83300000 316.04000 42.20000 12.10000 61.78200
12 10 20 04 28 9630.60000 4.83300000 316.04000 42.20000 12.10000 61.78200
12 10 20 04 29 9630.70000 4.83300000 316.04000 42.20000 12.10000 61.78200
12 10 20 04 29 9630.70000 4.83300000 316.04000 42.20000 12.10000 61.78200
12 10 20 04 30 9631.10000 4.83300000 316.04000 42.20000 12.10000 61.78200
12 10 20 04 30 9631.10000 4.83300000 316.04000 42.20000 12.10000 61.78200
12 10 20 04 31 9631.10000 4.83300000 316.04000 42.20000 12.10000 61.78200
12 10 20 04 31 9631.20000 4.83300000 316.08000 42.20000 12.10000 61.78200
12 10 20 04 31 9631.60000 4.83300000 316.08000 42.20000 12.10000 61.78200
12 10 20 04 32 9632.00000 4.83300000 316.08000 42.20000 12.10000 61.78200
