M=[
29 3 21 05 53 46843.50000 10.15200000 1435.80000 162.76000 29.56800 120.91200
29 3 21 05 53 46860.90000 10.15200000 1436.82000 162.76000 29.56800 120.91200
29 3 21 05 54 46837.70000 10.15200000 1436.82000 162.89000 29.56800 120.91200
29 3 21 05 54 46856.60000 10.15200000 1436.82000 162.89000 29.56800 120.91200
29 3 21 05 54 46862.30000 10.15200000 1436.82000 162.89000 29.56800 121.02300
29 3 21 05 55 46838.60000 10.15200000 1436.82000 162.89000 29.56800 121.02300
29 3 21 05 55 46852.80000 10.15200000 1436.81000 162.89000 29.56800 121.02300
29 3 21 05 56 46831.50000 10.15200000 1436.69000 162.81000 29.56800 121.02300
29 3 21 05 56 46864.20000 10.15200000 1436.69000 162.86000 29.56800 121.02300
29 3 21 05 57 46860.80000 10.15200000 1437.12000 162.86000 29.56800 121.02300
29 3 21 05 57 46848.20000 10.15200000 1436.82000 162.91000 29.56800 121.02300
29 3 21 05 57 46843.60000 10.15200000 1435.45000 162.91000 29.30500 121.02300
29 3 21 05 58 46843.50000 10.15200000 1435.94000 162.91000 29.30500 121.02300
29 3 21 05 58 46800.10000 10.15200000 1435.94000 162.91000 29.53600 121.02300
29 3 21 05 59 46800.00000 10.15200000 1435.94000 162.91000 29.53600 121.02300
29 3 21 05 59 46750.10000 10.15200000 1434.53000 162.91000 29.53600 121.02300
29 3 21 06 00 46750.10000 10.13800000 1433.99000 162.54000 29.53600 121.02300
29 3 21 06 00 46750.50000 10.13800000 1434.70000 162.83000 29.30000 121.02300
29 3 21 06 00 46753.50000 10.13800000 1434.70000 162.73000 29.30000 121.02300
29 3 21 06 01 46771.70000 10.13800000 1434.70000 162.73000 29.30000 121.02300
29 3 21 06 01 46809.00000 10.13800000 1434.70000 162.73000 29.52200 121.02300
29 3 21 06 02 46781.80000 10.13800000 1436.07000 162.73000 29.52200 120.97900
29 3 21 06 02 46812.70000 10.13800000 1436.07000 162.73000 29.52200 120.97900
29 3 21 06 03 46830.20000 10.13800000 1436.95000 162.99000 29.52200 120.97900
29 3 21 06 03 46835.50000 10.13800000 1436.93000 163.02000 29.52200 120.97900
29 3 21 06 03 46876.50000 10.13800000 1436.93000 163.09000 29.52200 120.92900
29 3 21 06 04 46861.80000 10.13800000 1437.46000 163.09000 29.52200 120.92900
29 3 21 06 04 46836.20000 10.13800000 1437.46000 163.09000 29.52200 121.50800
29 3 21 06 05 46812.70000 10.13800000 1437.46000 163.23000 29.52200 121.50800
29 3 21 06 05 46825.80000 10.13800000 1437.76000 163.23000 29.52200 121.76800
29 3 21 06 06 46848.50000 10.13800000 1437.76000 163.59000 29.52200 121.82100
29 3 21 06 06 46840.00000 10.13800000 1437.76000 163.87000 29.52200 121.82100
29 3 21 06 06 46801.70000 10.13800000 1437.76000 163.82000 29.52200 121.82100
29 3 21 06 07 46805.60000 10.13800000 1437.67000 163.82000 29.52200 121.82100
29 3 21 06 07 46750.20000 10.13800000 1436.68000 163.61000 29.52200 121.82100
29 3 21 06 08 46766.20000 10.13800000 1436.47000 163.57000 29.52200 121.82100
29 3 21 06 08 46766.20000 10.16500000 1436.49000 163.67000 29.52200 121.82100
29 3 21 06 09 46766.20000 10.16500000 1437.06000 163.72000 29.50400 121.82100
29 3 21 06 09 46805.40000 10.18900000 1437.30000 163.73000 29.50400 121.82100
29 3 21 06 09 46805.40000 10.18900000 1437.38000 163.88000 29.50400 121.82100
29 3 21 06 10 46797.20000 10.18900000 1437.35000 164.14000 29.50400 121.82100
29 3 21 06 10 46806.30000 10.18900000 1437.35000 164.39000 29.50400 121.82100
29 3 21 06 11 46806.30000 10.18900000 1437.35000 164.39000 29.50400 121.82100
29 3 21 06 11 46847.90000 10.18900000 1437.10000 164.55000 29.50400 121.82100
29 3 21 06 12 46847.80000 10.18900000 1437.51000 164.67000 29.50400 121.82100
29 3 21 06 12 46889.60000 10.18900000 1438.86000 164.79000 29.47000 121.82100
29 3 21 06 12 46899.90000 10.18900000 1438.62000 164.89000 29.47000 121.82100
29 3 21 06 13 46900.00000 10.18900000 1438.62000 164.79000 29.47000 121.82100
29 3 21 06 13 46899.90000 10.18900000 1438.62000 164.84000 29.47000 121.82100
29 3 21 06 14 46919.80000 10.18900000 1438.86000 164.89000 29.47000 121.82100
29 3 21 06 14 46936.60000 10.18900000 1438.86000 164.81000 29.47000 121.82100
29 3 21 06 15 46921.00000 10.18900000 1438.71000 164.80000 29.47000 121.82100
29 3 21 06 15 46918.40000 10.18900000 1438.71000 164.81000 29.47000 121.82100
29 3 21 06 15 46854.30000 10.18900000 1438.71000 164.61000 29.47000 121.82100
29 3 21 06 16 46876.70000 10.18900000 1438.71000 164.61000 29.47000 121.51600
29 3 21 06 16 46866.50000 10.18900000 1438.71000 164.72000 29.47000 121.51600
29 3 21 06 17 46857.80000 10.18900000 1437.68000 164.72000 29.47000 121.51600
29 3 21 06 17 46864.30000 10.18900000 1437.68000 164.62000 29.47000 121.51600
29 3 21 06 18 46866.30000 10.18900000 1437.68000 164.60000 29.47000 121.51600
29 3 21 06 18 46862.40000 10.18900000 1437.68000 164.87000 29.47000 121.51600
29 3 21 06 18 46894.40000 10.18900000 1437.18000 164.97000 29.47000 121.51600
29 3 21 06 19 46881.90000 10.18900000 1437.17000 164.97000 29.47000 121.51600
29 3 21 06 19 46881.80000 10.18900000 1436.83000 164.83000 29.47000 121.51600
29 3 21 06 20 46875.90000 10.18900000 1436.84000 164.83000 29.47000 121.51600
29 3 21 06 20 46864.30000 10.18900000 1436.25000 164.63000 29.47000 121.51600
29 3 21 06 21 46879.80000 10.18900000 1436.30000 164.63000 29.43700 121.51600
29 3 21 06 21 46897.30000 10.18900000 1436.98000 164.63000 29.43700 121.51600
29 3 21 06 21 46882.30000 10.18900000 1436.98000 164.76000 29.43700 121.51600
29 3 21 06 22 46870.40000 10.18900000 1436.89000 164.74000 29.40900 121.51600
29 3 21 06 22 46858.10000 10.18900000 1436.89000 164.74000 29.40900 121.51600
29 3 21 06 23 46850.10000 10.18900000 1436.89000 164.74000 29.40900 121.51600
29 3 21 06 23 46850.10000 10.18300000 1435.70000 164.74000 29.40900 121.51600
29 3 21 06 24 46810.30000 10.18300000 1435.71000 164.58000 29.40900 121.51600
29 3 21 06 24 46864.70000 10.19500000 1436.50000 164.76000 29.40900 121.51600
29 3 21 06 24 46856.20000 10.19500000 1436.70000 164.76000 29.40900 121.51600
29 3 21 06 25 46871.50000 10.19500000 1436.70000 164.83000 29.40900 121.51600
29 3 21 06 25 46857.30000 10.19500000 1436.70000 164.87000 29.40900 121.51600
29 3 21 06 26 46871.30000 10.19500000 1436.70000 164.95000 29.40900 121.42000
29 3 21 06 26 46869.90000 10.19500000 1436.51000 164.93000 29.40900 121.42000
29 3 21 06 27 46870.00000 10.19500000 1436.51000 164.75000 29.40900 121.42000
29 3 21 06 27 46887.80000 10.19500000 1436.19000 164.75000 29.40900 121.42000
29 3 21 06 27 46890.50000 10.19500000 1436.21000 164.62000 29.40900 121.42000
29 3 21 06 28 46919.60000 10.19500000 1436.42000 164.67000 29.40900 121.52400
29 3 21 06 28 46929.20000 10.19500000 1436.42000 164.60000 29.40900 121.52400
29 3 21 06 29 46944.30000 10.19500000 1436.42000 164.60000 29.40900 121.52400
29 3 21 06 29 46944.40000 10.19500000 1436.42000 164.69000 29.40900 121.52400
29 3 21 06 30 46951.80000 10.19500000 1436.42000 164.69000 29.40900 121.51500
29 3 21 06 30 46956.00000 10.19500000 1437.11000 164.41000 29.40900 121.51500
29 3 21 06 30 47005.20000 10.19500000 1437.18000 164.47000 29.40900 121.51500
29 3 21 06 31 46973.90000 10.19500000 1437.17000 164.29000 29.40900 121.51500
29 3 21 06 31 46976.70000 10.19500000 1437.18000 164.29000 29.40900 121.85000
29 3 21 06 32 47010.30000 10.19500000 1437.18000 164.83000 29.48600 121.85000
29 3 21 06 32 46998.80000 10.20800000 1437.18000 164.83000 29.48600 121.85000
29 3 21 06 33 47005.00000 10.20800000 1437.38000 164.83000 29.48600 121.85000
29 3 21 06 33 46998.80000 10.19300000 1438.26000 164.93000 29.48600 121.85000
29 3 21 06 33 46998.90000 10.19300000 1438.39000 164.93000 29.48600 121.85000
29 3 21 06 34 46998.80000 10.19300000 1438.39000 165.00000 29.48600 121.78900
29 3 21 06 34 46998.80000 10.19300000 1438.39000 164.81000 29.48600 121.78900
29 3 21 06 35 46998.80000 10.19300000 1438.02000 164.79000 29.48600 121.78900
29 3 21 06 35 46998.80000 10.19300000 1437.89000 164.79000 29.45600 121.78900
29 3 21 06 36 46982.30000 10.19300000 1438.04000 164.85000 29.45600 121.78900
29 3 21 06 36 46975.10000 10.19300000 1438.05000 164.85000 29.40200 121.78900
