M=[
22 4 20 17 01 6595.00000 5.03400000 168.50000 38.80000 9.24200 41.38300
22 4 20 17 02 6597.10000 5.00000000 168.47000 38.80000 9.24200 41.47900
22 4 20 17 02 6601.30000 5.00000000 168.62000 38.80000 9.24200 41.47900
22 4 20 17 02 6598.70000 5.00000000 168.62000 38.80000 9.25700 41.47900
22 4 20 17 03 6597.50000 5.00000000 168.37000 38.80000 9.24200 41.47900
22 4 20 17 03 6597.00000 5.00000000 168.45000 38.80000 9.24200 41.47900
22 4 20 17 04 6597.60000 5.00000000 168.45000 38.82000 9.24200 41.46000
22 4 20 17 04 6597.40000 5.00000000 168.45000 38.82000 9.24200 41.46000
22 4 20 17 05 6595.00000 5.00000000 168.31000 38.82000 9.24200 41.46000
22 4 20 17 05 6594.90000 5.00000000 168.26000 38.82000 9.24200 41.46000
22 4 20 17 05 6594.30000 5.03500000 168.23000 38.75000 9.24200 41.46000
22 4 20 17 06 6591.00000 5.00000000 167.78000 38.75000 9.25700 41.39100
22 4 20 17 06 6587.70000 5.00000000 167.75000 38.75000 9.24200 41.39100
22 4 20 17 07 6585.00000 5.03500000 167.73000 38.75000 9.24200 41.39100
22 4 20 17 07 6588.70000 5.00000000 167.81000 38.75000 9.24200 41.39100
22 4 20 17 08 6588.80000 5.00000000 167.98000 38.75000 9.24200 41.39100
22 4 20 17 08 6585.50000 5.00000000 168.01000 38.73000 9.24200 41.39100
22 4 20 17 08 6585.30000 5.00000000 167.84000 38.72000 9.25700 41.39100
22 4 20 17 09 6585.00000 5.00000000 167.90000 38.73000 9.24200 41.39100
22 4 20 17 09 6585.00000 5.00000000 167.76000 38.72000 9.24200 41.38400
22 4 20 17 10 6584.50000 5.00000000 167.77000 38.72000 9.24200 41.39100
22 4 20 17 10 6584.90000 5.03500000 167.94000 38.72000 9.24200 41.39100
22 4 20 17 10 6584.90000 5.00000000 167.98000 38.73000 9.25700 41.39100
22 4 20 17 11 6584.90000 5.00000000 167.96000 38.73000 9.24200 41.39100
22 4 20 17 11 6584.90000 5.00000000 168.09000 38.73000 9.24200 41.39100
22 4 20 17 12 6590.00000 5.00000000 168.09000 38.73000 9.24200 41.39100
22 4 20 17 12 6589.30000 5.00000000 168.00000 38.73000 9.24200 41.39100
22 4 20 17 13 6589.30000 5.00000000 168.01000 38.73000 9.24200 41.39100
22 4 20 17 13 6589.00000 5.00000000 168.01000 38.72000 9.24200 41.39100
22 4 20 17 13 6584.10000 5.00000000 168.01000 38.72000 9.24200 41.39100
22 4 20 17 14 6582.60000 5.00000000 168.12000 38.72000 9.24200 41.39100
22 4 20 17 14 6579.70000 5.00000000 168.02000 38.72000 9.23200 41.39100
22 4 20 17 15 6579.50000 5.00000000 167.94000 38.72000 9.23200 41.17500
22 4 20 17 15 6575.10000 5.00000000 167.78000 38.72000 9.23200 41.17500
22 4 20 17 16 6579.90000 5.00000000 167.93000 38.72000 9.23200 41.17500
22 4 20 17 16 6579.90000 5.00000000 168.10000 38.72000 9.23200 41.17500
22 4 20 17 16 6578.60000 5.00000000 167.92000 38.72000 9.23200 41.17500
22 4 20 17 17 6578.30000 5.00000000 167.92000 38.72000 9.23200 41.17500
22 4 20 17 17 6575.30000 5.00000000 167.89000 38.72000 9.23200 41.17500
22 4 20 17 18 6575.30000 5.00000000 167.95000 38.72000 9.23200 41.43700
22 4 20 17 18 6575.30000 5.00000000 167.90000 38.72000 9.23200 41.43700
22 4 20 17 18 6578.20000 5.00000000 167.91000 38.72000 9.23200 41.43700
22 4 20 17 19 6579.80000 5.00000000 168.14000 38.72000 9.23200 41.43700
22 4 20 17 19 6584.20000 5.00000000 168.14000 38.72000 9.23200 41.43700
22 4 20 17 20 6581.80000 5.00000000 168.17000 38.72000 9.23200 41.55500
22 4 20 17 20 6589.30000 5.00000000 168.17000 38.72000 9.23200 41.53400
22 4 20 17 21 6588.00000 5.00000000 168.17000 38.72000 9.23200 41.55500
22 4 20 17 21 6586.00000 5.00000000 168.38000 38.78000 9.23200 41.53400
22 4 20 17 21 6582.60000 5.00000000 168.34000 38.78000 9.23200 41.53400
22 4 20 17 22 6587.00000 5.00000000 168.34000 38.75000 9.23200 41.53400
22 4 20 17 22 6587.10000 5.00000000 168.33000 38.75000 9.23200 41.53400
22 4 20 17 23 6586.70000 5.00000000 168.33000 38.80000 9.23200 41.53400
22 4 20 17 23 6587.00000 5.00000000 168.33000 38.78000 9.23200 41.54000
22 4 20 17 24 6587.10000 5.00000000 168.34000 38.78000 9.23200 41.53400
22 4 20 17 24 6584.60000 5.00000000 168.27000 38.77000 9.23200 41.54000
22 4 20 17 24 6586.00000 5.00000000 168.27000 38.80000 9.23200 41.54000
22 4 20 17 25 6584.00000 5.00000000 168.27000 38.80000 9.23200 41.54000
22 4 20 17 25 6584.70000 5.00000000 168.30000 38.80000 9.23200 41.54000
22 4 20 17 26 6584.50000 5.00000000 168.20000 38.80000 9.23200 41.54000
22 4 20 17 26 6584.50000 5.00000000 168.21000 38.80000 9.23200 41.54000
22 4 20 17 26 6584.50000 5.00000000 168.21000 38.80000 9.23200 41.54000
22 4 20 17 27 6584.50000 5.00000000 168.50000 38.80000 9.23200 41.54000
22 4 20 17 27 6584.90000 5.00000000 168.50000 38.81000 9.23200 41.54000
22 4 20 17 28 6585.10000 5.00000000 168.50000 38.81000 9.23200 41.54000
22 4 20 17 28 6585.00000 5.00000000 168.60000 38.81000 9.23200 41.54000
22 4 20 17 29 6588.40000 5.00000000 168.60000 38.79000 9.23200 41.54000
22 4 20 17 29 6588.40000 5.00000000 168.49000 38.79000 9.23200 41.54000
22 4 20 17 29 6592.80000 5.00000000 168.71000 38.79000 9.23200 41.54000
22 4 20 17 30 6594.20000 5.00000000 168.90000 38.79000 9.23200 41.54000
22 4 20 17 30 6596.80000 5.00000000 169.01000 38.79000 9.25700 41.54000
22 4 20 17 31 6596.80000 5.00000000 169.01000 38.79000 9.23200 41.54000
22 4 20 17 31 6596.70000 5.00000000 168.89000 38.79000 9.23200 41.54000
22 4 20 17 32 6596.20000 5.00000000 168.89000 38.79000 9.23200 41.53400
22 4 20 17 32 6596.60000 5.00000000 168.97000 38.79000 9.23200 41.53400
22 4 20 17 32 6596.50000 5.00000000 169.01000 38.79000 9.23200 41.54000
22 4 20 17 33 6596.60000 5.02500000 169.00000 38.87000 9.23200 41.54000
22 4 20 17 33 6596.50000 5.02500000 169.00000 38.87000 9.23200 41.54000
22 4 20 17 34 6592.70000 5.02500000 168.90000 38.87000 9.23200 41.54000
22 4 20 17 34 6591.80000 5.02500000 168.90000 38.86000 9.23200 41.54000
22 4 20 17 35 6590.50000 5.02500000 168.91000 38.86000 9.23200 41.54000
22 4 20 17 35 6590.50000 5.02500000 168.90000 38.86000 9.23200 41.54000
22 4 20 17 35 6591.20000 5.02500000 168.78000 38.86000 9.23200 41.54000
22 4 20 17 36 6589.20000 5.02500000 168.74000 38.79000 9.23200 41.54000
22 4 20 17 36 6589.20000 5.02500000 168.79000 38.79000 9.23200 41.54000
22 4 20 17 37 6589.40000 5.02500000 168.59000 38.79000 9.23200 41.54000
22 4 20 17 37 6586.90000 5.02500000 168.68000 38.79000 9.18600 41.53400
22 4 20 17 37 6586.90000 5.02500000 168.53000 38.79000 9.21600 41.54000
22 4 20 17 38 6585.10000 5.02500000 168.53000 38.79000 9.21600 41.54000
22 4 20 17 38 6585.30000 5.00000000 168.62000 38.79000 9.21600 41.54000
22 4 20 17 39 6585.30000 5.02500000 168.60000 38.79000 9.21600 41.55500
22 4 20 17 39 6585.30000 5.02500000 168.60000 38.79000 9.21600 41.54000
22 4 20 17 40 6582.80000 5.02500000 168.50000 38.79000 9.23200 41.63400
22 4 20 17 40 6584.20000 5.02500000 168.71000 38.79000 9.21600 41.63400
22 4 20 17 40 6583.70000 5.02500000 168.50000 38.79000 9.21600 41.63400
22 4 20 17 41 6582.20000 5.02500000 168.55000 38.79000 9.21600 41.63400
22 4 20 17 41 6582.20000 5.00000000 168.60000 38.79000 9.21600 41.63400
22 4 20 17 42 6582.40000 5.00000000 168.70000 38.79000 9.21600 41.63400
22 4 20 17 42 6583.80000 5.00000000 168.71000 38.86000 9.21600 41.63400
22 4 20 17 43 6583.50000 5.00000000 168.69000 38.79000 9.21600 41.63400
22 4 20 17 43 6583.50000 5.00000000 168.64000 38.79000 9.21600 41.60600
22 4 20 17 43 6583.60000 5.00000000 168.64000 38.79000 9.21600 41.63400
22 4 20 17 44 6578.90000 5.00000000 168.49000 38.79000 9.21600 41.63400
22 4 20 17 44 6578.90000 5.00000000 168.49000 38.79000 9.21600 41.63400
22 4 20 17 45 6576.60000 5.00000000 168.49000 38.79000 9.21600 41.56000
22 4 20 17 45 6576.30000 5.00000000 168.46000 38.79000 9.21600 41.56000
22 4 20 17 45 6564.70000 5.00000000 168.13000 38.79000 9.21600 41.56000
22 4 20 17 46 6560.40000 5.00000000 168.13000 38.79000 9.20600 41.54000
22 4 20 17 46 6560.40000 5.00000000 168.20000 38.79000 9.20600 41.49700
22 4 20 17 47 6562.20000 4.99000000 168.20000 38.79000 9.20600 41.49700
22 4 20 17 47 6571.00000 4.99000000 168.30000 38.79000 9.21600 41.49700
22 4 20 17 48 6570.00000 5.00800000 168.20000 38.79000 9.20600 41.49700
