M=[
 3 1 21 05 56 26672.10000 4.62400000 620.58000 108.42000 13.23200 45.49400
 3 1 21 05 57 26644.80000 4.62400000 619.93000 108.52000 13.23200 45.49400
 3 1 21 05 57 26625.50000 4.62400000 619.91000 108.36000 13.23200 45.49400
 3 1 21 05 58 26645.60000 4.62400000 619.91000 108.36000 13.23200 45.49400
 3 1 21 05 58 26580.10000 4.62400000 621.00000 108.33000 13.23200 45.49400
 3 1 21 05 58 26551.50000 4.62400000 619.78000 108.18000 13.23200 45.49400
 3 1 21 05 59 26511.40000 4.62400000 618.79000 107.82000 13.23200 45.49400
 3 1 21 05 59 26497.10000 4.62400000 618.79000 107.82000 13.23200 45.49400
 3 1 21 06 00 26549.10000 4.62400000 618.44000 107.99000 13.23200 45.49400
 3 1 21 06 00 26530.50000 4.62400000 618.83000 107.99000 13.23200 45.49400
 3 1 21 06 01 26500.10000 4.62400000 618.33000 107.99000 13.10300 45.49400
 3 1 21 06 01 26507.70000 4.62400000 617.70000 107.99000 13.10300 45.49400
 3 1 21 06 01 26509.20000 4.62400000 617.71000 107.99000 13.10300 45.49400
 3 1 21 06 02 26516.20000 4.62400000 618.00000 107.95000 13.10300 45.49400
 3 1 21 06 02 26566.30000 4.62400000 618.27000 108.02000 13.10300 45.49400
 3 1 21 06 03 26579.70000 4.62400000 618.19000 107.93000 13.10300 45.49400
 3 1 21 06 03 26594.10000 4.62400000 618.00000 107.93000 13.10300 45.49400
 3 1 21 06 04 26586.20000 4.62400000 618.17000 107.93000 13.10300 45.49400
 3 1 21 06 04 26600.00000 4.62400000 617.93000 107.93000 13.10300 45.49400
 3 1 21 06 04 26657.60000 4.62400000 617.93000 107.93000 13.10300 45.49400
 3 1 21 06 05 26694.70000 4.62400000 619.33000 108.11000 13.09600 45.49400
 3 1 21 06 05 26729.50000 4.62400000 619.50000 108.38000 13.09600 45.49400
 3 1 21 06 06 26748.40000 4.62400000 620.94000 108.49000 13.09600 45.49400
 3 1 21 06 06 26766.90000 4.62400000 621.23000 108.56000 13.09600 45.49400
 3 1 21 06 07 26765.00000 4.62400000 621.17000 108.56000 13.09600 45.49400
 3 1 21 06 07 26769.80000 4.62400000 621.17000 108.56000 13.09600 45.49400
 3 1 21 06 07 26814.80000 4.62400000 621.99000 108.79000 13.09600 45.51500
 3 1 21 06 08 26814.00000 4.62400000 623.35000 108.79000 13.09600 45.51500
 3 1 21 06 08 26764.90000 4.62400000 623.35000 108.82000 13.09600 45.51500
 3 1 21 06 09 26784.00000 4.62400000 624.42000 109.14000 13.09600 45.51500
 3 1 21 06 09 26758.00000 4.62400000 624.59000 109.14000 13.09600 45.51500
 3 1 21 06 10 26776.40000 4.63000000 625.01000 109.35000 13.09600 45.51500
 3 1 21 06 10 26785.10000 4.63000000 626.00000 109.35000 13.09600 45.51500
 3 1 21 06 10 26765.00000 4.63000000 626.51000 109.62000 13.09600 45.52900
 3 1 21 06 11 26769.90000 4.63000000 626.83000 109.83000 13.09600 45.52900
 3 1 21 06 11 26765.10000 4.63000000 626.36000 109.84000 13.09600 45.52900
 3 1 21 06 12 26760.10000 4.63000000 627.04000 109.84000 13.09600 45.52900
 3 1 21 06 12 26740.00000 4.63000000 626.99000 109.84000 13.09600 45.52900
 3 1 21 06 13 26751.40000 4.63000000 626.99000 109.84000 13.09600 45.52900
 3 1 21 06 13 26751.20000 4.63000000 626.77000 109.95000 13.09600 45.52900
 3 1 21 06 13 26740.00000 4.63000000 626.48000 109.95000 13.09600 45.52900
 3 1 21 06 14 26692.20000 4.63000000 627.00000 110.30000 13.09600 45.52900
 3 1 21 06 14 26683.00000 4.63000000 627.00000 110.41000 13.09600 45.52900
 3 1 21 06 15 26676.80000 4.63000000 627.35000 110.62000 13.09600 45.52900
 3 1 21 06 15 26742.70000 4.63000000 628.84000 110.89000 13.09600 45.52900
 3 1 21 06 15 26715.10000 4.63000000 628.88000 111.24000 13.09600 45.52900
 3 1 21 06 16 26682.80000 4.63000000 628.99000 111.24000 13.09600 45.71900
 3 1 21 06 16 26660.30000 4.63000000 628.29000 109.99000 13.09600 45.71900
 3 1 21 06 17 26676.20000 4.63000000 628.47000 110.18000 13.09600 45.71900
 3 1 21 06 17 26714.50000 4.63000000 628.47000 110.38000 13.09600 45.71900
 3 1 21 06 18 26751.10000 4.63000000 629.00000 110.41000 13.09600 45.71900
 3 1 21 06 18 26763.00000 4.63000000 630.00000 110.50000 13.09600 45.71900
 3 1 21 06 19 26778.90000 4.63000000 631.62000 110.86000 13.09600 45.71900
 3 1 21 06 19 26778.90000 4.63000000 631.29000 111.13000 13.09600 45.71900
 3 1 21 06 19 26754.70000 4.63000000 630.51000 111.13000 13.09600 45.71900
 3 1 21 06 20 26796.00000 4.63000000 631.62000 111.18000 13.09600 45.71900
 3 1 21 06 20 26787.70000 4.63000000 631.60000 111.21000 13.09600 45.71900
 3 1 21 06 21 26779.00000 4.67500000 631.06000 111.26000 13.09600 45.71900
 3 1 21 06 21 26780.20000 4.67500000 631.09000 111.78000 13.09600 45.71900
 3 1 21 06 21 26764.90000 4.67500000 630.92000 111.83000 13.09600 45.71900
 3 1 21 06 22 26764.90000 4.67500000 630.42000 111.90000 13.09600 45.71900
 3 1 21 06 22 26765.90000 4.67500000 630.61000 111.84000 13.09600 45.71900
 3 1 21 06 23 26752.70000 4.67500000 630.65000 112.15000 13.09600 45.71900
 3 1 21 06 23 26750.70000 4.67500000 630.40000 112.63000 13.09600 45.71900
 3 1 21 06 24 26708.70000 4.67500000 629.66000 112.27000 13.09600 45.71900
 3 1 21 06 24 26733.10000 4.67500000 629.23000 111.86000 13.09600 45.71900
 3 1 21 06 24 26754.40000 4.67500000 630.03000 111.91000 13.09600 45.71900
 3 1 21 06 25 26728.00000 4.67500000 629.29000 111.43000 13.09600 45.71900
 3 1 21 06 25 26728.00000 4.67500000 628.41000 111.55000 13.09600 45.71900
 3 1 21 06 26 26685.10000 4.67500000 628.11000 111.18000 13.09600 45.71900
 3 1 21 06 26 26708.50000 4.67500000 628.71000 111.37000 13.09600 45.52800
 3 1 21 06 27 26718.50000 4.67500000 629.77000 111.37000 13.09600 45.52800
 3 1 21 06 27 26764.60000 4.67500000 628.88000 111.37000 13.09600 45.52800
 3 1 21 06 27 26731.10000 4.67500000 628.88000 111.37000 13.09600 45.52800
 3 1 21 06 28 26724.50000 4.67500000 628.48000 111.47000 13.09600 45.52800
 3 1 21 06 28 26724.50000 4.67500000 629.13000 111.18000 13.09600 45.52800
 3 1 21 06 29 26729.50000 4.67500000 628.73000 111.18000 13.09600 45.52800
 3 1 21 06 29 26724.50000 4.67500000 628.08000 111.18000 13.09600 45.52800
 3 1 21 06 30 26729.50000 4.67500000 628.22000 111.18000 13.09600 45.52800
 3 1 21 06 30 26729.50000 4.67500000 628.69000 111.16000 13.09600 45.52800
 3 1 21 06 30 26714.40000 4.67000000 628.69000 111.16000 13.09600 45.52800
 3 1 21 06 31 26759.70000 4.67000000 628.67000 111.22000 13.09600 45.52800
 3 1 21 06 31 26765.30000 4.67000000 627.95000 110.74000 13.09600 45.36200
 3 1 21 06 32 26791.40000 4.67000000 628.57000 110.75000 13.09600 45.36200
 3 1 21 06 32 26783.10000 4.67000000 627.15000 110.89000 13.09600 45.36200
 3 1 21 06 33 26774.20000 4.67000000 626.98000 110.61000 13.09600 45.36200
 3 1 21 06 33 26777.20000 4.67000000 627.53000 110.90000 13.09600 45.36200
 3 1 21 06 33 26777.20000 4.67000000 627.68000 111.23000 13.09600 45.36200
 3 1 21 06 34 26756.30000 4.67000000 627.64000 111.23000 13.09600 45.36200
 3 1 21 06 34 26763.60000 4.67000000 627.75000 111.23000 13.09600 45.36200
 3 1 21 06 35 26713.90000 4.67000000 627.73000 110.87000 13.09600 45.36200
 3 1 21 06 35 26753.30000 4.67000000 628.38000 111.06000 13.09600 45.36200
 3 1 21 06 36 26753.30000 4.67000000 628.69000 111.06000 13.09600 45.36200
 3 1 21 06 36 26753.30000 4.67000000 628.69000 111.06000 13.09600 45.36200
 3 1 21 06 36 26790.90000 4.67000000 628.69000 111.16000 13.09600 45.36200
 3 1 21 06 37 26894.80000 4.67000000 630.77000 111.19000 13.09600 45.36200
 3 1 21 06 37 26894.80000 4.67000000 631.55000 111.51000 13.09600 45.36200
 3 1 21 06 38 26869.20000 4.67000000 631.07000 111.52000 13.09600 45.36200
 3 1 21 06 38 26899.00000 4.67000000 630.24000 111.49000 13.09600 45.36200
 3 1 21 06 39 26922.00000 4.67000000 629.67000 111.43000 13.09600 45.46800
 3 1 21 06 39 26926.30000 4.67000000 630.30000 111.43000 13.09600 45.46800
 3 1 21 06 39 26926.20000 4.67000000 630.29000 111.42000 13.09600 45.46800
 3 1 21 06 40 26903.70000 4.67000000 629.89000 111.19000 13.09600 45.46800
 3 1 21 06 40 26916.40000 4.67000000 631.25000 111.19000 13.09600 45.46800
 3 1 21 06 41 26952.90000 4.67000000 631.63000 111.33000 13.09600 45.46800
 3 1 21 06 41 26950.90000 4.67000000 631.25000 111.31000 13.09600 45.46800
