M=[
10 11 20 06 07 13000.70000 4.35100000 380.85000 49.67000 13.42600 52.33800
10 11 20 06 08 13000.70000 4.35100000 380.85000 49.67000 13.42600 52.33800
10 11 20 06 08 13006.40000 4.35100000 380.85000 49.67000 13.42600 52.33800
10 11 20 06 08 13007.00000 4.35100000 380.89000 49.89000 13.42600 52.33800
10 11 20 06 09 13001.70000 4.35100000 380.90000 49.89000 13.42600 52.33800
10 11 20 06 09 13001.70000 4.35100000 380.89000 49.89000 13.42600 52.33800
10 11 20 06 10 13001.60000 4.35100000 380.79000 49.89000 13.42600 52.33800
10 11 20 06 10 13002.10000 4.35100000 380.78000 49.89000 13.42600 52.33800
10 11 20 06 11 13000.10000 4.35100000 380.78000 49.89000 13.42600 52.33800
10 11 20 06 11 13001.00000 4.35100000 380.48000 49.89000 13.42600 52.33800
10 11 20 06 11 13000.00000 4.35100000 380.48000 49.89000 13.42600 52.20900
10 11 20 06 12 13000.00000 4.35100000 380.48000 49.89000 13.39500 52.20900
10 11 20 06 12 13000.30000 4.35100000 380.48000 49.89000 13.39500 52.20900
10 11 20 06 13 13002.00000 4.35100000 380.48000 49.89000 13.39500 52.20900
10 11 20 06 13 13019.50000 4.35100000 380.91000 49.89000 13.39500 52.20900
10 11 20 06 14 13019.60000 4.35100000 380.99000 49.88000 13.39500 52.20900
10 11 20 06 14 13020.40000 4.35100000 380.99000 49.88000 13.29000 52.20900
10 11 20 06 14 13019.90000 4.35100000 380.99000 49.88000 13.29000 52.20900
10 11 20 06 15 13023.20000 4.35100000 380.78000 49.86000 13.29000 52.20900
10 11 20 06 15 13023.20000 4.35100000 380.78000 49.86000 13.29000 52.20900
10 11 20 06 16 13024.30000 4.35100000 380.78000 49.86000 13.29000 51.97600
10 11 20 06 16 13023.20000 4.35100000 380.73000 49.86000 13.29000 51.97200
10 11 20 06 17 13017.00000 4.35100000 380.65000 49.86000 13.29000 51.97200
10 11 20 06 17 13018.70000 4.35100000 380.65000 49.86000 13.29000 51.97200
10 11 20 06 17 13018.70000 4.35100000 380.65000 49.86000 13.29000 51.97200
10 11 20 06 18 13024.00000 4.35100000 380.99000 49.86000 13.29000 51.97200
10 11 20 06 18 13024.00000 4.35100000 380.99000 49.87000 13.29000 51.97200
10 11 20 06 19 13026.90000 4.35100000 380.99000 49.87000 13.29000 51.97200
10 11 20 06 19 13025.00000 4.35100000 380.98000 49.87000 13.29000 51.97200
10 11 20 06 20 13014.40000 4.35100000 380.98000 49.87000 13.29000 51.97200
10 11 20 06 20 13011.40000 4.35100000 380.13000 49.87000 13.29000 51.97200
10 11 20 06 20 13011.40000 4.35100000 379.94000 49.87000 13.29000 51.97200
10 11 20 06 21 12994.00000 4.35100000 379.94000 49.80000 13.29000 51.97200
10 11 20 06 21 12994.10000 4.35100000 379.94000 49.80000 13.29000 51.97200
10 11 20 06 22 12992.00000 4.35100000 379.94000 49.80000 13.29000 51.84300
10 11 20 06 22 12990.10000 4.35100000 379.63000 49.76000 13.29000 51.94800
10 11 20 06 23 12986.20000 4.35100000 379.62000 49.76000 13.29000 51.94800
10 11 20 06 23 12985.40000 4.31400000 379.62000 49.76000 13.29000 51.94800
10 11 20 06 23 12984.30000 4.31400000 379.90000 49.78000 13.29000 51.94800
10 11 20 06 24 12981.90000 4.31400000 379.90000 49.78000 13.29000 51.94800
10 11 20 06 24 12981.20000 4.31400000 379.90000 49.78000 13.29000 51.94800
10 11 20 06 25 12980.00000 4.31400000 379.61000 49.78000 13.29000 51.94800
10 11 20 06 25 12972.90000 4.31400000 379.60000 49.78000 13.29000 51.94800
10 11 20 06 26 12970.80000 4.31400000 379.37000 49.78000 13.29000 51.94800
10 11 20 06 26 12972.60000 4.31400000 379.42000 49.78000 13.29000 51.94800
10 11 20 06 26 12966.50000 4.31400000 379.31000 49.78000 13.29000 51.94800
10 11 20 06 27 12959.60000 4.31400000 379.41000 49.64000 13.29000 51.94800
10 11 20 06 27 12966.10000 4.31400000 379.41000 49.64000 13.29000 51.94800
10 11 20 06 28 12966.10000 4.31400000 379.60000 49.64000 13.29000 51.94800
10 11 20 06 28 12964.10000 4.31400000 379.60000 49.61000 13.13100 51.94800
10 11 20 06 29 12953.70000 4.31400000 378.98000 49.50000 13.13100 51.94800
10 11 20 06 29 12940.20000 4.31400000 378.44000 49.34000 13.13100 51.94800
10 11 20 06 29 12949.60000 4.31400000 378.84000 49.34000 13.13100 51.94800
10 11 20 06 30 12954.00000 4.31400000 378.84000 49.34000 13.13100 51.94800
10 11 20 06 30 12954.00000 4.29800000 378.99000 49.20000 13.13100 51.94800
10 11 20 06 31 12941.50000 4.29800000 378.99000 49.19000 13.13100 51.94800
10 11 20 06 31 12940.00000 4.29800000 378.99000 49.07000 13.13100 51.94800
10 11 20 06 32 12941.50000 4.29800000 379.00000 49.12000 13.13100 51.94800
10 11 20 06 32 12942.00000 4.29800000 379.00000 49.22000 13.13100 51.94800
10 11 20 06 32 12944.40000 4.29800000 379.00000 49.21000 13.13100 51.55600
10 11 20 06 33 12945.40000 4.29800000 379.00000 49.12000 13.13100 51.55600
10 11 20 06 33 12950.00000 4.29800000 379.00000 49.05000 13.13100 51.55600
10 11 20 06 34 12942.70000 4.29800000 379.39000 49.01000 13.13100 51.55600
10 11 20 06 34 12942.70000 4.29800000 379.39000 49.01000 13.13100 51.55600
10 11 20 06 35 12949.90000 4.29800000 379.39000 49.13000 13.13100 51.55600
10 11 20 06 35 12946.00000 4.29800000 379.39000 49.13000 13.13100 51.55600
10 11 20 06 35 12950.00000 4.29800000 379.39000 49.13000 13.13100 51.55600
10 11 20 06 36 12949.60000 4.29800000 379.45000 48.98000 13.13100 51.55600
10 11 20 06 36 12949.00000 4.29800000 379.45000 48.98000 13.13100 51.55600
10 11 20 06 37 12952.90000 4.29800000 379.65000 48.98000 13.13100 51.55600
10 11 20 06 37 12954.80000 4.29800000 379.65000 48.98000 13.32900 51.55600
10 11 20 06 38 12960.00000 4.29800000 379.65000 48.98000 13.32900 51.55600
10 11 20 06 38 12960.30000 4.29800000 379.98000 49.09000 13.32900 51.55600
10 11 20 06 38 12967.60000 4.29800000 379.98000 49.09000 13.32900 51.55600
10 11 20 06 39 12972.50000 4.29800000 379.98000 49.20000 13.32900 51.55600
10 11 20 06 39 12975.10000 4.29800000 379.92000 49.20000 13.32900 51.55600
10 11 20 06 40 12960.00000 4.29800000 379.92000 49.20000 13.32900 51.55600
10 11 20 06 40 12950.10000 4.29800000 379.92000 49.20000 13.21800 51.55600
10 11 20 06 41 12949.90000 4.29800000 379.92000 49.20000 13.21800 51.55600
10 11 20 06 41 12949.90000 4.29800000 379.35000 49.20000 13.21800 51.55600
10 11 20 06 41 12949.90000 4.29800000 379.37000 49.20000 13.21800 51.55600
10 11 20 06 42 12946.80000 4.29800000 379.37000 49.20000 13.21800 51.55600
10 11 20 06 42 12934.30000 4.29800000 378.13000 49.11000 13.21800 51.55600
10 11 20 06 43 12934.30000 4.29800000 377.92000 49.09000 13.21800 51.55600
10 11 20 06 43 12936.70000 4.29800000 378.49000 49.11000 13.21800 51.55600
10 11 20 06 44 12936.70000 4.29800000 378.01000 49.11000 13.21800 51.55600
10 11 20 06 44 12936.70000 4.29800000 378.01000 49.11000 13.21700 51.55600
10 11 20 06 44 12936.70000 4.33800000 378.43000 49.11000 13.21700 51.55600
10 11 20 06 45 12934.40000 4.33800000 378.28000 49.11000 13.21800 51.55600
10 11 20 06 45 12934.30000 4.33800000 378.28000 49.11000 13.21800 51.55600
10 11 20 06 46 12944.00000 4.33800000 378.28000 49.11000 13.21800 51.55600
10 11 20 06 46 12947.90000 4.33800000 378.74000 49.11000 13.21800 51.55600
10 11 20 06 47 12939.00000 4.33800000 378.74000 49.16000 13.21800 51.55600
10 11 20 06 47 12935.00000 4.33800000 378.56000 49.16000 13.21800 51.55600
10 11 20 06 47 12935.00000 4.33800000 378.13000 49.16000 13.21800 51.55600
10 11 20 06 48 12941.90000 4.33800000 378.35000 49.16000 13.21800 51.55600
10 11 20 06 48 12939.20000 4.33800000 377.96000 49.16000 13.21800 51.55600
10 11 20 06 49 12935.00000 4.33800000 377.71000 49.16000 13.21800 51.55600
10 11 20 06 49 12927.10000 4.33800000 377.71000 49.16000 13.21800 51.55600
10 11 20 06 50 12934.00000 4.33800000 378.13000 49.16000 13.21800 51.55600
10 11 20 06 50 12937.90000 4.33800000 378.81000 49.22000 13.21800 51.55600
10 11 20 06 50 12938.90000 4.33800000 378.97000 49.22000 13.21800 51.55600
10 11 20 06 51 12942.60000 4.33800000 378.97000 49.22000 13.21800 51.55600
10 11 20 06 51 12949.90000 4.33800000 379.22000 49.22000 13.21800 51.55600
10 11 20 06 52 12949.90000 4.33800000 379.10000 49.29000 13.21800 51.55600
10 11 20 06 52 12956.20000 4.33800000 379.10000 49.29000 13.21800 51.55600
