M=[
 1 3 21 20 09 40250.00000 8.96400000 1262.41000 142.10000 25.60700 99.08300
 1 3 21 20 09 40255.70000 8.96400000 1263.42000 142.12000 25.60700 99.08300
 1 3 21 20 10 40255.70000 8.96400000 1263.43000 142.12000 25.60700 99.10000
 1 3 21 20 10 40250.70000 8.96400000 1262.00000 142.06000 25.60700 99.10000
 1 3 21 20 10 40250.10000 8.96400000 1260.47000 142.02000 25.60700 99.10000
 1 3 21 20 11 40205.00000 8.96400000 1258.78000 141.97000 25.60700 99.05000
 1 3 21 20 11 40232.00000 8.96400000 1259.17000 142.06000 25.60700 99.05000
 1 3 21 20 12 40232.20000 8.94600000 1259.98000 142.14000 25.60700 99.05000
 1 3 21 20 12 40350.30000 8.94600000 1262.58000 142.40000 25.60700 99.05100
 1 3 21 20 13 40344.10000 8.94600000 1260.01000 142.33000 25.60700 99.03700
 1 3 21 20 13 40310.30000 8.94600000 1259.81000 142.40000 25.60700 99.03700
 1 3 21 20 13 40434.00000 8.94600000 1260.95000 142.76000 25.60700 99.03700
 1 3 21 20 14 40392.00000 8.94600000 1260.77000 142.74000 25.60700 99.03700
 1 3 21 20 14 40403.20000 8.94600000 1261.62000 142.73000 25.60700 99.03700
 1 3 21 20 15 40394.10000 8.94600000 1259.82000 142.59000 25.60700 99.03700
 1 3 21 20 15 40452.70000 8.94600000 1261.70000 142.78000 25.60700 99.03700
 1 3 21 20 16 40572.40000 8.94600000 1265.00000 142.92000 25.60700 99.10000
 1 3 21 20 16 40617.10000 9.00000000 1265.17000 143.20000 25.60700 99.10000
 1 3 21 20 16 40600.10000 9.00000000 1264.14000 143.20000 25.60700 99.10000
 1 3 21 20 17 40613.40000 9.00000000 1266.34000 143.19000 25.60700 99.56200
 1 3 21 20 17 40583.70000 9.00000000 1264.74000 143.19000 25.60700 99.55400
 1 3 21 20 18 40594.90000 9.00000000 1264.95000 143.20000 25.60700 99.48100
 1 3 21 20 18 40561.30000 9.00000000 1265.34000 143.11000 25.60700 99.48100
 1 3 21 20 19 40596.10000 9.00000000 1266.07000 143.16000 25.60700 99.48100
 1 3 21 20 19 40555.10000 9.00000000 1265.39000 143.16000 25.60700 99.48100
 1 3 21 20 19 40561.10000 9.00000000 1265.39000 143.20000 25.60700 99.67100
 1 3 21 20 20 40567.10000 9.00000000 1265.81000 143.20000 25.60700 99.74600
 1 3 21 20 20 40556.10000 9.00000000 1267.23000 143.20000 25.60700 99.74600
 1 3 21 20 21 40550.00000 8.96300000 1267.00000 143.03000 25.60700 99.74600
 1 3 21 20 21 40535.30000 8.96300000 1267.06000 143.03000 25.60700 99.74600
 1 3 21 20 22 40536.00000 9.00000000 1267.01000 143.03000 25.60700 99.74600
 1 3 21 20 22 40500.00000 9.00000000 1265.36000 143.03000 25.60700 99.74600
 1 3 21 20 22 40490.20000 9.00000000 1266.92000 143.03000 25.60700 99.74600
 1 3 21 20 23 40461.20000 9.00000000 1266.23000 143.03000 25.60700 99.74600
 1 3 21 20 23 40485.70000 9.00400000 1266.23000 142.82000 25.60700 99.68000
 1 3 21 20 24 40472.30000 9.00600000 1266.23000 142.77000 25.60700 99.68000
 1 3 21 20 24 40450.00000 9.00600000 1265.00000 142.77000 25.60700 99.63700
 1 3 21 20 25 40439.90000 9.00400000 1263.73000 142.77000 25.60700 99.61600
 1 3 21 20 25 40440.00000 9.00400000 1264.10000 142.77000 25.60700 99.61400
 1 3 21 20 25 40495.00000 9.00400000 1264.41000 142.77000 25.60700 99.61400
 1 3 21 20 26 40466.50000 9.00400000 1263.00000 142.77000 25.60700 99.61400
 1 3 21 20 26 40450.00000 9.00400000 1260.79000 142.60000 25.65500 99.61400
 1 3 21 20 27 40456.30000 9.00400000 1262.96000 142.60000 25.65500 99.61400
 1 3 21 20 27 40447.60000 9.00400000 1261.75000 142.60000 25.65500 99.61400
 1 3 21 20 28 40456.00000 9.00400000 1263.31000 142.60000 25.65500 99.61400
 1 3 21 20 28 40463.30000 9.00400000 1263.28000 142.60000 25.65500 99.61400
 1 3 21 20 28 40289.40000 9.00400000 1260.51000 142.59000 25.65500 99.24000
 1 3 21 20 29 40203.60000 9.00000000 1257.11000 142.52000 25.65500 99.24000
 1 3 21 20 29 40218.50000 9.00000000 1259.01000 142.52000 25.65500 99.24000
 1 3 21 20 30 40212.30000 8.95400000 1257.78000 142.52000 25.65500 99.24000
 1 3 21 20 30 40167.20000 8.95400000 1257.21000 142.52000 25.65500 99.24000
 1 3 21 20 31 40189.70000 8.95400000 1257.31000 142.52000 25.65500 99.24000
 1 3 21 20 31 40180.10000 8.95400000 1257.32000 142.00000 25.65500 99.24000
 1 3 21 20 31 40011.60000 8.95400000 1254.17000 141.68000 25.65500 99.24000
 1 3 21 20 32 39887.80000 8.95400000 1254.63000 141.60000 25.65500 99.24000
 1 3 21 20 32 40084.80000 8.96000000 1255.22000 141.69000 25.65500 99.24000
 1 3 21 20 33 40040.40000 8.95100000 1256.32000 141.76000 25.65500 99.24000
 1 3 21 20 33 40051.90000 8.95100000 1256.08000 141.76000 25.65500 99.24000
 1 3 21 20 34 40051.00000 8.95100000 1256.16000 141.68000 25.65500 99.24000
 1 3 21 20 34 40048.00000 8.95100000 1255.70000 141.68000 25.65500 99.24000
 1 3 21 20 34 40002.50000 8.95100000 1254.08000 141.57000 25.65500 99.24000
 1 3 21 20 35 39991.60000 8.95100000 1254.61000 141.58000 25.65500 99.24000
 1 3 21 20 35 39950.10000 8.95100000 1254.50000 141.60000 25.65500 99.24000
 1 3 21 20 36 40005.60000 8.95100000 1255.22000 141.57000 25.65500 99.24000
 1 3 21 20 36 40008.00000 8.95100000 1256.32000 141.57000 25.65500 98.50000
 1 3 21 20 37 39973.50000 8.95100000 1255.81000 141.64000 25.65500 98.50000
 1 3 21 20 37 39908.40000 8.95100000 1253.63000 141.37000 25.65500 98.36500
 1 3 21 20 37 39915.70000 8.95100000 1253.01000 141.35000 25.65500 98.40000
 1 3 21 20 38 39960.70000 8.94400000 1253.95000 141.27000 25.65500 98.38600
 1 3 21 20 38 39982.60000 8.94400000 1256.52000 141.42000 25.65500 98.41600
 1 3 21 20 39 39992.50000 8.94400000 1255.37000 141.29000 25.65500 98.34600
 1 3 21 20 39 39949.90000 8.94400000 1254.51000 141.42000 25.65500 98.34600
 1 3 21 20 40 39955.70000 8.94400000 1254.65000 141.31000 25.65500 98.34600
 1 3 21 20 40 39978.50000 8.94400000 1253.93000 141.32000 25.65500 98.34600
 1 3 21 20 40 39958.40000 8.94400000 1254.30000 141.34000 25.65500 98.41000
 1 3 21 20 41 39955.40000 8.94400000 1255.17000 141.34000 25.65500 98.41000
 1 3 21 20 41 40000.00000 8.94400000 1255.00000 141.34000 25.65500 98.41000
 1 3 21 20 42 40031.20000 8.93400000 1254.59000 141.34000 25.65500 98.66000
 1 3 21 20 42 40009.40000 8.93400000 1255.15000 141.34000 25.65500 98.66000
 1 3 21 20 43 40016.20000 8.93400000 1255.15000 141.31000 25.65500 98.66000
 1 3 21 20 43 40038.80000 8.93400000 1255.15000 141.43000 25.65500 98.66000
 1 3 21 20 43 40108.40000 8.93400000 1255.62000 141.53000 25.65500 98.66000
 1 3 21 20 44 40105.30000 8.93400000 1257.65000 141.53000 25.65500 98.66000
 1 3 21 20 44 40107.20000 8.93400000 1257.65000 141.53000 25.65500 98.66000
 1 3 21 20 45 40066.70000 8.93400000 1257.64000 141.53000 25.65500 98.66000
 1 3 21 20 45 40120.10000 8.93400000 1258.00000 141.73000 25.65500 98.75100
 1 3 21 20 46 40154.40000 8.93400000 1258.00000 141.74000 25.65500 98.75100
 1 3 21 20 46 40141.60000 8.93400000 1259.90000 141.74000 25.65500 98.81800
 1 3 21 20 46 40137.70000 8.93400000 1259.99000 141.74000 25.65500 98.81800
 1 3 21 20 47 40165.00000 8.93400000 1260.00000 141.82000 25.65500 98.97000
 1 3 21 20 47 40164.60000 8.93400000 1261.01000 141.82000 25.65500 98.97000
 1 3 21 20 48 40171.30000 8.93400000 1261.01000 141.92000 25.65500 98.97000
 1 3 21 20 48 40185.30000 8.93400000 1261.09000 141.91000 25.65500 98.97000
 1 3 21 20 49 40184.90000 8.94800000 1261.10000 141.90000 25.65500 98.97000
 1 3 21 20 49 40200.00000 8.94800000 1262.06000 141.90000 25.65500 98.97000
 1 3 21 20 49 40230.80000 8.97200000 1261.99000 141.99000 25.65500 98.97000
 1 3 21 20 50 40206.20000 8.97200000 1261.62000 141.93000 25.65500 98.97000
 1 3 21 20 50 40217.40000 8.97200000 1262.43000 142.07000 25.65500 98.97000
 1 3 21 20 51 40201.30000 8.97200000 1263.12000 142.07000 25.65500 98.97000
 1 3 21 20 51 40200.00000 8.97200000 1262.49000 142.07000 25.65500 98.97000
 1 3 21 20 52 40199.90000 8.97200000 1262.54000 142.01000 25.65500 98.97000
 1 3 21 20 52 40200.00000 8.97200000 1263.25000 142.03000 25.65500 98.91000
 1 3 21 20 52 40200.00000 8.97200000 1262.80000 141.88000 25.65500 98.84800
 1 3 21 20 53 40184.70000 8.97200000 1262.12000 141.89000 25.65500 98.84800
 1 3 21 20 53 40199.90000 8.97200000 1262.74000 141.89000 25.65500 98.84800
