M=[
 4 4 21 19 08 49592.90000 12.25200000 1767.53000 173.47000 35.01200 160.59100
 4 4 21 19 08 49592.80000 12.25200000 1767.53000 173.47000 35.01200 160.59100
 4 4 21 19 09 49577.00000 12.25200000 1767.72000 173.32000 35.01200 160.59100
 4 4 21 19 09 49576.90000 12.25200000 1767.73000 173.32000 35.01200 160.59100
 4 4 21 19 10 49583.70000 12.25200000 1767.50000 173.33000 35.01200 160.44800
 4 4 21 19 10 49583.60000 12.25200000 1767.50000 173.33000 35.01200 160.44800
 4 4 21 19 11 49595.00000 12.25200000 1767.50000 173.33000 35.01200 160.44800
 4 4 21 19 11 49595.00000 12.25200000 1768.55000 173.33000 35.01800 160.44800
 4 4 21 19 11 49589.10000 12.25200000 1768.55000 173.30000 35.01800 160.43400
 4 4 21 19 12 49581.60000 12.25200000 1767.71000 173.24000 35.01800 160.43400
 4 4 21 19 12 49582.60000 12.25200000 1767.71000 173.20000 35.01800 160.40100
 4 4 21 19 13 49553.40000 12.25200000 1766.74000 173.20000 35.01800 160.40100
 4 4 21 19 13 49552.10000 12.25200000 1765.85000 173.20000 35.01800 160.40100
 4 4 21 19 14 49522.20000 12.25200000 1766.05000 173.10000 35.01800 160.40100
 4 4 21 19 14 49518.20000 12.25200000 1765.24000 173.10000 35.01800 160.15100
 4 4 21 19 14 49525.80000 12.25200000 1765.24000 173.10000 35.01800 160.15100
 4 4 21 19 15 49526.10000 12.25200000 1765.74000 173.10000 35.01800 160.15100
 4 4 21 19 15 49526.20000 12.25200000 1765.79000 173.10000 35.01800 160.15100
 4 4 21 19 16 49554.20000 12.15400000 1766.41000 173.08000 35.01800 160.86800
 4 4 21 19 16 49575.60000 12.15400000 1767.77000 173.08000 35.01800 160.86800
 4 4 21 19 17 49575.60000 12.15400000 1767.77000 173.08000 35.01800 160.86800
 4 4 21 19 17 49575.60000 12.15400000 1767.32000 173.08000 35.01800 160.94500
 4 4 21 19 17 49575.50000 12.18000000 1767.33000 173.09000 35.01800 160.94500
 4 4 21 19 18 49572.30000 12.18000000 1767.34000 173.02000 34.96500 161.12200
 4 4 21 19 18 49518.20000 12.18000000 1765.45000 173.02000 34.96500 160.69100
 4 4 21 19 19 49516.70000 12.18000000 1764.41000 172.92000 34.96500 160.58700
 4 4 21 19 19 49501.00000 12.18000000 1762.48000 172.92000 34.96500 160.15000
 4 4 21 19 20 49500.10000 12.18000000 1761.09000 172.64000 34.96500 160.01400
 4 4 21 19 20 49478.30000 12.18000000 1761.11000 172.60000 34.96500 160.01400
 4 4 21 19 20 49478.10000 12.18000000 1761.10000 172.60000 34.96500 160.01400
 4 4 21 19 21 49481.50000 12.18000000 1761.75000 172.60000 34.96500 160.01400
 4 4 21 19 21 49491.40000 12.18000000 1762.95000 172.60000 34.96500 160.01400
 4 4 21 19 22 49465.70000 12.18000000 1761.19000 172.60000 34.96500 160.01400
 4 4 21 19 22 49465.70000 12.18000000 1760.00000 172.53000 34.91800 160.06900
 4 4 21 19 23 49379.60000 12.18000000 1756.26000 172.33000 34.91800 159.80000
 4 4 21 19 23 49402.30000 12.15500000 1758.24000 172.11000 34.91800 159.80000
 4 4 21 19 23 49395.80000 12.15500000 1757.75000 172.22000 34.91800 159.42000
 4 4 21 19 24 49395.80000 12.15500000 1756.66000 172.22000 34.79100 159.39000
 4 4 21 19 24 49370.10000 12.15500000 1756.00000 172.10000 34.79100 159.23000
 4 4 21 19 25 49366.50000 12.15500000 1754.62000 172.10000 34.79100 159.23000
 4 4 21 19 25 49404.60000 12.15500000 1756.92000 172.10000 34.79100 159.23000
 4 4 21 19 26 49425.00000 12.19700000 1759.75000 172.10000 34.79100 159.23000
 4 4 21 19 26 49408.10000 12.19700000 1758.83000 172.23000 34.79100 159.23000
 4 4 21 19 26 49410.30000 12.19700000 1759.76000 172.23000 34.79100 159.23000
 4 4 21 19 27 49410.30000 12.19700000 1758.59000 172.13000 34.79100 159.23000
 4 4 21 19 27 49400.10000 12.19700000 1758.56000 172.13000 34.79100 159.23000
 4 4 21 19 28 49362.30000 12.19700000 1757.34000 171.95000 34.79100 159.03500
 4 4 21 19 28 49373.50000 12.19700000 1757.34000 171.95000 34.79200 159.03500
 4 4 21 19 29 49373.50000 12.19700000 1758.26000 171.95000 34.79200 159.03500
 4 4 21 19 29 49382.50000 12.19700000 1757.33000 171.95000 34.79200 159.03500
 4 4 21 19 29 49358.50000 12.19700000 1757.35000 171.94000 34.79200 159.03500
 4 4 21 19 30 49353.60000 12.19700000 1757.33000 171.81000 34.79200 159.03500
 4 4 21 19 30 49352.00000 12.19700000 1757.33000 171.87000 34.79200 159.03500
 4 4 21 19 31 49391.40000 12.19700000 1758.58000 171.87000 34.79200 159.03500
 4 4 21 19 31 49383.50000 12.19700000 1758.57000 171.87000 34.79200 159.40900
 4 4 21 19 32 49338.60000 12.19700000 1758.57000 171.87000 34.79300 159.40900
 4 4 21 19 32 49351.20000 12.19700000 1758.58000 171.87000 34.79300 159.42800
 4 4 21 19 32 49354.80000 12.19700000 1759.99000 171.88000 34.79300 159.42800
 4 4 21 19 33 49347.70000 12.19700000 1760.00000 171.88000 34.79300 159.74900
 4 4 21 19 33 49348.40000 12.19700000 1760.00000 171.97000 34.79300 159.74900
 4 4 21 19 34 49348.40000 12.15200000 1760.00000 171.97000 34.79300 159.42700
 4 4 21 19 34 49348.40000 12.15200000 1760.00000 171.96000 34.57700 159.42700
 4 4 21 19 35 49348.50000 12.15200000 1761.79000 171.96000 34.57700 159.42700
 4 4 21 19 35 49348.40000 12.15200000 1761.79000 171.91000 34.59400 159.42300
 4 4 21 19 35 49348.40000 12.16100000 1760.62000 171.96000 34.59400 159.42300
 4 4 21 19 36 49348.50000 12.16100000 1760.81000 171.96000 34.79200 159.42300
 4 4 21 19 36 49348.40000 12.16100000 1761.95000 172.04000 34.60500 159.42300
 4 4 21 19 37 49348.40000 12.16100000 1762.32000 172.04000 34.60500 159.42300
 4 4 21 19 37 49348.50000 12.16100000 1762.40000 172.04000 34.73600 159.42300
 4 4 21 19 38 49348.50000 12.16100000 1762.21000 172.04000 34.73600 159.42300
 4 4 21 19 38 49348.50000 12.12900000 1762.21000 172.04000 34.73600 159.42300
 4 4 21 19 38 49339.20000 12.12900000 1762.21000 172.04000 34.73600 159.42300
 4 4 21 19 39 49331.90000 12.12900000 1760.10000 172.04000 34.73600 159.42300
 4 4 21 19 39 49308.40000 12.12900000 1760.21000 172.04000 34.73600 159.42300
 4 4 21 19 40 49288.60000 12.12900000 1760.03000 172.04000 34.73600 159.42300
 4 4 21 19 40 49288.60000 12.11900000 1759.90000 171.82000 34.73600 159.42300
 4 4 21 19 41 49288.60000 12.11900000 1760.21000 171.81000 34.59400 159.42300
 4 4 21 19 41 49288.70000 12.11900000 1760.29000 171.81000 34.59400 159.42300
 4 4 21 19 41 49288.70000 12.11900000 1761.94000 171.81000 34.59400 159.42300
 4 4 21 19 42 49288.60000 12.11900000 1760.97000 171.81000 34.59400 159.26000
 4 4 21 19 42 49288.70000 12.11900000 1760.75000 171.81000 34.57600 159.26000
 4 4 21 19 43 49288.70000 12.11900000 1760.75000 171.81000 34.57600 159.34100
 4 4 21 19 43 49288.70000 12.11900000 1760.75000 171.81000 34.57600 159.34100
 4 4 21 19 44 49335.40000 12.11900000 1760.89000 171.87000 34.57600 159.34100
 4 4 21 19 44 49335.40000 12.11900000 1760.88000 171.87000 34.57600 159.34100
 4 4 21 19 44 49335.40000 12.11900000 1760.89000 171.87000 34.57600 159.34100
 4 4 21 19 45 49335.40000 12.11900000 1760.22000 171.87000 34.57600 159.34100
 4 4 21 19 45 49378.30000 12.11900000 1760.76000 171.87000 34.57600 159.34100
 4 4 21 19 46 49382.50000 12.11900000 1760.76000 171.87000 34.57600 159.34100
 4 4 21 19 46 49383.50000 12.11900000 1760.76000 171.90000 34.57600 159.34100
 4 4 21 19 47 49383.50000 12.11900000 1760.76000 171.90000 34.57600 159.34100
 4 4 21 19 47 49383.50000 12.11900000 1760.75000 172.00000 34.57600 159.34100
 4 4 21 19 47 49385.40000 12.11900000 1760.76000 171.97000 34.57600 159.52400
 4 4 21 19 48 49385.00000 12.11900000 1759.89000 171.99000 34.57600 159.52400
 4 4 21 19 48 49385.00000 12.11900000 1760.03000 171.97000 34.57600 159.52400
 4 4 21 19 49 49385.00000 12.11900000 1760.02000 171.97000 34.57600 159.52400
 4 4 21 19 49 49380.60000 12.11900000 1759.72000 172.14000 34.30600 159.52400
 4 4 21 19 50 49371.80000 12.11900000 1759.72000 172.14000 34.30600 159.52400
 4 4 21 19 50 49371.70000 12.11900000 1759.83000 172.14000 34.30600 159.52400
 4 4 21 19 50 49378.00000 12.11900000 1760.71000 172.14000 34.30600 159.52400
 4 4 21 19 51 49378.00000 12.11900000 1760.71000 172.12000 34.28400 159.52400
 4 4 21 19 51 49381.00000 12.11900000 1760.71000 172.11000 34.23400 159.52400
