M=[
 3 5 20 12 08 8213.40000 6.68800000 194.83000 44.53000 10.05500 42.23300
 3 5 20 12 09 8210.00000 6.68800000 194.62000 44.53000 10.05500 42.23300
 3 5 20 12 09 8208.30000 6.67300000 194.48000 44.53000 10.05500 42.23300
 3 5 20 12 10 8205.70000 6.67300000 194.49000 44.53000 10.05500 42.20000
 3 5 20 12 10 8225.50000 6.67300000 194.71000 44.54000 10.03900 42.20000
 3 5 20 12 11 8226.30000 6.64500000 194.83000 44.54000 10.03900 42.20000
 3 5 20 12 11 8220.90000 6.64500000 194.55000 44.50000 10.03900 42.11600
 3 5 20 12 11 8218.00000 6.64500000 194.55000 44.50000 10.03900 42.11600
 3 5 20 12 12 8217.70000 6.64500000 194.64000 44.50000 10.03900 42.11600
 3 5 20 12 12 8215.00000 6.64500000 194.46000 44.50000 10.03900 42.11600
 3 5 20 12 13 8217.40000 6.64500000 194.58000 44.50000 10.03900 42.11600
 3 5 20 12 13 8218.90000 6.64500000 194.58000 44.50000 10.03900 42.11600
 3 5 20 12 14 8220.60000 6.64500000 194.59000 44.50000 10.03900 42.11600
 3 5 20 12 14 8223.90000 6.64500000 194.60000 44.50000 10.03900 42.11600
 3 5 20 12 15 8219.00000 6.64500000 194.75000 44.50000 10.03900 42.11600
 3 5 20 12 15 8228.90000 6.64500000 194.75000 44.54000 10.06800 42.11600
 3 5 20 12 16 8230.20000 6.64500000 194.71000 44.54000 10.06800 42.11600
 3 5 20 12 16 8232.30000 6.64500000 194.77000 44.54000 10.06800 42.11600
 3 5 20 12 16 8233.50000 6.64500000 194.82000 44.54000 10.06800 42.11600
 3 5 20 12 17 8230.20000 6.64500000 194.70000 44.54000 10.06800 42.11600
 3 5 20 12 17 8224.80000 6.64500000 194.62000 44.54000 10.06800 42.11600
 3 5 20 12 18 8224.80000 6.64500000 194.40000 44.54000 10.06800 42.11600
 3 5 20 12 18 8218.10000 6.63100000 194.41000 44.43000 10.06800 42.11600
 3 5 20 12 19 8217.40000 6.63100000 194.35000 44.43000 10.06800 42.11600
 3 5 20 12 19 8207.50000 6.63100000 194.30000 44.41000 10.06800 42.11600
 3 5 20 12 20 8196.40000 6.63100000 194.26000 44.35000 10.04700 42.11600
 3 5 20 12 20 8181.60000 6.57500000 193.78000 44.31000 10.04700 42.11600
 3 5 20 12 21 8185.50000 6.56700000 193.79000 44.31000 10.04700 42.11600
 3 5 20 12 21 8168.60000 6.57400000 193.60000 44.31000 10.04700 42.11600
 3 5 20 12 22 8164.80000 6.57400000 193.56000 44.31000 10.04700 42.00000
 3 5 20 12 22 8180.30000 6.57400000 193.88000 44.31000 10.04700 42.00000
 3 5 20 12 23 8181.70000 6.57400000 193.88000 44.27000 10.04700 42.00000
 3 5 20 12 23 8180.80000 6.57400000 193.80000 44.27000 10.04700 42.00000
 3 5 20 12 24 8177.70000 6.57400000 193.80000 44.27000 10.04700 42.00000
 3 5 20 12 24 8180.30000 6.57400000 193.80000 44.31000 10.04700 42.00000
 3 5 20 12 24 8172.50000 6.61200000 193.70000 44.27000 10.04700 42.00000
 3 5 20 12 25 8174.20000 6.61200000 193.60000 44.33000 10.03500 42.00000
 3 5 20 12 25 8178.20000 6.61200000 193.78000 44.37000 10.03500 42.00000
 3 5 20 12 26 8178.10000 6.61200000 193.78000 44.37000 10.03500 42.00000
 3 5 20 12 26 8166.50000 6.61200000 193.56000 44.37000 10.03500 42.00000
 3 5 20 12 27 8176.30000 6.61200000 193.73000 44.37000 10.03500 42.00000
 3 5 20 12 27 8180.00000 6.61200000 193.87000 44.37000 10.03500 42.00000
 3 5 20 12 28 8178.20000 6.61200000 193.88000 44.37000 10.03500 42.00000
 3 5 20 12 28 8171.80000 6.61200000 193.81000 44.37000 10.03500 42.00000
 3 5 20 12 29 8174.70000 6.61400000 193.81000 44.37000 10.03500 42.00000
 3 5 20 12 29 8171.00000 6.61200000 193.76000 44.37000 10.03500 42.00000
 3 5 20 12 30 8154.20000 6.61200000 193.57000 44.37000 10.01300 42.00000
 3 5 20 12 31 8092.20000 6.56200000 192.61000 44.11000 9.98800 41.93100
 3 5 20 12 31 8091.80000 6.58200000 192.77000 44.02000 9.98800 41.93100
 3 5 20 12 32 8115.70000 6.58200000 192.89000 44.01000 9.98800 41.93100
 3 5 20 12 32 8122.10000 6.58200000 192.90000 44.08000 9.98800 41.93100
 3 5 20 12 33 8107.90000 6.58200000 192.71000 44.01000 9.98800 41.93100
 3 5 20 12 33 8116.70000 6.58200000 192.88000 44.00000 9.98800 41.93100
 3 5 20 12 34 8116.70000 6.58200000 192.88000 44.00000 9.98800 41.93100
 3 5 20 12 34 8120.40000 6.58200000 192.88000 43.99000 9.98800 41.93100
 3 5 20 12 35 8128.50000 6.60000000 192.98000 44.04000 9.98800 41.93100
 3 5 20 12 35 8138.00000 6.60000000 193.10000 44.10000 10.02900 41.93100
 3 5 20 12 36 8140.20000 6.60000000 193.10000 44.13000 10.02900 41.93100
 3 5 20 12 36 8133.90000 6.60000000 193.19000 44.05000 10.02900 41.93100
 3 5 20 12 37 8139.70000 6.60000000 193.04000 44.05000 10.02900 41.93100
 3 5 20 12 37 8136.50000 6.60000000 193.16000 44.05000 10.02900 41.93100
 3 5 20 12 38 8148.40000 6.60000000 193.19000 44.05000 10.02900 42.00000
 3 5 20 12 38 8146.90000 6.60000000 193.36000 44.05000 10.02900 41.93100
 3 5 20 12 39 8150.00000 6.60000000 193.42000 44.27000 10.02900 41.80500
 3 5 20 12 39 8150.00000 6.64400000 193.74000 44.27000 10.02900 41.80500
 3 5 20 12 39 8158.60000 6.64400000 193.66000 44.05000 10.02900 41.80500
 3 5 20 12 40 8150.10000 6.64400000 193.65000 44.28000 10.03000 41.80500
 3 5 20 12 40 8155.10000 6.64400000 193.65000 44.28000 10.03000 41.80500
 3 5 20 12 41 8159.80000 6.64400000 193.76000 44.29000 10.03000 41.80500
 3 5 20 12 41 8166.40000 6.64400000 193.76000 44.31000 10.03000 41.80500
 3 5 20 12 42 8175.10000 6.64400000 193.93000 44.41000 10.03000 41.80500
 3 5 20 12 42 8181.30000 6.64400000 194.02000 44.41000 10.03000 41.80500
 3 5 20 12 43 8175.30000 6.64400000 194.02000 44.41000 10.03000 41.80500
 3 5 20 12 43 8176.90000 6.64400000 194.02000 44.41000 10.03000 41.80500
 3 5 20 12 44 8177.30000 6.64400000 194.02000 44.44000 10.03000 41.80500
 3 5 20 12 44 8181.90000 6.64400000 194.33000 44.44000 10.03000 41.80500
 3 5 20 12 45 8191.80000 6.64400000 194.33000 44.44000 10.09900 41.80500
 3 5 20 12 45 8190.50000 6.64400000 194.36000 44.48000 10.09900 41.80500
 3 5 20 12 46 8184.00000 6.64400000 194.15000 44.48000 10.09900 41.80500
 3 5 20 12 46 8182.60000 6.64400000 194.20000 44.48000 10.09900 41.80500
 3 5 20 12 47 8182.50000 6.64400000 194.09000 44.48000 10.09900 41.80500
 3 5 20 12 47 8180.00000 6.64400000 194.11000 44.36000 10.09900 41.80500
 3 5 20 12 48 8182.00000 6.66900000 194.02000 44.36000 10.09900 41.80500
 3 5 20 12 48 8176.50000 6.66900000 194.04000 44.39000 10.09900 41.80500
 3 5 20 12 48 8176.50000 6.66900000 194.07000 44.39000 10.09900 41.80500
 3 5 20 12 49 8180.90000 6.66900000 194.08000 44.39000 10.09900 41.80500
 3 5 20 12 49 8180.80000 6.66900000 194.08000 44.39000 10.09900 41.80500
 3 5 20 12 50 8180.90000 6.66900000 194.11000 44.38000 10.09300 41.80500
 3 5 20 12 50 8180.90000 6.66900000 194.24000 44.38000 10.09300 41.80500
 3 5 20 12 51 8188.50000 6.66900000 194.24000 44.38000 10.09300 41.80500
 3 5 20 12 51 8187.30000 6.64100000 194.25000 44.38000 10.09300 41.80500
 3 5 20 12 52 8196.10000 6.67900000 194.25000 44.38000 10.09300 41.80500
 3 5 20 12 52 8197.50000 6.67900000 194.43000 44.38000 10.09300 41.80500
 3 5 20 12 53 8196.40000 6.67900000 194.43000 44.38000 10.09300 41.80500
 3 5 20 12 53 8190.40000 6.67900000 194.24000 44.49000 10.09300 41.80500
 3 5 20 12 54 8190.10000 6.67900000 194.24000 44.49000 10.09300 41.80500
 3 5 20 12 54 8195.40000 6.67900000 194.40000 44.49000 10.09300 41.80500
 3 5 20 12 54 8191.10000 6.67400000 194.40000 44.49000 10.09300 41.80500
 3 5 20 12 55 8191.00000 6.67400000 194.40000 44.49000 10.09300 41.80500
 3 5 20 12 55 8188.40000 6.67400000 194.40000 44.48000 10.09300 41.80500
 3 5 20 12 56 8183.00000 6.67400000 194.32000 44.48000 10.09300 41.80500
 3 5 20 12 56 8182.20000 6.67400000 194.32000 44.48000 10.09300 41.80500
 3 5 20 12 57 8181.20000 6.67400000 194.14000 44.48000 10.09300 41.80500
 3 5 20 12 57 8181.60000 6.67400000 194.10000 44.48000 10.09300 41.80500
 3 5 20 12 58 8183.20000 6.67400000 194.11000 44.48000 10.09300 41.80500
 3 5 20 12 58 8183.10000 6.67400000 194.11000 44.48000 10.09300 41.80500
 3 5 20 12 59 8184.50000 6.67400000 194.30000 44.48000 10.09300 41.80500
 3 5 20 12 59 8188.00000 6.67400000 194.28000 44.48000 10.09300 41.80500
 3 5 20 13 00 8184.00000 6.67400000 194.28000 44.48000 10.09300 41.80500
