M=[
30 1 21 17 56 28157.70000 6.22900000 1127.65000 109.41000 16.95600 69.32200
30 1 21 17 57 28189.90000 6.22900000 1128.56000 109.51000 16.95600 69.32200
30 1 21 17 57 28174.80000 6.22900000 1129.09000 109.56000 16.95600 69.32200
30 1 21 17 57 28175.00000 6.23500000 1129.15000 109.50000 16.95600 69.32200
30 1 21 17 58 28164.00000 6.23500000 1128.50000 109.59000 16.95600 69.32200
30 1 21 17 58 28175.00000 6.23500000 1128.39000 109.59000 16.95600 69.32200
30 1 21 17 59 28171.30000 6.23500000 1127.58000 109.58000 16.95600 69.32200
30 1 21 17 59 28158.60000 6.23500000 1127.72000 109.52000 16.95600 69.32200
30 1 21 18 00 28175.00000 6.25800000 1128.22000 109.58000 16.95600 69.32200
30 1 21 18 00 28234.40000 6.23000000 1129.60000 109.69000 16.95600 69.28200
30 1 21 18 00 28221.70000 6.23000000 1129.85000 109.68000 16.95600 69.45000
30 1 21 18 01 28197.00000 6.23000000 1128.56000 109.62000 16.95600 69.45000
30 1 21 18 01 28139.10000 6.23000000 1127.35000 109.51000 16.95600 69.45000
30 1 21 18 02 28150.40000 6.23000000 1127.35000 109.53000 16.95600 69.45000
30 1 21 18 02 28136.90000 6.23000000 1127.74000 109.53000 16.95600 69.45000
30 1 21 18 03 28153.40000 6.23000000 1128.07000 109.54000 16.95600 69.45000
30 1 21 18 03 28136.20000 6.23000000 1127.63000 109.66000 16.95600 69.45000
30 1 21 18 03 28125.80000 6.20400000 1127.00000 109.66000 16.95600 69.45000
30 1 21 18 04 28139.20000 6.20400000 1125.54000 109.53000 16.95600 69.45000
30 1 21 18 04 28130.60000 6.20400000 1125.34000 109.49000 16.83800 69.45000
30 1 21 18 05 28131.00000 6.21200000 1125.32000 109.32000 16.83800 69.45000
30 1 21 18 05 28111.30000 6.21200000 1123.85000 109.19000 16.83800 69.45000
30 1 21 18 06 28081.30000 6.21200000 1122.97000 109.10000 16.83800 69.45000
30 1 21 18 06 28104.20000 6.21200000 1123.52000 108.99000 16.83800 69.45000
30 1 21 18 06 28120.40000 6.21200000 1124.34000 109.10000 16.83800 69.45000
30 1 21 18 07 28100.90000 6.21200000 1123.06000 109.08000 16.83800 69.45000
30 1 21 18 07 28099.70000 6.21200000 1123.23000 109.08000 16.83800 69.45000
30 1 21 18 08 28132.90000 6.21200000 1124.71000 109.09000 16.83800 69.45000
30 1 21 18 08 28128.70000 6.21200000 1124.39000 109.09000 16.83800 69.45000
30 1 21 18 09 28133.70000 6.21200000 1124.39000 109.09000 16.83800 69.45000
30 1 21 18 09 28134.60000 6.21200000 1124.99000 109.18000 16.83800 69.45000
30 1 21 18 09 28127.60000 6.21200000 1124.79000 109.18000 16.83800 69.45000
30 1 21 18 10 28127.30000 6.21200000 1124.97000 109.13000 16.83800 69.45000
30 1 21 18 11 28144.40000 6.24000000 1124.92000 109.18000 16.83800 69.45000
30 1 21 18 13 28160.40000 6.24000000 1126.17000 109.36000 16.83800 69.00000
30 1 21 18 14 28160.40000 6.24000000 1126.96000 109.36000 16.83800 68.77900
30 1 21 18 14 28164.10000 6.24000000 1126.85000 109.31000 16.83800 68.77900
30 1 21 18 15 28160.40000 6.21200000 1127.38000 109.30000 16.83800 68.77900
30 1 21 18 15 28168.20000 6.21200000 1127.23000 109.30000 16.83800 68.77900
30 1 21 18 16 28168.20000 6.23900000 1127.10000 109.29000 16.83800 68.77900
30 1 21 18 16 28168.20000 6.23900000 1127.41000 109.29000 16.82800 68.77900
30 1 21 18 17 28173.70000 6.23900000 1126.80000 109.30000 16.82800 68.77900
30 1 21 18 17 28188.40000 6.23900000 1126.81000 109.31000 16.82800 68.77900
30 1 21 18 17 28189.90000 6.23900000 1126.50000 109.31000 16.82800 68.77900
30 1 21 18 18 28206.90000 6.22000000 1127.41000 109.35000 16.82800 68.77900
30 1 21 18 18 28206.90000 6.22000000 1127.37000 109.36000 16.82800 68.77900
30 1 21 18 19 28177.70000 6.22000000 1127.90000 109.36000 16.82800 69.02200
30 1 21 18 19 28194.60000 6.22000000 1127.45000 109.37000 16.82800 69.02200
30 1 21 18 20 28181.30000 6.22000000 1126.76000 109.37000 16.82800 69.02400
30 1 21 18 20 28205.30000 6.22000000 1127.50000 109.58000 16.82800 69.02400
30 1 21 18 20 28235.00000 6.22000000 1129.05000 109.58000 16.82800 69.02400
30 1 21 18 21 28226.70000 6.22000000 1128.93000 109.64000 16.82800 69.02400
30 1 21 18 21 28234.90000 6.22000000 1128.63000 109.70000 16.82800 69.02400
30 1 21 18 22 28242.90000 6.22000000 1129.16000 109.64000 16.82800 69.02400
30 1 21 18 22 28228.10000 6.22000000 1129.22000 109.65000 16.82800 69.02400
30 1 21 18 23 28239.60000 6.22000000 1129.23000 109.74000 16.82800 69.02400
30 1 21 18 23 28237.60000 6.22000000 1129.26000 109.74000 16.82800 69.02400
30 1 21 18 23 28240.00000 6.22000000 1130.00000 109.74000 16.82800 69.02400
30 1 21 18 24 28236.70000 6.22000000 1129.01000 109.63000 16.82800 69.02400
30 1 21 18 24 28246.80000 6.22000000 1129.00000 109.63000 16.82800 69.02400
30 1 21 18 25 28246.50000 6.22000000 1129.19000 109.68000 16.82800 69.02400
30 1 21 18 25 28250.00000 6.22000000 1129.22000 109.68000 16.82800 69.02400
30 1 21 18 26 28250.00000 6.21600000 1129.31000 109.68000 16.82800 69.02400
30 1 21 18 26 28249.90000 6.21600000 1129.63000 109.71000 16.82800 69.02400
30 1 21 18 26 28250.00000 6.21600000 1129.96000 109.71000 16.82800 69.10600
30 1 21 18 27 28250.00000 6.25200000 1129.97000 109.76000 16.82800 69.10600
30 1 21 18 27 28240.20000 6.25200000 1129.99000 109.76000 16.82800 69.10600
30 1 21 18 28 28232.00000 6.25200000 1130.00000 109.72000 16.82800 68.97000
30 1 21 18 28 28220.80000 6.25200000 1129.51000 109.71000 16.82800 68.97000
30 1 21 18 29 28192.80000 6.25200000 1129.01000 109.70000 16.82800 68.97000
30 1 21 18 29 28201.60000 6.25200000 1129.40000 109.70000 16.82800 68.97000
30 1 21 18 29 28204.40000 6.25200000 1129.00000 109.68000 16.82800 68.97000
30 1 21 18 30 28221.30000 6.25200000 1129.00000 109.68000 16.82800 69.10600
30 1 21 18 30 28190.80000 6.25200000 1127.73000 109.68000 16.82800 69.10600
30 1 21 18 31 28182.40000 6.25200000 1127.73000 109.67000 16.82800 69.10600
30 1 21 18 31 28150.40000 6.25200000 1127.01000 109.67000 16.82800 69.10600
30 1 21 18 32 28159.40000 6.25200000 1127.01000 109.66000 16.82800 69.10600
30 1 21 18 32 28204.50000 6.25400000 1127.65000 109.63000 16.82800 69.10600
30 1 21 18 32 28192.00000 6.25400000 1127.01000 109.66000 16.82800 69.10600
30 1 21 18 33 28183.10000 6.25400000 1127.02000 109.64000 16.82800 69.10600
30 1 21 18 33 28210.30000 6.25400000 1128.18000 109.64000 16.82800 69.10600
30 1 21 18 34 28212.20000 6.25400000 1128.18000 109.62000 16.82800 69.10600
30 1 21 18 34 28192.70000 6.25400000 1128.02000 109.63000 16.82800 69.10600
30 1 21 18 35 28184.00000 6.25400000 1127.44000 109.63000 16.82800 69.10600
30 1 21 18 35 28199.50000 6.25400000 1128.17000 109.67000 16.82800 69.10600
30 1 21 18 35 28198.70000 6.25400000 1127.95000 109.67000 16.82800 69.10600
30 1 21 18 36 28219.50000 6.25400000 1128.17000 109.79000 16.82800 69.21100
30 1 21 18 36 28218.10000 6.25400000 1128.01000 109.79000 16.77200 69.21100
30 1 21 18 37 28218.00000 6.25400000 1128.00000 109.79000 16.77200 69.21100
30 1 21 18 37 28218.10000 6.25400000 1127.55000 109.79000 16.77200 69.21100
30 1 21 18 38 28206.50000 6.25400000 1127.17000 109.79000 16.77200 69.21100
30 1 21 18 38 28206.40000 6.25400000 1126.65000 109.79000 16.77200 69.21100
30 1 21 18 38 28211.30000 6.25400000 1126.33000 109.78000 16.77200 69.13000
30 1 21 18 39 28170.00000 6.25400000 1125.76000 109.78000 16.77200 69.20200
30 1 21 18 39 28170.10000 6.25400000 1124.79000 109.78000 16.77200 69.20200
30 1 21 18 40 28182.90000 6.25400000 1125.11000 109.78000 16.77200 69.20600
30 1 21 18 40 28175.30000 6.25400000 1125.03000 109.73000 16.77200 69.20600
30 1 21 18 41 28165.00000 6.25400000 1124.40000 109.73000 16.77200 69.20600
30 1 21 18 41 28159.60000 6.25400000 1124.66000 109.73000 16.77200 69.20600
30 1 21 18 41 28159.60000 6.25400000 1124.37000 109.72000 16.77200 69.20600
30 1 21 18 42 28154.10000 6.23400000 1124.34000 109.72000 16.77200 69.20600
30 1 21 18 42 28127.30000 6.23400000 1125.18000 109.72000 16.77200 69.20600
30 1 21 18 43 28130.40000 6.23400000 1123.96000 109.72000 16.77200 69.20600
30 1 21 18 43 28146.80000 6.23400000 1124.48000 109.72000 16.77200 69.20600
30 1 21 18 44 28149.30000 6.23400000 1124.46000 109.73000 16.77200 69.20600
