M=[
27 12 20 02 51 21751.50000 4.83200000 527.86000 109.96000 14.45800 55.73900
27 12 20 02 52 21728.00000 4.83200000 527.31000 109.92000 14.45800 55.73900
27 12 20 02 52 21715.40000 4.83200000 526.04000 109.75000 14.45800 55.60000
27 12 20 02 53 21715.30000 4.83200000 526.70000 109.64000 14.45800 55.60000
27 12 20 02 53 21721.10000 4.83200000 526.96000 109.93000 14.45800 55.60000
27 12 20 02 54 21745.50000 4.83200000 526.96000 110.10000 14.45800 55.60000
27 12 20 02 54 21715.40000 4.83200000 527.87000 110.14000 14.45800 55.60000
27 12 20 02 54 21704.80000 4.83200000 527.87000 110.14000 14.45800 55.60000
27 12 20 02 55 21675.40000 4.83200000 527.06000 110.14000 14.45800 55.60000
27 12 20 02 55 21661.10000 4.83200000 527.06000 110.14000 14.45800 55.60000
27 12 20 02 56 21686.20000 4.83200000 527.19000 110.14000 14.45800 55.60000
27 12 20 02 56 21697.00000 4.83200000 527.55000 110.09000 14.26500 55.60000
27 12 20 02 57 21698.00000 4.83200000 527.55000 110.09000 14.26500 55.43800
27 12 20 02 57 21698.00000 4.83200000 527.89000 110.14000 14.26500 55.43800
27 12 20 02 57 21704.60000 4.83200000 527.47000 110.14000 14.26500 55.43800
27 12 20 02 58 21699.60000 4.83200000 527.47000 110.14000 14.26500 55.43800
27 12 20 02 58 21704.70000 4.83200000 527.81000 110.10000 14.26500 55.43800
27 12 20 02 59 21720.00000 4.83200000 527.53000 110.10000 14.26500 55.43800
27 12 20 02 59 21720.00000 4.83200000 527.42000 110.10000 14.26500 55.43800
27 12 20 03 00 21717.00000 4.83200000 527.42000 110.10000 14.26500 55.43800
27 12 20 03 00 21717.40000 4.83200000 527.42000 110.12000 14.26500 55.43800
27 12 20 03 00 21722.00000 4.83200000 527.42000 110.12000 14.26500 55.43800
27 12 20 03 01 21740.40000 4.83200000 527.42000 110.12000 14.26500 55.43800
27 12 20 03 01 21723.50000 4.83200000 527.62000 110.12000 14.26500 55.43800
27 12 20 03 02 21733.70000 4.83200000 527.62000 110.12000 14.26500 55.43800
27 12 20 03 02 21704.00000 4.83200000 527.34000 110.12000 14.26500 55.43800
27 12 20 03 03 21710.10000 4.83200000 527.34000 110.12000 14.26500 55.43800
27 12 20 03 03 21717.10000 4.83200000 527.34000 110.12000 14.26500 55.43800
27 12 20 03 03 21736.20000 4.83200000 527.19000 110.12000 14.26500 55.43800
27 12 20 03 04 21739.20000 4.83200000 527.19000 110.12000 14.26500 55.43800
27 12 20 03 04 21740.00000 4.83200000 527.19000 109.98000 14.26500 55.43800
27 12 20 03 05 21731.00000 4.83200000 527.11000 109.60000 14.26500 55.43800
27 12 20 03 05 21731.00000 4.83200000 527.11000 109.74000 14.26500 55.43800
27 12 20 03 06 21740.30000 4.83200000 527.11000 109.77000 14.26500 55.43800
27 12 20 03 06 21740.60000 4.83200000 527.11000 109.87000 14.26500 55.43800
27 12 20 03 06 21747.70000 4.83200000 527.12000 109.87000 14.26500 55.43800
27 12 20 03 07 21742.20000 4.83200000 527.12000 109.79000 14.26500 55.43800
27 12 20 03 07 21742.20000 4.83200000 527.12000 109.79000 14.26500 55.43800
27 12 20 03 08 21746.20000 4.79600000 527.38000 109.79000 14.26500 55.43800
27 12 20 03 08 21746.20000 4.79600000 527.38000 109.79000 14.26500 55.43800
27 12 20 03 09 21746.20000 4.79000000 527.38000 109.89000 14.26500 55.43800
27 12 20 03 09 21747.70000 4.79000000 527.39000 109.89000 14.26500 55.43800
27 12 20 03 09 21747.80000 4.79000000 527.39000 109.83000 14.26500 55.43800
27 12 20 03 10 21746.20000 4.79000000 527.12000 109.83000 14.26500 55.43800
27 12 20 03 10 21689.70000 4.79000000 527.12000 109.68000 14.26500 55.43800
27 12 20 03 11 21691.10000 4.79000000 527.12000 109.51000 14.27900 55.43800
27 12 20 03 11 21690.80000 4.79000000 526.70000 109.43000 14.27900 55.43800
27 12 20 03 12 21708.70000 4.79000000 526.74000 109.53000 14.27900 55.43800
27 12 20 03 12 21702.80000 4.79000000 526.74000 109.57000 14.27900 55.43800
27 12 20 03 12 21706.80000 4.79000000 526.34000 109.71000 14.27900 55.43800
27 12 20 03 13 21730.00000 4.79000000 526.34000 110.02000 14.27900 55.43800
27 12 20 03 13 21725.50000 4.79000000 526.34000 110.02000 14.27900 55.43800
27 12 20 03 14 21725.30000 4.79000000 526.34000 110.02000 14.27900 55.43800
27 12 20 03 14 21739.90000 4.79000000 526.69000 110.02000 14.27900 55.43800
27 12 20 03 15 21737.90000 4.79000000 526.69000 110.02000 14.27900 55.43800
27 12 20 03 15 21737.80000 4.79000000 526.69000 110.02000 14.27900 55.43800
27 12 20 03 15 21737.80000 4.79000000 526.69000 109.91000 14.18400 55.43800
27 12 20 03 16 21737.90000 4.79000000 526.69000 109.91000 14.03000 55.43800
27 12 20 03 16 21723.20000 4.79000000 526.69000 109.81000 14.03000 55.43800
27 12 20 03 17 21723.20000 4.79000000 526.69000 109.81000 14.03000 55.43800
27 12 20 03 17 21728.50000 4.79000000 526.69000 109.81000 14.03000 55.43800
27 12 20 03 18 21726.90000 4.79000000 526.30000 109.81000 14.03000 55.43800
27 12 20 03 18 21727.00000 4.79000000 526.19000 109.83000 14.03000 55.43800
27 12 20 03 18 21727.00000 4.79000000 525.73000 109.71000 14.03000 55.43800
27 12 20 03 19 21719.90000 4.79000000 525.67000 109.54000 14.03000 55.43800
27 12 20 03 19 21690.00000 4.79000000 525.61000 109.47000 14.03000 55.43800
27 12 20 03 20 21689.10000 4.79000000 525.60000 109.50000 14.03000 55.43800
27 12 20 03 20 21671.60000 4.79000000 525.37000 109.46000 14.03000 55.43800
27 12 20 03 21 21684.90000 4.79000000 525.37000 109.46000 14.15400 55.43800
27 12 20 03 21 21661.00000 4.79700000 525.37000 109.46000 14.15400 55.43800
27 12 20 03 21 21653.00000 4.79700000 525.37000 109.21000 14.15400 55.43800
27 12 20 03 22 21651.00000 4.79700000 525.37000 109.04000 14.15400 55.43800
27 12 20 03 22 21660.60000 4.79700000 525.90000 109.17000 14.27000 55.43800
27 12 20 03 23 21655.50000 4.79700000 525.90000 109.35000 14.27000 55.43800
27 12 20 03 23 21699.90000 4.79700000 525.84000 109.42000 14.27000 55.43800
27 12 20 03 24 21717.10000 4.79700000 525.84000 109.58000 14.27000 55.43800
27 12 20 03 24 21718.00000 4.79700000 526.91000 109.58000 14.27000 55.43800
27 12 20 03 24 21711.80000 4.79700000 526.90000 109.58000 14.27000 55.23400
27 12 20 03 25 21711.80000 4.79700000 526.90000 109.46000 14.27000 55.23400
27 12 20 03 25 21692.80000 4.79700000 526.08000 109.35000 14.27000 55.23400
27 12 20 03 26 21692.80000 4.79700000 526.08000 109.35000 14.27000 55.23400
27 12 20 03 26 21704.40000 4.79700000 526.08000 109.35000 14.27000 55.23400
27 12 20 03 27 21704.40000 4.79700000 525.82000 109.35000 14.27000 55.23400
27 12 20 03 27 21705.70000 4.79700000 525.82000 109.40000 14.27000 55.23400
27 12 20 03 27 21706.40000 4.79700000 526.16000 109.40000 14.27000 55.23400
27 12 20 03 28 21716.80000 4.79700000 526.16000 109.40000 14.24500 55.23400
27 12 20 03 28 21716.80000 4.79700000 526.16000 109.29000 14.24500 55.23400
27 12 20 03 29 21724.70000 4.79700000 526.16000 109.35000 14.24500 55.23400
27 12 20 03 29 21733.00000 4.79700000 526.07000 109.35000 14.24500 55.23400
27 12 20 03 30 21740.80000 4.79700000 526.07000 109.40000 14.33600 55.23400
27 12 20 03 30 21740.10000 4.79700000 526.07000 109.40000 14.33600 55.23400
27 12 20 03 30 21740.10000 4.79700000 526.07000 109.40000 14.33600 55.23400
27 12 20 03 31 21740.00000 4.79700000 526.14000 109.40000 14.33600 55.23400
27 12 20 03 31 21740.10000 4.79700000 526.14000 109.40000 14.33600 55.23400
27 12 20 03 32 21712.90000 4.79700000 526.14000 109.49000 14.33600 55.23400
27 12 20 03 32 21701.20000 4.79700000 525.75000 109.37000 14.41800 55.23400
27 12 20 03 33 21700.10000 4.79700000 525.75000 109.37000 14.41800 55.23400
27 12 20 03 33 21686.10000 4.79700000 525.55000 109.37000 14.41800 55.23400
27 12 20 03 33 21685.40000 4.79700000 525.55000 109.37000 14.41800 55.23400
27 12 20 03 34 21677.80000 4.79700000 525.33000 109.30000 14.41800 55.23400
27 12 20 03 34 21677.80000 4.79700000 523.52000 108.82000 14.21000 55.23400
27 12 20 03 35 21677.80000 4.79700000 524.35000 109.07000 14.21000 55.23400
27 12 20 03 35 21677.60000 4.79700000 524.58000 109.07000 14.21000 55.23400
27 12 20 03 36 21676.20000 4.79700000 524.48000 109.07000 14.21000 55.23400
27 12 20 03 36 21656.30000 4.79700000 524.06000 108.99000 14.21000 55.23400
