M=[
23 2 21 00 01 44521.40000 11.52600000 1465.00000 171.67000 27.98100 119.51800
23 2 21 00 01 44456.70000 11.52600000 1462.50000 170.83000 27.98100 119.51800
23 2 21 00 02 44404.70000 11.52600000 1461.34000 170.83000 27.98100 119.51800
23 2 21 00 02 44361.10000 11.52600000 1459.29000 170.70000 27.98100 119.51800
23 2 21 00 02 44370.00000 11.52600000 1460.53000 170.49000 27.98100 119.51800
23 2 21 00 03 44307.30000 11.52600000 1458.02000 170.49000 27.98100 119.51800
23 2 21 00 03 44273.20000 11.44400000 1457.01000 170.49000 27.98100 119.51800
23 2 21 00 04 44248.70000 11.39600000 1456.08000 170.30000 27.98100 118.13000
23 2 21 00 04 44167.60000 11.39600000 1451.59000 169.29000 27.98100 118.13000
23 2 21 00 05 44115.40000 11.32900000 1450.39000 169.17000 27.98100 118.13000
23 2 21 00 05 44070.30000 11.32900000 1447.00000 168.61000 27.98100 116.96000
23 2 21 00 05 44081.30000 11.32900000 1447.14000 168.61000 27.98100 116.96000
23 2 21 00 06 44042.80000 11.24900000 1446.80000 168.69000 27.98100 116.96000
23 2 21 00 06 44011.50000 11.21900000 1444.25000 168.41000 27.96400 116.54500
23 2 21 00 07 44000.10000 11.21900000 1443.91000 168.41000 27.96400 116.56500
23 2 21 00 07 43914.50000 11.21900000 1441.43000 168.25000 27.96400 116.13600
23 2 21 00 08 43938.40000 11.24900000 1442.09000 168.01000 27.96400 116.13600
23 2 21 00 08 44041.90000 11.24900000 1445.95000 168.01000 27.96400 116.13600
23 2 21 00 08 43933.40000 11.24900000 1443.30000 168.00000 27.96400 116.13600
23 2 21 00 09 43919.50000 11.24900000 1441.01000 168.27000 27.96400 116.13600
23 2 21 00 09 43861.70000 11.24900000 1440.06000 167.89000 27.96400 116.00000
23 2 21 00 10 43838.60000 11.24900000 1439.11000 167.57000 27.96400 115.74800
23 2 21 00 10 43777.10000 11.24900000 1440.61000 167.50000 27.96400 115.74800
23 2 21 00 11 43882.70000 11.24900000 1444.22000 168.12000 27.96400 115.74800
23 2 21 00 11 43899.90000 11.24900000 1446.70000 167.68000 27.96400 115.74800
23 2 21 00 11 43843.70000 11.24900000 1442.58000 167.72000 27.96400 115.74800
23 2 21 00 12 43866.80000 11.17300000 1444.10000 167.72000 27.96400 115.74800
23 2 21 00 12 43900.00000 11.17300000 1446.08000 167.72000 27.96400 115.74800
23 2 21 00 13 43914.50000 11.17300000 1446.86000 168.35000 27.96400 115.74800
23 2 21 00 13 43914.50000 11.17300000 1446.86000 168.13000 27.96400 115.74800
23 2 21 00 14 43900.00000 11.17300000 1443.87000 168.13000 27.96400 115.74800
23 2 21 00 14 43855.80000 11.17300000 1442.70000 167.83000 27.96400 115.78700
23 2 21 00 14 43822.70000 11.17300000 1442.65000 167.42000 27.96400 115.78700
23 2 21 00 15 43866.30000 11.19700000 1443.56000 167.42000 27.96400 115.66900
23 2 21 00 15 43844.20000 11.19700000 1441.71000 167.42000 27.96400 115.66900
23 2 21 00 16 43849.00000 11.17100000 1442.40000 167.58000 27.96400 115.66900
23 2 21 00 16 43818.70000 11.17000000 1442.40000 167.58000 27.96400 115.66900
23 2 21 00 17 43786.90000 11.15000000 1439.33000 167.07000 27.96400 115.51500
23 2 21 00 17 43820.00000 11.13000000 1441.55000 167.37000 27.96400 115.50500
23 2 21 00 17 43780.50000 11.13000000 1438.60000 167.37000 27.96400 115.50000
23 2 21 00 18 43850.00000 11.13000000 1440.31000 167.53000 27.96400 115.50000
23 2 21 00 18 43900.00000 11.13000000 1443.59000 167.76000 27.96400 115.50000
23 2 21 00 19 43914.40000 11.13000000 1445.06000 167.76000 27.96400 115.50000
23 2 21 00 19 43870.10000 11.13000000 1441.77000 167.02000 27.96400 115.50000
23 2 21 00 20 43856.70000 11.13000000 1441.26000 167.00000 27.96400 115.50000
23 2 21 00 20 43938.50000 11.16600000 1441.26000 167.38000 27.96400 115.40500
23 2 21 00 20 43938.50000 11.16600000 1446.33000 167.38000 27.96400 115.40500
23 2 21 00 21 44027.60000 11.16600000 1448.71000 167.91000 27.96400 115.40500
23 2 21 00 21 44008.70000 11.16600000 1449.07000 167.91000 27.96400 115.40500
23 2 21 00 22 44051.60000 11.16600000 1449.23000 167.91000 27.96400 115.40500
23 2 21 00 22 44051.90000 11.16600000 1449.87000 167.91000 27.96400 115.40500
23 2 21 00 23 44016.60000 11.16600000 1449.87000 167.91000 27.96400 115.40500
23 2 21 00 23 44007.70000 11.16600000 1448.03000 167.83000 27.96400 115.40500
23 2 21 00 23 43984.00000 11.16600000 1450.01000 167.83000 27.96400 116.01600
23 2 21 00 24 44027.70000 11.22700000 1450.01000 167.83000 27.96400 116.01600
23 2 21 00 24 44041.90000 11.22700000 1450.01000 167.83000 27.96400 116.01600
23 2 21 00 25 44045.00000 11.22700000 1453.34000 168.29000 27.96400 116.01600
23 2 21 00 25 44089.60000 11.22700000 1455.01000 168.29000 27.96400 116.01600
23 2 21 00 26 44072.90000 11.22700000 1455.48000 168.29000 27.96400 116.01600
23 2 21 00 26 44055.30000 11.22700000 1454.38000 168.29000 27.96400 116.01600
23 2 21 00 26 44055.10000 11.22700000 1455.26000 168.29000 27.96400 116.01600
23 2 21 00 27 43975.30000 11.22700000 1455.26000 168.29000 27.96400 116.01600
23 2 21 00 27 43925.00000 11.22700000 1451.27000 168.29000 27.96400 116.01600
23 2 21 00 28 43908.20000 11.22700000 1449.96000 168.29000 27.96400 116.01600
23 2 21 00 28 43875.10000 11.22700000 1449.96000 167.34000 27.96400 116.01600
23 2 21 00 29 43890.80000 11.22700000 1449.94000 167.34000 27.96400 116.01600
23 2 21 00 29 43890.80000 11.22700000 1450.35000 167.60000 27.96400 116.01600
23 2 21 00 29 43893.70000 11.22700000 1450.15000 167.60000 27.96400 116.01600
23 2 21 00 30 43968.10000 11.22700000 1451.40000 167.60000 27.96400 116.03600
23 2 21 00 30 44048.60000 11.22700000 1456.36000 167.60000 27.96400 116.44800
23 2 21 00 31 44054.60000 11.22700000 1457.64000 168.46000 27.96400 116.44800
23 2 21 00 31 44092.80000 11.22700000 1459.12000 168.61000 27.96400 116.44800
23 2 21 00 32 44124.00000 11.27600000 1459.97000 168.62000 27.96400 116.44800
23 2 21 00 32 44135.50000 11.27600000 1459.56000 168.62000 28.05700 116.44800
23 2 21 00 32 44135.50000 11.27600000 1459.56000 168.62000 28.05700 116.44800
23 2 21 00 33 44135.50000 11.27600000 1456.95000 168.62000 28.05700 116.44800
23 2 21 00 33 44094.10000 11.27600000 1455.96000 168.62000 28.05700 116.44800
23 2 21 00 34 44130.00000 11.27600000 1457.11000 169.09000 28.15200 116.62500
23 2 21 00 34 44146.00000 11.27600000 1457.67000 169.09000 28.15200 116.62500
23 2 21 00 35 44150.00000 11.27600000 1457.64000 169.09000 28.15200 116.62500
23 2 21 00 35 44176.90000 11.27600000 1457.54000 168.98000 28.26900 116.62500
23 2 21 00 35 44250.90000 11.27600000 1457.82000 169.43000 28.26900 116.95900
23 2 21 00 36 44266.70000 11.32900000 1459.80000 169.46000 28.26900 116.95900
23 2 21 00 36 44270.30000 11.32900000 1460.94000 169.46000 28.26900 116.95900
23 2 21 00 37 44315.50000 11.32900000 1463.00000 169.83000 28.16000 116.95900
23 2 21 00 37 44293.70000 11.32900000 1463.22000 169.92000 28.16000 117.16600
23 2 21 00 38 44266.70000 11.32900000 1461.66000 169.92000 28.16000 117.09200
23 2 21 00 38 44277.50000 11.32900000 1463.22000 169.92000 28.16000 117.09200
23 2 21 00 38 44274.60000 11.32900000 1464.94000 169.92000 28.16000 117.09200
23 2 21 00 39 44274.00000 11.32900000 1464.95000 169.92000 28.16000 117.09200
23 2 21 00 39 44249.90000 11.32900000 1463.89000 169.46000 28.16000 117.09200
23 2 21 00 40 44239.10000 11.32900000 1462.57000 169.46000 28.16000 117.49400
23 2 21 00 40 44216.60000 11.32900000 1462.04000 169.46000 28.16000 117.49400
23 2 21 00 40 44203.90000 11.32900000 1460.28000 169.46000 28.16000 116.81500
23 2 21 00 41 44204.00000 11.32900000 1462.25000 169.46000 28.16000 116.74100
23 2 21 00 41 44177.60000 11.32900000 1460.83000 169.07000 28.16000 116.74100
23 2 21 00 42 44156.30000 11.32900000 1460.91000 168.79000 28.16000 116.74100
23 2 21 00 42 44110.90000 11.32900000 1460.91000 168.82000 28.16000 116.74100
23 2 21 00 43 44089.30000 11.32900000 1461.24000 168.82000 28.16000 116.74100
23 2 21 00 43 44083.60000 11.32900000 1461.73000 168.69000 28.16000 116.74100
23 2 21 00 43 44154.30000 11.32900000 1461.98000 168.69000 28.16000 116.74100
23 2 21 00 44 44122.40000 11.32900000 1461.98000 168.77000 28.16000 116.74100
