M=[
29 4 21 04 47 44232.40000 28.19800000 2205.00000 206.88000 33.02700 190.62000
29 4 21 04 47 44278.90000 28.19800000 2210.18000 207.11000 33.02700 190.62000
29 4 21 04 48 44252.30000 28.19800000 2209.23000 207.11000 33.02700 190.62000
29 4 21 04 48 44264.60000 28.19800000 2209.83000 208.10000 33.02700 190.62000
29 4 21 04 49 44299.90000 28.19800000 2215.00000 208.26000 33.02700 190.62000
29 4 21 04 49 44305.80000 28.19800000 2215.00000 208.28000 33.02700 190.62000
29 4 21 04 49 44308.30000 28.19800000 2215.05000 208.47000 33.02700 190.62000
29 4 21 04 50 44254.90000 28.19800000 2211.21000 207.82000 33.02700 190.62000
29 4 21 04 50 44268.90000 28.19800000 2212.92000 207.59000 33.02700 190.62000
29 4 21 04 51 44253.20000 28.19800000 2213.68000 207.59000 33.02700 190.62000
29 4 21 04 51 44303.80000 28.19800000 2213.68000 207.59000 33.02700 190.62000
29 4 21 04 52 44394.80000 28.19800000 2220.48000 207.59000 33.02700 190.62000
29 4 21 04 52 44390.10000 28.19800000 2222.14000 208.73000 33.02700 190.62000
29 4 21 04 52 44389.80000 28.19800000 2223.99000 208.73000 33.02700 190.62000
29 4 21 04 53 44394.80000 28.19800000 2223.98000 208.73000 33.00000 190.62000
29 4 21 04 53 44348.70000 28.19800000 2220.81000 208.73000 33.00000 191.99300
29 4 21 04 54 44329.60000 28.19800000 2221.55000 208.73000 33.00000 191.99300
29 4 21 04 54 44388.80000 28.19800000 2222.12000 208.73000 33.00000 191.99300
29 4 21 04 55 44384.10000 28.19800000 2222.12000 208.64000 33.00000 191.99300
29 4 21 04 55 44361.80000 28.19800000 2223.53000 208.64000 33.00000 191.99300
29 4 21 04 55 44358.80000 28.19800000 2222.79000 208.64000 33.00000 191.99300
29 4 21 04 56 44348.30000 28.19800000 2223.50000 208.64000 33.25300 191.99300
29 4 21 04 56 44339.00000 28.19800000 2222.71000 208.38000 33.25300 191.99300
29 4 21 04 57 44307.70000 28.19800000 2220.00000 208.38000 33.25300 191.99300
29 4 21 04 57 44298.30000 28.19800000 2217.00000 208.38000 33.25300 191.99300
29 4 21 04 58 44312.00000 28.19800000 2215.55000 208.38000 33.25300 191.99300
29 4 21 04 58 44271.00000 28.19800000 2215.54000 207.81000 33.25300 191.99300
29 4 21 04 58 44260.20000 28.19800000 2213.13000 207.65000 33.25300 191.99300
29 4 21 04 59 44255.30000 28.19800000 2213.13000 207.65000 33.25300 191.99300
29 4 21 04 59 44250.10000 28.19800000 2212.62000 207.65000 33.25300 191.99300
29 4 21 05 00 44231.60000 28.19800000 2212.03000 207.25000 33.25300 191.99300
29 4 21 05 00 44205.60000 28.19800000 2211.25000 207.25000 33.25300 191.99300
29 4 21 05 01 44217.50000 28.19800000 2214.61000 207.25000 33.25300 191.99300
29 4 21 05 01 44319.90000 28.19800000 2219.70000 208.39000 33.25300 191.99300
29 4 21 05 01 44334.80000 28.19800000 2221.95000 208.89000 33.25300 191.99300
29 4 21 05 02 44338.20000 28.19800000 2220.32000 208.89000 33.03100 191.99300
29 4 21 05 02 44338.30000 28.19800000 2221.60000 208.89000 33.03100 191.99300
29 4 21 05 03 44378.60000 28.19800000 2223.97000 208.89000 33.03100 191.99300
29 4 21 05 03 44378.60000 28.19800000 2223.99000 208.89000 33.03100 191.99300
29 4 21 05 04 44378.60000 28.19800000 2224.32000 208.89000 33.03100 191.99300
29 4 21 05 04 44378.50000 28.19800000 2226.58000 209.02000 33.03100 191.99300
29 4 21 05 04 44337.10000 28.19800000 2223.68000 209.02000 33.03100 191.99300
29 4 21 05 05 44328.50000 28.19800000 2223.68000 209.02000 33.03100 191.99300
29 4 21 05 05 44337.20000 28.19800000 2221.96000 209.02000 33.03100 191.99300
29 4 21 05 06 44378.60000 28.19800000 2224.50000 208.89000 33.03100 191.99300
29 4 21 05 06 44385.40000 28.19800000 2225.12000 208.96000 33.03100 191.99300
29 4 21 05 07 44378.60000 28.19800000 2225.81000 208.71000 33.03100 191.99300
29 4 21 05 07 44378.50000 28.19800000 2225.48000 208.57000 33.03100 191.99300
29 4 21 05 07 44378.60000 28.19800000 2226.64000 208.57000 33.03100 191.99300
29 4 21 05 08 44388.80000 28.19800000 2226.71000 208.57000 33.03100 191.99300
29 4 21 05 08 44392.50000 28.19800000 2226.68000 208.57000 33.03100 191.99300
29 4 21 05 09 44393.70000 28.19800000 2226.50000 208.57000 33.03100 191.99300
29 4 21 05 09 44389.60000 28.19800000 2227.21000 208.89000 33.03100 191.99300
29 4 21 05 09 44394.80000 28.19800000 2228.01000 208.83000 33.03100 191.99300
29 4 21 05 10 44402.70000 28.22000000 2230.00000 208.83000 33.03100 191.99300
29 4 21 05 10 44467.30000 28.22000000 2234.47000 209.16000 33.03100 191.99300
29 4 21 05 11 44467.20000 28.22000000 2236.41000 209.23000 33.03100 191.99300
29 4 21 05 11 44462.70000 28.28200000 2234.25000 209.23000 33.03100 191.99300
29 4 21 05 12 44462.60000 28.28200000 2233.46000 209.23000 33.34200 191.99300
29 4 21 05 12 44460.60000 28.25300000 2233.89000 209.24000 33.34200 191.99300
29 4 21 05 12 44430.40000 28.25300000 2232.21000 209.24000 33.34200 191.99300
29 4 21 05 13 44431.60000 28.25300000 2231.78000 209.04000 33.34200 191.99300
29 4 21 05 13 44450.50000 28.25300000 2231.87000 209.04000 33.34200 191.99300
29 4 21 05 14 44441.40000 28.25300000 2232.04000 209.04000 33.34200 191.99300
29 4 21 05 14 44431.60000 28.25300000 2232.04000 209.04000 33.34200 191.99300
29 4 21 05 15 44426.40000 28.25300000 2231.99000 208.97000 33.34200 191.99300
29 4 21 05 15 44400.00000 28.25300000 2231.10000 208.95000 33.16600 191.99300
29 4 21 05 15 44400.00000 28.25300000 2227.20000 208.95000 33.16600 191.99300
29 4 21 05 16 44394.80000 28.25300000 2228.03000 208.92000 33.16600 191.99300
29 4 21 05 16 44394.80000 28.25300000 2228.00000 208.89000 33.16600 191.99300
29 4 21 05 17 44394.90000 28.25300000 2228.00000 208.71000 33.16600 191.99300
29 4 21 05 17 44394.90000 28.25300000 2228.00000 208.71000 33.16600 191.99300
29 4 21 05 18 44486.30000 28.25300000 2228.00000 208.89000 33.16600 191.99300
29 4 21 05 18 44493.50000 28.25300000 2232.43000 208.89000 33.16600 191.99300
29 4 21 05 18 44479.60000 28.25300000 2232.43000 209.24000 33.16600 191.99300
29 4 21 05 19 44474.40000 28.25300000 2232.43000 209.24000 33.16600 191.99300
29 4 21 05 19 44474.40000 28.25300000 2232.25000 209.24000 33.16600 191.99300
29 4 21 05 20 44465.70000 28.25300000 2232.26000 209.24000 33.16600 191.99300
29 4 21 05 20 44474.40000 28.25300000 2232.26000 209.24000 33.16600 191.99300
29 4 21 05 21 44466.40000 28.25300000 2232.26000 209.24000 33.16600 191.99300
29 4 21 05 21 44474.30000 28.25300000 2232.43000 209.24000 33.16600 191.99300
29 4 21 05 21 44482.30000 28.25300000 2232.43000 209.24000 33.16600 191.99300
29 4 21 05 22 44486.00000 28.25300000 2235.29000 209.24000 33.16600 191.99300
29 4 21 05 22 44480.00000 28.25300000 2234.51000 209.24000 33.16600 191.99300
29 4 21 05 23 44449.90000 28.25300000 2235.47000 209.24000 33.16600 191.99300
29 4 21 05 23 44465.10000 28.25300000 2235.81000 209.24000 33.16600 191.99300
29 4 21 05 24 44471.20000 28.25300000 2236.50000 209.24000 33.16600 191.99300
29 4 21 05 24 44444.10000 28.25300000 2235.14000 209.33000 33.16600 191.99300
29 4 21 05 24 44444.10000 28.25300000 2235.14000 209.33000 33.16600 191.99300
29 4 21 05 25 44423.40000 28.25300000 2234.51000 209.33000 33.16600 191.99300
29 4 21 05 25 44420.90000 28.25300000 2234.07000 209.33000 33.16600 191.99300
29 4 21 05 26 44428.40000 28.27500000 2234.44000 209.33000 33.16600 191.99300
29 4 21 05 26 44447.70000 28.27500000 2233.43000 209.33000 33.16600 191.99300
29 4 21 05 27 44447.70000 28.27500000 2233.43000 209.33000 33.16600 191.99300
29 4 21 05 27 44447.80000 28.31800000 2235.09000 209.33000 33.16600 191.99300
29 4 21 05 27 44447.70000 28.31800000 2235.09000 209.33000 33.16600 191.99300
29 4 21 05 28 44456.40000 28.31800000 2235.88000 209.33000 33.24800 191.99300
29 4 21 05 28 44456.50000 28.31800000 2235.22000 209.37000 33.24800 191.99300
29 4 21 05 29 44456.40000 28.31800000 2235.59000 209.34000 33.24800 191.99300
29 4 21 05 29 44473.60000 28.32000000 2236.20000 209.55000 33.24800 191.99300
29 4 21 05 30 44473.60000 28.32000000 2236.20000 209.55000 33.24800 191.99300
29 4 21 05 30 44473.60000 28.32000000 2235.97000 209.36000 33.24800 191.99300
