M=[
11 5 20 01 22 8056.40000 5.79300000 174.83000 39.11000 11.03800 38.11400
11 5 20 01 23 8060.90000 5.79300000 174.83000 39.11000 11.03800 38.11400
11 5 20 01 23 8034.00000 5.79300000 174.79000 39.00000 11.03800 38.11400
11 5 20 01 24 8034.00000 5.76700000 174.67000 39.00000 11.03800 38.11400
11 5 20 01 24 8034.80000 5.76700000 174.18000 39.00000 11.03800 38.11400
11 5 20 01 25 8030.80000 5.76700000 174.18000 39.00000 11.03800 38.11400
11 5 20 01 25 8036.90000 5.76700000 174.18000 39.00000 11.03800 38.06500
11 5 20 01 26 8035.10000 5.76700000 174.66000 39.03000 11.03800 38.11400
11 5 20 01 26 8050.40000 5.76700000 174.66000 39.03000 11.03800 38.11400
11 5 20 01 27 8050.40000 5.76700000 174.66000 39.03000 11.03800 38.11400
11 5 20 01 27 8050.40000 5.76700000 174.66000 39.03000 11.03800 38.11400
11 5 20 01 28 8050.40000 5.76700000 174.66000 39.03000 11.12000 38.11400
11 5 20 01 28 8050.40000 5.76700000 174.47000 39.03000 11.07900 38.11400
11 5 20 01 29 8053.40000 5.76700000 174.47000 39.03000 11.07900 38.11400
11 5 20 01 29 8055.00000 5.76700000 174.47000 39.03000 11.07900 38.11400
11 5 20 01 30 8051.10000 5.76700000 174.47000 39.03000 11.07900 38.11400
11 5 20 01 30 8051.10000 5.76700000 174.47000 39.03000 11.07900 38.11400
11 5 20 01 31 8051.10000 5.76700000 174.47000 39.03000 11.12000 38.06500
11 5 20 01 31 8051.10000 5.76700000 174.47000 39.03000 11.03800 38.11400
11 5 20 01 32 8055.00000 5.76700000 174.57000 39.03000 11.07900 38.11400
11 5 20 01 32 8055.00000 5.76700000 174.57000 39.00000 11.07900 38.11400
11 5 20 01 33 8055.00000 5.76700000 174.57000 39.03000 11.07900 38.11400
11 5 20 01 33 8060.00000 5.76700000 174.57000 39.03000 11.07900 38.11400
11 5 20 01 34 8064.50000 5.76700000 174.86000 39.10000 11.07900 38.11400
11 5 20 01 34 8064.50000 5.76700000 174.86000 39.10000 11.07900 38.11400
11 5 20 01 35 8063.60000 5.76700000 174.86000 39.10000 11.07900 38.11400
11 5 20 01 35 8064.40000 5.76700000 174.86000 39.10000 11.07900 38.11400
11 5 20 01 35 8064.40000 5.79300000 174.86000 39.10000 11.07900 38.11400
11 5 20 01 36 8064.40000 5.76700000 174.86000 39.10000 11.07800 38.11400
11 5 20 01 37 8061.20000 5.76700000 175.09000 39.10000 11.07800 38.11400
11 5 20 01 37 8065.50000 5.76700000 174.89000 39.10000 11.07800 38.11400
11 5 20 01 38 8065.90000 5.76700000 174.89000 39.10000 11.07800 38.11400
11 5 20 01 38 8056.40000 5.76700000 174.89000 39.10000 11.07800 38.11400
11 5 20 01 39 8050.10000 5.76700000 174.89000 39.10000 11.07800 38.11400
11 5 20 01 39 8053.50000 5.76700000 174.89000 39.10000 11.07500 38.11400
11 5 20 01 40 8053.50000 5.76700000 174.64000 39.10000 11.07500 38.11400
11 5 20 01 40 8052.70000 5.76700000 174.64000 39.10000 11.07500 38.11400
11 5 20 01 41 8053.40000 5.76700000 174.71000 39.10000 11.07500 38.11400
11 5 20 01 41 8053.20000 5.76700000 174.71000 39.10000 11.07500 38.11400
11 5 20 01 42 8066.20000 5.76700000 174.95000 39.10000 11.07500 38.11400
11 5 20 01 42 8068.50000 5.76700000 175.00000 39.10000 11.07500 38.11400
11 5 20 01 43 8067.00000 5.76700000 175.00000 39.10000 11.15400 38.06500
11 5 20 01 43 8078.10000 5.76700000 175.00000 39.10000 11.15400 38.11400
11 5 20 01 44 8081.10000 5.76700000 175.00000 39.10000 11.17000 38.11400
11 5 20 01 44 8079.40000 5.76700000 175.00000 39.10000 11.17000 38.11400
11 5 20 01 45 8079.70000 5.76700000 175.00000 39.10000 11.17000 38.11400
11 5 20 01 45 8077.80000 5.76700000 175.05000 39.10000 11.18900 38.11400
11 5 20 01 46 8075.10000 5.76700000 175.05000 39.10000 11.17000 38.11400
11 5 20 01 46 8077.00000 5.76700000 175.05000 39.10000 11.19000 38.11400
11 5 20 01 47 8070.60000 5.76700000 175.05000 39.10000 11.20500 38.11400
11 5 20 01 47 8067.80000 5.76700000 175.05000 39.10000 11.20500 38.11400
11 5 20 01 48 8065.40000 5.76700000 175.05000 39.10000 11.20500 38.11400
11 5 20 01 48 8065.50000 5.76700000 175.05000 39.10000 11.20500 38.11400
11 5 20 01 49 8069.90000 5.76700000 175.08000 39.10000 11.20500 38.11400
11 5 20 01 49 8073.60000 5.76700000 175.05000 39.10000 11.20500 38.11400
11 5 20 01 50 8076.10000 5.76700000 175.05000 39.10000 11.20500 38.11400
11 5 20 01 50 8069.90000 5.76700000 175.05000 39.10000 11.20500 38.11400
11 5 20 01 51 8075.70000 5.76700000 175.05000 39.10000 11.20500 38.11400
11 5 20 01 51 8076.00000 5.76700000 175.05000 39.10000 11.22000 38.06500
11 5 20 01 52 8062.90000 5.76700000 175.05000 39.10000 11.22000 38.11400
11 5 20 01 52 8063.00000 5.76700000 174.72000 39.10000 11.22000 38.11400
11 5 20 01 52 8056.60000 5.76700000 175.08000 39.10000 11.20500 38.11400
11 5 20 01 53 8065.90000 5.76700000 174.72000 39.10000 11.22000 38.11400
11 5 20 01 53 8065.90000 5.76700000 174.72000 39.10000 11.22000 38.11400
11 5 20 01 54 8065.90000 5.76700000 175.00000 39.10000 11.22900 38.11400
11 5 20 01 54 8066.40000 5.76700000 174.88000 39.10000 11.21000 38.11400
11 5 20 01 55 8066.40000 5.76700000 174.77000 39.10000 11.23300 38.11400
11 5 20 01 55 8066.40000 5.76700000 174.81000 39.10000 11.23300 38.11400
11 5 20 01 56 8066.30000 5.76700000 174.79000 39.10000 11.20200 38.11400
11 5 20 01 56 8066.30000 5.76700000 174.77000 38.98000 11.19400 38.11400
11 5 20 01 57 8050.70000 5.76700000 174.77000 38.98000 11.19400 38.11400
11 5 20 01 57 8050.10000 5.79300000 174.51000 38.98000 11.19400 38.11400
11 5 20 01 58 8050.40000 5.76700000 174.51000 38.91000 11.19400 38.11400
11 5 20 01 58 8047.50000 5.76700000 174.45000 38.91000 11.20200 38.11400
11 5 20 01 59 8047.50000 5.76700000 174.45000 38.91000 11.20200 38.11400
11 5 20 01 59 8044.40000 5.76700000 174.45000 38.91000 11.23400 38.11400
11 5 20 02 00 8044.40000 5.76700000 174.45000 38.91000 11.23400 38.06500
11 5 20 02 00 8044.50000 5.76700000 174.45000 38.91000 11.19100 38.11400
11 5 20 02 01 8044.50000 5.76700000 174.45000 38.91000 11.19100 38.11400
11 5 20 02 01 8044.40000 5.76700000 174.47000 38.91000 11.18800 38.11400
11 5 20 02 02 8047.80000 5.76700000 174.47000 38.91000 11.19400 38.11400
11 5 20 02 02 8047.20000 5.76700000 174.47000 38.91000 11.18800 38.11400
11 5 20 02 03 8045.50000 5.76700000 174.39000 38.95000 11.25900 37.79800
11 5 20 02 03 8049.90000 5.76700000 174.39000 38.95000 11.29000 37.79800
11 5 20 02 04 8050.30000 5.76700000 174.54000 38.95000 11.29000 37.79800
11 5 20 02 04 8048.00000 5.76700000 174.54000 38.95000 11.33800 37.79800
11 5 20 02 05 8050.80000 5.76700000 174.41000 38.95000 11.36100 37.79800
11 5 20 02 05 8049.10000 5.76700000 174.51000 38.95000 11.38000 37.79800
11 5 20 02 06 8049.60000 5.76700000 174.54000 38.95000 11.41700 37.79800
11 5 20 02 06 8055.20000 5.76700000 174.54000 38.95000 11.38000 37.79800
11 5 20 02 07 8054.90000 5.76700000 174.51000 38.95000 11.49800 37.79800
11 5 20 02 07 8050.60000 5.76700000 174.54000 38.95000 11.49800 37.79800
11 5 20 02 08 8051.30000 5.76700000 174.54000 38.95000 11.50000 37.79800
11 5 20 02 08 8054.50000 5.76700000 174.54000 38.95000 11.55600 37.79800
11 5 20 02 09 8053.70000 5.76700000 174.54000 38.95000 11.56700 37.79800
11 5 20 02 09 8053.70000 5.79300000 174.47000 38.95000 11.59200 37.79800
11 5 20 02 10 8053.60000 5.76700000 174.54000 38.95000 11.61400 37.79800
11 5 20 02 10 8054.60000 5.76700000 174.54000 38.95000 11.61400 37.79800
11 5 20 02 11 8054.50000 5.76700000 174.54000 38.95000 11.62000 37.79800
11 5 20 02 11 8039.50000 5.76700000 174.44000 38.95000 11.60600 37.79800
11 5 20 02 12 8031.00000 5.76700000 174.39000 38.95000 11.60600 37.79800
11 5 20 02 12 8034.70000 5.76700000 174.39000 38.95000 11.57100 37.79800
11 5 20 02 13 8034.70000 5.76700000 174.39000 38.95000 11.57100 38.11400
11 5 20 02 13 8039.80000 5.76700000 174.39000 38.95000 11.63600 37.79800
11 5 20 02 14 8044.70000 5.79300000 174.39000 38.95000 11.71100 37.79800
11 5 20 02 14 8045.20000 5.76700000 174.39000 38.95000 11.71100 37.79800
11 5 20 02 15 8049.50000 5.76700000 174.39000 38.95000 11.65600 37.79800
11 5 20 02 15 8049.50000 5.76700000 174.39000 38.95000 11.65600 37.79800
11 5 20 02 16 8058.00000 5.76700000 174.39000 38.95000 11.70800 37.79800
