M=[
27 3 21 11 01 46352.70000 9.95000000 1431.40000 154.30000 28.50200 110.56900
27 3 21 11 02 46293.90000 9.86500000 1427.65000 153.80000 28.35400 110.49400
27 3 21 11 02 46238.40000 9.86500000 1425.39000 153.60000 28.35400 110.49400
27 3 21 11 03 46238.40000 9.86500000 1425.64000 153.60000 28.32800 110.49400
27 3 21 11 03 46235.70000 9.86500000 1425.49000 153.47000 28.07600 110.49400
27 3 21 11 04 46227.20000 9.86500000 1425.48000 153.47000 28.07600 110.49400
27 3 21 11 04 46211.40000 9.86500000 1425.60000 153.41000 28.07600 110.48000
27 3 21 11 04 46185.00000 9.86500000 1424.72000 153.36000 28.07600 110.30100
27 3 21 11 05 46182.90000 9.86500000 1423.76000 153.19000 28.07600 110.30100
27 3 21 11 05 46183.00000 9.86500000 1424.14000 153.19000 28.07600 110.30100
27 3 21 11 06 46226.00000 9.86400000 1426.68000 153.45000 28.07600 110.30100
27 3 21 11 06 46224.60000 9.86400000 1425.64000 153.47000 27.93100 110.30100
27 3 21 11 07 46203.00000 9.86400000 1425.25000 153.44000 27.93100 110.23100
27 3 21 11 07 46194.10000 9.86000000 1424.35000 153.17000 27.88000 110.23100
27 3 21 11 07 46204.60000 9.86000000 1424.74000 153.26000 27.88000 110.23100
27 3 21 11 08 46226.00000 9.86000000 1425.17000 153.35000 27.88000 110.23100
27 3 21 11 08 46205.90000 9.86000000 1424.55000 153.36000 27.88000 110.23100
27 3 21 11 09 46232.80000 9.86000000 1425.33000 153.30000 27.88000 110.23100
27 3 21 11 09 46242.90000 9.86000000 1425.48000 153.41000 27.88000 110.23100
27 3 21 11 10 46232.00000 9.86000000 1425.80000 153.31000 27.88000 110.23100
27 3 21 11 10 46286.70000 9.86000000 1426.43000 153.31000 27.88000 110.64300
27 3 21 11 10 46270.10000 9.86000000 1426.67000 153.41000 27.67700 110.64300
27 3 21 11 11 46240.40000 9.86000000 1425.88000 153.41000 27.67700 110.64300
27 3 21 11 11 46237.50000 9.86000000 1426.30000 153.28000 27.67700 110.18600
27 3 21 11 12 46226.70000 9.85800000 1425.37000 153.27000 27.67700 110.10900
27 3 21 11 12 46205.90000 9.85000000 1425.01000 153.17000 27.67700 109.60000
27 3 21 11 13 46188.20000 9.85000000 1424.40000 153.38000 27.67700 109.60000
27 3 21 11 13 46188.20000 9.85000000 1424.56000 153.29000 27.67700 109.60000
27 3 21 11 13 46199.90000 9.85000000 1426.15000 153.29000 27.67700 109.60000
27 3 21 11 14 46200.00000 9.85000000 1426.10000 153.26000 27.67700 109.60000
27 3 21 11 14 46200.00000 9.85000000 1425.39000 153.26000 27.67700 109.60000
27 3 21 11 15 46200.00000 9.85000000 1426.15000 153.26000 27.67700 109.65500
27 3 21 11 15 46223.00000 9.85000000 1426.66000 153.33000 27.62000 109.65500
27 3 21 11 16 46257.80000 9.85000000 1427.46000 153.33000 27.62000 109.65500
27 3 21 11 16 46262.10000 9.85000000 1427.31000 153.33000 27.64000 109.65500
27 3 21 11 16 46256.20000 9.85000000 1427.38000 153.38000 27.62700 109.65500
27 3 21 11 17 46285.10000 9.85000000 1427.15000 153.38000 27.62700 109.65500
27 3 21 11 17 46298.40000 9.85000000 1427.70000 153.52000 27.97900 109.65500
27 3 21 11 18 46295.70000 9.85000000 1428.28000 153.52000 28.16900 109.65500
27 3 21 11 18 46299.90000 9.85000000 1428.71000 153.68000 28.16900 109.65500
27 3 21 11 19 46300.00000 9.85000000 1428.62000 153.62000 28.16900 109.65500
27 3 21 11 19 46298.90000 9.85000000 1428.70000 153.62000 28.16900 109.65500
27 3 21 11 19 46261.50000 9.85000000 1427.02000 153.56000 28.16900 109.65500
27 3 21 11 20 46284.90000 9.87800000 1427.82000 153.58000 28.16900 109.65500
27 3 21 11 20 46284.90000 9.87800000 1428.40000 153.61000 27.98500 109.65500
27 3 21 11 21 46297.10000 9.87800000 1428.24000 153.61000 27.98500 109.65500
27 3 21 11 21 46297.10000 9.87800000 1428.42000 153.61000 27.98500 109.65500
27 3 21 11 22 46308.10000 9.87800000 1428.27000 153.61000 27.98500 110.37500
27 3 21 11 22 46302.00000 9.87800000 1428.21000 153.62000 27.98500 110.37500
27 3 21 11 22 46369.20000 9.87800000 1428.73000 153.62000 27.98500 110.37500
27 3 21 11 23 46332.70000 9.87800000 1430.01000 153.62000 27.98500 110.37500
27 3 21 11 23 46371.60000 9.87800000 1430.11000 153.62000 27.98500 110.37500
27 3 21 11 24 46382.30000 9.87800000 1430.08000 153.84000 27.98500 110.37500
27 3 21 11 24 46399.70000 9.87800000 1431.06000 153.99000 27.98500 110.37500
27 3 21 11 25 46371.90000 9.87800000 1430.56000 153.99000 27.98500 110.37500
27 3 21 11 25 46350.10000 9.87800000 1430.00000 153.90000 27.98500 110.37500
27 3 21 11 25 46345.30000 9.87800000 1429.90000 153.90000 27.98500 110.37500
27 3 21 11 26 46349.40000 9.87800000 1429.80000 153.77000 27.98500 110.37500
27 3 21 11 26 46343.50000 9.87800000 1429.94000 153.77000 27.98500 110.37500
27 3 21 11 27 46355.10000 9.87800000 1429.94000 153.81000 27.98500 110.37500
27 3 21 11 27 46377.30000 9.87800000 1429.94000 153.81000 28.01900 110.37500
27 3 21 11 28 46377.30000 9.87800000 1430.56000 153.81000 28.01900 110.37500
27 3 21 11 28 46379.50000 9.90900000 1430.56000 153.81000 28.01900 110.37500
27 3 21 11 28 46379.40000 9.90900000 1430.68000 153.78000 28.01900 110.37500
27 3 21 11 29 46327.30000 9.90900000 1430.58000 153.78000 28.01900 110.37500
27 3 21 11 29 46361.00000 9.90900000 1431.00000 153.77000 28.01900 110.37500
27 3 21 11 30 46395.50000 9.90900000 1431.21000 153.77000 28.01900 110.73100
27 3 21 11 30 46400.00000 9.90900000 1431.51000 153.77000 28.25000 110.73100
27 3 21 11 31 46400.00000 9.90900000 1431.73000 153.77000 28.09600 110.73100
27 3 21 11 31 46400.00000 9.92700000 1431.98000 153.77000 28.46100 110.73100
27 3 21 11 31 46456.80000 9.92700000 1431.98000 153.77000 28.46100 110.73100
27 3 21 11 32 46460.50000 9.92700000 1431.39000 154.00000 28.43400 110.73100
27 3 21 11 32 46471.40000 9.92700000 1432.13000 153.99000 28.43400 110.73100
27 3 21 11 33 46473.00000 9.92700000 1432.05000 153.99000 28.43400 110.73100
27 3 21 11 33 46473.00000 9.92700000 1432.08000 154.17000 28.43400 110.98100
27 3 21 11 34 46472.90000 9.92700000 1432.00000 154.17000 28.30200 110.98100
27 3 21 11 34 46472.90000 9.92700000 1432.01000 154.06000 28.51600 110.98200
27 3 21 11 34 46473.00000 9.92700000 1431.59000 154.17000 28.51600 110.98500
27 3 21 11 35 46499.70000 9.92700000 1431.98000 154.17000 28.35100 110.98500
27 3 21 11 35 46490.70000 9.92700000 1431.98000 154.17000 28.35100 110.98500
27 3 21 11 36 46500.70000 9.92700000 1431.98000 154.25000 28.35100 110.98500
27 3 21 11 36 46490.00000 9.92700000 1431.94000 154.28000 28.35100 110.98500
27 3 21 11 37 46490.10000 9.92700000 1431.24000 154.22000 28.35100 110.98500
27 3 21 11 37 46469.20000 9.92700000 1430.86000 154.22000 28.35100 110.98500
27 3 21 11 37 46473.60000 9.92700000 1430.10000 154.22000 28.35100 110.98500
27 3 21 11 38 46473.60000 9.92700000 1429.71000 154.15000 28.35100 110.98500
27 3 21 11 38 46434.20000 9.92700000 1429.95000 154.15000 28.35100 110.98500
27 3 21 11 39 46434.70000 9.92700000 1429.94000 154.32000 28.35100 110.98500
27 3 21 11 39 46443.00000 9.92700000 1430.20000 154.32000 28.35100 110.98500
27 3 21 11 40 46439.50000 9.92700000 1430.20000 154.32000 28.35100 110.98500
27 3 21 11 40 46357.90000 9.92700000 1428.57000 154.32000 28.35100 110.24200
27 3 21 11 40 46337.20000 9.92700000 1428.01000 153.73000 28.35100 110.24200
27 3 21 11 41 46327.30000 9.92700000 1427.67000 153.65000 28.35100 110.24200
27 3 21 11 41 46272.00000 9.92700000 1427.76000 153.65000 28.35100 110.24200
27 3 21 11 42 46300.60000 9.92700000 1427.66000 153.44000 28.35100 109.66200
27 3 21 11 42 46320.40000 9.92700000 1427.43000 153.44000 28.35100 109.66200
27 3 21 11 42 46377.30000 9.92700000 1429.49000 153.39000 28.35100 109.66200
27 3 21 11 43 46306.70000 9.92700000 1428.22000 153.36000 28.35100 109.52000
27 3 21 11 43 46311.30000 9.92700000 1427.37000 153.35000 28.35100 109.52000
27 3 21 11 44 46247.80000 9.92700000 1426.61000 153.20000 28.35100 109.52000
27 3 21 11 44 46277.30000 9.92700000 1426.27000 153.20000 28.35100 109.49800
27 3 21 11 45 46316.90000 9.92700000 1427.41000 153.20000 28.35100 109.49800
27 3 21 11 45 46362.00000 9.92700000 1428.04000 153.53000 28.35100 109.49800
