M=[
18 10 20 09 33 9752.30000 4.74300000 319.03000 40.54000 11.62500 53.94900
18 10 20 09 33 9751.80000 4.74300000 319.03000 40.54000 11.62500 53.94900
18 10 20 09 34 9752.50000 4.74300000 318.90000 40.54000 11.62500 53.94900
18 10 20 09 34 9752.60000 4.74300000 318.86000 40.54000 11.62500 53.94900
18 10 20 09 35 9753.20000 4.74300000 318.86000 40.54000 11.62500 53.94900
18 10 20 09 35 9752.40000 4.74300000 318.86000 40.54000 11.62500 53.94900
18 10 20 09 36 9750.60000 4.74300000 318.86000 40.54000 11.62500 53.94900
18 10 20 09 36 9750.60000 4.74200000 318.86000 40.54000 11.62500 53.94900
18 10 20 09 36 9750.90000 4.74200000 318.85000 40.54000 11.62500 53.94900
18 10 20 09 37 9751.30000 4.74200000 318.85000 40.54000 11.62500 53.94900
18 10 20 09 37 9751.20000 4.74200000 318.85000 40.54000 11.62500 53.94900
18 10 20 09 38 9750.50000 4.74200000 318.85000 40.54000 11.62500 53.94900
18 10 20 09 38 9750.60000 4.74200000 318.85000 40.54000 11.58000 53.94900
18 10 20 09 38 9750.00000 4.74200000 318.85000 40.54000 11.58000 53.94900
18 10 20 09 39 9750.20000 4.74200000 318.86000 40.54000 11.58000 53.94900
18 10 20 09 39 9750.20000 4.74200000 318.86000 40.54000 11.58000 53.94900
18 10 20 09 40 9750.20000 4.74200000 318.87000 40.54000 11.58000 53.94900
18 10 20 09 40 9751.00000 4.74200000 318.87000 40.54000 11.58000 53.94900
18 10 20 09 41 9750.50000 4.74200000 318.87000 40.54000 11.58000 53.94900
18 10 20 09 41 9747.90000 4.74200000 318.87000 40.54000 11.58000 53.94900
18 10 20 09 41 9748.20000 4.74200000 318.87000 40.54000 11.58000 53.94900
18 10 20 09 42 9749.80000 4.74200000 318.87000 40.55000 11.58000 53.94900
18 10 20 09 42 9748.70000 4.74200000 318.89000 40.55000 11.58000 53.94900
18 10 20 09 43 9748.50000 4.74200000 318.90000 40.55000 11.58000 53.94900
18 10 20 09 43 9748.50000 4.74200000 318.86000 40.55000 11.57000 53.94900
18 10 20 09 44 9747.00000 4.74200000 318.85000 40.55000 11.57000 53.94900
18 10 20 09 44 9747.00000 4.74200000 318.85000 40.55000 11.57000 53.94900
18 10 20 09 44 9746.90000 4.74200000 318.85000 40.55000 11.57000 53.94900
18 10 20 09 45 9746.80000 4.74200000 318.50000 40.55000 11.57000 53.94900
18 10 20 09 45 9745.30000 4.74200000 318.29000 40.55000 11.57000 53.94900
18 10 20 09 46 9745.40000 4.74200000 318.29000 40.55000 11.57000 53.94900
18 10 20 09 46 9745.10000 4.74200000 318.29000 40.55000 11.57000 53.94900
18 10 20 09 47 9746.00000 4.74200000 318.29000 40.55000 11.57000 53.94900
18 10 20 09 47 9745.50000 4.74200000 318.16000 40.55000 11.57000 53.94900
18 10 20 09 47 9746.40000 4.74200000 318.23000 40.55000 11.57000 53.94900
18 10 20 09 48 9746.40000 4.74200000 318.32000 40.55000 11.57000 53.94900
18 10 20 09 48 9751.30000 4.74200000 318.32000 40.55000 11.57000 53.94900
18 10 20 09 49 9751.40000 4.74200000 318.32000 40.55000 11.57000 53.94900
18 10 20 09 49 9751.40000 4.74200000 318.32000 40.55000 11.57000 53.94900
18 10 20 09 50 9752.30000 4.74200000 318.42000 40.55000 11.57000 53.94900
18 10 20 09 50 9752.50000 4.74200000 318.42000 40.55000 11.57000 53.94900
18 10 20 09 50 9752.10000 4.74200000 318.42000 40.55000 11.57000 53.94900
18 10 20 09 51 9751.60000 4.74200000 318.42000 40.55000 11.57000 53.94900
18 10 20 09 51 9751.60000 4.74200000 318.42000 40.55000 11.57000 53.94900
18 10 20 09 52 9751.50000 4.79700000 318.42000 40.55000 11.57000 53.85200
18 10 20 09 52 9751.60000 4.79700000 318.42000 40.55000 11.57000 53.85200
18 10 20 09 53 9751.50000 4.79700000 318.41000 40.55000 11.57000 53.85200
18 10 20 09 53 9751.50000 4.79700000 318.41000 40.55000 11.57000 53.85200
18 10 20 09 53 9752.10000 4.79700000 318.41000 40.54000 11.57000 53.85200
18 10 20 09 54 9751.40000 4.79700000 318.42000 40.54000 11.57000 53.85200
18 10 20 09 54 9751.40000 4.79700000 318.42000 40.53000 11.57000 53.85200
18 10 20 09 55 9746.10000 4.79700000 318.42000 40.53000 11.57000 53.85200
18 10 20 09 55 9746.10000 4.79700000 318.42000 40.52000 11.57000 53.85200
18 10 20 09 56 9746.10000 4.79700000 318.42000 40.52000 11.57000 53.85200
18 10 20 09 56 9746.00000 4.79700000 318.43000 40.52000 11.57000 53.85200
18 10 20 09 56 9746.20000 4.79700000 318.41000 40.52000 11.57000 53.85200
18 10 20 09 57 9746.00000 4.79700000 318.25000 40.52000 11.57000 53.85200
18 10 20 09 57 9746.10000 4.79700000 318.25000 40.52000 11.57000 53.85200
18 10 20 09 58 9746.10000 4.79700000 318.15000 40.49000 11.57000 53.85200
18 10 20 09 58 9746.10000 4.79700000 318.04000 40.49000 11.57000 53.85200
18 10 20 09 59 9746.10000 4.79700000 318.00000 40.50000 11.57000 53.85200
18 10 20 09 59 9743.00000 4.79700000 318.00000 40.49000 11.57000 53.85200
18 10 20 09 59 9736.20000 4.79700000 317.44000 40.49000 11.57000 53.85200
18 10 20 10 00 9737.50000 4.79700000 317.69000 40.49000 11.57000 53.85200
18 10 20 10 00 9738.90000 4.79700000 317.69000 40.49000 11.57000 53.75400
18 10 20 10 01 9738.70000 4.79700000 317.69000 40.48000 11.57000 53.75400
18 10 20 10 01 9737.40000 4.79700000 317.90000 40.49000 11.57000 53.75400
18 10 20 10 02 9744.00000 4.79700000 318.12000 40.49000 11.57000 53.75400
18 10 20 10 02 9740.30000 4.79700000 318.18000 40.49000 11.57000 53.75400
18 10 20 10 02 9737.30000 4.79700000 318.18000 40.49000 11.57000 53.75400
18 10 20 10 03 9738.40000 4.79700000 318.18000 40.49000 11.57000 53.75400
18 10 20 10 03 9741.10000 4.79700000 318.18000 40.49000 11.57000 53.75400
18 10 20 10 04 9740.40000 4.79700000 318.18000 40.49000 11.57000 53.75400
18 10 20 10 04 9738.70000 4.79700000 318.18000 40.46000 11.57000 53.75400
18 10 20 10 05 9739.60000 4.79700000 318.18000 40.46000 11.57000 53.66000
18 10 20 10 05 9740.30000 4.79700000 317.87000 40.46000 11.57000 53.66000
18 10 20 10 05 9745.60000 4.79700000 317.87000 40.48000 11.57000 53.66000
18 10 20 10 06 9745.00000 4.79700000 317.87000 40.48000 11.57000 53.66000
18 10 20 10 06 9744.10000 4.79700000 318.13000 40.48000 11.57000 53.66000
18 10 20 10 07 9744.60000 4.79700000 318.13000 40.48000 11.57000 53.66000
18 10 20 10 07 9744.60000 4.79700000 318.13000 40.48000 11.57000 53.66000
18 10 20 10 08 9744.60000 4.79700000 318.13000 40.48000 11.57000 53.66000
18 10 20 10 08 9744.50000 4.79700000 318.11000 40.48000 11.57000 53.66000
18 10 20 10 08 9744.60000 4.79700000 318.11000 40.48000 11.57000 53.66000
18 10 20 10 09 9744.50000 4.79700000 318.02000 40.49000 11.57000 53.66000
18 10 20 10 09 9744.60000 4.79700000 318.02000 40.48000 11.57000 53.66000
18 10 20 10 10 9741.00000 4.79700000 317.67000 40.47000 11.57000 53.66000
18 10 20 10 10 9739.70000 4.79700000 317.67000 40.47000 11.57000 53.66000
18 10 20 10 11 9739.70000 4.79700000 317.67000 40.47000 11.57000 53.66000
18 10 20 10 11 9740.30000 4.79700000 317.67000 40.47000 11.57000 53.66000
18 10 20 10 11 9742.90000 4.79700000 317.85000 40.47000 11.57000 53.66000
18 10 20 10 12 9743.30000 4.79700000 317.94000 40.47000 11.57000 53.66000
18 10 20 10 12 9743.70000 4.79700000 318.01000 40.47000 11.57000 53.66000
18 10 20 10 13 9743.70000 4.79700000 317.88000 40.47000 11.55600 53.66000
18 10 20 10 13 9742.50000 4.79700000 317.88000 40.47000 11.55600 53.66000
18 10 20 10 13 9745.80000 4.79700000 317.88000 40.47000 11.55600 53.66000
18 10 20 10 14 9746.30000 4.79700000 317.81000 40.50000 11.55600 53.66000
18 10 20 10 14 9744.80000 4.79700000 317.73000 40.50000 11.55600 53.66000
18 10 20 10 15 9742.90000 4.79700000 317.82000 40.50000 11.55600 53.66000
18 10 20 10 15 9744.00000 4.79700000 317.82000 40.50000 11.55600 53.66000
18 10 20 10 16 9744.00000 4.79700000 317.82000 40.50000 11.55600 53.66000
18 10 20 10 16 9744.10000 4.79700000 317.81000 40.50000 11.55600 53.66000
18 10 20 10 16 9744.10000 4.79700000 317.81000 40.50000 11.55600 53.66000
18 10 20 10 17 9744.10000 4.79700000 317.75000 40.50000 11.55600 53.66000
18 10 20 10 17 9744.10000 4.79700000 317.81000 40.50000 11.55600 53.66000
18 10 20 10 18 9742.80000 4.79700000 317.76000 40.50000 11.55600 53.66000
18 10 20 10 18 9742.80000 4.79700000 317.81000 40.50000 11.55600 53.66000
18 10 20 10 19 9742.80000 4.78600000 317.83000 40.51000 11.55600 53.66000
