M=[
24 11 20 06 03 15422.00000 5.97000000 514.21000 75.54000 14.57800 67.71800
24 11 20 06 04 15421.90000 5.91000000 514.19000 75.56000 14.57800 67.71800
24 11 20 06 04 15427.40000 5.88100000 513.86000 75.70000 14.57800 67.75700
24 11 20 06 05 15425.00000 5.88100000 513.65000 75.81000 14.57800 67.92800
24 11 20 06 05 15425.00000 5.88100000 513.60000 75.97000 14.57800 67.92800
24 11 20 06 06 15422.00000 5.88400000 512.79000 75.00000 14.57800 67.60000
24 11 20 06 06 15400.00000 5.87500000 511.32000 74.82000 14.48000 67.15000
24 11 20 06 07 15391.30000 5.86600000 511.50000 74.84000 14.48000 66.95900
24 11 20 06 07 15395.20000 5.86600000 510.00000 74.99000 14.48000 66.96000
24 11 20 06 08 15389.10000 5.87200000 509.25000 74.82000 14.48000 66.96000
24 11 20 06 08 15375.00000 5.82900000 508.34000 74.18000 14.48000 66.11600
24 11 20 06 09 15319.80000 5.78900000 502.80000 73.28000 14.48000 65.53300
24 11 20 06 09 15288.80000 5.74000000 499.20000 72.59000 14.48000 65.06500
24 11 20 06 10 15311.70000 5.71000000 503.10000 74.02000 14.20300 65.02700
24 11 20 06 10 15336.60000 5.70000000 507.01000 74.48000 14.20300 65.49700
24 11 20 06 11 15342.00000 5.74000000 506.56000 74.86000 14.20300 65.55200
24 11 20 06 11 15353.90000 5.77500000 507.81000 75.04000 14.20300 65.71300
24 11 20 06 12 15366.80000 5.77100000 510.00000 74.85000 14.20300 65.71300
24 11 20 06 12 15379.20000 5.77400000 510.43000 74.82000 14.38300 65.95200
24 11 20 06 12 15370.50000 5.77400000 509.47000 74.58000 14.38300 65.96100
24 11 20 06 13 15376.60000 5.82900000 510.30000 74.60000 14.38300 66.03500
24 11 20 06 13 15374.20000 5.80900000 509.76000 74.56000 14.39500 65.98600
24 11 20 06 14 15368.70000 5.84700000 510.38000 74.64000 14.39500 66.15900
24 11 20 06 14 15399.40000 5.85000000 513.04000 74.96000 14.39500 66.50400
24 11 20 06 14 15419.90000 5.84900000 514.17000 75.00000 14.39500 66.50500
24 11 20 06 15 15405.00000 5.84900000 513.25000 74.77000 14.39500 66.37400
24 11 20 06 15 15403.00000 5.88800000 512.89000 74.77000 14.39500 65.96100
24 11 20 06 16 15404.70000 5.88800000 512.76000 74.84000 14.39500 66.10000
24 11 20 06 16 15400.10000 5.81400000 511.68000 74.56000 14.39500 66.09000
24 11 20 06 17 15400.10000 5.81400000 511.25000 74.36000 14.39500 66.25300
24 11 20 06 17 15415.00000 5.87300000 512.66000 74.62000 14.39500 66.59100
24 11 20 06 17 15419.70000 5.88900000 513.32000 75.00000 14.39500 66.53400
24 11 20 06 18 15425.00000 5.89200000 514.18000 75.04000 14.39500 66.68100
24 11 20 06 18 15440.60000 5.89900000 514.18000 75.09000 14.39500 66.68100
24 11 20 06 19 15442.00000 5.89800000 514.64000 75.24000 14.39500 67.01000
24 11 20 06 19 15463.60000 5.89900000 516.32000 75.52000 14.39500 66.90000
24 11 20 06 20 15481.00000 5.90000000 517.04000 75.67000 14.39500 67.18100
24 11 20 06 20 15485.60000 5.90000000 518.05000 75.87000 14.39500 67.44900
24 11 20 06 20 15472.20000 5.90300000 517.44000 75.62000 14.39500 67.35800
24 11 20 06 21 15481.30000 5.93000000 517.07000 75.57000 14.39500 67.35800
24 11 20 06 21 15487.90000 5.94800000 517.46000 75.60000 14.39500 67.35800
24 11 20 06 22 15484.10000 5.94800000 517.21000 75.71000 14.39500 67.35800
24 11 20 06 22 15482.70000 5.94800000 515.90000 75.60000 14.39500 67.35800
24 11 20 06 23 15486.30000 5.93900000 515.57000 75.46000 14.39500 67.35800
24 11 20 06 23 15492.40000 5.93900000 516.14000 75.57000 14.39500 67.12000
24 11 20 06 23 15476.30000 5.93900000 516.12000 75.51000 14.39500 67.20100
24 11 20 06 24 15476.40000 5.92700000 516.00000 75.58000 14.39500 67.26400
24 11 20 06 24 15479.00000 5.96900000 516.03000 75.61000 14.42200 67.26400
24 11 20 06 25 15478.70000 5.96900000 515.35000 75.67000 14.42200 67.45500
24 11 20 06 25 15478.50000 5.96900000 515.39000 75.66000 14.42200 67.45500
24 11 20 06 26 15475.10000 5.96900000 515.00000 75.53000 14.42200 67.42000
24 11 20 06 26 15469.60000 5.96900000 514.91000 75.45000 14.42200 67.42000
24 11 20 06 26 15464.80000 5.96900000 514.90000 75.31000 14.42200 67.42000
24 11 20 06 27 15455.90000 5.96900000 514.15000 74.93000 14.51700 67.14900
24 11 20 06 27 15465.90000 5.96900000 513.57000 75.16000 14.51700 67.14900
24 11 20 06 28 15470.30000 5.95500000 513.26000 75.06000 14.51700 67.05800
24 11 20 06 28 15481.70000 5.95500000 513.88000 75.38000 14.51700 67.05800
24 11 20 06 29 15480.40000 5.95500000 514.09000 75.38000 14.51700 67.05800
24 11 20 06 29 15484.50000 5.94000000 514.00000 75.49000 14.51700 67.05800
24 11 20 06 29 15492.10000 5.94000000 514.39000 75.49000 14.51700 67.05800
24 11 20 06 30 15491.50000 5.97900000 514.27000 75.19000 14.51700 66.97200
24 11 20 06 30 15490.80000 5.97900000 513.80000 75.11000 14.51700 67.10000
24 11 20 06 31 15488.20000 5.97900000 513.48000 75.18000 14.51700 66.96200
24 11 20 06 31 15484.90000 5.97900000 513.01000 74.94000 14.51700 66.96200
24 11 20 06 32 15475.50000 5.97900000 512.85000 74.91000 14.51700 66.89600
24 11 20 06 32 15475.40000 5.97900000 511.90000 74.73000 14.42200 66.89600
24 11 20 06 32 15462.20000 5.97900000 511.71000 74.99000 14.42200 66.72300
24 11 20 06 33 15463.10000 5.90400000 511.58000 74.93000 14.42200 66.60000
24 11 20 06 33 15455.80000 5.98600000 510.99000 74.82000 14.51700 66.18400
24 11 20 06 34 15451.90000 5.87500000 510.98000 74.50000 14.51700 65.97800
24 11 20 06 34 15444.70000 5.92400000 510.05000 74.30000 14.51700 65.92200
24 11 20 06 35 15452.00000 5.91200000 510.68000 74.60000 14.42300 66.11000
24 11 20 06 35 15449.00000 5.91200000 509.10000 74.35000 14.42200 66.11000
24 11 20 06 35 15447.90000 5.91200000 508.70000 74.29000 14.42200 65.95500
24 11 20 06 36 15459.00000 5.91200000 510.48000 74.44000 14.42200 65.91000
24 11 20 06 36 15459.80000 5.93800000 511.00000 74.49000 14.42200 65.91000
24 11 20 06 37 15459.70000 5.93800000 510.83000 74.70000 14.42200 65.91000
24 11 20 06 37 15455.60000 5.93800000 510.49000 74.58000 14.42200 66.19900
24 11 20 06 38 15452.80000 5.93800000 511.18000 74.60000 14.42200 66.19900
24 11 20 06 38 15456.60000 5.90000000 510.60000 74.61000 14.42200 66.19900
24 11 20 06 38 15450.00000 5.90000000 510.29000 74.45000 14.42200 66.17100
24 11 20 06 39 15448.10000 5.91000000 510.46000 74.64000 14.42200 66.21500
24 11 20 06 39 15452.20000 5.91000000 510.15000 74.90000 14.42200 66.67100
24 11 20 06 40 15458.10000 5.91500000 510.10000 74.88000 14.42200 66.43000
24 11 20 06 40 15454.10000 5.91500000 510.04000 74.94000 14.42200 66.43000
24 11 20 06 41 15453.80000 5.91500000 510.73000 74.94000 14.42200 66.43000
24 11 20 06 41 15456.00000 5.91500000 510.65000 74.94000 14.42200 66.43000
24 11 20 06 41 15457.00000 5.92600000 511.23000 74.96000 14.42200 66.43000
24 11 20 06 42 15457.10000 5.92600000 510.96000 74.89000 14.42200 66.48700
24 11 20 06 42 15457.10000 5.92600000 510.27000 74.76000 14.42200 66.48700
24 11 20 06 43 15457.50000 5.92600000 510.10000 74.76000 14.42200 66.48700
24 11 20 06 43 15458.00000 5.92600000 509.94000 74.67000 14.42200 66.48700
24 11 20 06 44 15455.70000 5.93200000 509.11000 74.64000 14.42200 66.13200
24 11 20 06 44 15429.10000 5.91100000 507.73000 74.35000 14.42200 66.16200
24 11 20 06 44 15431.10000 5.87100000 507.50000 74.18000 14.42200 66.05500
24 11 20 06 45 15431.20000 5.87100000 506.99000 73.97000 14.42200 66.05500
24 11 20 06 45 15432.10000 5.86200000 506.73000 73.88000 14.42200 65.74400
24 11 20 06 46 15447.90000 5.85300000 508.58000 74.03000 14.50700 65.59600
24 11 20 06 46 15467.90000 5.85300000 510.00000 74.44000 14.50700 65.96300
24 11 20 06 47 15470.10000 5.85300000 509.80000 74.52000 14.50700 66.13800
24 11 20 06 47 15473.60000 5.85300000 510.08000 74.68000 14.50700 66.19200
24 11 20 06 47 15470.00000 5.85300000 510.79000 74.85000 14.50700 66.19200
24 11 20 06 48 15480.20000 5.93300000 511.29000 74.85000 14.30200 66.28900
24 11 20 06 48 15490.20000 5.93300000 511.49000 74.98000 14.30200 66.47600
24 11 20 06 49 15473.10000 5.93300000 511.19000 74.93000 14.30200 66.50600
24 11 20 06 49 15473.00000 5.93300000 511.19000 74.93000 14.30200 66.50600
