M=[
19 10 20 14 03 9917.00000 4.72400000 323.71000 40.78000 11.59100 54.71000
19 10 20 14 03 9919.00000 4.72400000 323.89000 40.77000 11.59100 54.71000
19 10 20 14 03 9918.90000 4.72400000 323.89000 40.77000 11.59100 54.71000
19 10 20 14 04 9919.40000 4.72400000 323.89000 40.77000 11.59100 54.71000
19 10 20 14 04 9920.70000 4.72400000 323.89000 40.83000 11.59100 54.71000
19 10 20 14 05 9920.70000 4.72400000 324.00000 40.83000 11.59100 54.71000
19 10 20 14 05 9922.00000 4.72400000 323.86000 40.78000 11.59100 54.71000
19 10 20 14 06 9922.00000 4.72400000 323.86000 40.78000 11.59100 54.71000
19 10 20 14 06 9921.90000 4.72400000 323.81000 40.79000 11.59100 54.71000
19 10 20 14 06 9922.00000 4.72400000 323.82000 40.79000 11.59100 54.71000
19 10 20 14 07 9916.30000 4.72500000 323.82000 40.79000 11.59100 54.71000
19 10 20 14 07 9912.80000 4.72500000 323.81000 40.79000 11.59100 54.71000
19 10 20 14 08 9912.80000 4.72500000 323.61000 40.79000 11.59100 54.71000
19 10 20 14 08 9912.80000 4.72500000 323.26000 40.79000 11.59100 54.71000
19 10 20 14 09 9912.80000 4.72500000 323.16000 40.79000 11.59100 54.71000
19 10 20 14 09 9904.80000 4.72500000 322.81000 40.71000 11.59100 54.71000
19 10 20 14 09 9903.10000 4.72500000 322.70000 40.71000 11.59100 54.71000
19 10 20 14 10 9904.30000 4.73000000 323.06000 40.73000 11.59100 54.71000
19 10 20 14 10 9899.30000 4.73000000 322.83000 40.73000 11.59100 54.71000
19 10 20 14 11 9899.00000 4.73000000 322.81000 40.73000 11.59100 54.71000
19 10 20 14 11 9892.80000 4.73000000 322.70000 40.71000 11.59100 54.71000
19 10 20 14 12 9888.20000 4.73000000 322.40000 40.69000 11.59100 54.71000
19 10 20 14 12 9892.70000 4.73000000 322.34000 40.68000 11.59100 54.71000
19 10 20 14 12 9892.70000 4.73000000 322.45000 40.68000 11.59100 54.71000
19 10 20 14 13 9873.40000 4.73000000 322.21000 40.68000 11.59100 54.71000
19 10 20 14 13 9880.40000 4.73000000 322.20000 40.68000 11.59100 54.29200
19 10 20 14 14 9883.80000 4.73000000 322.21000 40.68000 11.59100 54.29200
19 10 20 14 14 9883.90000 4.73000000 322.21000 40.68000 11.59100 54.29200
19 10 20 14 15 9886.40000 4.73000000 322.25000 40.68000 11.59100 54.29200
19 10 20 14 15 9890.00000 4.73000000 322.26000 40.67000 11.59100 54.29200
19 10 20 14 15 9890.00000 4.73000000 322.26000 40.67000 11.59100 54.29200
19 10 20 14 16 9888.00000 4.73000000 322.31000 40.67000 11.59100 54.29200
19 10 20 14 16 9892.70000 4.73000000 322.65000 40.67000 11.59100 54.29200
19 10 20 14 17 9890.30000 4.73000000 322.65000 40.67000 11.58100 54.29200
19 10 20 14 17 9890.20000 4.73000000 322.40000 40.67000 11.58100 54.29200
19 10 20 14 18 9890.20000 4.73000000 322.40000 40.67000 11.58100 54.29200
19 10 20 14 18 9890.20000 4.73000000 322.54000 40.65000 11.58100 54.29200
19 10 20 14 18 9890.30000 4.73000000 322.54000 40.65000 11.58100 54.29200
19 10 20 14 19 9896.90000 4.73000000 322.58000 40.65000 11.58100 54.29200
19 10 20 14 19 9897.00000 4.73000000 322.51000 40.65000 11.58100 54.29200
19 10 20 14 20 9897.60000 4.73000000 322.49000 40.66000 11.58100 54.41400
19 10 20 14 20 9897.90000 4.73000000 322.49000 40.69000 11.58100 54.41400
19 10 20 14 21 9899.90000 4.73000000 322.73000 40.69000 11.58100 54.41400
19 10 20 14 21 9890.30000 4.73000000 322.73000 40.67000 11.58100 54.41400
19 10 20 14 21 9890.40000 4.73000000 322.55000 40.67000 11.58100 54.41400
19 10 20 14 22 9890.30000 4.73000000 322.54000 40.67000 11.58100 54.41400
19 10 20 14 22 9900.00000 4.70200000 322.54000 40.67000 11.58100 54.44000
19 10 20 14 23 9897.40000 4.70200000 322.54000 40.67000 11.58100 54.44000
19 10 20 14 23 9890.70000 4.70200000 322.54000 40.67000 11.58100 54.44000
19 10 20 14 24 9893.90000 4.70200000 322.49000 40.67000 11.58100 54.44000
19 10 20 14 24 9895.20000 4.70200000 322.51000 40.69000 11.58100 54.44000
19 10 20 14 24 9897.40000 4.70200000 322.51000 40.69000 11.58100 54.44000
19 10 20 14 25 9895.90000 4.70200000 322.56000 40.69000 11.58100 54.44000
19 10 20 14 25 9893.30000 4.70200000 322.56000 40.69000 11.58100 54.44000
19 10 20 14 26 9886.90000 4.70200000 322.56000 40.69000 11.58100 54.44000
19 10 20 14 26 9885.50000 4.70200000 322.34000 40.69000 11.58100 54.44000
19 10 20 14 27 9886.10000 4.72500000 322.34000 40.69000 11.58100 54.44000
19 10 20 14 27 9887.50000 4.72500000 322.49000 40.68000 11.58100 54.44000
19 10 20 14 27 9887.50000 4.72500000 322.47000 40.68000 11.58100 54.44000
19 10 20 14 28 9887.50000 4.72500000 322.40000 40.68000 11.58100 54.44000
19 10 20 14 28 9885.70000 4.72500000 322.37000 40.68000 11.58100 54.44000
19 10 20 14 29 9885.80000 4.72500000 322.37000 40.68000 11.58100 54.44000
19 10 20 14 29 9885.70000 4.72500000 322.60000 40.68000 11.58100 54.44000
19 10 20 14 30 9894.10000 4.72500000 322.71000 40.68000 11.58100 54.44000
19 10 20 14 30 9896.50000 4.72500000 322.71000 40.72000 11.58100 54.44000
19 10 20 14 30 9897.00000 4.72500000 322.71000 40.72000 11.58100 54.44000
19 10 20 14 31 9897.40000 4.72500000 322.71000 40.72000 11.58100 54.44000
19 10 20 14 31 9897.40000 4.72500000 322.81000 40.72000 11.58100 54.44000
19 10 20 14 32 9897.00000 4.72500000 322.81000 40.73000 11.58100 54.44000
19 10 20 14 32 9897.10000 4.72500000 322.81000 40.73000 11.58100 54.57000
19 10 20 14 33 9900.00000 4.72500000 322.81000 40.73000 11.58100 54.57000
19 10 20 14 33 9897.10000 4.72500000 322.81000 40.71000 11.58100 54.57000
19 10 20 14 33 9897.00000 4.72500000 322.73000 40.71000 11.58100 54.57000
19 10 20 14 34 9897.10000 4.72500000 322.73000 40.71000 11.58100 54.57000
19 10 20 14 34 9897.00000 4.72500000 322.73000 40.71000 11.58100 54.57000
19 10 20 14 35 9892.80000 4.72500000 322.56000 40.71000 11.58100 54.57000
19 10 20 14 35 9892.80000 4.72500000 322.55000 40.71000 11.58100 54.56200
19 10 20 14 35 9885.90000 4.72500000 322.40000 40.71000 11.58100 54.56200
19 10 20 14 36 9885.00000 4.72500000 322.40000 40.68000 11.58100 54.56200
19 10 20 14 36 9886.20000 4.72500000 322.40000 40.68000 11.58100 54.56200
19 10 20 14 37 9886.10000 4.72500000 322.40000 40.68000 11.58100 54.56200
19 10 20 14 37 9885.00000 4.72500000 322.13000 40.68000 11.58100 54.56200
19 10 20 14 38 9886.50000 4.72500000 322.13000 40.68000 11.58100 54.56200
19 10 20 14 38 9895.40000 4.72500000 322.13000 40.68000 11.58100 54.56200
19 10 20 14 38 9895.00000 4.72900000 322.13000 40.68000 11.58100 54.56200
19 10 20 14 39 9895.40000 4.72900000 322.30000 40.68000 11.58100 54.56200
19 10 20 14 39 9896.20000 4.72900000 322.30000 40.73000 11.58100 54.56200
19 10 20 14 40 9896.20000 4.72900000 322.42000 40.73000 11.58100 54.56200
19 10 20 14 40 9896.20000 4.72900000 322.43000 40.73000 11.58100 54.56200
19 10 20 14 41 9894.10000 4.72900000 322.43000 40.73000 11.58100 54.56200
19 10 20 14 41 9892.60000 4.72900000 322.21000 40.73000 11.58100 54.56200
19 10 20 14 41 9892.70000 4.72900000 322.21000 40.73000 11.54500 54.56200
19 10 20 14 42 9896.80000 4.72900000 322.44000 40.73000 11.54500 54.56200
19 10 20 14 42 9892.90000 4.72900000 322.22000 40.73000 11.54500 54.56200
19 10 20 14 43 9892.90000 4.72900000 322.22000 40.73000 11.54500 54.56200
19 10 20 14 43 9888.70000 4.72900000 322.12000 40.73000 11.59000 54.56200
19 10 20 14 44 9888.90000 4.72900000 322.12000 40.77000 11.59000 54.56200
19 10 20 14 44 9888.90000 4.72900000 322.13000 40.77000 11.59000 54.56200
19 10 20 14 44 9887.30000 4.72900000 322.12000 40.77000 11.59000 54.56200
19 10 20 14 45 9885.30000 4.72900000 321.88000 40.77000 11.59000 54.56200
19 10 20 14 45 9888.20000 4.72900000 322.13000 40.77000 11.59000 54.56200
19 10 20 14 46 9889.00000 4.72900000 322.13000 40.72000 11.59000 54.56200
19 10 20 14 46 9889.00000 4.72900000 322.62000 40.72000 11.59000 54.56200
19 10 20 14 47 9897.00000 4.72900000 322.45000 40.72000 11.59000 54.56200
19 10 20 14 47 9896.90000 4.72900000 322.11000 40.75000 11.59000 54.56200
19 10 20 14 47 9892.20000 4.72900000 322.11000 40.75000 11.59000 54.56200
19 10 20 14 48 9896.30000 4.71500000 322.21000 40.75000 11.59000 54.56200
19 10 20 14 48 9897.00000 4.71500000 322.21000 40.75000 11.59000 54.56200
