M=[
20 5 20 01 20 8895.50000 6.09100000 195.33000 41.85000 11.79600 45.71200
20 5 20 01 21 8895.50000 6.09100000 195.33000 41.85000 11.79600 45.71200
20 5 20 01 21 8895.50000 6.09100000 195.62000 41.85000 11.79600 45.71200
20 5 20 01 21 8895.50000 6.09100000 195.33000 41.85000 11.79600 45.71200
20 5 20 01 22 8895.50000 6.07700000 195.33000 41.85000 11.79600 45.71200
20 5 20 01 22 8893.00000 6.09100000 195.33000 41.88000 11.79600 45.71200
20 5 20 01 23 8893.00000 6.09100000 195.18000 41.85000 11.79600 45.71200
20 5 20 01 23 8894.90000 6.09100000 195.18000 41.85000 11.79600 45.71200
20 5 20 01 24 8892.10000 6.09100000 195.18000 41.85000 11.79600 45.71200
20 5 20 01 24 8892.10000 6.09100000 195.18000 41.85000 11.79600 45.71200
20 5 20 01 25 8899.40000 6.09100000 195.18000 41.85000 11.79600 45.71200
20 5 20 01 25 8901.50000 6.09100000 195.18000 41.85000 11.79600 45.71200
20 5 20 01 25 8901.50000 6.09100000 195.18000 41.85000 11.79600 45.80400
20 5 20 01 26 8901.40000 6.09100000 195.18000 41.85000 11.79600 45.71200
20 5 20 01 26 8901.50000 6.09100000 195.18000 41.85000 11.79600 45.71200
20 5 20 01 27 8901.50000 6.09100000 195.18000 41.85000 11.79600 45.71200
20 5 20 01 27 8901.40000 6.09100000 195.18000 41.85000 11.79600 45.71200
20 5 20 01 28 8898.20000 6.09100000 195.18000 41.85000 11.79600 45.71200
20 5 20 01 28 8900.80000 6.09100000 195.18000 41.85000 11.79600 45.71200
20 5 20 01 29 8900.80000 6.09100000 195.18000 41.83000 11.79600 45.71200
20 5 20 01 29 8905.70000 6.09100000 195.37000 41.83000 11.79600 45.71200
20 5 20 01 29 8914.90000 6.07700000 195.37000 41.83000 11.79600 45.71200
20 5 20 01 30 8911.80000 6.09100000 195.37000 41.83000 11.79600 45.86900
20 5 20 01 30 8912.50000 6.09100000 195.37000 41.83000 11.79600 45.86900
20 5 20 01 31 8912.50000 6.09100000 195.37000 41.83000 11.79600 45.86900
20 5 20 01 31 8913.50000 6.07700000 195.37000 41.83000 11.79600 45.86900
20 5 20 01 32 8913.50000 6.09100000 195.37000 41.83000 11.79600 45.86900
20 5 20 01 32 8913.50000 6.09100000 195.37000 41.83000 11.79600 45.86900
20 5 20 01 33 8913.00000 6.09100000 195.83000 41.83000 11.79600 45.86900
20 5 20 01 33 8913.60000 6.09100000 195.83000 41.83000 11.79600 45.86900
20 5 20 01 34 8913.60000 6.09100000 195.83000 41.85000 11.79600 45.71200
20 5 20 01 34 8912.40000 6.09100000 195.83000 41.88000 11.79600 45.86900
20 5 20 01 34 8913.60000 6.09100000 195.18000 41.83000 11.79600 45.86900
20 5 20 01 35 8913.60000 6.09100000 195.83000 41.88000 11.79600 45.86900
20 5 20 01 35 8913.60000 6.09100000 195.83000 41.83000 11.79600 45.86900
20 5 20 01 36 8911.30000 6.09100000 195.83000 41.83000 11.79600 45.86900
20 5 20 01 36 8913.60000 6.09100000 195.83000 41.83000 11.79600 45.86900
20 5 20 01 37 8913.10000 6.09100000 195.84000 41.83000 11.79600 45.86900
20 5 20 01 37 8913.20000 6.07700000 195.84000 41.85000 11.79600 45.86900
20 5 20 01 38 8913.60000 6.09100000 195.84000 41.83000 11.79600 45.86900
20 5 20 01 38 8913.10000 6.09100000 195.84000 41.83000 11.79600 45.86900
20 5 20 01 39 8913.20000 6.09700000 195.18000 41.85000 11.79600 45.86900
20 5 20 01 39 8913.20000 6.09700000 195.84000 41.83000 11.79600 45.86900
20 5 20 01 39 8913.20000 6.09700000 195.84000 41.83000 11.79600 45.86900
20 5 20 01 40 8918.30000 6.09700000 195.84000 41.83000 11.79600 45.86900
20 5 20 01 40 8917.30000 6.09700000 195.84000 41.86000 11.79600 45.71200
20 5 20 01 41 8912.90000 6.09700000 195.84000 41.86000 11.79600 45.86900
20 5 20 01 41 8912.40000 6.09700000 195.93000 41.86000 11.79600 45.58900
20 5 20 01 42 8912.30000 6.09700000 195.88000 41.85000 11.79600 45.58900
20 5 20 01 42 8912.30000 6.09700000 195.93000 41.86000 11.79600 45.58900
20 5 20 01 43 8912.30000 6.09700000 195.93000 41.85000 11.79600 45.58900
20 5 20 01 43 8901.80000 6.09700000 195.93000 41.85000 11.79600 45.58900
20 5 20 01 44 8903.20000 6.09700000 195.93000 41.85000 11.79600 45.58900
20 5 20 01 44 8903.20000 6.09700000 195.93000 41.85000 11.79600 45.58900
20 5 20 01 44 8903.20000 6.09700000 195.93000 41.85000 11.79600 45.58900
20 5 20 01 45 8902.70000 6.09700000 195.93000 41.85000 11.79600 45.58900
20 5 20 01 45 8902.60000 6.09700000 195.72000 41.83000 11.79600 45.58900
20 5 20 01 46 8902.70000 6.09700000 195.72000 41.85000 11.79600 45.58900
20 5 20 01 46 8902.60000 6.09700000 195.72000 41.85000 11.79600 45.58900
20 5 20 01 47 8902.70000 6.09700000 195.91000 41.85000 11.79600 45.58900
20 5 20 01 47 8900.90000 6.09700000 195.91000 41.85000 11.79600 45.58900
20 5 20 01 47 8900.10000 6.09700000 195.91000 41.85000 11.79600 45.58900
20 5 20 01 48 8900.10000 6.09700000 195.91000 41.85000 11.79600 45.58900
20 5 20 01 48 8896.10000 6.09700000 195.91000 41.85000 11.79600 45.58900
20 5 20 01 49 8896.10000 6.09700000 195.91000 41.85000 11.79600 45.86900
20 5 20 01 49 8896.10000 6.09700000 195.91000 41.83000 11.79600 45.58900
20 5 20 01 50 8899.90000 6.09700000 195.91000 41.83000 11.79600 45.58900
20 5 20 01 50 8899.90000 6.09700000 195.91000 41.83000 11.79600 45.58900
20 5 20 01 51 8900.00000 6.09700000 195.91000 41.83000 11.79600 45.58900
20 5 20 01 51 8900.00000 6.09700000 195.91000 41.83000 11.79600 45.58900
20 5 20 01 52 8899.90000 6.09700000 195.91000 41.83000 11.79600 45.58900
20 5 20 01 52 8900.00000 6.09700000 195.91000 41.83000 11.79600 45.58900
20 5 20 01 53 8900.00000 6.09700000 195.91000 41.83000 11.79600 45.58900
20 5 20 01 53 8900.00000 6.09700000 195.91000 41.83000 11.79600 45.58900
20 5 20 01 53 8900.00000 6.09700000 195.91000 41.83000 11.79600 45.58900
20 5 20 01 54 8910.20000 6.09700000 195.91000 41.85000 11.79600 45.86900
20 5 20 01 54 8910.80000 6.09700000 195.91000 41.83000 11.79600 45.58900
20 5 20 01 55 8910.80000 6.09700000 195.91000 41.83000 11.79600 45.58900
20 5 20 01 55 8910.90000 6.09700000 195.91000 41.83000 11.79600 45.58900
20 5 20 01 56 8908.20000 6.09700000 195.72000 41.83000 11.79600 45.86900
20 5 20 01 56 8901.10000 6.09700000 195.60000 41.83000 11.79600 45.58900
20 5 20 01 57 8902.60000 6.09700000 195.38000 41.83000 11.79600 45.58900
20 5 20 01 57 8902.60000 6.09700000 195.38000 41.83000 11.79600 45.58900
20 5 20 01 57 8902.50000 6.09700000 195.38000 41.83000 11.79600 45.58900
20 5 20 01 58 8901.20000 6.09700000 195.38000 41.83000 11.79600 45.58900
20 5 20 01 58 8904.50000 6.09700000 195.38000 41.83000 11.79600 45.58900
20 5 20 01 59 8900.30000 6.09700000 195.38000 41.83000 11.79600 45.58900
20 5 20 01 59 8900.30000 6.09700000 195.38000 41.83000 11.79600 45.58900
20 5 20 02 00 8898.50000 6.09700000 195.38000 41.83000 11.79600 45.58900
20 5 20 02 00 8898.90000 6.09700000 195.38000 41.83000 11.79600 45.58900
20 5 20 02 01 8898.90000 6.09700000 195.38000 41.83000 11.79600 45.58900
20 5 20 02 01 8898.80000 6.09700000 195.38000 41.80000 11.79600 45.58900
20 5 20 02 02 8898.80000 6.09700000 195.38000 41.80000 11.79600 45.58900
20 5 20 02 02 8898.40000 6.09700000 195.48000 41.80000 11.79600 45.58900
20 5 20 02 02 8898.50000 6.08000000 195.50000 41.80000 11.79600 45.58900
20 5 20 02 03 8898.50000 6.06300000 195.54000 41.80000 11.79600 45.58900
20 5 20 02 03 8898.40000 6.06300000 195.50000 41.80000 11.79600 45.58900
20 5 20 02 04 8898.40000 6.06300000 195.50000 41.80000 11.79600 45.58900
20 5 20 02 04 8898.50000 6.06300000 195.54000 41.80000 11.79600 45.58900
20 5 20 02 05 8898.50000 6.06300000 195.54000 41.80000 11.79600 45.58900
20 5 20 02 05 8893.60000 6.06300000 195.54000 41.80000 11.79600 45.58900
20 5 20 02 06 8893.60000 6.06300000 195.54000 41.80000 11.79600 45.58900
20 5 20 02 06 8893.60000 6.06300000 195.54000 41.80000 11.79600 45.58900
20 5 20 02 06 8896.90000 6.06300000 195.54000 41.80000 11.79600 45.58900
20 5 20 02 07 8893.60000 6.06300000 195.54000 41.80000 11.79600 45.58900
20 5 20 02 07 8898.20000 6.06300000 195.54000 41.80000 11.79600 45.58900
20 5 20 02 08 8898.10000 6.06300000 195.54000 41.80000 11.79600 45.58900
20 5 20 02 08 8898.10000 6.06300000 195.54000 41.80000 11.79600 45.58900
20 5 20 02 09 8898.00000 6.06300000 195.54000 41.80000 11.79600 45.86900
