M=[
15 11 20 07 27 13567.60000 4.25900000 389.59000 53.57000 13.48900 53.73100
15 11 20 07 27 13567.40000 4.25900000 389.59000 53.53000 13.48900 53.73100
15 11 20 07 27 13567.40000 4.25900000 389.59000 53.53000 13.48900 53.73100
15 11 20 07 28 13562.30000 4.25900000 389.59000 53.53000 13.48900 53.73100
15 11 20 07 28 13562.30000 4.25900000 389.59000 53.53000 13.48900 53.73100
15 11 20 07 29 13566.80000 4.25900000 389.59000 53.53000 13.48900 53.73100
15 11 20 07 29 13565.10000 4.25900000 389.59000 53.53000 13.48900 53.73100
15 11 20 07 30 13565.20000 4.25900000 389.54000 53.58000 13.48900 53.73100
15 11 20 07 30 13565.30000 4.25900000 389.54000 53.57000 13.48900 53.73100
15 11 20 07 30 13561.00000 4.25900000 389.51000 53.57000 13.48900 53.73100
15 11 20 07 31 13555.90000 4.25900000 389.50000 53.57000 13.48900 53.73100
15 11 20 07 31 13558.10000 4.25900000 389.50000 53.57000 13.48900 53.73100
15 11 20 07 32 13560.50000 4.25900000 389.50000 53.57000 13.48900 53.73100
15 11 20 07 32 13561.20000 4.25900000 389.50000 53.57000 13.48900 53.73100
15 11 20 07 33 13561.10000 4.25900000 389.58000 53.57000 13.48900 53.73100
15 11 20 07 33 13561.20000 4.25900000 389.70000 53.57000 13.48900 53.73100
15 11 20 07 33 13561.20000 4.25900000 389.70000 53.57000 13.48900 53.73100
15 11 20 07 34 13561.20000 4.25900000 389.67000 53.57000 13.48900 53.73100
15 11 20 07 34 13561.20000 4.25900000 389.67000 53.57000 13.48900 53.73100
15 11 20 07 35 13561.20000 4.25900000 389.67000 53.57000 13.48900 53.73100
15 11 20 07 35 13561.20000 4.26700000 389.67000 53.57000 13.48900 53.73100
15 11 20 07 35 13561.20000 4.26700000 389.67000 53.57000 13.48900 53.73100
15 11 20 07 36 13561.10000 4.26700000 389.77000 53.57000 13.48900 53.73100
15 11 20 07 36 13561.20000 4.26700000 389.79000 53.57000 13.48900 53.81500
15 11 20 07 37 13561.10000 4.26700000 389.79000 53.57000 13.48900 53.81500
15 11 20 07 37 13561.20000 4.26700000 389.67000 53.60000 13.48900 53.81500
15 11 20 07 38 13561.10000 4.26700000 389.67000 53.60000 13.48900 53.81500
15 11 20 07 38 13561.10000 4.26700000 389.67000 53.60000 13.48900 53.81500
15 11 20 07 38 13553.70000 4.26700000 389.67000 53.60000 13.48900 53.81500
15 11 20 07 39 13550.40000 4.26700000 389.51000 53.60000 13.48900 53.81500
15 11 20 07 39 13550.40000 4.26700000 389.51000 53.59000 13.48900 53.81500
15 11 20 07 40 13549.80000 4.26700000 389.50000 53.59000 13.48900 53.81500
15 11 20 07 40 13549.90000 4.26700000 389.29000 53.59000 13.48900 53.81500
15 11 20 07 41 13549.90000 4.26700000 389.29000 53.59000 13.48900 53.81500
15 11 20 07 41 13549.90000 4.26700000 389.29000 53.59000 13.48900 53.81500
15 11 20 07 41 13549.90000 4.26700000 389.29000 53.59000 13.48900 53.81500
15 11 20 07 42 13552.10000 4.26700000 389.36000 53.59000 13.48900 53.81500
15 11 20 07 42 13552.10000 4.26700000 389.36000 53.59000 13.48900 53.81500
15 11 20 07 43 13549.80000 4.26700000 389.36000 53.59000 13.48900 53.81500
15 11 20 07 43 13549.80000 4.26700000 389.36000 53.50000 13.48900 53.81500
15 11 20 07 44 13549.20000 4.26700000 389.36000 53.50000 13.48900 53.81500
15 11 20 07 44 13549.20000 4.26700000 389.52000 53.50000 13.48900 53.81500
15 11 20 07 44 13552.10000 4.26700000 389.52000 53.50000 13.48900 53.81500
15 11 20 07 45 13549.80000 4.26700000 389.52000 53.50000 13.48900 53.81500
15 11 20 07 45 13549.50000 4.26700000 389.56000 53.50000 13.48900 53.81500
15 11 20 07 46 13550.70000 4.26700000 389.56000 53.50000 13.48900 53.81500
15 11 20 07 46 13553.30000 4.26700000 389.57000 53.50000 13.48900 53.81500
15 11 20 07 47 13554.50000 4.26700000 389.57000 53.49000 13.48900 53.81500
15 11 20 07 47 13554.50000 4.26700000 389.57000 53.49000 13.48900 53.81500
15 11 20 07 47 13554.50000 4.26700000 389.85000 53.49000 13.48900 53.81500
15 11 20 07 48 13553.90000 4.26700000 389.41000 53.49000 13.48900 53.81500
15 11 20 07 48 13555.20000 4.26700000 389.35000 53.49000 13.48900 53.81500
15 11 20 07 49 13555.20000 4.26700000 389.35000 53.49000 13.48900 53.81500
15 11 20 07 49 13554.30000 4.26700000 389.35000 53.49000 13.48900 53.81500
15 11 20 07 50 13554.30000 4.26700000 389.44000 53.49000 13.48900 53.81500
15 11 20 07 50 13556.90000 4.26700000 389.44000 53.49000 13.48900 53.81500
15 11 20 07 50 13557.70000 4.26700000 389.44000 53.49000 13.48900 53.81500
15 11 20 07 51 13555.40000 4.26700000 389.37000 53.49000 13.48900 53.81500
15 11 20 07 51 13554.40000 4.26700000 389.37000 53.49000 13.32400 53.81500
15 11 20 07 52 13553.50000 4.26700000 389.37000 53.49000 13.32400 53.81500
15 11 20 07 52 13553.50000 4.26700000 389.37000 53.49000 13.32400 53.81500
15 11 20 07 53 13553.40000 4.26700000 389.42000 53.49000 13.32400 53.81500
15 11 20 07 53 13554.40000 4.26700000 389.60000 53.56000 13.32400 53.81500
15 11 20 07 53 13558.10000 4.26700000 389.65000 53.56000 13.32400 53.81500
15 11 20 07 54 13561.80000 4.26700000 389.65000 53.56000 13.32400 53.81500
15 11 20 07 54 13559.40000 4.26700000 389.75000 53.56000 13.32400 53.81500
15 11 20 07 55 13560.40000 4.26700000 389.75000 53.56000 13.32400 53.81500
15 11 20 07 55 13560.00000 4.26700000 389.68000 53.56000 13.42000 53.81500
15 11 20 07 56 13559.40000 4.26700000 389.68000 53.56000 13.42000 53.81500
15 11 20 07 56 13559.00000 4.26700000 389.68000 53.56000 13.42000 53.81500
15 11 20 07 56 13564.50000 4.26700000 389.78000 53.56000 13.42000 53.81500
15 11 20 07 57 13562.80000 4.26700000 389.78000 53.56000 13.42000 53.81500
15 11 20 07 57 13562.80000 4.26900000 389.78000 53.56000 13.42000 53.81500
15 11 20 07 58 13560.20000 4.26900000 389.78000 53.62000 13.42000 53.72300
15 11 20 07 58 13560.60000 4.26900000 389.78000 53.62000 13.42000 53.72300
15 11 20 07 59 13560.60000 4.26900000 389.78000 53.62000 13.42000 53.72300
15 11 20 07 59 13555.80000 4.26900000 389.64000 53.64000 13.42000 53.72300
15 11 20 07 59 13560.60000 4.26900000 389.64000 53.64000 13.42000 53.72300
15 11 20 08 00 13567.40000 4.26900000 389.93000 53.64000 13.42000 53.72300
15 11 20 08 00 13570.70000 4.26900000 390.35000 53.64000 13.42000 53.71200
15 11 20 08 01 13573.90000 4.26900000 390.35000 53.64000 13.42000 53.71200
15 11 20 08 01 13572.40000 4.26900000 390.37000 53.65000 13.42000 53.71200
15 11 20 08 02 13574.90000 4.26900000 390.45000 53.65000 13.42000 53.71200
15 11 20 08 02 13575.90000 4.26900000 390.50000 53.65000 13.42000 53.71200
15 11 20 08 02 13576.90000 4.26900000 390.61000 53.71000 13.42000 53.71200
15 11 20 08 03 13577.90000 4.26900000 390.61000 53.71000 13.42000 53.71200
15 11 20 08 03 13577.90000 4.26900000 390.57000 53.71000 13.42000 53.71200
15 11 20 08 04 13584.60000 4.25600000 390.57000 53.71000 13.42000 53.71200
15 11 20 08 04 13584.10000 4.25600000 390.53000 53.71000 13.42000 53.71200
15 11 20 08 05 13580.10000 4.25600000 390.45000 53.71000 13.42000 53.71200
15 11 20 08 05 13580.20000 4.25600000 390.45000 53.71000 13.42000 53.71200
15 11 20 08 05 13580.30000 4.25600000 390.45000 53.71000 13.42000 53.71200
15 11 20 08 06 13579.50000 4.25600000 390.45000 53.72000 13.42000 53.71200
15 11 20 08 06 13577.70000 4.25600000 390.10000 53.72000 13.42000 53.71200
15 11 20 08 07 13573.00000 4.25600000 390.10000 53.72000 13.42000 53.71200
15 11 20 08 07 13580.20000 4.25600000 390.12000 53.72000 13.42000 53.71200
15 11 20 08 08 13586.40000 4.25600000 390.12000 53.72000 13.42000 53.71200
15 11 20 08 08 13586.30000 4.25600000 390.12000 53.72000 13.42000 53.71200
15 11 20 08 08 13585.40000 4.25600000 390.25000 53.72000 13.42000 53.71200
15 11 20 08 09 13585.40000 4.25600000 390.25000 53.72000 13.42000 53.71200
15 11 20 08 09 13592.20000 4.25600000 390.34000 53.72000 13.42000 53.71200
15 11 20 08 10 13593.30000 4.25600000 390.35000 53.70000 13.42000 53.71200
15 11 20 08 10 13593.40000 4.27200000 390.35000 53.71000 13.42000 53.71200
15 11 20 08 11 13593.40000 4.27200000 390.43000 53.71000 13.42000 53.71200
15 11 20 08 11 13596.50000 4.27200000 390.43000 53.71000 13.42000 53.71200
15 11 20 08 11 13595.20000 4.27200000 390.43000 53.71000 13.42000 53.71200
