M=[
18 5 20 18 36 8809.20000 6.07500000 194.49000 41.29000 11.83000 43.80400
18 5 20 18 36 8815.00000 6.07500000 194.48000 41.29000 11.83000 43.77000
18 5 20 18 36 8814.90000 6.07500000 194.48000 41.29000 11.83000 43.79200
18 5 20 18 37 8814.80000 6.07500000 194.48000 41.29000 11.83000 43.77000
18 5 20 18 37 8815.00000 6.07500000 194.48000 41.29000 11.83000 43.77000
18 5 20 18 38 8815.00000 6.07500000 194.38000 41.29000 11.83000 43.80400
18 5 20 18 38 8817.00000 6.07500000 194.35000 41.29000 11.83000 43.77000
18 5 20 18 39 8817.10000 6.07500000 194.35000 41.29000 11.83000 43.77000
18 5 20 18 39 8817.00000 6.07500000 194.36000 41.29000 11.80500 43.77000
18 5 20 18 40 8817.00000 6.08700000 194.39000 41.35000 11.83000 43.77000
18 5 20 18 40 8817.10000 6.08700000 194.18000 41.29000 11.83000 43.64100
18 5 20 18 41 8817.00000 6.08700000 194.23000 41.29000 11.83000 43.64100
18 5 20 18 41 8817.00000 6.08700000 194.25000 41.29000 11.83000 43.64100
18 5 20 18 41 8816.30000 6.08700000 194.25000 41.29000 11.83000 43.64100
18 5 20 18 42 8809.40000 6.08500000 194.25000 41.29000 11.83000 43.64100
18 5 20 18 42 8809.20000 6.08500000 194.25000 41.29000 11.83000 43.64100
18 5 20 18 43 8809.00000 6.08500000 194.25000 41.29000 11.83000 43.64100
18 5 20 18 43 8814.40000 6.08500000 194.29000 41.27000 11.83000 43.64100
18 5 20 18 44 8813.20000 6.08500000 194.30000 41.22000 11.83000 43.64100
18 5 20 18 44 8815.10000 6.08500000 194.30000 41.22000 11.83000 43.64100
18 5 20 18 45 8814.10000 6.08500000 194.30000 41.22000 11.83000 43.64100
18 5 20 18 45 8813.70000 6.08500000 194.24000 41.22000 11.83000 43.80400
18 5 20 18 46 8813.80000 6.08500000 194.24000 41.22000 11.83000 43.77000
18 5 20 18 46 8813.80000 6.08500000 194.25000 41.22000 11.83000 43.64100
18 5 20 18 46 8813.70000 6.08500000 194.27000 41.22000 11.83000 43.64100
18 5 20 18 47 8809.10000 6.08500000 194.27000 41.22000 11.83000 43.64100
18 5 20 18 47 8810.40000 6.08500000 194.24000 41.22000 11.83000 43.64100
18 5 20 18 48 8808.70000 6.08800000 194.24000 41.20000 11.83000 43.64100
18 5 20 18 48 8813.20000 6.08800000 194.25000 41.22000 11.78600 43.64100
18 5 20 18 49 8812.20000 6.08800000 194.25000 41.20000 11.83000 43.64100
18 5 20 18 49 8813.30000 6.08800000 194.25000 41.20000 11.83000 43.64100
18 5 20 18 50 8813.40000 6.08800000 194.25000 41.23000 11.83000 43.64100
18 5 20 18 50 8811.60000 6.08800000 194.25000 41.21000 11.83000 43.80400
18 5 20 18 51 8811.60000 6.08800000 194.25000 41.21000 11.83000 43.64100
18 5 20 18 51 8814.60000 6.08800000 194.25000 41.22000 11.83000 43.64100
18 5 20 18 51 8816.20000 6.08600000 194.25000 41.22000 11.83000 43.80400
18 5 20 18 52 8816.20000 6.08600000 194.25000 41.22000 11.83000 43.64100
18 5 20 18 52 8817.10000 6.08600000 194.25000 41.21000 11.83000 43.64100
18 5 20 18 53 8817.10000 6.08600000 194.25000 41.22000 11.83000 43.64100
18 5 20 18 53 8817.00000 6.08600000 194.46000 41.22000 11.80500 43.64100
18 5 20 18 54 8841.20000 6.08600000 194.56000 41.22000 11.80500 43.64100
18 5 20 18 54 8841.40000 6.08600000 194.56000 41.22000 11.80500 43.64100
18 5 20 18 55 8841.40000 6.08600000 194.56000 41.22000 11.83000 43.64100
18 5 20 18 55 8845.10000 6.08600000 194.56000 41.22000 11.83000 43.64100
18 5 20 18 56 8845.10000 6.08600000 194.42000 41.22000 11.83000 43.77000
18 5 20 18 56 8845.00000 6.08600000 194.42000 41.22000 11.83000 43.64100
18 5 20 18 57 8845.00000 6.08600000 194.42000 41.30000 11.83000 43.64100
18 5 20 18 57 8840.50000 6.08600000 194.42000 41.30000 11.83000 43.64100
18 5 20 18 57 8840.60000 6.08600000 194.42000 41.30000 11.83000 43.64100
18 5 20 18 58 8845.00000 6.08600000 194.42000 41.30000 11.83000 43.64100
18 5 20 18 58 8849.60000 6.08600000 194.59000 41.30000 11.83000 43.64100
18 5 20 18 59 8850.10000 6.08600000 194.60000 41.30000 11.83000 43.64100
18 5 20 18 59 8849.10000 6.08600000 194.46000 41.30000 11.83000 43.64100
18 5 20 19 00 8847.50000 6.08600000 194.23000 41.30000 11.83000 43.64100
18 5 20 19 00 8849.00000 6.08600000 194.23000 41.30000 11.83000 43.64100
18 5 20 19 01 8857.90000 6.08600000 194.23000 41.30000 11.83000 43.64100
18 5 20 19 01 8857.40000 6.08600000 194.45000 41.30000 11.83000 43.64100
18 5 20 19 02 8853.70000 6.08600000 194.45000 41.30000 11.80500 43.64100
18 5 20 19 02 8857.70000 6.08600000 194.45000 41.30000 11.83000 43.64100
18 5 20 19 03 8857.60000 6.08600000 194.35000 41.30000 11.83000 43.64100
18 5 20 19 03 8857.90000 6.08600000 194.48000 41.32000 11.83000 43.64100
18 5 20 19 03 8857.90000 6.08600000 194.48000 41.32000 11.83000 43.64100
18 5 20 19 04 8857.90000 6.08600000 194.48000 41.29000 11.83000 43.64100
18 5 20 19 04 8857.90000 6.08600000 194.36000 41.29000 11.83000 43.64100
18 5 20 19 05 8857.90000 6.08600000 194.36000 41.29000 11.83000 43.64100
18 5 20 19 05 8857.80000 6.08600000 194.23000 41.29000 11.83000 43.64100
18 5 20 19 06 8857.80000 6.08600000 194.23000 41.29000 11.83000 43.64100
18 5 20 19 06 8857.80000 6.08700000 194.28000 41.29000 11.83000 43.64100
18 5 20 19 07 8857.90000 6.08600000 194.23000 41.29000 11.83000 43.80400
18 5 20 19 07 8857.90000 6.08600000 194.22000 41.29000 11.78600 43.64100
18 5 20 19 08 8857.90000 6.08600000 194.19000 41.29000 11.83000 43.64100
18 5 20 19 08 8857.80000 6.08600000 194.21000 41.29000 11.83000 43.64100
18 5 20 19 08 8857.90000 6.08600000 194.42000 41.29000 11.83000 43.64100
18 5 20 19 09 8857.90000 6.08600000 194.39000 41.29000 11.83000 43.64100
18 5 20 19 09 8860.80000 6.08600000 194.35000 41.29000 11.80500 43.64100
18 5 20 19 10 8865.10000 6.08600000 194.35000 41.29000 11.83000 43.64100
18 5 20 19 10 8866.40000 6.08600000 194.27000 41.29000 11.80700 43.64100
18 5 20 19 11 8866.40000 6.08400000 194.35000 41.26000 11.80700 43.64100
18 5 20 19 11 8867.40000 6.08600000 194.35000 41.26000 11.80700 43.64100
18 5 20 19 12 8867.20000 6.10100000 194.34000 41.26000 11.80700 43.64100
18 5 20 19 12 8866.00000 6.10100000 194.35000 41.26000 11.80700 43.64100
18 5 20 19 13 8867.20000 6.10100000 194.35000 41.26000 11.80700 43.64100
18 5 20 19 13 8866.00000 6.10100000 194.34000 41.26000 11.80700 43.64100
18 5 20 19 13 8866.00000 6.10100000 194.35000 41.26000 11.80700 43.64100
18 5 20 19 14 8864.70000 6.10100000 194.35000 41.26000 11.80500 43.64100
18 5 20 19 14 8864.10000 6.10100000 194.35000 41.26000 11.80700 43.64100
18 5 20 19 15 8864.90000 6.10100000 194.35000 41.26000 11.80700 43.77000
18 5 20 19 15 8865.00000 6.10100000 194.35000 41.26000 11.80700 43.64100
18 5 20 19 16 8865.50000 6.10100000 194.35000 41.26000 11.80700 43.64100
18 5 20 19 16 8865.90000 6.10100000 194.39000 41.26000 11.80700 43.64100
18 5 20 19 17 8865.90000 6.10600000 195.00000 41.35000 11.80700 43.64100
18 5 20 19 17 8878.80000 6.10600000 195.34000 41.41000 11.80700 43.76500
18 5 20 19 18 8878.80000 6.10600000 195.41000 41.41000 11.80700 43.76500
18 5 20 19 18 8882.90000 6.10600000 195.42000 41.41000 11.80700 43.80300
18 5 20 19 19 8885.00000 6.11100000 195.45000 41.41000 11.80700 43.80300
18 5 20 19 19 8885.10000 6.11100000 195.44000 41.43000 11.80500 43.76500
18 5 20 19 19 8883.80000 6.11100000 195.44000 41.43000 11.80700 43.80300
18 5 20 19 20 8881.10000 6.11100000 195.43000 41.40000 11.80700 43.80300
18 5 20 19 20 8872.70000 6.11100000 195.20000 41.40000 11.80700 43.80300
18 5 20 19 21 8871.00000 6.11100000 195.28000 41.38000 11.80700 43.80300
18 5 20 19 21 8872.30000 6.11100000 195.28000 41.38000 11.80700 43.80300
18 5 20 19 22 8892.00000 6.11300000 195.43000 41.38000 11.80700 43.80300
18 5 20 19 22 8892.30000 6.11300000 195.43000 41.38000 11.80700 43.80300
18 5 20 19 23 8895.80000 6.11300000 195.43000 41.38000 11.80700 43.80300
18 5 20 19 23 8894.70000 6.11300000 195.43000 41.38000 11.80700 43.80300
18 5 20 19 24 8894.80000 6.11300000 195.28000 41.44000 11.80700 43.80300
18 5 20 19 24 8894.80000 6.11300000 195.43000 41.44000 11.80700 43.80300
18 5 20 19 25 8894.80000 6.11300000 195.46000 41.44000 11.80700 43.80300
18 5 20 19 25 8892.50000 6.11300000 195.46000 41.44000 11.80700 43.80300
