M=[
17 3 21 22 30 48869.10000 10.36900000 1517.34000 170.85000 25.76600 121.58200
17 3 21 22 30 49000.20000 10.36900000 1517.51000 170.85000 25.76600 121.58200
17 3 21 22 31 49029.20000 10.36900000 1518.39000 171.07000 25.76600 121.58200
17 3 21 22 31 48992.30000 10.36900000 1518.14000 171.12000 25.76600 121.58200
17 3 21 22 31 48931.60000 10.36900000 1517.98000 171.12000 25.76600 121.58200
17 3 21 22 32 48985.30000 10.36900000 1518.43000 171.08000 25.76600 121.58200
17 3 21 22 32 48966.00000 10.36900000 1518.09000 171.02000 25.76600 121.58200
17 3 21 22 33 48977.30000 10.36900000 1518.85000 171.05000 25.76600 121.58200
17 3 21 22 33 48976.40000 10.36900000 1518.66000 171.04000 25.76600 121.58200
17 3 21 22 34 48959.70000 10.38000000 1518.60000 170.77000 25.76600 121.58200
17 3 21 22 34 48953.00000 10.38000000 1517.21000 170.72000 25.76600 121.58200
17 3 21 22 34 48910.30000 10.38000000 1516.87000 170.72000 25.76600 121.58200
17 3 21 22 35 48919.80000 10.38000000 1516.63000 170.72000 25.76600 121.58200
17 3 21 22 35 48919.70000 10.34300000 1516.59000 170.72000 25.76600 121.58200
17 3 21 22 36 48862.60000 10.33200000 1516.59000 170.34000 25.76600 121.37300
17 3 21 22 36 48862.30000 10.33200000 1515.99000 170.34000 25.76600 121.37300
17 3 21 22 37 48821.70000 10.33200000 1515.32000 170.34000 25.76600 121.37300
17 3 21 22 37 48851.40000 10.33200000 1514.58000 170.43000 25.76600 121.37300
17 3 21 22 37 48822.40000 10.33200000 1514.79000 170.43000 25.76600 121.37300
17 3 21 22 38 48832.20000 10.33200000 1515.97000 170.43000 25.76600 121.37300
17 3 21 22 38 48814.50000 10.33200000 1515.14000 170.33000 25.76600 121.37300
17 3 21 22 39 48740.20000 10.33200000 1514.02000 170.25000 25.76600 121.37300
17 3 21 22 39 48774.40000 10.33200000 1514.64000 170.22000 25.76600 121.37300
17 3 21 22 40 48774.40000 10.33200000 1514.64000 170.22000 25.76600 121.37300
17 3 21 22 40 48742.00000 10.34900000 1514.83000 170.05000 25.76600 121.37300
17 3 21 22 40 48738.80000 10.34900000 1514.82000 169.88000 25.76600 121.37300
17 3 21 22 41 48727.70000 10.34900000 1514.82000 169.93000 25.76600 121.37300
17 3 21 22 41 48779.90000 10.34900000 1514.83000 170.04000 25.76600 121.37300
17 3 21 22 42 48859.80000 10.34900000 1515.50000 170.04000 25.76600 121.37300
17 3 21 22 42 48816.30000 10.34900000 1515.50000 170.10000 25.76600 121.37300
17 3 21 22 43 48821.90000 10.33400000 1515.25000 170.10000 25.76600 121.37300
17 3 21 22 43 48831.70000 10.33400000 1515.24000 170.10000 25.77900 121.37300
17 3 21 22 43 48853.90000 10.33400000 1515.24000 170.10000 25.77900 121.37300
17 3 21 22 44 48873.20000 10.33400000 1515.85000 170.30000 25.77900 121.43200
17 3 21 22 44 48879.90000 10.33400000 1515.85000 170.32000 25.77900 121.43200
17 3 21 22 45 48894.30000 10.33400000 1515.85000 170.36000 25.77900 121.43200
17 3 21 22 45 48929.90000 10.33400000 1517.02000 170.42000 25.77900 121.43200
17 3 21 22 46 48942.50000 10.33400000 1517.02000 170.54000 25.77900 121.43200
17 3 21 22 46 48941.10000 10.33400000 1517.58000 170.54000 25.77900 121.43200
17 3 21 22 46 48900.00000 10.33400000 1517.47000 170.54000 25.77900 121.43200
17 3 21 22 47 48889.10000 10.33400000 1517.46000 170.54000 25.77900 121.43200
17 3 21 22 47 48911.90000 10.33400000 1517.46000 170.54000 25.77900 121.43200
17 3 21 22 48 48927.00000 10.33400000 1518.78000 170.54000 25.77900 121.39900
17 3 21 22 48 48916.00000 10.33400000 1518.65000 170.54000 25.79800 121.39900
17 3 21 22 49 48929.90000 10.33400000 1520.99000 170.79000 25.79800 121.44400
17 3 21 22 49 48920.30000 10.33400000 1519.47000 171.14000 25.79800 121.44400
17 3 21 22 49 48910.40000 10.33400000 1519.14000 171.14000 26.00000 121.44400
17 3 21 22 50 48839.70000 10.33400000 1518.14000 170.44000 26.00000 121.44400
17 3 21 22 50 48845.60000 10.33400000 1518.29000 170.44000 26.00000 121.44400
17 3 21 22 51 48845.50000 10.39400000 1518.42000 170.49000 26.00000 121.44400
17 3 21 22 51 48801.00000 10.39400000 1517.74000 170.44000 26.00000 121.44400
17 3 21 22 52 48790.60000 10.39400000 1518.23000 170.50000 26.00000 121.44400
17 3 21 22 52 48787.90000 10.39400000 1518.10000 170.50000 26.00000 121.44400
17 3 21 22 52 48799.90000 10.39400000 1518.24000 170.50000 26.00000 121.45900
17 3 21 22 53 48800.00000 10.39400000 1518.74000 170.69000 26.00000 121.45900
17 3 21 22 53 48800.00000 10.39400000 1518.92000 170.68000 26.00000 121.45900
17 3 21 22 54 48800.00000 10.39400000 1518.78000 170.72000 26.00000 121.45900
17 3 21 22 54 48799.90000 10.39400000 1519.20000 170.72000 26.00000 121.45900
17 3 21 22 54 48799.90000 10.39400000 1519.03000 170.72000 26.00000 121.47000
17 3 21 22 55 48799.90000 10.39400000 1518.85000 170.93000 26.00000 121.47000
17 3 21 22 55 48794.70000 10.39400000 1518.86000 170.78000 26.00000 121.74100
17 3 21 22 56 48780.00000 10.39400000 1518.09000 170.78000 26.00000 121.74100
17 3 21 22 56 48752.50000 10.39400000 1518.42000 170.72000 26.00000 121.74100
17 3 21 22 57 48708.90000 10.39400000 1517.41000 170.72000 26.00000 121.74100
17 3 21 22 57 48701.00000 10.39400000 1515.13000 170.72000 26.00000 121.74100
17 3 21 22 57 48700.00000 10.39400000 1515.41000 170.71000 26.00000 121.74100
17 3 21 22 58 48700.00000 10.39400000 1515.29000 170.78000 26.00000 121.74100
17 3 21 22 58 48675.00000 10.39400000 1515.29000 170.78000 26.00000 121.74100
17 3 21 22 59 48689.60000 10.39400000 1515.29000 170.78000 26.00000 121.74100
17 3 21 22 59 48723.40000 10.39400000 1515.66000 170.78000 26.00000 121.74100
17 3 21 23 00 48675.10000 10.39400000 1516.58000 170.78000 26.00000 121.74100
17 3 21 23 00 48750.20000 10.39400000 1518.85000 171.38000 26.00000 121.69500
17 3 21 23 00 48800.00000 10.39400000 1519.24000 171.38000 26.00000 121.69500
17 3 21 23 01 48762.10000 10.39400000 1519.89000 171.61000 26.00000 121.69500
17 3 21 23 01 48757.70000 10.39400000 1518.99000 171.61000 26.00000 121.69500
17 3 21 23 02 48771.10000 10.39400000 1518.73000 171.55000 26.00000 121.69500
17 3 21 23 02 48773.40000 10.37900000 1518.72000 171.55000 26.00000 121.69500
17 3 21 23 03 48795.00000 10.39300000 1518.43000 171.52000 26.00000 121.69500
17 3 21 23 03 48795.00000 10.39300000 1518.16000 171.52000 26.00000 121.69500
17 3 21 23 03 48794.90000 10.39300000 1518.16000 171.48000 26.00000 121.69500
17 3 21 23 04 48794.90000 10.39300000 1518.01000 171.48000 26.00000 121.69500
17 3 21 23 04 48795.00000 10.39300000 1518.60000 171.37000 26.00000 121.69500
17 3 21 23 05 48794.90000 10.39300000 1518.74000 171.37000 26.00000 121.69500
17 3 21 23 05 48795.00000 10.39300000 1518.13000 171.37000 26.00000 121.69500
17 3 21 23 06 48795.00000 10.39300000 1518.13000 171.19000 26.00000 121.69500
17 3 21 23 06 48795.00000 10.39300000 1518.06000 171.18000 26.00000 121.69500
17 3 21 23 06 48794.90000 10.39300000 1518.20000 171.00000 26.00000 121.69500
17 3 21 23 07 48795.00000 10.39300000 1518.50000 171.01000 25.99900 121.69500
17 3 21 23 07 48794.90000 10.39300000 1518.50000 170.93000 25.99900 121.69500
17 3 21 23 08 48800.00000 10.39300000 1518.59000 170.93000 25.99900 121.69500
17 3 21 23 08 48800.00000 10.39300000 1518.51000 170.93000 25.99900 121.69500
17 3 21 23 09 48869.30000 10.39100000 1518.50000 171.18000 25.99900 121.69500
17 3 21 23 09 48840.00000 10.39600000 1518.51000 171.07000 25.99900 121.69500
17 3 21 23 09 48839.90000 10.39600000 1518.51000 171.07000 25.99900 121.69500
17 3 21 23 10 48839.90000 10.39600000 1519.10000 171.07000 25.99900 121.69500
17 3 21 23 10 48869.90000 10.39600000 1519.14000 171.07000 25.99900 121.69500
17 3 21 23 11 48939.00000 10.39600000 1519.82000 171.24000 25.99900 121.69500
17 3 21 23 11 48942.50000 10.40400000 1520.00000 171.24000 25.99900 121.69500
17 3 21 23 12 48979.80000 10.43000000 1520.00000 171.78000 25.99900 121.64000
17 3 21 23 12 48979.80000 10.42600000 1521.00000 171.78000 25.99900 121.64000
17 3 21 23 12 48979.80000 10.42600000 1521.00000 171.97000 25.99900 121.64000
17 3 21 23 13 48979.90000 10.42600000 1520.29000 172.00000 25.99900 121.64000
