M=[
 1 7 20 19 21 8251.10000 5.11300000 206.30000 37.30000 15.03900 46.55000
 1 7 20 19 21 8252.10000 5.11300000 206.22000 37.30000 15.03900 46.55000
 1 7 20 19 22 8252.40000 5.11300000 206.22000 37.30000 15.03900 46.55000
 1 7 20 19 22 8252.60000 5.11300000 206.17000 37.30000 14.96800 46.55000
 1 7 20 19 23 8252.60000 5.11300000 206.17000 37.30000 15.03900 46.55000
 1 7 20 19 23 8253.70000 5.11300000 206.11000 37.29000 15.03900 46.55000
 1 7 20 19 23 8253.40000 5.11300000 206.18000 37.29000 15.03900 46.55000
 1 7 20 19 24 8253.80000 5.11300000 206.15000 37.30000 15.03900 46.55000
 1 7 20 19 24 8254.20000 5.11300000 206.15000 37.30000 15.03900 46.55000
 1 7 20 19 25 8255.00000 5.11300000 206.28000 37.31000 15.03900 46.53700
 1 7 20 19 25 8255.00000 5.11300000 206.19000 37.31000 15.03900 46.53700
 1 7 20 19 26 8254.90000 5.11300000 206.19000 37.31000 15.03900 46.53700
 1 7 20 19 26 8254.90000 5.11300000 206.22000 37.31000 15.03900 46.53700
 1 7 20 19 27 8255.00000 5.11300000 206.22000 37.31000 15.03900 46.53700
 1 7 20 19 27 8255.00000 5.11300000 206.22000 37.31000 15.03900 46.53700
 1 7 20 19 28 8255.00000 5.11300000 206.23000 37.31000 15.03900 46.53700
 1 7 20 19 28 8253.10000 5.11300000 206.18000 37.31000 15.03900 46.53700
 1 7 20 19 29 8253.00000 5.11300000 206.18000 37.31000 15.03900 46.53700
 1 7 20 19 29 8253.00000 5.11300000 206.16000 37.31000 15.03900 46.55000
 1 7 20 19 30 8253.10000 5.11300000 206.19000 37.31000 15.03900 46.53700
 1 7 20 19 30 8253.10000 5.11300000 206.16000 37.31000 15.03900 46.53700
 1 7 20 19 31 8253.00000 5.11300000 206.18000 37.27000 15.03900 46.53700
 1 7 20 19 31 8253.10000 5.11300000 206.18000 37.27000 15.03900 46.53700
 1 7 20 19 31 8253.10000 5.11300000 206.18000 37.27000 15.03900 46.53700
 1 7 20 19 32 8253.00000 5.12300000 206.15000 37.27000 15.03900 46.53700
 1 7 20 19 32 8253.10000 5.12300000 206.18000 37.27000 15.03900 46.53700
 1 7 20 19 33 8253.10000 5.12300000 206.18000 37.27000 15.03900 46.53700
 1 7 20 19 33 8253.10000 5.12300000 206.46000 37.31000 14.96800 46.53700
 1 7 20 19 34 8256.20000 5.12300000 206.45000 37.27000 15.03900 46.53700
 1 7 20 19 34 8256.20000 5.12300000 206.46000 37.35000 15.03900 46.49300
 1 7 20 19 35 8255.10000 5.12300000 206.32000 37.35000 15.03900 46.49300
 1 7 20 19 35 8255.10000 5.12300000 206.39000 37.35000 15.03900 46.49300
 1 7 20 19 36 8253.50000 5.12300000 206.39000 37.31000 15.03900 46.49300
 1 7 20 19 36 8255.00000 5.12300000 206.38000 37.31000 15.03900 46.49300
 1 7 20 19 37 8253.40000 5.12300000 206.39000 37.31000 15.03900 46.49300
 1 7 20 19 37 8255.00000 5.12300000 206.38000 37.31000 15.03900 46.49300
 1 7 20 19 38 8256.80000 5.12300000 206.38000 37.31000 15.03900 46.49300
 1 7 20 19 38 8255.70000 5.12300000 206.38000 37.31000 15.03900 46.49300
 1 7 20 19 39 8255.10000 5.12300000 206.38000 37.31000 15.03900 46.49300
 1 7 20 19 39 8254.90000 5.12600000 206.38000 37.35000 15.03900 46.49300
 1 7 20 19 40 8248.10000 5.12600000 206.45000 37.35000 15.03900 46.49300
 1 7 20 19 40 8246.50000 5.12600000 206.45000 37.35000 15.03900 46.49300
 1 7 20 19 40 8246.50000 5.12600000 206.39000 37.35000 15.03900 46.49300
 1 7 20 19 41 8244.20000 5.12600000 206.39000 37.35000 14.96800 46.49300
 1 7 20 19 41 8244.20000 5.12600000 206.40000 37.35000 15.03900 46.49300
 1 7 20 19 42 8244.20000 5.12600000 206.40000 37.35000 15.03900 46.49300
 1 7 20 19 42 8244.20000 5.12600000 206.40000 37.35000 15.03900 46.49300
 1 7 20 19 43 8244.30000 5.12600000 206.46000 37.30000 15.03900 46.49300
 1 7 20 19 43 8244.30000 5.12600000 206.46000 37.30000 15.03900 46.49300
 1 7 20 19 44 8244.20000 5.12600000 206.57000 37.30000 15.03900 46.49300
 1 7 20 19 44 8245.00000 5.12600000 206.57000 37.30000 15.03900 46.49300
 1 7 20 19 45 8243.40000 5.12600000 206.58000 37.30000 15.03900 46.49300
 1 7 20 19 45 8243.30000 5.12600000 206.51000 37.30000 15.03900 46.49300
 1 7 20 19 46 8243.20000 5.12600000 206.51000 37.27000 15.03900 46.49300
 1 7 20 19 46 8242.80000 5.12600000 206.35000 37.27000 15.03900 46.49300
 1 7 20 19 47 8242.50000 5.12600000 206.36000 37.27000 15.03900 46.49300
 1 7 20 19 47 8242.40000 5.12600000 206.42000 37.27000 15.03900 46.49300
 1 7 20 19 48 8242.50000 5.12600000 206.42000 37.27000 15.03900 46.49300
 1 7 20 19 48 8239.60000 5.12600000 206.47000 37.27000 15.03900 46.43900
 1 7 20 19 49 8242.30000 5.12600000 206.47000 37.27000 15.03900 46.43900
 1 7 20 19 49 8241.90000 5.12600000 206.48000 37.27000 15.03900 46.43900
 1 7 20 19 50 8241.90000 5.12600000 206.44000 37.27000 15.03900 46.43900
 1 7 20 19 50 8239.10000 5.12600000 206.42000 37.27000 14.96800 46.43900
 1 7 20 19 51 8239.20000 5.12600000 206.40000 37.27000 14.96800 46.43900
 1 7 20 19 51 8239.10000 5.12600000 206.40000 37.27000 15.03900 46.43900
 1 7 20 19 52 8239.20000 5.12300000 206.33000 37.27000 15.03900 46.43900
 1 7 20 19 52 8239.20000 5.12300000 206.33000 37.27000 14.81200 46.43900
 1 7 20 19 52 8239.10000 5.12300000 206.33000 37.26000 14.81200 46.43900
 1 7 20 19 53 8239.20000 5.12300000 206.33000 37.26000 14.81200 46.43900
 1 7 20 19 53 8239.20000 5.12300000 206.37000 37.26000 14.81200 46.43900
 1 7 20 19 54 8239.10000 5.12300000 206.36000 37.26000 14.81200 46.43900
 1 7 20 19 54 8239.10000 5.12300000 206.28000 37.27000 14.83600 46.43900
 1 7 20 19 55 8239.10000 5.12300000 206.28000 37.26000 14.83700 46.43900
 1 7 20 19 55 8239.10000 5.12300000 206.28000 37.27000 14.83700 46.43900
 1 7 20 19 56 8239.10000 5.12300000 206.32000 37.27000 14.83700 46.43900
 1 7 20 19 56 8239.10000 5.12300000 206.31000 37.27000 14.83700 46.43900
 1 7 20 19 57 8239.00000 5.12300000 206.24000 37.27000 14.83700 46.43900
 1 7 20 19 57 8239.00000 5.12300000 206.24000 37.27000 14.83700 46.34700
 1 7 20 19 58 8239.00000 5.12300000 206.20000 37.27000 14.83700 46.39500
 1 7 20 19 59 8229.50000 5.12300000 205.75000 37.04000 14.83700 46.06000
 1 7 20 20 00 8228.60000 5.12300000 205.79000 37.05000 14.86000 46.06000
 1 7 20 20 00 8228.70000 5.12300000 205.93000 37.07000 14.83700 46.06000
 1 7 20 20 01 8228.70000 5.12300000 205.98000 37.07000 14.86000 46.06000
 1 7 20 20 01 8228.20000 5.12300000 205.95000 37.04000 14.86000 46.06000
 1 7 20 20 02 8228.40000 5.12300000 205.95000 37.07000 14.86000 46.06000
 1 7 20 20 02 8228.40000 5.12300000 205.95000 37.07000 14.86000 46.06000
 1 7 20 20 03 8228.40000 5.12300000 205.97000 37.07000 14.86000 46.06000
 1 7 20 20 03 8228.30000 5.12300000 206.00000 37.07000 14.86000 46.06000
 1 7 20 20 04 8228.40000 5.08700000 206.08000 37.13000 14.86000 46.06000
 1 7 20 20 04 8229.40000 5.08700000 206.07000 37.16000 14.86000 46.06000
 1 7 20 20 04 8229.30000 5.08700000 206.07000 37.16000 14.86000 46.06000
 1 7 20 20 05 8229.40000 5.09200000 206.15000 37.15000 14.86000 46.13900
 1 7 20 20 05 8229.40000 5.09200000 206.15000 37.15000 14.86000 46.13900
 1 7 20 20 06 8229.40000 5.09200000 206.15000 37.15000 14.86000 46.06000
 1 7 20 20 06 8235.40000 5.09200000 206.15000 37.15000 14.86000 46.13900
 1 7 20 20 07 8234.40000 5.09200000 206.17000 37.15000 14.86000 46.13900
 1 7 20 20 07 8232.80000 5.09200000 206.17000 37.15000 14.86000 46.13000
 1 7 20 20 08 8231.50000 5.08700000 206.17000 37.15000 14.86000 46.13000
 1 7 20 20 08 8232.50000 5.09200000 206.07000 37.15000 14.86000 46.13000
 1 7 20 20 09 8232.70000 5.09200000 206.19000 37.15000 14.86000 46.13000
 1 7 20 20 09 8232.70000 5.09200000 206.19000 37.15000 14.87300 46.13000
 1 7 20 20 10 8232.70000 5.09200000 206.19000 37.16000 14.87300 46.13000
 1 7 20 20 10 8230.20000 5.09200000 206.25000 37.16000 14.87300 46.00100
 1 7 20 20 11 8230.20000 5.09200000 206.15000 37.16000 14.87300 46.00100
 1 7 20 20 11 8232.20000 5.09200000 206.15000 37.16000 14.87300 46.13000
 1 7 20 20 12 8232.20000 5.09200000 206.14000 37.16000 14.87300 46.13000
 1 7 20 20 12 8231.90000 5.09200000 206.20000 37.16000 14.87300 46.04400
 1 7 20 20 12 8231.20000 5.09200000 206.20000 37.16000 14.87300 46.04400
 1 7 20 20 13 8231.10000 5.08700000 206.20000 37.16000 14.87300 46.04400
