M=[
 2 11 20 12 20 11521.20000 4.35000000 329.97000 46.51000 12.72000 48.13200
 2 11 20 12 20 11513.70000 4.35000000 329.93000 46.51000 12.72000 48.13200
 2 11 20 12 21 11508.90000 4.35000000 329.71000 46.48000 12.72000 48.13200
 2 11 20 12 21 11509.40000 4.35000000 329.61000 46.48000 12.72000 48.13200
 2 11 20 12 22 11518.20000 4.35000000 329.91000 46.48000 12.72000 48.13200
 2 11 20 12 22 11520.50000 4.35000000 329.91000 46.56000 12.72000 48.13200
 2 11 20 12 23 11522.50000 4.35000000 329.88000 46.62000 12.72000 48.13200
 2 11 20 12 23 11536.10000 4.35000000 330.06000 46.62000 12.72000 48.13200
 2 11 20 12 23 11531.40000 4.35000000 330.06000 46.62000 12.72000 48.13200
 2 11 20 12 24 11514.00000 4.35000000 330.14000 46.60000 12.72000 48.13200
 2 11 20 12 24 11508.50000 4.35000000 330.00000 46.60000 12.72000 48.13200
 2 11 20 12 25 11512.30000 4.34500000 329.65000 46.60000 12.72000 48.13200
 2 11 20 12 25 11514.10000 4.34500000 329.79000 46.60000 12.72000 48.13200
 2 11 20 12 26 11526.80000 4.34500000 330.10000 46.60000 12.72000 48.13200
 2 11 20 12 26 11526.80000 4.34500000 330.10000 46.60000 12.72000 48.13200
 2 11 20 12 26 11522.10000 4.34500000 329.80000 46.60000 12.69900 48.13200
 2 11 20 12 27 11529.80000 4.34700000 330.00000 46.60000 12.69900 48.13200
 2 11 20 12 27 11532.90000 4.34700000 330.00000 46.60000 12.69900 48.13200
 2 11 20 12 28 11535.00000 4.34700000 329.99000 46.62000 12.69900 48.13200
 2 11 20 12 28 11543.10000 4.34700000 330.00000 46.62000 12.70000 48.13200
 2 11 20 12 29 11540.40000 4.34700000 330.00000 46.62000 12.70000 48.13200
 2 11 20 12 29 11537.50000 4.34700000 330.00000 46.62000 12.70000 48.13200
 2 11 20 12 29 11540.30000 4.34700000 330.31000 46.57000 12.70000 48.13200
 2 11 20 12 30 11538.40000 4.34700000 330.30000 46.56000 12.65100 48.13200
 2 11 20 12 30 11540.40000 4.34700000 330.30000 46.56000 12.65100 48.13200
 2 11 20 12 31 11539.70000 4.34700000 330.18000 46.56000 12.70000 48.13200
 2 11 20 12 31 11538.30000 4.34700000 330.28000 46.56000 12.70000 48.13200
 2 11 20 12 32 11534.10000 4.34700000 330.28000 46.56000 12.70000 48.05000
 2 11 20 12 32 11538.70000 4.34700000 330.28000 46.56000 12.70000 48.05000
 2 11 20 12 32 11535.90000 4.34700000 330.28000 46.56000 12.70000 48.00000
 2 11 20 12 33 11537.30000 4.34700000 330.17000 46.41000 12.70000 47.91700
 2 11 20 12 33 11535.50000 4.34700000 330.17000 46.41000 12.67800 47.91700
 2 11 20 12 34 11536.00000 4.34700000 330.17000 46.41000 12.67800 47.91700
 2 11 20 12 34 11524.50000 4.34700000 329.64000 46.41000 12.67800 47.91700
 2 11 20 12 35 11517.30000 4.34700000 329.19000 46.26000 12.67800 47.87800
 2 11 20 12 35 11506.90000 4.34700000 329.04000 46.26000 12.67800 47.87800
 2 11 20 12 35 11506.80000 4.34700000 329.27000 46.25000 12.67800 47.87800
 2 11 20 12 36 11502.30000 4.34700000 329.27000 46.25000 12.55800 47.83900
 2 11 20 12 36 11504.10000 4.34700000 329.27000 46.25000 12.55800 47.83900
 2 11 20 12 37 11508.70000 4.34700000 329.10000 46.19000 12.55800 47.83900
 2 11 20 12 37 11480.00000 4.34000000 328.39000 46.11000 12.55800 47.80000
 2 11 20 12 38 11475.10000 4.34000000 327.90000 46.02000 12.55800 47.80000
 2 11 20 12 38 11469.90000 4.34000000 327.90000 46.03000 12.55800 47.80000
 2 11 20 12 38 11460.10000 4.34000000 327.90000 45.88000 12.55800 47.60000
 2 11 20 12 39 11460.00000 4.34000000 327.75000 45.83000 12.55800 47.60000
 2 11 20 12 39 11460.00000 4.34000000 328.17000 45.78000 12.55800 47.60000
 2 11 20 12 40 11450.00000 4.34000000 327.99000 45.71000 12.55800 47.49100
 2 11 20 12 40 11450.00000 4.33300000 327.75000 45.71000 12.55800 47.51600
 2 11 20 12 41 11436.90000 4.33300000 327.65000 45.79000 12.55800 47.51600
 2 11 20 12 41 11430.60000 4.32400000 327.01000 45.84000 12.40000 47.41100
 2 11 20 12 41 11415.80000 4.32400000 327.14000 45.84000 12.40000 47.36800
 2 11 20 12 42 11411.00000 4.32400000 326.91000 45.90000 12.40000 47.36800
 2 11 20 12 42 11423.70000 4.32400000 327.55000 45.99000 12.40000 47.43400
 2 11 20 12 43 11426.90000 4.32400000 327.50000 46.02000 12.40000 47.43400
 2 11 20 12 43 11426.10000 4.32400000 327.50000 46.02000 12.40000 47.43400
 2 11 20 12 44 11429.90000 4.32400000 328.04000 46.08000 12.40000 47.43400
 2 11 20 12 44 11423.00000 4.32400000 328.02000 46.02000 12.40000 47.43400
 2 11 20 12 44 11412.00000 4.32400000 327.31000 46.02000 12.40000 47.33700
 2 11 20 12 45 11405.10000 4.32400000 326.90000 46.02000 12.40000 47.25900
 2 11 20 12 45 11400.00000 4.32400000 326.50000 45.81000 12.50800 47.13600
 2 11 20 12 46 11390.00000 4.32400000 326.04000 45.73000 12.50800 47.13600
 2 11 20 12 46 11364.50000 4.32400000 325.44000 45.64000 12.50800 47.08300
 2 11 20 12 47 11399.50000 4.32400000 326.38000 45.67000 12.50800 47.08300
 2 11 20 12 47 11400.70000 4.32400000 326.81000 45.67000 12.50800 47.08300
 2 11 20 12 47 11421.30000 4.32400000 327.49000 45.92000 12.50800 47.08300
 2 11 20 12 48 11411.90000 4.32400000 327.40000 45.80000 12.50800 47.08300
 2 11 20 12 48 11418.10000 4.32700000 327.02000 45.80000 12.50800 47.08300
 2 11 20 12 49 11416.20000 4.32700000 327.28000 45.94000 12.50800 47.08300
 2 11 20 12 49 11422.20000 4.32600000 327.49000 45.94000 12.50800 47.08300
 2 11 20 12 50 11438.60000 4.32600000 327.62000 45.99000 12.50800 47.08300
 2 11 20 12 50 11430.20000 4.32600000 327.59000 46.03000 12.50800 47.08300
 2 11 20 12 50 11419.70000 4.32600000 327.22000 46.03000 12.50800 47.08300
 2 11 20 12 51 11424.90000 4.32600000 327.54000 46.03000 12.50800 47.08300
 2 11 20 12 51 11432.40000 4.32600000 327.51000 46.03000 12.50800 47.08300
 2 11 20 12 52 11440.20000 4.32600000 327.65000 46.05000 12.50800 47.08300
 2 11 20 12 52 11441.30000 4.31900000 327.69000 46.11000 12.50800 47.08300
 2 11 20 12 53 11446.40000 4.31900000 327.80000 46.11000 12.44500 47.08300
 2 11 20 12 53 11447.00000 4.31900000 327.80000 46.11000 12.44500 47.08300
 2 11 20 12 53 11451.40000 4.31900000 328.08000 46.11000 12.44500 47.50300
 2 11 20 12 54 11457.20000 4.31900000 328.08000 46.11000 12.44500 47.50300
 2 11 20 12 54 11452.10000 4.31900000 327.98000 46.11000 12.44500 47.50300
 2 11 20 12 55 11451.10000 4.31900000 328.03000 46.11000 12.44500 47.50300
 2 11 20 12 55 11455.90000 4.31900000 328.14000 46.13000 12.44500 47.50300
 2 11 20 12 56 11452.10000 4.31900000 328.14000 46.14000 12.44500 47.50300
 2 11 20 12 56 11455.10000 4.31900000 328.39000 46.14000 12.44500 47.50300
 2 11 20 12 56 11455.10000 4.31900000 328.36000 46.14000 12.44500 47.50300
 2 11 20 12 57 11458.10000 4.31900000 328.40000 46.18000 12.44500 47.50300
 2 11 20 12 57 11465.40000 4.31900000 328.40000 46.21000 12.44500 47.54000
 2 11 20 12 58 11468.60000 4.31900000 328.45000 46.13000 12.44300 47.54000
 2 11 20 12 58 11455.00000 4.31900000 327.71000 46.13000 12.44300 47.54000
 2 11 20 12 59 11450.00000 4.31900000 327.56000 46.15000 12.44300 47.54000
 2 11 20 12 59 11450.00000 4.31900000 327.64000 46.15000 12.70100 47.54000
 2 11 20 13 00 11444.70000 4.31900000 327.75000 46.10000 12.70100 47.54000
 2 11 20 13 00 11445.30000 4.31900000 327.48000 46.10000 12.70100 47.54000
 2 11 20 13 00 11438.20000 4.31900000 327.33000 46.10000 12.70100 47.43900
 2 11 20 13 01 11436.20000 4.31900000 327.40000 46.04000 12.70100 47.43900
 2 11 20 13 01 11432.50000 4.31900000 327.07000 46.04000 12.76000 47.28100
 2 11 20 13 02 11430.10000 4.31100000 327.00000 45.96000 12.72000 47.28100
 2 11 20 13 02 11430.20000 4.31000000 327.18000 45.96000 12.61700 47.23500
 2 11 20 13 03 11436.50000 4.31000000 327.18000 45.96000 12.61700 47.36000
 2 11 20 13 03 11450.00000 4.31000000 327.76000 45.96000 12.61700 47.36000
 2 11 20 13 03 11450.00000 4.31000000 328.16000 45.96000 12.61700 47.36000
 2 11 20 13 04 11465.40000 4.31000000 328.16000 46.06000 12.61700 47.36000
 2 11 20 13 04 11466.30000 4.31000000 327.99000 46.06000 12.61700 47.36000
 2 11 20 13 05 11467.00000 4.31000000 328.26000 46.06000 12.61700 47.36000
 2 11 20 13 05 11470.20000 4.31000000 328.31000 46.06000 12.61700 47.36000
