M=[
21 1 21 18 04 26029.10000 6.08800000 974.77000 109.17000 18.44000 71.82200
21 1 21 18 04 26015.90000 6.08800000 974.55000 109.14000 18.44000 71.82200
21 1 21 18 05 26001.10000 6.08800000 974.03000 109.00000 18.44000 71.82200
21 1 21 18 05 26023.70000 6.06800000 974.95000 108.87000 18.44000 71.82200
21 1 21 18 06 26011.90000 6.06800000 974.35000 108.99000 18.44000 71.82200
21 1 21 18 06 26045.00000 6.06800000 976.71000 109.00000 18.44000 71.68900
21 1 21 18 06 26045.00000 6.06800000 975.97000 109.00000 18.44000 71.68900
21 1 21 18 07 26017.90000 6.06800000 975.30000 109.00000 18.44000 71.68900
21 1 21 18 07 26005.60000 6.06800000 975.99000 109.05000 18.44000 71.68900
21 1 21 18 08 25960.20000 6.06800000 976.00000 108.81000 18.44000 71.83200
21 1 21 18 08 25996.50000 6.07000000 975.94000 109.01000 18.44400 71.83200
21 1 21 18 09 25995.50000 6.07000000 976.37000 108.97000 18.44400 71.83200
21 1 21 18 09 25959.10000 6.07000000 975.87000 108.87000 18.44400 71.54100
21 1 21 18 09 25983.90000 6.07000000 975.01000 108.92000 18.44400 71.54100
21 1 21 18 10 25974.90000 6.07000000 975.38000 108.99000 18.44400 71.64000
21 1 21 18 10 25993.00000 6.07000000 975.55000 108.99000 18.44400 71.64000
21 1 21 18 11 26006.10000 6.07000000 976.10000 108.89000 18.44400 71.64000
21 1 21 18 11 26006.00000 6.07000000 976.83000 108.89000 18.44400 71.64000
21 1 21 18 12 26009.80000 6.07000000 978.05000 108.96000 18.30200 71.64000
21 1 21 18 12 26002.10000 6.04700000 976.75000 108.86000 18.30400 71.64300
21 1 21 18 12 26059.60000 6.04700000 980.59000 109.13000 18.30200 71.64300
21 1 21 18 13 26032.10000 6.04700000 980.98000 109.08000 18.30200 71.64300
21 1 21 18 13 26045.10000 6.05200000 980.75000 109.06000 18.29900 71.64300
21 1 21 18 14 26039.40000 6.05200000 982.10000 109.16000 18.29900 71.64300
21 1 21 18 14 26061.40000 6.05200000 983.69000 109.15000 18.29900 71.64300
21 1 21 18 15 26037.60000 6.05200000 983.16000 109.16000 18.28200 71.64300
21 1 21 18 15 26025.70000 6.05200000 983.24000 109.16000 18.28200 71.64300
21 1 21 18 15 25999.00000 6.05200000 982.84000 109.14000 18.28200 71.96200
21 1 21 18 16 25924.10000 6.05200000 978.30000 108.98000 18.10200 71.96200
21 1 21 18 16 25940.50000 6.05200000 977.60000 108.67000 18.24600 71.96200
21 1 21 18 17 25917.10000 6.05200000 977.00000 108.78000 18.24600 71.79600
21 1 21 18 17 25912.90000 6.05200000 976.71000 108.66000 18.24600 71.79600
21 1 21 18 18 25970.90000 6.05200000 978.27000 108.82000 18.24600 71.79600
21 1 21 18 18 25974.30000 6.05200000 978.27000 108.82000 18.10300 71.79600
21 1 21 18 18 25999.70000 6.05200000 981.29000 109.13000 18.10300 71.78100
21 1 21 18 19 25956.20000 6.05200000 978.31000 108.94000 18.10300 71.78100
21 1 21 18 19 25922.40000 6.05200000 978.56000 108.81000 18.21200 71.78100
21 1 21 18 20 25912.10000 6.05200000 976.58000 108.69000 18.46800 71.71900
21 1 21 18 20 25938.90000 6.05200000 978.52000 108.86000 18.46800 71.71900
21 1 21 18 21 25939.00000 6.07000000 978.26000 108.80000 18.46800 71.71900
21 1 21 18 21 25962.40000 6.07000000 978.72000 108.75000 18.46800 71.67300
21 1 21 18 21 25944.90000 6.07000000 977.75000 108.75000 18.46800 71.67300
21 1 21 18 22 25960.60000 6.07000000 979.12000 109.00000 18.21100 71.67300
21 1 21 18 22 25978.20000 6.07000000 978.70000 109.11000 18.21100 71.67300
21 1 21 18 23 25953.00000 6.07000000 977.19000 109.11000 18.21100 71.67300
21 1 21 18 23 25961.60000 6.07000000 978.55000 108.91000 18.21100 71.60500
21 1 21 18 24 25990.00000 6.07000000 979.32000 109.05000 18.21100 71.60500
21 1 21 18 24 26103.80000 6.07000000 982.55000 109.35000 18.21100 71.78000
21 1 21 18 25 26124.70000 6.07000000 983.59000 109.50000 18.21100 71.78000
21 1 21 18 25 26200.00000 6.09700000 986.70000 109.77000 18.21100 71.78000
21 1 21 18 25 26189.40000 6.09700000 986.00000 109.42000 18.21100 71.78000
21 1 21 18 26 26200.00000 6.09700000 986.94000 109.53000 18.22500 71.78000
21 1 21 18 26 26244.70000 6.10700000 987.53000 109.67000 18.19300 71.78000
21 1 21 18 27 26250.10000 6.10700000 987.83000 109.64000 18.19300 71.78000
21 1 21 18 27 26213.50000 6.10700000 986.27000 109.64000 18.17600 71.78000
21 1 21 18 28 26194.90000 6.10700000 986.79000 109.42000 18.20100 72.20000
21 1 21 18 28 26165.40000 6.10700000 986.20000 109.42000 18.20100 72.20000
21 1 21 18 28 26177.80000 6.10700000 985.85000 109.39000 18.20100 72.20000
21 1 21 18 29 26169.70000 6.10700000 985.29000 109.32000 18.20100 72.20000
21 1 21 18 29 26152.70000 6.10700000 985.59000 109.25000 18.20100 72.20000
21 1 21 18 30 26191.20000 6.10700000 986.00000 109.31000 18.20100 72.20000
21 1 21 18 30 26200.00000 6.10700000 986.37000 109.31000 18.20100 72.69800
21 1 21 18 31 26200.10000 6.09800000 985.19000 109.35000 18.20100 72.51100
21 1 21 18 31 26140.70000 6.09800000 982.54000 109.24000 18.20100 72.51100
21 1 21 18 31 26134.20000 6.09800000 981.80000 109.24000 18.20100 72.51100
21 1 21 18 32 26122.50000 6.12100000 982.17000 109.12000 18.20100 72.51100
21 1 21 18 32 26131.60000 6.12100000 983.13000 109.12000 18.20100 72.51100
21 1 21 18 33 26169.60000 6.12100000 983.63000 109.12000 18.20100 72.51100
21 1 21 18 33 26152.60000 6.12100000 983.63000 109.15000 18.20100 72.24700
21 1 21 18 34 26148.90000 6.12100000 983.94000 109.15000 18.20100 72.24700
21 1 21 18 34 26127.20000 6.12100000 982.01000 109.24000 18.20100 72.24700
21 1 21 18 34 26158.10000 6.12100000 983.68000 109.34000 18.20100 72.24700
21 1 21 18 35 26231.10000 6.12100000 984.67000 109.53000 18.20000 72.24700
21 1 21 18 35 26218.10000 6.12100000 984.56000 109.53000 18.20000 72.24700
21 1 21 18 36 26195.30000 6.12100000 983.37000 109.47000 18.20000 72.24700
21 1 21 18 36 26160.80000 6.12100000 981.89000 109.47000 18.20000 72.24700
21 1 21 18 37 26181.70000 6.12100000 982.93000 109.15000 18.20000 72.20400
21 1 21 18 37 26176.00000 6.12100000 981.29000 109.25000 18.20000 72.13700
21 1 21 18 37 26183.80000 6.12100000 982.86000 109.21000 18.18000 72.13700
21 1 21 18 38 26246.30000 6.12100000 984.67000 109.53000 18.18000 72.13700
21 1 21 18 38 26247.00000 6.12100000 986.17000 109.72000 18.18000 72.13700
21 1 21 18 39 26268.90000 6.12100000 986.45000 109.79000 18.18000 72.48200
21 1 21 18 39 26289.70000 6.09700000 986.87000 109.79000 18.18000 72.56500
21 1 21 18 40 26272.00000 6.09700000 986.12000 109.92000 18.18000 72.63000
21 1 21 18 40 26203.10000 6.09700000 982.92000 109.74000 18.18000 72.61800
21 1 21 18 40 26216.00000 6.09700000 983.26000 109.60000 18.18000 72.61800
21 1 21 18 41 26180.00000 6.09700000 981.91000 109.61000 18.18000 72.61800
21 1 21 18 41 26217.00000 6.09700000 982.75000 109.57000 18.18000 72.61800
21 1 21 18 42 26200.90000 6.09700000 982.94000 109.50000 18.23100 72.61800
21 1 21 18 42 26201.60000 6.09700000 981.45000 109.50000 18.23100 72.23900
21 1 21 18 43 26226.70000 6.09700000 982.43000 109.61000 18.23100 72.23900
21 1 21 18 43 26204.20000 6.09700000 981.21000 109.61000 18.18000 72.23900
21 1 21 18 43 26212.70000 6.09700000 981.61000 109.59000 18.18000 72.23900
21 1 21 18 44 26204.20000 6.08100000 981.01000 109.49000 18.18000 72.23900
21 1 21 18 44 26198.90000 6.08100000 980.51000 109.49000 18.18000 72.23900
21 1 21 18 45 26202.60000 6.08100000 980.49000 109.57000 18.18000 72.23900
21 1 21 18 45 26299.90000 6.08100000 984.17000 109.99000 18.18000 72.45900
21 1 21 18 46 26351.60000 6.14100000 988.28000 110.08000 18.18000 72.45900
21 1 21 18 46 26400.00000 6.14100000 988.28000 110.26000 18.18000 72.45900
21 1 21 18 46 26381.10000 6.14100000 987.28000 110.22000 18.18000 72.45900
21 1 21 18 47 26371.50000 6.14100000 986.04000 110.22000 18.18000 72.45900
21 1 21 18 47 26299.00000 6.14100000 984.98000 109.93000 18.18100 72.45900
21 1 21 18 48 26297.40000 6.14100000 985.00000 109.93000 18.18000 72.45900
21 1 21 18 48 26245.00000 6.14100000 983.35000 109.48000 18.18000 72.41900
21 1 21 18 49 26220.90000 6.14100000 981.63000 109.48000 18.18100 72.41900
21 1 21 18 49 26204.20000 6.14100000 981.36000 109.43000 18.18000 72.41900
