M=[
11 7 21 17 13 28626.10000 41.84900000 1806.74000 113.93000 17.06000 94.58100
11 7 21 17 14 28626.40000 41.84900000 1806.74000 113.93000 17.06000 94.58100
11 7 21 17 14 28622.70000 41.84900000 1806.74000 113.93000 17.06000 94.58100
11 7 21 17 15 28624.30000 41.84900000 1806.74000 113.93000 17.06000 94.58100
11 7 21 17 15 28622.70000 41.84900000 1806.74000 113.84000 17.06000 94.58100
11 7 21 17 16 28622.70000 41.84900000 1806.74000 113.84000 17.06000 94.58100
11 7 21 17 16 28622.70000 41.84900000 1806.12000 113.84000 17.06000 94.58100
11 7 21 17 16 28603.80000 41.84900000 1804.74000 113.84000 17.06000 94.58100
11 7 21 17 17 28594.00000 41.84900000 1804.74000 113.74000 17.06000 94.58100
11 7 21 17 17 28598.00000 41.84900000 1805.51000 113.74000 17.06000 94.58100
11 7 21 17 18 28594.00000 41.84900000 1805.12000 113.74000 17.06000 94.58100
11 7 21 17 18 28592.60000 41.84900000 1805.12000 113.87000 17.06000 94.58100
11 7 21 17 19 28590.30000 41.84900000 1805.12000 113.85000 17.06000 94.58100
11 7 21 17 19 28582.30000 41.66000000 1805.12000 113.85000 17.06000 94.58100
11 7 21 17 19 28574.20000 41.66000000 1805.12000 113.85000 17.06000 94.58100
11 7 21 17 20 28582.10000 41.66000000 1805.12000 113.82000 17.06000 94.58100
11 7 21 17 20 28582.10000 41.66000000 1805.13000 113.82000 17.06000 94.58100
11 7 21 17 21 28582.10000 41.66000000 1805.13000 113.82000 17.19200 94.58100
11 7 21 17 21 28582.10000 41.66000000 1805.27000 113.82000 17.19200 94.58100
11 7 21 17 22 28591.10000 41.66000000 1805.17000 113.82000 17.19200 94.58100
11 7 21 17 22 28622.70000 41.66000000 1805.75000 113.82000 17.16800 94.58100
11 7 21 17 22 28622.40000 41.66000000 1805.33000 113.81000 17.16800 94.58100
11 7 21 17 23 28619.70000 41.66000000 1805.33000 113.81000 17.16800 94.58100
11 7 21 17 23 28606.10000 41.66000000 1805.03000 113.81000 17.16800 94.58100
11 7 21 17 24 28608.30000 41.66000000 1805.03000 113.81000 17.16800 94.58100
11 7 21 17 24 28608.40000 41.66000000 1805.03000 113.77000 17.16800 94.58100
11 7 21 17 25 28608.30000 41.66000000 1805.03000 113.77000 17.16800 94.58100
11 7 21 17 25 28608.40000 41.66000000 1805.03000 113.77000 17.16800 94.58100
11 7 21 17 25 28611.50000 41.66000000 1805.02000 113.77000 17.16800 94.58100
11 7 21 17 26 28608.90000 41.66000000 1805.03000 113.77000 17.16800 94.58100
11 7 21 17 26 28608.90000 41.66000000 1804.48000 113.77000 17.16800 94.58100
11 7 21 17 27 28608.90000 41.66000000 1804.93000 113.71000 17.16800 94.58100
11 7 21 17 27 28608.80000 41.66000000 1805.00000 113.81000 17.16800 94.58100
11 7 21 17 28 28608.80000 41.66000000 1805.00000 113.81000 17.16800 94.58100
11 7 21 17 28 28608.90000 41.66000000 1805.00000 113.81000 17.16800 94.58100
11 7 21 17 29 28613.30000 41.66000000 1805.00000 113.82000 17.16800 94.58100
11 7 21 17 29 28620.00000 41.66000000 1805.00000 113.82000 17.16800 94.58100
11 7 21 17 29 28620.00000 41.66000000 1807.86000 113.82000 17.16800 94.58100
11 7 21 17 30 28620.00000 41.66000000 1809.24000 113.95000 17.16800 94.58100
11 7 21 17 30 28620.00000 41.66000000 1810.00000 113.95000 17.16800 94.58100
11 7 21 17 31 28609.00000 41.66000000 1807.83000 113.81000 17.16800 94.58100
11 7 21 17 31 28609.10000 41.66000000 1807.45000 113.81000 17.16800 94.58100
11 7 21 17 32 28606.90000 41.66000000 1806.43000 113.81000 17.16800 94.58100
11 7 21 17 32 28612.70000 41.66000000 1806.43000 113.81000 17.16800 94.58100
11 7 21 17 32 28612.60000 41.66000000 1806.98000 113.81000 17.16800 94.58100
11 7 21 17 33 28607.00000 41.66000000 1806.62000 113.81000 17.16800 94.58100
11 7 21 17 33 28607.00000 41.66000000 1806.05000 113.78000 17.16800 94.58100
11 7 21 17 34 28603.40000 41.66000000 1805.25000 113.78000 17.16800 94.58100
11 7 21 17 34 28603.50000 41.66000000 1805.25000 113.78000 17.16800 94.58100
11 7 21 17 35 28603.50000 41.66000000 1805.25000 113.78000 17.16800 94.58100
11 7 21 17 35 28582.10000 41.66000000 1805.25000 113.76000 17.16800 94.58100
11 7 21 17 35 28582.10000 41.66000000 1805.25000 113.76000 17.16800 94.58100
11 7 21 17 36 28575.30000 41.66000000 1805.25000 113.76000 17.16800 94.58100
11 7 21 17 36 28572.20000 41.66000000 1804.45000 113.76000 17.16800 94.58100
11 7 21 17 37 28572.20000 41.66000000 1804.00000 113.76000 17.16800 94.58100
11 7 21 17 37 28572.20000 41.66000000 1804.84000 113.62000 17.16800 94.58100
11 7 21 17 38 28572.20000 41.66000000 1804.10000 113.62000 17.16800 94.58100
11 7 21 17 38 28572.20000 41.66000000 1804.10000 113.62000 17.16800 94.58100
11 7 21 17 38 28572.20000 41.66000000 1804.10000 113.62000 17.16800 94.58100
11 7 21 17 39 28572.20000 41.66000000 1804.10000 113.62000 17.16800 94.58100
11 7 21 17 39 28572.10000 41.66000000 1804.05000 113.62000 17.16800 94.58100
11 7 21 17 40 28572.10000 41.66000000 1804.06000 113.63000 17.16800 94.58100
11 7 21 17 40 28572.10000 41.66000000 1804.06000 113.63000 17.16800 94.58100
11 7 21 17 41 28572.10000 41.66000000 1804.82000 113.63000 17.16800 94.58100
11 7 21 17 41 28572.20000 41.66000000 1804.79000 113.63000 17.16800 94.58100
11 7 21 17 41 28572.30000 41.66000000 1804.55000 113.63000 17.16800 94.58100
11 7 21 17 42 28572.20000 41.59000000 1804.15000 113.63000 17.16800 94.58100
11 7 21 17 42 28572.20000 41.59000000 1804.05000 113.63000 17.16800 94.58100
11 7 21 17 43 28572.20000 41.59000000 1804.05000 113.63000 17.16800 94.58100
11 7 21 17 43 28572.20000 41.59000000 1804.06000 113.63000 17.16800 94.58100
11 7 21 17 44 28572.30000 41.59000000 1804.56000 113.63000 17.16800 94.58100
11 7 21 17 44 28572.30000 41.59000000 1804.57000 113.68000 17.16800 94.58100
11 7 21 17 45 28572.20000 41.59800000 1804.52000 113.68000 17.16800 94.58100
11 7 21 17 45 28572.30000 41.59800000 1804.52000 113.68000 17.16800 94.58100
11 7 21 17 45 28572.20000 41.59800000 1804.02000 113.68000 17.16800 94.58100
11 7 21 17 46 28572.20000 41.59800000 1804.25000 113.68000 17.16800 94.58100
11 7 21 17 46 28572.30000 41.59800000 1804.03000 113.68000 17.16800 94.58100
11 7 21 17 47 28572.40000 41.59800000 1804.03000 113.68000 17.16800 94.58100
11 7 21 17 47 28572.30000 41.59800000 1804.03000 113.68000 17.16800 94.58100
11 7 21 17 48 28572.10000 41.59800000 1803.55000 113.68000 17.16800 94.58100
11 7 21 17 48 28572.20000 41.59800000 1803.55000 113.68000 17.16800 94.58100
11 7 21 17 48 28572.10000 41.59800000 1804.37000 113.70000 17.16800 94.58100
11 7 21 17 49 28572.10000 41.59800000 1805.28000 113.73000 17.16800 94.58100
11 7 21 17 49 28572.70000 41.59800000 1805.28000 113.73000 17.16800 94.58100
11 7 21 17 50 28572.70000 41.59800000 1805.28000 113.73000 17.16800 94.58100
11 7 21 17 50 28572.60000 41.59800000 1804.59000 113.73000 17.16800 94.58100
11 7 21 17 51 28572.20000 41.59800000 1804.59000 113.69000 17.16800 94.58100
11 7 21 17 51 28572.70000 41.59800000 1804.59000 113.69000 17.16800 94.58100
11 7 21 17 51 28576.20000 41.59800000 1805.00000 113.69000 17.16800 94.58100
11 7 21 17 52 28576.20000 41.59800000 1805.00000 113.69000 17.16800 94.58100
11 7 21 17 52 28576.20000 41.59800000 1805.28000 113.69000 17.16800 94.58100
11 7 21 17 53 28577.00000 41.59800000 1805.28000 113.69000 17.16800 94.58100
11 7 21 17 53 28579.30000 41.67900000 1805.28000 113.75000 17.16800 94.58100
11 7 21 17 54 28613.90000 41.67700000 1807.49000 113.75000 17.16800 94.58100
11 7 21 17 54 28605.20000 41.65200000 1806.43000 113.75000 17.16800 94.06700
11 7 21 17 54 28605.20000 41.65200000 1806.43000 113.75000 17.16800 94.06700
11 7 21 17 55 28594.00000 41.65200000 1806.01000 113.75000 17.16800 94.06700
11 7 21 17 55 28600.20000 41.65200000 1806.01000 113.67000 17.16800 94.06700
11 7 21 17 56 28598.70000 41.65200000 1806.81000 113.66000 17.16800 94.06700
11 7 21 17 56 28593.90000 41.65200000 1805.84000 113.51000 17.16800 94.06700
11 7 21 17 57 28578.70000 41.65200000 1805.84000 113.51000 17.16800 94.06700
11 7 21 17 57 28584.00000 41.65200000 1805.84000 113.56000 17.16800 94.06700
11 7 21 17 57 28583.90000 41.65200000 1806.53000 113.55000 17.16800 94.06700
