M=[
 2 7 20 03 22 8227.30000 5.11000000 205.85000 37.09000 15.11900 46.21600
 2 7 20 03 22 8228.70000 5.11000000 205.86000 37.09000 15.11900 46.21600
 2 7 20 03 23 8228.10000 5.11000000 205.86000 37.09000 15.11900 46.21600
 2 7 20 03 23 8227.40000 5.11000000 205.86000 37.09000 15.13200 46.21600
 2 7 20 03 24 8227.40000 5.11000000 205.73000 37.09000 15.13200 46.21600
 2 7 20 03 24 8227.40000 5.11000000 205.73000 37.09000 15.13200 46.21600
 2 7 20 03 25 8227.40000 5.11300000 205.73000 37.09000 15.13200 46.21600
 2 7 20 03 25 8227.40000 5.11000000 205.73000 37.09000 15.13200 46.21600
 2 7 20 03 26 8228.70000 5.11000000 205.73000 37.09000 15.13200 46.21600
 2 7 20 03 26 8228.70000 5.11000000 205.75000 37.09000 15.13200 46.21600
 2 7 20 03 27 8227.30000 5.11000000 205.73000 37.09000 15.13200 46.21600
 2 7 20 03 27 8228.70000 5.11000000 205.73000 37.11000 15.13200 46.21600
 2 7 20 03 28 8226.20000 5.11000000 205.73000 37.09000 15.19900 46.21600
 2 7 20 03 28 8221.50000 5.11300000 205.73000 37.09000 15.19900 46.21600
 2 7 20 03 29 8220.90000 5.11300000 205.73000 37.09000 15.19900 46.21600
 2 7 20 03 29 8221.00000 5.11000000 205.70000 37.11000 15.19900 46.21600
 2 7 20 03 30 8221.50000 5.11000000 205.70000 37.09000 15.19900 46.21600
 2 7 20 03 30 8221.00000 5.11000000 205.55000 37.09000 15.19900 46.21600
 2 7 20 03 31 8220.50000 5.11300000 205.55000 37.09000 15.19900 46.21600
 2 7 20 03 31 8221.00000 5.11000000 205.55000 37.09000 15.19900 46.21600
 2 7 20 03 32 8220.60000 5.11200000 205.55000 37.09000 15.19900 46.21600
 2 7 20 03 32 8220.60000 5.11200000 205.55000 37.11000 15.19900 46.21600
 2 7 20 03 32 8220.50000 5.11200000 205.55000 37.09000 15.19900 46.21600
 2 7 20 03 33 8220.60000 5.11200000 205.55000 37.09000 15.19900 46.21600
 2 7 20 03 33 8220.60000 5.11200000 205.55000 37.09000 15.19900 46.21600
 2 7 20 03 34 8220.50000 5.11200000 205.55000 37.09000 15.19900 46.21600
 2 7 20 03 34 8220.60000 5.11200000 205.55000 37.09000 15.19900 46.21600
 2 7 20 03 35 8220.60000 5.11300000 205.55000 37.09000 15.19900 46.21600
 2 7 20 03 35 8220.60000 5.11200000 205.54000 37.09000 15.19900 46.21600
 2 7 20 03 36 8220.50000 5.11200000 205.55000 37.09000 15.19900 46.21600
 2 7 20 03 36 8220.50000 5.11200000 205.55000 37.09000 15.19900 46.21600
 2 7 20 03 37 8220.50000 5.11200000 205.55000 37.09000 15.19900 46.21600
 2 7 20 03 37 8220.50000 5.11200000 205.55000 37.09000 15.19900 46.21600
 2 7 20 03 38 8220.60000 5.11200000 205.55000 37.09000 15.19900 46.21600
 2 7 20 03 38 8220.60000 5.11200000 205.55000 37.09000 15.19900 46.21600
 2 7 20 03 38 8220.60000 5.11200000 205.55000 37.09000 15.19900 46.21600
 2 7 20 03 39 8220.60000 5.11200000 205.55000 37.09000 15.19900 46.21600
 2 7 20 03 39 8220.60000 5.11200000 205.55000 37.09000 15.19900 46.21600
 2 7 20 03 40 8220.60000 5.11200000 205.55000 37.09000 15.19900 46.21600
 2 7 20 03 40 8220.50000 5.11200000 205.55000 37.09000 15.19900 46.21600
 2 7 20 03 41 8220.60000 5.11200000 205.55000 37.09000 15.19900 46.27200
 2 7 20 03 41 8220.60000 5.11200000 205.55000 37.11000 15.19900 46.27200
 2 7 20 03 42 8220.60000 5.11200000 205.58000 37.09000 15.19900 46.27200
 2 7 20 03 42 8220.60000 5.11200000 205.58000 37.09000 15.19900 46.27200
 2 7 20 03 43 8220.60000 5.11200000 205.58000 37.09000 15.19900 46.27200
 2 7 20 03 43 8220.60000 5.11200000 205.58000 37.09000 15.19900 46.27200
 2 7 20 03 44 8220.60000 5.11200000 205.58000 37.09000 15.19900 46.27200
 2 7 20 03 44 8220.50000 5.11200000 205.63000 37.09000 15.19900 46.27200
 2 7 20 03 44 8220.60000 5.11200000 205.63000 37.09000 15.19900 46.27200
 2 7 20 03 45 8220.60000 5.11200000 205.63000 37.09000 15.19900 46.27200
 2 7 20 03 45 8220.60000 5.11200000 205.63000 37.09000 15.19900 46.27200
 2 7 20 03 46 8220.60000 5.11200000 205.63000 37.09000 15.19900 46.21600
 2 7 20 03 46 8220.60000 5.11200000 205.58000 37.09000 15.19900 46.27200
 2 7 20 03 47 8220.50000 5.11200000 205.58000 37.09000 15.19900 46.27200
 2 7 20 03 47 8220.60000 5.11200000 205.58000 37.09000 15.19900 46.27200
 2 7 20 03 48 8220.60000 5.11200000 205.58000 37.09000 15.19900 46.27200
 2 7 20 03 48 8220.60000 5.11200000 205.58000 37.09000 15.19900 46.27200
 2 7 20 03 49 8220.60000 5.11200000 205.58000 37.09000 15.19900 46.27200
 2 7 20 03 49 8220.50000 5.11200000 205.58000 37.09000 15.19900 46.27200
 2 7 20 03 49 8220.60000 5.11200000 205.58000 37.09000 15.19900 46.27200
 2 7 20 03 50 8220.60000 5.11200000 205.58000 37.11000 15.19900 46.27200
 2 7 20 03 50 8220.60000 5.11200000 205.55000 37.09000 15.19900 46.27200
 2 7 20 03 51 8220.60000 5.11200000 205.55000 37.09000 15.19900 46.27200
 2 7 20 03 51 8220.60000 5.11200000 205.55000 37.09000 15.19900 46.27200
 2 7 20 03 52 8220.50000 5.11200000 205.55000 37.11000 15.19900 46.27200
 2 7 20 03 52 8220.50000 5.11200000 205.54000 37.09000 15.19900 46.27200
 2 7 20 03 53 8220.60000 5.11200000 205.46000 37.09000 15.19900 46.21600
 2 7 20 03 53 8220.60000 5.11200000 205.46000 37.09000 15.19900 46.27200
 2 7 20 03 54 8220.60000 5.11000000 205.49000 37.09000 15.19900 46.27200
 2 7 20 03 54 8220.60000 5.11200000 205.49000 37.09000 15.19900 46.27200
 2 7 20 03 55 8220.60000 5.11200000 205.49000 37.09000 15.19900 46.27200
 2 7 20 03 55 8220.60000 5.11200000 205.49000 37.09000 15.19900 46.27200
 2 7 20 03 55 8220.50000 5.11200000 205.49000 37.09000 15.19900 46.27200
 2 7 20 03 56 8220.50000 5.11200000 205.49000 37.09000 15.19900 46.27200
 2 7 20 03 56 8220.60000 5.11200000 205.49000 37.09000 15.19900 46.27200
 2 7 20 03 57 8220.60000 5.11200000 205.49000 37.11000 15.19900 46.27200
 2 7 20 03 57 8220.60000 5.11200000 205.49000 37.09000 15.19900 46.27200
 2 7 20 03 58 8220.60000 5.11200000 205.49000 37.09000 15.19900 46.27200
 2 7 20 03 58 8220.60000 5.11200000 205.49000 37.09000 15.19900 46.27200
 2 7 20 03 59 8220.60000 5.11200000 205.45000 37.09000 15.19900 46.27200
 2 7 20 03 59 8220.60000 5.11200000 205.45000 37.11000 15.19900 46.27200
 2 7 20 04 00 8220.60000 5.11200000 205.45000 37.09000 15.19900 46.27200
 2 7 20 04 00 8220.60000 5.11200000 205.48000 37.09000 15.19900 46.20000
 2 7 20 04 01 8220.60000 5.11200000 205.42000 37.09000 15.19900 46.20000
 2 7 20 04 01 8220.60000 5.11200000 205.52000 37.09000 15.19900 46.20000
 2 7 20 04 01 8220.60000 5.11200000 205.52000 37.09000 15.19900 46.20000
 2 7 20 04 02 8220.60000 5.11200000 205.52000 37.09000 15.19900 46.20000
 2 7 20 04 02 8220.50000 5.11000000 205.52000 37.09000 15.19900 46.20000
 2 7 20 04 03 8220.00000 5.11200000 205.52000 37.09000 15.11400 46.20000
 2 7 20 04 03 8217.10000 5.11200000 205.52000 37.09000 15.11400 46.20000
 2 7 20 04 04 8217.10000 5.11200000 205.52000 37.09000 15.19900 46.20000
 2 7 20 04 04 8217.10000 5.11200000 205.52000 37.09000 15.11400 46.20000
 2 7 20 04 05 8217.10000 5.11200000 205.52000 37.09000 15.11400 46.20000
 2 7 20 04 05 8217.00000 5.11300000 205.54000 37.09000 15.11400 46.20000
 2 7 20 04 06 8217.00000 5.11200000 205.54000 37.09000 15.11400 46.20000
 2 7 20 04 06 8217.00000 5.11200000 205.54000 37.09000 15.11400 46.20000
 2 7 20 04 07 8217.10000 5.11300000 205.54000 37.09000 15.11400 46.20000
 2 7 20 04 07 8217.00000 5.11200000 205.54000 37.09000 15.11400 46.20000
 2 7 20 04 08 8217.10000 5.11200000 205.54000 37.11000 15.11400 46.20000
 2 7 20 04 08 8217.10000 5.11300000 205.54000 37.09000 15.11400 46.20000
 2 7 20 04 08 8217.10000 5.11300000 205.54000 37.09000 15.11400 46.20000
 2 7 20 04 09 8217.10000 5.11200000 205.54000 37.09000 15.11400 46.20000
 2 7 20 04 09 8217.00000 5.11200000 205.54000 37.09000 15.11400 46.20000
 2 7 20 04 10 8217.10000 5.11200000 205.54000 37.11000 15.11400 46.20000
 2 7 20 04 10 8217.10000 5.11200000 205.54000 37.09000 15.11400 46.20000
 2 7 20 04 11 8217.10000 5.11000000 205.54000 37.09000 15.11400 46.20000
 2 7 20 04 11 8217.10000 5.11200000 205.54000 37.09000 15.11400 46.20000
 2 7 20 04 12 8217.10000 5.11200000 205.64000 37.12000 15.11400 46.20000
 2 7 20 04 12 8217.10000 5.11200000 205.64000 37.12000 15.11400 46.20000
