M=[
22 12 20 23 00 19492.30000 4.97000000 517.00000 92.13000 14.72100 54.94800
22 12 20 23 01 19463.10000 4.97000000 516.68000 91.84000 14.72100 54.94800
22 12 20 23 01 19462.00000 4.97000000 516.44000 91.75000 14.72100 54.94800
22 12 20 23 01 19455.80000 4.97000000 516.44000 91.37000 14.72100 54.94800
22 12 20 23 02 19420.10000 4.97000000 515.57000 91.24000 14.55500 54.94800
22 12 20 23 02 19411.50000 4.97000000 514.64000 91.15000 14.55500 54.94800
22 12 20 23 03 19430.90000 4.97000000 515.19000 91.42000 14.55500 54.94800
22 12 20 23 03 19437.60000 4.97000000 515.20000 91.43000 14.55500 54.94800
22 12 20 23 04 19437.50000 4.97000000 515.06000 91.49000 14.55500 54.94800
22 12 20 23 04 19430.50000 4.97000000 515.01000 91.49000 14.55500 54.94800
22 12 20 23 04 19430.70000 4.97000000 515.14000 91.49000 14.55500 54.94800
22 12 20 23 05 19430.70000 4.97000000 515.20000 91.84000 14.55500 54.94800
22 12 20 23 05 19437.30000 4.97000000 515.20000 91.80000 14.55500 54.94800
22 12 20 23 06 19448.80000 4.97000000 515.59000 92.00000 14.55500 54.94800
22 12 20 23 06 19438.60000 4.97000000 515.58000 91.71000 14.55500 54.94800
22 12 20 23 07 19418.10000 4.97000000 515.58000 91.79000 14.55100 54.94800
22 12 20 23 07 19406.80000 4.97000000 515.59000 91.69000 14.55100 54.94800
22 12 20 23 07 19418.60000 4.97000000 515.59000 91.69000 14.55100 54.94800
22 12 20 23 08 19415.20000 4.97000000 515.59000 91.78000 14.55100 54.94800
22 12 20 23 08 19414.90000 4.97000000 515.59000 91.75000 14.55100 54.94800
22 12 20 23 09 19414.90000 4.97000000 515.83000 91.75000 14.55100 54.94800
22 12 20 23 09 19424.90000 4.96900000 515.98000 91.79000 14.55100 54.94800
22 12 20 23 10 19440.00000 4.98000000 516.05000 91.82000 14.55100 54.94800
22 12 20 23 10 19451.00000 4.98000000 516.31000 91.82000 14.55100 54.94800
22 12 20 23 10 19444.40000 4.98100000 516.37000 91.92000 14.55100 54.94800
22 12 20 23 11 19455.60000 4.98900000 516.32000 91.69000 14.55100 54.94800
22 12 20 23 11 19477.70000 4.98900000 516.32000 91.92000 14.55100 54.94800
22 12 20 23 12 19479.90000 4.99500000 516.44000 91.99000 14.55100 54.94800
22 12 20 23 12 19479.00000 4.99500000 516.44000 91.99000 14.55100 54.94800
22 12 20 23 13 19479.20000 4.99700000 516.44000 92.00000 14.55100 54.94800
22 12 20 23 13 19471.90000 4.99700000 516.45000 92.00000 14.55100 54.94800
22 12 20 23 13 19480.00000 5.00000000 517.50000 92.27000 14.55100 54.94800
22 12 20 23 14 19489.90000 5.00000000 517.85000 92.35000 14.50000 54.94800
22 12 20 23 14 19497.50000 5.00800000 518.19000 92.47000 14.50000 54.94800
22 12 20 23 15 19497.50000 5.00800000 518.20000 92.47000 14.50000 54.94800
22 12 20 23 15 19486.20000 5.00800000 518.47000 92.39000 14.50000 54.94800
22 12 20 23 16 19470.30000 5.01200000 518.48000 92.46000 14.50000 54.94800
22 12 20 23 16 19482.90000 5.01200000 518.98000 92.67000 14.50000 54.94800
22 12 20 23 16 19475.60000 5.02000000 518.91000 92.64000 14.50000 54.94800
22 12 20 23 17 19473.30000 5.02000000 518.89000 92.64000 14.50000 54.94800
22 12 20 23 17 19470.00000 5.02200000 518.97000 92.81000 14.50000 54.94800
22 12 20 23 18 19470.10000 5.00600000 519.00000 92.78000 14.50000 54.94800
22 12 20 23 18 19460.10000 5.00600000 518.98000 92.85000 14.50000 54.94800
22 12 20 23 19 19450.10000 5.00600000 518.83000 92.75000 14.50000 54.94800
22 12 20 23 19 19437.90000 5.00600000 518.47000 92.75000 14.66100 54.94800
22 12 20 23 19 19453.20000 5.00600000 518.57000 92.75000 14.66100 54.94800
22 12 20 23 20 19441.70000 5.00600000 518.69000 92.74000 14.66100 54.94800
22 12 20 23 20 19435.80000 5.00600000 517.71000 92.21000 14.66100 54.94800
22 12 20 23 21 19435.00000 5.00600000 517.71000 92.05000 14.66100 54.94800
22 12 20 23 21 19429.80000 5.00600000 517.71000 92.03000 14.66100 54.94800
22 12 20 23 22 19420.10000 5.00600000 517.55000 92.02000 14.66100 54.94800
22 12 20 23 22 19406.80000 5.00600000 517.55000 92.10000 14.66100 54.94800
22 12 20 23 22 19410.40000 5.00600000 517.31000 92.11000 14.66100 54.94800
22 12 20 23 23 19410.30000 5.00600000 517.69000 92.12000 14.66100 54.94800
22 12 20 23 23 19423.30000 5.00600000 517.76000 92.15000 14.66100 54.94800
22 12 20 23 24 19419.40000 5.00600000 517.84000 92.32000 14.66100 54.94800
22 12 20 23 24 19433.70000 5.00600000 517.99000 92.36000 14.66100 54.94800
22 12 20 23 25 19450.00000 5.00600000 518.00000 92.36000 14.66100 54.94800
22 12 20 23 25 19455.50000 5.00600000 518.40000 92.36000 14.66100 54.94800
22 12 20 23 25 19435.90000 5.00600000 518.56000 92.36000 14.66100 54.94800
22 12 20 23 26 19440.90000 5.00600000 518.92000 92.57000 14.66100 54.94800
22 12 20 23 26 19442.00000 5.00600000 518.94000 92.57000 14.66100 54.94800
22 12 20 23 27 19440.70000 5.00600000 518.67000 92.57000 14.66100 54.94800
22 12 20 23 27 19440.20000 5.00300000 518.66000 92.59000 14.66100 54.94800
22 12 20 23 27 19438.70000 5.00300000 518.84000 92.55000 14.66100 54.94800
22 12 20 23 28 19434.10000 5.02500000 518.64000 92.42000 14.66100 54.94800
22 12 20 23 28 19425.60000 5.02500000 518.64000 92.42000 14.66100 54.94800
22 12 20 23 29 19412.30000 5.02500000 518.63000 92.38000 14.66100 54.94800
22 12 20 23 29 19417.80000 5.02500000 518.20000 92.38000 14.66100 54.94800
22 12 20 23 30 19414.20000 5.02500000 518.00000 92.21000 14.66100 54.94800
22 12 20 23 30 19406.80000 5.02500000 517.20000 92.08000 14.66100 54.94800
22 12 20 23 30 19401.10000 5.02500000 517.20000 92.09000 14.66100 54.94800
22 12 20 23 31 19401.30000 5.02500000 517.45000 92.09000 14.66100 54.94800
22 12 20 23 31 19421.80000 5.02500000 517.51000 92.09000 14.66100 54.94800
22 12 20 23 32 19440.10000 5.02500000 517.71000 92.28000 14.66100 55.35400
22 12 20 23 32 19428.90000 5.02500000 517.54000 92.23000 14.66100 55.35400
22 12 20 23 33 19438.50000 5.02500000 517.79000 92.23000 14.66100 55.35400
22 12 20 23 33 19438.50000 5.02500000 517.72000 92.47000 14.66100 55.35400
22 12 20 23 33 19435.80000 5.02500000 517.63000 92.47000 14.66100 55.35400
22 12 20 23 34 19440.10000 5.02500000 517.38000 92.47000 14.66100 55.35400
22 12 20 23 34 19440.10000 5.02500000 517.87000 92.56000 14.66100 55.35400
22 12 20 23 35 19440.20000 5.02500000 517.97000 92.68000 14.66100 55.35400
22 12 20 23 35 19469.90000 5.02500000 518.60000 93.00000 14.66100 55.35400
22 12 20 23 36 19468.20000 5.02500000 519.34000 93.19000 14.66100 55.35400
22 12 20 23 36 19468.00000 5.02500000 519.34000 93.17000 14.66100 55.35400
22 12 20 23 36 19465.80000 5.02500000 519.34000 93.15000 14.66100 55.35400
22 12 20 23 37 19480.40000 5.02500000 520.00000 93.40000 14.50000 55.35400
22 12 20 23 37 19499.90000 5.02500000 520.14000 93.52000 14.52200 55.35400
22 12 20 23 38 19500.00000 5.02500000 520.29000 93.58000 14.50200 55.35400
22 12 20 23 38 19494.40000 5.03300000 520.59000 93.47000 14.50200 55.47900
22 12 20 23 39 19478.50000 5.03300000 520.59000 93.21000 14.31400 55.47900
22 12 20 23 39 19449.30000 5.03300000 519.94000 93.04000 14.31400 55.47900
22 12 20 23 39 19449.20000 5.03300000 519.13000 93.03000 14.31400 55.24400
22 12 20 23 40 19445.80000 5.03300000 518.79000 93.02000 14.31400 55.24400
22 12 20 23 40 19461.80000 5.03300000 519.18000 93.00000 14.31400 55.24400
22 12 20 23 41 19462.20000 5.03300000 520.07000 93.45000 14.31400 55.24400
22 12 20 23 41 19488.80000 5.03300000 520.79000 93.58000 14.31400 55.24400
22 12 20 23 42 19480.20000 5.03300000 520.60000 93.40000 14.31400 55.24400
22 12 20 23 42 19470.80000 5.03300000 520.24000 93.25000 14.31400 55.24400
22 12 20 23 42 19460.00000 5.03300000 520.24000 93.13000 14.31400 55.24400
22 12 20 23 43 19470.00000 5.03300000 520.32000 93.29000 14.49300 55.24400
22 12 20 23 43 19488.10000 5.03300000 520.32000 93.30000 14.49300 55.24400
22 12 20 23 44 19479.30000 5.03300000 520.13000 93.30000 14.49300 55.24400
22 12 20 23 44 19458.10000 5.03300000 520.13000 93.19000 14.49300 55.24400
22 12 20 23 45 19458.00000 5.03300000 519.40000 92.95000 14.49300 55.24400
22 12 20 23 45 19457.90000 5.03300000 519.40000 93.00000 14.49300 55.24400
