M=[
20 7 20 09 54 8034.60000 5.40300000 209.14000 37.28000 16.95800 50.95900
20 7 20 09 54 8034.90000 5.40300000 209.15000 37.28000 16.95800 50.95900
20 7 20 09 55 8035.00000 5.40300000 209.15000 37.28000 16.95800 50.95900
20 7 20 09 55 8035.00000 5.40300000 209.15000 37.28000 16.95800 50.95900
20 7 20 09 56 8035.00000 5.40300000 209.15000 37.28000 16.95800 50.95900
20 7 20 09 56 8035.00000 5.40300000 209.13000 37.28000 16.95800 50.95900
20 7 20 09 57 8034.90000 5.40300000 209.07000 37.28000 16.95800 50.95900
20 7 20 09 57 8035.00000 5.40300000 209.10000 37.28000 16.95800 50.95900
20 7 20 09 58 8035.00000 5.40300000 209.09000 37.27000 16.97100 50.95900
20 7 20 09 58 8035.00000 5.40300000 209.06000 37.27000 16.97100 50.95900
20 7 20 09 59 8035.00000 5.40300000 209.07000 37.27000 16.97100 50.95900
20 7 20 09 59 8035.00000 5.40300000 209.06000 37.27000 16.97100 50.95900
20 7 20 09 59 8034.00000 5.40300000 209.07000 37.27000 16.97100 50.95900
20 7 20 10 00 8034.00000 5.40300000 209.07000 37.27000 16.97100 50.95900
20 7 20 10 00 8034.00000 5.40300000 209.06000 37.27000 16.97100 50.95900
20 7 20 10 01 8034.00000 5.40300000 209.04000 37.27000 16.97100 50.95900
20 7 20 10 01 8033.90000 5.40300000 209.01000 37.25000 16.98000 50.95900
20 7 20 10 02 8034.00000 5.40300000 208.91000 37.25000 16.98000 50.95900
20 7 20 10 02 8034.00000 5.40300000 208.91000 37.25000 16.98000 50.95900
20 7 20 10 03 8034.00000 5.40300000 208.91000 37.25000 16.98000 50.95900
20 7 20 10 03 8034.00000 5.40300000 208.91000 37.25000 16.98000 50.95900
20 7 20 10 04 8034.00000 5.40300000 208.91000 37.25000 16.98000 50.95900
20 7 20 10 04 8034.00000 5.40300000 208.91000 37.22000 16.98000 50.95900
20 7 20 10 04 8034.00000 5.40300000 208.91000 37.22000 16.98000 50.95900
20 7 20 10 05 8034.00000 5.40300000 208.91000 37.22000 16.98000 50.95900
20 7 20 10 05 8034.00000 5.40300000 208.91000 37.22000 16.98000 50.95900
20 7 20 10 06 8034.00000 5.40300000 208.90000 37.23000 16.98000 50.95900
20 7 20 10 06 8034.00000 5.40300000 208.91000 37.23000 16.98000 50.95900
20 7 20 10 07 8034.00000 5.40300000 208.95000 37.23000 16.98000 50.95900
20 7 20 10 07 8033.90000 5.40300000 208.95000 37.23000 16.98000 50.95900
20 7 20 10 08 8034.00000 5.40300000 208.92000 37.23000 16.98000 50.95900
20 7 20 10 08 8034.00000 5.40300000 208.95000 37.23000 16.98000 50.95900
20 7 20 10 08 8034.00000 5.40300000 208.96000 37.23000 16.98000 50.95900
20 7 20 10 09 8034.00000 5.40300000 208.96000 37.23000 16.98000 50.95900
20 7 20 10 09 8034.00000 5.40300000 208.96000 37.23000 16.98000 50.95900
20 7 20 10 10 8034.00000 5.40300000 208.96000 37.23000 16.98000 50.95900
20 7 20 10 10 8033.90000 5.39300000 208.95000 37.23000 16.98000 50.95900
20 7 20 10 11 8034.00000 5.39300000 208.95000 37.23000 16.98000 50.95900
20 7 20 10 11 8034.00000 5.39300000 208.95000 37.23000 16.98000 50.95900
20 7 20 10 11 8034.00000 5.39300000 208.95000 37.23000 16.98000 50.95900
20 7 20 10 12 8033.50000 5.39300000 208.94000 37.23000 16.98000 50.95900
20 7 20 10 12 8033.40000 5.39300000 208.95000 37.23000 16.98000 50.95900
20 7 20 10 13 8033.50000 5.39300000 208.91000 37.23000 16.98000 50.95900
20 7 20 10 13 8033.40000 5.39300000 208.56000 37.23000 16.98000 50.95900
20 7 20 10 14 8034.00000 5.39300000 208.66000 37.23000 16.98000 50.95900
20 7 20 10 14 8034.00000 5.39300000 208.71000 37.23000 16.98000 50.95900
20 7 20 10 15 8033.90000 5.39300000 208.75000 37.23000 16.98000 50.95900
20 7 20 10 15 8033.90000 5.39300000 208.75000 37.23000 16.98000 50.95900
20 7 20 10 16 8033.90000 5.38000000 208.75000 37.23000 16.98000 50.95900
20 7 20 10 16 8033.90000 5.38000000 208.80000 37.23000 16.98000 50.95900
20 7 20 10 16 8033.80000 5.38000000 208.80000 37.23000 16.98000 50.95900
20 7 20 10 17 8033.80000 5.38000000 208.78000 37.23000 16.98000 50.95900
20 7 20 10 17 8033.20000 5.38000000 208.78000 37.23000 16.98000 50.95900
20 7 20 10 18 8030.70000 5.38000000 208.54000 37.23000 16.98000 50.95200
20 7 20 10 18 8030.20000 5.38000000 208.70000 37.23000 16.98000 50.95200
20 7 20 10 19 8029.80000 5.38000000 208.73000 37.23000 16.98000 50.92700
20 7 20 10 19 8029.00000 5.38000000 208.71000 37.23000 16.98000 50.92700
20 7 20 10 20 8028.90000 5.38000000 208.74000 37.23000 16.98000 50.92700
20 7 20 10 20 8029.00000 5.38000000 208.74000 37.23000 16.98000 50.92700
20 7 20 10 20 8029.00000 5.38000000 208.71000 37.23000 16.98000 50.92700
20 7 20 10 21 8029.00000 5.38000000 208.72000 37.23000 16.98000 50.92700
20 7 20 10 21 8029.00000 5.38000000 208.72000 37.23000 16.98000 50.92700
20 7 20 10 22 8029.00000 5.38000000 208.63000 37.19000 16.98000 50.92700
20 7 20 10 22 8029.00000 5.38000000 208.63000 37.19000 16.98000 50.92700
20 7 20 10 23 8029.00000 5.38000000 208.64000 37.19000 16.98000 50.92700
20 7 20 10 23 8029.00000 5.38000000 208.65000 37.19000 16.98000 50.92700
20 7 20 10 24 8029.00000 5.38000000 208.65000 37.19000 16.98000 50.92700
20 7 20 10 24 8029.00000 5.38000000 208.61000 37.17000 16.98000 50.92700
20 7 20 10 24 8029.00000 5.38000000 208.63000 37.17000 16.98000 50.92700
20 7 20 10 25 8028.60000 5.38000000 208.61000 37.16000 16.98000 50.92700
20 7 20 10 25 8028.70000 5.38000000 208.61000 37.16000 16.98000 50.92700
20 7 20 10 26 8028.70000 5.38000000 208.62000 37.16000 16.98000 50.92700
20 7 20 10 26 8028.60000 5.38000000 208.64000 37.16000 16.98000 50.89200
20 7 20 10 27 8028.70000 5.38000000 208.60000 37.16000 16.98000 50.89200
20 7 20 10 27 8028.70000 5.38000000 208.60000 37.16000 16.98000 50.89200
20 7 20 10 28 8028.70000 5.38000000 208.65000 37.09000 16.92600 50.45800
20 7 20 10 28 8028.70000 5.38000000 208.51000 37.09000 16.92600 50.45800
20 7 20 10 29 8028.60000 5.38000000 208.50000 37.09000 16.92600 50.51100
20 7 20 10 29 8028.70000 5.38000000 208.50000 37.09000 16.92600 50.51100
20 7 20 10 30 8028.70000 5.38000000 208.54000 37.09000 16.92600 50.51100
20 7 20 10 30 8028.70000 5.38000000 208.48000 37.09000 16.92600 50.51100
20 7 20 10 30 8028.60000 5.38000000 208.50000 37.07000 16.92600 50.51100
20 7 20 10 31 8028.70000 5.38000000 208.50000 37.07000 16.92600 50.51100
20 7 20 10 31 8028.70000 5.38000000 208.59000 37.07000 16.92600 50.51100
20 7 20 10 32 8028.70000 5.38000000 208.60000 37.07000 16.92600 50.51100
20 7 20 10 32 8028.70000 5.38000000 208.56000 37.07000 16.92400 50.56700
20 7 20 10 33 8028.70000 5.38000000 208.46000 37.07000 16.92400 50.56700
20 7 20 10 33 8028.70000 5.38000000 208.50000 37.07000 16.92400 50.56700
20 7 20 10 34 8028.70000 5.38000000 208.54000 37.07000 16.92400 50.56700
20 7 20 10 34 8028.70000 5.38000000 208.51000 37.07000 16.92400 50.56700
20 7 20 10 34 8028.70000 5.38000000 208.51000 37.07000 16.92400 50.56700
20 7 20 10 35 8028.60000 5.38000000 208.54000 37.07000 16.92400 50.56700
20 7 20 10 35 8028.90000 5.38000000 208.54000 37.07000 16.92400 50.56700
20 7 20 10 36 8028.90000 5.38000000 208.50000 37.07000 16.92400 50.56700
20 7 20 10 36 8030.40000 5.38000000 208.55000 37.07000 16.92400 50.56700
20 7 20 10 37 8033.00000 5.38000000 208.55000 37.07000 16.92400 50.56700
20 7 20 10 37 8031.60000 5.38000000 208.60000 37.07000 16.92400 50.56700
20 7 20 10 38 8031.80000 5.38000000 208.60000 37.07000 16.92400 50.56700
20 7 20 10 38 8031.80000 5.38000000 208.60000 37.07000 16.92400 50.56700
20 7 20 10 39 8031.80000 5.38000000 208.63000 37.07000 16.92400 50.56700
20 7 20 10 39 8031.80000 5.38000000 208.58000 37.07000 16.92400 50.56700
20 7 20 10 40 8031.70000 5.38000000 208.55000 37.09000 16.92400 50.56700
20 7 20 10 40 8031.80000 5.38000000 208.56000 37.09000 16.97300 50.56700
20 7 20 10 40 8031.80000 5.38000000 208.61000 37.09000 16.97300 50.56700
20 7 20 10 41 8031.80000 5.38000000 208.59000 37.09000 16.97300 50.56700
20 7 20 10 41 8031.80000 5.38000000 208.62000 37.09000 16.97300 50.56700
20 7 20 10 42 8031.70000 5.38000000 208.62000 37.09000 16.97300 50.56700
20 7 20 10 42 8031.70000 5.38000000 208.60000 37.09000 16.97300 50.56700
20 7 20 10 43 8031.70000 5.38000000 208.60000 37.09000 16.97300 50.56700
