M=[
 9 9 20 19 10 8759.30000 4.37000000 303.11000 41.18000 14.62100 51.67400
 9 9 20 19 11 8757.90000 4.37000000 303.34000 41.18000 14.62100 51.67400
 9 9 20 19 11 8757.30000 4.37000000 303.45000 41.18000 14.62100 51.67400
 9 9 20 19 12 8754.60000 4.37000000 302.95000 41.18000 14.55700 51.67400
 9 9 20 19 12 8756.70000 4.37000000 303.26000 41.18000 14.55700 51.67400
 9 9 20 19 13 8755.10000 4.37000000 302.91000 41.18000 14.56000 51.67400
 9 9 20 19 13 8753.10000 4.37000000 302.90000 41.18000 14.56000 51.67400
 9 9 20 19 13 8753.00000 4.37000000 303.09000 41.18000 14.56000 51.67400
 9 9 20 19 14 8750.00000 4.37000000 302.91000 41.18000 14.56000 51.67400
 9 9 20 19 14 8749.30000 4.37000000 302.86000 41.18000 14.56000 51.67400
 9 9 20 19 15 8753.70000 4.37000000 302.91000 41.18000 14.56500 51.67400
 9 9 20 19 15 8755.90000 4.37000000 303.44000 41.18000 14.56500 51.67400
 9 9 20 19 16 8757.70000 4.37000000 303.18000 41.18000 14.56500 51.67400
 9 9 20 19 16 8757.80000 4.37000000 303.21000 41.18000 14.56500 51.67400
 9 9 20 19 16 8757.10000 4.37000000 302.91000 41.33000 14.56500 51.67400
 9 9 20 19 17 8758.00000 4.37000000 303.09000 41.33000 14.56500 51.67400
 9 9 20 19 17 8758.00000 4.37000000 303.09000 41.33000 14.56500 51.67400
 9 9 20 19 18 8758.10000 4.37000000 303.00000 41.33000 14.56500 51.67400
 9 9 20 19 18 8759.60000 4.37000000 302.97000 41.33000 14.56500 51.67400
 9 9 20 19 19 8761.10000 4.37000000 303.02000 41.33000 14.56500 51.67400
 9 9 20 19 19 8761.10000 4.37000000 302.98000 41.33000 14.64700 51.67400
 9 9 20 19 19 8761.10000 4.37000000 302.88000 41.33000 14.64700 51.67400
 9 9 20 19 20 8763.10000 4.37000000 303.03000 41.33000 14.64700 51.67400
 9 9 20 19 20 8764.80000 4.37000000 303.03000 41.35000 14.64700 51.67400
 9 9 20 19 21 8764.80000 4.37000000 303.17000 41.35000 14.64700 51.67400
 9 9 20 19 21 8761.20000 4.37000000 302.96000 41.35000 14.64700 51.66900
 9 9 20 19 22 8759.70000 4.37000000 302.95000 41.35000 14.64700 51.66900
 9 9 20 19 22 8758.20000 4.37000000 302.71000 41.35000 14.64700 51.66900
 9 9 20 19 22 8753.10000 4.37000000 302.47000 41.35000 14.64700 51.66900
 9 9 20 19 23 8748.10000 4.37000000 302.39000 41.35000 14.64700 51.66900
 9 9 20 19 23 8742.10000 4.37000000 302.20000 41.35000 14.56200 51.66900
 9 9 20 19 24 8742.90000 4.37000000 301.70000 41.35000 14.56300 51.58700
 9 9 20 19 24 8742.90000 4.37000000 301.72000 41.35000 14.56300 51.58700
 9 9 20 19 25 8739.80000 4.37000000 301.90000 41.35000 14.56300 51.58700
 9 9 20 19 25 8742.70000 4.37000000 301.88000 41.35000 14.56300 51.58700
 9 9 20 19 26 8750.40000 4.37000000 302.16000 41.35000 14.56300 51.58700
 9 9 20 19 26 8752.80000 4.37000000 302.87000 41.35000 14.78100 51.58700
 9 9 20 19 26 8749.40000 4.37000000 302.87000 41.25000 14.78100 51.58700
 9 9 20 19 27 8751.50000 4.37000000 302.90000 41.25000 14.78000 51.58700
 9 9 20 19 27 8750.50000 4.37000000 303.03000 41.25000 14.72100 51.58700
 9 9 20 19 28 8750.50000 4.37000000 303.13000 41.25000 14.67000 51.58700
 9 9 20 19 28 8750.50000 4.37000000 303.10000 41.25000 14.62900 51.58700
 9 9 20 19 29 8747.30000 4.37000000 303.11000 41.25000 14.64500 51.58700
 9 9 20 19 29 8747.90000 4.37000000 303.10000 41.25000 14.64500 51.58700
 9 9 20 19 29 8749.10000 4.37000000 303.10000 41.25000 14.83500 51.58700
 9 9 20 19 30 8748.90000 4.37000000 303.10000 41.25000 14.83500 51.58700
 9 9 20 19 30 8749.90000 4.37000000 303.13000 41.25000 14.74200 51.58700
 9 9 20 19 31 8750.00000 4.37000000 303.23000 41.26000 14.74200 51.57900
 9 9 20 19 31 8753.50000 4.37000000 303.40000 41.26000 14.73200 51.57900
 9 9 20 19 32 8753.50000 4.37000000 303.25000 41.26000 14.73200 51.57900
 9 9 20 19 32 8753.50000 4.37000000 303.21000 41.26000 14.73200 51.57900
 9 9 20 19 32 8754.30000 4.37000000 303.23000 41.26000 14.73200 51.57900
 9 9 20 19 33 8754.90000 4.37000000 303.40000 41.26000 14.73200 51.57900
 9 9 20 19 33 8758.10000 4.37100000 303.48000 41.26000 14.73200 51.57900
 9 9 20 19 34 8758.30000 4.37100000 303.62000 41.26000 14.65000 51.57900
 9 9 20 19 34 8758.80000 4.37100000 303.74000 41.26000 14.65000 51.57900
 9 9 20 19 35 8758.60000 4.37100000 303.92000 41.26000 14.65000 51.57900
 9 9 20 19 35 8759.10000 4.37100000 303.90000 41.22000 14.83400 51.57900
 9 9 20 19 35 8758.90000 4.37100000 303.92000 41.22000 14.83400 51.57900
 9 9 20 19 36 8760.60000 4.37100000 303.92000 41.22000 14.69800 51.76500
 9 9 20 19 36 8760.80000 4.37100000 303.94000 41.22000 14.69800 51.76500
 9 9 20 19 37 8759.00000 4.37100000 303.92000 41.22000 14.69800 51.76500
 9 9 20 19 37 8760.10000 4.37100000 303.92000 41.22000 14.69800 51.76500
 9 9 20 19 38 8760.90000 4.37100000 304.05000 41.24000 14.69800 51.78900
 9 9 20 19 38 8765.50000 4.37100000 304.12000 41.24000 14.60400 51.78900
 9 9 20 19 38 8765.40000 4.37100000 304.12000 41.27000 14.60400 51.78900
 9 9 20 19 39 8764.80000 4.37100000 303.97000 41.25000 14.70000 51.78900
 9 9 20 19 39 8764.70000 4.37100000 304.05000 41.25000 14.70300 51.78900
 9 9 20 19 40 8765.20000 4.37000000 304.13000 41.25000 14.70300 51.78900
 9 9 20 19 40 8764.10000 4.37000000 303.91000 41.25000 14.70300 51.78900
 9 9 20 19 41 8758.90000 4.37000000 303.75000 41.25000 14.70300 51.78900
 9 9 20 19 41 8758.00000 4.37000000 303.75000 41.25000 14.70400 51.78900
 9 9 20 19 42 8755.10000 4.37000000 303.75000 41.25000 14.70400 51.78900
 9 9 20 19 42 8754.40000 4.37000000 303.16000 41.25000 14.70400 51.78900
 9 9 20 19 42 8749.70000 4.37000000 303.11000 41.25000 14.70400 51.78900
 9 9 20 19 43 8748.40000 4.37000000 303.04000 41.25000 14.70400 51.78900
 9 9 20 19 43 8746.50000 4.37000000 303.05000 41.20000 14.70400 51.78900
 9 9 20 19 44 8748.00000 4.37000000 303.30000 41.20000 14.70400 51.78900
 9 9 20 19 44 8747.40000 4.37000000 303.11000 41.20000 14.74800 51.78900
 9 9 20 19 45 8741.90000 4.37000000 303.11000 41.17000 14.70900 51.78900
 9 9 20 19 45 8744.80000 4.37000000 303.10000 41.17000 14.70900 51.78900
 9 9 20 19 45 8744.80000 4.37000000 303.10000 41.17000 14.70900 51.69600
 9 9 20 19 46 8742.90000 4.37000000 303.10000 41.16000 14.78400 51.68000
 9 9 20 19 46 8744.80000 4.37000000 303.05000 41.16000 14.76200 51.68000
 9 9 20 19 47 8743.10000 4.37000000 303.08000 41.16000 14.76200 51.68000
 9 9 20 19 47 8744.10000 4.37000000 303.07000 41.16000 14.76200 51.68000
 9 9 20 19 48 8744.10000 4.37000000 302.89000 41.16000 14.76200 51.68000
 9 9 20 19 48 8744.00000 4.37000000 303.13000 41.16000 14.75900 51.68000
 9 9 20 19 48 8744.00000 4.37000000 303.13000 41.16000 14.75900 51.68000
 9 9 20 19 49 8740.00000 4.37000000 302.64000 41.18000 14.75900 51.68000
 9 9 20 19 49 8739.90000 4.37000000 302.51000 41.18000 14.75900 51.68000
 9 9 20 19 50 8737.90000 4.37000000 302.62000 41.18000 14.75900 51.63000
 9 9 20 19 50 8735.60000 4.37000000 302.46000 41.18000 14.75900 51.63000
 9 9 20 19 51 8734.30000 4.37000000 302.48000 41.18000 14.75000 51.63000
 9 9 20 19 51 8734.30000 4.37000000 302.36000 41.18000 14.75000 51.63000
 9 9 20 19 51 8732.90000 4.37000000 302.36000 41.18000 14.75000 51.63000
 9 9 20 19 52 8730.00000 4.37000000 302.44000 41.18000 14.75000 51.63000
 9 9 20 19 52 8730.00000 4.37000000 302.44000 41.18000 14.75000 51.63000
 9 9 20 19 53 8729.90000 4.37000000 302.70000 41.18000 14.75000 51.63000
 9 9 20 19 53 8729.30000 4.37000000 302.67000 41.13000 14.75000 51.63000
 9 9 20 19 54 8728.90000 4.37000000 302.36000 41.13000 14.75000 51.63000
 9 9 20 19 54 8729.00000 4.37000000 302.54000 41.13000 14.75000 51.63000
 9 9 20 19 54 8729.00000 4.37000000 302.55000 41.13000 14.75000 51.63000
 9 9 20 19 55 8729.00000 4.37000000 302.75000 41.13000 14.75000 51.63000
 9 9 20 19 55 8729.00000 4.37000000 302.77000 41.13000 14.75000 51.63000
 9 9 20 19 56 8728.00000 4.37000000 302.60000 41.13000 14.75000 51.63000
 9 9 20 19 56 8728.90000 4.37000000 302.37000 41.13000 14.75000 51.63000
 9 9 20 19 57 8728.40000 4.37000000 302.35000 41.13000 14.75000 51.63000
 9 9 20 19 57 8729.00000 4.37000000 302.40000 41.13000 14.75000 51.63000
