M=[
21 9 20 13 42 9009.70000 5.05700000 294.28000 37.70000 11.92100 46.24400
21 9 20 13 42 9006.90000 5.07200000 294.12000 37.70000 11.92100 46.24400
21 9 20 13 43 9009.50000 5.07200000 294.21000 37.70000 11.92100 46.24400
21 9 20 13 43 9008.30000 5.07200000 294.22000 37.73000 11.92100 46.24400
21 9 20 13 43 9010.00000 5.07200000 294.23000 37.73000 11.92100 46.24400
21 9 20 13 44 9010.90000 5.07200000 294.53000 37.78000 11.92100 46.24400
21 9 20 13 44 9017.90000 5.07200000 294.78000 37.78000 11.92100 46.24400
21 9 20 13 45 9014.70000 5.07200000 294.35000 37.78000 11.92100 46.24400
21 9 20 13 45 9014.70000 5.07200000 294.14000 37.78000 11.92100 46.24400
21 9 20 13 46 9027.70000 5.07300000 294.52000 37.78000 11.92100 46.16900
21 9 20 13 46 9027.70000 5.07300000 295.11000 37.80000 11.92100 46.16900
21 9 20 13 46 9027.70000 5.07300000 295.37000 37.82000 11.92100 46.16900
21 9 20 13 47 9033.50000 5.07300000 295.10000 37.82000 11.92100 46.16900
21 9 20 13 47 9031.90000 5.07300000 295.27000 37.83000 11.92100 46.16900
21 9 20 13 48 9037.50000 5.05100000 295.33000 37.83000 11.92100 46.16900
21 9 20 13 48 9037.40000 5.05100000 295.17000 37.83000 11.92100 46.16900
21 9 20 13 49 9034.40000 5.05100000 295.00000 37.82000 11.99800 46.16900
21 9 20 13 49 9037.10000 5.05100000 295.12000 37.84000 11.99400 46.16900
21 9 20 13 50 9037.80000 5.05100000 295.12000 37.84000 11.99400 46.16900
21 9 20 13 50 9037.90000 5.05100000 294.78000 37.84000 11.99400 46.16900
21 9 20 13 50 9038.10000 5.05100000 294.78000 37.84000 11.99400 46.16900
21 9 20 13 51 9038.20000 5.05100000 294.92000 37.84000 11.99400 46.16900
21 9 20 13 51 9037.60000 5.03700000 294.64000 37.79000 12.02900 46.16900
21 9 20 13 52 9039.60000 5.03700000 294.57000 37.79000 12.02900 46.16900
21 9 20 13 52 9041.60000 5.03700000 294.57000 37.79000 12.02900 46.16900
21 9 20 13 53 9043.80000 5.05300000 295.33000 37.79000 12.02900 46.16900
21 9 20 13 53 9041.10000 5.05300000 295.09000 37.79000 12.02900 46.16900
21 9 20 13 54 9037.60000 5.05300000 295.02000 37.79000 11.99500 46.16900
21 9 20 13 54 9037.70000 5.07700000 295.02000 37.79000 11.99500 46.16900
21 9 20 13 55 9037.70000 5.07700000 295.22000 37.79000 11.99500 46.16900
21 9 20 13 55 9031.10000 5.07700000 294.52000 37.79000 11.99500 46.16900
21 9 20 13 55 9030.10000 5.07700000 294.52000 37.79000 11.99500 46.16900
21 9 20 13 56 9030.10000 5.07700000 294.10000 37.79000 11.99500 46.16900
21 9 20 13 56 9030.10000 5.07700000 294.18000 37.74000 11.99500 46.16900
21 9 20 13 57 9034.20000 5.07700000 294.25000 37.74000 11.99500 46.16900
21 9 20 13 57 9033.70000 5.07700000 294.28000 37.74000 11.99500 46.16900
21 9 20 13 58 9035.50000 5.07700000 294.52000 37.74000 11.99500 46.16900
21 9 20 13 58 9035.20000 5.07700000 294.47000 37.74000 12.03100 46.16900
21 9 20 13 59 9042.00000 5.07700000 295.00000 37.74000 12.03100 46.16900
21 9 20 13 59 9036.60000 5.07700000 294.99000 37.74000 12.03100 46.16900
21 9 20 13 59 9036.40000 5.07700000 294.66000 37.74000 12.03100 46.16900
21 9 20 14 00 9034.20000 5.07700000 294.42000 37.76000 12.03100 46.16900
21 9 20 14 00 9038.00000 5.07700000 294.59000 37.76000 12.03100 46.13200
21 9 20 14 01 9040.60000 5.07700000 294.89000 37.78000 12.03100 46.13200
21 9 20 14 01 9042.90000 5.07700000 294.90000 37.77000 12.03100 46.13200
21 9 20 14 02 9041.20000 5.07700000 294.90000 37.77000 12.03100 46.13200
21 9 20 14 02 9033.80000 5.07700000 294.72000 37.77000 12.03100 46.16000
21 9 20 14 02 9022.00000 5.07700000 294.28000 37.77000 12.03100 46.16000
21 9 20 14 03 9032.80000 5.07700000 294.44000 37.77000 12.03100 46.16000
21 9 20 14 03 9032.70000 5.05800000 294.36000 37.70000 12.03100 46.16000
21 9 20 14 04 9025.30000 5.05800000 293.74000 37.70000 12.06000 46.16000
21 9 20 14 04 9026.20000 5.05800000 293.09000 37.63000 12.06000 46.10700
21 9 20 14 05 9024.50000 5.06000000 293.51000 37.64000 12.06000 46.10700
21 9 20 14 05 9019.70000 5.06000000 293.06000 37.60000 12.06000 46.10700
21 9 20 14 06 9019.80000 5.05400000 293.14000 37.60000 12.00000 46.03500
21 9 20 14 06 9016.90000 5.04700000 292.84000 37.60000 11.99900 45.94000
21 9 20 14 07 9021.40000 5.04700000 293.05000 37.60000 11.99900 45.94000
21 9 20 14 07 9022.00000 5.05500000 292.46000 37.60000 11.99400 45.94000
21 9 20 14 07 9027.40000 5.05500000 293.25000 37.65000 11.99400 45.94000
21 9 20 14 08 9026.70000 5.05400000 293.31000 37.65000 11.99400 45.94000
21 9 20 14 08 9026.30000 5.05400000 293.12000 37.59000 11.99400 45.94000
21 9 20 14 09 9026.20000 5.05400000 293.12000 37.63000 11.99400 45.94000
21 9 20 14 09 9026.30000 5.05400000 293.25000 37.64000 11.99400 45.94000
21 9 20 14 10 9026.30000 5.05300000 293.26000 37.64000 11.99400 46.05400
21 9 20 14 10 9026.30000 5.05300000 293.24000 37.64000 11.99000 46.05400
21 9 20 14 10 9028.00000 5.05300000 293.55000 37.64000 11.99000 46.05400
21 9 20 14 11 9028.00000 5.04900000 293.82000 37.64000 11.99000 46.05400
21 9 20 14 11 9030.00000 5.04900000 293.95000 37.64000 11.99900 46.05400
21 9 20 14 12 9032.00000 5.04500000 293.99000 37.64000 11.99900 46.05400
21 9 20 14 12 9032.00000 5.04500000 294.04000 37.71000 11.99900 46.05400
21 9 20 14 13 9031.10000 5.04500000 294.04000 37.71000 11.99900 46.05400
21 9 20 14 13 9031.10000 5.04500000 293.90000 37.71000 11.99900 46.05400
21 9 20 14 14 9031.10000 5.04500000 293.81000 37.70000 11.99900 46.05400
21 9 20 14 14 9027.40000 5.04500000 293.65000 37.70000 11.99900 46.05400
21 9 20 14 14 9027.40000 5.04500000 293.73000 37.70000 11.99900 46.05400
21 9 20 14 15 9019.30000 5.04500000 293.31000 37.70000 11.99900 46.05400
21 9 20 14 15 9011.10000 5.04500000 292.90000 37.70000 11.99900 46.05400
21 9 20 14 16 9017.80000 5.04500000 292.97000 37.64000 11.99900 46.05400
21 9 20 14 16 9013.80000 5.04500000 293.34000 37.64000 11.99900 46.05400
21 9 20 14 17 9005.10000 5.03600000 292.89000 37.64000 11.99900 46.05400
21 9 20 14 17 9007.20000 5.03600000 292.61000 37.64000 11.99600 46.05400
21 9 20 14 17 9003.20000 5.03700000 292.79000 37.64000 11.99600 46.05400
21 9 20 14 18 9002.10000 5.04300000 292.38000 37.58000 11.99600 46.05400
21 9 20 14 18 9001.00000 5.04300000 292.51000 37.58000 11.99600 46.05400
21 9 20 14 19 9000.90000 5.04300000 292.32000 37.58000 11.99600 46.05400
21 9 20 14 19 9001.00000 5.04300000 292.22000 37.58000 11.99600 46.05400
21 9 20 14 20 8989.90000 5.03800000 291.80000 37.58000 11.99600 45.94300
21 9 20 14 20 8994.90000 5.03800000 292.26000 37.57000 11.99600 45.94300
21 9 20 14 21 8990.00000 5.03800000 292.03000 37.53000 11.99600 45.94300
21 9 20 14 21 8985.00000 5.03800000 291.20000 37.51000 11.99600 45.94300
21 9 20 14 21 8989.20000 5.03800000 291.46000 37.51000 11.99600 45.94300
21 9 20 14 22 8984.10000 5.03800000 291.00000 37.49000 11.99600 45.94300
21 9 20 14 22 8983.40000 5.03800000 290.86000 37.43000 11.99600 45.94300
21 9 20 14 23 8984.00000 5.03800000 290.79000 37.43000 11.99600 45.94900
21 9 20 14 23 8983.40000 5.03700000 290.66000 37.44000 11.99600 45.94900
21 9 20 14 24 8983.30000 5.03800000 290.50000 37.44000 11.99600 45.82000
21 9 20 14 24 8979.00000 5.03800000 290.30000 37.40000 11.99600 45.82000
21 9 20 14 25 8976.20000 5.03800000 290.09000 37.36000 11.99600 45.82000
21 9 20 14 25 8976.20000 5.03800000 290.69000 37.36000 11.99600 45.82000
21 9 20 14 25 8978.10000 5.03800000 290.85000 37.36000 11.99600 45.82000
21 9 20 14 26 8978.00000 5.03800000 291.05000 37.36000 11.99600 45.82000
21 9 20 14 26 8977.10000 5.03800000 291.10000 37.36000 11.99600 45.82000
21 9 20 14 27 8977.00000 5.03800000 291.02000 37.36000 11.99600 45.82000
21 9 20 14 27 8977.10000 5.03800000 290.76000 37.36000 11.99600 45.82000
21 9 20 14 28 8976.20000 5.03700000 290.76000 37.36000 11.99600 45.82000
21 9 20 14 28 8976.10000 5.03700000 289.59000 37.34000 11.70000 45.82000
21 9 20 14 29 8967.40000 5.03800000 288.71000 37.24000 11.72900 45.74100
21 9 20 14 29 8957.50000 5.03800000 287.66000 37.13000 11.72900 45.74100
21 9 20 14 29 8948.80000 5.00400000 287.82000 37.01000 11.72900 45.60900
