M=[
13 7 20 10 35 8204.50000 5.74000000 215.10000 39.87000 17.32300 55.72400
13 7 20 10 36 8204.10000 5.74000000 215.10000 39.87000 17.32300 55.72400
13 7 20 10 36 8205.40000 5.74000000 215.09000 39.87000 17.32300 55.73800
13 7 20 10 37 8206.30000 5.74000000 215.09000 39.87000 17.32300 55.73800
13 7 20 10 37 8206.60000 5.74000000 215.09000 39.87000 17.32300 55.74500
13 7 20 10 38 8206.60000 5.74000000 215.13000 39.92000 17.32300 55.81400
13 7 20 10 38 8206.50000 5.74000000 215.14000 39.92000 17.32300 56.00000
13 7 20 10 39 8206.60000 5.74000000 215.14000 39.92000 17.32300 56.00000
13 7 20 10 39 8205.50000 5.74000000 215.13000 39.92000 17.32300 56.00000
13 7 20 10 40 8207.00000 5.74000000 215.13000 39.92000 17.32300 56.13900
13 7 20 10 40 8206.90000 5.74000000 215.14000 39.92000 17.32300 56.13900
13 7 20 10 40 8208.50000 5.74000000 215.17000 39.92000 17.32300 56.13900
13 7 20 10 41 8207.10000 5.74000000 215.17000 39.92000 17.32300 56.43400
13 7 20 10 41 8205.40000 5.74000000 215.17000 39.92000 17.32300 56.43400
13 7 20 10 42 8205.60000 5.74000000 215.17000 39.92000 17.32300 56.08800
13 7 20 10 42 8206.80000 5.74000000 215.30000 39.92000 17.32300 56.11700
13 7 20 10 43 8207.50000 5.74000000 215.30000 39.92000 17.32300 56.11700
13 7 20 10 43 8208.40000 5.74000000 215.30000 39.92000 17.32300 56.11700
13 7 20 10 44 8216.30000 5.74000000 215.34000 39.92000 17.32300 56.11700
13 7 20 10 44 8216.10000 5.74000000 215.49000 39.99000 17.32300 56.11700
13 7 20 10 45 8214.70000 5.74000000 215.47000 39.97000 17.32300 56.11700
13 7 20 10 45 8215.60000 5.74000000 215.40000 39.97000 17.32300 56.11700
13 7 20 10 46 8215.60000 5.74000000 215.40000 39.97000 17.32300 56.36800
13 7 20 10 46 8215.60000 5.74000000 215.40000 39.97000 17.32300 56.42600
13 7 20 10 47 8218.50000 5.74000000 215.45000 39.97000 17.32300 56.42600
13 7 20 10 47 8218.40000 5.74000000 215.45000 39.97000 17.32300 56.42600
13 7 20 10 47 8219.90000 5.74000000 215.45000 39.97000 17.32300 56.52300
13 7 20 10 48 8215.70000 5.74000000 215.45000 39.97000 17.32300 56.52300
13 7 20 10 48 8215.10000 5.74000000 215.47000 39.97000 17.32300 55.86000
13 7 20 10 49 8216.60000 5.74000000 215.47000 39.97000 17.32300 56.10200
13 7 20 10 49 8217.20000 5.74000000 215.47000 39.97000 17.32300 56.10200
13 7 20 10 50 8217.00000 5.76600000 215.49000 39.99000 17.32300 56.14000
13 7 20 10 50 8216.70000 5.76600000 215.50000 39.99000 17.32300 56.05100
13 7 20 10 51 8216.60000 5.76600000 215.57000 39.99000 17.32300 56.05100
13 7 20 10 51 8215.20000 5.76600000 215.50000 40.02000 17.32300 55.95300
13 7 20 10 52 8214.20000 5.76600000 215.51000 40.02000 17.32300 55.95300
13 7 20 10 52 8213.90000 5.76600000 215.51000 40.02000 17.32300 55.95300
13 7 20 10 53 8213.90000 5.76600000 215.51000 40.05000 17.32300 55.95300
13 7 20 10 53 8213.90000 5.76600000 215.50000 40.05000 17.32300 55.95300
13 7 20 10 54 8213.90000 5.76600000 215.46000 40.05000 17.32300 55.81900
13 7 20 10 54 8213.80000 5.76600000 215.43000 40.05000 17.32300 55.81900
13 7 20 10 55 8213.80000 5.76600000 215.44000 40.05000 17.32300 55.81900
13 7 20 10 55 8213.80000 5.76600000 215.44000 40.05000 17.32300 55.81900
13 7 20 10 56 8213.80000 5.76600000 215.37000 40.05000 17.32300 55.67200
13 7 20 10 56 8213.80000 5.76600000 215.40000 40.05000 17.32300 55.67200
13 7 20 10 56 8213.90000 5.76600000 215.44000 40.04000 17.32300 55.67200
13 7 20 10 57 8213.90000 5.76600000 215.45000 40.04000 17.32300 55.67200
13 7 20 10 57 8213.30000 5.76600000 215.45000 40.06000 17.32300 55.67200
13 7 20 10 58 8210.00000 5.76600000 215.46000 40.06000 17.32300 55.67200
13 7 20 10 58 8212.10000 5.76600000 215.46000 40.06000 17.32300 55.84700
13 7 20 10 59 8212.60000 5.76600000 215.48000 40.06000 17.32300 55.84700
13 7 20 10 59 8213.80000 5.76600000 215.49000 40.09000 17.32300 55.84700
13 7 20 11 00 8213.90000 5.76600000 215.49000 40.11000 17.32300 55.84700
13 7 20 11 00 8216.80000 5.77200000 215.70000 40.11000 17.32300 55.84700
13 7 20 11 01 8217.70000 5.77200000 215.70000 40.12000 17.32300 55.84700
13 7 20 11 01 8217.70000 5.77200000 215.71000 40.12000 17.32300 55.84700
13 7 20 11 02 8218.30000 5.77200000 215.79000 40.14000 17.32300 55.84700
13 7 20 11 02 8220.00000 5.77200000 215.94000 40.15000 17.32300 55.84700
13 7 20 11 03 8219.30000 5.77200000 215.79000 40.15000 17.32300 55.84700
13 7 20 11 03 8221.10000 5.77200000 215.82000 40.23000 17.32300 55.84700
13 7 20 11 04 8223.10000 5.77200000 215.94000 40.26000 17.32300 56.13000
13 7 20 11 04 8223.90000 5.77200000 215.98000 40.26000 17.32300 56.13000
13 7 20 11 05 8224.00000 5.77200000 215.98000 40.26000 17.32300 56.13000
13 7 20 11 05 8224.00000 5.77200000 216.00000 40.26000 17.38000 56.06500
13 7 20 11 06 8224.00000 5.77700000 216.00000 40.27000 17.38000 55.96800
13 7 20 11 06 8224.00000 5.77700000 216.00000 40.27000 17.38000 55.96800
13 7 20 11 07 8224.00000 5.77700000 215.99000 40.27000 17.38000 55.96800
13 7 20 11 07 8219.40000 5.77700000 215.79000 40.27000 17.38000 55.96800
13 7 20 11 08 8219.40000 5.77700000 215.70000 40.19000 17.38000 55.96800
13 7 20 11 08 8219.40000 5.77700000 215.73000 40.18000 17.38000 55.78700
13 7 20 11 09 8219.30000 5.77700000 215.74000 40.13000 17.38000 55.78700
13 7 20 11 09 8218.10000 5.77700000 215.77000 40.11000 17.38000 55.78700
13 7 20 11 10 8217.80000 5.77700000 215.79000 40.14000 17.38000 55.84700
13 7 20 11 10 8220.40000 5.77700000 215.86000 40.17000 17.38000 55.84700
13 7 20 11 11 8221.10000 5.77700000 215.93000 40.22000 17.38000 55.84700
13 7 20 11 11 8220.00000 5.77700000 215.89000 40.22000 17.38000 55.84700
13 7 20 11 12 8221.20000 5.77700000 215.95000 40.16000 17.38000 56.08900
13 7 20 11 12 8220.70000 5.77700000 215.90000 40.16000 17.38000 56.08900
13 7 20 11 13 8220.70000 5.77700000 215.90000 40.16000 17.38000 56.08900
13 7 20 11 13 8220.90000 5.77700000 215.89000 40.16000 17.38000 56.08900
13 7 20 11 14 8221.30000 5.77700000 215.94000 40.16000 17.38000 56.08900
13 7 20 11 14 8223.50000 5.77700000 215.93000 40.16000 17.38000 56.08900
13 7 20 11 15 8223.50000 5.77700000 215.99000 40.16000 17.38000 56.08900
13 7 20 11 15 8224.00000 5.77700000 215.99000 40.16000 17.38000 55.76900
13 7 20 11 16 8224.00000 5.77700000 216.00000 40.16000 17.38000 55.76900
13 7 20 11 16 8225.10000 5.77700000 215.99000 40.16000 17.38000 55.76900
13 7 20 11 17 8223.50000 5.77700000 215.99000 40.18000 17.38000 55.76900
13 7 20 11 17 8221.20000 5.77700000 215.99000 40.18000 17.38000 55.76900
13 7 20 11 18 8221.60000 5.77700000 215.98000 40.18000 17.38000 55.76900
13 7 20 11 18 8221.50000 5.77700000 215.97000 40.17000 17.38000 55.76900
13 7 20 11 19 8221.50000 5.77700000 215.97000 40.17000 17.38000 55.57200
13 7 20 11 19 8221.50000 5.77700000 215.99000 40.17000 17.38000 55.57200
13 7 20 11 20 8221.80000 5.77700000 215.99000 40.17000 17.38000 55.57200
13 7 20 11 20 8222.00000 5.77700000 215.98000 40.17000 17.38000 55.57200
13 7 20 11 21 8222.00000 5.77700000 215.99000 40.17000 17.38000 55.57200
13 7 20 11 21 8221.90000 5.77700000 215.97000 40.17000 17.38000 55.57200
13 7 20 11 22 8222.00000 5.77700000 215.97000 40.17000 17.38000 55.55000
13 7 20 11 22 8221.90000 5.77700000 215.70000 40.14000 17.38000 55.55000
13 7 20 11 22 8222.00000 5.77700000 215.67000 40.15000 17.38000 55.55000
13 7 20 11 23 8221.90000 5.77700000 215.67000 40.15000 17.38000 55.55000
13 7 20 11 23 8222.00000 5.77700000 215.64000 40.15000 17.38000 55.44000
13 7 20 11 24 8222.00000 5.77700000 215.78000 40.15000 17.38000 55.44000
13 7 20 11 24 8217.80000 5.77700000 215.63000 40.15000 17.38000 55.44000
13 7 20 11 25 8218.50000 5.77700000 215.69000 40.15000 17.38000 55.44000
13 7 20 11 25 8218.40000 5.77700000 215.69000 40.15000 17.38000 55.44000
13 7 20 11 26 8218.70000 5.77700000 215.63000 40.15000 17.38000 55.44000
13 7 20 11 27 8220.70000 5.77700000 215.64000 40.15000 17.38000 55.44000
13 7 20 11 27 8220.80000 5.77700000 215.66000 40.15000 17.38000 55.44000
13 7 20 11 27 8221.20000 5.77700000 215.66000 40.15000 17.38000 55.44000
