M=[
18 12 20 04 48 18706.50000 5.24000000 526.89000 87.87000 13.46700 60.81700
18 12 20 04 48 18693.20000 5.24000000 526.89000 87.68000 13.46700 60.81700
18 12 20 04 48 18693.20000 5.24000000 526.39000 87.75000 13.46700 60.81700
18 12 20 04 49 18703.10000 5.24000000 526.64000 87.75000 13.46700 60.81700
18 12 20 04 49 18722.20000 5.24000000 526.90000 87.94000 13.46700 60.81700
18 12 20 04 50 18722.60000 5.24000000 527.55000 88.00000 13.46700 60.81700
18 12 20 04 50 18728.30000 5.24000000 527.55000 88.07000 13.46700 60.81700
18 12 20 04 51 18732.80000 5.24000000 527.55000 88.07000 13.46700 60.81700
18 12 20 04 51 18741.20000 5.24000000 527.15000 88.07000 13.46700 60.81700
18 12 20 04 51 18728.30000 5.24000000 527.07000 87.99000 13.46700 60.81700
18 12 20 04 52 18728.20000 5.24000000 527.12000 87.97000 13.46700 60.81700
18 12 20 04 52 18728.20000 5.24000000 527.12000 88.01000 13.46700 60.81700
18 12 20 04 53 18720.70000 5.24000000 526.82000 88.01000 13.46700 60.81700
18 12 20 04 53 18720.70000 5.24000000 526.15000 87.95000 13.46700 60.81700
18 12 20 04 54 18708.40000 5.24000000 525.51000 87.95000 13.46700 60.81700
18 12 20 04 54 18693.20000 5.24000000 525.51000 87.95000 13.46700 60.81700
18 12 20 04 55 18677.90000 5.24000000 525.51000 87.58000 13.46700 60.81700
18 12 20 04 55 18656.70000 5.24000000 524.65000 87.52000 13.46700 60.81700
18 12 20 04 55 18662.00000 5.24000000 524.02000 87.37000 13.46700 60.81700
18 12 20 04 56 18658.20000 5.24000000 524.67000 87.29000 13.46700 60.81700
18 12 20 04 56 18658.70000 5.24000000 524.67000 87.24000 13.46700 60.81700
18 12 20 04 57 18662.40000 5.24000000 524.07000 87.17000 13.46700 60.81700
18 12 20 04 57 18672.00000 5.24000000 524.07000 87.17000 13.46700 60.81700
18 12 20 04 58 18672.00000 5.24000000 524.80000 87.17000 13.46700 60.81700
18 12 20 04 58 18673.80000 5.24000000 524.58000 87.15000 13.46700 60.81700
18 12 20 04 58 18673.90000 5.24000000 524.58000 87.15000 13.46700 60.81700
18 12 20 04 59 18673.90000 5.24000000 524.58000 87.30000 13.46700 60.81700
18 12 20 04 59 18673.80000 5.24000000 524.58000 87.30000 13.46700 60.81700
18 12 20 05 00 18673.90000 5.24000000 524.46000 87.33000 13.46700 60.81700
18 12 20 05 00 18665.30000 5.24000000 524.46000 87.40000 13.46700 60.81700
18 12 20 05 01 18665.30000 5.24000000 524.46000 87.14000 13.46700 60.81700
18 12 20 05 01 18665.30000 5.24000000 524.46000 87.14000 13.46700 60.81700
18 12 20 05 01 18680.00000 5.24000000 524.46000 87.26000 13.46700 60.81700
18 12 20 05 02 18699.90000 5.24000000 524.46000 87.56000 13.46700 60.81700
18 12 20 05 02 18714.00000 5.24000000 526.01000 87.56000 13.46700 60.81700
18 12 20 05 03 18716.10000 5.24000000 525.91000 87.79000 13.46700 60.81700
18 12 20 05 03 18720.30000 5.24000000 525.91000 87.79000 13.46700 60.81700
18 12 20 05 04 18731.40000 5.24000000 525.87000 87.79000 13.46700 60.81700
18 12 20 05 04 18733.90000 5.24000000 525.87000 87.79000 13.46700 60.81700
18 12 20 05 04 18744.00000 5.24000000 525.87000 88.15000 13.46700 60.81700
18 12 20 05 05 18744.00000 5.24000000 525.41000 88.05000 13.46700 60.81700
18 12 20 05 05 18755.40000 5.24000000 525.41000 88.05000 13.46700 60.81700
18 12 20 05 06 18753.50000 5.24000000 525.41000 88.06000 13.46700 60.81700
18 12 20 05 06 18757.10000 5.24000000 525.41000 88.28000 13.46700 60.81700
18 12 20 05 07 18765.80000 5.24000000 525.79000 88.23000 13.46700 60.81700
18 12 20 05 07 18766.50000 5.24000000 525.79000 88.17000 13.46700 60.81700
18 12 20 05 07 18769.80000 5.24000000 525.31000 88.15000 13.46700 60.81700
18 12 20 05 08 18769.80000 5.24000000 525.31000 88.34000 13.46700 60.81700
18 12 20 05 08 18775.20000 5.24000000 525.31000 88.29000 13.46700 60.81700
18 12 20 05 09 18777.90000 5.25800000 525.90000 88.33000 13.46700 60.81700
18 12 20 05 09 18777.90000 5.25800000 525.90000 88.33000 13.46700 60.81700
18 12 20 05 10 18777.90000 5.25800000 525.88000 88.33000 13.46700 60.81700
18 12 20 05 10 18778.80000 5.25800000 525.92000 88.33000 13.46700 60.81700
18 12 20 05 10 18770.00000 5.25800000 525.92000 88.33000 13.46700 60.81700
18 12 20 05 11 18769.90000 5.25800000 525.94000 88.33000 13.46700 60.81700
18 12 20 05 11 18752.10000 5.25800000 525.94000 88.33000 13.46700 60.81700
18 12 20 05 12 18752.00000 5.25800000 525.94000 88.34000 13.46700 60.81700
18 12 20 05 12 18752.20000 5.28000000 525.94000 88.34000 13.46700 60.81700
18 12 20 05 13 18748.40000 5.28000000 525.94000 88.31000 13.46700 60.81700
18 12 20 05 13 18744.50000 5.28000000 525.94000 88.31000 13.46700 60.81700
18 12 20 05 13 18744.50000 5.28000000 525.94000 88.31000 13.46700 60.81700
18 12 20 05 14 18745.20000 5.28000000 525.94000 88.31000 13.46700 60.81700
18 12 20 05 14 18746.40000 5.28000000 525.94000 88.31000 13.46700 60.81700
18 12 20 05 15 18747.00000 5.28000000 525.94000 88.25000 13.46700 60.81700
18 12 20 05 15 18752.70000 5.28000000 525.94000 88.40000 13.36600 60.81700
18 12 20 05 16 18756.70000 5.28000000 525.94000 88.40000 13.36600 61.49600
18 12 20 05 16 18764.30000 5.28000000 525.94000 88.45000 13.36600 61.49600
18 12 20 05 16 18778.70000 5.28000000 525.94000 88.49000 13.36600 61.49600
18 12 20 05 17 18782.90000 5.28000000 525.94000 88.49000 13.36600 61.49600
18 12 20 05 17 18780.00000 5.28000000 525.94000 88.49000 13.36600 61.49600
18 12 20 05 18 18778.70000 5.28000000 525.94000 88.46000 13.36600 61.49600
18 12 20 05 18 18783.30000 5.28000000 526.31000 88.46000 13.36600 61.49600
18 12 20 05 19 18783.30000 5.28000000 526.38000 88.49000 13.36600 61.60000
18 12 20 05 19 18789.40000 5.28000000 526.48000 88.63000 13.36600 61.60000
18 12 20 05 19 18787.40000 5.28000000 526.48000 88.69000 13.36600 61.60000
18 12 20 05 20 18783.70000 5.28000000 527.03000 88.68000 13.36600 61.60000
18 12 20 05 20 18776.30000 5.28000000 527.03000 88.62000 13.36600 61.60000
18 12 20 05 21 18757.90000 5.28000000 527.03000 88.40000 13.36600 61.60000
18 12 20 05 21 18758.30000 5.28000000 526.18000 88.46000 13.36600 61.60000
18 12 20 05 22 18759.10000 5.28000000 526.18000 88.48000 13.36600 61.60000
18 12 20 05 22 18746.80000 5.28000000 525.60000 88.37000 13.36600 61.60000
18 12 20 05 22 18740.20000 5.28000000 525.60000 88.37000 13.36600 61.60000
18 12 20 05 23 18740.20000 5.28000000 525.37000 88.37000 13.36600 61.60000
18 12 20 05 23 18740.30000 5.28000000 525.21000 88.37000 13.50000 61.60000
18 12 20 05 24 18745.50000 5.28000000 525.21000 88.38000 13.39900 61.60000
18 12 20 05 24 18745.70000 5.28000000 525.21000 88.39000 13.39900 61.60000
18 12 20 05 25 18745.70000 5.28000000 525.21000 88.39000 13.39900 61.60000
18 12 20 05 25 18740.20000 5.28000000 525.21000 88.39000 13.39900 61.60000
18 12 20 05 25 18740.20000 5.28000000 525.21000 88.39000 13.39900 61.60000
18 12 20 05 26 18740.30000 5.28000000 525.21000 88.16000 13.61900 61.60000
18 12 20 05 26 18740.00000 5.28000000 525.12000 88.16000 13.61900 61.60000
18 12 20 05 27 18730.00000 5.28000000 525.12000 88.00000 13.61900 61.60000
18 12 20 05 27 18748.70000 5.28000000 525.98000 88.01000 13.61900 61.60000
18 12 20 05 28 18769.60000 5.28000000 525.99000 88.35000 13.61900 61.56000
18 12 20 05 28 18775.30000 5.28000000 525.99000 88.41000 13.61900 61.56000
18 12 20 05 28 18759.50000 5.28000000 526.00000 88.29000 13.61900 61.56000
18 12 20 05 29 18750.60000 5.28000000 525.75000 88.29000 13.61900 61.56000
18 12 20 05 29 18756.60000 5.28000000 525.22000 88.29000 13.61900 61.56000
18 12 20 05 30 18756.30000 5.28000000 525.87000 88.31000 13.61900 61.56000
18 12 20 05 30 18756.40000 5.28000000 526.25000 88.31000 13.61900 61.56000
18 12 20 05 31 18770.70000 5.28000000 526.24000 88.31000 13.61900 61.56000
18 12 20 05 31 18770.40000 5.28000000 526.24000 88.31000 13.61900 61.56000
18 12 20 05 31 18777.30000 5.28000000 526.38000 88.31000 13.61900 61.56000
18 12 20 05 32 18766.80000 5.28000000 526.38000 88.56000 13.61900 61.56000
18 12 20 05 32 18766.70000 5.28000000 526.38000 88.56000 13.61900 61.56000
18 12 20 05 33 18766.80000 5.28000000 526.00000 88.40000 13.61900 61.56000
