M=[
21 7 21 14 45 26984.30000 36.56700000 1634.99000 98.07000 16.08200 78.32400
21 7 21 14 45 26969.50000 36.56700000 1632.78000 98.07000 16.08200 78.32400
21 7 21 14 46 26946.70000 36.56700000 1632.41000 98.07000 16.08200 78.32400
21 7 21 14 46 26936.90000 36.56700000 1631.02000 98.07000 16.08200 78.32400
21 7 21 14 47 26946.10000 36.56700000 1631.25000 98.07000 16.08200 78.32400
21 7 21 14 47 26986.40000 36.56700000 1634.65000 98.07000 16.08200 78.32400
21 7 21 14 47 26985.40000 36.56700000 1633.97000 98.15000 16.08200 78.32400
21 7 21 14 48 26985.40000 36.56700000 1633.14000 98.15000 16.08200 78.32400
21 7 21 14 48 26983.00000 36.56700000 1633.15000 98.15000 16.08200 78.32400
21 7 21 14 49 26986.40000 36.56700000 1633.15000 98.15000 16.08200 78.32400
21 7 21 14 49 26987.00000 36.56700000 1633.13000 98.15000 16.08200 78.32400
21 7 21 14 50 26986.90000 36.58900000 1633.80000 98.15000 16.08200 78.32400
21 7 21 14 50 26986.90000 36.58900000 1633.97000 98.15000 16.08200 78.32400
21 7 21 14 50 26987.00000 36.58900000 1633.96000 98.15000 16.08200 78.71600
21 7 21 14 51 26994.90000 36.58900000 1636.15000 98.15000 16.08200 78.71600
21 7 21 14 51 27000.00000 36.58900000 1637.86000 98.42000 16.08200 78.71600
21 7 21 14 52 27000.00000 36.58900000 1638.55000 98.42000 16.08200 78.71600
21 7 21 14 52 26999.90000 36.58900000 1638.27000 98.42000 16.08200 78.71600
21 7 21 14 53 27018.80000 36.58900000 1637.76000 98.48000 16.08200 78.71600
21 7 21 14 53 27018.70000 36.58900000 1636.38000 98.48000 16.08200 78.71600
21 7 21 14 53 26997.70000 36.58900000 1636.38000 98.48000 16.08200 78.71600
21 7 21 14 54 27013.50000 36.58900000 1635.75000 98.48000 16.08200 78.71600
21 7 21 14 54 27014.00000 36.58900000 1635.75000 98.47000 16.08200 78.71600
21 7 21 14 55 27018.70000 36.58900000 1637.70000 98.56000 16.08200 78.71600
21 7 21 14 55 27023.70000 36.58900000 1638.78000 98.56000 16.08200 78.71600
21 7 21 14 56 27026.10000 36.58900000 1638.71000 98.56000 16.08200 78.71600
21 7 21 14 56 27026.00000 36.58900000 1638.71000 98.56000 16.08200 78.71600
21 7 21 14 56 27024.70000 36.58900000 1639.81000 98.56000 16.08200 78.71600
21 7 21 14 57 27024.70000 36.58900000 1642.03000 98.56000 16.08200 78.71600
21 7 21 14 57 27024.70000 36.58900000 1644.78000 98.56000 16.08200 78.71600
21 7 21 14 58 27023.70000 36.58900000 1641.37000 98.49000 16.08200 78.71600
21 7 21 14 58 27023.80000 36.58900000 1642.05000 98.48000 16.08200 78.71600
21 7 21 14 59 27023.80000 36.58900000 1639.56000 98.48000 16.08200 78.71600
21 7 21 14 59 27022.90000 36.58900000 1640.52000 98.44000 16.08200 78.71600
21 7 21 15 00 27021.10000 36.58900000 1641.94000 98.53000 16.08200 78.71600
21 7 21 15 00 27021.10000 36.58900000 1642.75000 98.53000 16.08200 78.71600
21 7 21 15 00 27021.10000 36.58900000 1640.72000 98.47000 16.08200 78.71600
21 7 21 15 01 27032.00000 36.58900000 1640.42000 98.47000 16.08200 78.71600
21 7 21 15 01 27032.00000 36.42600000 1640.43000 98.47000 16.08200 78.71600
21 7 21 15 02 27029.40000 36.42600000 1640.00000 98.26000 16.08200 78.71600
21 7 21 15 02 27029.40000 36.42600000 1640.00000 98.24000 16.08200 78.71600
21 7 21 15 03 27029.10000 36.42600000 1639.25000 98.24000 16.08200 78.71600
21 7 21 15 03 27029.10000 36.42600000 1638.39000 98.24000 16.08200 78.71600
21 7 21 15 03 27016.10000 36.42600000 1637.87000 98.24000 16.08200 78.71600
21 7 21 15 04 27015.50000 36.42600000 1638.07000 98.20000 16.08200 78.71600
21 7 21 15 04 27015.50000 36.42600000 1638.07000 98.14000 16.08200 78.71600
21 7 21 15 05 27006.20000 36.42600000 1638.84000 98.14000 16.08200 78.71600
21 7 21 15 05 27009.70000 36.42600000 1638.95000 98.28000 16.08200 78.71600
21 7 21 15 06 27009.60000 36.42600000 1638.85000 98.29000 16.08200 78.71600
21 7 21 15 06 26996.90000 36.42600000 1639.39000 98.26000 16.08200 78.71600
21 7 21 15 06 27009.60000 36.42600000 1641.49000 98.26000 16.08200 78.71600
21 7 21 15 07 27014.30000 36.36000000 1642.54000 98.26000 16.08200 78.71600
21 7 21 15 07 27031.90000 36.36000000 1645.19000 98.29000 16.08200 78.71600
21 7 21 15 08 27043.70000 36.36000000 1645.04000 98.47000 16.08200 78.71600
21 7 21 15 08 27044.00000 36.36000000 1646.75000 98.47000 16.08200 78.71600
21 7 21 15 09 27047.20000 36.36000000 1649.00000 98.52000 16.08200 78.71600
21 7 21 15 09 27051.10000 36.36000000 1648.33000 98.56000 16.08200 78.71600
21 7 21 15 09 27036.70000 36.55600000 1645.63000 98.56000 16.08200 78.71600
21 7 21 15 10 27036.80000 36.55600000 1647.50000 98.53000 16.08200 78.71600
21 7 21 15 10 27036.70000 36.55600000 1647.53000 98.53000 16.08200 78.71600
21 7 21 15 11 27036.60000 36.55600000 1648.78000 98.53000 16.08200 78.71600
21 7 21 15 11 27024.30000 36.55600000 1648.78000 98.47000 16.08200 78.71600
21 7 21 15 12 27029.50000 36.55600000 1648.00000 98.47000 16.08200 78.71600
21 7 21 15 12 27024.20000 36.58800000 1647.64000 98.47000 16.08200 78.71600
21 7 21 15 12 27025.80000 36.58800000 1647.25000 98.47000 16.08200 78.71600
21 7 21 15 13 27026.40000 36.58800000 1647.10000 98.47000 16.08200 78.71600
21 7 21 15 13 27020.10000 36.58800000 1645.52000 98.47000 16.08200 78.71600
21 7 21 15 14 27017.70000 36.58800000 1645.45000 98.41000 15.98900 78.71600
21 7 21 15 14 27009.70000 36.58800000 1645.42000 98.41000 16.20800 78.71600
21 7 21 15 15 27011.90000 36.58800000 1645.42000 98.39000 16.18900 78.71600
21 7 21 15 15 27027.40000 36.58800000 1646.68000 98.39000 16.18900 78.71600
21 7 21 15 15 27034.20000 36.58800000 1646.21000 98.39000 16.18900 78.71600
21 7 21 15 16 27036.00000 36.53600000 1647.18000 98.39000 16.18900 78.71600
21 7 21 15 16 27036.90000 36.60700000 1647.41000 98.39000 16.18900 78.71600
21 7 21 15 17 27042.60000 36.60700000 1647.90000 98.70000 16.18900 78.71600
21 7 21 15 17 27044.60000 36.60700000 1650.07000 98.67000 16.18900 78.71600
21 7 21 15 18 27035.70000 36.58400000 1650.28000 98.67000 16.01700 78.71600
21 7 21 15 18 27034.50000 36.58400000 1649.33000 98.67000 16.01700 78.71600
21 7 21 15 19 27040.50000 36.58400000 1648.84000 98.67000 16.01700 78.71600
21 7 21 15 19 27040.90000 36.58400000 1646.46000 98.67000 16.01700 78.71600
21 7 21 15 19 27041.40000 36.58400000 1648.85000 98.68000 16.01700 78.71600
21 7 21 15 20 27037.10000 36.58400000 1648.95000 98.65000 16.01700 78.71600
21 7 21 15 20 27038.00000 36.52500000 1648.76000 98.59000 16.01700 78.71600
21 7 21 15 21 27038.10000 36.52500000 1648.45000 98.59000 16.01700 78.71600
21 7 21 15 21 27043.00000 36.52500000 1648.24000 98.59000 16.01700 78.71600
21 7 21 15 22 27049.00000 36.56200000 1650.52000 98.59000 16.01700 78.71600
21 7 21 15 22 27051.10000 36.56200000 1650.04000 98.59000 16.01700 78.71600
21 7 21 15 22 27044.30000 36.64200000 1649.43000 98.59000 16.01700 78.71600
21 7 21 15 23 27044.30000 36.64200000 1649.99000 98.68000 16.01700 78.71600
21 7 21 15 23 27044.30000 36.64200000 1649.99000 98.68000 16.01700 78.71600
21 7 21 15 24 27044.20000 36.67700000 1651.08000 98.68000 16.01700 78.71600
21 7 21 15 24 27039.00000 36.67700000 1650.37000 98.74000 16.01700 78.71600
21 7 21 15 25 27038.90000 36.67700000 1651.25000 98.73000 16.01700 78.71600
21 7 21 15 25 27033.50000 36.67700000 1650.52000 98.70000 16.01700 78.92100
21 7 21 15 25 27036.70000 36.67700000 1649.88000 98.67000 16.01700 78.92100
21 7 21 15 26 27031.90000 36.64000000 1649.89000 98.67000 16.01700 78.92100
21 7 21 15 26 27032.00000 36.64000000 1649.36000 98.67000 16.01700 78.92100
21 7 21 15 27 27017.30000 36.73000000 1649.36000 98.67000 16.01700 78.92100
21 7 21 15 27 27019.90000 36.66200000 1649.31000 98.67000 16.01700 78.92100
21 7 21 15 28 27035.40000 36.72400000 1651.12000 98.65000 16.01700 78.92100
21 7 21 15 28 27024.40000 36.72400000 1652.78000 98.73000 16.01700 78.92100
21 7 21 15 28 27031.90000 36.72400000 1652.55000 98.73000 16.01700 78.92100
21 7 21 15 29 27027.90000 36.72400000 1651.72000 98.90000 16.01700 79.04200
21 7 21 15 29 27032.30000 36.72400000 1651.63000 98.91000 16.01700 79.04200
21 7 21 15 30 27032.00000 36.72400000 1653.53000 98.91000 16.01700 79.24500
