M=[
28 3 21 08 27 47523.60000 10.13800000 1452.00000 156.78000 30.50000 113.13300
28 3 21 08 27 47522.20000 10.13800000 1451.81000 156.78000 30.50000 113.13300
28 3 21 08 28 47522.20000 10.13800000 1452.00000 156.78000 30.50000 113.13300
28 3 21 08 28 47522.20000 10.13800000 1452.36000 156.78000 30.50000 113.13300
28 3 21 08 29 47537.10000 10.13800000 1453.79000 156.78000 30.50000 113.13300
28 3 21 08 29 47553.10000 10.13800000 1453.68000 156.95000 30.50000 113.13300
28 3 21 08 30 47544.00000 10.13800000 1452.49000 156.95000 30.50000 113.13300
28 3 21 08 30 47527.30000 10.13800000 1452.31000 156.95000 30.50000 113.13300
28 3 21 08 30 47527.40000 10.13800000 1451.79000 156.95000 30.50000 113.13300
28 3 21 08 31 47540.80000 10.13800000 1452.54000 156.95000 30.50000 113.13300
28 3 21 08 31 47545.30000 10.13800000 1452.93000 156.95000 30.50000 113.50900
28 3 21 08 32 47572.90000 10.13800000 1453.56000 157.02000 30.50000 113.56000
28 3 21 08 32 47575.90000 10.13800000 1453.59000 157.02000 30.50000 113.56000
28 3 21 08 33 47575.90000 10.13000000 1453.72000 157.02000 30.50000 113.56000
28 3 21 08 33 47606.80000 10.13000000 1454.18000 157.02000 30.50000 113.56000
28 3 21 08 33 47618.40000 10.13000000 1454.18000 157.02000 30.50000 113.56000
28 3 21 08 34 47619.70000 10.13000000 1455.01000 157.02000 30.50000 113.56000
28 3 21 08 34 47619.40000 10.13000000 1454.07000 157.02000 30.50000 113.56000
28 3 21 08 35 47627.90000 10.15000000 1454.77000 157.02000 30.50000 113.56000
28 3 21 08 35 47627.80000 10.15000000 1454.91000 157.02000 30.50000 113.56000
28 3 21 08 36 47639.90000 10.15000000 1455.20000 157.02000 30.50000 113.56000
28 3 21 08 36 47640.00000 10.15000000 1455.21000 157.02000 30.50000 113.56000
28 3 21 08 36 47640.00000 10.15000000 1455.26000 157.25000 30.50000 113.56000
28 3 21 08 37 47627.40000 10.15000000 1455.08000 157.25000 30.50000 113.56000
28 3 21 08 37 47627.50000 10.15000000 1455.14000 157.25000 30.50000 113.56000
28 3 21 08 38 47627.40000 10.15000000 1454.96000 157.25000 30.50000 113.56000
28 3 21 08 38 47615.20000 10.15000000 1454.49000 157.22000 30.50000 113.56000
28 3 21 08 39 47607.00000 10.15000000 1454.48000 157.22000 30.06100 113.56000
28 3 21 08 39 47615.00000 10.15000000 1454.62000 157.22000 30.06100 113.56000
28 3 21 08 39 47615.00000 10.15000000 1454.49000 157.22000 30.06100 113.56000
28 3 21 08 40 47602.40000 10.15000000 1454.66000 157.27000 30.06100 113.56000
28 3 21 08 40 47610.80000 10.15000000 1454.35000 157.27000 30.06100 113.56000
28 3 21 08 41 47599.50000 10.15000000 1454.35000 157.10000 30.06100 113.56000
28 3 21 08 41 47599.50000 10.15000000 1454.34000 157.08000 30.06100 113.56000
28 3 21 08 42 47561.90000 10.16800000 1453.84000 157.03000 30.06100 113.56000
28 3 21 08 42 47574.50000 10.16800000 1453.98000 157.03000 30.06100 113.56000
28 3 21 08 42 47582.80000 10.16800000 1454.04000 157.03000 30.06100 113.56000
28 3 21 08 43 47603.10000 10.16800000 1454.31000 157.03000 30.06100 113.56000
28 3 21 08 43 47595.80000 10.16800000 1453.85000 157.03000 30.06100 113.56000
28 3 21 08 44 47574.50000 10.15000000 1453.85000 157.03000 30.06100 113.56000
28 3 21 08 44 47579.80000 10.15000000 1453.83000 157.03000 30.06100 113.56000
28 3 21 08 45 47576.20000 10.15000000 1453.83000 157.02000 30.06100 113.56000
28 3 21 08 45 47576.30000 10.15000000 1453.83000 157.02000 30.06100 113.56000
28 3 21 08 45 47581.60000 10.15000000 1453.83000 157.02000 30.06100 113.56000
28 3 21 08 46 47579.30000 10.15000000 1453.83000 157.00000 30.06100 113.56000
28 3 21 08 46 47595.70000 10.15000000 1454.23000 157.00000 30.06100 113.56000
28 3 21 08 47 47630.00000 10.15000000 1454.77000 157.00000 30.06100 113.56000
28 3 21 08 47 47631.70000 10.15000000 1455.70000 157.00000 30.06100 113.56000
28 3 21 08 48 47629.40000 10.15000000 1455.07000 157.00000 30.06100 113.57600
28 3 21 08 48 47640.00000 10.15000000 1455.61000 157.03000 30.06100 113.57600
28 3 21 08 48 47640.00000 10.15000000 1455.61000 157.03000 30.06100 113.57600
28 3 21 08 49 47640.00000 10.15000000 1455.41000 157.03000 30.06100 113.57600
28 3 21 08 49 47640.00000 10.15000000 1455.41000 157.03000 30.06100 113.57600
28 3 21 08 50 47640.00000 10.15000000 1455.71000 157.03000 30.06100 113.57600
28 3 21 08 50 47639.90000 10.15000000 1455.99000 157.03000 30.06100 113.57600
28 3 21 08 51 47640.00000 10.15000000 1455.99000 157.03000 30.06100 113.67100
28 3 21 08 51 47669.90000 10.15000000 1456.00000 157.22000 30.06100 113.67100
28 3 21 08 51 47673.30000 10.15000000 1456.00000 157.19000 30.06100 113.67100
28 3 21 08 52 47644.80000 10.15000000 1455.71000 157.19000 30.06100 113.67100
28 3 21 08 52 47645.10000 10.15000000 1455.42000 157.19000 30.06100 113.67100
28 3 21 08 53 47674.60000 10.15000000 1455.68000 157.21000 30.06100 113.67100
28 3 21 08 53 47689.90000 10.15000000 1456.00000 157.21000 30.06100 113.67100
28 3 21 08 54 47690.00000 10.15000000 1456.19000 157.22000 30.06100 113.67100
28 3 21 08 54 47689.90000 10.15000000 1456.20000 157.19000 30.06100 113.67100
28 3 21 08 54 47689.90000 10.15000000 1456.20000 157.22000 30.06100 113.67100
28 3 21 08 55 47683.20000 10.15000000 1456.20000 157.21000 30.06100 113.67100
28 3 21 08 55 47695.00000 10.15000000 1456.15000 157.20000 30.06100 113.67100
28 3 21 08 56 47689.40000 10.15000000 1456.10000 157.22000 30.06100 113.67100
28 3 21 08 56 47696.20000 10.15000000 1456.17000 157.22000 30.06100 113.67100
28 3 21 08 57 47679.40000 10.15000000 1455.88000 157.17000 30.06100 113.67100
28 3 21 08 57 47688.40000 10.15000000 1456.16000 157.17000 30.20000 113.67100
28 3 21 08 57 47682.60000 10.15000000 1455.91000 157.17000 30.20000 113.67100
28 3 21 08 58 47696.30000 10.15000000 1456.18000 157.17000 30.20000 113.67100
28 3 21 08 58 47696.30000 10.15000000 1456.30000 157.36000 30.20000 113.67100
28 3 21 08 59 47677.70000 10.18200000 1456.30000 157.36000 30.20000 113.67100
28 3 21 08 59 47700.00000 10.18200000 1457.42000 157.36000 30.20000 113.67100
28 3 21 09 00 47699.90000 10.18200000 1457.38000 157.36000 30.20000 113.67100
28 3 21 09 00 47734.00000 10.19200000 1457.87000 157.45000 30.20000 113.67100
28 3 21 09 00 47786.90000 10.19200000 1458.80000 157.45000 30.20000 113.67100
28 3 21 09 01 47800.00000 10.19200000 1459.36000 157.43000 30.20000 113.67100
28 3 21 09 01 47803.00000 10.19300000 1459.88000 157.50000 30.20000 113.86500
28 3 21 09 02 47817.30000 10.19300000 1459.99000 157.76000 30.20000 113.86500
28 3 21 09 02 47804.80000 10.19300000 1459.99000 157.76000 30.20000 113.86500
28 3 21 09 03 47832.00000 10.19300000 1459.99000 157.76000 30.20000 113.86500
28 3 21 09 03 47832.00000 10.19500000 1461.56000 157.82000 30.20000 113.86500
28 3 21 09 03 47873.00000 10.19500000 1461.56000 157.97000 30.20000 114.14000
28 3 21 09 04 47872.90000 10.19500000 1461.66000 157.90000 30.38000 114.14000
28 3 21 09 04 47865.80000 10.19500000 1461.88000 157.90000 30.38000 114.14000
28 3 21 09 05 47873.00000 10.20000000 1461.63000 157.97000 30.38000 114.14000
28 3 21 09 05 47873.00000 10.20000000 1461.70000 157.97000 30.38000 114.14000
28 3 21 09 06 47872.90000 10.20000000 1461.30000 157.97000 30.38000 114.14000
28 3 21 09 06 47830.20000 10.20000000 1461.02000 157.97000 30.20600 114.14000
28 3 21 09 06 47827.20000 10.20000000 1460.87000 157.97000 30.20600 114.14000
28 3 21 09 07 47810.20000 10.20000000 1460.49000 157.86000 30.20600 114.14000
28 3 21 09 07 47831.50000 10.20000000 1460.49000 157.86000 30.20600 114.14000
28 3 21 09 08 47817.80000 10.20000000 1460.49000 157.97000 30.20600 114.14000
28 3 21 09 08 47814.40000 10.20000000 1460.49000 157.89000 30.20600 114.14000
28 3 21 09 09 47815.40000 10.20000000 1460.72000 157.84000 30.20600 114.14000
28 3 21 09 09 47813.90000 10.20000000 1460.72000 157.84000 30.20600 114.14000
28 3 21 09 09 47805.60000 10.20000000 1460.54000 157.84000 30.20600 114.14000
28 3 21 09 10 47815.40000 10.20000000 1461.44000 157.83000 30.20600 114.14000
28 3 21 09 10 47815.40000 10.20000000 1460.37000 157.83000 30.20600 114.14000
