M=[
20 6 21 12 07 28440.60000 40.09700000 1741.10000 122.70000 17.42500 102.14700
20 6 21 12 07 28459.60000 40.09700000 1743.97000 122.54000 17.42500 102.14700
20 6 21 12 08 28414.60000 40.03500000 1742.09000 122.54000 17.42500 101.67400
20 6 21 12 08 28361.90000 40.03500000 1737.00000 122.31000 17.42500 101.67400
20 6 21 12 09 28387.30000 40.03500000 1741.08000 122.31000 17.42500 101.67400
20 6 21 12 09 28428.90000 40.03500000 1741.80000 122.44000 17.42700 101.67400
20 6 21 12 10 28447.90000 40.03500000 1745.39000 122.72000 17.42700 102.30200
20 6 21 12 10 28500.00000 40.03500000 1747.65000 122.82000 17.42700 102.30200
20 6 21 12 10 28500.00000 40.03500000 1748.49000 122.82000 17.40300 102.30200
20 6 21 12 11 28544.70000 40.03500000 1750.18000 123.28000 17.44100 102.30200
20 6 21 12 11 28500.00000 40.03500000 1746.96000 123.28000 17.44100 102.30200
20 6 21 12 12 28495.60000 40.03500000 1745.00000 122.98000 17.44100 102.42000
20 6 21 12 12 28435.90000 40.08400000 1740.86000 122.83000 17.44100 102.16900
20 6 21 12 13 28411.90000 40.08400000 1742.33000 122.85000 17.44100 102.16900
20 6 21 12 13 28413.80000 40.08400000 1741.81000 122.85000 17.48800 101.85000
20 6 21 12 13 28441.50000 40.08400000 1742.70000 122.85000 17.40700 101.85000
20 6 21 12 14 28439.50000 40.07700000 1743.58000 122.85000 17.40700 101.85000
20 6 21 12 14 28436.50000 40.14800000 1744.35000 122.85000 17.40700 101.85000
20 6 21 12 15 28456.70000 40.14800000 1742.03000 122.75000 17.40700 101.99700
20 6 21 12 15 28452.60000 40.14800000 1742.59000 122.84000 17.40700 102.04200
20 6 21 12 16 28424.70000 40.00000000 1737.72000 122.84000 17.40700 102.04200
20 6 21 12 16 28470.10000 40.00000000 1743.36000 122.80000 17.40700 102.04200
20 6 21 12 16 28493.20000 40.00000000 1746.07000 122.84000 17.40700 102.04200
20 6 21 12 17 28500.00000 40.00000000 1748.20000 122.84000 17.40700 102.04200
20 6 21 12 17 28500.00000 40.00000000 1748.86000 123.11000 17.40700 102.04200
20 6 21 12 18 28495.30000 40.00000000 1747.80000 122.96000 17.40700 102.08200
20 6 21 12 18 28493.10000 40.00000000 1748.00000 123.04000 17.40700 102.08200
20 6 21 12 19 28464.00000 40.00000000 1745.80000 123.04000 17.40700 102.08200
20 6 21 12 19 28356.00000 40.00000000 1739.39000 123.04000 17.40700 102.08200
20 6 21 12 19 28312.50000 40.00000000 1737.00000 122.49000 17.40700 102.08200
20 6 21 12 20 28335.90000 40.00000000 1739.11000 122.47000 17.40700 102.08200
20 6 21 12 20 28337.50000 40.00000000 1738.97000 122.45000 17.40700 102.08200
20 6 21 12 21 28349.90000 40.00000000 1738.98000 122.64000 17.40700 102.08200
20 6 21 12 21 28313.90000 39.95000000 1735.90000 122.52000 17.40700 101.63100
20 6 21 12 22 28278.20000 39.87300000 1734.29000 122.52000 17.40700 101.26700
20 6 21 12 22 28326.50000 39.80300000 1735.70000 122.52000 17.40700 101.26700
20 6 21 12 22 28270.70000 39.80300000 1733.80000 122.23000 17.40700 101.26700
20 6 21 12 23 28274.90000 39.77900000 1733.79000 122.30000 17.40700 101.26700
20 6 21 12 23 28244.70000 39.71300000 1729.66000 121.81000 17.40700 101.26700
20 6 21 12 24 28300.40000 39.83400000 1732.98000 122.07000 17.40700 101.26700
20 6 21 12 24 28355.00000 39.83400000 1735.25000 122.06000 17.40700 101.26700
20 6 21 12 25 28280.00000 39.83400000 1733.66000 122.22000 17.40700 101.26700
20 6 21 12 25 28306.10000 39.83400000 1734.71000 122.20000 17.40700 101.26700
20 6 21 12 25 28331.10000 39.83400000 1736.74000 122.19000 17.40700 101.26700
20 6 21 12 26 28286.00000 39.87400000 1734.49000 122.05000 17.40700 101.26700
20 6 21 12 26 28286.10000 39.87400000 1733.00000 121.93000 17.40800 101.26700
20 6 21 12 27 28310.60000 39.86500000 1734.28000 121.93000 17.40800 101.26700
20 6 21 12 27 28341.60000 39.86500000 1736.72000 122.06000 17.40800 101.28800
20 6 21 12 28 28354.30000 39.95500000 1736.50000 122.14000 17.40800 101.28800
20 6 21 12 28 28351.60000 39.95500000 1736.96000 122.14000 17.40800 101.28800
20 6 21 12 28 28363.20000 39.95500000 1738.99000 122.14000 17.40800 101.28800
20 6 21 12 29 28362.30000 39.95500000 1737.96000 122.36000 17.40800 101.43600
20 6 21 12 29 28354.00000 39.97000000 1737.96000 122.42000 17.40800 101.48800
20 6 21 12 30 28328.50000 39.90000000 1737.35000 122.42000 17.40800 101.38600
20 6 21 12 30 28368.50000 39.90000000 1737.96000 122.27000 17.40800 101.38600
20 6 21 12 31 28395.40000 39.90000000 1741.79000 122.62000 17.40800 101.38600
20 6 21 12 31 28486.40000 40.09900000 1745.67000 122.78000 17.40800 101.38600
20 6 21 12 31 28486.60000 40.09900000 1746.54000 122.78000 17.40800 101.38600
20 6 21 12 32 28469.00000 40.09900000 1746.00000 122.78000 17.40800 101.38600
20 6 21 12 32 28468.40000 40.09900000 1745.53000 122.78000 17.40800 101.38600
20 6 21 12 33 28468.50000 40.12400000 1745.60000 122.78000 17.40800 101.38600
20 6 21 12 33 28468.50000 40.12400000 1746.92000 122.78000 17.36000 101.38600
20 6 21 12 34 28477.00000 40.12400000 1747.60000 123.11000 17.36000 101.38600
20 6 21 12 34 28468.60000 40.12400000 1747.40000 123.11000 17.36000 101.38600
20 6 21 12 34 28472.60000 40.12400000 1747.86000 123.11000 17.36000 101.38600
20 6 21 12 35 28494.90000 40.12400000 1748.98000 123.13000 17.36000 101.38600
20 6 21 12 35 28515.90000 40.12400000 1748.98000 123.13000 17.36000 102.12900
20 6 21 12 36 28505.20000 40.12400000 1749.83000 123.13000 17.36000 102.45900
20 6 21 12 36 28530.90000 40.12400000 1751.67000 123.25000 17.36000 102.45900
20 6 21 12 37 28514.00000 40.12400000 1750.01000 123.28000 17.36000 102.45900
20 6 21 12 37 28500.00000 40.12400000 1749.95000 123.34000 17.36000 102.45900
20 6 21 12 37 28481.70000 40.12400000 1749.00000 123.24000 17.36000 102.45900
20 6 21 12 38 28481.70000 40.12400000 1746.74000 123.21000 17.36000 102.45900
20 6 21 12 38 28468.50000 40.12400000 1744.59000 123.20000 17.36000 102.19800
20 6 21 12 39 28447.90000 40.12400000 1745.65000 123.20000 17.36000 102.19800
20 6 21 12 39 28471.40000 40.12400000 1747.47000 123.19000 17.36000 102.19800
20 6 21 12 40 28472.20000 40.12400000 1748.90000 123.19000 17.36000 102.19800
20 6 21 12 40 28475.80000 40.12400000 1749.71000 123.18000 17.36900 102.19800
20 6 21 12 40 28467.50000 40.12400000 1749.07000 123.18000 17.36900 102.19800
20 6 21 12 41 28476.00000 40.12400000 1749.79000 123.16000 17.36900 102.19800
20 6 21 12 41 28505.10000 40.12400000 1752.59000 123.21000 17.36900 102.19800
20 6 21 12 42 28488.10000 40.12400000 1751.26000 123.21000 17.36900 101.98600
20 6 21 12 42 28477.30000 40.12400000 1751.02000 123.09000 17.36900 101.98600
20 6 21 12 43 28476.00000 40.12400000 1748.28000 123.09000 17.36900 101.98600
20 6 21 12 43 28482.30000 40.12400000 1751.27000 123.09000 17.36900 101.98600
20 6 21 12 43 28472.10000 40.12400000 1750.41000 123.08000 17.36900 101.98600
20 6 21 12 44 28479.50000 40.12400000 1748.45000 123.11000 17.36900 101.98600
20 6 21 12 44 28485.00000 40.12400000 1749.11000 123.11000 17.36900 101.98600
20 6 21 12 45 28481.80000 40.12400000 1748.50000 123.11000 17.36900 101.98600
20 6 21 12 45 28494.50000 40.12400000 1751.14000 122.94000 17.36900 101.98600
20 6 21 12 46 28522.60000 40.27100000 1751.50000 122.94000 17.36900 102.05200
20 6 21 12 46 28549.50000 40.27100000 1755.28000 123.12000 17.36900 102.05200
20 6 21 12 46 28585.40000 40.27100000 1756.91000 123.20000 17.36900 102.05200
20 6 21 12 47 28585.50000 40.27100000 1757.43000 123.21000 17.36900 102.05200
20 6 21 12 47 28585.50000 40.27100000 1757.42000 123.21000 17.36900 102.05200
20 6 21 12 48 28599.90000 40.27100000 1757.69000 123.84000 17.36900 102.05200
20 6 21 12 48 28600.00000 40.27100000 1756.16000 123.83000 17.36900 102.05200
20 6 21 12 49 28580.30000 40.27100000 1755.49000 123.83000 17.36900 102.05200
20 6 21 12 49 28580.30000 40.27100000 1755.48000 123.83000 17.36900 102.05200
20 6 21 12 49 28605.10000 40.27100000 1755.80000 123.83000 17.36900 102.05200
20 6 21 12 50 28587.70000 40.27100000 1755.59000 123.95000 17.36900 102.05200
20 6 21 12 50 28582.80000 40.27100000 1755.42000 123.73000 17.36900 102.61000
