M=[
20 6 21 04 39 30315.60000 43.27600000 1870.35000 130.74000 17.92400 110.25200
20 6 21 04 40 30294.90000 43.27600000 1868.89000 130.71000 17.92400 110.17000
20 6 21 04 40 30302.60000 43.27600000 1868.89000 130.71000 17.92400 110.17000
20 6 21 04 41 30297.40000 43.27600000 1868.89000 130.71000 17.92400 110.17000
20 6 21 04 41 30297.30000 43.27600000 1868.91000 130.71000 17.92400 110.17000
20 6 21 04 42 30297.40000 43.27600000 1868.91000 130.71000 17.97100 110.17000
20 6 21 04 42 30308.90000 43.27600000 1868.91000 130.71000 17.97100 110.17000
20 6 21 04 42 30308.90000 43.27600000 1869.94000 130.81000 17.97100 110.17000
20 6 21 04 43 30331.10000 43.27600000 1869.94000 130.81000 17.97100 110.17000
20 6 21 04 43 30331.10000 43.27600000 1869.94000 130.81000 17.97100 110.17000
20 6 21 04 44 30307.10000 43.27600000 1868.51000 130.81000 17.97100 110.17000
20 6 21 04 44 30307.10000 43.27600000 1868.22000 130.81000 17.97100 110.17000
20 6 21 04 45 30287.00000 43.27600000 1867.74000 130.81000 17.97100 110.17000
20 6 21 04 45 30276.70000 43.27600000 1867.74000 130.81000 17.97100 110.17000
20 6 21 04 46 30276.70000 43.27600000 1867.74000 130.66000 17.97100 110.17000
20 6 21 04 46 30276.70000 43.27600000 1867.74000 130.66000 17.97100 110.17000
20 6 21 04 47 30276.10000 43.27600000 1867.74000 130.66000 17.97100 110.17000
20 6 21 04 47 30276.10000 43.27600000 1866.59000 130.66000 17.97100 110.17000
20 6 21 04 48 30276.00000 43.27600000 1866.01000 130.63000 17.97100 110.17000
20 6 21 04 48 30251.00000 43.27600000 1866.00000 130.63000 17.97100 110.17000
20 6 21 04 49 30259.80000 43.27600000 1866.00000 130.63000 17.90900 110.17000
20 6 21 04 49 30259.80000 43.27600000 1866.00000 130.63000 17.90900 110.17000
20 6 21 04 50 30287.40000 43.27600000 1866.00000 130.63000 17.90900 110.17000
20 6 21 04 50 30284.10000 43.27600000 1867.71000 130.63000 17.90900 110.17000
20 6 21 04 51 30278.30000 43.27600000 1867.71000 130.63000 17.90900 110.17000
20 6 21 04 51 30278.30000 43.27600000 1867.71000 130.63000 17.90900 110.17000
20 6 21 04 52 30290.90000 43.27600000 1868.39000 130.63000 17.90900 110.17000
20 6 21 04 52 30290.90000 43.27600000 1868.36000 130.63000 17.90900 110.17000
20 6 21 04 53 30293.40000 43.27600000 1868.46000 130.63000 17.90900 110.17000
20 6 21 04 53 30299.00000 43.27600000 1868.46000 130.63000 17.90900 110.17000
20 6 21 04 54 30306.60000 43.27600000 1868.46000 130.63000 17.90900 110.17000
20 6 21 04 54 30328.10000 43.27600000 1868.46000 130.78000 17.90900 110.17000
20 6 21 04 54 30325.20000 43.27600000 1868.46000 130.75000 17.90900 110.17000
20 6 21 04 55 30325.20000 43.27600000 1868.33000 130.75000 17.90900 110.17000
20 6 21 04 55 30325.20000 43.27600000 1868.33000 130.75000 17.90900 110.17000
20 6 21 04 56 30319.80000 43.27600000 1868.33000 130.75000 17.90900 110.17000
20 6 21 04 56 30333.30000 43.27600000 1868.87000 130.75000 17.84200 110.17000
20 6 21 04 57 30333.30000 43.27600000 1871.28000 130.75000 17.84200 110.17000
20 6 21 04 57 30333.30000 43.34000000 1871.28000 130.75000 17.84200 110.17000
20 6 21 04 58 30334.70000 43.34000000 1871.13000 130.75000 17.84200 110.17000
20 6 21 04 58 30344.80000 43.34000000 1869.57000 130.75000 17.84200 110.17000
20 6 21 04 59 30349.90000 43.34000000 1869.57000 130.75000 17.84200 110.17000
20 6 21 04 59 30333.20000 43.34000000 1869.57000 130.75000 17.84200 110.17000
20 6 21 05 00 30306.50000 43.34000000 1869.57000 130.75000 17.90700 110.17000
20 6 21 05 00 30296.80000 43.34000000 1869.57000 130.75000 17.90700 109.99700
20 6 21 05 01 30317.10000 43.34000000 1867.97000 130.78000 17.97200 109.99700
20 6 21 05 01 30309.70000 43.34000000 1867.74000 130.78000 17.89100 109.99700
20 6 21 05 02 30302.70000 43.34000000 1867.74000 130.70000 17.89100 109.99700
20 6 21 05 02 30302.60000 43.34000000 1867.74000 130.70000 17.89100 109.99700
20 6 21 05 03 30294.00000 43.23600000 1866.90000 130.70000 17.89100 109.99700
20 6 21 05 03 30294.00000 43.23600000 1866.90000 130.70000 17.89100 109.99700
20 6 21 05 04 30294.00000 43.23600000 1864.30000 130.70000 17.89100 109.99700
20 6 21 05 04 30294.00000 43.23600000 1864.92000 130.70000 17.89100 109.99700
20 6 21 05 05 30300.00000 43.23600000 1864.92000 130.70000 17.89100 109.99700
20 6 21 05 05 30312.80000 43.23600000 1866.66000 130.70000 17.89100 109.99700
20 6 21 05 06 30312.80000 43.23600000 1866.02000 130.70000 17.89100 109.99700
20 6 21 05 06 30326.10000 43.23600000 1866.02000 130.75000 17.89100 109.99700
20 6 21 05 06 30341.50000 43.23600000 1866.02000 130.75000 17.89100 109.99700
20 6 21 05 07 30350.10000 43.23600000 1866.02000 130.81000 17.89100 109.99700
20 6 21 05 07 30351.90000 43.23600000 1866.02000 130.81000 17.89100 109.99700
20 6 21 05 08 30351.90000 43.23600000 1868.51000 130.81000 17.89100 109.99700
20 6 21 05 08 30351.90000 43.23600000 1868.51000 130.81000 17.89100 109.99700
20 6 21 05 09 30352.00000 43.23600000 1869.66000 130.81000 17.89100 109.99700
20 6 21 05 09 30352.00000 43.23600000 1869.88000 130.81000 17.89100 109.99700
20 6 21 05 10 30349.20000 43.23600000 1868.99000 130.81000 17.89100 109.99700
20 6 21 05 10 30342.20000 43.23600000 1868.99000 130.81000 17.89100 109.99700
20 6 21 05 11 30337.90000 43.23600000 1868.99000 130.81000 17.89100 109.99700
20 6 21 05 11 30337.90000 43.23600000 1869.99000 130.81000 17.89100 109.99700
20 6 21 05 12 30349.40000 43.23600000 1869.99000 130.81000 17.89100 109.99700
20 6 21 05 12 30349.40000 43.23600000 1870.07000 130.81000 17.89100 109.99700
20 6 21 05 13 30349.40000 43.23600000 1870.01000 130.81000 17.89100 109.99700
20 6 21 05 13 30349.00000 43.23600000 1870.01000 130.81000 17.89100 109.99700
20 6 21 05 14 30333.60000 43.23600000 1870.01000 130.81000 17.89100 109.99700
20 6 21 05 14 30325.50000 43.23600000 1870.01000 130.81000 17.89100 109.99700
20 6 21 05 14 30325.50000 43.23600000 1870.01000 130.76000 17.89100 109.99700
20 6 21 05 15 30325.40000 43.23600000 1870.01000 130.76000 17.89100 109.99700
20 6 21 05 15 30325.40000 43.23600000 1866.19000 130.76000 17.89100 109.99700
20 6 21 05 16 30329.80000 43.23600000 1866.97000 130.76000 17.89100 109.99700
20 6 21 05 16 30332.90000 43.23600000 1866.97000 130.76000 17.89100 109.99700
20 6 21 05 17 30351.90000 43.23600000 1868.82000 130.76000 17.89100 109.99700
20 6 21 05 17 30352.00000 43.23600000 1869.93000 130.76000 17.89100 109.99700
20 6 21 05 18 30352.00000 43.23600000 1869.62000 130.80000 17.89100 109.99700
20 6 21 05 18 30352.00000 43.23600000 1869.62000 130.74000 17.89100 109.99700
20 6 21 05 19 30352.00000 43.23600000 1869.73000 130.74000 17.89100 109.99700
20 6 21 05 19 30352.00000 43.23600000 1870.59000 130.74000 17.89100 109.99700
20 6 21 05 20 30351.90000 43.23600000 1870.58000 130.81000 17.89100 109.99700
20 6 21 05 20 30365.20000 43.23600000 1870.47000 130.81000 17.89100 109.99700
20 6 21 05 21 30351.90000 43.23600000 1869.83000 130.72000 17.89100 109.99700
20 6 21 05 21 30351.90000 43.23600000 1869.24000 130.63000 17.89100 109.99700
20 6 21 05 22 30351.90000 43.23600000 1870.75000 130.63000 17.89100 109.99700
20 6 21 05 22 30351.90000 43.23600000 1873.57000 130.63000 17.89100 109.99700
20 6 21 05 23 30364.20000 43.23600000 1873.57000 130.78000 17.89100 109.99700
20 6 21 05 23 30352.80000 43.23600000 1873.57000 130.75000 18.01400 109.99700
20 6 21 05 24 30351.90000 43.23600000 1871.84000 130.75000 18.01400 109.99700
20 6 21 05 24 30351.90000 43.23600000 1871.84000 130.68000 18.01400 109.99700
20 6 21 05 25 30352.00000 43.23600000 1873.27000 130.68000 18.01400 109.99700
20 6 21 05 25 30352.00000 43.23600000 1873.27000 130.68000 18.01400 109.99700
20 6 21 05 26 30352.00000 43.23600000 1873.70000 130.68000 17.94500 109.99700
20 6 21 05 26 30352.00000 43.23600000 1873.28000 130.68000 17.94500 109.99700
20 6 21 05 27 30355.70000 43.23600000 1873.29000 130.68000 17.94500 109.99700
20 6 21 05 27 30351.90000 43.23600000 1871.27000 130.68000 17.94500 109.99700
20 6 21 05 28 30358.00000 43.23600000 1871.49000 130.68000 17.94500 109.99700
