M=[
28 1 21 07 11 25996.90000 5.98900000 1073.18000 106.72000 16.56600 67.34200
28 1 21 07 11 25936.50000 5.98900000 1072.00000 106.67000 16.56600 67.34200
28 1 21 07 11 25943.80000 5.98900000 1071.14000 106.58000 16.56600 67.34200
28 1 21 07 12 25936.60000 5.98900000 1069.32000 106.58000 16.56600 67.45900
28 1 21 07 12 25900.10000 5.98900000 1069.01000 106.54000 16.56600 67.45900
28 1 21 07 13 25911.80000 5.98900000 1068.53000 106.54000 16.56600 67.45900
28 1 21 07 13 25901.50000 5.98900000 1069.19000 106.54000 16.56600 67.45900
28 1 21 07 14 25905.80000 5.98900000 1068.63000 106.50000 16.56600 67.45900
28 1 21 07 14 25865.10000 5.98900000 1065.83000 106.34000 16.56600 67.45900
28 1 21 07 14 25865.10000 5.98900000 1066.67000 106.37000 16.56600 67.45900
28 1 21 07 15 25885.00000 5.96200000 1067.53000 106.34000 16.56600 67.45900
28 1 21 07 15 25885.00000 5.96200000 1068.60000 106.34000 16.56600 67.45900
28 1 21 07 16 25889.60000 5.96200000 1067.78000 106.34000 16.56600 67.20100
28 1 21 07 16 25850.30000 5.96200000 1066.22000 106.15000 16.56600 67.20100
28 1 21 07 17 25869.60000 5.96200000 1066.83000 106.20000 16.56600 67.20100
28 1 21 07 17 25897.70000 5.96200000 1068.47000 106.28000 16.56600 67.20100
28 1 21 07 17 25904.20000 5.96200000 1068.28000 106.33000 16.56600 67.20100
28 1 21 07 18 25863.20000 5.96200000 1068.94000 106.19000 16.56600 67.20100
28 1 21 07 18 25883.30000 5.96200000 1068.07000 105.86000 16.56600 67.20100
28 1 21 07 19 25861.90000 5.96200000 1068.28000 105.64000 16.56600 67.20100
28 1 21 07 19 25877.90000 5.96200000 1067.11000 105.67000 16.56600 67.20100
28 1 21 07 20 25880.50000 5.96200000 1068.23000 105.78000 16.56600 67.20100
28 1 21 07 20 25870.00000 5.94100000 1067.83000 105.84000 16.56600 67.20100
28 1 21 07 20 25895.40000 5.94100000 1069.45000 105.84000 16.56600 67.20100
28 1 21 07 21 25896.40000 5.94100000 1068.18000 105.83000 16.56600 67.20100
28 1 21 07 21 25900.60000 5.94100000 1068.99000 105.82000 16.56600 67.20100
28 1 21 07 22 25881.60000 5.94100000 1068.30000 105.58000 16.56600 67.63900
28 1 21 07 22 25870.10000 5.94100000 1068.30000 105.54000 16.56600 67.63900
28 1 21 07 23 25883.10000 5.94800000 1069.00000 105.56000 16.56600 67.63900
28 1 21 07 23 25847.00000 5.94100000 1069.00000 105.44000 16.56600 67.63900
28 1 21 07 23 25870.50000 5.94100000 1069.09000 105.60000 16.56600 67.63900
28 1 21 07 24 25848.60000 5.94100000 1067.06000 105.60000 16.56600 67.63900
28 1 21 07 24 25849.60000 5.94100000 1066.74000 105.54000 16.56600 67.63900
28 1 21 07 25 25878.80000 5.94100000 1066.99000 105.75000 16.56600 67.63900
28 1 21 07 25 25864.80000 5.94100000 1068.72000 105.81000 16.56600 67.63900
28 1 21 07 26 25854.50000 5.92600000 1066.84000 105.72000 16.56600 67.63900
28 1 21 07 26 25787.70000 5.92600000 1065.66000 105.50000 16.56600 67.63900
28 1 21 07 26 25786.50000 5.92600000 1063.76000 105.53000 16.56600 67.63900
28 1 21 07 27 25787.00000 5.92600000 1063.08000 105.53000 16.56600 67.63900
28 1 21 07 27 25820.40000 5.91600000 1062.58000 105.58000 16.56600 67.63900
28 1 21 07 28 25824.10000 5.91600000 1065.14000 105.55000 16.56600 67.63900
28 1 21 07 28 25845.00000 5.91600000 1065.58000 105.59000 16.56600 67.63900
28 1 21 07 29 25850.50000 5.91600000 1064.42000 105.59000 16.56600 67.63900
28 1 21 07 29 25846.30000 5.91600000 1065.13000 105.58000 16.56600 67.63900
28 1 21 07 29 25851.40000 5.91600000 1064.54000 105.58000 16.56600 67.63900
28 1 21 07 30 25849.40000 5.91600000 1065.43000 105.70000 16.56600 67.63900
28 1 21 07 30 25858.10000 5.91600000 1066.11000 105.77000 16.56600 67.63900
28 1 21 07 31 25866.70000 5.91600000 1066.31000 105.80000 16.56600 67.63900
28 1 21 07 31 25837.60000 5.91600000 1064.12000 105.81000 16.56600 67.63900
28 1 21 07 32 25810.90000 5.91600000 1062.60000 105.62000 16.56600 67.63900
28 1 21 07 32 25839.00000 5.91600000 1064.49000 105.62000 16.56600 67.63900
28 1 21 07 32 25836.10000 5.91600000 1064.82000 105.62000 16.56600 67.63900
28 1 21 07 33 25844.90000 5.91600000 1064.15000 105.62000 16.56600 67.63900
28 1 21 07 33 25828.70000 5.89900000 1063.29000 105.77000 16.56600 67.63900
28 1 21 07 34 25813.40000 5.89900000 1063.29000 105.77000 16.56600 67.63900
28 1 21 07 34 25777.10000 5.89900000 1058.85000 105.57000 16.56600 67.63900
28 1 21 07 35 25773.10000 5.89900000 1060.43000 105.57000 16.56600 67.63900
28 1 21 07 35 25779.90000 5.89900000 1061.23000 105.57000 16.56600 67.63900
28 1 21 07 35 25785.60000 5.89900000 1062.00000 105.72000 16.56600 67.63900
28 1 21 07 36 25758.70000 5.89900000 1059.43000 105.65000 16.56600 67.63900
28 1 21 07 36 25779.50000 5.89900000 1061.26000 105.71000 16.56600 67.63900
28 1 21 07 37 25827.40000 5.89900000 1063.00000 105.85000 16.56600 67.63900
28 1 21 07 37 25811.30000 5.89900000 1062.82000 105.89000 16.56600 67.63900
28 1 21 07 38 25827.80000 5.89900000 1063.30000 105.89000 16.56600 67.63900
28 1 21 07 38 25827.40000 5.89100000 1062.76000 105.89000 16.56600 67.63900
28 1 21 07 39 25832.90000 5.89100000 1063.37000 105.89000 16.56600 67.63900
28 1 21 07 39 25840.70000 5.89100000 1062.60000 105.85000 16.56600 67.63900
28 1 21 07 39 25843.20000 5.89100000 1062.78000 105.87000 16.56600 67.63900
28 1 21 07 40 25843.80000 5.89100000 1062.18000 105.98000 16.56600 67.63900
28 1 21 07 40 25843.80000 5.89100000 1062.05000 105.96000 16.56600 67.63900
28 1 21 07 41 25843.90000 5.89100000 1064.47000 105.95000 16.56600 67.63900
28 1 21 07 41 25843.80000 5.89100000 1064.97000 105.95000 16.56600 67.63900
28 1 21 07 42 25847.70000 5.89100000 1064.26000 106.03000 16.56600 67.63900
28 1 21 07 42 25810.30000 5.89100000 1063.11000 106.03000 16.33000 67.63900
28 1 21 07 42 25820.30000 5.89100000 1062.83000 106.03000 16.33000 67.63900
28 1 21 07 43 25839.00000 5.89100000 1064.76000 106.13000 16.33000 67.24400
28 1 21 07 43 25862.60000 5.89100000 1065.31000 106.13000 16.33000 67.24400
28 1 21 07 44 25862.50000 5.89100000 1065.05000 106.13000 16.33000 67.39000
28 1 21 07 44 25862.50000 5.89100000 1065.48000 106.13000 16.33000 67.39000
28 1 21 07 44 25878.80000 5.89100000 1066.06000 106.07000 16.33000 67.39000
28 1 21 07 45 25872.80000 5.89100000 1066.70000 106.07000 16.33000 67.39000
28 1 21 07 45 25847.20000 5.89100000 1066.99000 106.07000 16.33000 67.39000
28 1 21 07 46 25872.90000 5.89100000 1066.37000 106.07000 16.33000 67.56900
28 1 21 07 46 25839.60000 5.89100000 1066.40000 106.07000 16.33000 67.44300
28 1 21 07 47 25839.60000 5.89100000 1065.99000 106.07000 16.33000 67.44300
28 1 21 07 47 25819.60000 5.89100000 1065.61000 106.07000 16.33000 67.44900
28 1 21 07 48 25833.80000 5.89100000 1066.20000 106.07000 16.33000 67.44900
28 1 21 07 48 25823.10000 5.89100000 1066.53000 106.36000 16.33000 67.44900
28 1 21 07 48 25828.80000 5.89100000 1066.16000 106.45000 16.33000 67.44900
28 1 21 07 49 25823.60000 5.89100000 1065.97000 106.46000 16.33000 67.44900
28 1 21 07 49 25823.10000 5.89100000 1065.31000 106.33000 16.33000 67.44900
28 1 21 07 50 25829.60000 5.89100000 1065.93000 106.33000 16.33000 67.44900
28 1 21 07 50 25831.00000 5.89100000 1065.92000 106.33000 16.33000 67.44900
28 1 21 07 50 25835.00000 5.89100000 1065.92000 106.33000 16.33000 67.44900
28 1 21 07 51 25835.00000 5.89100000 1065.20000 106.33000 16.33000 67.44900
28 1 21 07 51 25834.90000 5.89100000 1065.29000 106.33000 16.33000 67.44900
28 1 21 07 52 25820.10000 5.89100000 1064.41000 106.32000 16.33000 67.44900
28 1 21 07 52 25800.00000 5.89100000 1064.07000 106.26000 16.33000 67.44900
28 1 21 07 53 25800.10000 5.89100000 1064.27000 106.29000 16.33000 67.44900
28 1 21 07 53 25786.50000 5.89100000 1063.44000 106.21000 16.33000 67.44900
28 1 21 07 53 25784.10000 5.89100000 1062.73000 106.21000 16.33000 67.44900
28 1 21 07 54 25750.00000 5.89100000 1062.24000 106.16000 16.33000 67.44900
28 1 21 07 54 25731.40000 5.89100000 1060.30000 105.95000 16.33000 67.44900
28 1 21 07 55 25724.90000 5.89100000 1059.14000 105.61000 16.33000 67.44900
28 1 21 07 55 25733.10000 5.89100000 1059.56000 105.79000 16.33000 67.44900
