M=[
 7 8 20 22 57 9866.70000 5.85100000 324.07000 48.74000 17.70600 79.93800
 7 8 20 22 58 9866.70000 5.85100000 324.03000 48.74000 17.70600 79.93800
 7 8 20 22 58 9861.60000 5.85100000 323.58000 48.74000 17.70600 79.93800
 7 8 20 22 59 9861.70000 5.85100000 323.58000 48.74000 17.70600 79.99800
 7 8 20 22 59 9857.70000 5.85100000 323.22000 48.74000 17.70600 79.99800
 7 8 20 23 00 9853.30000 5.85100000 323.21000 48.74000 17.70600 79.99800
 7 8 20 23 00 9853.30000 5.85100000 323.17000 48.74000 17.70400 79.99800
 7 8 20 23 01 9853.20000 5.85100000 323.23000 48.74000 17.70400 79.99800
 7 8 20 23 01 9859.90000 5.85100000 323.23000 48.77000 17.70400 79.99800
 7 8 20 23 02 9859.70000 5.85100000 324.00000 48.77000 17.70400 80.01000
 7 8 20 23 02 9859.90000 5.85100000 323.94000 48.77000 17.70400 80.01000
 7 8 20 23 03 9866.50000 5.85100000 323.85000 48.77000 17.70400 80.01000
 7 8 20 23 03 9870.00000 5.85100000 323.87000 48.80000 17.72000 80.01000
 7 8 20 23 03 9884.00000 5.85100000 323.87000 48.80000 17.72000 80.01000
 7 8 20 23 04 9884.90000 5.85100000 324.50000 48.80000 17.77100 80.01000
 7 8 20 23 04 9885.00000 5.85100000 324.81000 48.80000 17.77100 80.01000
 7 8 20 23 05 9884.90000 5.85100000 324.79000 48.87000 17.77100 80.01000
 7 8 20 23 05 9885.00000 5.85100000 324.82000 48.89000 17.77100 80.01000
 7 8 20 23 06 9885.00000 5.85100000 324.80000 48.89000 17.77100 80.01000
 7 8 20 23 06 9885.00000 5.85100000 324.81000 48.89000 17.77000 80.01000
 7 8 20 23 07 9885.00000 5.85100000 324.81000 48.89000 17.77000 80.01000
 7 8 20 23 07 9875.40000 5.85100000 324.47000 48.89000 17.77000 80.01000
 7 8 20 23 08 9874.90000 5.85100000 324.28000 48.89000 17.77000 80.52700
 7 8 20 23 08 9875.00000 5.85100000 324.29000 48.89000 17.77000 80.54400
 7 8 20 23 09 9879.00000 5.85100000 324.37000 48.93000 17.77000 80.54400
 7 8 20 23 09 9877.60000 5.85100000 324.75000 48.93000 17.75100 80.54400
 7 8 20 23 10 9877.70000 5.85100000 324.76000 48.93000 17.75100 80.54400
 7 8 20 23 10 9877.70000 5.85100000 324.76000 48.93000 17.75100 80.54400
 7 8 20 23 10 9877.60000 5.85100000 324.69000 48.93000 17.75100 80.57900
 7 8 20 23 11 9877.70000 5.85100000 324.45000 48.93000 17.75100 80.64500
 7 8 20 23 11 9877.70000 5.85100000 324.45000 48.94000 17.75100 80.72100
 7 8 20 23 12 9883.30000 5.85100000 324.44000 48.94000 17.75100 80.76900
 7 8 20 23 12 9884.80000 5.85100000 324.92000 48.94000 17.74600 80.76900
 7 8 20 23 13 9884.80000 5.85100000 325.41000 48.94000 17.74600 81.01200
 7 8 20 23 13 9885.00000 5.85100000 325.55000 48.94000 17.74600 80.98400
 7 8 20 23 14 9884.90000 5.85100000 325.47000 48.94000 17.74600 80.98400
 7 8 20 23 14 9884.90000 5.86900000 325.55000 48.94000 17.74600 80.98400
 7 8 20 23 15 9885.00000 5.87000000 325.53000 48.94000 17.74600 80.98400
 7 8 20 23 15 9884.90000 5.87000000 325.50000 48.94000 17.74600 80.98400
 7 8 20 23 16 9884.40000 5.87000000 325.07000 48.94000 17.74600 81.03500
 7 8 20 23 16 9884.40000 5.87000000 325.00000 48.94000 17.74600 81.03500
 7 8 20 23 16 9884.40000 5.87000000 325.00000 48.94000 17.74600 81.03500
 7 8 20 23 17 9884.50000 5.87000000 324.72000 48.94000 17.74600 81.03500
 7 8 20 23 17 9884.40000 5.87000000 324.53000 48.94000 17.74600 81.03500
 7 8 20 23 18 9880.10000 5.87000000 324.47000 48.98000 17.74600 80.99300
 7 8 20 23 18 9880.20000 5.87000000 324.46000 48.98000 17.74700 80.99300
 7 8 20 23 19 9873.90000 5.87000000 324.44000 48.98000 17.74700 80.99300
 7 8 20 23 19 9872.10000 5.87000000 324.14000 48.98000 17.74700 80.99300
 7 8 20 23 20 9871.20000 5.87000000 324.14000 48.98000 17.74700 80.99300
 7 8 20 23 20 9871.20000 5.87000000 324.14000 48.98000 17.74700 80.99300
 7 8 20 23 21 9875.60000 5.87000000 324.14000 48.98000 17.74700 81.06000
 7 8 20 23 21 9876.90000 5.87000000 324.14000 48.91000 17.73300 81.06000
 7 8 20 23 21 9877.50000 5.87000000 324.14000 48.91000 17.73300 81.05900
 7 8 20 23 22 9878.90000 5.87000000 324.41000 48.90000 17.73300 81.06000
 7 8 20 23 22 9877.90000 5.87000000 324.41000 48.90000 17.73300 81.06000
 7 8 20 23 23 9876.30000 5.87000000 324.41000 48.90000 17.73300 81.06000
 7 8 20 23 23 9874.10000 5.87000000 324.01000 48.90000 17.73300 81.06000
 7 8 20 23 24 9870.00000 5.87000000 324.01000 48.90000 17.73300 81.06500
 7 8 20 23 24 9870.00000 5.87000000 323.84000 48.90000 17.72300 81.06500
 7 8 20 23 25 9870.10000 5.87000000 323.84000 48.90000 17.72300 81.06500
 7 8 20 23 25 9870.10000 5.87000000 323.84000 48.90000 17.72300 81.06500
 7 8 20 23 26 9870.00000 5.87000000 323.48000 48.90000 17.72300 81.06500
 7 8 20 23 26 9870.00000 5.84500000 323.46000 48.86000 17.72300 81.06500
 7 8 20 23 27 9860.80000 5.84500000 323.33000 48.86000 17.72300 81.06500
 7 8 20 23 27 9860.70000 5.84500000 323.34000 48.81000 17.70600 81.06500
 7 8 20 23 28 9864.20000 5.84500000 323.77000 48.81000 17.70600 81.06500
 7 8 20 23 28 9864.20000 5.84500000 323.81000 48.81000 17.70600 81.06500
 7 8 20 23 28 9860.80000 5.84500000 323.80000 48.81000 17.70600 81.06500
 7 8 20 23 29 9860.80000 5.84500000 323.80000 48.81000 17.70600 81.06500
 7 8 20 23 29 9853.80000 5.84500000 323.45000 48.81000 17.70600 81.06500
 7 8 20 23 30 9853.30000 5.84500000 323.22000 48.81000 17.70600 81.06500
 7 8 20 23 30 9853.20000 5.84500000 323.14000 48.81000 17.70600 81.06500
 7 8 20 23 31 9853.30000 5.84500000 323.14000 48.81000 17.70600 81.06500
 7 8 20 23 31 9863.70000 5.84500000 323.35000 48.81000 17.70600 81.06500
 7 8 20 23 32 9864.30000 5.84500000 323.35000 48.81000 17.70600 81.06500
 7 8 20 23 32 9864.30000 5.84500000 323.98000 48.81000 17.70600 81.06500
 7 8 20 23 33 9863.10000 5.84500000 323.97000 48.77000 17.70600 81.06500
 7 8 20 23 33 9863.20000 5.84500000 323.89000 48.77000 17.70400 81.06500
 7 8 20 23 33 9863.20000 5.84500000 323.89000 48.77000 17.70400 81.06500
 7 8 20 23 34 9863.20000 5.84500000 323.82000 48.77000 17.70400 81.06500
 7 8 20 23 34 9863.10000 5.84500000 323.73000 48.77000 17.70400 81.06500
 7 8 20 23 35 9856.30000 5.84500000 323.36000 48.75000 17.70400 81.06500
 7 8 20 23 35 9856.40000 5.84500000 323.17000 48.75000 17.70400 81.06500
 7 8 20 23 36 9854.40000 5.84500000 323.17000 48.68000 17.70400 81.06500
 7 8 20 23 36 9850.60000 5.84500000 323.01000 48.68000 17.68100 80.65900
 7 8 20 23 37 9836.10000 5.84500000 322.49000 48.68000 17.68100 80.65900
 7 8 20 23 37 9844.70000 5.84500000 322.81000 48.68000 17.68100 80.65900
 7 8 20 23 38 9847.40000 5.84500000 322.81000 48.59000 17.68100 80.65900
 7 8 20 23 38 9847.50000 5.84500000 322.47000 48.59000 17.68100 80.65900
 7 8 20 23 39 9844.90000 5.84500000 322.16000 48.59000 17.68100 80.65900
 7 8 20 23 39 9842.80000 5.84500000 322.12000 48.54000 17.67100 80.65900
 7 8 20 23 40 9837.70000 5.84500000 322.17000 48.54000 17.67100 80.65900
 7 8 20 23 40 9837.80000 5.84500000 322.31000 48.54000 17.67100 80.65900
 7 8 20 23 41 9837.80000 5.84500000 322.26000 48.54000 17.67100 80.65900
 7 8 20 23 41 9837.70000 5.84500000 322.22000 48.54000 17.67100 80.10800
 7 8 20 23 42 9837.70000 5.84500000 322.16000 48.51000 17.67100 80.10800
 7 8 20 23 42 9837.60000 5.84500000 322.16000 48.51000 17.63300 80.10800
 7 8 20 23 42 9835.50000 5.84500000 322.17000 48.48000 17.63300 80.10800
 7 8 20 23 43 9833.60000 5.84500000 322.17000 48.48000 17.63300 80.10800
 7 8 20 23 44 9856.00000 5.84500000 322.17000 48.54000 17.63300 80.09000
 7 8 20 23 44 9856.20000 5.84500000 323.23000 48.54000 17.69900 80.09000
 7 8 20 23 44 9847.10000 5.84500000 323.23000 48.54000 17.69900 80.09000
 7 8 20 23 45 9846.00000 5.84500000 322.72000 48.54000 17.69900 80.09000
 7 8 20 23 45 9845.90000 5.84500000 322.64000 48.54000 17.68800 80.09000
 7 8 20 23 46 9844.80000 5.84500000 322.64000 48.54000 17.68800 80.09000
 7 8 20 23 46 9845.90000 5.84500000 322.64000 48.54000 17.68800 80.09000
 7 8 20 23 47 9845.70000 5.84500000 322.93000 48.54000 17.68800 80.09000
 7 8 20 23 47 9845.80000 5.84500000 322.83000 48.54000 17.68800 80.09000
 7 8 20 23 48 9831.70000 5.83400000 321.94000 48.54000 17.68800 80.09000
