M=[
 3 2 21 22 16 31081.00000 6.53700000 1361.00000 129.12000 17.36900 78.93300
 3 2 21 22 16 31081.00000 6.53700000 1362.53000 129.12000 17.36900 78.93300
 3 2 21 22 16 31082.10000 6.54400000 1362.54000 129.12000 17.36900 78.93300
 3 2 21 22 17 31100.00000 6.54400000 1362.99000 129.05000 17.36900 78.93300
 3 2 21 22 17 31100.00000 6.54400000 1363.90000 128.99000 17.36900 78.93300
 3 2 21 22 18 31110.10000 6.54400000 1363.90000 129.06000 17.36900 78.93300
 3 2 21 22 18 31144.80000 6.55300000 1363.88000 129.06000 17.36900 78.93700
 3 2 21 22 19 31144.80000 6.55300000 1364.99000 129.06000 17.36900 78.93700
 3 2 21 22 19 31104.50000 6.55300000 1365.78000 129.08000 17.36900 78.93700
 3 2 21 22 19 31130.00000 6.55300000 1368.00000 129.05000 17.36900 78.93700
 3 2 21 22 20 31132.30000 6.56500000 1367.17000 129.05000 17.36900 78.93700
 3 2 21 22 20 31135.50000 6.56500000 1366.66000 129.12000 17.36900 78.93700
 3 2 21 22 21 31132.20000 6.56400000 1365.99000 129.12000 17.36900 78.93700
 3 2 21 22 21 31130.40000 6.56400000 1364.67000 129.06000 17.36900 78.93700
 3 2 21 22 22 31130.10000 6.56400000 1364.37000 129.06000 17.36900 78.93700
 3 2 21 22 22 31130.10000 6.56400000 1363.90000 129.06000 17.36900 78.93700
 3 2 21 22 23 31110.20000 6.56400000 1362.13000 128.97000 17.36900 78.93700
 3 2 21 22 23 31110.30000 6.56400000 1363.25000 128.95000 17.36900 78.93700
 3 2 21 22 23 31110.20000 6.56400000 1363.88000 128.95000 17.36900 78.93700
 3 2 21 22 24 31100.00000 6.56400000 1363.86000 128.81000 17.36900 78.93700
 3 2 21 22 24 31060.70000 6.56400000 1361.94000 128.81000 17.36900 78.93700
 3 2 21 22 25 31048.90000 6.56400000 1361.94000 128.81000 17.36900 78.93700
 3 2 21 22 25 31045.70000 6.56400000 1364.90000 128.81000 17.36900 78.93700
 3 2 21 22 26 31035.10000 6.56400000 1364.18000 128.83000 17.36900 78.93700
 3 2 21 22 26 31035.00000 6.56400000 1364.90000 128.94000 17.36900 78.93700
 3 2 21 22 26 31031.70000 6.56400000 1364.89000 128.90000 17.36900 78.93700
 3 2 21 22 27 31034.90000 6.56400000 1365.13000 128.90000 17.36900 78.93700
 3 2 21 22 27 31048.20000 6.56400000 1366.36000 128.98000 17.36900 78.93700
 3 2 21 22 28 31050.00000 6.56400000 1367.45000 129.04000 17.36900 79.07700
 3 2 21 22 28 31050.00000 6.56400000 1366.00000 129.12000 17.36900 79.19500
 3 2 21 22 29 31069.90000 6.56400000 1367.28000 129.12000 17.36900 79.19500
 3 2 21 22 29 31069.90000 6.56400000 1366.00000 129.20000 17.36900 79.19500
 3 2 21 22 29 31066.50000 6.56400000 1365.99000 129.24000 17.36900 79.20000
 3 2 21 22 30 31075.00000 6.56400000 1367.37000 129.13000 17.36900 79.20000
 3 2 21 22 30 31075.00000 6.58200000 1367.69000 129.12000 17.36900 79.20000
 3 2 21 22 31 31075.00000 6.58200000 1367.80000 129.13000 17.36900 79.20000
 3 2 21 22 31 31104.70000 6.58200000 1367.01000 129.16000 17.31200 79.20000
 3 2 21 22 31 31109.60000 6.58200000 1367.59000 129.12000 17.31200 79.20000
 3 2 21 22 32 31130.80000 6.58200000 1367.58000 129.09000 17.31200 79.20000
 3 2 21 22 32 31130.40000 6.58200000 1367.33000 129.09000 17.31200 79.20000
 3 2 21 22 33 31144.90000 6.58200000 1368.01000 129.13000 17.31200 79.20000
 3 2 21 22 33 31149.00000 6.58200000 1368.32000 129.13000 17.31200 79.20000
 3 2 21 22 34 31144.80000 6.58200000 1368.57000 129.03000 17.31200 79.20000
 3 2 21 22 34 31143.60000 6.58200000 1370.00000 129.03000 17.31200 79.20000
 3 2 21 22 35 31139.40000 6.58200000 1369.86000 128.96000 17.31200 79.18800
 3 2 21 22 35 31125.70000 6.58200000 1369.88000 128.81000 17.31200 79.18800
 3 2 21 22 35 31125.10000 6.57900000 1367.35000 128.65000 17.31200 79.18800
 3 2 21 22 36 31097.60000 6.57900000 1368.49000 128.53000 17.31200 79.18800
 3 2 21 22 36 31063.30000 6.57900000 1366.55000 128.31000 17.31200 79.18800
 3 2 21 22 37 31060.10000 6.57900000 1366.88000 128.13000 17.31200 79.18800
 3 2 21 22 37 31035.00000 6.57900000 1366.01000 128.21000 17.31200 79.18800
 3 2 21 22 38 31030.00000 6.57900000 1365.71000 128.16000 17.31200 79.18800
 3 2 21 22 38 31048.20000 6.57900000 1366.82000 128.19000 17.31200 79.18800
 3 2 21 22 38 31045.70000 6.57900000 1365.58000 128.19000 17.31200 79.18800
 3 2 21 22 39 31066.60000 6.57900000 1366.88000 128.35000 17.31200 79.18800
 3 2 21 22 39 31065.90000 6.57900000 1366.55000 128.39000 17.31200 79.18800
 3 2 21 22 40 31065.30000 6.57900000 1367.16000 128.36000 17.31200 79.18800
 3 2 21 22 40 31059.30000 6.57900000 1366.39000 128.27000 17.31200 79.18800
 3 2 21 22 41 31050.00000 6.57900000 1366.60000 128.26000 17.34100 79.18800
 3 2 21 22 41 31048.50000 6.56600000 1366.14000 128.27000 17.34100 79.18800
 3 2 21 22 41 31044.60000 6.56600000 1366.03000 128.25000 17.34100 79.18800
 3 2 21 22 42 31040.80000 6.56600000 1365.87000 128.25000 17.34100 78.98600
 3 2 21 22 42 31042.50000 6.56600000 1366.49000 128.25000 17.34100 78.98600
 3 2 21 22 43 31042.60000 6.56600000 1366.51000 128.46000 17.34100 78.98600
 3 2 21 22 43 31074.10000 6.56600000 1366.90000 128.50000 17.34100 78.98600
 3 2 21 22 44 31074.00000 6.56600000 1366.38000 128.47000 17.34100 78.98600
 3 2 21 22 44 31067.50000 6.56600000 1366.15000 128.47000 17.34100 78.98600
 3 2 21 22 44 31066.10000 6.56600000 1365.54000 128.49000 17.34100 78.98600
 3 2 21 22 45 31054.50000 6.56600000 1366.36000 128.51000 17.34100 78.98600
 3 2 21 22 45 31041.90000 6.58100000 1366.15000 128.50000 17.34100 78.98600
 3 2 21 22 46 31068.40000 6.59000000 1365.05000 128.54000 17.34100 79.20700
 3 2 21 22 46 31070.80000 6.59000000 1365.52000 128.62000 17.34100 79.19800
 3 2 21 22 47 31070.40000 6.59000000 1365.96000 128.62000 17.34100 79.19800
 3 2 21 22 47 31075.20000 6.59000000 1366.25000 128.77000 17.34100 79.19800
 3 2 21 22 47 31075.20000 6.59000000 1365.93000 128.76000 17.34100 79.16000
 3 2 21 22 48 31060.00000 6.55800000 1365.54000 128.68000 17.36000 79.16000
 3 2 21 22 48 31033.10000 6.55800000 1365.03000 128.66000 17.36000 79.16000
 3 2 21 22 49 31052.20000 6.55800000 1363.68000 128.66000 17.36000 79.16000
 3 2 21 22 49 31015.10000 6.55800000 1362.61000 128.66000 17.36000 79.16000
 3 2 21 22 50 31019.80000 6.55800000 1362.83000 128.66000 17.36000 79.16000
 3 2 21 22 50 31043.40000 6.55800000 1361.94000 128.75000 17.36000 79.16000
 3 2 21 22 50 31031.70000 6.55800000 1361.45000 128.75000 17.36000 79.16000
 3 2 21 22 51 31033.60000 6.55800000 1361.39000 128.66000 17.30300 79.16000
 3 2 21 22 51 31033.20000 6.55800000 1361.44000 128.66000 17.30300 79.16000
 3 2 21 22 52 31033.30000 6.55800000 1360.09000 128.66000 17.35900 79.16000
 3 2 21 22 52 31016.10000 6.57900000 1360.09000 128.64000 17.35900 79.16000
 3 2 21 22 53 30980.00000 6.57900000 1358.25000 128.59000 17.35900 79.16000
 3 2 21 22 53 31016.60000 6.57900000 1359.40000 128.54000 17.35900 79.16000
 3 2 21 22 53 31016.50000 6.56200000 1361.23000 128.54000 17.35900 79.16000
 3 2 21 22 54 31000.00000 6.56200000 1360.47000 128.58000 17.32900 79.16000
 3 2 21 22 54 30986.80000 6.56200000 1360.43000 128.60000 17.32900 79.16000
 3 2 21 22 55 30980.30000 6.56200000 1360.62000 128.52000 17.32900 79.16000
 3 2 21 22 55 30980.30000 6.56200000 1360.62000 128.66000 17.32900 79.16000
 3 2 21 22 56 30980.20000 6.56200000 1360.60000 128.66000 17.36000 79.16000
 3 2 21 22 56 30980.20000 6.56200000 1361.45000 128.66000 17.36000 79.01100
 3 2 21 22 56 31009.50000 6.56200000 1361.54000 128.66000 17.36000 79.01100
 3 2 21 22 57 30998.00000 6.56200000 1362.20000 128.57000 17.36000 79.01100
 3 2 21 22 57 30999.00000 6.56200000 1362.14000 128.52000 17.36000 79.01100
 3 2 21 22 58 30980.00000 6.56200000 1362.14000 128.48000 17.36000 79.01100
 3 2 21 22 58 30994.70000 6.56200000 1362.15000 128.42000 17.36000 78.84500
 3 2 21 22 59 30985.80000 6.56200000 1362.14000 128.42000 17.36000 78.84500
 3 2 21 22 59 30980.00000 6.56200000 1361.06000 128.48000 17.36000 78.84500
 3 2 21 22 59 30987.20000 6.56200000 1361.06000 128.58000 17.36000 78.82900
 3 2 21 23 00 30998.20000 6.56200000 1360.80000 128.58000 17.36000 78.82900
 3 2 21 23 00 30996.60000 6.56200000 1360.71000 128.58000 17.36000 78.82900
