M=[
27 10 20 11 10 11240.00000 4.70100000 335.76000 48.65000 11.05700 51.59900
27 10 20 11 11 11234.80000 4.70100000 335.72000 48.51000 11.05700 51.59900
27 10 20 11 11 11241.30000 4.70100000 335.41000 48.63000 11.05700 51.59900
27 10 20 11 11 11242.10000 4.70100000 335.35000 48.62000 11.05700 51.59900
27 10 20 11 12 11248.90000 4.70100000 335.35000 48.62000 11.05700 51.59900
27 10 20 11 12 11246.60000 4.70100000 335.36000 48.54000 11.05700 51.59900
27 10 20 11 13 11249.90000 4.70100000 335.36000 48.49000 11.05700 51.59900
27 10 20 11 13 11248.90000 4.70100000 335.53000 48.49000 11.05700 51.59900
27 10 20 11 14 11248.10000 4.70100000 335.53000 48.49000 11.05700 51.59900
27 10 20 11 14 11249.90000 4.70100000 335.53000 48.49000 11.05700 51.59900
27 10 20 11 15 11250.00000 4.70100000 335.53000 48.47000 11.05700 51.59900
27 10 20 11 15 11249.90000 4.70100000 335.53000 48.49000 11.05700 51.59900
27 10 20 11 15 11249.50000 4.70100000 335.73000 48.49000 11.05700 51.59900
27 10 20 11 16 11246.70000 4.70100000 335.73000 48.49000 11.05700 51.59900
27 10 20 11 16 11240.00000 4.70100000 335.72000 48.45000 11.05700 51.59900
27 10 20 11 17 11242.00000 4.70100000 335.72000 48.45000 11.05700 51.59900
27 10 20 11 17 11240.10000 4.70100000 335.66000 48.45000 11.05700 51.59900
27 10 20 11 18 11244.60000 4.70100000 335.56000 48.45000 11.05700 51.59900
27 10 20 11 18 11256.20000 4.70100000 335.88000 48.45000 11.05700 51.59900
27 10 20 11 18 11265.00000 4.70100000 336.14000 48.45000 11.05700 51.59900
27 10 20 11 19 11269.60000 4.70100000 336.43000 48.55000 11.05700 51.59900
27 10 20 11 19 11270.00000 4.70100000 336.53000 48.63000 11.05700 51.59900
27 10 20 11 20 11292.50000 4.70100000 336.90000 48.61000 11.05700 51.59900
27 10 20 11 20 11346.80000 4.70100000 337.70000 48.63000 11.05700 51.59900
27 10 20 11 21 11349.00000 4.70100000 337.42000 48.55000 11.05700 51.45800
27 10 20 11 21 11353.80000 4.70100000 337.86000 48.65000 11.05700 51.45800
27 10 20 11 22 11340.10000 4.70100000 337.70000 48.65000 11.05700 51.45800
27 10 20 11 22 11333.70000 4.70100000 337.58000 48.60000 11.05700 51.45800
27 10 20 11 22 11325.80000 4.70100000 337.52000 48.60000 11.05700 51.45800
27 10 20 11 23 11320.10000 4.70100000 337.50000 48.60000 11.05700 51.45800
27 10 20 11 23 11335.00000 4.70100000 337.19000 48.79000 11.05700 51.45800
27 10 20 11 24 11332.50000 4.70100000 337.28000 48.79000 11.05700 51.45800
27 10 20 11 24 11322.00000 4.70100000 337.28000 48.80000 11.05700 51.45800
27 10 20 11 25 11323.90000 4.70100000 337.27000 48.81000 11.05700 51.45800
27 10 20 11 25 11333.60000 4.70100000 337.22000 48.93000 11.05700 51.45800
27 10 20 11 25 11334.80000 4.70100000 337.30000 48.98000 11.05700 51.45800
27 10 20 11 26 11362.80000 4.71700000 337.52000 48.98000 11.05700 51.45800
27 10 20 11 26 11363.90000 4.71700000 337.88000 49.10000 11.05700 51.45800
27 10 20 11 27 11371.90000 4.71700000 338.44000 49.15000 11.05700 51.45800
27 10 20 11 27 11362.20000 4.71700000 338.57000 49.15000 11.05700 51.45800
27 10 20 11 28 11369.90000 4.72300000 339.13000 49.15000 11.05700 51.49900
27 10 20 11 28 11374.80000 4.72300000 339.99000 49.24000 11.05700 51.49900
27 10 20 11 28 11392.10000 4.72300000 340.44000 49.30000 11.05700 51.49900
27 10 20 11 29 11394.80000 4.72300000 340.61000 49.37000 11.05700 51.49900
27 10 20 11 29 11394.10000 4.72300000 340.78000 49.26000 11.05700 51.49900
27 10 20 11 30 11400.00000 4.72300000 341.42000 49.32000 11.05700 51.49900
27 10 20 11 30 11422.20000 4.72300000 341.25000 49.40000 11.05700 51.49900
27 10 20 11 31 11401.10000 4.72300000 341.27000 49.40000 11.05700 51.49900
27 10 20 11 31 11398.20000 4.72300000 340.60000 49.40000 11.05700 51.49900
27 10 20 11 31 11395.10000 4.72300000 340.21000 49.31000 11.05700 51.49900
27 10 20 11 32 11387.10000 4.72300000 339.94000 49.31000 11.05700 51.49900
27 10 20 11 32 11383.90000 4.72300000 340.34000 49.31000 11.05700 51.49900
27 10 20 11 33 11372.30000 4.72300000 339.79000 49.22000 11.05700 51.49900
27 10 20 11 33 11353.20000 4.72300000 339.54000 49.23000 11.05700 51.49900
27 10 20 11 34 11357.90000 4.72300000 339.47000 49.11000 11.05700 51.48100
27 10 20 11 34 11350.00000 4.74100000 339.53000 49.18000 11.05700 51.48100
27 10 20 11 35 11348.20000 4.74100000 339.53000 49.18000 11.05700 51.48100
27 10 20 11 35 11354.90000 4.74100000 339.56000 49.18000 11.05700 51.48100
27 10 20 11 35 11348.90000 4.74100000 339.00000 49.18000 11.05700 51.48100
27 10 20 11 36 11353.80000 4.74100000 339.01000 49.18000 11.05700 51.48100
27 10 20 11 36 11350.10000 4.74100000 339.00000 49.18000 11.05700 51.48100
27 10 20 11 37 11342.20000 4.74100000 339.01000 49.04000 11.05700 51.50000
27 10 20 11 37 11348.00000 4.74100000 339.00000 48.93000 11.05700 51.50000
27 10 20 11 38 11346.70000 4.74100000 339.00000 48.92000 11.05700 51.42000
27 10 20 11 38 11342.40000 4.74100000 339.00000 48.92000 11.05700 51.42000
27 10 20 11 38 11341.20000 4.74100000 339.00000 48.88000 11.05700 51.42000
27 10 20 11 39 11341.00000 4.74100000 339.32000 48.78000 11.05700 51.42000
27 10 20 11 39 11350.00000 4.74100000 339.61000 48.72000 11.05700 51.42000
27 10 20 11 40 11355.30000 4.74100000 339.61000 48.80000 11.05700 51.42000
27 10 20 11 40 11365.40000 4.74100000 339.68000 48.84000 11.05700 51.48300
27 10 20 11 41 11361.10000 4.74100000 339.66000 48.79000 11.05700 51.48300
27 10 20 11 41 11350.00000 4.74100000 339.66000 48.76000 11.05700 51.48300
27 10 20 11 42 11350.10000 4.74100000 339.45000 48.69000 11.05700 51.48300
27 10 20 11 42 11346.30000 4.74100000 339.45000 48.69000 11.05700 51.48300
27 10 20 11 42 11340.30000 4.74100000 339.45000 48.69000 11.05700 51.48300
27 10 20 11 43 11344.00000 4.74100000 339.20000 48.67000 11.05700 51.48300
27 10 20 11 43 11345.40000 4.74100000 339.79000 48.67000 11.05700 51.48300
27 10 20 11 44 11345.50000 4.74100000 340.00000 48.74000 11.05700 51.48300
27 10 20 11 44 11350.00000 4.74100000 340.00000 48.74000 11.05700 51.48300
27 10 20 11 45 11353.60000 4.74100000 340.32000 48.79000 11.05700 51.48300
27 10 20 11 45 11359.80000 4.74100000 340.32000 48.79000 11.05700 51.48300
27 10 20 11 45 11353.30000 4.74100000 339.95000 48.79000 11.05700 51.48300
27 10 20 11 46 11352.00000 4.74100000 340.02000 48.87000 11.05700 51.48300
27 10 20 11 46 11352.50000 4.74100000 340.02000 48.87000 11.05700 51.48300
27 10 20 11 47 11346.50000 4.74100000 339.90000 48.87000 11.05700 51.48300
27 10 20 11 47 11350.30000 4.74100000 339.90000 48.87000 11.05700 51.58000
27 10 20 11 48 11342.60000 4.74100000 339.60000 48.87000 11.05700 51.58000
27 10 20 11 48 11342.10000 4.74100000 339.54000 48.83000 11.05700 51.58000
27 10 20 11 48 11353.80000 4.74100000 339.75000 48.83000 11.05700 51.58000
27 10 20 11 49 11353.70000 4.74100000 340.29000 48.83000 11.05700 51.58000
27 10 20 11 49 11357.10000 4.74100000 340.34000 48.83000 11.05700 51.58000
27 10 20 11 50 11360.80000 4.74100000 340.55000 48.97000 11.05700 51.58000
27 10 20 11 50 11360.70000 4.74100000 340.26000 48.97000 11.05700 51.58000
27 10 20 11 51 11360.70000 4.74100000 340.12000 48.97000 11.05700 51.58000
27 10 20 11 51 11361.00000 4.74100000 340.20000 48.97000 11.05700 51.58000
27 10 20 11 52 11362.00000 4.74100000 340.23000 48.96000 11.05700 51.58000
27 10 20 11 52 11350.50000 4.74100000 340.01000 48.96000 11.05700 51.58000
27 10 20 11 52 11358.50000 4.74100000 340.01000 48.96000 11.05700 51.58000
27 10 20 11 53 11365.10000 4.74100000 340.48000 48.96000 11.05700 51.58000
27 10 20 11 53 11365.40000 4.74100000 340.48000 48.96000 11.05700 51.58000
27 10 20 11 54 11365.40000 4.74100000 340.48000 48.94000 11.05700 51.58000
27 10 20 11 54 11362.40000 4.74100000 340.25000 48.94000 11.05700 51.58000
27 10 20 11 55 11363.90000 4.74100000 340.62000 48.94000 11.05700 51.58000
27 10 20 11 55 11365.50000 4.74100000 340.38000 48.94000 11.05700 51.58000
27 10 20 11 55 11372.70000 4.74100000 340.60000 48.94000 11.05700 51.73900
27 10 20 11 56 11367.80000 4.74100000 340.39000 48.95000 11.05700 51.73900
