M=[
26 7 20 03 17 8325.90000 5.69000000 260.74000 41.73000 19.47100 55.87200
26 7 20 03 17 8325.90000 5.69000000 260.90000 41.73000 19.47100 55.87200
26 7 20 03 18 8327.20000 5.69000000 261.03000 41.73000 19.47100 55.87200
26 7 20 03 18 8327.30000 5.69000000 261.03000 41.73000 19.47100 55.87200
26 7 20 03 19 8327.30000 5.69000000 261.03000 41.73000 19.47100 55.87200
26 7 20 03 19 8327.30000 5.69000000 260.82000 41.73000 19.47100 55.87200
26 7 20 03 19 8327.20000 5.69000000 260.72000 41.73000 19.47100 55.87200
26 7 20 03 20 8326.10000 5.69000000 260.72000 41.73000 19.47100 55.87200
26 7 20 03 20 8326.10000 5.69000000 260.72000 41.73000 19.47100 55.87200
26 7 20 03 21 8327.30000 5.69000000 260.72000 41.73000 19.47100 55.87200
26 7 20 03 21 8327.30000 5.69000000 260.72000 41.73000 19.47100 55.87200
26 7 20 03 22 8327.40000 5.69000000 260.76000 41.73000 19.47100 55.87200
26 7 20 03 22 8327.40000 5.69000000 260.75000 41.73000 19.47100 55.87200
26 7 20 03 23 8327.30000 5.69000000 260.82000 41.77000 19.47100 55.87200
26 7 20 03 23 8327.40000 5.69000000 260.82000 41.77000 19.56400 55.87200
26 7 20 03 24 8327.40000 5.69000000 260.82000 41.77000 19.56400 55.87200
26 7 20 03 24 8327.30000 5.69000000 260.82000 41.77000 19.56400 55.87200
26 7 20 03 25 8327.40000 5.69000000 260.82000 41.77000 19.56400 55.87200
26 7 20 03 25 8327.30000 5.69000000 260.83000 41.77000 19.56400 55.87200
26 7 20 03 26 8327.30000 5.69000000 260.96000 41.77000 19.56400 55.87200
26 7 20 03 26 8327.30000 5.69000000 260.82000 41.77000 19.56400 55.87200
26 7 20 03 27 8327.40000 5.69000000 260.82000 41.77000 19.56400 55.87200
26 7 20 03 27 8327.40000 5.69000000 260.82000 41.77000 19.56400 55.87200
26 7 20 03 27 8327.40000 5.69000000 260.82000 41.77000 19.56400 55.87200
26 7 20 03 28 8327.40000 5.69000000 260.82000 41.77000 19.56400 55.87200
26 7 20 03 28 8327.40000 5.69000000 260.82000 41.77000 19.56400 55.87200
26 7 20 03 29 8327.40000 5.69000000 260.90000 41.77000 19.56400 55.87200
26 7 20 03 29 8327.40000 5.69000000 260.90000 41.77000 19.56400 55.87200
26 7 20 03 30 8326.80000 5.69000000 261.12000 41.77000 19.52000 55.87200
26 7 20 03 30 8326.80000 5.69000000 261.11000 41.77000 19.52000 55.87200
26 7 20 03 31 8326.80000 5.69000000 261.11000 41.77000 19.52000 55.87200
26 7 20 03 31 8326.80000 5.69000000 261.11000 41.77000 19.52000 55.87200
26 7 20 03 32 8326.80000 5.69000000 261.01000 41.77000 19.52000 55.87200
26 7 20 03 32 8326.70000 5.69000000 261.01000 41.77000 19.52000 55.87200
26 7 20 03 32 8326.10000 5.69000000 261.01000 41.77000 19.52000 55.87200
26 7 20 03 33 8325.80000 5.69000000 260.93000 41.77000 19.52000 55.87200
26 7 20 03 33 8325.70000 5.69000000 260.93000 41.77000 19.52000 55.87200
26 7 20 03 34 8325.70000 5.69000000 260.93000 41.77000 19.52000 55.87200
26 7 20 03 34 8325.10000 5.69000000 260.82000 41.77000 19.52000 55.87200
26 7 20 03 35 8324.90000 5.69000000 260.82000 41.77000 19.52000 55.87200
26 7 20 03 35 8325.10000 5.69000000 260.82000 41.77000 19.52000 55.87200
26 7 20 03 36 8325.10000 5.69000000 260.87000 41.77000 19.52000 55.87200
26 7 20 03 36 8325.10000 5.69000000 260.89000 41.77000 19.52000 55.87200
26 7 20 03 37 8325.10000 5.69000000 260.89000 41.77000 19.52000 55.87200
26 7 20 03 37 8325.10000 5.69000000 261.11000 41.77000 19.52000 55.87200
26 7 20 03 38 8325.10000 5.69000000 261.06000 41.77000 19.52000 55.87200
26 7 20 03 38 8324.40000 5.69000000 261.11000 41.77000 19.52000 55.87200
26 7 20 03 38 8325.60000 5.69000000 261.11000 41.77000 19.52000 55.87200
26 7 20 03 39 8325.60000 5.69000000 261.25000 41.77000 19.52000 55.87200
26 7 20 03 39 8325.60000 5.69000000 261.26000 41.77000 19.47000 55.87200
26 7 20 03 40 8326.90000 5.69000000 261.31000 41.77000 19.46500 55.87200
26 7 20 03 40 8328.80000 5.69000000 261.30000 41.77000 19.46500 55.87200
26 7 20 03 41 8328.80000 5.69000000 261.34000 41.77000 19.46500 55.87200
26 7 20 03 41 8328.80000 5.69000000 261.30000 41.77000 19.46500 55.87200
26 7 20 03 42 8328.80000 5.69000000 261.33000 41.77000 19.46500 55.87200
26 7 20 03 42 8330.40000 5.69000000 261.42000 41.77000 19.46500 55.87200
26 7 20 03 43 8330.40000 5.69000000 261.42000 41.86000 19.46500 55.87200
26 7 20 03 43 8330.40000 5.69000000 261.31000 41.86000 19.46500 55.87200
26 7 20 03 44 8330.40000 5.69000000 261.30000 41.86000 19.46500 55.87200
26 7 20 03 44 8330.50000 5.69000000 261.30000 41.86000 19.46500 55.87200
26 7 20 03 44 8330.50000 5.69000000 261.06000 41.86000 19.46500 55.87200
26 7 20 03 45 8330.50000 5.69000000 260.91000 41.86000 19.46500 55.87200
26 7 20 03 45 8329.20000 5.69000000 260.82000 41.85000 19.46500 55.87200
26 7 20 03 46 8329.20000 5.69000000 260.82000 41.85000 19.46500 55.87200
26 7 20 03 46 8329.20000 5.69000000 260.82000 41.85000 19.46500 55.87200
26 7 20 03 47 8328.90000 5.73600000 260.82000 41.78000 19.46500 55.87200
26 7 20 03 47 8328.80000 5.73600000 260.82000 41.78000 19.46500 55.87200
26 7 20 03 48 8328.80000 5.73600000 260.80000 41.78000 19.46500 55.87200
26 7 20 03 48 8328.90000 5.73600000 260.80000 41.78000 19.46500 55.87200
26 7 20 03 49 8328.90000 5.73600000 260.71000 41.78000 19.46500 55.87200
26 7 20 03 49 8324.60000 5.73600000 260.57000 41.78000 19.46500 55.87200
26 7 20 03 50 8324.10000 5.73600000 260.58000 41.78000 19.46500 55.87200
26 7 20 03 50 8324.30000 5.73600000 260.58000 41.78000 19.46500 55.87200
26 7 20 03 50 8324.30000 5.73600000 260.58000 41.78000 19.46500 55.87200
26 7 20 03 51 8324.00000 5.73600000 260.58000 41.78000 19.46500 55.87200
26 7 20 03 51 8324.00000 5.73600000 260.58000 41.78000 19.46500 55.87200
26 7 20 03 52 8324.30000 5.73600000 260.58000 41.78000 19.46500 55.87200
26 7 20 03 52 8324.30000 5.73600000 260.58000 41.78000 19.46500 55.87200
26 7 20 03 53 8324.10000 5.73600000 260.58000 41.78000 19.46500 55.87200
26 7 20 03 53 8324.10000 5.73600000 260.58000 41.78000 19.46500 55.87200
26 7 20 03 54 8324.20000 5.73600000 260.59000 41.78000 19.46500 55.87200
26 7 20 03 54 8324.10000 5.73600000 260.59000 41.78000 19.46500 55.87200
26 7 20 03 55 8324.10000 5.73600000 260.59000 41.78000 19.46500 55.87200
26 7 20 03 55 8324.10000 5.73600000 260.59000 41.78000 19.46500 55.87200
26 7 20 03 55 8324.00000 5.73600000 260.58000 41.78000 19.46500 55.87200
26 7 20 03 56 8325.60000 5.73600000 260.58000 41.78000 19.46500 55.87200
26 7 20 03 56 8325.60000 5.73600000 260.58000 41.78000 19.46500 55.87200
26 7 20 03 57 8325.60000 5.73600000 260.59000 41.78000 19.46500 55.87200
26 7 20 03 57 8325.80000 5.73600000 260.59000 41.78000 19.46500 55.87200
26 7 20 03 58 8325.80000 5.73600000 260.58000 41.78000 19.46500 55.87200
26 7 20 03 58 8325.80000 5.73600000 260.58000 41.78000 19.46500 55.87200
26 7 20 03 59 8324.20000 5.73600000 260.58000 41.78000 19.46500 55.87200
26 7 20 03 59 8324.00000 5.73600000 260.58000 41.78000 19.46500 55.87200
26 7 20 04 00 8325.30000 5.73600000 260.58000 41.78000 19.46500 55.87200
26 7 20 04 00 8325.00000 5.73600000 260.59000 41.78000 19.46500 55.87200
26 7 20 04 01 8325.00000 5.74100000 260.59000 41.78000 19.46500 55.87200
26 7 20 04 01 8325.50000 5.74100000 260.58000 41.78000 19.46500 56.05900
26 7 20 04 02 8325.50000 5.74100000 260.72000 41.78000 19.46500 56.05900
26 7 20 04 02 8325.60000 5.74100000 260.72000 41.78000 19.46500 56.05900
26 7 20 04 02 8325.20000 5.74100000 260.72000 41.78000 19.46500 56.14500
26 7 20 04 03 8325.00000 5.74100000 260.72000 41.78000 19.46500 56.14500
26 7 20 04 03 8324.90000 5.74100000 260.72000 41.78000 19.46500 56.14500
26 7 20 04 04 8324.00000 5.74100000 260.57000 41.78000 19.46500 56.14500
26 7 20 04 04 8324.00000 5.74100000 260.50000 41.78000 19.46500 56.14500
26 7 20 04 05 8324.10000 5.74100000 260.50000 41.78000 19.46500 56.14500
26 7 20 04 05 8324.10000 5.74100000 260.41000 41.78000 19.46500 56.14500
26 7 20 04 06 8324.30000 5.74100000 260.41000 41.78000 19.46500 56.14500
26 7 20 04 06 8324.00000 5.74100000 260.40000 41.78000 19.46500 56.14500
26 7 20 04 07 8324.00000 5.74100000 260.31000 41.78000 19.46500 56.14500
