M=[
12 7 21 22 05 27774.60000 40.43600000 1715.45000 111.78000 16.25500 90.06000
12 7 21 22 05 27774.70000 40.43600000 1715.50000 111.78000 16.25500 90.06000
12 7 21 22 06 27798.00000 40.43600000 1717.87000 111.78000 16.25500 90.06000
12 7 21 22 06 27795.20000 40.43600000 1718.55000 111.78000 16.25500 90.06000
12 7 21 22 07 27803.70000 40.43600000 1718.13000 111.78000 16.25500 90.06000
12 7 21 22 07 27803.70000 40.43600000 1718.68000 111.78000 16.25500 90.06000
12 7 21 22 07 27807.20000 40.43600000 1718.80000 111.78000 16.25500 90.06000
12 7 21 22 08 27807.20000 40.43600000 1718.80000 111.78000 16.25500 90.06000
12 7 21 22 08 27796.80000 40.43600000 1718.80000 111.78000 16.25500 90.06000
12 7 21 22 09 27796.90000 40.43600000 1718.80000 111.78000 16.25500 90.06000
12 7 21 22 09 27796.80000 40.43600000 1718.80000 111.78000 16.25500 90.06000
12 7 21 22 10 27797.20000 40.43600000 1718.81000 112.14000 16.25500 90.06000
12 7 21 22 10 27797.20000 40.43600000 1718.80000 112.13000 16.25500 90.15800
12 7 21 22 10 27797.20000 40.43600000 1718.80000 112.12000 16.25500 90.15800
12 7 21 22 11 27797.20000 40.43600000 1718.80000 112.12000 16.25500 90.15800
12 7 21 22 11 27801.00000 40.43600000 1718.80000 112.08000 16.25500 90.15800
12 7 21 22 12 27801.40000 40.43600000 1718.80000 112.08000 16.25500 90.15800
12 7 21 22 12 27801.20000 40.43600000 1718.80000 112.08000 16.25500 90.15800
12 7 21 22 13 27807.10000 40.43600000 1719.56000 112.20000 16.25500 90.15800
12 7 21 22 13 27874.50000 40.59800000 1722.86000 112.20000 16.25500 90.15800
12 7 21 22 14 27874.50000 40.59800000 1721.24000 112.20000 16.22100 90.15800
12 7 21 22 14 27900.50000 40.59800000 1722.23000 112.20000 16.22100 90.15800
12 7 21 22 14 27868.60000 40.59800000 1721.51000 112.20000 16.22100 90.15800
12 7 21 22 15 27842.60000 40.59800000 1719.04000 112.20000 16.22100 90.15800
12 7 21 22 15 27841.10000 40.59800000 1719.04000 112.20000 16.22100 90.15800
12 7 21 22 16 27823.70000 40.59800000 1718.81000 112.20000 16.22100 90.15800
12 7 21 22 16 27820.80000 40.59800000 1719.23000 112.29000 16.22100 90.15800
12 7 21 22 17 27824.10000 40.59800000 1718.80000 112.29000 16.22100 90.15800
12 7 21 22 17 27824.50000 40.59800000 1717.70000 112.26000 16.22100 90.15800
12 7 21 22 17 27824.50000 40.59800000 1716.91000 112.26000 16.22100 90.15800
12 7 21 22 18 27824.50000 40.59800000 1717.35000 112.26000 16.22100 90.15800
12 7 21 22 18 27824.40000 40.59800000 1717.35000 112.26000 16.22100 90.15800
12 7 21 22 19 27826.60000 40.59800000 1717.82000 112.26000 16.22100 90.15800
12 7 21 22 19 27838.20000 40.59800000 1716.96000 112.26000 16.22100 90.15800
12 7 21 22 20 27842.10000 40.59800000 1718.20000 112.26000 16.22100 90.15800
12 7 21 22 20 27837.60000 40.59800000 1717.97000 112.28000 16.22100 90.15800
12 7 21 22 20 27837.60000 40.59800000 1718.31000 112.28000 16.22100 90.15800
12 7 21 22 21 27837.30000 40.59800000 1718.31000 112.28000 16.22100 90.15800
12 7 21 22 21 27832.10000 40.59800000 1718.31000 112.28000 16.22100 90.15800
12 7 21 22 22 27860.80000 40.59800000 1718.62000 112.28000 16.22100 90.15800
12 7 21 22 22 27859.80000 40.59800000 1718.77000 112.28000 16.22100 90.15800
12 7 21 22 23 27869.30000 40.59800000 1718.73000 112.28000 16.22100 90.15800
12 7 21 22 23 27890.30000 40.59800000 1719.81000 112.28000 16.22100 90.15800
12 7 21 22 23 27885.00000 40.59800000 1719.81000 112.28000 16.22100 90.15800
12 7 21 22 24 27876.50000 40.59800000 1720.43000 112.28000 16.22100 90.15800
12 7 21 22 24 27887.70000 40.59800000 1720.61000 112.41000 16.22100 90.15800
12 7 21 22 25 27888.70000 40.59800000 1721.20000 112.41000 16.22100 90.15800
12 7 21 22 25 27860.00000 40.59800000 1720.10000 112.41000 16.22100 90.45400
12 7 21 22 26 27850.80000 40.59800000 1719.34000 112.41000 16.22100 90.45400
12 7 21 22 26 27848.80000 40.59800000 1719.00000 112.41000 16.22100 90.45400
12 7 21 22 26 27849.90000 40.59800000 1719.01000 112.41000 16.22100 90.45400
12 7 21 22 27 27850.00000 40.59800000 1719.79000 112.41000 16.22100 90.45400
12 7 21 22 27 27850.00000 40.59800000 1719.82000 112.41000 16.22100 90.45400
12 7 21 22 28 27861.40000 40.59800000 1719.83000 112.41000 16.22100 90.45400
12 7 21 22 28 27861.40000 40.59800000 1719.98000 112.35000 16.22100 90.45400
12 7 21 22 29 27861.90000 40.59800000 1719.98000 112.35000 16.22100 90.45400
12 7 21 22 29 27871.10000 40.59800000 1720.98000 112.57000 16.22100 90.45400
12 7 21 22 29 27872.50000 40.59800000 1720.98000 112.57000 16.22100 90.45400
12 7 21 22 30 27884.90000 40.59800000 1721.25000 112.49000 16.22100 90.45400
12 7 21 22 30 27884.90000 40.59800000 1720.43000 112.49000 16.22100 90.45400
12 7 21 22 31 27879.40000 40.59800000 1720.43000 112.49000 16.22100 90.45400
12 7 21 22 31 27872.60000 40.59800000 1721.37000 112.49000 16.22100 90.45400
12 7 21 22 32 27871.40000 40.59800000 1721.17000 112.49000 16.22100 90.45400
12 7 21 22 32 27867.90000 40.59800000 1721.17000 112.41000 16.22100 90.45400
12 7 21 22 32 27854.00000 40.59800000 1720.55000 112.41000 16.22100 90.45400
12 7 21 22 33 27858.40000 40.59800000 1720.55000 112.41000 16.22100 90.45400
12 7 21 22 33 27858.40000 40.59800000 1719.73000 112.41000 16.22100 90.45400
12 7 21 22 34 27855.90000 40.59800000 1719.06000 112.41000 16.22100 90.45400
12 7 21 22 34 27855.90000 40.59800000 1719.06000 112.41000 16.23500 90.45400
12 7 21 22 35 27855.90000 40.59800000 1719.07000 112.48000 16.23500 90.45400
12 7 21 22 35 27856.00000 40.59800000 1719.07000 112.48000 16.23500 90.45400
12 7 21 22 35 27866.10000 40.59800000 1719.07000 112.47000 16.23500 90.45400
12 7 21 22 36 27856.00000 40.59800000 1719.07000 112.46000 16.23500 90.43400
12 7 21 22 36 27854.70000 40.59800000 1718.98000 112.46000 16.23500 90.43400
12 7 21 22 37 27870.10000 40.59800000 1719.07000 112.46000 16.23500 90.43400
12 7 21 22 37 27862.70000 40.59800000 1718.88000 112.46000 16.23500 90.43400
12 7 21 22 38 27864.70000 40.59800000 1718.88000 112.46000 16.23500 90.43400
12 7 21 22 38 27859.40000 40.59800000 1719.03000 112.46000 16.23500 90.43400
12 7 21 22 39 27858.50000 40.59800000 1718.88000 112.46000 16.23500 90.43400
12 7 21 22 39 27862.00000 40.59800000 1718.88000 112.43000 16.23500 90.43400
12 7 21 22 39 27862.00000 40.59800000 1718.88000 112.43000 16.23500 90.43400
12 7 21 22 40 27874.90000 40.59800000 1718.54000 112.53000 16.23500 90.43400
12 7 21 22 40 27866.30000 40.59800000 1718.45000 112.53000 16.23500 90.43400
12 7 21 22 41 27866.30000 40.59800000 1718.45000 112.53000 16.23500 90.43400
12 7 21 22 41 27866.40000 40.59800000 1718.14000 112.42000 16.23500 90.43400
12 7 21 22 42 27867.20000 40.59800000 1717.05000 112.42000 16.23500 90.43400
12 7 21 22 42 27871.50000 40.59800000 1717.55000 112.46000 16.23500 90.43400
12 7 21 22 42 27871.50000 40.59800000 1717.55000 112.46000 16.23500 90.43400
12 7 21 22 43 27884.80000 40.59800000 1718.91000 112.46000 16.23500 90.43400
12 7 21 22 43 27870.10000 40.59800000 1718.91000 112.46000 16.23500 90.43400
12 7 21 22 44 27874.30000 40.59800000 1717.66000 112.44000 16.23500 90.43400
12 7 21 22 44 27874.40000 40.59800000 1717.37000 112.44000 16.23500 90.43400
12 7 21 22 45 27874.10000 40.59800000 1718.21000 112.44000 16.23500 90.43400
12 7 21 22 45 27878.10000 40.59800000 1717.91000 112.44000 16.23500 90.43400
12 7 21 22 45 27884.00000 40.59800000 1719.06000 112.44000 16.23500 90.43400
12 7 21 22 46 27892.50000 40.59800000 1718.64000 112.44000 16.23500 90.43400
12 7 21 22 46 27892.50000 40.59800000 1718.93000 112.44000 16.23500 90.43400
12 7 21 22 47 27899.40000 40.59800000 1719.07000 112.72000 16.23500 90.43400
12 7 21 22 47 27886.80000 40.59800000 1718.42000 112.72000 16.23500 90.43400
12 7 21 22 48 27888.10000 40.59800000 1718.50000 112.57000 16.23500 90.43400
12 7 21 22 48 27886.50000 40.59800000 1718.08000 112.57000 16.23500 90.43400
12 7 21 22 48 27889.70000 40.59800000 1718.08000 112.57000 16.23500 90.53000
12 7 21 22 49 27883.30000 40.59800000 1718.32000 112.60000 16.23500 90.53000
