M=[
25 1 21 14 50 28501.70000 6.42300000 1163.21000 119.41000 17.76900 77.50500
25 1 21 14 51 28505.60000 6.42300000 1162.92000 119.24000 17.76900 77.50500
25 1 21 14 51 28500.90000 6.42300000 1161.91000 119.18000 17.76900 77.16200
25 1 21 14 51 28505.60000 6.42300000 1162.66000 119.18000 17.76900 77.16200
25 1 21 14 52 28489.50000 6.42300000 1160.00000 119.06000 17.76900 77.16200
25 1 21 14 52 28410.50000 6.41100000 1159.06000 119.06000 17.76900 77.16200
25 1 21 14 53 28402.60000 6.41100000 1157.58000 119.02000 17.76900 77.16200
25 1 21 14 53 28390.80000 6.41100000 1157.73000 119.05000 17.76900 77.16200
25 1 21 14 54 28367.30000 6.41100000 1157.88000 119.01000 17.76900 77.16200
25 1 21 14 54 28375.30000 6.41100000 1157.08000 118.74000 17.76900 77.16200
25 1 21 14 54 28389.00000 6.41100000 1158.64000 118.74000 17.76900 77.16200
25 1 21 14 55 28391.80000 6.41100000 1159.04000 118.74000 17.76900 77.16200
25 1 21 14 55 28420.90000 6.41100000 1158.92000 118.74000 17.76900 77.16200
25 1 21 14 56 28440.10000 6.41100000 1158.45000 118.78000 17.76900 77.20600
25 1 21 14 56 28440.00000 6.41100000 1158.88000 118.96000 17.76900 77.14200
25 1 21 14 57 28426.00000 6.39800000 1158.55000 118.85000 17.76900 77.14200
25 1 21 14 57 28415.60000 6.39800000 1159.35000 118.95000 17.76900 77.14200
25 1 21 14 58 28413.50000 6.39800000 1158.96000 118.92000 17.76900 77.12600
25 1 21 14 58 28422.60000 6.39800000 1159.79000 118.92000 17.76900 77.12600
25 1 21 14 58 28411.90000 6.39800000 1158.85000 118.90000 17.60700 77.10000
25 1 21 14 59 28414.70000 6.39800000 1159.21000 118.89000 17.60700 77.03000
25 1 21 14 59 28418.30000 6.39800000 1159.62000 118.91000 17.60700 77.03000
25 1 21 15 00 28440.00000 6.39800000 1159.61000 118.84000 17.60700 77.03000
25 1 21 15 00 28501.60000 6.39800000 1159.47000 118.97000 17.60700 76.89200
25 1 21 15 01 28460.50000 6.39800000 1158.00000 118.92000 17.60700 76.89200
25 1 21 15 01 28448.40000 6.39800000 1158.00000 118.84000 17.60700 76.88600
25 1 21 15 01 28441.80000 6.39800000 1156.01000 118.56000 17.60700 76.88600
25 1 21 15 02 28430.20000 6.38200000 1157.69000 118.54000 17.60700 76.88600
25 1 21 15 02 28432.40000 6.38200000 1157.87000 118.58000 17.60700 76.88600
25 1 21 15 03 28446.70000 6.38200000 1159.76000 118.54000 17.60700 76.88600
25 1 21 15 03 28451.40000 6.38200000 1161.85000 118.64000 17.60700 76.88600
25 1 21 15 04 28432.50000 6.38200000 1164.21000 118.64000 17.60700 76.88600
25 1 21 15 04 28399.60000 6.38200000 1165.65000 118.67000 17.60700 77.28500
25 1 21 15 04 28395.20000 6.38200000 1167.62000 118.67000 17.60700 77.28500
25 1 21 15 05 28400.00000 6.38200000 1170.00000 118.79000 17.60700 77.28500
25 1 21 15 05 28399.90000 6.40900000 1172.17000 118.80000 17.60700 77.28500
25 1 21 15 06 28389.90000 6.40900000 1172.38000 118.80000 17.60700 77.95000
25 1 21 15 06 28399.80000 6.40900000 1172.11000 118.97000 17.60700 77.95000
25 1 21 15 07 28399.90000 6.40900000 1172.97000 119.00000 17.69500 77.95000
25 1 21 15 07 28351.60000 6.40900000 1171.41000 118.88000 17.69500 77.66300
25 1 21 15 08 28338.90000 6.40200000 1171.72000 118.63000 17.69500 77.66300
25 1 21 15 08 28346.80000 6.40200000 1171.29000 118.63000 17.69500 77.66300
25 1 21 15 08 28346.80000 6.40200000 1171.90000 118.63000 17.69500 77.66300
25 1 21 15 09 28333.00000 6.40200000 1170.45000 118.63000 17.69500 77.66300
25 1 21 15 09 28321.10000 6.40200000 1169.94000 118.66000 17.69500 77.66300
25 1 21 15 10 28333.00000 6.40200000 1171.12000 118.56000 17.69500 77.66300
25 1 21 15 10 28321.70000 6.40200000 1170.86000 118.56000 17.69500 78.00600
25 1 21 15 11 28315.30000 6.40200000 1171.92000 118.64000 17.69500 78.00600
25 1 21 15 11 28317.70000 6.40200000 1171.94000 118.68000 17.69500 78.00600
25 1 21 15 11 28315.20000 6.40200000 1171.99000 118.68000 17.69500 78.00600
25 1 21 15 12 28307.00000 6.40200000 1171.67000 118.69000 17.69500 78.00600
25 1 21 15 12 28273.70000 6.40200000 1171.99000 118.69000 17.69500 78.00600
25 1 21 15 13 28278.60000 6.40200000 1173.00000 118.65000 17.69500 77.51000
25 1 21 15 13 28271.40000 6.40200000 1175.32000 118.69000 17.69500 77.16800
25 1 21 15 14 28265.60000 6.37600000 1175.57000 118.53000 17.69500 76.92500
25 1 21 15 14 28257.70000 6.37600000 1175.53000 118.60000 17.69500 77.08400
25 1 21 15 14 28240.90000 6.37600000 1175.40000 118.67000 17.69500 77.22300
25 1 21 15 15 28220.20000 6.37600000 1174.89000 118.55000 17.69500 76.93700
25 1 21 15 15 28203.20000 6.37600000 1175.60000 118.68000 17.69500 76.93700
25 1 21 15 16 28217.80000 6.37600000 1175.29000 118.66000 17.69500 76.93700
25 1 21 15 16 28243.30000 6.38000000 1175.28000 118.77000 17.69500 76.93700
25 1 21 15 17 28263.60000 6.38000000 1175.37000 118.77000 17.69500 76.93700
25 1 21 15 17 28302.30000 6.38000000 1174.90000 118.80000 17.69500 76.93700
25 1 21 15 18 28310.00000 6.38000000 1174.94000 118.84000 17.69500 76.93700
25 1 21 15 18 28335.60000 6.38000000 1172.15000 118.84000 17.69500 76.43300
25 1 21 15 18 28310.10000 6.38000000 1170.47000 118.77000 17.69500 76.64900
25 1 21 15 19 28322.40000 6.38000000 1171.28000 118.77000 17.69500 76.69400
25 1 21 15 19 28323.70000 6.38000000 1171.93000 118.77000 17.69500 76.69400
25 1 21 15 20 28330.50000 6.38000000 1171.94000 118.76000 17.69500 76.73600
25 1 21 15 20 28329.20000 6.38000000 1172.82000 118.76000 17.69500 76.73600
25 1 21 15 21 28325.50000 6.37800000 1172.55000 118.76000 17.69500 76.73600
25 1 21 15 21 28331.90000 6.37800000 1172.08000 118.86000 17.69500 76.44300
25 1 21 15 21 28371.30000 6.37800000 1172.00000 118.86000 17.69500 76.44300
25 1 21 15 22 28361.60000 6.37800000 1172.20000 118.99000 17.69500 76.44300
25 1 21 15 22 28380.20000 6.37800000 1172.44000 119.00000 17.69500 76.00000
25 1 21 15 23 28393.80000 6.37800000 1172.49000 119.12000 17.69500 75.83300
25 1 21 15 23 28390.10000 6.37800000 1172.35000 119.19000 17.69500 75.83300
25 1 21 15 24 28385.00000 6.37800000 1172.21000 119.14000 17.69500 76.18100
25 1 21 15 24 28370.90000 6.37800000 1171.49000 119.14000 17.69500 76.18100
25 1 21 15 25 28332.80000 6.37800000 1171.56000 119.14000 17.69500 76.18100
25 1 21 15 25 28309.40000 6.37800000 1171.25000 119.17000 17.60000 76.47600
25 1 21 15 25 28308.00000 6.37800000 1171.46000 119.17000 17.60000 76.47600
25 1 21 15 26 28322.20000 6.37800000 1171.47000 119.07000 17.60000 76.67100
25 1 21 15 26 28349.60000 6.37800000 1173.99000 119.17000 17.60000 76.67100
25 1 21 15 27 28331.80000 6.37800000 1174.95000 119.18000 17.60000 76.67100
25 1 21 15 27 28357.00000 6.37800000 1175.18000 119.15000 17.60000 76.67100
25 1 21 15 28 28360.70000 6.37800000 1175.65000 119.17000 17.60000 76.67100
25 1 21 15 28 28360.10000 6.37800000 1175.64000 119.22000 17.60000 76.67100
25 1 21 15 28 28389.70000 6.37800000 1176.79000 119.37000 17.60000 76.67100
25 1 21 15 29 28377.90000 6.37800000 1176.14000 119.37000 17.60000 76.67100
25 1 21 15 29 28365.60000 6.37800000 1176.01000 119.42000 17.60000 76.68000
25 1 21 15 30 28360.00000 6.37800000 1175.28000 119.26000 17.60000 76.68000
25 1 21 15 30 28388.00000 6.37800000 1177.00000 119.51000 17.60000 76.68000
25 1 21 15 31 28375.00000 6.38600000 1177.58000 119.48000 17.60000 76.68000
25 1 21 15 31 28394.00000 6.38600000 1177.92000 119.84000 17.60000 76.68000
25 1 21 15 31 28398.60000 6.38600000 1178.14000 119.91000 17.60000 76.68000
25 1 21 15 32 28387.30000 6.38600000 1177.47000 119.80000 17.60000 76.68000
25 1 21 15 32 28420.00000 6.38600000 1177.70000 119.70000 17.60000 76.68000
25 1 21 15 33 28440.60000 6.38600000 1177.35000 119.84000 17.60000 76.68000
25 1 21 15 33 28437.30000 6.40800000 1177.40000 119.80000 17.60000 76.68000
25 1 21 15 34 28426.30000 6.40800000 1176.33000 119.80000 17.60000 76.77200
25 1 21 15 34 28435.80000 6.40800000 1176.10000 119.80000 17.60000 76.77200
25 1 21 15 35 28469.00000 6.40800000 1177.01000 119.80000 17.60000 76.77200
25 1 21 15 35 28452.00000 6.40800000 1176.43000 119.75000 17.60000 76.77200
25 1 21 15 35 28432.00000 6.40800000 1175.55000 119.65000 17.60000 76.77200
