M=[
 7 11 20 13 58 13071.00000 4.56600000 391.00000 53.30000 12.43100 51.76800
 7 11 20 13 58 13069.00000 4.56600000 390.85000 53.33000 12.43100 51.76800
 7 11 20 13 59 13066.60000 4.56600000 390.83000 53.33000 12.43100 51.76800
 7 11 20 13 59 13066.60000 4.56600000 390.83000 53.27000 12.43100 51.76800
 7 11 20 14 00 13064.90000 4.56600000 390.49000 53.28000 12.43100 51.76800
 7 11 20 14 00 13064.90000 4.56600000 390.29000 53.25000 12.43100 51.76800
 7 11 20 14 01 13050.00000 4.56600000 389.95000 53.08000 12.43100 51.76800
 7 11 20 14 01 13050.10000 4.56600000 389.95000 53.13000 12.43100 51.76800
 7 11 20 14 01 13047.40000 4.56600000 389.15000 53.04000 12.43100 51.76800
 7 11 20 14 02 13041.40000 4.56600000 389.38000 52.96000 12.43100 51.76800
 7 11 20 14 02 13048.90000 4.56600000 389.80000 53.01000 12.43100 51.76800
 7 11 20 14 03 13048.90000 4.56600000 389.60000 52.95000 12.43100 51.76800
 7 11 20 14 03 13042.60000 4.56600000 389.32000 52.96000 12.43100 51.76800
 7 11 20 14 04 13042.90000 4.56600000 389.29000 52.96000 12.43100 51.76800
 7 11 20 14 04 13040.10000 4.56600000 389.30000 52.96000 12.43100 51.76800
 7 11 20 14 04 13037.70000 4.56600000 389.30000 52.97000 12.43100 51.76800
 7 11 20 14 05 13045.20000 4.54300000 389.18000 52.97000 12.43100 51.76800
 7 11 20 14 05 13055.00000 4.54300000 389.99000 52.97000 12.43100 51.76800
 7 11 20 14 06 13055.00000 4.54300000 390.13000 52.97000 12.43100 51.76800
 7 11 20 14 06 13051.80000 4.54300000 390.00000 52.97000 12.43100 51.76800
 7 11 20 14 07 13052.60000 4.54300000 389.95000 52.97000 12.43100 51.76800
 7 11 20 14 07 13044.30000 4.54300000 389.95000 52.97000 12.43100 51.76800
 7 11 20 14 07 13041.70000 4.54300000 389.81000 52.99000 12.43100 51.76800
 7 11 20 14 08 13041.80000 4.54300000 389.16000 52.99000 12.43100 51.76800
 7 11 20 14 08 13041.80000 4.54300000 388.56000 52.76000 12.43100 51.76800
 7 11 20 14 09 13030.20000 4.54300000 388.44000 52.79000 12.43100 51.76800
 7 11 20 14 09 13031.60000 4.54300000 388.70000 52.87000 12.34100 51.76800
 7 11 20 14 10 13030.30000 4.54300000 388.39000 52.87000 12.34100 51.76800
 7 11 20 14 10 13022.40000 4.54300000 387.79000 52.87000 12.34100 51.76800
 7 11 20 14 10 13021.10000 4.54300000 387.84000 52.70000 12.34100 51.76800
 7 11 20 14 11 13026.90000 4.54300000 388.15000 52.76000 12.34100 51.76800
 7 11 20 14 11 13030.10000 4.54300000 388.60000 52.76000 12.34100 51.76800
 7 11 20 14 12 13020.10000 4.54000000 388.36000 52.80000 12.34100 51.76800
 7 11 20 14 12 13020.10000 4.54000000 388.01000 52.80000 12.34100 51.76800
 7 11 20 14 12 13014.40000 4.54000000 388.01000 52.80000 12.34100 51.76800
 7 11 20 14 13 13003.30000 4.54000000 387.68000 52.55000 12.34100 51.22400
 7 11 20 14 13 13005.10000 4.54000000 387.60000 52.55000 12.34100 51.22400
 7 11 20 14 14 13009.30000 4.53200000 387.69000 52.69000 12.34100 51.22400
 7 11 20 14 14 13009.30000 4.53200000 387.59000 52.69000 12.34100 51.22400
 7 11 20 14 15 13006.50000 4.53200000 387.51000 52.69000 12.34100 51.22400
 7 11 20 14 15 13006.50000 4.53200000 387.50000 52.71000 12.34100 51.22400
 7 11 20 14 16 13009.90000 4.53200000 387.78000 52.73000 12.34100 51.22400
 7 11 20 14 16 13003.00000 4.53200000 387.51000 52.62000 12.34100 51.22400
 7 11 20 14 16 13000.00000 4.53200000 387.01000 52.58000 12.34100 51.22400
 7 11 20 14 17 12995.00000 4.53200000 386.26000 52.47000 12.34100 51.15100
 7 11 20 14 17 13002.90000 4.53200000 387.31000 52.47000 12.34100 51.15100
 7 11 20 14 18 12998.90000 4.51300000 387.33000 52.58000 12.34100 51.15100
 7 11 20 14 18 12995.00000 4.51300000 387.38000 52.58000 12.34100 51.15100
 7 11 20 14 18 12993.10000 4.51300000 386.59000 52.46000 12.34100 51.15100
 7 11 20 14 19 12991.00000 4.51300000 386.25000 52.41000 12.34100 51.15100
 7 11 20 14 19 12966.40000 4.50000000 385.73000 52.22000 12.34100 51.15100
 7 11 20 14 20 12983.90000 4.50000000 386.58000 52.33000 12.34100 51.15100
 7 11 20 14 20 12983.50000 4.50000000 387.46000 52.49000 12.34100 51.15100
 7 11 20 14 21 12972.90000 4.50000000 387.23000 52.35000 12.34100 51.09200
 7 11 20 14 21 12997.00000 4.50000000 387.23000 52.49000 12.34100 51.09200
 7 11 20 14 21 12970.30000 4.50000000 386.82000 52.49000 12.34100 51.09200
 7 11 20 14 22 12970.00000 4.48700000 386.45000 52.28000 12.34100 50.90000
 7 11 20 14 22 12950.90000 4.48700000 386.07000 52.28000 12.34100 50.90000
 7 11 20 14 23 12947.30000 4.48500000 385.38000 52.12000 12.34100 50.85000
 7 11 20 14 23 12945.40000 4.48500000 386.04000 52.13000 12.34100 50.71100
 7 11 20 14 24 12959.60000 4.48500000 386.38000 52.22000 12.34100 50.71100
 7 11 20 14 24 12969.90000 4.48500000 386.60000 52.35000 12.34100 50.71100
 7 11 20 14 24 12987.00000 4.48500000 387.02000 52.35000 12.34100 50.71100
 7 11 20 14 25 12969.90000 4.48500000 386.71000 52.40000 12.34100 50.71100
 7 11 20 14 25 12969.10000 4.48500000 386.71000 52.35000 12.34100 50.71100
 7 11 20 14 26 12965.60000 4.48500000 386.42000 52.35000 12.34100 50.71100
 7 11 20 14 26 12962.60000 4.48500000 386.05000 52.35000 12.34100 50.48500
 7 11 20 14 27 12956.80000 4.48500000 385.49000 52.14000 12.34100 50.48500
 7 11 20 14 27 12965.50000 4.47300000 385.91000 52.14000 12.34100 50.61000
 7 11 20 14 27 12963.60000 4.47300000 386.39000 52.14000 12.34100 50.61000
 7 11 20 14 28 12982.40000 4.47300000 386.71000 52.36000 12.34100 50.61000
 7 11 20 14 28 12990.60000 4.47300000 386.92000 52.36000 12.34100 50.61000
 7 11 20 14 29 12997.40000 4.47300000 387.22000 52.48000 12.34100 50.61000
 7 11 20 14 29 13008.00000 4.47300000 387.63000 52.48000 12.34100 50.61000
 7 11 20 14 30 13007.70000 4.47300000 387.98000 52.59000 12.34100 50.61000
 7 11 20 14 30 13010.00000 4.47300000 388.15000 52.59000 12.34100 50.61000
 7 11 20 14 30 13015.20000 4.47300000 388.09000 52.59000 12.34100 50.61000
 7 11 20 14 31 13014.00000 4.47300000 387.89000 52.59000 12.34100 50.61000
 7 11 20 14 31 12995.10000 4.47300000 386.84000 52.54000 12.34100 50.79100
 7 11 20 14 32 12981.40000 4.47300000 386.20000 52.42000 12.34100 50.77000
 7 11 20 14 32 12970.20000 4.47300000 386.20000 52.34000 12.34100 50.77000
 7 11 20 14 33 12981.90000 4.47300000 386.33000 52.33000 12.34100 50.77000
 7 11 20 14 33 12990.20000 4.47300000 386.60000 52.33000 12.34100 50.77000
 7 11 20 14 33 12980.30000 4.47300000 386.77000 52.52000 12.34100 50.77000
 7 11 20 14 34 12978.00000 4.47300000 387.32000 52.43000 12.34100 50.77000
 7 11 20 14 34 12977.30000 4.47300000 387.32000 52.38000 12.34100 50.77000
 7 11 20 14 35 12972.30000 4.47300000 386.71000 52.35000 12.34100 50.77000
 7 11 20 14 35 12982.40000 4.47300000 386.42000 52.34000 12.34100 50.77000
 7 11 20 14 36 12970.10000 4.47400000 386.07000 52.34000 12.34100 50.77000
 7 11 20 14 36 12970.00000 4.47400000 386.07000 52.34000 12.34100 50.77000
 7 11 20 14 36 12960.10000 4.47400000 385.60000 52.34000 12.34100 50.77000
 7 11 20 14 37 12952.50000 4.47000000 385.01000 52.34000 12.34100 50.77000
 7 11 20 14 37 12950.10000 4.47000000 385.04000 52.08000 12.34100 50.77000
 7 11 20 14 38 12944.50000 4.46500000 385.21000 52.08000 12.34100 50.77000
 7 11 20 14 38 12949.80000 4.46500000 385.15000 52.08000 12.34100 50.77000
 7 11 20 14 39 12943.20000 4.46500000 384.79000 52.08000 12.34100 50.77000
 7 11 20 14 39 12928.10000 4.44900000 383.00000 51.93000 12.09200 50.35500
 7 11 20 14 39 12934.20000 4.44900000 383.01000 51.93000 12.24800 50.34800
 7 11 20 14 40 12944.50000 4.45100000 383.46000 52.04000 12.24800 50.34800
 7 11 20 14 40 12941.50000 4.46300000 383.84000 52.10000 12.24800 50.34800
 7 11 20 14 41 12935.80000 4.46300000 383.71000 52.10000 12.24800 50.34800
 7 11 20 14 41 12943.90000 4.46300000 383.84000 51.97000 12.24800 50.34800
 7 11 20 14 42 12943.80000 4.46300000 384.07000 51.97000 12.24900 50.34800
 7 11 20 14 42 12937.90000 4.45500000 383.50000 51.97000 12.24900 50.01000
 7 11 20 14 42 12925.00000 4.45100000 382.17000 51.74000 12.24900 49.88000
 7 11 20 14 43 12924.30000 4.42600000 381.87000 51.69000 12.24800 49.81800
