M=[
14 4 21 00 33 53013.00000 18.08000000 1919.00000 224.31000 41.36800 188.96200
14 4 21 00 33 53013.00000 18.08000000 1919.00000 224.45000 41.36800 188.96200
14 4 21 00 33 53013.00000 17.98700000 1917.63000 224.45000 41.36800 188.96200
14 4 21 00 34 52987.50000 17.98700000 1918.36000 224.45000 41.36800 188.96200
14 4 21 00 34 52969.50000 17.98700000 1918.25000 224.49000 41.36800 188.96200
14 4 21 00 35 52969.00000 17.98700000 1918.25000 224.51000 41.36800 188.96200
14 4 21 00 35 52969.50000 17.98700000 1917.58000 224.44000 41.36800 190.44200
14 4 21 00 36 52974.10000 17.98700000 1918.25000 224.44000 41.36800 190.44200
14 4 21 00 36 52974.10000 17.98700000 1918.25000 224.55000 41.36800 190.45600
14 4 21 00 36 52982.70000 17.98700000 1918.81000 224.78000 41.36800 190.45600
14 4 21 00 37 53001.00000 17.98700000 1919.22000 225.19000 41.36800 190.45600
14 4 21 00 37 53001.10000 17.98700000 1918.97000 225.52000 41.36800 190.45600
14 4 21 00 38 53001.10000 17.98700000 1918.97000 225.62000 41.36800 190.45600
14 4 21 00 38 53001.10000 17.98700000 1919.40000 226.00000 41.36800 190.45600
14 4 21 00 39 53008.00000 17.98700000 1919.40000 226.92000 41.36800 190.45600
14 4 21 00 39 53008.00000 17.98700000 1919.40000 226.71000 41.36800 190.45600
14 4 21 00 39 53008.00000 18.07800000 1919.40000 227.00000 41.36800 190.45600
14 4 21 00 40 53008.10000 18.07800000 1919.46000 227.26000 41.36800 190.45600
14 4 21 00 40 53008.10000 18.07800000 1919.85000 227.28000 41.36800 190.45600
14 4 21 00 41 53040.60000 18.07800000 1920.11000 227.47000 41.36800 190.45600
14 4 21 00 41 53040.60000 18.14200000 1920.11000 227.71000 41.36800 190.45600
14 4 21 00 42 53052.00000 18.14200000 1922.27000 227.84000 41.36800 190.45600
14 4 21 00 42 53052.00000 18.14200000 1922.20000 227.84000 41.60400 190.45600
14 4 21 00 42 53098.00000 18.14600000 1922.20000 228.00000 41.60400 190.45600
14 4 21 00 43 53093.10000 18.14600000 1922.20000 227.50000 41.60400 190.45600
14 4 21 00 43 53093.10000 18.14600000 1923.32000 227.16000 41.60000 190.45600
14 4 21 00 44 53084.00000 18.14600000 1923.43000 227.65000 41.60000 190.45600
14 4 21 00 44 53084.00000 18.15000000 1924.20000 227.10000 41.60000 190.45600
14 4 21 00 45 53084.00000 18.15000000 1924.20000 226.85000 41.60000 190.45600
14 4 21 00 45 53052.10000 18.15000000 1924.00000 226.99000 41.60000 190.36800
14 4 21 00 45 53058.00000 18.15000000 1924.00000 227.66000 41.60000 190.36800
14 4 21 00 46 53052.10000 18.11100000 1923.48000 227.18000 41.60000 190.36800
14 4 21 00 46 53069.30000 18.11100000 1923.49000 227.13000 41.60000 190.36800
14 4 21 00 47 53074.70000 18.11100000 1924.95000 226.99000 41.60000 190.36800
14 4 21 00 47 53075.70000 18.15300000 1924.94000 226.53000 41.60000 190.36800
14 4 21 00 48 53055.10000 18.15300000 1925.00000 226.81000 41.60000 190.36800
14 4 21 00 48 53060.90000 18.09200000 1925.00000 226.91000 41.62500 190.36800
14 4 21 00 48 53055.70000 18.04000000 1925.00000 226.43000 41.62500 190.36800
14 4 21 00 49 53055.70000 18.08200000 1925.22000 226.52000 41.62500 190.36800
14 4 21 00 49 53055.70000 18.08200000 1925.22000 226.52000 41.62500 190.36800
14 4 21 00 50 53060.50000 18.08200000 1925.22000 226.39000 41.62500 190.36800
14 4 21 00 50 53063.50000 18.08200000 1926.04000 226.22000 41.66100 190.36800
14 4 21 00 51 53063.50000 18.08200000 1926.04000 226.22000 41.66100 190.36800
14 4 21 00 51 53052.10000 18.06200000 1926.04000 225.59000 41.66100 190.36800
14 4 21 00 51 53052.10000 18.06200000 1924.95000 225.84000 41.66100 190.36800
14 4 21 00 52 53052.00000 18.06200000 1925.44000 226.76000 41.66100 190.36800
14 4 21 00 52 53034.40000 18.06200000 1924.95000 226.50000 41.66100 190.36800
14 4 21 00 53 53028.60000 18.06200000 1923.99000 226.04000 41.66100 190.36800
14 4 21 00 53 53014.50000 18.06200000 1923.99000 226.04000 41.66100 190.36800
14 4 21 00 54 53022.50000 18.06200000 1923.99000 226.15000 41.66100 190.36800
14 4 21 00 54 53043.80000 18.06200000 1924.88000 227.25000 41.46900 190.36800
14 4 21 00 54 53043.80000 18.14500000 1925.68000 227.65000 41.82100 190.36800
14 4 21 00 55 53050.00000 18.14500000 1925.48000 227.65000 41.82100 190.36800
14 4 21 00 55 53050.00000 18.14500000 1923.50000 227.49000 41.82100 190.36800
14 4 21 00 56 53038.70000 18.11900000 1923.35000 227.93000 41.82100 190.36800
14 4 21 00 56 53001.20000 18.11900000 1922.90000 227.42000 41.82100 190.36800
14 4 21 00 57 53005.40000 18.11900000 1922.90000 227.42000 41.82100 190.36800
14 4 21 00 57 53002.50000 18.11900000 1924.40000 227.95000 41.82100 190.36800
14 4 21 00 57 53004.90000 18.16800000 1923.85000 227.64000 41.82100 190.36800
14 4 21 00 58 53002.60000 18.17400000 1923.85000 227.64000 41.82100 189.71000
14 4 21 00 58 53002.50000 18.20000000 1923.85000 227.64000 41.82100 189.71000
14 4 21 00 59 53002.50000 18.20000000 1923.42000 228.13000 41.82100 189.71000
14 4 21 00 59 53008.10000 18.20000000 1923.42000 228.16000 41.82100 189.71000
14 4 21 01 00 53012.20000 18.20000000 1923.71000 228.10000 41.82100 189.71000
14 4 21 01 00 53001.20000 18.26400000 1921.28000 227.89000 41.82100 189.71000
14 4 21 01 00 53000.00000 18.26400000 1921.28000 227.54000 41.82100 189.71000
14 4 21 01 01 52984.40000 18.26400000 1921.28000 227.50000 41.82100 189.71000
14 4 21 01 01 52984.30000 18.26400000 1921.02000 227.38000 41.82100 189.71000
14 4 21 01 02 52984.30000 18.26900000 1921.32000 227.37000 41.82100 189.71000
14 4 21 01 02 52984.30000 18.26900000 1921.46000 227.37000 41.82100 189.71000
14 4 21 01 03 52984.40000 18.24600000 1921.29000 227.37000 41.82100 189.71000
14 4 21 01 03 52984.30000 18.24600000 1921.29000 227.30000 41.82100 189.71000
14 4 21 01 03 53014.10000 18.24600000 1921.29000 227.83000 41.82100 189.71000
14 4 21 01 04 53039.30000 18.30000000 1920.26000 227.83000 41.82100 189.71000
14 4 21 01 04 53046.00000 18.25500000 1920.26000 227.86000 41.82100 189.71000
14 4 21 01 05 53042.00000 18.25500000 1921.78000 227.36000 41.82100 189.71000
14 4 21 01 05 53042.60000 18.25500000 1921.78000 227.36000 41.82100 189.71000
14 4 21 01 06 53039.00000 18.14800000 1922.10000 227.36000 41.82100 189.71000
14 4 21 01 06 53057.70000 18.14800000 1924.13000 227.36000 41.82100 189.71000
14 4 21 01 06 53077.00000 18.14800000 1924.46000 227.66000 41.82100 189.71000
14 4 21 01 07 53049.70000 18.10900000 1924.46000 227.66000 41.82100 189.71000
14 4 21 01 07 53018.30000 18.10900000 1924.01000 228.08000 41.82100 189.71000
14 4 21 01 08 53018.70000 18.10900000 1924.01000 227.88000 41.82100 189.88500
14 4 21 01 08 53002.70000 18.10900000 1922.69000 227.88000 41.41600 189.88500
14 4 21 01 09 53019.50000 18.10900000 1922.69000 227.88000 41.41600 189.88500
14 4 21 01 09 53000.00000 18.10900000 1920.10000 227.71000 41.41600 189.88500
14 4 21 01 09 53000.30000 18.10900000 1920.01000 227.71000 41.41600 189.88500
14 4 21 01 10 53000.00000 18.10900000 1920.01000 227.10000 41.41600 189.74700
14 4 21 01 10 53000.10000 18.10900000 1920.01000 227.20000 41.41600 189.74700
14 4 21 01 11 53000.10000 18.07400000 1920.01000 227.20000 41.41600 189.74700
14 4 21 01 11 53000.10000 18.07400000 1918.68000 227.43000 41.41600 189.74700
14 4 21 01 12 53000.00000 18.07400000 1918.55000 227.43000 41.41600 189.74700
14 4 21 01 12 52982.50000 18.07400000 1917.80000 227.43000 41.41600 189.74700
14 4 21 01 12 52982.50000 18.07400000 1917.80000 227.40000 41.41600 189.74700
14 4 21 01 13 52982.30000 18.07400000 1916.72000 227.53000 41.41600 189.74700
14 4 21 01 13 52981.00000 18.07400000 1916.72000 227.23000 41.41600 189.74700
14 4 21 01 14 52955.90000 18.03800000 1916.72000 226.81000 41.41600 190.21600
14 4 21 01 14 52972.70000 18.03800000 1916.99000 226.50000 41.41600 190.21600
14 4 21 01 15 52957.10000 18.03800000 1917.00000 226.75000 41.41600 190.21600
14 4 21 01 15 52963.00000 18.03800000 1917.00000 226.75000 41.41600 190.21600
14 4 21 01 15 52957.10000 18.03800000 1916.72000 226.75000 41.41600 190.21600
14 4 21 01 16 52957.10000 18.03800000 1915.07000 226.22000 41.41600 189.78100
