M=[
13 12 20 10 31 15921.60000 5.05200000 481.10000 66.24000 14.08100 55.76400
13 12 20 10 31 15921.70000 5.05200000 481.34000 66.17000 14.08100 55.76400
13 12 20 10 32 15924.90000 5.05200000 481.60000 66.18000 14.08100 55.76400
13 12 20 10 32 15924.80000 5.05200000 481.58000 66.19000 14.08100 55.76400
13 12 20 10 33 15924.80000 5.05200000 481.71000 66.23000 14.08100 55.76400
13 12 20 10 33 15940.00000 5.05200000 481.71000 66.23000 14.08100 55.76400
13 12 20 10 34 15947.00000 5.05200000 482.65000 66.41000 14.08100 56.01100
13 12 20 10 34 15947.00000 5.05200000 483.00000 66.41000 14.08100 56.03800
13 12 20 10 34 15950.00000 5.05200000 483.00000 66.41000 14.08100 56.03800
13 12 20 10 35 15949.90000 5.05200000 482.94000 66.57000 14.08100 56.03800
13 12 20 10 35 15950.00000 5.05200000 482.83000 66.53000 14.08100 56.03800
13 12 20 10 36 15950.00000 5.05200000 482.59000 66.49000 14.08100 56.03800
13 12 20 10 36 15949.90000 5.05200000 482.86000 66.49000 14.13800 56.00700
13 12 20 10 37 15950.00000 5.05200000 482.84000 66.57000 14.13800 56.00700
13 12 20 10 37 15950.00000 5.05200000 482.85000 66.57000 14.13800 56.00700
13 12 20 10 37 15950.00000 5.05200000 482.85000 66.53000 14.13800 56.07100
13 12 20 10 38 15950.00000 5.05200000 482.86000 66.53000 14.03000 56.07100
13 12 20 10 38 15941.70000 5.05200000 482.86000 66.53000 14.03000 56.07100
13 12 20 10 39 15941.60000 5.05200000 482.86000 66.52000 14.03000 56.07100
13 12 20 10 39 15935.80000 5.05200000 482.85000 66.52000 14.03000 56.07100
13 12 20 10 40 15927.00000 5.05200000 482.86000 66.48000 14.03000 56.07100
13 12 20 10 40 15935.90000 5.05200000 482.86000 66.51000 14.03000 56.07100
13 12 20 10 40 15935.90000 5.05200000 482.86000 66.49000 14.03000 56.07100
13 12 20 10 41 15927.10000 5.05200000 482.83000 66.49000 14.03000 56.07100
13 12 20 10 41 15931.30000 5.05200000 482.83000 66.49000 14.03000 56.07100
13 12 20 10 42 15931.30000 5.05200000 482.26000 66.45000 14.03000 56.07100
13 12 20 10 42 15931.20000 5.05200000 482.44000 66.43000 14.03000 56.07100
13 12 20 10 43 15931.30000 5.05200000 482.60000 66.52000 14.03000 56.07100
13 12 20 10 43 15931.30000 5.05200000 482.62000 66.49000 14.03000 56.07100
13 12 20 10 43 15931.30000 5.05200000 482.15000 66.50000 14.03000 56.07100
13 12 20 10 44 15931.30000 5.05200000 482.05000 66.51000 14.03000 56.07100
13 12 20 10 44 15931.20000 5.05200000 481.54000 66.41000 14.27400 56.07100
13 12 20 10 45 15931.30000 5.05200000 481.52000 66.25000 14.27400 56.07100
13 12 20 10 45 15931.30000 5.05200000 481.73000 66.35000 14.27400 56.41700
13 12 20 10 46 15931.20000 5.05200000 481.91000 66.35000 14.27400 56.41700
13 12 20 10 46 15931.30000 5.05200000 481.83000 66.36000 14.27400 56.36200
13 12 20 10 46 15931.20000 5.05200000 481.71000 66.36000 14.27400 56.36200
13 12 20 10 47 15931.30000 5.05200000 481.71000 66.35000 14.03700 56.36200
13 12 20 10 47 15931.20000 5.05200000 482.43000 66.46000 14.03700 56.36200
13 12 20 10 48 15940.00000 5.05200000 482.86000 66.48000 14.03700 56.36200
13 12 20 10 48 15934.90000 5.05200000 482.63000 66.48000 14.03700 56.42100
13 12 20 10 49 15934.70000 5.05200000 482.63000 66.48000 14.03700 56.42100
13 12 20 10 49 15931.40000 5.05200000 482.42000 66.47000 14.03700 56.42100
13 12 20 10 49 15906.90000 5.05200000 482.02000 66.40000 14.13900 56.42100
13 12 20 10 50 15904.00000 5.05200000 481.65000 66.37000 14.13900 56.42100
13 12 20 10 50 15904.90000 5.05200000 481.90000 66.37000 14.13900 56.21800
13 12 20 10 51 15904.90000 5.05200000 481.78000 66.37000 14.13900 56.21800
13 12 20 10 51 15912.00000 5.05200000 481.58000 66.37000 14.13900 56.21800
13 12 20 10 52 15927.00000 5.05200000 482.56000 66.37000 14.13900 56.21800
13 12 20 10 52 15914.20000 5.05200000 482.49000 66.46000 14.13900 56.46100
13 12 20 10 52 15917.80000 5.05200000 481.77000 66.34000 14.13900 56.46100
13 12 20 10 53 15912.90000 5.05200000 481.76000 66.40000 14.13900 56.46100
13 12 20 10 53 15912.10000 5.05200000 481.53000 66.40000 14.13900 56.46100
13 12 20 10 54 15912.10000 5.05200000 481.48000 66.40000 14.13900 56.46100
13 12 20 10 54 15917.80000 5.05200000 481.72000 66.40000 14.13900 56.46100
13 12 20 10 54 15917.80000 5.05200000 481.72000 66.38000 14.13900 56.46100
13 12 20 10 55 15915.10000 5.05200000 481.77000 66.38000 14.13900 56.46100
13 12 20 10 55 15912.10000 5.05200000 481.52000 66.38000 14.16100 56.46100
13 12 20 10 56 15912.20000 5.05200000 481.54000 66.34000 14.16100 56.46100
13 12 20 10 56 15912.20000 5.05200000 481.51000 66.34000 14.16100 56.46100
13 12 20 10 57 15912.90000 5.05200000 481.83000 66.36000 14.16100 56.46100
13 12 20 10 57 15913.20000 5.05200000 481.99000 66.36000 14.16100 56.46100
13 12 20 10 58 15912.20000 5.05200000 481.99000 66.36000 14.16100 56.46100
13 12 20 10 58 15902.60000 5.05200000 481.46000 66.35000 14.16100 56.46100
13 12 20 10 58 15900.50000 5.05200000 481.46000 66.33000 14.16100 56.46100
13 12 20 10 59 15898.10000 5.05200000 481.37000 66.32000 14.16100 56.46100
13 12 20 10 59 15914.60000 5.05200000 482.00000 66.44000 14.16100 56.46100
13 12 20 11 00 15917.40000 5.05200000 482.00000 66.40000 14.16100 56.29000
13 12 20 11 00 15918.00000 5.05200000 481.99000 66.43000 14.16100 56.29000
13 12 20 11 01 15920.00000 5.05200000 481.99000 66.44000 14.16100 56.29000
13 12 20 11 01 15908.20000 5.05200000 481.99000 66.43000 14.16100 56.29000
13 12 20 11 01 15909.80000 5.05200000 481.76000 66.43000 14.16100 56.29000
13 12 20 11 02 15905.30000 5.05200000 481.72000 66.44000 14.16100 56.29000
13 12 20 11 02 15903.20000 5.05200000 481.53000 66.38000 14.16100 56.29000
13 12 20 11 03 15897.40000 5.05200000 481.30000 66.38000 14.16100 56.29000
13 12 20 11 03 15894.10000 5.05200000 481.13000 66.38000 14.16100 56.29000
13 12 20 11 04 15892.90000 5.05200000 480.93000 66.30000 14.16100 56.29000
13 12 20 11 04 15899.50000 5.05200000 480.89000 66.30000 14.16100 56.29000
13 12 20 11 04 15891.10000 5.05200000 480.75000 66.30000 14.16100 56.29000
13 12 20 11 05 15893.70000 5.05200000 480.70000 66.20000 14.16100 56.29000
13 12 20 11 05 15904.00000 5.05200000 480.70000 66.23000 14.16100 56.29000
13 12 20 11 06 15901.40000 5.05200000 481.06000 66.23000 14.16100 56.29000
13 12 20 11 06 15901.00000 5.05200000 480.87000 66.31000 14.16100 56.29000
13 12 20 11 06 15901.00000 5.05200000 480.87000 66.31000 14.16100 56.29000
13 12 20 11 07 15905.90000 5.05200000 480.87000 66.31000 14.16100 56.27100
13 12 20 11 07 15901.10000 5.05200000 480.71000 66.26000 14.16100 56.27100
13 12 20 11 08 15901.10000 5.05200000 480.71000 66.26000 14.16100 56.27100
13 12 20 11 08 15898.90000 5.05200000 480.71000 66.28000 14.16100 56.27100
13 12 20 11 09 15902.50000 5.05200000 480.72000 66.24000 14.16100 56.27100
13 12 20 11 09 15906.20000 5.05200000 481.00000 66.24000 14.16100 56.27100
13 12 20 11 09 15906.30000 5.05200000 480.75000 66.26000 14.16100 56.27100
13 12 20 11 10 15898.40000 5.05200000 480.70000 66.11000 14.16100 56.27100
13 12 20 11 10 15894.30000 5.05200000 480.52000 66.08000 14.16100 56.27100
13 12 20 11 11 15892.30000 5.05200000 480.53000 66.02000 14.16100 56.09300
13 12 20 11 11 15890.00000 5.05200000 480.52000 66.07000 14.21000 56.09000
13 12 20 11 12 15869.30000 5.05200000 480.52000 66.10000 14.21000 56.14600
13 12 20 11 12 15876.50000 5.05200000 480.51000 66.03000 14.21000 56.14600
13 12 20 11 12 15876.40000 5.05200000 480.33000 66.11000 14.21000 56.08500
13 12 20 11 13 15869.20000 5.05200000 480.33000 66.11000 14.21000 56.08500
13 12 20 11 13 15856.30000 5.05200000 480.18000 66.05000 14.21000 56.08500
13 12 20 11 14 15852.20000 5.05200000 480.19000 66.04000 14.21000 56.08500
13 12 20 11 14 15860.30000 5.03500000 480.20000 66.00000 14.21000 56.08500
13 12 20 11 15 15857.60000 5.03500000 480.23000 66.00000 14.21000 56.08500
13 12 20 11 15 15870.70000 5.02000000 480.52000 66.00000 14.21000 56.08500
13 12 20 11 15 15876.40000 5.02000000 480.52000 66.00000 14.21000 56.08500
13 12 20 11 16 15884.50000 5.02000000 480.91000 66.01000 14.21000 56.08500
