M=[
23 4 20 00 03 6599.20000 4.98600000 169.62000 38.70000 9.11300 42.30000
23 4 20 00 03 6594.80000 4.98600000 169.14000 38.70000 9.11300 42.30000
23 4 20 00 04 6579.10000 4.98600000 168.74000 38.70000 9.11300 42.24900
23 4 20 00 04 6582.30000 4.98600000 168.86000 38.70000 9.11300 42.24900
23 4 20 00 04 6579.80000 4.98600000 168.86000 38.70000 9.11300 42.24900
23 4 20 00 05 6581.20000 4.98600000 168.70000 38.70000 9.11300 42.24900
23 4 20 00 05 6582.00000 4.98600000 168.70000 38.70000 9.11300 42.24900
23 4 20 00 06 6579.80000 4.98600000 168.70000 38.70000 9.11300 42.24900
23 4 20 00 06 6582.30000 4.98600000 168.83000 38.70000 9.11300 42.24900
23 4 20 00 07 6581.80000 4.98600000 168.83000 38.70000 9.11300 42.24900
23 4 20 00 07 6581.50000 4.98600000 168.61000 38.70000 9.11300 42.24900
23 4 20 00 07 6581.50000 4.98600000 168.54000 38.70000 9.11300 42.24900
23 4 20 00 08 6581.30000 4.98600000 168.54000 38.70000 9.11300 42.24900
23 4 20 00 08 6581.30000 4.98600000 168.54000 38.70000 9.11300 42.24900
23 4 20 00 09 6579.50000 4.98600000 168.53000 38.69000 9.11300 42.24900
23 4 20 00 09 6579.50000 4.98600000 168.53000 38.70000 9.11300 42.24900
23 4 20 00 10 6579.80000 4.98600000 168.53000 38.70000 9.11300 42.24900
23 4 20 00 10 6581.70000 4.98600000 168.60000 38.70000 9.11300 42.24900
23 4 20 00 10 6580.50000 4.98600000 168.52000 38.70000 9.11300 42.24900
23 4 20 00 11 6580.60000 4.98600000 168.46000 38.66000 9.11300 42.24900
23 4 20 00 11 6580.50000 4.98000000 168.46000 38.66000 9.11300 42.24900
23 4 20 00 12 6580.50000 4.98600000 168.46000 38.66000 9.11300 42.24900
23 4 20 00 12 6573.50000 4.98000000 168.23000 38.65000 9.11300 42.24900
23 4 20 00 12 6576.00000 4.98000000 168.17000 38.65000 9.11300 42.24900
23 4 20 00 13 6574.20000 4.98000000 168.17000 38.65000 9.11300 42.24900
23 4 20 00 13 6576.00000 4.98000000 168.22000 38.65000 9.11300 42.24900
23 4 20 00 14 6576.00000 4.98000000 168.20000 38.65000 9.11300 42.24900
23 4 20 00 14 6575.50000 4.98000000 168.18000 38.65000 9.11300 42.24900
23 4 20 00 15 6575.50000 4.98000000 168.22000 38.65000 9.11300 42.24900
23 4 20 00 15 6575.80000 4.98000000 168.22000 38.65000 9.11300 42.24900
23 4 20 00 15 6575.80000 4.98000000 168.31000 38.65000 9.11300 42.24900
23 4 20 00 16 6575.80000 4.98600000 168.31000 38.65000 9.11300 42.24900
23 4 20 00 16 6575.80000 4.98000000 168.31000 38.65000 9.11300 42.24900
23 4 20 00 17 6575.90000 4.98000000 168.10000 38.61000 9.11300 42.24900
23 4 20 00 17 6575.90000 4.98000000 168.03000 38.61000 9.11300 42.24900
23 4 20 00 18 6575.90000 4.98000000 168.03000 38.61000 9.11300 42.24900
23 4 20 00 18 6575.90000 4.98000000 168.11000 38.61000 9.11300 42.24900
23 4 20 00 18 6575.80000 4.98000000 168.16000 38.61000 9.11300 42.24900
23 4 20 00 19 6577.90000 4.98000000 168.15000 38.54000 9.11300 42.24900
23 4 20 00 19 6578.10000 4.98000000 168.11000 38.54000 9.11300 42.24900
23 4 20 00 20 6577.90000 4.98000000 168.14000 38.54000 9.11300 42.24900
23 4 20 00 20 6575.90000 4.98000000 168.14000 38.54000 9.11300 42.24900
23 4 20 00 20 6575.90000 4.98000000 168.14000 38.54000 9.11300 42.24900
23 4 20 00 21 6575.90000 4.98000000 168.06000 38.54000 9.11300 42.24900
23 4 20 00 21 6575.90000 4.98000000 168.06000 38.54000 9.11300 42.24900
23 4 20 00 22 6575.90000 4.98000000 168.16000 38.54000 9.11300 42.24900
23 4 20 00 22 6575.80000 4.98600000 168.16000 38.54000 9.11300 42.24900
23 4 20 00 23 6575.90000 4.98600000 168.21000 38.54000 9.11300 42.24900
23 4 20 00 23 6579.20000 4.98000000 168.32000 38.54000 9.11300 42.24900
23 4 20 00 23 6579.20000 4.98000000 168.45000 38.54000 9.11300 42.24900
23 4 20 00 24 6579.60000 4.98000000 168.32000 38.54000 9.11300 42.24900
23 4 20 00 24 6579.60000 4.98000000 168.32000 38.58000 9.11300 42.24900
23 4 20 00 25 6579.80000 4.98000000 168.32000 38.58000 9.11300 42.24900
23 4 20 00 25 6579.70000 4.98000000 168.32000 38.58000 9.11300 42.24900
23 4 20 00 26 6579.70000 4.98000000 168.39000 38.58000 9.11300 42.24900
23 4 20 00 26 6579.60000 4.98000000 168.35000 38.58000 9.11300 42.24900
23 4 20 00 26 6579.60000 4.98000000 168.15000 38.54000 9.11300 42.24900
23 4 20 00 27 6579.70000 4.98000000 168.15000 38.58000 9.11300 42.24900
23 4 20 00 27 6579.60000 4.98000000 168.08000 38.58000 9.11300 42.24900
23 4 20 00 28 6579.70000 4.98600000 168.18000 38.58000 9.11300 42.24900
23 4 20 00 28 6579.70000 4.98000000 168.18000 38.58000 9.11300 42.24900
23 4 20 00 28 6579.70000 4.98000000 168.18000 38.58000 9.11300 42.24900
23 4 20 00 29 6575.80000 4.98000000 168.18000 38.54000 9.11300 42.24900
23 4 20 00 29 6577.40000 4.98000000 168.18000 38.58000 9.11300 42.24900
23 4 20 00 30 6575.90000 4.98000000 168.18000 38.58000 9.11300 42.24900
23 4 20 00 30 6575.90000 4.98000000 168.18000 38.54000 9.11300 42.24900
23 4 20 00 31 6575.80000 4.98000000 168.08000 38.58000 9.11300 42.24900
23 4 20 00 31 6575.80000 4.98000000 168.08000 38.58000 9.11300 42.24900
23 4 20 00 31 6576.60000 4.98000000 168.18000 38.58000 9.11300 42.24900
23 4 20 00 32 6576.60000 4.98000000 168.08000 38.58000 9.11300 42.24900
23 4 20 00 32 6576.60000 4.98000000 168.08000 38.58000 9.11300 42.24900
23 4 20 00 33 6576.60000 4.98600000 168.27000 38.58000 9.11300 42.24900
23 4 20 00 33 6576.60000 4.98000000 168.27000 38.58000 9.11300 42.24900
23 4 20 00 34 6576.10000 4.98600000 168.27000 38.58000 9.11300 42.24900
23 4 20 00 34 6576.10000 4.98000000 168.27000 38.58000 9.11300 42.24900
23 4 20 00 34 6576.10000 4.98000000 168.07000 38.54000 9.11300 42.24900
23 4 20 00 35 6576.10000 4.98000000 168.07000 38.58000 9.11300 42.24900
23 4 20 00 35 6576.00000 4.98000000 168.07000 38.58000 9.11300 42.24900
23 4 20 00 36 6576.00000 4.98000000 168.07000 38.58000 9.11300 42.24900
23 4 20 00 36 6576.10000 4.98000000 168.34000 38.54000 9.11300 42.24900
23 4 20 00 37 6576.40000 4.98000000 168.34000 38.54000 9.11300 42.24900
23 4 20 00 37 6577.70000 4.98000000 168.39000 38.50000 9.11300 42.24900
23 4 20 00 37 6577.70000 4.98000000 168.45000 38.54000 9.11300 42.24900
23 4 20 00 38 6576.90000 4.98000000 168.44000 38.50000 9.11300 42.24900
23 4 20 00 38 6576.90000 4.98000000 168.44000 38.50000 9.11300 42.24900
23 4 20 00 39 6578.90000 4.98000000 168.44000 38.50000 9.11300 42.24900
23 4 20 00 39 6578.90000 4.98000000 168.53000 38.50000 9.11300 42.24900
23 4 20 00 39 6578.90000 4.98000000 168.53000 38.50000 9.11300 42.24900
23 4 20 00 40 6577.90000 4.98000000 168.53000 38.50000 9.11300 42.24900
23 4 20 00 40 6577.90000 4.98000000 168.27000 38.50000 9.11300 42.24900
23 4 20 00 41 6576.10000 4.98000000 168.14000 38.50000 9.11300 42.24900
23 4 20 00 41 6578.40000 4.98000000 168.14000 38.50000 9.11300 42.24900
23 4 20 00 42 6578.40000 4.98000000 168.14000 38.53000 9.11300 42.24900
23 4 20 00 42 6578.40000 4.98600000 168.36000 38.53000 9.11300 42.24900
23 4 20 00 42 6578.30000 4.98600000 168.36000 38.53000 9.11300 42.24900
23 4 20 00 43 6578.40000 4.98000000 168.36000 38.53000 9.11300 42.24900
23 4 20 00 43 6578.40000 4.98000000 168.36000 38.53000 9.11300 42.24900
23 4 20 00 44 6578.30000 4.98000000 168.36000 38.53000 9.11300 42.24900
23 4 20 00 44 6578.30000 4.98600000 168.45000 38.53000 9.11300 42.24900
23 4 20 00 45 6578.30000 4.98000000 168.45000 38.53000 9.11300 42.24900
23 4 20 00 45 6578.40000 4.98000000 168.54000 38.54000 9.11300 42.24900
23 4 20 00 45 6578.30000 4.98000000 168.36000 38.54000 9.11300 42.24900
23 4 20 00 46 6579.40000 4.98000000 168.54000 38.54000 9.11300 42.24900
23 4 20 00 46 6579.40000 4.98000000 168.60000 38.54000 9.11300 42.24900
23 4 20 00 47 6579.80000 4.98000000 168.60000 38.54000 9.11300 42.24900
23 4 20 00 47 6580.50000 4.98000000 168.60000 38.54000 9.11300 42.24900
23 4 20 00 47 6580.50000 4.98000000 168.60000 38.54000 9.11300 42.24900
23 4 20 00 48 6580.60000 4.98000000 168.61000 38.54000 9.11300 42.24900
23 4 20 00 48 6581.00000 4.98000000 168.73000 38.54000 9.11300 42.24900
23 4 20 00 49 6581.00000 4.98000000 168.73000 38.53000 9.11300 42.24900
23 4 20 00 49 6581.00000 4.98000000 168.73000 38.54000 9.11300 42.24900
