M=[
 2 1 21 01 26 23909.80000 4.59800000 589.90000 101.38000 14.06000 46.55000
 2 1 21 01 27 23903.10000 4.59800000 589.37000 101.38000 14.06000 46.55000
 2 1 21 01 27 23903.10000 4.59800000 589.18000 101.38000 14.06000 46.55000
 2 1 21 01 28 23903.10000 4.59800000 589.18000 101.38000 14.06000 46.39300
 2 1 21 01 28 23908.20000 4.59800000 589.18000 101.38000 14.06000 46.39300
 2 1 21 01 29 23887.40000 4.59800000 589.18000 101.38000 14.06000 46.39000
 2 1 21 01 29 23892.80000 4.58500000 589.18000 101.38000 14.06000 46.39000
 2 1 21 01 29 23892.80000 4.58500000 589.04000 101.26000 14.06000 46.39000
 2 1 21 01 30 23900.50000 4.58500000 589.30000 101.23000 14.06000 46.39000
 2 1 21 01 30 23906.80000 4.58500000 589.26000 101.22000 14.06000 46.39000
 2 1 21 01 31 23899.60000 4.58500000 589.30000 101.22000 14.06000 46.39000
 2 1 21 01 31 23910.00000 4.58500000 589.30000 101.22000 14.06000 46.39000
 2 1 21 01 32 23908.80000 4.58500000 589.30000 101.14000 14.06000 46.39000
 2 1 21 01 32 23907.20000 4.58500000 590.00000 101.14000 14.06000 46.39000
 2 1 21 01 32 23910.00000 4.58500000 591.16000 101.14000 14.06000 46.39000
 2 1 21 01 33 23920.50000 4.58500000 590.75000 101.14000 14.06000 46.39000
 2 1 21 01 33 23949.80000 4.58500000 591.33000 101.14000 14.06000 46.39000
 2 1 21 01 34 23927.20000 4.58500000 591.09000 101.14000 14.06000 46.39000
 2 1 21 01 34 23920.90000 4.58500000 591.09000 101.14000 14.06000 46.39000
 2 1 21 01 35 23926.80000 4.58500000 591.09000 101.14000 14.06000 46.39000
 2 1 21 01 35 23918.20000 4.58500000 590.70000 101.57000 14.06000 46.39000
 2 1 21 01 35 23918.20000 4.61700000 591.35000 101.57000 14.06000 46.39000
 2 1 21 01 36 23919.00000 4.61700000 591.57000 101.57000 14.06000 46.39000
 2 1 21 01 36 23919.00000 4.61700000 591.46000 101.57000 14.06000 46.39000
 2 1 21 01 37 23933.60000 4.61700000 592.63000 101.57000 14.06000 46.39000
 2 1 21 01 37 23938.50000 4.61700000 593.13000 101.57000 14.06000 46.39000
 2 1 21 01 38 23938.50000 4.61700000 593.84000 101.68000 14.06000 46.39000
 2 1 21 01 38 23933.70000 4.61700000 593.05000 101.68000 14.06000 46.39000
 2 1 21 01 38 23951.70000 4.61700000 593.00000 101.71000 14.06000 46.39000
 2 1 21 01 39 23958.30000 4.61700000 593.00000 101.71000 14.06000 46.39000
 2 1 21 01 39 23959.10000 4.61700000 592.72000 101.71000 14.06000 46.39000
 2 1 21 01 40 23959.10000 4.61700000 593.53000 101.71000 14.06000 46.39000
 2 1 21 01 40 23960.50000 4.61700000 593.83000 101.71000 14.06000 46.39000
 2 1 21 01 41 23967.00000 4.61700000 593.89000 101.81000 14.06000 46.39000
 2 1 21 01 41 23967.00000 4.61700000 593.89000 101.81000 14.06000 46.39000
 2 1 21 01 41 23969.10000 4.62600000 594.32000 101.81000 14.06000 46.39000
 2 1 21 01 42 23968.10000 4.62600000 595.20000 101.81000 14.06000 46.39000
 2 1 21 01 42 23968.40000 4.62600000 594.84000 101.81000 14.06000 46.39000
 2 1 21 01 43 23973.90000 4.62600000 594.83000 101.81000 14.06000 46.39000
 2 1 21 01 43 23981.40000 4.62600000 595.12000 101.81000 14.06000 46.39000
 2 1 21 01 44 23997.00000 4.62600000 596.08000 102.05000 14.06000 46.39000
 2 1 21 01 44 23999.90000 4.62600000 596.43000 102.11000 14.06000 46.39000
 2 1 21 01 44 24004.10000 4.62600000 596.70000 102.21000 14.06000 47.02000
 2 1 21 01 45 24010.00000 4.62600000 596.69000 102.21000 14.06000 47.02000
 2 1 21 01 45 24025.10000 4.62600000 597.28000 102.38000 14.04400 47.02000
 2 1 21 01 46 24029.90000 4.62600000 597.07000 102.49000 14.04400 47.15400
 2 1 21 01 46 24025.00000 4.62600000 597.06000 102.36000 14.04400 46.99100
 2 1 21 01 47 24030.60000 4.62600000 597.51000 102.36000 14.04400 46.99100
 2 1 21 01 47 24024.60000 4.62600000 597.39000 102.43000 14.04400 46.99100
 2 1 21 01 47 24019.10000 4.62600000 597.44000 102.43000 14.04400 46.99100
 2 1 21 01 48 24032.50000 4.62600000 598.00000 102.47000 14.04400 46.99100
 2 1 21 01 48 24036.90000 4.62600000 598.20000 102.62000 14.04400 46.99100
 2 1 21 01 49 24031.60000 4.62600000 598.15000 102.62000 14.04400 46.99100
 2 1 21 01 49 24039.80000 4.64100000 598.15000 102.62000 14.04400 46.99100
 2 1 21 01 50 24040.10000 4.64100000 597.58000 102.62000 14.04400 46.99100
 2 1 21 01 50 24040.10000 4.64100000 597.08000 102.69000 14.04400 46.99100
 2 1 21 01 50 24040.00000 4.64100000 597.40000 102.69000 14.04400 46.99100
 2 1 21 01 51 24040.00000 4.64100000 596.22000 102.69000 14.04400 46.99100
 2 1 21 01 51 24040.00000 4.64100000 596.81000 102.69000 14.04400 46.99100
 2 1 21 01 52 24040.00000 4.64100000 596.81000 102.69000 14.04400 46.99100
 2 1 21 01 52 24040.10000 4.64100000 596.81000 102.69000 14.04400 46.99100
 2 1 21 01 53 24040.10000 4.64100000 596.81000 102.65000 14.04400 46.99100
 2 1 21 01 53 24040.10000 4.64100000 597.45000 102.65000 14.04400 46.99100
 2 1 21 01 53 24039.90000 4.64100000 597.45000 102.65000 14.04400 47.05000
 2 1 21 01 54 24024.90000 4.64100000 597.45000 102.56000 14.04400 47.05000
 2 1 21 01 54 24024.90000 4.64100000 598.20000 102.66000 14.04400 47.05000
 2 1 21 01 55 24024.90000 4.64100000 597.77000 102.66000 14.04400 47.05000
 2 1 21 01 55 24024.90000 4.64100000 597.98000 102.66000 14.04400 47.28000
 2 1 21 01 56 24024.90000 4.64100000 597.98000 102.66000 14.04400 47.25000
 2 1 21 01 56 24024.90000 4.64100000 597.98000 102.66000 14.04400 47.25000
 2 1 21 01 56 24024.90000 4.64100000 597.98000 102.66000 14.04400 47.25000
 2 1 21 01 57 24024.90000 4.64100000 597.04000 102.62000 14.04400 47.28000
 2 1 21 01 57 24042.80000 4.64100000 597.23000 102.62000 14.04400 47.28000
 2 1 21 01 58 24027.90000 4.64100000 597.23000 102.59000 14.04400 47.28000
 2 1 21 01 58 24028.70000 4.64100000 597.18000 102.59000 14.04400 47.28000
 2 1 21 01 59 24034.00000 4.64100000 597.02000 102.59000 14.04400 47.28000
 2 1 21 01 59 24034.10000 4.64100000 597.02000 102.59000 14.04400 47.28000
 2 1 21 01 59 24027.10000 4.64100000 597.02000 102.58000 14.04400 47.28000
 2 1 21 02 00 24027.10000 4.64100000 597.02000 102.61000 14.04400 47.28000
 2 1 21 02 00 24008.90000 4.64100000 597.02000 102.61000 14.04400 47.28000
 2 1 21 02 01 24008.90000 4.64100000 597.30000 102.61000 14.04400 47.28000
 2 1 21 02 01 24022.20000 4.64100000 597.30000 102.61000 14.04400 47.28000
 2 1 21 02 02 24022.20000 4.64100000 597.33000 102.61000 13.95000 47.28000
 2 1 21 02 02 24025.60000 4.64100000 597.34000 102.61000 13.95000 47.28000
 2 1 21 02 02 24044.90000 4.64100000 598.49000 102.51000 13.95000 47.49000
 2 1 21 02 03 24048.00000 4.64100000 599.40000 102.61000 13.95000 47.53000
 2 1 21 02 03 24052.20000 4.64100000 599.47000 102.62000 13.95000 47.61100
 2 1 21 02 04 24055.10000 4.64100000 598.99000 102.61000 13.95000 47.62900
 2 1 21 02 04 24056.90000 4.64100000 598.30000 102.61000 13.95000 47.62900
 2 1 21 02 05 24056.90000 4.64100000 598.47000 102.61000 13.95000 47.62900
 2 1 21 02 05 24057.00000 4.64100000 598.47000 102.61000 13.95000 47.62900
 2 1 21 02 05 24057.00000 4.64100000 598.47000 102.61000 13.95000 47.62900
 2 1 21 02 06 24055.90000 4.64100000 597.63000 102.61000 13.95000 47.62900
 2 1 21 02 06 24021.40000 4.64100000 598.22000 102.61000 13.95000 47.62900
 2 1 21 02 07 24032.20000 4.64100000 598.22000 102.61000 13.95000 47.62900
 2 1 21 02 07 24032.20000 4.64100000 598.22000 102.54000 13.95000 47.62900
 2 1 21 02 08 24048.00000 4.64100000 598.07000 102.54000 13.95000 47.62900
 2 1 21 02 08 24048.00000 4.64100000 598.07000 102.54000 13.95000 47.62900
 2 1 21 02 08 24046.60000 4.64100000 598.07000 102.54000 13.95000 47.62900
 2 1 21 02 09 24047.90000 4.64100000 598.07000 102.52000 13.95000 47.62900
 2 1 21 02 09 24047.90000 4.64100000 598.15000 102.39000 13.95000 47.62900
 2 1 21 02 10 24050.60000 4.64100000 598.15000 102.49000 13.95000 47.46000
 2 1 21 02 10 24050.60000 4.64100000 598.90000 102.50000 13.95000 47.66000
 2 1 21 02 11 24056.40000 4.64100000 598.95000 102.50000 13.95000 47.73000
 2 1 21 02 11 24064.30000 4.64100000 598.96000 102.50000 13.95000 47.73000
 2 1 21 02 11 24064.30000 4.64100000 598.96000 102.50000 13.95000 47.55000
