M=[
28 1 21 21 28 27123.90000 6.30400000 1106.49000 109.22000 16.51900 71.41300
28 1 21 21 28 27143.00000 6.34300000 1106.41000 109.31000 16.51900 71.41300
28 1 21 21 29 27142.70000 6.34300000 1107.19000 109.32000 16.51900 71.41300
28 1 21 21 29 27155.60000 6.34300000 1107.79000 109.32000 16.57700 71.41300
28 1 21 21 30 27167.80000 6.34500000 1107.99000 109.34000 16.57700 71.57400
28 1 21 21 30 27166.40000 6.34700000 1107.24000 109.34000 16.57700 71.57400
28 1 21 21 30 27151.10000 6.34800000 1107.17000 109.34000 16.57700 71.57400
28 1 21 21 31 27140.00000 6.34800000 1106.62000 109.34000 16.57700 71.57400
28 1 21 21 31 27149.10000 6.34800000 1107.41000 109.30000 16.57700 71.57400
28 1 21 21 32 27135.10000 6.34800000 1107.01000 109.30000 16.57700 71.57400
28 1 21 21 32 27144.60000 6.34800000 1107.00000 109.30000 16.57700 71.57400
28 1 21 21 33 27136.80000 6.36400000 1106.45000 109.23000 16.57700 71.57400
28 1 21 21 33 27115.30000 6.36400000 1106.44000 109.12000 16.57700 71.57400
28 1 21 21 33 27111.40000 6.37300000 1105.09000 109.11000 16.57700 71.57400
28 1 21 21 34 27057.80000 6.37300000 1103.75000 109.00000 16.51900 71.57400
28 1 21 21 34 27043.00000 6.37300000 1103.00000 108.90000 16.51900 71.57400
28 1 21 21 35 27063.50000 6.37300000 1103.32000 108.91000 16.51900 71.57400
28 1 21 21 35 27088.50000 6.37300000 1104.33000 109.16000 16.51900 71.57400
28 1 21 21 36 27098.90000 6.37000000 1104.84000 109.20000 16.51900 71.57400
28 1 21 21 36 27098.00000 6.37500000 1105.51000 109.24000 16.51900 71.57400
28 1 21 21 36 27098.90000 6.36800000 1105.92000 109.23000 16.51900 71.57400
28 1 21 21 37 27090.90000 6.36700000 1105.67000 109.20000 16.51900 71.57400
28 1 21 21 37 27093.40000 6.36700000 1105.79000 109.22000 16.51900 71.57400
28 1 21 21 38 27117.90000 6.36700000 1106.39000 109.30000 16.51900 71.57400
28 1 21 21 38 27121.60000 6.36700000 1107.50000 109.30000 16.51900 71.57400
28 1 21 21 39 27123.40000 6.36700000 1106.29000 109.30000 16.51900 71.44400
28 1 21 21 39 27121.70000 6.36300000 1105.46000 109.20000 16.51900 71.44400
28 1 21 21 39 27066.60000 6.36400000 1103.81000 109.20000 16.51900 71.44400
28 1 21 21 40 27085.70000 6.36400000 1103.55000 109.20000 16.51900 71.44400
28 1 21 21 40 27113.80000 6.36900000 1105.42000 109.20000 16.51900 71.44400
28 1 21 21 41 27143.80000 6.36900000 1106.07000 109.20000 16.51900 71.44400
28 1 21 21 41 27138.00000 6.39000000 1106.44000 109.29000 16.51900 71.44400
28 1 21 21 42 27116.10000 6.39000000 1105.54000 109.18000 16.51900 71.44400
28 1 21 21 42 27124.10000 6.39000000 1104.90000 109.29000 16.51900 71.44400
28 1 21 21 42 27136.70000 6.39000000 1105.35000 109.29000 16.51900 71.44400
28 1 21 21 43 27141.50000 6.39400000 1106.22000 109.30000 16.51900 71.44400
28 1 21 21 43 27150.00000 6.39400000 1106.20000 109.29000 16.51900 71.44800
28 1 21 21 44 27142.80000 6.39500000 1105.60000 109.30000 16.51900 71.44800
28 1 21 21 44 27150.00000 6.40000000 1105.32000 109.30000 16.51900 71.44800
28 1 21 21 45 27172.40000 6.40000000 1105.37000 109.30000 16.51900 71.44800
28 1 21 21 45 27154.90000 6.40000000 1105.50000 109.31000 16.51900 71.43100
28 1 21 21 46 27131.10000 6.40000000 1103.72000 109.23000 16.51900 71.43100
28 1 21 21 46 27131.00000 6.40000000 1103.41000 109.23000 16.51900 71.43100
28 1 21 21 46 27143.50000 6.40000000 1104.74000 109.11000 16.51900 71.43100
28 1 21 21 47 27169.50000 6.40000000 1105.26000 109.28000 16.51900 71.43100
28 1 21 21 47 27170.80000 6.43700000 1105.22000 109.17000 16.51900 71.43100
28 1 21 21 48 27170.80000 6.43700000 1105.67000 109.27000 16.51900 71.43100
28 1 21 21 48 27220.00000 6.43700000 1107.85000 109.31000 16.51900 71.43100
28 1 21 21 49 27250.00000 6.43700000 1109.30000 109.52000 16.51900 71.43100
28 1 21 21 49 27272.10000 6.39300000 1109.12000 109.48000 16.51900 71.43100
28 1 21 21 49 27276.20000 6.39400000 1108.81000 109.48000 16.51900 71.43100
28 1 21 21 50 27276.10000 6.38500000 1108.81000 109.27000 16.51900 71.43100
28 1 21 21 50 27259.50000 6.38200000 1107.61000 109.12000 16.51900 71.43100
28 1 21 21 51 27262.20000 6.38000000 1108.11000 109.12000 16.51900 71.43100
28 1 21 21 51 27286.90000 6.37000000 1107.88000 109.19000 16.51900 71.43100
28 1 21 21 52 27286.30000 6.37000000 1107.88000 109.10000 16.51900 71.43100
28 1 21 21 52 27280.00000 6.37000000 1107.65000 109.09000 16.51900 71.43100
28 1 21 21 52 27295.20000 6.37000000 1107.85000 109.09000 16.51900 71.43100
28 1 21 21 53 27300.00000 6.37000000 1107.85000 109.06000 16.51900 71.43100
28 1 21 21 53 27318.40000 6.37000000 1108.43000 109.06000 16.51900 71.43100
28 1 21 21 54 27367.60000 6.37000000 1109.00000 109.09000 16.51900 71.26000
28 1 21 21 54 27370.00000 6.37000000 1109.28000 109.08000 16.51900 71.26000
28 1 21 21 55 27376.60000 6.37000000 1109.70000 109.08000 16.51900 71.26000
28 1 21 21 55 27400.00000 6.38300000 1110.00000 109.31000 16.51900 71.25600
28 1 21 21 55 27404.40000 6.38300000 1111.93000 109.27000 16.51900 71.25600
28 1 21 21 56 27421.30000 6.39500000 1110.97000 109.43000 16.51900 71.17800
28 1 21 21 56 27439.00000 6.38500000 1110.86000 109.32000 16.51900 71.17800
28 1 21 21 57 27438.60000 6.38500000 1111.98000 109.33000 16.51900 71.17800
28 1 21 21 57 27430.80000 6.38500000 1111.80000 109.51000 16.51900 71.17800
28 1 21 21 58 27458.60000 6.39800000 1113.00000 109.57000 16.51900 71.17800
28 1 21 21 58 27430.00000 6.39800000 1112.98000 109.57000 16.52000 71.17800
28 1 21 21 58 27418.40000 6.39800000 1112.99000 109.58000 16.52000 71.17800
28 1 21 21 59 27436.40000 6.39800000 1113.63000 109.58000 16.52000 71.17800
28 1 21 21 59 27408.00000 6.39800000 1113.41000 109.58000 16.52000 71.17800
28 1 21 22 00 27416.00000 6.38200000 1113.10000 109.58000 16.52000 71.17800
28 1 21 22 00 27460.20000 6.38200000 1115.18000 109.58000 16.52000 71.17800
28 1 21 22 01 27460.40000 6.38200000 1116.38000 109.59000 16.60700 71.17800
28 1 21 22 01 27472.70000 6.38200000 1117.12000 109.59000 16.60700 71.17800
28 1 21 22 01 27488.00000 6.38200000 1117.57000 109.70000 16.60700 71.17800
28 1 21 22 02 27487.90000 6.38200000 1116.65000 109.71000 16.60700 71.17800
28 1 21 22 02 27487.90000 6.38200000 1116.98000 109.67000 16.60700 71.04000
28 1 21 22 03 27489.00000 6.36700000 1117.27000 109.67000 16.60700 71.04000
28 1 21 22 03 27500.00000 6.36700000 1117.55000 109.72000 16.60700 71.11000
28 1 21 22 04 27534.30000 6.36700000 1117.76000 109.84000 16.65600 71.11000
28 1 21 22 04 27543.50000 6.36700000 1118.70000 109.83000 16.65500 71.29700
28 1 21 22 04 27543.50000 6.36700000 1118.19000 109.83000 16.65500 71.33300
28 1 21 22 05 27540.10000 6.36700000 1118.00000 109.84000 16.65500 71.43100
28 1 21 22 05 27501.10000 6.36700000 1116.35000 109.65000 16.65500 71.43100
28 1 21 22 06 27450.00000 6.37700000 1115.06000 109.66000 16.65500 71.43100
28 1 21 22 06 27376.90000 6.35500000 1112.85000 109.70000 16.65500 71.43100
28 1 21 22 07 27499.00000 6.35500000 1116.21000 109.77000 16.65500 71.43100
28 1 21 22 07 27504.90000 6.35500000 1116.11000 109.90000 16.65500 71.43100
28 1 21 22 07 27497.90000 6.35500000 1115.12000 109.83000 16.65500 71.43100
28 1 21 22 08 27494.10000 6.35500000 1114.04000 109.83000 16.65500 71.19600
28 1 21 22 08 27450.00000 6.35500000 1111.36000 109.83000 16.65500 71.19600
28 1 21 22 09 27428.60000 6.35500000 1111.66000 109.83000 16.65500 71.04500
28 1 21 22 09 27449.90000 6.35500000 1112.70000 109.83000 16.65500 71.04500
28 1 21 22 10 27448.50000 6.35500000 1114.18000 109.83000 16.65500 71.04500
28 1 21 22 10 27449.70000 6.35500000 1115.08000 109.67000 16.65500 71.19900
28 1 21 22 10 27449.80000 6.35500000 1116.30000 109.78000 16.65500 71.19900
28 1 21 22 11 27449.60000 6.35500000 1117.38000 109.71000 16.65500 71.19900
28 1 21 22 11 27447.70000 6.35500000 1116.83000 109.70000 16.55400 71.19900
28 1 21 22 12 27449.90000 6.35500000 1116.71000 109.71000 16.55400 71.31700
28 1 21 22 12 27450.00000 6.44400000 1116.11000 109.69000 16.55400 71.31700
28 1 21 22 13 27492.10000 6.44400000 1115.99000 109.73000 16.55400 71.31700
