M=[
10 12 20 18 17 15075.00000 4.86900000 464.31000 61.53000 14.08000 55.15500
10 12 20 18 17 15070.00000 4.86900000 463.71000 61.52000 14.08000 55.15500
10 12 20 18 17 15068.00000 4.86900000 463.71000 61.52000 14.08000 55.15500
10 12 20 18 18 15068.10000 4.86900000 463.22000 61.52000 14.08000 54.90700
10 12 20 18 18 15072.30000 4.86900000 463.39000 61.52000 14.08000 54.90700
10 12 20 18 19 15069.70000 4.86900000 463.49000 61.52000 14.08000 54.90700
10 12 20 18 19 15068.00000 4.86900000 463.49000 61.49000 14.08000 54.90700
10 12 20 18 20 15072.10000 4.86900000 463.88000 61.58000 14.08000 54.90700
10 12 20 18 20 15070.70000 4.86900000 464.11000 61.58000 14.08000 54.90700
10 12 20 18 20 15074.40000 4.86900000 464.35000 61.58000 14.08000 54.90700
10 12 20 18 21 15074.90000 4.86900000 464.32000 61.58000 14.08000 54.90700
10 12 20 18 21 15075.00000 4.86900000 464.18000 61.58000 14.08000 54.90700
10 12 20 18 22 15075.00000 4.86900000 463.93000 61.51000 14.08000 54.86800
10 12 20 18 22 15075.10000 4.88100000 463.86000 61.52000 14.08000 54.86800
10 12 20 18 23 15075.00000 4.88100000 463.86000 61.52000 14.08000 54.86800
10 12 20 18 23 15074.80000 4.88100000 463.79000 61.51000 14.08000 54.86800
10 12 20 18 24 15074.80000 4.88100000 463.79000 61.51000 14.08000 54.86800
10 12 20 18 24 15068.10000 4.88100000 463.68000 61.51000 14.08000 54.86800
10 12 20 18 24 15069.20000 4.88100000 463.72000 61.51000 14.08000 54.86800
10 12 20 18 25 15069.60000 4.88100000 463.69000 61.51000 14.08000 54.86800
10 12 20 18 25 15070.70000 4.88100000 463.69000 61.50000 14.08000 54.67100
10 12 20 18 26 15072.40000 4.88100000 463.70000 61.49000 14.08000 54.67100
10 12 20 18 26 15072.30000 4.88100000 463.61000 61.49000 14.08000 54.67100
10 12 20 18 27 15068.80000 4.88100000 463.62000 61.50000 14.08000 54.67100
10 12 20 18 27 15069.40000 4.88100000 463.36000 61.53000 14.08000 54.67100
10 12 20 18 27 15068.20000 4.88100000 463.06000 61.53000 14.08000 54.67100
10 12 20 18 28 15070.20000 4.88100000 463.06000 61.53000 14.08000 54.67100
10 12 20 18 28 15068.10000 4.88100000 463.06000 61.53000 14.08000 54.67100
10 12 20 18 29 15081.50000 4.88100000 463.52000 61.53000 14.08000 54.67100
10 12 20 18 29 15082.10000 4.88100000 463.52000 61.53000 14.08000 54.67100
10 12 20 18 30 15081.60000 4.88100000 463.91000 61.59000 14.08000 54.87600
10 12 20 18 30 15081.50000 4.88100000 463.74000 61.59000 14.08000 54.87600
10 12 20 18 30 15082.40000 4.88100000 463.72000 61.59000 14.08000 54.87600
10 12 20 18 31 15082.40000 4.88100000 463.77000 61.59000 14.08000 54.87600
10 12 20 18 31 15082.40000 4.88100000 463.34000 61.58000 14.08000 54.87600
10 12 20 18 32 15081.60000 4.88100000 463.19000 61.58000 14.08000 54.87600
10 12 20 18 32 15070.80000 4.88100000 463.07000 61.58000 14.08000 54.87600
10 12 20 18 33 15072.00000 4.88100000 463.07000 61.58000 14.08000 54.87600
10 12 20 18 33 15067.50000 4.88100000 463.07000 61.58000 14.08000 54.87600
10 12 20 18 33 15064.90000 4.88100000 463.07000 61.58000 14.08000 54.87600
10 12 20 18 34 15067.80000 4.88100000 463.07000 61.58000 14.08000 54.87600
10 12 20 18 34 15066.00000 4.88100000 463.01000 61.58000 14.08000 54.87600
10 12 20 18 35 15058.30000 4.88100000 463.01000 61.58000 14.08000 54.87600
10 12 20 18 35 15062.00000 4.88100000 463.01000 61.47000 14.08000 54.87600
10 12 20 18 36 15066.30000 4.88100000 463.01000 61.47000 14.08000 54.87600
10 12 20 18 36 15063.10000 4.88100000 463.01000 61.41000 14.08000 54.87600
10 12 20 18 36 15068.40000 4.88100000 463.07000 61.42000 14.08000 54.92600
10 12 20 18 37 15065.50000 4.88100000 463.01000 61.50000 14.08000 54.92600
10 12 20 18 37 15065.00000 4.88100000 463.01000 61.50000 14.08000 54.92600
10 12 20 18 38 15066.20000 4.88100000 463.44000 61.50000 14.08000 54.92600
10 12 20 18 38 15066.30000 4.88100000 463.22000 61.51000 14.08000 54.92600
10 12 20 18 39 15067.80000 4.88100000 463.12000 61.54000 14.08000 54.92600
10 12 20 18 39 15066.30000 4.88100000 463.15000 61.54000 14.08000 54.92600
10 12 20 18 39 15066.20000 4.88100000 463.16000 61.54000 14.08000 54.92600
10 12 20 18 40 15065.00000 4.88100000 463.16000 61.53000 14.22000 54.92600
10 12 20 18 40 15069.00000 4.88100000 463.16000 61.53000 14.22000 54.92600
10 12 20 18 41 15079.30000 4.88100000 463.16000 61.53000 14.22000 54.92600
10 12 20 18 41 15079.20000 4.88100000 463.27000 61.53000 14.22000 54.92600
10 12 20 18 42 15077.70000 4.88100000 463.24000 61.53000 14.22000 54.92600
10 12 20 18 42 15078.00000 4.88100000 463.24000 61.54000 14.22000 54.92600
10 12 20 18 42 15080.70000 4.88100000 463.16000 61.54000 14.22000 54.92600
10 12 20 18 43 15082.40000 4.88100000 463.18000 61.54000 14.22000 54.92600
10 12 20 18 43 15080.80000 4.88100000 463.06000 61.56000 14.22000 54.92600
10 12 20 18 44 15082.60000 4.88100000 463.05000 61.56000 14.22000 54.92600
10 12 20 18 44 15080.70000 4.88100000 463.09000 61.56000 14.22000 54.92600
10 12 20 18 45 15083.40000 4.88100000 463.17000 61.56000 14.22000 54.92600
10 12 20 18 45 15083.40000 4.88100000 463.06000 61.56000 14.22000 54.92600
10 12 20 18 45 15083.40000 4.88100000 463.26000 61.56000 14.22000 54.92600
10 12 20 18 46 15083.40000 4.88100000 463.25000 61.56000 14.22000 54.92600
10 12 20 18 46 15083.40000 4.88100000 463.25000 61.56000 14.22000 54.92600
10 12 20 18 47 15086.90000 4.88100000 463.25000 61.53000 14.22000 54.92600
10 12 20 18 47 15092.50000 4.88100000 463.10000 61.53000 14.22000 54.92600
10 12 20 18 48 15093.90000 4.88100000 463.13000 61.52000 14.22000 54.92600
10 12 20 18 48 15107.10000 4.88100000 463.52000 61.52000 14.22000 54.92600
10 12 20 18 48 15107.40000 4.88100000 463.71000 61.53000 14.22000 54.92600
10 12 20 18 49 15107.40000 4.88100000 463.72000 61.53000 14.22000 54.92600
10 12 20 18 49 15107.50000 4.88100000 463.05000 61.63000 14.22000 54.92600
10 12 20 18 50 15105.10000 4.88100000 463.05000 61.63000 14.22000 54.92600
10 12 20 18 50 15104.30000 4.88100000 462.98000 61.63000 14.22000 54.92600
10 12 20 18 51 15104.20000 4.88100000 462.71000 61.61000 14.22000 54.92600
10 12 20 18 51 15100.50000 4.88100000 462.71000 61.61000 14.22000 54.92600
10 12 20 18 51 15107.50000 4.88100000 462.70000 61.61000 14.22000 54.92600
10 12 20 18 52 15107.40000 4.88100000 462.83000 61.61000 14.22000 54.92600
10 12 20 18 52 15102.00000 4.88100000 462.83000 61.61000 14.22600 54.92600
10 12 20 18 53 15101.00000 4.88100000 462.61000 61.70000 14.22600 54.92600
10 12 20 18 53 15101.40000 4.88100000 462.47000 61.70000 14.22600 54.92600
10 12 20 18 54 15089.80000 4.88100000 462.47000 61.58000 14.22600 54.92600
10 12 20 18 54 15091.70000 4.88100000 462.20000 61.58000 14.22600 54.92600
10 12 20 18 54 15090.10000 4.88100000 462.40000 61.60000 14.22600 54.92600
10 12 20 18 55 15094.90000 4.88100000 462.27000 61.59000 14.22600 54.92600
10 12 20 18 55 15095.00000 4.88100000 462.11000 61.59000 14.22600 54.92600
10 12 20 18 56 15095.00000 4.88100000 462.17000 61.59000 14.22600 54.92600
10 12 20 18 56 15095.00000 4.88100000 462.17000 61.59000 14.22600 54.92600
10 12 20 18 57 15094.90000 4.88100000 462.41000 61.59000 14.22600 54.92600
10 12 20 18 57 15084.40000 4.88100000 462.35000 61.60000 14.22600 54.92600
10 12 20 18 57 15083.50000 4.88100000 462.35000 61.60000 14.22600 54.70000
10 12 20 18 58 15093.10000 4.88100000 463.01000 61.69000 14.22600 54.70000
10 12 20 18 58 15083.40000 4.88100000 462.48000 61.69000 14.22600 54.70000
10 12 20 18 59 15083.40000 4.88100000 462.48000 61.69000 14.22600 54.70000
10 12 20 18 59 15083.40000 4.88100000 462.48000 61.64000 14.22600 54.70000
10 12 20 19 00 15082.30000 4.88100000 462.38000 61.64000 14.22600 54.70000
10 12 20 19 00 15079.60000 4.88100000 462.13000 61.64000 14.22600 54.70000
10 12 20 19 00 15078.20000 4.88100000 462.05000 61.65000 14.22600 54.70000
10 12 20 19 01 15078.10000 4.88100000 462.05000 61.65000 14.22600 54.70000
10 12 20 19 01 15078.10000 4.88100000 461.66000 61.65000 14.22600 54.70000
10 12 20 19 02 15077.00000 4.88100000 461.62000 61.55000 14.22600 54.70000
