M=[
21 11 20 06 43 15776.90000 5.10000000 431.59000 69.46000 13.46800 54.03300
21 11 20 06 44 15767.40000 5.10000000 431.59000 69.56000 13.46800 54.03300
21 11 20 06 44 15771.10000 5.11000000 431.60000 69.66000 13.46800 54.03300
21 11 20 06 44 15772.50000 5.11100000 431.60000 69.69000 13.46800 54.03300
21 11 20 06 45 15764.40000 5.11100000 431.72000 69.69000 13.46800 54.03300
21 11 20 06 45 15763.30000 5.11100000 431.68000 69.67000 13.45500 54.03300
21 11 20 06 46 15764.50000 5.11100000 431.62000 69.67000 13.45500 54.03300
21 11 20 06 46 15754.80000 5.08500000 431.48000 69.63000 13.45500 54.03300
21 11 20 06 47 15750.10000 5.08500000 431.01000 69.63000 13.45500 54.03300
21 11 20 06 47 15750.10000 5.08500000 430.90000 69.63000 13.45500 54.03300
21 11 20 06 47 15745.40000 5.08500000 430.61000 69.74000 13.45500 54.03300
21 11 20 06 48 15725.10000 5.08500000 430.37000 69.74000 13.45500 54.03300
21 11 20 06 48 15733.80000 5.08500000 430.37000 69.76000 13.45500 54.03300
21 11 20 06 49 15742.80000 5.08500000 430.52000 69.76000 13.45500 54.03300
21 11 20 06 49 15743.60000 5.08500000 430.57000 69.76000 13.45500 54.03300
21 11 20 06 50 15728.10000 5.08500000 430.57000 69.82000 13.45500 54.03300
21 11 20 06 50 15736.20000 5.08500000 430.56000 69.82000 13.45500 54.03300
21 11 20 06 50 15742.70000 5.08500000 430.66000 69.82000 13.45500 54.03300
21 11 20 06 51 15731.70000 5.08500000 430.50000 69.82000 13.45500 54.03300
21 11 20 06 51 15731.70000 5.08500000 430.42000 69.96000 13.45500 54.03300
21 11 20 06 52 15733.30000 5.08500000 430.42000 69.96000 13.46700 54.03300
21 11 20 06 52 15742.20000 5.08500000 430.89000 70.00000 13.46700 54.03300
21 11 20 06 53 15745.50000 5.08500000 430.89000 70.20000 13.46700 54.03300
21 11 20 06 53 15750.10000 5.08500000 430.89000 70.20000 13.46700 54.03300
21 11 20 06 53 15754.70000 5.08500000 431.61000 70.41000 13.46700 54.03300
21 11 20 06 54 15752.10000 5.08500000 431.36000 70.55000 13.46700 54.03300
21 11 20 06 54 15752.10000 5.08500000 430.81000 70.36000 13.46700 54.03300
21 11 20 06 55 15737.00000 5.08500000 430.74000 70.26000 13.29400 54.03300
21 11 20 06 55 15739.50000 5.08500000 430.54000 70.19000 13.29400 54.03300
21 11 20 06 56 15731.70000 5.08500000 430.64000 70.25000 13.29400 54.03300
21 11 20 06 56 15731.10000 5.08500000 430.66000 70.35000 13.29400 54.03300
21 11 20 06 56 15729.00000 5.08500000 430.59000 70.35000 13.29400 54.03300
21 11 20 06 57 15725.10000 5.08500000 430.50000 70.35000 13.29400 54.03300
21 11 20 06 57 15725.10000 5.08500000 430.50000 70.23000 13.29400 54.03300
21 11 20 06 58 15725.00000 5.08500000 430.49000 70.13000 13.29600 54.03300
21 11 20 06 58 15719.50000 5.08500000 430.34000 70.19000 13.37200 54.03300
21 11 20 06 59 15711.20000 5.08500000 430.31000 70.19000 13.37200 54.03300
21 11 20 06 59 15711.20000 5.08500000 430.31000 70.18000 13.37200 54.03300
21 11 20 06 59 15725.40000 5.08500000 430.31000 70.16000 13.37200 54.03300
21 11 20 07 00 15725.40000 5.08500000 430.32000 70.07000 13.37200 54.31900
21 11 20 07 00 15711.10000 5.07900000 430.32000 70.07000 13.37200 54.27900
21 11 20 07 01 15716.40000 5.07900000 430.32000 70.03000 13.37200 54.27900
21 11 20 07 01 15715.20000 5.07900000 430.32000 70.05000 13.37200 54.25200
21 11 20 07 02 15711.20000 5.07900000 429.13000 69.94000 13.37200 54.37400
21 11 20 07 02 15716.20000 5.07900000 429.40000 69.99000 13.36700 54.37400
21 11 20 07 02 15711.70000 5.07900000 429.40000 69.99000 13.36700 54.37400
21 11 20 07 03 15713.80000 5.07900000 429.40000 69.99000 13.36700 54.37400
21 11 20 07 03 15713.30000 5.07900000 429.40000 69.99000 13.36700 54.37400
21 11 20 07 04 15713.70000 5.07900000 429.40000 69.94000 13.36700 54.37400
21 11 20 07 04 15713.90000 5.07900000 429.40000 69.94000 13.36700 54.37400
21 11 20 07 05 15714.00000 5.07900000 429.72000 69.93000 13.36700 54.37400
21 11 20 07 05 15724.30000 5.07900000 429.72000 69.93000 13.36700 54.37400
21 11 20 07 05 15724.30000 5.08000000 429.73000 69.93000 13.36700 54.37400
21 11 20 07 06 15720.70000 5.09700000 429.70000 69.93000 13.36700 54.37400
21 11 20 07 06 15724.30000 5.09700000 429.70000 69.93000 13.36700 54.37400
21 11 20 07 07 15719.40000 5.09700000 429.70000 69.93000 13.36700 54.37400
21 11 20 07 07 15718.70000 5.09700000 429.60000 69.92000 13.36700 54.37400
21 11 20 07 08 15718.70000 5.09700000 429.60000 69.90000 13.36700 54.37400
21 11 20 07 08 15720.00000 5.09700000 429.66000 69.84000 13.36700 54.26400
21 11 20 07 08 15720.00000 5.09700000 429.71000 69.84000 13.36700 54.26400
21 11 20 07 09 15720.00000 5.09700000 429.71000 69.84000 13.36700 54.26400
21 11 20 07 09 15720.00000 5.09700000 429.66000 69.84000 13.36700 54.26400
21 11 20 07 10 15730.70000 5.09700000 429.72000 69.84000 13.36700 54.31200
21 11 20 07 10 15724.10000 5.09700000 429.40000 69.84000 13.36700 54.25100
21 11 20 07 11 15724.10000 5.09700000 428.71000 69.84000 13.36700 54.25100
21 11 20 07 11 15720.00000 5.09700000 428.74000 69.86000 13.36700 54.24000
21 11 20 07 11 15720.00000 5.07300000 428.74000 69.86000 13.36700 54.24000
21 11 20 07 12 15714.10000 5.07300000 428.98000 69.91000 13.36700 54.24000
21 11 20 07 12 15707.30000 5.07300000 428.94000 69.89000 13.36700 54.24000
21 11 20 07 13 15715.70000 5.07300000 429.12000 69.89000 13.36700 54.24000
21 11 20 07 13 15711.80000 5.07300000 429.14000 69.89000 13.36700 54.24000
21 11 20 07 14 15711.80000 5.07300000 429.23000 69.78000 13.36700 54.24000
21 11 20 07 14 15721.60000 5.07300000 429.27000 69.78000 13.36700 54.24000
21 11 20 07 14 15725.90000 5.07300000 429.48000 69.82000 13.36700 54.24000
21 11 20 07 15 15730.30000 5.07300000 429.55000 69.80000 13.36700 54.24000
21 11 20 07 15 15734.20000 5.07300000 429.73000 69.80000 13.36700 54.24000
21 11 20 07 16 15738.50000 5.07300000 429.73000 69.80000 13.36700 54.24000
21 11 20 07 16 15745.00000 5.07300000 429.73000 69.91000 13.36700 54.24000
21 11 20 07 17 15753.80000 5.07300000 429.73000 69.93000 13.36700 54.24000
21 11 20 07 17 15762.20000 5.07300000 430.00000 69.93000 13.36700 54.24000
21 11 20 07 17 15763.50000 5.09700000 429.73000 69.98000 13.36700 54.24000
21 11 20 07 18 15763.60000 5.09700000 429.87000 69.98000 13.36700 54.24000
21 11 20 07 18 15764.00000 5.09700000 429.86000 70.00000 13.36700 54.24000
21 11 20 07 19 15767.20000 5.09700000 429.87000 70.00000 13.36700 54.24000
21 11 20 07 19 15767.40000 5.09700000 429.87000 70.00000 13.36700 54.24000
21 11 20 07 20 15767.40000 5.09700000 429.88000 70.06000 13.49700 54.24000
21 11 20 07 20 15767.70000 5.09700000 430.21000 70.06000 13.49700 54.24000
21 11 20 07 20 15776.50000 5.09700000 430.10000 70.22000 13.49700 54.24000
21 11 20 07 21 15782.60000 5.09700000 430.13000 70.22000 13.49700 54.24000
21 11 20 07 21 15790.00000 5.09700000 430.13000 70.22000 13.49700 54.24000
21 11 20 07 22 15789.60000 5.09700000 430.39000 70.34000 13.49700 54.24000
21 11 20 07 22 15790.00000 5.09700000 430.38000 70.30000 13.49700 54.62200
21 11 20 07 23 15778.50000 5.09700000 430.37000 70.30000 13.49500 54.62200
21 11 20 07 23 15777.10000 5.09700000 430.37000 70.30000 13.49500 54.62200
21 11 20 07 23 15777.00000 5.09700000 430.37000 70.30000 13.49500 54.62200
21 11 20 07 24 15776.90000 5.09700000 430.38000 70.30000 13.49500 54.62200
21 11 20 07 24 15780.20000 5.09700000 430.38000 70.28000 13.49500 54.42000
21 11 20 07 25 15771.90000 5.09700000 430.37000 70.28000 13.49500 54.42000
21 11 20 07 25 15773.30000 5.09700000 430.38000 70.31000 13.49500 54.45900
21 11 20 07 25 15775.10000 5.09700000 430.37000 70.35000 13.49500 54.45900
21 11 20 07 26 15788.50000 5.09700000 430.40000 70.35000 13.49500 54.45900
21 11 20 07 26 15797.80000 5.09700000 430.41000 70.36000 13.49500 54.45900
21 11 20 07 27 15788.50000 5.09700000 430.59000 70.47000 13.49500 54.45900
21 11 20 07 27 15795.80000 5.09700000 430.76000 70.47000 13.49500 54.51200
21 11 20 07 28 15797.90000 5.09700000 431.18000 70.54000 13.44800 54.51200
21 11 20 07 28 15788.80000 5.09700000 431.21000 70.59000 13.44800 54.51200
