M=[
10 8 20 13 41 10130.40000 5.88700000 336.42000 49.36000 17.95000 78.38700
10 8 20 13 42 10127.40000 5.88700000 336.32000 49.36000 17.99800 78.38700
10 8 20 13 42 10128.40000 5.88700000 336.30000 49.36000 17.99800 78.38700
10 8 20 13 43 10126.70000 5.88700000 336.30000 49.36000 17.99800 78.38700
10 8 20 13 43 10125.90000 5.88700000 336.31000 49.36000 17.99800 78.38700
10 8 20 13 44 10125.30000 5.88700000 336.30000 49.25000 17.99800 78.38700
10 8 20 13 44 10125.40000 5.88700000 336.30000 49.25000 17.99800 78.38700
10 8 20 13 45 10125.80000 5.88700000 336.31000 49.25000 17.99800 78.38700
10 8 20 13 45 10127.30000 5.88700000 336.30000 49.25000 17.94100 78.38700
10 8 20 13 46 10126.20000 5.88700000 336.31000 49.25000 17.94100 78.38700
10 8 20 13 46 10126.00000 5.88700000 336.30000 49.25000 18.00400 78.38700
10 8 20 13 47 10124.40000 5.88700000 336.31000 49.25000 18.00400 78.38700
10 8 20 13 47 10119.60000 5.88700000 335.94000 49.25000 18.00400 78.38700
10 8 20 13 48 10115.60000 5.88700000 335.80000 49.25000 18.00400 78.38700
10 8 20 13 48 10115.60000 5.88700000 335.51000 49.25000 17.93400 78.38700
10 8 20 13 49 10112.20000 5.86900000 335.51000 49.25000 17.93400 78.38700
10 8 20 13 49 10112.20000 5.86800000 335.51000 49.25000 17.93400 78.38700
10 8 20 13 50 10105.30000 5.86800000 335.50000 49.11000 17.93400 78.38700
10 8 20 13 50 10110.50000 5.86800000 335.51000 49.11000 17.93400 78.38700
10 8 20 13 51 10108.30000 5.86800000 335.51000 49.11000 17.93400 78.38700
10 8 20 13 51 10110.40000 5.86800000 335.51000 49.11000 17.91800 78.38700
10 8 20 13 52 10109.70000 5.86800000 335.51000 49.13000 17.91800 78.38700
10 8 20 13 52 10105.50000 5.86800000 335.52000 49.14000 17.93200 78.38700
10 8 20 13 52 10107.90000 5.86800000 335.52000 49.13000 17.93200 78.38700
10 8 20 13 53 10109.40000 5.86800000 335.51000 49.13000 17.93200 78.38700
10 8 20 13 53 10111.90000 5.86800000 335.50000 49.13000 17.93200 78.38700
10 8 20 13 54 10125.20000 5.86800000 335.73000 49.14000 17.95900 78.38700
10 8 20 13 54 10123.50000 5.86800000 335.63000 49.14000 17.93000 78.38700
10 8 20 13 55 10124.00000 5.86800000 335.57000 49.14000 17.93000 78.38700
10 8 20 13 55 10123.90000 5.86800000 336.01000 49.14000 17.93000 78.38700
10 8 20 13 56 10123.90000 5.86800000 335.96000 49.14000 17.93000 78.38700
10 8 20 13 56 10126.30000 5.86800000 335.96000 49.16000 17.93000 78.38700
10 8 20 13 57 10127.40000 5.86800000 335.94000 49.20000 17.93000 78.38700
10 8 20 13 57 10130.00000 5.86800000 335.96000 49.20000 17.94200 78.38700
10 8 20 13 58 10132.00000 5.86800000 335.96000 49.28000 17.94200 78.38700
10 8 20 13 58 10144.70000 5.86800000 336.38000 49.28000 17.94200 78.38700
10 8 20 13 59 10145.80000 5.86800000 336.41000 49.28000 17.94200 78.38700
10 8 20 13 59 10148.80000 5.86800000 336.59000 49.32000 17.94200 78.38700
10 8 20 14 00 10148.70000 5.86900000 336.61000 49.32000 17.94200 78.31400
10 8 20 14 00 10146.90000 5.87000000 336.60000 49.32000 17.95100 78.31400
10 8 20 14 01 10144.70000 5.87000000 336.66000 49.32000 17.95100 78.31400
10 8 20 14 01 10141.00000 5.87000000 336.66000 49.32000 17.95100 78.31400
10 8 20 14 02 10137.30000 5.87000000 336.70000 49.32000 17.95100 78.31400
10 8 20 14 02 10131.40000 5.87000000 336.66000 49.32000 17.95100 78.31400
10 8 20 14 03 10131.80000 5.87000000 336.50000 49.32000 17.95200 78.31400
10 8 20 14 03 10126.40000 5.87000000 336.50000 49.32000 17.95200 78.31400
10 8 20 14 04 10131.10000 5.87000000 336.50000 49.32000 17.95200 78.10200
10 8 20 14 04 10131.10000 5.87000000 336.50000 49.32000 17.95200 78.10200
10 8 20 14 05 10126.30000 5.87000000 336.51000 49.32000 17.95200 78.10200
10 8 20 14 05 10130.70000 5.87000000 336.67000 49.32000 17.95200 78.10200
10 8 20 14 06 10130.60000 5.87000000 336.50000 49.32000 17.95200 78.10200
10 8 20 14 06 10130.70000 5.87000000 336.50000 49.32000 17.98400 78.10200
10 8 20 14 07 10132.10000 5.87000000 336.51000 49.25000 17.98400 78.10200
10 8 20 14 07 10132.60000 5.87000000 336.51000 49.25000 18.04700 78.10200
10 8 20 14 08 10131.60000 5.87000000 336.57000 49.23000 18.04700 78.10200
10 8 20 14 08 10130.40000 5.87000000 336.50000 49.23000 18.05200 78.10200
10 8 20 14 09 10130.10000 5.87000000 336.50000 49.23000 18.05200 78.10200
10 8 20 14 09 10130.00000 5.87000000 336.51000 49.23000 17.98000 78.10200
10 8 20 14 09 10130.10000 5.87000000 336.50000 49.21000 17.98000 78.10200
10 8 20 14 10 10130.00000 5.87000000 336.51000 49.21000 17.98000 78.10200
10 8 20 14 10 10126.10000 5.87000000 336.50000 49.21000 17.98000 78.10200
10 8 20 14 11 10122.50000 5.87000000 336.50000 49.19000 17.98000 78.10200
10 8 20 14 11 10123.30000 5.87000000 336.55000 49.19000 17.98000 78.10200
10 8 20 14 12 10125.70000 5.87000000 336.52000 49.19000 17.98000 78.10200
10 8 20 14 12 10125.00000 5.87000000 336.52000 49.19000 17.98600 78.10200
10 8 20 14 13 10120.10000 5.87000000 336.52000 49.19000 17.98600 78.10200
10 8 20 14 13 10120.10000 5.87000000 336.51000 49.21000 17.98600 78.00000
10 8 20 14 14 10127.30000 5.87000000 336.51000 49.21000 17.98600 78.00000
10 8 20 14 14 10130.60000 5.87000000 336.52000 49.21000 17.98600 78.00000
10 8 20 14 14 10132.70000 5.87000000 336.57000 49.21000 17.98600 78.00000
10 8 20 14 15 10132.60000 5.87000000 336.53000 49.24000 17.97500 78.00000
10 8 20 14 15 10130.70000 5.87000000 336.51000 49.24000 17.97500 78.00000
10 8 20 14 16 10133.50000 5.87000000 336.60000 49.24000 17.97500 78.00000
10 8 20 14 16 10135.00000 5.87000000 336.73000 49.24000 17.97500 78.00000
10 8 20 14 17 10135.00000 5.88700000 336.64000 49.24000 17.97500 78.00000
10 8 20 14 17 10142.50000 5.88700000 336.51000 49.24000 17.97500 78.00000
10 8 20 14 18 10143.70000 5.88700000 336.59000 49.24000 17.97500 78.00000
10 8 20 14 18 10144.70000 5.88700000 336.70000 49.24000 17.97900 78.00000
10 8 20 14 19 10148.70000 5.88700000 336.81000 49.24000 17.97900 78.00000
10 8 20 14 19 10147.50000 5.88700000 336.81000 49.24000 17.97900 78.00000
10 8 20 14 20 10144.00000 5.88700000 336.80000 49.24000 17.97900 78.00000
10 8 20 14 20 10144.00000 5.88700000 336.97000 49.26000 17.97900 78.00000
10 8 20 14 21 10143.60000 5.88700000 336.97000 49.26000 17.99600 78.00000
10 8 20 14 21 10142.60000 5.87000000 336.81000 49.25000 17.99600 78.00000
10 8 20 14 22 10149.60000 5.88700000 336.88000 49.25000 17.99600 78.00000
10 8 20 14 22 10150.00000 5.88900000 337.05000 49.25000 17.99600 78.26900
10 8 20 14 23 10153.30000 5.88900000 337.18000 49.25000 17.99600 78.26900
10 8 20 14 23 10150.20000 5.88900000 337.09000 49.25000 17.99600 78.26900
10 8 20 14 24 10157.70000 5.89300000 337.19000 49.25000 17.99600 78.26900
10 8 20 14 24 10165.10000 5.89300000 337.51000 49.30000 17.99600 78.26900
10 8 20 14 25 10164.90000 5.89300000 337.44000 49.34000 17.99600 78.26900
10 8 20 14 25 10165.10000 5.89300000 337.54000 49.34000 17.99600 78.26900
10 8 20 14 26 10165.00000 5.90000000 337.62000 49.37000 18.05100 78.26900
10 8 20 14 26 10166.80000 5.90000000 337.60000 49.37000 18.05100 78.26900
10 8 20 14 27 10165.40000 5.90000000 337.60000 49.38000 18.05100 78.26900
10 8 20 14 27 10164.90000 5.90000000 337.57000 49.39000 18.00200 78.26900
10 8 20 14 28 10160.20000 5.90000000 337.20000 49.38000 18.00200 78.26900
10 8 20 14 28 10162.00000 5.90000000 337.21000 49.41000 18.00200 78.26900
10 8 20 14 29 10171.70000 5.90000000 337.50000 49.41000 18.00200 78.26900
10 8 20 14 29 10175.00000 5.90000000 337.46000 49.41000 18.00200 78.26900
10 8 20 14 30 10174.90000 5.90000000 337.46000 49.43000 18.00200 78.26900
10 8 20 14 30 10184.90000 5.90000000 337.64000 49.44000 18.01300 78.26900
10 8 20 14 31 10175.00000 5.90000000 337.64000 49.43000 18.01300 78.26900
10 8 20 14 31 10164.00000 5.90000000 337.23000 49.38000 18.01300 78.26900
10 8 20 14 32 10164.10000 5.90000000 337.30000 49.38000 18.01300 78.26900
10 8 20 14 32 10164.10000 5.90000000 337.31000 49.38000 18.01300 78.26900
10 8 20 14 33 10161.40000 5.90000000 336.72000 49.32000 18.01300 78.26900
10 8 20 14 33 10160.80000 5.90000000 336.88000 49.32000 17.99600 78.26900
