M=[
 8 2 21 02 34 31965.00000 6.87700000 1319.40000 124.12000 19.72700 76.98800
 8 2 21 02 34 31965.00000 6.87700000 1319.40000 124.12000 19.81600 76.98800
 8 2 21 02 35 31965.00000 6.87700000 1319.40000 124.12000 19.81600 76.98800
 8 2 21 02 35 31893.90000 6.87700000 1318.75000 124.24000 19.64400 76.98800
 8 2 21 02 36 31894.00000 6.87700000 1318.75000 124.24000 19.64400 76.98800
 8 2 21 02 36 31893.50000 6.87700000 1317.53000 124.24000 19.64400 76.98800
 8 2 21 02 36 31893.40000 6.87700000 1317.53000 124.24000 19.64400 76.98800
 8 2 21 02 37 31855.50000 6.87700000 1317.53000 124.13000 19.64400 76.98800
 8 2 21 02 37 31894.70000 6.87700000 1317.53000 124.13000 19.64400 76.98800
 8 2 21 02 38 31903.70000 6.88200000 1317.53000 124.13000 19.64400 76.98800
 8 2 21 02 38 31898.90000 6.88200000 1317.53000 123.66000 19.64400 76.98800
 8 2 21 02 39 31876.20000 6.88200000 1316.26000 123.54000 19.73600 76.98800
 8 2 21 02 39 31870.40000 6.88200000 1315.01000 123.54000 19.80700 76.23800
 8 2 21 02 39 31870.30000 6.88200000 1315.01000 123.54000 19.86800 76.23800
 8 2 21 02 40 31876.70000 6.88200000 1318.26000 123.65000 19.86800 76.23800
 8 2 21 02 40 31919.50000 6.85300000 1318.26000 123.65000 19.86800 76.23800
 8 2 21 02 41 31927.50000 6.85300000 1317.03000 123.65000 19.86800 76.23800
 8 2 21 02 41 31929.70000 6.85300000 1317.03000 123.65000 19.86800 76.23800
 8 2 21 02 42 31929.80000 6.85300000 1317.03000 123.65000 19.86800 76.23800
 8 2 21 02 42 31929.90000 6.85300000 1318.67000 123.65000 19.86800 76.23800
 8 2 21 02 42 31930.00000 6.85300000 1318.92000 123.65000 19.86800 76.23800
 8 2 21 02 43 31929.90000 6.85300000 1318.09000 123.65000 19.86800 76.23800
 8 2 21 02 43 31929.90000 6.85300000 1318.09000 123.65000 19.86800 76.23800
 8 2 21 02 44 31916.00000 6.85300000 1317.34000 123.61000 19.81700 76.23800
 8 2 21 02 44 31925.20000 6.85300000 1317.34000 123.61000 19.81700 76.23800
 8 2 21 02 45 31925.20000 6.85300000 1317.34000 123.61000 19.81700 76.23800
 8 2 21 02 45 31927.50000 6.85300000 1317.88000 123.60000 19.81700 76.23800
 8 2 21 02 45 31927.50000 6.85300000 1319.10000 123.60000 19.81700 76.23800
 8 2 21 02 46 31921.30000 6.85300000 1318.64000 123.60000 19.81700 76.23800
 8 2 21 02 46 31929.90000 6.85300000 1319.29000 123.57000 19.81700 76.23800
 8 2 21 02 47 31929.90000 6.85300000 1318.78000 123.80000 19.81700 76.23800
 8 2 21 02 47 31930.00000 6.85300000 1318.85000 123.67000 19.81700 76.23800
 8 2 21 02 48 31929.90000 6.85300000 1319.12000 123.70000 19.81600 76.23800
 8 2 21 02 48 31925.90000 6.85300000 1319.03000 123.70000 19.81600 76.23800
 8 2 21 02 48 31915.40000 6.85300000 1319.33000 123.70000 19.49900 76.23800
 8 2 21 02 49 31900.90000 6.85300000 1319.33000 123.70000 19.49900 76.23800
 8 2 21 02 49 31890.40000 6.85300000 1317.71000 123.70000 19.49900 76.23800
 8 2 21 02 50 31894.90000 6.85300000 1317.55000 123.78000 19.50100 76.23800
 8 2 21 02 50 31888.50000 6.85300000 1315.00000 123.78000 19.90500 76.23800
 8 2 21 02 51 31885.70000 6.85300000 1311.69000 123.78000 19.90500 76.23800
 8 2 21 02 51 31850.00000 6.85300000 1309.48000 123.35000 19.90500 76.23800
 8 2 21 02 51 31842.20000 6.78700000 1309.05000 123.31000 19.90500 76.06700
 8 2 21 02 52 31848.10000 6.78700000 1308.88000 123.10000 19.90500 76.06700
 8 2 21 02 52 31835.30000 6.78700000 1308.78000 123.10000 19.90500 76.06700
 8 2 21 02 53 31830.30000 6.78700000 1310.22000 123.11000 19.90500 76.06700
 8 2 21 02 53 31822.60000 6.78700000 1308.67000 123.11000 19.90500 76.06700
 8 2 21 02 54 31765.10000 6.78700000 1306.91000 123.11000 19.90500 76.00100
 8 2 21 02 54 31765.60000 6.78700000 1307.30000 123.11000 19.90500 76.00100
 8 2 21 02 54 31764.60000 6.78700000 1307.30000 123.11000 19.90500 76.00100
 8 2 21 02 55 31751.00000 6.78500000 1303.89000 123.11000 19.81600 76.00100
 8 2 21 02 55 31775.50000 6.78500000 1304.99000 123.05000 19.81600 76.00100
 8 2 21 02 56 31805.20000 6.78500000 1308.82000 123.05000 19.81600 76.00100
 8 2 21 02 56 31805.40000 6.78500000 1308.82000 123.05000 19.81400 76.00100
 8 2 21 02 57 31810.60000 6.78500000 1309.86000 123.05000 19.81400 76.00100
 8 2 21 02 57 31821.30000 6.78500000 1309.40000 123.05000 19.81400 76.00100
 8 2 21 02 57 31828.30000 6.78500000 1309.40000 123.05000 19.81600 76.00100
 8 2 21 02 58 31776.00000 6.78500000 1307.51000 123.16000 19.81600 76.00100
 8 2 21 02 58 31776.00000 6.78500000 1307.51000 123.16000 19.81600 76.00100
 8 2 21 02 59 31776.00000 6.78500000 1307.89000 123.16000 19.81600 76.00100
 8 2 21 02 59 31796.80000 6.78500000 1308.05000 123.16000 19.81600 76.00100
 8 2 21 03 00 31813.20000 6.78500000 1306.75000 123.31000 19.81600 76.00100
 8 2 21 03 00 31811.50000 6.78500000 1306.82000 123.31000 19.81600 76.00100
 8 2 21 03 00 31779.40000 6.78500000 1306.82000 123.16000 19.81600 76.00100
 8 2 21 03 01 31734.50000 6.78500000 1302.30000 123.08000 19.81600 76.00100
 8 2 21 03 01 31742.70000 6.78500000 1302.30000 123.18000 19.81600 75.90300
 8 2 21 03 02 31776.00000 6.78500000 1307.08000 123.32000 19.81600 75.90300
 8 2 21 03 02 31789.10000 6.78500000 1307.89000 123.32000 19.81600 75.90300
 8 2 21 03 03 31811.30000 6.78500000 1310.99000 123.32000 19.81600 75.90300
 8 2 21 03 03 31826.60000 6.78500000 1312.72000 123.32000 19.81600 75.90300
 8 2 21 03 03 31840.30000 6.78500000 1313.13000 123.32000 19.81600 75.90300
 8 2 21 03 04 31836.80000 6.78500000 1311.15000 123.55000 19.81600 75.90300
 8 2 21 03 04 31841.80000 6.78500000 1311.18000 123.55000 19.81600 75.90300
 8 2 21 03 05 31850.00000 6.78500000 1311.44000 123.55000 19.50200 75.90300
 8 2 21 03 05 31857.70000 6.78500000 1311.44000 123.65000 19.50200 75.90300
 8 2 21 03 06 31862.50000 6.78500000 1313.58000 123.67000 19.50200 75.90300
 8 2 21 03 06 31830.90000 6.78500000 1312.04000 123.67000 19.50200 75.90300
 8 2 21 03 06 31830.90000 6.78500000 1312.50000 123.71000 19.50200 75.90300
 8 2 21 03 07 31841.50000 6.78500000 1312.50000 123.67000 19.50200 75.90300
 8 2 21 03 07 31841.60000 6.78500000 1312.70000 123.80000 19.50200 75.90300
 8 2 21 03 08 31861.20000 6.78500000 1312.70000 123.80000 19.50200 75.90300
 8 2 21 03 08 31861.20000 6.78500000 1312.70000 123.89000 19.50200 75.90300
 8 2 21 03 09 31879.30000 6.78500000 1312.70000 123.89000 19.50200 75.90300
 8 2 21 03 09 31852.50000 6.78500000 1314.99000 123.89000 19.50200 75.90300
 8 2 21 03 09 31847.60000 6.78500000 1313.96000 123.81000 19.50200 75.90300
 8 2 21 03 10 31835.70000 6.78500000 1314.00000 123.76000 19.50200 75.90300
 8 2 21 03 10 31855.00000 6.78500000 1314.31000 123.76000 19.50200 75.90300
 8 2 21 03 11 31858.90000 6.78500000 1314.31000 123.76000 19.50200 75.90300
 8 2 21 03 11 31850.60000 6.78500000 1314.75000 123.76000 19.50200 75.90300
 8 2 21 03 12 31863.90000 6.78500000 1314.65000 123.81000 19.49600 75.90300
 8 2 21 03 12 31852.20000 6.78500000 1314.27000 123.73000 19.40700 75.90300
 8 2 21 03 12 31848.00000 6.78500000 1313.86000 123.73000 19.40600 75.90300
 8 2 21 03 13 31859.30000 6.78500000 1313.86000 123.84000 19.40600 75.90300
 8 2 21 03 13 31832.40000 6.78500000 1313.02000 123.84000 19.40500 75.90300
 8 2 21 03 14 31865.10000 6.78500000 1313.02000 123.84000 19.40500 75.90300
 8 2 21 03 14 31875.80000 6.78500000 1315.89000 123.84000 19.40000 75.90300
 8 2 21 03 15 31887.70000 6.78500000 1316.29000 123.84000 19.40000 75.90300
 8 2 21 03 15 31852.40000 6.78500000 1316.29000 123.84000 19.40000 75.90300
 8 2 21 03 15 31856.90000 6.78500000 1314.07000 123.83000 19.40000 75.90300
 8 2 21 03 16 31828.20000 6.78500000 1314.07000 123.83000 19.40000 75.90300
 8 2 21 03 16 31859.00000 6.78500000 1314.07000 123.83000 19.40000 75.90300
 8 2 21 03 17 31826.50000 6.78500000 1314.07000 123.77000 19.40000 75.90300
 8 2 21 03 17 31848.70000 6.78500000 1314.07000 123.77000 19.30300 75.90300
 8 2 21 03 18 31857.60000 6.78500000 1314.07000 123.77000 19.30300 75.90300
 8 2 21 03 18 31861.80000 6.78500000 1314.07000 123.77000 19.30300 75.90300
 8 2 21 03 18 31861.80000 6.82200000 1313.03000 123.77000 19.30300 75.90300
