M=[
 6 5 21 01 15 47164.90000 74.25800000 2873.46000 283.80000 40.41000 235.03700
 6 5 21 01 15 47215.80000 74.68800000 2874.00000 284.42000 40.41000 235.03700
 6 5 21 01 16 47233.40000 74.68800000 2874.00000 284.28000 40.41000 235.03700
 6 5 21 01 16 47236.80000 74.77500000 2878.00000 284.35000 40.99700 235.03700
 6 5 21 01 17 47184.90000 74.77500000 2873.40000 284.34000 40.99700 235.03700
 6 5 21 01 17 47180.50000 74.77600000 2871.72000 283.98000 40.99900 235.03700
 6 5 21 01 18 47148.80000 74.37800000 2869.35000 283.07000 41.00100 235.03700
 6 5 21 01 18 47182.70000 74.70300000 2870.22000 283.07000 41.25700 235.03700
 6 5 21 01 18 47182.80000 74.32800000 2870.22000 284.00000 41.50000 235.03700
 6 5 21 01 19 47187.00000 74.58500000 2871.64000 282.53000 41.25800 235.03700
 6 5 21 01 19 47127.70000 74.58500000 2866.53000 281.80000 41.18500 235.03700
 6 5 21 01 20 47065.10000 74.58500000 2863.63000 281.23000 41.08600 235.03700
 6 5 21 01 20 47059.60000 73.78600000 2863.63000 280.58000 41.35900 235.03700
 6 5 21 01 21 47122.50000 73.73900000 2867.84000 282.37000 41.31200 235.03700
 6 5 21 01 21 47185.00000 74.08100000 2872.70000 283.22000 41.45600 235.03700
 6 5 21 01 21 47229.20000 74.64800000 2872.70000 283.73000 41.45600 236.61000
 6 5 21 01 22 47226.70000 74.72800000 2877.32000 284.27000 41.60300 236.88200
 6 5 21 01 22 47230.00000 74.56700000 2874.56000 284.31000 41.60300 236.71400
 6 5 21 01 23 47228.10000 74.47500000 2876.25000 284.31000 41.52500 236.71400
 6 5 21 01 23 47201.00000 74.47500000 2870.75000 282.79000 41.52500 236.71400
 6 5 21 01 24 47106.10000 74.28600000 2863.90000 282.34000 41.52500 236.71400
 6 5 21 01 24 47110.00000 73.79500000 2862.49000 282.39000 41.50100 236.71400
 6 5 21 01 24 47173.90000 73.70800000 2872.82000 282.39000 41.50100 236.20900
 6 5 21 01 25 47218.20000 73.70800000 2875.95000 282.39000 41.67800 236.20900
 6 5 21 01 25 47253.20000 73.70800000 2878.08000 282.39000 41.74900 236.20900
 6 5 21 01 26 47269.80000 74.23900000 2879.39000 284.10000 41.75000 236.71400
 6 5 21 01 26 47186.70000 74.43500000 2876.97000 284.10000 41.80000 236.71400
 6 5 21 01 27 47207.10000 74.47100000 2877.25000 284.10000 41.80000 236.71400
 6 5 21 01 27 47215.50000 74.47100000 2879.97000 284.71000 41.80000 236.71400
 6 5 21 01 27 47258.10000 74.47100000 2880.64000 284.71000 41.80000 237.79600
 6 5 21 01 28 47274.80000 74.36600000 2880.64000 284.68000 41.80000 237.79600
 6 5 21 01 28 47266.50000 74.75000000 2882.95000 284.68000 41.82800 237.86700
 6 5 21 01 29 47274.70000 74.64900000 2882.95000 284.87000 41.43200 237.86700
 6 5 21 01 29 47274.80000 74.64900000 2885.00000 284.96000 41.89000 237.86700
 6 5 21 01 30 47315.50000 75.05600000 2889.35000 285.33000 41.99900 237.86700
 6 5 21 01 30 47320.10000 74.79900000 2887.88000 285.33000 41.99900 237.86700
 6 5 21 01 30 47352.40000 74.83400000 2889.46000 285.32000 41.99900 237.86700
 6 5 21 01 31 47397.70000 74.83400000 2889.50000 285.80000 42.00200 237.86700
 6 5 21 01 31 47360.20000 74.83400000 2886.92000 285.38000 42.00200 237.86700
 6 5 21 01 32 47380.90000 74.79000000 2886.92000 285.75000 42.00200 237.86700
 6 5 21 01 32 47396.60000 74.79000000 2887.71000 285.64000 42.00200 238.21000
 6 5 21 01 33 47389.50000 74.79000000 2888.10000 285.17000 42.00200 238.21000
 6 5 21 01 33 47379.60000 74.54400000 2886.93000 285.18000 42.00200 238.21000
 6 5 21 01 33 47423.40000 74.62800000 2890.23000 285.81000 42.00200 238.21000
 6 5 21 01 34 47423.50000 74.62800000 2888.77000 286.34000 41.46500 238.21000
 6 5 21 01 34 47423.50000 74.62800000 2888.57000 286.05000 41.76300 238.21000
 6 5 21 01 35 47456.90000 74.62800000 2890.58000 286.72000 41.76300 238.21000
 6 5 21 01 35 47462.80000 74.62800000 2891.66000 286.75000 41.76300 238.21000
 6 5 21 01 36 47498.80000 74.70500000 2891.66000 286.86000 41.43700 238.21000
 6 5 21 01 36 47462.70000 74.54800000 2891.56000 286.62000 41.43700 238.21000
 6 5 21 01 36 47491.60000 74.58200000 2894.43000 286.62000 41.18500 238.21000
 6 5 21 01 37 47465.20000 74.43300000 2894.32000 286.27000 41.18500 238.21000
 6 5 21 01 37 47488.30000 74.43300000 2896.41000 287.28000 41.18500 238.21000
 6 5 21 01 38 47513.10000 74.43300000 2897.06000 286.79000 41.18500 238.21000
 6 5 21 01 38 47513.10000 74.43300000 2896.86000 286.44000 41.18500 238.21000
 6 5 21 01 39 47498.70000 74.43300000 2895.66000 287.01000 40.77700 238.69000
 6 5 21 01 39 47498.70000 74.43300000 2894.20000 286.58000 40.77700 238.69000
 6 5 21 01 39 47450.80000 74.43300000 2894.12000 286.71000 40.77700 238.69000
 6 5 21 01 40 47479.60000 74.43300000 2894.01000 286.96000 40.77700 238.69000
 6 5 21 01 40 47461.80000 74.97300000 2891.47000 286.83000 40.52300 238.69000
 6 5 21 01 41 47471.50000 74.46600000 2895.29000 287.11000 40.30700 238.69000
 6 5 21 01 41 47503.40000 74.46600000 2896.59000 287.57000 40.30700 238.69000
 6 5 21 01 42 47508.10000 74.46600000 2896.23000 287.73000 40.30700 238.69000
 6 5 21 01 42 47496.70000 74.46600000 2898.00000 288.00000 40.30700 238.69000
 6 5 21 01 42 47467.00000 75.55600000 2898.14000 288.00000 40.30700 238.69000
 6 5 21 01 43 47476.80000 75.67500000 2899.21000 288.00000 40.30700 238.69000
 6 5 21 01 43 47471.50000 75.86900000 2899.01000 287.54000 40.45400 238.69000
 6 5 21 01 44 47460.00000 75.86900000 2898.15000 287.54000 40.45400 238.69000
 6 5 21 01 44 47474.90000 75.86900000 2900.00000 287.08000 40.45400 238.69000
 6 5 21 01 45 47461.10000 75.91400000 2897.96000 287.00000 40.83300 238.69000
 6 5 21 01 45 47472.30000 76.19700000 2899.99000 286.63000 40.83300 238.69000
 6 5 21 01 45 47481.00000 76.38400000 2904.76000 286.98000 40.83300 240.06300
 6 5 21 01 46 47440.60000 76.51300000 2902.09000 286.97000 40.83300 240.40000
 6 5 21 01 46 47437.40000 76.90300000 2901.07000 286.97000 40.83300 240.40000
 6 5 21 01 47 47412.30000 76.70500000 2896.89000 285.95000 40.83300 239.36800
 6 5 21 01 47 47412.00000 76.93100000 2893.96000 285.95000 40.70400 239.36800
 6 5 21 01 48 47413.80000 76.84300000 2894.45000 285.95000 40.70400 239.36800
 6 5 21 01 48 47413.80000 76.50000000 2893.98000 285.95000 40.70400 239.36800
 6 5 21 01 48 47379.70000 76.33000000 2892.87000 285.95000 40.20600 239.36800
 6 5 21 01 49 47389.20000 76.29900000 2894.94000 285.56000 40.20600 239.36800
 6 5 21 01 49 47386.30000 76.39900000 2894.15000 285.35000 40.20600 239.36800
 6 5 21 01 50 47379.60000 75.94900000 2893.00000 284.00000 40.20600 239.36800
 6 5 21 01 50 47316.50000 75.51100000 2892.99000 284.00000 40.20600 239.36800
 6 5 21 01 51 47315.50000 75.71400000 2889.25000 283.19000 40.20600 239.36800
 6 5 21 01 51 47290.10000 75.71400000 2892.37000 283.27000 40.20600 239.36800
 6 5 21 01 51 47295.60000 75.83400000 2894.43000 283.27000 40.20600 239.36800
 6 5 21 01 52 47337.00000 75.79500000 2895.31000 284.26000 40.57900 239.36800
 6 5 21 01 52 47332.80000 76.12100000 2897.77000 284.04000 40.51100 239.36800
 6 5 21 01 53 47332.80000 76.12100000 2896.41000 284.11000 40.51100 239.36800
 6 5 21 01 53 47332.80000 75.59800000 2891.65000 283.35000 40.51100 239.36800
 6 5 21 01 54 47332.80000 75.76100000 2892.80000 283.67000 40.51100 239.36800
 6 5 21 01 54 47295.60000 75.79000000 2891.53000 283.74000 40.51100 239.36800
 6 5 21 01 54 47289.00000 75.79000000 2890.84000 283.61000 40.51100 239.36800
 6 5 21 01 55 47223.00000 75.57100000 2890.34000 283.36000 40.13100 239.36800
 6 5 21 01 55 47234.10000 75.57100000 2889.24000 283.61000 40.13100 239.36800
 6 5 21 01 56 47221.60000 75.57100000 2888.59000 283.61000 40.13100 239.36800
 6 5 21 01 56 47279.10000 75.57100000 2888.58000 283.61000 40.13100 239.36800
 6 5 21 01 57 47280.50000 75.57100000 2888.16000 283.61000 40.13100 239.36800
 6 5 21 01 57 47291.80000 75.82800000 2888.58000 284.22000 40.13100 239.36800
 6 5 21 01 57 47254.80000 75.74200000 2885.12000 283.57000 40.13100 239.36800
 6 5 21 01 58 47254.80000 75.74200000 2885.12000 283.57000 40.13100 239.36800
 6 5 21 01 58 47221.60000 75.50000000 2885.12000 283.57000 40.13100 239.36800
