M=[
 4 7 21 12 25 29852.60000 48.50200000 1956.15000 120.80000 19.68300 98.84600
 4 7 21 12 26 29867.90000 48.57600000 1956.14000 120.80000 19.68300 98.84600
 4 7 21 12 26 29867.80000 48.57600000 1956.15000 121.00000 19.56800 98.84600
 4 7 21 12 26 29861.80000 48.57600000 1957.24000 120.97000 19.56800 98.84600
 4 7 21 12 27 29861.80000 48.57600000 1957.24000 120.95000 19.56800 98.84600
 4 7 21 12 27 29859.70000 48.47900000 1957.52000 120.95000 19.68000 98.84600
 4 7 21 12 28 29854.10000 48.47600000 1957.11000 120.95000 19.68000 98.84600
 4 7 21 12 28 29850.00000 48.47600000 1957.90000 121.20000 19.68000 98.84600
 4 7 21 12 29 29852.20000 48.47600000 1957.90000 121.20000 19.55300 98.84600
 4 7 21 12 29 29852.20000 48.47600000 1957.90000 121.33000 19.55300 98.84600
 4 7 21 12 30 29852.30000 48.47600000 1957.90000 121.50000 19.55300 98.84600
 4 7 21 12 30 29871.10000 48.48900000 1959.25000 121.68000 19.55300 98.84600
 4 7 21 12 30 29867.90000 48.48900000 1958.79000 121.61000 19.68200 98.84600
 4 7 21 12 31 29873.10000 48.48900000 1960.00000 121.63000 19.68200 98.84600
 4 7 21 12 31 29873.10000 48.48900000 1959.99000 121.69000 19.68200 98.84600
 4 7 21 12 32 29879.00000 48.48900000 1959.99000 121.64000 19.68200 98.84600
 4 7 21 12 32 29879.00000 48.48900000 1959.85000 121.65000 19.68200 98.84600
 4 7 21 12 33 29869.90000 48.48900000 1960.00000 121.65000 19.68200 98.84600
 4 7 21 12 33 29878.70000 48.48900000 1958.89000 121.65000 19.68300 98.84600
 4 7 21 12 33 29852.30000 48.52700000 1958.38000 121.65000 19.68300 98.84600
 4 7 21 12 34 29849.70000 48.52700000 1958.34000 121.40000 19.68300 98.84600
 4 7 21 12 34 29856.80000 48.52700000 1957.78000 121.40000 19.68300 98.84600
 4 7 21 12 35 29856.80000 48.52700000 1958.68000 121.38000 19.68300 98.84600
 4 7 21 12 35 29864.10000 48.58000000 1958.31000 121.38000 19.68300 98.84600
 4 7 21 12 36 29864.20000 48.58000000 1958.75000 121.40000 19.68300 98.84600
 4 7 21 12 36 29855.00000 48.51600000 1958.00000 121.35000 19.68300 98.84600
 4 7 21 12 36 29851.80000 48.51600000 1955.79000 121.35000 19.68300 98.84600
 4 7 21 12 37 29848.60000 48.51600000 1955.79000 121.35000 19.68300 98.84600
 4 7 21 12 37 29847.00000 48.51600000 1955.79000 121.35000 19.68300 98.84600
 4 7 21 12 38 29853.10000 48.51600000 1954.90000 121.35000 19.68300 98.84600
 4 7 21 12 38 29853.10000 48.51600000 1954.90000 121.35000 19.68300 98.84600
 4 7 21 12 39 29847.10000 48.51600000 1954.91000 121.25000 19.68300 98.84600
 4 7 21 12 39 29844.10000 48.51600000 1954.91000 121.30000 19.68300 98.84600
 4 7 21 12 39 29844.90000 48.51600000 1954.90000 121.30000 19.68300 98.84600
 4 7 21 12 40 29843.90000 48.51600000 1954.90000 121.30000 19.68300 98.84600
 4 7 21 12 40 29840.30000 48.51600000 1954.90000 121.30000 19.68300 98.84600
 4 7 21 12 41 29835.50000 48.51600000 1954.90000 121.30000 19.68300 98.84600
 4 7 21 12 41 29835.30000 48.51600000 1954.90000 121.25000 19.68300 98.84600
 4 7 21 12 42 29835.40000 48.51600000 1954.91000 121.25000 19.68300 98.84600
 4 7 21 12 42 29835.10000 48.51600000 1954.59000 121.26000 19.68300 98.84600
 4 7 21 12 42 29835.50000 48.51600000 1954.02000 121.23000 19.68300 98.84600
 4 7 21 12 43 29842.00000 48.51600000 1954.01000 121.23000 19.68300 98.84600
 4 7 21 12 43 29840.50000 48.51600000 1954.01000 121.23000 19.68300 98.84600
 4 7 21 12 44 29847.50000 48.51600000 1954.02000 121.23000 19.68300 98.84600
 4 7 21 12 44 29847.60000 48.51600000 1954.03000 121.23000 19.68300 98.84600
 4 7 21 12 45 29845.30000 48.45600000 1954.03000 121.53000 19.68300 98.84600
 4 7 21 12 45 29845.30000 48.45600000 1954.03000 121.53000 19.68300 98.84600
 4 7 21 12 45 29845.30000 48.45600000 1954.03000 121.53000 19.68300 98.84600
 4 7 21 12 46 29844.50000 48.43600000 1954.03000 121.53000 19.68300 98.84600
 4 7 21 12 46 29839.70000 48.43600000 1954.03000 121.42000 19.68300 98.84600
 4 7 21 12 47 29839.70000 48.43600000 1954.68000 121.37000 19.68300 98.84600
 4 7 21 12 47 29835.10000 48.43600000 1954.68000 121.31000 19.68300 98.84600
 4 7 21 12 48 29831.50000 48.43600000 1954.69000 121.31000 19.54500 98.84600
 4 7 21 12 48 29839.80000 48.43600000 1954.99000 121.31000 19.54500 98.84600
 4 7 21 12 48 29842.00000 48.40000000 1956.29000 121.31000 19.54500 98.84600
 4 7 21 12 49 29839.80000 48.40000000 1955.24000 121.31000 19.54500 98.84600
 4 7 21 12 49 29842.90000 48.40000000 1955.24000 121.31000 19.54500 98.84600
 4 7 21 12 50 29845.70000 48.59300000 1955.24000 121.36000 19.54500 98.84600
 4 7 21 12 50 29845.60000 48.59300000 1956.72000 121.34000 19.54500 98.84600
 4 7 21 12 51 29841.60000 48.59300000 1956.43000 121.34000 19.54500 98.84600
 4 7 21 12 51 29830.50000 48.59300000 1956.43000 121.34000 19.54500 98.84600
 4 7 21 12 51 29834.30000 48.59300000 1955.23000 121.34000 19.54500 98.84600
 4 7 21 12 52 29828.90000 48.59300000 1955.23000 121.17000 19.54500 99.27700
 4 7 21 12 52 29827.50000 48.49200000 1955.59000 121.17000 19.54500 99.27700
 4 7 21 12 53 29821.40000 48.49200000 1955.04000 121.18000 19.54500 99.27700
 4 7 21 12 53 29810.60000 48.49200000 1955.04000 121.18000 19.54500 99.27700
 4 7 21 12 54 29791.40000 48.38800000 1954.00000 121.18000 19.54500 99.27700
 4 7 21 12 54 29785.60000 48.38800000 1952.63000 121.18000 19.54500 98.85900
 4 7 21 12 54 29782.80000 48.37100000 1952.63000 120.82000 19.54500 98.85900
 4 7 21 12 55 29703.80000 48.37100000 1950.39000 120.55000 19.54500 98.74700
 4 7 21 12 55 29708.40000 48.37100000 1950.00000 120.55000 19.54500 98.44000
 4 7 21 12 56 29708.50000 48.08600000 1947.41000 120.55000 19.54500 98.44000
 4 7 21 12 56 29673.40000 48.00600000 1945.71000 120.55000 19.54500 98.44000
 4 7 21 12 57 29668.40000 48.00000000 1941.80000 120.55000 19.54500 98.28100
 4 7 21 12 57 29668.30000 48.00000000 1942.26000 120.13000 19.54500 98.28100
 4 7 21 12 57 29668.20000 48.00000000 1942.92000 120.20000 19.54500 98.28100
 4 7 21 12 58 29675.40000 48.00000000 1943.55000 120.37000 19.54500 98.28100
 4 7 21 12 58 29679.40000 48.00000000 1944.51000 120.35000 19.54500 98.28100
 4 7 21 12 59 29679.40000 48.00000000 1944.00000 120.35000 19.54500 98.28100
 4 7 21 12 59 29668.20000 48.00000000 1942.21000 120.20000 19.54500 98.28100
 4 7 21 13 00 29669.40000 47.94400000 1942.28000 120.20000 19.54500 98.28100
 4 7 21 13 00 29669.50000 47.94400000 1945.36000 120.38000 19.54500 98.28100
 4 7 21 13 00 29684.90000 47.94400000 1945.23000 120.38000 19.54500 98.28100
 4 7 21 13 01 29697.80000 47.94400000 1947.63000 120.53000 19.54500 98.28100
 4 7 21 13 01 29697.80000 47.94400000 1947.01000 120.80000 19.54500 98.28100
 4 7 21 13 02 29697.90000 47.94400000 1948.05000 120.80000 19.54500 98.28100
 4 7 21 13 02 29703.80000 47.94400000 1948.78000 121.18000 19.54500 98.37900
 4 7 21 13 03 29739.50000 47.94400000 1948.50000 121.23000 19.54500 98.37900
 4 7 21 13 03 29735.30000 47.94400000 1948.50000 121.23000 19.68200 98.37900
 4 7 21 13 04 29743.00000 47.94400000 1948.50000 121.23000 19.68300 98.37900
 4 7 21 13 04 29739.80000 47.94400000 1949.00000 121.23000 19.68300 98.75900
 4 7 21 13 04 29741.50000 47.94400000 1949.35000 121.23000 19.68300 98.75900
 4 7 21 13 05 29753.40000 47.94400000 1950.70000 121.32000 19.68300 98.75900
 4 7 21 13 05 29757.60000 47.94400000 1951.42000 121.32000 19.68300 98.75900
 4 7 21 13 06 29756.40000 47.94400000 1951.42000 121.32000 19.68300 98.75900
 4 7 21 13 06 29751.40000 48.30600000 1950.56000 121.32000 19.68300 98.75900
 4 7 21 13 07 29751.40000 48.30600000 1949.36000 121.32000 19.68300 98.75900
 4 7 21 13 07 29717.50000 48.30600000 1945.38000 121.17000 19.68300 98.75900
 4 7 21 13 07 29717.50000 48.30600000 1945.15000 121.17000 19.68300 98.75900
 4 7 21 13 08 29732.40000 48.30600000 1948.03000 121.17000 19.68300 98.75900
 4 7 21 13 08 29724.90000 48.30600000 1947.56000 121.17000 19.68300 98.75900
 4 7 21 13 09 29724.90000 48.30600000 1948.10000 121.17000 19.68300 98.75900
 4 7 21 13 09 29724.60000 48.30600000 1945.61000 121.16000 19.68300 98.75900
