M=[
 4 8 21 03 20 32052.20000 41.47800000 2106.00000 116.31000 22.48800 97.39600
 4 8 21 03 20 32052.10000 41.47800000 2105.99000 116.31000 22.48800 97.39600
 4 8 21 03 20 32035.10000 41.47800000 2103.07000 116.31000 22.48800 97.39600
 4 8 21 03 21 32035.10000 41.47800000 2103.07000 116.31000 22.48800 97.39600
 4 8 21 03 21 32000.00000 41.47800000 2102.08000 115.99000 22.48800 97.39600
 4 8 21 03 22 31994.40000 41.47800000 2102.01000 115.92000 22.48800 97.39600
 4 8 21 03 22 32014.10000 41.47800000 2103.10000 115.92000 22.48800 97.39600
 4 8 21 03 23 32008.80000 41.47800000 2103.10000 115.92000 22.48800 97.39600
 4 8 21 03 23 32008.00000 41.47800000 2103.10000 116.02000 22.48800 97.39600
 4 8 21 03 23 32008.80000 41.47800000 2103.10000 116.02000 22.48800 97.39600
 4 8 21 03 24 32010.10000 41.47800000 2101.41000 116.02000 22.48800 97.39600
 4 8 21 03 24 31973.10000 41.47800000 2101.18000 116.02000 22.34000 97.39600
 4 8 21 03 25 31973.80000 41.47800000 2101.05000 116.02000 22.34000 97.39600
 4 8 21 03 25 31986.60000 41.47800000 2101.13000 116.02000 22.34000 97.39600
 4 8 21 03 26 31959.70000 41.47800000 2101.13000 116.02000 22.34000 97.39600
 4 8 21 03 26 31959.70000 41.47800000 2101.13000 116.02000 22.34000 97.39600
 4 8 21 03 26 31959.70000 41.47800000 2100.47000 115.92000 22.34000 97.39600
 4 8 21 03 27 31959.70000 41.45000000 2100.47000 115.94000 22.34000 97.39600
 4 8 21 03 27 31998.60000 41.45000000 2101.05000 115.94000 22.34000 97.39600
 4 8 21 03 28 32011.20000 41.45000000 2101.05000 116.01000 22.34000 97.39600
 4 8 21 03 28 32011.20000 41.45000000 2101.53000 116.01000 22.34000 97.39600
 4 8 21 03 29 31967.00000 41.45000000 2101.04000 116.01000 22.34000 97.39600
 4 8 21 03 29 31959.60000 41.43700000 2098.03000 115.78000 22.34000 97.39600
 4 8 21 03 30 31959.60000 41.43700000 2096.64000 115.78000 22.34000 97.39600
 4 8 21 03 30 31980.60000 41.43700000 2096.64000 115.78000 22.34000 97.39600
 4 8 21 03 30 31988.70000 41.43700000 2096.64000 115.78000 22.34000 97.39600
 4 8 21 03 31 31982.10000 41.43700000 2096.64000 115.78000 22.34000 97.39600
 4 8 21 03 31 31982.10000 41.43700000 2096.64000 115.78000 22.34000 97.39600
 4 8 21 03 32 31982.10000 41.43700000 2096.64000 115.78000 22.34000 97.39600
 4 8 21 03 32 32014.10000 41.43700000 2101.22000 115.78000 22.34000 97.39600
 4 8 21 03 33 32035.00000 41.43700000 2102.14000 115.78000 22.34000 97.39600
 4 8 21 03 33 32049.90000 41.45000000 2104.19000 115.78000 22.34000 97.39600
 4 8 21 03 33 32082.40000 41.45000000 2104.98000 115.78000 22.34000 97.39600
 4 8 21 03 34 32080.80000 41.45000000 2105.00000 116.07000 22.42900 97.04200
 4 8 21 03 34 32088.00000 41.45000000 2105.00000 116.07000 22.42900 97.04200
 4 8 21 03 35 32087.90000 41.45000000 2106.08000 116.07000 22.42900 97.04200
 4 8 21 03 35 32082.20000 41.45000000 2106.08000 116.12000 22.42900 97.04200
 4 8 21 03 36 32085.70000 41.45000000 2106.08000 116.12000 22.42900 97.04200
 4 8 21 03 36 32072.10000 41.45000000 2105.88000 116.12000 22.42900 97.04200
 4 8 21 03 37 32058.80000 41.45000000 2105.88000 116.12000 22.42900 97.04200
 4 8 21 03 37 32061.50000 41.45000000 2104.62000 116.12000 22.42900 97.04200
 4 8 21 03 37 32056.50000 41.45000000 2104.62000 116.12000 22.42900 97.04200
 4 8 21 03 38 32034.50000 41.45000000 2104.62000 116.12000 22.42900 97.04200
 4 8 21 03 38 32058.90000 41.45000000 2104.62000 115.96000 22.42900 96.90900
 4 8 21 03 39 32081.30000 41.45000000 2104.62000 115.96000 22.42900 96.90900
 4 8 21 03 39 32081.30000 41.45000000 2104.62000 115.96000 22.42900 96.90900
 4 8 21 03 40 32081.20000 41.45000000 2106.22000 115.96000 22.42900 96.90900
 4 8 21 03 40 32081.30000 41.45000000 2106.22000 115.96000 22.42900 96.90900
 4 8 21 03 40 32056.70000 41.45000000 2106.22000 115.96000 22.42900 96.90900
 4 8 21 03 41 32054.10000 41.47100000 2105.38000 115.96000 22.42900 96.90900
 4 8 21 03 41 32049.90000 41.47100000 2105.39000 115.96000 22.42900 96.90900
 4 8 21 03 42 32052.30000 41.47100000 2105.38000 115.96000 22.42900 96.90900
 4 8 21 03 42 32048.40000 41.47100000 2105.38000 115.96000 22.42900 96.90900
 4 8 21 03 43 32051.70000 41.47100000 2105.38000 115.96000 22.42900 96.90900
 4 8 21 03 43 32030.50000 41.47100000 2104.59000 115.96000 22.42900 96.90900
 4 8 21 03 44 32014.90000 41.47100000 2101.57000 115.96000 22.42900 96.90900
 4 8 21 03 44 32018.70000 41.47100000 2101.84000 115.83000 22.42900 96.90900
 4 8 21 03 44 32016.70000 41.47100000 2101.84000 115.83000 22.42900 96.90900
 4 8 21 03 45 32033.60000 41.47100000 2101.84000 115.87000 22.42900 96.90900
 4 8 21 03 45 32033.60000 41.47100000 2101.84000 115.87000 22.42900 96.90900
 4 8 21 03 46 32017.40000 41.47100000 2102.15000 115.87000 22.42900 96.90900
 4 8 21 03 46 32017.40000 41.47100000 2102.15000 115.87000 22.42900 96.90900
 4 8 21 03 47 32011.70000 41.47100000 2102.15000 115.77000 22.42900 96.90900
 4 8 21 03 47 32011.70000 41.47100000 2102.15000 115.77000 22.42900 96.90900
 4 8 21 03 47 32011.60000 41.47100000 2102.15000 115.77000 22.42900 96.90900
 4 8 21 03 48 32004.90000 41.47100000 2102.15000 115.77000 22.42900 96.49900
 4 8 21 03 48 32004.90000 41.47100000 2102.15000 115.77000 22.42900 96.49900
 4 8 21 03 49 32031.30000 41.47100000 2101.91000 115.77000 22.42900 96.49900
 4 8 21 03 49 32047.90000 41.47100000 2105.31000 115.77000 22.42900 96.49900
 4 8 21 03 50 32063.10000 41.47100000 2106.70000 115.77000 22.42900 96.49900
 4 8 21 03 50 32078.60000 41.47100000 2106.42000 116.01000 22.42900 96.49900
 4 8 21 03 50 32076.20000 41.47100000 2106.42000 116.01000 22.42900 96.49900
 4 8 21 03 51 32070.70000 41.47100000 2107.48000 116.01000 22.42900 96.49900
 4 8 21 03 51 32081.70000 41.47100000 2107.82000 116.01000 22.42900 96.49900
 4 8 21 03 52 32072.20000 41.47100000 2107.11000 116.01000 22.42900 96.49900
 4 8 21 03 52 32065.00000 41.47100000 2107.11000 116.01000 22.42900 96.49900
 4 8 21 03 53 32064.80000 41.47100000 2106.02000 116.01000 22.42900 96.49900
 4 8 21 03 53 32064.80000 41.47100000 2106.01000 116.01000 22.42900 96.49900
 4 8 21 03 54 32050.40000 41.47100000 2106.01000 116.01000 22.42900 96.49900
 4 8 21 03 54 32023.50000 41.47100000 2103.73000 116.01000 22.42900 96.49900
 4 8 21 03 54 32027.50000 41.47100000 2102.67000 116.01000 22.42900 96.49900
 4 8 21 03 55 32027.50000 41.47100000 2103.85000 115.82000 22.42900 96.49900
 4 8 21 03 55 32018.90000 41.47100000 2099.87000 115.82000 22.42900 96.49900
 4 8 21 03 56 32011.90000 41.47100000 2097.66000 115.61000 22.42900 96.49900
 4 8 21 03 56 32011.90000 41.44500000 2096.41000 115.64000 22.42900 96.49900
 4 8 21 03 57 31980.60000 41.44500000 2095.48000 115.64000 22.42900 96.49900
 4 8 21 03 57 31980.70000 41.44500000 2095.48000 115.55000 22.42900 96.49900
 4 8 21 03 57 31984.10000 41.44500000 2095.94000 115.55000 22.42900 96.49900
 4 8 21 03 58 31994.30000 41.44500000 2095.94000 115.55000 22.42900 96.49900
 4 8 21 03 58 31991.40000 41.39100000 2095.98000 115.55000 22.42900 96.49900
 4 8 21 03 59 31997.50000 41.39100000 2095.98000 115.55000 22.42900 96.49900
 4 8 21 03 59 31986.40000 41.39100000 2095.76000 115.55000 22.42900 96.49900
 4 8 21 04 00 31995.70000 41.39100000 2095.02000 115.55000 22.42900 96.49900
 4 8 21 04 00 31972.30000 41.39100000 2091.68000 115.55000 22.42900 96.49900
 4 8 21 04 00 31972.20000 41.39100000 2088.42000 115.48000 22.42900 96.49900
 4 8 21 04 01 31959.60000 41.39100000 2089.47000 115.48000 22.42900 96.20900
 4 8 21 04 01 31958.30000 41.39100000 2089.47000 115.48000 22.42900 96.20900
 4 8 21 04 02 31958.40000 41.39100000 2090.13000 115.48000 22.42900 96.20900
 4 8 21 04 02 31958.50000 41.39100000 2090.99000 115.48000 22.42900 96.20900
 4 8 21 04 03 31958.50000 41.39100000 2094.34000 115.48000 22.42900 96.20900
 4 8 21 04 03 31970.40000 41.39100000 2093.94000 115.48000 22.42900 96.20900
 4 8 21 04 04 31973.50000 41.39100000 2093.94000 115.50000 22.42900 96.20900
 4 8 21 04 04 32009.30000 41.39100000 2093.94000 115.50000 22.42900 96.20900
