M=[
 9 5 20 00 52 9114.60000 6.63800000 196.58000 44.50000 12.74300 43.89900
 9 5 20 00 53 9115.00000 6.63800000 196.79000 44.50000 12.74300 43.89900
 9 5 20 00 53 9115.00000 6.63800000 196.79000 44.50000 12.63000 43.75400
 9 5 20 00 54 9120.00000 6.63800000 196.79000 44.50000 12.63000 43.75400
 9 5 20 00 54 9120.00000 6.63800000 196.82000 44.50000 12.55000 43.75400
 9 5 20 00 55 9120.00000 6.63800000 196.82000 44.50000 12.55000 43.75400
 9 5 20 00 55 9120.00000 6.63800000 196.87000 44.50000 12.55000 43.75400
 9 5 20 00 56 9120.00000 6.63800000 196.87000 44.50000 12.66100 43.75400
 9 5 20 00 56 9120.00000 6.63800000 196.88000 44.50000 12.66100 43.75400
 9 5 20 00 57 9120.00000 6.63800000 196.89000 44.50000 12.66100 43.75400
 9 5 20 00 57 9119.90000 6.63800000 196.89000 44.50000 12.66100 43.75400
 9 5 20 00 58 9120.00000 6.63800000 196.92000 44.50000 12.66100 43.75400
 9 5 20 00 58 9120.00000 6.63000000 196.92000 44.50000 12.66100 43.75400
 9 5 20 00 59 9120.00000 6.63800000 196.92000 44.50000 12.49000 43.75400
 9 5 20 00 59 9119.00000 6.63800000 196.92000 44.50000 12.55900 43.75400
 9 5 20 01 00 9116.30000 6.63000000 196.70000 44.50000 12.55900 43.75400
 9 5 20 01 00 9117.90000 6.63800000 196.70000 44.50000 12.56500 43.75400
 9 5 20 01 01 9118.90000 6.63800000 196.70000 44.50000 12.56500 43.75400
 9 5 20 01 01 9117.90000 6.63800000 196.92000 44.50000 12.58500 43.75400
 9 5 20 01 02 9117.90000 6.63800000 196.63000 44.44000 12.58500 43.75400
 9 5 20 01 02 9117.90000 6.63800000 196.62000 44.44000 12.57400 43.75400
 9 5 20 01 03 9114.10000 6.63800000 196.40000 44.44000 12.57400 43.75400
 9 5 20 01 03 9114.00000 6.63800000 196.40000 44.44000 12.57400 43.75400
 9 5 20 01 04 9114.10000 6.63800000 196.97000 44.44000 12.57400 43.75400
 9 5 20 01 04 9120.00000 6.63800000 196.98000 44.54000 12.57400 43.75400
 9 5 20 01 05 9120.00000 6.63800000 196.98000 44.54000 12.58100 43.75400
 9 5 20 01 05 9119.00000 6.63800000 197.00000 44.59000 12.51000 43.75400
 9 5 20 01 06 9120.00000 6.63800000 196.98000 44.59000 12.51000 43.75400
 9 5 20 01 06 9120.00000 6.66800000 197.17000 44.70000 12.51000 43.75400
 9 5 20 01 07 9124.70000 6.66800000 197.33000 44.67000 12.51000 43.75400
 9 5 20 01 07 9138.30000 6.66800000 197.46000 44.67000 12.51000 43.75400
 9 5 20 01 08 9136.80000 6.66800000 197.15000 44.67000 12.51000 43.75400
 9 5 20 01 08 9142.60000 6.63800000 197.15000 44.67000 12.51000 43.75400
 9 5 20 01 09 9142.10000 6.66800000 197.58000 44.67000 12.51000 43.75400
 9 5 20 01 09 9142.20000 6.66800000 197.46000 44.67000 12.56900 43.64600
 9 5 20 01 10 9141.50000 6.66800000 197.56000 44.67000 12.56900 43.64600
 9 5 20 01 10 9141.50000 6.69000000 197.56000 44.58000 12.56900 43.64600
 9 5 20 01 11 9141.50000 6.69000000 197.57000 44.58000 12.56900 43.64600
 9 5 20 01 11 9138.40000 6.69000000 197.57000 44.58000 12.56900 43.64600
 9 5 20 01 12 9136.60000 6.69000000 197.44000 44.61000 12.56900 43.64600
 9 5 20 01 12 9136.70000 6.69000000 197.44000 44.61000 12.56900 43.64600
 9 5 20 01 13 9137.60000 6.69000000 197.51000 44.62000 12.64000 43.64600
 9 5 20 01 13 9134.60000 6.69000000 197.51000 44.62000 12.64000 43.64600
 9 5 20 01 14 9135.50000 6.69000000 197.47000 44.62000 12.64000 43.64600
 9 5 20 01 14 9136.60000 6.69000000 197.47000 44.62000 12.64000 43.64600
 9 5 20 01 15 9143.50000 6.69000000 197.47000 44.61000 12.64000 43.64600
 9 5 20 01 15 9145.20000 6.69000000 197.47000 44.58000 12.61000 43.64600
 9 5 20 01 16 9149.20000 6.69000000 197.80000 44.58000 12.61000 43.64600
 9 5 20 01 16 9146.80000 6.66800000 197.42000 44.66000 12.61000 43.64600
 9 5 20 01 17 9146.80000 6.69000000 197.61000 44.66000 12.64300 43.64600
 9 5 20 01 17 9143.10000 6.69000000 197.58000 44.66000 12.61000 43.64600
 9 5 20 01 17 9140.90000 6.69000000 197.58000 44.66000 12.64300 43.64600
 9 5 20 01 18 9139.50000 6.69000000 197.49000 44.63000 12.64300 43.64600
 9 5 20 01 18 9139.90000 6.69000000 197.37000 44.68000 12.64300 43.64600
 9 5 20 01 19 9140.00000 6.69000000 197.43000 44.64000 12.64300 43.64600
 9 5 20 01 19 9139.50000 6.69000000 197.31000 44.66000 12.64300 43.64600
 9 5 20 01 20 9139.40000 6.69000000 197.23000 44.61000 12.64300 43.64600
 9 5 20 01 20 9139.50000 6.69000000 197.23000 44.61000 12.64300 43.64600
 9 5 20 01 21 9139.50000 6.69000000 197.21000 44.61000 12.64300 43.64600
 9 5 20 01 21 9139.40000 6.69000000 197.21000 44.61000 12.54000 43.64600
 9 5 20 01 22 9134.70000 6.69000000 197.21000 44.61000 12.50000 43.64600
 9 5 20 01 22 9134.70000 6.69000000 197.21000 44.66000 12.50000 43.64600
 9 5 20 01 23 9130.60000 6.69000000 197.21000 44.61000 12.50000 43.64600
 9 5 20 01 23 9130.40000 6.69000000 197.21000 44.61000 12.50000 43.64600
 9 5 20 01 24 9130.00000 6.69000000 197.21000 44.61000 12.50000 43.64600
 9 5 20 01 24 9130.00000 6.69000000 197.21000 44.61000 12.50000 43.64600
 9 5 20 01 25 9130.10000 6.69000000 197.21000 44.61000 12.50000 43.64600
 9 5 20 01 25 9130.00000 6.69000000 197.21000 44.61000 12.50000 43.64600
 9 5 20 01 26 9130.00000 6.69000000 197.21000 44.61000 12.50000 43.64600
 9 5 20 01 26 9130.00000 6.69000000 197.21000 44.61000 12.50000 43.64600
 9 5 20 01 27 9130.10000 6.69000000 197.21000 44.61000 12.50000 43.64600
 9 5 20 01 27 9130.10000 6.69000000 197.21000 44.61000 12.50000 43.64600
 9 5 20 01 28 9130.00000 6.69000000 197.16000 44.61000 12.50000 43.64600
 9 5 20 01 28 9130.10000 6.69000000 197.16000 44.61000 12.45100 43.64600
 9 5 20 01 29 9130.10000 6.69000000 197.16000 44.61000 12.45100 43.64600
 9 5 20 01 29 9130.00000 6.69000000 197.16000 44.61000 12.45100 43.64600
 9 5 20 01 30 9128.80000 6.69000000 197.35000 44.61000 12.40800 43.64600
 9 5 20 01 30 9128.80000 6.69000000 197.36000 44.61000 12.33000 43.64600
 9 5 20 01 31 9127.90000 6.69000000 197.36000 44.61000 12.29000 43.64600
 9 5 20 01 31 9127.90000 6.69000000 197.36000 44.61000 12.29000 43.64600
 9 5 20 01 32 9126.00000 6.69000000 197.52000 44.61000 12.29000 43.64600
 9 5 20 01 32 9128.00000 6.69000000 197.52000 44.61000 12.29000 43.64600
 9 5 20 01 33 9127.90000 6.69000000 197.52000 44.61000 12.29000 43.64600
 9 5 20 01 33 9126.90000 6.69000000 197.57000 44.72000 12.29000 43.64600
 9 5 20 01 34 9126.20000 6.69000000 197.57000 44.70000 12.29000 43.64600
 9 5 20 01 34 9126.80000 6.69000000 197.57000 44.70000 12.29000 43.64600
 9 5 20 01 35 9125.90000 6.69000000 197.57000 44.70000 12.36700 43.64600
 9 5 20 01 35 9129.90000 6.69000000 197.57000 44.70000 12.36700 43.64600
 9 5 20 01 36 9130.00000 6.66800000 197.57000 44.70000 12.28000 43.64600
 9 5 20 01 36 9130.00000 6.69000000 197.57000 44.70000 12.28000 43.64600
 9 5 20 01 37 9130.00000 6.69000000 197.57000 44.70000 12.28000 43.64600
 9 5 20 01 37 9130.00000 6.69000000 197.91000 44.70000 12.28000 43.64600
 9 5 20 01 38 9138.70000 6.69000000 197.91000 44.70000 12.28000 43.64600
 9 5 20 01 38 9139.40000 6.69000000 197.97000 44.70000 12.28000 43.62000
 9 5 20 01 39 9138.50000 6.69000000 197.99000 44.74000 12.29000 43.62000
 9 5 20 01 39 9139.40000 6.69000000 198.05000 44.74000 12.28000 43.62000
 9 5 20 01 40 9143.00000 6.69000000 198.05000 44.74000 12.28000 43.62000
 9 5 20 01 40 9132.10000 6.69000000 197.57000 44.74000 12.28000 43.62000
 9 5 20 01 41 9132.00000 6.69000000 197.57000 44.74000 12.28000 43.62000
 9 5 20 01 41 9132.00000 6.69000000 197.53000 44.74000 12.28000 43.62000
 9 5 20 01 41 9128.50000 6.69000000 197.53000 44.74000 12.28000 43.62000
 9 5 20 01 42 9128.50000 6.69000000 197.53000 44.74000 12.36700 43.62000
 9 5 20 01 43 9130.70000 6.67900000 197.53000 44.73000 12.28000 43.62000
 9 5 20 01 43 9131.20000 6.67900000 197.53000 44.73000 12.26000 43.60000
 9 5 20 01 43 9131.20000 6.67900000 197.51000 44.73000 12.26000 43.60000
 9 5 20 01 44 9131.20000 6.67900000 197.57000 44.73000 12.26000 43.60000
 9 5 20 01 44 9131.00000 6.67900000 197.57000 44.73000 12.26000 43.60000
 9 5 20 01 45 9120.10000 6.68900000 197.33000 44.73000 12.24900 43.60000
 9 5 20 01 45 9131.20000 6.68900000 197.31000 44.73000 12.24900 43.60000
