M=[
30 12 20 02 08 22375.30000 4.67100000 597.30000 106.17000 14.22300 53.59700
30 12 20 02 08 22375.30000 4.67100000 597.30000 106.44000 14.22300 53.59700
30 12 20 02 09 22373.70000 4.67100000 597.30000 106.44000 14.22300 53.59700
30 12 20 02 09 22373.70000 4.67100000 597.15000 106.39000 14.22300 53.59700
30 12 20 02 10 22372.30000 4.67100000 597.09000 106.39000 14.22300 53.08300
30 12 20 02 10 22372.30000 4.67100000 597.09000 106.39000 14.22300 53.08300
30 12 20 02 10 22375.70000 4.67100000 597.12000 106.38000 14.22300 53.08300
30 12 20 02 11 22374.30000 4.67100000 597.12000 106.38000 14.22300 53.08300
30 12 20 02 11 22383.80000 4.67100000 597.49000 106.38000 14.22300 53.08300
30 12 20 02 12 22383.80000 4.67100000 597.73000 106.38000 14.22300 53.08300
30 12 20 02 12 22375.10000 4.67100000 597.73000 106.38000 14.22300 53.08300
30 12 20 02 13 22373.10000 4.67100000 597.61000 106.38000 14.22300 53.10600
30 12 20 02 13 22378.50000 4.67100000 597.82000 106.38000 14.22300 53.10600
30 12 20 02 13 22378.50000 4.67100000 597.82000 106.38000 14.22300 53.10600
30 12 20 02 14 22383.70000 4.67100000 598.48000 106.38000 14.22300 53.10600
30 12 20 02 14 22381.30000 4.65300000 598.48000 106.38000 14.22300 53.10600
30 12 20 02 15 22380.30000 4.65300000 598.18000 106.43000 14.22300 53.10600
30 12 20 02 15 22380.10000 4.65300000 597.95000 106.43000 14.22300 53.10600
30 12 20 02 16 22380.10000 4.65300000 597.95000 106.43000 14.22300 53.10600
30 12 20 02 16 22380.10000 4.65300000 597.95000 106.43000 14.14600 53.10600
30 12 20 02 16 22412.50000 4.65300000 597.95000 106.50000 14.14600 53.10600
30 12 20 02 17 22409.80000 4.65300000 598.03000 106.50000 14.14600 53.10600
30 12 20 02 17 22426.60000 4.65300000 598.03000 106.59000 14.14600 53.10600
30 12 20 02 18 22429.70000 4.65300000 598.26000 106.65000 14.20600 53.10600
30 12 20 02 18 22433.00000 4.65300000 598.26000 106.65000 14.20600 53.10600
30 12 20 02 19 22433.00000 4.65300000 598.26000 106.63000 14.20600 53.10600
30 12 20 02 19 22440.00000 4.65300000 598.59000 106.69000 14.20600 53.10600
30 12 20 02 19 22445.00000 4.65300000 598.59000 106.75000 14.20600 53.05200
30 12 20 02 20 22446.30000 4.65300000 598.59000 106.68000 14.20600 53.00000
30 12 20 02 20 22446.50000 4.65300000 598.11000 106.64000 14.20600 53.00000
30 12 20 02 21 22446.50000 4.65300000 598.11000 106.64000 14.20600 53.00000
30 12 20 02 21 22446.50000 4.65300000 598.52000 106.51000 14.20600 53.00000
30 12 20 02 22 22462.00000 4.65300000 598.52000 106.65000 14.20600 53.00000
30 12 20 02 22 22470.00000 4.65300000 598.44000 106.51000 14.20600 53.00000
30 12 20 02 22 22479.00000 4.65300000 598.44000 106.51000 14.20600 53.00000
30 12 20 02 23 22493.50000 4.65300000 598.48000 106.57000 14.20600 53.00000
30 12 20 02 23 22484.90000 4.65300000 598.65000 106.57000 14.20600 53.00000
30 12 20 02 24 22493.20000 4.65300000 598.57000 106.50000 14.20600 53.00000
30 12 20 02 24 22484.10000 4.65300000 598.57000 106.50000 14.20600 53.00000
30 12 20 02 24 22488.20000 4.65300000 598.57000 106.15000 14.20600 53.00000
30 12 20 02 25 22480.00000 4.65300000 598.45000 106.15000 14.20600 53.00000
30 12 20 02 25 22479.10000 4.65300000 598.45000 106.21000 14.20600 53.00000
30 12 20 02 26 22479.00000 4.65300000 598.45000 106.21000 14.20600 52.99000
30 12 20 02 26 22470.00000 4.65300000 598.05000 106.21000 14.20600 52.99000
30 12 20 02 27 22470.00000 4.65300000 598.32000 106.21000 14.20600 52.99000
30 12 20 02 27 22508.30000 4.65300000 598.32000 106.18000 14.20600 52.99000
30 12 20 02 27 22504.20000 4.64200000 598.28000 106.18000 14.20600 52.99000
30 12 20 02 28 22509.90000 4.64200000 599.06000 106.30000 14.20600 52.99000
30 12 20 02 28 22529.00000 4.64200000 599.75000 106.30000 14.14600 52.99000
30 12 20 02 29 22542.00000 4.64200000 599.75000 106.60000 14.19200 52.99000
30 12 20 02 29 22542.80000 4.64200000 599.75000 106.62000 14.19200 52.99000
30 12 20 02 30 22557.30000 4.64200000 600.44000 106.79000 14.17800 52.99000
30 12 20 02 30 22567.90000 4.64200000 601.21000 106.87000 14.16400 52.99000
30 12 20 02 30 22575.80000 4.64200000 602.08000 106.87000 14.16400 52.99000
30 12 20 02 31 22561.60000 4.65200000 602.27000 106.87000 14.16400 52.99000
30 12 20 02 31 22558.90000 4.65200000 602.27000 106.79000 14.16400 52.99000
30 12 20 02 32 22532.60000 4.65200000 602.27000 106.79000 14.16400 52.99000
30 12 20 02 32 22512.50000 4.65200000 601.12000 106.73000 14.16400 52.99000
30 12 20 02 33 22521.80000 4.65200000 600.54000 106.55000 14.16400 52.99000
30 12 20 02 33 22523.00000 4.65200000 600.03000 106.55000 14.16400 52.99000
30 12 20 02 33 22537.30000 4.65200000 600.04000 106.55000 14.16400 52.99000
30 12 20 02 34 22537.20000 4.65200000 599.82000 106.44000 14.16400 52.99000
30 12 20 02 34 22525.00000 4.65200000 599.53000 106.24000 14.16400 52.99000
30 12 20 02 35 22510.00000 4.65200000 598.93000 105.81000 14.16400 52.99000
30 12 20 02 35 22500.00000 4.65200000 598.44000 105.81000 14.16400 52.99000
30 12 20 02 36 22490.00000 4.65200000 598.44000 105.76000 14.16400 52.99000
30 12 20 02 36 22494.10000 4.65200000 598.38000 105.76000 14.14600 52.99000
30 12 20 02 36 22511.20000 4.65200000 598.38000 105.76000 14.13500 52.99000
30 12 20 02 37 22515.10000 4.65200000 598.92000 105.85000 14.13500 52.99000
30 12 20 02 37 22515.10000 4.65200000 599.42000 105.93000 14.13500 52.99000
30 12 20 02 38 22570.00000 4.65200000 599.42000 105.93000 14.13500 52.99000
30 12 20 02 38 22569.90000 4.65200000 599.42000 105.75000 14.13500 52.99000
30 12 20 02 39 22556.00000 4.64100000 599.65000 105.76000 14.13500 52.99000
30 12 20 02 39 22654.00000 4.64100000 601.72000 106.20000 14.13500 52.99000
30 12 20 02 39 22660.00000 4.64100000 602.04000 106.34000 14.13500 52.99000
30 12 20 02 40 22650.00000 4.64100000 601.11000 106.34000 14.13500 52.99000
30 12 20 02 40 22656.10000 4.64100000 601.11000 106.34000 14.13500 52.99000
30 12 20 02 41 22650.10000 4.64100000 601.11000 106.34000 14.13500 52.99000
30 12 20 02 41 22650.10000 4.64100000 601.11000 106.34000 14.13500 52.99000
30 12 20 02 42 22650.10000 4.64100000 601.11000 106.34000 14.13500 52.99000
30 12 20 02 42 22650.10000 4.64100000 601.11000 106.34000 14.13500 52.99000
30 12 20 02 42 22643.20000 4.64100000 601.96000 106.34000 14.13500 52.99000
30 12 20 02 43 22652.20000 4.64100000 601.68000 106.34000 14.13500 52.99000
30 12 20 02 43 22651.90000 4.64100000 601.68000 106.16000 14.13500 52.99000
30 12 20 02 44 22648.10000 4.64100000 601.61000 106.16000 14.13500 52.99000
30 12 20 02 44 22640.10000 4.64100000 601.61000 106.10000 14.13500 52.99000
30 12 20 02 45 22640.10000 4.64100000 601.61000 106.04000 14.13500 52.99000
30 12 20 02 45 22674.00000 4.64100000 602.05000 106.15000 14.13500 52.99000
30 12 20 02 45 22673.70000 4.64100000 601.90000 106.20000 14.13500 52.99000
30 12 20 02 46 22666.00000 4.64100000 601.90000 106.20000 14.13500 52.99000
30 12 20 02 46 22666.00000 4.64100000 601.90000 106.20000 14.13500 52.99000
30 12 20 02 47 22679.90000 4.64100000 601.90000 106.24000 14.13500 52.99000
30 12 20 02 47 22679.90000 4.64100000 601.90000 106.24000 14.13500 52.99000
30 12 20 02 48 22680.00000 4.64100000 601.92000 106.28000 14.13500 52.99000
30 12 20 02 48 22679.90000 4.64100000 601.92000 106.28000 14.13500 52.99000
30 12 20 02 48 22675.60000 4.64100000 601.15000 106.28000 14.13500 52.99000
30 12 20 02 49 22668.30000 4.64100000 601.15000 106.24000 14.13500 52.99000
30 12 20 02 49 22679.80000 4.64100000 601.13000 106.24000 14.13500 52.99000
30 12 20 02 50 22680.00000 4.64100000 601.13000 106.12000 14.13500 52.99000
30 12 20 02 50 22679.80000 4.64100000 600.09000 106.12000 14.13500 52.99000
30 12 20 02 51 22681.70000 4.64100000 600.27000 106.12000 14.13500 52.99000
30 12 20 02 51 22684.50000 4.64100000 600.34000 106.12000 14.13500 52.99000
30 12 20 02 51 22692.90000 4.64100000 598.37000 106.12000 14.13500 52.99000
30 12 20 02 52 22684.40000 4.64100000 599.64000 106.12000 14.13500 52.99000
30 12 20 02 52 22675.70000 4.64100000 599.64000 106.07000 14.13500 52.99000
