M=[
 2 8 20 08 39 9637.00000 6.26900000 323.61000 49.85000 16.80300 74.16600
 2 8 20 08 39 9635.90000 6.26900000 323.50000 49.85000 16.80300 74.37100
 2 8 20 08 40 9636.00000 6.26900000 323.51000 49.85000 16.80300 74.27600
 2 8 20 08 40 9636.00000 6.26900000 323.40000 49.88000 16.80300 74.52000
 2 8 20 08 41 9635.90000 6.24200000 323.31000 49.88000 16.84500 74.77400
 2 8 20 08 41 9636.10000 6.24200000 323.19000 49.88000 16.84500 74.77400
 2 8 20 08 42 9635.90000 6.24200000 323.14000 49.93000 16.84500 74.48300
 2 8 20 08 42 9635.00000 6.24200000 323.17000 49.93000 16.84500 74.71900
 2 8 20 08 43 9632.20000 6.22000000 322.72000 49.80000 16.84500 74.38600
 2 8 20 08 43 9622.10000 6.22000000 322.39000 49.78000 16.75200 74.38600
 2 8 20 08 44 9626.10000 6.22000000 322.62000 49.78000 16.75200 74.38600
 2 8 20 08 44 9626.10000 6.22000000 322.88000 49.79000 16.75200 74.27000
 2 8 20 08 45 9625.20000 6.22000000 322.62000 49.79000 16.75200 74.27000
 2 8 20 08 45 9620.00000 6.22000000 322.31000 49.67000 16.75200 74.27000
 2 8 20 08 46 9618.50000 6.22000000 322.49000 49.72000 16.75200 74.27000
 2 8 20 08 46 9611.10000 6.18300000 322.50000 49.72000 16.75200 74.27000
 2 8 20 08 47 9610.10000 6.18300000 322.15000 49.72000 16.75200 74.27000
 2 8 20 08 47 9610.00000 6.18300000 322.10000 49.72000 16.75200 74.27000
 2 8 20 08 48 9609.50000 6.18300000 322.07000 49.72000 16.75200 74.08600
 2 8 20 08 48 9610.00000 6.18300000 322.30000 49.76000 16.75200 74.08600
 2 8 20 08 49 9610.00000 6.18300000 322.37000 49.73000 16.75200 74.30300
 2 8 20 08 49 9610.50000 6.18800000 322.12000 49.69000 16.75200 74.15700
 2 8 20 08 50 9610.40000 6.18800000 322.24000 49.70000 16.75200 74.63000
 2 8 20 08 50 9610.40000 6.18800000 322.14000 49.70000 16.75200 74.63000
 2 8 20 08 51 9614.10000 6.18800000 322.15000 49.69000 16.75200 74.63000
 2 8 20 08 51 9614.90000 6.18800000 322.01000 49.68000 16.80100 74.63000
 2 8 20 08 52 9617.10000 6.18800000 321.99000 49.68000 16.80100 74.50600
 2 8 20 08 52 9614.80000 6.18800000 322.07000 49.68000 16.80100 74.52100
 2 8 20 08 53 9615.50000 6.18800000 322.24000 49.68000 16.80100 74.52100
 2 8 20 08 53 9615.40000 6.18800000 322.23000 49.73000 16.80100 74.59500
 2 8 20 08 54 9617.80000 6.18800000 322.26000 49.73000 16.80100 74.68700
 2 8 20 08 54 9626.60000 6.18800000 322.26000 49.73000 16.85200 74.68700
 2 8 20 08 55 9625.10000 6.18800000 322.25000 49.73000 16.85200 74.51700
 2 8 20 08 55 9628.80000 6.18800000 322.49000 49.86000 16.82100 74.51700
 2 8 20 08 56 9627.30000 6.23100000 322.82000 49.86000 16.82100 74.63200
 2 8 20 08 56 9625.10000 6.23100000 322.19000 49.86000 16.82100 74.63200
 2 8 20 08 57 9622.80000 6.23100000 322.63000 49.81000 16.82100 74.63200
 2 8 20 08 57 9621.70000 6.23100000 322.50000 49.81000 16.82100 74.63200
 2 8 20 08 58 9600.10000 6.21400000 319.13000 49.52000 16.82100 73.78800
 2 8 20 08 59 9601.70000 6.21400000 318.66000 49.50000 16.82100 73.79900
 2 8 20 09 00 9602.60000 6.21400000 319.60000 48.86000 16.82100 73.79900
 2 8 20 09 00 9600.90000 6.21400000 319.15000 49.41000 16.82100 73.79900
 2 8 20 09 01 9600.60000 6.21400000 318.91000 49.49000 16.82100 73.79900
 2 8 20 09 01 9600.00000 6.18300000 318.92000 49.48000 16.82100 73.79900
 2 8 20 09 02 9600.00000 6.18300000 318.74000 49.48000 16.91300 73.69300
 2 8 20 09 02 9608.90000 6.18300000 319.30000 49.48000 16.91300 73.69800
 2 8 20 09 03 9597.80000 6.18300000 319.84000 49.54000 16.85600 73.80000
 2 8 20 09 03 9601.80000 6.18300000 319.72000 49.54000 16.85600 73.80000
 2 8 20 09 04 9614.90000 6.18300000 320.45000 49.54000 16.85600 73.80000
 2 8 20 09 04 9611.40000 6.18300000 320.75000 49.62000 16.85600 73.80000
 2 8 20 09 05 9612.90000 6.18300000 321.09000 49.62000 16.85600 73.80000
 2 8 20 09 05 9615.60000 6.18300000 321.28000 49.65000 16.85600 73.95000
 2 8 20 09 06 9620.00000 6.18300000 321.33000 49.60000 16.85600 74.10600
 2 8 20 09 06 9620.60000 6.18300000 321.34000 49.58000 16.85600 74.10600
 2 8 20 09 07 9621.50000 6.18300000 321.34000 49.58000 16.85600 74.10600
 2 8 20 09 07 9620.60000 6.18300000 321.38000 49.65000 16.85600 74.10600
 2 8 20 09 08 9620.00000 6.18300000 321.27000 49.65000 16.85600 74.10600
 2 8 20 09 08 9620.00000 6.18300000 321.25000 49.65000 16.85600 74.10600
 2 8 20 09 09 9620.10000 6.18300000 321.27000 49.65000 16.85600 74.10600
 2 8 20 09 09 9620.00000 6.18300000 321.08000 49.65000 16.85600 74.10600
 2 8 20 09 10 9616.80000 6.19700000 320.74000 49.59000 16.85600 74.10600
 2 8 20 09 10 9612.80000 6.19700000 320.06000 49.67000 16.85600 74.10600
 2 8 20 09 11 9615.70000 6.19700000 320.07000 49.67000 16.85600 74.10600
 2 8 20 09 11 9611.30000 6.21000000 320.00000 49.67000 16.85600 74.10600
 2 8 20 09 12 9610.00000 6.21000000 319.97000 49.67000 16.85600 74.10600
 2 8 20 09 12 9610.00000 6.21000000 320.38000 49.67000 16.85600 74.10600
 2 8 20 09 13 9606.40000 6.21000000 320.44000 49.67000 16.85600 74.10600
 2 8 20 09 13 9601.50000 6.19100000 319.98000 49.56000 16.85600 74.10600
 2 8 20 09 14 9601.50000 6.19100000 319.68000 49.52000 16.85600 74.10600
 2 8 20 09 14 9603.00000 6.19100000 319.68000 49.44000 16.85600 74.10600
 2 8 20 09 15 9605.50000 6.19100000 319.44000 49.42000 16.85600 73.53400
 2 8 20 09 15 9605.30000 6.17700000 319.20000 49.33000 16.85600 73.53400
 2 8 20 09 17 9608.00000 6.16000000 319.19000 49.12000 16.85600 73.07400
 2 8 20 09 17 9608.60000 6.16000000 319.06000 49.08000 16.85600 72.96000
 2 8 20 09 18 9593.10000 6.16000000 319.00000 48.97000 16.85600 72.96000
 2 8 20 09 18 9593.30000 6.15000000 318.37000 48.96000 16.85600 72.96000
 2 8 20 09 19 9591.00000 6.15000000 318.15000 48.88000 16.85600 72.96000
 2 8 20 09 19 9584.40000 6.13300000 317.48000 48.79000 16.85600 72.68400
 2 8 20 09 20 9580.00000 6.11700000 317.43000 48.81000 16.85600 72.27600
 2 8 20 09 20 9580.10000 6.11700000 317.00000 48.80000 16.85600 72.40600
 2 8 20 09 21 9590.90000 6.15400000 318.00000 48.91000 16.85600 72.90000
 2 8 20 09 22 9590.50000 6.15400000 319.01000 49.03000 16.76600 72.90000
 2 8 20 09 22 9591.80000 6.15400000 318.55000 49.11000 16.76600 72.90000
 2 8 20 09 23 9591.80000 6.16800000 318.56000 49.13000 16.76600 72.90000
 2 8 20 09 23 9596.20000 6.16800000 319.44000 49.32000 16.76600 72.90000
 2 8 20 09 24 9597.40000 6.16000000 319.45000 49.27000 16.76600 72.90000
 2 8 20 09 24 9591.90000 6.16000000 319.19000 49.20000 16.76600 72.90000
 2 8 20 09 25 9592.00000 6.16000000 319.65000 49.25000 16.76600 72.90000
 2 8 20 09 26 9592.60000 6.16000000 319.40000 49.25000 16.76600 72.90000
 2 8 20 09 26 9591.50000 6.17400000 319.50000 49.21000 16.76600 72.90000
 2 8 20 09 26 9591.50000 6.17400000 319.43000 49.26000 16.85200 72.90000
 2 8 20 09 27 9591.60000 6.16600000 319.35000 49.21000 16.85200 72.94500
 2 8 20 09 27 9590.10000 6.16600000 319.34000 49.21000 16.85200 72.86200
 2 8 20 09 28 9585.00000 6.15000000 318.44000 49.07000 16.85200 72.64000
 2 8 20 09 28 9614.20000 6.16600000 319.42000 49.29000 16.85200 73.08700
 2 8 20 09 29 9617.90000 6.16600000 320.00000 49.38000 16.85200 73.19000
 2 8 20 09 29 9618.10000 6.16600000 320.21000 49.38000 16.85200 73.19000
 2 8 20 09 30 9618.80000 6.16600000 320.32000 49.43000 16.85200 73.31300
 2 8 20 09 30 9609.60000 6.16600000 319.99000 49.29000 16.85200 73.31300
 2 8 20 09 31 9618.90000 6.16600000 320.32000 49.41000 16.85200 73.55000
 2 8 20 09 32 9619.00000 6.16600000 320.51000 49.41000 16.85200 73.55000
 2 8 20 09 32 9620.00000 6.16600000 320.31000 49.43000 16.85200 73.55000
 2 8 20 09 33 9619.90000 6.16600000 320.34000 49.43000 16.85200 73.55000
 2 8 20 09 33 9620.00000 6.16600000 320.43000 49.41000 16.85200 73.55000
 2 8 20 09 34 9621.60000 6.16600000 320.31000 49.41000 16.85200 73.26000
 2 8 20 09 34 9622.20000 6.16600000 320.32000 49.41000 16.85200 73.26100
 2 8 20 09 35 9622.20000 6.16600000 320.45000 49.43000 16.85200 73.33200
 2 8 20 09 35 9626.80000 6.19500000 320.51000 49.43000 16.85200 73.17400
 2 8 20 09 35 9626.80000 6.19500000 320.55000 49.43000 16.85200 73.17400
