M=[
19 3 21 03 01 48272.20000 10.27700000 1492.46000 167.97000 26.09500 121.89000
19 3 21 03 01 48290.10000 10.27700000 1493.89000 167.97000 26.09500 121.89000
19 3 21 03 02 48303.70000 10.27700000 1493.89000 167.97000 26.09500 121.89000
19 3 21 03 02 48303.70000 10.27700000 1495.32000 167.97000 26.09500 121.89000
19 3 21 03 02 48268.10000 10.27700000 1495.25000 167.97000 26.09500 121.89000
19 3 21 03 03 48282.50000 10.27700000 1494.86000 167.97000 26.09500 121.89000
19 3 21 03 03 48288.00000 10.27700000 1494.86000 168.05000 26.09500 121.89000
19 3 21 03 04 48280.40000 10.27700000 1494.86000 168.03000 26.09500 121.89000
19 3 21 03 04 48277.30000 10.27700000 1494.86000 168.03000 26.09500 121.89000
19 3 21 03 05 48258.30000 10.27700000 1494.55000 168.03000 26.09500 121.89000
19 3 21 03 05 48227.10000 10.27700000 1492.75000 168.03000 26.04200 121.89000
19 3 21 03 05 48202.50000 10.27700000 1490.89000 168.03000 26.04200 121.89000
19 3 21 03 06 48200.70000 10.27700000 1490.89000 168.03000 26.04200 121.89000
19 3 21 03 06 48239.80000 10.27700000 1490.89000 167.93000 26.04200 121.89000
19 3 21 03 07 48226.50000 10.27700000 1491.64000 167.93000 26.04200 121.89000
19 3 21 03 07 48250.80000 10.27700000 1491.64000 167.93000 26.04200 121.89000
19 3 21 03 08 48250.80000 10.27700000 1491.64000 167.93000 26.04200 121.89000
19 3 21 03 08 48250.80000 10.27700000 1491.64000 167.93000 26.04200 121.89000
19 3 21 03 08 48261.50000 10.27700000 1491.64000 168.26000 26.04300 121.89000
19 3 21 03 09 48288.10000 10.27700000 1493.28000 168.26000 26.04300 121.89000
19 3 21 03 09 48302.70000 10.27700000 1493.29000 168.40000 26.04300 121.89000
19 3 21 03 10 48302.60000 10.27700000 1494.24000 168.40000 26.04300 121.89000
19 3 21 03 10 48302.60000 10.27700000 1494.24000 168.40000 26.04300 121.89000
19 3 21 03 11 48302.60000 10.27700000 1493.55000 168.86000 26.04300 121.89000
19 3 21 03 11 48286.50000 10.27700000 1493.55000 168.86000 26.04300 121.89000
19 3 21 03 11 48328.30000 10.27700000 1494.24000 168.86000 26.04300 121.89000
19 3 21 03 12 48326.10000 10.27700000 1494.24000 168.86000 26.04300 121.89000
19 3 21 03 12 48326.00000 10.27700000 1494.24000 168.86000 26.04300 121.89000
19 3 21 03 13 48326.00000 10.27700000 1494.24000 168.86000 26.20600 121.89000
19 3 21 03 13 48328.30000 10.27700000 1494.30000 168.86000 26.20600 121.89000
19 3 21 03 14 48356.40000 10.27700000 1496.11000 169.20000 26.20600 121.89000
19 3 21 03 14 48380.80000 10.27700000 1496.12000 169.87000 26.20600 121.89000
19 3 21 03 14 48449.30000 10.27700000 1497.38000 170.09000 26.20700 121.89000
19 3 21 03 15 48437.40000 10.27700000 1497.38000 170.00000 26.20700 121.89000
19 3 21 03 15 48371.20000 10.27700000 1497.38000 170.00000 26.20700 121.89000
19 3 21 03 16 48373.60000 10.27700000 1497.38000 169.40000 26.20700 121.89000
19 3 21 03 16 48373.60000 10.27700000 1495.88000 169.21000 26.20700 121.89000
19 3 21 03 17 48356.40000 10.27700000 1494.79000 169.19000 26.20700 121.89000
19 3 21 03 17 48368.20000 10.27700000 1494.79000 169.29000 26.20700 121.89000
19 3 21 03 17 48344.60000 10.27700000 1494.85000 169.23000 26.20700 121.89000
19 3 21 03 18 48342.90000 10.27700000 1494.85000 169.23000 26.20700 121.89000
19 3 21 03 18 48342.90000 10.27700000 1495.12000 169.24000 26.20700 121.89000
19 3 21 03 19 48342.90000 10.27700000 1495.12000 169.24000 26.20700 121.89000
19 3 21 03 19 48337.10000 10.27700000 1495.12000 169.15000 26.20700 121.89000
19 3 21 03 20 48337.10000 10.27700000 1493.66000 169.15000 26.20700 121.89000
19 3 21 03 20 48337.10000 10.26400000 1493.66000 169.15000 26.20700 121.89000
19 3 21 03 20 48353.40000 10.26400000 1494.23000 169.15000 26.20700 121.89000
19 3 21 03 21 48353.40000 10.26400000 1494.23000 169.15000 26.20700 121.89000
19 3 21 03 21 48353.40000 10.26400000 1493.73000 169.15000 26.20700 121.89000
19 3 21 03 22 48353.40000 10.26400000 1493.57000 169.15000 26.20700 121.89000
19 3 21 03 22 48335.30000 10.26400000 1493.57000 169.15000 26.20700 121.89000
19 3 21 03 23 48320.50000 10.26400000 1493.66000 168.80000 26.20700 121.89000
19 3 21 03 24 48310.50000 10.26400000 1493.37000 168.80000 26.20700 121.89000
19 3 21 03 24 48321.40000 10.26400000 1493.37000 168.80000 26.20700 121.89000
19 3 21 03 25 48321.40000 10.26400000 1493.37000 168.80000 26.20700 121.89000
19 3 21 03 25 48321.40000 10.26400000 1493.37000 168.80000 26.20700 121.89000
19 3 21 03 26 48345.80000 10.26400000 1494.56000 169.08000 26.20700 121.89000
19 3 21 03 26 48421.90000 10.26400000 1494.56000 169.42000 26.25900 121.89000
19 3 21 03 27 48435.00000 10.26400000 1494.56000 169.42000 26.25900 121.89000
19 3 21 03 27 48435.00000 10.26400000 1494.56000 169.42000 26.25900 121.89000
19 3 21 03 27 48441.20000 10.26400000 1494.56000 169.42000 26.25900 121.89000
19 3 21 03 28 48420.80000 10.26400000 1494.67000 169.42000 26.25900 121.89000
19 3 21 03 28 48420.80000 10.26400000 1494.40000 169.00000 26.25900 121.89000
19 3 21 03 29 48434.90000 10.26400000 1494.40000 169.00000 26.25900 121.89000
19 3 21 03 29 48434.90000 10.26400000 1494.40000 169.00000 26.25900 121.89000
19 3 21 03 30 48434.90000 10.26400000 1494.00000 169.00000 26.25900 121.89000
19 3 21 03 30 48400.90000 10.26400000 1493.90000 168.87000 26.25900 121.89000
19 3 21 03 30 48400.80000 10.26400000 1493.90000 168.81000 26.25900 121.89000
19 3 21 03 31 48400.80000 10.26400000 1493.90000 168.81000 26.25900 121.89000
19 3 21 03 31 48400.80000 10.26400000 1493.90000 168.81000 26.25900 121.89000
19 3 21 03 32 48375.40000 10.26400000 1493.22000 168.81000 26.25900 121.89000
19 3 21 03 32 48393.00000 10.26400000 1493.22000 168.81000 26.25900 121.89000
19 3 21 03 33 48393.00000 10.26400000 1493.22000 168.81000 26.29000 121.89000
19 3 21 03 33 48393.00000 10.26400000 1493.31000 168.81000 26.29000 121.89000
19 3 21 03 33 48353.20000 10.26400000 1493.31000 168.67000 26.29000 121.89000
19 3 21 03 34 48353.20000 10.26400000 1493.22000 168.67000 26.29000 121.89000
19 3 21 03 34 48355.70000 10.26400000 1493.22000 168.67000 26.35100 121.89000
19 3 21 03 35 48363.80000 10.26400000 1493.22000 168.67000 26.35100 121.89000
19 3 21 03 35 48363.80000 10.26400000 1493.64000 168.67000 26.35100 121.89000
19 3 21 03 36 48374.80000 10.26400000 1494.00000 168.67000 26.35100 121.89000
19 3 21 03 36 48387.60000 10.26400000 1494.17000 168.67000 26.35100 121.89000
19 3 21 03 36 48374.40000 10.26400000 1493.10000 168.67000 26.35100 121.89000
19 3 21 03 37 48381.80000 10.26400000 1493.10000 168.67000 26.35100 121.89000
19 3 21 03 37 48390.20000 10.22700000 1493.10000 168.67000 26.35100 121.89000
19 3 21 03 38 48387.70000 10.22700000 1493.97000 168.75000 26.35100 121.89000
19 3 21 03 38 48387.70000 10.22700000 1494.51000 168.89000 26.35100 121.89000
19 3 21 03 39 48387.70000 10.22700000 1494.51000 168.89000 26.35100 121.89000
19 3 21 03 39 48408.70000 10.22700000 1494.51000 168.89000 26.35100 121.89000
19 3 21 03 39 48437.90000 10.22700000 1494.51000 168.89000 26.35100 121.89000
19 3 21 03 40 48452.80000 10.22700000 1494.51000 168.89000 26.35100 121.89000
19 3 21 03 40 48483.10000 10.22700000 1494.52000 168.89000 26.35100 121.89000
19 3 21 03 41 48500.00000 10.22700000 1494.52000 168.89000 26.35100 121.89000
19 3 21 03 41 48500.00000 10.22700000 1494.52000 168.89000 26.35100 121.89000
19 3 21 03 42 48500.00000 10.22700000 1496.40000 168.89000 26.35100 121.89000
19 3 21 03 42 48500.00000 10.22700000 1496.48000 168.89000 26.35100 121.89000
19 3 21 03 42 48504.90000 10.22700000 1496.48000 168.89000 26.35100 121.89000
19 3 21 03 43 48500.00000 10.22700000 1495.74000 168.89000 26.35100 121.89000
19 3 21 03 43 48500.00000 10.22700000 1495.74000 168.79000 26.35100 121.89000
19 3 21 03 44 48500.00000 10.22700000 1495.74000 168.79000 26.35100 121.89000
19 3 21 03 44 48441.20000 10.22700000 1495.83000 168.79000 26.35100 121.89000
19 3 21 03 45 48454.00000 10.22700000 1495.83000 168.79000 26.35100 121.89000
19 3 21 03 45 48482.20000 10.22700000 1496.03000 168.79000 26.35100 121.89000
