M=[
26 7 20 19 12 8483.40000 5.66400000 263.22000 41.19000 19.13600 56.25100
26 7 20 19 13 8482.20000 5.66400000 263.14000 41.19000 19.13600 56.25100
26 7 20 19 13 8482.20000 5.66400000 263.11000 41.19000 19.13600 56.25100
26 7 20 19 13 8482.20000 5.66400000 263.01000 41.19000 19.13600 56.25100
26 7 20 19 14 8483.30000 5.66400000 263.21000 41.19000 19.13600 56.25100
26 7 20 19 14 8482.20000 5.66400000 263.38000 41.19000 19.13600 56.25100
26 7 20 19 15 8480.60000 5.66400000 263.44000 41.19000 19.13600 56.25100
26 7 20 19 15 8482.40000 5.66400000 263.58000 41.19000 19.13600 56.25100
26 7 20 19 16 8481.30000 5.66400000 263.66000 41.19000 19.13600 56.25100
26 7 20 19 16 8481.80000 5.66400000 263.53000 41.19000 19.13600 56.25100
26 7 20 19 17 8481.80000 5.66400000 263.46000 41.19000 19.13600 56.25100
26 7 20 19 17 8481.80000 5.66400000 263.47000 41.16000 19.13600 56.25100
26 7 20 19 18 8480.20000 5.66400000 263.27000 41.13000 19.13600 56.25100
26 7 20 19 18 8480.00000 5.66400000 263.22000 41.13000 19.13600 56.25100
26 7 20 19 19 8480.00000 5.66400000 263.22000 41.13000 19.13600 56.25100
26 7 20 19 19 8480.10000 5.66400000 263.22000 41.13000 19.13600 56.25100
26 7 20 19 19 8480.10000 5.66400000 263.22000 41.13000 19.13600 56.25100
26 7 20 19 20 8480.00000 5.66400000 263.22000 41.13000 19.13600 56.25100
26 7 20 19 20 8480.10000 5.66100000 263.22000 41.13000 19.13600 56.25100
26 7 20 19 21 8480.10000 5.66100000 263.42000 41.13000 19.13600 56.25100
26 7 20 19 21 8480.00000 5.66100000 263.42000 41.13000 19.13600 56.25100
26 7 20 19 22 8478.90000 5.66100000 263.42000 41.13000 19.13600 56.25100
26 7 20 19 22 8480.00000 5.66100000 263.50000 41.17000 19.13600 56.25100
26 7 20 19 23 8480.00000 5.66100000 263.83000 41.17000 19.13600 56.25100
26 7 20 19 23 8480.00000 5.66100000 263.90000 41.17000 19.13600 56.25100
26 7 20 19 24 8479.90000 5.66100000 263.93000 41.17000 19.13600 56.25100
26 7 20 19 24 8480.00000 5.66100000 263.95000 41.17000 19.13600 56.25100
26 7 20 19 24 8479.70000 5.66100000 263.61000 41.17000 19.13600 56.25100
26 7 20 19 25 8479.70000 5.66100000 263.69000 41.17000 19.13600 56.25100
26 7 20 19 25 8479.00000 5.66100000 263.65000 41.17000 19.13600 56.25100
26 7 20 19 26 8478.10000 5.66100000 263.70000 41.17000 19.13600 56.25100
26 7 20 19 26 8478.00000 5.66100000 263.67000 41.17000 19.13600 56.25100
26 7 20 19 27 8477.90000 5.66100000 263.69000 41.16000 19.13600 56.25100
26 7 20 19 27 8478.00000 5.66100000 263.57000 41.16000 19.13600 56.25100
26 7 20 19 28 8478.00000 5.66100000 263.67000 41.16000 19.13600 56.25100
26 7 20 19 28 8477.90000 5.66100000 263.68000 41.16000 19.13600 56.25100
26 7 20 19 29 8478.00000 5.66100000 263.67000 41.16000 19.13600 56.23300
26 7 20 19 29 8477.90000 5.66100000 263.67000 41.16000 19.13600 56.24400
26 7 20 19 30 8477.90000 5.66100000 263.79000 41.17000 19.13600 56.24400
26 7 20 19 30 8478.00000 5.66100000 263.79000 41.17000 19.13600 56.24400
26 7 20 19 30 8477.90000 5.66100000 263.79000 41.17000 19.13600 56.24400
26 7 20 19 31 8478.00000 5.66100000 263.79000 41.17000 19.13600 56.50000
26 7 20 19 31 8478.00000 5.66100000 263.79000 41.17000 19.13600 56.50000
26 7 20 19 32 8478.00000 5.66100000 264.15000 41.17000 19.13600 56.50000
26 7 20 19 32 8477.90000 5.66100000 264.12000 41.17000 19.13600 56.50000
26 7 20 19 33 8477.90000 5.66100000 264.10000 41.17000 19.13600 56.50000
26 7 20 19 33 8478.00000 5.66100000 264.10000 41.17000 19.13600 56.50000
26 7 20 19 34 8477.90000 5.66100000 264.41000 41.21000 19.13600 56.50000
26 7 20 19 34 8477.90000 5.66100000 264.41000 41.21000 19.13600 56.50000
26 7 20 19 35 8478.00000 5.66100000 264.39000 41.17000 19.13600 56.50000
26 7 20 19 35 8477.90000 5.66100000 264.42000 41.17000 19.13600 56.50000
26 7 20 19 36 8477.90000 5.66100000 264.49000 41.17000 19.13600 56.50000
26 7 20 19 36 8478.10000 5.66100000 264.73000 41.17000 19.13600 56.50000
26 7 20 19 36 8481.80000 5.66100000 264.90000 41.17000 19.13600 56.50000
26 7 20 19 37 8486.10000 5.66100000 265.00000 41.17000 19.13600 56.50000
26 7 20 19 37 8486.50000 5.66100000 265.11000 41.17000 19.13600 56.50000
26 7 20 19 38 8486.60000 5.66100000 265.33000 41.17000 19.13600 56.50000
26 7 20 19 38 8489.60000 5.66100000 265.38000 41.17000 19.13600 56.50000
26 7 20 19 39 8489.80000 5.66100000 264.86000 41.23000 19.13600 56.50000
26 7 20 19 39 8489.80000 5.66100000 264.84000 41.23000 19.13600 56.50000
26 7 20 19 40 8487.10000 5.66100000 264.89000 41.23000 19.27400 56.50000
26 7 20 19 40 8484.50000 5.66100000 264.63000 41.23000 19.27400 56.50000
26 7 20 19 41 8482.80000 5.66100000 264.49000 41.23000 19.27400 56.50000
26 7 20 19 41 8481.70000 5.66100000 264.43000 41.23000 19.27300 56.50000
26 7 20 19 42 8478.10000 5.66100000 264.47000 41.23000 19.27300 56.50000
26 7 20 19 42 8475.00000 5.66100000 264.47000 41.22000 19.27300 56.50000
26 7 20 19 43 8470.10000 5.66100000 264.32000 41.18000 19.27300 56.50000
26 7 20 19 43 8470.10000 5.66100000 264.16000 41.18000 19.27300 56.50000
26 7 20 19 44 8455.90000 5.66100000 263.79000 41.09000 19.27300 56.50000
26 7 20 19 44 8452.90000 5.66200000 263.24000 41.07000 19.27300 56.50000
26 7 20 19 45 8452.60000 5.66200000 263.43000 41.07000 19.27300 56.50000
26 7 20 19 45 8452.60000 5.66200000 263.76000 41.07000 19.27300 56.50000
26 7 20 19 46 8452.50000 5.66200000 263.76000 41.07000 19.27300 56.50000
26 7 20 19 46 8458.40000 5.66200000 263.66000 41.07000 19.27300 56.50000
26 7 20 19 47 8458.50000 5.66500000 263.83000 41.07000 19.27300 56.50000
26 7 20 19 47 8458.50000 5.66500000 263.72000 41.07000 19.27300 56.50000
26 7 20 19 48 8458.40000 5.66500000 263.72000 41.07000 19.27300 56.50000
26 7 20 19 48 8458.40000 5.66500000 263.72000 41.06000 19.27300 56.50000
26 7 20 19 49 8462.40000 5.66500000 264.00000 41.06000 19.27300 56.50000
26 7 20 19 49 8462.60000 5.66500000 263.87000 41.09000 19.27300 56.50000
26 7 20 19 49 8462.70000 5.66500000 263.97000 41.09000 19.27300 56.50000
26 7 20 19 50 8462.70000 5.66500000 263.97000 41.09000 19.27300 56.50000
26 7 20 19 50 8460.00000 5.66500000 263.73000 41.05000 19.27300 56.50000
26 7 20 19 51 8460.00000 5.66500000 263.72000 41.05000 19.27300 56.50000
26 7 20 19 51 8460.10000 5.66500000 263.72000 41.05000 19.27300 56.50000
26 7 20 19 52 8460.00000 5.66500000 263.51000 41.05000 19.27300 56.50000
26 7 20 19 52 8462.40000 5.66500000 263.54000 41.05000 19.27300 56.50000
26 7 20 19 53 8462.50000 5.66500000 263.56000 41.05000 19.27300 56.50000
26 7 20 19 53 8462.60000 5.66500000 263.53000 41.05000 19.27300 56.50000
26 7 20 19 53 8458.50000 5.66500000 263.14000 41.05000 19.27300 56.50000
26 7 20 19 54 8456.10000 5.66500000 262.60000 41.05000 19.27300 56.50000
26 7 20 19 54 8456.00000 5.66500000 262.70000 41.05000 19.27300 56.50000
26 7 20 19 55 8450.10000 5.66500000 262.57000 41.05000 19.27300 56.50000
26 7 20 19 55 8448.20000 5.66500000 262.44000 41.02000 19.27300 56.50000
26 7 20 19 56 8447.00000 5.66500000 262.67000 41.02000 19.27300 56.50000
26 7 20 19 56 8447.60000 5.66500000 262.59000 41.05000 19.21100 56.50000
26 7 20 19 57 8447.50000 5.66500000 262.84000 41.05000 19.12500 56.50000
26 7 20 19 57 8447.50000 5.66500000 262.82000 41.05000 19.12500 56.50000
26 7 20 19 58 8447.70000 5.66500000 263.01000 41.05000 19.12500 56.50000
26 7 20 19 58 8447.70000 5.66500000 262.96000 41.01000 19.12500 56.50000
26 7 20 19 59 8447.70000 5.66500000 262.99000 41.01000 19.12500 56.50000
26 7 20 19 59 8447.70000 5.66500000 262.99000 40.98000 19.12500 56.50000
26 7 20 20 00 8456.00000 5.66500000 263.10000 40.95000 19.16100 56.50000
26 7 20 20 00 8450.70000 5.66500000 262.94000 40.95000 19.16100 56.50000
26 7 20 20 01 8451.20000 5.66500000 262.94000 40.95000 19.16100 56.50000
26 7 20 20 01 8445.80000 5.66500000 262.61000 40.96000 19.16100 56.50000
26 7 20 20 02 8446.20000 5.66500000 262.80000 40.96000 19.16100 56.34800
26 7 20 20 02 8450.50000 5.66500000 262.99000 40.96000 19.16100 56.18500
26 7 20 20 03 8450.40000 5.66500000 263.20000 40.93000 19.16100 56.18500
