M=[
27 11 20 12 33 14283.90000 5.13100000 431.26000 57.61000 12.17700 57.42000
27 11 20 12 34 14287.30000 5.13100000 430.85000 57.62000 12.17700 57.42000
27 11 20 12 34 14280.10000 5.13100000 429.91000 57.60000 12.17700 57.42000
27 11 20 12 35 14273.10000 5.13100000 430.33000 57.56000 12.17700 57.42000
27 11 20 12 35 14263.20000 5.13100000 430.06000 57.53000 12.17700 57.42000
27 11 20 12 35 14272.30000 5.13100000 430.30000 57.53000 12.17700 57.42000
27 11 20 12 36 14270.90000 5.13100000 430.04000 57.56000 12.17700 57.42000
27 11 20 12 36 14273.00000 5.13100000 430.36000 57.56000 12.17700 57.42000
27 11 20 12 37 14273.00000 5.13100000 429.55000 57.52000 12.17700 57.42000
27 11 20 12 37 14276.20000 5.13100000 430.03000 57.45000 12.17700 57.42000
27 11 20 12 38 14272.90000 5.13100000 429.47000 57.25000 12.17700 57.42000
27 11 20 12 38 14259.50000 5.13100000 429.49000 57.31000 12.17700 57.42000
27 11 20 12 38 14259.60000 5.13100000 430.00000 57.33000 12.17700 57.42000
27 11 20 12 39 14265.70000 5.13100000 429.62000 57.33000 12.17700 57.42000
27 11 20 12 39 14266.80000 5.13100000 429.98000 57.48000 12.17700 57.42000
27 11 20 12 40 14265.90000 5.13100000 429.99000 57.48000 12.17700 57.42000
27 11 20 12 40 14254.50000 5.13100000 429.98000 57.48000 12.17700 57.42000
27 11 20 12 41 14268.50000 5.13100000 430.00000 57.49000 12.17700 57.42000
27 11 20 12 41 14288.00000 5.13100000 430.67000 57.71000 12.17700 57.42000
27 11 20 12 41 14299.90000 5.13100000 430.95000 57.70000 12.17700 57.42000
27 11 20 12 42 14313.90000 5.14100000 430.67000 57.71000 12.17700 57.50700
27 11 20 12 42 14307.30000 5.14100000 430.70000 57.80000 12.17700 57.50700
27 11 20 12 43 14308.60000 5.14100000 430.72000 57.82000 12.17700 57.50700
27 11 20 12 43 14300.00000 5.14100000 430.45000 57.82000 12.17700 57.50700
27 11 20 12 43 14289.60000 5.14100000 430.45000 57.81000 12.17700 57.50700
27 11 20 12 44 14290.70000 5.16800000 430.30000 57.82000 12.17700 57.50700
27 11 20 12 44 14283.50000 5.16800000 430.54000 57.82000 12.17700 57.50700
27 11 20 12 45 14286.40000 5.16800000 430.63000 57.76000 12.17700 57.50700
27 11 20 12 45 14271.40000 5.16800000 430.13000 57.68000 12.17700 57.50700
27 11 20 12 46 14272.90000 5.16800000 430.04000 57.68000 12.17700 57.50700
27 11 20 12 46 14272.90000 5.16800000 430.31000 57.83000 12.17700 57.50700
27 11 20 12 46 14283.70000 5.16800000 430.56000 58.29000 12.17700 57.50700
27 11 20 12 47 14312.40000 5.16800000 431.47000 58.37000 12.17700 57.50700
27 11 20 12 47 14325.70000 5.16800000 431.57000 58.32000 12.17700 57.50700
27 11 20 12 48 14338.80000 5.16800000 431.69000 58.41000 12.17700 57.65400
27 11 20 12 48 14325.60000 5.16800000 431.68000 58.32000 12.17700 57.65400
27 11 20 12 49 14321.30000 5.16800000 431.68000 58.45000 12.17700 57.65400
27 11 20 12 49 14317.50000 5.16800000 431.00000 58.51000 12.17700 57.44700
27 11 20 12 49 14320.20000 5.16800000 431.22000 58.44000 12.17700 57.44700
27 11 20 12 50 14315.70000 5.16800000 431.21000 58.44000 12.17700 57.57900
27 11 20 12 50 14306.40000 5.16800000 431.15000 58.28000 12.17700 57.57900
27 11 20 12 51 14301.00000 5.16800000 430.98000 58.28000 12.17700 57.57900
27 11 20 12 51 14279.50000 5.16800000 430.29000 58.21000 12.17700 57.57900
27 11 20 12 52 14297.00000 5.16000000 430.70000 58.33000 12.17700 57.57900
27 11 20 12 52 14305.20000 5.16000000 431.12000 58.33000 12.17700 57.57900
27 11 20 12 52 14317.90000 5.16000000 431.25000 58.33000 12.17700 57.57900
27 11 20 12 53 14316.40000 5.16000000 431.24000 58.33000 12.17700 57.57900
27 11 20 12 53 14302.00000 5.16000000 430.78000 58.22000 12.17700 57.57900
27 11 20 12 54 14314.10000 5.16000000 431.14000 58.44000 12.17700 57.57900
27 11 20 12 54 14318.10000 5.16800000 431.20000 58.43000 12.17700 57.57900
27 11 20 12 55 14317.70000 5.16800000 431.20000 58.43000 12.17700 57.57900
27 11 20 12 55 14311.30000 5.16800000 431.00000 58.43000 12.17700 57.57900
27 11 20 12 55 14307.00000 5.16800000 431.12000 58.34000 12.17700 57.57900
27 11 20 12 56 14306.90000 5.16800000 431.13000 58.34000 12.17700 57.57900
27 11 20 12 56 14318.10000 5.16800000 431.07000 58.34000 12.17700 57.57900
27 11 20 12 57 14317.90000 5.16800000 431.04000 58.34000 12.17700 57.57900
27 11 20 12 57 14308.20000 5.16800000 430.68000 58.22000 12.17700 57.57900
27 11 20 12 58 14307.10000 5.16800000 430.48000 58.21000 12.17700 57.57900
27 11 20 12 58 14305.30000 5.16800000 430.58000 58.21000 12.17700 57.57900
27 11 20 12 58 14308.10000 5.16800000 430.58000 58.26000 12.17700 57.57900
27 11 20 12 59 14322.00000 5.16800000 431.30000 58.31000 12.17700 57.57900
27 11 20 12 59 14339.70000 5.16800000 431.64000 58.49000 12.17700 57.57900
27 11 20 13 00 14343.90000 5.16800000 431.76000 58.49000 12.17700 57.69900
27 11 20 13 00 14330.10000 5.16800000 431.16000 58.49000 12.17700 57.69900
27 11 20 13 01 14316.10000 5.16800000 430.65000 58.24000 12.17700 57.69900
27 11 20 13 01 14316.00000 5.16800000 430.69000 58.24000 12.17700 57.69900
27 11 20 13 01 14305.40000 5.16800000 430.49000 58.14000 12.17700 57.69900
27 11 20 13 02 14296.40000 5.16800000 430.49000 58.18000 12.17700 57.69900
27 11 20 13 02 14299.50000 5.16800000 430.28000 58.18000 12.17700 57.69900
27 11 20 13 03 14299.90000 5.16800000 430.39000 58.18000 12.17700 57.69900
27 11 20 13 03 14300.00000 5.16800000 430.39000 58.20000 12.17700 57.69900
27 11 20 13 04 14303.50000 5.16800000 430.39000 58.20000 12.17700 57.69900
27 11 20 13 04 14305.30000 5.16800000 430.65000 58.14000 12.17700 57.69900
27 11 20 13 04 14309.60000 5.16800000 431.09000 58.21000 12.17700 57.47500
27 11 20 13 05 14297.60000 5.16800000 430.62000 58.18000 12.17700 57.47500
27 11 20 13 05 14294.30000 5.16800000 430.52000 58.19000 12.17700 57.47500
27 11 20 13 06 14282.70000 5.16800000 430.44000 58.19000 12.17700 57.47500
27 11 20 13 06 14293.70000 5.16800000 431.21000 58.23000 12.17700 57.47500
27 11 20 13 07 14293.70000 5.16800000 431.21000 58.20000 12.17700 57.47500
27 11 20 13 07 14293.80000 5.16800000 431.43000 58.20000 12.17700 57.47500
27 11 20 13 07 14297.50000 5.16800000 431.91000 58.25000 12.17700 57.47500
27 11 20 13 08 14297.90000 5.16800000 431.95000 58.25000 12.17700 57.34100
27 11 20 13 08 14294.60000 5.16800000 431.43000 58.13000 12.17700 57.34100
27 11 20 13 09 14296.60000 5.16800000 431.72000 58.21000 12.17700 57.34100
27 11 20 13 09 14302.20000 5.16800000 431.82000 58.16000 12.17700 57.34100
27 11 20 13 10 14300.10000 5.16800000 431.77000 58.32000 12.17700 57.34100
27 11 20 13 10 14303.90000 5.16800000 431.90000 58.54000 12.17700 57.34100
27 11 20 13 10 14310.30000 5.16800000 432.52000 58.64000 12.17700 57.34100
27 11 20 13 11 14327.80000 5.16800000 432.53000 58.72000 12.34100 57.34100
27 11 20 13 11 14332.50000 5.16800000 432.71000 58.90000 12.34100 57.34100
27 11 20 13 12 14332.80000 5.16800000 432.99000 58.85000 12.34100 57.34100
27 11 20 13 12 14335.50000 5.16800000 433.18000 58.90000 12.34100 57.34100
27 11 20 13 13 14340.10000 5.16900000 433.19000 59.00000 12.34100 57.70000
27 11 20 13 13 14322.30000 5.16900000 433.16000 58.83000 12.34100 57.70000
27 11 20 13 13 14318.40000 5.16900000 433.06000 58.90000 12.34100 57.70000
27 11 20 13 14 14301.20000 5.16900000 432.93000 58.71000 12.34100 57.70000
27 11 20 13 14 14280.00000 5.16900000 432.20000 58.55000 12.34100 57.70000
27 11 20 13 15 14287.30000 5.16900000 431.70000 58.48000 12.34100 57.46800
27 11 20 13 15 14266.70000 5.16900000 431.55000 58.39000 12.34100 57.46800
27 11 20 13 16 14275.40000 5.16900000 431.61000 58.28000 12.34100 57.46800
27 11 20 13 16 14296.80000 5.17000000 432.11000 58.28000 12.34100 57.46800
27 11 20 13 16 14326.90000 5.17000000 432.59000 58.46000 12.34100 57.46800
27 11 20 13 17 14323.70000 5.17000000 433.08000 58.46000 12.34100 57.46800
27 11 20 13 17 14329.20000 5.17000000 433.37000 58.48000 12.34100 57.73100
27 11 20 13 18 14304.50000 5.17000000 432.84000 58.46000 12.34100 57.73100
27 11 20 13 18 14305.00000 5.17000000 432.71000 58.46000 12.34100 57.73100
