M=[
 5 6 20 22 04 8557.80000 6.05500000 212.77000 41.55000 12.47100 46.51600
 5 6 20 22 05 8568.70000 6.05500000 212.58000 41.48000 12.45000 46.51600
 5 6 20 22 05 8552.30000 6.05500000 212.44000 41.48000 12.45000 46.51600
 5 6 20 22 06 8558.30000 6.05500000 212.43000 41.48000 12.45000 46.51600
 5 6 20 22 06 8563.90000 6.05500000 212.58000 41.48000 12.45000 46.68400
 5 6 20 22 07 8558.20000 6.05500000 212.58000 41.48000 12.45000 46.51600
 5 6 20 22 07 8557.30000 6.05500000 212.61000 41.44000 12.45000 46.51600
 5 6 20 22 08 8560.20000 6.05500000 212.76000 41.48000 12.45000 46.51600
 5 6 20 22 08 8558.10000 6.05500000 212.76000 41.48000 12.45000 46.51600
 5 6 20 22 09 8558.10000 6.05500000 212.75000 41.48000 12.45000 46.51600
 5 6 20 22 09 8555.80000 6.05500000 212.75000 41.48000 12.45000 46.51600
 5 6 20 22 10 8555.90000 6.05500000 212.75000 41.48000 12.45000 46.51600
 5 6 20 22 10 8556.20000 6.05500000 212.75000 41.48000 12.45000 46.51600
 5 6 20 22 11 8559.00000 6.05500000 212.75000 41.48000 12.45000 46.51600
 5 6 20 22 11 8559.00000 6.05500000 212.88000 41.48000 12.47100 46.51600
 5 6 20 22 12 8558.50000 6.05500000 212.88000 41.48000 12.45000 46.51600
 5 6 20 22 12 8578.80000 6.05500000 213.11000 41.48000 12.45000 46.51600
 5 6 20 22 12 8580.00000 6.05500000 213.11000 41.50000 12.45000 46.51600
 5 6 20 22 13 8577.10000 6.05500000 213.11000 41.60000 12.51700 46.51600
 5 6 20 22 13 8580.10000 6.05500000 213.62000 41.60000 12.51700 46.51600
 5 6 20 22 14 8579.40000 6.05500000 213.62000 41.50000 12.52000 46.51600
 5 6 20 22 14 8580.00000 6.05500000 213.62000 41.60000 12.52000 46.51600
 5 6 20 22 15 8577.90000 6.05500000 213.62000 41.60000 12.52000 46.51600
 5 6 20 22 15 8579.80000 6.05500000 213.62000 41.60000 12.52000 46.51600
 5 6 20 22 16 8579.80000 6.05500000 213.62000 41.60000 12.52000 46.51600
 5 6 20 22 16 8580.10000 6.05500000 213.62000 41.60000 12.52000 46.51600
 5 6 20 22 17 8590.80000 6.05500000 213.62000 41.60000 12.52000 46.51600
 5 6 20 22 17 8588.50000 6.05500000 213.62000 41.60000 12.52000 46.51600
 5 6 20 22 18 8586.50000 6.05500000 213.62000 41.60000 12.52000 46.51600
 5 6 20 22 18 8585.20000 6.05500000 213.62000 41.60000 12.52000 46.51600
 5 6 20 22 19 8585.10000 6.05500000 213.62000 41.60000 12.52000 46.51600
 5 6 20 22 19 8583.30000 6.05500000 213.62000 41.60000 12.52000 46.51600
 5 6 20 22 20 8582.50000 6.05500000 213.62000 41.60000 12.52000 46.51600
 5 6 20 22 20 8582.40000 6.05500000 213.80000 41.66000 12.52000 46.51600
 5 6 20 22 20 8583.30000 6.05500000 213.80000 41.66000 12.52000 46.51600
 5 6 20 22 21 8584.90000 6.05500000 214.00000 41.66000 12.52000 46.51600
 5 6 20 22 21 8586.00000 6.05500000 214.00000 41.66000 12.45000 46.51600
 5 6 20 22 22 8584.60000 6.05500000 214.00000 41.66000 12.52000 46.51600
 5 6 20 22 22 8582.50000 6.05500000 214.00000 41.66000 12.52000 46.51600
 5 6 20 22 23 8577.00000 6.05500000 213.80000 41.66000 12.52000 46.51600
 5 6 20 22 23 8577.00000 6.05500000 213.80000 41.66000 12.52000 46.51600
 5 6 20 22 24 8576.90000 6.05500000 213.65000 41.66000 12.52000 46.51600
 5 6 20 22 24 8574.60000 6.05500000 213.65000 41.66000 12.52000 46.51600
 5 6 20 22 25 8576.90000 6.05500000 213.51000 41.60000 12.52000 46.51600
 5 6 20 22 25 8569.70000 6.05500000 213.51000 41.66000 12.45000 46.51600
 5 6 20 22 26 8569.40000 6.05500000 213.80000 41.66000 12.52000 46.51600
 5 6 20 22 26 8565.70000 6.05500000 213.40000 41.66000 12.52000 46.51600
 5 6 20 22 27 8564.40000 6.05500000 213.40000 41.60000 12.52000 46.51600
 5 6 20 22 27 8564.40000 6.05500000 213.40000 41.66000 12.52000 46.51600
 5 6 20 22 27 8564.30000 6.05500000 213.40000 41.66000 12.52000 46.51600
 5 6 20 22 28 8561.50000 6.05500000 213.40000 41.66000 12.52000 46.51600
 5 6 20 22 28 8561.50000 6.05500000 213.51000 41.60000 12.52000 46.51600
 5 6 20 22 29 8564.40000 6.05500000 213.49000 41.66000 12.52000 46.51600
 5 6 20 22 29 8563.60000 6.05500000 213.49000 41.66000 12.52000 46.51600
 5 6 20 22 30 8558.90000 6.05500000 213.35000 41.66000 12.52000 46.51600
 5 6 20 22 30 8560.70000 6.05500000 213.35000 41.66000 12.52000 46.79700
 5 6 20 22 31 8560.60000 6.05500000 212.91000 41.66000 12.52000 46.79700
 5 6 20 22 31 8561.30000 6.05500000 212.91000 41.65000 12.52000 46.79700
 5 6 20 22 32 8558.50000 6.05500000 212.70000 41.65000 12.52000 46.51600
 5 6 20 22 32 8557.70000 6.05500000 212.70000 41.65000 12.52000 46.79700
 5 6 20 22 33 8562.80000 6.05500000 212.68000 41.65000 12.52000 46.79700
 5 6 20 22 33 8565.30000 6.05500000 212.68000 41.65000 12.52000 46.79700
 5 6 20 22 34 8569.10000 6.05500000 212.99000 41.65000 12.52000 46.79700
 5 6 20 22 34 8568.30000 6.05500000 212.83000 41.65000 12.52000 46.79700
 5 6 20 22 35 8564.90000 6.05500000 212.83000 41.64000 12.52000 46.51600
 5 6 20 22 35 8567.40000 6.05500000 212.83000 41.64000 12.45000 46.79700
 5 6 20 22 36 8570.90000 6.05500000 212.83000 41.64000 12.52000 46.79700
 5 6 20 22 36 8571.30000 6.05500000 213.25000 41.64000 12.52000 46.79700
 5 6 20 22 37 8574.00000 6.05500000 213.26000 41.64000 12.52000 46.51600
 5 6 20 22 37 8574.10000 6.05500000 213.25000 41.64000 12.52000 46.79700
 5 6 20 22 38 8574.10000 6.05500000 213.26000 41.64000 12.52000 46.79700
 5 6 20 22 38 8574.10000 6.05500000 213.26000 41.69000 12.52000 46.79700
 5 6 20 22 39 8574.10000 6.05500000 213.10000 41.69000 12.45000 46.79700
 5 6 20 22 39 8574.00000 6.05500000 213.20000 41.69000 12.52000 46.79700
 5 6 20 22 39 8574.00000 6.05500000 213.10000 41.69000 12.52000 46.79700
 5 6 20 22 40 8576.90000 6.05500000 213.10000 41.69000 12.45000 46.79700
 5 6 20 22 40 8580.00000 6.05500000 213.42000 41.69000 12.52000 46.51600
 5 6 20 22 41 8576.50000 6.05500000 213.45000 41.73000 12.52000 46.51600
 5 6 20 22 41 8579.60000 6.05500000 213.37000 41.67000 12.52000 46.79700
 5 6 20 22 42 8572.60000 6.05500000 213.37000 41.67000 12.52000 46.79700
 5 6 20 22 42 8578.50000 6.05500000 213.49000 41.67000 12.52000 46.79700
 5 6 20 22 43 8578.40000 6.05500000 213.61000 41.67000 12.52000 46.79700
 5 6 20 22 43 8579.70000 6.05500000 213.49000 41.67000 12.52000 46.79700
 5 6 20 22 44 8576.00000 6.05500000 213.51000 41.67000 12.52000 46.79700
 5 6 20 22 44 8575.50000 6.05500000 213.51000 41.67000 12.52000 46.79700
 5 6 20 22 45 8575.60000 6.05500000 213.51000 41.67000 12.52000 46.79700
 5 6 20 22 45 8575.60000 6.05500000 213.57000 41.67000 12.52000 46.79700
 5 6 20 22 45 8575.30000 6.05500000 213.57000 41.70000 12.52000 46.79700
 5 6 20 22 46 8571.40000 6.05500000 213.56000 41.70000 12.52000 46.79700
 5 6 20 22 46 8571.20000 6.05500000 213.29000 41.70000 12.52000 46.79700
 5 6 20 22 47 8572.00000 6.05500000 213.26000 41.71000 12.52000 46.79700
 5 6 20 22 47 8575.00000 6.05500000 213.26000 41.71000 12.52000 46.79700
 5 6 20 22 48 8574.00000 6.05500000 213.26000 41.71000 12.52000 46.79700
 5 6 20 22 48 8575.60000 6.05500000 213.26000 41.71000 12.52000 46.79700
 5 6 20 22 49 8575.60000 6.05500000 213.54000 41.73000 12.52000 46.79700
 5 6 20 22 49 8575.50000 6.05500000 213.54000 41.73000 12.52000 46.79700
 5 6 20 22 50 8575.60000 6.05500000 213.50000 41.73000 12.52000 46.79700
 5 6 20 22 50 8575.60000 6.05500000 213.50000 41.73000 12.52000 46.79700
 5 6 20 22 51 8578.90000 6.05500000 213.50000 41.73000 12.52000 46.79700
 5 6 20 22 51 8579.90000 6.05500000 213.68000 41.73000 12.52000 46.79700
 5 6 20 22 51 8579.90000 6.05500000 213.68000 41.73000 12.52000 46.79700
 5 6 20 22 52 8584.60000 6.05500000 213.70000 41.73000 12.52000 46.79700
 5 6 20 22 52 8583.30000 6.05500000 213.70000 41.73000 12.52000 46.79700
 5 6 20 22 53 8580.00000 6.05500000 213.53000 41.67000 12.52000 46.79700
 5 6 20 22 53 8584.60000 6.05500000 213.71000 41.73000 12.52000 46.79700
 5 6 20 22 54 8583.00000 6.05500000 213.71000 41.75000 12.52000 47.05900
 5 6 20 22 54 8584.60000 6.05500000 213.71000 41.75000 12.52000 47.05900
 5 6 20 22 55 8584.20000 6.05500000 213.71000 41.75000 12.52000 46.79700
 5 6 20 22 55 8585.00000 6.05500000 213.71000 41.75000 12.52000 47.05900
