M=[
14 10 20 12 50 9703.60000 4.87000000 324.37000 42.94000 12.14100 58.96600
14 10 20 12 51 9702.20000 4.87000000 324.37000 42.94000 12.14100 58.96600
14 10 20 12 51 9702.40000 4.87000000 324.50000 42.94000 12.14100 58.96600
14 10 20 12 51 9702.40000 4.87000000 324.50000 42.94000 12.14100 58.96600
14 10 20 12 52 9706.40000 4.87000000 324.50000 42.94000 12.14100 58.96600
14 10 20 12 52 9706.50000 4.87000000 324.51000 42.94000 12.14100 58.96600
14 10 20 12 53 9706.30000 4.87000000 324.51000 42.94000 12.14100 58.96600
14 10 20 12 53 9706.20000 4.87000000 324.51000 42.94000 12.14100 58.96600
14 10 20 12 54 9706.20000 4.87000000 324.51000 42.94000 12.14100 58.96600
14 10 20 12 54 9706.20000 4.87000000 324.51000 42.94000 12.14100 58.96600
14 10 20 12 54 9706.20000 4.87000000 324.51000 42.96000 12.14100 58.96600
14 10 20 12 55 9709.30000 4.87000000 324.79000 42.96000 12.14100 58.96600
14 10 20 12 55 9711.90000 4.87000000 324.79000 42.96000 12.14100 58.96600
14 10 20 12 56 9714.30000 4.87000000 324.79000 42.96000 12.14100 58.96600
14 10 20 12 56 9715.00000 4.87000000 324.79000 42.96000 12.19000 58.96600
14 10 20 12 57 9715.10000 4.87000000 324.79000 42.96000 12.19000 58.96600
14 10 20 12 57 9715.10000 4.84100000 324.79000 42.96000 12.19000 58.96600
14 10 20 12 57 9715.00000 4.84100000 324.79000 42.96000 12.19000 58.96600
14 10 20 12 58 9715.10000 4.84100000 324.79000 42.96000 12.19000 58.96600
14 10 20 12 58 9715.00000 4.84100000 324.79000 42.96000 12.19000 58.96600
14 10 20 12 59 9715.10000 4.84100000 324.79000 42.96000 12.19000 58.96600
14 10 20 12 59 9715.00000 4.84100000 324.83000 42.96000 12.19000 58.96600
14 10 20 13 00 9715.10000 4.84100000 324.93000 42.96000 12.19000 58.96600
14 10 20 13 00 9715.00000 4.84100000 324.95000 42.99000 12.19000 58.96600
14 10 20 13 00 9717.90000 4.84100000 324.96000 42.99000 12.19000 58.96600
14 10 20 13 01 9717.90000 4.84100000 324.97000 43.00000 12.19000 58.96600
14 10 20 13 01 9717.90000 4.84100000 324.97000 43.00000 12.19000 58.96600
14 10 20 13 02 9718.00000 4.84100000 324.97000 43.00000 12.19000 58.96600
14 10 20 13 02 9718.00000 4.84100000 324.67000 42.94000 12.19000 58.96600
14 10 20 13 03 9710.60000 4.84100000 324.67000 42.94000 12.19000 58.96600
14 10 20 13 03 9713.80000 4.84100000 324.62000 42.94000 12.19000 58.96600
14 10 20 13 03 9716.30000 4.84100000 324.62000 42.94000 12.19000 58.96600
14 10 20 13 04 9718.00000 4.84100000 324.62000 42.94000 12.19000 58.96600
14 10 20 13 04 9718.10000 4.84100000 324.62000 42.99000 12.19000 58.96600
14 10 20 13 05 9718.70000 4.84100000 324.81000 42.99000 12.19000 58.96600
14 10 20 13 05 9718.80000 4.84100000 324.81000 42.99000 12.19000 58.96600
14 10 20 13 06 9718.70000 4.84100000 324.81000 42.99000 12.19000 58.96600
14 10 20 13 06 9718.00000 4.84100000 324.81000 42.99000 12.19000 58.96600
14 10 20 13 06 9718.10000 4.84100000 324.81000 42.99000 12.19000 58.96600
14 10 20 13 07 9718.70000 4.84100000 324.81000 42.99000 12.19000 58.96600
14 10 20 13 07 9718.80000 4.84100000 324.81000 42.95000 12.19000 58.96600
14 10 20 13 08 9718.90000 4.84100000 324.86000 42.95000 12.19000 58.96600
14 10 20 13 08 9718.90000 4.84100000 324.89000 42.95000 12.19000 58.96600
14 10 20 13 09 9718.90000 4.84800000 324.89000 42.95000 12.19000 58.96600
14 10 20 13 09 9718.90000 4.84800000 324.90000 42.95000 12.19000 58.96600
14 10 20 13 09 9720.90000 4.84800000 324.90000 42.95000 12.19000 58.96600
14 10 20 13 10 9724.30000 4.84800000 324.90000 42.95000 12.19000 58.96600
14 10 20 13 10 9727.50000 4.84800000 324.90000 42.95000 12.19000 58.96600
14 10 20 13 11 9728.10000 4.84800000 324.98000 43.00000 12.19000 58.96600
14 10 20 13 11 9731.10000 4.84800000 324.98000 43.00000 12.19000 58.96600
14 10 20 13 12 9728.60000 4.84800000 325.02000 43.00000 12.19000 58.96600
14 10 20 13 12 9728.30000 4.84800000 325.03000 43.00000 12.19000 58.96600
14 10 20 13 12 9728.60000 4.84800000 325.03000 43.00000 12.19000 58.96600
14 10 20 13 13 9728.40000 4.84800000 325.03000 43.00000 12.19000 58.96600
14 10 20 13 13 9727.40000 4.84800000 325.03000 43.00000 12.19000 58.96600
14 10 20 13 14 9726.80000 4.84800000 325.03000 43.00000 12.19000 58.96600
14 10 20 13 14 9726.80000 4.84800000 325.03000 43.00000 12.19000 58.96600
14 10 20 13 15 9730.00000 4.84800000 325.25000 43.00000 12.19000 58.96600
14 10 20 13 15 9729.90000 4.84800000 325.60000 43.06000 12.19000 58.96600
14 10 20 13 15 9727.20000 4.84800000 325.44000 43.06000 12.19000 58.96600
14 10 20 13 16 9726.90000 4.84800000 325.29000 43.06000 12.19000 58.96600
14 10 20 13 16 9726.90000 4.84800000 325.21000 43.06000 12.19000 58.96600
14 10 20 13 17 9726.90000 4.84800000 325.21000 43.06000 12.19000 58.96600
14 10 20 13 17 9727.00000 4.84800000 325.21000 43.06000 12.19000 58.96600
14 10 20 13 18 9727.00000 4.84800000 325.04000 43.06000 12.19000 58.96600
14 10 20 13 18 9727.00000 4.84800000 325.04000 43.06000 12.19000 58.96600
14 10 20 13 18 9726.90000 4.84800000 325.04000 43.06000 12.19000 58.96600
14 10 20 13 19 9727.00000 4.84800000 325.04000 43.06000 12.19000 58.96600
14 10 20 13 19 9726.90000 4.84800000 325.03000 43.06000 12.19000 58.96600
14 10 20 13 20 9726.80000 4.84800000 325.03000 43.06000 12.19000 58.96600
14 10 20 13 20 9725.50000 4.84800000 325.03000 43.06000 12.19000 58.96600
14 10 20 13 20 9723.60000 4.85000000 325.03000 42.98000 12.19000 58.96600
14 10 20 13 21 9723.60000 4.85000000 325.03000 42.98000 12.19000 58.96600
14 10 20 13 21 9723.50000 4.85000000 325.03000 42.98000 12.19000 58.96600
14 10 20 13 22 9723.60000 4.85000000 325.03000 42.98000 12.19000 58.96600
14 10 20 13 22 9725.00000 4.85000000 325.04000 42.98000 12.19000 58.96600
14 10 20 13 23 9725.50000 4.85000000 325.04000 42.98000 12.19000 58.96600
14 10 20 13 23 9725.50000 4.85000000 325.04000 42.98000 12.19000 58.96600
14 10 20 13 23 9725.50000 4.85000000 325.04000 42.98000 12.19000 58.96600
14 10 20 13 24 9725.40000 4.85000000 325.08000 42.98000 12.19000 58.96600
14 10 20 13 24 9725.50000 4.85000000 325.12000 42.98000 12.19000 58.96600
14 10 20 13 25 9725.40000 4.85000000 325.13000 42.98000 12.19000 58.96600
14 10 20 13 25 9725.50000 4.85000000 325.13000 42.98000 12.19000 58.96600
14 10 20 13 26 9725.40000 4.85000000 325.13000 42.98000 12.19000 58.96600
14 10 20 13 26 9728.50000 4.85000000 325.22000 42.98000 12.19000 58.96600
14 10 20 13 26 9728.20000 4.85000000 325.22000 42.98000 12.19000 58.96600
14 10 20 13 27 9728.20000 4.85000000 325.19000 42.95000 12.19000 58.96600
14 10 20 13 27 9728.20000 4.85000000 325.19000 42.95000 12.19000 58.96600
14 10 20 13 28 9728.30000 4.85000000 325.19000 42.95000 12.19000 58.96600
14 10 20 13 28 9728.30000 4.85000000 325.19000 42.97000 12.19000 58.96600
14 10 20 13 29 9728.30000 4.85000000 325.19000 42.97000 12.19000 58.96600
14 10 20 13 29 9728.00000 4.85000000 325.19000 42.97000 12.19000 58.96600
14 10 20 13 29 9728.00000 4.85000000 325.04000 42.97000 12.19000 58.96600
14 10 20 13 30 9726.80000 4.85000000 325.05000 42.97000 12.19000 58.96600
14 10 20 13 30 9726.70000 4.85000000 325.05000 42.97000 12.19000 58.96600
14 10 20 13 31 9726.70000 4.85000000 325.05000 42.97000 12.19000 58.96600
14 10 20 13 31 9724.10000 4.85000000 325.05000 42.97000 12.19000 58.96600
14 10 20 13 32 9723.60000 4.85000000 325.04000 42.96000 12.19000 58.96600
14 10 20 13 32 9723.10000 4.85000000 325.03000 42.96000 12.19000 58.96600
14 10 20 13 32 9723.10000 4.85000000 325.03000 42.96000 12.19000 58.96600
14 10 20 13 33 9723.10000 4.85000000 325.03000 42.96000 12.19000 58.96600
14 10 20 13 33 9723.10000 4.85000000 325.03000 42.94000 12.19000 58.96600
14 10 20 13 34 9723.10000 4.85000000 325.03000 42.94000 12.19000 58.96600
14 10 20 13 34 9723.10000 4.85000000 325.03000 42.94000 12.19000 58.96600
14 10 20 13 35 9726.90000 4.85000000 325.20000 42.94000 12.19000 58.96600
14 10 20 13 35 9728.20000 4.85000000 325.27000 42.94000 12.19000 58.96600
14 10 20 13 35 9732.50000 4.85000000 325.42000 42.99000 12.19100 58.96600
14 10 20 13 36 9742.10000 4.85000000 325.99000 43.01000 12.19100 58.96600
