M=[
14 3 21 08 49 50179.00000 11.14100000 1566.15000 182.72000 26.33800 124.49100
14 3 21 08 49 50193.20000 11.14100000 1566.45000 182.72000 26.33800 124.49200
14 3 21 08 50 50192.20000 11.14100000 1566.45000 182.72000 26.33800 124.49200
14 3 21 08 50 50194.10000 11.14100000 1566.45000 182.72000 26.33800 124.49200
14 3 21 08 51 50176.00000 11.14100000 1566.44000 182.78000 26.33800 124.49200
14 3 21 08 51 50169.90000 11.14100000 1565.83000 182.78000 26.33800 124.49200
14 3 21 08 52 50164.90000 11.14100000 1565.43000 182.54000 26.33800 124.49200
14 3 21 08 52 50170.70000 11.14100000 1565.61000 182.79000 26.33800 124.49200
14 3 21 08 52 50192.60000 11.14100000 1566.44000 182.58000 26.33800 124.49200
14 3 21 08 53 50179.20000 11.11900000 1566.41000 182.58000 26.33800 124.49200
14 3 21 08 53 50183.40000 11.11900000 1566.45000 182.58000 26.33800 124.49200
14 3 21 08 54 50164.30000 11.11900000 1566.44000 182.78000 26.33800 124.69000
14 3 21 08 54 50178.40000 11.11900000 1566.42000 182.78000 26.26400 124.69000
14 3 21 08 55 50184.20000 11.11900000 1566.44000 182.78000 26.26400 124.69000
14 3 21 08 55 50194.20000 11.10700000 1567.22000 182.69000 26.26400 124.69000
14 3 21 08 55 50214.00000 11.13000000 1567.39000 182.80000 26.26400 124.69000
14 3 21 08 56 50214.10000 11.13000000 1567.39000 182.67000 26.26400 124.69000
14 3 21 08 56 50214.00000 11.13000000 1567.18000 182.67000 26.26400 124.69000
14 3 21 08 57 50199.90000 11.13000000 1567.15000 182.80000 26.26400 124.69000
14 3 21 08 57 50200.00000 11.13000000 1567.00000 182.80000 26.26400 124.69000
14 3 21 08 58 50206.30000 11.13000000 1567.32000 182.90000 26.26400 124.69000
14 3 21 08 58 50206.20000 11.13000000 1567.32000 182.90000 26.26400 124.69000
14 3 21 08 58 50215.00000 11.11700000 1567.92000 182.90000 26.26400 124.69000
14 3 21 08 59 50218.00000 11.11700000 1567.92000 182.73000 26.26400 124.69000
14 3 21 08 59 50219.90000 11.11700000 1567.92000 182.73000 26.26400 124.69000
14 3 21 09 00 50219.10000 11.11700000 1567.93000 182.80000 26.26400 124.69000
14 3 21 09 00 50228.30000 11.13100000 1567.44000 182.92000 26.26400 124.69000
14 3 21 09 01 50220.50000 11.13100000 1566.59000 182.92000 26.26400 124.69000
14 3 21 09 01 50220.50000 11.13100000 1567.10000 182.93000 26.26400 124.69000
14 3 21 09 01 50227.10000 11.13100000 1567.01000 183.15000 26.26400 124.69000
14 3 21 09 02 50220.70000 11.13100000 1567.00000 183.15000 26.26400 124.68400
14 3 21 09 02 50222.00000 11.13100000 1567.02000 183.03000 26.26400 124.68400
14 3 21 09 03 50215.00000 11.13100000 1567.28000 182.80000 26.26400 124.76400
14 3 21 09 03 50235.20000 11.13100000 1566.97000 182.80000 26.26400 124.76400
14 3 21 09 04 50248.00000 11.13100000 1567.31000 182.80000 26.26400 124.76400
14 3 21 09 04 50282.20000 11.13100000 1567.78000 183.16000 26.33800 124.76400
14 3 21 09 04 50294.30000 11.13100000 1567.78000 183.21000 26.33800 124.76400
14 3 21 09 05 50294.50000 11.13100000 1567.79000 183.21000 26.33800 124.76400
14 3 21 09 05 50299.90000 11.13100000 1569.39000 183.21000 26.33800 124.76400
14 3 21 09 06 50317.30000 11.13100000 1569.98000 183.30000 26.33800 124.76400
14 3 21 09 06 50344.40000 11.13100000 1571.82000 183.71000 26.33800 124.76400
14 3 21 09 07 50346.10000 11.13100000 1571.64000 183.56000 26.33800 124.76400
14 3 21 09 07 50348.00000 11.13100000 1572.49000 183.52000 26.33800 124.76400
14 3 21 09 07 50348.00000 11.13100000 1573.21000 183.53000 26.33800 124.76400
14 3 21 09 08 50347.90000 11.13100000 1573.16000 183.55000 26.33800 124.76400
14 3 21 09 08 50352.90000 11.13100000 1573.16000 183.57000 26.33800 124.76400
14 3 21 09 09 50373.40000 11.13100000 1572.82000 183.57000 26.33800 124.76400
14 3 21 09 09 50360.00000 11.11800000 1573.18000 183.65000 26.33800 124.76400
14 3 21 09 10 50400.00000 11.11800000 1573.79000 183.83000 26.33800 124.76400
14 3 21 09 10 50399.90000 11.11800000 1573.81000 183.85000 26.33800 124.76400
14 3 21 09 10 50400.00000 11.11800000 1573.80000 183.84000 26.33800 124.76400
14 3 21 09 11 50408.40000 11.11800000 1573.58000 183.83000 26.33800 124.76400
14 3 21 09 11 50408.40000 11.11800000 1573.79000 184.01000 26.33800 124.76400
14 3 21 09 12 50408.40000 11.11800000 1573.79000 184.07000 26.33800 124.76400
14 3 21 09 12 50408.30000 11.11800000 1573.79000 183.98000 26.33800 124.76400
14 3 21 09 13 50411.90000 11.11800000 1573.80000 183.82000 26.33800 124.76400
14 3 21 09 13 50413.50000 11.11800000 1573.79000 183.77000 26.33800 124.76400
14 3 21 09 13 50408.20000 11.11800000 1573.80000 183.77000 26.33800 125.15900
14 3 21 09 14 50419.90000 11.17300000 1574.63000 183.92000 26.33800 125.15900
14 3 21 09 14 50447.80000 11.17300000 1575.00000 184.03000 26.33800 125.15900
14 3 21 09 15 50422.30000 11.17300000 1574.13000 183.90000 26.33000 125.15900
14 3 21 09 15 50422.40000 11.17300000 1573.33000 184.13000 26.33000 125.15900
14 3 21 09 16 50411.40000 11.19000000 1574.28000 183.98000 26.33000 125.41300
14 3 21 09 16 50435.00000 11.19000000 1575.69000 184.13000 26.33000 125.41300
14 3 21 09 16 50446.00000 11.19000000 1575.85000 184.07000 26.33000 125.41300
14 3 21 09 17 50448.90000 11.19000000 1576.43000 184.07000 26.33800 125.41300
14 3 21 09 17 50462.60000 11.19000000 1576.29000 184.14000 26.33800 125.41300
14 3 21 09 18 50468.80000 11.19000000 1576.55000 184.19000 26.33800 125.41300
14 3 21 09 18 50426.60000 11.19000000 1575.81000 184.11000 26.33800 125.41300
14 3 21 09 18 50442.00000 11.19000000 1576.33000 184.23000 26.33800 125.41300
14 3 21 09 19 50444.60000 11.19000000 1576.38000 184.23000 26.33800 125.41300
14 3 21 09 19 50441.20000 11.19000000 1576.05000 184.23000 26.33800 125.41300
14 3 21 09 20 50431.10000 11.19000000 1575.69000 184.25000 26.34000 125.41300
14 3 21 09 20 50440.40000 11.19000000 1575.69000 184.25000 26.34000 125.41300
14 3 21 09 21 50445.90000 11.19000000 1575.74000 184.49000 26.34000 125.41300
14 3 21 09 21 50458.40000 11.19000000 1575.86000 184.42000 26.34000 125.41300
14 3 21 09 21 50460.00000 11.19000000 1575.92000 184.42000 26.34000 125.41300
14 3 21 09 22 50456.90000 11.19000000 1575.15000 184.42000 26.57500 125.41300
14 3 21 09 22 50462.80000 11.19000000 1575.75000 184.42000 26.57500 125.41300
14 3 21 09 23 50448.80000 11.19000000 1575.21000 184.79000 26.57500 125.41300
14 3 21 09 23 50440.30000 11.19000000 1575.19000 184.79000 26.57500 125.41300
14 3 21 09 24 50448.60000 11.19000000 1575.03000 184.79000 26.57500 125.62700
14 3 21 09 24 50426.10000 11.19000000 1575.34000 184.79000 26.57500 125.62700
14 3 21 09 24 50430.40000 11.20000000 1575.56000 184.75000 26.57500 125.62700
14 3 21 09 25 50436.80000 11.20000000 1575.76000 184.80000 26.57500 125.62700
14 3 21 09 25 50456.70000 11.20000000 1575.92000 184.80000 26.57500 125.62700
14 3 21 09 26 50468.80000 11.21700000 1575.92000 184.80000 26.57500 125.62700
14 3 21 09 26 50457.80000 11.21700000 1575.92000 184.80000 26.45000 125.62700
14 3 21 09 27 50458.30000 11.21700000 1575.93000 184.95000 26.45000 125.62700
14 3 21 09 27 50467.00000 11.21700000 1575.93000 184.77000 26.45000 125.64000
14 3 21 09 27 50451.70000 11.21700000 1575.92000 184.75000 26.45000 125.64000
14 3 21 09 28 50468.70000 11.21700000 1575.93000 184.75000 26.45000 125.72500
14 3 21 09 28 50463.40000 11.21700000 1575.93000 184.70000 26.45000 125.72500
14 3 21 09 29 50463.10000 11.21700000 1575.92000 184.73000 26.45000 125.72500
14 3 21 09 29 50487.00000 11.21700000 1575.93000 184.86000 26.45000 125.72500
14 3 21 09 30 50487.30000 11.28200000 1577.07000 184.99000 26.45000 126.06500
14 3 21 09 30 50516.00000 11.29100000 1578.16000 184.99000 26.45000 126.06500
14 3 21 09 30 50555.00000 11.29100000 1578.84000 185.15000 26.45000 126.06500
14 3 21 09 31 50555.70000 11.29100000 1579.01000 185.07000 26.45000 126.06500
14 3 21 09 31 50559.90000 11.29100000 1579.75000 185.32000 26.45000 126.06500
14 3 21 09 32 50575.90000 11.26900000 1580.64000 185.33000 26.45000 126.18600
14 3 21 09 32 50576.00000 11.26900000 1580.58000 185.38000 26.45000 126.18600
