M=[
10 3 21 04 47 45178.80000 10.01100000 1508.00000 164.19000 27.37700 111.92100
10 3 21 04 48 45211.40000 10.01100000 1508.04000 164.01000 27.37700 111.92100
10 3 21 04 48 45248.10000 10.01100000 1508.05000 164.01000 27.40400 111.92100
10 3 21 04 49 45198.30000 10.01100000 1507.19000 164.01000 27.70400 111.92100
10 3 21 04 49 45180.40000 10.01100000 1506.80000 163.82000 27.70400 111.92100
10 3 21 04 50 45180.40000 10.01100000 1506.51000 163.93000 27.70400 111.92100
10 3 21 04 50 45149.40000 10.01100000 1506.48000 163.93000 27.70400 111.92100
10 3 21 04 50 45160.00000 10.01100000 1506.47000 163.86000 27.70400 111.92100
10 3 21 04 51 45149.50000 10.01100000 1506.82000 163.75000 27.70400 111.92100
10 3 21 04 51 45210.30000 10.01100000 1508.02000 163.75000 27.98200 111.92100
10 3 21 04 52 45241.50000 10.01100000 1511.00000 163.75000 28.02000 111.92100
10 3 21 04 52 45250.00000 10.01100000 1511.50000 163.75000 27.71300 111.92100
10 3 21 04 53 45258.70000 10.01100000 1512.00000 163.75000 28.17000 111.92100
10 3 21 04 53 45257.60000 10.01100000 1512.87000 163.75000 28.17000 111.92100
10 3 21 04 53 45252.30000 10.04600000 1512.87000 164.35000 28.17100 111.92100
10 3 21 04 54 45255.60000 10.04900000 1512.87000 164.40000 28.17100 111.92100
10 3 21 04 54 45255.60000 10.04900000 1512.75000 164.40000 27.86200 111.92100
10 3 21 04 55 45255.60000 10.04900000 1512.73000 164.40000 27.86200 111.92100
10 3 21 04 55 45247.70000 10.07300000 1512.43000 164.40000 27.86200 111.92100
10 3 21 04 56 45255.50000 10.07300000 1513.01000 164.23000 27.65800 111.92100
10 3 21 04 56 45255.60000 10.07300000 1513.89000 164.21000 27.72500 111.92100
10 3 21 04 56 45253.40000 10.07300000 1513.01000 164.10000 27.60000 111.92100
10 3 21 04 57 45246.00000 10.07300000 1513.01000 164.10000 27.70900 111.92100
10 3 21 04 57 45246.10000 10.07300000 1513.01000 164.10000 27.70900 111.92100
10 3 21 04 58 45255.00000 10.07300000 1512.62000 164.10000 27.70900 111.92100
10 3 21 04 58 45309.90000 10.07300000 1514.22000 164.10000 27.70900 111.92100
10 3 21 04 59 45368.30000 10.07300000 1515.02000 164.10000 27.70900 111.92100
10 3 21 04 59 45327.00000 10.07300000 1514.09000 164.10000 27.70900 111.92100
10 3 21 04 59 45271.40000 10.07300000 1513.40000 164.10000 27.70900 111.92100
10 3 21 05 00 45273.60000 10.07300000 1512.62000 164.04000 27.70900 111.92100
10 3 21 05 00 45268.50000 10.07300000 1512.54000 164.10000 27.70900 111.92100
10 3 21 05 01 45258.10000 10.07300000 1512.29000 164.10000 27.70900 111.92100
10 3 21 05 01 45246.00000 10.07300000 1511.49000 163.99000 27.70900 111.92100
10 3 21 05 02 45211.20000 10.07300000 1511.82000 163.99000 27.70900 111.92100
10 3 21 05 02 45201.00000 10.02000000 1512.00000 163.98000 27.59200 111.98100
10 3 21 05 02 45211.20000 10.02000000 1512.33000 163.98000 27.59200 111.98100
10 3 21 05 03 45200.00000 10.02000000 1512.33000 163.98000 27.59200 111.98100
10 3 21 05 03 45200.00000 10.02000000 1512.33000 163.69000 27.59200 111.98100
10 3 21 05 04 45180.50000 10.02000000 1511.37000 164.02000 27.48900 111.98100
10 3 21 05 04 45219.50000 10.02000000 1511.37000 164.02000 27.48900 111.98100
10 3 21 05 05 45197.60000 10.02000000 1511.37000 164.02000 27.48900 111.98100
10 3 21 05 05 45157.10000 10.02000000 1511.40000 164.02000 27.48900 111.98100
10 3 21 05 05 45156.10000 10.02000000 1511.87000 164.02000 27.48900 111.98100
10 3 21 05 06 45122.40000 10.02000000 1510.87000 163.51000 27.40300 111.98100
10 3 21 05 06 45139.70000 10.02000000 1511.27000 163.51000 27.40300 111.98100
10 3 21 05 07 45137.40000 10.02000000 1511.04000 163.51000 27.40300 111.98100
10 3 21 05 07 45115.50000 10.02000000 1511.13000 163.51000 27.40300 111.98100
10 3 21 05 08 45101.00000 10.02000000 1511.10000 163.51000 27.40300 111.98100
10 3 21 05 08 45052.80000 10.02000000 1510.35000 163.56000 27.36300 111.98100
10 3 21 05 08 45025.00000 10.02000000 1509.51000 163.56000 27.36300 111.98100
10 3 21 05 09 45000.00000 10.02000000 1509.35000 163.16000 27.36300 111.98100
10 3 21 05 09 44973.50000 10.02000000 1506.46000 162.99000 27.25300 111.98100
10 3 21 05 10 44973.50000 10.02000000 1509.34000 162.99000 27.25300 111.98100
10 3 21 05 10 44976.90000 10.02000000 1510.17000 162.99000 27.24800 111.98100
10 3 21 05 11 45000.00000 10.02000000 1508.88000 162.99000 27.24800 111.98100
10 3 21 05 11 45000.00000 10.02000000 1510.27000 163.27000 27.24800 111.98100
10 3 21 05 11 45004.00000 10.02000000 1510.35000 163.09000 27.24800 111.98100
10 3 21 05 12 44957.50000 10.02000000 1508.78000 162.81000 27.24800 111.28500
10 3 21 05 12 44956.80000 10.02000000 1508.65000 162.96000 27.24800 111.28500
10 3 21 05 13 44962.00000 10.02000000 1508.59000 162.89000 27.24800 111.28500
10 3 21 05 13 44889.00000 10.02000000 1507.46000 162.79000 27.09200 111.28500
10 3 21 05 13 44805.50000 10.02000000 1507.56000 162.65000 27.02800 111.28500
10 3 21 05 14 44850.60000 10.02000000 1509.65000 162.72000 27.02800 111.28500
10 3 21 05 14 44912.20000 10.02000000 1511.00000 163.14000 27.02800 111.28500
10 3 21 05 15 44937.90000 10.02000000 1512.69000 163.14000 27.02800 111.28500
10 3 21 05 15 44937.90000 10.02000000 1512.86000 163.14000 27.02800 111.28500
10 3 21 05 16 44980.90000 10.02000000 1515.57000 163.14000 27.02800 111.28500
10 3 21 05 16 45020.70000 10.02000000 1515.43000 163.14000 27.02800 111.28500
10 3 21 05 16 45014.60000 10.02000000 1515.36000 163.69000 27.02800 111.28500
10 3 21 05 17 44981.40000 10.02000000 1514.60000 163.54000 27.02800 111.28500
10 3 21 05 17 44999.90000 10.02000000 1513.93000 163.62000 27.02800 111.28500
10 3 21 05 18 45030.00000 10.02000000 1514.43000 163.62000 27.02800 111.28500
10 3 21 05 18 45075.60000 10.02000000 1516.10000 163.62000 27.02800 111.28500
10 3 21 05 19 45092.90000 10.02000000 1516.90000 163.62000 27.02800 111.28500
10 3 21 05 19 45067.00000 10.02000000 1516.90000 163.62000 27.02800 111.28500
10 3 21 05 19 45067.00000 10.02000000 1517.28000 163.62000 27.02800 111.28500
10 3 21 05 20 45040.00000 10.02000000 1517.20000 163.69000 27.02800 111.47300
10 3 21 05 20 45047.30000 10.02000000 1517.20000 163.69000 27.02800 111.47300
10 3 21 05 21 45057.00000 10.02000000 1517.20000 163.55000 27.02800 111.47300
10 3 21 05 21 45111.80000 10.02000000 1515.40000 163.55000 27.02800 111.54000
10 3 21 05 22 45157.00000 10.02000000 1517.80000 163.55000 27.02800 111.54000
10 3 21 05 22 45196.30000 10.02000000 1518.36000 164.21000 27.02800 111.54000
10 3 21 05 22 45190.00000 10.02000000 1517.52000 164.21000 27.02800 111.54000
10 3 21 05 23 45145.50000 10.02000000 1517.52000 164.03000 27.02800 111.54000
10 3 21 05 23 45194.20000 10.04900000 1519.15000 164.11000 27.02800 111.65900
10 3 21 05 24 45189.80000 10.04900000 1520.14000 164.23000 27.02800 111.76300
10 3 21 05 24 45209.80000 10.04900000 1520.04000 164.37000 27.02800 111.76300
10 3 21 05 25 45190.00000 10.04900000 1520.32000 164.42000 27.02800 111.76300
10 3 21 05 25 45199.90000 10.04900000 1522.00000 164.42000 27.02800 111.76300
10 3 21 05 25 45200.10000 10.04900000 1522.90000 164.42000 27.02800 111.76300
10 3 21 05 26 45233.40000 10.04900000 1520.99000 164.48000 27.02800 111.76300
10 3 21 05 26 45250.50000 10.04900000 1522.35000 164.48000 27.02800 111.76300
10 3 21 05 27 45261.50000 10.04900000 1521.53000 164.60000 27.02800 111.76300
10 3 21 05 27 45233.50000 10.04900000 1521.04000 164.60000 27.02800 111.76300
10 3 21 05 28 45245.30000 10.04900000 1521.87000 164.59000 27.02800 111.93400
10 3 21 05 28 45247.30000 10.04900000 1521.75000 164.59000 27.02800 111.93400
10 3 21 05 28 45247.30000 10.04900000 1521.27000 164.59000 27.02800 111.93400
10 3 21 05 29 45247.30000 10.04900000 1519.67000 164.59000 27.02800 111.93400
10 3 21 05 29 45247.00000 10.04900000 1519.98000 164.59000 27.02800 111.93400
10 3 21 05 30 45238.20000 10.04900000 1519.11000 164.59000 27.02800 111.93400
10 3 21 05 30 45229.60000 10.04900000 1518.68000 164.59000 27.02800 111.93400
10 3 21 05 31 45200.00000 10.04900000 1518.07000 164.59000 27.02800 111.93400
