M=[
19 4 21 02 06 47738.50000 31.48000000 1882.35000 232.51000 37.95000 221.61900
19 4 21 02 07 47729.00000 31.48000000 1881.74000 232.51000 37.95000 221.61900
19 4 21 02 07 47733.00000 31.48000000 1882.00000 232.51000 37.95000 221.61900
19 4 21 02 07 47738.30000 31.48000000 1882.00000 232.31000 37.95000 221.61900
19 4 21 02 08 47758.50000 31.48000000 1881.99000 232.31000 37.95000 221.61900
19 4 21 02 08 47728.90000 31.48000000 1881.32000 231.92000 37.95000 220.65400
19 4 21 02 09 47698.50000 31.48000000 1880.16000 231.74000 37.95000 220.65400
19 4 21 02 09 47677.80000 31.26200000 1878.79000 231.74000 37.95000 220.65400
19 4 21 02 10 47677.80000 31.22200000 1877.91000 231.50000 37.95000 219.22900
19 4 21 02 10 47677.80000 31.22200000 1877.91000 231.50000 37.95000 219.22900
19 4 21 02 10 47616.50000 31.22200000 1879.07000 231.43000 37.95000 219.22900
19 4 21 02 11 47631.40000 31.24000000 1879.07000 231.43000 37.95000 219.22900
19 4 21 02 11 47627.90000 31.60900000 1878.42000 231.42000 37.95000 219.22900
19 4 21 02 12 47627.80000 31.60900000 1878.42000 231.42000 37.95000 219.22900
19 4 21 02 12 47627.80000 31.60900000 1878.82000 231.42000 37.95000 219.53200
19 4 21 02 13 47627.80000 31.36200000 1878.82000 231.42000 37.95000 219.53200
19 4 21 02 13 47627.80000 31.36200000 1878.83000 231.50000 37.95000 219.53200
19 4 21 02 13 47627.80000 31.36200000 1879.02000 231.50000 37.95000 219.53200
19 4 21 02 14 47627.90000 31.36200000 1880.25000 231.81000 37.95000 219.53200
19 4 21 02 14 47627.90000 31.36200000 1880.25000 231.81000 37.95000 219.53200
19 4 21 02 15 47627.90000 31.26800000 1877.61000 231.81000 37.95000 219.53200
19 4 21 02 15 47627.80000 31.26800000 1877.76000 230.75000 37.95000 219.53200
19 4 21 02 16 47574.70000 31.26800000 1877.76000 230.97000 37.95000 219.53200
19 4 21 02 16 47574.80000 31.26800000 1877.99000 230.97000 37.95000 219.53200
19 4 21 02 16 47574.70000 31.08600000 1877.99000 230.97000 37.95000 219.53200
19 4 21 02 17 47574.80000 31.08600000 1877.00000 230.58000 37.95000 219.53200
19 4 21 02 17 47563.30000 31.08600000 1877.00000 230.58000 37.95000 219.53200
19 4 21 02 18 47548.80000 31.08600000 1876.42000 230.38000 37.95000 219.53200
19 4 21 02 18 47548.80000 31.08600000 1875.26000 230.38000 37.95000 219.53200
19 4 21 02 19 47548.80000 31.08600000 1875.03000 230.38000 37.95000 219.53200
19 4 21 02 19 47548.80000 31.08600000 1876.07000 230.38000 37.95000 219.53200
19 4 21 02 19 47558.10000 31.08600000 1877.41000 230.38000 37.95000 219.53200
19 4 21 02 20 47577.90000 31.08600000 1878.00000 231.11000 37.95000 219.53200
19 4 21 02 20 47586.60000 31.08600000 1879.00000 231.18000 37.91000 219.53200
19 4 21 02 21 47602.00000 31.08600000 1878.45000 231.18000 37.91000 219.53200
19 4 21 02 21 47627.10000 31.08600000 1879.74000 231.40000 37.91000 219.53200
19 4 21 02 22 47606.80000 31.17800000 1880.15000 231.40000 37.91000 219.53200
19 4 21 02 22 47610.30000 31.17800000 1879.07000 231.05000 37.91000 219.53200
19 4 21 02 22 47615.60000 31.17800000 1879.63000 231.20000 37.91000 219.53200
19 4 21 02 23 47620.50000 31.07100000 1880.16000 231.20000 37.91000 219.53200
19 4 21 02 23 47662.50000 31.07100000 1880.25000 231.20000 37.91000 219.53200
19 4 21 02 24 47666.70000 31.07100000 1880.25000 231.20000 37.91000 219.53200
19 4 21 02 24 47642.50000 31.07100000 1880.25000 231.20000 37.91000 219.53200
19 4 21 02 25 47618.60000 31.07100000 1880.25000 231.20000 37.91000 219.53200
19 4 21 02 25 47618.60000 31.07100000 1880.25000 231.20000 37.91000 218.82700
19 4 21 02 25 47624.70000 31.07100000 1880.15000 230.95000 37.91000 218.82700
19 4 21 02 26 47644.80000 31.07100000 1880.25000 230.93000 37.91000 218.82700
19 4 21 02 26 47647.30000 31.07100000 1881.76000 231.08000 37.91000 218.82700
19 4 21 02 27 47660.90000 31.07100000 1882.05000 231.08000 37.91000 218.82700
19 4 21 02 27 47661.00000 31.07100000 1882.05000 231.08000 37.91000 218.82700
19 4 21 02 28 47680.00000 31.07100000 1882.04000 231.08000 37.91000 218.82700
19 4 21 02 28 47701.80000 31.07100000 1882.04000 231.08000 37.91000 218.82700
19 4 21 02 28 47701.90000 31.07100000 1882.04000 231.08000 37.91000 218.82700
19 4 21 02 29 47741.90000 31.07100000 1882.04000 231.08000 37.91000 218.82700
19 4 21 02 29 47741.90000 31.07100000 1884.88000 231.08000 37.91000 218.82700
19 4 21 02 30 47762.70000 31.07100000 1884.96000 231.46000 37.91000 218.82700
19 4 21 02 30 47749.40000 31.07100000 1885.22000 231.46000 37.91000 218.82700
19 4 21 02 31 47754.70000 31.07100000 1884.97000 231.46000 37.91000 218.82700
19 4 21 02 31 47754.60000 31.07100000 1884.95000 231.46000 37.91000 218.82700
19 4 21 02 31 47762.50000 31.07100000 1883.54000 231.31000 37.91000 218.82700
19 4 21 02 32 47763.10000 31.07100000 1883.75000 231.19000 37.91000 218.82700
19 4 21 02 32 47763.10000 31.07100000 1883.79000 231.29000 37.91000 218.82700
19 4 21 02 33 47763.20000 31.07100000 1883.80000 231.51000 37.91000 218.82700
19 4 21 02 33 47770.30000 31.07100000 1883.80000 231.51000 37.91000 218.82700
19 4 21 02 34 47863.60000 31.07100000 1886.44000 231.79000 37.91000 219.96300
19 4 21 02 34 47931.30000 31.54200000 1886.98000 232.81000 37.91000 219.96300
19 4 21 02 34 47960.00000 31.54200000 1886.97000 233.26000 37.91000 219.96300
19 4 21 02 35 48000.00000 31.55100000 1888.41000 233.36000 37.91000 219.96300
19 4 21 02 35 47992.60000 31.55100000 1887.73000 233.60000 37.91000 219.96300
19 4 21 02 36 47999.40000 31.49500000 1890.78000 233.55000 37.91000 219.96300
19 4 21 02 36 47971.00000 31.49500000 1890.47000 233.67000 37.91000 221.91300
19 4 21 02 37 47942.70000 31.49500000 1889.07000 233.67000 37.91000 221.91300
19 4 21 02 37 47942.70000 31.49500000 1889.37000 233.67000 37.91000 221.91300
19 4 21 02 37 47919.30000 31.49500000 1888.89000 233.15000 37.91000 221.91300
19 4 21 02 38 47901.70000 31.49500000 1887.94000 233.15000 37.91000 221.91300
19 4 21 02 38 47904.50000 31.49500000 1887.08000 233.15000 37.91000 221.91300
19 4 21 02 39 47921.50000 31.35400000 1888.51000 233.15000 37.91000 221.91300
19 4 21 02 39 47919.00000 31.35400000 1886.37000 233.15000 37.91000 221.91300
19 4 21 02 40 47963.00000 31.35400000 1887.28000 233.02000 37.91000 221.91300
19 4 21 02 40 47910.90000 31.35400000 1888.11000 233.33000 37.91000 221.91300
19 4 21 02 40 47910.90000 31.35400000 1888.11000 233.33000 37.91000 221.91300
19 4 21 02 41 47910.90000 31.35400000 1886.20000 232.85000 37.91000 221.91300
19 4 21 02 41 47910.90000 31.35400000 1886.75000 233.35000 37.91000 221.91300
19 4 21 02 42 47910.90000 31.35400000 1887.68000 233.35000 37.91000 221.91300
19 4 21 02 42 47913.20000 31.35400000 1887.69000 233.15000 37.91000 221.91300
19 4 21 02 43 47959.60000 31.35400000 1890.56000 233.56000 37.91000 221.91300
19 4 21 02 43 47957.00000 31.35400000 1890.56000 233.56000 37.91000 221.91300
19 4 21 02 43 47928.30000 31.35400000 1889.29000 233.56000 37.91000 221.91300
19 4 21 02 44 47928.30000 31.35400000 1888.17000 233.06000 37.91000 221.91300
19 4 21 02 44 47928.30000 31.35400000 1888.17000 233.24000 37.91000 221.91300
19 4 21 02 45 47928.30000 31.35400000 1888.17000 233.34000 37.91000 221.91300
19 4 21 02 45 47942.10000 31.35400000 1891.13000 233.42000 37.91000 221.91300
19 4 21 02 46 47942.00000 31.35400000 1889.88000 233.42000 37.91000 222.45100
19 4 21 02 46 47917.10000 31.35400000 1887.60000 233.42000 37.91000 222.38700
19 4 21 02 46 47840.50000 31.35400000 1887.60000 232.57000 37.91000 220.87500
19 4 21 02 47 47840.50000 31.35400000 1887.14000 232.57000 37.91000 220.87500
19 4 21 02 47 47813.40000 31.35400000 1887.14000 232.54000 37.91000 220.87500
19 4 21 02 48 47819.60000 31.35400000 1886.87000 232.81000 37.91000 220.87500
19 4 21 02 48 47850.10000 31.35400000 1886.87000 232.87000 37.91000 220.87500
19 4 21 02 49 47884.90000 31.35400000 1889.82000 232.94000 37.91000 220.87500
19 4 21 02 49 47916.60000 31.35400000 1892.13000 233.01000 37.91000 220.87500
19 4 21 02 49 47890.20000 31.35400000 1892.13000 232.80000 37.91000 220.87500
