M=[
 9 7 20 05 12 8333.50000 5.68000000 216.39000 39.71000 17.33900 49.91400
 9 7 20 05 13 8281.00000 5.68000000 216.61000 39.71000 17.59600 50.45800
 9 7 20 05 13 8272.40000 5.68000000 216.38000 39.71000 17.33900 50.11100
 9 7 20 05 13 8272.30000 5.68000000 216.61000 39.71000 17.33900 50.45800
 9 7 20 05 13 8281.50000 5.68000000 216.35000 39.71000 17.59600 50.45800
 9 7 20 05 14 8281.50000 5.68000000 216.44000 39.71000 17.34900 50.45800
 9 7 20 05 14 8281.50000 5.76500000 216.44000 39.71000 17.33900 50.45800
 9 7 20 05 15 8281.60000 5.68000000 216.44000 39.71000 17.33900 50.45800
 9 7 20 05 15 8281.40000 5.76500000 216.40000 39.71000 17.33000 50.39000
 9 7 20 05 16 8281.50000 5.71800000 216.44000 39.71000 17.84700 50.45800
 9 7 20 05 16 8281.50000 5.68400000 216.45000 39.71000 17.33900 50.45800
 9 7 20 05 17 8280.20000 5.71800000 216.61000 39.71000 17.33900 50.39000
 9 7 20 05 17 8282.80000 5.71800000 216.61000 39.71000 17.33900 50.56000
 9 7 20 05 18 8281.70000 5.71800000 216.61000 39.71000 17.33900 50.56000
 9 7 20 05 18 8282.90000 5.71800000 216.61000 39.71000 17.37100 50.32700
 9 7 20 05 19 8282.80000 5.71800000 216.67000 39.71000 17.59600 50.45800
 9 7 20 05 19 8282.80000 5.71800000 216.67000 39.71000 17.37100 50.56000
 9 7 20 05 20 8282.90000 5.71800000 216.63000 39.64000 17.37100 50.56000
 9 7 20 05 20 8282.90000 5.71800000 216.50000 40.13000 17.37100 50.56000
 9 7 20 05 21 8282.80000 5.71800000 216.45000 39.72000 17.37100 50.53000
 9 7 20 05 22 8282.90000 5.71800000 216.51000 39.72000 17.37100 50.56000
 9 7 20 05 22 8282.90000 5.71800000 216.52000 39.72000 17.37100 50.56000
 9 7 20 05 23 8282.80000 5.71800000 216.61000 39.70000 17.37100 50.56000
 9 7 20 05 23 8282.70000 5.69100000 216.44000 39.70000 17.37100 50.56000
 9 7 20 05 23 8282.70000 5.71800000 216.19000 39.70000 17.34900 50.56000
 9 7 20 05 24 8284.70000 5.68000000 216.44000 39.73000 17.37100 50.11100
 9 7 20 05 25 8284.60000 5.71800000 216.61000 39.73000 17.37100 50.56000
 9 7 20 05 25 8286.00000 5.71800000 216.61000 39.74000 17.37100 50.53000
 9 7 20 05 26 8284.60000 5.71800000 216.48000 39.74000 17.37100 50.50000
 9 7 20 05 25 8286.00000 5.71800000 216.47000 39.74000 17.33900 50.50000
 9 7 20 05 27 8286.00000 5.71800000 216.51000 39.70000 17.37100 50.50000
 9 7 20 05 26 8286.00000 5.71800000 216.46000 39.74000 17.37100 50.50000
 9 7 20 05 27 8286.00000 5.68000000 216.52000 39.74000 17.37100 50.42400
 9 7 20 05 27 8286.70000 5.71800000 216.52000 39.74000 17.37100 50.50000
 9 7 20 05 28 8286.90000 5.71800000 216.51000 39.78000 17.37100 50.53000
 9 7 20 05 28 8286.90000 5.71800000 216.44000 39.74000 17.37100 50.50000
 9 7 20 05 29 8286.90000 5.71800000 216.44000 39.72000 17.37100 50.56000
 9 7 20 05 29 8286.90000 5.69500000 216.40000 39.78000 17.46000 50.50000
 9 7 20 05 30 8275.90000 5.71800000 216.40000 39.78000 17.46000 50.53000
 9 7 20 05 31 8286.80000 5.71800000 216.25000 39.78000 17.46000 50.50000
 9 7 20 05 31 8286.90000 5.71800000 216.25000 39.71000 17.46000 50.50000
 9 7 20 05 32 8286.90000 5.71800000 216.33000 39.71000 17.23400 50.39000
 9 7 20 05 32 8286.80000 5.76500000 216.33000 39.74000 17.46000 50.50000
 9 7 20 05 33 8286.90000 5.71800000 216.33000 39.71000 17.46000 50.50000
 9 7 20 05 33 8286.80000 5.71800000 216.21000 39.71000 17.46000 49.91400
 9 7 20 05 33 8286.80000 5.71800000 216.12000 39.71000 17.46000 50.56000
 9 7 20 05 34 8333.50000 5.76500000 216.12000 39.71000 17.46000 50.50000
 9 7 20 05 35 8286.80000 5.68000000 216.17000 39.70000 17.46000 50.50000
 9 7 20 05 34 8286.80000 5.71800000 216.16000 39.70000 17.46000 50.50000
 9 7 20 05 35 8286.90000 5.71800000 216.17000 39.73000 17.46000 50.56000
 9 7 20 05 35 8286.90000 5.71800000 216.16000 39.74000 17.46000 50.50000
 9 7 20 05 36 8286.00000 5.71800000 216.44000 39.70000 17.46000 50.50000
 9 7 20 05 36 8272.30000 5.71800000 216.17000 39.74000 17.46000 50.50000
 9 7 20 05 37 8281.40000 5.71800000 216.18000 39.73000 17.46000 50.50000
 9 7 20 05 37 8279.20000 5.71800000 216.20000 39.74000 17.46000 50.50000
 9 7 20 05 38 8278.80000 5.71800000 216.16000 40.13000 17.46000 50.50000
 9 7 20 05 38 8278.80000 5.71800000 216.19000 39.74000 17.46000 50.39000
 9 7 20 05 39 8272.30000 5.71800000 216.20000 39.74000 17.46000 50.50000
 9 7 20 05 39 8278.70000 5.71800000 216.20000 39.74000 17.46000 50.50000
 9 7 20 05 40 8275.90000 5.71800000 216.20000 39.74000 17.46000 50.50000
 9 7 20 05 40 8279.90000 5.71800000 216.20000 39.74000 17.46000 50.38000
 9 7 20 05 41 8333.50000 5.71800000 216.20000 39.74000 17.48100 50.50000
 9 7 20 05 41 8280.00000 5.71800000 216.20000 39.74000 17.33900 50.50000
 9 7 20 05 42 8282.90000 5.71800000 216.20000 39.74000 17.46000 50.50000
 9 7 20 05 42 8280.00000 5.71800000 216.19000 39.74000 17.48100 50.50000
 9 7 20 05 42 8333.50000 5.71800000 216.18000 39.76000 17.48100 50.50000
 9 7 20 05 43 8278.70000 5.71800000 216.20000 39.76000 17.48100 50.39000
 9 7 20 05 44 8278.70000 5.71800000 216.20000 39.76000 17.59600 50.50000
 9 7 20 05 44 8275.40000 5.71800000 216.20000 39.76000 17.48100 50.50000
 9 7 20 05 45 8276.80000 5.71800000 216.19000 39.76000 17.48100 50.50000
 9 7 20 05 46 8276.20000 5.71800000 216.20000 39.76000 17.46000 50.50000
 9 7 20 05 46 8276.20000 5.83000000 216.19000 39.73000 17.34900 50.38000
 9 7 20 05 46 8276.00000 5.71800000 216.37000 39.73000 17.48100 50.50000
 9 7 20 05 47 8277.70000 5.71800000 216.34000 39.73000 17.48000 50.50000
 9 7 20 05 47 8275.50000 5.68400000 216.20000 39.74000 17.48000 50.50000
 9 7 20 05 48 8275.50000 5.71800000 216.20000 39.74000 17.48000 50.50000
 9 7 20 05 49 8276.00000 5.71800000 216.22000 39.74000 17.48000 50.50000
 9 7 20 05 49 8276.20000 5.71800000 216.19000 39.74000 17.48100 50.50000
 9 7 20 05 49 8275.70000 5.71800000 216.19000 39.74000 17.34900 50.50000
 9 7 20 05 49 8280.00000 5.71800000 216.19000 39.74000 17.48000 50.50000
 9 7 20 05 50 8275.90000 5.71800000 216.20000 39.74000 17.59600 50.50000
 9 7 20 05 51 8278.00000 5.71800000 216.20000 39.74000 17.48000 50.50000
 9 7 20 05 51 8276.50000 5.71800000 216.20000 39.75000 17.48000 49.91400
 9 7 20 05 51 8277.60000 5.71800000 216.20000 39.77000 17.48000 50.50000
 9 7 20 05 52 8278.90000 5.71800000 216.49000 39.84000 17.34900 49.91400
 9 7 20 05 52 8278.90000 5.71800000 216.46000 39.82000 17.48000 50.50000
 9 7 20 05 53 8278.10000 5.71800000 216.44000 39.85000 17.48000 50.56000
 9 7 20 05 54 8277.70000 5.71800000 216.43000 39.85000 17.59600 50.50000
 9 7 20 05 55 8277.70000 5.71800000 216.43000 39.85000 17.48000 50.50000
 9 7 20 05 54 8277.70000 5.71800000 216.43000 39.85000 17.34900 50.50000
 9 7 20 05 55 8277.60000 5.71800000 216.40000 39.85000 17.84700 50.50000
 9 7 20 05 56 8277.70000 5.71800000 216.40000 39.85000 17.50600 50.50000
 9 7 20 05 56 8275.60000 5.71800000 216.40000 39.85000 17.35500 50.50000
 9 7 20 05 56 8275.60000 5.71800000 216.40000 39.85000 17.50600 50.50000
 9 7 20 05 57 8275.60000 5.74400000 216.31000 39.85000 17.50600 50.50000
 9 7 20 05 57 8275.60000 5.74400000 216.40000 39.85000 17.33900 50.50000
 9 7 20 05 58 8275.50000 5.74400000 216.31000 40.13000 17.50600 50.50000
 9 7 20 05 59 8275.60000 5.74400000 216.31000 39.85000 17.84700 50.50000
 9 7 20 05 59 8282.90000 5.71800000 216.31000 39.74000 17.50600 50.50000
 9 7 20 05 59 8274.60000 5.74400000 216.31000 39.85000 17.50600 50.50000
 9 7 20 05 59 8274.60000 5.74400000 216.19000 39.85000 17.50600 50.50000
 9 7 20 06 01 8272.70000 5.74400000 216.35000 39.85000 17.34900 50.50000
 9 7 20 06 01 8272.30000 5.74400000 216.07000 39.85000 17.23400 50.50000
 9 7 20 06 01 8278.00000 5.74400000 216.13000 39.85000 17.50600 50.38000
 9 7 20 06 02 8272.40000 5.76100000 216.09000 39.85000 17.50600 50.50000
 9 7 20 06 02 8272.30000 5.76100000 216.44000 39.85000 17.50600 50.50000
 9 7 20 06 03 8272.40000 5.74400000 216.28000 39.85000 17.50600 50.50000
 9 7 20 06 03 8272.40000 5.76100000 216.44000 39.85000 17.50600 50.56000
 9 7 20 06 03 8272.40000 5.68400000 216.43000 39.85000 17.50600 50.38000
