M=[
 5 7 21 17 09 28404.50000 45.57300000 1869.86000 116.29000 18.34200 94.98000
 5 7 21 17 09 28407.90000 45.57300000 1869.86000 116.29000 18.34200 94.98000
 5 7 21 17 10 28399.80000 45.57300000 1869.60000 116.29000 18.34200 94.98000
 5 7 21 17 10 28402.50000 45.57300000 1869.60000 116.29000 18.34200 94.98000
 5 7 21 17 10 28399.20000 45.57300000 1869.55000 116.29000 18.34200 94.98000
 5 7 21 17 11 28395.30000 45.57300000 1869.55000 116.29000 18.34200 94.98000
 5 7 21 17 11 28395.20000 45.57300000 1869.55000 116.14000 18.34200 94.98000
 5 7 21 17 12 28381.90000 45.59000000 1866.58000 116.14000 18.34200 94.98000
 5 7 21 17 12 28373.10000 45.59000000 1866.58000 116.14000 18.34200 94.98000
 5 7 21 17 13 28361.90000 45.59000000 1865.83000 116.09000 18.34200 94.98000
 5 7 21 17 13 28364.40000 45.59000000 1865.83000 116.07000 18.34200 94.98000
 5 7 21 17 13 28361.10000 45.59000000 1866.66000 116.05000 18.34200 94.98000
 5 7 21 17 14 28377.00000 45.55500000 1866.66000 116.05000 18.34200 94.98000
 5 7 21 17 14 28383.60000 45.55500000 1867.75000 116.05000 18.34200 94.98000
 5 7 21 17 15 28379.50000 45.55500000 1868.36000 116.05000 18.34200 94.98000
 5 7 21 17 15 28383.00000 45.55500000 1866.63000 116.05000 18.34200 94.98000
 5 7 21 17 16 28383.10000 45.55500000 1866.81000 116.10000 18.34200 94.98000
 5 7 21 17 16 28377.30000 45.55500000 1866.88000 116.05000 18.34200 94.98000
 5 7 21 17 16 28377.30000 45.55500000 1867.41000 116.05000 18.34200 94.98000
 5 7 21 17 17 28371.10000 45.55500000 1867.41000 116.05000 18.34200 94.98000
 5 7 21 17 17 28367.20000 45.55500000 1867.41000 116.05000 18.34200 94.98000
 5 7 21 17 18 28367.20000 45.55500000 1867.41000 116.09000 18.34200 94.98000
 5 7 21 17 18 28367.00000 45.55500000 1866.53000 116.09000 18.34200 94.98000
 5 7 21 17 19 28367.00000 45.55500000 1866.64000 116.09000 18.34200 94.98000
 5 7 21 17 19 28367.20000 45.55500000 1866.64000 116.09000 18.34200 94.98000
 5 7 21 17 19 28367.10000 45.55500000 1866.44000 116.09000 18.34200 94.98000
 5 7 21 17 20 28370.60000 45.55500000 1866.01000 116.02000 18.34200 94.98000
 5 7 21 17 20 28370.60000 45.55500000 1865.99000 116.02000 18.34200 95.00000
 5 7 21 17 21 28384.20000 45.55500000 1867.26000 116.13000 18.34200 95.00000
 5 7 21 17 21 28372.50000 45.55500000 1866.22000 116.13000 18.34200 95.00000
 5 7 21 17 22 28371.70000 45.55500000 1866.22000 116.13000 18.34200 95.00000
 5 7 21 17 22 28371.50000 45.55500000 1865.10000 116.00000 18.34200 95.00000
 5 7 21 17 22 28367.20000 45.55500000 1865.11000 116.00000 18.34200 95.00000
 5 7 21 17 23 28367.00000 45.55500000 1865.11000 116.00000 18.34200 95.00000
 5 7 21 17 23 28367.00000 45.55500000 1863.05000 116.00000 18.34200 95.00000
 5 7 21 17 24 28360.10000 45.55500000 1862.63000 115.77000 18.34200 94.90500
 5 7 21 17 24 28357.00000 45.55500000 1861.00000 115.77000 18.34200 94.90500
 5 7 21 17 25 28357.10000 45.55500000 1859.98000 115.73000 18.34200 94.77600
 5 7 21 17 25 28357.00000 45.55500000 1860.94000 115.74000 18.34200 94.77600
 5 7 21 17 26 28356.40000 45.55500000 1861.27000 115.72000 18.34200 94.77600
 5 7 21 17 26 28349.80000 45.55500000 1861.09000 115.79000 18.34200 94.77600
 5 7 21 17 26 28349.80000 45.55500000 1861.09000 115.79000 18.34200 94.77600
 5 7 21 17 27 28349.80000 45.55500000 1861.10000 115.79000 18.34200 94.77600
 5 7 21 17 27 28352.80000 45.55500000 1861.39000 115.72000 18.34200 94.77600
 5 7 21 17 28 28349.30000 45.55500000 1861.18000 115.74000 18.34200 94.71800
 5 7 21 17 28 28348.10000 45.55500000 1861.51000 115.74000 18.34200 94.71800
 5 7 21 17 29 28345.10000 45.55500000 1860.86000 115.74000 18.34200 94.71800
 5 7 21 17 29 28345.20000 45.54000000 1860.67000 115.74000 18.34200 94.71800
 5 7 21 17 29 28342.50000 45.54000000 1860.37000 115.74000 18.34200 94.71800
 5 7 21 17 30 28342.30000 45.54000000 1860.37000 115.74000 18.34200 94.71800
 5 7 21 17 30 28344.30000 45.54000000 1860.37000 115.74000 18.34200 94.71800
 5 7 21 17 31 28337.70000 45.54000000 1858.24000 115.74000 18.34200 94.71800
 5 7 21 17 31 28347.60000 45.54000000 1859.02000 115.74000 18.34200 94.71800
 5 7 21 17 32 28339.40000 45.54000000 1857.83000 115.74000 18.34200 94.71800
 5 7 21 17 32 28329.70000 45.54000000 1856.68000 115.61000 18.34200 94.71800
 5 7 21 17 32 28310.00000 45.54000000 1850.00000 115.61000 18.34200 94.71800
 5 7 21 17 33 28313.80000 45.54000000 1851.41000 115.45000 18.34200 94.71800
 5 7 21 17 33 28310.00000 45.54000000 1847.15000 115.45000 18.34200 94.58800
 5 7 21 17 34 28282.40000 45.35300000 1843.85000 115.45000 18.34200 94.24300
 5 7 21 17 34 28283.30000 45.35300000 1840.51000 115.45000 18.34200 94.24300
 5 7 21 17 35 28268.10000 45.35300000 1835.47000 115.45000 18.34200 94.24300
 5 7 21 17 35 28205.60000 45.22400000 1829.20000 114.58000 18.34200 94.24300
 5 7 21 17 35 28212.20000 45.22400000 1830.14000 114.82000 18.34200 94.24300
 5 7 21 17 36 28179.60000 45.05400000 1830.78000 114.69000 18.34200 94.24300
 5 7 21 17 36 28169.30000 45.05400000 1831.43000 114.69000 18.34200 94.24300
 5 7 21 17 37 28172.20000 45.05400000 1831.00000 114.55000 18.34200 94.24300
 5 7 21 17 37 28213.10000 45.05400000 1831.00000 114.55000 18.34200 94.24300
 5 7 21 17 38 28172.40000 45.05400000 1831.47000 114.75000 18.34200 94.24300
 5 7 21 17 38 28170.20000 45.05400000 1827.24000 114.75000 18.34200 94.24300
 5 7 21 17 38 28170.00000 45.05400000 1827.83000 114.75000 18.34200 94.24300
 5 7 21 17 39 28167.30000 45.05400000 1831.22000 114.75000 18.34200 94.24300
 5 7 21 17 39 28157.90000 45.05400000 1829.93000 114.50000 18.34200 94.24300
 5 7 21 17 40 28162.20000 45.04500000 1831.17000 114.50000 18.34200 93.81000
 5 7 21 17 40 28174.00000 45.04500000 1831.50000 114.69000 18.34200 93.81000
 5 7 21 17 41 28160.80000 45.04500000 1829.26000 114.69000 18.34200 93.81000
 5 7 21 17 41 28170.30000 45.04500000 1830.57000 114.64000 18.34200 93.81000
 5 7 21 17 41 28168.70000 45.04500000 1830.57000 114.64000 18.34200 93.80200
 5 7 21 17 42 28174.00000 45.04500000 1831.36000 114.54000 18.34200 93.80200
 5 7 21 17 42 28168.50000 45.06000000 1830.78000 114.68000 18.34200 93.80200
 5 7 21 17 43 28162.80000 45.06000000 1829.66000 114.68000 18.34200 93.65900
 5 7 21 17 43 28075.80000 45.06000000 1826.50000 114.29000 18.34200 93.65100
 5 7 21 17 44 27999.50000 44.90700000 1825.12000 114.09000 18.34200 93.50000
 5 7 21 17 44 28015.80000 44.90700000 1826.37000 114.13000 18.34200 93.50000
 5 7 21 17 44 27993.60000 44.90700000 1823.35000 113.99000 18.34200 93.40000
 5 7 21 17 45 28038.20000 44.90700000 1830.08000 114.27000 18.34200 93.47300
 5 7 21 17 45 28053.40000 44.90700000 1828.00000 114.39000 18.34200 93.47300
 5 7 21 17 46 28053.30000 45.00000000 1825.62000 114.39000 18.34200 93.47300
 5 7 21 17 46 28054.40000 45.00000000 1825.08000 114.39000 18.34200 93.47300
 5 7 21 17 47 28054.90000 45.00000000 1825.46000 114.39000 18.34200 93.65200
 5 7 21 17 47 28070.20000 45.00000000 1825.00000 114.55000 18.34200 93.65200
 5 7 21 17 48 28070.30000 45.00000000 1825.89000 114.55000 18.34200 93.65200
 5 7 21 17 48 28069.50000 45.00000000 1825.00000 114.55000 18.34200 93.65200
 5 7 21 17 48 28069.90000 45.00000000 1825.00000 114.55000 18.34200 93.65200
 5 7 21 17 49 28077.40000 45.00000000 1825.01000 114.55000 18.34200 93.92100
 5 7 21 17 49 28135.20000 45.00000000 1826.92000 114.55000 18.34200 93.92100
 5 7 21 17 50 28142.80000 45.00000000 1829.53000 114.92000 18.34200 94.28800
 5 7 21 17 50 28155.30000 45.00000000 1835.00000 115.31000 18.34200 94.28800
 5 7 21 17 51 28155.90000 45.39100000 1832.01000 115.31000 18.34200 94.28800
 5 7 21 17 51 28158.20000 45.39100000 1832.74000 115.14000 18.34200 94.28800
 5 7 21 17 51 28174.00000 45.38800000 1834.23000 115.15000 18.34200 94.28800
 5 7 21 17 52 28226.60000 45.37800000 1839.86000 115.42000 18.34200 94.28800
 5 7 21 17 52 28229.50000 45.37800000 1841.24000 115.42000 18.34200 94.28800
 5 7 21 17 53 28270.10000 45.37800000 1841.52000 115.42000 18.34200 94.28800
