M=[
18 6 21 16 35 30941.20000 44.34000000 1887.81000 133.41000 18.94100 113.05100
18 6 21 16 35 30929.40000 44.34000000 1886.40000 133.41000 18.94100 113.05100
18 6 21 16 35 30928.20000 44.34000000 1888.63000 133.41000 18.94100 113.05100
18 6 21 16 36 30912.90000 44.34000000 1889.37000 133.55000 18.94100 113.05100
18 6 21 16 36 30896.80000 44.34000000 1889.00000 133.50000 18.94100 113.05100
18 6 21 16 37 30917.40000 44.34000000 1889.84000 133.50000 18.94100 113.05100
18 6 21 16 37 30896.00000 44.34000000 1888.99000 133.50000 19.20900 113.05100
18 6 21 16 38 30874.10000 44.34000000 1885.51000 133.36000 19.20900 113.05100
18 6 21 16 38 30874.00000 44.34000000 1885.05000 133.37000 19.20900 113.05100
18 6 21 16 38 30856.10000 44.34000000 1885.01000 133.37000 19.20900 113.05100
18 6 21 16 39 30857.80000 44.34000000 1884.61000 133.37000 19.20900 113.05100
18 6 21 16 39 30856.10000 44.49700000 1883.48000 133.37000 19.20900 113.05100
18 6 21 16 40 30847.00000 44.49700000 1883.50000 133.37000 19.20900 113.05100
18 6 21 16 40 30840.10000 44.49700000 1885.85000 133.37000 18.83000 113.05100
18 6 21 16 41 30830.10000 44.49700000 1884.02000 133.37000 18.83000 113.05100
18 6 21 16 41 30835.30000 44.49700000 1883.24000 133.28000 18.83000 113.05100
18 6 21 16 41 30836.80000 44.49700000 1885.37000 133.28000 18.84300 113.05100
18 6 21 16 42 30846.30000 44.49700000 1884.85000 133.28000 18.84300 113.05100
18 6 21 16 42 30839.60000 44.52500000 1884.61000 133.28000 18.84300 113.05100
18 6 21 16 43 30847.30000 44.52500000 1885.63000 133.28000 18.84300 113.05100
18 6 21 16 43 30859.70000 44.52500000 1885.89000 133.36000 18.84300 113.05100
18 6 21 16 44 30850.20000 44.52500000 1885.29000 133.31000 18.76100 113.05100
18 6 21 16 44 30856.10000 44.71300000 1886.30000 133.31000 18.76100 112.84200
18 6 21 16 44 30891.60000 44.71300000 1888.42000 133.65000 18.76100 112.84200
18 6 21 16 45 30860.90000 44.71300000 1888.00000 133.49000 18.76100 112.84200
18 6 21 16 45 30880.70000 44.71300000 1888.10000 133.40000 18.76100 112.84200
18 6 21 16 46 30876.10000 44.67400000 1887.92000 133.40000 18.76100 112.84200
18 6 21 16 46 30867.00000 44.73100000 1887.87000 133.40000 18.76100 112.84200
18 6 21 16 47 30878.50000 44.73100000 1887.86000 133.40000 18.76100 112.84200
18 6 21 16 47 30875.40000 44.73100000 1888.00000 133.54000 18.76100 112.84200
18 6 21 16 47 30875.40000 44.73100000 1888.00000 133.54000 18.76100 112.84200
18 6 21 16 48 30881.00000 44.73100000 1889.35000 133.54000 18.76100 112.84200
18 6 21 16 48 30883.40000 44.73100000 1888.42000 133.54000 18.76100 112.84200
18 6 21 16 49 30875.40000 44.73100000 1888.42000 133.57000 18.76100 112.84200
18 6 21 16 49 30880.90000 44.59200000 1888.51000 133.49000 18.76100 112.84200
18 6 21 16 50 30923.30000 44.59700000 1889.06000 133.49000 18.76100 112.84200
18 6 21 16 50 30929.40000 44.59700000 1892.34000 133.76000 18.76100 112.84200
18 6 21 16 50 30938.20000 44.59700000 1893.08000 133.76000 18.76100 112.84200
18 6 21 16 51 30911.50000 44.59700000 1891.16000 133.76000 18.76100 112.84200
18 6 21 16 51 30920.40000 44.60200000 1891.14000 133.63000 18.76100 112.84200
18 6 21 16 52 30938.30000 44.60200000 1892.10000 133.63000 18.76100 112.84200
18 6 21 16 52 30935.60000 44.60200000 1892.04000 133.63000 18.76100 112.84200
18 6 21 16 53 30935.60000 44.60200000 1892.04000 133.58000 18.76100 112.84200
18 6 21 16 53 30935.50000 44.60200000 1890.94000 133.60000 18.76100 112.84200
18 6 21 16 53 30926.30000 44.60200000 1890.88000 133.65000 18.76100 112.84200
18 6 21 16 54 30917.00000 44.64000000 1890.86000 133.65000 18.76100 112.84200
18 6 21 16 54 30906.00000 44.64000000 1890.01000 133.66000 18.76100 112.84200
18 6 21 16 55 30906.10000 44.64000000 1890.01000 133.52000 18.76100 112.84200
18 6 21 16 55 30906.10000 44.64000000 1889.80000 133.51000 18.76100 113.23900
18 6 21 16 56 30875.50000 44.64000000 1888.01000 133.44000 18.76100 113.23900
18 6 21 16 56 30887.60000 44.64000000 1888.81000 133.44000 18.76100 113.23900
18 6 21 16 56 30893.60000 44.64000000 1889.02000 133.44000 18.76100 113.23900
18 6 21 16 57 30895.40000 44.60700000 1888.58000 133.44000 18.76100 113.23900
18 6 21 16 57 30900.60000 44.60700000 1889.05000 133.80000 18.76100 113.23900
18 6 21 16 58 30909.60000 44.60700000 1888.48000 134.18000 18.76100 113.23900
18 6 21 16 58 30887.30000 44.60700000 1888.01000 134.18000 18.76100 113.23900
18 6 21 16 59 30883.30000 44.60700000 1888.01000 133.79000 18.76100 113.23900
18 6 21 16 59 30861.10000 44.60700000 1885.58000 133.61000 18.76100 113.23900
18 6 21 16 59 30877.60000 44.60700000 1885.58000 133.93000 18.76100 113.23900
18 6 21 17 00 30856.70000 44.60700000 1885.52000 134.07000 18.76100 113.23900
18 6 21 17 00 30843.50000 44.60700000 1885.53000 133.82000 18.76100 113.23900
18 6 21 17 01 30783.00000 44.53000000 1885.00000 133.48000 18.76100 113.23900
18 6 21 17 01 30795.60000 44.53000000 1881.39000 133.48000 18.76100 113.23900
18 6 21 17 02 30783.70000 44.53000000 1878.46000 133.26000 18.76100 112.46800
18 6 21 17 02 30779.80000 44.53000000 1879.00000 133.23000 18.76100 112.46800
18 6 21 17 02 30770.20000 44.53000000 1879.00000 133.15000 18.76100 112.46800
18 6 21 17 03 30756.00000 44.53000000 1874.99000 133.07000 18.76100 112.46800
18 6 21 17 03 30756.00000 44.53000000 1875.00000 132.92000 18.76100 112.46800
18 6 21 17 04 30732.70000 44.53000000 1874.39000 132.78000 18.76100 112.46800
18 6 21 17 04 30706.90000 44.53000000 1872.95000 132.78000 18.76100 112.46800
18 6 21 17 05 30717.50000 44.53000000 1872.95000 132.78000 18.76100 112.46800
18 6 21 17 05 30712.50000 44.53000000 1873.33000 132.78000 18.76100 112.46800
18 6 21 17 05 30712.50000 44.53000000 1875.00000 132.83000 18.76100 112.46800
18 6 21 17 06 30720.10000 44.53000000 1874.25000 132.84000 18.76100 112.46800
18 6 21 17 06 30713.70000 44.53000000 1873.59000 132.83000 18.76100 112.46800
18 6 21 17 07 30726.80000 44.53000000 1873.94000 132.78000 18.76100 112.46800
18 6 21 17 07 30732.90000 44.53000000 1874.20000 132.78000 18.76100 112.46800
18 6 21 17 08 30754.50000 44.53000000 1874.99000 132.88000 18.76100 112.46800
18 6 21 17 08 30748.50000 44.53000000 1874.86000 132.88000 18.76100 112.46800
18 6 21 17 08 30768.10000 44.53000000 1874.86000 133.07000 18.76100 112.46800
18 6 21 17 09 30774.30000 44.53000000 1877.69000 133.16000 18.76100 112.46800
18 6 21 17 09 30788.50000 44.53000000 1877.37000 133.16000 18.76100 112.46800
18 6 21 17 10 30755.40000 44.53000000 1875.00000 133.16000 18.76100 112.46800
18 6 21 17 10 30742.60000 44.53000000 1873.59000 132.78000 18.76100 112.46800
18 6 21 17 11 30742.80000 44.53000000 1872.94000 132.50000 18.76100 112.46800
18 6 21 17 11 30727.10000 44.53000000 1871.01000 132.53000 18.76100 112.46800
18 6 21 17 12 30720.90000 44.53000000 1871.01000 132.50000 18.76100 112.46800
18 6 21 17 12 30710.00000 44.53000000 1870.00000 132.50000 18.76100 112.46800
18 6 21 17 12 30720.90000 44.53000000 1871.08000 132.72000 18.76100 112.46800
18 6 21 17 13 30696.00000 44.53000000 1869.75000 132.72000 18.76100 112.46800
18 6 21 17 13 30696.10000 44.53000000 1870.94000 132.72000 18.76100 112.46800
18 6 21 17 14 30720.80000 44.30500000 1870.57000 132.52000 18.76100 112.46800
18 6 21 17 14 30716.10000 44.35600000 1871.03000 132.52000 18.76100 112.46800
18 6 21 17 15 30700.10000 44.35600000 1870.60000 132.52000 18.76100 112.46800
18 6 21 17 15 30703.30000 44.35600000 1870.53000 132.52000 18.76100 112.46800
18 6 21 17 15 30677.00000 44.35600000 1870.12000 132.52000 18.76100 112.46800
18 6 21 17 16 30695.70000 44.35600000 1870.11000 132.50000 18.76100 112.46800
18 6 21 17 16 30685.20000 44.35600000 1869.40000 132.50000 18.76100 112.46800
18 6 21 17 17 30670.90000 44.35600000 1868.32000 132.50000 18.79000 112.46800
18 6 21 17 17 30692.90000 44.35600000 1867.96000 132.48000 18.79000 112.46800
18 6 21 17 18 30692.90000 44.35600000 1868.12000 132.54000 18.79000 112.46800
18 6 21 17 18 30692.90000 44.24100000 1871.50000 132.54000 18.79000 112.46800
