M=[
22 4 21 15 46 45293.50000 31.02400000 2151.80000 234.51000 34.67000 203.06600
22 4 21 15 47 45281.20000 31.00200000 2151.48000 234.77000 34.67000 203.06600
22 4 21 15 47 45293.20000 31.02800000 2151.43000 234.57000 34.67000 203.06600
22 4 21 15 48 45299.60000 31.02800000 2152.50000 234.90000 34.67000 203.06600
22 4 21 15 48 45299.60000 31.12700000 2153.98000 235.79000 34.67000 202.72200
22 4 21 15 48 45369.70000 31.05600000 2155.00000 235.79000 34.67000 202.72200
22 4 21 15 49 45356.30000 31.05500000 2155.27000 235.63000 34.67000 203.16500
22 4 21 15 49 45372.60000 31.00000000 2154.98000 235.71000 34.67000 203.16500
22 4 21 15 50 45396.60000 31.00000000 2155.82000 236.37000 34.67000 203.16500
22 4 21 15 50 45396.50000 31.00000000 2155.78000 236.48000 34.67000 203.16500
22 4 21 15 51 45396.60000 31.16600000 2156.97000 236.89000 34.67000 203.16500
22 4 21 15 51 45431.40000 31.16600000 2159.99000 237.20000 34.67000 202.65400
22 4 21 15 51 45431.40000 31.16600000 2159.99000 237.08000 34.67000 202.65400
22 4 21 15 52 45514.70000 31.28700000 2164.29000 237.63000 34.67000 202.65400
22 4 21 15 52 45535.90000 31.35700000 2166.54000 237.57000 34.67000 202.65400
22 4 21 15 53 45546.50000 31.35200000 2167.99000 237.56000 34.67000 202.65400
22 4 21 15 53 45545.10000 31.35200000 2167.15000 237.70000 34.67000 202.65400
22 4 21 15 54 45540.80000 31.35200000 2167.14000 237.68000 34.67000 202.65400
22 4 21 15 54 45500.00000 31.35200000 2167.12000 237.65000 34.67000 203.38600
22 4 21 15 54 45499.80000 31.20100000 2167.12000 237.53000 34.67000 203.38600
22 4 21 15 55 45500.00000 31.28400000 2169.99000 237.53000 34.67000 203.38600
22 4 21 15 55 45520.80000 31.32300000 2169.94000 237.62000 34.67000 203.38600
22 4 21 15 56 45541.20000 31.28000000 2170.00000 237.30000 34.67000 203.38600
22 4 21 15 56 45504.80000 31.28000000 2167.67000 236.92000 34.67000 203.38600
22 4 21 15 57 45464.60000 31.24600000 2168.41000 237.06000 34.67000 203.38600
22 4 21 15 57 45464.60000 31.33900000 2170.00000 236.99000 34.67000 203.38600
22 4 21 15 57 45493.80000 31.33900000 2170.00000 236.99000 34.85400 203.38600
22 4 21 15 58 45493.70000 31.33900000 2170.00000 236.91000 35.02800 203.38600
22 4 21 15 58 45499.10000 31.33900000 2169.56000 237.05000 35.02800 203.38600
22 4 21 15 59 45493.50000 31.27700000 2169.88000 236.87000 35.02800 203.38600
22 4 21 15 59 45499.00000 31.27700000 2170.00000 236.83000 35.02800 203.38600
22 4 21 16 00 45513.40000 31.27700000 2172.67000 237.37000 35.02800 203.38600
22 4 21 16 00 45540.40000 31.27700000 2177.21000 237.70000 35.02800 203.02600
22 4 21 16 00 45514.60000 31.27700000 2177.00000 238.18000 35.02800 203.02600
22 4 21 16 01 45522.50000 31.23800000 2178.22000 238.61000 35.02800 202.21900
22 4 21 16 01 45489.90000 31.23800000 2177.37000 238.90000 35.02800 202.21900
22 4 21 16 02 45409.80000 31.29200000 2173.72000 238.15000 35.02800 200.70100
22 4 21 16 02 45405.20000 31.29200000 2169.88000 237.47000 35.02800 200.21500
22 4 21 16 03 45481.10000 31.29200000 2175.99000 237.41000 35.02800 200.21500
22 4 21 16 03 45451.00000 31.35200000 2178.99000 237.78000 35.02800 200.16000
22 4 21 16 03 45531.30000 31.40500000 2183.59000 238.31000 35.02800 200.16000
22 4 21 16 04 45540.10000 31.45400000 2179.92000 237.85000 35.02800 200.16000
22 4 21 16 04 45473.50000 31.45400000 2174.14000 236.62000 35.02800 200.68000
22 4 21 16 05 45451.10000 31.45400000 2172.74000 236.52000 35.02800 202.21800
22 4 21 16 05 45440.20000 31.29400000 2170.61000 235.87000 35.02800 202.21800
22 4 21 16 06 45392.20000 31.15000000 2171.12000 235.90000 35.02800 202.21800
22 4 21 16 06 45422.50000 31.24000000 2174.07000 236.57000 35.02800 202.21800
22 4 21 16 06 45442.70000 31.24000000 2175.29000 236.57000 35.02800 202.21800
22 4 21 16 07 45476.80000 31.24000000 2177.99000 237.00000 35.02800 202.21800
22 4 21 16 07 45481.00000 31.29300000 2178.74000 236.46000 35.02800 203.60600
22 4 21 16 08 45484.20000 31.29300000 2177.89000 236.05000 35.38600 203.60600
22 4 21 16 08 45484.20000 31.16700000 2180.87000 236.57000 35.38600 204.43600
22 4 21 16 09 45490.40000 31.16700000 2180.89000 236.43000 35.38600 204.43600
22 4 21 16 09 45428.70000 31.16700000 2179.99000 236.43000 35.38600 204.43600
22 4 21 16 09 45428.30000 31.13500000 2178.00000 235.79000 35.38600 203.60700
22 4 21 16 10 45447.70000 31.13500000 2181.56000 236.05000 35.39000 203.60700
22 4 21 16 10 45445.70000 31.20100000 2181.15000 236.05000 35.39000 203.60800
22 4 21 16 11 45445.40000 31.20100000 2182.53000 235.47000 35.39000 203.60800
22 4 21 16 11 45445.40000 31.12900000 2183.78000 235.83000 35.39000 203.60700
22 4 21 16 12 45430.50000 31.12900000 2182.66000 235.24000 35.39000 203.60700
22 4 21 16 12 45430.10000 30.98200000 2182.55000 235.24000 35.39000 203.60700
22 4 21 16 12 45430.10000 30.98200000 2184.15000 235.30000 35.39000 203.60700
22 4 21 16 13 45431.30000 30.91600000 2183.90000 235.26000 35.39000 203.60700
22 4 21 16 13 45431.20000 30.89900000 2184.99000 235.45000 35.38600 202.98200
22 4 21 16 14 45431.30000 30.84300000 2185.00000 235.24000 35.58200 202.83700
22 4 21 16 14 45431.10000 30.80700000 2181.69000 235.23000 35.58200 202.83700
22 4 21 16 15 45431.10000 30.80700000 2180.00000 235.32000 35.58200 202.83700
22 4 21 16 15 45431.20000 30.80700000 2180.11000 235.32000 35.58200 202.83700
22 4 21 16 15 45431.20000 30.93500000 2182.98000 235.32000 35.58200 202.83700
22 4 21 16 16 45485.80000 30.93500000 2185.00000 235.88000 35.58200 202.83700
22 4 21 16 16 45496.20000 30.89400000 2184.40000 235.88000 35.58200 203.80700
22 4 21 16 17 45496.20000 30.89400000 2181.80000 235.44000 35.58200 203.80700
22 4 21 16 17 45460.50000 30.80800000 2178.87000 235.29000 35.58200 203.80700
22 4 21 16 18 45433.50000 30.84200000 2176.83000 235.28000 35.38600 203.45700
22 4 21 16 18 45458.40000 30.84200000 2180.63000 235.25000 35.38600 203.45700
22 4 21 16 19 45446.00000 30.81800000 2177.27000 235.08000 35.38600 203.45700
22 4 21 16 19 45445.50000 30.81800000 2178.02000 235.13000 35.38600 203.45700
22 4 21 16 19 45445.50000 30.68700000 2177.41000 234.72000 35.38600 203.45700
22 4 21 16 20 45481.80000 30.67700000 2181.87000 235.52000 35.38600 203.45700
22 4 21 16 20 45507.90000 30.67700000 2180.68000 235.37000 35.38600 203.45700
22 4 21 16 21 45527.50000 30.67700000 2181.39000 235.37000 35.38600 203.45700
22 4 21 16 21 45527.60000 30.78300000 2178.76000 235.57000 35.38600 203.45700
22 4 21 16 22 45530.50000 30.71100000 2178.69000 235.84000 35.38600 203.45700
22 4 21 16 22 45549.80000 30.62900000 2179.99000 236.42000 35.38600 204.65400
22 4 21 16 22 45563.70000 30.78300000 2182.00000 236.73000 35.38600 204.65400
22 4 21 16 23 45598.90000 30.88200000 2182.89000 236.96000 35.38600 204.65400
22 4 21 16 23 45645.40000 30.77000000 2183.81000 236.96000 35.38600 204.65400
22 4 21 16 24 45727.90000 30.73000000 2185.00000 237.63000 35.38600 204.65400
22 4 21 16 24 45818.90000 30.73000000 2189.99000 238.25000 35.38600 205.31400
22 4 21 16 25 45818.90000 30.77500000 2190.00000 237.88000 35.38600 204.71500
22 4 21 16 25 45819.00000 30.91300000 2192.99000 237.44000 35.38600 204.71500
22 4 21 16 25 45818.80000 31.02500000 2194.99000 237.20000 35.38600 205.16200
22 4 21 16 26 45765.20000 31.04800000 2192.08000 236.47000 35.38600 205.16200
22 4 21 16 26 45755.90000 31.04800000 2190.61000 236.47000 35.38600 205.16200
22 4 21 16 27 45789.00000 31.04800000 2192.48000 236.47000 35.38600 205.19500
22 4 21 16 27 45773.10000 30.97800000 2189.49000 236.47000 35.38600 205.01400
22 4 21 16 28 45741.20000 30.97800000 2189.04000 236.21000 35.38600 205.01400
22 4 21 16 28 45789.00000 30.97800000 2191.00000 236.21000 35.38600 204.95100
22 4 21 16 28 45789.00000 30.97800000 2192.88000 236.70000 35.38600 204.95100
22 4 21 16 29 45906.40000 31.03100000 2196.40000 237.13000 35.38600 204.95100
22 4 21 16 29 45860.80000 31.03100000 2197.44000 237.13000 35.38600 205.01500
22 4 21 16 30 45861.10000 31.03100000 2197.50000 238.16000 35.38600 205.27400
