M=[
20 5 21 08 31 32689.10000 56.14600000 2211.00000 171.28000 23.74300 144.02100
20 5 21 08 31 32611.60000 56.00200000 2204.98000 170.66000 23.74300 142.95200
20 5 21 08 32 32609.30000 55.84200000 2202.74000 170.42000 23.74300 142.58300
20 5 21 08 32 32581.10000 55.84200000 2200.62000 170.10000 23.63300 142.58300
20 5 21 08 33 32500.00000 55.33700000 2192.80000 169.74000 23.58300 142.58300
20 5 21 08 33 32538.40000 55.48600000 2194.41000 170.23000 23.58300 142.01000
20 5 21 08 34 32502.40000 55.37100000 2195.82000 170.22000 23.58300 142.00000
20 5 21 08 34 32536.60000 55.59300000 2205.56000 170.15000 23.58300 142.00000
20 5 21 08 34 32547.60000 55.60000000 2204.03000 171.31000 23.58300 142.00000
20 5 21 08 35 32529.30000 55.60000000 2206.21000 171.02000 23.58300 142.00000
20 5 21 08 35 32527.30000 55.58200000 2204.99000 170.65000 23.58300 141.65300
20 5 21 08 36 32509.00000 55.47600000 2202.89000 170.96000 23.58300 141.16900
20 5 21 08 36 32504.80000 55.47600000 2203.16000 170.67000 23.58300 141.46500
20 5 21 08 37 32430.30000 55.30000000 2195.07000 170.49000 23.58300 141.46500
20 5 21 08 37 32435.20000 55.05700000 2195.31000 169.88000 23.58300 141.16300
20 5 21 08 37 32449.90000 55.05700000 2194.06000 169.74000 23.58300 141.16300
20 5 21 08 38 32551.10000 55.18600000 2204.57000 170.32000 23.58300 141.40300
20 5 21 08 38 32580.90000 55.15300000 2207.25000 171.02000 23.58300 141.40300
20 5 21 08 39 32525.20000 55.38700000 2203.96000 171.10000 23.58300 141.91700
20 5 21 08 39 32544.00000 55.44900000 2205.19000 171.00000 23.58300 141.91700
20 5 21 08 40 32600.90000 55.59400000 2211.83000 172.23000 23.58300 141.91700
20 5 21 08 40 32625.00000 55.48300000 2213.43000 171.98000 23.58300 142.69800
20 5 21 08 40 32577.40000 55.37200000 2207.73000 171.42000 23.58300 142.12200
20 5 21 08 41 32599.80000 55.38000000 2213.11000 171.80000 23.58300 142.12200
20 5 21 08 41 32650.90000 55.46900000 2216.72000 172.00000 23.58300 142.12200
20 5 21 08 42 32652.30000 55.46900000 2216.84000 171.79000 23.58300 142.12200
20 5 21 08 42 32652.20000 55.46900000 2217.41000 171.79000 23.58300 142.12200
20 5 21 08 43 32672.40000 55.46900000 2220.00000 171.77000 23.58300 142.12200
20 5 21 08 43 32667.40000 55.46900000 2221.70000 171.36000 23.58300 142.12200
20 5 21 08 43 32667.30000 55.46900000 2220.72000 171.36000 23.87000 142.12200
20 5 21 08 44 32659.80000 55.59600000 2222.29000 171.76000 23.69400 142.72100
20 5 21 08 44 32650.00000 55.59600000 2219.52000 171.75000 23.69400 142.72100
20 5 21 08 45 32613.80000 55.59600000 2218.89000 171.31000 23.69400 142.36200
20 5 21 08 45 32629.50000 55.59600000 2222.29000 171.36000 23.69400 142.36200
20 5 21 08 46 32550.20000 55.59600000 2215.60000 170.95000 23.69400 142.36200
20 5 21 08 46 32500.00000 55.59600000 2209.86000 170.72000 23.69400 141.74500
20 5 21 08 46 32462.30000 54.90000000 2206.50000 169.82000 23.69400 141.74500
20 5 21 08 47 32474.20000 54.83100000 2204.19000 169.60000 23.69400 140.62200
20 5 21 08 47 32427.50000 54.60000000 2194.04000 168.95000 23.69400 140.62200
20 5 21 08 48 32494.60000 54.66400000 2196.90000 169.00000 23.69400 139.77700
20 5 21 08 48 32428.80000 54.46900000 2194.15000 169.16000 23.69400 140.83900
20 5 21 08 49 32417.80000 54.56300000 2192.53000 169.11000 23.69400 140.83900
20 5 21 08 49 32460.50000 54.75200000 2196.01000 169.63000 23.69400 140.99400
20 5 21 08 49 32458.70000 54.75200000 2195.99000 169.40000 23.56300 140.99400
20 5 21 08 50 32557.70000 55.00000000 2204.36000 170.41000 23.56300 140.99400
20 5 21 08 50 32525.20000 55.00000000 2199.76000 170.24000 23.56300 141.54600
20 5 21 08 51 32499.90000 55.00000000 2199.06000 170.25000 23.56300 141.54600
20 5 21 08 51 32521.60000 55.00000000 2199.17000 170.55000 23.56300 141.54600
20 5 21 08 52 32509.50000 55.00000000 2196.67000 170.55000 23.56300 141.54600
20 5 21 08 52 32539.50000 55.00000000 2196.64000 170.45000 23.84200 141.54600
20 5 21 08 52 32551.60000 55.00000000 2197.03000 170.88000 23.82400 141.54600
20 5 21 08 53 32592.80000 55.00000000 2200.27000 171.24000 23.82400 141.63100
20 5 21 08 53 32616.30000 55.25000000 2202.71000 171.24000 23.82400 141.63100
20 5 21 08 54 32634.10000 55.25000000 2207.86000 171.76000 23.62200 141.63100
20 5 21 08 54 32641.60000 55.25000000 2209.20000 172.15000 23.56800 142.06400
20 5 21 08 55 32631.90000 55.39400000 2208.47000 172.16000 23.56800 142.06400
20 5 21 08 55 32627.40000 55.39400000 2207.80000 172.22000 23.86200 142.06400
20 5 21 08 55 32633.70000 55.65000000 2206.16000 172.21000 23.86200 142.06400
20 5 21 08 56 32682.10000 55.73100000 2211.00000 172.46000 23.86200 142.06400
20 5 21 08 56 32750.10000 55.73100000 2215.62000 172.61000 23.86200 142.65300
20 5 21 08 57 32742.70000 55.81800000 2213.84000 172.37000 23.86200 142.65300
20 5 21 08 57 32707.60000 55.70000000 2210.95000 172.15000 23.86200 142.65300
20 5 21 08 58 32681.00000 55.52100000 2207.36000 172.00000 23.86200 142.00000
20 5 21 08 58 32703.30000 55.45600000 2210.03000 172.00000 23.86200 142.00000
20 5 21 08 58 32712.50000 55.45600000 2210.62000 171.83000 23.86200 142.00000
20 5 21 08 59 32749.20000 55.45600000 2217.61000 172.28000 23.86200 142.00000
20 5 21 08 59 32728.50000 55.70600000 2214.16000 172.27000 23.86200 142.00000
20 5 21 09 00 32747.40000 55.77500000 2213.87000 172.57000 23.86200 142.00000
20 5 21 09 00 32712.00000 55.77500000 2209.78000 172.32000 23.86200 142.00000
20 5 21 09 01 32707.40000 55.77500000 2208.00000 172.16000 23.86200 142.41600
20 5 21 09 01 32686.70000 55.54800000 2205.77000 172.51000 23.86200 142.41600
20 5 21 09 01 32664.90000 55.54800000 2204.70000 172.53000 23.86200 142.41600
20 5 21 09 02 32689.20000 55.35500000 2210.00000 172.71000 23.86200 142.41600
20 5 21 09 02 32760.10000 55.54100000 2217.38000 173.57000 23.86200 142.82600
20 5 21 09 03 32789.40000 55.73700000 2218.95000 173.92000 23.86200 143.41300
20 5 21 09 03 32774.00000 55.67000000 2219.96000 173.58000 23.86200 143.41300
20 5 21 09 04 32728.00000 55.74400000 2218.24000 173.41000 23.86200 143.41300
20 5 21 09 04 32706.10000 55.74400000 2213.05000 173.11000 23.86200 143.25100
20 5 21 09 04 32718.90000 55.74400000 2219.15000 172.82000 23.86200 143.25100
20 5 21 09 05 32691.60000 55.56100000 2214.79000 172.59000 23.86200 143.25100
20 5 21 09 05 32646.70000 55.56100000 2212.20000 172.08000 23.86200 143.25100
20 5 21 09 06 32642.90000 55.56100000 2210.79000 172.18000 23.86200 143.25100
20 5 21 09 06 32649.90000 55.37000000 2206.97000 172.26000 23.86200 143.25100
20 5 21 09 07 32567.80000 55.05700000 2201.01000 171.71000 23.86200 141.41100
20 5 21 09 07 32527.70000 55.05700000 2194.99000 171.40000 23.86200 140.94000
20 5 21 09 07 32543.20000 54.90000000 2197.38000 171.23000 23.86200 140.76800
20 5 21 09 08 32485.50000 54.90000000 2190.00000 170.94000 23.86200 140.70000
20 5 21 09 08 32504.90000 54.75800000 2187.04000 170.74000 23.86200 140.70000
20 5 21 09 09 32535.90000 54.93000000 2185.24000 171.29000 23.86200 140.68200
20 5 21 09 09 32465.80000 54.94800000 2178.71000 171.22000 23.84700 140.68200
20 5 21 09 10 32514.40000 54.94800000 2177.46000 170.86000 23.84700 140.68200
20 5 21 09 10 32531.80000 55.01900000 2183.47000 171.19000 23.84700 140.55000
20 5 21 09 10 32593.60000 55.32500000 2187.73000 172.43000 23.84700 141.65400
20 5 21 09 11 32570.80000 55.44200000 2186.51000 172.45000 23.84700 141.65400
20 5 21 09 11 32600.50000 55.44200000 2190.15000 172.71000 23.84700 142.21000
20 5 21 09 12 32613.40000 55.44200000 2191.69000 172.30000 23.84700 142.21000
20 5 21 09 12 32650.00000 55.61800000 2192.48000 172.76000 23.84700 142.21000
20 5 21 09 13 32672.00000 55.61800000 2196.07000 172.94000 23.84700 142.21000
20 5 21 09 13 32668.90000 55.61800000 2193.80000 173.04000 23.84700 142.21000
20 5 21 09 13 32603.90000 55.61800000 2186.51000 172.39000 23.84700 142.21000
20 5 21 09 14 32644.50000 55.61800000 2187.35000 172.04000 23.84700 142.21000
20 5 21 09 14 32616.60000 55.61800000 2185.94000 171.65000 23.84700 142.21000
