M=[
 9 3 21 07 24 45215.00000 10.05600000 1531.09000 165.20000 27.22800 110.53600
 9 3 21 07 24 45217.20000 10.05600000 1532.51000 165.24000 27.22800 110.38500
 9 3 21 07 25 45223.50000 10.05600000 1531.96000 165.32000 27.22800 110.46700
 9 3 21 07 25 45225.70000 10.05600000 1531.56000 165.32000 27.22800 110.46400
 9 3 21 07 26 45231.00000 10.05600000 1531.77000 165.27000 27.22800 110.46400
 9 3 21 07 26 45230.10000 10.05600000 1531.76000 165.27000 27.22800 110.46400
 9 3 21 07 27 45237.60000 10.05600000 1532.24000 165.31000 27.22800 110.46400
 9 3 21 07 27 45195.40000 10.05600000 1531.75000 165.29000 27.22800 110.60800
 9 3 21 07 27 45189.50000 10.05600000 1530.54000 165.10000 27.22800 110.60800
 9 3 21 07 28 45189.50000 10.05600000 1530.99000 164.93000 27.22800 110.48300
 9 3 21 07 28 45189.60000 10.05600000 1531.80000 165.12000 27.22800 110.48300
 9 3 21 07 29 45219.60000 10.05600000 1532.31000 165.18000 27.30000 110.48300
 9 3 21 07 29 45219.80000 10.05600000 1532.95000 165.32000 27.30000 110.48300
 9 3 21 07 30 45235.70000 10.05600000 1532.95000 165.31000 27.30000 110.48300
 9 3 21 07 30 45227.10000 10.05600000 1532.38000 165.33000 27.30000 110.48300
 9 3 21 07 30 45216.20000 10.05600000 1531.36000 165.33000 27.30000 110.48300
 9 3 21 07 31 45200.00000 10.09700000 1530.01000 165.16000 27.30000 110.48300
 9 3 21 07 31 45189.60000 10.09700000 1529.03000 165.16000 27.30000 110.48300
 9 3 21 07 32 45172.10000 10.09700000 1528.96000 165.04000 27.30000 110.48300
 9 3 21 07 32 45171.60000 10.09700000 1529.22000 165.28000 27.30000 110.48300
 9 3 21 07 33 45191.80000 10.09700000 1529.55000 165.31000 27.30000 110.48300
 9 3 21 07 33 45208.60000 10.09700000 1530.30000 165.43000 27.30000 110.31100
 9 3 21 07 33 45229.00000 10.08300000 1530.89000 165.35000 27.30000 110.34300
 9 3 21 07 34 45234.10000 10.08300000 1530.79000 165.47000 27.30000 110.34300
 9 3 21 07 34 45234.10000 10.10700000 1530.42000 165.54000 27.30000 110.15100
 9 3 21 07 35 45240.40000 10.10700000 1530.84000 165.77000 27.30000 110.15100
 9 3 21 07 35 45224.70000 10.10700000 1530.26000 165.66000 27.30000 110.15100
 9 3 21 07 36 45208.50000 10.10700000 1529.80000 165.44000 27.30000 110.15100
 9 3 21 07 36 45207.40000 10.10900000 1529.05000 165.45000 27.30000 110.15100
 9 3 21 07 36 45200.40000 10.10900000 1528.61000 165.41000 27.30000 110.15100
 9 3 21 07 37 45225.00000 10.10900000 1530.12000 165.41000 27.30000 110.15100
 9 3 21 07 37 45239.50000 10.10900000 1530.12000 165.90000 27.30000 110.15100
 9 3 21 07 38 45223.50000 10.10900000 1531.16000 165.97000 27.30000 110.27900
 9 3 21 07 38 45204.10000 10.10900000 1530.23000 165.86000 27.30000 110.27900
 9 3 21 07 39 45206.30000 10.10900000 1530.00000 165.62000 27.30000 110.27900
 9 3 21 07 39 45216.20000 10.12100000 1530.24000 165.69000 27.30000 110.27900
 9 3 21 07 39 45204.40000 10.12100000 1530.86000 165.62000 27.30000 110.27900
 9 3 21 07 40 45204.50000 10.12100000 1530.87000 165.87000 27.30000 110.27900
 9 3 21 07 40 45142.70000 10.13400000 1530.01000 165.65000 27.30000 110.27900
 9 3 21 07 41 45123.00000 10.13400000 1529.17000 165.56000 27.30000 110.27900
 9 3 21 07 41 45113.10000 10.13400000 1528.36000 165.34000 27.30000 110.27900
 9 3 21 07 42 45108.10000 10.13400000 1527.03000 165.43000 27.30000 110.10100
 9 3 21 07 42 45050.40000 10.13400000 1525.83000 165.16000 27.30000 110.10100
 9 3 21 07 42 45052.90000 10.13400000 1526.44000 165.11000 27.30000 110.10100
 9 3 21 07 43 45066.00000 10.09300000 1526.77000 165.28000 27.30000 110.10100
 9 3 21 07 43 45070.00000 10.09300000 1527.53000 165.36000 27.30000 110.10100
 9 3 21 07 44 45070.00000 10.09300000 1528.76000 165.35000 27.30000 110.22900
 9 3 21 07 44 45108.20000 10.09300000 1530.30000 165.60000 27.30000 110.22900
 9 3 21 07 45 45108.10000 10.09100000 1531.34000 165.69000 27.30000 110.22900
 9 3 21 07 45 45138.20000 10.09100000 1531.50000 165.81000 27.30000 110.22900
 9 3 21 07 45 45147.00000 10.09100000 1533.53000 165.99000 27.30000 110.22900
 9 3 21 07 46 45187.20000 10.09100000 1534.25000 165.98000 27.30000 110.22900
 9 3 21 07 46 45204.30000 10.09100000 1535.55000 166.02000 27.35400 110.22900
 9 3 21 07 47 45204.30000 10.14700000 1537.64000 166.19000 27.35400 110.22900
 9 3 21 07 47 45247.70000 10.14700000 1537.96000 166.19000 27.35400 110.22900
 9 3 21 07 48 45249.90000 10.14700000 1536.95000 166.58000 27.35400 110.22900
 9 3 21 07 48 45282.20000 10.14700000 1537.56000 166.62000 27.35400 110.22900
 9 3 21 07 48 45271.70000 10.14700000 1538.55000 166.31000 27.22800 110.22900
 9 3 21 07 49 45276.30000 10.14700000 1538.31000 166.61000 27.22800 110.22900
 9 3 21 07 49 45244.00000 10.15300000 1535.76000 166.61000 27.22800 110.22900
 9 3 21 07 50 45261.10000 10.15300000 1538.31000 166.61000 27.22800 110.22900
 9 3 21 07 50 45269.40000 10.15300000 1538.04000 166.52000 27.22800 110.22900
 9 3 21 07 51 45276.70000 10.15300000 1538.44000 166.52000 27.22800 110.22900
 9 3 21 07 51 45275.40000 10.15300000 1538.00000 166.52000 27.22800 110.83300
 9 3 21 07 51 45275.40000 10.15300000 1535.99000 166.36000 27.22800 110.83300
 9 3 21 07 52 45276.00000 10.15300000 1536.82000 166.32000 27.13000 110.83300
 9 3 21 07 52 45255.50000 10.15300000 1535.46000 166.36000 27.13000 110.83300
 9 3 21 07 53 45250.00000 10.15300000 1533.72000 166.22000 27.13000 110.83300
 9 3 21 07 53 45221.80000 10.15300000 1533.10000 166.08000 27.13000 110.83300
 9 3 21 07 54 45222.30000 10.15300000 1532.93000 166.08000 27.13000 110.43100
 9 3 21 07 54 45207.80000 10.15300000 1531.86000 166.22000 27.13000 110.43100
 9 3 21 07 54 45219.90000 10.15300000 1531.54000 166.11000 27.35300 110.43100
 9 3 21 07 55 45207.00000 10.15300000 1531.64000 166.11000 27.35300 110.43100
 9 3 21 07 55 45206.40000 10.15300000 1530.29000 166.11000 27.35300 110.43100
 9 3 21 07 56 45198.30000 10.15300000 1528.90000 165.71000 27.35300 110.43100
 9 3 21 07 56 45092.00000 10.15300000 1526.71000 165.71000 27.13000 110.12200
 9 3 21 07 56 45124.30000 10.14800000 1527.70000 165.72000 27.13000 110.12200
 9 3 21 07 57 45080.00000 10.14800000 1526.81000 165.52000 27.13000 110.12200
 9 3 21 07 57 45082.20000 10.14800000 1526.61000 165.55000 27.13000 110.12200
 9 3 21 07 58 45093.20000 10.14800000 1526.96000 165.52000 27.13000 110.12200
 9 3 21 07 58 45000.00000 10.14800000 1526.40000 165.21000 27.13000 110.10100
 9 3 21 07 59 44999.80000 10.14800000 1525.01000 165.20000 27.13000 110.10100
 9 3 21 07 59 45024.40000 10.11400000 1525.00000 165.20000 27.13000 110.10100
 9 3 21 07 59 45036.00000 10.14300000 1525.00000 165.27000 27.13000 110.31100
 9 3 21 08 00 45025.00000 10.15700000 1526.97000 165.54000 27.13000 110.31100
 9 3 21 08 00 44919.50000 10.12900000 1525.00000 165.54000 27.13000 110.15400
 9 3 21 08 01 45027.80000 10.12900000 1527.38000 165.22000 27.13000 110.15400
 9 3 21 08 01 45045.50000 10.12900000 1528.90000 165.54000 27.13000 110.15400
 9 3 21 08 02 45014.90000 10.12900000 1527.58000 165.20000 27.13000 110.15400
 9 3 21 08 02 44993.30000 10.12900000 1527.87000 165.20000 27.13000 110.15400
 9 3 21 08 02 45018.50000 10.17800000 1527.99000 165.23000 27.13000 110.15400
 9 3 21 08 03 45067.80000 10.17800000 1529.92000 165.54000 27.13000 110.15400
 9 3 21 08 03 45097.60000 10.17900000 1529.99000 165.89000 27.13000 110.15400
 9 3 21 08 04 45147.20000 10.17900000 1529.99000 166.03000 27.13000 110.65600
 9 3 21 08 04 45144.60000 10.17900000 1530.00000 166.22000 27.13000 110.65600
 9 3 21 08 05 45154.70000 10.22200000 1529.43000 166.12000 27.13000 110.65600
 9 3 21 08 05 45097.90000 10.23600000 1528.02000 165.86000 27.13000 110.83300
 9 3 21 08 05 45116.30000 10.23600000 1527.71000 166.04000 27.13000 110.83300
 9 3 21 08 06 45103.60000 10.23600000 1526.34000 165.76000 27.13000 110.83300
 9 3 21 08 06 45112.50000 10.23600000 1525.57000 165.65000 27.13000 110.83300
 9 3 21 08 07 45119.40000 10.23600000 1526.62000 165.65000 27.13000 110.83300
 9 3 21 08 07 45130.00000 10.23600000 1526.01000 165.87000 27.13000 110.83800
