M=[
19 7 20 18 54 8024.50000 5.30100000 206.27000 37.09000 16.66200 50.51000
19 7 20 18 54 8024.40000 5.30100000 206.23000 37.09000 16.66200 50.51000
19 7 20 18 55 8024.40000 5.30100000 206.28000 37.09000 16.66200 50.51000
19 7 20 18 55 8027.70000 5.30100000 206.28000 37.09000 16.66200 50.51000
19 7 20 18 56 8026.70000 5.30100000 206.28000 37.09000 16.66200 50.51000
19 7 20 18 56 8026.50000 5.30100000 206.27000 37.09000 16.66200 50.51000
19 7 20 18 56 8027.00000 5.30100000 206.27000 37.09000 16.66200 50.51000
19 7 20 18 57 8029.00000 5.30100000 206.27000 37.16000 16.66200 50.64600
19 7 20 18 57 8029.70000 5.30100000 206.38000 37.21000 16.66200 50.64600
19 7 20 18 58 8029.20000 5.30100000 206.36000 37.21000 16.66200 50.64600
19 7 20 18 58 8029.30000 5.30100000 206.51000 37.21000 16.66200 50.64600
19 7 20 18 59 8029.20000 5.30100000 206.41000 37.21000 16.69800 50.64600
19 7 20 18 59 8028.80000 5.30100000 206.40000 37.21000 16.69800 50.64600
19 7 20 19 00 8028.40000 5.30100000 206.38000 37.21000 16.69800 50.64600
19 7 20 19 00 8029.90000 5.30100000 206.39000 37.21000 16.69800 50.64600
19 7 20 19 00 8029.90000 5.30100000 206.39000 37.21000 16.69800 50.64600
19 7 20 19 01 8029.90000 5.30000000 206.39000 37.21000 16.69800 50.64600
19 7 20 19 01 8029.70000 5.30000000 206.39000 37.21000 16.69800 50.64600
19 7 20 19 02 8029.60000 5.30000000 206.44000 37.21000 16.69800 50.64600
19 7 20 19 02 8029.80000 5.30000000 206.43000 37.21000 16.69800 50.64600
19 7 20 19 03 8029.90000 5.30000000 206.44000 37.21000 16.69800 50.64600
19 7 20 19 03 8029.90000 5.30000000 206.59000 37.21000 16.69800 50.64600
19 7 20 19 04 8029.90000 5.30000000 206.53000 37.26000 16.75800 50.64600
19 7 20 19 04 8029.60000 5.30000000 206.53000 37.26000 16.75800 50.64600
19 7 20 19 05 8029.50000 5.30000000 206.45000 37.26000 16.75800 50.64600
19 7 20 19 05 8029.90000 5.30000000 206.39000 37.26000 16.75800 50.64600
19 7 20 19 05 8029.50000 5.30000000 206.38000 37.22000 16.75800 50.64600
19 7 20 19 06 8029.00000 5.30000000 206.37000 37.22000 16.75800 50.64600
19 7 20 19 06 8029.10000 5.30000000 206.24000 37.22000 16.75800 50.64600
19 7 20 19 07 8029.00000 5.30000000 206.23000 37.22000 16.74700 50.64600
19 7 20 19 07 8029.00000 5.30000000 206.23000 37.22000 16.74700 50.64600
19 7 20 19 08 8028.90000 5.30000000 206.23000 37.22000 16.74700 50.64600
19 7 20 19 08 8028.90000 5.30000000 206.24000 37.22000 16.74700 50.64600
19 7 20 19 09 8029.00000 5.30000000 206.23000 37.22000 16.74700 50.64600
19 7 20 19 09 8028.90000 5.30000000 206.21000 37.22000 16.74700 50.64600
19 7 20 19 09 8028.90000 5.30000000 206.02000 37.18000 16.74700 50.64600
19 7 20 19 10 8029.00000 5.30000000 206.02000 37.18000 16.74700 50.64600
19 7 20 19 10 8028.50000 5.30000000 206.02000 37.18000 16.74700 50.64600
19 7 20 19 11 8028.60000 5.30000000 206.01000 37.09000 16.74700 50.64600
19 7 20 19 11 8028.60000 5.30000000 206.00000 37.09000 16.74700 50.64600
19 7 20 19 12 8028.60000 5.30000000 206.00000 37.09000 16.74700 50.64600
19 7 20 19 12 8027.00000 5.30000000 205.95000 37.09000 16.74700 50.64600
19 7 20 19 13 8027.00000 5.30000000 205.91000 37.07000 16.74700 50.64600
19 7 20 19 13 8028.50000 5.30000000 205.91000 37.07000 16.74700 50.64600
19 7 20 19 13 8028.10000 5.30000000 205.91000 37.07000 16.74700 50.64600
19 7 20 19 14 8028.10000 5.30000000 205.91000 37.07000 16.74700 50.64600
19 7 20 19 14 8027.40000 5.30000000 205.91000 37.07000 16.74700 50.64600
19 7 20 19 15 8027.00000 5.30000000 205.91000 37.07000 16.74700 50.64600
19 7 20 19 15 8027.10000 5.30000000 205.90000 37.07000 16.74700 50.64600
19 7 20 19 16 8024.50000 5.30000000 205.90000 37.07000 16.74700 50.64600
19 7 20 19 16 8024.50000 5.30000000 205.90000 37.07000 16.74700 50.64600
19 7 20 19 17 8027.20000 5.30000000 205.91000 37.07000 16.74700 50.64600
19 7 20 19 17 8027.20000 5.30000000 205.91000 37.07000 16.74700 50.64600
19 7 20 19 18 8027.20000 5.30000000 205.96000 37.07000 16.74700 50.64600
19 7 20 19 18 8027.20000 5.30000000 205.96000 37.07000 16.74700 50.64600
19 7 20 19 19 8026.60000 5.30000000 205.96000 37.07000 16.73600 50.64600
19 7 20 19 19 8026.30000 5.30000000 205.96000 37.07000 16.73600 50.64600
19 7 20 19 19 8026.40000 5.30000000 205.96000 37.07000 16.73600 50.64600
19 7 20 19 20 8026.40000 5.30000000 205.96000 37.07000 16.73600 50.64600
19 7 20 19 20 8024.00000 5.30000000 205.90000 37.07000 16.73600 50.64600
19 7 20 19 21 8024.00000 5.30000000 205.90000 37.07000 16.73600 50.64600
19 7 20 19 21 8024.00000 5.30000000 205.90000 37.07000 16.73600 50.64600
19 7 20 19 22 8026.30000 5.30000000 206.00000 37.07000 16.73600 50.64600
19 7 20 19 22 8026.70000 5.30000000 205.98000 37.07000 16.73600 50.71000
19 7 20 19 23 8026.60000 5.30000000 206.08000 37.07000 16.73600 50.71000
19 7 20 19 23 8027.40000 5.30000000 205.97000 37.07000 16.73600 50.71000
19 7 20 19 24 8027.50000 5.30000000 205.97000 37.07000 16.73600 50.71000
19 7 20 19 24 8027.50000 5.30000000 205.98000 37.07000 16.73600 50.71000
19 7 20 19 25 8027.50000 5.30000000 205.98000 37.07000 16.73600 50.71000
19 7 20 19 25 8027.50000 5.30000000 205.98000 37.17000 16.73600 50.71000
19 7 20 19 25 8027.50000 5.30000000 205.99000 37.17000 16.73600 50.71000
19 7 20 19 26 8027.60000 5.30000000 205.99000 37.17000 16.73600 50.71000
19 7 20 19 26 8028.10000 5.30000000 205.99000 37.17000 16.73600 50.76000
19 7 20 19 27 8028.10000 5.30000000 205.99000 37.17000 16.73600 50.76000
19 7 20 19 27 8028.10000 5.30000000 205.99000 37.17000 16.73600 50.76000
19 7 20 19 28 8028.60000 5.30000000 206.20000 37.17000 16.73600 50.76000
19 7 20 19 28 8028.50000 5.30000000 206.20000 37.17000 16.73600 50.76000
19 7 20 19 29 8028.50000 5.30000000 206.19000 37.17000 16.73600 50.76000
19 7 20 19 29 8028.60000 5.30000000 206.19000 37.17000 16.73600 50.76000
19 7 20 19 30 8028.60000 5.30000000 206.20000 37.17000 16.73600 50.76000
19 7 20 19 30 8028.60000 5.30000000 206.50000 37.17000 16.73600 50.76000
19 7 20 19 31 8028.60000 5.30000000 206.37000 37.17000 16.73600 50.76000
19 7 20 19 31 8028.60000 5.30000000 206.37000 37.17000 16.73600 50.76000
19 7 20 19 31 8028.60000 5.30000000 206.57000 37.27000 16.73600 50.76000
19 7 20 19 32 8028.60000 5.32500000 206.51000 37.29000 16.73600 50.76000
19 7 20 19 32 8028.60000 5.32500000 206.51000 37.29000 16.73600 50.76000
19 7 20 19 33 8028.50000 5.32500000 206.42000 37.29000 16.73600 50.76000
19 7 20 19 33 8028.60000 5.32500000 206.52000 37.29000 16.73600 50.76000
19 7 20 19 34 8028.50000 5.32500000 206.47000 37.29000 16.73600 50.76000
19 7 20 19 34 8028.60000 5.32500000 206.47000 37.29000 16.73600 50.83700
19 7 20 19 35 8029.00000 5.32500000 206.48000 37.29000 16.73600 50.76800
19 7 20 19 35 8029.40000 5.32500000 206.48000 37.29000 16.73600 50.76800
19 7 20 19 36 8029.30000 5.32500000 206.49000 37.29000 16.73600 50.76800
19 7 20 19 36 8029.30000 5.32500000 206.49000 37.29000 16.73600 50.76800
19 7 20 19 36 8029.10000 5.32500000 206.49000 37.29000 16.73600 50.76800
19 7 20 19 37 8029.10000 5.32500000 206.37000 37.29000 16.73600 50.76800
19 7 20 19 37 8029.00000 5.32500000 206.37000 37.29000 16.73600 50.76800
19 7 20 19 38 8029.00000 5.32500000 206.37000 37.29000 16.73600 50.76800
19 7 20 19 38 8027.90000 5.32500000 206.28000 37.29000 16.73600 50.76800
19 7 20 19 39 8029.40000 5.32500000 206.31000 37.29000 16.73600 50.76800
19 7 20 19 39 8028.60000 5.32500000 206.31000 37.29000 16.73600 50.76800
19 7 20 19 40 8027.50000 5.32500000 206.31000 37.29000 16.73600 50.76800
19 7 20 19 40 8026.70000 5.32500000 206.23000 37.29000 16.73600 50.76800
19 7 20 19 41 8026.70000 5.32500000 206.16000 37.29000 16.73600 50.76800
19 7 20 19 41 8028.50000 5.32500000 206.16000 37.29000 16.73600 50.76800
19 7 20 19 41 8027.90000 5.32500000 206.16000 37.29000 16.72300 50.76800
19 7 20 19 42 8026.80000 5.32500000 206.28000 37.29000 16.72300 50.76800
19 7 20 19 42 8028.30000 5.32500000 206.25000 37.29000 16.72300 50.76800
19 7 20 19 43 8026.80000 5.32500000 206.11000 37.29000 16.70800 50.76800
