M=[
11 1 21 06 58 26900.10000 5.83800000 840.08000 110.23000 14.47200 67.62700
11 1 21 06 59 26900.10000 5.83800000 840.08000 110.23000 14.47200 67.62700
11 1 21 06 59 26900.10000 5.83800000 840.08000 110.23000 14.47200 67.62700
11 1 21 06 59 26900.10000 5.83800000 840.08000 110.23000 14.47200 67.62700
11 1 21 07 00 26900.10000 5.83800000 840.08000 110.23000 14.47200 67.62700
11 1 21 07 00 26900.10000 5.83800000 840.08000 110.23000 14.47200 67.62700
11 1 21 07 01 26900.10000 5.83800000 840.08000 110.23000 14.47200 67.62700
11 1 21 07 01 26900.10000 5.83800000 840.08000 110.23000 14.47200 67.62700
11 1 21 07 02 26900.10000 5.83800000 840.08000 110.23000 14.47200 67.62700
11 1 21 07 02 26900.10000 5.83800000 840.08000 110.23000 14.47200 67.62700
11 1 21 07 02 26900.10000 5.83800000 840.08000 110.23000 14.47200 67.62700
11 1 21 07 03 26900.10000 5.83800000 840.08000 110.23000 14.47200 67.62700
11 1 21 07 03 26900.10000 5.83800000 840.08000 110.23000 14.47200 67.62700
11 1 21 07 04 26900.10000 5.83800000 840.08000 110.23000 14.47200 67.62700
11 1 21 07 04 26900.10000 5.83800000 840.08000 110.23000 14.47200 67.62700
11 1 21 07 04 26900.10000 5.83800000 840.08000 110.23000 14.47200 67.62700
11 1 21 07 05 26900.10000 5.83800000 840.08000 110.23000 14.47200 67.62700
11 1 21 07 05 26900.10000 5.83800000 840.08000 110.23000 14.47200 67.62700
11 1 21 07 06 26900.10000 5.83800000 840.08000 110.23000 14.47200 67.62700
11 1 21 07 06 26900.10000 5.83800000 840.08000 110.23000 14.47200 67.62700
11 1 21 07 07 26900.10000 5.83800000 840.08000 110.23000 14.47200 67.62700
11 1 21 07 07 26900.10000 5.83800000 840.08000 110.23000 14.47200 67.62700
11 1 21 07 07 26900.10000 5.83800000 840.08000 110.23000 14.47200 67.62700
11 1 21 07 08 26900.10000 5.83800000 840.08000 110.23000 14.47200 67.62700
11 1 21 07 08 26900.10000 5.83800000 840.08000 110.23000 14.47200 67.62700
11 1 21 07 09 26900.10000 5.83800000 840.08000 110.23000 14.47200 67.62700
11 1 21 07 09 26900.10000 5.83800000 840.08000 110.23000 14.47200 67.62700
11 1 21 07 10 26900.10000 5.83800000 840.08000 110.23000 14.47200 67.62700
11 1 21 07 10 26900.10000 5.83800000 840.08000 110.23000 14.47200 67.62700
11 1 21 07 10 26900.10000 5.83800000 840.08000 110.23000 14.47200 67.62700
11 1 21 07 11 26900.10000 5.83800000 840.08000 110.23000 14.47200 67.62700
11 1 21 07 11 26900.10000 5.83800000 840.08000 110.23000 14.47200 67.62700
11 1 21 07 12 26900.10000 5.83800000 840.08000 110.23000 14.47200 67.62700
11 1 21 07 12 26900.10000 5.83800000 840.08000 110.23000 14.47200 67.62700
11 1 21 07 13 26900.10000 5.83800000 840.08000 110.23000 14.47200 67.62700
11 1 21 07 13 26900.10000 5.83800000 840.08000 110.23000 14.47200 67.62700
11 1 21 07 13 26900.10000 5.83800000 840.08000 110.23000 14.47200 67.62700
11 1 21 07 14 26900.10000 5.83800000 840.08000 110.23000 14.47200 67.62700
11 1 21 07 14 26900.10000 5.83800000 840.08000 110.23000 14.47200 67.62700
11 1 21 07 15 26900.10000 5.83800000 840.08000 110.23000 14.47200 67.62700
11 1 21 07 15 26900.10000 5.83800000 840.08000 110.23000 14.47200 67.62700
11 1 21 07 16 26900.10000 5.83800000 840.08000 110.23000 14.47200 67.62700
11 1 21 07 16 26900.10000 5.83800000 840.08000 110.23000 14.47200 67.62700
11 1 21 07 16 26900.10000 5.83800000 840.08000 110.23000 14.47200 67.62700
11 1 21 07 17 26900.10000 5.83800000 840.08000 110.23000 14.47200 67.62700
11 1 21 07 17 26900.10000 5.83800000 840.08000 110.23000 14.47200 67.62700
11 1 21 07 18 26900.10000 5.83800000 840.08000 110.23000 14.47200 67.62700
11 1 21 07 18 26900.10000 5.83800000 840.08000 110.23000 14.47200 67.62700
11 1 21 07 19 26900.10000 5.83800000 840.08000 110.23000 14.47200 67.62700
11 1 21 07 19 26900.10000 5.83800000 840.08000 110.23000 14.47200 67.62700
11 1 21 07 19 26900.10000 5.83800000 840.08000 110.23000 14.47200 67.62700
11 1 21 07 20 26900.10000 5.83800000 840.08000 110.23000 14.47200 67.62700
11 1 21 07 20 26900.10000 5.83800000 840.08000 110.23000 14.47200 67.62700
11 1 21 07 21 26900.10000 5.83800000 840.08000 110.23000 14.47200 67.62700
11 1 21 07 21 26900.10000 5.83800000 840.08000 110.23000 14.47200 67.62700
11 1 21 07 22 26900.10000 5.83800000 840.08000 110.23000 14.47200 67.62700
11 1 21 07 22 26900.10000 5.83800000 840.08000 110.23000 14.47200 67.62700
11 1 21 07 22 26900.10000 5.83800000 840.08000 110.23000 14.47200 67.62700
11 1 21 07 23 26900.10000 5.83800000 840.08000 110.23000 14.47200 67.62700
11 1 21 07 23 26900.10000 5.83800000 840.08000 110.23000 14.47200 67.62700
11 1 21 07 24 26900.10000 5.83800000 840.08000 110.23000 14.47200 67.62700
11 1 21 07 24 26900.10000 5.83800000 840.08000 110.23000 14.47200 67.62700
11 1 21 07 25 26900.10000 5.83800000 840.08000 110.23000 14.47200 67.62700
11 1 21 07 25 26900.10000 5.83800000 840.08000 110.23000 14.47200 67.62700
11 1 21 07 25 26900.10000 5.83800000 840.08000 110.23000 14.47200 67.62700
11 1 21 07 26 26900.10000 5.83800000 840.08000 110.23000 14.47200 67.62700
11 1 21 07 26 26900.10000 5.83800000 840.08000 110.23000 14.47200 67.62700
11 1 21 07 27 26900.10000 5.83800000 840.08000 110.23000 14.47200 67.62700
11 1 21 07 27 26900.10000 5.83800000 840.08000 110.23000 14.47200 67.62700
11 1 21 07 28 26900.10000 5.83800000 840.08000 110.23000 14.47200 67.62700
11 1 21 07 28 26900.10000 5.83800000 840.08000 110.23000 14.47200 67.62700
11 1 21 07 28 26900.10000 5.83800000 840.08000 110.23000 14.47200 67.62700
11 1 21 07 29 26900.10000 5.83800000 840.08000 110.23000 14.47200 67.62700
11 1 21 07 29 26900.10000 5.83800000 840.08000 110.23000 14.47200 67.62700
11 1 21 07 30 26900.10000 5.83800000 840.08000 110.23000 14.47200 67.62700
11 1 21 07 30 26900.10000 5.83800000 840.08000 110.23000 14.47200 67.62700
11 1 21 07 31 26900.10000 5.83800000 840.08000 110.23000 14.47200 67.62700
11 1 21 07 31 26900.10000 5.83800000 840.08000 110.23000 14.47200 67.62700
11 1 21 07 31 26900.10000 5.83800000 840.08000 110.23000 14.47200 67.62700
11 1 21 07 32 26900.10000 5.83800000 840.08000 110.23000 14.47200 67.62700
11 1 21 07 32 26900.10000 5.83800000 840.08000 110.23000 14.47200 67.62700
11 1 21 07 33 26900.10000 5.83800000 840.08000 110.23000 14.47200 67.62700
11 1 21 07 33 26900.10000 5.83800000 840.08000 110.23000 14.47200 67.62700
11 1 21 07 34 26900.10000 5.83800000 840.08000 110.23000 14.47200 67.62700
11 1 21 07 34 26900.10000 5.83800000 840.08000 110.23000 14.47200 67.62700
11 1 21 07 34 26900.10000 5.83800000 840.08000 110.23000 14.47200 67.62700
11 1 21 07 35 26900.10000 5.83800000 840.08000 110.23000 14.47200 67.62700
11 1 21 07 35 26900.10000 5.83800000 840.08000 110.23000 14.47200 67.62700
11 1 21 07 36 26900.10000 5.83800000 840.08000 110.23000 14.47200 67.62700
11 1 21 07 36 26900.10000 5.83800000 840.08000 110.23000 14.47200 67.62700
11 1 21 07 37 26900.10000 5.83800000 840.08000 110.23000 14.47200 67.62700
11 1 21 07 37 26900.10000 5.83800000 840.08000 110.23000 14.47200 67.62700
11 1 21 07 37 26900.10000 5.83800000 840.08000 110.23000 14.47200 67.62700
11 1 21 07 38 26900.10000 5.83800000 840.08000 110.23000 14.47200 67.62700
11 1 21 07 38 26900.10000 5.83800000 840.08000 110.23000 14.47200 67.62700
11 1 21 07 39 26900.10000 5.83800000 840.08000 110.23000 14.47200 67.62700
11 1 21 07 39 26900.10000 5.83800000 840.08000 110.23000 14.47200 67.62700
11 1 21 07 40 26900.10000 5.83800000 840.08000 110.23000 14.47200 67.62700
11 1 21 07 40 26900.10000 5.83800000 840.08000 110.23000 14.47200 67.62700
11 1 21 07 40 26900.10000 5.83800000 840.08000 110.23000 14.47200 67.62700
11 1 21 07 41 26900.10000 5.83800000 840.08000 110.23000 14.47200 67.62700
11 1 21 07 41 26900.10000 5.83800000 840.08000 110.23000 14.47200 67.62700
11 1 21 07 42 26900.10000 5.83800000 840.08000 110.23000 14.47200 67.62700
11 1 21 07 42 26900.10000 5.83800000 840.08000 110.23000 14.47200 67.62700
11 1 21 07 43 26900.10000 5.83800000 840.08000 110.23000 14.47200 67.62700
11 1 21 07 43 26900.10000 5.83800000 840.08000 110.23000 14.47200 67.62700
