M=[
14 11 20 10 04 13400.00000 4.24100000 387.57000 53.17000 13.32200 52.19200
14 11 20 10 05 13391.90000 4.24100000 387.31000 53.17000 13.32200 52.19200
14 11 20 10 05 13396.00000 4.24100000 387.46000 53.11000 13.32200 52.19200
14 11 20 10 06 13397.10000 4.24100000 387.46000 53.11000 13.32200 52.19200
14 11 20 10 06 13390.10000 4.24100000 387.46000 53.04000 13.32200 52.19200
14 11 20 10 06 13386.80000 4.24100000 387.38000 53.05000 13.32200 52.19200
14 11 20 10 07 13385.70000 4.24100000 387.14000 53.05000 13.32200 52.19200
14 11 20 10 07 13390.70000 4.24100000 387.43000 53.05000 13.32200 52.19200
14 11 20 10 08 13390.00000 4.24100000 387.43000 53.05000 13.26700 52.19200
14 11 20 10 08 13388.90000 4.24100000 387.48000 53.05000 13.26700 52.19200
14 11 20 10 09 13386.10000 4.24100000 387.24000 53.05000 13.26700 52.59900
14 11 20 10 09 13387.20000 4.24100000 387.22000 53.05000 13.26700 52.59900
14 11 20 10 09 13389.90000 4.24100000 387.37000 53.01000 13.26700 52.59900
14 11 20 10 10 13390.00000 4.24100000 387.50000 53.05000 13.26700 52.59900
14 11 20 10 10 13400.00000 4.24100000 387.50000 53.15000 13.26700 52.59900
14 11 20 10 11 13400.00000 4.24100000 387.50000 53.15000 13.26700 52.59900
14 11 20 10 11 13402.10000 4.24100000 387.50000 53.15000 13.26700 52.59900
14 11 20 10 12 13413.50000 4.24100000 387.99000 53.15000 13.26700 52.59900
14 11 20 10 12 13416.80000 4.24100000 387.88000 53.15000 13.26700 52.59900
14 11 20 10 12 13409.50000 4.24300000 387.86000 53.15000 13.26700 52.59900
14 11 20 10 13 13399.90000 4.24300000 387.59000 53.00000 13.26700 52.59900
14 11 20 10 13 13399.90000 4.24300000 387.59000 53.00000 13.26700 52.59900
14 11 20 10 14 13399.90000 4.24300000 387.52000 53.00000 13.26700 52.59900
14 11 20 10 14 13397.10000 4.24300000 387.66000 52.99000 13.26700 52.59900
14 11 20 10 15 13400.50000 4.24300000 387.63000 52.99000 13.26700 52.59900
14 11 20 10 15 13408.20000 4.24300000 387.76000 53.05000 13.26700 52.59900
14 11 20 10 15 13409.70000 4.24300000 387.71000 53.05000 13.26700 52.59900
14 11 20 10 16 13417.20000 4.24300000 387.93000 53.05000 13.26700 52.59900
14 11 20 10 16 13422.70000 4.24300000 387.89000 53.05000 13.26700 52.59900
14 11 20 10 17 13424.50000 4.24300000 388.09000 53.05000 13.26700 52.59900
14 11 20 10 17 13420.60000 4.24300000 387.85000 53.05000 13.26700 52.59900
14 11 20 10 18 13427.20000 4.24300000 388.04000 53.05000 13.26700 52.59900
14 11 20 10 18 13424.00000 4.24300000 388.01000 53.05000 13.26700 52.59900
14 11 20 10 18 13424.10000 4.24300000 387.94000 53.05000 13.26700 52.59900
14 11 20 10 19 13427.30000 4.24300000 387.86000 53.05000 13.26700 52.59900
14 11 20 10 19 13423.10000 4.24300000 387.77000 53.05000 13.26700 52.59900
14 11 20 10 20 13420.10000 4.24300000 387.51000 53.10000 13.26700 52.59900
14 11 20 10 20 13423.60000 4.24300000 387.60000 53.10000 13.26700 52.59900
14 11 20 10 21 13420.00000 4.24300000 387.76000 53.10000 13.26700 52.59900
14 11 20 10 21 13422.90000 4.24300000 387.76000 53.20000 13.26700 52.59900
14 11 20 10 21 13423.10000 4.24300000 387.71000 53.20000 13.26700 52.59900
14 11 20 10 22 13433.60000 4.24300000 387.80000 53.20000 13.26700 52.59900
14 11 20 10 22 13429.30000 4.24300000 388.05000 53.18000 13.26700 52.62300
14 11 20 10 23 13439.80000 4.24300000 388.11000 53.16000 13.26700 52.62300
14 11 20 10 23 13436.70000 4.24300000 388.15000 53.18000 13.26700 52.62300
14 11 20 10 24 13444.90000 4.24300000 388.14000 53.18000 13.26700 52.62300
14 11 20 10 24 13440.10000 4.24300000 388.12000 53.17000 13.26700 52.62300
14 11 20 10 24 13443.70000 4.24300000 388.00000 53.17000 13.26700 52.62300
14 11 20 10 25 13448.70000 4.24300000 388.00000 53.17000 13.26700 52.62300
14 11 20 10 25 13457.40000 4.24300000 387.97000 53.17000 13.26700 52.62300
14 11 20 10 26 13460.30000 4.24300000 388.11000 53.17000 13.26700 52.62300
14 11 20 10 26 13460.60000 4.24300000 388.24000 53.17000 13.26700 52.62300
14 11 20 10 27 13462.60000 4.24300000 388.18000 53.17000 13.26700 52.62300
14 11 20 10 27 13465.90000 4.24300000 388.18000 53.02000 13.26700 52.62300
14 11 20 10 27 13462.50000 4.24300000 388.36000 53.02000 13.26700 52.62300
14 11 20 10 28 13464.20000 4.24300000 388.36000 53.02000 13.26700 52.62300
14 11 20 10 28 13465.00000 4.24300000 388.85000 53.02000 13.26700 52.68000
14 11 20 10 29 13465.80000 4.24300000 389.12000 53.02000 13.26700 52.68000
14 11 20 10 29 13477.10000 4.24300000 388.98000 53.02000 13.26700 52.68000
14 11 20 10 30 13490.20000 4.24300000 389.32000 53.02000 13.26700 52.68000
14 11 20 10 30 13509.60000 4.24300000 389.52000 53.20000 13.26700 52.68000
14 11 20 10 30 13500.90000 4.24300000 389.49000 53.20000 13.26700 52.68000
14 11 20 10 31 13504.70000 4.24300000 389.49000 53.20000 13.26700 52.68000
14 11 20 10 31 13490.00000 4.24300000 389.41000 53.19000 13.26700 52.68000
14 11 20 10 32 13490.00000 4.24300000 389.41000 53.19000 13.26700 52.68000
14 11 20 10 32 13468.80000 4.24300000 389.01000 53.19000 13.26700 52.68000
14 11 20 10 33 13463.50000 4.24300000 389.01000 53.19000 13.26700 52.68000
14 11 20 10 33 13453.00000 4.24300000 388.81000 53.19000 13.26700 52.68000
14 11 20 10 33 13453.20000 4.24300000 388.61000 53.19000 13.26700 52.68000
14 11 20 10 34 13443.40000 4.24300000 388.39000 53.12000 13.26700 52.68000
14 11 20 10 34 13448.80000 4.24300000 388.51000 53.12000 13.26700 52.68000
14 11 20 10 35 13450.00000 4.24300000 388.39000 53.12000 13.26700 52.67100
14 11 20 10 35 13447.80000 4.24300000 388.39000 53.13000 13.26700 52.67100
14 11 20 10 36 13461.00000 4.24300000 388.34000 53.13000 13.26700 52.67100
14 11 20 10 36 13440.00000 4.24300000 388.35000 53.10000 13.26700 52.67100
14 11 20 10 36 13454.60000 4.24300000 388.51000 53.10000 13.26700 52.67100
14 11 20 10 37 13449.20000 4.24300000 388.47000 53.10000 13.26700 52.71800
14 11 20 10 37 13444.40000 4.24300000 388.47000 53.10000 13.26700 52.71800
14 11 20 10 38 13446.60000 4.24300000 388.78000 53.14000 13.26700 52.71800
14 11 20 10 38 13441.20000 4.24300000 388.47000 53.14000 13.26700 52.71800
14 11 20 10 39 13446.50000 4.24300000 388.76000 53.14000 13.26700 52.71800
14 11 20 10 39 13437.40000 4.24300000 388.47000 53.12000 13.26700 52.71800
14 11 20 10 39 13435.10000 4.24300000 388.46000 53.12000 13.26700 52.71800
14 11 20 10 40 13432.30000 4.24300000 388.43000 53.12000 13.26700 52.71800
14 11 20 10 40 13440.00000 4.24300000 388.58000 53.12000 13.26700 52.71800
14 11 20 10 41 13439.10000 4.24300000 388.35000 53.12000 13.26700 52.71800
14 11 20 10 41 13439.00000 4.24300000 388.35000 53.12000 13.26700 52.71800
14 11 20 10 41 13439.10000 4.24300000 388.34000 53.12000 13.26800 52.71800
14 11 20 10 42 13439.90000 4.24300000 388.35000 53.12000 13.26800 52.71800
14 11 20 10 42 13440.00000 4.24300000 388.15000 53.12000 13.26800 52.71800
14 11 20 10 43 13439.00000 4.24300000 388.26000 53.12000 13.26800 52.71800
14 11 20 10 43 13439.00000 4.24300000 388.26000 53.12000 13.26800 52.71800
14 11 20 10 44 13440.00000 4.24300000 388.64000 53.15000 13.26800 52.71800
14 11 20 10 44 13440.00000 4.24300000 388.36000 53.15000 13.26800 52.71800
14 11 20 10 44 13439.00000 4.24300000 388.13000 53.15000 13.26800 52.71800
14 11 20 10 45 13439.10000 4.24300000 388.00000 53.15000 13.26800 52.71800
14 11 20 10 45 13440.00000 4.24300000 388.44000 53.15000 13.26800 52.71800
14 11 20 10 46 13439.90000 4.24300000 388.61000 53.15000 13.26800 52.71800
14 11 20 10 46 13446.60000 4.24300000 388.62000 53.15000 13.26800 52.71800
14 11 20 10 47 13446.50000 4.24300000 388.62000 53.15000 13.26800 52.71800
14 11 20 10 47 13447.70000 4.24300000 388.62000 53.17000 13.26800 52.71800
14 11 20 10 47 13440.70000 4.24300000 388.23000 53.17000 13.26800 52.71800
14 11 20 10 48 13440.60000 4.24300000 388.23000 53.17000 13.26800 52.71800
14 11 20 10 48 13430.10000 4.24300000 388.02000 53.08000 13.26800 52.71800
14 11 20 10 49 13438.40000 4.24300000 388.33000 53.08000 13.26800 52.71800
14 11 20 10 49 13437.70000 4.24300000 388.34000 53.08000 13.26800 52.71800
