M=[
16 3 21 17 53 46417.10000 10.19400000 1491.19000 165.41000 25.10400 114.43600
16 3 21 17 54 46415.10000 10.19400000 1490.03000 165.33000 25.10400 114.43600
16 3 21 17 54 46400.10000 10.19400000 1489.59000 165.32000 25.10400 114.43600
16 3 21 17 55 46404.70000 10.19400000 1489.47000 165.33000 25.10400 114.43600
16 3 21 17 55 46400.10000 10.20800000 1489.07000 165.38000 25.10400 114.43600
16 3 21 17 55 46358.10000 10.20800000 1488.36000 165.34000 25.10400 114.43600
16 3 21 17 56 46396.80000 10.20800000 1489.99000 165.41000 25.10400 114.43600
16 3 21 17 56 46380.90000 10.20800000 1489.28000 165.41000 25.10400 114.43000
16 3 21 17 57 46413.60000 10.20800000 1489.64000 165.58000 25.10400 114.43000
16 3 21 17 57 46409.50000 10.20800000 1490.37000 165.70000 25.06600 114.43000
16 3 21 17 58 46417.10000 10.20800000 1490.89000 165.70000 25.06600 114.43000
16 3 21 17 58 46419.90000 10.20800000 1489.26000 165.78000 25.06600 114.43000
16 3 21 17 58 46444.00000 10.20800000 1490.88000 165.91000 25.06600 114.43000
16 3 21 17 59 46438.70000 10.22100000 1489.78000 165.59000 25.06600 114.43000
16 3 21 17 59 46438.70000 10.22100000 1488.44000 165.71000 25.06600 114.43000
16 3 21 18 00 46428.90000 10.22100000 1489.39000 165.76000 25.06600 114.43000
16 3 21 18 00 46464.70000 10.24200000 1491.42000 165.98000 25.06600 114.43000
16 3 21 18 01 46515.90000 10.24200000 1492.41000 166.34000 25.06600 114.43000
16 3 21 18 01 46549.90000 10.24200000 1493.26000 166.39000 25.06600 114.43000
16 3 21 18 01 46550.00000 10.24200000 1493.03000 166.38000 25.06600 114.43000
16 3 21 18 02 46531.50000 10.24200000 1492.02000 166.38000 24.75200 114.43000
16 3 21 18 02 46550.00000 10.24200000 1491.73000 166.25000 24.75200 114.43000
16 3 21 18 03 46551.10000 10.24200000 1492.04000 166.26000 24.75200 114.43000
16 3 21 18 03 46551.80000 10.24200000 1491.93000 166.26000 24.75200 114.43000
16 3 21 18 04 46556.30000 10.24200000 1492.03000 166.34000 24.75200 115.01800
16 3 21 18 04 46555.50000 10.27600000 1492.04000 166.34000 24.75200 115.01800
16 3 21 18 04 46555.40000 10.24100000 1491.35000 166.36000 24.75200 115.01800
16 3 21 18 05 46510.70000 10.24100000 1490.92000 166.36000 24.88400 115.01800
16 3 21 18 05 46527.50000 10.22600000 1491.00000 166.36000 24.88400 115.01800
16 3 21 18 06 46523.60000 10.22600000 1491.47000 166.39000 24.88400 115.01800
16 3 21 18 06 46496.80000 10.22600000 1491.47000 166.35000 24.88400 115.01800
16 3 21 18 07 46477.20000 10.22600000 1488.69000 166.26000 24.88400 115.01800
16 3 21 18 07 46477.20000 10.22600000 1489.89000 166.26000 24.88400 115.01800
16 3 21 18 07 46477.20000 10.22600000 1489.49000 166.26000 24.88400 115.01800
16 3 21 18 08 46477.10000 10.22600000 1490.01000 166.37000 24.88400 115.01800
16 3 21 18 08 46426.40000 10.22600000 1489.01000 166.37000 24.88400 115.01800
16 3 21 18 09 46420.60000 10.23000000 1489.01000 166.37000 24.88400 115.01800
16 3 21 18 09 46420.70000 10.23000000 1488.08000 166.25000 24.88400 115.01800
16 3 21 18 10 46442.00000 10.23000000 1488.89000 166.21000 24.88400 115.01800
16 3 21 18 10 46420.60000 10.23000000 1488.51000 166.21000 24.88400 114.65700
16 3 21 18 10 46376.00000 10.23000000 1488.01000 166.21000 24.88400 114.65700
16 3 21 18 11 46345.20000 10.23000000 1486.32000 166.01000 24.88400 114.65700
16 3 21 18 11 46334.20000 10.23000000 1485.23000 166.00000 24.88400 114.65700
16 3 21 18 12 46330.00000 10.23000000 1486.22000 165.88000 24.88400 114.54700
16 3 21 18 12 46362.90000 10.23000000 1486.00000 165.88000 24.88400 114.54700
16 3 21 18 13 46340.50000 10.21400000 1485.99000 165.91000 24.88400 114.54700
16 3 21 18 13 46375.60000 10.21400000 1488.05000 165.99000 24.88400 114.89100
16 3 21 18 13 46367.30000 10.21200000 1487.16000 165.92000 25.00200 114.64200
16 3 21 18 14 46343.40000 10.18500000 1488.13000 165.96000 25.00200 114.64200
16 3 21 18 14 46343.40000 10.18500000 1488.14000 165.92000 25.00200 114.64200
16 3 21 18 15 46411.30000 10.18500000 1488.84000 166.00000 25.00200 114.64200
16 3 21 18 15 46441.70000 10.18500000 1489.98000 166.28000 25.00200 114.81100
16 3 21 18 16 46459.90000 10.18500000 1489.99000 166.28000 25.00200 114.81100
16 3 21 18 16 46476.70000 10.18500000 1490.00000 166.29000 25.00200 114.81100
16 3 21 18 16 46486.90000 10.25100000 1490.00000 166.45000 25.00200 114.81100
16 3 21 18 17 46487.60000 10.25100000 1490.00000 166.45000 25.00200 114.81100
16 3 21 18 17 46513.20000 10.25100000 1490.00000 166.45000 25.00200 114.81100
16 3 21 18 18 46526.60000 10.25100000 1491.01000 166.48000 25.00200 114.81100
16 3 21 18 18 46546.10000 10.28900000 1491.32000 166.70000 25.00200 114.81100
16 3 21 18 19 46561.80000 10.28900000 1491.43000 166.64000 25.00200 114.81100
16 3 21 18 19 46585.80000 10.29400000 1492.64000 166.62000 25.00200 114.81100
16 3 21 18 19 46557.20000 10.29400000 1492.64000 166.63000 25.08500 114.81100
16 3 21 18 20 46513.90000 10.29400000 1492.19000 166.48000 25.08500 114.81100
16 3 21 18 20 46541.90000 10.29400000 1492.22000 166.50000 25.08500 114.81100
16 3 21 18 21 46514.70000 10.29400000 1492.01000 166.56000 25.05500 114.81100
16 3 21 18 21 46500.10000 10.29400000 1490.82000 166.48000 25.05500 115.36900
16 3 21 18 22 46500.10000 10.29400000 1490.17000 166.49000 25.05500 115.36900
16 3 21 18 22 46500.00000 10.29400000 1490.35000 166.39000 25.05500 115.36900
16 3 21 18 22 46467.10000 10.29400000 1491.22000 166.36000 25.05500 115.36900
16 3 21 18 23 46527.80000 10.29400000 1491.95000 166.55000 25.05500 115.02600
16 3 21 18 23 46553.90000 10.29400000 1492.53000 166.64000 25.05500 115.02600
16 3 21 18 24 46577.30000 10.26000000 1493.45000 166.64000 25.05500 115.29200
16 3 21 18 24 46563.90000 10.26000000 1493.45000 166.64000 25.05500 115.29200
16 3 21 18 25 46568.70000 10.31500000 1494.08000 166.64000 25.05500 115.29200
16 3 21 18 25 46612.90000 10.31500000 1495.82000 166.72000 25.05500 115.29200
16 3 21 18 25 46578.10000 10.31500000 1496.12000 166.76000 25.05500 115.29200
16 3 21 18 26 46553.00000 10.26600000 1495.39000 166.45000 25.05500 115.29200
16 3 21 18 26 46559.00000 10.26600000 1495.55000 166.52000 25.05500 115.29200
16 3 21 18 27 46506.40000 10.27700000 1494.31000 166.55000 25.05500 115.29200
16 3 21 18 27 46525.50000 10.27700000 1493.89000 166.55000 25.05500 115.29200
16 3 21 18 28 46519.70000 10.27700000 1493.64000 166.40000 25.05500 115.23200
16 3 21 18 28 46555.40000 10.27700000 1493.86000 166.53000 25.05500 115.23200
16 3 21 18 28 46562.30000 10.27700000 1494.05000 166.48000 25.05500 115.23200
16 3 21 18 29 46533.50000 10.27700000 1493.90000 166.45000 25.05500 115.23200
16 3 21 18 29 46541.20000 10.27700000 1493.90000 166.35000 25.05500 115.23200
16 3 21 18 30 46532.90000 10.27700000 1492.25000 166.06000 25.05500 115.23200
16 3 21 18 30 46541.10000 10.27700000 1493.19000 166.06000 25.05500 115.23200
16 3 21 18 31 46546.10000 10.27700000 1493.01000 166.35000 25.05500 115.23200
16 3 21 18 31 46561.50000 10.27700000 1495.38000 166.70000 25.05500 115.23200
16 3 21 18 31 46562.40000 10.27700000 1494.67000 166.53000 25.05500 115.23200
16 3 21 18 32 46570.50000 10.30300000 1495.20000 166.53000 25.05500 115.23200
16 3 21 18 32 46577.20000 10.30300000 1494.25000 166.53000 25.05500 115.23200
16 3 21 18 33 46595.20000 10.30300000 1495.45000 166.60000 25.05500 115.23200
16 3 21 18 33 46600.90000 10.30300000 1495.44000 166.60000 25.05500 115.23200
16 3 21 18 34 46577.90000 10.30300000 1494.07000 166.60000 25.05500 115.23200
16 3 21 18 34 46560.10000 10.30300000 1494.06000 166.45000 25.05500 115.23200
16 3 21 18 34 46550.10000 10.30300000 1492.91000 166.45000 25.05500 115.23200
16 3 21 18 35 46537.00000 10.30300000 1492.90000 166.45000 25.05500 115.23200
16 3 21 18 35 46564.00000 10.30300000 1493.68000 166.36000 25.05500 115.23200
16 3 21 18 36 46564.00000 10.30300000 1493.36000 166.36000 25.05500 115.23200
16 3 21 18 36 46563.90000 10.30300000 1493.53000 166.36000 25.05500 115.23200
16 3 21 18 37 46564.00000 10.30300000 1493.67000 166.18000 25.05500 115.23200
