M=[
29 5 20 18 15 8483.00000 6.52300000 198.59000 40.25000 11.56700 41.92800
29 5 20 18 15 8487.10000 6.52300000 198.59000 40.29000 11.56700 41.92800
29 5 20 18 16 8488.70000 6.52300000 198.74000 40.29000 11.56700 41.92800
29 5 20 18 16 8488.30000 6.52300000 198.74000 40.29000 11.56700 41.92800
29 5 20 18 17 8488.30000 6.51800000 198.74000 40.26000 11.56700 41.92800
29 5 20 18 17 8484.30000 6.51800000 198.74000 40.26000 11.56700 41.92800
29 5 20 18 18 8488.10000 6.51800000 198.74000 40.26000 11.56700 41.90000
29 5 20 18 18 8483.40000 6.51800000 198.74000 40.26000 11.52900 41.90000
29 5 20 18 19 8493.70000 6.51800000 198.80000 40.28000 11.56700 41.90000
29 5 20 18 19 8493.10000 6.51800000 199.01000 40.28000 11.56700 41.90000
29 5 20 18 20 8493.10000 6.52300000 198.94000 40.28000 11.56700 41.90000
29 5 20 18 20 8497.80000 6.51800000 198.89000 40.28000 11.52900 41.90000
29 5 20 18 21 8496.70000 6.51800000 198.92000 40.28000 11.56700 41.90000
29 5 20 18 21 8499.00000 6.51800000 198.99000 40.29000 11.56700 41.90000
29 5 20 18 22 8499.00000 6.51800000 199.14000 40.29000 11.56700 41.90000
29 5 20 18 22 8496.70000 6.51800000 199.14000 40.29000 11.56700 41.90000
29 5 20 18 23 8496.70000 6.51800000 199.14000 40.29000 11.56700 41.90000
29 5 20 18 23 8498.50000 6.51800000 199.14000 40.28000 11.52900 41.90000
29 5 20 18 24 8498.40000 6.51800000 199.22000 40.29000 11.56700 41.90000
29 5 20 18 24 8496.50000 6.51800000 199.22000 40.29000 11.56700 41.90000
29 5 20 18 25 8502.30000 6.51800000 199.22000 40.32000 11.56700 41.90000
29 5 20 18 25 8496.60000 6.51800000 199.22000 40.32000 11.56700 41.90000
29 5 20 18 26 8501.90000 6.51800000 199.21000 40.32000 11.56700 41.90000
29 5 20 18 26 8492.10000 6.51800000 199.21000 40.32000 11.56700 41.90000
29 5 20 18 27 8483.00000 6.51800000 199.00000 40.32000 11.56700 41.90000
29 5 20 18 27 8477.00000 6.51800000 198.50000 40.32000 11.56700 41.90000
29 5 20 18 28 8483.60000 6.51800000 198.55000 40.32000 11.56700 41.87100
29 5 20 18 29 8486.70000 6.51800000 198.52000 40.32000 11.56700 41.87100
29 5 20 18 29 8483.10000 6.51400000 198.61000 40.32000 11.56700 41.92800
29 5 20 18 30 8488.10000 6.51400000 198.60000 40.25000 11.56700 41.87100
29 5 20 18 30 8488.10000 6.51400000 198.64000 40.26000 11.56700 41.87100
29 5 20 18 31 8497.50000 6.51400000 198.61000 40.26000 11.56700 41.87100
29 5 20 18 31 8497.20000 6.51400000 198.56000 40.26000 11.56700 41.87100
29 5 20 18 32 8497.10000 6.51400000 198.73000 40.26000 11.56700 41.87100
29 5 20 18 32 8499.20000 6.51400000 198.73000 40.26000 11.56700 41.87100
29 5 20 18 33 8497.90000 6.51400000 198.77000 40.26000 11.56700 41.87100
29 5 20 18 33 8489.30000 6.51400000 198.70000 40.26000 11.56700 41.87100
29 5 20 18 34 8484.70000 6.51400000 198.70000 40.26000 11.56700 41.87100
29 5 20 18 34 8483.10000 6.51400000 198.65000 40.26000 11.56700 41.87100
29 5 20 18 35 8488.60000 6.51800000 198.58000 40.26000 11.56700 41.88800
29 5 20 18 35 8494.70000 6.51400000 198.58000 40.26000 11.56700 41.90800
29 5 20 18 36 8486.60000 6.51400000 198.97000 40.26000 11.56700 41.90800
29 5 20 18 36 8494.00000 6.51400000 199.03000 40.26000 11.56700 41.90800
29 5 20 18 37 8493.90000 6.52000000 199.06000 40.26000 11.56700 41.90800
29 5 20 18 37 8490.70000 6.52000000 199.06000 40.26000 11.56700 41.90800
29 5 20 18 38 8489.10000 6.52000000 198.93000 40.26000 11.56700 41.90800
29 5 20 18 38 8494.50000 6.52000000 198.93000 40.22000 11.56700 41.90800
29 5 20 18 39 8489.00000 6.52000000 199.00000 40.22000 11.56700 41.90800
29 5 20 18 39 8488.90000 6.52000000 199.00000 40.27000 11.56700 41.90800
29 5 20 18 40 8495.10000 6.51400000 199.00000 40.27000 11.56700 41.90800
29 5 20 18 40 8495.30000 6.51400000 199.07000 40.27000 11.56700 41.90800
29 5 20 18 41 8488.20000 6.52000000 199.01000 40.27000 11.56700 41.90800
29 5 20 18 41 8484.30000 6.52000000 199.01000 40.27000 11.56700 41.90800
29 5 20 18 42 8489.50000 6.52000000 199.01000 40.22000 11.56700 41.90800
29 5 20 18 42 8486.00000 6.51700000 199.05000 40.27000 11.56700 41.90800
29 5 20 18 43 8489.50000 6.51700000 199.01000 40.27000 11.56700 41.90800
29 5 20 18 43 8489.40000 6.51700000 199.03000 40.27000 11.56700 41.90800
29 5 20 18 44 8489.50000 6.51700000 198.99000 40.22000 11.56700 41.90800
29 5 20 18 44 8489.40000 6.51700000 199.02000 40.21000 11.56700 41.90800
29 5 20 18 45 8489.40000 6.51700000 198.96000 40.21000 11.56700 41.90800
29 5 20 18 45 8488.20000 6.51700000 198.99000 40.22000 11.56700 41.90800
29 5 20 18 46 8486.20000 6.51700000 198.96000 40.24000 11.56700 41.90800
29 5 20 18 46 8488.30000 6.51700000 198.96000 40.24000 11.56700 41.90800
29 5 20 18 47 8489.40000 6.51700000 198.93000 40.24000 11.56700 41.90800
29 5 20 18 47 8488.90000 6.51700000 198.74000 40.24000 11.56700 41.90800
29 5 20 18 48 8488.90000 6.51700000 198.63000 40.24000 11.56700 41.90800
29 5 20 18 48 8488.90000 6.51700000 198.63000 40.24000 11.56700 41.90800
29 5 20 18 49 8488.90000 6.51700000 198.63000 40.15000 11.56700 41.90800
29 5 20 18 49 8488.80000 6.51700000 198.63000 40.15000 11.56700 41.90800
29 5 20 18 50 8482.10000 6.51400000 198.63000 40.15000 11.56700 41.90800
29 5 20 18 50 8482.10000 6.51700000 198.59000 40.15000 11.56700 41.87100
29 5 20 18 51 8488.90000 6.51700000 198.64000 40.15000 11.56700 41.90400
29 5 20 18 51 8494.80000 6.51700000 198.64000 40.15000 11.56700 41.90400
29 5 20 18 52 8494.30000 6.51700000 198.81000 40.15000 11.56700 41.90400
29 5 20 18 52 8494.80000 6.51700000 198.81000 40.15000 11.56700 41.90400
29 5 20 18 53 8494.30000 6.51700000 198.79000 40.15000 11.56700 41.90400
29 5 20 18 53 8494.30000 6.51700000 198.79000 40.15000 11.52900 41.90400
29 5 20 18 54 8494.20000 6.51900000 198.81000 40.15000 11.56700 41.89000
29 5 20 18 54 8494.30000 6.51900000 198.81000 40.15000 11.56700 41.90800
29 5 20 18 55 8505.10000 6.52000000 198.81000 40.15000 11.56700 41.93800
29 5 20 18 55 8506.90000 6.52000000 198.81000 40.15000 11.56700 41.93800
29 5 20 18 56 8509.20000 6.51900000 199.05000 40.28000 11.57500 41.93800
29 5 20 18 56 8509.20000 6.52000000 199.10000 40.28000 11.57500 41.93800
29 5 20 18 57 8509.80000 6.51900000 199.17000 40.28000 11.57500 41.93800
29 5 20 18 57 8511.00000 6.52000000 199.14000 40.28000 11.57500 41.93800
29 5 20 18 58 8511.70000 6.52000000 199.17000 40.27000 11.57500 41.99200
29 5 20 18 58 8510.90000 6.52000000 199.17000 40.27000 11.57500 41.99200
29 5 20 18 59 8505.20000 6.52000000 199.03000 40.27000 11.57500 41.99200
29 5 20 18 59 8505.20000 6.52000000 199.14000 40.27000 11.57500 41.99200
29 5 20 19 00 8501.90000 6.52000000 199.05000 40.28000 11.57500 41.99200
29 5 20 19 00 8501.60000 6.52000000 198.99000 40.27000 11.57500 41.99200
29 5 20 19 01 8505.20000 6.52000000 198.99000 40.27000 11.57500 41.99200
29 5 20 19 01 8492.80000 6.52000000 198.99000 40.28000 11.57500 41.99200
29 5 20 19 02 8492.10000 6.52000000 198.99000 40.27000 11.57500 41.99200
29 5 20 19 02 8492.70000 6.51900000 198.56000 40.27000 11.56700 41.99200
29 5 20 19 03 8493.90000 6.52000000 198.72000 40.27000 11.57500 41.99200
29 5 20 19 03 8493.40000 6.52000000 198.66000 40.27000 11.57500 41.99200
29 5 20 19 04 8496.00000 6.52000000 198.68000 40.27000 11.57500 41.99200
29 5 20 19 04 8500.40000 6.52000000 198.71000 40.27000 11.57500 41.99200
29 5 20 19 05 8502.60000 6.52000000 198.72000 40.27000 11.57500 41.99200
29 5 20 19 05 8502.60000 6.52000000 198.72000 40.27000 11.57500 41.99200
29 5 20 19 06 8502.30000 6.52000000 198.72000 40.27000 11.57500 41.99200
29 5 20 19 06 8503.10000 6.51700000 198.72000 40.27000 11.57500 41.99200
29 5 20 19 07 8502.30000 6.51700000 198.72000 40.27000 11.57500 41.99200
29 5 20 19 07 8502.40000 6.51700000 198.71000 40.27000 11.57500 41.99200
29 5 20 19 08 8502.30000 6.51700000 198.71000 40.27000 11.57500 41.99200
29 5 20 19 08 8486.30000 6.51700000 198.38000 40.27000 11.57500 41.99200
29 5 20 19 09 8486.70000 6.51700000 198.48000 40.27000 11.57500 41.99200
29 5 20 19 09 8489.70000 6.51700000 198.44000 40.28000 11.57500 41.99200
