M=[
19 2 21 10 11 43525.00000 12.58200000 1597.73000 192.62000 31.86500 148.00000
19 2 21 10 11 43525.00000 12.58200000 1597.40000 192.37000 31.86500 148.00000
19 2 21 10 11 43535.70000 12.58200000 1597.00000 192.40000 31.86500 148.03600
19 2 21 10 12 43548.00000 12.58200000 1597.06000 192.55000 31.86500 148.59800
19 2 21 10 12 43548.00000 12.58200000 1597.68000 192.32000 31.86500 148.59800
19 2 21 10 13 43548.00000 12.58200000 1597.72000 192.40000 31.86500 148.57700
19 2 21 10 13 43548.00000 12.58200000 1597.74000 192.44000 31.86500 148.57700
19 2 21 10 14 43547.90000 12.62700000 1597.05000 192.30000 31.86500 148.57700
19 2 21 10 14 43548.00000 12.62700000 1597.00000 192.21000 31.86500 148.57700
19 2 21 10 14 43548.00000 12.62700000 1597.01000 192.22000 31.86500 148.57700
19 2 21 10 15 43547.90000 12.62700000 1597.02000 192.04000 31.86500 148.57700
19 2 21 10 15 43547.40000 12.60000000 1597.01000 192.04000 31.86500 148.57700
19 2 21 10 16 43547.40000 12.60000000 1597.79000 192.55000 31.86500 148.42200
19 2 21 10 16 43545.20000 12.60000000 1598.00000 192.32000 31.86300 148.42200
19 2 21 10 17 43545.20000 12.60000000 1597.99000 192.32000 31.86300 148.52500
19 2 21 10 17 43545.30000 12.62800000 1597.37000 192.31000 31.86300 148.52500
19 2 21 10 17 43545.20000 12.62800000 1597.37000 192.31000 31.86300 148.57600
19 2 21 10 18 43545.30000 12.65000000 1597.37000 192.31000 31.86300 148.72200
19 2 21 10 18 43545.30000 12.65000000 1597.37000 192.19000 31.86300 148.72200
19 2 21 10 19 43536.60000 12.65000000 1597.37000 192.30000 31.86300 148.51000
19 2 21 10 19 43530.00000 12.65000000 1597.06000 192.22000 31.86300 148.47500
19 2 21 10 20 43530.00000 12.65000000 1597.01000 192.03000 31.86300 148.62300
19 2 21 10 20 43493.20000 12.65000000 1597.01000 191.56000 31.86300 148.62300
19 2 21 10 20 43500.00000 12.62700000 1597.00000 191.50000 31.86300 148.62700
19 2 21 10 21 43485.40000 12.65000000 1595.87000 191.50000 31.86300 148.62700
19 2 21 10 21 43483.90000 12.65000000 1596.06000 191.61000 31.86300 149.03800
19 2 21 10 22 43483.90000 12.65000000 1596.39000 191.76000 31.86300 149.03700
19 2 21 10 22 43518.90000 12.65000000 1596.80000 191.81000 31.86300 149.03700
19 2 21 10 23 43506.60000 12.65000000 1596.46000 191.77000 31.86300 149.03700
19 2 21 10 23 43491.70000 12.65000000 1596.87000 191.69000 31.86300 149.03700
19 2 21 10 23 43479.90000 12.65000000 1596.74000 191.68000 31.86300 149.03700
19 2 21 10 24 43486.30000 12.65000000 1595.86000 191.65000 31.86300 149.03700
19 2 21 10 24 43490.30000 12.65000000 1595.41000 191.56000 31.86300 149.03700
19 2 21 10 25 43463.00000 12.65000000 1595.01000 191.46000 31.86300 149.03700
19 2 21 10 25 43463.00000 12.64600000 1594.60000 191.41000 31.86300 149.12200
19 2 21 10 26 43453.60000 12.64600000 1594.61000 191.31000 31.86300 149.12200
19 2 21 10 26 43479.00000 12.64600000 1594.61000 191.31000 31.86100 149.12200
19 2 21 10 26 43497.80000 12.64000000 1594.61000 191.31000 31.86100 149.78600
19 2 21 10 27 43500.00000 12.64000000 1594.61000 191.48000 31.85900 150.03200
19 2 21 10 27 43500.00000 12.64000000 1594.60000 191.48000 31.85900 149.95100
19 2 21 10 28 43500.80000 12.64000000 1594.61000 191.44000 31.85900 149.23400
19 2 21 10 28 43524.80000 12.64000000 1594.61000 191.53000 31.85900 149.33100
19 2 21 10 29 43535.00000 12.64000000 1594.61000 191.53000 31.85900 149.51200
19 2 21 10 29 43532.80000 12.64000000 1594.61000 191.53000 31.85200 149.51200
19 2 21 10 29 43535.00000 12.64000000 1594.58000 191.46000 31.85200 149.51200
19 2 21 10 30 43535.00000 12.64000000 1594.00000 191.48000 31.85200 150.03600
19 2 21 10 30 43545.00000 12.64000000 1594.01000 191.49000 31.85200 150.03600
19 2 21 10 31 43545.00000 12.64000000 1593.30000 191.49000 31.85200 150.03600
19 2 21 10 31 43545.00000 12.64000000 1593.01000 191.50000 31.70800 150.23700
19 2 21 10 32 43538.50000 12.64000000 1593.00000 191.49000 31.70800 150.34600
19 2 21 10 32 43538.50000 12.64000000 1592.70000 191.37000 31.70800 150.34600
19 2 21 10 32 43535.10000 12.64000000 1592.13000 191.34000 31.70800 150.34600
19 2 21 10 33 43535.00000 12.64000000 1592.13000 191.33000 31.65100 150.35000
19 2 21 10 33 43544.40000 12.64000000 1592.13000 191.41000 31.65100 150.35000
19 2 21 10 34 43544.40000 12.64000000 1592.55000 191.43000 31.65100 150.34600
19 2 21 10 34 43536.90000 12.64000000 1592.85000 191.50000 31.65100 150.51000
19 2 21 10 34 43535.20000 12.64000000 1592.85000 191.50000 31.65100 150.51000
19 2 21 10 35 43542.80000 12.64000000 1591.97000 191.49000 31.65100 151.00000
19 2 21 10 35 43559.80000 12.63900000 1592.15000 191.66000 31.65100 151.46100
19 2 21 10 36 43567.30000 12.63900000 1592.09000 191.66000 31.65100 151.57900
19 2 21 10 36 43563.10000 12.63900000 1591.36000 191.67000 31.65100 151.62000
19 2 21 10 37 43569.90000 12.63900000 1591.24000 191.61000 31.74800 151.48900
19 2 21 10 37 43569.90000 12.63900000 1591.38000 191.67000 31.60000 151.36700
19 2 21 10 37 43569.90000 12.63900000 1591.03000 191.67000 31.60000 151.36700
19 2 21 10 38 43567.20000 12.63900000 1590.04000 191.67000 31.60000 151.26300
19 2 21 10 38 43557.10000 12.63900000 1590.74000 191.52000 31.60000 150.97900
19 2 21 10 39 43567.90000 12.56500000 1591.04000 191.63000 31.60000 150.92400
19 2 21 10 39 43562.30000 12.56500000 1590.46000 191.70000 31.71300 150.92400
19 2 21 10 40 43570.00000 12.56500000 1590.91000 191.79000 31.71300 150.92400
19 2 21 10 40 43567.70000 12.56500000 1590.91000 191.82000 31.71300 150.70900
19 2 21 10 40 43564.70000 12.61400000 1591.00000 191.86000 31.71300 150.48500
19 2 21 10 41 43566.30000 12.61400000 1591.00000 191.86000 31.71300 150.73600
19 2 21 10 41 43569.50000 12.61900000 1591.00000 192.00000 31.71300 150.73600
19 2 21 10 42 43569.50000 12.61900000 1592.05000 192.00000 31.71300 150.46000
19 2 21 10 42 43563.80000 12.61900000 1591.47000 192.01000 31.71300 150.46000
19 2 21 10 43 43569.70000 12.61900000 1592.31000 192.02000 31.63600 150.46000
19 2 21 10 43 43570.00000 12.61900000 1592.50000 192.01000 31.63600 150.46000
19 2 21 10 43 43567.70000 12.59000000 1592.29000 192.00000 31.63600 150.93700
19 2 21 10 44 43570.00000 12.59000000 1593.00000 192.03000 31.63600 150.93700
19 2 21 10 44 43598.00000 12.59100000 1593.36000 192.04000 31.63600 150.93700
19 2 21 10 45 43619.70000 12.59100000 1592.48000 192.01000 31.63600 150.93700
19 2 21 10 45 43619.70000 12.59100000 1592.45000 192.00000 31.63600 151.51000
19 2 21 10 46 43619.60000 12.59100000 1592.17000 191.76000 31.63600 151.51000
19 2 21 10 46 43619.70000 12.59100000 1591.42000 191.76000 31.73500 151.51000
19 2 21 10 46 43586.60000 12.63800000 1591.52000 191.76000 31.73500 152.09900
19 2 21 10 47 43559.90000 12.62600000 1591.52000 191.61000 31.63600 152.59600
19 2 21 10 47 43565.00000 12.62600000 1590.78000 191.78000 31.63600 152.60200
19 2 21 10 48 43582.80000 12.62600000 1591.72000 191.70000 31.63600 153.43800
19 2 21 10 48 43584.30000 12.62600000 1591.39000 191.70000 31.63500 153.43800
19 2 21 10 49 43585.70000 12.62600000 1591.57000 191.73000 31.63500 153.43800
19 2 21 10 49 43588.80000 12.62600000 1591.44000 191.66000 31.73600 153.19100
19 2 21 10 49 43579.20000 12.62600000 1591.50000 191.73000 31.73600 152.90000
19 2 21 10 50 43570.10000 12.62600000 1590.89000 191.66000 31.73600 154.03500
19 2 21 10 50 43562.50000 12.62600000 1591.62000 191.65000 31.73600 154.87600
19 2 21 10 51 43542.40000 12.62600000 1591.75000 191.65000 31.73600 154.95000
19 2 21 10 51 43501.60000 12.62600000 1591.05000 191.47000 31.73600 155.20900
19 2 21 10 52 43500.40000 12.62600000 1589.68000 191.12000 31.63600 155.06200
19 2 21 10 52 43481.00000 12.62600000 1589.72000 191.35000 31.63500 155.06200
19 2 21 10 52 43481.20000 12.62600000 1589.71000 191.35000 31.63500 156.05000
19 2 21 10 53 43483.50000 12.62600000 1589.41000 191.51000 31.63500 155.43900
19 2 21 10 53 43488.50000 12.62600000 1589.63000 191.47000 31.63500 155.43900
19 2 21 10 54 43484.70000 12.62600000 1589.58000 191.46000 31.63500 156.10100
