M=[
20 7 21 09 50 25112.50000 32.47400000 1470.73000 89.15000 15.32700 71.10100
20 7 21 09 50 25091.50000 32.47400000 1470.01000 89.01000 15.32700 71.10100
20 7 21 09 50 25101.50000 32.47400000 1471.41000 89.21000 15.32700 71.10100
20 7 21 09 51 25101.10000 32.47400000 1471.41000 89.21000 15.32700 71.10100
20 7 21 09 51 25102.20000 32.47400000 1471.45000 89.23000 15.32400 71.10100
20 7 21 09 52 25101.00000 32.49100000 1470.98000 89.20000 15.32400 71.10100
20 7 21 09 52 25085.20000 32.49100000 1471.42000 89.20000 15.32400 71.10100
20 7 21 09 53 25093.20000 32.49100000 1471.24000 89.20000 15.32400 71.10100
20 7 21 09 53 25093.10000 32.49100000 1470.48000 89.20000 15.32400 71.10100
20 7 21 09 53 25082.70000 32.49100000 1468.68000 89.03000 15.32400 71.10100
20 7 21 09 54 25073.00000 32.49100000 1467.35000 88.88000 15.32400 71.10100
20 7 21 09 54 25069.80000 32.49100000 1466.70000 88.88000 15.32400 71.10100
20 7 21 09 55 25060.00000 32.49100000 1465.85000 88.90000 15.32400 71.10100
20 7 21 09 55 25062.20000 32.49100000 1465.00000 88.90000 15.32400 71.10100
20 7 21 09 56 25052.60000 32.38300000 1463.01000 88.83000 15.32400 71.02300
20 7 21 09 56 25050.10000 32.40500000 1464.69000 88.67000 15.32400 71.02300
20 7 21 09 57 25057.70000 32.40500000 1465.59000 88.84000 15.32400 71.02300
20 7 21 09 57 25042.10000 32.40500000 1465.75000 88.82000 15.30300 71.02300
20 7 21 09 57 25034.10000 32.40500000 1465.40000 88.81000 15.30300 71.02300
20 7 21 09 58 24971.90000 32.38300000 1462.41000 88.55000 15.30300 71.01800
20 7 21 09 58 24902.30000 32.28900000 1459.44000 88.24000 15.30600 70.63000
20 7 21 09 59 24888.70000 32.28900000 1460.73000 88.24000 15.30600 70.80300
20 7 21 09 59 24917.20000 32.28900000 1461.26000 88.24000 15.30600 70.73300
20 7 21 10 00 24905.40000 32.28900000 1464.37000 88.43000 15.30600 70.73300
20 7 21 10 00 24904.40000 32.28900000 1463.30000 88.48000 15.30600 70.73300
20 7 21 10 00 24879.50000 32.20100000 1462.32000 88.41000 15.30600 70.73300
20 7 21 10 01 24874.10000 32.16000000 1461.50000 88.41000 15.30600 70.73300
20 7 21 10 01 24907.00000 32.30800000 1468.64000 88.81000 15.30600 70.73300
20 7 21 10 02 24945.80000 32.40400000 1471.74000 89.12000 15.30600 71.35900
20 7 21 10 02 25002.40000 32.59800000 1477.22000 89.32000 15.30600 71.35900
20 7 21 10 03 25004.80000 32.59800000 1475.78000 89.40000 15.30600 71.35900
20 7 21 10 03 25002.70000 32.56700000 1475.58000 89.30000 15.30600 71.47600
20 7 21 10 04 24997.60000 32.56000000 1473.83000 89.26000 15.30600 71.47600
20 7 21 10 04 24983.90000 32.44100000 1474.14000 89.11000 15.30600 71.47600
20 7 21 10 04 24959.30000 32.44100000 1471.84000 89.13000 15.30600 71.47600
20 7 21 10 05 24924.90000 32.44100000 1468.14000 88.94000 15.30600 71.47600
20 7 21 10 05 24947.20000 32.44100000 1471.92000 88.94000 15.30600 71.47600
20 7 21 10 06 24999.90000 32.44900000 1473.45000 89.11000 15.30600 71.47600
20 7 21 10 06 25004.80000 32.50100000 1474.72000 89.11000 15.30600 71.47600
20 7 21 10 07 24995.70000 32.50100000 1474.06000 89.25000 15.30600 71.47600
20 7 21 10 07 24997.80000 32.50100000 1472.12000 89.19000 15.30600 71.47600
20 7 21 10 07 24994.10000 32.56700000 1473.26000 89.19000 15.30600 71.47600
20 7 21 10 08 24989.40000 32.56700000 1472.72000 89.10000 15.30600 71.47600
20 7 21 10 08 24982.90000 32.56700000 1471.49000 89.09000 15.30600 71.47600
20 7 21 10 09 24977.30000 32.47100000 1471.93000 89.09000 15.30600 71.47600
20 7 21 10 09 24988.80000 32.43300000 1471.94000 89.09000 15.30600 71.47600
20 7 21 10 10 24992.60000 32.43300000 1473.06000 89.09000 15.30600 71.47600
20 7 21 10 10 24999.90000 32.43300000 1473.19000 89.16000 15.30600 71.47600
20 7 21 10 10 24997.20000 32.43300000 1473.19000 89.18000 15.30600 71.47600
20 7 21 10 11 24979.00000 32.54900000 1471.48000 89.16000 15.30600 71.47600
20 7 21 10 11 24975.30000 32.54900000 1471.82000 89.08000 15.32700 71.47600
20 7 21 10 12 24972.70000 32.45000000 1471.43000 89.02000 15.32700 70.97100
20 7 21 10 12 24955.00000 32.38100000 1470.65000 88.98000 15.32700 70.97100
20 7 21 10 13 24962.50000 32.38100000 1470.45000 88.98000 15.32700 70.97100
20 7 21 10 13 24965.30000 32.38400000 1470.64000 88.98000 15.32700 70.97100
20 7 21 10 14 24965.40000 32.38400000 1470.64000 88.95000 15.32700 70.97100
20 7 21 10 14 24956.90000 32.38400000 1470.64000 88.92000 15.32700 70.97100
20 7 21 10 14 24964.80000 32.38400000 1469.98000 88.92000 15.32700 70.97100
20 7 21 10 15 24965.00000 32.38400000 1470.63000 88.92000 15.32700 70.97100
20 7 21 10 15 24985.40000 32.43500000 1473.47000 89.13000 15.32700 70.97100
20 7 21 10 16 24999.00000 32.43600000 1475.00000 89.13000 15.32700 70.97100
20 7 21 10 16 25002.80000 32.50400000 1476.63000 89.30000 15.23700 70.97100
20 7 21 10 17 25004.70000 32.60000000 1477.59000 89.30000 15.23700 71.47000
20 7 21 10 17 24990.40000 32.60000000 1476.20000 89.40000 15.23700 71.47000
20 7 21 10 17 24991.80000 32.60000000 1475.17000 89.40000 15.23700 71.47000
20 7 21 10 18 25009.90000 32.61000000 1474.43000 89.23000 15.23700 71.47000
20 7 21 10 18 25010.00000 32.61000000 1476.41000 89.36000 15.23700 71.47000
20 7 21 10 19 25040.20000 32.61000000 1477.32000 89.48000 15.23700 71.47000
20 7 21 10 19 25034.10000 32.61000000 1477.88000 89.48000 15.23700 71.47000
20 7 21 10 20 25038.10000 32.61000000 1478.48000 89.48000 15.23700 71.47000
20 7 21 10 20 25045.70000 32.61000000 1478.58000 89.57000 15.23700 71.47000
20 7 21 10 21 25103.30000 32.76400000 1484.46000 89.85000 15.23700 71.47000
20 7 21 10 21 25108.20000 32.76400000 1481.28000 89.74000 15.23700 71.47000
20 7 21 10 21 25114.80000 32.76400000 1485.01000 89.89000 15.26100 71.47000
20 7 21 10 22 25112.90000 32.76400000 1483.51000 89.80000 15.26100 71.47000
20 7 21 10 22 25120.80000 32.76400000 1484.32000 89.89000 15.26100 71.47000
20 7 21 10 23 25104.20000 32.76400000 1483.86000 89.96000 15.26100 71.47000
20 7 21 10 23 25106.20000 32.76400000 1483.40000 89.89000 15.22200 71.47000
20 7 21 10 24 25090.20000 32.76400000 1481.39000 89.79000 15.21600 71.47000
20 7 21 10 24 25107.60000 32.76400000 1481.96000 89.83000 15.18400 71.47000
20 7 21 10 24 25108.50000 32.76400000 1481.76000 89.83000 15.18400 71.47000
20 7 21 10 25 25084.80000 32.76400000 1480.48000 89.68000 15.18400 71.47000
20 7 21 10 25 25096.70000 32.76400000 1480.27000 89.68000 15.18400 71.47000
20 7 21 10 26 25096.70000 32.76400000 1480.27000 89.70000 15.18400 71.47000
20 7 21 10 26 25096.70000 32.76400000 1478.97000 89.70000 15.18400 71.47000
20 7 21 10 27 25090.20000 32.57800000 1479.14000 89.70000 15.18400 71.47000
20 7 21 10 27 25123.80000 32.57800000 1479.76000 89.74000 15.18400 71.47000
20 7 21 10 27 25134.20000 32.67900000 1482.76000 89.95000 15.18400 71.47000
20 7 21 10 28 25123.90000 32.67900000 1480.72000 89.91000 15.18400 71.47000
20 7 21 10 28 25140.40000 32.67900000 1481.81000 89.91000 15.18400 71.58000
20 7 21 10 29 25140.00000 32.67900000 1482.62000 89.93000 15.18400 71.58000
20 7 21 10 29 25147.20000 32.67900000 1482.77000 90.03000 15.18400 71.58000
20 7 21 10 30 25138.70000 32.73900000 1482.78000 90.02000 15.18400 71.58000
20 7 21 10 30 25122.60000 32.73900000 1481.01000 90.02000 15.18400 71.58000
20 7 21 10 31 25126.90000 32.73900000 1482.00000 90.02000 15.18400 71.58000
20 7 21 10 31 25134.00000 32.73900000 1481.96000 90.02000 15.09000 71.58000
20 7 21 10 31 25134.20000 32.73900000 1482.04000 90.02000 15.09000 71.58000
20 7 21 10 32 25127.10000 32.73900000 1481.64000 89.86000 15.09000 71.58000
20 7 21 10 32 25121.90000 32.73900000 1481.84000 89.86000 15.09000 71.58000
20 7 21 10 33 25121.90000 32.73900000 1480.64000 89.71000 15.09000 71.58000
20 7 21 10 33 25122.00000 32.73900000 1481.83000 89.71000 15.09000 71.58000
20 7 21 10 34 25127.10000 32.73900000 1481.64000 89.74000 15.09000 71.58000
20 7 21 10 34 25127.00000 32.73900000 1482.78000 89.76000 15.09700 71.58000
20 7 21 10 34 25122.10000 32.73900000 1481.97000 89.76000 15.09700 71.58000
20 7 21 10 35 25122.10000 32.73900000 1482.41000 89.73000 15.09700 71.58000
