M=[
21 11 20 20 58 15700.10000 5.36900000 454.99000 72.13000 14.07000 58.48100
21 11 20 20 58 15700.10000 5.36900000 454.52000 72.10000 14.07000 58.48100
21 11 20 20 58 15700.10000 5.36900000 454.52000 72.10000 14.07000 58.48100
21 11 20 20 59 15700.90000 5.36900000 455.05000 72.20000 14.07000 58.48100
21 11 20 20 59 15704.20000 5.36900000 455.05000 72.16000 14.07000 58.48100
21 11 20 21 00 15700.90000 5.36900000 455.05000 72.16000 14.07000 58.48100
21 11 20 21 00 15700.20000 5.36900000 455.05000 72.16000 14.07000 58.48100
21 11 20 21 01 15691.70000 5.36900000 455.04000 72.10000 14.07000 58.48100
21 11 20 21 01 15690.10000 5.36900000 455.04000 72.01000 14.07000 58.48100
21 11 20 21 01 15684.50000 5.36400000 454.58000 71.94000 14.07000 58.48100
21 11 20 21 02 15686.90000 5.36400000 454.59000 71.94000 14.07000 58.48100
21 11 20 21 02 15693.70000 5.36400000 454.61000 71.88000 14.07000 58.48100
21 11 20 21 03 15679.30000 5.36400000 454.35000 71.92000 14.07000 58.48100
21 11 20 21 03 15678.80000 5.36400000 454.23000 71.91000 14.07000 58.48100
21 11 20 21 04 15685.00000 5.36400000 454.49000 71.91000 14.07000 58.48100
21 11 20 21 04 15681.10000 5.36400000 454.49000 71.85000 14.07000 58.51500
21 11 20 21 04 15680.70000 5.36400000 455.00000 71.87000 14.07000 58.51500
21 11 20 21 05 15682.20000 5.36400000 455.00000 71.71000 14.07000 58.51500
21 11 20 21 05 15681.70000 5.36400000 454.37000 71.76000 14.07000 58.51500
21 11 20 21 06 15679.10000 5.36400000 454.23000 71.68000 14.07000 58.49600
21 11 20 21 06 15671.20000 5.35000000 454.00000 71.73000 14.07000 58.49600
21 11 20 21 07 15671.20000 5.35000000 453.86000 71.64000 14.07000 58.49600
21 11 20 21 07 15671.20000 5.35000000 453.90000 71.64000 14.07000 58.49600
21 11 20 21 07 15670.10000 5.35000000 453.32000 71.64000 14.07000 58.49600
21 11 20 21 08 15631.00000 5.35000000 453.45000 71.65000 14.07000 58.49600
21 11 20 21 08 15648.80000 5.35000000 453.45000 71.60000 14.07000 58.49600
21 11 20 21 09 15641.40000 5.34100000 453.10000 71.54000 14.07000 58.49600
21 11 20 21 09 15651.80000 5.34100000 453.10000 71.54000 14.07000 58.49600
21 11 20 21 10 15671.50000 5.34100000 453.06000 71.56000 14.07000 58.49600
21 11 20 21 10 15654.80000 5.34100000 453.03000 71.56000 14.07000 58.40800
21 11 20 21 10 15653.80000 5.35100000 453.05000 71.54000 14.07000 58.40800
21 11 20 21 11 15651.40000 5.35100000 453.09000 71.56000 14.07000 58.51900
21 11 20 21 11 15665.40000 5.35100000 453.10000 71.57000 14.07000 58.51900
21 11 20 21 12 15663.80000 5.35100000 453.08000 71.57000 14.07000 58.51900
21 11 20 21 12 15663.90000 5.35100000 453.76000 71.57000 14.07000 58.51900
21 11 20 21 13 15659.80000 5.35100000 453.32000 71.69000 14.07100 58.51900
21 11 20 21 13 15670.40000 5.32100000 453.36000 71.69000 14.07100 58.51900
21 11 20 21 13 15671.50000 5.32100000 453.38000 71.75000 14.07100 58.51900
21 11 20 21 14 15650.20000 5.32100000 453.28000 71.66000 14.07100 58.51900
21 11 20 21 14 15648.90000 5.32100000 452.73000 71.52000 14.07100 58.51900
21 11 20 21 15 15646.60000 5.32100000 452.04000 71.51000 14.07100 58.62200
21 11 20 21 15 15655.20000 5.30100000 453.02000 71.64000 14.07100 58.62200
21 11 20 21 16 15664.50000 5.30100000 452.93000 71.62000 14.07000 58.62200
21 11 20 21 16 15665.10000 5.30100000 452.92000 71.65000 14.07000 58.62200
21 11 20 21 16 15667.40000 5.30100000 453.49000 71.73000 14.07000 58.63500
21 11 20 21 17 15666.30000 5.30100000 453.48000 71.73000 14.07000 58.63500
21 11 20 21 17 15663.30000 5.30100000 453.39000 71.73000 14.07000 58.63500
21 11 20 21 18 15665.10000 5.30100000 453.49000 71.73000 14.07000 58.63500
21 11 20 21 18 15660.00000 5.30100000 453.49000 71.67000 14.07000 58.63400
21 11 20 21 19 15666.30000 5.30100000 453.49000 71.67000 14.07000 58.63400
21 11 20 21 19 15668.70000 5.30100000 453.50000 71.68000 14.07000 58.63400
21 11 20 21 19 15656.50000 5.30100000 453.49000 71.70000 14.07000 58.63400
21 11 20 21 20 15654.90000 5.30100000 453.27000 71.65000 14.07000 58.63400
21 11 20 21 20 15657.70000 5.30100000 453.22000 71.78000 14.07000 58.80000
21 11 20 21 21 15656.40000 5.30100000 453.50000 71.81000 14.07000 58.80000
21 11 20 21 21 15659.00000 5.30100000 453.49000 71.81000 14.07000 58.80000
21 11 20 21 22 15659.10000 5.30100000 453.70000 71.82000 14.07000 58.80000
21 11 20 21 22 15659.10000 5.30100000 453.72000 71.83000 14.07000 58.80000
21 11 20 21 22 15659.10000 5.30100000 453.72000 71.85000 14.07000 58.80000
21 11 20 21 23 15654.60000 5.30100000 453.51000 71.82000 14.07000 58.80000
21 11 20 21 23 15659.00000 5.30100000 453.51000 71.79000 14.07000 58.80000
21 11 20 21 24 15661.20000 5.30100000 453.51000 71.82000 14.07000 58.80000
21 11 20 21 24 15671.60000 5.30100000 453.73000 71.82000 14.07000 58.80000
21 11 20 21 25 15682.20000 5.30100000 453.93000 71.82000 14.07000 59.08800
21 11 20 21 25 15682.40000 5.30100000 453.93000 71.82000 14.07000 58.97000
21 11 20 21 25 15679.90000 5.30100000 454.35000 71.82000 14.07000 58.97000
21 11 20 21 26 15689.20000 5.30100000 454.45000 71.82000 14.07000 58.97000
21 11 20 21 26 15675.40000 5.30100000 454.30000 71.84000 14.07000 58.97000
21 11 20 21 27 15676.00000 5.30100000 454.42000 71.84000 14.07000 58.97000
21 11 20 21 27 15686.70000 5.30100000 454.31000 71.84000 14.07000 59.17200
21 11 20 21 28 15686.60000 5.30100000 454.43000 71.85000 14.07000 59.17200
21 11 20 21 28 15675.40000 5.30100000 454.44000 71.83000 14.07000 59.17200
21 11 20 21 28 15677.40000 5.30100000 454.30000 71.80000 14.07000 59.17200
21 11 20 21 29 15671.10000 5.30100000 454.23000 71.76000 14.07000 59.17200
21 11 20 21 29 15663.00000 5.31300000 453.92000 71.78000 14.07000 59.17200
21 11 20 21 30 15669.40000 5.31300000 453.88000 71.78000 14.07000 59.17200
21 11 20 21 30 15671.50000 5.31300000 454.08000 71.78000 14.07000 59.17200
21 11 20 21 31 15681.60000 5.31300000 454.08000 71.78000 14.07000 59.17200
21 11 20 21 31 15679.70000 5.31300000 454.44000 71.85000 14.07000 59.17200
21 11 20 21 31 15683.10000 5.31300000 454.83000 71.86000 14.07000 59.17200
21 11 20 21 32 15679.00000 5.31300000 454.85000 71.87000 14.07000 59.17200
21 11 20 21 32 15679.00000 5.31300000 455.21000 71.87000 14.07000 59.17200
21 11 20 21 33 15679.00000 5.31300000 455.05000 71.91000 14.07000 59.17200
21 11 20 21 33 15679.00000 5.33300000 454.96000 71.90000 14.07000 59.17200
21 11 20 21 34 15679.00000 5.33300000 454.96000 71.90000 14.07000 59.17200
21 11 20 21 34 15673.70000 5.33300000 454.95000 71.94000 14.07000 59.17200
21 11 20 21 34 15679.00000 5.33200000 455.02000 71.98000 14.07000 59.17200
21 11 20 21 35 15679.00000 5.33200000 455.02000 71.98000 14.07000 59.17200
21 11 20 21 35 15678.90000 5.33200000 455.32000 72.06000 14.07000 59.17200
21 11 20 21 36 15678.90000 5.33200000 455.29000 72.06000 14.07000 59.17200
21 11 20 21 36 15679.00000 5.33200000 455.30000 72.06000 14.07000 59.17200
21 11 20 21 37 15678.90000 5.33200000 454.95000 72.06000 14.07000 59.17200
21 11 20 21 37 15678.90000 5.33200000 454.80000 72.06000 14.07000 59.17200
21 11 20 21 37 15670.60000 5.33200000 454.41000 71.93000 14.07000 59.17200
21 11 20 21 38 15667.90000 5.33200000 454.41000 71.90000 14.07000 59.38700
21 11 20 21 38 15675.70000 5.33200000 455.06000 72.16000 14.07000 59.38700
21 11 20 21 39 15671.80000 5.34600000 454.94000 72.16000 14.07000 59.38700
21 11 20 21 39 15671.80000 5.34600000 455.23000 72.16000 14.07000 59.38700
21 11 20 21 40 15675.00000 5.34600000 455.43000 72.16000 14.07000 59.47400
21 11 20 21 40 15676.00000 5.34600000 455.54000 72.26000 14.07000 59.47400
21 11 20 21 40 15675.90000 5.34600000 455.54000 72.35000 14.07000 59.47400
21 11 20 21 41 15679.00000 5.34600000 455.89000 72.44000 14.07000 59.54900
21 11 20 21 41 15679.00000 5.35800000 455.89000 72.44000 14.07000 59.54900
21 11 20 21 42 15678.90000 5.35800000 455.89000 72.44000 14.07000 59.54900
21 11 20 21 42 15696.60000 5.36700000 456.00000 72.44000 14.07000 59.55000
21 11 20 21 43 15710.50000 5.36700000 456.00000 72.44000 14.07000 59.55000
