M=[
13 12 20 03 22 15544.60000 4.92100000 468.50000 63.01000 14.23700 54.36600
13 12 20 03 22 15530.50000 4.92100000 468.50000 63.01000 14.23700 54.36600
13 12 20 03 23 15530.50000 4.92100000 468.50000 62.93000 14.23700 54.36600
13 12 20 03 23 15530.50000 4.92100000 467.78000 62.93000 14.23700 54.36600
13 12 20 03 23 15530.50000 4.92100000 467.70000 62.93000 14.23700 54.36600
13 12 20 03 24 15530.10000 4.92100000 467.70000 62.85000 14.23700 54.36600
13 12 20 03 24 15530.30000 4.92100000 467.70000 62.85000 14.23700 54.36600
13 12 20 03 25 15530.30000 4.92100000 467.70000 62.85000 14.23700 54.36600
13 12 20 03 25 15530.30000 4.92100000 467.70000 62.85000 14.23700 54.36600
13 12 20 03 26 15530.30000 4.92100000 467.70000 62.85000 14.23700 54.36600
13 12 20 03 26 15530.30000 4.92100000 467.70000 62.85000 14.23700 54.36600
13 12 20 03 26 15530.30000 4.92100000 467.70000 62.85000 14.23700 54.36600
13 12 20 03 27 15530.30000 4.92100000 467.70000 62.85000 14.23700 54.36600
13 12 20 03 27 15530.30000 4.92100000 467.70000 62.85000 14.23700 54.36600
13 12 20 03 28 15530.30000 4.92100000 467.70000 62.85000 14.23700 54.36600
13 12 20 03 28 15530.30000 4.92100000 467.83000 62.85000 14.23700 54.36600
13 12 20 03 29 15530.30000 4.92100000 467.83000 62.85000 14.23700 54.36600
13 12 20 03 29 15538.50000 4.92100000 467.83000 62.85000 14.23700 54.36600
13 12 20 03 29 15538.50000 4.92100000 467.83000 62.85000 14.23700 54.36600
13 12 20 03 30 15538.50000 4.92100000 467.83000 62.85000 14.23700 54.36600
13 12 20 03 30 15538.50000 4.92100000 467.83000 62.85000 14.23700 54.36600
13 12 20 03 31 15531.20000 4.92100000 467.83000 62.85000 14.23700 54.36600
13 12 20 03 31 15531.20000 4.92100000 467.83000 62.75000 14.23700 54.36600
13 12 20 03 32 15531.20000 4.92100000 467.79000 62.75000 14.23700 54.36600
13 12 20 03 32 15530.30000 4.92100000 467.79000 62.75000 14.23700 54.36600
13 12 20 03 32 15530.30000 4.92100000 467.79000 62.75000 14.23700 54.36600
13 12 20 03 33 15530.20000 4.92100000 467.79000 62.75000 14.23700 54.36600
13 12 20 03 33 15530.20000 4.92100000 467.79000 62.75000 14.23700 54.36600
13 12 20 03 34 15528.80000 4.92100000 467.79000 62.75000 14.23700 54.36600
13 12 20 03 34 15528.60000 4.92100000 467.79000 62.75000 14.23700 54.36600
13 12 20 03 35 15528.60000 4.92100000 467.79000 62.75000 14.23700 54.36600
13 12 20 03 35 15528.60000 4.92100000 467.79000 62.75000 14.23700 54.36600
13 12 20 03 35 15528.60000 4.92100000 467.79000 62.75000 14.23700 54.36600
13 12 20 03 36 15528.60000 4.92100000 467.79000 62.75000 14.23700 54.36600
13 12 20 03 36 15528.60000 4.92100000 467.79000 62.75000 14.23700 54.36600
13 12 20 03 37 15528.70000 4.92100000 467.79000 62.75000 14.23700 54.36600
13 12 20 03 37 15528.60000 4.92100000 467.79000 62.75000 14.23700 54.36600
13 12 20 03 38 15528.60000 4.92100000 467.79000 62.75000 14.23700 54.36600
13 12 20 03 38 15528.70000 4.92100000 467.79000 62.75000 14.23700 54.36600
13 12 20 03 38 15528.70000 4.92100000 467.79000 62.69000 14.23700 54.36600
13 12 20 03 39 15528.70000 4.92100000 467.79000 62.69000 14.23700 54.36600
13 12 20 03 39 15525.10000 4.92100000 467.79000 62.69000 14.23700 54.36600
13 12 20 03 40 15525.10000 4.92100000 467.79000 62.69000 14.23700 54.36600
13 12 20 03 40 15525.10000 4.92100000 467.79000 62.69000 14.23700 54.36600
13 12 20 03 41 15525.10000 4.92100000 467.79000 62.69000 14.23700 54.36600
13 12 20 03 41 15525.10000 4.92100000 467.79000 62.69000 14.23700 54.36600
13 12 20 03 41 15525.00000 4.92100000 467.79000 62.69000 14.23700 54.36600
13 12 20 03 42 15525.00000 4.92100000 467.53000 62.69000 14.23700 54.36600
13 12 20 03 42 15525.00000 4.92100000 467.53000 62.69000 14.23700 54.36600
13 12 20 03 43 15525.00000 4.92100000 467.53000 62.68000 14.23700 54.36600
13 12 20 03 43 15525.00000 4.92100000 467.48000 62.68000 14.23700 54.36600
13 12 20 03 44 15525.00000 4.92100000 467.48000 62.68000 14.23700 54.36600
13 12 20 03 44 15525.00000 4.92100000 467.48000 62.68000 14.23700 54.36600
13 12 20 03 44 15525.00000 4.92100000 467.48000 62.68000 14.23700 54.36600
13 12 20 03 45 15525.00000 4.92100000 467.47000 62.68000 14.23700 54.36600
13 12 20 03 45 15525.00000 4.92100000 467.47000 62.68000 14.23700 54.36600
13 12 20 03 46 15525.60000 4.92100000 467.51000 62.68000 14.23700 54.36600
13 12 20 03 46 15525.60000 4.92100000 467.51000 62.68000 14.23700 54.36600
13 12 20 03 47 15525.60000 4.92100000 467.51000 62.68000 14.23700 54.36600
13 12 20 03 47 15525.60000 4.92100000 467.51000 62.68000 14.23700 54.36600
13 12 20 03 47 15525.10000 4.92100000 467.30000 62.68000 14.23700 54.36600
13 12 20 03 48 15525.10000 4.92100000 467.30000 62.68000 14.23700 54.36600
13 12 20 03 48 15525.10000 4.92100000 467.30000 62.68000 14.23700 54.36600
13 12 20 03 49 15525.10000 4.92100000 467.30000 62.68000 14.23700 54.36600
13 12 20 03 49 15525.10000 4.92100000 467.30000 62.68000 14.23700 54.36600
13 12 20 03 50 15525.10000 4.92100000 467.30000 62.68000 14.23700 54.36600
13 12 20 03 50 15525.10000 4.92100000 467.30000 62.68000 14.23700 54.36600
13 12 20 03 50 15525.10000 4.92100000 467.30000 62.68000 14.23700 54.36600
13 12 20 03 51 15525.10000 4.92100000 467.89000 62.68000 14.23700 54.36600
13 12 20 03 51 15531.00000 4.92100000 467.93000 62.68000 14.23700 54.36600
13 12 20 03 52 15531.00000 4.92100000 467.87000 62.68000 14.23700 54.36600
13 12 20 03 52 15531.00000 4.92100000 467.71000 62.68000 14.23700 54.36600
13 12 20 03 53 15533.90000 4.92100000 467.66000 62.68000 14.23700 54.36600
13 12 20 03 53 15533.90000 4.92100000 467.49000 62.68000 14.23700 54.36600
13 12 20 03 53 15531.70000 4.92100000 467.49000 62.68000 14.23700 54.36600
13 12 20 03 54 15531.70000 4.92100000 467.49000 62.68000 14.23700 54.36600
13 12 20 03 54 15525.00000 4.92100000 467.49000 62.68000 14.23700 54.36600
13 12 20 03 55 15526.00000 4.92100000 467.49000 62.68000 14.23700 54.36600
13 12 20 03 55 15526.00000 4.92100000 467.49000 62.68000 14.23700 54.36600
13 12 20 03 56 15529.30000 4.92100000 467.49000 62.68000 14.23700 54.36600
13 12 20 03 56 15529.20000 4.92100000 467.50000 62.68000 14.23700 54.36600
13 12 20 03 56 15529.20000 4.92100000 467.50000 62.61000 14.23700 54.36600
13 12 20 03 57 15529.20000 4.92100000 467.50000 62.61000 14.23700 54.36600
13 12 20 03 57 15529.20000 4.92100000 467.50000 62.65000 14.23700 54.36600
13 12 20 03 58 15529.30000 4.92100000 467.50000 62.65000 14.23700 54.36600
13 12 20 03 58 15529.30000 4.92100000 467.50000 62.65000 14.23700 54.36600
13 12 20 03 59 15529.20000 4.92100000 467.51000 62.65000 14.23700 54.36600
13 12 20 03 59 15538.40000 4.92100000 467.51000 62.65000 14.23700 54.36600
13 12 20 03 59 15538.30000 4.92100000 467.61000 62.65000 14.23700 54.36600
13 12 20 04 00 15538.30000 4.92100000 467.61000 62.70000 14.23700 54.36600
13 12 20 04 00 15538.40000 4.92100000 467.61000 62.70000 14.23700 54.36600
13 12 20 04 01 15538.30000 4.92100000 467.61000 62.70000 14.23700 54.36600
13 12 20 04 01 15538.40000 4.92100000 467.61000 62.70000 14.23700 54.36600
13 12 20 04 02 15538.40000 4.92100000 467.81000 62.79000 14.23700 54.36600
13 12 20 04 02 15544.60000 4.92100000 467.93000 62.79000 14.23700 54.36600
13 12 20 04 02 15544.60000 4.92100000 467.93000 62.79000 14.23700 54.36600
13 12 20 04 03 15544.60000 4.92100000 467.93000 62.73000 14.23700 54.36600
13 12 20 04 03 15551.90000 4.93200000 468.12000 62.73000 14.23700 54.36600
13 12 20 04 04 15551.90000 4.93200000 468.10000 62.73000 14.23700 54.36600
13 12 20 04 04 15550.60000 4.93200000 468.16000 62.73000 14.23700 54.36600
13 12 20 04 05 15550.60000 4.93200000 468.16000 62.73000 14.23700 54.36600
13 12 20 04 05 15550.60000 4.93200000 468.16000 62.73000 14.23700 54.36600
13 12 20 04 05 15550.10000 4.93200000 468.16000 62.74000 14.23700 54.36600
13 12 20 04 06 15555.40000 4.91000000 468.16000 62.74000 14.23700 54.36600
13 12 20 04 06 15555.40000 4.91000000 468.16000 62.74000 14.23700 54.36600
13 12 20 04 07 15555.40000 4.91000000 468.16000 62.74000 14.23700 54.36600
