M=[
 5 4 21 16 33 50003.60000 12.92600000 1790.00000 177.85000 35.06700 160.46000
 5 4 21 16 34 50013.80000 12.92900000 1790.98000 178.28000 35.08500 160.50000
 5 4 21 16 34 50004.10000 12.92900000 1788.98000 178.29000 35.08500 160.50000
 5 4 21 16 35 50020.00000 12.92900000 1790.28000 178.45000 35.08500 160.50000
 5 4 21 16 35 50022.60000 12.92900000 1791.29000 178.82000 35.08500 160.50000
 5 4 21 16 35 50003.00000 12.92900000 1791.35000 178.88000 35.08500 160.50000
 5 4 21 16 36 50003.00000 12.92900000 1789.11000 178.79000 35.08500 160.50000
 5 4 21 16 36 50022.60000 12.92900000 1790.71000 178.75000 35.08500 160.50000
 5 4 21 16 37 50011.10000 12.92900000 1791.16000 179.11000 35.20300 160.50000
 5 4 21 16 37 49995.70000 12.92900000 1789.17000 178.96000 35.20100 160.50000
 5 4 21 16 38 49985.40000 12.92900000 1789.10000 178.95000 35.20100 160.50000
 5 4 21 16 38 49972.70000 12.92900000 1787.53000 178.79000 35.39700 160.47200
 5 4 21 16 38 49959.40000 12.92900000 1788.98000 179.00000 35.38500 160.47200
 5 4 21 16 39 49972.80000 12.92900000 1787.74000 179.09000 35.38500 160.47200
 5 4 21 16 39 49980.00000 12.92900000 1788.45000 179.49000 35.38500 160.47200
 5 4 21 16 40 49968.20000 12.92900000 1789.01000 179.54000 35.38500 160.47200
 5 4 21 16 40 49968.80000 13.00100000 1789.09000 179.48000 35.38500 160.47900
 5 4 21 16 41 49979.90000 13.01300000 1790.00000 179.67000 35.38500 160.47900
 5 4 21 16 41 49980.00000 13.02400000 1790.97000 179.84000 35.45200 160.48000
 5 4 21 16 41 49958.90000 13.05100000 1790.71000 180.00000 35.45200 160.48000
 5 4 21 16 42 49954.60000 13.05100000 1790.00000 180.19000 35.45200 160.63900
 5 4 21 16 42 49949.00000 13.08500000 1788.50000 179.99000 35.45200 160.63900
 5 4 21 16 43 49972.20000 13.08400000 1790.59000 179.75000 35.45200 160.63900
 5 4 21 16 43 49963.50000 13.08400000 1789.14000 180.00000 35.35800 160.63900
 5 4 21 16 44 49957.90000 13.07700000 1789.33000 179.86000 35.48500 160.63900
 5 4 21 16 44 49950.60000 13.07700000 1788.08000 179.79000 35.48500 160.63900
 5 4 21 16 45 49938.10000 13.07700000 1788.18000 179.79000 35.50000 160.63900
 5 4 21 16 45 49947.00000 13.08300000 1789.00000 179.68000 35.60900 160.63900
 5 4 21 16 45 49917.60000 13.03100000 1788.01000 179.71000 35.60900 160.63900
 5 4 21 16 46 49919.10000 13.09900000 1788.01000 179.40000 35.60900 160.63900
 5 4 21 16 46 49903.60000 13.09500000 1786.65000 178.87000 35.60900 160.48400
 5 4 21 16 47 49896.50000 13.07100000 1785.15000 179.22000 35.60900 160.48400
 5 4 21 16 47 49909.00000 13.08200000 1786.17000 178.77000 35.60900 160.48400
 5 4 21 16 48 49895.70000 13.08200000 1785.01000 178.77000 35.60900 160.48400
 5 4 21 16 48 49874.00000 13.08200000 1783.96000 178.64000 35.60900 160.66200
 5 4 21 16 48 49887.90000 13.08200000 1785.00000 178.45000 35.70400 160.66200
 5 4 21 16 49 49887.80000 12.97300000 1784.73000 178.38000 35.70400 160.48000
 5 4 21 16 49 49882.30000 13.00200000 1784.38000 178.70000 35.70400 160.48000
 5 4 21 16 50 49880.80000 13.00200000 1784.36000 178.83000 35.49700 160.48000
 5 4 21 16 50 49866.00000 13.00200000 1782.87000 178.54000 35.49700 160.48000
 5 4 21 16 51 49847.80000 13.01200000 1782.88000 178.60000 35.49700 160.28100
 5 4 21 16 51 49846.50000 13.01200000 1781.73000 178.47000 35.49700 160.28100
 5 4 21 16 51 49831.60000 13.01200000 1780.66000 178.37000 35.49700 159.94600
 5 4 21 16 52 49836.50000 12.98000000 1781.14000 178.47000 35.72000 159.94600
 5 4 21 16 52 49839.00000 12.98000000 1781.92000 178.50000 35.72000 159.94600
 5 4 21 16 53 49853.70000 13.00300000 1782.00000 178.75000 35.72000 159.94600
 5 4 21 16 53 49854.80000 13.00300000 1782.00000 178.75000 35.72000 159.97700
 5 4 21 16 54 49824.80000 13.00300000 1778.90000 178.34000 35.49600 159.97700
 5 4 21 16 54 49822.90000 13.00300000 1778.80000 178.19000 35.48600 159.99200
 5 4 21 16 54 49820.20000 13.00300000 1778.90000 178.14000 35.48500 159.99200
 5 4 21 16 55 49825.00000 13.00300000 1779.48000 178.00000 35.48500 159.99200
 5 4 21 16 55 49813.70000 12.89400000 1778.78000 178.13000 35.48500 160.04100
 5 4 21 16 56 49852.50000 12.91000000 1780.21000 178.13000 35.48500 160.04100
 5 4 21 16 56 49863.10000 12.91000000 1781.14000 178.38000 35.48500 160.04100
 5 4 21 16 57 49868.60000 12.91000000 1781.98000 178.38000 35.48500 160.04100
 5 4 21 16 57 49870.50000 12.91000000 1783.20000 178.52000 35.48500 160.04100
 5 4 21 16 57 49868.10000 12.91000000 1783.20000 178.39000 35.48500 160.04100
 5 4 21 16 58 49882.60000 12.91000000 1783.64000 178.48000 35.48500 160.04100
 5 4 21 16 58 49868.20000 12.92100000 1783.97000 178.48000 35.48400 160.04100
 5 4 21 16 59 49872.30000 12.92100000 1783.90000 178.66000 35.25400 160.04100
 5 4 21 16 59 49877.60000 12.92100000 1784.25000 178.74000 35.25400 161.29300
 5 4 21 17 00 49872.80000 12.92100000 1784.13000 178.75000 35.25400 161.29300
 5 4 21 17 00 49930.70000 12.92100000 1786.21000 178.75000 35.25900 161.39500
 5 4 21 17 00 49931.80000 12.94500000 1787.03000 178.75000 35.25900 161.39500
 5 4 21 17 01 49942.80000 12.94500000 1788.08000 178.75000 35.48400 161.39500
 5 4 21 17 01 49895.50000 12.94500000 1785.35000 178.75000 35.48400 161.39500
 5 4 21 17 02 49898.40000 12.92200000 1785.64000 178.67000 35.48400 161.21800
 5 4 21 17 02 49898.10000 12.92200000 1787.65000 178.71000 35.48400 161.21800
 5 4 21 17 03 49902.80000 12.92200000 1785.43000 178.73000 35.48400 161.21800
 5 4 21 17 03 49892.80000 12.92200000 1785.70000 178.73000 35.48400 161.44300
 5 4 21 17 03 49852.70000 12.92200000 1786.08000 178.73000 35.48400 161.44300
 5 4 21 17 04 49852.20000 12.92200000 1784.51000 179.23000 35.48400 161.44300
 5 4 21 17 04 49852.20000 12.92200000 1783.64000 179.73000 35.48400 161.44300
 5 4 21 17 05 49849.90000 12.92200000 1784.88000 180.53000 35.48400 161.44300
 5 4 21 17 05 49855.30000 12.92200000 1784.21000 181.32000 35.55700 161.44300
 5 4 21 17 06 49852.70000 12.92200000 1784.48000 181.50000 35.55700 161.44300
 5 4 21 17 06 49844.90000 12.92200000 1784.39000 181.71000 35.55700 161.60200
 5 4 21 17 06 49827.20000 12.92200000 1783.27000 181.00000 35.55700 161.62600
 5 4 21 17 07 49827.80000 12.92200000 1783.59000 181.70000 35.55700 162.23000
 5 4 21 17 07 49827.40000 12.92200000 1783.27000 181.99000 35.55700 162.63000
 5 4 21 17 08 49827.40000 12.92100000 1782.18000 182.02000 35.55700 162.63000
 5 4 21 17 08 49819.90000 12.90300000 1781.27000 181.92000 35.55700 163.28700
 5 4 21 17 09 49826.60000 12.90300000 1781.45000 182.40000 35.55700 163.21700
 5 4 21 17 09 49823.80000 12.85400000 1781.71000 182.29000 35.55700 163.21700
 5 4 21 17 09 49809.80000 12.83200000 1781.58000 182.35000 35.55700 163.21700
 5 4 21 17 10 49812.10000 12.83500000 1781.92000 182.04000 35.55700 163.90000
 5 4 21 17 10 49801.60000 12.83500000 1780.94000 181.91000 35.55700 163.90000
 5 4 21 17 11 49795.80000 12.83500000 1780.66000 181.28000 35.80000 164.00000
 5 4 21 17 11 49775.90000 12.83500000 1780.07000 180.82000 35.80000 163.38900
 5 4 21 17 12 49799.70000 12.83500000 1780.68000 180.73000 35.80000 163.38900
 5 4 21 17 12 49835.30000 12.83500000 1782.00000 181.44000 35.80000 163.78000
 5 4 21 17 12 49836.00000 12.83500000 1782.00000 181.31000 35.80000 164.16000
 5 4 21 17 13 49808.80000 12.83500000 1781.99000 181.13000 35.80000 164.60800
 5 4 21 17 13 49795.70000 12.83500000 1781.85000 181.01000 35.80000 163.83000
 5 4 21 17 14 49795.10000 12.83500000 1780.67000 180.93000 35.80000 163.83000
 5 4 21 17 14 49779.80000 12.84600000 1781.76000 181.21000 35.80000 163.83000
 5 4 21 17 15 49799.00000 12.88500000 1780.62000 181.35000 35.32900 163.83000
 5 4 21 17 15 49828.20000 12.88500000 1781.02000 181.30000 35.32900 163.83000
 5 4 21 17 15 49807.30000 12.84600000 1781.01000 181.30000 35.32900 164.27600
 5 4 21 17 16 49816.90000 12.84600000 1780.00000 181.35000 35.32900 164.52500
 5 4 21 17 16 49794.50000 12.84600000 1776.38000 181.12000 35.32900 164.52500
 5 4 21 17 17 49772.40000 12.84600000 1776.47000 180.74000 35.32900 163.90100
