M=[
 5 5 21 10 50 46071.90000 64.27000000 2803.54000 285.37000 34.74000 221.74800
 5 5 21 10 50 46081.60000 64.41300000 2805.00000 285.19000 34.74000 222.01600
 5 5 21 10 50 46083.00000 64.31000000 2803.94000 285.19000 34.74000 222.01600
 5 5 21 10 51 46094.30000 64.37500000 2804.05000 285.53000 34.74000 222.03000
 5 5 21 10 51 46110.20000 64.37000000 2807.59000 285.11000 34.74000 222.03000
 5 5 21 10 52 46132.40000 64.43000000 2808.02000 284.50000 34.74000 222.25000
 5 5 21 10 52 46150.00000 64.77400000 2810.00000 285.05000 34.74000 222.25000
 5 5 21 10 53 46187.30000 64.79000000 2816.25000 284.77000 34.74000 222.25000
 5 5 21 10 53 46327.70000 64.84100000 2819.11000 285.10000 34.74000 222.60600
 5 5 21 10 54 46448.20000 64.95000000 2819.63000 285.09000 34.74000 223.00000
 5 5 21 10 54 46434.60000 64.76300000 2818.27000 284.74000 34.74000 222.98400
 5 5 21 10 54 46452.00000 64.88100000 2818.43000 284.82000 34.74000 223.12200
 5 5 21 10 55 46460.70000 64.75700000 2818.84000 285.12000 34.74000 223.12200
 5 5 21 10 55 46473.10000 64.88200000 2821.85000 284.81000 34.74000 223.12200
 5 5 21 10 56 46442.60000 64.73400000 2818.51000 284.68000 34.74000 222.80900
 5 5 21 10 56 46333.70000 64.66800000 2814.59000 284.50000 34.74000 222.69100
 5 5 21 10 57 46400.00000 64.72800000 2816.08000 284.50000 34.74000 222.69100
 5 5 21 10 57 46400.20000 64.68900000 2816.14000 284.75000 34.74000 222.80200
 5 5 21 10 58 46393.60000 64.80300000 2816.52000 284.63000 34.74000 222.80200
 5 5 21 10 58 46376.70000 64.69500000 2818.72000 284.46000 34.74000 222.80200
 5 5 21 10 58 46386.50000 64.80100000 2818.24000 284.33000 34.74000 222.80200
 5 5 21 10 59 46362.00000 64.74200000 2818.43000 284.33000 34.74000 222.95500
 5 5 21 10 59 46362.30000 64.77200000 2818.39000 284.55000 34.74000 222.73400
 5 5 21 11 00 46362.00000 64.50000000 2818.52000 284.71000 34.74000 222.75500
 5 5 21 11 00 46362.30000 64.32800000 2818.51000 284.70000 34.74000 222.75500
 5 5 21 11 01 46362.30000 64.34000000 2818.51000 284.75000 34.74000 222.75500
 5 5 21 11 01 46305.20000 64.33000000 2814.67000 284.32000 34.74000 222.78700
 5 5 21 11 02 46314.70000 64.35700000 2814.08000 283.89000 34.74000 222.77600
 5 5 21 11 02 46314.70000 64.42200000 2814.73000 283.35000 34.74000 222.77600
 5 5 21 11 03 46314.80000 64.30000000 2814.17000 283.10000 34.74000 222.77600
 5 5 21 11 03 46312.20000 64.27200000 2812.41000 283.19000 34.74000 223.11700
 5 5 21 11 03 46312.30000 64.30000000 2812.11000 283.11000 34.74000 223.11700
 5 5 21 11 04 46302.80000 64.30000000 2812.41000 283.24000 34.74000 223.73100
 5 5 21 11 04 46284.90000 64.30000000 2812.01000 283.44000 34.74000 223.31900
 5 5 21 11 05 46238.50000 64.40000000 2810.88000 283.29000 34.74000 223.38800
 5 5 21 11 05 46189.40000 64.18300000 2808.45000 282.97000 34.74000 223.38800
 5 5 21 11 06 46166.70000 64.00000000 2801.45000 282.63000 34.74000 223.20000
 5 5 21 11 06 46147.10000 64.03700000 2804.24000 282.80000 34.74000 223.22600
 5 5 21 11 07 46125.30000 63.85800000 2801.44000 282.70000 34.74000 223.22600
 5 5 21 11 07 46164.80000 64.14700000 2806.73000 283.95000 34.74000 223.22600
 5 5 21 11 07 46161.00000 64.22700000 2805.26000 285.16000 34.74000 223.22600
 5 5 21 11 08 46095.60000 64.21500000 2805.21000 283.43000 34.97400 223.22600
 5 5 21 11 08 46104.80000 64.19300000 2800.50000 283.50000 34.97400 223.22600
 5 5 21 11 09 46141.20000 64.27700000 2804.53000 284.53000 34.97400 223.22600
 5 5 21 11 09 46171.40000 64.27100000 2806.86000 285.00000 34.97400 223.73100
 5 5 21 11 10 46168.90000 64.31100000 2806.65000 285.38000 34.97400 223.73100
 5 5 21 11 10 46189.70000 64.24500000 2809.25000 286.23000 34.97400 223.73100
 5 5 21 11 11 46189.30000 64.21400000 2807.94000 286.50000 34.97400 223.73100
 5 5 21 11 11 46189.40000 64.21400000 2809.50000 286.79000 34.97400 224.23900
 5 5 21 11 11 46189.70000 64.08700000 2808.04000 286.81000 34.97400 224.23900
 5 5 21 11 12 46189.70000 64.20300000 2806.01000 286.04000 34.97400 224.13100
 5 5 21 11 12 46189.70000 64.20300000 2804.14000 285.98000 34.97400 224.24000
 5 5 21 11 13 46189.70000 64.20300000 2804.56000 285.52000 34.97400 224.24000
 5 5 21 11 13 46189.70000 64.00000000 2801.67000 285.61000 34.97400 224.75100
 5 5 21 11 14 46154.80000 63.73500000 2802.41000 285.15000 34.80200 225.00000
 5 5 21 11 14 46170.60000 63.60800000 2801.81000 284.85000 34.80200 225.00000
 5 5 21 11 15 46156.80000 63.78000000 2803.05000 286.62000 34.80200 225.00000
 5 5 21 11 15 46156.80000 63.67700000 2800.90000 286.39000 34.80200 224.99900
 5 5 21 11 15 46132.90000 63.34300000 2796.20000 286.17000 34.80200 225.00000
 5 5 21 11 16 46143.50000 63.66100000 2797.23000 285.43000 34.80200 225.27100
 5 5 21 11 16 46165.20000 63.60500000 2799.78000 285.68000 34.80200 226.25200
 5 5 21 11 17 46199.90000 63.81700000 2804.74000 286.24000 34.80200 226.84600
 5 5 21 11 17 46200.00000 63.65500000 2807.77000 286.75000 34.80200 226.41500
 5 5 21 11 18 46202.90000 63.67800000 2808.98000 287.28000 34.80100 226.96100
 5 5 21 11 18 46212.00000 63.51400000 2808.76000 287.43000 34.80100 226.90500
 5 5 21 11 19 46200.10000 63.74900000 2805.90000 287.82000 34.80100 227.14100
 5 5 21 11 19 46200.10000 63.81500000 2805.68000 288.87000 34.80100 227.17600
 5 5 21 11 19 46164.90000 63.83100000 2805.77000 289.34000 34.80100 227.07600
 5 5 21 11 20 46164.90000 63.77600000 2806.76000 289.49000 34.80100 227.27000
 5 5 21 11 20 46165.00000 63.75200000 2805.00000 290.06000 34.80100 227.27000
 5 5 21 11 21 46164.90000 63.50000000 2801.54000 289.31000 34.80100 226.94400
 5 5 21 11 21 46165.00000 63.50500000 2802.41000 288.69000 34.80100 226.93600
 5 5 21 11 22 46165.00000 63.47300000 2800.11000 288.66000 34.80100 227.19600
 5 5 21 11 22 46140.00000 63.57700000 2798.68000 288.44000 34.80100 227.27100
 5 5 21 11 23 46095.10000 63.16800000 2792.15000 287.63000 34.80100 227.49900
 5 5 21 11 23 46034.50000 63.19900000 2792.14000 287.57000 34.80100 225.58700
 5 5 21 11 23 46034.40000 62.97600000 2792.05000 288.52000 34.80100 225.51500
 5 5 21 11 24 46049.80000 63.20900000 2797.83000 287.92000 34.80100 226.59300
 5 5 21 11 24 46044.10000 62.98200000 2796.80000 287.82000 34.80100 226.86800
 5 5 21 11 25 46069.30000 63.11600000 2799.99000 287.98000 34.80100 227.20600
 5 5 21 11 25 46091.70000 63.11800000 2799.71000 288.12000 34.80100 227.20600
 5 5 21 11 26 46081.10000 63.00300000 2798.06000 288.10000 34.80100 226.88000
 5 5 21 11 26 46081.20000 63.00300000 2798.21000 287.98000 34.80100 226.88000
 5 5 21 11 27 46085.90000 63.08600000 2796.61000 288.11000 34.80100 226.88000
 5 5 21 11 27 46081.00000 63.23200000 2796.82000 287.57000 34.80100 225.50200
 5 5 21 11 28 46084.60000 63.29500000 2796.63000 287.59000 34.80100 225.50200
 5 5 21 11 28 46084.60000 63.05100000 2798.26000 288.44000 34.80100 226.82300
 5 5 21 11 28 46084.60000 63.02500000 2797.37000 288.73000 34.80100 226.82300
 5 5 21 11 29 46084.60000 62.97900000 2798.50000 288.75000 34.80100 226.82300
 5 5 21 11 29 46084.50000 62.91300000 2797.46000 288.37000 35.00000 225.89300
 5 5 21 11 30 46034.50000 62.93200000 2794.02000 287.37000 35.00000 225.61100
 5 5 21 11 30 46081.40000 62.99100000 2799.64000 287.37000 35.00000 225.92200
 5 5 21 11 31 46099.90000 62.26500000 2803.28000 288.82000 35.00000 225.92200
 5 5 21 11 31 46100.90000 62.70000000 2799.74000 289.47000 35.00000 225.24500
 5 5 21 11 32 46099.90000 62.70100000 2796.76000 289.60000 35.00000 225.24500
 5 5 21 11 32 46099.90000 62.56800000 2798.00000 289.95000 35.00000 225.24500
 5 5 21 11 32 46099.90000 62.43700000 2795.46000 290.26000 35.00000 225.24500
 5 5 21 11 33 46105.90000 62.57000000 2799.03000 290.29000 35.00000 225.01400
 5 5 21 11 33 46104.40000 62.48600000 2797.69000 290.30000 35.00000 225.09000
 5 5 21 11 34 46104.30000 62.53500000 2799.02000 289.77000 35.00000 224.93400
 5 5 21 11 34 46104.50000 62.45200000 2797.51000 288.82000 35.00000 224.93400
 5 5 21 11 35 46104.30000 62.67100000 2796.73000 288.56000 35.00000 224.93400
