M=[
16 5 21 11 35 40710.90000 83.60000000 3155.99000 264.92000 36.56600 236.56100
16 5 21 11 35 40704.50000 83.60000000 3155.50000 264.92000 36.54900 236.43400
16 5 21 11 36 40704.50000 83.69700000 3155.27000 264.91000 36.54900 236.43400
16 5 21 11 36 40670.00000 83.60000000 3150.00000 264.56000 36.38700 236.56600
16 5 21 11 37 40670.10000 83.36900000 3148.37000 264.34000 37.00000 236.00100
16 5 21 11 37 40650.10000 83.36900000 3145.88000 263.98000 36.63800 236.00100
16 5 21 11 38 40644.90000 83.36900000 3145.88000 263.57000 36.63800 236.00100
16 5 21 11 38 40662.00000 83.36900000 3145.75000 263.75000 36.67300 236.00100
16 5 21 11 38 40658.30000 83.40900000 3145.74000 263.52000 36.67300 236.00100
16 5 21 11 39 40638.60000 83.40900000 3144.86000 263.33000 36.80000 236.00100
16 5 21 11 39 40599.80000 83.34100000 3143.46000 263.23000 36.80000 236.00100
16 5 21 11 40 40592.50000 83.23300000 3142.95000 262.94000 36.80000 236.00100
16 5 21 11 40 40527.30000 83.23300000 3138.13000 262.91000 36.90900 236.00100
16 5 21 11 41 40526.00000 83.23300000 3138.80000 262.66000 37.29900 236.00100
16 5 21 11 41 40587.70000 83.44700000 3140.71000 262.66000 37.29900 236.00100
16 5 21 11 41 40562.30000 83.44700000 3144.85000 263.13000 38.00000 236.00100
16 5 21 11 42 40584.80000 83.44700000 3143.82000 263.17000 37.99900 236.00100
16 5 21 11 42 40551.30000 83.44700000 3139.75000 263.07000 37.80600 236.00100
16 5 21 11 43 40572.20000 83.22000000 3139.01000 262.93000 37.37000 236.00100
16 5 21 11 43 40564.50000 83.22100000 3139.98000 263.00000 37.99900 236.00100
16 5 21 11 44 40581.20000 83.22100000 3139.98000 263.15000 37.73600 236.00100
16 5 21 11 44 40591.60000 83.38000000 3141.96000 263.28000 37.78100 235.31900
16 5 21 11 44 40588.90000 83.15600000 3140.52000 263.17000 38.49900 235.31900
16 5 21 11 45 40600.00000 83.18400000 3144.85000 263.03000 38.61200 235.31900
16 5 21 11 45 40610.30000 83.28100000 3144.84000 263.37000 38.01100 235.31900
16 5 21 11 46 40603.20000 83.28100000 3143.40000 263.59000 38.01100 235.31900
16 5 21 11 46 40602.10000 83.46000000 3144.53000 263.60000 38.14400 235.31900
16 5 21 11 47 40604.60000 83.46000000 3144.85000 263.60000 38.15900 235.31900
16 5 21 11 47 40630.50000 83.30000000 3144.84000 263.66000 38.16200 235.31900
16 5 21 11 47 40624.10000 83.30000000 3144.84000 263.60000 38.71700 235.31900
16 5 21 11 48 40619.60000 83.30000000 3144.39000 263.60000 38.74900 236.25000
16 5 21 11 48 40634.70000 83.30000000 3144.39000 263.57000 38.28800 236.25000
16 5 21 11 49 40610.60000 83.49900000 3144.05000 263.57000 38.28800 236.25000
16 5 21 11 49 40574.80000 83.49900000 3142.27000 263.50000 38.28900 236.25000
16 5 21 11 50 40575.80000 83.49900000 3139.67000 263.00000 38.27900 236.25000
16 5 21 11 50 40553.70000 83.13100000 3138.59000 263.02000 38.74900 234.98100
16 5 21 11 50 40537.40000 83.07500000 3137.70000 263.00000 38.74900 234.98100
16 5 21 11 51 40477.70000 83.07500000 3130.00000 262.09000 38.28200 234.66200
16 5 21 11 51 40446.30000 82.52900000 3129.87000 261.84000 38.27800 234.05400
16 5 21 11 52 40430.10000 82.52900000 3129.76000 261.76000 38.21800 234.39400
16 5 21 11 52 40400.00000 82.52900000 3129.88000 261.54000 38.02200 234.39400
16 5 21 11 53 40400.00000 82.52900000 3130.08000 261.70000 38.01000 233.82000
16 5 21 11 53 40491.50000 82.52900000 3133.58000 262.51000 37.45200 233.69800
16 5 21 11 53 40459.70000 82.52900000 3128.00000 261.84000 37.00400 233.69800
16 5 21 11 54 40408.30000 82.52900000 3127.00000 261.58000 37.29800 233.69800
16 5 21 11 54 40421.50000 82.63300000 3128.00000 261.62000 37.30000 233.69800
16 5 21 11 55 40419.90000 82.63300000 3128.00000 261.84000 37.11400 233.69800
16 5 21 11 55 40420.00000 82.63300000 3127.99000 262.12000 37.11400 233.69800
16 5 21 11 56 40420.00000 82.63300000 3127.99000 261.90000 37.11400 233.69800
16 5 21 11 56 40420.00000 82.63300000 3126.96000 261.90000 37.11200 233.69800
16 5 21 11 56 40420.00000 82.98400000 3126.95000 261.80000 37.11200 233.69800
16 5 21 11 57 40420.00000 82.98400000 3126.96000 261.80000 36.78100 233.69800
16 5 21 11 57 40459.70000 82.98400000 3128.00000 262.05000 36.78100 233.69800
16 5 21 11 58 40449.90000 82.98400000 3129.82000 262.04000 36.45900 233.69800
16 5 21 11 58 40443.90000 82.98400000 3127.64000 261.70000 36.84800 233.69800
16 5 21 11 59 40431.30000 82.98400000 3127.63000 261.52000 36.84000 233.69800
16 5 21 11 59 40444.70000 82.98400000 3127.63000 261.52000 36.81300 233.69800
16 5 21 11 59 40445.40000 82.98400000 3127.64000 261.92000 36.81300 234.57200
16 5 21 12 00 40480.50000 82.98400000 3132.60000 261.92000 36.35700 234.57200
16 5 21 12 00 40491.10000 82.98400000 3130.92000 262.51000 36.70600 234.57200
16 5 21 12 01 40491.10000 82.98400000 3131.92000 262.66000 36.79200 234.57200
16 5 21 12 01 40500.00000 82.98400000 3134.30000 262.65000 36.79200 235.00000
16 5 21 12 02 40530.00000 82.98400000 3134.09000 262.36000 36.79200 235.00000
16 5 21 12 02 40518.50000 82.98400000 3135.88000 262.36000 36.80000 235.00000
16 5 21 12 02 40518.50000 82.98400000 3136.52000 262.36000 36.51800 235.00000
16 5 21 12 03 40518.80000 82.98400000 3136.53000 262.36000 36.59900 235.00000
16 5 21 12 03 40519.40000 82.98400000 3134.50000 262.36000 36.56300 235.00000
16 5 21 12 04 40520.00000 82.98400000 3134.56000 262.36000 36.52800 235.00000
16 5 21 12 04 40530.00000 82.98400000 3134.57000 262.36000 36.49300 235.00000
16 5 21 12 05 40530.00000 82.98400000 3135.09000 262.26000 36.00000 235.00000
16 5 21 12 05 40541.30000 82.98400000 3136.38000 262.45000 35.81400 235.00000
16 5 21 12 05 40540.90000 82.98400000 3136.40000 262.45000 36.31500 234.47300
16 5 21 12 06 40529.30000 82.98400000 3134.44000 262.45000 35.54900 234.47300
16 5 21 12 06 40524.50000 82.98400000 3134.68000 262.45000 35.96700 234.47300
16 5 21 12 07 40529.50000 82.98400000 3135.43000 262.36000 35.96100 234.47300
16 5 21 12 07 40534.70000 82.98400000 3135.42000 262.35000 35.93000 234.47300
16 5 21 12 08 40520.80000 82.98400000 3134.31000 262.24000 35.86100 234.47300
16 5 21 12 08 40520.80000 82.98400000 3134.62000 262.24000 35.82600 234.47300
16 5 21 12 08 40558.70000 82.98400000 3136.40000 262.25000 35.19800 234.47300
16 5 21 12 09 40552.00000 82.98400000 3138.66000 262.25000 35.26800 234.47300
16 5 21 12 09 40565.70000 82.76500000 3138.27000 262.62000 35.72200 234.47300
16 5 21 12 10 40572.90000 82.76500000 3134.30000 262.62000 35.68700 234.47300
16 5 21 12 10 40544.50000 82.76500000 3134.48000 262.18000 35.65200 234.47300
16 5 21 12 11 40555.50000 82.76500000 3134.48000 262.27000 35.61800 234.47300
16 5 21 12 11 40528.00000 82.76500000 3130.69000 262.27000 35.58300 234.47300
16 5 21 12 11 40543.40000 82.76500000 3130.95000 262.27000 35.58300 234.47300
16 5 21 12 12 40522.90000 82.76500000 3130.14000 262.06000 35.51400 234.47300
16 5 21 12 12 40524.00000 82.76500000 3129.07000 262.03000 35.48000 233.77700
16 5 21 12 13 40539.90000 82.76500000 3129.66000 262.22000 35.44500 233.77700
16 5 21 12 13 40522.70000 82.76500000 3129.66000 262.42000 35.44500 233.77700
16 5 21 12 14 40520.90000 82.76500000 3129.66000 262.24000 35.44500 233.77700
16 5 21 12 14 40487.30000 82.55600000 3129.03000 261.98000 35.44500 233.77700
16 5 21 12 14 40485.60000 82.55600000 3127.90000 261.98000 35.44500 233.96000
16 5 21 12 15 40444.60000 82.32900000 3123.44000 261.82000 35.41100 233.47400
16 5 21 12 15 40402.00000 82.32900000 3119.42000 261.25000 35.41100 232.46900
16 5 21 12 16 40396.00000 82.32900000 3120.69000 260.86000 35.41100 232.46900
16 5 21 12 16 40423.60000 82.32900000 3124.52000 261.44000 35.19700 232.46900
16 5 21 12 17 40403.00000 82.20900000 3121.27000 261.41000 35.34200 232.46900
16 5 21 12 17 40434.50000 82.20900000 3121.42000 261.16000 35.30800 232.46900
16 5 21 12 17 40433.70000 82.32800000 3120.65000 261.16000 35.23000 232.46900
16 5 21 12 18 40486.50000 82.32800000 3124.12000 262.31000 35.41900 232.46900
16 5 21 12 18 40498.80000 82.32800000 3125.86000 262.37000 35.41900 232.46900
