M=[
19 5 20 09 56 8909.80000 6.13200000 195.29000 41.47000 11.77800 44.19500
19 5 20 09 57 8909.80000 6.13200000 195.30000 41.36000 11.77800 44.19500
19 5 20 09 57 8915.00000 6.13200000 195.30000 41.36000 11.77800 44.19500
19 5 20 09 58 8915.00000 6.13200000 195.30000 41.36000 11.77800 44.19500
19 5 20 09 58 8920.40000 6.13400000 195.35000 41.36000 11.77800 44.19500
19 5 20 09 59 8924.50000 6.11900000 195.40000 41.36000 11.77800 44.19500
19 5 20 09 59 8924.50000 6.13200000 195.45000 41.36000 11.72200 44.19500
19 5 20 10 00 8924.50000 6.13200000 195.50000 41.36000 11.77800 44.19500
19 5 20 10 00 8929.80000 6.13200000 195.60000 41.36000 11.77800 44.19500
19 5 20 10 00 8934.00000 6.13200000 195.60000 41.46000 11.77800 44.19500
19 5 20 10 01 8933.90000 6.13200000 195.60000 41.46000 11.77800 44.19500
19 5 20 10 01 8933.90000 6.13200000 195.60000 41.46000 11.77800 44.19500
19 5 20 10 02 8933.40000 6.11900000 195.51000 41.43000 11.77800 44.19500
19 5 20 10 02 8925.60000 6.12000000 195.38000 41.35000 11.77800 43.82000
19 5 20 10 03 8918.90000 6.12000000 195.38000 41.35000 11.77800 43.82000
19 5 20 10 03 8919.00000 6.12000000 195.37000 41.35000 11.77800 44.19600
19 5 20 10 04 8917.50000 6.10300000 195.42000 41.38000 11.78300 43.82000
19 5 20 10 04 8917.50000 6.12000000 195.38000 41.35000 11.77800 43.82000
19 5 20 10 05 8916.00000 6.12000000 195.35000 41.38000 11.77800 43.82000
19 5 20 10 05 8917.40000 6.12000000 195.31000 41.38000 11.77800 43.82000
19 5 20 10 06 8910.00000 6.12000000 195.29000 41.36000 11.77800 43.82000
19 5 20 10 06 8912.80000 6.12000000 195.16000 41.36000 11.77800 43.82000
19 5 20 10 07 8912.60000 6.12000000 195.16000 41.36000 11.77800 43.82000
19 5 20 10 07 8918.80000 6.12000000 195.21000 41.39000 11.77800 43.82000
19 5 20 10 07 8921.20000 6.12000000 195.21000 41.39000 11.77800 43.82000
19 5 20 10 08 8920.90000 6.12000000 195.04000 41.39000 11.77800 43.82000
19 5 20 10 08 8920.90000 6.12000000 195.04000 41.39000 11.77800 43.82000
19 5 20 10 09 8920.00000 6.12000000 195.14000 41.39000 11.77800 43.82000
19 5 20 10 09 8915.10000 6.10300000 195.14000 41.39000 11.77800 43.82000
19 5 20 10 10 8918.00000 6.12000000 195.13000 41.38000 11.77800 43.82000
19 5 20 10 10 8918.30000 6.12000000 195.13000 41.35000 11.77800 43.82000
19 5 20 10 11 8918.20000 6.12000000 195.12000 41.35000 11.77800 43.82000
19 5 20 10 11 8914.60000 6.12000000 195.01000 41.30000 11.77800 43.71300
19 5 20 10 12 8900.60000 6.12000000 195.01000 41.30000 11.77800 43.71300
19 5 20 10 12 8909.10000 6.12000000 195.01000 41.30000 11.77800 43.71300
19 5 20 10 13 8908.90000 6.12000000 195.01000 41.30000 11.77800 43.71300
19 5 20 10 13 8905.00000 6.12000000 195.00000 41.32000 11.77800 43.71300
19 5 20 10 13 8909.80000 6.12000000 195.00000 41.32000 11.77800 43.71300
19 5 20 10 14 8910.50000 6.12000000 195.00000 41.32000 11.77800 43.71300
19 5 20 10 14 8899.30000 6.10300000 195.00000 41.27000 11.77800 43.71300
19 5 20 10 15 8907.00000 6.12000000 194.83000 41.27000 11.77800 43.71300
19 5 20 10 15 8916.00000 6.12000000 194.88000 41.27000 11.77800 43.71300
19 5 20 10 16 8915.90000 6.12000000 194.88000 41.27000 11.78300 43.71300
19 5 20 10 16 8917.00000 6.12000000 194.88000 41.36000 11.77800 43.71300
19 5 20 10 17 8915.40000 6.12000000 194.88000 41.36000 11.77800 43.71300
19 5 20 10 17 8917.00000 6.12000000 194.88000 41.36000 11.78300 43.71300
19 5 20 10 18 8912.60000 6.12000000 194.87000 41.36000 11.77800 43.71300
19 5 20 10 18 8917.00000 6.12000000 194.83000 41.36000 11.77800 43.71300
19 5 20 10 19 8911.10000 6.12000000 194.84000 41.36000 11.77800 43.71300
19 5 20 10 19 8911.70000 6.12000000 194.87000 41.36000 11.77800 43.71300
19 5 20 10 20 8911.00000 6.12000000 194.85000 41.36000 11.77800 43.71300
19 5 20 10 20 8916.10000 6.12000000 194.88000 41.36000 11.77800 43.71300
19 5 20 10 20 8917.30000 6.12000000 194.87000 41.30000 11.77800 43.71300
19 5 20 10 21 8913.40000 6.12000000 194.88000 41.30000 11.77800 43.71300
19 5 20 10 21 8913.10000 6.12000000 194.87000 41.36000 11.77800 43.71300
19 5 20 10 22 8912.10000 6.12000000 194.87000 41.36000 11.77800 43.82000
19 5 20 10 22 8913.30000 6.12000000 194.85000 41.29000 11.77800 43.71300
19 5 20 10 23 8913.30000 6.12000000 194.94000 41.30000 11.77800 43.71300
19 5 20 10 23 8917.20000 6.10300000 195.00000 41.30000 11.77800 43.71300
19 5 20 10 24 8916.20000 6.10300000 194.99000 41.32000 11.77800 43.71300
19 5 20 10 24 8920.30000 6.12000000 195.00000 41.35000 11.77800 43.71300
19 5 20 10 25 8920.20000 6.10300000 195.00000 41.39000 11.77800 43.71300
19 5 20 10 25 8920.30000 6.10300000 195.00000 41.37000 11.77800 43.71300
19 5 20 10 26 8920.40000 6.10300000 195.00000 41.37000 11.77800 43.71300
19 5 20 10 26 8920.20000 6.12000000 195.00000 41.37000 11.77800 43.71300
19 5 20 10 26 8921.50000 6.12000000 195.00000 41.37000 11.77800 43.71300
19 5 20 10 27 8922.90000 6.12000000 195.14000 41.37000 11.77800 43.94600
19 5 20 10 27 8924.30000 6.12000000 195.14000 41.37000 11.77800 43.71300
19 5 20 10 28 8924.60000 6.12000000 195.28000 41.37000 11.78300 43.94600
19 5 20 10 28 8924.60000 6.12000000 195.28000 41.37000 11.77800 43.94600
19 5 20 10 29 8924.80000 6.12000000 195.29000 41.37000 11.77800 43.94600
19 5 20 10 29 8924.60000 6.12000000 195.29000 41.37000 11.77800 43.94600
19 5 20 10 30 8928.90000 6.08100000 195.40000 41.37000 11.77800 43.94600
19 5 20 10 30 8931.60000 6.09500000 195.42000 41.37000 11.77800 43.94600
19 5 20 10 31 8931.70000 6.08100000 195.41000 41.45000 11.77800 43.94600
19 5 20 10 31 8936.50000 6.09500000 195.41000 41.45000 11.78300 43.82000
19 5 20 10 32 8932.90000 6.09500000 195.42000 41.45000 11.71300 43.93000
19 5 20 10 32 8933.00000 6.09500000 195.42000 41.45000 11.71300 43.93000
19 5 20 10 32 8933.00000 6.09500000 195.42000 41.45000 11.71300 43.93000
19 5 20 10 33 8933.00000 6.09500000 195.42000 41.45000 11.71300 43.93000
19 5 20 10 33 8935.00000 6.09500000 195.45000 41.45000 11.71300 43.93000
19 5 20 10 34 8933.80000 6.09500000 195.45000 41.45000 11.71300 43.93000
19 5 20 10 34 8935.70000 6.09500000 195.45000 41.45000 11.71300 43.93000
19 5 20 10 35 8935.60000 6.09500000 195.47000 41.45000 11.71300 43.93000
19 5 20 10 35 8934.60000 6.09500000 195.47000 41.35000 11.71300 43.93000
19 5 20 10 36 8933.40000 6.10300000 195.47000 41.35000 11.71300 43.93000
19 5 20 10 36 8935.70000 6.09500000 195.47000 41.35000 11.71300 43.93000
19 5 20 10 37 8936.60000 6.09500000 195.48000 41.35000 11.77800 43.93000
19 5 20 10 37 8936.90000 6.09500000 195.48000 41.35000 11.71300 43.93000
19 5 20 10 37 8936.60000 6.09500000 195.48000 41.35000 11.71300 43.93000
19 5 20 10 38 8935.70000 6.09500000 195.49000 41.35000 11.71300 43.93000
19 5 20 10 38 8933.00000 6.09500000 195.30000 41.45000 11.71300 43.93000
19 5 20 10 39 8929.10000 6.09500000 195.32000 41.35000 11.71300 43.93000
19 5 20 10 39 8925.50000 6.09500000 195.30000 41.35000 11.71300 43.93000
19 5 20 10 40 8925.40000 6.10500000 195.30000 41.35000 11.71300 43.93000
19 5 20 10 40 8920.20000 6.10500000 195.05000 41.35000 11.71300 43.71300
19 5 20 10 41 8920.10000 6.09500000 195.10000 41.35000 11.71300 43.93000
19 5 20 10 41 8920.10000 6.10500000 195.10000 41.35000 11.71300 43.93000
19 5 20 10 42 8920.10000 6.10500000 195.04000 41.45000 11.71300 43.93000
19 5 20 10 42 8920.00000 6.10500000 195.04000 41.34000 11.71300 43.93000
19 5 20 10 43 8920.00000 6.10500000 195.05000 41.32000 11.71300 43.93000
19 5 20 10 43 8920.00000 6.10500000 195.01000 41.34000 11.71300 43.93000
19 5 20 10 44 8920.10000 6.10500000 195.06000 41.45000 11.71300 43.93000
19 5 20 10 44 8920.00000 6.10500000 195.14000 41.34000 11.71300 43.93000
19 5 20 10 44 8920.10000 6.09500000 195.14000 41.34000 11.71300 43.93000
19 5 20 10 45 8920.10000 6.10500000 195.15000 41.34000 11.71300 43.93000
19 5 20 10 45 8920.20000 6.10500000 195.19000 41.38000 11.71300 43.93000
19 5 20 10 46 8920.30000 6.10500000 195.20000 41.38000 11.71300 43.93000
19 5 20 10 46 8923.20000 6.09500000 195.25000 41.38000 11.78300 43.93000
