M=[
 8 12 20 01 36 15820.20000 5.04100000 485.99000 68.95000 15.76100 62.34500
 8 12 20 01 36 15821.50000 5.04100000 486.00000 68.95000 15.76100 62.34500
 8 12 20 01 37 15822.50000 5.04100000 485.99000 68.95000 15.76100 62.34500
 8 12 20 01 37 15839.30000 5.04100000 485.99000 68.95000 15.76100 62.34500
 8 12 20 01 38 15846.80000 5.04100000 485.99000 68.95000 15.76100 62.34500
 8 12 20 01 38 15841.70000 5.04100000 485.99000 68.95000 15.76100 62.34500
 8 12 20 01 39 15844.40000 5.04100000 485.99000 68.95000 15.76100 62.34500
 8 12 20 01 39 15844.30000 5.04100000 485.99000 68.95000 15.76100 62.34500
 8 12 20 01 39 15846.70000 5.04100000 485.99000 68.95000 15.76100 62.34500
 8 12 20 01 40 15846.70000 5.04100000 486.73000 68.95000 15.76100 62.34500
 8 12 20 01 40 15846.70000 5.04100000 486.71000 68.95000 15.76100 62.34500
 8 12 20 01 41 15844.70000 5.04100000 486.71000 68.95000 15.76100 62.34500
 8 12 20 01 41 15843.90000 5.04100000 486.78000 68.95000 15.76100 62.34500
 8 12 20 01 42 15846.00000 5.04100000 486.78000 68.95000 15.76100 62.34500
 8 12 20 01 42 15843.60000 5.04100000 486.83000 68.95000 15.76100 62.34500
 8 12 20 01 42 15846.80000 5.04100000 486.83000 68.95000 15.76100 62.34500
 8 12 20 01 43 15846.80000 5.04100000 486.80000 68.95000 15.76100 62.34500
 8 12 20 01 43 15846.80000 5.04100000 486.80000 69.07000 15.76100 62.34500
 8 12 20 01 44 15844.30000 5.04100000 486.80000 69.07000 15.76100 62.34500
 8 12 20 01 44 15844.10000 5.04100000 486.70000 69.07000 15.76100 62.34500
 8 12 20 01 45 15842.90000 5.04100000 486.70000 69.07000 15.76100 62.34500
 8 12 20 01 45 15844.10000 5.04100000 486.70000 69.07000 15.76100 62.34500
 8 12 20 01 45 15844.10000 5.04100000 486.70000 69.07000 15.76100 62.34500
 8 12 20 01 46 15844.10000 5.04100000 486.70000 69.07000 15.76100 62.34500
 8 12 20 01 46 15844.10000 5.04100000 486.70000 69.07000 15.76100 62.34500
 8 12 20 01 47 15844.10000 5.04100000 486.70000 69.07000 15.76100 62.34500
 8 12 20 01 47 15840.20000 5.04100000 486.70000 69.07000 15.76100 62.34500
 8 12 20 01 48 15838.40000 5.04100000 486.70000 69.07000 15.76100 62.34500
 8 12 20 01 48 15840.10000 5.04100000 486.70000 69.07000 15.76100 62.34500
 8 12 20 01 48 15846.50000 5.04100000 486.70000 69.07000 15.76100 62.34500
 8 12 20 01 49 15846.50000 5.04100000 486.92000 69.07000 15.76100 62.34500
 8 12 20 01 49 15846.60000 5.04100000 486.92000 69.07000 15.76100 62.34500
 8 12 20 01 50 15846.90000 5.04100000 487.15000 69.12000 15.76100 62.34500
 8 12 20 01 50 15848.50000 5.04100000 487.15000 69.12000 15.76100 62.34500
 8 12 20 01 51 15848.50000 5.04100000 487.15000 69.12000 15.76100 62.34500
 8 12 20 01 51 15848.50000 5.04100000 487.15000 69.11000 15.76100 62.34500
 8 12 20 01 51 15848.70000 5.04100000 487.15000 69.11000 15.76100 62.34500
 8 12 20 01 52 15854.20000 5.04100000 487.15000 69.06000 15.76100 62.34500
 8 12 20 01 52 15857.90000 5.04100000 487.15000 69.06000 15.76100 62.34500
 8 12 20 01 53 15858.00000 5.04100000 487.15000 69.06000 15.76100 62.34500
 8 12 20 01 53 15867.10000 5.04100000 487.27000 69.06000 15.76100 62.34500
 8 12 20 01 54 15867.30000 5.04100000 487.27000 69.06000 15.76100 62.34500
 8 12 20 01 54 15864.00000 5.04100000 487.27000 69.06000 15.76100 62.34500
 8 12 20 01 54 15870.00000 5.04100000 487.27000 69.06000 15.76100 62.34500
 8 12 20 01 55 15868.90000 5.04100000 487.34000 69.18000 15.76100 62.34500
 8 12 20 01 55 15868.90000 5.04100000 487.33000 69.18000 15.76100 62.34500
 8 12 20 01 56 15868.90000 5.04100000 487.33000 69.18000 15.76100 62.34500
 8 12 20 01 56 15868.90000 5.04100000 487.25000 69.18000 15.76100 62.34500
 8 12 20 01 57 15868.90000 5.04100000 487.25000 69.15000 15.76100 62.34500
 8 12 20 01 57 15869.00000 5.04100000 487.10000 69.15000 15.76100 62.34500
 8 12 20 01 57 15869.00000 5.04100000 487.10000 69.15000 15.76100 62.34500
 8 12 20 01 58 15868.80000 5.04100000 487.10000 69.15000 15.76100 62.34500
 8 12 20 01 58 15868.90000 5.04100000 487.10000 69.15000 15.76100 62.34500
 8 12 20 01 59 15868.90000 5.04100000 487.10000 69.14000 15.89400 62.34500
 8 12 20 01 59 15868.80000 5.04100000 487.13000 69.10000 15.89400 62.34500
 8 12 20 02 00 15868.90000 5.04100000 487.13000 69.10000 15.89400 62.34500
 8 12 20 02 00 15868.80000 5.04100000 487.11000 69.10000 15.89400 62.34500
 8 12 20 02 00 15868.80000 5.04100000 487.11000 69.10000 15.79000 62.34500
 8 12 20 02 01 15868.80000 5.04100000 487.11000 69.10000 15.79000 62.34500
 8 12 20 02 01 15868.90000 5.04100000 487.11000 69.10000 15.79000 62.34500
 8 12 20 02 02 15868.90000 5.04100000 487.11000 69.10000 15.79000 62.34500
 8 12 20 02 02 15868.90000 5.04100000 487.11000 69.10000 15.79000 62.34500
 8 12 20 02 03 15868.90000 5.04100000 487.11000 69.10000 15.79000 62.34500
 8 12 20 02 03 15868.80000 5.04100000 487.11000 69.10000 15.79000 62.34500
 8 12 20 02 03 15868.80000 5.04100000 487.11000 69.10000 15.79000 62.34500
 8 12 20 02 04 15868.80000 5.04100000 487.00000 69.10000 15.79000 62.34500
 8 12 20 02 04 15868.80000 5.04100000 486.85000 69.10000 15.79000 62.34500
 8 12 20 02 05 15860.60000 5.04100000 486.80000 69.12000 15.79000 62.34500
 8 12 20 02 05 15864.00000 5.04100000 486.80000 69.12000 15.79000 62.34500
 8 12 20 02 06 15861.60000 5.04100000 487.07000 69.12000 15.78500 62.34500
 8 12 20 02 06 15853.20000 5.04100000 486.72000 69.09000 15.78500 62.34500
 8 12 20 02 06 15853.20000 5.04100000 486.64000 69.08000 15.78500 62.34500
 8 12 20 02 07 15844.10000 5.04100000 486.64000 69.01000 15.78500 61.88900
 8 12 20 02 07 15844.70000 5.04100000 486.64000 69.01000 15.78500 61.88900
 8 12 20 02 08 15852.90000 5.04100000 486.64000 69.01000 15.78500 61.88900
 8 12 20 02 08 15852.60000 5.04100000 486.42000 69.01000 15.78500 61.88900
 8 12 20 02 09 15852.60000 5.04100000 486.42000 69.00000 15.78500 61.88900
 8 12 20 02 09 15845.10000 5.04100000 486.42000 69.00000 15.77700 61.88900
 8 12 20 02 09 15845.30000 5.04100000 486.42000 69.00000 15.76900 61.88900
 8 12 20 02 10 15845.30000 5.04100000 486.42000 69.00000 15.76900 61.88900
 8 12 20 02 10 15845.10000 5.04100000 486.42000 69.00000 15.76900 61.88900
 8 12 20 02 11 15847.00000 5.04100000 486.42000 69.00000 15.76900 61.88900
 8 12 20 02 11 15847.00000 5.04100000 486.38000 69.00000 15.76900 61.88900
 8 12 20 02 12 15848.10000 5.04100000 486.38000 69.00000 15.76900 61.88900
 8 12 20 02 12 15848.10000 5.04100000 486.38000 69.00000 15.76900 61.88900
 8 12 20 02 12 15848.10000 5.04100000 486.38000 69.00000 15.76900 61.88900
 8 12 20 02 13 15845.80000 5.04100000 486.38000 69.00000 15.76900 61.88900
 8 12 20 02 13 15845.70000 5.04100000 486.38000 69.00000 15.76900 61.88900
 8 12 20 02 14 15845.70000 5.04100000 486.38000 69.00000 15.76900 61.88900
 8 12 20 02 14 15846.90000 5.04100000 486.38000 69.00000 15.76900 61.88900
 8 12 20 02 15 15846.90000 5.04100000 486.38000 68.98000 15.76900 61.88900
 8 12 20 02 15 15844.30000 5.04100000 486.38000 68.98000 15.76900 61.88900
 8 12 20 02 15 15844.30000 5.04100000 486.38000 68.98000 15.76900 61.88900
 8 12 20 02 16 15844.30000 5.04100000 486.38000 68.98000 15.76900 61.88900
 8 12 20 02 16 15845.10000 5.04100000 486.38000 68.98000 15.76900 61.88900
 8 12 20 02 17 15846.70000 5.04100000 486.38000 68.98000 15.76900 61.88900
 8 12 20 02 17 15855.90000 5.04100000 486.38000 68.98000 15.76900 61.88900
 8 12 20 02 18 15855.80000 5.04100000 486.38000 68.98000 15.76900 61.88900
 8 12 20 02 18 15861.00000 5.04100000 486.50000 68.98000 15.76100 61.88900
 8 12 20 02 18 15861.40000 5.04100000 486.50000 68.98000 15.76100 61.88900
 8 12 20 02 19 15863.00000 5.04100000 486.50000 68.98000 15.76100 61.88900
 8 12 20 02 19 15868.70000 5.04100000 486.50000 68.98000 15.76100 61.88900
 8 12 20 02 20 15868.90000 5.04100000 486.50000 68.98000 15.76100 61.88900
 8 12 20 02 20 15865.00000 5.04100000 486.50000 68.98000 15.76100 61.88900
 8 12 20 02 21 15868.70000 5.04100000 486.50000 68.98000 15.76100 61.88900
 8 12 20 02 21 15864.40000 5.04100000 486.50000 68.98000 15.76100 61.88900
