M=[
 2 4 21 02 50 50840.10000 12.21500000 1696.66000 176.71000 32.71500 146.24600
 2 4 21 02 50 50849.60000 12.21400000 1696.19000 176.86000 32.71500 146.57500
 2 4 21 02 50 50846.80000 12.21400000 1695.69000 176.78000 32.71500 146.26600
 2 4 21 02 51 50832.60000 12.21400000 1696.35000 176.74000 32.71500 146.17400
 2 4 21 02 51 50748.90000 12.21400000 1696.05000 176.74000 32.71500 145.88400
 2 4 21 02 52 50639.60000 12.21400000 1694.77000 176.08000 32.71500 145.88900
 2 4 21 02 52 50647.60000 12.21400000 1693.00000 175.55000 32.71500 146.03400
 2 4 21 02 53 50683.20000 12.21400000 1690.92000 175.39000 32.71500 146.16600
 2 4 21 02 53 50461.00000 12.21400000 1686.06000 174.23000 32.71500 145.69300
 2 4 21 02 53 50427.90000 12.21400000 1684.40000 173.98000 32.48100 145.69300
 2 4 21 02 54 50479.60000 12.21400000 1689.88000 174.61000 32.48100 145.69300
 2 4 21 02 54 50541.40000 12.15300000 1690.54000 175.01000 32.48100 145.69300
 2 4 21 02 55 50635.30000 12.15300000 1688.94000 175.01000 32.48100 145.69300
 2 4 21 02 55 50521.10000 12.15300000 1690.44000 175.01000 32.48100 145.69300
 2 4 21 02 56 50420.90000 12.15300000 1687.56000 174.41000 32.48100 145.69300
 2 4 21 02 56 50391.10000 12.15300000 1684.47000 174.33000 32.48100 145.69300
 2 4 21 02 56 50360.40000 12.15300000 1684.47000 174.43000 32.48100 145.69300
 2 4 21 02 57 50453.50000 12.15300000 1687.07000 174.46000 32.48100 145.69300
 2 4 21 02 57 50462.10000 12.15300000 1688.05000 174.34000 32.48100 145.69300
 2 4 21 02 58 50491.50000 12.15300000 1689.24000 174.48000 32.48100 145.69300
 2 4 21 02 58 50509.00000 12.15300000 1690.79000 174.73000 32.48100 145.69300
 2 4 21 02 59 50520.90000 12.15300000 1690.79000 174.73000 32.48100 145.69300
 2 4 21 02 59 50485.30000 12.15300000 1691.21000 174.70000 32.48100 145.69300
 2 4 21 02 59 50583.10000 12.15300000 1691.62000 174.70000 32.48100 145.69300
 2 4 21 03 00 50705.70000 12.15300000 1696.98000 175.76000 32.48100 145.69300
 2 4 21 03 00 50788.30000 12.15300000 1698.12000 175.81000 32.48100 145.69300
 2 4 21 03 01 50771.10000 12.15300000 1695.74000 175.50000 32.48100 145.69300
 2 4 21 03 01 50800.00000 12.15300000 1698.90000 175.50000 32.48100 145.69300
 2 4 21 03 02 50697.90000 12.15300000 1698.90000 175.70000 32.48100 146.06400
 2 4 21 03 02 50755.10000 12.15300000 1698.90000 175.70000 32.48100 146.46700
 2 4 21 03 02 50747.60000 12.15300000 1699.98000 175.70000 32.48100 146.46700
 2 4 21 03 03 50779.50000 12.15300000 1701.89000 176.08000 32.48100 146.46700
 2 4 21 03 03 50758.00000 12.15300000 1703.23000 176.08000 32.48100 146.46700
 2 4 21 03 04 50791.10000 12.15300000 1702.79000 176.32000 32.48100 146.59600
 2 4 21 03 04 50818.70000 12.15300000 1700.67000 176.32000 32.48100 146.59600
 2 4 21 03 05 50800.00000 12.15300000 1700.82000 176.32000 32.48100 146.57000
 2 4 21 03 05 50818.80000 12.15300000 1700.91000 176.19000 32.48100 146.60100
 2 4 21 03 05 50815.30000 12.15300000 1702.00000 176.22000 32.48100 146.52900
 2 4 21 03 06 50833.30000 12.15300000 1701.93000 176.22000 32.48100 146.52900
 2 4 21 03 06 50841.60000 12.15300000 1701.09000 176.33000 32.48100 146.52900
 2 4 21 03 07 50841.60000 12.15300000 1701.09000 176.33000 32.48100 146.52900
 2 4 21 03 07 50835.00000 12.15300000 1699.67000 176.33000 32.48100 146.52900
 2 4 21 03 08 50831.20000 12.15300000 1699.71000 176.35000 32.48100 146.52900
 2 4 21 03 08 50831.20000 12.15300000 1698.30000 176.31000 32.48100 146.52900
 2 4 21 03 08 50734.70000 12.15300000 1698.30000 176.28000 32.48100 146.66600
 2 4 21 03 09 50777.90000 12.15300000 1698.30000 176.07000 32.48100 146.66600
 2 4 21 03 09 50790.20000 12.15300000 1699.40000 176.12000 32.48100 146.33100
 2 4 21 03 10 50787.90000 12.15300000 1699.72000 176.12000 32.48100 146.33100
 2 4 21 03 10 50784.60000 12.15300000 1698.45000 175.95000 32.48100 146.33100
 2 4 21 03 11 50742.20000 12.15300000 1697.35000 175.62000 32.48100 146.33000
 2 4 21 03 11 50716.20000 12.15300000 1697.35000 175.65000 32.48100 146.33000
 2 4 21 03 11 50694.60000 12.15300000 1695.92000 175.44000 32.48100 146.33000
 2 4 21 03 12 50607.80000 12.20600000 1694.39000 175.41000 32.48100 146.33000
 2 4 21 03 12 50608.20000 12.20600000 1694.39000 174.85000 32.48100 146.33000
 2 4 21 03 13 50593.60000 12.20600000 1693.24000 174.85000 32.48100 146.33000
 2 4 21 03 13 50566.00000 12.20600000 1691.44000 174.76000 32.71000 146.33000
 2 4 21 03 14 50590.50000 12.20600000 1691.23000 174.76000 32.71000 145.99100
 2 4 21 03 14 50636.80000 12.20600000 1693.08000 174.76000 32.71000 145.99100
 2 4 21 03 15 50591.80000 12.20600000 1691.25000 174.76000 32.71000 145.99100
 2 4 21 03 15 50598.80000 12.20600000 1692.37000 174.76000 32.71000 145.99100
 2 4 21 03 15 50638.70000 12.20600000 1693.52000 174.76000 32.71000 145.70400
 2 4 21 03 16 50662.90000 12.20600000 1694.92000 175.15000 32.71000 146.07600
 2 4 21 03 16 50637.10000 12.20600000 1692.44000 175.15000 32.71000 146.07600
 2 4 21 03 17 50596.80000 12.20600000 1692.02000 174.78000 32.71000 146.07600
 2 4 21 03 17 50651.20000 12.20600000 1692.02000 174.78000 32.71000 146.18900
 2 4 21 03 18 50597.40000 12.20600000 1692.02000 174.93000 32.71000 146.18900
 2 4 21 03 18 50581.60000 12.20600000 1692.00000 174.48000 32.71000 146.18900
 2 4 21 03 18 50581.60000 12.20600000 1690.38000 174.48000 32.71000 146.42400
 2 4 21 03 19 50565.80000 12.20600000 1690.38000 174.48000 32.71000 146.42400
 2 4 21 03 19 50565.80000 12.20600000 1690.00000 174.48000 32.71000 146.29400
 2 4 21 03 20 50565.70000 12.20600000 1691.78000 174.48000 32.71000 146.29400
 2 4 21 03 20 50565.70000 12.20600000 1691.96000 174.48000 32.71000 146.29400
 2 4 21 03 21 50565.80000 12.20600000 1692.49000 174.48000 32.71000 146.16300
 2 4 21 03 21 50538.60000 12.20600000 1691.96000 174.48000 32.71000 146.16300
 2 4 21 03 21 50564.20000 12.20600000 1693.08000 174.45000 32.71000 146.16300
 2 4 21 03 22 50575.00000 12.22700000 1695.10000 174.45000 32.71000 146.16300
 2 4 21 03 22 50575.30000 12.22700000 1695.10000 174.45000 32.71000 146.16300
 2 4 21 03 23 50550.70000 12.22700000 1694.19000 174.54000 32.71000 146.16300
 2 4 21 03 23 50535.40000 12.22700000 1694.19000 174.39000 32.71000 146.16300
 2 4 21 03 24 50575.50000 12.22700000 1694.19000 174.39000 32.71000 146.16300
 2 4 21 03 24 50577.50000 12.26300000 1694.84000 174.39000 32.71000 146.16300
 2 4 21 03 24 50612.60000 12.26300000 1695.56000 174.39000 32.71000 146.16300
 2 4 21 03 25 50650.90000 12.26300000 1695.54000 175.00000 32.71000 146.75700
 2 4 21 03 25 50651.00000 12.31800000 1696.19000 175.00000 32.71000 146.75700
 2 4 21 03 26 50617.30000 12.34900000 1695.06000 175.00000 32.71000 146.70100
 2 4 21 03 26 50644.00000 12.34900000 1695.34000 175.00000 32.71000 146.70100
 2 4 21 03 27 50651.00000 12.34900000 1695.34000 175.00000 32.71000 146.70100
 2 4 21 03 27 50651.00000 12.34900000 1696.19000 175.00000 32.71000 146.61400
 2 4 21 03 27 50651.00000 12.34900000 1696.19000 175.00000 32.71000 146.61400
 2 4 21 03 28 50651.00000 12.34900000 1696.19000 175.00000 32.71000 146.61400
 2 4 21 03 28 50650.40000 12.34900000 1696.18000 174.89000 32.71000 146.77100
 2 4 21 03 29 50651.00000 12.34900000 1698.02000 174.89000 32.71000 146.77100
 2 4 21 03 29 50650.90000 12.34900000 1698.32000 174.89000 32.71000 146.77100
 2 4 21 03 30 50658.30000 12.34900000 1698.32000 174.89000 32.71000 146.77100
 2 4 21 03 30 50671.90000 12.34900000 1698.12000 174.89000 32.71000 146.77100
 2 4 21 03 30 50647.00000 12.34900000 1696.62000 174.89000 32.71000 146.77100
 2 4 21 03 31 50592.30000 12.34900000 1696.19000 174.89000 32.71000 146.87100
 2 4 21 03 31 50626.70000 12.34900000 1695.88000 175.11000 32.71400 146.87100
 2 4 21 03 32 50640.70000 12.34900000 1697.03000 175.11000 32.71400 146.87100
 2 4 21 03 32 50666.20000 12.34900000 1696.85000 175.11000 32.71400 146.76300
 2 4 21 03 33 50647.10000 12.34900000 1696.85000 175.11000 32.71400 146.76300
 2 4 21 03 33 50614.20000 12.34900000 1696.05000 175.11000 32.71400 146.76300
