M=[
26 9 20 17 33 9237.40000 4.97600000 304.87000 39.88000 13.57100 48.12000
26 9 20 17 33 9237.50000 4.97600000 304.87000 39.88000 13.57100 48.12000
26 9 20 17 34 9237.50000 4.97600000 304.93000 39.88000 13.57100 48.12000
26 9 20 17 34 9237.50000 4.97600000 304.93000 39.88000 13.57100 48.12000
26 9 20 17 34 9237.50000 4.97600000 305.02000 39.88000 13.57100 48.12000
26 9 20 17 35 9237.40000 4.97600000 305.02000 39.88000 13.57100 48.12000
26 9 20 17 35 9237.40000 4.97600000 305.02000 39.84000 13.57100 48.11100
26 9 20 17 36 9237.40000 4.97600000 304.88000 39.84000 13.57100 48.11100
26 9 20 17 36 9237.40000 4.97600000 304.88000 39.84000 13.57100 48.11100
26 9 20 17 37 9237.50000 4.97600000 304.88000 39.84000 13.57100 48.11100
26 9 20 17 37 9237.50000 4.97600000 304.53000 39.84000 13.57100 48.11100
26 9 20 17 37 9237.50000 4.97600000 304.53000 39.84000 13.57100 48.11100
26 9 20 17 38 9237.40000 4.97600000 304.37000 39.84000 13.57100 48.11100
26 9 20 17 38 9237.40000 4.97600000 304.37000 39.84000 13.57100 48.11100
26 9 20 17 39 9236.50000 4.97600000 304.41000 39.78000 13.57100 48.11100
26 9 20 17 39 9236.10000 4.97600000 304.41000 39.78000 13.57100 48.11100
26 9 20 17 40 9236.10000 4.97600000 304.41000 39.78000 13.57100 48.11100
26 9 20 17 40 9236.10000 4.97600000 304.30000 39.78000 13.62600 48.11100
26 9 20 17 41 9236.00000 4.97600000 304.30000 39.78000 13.62600 48.11100
26 9 20 17 41 9236.10000 4.97600000 304.63000 39.78000 13.62600 48.11100
26 9 20 17 41 9236.10000 4.97600000 304.63000 39.78000 13.62600 48.11100
26 9 20 17 42 9236.10000 4.97600000 304.63000 39.78000 13.62600 48.11100
26 9 20 17 42 9236.00000 4.97600000 304.69000 39.78000 13.62600 48.11100
26 9 20 17 43 9236.00000 4.97600000 304.69000 39.82000 13.62600 48.11100
26 9 20 17 43 9236.00000 4.97600000 304.69000 39.82000 13.62600 48.11100
26 9 20 17 44 9236.00000 4.97600000 303.96000 39.82000 13.62600 48.11100
26 9 20 17 44 9232.30000 4.97600000 304.00000 39.82000 13.62600 48.11100
26 9 20 17 44 9232.30000 4.97600000 304.00000 39.82000 13.62600 48.11100
26 9 20 17 45 9232.40000 4.97600000 303.97000 39.82000 13.62600 48.11100
26 9 20 17 45 9232.40000 4.97600000 303.97000 39.82000 13.62600 48.11100
26 9 20 17 46 9232.40000 4.97600000 304.02000 39.82000 13.62600 48.11100
26 9 20 17 46 9232.40000 4.97600000 304.21000 39.82000 13.62600 48.11100
26 9 20 17 47 9233.30000 4.97600000 304.21000 39.82000 13.62600 48.11100
26 9 20 17 47 9233.30000 4.97600000 304.18000 39.82000 13.60100 48.11100
26 9 20 17 47 9232.40000 4.97600000 304.18000 39.82000 13.60100 48.11100
26 9 20 17 48 9233.20000 4.97600000 304.47000 39.82000 13.60100 48.11100
26 9 20 17 48 9232.40000 4.97600000 304.47000 39.79000 13.60100 48.11100
26 9 20 17 49 9232.40000 4.97600000 304.47000 39.82000 13.60100 48.11100
26 9 20 17 49 9232.40000 4.97600000 304.47000 39.82000 13.60100 48.11100
26 9 20 17 50 9232.30000 4.97600000 304.47000 39.82000 13.60100 48.11100
26 9 20 17 50 9232.40000 4.97600000 304.43000 39.82000 13.60100 48.11100
26 9 20 17 50 9232.40000 4.97600000 304.43000 39.82000 13.60100 48.11100
26 9 20 17 51 9232.40000 4.97600000 304.43000 39.82000 13.60100 48.11100
26 9 20 17 51 9232.30000 4.97600000 304.43000 39.82000 13.60100 48.11100
26 9 20 17 52 9232.40000 4.97600000 304.30000 39.82000 13.60100 48.11100
26 9 20 17 52 9232.40000 4.97600000 304.30000 39.82000 13.60100 48.11100
26 9 20 17 53 9232.30000 4.97600000 304.30000 39.82000 13.60100 48.11100
26 9 20 17 53 9232.30000 4.97600000 304.14000 39.82000 13.60100 48.11100
26 9 20 17 54 9232.40000 4.97600000 304.27000 39.82000 13.60100 48.11100
26 9 20 17 54 9232.40000 4.97600000 304.48000 39.82000 13.60100 48.11100
26 9 20 17 54 9232.40000 4.97600000 304.48000 39.82000 13.60100 48.11100
26 9 20 17 55 9233.30000 4.97600000 304.47000 39.82000 13.60100 48.11100
26 9 20 17 55 9233.30000 4.97600000 304.47000 39.82000 13.60100 48.11100
26 9 20 17 56 9236.60000 4.97600000 304.47000 39.82000 13.60100 48.11100
26 9 20 17 56 9237.50000 4.97600000 304.73000 39.82000 13.60100 48.11100
26 9 20 17 57 9237.50000 4.97600000 304.73000 39.82000 13.60100 48.11100
26 9 20 17 57 9237.50000 4.97600000 304.73000 39.82000 13.60100 48.11100
26 9 20 17 57 9237.50000 4.97600000 304.73000 39.82000 13.60100 48.11100
26 9 20 17 58 9238.00000 4.97600000 305.01000 39.82000 13.60100 48.11100
26 9 20 17 58 9242.90000 4.97600000 305.01000 39.82000 13.60100 48.11100
26 9 20 17 59 9242.90000 4.97600000 305.11000 39.82000 13.60100 48.11100
26 9 20 17 59 9242.90000 4.97600000 305.11000 39.82000 13.60100 48.11100
26 9 20 18 00 9242.90000 4.97600000 304.86000 39.82000 13.60100 48.11100
26 9 20 18 00 9251.30000 4.92200000 305.91000 39.82000 13.60100 48.11100
26 9 20 18 01 9255.00000 4.92200000 305.62000 39.82000 13.60100 48.11100
26 9 20 18 01 9261.70000 4.92200000 305.76000 39.82000 13.60100 48.11100
26 9 20 18 01 9261.60000 4.92200000 305.49000 39.82000 13.60100 48.11100
26 9 20 18 02 9261.70000 4.92200000 305.49000 39.82000 13.60100 48.11100
26 9 20 18 02 9261.70000 4.92200000 305.49000 39.82000 13.60100 48.11100
26 9 20 18 03 9261.70000 4.92200000 305.36000 39.82000 13.60100 48.11100
26 9 20 18 03 9261.70000 4.92200000 305.35000 39.82000 13.60100 48.11100
26 9 20 18 04 9261.70000 4.92200000 305.12000 39.82000 13.60100 48.11100
26 9 20 18 04 9261.70000 4.92200000 304.96000 39.82000 13.60100 48.11100
26 9 20 18 04 9261.20000 4.92200000 304.96000 39.82000 13.60100 48.11100
26 9 20 18 05 9260.10000 4.92200000 304.96000 39.82000 13.60100 48.11100
26 9 20 18 05 9252.80000 4.92200000 304.60000 39.80000 13.60100 48.11100
26 9 20 18 06 9253.40000 4.92200000 304.66000 39.80000 13.60100 48.11100
26 9 20 18 06 9253.40000 4.92200000 304.66000 39.80000 13.60100 48.11100
26 9 20 18 07 9250.60000 4.92200000 304.60000 39.77000 13.60100 48.11100
26 9 20 18 07 9250.00000 4.92200000 304.58000 39.77000 13.60100 48.11100
26 9 20 18 08 9235.10000 4.92200000 304.12000 39.77000 13.60100 48.11100
26 9 20 18 08 9239.60000 4.92200000 304.12000 39.77000 13.60100 48.08200
26 9 20 18 09 9235.60000 4.92200000 304.12000 39.77000 13.60100 48.08200
26 9 20 18 09 9236.30000 4.92200000 304.12000 39.77000 13.60100 48.08200
26 9 20 18 09 9235.10000 4.92200000 303.95000 39.77000 13.60100 48.08200
26 9 20 18 10 9235.10000 4.92200000 303.93000 39.77000 13.60100 48.08200
26 9 20 18 10 9230.00000 4.92200000 303.81000 39.77000 13.60100 48.08200
26 9 20 18 11 9230.10000 4.92200000 303.81000 39.77000 13.60100 48.08200
26 9 20 18 11 9230.10000 4.92200000 303.60000 39.77000 13.60100 48.08200
26 9 20 18 12 9231.80000 4.92200000 303.60000 39.77000 13.60100 48.08200
26 9 20 18 12 9231.80000 4.92200000 303.90000 39.77000 13.60100 48.08200
26 9 20 18 12 9231.80000 4.92200000 303.71000 39.77000 13.60100 48.08200
26 9 20 18 13 9232.30000 4.92200000 303.71000 39.77000 13.60100 48.08200
26 9 20 18 13 9232.30000 4.92200000 303.70000 39.77000 13.60100 48.08200
26 9 20 18 14 9235.60000 4.92200000 303.70000 39.77000 13.60100 48.08200
26 9 20 18 14 9232.90000 4.92200000 303.79000 39.77000 13.60100 48.08200
26 9 20 18 15 9232.20000 4.92200000 303.79000 39.77000 13.60100 48.08200
26 9 20 18 15 9232.90000 4.92200000 303.61000 39.77000 13.60100 48.08200
26 9 20 18 16 9232.90000 4.92200000 303.61000 39.77000 13.60100 48.08200
26 9 20 18 16 9235.20000 4.92200000 303.60000 39.77000 13.60100 48.08200
26 9 20 18 16 9236.10000 4.92200000 303.60000 39.77000 13.60100 48.08200
26 9 20 18 17 9233.90000 4.92200000 303.60000 39.77000 13.60100 48.08200
26 9 20 18 17 9233.50000 4.92200000 303.60000 39.77000 13.60100 48.08200
26 9 20 18 18 9233.50000 4.92200000 303.64000 39.77000 13.60100 48.08200
26 9 20 18 18 9241.00000 4.92200000 303.64000 39.77000 13.60100 48.08200
26 9 20 18 19 9241.00000 4.92200000 304.11000 39.77000 13.60100 48.08200
26 9 20 18 19 9237.40000 4.92200000 304.11000 39.77000 13.60100 48.08200
26 9 20 18 19 9241.30000 4.92200000 303.70000 39.77000 13.60100 48.08200
26 9 20 18 20 9238.70000 4.92200000 303.70000 39.77000 13.60100 48.08200
