M=[
11 5 20 09 24 7980.60000 5.58000000 172.00000 38.24000 11.54400 37.19200
11 5 20 09 24 7972.70000 5.61000000 172.01000 38.24000 11.54400 37.19200
11 5 20 09 24 7967.80000 5.61000000 172.01000 38.24000 11.54400 37.19200
11 5 20 09 25 7967.90000 5.58000000 171.91000 38.14000 11.54400 37.19200
11 5 20 09 25 7956.10000 5.61000000 171.91000 38.13000 11.54400 37.19200
11 5 20 09 26 7966.50000 5.61000000 172.00000 38.13000 11.54400 37.19200
11 5 20 09 26 7967.80000 5.61000000 172.00000 38.13000 11.54400 37.19200
11 5 20 09 27 7965.30000 5.61000000 171.85000 38.15000 11.54400 37.19200
11 5 20 09 27 7968.00000 5.61000000 171.69000 38.13000 11.54400 37.19200
11 5 20 09 28 7965.10000 5.56600000 171.69000 38.15000 11.54400 37.19200
11 5 20 09 28 7959.90000 5.56600000 171.82000 38.10000 11.45000 37.19200
11 5 20 09 29 7958.10000 5.56600000 171.60000 38.10000 11.54400 37.19200
11 5 20 09 29 7955.60000 5.56600000 171.60000 38.07000 11.52800 37.19200
11 5 20 09 30 7946.10000 5.56600000 171.56000 38.07000 11.52800 37.19200
11 5 20 09 30 7950.00000 5.56600000 171.57000 38.07000 11.52800 37.19200
11 5 20 09 31 7950.00000 5.56600000 171.60000 38.07000 11.52800 37.19200
11 5 20 09 31 7952.80000 5.56600000 171.60000 38.07000 11.52600 37.19200
11 5 20 09 32 7947.30000 5.56600000 171.58000 38.06000 11.52800 37.19200
11 5 20 09 32 7937.80000 5.56600000 171.22000 38.03000 11.50200 37.19200
11 5 20 09 33 7913.60000 5.56600000 171.00000 37.93000 11.50200 37.19200
11 5 20 09 33 7913.10000 5.56600000 170.95000 38.07000 11.50200 37.19200
11 5 20 09 34 7925.00000 5.56600000 171.14000 38.01000 11.50200 37.19200
11 5 20 09 34 7927.70000 5.56600000 171.29000 38.01000 11.50200 37.19200
11 5 20 09 35 7937.20000 5.56600000 171.46000 38.01000 11.49900 37.19200
11 5 20 09 35 7936.50000 5.56600000 171.40000 38.07000 11.50500 37.19200
11 5 20 09 36 7931.00000 5.56600000 171.33000 38.05000 11.50500 37.19200
11 5 20 09 36 7925.00000 5.56600000 171.30000 38.05000 11.50500 37.19200
11 5 20 09 37 7924.90000 5.56600000 171.37000 38.06000 11.50500 37.19200
11 5 20 09 37 7922.00000 5.56600000 171.45000 38.06000 11.52800 37.19200
11 5 20 09 38 7920.20000 5.56600000 171.38000 38.06000 11.52800 37.21600
11 5 20 09 38 7935.00000 5.55100000 171.51000 38.05000 11.54700 37.19200
11 5 20 09 38 7934.30000 5.55100000 171.57000 38.06000 11.54700 37.19200
11 5 20 09 39 7922.00000 5.55100000 171.36000 38.06000 11.55100 37.21600
11 5 20 09 39 7919.90000 5.56000000 171.37000 38.10000 11.55100 37.21600
11 5 20 09 40 7935.00000 5.55100000 171.60000 38.18000 11.57500 37.21600
11 5 20 09 40 7934.20000 5.56000000 171.96000 38.20000 11.56200 37.19200
11 5 20 09 41 7924.80000 5.56000000 171.78000 38.16000 11.56200 37.19200
11 5 20 09 41 7928.30000 5.56000000 171.78000 38.16000 11.57700 37.19200
11 5 20 09 42 7931.60000 5.56000000 171.78000 38.16000 11.60000 37.19200
11 5 20 09 42 7930.00000 5.56000000 171.70000 38.13000 11.60000 37.19200
11 5 20 09 43 7926.40000 5.55500000 171.67000 38.10000 11.59900 37.19200
11 5 20 09 43 7926.40000 5.55500000 171.65000 38.10000 11.59900 37.19200
11 5 20 09 44 7919.10000 5.55500000 171.48000 38.07000 11.59900 37.19200
11 5 20 09 44 7919.00000 5.55500000 171.48000 38.04000 11.59800 37.19200
11 5 20 09 45 7906.90000 5.55500000 171.26000 38.04000 11.59900 37.19200
11 5 20 09 45 7894.50000 5.55500000 171.00000 37.99000 11.60000 37.19200
11 5 20 09 46 7903.10000 5.56600000 171.20000 38.10000 11.60000 37.19200
11 5 20 09 46 7905.90000 5.55500000 171.17000 38.07000 11.60000 37.19200
11 5 20 09 47 7899.50000 5.55500000 171.07000 38.07000 11.60000 37.19200
11 5 20 09 47 7887.50000 5.55500000 171.00000 38.00000 11.60000 37.19200
11 5 20 09 48 7888.70000 5.55500000 170.89000 38.00000 11.60000 37.19200
11 5 20 09 48 7871.00000 5.55500000 170.89000 38.10000 11.58300 37.19200
11 5 20 09 49 7885.00000 5.55500000 170.77000 38.00000 11.58300 37.19200
11 5 20 09 49 7910.00000 5.55500000 171.00000 38.00000 11.58300 37.19200
11 5 20 09 50 7910.00000 5.55500000 171.00000 38.15000 11.58300 37.09500
11 5 20 09 50 7907.10000 5.55500000 170.99000 38.13000 11.58300 37.09500
11 5 20 09 51 7903.50000 5.55500000 171.00000 38.13000 11.58300 37.09500
11 5 20 09 51 7910.00000 5.55500000 171.10000 38.08000 11.60000 37.10000
11 5 20 09 52 7911.20000 5.55500000 171.10000 38.08000 11.60000 37.09500
11 5 20 09 52 7915.00000 5.55500000 171.10000 38.08000 11.60000 37.10000
11 5 20 09 53 7917.40000 5.55500000 171.10000 38.20000 11.61000 37.10000
11 5 20 09 53 7917.40000 5.55500000 171.10000 38.15000 11.61000 37.10000
11 5 20 09 53 7917.80000 5.55500000 171.10000 38.16000 11.64600 37.11000
11 5 20 09 54 7918.00000 5.55500000 171.10000 38.17000 11.70300 37.11000
11 5 20 09 54 7915.90000 5.55500000 171.09000 38.17000 11.64900 37.11000
11 5 20 09 55 7913.10000 5.55500000 171.10000 38.17000 11.73300 37.11000
11 5 20 09 55 7913.10000 5.57000000 171.00000 38.17000 11.71000 37.10000
11 5 20 09 56 7902.70000 5.57000000 171.00000 38.06000 11.71000 37.10000
11 5 20 09 56 7902.00000 5.57000000 171.08000 38.10000 11.74200 37.10000
11 5 20 09 57 7900.30000 5.57000000 171.05000 38.11000 11.74200 37.10000
11 5 20 09 57 7895.00000 5.57000000 171.01000 38.11000 11.73300 37.10000
11 5 20 09 58 7889.90000 5.57000000 170.86000 38.07000 11.77300 37.10000
11 5 20 09 58 7888.00000 5.57000000 170.87000 38.07000 11.77300 37.10000
11 5 20 09 59 7870.90000 5.57000000 170.39000 38.07000 11.82100 37.10000
11 5 20 09 59 7856.80000 5.57000000 170.38000 38.11000 11.84600 37.10000
11 5 20 10 00 7860.00000 5.57000000 170.15000 38.07000 11.84500 37.10000
11 5 20 10 00 7884.00000 5.54800000 170.74000 38.07000 11.95300 37.10000
11 5 20 10 01 7890.10000 5.54800000 170.96000 38.08000 11.99700 37.10000
11 5 20 10 01 7878.30000 5.54800000 170.76000 38.11000 11.99200 37.10000
11 5 20 10 02 7878.30000 5.54800000 170.97000 38.11000 12.00900 37.00100
11 5 20 10 02 7889.30000 5.54800000 171.00000 38.11000 12.04000 37.00100
11 5 20 10 03 7900.00000 5.54800000 171.00000 38.11000 12.04000 37.10100
11 5 20 10 04 7902.60000 5.54800000 170.99000 38.12000 12.09900 37.10100
11 5 20 10 04 7899.00000 5.54800000 171.09000 38.11000 12.10700 37.10100
11 5 20 10 04 7902.50000 5.54800000 171.10000 38.12000 12.08300 37.10100
11 5 20 10 05 7909.00000 5.57000000 171.10000 38.12000 12.11300 37.10100
11 5 20 10 05 7914.40000 5.57000000 171.10000 38.12000 12.14000 37.00100
11 5 20 10 06 7910.60000 5.57000000 171.37000 38.17000 12.14000 37.10100
11 5 20 10 06 7910.60000 5.57000000 171.38000 38.17000 12.11300 37.10100
11 5 20 10 07 7921.00000 5.56600000 171.50000 38.17000 12.06500 37.10100
11 5 20 10 07 7922.80000 5.57000000 171.54000 38.15000 12.06500 37.10100
11 5 20 10 08 7928.00000 5.57000000 171.66000 38.13000 12.03300 37.10100
11 5 20 10 08 7928.00000 5.57000000 171.65000 38.16000 12.09300 37.10100
11 5 20 10 09 7925.00000 5.57000000 171.50000 38.16000 12.10900 37.10100
11 5 20 10 09 7925.10000 5.57000000 171.78000 38.13000 12.03500 37.10100
11 5 20 10 10 7925.10000 5.57900000 171.77000 38.13000 12.02300 37.10100
11 5 20 10 10 7931.00000 5.57900000 171.94000 38.16000 12.02300 37.10100
11 5 20 10 11 7937.60000 5.57900000 171.94000 38.16000 12.00000 37.10100
11 5 20 10 11 7945.00000 5.57900000 172.00000 38.22000 12.00000 37.10100
11 5 20 10 12 7969.20000 5.57900000 172.01000 38.25000 12.00200 37.10100
11 5 20 10 13 7994.80000 5.60000000 172.59000 38.45000 12.00200 37.45600
11 5 20 10 13 8018.70000 5.60000000 172.49000 38.45000 12.03200 37.45600
11 5 20 10 14 8026.60000 5.60000000 172.83000 38.54000 12.07000 37.60000
11 5 20 10 14 8022.70000 5.60000000 173.00000 38.54000 12.00000 37.60000
11 5 20 10 15 8032.00000 5.63000000 173.00000 38.45000 12.00000 37.60000
11 5 20 10 15 8049.30000 5.63000000 173.57000 38.60000 12.00000 37.60000
11 5 20 10 16 8043.70000 5.66900000 173.15000 38.63000 12.02400 37.60000
11 5 20 10 17 8059.00000 5.66900000 173.37000 38.63000 12.00300 37.61900
11 5 20 10 17 8048.60000 5.65200000 173.29000 38.60000 11.95600 37.61900
