M=[
 9 4 21 06 20 48861.00000 16.26200000 1747.60000 188.77000 40.53100 156.43700
 9 4 21 06 20 48861.00000 16.26200000 1747.61000 188.77000 40.53100 156.43700
 9 4 21 06 20 48848.20000 16.26200000 1747.60000 188.67000 40.53100 156.43700
 9 4 21 06 21 48851.40000 16.26200000 1747.61000 188.82000 40.53100 156.43700
 9 4 21 06 21 48867.50000 16.26200000 1747.61000 188.85000 40.53100 156.43700
 9 4 21 06 22 48867.50000 16.26200000 1747.61000 188.85000 40.53100 156.43700
 9 4 21 06 22 48846.20000 16.26200000 1747.60000 188.77000 40.53100 156.12800
 9 4 21 06 23 48850.40000 16.26200000 1747.60000 188.77000 40.53100 156.12800
 9 4 21 06 23 48850.40000 16.26200000 1747.61000 188.77000 40.53100 156.12800
 9 4 21 06 23 48852.20000 16.26200000 1747.61000 188.77000 40.53100 156.12800
 9 4 21 06 24 48854.80000 16.26200000 1747.60000 188.77000 40.53100 156.12800
 9 4 21 06 24 48854.80000 16.26200000 1747.60000 188.93000 40.53100 156.12800
 9 4 21 06 25 48852.80000 16.26200000 1747.61000 188.93000 40.53100 156.12800
 9 4 21 06 25 48852.70000 16.26200000 1747.61000 188.78000 40.53100 156.12800
 9 4 21 06 26 48852.70000 16.26200000 1747.60000 188.81000 40.53100 156.12800
 9 4 21 06 26 48872.90000 16.26200000 1747.63000 188.81000 40.53100 156.12800
 9 4 21 06 26 48872.30000 16.26200000 1747.63000 188.81000 40.53100 156.12800
 9 4 21 06 27 48869.60000 16.26200000 1747.63000 189.02000 40.53100 156.12800
 9 4 21 06 27 48868.90000 16.26200000 1747.63000 189.02000 40.53100 156.12800
 9 4 21 06 28 48867.20000 16.26200000 1747.63000 189.02000 40.53100 156.12800
 9 4 21 06 28 48867.30000 16.26200000 1747.63000 189.03000 40.53100 156.12800
 9 4 21 06 29 48866.40000 16.26600000 1747.63000 189.03000 40.53100 156.12800
 9 4 21 06 29 48879.00000 16.26600000 1748.47000 189.09000 40.53100 156.12800
 9 4 21 06 29 48873.00000 16.26600000 1748.13000 189.04000 40.53100 156.12800
 9 4 21 06 30 48870.10000 16.26600000 1748.89000 189.04000 40.53100 156.12800
 9 4 21 06 30 48869.70000 16.26600000 1748.89000 188.81000 40.53100 156.12800
 9 4 21 06 31 48863.90000 16.26600000 1747.86000 188.81000 40.53100 156.12800
 9 4 21 06 31 48847.80000 16.26600000 1747.94000 188.81000 40.53100 156.12800
 9 4 21 06 32 48834.10000 16.26600000 1747.11000 188.81000 40.53100 156.12800
 9 4 21 06 32 48822.70000 16.26600000 1746.99000 188.81000 40.45800 156.12800
 9 4 21 06 32 48801.50000 16.26600000 1746.99000 188.81000 40.45800 156.12800
 9 4 21 06 33 48836.10000 16.26600000 1747.00000 188.81000 40.45800 156.12800
 9 4 21 06 33 48862.30000 16.26600000 1748.96000 188.81000 40.45800 156.12800
 9 4 21 06 34 48868.80000 16.26600000 1748.96000 188.93000 40.45800 156.12800
 9 4 21 06 34 48877.90000 16.26600000 1750.00000 188.93000 40.47200 156.12800
 9 4 21 06 35 48859.60000 16.26600000 1749.44000 188.72000 40.47200 156.12800
 9 4 21 06 35 48862.50000 16.26600000 1749.44000 188.75000 40.47200 156.43500
 9 4 21 06 35 48877.30000 16.26600000 1749.44000 188.75000 40.47200 156.43500
 9 4 21 06 36 48909.10000 16.26600000 1751.26000 188.94000 40.47200 156.43500
 9 4 21 06 36 48918.20000 16.26600000 1751.26000 188.94000 40.47200 156.43500
 9 4 21 06 37 48933.90000 16.26600000 1750.78000 188.94000 40.47200 156.43500
 9 4 21 06 37 48938.40000 16.26600000 1750.78000 188.94000 40.47200 156.43500
 9 4 21 06 38 48932.50000 16.34800000 1751.49000 188.94000 40.47200 156.43500
 9 4 21 06 38 48932.60000 16.34800000 1751.50000 189.10000 40.47200 156.43500
 9 4 21 06 38 48920.30000 16.34800000 1751.50000 189.13000 40.47200 156.43500
 9 4 21 06 39 48930.10000 16.34800000 1751.72000 189.19000 40.47200 156.43500
 9 4 21 06 39 48935.30000 16.34800000 1751.72000 189.19000 40.47200 156.43500
 9 4 21 06 40 48939.90000 16.36600000 1752.07000 189.19000 40.47200 156.90900
 9 4 21 06 40 48940.30000 16.36600000 1752.08000 189.19000 40.47200 156.90900
 9 4 21 06 41 48937.60000 16.36600000 1752.08000 189.19000 40.47200 156.90900
 9 4 21 06 41 48940.90000 16.36600000 1752.08000 189.19000 40.47200 156.90900
 9 4 21 06 41 48941.70000 16.36600000 1752.08000 189.19000 40.47200 156.90900
 9 4 21 06 42 48957.50000 16.36600000 1752.17000 189.19000 40.47200 156.90900
 9 4 21 06 42 48960.80000 16.36600000 1753.12000 189.31000 40.47200 156.90900
 9 4 21 06 43 48963.50000 16.36600000 1753.11000 189.41000 40.47200 156.90900
 9 4 21 06 43 48956.00000 16.36600000 1752.70000 189.73000 40.47200 156.90900
 9 4 21 06 44 48950.20000 16.36600000 1753.12000 189.73000 40.47200 156.90900
 9 4 21 06 44 48950.00000 16.36600000 1753.22000 190.06000 40.47200 156.90900
 9 4 21 06 44 48950.40000 16.36600000 1753.22000 190.12000 40.47200 156.90900
 9 4 21 06 45 48959.10000 16.36600000 1753.32000 190.19000 40.47200 156.90900
 9 4 21 06 45 48960.00000 16.36600000 1753.34000 190.19000 40.47200 156.90900
 9 4 21 06 46 48964.30000 16.36600000 1753.34000 190.19000 40.47200 156.90900
 9 4 21 06 46 48963.00000 16.36600000 1753.23000 190.19000 40.66700 156.90900
 9 4 21 06 47 48960.00000 16.36600000 1753.23000 190.19000 40.66700 156.90900
 9 4 21 06 47 48956.10000 16.36600000 1753.21000 190.12000 40.66700 156.90900
 9 4 21 06 47 48936.60000 16.36600000 1753.21000 189.99000 40.66700 156.90900
 9 4 21 06 48 48936.60000 16.39500000 1753.21000 189.81000 40.66700 156.90900
 9 4 21 06 48 48915.30000 16.48100000 1753.11000 189.81000 40.66700 156.90900
 9 4 21 06 49 48910.00000 16.48100000 1750.30000 189.66000 40.66700 157.35000
 9 4 21 06 49 48910.10000 16.48100000 1751.45000 189.67000 40.66700 157.35000
 9 4 21 06 50 48833.50000 16.48100000 1750.16000 189.59000 40.66700 157.35000
 9 4 21 06 50 48873.50000 16.48100000 1751.11000 189.59000 40.66700 157.35000
 9 4 21 06 50 48876.70000 16.48100000 1751.54000 189.59000 40.66700 157.35000
 9 4 21 06 51 48848.00000 16.48100000 1751.10000 189.59000 40.66700 157.35000
 9 4 21 06 51 48844.10000 16.48100000 1750.01000 189.29000 40.87900 157.35000
 9 4 21 06 52 48844.00000 16.48100000 1750.01000 189.24000 40.87900 157.35000
 9 4 21 06 52 48844.00000 16.48100000 1750.01000 189.23000 40.87900 157.35000
 9 4 21 06 53 48844.00000 16.48100000 1750.00000 189.10000 40.87900 157.35000
 9 4 21 06 53 48844.10000 16.48100000 1750.01000 189.10000 40.87900 157.35000
 9 4 21 06 53 48817.50000 16.48100000 1749.71000 189.10000 40.87900 157.35000
 9 4 21 06 54 48814.60000 16.48100000 1748.14000 189.10000 40.87900 157.35000
 9 4 21 06 54 48811.10000 16.48100000 1747.80000 189.10000 40.87900 157.35000
 9 4 21 06 55 48800.70000 16.48100000 1748.00000 189.08000 40.87900 157.35000
 9 4 21 06 55 48784.90000 16.48100000 1747.41000 188.98000 40.85000 156.76300
 9 4 21 06 56 48775.70000 16.48100000 1748.49000 188.98000 40.85000 156.76300
 9 4 21 06 56 48801.50000 16.48100000 1748.49000 188.98000 40.85000 156.76300
 9 4 21 06 56 48778.70000 16.48100000 1748.49000 188.98000 40.85000 156.76300
 9 4 21 06 57 48747.70000 16.36600000 1746.76000 188.58000 40.85000 156.76300
 9 4 21 06 57 48745.30000 16.36600000 1746.63000 188.70000 40.85000 156.76300
 9 4 21 06 58 48738.70000 16.36600000 1746.63000 188.70000 40.85000 156.19300
 9 4 21 06 58 48706.50000 16.36600000 1746.64000 188.70000 40.85000 156.19300
 9 4 21 06 59 48692.90000 16.36600000 1745.68000 188.70000 40.85000 156.19300
 9 4 21 06 59 48644.70000 16.28800000 1745.68000 188.33000 40.85000 156.19300
 9 4 21 06 59 48679.50000 16.28800000 1744.89000 188.33000 40.85000 156.19300
 9 4 21 07 00 48684.70000 16.28800000 1745.26000 188.33000 40.85000 156.19300
 9 4 21 07 00 48642.50000 16.28800000 1745.38000 188.29000 40.85000 156.19300
 9 4 21 07 01 48637.70000 16.28800000 1745.38000 188.04000 40.85000 156.19300
 9 4 21 07 01 48627.10000 16.26200000 1742.37000 188.05000 40.85000 155.14200
 9 4 21 07 02 48620.40000 16.26200000 1740.05000 187.99000 40.55600 155.00100
 9 4 21 07 02 48637.60000 16.26200000 1740.19000 187.99000 40.55600 155.00100
 9 4 21 07 02 48637.70000 16.26200000 1740.19000 188.11000 40.55600 155.40000
 9 4 21 07 03 48637.70000 16.26200000 1739.35000 188.11000 40.55600 155.40000
