M=[
 9 11 20 22 59 12901.20000 4.24200000 374.30000 49.57000 13.16300 49.32500
 9 11 20 23 00 12915.90000 4.24200000 374.30000 49.69000 13.16800 49.32500
 9 11 20 23 00 12932.50000 4.24200000 374.92000 49.69000 13.16800 49.32500
 9 11 20 23 01 12908.30000 4.24200000 374.92000 49.69000 13.16800 49.32500
 9 11 20 23 01 12907.50000 4.24200000 374.92000 49.69000 13.16800 49.32500
 9 11 20 23 02 12905.60000 4.24200000 374.97000 49.69000 13.16800 49.32500
 9 11 20 23 02 12917.00000 4.24200000 375.01000 49.69000 13.16900 49.32500
 9 11 20 23 02 12924.60000 4.24200000 375.05000 49.69000 13.17000 49.32500
 9 11 20 23 03 12929.10000 4.24200000 375.05000 49.82000 13.17000 49.32500
 9 11 20 23 03 12918.20000 4.24200000 375.19000 49.82000 13.17000 49.32500
 9 11 20 23 04 12926.10000 4.24200000 375.19000 49.87000 13.17000 49.32500
 9 11 20 23 04 12926.10000 4.24200000 375.22000 49.87000 13.17000 49.32500
 9 11 20 23 05 12920.10000 4.24200000 374.85000 49.87000 13.17000 49.32500
 9 11 20 23 05 12920.10000 4.24200000 374.85000 49.87000 13.17000 49.32500
 9 11 20 23 05 12938.40000 4.24200000 374.85000 49.87000 13.17000 49.32500
 9 11 20 23 06 12937.10000 4.24200000 375.20000 49.87000 13.17000 49.32500
 9 11 20 23 06 12937.10000 4.24200000 374.86000 49.87000 13.17000 49.46400
 9 11 20 23 07 12937.10000 4.24200000 374.86000 49.87000 13.17000 49.46400
 9 11 20 23 07 12937.10000 4.24200000 374.86000 49.87000 13.17000 49.46400
 9 11 20 23 08 12937.00000 4.24200000 374.86000 49.87000 13.17000 49.46400
 9 11 20 23 08 12913.90000 4.24200000 374.86000 49.87000 13.17000 49.46400
 9 11 20 23 08 12931.70000 4.24200000 374.86000 49.87000 13.17000 49.46400
 9 11 20 23 09 12931.70000 4.24200000 374.86000 49.87000 13.17000 49.46400
 9 11 20 23 09 12926.40000 4.24200000 375.17000 49.87000 13.17000 49.46400
 9 11 20 23 10 12944.50000 4.24200000 375.18000 49.87000 13.17000 49.46400
 9 11 20 23 10 12942.10000 4.24200000 375.18000 49.84000 13.17000 49.46400
 9 11 20 23 11 12923.00000 4.24200000 375.18000 49.84000 13.17400 49.46400
 9 11 20 23 11 12914.90000 4.24200000 375.05000 49.84000 13.16900 49.46400
 9 11 20 23 11 12918.50000 4.24200000 375.10000 49.84000 13.16900 49.46400
 9 11 20 23 12 12928.30000 4.24200000 375.20000 49.84000 13.16900 49.46400
 9 11 20 23 12 12930.60000 4.24200000 375.59000 49.84000 13.16900 49.46400
 9 11 20 23 13 12928.60000 4.24200000 375.30000 49.84000 13.16900 49.46400
 9 11 20 23 13 12920.30000 4.24200000 375.30000 49.84000 13.16900 49.46400
 9 11 20 23 14 12928.40000 4.24200000 375.30000 49.84000 13.16900 49.46400
 9 11 20 23 14 12928.40000 4.24200000 375.30000 49.84000 13.17400 49.46400
 9 11 20 23 14 12928.40000 4.24200000 375.30000 49.84000 13.17400 49.46400
 9 11 20 23 15 12928.60000 4.24200000 375.28000 49.84000 13.17400 49.46400
 9 11 20 23 15 12928.60000 4.24200000 375.28000 49.84000 13.17400 49.46400
 9 11 20 23 16 12922.40000 4.24200000 375.28000 49.84000 13.17400 49.46400
 9 11 20 23 16 12921.80000 4.24200000 375.28000 49.84000 13.17400 49.46400
 9 11 20 23 17 12931.70000 4.24200000 375.28000 49.84000 13.17400 49.46400
 9 11 20 23 17 12930.70000 4.24200000 375.28000 49.84000 13.17400 49.46400
 9 11 20 23 17 12930.70000 4.24200000 375.28000 49.84000 13.17400 49.46400
 9 11 20 23 18 12933.70000 4.24200000 375.28000 49.84000 13.17400 49.46400
 9 11 20 23 18 12933.70000 4.24200000 375.76000 49.91000 13.17400 49.46400
 9 11 20 23 19 12933.70000 4.24200000 375.76000 49.88000 13.17400 49.46400
 9 11 20 23 19 12933.70000 4.24200000 375.76000 49.88000 13.17200 49.46400
 9 11 20 23 20 12933.70000 4.24200000 375.76000 49.88000 13.17200 49.46400
 9 11 20 23 20 12933.60000 4.24200000 375.27000 49.88000 13.17200 49.46400
 9 11 20 23 20 12933.60000 4.24200000 375.27000 49.88000 13.17200 49.46400
 9 11 20 23 21 12933.60000 4.24200000 375.18000 49.88000 13.17200 49.46400
 9 11 20 23 21 12920.10000 4.24200000 375.19000 49.88000 13.17200 49.46400
 9 11 20 23 22 12920.00000 4.24200000 374.99000 49.88000 13.31200 49.46400
 9 11 20 23 22 12925.10000 4.24200000 375.00000 49.88000 13.31200 49.40900
 9 11 20 23 22 12917.60000 4.24200000 374.98000 49.88000 13.31200 49.40900
 9 11 20 23 23 12910.00000 4.24200000 374.98000 49.85000 13.31200 49.40900
 9 11 20 23 23 12910.00000 4.24200000 374.98000 49.85000 13.31200 49.40900
 9 11 20 23 24 12916.30000 4.24200000 374.84000 49.85000 13.31200 49.40900
 9 11 20 23 24 12930.20000 4.24200000 374.84000 49.85000 13.31200 49.40900
 9 11 20 23 25 12930.00000 4.24200000 374.84000 49.85000 13.31200 49.40900
 9 11 20 23 25 12921.40000 4.24200000 374.84000 49.85000 13.31200 49.40900
 9 11 20 23 25 12921.90000 4.24200000 375.04000 49.85000 13.31200 49.40900
 9 11 20 23 26 12924.50000 4.24200000 374.85000 49.85000 13.31200 49.40900
 9 11 20 23 26 12924.60000 4.24200000 374.85000 49.85000 13.19000 49.40900
 9 11 20 23 27 12924.80000 4.24200000 374.85000 49.85000 13.19000 49.40900
 9 11 20 23 27 12912.10000 4.24200000 374.85000 49.85000 13.31100 49.40900
 9 11 20 23 28 12928.40000 4.24200000 374.85000 49.85000 13.31100 49.40900
 9 11 20 23 28 12927.80000 4.24200000 374.85000 49.85000 13.31100 49.40900
 9 11 20 23 28 12930.00000 4.24200000 374.80000 49.85000 13.31100 49.40900
 9 11 20 23 29 12929.90000 4.24200000 374.80000 49.85000 13.31100 49.40900
 9 11 20 23 29 12929.90000 4.24200000 374.80000 49.85000 13.31100 49.40900
 9 11 20 23 30 12930.00000 4.24200000 374.80000 49.85000 13.31100 49.40900
 9 11 20 23 30 12929.00000 4.24200000 375.13000 49.85000 13.31100 49.40900
 9 11 20 23 31 12930.00000 4.24200000 375.13000 49.97000 13.31100 49.40900
 9 11 20 23 31 12928.90000 4.24200000 375.22000 49.97000 13.31100 49.40900
 9 11 20 23 31 12928.90000 4.24200000 375.21000 49.97000 13.31100 49.40900
 9 11 20 23 32 12920.00000 4.24200000 375.21000 49.97000 13.31100 49.40900
 9 11 20 23 32 12920.30000 4.25700000 375.21000 49.97000 13.31100 49.40900
 9 11 20 23 33 12929.90000 4.25700000 375.21000 49.92000 13.31100 49.40900
 9 11 20 23 33 12930.00000 4.25700000 375.21000 49.92000 13.31200 49.40900
 9 11 20 23 34 12953.80000 4.25700000 375.21000 50.01000 13.31200 49.40900
 9 11 20 23 34 12956.40000 4.25700000 375.61000 50.01000 13.31200 49.40900
 9 11 20 23 34 12959.90000 4.25700000 375.61000 50.03000 13.31200 49.40900
 9 11 20 23 35 12959.90000 4.25700000 375.61000 50.03000 13.31200 49.40900
 9 11 20 23 35 12967.00000 4.25700000 375.61000 50.03000 13.31200 49.40900
 9 11 20 23 36 12967.00000 4.25700000 375.61000 50.03000 13.31200 49.40900
 9 11 20 23 36 12954.20000 4.25700000 375.95000 50.03000 13.20400 49.40900
 9 11 20 23 37 12954.20000 4.25700000 375.95000 50.03000 13.20400 49.40900
 9 11 20 23 37 12949.00000 4.25700000 375.95000 50.03000 13.20400 49.40900
 9 11 20 23 37 12949.00000 4.25700000 375.54000 50.03000 13.20400 49.40900
 9 11 20 23 38 12944.90000 4.25700000 375.54000 50.03000 13.20400 49.40900
 9 11 20 23 38 12937.50000 4.25700000 375.54000 50.03000 13.20400 49.40900
 9 11 20 23 39 12942.20000 4.25700000 375.54000 50.03000 13.20400 49.40900
 9 11 20 23 39 12938.10000 4.25700000 375.54000 49.96000 13.25400 49.40900
 9 11 20 23 40 12938.10000 4.25700000 375.50000 49.96000 13.19700 49.40900
 9 11 20 23 40 12938.00000 4.25700000 375.50000 49.96000 13.19700 49.40900
 9 11 20 23 40 12941.50000 4.25700000 375.50000 49.96000 13.19700 49.40900
 9 11 20 23 41 12941.50000 4.25700000 375.50000 49.96000 13.19700 49.40900
 9 11 20 23 41 12941.50000 4.25700000 375.50000 49.96000 13.19700 49.40900
 9 11 20 23 42 12943.30000 4.25700000 375.50000 49.95000 13.19700 49.40900
 9 11 20 23 42 12943.30000 4.25700000 375.24000 49.95000 13.20000 49.40900
 9 11 20 23 43 12943.30000 4.25700000 375.24000 49.95000 13.20000 49.40900
 9 11 20 23 43 12935.00000 4.25700000 375.09000 49.95000 13.20000 49.40900
 9 11 20 23 43 12935.00000 4.25700000 375.09000 49.95000 13.25300 49.40900
 9 11 20 23 44 12937.70000 4.25700000 375.09000 49.95000 13.25300 49.40900
 9 11 20 23 44 12943.00000 4.25700000 375.24000 49.95000 13.25300 49.40900
