M=[
20 6 20 10 18 8309.20000 5.60200000 204.35000 38.41000 17.04200 45.43200
20 6 20 10 19 8309.60000 5.60200000 204.35000 38.44000 17.04200 45.43200
20 6 20 10 19 8309.90000 5.60200000 204.35000 38.44000 17.04200 45.43200
20 6 20 10 20 8310.00000 5.60200000 204.35000 38.44000 16.99000 45.43200
20 6 20 10 20 8310.00000 5.61500000 204.35000 38.44000 16.99000 45.43200
20 6 20 10 21 8309.90000 5.61500000 204.35000 38.44000 16.99000 45.43200
20 6 20 10 21 8309.50000 5.61500000 204.34000 38.44000 16.99000 45.43200
20 6 20 10 22 8310.00000 5.61500000 204.34000 38.46000 16.99000 45.32500
20 6 20 10 22 8310.00000 5.61500000 204.34000 38.46000 16.99000 45.32500
20 6 20 10 23 8309.80000 5.61500000 204.34000 38.46000 16.99000 45.32500
20 6 20 10 23 8309.80000 5.63000000 204.35000 38.44000 16.99000 45.32500
20 6 20 10 24 8309.80000 5.63000000 204.35000 38.46000 16.99000 45.32500
20 6 20 10 24 8309.80000 5.63000000 204.35000 38.46000 16.97000 45.32500
20 6 20 10 25 8309.90000 5.63000000 204.35000 38.46000 16.97000 45.32500
20 6 20 10 25 8309.80000 5.63000000 204.35000 38.42000 16.97000 45.32500
20 6 20 10 26 8309.90000 5.63000000 204.34000 38.42000 16.97000 45.32500
20 6 20 10 26 8311.20000 5.63000000 204.34000 38.42000 16.96000 45.32500
20 6 20 10 27 8309.90000 5.63000000 204.34000 38.42000 16.96000 45.32500
20 6 20 10 27 8310.10000 5.63000000 204.39000 38.42000 16.96000 45.32500
20 6 20 10 28 8310.00000 5.63000000 204.39000 38.42000 16.96000 45.32500
20 6 20 10 28 8310.00000 5.63000000 204.39000 38.42000 16.96000 45.32500
20 6 20 10 29 8310.20000 5.63000000 204.39000 38.42000 16.96000 45.32500
20 6 20 10 29 8311.70000 5.63000000 204.41000 38.42000 16.96000 45.32500
20 6 20 10 30 8310.00000 5.63000000 204.56000 38.42000 16.96000 45.32500
20 6 20 10 30 8310.70000 5.63000000 204.56000 38.42000 16.96000 45.32500
20 6 20 10 31 8311.00000 5.63000000 204.52000 38.46000 16.96000 45.32500
20 6 20 10 31 8310.70000 5.63000000 204.51000 38.42000 16.97000 45.37100
20 6 20 10 32 8312.70000 5.63000000 204.51000 38.42000 16.96000 45.37100
20 6 20 10 32 8310.80000 5.63000000 204.51000 38.42000 16.96000 45.37100
20 6 20 10 33 8310.80000 5.63000000 204.52000 38.46000 16.96000 45.37100
20 6 20 10 33 8310.80000 5.63000000 204.52000 38.42000 16.96000 45.37100
20 6 20 10 34 8310.80000 5.63000000 204.52000 38.42000 16.96000 45.37100
20 6 20 10 34 8310.70000 5.63000000 204.52000 38.42000 16.94000 45.37100
20 6 20 10 35 8310.70000 5.63000000 204.51000 38.41000 16.85700 45.37100
20 6 20 10 35 8308.80000 5.63000000 204.51000 38.41000 16.85700 45.37100
20 6 20 10 36 8309.80000 5.63000000 204.50000 38.41000 16.85700 45.37100
20 6 20 10 36 8310.60000 5.63000000 204.50000 38.41000 16.85700 45.37100
20 6 20 10 37 8309.20000 5.63000000 204.50000 38.41000 16.92400 45.37100
20 6 20 10 37 8310.10000 5.63000000 204.42000 38.41000 16.92400 45.37100
20 6 20 10 38 8310.60000 5.63000000 204.45000 38.41000 16.92400 45.32500
20 6 20 10 38 8310.60000 5.63000000 204.41000 38.41000 16.92400 45.37100
20 6 20 10 39 8310.60000 5.63000000 204.42000 38.41000 16.92400 45.37100
20 6 20 10 39 8310.50000 5.63000000 204.42000 38.41000 16.92400 45.37100
20 6 20 10 40 8310.60000 5.63000000 204.42000 38.41000 16.92400 45.37100
20 6 20 10 40 8310.60000 5.63000000 204.42000 38.41000 16.92400 45.32500
20 6 20 10 41 8310.60000 5.63000000 204.42000 38.43000 16.84300 45.32500
20 6 20 10 41 8310.50000 5.63000000 204.42000 38.43000 16.84300 45.37100
20 6 20 10 42 8310.60000 5.63000000 204.41000 38.43000 16.84300 45.45200
20 6 20 10 42 8311.80000 5.63000000 204.41000 38.43000 16.84300 45.45200
20 6 20 10 43 8312.60000 5.63000000 204.41000 38.43000 16.84300 45.45200
20 6 20 10 43 8312.60000 5.63000000 204.52000 38.43000 16.84300 45.45200
20 6 20 10 44 8311.70000 5.63000000 204.52000 38.43000 16.84300 45.45200
20 6 20 10 44 8311.80000 5.63000000 204.52000 38.43000 16.84300 45.45200
20 6 20 10 45 8311.90000 5.63000000 204.52000 38.43000 16.84300 45.45200
20 6 20 10 45 8310.60000 5.63000000 204.52000 38.43000 16.80100 45.45200
20 6 20 10 45 8311.40000 5.63000000 204.52000 38.43000 16.80100 45.45200
20 6 20 10 46 8310.60000 5.63000000 204.52000 38.43000 16.80100 45.45200
20 6 20 10 46 8310.50000 5.63000000 204.52000 38.43000 16.80100 45.45200
20 6 20 10 47 8310.60000 5.63000000 204.38000 38.43000 16.80000 45.45200
20 6 20 10 47 8311.00000 5.63000000 204.38000 38.43000 16.80000 45.45200
20 6 20 10 48 8311.00000 5.63000000 204.38000 38.39000 16.77000 45.45200
20 6 20 10 48 8310.90000 5.63000000 204.37000 38.39000 16.77000 45.45200
20 6 20 10 49 8310.60000 5.63000000 204.38000 38.39000 16.77000 45.45200
20 6 20 10 49 8311.00000 5.63000000 204.37000 38.39000 16.77000 45.45200
20 6 20 10 50 8311.40000 5.63000000 204.37000 38.39000 16.77000 45.45200
20 6 20 10 50 8311.30000 5.63000000 204.37000 38.39000 16.77000 45.45200
20 6 20 10 51 8311.10000 5.63000000 204.38000 38.39000 16.77000 45.45200
20 6 20 10 51 8311.70000 5.63000000 204.38000 38.39000 16.77000 45.45200
20 6 20 10 52 8311.40000 5.63000000 204.38000 38.39000 16.77000 45.45200
20 6 20 10 52 8312.60000 5.63000000 204.38000 38.39000 16.77000 45.45200
20 6 20 10 53 8312.50000 5.63000000 204.38000 38.39000 16.77000 45.45200
20 6 20 10 53 8313.00000 5.63000000 204.37000 38.39000 16.77000 45.45200
20 6 20 10 54 8312.00000 5.63000000 204.38000 38.39000 16.77000 45.45200
20 6 20 10 54 8312.50000 5.63000000 204.38000 38.39000 16.80100 45.45200
20 6 20 10 55 8312.40000 5.63000000 204.37000 38.39000 16.80100 45.45200
20 6 20 10 55 8312.90000 5.63000000 204.38000 38.39000 16.83800 45.45200
20 6 20 10 56 8312.80000 5.63000000 204.48000 38.39000 16.83800 45.45200
20 6 20 10 56 8312.70000 5.63000000 204.48000 38.39000 16.83800 45.45200
20 6 20 10 57 8312.70000 5.63000000 204.48000 38.39000 16.83800 45.45200
20 6 20 10 57 8312.60000 5.63000000 204.52000 38.42000 16.83800 45.45200
20 6 20 10 58 8312.60000 5.63000000 204.52000 38.42000 16.83800 45.45200
20 6 20 10 58 8312.60000 5.63000000 204.51000 38.39000 16.83800 45.45200
20 6 20 10 59 8312.70000 5.63000000 204.52000 38.39000 16.83800 45.45200
20 6 20 10 59 8312.70000 5.63000000 204.52000 38.39000 16.83800 45.45200
20 6 20 11 00 8310.00000 5.63000000 204.54000 38.39000 16.83800 45.45200
20 6 20 11 00 8310.40000 5.63000000 204.53000 38.39000 16.83800 45.45200
20 6 20 11 01 8310.40000 5.63000000 204.48000 38.39000 16.83800 45.45200
20 6 20 11 01 8310.00000 5.63000000 204.48000 38.40000 16.83800 45.45200
20 6 20 11 02 8310.10000 5.63000000 204.48000 38.40000 16.83800 45.38200
20 6 20 11 02 8310.10000 5.63000000 204.48000 38.40000 16.83800 45.38200
20 6 20 11 03 8310.00000 5.63000000 204.41000 38.40000 16.83800 45.38200
20 6 20 11 03 8310.10000 5.63000000 204.42000 38.40000 16.83800 45.38200
20 6 20 11 04 8310.10000 5.63000000 204.42000 38.37000 16.83800 45.38200
20 6 20 11 04 8310.10000 5.63000000 204.42000 38.38000 16.83800 45.38200
20 6 20 11 05 8310.10000 5.63000000 204.39000 38.38000 16.80000 45.38200
20 6 20 11 05 8306.90000 5.63000000 204.39000 38.38000 16.80000 45.38200
20 6 20 11 06 8306.80000 5.63000000 204.28000 38.38000 16.80000 45.38200
20 6 20 11 06 8303.90000 5.63000000 204.17000 38.38000 16.80000 45.38200
20 6 20 11 07 8303.90000 5.63000000 204.17000 38.38000 16.80000 45.38200
20 6 20 11 07 8303.90000 5.63000000 204.28000 38.34000 16.80000 45.45200
20 6 20 11 08 8302.30000 5.63000000 204.09000 38.34000 16.80000 45.38200
20 6 20 11 08 8300.70000 5.60500000 204.09000 38.34000 16.80000 45.38200
20 6 20 11 09 8300.70000 5.60500000 204.27000 38.34000 16.71000 45.38200
20 6 20 11 09 8300.00000 5.60500000 204.27000 38.34000 16.68200 45.38200
20 6 20 11 10 8300.00000 5.60500000 204.07000 38.34000 16.71000 45.38200
20 6 20 11 10 8300.00000 5.60500000 204.14000 38.34000 16.68200 45.38200
20 6 20 11 11 8301.00000 5.60500000 204.16000 38.34000 16.64700 45.38200
20 6 20 11 11 8301.00000 5.60500000 204.17000 38.34000 16.64700 45.38200
20 6 20 11 12 8301.00000 5.60500000 204.17000 38.34000 16.64700 45.38200
