M=[
 3 1 21 20 11 26250.00000 4.98900000 740.79000 121.22000 13.83100 46.39900
 3 1 21 20 12 26237.00000 4.98900000 742.42000 120.97000 13.62000 46.39900
 3 1 21 20 12 26246.60000 4.98900000 742.34000 121.16000 13.62000 46.39900
 3 1 21 20 13 26237.00000 4.98900000 742.42000 121.02000 13.62000 46.40000
 3 1 21 20 13 26341.50000 4.95200000 745.50000 121.80000 13.62000 46.40000
 3 1 21 20 13 26307.80000 4.95200000 745.50000 121.49000 13.62000 46.40000
 3 1 21 20 14 26349.90000 4.95200000 746.32000 121.95000 13.62000 46.40000
 3 1 21 20 14 26349.80000 4.95200000 744.97000 121.88000 13.62000 46.40000
 3 1 21 20 15 26340.20000 4.95200000 744.66000 121.92000 13.63000 46.40000
 3 1 21 20 15 26335.80000 5.00100000 743.85000 121.82000 13.63000 46.40000
 3 1 21 20 16 26350.00000 5.00100000 745.96000 121.95000 13.63000 46.34400
 3 1 21 20 16 26409.20000 5.00100000 746.89000 121.99000 13.63000 46.34400
 3 1 21 20 16 26450.00000 5.00100000 748.80000 122.28000 13.63000 46.34400
 3 1 21 20 17 26450.00000 5.00100000 748.90000 122.28000 13.58000 46.42600
 3 1 21 20 17 26463.40000 5.00100000 749.00000 122.39000 13.58000 46.42600
 3 1 21 20 18 26450.00000 5.01000000 749.90000 122.31000 13.58000 46.42600
 3 1 21 20 18 26491.60000 5.01000000 750.00000 122.56000 13.58000 46.42600
 3 1 21 20 19 26480.00000 5.01000000 753.12000 122.70000 13.58000 46.42600
 3 1 21 20 19 26501.00000 5.01100000 753.50000 122.39000 13.57000 46.42600
 3 1 21 20 19 26500.00000 5.05500000 751.99000 122.31000 13.57000 46.42600
 3 1 21 20 20 26511.90000 5.05500000 753.94000 122.80000 13.59000 46.53800
 3 1 21 20 20 26520.00000 5.05500000 754.64000 122.54000 13.59000 46.53800
 3 1 21 20 21 26518.90000 4.98300000 753.87000 122.41000 13.59000 46.53800
 3 1 21 20 21 26520.20000 4.98300000 754.50000 122.41000 13.59000 46.53800
 3 1 21 20 22 26496.10000 4.98300000 754.33000 122.65000 13.59000 46.53800
 3 1 21 20 22 26536.70000 4.98300000 754.30000 122.63000 13.59000 46.53800
 3 1 21 20 22 26528.50000 4.98300000 753.92000 122.41000 13.59000 46.53800
 3 1 21 20 23 26597.90000 4.98300000 756.00000 122.51000 13.59000 46.60000
 3 1 21 20 23 26587.90000 4.98300000 755.72000 122.79000 13.59000 46.60000
 3 1 21 20 24 26599.00000 5.08500000 757.75000 122.83000 13.59000 46.60000
 3 1 21 20 24 26652.80000 5.08500000 757.76000 123.00000 13.59000 46.60000
 3 1 21 20 25 26664.80000 5.08500000 758.24000 123.22000 13.59000 46.60000
 3 1 21 20 25 26660.00000 5.08500000 757.00000 122.64000 13.59000 46.60000
 3 1 21 20 25 26664.80000 5.08500000 756.03000 123.03000 13.59000 46.60000
 3 1 21 20 26 26664.80000 5.08500000 757.55000 122.95000 13.59000 46.60000
 3 1 21 20 26 26674.70000 5.08500000 758.12000 122.93000 13.59000 46.60000
 3 1 21 20 27 26689.90000 5.08500000 758.99000 123.18000 13.59000 46.60000
 3 1 21 20 27 26700.80000 5.08500000 759.90000 123.25000 13.59000 46.60000
 3 1 21 20 28 26703.30000 5.08500000 758.45000 123.40000 13.59000 46.60000
 3 1 21 20 28 26721.00000 5.08500000 759.00000 123.00000 13.59000 46.60000
 3 1 21 20 28 26700.00000 5.08500000 758.43000 123.01000 13.59000 46.60000
 3 1 21 20 29 26704.50000 5.18000000 757.99000 123.10000 13.59000 46.60000
 3 1 21 20 29 26705.30000 5.18000000 757.99000 123.15000 13.65700 46.60000
 3 1 21 20 30 26670.00000 5.18000000 758.00000 123.14000 13.65700 46.78000
 3 1 21 20 30 26670.10000 5.18000000 758.00000 123.16000 13.65700 46.78000
 3 1 21 20 31 26643.40000 5.10900000 757.98000 123.15000 13.65700 46.84000
 3 1 21 20 31 26582.80000 5.10900000 755.65000 123.00000 13.65700 46.84000
 3 1 21 20 31 26557.80000 5.10900000 755.70000 122.88000 13.65700 46.74100
 3 1 21 20 32 26580.90000 5.10900000 756.00000 123.07000 13.65700 46.72700
 3 1 21 20 32 26614.80000 5.06100000 756.60000 123.11000 13.65700 46.72700
 3 1 21 20 33 26638.50000 5.06100000 757.01000 122.90000 13.65700 46.72700
 3 1 21 20 33 26657.20000 5.06200000 757.57000 122.95000 13.65700 46.72700
 3 1 21 20 34 26664.80000 5.06200000 757.40000 122.99000 13.65700 46.72700
 3 1 21 20 34 26665.90000 5.06200000 756.10000 122.99000 13.65700 46.72700
 3 1 21 20 34 26670.10000 5.06200000 757.18000 123.04000 13.65700 46.72700
 3 1 21 20 35 26682.00000 5.06200000 756.85000 122.99000 13.65700 46.72700
 3 1 21 20 35 26621.30000 5.06200000 755.00000 122.80000 13.65700 46.72000
 3 1 21 20 36 26613.90000 5.06200000 755.09000 122.56000 13.65700 46.72000
 3 1 21 20 36 26644.00000 5.06200000 756.37000 122.56000 13.65700 46.72000
 3 1 21 20 37 26646.70000 5.06200000 756.30000 122.55000 13.65700 46.72000
 3 1 21 20 37 26637.80000 5.06400000 755.00000 122.50000 13.65700 46.72000
 3 1 21 20 37 26647.40000 5.06400000 755.00000 122.58000 13.65700 46.72000
 3 1 21 20 38 26661.60000 5.02700000 755.00000 122.57000 13.65700 46.73400
 3 1 21 20 38 26679.10000 5.02700000 756.65000 122.59000 13.65700 46.73400
 3 1 21 20 39 26695.20000 5.02700000 758.53000 122.95000 13.65700 46.73400
 3 1 21 20 39 26706.20000 5.02700000 759.98000 122.82000 13.65700 46.73400
 3 1 21 20 40 26724.60000 5.02700000 759.96000 122.79000 13.65700 46.73400
 3 1 21 20 40 26724.30000 5.02700000 759.99000 122.78000 13.65700 46.68700
 3 1 21 20 40 26650.70000 5.02700000 756.37000 122.02000 13.65700 46.68700
 3 1 21 20 41 26698.90000 5.02700000 756.32000 122.20000 13.65700 46.68700
 3 1 21 20 41 26665.70000 5.02700000 755.44000 122.00000 13.65700 46.68700
 3 1 21 20 42 26678.70000 5.02700000 757.00000 122.20000 13.65700 46.68700
 3 1 21 20 42 26672.70000 5.02700000 756.72000 122.30000 13.65700 46.68700
 3 1 21 20 43 26653.90000 5.02700000 756.23000 122.15000 13.65700 46.68700
 3 1 21 20 43 26656.90000 5.02700000 755.84000 122.45000 13.65700 46.68700
 3 1 21 20 43 26557.60000 5.02700000 754.10000 122.43000 13.65700 46.68700
 3 1 21 20 44 26573.70000 5.02700000 749.44000 122.21000 13.65700 46.68700
 3 1 21 20 44 26600.50000 5.02700000 752.38000 122.34000 13.65700 46.68900
 3 1 21 20 45 26600.00000 5.02700000 752.04000 122.25000 13.65700 46.68900
 3 1 21 20 45 26553.80000 5.02700000 750.77000 122.20000 13.65700 46.68700
 3 1 21 20 46 26545.60000 5.02700000 746.21000 121.90000 13.65700 46.68700
 3 1 21 20 46 26565.50000 5.02700000 748.65000 121.90000 13.65700 46.62000
 3 1 21 20 46 26544.10000 5.02700000 748.41000 121.81000 13.65700 46.62000
 3 1 21 20 47 26505.40000 5.02700000 746.02000 121.51000 13.71600 46.62000
 3 1 21 20 47 26598.60000 5.02700000 747.80000 121.67000 13.61000 46.62000
 3 1 21 20 48 26587.70000 5.02700000 747.77000 121.67000 13.60000 46.62000
 3 1 21 20 48 26600.00000 5.02700000 748.00000 121.86000 13.60000 46.62000
 3 1 21 20 49 26649.90000 5.02700000 750.00000 122.33000 13.60000 46.62000
 3 1 21 20 49 26629.50000 5.02700000 749.14000 122.10000 13.60000 46.62000
 3 1 21 20 49 26621.00000 5.02700000 747.00000 122.00000 13.60000 46.75000
 3 1 21 20 50 26605.00000 5.02700000 745.60000 121.45000 13.60000 46.75000
 3 1 21 20 50 26610.80000 5.02700000 747.27000 121.45000 13.60000 46.75900
 3 1 21 20 51 26595.80000 5.02700000 743.43000 121.86000 13.60000 46.75900
 3 1 21 20 51 26593.20000 5.02700000 743.25000 121.65000 13.60000 46.75900
 3 1 21 20 52 26604.50000 5.02700000 746.06000 121.65000 13.60000 46.75900
 3 1 21 20 52 26633.40000 5.02700000 746.20000 121.65000 13.60000 46.75900
 3 1 21 20 52 26633.60000 5.02700000 746.86000 121.99000 13.60000 46.75900
 3 1 21 20 53 26651.20000 5.02700000 749.59000 121.99000 13.60000 46.75900
 3 1 21 20 53 26651.90000 5.02700000 749.47000 122.38000 13.60000 46.75900
 3 1 21 20 54 26641.30000 5.02700000 748.00000 122.16000 13.60000 46.75900
 3 1 21 20 54 26595.80000 5.02700000 746.29000 121.95000 13.60000 46.75900
 3 1 21 20 55 26571.70000 5.02700000 745.00000 121.93000 13.50000 46.75900
 3 1 21 20 55 26624.40000 5.02700000 748.44000 121.98000 13.50000 46.75900
 3 1 21 20 55 26660.90000 5.02700000 749.40000 122.40000 13.50000 46.75900
 3 1 21 20 56 26699.90000 5.02700000 749.55000 122.15000 13.50000 46.75900
 3 1 21 20 56 26730.30000 5.02700000 750.00000 122.34000 13.50000 46.75900
