M=[
 6 8 20 21 31 9975.20000 6.03900000 334.05000 50.12000 18.20000 84.27300
 6 8 20 21 31 9975.10000 6.03900000 334.06000 50.09000 18.20000 84.27300
 6 8 20 21 32 9968.00000 6.03900000 334.06000 50.09000 18.20000 84.27300
 6 8 20 21 32 9961.40000 6.03900000 334.06000 50.01000 18.20000 84.27300
 6 8 20 21 33 9960.70000 6.03900000 334.05000 50.01000 18.22100 84.27300
 6 8 20 21 33 9960.70000 6.03900000 334.06000 50.01000 18.22100 84.27300
 6 8 20 21 34 9967.30000 6.03900000 334.06000 50.01000 18.22200 84.27300
 6 8 20 21 34 9968.40000 6.03900000 334.05000 50.01000 18.23600 84.27300
 6 8 20 21 35 9975.00000 6.03900000 334.05000 50.01000 18.23600 84.27300
 6 8 20 21 35 9959.80000 6.03900000 334.06000 49.99000 18.23600 84.27300
 6 8 20 21 36 9958.40000 6.03900000 334.00000 49.99000 18.23600 84.18000
 6 8 20 21 36 9960.30000 6.03900000 334.00000 50.00000 18.23600 84.18000
 6 8 20 21 37 9959.80000 6.03900000 333.81000 50.00000 18.21200 84.18000
 6 8 20 21 37 9957.40000 6.03900000 333.40000 50.00000 18.21200 84.18000
 6 8 20 21 38 9959.40000 6.00800000 333.40000 50.00000 18.21200 84.18000
 6 8 20 21 38 9957.40000 6.00800000 333.41000 50.00000 18.21200 84.18000
 6 8 20 21 39 9959.30000 6.00800000 333.44000 50.00000 18.21200 84.18000
 6 8 20 21 39 9960.80000 6.00800000 333.66000 50.00000 18.21200 84.18000
 6 8 20 21 40 9962.10000 6.00800000 333.56000 50.00000 18.18500 84.18000
 6 8 20 21 40 9962.40000 6.00800000 333.62000 50.00000 18.18500 84.18000
 6 8 20 21 41 9962.00000 6.00000000 333.60000 50.00000 18.18500 84.18000
 6 8 20 21 41 9962.60000 6.00000000 333.62000 50.00000 18.20500 84.18000
 6 8 20 21 42 9962.00000 6.00000000 333.61000 50.00000 18.18400 84.18000
 6 8 20 21 42 9961.90000 6.00000000 333.61000 50.00000 18.18400 84.27000
 6 8 20 21 43 9961.70000 6.00000000 333.61000 50.00000 18.18400 84.27000
 6 8 20 21 43 9961.90000 6.00000000 333.61000 50.00000 18.18400 84.27000
 6 8 20 21 44 9960.90000 5.99700000 333.61000 50.00000 18.18400 84.27000
 6 8 20 21 44 9957.60000 5.99700000 333.61000 50.00000 18.18400 84.27000
 6 8 20 21 45 9942.40000 5.99700000 333.30000 49.88000 18.09700 84.27000
 6 8 20 21 46 9941.80000 5.99700000 333.32000 49.96000 18.09700 84.27000
 6 8 20 21 46 9940.70000 5.99700000 333.29000 49.96000 18.09700 84.27000
 6 8 20 21 47 9935.90000 5.99700000 333.38000 49.98000 18.09700 84.27000
 6 8 20 21 47 9934.70000 5.99700000 333.33000 49.93000 18.05700 84.27000
 6 8 20 21 48 9925.40000 5.99700000 333.29000 49.93000 18.05700 84.27000
 6 8 20 21 48 9850.00000 5.96200000 332.21000 49.42000 18.04700 83.49100
 6 8 20 21 49 9857.70000 5.96200000 331.88000 49.68000 18.04700 83.49100
 6 8 20 21 50 9846.80000 5.96200000 331.80000 49.65000 17.97000 83.25000
 6 8 20 21 50 9838.80000 5.90000000 331.36000 49.63000 17.97000 83.00000
 6 8 20 21 51 9851.20000 5.93400000 332.06000 49.65000 17.97000 83.20100
 6 8 20 21 52 9863.30000 5.93400000 332.50000 49.74000 17.97000 83.20100
 6 8 20 21 52 9873.50000 5.96300000 332.51000 49.75000 17.97000 83.49200
 6 8 20 21 53 9878.10000 5.96900000 332.53000 49.76000 17.97000 83.49200
 6 8 20 21 53 9872.30000 5.96900000 332.78000 49.76000 17.97000 83.49200
 6 8 20 21 54 9873.00000 5.96900000 333.09000 49.79000 17.97000 83.49200
 6 8 20 21 54 9879.50000 5.98600000 333.20000 49.79000 17.97000 83.49200
 6 8 20 21 55 9873.10000 5.98600000 333.08000 49.83000 17.97000 83.49200
 6 8 20 21 55 9870.30000 5.98600000 333.06000 49.83000 17.97000 83.49200
 6 8 20 21 56 9875.20000 5.98600000 332.84000 49.83000 17.89600 83.49200
 6 8 20 21 57 9881.80000 5.98600000 333.31000 49.83000 17.89600 83.49200
 6 8 20 21 57 9881.80000 5.97900000 333.26000 49.83000 17.89600 83.49200
 6 8 20 21 58 9897.10000 5.97900000 333.50000 49.89000 17.89600 83.49200
 6 8 20 21 58 9890.50000 5.97900000 333.50000 49.96000 17.89600 84.04600
 6 8 20 21 59 9887.20000 5.97900000 333.50000 49.96000 17.96800 84.04600
 6 8 20 21 59 9889.00000 5.97900000 333.38000 49.89000 17.96800 84.04600
 6 8 20 22 00 9890.50000 5.97900000 333.38000 49.89000 17.96800 84.04600
 6 8 20 22 00 9890.50000 5.99100000 333.38000 49.89000 17.96800 84.04600
 6 8 20 22 01 9890.50000 5.99100000 333.29000 49.89000 17.96800 84.04600
 6 8 20 22 02 9867.40000 5.96800000 332.85000 49.78000 17.96800 84.04600
 6 8 20 22 02 9879.40000 5.96800000 333.22000 49.75000 17.96800 84.04600
 6 8 20 22 03 9883.60000 5.97800000 333.15000 49.84000 17.96800 84.04600
 6 8 20 22 03 9886.80000 5.97800000 333.34000 49.84000 17.96800 84.04600
 6 8 20 22 04 9892.80000 5.97800000 333.37000 49.84000 17.96800 84.04600
 6 8 20 22 04 9892.90000 5.97800000 333.40000 49.91000 18.02600 84.04600
 6 8 20 22 05 9908.40000 5.97800000 333.40000 49.92000 18.02600 84.04600
 6 8 20 22 06 9908.50000 5.97800000 333.62000 49.92000 18.02600 84.04600
 6 8 20 22 06 9905.60000 5.97800000 333.80000 49.92000 18.02600 84.04600
 6 8 20 22 07 9905.80000 5.97800000 333.81000 49.92000 18.02600 84.04600
 6 8 20 22 07 9908.20000 5.97800000 333.81000 49.92000 18.02600 84.04600
 6 8 20 22 08 9913.90000 5.97500000 333.81000 49.92000 18.02600 84.04600
 6 8 20 22 08 9903.10000 5.97500000 333.52000 49.77000 18.02600 84.04600
 6 8 20 22 09 9903.70000 5.97500000 333.51000 49.88000 18.02600 84.04600
 6 8 20 22 09 9901.40000 5.97500000 333.10000 49.82000 18.02600 84.04600
 6 8 20 22 10 9902.90000 5.97500000 333.29000 49.77000 18.02600 84.04600
 6 8 20 22 11 9901.10000 5.97500000 333.07000 49.66000 18.02600 84.04600
 6 8 20 22 11 9902.20000 5.97500000 333.21000 49.69000 18.02600 84.04600
 6 8 20 22 12 9906.20000 5.97500000 333.21000 49.80000 18.02600 84.04600
 6 8 20 22 12 9909.20000 5.97500000 333.14000 49.72000 18.02600 84.04600
 6 8 20 22 13 9911.50000 5.97500000 333.22000 49.74000 18.02600 84.04600
 6 8 20 22 13 9913.10000 5.97500000 333.19000 49.78000 18.02600 84.04600
 6 8 20 22 14 9910.40000 5.97500000 332.90000 49.78000 18.02600 84.04600
 6 8 20 22 14 9910.40000 5.97500000 332.90000 49.79000 18.02600 84.04600
 6 8 20 22 15 9910.40000 5.97500000 333.05000 49.79000 18.02600 84.04600
 6 8 20 22 15 9910.40000 5.97500000 333.05000 49.79000 18.02600 84.04600
 6 8 20 22 16 9895.60000 5.97500000 332.95000 49.74000 18.02600 83.56700
 6 8 20 22 16 9900.00000 5.97500000 332.73000 49.74000 18.02600 83.48900
 6 8 20 22 17 9916.10000 5.97500000 333.00000 49.74000 18.02600 83.48900
 6 8 20 22 17 9916.10000 5.97500000 332.99000 49.74000 18.02600 83.48900
 6 8 20 22 18 9916.60000 5.97500000 333.30000 49.74000 18.02600 83.48900
 6 8 20 22 18 9922.00000 5.97500000 333.20000 49.85000 18.02600 83.48900
 6 8 20 22 19 9920.00000 5.97500000 333.03000 49.85000 18.02600 83.48900
 6 8 20 22 19 9919.80000 5.97500000 332.82000 49.85000 18.02600 83.48900
 6 8 20 22 20 9919.30000 5.97500000 332.69000 49.85000 18.02600 83.48900
 6 8 20 22 20 9919.40000 5.95800000 332.70000 49.77000 18.02600 83.48900
 6 8 20 22 21 9920.00000 5.95800000 332.70000 49.77000 18.02600 83.48900
 6 8 20 22 21 9921.50000 5.95800000 332.54000 49.77000 18.02600 83.48900
 6 8 20 22 22 9921.50000 5.96400000 332.55000 49.77000 18.02600 83.48900
 6 8 20 22 22 9919.70000 5.96400000 332.54000 49.77000 18.02600 83.48900
 6 8 20 22 23 9921.90000 5.96400000 332.68000 49.72000 18.02600 83.48900
 6 8 20 22 23 9919.40000 5.96400000 332.55000 49.74000 18.02600 83.48900
 6 8 20 22 24 9919.00000 5.96400000 332.56000 49.74000 18.02600 83.48900
 6 8 20 22 24 9919.00000 5.96400000 332.56000 49.74000 18.02600 83.48900
 6 8 20 22 25 9919.70000 5.96400000 332.56000 49.79000 18.02600 83.48900
 6 8 20 22 25 9919.80000 5.96400000 332.72000 49.79000 18.02600 83.48900
 6 8 20 22 26 9921.20000 5.96400000 332.67000 49.80000 18.02600 83.48900
 6 8 20 22 26 9922.00000 5.96400000 332.81000 49.80000 18.02600 83.48900
 6 8 20 22 27 9924.90000 5.96400000 332.74000 49.80000 18.02600 82.79800
 6 8 20 22 27 9911.40000 5.96400000 332.11000 49.74000 18.02600 82.64300
 6 8 20 22 28 9921.70000 5.96400000 332.32000 49.77000 18.02600 82.88700
 6 8 20 22 28 9922.20000 5.96400000 332.32000 49.77000 18.02600 82.95100
