M=[
13 3 21 04 19 47231.10000 9.93700000 1464.66000 179.77000 25.68200 116.72800
13 3 21 04 20 47231.10000 9.93700000 1466.70000 179.77000 25.68200 116.72800
13 3 21 04 20 47231.00000 9.93700000 1465.96000 179.77000 25.68200 116.72800
13 3 21 04 21 47231.10000 9.93700000 1465.96000 179.77000 25.68200 116.72800
13 3 21 04 21 47259.80000 9.93700000 1467.27000 179.77000 25.68200 116.72800
13 3 21 04 22 47255.50000 9.93700000 1467.14000 179.77000 25.68200 116.72800
13 3 21 04 22 47268.70000 9.93700000 1467.14000 179.77000 25.68200 116.72800
13 3 21 04 22 47268.70000 9.93700000 1468.13000 179.77000 25.68200 116.72800
13 3 21 04 23 47288.70000 9.93700000 1467.17000 180.28000 25.68200 116.72800
13 3 21 04 23 47288.70000 9.91700000 1467.76000 180.42000 25.68200 116.72800
13 3 21 04 24 47294.40000 9.91700000 1467.76000 180.42000 25.68200 116.72800
13 3 21 04 24 47252.60000 9.91700000 1467.15000 180.28000 25.68200 116.72800
13 3 21 04 25 47251.10000 9.91700000 1467.15000 180.29000 25.68200 116.72800
13 3 21 04 25 47251.10000 9.91700000 1467.14000 180.29000 25.68200 116.72800
13 3 21 04 25 47251.10000 9.91700000 1467.14000 180.29000 25.68200 116.72800
13 3 21 04 26 47250.10000 9.91700000 1467.00000 180.29000 25.68200 116.72800
13 3 21 04 26 47250.10000 9.91700000 1467.00000 179.93000 25.68200 116.72800
13 3 21 04 27 47250.10000 9.91700000 1467.00000 179.83000 25.68200 116.72800
13 3 21 04 27 47250.10000 9.91700000 1467.00000 179.83000 25.68200 116.78400
13 3 21 04 28 47250.10000 9.91700000 1467.00000 179.83000 25.68200 116.78400
13 3 21 04 28 47256.30000 9.91700000 1467.00000 179.91000 25.68200 116.78400
13 3 21 04 28 47256.30000 9.91700000 1467.00000 179.91000 25.68200 116.78400
13 3 21 04 29 47250.00000 9.91700000 1467.00000 179.87000 25.72100 116.78400
13 3 21 04 29 47250.00000 9.91700000 1464.32000 179.87000 25.72100 116.78400
13 3 21 04 30 47250.10000 9.91700000 1464.32000 179.92000 25.72100 116.78400
13 3 21 04 30 47250.10000 9.91700000 1464.32000 179.94000 25.72100 116.78400
13 3 21 04 31 47250.10000 9.91700000 1464.32000 179.94000 25.72100 116.78400
13 3 21 04 31 47270.30000 9.91700000 1464.32000 179.94000 25.72100 116.78400
13 3 21 04 31 47270.30000 9.91700000 1464.32000 179.94000 25.72100 116.78400
13 3 21 04 32 47270.30000 9.91700000 1464.32000 180.73000 25.72100 116.78400
13 3 21 04 32 47269.80000 9.91700000 1467.07000 180.68000 25.72100 116.78400
13 3 21 04 33 47247.40000 9.91700000 1465.96000 180.33000 25.72100 116.78400
13 3 21 04 33 47231.00000 9.91700000 1465.96000 180.33000 25.72100 116.78400
13 3 21 04 34 47231.00000 9.91700000 1465.96000 180.33000 25.63700 116.78400
13 3 21 04 34 47231.00000 9.91700000 1465.85000 180.33000 25.63700 116.78400
13 3 21 04 34 47231.10000 9.91700000 1466.39000 180.33000 25.63700 116.78400
13 3 21 04 35 47208.30000 9.91700000 1465.70000 180.38000 25.63700 116.78400
13 3 21 04 35 47180.00000 9.91700000 1464.80000 180.38000 25.63700 116.78400
13 3 21 04 36 47148.90000 9.91700000 1464.80000 180.38000 25.63700 116.78400
13 3 21 04 36 47148.90000 9.91700000 1464.80000 179.94000 25.63700 116.78400
13 3 21 04 37 47169.60000 9.91700000 1464.32000 179.94000 25.63700 116.78400
13 3 21 04 37 47147.50000 9.91700000 1464.32000 179.94000 25.63700 116.78400
13 3 21 04 37 47147.50000 9.91700000 1464.32000 180.25000 25.63700 116.78400
13 3 21 04 38 47162.70000 9.91700000 1465.54000 180.25000 25.63700 116.78400
13 3 21 04 38 47170.20000 9.91700000 1465.54000 180.25000 25.63700 116.78400
13 3 21 04 39 47176.50000 9.91700000 1465.87000 180.25000 25.63700 116.78400
13 3 21 04 39 47176.50000 9.91700000 1465.95000 180.25000 25.63700 116.78400
13 3 21 04 40 47189.90000 9.91700000 1466.26000 180.25000 25.63700 116.78400
13 3 21 04 40 47200.30000 9.91700000 1465.66000 180.25000 25.63700 116.78400
13 3 21 04 40 47200.40000 9.91700000 1465.39000 180.25000 25.63700 116.78400
13 3 21 04 41 47200.40000 9.91700000 1465.39000 180.25000 25.63700 116.78400
13 3 21 04 41 47200.40000 9.91700000 1465.39000 180.25000 25.63700 116.78400
13 3 21 04 42 47200.30000 9.91700000 1466.25000 180.25000 25.63700 116.78400
13 3 21 04 42 47200.40000 9.91700000 1467.87000 180.25000 25.63700 116.78400
13 3 21 04 42 47200.40000 9.91700000 1468.14000 180.25000 25.63700 116.78400
13 3 21 04 43 47205.90000 9.91700000 1468.31000 180.25000 25.63700 116.78400
13 3 21 04 43 47205.90000 9.91700000 1468.31000 180.25000 25.63700 116.78400
13 3 21 04 44 47231.00000 9.91700000 1468.31000 180.25000 25.63700 116.78400
13 3 21 04 44 47231.40000 9.91700000 1468.31000 180.25000 25.63700 116.78400
13 3 21 04 45 47231.40000 9.91700000 1468.31000 180.25000 25.63700 116.78400
13 3 21 04 45 47231.40000 9.91700000 1468.31000 180.25000 25.63700 116.78400
13 3 21 04 45 47247.40000 9.91700000 1468.31000 180.25000 25.63700 116.78400
13 3 21 04 46 47247.40000 9.91700000 1468.93000 180.25000 25.63700 116.78400
13 3 21 04 46 47247.40000 9.91700000 1468.93000 181.04000 25.63700 116.78400
13 3 21 04 47 47247.40000 9.91700000 1469.10000 181.04000 25.63700 116.78400
13 3 21 04 47 47270.30000 9.91700000 1469.10000 181.29000 25.63700 116.78400
13 3 21 04 48 47276.10000 9.91700000 1470.00000 181.29000 25.63700 117.59300
13 3 21 04 48 47276.30000 9.91700000 1470.00000 181.50000 25.63700 117.59300
13 3 21 04 48 47289.30000 9.91700000 1470.97000 181.50000 25.63700 117.59300
13 3 21 04 49 47289.40000 9.91700000 1470.97000 181.50000 25.63700 117.59300
13 3 21 04 49 47295.70000 9.91700000 1470.97000 181.50000 25.63700 117.59300
13 3 21 04 50 47295.70000 9.91700000 1470.97000 181.50000 25.63700 117.59300
13 3 21 04 50 47295.70000 9.91700000 1470.56000 181.50000 25.63700 117.59300
13 3 21 04 51 47295.60000 9.91700000 1470.56000 181.50000 25.63700 117.59300
13 3 21 04 51 47295.60000 9.91700000 1470.56000 181.50000 25.63700 117.59300
13 3 21 04 51 47295.70000 9.91700000 1470.56000 181.50000 25.63700 117.59300
13 3 21 04 52 47295.70000 9.91700000 1470.54000 181.50000 25.63700 117.59300
13 3 21 04 52 47298.90000 9.91700000 1470.54000 181.50000 25.63700 117.59300
13 3 21 04 53 47304.10000 9.91700000 1470.54000 181.50000 25.63700 117.59300
13 3 21 04 53 47304.10000 9.91700000 1471.84000 181.50000 25.63700 117.59300
13 3 21 04 54 47353.90000 9.91700000 1472.05000 181.50000 25.63700 117.59300
13 3 21 04 54 47353.90000 9.91700000 1472.05000 181.50000 25.79700 117.59300
13 3 21 04 54 47373.70000 9.91700000 1472.03000 181.66000 25.79700 117.59300
13 3 21 04 55 47379.90000 9.91700000 1472.04000 181.66000 25.79700 117.59300
13 3 21 04 55 47394.40000 9.91700000 1473.34000 181.66000 25.79700 117.59300
13 3 21 04 56 47409.80000 9.91700000 1474.13000 181.66000 25.79700 117.83900
13 3 21 04 56 47442.00000 9.91700000 1474.73000 181.79000 25.79700 117.83900
13 3 21 04 57 47470.00000 9.91700000 1474.98000 181.91000 25.79700 117.83900
13 3 21 04 57 47504.80000 9.91700000 1477.82000 181.91000 25.79700 117.87000
13 3 21 04 57 47504.70000 9.91700000 1479.47000 182.01000 25.79700 117.87000
13 3 21 04 58 47531.50000 9.91700000 1479.48000 182.01000 25.79700 117.87000
13 3 21 04 58 47531.50000 9.91700000 1480.00000 182.01000 25.79700 117.87000
13 3 21 04 59 47531.40000 9.91700000 1481.31000 182.38000 25.79700 117.87000
13 3 21 04 59 47531.40000 9.91700000 1480.30000 182.38000 25.79700 117.87000
13 3 21 05 00 47531.50000 9.91700000 1481.49000 182.38000 25.83400 117.87000
13 3 21 05 00 47645.70000 9.91700000 1483.81000 182.96000 25.83400 117.87000
13 3 21 05 00 47645.60000 9.91700000 1483.81000 183.12000 25.83400 117.87000
13 3 21 05 01 47686.70000 9.91700000 1484.97000 183.09000 25.83400 117.87000
13 3 21 05 01 47656.10000 9.91700000 1484.23000 183.09000 25.83400 117.87000
13 3 21 05 02 47630.80000 9.91700000 1482.77000 182.65000 25.83400 117.87000
13 3 21 05 02 47630.80000 9.91700000 1482.78000 182.29000 25.83400 117.87000
13 3 21 05 03 47622.30000 9.91700000 1482.78000 182.29000 25.83400 117.87000
13 3 21 05 03 47594.70000 9.91700000 1482.31000 182.29000 25.83400 117.87000
