M=[
13 6 21 07 29 29324.70000 45.08300000 1934.14000 131.67000 19.70800 102.36300
13 6 21 07 29 29329.70000 45.08300000 1934.15000 131.67000 19.70800 102.36300
13 6 21 07 30 29312.70000 45.08300000 1934.15000 131.67000 19.70800 102.09300
13 6 21 07 30 29331.10000 45.08300000 1934.15000 131.67000 19.70800 102.09300
13 6 21 07 31 29344.90000 45.08300000 1934.15000 131.91000 19.70800 102.09300
13 6 21 07 31 29365.70000 45.08300000 1934.15000 131.91000 19.70800 102.09300
13 6 21 07 31 29356.00000 45.23300000 1938.64000 131.91000 19.70800 102.09300
13 6 21 07 32 29343.30000 45.23300000 1938.64000 131.91000 19.70800 102.09300
13 6 21 07 32 29344.00000 45.23300000 1937.74000 131.91000 19.70800 102.09300
13 6 21 07 33 29332.70000 45.23300000 1937.00000 131.91000 19.70800 102.09300
13 6 21 07 33 29320.10000 45.23300000 1935.85000 131.79000 19.70800 102.09300
13 6 21 07 34 29311.20000 45.23300000 1935.85000 131.83000 19.70800 102.09300
13 6 21 07 34 29310.40000 45.23300000 1935.84000 131.81000 19.70800 102.09300
13 6 21 07 34 29302.00000 45.23300000 1935.15000 131.77000 19.70800 102.09300
13 6 21 07 35 29281.50000 45.23300000 1934.06000 131.77000 19.69600 102.09300
13 6 21 07 35 29275.10000 45.23300000 1934.06000 131.77000 19.69600 102.09300
13 6 21 07 36 29304.80000 45.23300000 1934.06000 131.62000 19.69600 102.09300
13 6 21 07 36 29311.00000 45.23300000 1934.23000 131.64000 19.69600 102.09300
13 6 21 07 37 29312.00000 45.23300000 1934.23000 131.58000 19.69600 102.09300
13 6 21 07 37 29324.00000 45.23300000 1934.23000 131.58000 19.69600 102.09300
13 6 21 07 37 29311.40000 45.23300000 1933.31000 131.58000 19.69600 102.09300
13 6 21 07 38 29308.80000 45.23300000 1933.94000 131.58000 19.69600 102.09300
13 6 21 07 38 29314.10000 45.23300000 1934.11000 131.61000 19.69600 102.09300
13 6 21 07 39 29320.90000 45.23300000 1934.22000 131.61000 19.69600 102.09300
13 6 21 07 39 29345.10000 45.23300000 1934.22000 131.61000 19.69600 102.09300
13 6 21 07 40 29327.00000 45.23300000 1934.22000 131.61000 19.69600 102.09300
13 6 21 07 40 29320.30000 45.23300000 1934.08000 131.61000 19.69600 102.09300
13 6 21 07 41 29308.10000 45.23300000 1934.07000 131.61000 19.69600 102.09300
13 6 21 07 41 29294.80000 45.23300000 1933.32000 131.61000 19.69600 102.09300
13 6 21 07 41 29294.80000 45.23300000 1931.69000 131.61000 19.69600 102.09300
13 6 21 07 42 29291.60000 45.08700000 1932.08000 131.61000 19.69600 102.36700
13 6 21 07 42 29264.00000 45.08700000 1932.00000 131.61000 19.69600 102.36700
13 6 21 07 43 29271.70000 45.08700000 1932.00000 131.44000 19.69600 102.36700
13 6 21 07 43 29270.90000 45.08700000 1932.00000 131.44000 19.69600 102.36700
13 6 21 07 44 29272.90000 45.08700000 1931.52000 131.44000 19.69600 102.36700
13 6 21 07 44 29272.90000 45.08700000 1932.36000 131.44000 19.69600 102.36700
13 6 21 07 44 29272.90000 45.08700000 1932.36000 131.44000 19.69600 102.36700
13 6 21 07 45 29290.20000 45.08700000 1931.21000 131.44000 19.69600 102.36700
13 6 21 07 45 29241.10000 45.08700000 1928.81000 131.42000 19.69600 102.36700
13 6 21 07 46 29236.90000 45.08700000 1929.03000 131.42000 19.69600 102.36700
13 6 21 07 46 29218.80000 45.08700000 1928.44000 131.34000 19.69600 102.36700
13 6 21 07 47 29239.50000 45.00700000 1928.81000 131.34000 19.69600 102.36700
13 6 21 07 47 29240.00000 45.00700000 1929.03000 131.34000 19.69600 102.36700
13 6 21 07 47 29239.90000 45.00700000 1929.03000 131.50000 19.69600 102.36700
13 6 21 07 48 29240.00000 44.98700000 1929.63000 131.50000 19.69600 102.36700
13 6 21 07 48 29239.90000 44.98700000 1929.75000 131.50000 19.69600 102.36700
13 6 21 07 49 29261.20000 45.01900000 1929.74000 131.49000 19.69600 102.36700
13 6 21 07 49 29263.70000 45.01900000 1929.45000 131.49000 19.69600 102.36700
13 6 21 07 50 29263.70000 45.01900000 1929.45000 131.49000 19.69600 102.36700
13 6 21 07 50 29273.50000 45.01900000 1929.70000 131.49000 19.69600 102.36700
13 6 21 07 50 29268.30000 45.01900000 1929.74000 131.47000 19.69600 102.36700
13 6 21 07 51 29272.70000 45.01900000 1932.36000 131.47000 19.69600 102.36700
13 6 21 07 51 29282.00000 45.01900000 1932.89000 131.74000 19.69600 102.36700
13 6 21 07 52 29295.10000 45.01900000 1933.90000 131.74000 19.69600 102.36700
13 6 21 07 52 29298.70000 45.01900000 1933.42000 131.85000 19.69600 102.36700
13 6 21 07 53 29280.60000 45.01900000 1933.42000 131.85000 19.69600 102.36700
13 6 21 07 53 29266.40000 45.01900000 1931.25000 131.66000 19.69600 102.36700
13 6 21 07 53 29267.60000 45.01900000 1931.20000 131.66000 19.69600 102.36700
13 6 21 07 54 29269.80000 45.08100000 1928.99000 131.66000 19.69600 102.36700
13 6 21 07 54 29271.00000 45.08100000 1929.73000 131.66000 19.69600 102.36700
13 6 21 07 55 29267.00000 45.12100000 1929.73000 131.69000 19.69600 102.36700
13 6 21 07 55 29266.30000 45.12100000 1929.73000 131.69000 19.69600 102.36700
13 6 21 07 56 29263.50000 45.12100000 1929.73000 131.69000 19.69600 102.36700
13 6 21 07 56 29292.90000 45.12100000 1931.38000 131.69000 19.69600 102.36700
13 6 21 07 56 29291.20000 45.12100000 1931.01000 131.79000 19.69600 102.36700
13 6 21 07 57 29273.20000 45.12100000 1928.16000 131.79000 19.69600 102.36700
13 6 21 07 57 29274.90000 45.12100000 1929.09000 131.79000 19.69600 102.36700
13 6 21 07 58 29270.00000 45.12100000 1927.96000 131.79000 19.69600 102.36700
13 6 21 07 58 29272.30000 45.12100000 1927.11000 131.79000 19.69600 102.36700
13 6 21 07 59 29254.60000 45.12100000 1926.04000 131.47000 19.69600 102.36700
13 6 21 07 59 29255.30000 45.12100000 1926.05000 131.55000 19.69600 102.36700
13 6 21 07 59 29266.20000 45.12100000 1926.88000 131.55000 19.69600 102.36700
13 6 21 08 00 29243.80000 45.12100000 1926.34000 131.52000 19.69600 102.36700
13 6 21 08 00 29248.40000 45.12100000 1925.43000 131.52000 19.69600 102.36700
13 6 21 08 01 29249.40000 45.12100000 1925.43000 131.52000 19.69600 102.36700
13 6 21 08 01 29253.10000 45.12100000 1926.08000 131.47000 19.69600 102.36700
13 6 21 08 02 29258.20000 45.12100000 1925.95000 131.49000 19.69600 102.36700
13 6 21 08 02 29254.40000 45.12100000 1926.69000 131.49000 19.69600 102.36700
13 6 21 08 02 29266.90000 45.12100000 1929.02000 131.59000 19.69600 102.36700
13 6 21 08 03 29264.00000 45.12100000 1927.04000 131.49000 19.69600 102.36700
13 6 21 08 03 29266.90000 45.12100000 1928.41000 131.52000 19.69600 102.36700
13 6 21 08 04 29264.40000 44.96700000 1928.01000 131.52000 19.69600 102.36700
13 6 21 08 04 29274.10000 44.96700000 1928.43000 131.52000 19.69600 102.36700
13 6 21 08 05 29283.00000 44.96700000 1928.43000 131.52000 19.69600 102.36700
13 6 21 08 05 29283.00000 44.96700000 1929.45000 131.57000 19.69600 102.36700
13 6 21 08 05 29299.90000 44.96700000 1931.69000 131.72000 19.69600 102.36700
13 6 21 08 06 29299.90000 44.96700000 1931.70000 131.72000 19.69600 102.36700
13 6 21 08 06 29300.00000 44.96700000 1933.59000 131.72000 19.69600 102.36700
13 6 21 08 07 29322.60000 44.96700000 1933.59000 131.72000 19.69600 102.36700
13 6 21 08 07 29329.80000 44.96700000 1934.49000 131.89000 19.69600 102.36700
13 6 21 08 08 29337.40000 45.15800000 1935.07000 131.95000 19.69600 102.36700
13 6 21 08 08 29301.30000 45.15800000 1933.49000 131.95000 19.69600 102.36700
13 6 21 08 08 29317.50000 45.15800000 1933.49000 131.85000 19.69600 102.36700
13 6 21 08 09 29323.30000 45.15800000 1933.49000 131.85000 19.69600 102.59700
13 6 21 08 09 29336.10000 45.15800000 1933.49000 131.95000 19.69600 102.59700
13 6 21 08 10 29327.70000 45.15800000 1933.54000 131.93000 19.69600 102.59700
13 6 21 08 10 29303.30000 45.15800000 1933.11000 131.93000 19.74400 102.59700
13 6 21 08 11 29312.30000 45.15800000 1932.15000 131.81000 19.74400 102.59700
13 6 21 08 11 29300.10000 45.15800000 1930.18000 131.69000 19.74400 102.59700
13 6 21 08 11 29308.20000 45.15800000 1930.30000 131.69000 19.74400 102.59700
13 6 21 08 12 29304.30000 45.15800000 1930.31000 131.66000 19.74400 102.59700
13 6 21 08 12 29300.20000 45.15800000 1930.31000 131.60000 19.74400 102.59700
