M=[
 6 5 20 14 07 8541.90000 6.64700000 192.30000 43.48000 10.20300 40.99700
 6 5 20 14 07 8545.00000 6.64700000 192.35000 43.48000 10.20300 40.99700
 6 5 20 14 08 8544.90000 6.64700000 192.35000 43.51000 10.20300 40.99700
 6 5 20 14 08 8552.00000 6.64700000 192.59000 43.51000 10.20300 40.99700
 6 5 20 14 09 8552.30000 6.64700000 192.58000 43.51000 10.20300 40.99700
 6 5 20 14 10 8567.30000 6.65000000 192.65000 43.54000 10.20300 40.99700
 6 5 20 14 10 8573.80000 6.65100000 192.76000 43.54000 10.20300 40.86400
 6 5 20 14 10 8576.60000 6.65100000 192.76000 43.54000 10.20300 40.99700
 6 5 20 14 11 8578.90000 6.65800000 192.86000 43.54000 10.20300 40.98000
 6 5 20 14 11 8574.80000 6.65800000 192.81000 43.54000 10.20300 40.98000
 6 5 20 14 12 8578.70000 6.65800000 192.92000 43.59000 10.20300 40.98000
 6 5 20 14 12 8578.10000 6.65800000 192.92000 43.59000 10.20300 40.98000
 6 5 20 14 13 8580.30000 6.65800000 192.89000 43.59000 10.20300 40.86400
 6 5 20 14 13 8577.80000 6.70300000 192.90000 43.59000 10.20300 40.98000
 6 5 20 14 14 8581.60000 6.70300000 192.82000 43.55000 10.20300 40.98000
 6 5 20 14 14 8578.40000 6.68400000 192.96000 43.54000 10.20300 40.86400
 6 5 20 14 15 8580.30000 6.65800000 192.99000 43.54000 10.20300 40.99700
 6 5 20 14 16 8572.30000 6.68400000 192.84000 43.54000 10.20300 40.99700
 6 5 20 14 16 8572.50000 6.70300000 192.83000 43.54000 10.20300 40.99700
 6 5 20 14 16 8570.10000 6.68400000 192.75000 43.54000 10.20300 40.99700
 6 5 20 14 17 8567.50000 6.68400000 192.90000 43.54000 10.20300 40.99700
 6 5 20 14 17 8567.70000 6.68400000 192.76000 43.54000 10.20300 40.86400
 6 5 20 14 18 8567.60000 6.70300000 192.75000 43.54000 10.20300 40.98000
 6 5 20 14 18 8569.90000 6.67500000 192.75000 43.54000 10.20300 40.99700
 6 5 20 14 19 8568.00000 6.67500000 192.66000 43.54000 10.20300 40.99700
 6 5 20 14 19 8570.20000 6.67500000 192.74000 43.54000 10.20300 40.99700
 6 5 20 14 20 8568.70000 6.67500000 192.65000 43.54000 10.20300 40.99700
 6 5 20 14 20 8578.70000 6.67500000 192.77000 43.54000 10.19900 40.99700
 6 5 20 14 21 8570.30000 6.67500000 192.65000 43.49000 10.20000 40.99700
 6 5 20 14 21 8561.20000 6.67500000 192.56000 43.49000 10.19900 40.99700
 6 5 20 14 22 8560.00000 6.67500000 192.48000 43.46000 10.20000 40.99700
 6 5 20 14 22 8554.30000 6.67500000 192.47000 43.43000 10.20000 40.99700
 6 5 20 14 23 8555.80000 6.67500000 192.64000 43.43000 10.20000 40.86400
 6 5 20 14 23 8556.30000 6.68400000 192.64000 43.43000 10.20000 40.99700
 6 5 20 14 24 8557.00000 6.64700000 192.64000 43.43000 10.20000 40.99700
 6 5 20 14 24 8554.30000 6.64700000 192.64000 43.43000 10.20000 40.99700
 6 5 20 14 25 8552.50000 6.64700000 192.74000 43.43000 10.20000 40.99700
 6 5 20 14 25 8554.20000 6.64700000 192.74000 43.43000 10.20000 40.99700
 6 5 20 14 26 8565.10000 6.64700000 192.74000 43.43000 10.20000 40.99700
 6 5 20 14 26 8564.60000 6.64700000 192.74000 43.43000 10.20000 40.99700
 6 5 20 14 27 8564.50000 6.64700000 192.90000 43.53000 10.20000 40.99700
 6 5 20 14 27 8564.40000 6.64700000 192.90000 43.53000 10.20000 40.99700
 6 5 20 14 28 8562.90000 6.64700000 192.90000 43.46000 10.20000 40.99700
 6 5 20 14 28 8565.50000 6.64700000 192.85000 43.53000 10.20000 40.99700
 6 5 20 14 29 8565.20000 6.64700000 192.84000 43.53000 10.20000 40.99700
 6 5 20 14 29 8569.00000 6.64700000 192.89000 43.53000 10.20000 40.99700
 6 5 20 14 30 8572.20000 6.64700000 192.90000 43.53000 10.20000 41.08000
 6 5 20 14 30 8575.80000 6.64700000 192.99000 43.53000 10.20000 41.08000
 6 5 20 14 31 8576.50000 6.64700000 193.07000 43.54000 10.20000 41.08000
 6 5 20 14 31 8577.90000 6.64700000 193.07000 43.54000 10.20000 41.08000
 6 5 20 14 32 8571.90000 6.64700000 193.07000 43.54000 10.20000 41.08000
 6 5 20 14 32 8570.70000 6.64700000 192.98000 43.54000 10.20000 41.08000
 6 5 20 14 33 8570.00000 6.64700000 192.92000 43.54000 10.20000 41.08000
 6 5 20 14 33 8570.10000 6.64700000 192.90000 43.54000 10.20000 41.08000
 6 5 20 14 34 8568.10000 6.64700000 192.86000 43.54000 10.20000 41.08000
 6 5 20 14 34 8562.70000 6.64700000 192.91000 43.54000 10.20000 41.08000
 6 5 20 14 35 8554.50000 6.66700000 192.68000 43.45000 10.20000 41.08000
 6 5 20 14 35 8560.00000 6.66700000 192.71000 43.45000 10.20000 41.08000
 6 5 20 14 36 8559.90000 6.66700000 192.73000 43.49000 10.20000 41.08000
 6 5 20 14 36 8557.30000 6.66700000 192.73000 43.49000 10.20000 41.08000
 6 5 20 14 37 8553.40000 6.66700000 192.71000 43.43000 10.20000 41.02100
 6 5 20 14 37 8551.70000 6.66700000 192.65000 43.43000 10.20000 41.08000
 6 5 20 14 38 8541.50000 6.66200000 192.68000 43.43000 10.20000 41.02100
 6 5 20 14 38 8544.80000 6.66200000 192.74000 43.43000 10.20000 41.02100
 6 5 20 14 39 8544.20000 6.66800000 192.73000 43.43000 10.20000 41.02100
 6 5 20 14 39 8539.10000 6.66800000 192.78000 43.51000 10.20000 41.02100
 6 5 20 14 40 8536.80000 6.66800000 192.78000 43.51000 10.20000 41.02100
 6 5 20 14 40 8541.90000 6.66800000 192.87000 43.49000 10.20000 41.01700
 6 5 20 14 41 8541.00000 6.66800000 192.81000 43.51000 10.20000 41.01700
 6 5 20 14 41 8538.00000 6.66800000 192.81000 43.51000 10.20000 41.01700
 6 5 20 14 42 8541.60000 6.66800000 192.81000 43.51000 10.20000 41.01700
 6 5 20 14 42 8541.70000 6.66800000 192.88000 43.51000 10.20000 41.01700
 6 5 20 14 43 8548.30000 6.66800000 192.92000 43.43000 10.20000 41.01700
 6 5 20 14 43 8549.20000 6.66800000 193.04000 43.51000 10.20000 41.01700
 6 5 20 14 43 8551.50000 6.66800000 193.04000 43.51000 10.20000 41.01700
 6 5 20 14 44 8553.40000 6.66800000 193.06000 43.51000 10.20000 41.01700
 6 5 20 14 44 8552.20000 6.66800000 193.06000 43.51000 10.20000 41.01700
 6 5 20 14 45 8554.90000 6.66800000 193.01000 43.57000 10.19900 41.01700
 6 5 20 14 45 8558.30000 6.66800000 193.06000 43.57000 10.20000 41.01700
 6 5 20 14 46 8562.10000 6.66800000 192.99000 43.57000 10.20000 41.01700
 6 5 20 14 46 8562.90000 6.66800000 193.14000 43.57000 10.20000 41.01700
 6 5 20 14 47 8561.80000 6.66800000 193.05000 43.57000 10.20000 41.01700
 6 5 20 14 47 8558.80000 6.66200000 193.05000 43.46000 10.20000 41.01700
 6 5 20 14 48 8554.40000 6.66800000 192.70000 43.46000 10.20000 41.01700
 6 5 20 14 48 8551.10000 6.66800000 192.70000 43.46000 10.20000 41.01700
 6 5 20 14 49 8551.10000 6.66800000 192.86000 43.46000 10.20000 41.01700
 6 5 20 14 49 8551.00000 6.66200000 192.83000 43.46000 10.20000 41.01700
 6 5 20 14 50 8551.00000 6.66800000 192.72000 43.47000 10.20000 41.01700
 6 5 20 14 50 8551.00000 6.66800000 192.72000 43.47000 10.20000 41.01700
 6 5 20 14 51 8550.30000 6.66800000 192.76000 43.47000 10.20000 41.01700
 6 5 20 14 51 8546.30000 6.66800000 192.74000 43.47000 10.20000 41.01700
 6 5 20 14 52 8546.70000 6.66800000 192.72000 43.47000 10.20000 41.01700
 6 5 20 14 52 8537.70000 6.66800000 192.64000 43.47000 10.20300 41.01700
 6 5 20 14 53 8536.50000 6.66800000 192.64000 43.46000 10.20000 41.01700
 6 5 20 14 53 8538.30000 6.66800000 192.64000 43.44000 10.20000 41.01700
 6 5 20 14 54 8533.50000 6.64600000 192.52000 43.34000 10.20000 41.01700
 6 5 20 14 54 8539.00000 6.64600000 192.55000 43.34000 10.20000 41.01700
 6 5 20 14 55 8542.90000 6.64600000 192.45000 43.43000 10.20000 41.08000
 6 5 20 14 55 8540.80000 6.64600000 192.45000 43.42000 10.20000 41.01700
 6 5 20 14 56 8551.90000 6.64600000 192.66000 43.43000 10.20000 41.01700
 6 5 20 14 56 8554.40000 6.64600000 192.85000 43.43000 10.20000 41.01700
 6 5 20 14 57 8540.80000 6.64600000 192.83000 43.48000 10.20000 41.01700
 6 5 20 14 57 8554.40000 6.64600000 192.86000 43.48000 10.20000 41.01700
 6 5 20 14 58 8554.40000 6.64600000 192.92000 43.48000 10.20000 41.01700
 6 5 20 14 58 8568.80000 6.64600000 192.89000 43.55000 10.20000 40.98200
 6 5 20 14 59 8568.90000 6.64600000 193.12000 43.55000 10.20000 40.98200
 6 5 20 14 59 8568.90000 6.64600000 193.00000 43.55000 10.20000 40.98200
 6 5 20 15 00 8568.70000 6.64600000 193.00000 43.55000 10.20000 40.98200
 6 5 20 15 00 8576.20000 6.64600000 193.12000 43.55000 10.20000 40.98200
