M=[
10 11 20 20 22 12978.90000 4.35300000 381.77000 49.17000 13.68900 51.40800
10 11 20 20 22 12980.80000 4.35300000 382.00000 49.09000 13.68900 51.40800
10 11 20 20 23 12980.60000 4.35300000 382.01000 49.09000 13.68900 51.40800
10 11 20 20 23 12976.90000 4.35300000 382.05000 49.09000 13.68900 51.40800
10 11 20 20 24 12979.80000 4.35300000 382.12000 49.12000 13.68900 51.40800
10 11 20 20 24 12982.00000 4.35500000 382.24000 49.12000 13.68900 51.40800
10 11 20 20 25 12980.40000 4.35500000 382.40000 49.14000 13.68900 51.40800
10 11 20 20 25 12980.30000 4.35500000 382.46000 49.14000 13.68900 51.40800
10 11 20 20 25 12976.90000 4.35500000 382.37000 49.14000 13.68900 51.40800
10 11 20 20 26 12979.70000 4.35700000 382.66000 49.14000 13.68900 51.40800
10 11 20 20 26 12979.60000 4.35700000 382.98000 49.14000 13.68900 51.40800
10 11 20 20 27 12976.90000 4.35700000 382.98000 49.14000 13.68900 51.40800
10 11 20 20 27 12978.40000 4.35700000 382.95000 49.14000 13.68900 51.40800
10 11 20 20 28 12984.90000 4.35700000 382.99000 49.14000 13.68900 51.40800
10 11 20 20 28 12984.90000 4.35700000 383.00000 49.14000 13.68900 51.40800
10 11 20 20 28 12984.80000 4.35700000 382.99000 49.21000 13.69500 51.40800
10 11 20 20 29 12984.90000 4.35700000 382.96000 49.21000 13.69500 51.40800
10 11 20 20 29 12984.80000 4.35700000 382.57000 49.21000 13.69500 51.40800
10 11 20 20 30 12985.00000 4.35700000 382.57000 49.21000 13.69500 51.40800
10 11 20 20 30 12985.00000 4.35700000 382.57000 49.21000 13.69500 51.40800
10 11 20 20 31 12985.00000 4.35700000 382.95000 49.21000 13.69500 51.40800
10 11 20 20 31 12985.00000 4.35700000 382.94000 49.21000 13.69500 51.40800
10 11 20 20 31 12984.90000 4.35700000 383.03000 49.27000 13.69500 51.40800
10 11 20 20 32 12985.00000 4.35700000 383.41000 49.27000 13.69500 51.40800
10 11 20 20 32 12986.00000 4.35700000 383.13000 49.27000 13.69500 51.40800
10 11 20 20 33 12985.90000 4.35700000 383.07000 49.25000 13.69500 51.40800
10 11 20 20 33 12986.00000 4.37600000 383.12000 49.25000 13.69500 51.40800
10 11 20 20 34 12986.00000 4.37600000 383.12000 49.25000 13.69500 51.40800
10 11 20 20 34 12986.00000 4.37600000 383.32000 49.25000 13.70000 51.40800
10 11 20 20 35 12986.00000 4.37600000 383.26000 49.23000 13.70000 51.40800
10 11 20 20 35 12986.00000 4.37600000 383.26000 49.23000 13.78000 51.40800
10 11 20 20 35 12986.00000 4.37600000 383.26000 49.23000 13.78000 51.40800
10 11 20 20 36 12986.00000 4.37600000 383.21000 49.23000 13.78000 51.40800
10 11 20 20 36 12985.90000 4.37600000 383.22000 49.23000 13.71200 51.40800
10 11 20 20 37 12985.90000 4.37600000 383.33000 49.26000 13.71200 51.40800
10 11 20 20 37 12986.00000 4.37600000 383.30000 49.26000 13.71200 51.71100
10 11 20 20 38 12986.00000 4.37600000 383.39000 49.26000 13.71200 51.71100
10 11 20 20 38 12986.00000 4.37600000 383.38000 49.24000 13.71200 51.71100
10 11 20 20 38 12986.00000 4.37600000 383.38000 49.24000 13.71200 51.71100
10 11 20 20 39 12986.90000 4.37600000 383.38000 49.24000 13.71200 51.71100
10 11 20 20 39 12987.00000 4.37600000 383.38000 49.24000 13.80000 51.71100
10 11 20 20 40 12987.00000 4.37600000 383.43000 49.27000 13.80000 51.71100
10 11 20 20 40 12987.00000 4.37600000 383.41000 49.27000 13.80000 51.71100
10 11 20 20 41 12987.00000 4.37600000 382.76000 49.27000 13.80000 51.71100
10 11 20 20 41 12987.00000 4.37600000 383.05000 49.27000 13.80000 51.71100
10 11 20 20 41 12987.00000 4.37600000 382.74000 49.27000 13.61700 51.71100
10 11 20 20 42 12988.10000 4.37600000 382.58000 49.27000 13.61700 51.65700
10 11 20 20 42 12988.20000 4.37600000 382.29000 49.27000 13.61700 51.66300
10 11 20 20 43 12988.20000 4.37600000 382.41000 49.26000 13.61700 51.66300
10 11 20 20 43 12988.20000 4.37600000 382.49000 49.26000 13.61700 51.66300
10 11 20 20 44 12988.10000 4.37600000 382.42000 49.26000 13.61700 51.66300
10 11 20 20 44 12988.20000 4.37600000 382.26000 49.26000 13.60000 51.66300
10 11 20 20 44 12988.10000 4.37600000 382.22000 49.26000 13.60000 51.66300
10 11 20 20 45 12986.10000 4.37600000 382.02000 49.26000 13.60000 51.66300
10 11 20 20 45 12986.10000 4.37600000 382.48000 49.26000 13.60000 51.66300
10 11 20 20 46 12983.30000 4.37600000 382.49000 49.26000 13.60000 51.66300
10 11 20 20 46 12983.30000 4.37600000 382.28000 49.26000 13.60000 51.66300
10 11 20 20 47 12983.30000 4.37600000 382.28000 49.26000 13.60000 51.66300
10 11 20 20 47 12983.30000 4.37600000 382.50000 49.26000 13.60000 51.66300
10 11 20 20 47 12973.20000 4.37600000 382.50000 49.26000 13.60000 51.66300
10 11 20 20 48 12981.40000 4.37600000 382.50000 49.26000 13.60000 51.66300
10 11 20 20 48 12981.40000 4.37600000 382.34000 49.26000 13.60000 51.66300
10 11 20 20 49 12981.40000 4.37600000 382.34000 49.25000 13.60000 51.66300
10 11 20 20 49 12980.20000 4.36000000 382.34000 49.21000 13.60000 51.66300
10 11 20 20 50 12976.80000 4.36000000 382.39000 49.21000 13.60000 51.66300
10 11 20 20 50 12980.30000 4.36000000 382.24000 49.21000 13.60000 51.66300
10 11 20 20 50 12981.90000 4.36000000 382.40000 49.21000 13.60000 51.66300
10 11 20 20 51 12980.00000 4.36000000 382.20000 49.21000 13.60000 51.66300
10 11 20 20 51 12980.00000 4.36000000 382.11000 49.16000 13.60000 51.66300
10 11 20 20 52 12979.90000 4.35700000 381.91000 49.16000 13.63000 51.66300
10 11 20 20 52 12973.30000 4.35700000 381.72000 49.16000 13.63000 51.66300
10 11 20 20 53 12973.20000 4.35700000 381.72000 49.16000 13.63000 51.66300
10 11 20 20 53 12973.30000 4.35700000 381.81000 49.16000 13.63000 51.66300
10 11 20 20 53 12973.20000 4.35700000 381.76000 49.16000 13.63000 51.59100
10 11 20 20 54 12973.30000 4.35700000 381.76000 49.16000 13.63000 51.59100
10 11 20 20 54 12973.20000 4.35700000 381.54000 49.16000 13.63000 51.59100
10 11 20 20 55 12965.10000 4.35700000 381.21000 49.16000 13.63000 51.59100
10 11 20 20 55 12970.50000 4.35700000 381.43000 49.14000 13.53500 51.59100
10 11 20 20 56 12960.20000 4.35700000 381.04000 49.14000 13.53500 51.59100
10 11 20 20 56 12963.40000 4.34700000 381.04000 49.14000 13.53500 51.59100
10 11 20 20 56 12957.90000 4.34700000 381.04000 49.14000 13.53500 51.59100
10 11 20 20 57 12957.90000 4.34700000 381.16000 49.10000 13.53500 51.59100
10 11 20 20 57 12959.40000 4.34700000 381.27000 49.10000 13.53500 51.59100
10 11 20 20 58 12957.10000 4.34700000 381.26000 49.10000 13.53500 51.59100
10 11 20 20 58 12955.80000 4.34700000 381.17000 49.10000 13.53500 51.59100
10 11 20 20 59 12955.00000 4.34700000 381.09000 49.12000 13.53500 51.59100
10 11 20 20 59 12954.10000 4.34700000 380.88000 49.12000 13.53500 51.59100
10 11 20 20 59 12954.00000 4.34700000 380.88000 49.06000 13.53500 51.59100
10 11 20 21 00 12963.80000 4.34700000 380.88000 49.06000 13.53500 51.59100
10 11 20 21 00 12970.00000 4.34700000 381.50000 49.08000 13.53500 51.59100
10 11 20 21 01 12979.70000 4.34700000 381.48000 49.08000 13.47500 51.59100
10 11 20 21 01 12979.70000 4.34700000 381.48000 49.08000 13.47500 51.59100
10 11 20 21 02 12975.10000 4.35200000 381.43000 49.14000 13.47600 51.60800
10 11 20 21 02 12975.70000 4.35200000 381.51000 49.14000 13.47600 51.60800
10 11 20 21 02 12975.90000 4.35200000 381.70000 49.17000 13.47600 51.60800
10 11 20 21 03 12978.90000 4.35200000 381.58000 49.17000 13.47600 51.60800
10 11 20 21 03 12978.60000 4.35200000 381.58000 49.17000 13.47600 51.60800
10 11 20 21 04 12978.90000 4.35200000 381.61000 49.17000 13.47600 51.60800
10 11 20 21 04 12978.90000 4.35200000 381.61000 49.17000 13.47600 51.60800
10 11 20 21 05 12978.90000 4.35200000 381.61000 49.17000 13.47600 51.60800
10 11 20 21 05 12979.00000 4.35200000 381.61000 49.17000 13.47600 51.60800
10 11 20 21 05 12979.00000 4.35200000 381.60000 49.13000 13.47600 51.60800
10 11 20 21 06 12979.00000 4.35200000 381.60000 49.13000 13.47600 51.60800
10 11 20 21 06 12979.00000 4.35200000 382.15000 49.13000 13.47600 51.60800
10 11 20 21 07 12980.00000 4.35200000 382.25000 49.13000 13.47600 51.60800
10 11 20 21 07 12989.30000 4.35200000 382.31000 49.13000 13.47600 51.60800
