M=[
31 7 20 15 09 9529.90000 6.28100000 293.49000 49.15000 17.17800 60.90700
31 7 20 15 09 9536.40000 6.28100000 293.43000 49.15000 17.17800 60.90700
31 7 20 15 10 9536.30000 6.28100000 293.56000 49.30000 17.17800 60.90700
31 7 20 15 10 9536.20000 6.28100000 293.59000 49.30000 17.17800 60.90700
31 7 20 15 11 9540.00000 6.28600000 293.60000 49.30000 17.17800 60.90700
31 7 20 15 11 9537.00000 6.30000000 293.60000 49.30000 17.18400 60.90700
31 7 20 15 12 9536.10000 6.30000000 293.60000 49.30000 17.18400 60.90700
31 7 20 15 12 9527.20000 6.30000000 293.40000 49.21000 17.18400 60.90700
31 7 20 15 13 9539.40000 6.29600000 293.68000 49.26000 17.18400 60.90700
31 7 20 15 13 9534.00000 6.29600000 293.73000 49.26000 17.18400 60.90700
31 7 20 15 14 9539.90000 6.29600000 293.76000 49.26000 17.18400 60.90700
31 7 20 15 14 9536.90000 6.29600000 293.75000 49.26000 17.18400 60.90700
31 7 20 15 15 9534.10000 6.29600000 293.70000 49.26000 17.18400 60.90700
31 7 20 15 15 9534.10000 6.29600000 293.72000 49.25000 17.18400 60.90700
31 7 20 15 16 9539.90000 6.30400000 293.71000 49.28000 17.18400 60.90700
31 7 20 15 16 9544.50000 6.30400000 293.85000 49.28000 17.18400 60.90700
31 7 20 15 17 9545.30000 6.30400000 293.85000 49.32000 17.18400 60.90700
31 7 20 15 17 9559.70000 6.31100000 293.82000 49.32000 17.18400 60.80000
31 7 20 15 18 9550.00000 6.31100000 293.06000 49.27000 17.18400 60.80000
31 7 20 15 18 9549.90000 6.31100000 293.28000 49.27000 17.18400 60.80000
31 7 20 15 19 9559.80000 6.29800000 293.00000 49.51000 17.18400 60.80000
31 7 20 15 20 9549.60000 6.29800000 292.25000 49.46000 17.18400 60.80000
31 7 20 15 20 9553.00000 6.29800000 292.36000 49.45000 17.18400 60.80000
31 7 20 15 21 9545.90000 6.29800000 292.01000 49.45000 17.18400 60.80000
31 7 20 15 21 9547.50000 6.29800000 292.01000 49.45000 17.18400 60.80000
31 7 20 15 22 9550.50000 6.29800000 292.30000 49.45000 17.18400 60.80000
31 7 20 15 22 9552.90000 6.29800000 292.37000 49.34000 17.18400 60.80000
31 7 20 15 23 9552.20000 6.29800000 292.37000 49.34000 17.18400 60.80000
31 7 20 15 23 9546.50000 6.29800000 291.92000 49.31000 17.18400 60.80000
31 7 20 15 24 9550.80000 6.29000000 292.05000 49.31000 17.18400 60.80000
31 7 20 15 24 9553.80000 6.29000000 292.13000 49.34000 17.18400 60.80000
31 7 20 15 25 9544.40000 6.29000000 292.41000 49.34000 17.18400 60.80000
31 7 20 15 26 9549.10000 6.29000000 292.46000 49.34000 17.18400 60.80000
31 7 20 15 26 9548.70000 6.29000000 292.47000 49.34000 17.18400 60.80000
31 7 20 15 27 9549.10000 6.29000000 292.98000 49.34000 17.18400 60.80000
31 7 20 15 27 9555.60000 6.29000000 292.98000 49.34000 17.18400 60.80000
31 7 20 15 28 9553.50000 6.29000000 292.97000 49.37000 17.18400 60.80000
31 7 20 15 28 9551.60000 6.29000000 292.92000 49.37000 17.18400 60.80000
31 7 20 15 29 9558.10000 6.29000000 293.00000 49.37000 17.18400 60.80000
31 7 20 15 29 9559.50000 6.29000000 293.33000 49.50000 17.18400 60.80000
31 7 20 15 30 9559.50000 6.29000000 293.68000 49.50000 17.18400 60.80000
31 7 20 15 30 9569.90000 6.29000000 293.77000 49.50000 17.18400 60.80000
31 7 20 15 31 9569.90000 6.29000000 293.79000 49.54000 17.18400 60.80000
31 7 20 15 31 9594.30000 6.34100000 293.93000 49.54000 17.18400 60.80000
31 7 20 15 32 9589.50000 6.35000000 293.78000 49.54000 17.18400 60.80000
31 7 20 15 32 9572.90000 6.35000000 292.97000 49.54000 17.18400 60.80000
31 7 20 15 33 9599.20000 6.35000000 293.50000 49.47000 17.17700 60.80000
31 7 20 15 34 9595.80000 6.35000000 292.87000 49.47000 17.17700 60.80000
31 7 20 15 34 9590.00000 6.35000000 292.73000 49.47000 17.17700 60.80000
31 7 20 15 35 9598.20000 6.35000000 292.79000 49.49000 17.17700 60.80000
31 7 20 15 35 9615.00000 6.35000000 292.89000 49.50000 17.17700 60.80000
31 7 20 15 36 9592.30000 6.35000000 291.87000 49.48000 17.17700 60.80000
31 7 20 15 37 9604.00000 6.35000000 291.82000 49.50000 17.17700 60.80000
31 7 20 15 38 9628.50000 6.35000000 292.07000 49.54000 17.17700 60.80000
31 7 20 15 38 9610.80000 6.35000000 292.06000 49.54000 17.17700 60.80000
31 7 20 15 39 9605.70000 6.35000000 292.10000 49.54000 17.17700 60.80000
31 7 20 15 40 9589.80000 6.31200000 291.60000 49.32000 17.17700 60.77300
31 7 20 15 40 9598.60000 6.31600000 291.79000 49.51000 17.17700 60.77300
31 7 20 15 41 9609.00000 6.31600000 292.26000 49.51000 17.17700 60.77300
31 7 20 15 41 9602.70000 6.31600000 292.22000 49.42000 17.17700 60.77300
31 7 20 15 42 9611.70000 6.31600000 292.23000 49.36000 17.17700 60.77300
31 7 20 15 42 9605.50000 6.30900000 292.23000 49.36000 17.17700 60.77300
31 7 20 15 43 9606.00000 6.30900000 291.94000 49.36000 17.17700 60.77300
31 7 20 15 43 9612.90000 6.31000000 292.00000 49.36000 17.17700 60.77300
31 7 20 15 44 9610.00000 6.32000000 292.06000 49.39000 17.17700 60.77300
31 7 20 15 44 9588.60000 6.32000000 291.42000 49.39000 17.17700 60.77300
31 7 20 15 45 9612.80000 6.32000000 291.39000 49.29000 17.17700 60.77300
31 7 20 15 46 9607.90000 6.32000000 291.55000 49.28000 17.17700 60.77300
31 7 20 15 46 9613.30000 6.30500000 291.72000 49.28000 17.17700 60.77300
31 7 20 15 47 9610.00000 6.30500000 291.77000 49.28000 17.17700 60.77300
31 7 20 15 47 9614.20000 6.30500000 291.81000 49.28000 17.17700 60.77300
31 7 20 15 48 9615.00000 6.30500000 291.99000 49.29000 17.17700 60.77300
31 7 20 15 48 9610.30000 6.30500000 291.98000 49.26000 17.17700 60.77300
31 7 20 15 49 9621.20000 6.28600000 291.98000 49.26000 17.17700 60.77300
31 7 20 15 49 9622.10000 6.28600000 291.99000 49.32000 17.17700 60.77300
31 7 20 15 50 9625.00000 6.28600000 292.07000 49.32000 17.17700 60.77300
31 7 20 15 50 9625.60000 6.28600000 292.05000 49.44000 17.17700 60.77300
31 7 20 15 51 9617.90000 6.28600000 291.53000 49.44000 17.17700 60.77300
31 7 20 15 51 9610.00000 6.28600000 290.86000 49.29000 17.15000 60.77300
31 7 20 15 52 9610.00000 6.28600000 291.25000 49.29000 17.15000 60.77300
31 7 20 15 52 9616.70000 6.28600000 291.25000 49.28000 17.15000 60.77300
31 7 20 15 53 9617.00000 6.28600000 290.96000 49.31000 17.15000 60.67200
31 7 20 15 53 9616.70000 6.28600000 290.96000 49.27000 17.15000 60.67200
31 7 20 15 54 9619.70000 6.28600000 291.06000 49.27000 17.15000 60.67200
31 7 20 15 54 9598.30000 6.28600000 290.88000 49.27000 17.15000 60.67200
31 7 20 15 55 9596.60000 6.28600000 290.66000 49.27000 17.05000 60.67200
31 7 20 15 55 9601.60000 6.28600000 291.03000 49.27000 17.03000 60.67200
31 7 20 15 56 9602.90000 6.28600000 291.04000 49.27000 17.03000 60.67200
31 7 20 15 56 9603.00000 6.28600000 291.12000 49.27000 17.00000 60.67200
31 7 20 15 57 9603.30000 6.28600000 291.13000 49.21000 17.00000 60.67200
31 7 20 15 57 9609.30000 6.28600000 291.25000 49.21000 17.00000 60.67200
31 7 20 15 58 9612.20000 6.28800000 291.57000 49.21000 17.00000 60.67200
31 7 20 15 59 9614.70000 6.28800000 291.51000 48.98000 17.00000 60.67200
31 7 20 15 59 9615.00000 6.28800000 291.89000 48.98000 17.00000 60.67200
31 7 20 16 00 9617.40000 6.28800000 292.15000 49.27000 17.00000 60.67200
31 7 20 16 00 9629.90000 6.28800000 292.28000 49.39000 17.00000 60.67200
31 7 20 16 01 9649.40000 6.28800000 292.50000 49.36000 17.00000 60.67200
31 7 20 16 02 9600.00000 6.27800000 291.40000 49.27000 17.01000 60.67200
31 7 20 16 02 9612.30000 6.27800000 291.64000 49.20000 17.01000 60.67200
31 7 20 16 03 9647.50000 6.27800000 292.64000 49.20000 17.01000 60.67200
31 7 20 16 04 9665.50000 6.27800000 293.12000 49.44000 17.01000 60.83000
31 7 20 16 05 9662.20000 6.27800000 293.00000 49.44000 17.01000 60.83000
31 7 20 16 05 9670.00000 6.27800000 293.30000 49.44000 17.09700 60.83000
31 7 20 16 06 9662.60000 6.27800000 292.88000 49.44000 17.09700 60.92800
31 7 20 16 07 9662.30000 6.27800000 292.97000 49.43000 17.09700 60.92800
31 7 20 16 07 9660.90000 6.27800000 293.06000 49.43000 17.08000 60.92800
31 7 20 16 08 9663.20000 6.27800000 293.26000 49.39000 17.08000 60.92800
31 7 20 16 08 9673.00000 6.27800000 293.26000 49.41000 17.08000 60.92800
31 7 20 16 09 9683.60000 6.27800000 293.34000 49.42000 17.08000 60.92800
