M=[
 4 7 20 11 39 8068.10000 5.03900000 201.14000 37.01000 17.44000 45.43200
 4 7 20 11 39 8067.70000 5.03900000 201.14000 37.01000 17.44000 45.43200
 4 7 20 11 40 8067.70000 5.03900000 201.14000 37.01000 17.44000 45.43200
 4 7 20 11 40 8067.70000 5.03900000 201.14000 37.01000 17.44000 45.43200
 4 7 20 11 41 8066.30000 5.03900000 201.10000 37.01000 17.44000 45.43200
 4 7 20 11 41 8065.70000 5.03900000 201.05000 37.01000 17.44000 45.43200
 4 7 20 11 42 8065.60000 5.03900000 201.05000 37.01000 17.44000 45.43200
 4 7 20 11 42 8065.60000 5.03900000 201.05000 37.01000 17.44000 45.43200
 4 7 20 11 42 8066.10000 5.03900000 201.05000 37.01000 17.44000 45.43200
 4 7 20 11 43 8065.60000 5.03900000 201.04000 37.01000 17.23100 45.43200
 4 7 20 11 43 8065.60000 5.03900000 201.04000 37.01000 17.23100 45.43200
 4 7 20 11 44 8065.60000 5.03900000 201.04000 37.01000 17.23100 45.43200
 4 7 20 11 44 8065.50000 5.03900000 201.04000 37.01000 17.23100 45.43200
 4 7 20 11 45 8065.60000 5.03900000 201.05000 37.01000 17.23100 45.43200
 4 7 20 11 45 8065.50000 5.03900000 201.00000 37.01000 17.23100 45.43200
 4 7 20 11 46 8065.60000 5.03900000 201.01000 37.01000 17.23100 45.43200
 4 7 20 11 46 8065.80000 5.03900000 201.01000 37.01000 17.23100 45.43200
 4 7 20 11 47 8065.90000 5.03900000 201.01000 37.01000 17.23100 45.43200
 4 7 20 11 47 8065.90000 5.03900000 201.01000 37.01000 17.21100 45.43200
 4 7 20 11 48 8065.70000 5.03900000 201.01000 37.01000 17.21100 45.43200
 4 7 20 11 48 8065.60000 5.03900000 201.01000 37.01000 17.21100 45.43200
 4 7 20 11 49 8065.60000 5.03900000 201.01000 37.01000 17.21100 45.43200
 4 7 20 11 49 8065.50000 5.03900000 201.01000 37.01000 17.21100 45.43200
 4 7 20 11 49 8065.60000 5.03900000 201.01000 37.01000 17.21100 45.43200
 4 7 20 11 50 8065.50000 5.03900000 200.88000 37.01000 17.21100 45.43200
 4 7 20 11 50 8065.50000 5.03900000 201.00000 37.01000 17.21100 45.43200
 4 7 20 11 51 8065.60000 5.03900000 201.04000 37.01000 17.21100 45.43200
 4 7 20 11 51 8065.60000 5.03900000 201.04000 37.01000 17.21100 45.43200
 4 7 20 11 52 8065.90000 5.03900000 200.99000 37.01000 17.21100 45.43200
 4 7 20 11 52 8066.90000 5.03900000 201.03000 37.01000 17.21100 45.43200
 4 7 20 11 53 8066.60000 5.03900000 200.98000 37.01000 17.21100 45.43200
 4 7 20 11 53 8066.60000 5.03900000 200.98000 37.01000 17.21100 45.43200
 4 7 20 11 54 8066.60000 5.03900000 200.92000 37.01000 17.02800 45.43200
 4 7 20 11 54 8067.30000 5.03900000 200.95000 37.01000 17.16500 45.43200
 4 7 20 11 55 8066.80000 5.03900000 200.95000 37.01000 17.16500 45.43200
 4 7 20 11 55 8066.70000 5.03900000 200.95000 37.01000 17.16500 45.43200
 4 7 20 11 56 8067.30000 5.03900000 201.00000 37.01000 17.16500 45.43200
 4 7 20 11 56 8067.70000 5.03900000 201.04000 37.05000 17.16500 45.43200
 4 7 20 11 56 8067.60000 5.03900000 201.04000 37.05000 17.16500 45.43200
 4 7 20 11 57 8067.80000 5.03900000 201.04000 37.02000 17.16500 45.43200
 4 7 20 11 57 8067.40000 5.03900000 201.04000 37.02000 17.24700 45.43200
 4 7 20 11 58 8066.60000 5.03900000 201.06000 37.02000 17.24700 45.43200
 4 7 20 11 58 8067.80000 5.03900000 201.06000 37.02000 17.30000 45.43200
 4 7 20 11 59 8067.70000 5.03900000 201.05000 37.02000 17.30000 45.43200
 4 7 20 11 59 8067.80000 5.03900000 201.04000 37.02000 17.30000 45.43200
 4 7 20 12 00 8067.70000 5.03900000 200.96000 37.02000 17.30000 45.43200
 4 7 20 12 00 8067.80000 5.03900000 200.95000 37.02000 17.30000 45.43200
 4 7 20 12 01 8067.70000 5.03900000 200.95000 37.02000 17.30000 45.43200
 4 7 20 12 01 8067.70000 5.03900000 200.95000 37.02000 17.30000 45.43200
 4 7 20 12 02 8067.10000 5.03900000 200.94000 37.02000 17.30000 45.43200
 4 7 20 12 02 8065.60000 5.03900000 200.94000 37.02000 17.30000 45.43200
 4 7 20 12 02 8065.60000 5.03900000 200.93000 37.02000 17.30000 45.43200
 4 7 20 12 03 8065.50000 5.03900000 200.94000 37.02000 17.30000 45.43200
 4 7 20 12 03 8065.60000 5.03200000 200.93000 36.99000 17.31800 45.43200
 4 7 20 12 04 8065.50000 5.03200000 200.93000 36.99000 17.31800 45.43200
 4 7 20 12 04 8057.80000 5.03200000 200.71000 36.99000 17.31800 45.36800
 4 7 20 12 05 8057.90000 5.03200000 200.81000 36.99000 17.31800 45.27300
 4 7 20 12 05 8057.80000 5.03200000 200.80000 36.99000 17.44000 45.23300
 4 7 20 12 06 8058.00000 5.03200000 200.83000 36.99000 17.35000 45.23300
 4 7 20 12 06 8060.50000 5.03200000 200.83000 36.99000 17.32000 45.23300
 4 7 20 12 07 8060.50000 5.03200000 200.94000 37.03000 17.30100 45.23300
 4 7 20 12 07 8059.90000 5.03200000 201.00000 37.03000 17.30100 45.23300
 4 7 20 12 08 8060.00000 5.03200000 201.02000 36.99000 17.29000 45.23300
 4 7 20 12 08 8060.00000 5.03200000 201.01000 37.03000 17.29000 45.23300
 4 7 20 12 09 8060.00000 5.03200000 201.02000 36.99000 17.29000 45.23300
 4 7 20 12 09 8060.00000 5.03200000 201.25000 37.03000 17.28100 45.23300
 4 7 20 12 10 8060.00000 5.03200000 201.25000 37.03000 17.28100 45.23300
 4 7 20 12 10 8060.50000 5.03200000 201.25000 37.05000 17.24200 45.23300
 4 7 20 12 11 8060.40000 5.03200000 201.18000 37.05000 17.24200 45.23300
 4 7 20 12 11 8060.50000 5.03200000 201.25000 37.05000 17.24200 45.23300
 4 7 20 12 12 8060.40000 5.03200000 201.25000 37.05000 17.24200 45.23300
 4 7 20 12 12 8060.40000 5.03200000 201.16000 37.05000 17.24200 45.23300
 4 7 20 12 13 8060.40000 5.03200000 201.04000 37.05000 17.24200 45.23300
 4 7 20 12 13 8060.50000 5.03200000 201.04000 37.05000 17.24200 45.23300
 4 7 20 12 14 8060.50000 5.03200000 201.04000 37.05000 17.24200 45.25100
 4 7 20 12 14 8060.50000 5.03200000 201.18000 37.05000 17.24200 45.25500
 4 7 20 12 15 8060.50000 5.03200000 201.18000 37.05000 17.24200 45.25500
 4 7 20 12 15 8060.50000 5.03200000 201.18000 37.05000 17.24200 45.25500
 4 7 20 12 16 8060.40000 5.03200000 201.22000 37.05000 17.24200 45.25500
 4 7 20 12 16 8060.50000 5.03200000 201.25000 37.05000 17.25000 45.25500
 4 7 20 12 17 8060.50000 5.03200000 201.22000 37.05000 17.25000 45.25500
 4 7 20 12 17 8060.50000 5.03200000 201.25000 37.05000 17.25000 45.25500
 4 7 20 12 17 8060.50000 5.03200000 201.25000 37.05000 17.25000 45.25500
 4 7 20 12 18 8060.50000 5.03200000 201.18000 37.05000 17.25000 45.25500
 4 7 20 12 18 8060.40000 5.03200000 201.18000 37.05000 17.34600 45.25500
 4 7 20 12 19 8060.40000 5.03200000 201.19000 37.05000 17.34600 45.25500
 4 7 20 12 19 8060.50000 5.03200000 201.19000 37.05000 17.34600 45.25500
 4 7 20 12 20 8060.30000 5.03200000 201.08000 37.05000 17.34600 45.25500
 4 7 20 12 20 8060.30000 5.03200000 201.07000 37.07000 17.34600 45.25500
 4 7 20 12 21 8060.40000 5.03200000 201.20000 37.07000 17.34600 45.25500
 4 7 20 12 21 8060.50000 5.03200000 201.20000 37.07000 17.34600 45.25500
 4 7 20 12 22 8060.50000 5.03200000 201.07000 37.07000 17.34600 45.25500
 4 7 20 12 22 8060.50000 5.03200000 201.14000 37.07000 17.43100 45.25500
 4 7 20 12 23 8066.10000 5.03200000 201.14000 37.12000 17.38000 45.25500
 4 7 20 12 23 8066.20000 5.03200000 201.24000 37.13000 17.38000 45.25500
 4 7 20 12 24 8066.20000 5.03200000 201.31000 37.13000 17.46200 45.25500
 4 7 20 12 24 8066.10000 5.03200000 201.29000 37.13000 17.46200 45.25500
 4 7 20 12 25 8066.20000 5.03200000 201.29000 37.13000 17.46000 45.25500
 4 7 20 12 25 8066.20000 5.03200000 201.29000 37.13000 17.46000 45.25500
 4 7 20 12 26 8066.20000 5.03200000 201.29000 37.13000 17.46000 45.25500
 4 7 20 12 26 8066.20000 5.03200000 201.29000 37.13000 17.46000 45.25500
 4 7 20 12 26 8066.20000 5.03200000 201.29000 37.13000 17.46000 45.25500
 4 7 20 12 27 8066.20000 5.03200000 201.29000 37.13000 17.46000 45.25500
 4 7 20 12 27 8066.10000 5.03200000 201.29000 37.13000 17.46000 45.25500
 4 7 20 12 28 8066.20000 5.03200000 201.27000 37.13000 17.46000 45.25500
 4 7 20 12 28 8066.20000 5.03200000 201.27000 37.13000 17.46000 45.25500
 4 7 20 12 29 8066.20000 5.03200000 201.27000 37.13000 17.46000 45.25500
 4 7 20 12 29 8066.20000 5.03200000 201.26000 37.13000 17.46000 45.25500
 4 7 20 12 30 8066.20000 5.03200000 201.13000 37.13000 17.46000 45.25500
