M=[
 5 11 20 11 58 12478.00000 4.17000000 342.25000 47.40000 11.95100 45.27800
 5 11 20 11 58 12463.50000 4.17000000 342.03000 47.33000 11.95100 45.27800
 5 11 20 11 59 12479.40000 4.17000000 342.34000 47.33000 11.95100 45.27800
 5 11 20 11 59 12480.00000 4.17000000 342.24000 47.48000 11.95100 45.27800
 5 11 20 11 59 12481.60000 4.17000000 342.12000 47.46000 11.95100 45.27800
 5 11 20 12 00 12482.30000 4.17000000 342.02000 47.47000 11.95100 45.27800
 5 11 20 12 00 12484.80000 4.17700000 341.67000 47.47000 11.95100 45.27800
 5 11 20 12 01 12478.20000 4.17700000 341.92000 47.47000 11.95100 45.27800
 5 11 20 12 01 12478.20000 4.17700000 341.92000 47.47000 11.95100 45.27800
 5 11 20 12 02 12472.10000 4.17700000 341.76000 47.47000 11.95100 45.27800
 5 11 20 12 02 12456.10000 4.17700000 341.53000 47.40000 11.95100 45.27800
 5 11 20 12 02 12468.90000 4.17700000 341.97000 47.40000 11.95100 45.27800
 5 11 20 12 03 12477.70000 4.17700000 341.93000 47.40000 11.95100 45.27800
 5 11 20 12 03 12474.50000 4.17700000 341.77000 47.40000 11.95100 45.27800
 5 11 20 12 04 12474.90000 4.17700000 341.81000 47.40000 11.95100 45.27800
 5 11 20 12 04 12480.00000 4.17700000 341.81000 47.40000 11.95100 45.24400
 5 11 20 12 04 12490.00000 4.17700000 342.11000 47.40000 11.95100 45.24400
 5 11 20 12 05 12490.10000 4.17700000 342.16000 47.50000 11.95100 45.24400
 5 11 20 12 05 12481.20000 4.17700000 341.73000 47.50000 11.95100 45.24400
 5 11 20 12 06 12460.20000 4.17700000 341.41000 47.39000 11.95100 45.24400
 5 11 20 12 06 12454.60000 4.17700000 341.16000 47.30000 11.95100 45.24400
 5 11 20 12 07 12462.00000 4.17700000 341.02000 47.38000 11.98000 45.24400
 5 11 20 12 07 12467.00000 4.17000000 341.02000 47.38000 11.98000 45.24400
 5 11 20 12 07 12455.80000 4.17000000 341.02000 47.38000 11.98000 45.15100
 5 11 20 12 08 12456.40000 4.17000000 341.00000 47.30000 11.99800 45.15100
 5 11 20 12 08 12454.10000 4.17000000 341.00000 47.30000 11.99800 45.15100
 5 11 20 12 09 12456.00000 4.17000000 341.15000 47.28000 11.99800 45.15100
 5 11 20 12 09 12460.20000 4.17000000 341.15000 47.28000 11.99800 45.15100
 5 11 20 12 10 12455.10000 4.17000000 341.15000 47.16000 11.99800 45.15100
 5 11 20 12 10 12450.00000 4.17000000 340.77000 47.16000 11.95000 45.15100
 5 11 20 12 10 12440.00000 4.17000000 340.64000 47.16000 11.92700 45.15100
 5 11 20 12 11 12421.10000 4.17000000 340.00000 47.16000 11.91000 45.15100
 5 11 20 12 11 12421.50000 4.17000000 340.01000 46.95000 11.91000 45.15100
 5 11 20 12 12 12402.70000 4.17000000 339.87000 46.89000 11.91000 45.15100
 5 11 20 12 12 12419.30000 4.17000000 339.85000 46.89000 11.90000 45.15100
 5 11 20 12 13 12419.60000 4.17000000 339.64000 46.89000 11.90000 45.15100
 5 11 20 12 13 12423.30000 4.17000000 339.72000 46.89000 11.90000 45.15100
 5 11 20 12 13 12425.90000 4.17000000 339.76000 46.89000 11.90000 45.00100
 5 11 20 12 14 12442.40000 4.17000000 340.04000 47.00000 11.90000 45.00100
 5 11 20 12 14 12434.50000 4.17000000 339.51000 46.95000 11.90000 45.00100
 5 11 20 12 15 12437.70000 4.17000000 339.91000 47.00000 11.90000 45.00100
 5 11 20 12 15 12443.00000 4.17000000 340.86000 47.00000 11.90000 45.00100
 5 11 20 12 16 12442.30000 4.17000000 340.85000 47.00000 11.90000 45.00100
 5 11 20 12 16 12442.50000 4.17000000 340.72000 47.00000 11.90000 45.00100
 5 11 20 12 16 12445.00000 4.17000000 340.75000 47.00000 11.90000 45.00100
 5 11 20 12 17 12447.50000 4.17000000 340.75000 47.00000 11.90000 45.00100
 5 11 20 12 17 12450.00000 4.17000000 340.45000 47.00000 11.90000 45.00100
 5 11 20 12 18 12450.50000 4.17000000 340.41000 46.98000 11.96700 45.00100
 5 11 20 12 18 12455.40000 4.17000000 340.43000 46.98000 11.96700 45.00100
 5 11 20 12 19 12452.20000 4.17000000 340.12000 46.98000 11.96700 45.00100
 5 11 20 12 19 12457.40000 4.17000000 340.11000 46.98000 11.96700 45.00100
 5 11 20 12 19 12470.90000 4.17000000 340.38000 47.09000 11.96700 45.00100
 5 11 20 12 20 12469.40000 4.17000000 340.48000 47.09000 11.96700 45.00100
 5 11 20 12 20 12479.80000 4.17000000 340.48000 47.09000 11.96700 45.00100
 5 11 20 12 21 12485.00000 4.17000000 340.43000 47.09000 11.96700 45.00100
 5 11 20 12 21 12484.90000 4.17000000 340.43000 47.09000 11.96700 45.07400
 5 11 20 12 22 12485.00000 4.17000000 340.55000 47.09000 11.96700 45.07400
 5 11 20 12 22 12491.90000 4.17000000 340.73000 47.12000 11.97200 45.07400
 5 11 20 12 22 12492.20000 4.17000000 340.61000 47.12000 11.97200 45.07400
 5 11 20 12 23 12493.00000 4.17000000 340.53000 47.12000 11.97200 45.07400
 5 11 20 12 23 12493.00000 4.17000000 340.51000 47.02000 11.92000 45.07400
 5 11 20 12 24 12493.00000 4.17000000 340.50000 47.05000 11.92000 45.07400
 5 11 20 12 24 12496.30000 4.17000000 340.53000 47.05000 11.92000 45.07400
 5 11 20 12 25 12500.00000 4.17000000 340.81000 47.05000 11.92000 45.07400
 5 11 20 12 25 12500.00000 4.17000000 340.84000 47.13000 11.92000 45.07400
 5 11 20 12 25 12499.90000 4.17000000 340.67000 47.13000 11.92000 45.07400
 5 11 20 12 26 12500.10000 4.17000000 340.68000 47.09000 11.92000 45.07400
 5 11 20 12 26 12500.30000 4.17000000 340.68000 47.09000 11.92000 45.07400
 5 11 20 12 27 12510.00000 4.17000000 340.76000 47.06000 11.92000 45.07400
 5 11 20 12 27 12517.90000 4.17000000 340.98000 47.06000 11.92000 45.07400
 5 11 20 12 28 12510.10000 4.17000000 341.09000 47.06000 11.92000 45.07400
 5 11 20 12 28 12505.10000 4.17000000 341.00000 47.06000 11.92000 45.07400
 5 11 20 12 28 12505.20000 4.17000000 340.70000 47.06000 11.92000 45.07400
 5 11 20 12 29 12505.10000 4.17000000 340.53000 47.06000 11.88800 45.07400
 5 11 20 12 29 12510.00000 4.17000000 340.53000 47.06000 11.88800 45.07400
 5 11 20 12 30 12514.00000 4.17000000 340.82000 47.06000 11.88800 45.07400
 5 11 20 12 30 12513.90000 4.17000000 340.82000 47.08000 11.88800 45.07400
 5 11 20 12 31 12514.00000 4.17000000 340.99000 47.06000 11.88800 45.07400
 5 11 20 12 31 12514.10000 4.17000000 340.64000 47.06000 11.88800 45.07400
 5 11 20 12 31 12510.00000 4.17000000 340.64000 47.06000 11.88800 45.07400
 5 11 20 12 32 12510.10000 4.17000000 340.31000 47.06000 11.88800 45.07400
 5 11 20 12 32 12505.10000 4.17000000 339.63000 46.94000 11.88800 45.07400
 5 11 20 12 33 12482.20000 4.17000000 339.67000 46.97000 11.88800 45.07400
 5 11 20 12 33 12499.10000 4.17000000 339.79000 46.97000 11.88800 44.89100
 5 11 20 12 34 12499.90000 4.17000000 339.98000 46.97000 11.88800 44.89100
 5 11 20 12 34 12504.60000 4.17000000 340.04000 46.97000 11.88800 44.89100
 5 11 20 12 34 12510.10000 4.17000000 339.99000 46.97000 11.88800 44.89100
 5 11 20 12 35 12523.20000 4.17000000 340.19000 46.98000 11.88800 44.89100
 5 11 20 12 35 12518.10000 4.17000000 340.19000 47.03000 11.88800 44.89100
 5 11 20 12 36 12515.90000 4.17000000 340.20000 46.98000 11.88800 44.89100
 5 11 20 12 36 12510.20000 4.17000000 340.08000 46.97000 11.88800 44.89100
 5 11 20 12 37 12513.00000 4.17000000 340.27000 46.97000 11.88800 44.89100
 5 11 20 12 37 12505.20000 4.17000000 340.08000 46.97000 11.88800 44.89100
 5 11 20 12 37 12512.30000 4.17000000 340.04000 46.97000 11.88800 44.89100
 5 11 20 12 38 12515.00000 4.17000000 340.14000 46.99000 11.88800 44.89100
 5 11 20 12 38 12524.30000 4.17000000 340.83000 46.99000 11.88800 44.89100
 5 11 20 12 39 12534.00000 4.17000000 340.84000 46.99000 11.88800 44.89100
 5 11 20 12 39 12549.70000 4.17000000 341.05000 47.02000 11.88800 44.89100
 5 11 20 12 40 12542.50000 4.17000000 340.88000 47.01000 11.88800 44.86900
 5 11 20 12 40 12555.00000 4.17000000 341.07000 47.01000 11.88800 44.87000
 5 11 20 12 40 12554.90000 4.17000000 340.82000 47.01000 11.88800 44.87000
 5 11 20 12 41 12573.40000 4.17000000 341.12000 47.01000 11.88800 44.87000
 5 11 20 12 41 12565.50000 4.17000000 340.83000 47.01000 11.88800 44.87000
 5 11 20 12 42 12570.00000 4.17000000 340.77000 47.01000 11.88800 44.87000
 5 11 20 12 42 12580.00000 4.17000000 340.78000 47.02000 11.88800 44.87000
 5 11 20 12 43 12580.50000 4.17000000 340.87000 47.02000 11.88800 44.87000
