M=[
13 9 20 02 50 8828.50000 4.48600000 325.45000 42.66000 15.44600 55.11600
13 9 20 02 51 8828.30000 4.48600000 325.45000 42.66000 15.44600 55.11600
13 9 20 02 51 8828.00000 4.48600000 325.45000 42.66000 15.44600 55.11600
13 9 20 02 52 8828.40000 4.48600000 325.45000 42.66000 15.44600 55.11600
13 9 20 02 52 8828.30000 4.48600000 325.67000 42.66000 15.44600 55.11600
13 9 20 02 52 8828.30000 4.48600000 325.67000 42.66000 15.44600 55.11600
13 9 20 02 53 8828.30000 4.48600000 325.67000 42.66000 15.44600 55.11600
13 9 20 02 53 8828.30000 4.48600000 325.67000 42.66000 15.44600 55.11600
13 9 20 02 54 8828.30000 4.48600000 325.99000 42.66000 15.44600 55.11600
13 9 20 02 54 8828.30000 4.48600000 325.99000 42.66000 15.44600 55.11600
13 9 20 02 55 8828.40000 4.48600000 325.99000 42.66000 15.44600 55.11600
13 9 20 02 55 8828.30000 4.48600000 325.99000 42.66000 15.44600 55.11600
13 9 20 02 55 8828.30000 4.48600000 325.99000 42.66000 15.44600 55.11600
13 9 20 02 56 8828.30000 4.48600000 326.05000 42.66000 15.44600 55.11600
13 9 20 02 56 8828.30000 4.48600000 326.38000 42.66000 15.44600 55.11600
13 9 20 02 57 8828.00000 4.48600000 326.38000 42.66000 15.44600 55.11600
13 9 20 02 57 8828.00000 4.48600000 326.38000 42.66000 15.44600 55.11600
13 9 20 02 58 8828.10000 4.48600000 326.38000 42.66000 15.44600 55.11600
13 9 20 02 58 8828.10000 4.48600000 325.92000 42.66000 15.44600 55.11600
13 9 20 02 58 8828.10000 4.48600000 325.80000 42.66000 15.44600 55.11600
13 9 20 02 59 8828.00000 4.48600000 325.80000 42.66000 15.44600 55.11600
13 9 20 02 59 8828.00000 4.48600000 325.80000 42.66000 15.44600 55.11600
13 9 20 03 00 8820.60000 4.48600000 325.65000 42.66000 15.44600 55.11600
13 9 20 03 00 8822.60000 4.48600000 325.65000 42.66000 15.44600 55.11600
13 9 20 03 01 8822.60000 4.48600000 325.53000 42.66000 15.44600 55.11600
13 9 20 03 01 8822.60000 4.48600000 325.53000 42.66000 15.44600 55.11600
13 9 20 03 01 8822.60000 4.48600000 325.62000 42.66000 15.44600 55.11600
13 9 20 03 02 8823.20000 4.48600000 325.60000 42.66000 15.44600 55.11600
13 9 20 03 02 8823.20000 4.48600000 325.60000 42.66000 15.44600 55.11600
13 9 20 03 03 8823.20000 4.48600000 325.60000 42.66000 15.44600 55.11600
13 9 20 03 03 8823.20000 4.48600000 325.60000 42.66000 15.44600 55.11600
13 9 20 03 04 8823.20000 4.48600000 325.60000 42.66000 15.44600 55.11600
13 9 20 03 04 8823.20000 4.48600000 325.64000 42.66000 15.44600 55.11600
13 9 20 03 04 8823.20000 4.48600000 325.64000 42.66000 15.44600 55.11600
13 9 20 03 05 8825.20000 4.48600000 325.64000 42.66000 15.44600 55.11600
13 9 20 03 05 8825.20000 4.48600000 325.64000 42.66000 15.44600 55.11600
13 9 20 03 06 8828.30000 4.48600000 325.64000 42.66000 15.44600 55.11600
13 9 20 03 06 8828.30000 4.48600000 325.64000 42.66000 15.44600 55.11600
13 9 20 03 07 8828.30000 4.48600000 326.02000 42.66000 15.44600 55.11600
13 9 20 03 07 8828.30000 4.48600000 326.15000 42.66000 15.44600 55.11600
13 9 20 03 07 8828.30000 4.48600000 326.15000 42.66000 15.44600 55.11600
13 9 20 03 08 8828.30000 4.48600000 326.19000 42.66000 15.44600 55.11600
13 9 20 03 08 8828.30000 4.48600000 326.19000 42.66000 15.44600 55.11600
13 9 20 03 09 8828.30000 4.48600000 326.34000 42.66000 15.44600 55.11600
13 9 20 03 09 8828.30000 4.48600000 326.34000 42.66000 15.44600 55.11600
13 9 20 03 10 8828.40000 4.48600000 326.34000 42.66000 15.44600 55.11600
13 9 20 03 10 8829.80000 4.48600000 326.34000 42.66000 15.44600 55.11600
13 9 20 03 10 8829.80000 4.48600000 326.34000 42.66000 15.44600 55.11600
13 9 20 03 11 8829.90000 4.48600000 326.33000 42.66000 15.44600 55.11600
13 9 20 03 11 8829.90000 4.48600000 326.33000 42.66000 15.44600 55.11600
13 9 20 03 12 8829.80000 4.48600000 326.33000 42.66000 15.44600 54.95800
13 9 20 03 12 8829.50000 4.48600000 326.09000 42.66000 15.44600 54.95800
13 9 20 03 13 8829.50000 4.48600000 326.09000 42.66000 15.44600 54.95800
13 9 20 03 13 8829.50000 4.48600000 326.08000 42.66000 15.44600 54.95800
13 9 20 03 13 8827.80000 4.48600000 326.08000 42.66000 15.44600 54.95800
13 9 20 03 14 8827.80000 4.48600000 326.02000 42.66000 15.44600 54.95800
13 9 20 03 14 8827.80000 4.48600000 326.02000 42.66000 15.44600 54.95800
13 9 20 03 15 8825.90000 4.48600000 325.88000 42.66000 15.44600 54.95800
13 9 20 03 15 8825.90000 4.48600000 325.88000 42.66000 15.44600 54.95800
13 9 20 03 16 8825.90000 4.48600000 325.78000 42.66000 15.44600 54.95800
13 9 20 03 16 8825.90000 4.48600000 325.82000 42.66000 15.44600 54.95800
13 9 20 03 16 8825.90000 4.48600000 325.82000 42.66000 15.44600 54.95800
13 9 20 03 17 8826.10000 4.48600000 325.84000 42.66000 15.44600 54.95800
13 9 20 03 17 8826.10000 4.48600000 325.84000 42.66000 15.44600 54.95800
13 9 20 03 18 8826.20000 4.48600000 325.84000 42.66000 15.44600 54.95800
13 9 20 03 18 8826.20000 4.48600000 325.84000 42.66000 15.44600 54.95800
13 9 20 03 19 8826.20000 4.48600000 325.64000 42.66000 15.44600 54.95800
13 9 20 03 19 8827.70000 4.48600000 325.61000 42.66000 15.44600 54.81100
13 9 20 03 19 8827.70000 4.48600000 325.61000 42.66000 15.44600 54.81100
13 9 20 03 20 8827.70000 4.48600000 325.45000 42.66000 15.44600 54.81100
13 9 20 03 20 8827.70000 4.48600000 325.37000 42.66000 15.44600 54.81100
13 9 20 03 21 8827.70000 4.48600000 325.37000 42.66000 15.41400 54.81100
13 9 20 03 21 8828.90000 4.48600000 325.37000 42.66000 15.41400 54.81100
13 9 20 03 22 8828.90000 4.48600000 325.43000 42.66000 15.41400 54.81100
13 9 20 03 22 8828.90000 4.48600000 325.43000 42.66000 15.41400 54.81100
13 9 20 03 22 8828.20000 4.48600000 325.43000 42.66000 15.41400 54.81100
13 9 20 03 23 8828.20000 4.48600000 325.43000 42.66000 15.41400 54.81100
13 9 20 03 23 8827.80000 4.48600000 325.43000 42.66000 15.41400 54.81100
13 9 20 03 24 8828.70000 4.48600000 325.43000 42.66000 15.41400 54.81100
13 9 20 03 24 8829.90000 4.48600000 325.43000 42.66000 15.41400 54.81100
13 9 20 03 25 8829.90000 4.48600000 325.43000 42.66000 15.41400 54.81100
13 9 20 03 25 8829.90000 4.48600000 325.43000 42.66000 15.41400 54.81100
13 9 20 03 25 8829.90000 4.48600000 325.43000 42.66000 15.41400 54.81100
13 9 20 03 26 8829.90000 4.48600000 325.43000 42.66000 15.41400 54.81100
13 9 20 03 26 8829.40000 4.48600000 325.55000 42.66000 15.41400 54.81100
13 9 20 03 27 8829.40000 4.48600000 325.55000 42.66000 15.41400 54.81100
13 9 20 03 27 8829.90000 4.48600000 325.79000 42.66000 15.41400 54.81100
13 9 20 03 28 8829.90000 4.48600000 325.79000 42.66000 15.41400 54.81100
13 9 20 03 28 8829.90000 4.48600000 325.79000 42.66000 15.41400 54.81100
13 9 20 03 28 8829.80000 4.48600000 325.79000 42.66000 15.41400 54.81100
13 9 20 03 29 8829.80000 4.48600000 325.79000 42.66000 15.41400 54.81100
13 9 20 03 29 8829.90000 4.48600000 325.79000 42.66000 15.41400 54.81100
13 9 20 03 30 8829.80000 4.48600000 325.84000 42.66000 15.41400 54.99300
13 9 20 03 30 8829.90000 4.48600000 325.84000 42.66000 15.41400 54.99300
13 9 20 03 31 8829.90000 4.48600000 325.84000 42.66000 15.41400 54.99300
13 9 20 03 31 8829.80000 4.48600000 325.84000 42.66000 15.41400 54.99300
13 9 20 03 31 8829.80000 4.48600000 326.00000 42.66000 15.41400 54.99300
13 9 20 03 32 8829.90000 4.48600000 326.00000 42.66000 15.41400 54.99300
13 9 20 03 32 8829.90000 4.48600000 326.00000 42.66000 15.41400 54.99300
13 9 20 03 33 8829.90000 4.48600000 326.00000 42.66000 15.41400 55.03100
13 9 20 03 33 8829.90000 4.48600000 326.09000 42.66000 15.41400 55.03100
13 9 20 03 34 8835.30000 4.48600000 326.09000 42.66000 15.41400 55.03100
13 9 20 03 34 8837.80000 4.48600000 326.09000 42.66000 15.41400 55.03100
13 9 20 03 34 8837.70000 4.48600000 326.16000 42.73000 15.41400 55.03100
13 9 20 03 35 8837.70000 4.48600000 326.27000 42.73000 15.41400 55.03100
13 9 20 03 35 8837.70000 4.48600000 326.38000 42.73000 15.41400 55.03100
13 9 20 03 36 8837.70000 4.48600000 326.38000 42.73000 15.41400 55.00300
13 9 20 03 36 8837.70000 4.48600000 326.38000 42.73000 15.41400 55.00300
13 9 20 03 37 8837.80000 4.48600000 326.53000 42.78000 15.41400 55.00300
