M=[
13 6 20 20 09 8342.10000 5.71000000 210.40000 39.74000 13.25100 45.79500
13 6 20 20 10 8343.30000 5.71000000 210.92000 39.74000 13.25100 45.79500
13 6 20 20 10 8334.50000 5.71000000 210.92000 39.74000 13.25100 45.79500
13 6 20 20 11 8342.10000 5.71000000 210.83000 39.74000 13.21200 45.79500
13 6 20 20 11 8339.20000 5.71000000 210.83000 39.74000 13.25100 45.65700
13 6 20 20 12 8342.40000 5.71000000 210.83000 39.65000 13.25100 45.79500
13 6 20 20 12 8339.40000 5.71000000 210.83000 39.74000 13.22400 45.79500
13 6 20 20 13 8338.30000 5.71000000 210.64000 39.74000 13.25100 45.79500
13 6 20 20 13 8339.20000 5.71000000 210.73000 39.77000 13.25100 45.79500
13 6 20 20 14 8340.20000 5.70900000 210.63000 39.77000 13.25100 45.75200
13 6 20 20 14 8336.60000 5.71000000 210.64000 39.77000 13.25100 45.79500
13 6 20 20 15 8337.40000 5.71000000 210.64000 39.77000 13.25100 45.75200
13 6 20 20 15 8336.50000 5.71000000 210.64000 39.77000 13.25100 45.75200
13 6 20 20 16 8333.80000 5.71000000 210.63000 39.63000 13.25100 45.75200
13 6 20 20 16 8333.80000 5.71000000 210.64000 39.77000 13.25100 45.75200
13 6 20 20 16 8335.80000 5.70900000 210.63000 39.77000 13.25100 45.75200
13 6 20 20 17 8342.40000 5.71000000 210.68000 39.77000 13.25100 45.75200
13 6 20 20 17 8350.00000 5.70900000 210.69000 39.77000 13.25100 45.75200
13 6 20 20 18 8355.30000 5.71000000 210.77000 39.77000 13.25100 45.79500
13 6 20 20 18 8358.90000 5.71000000 210.69000 39.77000 13.25100 45.75200
13 6 20 20 19 8358.90000 5.71000000 210.95000 39.77000 13.25100 45.79500
13 6 20 20 19 8358.90000 5.71000000 210.92000 39.77000 13.25100 45.75200
13 6 20 20 20 8362.00000 5.71000000 210.92000 39.77000 13.25100 45.75200
13 6 20 20 20 8361.60000 5.70800000 210.92000 39.77000 13.25100 45.75200
13 6 20 20 21 8360.00000 5.70600000 210.94000 39.77000 13.25100 45.75200
13 6 20 20 21 8360.10000 5.71000000 210.70000 39.77000 13.25100 45.75200
13 6 20 20 22 8357.00000 5.71000000 210.68000 39.77000 13.21200 45.75200
13 6 20 20 22 8354.20000 5.71000000 210.69000 39.77000 13.25100 45.75200
13 6 20 20 23 8358.50000 5.71000000 210.69000 39.77000 13.25100 45.75200
13 6 20 20 23 8358.60000 5.71000000 210.68000 39.77000 13.25100 45.75200
13 6 20 20 23 8355.80000 5.71000000 210.68000 39.77000 13.25100 45.75200
13 6 20 20 24 8357.30000 5.71000000 210.77000 39.77000 13.25100 45.75200
13 6 20 20 24 8357.00000 5.71000000 210.68000 39.77000 13.25100 45.75200
13 6 20 20 25 8361.60000 5.71000000 210.77000 39.77000 13.25100 45.75200
13 6 20 20 25 8363.10000 5.71000000 210.70000 39.77000 13.25100 45.75200
13 6 20 20 26 8363.10000 5.71000000 210.77000 39.77000 13.25100 45.75200
13 6 20 20 26 8347.20000 5.70900000 210.77000 39.77000 13.25100 45.75200
13 6 20 20 27 8359.90000 5.70900000 210.77000 39.77000 13.25100 45.75200
13 6 20 20 27 8358.90000 5.71000000 210.77000 39.77000 13.25100 45.75200
13 6 20 20 28 8357.00000 5.71000000 210.69000 39.77000 13.25100 45.75200
13 6 20 20 28 8336.80000 5.70800000 210.65000 39.77000 13.25100 45.75200
13 6 20 20 29 8349.00000 5.71000000 210.40000 39.77000 13.25100 45.75200
13 6 20 20 29 8345.50000 5.71000000 210.35000 39.77000 13.25100 45.75200
13 6 20 20 30 8347.20000 5.71000000 210.35000 39.77000 13.25100 45.75200
13 6 20 20 30 8345.50000 5.71000000 210.45000 39.77000 13.25100 45.79500
13 6 20 20 30 8346.60000 5.71000000 210.45000 39.77000 13.25100 45.75200
13 6 20 20 31 8349.60000 5.71000000 210.61000 39.77000 13.25100 45.75200
13 6 20 20 31 8354.30000 5.71000000 210.61000 39.86000 13.25100 45.75200
13 6 20 20 32 8354.30000 5.71000000 210.61000 39.86000 13.25100 45.75200
13 6 20 20 32 8354.30000 5.71000000 210.74000 39.77000 13.25100 45.79500
13 6 20 20 33 8354.30000 5.71000000 210.79000 39.86000 13.25100 45.75200
13 6 20 20 33 8350.40000 5.71000000 210.78000 39.86000 13.25100 45.75200
13 6 20 20 34 8352.10000 5.71000000 210.71000 39.81000 13.25100 45.75200
13 6 20 20 34 8349.60000 5.71000000 210.55000 39.81000 13.25100 45.79500
13 6 20 20 35 8337.40000 5.71000000 210.47000 39.81000 13.25100 45.75200
13 6 20 20 35 8344.00000 5.71000000 210.47000 39.81000 13.25100 45.75200
13 6 20 20 36 8339.00000 5.71000000 210.47000 39.81000 13.25100 45.79500
13 6 20 20 36 8341.70000 5.71000000 210.47000 39.81000 13.25100 45.75200
13 6 20 20 37 8339.90000 5.71000000 210.47000 39.81000 13.25100 45.75200
13 6 20 20 37 8339.80000 5.70600000 210.43000 39.81000 13.25100 45.75200
13 6 20 20 37 8339.40000 5.71000000 210.50000 39.86000 13.25100 45.75200
13 6 20 20 38 8339.50000 5.71000000 210.37000 39.81000 13.25100 45.75200
13 6 20 20 38 8333.50000 5.71000000 210.37000 39.81000 13.25100 45.65700
13 6 20 20 39 8346.50000 5.71000000 210.36000 39.81000 13.25100 45.75200
13 6 20 20 39 8345.20000 5.71000000 210.36000 39.81000 13.25100 45.75200
13 6 20 20 40 8345.40000 5.71000000 210.50000 39.81000 13.25100 45.75200
13 6 20 20 40 8344.90000 5.71000000 210.30000 39.81000 13.25100 45.75200
13 6 20 20 41 8340.50000 5.71000000 210.30000 39.81000 13.25100 45.75200
13 6 20 20 41 8342.80000 5.71000000 210.56000 39.81000 13.25100 45.75200
13 6 20 20 42 8350.50000 5.72800000 210.50000 39.81000 13.25100 45.79500
13 6 20 20 42 8346.10000 5.72800000 210.74000 39.81000 13.25100 45.75200
13 6 20 20 43 8346.90000 5.72800000 210.74000 39.81000 13.25100 45.75200
13 6 20 20 43 8346.20000 5.72800000 210.60000 39.81000 13.25100 45.75200
13 6 20 20 43 8346.20000 5.72800000 210.57000 39.81000 13.25100 45.75200
13 6 20 20 44 8345.30000 5.72800000 210.58000 39.81000 13.25100 45.75200
13 6 20 20 44 8342.30000 5.72800000 210.61000 39.81000 13.25100 45.75200
13 6 20 20 45 8342.70000 5.72800000 210.65000 39.81000 13.25100 45.75200
13 6 20 20 45 8342.70000 5.72800000 210.65000 39.81000 13.22400 45.75200
13 6 20 20 46 8341.90000 5.72800000 210.46000 39.81000 13.22400 45.75200
13 6 20 20 46 8345.10000 5.72800000 210.46000 39.81000 13.25100 45.75200
13 6 20 20 47 8342.20000 5.71000000 210.46000 39.81000 13.25100 45.75200
13 6 20 20 47 8338.30000 5.72800000 210.46000 39.81000 13.25100 45.75200
13 6 20 20 47 8337.50000 5.72800000 210.46000 39.81000 13.25100 45.75200
13 6 20 20 48 8347.60000 5.72800000 210.41000 39.75000 13.25100 45.75200
13 6 20 20 49 8336.40000 5.72800000 210.49000 39.75000 13.25100 45.75200
13 6 20 20 49 8336.80000 5.72800000 210.44000 39.75000 13.25100 45.75200
13 6 20 20 50 8340.60000 5.72800000 210.44000 39.75000 13.25100 45.79500
13 6 20 20 50 8344.30000 5.72800000 210.48000 39.75000 13.25100 45.75200
13 6 20 20 50 8341.70000 5.72800000 210.48000 39.75000 13.25100 45.75200
13 6 20 20 51 8341.70000 5.72800000 210.39000 39.75000 13.25100 45.75200
13 6 20 20 51 8341.70000 5.71000000 210.35000 39.70000 13.21200 45.75200
13 6 20 20 52 8341.70000 5.72800000 210.35000 39.70000 13.25100 45.75200
13 6 20 20 52 8341.70000 5.72800000 210.35000 39.75000 13.25100 45.75200
13 6 20 20 53 8341.70000 5.72800000 210.35000 39.70000 13.25100 45.75200
13 6 20 20 53 8341.70000 5.72800000 210.26000 39.70000 13.25100 45.75200
13 6 20 20 54 8341.70000 5.72800000 210.26000 39.70000 13.25100 45.79500
13 6 20 20 54 8341.70000 5.71900000 210.26000 39.70000 13.25100 45.75200
13 6 20 20 55 8341.70000 5.71900000 210.20000 39.70000 13.21200 45.75200
13 6 20 20 55 8341.60000 5.72800000 210.32000 39.70000 13.22400 45.75200
13 6 20 20 55 8341.60000 5.71900000 210.32000 39.70000 13.25100 45.75200
13 6 20 20 56 8342.50000 5.71900000 210.32000 39.70000 13.25100 45.75200
13 6 20 20 56 8347.80000 5.71900000 210.35000 39.70000 13.38700 45.75200
13 6 20 20 57 8347.80000 5.71900000 210.36000 39.75000 13.38700 45.75200
13 6 20 20 57 8347.90000 5.71900000 210.36000 39.74000 13.38700 45.75200
13 6 20 20 58 8349.80000 5.71900000 210.50000 39.74000 13.25100 45.75200
13 6 20 20 58 8348.50000 5.71900000 210.41000 39.74000 13.38700 45.75200
13 6 20 20 59 8349.40000 5.72800000 210.39000 39.74000 13.38700 45.75200
13 6 20 20 59 8352.10000 5.71900000 210.39000 39.75000 13.38700 45.75200
13 6 20 21 00 8352.10000 5.71900000 210.52000 39.75000 13.38700 45.75200
