M=[
24 2 21 18 49 41108.30000 10.00600000 1356.29000 150.99000 28.89700 109.52000
24 2 21 18 49 41119.90000 10.03200000 1356.89000 150.99000 28.89700 109.52000
24 2 21 18 50 41096.90000 10.03200000 1356.00000 150.68000 28.89700 109.59700
24 2 21 18 50 41082.50000 9.96400000 1356.35000 150.68000 28.89700 109.59700
24 2 21 18 51 41054.40000 9.96400000 1356.36000 150.70000 28.89700 109.18300
24 2 21 18 51 41067.80000 9.96400000 1356.27000 150.66000 28.89700 109.18300
24 2 21 18 51 41037.60000 10.09600000 1355.77000 150.71000 28.89700 109.18300
24 2 21 18 52 41013.50000 10.09600000 1355.77000 150.53000 28.89700 109.18300
24 2 21 18 52 41018.00000 10.09600000 1355.53000 150.53000 28.89700 109.18300
24 2 21 18 53 41035.60000 10.09600000 1356.00000 150.38000 28.89700 109.18300
24 2 21 18 53 41001.50000 10.09600000 1356.00000 150.29000 28.89700 109.18300
24 2 21 18 54 40984.90000 10.09600000 1355.44000 150.07000 28.89700 109.18300
24 2 21 18 54 40988.50000 10.09600000 1355.44000 150.00000 28.89700 109.18300
24 2 21 18 54 41018.70000 10.09600000 1355.44000 150.19000 28.89700 109.18300
24 2 21 18 55 41020.00000 10.09600000 1356.00000 150.14000 28.89700 109.18300
24 2 21 18 55 41027.10000 10.09600000 1356.00000 150.38000 28.89700 109.18300
24 2 21 18 56 40986.70000 10.09600000 1355.00000 150.29000 28.89700 109.18300
24 2 21 18 56 40954.30000 9.97800000 1350.73000 149.79000 28.98200 109.18300
24 2 21 18 57 40940.60000 9.97800000 1350.85000 149.79000 28.98200 109.18300
24 2 21 18 57 40940.70000 9.97800000 1350.42000 149.79000 28.98200 109.18300
24 2 21 18 57 40928.00000 9.97800000 1350.11000 149.49000 28.98200 109.00400
24 2 21 18 58 40928.80000 9.97800000 1350.12000 149.61000 28.98200 109.00400
24 2 21 18 58 40918.50000 9.97800000 1350.11000 149.72000 28.98200 109.00400
24 2 21 18 59 40923.20000 9.97800000 1350.12000 149.65000 28.98000 109.00400
24 2 21 18 59 40918.60000 9.97800000 1350.12000 149.64000 28.98000 109.00400
24 2 21 18 59 40923.50000 9.97800000 1350.11000 149.64000 28.98000 109.19400
24 2 21 19 00 40923.50000 9.93100000 1349.57000 149.71000 28.98000 109.23800
24 2 21 19 00 40931.10000 9.93100000 1350.12000 149.66000 28.98000 109.23800
24 2 21 19 01 40930.00000 9.93100000 1350.12000 149.70000 28.98000 109.23800
24 2 21 19 01 40959.40000 9.93100000 1350.88000 149.68000 28.98000 109.23800
24 2 21 19 02 40963.50000 9.93100000 1351.69000 149.86000 28.98000 109.23800
24 2 21 19 02 41009.90000 9.93100000 1353.04000 150.05000 28.98000 109.23800
24 2 21 19 03 41019.60000 10.01200000 1353.05000 150.05000 28.98000 109.23800
24 2 21 19 03 41001.00000 10.01200000 1352.66000 149.85000 28.98000 109.23800
24 2 21 19 03 40947.10000 10.01200000 1350.80000 149.85000 28.98000 109.23800
24 2 21 19 04 40930.20000 9.87600000 1351.01000 149.69000 28.98000 109.23800
24 2 21 19 04 40939.00000 9.87600000 1350.49000 149.69000 28.98000 109.23800
24 2 21 19 05 40930.90000 9.87600000 1350.85000 150.06000 28.98000 109.23800
24 2 21 19 05 40876.70000 9.87600000 1350.50000 150.20000 28.98000 109.23800
24 2 21 19 05 40868.40000 9.87600000 1350.04000 150.20000 28.98000 109.23800
24 2 21 19 06 40862.90000 9.87600000 1348.32000 149.76000 28.98000 109.23800
24 2 21 19 06 40842.20000 9.87600000 1348.70000 149.79000 28.98000 109.23800
24 2 21 19 07 40860.80000 9.87600000 1346.73000 149.98000 28.98000 109.23800
24 2 21 19 07 40842.90000 9.87600000 1346.74000 149.98000 28.98000 109.23800
24 2 21 19 08 40816.40000 9.87600000 1347.61000 149.70000 28.98000 108.83600
24 2 21 19 08 40816.40000 9.87600000 1346.01000 149.68000 28.98000 108.83600
24 2 21 19 08 40816.10000 9.87600000 1346.23000 149.68000 28.98000 108.83600
24 2 21 19 09 40805.10000 9.87600000 1345.56000 149.47000 28.98000 108.83600
24 2 21 19 09 40759.80000 9.87600000 1343.67000 149.10000 28.98000 108.81500
24 2 21 19 10 40776.00000 9.87600000 1344.93000 149.40000 28.98000 108.81500
24 2 21 19 10 40816.40000 9.87600000 1344.71000 149.40000 28.98000 108.81500
24 2 21 19 11 40937.10000 9.87600000 1347.60000 149.81000 28.98000 108.81000
24 2 21 19 11 40954.30000 9.87600000 1350.51000 150.13000 28.98000 108.81000
24 2 21 19 11 40872.60000 9.96000000 1347.06000 149.86000 28.98000 108.81000
24 2 21 19 12 40839.00000 9.87800000 1345.22000 149.86000 28.99200 108.81000
24 2 21 19 12 40796.20000 9.87800000 1343.12000 149.86000 28.99200 108.81000
24 2 21 19 13 40774.50000 9.87800000 1342.65000 149.20000 28.99200 108.81000
24 2 21 19 13 40758.30000 9.87800000 1342.00000 149.29000 28.43400 108.81000
24 2 21 19 14 40763.50000 9.83200000 1341.77000 149.27000 28.43400 108.39100
24 2 21 19 14 40764.30000 9.90800000 1342.00000 149.42000 28.43400 108.39100
24 2 21 19 14 40751.00000 9.90800000 1340.73000 149.42000 28.43400 108.39100
24 2 21 19 15 40831.90000 9.90800000 1344.17000 149.48000 28.43400 108.39100
24 2 21 19 15 40798.20000 9.90800000 1343.08000 149.48000 28.43400 108.39100
24 2 21 19 16 40792.90000 9.90800000 1343.41000 149.48000 28.43400 108.39100
24 2 21 19 16 40840.20000 9.90800000 1345.19000 149.48000 28.43400 108.39100
24 2 21 19 17 40794.20000 9.90800000 1343.03000 149.48000 28.43400 108.39100
24 2 21 19 17 40770.80000 9.90800000 1342.62000 149.60000 28.43400 108.39100
24 2 21 19 17 40836.70000 9.90800000 1344.99000 149.64000 28.43400 108.53700
24 2 21 19 18 40840.70000 9.90800000 1345.00000 149.64000 28.43400 108.53700
24 2 21 19 18 40859.90000 9.90800000 1345.35000 149.66000 28.43400 108.53700
24 2 21 19 19 40806.50000 9.90800000 1344.08000 149.57000 28.43400 108.53700
24 2 21 19 19 40835.70000 9.90800000 1344.42000 149.57000 28.43400 108.53700
24 2 21 19 20 40836.30000 9.90800000 1346.93000 149.57000 28.43400 108.53700
24 2 21 19 20 40904.70000 9.87700000 1349.95000 149.57000 28.43400 108.53700
24 2 21 19 20 40884.10000 9.87700000 1348.60000 149.57000 28.43400 108.53700
24 2 21 19 21 40869.60000 9.94700000 1347.82000 149.57000 28.43400 108.53700
24 2 21 19 21 40857.70000 9.94700000 1347.99000 149.71000 28.43400 108.53700
24 2 21 19 22 40846.80000 9.88900000 1346.38000 149.71000 28.43400 108.45100
24 2 21 19 22 40820.10000 9.88900000 1345.84000 149.71000 28.43400 108.45100
24 2 21 19 23 40820.10000 9.88900000 1346.31000 149.62000 28.43400 108.45100
24 2 21 19 23 40827.70000 9.88900000 1346.99000 149.62000 28.43400 108.45100
24 2 21 19 23 40824.00000 9.88900000 1346.00000 149.49000 28.43400 108.45100
24 2 21 19 24 40829.70000 9.88900000 1345.10000 149.49000 28.22300 108.26600
24 2 21 19 24 40835.40000 9.88900000 1345.79000 149.49000 28.22300 108.26600
24 2 21 19 25 40835.30000 9.88900000 1346.05000 149.73000 28.21300 108.26600
24 2 21 19 25 40855.90000 9.88900000 1345.37000 149.72000 28.21300 108.26600
24 2 21 19 26 40841.40000 9.88900000 1344.08000 149.61000 28.21300 108.26600
24 2 21 19 26 40796.40000 9.88900000 1341.31000 149.45000 28.21300 108.26600
24 2 21 19 26 40767.30000 9.88900000 1340.45000 149.31000 28.21300 108.26600
24 2 21 19 27 40809.80000 9.88900000 1341.23000 149.42000 28.21300 108.26600
24 2 21 19 27 40809.80000 9.88900000 1342.39000 149.40000 28.21300 108.10000
24 2 21 19 28 40779.70000 9.83900000 1340.69000 149.40000 28.21300 108.10000
24 2 21 19 28 40751.00000 9.83900000 1338.03000 149.20000 28.21300 108.10000
24 2 21 19 29 40778.00000 9.83900000 1337.98000 149.24000 28.21300 108.10000
24 2 21 19 29 40753.70000 9.83900000 1339.32000 149.24000 28.21300 107.87900
24 2 21 19 29 40779.60000 9.83900000 1338.65000 149.24000 28.21300 107.87900
24 2 21 19 30 40662.00000 9.83900000 1337.67000 149.24000 28.21300 108.10000
24 2 21 19 30 40651.70000 9.82700000 1334.99000 148.70000 28.21300 108.10000
24 2 21 19 31 40650.00000 9.82700000 1335.00000 148.80000 28.21300 108.10000
24 2 21 19 31 40604.30000 9.82700000 1332.75000 148.43000 28.21300 108.10000
24 2 21 19 32 40528.60000 9.75800000 1332.01000 148.30000 28.21300 108.10000
24 2 21 19 32 40590.20000 9.75800000 1332.01000 148.46000 28.23500 108.10000
24 2 21 19 32 40576.70000 9.75800000 1331.41000 148.46000 28.23500 108.10000
