M=[
13 2 21 04 22 39493.70000 10.26000000 1537.36000 168.89000 25.11300 126.67100
13 2 21 04 23 39493.70000 10.26000000 1538.68000 169.44000 25.11300 126.48200
13 2 21 04 23 39502.30000 10.26000000 1538.69000 169.30000 25.11300 126.08500
13 2 21 04 23 39500.10000 10.26000000 1538.91000 168.92000 25.11300 126.69600
13 2 21 04 24 39502.30000 10.26000000 1538.21000 168.85000 25.11300 126.31900
13 2 21 04 24 39502.30000 10.26000000 1538.21000 168.85000 25.11300 126.54400
13 2 21 04 25 39500.00000 10.26000000 1537.80000 168.80000 25.11300 126.54400
13 2 21 04 25 39500.30000 10.26000000 1538.21000 168.80000 25.11300 126.54400
13 2 21 04 26 39502.80000 10.26000000 1538.89000 169.13000 25.11300 127.25100
13 2 21 04 26 39500.40000 10.26000000 1538.98000 169.13000 25.10700 127.15300
13 2 21 04 26 39500.30000 10.26000000 1538.56000 169.13000 25.10700 127.00000
13 2 21 04 27 39456.10000 10.26000000 1538.01000 168.80000 25.10700 127.03300
13 2 21 04 27 39466.10000 10.26000000 1538.01000 168.80000 25.10800 127.04000
13 2 21 04 28 39478.70000 10.26000000 1539.00000 168.88000 25.10800 127.04000
13 2 21 04 28 39496.40000 10.26000000 1539.00000 168.88000 25.10800 127.04000
13 2 21 04 28 39498.00000 10.26000000 1541.10000 168.88000 25.10800 126.48600
13 2 21 04 29 39494.00000 10.26000000 1539.47000 168.69000 25.10800 126.48600
13 2 21 04 29 39470.80000 10.26000000 1539.47000 168.69000 25.10800 126.48600
13 2 21 04 30 39438.60000 10.26000000 1538.68000 168.69000 25.10800 126.48600
13 2 21 04 30 39438.60000 10.26000000 1538.57000 168.69000 25.10800 127.12500
13 2 21 04 31 39493.00000 10.26000000 1538.59000 169.23000 25.10800 127.23600
13 2 21 04 31 39499.80000 10.26000000 1540.64000 169.55000 25.10800 127.29300
13 2 21 04 31 39476.90000 10.26000000 1541.95000 169.88000 25.10800 127.29300
13 2 21 04 32 39489.20000 10.27400000 1541.97000 169.63000 25.23300 126.60000
13 2 21 04 32 39449.90000 10.27400000 1539.24000 169.72000 25.23300 126.45200
13 2 21 04 33 39452.50000 10.27400000 1539.24000 169.34000 25.25500 126.34500
13 2 21 04 33 39460.70000 10.27400000 1539.24000 169.45000 25.25500 126.37400
13 2 21 04 34 39484.80000 10.27400000 1538.14000 169.79000 25.25500 126.34500
13 2 21 04 34 39493.40000 10.27400000 1539.39000 169.66000 25.25500 126.34500
13 2 21 04 34 39451.70000 10.27400000 1537.80000 169.49000 25.25500 126.00800
13 2 21 04 35 39459.00000 10.21500000 1537.70000 169.34000 25.25500 126.00800
13 2 21 04 35 39450.00000 10.21700000 1535.45000 169.34000 25.25500 125.70000
13 2 21 04 36 39450.00000 10.21800000 1535.30000 169.32000 25.25500 125.65800
13 2 21 04 36 39386.80000 10.22400000 1534.00000 168.80000 25.25500 125.02000
13 2 21 04 37 39401.90000 10.20700000 1533.57000 168.72000 25.25500 125.02000
13 2 21 04 37 39439.60000 10.20700000 1534.63000 168.92000 25.25500 125.29800
13 2 21 04 37 39412.40000 10.20700000 1534.27000 169.37000 25.25500 125.29800
13 2 21 04 38 39439.90000 10.20700000 1535.29000 169.17000 25.25500 125.56400
13 2 21 04 38 39414.30000 10.20700000 1535.29000 169.01000 25.25500 125.56300
13 2 21 04 39 39427.50000 10.20700000 1534.70000 169.01000 25.25500 125.56300
13 2 21 04 39 39443.60000 10.20700000 1535.82000 169.32000 25.25500 125.56300
13 2 21 04 40 39441.00000 10.20700000 1535.04000 169.17000 25.25500 125.56300
13 2 21 04 40 39445.30000 10.18000000 1535.04000 169.17000 25.25500 125.56300
13 2 21 04 40 39457.50000 10.18000000 1535.04000 169.17000 25.25500 124.50400
13 2 21 04 41 39471.20000 10.18000000 1535.58000 169.17000 25.25500 124.74700
13 2 21 04 41 39465.80000 10.18000000 1535.58000 169.35000 25.25500 123.51700
13 2 21 04 42 39490.10000 10.17900000 1536.24000 169.37000 25.25500 124.23600
13 2 21 04 42 39500.00000 10.17900000 1536.27000 169.37000 25.25500 124.09100
13 2 21 04 43 39484.80000 10.17900000 1536.27000 169.37000 25.25500 123.79200
13 2 21 04 43 39481.10000 10.17900000 1535.74000 169.37000 25.25500 123.79200
13 2 21 04 43 39486.70000 10.17900000 1535.73000 169.60000 25.25500 123.49800
13 2 21 04 44 39502.10000 10.17900000 1535.74000 169.76000 25.25500 123.69900
13 2 21 04 44 39502.30000 10.17900000 1535.73000 169.76000 25.25500 123.50000
13 2 21 04 45 39513.90000 10.17900000 1535.83000 169.75000 25.25500 123.75600
13 2 21 04 45 39523.20000 10.17900000 1535.83000 169.91000 25.25500 123.75600
13 2 21 04 46 39522.60000 10.17900000 1535.56000 169.91000 25.25500 123.79500
13 2 21 04 46 39533.50000 10.17900000 1535.56000 169.91000 25.25500 123.79500
13 2 21 04 46 39521.80000 10.17900000 1535.57000 170.31000 25.25500 123.79500
13 2 21 04 47 39517.60000 10.20000000 1535.59000 170.42000 25.25500 123.79500
13 2 21 04 47 39516.30000 10.20000000 1535.59000 170.47000 25.25500 123.79500
13 2 21 04 48 39515.40000 10.20000000 1535.63000 170.47000 25.25500 123.79500
13 2 21 04 48 39517.50000 10.20000000 1535.62000 170.47000 25.25500 123.79500
13 2 21 04 49 39514.20000 10.20000000 1536.34000 170.45000 25.25500 123.79500
13 2 21 04 49 39517.00000 10.20000000 1535.72000 170.64000 25.25500 124.22300
13 2 21 04 49 39532.40000 10.23100000 1536.48000 170.70000 25.25500 124.22300
13 2 21 04 50 39532.50000 10.23100000 1535.63000 170.70000 25.25500 124.22300
13 2 21 04 50 39524.60000 10.23100000 1535.63000 170.70000 25.25500 124.22300
13 2 21 04 51 39539.20000 10.23100000 1536.54000 170.88000 25.25500 124.22300
13 2 21 04 51 39539.20000 10.25500000 1536.60000 171.18000 25.38000 124.22300
13 2 21 04 52 39562.10000 10.25500000 1537.35000 171.40000 25.38000 124.22300
13 2 21 04 52 39573.20000 10.25500000 1537.98000 171.60000 25.38000 124.22300
13 2 21 04 52 39581.50000 10.25500000 1537.98000 171.43000 25.38000 124.22300
13 2 21 04 53 39582.90000 10.25500000 1537.88000 171.66000 25.38000 124.36300
13 2 21 04 53 39574.20000 10.25500000 1537.88000 171.36000 25.30700 124.36300
13 2 21 04 54 39574.10000 10.25500000 1537.21000 171.40000 25.30700 124.38800
13 2 21 04 54 39585.30000 10.25500000 1537.54000 171.43000 25.30700 124.38800
13 2 21 04 55 39582.90000 10.25500000 1537.54000 171.50000 25.30700 124.22300
13 2 21 04 55 39595.80000 10.25500000 1537.54000 171.48000 25.30700 124.22300
13 2 21 04 55 39573.20000 10.25500000 1535.56000 171.26000 25.30700 124.00200
13 2 21 04 56 39551.20000 10.25500000 1535.42000 171.13000 25.30700 124.18600
13 2 21 04 56 39553.60000 10.25500000 1534.72000 170.94000 25.30700 124.18600
13 2 21 04 57 39559.50000 10.25500000 1533.81000 171.15000 25.30700 124.14600
13 2 21 04 57 39582.10000 10.25500000 1533.81000 171.48000 25.30700 124.14600
13 2 21 04 58 39584.40000 10.25500000 1536.28000 171.60000 25.30700 124.41400
13 2 21 04 58 39576.40000 10.25500000 1536.28000 171.84000 25.30700 124.80500
13 2 21 04 58 39571.60000 10.25500000 1536.27000 171.62000 25.30700 124.80500
13 2 21 04 59 39584.70000 10.25500000 1536.22000 171.89000 25.30700 124.80500
13 2 21 04 59 39599.80000 10.25500000 1536.58000 172.55000 25.30700 124.84400
13 2 21 05 00 39600.00000 10.25500000 1536.58000 172.58000 25.30700 124.84400
13 2 21 05 00 39600.00000 10.25500000 1535.62000 172.03000 25.30700 124.84400
13 2 21 05 01 39596.50000 10.25500000 1535.62000 172.28000 25.30700 124.84400
13 2 21 05 01 39595.90000 10.25500000 1535.58000 172.34000 25.30800 124.84400
13 2 21 05 01 39590.00000 10.25400000 1535.39000 172.48000 25.30800 124.84400
13 2 21 05 02 39541.00000 10.25400000 1534.99000 172.27000 25.30800 124.84400
13 2 21 05 02 39549.30000 10.25600000 1535.94000 171.90000 25.30800 124.84400
13 2 21 05 03 39549.10000 10.25600000 1535.87000 171.57000 25.30800 124.84400
13 2 21 05 03 39542.40000 10.27100000 1534.06000 171.38000 25.30800 124.84400
13 2 21 05 04 39534.30000 10.27100000 1533.00000 171.56000 25.30800 124.84400
13 2 21 05 04 39543.00000 10.27100000 1531.79000 171.56000 25.30800 124.84400
13 2 21 05 04 39541.70000 10.28000000 1531.42000 171.56000 25.30800 124.84400
13 2 21 05 05 39539.70000 10.29000000 1531.63000 171.46000 25.13200 124.84400
13 2 21 05 05 39557.40000 10.30000000 1532.51000 171.46000 25.13200 124.84400
