M=[
 8 1 21 07 37 31728.10000 5.67300000 976.91000 132.89000 15.04500 53.90800
 8 1 21 07 38 31723.10000 5.67300000 975.97000 132.89000 15.04600 53.90800
 8 1 21 07 38 31723.00000 5.67300000 976.11000 132.87000 15.04600 53.90800
 8 1 21 07 39 31682.10000 5.67300000 975.00000 132.87000 15.04600 53.74100
 8 1 21 07 39 31705.90000 5.68600000 974.30000 132.96000 15.04600 53.66700
 8 1 21 07 40 31689.30000 5.68600000 975.22000 132.96000 15.02300 53.66700
 8 1 21 07 40 31728.10000 5.68600000 976.82000 133.16000 15.02300 53.76100
 8 1 21 07 40 31728.10000 5.68600000 975.60000 133.00000 15.02300 53.93700
 8 1 21 07 41 31745.00000 5.68600000 975.97000 133.18000 15.02300 53.93700
 8 1 21 07 41 31750.00000 5.66900000 976.86000 133.27000 15.02300 53.93700
 8 1 21 07 42 31742.30000 5.66900000 977.54000 133.48000 15.02300 53.91300
 8 1 21 07 42 31728.20000 5.66900000 977.93000 133.57000 15.09900 53.96300
 8 1 21 07 43 31733.40000 5.66900000 978.40000 133.82000 15.09900 54.08000
 8 1 21 07 43 31731.90000 5.66900000 982.13000 133.92000 15.13800 54.12100
 8 1 21 07 43 31750.00000 5.66900000 982.23000 133.91000 15.16700 54.12100
 8 1 21 07 44 31750.40000 5.68100000 984.37000 133.86000 15.16700 54.33400
 8 1 21 07 44 31725.20000 5.68100000 981.73000 133.81000 15.16700 54.13300
 8 1 21 07 45 31726.90000 5.68100000 982.89000 133.75000 15.16700 54.12800
 8 1 21 07 45 31759.60000 5.68100000 986.00000 133.99000 15.11500 54.13300
 8 1 21 07 46 31848.30000 5.70400000 986.79000 133.99000 15.11500 54.35000
 8 1 21 07 46 31868.80000 5.69400000 986.97000 134.00000 15.19800 54.35000
 8 1 21 07 46 31888.00000 5.69400000 987.82000 134.28000 15.19800 54.58400
 8 1 21 07 47 31906.00000 5.69400000 987.84000 134.57000 15.19800 54.58400
 8 1 21 07 47 31890.10000 5.69400000 986.23000 134.73000 15.19800 54.58400
 8 1 21 07 48 31879.80000 5.69400000 985.14000 134.53000 15.19800 54.41300
 8 1 21 07 48 31881.60000 5.69400000 985.37000 135.15000 15.19800 54.43000
 8 1 21 07 49 31865.00000 5.72900000 985.01000 134.75000 15.19800 54.43000
 8 1 21 07 49 31876.80000 5.72900000 987.16000 134.68000 15.19800 54.38900
 8 1 21 07 49 31885.90000 5.72900000 988.00000 134.97000 15.19800 54.38900
 8 1 21 07 50 31885.90000 5.72900000 988.61000 134.62000 15.19800 54.34900
 8 1 21 07 50 31886.00000 5.72900000 988.58000 134.78000 15.19800 54.34900
 8 1 21 07 51 31885.90000 5.73400000 987.97000 134.45000 15.19800 54.11100
 8 1 21 07 51 31858.40000 5.73400000 988.53000 134.53000 15.19800 54.11100
 8 1 21 07 51 31872.20000 5.73400000 988.98000 134.53000 15.19800 54.11100
 8 1 21 07 52 31862.30000 5.72900000 987.56000 134.31000 15.28000 54.12400
 8 1 21 07 52 31832.60000 5.70900000 985.97000 134.31000 15.24100 54.12400
 8 1 21 07 53 31813.60000 5.69700000 985.87000 134.33000 15.24100 54.12400
 8 1 21 07 53 31813.70000 5.69700000 985.20000 134.00000 15.27100 54.12400
 8 1 21 07 54 31785.00000 5.69700000 985.00000 133.86000 15.27100 53.85000
 8 1 21 07 54 31800.00000 5.69700000 984.63000 134.00000 15.27100 53.91200
 8 1 21 07 54 31768.00000 5.69700000 984.01000 134.00000 15.30000 53.91200
 8 1 21 07 55 31738.10000 5.69700000 983.00000 133.71000 15.30000 53.91200
 8 1 21 07 55 31739.70000 5.69700000 983.00000 133.58000 15.31100 53.91200
 8 1 21 07 56 31708.20000 5.69700000 979.15000 133.50000 15.31100 53.69900
 8 1 21 07 56 31690.90000 5.69700000 980.50000 133.15000 15.31100 53.69900
 8 1 21 07 57 31704.90000 5.69700000 981.29000 133.40000 15.31100 53.66400
 8 1 21 07 57 31747.80000 5.69700000 982.02000 133.56000 15.31100 53.65400
 8 1 21 07 57 31750.00000 5.69700000 983.00000 133.60000 15.32000 53.65400
 8 1 21 07 58 31750.00000 5.69700000 984.21000 133.60000 15.32000 53.65400
 8 1 21 07 58 31750.10000 5.69700000 983.58000 133.42000 15.32000 53.65400
 8 1 21 07 59 31786.00000 5.69700000 985.84000 133.74000 15.32000 53.65400
 8 1 21 07 59 31799.90000 5.69700000 986.51000 133.84000 15.32000 53.65400
 8 1 21 08 00 31823.60000 5.69700000 987.79000 133.97000 15.32000 54.14000
 8 1 21 08 00 31856.00000 5.69700000 988.19000 133.96000 15.32000 54.13800
 8 1 21 08 00 31851.10000 5.69700000 988.41000 133.96000 15.32000 54.13800
 8 1 21 08 01 31850.20000 5.69700000 987.42000 133.97000 15.31100 54.13800
 8 1 21 08 01 31850.10000 5.69700000 985.99000 133.85000 15.31100 54.13800
 8 1 21 08 02 31840.10000 5.69700000 985.48000 133.85000 15.31100 54.07000
 8 1 21 08 02 31800.10000 5.69700000 984.76000 133.43000 15.31100 54.07000
 8 1 21 08 03 31725.00000 5.70200000 982.99000 133.57000 15.31100 53.75700
 8 1 21 08 03 31646.60000 5.70200000 977.47000 132.67000 15.25100 53.72600
 8 1 21 08 03 31646.50000 5.70200000 978.48000 132.67000 15.25100 53.64000
 8 1 21 08 04 31644.00000 5.70200000 975.01000 133.00000 15.22000 53.60400
 8 1 21 08 04 31646.50000 5.71200000 976.23000 132.87000 15.31800 53.50600
 8 1 21 08 05 31650.00000 5.71500000 977.10000 133.00000 15.26600 53.50600
 8 1 21 08 05 31674.10000 5.71500000 975.77000 132.68000 15.26600 53.50600
 8 1 21 08 06 31724.40000 5.71500000 980.00000 133.25000 15.26600 53.68900
 8 1 21 08 06 31766.40000 5.69300000 981.55000 133.25000 15.21000 53.69700
 8 1 21 08 06 31747.90000 5.72300000 980.63000 133.22000 15.19300 53.71300
 8 1 21 08 07 31703.40000 5.72300000 979.56000 133.22000 15.19000 53.71300
 8 1 21 08 07 31736.80000 5.72300000 980.14000 133.22000 15.19000 53.71300
 8 1 21 08 08 31722.50000 5.70000000 980.47000 133.22000 15.19000 53.71300
 8 1 21 08 08 31678.80000 5.70000000 977.55000 133.18000 15.19000 53.71300
 8 1 21 08 09 31695.40000 5.70000000 979.78000 133.24000 15.19000 53.68300
 8 1 21 08 09 31662.70000 5.70000000 978.03000 133.24000 15.19000 53.69100
 8 1 21 08 09 31628.40000 5.70000000 976.01000 133.24000 15.20000 53.69100
 8 1 21 08 10 31679.00000 5.69900000 977.96000 133.26000 15.20000 53.69100
 8 1 21 08 10 31683.70000 5.69900000 978.00000 133.35000 15.20000 53.69100
 8 1 21 08 11 31668.40000 5.69900000 977.44000 133.35000 15.20000 53.69100
 8 1 21 08 11 31699.60000 5.69900000 977.79000 133.31000 15.20000 53.69100
 8 1 21 08 12 31663.90000 5.69900000 977.37000 133.30000 15.20000 53.69100
 8 1 21 08 12 31692.80000 5.72300000 979.30000 133.30000 15.19000 53.67800
 8 1 21 08 12 31690.50000 5.72300000 978.95000 133.30000 15.19000 53.67800
 8 1 21 08 13 31724.90000 5.72300000 979.63000 133.50000 15.22000 53.67800
 8 1 21 08 13 31731.00000 5.72300000 979.18000 133.37000 15.22000 53.69400
 8 1 21 08 14 31715.20000 5.72300000 977.62000 133.30000 15.22000 53.80100
 8 1 21 08 14 31720.00000 5.72300000 978.92000 133.30000 15.22000 53.80100
 8 1 21 08 15 31704.10000 5.72300000 977.67000 132.73000 15.22000 53.80100
 8 1 21 08 15 31719.90000 5.70200000 979.33000 132.73000 15.22000 53.66300
 8 1 21 08 15 31700.00000 5.70200000 978.92000 132.73000 15.22000 53.66300
 8 1 21 08 16 31713.20000 5.70200000 980.08000 133.24000 15.22000 53.66300
 8 1 21 08 16 31731.30000 5.70200000 981.75000 133.24000 15.22000 53.66300
 8 1 21 08 17 31766.10000 5.70200000 983.66000 133.67000 15.22000 53.66300
 8 1 21 08 17 31801.00000 5.70200000 985.46000 133.94000 15.22000 53.93300
 8 1 21 08 18 31850.00000 5.71600000 985.52000 134.00000 15.22000 53.93300
 8 1 21 08 18 31860.00000 5.71600000 986.74000 134.31000 15.22000 53.94500
 8 1 21 08 18 31838.90000 5.71600000 984.75000 134.37000 15.22000 53.95400
 8 1 21 08 19 31831.10000 5.71600000 985.00000 134.36000 15.22000 53.95400
 8 1 21 08 19 31828.30000 5.71600000 984.31000 134.24000 15.22000 53.95400
 8 1 21 08 20 31833.50000 5.71600000 984.50000 134.17000 15.22000 53.95400
 8 1 21 08 20 31819.50000 5.75500000 984.12000 134.21000 15.22000 53.95400
 8 1 21 08 21 31790.10000 5.75500000 982.71000 134.00000 15.19000 53.95400
 8 1 21 08 21 31790.20000 5.75500000 982.46000 134.00000 15.19000 53.79500
 8 1 21 08 21 31755.60000 5.75500000 980.99000 133.68000 15.15100 53.79500
 8 1 21 08 22 31727.30000 5.75500000 980.39000 133.68000 15.15100 53.79500
 8 1 21 08 22 31749.70000 5.75500000 980.79000 133.53000 15.15000 53.79500
