M=[
19 2 21 03 02 42498.10000 12.07900000 1588.07000 186.68000 31.34000 138.03400
19 2 21 03 03 42512.20000 12.07900000 1588.07000 186.68000 31.34000 138.03400
19 2 21 03 03 42515.10000 12.07900000 1589.23000 186.94000 31.34000 138.03400
19 2 21 03 04 42515.10000 12.07900000 1589.23000 186.94000 31.34000 138.03400
19 2 21 03 04 42600.00000 12.07900000 1589.63000 186.94000 31.34000 138.03400
19 2 21 03 04 42602.80000 12.07900000 1590.32000 187.28000 31.34000 138.76100
19 2 21 03 05 42630.10000 12.10800000 1590.80000 187.50000 31.34000 138.87000
19 2 21 03 05 42636.10000 12.11100000 1590.70000 187.25000 31.34000 138.87000
19 2 21 03 06 42605.00000 12.11100000 1590.54000 187.06000 31.34000 138.87000
19 2 21 03 06 42580.90000 12.11100000 1590.22000 187.41000 31.34000 138.87000
19 2 21 03 07 42580.90000 12.11100000 1591.18000 187.18000 31.34000 138.87000
19 2 21 03 07 42606.10000 12.11100000 1591.85000 187.18000 31.34000 138.87000
19 2 21 03 07 42606.10000 12.11100000 1592.00000 187.23000 31.34000 138.87000
19 2 21 03 08 42606.10000 12.11100000 1591.80000 187.23000 31.34000 138.87000
19 2 21 03 08 42606.10000 12.11100000 1591.50000 187.30000 31.34000 138.87000
19 2 21 03 09 42580.80000 12.11100000 1591.85000 187.30000 31.34000 138.87000
19 2 21 03 09 42582.20000 12.16500000 1591.85000 187.30000 31.34000 139.00200
19 2 21 03 10 42590.50000 12.16500000 1591.99000 187.30000 31.34000 139.00200
19 2 21 03 10 42594.50000 12.16500000 1591.91000 187.30000 31.34000 138.83400
19 2 21 03 10 42593.40000 12.16500000 1591.31000 187.30000 31.34000 138.83400
19 2 21 03 11 42596.00000 12.16500000 1591.31000 186.97000 31.34000 138.83400
19 2 21 03 11 42580.00000 12.10800000 1590.19000 186.97000 31.34000 138.83400
19 2 21 03 12 42561.90000 12.10800000 1589.26000 186.97000 31.34000 138.83400
19 2 21 03 12 42557.00000 12.10800000 1589.76000 186.97000 31.34000 138.83400
19 2 21 03 13 42585.40000 12.10800000 1590.59000 186.97000 31.34000 138.83400
19 2 21 03 13 42590.00000 12.10800000 1590.39000 186.97000 31.34000 138.83400
19 2 21 03 13 42593.90000 12.10800000 1590.39000 187.37000 31.34000 138.83400
19 2 21 03 14 42557.60000 12.13300000 1588.82000 187.10000 31.34000 138.83400
19 2 21 03 14 42528.90000 12.13300000 1588.80000 187.10000 31.34000 138.83400
19 2 21 03 15 42515.20000 12.13300000 1588.80000 187.00000 31.34000 138.83400
19 2 21 03 15 42538.00000 12.13300000 1589.90000 187.00000 31.34000 138.83400
19 2 21 03 16 42559.90000 12.13300000 1589.90000 187.42000 31.34000 138.83400
19 2 21 03 16 42529.20000 12.13300000 1589.90000 187.35000 31.34000 138.83400
19 2 21 03 16 42515.20000 12.13300000 1589.05000 187.16000 31.34000 138.83400
19 2 21 03 17 42515.20000 12.13300000 1589.05000 187.16000 31.34000 138.83400
19 2 21 03 17 42529.50000 12.10300000 1589.05000 187.16000 31.34000 138.84800
19 2 21 03 18 42515.10000 12.10300000 1589.39000 187.16000 31.34000 138.84800
19 2 21 03 18 42515.20000 12.10300000 1590.63000 187.16000 31.34000 138.84800
19 2 21 03 19 42531.50000 12.10700000 1591.09000 187.16000 31.34000 138.84800
19 2 21 03 19 42531.50000 12.10700000 1589.98000 187.16000 31.34000 138.84800
19 2 21 03 19 42531.50000 12.10700000 1589.98000 187.22000 31.34000 138.84800
19 2 21 03 20 42527.40000 12.10700000 1589.86000 187.22000 31.34000 138.84800
19 2 21 03 20 42507.10000 12.10700000 1590.30000 187.22000 31.34000 138.84800
19 2 21 03 21 42509.80000 12.10700000 1590.59000 187.22000 31.34000 138.84800
19 2 21 03 21 42509.80000 12.10700000 1590.36000 187.67000 31.34000 138.84800
19 2 21 03 22 42529.50000 12.10700000 1590.36000 187.72000 31.34000 138.81700
19 2 21 03 22 42529.40000 12.10700000 1590.53000 187.76000 31.34000 138.81700
19 2 21 03 22 42529.10000 12.15200000 1590.40000 187.76000 31.34000 138.81700
19 2 21 03 23 42529.00000 12.15200000 1589.86000 187.76000 31.34000 138.81700
19 2 21 03 23 42525.20000 12.15800000 1591.27000 187.76000 31.34000 138.81700
19 2 21 03 24 42516.20000 12.15800000 1591.16000 187.76000 31.34000 138.81700
19 2 21 03 24 42527.30000 12.15800000 1590.02000 187.76000 31.34000 138.81700
19 2 21 03 25 42527.20000 12.15800000 1590.02000 187.58000 31.34000 138.81700
19 2 21 03 25 42527.20000 12.15800000 1588.00000 187.15000 31.34000 138.67800
19 2 21 03 25 42509.70000 12.15800000 1588.01000 187.15000 31.34000 138.67800
19 2 21 03 26 42500.40000 12.15800000 1588.01000 187.15000 31.34000 138.67800
19 2 21 03 26 42519.10000 12.15800000 1588.00000 187.15000 31.34000 138.67800
19 2 21 03 27 42516.90000 12.15800000 1588.00000 187.15000 31.34000 138.67800
19 2 21 03 27 42511.20000 12.15800000 1588.57000 187.15000 31.34000 138.67800
19 2 21 03 28 42511.20000 12.15800000 1588.35000 187.51000 31.34000 138.67800
19 2 21 03 28 42485.00000 12.15800000 1585.50000 187.51000 31.34000 138.67800
19 2 21 03 28 42472.70000 12.15800000 1585.62000 187.29000 31.34000 138.67800
19 2 21 03 29 42472.60000 12.15800000 1584.65000 187.26000 31.34000 138.16600
19 2 21 03 29 42472.70000 12.15800000 1584.65000 187.26000 31.34000 138.16600
19 2 21 03 30 42482.00000 12.15800000 1586.32000 187.43000 31.34000 138.16600
19 2 21 03 30 42494.90000 12.15800000 1586.41000 187.51000 31.34000 138.16600
19 2 21 03 31 42511.90000 12.15800000 1587.54000 187.51000 31.34000 138.16600
19 2 21 03 31 42527.20000 12.15800000 1587.82000 187.57000 31.34000 138.16600
19 2 21 03 31 42580.60000 12.15800000 1587.82000 187.57000 31.34000 138.16600
19 2 21 03 32 42581.90000 12.15800000 1587.90000 187.96000 31.34000 138.83300
19 2 21 03 32 42599.90000 12.15800000 1590.50000 187.96000 31.34000 138.83300
19 2 21 03 33 42600.00000 12.15800000 1591.48000 187.96000 31.34000 138.83300
19 2 21 03 33 42600.00000 12.15800000 1592.78000 188.24000 31.34000 138.83300
19 2 21 03 34 42617.20000 12.21700000 1593.93000 188.58000 31.34000 138.83300
19 2 21 03 34 42606.10000 12.21700000 1593.00000 188.05000 31.34000 138.83300
19 2 21 03 34 42612.90000 12.21400000 1593.01000 188.16000 31.34000 138.83300
19 2 21 03 35 42610.20000 12.21400000 1592.50000 188.10000 31.34000 138.83300
19 2 21 03 35 42617.20000 12.20900000 1593.58000 188.10000 31.34000 138.83300
19 2 21 03 36 42617.20000 12.20900000 1593.97000 188.33000 31.34000 138.83300
19 2 21 03 36 42617.20000 12.23000000 1593.98000 188.32000 31.34000 138.83300
19 2 21 03 37 42617.20000 12.23000000 1593.98000 188.30000 31.34000 138.83300
19 2 21 03 37 42617.20000 12.23000000 1593.34000 188.30000 31.34000 139.76200
19 2 21 03 37 42569.40000 12.23000000 1592.15000 188.12000 31.34000 139.76200
19 2 21 03 38 42554.70000 12.23000000 1590.73000 188.12000 31.34000 139.76200
19 2 21 03 38 42555.60000 12.23000000 1591.10000 188.22000 31.34000 139.76200
19 2 21 03 39 42555.70000 12.23000000 1591.11000 188.09000 31.34000 139.76200
19 2 21 03 39 42537.30000 12.23000000 1591.11000 188.09000 31.34000 139.76200
19 2 21 03 40 42527.30000 12.20900000 1590.25000 188.09000 31.34000 139.76200
19 2 21 03 40 42559.00000 12.20900000 1590.25000 188.09000 31.34000 139.76200
19 2 21 03 40 42563.10000 12.20900000 1591.57000 188.09000 31.34000 139.76200
19 2 21 03 41 42563.10000 12.20900000 1591.57000 188.09000 31.34000 139.76200
19 2 21 03 41 42563.10000 12.20900000 1592.35000 188.09000 31.34000 139.76200
19 2 21 03 42 42607.80000 12.20900000 1592.49000 188.09000 31.34000 139.76200
19 2 21 03 42 42617.00000 12.21800000 1592.43000 188.09000 31.34000 139.76200
19 2 21 03 43 42617.00000 12.21800000 1592.83000 188.09000 31.34000 140.24000
19 2 21 03 43 42617.10000 12.21800000 1591.03000 188.09000 31.34000 140.24000
19 2 21 03 43 42617.10000 12.21800000 1591.03000 187.99000 31.34000 140.24000
19 2 21 03 44 42588.00000 12.21800000 1591.21000 187.77000 31.34000 139.98000
19 2 21 03 44 42579.40000 12.21800000 1591.10000 187.77000 31.34000 139.98000
19 2 21 03 45 42553.80000 12.21800000 1589.16000 187.61000 31.34000 139.98000
19 2 21 03 45 42553.20000 12.21800000 1587.62000 187.61000 31.34000 139.98000
19 2 21 03 46 42553.20000 12.21800000 1587.62000 187.79000 31.34000 139.98000
