M=[
15 7 20 23 55 8064.50000 5.45000000 209.16000 38.00000 17.01000 53.66900
15 7 20 23 55 8064.50000 5.45000000 209.15000 38.00000 17.01000 53.66900
15 7 20 23 56 8064.50000 5.45000000 209.15000 38.00000 17.01000 53.66900
15 7 20 23 56 8059.90000 5.45000000 209.16000 37.98000 17.01000 53.66900
15 7 20 23 56 8060.60000 5.45000000 209.15000 37.98000 17.01000 53.66900
15 7 20 23 57 8059.60000 5.45000000 209.07000 37.98000 17.01000 53.66900
15 7 20 23 57 8059.60000 5.45000000 209.01000 37.98000 16.99500 53.63100
15 7 20 23 58 8059.60000 5.45000000 209.01000 37.98000 16.99500 53.63100
15 7 20 23 58 8059.60000 5.45000000 209.00000 37.98000 16.99500 53.63100
15 7 20 23 59 8059.50000 5.45000000 209.00000 37.98000 16.99500 53.63100
15 7 20 23 59 8059.60000 5.45000000 209.00000 37.98000 16.99500 53.63100
16 7 20 00 00 8059.10000 5.45000000 209.01000 37.99000 16.98100 53.63100
16 7 20 00 00 8060.80000 5.45000000 209.06000 37.94000 16.98100 53.55400
16 7 20 00 01 8059.70000 5.45000000 209.01000 37.94000 16.98100 53.55400
16 7 20 00 01 8059.70000 5.45000000 209.07000 37.94000 16.98100 53.55400
16 7 20 00 02 8062.20000 5.46000000 209.07000 37.94000 16.98100 53.55400
16 7 20 00 02 8062.70000 5.46000000 209.07000 37.94000 16.98100 53.55400
16 7 20 00 02 8059.90000 5.46000000 209.08000 37.94000 16.98100 53.55400
16 7 20 00 03 8059.60000 5.46000000 209.08000 37.94000 16.98100 53.64000
16 7 20 00 03 8059.70000 5.46000000 209.08000 37.93000 16.98100 53.64000
16 7 20 00 04 8059.70000 5.46000000 209.01000 37.93000 16.98100 53.64000
16 7 20 00 04 8057.10000 5.46000000 208.83000 37.93000 16.98100 53.54000
16 7 20 00 05 8057.10000 5.46000000 208.79000 37.93000 16.98100 53.54000
16 7 20 00 05 8059.20000 5.46000000 208.79000 37.93000 16.98100 53.54000
16 7 20 00 06 8059.20000 5.46000000 208.80000 37.93000 16.98100 53.54000
16 7 20 00 06 8058.00000 5.46000000 208.77000 37.93000 16.98100 53.54000
16 7 20 00 07 8058.70000 5.46000000 208.77000 37.93000 16.98100 53.54000
16 7 20 00 07 8058.60000 5.46000000 208.76000 37.88000 16.98100 53.54000
16 7 20 00 08 8058.30000 5.46000000 208.78000 37.88000 16.98100 53.54000
16 7 20 00 08 8055.10000 5.44500000 208.75000 37.88000 16.98100 53.54000
16 7 20 00 08 8055.20000 5.44500000 208.75000 37.88000 16.98100 53.40000
16 7 20 00 09 8055.10000 5.44500000 208.75000 37.88000 16.98100 53.40000
16 7 20 00 09 8055.00000 5.44500000 208.74000 37.88000 16.98100 53.39700
16 7 20 00 10 8055.10000 5.44500000 208.74000 37.87000 16.98100 53.39700
16 7 20 00 10 8055.00000 5.44500000 208.74000 37.87000 16.98100 53.39700
16 7 20 00 11 8055.00000 5.44500000 208.74000 37.87000 16.98100 53.39700
16 7 20 00 11 8055.00000 5.44500000 208.71000 37.83000 16.98100 53.29700
16 7 20 00 12 8055.10000 5.44500000 208.71000 37.83000 16.98100 53.29700
16 7 20 00 12 8055.10000 5.44500000 208.71000 37.83000 16.98100 53.11000
16 7 20 00 13 8055.50000 5.44500000 208.71000 37.83000 16.98100 53.11000
16 7 20 00 13 8055.50000 5.44500000 208.71000 37.83000 16.98100 53.34000
16 7 20 00 13 8055.10000 5.44500000 208.70000 37.83000 16.98100 53.28900
16 7 20 00 14 8055.40000 5.44500000 208.71000 37.83000 16.98100 53.28800
16 7 20 00 14 8055.20000 5.44500000 208.71000 37.83000 17.08800 53.28800
16 7 20 00 15 8055.10000 5.44500000 208.78000 37.83000 17.08800 53.28800
16 7 20 00 15 8055.00000 5.44500000 208.71000 37.83000 17.08800 53.26600
16 7 20 00 16 8055.10000 5.44500000 208.71000 37.83000 17.08800 53.26600
16 7 20 00 16 8055.00000 5.44500000 208.71000 37.83000 17.08800 53.26600
16 7 20 00 17 8055.10000 5.44500000 208.71000 37.83000 17.08800 53.27800
16 7 20 00 17 8055.20000 5.44500000 208.71000 37.83000 17.08800 53.27800
16 7 20 00 18 8055.10000 5.44500000 208.71000 37.83000 17.08800 53.27800
16 7 20 00 18 8055.10000 5.44500000 208.71000 37.83000 17.08800 53.27800
16 7 20 00 18 8055.10000 5.44500000 208.70000 37.83000 17.08800 53.27800
16 7 20 00 19 8055.20000 5.44500000 208.70000 37.83000 17.08800 53.27800
16 7 20 00 19 8055.20000 5.44500000 208.70000 37.83000 17.08800 53.27800
16 7 20 00 20 8055.00000 5.44500000 208.66000 37.83000 17.08800 53.27800
16 7 20 00 20 8055.00000 5.44500000 208.66000 37.83000 17.08800 53.27800
16 7 20 00 21 8053.30000 5.44500000 208.52000 37.75000 17.08800 53.27800
16 7 20 00 21 8052.80000 5.44500000 208.51000 37.75000 17.08800 53.27800
16 7 20 00 22 8051.80000 5.44500000 208.51000 37.75000 17.08800 53.27800
16 7 20 00 22 8050.00000 5.44500000 208.51000 37.75000 17.08800 53.27800
16 7 20 00 23 8050.00000 5.44500000 208.51000 37.75000 17.08800 53.27800
16 7 20 00 23 8050.00000 5.44500000 208.38000 37.75000 17.08800 53.27800
16 7 20 00 24 8050.00000 5.44500000 208.43000 37.75000 17.08800 53.27800
16 7 20 00 24 8050.10000 5.44500000 208.39000 37.75000 17.08800 53.27800
16 7 20 00 25 8050.00000 5.44500000 208.38000 37.80000 17.08800 53.27800
16 7 20 00 25 8050.10000 5.44500000 208.38000 37.80000 17.08800 53.27800
16 7 20 00 26 8050.00000 5.44500000 208.38000 37.80000 17.08800 53.27800
16 7 20 00 26 8050.10000 5.44500000 208.48000 37.80000 17.08800 53.27800
16 7 20 00 26 8050.10000 5.44500000 208.48000 37.80000 17.08800 53.27800
16 7 20 00 27 8051.50000 5.44500000 208.48000 37.89000 17.08800 53.27800
16 7 20 00 27 8051.50000 5.44500000 208.63000 37.89000 17.11900 53.27800
16 7 20 00 28 8050.00000 5.44500000 208.63000 37.89000 17.11900 53.27800
16 7 20 00 28 8050.60000 5.44500000 208.63000 37.89000 17.11900 53.27800
16 7 20 00 29 8050.60000 5.44500000 208.63000 37.89000 17.11900 53.27800
16 7 20 00 29 8051.20000 5.44500000 208.63000 37.89000 17.11900 53.27800
16 7 20 00 30 8050.50000 5.44500000 208.64000 37.89000 17.12900 53.27800
16 7 20 00 30 8050.50000 5.44500000 208.66000 37.89000 17.12900 53.27800
16 7 20 00 31 8051.50000 5.44500000 208.66000 37.89000 17.12900 53.27800
16 7 20 00 31 8054.90000 5.44500000 208.78000 37.89000 17.12900 53.27800
16 7 20 00 31 8057.60000 5.44500000 208.78000 37.89000 17.12900 53.27800
16 7 20 00 32 8055.00000 5.44500000 208.88000 37.89000 17.12900 53.43300
16 7 20 00 32 8057.00000 5.44500000 208.88000 37.89000 17.12900 53.43300
16 7 20 00 33 8057.60000 5.44500000 208.90000 37.89000 17.12900 53.43300
16 7 20 00 33 8057.60000 5.44500000 208.90000 37.89000 17.12900 53.43300
16 7 20 00 34 8057.60000 5.44500000 208.92000 37.89000 17.12900 53.43300
16 7 20 00 34 8057.60000 5.44500000 208.94000 37.89000 17.12900 53.43300
16 7 20 00 35 8057.50000 5.44500000 208.94000 37.89000 17.12900 53.43300
16 7 20 00 35 8057.50000 5.44500000 208.94000 37.89000 17.12900 53.43300
16 7 20 00 36 8057.50000 5.44500000 208.94000 37.89000 17.12900 53.43300
16 7 20 00 36 8057.40000 5.44500000 208.99000 37.89000 17.12900 53.43300
16 7 20 00 36 8057.60000 5.44500000 208.99000 37.89000 17.12900 53.43300
16 7 20 00 37 8064.10000 5.44500000 208.99000 37.89000 17.23800 53.43300
16 7 20 00 37 8064.50000 5.44500000 209.00000 37.89000 17.23800 53.43300
16 7 20 00 38 8063.50000 5.44500000 209.00000 37.89000 17.23800 53.43300
16 7 20 00 38 8063.70000 5.44500000 209.00000 37.89000 17.23800 53.43300
16 7 20 00 39 8063.60000 5.44500000 209.00000 37.94000 17.23800 53.43300
16 7 20 00 39 8063.50000 5.44500000 209.00000 37.94000 17.23800 53.43300
16 7 20 00 40 8064.50000 5.44500000 209.00000 37.94000 17.23800 53.43300
16 7 20 00 40 8065.20000 5.44500000 209.00000 37.94000 17.23800 53.43300
16 7 20 00 41 8065.60000 5.44500000 208.99000 38.01000 17.23800 53.43300
16 7 20 00 41 8065.60000 5.44500000 209.00000 38.01000 17.23800 53.43300
16 7 20 00 42 8065.60000 5.44500000 209.00000 38.01000 17.25600 53.43300
16 7 20 00 42 8064.20000 5.44500000 209.00000 38.01000 17.25600 53.43300
16 7 20 00 43 8064.00000 5.44500000 209.00000 38.01000 17.25600 53.43300
16 7 20 00 43 8064.10000 5.44500000 208.99000 38.01000 17.25600 53.43300
16 7 20 00 43 8064.10000 5.44500000 208.99000 38.01000 17.25600 53.43300
16 7 20 00 44 8065.20000 5.44500000 208.99000 38.01000 17.25600 53.43300
16 7 20 00 44 8065.50000 5.44500000 209.00000 38.01000 17.25600 53.43300
