M=[
26 10 20 06 28 11065.00000 4.83800000 342.82000 48.94000 11.26800 53.16300
26 10 20 06 28 11064.80000 4.83800000 342.98000 48.94000 11.26800 53.16300
26 10 20 06 29 11064.80000 4.83800000 342.81000 48.91000 11.26800 53.16300
26 10 20 06 29 11049.40000 4.83800000 342.80000 48.91000 11.26800 53.16300
26 10 20 06 30 11054.50000 4.83800000 342.80000 48.82000 11.27600 53.16300
26 10 20 06 30 11056.70000 4.83800000 342.80000 48.93000 11.27600 53.16300
26 10 20 06 31 11058.00000 4.83800000 342.68000 48.93000 11.27600 53.16300
26 10 20 06 31 11058.60000 4.83800000 342.68000 48.93000 11.27600 53.16300
26 10 20 06 31 11058.60000 4.83800000 342.68000 48.92000 11.27600 53.16300
26 10 20 06 32 11061.10000 4.83800000 342.86000 48.92000 11.27600 53.16300
26 10 20 06 32 11061.50000 4.83800000 342.86000 48.92000 11.27600 53.16300
26 10 20 06 33 11060.80000 4.83800000 342.86000 48.92000 11.27600 53.16300
26 10 20 06 33 11064.40000 4.83800000 342.86000 48.92000 11.27600 53.16300
26 10 20 06 34 11065.00000 4.83800000 342.86000 48.92000 11.27600 53.16300
26 10 20 06 34 11061.50000 4.83800000 342.86000 48.92000 11.27600 53.16300
26 10 20 06 34 11061.50000 4.83800000 343.14000 48.98000 11.27600 53.16300
26 10 20 06 35 11058.40000 4.83800000 343.14000 48.98000 11.27600 53.16300
26 10 20 06 35 11060.30000 4.83800000 343.11000 48.98000 11.27600 53.16300
26 10 20 06 36 11057.90000 4.83800000 343.11000 48.98000 11.27600 53.16300
26 10 20 06 36 11059.10000 4.83800000 343.11000 48.96000 11.27600 53.16300
26 10 20 06 37 11058.30000 4.83800000 343.11000 48.96000 11.27600 53.16300
26 10 20 06 37 11058.30000 4.83800000 343.20000 48.96000 11.27600 53.16300
26 10 20 06 37 11058.30000 4.83800000 343.20000 48.97000 11.27600 53.16300
26 10 20 06 38 11059.70000 4.86600000 343.20000 48.97000 11.27600 53.16300
26 10 20 06 38 11059.70000 4.86600000 343.14000 48.97000 11.27600 53.16300
26 10 20 06 39 11059.70000 4.86600000 343.14000 48.92000 11.27600 53.16300
26 10 20 06 39 11059.70000 4.86900000 343.14000 48.92000 11.27600 53.16300
26 10 20 06 40 11058.30000 4.86900000 343.14000 48.92000 11.27600 53.16300
26 10 20 06 40 11058.30000 4.86900000 343.14000 48.92000 11.27600 53.16300
26 10 20 06 40 11049.50000 4.86900000 342.88000 48.92000 11.27600 53.16300
26 10 20 06 41 11043.30000 4.86900000 342.88000 48.92000 11.27600 53.16300
26 10 20 06 41 11043.40000 4.86900000 342.88000 48.87000 11.27600 53.16300
26 10 20 06 42 11040.30000 4.86900000 342.45000 48.83000 11.27600 53.15200
26 10 20 06 42 11042.50000 4.86900000 342.84000 48.83000 11.27600 53.15200
26 10 20 06 43 11045.80000 4.86900000 342.75000 48.83000 11.27600 53.15200
26 10 20 06 43 11044.10000 4.86900000 342.67000 48.83000 11.27600 53.15200
26 10 20 06 43 11046.60000 4.86900000 342.67000 48.83000 11.27600 53.15200
26 10 20 06 44 11047.20000 4.86900000 342.80000 48.83000 11.27600 53.15200
26 10 20 06 44 11047.20000 4.86900000 342.80000 48.83000 11.27600 53.15200
26 10 20 06 45 11047.20000 4.86900000 342.76000 48.83000 11.27600 53.15200
26 10 20 06 45 11040.30000 4.86900000 342.76000 48.83000 11.27600 53.15200
26 10 20 06 46 11040.30000 4.86900000 342.74000 48.83000 11.27600 53.15200
26 10 20 06 46 11045.80000 4.86900000 342.74000 48.83000 11.27600 53.15200
26 10 20 06 46 11049.50000 4.86900000 343.08000 48.92000 11.27600 53.15200
26 10 20 06 47 11050.40000 4.86900000 343.16000 48.92000 11.27600 53.15200
26 10 20 06 47 11052.70000 4.86900000 343.16000 49.03000 11.27600 53.15200
26 10 20 06 48 11052.50000 4.86900000 343.16000 49.00000 11.27600 53.15200
26 10 20 06 48 11052.70000 4.86900000 343.16000 49.00000 11.27600 53.15200
26 10 20 06 49 11052.70000 4.86900000 343.16000 49.00000 11.32100 53.15200
26 10 20 06 49 11049.60000 4.86900000 343.20000 49.04000 11.32100 53.15200
26 10 20 06 49 11049.60000 4.86900000 343.20000 49.04000 11.32100 53.15200
26 10 20 06 50 11046.80000 4.86900000 343.20000 49.04000 11.32100 53.15200
26 10 20 06 50 11046.90000 4.86900000 343.09000 49.04000 11.32100 53.26900
26 10 20 06 51 11048.70000 4.86900000 343.11000 48.96000 11.30200 53.26900
26 10 20 06 51 11049.50000 4.86900000 343.11000 48.96000 11.30200 53.26900
26 10 20 06 51 11050.30000 4.86900000 343.11000 48.96000 11.30200 53.26900
26 10 20 06 52 11052.90000 4.86900000 343.11000 48.96000 11.30200 53.26900
26 10 20 06 52 11050.90000 4.86900000 343.33000 48.96000 11.30200 53.26900
26 10 20 06 53 11050.30000 4.86900000 343.33000 48.96000 11.30200 53.26900
26 10 20 06 53 11052.00000 4.86900000 343.60000 48.96000 11.30200 53.26900
26 10 20 06 54 11052.80000 4.86900000 343.59000 48.96000 11.30200 53.26900
26 10 20 06 54 11054.20000 4.86900000 343.54000 48.96000 11.30200 53.26900
26 10 20 06 54 11055.10000 4.86900000 343.54000 48.96000 11.30200 53.26900
26 10 20 06 55 11057.10000 4.86900000 343.54000 48.96000 11.30200 53.26900
26 10 20 06 55 11058.10000 4.86900000 343.69000 48.96000 11.30200 53.26900
26 10 20 06 56 11059.20000 4.86900000 343.69000 48.96000 11.30200 53.26900
26 10 20 06 56 11058.80000 4.86900000 343.69000 48.96000 11.30200 53.26900
26 10 20 06 57 11058.80000 4.86900000 343.69000 48.96000 11.30200 53.26900
26 10 20 06 57 11057.50000 4.86900000 343.69000 48.96000 11.30200 53.26900
26 10 20 06 57 11057.40000 4.86900000 343.69000 48.96000 11.30200 53.26900
26 10 20 06 58 11057.40000 4.86900000 343.69000 48.96000 11.30200 53.26900
26 10 20 06 58 11057.40000 4.86900000 343.69000 48.95000 11.30200 53.26900
26 10 20 06 59 11057.40000 4.86900000 343.69000 48.95000 11.30200 53.26900
26 10 20 06 59 11057.40000 4.86900000 343.37000 48.95000 11.30200 53.26900
26 10 20 07 00 11051.10000 4.86900000 343.37000 48.95000 11.30200 53.26900
26 10 20 07 00 11048.10000 4.86900000 343.07000 48.88000 11.30200 53.26900
26 10 20 07 00 11048.20000 4.86900000 343.01000 48.88000 11.30200 53.26900
26 10 20 07 01 11048.20000 4.86900000 343.01000 48.88000 11.30200 53.26900
26 10 20 07 01 11048.20000 4.86900000 343.02000 48.88000 11.30200 53.26900
26 10 20 07 02 11048.20000 4.86900000 343.09000 48.88000 11.30200 53.26900
26 10 20 07 02 11048.20000 4.86900000 343.09000 48.88000 11.30200 53.26900
26 10 20 07 03 11048.20000 4.86900000 343.01000 48.88000 11.30200 53.26900
26 10 20 07 03 11046.90000 4.86900000 343.01000 48.95000 11.30200 53.26900
26 10 20 07 03 11049.00000 4.86900000 343.01000 48.97000 11.30200 53.26900
26 10 20 07 04 11049.00000 4.86900000 343.01000 48.96000 11.30200 53.26900
26 10 20 07 04 11048.90000 4.86900000 343.01000 48.95000 11.30200 53.26900
26 10 20 07 05 11049.00000 4.86900000 343.41000 48.95000 11.30200 53.26900
26 10 20 07 05 11049.00000 4.86900000 343.21000 48.95000 11.30200 53.26900
26 10 20 07 06 11048.90000 4.86900000 343.46000 48.95000 11.30200 53.26900
26 10 20 07 06 11048.90000 4.86900000 343.46000 48.97000 11.30200 53.26900
26 10 20 07 06 11058.30000 4.86900000 343.46000 48.97000 11.30200 53.26900
26 10 20 07 07 11058.00000 4.86900000 343.52000 48.97000 11.30200 53.26900
26 10 20 07 07 11048.10000 4.86900000 343.52000 48.97000 11.30200 53.26900
26 10 20 07 08 11048.40000 4.86900000 343.22000 48.97000 11.30200 53.26900
26 10 20 07 08 11048.10000 4.86900000 343.08000 48.97000 11.30200 53.17600
26 10 20 07 09 11048.10000 4.86900000 343.08000 48.97000 11.30200 53.17600
26 10 20 07 09 11049.40000 4.86900000 343.03000 48.97000 11.30200 53.17600
26 10 20 07 09 11049.40000 4.86900000 343.03000 49.02000 11.30200 53.17600
26 10 20 07 10 11049.00000 4.86900000 343.06000 49.02000 11.30200 53.17600
26 10 20 07 10 11048.70000 4.86900000 343.06000 49.02000 11.30200 53.23900
26 10 20 07 11 11050.70000 4.86900000 343.06000 48.96000 11.30200 53.23900
26 10 20 07 11 11052.90000 4.86900000 343.09000 48.96000 11.30200 53.23900
26 10 20 07 12 11051.10000 4.86900000 343.03000 48.96000 11.30200 53.23900
26 10 20 07 12 11051.20000 4.86900000 343.03000 48.95000 11.30200 53.23900
26 10 20 07 12 11052.30000 4.86900000 343.06000 48.95000 11.30200 53.23900
26 10 20 07 13 11053.70000 4.86900000 342.87000 48.99000 11.30200 53.23900
