M=[
 6 3 21 14 19 40002.00000 9.06900000 1297.20000 149.35000 25.31000 101.10600
 6 3 21 14 20 39988.10000 9.06900000 1296.54000 149.20000 25.31000 101.10600
 6 3 21 14 20 39969.00000 9.06900000 1296.67000 149.20000 25.31000 101.10600
 6 3 21 14 20 39977.60000 9.06900000 1296.24000 149.20000 25.31000 101.10600
 6 3 21 14 21 39956.20000 9.06900000 1296.66000 149.25000 25.31000 101.10600
 6 3 21 14 21 39967.30000 9.06900000 1296.37000 149.18000 25.31000 101.10600
 6 3 21 14 22 39950.70000 9.06900000 1296.37000 149.18000 25.31000 100.94000
 6 3 21 14 22 39959.40000 9.06900000 1296.37000 149.22000 25.31000 100.94000
 6 3 21 14 23 39949.20000 9.06900000 1296.37000 149.23000 25.15200 100.94000
 6 3 21 14 23 39938.60000 9.06900000 1295.97000 149.23000 25.15200 100.94000
 6 3 21 14 23 39935.00000 9.06900000 1295.76000 149.23000 25.27100 100.94000
 6 3 21 14 24 39930.90000 9.14700000 1295.65000 149.23000 25.27100 100.94000
 6 3 21 14 24 39953.50000 9.14700000 1296.55000 149.23000 25.27100 100.94000
 6 3 21 14 25 39935.40000 9.14700000 1296.05000 149.23000 25.27100 100.94000
 6 3 21 14 25 39959.60000 9.14700000 1296.56000 149.23000 25.27100 100.94000
 6 3 21 14 26 39984.90000 9.14700000 1298.23000 149.23000 25.27100 100.94000
 6 3 21 14 26 39961.60000 9.14700000 1298.23000 149.23000 25.27100 100.94000
 6 3 21 14 26 39950.90000 9.14700000 1298.23000 149.31000 25.27100 100.94000
 6 3 21 14 27 39950.20000 9.14700000 1297.58000 149.31000 25.27100 100.94000
 6 3 21 14 27 39968.10000 9.14700000 1298.61000 149.31000 25.27100 100.94000
 6 3 21 14 28 39952.30000 9.14700000 1298.61000 149.31000 25.27100 100.94000
 6 3 21 14 28 39970.30000 9.14700000 1300.00000 149.31000 25.27100 101.17000
 6 3 21 14 29 39975.10000 9.14700000 1300.95000 149.31000 25.27100 101.16000
 6 3 21 14 29 39952.40000 9.14700000 1300.30000 149.31000 25.27100 101.08000
 6 3 21 14 29 39945.10000 9.14700000 1300.30000 149.41000 25.28900 101.08000
 6 3 21 14 30 39940.50000 9.14700000 1298.95000 149.32000 25.28900 101.08000
 6 3 21 14 30 39934.40000 9.14700000 1298.95000 149.32000 25.28900 101.08000
 6 3 21 14 31 39929.10000 9.14700000 1298.21000 149.21000 25.28900 100.91000
 6 3 21 14 31 39930.90000 9.14700000 1298.14000 149.21000 25.28900 100.91000
 6 3 21 14 32 39910.00000 9.14700000 1297.51000 149.10000 25.28900 100.90000
 6 3 21 14 32 39887.60000 9.14700000 1297.82000 149.00000 25.28900 100.90000
 6 3 21 14 32 39919.40000 9.14700000 1297.83000 148.69000 25.28900 100.90000
 6 3 21 14 33 39898.70000 9.05600000 1297.30000 148.69000 25.28900 100.90000
 6 3 21 14 33 39899.90000 9.05600000 1297.75000 148.69000 25.28900 100.90000
 6 3 21 14 34 39950.80000 9.05600000 1297.82000 148.69000 25.28900 100.90000
 6 3 21 14 34 39982.60000 9.05600000 1298.14000 149.38000 25.28900 100.90000
 6 3 21 14 35 40004.90000 9.05600000 1300.90000 149.57000 25.28900 100.90000
 6 3 21 14 35 40030.00000 9.05600000 1301.69000 149.59000 25.28900 100.90000
 6 3 21 14 35 40065.30000 9.09000000 1303.16000 149.80000 25.28900 100.90000
 6 3 21 14 36 40036.70000 9.09000000 1303.03000 149.80000 25.28900 101.10000
 6 3 21 14 36 39998.20000 9.09000000 1300.70000 149.80000 25.28900 101.10000
 6 3 21 14 37 39965.00000 9.09000000 1298.82000 149.80000 25.28900 101.10000
 6 3 21 14 37 40010.30000 9.09000000 1299.10000 149.32000 25.28900 101.10000
 6 3 21 14 38 40014.20000 9.09000000 1299.10000 149.32000 25.28900 101.10000
 6 3 21 14 38 39994.40000 9.09000000 1299.00000 149.32000 25.28900 101.10000
 6 3 21 14 38 39991.60000 9.09000000 1299.00000 149.39000 25.28900 101.10000
 6 3 21 14 39 39991.60000 9.09000000 1298.56000 149.39000 25.28900 101.10000
 6 3 21 14 39 39999.80000 9.09000000 1298.76000 149.39000 25.28900 101.10000
 6 3 21 14 40 39993.80000 9.09000000 1298.46000 149.18000 25.28900 101.10000
 6 3 21 14 40 39991.60000 9.09000000 1298.46000 149.11000 25.28900 101.04000
 6 3 21 14 41 39996.60000 9.09000000 1298.90000 149.26000 25.28900 101.04000
 6 3 21 14 41 39980.00000 9.07300000 1297.80000 149.26000 25.28900 101.04000
 6 3 21 14 41 39965.20000 9.07300000 1298.07000 149.26000 25.28900 101.04000
 6 3 21 14 42 39973.60000 9.07300000 1298.39000 149.35000 25.28900 101.04000
 6 3 21 14 42 40002.00000 9.07300000 1298.84000 149.35000 25.28900 101.04000
 6 3 21 14 43 39968.70000 9.07300000 1298.30000 149.35000 25.28900 101.04000
 6 3 21 14 43 39955.00000 9.07300000 1297.77000 149.35000 25.28900 101.04000
 6 3 21 14 44 39957.10000 9.07300000 1297.89000 149.35000 25.28900 101.04000
 6 3 21 14 44 39974.00000 9.09900000 1297.91000 149.35000 25.28900 101.04000
 6 3 21 14 44 39986.80000 9.09900000 1298.32000 149.35000 25.28900 101.04000
 6 3 21 14 45 39964.00000 9.09900000 1297.02000 149.35000 25.28900 101.06000
 6 3 21 14 45 39985.50000 9.09900000 1297.02000 149.53000 25.28900 101.06000
 6 3 21 14 46 39998.20000 9.09900000 1298.78000 149.58000 25.28900 101.06000
 6 3 21 14 46 40018.00000 9.09900000 1299.00000 149.58000 25.28900 101.06000
 6 3 21 14 47 40072.10000 9.09900000 1300.77000 150.00000 25.28900 101.22000
 6 3 21 14 47 40054.80000 9.09900000 1300.99000 150.00000 25.28900 101.22000
 6 3 21 14 47 40083.00000 9.09900000 1300.75000 150.00000 25.28900 101.22000
 6 3 21 14 48 40100.50000 9.09900000 1301.28000 150.00000 25.28900 101.54900
 6 3 21 14 48 40092.80000 9.09900000 1301.79000 149.97000 25.28900 101.54900
 6 3 21 14 49 40140.10000 9.09900000 1301.91000 150.00000 25.28900 101.54900
 6 3 21 14 49 40114.30000 9.09900000 1300.99000 150.04000 25.28900 101.54900
 6 3 21 14 50 40107.10000 9.09900000 1301.00000 149.90000 25.28900 101.54900
 6 3 21 14 50 40071.30000 9.11000000 1299.53000 149.87000 25.28900 101.54900
 6 3 21 14 50 40083.70000 9.11000000 1299.55000 149.78000 25.28900 101.54900
 6 3 21 14 51 40068.30000 9.11000000 1299.59000 149.73000 25.28900 101.54900
 6 3 21 14 51 40059.60000 9.11000000 1298.92000 149.72000 25.28900 101.54900
 6 3 21 14 52 40096.30000 9.11000000 1299.45000 149.83000 25.28900 101.54900
 6 3 21 14 52 40144.00000 9.11000000 1300.45000 149.83000 25.28900 101.54900
 6 3 21 14 53 40160.70000 9.11000000 1300.66000 149.83000 25.28900 101.54900
 6 3 21 14 53 40178.30000 9.11000000 1301.22000 149.99000 25.28900 101.54900
 6 3 21 14 53 40175.00000 9.11000000 1301.69000 149.99000 25.28900 101.54900
 6 3 21 14 54 40149.80000 9.11000000 1301.65000 149.99000 25.28900 101.54900
 6 3 21 14 54 40136.60000 9.11000000 1301.03000 149.99000 25.28900 101.54900
 6 3 21 14 55 40170.00000 9.11000000 1301.93000 150.02000 25.28900 101.73100
 6 3 21 14 55 40158.20000 9.11000000 1301.46000 150.02000 25.28900 101.73100
 6 3 21 14 56 40135.20000 9.11000000 1301.61000 150.02000 25.28900 101.73100
 6 3 21 14 56 40113.70000 9.11000000 1301.01000 150.02000 25.28900 101.73300
 6 3 21 14 56 40120.30000 9.11000000 1301.07000 149.87000 25.28900 101.73300
 6 3 21 14 57 40107.50000 9.11000000 1301.20000 149.87000 25.28900 101.73300
 6 3 21 14 57 40100.10000 9.11000000 1301.42000 149.87000 25.28900 101.73300
 6 3 21 14 58 40100.00000 9.11000000 1300.66000 149.82000 25.28900 101.73300
 6 3 21 14 58 40098.80000 9.11000000 1300.40000 149.89000 25.28900 101.73300
 6 3 21 14 59 40084.70000 9.11000000 1300.31000 149.86000 25.28900 101.73300
 6 3 21 14 59 40081.80000 9.11000000 1299.91000 149.91000 25.28900 101.73300
 6 3 21 14 59 40082.30000 9.11000000 1299.99000 149.91000 25.28900 101.73300
 6 3 21 15 00 40082.10000 9.11200000 1298.29000 149.97000 25.28900 101.73300
 6 3 21 15 00 40082.20000 9.11200000 1299.38000 149.97000 25.28900 101.73300
 6 3 21 15 01 40075.20000 9.11200000 1299.90000 149.96000 25.28900 101.73300
 6 3 21 15 01 40082.40000 9.11200000 1300.26000 149.96000 25.28900 101.73300
 6 3 21 15 02 40082.40000 9.11200000 1300.26000 149.95000 25.28900 101.73300
 6 3 21 15 02 40082.40000 9.11200000 1300.92000 149.95000 25.28900 101.73300
 6 3 21 15 02 40079.90000 9.11200000 1300.87000 149.95000 25.28900 101.73300
 6 3 21 15 03 40055.00000 9.11200000 1300.96000 149.74000 25.28900 101.73300
