M=[
21 2 21 12 06 47231.90000 12.99900000 1620.54000 189.05000 31.50100 136.71700
21 2 21 12 06 47185.10000 12.92300000 1622.12000 189.00000 31.50100 136.88600
21 2 21 12 06 47167.10000 12.99800000 1620.39000 188.56000 31.50100 136.88600
21 2 21 12 07 47118.00000 12.99800000 1619.42000 188.56000 31.50100 136.88600
21 2 21 12 07 47117.80000 12.99800000 1618.60000 188.27000 31.50100 136.88600
21 2 21 12 08 47087.40000 12.99800000 1618.00000 188.19000 31.50100 136.33400
21 2 21 12 08 47118.00000 12.99800000 1618.01000 188.15000 31.50100 136.41900
21 2 21 12 09 47099.80000 12.99800000 1616.17000 188.19000 31.50100 136.20500
21 2 21 12 09 47094.80000 12.99800000 1616.02000 188.19000 31.50100 136.05900
21 2 21 12 09 47077.70000 12.99800000 1614.04000 188.00000 31.50100 136.05900
21 2 21 12 10 47095.30000 12.99800000 1615.16000 188.00000 31.50100 136.05900
21 2 21 12 10 47095.70000 12.99800000 1614.90000 188.00000 31.50100 136.05900
21 2 21 12 11 47099.00000 12.99800000 1616.01000 188.00000 31.50100 136.05900
21 2 21 12 11 47095.70000 12.99800000 1616.01000 188.05000 31.50100 136.05900
21 2 21 12 12 47098.90000 12.99800000 1616.01000 188.05000 31.50100 136.05900
21 2 21 12 12 47081.00000 12.99800000 1616.01000 188.01000 31.50100 136.05900
21 2 21 12 12 47047.60000 12.99800000 1614.00000 187.62000 31.50100 136.05900
21 2 21 12 13 47050.00000 12.99800000 1613.73000 188.03000 31.50100 135.75000
21 2 21 12 13 47081.00000 12.99800000 1615.04000 188.02000 31.50100 135.75000
21 2 21 12 14 47095.00000 12.99800000 1615.50000 187.94000 31.50100 135.75000
21 2 21 12 14 47094.90000 12.99800000 1614.41000 187.88000 31.50100 135.75000
21 2 21 12 15 47099.90000 12.99800000 1614.36000 187.88000 31.50100 135.75000
21 2 21 12 15 47100.00000 12.99800000 1616.76000 188.03000 31.50100 135.75000
21 2 21 12 15 47099.90000 12.99800000 1617.39000 188.05000 31.50100 135.75000
21 2 21 12 16 47118.00000 12.99800000 1616.33000 188.33000 31.50100 136.40700
21 2 21 12 16 47124.00000 12.99800000 1615.83000 188.33000 31.50100 136.40700
21 2 21 12 17 47149.00000 12.99800000 1616.46000 188.19000 31.50100 136.22700
21 2 21 12 17 47143.70000 12.99800000 1615.82000 188.10000 31.50100 136.22700
21 2 21 12 18 47149.30000 12.99800000 1615.82000 188.25000 31.50100 136.22700
21 2 21 12 18 47182.20000 12.96000000 1615.73000 188.24000 31.50100 136.22700
21 2 21 12 18 47174.70000 12.96000000 1615.10000 188.17000 31.50100 136.22700
21 2 21 12 19 47171.90000 12.96000000 1615.03000 188.20000 31.50100 136.22700
21 2 21 12 19 47208.10000 12.94200000 1615.45000 188.28000 31.50100 136.22700
21 2 21 12 20 47211.80000 12.94200000 1616.41000 188.16000 31.50100 136.22700
21 2 21 12 20 47215.80000 12.94200000 1617.03000 188.16000 31.50100 136.00000
21 2 21 12 21 47237.70000 12.94200000 1617.54000 188.49000 31.50100 136.00000
21 2 21 12 21 47237.80000 12.89100000 1616.86000 188.25000 31.50100 136.00000
21 2 21 12 21 47254.00000 12.89100000 1617.04000 188.25000 31.50100 136.00000
21 2 21 12 22 47254.00000 12.89100000 1617.03000 188.25000 31.50100 136.00000
21 2 21 12 22 47254.00000 12.89100000 1617.82000 188.25000 31.50100 136.11900
21 2 21 12 23 47256.30000 12.89100000 1617.82000 188.44000 31.50100 136.11900
21 2 21 12 23 47277.80000 12.89100000 1617.81000 188.53000 31.50100 136.11900
21 2 21 12 24 47279.00000 12.89100000 1617.81000 188.47000 31.50100 136.11900
21 2 21 12 24 47279.00000 12.89100000 1618.00000 188.46000 31.50100 136.11900
21 2 21 12 24 47273.50000 12.89100000 1618.00000 188.46000 31.50100 136.11900
21 2 21 12 25 47282.90000 12.89100000 1618.35000 188.46000 31.50100 136.11900
21 2 21 12 25 47297.00000 12.89100000 1618.49000 188.42000 31.50100 136.11900
21 2 21 12 26 47297.00000 12.89100000 1619.27000 188.42000 31.50100 136.11900
21 2 21 12 26 47297.00000 12.89100000 1619.73000 188.42000 31.50100 136.11900
21 2 21 12 27 47296.90000 12.89100000 1619.73000 188.71000 31.50100 136.11900
21 2 21 12 27 47296.90000 12.89100000 1619.73000 188.52000 31.50100 136.13100
21 2 21 12 27 47297.00000 12.89100000 1619.72000 188.59000 31.50100 136.13100
21 2 21 12 28 47297.00000 12.89100000 1619.55000 188.59000 31.50100 136.02700
21 2 21 12 28 47296.90000 12.89100000 1619.55000 188.84000 31.50100 136.02700
21 2 21 12 29 47297.00000 12.89100000 1619.56000 189.04000 31.50100 136.02700
21 2 21 12 29 47299.10000 12.90000000 1620.87000 189.04000 31.50100 136.02700
21 2 21 12 30 47299.10000 12.90000000 1620.84000 189.07000 31.50100 136.27600
21 2 21 12 30 47300.00000 12.90000000 1620.89000 189.22000 31.50100 136.27600
21 2 21 12 30 47330.00000 12.90000000 1621.82000 189.59000 31.50100 136.44100
21 2 21 12 31 47312.00000 12.90000000 1621.53000 189.56000 31.50100 136.44100
21 2 21 12 31 47328.00000 12.90000000 1621.82000 189.59000 31.50100 136.44100
21 2 21 12 32 47317.00000 12.90000000 1621.54000 189.37000 31.50100 136.44100
21 2 21 12 32 47300.00000 12.90000000 1621.55000 189.37000 31.50100 136.44100
21 2 21 12 33 47283.10000 12.90000000 1621.81000 189.42000 31.50100 136.44100
21 2 21 12 33 47256.30000 12.90000000 1621.54000 189.41000 31.50100 136.44100
21 2 21 12 33 47220.70000 12.95600000 1619.82000 189.41000 31.50100 136.44100
21 2 21 12 34 47215.80000 12.95600000 1619.15000 189.16000 31.50100 136.41300
21 2 21 12 34 47248.50000 12.95600000 1619.26000 189.12000 31.65100 136.41300
21 2 21 12 35 47267.70000 12.95600000 1619.26000 189.14000 31.65100 136.41300
21 2 21 12 35 47239.20000 12.95600000 1618.21000 189.24000 31.65100 136.41300
21 2 21 12 36 47239.20000 12.95600000 1618.21000 188.91000 31.65100 136.41300
21 2 21 12 36 47225.20000 12.95600000 1615.46000 188.83000 31.65100 136.41300
21 2 21 12 36 47225.30000 12.95600000 1614.41000 188.83000 31.65100 136.41300
21 2 21 12 37 47235.10000 12.95600000 1615.73000 188.83000 31.65100 136.41300
21 2 21 12 37 47215.70000 12.95600000 1615.70000 188.81000 31.65100 136.41300
21 2 21 12 38 47170.90000 12.95600000 1614.58000 188.81000 31.65100 136.41300
21 2 21 12 38 47179.70000 12.95600000 1614.83000 188.66000 31.65100 136.41300
21 2 21 12 39 47181.90000 12.95600000 1614.96000 188.66000 31.65100 136.41300
21 2 21 12 39 47150.40000 12.95600000 1614.41000 188.63000 31.65100 136.41300
21 2 21 12 39 47150.00000 12.95600000 1613.11000 188.50000 31.65100 135.77000
21 2 21 12 40 47171.70000 12.95600000 1613.90000 188.50000 31.65100 135.74100
21 2 21 12 40 47150.10000 12.95600000 1613.94000 188.44000 31.65100 135.74100
21 2 21 12 41 47109.30000 12.95600000 1615.32000 188.40000 31.65100 135.74100
21 2 21 12 41 47109.40000 12.95600000 1613.92000 188.39000 31.65100 135.74100
21 2 21 12 41 47130.20000 12.95600000 1614.34000 188.15000 31.65100 135.74100
21 2 21 12 42 47109.50000 12.95600000 1614.00000 188.10000 31.65100 135.68400
21 2 21 12 42 47076.00000 12.88000000 1611.01000 187.79000 31.65100 135.00000
21 2 21 12 43 47116.90000 12.88000000 1612.19000 187.79000 31.65100 135.00000
21 2 21 12 43 47095.80000 12.85000000 1611.94000 187.49000 31.65100 135.00000
21 2 21 12 44 47006.70000 12.85000000 1608.20000 187.10000 31.65100 134.87600
21 2 21 12 44 47028.10000 12.85000000 1608.94000 187.22000 31.65100 135.01500
21 2 21 12 44 47080.00000 12.85000000 1610.04000 187.22000 31.65100 135.01500
21 2 21 12 45 47107.50000 12.85000000 1609.96000 187.48000 31.65100 135.01500
21 2 21 12 45 47117.30000 12.85000000 1611.05000 187.48000 31.65100 135.01500
21 2 21 12 46 47117.20000 12.85000000 1611.05000 187.48000 31.65100 135.65000
21 2 21 12 46 47117.30000 12.85000000 1611.05000 187.69000 31.65100 135.65000
21 2 21 12 47 47117.20000 12.85000000 1611.05000 187.84000 31.65100 135.65000
21 2 21 12 47 47100.10000 12.85000000 1610.03000 187.84000 31.65100 135.65000
21 2 21 12 47 47050.10000 12.85000000 1608.81000 187.13000 31.65100 135.65000
21 2 21 12 48 47006.40000 12.85000000 1605.14000 186.81000 31.65100 135.14700
21 2 21 12 48 46957.60000 12.85000000 1604.47000 186.36000 31.65100 135.14700
21 2 21 12 49 46994.30000 12.85000000 1606.48000 186.89000 31.65100 135.14700
