M=[
11 3 21 02 11 47039.90000 10.10200000 1502.85000 167.59000 27.80700 120.89600
11 3 21 02 11 47038.80000 10.10200000 1503.54000 167.64000 27.80700 120.89600
11 3 21 02 12 47039.90000 10.10200000 1502.30000 167.64000 27.80700 120.89600
11 3 21 02 12 47040.00000 10.10200000 1502.89000 167.64000 27.80700 120.89600
11 3 21 02 12 47021.30000 10.10200000 1502.89000 167.64000 27.80700 120.89600
11 3 21 02 13 47021.30000 10.10200000 1502.89000 167.64000 27.80700 120.89600
11 3 21 02 13 47028.60000 10.10200000 1501.50000 167.57000 27.80700 120.89600
11 3 21 02 14 47026.30000 10.10200000 1502.58000 167.57000 27.80700 120.89600
11 3 21 02 14 47001.10000 10.10200000 1502.78000 167.65000 27.80700 120.89600
11 3 21 02 15 47001.10000 10.10200000 1502.78000 167.55000 27.80700 120.89600
11 3 21 02 15 46955.80000 10.10200000 1502.78000 167.51000 27.80700 120.89600
11 3 21 02 15 46968.70000 10.10200000 1502.78000 167.51000 27.80700 120.89600
11 3 21 02 16 46955.90000 10.10200000 1502.78000 167.51000 27.80700 121.10000
11 3 21 02 16 46955.90000 10.10200000 1500.08000 167.51000 27.80700 121.10000
11 3 21 02 17 46955.90000 10.10200000 1500.00000 167.51000 27.80700 121.10000
11 3 21 02 17 46984.10000 10.10200000 1500.21000 167.51000 27.80700 121.10000
11 3 21 02 18 46956.70000 10.10200000 1499.46000 167.51000 27.80700 121.10000
11 3 21 02 18 46956.70000 10.10200000 1500.45000 167.51000 27.80700 121.10000
11 3 21 02 18 46973.00000 10.10200000 1500.01000 167.51000 27.80700 121.10000
11 3 21 02 19 47000.60000 10.10200000 1501.57000 167.53000 27.80700 121.10000
11 3 21 02 19 47037.50000 10.10200000 1501.57000 167.53000 27.80700 121.10000
11 3 21 02 20 46999.10000 10.10200000 1501.57000 167.53000 27.80700 121.10000
11 3 21 02 20 46988.90000 10.10200000 1501.07000 167.53000 27.80700 121.10000
11 3 21 02 21 47012.50000 10.12500000 1501.07000 167.54000 27.80700 120.56000
11 3 21 02 21 47029.30000 10.12500000 1501.53000 167.54000 27.80700 120.43600
11 3 21 02 21 47059.90000 10.12500000 1503.33000 167.58000 27.80700 120.42900
11 3 21 02 22 47077.70000 10.12500000 1503.76000 167.71000 27.80700 120.42900
11 3 21 02 22 47077.60000 10.12500000 1504.42000 167.71000 27.80700 120.42900
11 3 21 02 23 47092.20000 10.12500000 1503.40000 167.71000 27.80700 120.42900
11 3 21 02 23 47118.00000 10.12500000 1503.40000 167.71000 27.80700 120.42900
11 3 21 02 24 47120.10000 10.12500000 1504.81000 167.87000 27.80700 120.42900
11 3 21 02 24 47120.10000 10.12500000 1504.82000 167.87000 27.80700 120.42900
11 3 21 02 24 47079.70000 10.12500000 1504.22000 167.96000 27.80700 120.42900
11 3 21 02 25 47115.40000 10.12500000 1504.22000 167.96000 27.80700 120.42900
11 3 21 02 25 47127.40000 10.12500000 1504.22000 167.96000 27.80700 120.42900
11 3 21 02 26 47134.10000 10.12500000 1504.22000 167.96000 27.80700 120.42900
11 3 21 02 26 47134.10000 10.12500000 1504.58000 167.96000 27.80700 120.42900
11 3 21 02 27 47134.10000 10.12500000 1504.58000 167.96000 27.80700 120.42900
11 3 21 02 27 47134.10000 10.12500000 1504.58000 167.96000 27.80700 120.42900
11 3 21 02 27 47134.20000 10.12500000 1504.58000 167.96000 27.80700 120.42900
11 3 21 02 28 47134.10000 10.12500000 1505.37000 167.96000 27.80700 120.42900
11 3 21 02 28 47134.20000 10.12500000 1505.37000 167.96000 27.80700 120.42900
11 3 21 02 29 47190.70000 10.12500000 1505.37000 168.09000 27.80700 120.42900
11 3 21 02 29 47190.70000 10.12500000 1505.37000 168.09000 27.80700 120.42900
11 3 21 02 30 47179.20000 10.12500000 1505.37000 168.09000 27.80700 120.42900
11 3 21 02 30 47141.90000 10.12500000 1505.36000 168.09000 27.80700 120.42900
11 3 21 02 30 47141.90000 10.12500000 1505.88000 167.96000 27.80700 120.42900
11 3 21 02 31 47151.00000 10.12500000 1505.04000 168.00000 27.80700 120.42900
11 3 21 02 31 47126.20000 10.12500000 1505.04000 167.88000 27.80700 120.42900
11 3 21 02 32 47121.80000 10.12500000 1504.12000 167.88000 27.80700 120.42900
11 3 21 02 32 47116.60000 10.12500000 1502.95000 167.88000 27.80700 120.21000
11 3 21 02 33 47095.00000 10.12500000 1502.95000 167.88000 27.80700 120.21000
11 3 21 02 33 47090.20000 10.12500000 1503.00000 167.88000 27.80700 120.21000
11 3 21 02 33 47090.20000 10.12500000 1503.01000 167.88000 27.80700 120.21000
11 3 21 02 34 47090.20000 10.12500000 1503.01000 167.88000 27.80700 120.21000
11 3 21 02 34 47090.10000 10.12500000 1501.86000 167.88000 27.80700 120.21000
11 3 21 02 35 47090.10000 10.12500000 1501.77000 167.88000 27.80700 120.21000
11 3 21 02 35 47040.80000 10.12500000 1501.77000 167.88000 27.80700 120.21000
11 3 21 02 36 47031.00000 10.12500000 1501.06000 167.35000 27.80700 120.21000
11 3 21 02 36 47081.00000 10.12500000 1501.06000 167.35000 27.80700 120.21000
11 3 21 02 36 47091.00000 10.15400000 1501.06000 167.35000 27.80700 120.21000
11 3 21 02 37 47140.30000 10.15400000 1503.20000 167.35000 27.80700 120.21000
11 3 21 02 37 47106.00000 10.15400000 1503.20000 167.35000 27.80700 120.21000
11 3 21 02 38 47103.40000 10.15400000 1502.28000 167.35000 27.80700 120.21000
11 3 21 02 38 47110.80000 10.15400000 1502.75000 167.35000 27.80700 120.21000
11 3 21 02 39 47124.60000 10.15400000 1502.75000 167.35000 27.80700 120.21000
11 3 21 02 39 47162.50000 10.15400000 1502.75000 167.80000 27.80700 120.21000
11 3 21 02 39 47188.80000 10.15400000 1502.75000 167.80000 27.80700 120.21000
11 3 21 02 40 47188.70000 10.20500000 1504.99000 167.80000 27.80700 120.21000
11 3 21 02 40 47144.80000 10.20500000 1504.01000 167.39000 27.80700 120.21000
11 3 21 02 41 47111.60000 10.20500000 1503.75000 167.39000 27.80700 120.32100
11 3 21 02 41 47116.40000 10.20500000 1503.92000 167.39000 27.80700 120.32100
11 3 21 02 42 47114.10000 10.20500000 1503.51000 167.39000 27.80700 120.32100
11 3 21 02 42 47129.50000 10.20500000 1504.31000 167.39000 27.80700 120.32100
11 3 21 02 42 47115.40000 10.20500000 1503.51000 167.39000 27.80700 120.32100
11 3 21 02 43 47058.60000 10.20500000 1502.57000 167.49000 27.80700 120.32100
11 3 21 02 43 47058.60000 10.20500000 1502.57000 167.49000 27.80700 120.32100
11 3 21 02 44 47071.10000 10.20500000 1503.10000 167.49000 27.80700 120.32100
11 3 21 02 44 47071.10000 10.20500000 1502.98000 167.49000 27.80700 120.32100
11 3 21 02 45 47035.20000 10.20500000 1501.93000 167.58000 27.80700 120.32100
11 3 21 02 45 47003.70000 10.20500000 1501.65000 167.58000 27.80700 120.32100
11 3 21 02 45 46981.50000 10.20500000 1500.00000 167.28000 27.80700 120.21000
11 3 21 02 46 46936.90000 10.20500000 1498.51000 167.28000 27.80700 120.01000
11 3 21 02 46 46935.60000 10.20500000 1500.23000 167.28000 27.80700 120.01000
11 3 21 02 47 46900.70000 10.20500000 1499.56000 167.04000 27.80700 120.03200
11 3 21 02 47 46900.60000 10.20500000 1499.56000 167.04000 27.80700 120.05500
11 3 21 02 48 46900.70000 10.20500000 1499.39000 166.70000 27.80700 120.05500
11 3 21 02 48 46936.50000 10.20500000 1500.75000 166.78000 27.80700 120.05500
11 3 21 02 48 46952.70000 10.20500000 1500.75000 166.78000 27.80700 120.05500
11 3 21 02 49 46950.10000 10.20500000 1500.35000 166.59000 27.80700 119.94500
11 3 21 02 49 46906.80000 10.20500000 1499.82000 166.59000 27.80700 119.92300
11 3 21 02 50 46912.20000 10.20500000 1500.09000 166.59000 27.80700 119.89900
11 3 21 02 50 46929.80000 10.20500000 1501.81000 166.59000 27.80700 119.69800
11 3 21 02 51 46929.80000 10.20500000 1502.99000 166.59000 27.80700 119.74300
11 3 21 02 51 46980.70000 10.20500000 1501.54000 166.59000 27.80700 119.74100
11 3 21 02 51 46933.60000 10.20500000 1501.88000 166.59000 27.80700 119.98700
11 3 21 02 52 46983.30000 10.20500000 1502.38000 166.59000 27.80700 120.06000
11 3 21 02 52 46983.80000 10.20500000 1502.38000 166.59000 27.80700 120.06000
11 3 21 02 53 46983.80000 10.20500000 1502.38000 166.59000 27.80700 120.06000
11 3 21 02 53 46983.80000 10.20500000 1502.28000 166.59000 27.80700 120.06000
11 3 21 02 54 47002.00000 10.20500000 1502.69000 166.59000 27.80700 119.97000
11 3 21 02 54 47000.60000 10.20500000 1502.40000 166.59000 27.80700 119.97000
