M=[
10 11 20 13 14 12900.10000 4.32700000 377.50000 49.19000 13.38000 51.65700
10 11 20 13 15 12892.10000 4.32700000 377.24000 49.19000 13.38000 51.65700
10 11 20 13 15 12888.80000 4.32700000 377.12000 49.06000 13.38000 51.65700
10 11 20 13 16 12882.20000 4.32700000 377.00000 49.03000 13.38000 51.65700
10 11 20 13 16 12883.90000 4.32700000 377.09000 49.06000 13.38000 51.36200
10 11 20 13 17 12891.90000 4.32700000 377.22000 49.00000 13.38000 51.36200
10 11 20 13 17 12887.40000 4.32700000 377.21000 49.09000 13.38000 51.36200
10 11 20 13 17 12902.80000 4.32700000 377.48000 49.09000 13.38000 51.36200
10 11 20 13 18 12889.20000 4.32700000 377.25000 49.09000 13.38000 51.36200
10 11 20 13 18 12895.70000 4.32700000 377.25000 49.09000 13.38000 51.53000
10 11 20 13 19 12897.70000 4.32700000 377.34000 49.09000 13.38000 51.53000
10 11 20 13 19 12905.90000 4.32700000 377.34000 49.09000 13.38000 51.53000
10 11 20 13 20 12923.30000 4.32700000 377.34000 49.22000 13.38000 51.53000
10 11 20 13 20 12915.40000 4.32700000 378.35000 49.22000 13.38000 51.53000
10 11 20 13 20 12909.80000 4.32700000 378.00000 49.22000 13.38000 51.53000
10 11 20 13 21 12917.10000 4.32700000 378.00000 49.22000 13.38000 51.53000
10 11 20 13 21 12909.40000 4.32700000 378.00000 49.22000 13.38000 51.53000
10 11 20 13 22 12901.80000 4.32700000 377.33000 49.11000 13.38000 51.53000
10 11 20 13 22 12902.20000 4.32700000 377.83000 49.11000 13.38000 51.53000
10 11 20 13 23 12911.20000 4.32700000 377.83000 49.11000 13.38000 51.53000
10 11 20 13 23 12907.30000 4.32700000 378.14000 49.11000 13.38000 51.53000
10 11 20 13 23 12904.30000 4.32700000 377.85000 49.11000 13.38000 51.53000
10 11 20 13 24 12907.00000 4.32700000 378.05000 49.11000 13.38000 51.46000
10 11 20 13 24 12910.30000 4.32700000 378.05000 49.11000 13.38000 51.46000
10 11 20 13 25 12922.50000 4.32700000 378.15000 49.11000 13.38000 51.46000
10 11 20 13 25 12917.30000 4.32700000 378.20000 49.11000 13.38000 51.46000
10 11 20 13 26 12916.30000 4.32700000 378.20000 49.14000 13.38000 51.46000
10 11 20 13 26 12910.00000 4.32700000 377.75000 49.14000 13.38000 51.46000
10 11 20 13 26 12910.10000 4.29800000 377.75000 49.14000 13.38000 51.46000
10 11 20 13 27 12910.10000 4.29800000 377.75000 49.14000 13.38000 51.46000
10 11 20 13 27 12930.80000 4.29800000 378.17000 49.14000 13.38000 51.46000
10 11 20 13 28 12932.00000 4.29800000 378.20000 49.14000 13.38000 51.46000
10 11 20 13 28 12932.00000 4.29800000 378.05000 49.14000 13.38000 51.46000
10 11 20 13 29 12929.50000 4.29800000 377.75000 49.14000 13.38000 51.46000
10 11 20 13 29 12932.00000 4.29800000 377.75000 49.14000 13.38000 51.46000
10 11 20 13 29 12929.60000 4.29800000 377.75000 49.14000 13.38000 51.46000
10 11 20 13 30 12929.50000 4.29800000 377.70000 49.14000 13.38000 51.46000
10 11 20 13 30 12920.40000 4.29800000 377.47000 49.14000 13.38000 51.46000
10 11 20 13 31 12932.00000 4.29800000 378.23000 49.21000 13.38000 51.59000
10 11 20 13 31 12928.50000 4.29800000 378.04000 49.19000 13.38000 51.59000
10 11 20 13 32 12932.00000 4.29800000 377.97000 49.19000 13.38000 51.59000
10 11 20 13 32 12932.00000 4.29800000 378.13000 49.19000 13.38000 51.59000
10 11 20 13 32 12951.50000 4.29800000 378.19000 49.21000 13.38000 51.59000
10 11 20 13 33 12946.10000 4.29800000 378.37000 49.21000 13.38000 51.59000
10 11 20 13 33 12943.50000 4.29800000 378.21000 49.20000 13.38000 51.59000
10 11 20 13 34 12947.10000 4.29800000 378.32000 49.25000 13.38000 51.59000
10 11 20 13 34 12948.10000 4.34700000 378.37000 49.29000 13.38000 51.59000
10 11 20 13 35 12944.60000 4.34700000 378.16000 49.29000 13.38000 51.59000
10 11 20 13 35 12944.40000 4.34700000 378.01000 49.29000 13.38000 51.59000
10 11 20 13 35 12944.40000 4.34700000 377.91000 49.29000 13.38000 51.59000
10 11 20 13 36 12926.10000 4.34700000 377.73000 49.24000 13.38000 51.59000
10 11 20 13 36 12924.10000 4.34700000 377.73000 49.24000 13.38000 51.59000
10 11 20 13 37 12924.50000 4.34700000 377.73000 49.24000 13.38000 51.59000
10 11 20 13 37 12937.50000 4.34700000 377.82000 49.24000 13.38000 51.59000
10 11 20 13 38 12943.30000 4.34700000 377.82000 49.30000 13.38000 51.59000
10 11 20 13 38 12941.90000 4.34700000 377.82000 49.30000 13.38000 51.59000
10 11 20 13 38 12950.10000 4.34700000 378.08000 49.30000 13.38000 51.59000
10 11 20 13 39 12950.90000 4.34700000 378.08000 49.30000 13.30000 51.59000
10 11 20 13 39 12948.60000 4.34700000 378.08000 49.25000 13.30000 51.59000
10 11 20 13 40 12937.30000 4.34700000 377.75000 49.26000 13.30000 51.59000
10 11 20 13 40 12931.50000 4.34700000 377.75000 49.26000 13.30000 51.59000
10 11 20 13 40 12926.70000 4.34700000 377.53000 49.24000 13.30000 51.59000
10 11 20 13 41 12924.00000 4.34700000 377.25000 49.23000 13.30000 51.59000
10 11 20 13 41 12924.10000 4.34700000 377.25000 49.23000 13.30000 51.59000
10 11 20 13 42 12913.90000 4.34700000 377.03000 49.23000 13.30000 51.59000
10 11 20 13 42 12910.10000 4.34700000 377.01000 49.23000 13.30000 51.59000
10 11 20 13 43 12910.00000 4.34700000 377.01000 49.16000 13.30000 51.59000
10 11 20 13 43 12921.40000 4.34700000 377.19000 49.18000 13.30000 51.59000
10 11 20 13 43 12910.00000 4.34700000 377.23000 49.18000 13.30000 51.59000
10 11 20 13 44 12913.60000 4.34700000 377.15000 49.18000 13.30000 51.59000
10 11 20 13 44 12910.50000 4.34700000 377.07000 49.13000 13.30000 51.59000
10 11 20 13 45 12925.40000 4.34700000 377.41000 49.13000 13.30000 51.59000
10 11 20 13 45 12927.00000 4.34700000 377.52000 49.13000 13.30000 51.59000
10 11 20 13 46 12931.90000 4.34700000 377.68000 49.13000 13.20100 51.59000
10 11 20 13 46 12935.30000 4.34700000 377.81000 49.13000 13.20100 51.59000
10 11 20 13 46 12947.90000 4.34700000 378.09000 49.13000 13.20100 51.59000
10 11 20 13 47 12949.40000 4.34700000 378.09000 49.13000 13.20100 51.59000
10 11 20 13 47 12953.00000 4.34700000 378.09000 49.13000 13.20100 51.59000
10 11 20 13 48 12956.10000 4.34700000 378.09000 49.27000 13.20100 51.59000
10 11 20 13 48 12959.30000 4.34700000 378.48000 49.27000 13.20100 51.59000
10 11 20 13 49 12964.10000 4.34700000 378.48000 49.33000 13.25000 51.69500
10 11 20 13 49 12954.80000 4.34700000 378.93000 49.33000 13.25000 51.69500
10 11 20 13 49 12955.10000 4.34700000 378.70000 49.33000 13.25000 51.69500
10 11 20 13 50 12948.00000 4.34700000 378.70000 49.35000 13.25000 51.69500
10 11 20 13 50 12952.90000 4.34700000 378.92000 49.35000 13.25000 51.69500
10 11 20 13 51 12951.60000 4.34700000 378.87000 49.35000 13.25000 51.69500
10 11 20 13 51 12949.40000 4.34700000 378.87000 49.35000 13.25000 51.69500
10 11 20 13 52 12953.90000 4.34700000 378.69000 49.35000 13.21000 51.69500
10 11 20 13 52 12947.10000 4.31600000 378.62000 49.37000 13.21000 51.69500
10 11 20 13 52 12947.00000 4.32300000 378.62000 49.37000 13.21000 51.69500
10 11 20 13 53 12946.70000 4.32300000 378.62000 49.32000 13.21000 51.69500
10 11 20 13 53 12948.10000 4.32300000 378.29000 49.32000 13.21000 52.00700
10 11 20 13 54 12952.40000 4.32300000 378.61000 49.32000 13.21000 52.16100
10 11 20 13 54 12952.40000 4.32300000 378.72000 49.32000 13.21000 52.10000
10 11 20 13 55 12954.00000 4.32300000 378.73000 49.32000 13.21000 52.06100
10 11 20 13 55 12960.70000 4.32300000 378.71000 49.32000 13.21000 52.06100
10 11 20 13 55 12958.50000 4.32300000 378.71000 49.37000 13.21000 52.06100
10 11 20 13 56 12958.40000 4.32300000 379.10000 49.37000 13.21000 52.06100
10 11 20 13 56 12958.50000 4.32300000 379.20000 49.37000 13.21000 52.07300
10 11 20 13 57 12964.00000 4.32300000 379.15000 49.37000 13.21000 52.07300
10 11 20 13 57 12965.00000 4.32300000 379.15000 49.37000 13.21000 52.07300
10 11 20 13 58 12970.00000 4.32300000 379.15000 49.37000 13.21000 52.07300
10 11 20 13 58 12982.70000 4.32300000 379.15000 49.37000 13.21000 52.07300
10 11 20 13 58 12989.90000 4.32300000 379.27000 49.37000 13.21000 52.07300
10 11 20 13 59 12981.20000 4.32300000 379.27000 49.37000 13.21000 52.07300
10 11 20 13 59 12978.10000 4.32300000 379.27000 49.37000 13.21000 52.07300
