M=[
28 7 21 05 22 33889.30000 41.57700000 1947.37000 114.51000 23.63100 86.66100
28 7 21 05 22 33838.20000 41.57700000 1945.00000 114.51000 23.63100 86.66100
28 7 21 05 22 33845.40000 41.57700000 1945.00000 114.51000 23.63100 86.66100
28 7 21 05 23 33900.00000 41.57700000 1947.12000 114.51000 23.63100 86.66100
28 7 21 05 23 33891.00000 41.57700000 1947.24000 114.51000 23.63100 86.66100
28 7 21 05 24 33855.30000 41.57700000 1947.39000 114.51000 23.74200 86.66100
28 7 21 05 24 33855.30000 41.57700000 1947.38000 114.70000 23.74200 86.66100
28 7 21 05 25 33860.70000 41.57700000 1946.95000 114.70000 23.73500 86.66100
28 7 21 05 25 33870.50000 41.57700000 1946.95000 114.70000 23.73500 86.66100
28 7 21 05 25 33882.70000 41.57700000 1947.47000 114.70000 23.73500 86.66100
28 7 21 05 26 33879.20000 41.57700000 1948.58000 114.70000 23.73500 86.66100
28 7 21 05 26 33865.50000 41.57700000 1947.43000 114.70000 23.70900 86.66100
28 7 21 05 27 33846.00000 41.57700000 1947.43000 114.70000 23.55100 86.66100
28 7 21 05 27 33868.00000 41.57700000 1946.95000 114.70000 23.55100 86.66100
28 7 21 05 28 33883.20000 41.57700000 1947.28000 114.76000 23.55100 86.66100
28 7 21 05 28 33888.10000 41.57700000 1946.95000 114.76000 23.55100 86.66100
28 7 21 05 29 33882.30000 41.57700000 1946.94000 114.76000 23.55100 86.66100
28 7 21 05 29 33873.80000 41.57700000 1946.94000 114.76000 23.55100 86.66100
28 7 21 05 29 33878.20000 41.57700000 1946.99000 114.76000 23.55100 86.66100
28 7 21 05 30 33870.10000 41.57700000 1946.96000 114.76000 23.55100 87.30800
28 7 21 05 30 33847.90000 41.57700000 1946.95000 114.72000 23.55100 87.30800
28 7 21 05 31 33845.60000 41.57700000 1945.01000 114.72000 23.55100 87.30800
28 7 21 05 31 33878.20000 41.57700000 1945.48000 114.72000 23.55100 87.30800
28 7 21 05 32 33872.00000 41.57700000 1945.75000 114.61000 23.55100 87.30800
28 7 21 05 32 33851.30000 41.57700000 1945.32000 114.61000 23.55100 87.22300
28 7 21 05 32 33853.30000 41.57700000 1945.02000 114.61000 23.55100 87.22300
28 7 21 05 33 33845.00000 41.57700000 1942.88000 114.61000 23.55100 87.22300
28 7 21 05 33 33846.20000 41.57700000 1944.22000 114.61000 23.55100 87.22300
28 7 21 05 34 33845.90000 41.57700000 1942.94000 114.61000 23.55100 87.22300
28 7 21 05 34 33845.20000 41.57700000 1942.89000 114.61000 23.55100 87.22300
28 7 21 05 35 33778.40000 41.57700000 1940.81000 114.61000 23.55100 87.22300
28 7 21 05 35 33748.30000 41.57700000 1939.48000 114.61000 23.55100 87.22300
28 7 21 05 35 33817.20000 41.57700000 1941.60000 114.45000 23.55100 87.22300
28 7 21 05 36 33766.00000 41.43700000 1939.94000 114.45000 23.55100 87.22300
28 7 21 05 36 33815.00000 41.49400000 1940.56000 114.45000 23.55100 87.22300
28 7 21 05 37 33816.00000 41.49400000 1941.17000 114.45000 23.55100 87.22300
28 7 21 05 37 33815.70000 41.49400000 1940.30000 114.45000 23.55100 87.22300
28 7 21 05 38 33807.00000 41.49400000 1941.11000 114.45000 23.55100 87.22300
28 7 21 05 38 33822.50000 41.49400000 1941.11000 114.45000 23.55100 86.95600
28 7 21 05 39 33835.80000 41.49400000 1941.14000 114.45000 23.55100 86.95600
28 7 21 05 39 33877.00000 41.49400000 1941.14000 114.45000 23.55100 86.95600
28 7 21 05 39 33891.20000 41.49400000 1944.13000 114.45000 23.55100 86.95600
28 7 21 05 40 33915.80000 41.62400000 1946.00000 114.77000 23.55100 86.95600
28 7 21 05 40 33933.30000 41.62400000 1946.71000 114.77000 23.55100 86.95600
28 7 21 05 41 33921.90000 41.62400000 1945.66000 114.65000 23.55100 86.95600
28 7 21 05 41 33925.40000 41.62400000 1945.66000 114.65000 23.55100 86.95600
28 7 21 05 42 33912.50000 41.62400000 1945.91000 114.65000 23.55100 86.95600
28 7 21 05 42 33912.40000 41.62400000 1945.91000 114.65000 23.55100 86.95600
28 7 21 05 42 33912.40000 41.62400000 1946.47000 114.65000 23.55100 86.95600
28 7 21 05 43 33933.30000 41.62400000 1946.05000 114.65000 23.55100 86.95600
28 7 21 05 43 33933.20000 41.62400000 1946.50000 114.65000 23.55100 86.95600
28 7 21 05 44 33999.90000 41.62400000 1949.06000 114.65000 23.55100 86.95600
28 7 21 05 44 33989.10000 41.62400000 1950.03000 114.65000 23.55100 86.95600
28 7 21 05 45 33983.40000 41.62400000 1950.55000 114.91000 23.55100 86.95600
28 7 21 05 45 33957.00000 41.62400000 1948.71000 114.91000 23.55100 86.95600
28 7 21 05 45 33948.30000 41.62400000 1948.35000 114.79000 23.55100 86.95600
28 7 21 05 46 33937.60000 41.62400000 1947.73000 114.76000 23.55100 87.24700
28 7 21 05 46 33913.70000 41.62400000 1947.73000 114.76000 23.55100 87.24700
28 7 21 05 47 33892.10000 41.62400000 1947.10000 114.76000 23.55100 87.24700
28 7 21 05 47 33868.70000 41.62400000 1945.90000 114.58000 23.55100 87.24700
28 7 21 05 48 33888.80000 41.62400000 1945.89000 114.64000 23.55100 87.24700
28 7 21 05 48 33913.60000 41.62400000 1947.07000 114.64000 23.65200 87.24700
28 7 21 05 49 33941.00000 41.62400000 1947.88000 114.64000 23.65200 87.24700
28 7 21 05 49 33928.60000 41.62400000 1946.23000 114.64000 23.65200 87.24700
28 7 21 05 49 33948.70000 41.62400000 1946.41000 114.81000 23.65200 87.24700
28 7 21 05 50 33949.90000 41.62400000 1947.24000 114.81000 23.65200 87.24700
28 7 21 05 50 33919.30000 41.62400000 1945.90000 114.81000 23.65200 87.24700
28 7 21 05 51 33935.70000 41.62400000 1944.96000 114.81000 23.65200 87.24700
28 7 21 05 51 33930.20000 41.62400000 1944.96000 114.81000 23.65200 87.24700
28 7 21 05 52 33920.80000 41.62400000 1943.15000 114.81000 23.65200 87.24700
28 7 21 05 52 33885.00000 41.62400000 1943.24000 114.81000 23.65200 87.24700
28 7 21 05 52 33896.50000 41.62400000 1942.21000 114.47000 23.65200 87.24700
28 7 21 05 53 33896.50000 41.62400000 1942.21000 114.47000 23.65200 87.24700
28 7 21 05 53 33896.50000 41.62400000 1942.21000 114.47000 23.65200 87.24700
28 7 21 05 54 33925.00000 41.62400000 1942.99000 114.47000 23.65200 87.24700
28 7 21 05 54 33950.00000 41.62400000 1943.15000 114.47000 23.65200 87.24700
28 7 21 05 55 33947.40000 41.62400000 1943.02000 114.47000 23.65200 87.24700
28 7 21 05 55 33947.40000 41.62400000 1943.02000 114.36000 23.65200 87.24700
28 7 21 05 55 33949.90000 41.62400000 1943.14000 114.36000 23.65200 87.24700
28 7 21 05 56 33950.00000 41.62400000 1942.25000 114.36000 23.65200 87.24700
28 7 21 05 56 33950.00000 41.62400000 1942.25000 114.25000 23.65200 87.24700
28 7 21 05 57 33947.40000 41.62400000 1940.79000 114.25000 23.65200 87.24700
28 7 21 05 57 33906.10000 41.62400000 1941.17000 114.25000 23.65200 87.24700
28 7 21 05 58 33933.20000 41.62400000 1942.00000 114.35000 23.65200 87.24700
28 7 21 05 58 33950.00000 41.62400000 1943.22000 114.40000 23.65200 87.24700
28 7 21 05 58 33967.50000 41.64200000 1944.33000 114.45000 23.63300 87.24700
28 7 21 05 59 33984.90000 41.64200000 1944.82000 114.45000 23.63300 87.24700
28 7 21 05 59 33983.90000 41.64200000 1945.88000 114.45000 23.63300 87.24700
28 7 21 06 00 33973.30000 41.64200000 1945.00000 114.45000 23.63300 87.24700
28 7 21 06 00 33941.40000 41.58100000 1941.48000 114.45000 23.63300 87.24700
28 7 21 06 01 33927.60000 41.58100000 1941.48000 114.36000 23.63300 87.24700
28 7 21 06 01 33955.80000 41.58100000 1943.46000 114.34000 23.63300 87.24700
28 7 21 06 02 33959.90000 41.58100000 1943.46000 114.34000 23.63300 87.24700
28 7 21 06 02 34000.00000 41.58100000 1946.18000 114.38000 23.63300 87.24700
28 7 21 06 02 33970.90000 41.58100000 1945.01000 114.39000 23.63300 87.24700
28 7 21 06 03 33995.10000 41.58100000 1946.38000 114.39000 23.69400 87.24700
28 7 21 06 03 33999.80000 41.58100000 1946.99000 114.39000 23.69400 87.24700
28 7 21 06 04 33999.10000 41.58100000 1945.28000 114.39000 23.73500 87.24700
28 7 21 06 04 33978.20000 41.58100000 1946.38000 114.39000 23.73500 87.24700
28 7 21 06 05 33975.60000 41.58100000 1946.26000 114.39000 23.73500 87.24700
28 7 21 06 05 33965.10000 41.58100000 1945.01000 114.39000 23.73500 87.24700
28 7 21 06 05 33965.00000 41.58100000 1945.01000 114.39000 23.73500 87.24700
28 7 21 06 06 33952.30000 41.53600000 1943.79000 114.39000 23.73500 87.24700
