M=[
26 4 21 05 24 43324.00000 26.00000000 2026.76000 197.13000 30.43400 175.30100
26 4 21 05 25 43324.00000 26.00000000 2025.50000 197.13000 30.43400 175.30100
26 4 21 05 25 43357.50000 26.00000000 2026.03000 197.32000 30.43400 175.30100
26 4 21 05 25 43366.50000 26.00000000 2029.26000 197.33000 30.43400 175.30100
26 4 21 05 26 43369.70000 26.00000000 2029.71000 197.21000 30.43400 175.30100
26 4 21 05 26 43366.20000 26.10700000 2029.71000 197.21000 30.43400 175.30100
26 4 21 05 27 43368.20000 26.10700000 2029.71000 197.42000 30.43400 175.30100
26 4 21 05 27 43368.20000 26.11100000 2030.38000 197.42000 30.43400 175.30100
26 4 21 05 28 43368.10000 26.11100000 2030.00000 197.35000 30.43400 175.30100
26 4 21 05 28 43379.40000 26.11100000 2030.13000 197.33000 30.43400 175.30100
26 4 21 05 28 43369.50000 26.12300000 2030.12000 197.33000 30.43400 175.30100
26 4 21 05 29 43377.10000 26.12300000 2030.13000 197.33000 30.43400 175.30100
26 4 21 05 29 43377.10000 26.12300000 2030.20000 197.49000 30.43400 175.30100
26 4 21 05 30 43364.60000 26.19700000 2032.17000 197.49000 30.43400 175.30100
26 4 21 05 30 43376.90000 26.19700000 2033.33000 197.53000 30.43400 175.30100
26 4 21 05 31 43389.10000 26.19700000 2033.44000 197.61000 30.60700 175.30100
26 4 21 05 31 43351.30000 26.20000000 2034.50000 197.38000 30.60700 175.30100
26 4 21 05 31 43396.00000 26.20000000 2034.00000 197.62000 30.60700 175.30100
26 4 21 05 32 43400.00000 26.20000000 2034.46000 197.68000 30.60700 175.30100
26 4 21 05 32 43421.40000 26.20000000 2037.39000 197.68000 30.60700 175.30100
26 4 21 05 33 43420.40000 26.20000000 2037.70000 197.68000 30.60700 175.30100
26 4 21 05 33 43404.80000 26.20000000 2037.71000 197.68000 30.47100 175.30100
26 4 21 05 34 43431.40000 26.29100000 2037.71000 197.70000 30.47100 175.30100
26 4 21 05 34 43437.80000 26.29100000 2038.32000 197.70000 30.15600 175.30100
26 4 21 05 34 43407.70000 26.29100000 2036.76000 197.70000 30.15600 175.30100
26 4 21 05 35 43445.90000 26.29100000 2036.76000 197.70000 30.47900 175.30100
26 4 21 05 35 43460.10000 26.29100000 2037.00000 197.70000 30.47900 175.30100
26 4 21 05 36 43474.50000 26.29100000 2037.00000 197.70000 30.47900 175.30100
26 4 21 05 36 43479.80000 26.29100000 2037.74000 197.99000 30.47900 175.30100
26 4 21 05 37 43472.00000 26.29100000 2038.25000 197.97000 30.47900 175.30100
26 4 21 05 37 43472.10000 26.29100000 2038.26000 197.97000 30.47900 175.30100
26 4 21 05 37 43460.20000 26.29100000 2037.65000 197.97000 30.47900 175.30100
26 4 21 05 38 43480.90000 26.29100000 2038.69000 198.15000 30.47900 175.30100
26 4 21 05 38 43484.10000 26.29100000 2038.69000 198.15000 30.47900 175.30100
26 4 21 05 39 43472.00000 26.29100000 2038.65000 198.40000 30.47900 175.30100
26 4 21 05 39 43491.20000 26.28800000 2038.59000 198.30000 30.47900 175.30100
26 4 21 05 40 43473.20000 26.20400000 2038.58000 198.34000 30.47900 175.30100
26 4 21 05 40 43465.10000 26.20400000 2038.29000 198.34000 30.47900 175.30100
26 4 21 05 40 43428.50000 26.20400000 2037.89000 198.36000 30.47900 175.30100
26 4 21 05 41 43426.20000 26.20400000 2038.38000 198.76000 30.47900 175.30100
26 4 21 05 41 43427.80000 26.16700000 2038.69000 198.76000 30.47900 177.12900
26 4 21 05 42 43436.40000 26.16700000 2038.19000 198.68000 30.47900 177.12900
26 4 21 05 42 43410.30000 26.11800000 2037.42000 198.65000 30.47900 177.12900
26 4 21 05 43 43410.50000 26.11800000 2035.99000 198.60000 30.47900 177.12900
26 4 21 05 43 43435.40000 26.11800000 2038.44000 198.59000 30.47900 177.12900
26 4 21 05 43 43410.30000 26.16700000 2036.85000 198.60000 30.47900 177.12900
26 4 21 05 44 43419.70000 26.16700000 2035.65000 198.61000 30.47900 177.12900
26 4 21 05 44 43423.40000 26.16700000 2036.24000 198.61000 30.47900 177.12900
26 4 21 05 45 43425.10000 26.16700000 2035.73000 198.44000 30.47900 177.12900
26 4 21 05 45 43436.30000 26.16700000 2038.63000 198.56000 30.47900 177.12900
26 4 21 05 46 43460.00000 26.16700000 2038.62000 198.65000 30.47900 177.12900
26 4 21 05 46 43455.30000 26.16700000 2039.00000 198.58000 30.47900 177.12900
26 4 21 05 46 43456.00000 26.16700000 2038.98000 198.71000 30.47900 177.12900
26 4 21 05 47 43450.10000 26.16700000 2039.00000 198.60000 30.47900 177.05200
26 4 21 05 47 43436.40000 26.16700000 2038.22000 198.60000 30.58100 177.05200
26 4 21 05 48 43439.10000 26.16700000 2038.17000 198.60000 30.58100 177.10200
26 4 21 05 48 43441.80000 26.16700000 2038.19000 198.66000 30.69900 177.10200
26 4 21 05 49 43445.70000 26.16700000 2038.30000 198.64000 30.58300 177.10200
26 4 21 05 49 43460.00000 26.09000000 2038.31000 198.75000 30.58300 177.10200
26 4 21 05 49 43457.10000 26.09000000 2038.53000 198.67000 30.58300 177.10200
26 4 21 05 50 43442.80000 26.09000000 2037.89000 198.78000 30.58300 177.55700
26 4 21 05 50 43435.00000 26.13900000 2036.50000 198.77000 30.58300 177.55700
26 4 21 05 51 43409.10000 26.07900000 2036.65000 198.77000 30.58300 177.55700
26 4 21 05 51 43413.80000 26.07900000 2036.73000 198.74000 30.51100 177.39800
26 4 21 05 52 43418.30000 26.07900000 2036.97000 198.90000 30.51100 177.39800
26 4 21 05 52 43418.80000 26.07900000 2036.91000 198.96000 30.51100 177.39800
26 4 21 05 52 43401.10000 26.08000000 2036.69000 198.96000 30.51100 177.39800
26 4 21 05 53 43383.00000 26.08000000 2034.43000 198.96000 30.51100 177.22800
26 4 21 05 53 43401.00000 26.08000000 2033.87000 199.10000 30.51100 177.22800
26 4 21 05 54 43365.40000 26.08000000 2033.00000 199.29000 30.51100 177.22800
26 4 21 05 54 43401.00000 26.05700000 2033.58000 199.50000 30.43100 177.22800
26 4 21 05 55 43400.00000 26.05700000 2033.70000 199.60000 30.43100 177.22800
26 4 21 05 55 43400.00000 26.05700000 2036.45000 199.94000 30.43100 177.22800
26 4 21 05 55 43453.00000 26.05700000 2039.47000 200.00000 30.43100 177.22800
26 4 21 05 56 43464.10000 26.05700000 2043.00000 200.35000 30.43100 177.22800
26 4 21 05 56 43478.30000 26.05700000 2043.00000 200.36000 30.43100 177.22800
26 4 21 05 57 43469.30000 26.05700000 2041.15000 200.04000 30.43100 177.22800
26 4 21 05 57 43461.40000 26.05700000 2043.00000 199.68000 30.43100 177.22800
26 4 21 05 58 43480.00000 26.05700000 2044.19000 199.73000 30.43100 177.22800
26 4 21 05 58 43562.30000 26.30000000 2046.51000 200.25000 30.43100 177.22800
26 4 21 05 58 43551.70000 26.30000000 2047.52000 200.48000 30.43100 177.22800
26 4 21 05 59 43541.10000 26.34100000 2044.98000 200.38000 30.43100 178.96800
26 4 21 05 59 43531.70000 26.34100000 2044.93000 200.47000 30.43100 178.96800
26 4 21 06 00 43580.20000 26.34100000 2046.40000 200.60000 30.43100 178.94000
26 4 21 06 00 43616.00000 26.38000000 2049.50000 200.92000 30.43100 178.94000
26 4 21 06 01 43607.80000 26.38000000 2049.98000 200.77000 30.43100 179.00000
26 4 21 06 01 43607.80000 26.38000000 2049.01000 200.53000 30.43100 179.00000
26 4 21 06 01 43600.00000 26.38000000 2045.88000 200.32000 30.43100 179.00000
26 4 21 06 02 43541.40000 26.38000000 2041.94000 200.32000 30.50300 179.20700
26 4 21 06 02 43550.10000 26.38000000 2042.02000 200.23000 30.50300 179.20700
26 4 21 06 03 43550.10000 26.38000000 2043.15000 200.15000 30.50300 179.20700
26 4 21 06 03 43550.10000 26.38000000 2041.90000 200.14000 30.50300 179.20700
26 4 21 06 04 43550.10000 26.38000000 2040.02000 200.14000 30.50300 179.20700
26 4 21 06 04 43526.50000 26.38000000 2038.20000 199.92000 30.50300 179.20700
26 4 21 06 04 43508.60000 26.38000000 2038.86000 199.79000 30.50300 179.20700
26 4 21 06 05 43534.00000 26.38000000 2042.85000 200.00000 30.50300 178.45300
26 4 21 06 05 43504.00000 26.33900000 2039.50000 199.92000 30.69900 178.45300
26 4 21 06 06 43538.60000 26.33900000 2042.05000 200.14000 30.69900 178.45300
26 4 21 06 06 43535.20000 26.33900000 2042.86000 200.14000 30.69900 179.02700
26 4 21 06 07 43516.40000 26.40000000 2040.97000 200.14000 30.69900 179.02700
26 4 21 06 07 43529.20000 26.40000000 2042.99000 200.14000 30.69900 179.02700
26 4 21 06 07 43529.30000 26.40000000 2043.47000 200.14000 30.69900 178.57100
