M=[
 4 12 20 09 55 15948.60000 5.33000000 501.52000 72.31000 13.90800 62.34800
 4 12 20 09 55 15948.60000 5.33000000 501.53000 72.31000 13.90800 62.24800
 4 12 20 09 56 15948.90000 5.33000000 501.12000 72.28000 13.90800 62.24800
 4 12 20 09 56 15949.00000 5.33000000 501.07000 72.28000 13.90800 62.24800
 4 12 20 09 56 15949.00000 5.33000000 501.08000 72.28000 13.90800 62.24800
 4 12 20 09 57 15949.00000 5.33000000 501.11000 72.28000 13.90800 62.24800
 4 12 20 09 57 15949.00000 5.33000000 501.02000 72.28000 13.90800 62.24800
 4 12 20 09 58 15949.00000 5.33000000 501.03000 72.28000 13.90800 62.24800
 4 12 20 09 58 15949.00000 5.33000000 500.84000 72.28000 13.90800 62.24800
 4 12 20 09 59 15948.90000 5.33000000 500.84000 72.26000 13.90800 62.24800
 4 12 20 09 59 15949.00000 5.33000000 501.00000 72.26000 13.90800 62.24800
 4 12 20 10 00 15949.00000 5.33000000 501.00000 72.26000 13.90800 62.24800
 4 12 20 10 00 15949.10000 5.33000000 501.00000 72.26000 13.90800 62.24800
 4 12 20 10 00 15943.60000 5.33000000 501.16000 72.26000 13.90800 62.24800
 4 12 20 10 01 15931.50000 5.33000000 500.55000 72.25000 13.90800 62.24800
 4 12 20 10 01 15927.30000 5.33000000 500.55000 72.09000 13.90800 62.24800
 4 12 20 10 02 15926.40000 5.33000000 500.22000 72.09000 13.90800 62.24800
 4 12 20 10 02 15926.40000 5.30500000 500.23000 72.11000 13.90800 62.24800
 4 12 20 10 03 15926.30000 5.30500000 500.39000 72.12000 13.90800 62.24800
 4 12 20 10 03 15927.40000 5.30500000 500.33000 72.12000 13.90800 62.24800
 4 12 20 10 04 15928.30000 5.30500000 500.38000 72.12000 13.90800 62.30000
 4 12 20 10 04 15934.00000 5.30500000 500.38000 72.12000 13.90800 62.30000
 4 12 20 10 04 15930.70000 5.30500000 500.83000 72.24000 13.90800 62.30000
 4 12 20 10 05 15933.10000 5.30500000 500.81000 72.24000 13.90800 62.30000
 4 12 20 10 05 15926.50000 5.30500000 500.31000 72.24000 13.90800 62.30000
 4 12 20 10 06 15926.50000 5.30500000 500.05000 72.16000 13.90800 62.30000
 4 12 20 10 06 15926.40000 5.30500000 500.01000 72.16000 13.90800 62.30000
 4 12 20 10 07 15880.00000 5.30500000 498.00000 71.90000 13.90800 62.13900
 4 12 20 10 07 15875.60000 5.30500000 498.00000 71.84000 13.90800 62.13900
 4 12 20 10 08 15850.70000 5.26100000 497.42000 71.62000 13.90800 61.90000
 4 12 20 10 08 15868.90000 5.26100000 498.00000 71.65000 13.90800 61.90000
 4 12 20 10 08 15849.10000 5.26100000 497.44000 71.64000 13.90800 61.90000
 4 12 20 10 09 15836.20000 5.26100000 497.50000 71.57000 13.90800 61.90000
 4 12 20 10 09 15825.00000 5.26100000 496.40000 71.50000 13.90800 61.90000
 4 12 20 10 10 15829.90000 5.26100000 496.79000 71.42000 13.90400 61.90000
 4 12 20 10 10 15816.90000 5.26100000 496.75000 71.45000 13.90400 61.90000
 4 12 20 10 11 15803.60000 5.25700000 496.48000 71.27000 13.90400 61.90000
 4 12 20 10 11 15738.40000 5.22700000 495.01000 70.98000 13.90400 61.48000
 4 12 20 10 12 15743.60000 5.22700000 495.10000 71.26000 13.90400 61.64900
 4 12 20 10 12 15755.60000 5.22700000 495.66000 71.25000 13.90400 61.64900
 4 12 20 10 12 15745.80000 5.23200000 495.43000 71.27000 13.90400 61.62000
 4 12 20 10 13 15759.20000 5.22200000 495.18000 71.29000 13.90400 61.62000
 4 12 20 10 13 15770.90000 5.22200000 495.07000 71.34000 13.90400 61.62000
 4 12 20 10 14 15779.00000 5.22200000 495.80000 71.34000 13.90400 61.62000
 4 12 20 10 14 15761.20000 5.20800000 495.17000 71.32000 13.90400 61.62000
 4 12 20 10 15 15750.00000 5.20400000 494.63000 71.11000 13.90400 61.28300
 4 12 20 10 15 15713.20000 5.18700000 489.79000 70.72000 13.90400 61.20000
 4 12 20 10 16 15690.00000 5.17700000 489.86000 70.69000 13.90400 60.90700
 4 12 20 10 16 15647.70000 5.13500000 488.37000 70.57000 13.90400 60.74800
 4 12 20 10 16 15612.60000 5.13100000 487.95000 70.49000 13.56600 60.83500
 4 12 20 10 17 15611.80000 5.07600000 488.27000 70.54000 13.56600 60.83500
 4 12 20 10 17 15575.70000 5.07600000 487.04000 70.00000 13.56600 60.43300
 4 12 20 10 18 15594.90000 5.11800000 487.54000 69.87000 13.56600 60.29800
 4 12 20 10 18 15638.20000 5.12800000 488.28000 70.14000 13.56600 60.51100
 4 12 20 10 19 15625.30000 5.12800000 488.57000 70.29000 13.56600 60.58000
 4 12 20 10 19 15622.90000 5.12400000 488.27000 70.09000 13.56600 60.46100
 4 12 20 10 20 15614.10000 5.12400000 488.38000 70.07000 13.56600 60.55800
 4 12 20 10 20 15649.10000 5.12400000 488.78000 70.12000 13.56600 60.50000
 4 12 20 10 20 15673.80000 5.12400000 489.62000 70.13000 13.56600 60.66100
 4 12 20 10 21 15653.50000 5.13400000 489.00000 70.20000 13.56600 60.53500
 4 12 20 10 21 15655.20000 5.13400000 488.76000 70.23000 13.56600 60.53500
 4 12 20 10 22 15660.70000 5.13400000 488.89000 70.31000 13.56600 60.53500
 4 12 20 10 22 15663.90000 5.14700000 489.13000 70.39000 13.56600 60.77800
 4 12 20 10 23 15665.10000 5.14300000 488.39000 70.42000 13.56600 60.77800
 4 12 20 10 23 15660.00000 5.14300000 488.53000 70.20000 13.56600 60.77800
 4 12 20 10 23 15652.60000 5.14300000 488.81000 70.20000 13.56600 60.77800
 4 12 20 10 24 15640.50000 5.14300000 488.40000 70.23000 13.56600 60.77800
 4 12 20 10 24 15619.60000 5.14300000 488.13000 70.09000 13.56600 60.77800
 4 12 20 10 25 15642.10000 5.14300000 488.69000 70.08000 13.56600 60.77800
 4 12 20 10 25 15648.50000 5.14300000 489.14000 70.10000 13.56600 60.77800
 4 12 20 10 26 15678.60000 5.14300000 489.39000 70.18000 13.56600 60.77800
 4 12 20 10 26 15670.40000 5.14300000 489.27000 70.25000 13.56600 60.77800
 4 12 20 10 26 15671.00000 5.14300000 489.09000 70.42000 13.56600 60.77800
 4 12 20 10 27 15662.60000 5.14300000 489.07000 70.45000 13.56600 60.70800
 4 12 20 10 27 15646.00000 5.15100000 488.75000 70.24000 13.76300 60.70800
 4 12 20 10 28 15636.00000 5.15400000 488.76000 70.24000 13.84900 60.70800
 4 12 20 10 28 15638.10000 5.15400000 488.12000 70.24000 13.84900 60.70800
 4 12 20 10 29 15637.60000 5.15400000 488.20000 70.03000 13.84900 60.70800
 4 12 20 10 29 15630.10000 5.15400000 488.09000 70.06000 13.84900 60.70800
 4 12 20 10 29 15632.50000 5.15400000 488.03000 70.02000 13.84900 60.65100
 4 12 20 10 30 15623.10000 5.15400000 488.05000 70.03000 13.84900 60.65100
 4 12 20 10 30 15612.30000 5.15400000 486.92000 69.87000 13.70800 60.65100
 4 12 20 10 31 15600.00000 5.16100000 486.56000 69.68000 13.70800 60.65100
 4 12 20 10 31 15644.90000 5.16100000 487.89000 70.05000 13.70800 60.65100
 4 12 20 10 32 15647.70000 5.16600000 488.27000 70.23000 13.70800 60.65100
 4 12 20 10 32 15652.10000 5.16600000 488.02000 70.23000 13.70800 60.65100
 4 12 20 10 32 15642.40000 5.16600000 487.63000 70.27000 13.70800 60.63100
 4 12 20 10 33 15639.90000 5.16600000 486.79000 70.30000 13.70800 60.63100
 4 12 20 10 33 15642.40000 5.16600000 486.47000 70.30000 13.70800 60.63100
 4 12 20 10 34 15641.90000 5.15400000 486.37000 70.16000 13.70800 60.63100
 4 12 20 10 34 15640.40000 5.15400000 486.57000 70.16000 13.70800 60.63100
 4 12 20 10 35 15642.40000 5.15400000 487.61000 70.38000 13.70800 60.63100
 4 12 20 10 35 15625.10000 5.15400000 486.32000 70.21000 13.70800 60.63100
 4 12 20 10 35 15642.40000 5.15400000 486.95000 70.18000 13.70800 60.63100
 4 12 20 10 36 15639.50000 5.15400000 486.82000 70.18000 13.70800 60.63100
 4 12 20 10 36 15639.50000 5.15400000 486.50000 70.13000 13.70800 60.63100
 4 12 20 10 37 15639.50000 5.15400000 486.50000 70.12000 13.70800 60.63100
 4 12 20 10 37 15639.60000 5.15400000 486.42000 70.21000 13.70800 60.63100
 4 12 20 10 38 15639.60000 5.15400000 486.50000 70.23000 13.70800 60.63100
 4 12 20 10 38 15642.00000 5.15400000 486.93000 70.38000 13.70800 60.63100
 4 12 20 10 38 15666.60000 5.15400000 487.93000 70.45000 13.70800 60.63100
 4 12 20 10 39 15664.60000 5.15400000 487.98000 70.58000 13.70800 60.63100
 4 12 20 10 39 15679.60000 5.15400000 487.87000 70.66000 13.70800 60.63100
 4 12 20 10 40 15680.00000 5.15400000 488.10000 70.57000 13.70800 60.86500
 4 12 20 10 40 15679.90000 5.15400000 488.43000 70.65000 13.70800 60.86500
 4 12 20 10 41 15692.60000 5.16600000 488.58000 70.58000 13.70800 60.86500
