M=[
21 7 21 07 30 26249.00000 35.23300000 1594.02000 95.65000 15.68000 77.88100
21 7 21 07 30 26249.00000 35.23300000 1594.02000 95.65000 15.73500 77.88100
21 7 21 07 31 26274.20000 35.23300000 1595.00000 95.65000 15.73500 77.88100
21 7 21 07 31 26249.00000 35.23600000 1593.29000 95.60000 15.73500 77.88100
21 7 21 07 32 26229.00000 35.23600000 1592.26000 95.41000 15.73500 77.65200
21 7 21 07 32 26228.90000 35.23600000 1591.88000 95.41000 15.73500 77.65200
21 7 21 07 32 26234.20000 35.23600000 1591.88000 95.41000 15.73500 77.65200
21 7 21 07 33 26232.50000 35.23600000 1591.26000 95.34000 15.73500 77.65200
21 7 21 07 33 26221.60000 35.23600000 1590.83000 95.34000 15.73500 77.65200
21 7 21 07 34 26223.50000 35.23600000 1590.43000 95.34000 15.73500 77.65200
21 7 21 07 34 26211.50000 35.23600000 1589.84000 95.27000 15.73500 77.65200
21 7 21 07 35 26210.90000 35.23600000 1588.59000 95.27000 15.73500 77.65200
21 7 21 07 35 26220.90000 35.23600000 1590.06000 95.27000 15.73500 77.65200
21 7 21 07 35 26217.00000 35.23600000 1589.30000 95.24000 15.73500 77.65200
21 7 21 07 36 26218.80000 35.23600000 1589.13000 95.32000 15.73500 77.65200
21 7 21 07 36 26216.30000 35.23600000 1589.82000 95.33000 15.73500 77.65200
21 7 21 07 37 26213.40000 35.23600000 1589.36000 95.33000 15.73500 77.48000
21 7 21 07 37 26220.00000 35.30800000 1589.36000 95.33000 15.73500 77.48000
21 7 21 07 38 26231.20000 35.30800000 1589.71000 95.33000 15.73500 77.48000
21 7 21 07 38 26228.90000 35.30800000 1589.72000 95.33000 15.73500 77.48000
21 7 21 07 38 26229.70000 35.30800000 1589.74000 95.33000 15.70800 77.48000
21 7 21 07 39 26227.90000 35.30800000 1589.43000 95.33000 15.70800 77.48000
21 7 21 07 39 26204.00000 35.30800000 1587.02000 95.33000 15.70800 77.48000
21 7 21 07 40 26199.80000 35.30800000 1587.02000 95.23000 15.70800 77.48000
21 7 21 07 40 26199.90000 35.30800000 1586.72000 95.23000 15.70800 77.48000
21 7 21 07 41 26199.90000 35.30800000 1588.42000 95.23000 15.70800 77.48000
21 7 21 07 41 26199.90000 35.30800000 1589.65000 95.23000 15.70800 77.48000
21 7 21 07 41 26194.80000 35.30800000 1588.78000 95.20000 15.70800 77.48000
21 7 21 07 42 26183.90000 35.30800000 1586.51000 95.20000 15.70800 77.48000
21 7 21 07 42 26166.40000 35.30800000 1586.56000 95.07000 15.72000 77.48000
21 7 21 07 43 26187.60000 35.30800000 1586.19000 95.07000 15.72000 77.48000
21 7 21 07 43 26181.40000 35.30800000 1586.78000 95.07000 15.72000 77.48000
21 7 21 07 44 26186.20000 35.30800000 1586.19000 95.02000 15.72000 77.30700
21 7 21 07 44 26173.90000 35.30800000 1586.19000 95.02000 15.71200 77.30700
21 7 21 07 45 26180.20000 35.30800000 1584.47000 95.02000 15.71200 77.30700
21 7 21 07 45 26185.30000 35.30800000 1585.53000 95.02000 15.71200 77.30700
21 7 21 07 45 26190.00000 35.30800000 1586.43000 95.02000 15.71200 77.30700
21 7 21 07 46 26190.10000 35.30800000 1586.11000 95.12000 15.71200 77.30700
21 7 21 07 46 26190.10000 35.30800000 1586.05000 95.12000 15.71200 77.30700
21 7 21 07 47 26193.50000 35.18400000 1586.19000 95.15000 15.71200 77.28500
21 7 21 07 47 26190.00000 35.18400000 1586.19000 95.15000 15.71200 77.28500
21 7 21 07 48 26190.10000 35.18400000 1586.19000 95.15000 15.71200 77.28500
21 7 21 07 48 26190.50000 35.18400000 1586.19000 95.14000 15.71200 77.28500
21 7 21 07 48 26190.10000 35.18400000 1588.03000 95.14000 15.71200 77.28500
21 7 21 07 49 26190.00000 35.18400000 1590.12000 95.14000 15.71200 77.28500
21 7 21 07 49 26190.10000 35.18400000 1591.25000 95.14000 15.71200 77.28500
21 7 21 07 50 26182.00000 35.18400000 1590.99000 95.14000 15.71200 77.28500
21 7 21 07 50 26190.50000 35.18400000 1592.00000 95.10000 15.71200 77.28500
21 7 21 07 51 26190.50000 35.18400000 1593.64000 95.10000 15.71200 77.28500
21 7 21 07 51 26190.40000 35.28100000 1593.84000 95.10000 15.71200 77.28500
21 7 21 07 51 26190.50000 35.28100000 1592.67000 95.10000 15.73800 77.28500
21 7 21 07 52 26190.50000 35.28100000 1592.26000 95.04000 15.73800 77.28500
21 7 21 07 52 26190.50000 35.28100000 1592.26000 95.04000 15.73800 77.28500
21 7 21 07 53 26195.00000 35.28100000 1590.64000 95.04000 15.73800 77.28500
21 7 21 07 53 26195.00000 35.28100000 1589.83000 95.04000 15.73800 77.28500
21 7 21 07 54 26194.90000 35.20400000 1588.85000 95.04000 15.73800 77.28500
21 7 21 07 54 26195.00000 35.20400000 1587.88000 94.93000 15.73800 77.28500
21 7 21 07 54 26192.50000 35.20400000 1587.88000 94.93000 15.73800 77.28500
21 7 21 07 55 26194.80000 35.20400000 1587.55000 94.93000 15.73800 77.28500
21 7 21 07 55 26195.00000 35.20400000 1588.53000 94.93000 15.73800 77.28500
21 7 21 07 56 26204.70000 35.20400000 1589.51000 95.03000 15.73800 77.28500
21 7 21 07 56 26204.80000 35.20400000 1589.67000 95.03000 15.73800 77.28500
21 7 21 07 57 26197.20000 35.20400000 1589.94000 95.03000 15.73800 77.28500
21 7 21 07 57 26213.60000 35.20400000 1589.96000 95.10000 15.73800 77.28500
21 7 21 07 57 26213.60000 35.20400000 1589.96000 95.11000 15.73800 77.53500
21 7 21 07 58 26209.80000 35.20400000 1590.84000 95.10000 15.73800 77.39600
21 7 21 07 58 26207.00000 35.20400000 1590.83000 95.10000 15.73800 77.39600
21 7 21 07 59 26208.60000 35.20400000 1590.83000 95.12000 15.73800 77.39600
21 7 21 07 59 26207.00000 35.20400000 1591.93000 95.12000 15.73800 77.32100
21 7 21 08 00 26207.00000 35.20400000 1593.50000 95.12000 15.73800 77.32100
21 7 21 08 00 26208.80000 35.20400000 1595.36000 95.25000 15.73800 77.36400
21 7 21 08 00 26197.40000 35.20400000 1592.53000 95.15000 15.73800 77.36400
21 7 21 08 01 26197.30000 35.20400000 1592.86000 95.15000 15.73800 77.52900
21 7 21 08 01 26182.00000 35.20400000 1591.95000 95.13000 15.73800 77.59900
21 7 21 08 02 26183.30000 35.34300000 1591.85000 95.13000 15.73800 78.05200
21 7 21 08 02 26221.00000 35.34300000 1597.57000 95.46000 15.73800 78.05200
21 7 21 08 03 26221.10000 35.34300000 1597.17000 95.36000 15.73800 78.05200
21 7 21 08 03 26215.10000 35.34300000 1595.37000 95.36000 15.73800 78.03800
21 7 21 08 04 26214.00000 35.34300000 1594.56000 95.36000 15.73800 78.03800
21 7 21 08 04 26218.70000 35.22000000 1594.83000 95.36000 15.73800 78.03800
21 7 21 08 04 26219.80000 35.22000000 1595.42000 95.33000 15.73800 78.03800
21 7 21 08 05 26203.90000 35.22000000 1593.56000 95.29000 15.73800 78.03800
21 7 21 08 05 26211.10000 35.22000000 1593.26000 95.33000 15.73800 78.03800
21 7 21 08 06 26211.20000 35.22000000 1593.50000 95.33000 15.73800 78.03800
21 7 21 08 06 26206.70000 35.22000000 1592.02000 95.23000 15.73800 78.03800
21 7 21 08 07 26182.00000 35.22000000 1591.78000 95.23000 15.73800 78.03800
21 7 21 08 07 26201.10000 35.22000000 1592.57000 95.23000 15.73800 78.03800
21 7 21 08 07 26195.10000 35.14600000 1591.17000 95.12000 15.73800 78.03800
21 7 21 08 08 26195.10000 35.14600000 1591.15000 95.11000 15.73800 78.03800
21 7 21 08 08 26190.10000 35.14600000 1590.83000 95.07000 15.73800 78.03800
21 7 21 08 09 26182.10000 35.14600000 1590.83000 95.07000 15.73800 78.03800
21 7 21 08 09 26172.50000 35.14600000 1589.85000 95.06000 15.73800 78.03800
21 7 21 08 10 26186.20000 35.14600000 1590.47000 95.06000 15.73800 78.03800
21 7 21 08 10 26177.50000 35.14600000 1589.84000 95.06000 15.73800 78.03800
21 7 21 08 10 26167.00000 35.14600000 1589.70000 95.06000 15.73800 78.03800
21 7 21 08 11 26160.00000 35.14600000 1584.15000 95.06000 15.73800 78.03800
21 7 21 08 11 26150.60000 35.14600000 1583.34000 94.93000 15.73800 78.03800
21 7 21 08 12 26150.00000 35.14600000 1584.65000 94.85000 15.73800 78.03800
21 7 21 08 12 26150.10000 35.14600000 1584.48000 94.89000 15.73800 78.03800
21 7 21 08 13 26159.90000 35.14600000 1585.38000 94.89000 15.73800 78.03800
21 7 21 08 13 26166.60000 35.14600000 1587.11000 94.89000 15.73800 78.03800
21 7 21 08 13 26164.30000 35.14600000 1586.94000 94.89000 15.73800 78.03800
21 7 21 08 14 26169.40000 35.14600000 1587.56000 94.89000 15.73800 77.83400
21 7 21 08 14 26169.30000 35.14600000 1586.41000 94.89000 15.73800 77.83400
21 7 21 08 15 26169.40000 35.14600000 1586.72000 94.89000 15.73800 77.83400
