M=[
 4 1 21 17 34 25256.80000 5.48000000 816.28000 121.62000 13.77200 47.42800
 4 1 21 17 35 25255.80000 5.48000000 816.28000 121.23000 13.77200 47.42800
 4 1 21 17 35 25254.90000 5.48000000 815.81000 121.33000 13.77200 47.42800
 4 1 21 17 36 25229.50000 5.48000000 814.67000 121.31000 13.77200 47.42800
 4 1 21 17 36 25228.10000 5.48000000 814.20000 121.25000 13.77200 47.42800
 4 1 21 17 37 25244.10000 5.48000000 816.00000 121.30000 13.77200 47.42800
 4 1 21 17 37 25195.00000 5.48000000 814.58000 121.19000 13.77200 47.42800
 4 1 21 17 37 25176.10000 5.48000000 815.00000 121.19000 13.77200 47.42800
 4 1 21 17 38 25193.90000 5.48000000 814.65000 121.18000 13.77200 47.29000
 4 1 21 17 38 25195.80000 5.51600000 814.74000 121.18000 13.77200 47.29000
 4 1 21 17 39 25208.20000 5.51600000 816.00000 121.91000 13.77200 47.29000
 4 1 21 17 39 25250.80000 5.51600000 817.99000 122.28000 13.77200 47.29000
 4 1 21 17 40 25342.20000 5.54500000 821.49000 122.45000 13.77200 47.29000
 4 1 21 17 40 25349.30000 5.54500000 821.80000 122.73000 13.77200 47.29000
 4 1 21 17 40 25311.60000 5.54500000 820.45000 122.62000 13.77200 47.29000
 4 1 21 17 41 25316.80000 5.54500000 820.03000 122.67000 13.77200 47.29000
 4 1 21 17 41 25276.90000 5.54500000 818.08000 122.35000 13.77200 47.29000
 4 1 21 17 42 25228.10000 5.50000000 815.63000 122.07000 13.77200 47.29000
 4 1 21 17 42 25210.00000 5.50000000 814.00000 121.72000 13.77200 47.29000
 4 1 21 17 43 25201.60000 5.50000000 814.99000 121.57000 13.77200 47.29000
 4 1 21 17 43 25186.90000 5.50000000 814.00000 121.42000 13.77200 47.29000
 4 1 21 17 43 25150.00000 5.50000000 812.17000 121.32000 13.77200 47.29000
 4 1 21 17 44 25168.10000 5.50000000 814.42000 121.36000 13.77200 47.29000
 4 1 21 17 44 25105.20000 5.50000000 812.00000 121.22000 13.77200 47.29000
 4 1 21 17 45 25060.90000 5.50000000 809.15000 120.87000 13.77200 47.29000
 4 1 21 17 45 25105.00000 5.48600000 809.13000 120.86000 13.77200 47.29000
 4 1 21 17 46 25105.00000 5.48600000 810.12000 120.94000 13.77200 47.01900
 4 1 21 17 46 25035.30000 5.48600000 807.19000 120.68000 13.77200 47.01900
 4 1 21 17 46 25028.40000 5.48600000 806.85000 120.73000 13.77200 46.96000
 4 1 21 17 47 25002.30000 5.48600000 805.66000 120.67000 13.77200 46.96000
 4 1 21 17 47 25003.60000 5.48600000 805.61000 120.68000 13.77200 46.96000
 4 1 21 17 48 25072.40000 5.48600000 808.08000 121.00000 13.77200 46.96000
 4 1 21 17 48 25027.90000 5.48600000 807.03000 120.73000 13.77200 46.89000
 4 1 21 17 49 25050.40000 5.48600000 808.85000 121.10000 13.77200 46.89000
 4 1 21 17 49 25050.00000 5.46400000 808.05000 121.42000 13.77200 46.89000
 4 1 21 17 49 25023.50000 5.46400000 809.05000 121.35000 13.77200 46.89000
 4 1 21 17 50 25033.80000 5.46400000 808.35000 121.28000 13.77200 46.89000
 4 1 21 17 50 25054.40000 5.46400000 809.42000 121.74000 13.77200 46.89000
 4 1 21 17 51 25055.60000 5.46400000 810.00000 121.72000 13.77200 46.89000
 4 1 21 17 51 25080.20000 5.46400000 813.45000 122.21000 13.77200 46.89000
 4 1 21 17 52 25061.20000 5.49300000 810.47000 122.04000 13.77200 46.89000
 4 1 21 17 52 25130.20000 5.49300000 813.12000 122.50000 13.77200 46.89000
 4 1 21 17 52 25116.20000 5.49300000 811.20000 122.50000 13.77200 46.89000
 4 1 21 17 53 25177.20000 5.49300000 813.75000 122.34000 13.77200 46.89000
 4 1 21 17 53 25164.20000 5.49300000 812.23000 122.40000 13.77200 46.89000
 4 1 21 17 54 25132.30000 5.50000000 810.36000 122.25000 13.77200 47.26000
 4 1 21 17 54 25161.40000 5.50000000 812.94000 122.09000 13.77200 47.26000
 4 1 21 17 55 25201.50000 5.50000000 813.67000 122.14000 13.77200 47.26000
 4 1 21 17 55 25201.50000 5.50000000 812.89000 122.32000 13.77200 47.20400
 4 1 21 17 55 25201.60000 5.50000000 812.69000 122.32000 13.77200 47.20400
 4 1 21 17 56 25264.20000 5.50000000 815.39000 122.59000 13.77200 47.20400
 4 1 21 17 56 25281.20000 5.50000000 815.12000 122.58000 13.77200 47.20400
 4 1 21 17 57 25299.00000 5.49300000 816.48000 122.63000 13.77200 47.20400
 4 1 21 17 57 25308.90000 5.49300000 816.01000 122.63000 13.77200 47.20400
 4 1 21 17 58 25310.00000 5.47400000 815.23000 122.39000 13.77200 47.20400
 4 1 21 17 58 25288.90000 5.49200000 814.96000 122.32000 13.77200 47.21300
 4 1 21 17 58 25284.60000 5.49200000 815.70000 122.17000 13.77200 47.21300
 4 1 21 17 59 25285.20000 5.49200000 814.36000 122.17000 13.77200 47.21300
 4 1 21 17 59 25275.30000 5.49200000 814.00000 121.78000 13.77200 47.21300
 4 1 21 18 00 25344.80000 5.49300000 816.00000 122.38000 13.77200 47.21300
 4 1 21 18 00 25398.90000 5.49300000 817.01000 122.38000 13.77200 47.21300
 4 1 21 18 01 25414.70000 5.49300000 818.05000 122.38000 13.77200 47.21300
 4 1 21 18 01 25413.30000 5.49300000 817.70000 122.30000 13.92600 47.21300
 4 1 21 18 01 25400.10000 5.49300000 816.03000 122.16000 13.92600 47.21300
 4 1 21 18 02 25451.60000 5.49300000 819.30000 122.32000 13.92600 47.21300
 4 1 21 18 02 25445.30000 5.49300000 818.44000 122.41000 13.92600 47.21300
 4 1 21 18 03 25422.40000 5.49300000 817.81000 122.24000 13.92600 47.21300
 4 1 21 18 03 25435.30000 5.53700000 819.39000 122.24000 13.77200 47.21300
 4 1 21 18 04 25441.80000 5.53700000 819.81000 122.73000 13.77200 47.21300
 4 1 21 18 04 25462.00000 5.53700000 821.10000 122.81000 13.77200 47.33600
 4 1 21 18 04 25470.00000 5.53700000 823.00000 122.69000 13.77200 47.33600
 4 1 21 18 05 25461.00000 5.53700000 822.27000 122.75000 13.77200 47.33600
 4 1 21 18 05 25480.00000 5.53700000 822.16000 122.88000 13.77200 47.33600
 4 1 21 18 06 25463.80000 5.53700000 821.31000 122.90000 13.77200 47.33600
 4 1 21 18 06 25458.70000 5.53700000 822.94000 122.94000 13.77200 47.33600
 4 1 21 18 07 25444.00000 5.53700000 822.84000 122.94000 13.77200 47.33600
 4 1 21 18 07 25440.60000 5.53700000 823.86000 123.00000 13.77200 47.33600
 4 1 21 18 07 25433.00000 5.53700000 824.79000 123.05000 13.77200 47.33600
 4 1 21 18 08 25433.00000 5.53700000 824.31000 123.12000 13.77200 47.33600
 4 1 21 18 08 25422.00000 5.53700000 824.01000 123.20000 13.77200 47.33600
 4 1 21 18 09 25446.50000 5.53700000 826.85000 123.20000 13.77200 47.33600
 4 1 21 18 09 25450.00000 5.53700000 826.99000 123.30000 13.77200 47.33600
 4 1 21 18 10 25441.90000 5.53700000 826.16000 123.13000 13.77200 47.33600
 4 1 21 18 10 25428.90000 5.53700000 826.25000 123.24000 13.77200 47.33600
 4 1 21 18 10 25434.90000 5.53700000 826.22000 123.24000 13.77200 47.33600
 4 1 21 18 11 25446.30000 5.53700000 827.98000 123.34000 13.77200 47.33600
 4 1 21 18 11 25451.90000 5.56300000 827.70000 123.65000 13.77200 47.33600
 4 1 21 18 12 25456.70000 5.56300000 828.88000 123.65000 13.77200 47.33600
 4 1 21 18 12 25464.30000 5.56300000 829.00000 123.70000 13.77200 47.33600
 4 1 21 18 13 25429.10000 5.56300000 827.77000 123.56000 13.77200 47.33600
 4 1 21 18 13 25439.50000 5.56300000 827.72000 123.58000 13.77200 47.33600
 4 1 21 18 13 25439.70000 5.56300000 828.00000 123.59000 13.77200 47.33600
 4 1 21 18 14 25440.00000 5.56300000 827.99000 123.68000 13.66500 47.33600
 4 1 21 18 14 25439.90000 5.56300000 827.99000 123.67000 13.91700 47.33600
 4 1 21 18 15 25431.70000 5.56300000 827.07000 123.53000 13.78000 47.33600
 4 1 21 18 15 25385.90000 5.56300000 823.91000 123.46000 13.78000 47.33600
 4 1 21 18 16 25423.10000 5.56300000 824.88000 123.23000 13.68900 47.33600
 4 1 21 18 16 25413.90000 5.56300000 825.00000 123.15000 13.71900 47.33600
 4 1 21 18 16 25429.80000 5.56300000 826.00000 123.32000 13.71900 47.33600
 4 1 21 18 17 25412.30000 5.56300000 824.58000 123.32000 13.71900 47.33600
 4 1 21 18 17 25411.30000 5.56300000 824.18000 123.32000 13.71900 47.33600
 4 1 21 18 18 25417.00000 5.56300000 824.39000 123.32000 13.71900 47.50000
 4 1 21 18 18 25419.50000 5.56300000 824.15000 123.22000 13.71900 47.50000
 4 1 21 18 19 25429.70000 5.56300000 824.63000 123.22000 13.71900 47.66100
 4 1 21 18 19 25440.00000 5.54100000 825.72000 123.13000 13.71900 47.66100
 4 1 21 18 19 25443.00000 5.54100000 825.99000 123.13000 13.71900 47.66100
