M=[
 6 8 21 20 23 36277.50000 45.13500000 2463.50000 125.89000 23.22700 107.06700
 6 8 21 20 23 36291.40000 45.13500000 2465.81000 125.88000 23.22700 107.06700
 6 8 21 20 23 36270.30000 45.13500000 2465.71000 125.88000 23.22700 106.90600
 6 8 21 20 24 36288.40000 45.12400000 2466.44000 125.96000 23.22700 107.03100
 6 8 21 20 24 36279.30000 45.12400000 2465.32000 125.96000 23.22700 107.03100
 6 8 21 20 25 36263.80000 45.10000000 2465.33000 125.92000 23.22700 107.03100
 6 8 21 20 25 36220.00000 45.10000000 2453.60000 125.75000 23.22700 107.03100
 6 8 21 20 26 36203.20000 45.10000000 2453.59000 125.75000 23.22700 107.03100
 6 8 21 20 26 36187.60000 45.10000000 2454.64000 125.75000 23.22700 107.03100
 6 8 21 20 27 36119.00000 44.96300000 2449.60000 125.53000 23.22700 107.03100
 6 8 21 20 27 36075.60000 44.96300000 2448.38000 125.53000 23.22700 107.03100
 6 8 21 20 27 36073.50000 44.96300000 2447.16000 125.47000 23.22700 107.03100
 6 8 21 20 28 36067.30000 44.83300000 2446.19000 125.41000 23.22700 107.03100
 6 8 21 20 28 36079.90000 44.83300000 2449.03000 125.41000 23.22700 107.03100
 6 8 21 20 29 36105.80000 44.83300000 2452.58000 125.67000 23.22700 107.03100
 6 8 21 20 29 36146.90000 44.83300000 2453.41000 125.67000 23.22700 107.03100
 6 8 21 20 30 36199.70000 44.83300000 2455.98000 125.65000 23.22700 107.03100
 6 8 21 20 30 36203.40000 44.83300000 2460.80000 125.78000 23.22700 107.03100
 6 8 21 20 30 36278.30000 44.83300000 2463.72000 125.78000 23.22700 107.03100
 6 8 21 20 31 36233.10000 45.05600000 2464.75000 125.78000 23.22700 107.03100
 6 8 21 20 31 36300.00000 45.08400000 2468.09000 125.78000 23.22700 107.03100
 6 8 21 20 32 36295.30000 45.08400000 2469.26000 126.14000 23.22700 107.03100
 6 8 21 20 32 36285.00000 45.08400000 2469.30000 126.14000 23.22700 107.03100
 6 8 21 20 33 36343.50000 45.08400000 2470.00000 126.17000 23.22700 107.03100
 6 8 21 20 33 36376.40000 45.08400000 2473.38000 126.17000 23.22700 107.03100
 6 8 21 20 33 36337.90000 45.08400000 2474.92000 126.17000 23.22700 107.03100
 6 8 21 20 34 36287.70000 45.08400000 2472.01000 126.14000 23.22700 107.03100
 6 8 21 20 34 36339.50000 45.08400000 2475.56000 126.24000 23.22700 107.03100
 6 8 21 20 35 36300.10000 45.08400000 2475.17000 126.24000 23.22700 107.03100
 6 8 21 20 35 36288.10000 45.08400000 2473.96000 126.24000 23.22700 107.03100
 6 8 21 20 36 36323.50000 45.08400000 2474.96000 126.24000 23.22700 107.03100
 6 8 21 20 36 36320.10000 45.07100000 2474.82000 126.24000 23.22700 107.03100
 6 8 21 20 36 36320.10000 45.07100000 2472.73000 126.24000 23.22700 107.03100
 6 8 21 20 37 36320.00000 45.04300000 2471.37000 126.03000 23.22700 107.03100
 6 8 21 20 37 36296.40000 45.04300000 2471.61000 126.03000 23.22700 107.03100
 6 8 21 20 38 36288.10000 45.04300000 2471.23000 126.03000 23.22700 107.03100
 6 8 21 20 38 36283.30000 45.04300000 2471.65000 126.03000 23.22700 107.03100
 6 8 21 20 39 36289.40000 45.03000000 2471.40000 126.03000 23.22700 107.03100
 6 8 21 20 39 36299.90000 45.03000000 2472.13000 126.03000 23.22700 106.87700
 6 8 21 20 40 36299.90000 45.03000000 2472.94000 126.03000 23.22700 106.87700
 6 8 21 20 40 36299.90000 45.03000000 2473.22000 126.07000 23.22700 106.87700
 6 8 21 20 40 36299.50000 45.03000000 2474.24000 126.07000 23.22700 106.87700
 6 8 21 20 41 36292.90000 45.03000000 2474.05000 126.14000 23.22700 106.87700
 6 8 21 20 41 36299.80000 45.03000000 2475.23000 126.19000 23.22700 106.87700
 6 8 21 20 42 36260.00000 45.03000000 2473.03000 126.19000 23.22700 106.87700
 6 8 21 20 42 36252.10000 45.03000000 2472.01000 126.19000 23.22700 106.87700
 6 8 21 20 43 36238.00000 45.03000000 2470.33000 126.19000 23.22700 106.87700
 6 8 21 20 43 36249.00000 45.03000000 2470.85000 126.19000 23.22700 106.87700
 6 8 21 20 43 36277.50000 45.03000000 2470.84000 126.19000 23.22700 106.87700
 6 8 21 20 44 36252.30000 45.03000000 2471.57000 126.19000 23.22700 106.87700
 6 8 21 20 44 36270.00000 45.03000000 2471.20000 126.19000 23.22700 106.87700
 6 8 21 20 45 36270.00000 45.03000000 2472.00000 125.96000 23.22700 106.87700
 6 8 21 20 45 36233.50000 45.03000000 2470.22000 125.96000 23.22700 106.87700
 6 8 21 20 46 36227.90000 45.03000000 2470.19000 125.78000 23.22700 106.87700
 6 8 21 20 46 36235.70000 45.03000000 2469.49000 125.78000 23.22700 106.87700
 6 8 21 20 46 36263.80000 45.03000000 2469.22000 125.78000 23.22700 106.87700
 6 8 21 20 47 36261.00000 45.03000000 2468.72000 125.78000 23.22700 106.87700
 6 8 21 20 47 36236.00000 45.03000000 2468.11000 125.78000 23.22700 106.87700
 6 8 21 20 48 36228.00000 45.03000000 2468.10000 125.88000 23.22700 106.87700
 6 8 21 20 48 36223.00000 45.03000000 2468.00000 125.88000 23.22700 106.87700
 6 8 21 20 49 36214.10000 45.03000000 2467.17000 125.88000 23.22700 106.87700
 6 8 21 20 49 36160.70000 45.03000000 2464.91000 125.88000 23.22700 106.87700
 6 8 21 20 49 36214.00000 45.03000000 2467.92000 125.88000 23.22700 106.87700
 6 8 21 20 50 36263.10000 45.03000000 2469.15000 125.88000 23.22700 106.87700
 6 8 21 20 50 36246.40000 45.07000000 2471.30000 125.88000 23.22700 106.87700
 6 8 21 20 51 36250.60000 45.07000000 2473.09000 125.99000 23.22700 106.87700
 6 8 21 20 51 36237.30000 45.07700000 2474.80000 126.13000 23.22700 106.87700
 6 8 21 20 52 36241.30000 45.07700000 2474.99000 126.06000 23.22700 106.87700
 6 8 21 20 52 36241.20000 45.07700000 2474.59000 126.15000 23.22700 107.34800
 6 8 21 20 53 36236.80000 45.07700000 2473.39000 126.15000 23.22700 107.34800
 6 8 21 20 53 36205.10000 45.07700000 2470.66000 126.05000 23.22700 107.34800
 6 8 21 20 53 36195.40000 45.07700000 2468.77000 126.05000 23.22700 107.34800
 6 8 21 20 54 36200.00000 45.07700000 2466.35000 126.05000 23.22700 107.34800
 6 8 21 20 54 36204.00000 45.07700000 2467.53000 126.05000 23.22700 107.34800
 6 8 21 20 55 36204.10000 45.07700000 2467.49000 126.05000 23.22700 107.34800
 6 8 21 20 55 36207.40000 45.05800000 2467.49000 126.05000 23.22700 107.34800
 6 8 21 20 56 36186.70000 45.05800000 2466.03000 126.05000 23.22700 107.34800
 6 8 21 20 56 36184.20000 45.05800000 2466.96000 126.05000 23.22700 107.34800
 6 8 21 20 56 36184.70000 44.99300000 2467.36000 126.05000 23.22700 107.34800
 6 8 21 20 57 36241.00000 44.99300000 2469.46000 126.14000 23.22700 107.34800
 6 8 21 20 57 36221.00000 44.99300000 2469.46000 126.14000 23.22700 107.34800
 6 8 21 20 58 36221.00000 44.99300000 2469.62000 126.07000 23.22700 107.74500
 6 8 21 20 58 36219.80000 44.99300000 2469.62000 126.10000 23.22700 107.90000
 6 8 21 20 59 36219.80000 44.99300000 2469.62000 126.10000 23.22700 107.90000
 6 8 21 20 59 36219.70000 44.99300000 2468.38000 126.06000 23.22700 107.90000
 6 8 21 20 59 36219.80000 44.99300000 2469.63000 126.06000 23.22700 107.90000
 6 8 21 21 00 36259.40000 44.99300000 2471.99000 126.06000 23.05500 108.01800
 6 8 21 21 00 36255.90000 44.99300000 2471.99000 126.06000 23.05500 108.01800
 6 8 21 21 01 36259.70000 44.99300000 2473.80000 126.06000 23.05500 108.17200
 6 8 21 21 01 36260.50000 44.99300000 2473.78000 126.06000 23.05500 108.17200
 6 8 21 21 02 36219.80000 44.99300000 2471.01000 126.06000 23.05500 108.17200
 6 8 21 21 02 36219.80000 44.99300000 2471.25000 125.99000 23.05500 108.17200
 6 8 21 21 02 36207.10000 44.99300000 2470.00000 125.99000 23.05500 108.17200
 6 8 21 21 03 36198.30000 44.96500000 2470.01000 125.95000 23.05500 108.17200
 6 8 21 21 03 36200.40000 44.96500000 2470.01000 125.96000 23.05500 108.17200
 6 8 21 21 04 36197.70000 44.96500000 2470.00000 125.96000 23.05500 108.06500
 6 8 21 21 04 36164.80000 44.96500000 2466.58000 125.96000 23.05500 108.06500
 6 8 21 21 05 36156.00000 44.96500000 2466.01000 125.96000 23.05500 107.99000
 6 8 21 21 05 36159.90000 44.93900000 2466.00000 125.95000 23.05500 107.99000
 6 8 21 21 05 36120.80000 44.93900000 2466.05000 125.95000 23.05500 107.99000
 6 8 21 21 06 36147.80000 44.93900000 2466.01000 125.95000 23.05500 107.99000
 6 8 21 21 06 36147.20000 44.93900000 2466.01000 125.96000 23.05500 107.86100
