M=[
 1 5 20 20 12 7970.70000 6.02100000 190.87000 42.62000 9.90500 41.10000
 1 5 20 20 13 7968.80000 6.02100000 190.94000 42.62000 9.95500 41.10000
 1 5 20 20 13 7974.40000 6.02100000 191.16000 42.62000 9.90500 41.10000
 1 5 20 20 13 7971.50000 6.02100000 191.04000 42.62000 9.90500 41.10000
 1 5 20 20 14 7971.90000 6.02100000 191.16000 42.62000 9.90500 41.10000
 1 5 20 20 14 7967.50000 6.02100000 191.11000 42.62000 9.90500 41.10000
 1 5 20 20 15 7964.70000 6.02100000 190.96000 42.62000 9.90500 41.01400
 1 5 20 20 15 7965.10000 6.02100000 190.95000 42.62000 9.90500 41.10000
 1 5 20 20 16 7968.30000 6.02100000 191.09000 42.60000 9.90500 41.10000
 1 5 20 20 16 7970.00000 6.02100000 191.19000 42.60000 9.90500 41.10000
 1 5 20 20 17 7970.00000 6.02100000 191.20000 42.60000 9.90500 41.10000
 1 5 20 20 17 7970.00000 6.02100000 191.28000 42.60000 9.90500 41.10000
 1 5 20 20 18 7969.60000 6.02100000 191.19000 42.60000 9.90500 41.10000
 1 5 20 20 18 7969.70000 6.02100000 191.28000 42.60000 9.90500 41.10000
 1 5 20 20 18 7967.80000 6.02100000 191.11000 42.60000 9.90500 41.10000
 1 5 20 20 19 7967.30000 6.02100000 191.09000 42.60000 9.90500 41.10000
 1 5 20 20 19 7957.20000 6.02100000 191.09000 42.60000 9.90500 41.10000
 1 5 20 20 20 7957.10000 6.02100000 190.90000 42.60000 9.90500 41.10000
 1 5 20 20 20 7959.90000 6.00900000 191.02000 42.53000 9.95500 41.10000
 1 5 20 20 21 7959.30000 6.02100000 191.02000 42.53000 9.90500 41.01400
 1 5 20 20 21 7959.30000 6.02100000 191.02000 42.53000 9.90500 41.10000
 1 5 20 20 22 7957.80000 6.02100000 190.90000 42.53000 9.90500 41.10000
 1 5 20 20 22 7956.70000 6.02100000 191.00000 42.58000 9.90500 41.10000
 1 5 20 20 22 7958.40000 6.02100000 191.00000 42.58000 9.90500 41.10000
 1 5 20 20 23 7959.40000 6.02100000 191.00000 42.58000 9.90500 41.10000
 1 5 20 20 23 7959.40000 6.02100000 191.00000 42.58000 9.90500 41.01400
 1 5 20 20 24 7955.30000 6.02100000 191.00000 42.58000 9.90500 41.10000
 1 5 20 20 24 7957.40000 6.02100000 191.09000 42.58000 9.90500 41.10000
 1 5 20 20 25 7957.80000 6.02100000 191.09000 42.58000 9.90500 41.10000
 1 5 20 20 25 7957.00000 6.02100000 191.09000 42.58000 9.90500 41.10000
 1 5 20 20 26 7960.10000 6.02100000 191.07000 42.58000 9.90500 41.10000
 1 5 20 20 26 7959.40000 6.02100000 191.07000 42.58000 9.90500 41.10000
 1 5 20 20 26 7960.20000 6.02100000 191.07000 42.58000 9.90500 41.10000
 1 5 20 20 27 7957.60000 6.02100000 191.00000 42.58000 9.90500 41.10000
 1 5 20 20 27 7957.50000 6.02100000 190.84000 42.58000 9.90500 41.10000
 1 5 20 20 28 7951.60000 6.02100000 190.82000 42.58000 9.90500 41.10000
 1 5 20 20 28 7948.30000 5.99100000 190.76000 42.58000 9.90500 41.10000
 1 5 20 20 29 7946.60000 6.02100000 190.57000 42.58000 9.90500 41.10000
 1 5 20 20 29 7943.20000 6.02100000 190.51000 42.58000 9.90500 41.10000
 1 5 20 20 30 7953.60000 6.02100000 190.74000 42.57000 9.90500 41.10000
 1 5 20 20 30 7953.60000 6.02100000 190.90000 42.57000 9.90500 41.10000
 1 5 20 20 30 7949.00000 6.02100000 190.90000 42.58000 9.90500 41.01400
 1 5 20 20 31 7942.30000 6.02100000 190.64000 42.57000 9.90500 41.10000
 1 5 20 20 31 7942.30000 5.97400000 190.64000 42.56000 9.90500 41.10000
 1 5 20 20 32 7938.30000 5.97400000 190.64000 42.56000 9.90500 41.10000
 1 5 20 20 32 7935.30000 5.97400000 190.49000 42.51000 9.90500 41.01400
 1 5 20 20 33 7925.40000 5.97400000 190.48000 42.51000 9.90500 41.10000
 1 5 20 20 33 7931.30000 5.97400000 190.39000 42.51000 9.95500 41.10000
 1 5 20 20 34 7933.30000 5.97400000 190.47000 42.51000 9.90500 41.10000
 1 5 20 20 34 7933.30000 5.97400000 190.45000 42.51000 9.90500 41.10000
 1 5 20 20 35 7926.30000 5.97400000 190.38000 42.48000 9.90500 41.10000
 1 5 20 20 35 7926.30000 5.97400000 190.38000 42.47000 9.90500 41.10000
 1 5 20 20 36 7912.80000 6.03100000 190.11000 42.42000 9.90500 40.95500
 1 5 20 20 36 7917.00000 5.97000000 190.06000 42.42000 9.90500 40.95500
 1 5 20 20 37 7924.80000 5.97000000 190.21000 42.40000 9.90500 40.95500
 1 5 20 20 37 7935.20000 5.97000000 190.14000 42.40000 9.90500 40.95500
 1 5 20 20 37 7939.80000 6.03100000 190.45000 42.44000 9.90500 40.95500
 1 5 20 20 38 7930.40000 5.97000000 190.38000 42.44000 9.90500 40.95500
 1 5 20 20 38 7922.60000 5.97000000 190.21000 42.44000 9.90500 40.95500
 1 5 20 20 39 7925.40000 5.95900000 190.29000 42.44000 9.90500 40.95500
 1 5 20 20 39 7914.20000 5.95900000 190.29000 42.44000 9.90500 40.95500
 1 5 20 20 40 7928.00000 5.96000000 190.30000 42.44000 9.90500 40.95500
 1 5 20 20 40 7943.80000 5.96000000 190.47000 42.44000 9.90500 40.95500
 1 5 20 20 41 7943.50000 5.96000000 190.47000 42.46000 9.90500 41.10000
 1 5 20 20 41 7946.80000 5.96000000 190.47000 42.45000 9.90500 40.95500
 1 5 20 20 42 7943.80000 5.96000000 190.69000 42.45000 9.90500 40.95500
 1 5 20 20 42 7946.30000 5.96000000 190.69000 42.58000 9.90500 40.95500
 1 5 20 20 43 7945.50000 5.96000000 190.69000 42.58000 9.90500 41.10000
 1 5 20 20 43 7947.20000 5.96000000 190.80000 42.58000 9.90500 41.01400
 1 5 20 20 43 7951.00000 5.96000000 190.84000 42.58000 9.90500 40.95500
 1 5 20 20 44 7950.00000 5.95900000 190.85000 42.58000 9.90500 40.95500
 1 5 20 20 44 7946.90000 5.96000000 190.80000 42.58000 9.90500 40.95500
 1 5 20 20 45 7949.40000 5.96000000 190.82000 42.58000 9.91200 40.95500
 1 5 20 20 45 7948.40000 5.96000000 190.85000 42.58000 9.91200 40.95500
 1 5 20 20 46 7946.10000 5.96000000 190.85000 42.58000 9.91200 40.95500
 1 5 20 20 46 7946.10000 5.96000000 190.81000 42.58000 9.91200 40.95500
 1 5 20 20 47 7949.60000 5.96000000 190.81000 42.58000 9.91200 40.95500
 1 5 20 20 47 7946.70000 5.96000000 190.81000 42.58000 9.90500 40.95500
 1 5 20 20 47 7950.00000 5.96000000 190.89000 42.58000 9.91200 40.95500
 1 5 20 20 48 7946.70000 5.96000000 190.89000 42.74000 9.95500 40.95500
 1 5 20 20 48 7947.00000 5.96000000 190.89000 42.74000 9.91200 40.95500
 1 5 20 20 49 7947.10000 5.96000000 191.00000 42.74000 9.91200 40.95500
 1 5 20 20 49 7946.50000 5.96000000 191.00000 42.74000 9.91200 40.95500
 1 5 20 20 50 7940.00000 5.96000000 190.81000 42.66000 9.91200 40.95500
 1 5 20 20 50 7947.00000 5.96000000 190.83000 42.66000 9.91200 40.95500
 1 5 20 20 51 7934.20000 5.96000000 190.82000 42.66000 9.90500 40.95500
 1 5 20 20 51 7934.70000 5.96000000 190.82000 42.64000 9.91200 40.95500
 1 5 20 20 52 7923.50000 5.96000000 190.36000 42.63000 9.91200 41.01400
 1 5 20 20 52 7927.50000 5.96000000 190.34000 42.63000 9.91200 40.95500
 1 5 20 20 53 7924.80000 5.96000000 190.34000 42.63000 9.91200 40.95500
 1 5 20 20 53 7923.60000 5.96000000 190.28000 42.63000 9.91200 40.95500
 1 5 20 20 53 7923.60000 5.96000000 190.43000 42.63000 9.91200 40.95500
 1 5 20 20 54 7931.40000 5.96000000 190.43000 42.63000 9.91200 40.95500
 1 5 20 20 54 7935.50000 5.96000000 190.66000 42.63000 9.90500 40.95500
 1 5 20 20 55 7945.70000 5.96000000 191.09000 42.63000 9.90500 40.95500
 1 5 20 20 55 7949.60000 5.96000000 191.14000 42.63000 9.91200 40.95500
 1 5 20 20 56 7950.00000 5.96000000 191.24000 42.63000 9.91200 40.95500
 1 5 20 20 56 7950.00000 5.96000000 191.24000 42.83000 9.91200 40.95500
 1 5 20 20 57 7951.00000 5.96000000 191.24000 42.83000 9.91200 40.95500
 1 5 20 20 57 7960.50000 5.96000000 191.24000 42.83000 9.90500 40.95500
 1 5 20 20 58 7956.10000 5.96000000 191.24000 42.83000 9.91200 40.95500
 1 5 20 20 58 7962.50000 5.96000000 191.24000 42.83000 9.91200 40.95500
 1 5 20 20 58 7968.10000 5.96000000 191.24000 42.83000 9.91200 40.95500
 1 5 20 20 59 7975.90000 5.96000000 191.24000 42.83000 9.91200 40.95500
 1 5 20 20 59 7969.40000 5.96000000 191.24000 42.83000 9.91200 40.95500
 1 5 20 21 00 7965.60000 5.96000000 191.24000 42.81000 9.91200 40.95500
 1 5 20 21 00 7971.70000 5.96000000 191.24000 42.80000 9.91200 41.10000
 1 5 20 21 01 7974.80000 5.96000000 191.24000 42.80000 9.91200 40.95500
 1 5 20 21 01 7975.40000 5.96000000 191.42000 42.80000 9.91200 40.95500
 1 5 20 21 02 7972.00000 5.96000000 191.54000 42.80000 9.91200 41.29200
 1 5 20 21 02 7974.40000 5.96000000 191.56000 42.84000 9.91200 41.29200
