M=[
13 10 20 22 34 9742.90000 4.87500000 325.02000 42.53000 12.13500 59.59900
13 10 20 22 35 9742.90000 4.87500000 325.02000 42.53000 12.13500 59.59900
13 10 20 22 35 9742.80000 4.87500000 324.90000 42.53000 12.13500 59.59900
13 10 20 22 36 9737.10000 4.87500000 324.90000 42.53000 12.13500 59.59900
13 10 20 22 36 9737.10000 4.87500000 324.90000 42.53000 12.13500 59.59900
13 10 20 22 36 9735.00000 4.87500000 324.80000 42.53000 12.13500 59.59900
13 10 20 22 37 9735.00000 4.87500000 324.80000 42.53000 12.13500 59.59900
13 10 20 22 37 9734.90000 4.87500000 324.80000 42.51000 12.13500 59.59900
13 10 20 22 38 9734.90000 4.87500000 324.80000 42.51000 12.13500 59.59900
13 10 20 22 38 9736.90000 4.87500000 324.79000 42.51000 12.13500 59.59900
13 10 20 22 39 9737.00000 4.87500000 324.80000 42.51000 12.13500 59.59900
13 10 20 22 39 9737.00000 4.87500000 324.80000 42.51000 12.13500 59.59900
13 10 20 22 39 9737.00000 4.87500000 324.80000 42.51000 12.13500 59.59900
13 10 20 22 40 9737.00000 4.87500000 324.80000 42.50000 12.13500 59.59900
13 10 20 22 40 9737.00000 4.87500000 324.79000 42.50000 12.13500 59.59900
13 10 20 22 41 9739.90000 4.87500000 324.79000 42.50000 12.13500 59.59900
13 10 20 22 41 9739.90000 4.89000000 324.79000 42.50000 12.13500 59.59900
13 10 20 22 42 9740.00000 4.89000000 324.80000 42.50000 12.13500 59.59900
13 10 20 22 42 9740.00000 4.89000000 324.68000 42.50000 12.13500 59.59900
13 10 20 22 42 9740.00000 4.87500000 324.68000 42.50000 12.13500 59.59900
13 10 20 22 43 9740.00000 4.87500000 324.68000 42.50000 12.13500 59.59900
13 10 20 22 43 9746.10000 4.87500000 324.68000 42.50000 12.13500 59.59900
13 10 20 22 44 9744.90000 4.87500000 324.68000 42.50000 12.13500 59.59900
13 10 20 22 44 9743.80000 4.87500000 324.68000 42.50000 12.13500 59.68500
13 10 20 22 45 9747.60000 4.86600000 324.68000 42.50000 12.13500 59.68500
13 10 20 22 45 9747.80000 4.86600000 324.68000 42.50000 12.13500 59.68500
13 10 20 22 45 9747.80000 4.86600000 325.12000 42.50000 12.13500 59.68500
13 10 20 22 46 9747.90000 4.86600000 325.12000 42.50000 12.13500 59.68500
13 10 20 22 46 9747.90000 4.86600000 325.12000 42.50000 12.13500 59.84800
13 10 20 22 47 9746.40000 4.84700000 325.15000 42.50000 12.13500 59.84800
13 10 20 22 47 9746.40000 4.84300000 325.13000 42.50000 12.13500 59.84800
13 10 20 22 48 9745.10000 4.84300000 325.15000 42.50000 12.13500 59.84800
13 10 20 22 48 9745.10000 4.83600000 325.15000 42.50000 12.13500 59.84800
13 10 20 22 48 9747.10000 4.83300000 324.92000 42.50000 12.13500 59.84800
13 10 20 22 49 9745.10000 4.88500000 324.92000 42.50000 12.13500 59.84800
13 10 20 22 49 9745.00000 4.88500000 324.92000 42.50000 12.13500 59.84800
13 10 20 22 50 9745.00000 4.88500000 324.92000 42.50000 12.13500 59.84800
13 10 20 22 50 9745.10000 4.88500000 324.92000 42.50000 12.13500 59.84800
13 10 20 22 51 9745.10000 4.88500000 324.92000 42.50000 12.13500 59.84800
13 10 20 22 51 9747.90000 4.88500000 324.92000 42.50000 12.13500 59.84800
13 10 20 22 51 9747.80000 4.88500000 324.87000 42.50000 12.13500 59.84800
13 10 20 22 52 9747.80000 4.88500000 324.87000 42.50000 12.13500 59.84800
13 10 20 22 52 9747.80000 4.88500000 324.87000 42.50000 12.13500 59.84800
13 10 20 22 53 9747.00000 4.88500000 324.87000 42.50000 12.13500 59.84800
13 10 20 22 53 9747.00000 4.88500000 324.72000 42.50000 12.13500 59.84800
13 10 20 22 54 9747.00000 4.88500000 324.72000 42.50000 12.13500 59.84800
13 10 20 22 54 9747.80000 4.88500000 324.72000 42.50000 12.13500 59.84800
13 10 20 22 54 9747.70000 4.88500000 324.72000 42.50000 12.13500 59.84800
13 10 20 22 55 9747.70000 4.83800000 324.72000 42.50000 12.13500 59.84800
13 10 20 22 55 9747.90000 4.84200000 324.72000 42.50000 12.13500 59.84800
13 10 20 22 56 9747.90000 4.84200000 324.72000 42.50000 12.13500 59.84800
13 10 20 22 56 9747.90000 4.84300000 324.92000 42.50000 12.13500 59.84800
13 10 20 22 57 9747.90000 4.84200000 324.92000 42.50000 12.13500 59.84800
13 10 20 22 57 9747.80000 4.84200000 324.92000 42.50000 12.13500 59.84800
13 10 20 22 57 9747.80000 4.84200000 324.92000 42.50000 12.13500 59.84800
13 10 20 22 58 9747.90000 4.84200000 324.92000 42.63000 12.13500 59.84800
13 10 20 22 58 9747.90000 4.84200000 324.92000 42.63000 12.13500 59.84800
13 10 20 22 59 9747.60000 4.84200000 324.92000 42.63000 12.13500 59.84800
13 10 20 22 59 9747.00000 4.84200000 324.92000 42.63000 12.13500 59.84800
13 10 20 23 00 9747.00000 4.84200000 324.78000 42.63000 12.13500 59.84800
13 10 20 23 00 9747.60000 4.84200000 324.72000 42.63000 12.13500 59.84800
13 10 20 23 00 9747.90000 4.84200000 324.70000 42.63000 12.13500 59.84800
13 10 20 23 01 9747.90000 4.84200000 324.70000 42.63000 12.13500 59.84800
13 10 20 23 01 9747.90000 4.84200000 324.70000 42.63000 12.13500 59.84800
13 10 20 23 02 9748.40000 4.84200000 324.70000 42.63000 12.13500 59.84800
13 10 20 23 02 9749.00000 4.84200000 324.78000 42.58000 12.13500 59.84800
13 10 20 23 03 9749.00000 4.84200000 324.76000 42.58000 12.13500 59.84800
13 10 20 23 03 9746.10000 4.84200000 324.76000 42.58000 12.13500 59.84800
13 10 20 23 03 9746.10000 4.84600000 324.76000 42.58000 12.13500 59.84800
13 10 20 23 04 9747.00000 4.84600000 324.76000 42.58000 12.13500 59.84800
13 10 20 23 04 9746.10000 4.88300000 324.87000 42.58000 12.13500 59.84800
13 10 20 23 05 9750.00000 4.88300000 325.15000 42.58000 12.13500 59.84800
13 10 20 23 05 9749.90000 4.84200000 325.15000 42.58000 12.13500 59.84800
13 10 20 23 06 9750.00000 4.84200000 325.15000 42.58000 12.13500 59.84800
13 10 20 23 06 9749.90000 4.84200000 325.21000 42.58000 12.13500 59.84800
13 10 20 23 06 9749.90000 4.84200000 325.21000 42.58000 12.13500 59.84800
13 10 20 23 07 9751.70000 4.84200000 325.21000 42.58000 12.13500 59.84800
13 10 20 23 07 9751.70000 4.84200000 325.20000 42.58000 12.13500 59.84800
13 10 20 23 08 9751.30000 4.84200000 325.20000 42.58000 12.13500 59.84800
13 10 20 23 08 9751.10000 4.84100000 325.20000 42.57000 12.13500 59.84800
13 10 20 23 09 9751.10000 4.84100000 325.20000 42.57000 12.13500 59.84800
13 10 20 23 09 9754.20000 4.84100000 325.30000 42.57000 12.13500 59.84800
13 10 20 23 10 9755.60000 4.84100000 325.30000 42.57000 12.13500 59.84800
13 10 20 23 10 9754.10000 4.84100000 325.30000 42.57000 12.13500 59.84800
13 10 20 23 10 9756.20000 4.84100000 325.30000 42.57000 12.13500 59.84800
13 10 20 23 11 9754.30000 4.84100000 325.30000 42.57000 12.13500 59.84800
13 10 20 23 11 9754.10000 4.84100000 325.30000 42.57000 12.13500 59.84800
13 10 20 23 12 9754.80000 4.84100000 325.30000 42.57000 12.13500 59.84800
13 10 20 23 12 9756.10000 4.84100000 325.30000 42.58000 12.13500 59.84800
13 10 20 23 13 9756.10000 4.84100000 325.29000 42.58000 12.13500 59.84800
13 10 20 23 13 9758.00000 4.84100000 325.29000 42.58000 12.13500 59.84800
13 10 20 23 13 9757.90000 4.84100000 325.29000 42.58000 12.13500 59.84800
13 10 20 23 14 9757.90000 4.84100000 325.29000 42.58000 12.13500 59.84800
13 10 20 23 14 9757.90000 4.84100000 325.29000 42.58000 12.13500 59.84800
13 10 20 23 15 9751.80000 4.84100000 325.29000 42.58000 12.13500 59.84800
13 10 20 23 15 9753.90000 4.84100000 325.29000 42.54000 12.13500 59.84800
13 10 20 23 15 9756.50000 4.84100000 325.29000 42.54000 12.13500 59.84800
13 10 20 23 16 9757.90000 4.84100000 325.31000 42.58000 12.13500 59.84800
13 10 20 23 16 9758.90000 4.84100000 325.45000 42.58000 12.13500 59.84800
13 10 20 23 17 9759.00000 4.84100000 325.45000 42.58000 12.13500 59.84800
13 10 20 23 17 9759.10000 4.84100000 325.45000 42.58000 12.13500 59.84800
13 10 20 23 18 9758.10000 4.84100000 325.72000 42.58000 12.13500 59.84800
13 10 20 23 18 9758.00000 4.84100000 325.86000 42.62000 12.13500 59.84800
13 10 20 23 18 9758.00000 4.84100000 325.82000 42.62000 12.13500 59.84800
13 10 20 23 19 9757.70000 4.84100000 325.82000 42.62000 12.13500 59.84800
13 10 20 23 19 9758.50000 4.84100000 325.72000 42.62000 12.13500 59.84800
13 10 20 23 20 9758.80000 4.84100000 325.72000 42.58000 12.13500 59.84800
13 10 20 23 20 9758.40000 4.84100000 325.72000 42.58000 12.13500 59.84800
