M=[
 2 5 20 12 02 8093.50000 6.15000000 193.99000 43.18000 9.96300 41.60900
 2 5 20 12 02 8092.20000 6.14600000 194.09000 43.18000 9.96300 41.60900
 2 5 20 12 03 8092.40000 6.14700000 194.04000 43.18000 9.91700 41.60900
 2 5 20 12 03 8093.10000 6.14400000 193.99000 43.18000 9.96300 41.60900
 2 5 20 12 04 8088.00000 6.14400000 193.90000 43.18000 9.96300 41.60900
 2 5 20 12 04 8088.00000 6.14400000 194.06000 43.27000 9.96300 41.60900
 2 5 20 12 05 8088.70000 6.14400000 194.04000 43.27000 9.96300 41.60900
 2 5 20 12 05 8093.60000 6.15000000 194.09000 43.27000 9.96300 41.60900
 2 5 20 12 06 8093.60000 6.15000000 194.10000 43.27000 9.96300 41.60900
 2 5 20 12 06 8095.00000 6.15500000 194.10000 43.27000 9.91700 41.60900
 2 5 20 12 07 8094.90000 6.15000000 194.09000 43.27000 9.96300 41.60900
 2 5 20 12 07 8095.00000 6.14400000 194.09000 43.27000 9.96300 41.57500
 2 5 20 12 08 8095.00000 6.15500000 194.09000 43.27000 9.96300 41.48800
 2 5 20 12 08 8095.00000 6.15500000 194.10000 43.27000 9.91700 41.48800
 2 5 20 12 09 8094.90000 6.15500000 194.12000 43.27000 9.96300 41.48800
 2 5 20 12 09 8094.90000 6.15500000 194.12000 43.27000 9.96300 41.48800
 2 5 20 12 10 8094.90000 6.15500000 194.12000 43.27000 9.96300 41.48800
 2 5 20 12 10 8094.90000 6.15500000 194.12000 43.27000 9.96300 41.48800
 2 5 20 12 11 8094.90000 6.15500000 194.22000 43.12000 9.96300 41.48800
 2 5 20 12 11 8095.40000 6.15500000 194.06000 43.18000 9.96300 41.48800
 2 5 20 12 12 8101.80000 6.15500000 194.06000 43.27000 9.96300 41.48800
 2 5 20 12 12 8097.30000 6.15500000 194.06000 43.27000 9.96300 41.48800
 2 5 20 12 13 8094.90000 6.15500000 194.05000 43.12000 9.96300 41.60900
 2 5 20 12 13 8099.60000 6.15500000 194.03000 43.27000 9.96300 41.48800
 2 5 20 12 14 8095.40000 6.15500000 194.05000 43.27000 9.96300 41.48800
 2 5 20 12 14 8095.30000 6.15500000 194.10000 43.27000 9.96300 41.48800
 2 5 20 12 15 8094.80000 6.15500000 194.10000 43.28000 9.96300 41.60900
 2 5 20 12 15 8097.70000 6.15000000 194.10000 43.28000 9.96300 41.48800
 2 5 20 12 15 8097.80000 6.15500000 194.09000 43.28000 9.96300 41.48800
 2 5 20 12 16 8116.50000 6.16900000 194.29000 43.28000 9.96300 41.48800
 2 5 20 12 17 8124.50000 6.16900000 194.29000 43.31000 9.96300 41.48800
 2 5 20 12 17 8135.00000 6.17400000 194.29000 43.31000 9.96300 41.48800
 2 5 20 12 18 8130.80000 6.18400000 194.29000 43.31000 9.96300 41.48800
 2 5 20 12 18 8132.00000 6.18400000 194.28000 43.31000 9.96300 41.48800
 2 5 20 12 19 8133.60000 6.18400000 194.29000 43.33000 9.96300 41.48800
 2 5 20 12 19 8125.10000 6.18400000 194.29000 43.32000 9.96300 41.48800
 2 5 20 12 20 8123.10000 6.18400000 194.32000 43.30000 9.96300 41.48800
 2 5 20 12 20 8133.60000 6.18200000 194.33000 43.33000 10.06400 41.48800
 2 5 20 12 21 8129.70000 6.18200000 194.47000 43.28000 10.06400 41.48800
 2 5 20 12 21 8134.90000 6.18400000 194.48000 43.28000 10.06400 41.48800
 2 5 20 12 22 8135.70000 6.20700000 194.50000 43.31000 10.06400 41.48800
 2 5 20 12 22 8139.70000 6.20700000 194.53000 43.28000 10.06400 41.48800
 2 5 20 12 23 8137.80000 6.20700000 194.53000 43.31000 10.06400 41.48800
 2 5 20 12 23 8142.70000 6.20700000 194.53000 43.27000 10.06400 41.48800
 2 5 20 12 24 8136.10000 6.21000000 194.60000 43.27000 10.06400 41.60900
 2 5 20 12 24 8136.00000 6.20100000 194.60000 43.27000 10.06400 41.48800
 2 5 20 12 25 8133.10000 6.20100000 194.54000 43.27000 10.06400 41.48800
 2 5 20 12 25 8127.00000 6.20100000 194.54000 43.26000 10.06400 41.48800
 2 5 20 12 26 8126.20000 6.20100000 194.52000 43.26000 10.06400 41.48800
 2 5 20 12 26 8141.70000 6.20100000 194.60000 43.26000 10.06400 41.48800
 2 5 20 12 27 8137.00000 6.20100000 194.61000 43.32000 10.06400 41.48800
 2 5 20 12 27 8134.00000 6.17800000 194.34000 43.27000 10.06400 41.48800
 2 5 20 12 28 8136.00000 6.20100000 194.52000 43.27000 10.06400 41.48800
 2 5 20 12 28 8133.10000 6.17800000 194.58000 43.29000 10.06400 41.48800
 2 5 20 12 29 8133.10000 6.17800000 194.52000 43.29000 10.06400 41.48800
 2 5 20 12 29 8127.00000 6.17800000 194.58000 43.29000 10.06400 41.48800
 2 5 20 12 30 8132.90000 6.17900000 194.53000 43.27000 10.06400 41.48800
 2 5 20 12 30 8132.90000 6.17900000 194.60000 43.29000 10.04600 41.57500
 2 5 20 12 31 8129.40000 6.17900000 194.49000 43.29000 10.04600 41.48800
 2 5 20 12 31 8121.70000 6.17900000 194.49000 43.29000 10.04500 41.50800
 2 5 20 12 32 8120.20000 6.17900000 194.29000 43.29000 10.04500 41.56700
 2 5 20 12 33 8118.00000 6.17900000 194.25000 43.29000 10.04500 41.56700
 2 5 20 12 33 8114.80000 6.18900000 194.25000 43.23000 10.04500 41.56700
 2 5 20 12 34 8115.00000 6.17700000 194.25000 43.27000 10.04500 41.56700
 2 5 20 12 34 8117.10000 6.17700000 194.03000 43.27000 10.04500 41.56700
 2 5 20 12 35 8110.10000 6.17700000 194.01000 43.23000 10.04500 41.56700
 2 5 20 12 35 8110.00000 6.17700000 194.11000 43.23000 10.04500 41.56700
 2 5 20 12 36 8105.40000 6.17700000 194.05000 43.23000 10.04500 41.56700
 2 5 20 12 36 8109.00000 6.18600000 194.05000 43.23000 10.04500 41.56700
 2 5 20 12 37 8108.10000 6.16800000 194.05000 43.23000 10.04500 41.56700
 2 5 20 12 37 8108.30000 6.18600000 194.05000 43.23000 10.04500 41.56700
 2 5 20 12 38 8110.00000 6.18600000 194.27000 43.23000 10.04500 41.56700
 2 5 20 12 38 8115.80000 6.18600000 194.27000 43.23000 10.04500 41.56700
 2 5 20 12 39 8115.80000 6.18600000 194.12000 43.23000 10.04500 41.56700
 2 5 20 12 39 8115.00000 6.18600000 194.17000 43.23000 10.04500 41.56700
 2 5 20 12 40 8115.10000 6.18600000 194.11000 43.27000 10.04500 41.56700
 2 5 20 12 40 8118.00000 6.18600000 194.18000 43.23000 10.05100 41.56700
 2 5 20 12 41 8117.20000 6.18600000 194.25000 43.23000 10.05100 41.50800
 2 5 20 12 41 8117.90000 6.18600000 194.25000 43.23000 10.05100 41.56700
 2 5 20 12 42 8117.40000 6.18600000 194.13000 43.27000 10.05100 41.56700
 2 5 20 12 42 8117.50000 6.18600000 194.12000 43.23000 10.05100 41.56700
 2 5 20 12 43 8117.50000 6.18600000 194.12000 43.23000 10.05100 41.56700
 2 5 20 12 43 8117.50000 6.18600000 194.07000 43.27000 10.04500 41.56700
 2 5 20 12 44 8119.70000 6.18600000 194.18000 43.23000 10.05100 41.56700
 2 5 20 12 44 8117.90000 6.19900000 194.18000 43.23000 10.05100 41.56700
 2 5 20 12 45 8111.60000 6.19900000 194.09000 43.23000 10.05100 41.56700
 2 5 20 12 45 8114.00000 6.19900000 194.03000 43.23000 10.04500 41.56700
 2 5 20 12 46 8111.00000 6.18600000 194.00000 43.23000 10.05100 41.56700
 2 5 20 12 46 8107.00000 6.19900000 193.90000 43.23000 10.05100 41.56700
 2 5 20 12 47 8093.90000 6.19900000 193.90000 43.23000 10.04500 41.56700
 2 5 20 12 47 8093.10000 6.19900000 193.73000 43.23000 10.05100 41.56700
 2 5 20 12 48 8091.00000 6.18600000 193.71000 43.13000 10.05100 41.50800
 2 5 20 12 48 8091.00000 6.18600000 193.70000 43.13000 10.05100 41.56700
 2 5 20 12 49 8088.90000 6.18600000 193.62000 43.16000 10.05100 41.56700
 2 5 20 12 49 8096.30000 6.18600000 193.83000 43.16000 10.05100 41.56700
 2 5 20 12 50 8092.30000 6.18600000 193.88000 43.16000 10.02500 41.56700
 2 5 20 12 50 8091.10000 6.18600000 193.80000 43.16000 10.02500 41.56700
 2 5 20 12 51 8085.30000 6.18600000 193.74000 43.16000 10.02500 41.56700
 2 5 20 12 51 8070.60000 6.18600000 193.67000 43.16000 10.02500 41.56700
 2 5 20 12 52 8076.40000 6.18600000 193.67000 43.16000 10.02500 41.56700
 2 5 20 12 52 8085.30000 6.18600000 193.73000 43.16000 10.02500 41.56700
 2 5 20 12 53 8086.10000 6.18600000 193.73000 43.16000 10.02500 41.50800
 2 5 20 12 53 8085.30000 6.18600000 193.82000 43.16000 10.02500 41.56700
 2 5 20 12 54 8083.50000 6.18600000 193.75000 43.16000 10.05100 41.56700
 2 5 20 12 54 8083.50000 6.18600000 193.73000 43.16000 10.02500 41.56700
 2 5 20 12 55 8085.00000 6.18600000 193.75000 43.16000 10.02500 41.48800
 2 5 20 12 55 8086.80000 6.18600000 193.75000 43.16000 10.02500 41.56700
 2 5 20 12 56 8089.10000 6.18600000 193.76000 43.16000 10.02500 41.56700
 2 5 20 12 56 8092.00000 6.18600000 193.85000 43.18000 10.02500 41.56700
 2 5 20 12 57 8081.20000 6.18600000 193.85000 43.18000 10.02500 41.56700
