M=[
20 7 20 17 30 8052.90000 5.37500000 208.83000 37.09000 16.93900 50.80000
20 7 20 17 31 8053.20000 5.37500000 208.83000 37.09000 16.93900 50.80000
20 7 20 17 31 8053.10000 5.37500000 208.90000 37.09000 16.93900 50.80000
20 7 20 17 32 8053.20000 5.37500000 209.04000 37.12000 17.00300 50.80000
20 7 20 17 32 8054.60000 5.37500000 209.06000 37.12000 17.00300 50.80000
20 7 20 17 33 8054.70000 5.37500000 209.02000 37.12000 17.00300 50.80000
20 7 20 17 33 8054.70000 5.37500000 209.01000 37.12000 17.00300 50.80000
20 7 20 17 34 8054.70000 5.37500000 208.99000 37.12000 17.06600 50.80000
20 7 20 17 34 8054.90000 5.37500000 209.08000 37.12000 17.06600 50.80000
20 7 20 17 34 8055.70000 5.37500000 209.10000 37.12000 17.06600 50.80000
20 7 20 17 35 8055.70000 5.37500000 209.10000 37.12000 17.07500 50.80000
20 7 20 17 35 8055.80000 5.39000000 209.15000 37.12000 17.07500 50.80000
20 7 20 17 36 8057.70000 5.39000000 209.12000 37.12000 17.07500 50.80000
20 7 20 17 36 8057.80000 5.38000000 209.12000 37.12000 17.07500 50.80000
20 7 20 17 37 8057.90000 5.38000000 209.15000 37.12000 17.07500 50.80000
20 7 20 17 37 8058.00000 5.38000000 209.20000 37.12000 17.07500 50.80000
20 7 20 17 38 8058.30000 5.38000000 209.31000 37.12000 17.07500 50.80000
20 7 20 17 38 8058.80000 5.38000000 209.29000 37.12000 17.07500 50.80000
20 7 20 17 39 8058.80000 5.38000000 209.17000 37.12000 17.07500 50.80000
20 7 20 17 39 8059.70000 5.38000000 209.12000 37.12000 17.07500 50.80000
20 7 20 17 40 8059.80000 5.38000000 209.17000 37.15000 17.07500 50.80000
20 7 20 17 40 8059.80000 5.38000000 209.12000 37.15000 17.05600 50.80000
20 7 20 17 41 8059.80000 5.38000000 209.12000 37.15000 17.05600 50.90700
20 7 20 17 41 8059.80000 5.38000000 209.12000 37.15000 17.05600 50.90700
20 7 20 17 41 8059.90000 5.38300000 209.12000 37.15000 17.05600 50.90700
20 7 20 17 42 8059.80000 5.38300000 209.08000 37.15000 17.05600 50.90700
20 7 20 17 42 8059.90000 5.38300000 209.11000 37.15000 17.05600 50.90700
20 7 20 17 43 8059.90000 5.38300000 209.11000 37.15000 17.05600 50.90700
20 7 20 17 43 8059.90000 5.38300000 209.06000 37.15000 17.05600 50.90700
20 7 20 17 44 8059.80000 5.38300000 209.06000 37.12000 17.05600 50.90700
20 7 20 17 44 8059.90000 5.38300000 209.05000 37.12000 17.05600 50.90700
20 7 20 17 45 8059.90000 5.38300000 209.04000 37.12000 17.05600 50.90700
20 7 20 17 45 8059.90000 5.38300000 209.08000 37.12000 17.05600 50.90700
20 7 20 17 46 8059.90000 5.38300000 209.09000 37.12000 17.05600 50.90700
20 7 20 17 46 8059.80000 5.37700000 209.10000 37.12000 17.05600 50.90700
20 7 20 17 47 8059.90000 5.37700000 209.09000 37.12000 17.05600 50.90700
20 7 20 17 47 8059.90000 5.37700000 209.09000 37.16000 17.05600 50.90700
20 7 20 17 47 8059.90000 5.37700000 209.10000 37.16000 17.05600 50.90700
20 7 20 17 48 8059.80000 5.37700000 209.13000 37.16000 17.05600 50.90700
20 7 20 17 48 8059.80000 5.37700000 209.13000 37.16000 17.05600 50.90700
20 7 20 17 49 8059.80000 5.37700000 209.15000 37.16000 17.05600 50.90700
20 7 20 17 49 8059.80000 5.37700000 209.16000 37.13000 17.05600 50.90700
20 7 20 17 50 8059.90000 5.37700000 209.16000 37.13000 17.05600 50.90700
20 7 20 17 50 8059.80000 5.37700000 209.20000 37.13000 17.06900 50.90700
20 7 20 17 51 8059.90000 5.37700000 209.19000 37.13000 17.06900 50.90700
20 7 20 17 51 8059.90000 5.37700000 209.16000 37.13000 17.06900 50.90700
20 7 20 17 51 8059.90000 5.37700000 209.16000 37.13000 17.06900 50.90700
20 7 20 17 52 8059.90000 5.37700000 209.18000 37.13000 17.06900 50.90700
20 7 20 17 52 8059.90000 5.37700000 209.18000 37.13000 17.06900 50.90700
20 7 20 17 53 8060.00000 5.37700000 209.13000 37.13000 17.06900 50.90700
20 7 20 17 53 8060.00000 5.37500000 209.14000 37.13000 17.06900 50.90700
20 7 20 17 54 8060.00000 5.37500000 209.13000 37.13000 17.06900 50.90700
20 7 20 17 54 8060.00000 5.37500000 209.14000 37.13000 17.06900 50.90700
20 7 20 17 55 8060.00000 5.37500000 209.13000 37.13000 17.06900 50.90700
20 7 20 17 55 8060.00000 5.37500000 209.14000 37.13000 17.06900 50.90700
20 7 20 17 56 8060.00000 5.37500000 209.13000 37.13000 17.06900 50.90700
20 7 20 17 56 8060.00000 5.37100000 209.14000 37.13000 17.06900 50.90700
20 7 20 17 56 8060.00000 5.37100000 209.14000 37.13000 17.06900 50.90700
20 7 20 17 57 8059.90000 5.37100000 209.14000 37.13000 17.06900 50.90700
20 7 20 17 57 8060.00000 5.37100000 209.14000 37.13000 17.06900 50.90700
20 7 20 17 58 8060.00000 5.37100000 209.14000 37.13000 17.06900 50.90700
20 7 20 17 58 8060.00000 5.37100000 209.14000 37.13000 17.06900 50.90700
20 7 20 17 59 8060.00000 5.37100000 209.14000 37.13000 17.06900 50.90700
20 7 20 17 59 8059.90000 5.37100000 209.14000 37.13000 17.06900 50.90700
20 7 20 18 00 8060.00000 5.37100000 209.14000 37.13000 17.06900 50.89000
20 7 20 18 00 8060.10000 5.37100000 209.15000 37.15000 17.06900 50.89000
20 7 20 18 01 8060.00000 5.37100000 209.15000 37.15000 17.06900 50.89000
20 7 20 18 01 8060.00000 5.37100000 209.19000 37.15000 17.06900 50.89000
20 7 20 18 01 8060.30000 5.37100000 209.19000 37.15000 17.06900 50.89000
20 7 20 18 02 8060.90000 5.37100000 209.21000 37.15000 17.06900 50.89000
20 7 20 18 02 8060.90000 5.37100000 209.22000 37.15000 17.06900 50.89000
20 7 20 18 03 8061.20000 5.37100000 209.24000 37.15000 17.06900 50.89000
20 7 20 18 03 8061.10000 5.37100000 209.27000 37.15000 17.06900 50.89000
20 7 20 18 04 8061.50000 5.37100000 209.27000 37.15000 17.06900 50.89000
20 7 20 18 04 8062.30000 5.37100000 209.27000 37.15000 17.06900 50.89000
20 7 20 18 05 8062.30000 5.37100000 209.27000 37.15000 17.06900 50.89000
20 7 20 18 05 8062.30000 5.37100000 209.23000 37.15000 17.06900 50.89000
20 7 20 18 05 8062.30000 5.37100000 209.23000 37.15000 17.06900 50.89000
20 7 20 18 06 8062.20000 5.37100000 209.22000 37.15000 17.06900 50.89000
20 7 20 18 06 8062.30000 5.37100000 209.22000 37.15000 17.06900 50.89000
20 7 20 18 07 8062.20000 5.37100000 209.21000 37.15000 17.06900 50.89000
20 7 20 18 07 8062.20000 5.37100000 209.21000 37.15000 17.06900 50.89000
20 7 20 18 08 8062.10000 5.37100000 209.22000 37.15000 17.06900 50.89000
20 7 20 18 08 8062.10000 5.37100000 209.22000 37.15000 17.06900 50.89000
20 7 20 18 09 8062.20000 5.37100000 209.22000 37.15000 17.06900 50.89000
20 7 20 18 09 8062.10000 5.37100000 209.22000 37.15000 17.06900 50.89000
20 7 20 18 09 8062.20000 5.37100000 209.20000 37.16000 17.06900 50.89000
20 7 20 18 10 8061.60000 5.37100000 209.16000 37.15000 17.06900 50.89000
20 7 20 18 10 8061.60000 5.37100000 209.14000 37.15000 17.06900 50.89000
20 7 20 18 11 8061.10000 5.37100000 209.09000 37.15000 17.06900 50.89000
20 7 20 18 11 8061.00000 5.37100000 209.10000 37.15000 17.06900 50.89000
20 7 20 18 12 8060.10000 5.37100000 209.09000 37.15000 17.06900 50.89000
20 7 20 18 12 8059.70000 5.37100000 209.10000 37.15000 17.06900 50.89000
20 7 20 18 13 8058.50000 5.37100000 209.10000 37.15000 17.06900 50.89000
20 7 20 18 13 8056.00000 5.37100000 209.10000 37.15000 17.06900 50.89000
20 7 20 18 13 8056.00000 5.37100000 209.10000 37.15000 17.06900 50.89000
20 7 20 18 14 8055.20000 5.37100000 209.09000 37.15000 17.06900 50.89000
20 7 20 18 14 8054.70000 5.37100000 208.84000 37.10000 17.06900 50.89000
20 7 20 18 15 8053.40000 5.37100000 208.83000 37.10000 17.06900 50.86000
20 7 20 18 15 8053.00000 5.37100000 208.83000 37.10000 17.06900 50.84000
20 7 20 18 16 8050.90000 5.37100000 208.83000 37.10000 17.06900 50.84000
20 7 20 18 16 8050.90000 5.37100000 208.83000 37.10000 17.06900 50.84000
20 7 20 18 17 8050.90000 5.37100000 208.80000 37.10000 17.06900 50.84000
20 7 20 18 17 8048.90000 5.37100000 208.78000 37.10000 17.06900 50.84000
20 7 20 18 18 8048.00000 5.37100000 208.78000 37.10000 17.06900 50.84000
20 7 20 18 18 8047.70000 5.37100000 208.78000 37.10000 17.06900 50.84000
20 7 20 18 19 8046.30000 5.37100000 208.73000 37.02000 17.06900 50.84000
20 7 20 18 19 8046.10000 5.37100000 208.73000 37.02000 17.06900 50.84000
20 7 20 18 19 8045.60000 5.37100000 208.75000 37.02000 17.06900 50.84000
