M=[
29 3 21 20 10 48810.10000 10.41900000 1537.05000 164.57000 31.37000 126.82400
29 3 21 20 10 48795.20000 10.41900000 1536.90000 164.40000 31.37000 126.82400
29 3 21 20 11 48795.10000 10.41900000 1536.71000 164.46000 31.37000 126.82400
29 3 21 20 11 48771.70000 10.41900000 1535.89000 164.43000 31.37000 126.82400
29 3 21 20 12 48778.70000 10.41900000 1535.00000 164.41000 31.37000 126.82400
29 3 21 20 12 48720.00000 10.41000000 1532.70000 164.40000 31.37000 126.82400
29 3 21 20 13 48758.60000 10.41000000 1533.88000 164.37000 31.37000 126.82400
29 3 21 20 13 48716.60000 10.41000000 1532.86000 164.37000 31.37000 126.82400
29 3 21 20 13 48727.60000 10.41000000 1533.03000 164.37000 31.37000 126.41700
29 3 21 20 14 48718.90000 10.41000000 1532.90000 164.42000 31.37000 126.41700
29 3 21 20 14 48705.00000 10.41000000 1532.41000 164.43000 31.37000 126.41700
29 3 21 20 15 48721.60000 10.41000000 1532.47000 164.43000 31.37000 126.41700
29 3 21 20 15 48749.90000 10.41000000 1534.35000 164.53000 31.37000 126.49800
29 3 21 20 16 48765.40000 10.41000000 1536.09000 164.75000 31.37000 126.49800
29 3 21 20 16 48773.80000 10.41000000 1535.27000 164.75000 31.37000 126.49800
29 3 21 20 16 48773.80000 10.41000000 1535.74000 164.75000 31.37000 126.77800
29 3 21 20 17 48773.70000 10.41000000 1535.74000 164.75000 31.37000 126.77800
29 3 21 20 17 48773.70000 10.41000000 1534.97000 164.79000 31.37000 126.92000
29 3 21 20 18 48764.40000 10.41000000 1534.97000 164.79000 31.37000 126.81000
29 3 21 20 18 48756.50000 10.41000000 1533.63000 164.76000 31.37000 126.81000
29 3 21 20 19 48755.10000 10.41000000 1533.86000 164.64000 31.50300 126.81000
29 3 21 20 19 48763.30000 10.41000000 1533.57000 164.64000 31.50300 126.81000
29 3 21 20 19 48755.10000 10.41000000 1533.56000 164.79000 31.50300 126.81000
29 3 21 20 20 48751.00000 10.41000000 1533.56000 164.79000 31.25800 126.87300
29 3 21 20 20 48756.70000 10.41000000 1533.88000 164.79000 31.25800 126.87300
29 3 21 20 21 48755.00000 10.41000000 1534.33000 164.82000 31.25800 126.87300
29 3 21 20 21 48773.70000 10.41000000 1535.00000 164.82000 31.25800 126.87300
29 3 21 20 22 48772.20000 10.41000000 1534.99000 164.82000 31.25800 126.85700
29 3 21 20 22 48776.90000 10.41000000 1535.68000 164.82000 31.25800 126.85700
29 3 21 20 22 48769.80000 10.42900000 1535.34000 164.82000 31.25800 126.85700
29 3 21 20 23 48770.10000 10.42900000 1535.49000 164.82000 31.25800 126.85700
29 3 21 20 23 48770.00000 10.42600000 1534.86000 164.82000 31.25800 126.85700
29 3 21 20 24 48770.00000 10.42600000 1534.44000 164.82000 31.25800 126.85700
29 3 21 20 24 48770.00000 10.42600000 1534.44000 164.81000 31.25800 126.88200
29 3 21 20 25 48779.50000 10.42600000 1534.45000 164.81000 31.50900 126.88200
29 3 21 20 25 48778.90000 10.41800000 1535.26000 164.81000 31.50900 126.88200
29 3 21 20 25 48770.20000 10.41800000 1535.26000 164.87000 31.50900 126.88200
29 3 21 20 26 48770.10000 10.41800000 1535.26000 164.87000 31.50900 126.88200
29 3 21 20 26 48770.20000 10.41800000 1534.73000 164.95000 31.25600 126.75700
29 3 21 20 27 48770.10000 10.41800000 1532.68000 164.95000 31.55900 126.75700
29 3 21 20 27 48750.00000 10.41800000 1533.14000 164.95000 31.55900 126.75700
29 3 21 20 28 48710.00000 10.41800000 1533.23000 164.87000 31.55900 126.90400
29 3 21 20 28 48714.30000 10.41800000 1533.57000 164.87000 31.55900 126.90400
29 3 21 20 28 48748.70000 10.41800000 1534.53000 164.94000 31.55900 126.90400
29 3 21 20 29 48747.60000 10.41800000 1534.53000 164.94000 31.55900 126.90400
29 3 21 20 29 48741.40000 10.41800000 1533.66000 164.94000 31.55900 126.90400
29 3 21 20 30 48705.10000 10.41400000 1532.74000 164.58000 31.55900 126.70700
29 3 21 20 30 48685.40000 10.41400000 1532.05000 164.58000 31.30700 126.70700
29 3 21 20 31 48673.50000 10.41400000 1531.80000 164.51000 31.30700 126.64100
29 3 21 20 31 48657.10000 10.41400000 1531.81000 164.53000 31.30700 126.64100
29 3 21 20 31 48651.20000 10.41400000 1531.82000 164.53000 31.30700 126.64100
29 3 21 20 32 48641.60000 10.41400000 1531.82000 164.57000 31.26200 126.64100
29 3 21 20 32 48650.30000 10.41400000 1534.17000 164.59000 31.26200 126.64100
29 3 21 20 33 48650.00000 10.41400000 1533.73000 164.58000 31.26200 126.64100
29 3 21 20 33 48650.10000 10.41400000 1534.20000 164.58000 31.26200 126.64100
29 3 21 20 34 48661.30000 10.41400000 1534.53000 164.62000 31.26200 126.64100
29 3 21 20 34 48703.40000 10.41400000 1534.81000 164.62000 31.26200 126.64100
29 3 21 20 34 48724.00000 10.41400000 1536.83000 164.62000 31.26200 126.64100
29 3 21 20 35 48750.00000 10.41400000 1537.34000 164.62000 31.26200 126.64100
29 3 21 20 35 48796.50000 10.41400000 1537.99000 164.99000 31.26200 126.64100
29 3 21 20 36 48780.90000 10.41400000 1537.74000 164.99000 31.63500 126.64100
29 3 21 20 36 48720.70000 10.42900000 1536.41000 164.99000 31.39200 126.64100
29 3 21 20 37 48745.00000 10.42900000 1536.12000 164.82000 31.43200 126.64100
29 3 21 20 37 48739.70000 10.42900000 1536.12000 164.83000 31.45800 126.64100
29 3 21 20 38 48739.70000 10.42900000 1537.37000 164.83000 31.45800 126.84300
29 3 21 20 38 48739.80000 10.42900000 1536.38000 164.83000 31.45800 126.84300
29 3 21 20 38 48735.50000 10.42900000 1536.82000 164.83000 31.45800 126.84300
29 3 21 20 39 48735.50000 10.42900000 1536.95000 164.84000 31.45800 126.84300
29 3 21 20 39 48738.70000 10.42900000 1536.29000 164.84000 31.45800 126.84300
29 3 21 20 40 48750.10000 10.42900000 1536.32000 164.84000 31.45800 126.68100
29 3 21 20 40 48750.10000 10.42900000 1536.53000 164.84000 31.45800 126.68100
29 3 21 20 41 48735.40000 10.42900000 1536.30000 164.90000 31.45800 126.68100
29 3 21 20 41 48700.20000 10.42900000 1535.59000 164.68000 31.45800 126.68100
29 3 21 20 41 48670.90000 10.42900000 1535.30000 164.68000 31.45800 126.68100
29 3 21 20 42 48706.40000 10.42900000 1534.96000 164.76000 31.75300 126.68100
29 3 21 20 42 48694.70000 10.42900000 1537.36000 164.76000 31.75300 126.80800
29 3 21 20 43 48703.50000 10.42900000 1536.72000 164.78000 31.53700 126.80800
29 3 21 20 43 48710.00000 10.42900000 1537.63000 164.78000 31.95100 126.64800
29 3 21 20 44 48710.10000 10.42900000 1537.00000 164.78000 31.62200 126.64800
29 3 21 20 44 48689.70000 10.42900000 1536.99000 164.78000 31.62200 126.64800
29 3 21 20 44 48688.40000 10.42900000 1537.42000 164.78000 31.62200 126.64800
29 3 21 20 45 48690.60000 10.42900000 1536.64000 164.69000 31.62200 126.64800
29 3 21 20 45 48661.90000 10.42900000 1535.73000 164.64000 31.62200 126.64800
29 3 21 20 46 48651.00000 10.42900000 1534.90000 164.54000 31.74100 126.64800
29 3 21 20 46 48661.30000 10.41800000 1534.69000 164.63000 31.77800 126.64800
29 3 21 20 47 48671.60000 10.41800000 1536.19000 164.63000 32.00000 126.64800
29 3 21 20 47 48670.80000 10.41800000 1535.70000 164.63000 32.00000 126.64800
29 3 21 20 47 48658.10000 10.41800000 1535.39000 164.63000 32.00000 126.64800
29 3 21 20 48 48658.10000 10.41800000 1534.27000 164.67000 32.00000 126.64800
29 3 21 20 48 48658.10000 10.41800000 1533.92000 164.53000 32.00000 126.64800
29 3 21 20 49 48650.10000 10.41800000 1533.41000 164.55000 32.15000 126.55100
29 3 21 20 49 48627.10000 10.41800000 1533.28000 164.55000 32.15000 126.39200
29 3 21 20 50 48627.10000 10.41800000 1533.28000 164.55000 32.15000 126.39200
29 3 21 20 50 48627.00000 10.41800000 1533.61000 164.55000 32.15000 126.36700
29 3 21 20 50 48601.00000 10.41800000 1533.50000 164.55000 32.15000 126.36700
29 3 21 20 51 48600.90000 10.41800000 1533.51000 164.43000 32.15000 126.36700
29 3 21 20 51 48600.00000 10.41800000 1532.25000 164.42000 32.15000 126.36700
29 3 21 20 52 48568.80000 10.41800000 1532.01000 164.36000 32.15000 125.99400
29 3 21 20 52 48568.80000 10.41800000 1532.19000 164.43000 32.15000 125.99400
29 3 21 20 53 48568.90000 10.38500000 1532.19000 164.46000 32.15000 125.99400
29 3 21 20 53 48568.90000 10.38500000 1532.20000 164.46000 31.95100 125.99400
29 3 21 20 53 48568.90000 10.38500000 1532.19000 164.46000 31.95100 125.99400
