M=[
24 5 21 05 25 28920.40000 42.07800000 1755.41000 124.67000 22.52700 106.93300
24 5 21 05 26 28951.30000 42.07800000 1760.81000 124.67000 22.52700 106.93300
24 5 21 05 26 28977.50000 42.07800000 1759.98000 124.67000 22.52700 106.93300
24 5 21 05 27 28915.30000 42.07800000 1753.41000 124.34000 22.71700 106.94500
24 5 21 05 27 28902.70000 42.07800000 1748.50000 124.25000 22.54100 106.94500
24 5 21 05 27 28900.10000 42.07800000 1749.46000 124.08000 22.54100 107.03000
24 5 21 05 28 28932.50000 42.14700000 1752.07000 124.08000 22.54100 107.56100
24 5 21 05 28 28939.30000 42.32500000 1753.65000 124.27000 22.54100 107.56100
24 5 21 05 29 28939.30000 42.31700000 1750.81000 124.27000 22.56700 107.63300
24 5 21 05 29 28908.90000 42.34000000 1752.08000 124.27000 22.56700 107.63300
24 5 21 05 30 28912.10000 42.34000000 1750.27000 124.27000 22.55400 107.63300
24 5 21 05 30 28934.90000 42.36200000 1749.99000 124.27000 22.55500 107.81000
24 5 21 05 30 28914.40000 42.38200000 1749.01000 124.17000 22.47500 107.81000
24 5 21 05 31 28801.50000 42.26200000 1746.78000 123.71000 22.47500 107.37200
24 5 21 05 31 28821.60000 42.11100000 1744.26000 123.61000 22.47500 107.32500
24 5 21 05 32 28791.90000 42.11100000 1741.19000 123.44000 22.47500 106.47800
24 5 21 05 32 28816.90000 42.11100000 1740.00000 123.39000 22.47500 105.80000
24 5 21 05 33 28823.30000 42.11100000 1739.69000 123.39000 22.47500 105.80000
24 5 21 05 33 28758.70000 42.11100000 1735.00000 123.39000 22.47500 105.80000
24 5 21 05 33 28757.50000 42.11100000 1734.26000 123.39000 22.47400 105.80000
24 5 21 05 34 28706.60000 41.70200000 1731.64000 122.65000 22.47400 105.80000
24 5 21 05 34 28689.90000 41.70200000 1729.23000 122.65000 22.47400 105.80000
24 5 21 05 35 28704.60000 41.70200000 1732.17000 122.78000 22.47400 106.39600
24 5 21 05 35 28654.40000 41.65700000 1730.02000 122.71000 22.47400 105.96400
24 5 21 05 36 28675.10000 41.65700000 1730.86000 122.70000 22.47400 105.96400
24 5 21 05 36 28680.90000 41.65700000 1729.50000 122.70000 22.47400 105.51800
24 5 21 05 36 28659.90000 41.65700000 1729.18000 122.70000 22.47400 105.51800
24 5 21 05 37 28650.60000 41.65700000 1728.11000 122.70000 22.47400 105.51800
24 5 21 05 37 28684.60000 41.65700000 1729.70000 123.03000 22.47400 106.27900
24 5 21 05 38 28752.70000 41.65700000 1734.57000 123.59000 22.47400 106.93400
24 5 21 05 38 28723.70000 41.65700000 1736.81000 123.39000 22.47400 107.35200
24 5 21 05 39 28723.70000 41.65700000 1737.98000 123.39000 22.47400 107.22000
24 5 21 05 39 28730.10000 41.65700000 1735.28000 123.17000 22.67500 106.90900
24 5 21 05 39 28739.00000 41.65700000 1735.40000 123.25000 22.67500 106.90900
24 5 21 05 40 28767.60000 41.65700000 1734.62000 123.33000 22.67500 107.29500
24 5 21 05 40 28767.20000 41.65700000 1737.48000 123.47000 22.67500 107.29500
24 5 21 05 41 28770.30000 41.65700000 1737.99000 123.47000 22.67500 107.04800
24 5 21 05 41 28776.90000 41.65700000 1738.21000 123.47000 22.67500 106.73400
24 5 21 05 42 28785.90000 41.69500000 1737.44000 123.49000 22.67500 106.73400
24 5 21 05 42 28770.10000 41.69500000 1737.02000 123.45000 22.41700 106.73400
24 5 21 05 42 28862.00000 41.69500000 1743.93000 123.45000 22.41700 106.73400
24 5 21 05 43 28869.30000 41.69500000 1744.19000 123.45000 22.41700 106.73400
24 5 21 05 43 28848.00000 41.69500000 1749.72000 123.45000 22.41700 106.73400
24 5 21 05 44 28845.00000 41.69500000 1745.99000 123.45000 22.41700 107.22000
24 5 21 05 44 28758.50000 41.69500000 1739.96000 123.40000 22.41700 105.95100
24 5 21 05 45 28744.70000 41.69500000 1736.54000 122.96000 22.41700 105.95100
24 5 21 05 45 28787.20000 41.69500000 1742.10000 123.06000 22.41700 105.95100
24 5 21 05 45 28812.90000 41.69500000 1743.99000 122.94000 22.40400 105.95100
24 5 21 05 46 28877.10000 41.69500000 1747.82000 123.71000 22.40400 106.25100
24 5 21 05 46 28874.20000 41.69500000 1745.80000 123.38000 22.40400 106.25100
24 5 21 05 47 28876.70000 41.69500000 1749.94000 123.71000 22.40400 106.25100
24 5 21 05 47 28878.20000 41.69500000 1745.78000 123.71000 22.40400 106.25100
24 5 21 05 48 28878.70000 42.03000000 1745.30000 123.49000 22.36600 106.25100
24 5 21 05 48 28804.00000 42.03000000 1740.34000 123.49000 22.36600 106.25100
24 5 21 05 48 28794.30000 42.03000000 1738.84000 123.49000 22.36600 106.25100
24 5 21 05 49 28801.70000 42.03000000 1738.02000 123.49000 22.36600 106.25100
24 5 21 05 49 28850.70000 42.03000000 1737.26000 122.94000 22.72100 106.25100
24 5 21 05 50 28875.60000 42.03000000 1741.44000 122.94000 22.72100 106.25100
24 5 21 05 50 28889.20000 42.03000000 1743.94000 122.94000 22.94900 106.25100
24 5 21 05 51 28940.00000 42.03000000 1745.34000 122.94000 22.94900 106.25100
24 5 21 05 51 28867.60000 42.03000000 1742.90000 122.81000 22.94900 106.25100
24 5 21 05 51 28920.00000 42.03000000 1742.49000 122.84000 22.94900 105.40200
24 5 21 05 52 28949.10000 42.03000000 1746.40000 122.84000 22.94900 105.86600
24 5 21 05 52 28965.10000 42.03000000 1748.00000 122.84000 22.94900 105.86600
24 5 21 05 53 28975.20000 42.14500000 1749.59000 122.84000 22.94900 105.86600
24 5 21 05 53 28940.70000 42.14500000 1750.42000 122.84000 22.72100 105.86600
24 5 21 05 54 28925.30000 42.14500000 1748.61000 123.45000 22.72100 105.86600
24 5 21 05 54 28983.90000 42.14500000 1750.40000 123.49000 22.72100 105.88400
24 5 21 05 54 28939.50000 42.14500000 1750.15000 123.42000 22.51600 105.88400
24 5 21 05 55 28956.30000 42.14500000 1749.23000 123.42000 22.51600 105.88400
24 5 21 05 55 28983.00000 42.14500000 1749.81000 123.67000 22.51800 105.88400
24 5 21 05 56 28999.80000 42.27800000 1751.92000 123.61000 22.51800 105.88400
24 5 21 05 56 28999.80000 42.27800000 1753.28000 123.76000 22.51800 105.88400
24 5 21 05 57 29000.30000 42.27800000 1753.23000 123.82000 22.51800 105.68600
24 5 21 05 57 29028.50000 42.27800000 1757.54000 124.13000 22.51800 106.58900
24 5 21 05 57 29002.80000 42.27800000 1752.44000 124.02000 22.51800 106.63400
24 5 21 05 58 28987.10000 42.27800000 1752.43000 124.02000 22.47600 106.63400
24 5 21 05 58 28992.80000 42.27800000 1755.48000 124.02000 22.47600 106.63400
24 5 21 05 59 29033.60000 42.27800000 1756.70000 124.02000 22.47600 106.63400
24 5 21 05 59 29030.20000 42.30700000 1755.94000 124.02000 22.48000 106.63400
24 5 21 06 00 29063.80000 42.30700000 1756.62000 124.09000 22.48000 106.67200
24 5 21 06 00 29069.50000 42.30700000 1758.41000 124.29000 22.48000 106.67200
24 5 21 06 00 29018.10000 42.30700000 1751.80000 124.34000 22.48000 106.67200
24 5 21 06 01 28991.40000 42.30700000 1752.60000 123.99000 22.48000 106.49800
24 5 21 06 01 28996.30000 42.30700000 1751.45000 123.99000 22.45900 106.49800
24 5 21 06 02 28989.80000 42.23900000 1752.00000 123.80000 22.45900 107.00200
24 5 21 06 02 28955.60000 42.23900000 1750.61000 123.80000 22.45900 107.00200
24 5 21 06 03 28917.90000 42.23900000 1747.96000 123.80000 22.45900 107.00200
24 5 21 06 03 28963.90000 42.23900000 1747.49000 123.77000 22.45900 108.44900
24 5 21 06 03 28955.20000 42.20500000 1747.90000 123.81000 22.45900 108.44900
24 5 21 06 04 28990.40000 42.20500000 1751.34000 123.81000 22.45900 108.39000
24 5 21 06 04 28958.10000 42.20500000 1751.30000 124.11000 22.45900 108.60400
24 5 21 06 05 28983.00000 42.20500000 1753.82000 124.48000 22.45900 108.60400
24 5 21 06 05 28968.70000 42.33500000 1753.59000 124.53000 22.45900 109.35800
24 5 21 06 06 28944.80000 42.14400000 1747.73000 124.02000 22.23900 108.84600
24 5 21 06 06 28885.10000 42.14400000 1743.16000 123.67000 22.23900 108.92500
24 5 21 06 06 28900.90000 42.14400000 1743.77000 123.67000 22.23900 108.92500
24 5 21 06 07 28948.30000 42.14400000 1743.78000 123.58000 22.23900 108.92500
24 5 21 06 07 28933.00000 42.14400000 1745.61000 123.58000 22.23900 107.85300
24 5 21 06 08 28921.50000 42.14400000 1744.57000 123.49000 22.23700 107.85300
24 5 21 06 08 28923.20000 42.14400000 1743.76000 123.29000 22.21800 107.85300
24 5 21 06 09 28861.40000 42.14400000 1738.46000 123.07000 22.21800 107.85300
