M=[
15 6 21 17 09 33228.50000 48.18100000 2115.28000 143.71000 21.27400 112.19900
15 6 21 17 09 33202.60000 48.18100000 2115.24000 143.71000 21.27400 112.19900
15 6 21 17 10 33199.00000 48.01000000 2114.67000 143.71000 21.27400 112.19900
15 6 21 17 10 33215.40000 48.01000000 2115.45000 143.87000 21.27400 112.19900
15 6 21 17 11 33218.10000 48.01000000 2114.00000 143.82000 21.27400 112.19900
15 6 21 17 11 33218.10000 48.01000000 2114.00000 143.82000 21.27400 112.19900
15 6 21 17 11 33216.00000 48.01000000 2114.00000 143.82000 21.27400 112.19900
15 6 21 17 12 33211.50000 48.01000000 2112.76000 143.82000 21.27400 112.19900
15 6 21 17 12 33220.30000 48.01000000 2112.76000 143.80000 21.27400 112.19900
15 6 21 17 13 33237.90000 48.01000000 2116.44000 143.99000 21.27400 112.19900
15 6 21 17 13 33245.40000 48.01000000 2116.44000 143.88000 21.27400 112.19900
15 6 21 17 14 33231.00000 48.01000000 2115.44000 143.88000 21.27400 112.19900
15 6 21 17 14 33245.30000 48.01000000 2114.75000 143.93000 21.27400 112.19900
15 6 21 17 14 33279.90000 48.01000000 2117.12000 143.93000 21.27400 112.19900
15 6 21 17 15 33313.10000 48.01000000 2116.97000 144.20000 21.27400 112.19900
15 6 21 17 15 33306.00000 48.01000000 2116.97000 144.20000 21.27400 112.19900
15 6 21 17 16 33277.80000 48.01000000 2115.29000 144.01000 21.27400 112.19900
15 6 21 17 16 33254.40000 48.01000000 2114.70000 144.01000 21.27400 112.19900
15 6 21 17 17 33250.60000 48.01000000 2114.70000 143.75000 21.27400 112.19900
15 6 21 17 17 33258.90000 48.01000000 2113.91000 143.75000 21.27400 112.19900
15 6 21 17 17 33258.40000 48.01000000 2114.12000 143.75000 21.27400 112.19900
15 6 21 17 18 33279.70000 48.01000000 2114.52000 143.75000 21.27400 112.19900
15 6 21 17 18 33294.90000 48.01000000 2114.74000 143.75000 21.27400 112.19900
15 6 21 17 19 33289.70000 48.01000000 2114.99000 143.75000 21.27400 112.19900
15 6 21 17 19 33269.70000 48.01000000 2113.90000 143.75000 21.27400 112.19900
15 6 21 17 20 33282.00000 48.01000000 2113.90000 143.75000 21.27400 112.19900
15 6 21 17 20 33267.00000 48.01000000 2113.90000 143.75000 21.17800 111.81100
15 6 21 17 20 33254.90000 48.01000000 2113.89000 143.75000 21.15200 111.81100
15 6 21 17 21 33275.60000 48.01000000 2112.55000 143.75000 21.15200 111.81100
15 6 21 17 21 33263.90000 48.01000000 2111.93000 143.73000 21.15200 111.81100
15 6 21 17 22 33245.20000 48.01000000 2111.40000 143.73000 21.15200 111.81100
15 6 21 17 22 33262.20000 48.01000000 2111.40000 143.73000 21.15200 111.81100
15 6 21 17 23 33255.70000 48.01000000 2113.38000 143.73000 21.15200 111.77100
15 6 21 17 23 33237.80000 48.01000000 2112.16000 143.73000 21.15200 111.77100
15 6 21 17 23 33254.30000 48.01000000 2111.98000 143.73000 21.15200 111.77100
15 6 21 17 24 33229.80000 48.01000000 2112.88000 143.73000 21.15200 111.77100
15 6 21 17 24 33234.20000 48.01000000 2112.94000 143.73000 21.15200 111.77100
15 6 21 17 25 33247.90000 48.01000000 2113.24000 143.83000 21.15200 111.77100
15 6 21 17 25 33234.90000 48.01000000 2112.94000 143.78000 21.15200 111.77100
15 6 21 17 26 33234.90000 48.01000000 2112.94000 143.78000 21.15200 111.77100
15 6 21 17 26 33198.90000 48.01000000 2111.37000 143.78000 21.30800 111.77100
15 6 21 17 26 33187.20000 48.01000000 2110.79000 143.78000 21.30800 111.77100
15 6 21 17 27 33187.50000 48.01000000 2111.21000 143.78000 21.30800 111.77100
15 6 21 17 27 33187.50000 48.01000000 2111.10000 143.66000 21.30800 111.77100
15 6 21 17 28 33187.50000 48.01000000 2111.01000 143.71000 21.30800 111.77100
15 6 21 17 28 33212.80000 48.01000000 2111.31000 143.71000 21.30800 111.77100
15 6 21 17 29 33223.80000 48.01000000 2110.99000 143.71000 21.30800 111.77100
15 6 21 17 29 33213.40000 48.01000000 2111.10000 143.66000 21.30800 111.77100
15 6 21 17 29 33208.90000 48.01000000 2111.26000 143.66000 21.30800 111.77100
15 6 21 17 30 33230.60000 48.01000000 2111.02000 143.64000 21.30800 111.77100
15 6 21 17 30 33225.90000 48.01000000 2111.34000 143.66000 21.30800 111.77100
15 6 21 17 31 33226.30000 48.01000000 2112.00000 143.66000 21.30800 111.77100
15 6 21 17 31 33226.30000 48.01000000 2111.59000 143.66000 21.30800 111.77100
15 6 21 17 32 33226.20000 47.95900000 2111.59000 143.66000 21.30800 111.77100
15 6 21 17 32 33240.70000 47.95900000 2112.39000 143.66000 21.30800 111.77100
15 6 21 17 32 33240.70000 47.95900000 2112.39000 143.72000 21.30800 111.77100
15 6 21 17 33 33240.70000 47.95900000 2112.20000 143.64000 21.30800 111.77100
15 6 21 17 33 33213.80000 47.95900000 2112.20000 143.64000 21.27700 111.77100
15 6 21 17 34 33208.80000 48.00400000 2112.00000 143.64000 21.39600 111.77100
15 6 21 17 34 33217.40000 48.00400000 2112.28000 143.64000 21.39600 111.77100
15 6 21 17 35 33217.40000 48.00400000 2111.83000 143.64000 21.39600 111.77100
15 6 21 17 35 33217.30000 48.00400000 2111.84000 143.64000 21.39600 111.77100
15 6 21 17 35 33217.40000 48.00400000 2113.14000 143.81000 21.39600 111.77100
15 6 21 17 36 33217.30000 48.00400000 2113.74000 143.81000 21.39600 111.77100
15 6 21 17 36 33236.50000 48.00400000 2114.63000 143.99000 21.39600 111.77100
15 6 21 17 37 33229.30000 48.00400000 2114.68000 143.99000 21.39600 111.77100
15 6 21 17 37 33229.10000 48.02000000 2114.68000 143.99000 21.39600 111.77100
15 6 21 17 38 33229.70000 48.02000000 2114.68000 143.99000 21.39600 111.75400
15 6 21 17 38 33227.00000 48.02000000 2112.70000 143.86000 21.39600 111.75400
15 6 21 17 38 33265.70000 48.02000000 2114.87000 143.86000 21.39600 111.75400
15 6 21 17 39 33260.30000 48.02000000 2114.78000 143.86000 21.39600 111.75400
15 6 21 17 39 33247.10000 48.02000000 2114.30000 143.86000 21.39600 111.75400
15 6 21 17 40 33251.30000 48.03100000 2113.16000 143.84000 21.39600 111.75400
15 6 21 17 40 33249.00000 48.03100000 2112.80000 143.84000 21.39600 111.75400
15 6 21 17 41 33252.10000 48.03100000 2112.80000 143.84000 21.39600 111.75400
15 6 21 17 41 33249.10000 48.03100000 2112.41000 143.84000 21.39600 111.75400
15 6 21 17 41 33253.60000 48.03100000 2112.41000 143.84000 21.39600 111.75400
15 6 21 17 42 33253.60000 48.03100000 2112.41000 143.84000 21.39600 111.75400
15 6 21 17 42 33270.30000 48.03100000 2114.49000 143.84000 21.39600 111.75400
15 6 21 17 43 33281.10000 48.03100000 2114.38000 143.95000 21.39600 111.75400
15 6 21 17 43 33265.50000 48.03100000 2114.30000 143.95000 21.39600 111.75400
15 6 21 17 44 33259.50000 48.03100000 2114.29000 143.76000 21.39600 111.75400
15 6 21 17 44 33257.00000 48.03100000 2112.89000 143.76000 21.39600 111.75400
15 6 21 17 44 33253.70000 48.03100000 2112.89000 143.76000 21.39600 111.75400
15 6 21 17 45 33253.80000 48.03100000 2112.89000 143.76000 21.39600 111.75400
15 6 21 17 45 33261.60000 48.03100000 2112.89000 143.76000 21.39600 111.75400
15 6 21 17 46 33260.70000 48.03100000 2112.69000 143.91000 21.39600 111.75400
15 6 21 17 46 33307.30000 48.03100000 2114.95000 144.00000 21.39600 111.75400
15 6 21 17 47 33324.00000 48.03100000 2114.41000 144.00000 21.39600 111.75400
15 6 21 17 47 33349.90000 48.12700000 2115.86000 144.00000 21.39600 111.75400
15 6 21 17 47 33353.60000 48.12700000 2117.07000 144.00000 21.39600 111.75400
15 6 21 17 48 33340.00000 48.12700000 2117.14000 144.00000 21.39600 111.75400
15 6 21 17 48 33332.90000 48.12700000 2116.11000 144.19000 21.39600 111.75400
15 6 21 17 49 33305.00000 48.12700000 2116.10000 144.08000 21.39600 111.75400
15 6 21 17 49 33325.60000 48.12700000 2116.00000 144.08000 21.39600 111.75400
15 6 21 17 50 33325.60000 48.12700000 2116.15000 144.08000 21.39600 111.75400
15 6 21 17 50 33325.60000 48.12700000 2114.94000 144.08000 21.39600 111.75400
15 6 21 17 50 33307.40000 48.12700000 2114.94000 144.08000 21.39600 111.75400
15 6 21 17 51 33303.50000 48.12700000 2113.50000 143.96000 21.39600 111.75400
15 6 21 17 51 33284.80000 48.11800000 2113.17000 143.96000 21.39600 111.75400
15 6 21 17 52 33323.00000 48.11800000 2114.00000 143.96000 21.39600 111.75400
15 6 21 17 52 33322.30000 48.11800000 2114.90000 143.96000 21.39600 111.75400
