M=[
 6 7 21 00 20 28639.40000 45.30300000 1868.08000 116.86000 18.15400 94.82500
 6 7 21 00 20 28621.30000 45.30300000 1868.08000 116.86000 18.15400 94.82500
 6 7 21 00 21 28639.60000 45.30300000 1870.21000 116.86000 18.15400 94.82500
 6 7 21 00 21 28639.60000 45.30300000 1870.21000 116.86000 18.15400 94.82500
 6 7 21 00 22 28697.70000 45.30300000 1872.65000 117.30000 18.15400 94.82500
 6 7 21 00 22 28697.60000 45.30300000 1873.20000 117.30000 18.15400 94.82500
 6 7 21 00 22 28697.60000 45.30300000 1872.53000 117.49000 18.15400 94.82500
 6 7 21 00 23 28697.70000 45.30300000 1872.53000 117.49000 18.15400 94.82500
 6 7 21 00 23 28654.30000 45.30300000 1870.52000 117.49000 18.15400 94.82500
 6 7 21 00 24 28657.90000 45.30300000 1870.52000 117.49000 18.15400 94.82500
 6 7 21 00 24 28657.90000 45.30300000 1870.52000 117.49000 18.15400 94.82500
 6 7 21 00 25 28661.20000 45.30300000 1871.24000 117.36000 18.15400 94.82500
 6 7 21 00 25 28661.20000 45.30300000 1869.39000 117.36000 18.15400 94.82500
 6 7 21 00 25 28657.50000 45.30300000 1869.39000 117.36000 18.15400 94.82500
 6 7 21 00 26 28657.50000 45.30300000 1870.25000 117.36000 18.15400 94.82500
 6 7 21 00 26 28697.70000 45.30300000 1873.45000 117.36000 18.15400 94.82500
 6 7 21 00 27 28697.70000 45.30300000 1873.79000 117.41000 18.15400 94.82500
 6 7 21 00 27 28697.70000 45.30300000 1873.48000 117.41000 18.15400 94.82500
 6 7 21 00 28 28699.90000 45.30300000 1873.37000 117.39000 18.15400 94.82500
 6 7 21 00 28 28699.90000 45.30300000 1873.78000 117.39000 18.15400 94.82500
 6 7 21 00 28 28699.90000 45.30300000 1873.78000 117.39000 18.15400 94.82500
 6 7 21 00 29 28699.80000 45.30300000 1873.80000 117.39000 18.15400 94.82500
 6 7 21 00 29 28699.90000 45.78000000 1875.40000 117.39000 18.15400 94.82500
 6 7 21 00 30 28699.90000 45.78000000 1875.40000 117.63000 18.15400 94.82500
 6 7 21 00 30 28710.50000 45.78000000 1875.40000 117.63000 18.15400 94.82500
 6 7 21 00 31 28684.40000 45.78000000 1875.40000 117.63000 18.15400 94.82500
 6 7 21 00 31 28684.40000 45.78000000 1873.88000 117.63000 18.15400 95.07300
 6 7 21 00 32 28684.40000 45.78000000 1873.63000 117.63000 18.15400 95.07300
 6 7 21 00 32 28689.70000 45.78000000 1874.16000 117.63000 18.15400 95.07300
 6 7 21 00 32 28689.60000 46.25000000 1875.72000 117.62000 18.15400 95.07300
 6 7 21 00 33 28689.60000 46.50000000 1878.78000 117.77000 18.15400 95.07300
 6 7 21 00 33 28689.60000 46.50000000 1878.78000 117.77000 18.15400 95.07300
 6 7 21 00 34 28689.70000 46.50000000 1878.78000 117.77000 18.15400 95.07300
 6 7 21 00 34 28699.00000 46.50000000 1878.78000 117.77000 18.15400 95.07300
 6 7 21 00 35 28699.00000 46.50000000 1878.78000 117.77000 18.15400 95.07300
 6 7 21 00 35 28696.30000 46.50000000 1879.12000 117.77000 18.15400 95.07300
 6 7 21 00 35 28691.50000 46.50000000 1880.75000 117.77000 18.15400 95.07300
 6 7 21 00 36 28730.20000 46.50000000 1883.77000 117.77000 18.15400 95.07300
 6 7 21 00 36 28730.20000 46.50000000 1882.75000 117.77000 18.15400 95.07300
 6 7 21 00 37 28725.10000 46.50000000 1885.74000 117.77000 18.15400 95.07300
 6 7 21 00 37 28725.10000 46.53800000 1887.00000 117.77000 18.15400 95.61900
 6 7 21 00 38 28769.90000 46.64000000 1888.41000 118.23000 18.15400 95.77600
 6 7 21 00 38 28769.90000 46.64000000 1889.91000 118.23000 18.15400 95.77600
 6 7 21 00 38 28769.90000 46.64000000 1893.47000 118.23000 18.15400 95.77600
 6 7 21 00 39 28769.90000 46.64000000 1895.48000 118.42000 18.15400 95.77600
 6 7 21 00 39 28779.10000 46.64000000 1893.57000 118.42000 18.15400 95.77600
 6 7 21 00 40 28762.60000 46.64000000 1893.63000 118.42000 18.15400 95.77600
 6 7 21 00 40 28762.60000 46.64000000 1892.27000 118.51000 18.15400 95.77600
 6 7 21 00 41 28780.50000 46.64000000 1892.55000 118.51000 18.15400 95.77600
 6 7 21 00 41 28781.20000 46.64000000 1890.38000 118.51000 18.15400 95.77600
 6 7 21 00 41 28778.10000 46.64000000 1890.38000 118.49000 18.15400 95.77600
 6 7 21 00 42 28778.10000 46.64000000 1890.38000 118.49000 18.15400 95.77600
 6 7 21 00 42 28778.10000 46.64000000 1893.15000 118.48000 18.15400 95.77600
 6 7 21 00 43 28778.10000 46.64000000 1891.65000 118.51000 18.15400 95.77600
 6 7 21 00 43 28778.10000 46.64000000 1891.65000 118.45000 18.15400 95.77600
 6 7 21 00 44 28778.10000 46.64000000 1891.65000 118.47000 18.15400 95.77600
 6 7 21 00 44 28778.10000 46.64000000 1891.65000 118.46000 18.15400 95.77600
 6 7 21 00 44 28778.10000 46.64000000 1891.65000 118.46000 18.15400 95.77600
 6 7 21 00 45 28778.10000 46.64000000 1891.65000 118.46000 18.15400 95.77600
 6 7 21 00 45 28746.10000 46.64000000 1888.22000 118.46000 18.15400 95.77600
 6 7 21 00 46 28746.10000 46.64000000 1888.22000 118.46000 18.15400 95.77600
 6 7 21 00 46 28746.10000 46.64000000 1890.41000 118.38000 18.15400 95.77600
 6 7 21 00 47 28777.90000 46.64000000 1890.41000 118.34000 18.15400 95.77600
 6 7 21 00 47 28777.90000 46.64000000 1890.41000 118.35000 18.15400 95.77600
 6 7 21 00 47 28771.40000 46.64000000 1890.41000 118.35000 18.12200 95.77600
 6 7 21 00 48 28771.40000 46.64000000 1890.41000 118.35000 18.12200 95.77600
 6 7 21 00 48 28771.30000 46.64000000 1891.65000 118.35000 18.12200 95.77600
 6 7 21 00 49 28771.40000 46.64000000 1891.65000 118.30000 18.12200 95.77600
 6 7 21 00 49 28771.40000 46.64000000 1891.65000 118.30000 18.12200 95.77600
 6 7 21 00 50 28763.10000 46.64000000 1894.83000 118.30000 18.12200 95.77600
 6 7 21 00 50 28767.70000 46.64000000 1894.00000 118.30000 18.12200 95.77600
 6 7 21 00 50 28771.20000 46.64000000 1894.01000 118.30000 18.12200 95.77600
 6 7 21 00 51 28771.20000 46.64000000 1894.00000 118.30000 18.12200 95.77600
 6 7 21 00 51 28771.30000 46.64000000 1894.00000 118.30000 18.12200 96.32700
 6 7 21 00 52 28765.20000 46.64000000 1894.01000 118.25000 18.12200 96.32800
 6 7 21 00 52 28749.30000 46.64000000 1894.00000 118.25000 18.12200 96.32800
 6 7 21 00 53 28756.30000 46.64000000 1894.00000 118.26000 18.12200 96.32800
 6 7 21 00 53 28756.30000 46.64000000 1894.00000 118.26000 18.12200 96.32800
 6 7 21 00 53 28738.90000 46.32400000 1894.00000 118.26000 18.12200 96.32800
 6 7 21 00 54 28731.30000 46.32400000 1889.86000 118.26000 18.12200 96.32800
 6 7 21 00 54 28731.30000 46.32400000 1889.86000 118.26000 18.12200 96.32800
 6 7 21 00 55 28725.10000 46.32400000 1890.26000 118.15000 18.12200 96.32800
 6 7 21 00 55 28725.10000 46.32400000 1889.40000 118.20000 18.12200 96.32800
 6 7 21 00 56 28695.20000 46.32400000 1887.63000 118.20000 18.12200 96.32800
 6 7 21 00 56 28695.20000 46.32400000 1887.63000 118.09000 18.12200 96.32800
 6 7 21 00 57 28693.70000 46.32400000 1887.63000 118.09000 18.12200 96.32800
 6 7 21 00 57 28705.70000 46.32400000 1887.62000 118.09000 18.12200 96.32800
 6 7 21 00 57 28708.90000 46.32400000 1887.80000 118.09000 18.12200 96.32800
 6 7 21 00 58 28708.90000 46.32400000 1887.80000 118.09000 18.12200 96.32800
 6 7 21 00 58 28713.90000 46.32400000 1887.91000 118.09000 18.12200 96.32800
 6 7 21 00 59 28720.00000 46.32400000 1887.91000 118.09000 18.12200 96.32800
 6 7 21 00 59 28720.00000 46.32400000 1887.81000 118.09000 18.12200 96.32800
 6 7 21 01 00 28720.00000 46.32400000 1887.81000 118.09000 18.12200 96.32800
 6 7 21 01 00 28724.50000 46.32400000 1889.92000 118.09000 18.12200 96.18600
 6 7 21 01 00 28724.50000 46.32400000 1889.92000 118.09000 18.12200 96.18600
 6 7 21 01 01 28723.70000 46.32400000 1886.62000 118.01000 18.12200 96.18600
 6 7 21 01 01 28723.70000 46.32400000 1886.62000 118.01000 18.12200 96.18600
 6 7 21 01 02 28703.40000 46.32400000 1884.50000 118.01000 18.12200 96.18600
 6 7 21 01 02 28693.70000 46.32400000 1884.50000 118.01000 18.12200 96.18600
 6 7 21 01 03 28693.60000 46.32400000 1884.54000 118.01000 18.12200 96.18600
 6 7 21 01 03 28693.60000 46.32400000 1884.87000 118.01000 18.12200 96.18600
 6 7 21 01 03 28693.60000 46.32400000 1885.49000 118.01000 18.12200 96.18600
 6 7 21 01 04 28690.00000 46.32400000 1885.49000 118.01000 18.12200 96.18600
