M=[
 3 8 21 12 51 32369.30000 41.45600000 2106.15000 116.76000 22.49500 94.64800
 3 8 21 12 52 32353.20000 41.53200000 2105.00000 116.76000 22.49500 94.64800
 3 8 21 12 52 32353.20000 41.53200000 2104.71000 116.73000 22.49500 94.64800
 3 8 21 12 53 32341.30000 41.53200000 2105.31000 116.73000 22.49500 94.64800
 3 8 21 12 53 32332.40000 41.53200000 2105.05000 116.73000 22.49500 94.64800
 3 8 21 12 53 32325.60000 41.53200000 2105.33000 116.73000 22.49500 94.64800
 3 8 21 12 54 32363.90000 41.53200000 2107.08000 116.87000 22.49500 94.64800
 3 8 21 12 54 32342.10000 41.53200000 2106.39000 116.87000 22.49500 94.64800
 3 8 21 12 55 32342.10000 41.53200000 2106.76000 116.88000 22.49500 94.64800
 3 8 21 12 55 32342.10000 41.56000000 2105.46000 116.84000 22.49500 94.64800
 3 8 21 12 56 32342.10000 41.56000000 2105.47000 116.77000 22.49500 94.64800
 3 8 21 12 56 32328.00000 41.56000000 2105.47000 116.78000 22.49500 94.64800
 3 8 21 12 56 32333.50000 41.56000000 2105.48000 116.78000 22.49500 94.64800
 3 8 21 12 57 32334.90000 41.56000000 2107.66000 116.78000 22.49500 94.64800
 3 8 21 12 57 32341.70000 41.56000000 2107.03000 116.78000 22.49500 94.64800
 3 8 21 12 58 32339.00000 41.56000000 2107.03000 116.87000 22.49500 94.64800
 3 8 21 12 58 32351.70000 41.56000000 2106.11000 116.84000 22.33500 95.25100
 3 8 21 12 59 32352.00000 41.56000000 2105.88000 116.84000 22.33500 95.62300
 3 8 21 12 59 32343.40000 41.56000000 2106.09000 116.98000 22.33500 95.62300
 3 8 21 12 59 32340.00000 41.56000000 2105.68000 116.98000 22.33500 95.62300
 3 8 21 13 00 32371.90000 41.56000000 2108.04000 117.02000 22.33500 95.62300
 3 8 21 13 00 32370.10000 41.56000000 2108.09000 117.02000 22.33500 95.45000
 3 8 21 13 01 32371.80000 41.61900000 2108.59000 117.26000 22.33500 95.45000
 3 8 21 13 01 32382.60000 41.61900000 2108.94000 117.26000 22.33500 95.45000
 3 8 21 13 02 32375.10000 41.60300000 2109.13000 117.25000 22.33500 95.45000
 3 8 21 13 02 32382.50000 41.60300000 2108.53000 117.25000 22.33500 95.45000
 3 8 21 13 02 32380.00000 41.60300000 2108.85000 117.25000 22.33500 95.45000
 3 8 21 13 03 32382.70000 41.60300000 2110.95000 117.25000 22.33500 95.45000
 3 8 21 13 03 32382.60000 41.60300000 2111.55000 117.22000 22.33500 95.38700
 3 8 21 13 04 32382.60000 41.60300000 2112.57000 117.20000 22.33500 95.38700
 3 8 21 13 04 32399.80000 41.60300000 2113.60000 117.23000 22.33500 95.38700
 3 8 21 13 05 32400.00000 41.60300000 2112.91000 117.23000 22.33500 95.38700
 3 8 21 13 05 32399.90000 41.60300000 2114.65000 117.23000 22.33500 95.38700
 3 8 21 13 06 32399.90000 41.60300000 2113.88000 117.23000 22.33500 95.38700
 3 8 21 13 06 32385.10000 41.60300000 2114.17000 117.23000 22.33500 95.38700
 3 8 21 13 06 32398.20000 41.60300000 2113.11000 117.23000 22.33500 95.38700
 3 8 21 13 07 32400.00000 41.60300000 2114.43000 117.20000 22.33500 95.38700
 3 8 21 13 07 32385.30000 41.60300000 2113.34000 117.20000 22.33500 95.38700
 3 8 21 13 08 32385.00000 41.68200000 2112.70000 117.12000 22.33500 95.38700
 3 8 21 13 08 32385.90000 41.68200000 2112.71000 117.12000 22.33500 95.38700
 3 8 21 13 09 32407.70000 41.68200000 2112.70000 117.15000 22.33500 95.38700
 3 8 21 13 09 32405.10000 41.68200000 2112.71000 117.12000 22.33500 95.38700
 3 8 21 13 09 32421.20000 41.68200000 2112.70000 117.12000 22.33500 95.38700
 3 8 21 13 10 32421.40000 41.68200000 2113.47000 117.23000 22.33500 95.38700
 3 8 21 13 10 32415.60000 41.68200000 2113.48000 117.23000 22.33500 95.38700
 3 8 21 13 11 32385.00000 41.68200000 2112.71000 117.23000 22.33500 95.38700
 3 8 21 13 11 32385.10000 41.68200000 2113.68000 117.23000 22.33500 95.38700
 3 8 21 13 12 32420.10000 41.68200000 2113.72000 117.25000 22.33500 95.38700
 3 8 21 13 12 32420.10000 41.68200000 2113.90000 117.26000 22.33500 95.40900
 3 8 21 13 12 32420.10000 41.68200000 2114.70000 117.26000 22.33500 95.40900
 3 8 21 13 13 32421.50000 41.68200000 2114.99000 117.26000 22.33500 95.40900
 3 8 21 13 13 32399.70000 41.68200000 2112.66000 117.26000 22.33500 95.40900
 3 8 21 13 14 32407.40000 41.68200000 2114.64000 117.26000 22.33500 95.40900
 3 8 21 13 14 32406.10000 41.68200000 2114.64000 117.26000 22.33500 95.40900
 3 8 21 13 15 32407.70000 41.68200000 2114.64000 117.26000 22.33500 95.40900
 3 8 21 13 15 32371.00000 41.68200000 2113.01000 117.23000 22.33500 95.40900
 3 8 21 13 15 32370.10000 41.68200000 2111.14000 117.23000 22.33500 95.40900
 3 8 21 13 16 32370.10000 41.68200000 2111.38000 117.23000 22.33500 95.40900
 3 8 21 13 16 32320.00000 41.68200000 2106.74000 116.97000 22.33500 95.03900
 3 8 21 13 17 32351.60000 41.68200000 2106.74000 116.97000 22.33500 95.05500
 3 8 21 13 17 32369.90000 41.68200000 2111.84000 116.97000 22.33500 95.05500
 3 8 21 13 18 32370.10000 41.68200000 2110.56000 117.11000 22.33500 95.05500
 3 8 21 13 18 32346.60000 41.68200000 2111.00000 117.11000 22.33500 95.05500
 3 8 21 13 18 32337.20000 41.64400000 2111.01000 117.11000 22.33500 95.19200
 3 8 21 13 19 32359.20000 41.62700000 2111.01000 117.11000 22.33500 95.19200
 3 8 21 13 19 32351.50000 41.65200000 2109.30000 117.05000 22.33500 95.19200
 3 8 21 13 20 32384.80000 41.65200000 2111.01000 117.05000 22.33500 95.19200
 3 8 21 13 20 32360.20000 41.65200000 2110.10000 117.05000 22.33500 95.19200
 3 8 21 13 21 32365.10000 41.65200000 2110.10000 117.16000 22.33500 95.19200
 3 8 21 13 21 32384.20000 41.65200000 2110.05000 117.16000 22.33500 95.19200
 3 8 21 13 22 32365.00000 41.65200000 2110.00000 117.16000 22.33500 95.19200
 3 8 21 13 22 32365.00000 41.65200000 2110.10000 117.11000 22.33500 95.19200
 3 8 21 13 22 32391.60000 41.65200000 2110.98000 117.11000 22.33500 95.19200
 3 8 21 13 23 32402.40000 41.65200000 2112.99000 117.11000 22.33500 95.19200
 3 8 21 13 23 32369.60000 41.65200000 2112.99000 117.11000 22.33500 95.19200
 3 8 21 13 24 32369.60000 41.65200000 2114.52000 117.09000 22.33500 95.19200
 3 8 21 13 24 32363.20000 41.65200000 2114.18000 117.09000 22.33500 95.19200
 3 8 21 13 25 32334.50000 41.65200000 2112.76000 117.10000 22.33500 95.19200
 3 8 21 13 25 32376.70000 41.65200000 2113.26000 117.13000 22.33500 95.19200
 3 8 21 13 25 32371.90000 41.65200000 2113.25000 117.13000 22.33500 95.19200
 3 8 21 13 26 32381.10000 41.72000000 2114.89000 117.15000 22.33500 95.19200
 3 8 21 13 26 32378.70000 41.72000000 2115.43000 117.15000 22.33500 95.19200
 3 8 21 13 27 32396.60000 41.72000000 2115.99000 117.15000 22.33500 95.19200
 3 8 21 13 27 32395.60000 41.72000000 2115.98000 117.15000 22.33500 95.19200
 3 8 21 13 28 32354.60000 41.72000000 2114.94000 117.15000 22.33500 95.19200
 3 8 21 13 28 32379.60000 41.72000000 2115.98000 117.09000 22.33500 95.19200
 3 8 21 13 28 32367.20000 41.72000000 2116.42000 117.09000 22.33500 95.19200
 3 8 21 13 29 32363.60000 41.72000000 2117.10000 117.09000 22.33500 95.19200
 3 8 21 13 29 32362.20000 41.72000000 2115.82000 117.09000 22.33500 95.19200
 3 8 21 13 30 32362.10000 41.72000000 2116.96000 117.15000 22.33500 95.19200
 3 8 21 13 30 32367.40000 41.72000000 2117.50000 117.15000 22.33500 95.19200
 3 8 21 13 31 32367.40000 41.72000000 2118.40000 117.15000 22.33500 95.19200
 3 8 21 13 31 32385.50000 41.72000000 2118.28000 117.15000 22.33500 95.19200
 3 8 21 13 31 32401.60000 41.72000000 2119.90000 117.15000 22.33500 95.19200
 3 8 21 13 32 32399.00000 41.72000000 2118.67000 117.15000 22.33500 95.19200
 3 8 21 13 32 32399.50000 41.72000000 2118.95000 117.24000 22.33500 95.19200
 3 8 21 13 33 32399.10000 41.72000000 2118.97000 117.24000 22.33500 95.19200
 3 8 21 13 33 32421.30000 41.72000000 2122.87000 117.24000 22.33500 95.19200
 3 8 21 13 34 32421.40000 41.72000000 2121.21000 117.24000 22.33500 95.19200
 3 8 21 13 34 32421.50000 41.72000000 2123.45000 117.24000 22.33500 95.47600
 3 8 21 13 34 32427.60000 41.72000000 2121.96000 117.36000 22.33500 95.47600
 3 8 21 13 35 32427.50000 41.72000000 2122.13000 117.38000 22.33500 95.47600
 3 8 21 13 35 32408.00000 41.72000000 2120.53000 117.27000 22.33500 95.47600
