M=[
 5 1 21 14 58 26243.90000 5.71100000 850.00000 125.63000 14.16100 48.40200
 5 1 21 14 58 26260.60000 5.71100000 850.51000 125.59000 14.16100 48.40200
 5 1 21 14 59 26300.00000 5.72900000 852.99000 125.65000 14.16100 48.40200
 5 1 21 14 59 26370.00000 5.72900000 855.00000 125.92000 14.16100 48.42000
 5 1 21 15 00 26397.10000 5.73000000 855.00000 125.73000 14.16100 48.42000
 5 1 21 15 00 26359.70000 5.73000000 855.00000 126.00000 14.16100 48.42000
 5 1 21 15 00 26330.60000 5.73000000 853.50000 126.00000 14.16100 48.42000
 5 1 21 15 01 26348.20000 5.73000000 851.89000 125.70000 14.16100 48.42000
 5 1 21 15 01 26349.90000 5.73000000 851.74000 125.93000 14.16100 48.42000
 5 1 21 15 02 26343.30000 5.73000000 852.18000 126.12000 14.16100 48.42000
 5 1 21 15 02 26325.10000 5.73000000 851.57000 126.12000 14.16100 48.42000
 5 1 21 15 03 26311.20000 5.73000000 851.23000 125.96000 14.16100 48.42000
 5 1 21 15 03 26311.30000 5.73000000 851.25000 125.97000 14.33800 48.42000
 5 1 21 15 03 26341.50000 5.73000000 851.53000 126.00000 14.33800 48.42000
 5 1 21 15 04 26295.50000 5.73000000 851.23000 126.12000 14.33800 48.42000
 5 1 21 15 04 26295.50000 5.73000000 851.47000 126.12000 14.33800 48.42000
 5 1 21 15 05 26299.90000 5.73000000 851.96000 126.16000 14.33800 48.42000
 5 1 21 15 05 26273.50000 5.73000000 850.59000 126.15000 14.33800 48.42000
 5 1 21 15 05 26316.80000 5.73000000 851.02000 126.09000 14.33800 48.42000
 5 1 21 15 06 26272.10000 5.73000000 850.00000 125.99000 14.33800 48.42000
 5 1 21 15 06 26269.50000 5.73000000 847.40000 125.89000 14.33800 48.42000
 5 1 21 15 07 26200.10000 5.73000000 847.32000 125.73000 14.33800 48.42000
 5 1 21 15 07 26219.90000 5.73000000 848.73000 125.72000 14.33800 48.42000
 5 1 21 15 08 26249.80000 5.73000000 848.97000 125.74000 14.33800 48.42000
 5 1 21 15 08 26246.90000 5.73000000 849.37000 125.71000 14.33800 48.42000
 5 1 21 15 08 26219.80000 5.73000000 848.51000 125.71000 14.33800 48.42000
 5 1 21 15 09 26215.90000 5.73000000 849.64000 125.67000 14.33800 48.42000
 5 1 21 15 09 26221.00000 5.73000000 849.75000 125.67000 14.33800 48.42000
 5 1 21 15 10 26220.10000 5.73000000 850.01000 125.56000 14.33800 48.42000
 5 1 21 15 10 26245.10000 5.73000000 851.28000 125.75000 14.33800 48.45000
 5 1 21 15 11 26260.90000 5.73000000 852.00000 125.81000 14.33800 48.45000
 5 1 21 15 11 26229.20000 5.73000000 850.97000 126.03000 14.33800 48.45000
 5 1 21 15 11 26236.10000 5.73000000 850.93000 125.77000 14.33800 48.45000
 5 1 21 15 12 26198.20000 5.73000000 849.68000 125.74000 14.33800 48.45000
 5 1 21 15 12 26168.30000 5.71000000 848.01000 125.28000 14.33800 48.45000
 5 1 21 15 13 26199.60000 5.71000000 849.50000 125.46000 14.33800 48.45000
 5 1 21 15 13 26203.50000 5.71000000 849.49000 125.46000 14.12200 48.45000
 5 1 21 15 14 26170.90000 5.71000000 849.00000 125.48000 14.12200 48.45000
 5 1 21 15 14 26150.20000 5.71000000 848.99000 125.48000 14.12200 48.45000
 5 1 21 15 14 26156.60000 5.71000000 848.83000 125.43000 14.12300 48.45000
 5 1 21 15 15 26173.70000 5.70900000 849.56000 125.52000 14.12300 48.45000
 5 1 21 15 15 26207.00000 5.70900000 850.00000 125.52000 14.12300 48.45000
 5 1 21 15 16 26171.90000 5.70900000 849.84000 125.53000 14.12300 48.45000
 5 1 21 15 16 26206.90000 5.70900000 851.79000 125.60000 14.12300 48.45000
 5 1 21 15 17 26179.60000 5.70900000 851.56000 125.52000 14.12300 48.45000
 5 1 21 15 17 26190.40000 5.70900000 852.00000 125.51000 14.12300 48.45000
 5 1 21 15 17 26199.80000 5.70900000 852.80000 125.60000 14.12300 48.45000
 5 1 21 15 18 26199.80000 5.71000000 853.10000 125.63000 14.12300 48.45000
 5 1 21 15 18 26209.30000 5.71000000 854.00000 125.63000 14.12300 48.45000
 5 1 21 15 19 26209.50000 5.71000000 853.49000 125.59000 14.12300 48.45000
 5 1 21 15 19 26218.60000 5.71000000 855.00000 125.59000 14.12300 48.45000
 5 1 21 15 20 26235.10000 5.69900000 854.76000 125.54000 14.12300 48.45000
 5 1 21 15 20 26300.00000 5.69900000 858.67000 125.95000 14.12300 48.45000
 5 1 21 15 20 26350.00000 5.70900000 859.99000 126.13000 14.12300 48.45000
 5 1 21 15 21 26279.80000 5.70900000 857.65000 125.98000 14.12300 48.45000
 5 1 21 15 21 26266.00000 5.70900000 859.03000 126.17000 14.12300 48.45000
 5 1 21 15 22 26254.20000 5.70900000 859.93000 125.94000 14.12300 48.45000
 5 1 21 15 22 26297.00000 5.70900000 860.23000 126.03000 14.12300 48.45000
 5 1 21 15 23 26267.50000 5.70900000 862.12000 126.16000 14.12300 48.45000
 5 1 21 15 23 26272.40000 5.70900000 862.24000 126.03000 14.12300 48.45000
 5 1 21 15 23 26292.50000 5.70900000 866.07000 126.40000 14.12300 48.57700
 5 1 21 15 24 26327.30000 5.73500000 867.64000 126.31000 14.12300 48.57700
 5 1 21 15 24 26321.20000 5.73500000 866.70000 126.53000 14.12300 48.57700
 5 1 21 15 25 26300.40000 5.73500000 864.61000 126.40000 14.12300 48.57700
 5 1 21 15 25 26281.10000 5.75100000 864.52000 126.23000 14.12300 48.57700
 5 1 21 15 26 26260.80000 5.75100000 865.66000 126.23000 14.12300 48.57700
 5 1 21 15 26 26259.10000 5.75100000 863.09000 126.23000 14.12300 48.57700
 5 1 21 15 26 26250.20000 5.75100000 860.93000 126.23000 14.12300 48.57700
 5 1 21 15 27 26227.00000 5.70900000 861.42000 126.23000 14.12300 48.57700
 5 1 21 15 27 26250.70000 5.73900000 862.99000 126.37000 14.12300 48.57700
 5 1 21 15 28 26226.00000 5.76200000 857.84000 126.15000 14.12300 48.57700
 5 1 21 15 28 26241.20000 5.76200000 858.81000 126.17000 14.12300 48.57700
 5 1 21 15 29 26227.10000 5.76200000 859.00000 126.17000 14.12300 48.57700
 5 1 21 15 29 26233.00000 5.76200000 859.28000 126.09000 14.12300 48.57700
 5 1 21 15 29 26241.90000 5.76200000 859.48000 126.19000 14.12300 48.57700
 5 1 21 15 30 26228.00000 5.76200000 857.94000 126.11000 14.12300 48.57700
 5 1 21 15 30 26207.10000 5.76200000 857.90000 125.94000 14.12300 48.57700
 5 1 21 15 31 26200.10000 5.76200000 857.18000 125.95000 14.12300 48.57700
 5 1 21 15 31 26186.10000 5.73400000 857.17000 125.87000 14.12300 48.57700
 5 1 21 15 32 26190.00000 5.73400000 857.36000 125.82000 14.12300 48.57700
 5 1 21 15 32 26182.90000 5.73400000 855.01000 125.84000 14.12300 48.57700
 5 1 21 15 32 26170.60000 5.73400000 855.47000 125.84000 14.12300 48.57700
 5 1 21 15 33 26155.40000 5.73400000 857.34000 125.84000 14.12300 48.57700
 5 1 21 15 33 26165.00000 5.73400000 857.63000 125.84000 14.12300 48.57700
 5 1 21 15 34 26170.10000 5.73400000 857.80000 125.84000 14.12300 48.57700
 5 1 21 15 34 26182.30000 5.73400000 857.80000 125.84000 14.12300 48.57700
 5 1 21 15 35 26186.00000 5.73400000 857.69000 125.82000 14.12300 48.57700
 5 1 21 15 35 26155.10000 5.73400000 856.50000 125.75000 14.12300 48.57700
 5 1 21 15 35 26127.90000 5.73400000 856.59000 125.73000 14.12300 48.57700
 5 1 21 15 36 26107.80000 5.73400000 855.44000 125.48000 14.12300 48.57700
 5 1 21 15 36 26097.20000 5.73400000 855.00000 125.48000 14.12300 48.57700
 5 1 21 15 37 26142.80000 5.73400000 856.81000 125.54000 14.12300 48.57700
 5 1 21 15 37 26157.90000 5.73400000 855.79000 125.46000 14.12300 48.39100
 5 1 21 15 38 26120.10000 5.73400000 855.69000 125.33000 14.12300 48.39100
 5 1 21 15 38 26100.00000 5.73400000 853.71000 125.03000 14.12300 48.39100
 5 1 21 15 38 26102.10000 5.73400000 854.10000 125.02000 14.12300 48.39100
 5 1 21 15 39 26150.30000 5.73400000 855.72000 125.24000 14.12300 48.39100
 5 1 21 15 39 26174.00000 5.73400000 857.40000 125.24000 14.12300 48.39100
 5 1 21 15 40 26187.40000 5.73400000 858.70000 125.55000 14.12300 48.39100
 5 1 21 15 40 26210.90000 5.73400000 859.30000 125.55000 14.12300 48.39100
 5 1 21 15 41 26216.60000 5.70900000 861.32000 125.55000 14.12300 48.39100
 5 1 21 15 41 26210.00000 5.70900000 859.52000 125.55000 14.12300 48.39100
 5 1 21 15 41 26210.00000 5.70900000 859.86000 125.50000 14.12300 48.39100
 5 1 21 15 42 26145.80000 5.70900000 858.05000 125.31000 14.12300 48.39100
 5 1 21 15 42 26123.50000 5.68700000 856.96000 125.19000 14.19800 48.39100
 5 1 21 15 43 26100.00000 5.68700000 855.59000 125.19000 14.19800 48.39100
