M=[
21 9 20 21 00 8915.10000 4.98100000 294.71000 37.18000 11.99600 45.09300
21 9 20 21 01 8915.10000 4.98100000 294.74000 37.18000 11.99600 45.09300
21 9 20 21 01 8915.10000 4.98100000 294.79000 37.20000 11.99600 45.07000
21 9 20 21 01 8915.00000 4.98100000 294.79000 37.20000 11.99600 45.07000
21 9 20 21 02 8915.00000 4.98100000 295.05000 37.20000 11.99600 45.07000
21 9 20 21 02 8915.10000 4.98100000 295.05000 37.20000 11.99600 45.07000
21 9 20 21 03 8915.10000 4.98100000 295.05000 37.20000 11.99600 45.07000
21 9 20 21 03 8915.10000 4.98100000 295.02000 37.20000 11.99600 45.07000
21 9 20 21 04 8915.00000 4.98100000 295.00000 37.20000 11.99600 45.07000
21 9 20 21 04 8915.00000 4.98100000 294.90000 37.20000 11.99600 45.07000
21 9 20 21 04 8915.00000 4.98100000 294.90000 37.20000 11.99600 45.07000
21 9 20 21 05 8915.10000 4.98100000 295.02000 37.20000 11.99600 45.07000
21 9 20 21 05 8915.00000 4.98100000 295.02000 37.20000 11.99600 45.07000
21 9 20 21 06 8915.00000 4.98100000 295.02000 37.20000 11.99600 45.07000
21 9 20 21 06 8915.10000 4.98100000 295.02000 37.20000 11.99600 45.07000
21 9 20 21 07 8915.00000 4.98100000 295.02000 37.20000 11.99600 45.07000
21 9 20 21 07 8915.10000 4.98100000 295.02000 37.20000 11.99600 45.07000
21 9 20 21 08 8918.90000 4.98100000 295.02000 37.23000 11.99600 45.07000
21 9 20 21 08 8921.40000 4.98100000 295.17000 37.23000 11.99600 45.07000
21 9 20 21 08 8922.50000 4.98100000 295.43000 37.22000 11.99600 45.07000
21 9 20 21 09 8924.90000 4.98100000 295.43000 37.22000 11.99600 45.07000
21 9 20 21 09 8925.00000 4.98100000 295.43000 37.22000 11.99600 45.07000
21 9 20 21 10 8924.80000 4.98100000 295.43000 37.21000 11.99600 45.07000
21 9 20 21 10 8924.70000 4.92300000 295.33000 37.21000 11.99600 45.07000
21 9 20 21 11 8924.80000 4.92300000 295.34000 37.20000 12.05300 45.07000
21 9 20 21 11 8924.70000 4.92300000 295.34000 37.20000 12.05300 45.07000
21 9 20 21 12 8924.60000 4.92300000 295.34000 37.20000 12.05300 45.07000
21 9 20 21 12 8924.70000 4.92300000 295.34000 37.20000 12.05300 45.07000
21 9 20 21 12 8923.20000 4.92300000 295.34000 37.20000 12.05300 45.07000
21 9 20 21 13 8920.40000 4.92300000 295.33000 37.20000 12.05300 45.07000
21 9 20 21 13 8919.60000 4.92300000 295.33000 37.20000 12.05300 45.07000
21 9 20 21 14 8920.20000 4.92300000 295.34000 37.20000 12.05300 45.07000
21 9 20 21 14 8918.80000 4.92300000 295.02000 37.18000 12.05300 45.07000
21 9 20 21 15 8916.00000 4.92300000 294.96000 37.18000 12.05300 45.07000
21 9 20 21 15 8915.10000 4.92300000 294.84000 37.18000 12.05300 45.07000
21 9 20 21 15 8914.60000 4.92300000 294.76000 37.18000 12.05300 45.07000
21 9 20 21 16 8911.60000 4.92300000 294.70000 37.17000 12.05300 45.07000
21 9 20 21 16 8910.80000 4.92300000 294.68000 37.17000 11.89400 45.07000
21 9 20 21 17 8910.40000 4.92300000 294.49000 37.17000 11.89400 45.07000
21 9 20 21 17 8906.30000 4.92300000 294.44000 37.17000 11.89400 45.07000
21 9 20 21 18 8906.30000 4.92300000 294.44000 37.17000 11.89400 45.07000
21 9 20 21 18 8907.10000 4.92300000 294.15000 37.17000 11.89400 45.07000
21 9 20 21 19 8907.10000 4.92300000 294.17000 37.17000 11.89300 45.07000
21 9 20 21 19 8910.10000 4.92300000 294.33000 37.17000 11.89300 45.07000
21 9 20 21 19 8909.60000 4.92300000 294.29000 37.17000 11.89300 45.07000
21 9 20 21 20 8908.00000 4.92300000 294.38000 37.17000 11.89300 45.07000
21 9 20 21 20 8908.00000 4.92300000 294.25000 37.17000 11.89300 45.07000
21 9 20 21 21 8908.00000 4.92300000 294.16000 37.17000 11.89300 45.07000
21 9 20 21 21 8907.20000 4.92300000 294.12000 37.17000 11.89300 45.07000
21 9 20 21 22 8906.30000 4.92300000 294.12000 37.17000 12.01900 45.07000
21 9 20 21 22 8906.30000 4.92300000 294.44000 37.17000 12.01900 45.07000
21 9 20 21 22 8906.30000 4.92300000 294.44000 37.17000 11.88900 45.07000
21 9 20 21 23 8906.30000 4.92300000 294.53000 37.17000 11.88900 45.07000
21 9 20 21 23 8906.30000 4.92300000 294.53000 37.17000 11.88900 45.07000
21 9 20 21 24 8906.20000 4.92300000 294.53000 37.19000 11.88900 45.07000
21 9 20 21 24 8906.20000 4.92300000 294.53000 37.17000 11.88900 45.07000
21 9 20 21 25 8900.10000 4.92300000 294.59000 37.17000 11.88900 45.07000
21 9 20 21 25 8904.30000 4.92300000 294.65000 37.17000 11.88900 45.07000
21 9 20 21 26 8905.60000 4.92300000 294.65000 37.16000 11.88900 45.07000
21 9 20 21 26 8906.80000 4.92300000 294.65000 37.16000 11.88900 45.07000
21 9 20 21 27 8911.80000 4.92300000 294.93000 37.16000 11.88900 45.07000
21 9 20 21 27 8911.90000 4.92300000 295.00000 37.18000 11.88900 45.07000
21 9 20 21 27 8911.80000 4.92300000 295.00000 37.20000 11.88900 45.07000
21 9 20 21 28 8911.80000 4.92300000 294.99000 37.20000 11.88900 45.07000
21 9 20 21 28 8911.80000 4.92300000 294.99000 37.20000 11.87600 45.07000
21 9 20 21 29 8910.30000 4.92300000 294.99000 37.19000 11.87600 45.07000
21 9 20 21 29 8908.30000 4.92300000 295.00000 37.20000 11.87600 45.07000
21 9 20 21 30 8906.40000 4.92300000 294.99000 37.20000 11.87600 45.07000
21 9 20 21 30 8906.70000 4.92300000 294.99000 37.20000 11.87600 45.07000
21 9 20 21 30 8906.60000 4.92300000 295.00000 37.20000 11.87600 45.07000
21 9 20 21 31 8906.60000 4.92300000 295.00000 37.20000 11.87600 45.07000
21 9 20 21 31 8906.70000 4.91100000 294.75000 37.20000 11.87600 45.07000
21 9 20 21 32 8907.40000 4.91200000 294.75000 37.20000 11.87600 45.07000
21 9 20 21 32 8907.40000 4.91200000 294.75000 37.20000 11.87600 45.07000
21 9 20 21 33 8909.10000 4.91200000 295.00000 37.20000 11.87600 45.07000
21 9 20 21 33 8909.10000 4.91200000 295.00000 37.20000 11.87600 45.07000
21 9 20 21 33 8909.10000 4.91200000 295.34000 37.20000 11.87600 45.07000
21 9 20 21 34 8909.10000 4.91200000 295.34000 37.20000 11.87600 45.07000
21 9 20 21 34 8909.70000 4.91200000 295.67000 37.20000 11.87600 45.07000
21 9 20 21 35 8909.90000 4.95000000 295.68000 37.20000 11.87600 45.07000
21 9 20 21 35 8910.00000 4.95000000 295.68000 37.20000 11.87600 45.07000
21 9 20 21 36 8910.00000 4.95000000 295.68000 37.20000 11.87600 45.07000
21 9 20 21 36 8910.00000 4.96100000 295.45000 37.20000 11.87600 45.07000
21 9 20 21 36 8910.00000 4.96100000 295.48000 37.20000 11.87600 45.07000
21 9 20 21 37 8909.90000 4.96100000 295.48000 37.20000 11.87600 45.07000
21 9 20 21 37 8909.90000 4.96100000 295.48000 37.20000 11.87600 45.07000
21 9 20 21 38 8910.00000 4.96100000 295.48000 37.20000 11.87600 45.07000
21 9 20 21 38 8911.20000 4.96100000 295.15000 37.20000 11.87600 45.07000
21 9 20 21 39 8917.70000 4.96100000 295.18000 37.20000 11.87600 45.07000
21 9 20 21 39 8923.00000 4.96100000 295.40000 37.20000 11.87600 45.07000
21 9 20 21 40 8930.80000 4.91200000 295.40000 37.20000 11.87600 45.06000
21 9 20 21 40 8931.10000 4.97700000 295.68000 37.20000 11.87600 45.06000
21 9 20 21 40 8942.70000 4.97700000 296.04000 37.24000 11.87600 45.06000
21 9 20 21 41 8943.80000 4.98600000 296.04000 37.24000 11.87600 45.06000
21 9 20 21 41 8945.00000 4.98600000 296.04000 37.24000 11.87600 45.06000
21 9 20 21 42 8942.40000 4.98600000 296.04000 37.24000 11.87600 45.06000
21 9 20 21 42 8942.10000 5.00100000 296.04000 37.24000 11.87600 45.06000
21 9 20 21 43 8942.80000 5.00100000 296.04000 37.24000 11.87600 45.06000
21 9 20 21 43 8942.40000 5.00100000 295.97000 37.27000 11.87600 45.06000
21 9 20 21 43 8943.40000 5.00200000 296.05000 37.27000 11.87600 45.06000
21 9 20 21 44 8944.30000 5.00200000 296.00000 37.27000 11.87600 45.06000
21 9 20 21 44 8943.60000 5.00200000 296.00000 37.27000 11.87600 45.06000
21 9 20 21 45 8945.20000 5.00200000 296.06000 37.27000 11.87600 45.06000
21 9 20 21 45 8946.40000 5.02200000 296.03000 37.27000 11.87600 45.06000
21 9 20 21 46 8947.10000 5.02200000 296.03000 37.31000 11.87600 45.06000
21 9 20 21 46 8942.80000 5.02200000 296.01000 37.31000 11.87600 45.06000
21 9 20 21 46 8943.30000 5.02200000 296.01000 37.28000 11.87600 45.06000
21 9 20 21 47 8943.60000 5.02200000 296.01000 37.28000 11.87600 45.06000
21 9 20 21 47 8945.80000 5.14600000 296.01000 37.27000 11.87600 45.06000
