M=[
25 4 21 15 08 41995.00000 26.30000000 1955.00000 194.49000 29.82600 175.64800
25 4 21 15 09 41990.80000 26.30000000 1954.99000 194.49000 29.82600 175.64800
25 4 21 15 09 41996.90000 26.30000000 1954.57000 194.42000 29.82600 175.64800
25 4 21 15 10 41997.00000 26.30000000 1954.47000 194.45000 29.82600 175.64800
25 4 21 15 10 41963.50000 26.30000000 1954.11000 194.45000 29.82600 175.64800
25 4 21 15 11 41963.40000 26.30000000 1954.90000 194.45000 29.82600 175.64800
25 4 21 15 11 41987.00000 26.30000000 1954.75000 194.45000 29.82600 175.64800
25 4 21 15 11 41950.00000 26.30000000 1952.79000 194.45000 29.82600 175.64800
25 4 21 15 12 41949.90000 26.30000000 1952.50000 194.29000 29.82600 175.64800
25 4 21 15 12 41944.20000 26.30000000 1951.84000 194.32000 29.82600 175.64800
25 4 21 15 13 41949.90000 26.30000000 1953.10000 194.35000 29.82600 175.64800
25 4 21 15 13 41939.10000 26.30000000 1951.48000 194.21000 29.82600 176.08300
25 4 21 15 14 41940.20000 26.30000000 1951.75000 194.21000 29.82600 176.08300
25 4 21 15 14 41962.00000 26.30000000 1953.06000 194.21000 29.82600 176.08300
25 4 21 15 14 41962.70000 26.33100000 1953.10000 194.28000 29.82600 176.08300
25 4 21 15 15 41944.90000 26.33100000 1952.41000 194.29000 29.82600 176.08300
25 4 21 15 15 41948.00000 26.33100000 1954.71000 194.29000 29.82600 176.08300
25 4 21 15 16 41929.70000 26.33100000 1954.63000 194.75000 29.82600 176.28200
25 4 21 15 16 41940.00000 26.33100000 1954.63000 194.75000 29.82600 176.28200
25 4 21 15 17 41932.50000 26.33100000 1954.01000 194.97000 29.82600 176.21100
25 4 21 15 17 41949.10000 26.33100000 1954.81000 195.00000 29.82600 176.21100
25 4 21 15 17 41961.40000 26.33100000 1955.00000 195.20000 29.82600 176.21100
25 4 21 15 18 41962.60000 26.28100000 1954.99000 195.30000 29.82600 176.21100
25 4 21 15 18 41954.30000 26.28100000 1954.95000 195.30000 29.82600 176.21100
25 4 21 15 19 41950.10000 26.28100000 1954.63000 195.13000 29.82600 176.21100
25 4 21 15 19 41955.40000 26.28100000 1955.00000 195.27000 29.82600 176.21100
25 4 21 15 20 42027.90000 26.28100000 1958.99000 195.64000 29.82600 176.09100
25 4 21 15 20 42033.10000 26.28100000 1958.75000 195.79000 29.82600 176.09100
25 4 21 15 20 42028.00000 26.28100000 1958.70000 195.79000 29.82600 176.09100
25 4 21 15 21 41998.40000 26.28100000 1955.65000 195.38000 29.82600 176.09100
25 4 21 15 21 41993.20000 26.28100000 1955.03000 195.00000 29.82600 176.09100
25 4 21 15 22 41989.10000 26.28100000 1954.19000 194.83000 29.82600 176.09100
25 4 21 15 22 42000.00000 26.28100000 1954.26000 194.83000 29.82600 176.09100
25 4 21 15 23 41993.60000 26.28100000 1953.37000 194.83000 29.82600 176.09100
25 4 21 15 23 42003.50000 26.28100000 1953.30000 194.86000 29.84400 176.09100
25 4 21 15 23 42000.30000 26.28100000 1953.00000 194.70000 29.84400 174.97100
25 4 21 15 24 41995.80000 26.24600000 1950.63000 194.50000 29.84400 174.97100
25 4 21 15 24 41989.10000 26.24600000 1951.24000 194.38000 29.84400 174.97100
25 4 21 15 25 42009.10000 26.24600000 1951.11000 194.55000 29.84400 174.97100
25 4 21 15 25 41982.60000 26.24600000 1951.63000 194.55000 29.84400 174.97100
25 4 21 15 26 41991.40000 26.24600000 1951.84000 194.55000 29.84400 174.97100
25 4 21 15 26 41982.40000 26.24400000 1951.19000 194.66000 29.84400 174.97100
25 4 21 15 26 41955.10000 26.24400000 1948.98000 194.66000 29.84400 174.97100
25 4 21 15 27 41950.00000 26.24400000 1948.92000 194.22000 29.84400 174.97100
25 4 21 15 27 41956.40000 26.21400000 1950.21000 194.12000 29.84400 174.97100
25 4 21 15 28 41963.90000 26.21400000 1950.15000 194.26000 29.84400 174.97100
25 4 21 15 28 41983.20000 26.21400000 1951.20000 194.27000 29.84400 174.97100
25 4 21 15 29 41983.20000 26.21400000 1952.47000 194.32000 29.84400 174.97100
25 4 21 15 29 41958.60000 26.29300000 1950.42000 194.48000 29.84400 174.97100
25 4 21 15 29 41959.00000 26.29300000 1951.07000 194.35000 29.84400 174.97100
25 4 21 15 30 41937.30000 26.29300000 1949.56000 194.21000 29.84400 174.97100
25 4 21 15 30 41911.10000 26.22800000 1947.60000 193.94000 29.84400 174.97100
25 4 21 15 31 41911.00000 26.22200000 1947.41000 193.57000 29.84400 174.97100
25 4 21 15 31 41911.10000 26.22200000 1948.09000 193.66000 29.84400 174.97100
25 4 21 15 32 41911.10000 26.23800000 1947.42000 194.04000 29.84400 174.97100
25 4 21 15 32 41911.10000 26.23800000 1945.60000 194.10000 29.84400 174.97100
25 4 21 15 32 41911.10000 26.23800000 1945.51000 193.70000 29.84400 174.97100
25 4 21 15 33 41877.90000 26.23800000 1943.01000 193.67000 29.84400 174.97100
25 4 21 15 33 41872.40000 26.23800000 1943.02000 193.68000 29.84400 174.97100
25 4 21 15 34 41872.30000 26.23800000 1944.02000 193.68000 29.84400 174.97100
25 4 21 15 34 41872.40000 26.16200000 1945.80000 193.53000 29.84400 174.93700
25 4 21 15 35 41900.00000 26.16200000 1947.52000 193.53000 29.84400 175.09200
25 4 21 15 35 41900.00000 26.16200000 1949.41000 193.99000 29.84400 175.09200
25 4 21 15 35 41900.00000 26.16200000 1950.00000 194.06000 29.84400 175.09200
25 4 21 15 36 41932.20000 26.16200000 1950.00000 194.06000 29.84400 175.09200
25 4 21 15 36 41932.30000 26.16200000 1951.35000 194.28000 29.84400 175.41400
25 4 21 15 37 41924.00000 26.16200000 1950.20000 194.20000 29.84400 175.41400
25 4 21 15 37 41926.80000 26.16200000 1950.16000 194.26000 29.84400 175.41400
25 4 21 15 38 41945.50000 26.16200000 1952.60000 194.35000 29.84400 175.41400
25 4 21 15 38 41941.00000 26.16200000 1950.81000 194.63000 29.84400 175.85100
25 4 21 15 38 41883.50000 26.16200000 1947.99000 194.63000 29.84400 175.85100
25 4 21 15 39 41883.50000 26.16200000 1947.49000 194.36000 29.84400 175.85100
25 4 21 15 39 41872.30000 26.16200000 1945.62000 194.32000 29.84400 175.85100
25 4 21 15 40 41866.10000 26.16200000 1945.22000 194.48000 29.84400 175.85100
25 4 21 15 40 41866.00000 26.16200000 1948.97000 194.67000 29.84400 175.85100
25 4 21 15 41 41866.10000 26.16200000 1948.04000 194.78000 29.84400 175.85100
25 4 21 15 41 41866.10000 26.27200000 1948.35000 194.78000 29.84400 175.85100
25 4 21 15 41 41866.10000 26.27200000 1947.95000 194.78000 29.84400 175.85100
25 4 21 15 42 41866.10000 26.18300000 1947.97000 194.78000 29.84400 175.85100
25 4 21 15 42 41866.00000 26.18300000 1948.35000 195.01000 29.84400 175.85100
25 4 21 15 43 41866.10000 26.18300000 1949.38000 195.01000 29.84400 175.85100
25 4 21 15 43 41897.60000 26.18300000 1950.00000 195.01000 29.84400 175.85100
25 4 21 15 44 41897.70000 26.18300000 1950.00000 195.01000 29.84400 175.85100
25 4 21 15 44 41903.50000 26.22200000 1949.01000 195.01000 29.84400 175.82100
25 4 21 15 44 41903.50000 26.22200000 1948.32000 194.82000 29.84400 175.82100
25 4 21 15 45 41888.80000 26.22200000 1948.00000 194.82000 29.98500 175.82100
25 4 21 15 45 41850.80000 26.22200000 1946.11000 194.65000 30.10700 175.82100
25 4 21 15 46 41846.70000 26.22200000 1944.18000 194.45000 30.10700 175.82100
25 4 21 15 46 41848.60000 26.22200000 1946.25000 194.45000 30.10700 175.43400
25 4 21 15 47 41866.10000 26.22200000 1948.17000 194.45000 30.10700 175.43400
25 4 21 15 47 41876.20000 26.22200000 1948.90000 194.68000 30.10700 175.43400
25 4 21 15 47 41876.30000 26.16000000 1948.89000 194.68000 30.10700 175.85500
25 4 21 15 48 41857.30000 26.16000000 1945.60000 194.68000 30.10700 175.73800
25 4 21 15 48 41858.70000 26.16000000 1946.32000 194.68000 30.10700 175.55200
25 4 21 15 49 41867.00000 26.16000000 1946.37000 194.86000 30.10700 175.55200
25 4 21 15 49 41867.00000 26.16000000 1946.37000 194.60000 30.10700 175.55200
25 4 21 15 50 41866.90000 26.10000000 1945.26000 194.60000 30.10700 175.55200
25 4 21 15 50 41866.90000 26.10000000 1945.51000 194.32000 30.10700 175.55200
25 4 21 15 50 41867.00000 26.10000000 1945.51000 194.51000 30.10700 175.55200
25 4 21 15 51 41858.80000 26.10000000 1945.72000 194.51000 30.10700 175.55200
25 4 21 15 51 41858.80000 26.10000000 1946.50000 194.51000 30.10700 175.55200
25 4 21 15 52 41858.70000 26.10000000 1947.32000 194.51000 30.10700 175.55200
