M=[
27 11 20 19 41 14047.80000 5.14200000 423.33000 56.80000 12.29500 56.90400
27 11 20 19 41 14049.90000 5.14200000 423.33000 56.80000 12.29500 56.90400
27 11 20 19 42 14044.40000 5.14200000 423.33000 56.80000 12.29500 56.90400
27 11 20 19 42 14043.70000 5.14200000 422.85000 56.80000 12.29500 56.90400
27 11 20 19 42 14057.20000 5.14200000 423.05000 56.85000 12.29500 56.90400
27 11 20 19 43 14057.20000 5.14200000 423.05000 56.85000 12.29500 56.90400
27 11 20 19 43 14052.10000 5.14200000 423.16000 56.89000 12.29500 56.90400
27 11 20 19 44 14049.40000 5.14200000 423.13000 56.89000 12.29500 56.90400
27 11 20 19 44 14052.30000 5.15500000 423.53000 56.89000 12.29500 56.90400
27 11 20 19 45 14051.10000 5.15500000 423.53000 56.89000 12.29500 56.90400
27 11 20 19 45 14051.40000 5.15500000 423.53000 56.93000 12.29500 56.90400
27 11 20 19 45 14045.40000 5.15500000 423.63000 56.93000 12.29500 56.90400
27 11 20 19 46 14055.10000 5.15500000 423.63000 56.93000 12.29500 56.90400
27 11 20 19 46 14055.10000 5.15500000 423.78000 56.93000 12.29500 56.90400
27 11 20 19 47 14058.90000 5.15500000 423.78000 56.97000 12.29500 56.90400
27 11 20 19 47 14063.50000 5.15500000 423.79000 56.97000 12.29500 56.90400
27 11 20 19 48 14063.20000 5.15500000 423.79000 56.96000 12.29500 56.90400
27 11 20 19 48 14063.00000 5.15500000 423.80000 56.91000 12.29500 56.90400
27 11 20 19 48 14053.30000 5.15500000 423.79000 56.91000 12.29500 56.90400
27 11 20 19 49 14053.30000 5.15500000 423.31000 56.91000 12.29500 56.90400
27 11 20 19 49 14057.00000 5.15500000 423.55000 56.91000 12.29500 56.90400
27 11 20 19 50 14058.10000 5.15500000 423.72000 56.91000 12.29500 56.90400
27 11 20 19 50 14056.40000 5.15500000 423.93000 56.93000 12.29500 56.90400
27 11 20 19 51 14056.40000 5.15500000 424.02000 56.93000 12.29500 56.90400
27 11 20 19 51 14059.30000 5.15500000 424.14000 56.93000 12.29500 56.90400
27 11 20 19 51 14063.70000 5.15500000 424.18000 56.96000 12.29500 56.90400
27 11 20 19 52 14056.70000 5.15500000 424.03000 57.02000 12.29500 56.90400
27 11 20 19 52 14059.30000 5.15500000 424.03000 56.99000 12.29500 56.90400
27 11 20 19 53 14060.80000 5.15500000 424.16000 56.99000 12.29500 56.90400
27 11 20 19 53 14062.30000 5.15500000 424.08000 56.97000 12.29500 56.90400
27 11 20 19 54 14061.90000 5.15500000 424.12000 56.97000 12.29500 56.90400
27 11 20 19 54 14061.40000 5.15500000 424.12000 56.97000 12.29500 56.90400
27 11 20 19 54 14067.90000 5.15500000 424.31000 56.97000 12.29500 56.90400
27 11 20 19 55 14070.00000 5.15500000 424.56000 57.00000 12.29500 56.90400
27 11 20 19 55 14069.90000 5.15500000 424.30000 57.01000 12.29500 56.90400
27 11 20 19 56 14070.00000 5.15500000 424.03000 56.99000 12.29500 56.90400
27 11 20 19 56 14069.90000 5.15500000 424.03000 57.01000 12.29500 56.90400
27 11 20 19 57 14072.80000 5.15500000 424.20000 57.01000 12.29500 56.90400
27 11 20 19 57 14075.10000 5.15500000 424.20000 57.01000 12.29500 56.90400
27 11 20 19 57 14073.80000 5.15500000 424.24000 57.05000 12.29500 56.90400
27 11 20 19 58 14076.30000 5.15500000 424.18000 57.08000 12.29500 56.90400
27 11 20 19 58 14065.90000 5.15500000 424.03000 57.08000 12.29500 56.90400
27 11 20 19 59 14062.90000 5.15500000 424.02000 57.08000 12.29500 56.90400
27 11 20 19 59 14075.80000 5.15500000 424.02000 57.08000 12.29500 56.90400
27 11 20 20 00 14069.80000 5.15500000 424.02000 57.08000 12.29500 56.90400
27 11 20 20 00 14064.40000 5.15500000 424.02000 57.08000 12.29500 56.90400
27 11 20 20 00 14062.90000 5.15500000 424.01000 57.08000 12.29500 56.90400
27 11 20 20 01 14055.30000 5.15500000 423.41000 57.08000 12.29500 56.90400
27 11 20 20 01 14050.20000 5.15500000 423.19000 57.08000 12.29500 56.90400
27 11 20 20 02 14040.80000 5.15500000 423.15000 57.08000 12.29500 56.90400
27 11 20 20 02 14042.10000 5.15500000 423.18000 57.08000 12.12100 56.90400
27 11 20 20 03 14038.00000 5.15500000 422.89000 56.96000 12.12100 56.90400
27 11 20 20 03 14038.00000 5.15500000 422.70000 56.96000 12.12100 56.90400
27 11 20 20 03 14038.00000 5.15500000 422.71000 56.91000 12.12100 56.90400
27 11 20 20 04 14040.20000 5.15500000 422.72000 56.86000 12.12100 56.90400
27 11 20 20 04 14064.80000 5.15500000 423.20000 56.86000 12.12100 56.90400
27 11 20 20 05 14065.50000 5.15500000 423.18000 56.86000 12.12100 56.90400
27 11 20 20 05 14065.50000 5.16800000 423.19000 56.88000 12.12100 57.09300
27 11 20 20 06 14099.30000 5.16800000 424.64000 57.11000 12.12100 56.97900
27 11 20 20 06 14110.70000 5.16800000 424.85000 57.20000 12.12100 56.97900
27 11 20 20 06 14130.00000 5.16800000 425.31000 57.35000 12.12100 56.97900
27 11 20 20 07 14136.90000 5.16800000 425.81000 57.42000 12.12100 56.97900
27 11 20 20 07 14149.60000 5.17400000 425.98000 57.43000 12.12100 56.97900
27 11 20 20 08 14171.40000 5.17400000 426.36000 57.49000 12.12100 56.97900
27 11 20 20 08 14170.30000 5.18200000 426.86000 57.49000 12.12100 56.97900
27 11 20 20 09 14179.00000 5.18200000 427.00000 57.51000 12.12100 56.97900
27 11 20 20 09 14181.30000 5.19000000 427.51000 57.61000 12.12100 57.38500
27 11 20 20 09 14190.10000 5.19000000 426.86000 57.58000 12.12100 57.38500
27 11 20 20 10 14190.00000 5.19000000 426.87000 57.58000 12.12100 57.38500
27 11 20 20 10 14190.00000 5.19000000 426.81000 57.61000 12.12100 57.38500
27 11 20 20 11 14191.10000 5.19800000 427.17000 57.71000 12.12100 57.38500
27 11 20 20 11 14193.10000 5.19800000 426.92000 57.78000 12.12100 57.38500
27 11 20 20 12 14200.00000 5.20000000 427.39000 57.80000 12.12100 57.38500
27 11 20 20 12 14199.90000 5.20000000 427.61000 57.76000 12.12100 57.38500
27 11 20 20 12 14210.00000 5.20000000 427.61000 57.79000 12.12100 57.38500
27 11 20 20 13 14234.80000 5.20600000 427.80000 57.80000 12.12100 57.38500
27 11 20 20 13 14240.00000 5.20600000 428.01000 57.79000 12.12100 57.38500
27 11 20 20 14 14220.30000 5.20600000 427.81000 57.55000 12.12100 57.38500
27 11 20 20 14 14222.10000 5.20500000 427.67000 57.56000 12.12100 57.38500
27 11 20 20 15 14239.20000 5.20500000 428.11000 57.76000 12.12100 57.80900
27 11 20 20 15 14230.90000 5.20500000 427.56000 57.73000 12.12100 57.80900
27 11 20 20 15 14230.20000 5.20500000 427.76000 57.73000 12.12100 57.80900
27 11 20 20 16 14239.00000 5.20500000 428.25000 57.73000 12.12100 57.80900
27 11 20 20 16 14230.60000 5.20500000 427.89000 57.72000 12.12100 57.68300
27 11 20 20 17 14231.00000 5.20500000 428.08000 57.67000 12.12100 57.68300
27 11 20 20 17 14230.60000 5.20500000 428.05000 57.67000 12.12100 57.68300
27 11 20 20 18 14236.40000 5.20500000 428.40000 57.63000 12.12100 57.68300
27 11 20 20 18 14240.00000 5.21300000 428.91000 57.63000 12.12100 57.68300
27 11 20 20 18 14240.10000 5.21300000 428.98000 57.70000 12.31600 57.68300
27 11 20 20 19 14240.30000 5.21300000 429.61000 57.75000 12.31600 57.68300
27 11 20 20 19 14240.00000 5.21300000 429.34000 57.75000 12.31600 57.68300
27 11 20 20 20 14240.80000 5.21300000 429.20000 57.76000 12.31600 57.68300
27 11 20 20 20 14250.00000 5.21300000 429.78000 57.76000 12.31600 57.68300
27 11 20 20 21 14250.00000 5.21300000 429.51000 57.73000 12.31600 57.68300
27 11 20 20 21 14246.60000 5.21300000 429.21000 57.73000 12.31600 57.68300
27 11 20 20 21 14250.90000 5.21300000 429.78000 57.69000 12.31600 57.68300
27 11 20 20 22 14240.10000 5.21300000 429.78000 57.68000 12.31600 57.68300
27 11 20 20 22 14241.80000 5.21300000 429.07000 57.50000 12.25700 57.68300
27 11 20 20 23 14240.10000 5.21300000 429.14000 57.46000 12.25700 57.68300
27 11 20 20 23 14245.00000 5.21300000 429.51000 57.43000 12.25700 57.68300
27 11 20 20 24 14244.90000 5.21300000 429.51000 57.55000 12.25700 57.68300
27 11 20 20 24 14263.30000 5.21300000 430.17000 57.66000 12.25700 57.68300
27 11 20 20 24 14260.10000 5.21300000 430.17000 57.65000 12.25700 57.68300
27 11 20 20 25 14255.00000 5.21300000 429.99000 57.68000 12.25700 57.68300
27 11 20 20 25 14257.10000 5.21300000 429.94000 57.47000 12.25700 57.68300
27 11 20 20 26 14254.20000 5.21300000 429.51000 57.47000 12.25700 57.68300
