M=[
 1 7 21 05 25 28936.90000 47.21900000 1858.67000 117.92000 20.40900 105.26600
 1 7 21 05 26 28939.40000 47.34400000 1860.43000 117.92000 20.40900 105.26600
 1 7 21 05 26 28969.70000 47.42000000 1860.43000 118.11000 20.40900 105.26600
 1 7 21 05 27 28972.90000 47.42000000 1860.43000 118.11000 20.40900 105.26600
 1 7 21 05 27 28973.30000 47.42000000 1862.84000 118.11000 20.40900 105.26600
 1 7 21 05 27 28973.30000 47.42000000 1862.84000 118.00000 20.40900 105.26600
 1 7 21 05 28 28973.30000 47.42000000 1862.12000 118.00000 20.49000 105.26600
 1 7 21 05 28 28973.40000 47.42000000 1862.43000 118.11000 20.49000 105.26600
 1 7 21 05 29 28977.80000 47.42000000 1862.43000 118.11000 20.48100 105.26600
 1 7 21 05 29 28943.90000 47.42000000 1860.94000 118.05000 20.48100 105.26600
 1 7 21 05 30 28947.40000 47.42000000 1860.94000 118.05000 20.48100 105.26600
 1 7 21 05 30 28948.20000 47.42000000 1859.16000 118.05000 20.48100 105.26600
 1 7 21 05 30 28949.30000 47.41800000 1863.32000 118.05000 20.48100 105.26600
 1 7 21 05 31 28973.30000 47.41800000 1865.34000 118.05000 20.48100 105.26600
 1 7 21 05 31 28973.30000 47.41800000 1865.34000 118.05000 20.48100 105.26600
 1 7 21 05 32 28973.40000 47.41800000 1862.47000 118.05000 20.48100 105.26600
 1 7 21 05 32 28976.40000 47.41800000 1865.15000 118.05000 20.48100 105.26600
 1 7 21 05 33 28977.60000 47.41800000 1864.74000 118.05000 20.48100 105.26600
 1 7 21 05 33 28981.00000 47.41800000 1864.98000 118.27000 20.48100 105.26600
 1 7 21 05 33 28981.00000 47.41800000 1865.99000 118.27000 20.48100 105.26600
 1 7 21 05 34 28985.60000 47.41800000 1865.60000 118.27000 20.48100 105.32100
 1 7 21 05 34 28988.80000 47.41800000 1865.60000 118.22000 20.48100 105.32100
 1 7 21 05 35 28989.10000 47.41800000 1865.51000 118.22000 20.28600 105.32100
 1 7 21 05 35 28995.30000 47.50700000 1865.51000 118.20000 20.28600 105.32100
 1 7 21 05 36 28995.30000 47.58400000 1865.36000 118.20000 20.28600 105.32100
 1 7 21 05 36 28995.40000 47.55200000 1865.98000 118.20000 20.28600 105.32100
 1 7 21 05 36 28995.40000 47.55200000 1865.87000 118.20000 20.28600 105.32100
 1 7 21 05 37 28995.20000 47.55200000 1865.00000 118.20000 20.28600 105.32100
 1 7 21 05 37 28995.20000 47.43500000 1865.00000 118.20000 20.28600 105.32100
 1 7 21 05 38 28995.10000 47.43500000 1865.00000 118.09000 20.28600 105.32100
 1 7 21 05 38 28995.10000 47.43500000 1865.00000 118.09000 20.28600 105.32100
 1 7 21 05 39 28995.10000 47.43500000 1864.25000 118.09000 20.28600 105.32100
 1 7 21 05 39 28995.20000 47.43500000 1863.72000 118.09000 20.28600 105.32100
 1 7 21 05 40 28995.20000 47.43500000 1864.25000 118.09000 20.28600 105.32100
 1 7 21 05 40 28994.70000 47.43500000 1864.25000 118.06000 20.28600 105.32100
 1 7 21 05 40 28975.90000 47.43500000 1863.20000 118.06000 20.28600 105.32100
 1 7 21 05 41 28971.70000 47.27900000 1863.20000 118.06000 20.28600 105.32100
 1 7 21 05 41 28965.50000 47.27900000 1862.59000 118.06000 20.28600 105.32100
 1 7 21 05 42 28946.30000 47.27900000 1861.91000 118.06000 20.28600 104.97100
 1 7 21 05 42 28953.90000 47.27900000 1861.38000 118.06000 20.28600 104.97100
 1 7 21 05 43 28971.20000 47.27900000 1861.38000 118.06000 20.28600 104.97100
 1 7 21 05 43 28978.80000 47.27900000 1864.93000 118.09000 20.28600 104.97100
 1 7 21 05 43 28986.70000 47.27900000 1864.93000 118.09000 20.28600 104.97100
 1 7 21 05 44 28981.80000 47.27900000 1864.93000 118.00000 20.28600 104.97100
 1 7 21 05 44 28981.80000 47.27900000 1864.93000 118.11000 20.28600 104.97100
 1 7 21 05 45 28989.00000 47.27900000 1864.99000 118.16000 20.28600 104.97100
 1 7 21 05 45 28989.20000 47.27900000 1864.99000 118.16000 20.28600 104.97100
 1 7 21 05 46 28992.80000 47.27900000 1866.71000 118.16000 20.28600 104.97100
 1 7 21 05 46 29006.20000 47.27900000 1867.63000 118.16000 20.28600 104.97100
 1 7 21 05 46 29000.00000 47.27900000 1867.63000 118.16000 20.28600 104.97100
 1 7 21 05 47 29006.30000 47.27900000 1867.98000 118.16000 20.28600 104.97100
 1 7 21 05 47 29011.80000 47.27900000 1868.06000 118.29000 20.28600 104.97100
 1 7 21 05 48 29011.80000 47.27900000 1868.70000 118.29000 20.20700 104.97100
 1 7 21 05 48 29003.80000 47.27900000 1868.70000 118.29000 20.28500 104.97100
 1 7 21 05 49 28968.00000 47.27900000 1868.70000 118.29000 20.28500 104.97100
 1 7 21 05 49 29005.10000 47.27900000 1868.70000 118.29000 20.28500 104.97100
 1 7 21 05 49 29002.40000 47.27900000 1872.32000 118.29000 20.28500 104.97100
 1 7 21 05 50 29005.70000 47.27900000 1872.29000 118.29000 20.28500 104.97100
 1 7 21 05 50 29005.70000 47.27900000 1870.63000 118.29000 20.28500 104.97100
 1 7 21 05 51 29005.70000 47.27900000 1870.63000 118.48000 20.28500 104.97100
 1 7 21 05 51 29005.60000 47.27900000 1872.62000 118.49000 20.30000 104.97100
 1 7 21 05 52 29005.70000 47.27900000 1875.00000 118.49000 20.30000 104.97100
 1 7 21 05 52 29042.50000 47.72000000 1875.26000 118.53000 20.30000 104.97100
 1 7 21 05 52 29060.10000 47.72000000 1874.72000 118.53000 20.30000 104.97100
 1 7 21 05 53 29069.50000 47.72000000 1875.64000 118.53000 20.30000 104.97100
 1 7 21 05 53 29069.40000 47.72000000 1875.81000 118.71000 20.54500 104.97100
 1 7 21 05 54 29073.30000 47.89600000 1876.43000 118.71000 20.54800 104.97100
 1 7 21 05 54 29069.50000 47.89600000 1875.93000 118.71000 20.54800 104.97100
 1 7 21 05 55 29068.20000 47.89600000 1876.41000 118.71000 20.66400 104.97100
 1 7 21 05 55 29069.30000 47.89600000 1875.82000 118.71000 20.66400 104.97100
 1 7 21 05 55 29069.30000 47.89600000 1874.21000 118.71000 20.66400 104.97100
 1 7 21 05 56 29043.20000 47.89600000 1874.21000 118.71000 20.66400 104.97100
 1 7 21 05 56 29019.80000 47.85000000 1874.21000 118.71000 20.66400 104.97100
 1 7 21 05 57 29030.50000 47.85000000 1874.21000 118.71000 20.66400 104.97100
 1 7 21 05 57 29033.50000 47.85000000 1872.97000 118.71000 20.66400 104.97100
 1 7 21 05 58 29027.30000 47.74900000 1872.34000 118.50000 20.81700 104.97100
 1 7 21 05 58 29020.20000 47.74900000 1872.96000 118.50000 20.81700 104.97100
 1 7 21 05 58 29021.10000 47.74900000 1872.96000 118.50000 20.81700 104.97100
 1 7 21 05 59 29033.60000 47.74900000 1873.67000 118.50000 20.81700 104.97100
 1 7 21 05 59 29020.30000 47.74900000 1873.19000 118.50000 21.00700 104.97100
 1 7 21 06 00 29020.30000 47.74900000 1873.11000 118.50000 21.00700 104.97100
 1 7 21 06 00 29020.30000 47.74900000 1872.55000 118.50000 21.00700 104.97100
 1 7 21 06 01 29050.40000 47.74900000 1874.20000 118.50000 21.00700 104.97100
 1 7 21 06 01 29064.10000 47.74900000 1874.98000 118.50000 21.00700 104.97100
 1 7 21 06 01 29067.90000 47.74900000 1875.18000 118.50000 20.64300 104.97100
 1 7 21 06 02 29055.40000 47.74900000 1874.00000 118.50000 20.64300 104.97100
 1 7 21 06 02 29052.00000 47.74900000 1873.54000 118.50000 20.64300 104.97100
 1 7 21 06 03 29048.60000 47.74900000 1874.94000 118.50000 20.64300 104.97100
 1 7 21 06 03 29050.70000 47.74900000 1875.03000 118.50000 20.64300 104.97100
 1 7 21 06 04 29052.00000 47.72200000 1878.72000 118.50000 20.61300 104.97100
 1 7 21 06 04 29075.40000 47.72200000 1882.79000 118.50000 20.61300 105.97400
 1 7 21 06 05 29085.10000 48.15200000 1885.13000 118.50000 20.61300 105.97400
 1 7 21 06 05 29091.90000 48.13900000 1883.28000 118.85000 20.59300 106.06000
 1 7 21 06 05 29096.30000 48.13900000 1883.43000 118.85000 20.59300 106.06000
 1 7 21 06 06 29099.90000 48.13900000 1883.48000 118.84000 20.38900 106.06000
 1 7 21 06 06 29092.80000 48.13900000 1882.80000 118.84000 20.38900 106.06000
 1 7 21 06 07 29100.00000 48.13900000 1886.70000 118.84000 20.53000 106.06000
 1 7 21 06 07 29110.60000 48.13900000 1887.22000 118.84000 20.53000 106.06000
 1 7 21 06 08 29109.50000 48.13900000 1885.47000 119.01000 20.53000 106.06000
 1 7 21 06 08 29106.80000 48.52400000 1885.41000 118.99000 20.53000 106.06000
 1 7 21 06 08 29109.70000 48.63100000 1886.28000 118.99000 20.53000 106.06000
 1 7 21 06 09 29106.40000 48.51600000 1886.68000 118.99000 20.53000 106.06000
