M=[
15 1 21 05 10 31840.00000 6.34700000 1001.70000 123.85000 16.29100 88.88500
15 1 21 05 11 31836.70000 6.34700000 1002.09000 123.85000 16.29100 88.88500
15 1 21 05 11 31835.10000 6.34700000 1002.35000 123.85000 16.29100 90.11500
15 1 21 05 11 31835.10000 6.34700000 1003.09000 123.85000 16.29100 90.11500
15 1 21 05 12 31836.80000 6.34700000 1003.00000 123.85000 16.29100 90.11500
15 1 21 05 12 31876.70000 6.34700000 1004.27000 123.85000 16.29100 90.11500
15 1 21 05 13 31883.80000 6.34700000 1004.11000 124.30000 16.29100 90.11500
15 1 21 05 13 31890.30000 6.34700000 1004.94000 124.42000 16.29100 90.11500
15 1 21 05 14 31900.00000 6.34700000 1005.44000 124.56000 16.29100 90.20000
15 1 21 05 14 31900.00000 6.34700000 1004.99000 124.72000 16.29100 90.77100
15 1 21 05 14 31900.00000 6.39300000 1004.87000 124.93000 16.29100 90.73200
15 1 21 05 15 31864.20000 6.39300000 1002.87000 124.67000 16.29100 90.60000
15 1 21 05 15 31899.70000 6.39300000 1005.00000 124.81000 16.29100 90.99700
15 1 21 05 16 31898.20000 6.39300000 1004.99000 124.68000 16.29100 90.99700
15 1 21 05 16 31928.00000 6.39300000 1006.35000 124.82000 16.29100 90.99700
15 1 21 05 17 31950.00000 6.39300000 1008.01000 124.87000 16.29100 90.99700
15 1 21 05 17 31981.80000 6.39300000 1008.00000 124.86000 16.29100 90.99700
15 1 21 05 17 31983.70000 6.39300000 1009.00000 124.86000 16.29100 90.99700
15 1 21 05 18 31981.80000 6.39300000 1008.08000 124.83000 16.29100 90.00800
15 1 21 05 18 31986.60000 6.39300000 1008.08000 125.00000 16.29100 90.00800
15 1 21 05 19 31985.10000 6.38200000 1008.70000 125.00000 16.29100 90.24900
15 1 21 05 19 31985.10000 6.38200000 1008.83000 124.98000 16.29100 90.24900
15 1 21 05 20 31950.40000 6.38200000 1008.83000 124.89000 16.29100 90.24900
15 1 21 05 20 31955.90000 6.38200000 1007.86000 124.83000 16.29100 90.24900
15 1 21 05 20 31961.30000 6.38200000 1008.94000 124.83000 16.29100 90.24900
15 1 21 05 21 31959.70000 6.38200000 1009.28000 124.78000 16.51900 90.24900
15 1 21 05 21 31959.20000 6.38200000 1009.55000 124.78000 16.51900 90.24900
15 1 21 05 22 31959.20000 6.38200000 1009.20000 124.77000 16.51900 90.24900
15 1 21 05 22 31951.70000 6.38200000 1009.20000 124.77000 16.51900 90.24900
15 1 21 05 23 31943.70000 6.38200000 1008.89000 124.43000 16.51900 90.24900
15 1 21 05 23 31966.10000 6.41000000 1008.63000 124.43000 16.51900 90.24900
15 1 21 05 23 31935.30000 6.41000000 1008.63000 124.28000 16.51900 90.24900
15 1 21 05 24 31953.00000 6.41000000 1008.40000 123.89000 16.51900 90.24900
15 1 21 05 24 31949.60000 6.41000000 1009.94000 123.89000 16.51900 90.24900
15 1 21 05 25 31964.20000 6.41000000 1009.88000 124.04000 16.51900 90.24900
15 1 21 05 25 31952.30000 6.40400000 1009.90000 124.26000 16.51900 90.24900
15 1 21 05 26 31946.80000 6.40400000 1009.77000 124.26000 16.51900 90.27000
15 1 21 05 26 31946.90000 6.40400000 1009.70000 124.26000 16.51900 90.27000
15 1 21 05 26 31946.90000 6.40400000 1010.00000 124.14000 16.51900 90.27000
15 1 21 05 27 31946.90000 6.40400000 1010.00000 124.14000 16.51900 90.27000
15 1 21 05 27 31947.00000 6.40400000 1009.81000 124.08000 16.51900 90.27000
15 1 21 05 28 31946.90000 6.40400000 1009.95000 124.08000 16.51900 90.11000
15 1 21 05 28 31946.90000 6.40400000 1009.53000 124.08000 16.51900 90.11000
15 1 21 05 29 31999.90000 6.40400000 1012.16000 124.30000 16.51900 90.11000
15 1 21 05 29 32015.70000 6.40400000 1011.67000 124.30000 16.51900 90.11000
15 1 21 05 29 31970.00000 6.40400000 1010.74000 124.19000 16.51900 90.11000
15 1 21 05 30 31933.30000 6.40400000 1009.74000 123.96000 16.51900 90.11000
15 1 21 05 30 31915.00000 6.40400000 1008.01000 123.85000 16.51900 90.30100
15 1 21 05 31 31900.00000 6.40400000 1008.00000 123.84000 16.51900 90.30100
15 1 21 05 31 31881.90000 6.40400000 1008.00000 123.84000 16.51900 90.30100
15 1 21 05 32 31866.10000 6.40400000 1007.50000 123.84000 16.51900 89.85100
15 1 21 05 32 31870.00000 6.40400000 1007.14000 123.86000 16.51900 89.85100
15 1 21 05 32 31863.10000 6.40400000 1007.13000 123.84000 16.51900 89.85100
15 1 21 05 33 31857.80000 6.40400000 1006.04000 123.84000 16.51900 89.85100
15 1 21 05 33 31855.50000 6.40400000 1006.57000 123.84000 16.51900 89.85100
15 1 21 05 34 31855.00000 6.40400000 1006.57000 123.84000 16.51900 89.85100
15 1 21 05 34 31855.00000 6.40400000 1006.15000 123.70000 16.51900 89.85100
15 1 21 05 35 31865.10000 6.40400000 1006.16000 123.69000 16.51900 90.05900
15 1 21 05 35 31855.00000 6.40400000 1006.45000 123.69000 16.51900 90.05900
15 1 21 05 35 31852.90000 6.40000000 1005.43000 123.71000 16.51900 90.05900
15 1 21 05 36 31850.70000 6.40000000 1006.31000 123.77000 16.51900 90.05900
15 1 21 05 36 31838.10000 6.40000000 1006.30000 123.66000 16.51900 90.05900
15 1 21 05 37 31823.60000 6.41300000 1005.67000 123.66000 16.51900 90.05900
15 1 21 05 37 31811.00000 6.41300000 1005.94000 123.66000 16.51900 90.05900
15 1 21 05 38 31821.60000 6.41300000 1005.49000 123.64000 16.51900 90.05900
15 1 21 05 38 31807.70000 6.41300000 1005.77000 123.70000 16.51900 90.05900
15 1 21 05 38 31776.50000 6.41300000 1004.43000 123.69000 16.51900 90.05900
15 1 21 05 39 31778.70000 6.37900000 1003.96000 123.63000 16.51900 90.05900
15 1 21 05 39 31770.80000 6.37900000 1003.73000 123.62000 16.51900 90.05900
15 1 21 05 40 31860.60000 6.37900000 1004.75000 123.70000 16.51900 90.18000
15 1 21 05 40 31775.00000 6.37900000 1004.75000 123.64000 16.51900 90.18000
15 1 21 05 41 31768.90000 6.37900000 1004.75000 123.64000 16.51900 90.18000
15 1 21 05 41 31782.00000 6.37900000 1003.15000 123.55000 16.51900 90.18000
15 1 21 05 41 31765.30000 6.40900000 1003.15000 123.56000 16.51900 90.18000
15 1 21 05 42 31766.70000 6.40900000 1004.45000 123.73000 16.51900 90.18000
15 1 21 05 42 31761.00000 6.40900000 1004.45000 123.49000 16.51900 90.18000
15 1 21 05 43 31770.70000 6.40900000 1003.26000 123.75000 16.51900 90.18000
15 1 21 05 43 31768.20000 6.40900000 1003.26000 123.57000 16.51900 90.18000
15 1 21 05 44 31753.20000 6.40900000 1003.26000 123.62000 16.51900 90.18000
15 1 21 05 44 31777.70000 6.40900000 1002.63000 123.53000 16.51900 90.18000
15 1 21 05 44 31750.00000 6.40900000 1003.06000 123.58000 16.51900 90.18000
15 1 21 05 45 31724.40000 6.40900000 1000.69000 123.45000 16.51900 90.18000
15 1 21 05 45 31728.80000 6.40900000 1000.99000 123.45000 16.51900 90.18000
15 1 21 05 46 31673.40000 6.40900000 999.49000 123.48000 16.51900 90.18000
15 1 21 05 46 31600.00000 6.40900000 1000.00000 123.39000 16.51900 90.18000
15 1 21 05 47 31584.20000 6.33000000 997.54000 123.05000 16.51900 90.18000
15 1 21 05 47 31503.50000 6.33000000 997.01000 122.95000 16.23100 90.18000
15 1 21 05 47 31445.70000 6.33000000 994.99000 122.60000 16.28100 89.10800
15 1 21 05 48 31508.10000 6.33000000 996.41000 122.54000 16.28100 89.10800
15 1 21 05 48 31477.30000 6.33000000 995.48000 122.80000 16.28100 89.10800
15 1 21 05 49 31473.70000 6.33000000 994.78000 122.68000 16.31000 89.10800
15 1 21 05 49 31484.60000 6.33000000 995.30000 122.68000 16.31000 89.10800
15 1 21 05 50 31509.20000 6.33000000 995.97000 122.67000 16.31000 88.87100
15 1 21 05 50 31456.10000 6.33000000 993.31000 122.46000 16.28800 88.78000
15 1 21 05 50 31492.60000 6.33000000 994.80000 122.51000 16.28800 88.70100
15 1 21 05 51 31452.80000 6.33000000 992.40000 122.55000 16.28800 88.70100
15 1 21 05 51 31421.90000 6.30800000 990.77000 122.00000 16.28800 88.70100
15 1 21 05 52 31390.90000 6.30800000 990.65000 121.59000 16.28800 88.70100
15 1 21 05 52 31379.50000 6.28400000 987.22000 121.83000 16.28800 88.52600
15 1 21 05 53 31379.50000 6.27100000 988.46000 121.68000 16.28800 88.50000
15 1 21 05 53 31371.90000 6.27100000 988.08000 121.77000 16.28800 88.42300
15 1 21 05 53 31372.90000 6.27100000 987.08000 121.60000 16.28800 88.42300
15 1 21 05 54 31350.00000 6.27100000 985.38000 121.49000 16.28800 88.16200
15 1 21 05 54 31300.20000 6.25000000 983.56000 121.47000 16.30700 88.16200
15 1 21 05 55 31292.30000 6.28000000 984.00000 121.30000 16.30700 88.16200
