M=[
20 9 20 23 07 9216.80000 5.01200000 312.99000 39.57000 13.01900 48.77500
20 9 20 23 07 9222.30000 5.01200000 312.97000 39.57000 13.01900 48.77500
20 9 20 23 08 9222.50000 5.01200000 312.97000 39.57000 13.01900 48.77500
20 9 20 23 08 9235.60000 5.01200000 312.90000 39.57000 13.01900 48.77500
20 9 20 23 09 9236.00000 5.01200000 312.90000 39.57000 13.01900 48.77500
20 9 20 23 09 9236.70000 5.01200000 312.90000 39.57000 13.01900 48.77500
20 9 20 23 10 9236.60000 5.01200000 312.72000 39.57000 13.05000 48.77500
20 9 20 23 10 9238.10000 5.01200000 312.72000 39.57000 13.05000 48.77500
20 9 20 23 10 9238.30000 5.01200000 312.72000 39.57000 13.06000 48.77500
20 9 20 23 11 9238.30000 5.01200000 312.72000 39.57000 13.06000 48.77500
20 9 20 23 11 9238.30000 5.01200000 312.72000 39.57000 13.06000 48.77500
20 9 20 23 12 9235.90000 5.01200000 313.23000 39.57000 13.06000 48.77500
20 9 20 23 12 9235.90000 5.01200000 314.00000 39.69000 13.06000 48.77500
20 9 20 23 13 9235.80000 5.01200000 314.00000 39.69000 13.06000 48.77500
20 9 20 23 13 9237.10000 5.01200000 314.25000 39.69000 13.06000 48.77500
20 9 20 23 13 9237.10000 5.01200000 313.86000 39.69000 13.06000 48.77500
20 9 20 23 14 9233.30000 5.01200000 313.86000 39.69000 13.12700 48.77500
20 9 20 23 14 9233.20000 5.01200000 313.86000 39.69000 13.12700 48.86100
20 9 20 23 15 9233.30000 5.01200000 314.22000 39.69000 13.12700 48.86100
20 9 20 23 15 9235.10000 5.01200000 314.22000 39.69000 13.12700 48.92600
20 9 20 23 16 9236.30000 5.01200000 314.15000 39.69000 13.12700 48.92600
20 9 20 23 16 9236.80000 5.01200000 314.20000 39.69000 13.12700 48.92600
20 9 20 23 16 9236.40000 5.01200000 314.25000 39.69000 13.12700 48.92600
20 9 20 23 17 9235.20000 5.01200000 314.26000 39.69000 13.15000 48.92600
20 9 20 23 17 9235.20000 5.01200000 314.28000 39.69000 13.15000 48.92600
20 9 20 23 18 9234.00000 5.10700000 314.27000 39.69000 13.15000 48.92600
20 9 20 23 18 9233.90000 5.10700000 314.31000 39.69000 13.15000 48.92600
20 9 20 23 19 9233.90000 5.10700000 314.35000 39.69000 13.15000 48.92600
20 9 20 23 19 9233.90000 5.10700000 314.35000 39.69000 13.15000 48.92600
20 9 20 23 20 9234.00000 5.10900000 314.35000 39.69000 13.15400 48.92600
20 9 20 23 20 9234.00000 5.10900000 314.35000 39.69000 13.15400 48.92600
20 9 20 23 20 9233.30000 5.10900000 314.07000 39.69000 13.15400 48.92600
20 9 20 23 21 9228.00000 5.10900000 314.00000 39.69000 13.15400 48.92600
20 9 20 23 21 9226.80000 5.10900000 314.00000 39.69000 13.15400 48.92600
20 9 20 23 22 9226.90000 5.10900000 314.00000 39.69000 13.15400 48.92600
20 9 20 23 22 9226.90000 5.10900000 314.00000 39.69000 13.15400 48.92600
20 9 20 23 23 9228.10000 5.10900000 314.00000 39.69000 13.15400 48.92600
20 9 20 23 23 9228.90000 5.10900000 314.51000 39.69000 13.15400 48.92600
20 9 20 23 23 9228.90000 5.10900000 314.51000 39.69000 13.15400 48.92600
20 9 20 23 24 9228.20000 5.10900000 314.29000 39.69000 13.15400 48.92600
20 9 20 23 24 9228.10000 5.10900000 314.30000 39.69000 13.15400 48.92600
20 9 20 23 25 9225.20000 5.10900000 314.30000 39.69000 13.15400 48.92600
20 9 20 23 25 9225.20000 5.10900000 314.20000 39.69000 13.32600 48.92600
20 9 20 23 26 9225.20000 5.10900000 314.20000 39.69000 13.32600 48.92600
20 9 20 23 26 9227.80000 5.10900000 314.19000 39.69000 13.32600 48.92600
20 9 20 23 26 9227.90000 5.10900000 314.39000 39.69000 13.33400 48.92600
20 9 20 23 27 9226.30000 5.10900000 314.39000 39.69000 13.33400 48.92600
20 9 20 23 27 9226.30000 5.10900000 314.20000 39.69000 13.37700 48.92600
20 9 20 23 28 9224.40000 5.10900000 314.20000 39.69000 13.46900 48.92600
20 9 20 23 28 9220.60000 5.10900000 314.20000 39.69000 13.46900 48.92600
20 9 20 23 29 9220.90000 5.10900000 314.24000 39.69000 13.46900 48.92600
20 9 20 23 29 9220.90000 5.10900000 314.24000 39.69000 13.28700 48.92600
20 9 20 23 29 9220.90000 5.10900000 314.27000 39.69000 13.28700 48.92600
20 9 20 23 30 9228.70000 5.10900000 314.27000 39.69000 13.30400 48.92600
20 9 20 23 30 9228.80000 5.10900000 314.27000 39.69000 13.30400 48.92600
20 9 20 23 31 9228.90000 5.06200000 314.32000 39.69000 13.30400 48.92600
20 9 20 23 31 9222.20000 5.06200000 313.87000 39.69000 13.30400 48.92600
20 9 20 23 32 9222.50000 5.06200000 313.87000 39.69000 13.30400 48.92600
20 9 20 23 32 9222.60000 5.06200000 313.57000 39.69000 13.30400 48.92600
20 9 20 23 33 9222.60000 5.06200000 313.57000 39.69000 13.27000 48.92600
20 9 20 23 33 9222.50000 5.06200000 313.58000 39.69000 13.26300 48.92600
20 9 20 23 33 9222.50000 5.06200000 313.58000 39.69000 13.26300 48.92600
20 9 20 23 34 9222.60000 5.06200000 313.46000 39.69000 13.26300 48.92600
20 9 20 23 34 9217.00000 5.06200000 313.46000 39.69000 13.26300 48.92600
20 9 20 23 35 9219.90000 5.06200000 313.68000 39.69000 13.26300 48.92600
20 9 20 23 35 9219.50000 5.06200000 313.68000 39.69000 13.26300 48.92600
20 9 20 23 36 9219.50000 5.06200000 313.68000 39.82000 13.26300 48.92600
20 9 20 23 36 9221.00000 5.06200000 314.15000 39.82000 13.26300 48.92600
20 9 20 23 36 9222.50000 5.06200000 314.30000 39.85000 13.26300 48.92600
20 9 20 23 37 9222.50000 5.06200000 314.30000 39.85000 13.26300 48.92600
20 9 20 23 37 9222.50000 5.06200000 314.30000 39.85000 13.26300 48.92600
20 9 20 23 38 9227.40000 5.06200000 314.30000 39.85000 13.26300 48.92600
20 9 20 23 38 9227.40000 5.06200000 314.30000 39.85000 13.26300 48.92600
20 9 20 23 39 9227.40000 5.06200000 314.30000 39.85000 13.26300 48.92600
20 9 20 23 39 9227.40000 5.06200000 314.27000 39.85000 13.26300 48.80700
20 9 20 23 39 9227.40000 5.06200000 314.40000 39.85000 13.26300 48.80700
20 9 20 23 40 9234.50000 5.06200000 314.42000 39.85000 13.26300 48.80700
20 9 20 23 40 9234.50000 5.06200000 314.16000 39.85000 13.26300 48.80700
20 9 20 23 41 9233.90000 5.06200000 314.08000 39.85000 13.26300 48.80700
20 9 20 23 41 9233.20000 5.06200000 314.17000 39.85000 13.26300 48.80700
20 9 20 23 42 9233.20000 5.06200000 314.17000 39.85000 13.26300 48.80700
20 9 20 23 42 9233.20000 5.06200000 314.21000 39.85000 13.26300 48.80700
20 9 20 23 42 9234.80000 5.06200000 314.25000 39.85000 13.26300 48.80700
20 9 20 23 43 9235.10000 5.06200000 314.41000 39.85000 13.26300 48.80700
20 9 20 23 43 9239.80000 5.06200000 314.54000 39.85000 13.26300 48.80700
20 9 20 23 44 9239.90000 5.06200000 314.54000 39.83000 13.26300 48.80700
20 9 20 23 44 9240.00000 5.06200000 314.54000 39.83000 13.25000 48.80700
20 9 20 23 45 9240.00000 5.06200000 314.32000 39.83000 13.25000 48.80700
20 9 20 23 45 9234.80000 5.06200000 314.32000 39.83000 13.25000 48.80700
20 9 20 23 45 9235.80000 5.06200000 314.32000 39.83000 13.25000 48.80700
20 9 20 23 46 9235.80000 5.06200000 314.13000 39.83000 13.25000 48.80700
20 9 20 23 46 9238.20000 5.06200000 314.13000 39.83000 13.25000 48.80700
20 9 20 23 47 9238.20000 5.06200000 314.13000 39.83000 13.25000 48.80700
20 9 20 23 47 9238.20000 5.06200000 314.13000 39.83000 13.25000 48.80700
20 9 20 23 48 9239.40000 5.06200000 314.40000 39.83000 13.25000 48.80700
20 9 20 23 48 9239.40000 5.06200000 314.31000 39.83000 13.25000 48.80700
20 9 20 23 49 9240.00000 5.06200000 314.12000 39.83000 13.25000 48.80700
20 9 20 23 49 9240.00000 5.06200000 314.16000 39.83000 13.25000 48.80700
20 9 20 23 49 9239.90000 5.06200000 314.05000 39.83000 13.25000 48.80700
20 9 20 23 50 9239.90000 5.06200000 314.05000 39.83000 13.25000 48.80700
20 9 20 23 50 9239.90000 5.06200000 314.05000 39.83000 13.25000 48.80700
20 9 20 23 51 9239.90000 5.06200000 314.05000 39.83000 13.25000 48.80700
20 9 20 23 51 9239.90000 5.06200000 313.70000 39.83000 13.37400 48.80700
20 9 20 23 52 9228.60000 5.06200000 313.46000 39.83000 13.37400 48.80700
20 9 20 23 52 9229.60000 5.06200000 313.61000 39.83000 13.37400 48.80700
20 9 20 23 52 9230.10000 5.10000000 313.61000 39.83000 13.37400 48.80700
20 9 20 23 53 9229.90000 5.10000000 313.61000 39.83000 13.37400 48.80700
20 9 20 23 53 9228.70000 5.10000000 313.41000 39.83000 13.37400 48.80700
20 9 20 23 54 9228.70000 5.10000000 313.41000 39.83000 13.37400 48.80700
