M=[
 4 6 20 22 14 8621.00000 6.10700000 213.68000 41.71000 12.74300 45.69800
 4 6 20 22 15 8620.90000 6.10600000 213.68000 41.78000 12.74300 45.69800
 4 6 20 22 15 8618.90000 6.10600000 213.50000 41.71000 12.74300 45.69800
 4 6 20 22 16 8621.00000 6.10600000 213.29000 41.71000 12.74300 45.69800
 4 6 20 22 16 8617.40000 6.10600000 213.30000 41.71000 12.74300 45.69800
 4 6 20 22 17 8617.40000 6.10600000 213.38000 41.71000 12.74300 45.69800
 4 6 20 22 17 8619.20000 6.10600000 213.44000 41.71000 12.74300 45.69800
 4 6 20 22 18 8617.40000 6.10600000 213.37000 41.71000 12.74300 45.69800
 4 6 20 22 18 8617.40000 6.10600000 213.37000 41.71000 12.74300 45.69800
 4 6 20 22 18 8613.20000 6.10700000 213.37000 41.71000 12.74300 45.69800
 4 6 20 22 19 8613.60000 6.10600000 213.37000 41.71000 12.74300 45.69800
 4 6 20 22 19 8612.80000 6.10600000 213.33000 41.71000 12.74300 45.69800
 4 6 20 22 20 8611.00000 6.10600000 213.31000 41.71000 12.74300 45.69800
 4 6 20 22 20 8609.80000 6.10600000 213.29000 41.71000 12.74000 45.69800
 4 6 20 22 21 8613.60000 6.10600000 213.29000 41.71000 12.74300 45.69800
 4 6 20 22 21 8613.10000 6.10600000 213.29000 41.78000 12.74300 45.69800
 4 6 20 22 22 8614.10000 6.10600000 213.29000 41.71000 12.68800 45.69800
 4 6 20 22 22 8617.00000 6.10600000 213.29000 41.71000 12.68800 45.69800
 4 6 20 22 23 8623.40000 6.10000000 213.79000 41.71000 12.68800 45.69800
 4 6 20 22 23 8625.20000 6.10000000 213.80000 41.75000 12.68800 45.69800
 4 6 20 22 24 8625.30000 6.10000000 214.08000 41.71000 12.68800 45.69800
 4 6 20 22 25 8625.30000 6.11400000 214.38000 41.71000 12.68800 45.69800
 4 6 20 22 25 8626.20000 6.11400000 214.43000 41.71000 12.68800 45.69800
 4 6 20 22 25 8629.00000 6.11400000 214.43000 41.71000 12.74700 45.69800
 4 6 20 22 26 8630.00000 6.11400000 214.55000 41.71000 12.74700 45.69800
 4 6 20 22 26 8631.50000 6.10600000 214.62000 41.83000 12.68800 45.69800
 4 6 20 22 27 8633.00000 6.11400000 215.05000 41.83000 12.74700 45.69800
 4 6 20 22 27 8633.00000 6.11400000 215.05000 41.86000 12.74700 45.69800
 4 6 20 22 28 8628.00000 6.11400000 215.05000 41.83000 12.74700 45.69800
 4 6 20 22 28 8634.70000 6.11400000 215.00000 41.87000 12.74700 45.81600
 4 6 20 22 29 8634.60000 6.11400000 215.00000 41.87000 12.74700 45.69800
 4 6 20 22 29 8628.00000 6.11400000 215.00000 41.82000 12.74700 45.69800
 4 6 20 22 30 8628.70000 6.11400000 215.00000 41.83000 12.74700 45.69800
 4 6 20 22 30 8628.60000 6.10000000 214.67000 41.82000 12.68000 45.69800
 4 6 20 22 31 8626.90000 6.10600000 215.00000 41.82000 12.68000 45.69800
 4 6 20 22 31 8630.60000 6.11400000 214.80000 41.85000 12.68000 45.69800
 4 6 20 22 31 8631.00000 6.11400000 214.80000 41.85000 12.74700 45.69800
 4 6 20 22 32 8631.10000 6.11400000 214.50000 41.85000 12.68800 45.81600
 4 6 20 22 32 8631.10000 6.11400000 214.50000 41.85000 12.74700 45.69800
 4 6 20 22 33 8631.10000 6.11400000 214.50000 41.85000 12.68000 45.69800
 4 6 20 22 33 8632.90000 6.11400000 214.50000 41.86000 12.65200 45.69800
 4 6 20 22 34 8634.00000 6.11400000 214.50000 41.88000 12.61200 45.69800
 4 6 20 22 34 8638.90000 6.11400000 214.50000 41.88000 12.63700 45.69800
 4 6 20 22 35 8640.00000 6.11400000 215.05000 41.96000 12.63700 45.69800
 4 6 20 22 35 8649.90000 6.11400000 214.97000 41.96000 12.63700 45.69800
 4 6 20 22 36 8651.50000 6.11400000 215.24000 41.96000 12.62400 45.69800
 4 6 20 22 36 8651.30000 6.11400000 215.13000 41.96000 12.62400 45.69800
 4 6 20 22 37 8650.30000 6.11400000 215.13000 41.96000 12.63700 45.69800
 4 6 20 22 37 8650.00000 6.11400000 215.13000 41.96000 12.62400 45.69800
 4 6 20 22 38 8650.00000 6.08800000 215.13000 41.96000 12.62400 45.69800
 4 6 20 22 38 8650.00000 6.11400000 215.13000 41.96000 12.62400 45.69800
 4 6 20 22 39 8650.00000 6.11400000 215.14000 41.96000 12.62400 45.69800
 4 6 20 22 39 8650.00000 6.10000000 215.14000 41.96000 12.62400 45.69800
 4 6 20 22 40 8650.00000 6.11400000 215.14000 41.96000 12.62400 45.69800
 4 6 20 22 40 8649.00000 6.11400000 214.82000 41.96000 12.62400 45.81600
 4 6 20 22 41 8649.00000 6.11400000 214.82000 41.96000 12.62400 45.69800
 4 6 20 22 41 8649.00000 6.10000000 214.82000 41.96000 12.62400 45.69800
 4 6 20 22 41 8642.50000 6.11400000 214.82000 41.96000 12.63700 45.96200
 4 6 20 22 42 8642.30000 6.11400000 214.82000 41.96000 12.62400 45.96200
 4 6 20 22 42 8642.30000 6.11400000 214.82000 41.96000 12.63700 45.96200
 4 6 20 22 43 8647.40000 6.11400000 214.81000 41.96000 12.59000 45.96200
 4 6 20 22 43 8649.00000 6.11400000 214.81000 41.96000 12.59000 45.96200
 4 6 20 22 44 8654.80000 6.11400000 214.81000 41.96000 12.59000 45.96200
 4 6 20 22 44 8659.90000 6.11400000 215.15000 41.90000 12.59000 46.01900
 4 6 20 22 45 8660.00000 6.11400000 215.24000 41.96000 12.59000 46.01900
 4 6 20 22 45 8655.60000 6.11400000 215.24000 41.96000 12.59000 46.01900
 4 6 20 22 46 8655.50000 6.11400000 215.21000 41.96000 12.59000 46.01900
 4 6 20 22 46 8662.90000 6.11400000 215.23000 41.96000 12.59000 46.01900
 4 6 20 22 47 8662.50000 6.08800000 215.21000 41.96000 12.59000 46.01900
 4 6 20 22 47 8663.00000 6.11400000 215.23000 41.96000 12.60600 46.01900
 4 6 20 22 48 8664.30000 6.11400000 215.24000 41.96000 12.60600 46.01900
 4 6 20 22 48 8664.30000 6.11400000 215.24000 41.96000 12.60600 45.96200
 4 6 20 22 49 8664.10000 6.11400000 215.24000 41.96000 12.60600 46.01900
 4 6 20 22 49 8665.80000 6.11400000 215.24000 41.96000 12.60600 46.01900
 4 6 20 22 50 8668.20000 6.11400000 215.24000 41.96000 12.60600 46.01900
 4 6 20 22 50 8668.20000 6.11400000 215.24000 41.96000 12.60600 46.01900
 4 6 20 22 51 8668.20000 6.11400000 215.17000 41.96000 12.60600 45.77100
 4 6 20 22 51 8680.00000 6.10000000 215.17000 41.96000 12.60600 46.01900
 4 6 20 22 52 8679.90000 6.11400000 215.24000 41.96000 12.60600 46.01900
 4 6 20 22 52 8668.10000 6.11400000 215.24000 41.96000 12.60600 46.01900
 4 6 20 22 53 8678.10000 6.11400000 215.24000 41.96000 12.60600 46.01900
 4 6 20 22 53 8677.30000 6.11400000 215.24000 41.96000 12.60600 46.01900
 4 6 20 22 54 8679.50000 6.11400000 215.24000 41.96000 12.60600 46.01900
 4 6 20 22 54 8679.90000 6.11400000 215.24000 41.94000 12.60600 46.01900
 4 6 20 22 55 8679.90000 6.11400000 215.24000 41.94000 12.60600 46.01900
 4 6 20 22 55 8681.10000 6.11400000 215.24000 41.94000 12.59000 45.81600
 4 6 20 22 56 8684.10000 6.11400000 215.24000 41.94000 12.60600 46.01900
 4 6 20 22 56 8684.60000 6.11400000 215.43000 41.94000 12.60600 45.96200
 4 6 20 22 57 8682.90000 6.11400000 215.43000 41.94000 12.60600 46.01900
 4 6 20 22 57 8682.90000 6.08800000 215.43000 41.94000 12.60600 46.01900
 4 6 20 22 58 8678.90000 6.11400000 215.42000 41.94000 12.60600 46.01900
 4 6 20 22 58 8679.20000 6.11400000 215.25000 41.94000 12.60600 46.01900
 4 6 20 22 59 8678.90000 6.11400000 215.25000 41.94000 12.60600 46.01900
 4 6 20 22 59 8671.20000 6.11400000 215.24000 41.94000 12.60600 46.01900
 4 6 20 23 00 8668.30000 6.11400000 215.24000 41.90000 12.60600 46.01900
 4 6 20 23 00 8676.20000 6.11400000 215.24000 41.94000 12.60600 46.01900
 4 6 20 23 01 8671.40000 6.11400000 215.24000 41.90000 12.60600 46.01900
 4 6 20 23 01 8674.40000 6.11400000 215.24000 41.90000 12.60600 46.01900
 4 6 20 23 02 8674.70000 6.11400000 215.24000 41.90000 12.60600 46.01900
 4 6 20 23 02 8675.00000 6.11400000 215.09000 41.90000 12.60600 46.01900
 4 6 20 23 02 8678.00000 6.10000000 215.08000 41.90000 12.60600 45.81600
 4 6 20 23 03 8677.60000 6.11400000 215.33000 41.90000 12.60600 46.01900
 4 6 20 23 03 8678.00000 6.11400000 215.33000 41.90000 12.60600 46.01900
 4 6 20 23 04 8675.60000 6.11400000 215.33000 41.90000 12.60600 46.01900
 4 6 20 23 04 8677.90000 6.11400000 215.18000 41.90000 12.60600 46.01900
 4 6 20 23 05 8677.80000 6.08800000 215.18000 41.90000 12.60600 46.01900
 4 6 20 23 05 8677.90000 6.10600000 215.18000 41.90000 12.60600 46.01900
 4 6 20 23 06 8677.90000 6.10600000 215.18000 41.90000 12.60600 46.01900
 4 6 20 23 06 8678.70000 6.11400000 215.18000 41.90000 12.60600 46.01900
