M=[
16 3 21 10 44 46738.50000 10.33500000 1502.78000 169.10000 25.30900 115.44300
16 3 21 10 44 46713.70000 10.33500000 1502.22000 168.93000 25.30900 115.44300
16 3 21 10 45 46732.70000 10.33500000 1502.96000 168.98000 25.30900 115.44300
16 3 21 10 45 46779.10000 10.33500000 1503.85000 168.98000 25.30900 115.44300
16 3 21 10 45 46859.10000 10.35400000 1503.85000 169.39000 25.30900 115.44300
16 3 21 10 46 46836.20000 10.35400000 1504.52000 169.39000 25.30900 115.44300
16 3 21 10 46 46800.90000 10.35400000 1504.41000 169.30000 25.30900 115.44300
16 3 21 10 47 46799.90000 10.35400000 1504.42000 169.17000 25.30900 115.44300
16 3 21 10 47 46800.00000 10.35400000 1505.19000 169.17000 25.30900 115.44300
16 3 21 10 48 46761.50000 10.35400000 1504.53000 169.17000 25.30900 115.44300
16 3 21 10 48 46799.90000 10.35400000 1504.53000 169.43000 25.30900 115.44300
16 3 21 10 49 46799.80000 10.35400000 1505.63000 169.43000 25.30900 115.44300
16 3 21 10 49 46800.00000 10.35400000 1506.29000 169.44000 25.30900 115.44300
16 3 21 10 49 46822.20000 10.35400000 1506.29000 169.44000 25.30900 115.44300
16 3 21 10 50 46822.20000 10.35400000 1506.30000 169.44000 25.30900 115.44300
16 3 21 10 50 46854.40000 10.35400000 1508.29000 169.44000 25.30900 115.76200
16 3 21 10 51 46849.30000 10.35400000 1508.57000 169.61000 25.30900 115.76200
16 3 21 10 51 46844.30000 10.35400000 1507.76000 169.63000 25.30900 115.76200
16 3 21 10 52 46830.60000 10.35400000 1507.60000 169.63000 25.30900 115.76200
16 3 21 10 52 46828.70000 10.35400000 1507.60000 169.48000 25.30900 115.76200
16 3 21 10 52 46876.60000 10.35400000 1508.31000 169.48000 25.30900 115.76200
16 3 21 10 53 46882.10000 10.35400000 1508.58000 169.70000 25.30900 115.76200
16 3 21 10 53 46903.80000 10.35400000 1508.58000 169.73000 25.30900 115.76200
16 3 21 10 54 46943.00000 10.37700000 1509.50000 170.00000 25.30900 115.85600
16 3 21 10 54 46918.10000 10.37700000 1509.07000 170.00000 25.30900 115.85600
16 3 21 10 55 46931.10000 10.37700000 1508.61000 170.00000 25.30900 115.85600
16 3 21 10 55 46943.40000 10.37700000 1509.09000 169.68000 25.30900 115.85600
16 3 21 10 55 46961.50000 10.37700000 1508.59000 169.78000 25.30900 115.85600
16 3 21 10 56 46920.60000 10.37700000 1508.47000 169.77000 25.30900 115.85600
16 3 21 10 56 46879.50000 10.37700000 1507.98000 169.61000 25.30900 115.85600
16 3 21 10 57 46832.10000 10.37700000 1507.67000 169.61000 25.30900 115.85600
16 3 21 10 57 46830.00000 10.37700000 1507.00000 169.61000 25.30900 115.85600
16 3 21 10 58 46826.40000 10.37700000 1506.70000 169.59000 25.44500 115.85600
16 3 21 10 58 46825.20000 10.37700000 1506.69000 169.57000 25.44500 115.85600
16 3 21 10 58 46810.90000 10.37700000 1506.52000 169.56000 25.44500 115.85600
16 3 21 10 59 46800.10000 10.37700000 1506.51000 169.56000 25.44500 115.85600
16 3 21 10 59 46803.50000 10.37700000 1504.91000 169.33000 25.44500 115.36800
16 3 21 11 00 46789.00000 10.37700000 1505.97000 169.42000 25.44500 115.36800
16 3 21 11 00 46817.90000 10.38600000 1505.14000 169.40000 25.44500 115.36800
16 3 21 11 01 46800.10000 10.38600000 1505.31000 169.27000 25.44500 115.36800
16 3 21 11 01 46745.40000 10.37800000 1504.08000 169.27000 25.44500 115.36800
16 3 21 11 02 46704.70000 10.37800000 1503.00000 169.15000 25.44500 115.36800
16 3 21 11 02 46700.10000 10.34900000 1502.23000 168.65000 25.44500 115.36800
16 3 21 11 02 46669.30000 10.34900000 1501.45000 168.66000 25.44500 115.36800
16 3 21 11 03 46669.40000 10.34900000 1501.39000 168.69000 25.44500 115.36800
16 3 21 11 03 46627.00000 10.34900000 1501.01000 168.61000 25.44500 115.36800
16 3 21 11 04 46649.90000 10.34900000 1500.26000 168.64000 25.44500 115.36800
16 3 21 11 04 46600.10000 10.34900000 1500.00000 168.59000 25.44500 115.36800
16 3 21 11 05 46630.40000 10.34900000 1500.40000 168.19000 25.44500 115.36800
16 3 21 11 05 46600.10000 10.34900000 1500.33000 168.35000 25.44500 115.36800
16 3 21 11 05 46708.50000 10.34000000 1503.21000 168.97000 25.44500 115.36800
16 3 21 11 06 46669.70000 10.34000000 1503.34000 168.93000 25.44500 115.36800
16 3 21 11 06 46723.30000 10.34000000 1504.96000 169.06000 25.44500 115.36800
16 3 21 11 07 46724.60000 10.34000000 1505.64000 169.06000 25.44500 115.36800
16 3 21 11 07 46659.00000 10.34000000 1503.68000 168.91000 25.44500 115.36800
16 3 21 11 08 46671.10000 10.36100000 1503.73000 168.89000 25.44500 115.36800
16 3 21 11 08 46591.40000 10.36100000 1501.67000 168.72000 25.44500 115.36800
16 3 21 11 08 46603.10000 10.36100000 1503.02000 168.79000 25.44500 115.36800
16 3 21 11 09 46600.30000 10.36100000 1502.96000 168.66000 25.44500 115.36800
16 3 21 11 09 46642.70000 10.36100000 1504.55000 168.66000 25.44500 115.36800
16 3 21 11 10 46643.50000 10.36100000 1505.40000 168.94000 25.44500 115.36800
16 3 21 11 10 46639.00000 10.36100000 1505.74000 168.96000 25.44500 115.36800
16 3 21 11 11 46640.50000 10.36100000 1504.87000 168.96000 25.44500 115.36800
16 3 21 11 11 46703.90000 10.36100000 1505.70000 168.97000 25.44500 115.36800
16 3 21 11 11 46688.30000 10.36100000 1505.70000 169.10000 25.44500 115.36800
16 3 21 11 12 46700.00000 10.36100000 1506.98000 169.10000 25.44500 115.36800
16 3 21 11 12 46700.00000 10.36100000 1506.99000 169.03000 25.44500 115.36800
16 3 21 11 13 46717.70000 10.36100000 1507.00000 169.03000 25.44500 115.36800
16 3 21 11 13 46731.00000 10.36100000 1506.99000 169.29000 25.44500 115.36800
16 3 21 11 14 46719.90000 10.36100000 1507.00000 169.29000 25.44500 115.36800
16 3 21 11 14 46700.00000 10.36100000 1506.97000 169.35000 25.44500 115.36800
16 3 21 11 14 46702.60000 10.34000000 1506.17000 169.35000 25.44500 115.36800
16 3 21 11 15 46666.00000 10.34000000 1506.21000 169.35000 25.44500 115.36800
16 3 21 11 15 46690.70000 10.34000000 1505.82000 169.35000 25.44500 115.36800
16 3 21 11 16 46651.60000 10.34000000 1506.02000 169.32000 25.44500 115.36800
16 3 21 11 16 46651.60000 10.34000000 1505.00000 169.32000 25.44500 115.36800
16 3 21 11 17 46639.10000 10.34000000 1501.97000 169.01000 25.44500 115.36800
16 3 21 11 17 46651.30000 10.34000000 1503.92000 169.01000 25.44500 114.96800
16 3 21 11 18 46648.20000 10.34000000 1503.92000 169.01000 25.44500 114.96800
16 3 21 11 18 46639.00000 10.34000000 1502.49000 168.96000 25.44500 114.96800
16 3 21 11 18 46611.10000 10.34000000 1502.92000 168.96000 25.44500 114.96800
16 3 21 11 19 46651.50000 10.34000000 1504.48000 169.26000 25.44500 114.96800
16 3 21 11 19 46608.70000 10.34000000 1504.47000 169.26000 25.44500 114.96800
16 3 21 11 20 46528.10000 10.34000000 1502.52000 169.26000 25.44500 114.96800
16 3 21 11 20 46519.90000 10.34000000 1501.36000 169.26000 25.44500 114.87800
16 3 21 11 21 46519.40000 10.34000000 1501.48000 169.26000 25.44500 114.87800
16 3 21 11 21 46576.00000 10.34000000 1503.56000 169.02000 25.44500 114.87800
16 3 21 11 21 46551.40000 10.34000000 1504.15000 169.13000 25.44500 114.87800
16 3 21 11 22 46516.60000 10.34000000 1503.04000 169.13000 25.42500 114.87800
16 3 21 11 22 46502.10000 10.34000000 1502.70000 169.24000 25.42500 114.87800
16 3 21 11 23 46539.30000 10.34000000 1503.37000 169.20000 25.42500 114.87800
16 3 21 11 23 46548.60000 10.34000000 1504.95000 169.20000 25.42500 114.87800
16 3 21 11 24 46561.70000 10.34000000 1505.04000 169.13000 25.42500 114.87800
16 3 21 11 24 46550.20000 10.34000000 1504.21000 169.30000 25.42500 114.87800
16 3 21 11 24 46527.70000 10.34000000 1504.21000 169.30000 25.42500 114.87800
16 3 21 11 25 46527.20000 10.34000000 1503.60000 169.29000 25.42500 114.87800
16 3 21 11 25 46530.10000 10.34000000 1503.60000 169.21000 25.42500 114.87800
16 3 21 11 26 46530.20000 10.34000000 1503.61000 169.15000 25.42500 114.87800
16 3 21 11 26 46520.30000 10.34000000 1503.61000 169.15000 25.42500 114.87800
16 3 21 11 27 46510.10000 10.34000000 1503.75000 169.07000 25.42500 114.87800
16 3 21 11 27 46558.00000 10.34000000 1503.99000 169.21000 25.42500 114.87800
16 3 21 11 27 46640.10000 10.34000000 1504.45000 169.21000 25.42500 114.87800
