M=[
 6 1 21 19 30 29075.80000 6.26100000 978.01000 136.47000 15.51000 53.00000
 6 1 21 19 30 29099.90000 6.26100000 978.26000 136.34000 15.51000 52.98000
 6 1 21 19 30 29096.00000 6.26100000 978.61000 136.51000 15.51000 52.98000
 6 1 21 19 31 29082.90000 6.26100000 978.10000 136.30000 15.51000 52.98000
 6 1 21 19 31 29096.70000 6.26100000 978.62000 136.21000 15.51000 52.98000
 6 1 21 19 32 29100.00000 6.26100000 978.59000 136.35000 15.51000 52.98000
 6 1 21 19 32 29109.80000 6.26100000 978.39000 136.29000 15.51000 52.98000
 6 1 21 19 33 29105.60000 6.26100000 977.28000 136.22000 15.51000 52.89100
 6 1 21 19 33 29099.50000 6.26100000 976.51000 136.19000 15.51000 52.89200
 6 1 21 19 33 29077.30000 6.26200000 975.53000 136.21000 15.51000 52.89100
 6 1 21 19 34 29000.00000 6.26200000 970.00000 136.06000 15.51000 52.89100
 6 1 21 19 34 28943.90000 6.26200000 970.77000 135.96000 15.58700 52.89100
 6 1 21 19 35 28960.90000 6.24500000 967.16000 135.61000 15.58700 52.89100
 6 1 21 19 35 28906.50000 6.23700000 965.48000 135.56000 15.51000 52.89100
 6 1 21 19 36 28920.40000 6.23700000 969.34000 135.43000 15.51000 52.72400
 6 1 21 19 36 28943.60000 6.23700000 969.42000 135.62000 15.51000 52.80900
 6 1 21 19 36 28858.20000 6.21300000 965.81000 135.29000 15.51000 52.72300
 6 1 21 19 37 28931.10000 6.21300000 969.11000 135.41000 15.51000 52.72300
 6 1 21 19 37 28930.00000 6.21300000 967.24000 135.49000 15.51000 52.72300
 6 1 21 19 38 28900.10000 6.21300000 965.68000 135.30000 15.51000 52.68700
 6 1 21 19 38 28905.20000 6.25200000 966.56000 135.23000 15.51000 52.68700
 6 1 21 19 39 28884.20000 6.25200000 965.77000 135.31000 15.51000 52.68700
 6 1 21 19 39 28911.80000 6.22400000 965.68000 135.40000 15.51000 52.68700
 6 1 21 19 39 28920.50000 6.22400000 965.67000 135.26000 15.51000 52.68700
 6 1 21 19 40 28900.10000 6.21300000 964.37000 135.21000 15.51000 52.68700
 6 1 21 19 40 28881.00000 6.21300000 964.08000 135.22000 15.51000 52.68700
 6 1 21 19 41 28857.20000 6.21300000 962.15000 135.17000 15.51000 52.68700
 6 1 21 19 41 28864.40000 6.21300000 962.65000 135.17000 15.51000 52.58800
 6 1 21 19 42 28864.30000 6.21300000 962.63000 135.14000 15.41100 52.58800
 6 1 21 19 42 28892.10000 6.21300000 963.92000 135.21000 15.41000 52.59600
 6 1 21 19 42 28883.10000 6.21300000 963.59000 135.15000 15.41000 52.59600
 6 1 21 19 43 28892.80000 6.21300000 965.59000 135.15000 15.41000 52.59600
 6 1 21 19 43 28880.00000 6.21300000 964.24000 135.14000 15.41000 52.41600
 6 1 21 19 44 28900.10000 6.21300000 963.86000 135.05000 15.41000 52.41600
 6 1 21 19 44 28938.00000 6.21300000 965.00000 135.11000 15.41000 52.41600
 6 1 21 19 45 29000.00000 6.20400000 967.79000 135.14000 15.41000 52.33500
 6 1 21 19 45 29010.70000 6.20400000 968.50000 135.14000 15.41000 52.41800
 6 1 21 19 45 28981.90000 6.20400000 966.00000 135.13000 15.41000 52.41800
 6 1 21 19 46 28971.90000 6.20000000 965.18000 135.12000 15.41000 52.41800
 6 1 21 19 46 28953.00000 6.18500000 965.30000 135.11000 15.41000 52.37200
 6 1 21 19 47 28936.20000 6.18500000 965.54000 135.02000 15.41000 52.37200
 6 1 21 19 47 28958.70000 6.21100000 965.01000 134.98000 15.41000 52.37200
 6 1 21 19 48 28932.80000 6.21100000 964.47000 134.75000 15.41000 52.37200
 6 1 21 19 48 28942.30000 6.18600000 965.14000 134.55000 15.41000 52.23000
 6 1 21 19 48 28930.20000 6.18600000 964.86000 134.51000 15.41000 52.24300
 6 1 21 19 49 28931.90000 6.18600000 964.95000 134.57000 15.41000 52.25900
 6 1 21 19 49 28959.90000 6.18600000 965.53000 134.66000 15.41000 52.16000
 6 1 21 19 50 28958.70000 6.18600000 965.45000 134.59000 15.41000 52.16000
 6 1 21 19 50 28916.70000 6.21400000 964.00000 134.40000 15.41000 52.16000
 6 1 21 19 51 28887.90000 6.18000000 963.75000 134.19000 15.41000 52.01700
 6 1 21 19 51 28876.50000 6.18000000 963.10000 134.18000 15.41000 52.02900
 6 1 21 19 51 28870.20000 6.18000000 961.44000 134.05000 15.41000 52.00700
 6 1 21 19 52 28828.20000 6.18000000 959.92000 134.07000 15.41000 51.88900
 6 1 21 19 52 28842.40000 6.18000000 960.00000 134.32000 15.41000 51.88900
 6 1 21 19 53 28845.80000 6.18000000 959.01000 134.32000 15.41000 51.88900
 6 1 21 19 53 28750.40000 6.18000000 957.01000 133.66000 15.41000 51.78000
 6 1 21 19 54 28771.80000 6.17100000 956.95000 133.71000 15.41000 51.52300
 6 1 21 19 54 28743.60000 6.17200000 956.79000 133.61000 15.41000 51.46000
 6 1 21 19 54 28750.00000 6.17200000 956.00000 133.03000 15.41000 51.62800
 6 1 21 19 55 28705.20000 6.17200000 954.30000 133.00000 15.39000 51.62800
 6 1 21 19 55 28744.80000 6.15000000 955.51000 133.48000 15.39000 51.62800
 6 1 21 19 56 28719.40000 6.15000000 954.94000 133.52000 15.39000 51.56000
 6 1 21 19 56 28719.90000 6.13100000 954.79000 133.58000 15.39000 51.56000
 6 1 21 19 57 28691.40000 6.14900000 954.11000 133.53000 15.39000 51.29700
 6 1 21 19 57 28700.00000 6.14900000 955.00000 133.65000 15.39000 51.37300
 6 1 21 19 57 28717.20000 6.17500000 955.99000 133.87000 15.39000 51.37300
 6 1 21 19 58 28703.10000 6.17500000 955.47000 133.78000 15.39000 51.37300
 6 1 21 19 58 28608.60000 6.17500000 953.24000 133.80000 15.39000 51.37300
 6 1 21 19 59 28437.00000 6.15100000 947.23000 133.80000 15.39000 51.15500
 6 1 21 19 59 28276.20000 6.10100000 945.38000 133.51000 15.39000 51.21000
 6 1 21 20 00 28343.40000 6.09000000 944.43000 133.34000 15.39000 50.97800
 6 1 21 20 00 28442.10000 6.11500000 949.90000 134.05000 15.39000 51.26700
 6 1 21 20 00 28499.00000 6.14100000 955.98000 134.01000 15.39000 51.60100
 6 1 21 20 01 28583.40000 6.17700000 956.91000 133.85000 15.39000 51.46300
 6 1 21 20 01 28641.30000 6.17700000 958.48000 133.91000 15.39000 51.46300
 6 1 21 20 02 28629.20000 6.17700000 958.26000 133.96000 15.39000 51.67000
 6 1 21 20 02 28545.00000 6.17700000 953.70000 133.38000 15.39000 51.64600
 6 1 21 20 02 28461.40000 6.17700000 951.53000 133.34000 15.39000 51.64600
 6 1 21 20 03 28400.00000 6.09800000 948.08000 133.00000 15.39000 51.66600
 6 1 21 20 03 28276.60000 6.08200000 941.20000 132.50000 15.30000 51.11400
 6 1 21 20 04 28100.20000 6.07000000 937.51000 132.00000 15.30000 50.97700
 6 1 21 20 04 28164.10000 6.07000000 932.69000 131.80000 15.30000 50.82200
 6 1 21 20 05 28125.80000 6.06800000 931.84000 131.70000 15.30000 50.82200
 6 1 21 20 05 28048.70000 5.98000000 920.01000 130.67000 15.25100 50.51000
 6 1 21 20 05 28083.60000 5.91400000 917.11000 130.74000 15.20600 50.49000
 6 1 21 20 06 28066.00000 5.92300000 918.15000 131.03000 15.29800 50.73200
 6 1 21 20 06 28061.60000 5.92300000 913.75000 131.12000 15.29800 50.64000
 6 1 21 20 07 28108.30000 5.92300000 924.27000 131.51000 15.11000 50.64000
 6 1 21 20 07 28204.80000 5.97600000 929.70000 131.84000 15.28300 50.64000
 6 1 21 20 08 28201.70000 6.01900000 928.87000 131.78000 15.00000 50.64000
 6 1 21 20 08 28219.00000 5.99100000 929.71000 131.34000 15.00000 50.78300
 6 1 21 20 08 28175.00000 5.99100000 930.54000 131.68000 15.00000 50.79800
 6 1 21 20 09 28143.50000 5.99100000 928.92000 131.25000 15.00000 50.68900
 6 1 21 20 09 28200.00000 5.97700000 930.40000 131.25000 15.23700 50.80000
 6 1 21 20 10 28124.40000 5.97700000 927.38000 130.83000 15.23700 50.82400
 6 1 21 20 10 28105.20000 5.93800000 928.31000 130.63000 15.00000 50.82400
 6 1 21 20 11 28050.10000 5.96300000 922.00000 130.42000 14.90000 50.72500
 6 1 21 20 11 28026.40000 5.96300000 921.00000 130.19000 14.90000 50.45300
 6 1 21 20 11 27948.50000 5.95700000 918.64000 130.00000 14.99400 50.45000
 6 1 21 20 12 27960.80000 5.95700000 920.46000 130.09000 14.75200 50.46000
 6 1 21 20 12 27987.80000 5.95700000 924.10000 130.01000 14.97400 50.46000
 6 1 21 20 13 28050.00000 5.95700000 926.01000 130.69000 14.97700 50.46000
 6 1 21 20 13 27988.90000 5.95700000 924.61000 130.43000 14.91000 50.46000
 6 1 21 20 14 27939.30000 5.88600000 922.35000 130.00000 14.95100 50.46000
 6 1 21 20 14 27906.00000 5.90500000 919.50000 129.68000 14.95100 50.35900
 6 1 21 20 14 27925.20000 5.93900000 919.19000 130.42000 14.95100 50.35900
