M=[
31 3 21 22 13 50040.00000 11.78300000 1643.17000 166.42000 33.90100 131.43900
31 3 21 22 14 50040.10000 11.78300000 1643.17000 166.42000 33.90100 131.43900
31 3 21 22 14 50040.10000 11.77500000 1643.72000 166.42000 33.90100 131.43000
31 3 21 22 14 50042.30000 11.77500000 1643.99000 166.42000 33.90100 131.43000
31 3 21 22 15 50052.50000 11.76600000 1644.43000 166.43000 33.90100 131.43000
31 3 21 22 15 50063.40000 11.76600000 1644.36000 166.43000 33.90100 131.75100
31 3 21 22 16 50085.50000 11.81100000 1645.49000 166.43000 33.90100 131.82000
31 3 21 22 16 50113.30000 11.81100000 1645.50000 166.43000 33.90100 131.82000
31 3 21 22 17 50106.80000 11.80400000 1645.98000 166.43000 33.90100 131.82000
31 3 21 22 17 50062.70000 11.80400000 1644.43000 166.43000 33.90100 131.82000
31 3 21 22 17 49950.00000 11.80400000 1640.64000 166.50000 33.90100 131.57100
31 3 21 22 18 49956.60000 11.76600000 1639.86000 166.50000 33.90100 131.57100
31 3 21 22 18 49953.20000 11.76600000 1641.03000 166.50000 33.90100 131.57100
31 3 21 22 19 49987.80000 11.76600000 1641.97000 166.50000 33.90100 131.57100
31 3 21 22 19 49975.60000 11.72500000 1642.20000 166.49000 33.90100 131.57100
31 3 21 22 20 49980.00000 11.72500000 1642.20000 166.46000 33.90100 131.57100
31 3 21 22 20 49994.60000 11.72500000 1642.25000 166.46000 33.90100 131.57100
31 3 21 22 20 50003.20000 11.72800000 1642.09000 166.59000 33.90100 131.57100
31 3 21 22 21 49987.40000 11.72800000 1641.53000 166.59000 33.90100 131.57100
31 3 21 22 21 49987.40000 11.72800000 1641.82000 166.59000 33.90100 131.57100
31 3 21 22 22 49992.10000 11.72800000 1641.58000 166.64000 33.90100 131.57100
31 3 21 22 22 49985.90000 11.72800000 1641.53000 166.64000 33.90100 131.57100
31 3 21 22 23 49999.70000 11.72800000 1641.64000 166.64000 33.90100 131.85400
31 3 21 22 23 50003.20000 11.72800000 1643.56000 166.88000 33.90100 132.01600
31 3 21 22 23 50119.40000 11.72800000 1644.99000 166.88000 33.90100 132.01600
31 3 21 22 24 50081.40000 11.72800000 1645.64000 167.02000 33.90100 132.01600
31 3 21 22 24 50054.40000 11.72800000 1644.75000 167.02000 33.90100 132.01600
31 3 21 22 25 50018.00000 11.76700000 1641.70000 167.02000 33.90100 132.01600
31 3 21 22 25 50061.70000 11.76700000 1641.71000 167.02000 33.90100 132.01600
31 3 21 22 26 50087.60000 11.76700000 1641.70000 166.78000 33.90100 132.01600
31 3 21 22 26 50103.40000 11.76700000 1642.41000 166.78000 33.90100 132.01600
31 3 21 22 26 50103.40000 11.76700000 1641.97000 166.78000 33.90100 132.01600
31 3 21 22 27 50055.80000 11.76700000 1641.70000 166.81000 33.91000 132.01600
31 3 21 22 27 50076.20000 11.76700000 1641.58000 166.81000 33.91000 132.03200
31 3 21 22 28 50076.20000 11.76700000 1641.46000 166.84000 33.91000 132.03200
31 3 21 22 28 50081.00000 11.76700000 1641.64000 166.83000 33.91000 132.03200
31 3 21 22 29 50081.30000 11.76700000 1639.41000 166.83000 33.93000 132.03200
31 3 21 22 29 50076.20000 11.76700000 1635.17000 166.83000 33.93000 132.03200
31 3 21 22 29 50005.40000 11.76700000 1634.58000 166.75000 33.93000 132.03200
31 3 21 22 30 50000.00000 11.76700000 1632.41000 166.68000 33.93000 131.95200
31 3 21 22 30 50000.00000 11.76700000 1635.71000 166.68000 33.93000 131.95200
31 3 21 22 31 50005.30000 11.76700000 1635.41000 166.72000 33.93000 131.95200
31 3 21 22 31 50075.50000 11.77100000 1636.09000 166.72000 33.93000 131.95200
31 3 21 22 32 50099.90000 11.77100000 1637.83000 166.72000 33.93000 131.95200
31 3 21 22 32 50077.80000 11.77100000 1637.46000 167.10000 33.93000 131.95200
31 3 21 22 32 50055.60000 11.77100000 1636.92000 167.05000 33.93000 131.95200
31 3 21 22 33 50034.60000 11.77100000 1636.44000 167.05000 33.93000 131.95200
31 3 21 22 33 50016.10000 11.77300000 1636.02000 166.85000 33.99000 131.95200
31 3 21 22 34 50012.60000 11.77300000 1635.32000 166.74000 33.99000 131.95200
31 3 21 22 34 49998.20000 11.77300000 1634.69000 166.74000 33.99000 131.95200
31 3 21 22 35 50000.10000 11.77300000 1634.64000 166.74000 33.99000 131.95200
31 3 21 22 35 50001.50000 11.77300000 1634.13000 166.74000 33.99000 131.75600
31 3 21 22 35 50001.40000 11.77300000 1635.53000 166.74000 33.99000 131.96600
31 3 21 22 36 50001.50000 11.77300000 1634.51000 166.79000 33.99000 131.78900
31 3 21 22 36 50001.50000 11.77300000 1635.39000 166.79000 33.99000 131.79700
31 3 21 22 37 50001.50000 11.77300000 1634.74000 166.79000 33.99000 131.79700
31 3 21 22 37 50001.50000 11.77300000 1635.06000 166.79000 33.99000 131.78900
31 3 21 22 38 49991.60000 11.77300000 1634.98000 166.79000 33.99000 131.80200
31 3 21 22 38 49980.10000 11.77300000 1628.56000 166.79000 33.99000 131.68900
31 3 21 22 38 49950.10000 11.77300000 1627.48000 166.54000 33.99000 131.68900
31 3 21 22 39 49950.00000 11.77300000 1627.94000 166.54000 33.99000 131.68900
31 3 21 22 39 49950.00000 11.77300000 1625.12000 166.54000 33.99000 131.68900
31 3 21 22 40 49950.00000 11.77300000 1625.00000 166.54000 33.99000 131.68900
31 3 21 22 40 49950.00000 11.77300000 1624.40000 166.21000 33.99000 131.68900
31 3 21 22 41 49927.20000 11.77300000 1624.46000 166.14000 33.99000 131.23700
31 3 21 22 41 49957.90000 11.77300000 1626.74000 166.14000 33.99000 131.23700
31 3 21 22 41 49959.70000 11.77300000 1627.44000 166.22000 33.99000 131.23700
31 3 21 22 42 49961.90000 11.77300000 1628.39000 166.38000 33.99000 131.45800
31 3 21 22 42 49983.00000 11.77300000 1628.50000 166.38000 33.99000 131.45800
31 3 21 22 43 49978.40000 11.77300000 1628.10000 166.38000 33.99000 131.45800
31 3 21 22 43 49983.20000 11.77300000 1628.48000 166.38000 33.99000 131.45800
31 3 21 22 44 49983.20000 11.77300000 1629.48000 166.26000 33.99000 131.45800
31 3 21 22 44 49983.20000 11.77300000 1629.48000 166.21000 33.99000 131.45800
31 3 21 22 44 49983.10000 11.77300000 1629.48000 166.21000 33.99000 131.45800
31 3 21 22 45 49995.30000 11.77300000 1629.47000 166.12000 33.99000 131.45800
31 3 21 22 45 49987.50000 11.77300000 1629.46000 166.14000 33.99000 131.45800
31 3 21 22 46 50023.90000 11.77500000 1628.28000 166.14000 33.99000 131.40000
31 3 21 22 46 50023.90000 11.77500000 1628.99000 166.14000 33.99000 131.40100
31 3 21 22 47 50023.90000 11.77500000 1628.27000 166.09000 33.99000 131.40100
31 3 21 22 47 50023.90000 11.77500000 1629.50000 166.32000 33.99000 131.42200
31 3 21 22 47 50023.90000 11.83500000 1632.45000 166.35000 33.99000 131.54700
31 3 21 22 48 50023.80000 11.85100000 1633.59000 166.34000 33.99000 131.54700
31 3 21 22 48 50023.90000 11.85100000 1632.44000 166.34000 33.99000 131.59000
31 3 21 22 49 50023.80000 11.85400000 1632.44000 166.34000 33.99000 131.59000
31 3 21 22 49 50023.80000 11.85400000 1630.69000 166.34000 33.99000 131.59000
31 3 21 22 50 50023.90000 11.85400000 1630.21000 166.34000 33.99000 131.49000
31 3 21 22 50 50023.80000 11.85600000 1630.70000 166.34000 33.99000 131.49000
31 3 21 22 50 50023.90000 11.85600000 1631.53000 166.34000 33.99000 131.49000
31 3 21 22 51 50023.80000 11.86500000 1631.68000 166.34000 33.99000 131.64200
31 3 21 22 51 50023.80000 11.87000000 1631.60000 166.34000 33.99000 131.64200
31 3 21 22 52 50023.90000 11.87000000 1631.17000 166.49000 33.99000 131.64200
31 3 21 22 52 50023.00000 11.87300000 1631.16000 166.42000 33.99000 131.64200
31 3 21 22 53 50023.10000 11.87300000 1630.01000 166.42000 33.99000 131.74900
31 3 21 22 53 50023.00000 11.87300000 1629.47000 166.42000 33.99000 131.74900
31 3 21 22 53 50023.00000 11.87300000 1628.97000 166.42000 33.99000 131.74900
31 3 21 22 54 49994.50000 11.87300000 1628.94000 166.43000 33.99000 131.88300
31 3 21 22 54 50015.00000 11.89000000 1629.62000 166.44000 33.99000 132.01700
31 3 21 22 55 50011.70000 11.89000000 1629.60000 166.46000 33.99000 132.01700
31 3 21 22 55 50008.80000 11.89000000 1629.60000 166.43000 33.99000 132.01700
31 3 21 22 56 50008.80000 11.89000000 1625.01000 166.39000 33.99000 132.01700
31 3 21 22 56 49987.50000 11.89000000 1625.15000 166.39000 33.99000 131.88300
31 3 21 22 56 49983.20000 11.89000000 1625.03000 166.28000 33.99000 131.78300
