M=[
12 7 21 07 41 28955.10000 42.57300000 1811.19000 116.44000 17.15100 94.70000
12 7 21 07 41 28955.10000 42.57300000 1810.03000 116.44000 17.15100 94.70000
12 7 21 07 42 28955.10000 42.57300000 1810.77000 116.44000 17.15100 94.70000
12 7 21 07 42 28955.10000 42.57300000 1811.19000 116.44000 17.13200 94.60500
12 7 21 07 42 28947.80000 42.57300000 1811.18000 116.46000 17.13200 94.60500
12 7 21 07 43 28947.90000 42.57300000 1811.19000 116.46000 17.13200 94.60500
12 7 21 07 43 28948.40000 42.57300000 1811.18000 116.39000 17.13200 94.60500
12 7 21 07 44 28951.10000 42.57300000 1811.19000 116.39000 17.13200 94.60500
12 7 21 07 44 28967.70000 42.57300000 1812.39000 116.39000 17.13200 94.60500
12 7 21 07 45 28967.60000 42.57300000 1813.41000 116.43000 17.13200 94.60500
12 7 21 07 45 28948.80000 42.57300000 1810.92000 116.28000 17.13200 94.60500
12 7 21 07 45 28944.80000 42.57300000 1810.32000 116.26000 17.13200 94.60500
12 7 21 07 46 28910.10000 42.57300000 1810.19000 116.26000 17.13200 94.60500
12 7 21 07 46 28860.80000 42.57300000 1810.00000 116.26000 17.13200 94.60500
12 7 21 07 47 28870.60000 42.57300000 1807.89000 116.02000 17.13200 94.60500
12 7 21 07 47 28860.40000 42.57300000 1807.03000 116.09000 17.13200 94.60500
12 7 21 07 48 28862.10000 42.57300000 1807.03000 116.04000 17.13200 94.60500
12 7 21 07 48 28862.10000 42.57300000 1807.61000 116.04000 17.13200 94.60500
12 7 21 07 48 28862.10000 42.57300000 1807.61000 116.04000 17.13200 94.60500
12 7 21 07 49 28871.20000 42.57300000 1807.44000 116.04000 17.13200 94.60500
12 7 21 07 49 28862.60000 42.57300000 1808.27000 116.09000 17.13200 94.60500
12 7 21 07 50 28865.40000 42.57300000 1808.37000 116.09000 17.13200 94.60500
12 7 21 07 50 28861.00000 42.57300000 1808.55000 116.09000 17.13200 94.60500
12 7 21 07 51 28861.00000 42.57300000 1807.29000 116.09000 17.13200 94.60500
12 7 21 07 51 28880.90000 42.57300000 1808.77000 116.09000 17.13200 94.60500
12 7 21 07 51 28885.20000 42.57300000 1808.77000 116.14000 17.13200 94.60500
12 7 21 07 52 28885.80000 42.32100000 1809.00000 116.14000 17.13200 94.60500
12 7 21 07 52 28880.80000 42.32100000 1808.60000 116.14000 17.13200 94.60500
12 7 21 07 53 28882.70000 42.36000000 1808.60000 116.14000 17.13200 94.60500
12 7 21 07 53 28882.70000 42.36000000 1808.07000 116.13000 17.13200 94.60500
12 7 21 07 54 28878.50000 42.36000000 1808.69000 116.13000 17.13200 94.33300
12 7 21 07 54 28882.30000 42.36000000 1808.69000 116.15000 17.13200 94.33300
12 7 21 07 55 28880.70000 42.36000000 1808.69000 116.15000 17.13200 94.33300
12 7 21 07 55 28882.00000 42.36000000 1808.99000 116.15000 17.13200 94.33300
12 7 21 07 55 28866.30000 42.36000000 1808.78000 116.07000 17.13200 94.33300
12 7 21 07 56 28871.30000 42.36000000 1808.56000 116.08000 17.13200 94.33300
12 7 21 07 56 28876.70000 42.36000000 1808.56000 116.08000 17.13200 94.33300
12 7 21 07 57 28877.00000 42.36000000 1808.55000 116.11000 17.13200 94.33300
12 7 21 07 57 28870.60000 42.36000000 1808.56000 116.11000 17.13200 94.33300
12 7 21 07 58 28862.10000 42.36000000 1807.76000 116.04000 17.13200 94.33300
12 7 21 07 58 28872.00000 42.20800000 1807.76000 116.11000 17.13200 94.33300
12 7 21 07 58 28880.10000 42.20800000 1807.76000 116.10000 17.13200 94.33300
12 7 21 07 59 28869.30000 42.20800000 1807.76000 115.93000 17.13200 94.33300
12 7 21 07 59 28870.80000 42.20800000 1808.00000 115.93000 17.13200 94.33300
12 7 21 08 00 28873.70000 42.20800000 1808.00000 115.93000 17.13200 94.33300
12 7 21 08 00 28869.30000 42.20800000 1806.83000 115.95000 17.13200 94.35900
12 7 21 08 01 28869.30000 42.26500000 1806.61000 115.95000 17.13200 94.35900
12 7 21 08 01 28869.20000 42.26500000 1805.60000 115.95000 17.13200 94.35900
12 7 21 08 01 28869.20000 42.26500000 1805.61000 115.96000 17.13200 94.35900
12 7 21 08 02 28840.10000 42.26500000 1805.60000 115.94000 17.13200 94.35900
12 7 21 08 02 28827.50000 42.26500000 1804.74000 115.94000 17.13200 94.35900
12 7 21 08 03 28832.60000 42.26500000 1804.36000 115.94000 17.13200 94.35900
12 7 21 08 03 28845.40000 42.26500000 1804.98000 115.94000 17.02900 94.26600
12 7 21 08 04 28845.40000 42.26500000 1804.48000 115.88000 17.02900 94.26600
12 7 21 08 04 28861.00000 42.26500000 1804.93000 115.88000 17.02900 94.26600
12 7 21 08 04 28852.70000 42.26500000 1805.00000 115.88000 17.02900 94.26600
12 7 21 08 05 28863.10000 42.26500000 1805.84000 115.88000 17.02900 94.26600
12 7 21 08 05 28869.20000 42.26500000 1805.84000 115.88000 17.02900 94.26600
12 7 21 08 06 28878.50000 42.26500000 1805.99000 115.88000 17.02900 94.26600
12 7 21 08 06 28870.10000 42.26500000 1806.35000 116.11000 17.02900 94.26600
12 7 21 08 07 28880.30000 42.26500000 1806.83000 116.11000 17.02900 94.26600
12 7 21 08 07 28869.60000 42.26500000 1806.74000 116.11000 17.02900 94.26600
12 7 21 08 07 28863.80000 42.26500000 1806.48000 116.15000 17.02900 94.26600
12 7 21 08 08 28848.30000 42.26500000 1806.01000 116.15000 17.02900 94.26600
12 7 21 08 08 28857.60000 42.26500000 1806.19000 116.15000 17.02900 94.26600
12 7 21 08 09 28840.40000 42.26500000 1805.94000 116.09000 17.02900 94.26600
12 7 21 08 09 28851.10000 42.26500000 1806.32000 116.09000 17.02900 94.26600
12 7 21 08 10 28869.90000 42.26500000 1807.05000 116.11000 17.02900 94.26600
12 7 21 08 10 28894.10000 42.26500000 1807.05000 116.11000 17.02900 94.26600
12 7 21 08 11 28897.80000 42.26500000 1808.23000 116.11000 17.02900 94.26600
12 7 21 08 11 28890.60000 42.26500000 1809.24000 116.11000 17.02900 94.26600
12 7 21 08 11 28866.30000 42.26500000 1808.09000 116.11000 17.02900 94.26600
12 7 21 08 12 28871.60000 42.26500000 1809.73000 116.11000 17.02900 94.26600
12 7 21 08 12 28873.00000 42.26500000 1809.30000 116.11000 17.02900 94.26600
12 7 21 08 13 28880.00000 42.26500000 1809.27000 116.11000 17.02900 94.26600
12 7 21 08 13 28880.00000 42.26500000 1809.62000 116.11000 17.02900 94.26600
12 7 21 08 14 28880.00000 42.26500000 1809.62000 116.11000 17.02900 94.26600
12 7 21 08 14 28880.00000 42.26500000 1810.00000 116.11000 17.02900 94.31200
12 7 21 08 14 28880.00000 42.26500000 1810.00000 116.38000 17.02900 94.31200
12 7 21 08 15 28910.10000 42.26500000 1809.78000 116.40000 17.02900 94.31200
12 7 21 08 15 28910.20000 42.26500000 1809.99000 116.40000 17.02900 94.31200
12 7 21 08 16 28910.10000 42.26500000 1809.99000 116.40000 17.02900 94.31200
12 7 21 08 16 28910.10000 42.26500000 1809.13000 116.40000 17.02900 94.31200
12 7 21 08 17 28950.60000 42.26500000 1810.00000 116.40000 17.02900 94.34700
12 7 21 08 17 28961.90000 42.26500000 1812.67000 116.53000 17.02900 94.69700
12 7 21 08 17 29000.00000 42.26500000 1814.82000 116.53000 17.02900 94.69700
12 7 21 08 18 29004.00000 42.26500000 1815.78000 116.70000 17.02900 94.69700
12 7 21 08 18 29020.00000 42.26500000 1815.60000 116.70000 17.02900 94.69700
12 7 21 08 19 29034.20000 42.26500000 1815.58000 116.82000 17.02900 94.69700
12 7 21 08 19 29025.30000 42.26500000 1815.44000 116.82000 17.02900 94.69700
12 7 21 08 20 29018.20000 42.43900000 1814.98000 116.82000 17.02900 94.69700
12 7 21 08 20 28996.00000 42.43900000 1814.53000 117.10000 17.02900 94.69700
12 7 21 08 20 29005.80000 42.44000000 1815.78000 117.20000 17.02900 94.69700
12 7 21 08 21 28987.30000 42.45800000 1815.78000 117.20000 17.02900 94.69700
12 7 21 08 21 29001.80000 42.45800000 1815.57000 117.20000 17.02900 94.69700
12 7 21 08 22 28990.80000 42.45800000 1815.57000 117.07000 17.02900 94.69700
12 7 21 08 22 28990.80000 42.45800000 1815.00000 117.02000 17.02900 94.69700
12 7 21 08 23 28990.80000 42.45800000 1814.07000 117.02000 17.02900 94.69700
12 7 21 08 23 28990.70000 42.45800000 1813.63000 117.10000 17.02900 94.69700
12 7 21 08 23 28990.80000 42.45800000 1813.13000 117.10000 17.02900 94.69700
12 7 21 08 24 28990.00000 42.45800000 1813.13000 117.06000 17.02900 94.69700
12 7 21 08 24 28966.00000 42.45800000 1812.92000 117.06000 17.02900 94.69700
12 7 21 08 25 28967.60000 42.45800000 1812.98000 117.00000 17.02900 94.69700
