M=[
 2 3 21 10 25 40809.50000 9.45500000 1302.45000 151.61000 26.49500 102.80300
 2 3 21 10 25 40809.50000 9.45500000 1303.07000 151.83000 26.49500 102.80300
 2 3 21 10 25 40809.50000 9.48000000 1303.37000 151.86000 26.49500 102.80300
 2 3 21 10 26 40809.50000 9.48000000 1303.07000 151.80000 26.49500 102.80300
 2 3 21 10 26 40809.50000 9.48000000 1303.00000 151.80000 26.49500 102.80300
 2 3 21 10 27 40809.50000 9.47300000 1303.10000 151.56000 26.49500 103.02500
 2 3 21 10 27 40809.50000 9.47300000 1302.93000 151.57000 26.49500 103.02500
 2 3 21 10 28 40809.50000 9.44000000 1302.99000 151.77000 26.49500 103.02500
 2 3 21 10 28 40809.40000 9.44000000 1302.85000 151.71000 26.49500 103.02500
 2 3 21 10 28 40825.00000 9.47500000 1302.99000 151.74000 26.49500 103.02500
 2 3 21 10 29 40824.90000 9.47500000 1303.00000 151.66000 26.49500 103.02500
 2 3 21 10 29 40824.90000 9.47500000 1303.42000 151.57000 26.49500 103.02500
 2 3 21 10 30 40824.90000 9.47500000 1304.00000 151.48000 26.49500 103.02500
 2 3 21 10 30 40850.20000 9.47500000 1303.99000 151.60000 26.49500 103.02500
 2 3 21 10 31 40931.30000 9.49000000 1307.10000 151.60000 26.49500 103.02500
 2 3 21 10 31 40979.70000 9.49000000 1307.84000 152.00000 26.49500 103.02500
 2 3 21 10 31 40937.30000 9.49900000 1307.85000 152.19000 26.49500 103.02500
 2 3 21 10 32 40926.30000 9.49900000 1307.85000 152.19000 26.49500 103.02500
 2 3 21 10 32 40888.90000 9.48600000 1307.85000 152.19000 26.49500 103.02500
 2 3 21 10 33 40935.90000 9.51500000 1307.84000 152.18000 26.49500 103.02500
 2 3 21 10 33 40947.60000 9.51500000 1307.84000 152.01000 26.49500 103.02500
 2 3 21 10 34 40936.20000 9.51500000 1307.84000 152.20000 26.49500 103.02500
 2 3 21 10 34 40884.00000 9.51500000 1307.60000 151.88000 26.49500 103.02500
 2 3 21 10 34 40899.30000 9.46800000 1307.60000 151.96000 26.49500 103.02500
 2 3 21 10 35 40892.70000 9.47600000 1307.60000 151.97000 26.49500 103.02500
 2 3 21 10 35 40913.30000 9.47600000 1307.60000 152.11000 26.49500 103.02500
 2 3 21 10 36 40913.30000 9.49600000 1307.85000 151.90000 26.49500 103.02500
 2 3 21 10 36 40928.90000 9.49600000 1307.85000 151.90000 26.49500 103.02500
 2 3 21 10 37 40928.90000 9.49600000 1307.62000 151.88000 26.49500 103.02500
 2 3 21 10 37 40885.20000 9.49600000 1307.01000 151.88000 26.49500 103.02500
 2 3 21 10 37 40885.30000 9.49600000 1306.53000 151.88000 26.49500 103.02500
 2 3 21 10 38 40885.60000 9.49600000 1307.23000 151.88000 26.49500 103.02500
 2 3 21 10 38 40903.00000 9.49600000 1307.29000 151.77000 26.49500 103.02500
 2 3 21 10 39 40902.90000 9.49600000 1307.29000 151.77000 26.49500 103.02500
 2 3 21 10 39 40927.90000 9.49600000 1307.29000 151.77000 26.49500 103.02500
 2 3 21 10 40 40926.70000 9.49600000 1307.84000 152.02000 26.49500 103.02500
 2 3 21 10 40 40926.70000 9.49600000 1307.85000 152.02000 26.49500 103.61500
 2 3 21 10 40 40911.70000 9.49600000 1307.29000 152.02000 26.49500 103.61500
 2 3 21 10 41 40911.70000 9.49600000 1307.30000 151.61000 26.49500 103.61500
 2 3 21 10 41 40917.40000 9.49600000 1307.53000 151.63000 26.49500 103.61500
 2 3 21 10 42 40945.40000 9.49600000 1307.85000 151.79000 26.49500 103.61500
 2 3 21 10 42 40948.30000 9.49600000 1307.64000 151.79000 26.49500 103.75700
 2 3 21 10 43 40938.10000 9.49600000 1307.85000 151.66000 26.49500 103.75700
 2 3 21 10 43 40938.10000 9.49600000 1307.58000 151.63000 26.49500 103.75700
 2 3 21 10 43 40938.00000 9.49600000 1307.30000 151.63000 26.49500 103.75700
 2 3 21 10 44 40938.00000 9.49600000 1307.08000 151.57000 26.49500 103.75700
 2 3 21 10 44 40922.00000 9.49600000 1307.09000 151.58000 26.49500 103.75700
 2 3 21 10 45 40908.80000 9.49600000 1307.09000 151.38000 26.49500 103.75700
 2 3 21 10 45 40915.20000 9.49600000 1307.10000 151.38000 26.49500 103.75700
 2 3 21 10 46 40916.80000 9.47100000 1307.09000 151.36000 26.49500 103.75700
 2 3 21 10 46 40880.00000 9.47100000 1303.42000 150.77000 26.49500 103.75700
 2 3 21 10 46 40864.40000 9.47100000 1303.70000 150.92000 26.49500 103.75700
 2 3 21 10 47 40830.90000 9.47100000 1303.32000 150.93000 26.49500 103.75700
 2 3 21 10 47 40827.10000 9.47100000 1302.80000 150.90000 26.49500 103.75700
 2 3 21 10 48 40809.10000 9.47100000 1301.80000 150.77000 26.49500 103.75700
 2 3 21 10 48 40815.10000 9.47100000 1302.21000 150.80000 26.49500 103.25900
 2 3 21 10 49 40812.90000 9.42200000 1301.60000 150.84000 26.49500 103.25900
 2 3 21 10 49 40812.40000 9.44200000 1301.46000 150.72000 26.49500 103.25900
 2 3 21 10 49 40801.60000 9.44200000 1301.06000 150.56000 26.49500 103.25900
 2 3 21 10 50 40762.00000 9.44200000 1301.06000 150.44000 26.49400 103.00000
 2 3 21 10 50 40762.10000 9.43200000 1301.29000 150.42000 26.49400 102.99600
 2 3 21 10 51 40752.00000 9.43200000 1301.06000 150.42000 26.49400 102.92000
 2 3 21 10 51 40733.80000 9.39800000 1301.09000 150.35000 26.49400 102.92000
 2 3 21 10 52 40736.70000 9.39800000 1301.09000 150.37000 26.49400 102.92000
 2 3 21 10 52 40727.70000 9.39800000 1300.14000 150.39000 26.49400 102.92000
 2 3 21 10 52 40713.00000 9.39700000 1300.10000 150.34000 26.49400 102.74800
 2 3 21 10 53 40718.50000 9.39700000 1300.09000 150.36000 26.49400 102.74800
 2 3 21 10 53 40680.00000 9.39700000 1297.86000 150.24000 26.49400 102.74800
 2 3 21 10 54 40622.20000 9.37000000 1297.83000 150.06000 26.49400 102.60900
 2 3 21 10 54 40671.30000 9.35000000 1299.49000 150.16000 26.49400 102.60900
 2 3 21 10 55 40675.90000 9.35000000 1299.16000 150.16000 26.49400 102.60900
 2 3 21 10 55 40650.60000 9.33700000 1299.15000 150.14000 26.49500 102.60900
 2 3 21 10 55 40628.10000 9.33700000 1297.38000 150.01000 26.49500 102.26400
 2 3 21 10 56 40582.00000 9.33700000 1297.01000 149.88000 26.49500 102.20200
 2 3 21 10 56 40611.90000 9.33700000 1297.01000 149.87000 26.49500 102.35800
 2 3 21 10 57 40588.70000 9.33700000 1297.00000 149.81000 26.49500 102.35800
 2 3 21 10 57 40579.60000 9.33700000 1295.31000 149.60000 26.49500 102.35800
 2 3 21 10 58 40578.70000 9.33700000 1294.81000 149.74000 26.49500 102.35800
 2 3 21 10 58 40538.60000 9.33700000 1294.42000 149.56000 26.49500 102.19800
 2 3 21 10 58 40528.50000 9.30400000 1293.64000 149.70000 26.49500 102.19400
 2 3 21 10 59 40581.50000 9.33000000 1295.63000 149.90000 26.49500 102.19400
 2 3 21 10 59 40617.20000 9.33000000 1296.30000 149.64000 26.49500 102.19400
 2 3 21 11 00 40625.10000 9.33000000 1295.75000 149.83000 26.49500 102.19400
 2 3 21 11 00 40541.00000 9.33000000 1295.18000 149.77000 26.49500 102.19400
 2 3 21 11 01 40524.30000 9.33000000 1293.23000 149.36000 26.37500 102.19400
 2 3 21 11 01 40549.10000 9.33000000 1293.62000 149.50000 26.37500 102.19400
 2 3 21 11 01 40538.60000 9.33000000 1292.00000 149.50000 26.37500 102.19400
 2 3 21 11 02 40528.20000 9.31900000 1292.71000 149.39000 26.37500 102.19400
 2 3 21 11 02 40540.70000 9.31900000 1293.35000 149.38000 26.37500 102.19400
 2 3 21 11 03 40564.60000 9.31900000 1294.07000 149.50000 26.37500 102.19400
 2 3 21 11 03 40569.80000 9.31900000 1296.04000 149.55000 26.37500 102.21400
 2 3 21 11 04 40555.70000 9.31200000 1294.93000 149.63000 26.37500 102.00000
 2 3 21 11 04 40596.50000 9.31200000 1296.05000 149.63000 26.37500 102.00000
 2 3 21 11 04 40582.00000 9.31200000 1296.05000 149.74000 26.37500 102.22200
 2 3 21 11 05 40576.60000 9.31200000 1296.14000 149.71000 26.37500 102.22200
 2 3 21 11 05 40596.50000 9.31200000 1296.69000 149.88000 26.37500 102.22200
 2 3 21 11 06 40571.40000 9.29700000 1295.93000 149.85000 26.37500 102.22200
 2 3 21 11 06 40566.80000 9.31400000 1295.93000 149.85000 26.47600 102.22200
 2 3 21 11 07 40605.80000 9.31400000 1297.11000 149.87000 26.47600 102.22200
 2 3 21 11 07 40639.50000 9.31400000 1296.93000 150.08000 26.47600 102.22200
 2 3 21 11 07 40653.40000 9.32600000 1297.79000 150.08000 26.47600 102.22200
 2 3 21 11 08 40670.20000 9.32600000 1297.82000 150.37000 26.47600 102.67200
 2 3 21 11 08 40684.80000 9.32600000 1297.82000 150.42000 26.47600 102.67200
