M=[
22 3 21 09 34 48262.80000 10.05200000 1497.94000 162.92000 27.58000 122.99600
22 3 21 09 35 48262.80000 10.07500000 1495.70000 162.87000 27.58000 122.99600
22 3 21 09 35 48232.40000 10.07500000 1497.30000 162.93000 27.58000 122.99600
22 3 21 09 35 48237.70000 10.07500000 1497.50000 162.93000 27.58000 122.99600
22 3 21 09 36 48208.30000 10.07200000 1497.49000 162.93000 27.58000 122.99600
22 3 21 09 36 48226.60000 10.07200000 1497.46000 162.77000 27.58000 122.99600
22 3 21 09 37 48225.60000 10.07200000 1496.36000 162.77000 27.58000 122.99600
22 3 21 09 37 48204.80000 10.07200000 1496.21000 162.69000 27.58000 122.99600
22 3 21 09 38 48204.90000 10.07200000 1495.91000 162.70000 27.58000 122.99600
22 3 21 09 38 48195.70000 10.07200000 1496.20000 162.70000 27.58000 122.99600
22 3 21 09 38 48187.00000 10.07200000 1496.20000 162.70000 27.58000 122.99600
22 3 21 09 39 48155.10000 10.07200000 1496.20000 162.55000 27.58000 122.62600
22 3 21 09 39 48151.00000 10.07200000 1495.01000 162.50000 27.13600 122.62600
22 3 21 09 40 48146.60000 10.07200000 1495.00000 162.40000 27.13600 122.62600
22 3 21 09 40 48146.20000 10.07200000 1495.01000 162.41000 27.13600 122.62600
22 3 21 09 41 48146.20000 10.07200000 1495.01000 162.41000 27.13600 122.58600
22 3 21 09 41 48146.10000 10.07200000 1495.48000 162.41000 27.13600 122.58600
22 3 21 09 41 48146.20000 10.07200000 1496.20000 162.41000 27.13600 122.58600
22 3 21 09 42 48146.20000 10.06300000 1496.29000 162.58000 27.13600 122.58600
22 3 21 09 42 48146.20000 10.06300000 1495.91000 162.58000 27.13600 122.58600
22 3 21 09 43 48146.10000 10.06300000 1495.72000 162.44000 27.13600 122.58600
22 3 21 09 43 48174.90000 10.06300000 1496.76000 162.53000 27.13600 122.58600
22 3 21 09 44 48175.00000 10.06300000 1495.86000 162.53000 27.13600 122.58600
22 3 21 09 44 48174.90000 10.06300000 1495.74000 162.53000 27.35500 123.12100
22 3 21 09 44 48175.00000 10.06300000 1495.81000 162.53000 27.35500 123.12100
22 3 21 09 45 48174.30000 10.06300000 1496.22000 162.53000 27.35500 123.12100
22 3 21 09 45 48157.10000 10.06300000 1496.19000 162.54000 27.35500 123.12100
22 3 21 09 46 48184.30000 10.04900000 1496.14000 162.59000 27.35500 123.12100
22 3 21 09 46 48193.30000 10.04900000 1496.81000 162.59000 27.35500 123.12100
22 3 21 09 46 48178.30000 10.07000000 1496.83000 162.58000 27.35500 123.12100
22 3 21 09 47 48146.30000 10.07000000 1496.83000 162.53000 27.35500 123.12100
22 3 21 09 47 48146.30000 10.07000000 1495.85000 162.59000 27.35500 123.12100
22 3 21 09 48 48146.30000 10.07000000 1495.77000 162.59000 27.35500 123.12100
22 3 21 09 48 48146.30000 10.07000000 1496.03000 162.55000 27.35500 123.12100
22 3 21 09 49 48169.30000 10.07000000 1496.49000 162.52000 27.35500 123.12100
22 3 21 09 49 48203.90000 10.07500000 1497.21000 162.63000 27.35500 123.06500
22 3 21 09 49 48215.30000 10.07500000 1498.00000 162.82000 27.35500 123.06500
22 3 21 09 50 48234.80000 10.07500000 1498.00000 162.88000 27.35500 123.06500
22 3 21 09 50 48256.00000 10.07500000 1499.37000 162.88000 27.35500 123.06500
22 3 21 09 51 48212.40000 10.09800000 1499.49000 162.96000 27.35500 123.06500
22 3 21 09 51 48205.10000 10.09800000 1499.48000 162.82000 27.35500 123.06500
22 3 21 09 52 48205.10000 10.09800000 1498.08000 162.87000 27.35500 123.21500
22 3 21 09 52 48181.00000 10.09800000 1498.42000 162.87000 27.35500 123.40700
22 3 21 09 52 48181.10000 10.09800000 1497.79000 162.82000 27.35500 123.40700
22 3 21 09 53 48159.90000 10.09800000 1497.85000 162.82000 27.35500 123.17200
22 3 21 09 53 48156.50000 10.09800000 1497.78000 162.64000 27.35500 123.17200
22 3 21 09 54 48156.60000 10.09800000 1497.79000 162.72000 27.35500 123.17200
22 3 21 09 54 48150.10000 10.09800000 1497.19000 162.72000 27.35500 123.17200
22 3 21 09 55 48164.30000 10.09800000 1497.26000 162.63000 27.35500 123.17200
22 3 21 09 55 48200.10000 10.09800000 1497.27000 162.63000 27.35500 123.17200
22 3 21 09 55 48191.50000 10.09800000 1498.04000 162.73000 27.35500 123.17200
22 3 21 09 56 48207.90000 10.09900000 1498.08000 162.73000 27.35500 123.17200
22 3 21 09 56 48220.80000 10.09900000 1499.58000 162.94000 27.35500 123.17200
22 3 21 09 57 48220.80000 10.09900000 1498.96000 162.85000 27.35500 123.17200
22 3 21 09 57 48220.80000 10.09900000 1498.77000 162.82000 27.35500 123.17200
22 3 21 09 58 48254.90000 10.09900000 1498.70000 162.82000 27.25900 123.17200
22 3 21 09 58 48275.00000 10.09900000 1499.02000 163.00000 27.25900 123.52200
22 3 21 09 58 48275.00000 10.10000000 1499.41000 163.18000 27.25900 123.52200
22 3 21 09 59 48279.00000 10.10000000 1499.29000 163.35000 27.25900 123.52200
22 3 21 09 59 48283.20000 10.10000000 1499.29000 163.35000 27.25900 123.52200
22 3 21 10 00 48277.10000 10.12700000 1499.16000 163.56000 27.25900 123.52200
22 3 21 10 00 48266.50000 10.12700000 1499.01000 163.70000 27.25900 123.52200
22 3 21 10 01 48244.20000 10.12700000 1499.00000 163.70000 27.40300 123.52200
22 3 21 10 01 48237.20000 10.12700000 1499.01000 163.48000 27.40300 123.52200
22 3 21 10 01 48219.40000 10.12700000 1497.25000 163.42000 27.40300 123.52200
22 3 21 10 02 48264.50000 10.12700000 1497.52000 163.42000 27.40300 123.52200
22 3 21 10 02 48274.20000 10.12700000 1498.06000 163.42000 27.40300 123.52200
22 3 21 10 03 48266.40000 10.12700000 1497.55000 163.42000 27.40300 123.52200
22 3 21 10 03 48259.90000 10.12000000 1497.51000 163.43000 27.40300 123.52200
22 3 21 10 04 48272.50000 10.12000000 1497.51000 163.44000 27.40300 123.52200
22 3 21 10 04 48279.50000 10.12000000 1497.64000 163.43000 27.25900 123.35000
22 3 21 10 04 48283.80000 10.12000000 1497.83000 163.43000 27.25900 123.35000
22 3 21 10 05 48349.00000 10.12000000 1499.31000 163.55000 27.25900 123.35000
22 3 21 10 05 48400.00000 10.12000000 1499.31000 163.55000 27.25900 123.35000
22 3 21 10 06 48425.40000 10.12000000 1500.00000 163.92000 27.25900 123.35000
22 3 21 10 06 48500.00000 10.12000000 1503.53000 164.07000 27.25900 123.35000
22 3 21 10 07 48497.10000 10.12000000 1504.58000 164.14000 27.25900 123.35000
22 3 21 10 07 48543.20000 10.12000000 1504.58000 164.07000 27.25900 123.35000
22 3 21 10 07 48549.90000 10.12000000 1504.61000 164.07000 27.25900 124.13800
22 3 21 10 08 48580.60000 10.16000000 1504.92000 164.07000 27.25900 124.13800
22 3 21 10 08 48564.90000 10.16000000 1504.66000 164.07000 27.25900 124.13800
22 3 21 10 09 48592.00000 10.17000000 1504.93000 164.28000 27.25900 124.13800
22 3 21 10 09 48595.80000 10.18000000 1506.40000 164.39000 27.25900 124.13800
22 3 21 10 10 48565.10000 10.20000000 1505.17000 164.39000 27.25900 124.44400
22 3 21 10 10 48599.00000 10.20000000 1506.40000 164.43000 27.25900 124.44400
22 3 21 10 10 48685.40000 10.20000000 1508.35000 164.62000 27.25900 124.44400
22 3 21 10 11 48725.00000 10.20000000 1508.59000 164.78000 27.25900 124.44400
22 3 21 10 11 48743.60000 10.20000000 1508.98000 164.90000 27.25900 124.44400
22 3 21 10 12 48699.40000 10.20000000 1508.39000 164.75000 27.25900 124.44400
22 3 21 10 12 48748.20000 10.21000000 1508.39000 165.16000 27.25900 124.44400
22 3 21 10 13 48779.40000 10.21000000 1509.69000 165.03000 27.25900 124.44400
22 3 21 10 13 48751.60000 10.21000000 1509.98000 165.09000 27.25900 124.44400
22 3 21 10 13 48750.20000 10.21000000 1509.89000 165.09000 27.25900 124.71300
22 3 21 10 14 48756.60000 10.21000000 1509.40000 164.95000 27.59700 124.71300
22 3 21 10 14 48785.40000 10.21000000 1509.00000 164.87000 27.59700 124.71300
22 3 21 10 15 48783.50000 10.21000000 1509.00000 164.87000 27.59700 124.71300
22 3 21 10 15 48860.90000 10.21000000 1510.00000 164.87000 27.59700 124.71300
22 3 21 10 16 48919.50000 10.21000000 1512.00000 165.19000 27.59700 124.71300
22 3 21 10 16 48947.00000 10.21000000 1514.11000 165.29000 27.59700 124.71300
22 3 21 10 16 48978.20000 10.21000000 1515.00000 165.29000 27.59700 124.71300
22 3 21 10 17 49138.50000 10.21000000 1516.78000 165.44000 27.59800 124.94700
22 3 21 10 17 49079.10000 10.21000000 1517.74000 165.49000 27.59800 124.94700
