M=[
 9 6 20 10 05 8592.90000 6.05600000 215.73000 40.98000 12.88200 46.02500
 9 6 20 10 06 8592.50000 6.05600000 215.71000 41.00000 12.88200 46.02500
 9 6 20 10 06 8592.50000 6.05600000 215.73000 41.00000 12.88200 46.02500
 9 6 20 10 07 8592.50000 6.05600000 215.73000 41.00000 12.88200 46.02500
 9 6 20 10 07 8592.50000 6.04500000 215.65000 41.00000 12.88200 46.02500
 9 6 20 10 08 8592.60000 6.05600000 215.65000 41.00000 12.88200 46.09900
 9 6 20 10 08 8588.50000 6.05600000 215.75000 41.00000 12.88200 46.02500
 9 6 20 10 08 8591.50000 6.05600000 215.65000 41.00000 12.88200 46.04400
 9 6 20 10 09 8592.00000 6.05600000 215.65000 40.98000 12.88200 46.04400
 9 6 20 10 09 8589.80000 6.05600000 215.66000 40.98000 12.88200 46.04400
 9 6 20 10 10 8592.90000 6.05600000 215.63000 40.98000 12.88200 46.04400
 9 6 20 10 10 8592.30000 6.05600000 215.63000 41.00000 12.81300 46.04400
 9 6 20 10 11 8591.80000 6.05600000 215.71000 40.99000 12.88200 46.04400
 9 6 20 10 11 8591.80000 6.05600000 215.64000 40.99000 12.88200 46.04400
 9 6 20 10 12 8591.70000 6.04500000 215.64000 40.98000 12.88200 46.04400
 9 6 20 10 12 8592.90000 6.05600000 215.64000 40.99000 12.88200 46.04400
 9 6 20 10 13 8593.50000 6.05600000 215.64000 40.98000 12.88200 46.04400
 9 6 20 10 13 8593.80000 6.05600000 215.64000 40.98000 12.88200 46.04400
 9 6 20 10 13 8593.20000 6.05600000 215.68000 40.98000 12.88200 46.04400
 9 6 20 10 14 8583.70000 6.04500000 215.50000 41.00000 12.88200 46.04400
 9 6 20 10 14 8582.80000 6.05600000 215.67000 40.99000 12.88200 46.02500
 9 6 20 10 15 8584.60000 6.05600000 215.62000 41.00000 12.88200 46.04400
 9 6 20 10 15 8583.70000 6.05600000 215.68000 40.96000 12.88200 46.04400
 9 6 20 10 16 8585.00000 6.05600000 215.69000 40.96000 12.88200 46.04400
 9 6 20 10 16 8584.80000 6.05600000 215.69000 40.98000 12.88200 46.04400
 9 6 20 10 17 8585.20000 6.05600000 215.66000 40.96000 12.88200 46.04400
 9 6 20 10 17 8585.00000 6.05600000 215.61000 40.96000 12.88200 46.04400
 9 6 20 10 18 8583.50000 6.04500000 215.61000 40.96000 12.88200 46.02500
 9 6 20 10 18 8581.50000 6.05600000 215.62000 40.98000 12.88200 46.04400
 9 6 20 10 19 8577.20000 6.05600000 215.55000 40.96000 12.88200 46.04400
 9 6 20 10 19 8575.20000 6.05600000 215.47000 40.96000 12.88200 46.04400
 9 6 20 10 20 8570.60000 6.04500000 215.42000 40.96000 12.88200 46.04400
 9 6 20 10 20 8568.90000 6.04500000 215.42000 40.96000 12.88200 46.04400
 9 6 20 10 21 8568.90000 6.04500000 215.41000 40.96000 12.88200 46.04400
 9 6 20 10 21 8570.90000 6.04500000 215.40000 40.96000 12.88200 46.04400
 9 6 20 10 22 8582.20000 6.04500000 215.32000 40.98000 12.88200 46.04400
 9 6 20 10 22 8586.60000 6.05600000 215.55000 40.96000 12.88200 46.04400
 9 6 20 10 23 8586.10000 6.04500000 215.54000 40.96000 12.88200 46.04400
 9 6 20 10 23 8586.70000 6.04500000 215.54000 40.96000 12.88200 46.04400
 9 6 20 10 24 8587.00000 6.04500000 215.55000 40.98000 12.88200 46.04400
 9 6 20 10 24 8587.60000 6.04500000 215.55000 40.96000 12.87900 46.04400
 9 6 20 10 24 8587.70000 6.05600000 215.54000 40.93000 12.87900 46.04400
 9 6 20 10 25 8588.60000 6.04500000 215.55000 40.93000 12.87900 46.04400
 9 6 20 10 25 8588.50000 6.04500000 215.55000 40.91000 12.88200 45.95200
 9 6 20 10 26 8587.90000 6.04500000 215.55000 40.91000 12.87900 46.04400
 9 6 20 10 26 8587.70000 6.04500000 215.60000 40.96000 12.87900 45.95200
 9 6 20 10 27 8592.50000 6.04500000 215.72000 40.91000 12.87900 45.95200
 9 6 20 10 27 8592.60000 6.04500000 215.70000 40.91000 12.87900 45.95200
 9 6 20 10 28 8592.70000 6.04500000 215.79000 40.94000 12.87800 45.95200
 9 6 20 10 28 8592.10000 6.04500000 215.79000 40.94000 12.88200 45.95200
 9 6 20 10 29 8592.10000 6.04500000 215.73000 40.94000 12.88200 45.95200
 9 6 20 10 29 8589.50000 6.04500000 215.62000 40.94000 12.87800 45.95200
 9 6 20 10 30 8589.40000 6.04500000 215.62000 40.94000 12.87800 45.95200
 9 6 20 10 30 8590.60000 6.04500000 215.73000 40.94000 12.87800 45.95200
 9 6 20 10 31 8590.60000 6.04500000 215.62000 40.94000 12.87800 45.95200
 9 6 20 10 31 8590.60000 6.04500000 215.74000 40.94000 12.87800 45.95200
 9 6 20 10 31 8590.50000 6.04500000 215.74000 40.94000 12.87800 46.04400
 9 6 20 10 32 8589.50000 6.04500000 215.74000 40.90000 12.87800 45.95200
 9 6 20 10 32 8590.00000 6.04500000 215.62000 40.90000 12.87800 45.95200
 9 6 20 10 33 8580.20000 6.03300000 215.50000 40.90000 12.87800 45.95200
 9 6 20 10 33 8580.20000 6.04500000 215.50000 40.91000 12.88200 45.95200
 9 6 20 10 34 8580.10000 6.03300000 215.49000 40.91000 12.87800 45.95200
 9 6 20 10 34 8580.00000 6.04500000 215.50000 40.94000 12.87800 45.95200
 9 6 20 10 35 8580.10000 6.03300000 215.50000 40.91000 12.87800 45.95200
 9 6 20 10 35 8579.00000 6.03300000 215.50000 40.91000 12.87800 45.95200
 9 6 20 10 36 8579.20000 6.03300000 215.41000 40.91000 12.87800 45.95200
 9 6 20 10 36 8579.10000 6.03300000 215.41000 40.91000 12.87900 45.95200
 9 6 20 10 37 8579.40000 6.03300000 215.41000 40.90000 12.87800 45.95200
 9 6 20 10 37 8579.50000 6.04500000 215.41000 40.90000 12.87800 45.95200
 9 6 20 10 38 8576.40000 6.03300000 215.41000 40.90000 12.87800 45.95200
 9 6 20 10 38 8576.50000 6.04000000 215.41000 40.90000 12.87800 46.04400
 9 6 20 10 38 8576.50000 6.04000000 215.41000 40.90000 12.87800 45.95200
 9 6 20 10 39 8580.00000 6.04000000 215.41000 40.90000 12.87800 45.95200
 9 6 20 10 39 8580.10000 6.04000000 215.41000 40.90000 12.87800 45.95200
 9 6 20 10 40 8581.80000 6.04000000 215.40000 40.90000 12.87800 45.95200
 9 6 20 10 40 8581.80000 6.04000000 215.40000 40.90000 12.87900 45.95200
 9 6 20 10 41 8582.80000 6.04000000 215.40000 40.90000 12.87800 45.95200
 9 6 20 10 41 8582.90000 6.04000000 215.09000 40.90000 12.87800 45.95200
 9 6 20 10 42 8577.50000 6.04000000 215.40000 40.90000 12.87900 45.91200
 9 6 20 10 42 8577.00000 6.04000000 214.88000 40.90000 12.87800 45.91200
 9 6 20 10 43 8576.00000 6.04000000 214.61000 40.90000 12.87800 45.91200
 9 6 20 10 43 8575.40000 6.04000000 214.56000 40.83000 12.87800 45.95200
 9 6 20 10 44 8576.20000 6.04000000 214.53000 40.83000 12.87800 45.84600
 9 6 20 10 44 8576.80000 6.04000000 214.76000 40.83000 12.87800 45.84600
 9 6 20 10 45 8574.20000 6.04000000 214.31000 40.83000 12.87800 45.84600
 9 6 20 10 45 8573.90000 6.04000000 214.49000 40.83000 12.87800 45.84600
 9 6 20 10 46 8572.20000 6.04000000 214.48000 40.83000 12.87900 45.80100
 9 6 20 10 46 8572.30000 6.04000000 214.58000 40.83000 12.87800 45.79700
 9 6 20 10 47 8554.20000 6.04000000 214.34000 40.90000 12.88200 45.75800
 9 6 20 10 47 8558.70000 6.04000000 214.50000 40.83000 12.87800 45.75800
 9 6 20 10 48 8564.30000 6.04000000 214.50000 40.83000 12.87800 45.75800
 9 6 20 10 48 8566.80000 6.04000000 215.03000 40.83000 12.87800 45.75800
 9 6 20 10 49 8575.80000 6.04000000 215.03000 40.83000 12.87800 45.75800
 9 6 20 10 49 8592.60000 6.04000000 215.31000 40.83000 12.88200 45.75800
 9 6 20 10 50 8589.50000 6.04000000 215.51000 40.83000 12.87800 45.75800
 9 6 20 10 50 8586.10000 6.04000000 215.48000 40.83000 12.87800 45.75800
 9 6 20 10 51 8586.20000 6.04000000 215.17000 40.83000 12.87800 45.75800
 9 6 20 10 51 8590.60000 6.04000000 215.26000 40.95000 12.87800 45.75800
 9 6 20 10 52 8591.40000 6.04000000 215.26000 40.90000 12.87800 45.75800
 9 6 20 10 52 8588.50000 6.04000000 215.26000 40.83000 12.90700 45.75800
 9 6 20 10 53 8587.60000 6.04000000 215.40000 40.95000 12.90700 45.75800
 9 6 20 10 53 8590.50000 6.04000000 215.34000 40.93000 12.90700 45.75800
 9 6 20 10 54 8587.00000 6.04000000 215.31000 40.93000 12.90700 45.75800
 9 6 20 10 54 8586.10000 6.04000000 215.31000 40.93000 12.90700 45.75800
 9 6 20 10 55 8583.30000 6.04000000 215.11000 40.93000 12.90700 45.75800
 9 6 20 10 55 8583.40000 6.04000000 215.11000 40.93000 12.90700 45.75800
 9 6 20 10 56 8583.00000 6.03300000 215.11000 40.92000 12.90700 45.75800
 9 6 20 10 56 8588.60000 6.04000000 215.09000 40.92000 12.90700 45.75800
 9 6 20 10 56 8580.00000 6.04000000 215.09000 40.92000 12.90700 45.75800
