M=[
 9 9 20 04 38 8592.60000 4.28500000 286.50000 40.35000 13.65300 50.20600
 9 9 20 04 38 8591.90000 4.28500000 286.57000 40.35000 13.65300 50.20600
 9 9 20 04 39 8592.00000 4.28500000 286.27000 40.35000 13.65300 50.20600
 9 9 20 04 39 8581.40000 4.28500000 286.08000 40.35000 13.65300 50.20600
 9 9 20 04 40 8583.00000 4.28500000 286.08000 40.35000 13.65300 50.20600
 9 9 20 04 40 8581.50000 4.28500000 286.12000 40.35000 13.65300 50.20600
 9 9 20 04 41 8575.20000 4.28500000 285.77000 40.35000 13.65300 50.09700
 9 9 20 04 41 8580.90000 4.28500000 285.97000 40.35000 13.65300 50.09700
 9 9 20 04 42 8576.50000 4.28500000 286.03000 40.35000 13.65300 50.09700
 9 9 20 04 42 8575.30000 4.28500000 286.02000 40.35000 13.65300 50.09700
 9 9 20 04 42 8581.10000 4.28500000 285.93000 40.35000 13.65300 50.09700
 9 9 20 04 43 8581.10000 4.28500000 286.04000 40.35000 13.65300 50.09700
 9 9 20 04 43 8581.60000 4.29400000 286.04000 40.35000 13.65300 50.09700
 9 9 20 04 44 8579.90000 4.29400000 286.03000 40.35000 13.65300 50.09700
 9 9 20 04 44 8579.90000 4.29400000 285.97000 40.37000 13.65300 50.09700
 9 9 20 04 45 8579.90000 4.29400000 285.90000 40.37000 13.65300 50.09700
 9 9 20 04 45 8583.10000 4.29400000 286.02000 40.37000 13.65300 50.09700
 9 9 20 04 45 8592.60000 4.29400000 286.47000 40.42000 13.65300 50.06000
 9 9 20 04 46 8589.00000 4.29400000 286.35000 40.42000 13.65300 50.06000
 9 9 20 04 46 8583.80000 4.29400000 286.35000 40.42000 13.65300 50.06000
 9 9 20 04 47 8580.00000 4.29400000 285.64000 40.42000 13.65300 50.06000
 9 9 20 04 47 8580.00000 4.29400000 285.40000 40.42000 13.65300 50.06000
 9 9 20 04 48 8579.90000 4.29400000 285.78000 40.42000 13.65300 50.06000
 9 9 20 04 48 8579.90000 4.29400000 285.36000 40.42000 13.65300 50.06000
 9 9 20 04 48 8579.90000 4.29400000 285.36000 40.42000 13.65300 50.06000
 9 9 20 04 49 8579.90000 4.29400000 285.53000 40.42000 13.65300 50.06000
 9 9 20 04 49 8579.90000 4.29400000 285.59000 40.42000 13.65300 50.02100
 9 9 20 04 50 8579.90000 4.29400000 285.59000 40.42000 13.65300 50.02100
 9 9 20 04 50 8579.90000 4.29400000 285.59000 40.42000 13.65300 50.02100
 9 9 20 04 51 8579.90000 4.29400000 285.59000 40.42000 13.65300 50.02100
 9 9 20 04 51 8576.10000 4.29400000 285.62000 40.42000 13.65300 50.02100
 9 9 20 04 51 8575.70000 4.29400000 285.62000 40.42000 13.65300 50.02100
 9 9 20 04 52 8574.60000 4.29400000 285.62000 40.42000 13.65300 50.02100
 9 9 20 04 52 8574.60000 4.29400000 285.68000 40.42000 13.65300 50.02100
 9 9 20 04 53 8574.60000 4.29400000 285.70000 40.42000 13.65300 50.02100
 9 9 20 04 53 8575.10000 4.29400000 285.70000 40.42000 13.65300 49.99300
 9 9 20 04 54 8576.10000 4.29400000 285.72000 40.42000 13.65300 49.99300
 9 9 20 04 54 8576.10000 4.29400000 285.69000 40.42000 13.65300 49.99300
 9 9 20 04 54 8576.30000 4.29400000 285.44000 40.42000 13.65300 49.99300
 9 9 20 04 55 8575.00000 4.29400000 285.44000 40.42000 13.65300 49.99300
 9 9 20 04 55 8574.80000 4.29400000 285.44000 40.42000 13.65300 49.99300
 9 9 20 04 56 8574.80000 4.29400000 285.44000 40.42000 13.65300 49.99300
 9 9 20 04 56 8574.80000 4.29400000 285.78000 40.42000 13.65300 49.99300
 9 9 20 04 57 8574.80000 4.29400000 285.45000 40.42000 13.63400 49.99300
 9 9 20 04 57 8574.80000 4.29400000 285.73000 40.42000 13.63400 49.99300
 9 9 20 04 57 8574.80000 4.29400000 285.73000 40.42000 13.63400 49.99300
 9 9 20 04 58 8574.80000 4.29400000 285.73000 40.42000 13.63400 49.99300
 9 9 20 04 58 8574.80000 4.29400000 285.43000 40.42000 13.63400 49.99300
 9 9 20 04 59 8574.70000 4.29400000 285.43000 40.42000 13.63400 49.99300
 9 9 20 04 59 8564.90000 4.29400000 285.43000 40.42000 13.63400 49.99300
 9 9 20 05 00 8569.90000 4.29400000 285.50000 40.42000 13.63400 49.99300
 9 9 20 05 00 8574.60000 4.29400000 285.78000 40.42000 13.63400 49.99300
 9 9 20 05 00 8576.20000 4.29400000 285.77000 40.42000 13.63400 49.99300
 9 9 20 05 01 8576.40000 4.29400000 285.76000 40.42000 13.63400 49.99300
 9 9 20 05 01 8571.80000 4.29400000 285.70000 40.42000 13.63200 49.99300
 9 9 20 05 02 8571.50000 4.29400000 285.42000 40.42000 13.63200 49.99300
 9 9 20 05 02 8573.70000 4.29400000 285.43000 40.42000 13.63200 49.99300
 9 9 20 05 03 8573.80000 4.29400000 285.09000 40.42000 13.63200 49.99300
 9 9 20 05 03 8573.70000 4.29400000 285.27000 40.32000 13.63200 49.99300
 9 9 20 05 03 8574.30000 4.29400000 285.25000 40.32000 13.63200 49.99300
 9 9 20 05 04 8573.40000 4.29400000 285.24000 40.32000 13.63200 49.99300
 9 9 20 05 04 8587.40000 4.29400000 285.53000 40.32000 13.63200 49.99300
 9 9 20 05 05 8583.30000 4.29400000 285.77000 40.32000 13.63200 49.99300
 9 9 20 05 05 8586.00000 4.29400000 285.77000 40.32000 13.63200 49.99300
 9 9 20 05 06 8587.10000 4.29400000 285.77000 40.32000 13.63200 49.99300
 9 9 20 05 06 8590.20000 4.29400000 285.77000 40.32000 13.63200 49.99300
 9 9 20 05 07 8590.20000 4.29400000 285.78000 40.32000 13.63200 49.99300
 9 9 20 05 07 8590.30000 4.29400000 285.97000 40.32000 13.63200 49.99300
 9 9 20 05 07 8590.30000 4.29400000 285.97000 40.32000 13.63200 49.99300
 9 9 20 05 08 8590.30000 4.29400000 285.97000 40.32000 13.63200 49.99300
 9 9 20 05 08 8588.70000 4.29400000 285.68000 40.29000 13.63200 49.99300
 9 9 20 05 09 8589.30000 4.29400000 285.63000 40.29000 13.63200 49.99300
 9 9 20 05 09 8591.20000 4.29400000 285.75000 40.26000 13.63200 49.99300
 9 9 20 05 10 8599.00000 4.29400000 285.91000 40.26000 13.63300 49.99300
 9 9 20 05 10 8605.50000 4.29400000 285.91000 40.31000 13.63300 49.99300
 9 9 20 05 10 8609.60000 4.29400000 286.26000 40.31000 13.63300 49.99300
 9 9 20 05 11 8607.20000 4.29400000 286.31000 40.31000 13.63300 49.99300
 9 9 20 05 11 8607.20000 4.29400000 286.31000 40.31000 13.63300 49.99300
 9 9 20 05 12 8606.70000 4.29400000 285.94000 40.31000 13.63300 49.99300
 9 9 20 05 12 8605.00000 4.29400000 286.10000 40.31000 13.63300 49.99300
 9 9 20 05 13 8605.10000 4.29400000 286.10000 40.31000 13.63300 49.99300
 9 9 20 05 13 8605.00000 4.29400000 286.10000 40.31000 13.63300 49.99300
 9 9 20 05 14 8605.10000 4.29400000 286.16000 40.31000 13.63300 49.99300
 9 9 20 05 14 8605.10000 4.29400000 286.16000 40.31000 13.68200 49.99300
 9 9 20 05 14 8605.10000 4.29400000 286.16000 40.31000 13.68200 49.99300
 9 9 20 05 15 8605.10000 4.29400000 286.16000 40.31000 13.71600 49.99300
 9 9 20 05 15 8605.00000 4.29400000 286.43000 40.31000 13.71600 49.99300
 9 9 20 05 16 8605.00000 4.29300000 286.55000 40.31000 13.71600 49.99300
 9 9 20 05 16 8606.00000 4.29300000 286.55000 40.31000 13.71600 49.99300
 9 9 20 05 17 8606.00000 4.29300000 286.77000 40.31000 13.71600 49.99300
 9 9 20 05 17 8606.70000 4.29300000 286.52000 40.31000 13.71600 49.99300
 9 9 20 05 18 8606.60000 4.29300000 286.52000 40.31000 13.71600 49.99300
 9 9 20 05 18 8608.50000 4.29300000 286.66000 40.31000 13.71600 49.99300
 9 9 20 05 18 8609.70000 4.29300000 286.68000 40.31000 13.71600 49.99300
 9 9 20 05 19 8609.70000 4.29300000 286.68000 40.31000 13.71600 49.99300
 9 9 20 05 19 8601.80000 4.29300000 286.68000 40.31000 13.71600 49.99300
 9 9 20 05 20 8607.90000 4.29300000 286.68000 40.31000 13.71600 49.99300
 9 9 20 05 20 8603.20000 4.29300000 286.68000 40.31000 13.71600 49.99300
 9 9 20 05 21 8601.40000 4.29300000 286.67000 40.31000 13.71600 49.99300
 9 9 20 05 21 8600.10000 4.29300000 286.44000 40.31000 13.71600 49.99300
 9 9 20 05 21 8600.00000 4.29300000 286.25000 40.31000 13.71600 49.99300
 9 9 20 05 22 8597.30000 4.29300000 286.25000 40.31000 13.71600 49.99300
 9 9 20 05 22 8598.80000 4.29300000 286.39000 40.31000 13.71600 49.99300
 9 9 20 05 23 8592.00000 4.29300000 286.36000 40.31000 13.71600 49.99300
 9 9 20 05 23 8592.00000 4.29300000 286.25000 40.31000 13.71600 49.99300
 9 9 20 05 24 8598.50000 4.29300000 286.31000 40.31000 13.71600 49.99300
 9 9 20 05 24 8598.10000 4.29300000 286.31000 40.31000 13.71600 49.99300
 9 9 20 05 24 8598.80000 4.29300000 286.31000 40.31000 13.71600 49.99300
 9 9 20 05 25 8600.10000 4.29300000 286.43000 40.31000 13.71600 49.99300
