M=[
29 4 21 11 55 44936.00000 28.60100000 2283.69000 213.44000 33.63100 194.02400
29 4 21 11 55 44934.20000 28.60100000 2283.42000 213.44000 33.63100 194.02400
29 4 21 11 56 44935.40000 28.60100000 2283.43000 213.42000 33.63100 194.70200
29 4 21 11 56 44943.30000 28.60100000 2283.39000 213.43000 33.63100 194.70200
29 4 21 11 56 44952.60000 28.60100000 2282.87000 213.43000 34.20400 194.70200
29 4 21 11 57 44959.60000 28.60100000 2283.97000 213.47000 34.20400 194.70200
29 4 21 11 57 44977.00000 28.60100000 2284.90000 213.47000 33.83000 194.70200
29 4 21 11 58 44945.00000 28.60100000 2284.28000 213.47000 33.83000 194.70200
29 4 21 11 58 44946.00000 28.60100000 2284.01000 213.50000 33.83000 194.70200
29 4 21 11 59 44937.80000 28.60100000 2283.40000 213.50000 33.83000 194.70200
29 4 21 11 59 44930.10000 28.60100000 2283.42000 213.50000 33.83000 194.67100
29 4 21 11 59 44900.30000 28.60100000 2283.06000 213.50000 33.83000 194.67100
29 4 21 12 00 44900.30000 28.60100000 2283.01000 213.50000 33.83000 194.67100
29 4 21 12 00 44855.10000 28.59700000 2283.01000 213.50000 33.83000 194.67100
29 4 21 12 01 44864.40000 28.57200000 2280.66000 213.39000 33.83000 194.67100
29 4 21 12 01 44801.50000 28.57200000 2279.93000 213.39000 33.83000 194.67100
29 4 21 12 02 44800.20000 28.57200000 2278.02000 213.05000 33.83000 194.67100
29 4 21 12 02 44844.30000 28.57200000 2279.99000 213.05000 33.77500 194.67100
29 4 21 12 02 44823.80000 28.53200000 2279.99000 213.05000 33.77500 194.67100
29 4 21 12 03 44824.20000 28.53200000 2279.99000 213.05000 33.77500 193.86900
29 4 21 12 03 44863.50000 28.53200000 2282.78000 213.05000 33.77500 193.86900
29 4 21 12 04 44863.60000 28.53200000 2284.39000 213.05000 33.65100 193.86900
29 4 21 12 04 44860.60000 28.53200000 2284.79000 213.05000 33.77500 193.86900
29 4 21 12 05 44860.40000 28.53200000 2284.79000 213.34000 33.77500 193.86900
29 4 21 12 05 44865.00000 28.53200000 2284.79000 213.34000 33.77500 194.38200
29 4 21 12 05 44846.00000 28.53200000 2284.89000 213.81000 33.77500 194.38200
29 4 21 12 06 44849.50000 28.55000000 2285.40000 213.81000 33.77500 194.13500
29 4 21 12 06 44853.80000 28.55000000 2286.45000 213.54000 33.77500 194.13500
29 4 21 12 07 44865.00000 28.55000000 2286.45000 213.54000 33.77500 194.13500
29 4 21 12 07 44869.20000 28.55000000 2286.45000 213.54000 33.77500 194.13500
29 4 21 12 08 44874.90000 28.55000000 2286.37000 213.68000 33.77500 194.13500
29 4 21 12 08 44855.50000 28.55000000 2285.32000 213.68000 33.77500 194.66200
29 4 21 12 08 44855.60000 28.55000000 2284.30000 213.72000 33.77500 194.66200
29 4 21 12 09 44856.60000 28.55000000 2284.02000 213.67000 33.77500 194.66200
29 4 21 12 09 44856.60000 28.55000000 2284.02000 213.57000 33.77500 194.66200
29 4 21 12 10 44866.40000 28.55000000 2284.74000 213.70000 33.77500 194.66200
29 4 21 12 10 44870.60000 28.53800000 2286.00000 213.70000 33.77500 194.66200
29 4 21 12 11 44868.80000 28.53800000 2285.39000 213.70000 33.77500 194.66200
29 4 21 12 11 44872.70000 28.53800000 2285.84000 213.77000 33.77500 194.66200
29 4 21 12 11 44889.60000 28.53800000 2285.99000 213.84000 33.77500 194.66200
29 4 21 12 12 44900.70000 28.53800000 2285.99000 213.81000 33.77500 194.66200
29 4 21 12 12 44897.90000 28.53800000 2285.99000 213.81000 33.77500 194.66200
29 4 21 12 13 44897.90000 28.53800000 2286.00000 213.78000 33.77500 194.31600
29 4 21 12 13 44903.70000 28.53800000 2287.31000 213.81000 33.77500 194.31600
29 4 21 12 14 44919.80000 28.53800000 2288.26000 213.87000 33.77500 194.31600
29 4 21 12 14 44914.00000 28.53800000 2288.93000 213.85000 33.77500 194.48300
29 4 21 12 14 44947.80000 28.53800000 2289.24000 213.98000 33.77500 194.48300
29 4 21 12 15 44953.50000 28.53800000 2289.55000 213.98000 33.77500 194.48300
29 4 21 12 15 44945.70000 28.53800000 2289.82000 213.96000 33.77500 194.48300
29 4 21 12 16 44960.20000 28.53800000 2289.90000 213.96000 33.77500 194.48300
29 4 21 12 16 45012.20000 28.53800000 2294.97000 214.32000 33.77500 194.48300
29 4 21 12 17 45021.50000 28.53800000 2296.71000 214.52000 33.77500 194.48300
29 4 21 12 17 44997.30000 28.53800000 2295.12000 214.44000 33.77500 194.48300
29 4 21 12 17 45000.10000 28.53800000 2295.66000 214.51000 33.89200 194.48300
29 4 21 12 18 45029.00000 28.63300000 2296.21000 214.62000 33.89200 194.48300
29 4 21 12 18 45027.40000 28.65900000 2298.00000 214.62000 33.89200 194.48300
29 4 21 12 19 45017.60000 28.65900000 2298.50000 214.83000 33.89200 194.48300
29 4 21 12 19 44997.20000 28.65900000 2298.00000 214.65000 33.89200 194.48300
29 4 21 12 20 44982.10000 28.63800000 2296.95000 214.83000 33.89200 194.48300
29 4 21 12 20 44960.40000 28.63800000 2297.30000 214.83000 33.89200 194.48300
29 4 21 12 20 44944.80000 28.63800000 2297.36000 214.83000 33.89200 194.48300
29 4 21 12 21 44953.90000 28.63800000 2298.49000 215.00000 33.89200 194.48300
29 4 21 12 21 44953.80000 28.63800000 2299.50000 215.00000 33.89200 194.48300
29 4 21 12 22 44940.10000 28.63800000 2298.43000 214.90000 33.89200 194.48300
29 4 21 12 22 44923.10000 28.64400000 2299.60000 214.83000 33.89200 194.48300
29 4 21 12 23 44940.90000 28.64400000 2299.61000 214.83000 33.89200 194.48300
29 4 21 12 23 44941.70000 28.64400000 2299.77000 214.94000 33.89200 194.57200
29 4 21 12 23 44939.00000 28.64400000 2299.99000 214.99000 33.89200 194.57200
29 4 21 12 24 44900.60000 28.64400000 2299.99000 215.00000 33.89200 194.57200
29 4 21 12 24 44900.70000 28.64400000 2300.00000 215.04000 33.89200 194.57200
29 4 21 12 25 44888.80000 28.64400000 2300.00000 215.05000 33.89200 194.57200
29 4 21 12 25 44916.60000 28.64400000 2300.00000 215.43000 33.89200 194.57200
29 4 21 12 26 44916.60000 28.63000000 2300.45000 215.54000 33.89200 194.57200
29 4 21 12 26 44923.50000 28.63000000 2303.11000 215.58000 33.89200 194.57200
29 4 21 12 26 44923.50000 28.63000000 2301.90000 215.55000 33.89200 194.57200
29 4 21 12 27 44923.40000 28.63000000 2301.74000 215.55000 33.89200 194.57200
29 4 21 12 27 44926.00000 28.63000000 2301.26000 215.60000 33.89200 194.57200
29 4 21 12 28 44940.60000 28.63000000 2303.29000 215.74000 33.89200 194.57200
29 4 21 12 28 44947.60000 28.63000000 2303.69000 215.99000 33.89200 194.57200
29 4 21 12 29 44932.00000 28.63000000 2303.69000 216.00000 33.89200 194.57200
29 4 21 12 29 44957.90000 28.74600000 2303.72000 216.10000 33.89200 194.57200
29 4 21 12 29 44950.20000 28.74600000 2303.72000 216.10000 33.89200 194.57200
29 4 21 12 30 44954.40000 28.74600000 2304.00000 216.42000 33.89200 194.50200
29 4 21 12 30 44935.80000 28.74600000 2302.76000 216.50000 33.89200 194.50200
29 4 21 12 31 44923.50000 28.74600000 2302.62000 216.19000 33.89200 194.50200
29 4 21 12 31 44923.50000 28.74600000 2302.27000 215.46000 33.89200 193.73900
29 4 21 12 32 44923.50000 28.74600000 2299.23000 215.44000 33.89200 193.73900
29 4 21 12 32 44906.50000 28.74600000 2298.25000 215.59000 33.89200 193.73900
29 4 21 12 32 44916.50000 28.74600000 2298.30000 215.60000 33.89200 193.73900
29 4 21 12 33 44908.80000 28.74600000 2297.58000 215.36000 33.89200 193.73900
29 4 21 12 33 44906.40000 28.76400000 2297.43000 215.42000 33.89200 193.73900
29 4 21 12 34 44907.90000 28.76400000 2299.00000 215.13000 33.89200 193.73900
29 4 21 12 34 44951.90000 28.73200000 2302.71000 215.13000 33.89200 193.73900
29 4 21 12 35 44945.90000 28.73200000 2300.49000 215.32000 33.89200 193.73900
29 4 21 12 35 44931.90000 28.73200000 2299.92000 215.32000 33.89200 193.89300
29 4 21 12 35 44945.90000 28.73200000 2300.12000 215.42000 33.89200 193.89300
29 4 21 12 36 44945.80000 28.73200000 2302.28000 215.44000 33.89200 194.32700
29 4 21 12 36 44945.00000 28.73200000 2301.80000 216.07000 33.90800 194.32700
29 4 21 12 37 44932.00000 28.73200000 2301.72000 216.07000 33.90800 194.32700
29 4 21 12 37 44931.90000 28.73200000 2301.43000 216.04000 33.90800 194.32700
29 4 21 12 38 44932.00000 28.73200000 2301.72000 216.05000 33.90800 194.32700
29 4 21 12 38 44935.00000 28.73200000 2300.53000 215.67000 33.90800 194.32700
