M=[
 9 8 20 21 41 9887.70000 5.84600000 331.18000 48.34000 18.30900 77.93000
 9 8 20 21 42 9890.10000 5.84600000 331.34000 48.34000 18.30900 78.00400
 9 8 20 21 42 9890.80000 5.84600000 331.44000 48.35000 18.30300 78.00400
 9 8 20 21 42 9890.80000 5.84600000 331.49000 48.35000 18.30300 78.00400
 9 8 20 21 43 9890.80000 5.84600000 331.82000 48.35000 18.30300 78.13200
 9 8 20 21 43 9887.00000 5.84600000 331.82000 48.35000 18.29000 78.00000
 9 8 20 21 44 9886.00000 5.84600000 331.33000 48.35000 18.29000 78.00000
 9 8 20 21 44 9885.50000 5.84600000 331.34000 48.35000 18.29000 78.00000
 9 8 20 21 45 9885.50000 5.84600000 331.33000 48.29000 18.29000 78.00000
 9 8 20 21 45 9885.50000 5.84600000 331.33000 48.29000 18.29000 77.77000
 9 8 20 21 46 9885.50000 5.84600000 330.96000 48.29000 18.29000 77.77000
 9 8 20 21 46 9885.40000 5.84600000 330.78000 48.29000 18.29000 77.77000
 9 8 20 21 47 9885.40000 5.84600000 330.65000 48.29000 18.29000 77.77000
 9 8 20 21 47 9885.50000 5.84600000 329.96000 48.29000 18.29000 77.77000
 9 8 20 21 48 9885.50000 5.84600000 330.20000 48.29000 18.29000 77.77000
 9 8 20 21 48 9885.40000 5.84200000 330.20000 48.29000 18.33400 77.77000
 9 8 20 21 49 9886.40000 5.83700000 330.62000 48.29000 18.33400 77.77000
 9 8 20 21 49 9886.60000 5.83700000 330.62000 48.29000 18.35400 77.77000
 9 8 20 21 49 9885.60000 5.83700000 330.62000 48.29000 18.35400 77.77000
 9 8 20 21 50 9885.40000 5.83700000 330.62000 48.29000 18.35400 77.77000
 9 8 20 21 50 9885.50000 5.83700000 330.69000 48.29000 18.30500 77.77000
 9 8 20 21 51 9884.90000 5.83700000 330.75000 48.28000 18.30500 77.77000
 9 8 20 21 51 9884.90000 5.83700000 330.95000 48.28000 18.30500 77.77000
 9 8 20 21 52 9883.50000 5.83700000 330.89000 48.28000 18.30500 77.77000
 9 8 20 21 52 9883.50000 5.83700000 330.95000 48.32000 18.30500 77.77000
 9 8 20 21 53 9884.90000 5.83700000 330.90000 48.32000 18.30500 77.77000
 9 8 20 21 53 9884.90000 5.83700000 330.91000 48.32000 18.30500 77.77000
 9 8 20 21 54 9884.90000 5.84100000 330.90000 48.32000 18.30500 77.77000
 9 8 20 21 54 9884.80000 5.84100000 330.90000 48.32000 18.30500 77.77000
 9 8 20 21 55 9886.40000 5.84100000 331.10000 48.32000 18.30500 77.77000
 9 8 20 21 55 9887.80000 5.84100000 331.08000 48.32000 18.30500 77.77000
 9 8 20 21 56 9883.60000 5.84100000 330.91000 48.32000 18.30500 77.77000
 9 8 20 21 56 9887.70000 5.84100000 330.89000 48.32000 18.30500 77.77000
 9 8 20 21 56 9888.80000 5.84100000 330.84000 48.32000 18.30500 77.77000
 9 8 20 21 57 9887.80000 5.84100000 330.50000 48.28000 18.30500 77.77000
 9 8 20 21 57 9888.10000 5.84100000 330.30000 48.28000 18.30500 77.77000
 9 8 20 21 58 9888.20000 5.84100000 330.30000 48.28000 18.36200 77.77000
 9 8 20 21 58 9888.20000 5.84100000 330.30000 48.28000 18.40000 77.77000
 9 8 20 21 59 9892.30000 5.84100000 330.50000 48.32000 18.40000 77.91000
 9 8 20 21 59 9892.40000 5.84100000 330.49000 48.32000 18.37600 77.91000
 9 8 20 22 00 9893.90000 5.84100000 330.49000 48.32000 18.37600 77.91000
 9 8 20 22 00 9891.10000 5.84100000 330.22000 48.32000 18.38500 77.91000
 9 8 20 22 01 9894.60000 5.84100000 330.36000 48.34000 18.38500 77.91000
 9 8 20 22 01 9897.30000 5.84100000 330.49000 48.34000 18.42100 77.91000
 9 8 20 22 01 9904.70000 5.84100000 330.50000 48.34000 18.42100 77.91000
 9 8 20 22 02 9907.30000 5.84100000 330.75000 48.34000 18.42300 77.91000
 9 8 20 22 02 9907.20000 5.84100000 330.86000 48.34000 18.41400 77.91000
 9 8 20 22 03 9909.90000 5.84100000 331.08000 48.34000 18.41400 77.91000
 9 8 20 22 03 9909.90000 5.84100000 330.83000 48.34000 18.41400 77.91000
 9 8 20 22 04 9909.90000 5.84100000 330.85000 48.34000 18.41400 77.91000
 9 8 20 22 04 9910.00000 5.84100000 330.85000 48.34000 18.41400 77.91000
 9 8 20 22 05 9910.20000 5.84100000 330.99000 48.34000 18.41400 77.91000
 9 8 20 22 05 9910.10000 5.84100000 330.99000 48.34000 18.41400 77.91000
 9 8 20 22 06 9910.20000 5.84100000 331.01000 48.34000 18.41400 77.91000
 9 8 20 22 06 9910.20000 5.84100000 331.01000 48.34000 18.41400 77.91000
 9 8 20 22 07 9913.40000 5.84100000 331.01000 48.39000 18.41400 77.91000
 9 8 20 22 07 9913.60000 5.84100000 331.08000 48.39000 18.41400 77.91000
 9 8 20 22 07 9915.30000 5.84100000 331.10000 48.39000 18.39400 77.91000
 9 8 20 22 08 9912.20000 5.84100000 331.09000 48.39000 18.39400 77.91000
 9 8 20 22 08 9906.90000 5.84100000 331.09000 48.39000 18.40800 77.91000
 9 8 20 22 09 9908.40000 5.84100000 331.20000 48.37000 18.40800 77.91000
 9 8 20 22 09 9902.20000 5.84100000 331.23000 48.37000 18.40800 77.91000
 9 8 20 22 10 9910.50000 5.84100000 331.23000 48.37000 18.40800 77.91000
 9 8 20 22 10 9910.40000 5.84100000 331.32000 48.37000 18.40800 77.91000
 9 8 20 22 11 9904.40000 5.84100000 331.24000 48.37000 18.40800 77.91000
 9 8 20 22 11 9903.90000 5.84100000 331.23000 48.37000 18.43000 77.91000
 9 8 20 22 12 9904.70000 5.84100000 331.23000 48.37000 18.42900 77.91000
 9 8 20 22 12 9904.70000 5.84100000 331.12000 48.37000 18.42900 77.91000
 9 8 20 22 13 9904.80000 5.84100000 331.12000 48.37000 18.44800 77.91000
 9 8 20 22 13 9902.50000 5.84100000 331.09000 48.37000 18.44800 78.39300
 9 8 20 22 13 9902.50000 5.82300000 331.00000 48.37000 18.44800 78.39300
 9 8 20 22 14 9902.50000 5.82300000 331.00000 48.37000 18.44800 78.39300
 9 8 20 22 14 9902.50000 5.82300000 331.00000 48.37000 18.44800 78.39300
 9 8 20 22 15 9900.20000 5.82300000 330.99000 48.29000 18.44800 78.39300
 9 8 20 22 15 9900.10000 5.82300000 330.75000 48.29000 18.42000 78.39300
 9 8 20 22 16 9900.50000 5.82300000 330.60000 48.29000 18.42000 78.39300
 9 8 20 22 16 9900.50000 5.82300000 330.92000 48.29000 18.42000 78.39300
 9 8 20 22 17 9899.60000 5.82300000 331.13000 48.29000 18.42000 78.39300
 9 8 20 22 17 9901.20000 5.82300000 331.16000 48.29000 18.42000 78.39300
 9 8 20 22 18 9911.60000 5.83200000 331.64000 48.29000 18.44800 78.39300
 9 8 20 22 18 9920.20000 5.83200000 331.81000 48.42000 18.44800 78.39300
 9 8 20 22 19 9920.10000 5.83200000 331.81000 48.42000 18.44800 78.58800
 9 8 20 22 19 9926.00000 5.83200000 332.11000 48.42000 18.44800 78.58800
 9 8 20 22 19 9928.40000 5.84900000 332.17000 48.42000 18.44800 78.58800
 9 8 20 22 20 9928.20000 5.84900000 332.17000 48.42000 18.44800 78.58800
 9 8 20 22 20 9928.00000 5.84900000 332.17000 48.42000 18.44800 78.58800
 9 8 20 22 21 9928.10000 5.84900000 332.02000 48.42000 18.44800 78.58800
 9 8 20 22 21 9928.10000 5.84900000 331.93000 48.42000 18.44800 78.58800
 9 8 20 22 22 9928.10000 5.84900000 331.98000 48.42000 18.44800 78.58800
 9 8 20 22 22 9928.30000 5.84900000 331.96000 48.42000 18.44800 78.85300
 9 8 20 22 23 9928.40000 5.84900000 331.93000 48.42000 18.44800 78.85300
 9 8 20 22 23 9929.70000 5.84900000 331.93000 48.42000 18.44800 78.85300
 9 8 20 22 24 9923.40000 5.84900000 331.93000 48.42000 18.44800 78.85300
 9 8 20 22 24 9921.60000 5.84900000 331.65000 48.42000 18.44800 78.85300
 9 8 20 22 25 9923.70000 5.84900000 331.61000 48.42000 18.44800 78.85300
 9 8 20 22 25 9925.60000 5.84900000 331.61000 48.42000 18.44800 78.85300
 9 8 20 22 25 9924.80000 5.84900000 331.61000 48.42000 18.44800 78.85300
 9 8 20 22 26 9928.00000 5.84900000 331.77000 48.42000 18.44800 78.85300
 9 8 20 22 26 9929.30000 5.84900000 331.92000 48.42000 18.44800 78.85300
 9 8 20 22 27 9929.90000 5.84900000 331.94000 48.42000 18.44800 78.85300
 9 8 20 22 27 9929.90000 5.84900000 331.88000 48.42000 18.44800 78.85300
 9 8 20 22 28 9930.00000 5.84900000 331.77000 48.42000 18.44800 78.85300
 9 8 20 22 28 9929.40000 5.84900000 331.66000 48.42000 18.44800 78.85300
 9 8 20 22 29 9929.40000 5.84900000 331.63000 48.42000 18.44800 78.85300
 9 8 20 22 29 9929.90000 5.84900000 331.61000 48.42000 18.44800 78.85300
 9 8 20 22 29 9930.00000 5.84900000 331.59000 48.42000 18.44800 78.85300
 9 8 20 22 30 9930.00000 5.84900000 331.59000 48.42000 18.44800 78.85300
 9 8 20 22 30 9930.00000 5.84900000 331.59000 48.42000 18.44800 78.85300
 9 8 20 22 31 9930.00000 5.84900000 331.32000 48.42000 18.44800 78.85300
