M=[
11 6 20 09 57 8618.20000 5.92800000 216.12000 40.62000 13.88100 47.09700
11 6 20 09 58 8617.20000 5.92800000 216.12000 40.62000 13.89200 47.09700
11 6 20 09 58 8619.10000 5.92800000 216.12000 40.65000 13.85600 47.09700
11 6 20 09 59 8618.00000 5.92800000 216.13000 40.65000 13.85600 47.09700
11 6 20 09 59 8620.10000 5.94700000 216.13000 40.62000 13.85600 47.09700
11 6 20 10 00 8619.80000 5.92800000 216.13000 40.69000 13.85600 47.09700
11 6 20 10 00 8611.90000 5.92800000 216.12000 40.69000 13.91400 47.09700
11 6 20 10 00 8616.00000 5.92800000 216.12000 40.61000 13.91400 47.09700
11 6 20 10 01 8618.50000 5.92800000 216.11000 40.69000 13.91400 47.09700
11 6 20 10 01 8614.00000 5.92800000 216.06000 40.69000 13.91400 47.09700
11 6 20 10 02 8611.70000 5.92800000 216.08000 40.69000 13.91400 47.09700
11 6 20 10 02 8611.70000 5.94700000 216.12000 40.69000 13.90500 47.09700
11 6 20 10 03 8610.30000 5.94700000 216.02000 40.69000 13.91400 47.09700
11 6 20 10 03 8610.30000 5.92800000 215.92000 40.64000 13.91400 47.09700
11 6 20 10 04 8616.00000 5.92800000 216.01000 40.62000 13.91400 47.09700
11 6 20 10 04 8615.60000 5.92800000 216.01000 40.62000 13.85600 47.09700
11 6 20 10 05 8615.30000 5.91900000 216.02000 40.62000 13.91400 47.09700
11 6 20 10 05 8615.40000 5.91900000 216.02000 40.61000 13.89200 47.09700
11 6 20 10 06 8613.90000 5.91900000 216.02000 40.61000 13.91400 47.09700
11 6 20 10 06 8614.90000 5.91900000 216.01000 40.61000 13.91400 47.09700
11 6 20 10 06 8614.10000 5.91900000 216.01000 40.61000 13.91400 47.09700
11 6 20 10 07 8615.70000 5.91900000 216.02000 40.61000 13.91400 47.09700
11 6 20 10 07 8615.70000 5.91900000 216.02000 40.61000 13.89200 47.09700
11 6 20 10 08 8615.70000 5.91900000 216.03000 40.61000 13.91400 47.09700
11 6 20 10 08 8615.80000 5.91900000 216.03000 40.61000 13.91400 47.09700
11 6 20 10 09 8615.80000 5.91900000 216.03000 40.61000 13.91400 47.10800
11 6 20 10 09 8615.70000 5.91900000 216.02000 40.61000 13.89200 47.10800
11 6 20 10 10 8615.80000 5.94500000 216.03000 40.62000 13.91400 47.10800
11 6 20 10 10 8615.80000 5.94500000 216.03000 40.62000 13.91400 47.10800
11 6 20 10 11 8615.80000 5.94500000 216.13000 40.62000 13.91400 47.10800
11 6 20 10 11 8615.90000 5.94500000 216.12000 40.62000 13.91400 47.10800
11 6 20 10 12 8615.90000 5.94500000 216.12000 40.62000 13.91400 47.10800
11 6 20 10 12 8617.10000 5.94500000 216.12000 40.64000 13.91400 47.10800
11 6 20 10 12 8621.50000 5.94500000 216.03000 40.62000 13.91400 47.10800
11 6 20 10 13 8615.80000 5.95100000 216.12000 40.62000 13.91400 47.10800
11 6 20 10 13 8622.30000 5.95100000 216.12000 40.67000 13.91400 47.10800
11 6 20 10 14 8622.30000 5.95100000 216.02000 40.66000 13.91400 47.10800
11 6 20 10 14 8625.00000 5.95100000 216.13000 40.66000 13.91400 47.10800
11 6 20 10 15 8625.00000 5.92800000 216.13000 40.66000 13.90500 47.10800
11 6 20 10 15 8624.90000 5.95100000 216.13000 40.66000 13.91400 47.10800
11 6 20 10 16 8626.50000 5.95100000 216.13000 40.66000 13.91400 47.10800
11 6 20 10 16 8625.00000 5.95100000 216.13000 40.64000 13.91400 47.10800
11 6 20 10 16 8626.40000 5.95100000 216.13000 40.67000 13.91400 47.10800
11 6 20 10 17 8626.40000 5.95100000 216.13000 40.67000 13.91400 47.10800
11 6 20 10 17 8626.40000 5.94500000 216.13000 40.67000 13.85600 47.10800
11 6 20 10 18 8626.30000 5.93100000 216.12000 40.67000 13.91400 47.10800
11 6 20 10 18 8626.40000 5.93100000 216.12000 40.67000 13.91400 47.09700
11 6 20 10 19 8626.30000 5.93100000 216.12000 40.67000 13.91400 47.01100
11 6 20 10 19 8626.40000 5.93100000 216.13000 40.67000 13.91400 47.01100
11 6 20 10 20 8626.40000 5.93100000 216.13000 40.67000 13.91400 47.01100
11 6 20 10 20 8617.60000 5.93100000 216.13000 40.66000 13.91400 46.97400
11 6 20 10 21 8618.10000 5.93100000 216.13000 40.66000 13.91400 46.97400
11 6 20 10 21 8617.50000 5.93100000 216.03000 40.66000 13.91400 46.97400
11 6 20 10 22 8616.70000 5.92800000 216.03000 40.66000 13.91400 46.97400
11 6 20 10 22 8616.70000 5.93100000 216.03000 40.64000 13.91400 46.93000
11 6 20 10 23 8616.70000 5.93100000 216.03000 40.64000 13.93800 46.93000
11 6 20 10 23 8616.70000 5.93100000 216.03000 40.64000 13.93800 46.93000
11 6 20 10 24 8616.60000 5.93100000 216.03000 40.66000 13.93800 46.93000
11 6 20 10 24 8616.70000 5.93100000 216.03000 40.65000 13.93800 46.93000
11 6 20 10 24 8618.60000 5.93100000 216.03000 40.65000 13.93800 47.10800
11 6 20 10 25 8618.00000 5.93100000 216.03000 40.65000 13.93800 46.93000
11 6 20 10 25 8617.80000 5.93100000 216.03000 40.65000 13.93800 46.93000
11 6 20 10 26 8618.90000 5.93100000 216.05000 40.65000 13.93800 46.93000
11 6 20 10 26 8617.70000 5.93100000 216.04000 40.66000 13.93800 46.97400
11 6 20 10 27 8617.60000 5.93100000 216.04000 40.65000 13.93800 46.97400
11 6 20 10 27 8617.60000 5.93100000 216.07000 40.65000 13.93800 46.93000
11 6 20 10 28 8617.70000 5.93100000 216.07000 40.65000 13.93800 46.97400
11 6 20 10 28 8617.90000 5.93100000 216.04000 40.65000 13.93800 46.93000
11 6 20 10 28 8621.60000 5.93100000 216.04000 40.65000 13.93800 46.93000
11 6 20 10 29 8621.70000 5.93100000 216.04000 40.65000 13.93800 46.93000
11 6 20 10 30 8621.20000 5.93100000 216.03000 40.65000 14.00200 46.93000
11 6 20 10 30 8622.20000 5.93100000 216.04000 40.65000 14.00200 46.93000
11 6 20 10 30 8623.80000 5.93100000 216.04000 40.65000 14.05700 46.93000
11 6 20 10 31 8622.90000 5.93100000 216.04000 40.65000 13.93800 46.93000
11 6 20 10 31 8621.00000 5.93100000 216.04000 40.66000 14.05700 46.93000
11 6 20 10 32 8621.70000 5.93100000 216.04000 40.65000 14.08200 46.93000
11 6 20 10 32 8621.00000 5.94500000 216.04000 40.65000 14.08200 46.93000
11 6 20 10 33 8621.00000 5.93100000 216.04000 40.65000 14.08200 46.93000
11 6 20 10 33 8621.40000 5.93100000 216.04000 40.65000 14.08200 46.93000
11 6 20 10 34 8621.10000 5.93100000 216.04000 40.70000 14.08200 47.04300
11 6 20 10 34 8621.00000 5.93100000 216.04000 40.70000 14.08200 47.04300
11 6 20 10 35 8621.10000 5.93100000 216.04000 40.70000 14.08200 47.04300
11 6 20 10 35 8620.60000 5.93100000 216.04000 40.70000 14.10000 47.04300
11 6 20 10 35 8618.50000 5.93100000 216.14000 40.70000 14.10000 47.04300
11 6 20 10 36 8618.50000 5.93100000 216.15000 40.70000 14.10000 47.04300
11 6 20 10 36 8620.60000 5.93100000 216.19000 40.70000 14.10000 47.04300
11 6 20 10 37 8617.20000 5.93100000 216.13000 40.65000 14.10000 47.04300
11 6 20 10 37 8611.40000 5.93100000 216.10000 40.67000 14.10000 46.99200
11 6 20 10 38 8618.10000 5.93100000 215.82000 40.67000 14.10000 46.99200
11 6 20 10 38 8599.00000 5.93100000 215.64000 40.67000 14.09600 46.91000
11 6 20 10 39 8593.10000 5.93100000 215.82000 40.65000 14.09600 46.91000
11 6 20 10 39 8600.20000 5.93100000 215.92000 40.67000 14.09600 46.91000
11 6 20 10 40 8602.70000 5.93100000 215.92000 40.66000 14.09600 46.91000
11 6 20 10 40 8609.10000 5.93100000 216.13000 40.66000 14.09600 46.91000
11 6 20 10 41 8610.30000 5.93100000 216.11000 40.67000 14.09600 46.91000
11 6 20 10 41 8609.60000 5.93100000 216.16000 40.67000 14.09600 46.91000
11 6 20 10 42 8609.30000 5.93100000 216.16000 40.67000 14.09600 46.93000
11 6 20 10 42 8605.20000 5.93100000 216.12000 40.67000 14.09600 46.91000
11 6 20 10 43 8605.70000 5.93100000 216.16000 40.60000 14.09600 46.91000
11 6 20 10 43 8608.90000 5.94700000 216.28000 40.60000 14.09600 46.91000
11 6 20 10 44 8608.90000 5.93100000 216.32000 40.65000 14.09600 46.91000
11 6 20 10 44 8608.90000 5.93100000 216.34000 40.65000 14.09600 46.91000
11 6 20 10 45 8614.00000 5.93100000 216.50000 40.65000 14.09600 46.91000
11 6 20 10 45 8618.80000 5.93100000 216.50000 40.68000 14.09600 46.91000
11 6 20 10 46 8620.60000 5.94800000 216.63000 40.68000 14.09600 46.91000
11 6 20 10 46 8620.70000 5.94800000 216.63000 40.68000 14.09600 47.18200
11 6 20 10 46 8621.80000 5.94800000 216.66000 40.71000 14.09600 47.18200
11 6 20 10 47 8621.20000 5.94800000 216.66000 40.71000 14.09600 47.18200
11 6 20 10 47 8620.90000 5.94800000 216.69000 40.71000 14.11700 47.18200
