M=[
15 12 20 19 40 16040.00000 5.02200000 486.59000 67.53000 13.85000 56.24900
15 12 20 19 40 16044.00000 5.02200000 486.74000 67.53000 13.85000 56.24900
15 12 20 19 41 16045.00000 5.02200000 486.74000 67.53000 13.85000 56.24900
15 12 20 19 41 16048.00000 5.02200000 486.74000 67.53000 13.85000 56.24900
15 12 20 19 42 16045.10000 5.02200000 486.42000 67.53000 13.85000 56.24900
15 12 20 19 42 16045.10000 5.02200000 486.42000 67.53000 13.85000 56.24900
15 12 20 19 43 16050.00000 5.02200000 486.97000 67.57000 13.85000 56.24900
15 12 20 19 43 16061.00000 5.02200000 487.00000 67.61000 13.85000 56.24900
15 12 20 19 43 16061.00000 5.02200000 487.00000 67.61000 13.85000 56.24900
15 12 20 19 44 16061.00000 5.02200000 487.00000 67.65000 13.85000 56.24900
15 12 20 19 44 16061.00000 5.02200000 487.00000 67.65000 13.85000 56.24900
15 12 20 19 45 16066.50000 5.02200000 487.00000 67.65000 13.85000 56.24900
15 12 20 19 45 16066.50000 5.02200000 487.00000 67.64000 13.85000 56.24900
15 12 20 19 46 16066.50000 5.02700000 486.97000 67.57000 13.85000 56.24900
15 12 20 19 46 16066.40000 5.02700000 486.70000 67.48000 13.85000 56.24900
15 12 20 19 46 16059.90000 5.02700000 486.69000 67.48000 13.85000 56.24900
15 12 20 19 47 16045.90000 5.02700000 486.65000 67.48000 13.85000 56.24900
15 12 20 19 47 16044.50000 5.02700000 486.65000 67.44000 13.87000 56.24900
15 12 20 19 48 16045.80000 5.02700000 486.54000 67.44000 13.85000 56.24900
15 12 20 19 48 16045.60000 5.02700000 486.78000 67.46000 13.85000 56.24900
15 12 20 19 49 16053.60000 5.02700000 486.98000 67.46000 13.85000 56.27900
15 12 20 19 49 16048.70000 5.02700000 486.98000 67.52000 13.85000 56.27900
15 12 20 19 49 16050.00000 5.02700000 486.99000 67.52000 13.85000 56.27900
15 12 20 19 50 16048.70000 5.02700000 486.99000 67.52000 13.85000 56.27900
15 12 20 19 50 16049.90000 5.02700000 487.00000 67.52000 13.87600 56.27900
15 12 20 19 51 16050.00000 5.02700000 486.99000 67.55000 13.87600 56.27900
15 12 20 19 51 16050.00000 5.02700000 487.20000 67.55000 13.87600 56.27900
15 12 20 19 52 16050.00000 5.02700000 487.20000 67.58000 13.85000 56.41000
15 12 20 19 52 16049.90000 5.02700000 487.21000 67.58000 13.87400 56.41000
15 12 20 19 52 16049.90000 5.02700000 487.27000 67.58000 13.87500 56.41000
15 12 20 19 53 16050.00000 5.02700000 487.27000 67.58000 13.87200 56.41000
15 12 20 19 53 16050.00000 5.02700000 487.26000 67.58000 13.85300 56.41000
15 12 20 19 54 16049.90000 5.02700000 487.27000 67.58000 13.85300 56.41000
15 12 20 19 54 16049.80000 5.02700000 487.27000 67.58000 13.85300 56.41000
15 12 20 19 55 16050.00000 5.02700000 487.26000 67.58000 13.85300 56.41000
15 12 20 19 55 16049.90000 5.02700000 487.26000 67.58000 13.84500 56.41000
15 12 20 19 55 16050.00000 5.02700000 487.27000 67.57000 13.84500 56.41000
15 12 20 19 56 16049.90000 5.02700000 487.27000 67.57000 13.84500 56.41000
15 12 20 19 56 16061.80000 5.02700000 487.28000 67.60000 13.84500 56.41000
15 12 20 19 57 16061.70000 5.02700000 487.50000 67.60000 13.84500 56.41000
15 12 20 19 57 16061.80000 5.02700000 487.48000 67.60000 13.84500 56.41000
15 12 20 19 58 16064.80000 5.02700000 487.55000 67.60000 13.84500 56.41000
15 12 20 19 58 16067.00000 5.02700000 487.58000 67.60000 13.84500 56.41000
15 12 20 19 58 16068.70000 5.02700000 487.58000 67.62000 13.84500 56.41000
15 12 20 19 59 16067.30000 5.02700000 487.52000 67.62000 13.84500 56.41000
15 12 20 19 59 16073.40000 5.02700000 487.50000 67.62000 13.84500 56.46900
15 12 20 20 00 16073.70000 5.02700000 487.46000 67.61000 13.84500 56.46900
15 12 20 20 00 16078.80000 5.02700000 487.57000 67.61000 13.84500 56.46900
15 12 20 20 01 16073.50000 5.02700000 487.58000 67.64000 13.84500 56.46900
15 12 20 20 01 16071.30000 5.02700000 487.58000 67.62000 13.84500 56.46900
15 12 20 20 01 16079.00000 5.02700000 487.63000 67.62000 13.84500 56.46900
15 12 20 20 02 16078.20000 5.02700000 487.90000 67.67000 13.84500 56.46900
15 12 20 20 02 16069.50000 5.02700000 487.80000 67.66000 13.84500 56.46900
15 12 20 20 03 16062.90000 5.02700000 487.48000 67.65000 13.84500 56.46900
15 12 20 20 03 16053.60000 5.02700000 487.27000 67.62000 13.84500 56.46900
15 12 20 20 04 16055.30000 5.02700000 487.03000 67.52000 13.84500 56.46900
15 12 20 20 04 16055.30000 5.02700000 487.20000 67.52000 13.84500 56.46900
15 12 20 20 04 16049.00000 5.02700000 487.20000 67.52000 13.84500 56.38800
15 12 20 20 05 16044.10000 5.02700000 486.88000 67.51000 13.78400 56.38800
15 12 20 20 05 16048.90000 5.02700000 486.75000 67.45000 13.78400 56.38800
15 12 20 20 06 16053.30000 5.02700000 486.65000 67.45000 13.78400 56.38800
15 12 20 20 06 16068.80000 5.02700000 487.19000 67.52000 13.78400 56.38800
15 12 20 20 07 16070.60000 5.02700000 487.23000 67.56000 13.78400 56.38800
15 12 20 20 07 16064.60000 5.02700000 487.01000 67.56000 13.78400 56.38800
15 12 20 20 07 16063.00000 5.02700000 486.98000 67.56000 13.83500 56.38800
15 12 20 20 08 16058.40000 5.02700000 486.97000 67.56000 13.83500 56.38800
15 12 20 20 08 16051.50000 5.02700000 486.97000 67.49000 13.83500 56.38800
15 12 20 20 09 16051.20000 5.02700000 486.59000 67.49000 13.83500 56.38800
15 12 20 20 09 16054.70000 5.02700000 486.67000 67.60000 13.83500 56.38800
15 12 20 20 10 16055.90000 5.02700000 486.77000 67.73000 13.83500 56.38800
15 12 20 20 10 16055.50000 5.02700000 486.72000 67.69000 13.83500 56.38800
15 12 20 20 10 16055.60000 5.02700000 486.73000 67.69000 13.83500 56.38800
15 12 20 20 11 16048.20000 5.02700000 486.75000 67.69000 13.83500 56.38800
15 12 20 20 11 16050.60000 5.02700000 486.65000 67.69000 13.83500 56.38800
15 12 20 20 12 16051.60000 5.02700000 486.77000 67.91000 13.83500 56.38800
15 12 20 20 12 16051.30000 5.02700000 486.77000 67.90000 13.83500 56.38800
15 12 20 20 13 16050.30000 5.02700000 486.77000 67.99000 13.83900 56.38800
15 12 20 20 13 16046.00000 5.02700000 486.69000 68.00000 13.83900 56.38800
15 12 20 20 13 16048.30000 5.02700000 486.69000 68.10000 13.84000 56.38800
15 12 20 20 14 16047.40000 5.02700000 486.84000 68.11000 13.84000 56.38800
15 12 20 20 14 16047.40000 5.02700000 486.76000 68.11000 13.84000 56.38800
15 12 20 20 15 16047.50000 5.02700000 486.76000 68.11000 13.84000 56.38800
15 12 20 20 15 16047.50000 5.02700000 486.76000 68.19000 13.84000 56.38800
15 12 20 20 16 16047.40000 5.02700000 486.83000 68.25000 13.84000 56.38800
15 12 20 20 16 16050.30000 5.02700000 487.06000 68.46000 13.84000 56.38800
15 12 20 20 16 16054.00000 5.02700000 487.21000 68.41000 13.84000 56.38800
15 12 20 20 17 16053.90000 5.02700000 487.04000 68.39000 13.84000 56.38800
15 12 20 20 17 16054.00000 5.02700000 487.11000 68.43000 13.84000 56.51000
15 12 20 20 18 16054.00000 5.02700000 487.17000 68.46000 13.84000 56.51000
15 12 20 20 18 16052.00000 5.02700000 486.96000 68.46000 13.84000 56.51000
15 12 20 20 19 16051.90000 5.02700000 486.94000 68.34000 13.84000 56.51000
15 12 20 20 19 16071.60000 5.02700000 486.94000 68.39000 13.84000 56.51000
15 12 20 20 19 16075.00000 5.02700000 487.32000 68.37000 13.84000 56.51000
15 12 20 20 20 16065.90000 5.02700000 487.16000 68.27000 13.84000 56.51000
15 12 20 20 20 16060.70000 5.02700000 487.07000 68.28000 13.84000 56.51000
15 12 20 20 21 16067.20000 5.02700000 487.07000 68.24000 13.84000 56.51000
15 12 20 20 21 16047.30000 5.02700000 487.07000 68.27000 13.83900 56.51000
15 12 20 20 22 16040.30000 5.02700000 486.95000 68.21000 13.83900 56.51000
15 12 20 20 22 16034.60000 5.02700000 486.39000 68.21000 13.83900 56.51000
15 12 20 20 22 16034.60000 5.02700000 486.40000 68.21000 13.83900 56.51000
15 12 20 20 23 16034.70000 5.02700000 486.15000 68.20000 13.83900 56.51000
15 12 20 20 23 16034.60000 5.02700000 485.97000 68.20000 13.83900 56.51000
15 12 20 20 24 16034.70000 5.02700000 485.99000 68.14000 13.83900 56.51000
15 12 20 20 24 16034.70000 5.02700000 486.05000 68.20000 13.83900 56.51000
15 12 20 20 25 16033.40000 5.02700000 486.05000 68.04000 13.83900 56.51000
15 12 20 20 25 16030.10000 5.02300000 485.94000 68.04000 13.83900 56.51000
