M=[
19 7 21 05 03 26895.50000 35.19000000 1608.32000 101.31000 16.18800 79.63900
19 7 21 05 03 26895.50000 35.19000000 1608.32000 101.31000 16.18800 79.63900
19 7 21 05 04 26893.30000 35.19000000 1608.11000 101.31000 16.18800 79.63900
19 7 21 05 04 26899.50000 35.19000000 1608.98000 101.31000 16.18800 79.63900
19 7 21 05 04 26901.10000 35.19000000 1611.00000 101.31000 16.18800 79.63900
19 7 21 05 05 26908.60000 35.19000000 1611.44000 101.31000 16.18800 79.63900
19 7 21 05 05 26911.10000 35.19000000 1611.44000 101.31000 16.18800 79.63900
19 7 21 05 06 26921.60000 35.19000000 1610.98000 101.46000 16.18800 79.63900
19 7 21 05 06 26921.60000 35.19000000 1610.98000 101.46000 16.18800 79.63900
19 7 21 05 07 26915.20000 35.19000000 1610.51000 101.46000 16.18800 79.63900
19 7 21 05 07 26915.20000 35.19000000 1611.31000 101.46000 16.18800 79.63900
19 7 21 05 07 26915.20000 35.19000000 1611.31000 101.46000 16.18800 79.63900
19 7 21 05 08 26915.50000 35.19000000 1611.31000 101.46000 16.18800 79.63900
19 7 21 05 08 26921.70000 35.19000000 1611.31000 101.38000 16.18800 79.63900
19 7 21 05 09 26921.70000 35.19000000 1609.75000 101.38000 16.18800 79.63900
19 7 21 05 09 26915.20000 35.30800000 1608.74000 101.38000 16.18800 79.63900
19 7 21 05 10 26899.10000 35.30800000 1608.74000 101.38000 16.18800 79.63900
19 7 21 05 10 26900.90000 35.30800000 1608.74000 101.38000 16.18800 79.63900
19 7 21 05 10 26909.90000 35.30800000 1608.74000 101.38000 16.18800 79.63900
19 7 21 05 11 26909.90000 35.30800000 1608.74000 101.38000 16.18800 79.63900
19 7 21 05 11 26903.20000 35.30800000 1606.56000 101.38000 16.18800 79.63900
19 7 21 05 12 26900.90000 35.28300000 1606.93000 101.38000 16.18800 79.63900
19 7 21 05 12 26900.90000 35.28300000 1605.64000 101.38000 16.18800 79.63900
19 7 21 05 13 26896.60000 35.28300000 1606.03000 101.38000 16.18800 79.63900
19 7 21 05 13 26885.60000 35.28300000 1605.00000 101.38000 16.18800 79.63900
19 7 21 05 13 26887.80000 35.28300000 1605.00000 101.38000 16.18800 79.63900
19 7 21 05 14 26885.60000 35.28300000 1605.00000 101.38000 16.18800 79.63900
19 7 21 05 14 26881.90000 35.28300000 1605.00000 101.38000 16.18800 79.63900
19 7 21 05 15 26883.70000 35.28300000 1605.00000 101.07000 16.18800 79.63900
19 7 21 05 15 26882.50000 35.28300000 1605.00000 101.07000 16.18800 79.63900
19 7 21 05 16 26889.00000 35.28300000 1605.57000 101.07000 16.18800 79.63900
19 7 21 05 16 26890.80000 35.28300000 1605.57000 101.07000 16.18800 79.63900
19 7 21 05 16 26892.50000 35.28300000 1605.57000 101.07000 16.18800 79.63900
19 7 21 05 17 26890.50000 35.28300000 1606.73000 101.21000 16.18800 79.63900
19 7 21 05 17 26890.40000 35.28300000 1606.16000 101.21000 16.18800 79.63900
19 7 21 05 18 26890.40000 35.28300000 1605.39000 101.19000 16.18800 79.63900
19 7 21 05 18 26890.40000 35.28300000 1605.39000 101.19000 16.18800 79.63900
19 7 21 05 19 26890.40000 35.28300000 1605.39000 101.19000 16.18800 79.63900
19 7 21 05 19 26890.40000 35.28300000 1605.39000 101.19000 16.18800 79.63900
19 7 21 05 20 26890.40000 35.28300000 1605.39000 101.19000 16.18800 79.63900
19 7 21 05 20 26890.40000 35.28300000 1605.53000 101.19000 16.18800 79.63900
19 7 21 05 20 26848.30000 35.28300000 1605.38000 101.19000 16.18800 79.63900
19 7 21 05 21 26850.20000 35.28300000 1605.01000 101.19000 16.18800 79.63900
19 7 21 05 21 26853.40000 35.28300000 1605.01000 101.19000 16.18800 79.63900
19 7 21 05 22 26853.40000 35.28300000 1603.58000 101.10000 16.18800 79.63900
19 7 21 05 22 26853.30000 35.22900000 1603.94000 101.10000 16.18800 79.63900
19 7 21 05 23 26853.30000 35.22900000 1603.94000 101.10000 16.18800 79.63900
19 7 21 05 23 26853.30000 35.22900000 1603.94000 101.10000 16.18800 79.63900
19 7 21 05 23 26853.30000 35.22900000 1603.00000 101.10000 16.18800 79.63900
19 7 21 05 24 26853.30000 35.22900000 1602.90000 101.10000 16.18800 79.63900
19 7 21 05 24 26850.20000 35.22900000 1602.90000 101.10000 16.18800 79.63900
19 7 21 05 25 26850.20000 35.22900000 1603.00000 101.10000 16.18800 79.63900
19 7 21 05 25 26850.10000 35.22900000 1604.02000 101.10000 16.18800 79.63900
19 7 21 05 26 26850.20000 35.22900000 1603.74000 101.10000 16.18800 79.63900
19 7 21 05 26 26850.20000 35.22900000 1603.74000 101.15000 16.18800 79.63900
19 7 21 05 26 26825.30000 35.22900000 1602.89000 101.15000 16.18800 79.63900
19 7 21 05 27 26829.40000 35.22900000 1602.89000 101.10000 16.18800 79.63900
19 7 21 05 27 26831.70000 35.16900000 1602.89000 101.10000 16.18800 79.63900
19 7 21 05 28 26836.10000 35.16900000 1602.89000 101.14000 16.18800 79.63900
19 7 21 05 28 26836.10000 35.16900000 1603.58000 101.14000 16.18800 79.63900
19 7 21 05 29 26830.10000 35.16900000 1603.58000 101.14000 16.18800 79.63900
19 7 21 05 29 26836.20000 35.16900000 1603.58000 101.14000 16.18800 79.63900
19 7 21 05 29 26842.40000 35.16900000 1604.33000 101.14000 16.18800 79.63900
19 7 21 05 30 26842.40000 35.16900000 1604.33000 101.14000 16.18800 79.63900
19 7 21 05 30 26855.70000 35.16900000 1605.81000 101.14000 16.18800 79.63900
19 7 21 05 31 26848.80000 35.16900000 1606.01000 101.14000 16.18800 79.63900
19 7 21 05 31 26848.90000 35.16900000 1606.01000 101.14000 16.18800 79.63900
19 7 21 05 32 26848.80000 35.16900000 1606.00000 101.14000 16.18800 79.63900
19 7 21 05 32 26848.90000 35.16900000 1605.72000 101.14000 16.18800 79.63900
19 7 21 05 32 26848.90000 35.16900000 1605.72000 101.14000 16.18800 79.63900
19 7 21 05 33 26859.40000 35.16900000 1606.40000 101.14000 16.18800 79.63900
19 7 21 05 33 26861.70000 35.16900000 1606.40000 101.14000 16.18800 79.63900
19 7 21 05 34 26861.70000 35.16900000 1606.40000 101.14000 16.18800 79.63900
19 7 21 05 34 26879.40000 35.16900000 1606.40000 101.14000 16.18800 79.63900
19 7 21 05 35 26879.40000 35.16900000 1606.75000 101.14000 16.18800 79.63900
19 7 21 05 35 26870.50000 35.16900000 1606.67000 101.14000 16.18800 79.63900
19 7 21 05 36 26872.40000 35.16900000 1607.28000 101.14000 16.18800 79.63900
19 7 21 05 36 26872.40000 35.16900000 1607.76000 101.14000 16.18800 79.63900
19 7 21 05 36 26872.40000 35.16900000 1607.47000 101.14000 16.18800 79.63900
19 7 21 05 37 26853.80000 35.16900000 1607.09000 101.33000 16.18800 79.63900
19 7 21 05 37 26853.70000 35.16900000 1606.63000 101.33000 16.18800 79.63900
19 7 21 05 38 26850.00000 35.16900000 1606.63000 101.37000 16.18800 79.63900
19 7 21 05 38 26853.70000 35.16900000 1607.68000 101.37000 16.18800 79.63900
19 7 21 05 39 26854.90000 35.16900000 1607.68000 101.37000 16.18800 79.63900
19 7 21 05 39 26858.60000 35.16900000 1607.41000 101.37000 16.18800 79.63900
19 7 21 05 39 26857.20000 35.16900000 1607.37000 101.37000 16.18800 79.63900
19 7 21 05 40 26861.00000 35.16900000 1607.99000 101.37000 16.18800 79.63900
19 7 21 05 40 26872.00000 35.16900000 1608.35000 101.37000 16.18800 79.63900
19 7 21 05 41 26874.70000 35.16900000 1608.35000 101.37000 16.18800 79.63900
19 7 21 05 41 26874.70000 35.16900000 1608.35000 101.37000 16.18800 79.63900
19 7 21 05 42 26880.00000 35.16900000 1608.35000 101.37000 16.18800 79.75100
19 7 21 05 42 26879.80000 35.16900000 1608.10000 101.37000 16.18800 79.75100
19 7 21 05 42 26879.70000 35.16900000 1608.10000 101.37000 16.18800 79.75100
19 7 21 05 43 26879.70000 35.16900000 1608.10000 101.37000 16.18800 79.75100
19 7 21 05 43 26887.40000 35.16900000 1608.14000 101.37000 16.18800 79.75100
19 7 21 05 44 26879.80000 35.16900000 1607.90000 101.37000 16.18800 79.75100
19 7 21 05 44 26879.80000 35.16900000 1607.90000 101.37000 16.18800 79.75100
19 7 21 05 45 26879.80000 35.16900000 1607.00000 101.37000 16.18800 79.84300
19 7 21 05 45 26879.80000 35.16900000 1607.31000 101.37000 16.18800 79.84300
19 7 21 05 45 26903.30000 35.16900000 1607.36000 101.37000 16.18800 79.84300
19 7 21 05 46 26938.60000 35.16900000 1611.31000 101.37000 16.18800 79.84300
19 7 21 05 46 26950.10000 35.16900000 1611.64000 101.37000 16.18800 79.84300
19 7 21 05 47 26950.00000 35.16900000 1611.64000 101.37000 16.18800 79.84300
