M=[
30 12 20 09 16 22601.60000 4.67100000 591.50000 102.00000 14.31600 51.73400
30 12 20 09 16 22619.90000 4.67100000 591.95000 102.23000 14.31600 51.73400
30 12 20 09 16 22647.00000 4.60100000 592.32000 102.20000 14.31600 51.73400
30 12 20 09 17 22657.30000 4.60100000 592.73000 102.20000 14.31600 51.73400
30 12 20 09 17 22671.00000 4.60100000 593.03000 102.33000 14.31600 51.73400
30 12 20 09 18 22661.00000 4.60100000 592.74000 102.25000 14.31600 51.73400
30 12 20 09 18 22663.70000 4.60100000 592.79000 102.36000 14.31600 51.73400
30 12 20 09 19 22667.80000 4.60100000 593.06000 102.41000 14.31600 51.73400
30 12 20 09 19 22692.90000 4.60100000 593.41000 102.47000 14.31600 51.73400
30 12 20 09 19 22698.80000 4.60100000 594.06000 102.49000 14.31600 51.73400
30 12 20 09 20 22680.00000 4.60100000 593.70000 102.29000 14.31600 51.73400
30 12 20 09 20 22665.30000 4.60100000 593.70000 102.32000 14.31600 51.73400
30 12 20 09 21 22672.60000 4.60100000 593.85000 102.32000 14.31600 51.73400
30 12 20 09 21 22661.80000 4.60100000 593.42000 102.37000 14.31600 51.73400
30 12 20 09 22 22656.00000 4.60100000 593.42000 102.38000 14.31600 51.73400
30 12 20 09 22 22660.80000 4.60100000 593.41000 102.34000 14.31600 51.73400
30 12 20 09 22 22628.60000 4.60100000 592.98000 102.28000 14.31600 51.73400
30 12 20 09 23 22623.30000 4.60100000 592.00000 102.15000 14.31600 51.73400
30 12 20 09 23 22641.40000 4.60100000 591.96000 102.15000 14.31600 51.73400
30 12 20 09 24 22671.60000 4.60100000 593.48000 102.30000 14.31600 51.98000
30 12 20 09 24 22694.70000 4.60100000 593.36000 102.31000 14.31600 51.98000
30 12 20 09 25 22715.00000 4.60100000 593.94000 102.31000 14.31600 52.06000
30 12 20 09 25 22683.00000 4.60100000 593.86000 102.51000 14.31600 52.06000
30 12 20 09 26 22701.10000 4.60100000 593.86000 102.49000 14.31600 52.06000
30 12 20 09 26 22700.10000 4.60100000 593.85000 102.56000 14.31600 52.06000
30 12 20 09 26 22686.20000 4.60100000 593.02000 102.39000 14.31600 52.09000
30 12 20 09 27 22703.90000 4.60100000 593.78000 102.49000 14.31600 52.09000
30 12 20 09 27 22703.90000 4.60100000 593.72000 102.58000 14.31600 52.09000
30 12 20 09 28 22694.80000 4.60100000 593.41000 102.66000 14.31600 52.09000
30 12 20 09 28 22694.80000 4.60100000 593.40000 102.66000 14.31600 52.09000
30 12 20 09 29 22694.70000 4.60100000 593.79000 102.58000 14.31600 52.09000
30 12 20 09 29 22688.60000 4.60100000 593.37000 102.54000 14.31600 52.09000
30 12 20 09 29 22686.80000 4.60100000 593.23000 102.51000 14.31600 52.09000
30 12 20 09 30 22670.10000 4.60100000 592.72000 102.55000 14.31600 52.09000
30 12 20 09 30 22660.00000 4.60100000 592.51000 102.41000 14.31600 52.09000
30 12 20 09 31 22636.70000 4.60100000 592.19000 102.41000 14.31600 52.09000
30 12 20 09 31 22655.60000 4.60100000 592.60000 102.41000 14.31600 52.09000
30 12 20 09 32 22679.60000 4.60100000 592.80000 102.41000 14.31600 52.09000
30 12 20 09 32 22673.60000 4.60100000 592.42000 102.41000 14.31600 52.09000
30 12 20 09 32 22669.90000 4.60100000 592.42000 102.39000 14.31600 52.09000
30 12 20 09 33 22670.30000 4.60100000 592.75000 102.34000 14.31600 52.09000
30 12 20 09 33 22670.30000 4.60100000 592.77000 102.40000 14.31600 52.09000
30 12 20 09 34 22670.30000 4.60100000 593.14000 102.40000 14.31600 52.09000
30 12 20 09 34 22670.30000 4.60100000 593.22000 102.40000 14.31600 52.09000
30 12 20 09 35 22680.00000 4.60100000 593.22000 102.46000 14.24900 52.09000
30 12 20 09 35 22700.30000 4.60100000 593.42000 102.46000 14.24900 52.09000
30 12 20 09 35 22707.20000 4.60100000 593.48000 102.59000 14.24900 52.09000
30 12 20 09 36 22714.80000 4.60100000 593.16000 102.53000 14.24900 52.09000
30 12 20 09 36 22693.50000 4.60100000 592.89000 102.39000 14.24900 52.09000
30 12 20 09 37 22686.60000 4.60100000 592.60000 102.43000 14.24900 52.09000
30 12 20 09 37 22675.20000 4.60100000 592.50000 102.30000 14.24900 52.09000
30 12 20 09 38 22678.20000 4.60100000 592.67000 102.32000 14.24900 52.09000
30 12 20 09 38 22667.10000 4.60100000 592.50000 102.32000 14.24900 52.17000
30 12 20 09 38 22669.10000 4.60100000 592.50000 102.32000 14.24900 52.17000
30 12 20 09 39 22636.60000 4.60100000 591.53000 102.21000 14.24900 52.17000
30 12 20 09 39 22634.10000 4.60100000 591.25000 102.03000 14.24900 52.08000
30 12 20 09 40 22641.80000 4.60100000 590.97000 101.92000 14.24900 52.08000
30 12 20 09 40 22673.40000 4.60200000 591.40000 102.07000 14.24900 52.11000
30 12 20 09 41 22672.20000 4.60200000 591.40000 102.16000 14.24900 52.11000
30 12 20 09 41 22676.60000 4.60200000 591.40000 102.07000 14.24900 52.11000
30 12 20 09 41 22663.90000 4.61600000 591.40000 101.99000 14.24900 52.11000
30 12 20 09 42 22658.60000 4.61600000 591.40000 102.01000 14.24900 52.11300
30 12 20 09 42 22636.80000 4.61600000 591.69000 102.01000 14.24900 52.15900
30 12 20 09 43 22630.10000 4.61600000 591.58000 102.01000 14.24900 52.15900
30 12 20 09 43 22630.00000 4.61600000 591.80000 102.07000 14.24900 52.15900
30 12 20 09 44 22612.80000 4.61600000 591.51000 102.07000 14.24900 52.15900
30 12 20 09 44 22628.00000 4.61600000 591.52000 102.07000 14.24900 52.15900
30 12 20 09 44 22628.40000 4.61600000 591.51000 102.13000 14.24900 52.15900
30 12 20 09 45 22604.10000 4.61600000 591.52000 102.21000 14.24900 52.15900
30 12 20 09 45 22613.20000 4.61600000 591.52000 102.12000 14.24900 52.15900
30 12 20 09 46 22605.30000 4.61600000 591.12000 102.12000 14.24900 52.15900
30 12 20 09 46 22611.20000 4.61600000 591.26000 102.05000 14.24900 52.15900
30 12 20 09 47 22601.90000 4.61600000 590.90000 102.00000 14.24900 52.15900
30 12 20 09 47 22608.00000 4.61600000 591.01000 101.96000 14.24900 52.15900
30 12 20 09 47 22601.80000 4.61600000 591.01000 101.96000 14.24900 52.15900
30 12 20 09 48 22603.40000 4.61600000 591.79000 101.96000 14.24900 52.15900
30 12 20 09 48 22616.70000 4.61600000 591.80000 101.96000 14.24900 52.15900
30 12 20 09 49 22619.90000 4.61600000 591.80000 101.96000 14.24900 52.15900
30 12 20 09 49 22659.90000 4.61600000 593.43000 102.15000 14.24900 52.01400
30 12 20 09 49 22670.00000 4.60500000 593.24000 102.38000 14.24900 52.01400
30 12 20 09 50 22685.70000 4.62900000 593.71000 102.53000 14.24900 52.01400
30 12 20 09 50 22700.00000 4.62900000 593.99000 102.53000 14.24900 52.01400
30 12 20 09 51 22710.80000 4.62900000 593.60000 102.70000 14.24900 52.01400
30 12 20 09 51 22702.80000 4.62900000 593.46000 102.71000 14.24900 52.01400
30 12 20 09 52 22737.60000 4.62900000 593.95000 102.67000 14.24900 52.01400
30 12 20 09 52 22737.40000 4.62900000 594.00000 102.81000 14.24900 52.35400
30 12 20 09 53 22734.50000 4.62900000 593.97000 102.95000 14.24900 52.35400
30 12 20 09 53 22734.60000 4.60900000 593.99000 103.00000 14.24900 52.35400
30 12 20 09 53 22732.50000 4.60900000 594.36000 102.98000 14.24900 52.34400
30 12 20 09 54 22737.50000 4.60900000 594.36000 102.98000 14.24900 52.34400
30 12 20 09 54 22738.70000 4.60900000 593.97000 102.87000 14.24900 52.34400
30 12 20 09 55 22730.10000 4.60900000 593.44000 102.62000 14.24900 52.34400
30 12 20 09 55 22740.00000 4.60900000 593.87000 102.63000 14.24900 52.23800
30 12 20 09 55 22740.20000 4.60900000 593.46000 102.63000 14.24900 52.23800
30 12 20 09 56 22758.80000 4.60900000 593.54000 102.91000 14.24900 52.23800
30 12 20 09 56 22772.70000 4.60900000 593.53000 102.82000 14.24900 52.23800
30 12 20 09 57 22770.10000 4.60900000 593.45000 102.82000 14.24900 52.23800
30 12 20 09 57 22770.10000 4.60900000 593.45000 102.82000 14.24900 52.23800
30 12 20 09 58 22775.60000 4.60900000 593.44000 102.77000 14.24900 52.23800
30 12 20 09 58 22775.60000 4.60900000 592.71000 102.81000 14.24900 52.23800
30 12 20 09 58 22770.20000 4.60900000 592.71000 102.81000 14.24900 52.23800
30 12 20 09 59 22765.00000 4.60900000 593.01000 102.81000 14.24900 52.23800
30 12 20 09 59 22761.80000 4.60900000 593.07000 102.81000 14.24900 52.23800
30 12 20 10 00 22761.00000 4.60900000 592.78000 102.81000 14.24900 52.23800
30 12 20 10 00 22761.00000 4.62500000 592.20000 102.69000 14.24900 52.23800
