M=[
 1 5 21 21 02 47895.00000 37.53900000 2448.69000 226.54000 35.15200 212.24200
 1 5 21 21 03 47894.90000 37.45200000 2446.84000 226.54000 35.15200 212.24100
 1 5 21 21 03 47895.00000 37.49400000 2446.20000 226.40000 35.15200 212.24100
 1 5 21 21 04 47923.90000 37.50000000 2447.14000 226.69000 35.15200 212.24100
 1 5 21 21 04 47923.90000 37.47200000 2447.14000 226.59000 35.15200 212.24100
 1 5 21 21 04 47923.90000 37.61300000 2447.00000 226.80000 35.15200 212.24100
 1 5 21 21 05 47946.80000 37.61300000 2447.00000 226.80000 35.15200 212.24100
 1 5 21 21 05 47946.70000 37.89000000 2446.99000 226.80000 35.15200 212.24100
 1 5 21 21 06 47942.50000 37.83900000 2446.98000 226.80000 35.15200 212.24100
 1 5 21 21 06 47946.60000 37.61500000 2447.00000 226.80000 35.15200 212.24100
 1 5 21 21 07 47946.70000 37.73100000 2446.99000 226.90000 35.14800 212.24100
 1 5 21 21 07 47946.60000 37.85100000 2446.92000 226.96000 35.14800 212.24100
 1 5 21 21 07 47946.70000 37.67200000 2447.00000 226.88000 35.14800 212.24100
 1 5 21 21 08 47946.70000 37.66000000 2446.99000 226.88000 35.14800 212.24100
 1 5 21 21 08 47953.00000 37.70200000 2446.96000 226.91000 35.14800 212.24100
 1 5 21 21 09 47955.30000 37.92600000 2446.98000 226.92000 35.14800 212.24100
 1 5 21 21 09 47955.40000 37.84100000 2446.98000 226.92000 35.14800 212.24100
 1 5 21 21 10 47955.40000 37.73500000 2446.99000 226.92000 35.14800 212.24100
 1 5 21 21 10 47956.00000 37.58000000 2446.98000 226.98000 35.14800 212.06100
 1 5 21 21 10 47963.70000 37.63000000 2446.95000 226.98000 35.14800 212.06100
 1 5 21 21 11 47963.70000 37.71800000 2446.86000 226.98000 35.14800 212.06100
 1 5 21 21 11 47964.80000 37.65700000 2445.29000 226.93000 35.14800 212.06100
 1 5 21 21 12 47964.80000 37.63000000 2441.42000 226.93000 35.14800 212.06200
 1 5 21 21 12 47964.70000 37.51700000 2440.11000 226.94000 35.14800 212.06200
 1 5 21 21 13 47968.10000 37.53700000 2438.99000 226.94000 35.14800 212.06200
 1 5 21 21 13 47968.00000 37.53700000 2437.77000 226.93000 35.14800 212.06200
 1 5 21 21 13 47968.00000 37.61000000 2436.10000 226.53000 35.14800 212.06200
 1 5 21 21 14 47968.80000 37.58400000 2438.12000 226.53000 35.14800 212.06200
 1 5 21 21 14 47968.80000 37.61600000 2438.45000 226.66000 35.14800 212.06200
 1 5 21 21 15 47974.90000 37.63000000 2438.89000 226.66000 35.14800 212.06200
 1 5 21 21 15 47974.80000 37.63000000 2438.99000 226.73000 35.14800 212.06200
 1 5 21 21 16 47974.90000 37.74500000 2437.98000 226.73000 35.14800 212.06200
 1 5 21 21 16 47972.10000 37.52200000 2438.60000 226.61000 35.14800 212.06200
 1 5 21 21 16 47972.10000 37.45700000 2438.48000 226.61000 35.14800 212.06200
 1 5 21 21 17 47968.20000 37.45700000 2437.92000 226.70000 35.14800 212.06200
 1 5 21 21 17 47968.00000 37.31500000 2434.06000 226.45000 35.14800 212.06200
 1 5 21 21 18 47904.40000 37.28700000 2432.06000 226.33000 35.14800 212.06200
 1 5 21 21 18 47908.90000 37.31800000 2432.02000 226.28000 35.14800 212.06200
 1 5 21 21 19 47884.30000 37.22300000 2431.65000 226.24000 35.14800 212.06200
 1 5 21 21 19 47866.20000 37.25500000 2431.95000 226.18000 35.14800 212.06200
 1 5 21 21 19 47866.20000 37.25500000 2430.99000 225.77000 35.14800 212.06200
 1 5 21 21 20 47860.00000 37.19600000 2431.00000 225.80000 35.14800 212.06200
 1 5 21 21 20 47860.00000 37.16600000 2430.83000 225.80000 35.14800 212.06200
 1 5 21 21 21 47855.00000 37.12900000 2430.97000 225.82000 35.14800 212.06200
 1 5 21 21 21 47858.10000 37.16400000 2430.54000 225.82000 35.14800 212.06200
 1 5 21 21 22 47851.30000 37.01400000 2430.84000 225.59000 35.14800 212.06200
 1 5 21 21 22 47851.30000 37.01900000 2430.93000 225.59000 35.14800 211.82400
 1 5 21 21 22 47852.00000 37.01900000 2430.99000 225.59000 35.14800 211.82400
 1 5 21 21 23 47857.90000 37.09000000 2431.00000 225.59000 35.14800 211.82400
 1 5 21 21 23 47851.80000 37.20400000 2431.00000 225.64000 35.14800 211.82400
 1 5 21 21 24 47850.00000 37.25400000 2431.00000 225.59000 35.14800 211.71200
 1 5 21 21 24 47849.90000 37.21600000 2430.99000 225.59000 35.14800 211.71200
 1 5 21 21 25 47850.00000 37.16500000 2431.00000 225.48000 35.14800 211.71200
 1 5 21 21 25 47850.00000 37.16500000 2430.99000 225.54000 35.14800 211.71200
 1 5 21 21 25 47850.00000 37.16500000 2431.00000 225.54000 35.14800 211.71200
 1 5 21 21 26 47850.00000 36.90600000 2431.00000 225.54000 35.14800 211.71200
 1 5 21 21 26 47850.00000 37.05400000 2431.00000 225.53000 35.07100 211.71200
 1 5 21 21 27 47850.00000 37.01400000 2431.66000 225.84000 35.07100 211.71200
 1 5 21 21 27 47849.90000 37.15100000 2434.88000 225.93000 35.07100 212.27800
 1 5 21 21 27 47836.50000 37.11700000 2434.65000 225.58000 35.07100 212.27800
 1 5 21 21 28 47836.60000 36.98300000 2435.14000 225.68000 35.07100 212.27800
 1 5 21 21 28 47836.60000 37.06600000 2436.20000 225.66000 35.17100 212.27800
 1 5 21 21 29 47836.60000 37.05700000 2436.49000 225.66000 35.17100 212.27800
 1 5 21 21 29 47837.00000 36.99800000 2437.03000 226.06000 35.17100 212.27800
 1 5 21 21 30 47854.70000 37.06600000 2437.02000 226.06000 35.17100 212.27800
 1 5 21 21 30 47856.80000 37.06600000 2437.03000 225.92000 35.17100 212.34800
 1 5 21 21 30 47856.80000 36.97800000 2437.02000 225.92000 35.17100 212.34800
 1 5 21 21 31 47859.90000 37.04100000 2437.03000 225.93000 34.92200 212.34800
 1 5 21 21 31 47859.90000 36.98000000 2437.02000 225.93000 34.92200 212.34800
 1 5 21 21 32 47864.00000 36.97700000 2437.02000 225.87000 35.16800 212.34800
 1 5 21 21 32 47867.30000 37.06600000 2436.26000 225.83000 35.16800 212.34800
 1 5 21 21 33 47867.30000 37.21400000 2438.33000 225.83000 35.16800 212.24000
 1 5 21 21 33 47877.50000 37.17400000 2440.34000 225.83000 35.16800 212.24000
 1 5 21 21 33 47887.40000 37.17400000 2440.77000 225.83000 35.16800 212.24000
 1 5 21 21 34 47897.70000 37.17400000 2440.77000 226.34000 35.16800 212.44900
 1 5 21 21 34 47897.70000 37.20400000 2440.78000 226.34000 35.16800 212.44900
 1 5 21 21 35 47897.70000 37.23600000 2440.77000 226.49000 35.16800 212.44900
 1 5 21 21 35 47897.60000 37.12800000 2440.78000 226.47000 35.16800 212.44900
 1 5 21 21 36 47897.60000 37.23100000 2442.00000 226.47000 35.16800 212.23900
 1 5 21 21 36 47898.00000 37.20500000 2442.81000 226.51000 35.16800 212.23900
 1 5 21 21 36 47898.00000 37.07100000 2440.24000 226.51000 35.16800 212.23900
 1 5 21 21 37 47912.30000 37.02600000 2439.80000 226.59000 35.16800 212.23900
 1 5 21 21 37 47916.80000 37.02000000 2439.81000 226.62000 35.16800 212.23900
 1 5 21 21 38 47916.90000 37.05200000 2439.79000 226.61000 35.16800 212.23900
 1 5 21 21 38 47918.70000 37.06600000 2439.25000 226.61000 35.16800 212.29600
 1 5 21 21 39 47915.30000 37.06600000 2439.05000 226.61000 35.16800 212.29600
 1 5 21 21 39 47918.60000 36.86800000 2439.05000 226.60000 35.16800 212.29600
 1 5 21 21 39 47918.60000 36.94500000 2439.01000 226.60000 35.16800 212.29600
 1 5 21 21 40 47918.60000 36.94500000 2438.98000 226.59000 35.16800 212.23900
 1 5 21 21 40 47918.50000 36.77800000 2438.99000 226.60000 35.16800 212.23900
 1 5 21 21 41 47918.50000 36.82400000 2439.20000 226.60000 35.16800 212.23900
 1 5 21 21 41 47918.50000 36.74000000 2439.20000 226.49000 35.07500 212.23900
 1 5 21 21 42 47918.90000 36.76800000 2439.20000 226.49000 35.07500 212.23900
 1 5 21 21 42 47919.00000 36.71400000 2439.23000 226.49000 35.07500 212.23900
 1 5 21 21 42 47914.90000 36.65800000 2439.22000 226.49000 35.07500 212.23900
 1 5 21 21 43 47862.60000 36.66600000 2439.22000 226.08000 35.07500 212.23900
 1 5 21 21 43 47868.60000 36.66600000 2437.43000 226.08000 35.07500 212.23900
 1 5 21 21 44 47852.40000 36.60000000 2435.95000 226.08000 35.07500 212.23900
 1 5 21 21 44 47795.70000 36.42000000 2433.12000 226.08000 35.07500 212.23900
 1 5 21 21 45 47794.10000 36.49000000 2433.33000 225.38000 35.00000 212.00000
 1 5 21 21 45 47737.20000 36.47000000 2430.30000 225.38000 35.00000 212.00000
 1 5 21 21 45 47735.50000 36.31100000 2430.16000 225.13000 34.85300 212.00000
