M=[
25 7 21 12 29 29166.90000 40.75100000 1823.82000 106.43000 27.24400 83.55100
25 7 21 12 30 29178.00000 40.73700000 1824.76000 106.43000 27.24400 83.55100
25 7 21 12 30 29190.00000 40.73700000 1825.50000 106.43000 27.24400 83.55100
25 7 21 12 31 29192.70000 40.73700000 1825.41000 106.43000 27.24400 83.55100
25 7 21 12 31 29204.60000 40.73700000 1825.41000 106.43000 27.24400 83.55100
25 7 21 12 32 29223.80000 40.73700000 1828.47000 106.43000 27.24400 83.55100
25 7 21 12 32 29231.90000 40.73700000 1828.72000 106.60000 27.24400 83.55100
25 7 21 12 32 29232.00000 40.73700000 1828.72000 106.62000 27.24400 83.55100
25 7 21 12 33 29243.00000 40.73700000 1828.72000 106.62000 27.24400 83.55100
25 7 21 12 33 29236.70000 40.73700000 1828.84000 106.62000 27.24400 83.55100
25 7 21 12 34 29220.10000 40.73700000 1827.53000 106.62000 27.24400 83.55100
25 7 21 12 34 29210.00000 40.73700000 1827.53000 106.62000 27.24400 83.55100
25 7 21 12 35 29210.80000 40.73700000 1827.42000 106.62000 27.24400 83.55100
25 7 21 12 35 29200.00000 40.73700000 1827.42000 106.62000 27.24400 83.55100
25 7 21 12 36 29200.00000 40.73700000 1825.87000 106.62000 27.24400 83.55100
25 7 21 12 36 29200.10000 40.73700000 1824.95000 106.40000 27.40000 83.55100
25 7 21 12 36 29177.10000 40.73700000 1825.02000 106.40000 27.40000 83.55100
25 7 21 12 37 29171.30000 40.73700000 1825.32000 106.39000 27.40000 83.55100
25 7 21 12 37 29171.70000 40.73700000 1825.03000 106.39000 27.40000 83.55100
25 7 21 12 38 29184.10000 40.73700000 1825.03000 106.43000 27.48100 83.55100
25 7 21 12 38 29172.60000 40.73700000 1826.59000 106.43000 27.48100 83.55100
25 7 21 12 39 29172.30000 40.73700000 1826.59000 106.43000 27.48100 83.55100
25 7 21 12 39 29159.60000 40.73700000 1824.38000 106.32000 27.48100 83.59700
25 7 21 12 39 29136.30000 40.73700000 1824.93000 106.32000 27.57700 83.59700
25 7 21 12 40 29140.40000 40.73700000 1824.23000 106.29000 27.57700 83.59700
25 7 21 12 40 29142.00000 40.73700000 1824.22000 106.29000 27.57700 83.59700
25 7 21 12 41 29142.90000 40.73700000 1824.55000 106.29000 27.57700 83.59700
25 7 21 12 41 29152.20000 40.73700000 1824.55000 106.35000 27.57700 83.59700
25 7 21 12 42 29142.90000 40.73700000 1824.02000 106.35000 27.57700 83.59700
25 7 21 12 42 29142.90000 40.73700000 1824.01000 106.35000 27.57700 83.59700
25 7 21 12 42 29142.90000 40.66800000 1824.01000 106.35000 27.57700 83.59700
25 7 21 12 43 29129.10000 40.66800000 1824.06000 106.35000 27.34500 83.59700
25 7 21 12 43 29128.00000 40.58500000 1824.01000 106.35000 27.34500 83.59700
25 7 21 12 44 29126.50000 40.58500000 1824.00000 106.37000 27.34500 83.59700
25 7 21 12 44 29104.40000 40.57800000 1822.08000 106.37000 27.34500 83.59700
25 7 21 12 45 29110.80000 40.57800000 1821.55000 106.20000 27.34500 83.59700
25 7 21 12 45 29118.90000 40.57800000 1822.75000 106.20000 27.41300 83.59700
25 7 21 12 45 29143.30000 40.57800000 1825.24000 106.38000 27.41300 83.59700
25 7 21 12 46 29136.30000 40.57800000 1824.24000 106.33000 27.41300 83.59700
25 7 21 12 46 29144.60000 40.57800000 1823.97000 106.33000 27.41300 83.59700
25 7 21 12 47 29144.60000 40.57800000 1823.61000 106.33000 27.41300 83.59700
25 7 21 12 47 29112.60000 40.47000000 1822.23000 106.36000 27.41300 83.59700
25 7 21 12 48 29108.20000 40.47000000 1821.01000 106.36000 27.41300 83.59700
25 7 21 12 48 29123.30000 40.47000000 1822.19000 106.36000 27.41300 83.59700
25 7 21 12 48 29130.90000 40.47000000 1822.17000 106.23000 27.41300 83.59700
25 7 21 12 49 29119.60000 40.47000000 1822.02000 106.26000 27.41300 83.59700
25 7 21 12 49 29123.60000 40.47000000 1821.85000 106.26000 27.41300 83.08700
25 7 21 12 50 29123.60000 40.47000000 1821.80000 106.22000 27.41300 83.08700
25 7 21 12 50 29123.60000 40.47000000 1821.80000 106.22000 27.41300 83.08700
25 7 21 12 51 29123.60000 40.47000000 1822.29000 106.22000 27.35000 83.08700
25 7 21 12 51 29123.50000 40.47000000 1822.29000 106.22000 27.35000 83.08700
25 7 21 12 51 29123.60000 40.47000000 1822.54000 106.22000 27.35000 83.08700
25 7 21 12 52 29123.60000 40.50700000 1821.53000 106.29000 27.35000 83.08700
25 7 21 12 52 29123.50000 40.50700000 1821.53000 106.29000 27.35000 83.08700
25 7 21 12 53 29123.60000 40.50700000 1821.87000 106.24000 27.35000 83.08700
25 7 21 12 53 29123.60000 40.50700000 1822.20000 106.24000 27.35000 83.08700
25 7 21 12 54 29123.60000 40.50700000 1822.20000 106.24000 27.35000 83.08700
25 7 21 12 54 29123.60000 40.50700000 1822.57000 106.24000 27.35000 83.08700
25 7 21 12 54 29123.50000 40.50700000 1822.57000 106.24000 27.35000 83.08700
25 7 21 12 55 29132.30000 40.53600000 1822.30000 106.24000 27.35000 83.08700
25 7 21 12 55 29132.30000 40.53600000 1822.65000 106.24000 27.35000 83.08700
25 7 21 12 56 29132.30000 40.53600000 1822.65000 106.26000 27.35000 83.08700
25 7 21 12 56 29132.20000 40.53600000 1822.65000 106.26000 27.35000 83.08700
25 7 21 12 57 29123.50000 40.53600000 1822.88000 106.26000 27.35000 83.08700
25 7 21 12 57 29123.50000 40.53600000 1822.97000 106.26000 27.35000 83.08700
25 7 21 12 58 29123.50000 40.53600000 1822.66000 106.26000 27.35000 83.08700
25 7 21 12 58 29123.50000 40.53600000 1822.66000 106.26000 27.50300 83.08700
25 7 21 12 58 29123.50000 40.53600000 1822.66000 106.26000 27.50300 83.08700
25 7 21 12 59 29132.10000 40.53600000 1821.39000 106.17000 27.50300 83.08700
25 7 21 12 59 29132.10000 40.53600000 1822.02000 106.21000 27.50300 83.08700
25 7 21 13 00 29132.20000 40.53600000 1823.28000 106.21000 27.50300 83.08700
25 7 21 13 00 29139.70000 40.53600000 1821.00000 106.26000 27.50300 83.08700
25 7 21 13 01 29137.00000 40.53600000 1821.00000 106.25000 27.25900 83.08700
25 7 21 13 01 29144.50000 40.53600000 1821.00000 106.25000 27.27300 83.08700
25 7 21 13 01 29145.70000 40.53600000 1825.25000 106.25000 27.38700 83.08700
25 7 21 13 02 29150.40000 40.53600000 1825.79000 106.36000 27.37100 83.08700
25 7 21 13 02 29139.10000 40.53600000 1825.76000 106.36000 27.37100 83.08700
25 7 21 13 03 29149.10000 40.53600000 1825.76000 106.35000 27.37100 83.08700
25 7 21 13 03 29152.10000 40.53600000 1825.77000 106.35000 27.39400 83.08700
25 7 21 13 04 29149.80000 40.53600000 1825.83000 106.35000 27.39400 83.08700
25 7 21 13 04 29132.40000 40.53600000 1825.84000 106.35000 27.39400 83.08700
25 7 21 13 04 29137.00000 40.58900000 1825.07000 106.35000 27.39400 83.08700
25 7 21 13 05 29140.20000 40.58900000 1825.07000 106.35000 27.52800 83.08700
25 7 21 13 05 29146.00000 40.58900000 1825.07000 106.35000 27.52800 83.08700
25 7 21 13 06 29161.60000 40.55100000 1825.07000 106.35000 27.52800 83.08700
25 7 21 13 06 29164.20000 40.55100000 1826.07000 106.41000 27.52800 83.08700
25 7 21 13 07 29164.20000 40.55100000 1826.86000 106.41000 27.52800 83.08700
25 7 21 13 07 29166.40000 40.55100000 1826.50000 106.41000 27.52800 83.08700
25 7 21 13 07 29168.50000 40.55100000 1826.13000 106.41000 27.52800 83.08700
25 7 21 13 08 29164.20000 40.55100000 1825.07000 106.41000 27.52800 83.08700
25 7 21 13 08 29161.10000 40.55100000 1825.07000 106.34000 27.52800 83.08700
25 7 21 13 09 29165.80000 40.55100000 1825.07000 106.36000 27.33200 83.08700
25 7 21 13 09 29163.40000 40.55100000 1825.44000 106.36000 27.33200 83.08700
25 7 21 13 10 29159.60000 40.56100000 1825.57000 106.36000 27.33200 83.08700
25 7 21 13 10 29145.60000 40.56100000 1825.24000 106.36000 27.33200 83.08700
25 7 21 13 10 29137.00000 40.56100000 1825.24000 106.36000 27.33200 83.08700
25 7 21 13 11 29132.30000 40.54900000 1825.00000 106.26000 27.33200 83.08700
25 7 21 13 11 29112.90000 40.54900000 1821.47000 106.26000 27.33200 83.08700
25 7 21 13 12 29104.50000 40.45700000 1820.51000 106.12000 27.33200 83.08700
25 7 21 13 12 29104.30000 40.45700000 1820.50000 106.12000 27.33200 83.08700
25 7 21 13 13 29104.40000 40.45700000 1820.50000 106.12000 27.35200 83.08700
25 7 21 13 13 29104.50000 40.45700000 1820.43000 106.12000 27.24200 83.08700
25 7 21 13 13 29109.60000 40.45700000 1820.43000 106.12000 27.24200 83.08700
