M=[
23 6 20 09 45 8516.30000 5.59600000 215.31000 39.01000 16.50000 46.54200
23 6 20 09 46 8517.00000 5.59600000 215.31000 39.01000 16.50000 46.54200
23 6 20 09 46 8517.00000 5.59600000 215.18000 39.01000 16.50000 46.54200
23 6 20 09 47 8517.00000 5.59600000 215.18000 39.01000 16.50000 46.54200
23 6 20 09 47 8519.40000 5.59600000 215.26000 39.01000 16.50000 46.54200
23 6 20 09 48 8519.80000 5.59600000 215.28000 39.01000 16.50000 46.54200
23 6 20 09 48 8519.70000 5.59600000 215.28000 38.99000 16.50000 46.54200
23 6 20 09 49 8520.00000 5.59600000 215.40000 38.99000 16.50000 46.54200
23 6 20 09 49 8519.70000 5.59600000 215.40000 38.99000 16.50000 46.54200
23 6 20 09 50 8519.70000 5.59600000 215.28000 38.99000 16.48100 46.54200
23 6 20 09 50 8520.00000 5.59600000 215.38000 38.99000 16.48100 46.54200
23 6 20 09 50 8520.00000 5.59600000 215.38000 38.99000 16.48100 46.54200
23 6 20 09 51 8519.90000 5.59600000 215.38000 38.99000 16.48100 46.54200
23 6 20 09 51 8519.90000 5.59600000 215.39000 38.99000 16.48100 46.54200
23 6 20 09 52 8519.90000 5.59600000 215.51000 38.99000 16.48100 46.76600
23 6 20 09 52 8519.90000 5.59600000 215.51000 38.99000 16.48100 46.76600
23 6 20 09 53 8520.00000 5.59600000 215.52000 38.99000 16.48100 46.76500
23 6 20 09 53 8520.00000 5.59600000 215.52000 39.00000 16.48100 46.76500
23 6 20 09 54 8520.00000 5.59600000 215.52000 39.00000 16.47600 46.76500
23 6 20 09 54 8520.00000 5.59600000 215.48000 38.98000 16.51300 46.75600
23 6 20 09 55 8520.00000 5.59600000 215.48000 38.98000 16.51300 46.75600
23 6 20 09 55 8519.80000 5.59600000 215.47000 38.98000 16.51300 46.75600
23 6 20 09 56 8519.90000 5.60200000 215.43000 38.98000 16.51300 46.75600
23 6 20 09 56 8519.80000 5.60200000 215.42000 38.98000 16.51300 46.75600
23 6 20 09 57 8519.90000 5.60200000 215.42000 38.98000 16.51300 46.75600
23 6 20 09 57 8519.80000 5.60200000 215.45000 38.98000 16.51300 46.75600
23 6 20 09 58 8519.70000 5.60200000 215.46000 38.98000 16.51300 46.75600
23 6 20 09 58 8519.70000 5.60100000 215.47000 38.98000 16.51300 46.75600
23 6 20 09 59 8519.70000 5.60100000 215.45000 38.98000 16.51300 46.75600
23 6 20 09 59 8519.60000 5.60100000 215.46000 38.97000 16.51300 46.75600
23 6 20 10 00 8508.50000 5.60100000 215.45000 38.97000 16.51300 46.75600
23 6 20 10 00 8510.40000 5.60100000 215.44000 38.97000 16.51300 46.75600
23 6 20 10 01 8508.60000 5.60100000 215.44000 38.97000 16.51300 46.75600
23 6 20 10 01 8508.40000 5.60100000 215.44000 38.97000 16.51300 46.75600
23 6 20 10 02 8507.90000 5.60100000 215.27000 38.97000 16.51300 46.75600
23 6 20 10 02 8507.50000 5.60100000 215.28000 38.97000 16.51300 46.75600
23 6 20 10 03 8507.40000 5.60100000 215.28000 38.97000 16.51300 46.75600
23 6 20 10 03 8507.90000 5.59200000 215.28000 38.97000 16.51300 46.75600
23 6 20 10 04 8508.20000 5.59200000 215.28000 38.97000 16.51300 46.75600
23 6 20 10 04 8510.90000 5.59200000 215.28000 38.97000 16.51300 46.75600
23 6 20 10 05 8508.30000 5.59200000 215.28000 38.97000 16.51300 46.75600
23 6 20 10 05 8507.90000 5.59200000 215.28000 38.97000 16.51300 46.75600
23 6 20 10 06 8509.80000 5.59200000 215.13000 38.97000 16.51300 46.75600
23 6 20 10 06 8509.80000 5.59200000 215.00000 38.97000 16.51300 46.75600
23 6 20 10 07 8510.70000 5.59200000 215.01000 38.97000 16.51300 46.75600
23 6 20 10 07 8510.20000 5.59200000 215.10000 38.97000 16.51300 46.75600
23 6 20 10 08 8511.20000 5.59000000 215.10000 38.97000 16.51300 46.75600
23 6 20 10 08 8511.20000 5.59000000 215.15000 38.97000 16.51300 46.75600
23 6 20 10 09 8512.40000 5.59000000 215.09000 38.97000 16.51300 46.75600
23 6 20 10 09 8512.90000 5.59000000 215.16000 38.97000 16.51300 46.75600
23 6 20 10 10 8512.40000 5.59000000 215.11000 38.97000 16.51300 46.75600
23 6 20 10 10 8512.40000 5.56800000 215.12000 38.97000 16.51300 46.75600
23 6 20 10 11 8512.40000 5.56800000 215.12000 38.97000 16.51300 46.75600
23 6 20 10 11 8510.30000 5.56800000 215.12000 38.97000 16.51300 46.75600
23 6 20 10 12 8510.00000 5.56800000 215.08000 38.97000 16.51300 46.75600
23 6 20 10 12 8510.10000 5.56800000 215.03000 38.97000 16.51300 46.75600
23 6 20 10 13 8510.10000 5.56800000 215.04000 38.97000 16.51300 46.75600
23 6 20 10 13 8507.40000 5.56800000 215.02000 38.97000 16.51300 46.75600
23 6 20 10 14 8507.30000 5.56800000 215.01000 38.97000 16.51300 46.75600
23 6 20 10 14 8505.00000 5.56800000 215.01000 38.97000 16.51300 46.75600
23 6 20 10 15 8497.30000 5.56800000 214.80000 38.97000 16.51300 46.75600
23 6 20 10 15 8495.00000 5.56800000 214.75000 38.97000 16.51300 46.75600
23 6 20 10 16 8495.80000 5.56800000 214.75000 38.97000 16.51300 46.75600
23 6 20 10 16 8491.00000 5.56800000 214.71000 38.97000 16.51300 46.75600
23 6 20 10 17 8493.00000 5.56800000 214.71000 38.91000 16.51300 46.75600
23 6 20 10 17 8493.00000 5.56800000 214.71000 38.91000 16.51300 46.75600
23 6 20 10 18 8492.90000 5.56800000 214.64000 38.91000 16.51300 46.75600
23 6 20 10 18 8493.00000 5.56800000 214.70000 38.91000 16.51300 46.75600
23 6 20 10 19 8493.00000 5.56800000 214.70000 38.91000 16.51300 46.75600
23 6 20 10 19 8493.00000 5.57700000 214.70000 38.91000 16.51300 46.75600
23 6 20 10 20 8493.00000 5.57700000 214.71000 38.91000 16.51300 46.75600
23 6 20 10 20 8493.00000 5.57700000 214.71000 38.91000 16.51300 46.75600
23 6 20 10 21 8492.90000 5.56600000 214.71000 38.91000 16.51300 46.75600
23 6 20 10 21 8493.00000 5.56600000 214.74000 38.91000 16.51300 46.75600
23 6 20 10 22 8493.00000 5.56600000 214.75000 38.91000 16.51300 46.54000
23 6 20 10 22 8493.00000 5.56600000 214.74000 38.91000 16.51300 46.54000
23 6 20 10 23 8493.00000 5.56600000 214.74000 38.91000 16.51300 46.54000
23 6 20 10 23 8493.00000 5.56600000 214.75000 38.91000 16.51300 46.54000
23 6 20 10 24 8492.90000 5.56600000 214.74000 38.91000 16.51300 46.54000
23 6 20 10 24 8492.90000 5.56600000 214.75000 38.91000 16.51300 46.54000
23 6 20 10 25 8495.80000 5.56600000 214.74000 38.91000 16.51300 46.54000
23 6 20 10 26 8495.80000 5.56600000 214.74000 38.91000 16.51300 46.54000
23 6 20 10 26 8503.00000 5.56600000 214.75000 38.91000 16.51300 46.54000
23 6 20 10 27 8504.90000 5.57700000 214.85000 38.91000 16.51300 46.54000
23 6 20 10 27 8505.00000 5.56600000 214.95000 38.91000 16.51300 46.54000
23 6 20 10 28 8511.60000 5.56600000 214.94000 38.91000 16.51300 46.54000
23 6 20 10 28 8515.20000 5.56600000 214.97000 38.91000 16.51300 46.54000
23 6 20 10 29 8515.20000 5.56600000 214.97000 38.91000 16.51300 46.54000
23 6 20 10 29 8515.20000 5.56600000 215.06000 38.91000 16.51300 46.54000
23 6 20 10 29 8515.10000 5.56600000 215.06000 38.91000 16.51300 46.54000
23 6 20 10 30 8515.20000 5.56600000 215.07000 38.91000 16.51300 46.54000
23 6 20 10 30 8515.20000 5.56600000 215.07000 38.91000 16.51300 46.54000
23 6 20 10 31 8515.10000 5.56600000 215.06000 38.91000 16.51300 46.54000
23 6 20 10 31 8515.20000 5.57700000 215.06000 38.91000 16.51300 46.54000
23 6 20 10 32 8515.10000 5.56600000 215.06000 38.91000 16.51300 46.54000
23 6 20 10 33 8509.60000 5.56600000 215.01000 38.91000 16.51300 46.54000
23 6 20 10 33 8510.70000 5.57700000 215.01000 38.91000 16.51300 46.54000
23 6 20 10 33 8510.60000 5.56600000 215.01000 38.91000 16.51300 46.54000
23 6 20 10 34 8510.70000 5.56600000 215.01000 38.91000 16.51300 46.54000
23 6 20 10 34 8514.40000 5.56600000 215.01000 38.91000 16.51300 46.54000
23 6 20 10 35 8514.40000 5.58700000 215.13000 38.91000 16.51300 46.54000
23 6 20 10 36 8514.30000 5.58700000 215.18000 38.91000 16.51300 46.54000
23 6 20 10 36 8514.30000 5.58700000 215.07000 38.91000 16.51300 46.54000
23 6 20 10 37 8514.30000 5.58700000 215.07000 38.91000 16.51300 46.54000
23 6 20 10 37 8514.30000 5.58700000 215.07000 38.91000 16.51300 46.54000
23 6 20 10 38 8514.40000 5.58700000 215.08000 38.91000 16.51300 46.54000
23 6 20 10 38 8514.30000 5.58700000 215.08000 38.91000 16.51300 46.54000
23 6 20 10 38 8514.30000 5.58700000 215.08000 38.91000 16.51300 46.54000
23 6 20 10 39 8514.30000 5.58700000 215.02000 38.91000 16.51300 46.54000
