M=[
21 3 21 12 08 47339.90000 10.16000000 1490.86000 163.30000 26.10400 124.72100
21 3 21 12 08 47342.20000 10.16000000 1490.10000 163.29000 26.10400 124.72100
21 3 21 12 09 47346.20000 10.16000000 1490.08000 163.30000 26.10400 124.72100
21 3 21 12 09 47343.00000 10.16000000 1489.38000 163.22000 26.10400 124.72100
21 3 21 12 09 47319.40000 10.16000000 1489.12000 163.09000 26.10400 124.72100
21 3 21 12 10 47300.00000 10.16000000 1488.42000 162.98000 26.10400 124.72100
21 3 21 12 10 47279.10000 10.16000000 1488.09000 162.90000 26.10400 124.72100
21 3 21 12 11 47250.10000 10.11700000 1487.35000 162.86000 26.10400 124.72100
21 3 21 12 11 47250.10000 10.11700000 1487.35000 162.61000 26.10400 123.70400
21 3 21 12 12 47225.00000 10.11700000 1486.54000 162.61000 26.10400 123.70400
21 3 21 12 12 47193.60000 10.10500000 1485.02000 162.54000 26.10400 123.70400
21 3 21 12 12 47172.60000 10.10500000 1485.18000 162.51000 26.10400 123.70400
21 3 21 12 13 47185.00000 10.10500000 1485.62000 162.51000 26.00000 123.70400
21 3 21 12 13 47151.90000 10.10000000 1485.62000 162.51000 26.00000 123.70400
21 3 21 12 14 47131.80000 10.10000000 1485.20000 162.35000 26.00000 123.70400
21 3 21 12 14 47176.90000 10.10000000 1485.29000 162.47000 26.00000 123.70400
21 3 21 12 15 47213.80000 10.10000000 1488.37000 162.47000 26.00000 123.70400
21 3 21 12 15 47213.80000 10.10000000 1488.36000 162.66000 26.00000 123.70400
21 3 21 12 15 47291.60000 10.10000000 1489.57000 162.99000 26.00000 123.70400
21 3 21 12 16 47285.50000 10.10000000 1489.01000 162.99000 26.00000 123.70400
21 3 21 12 16 47285.50000 10.10000000 1489.23000 162.83000 26.00000 123.70400
21 3 21 12 17 47285.50000 10.10000000 1489.21000 162.88000 26.00000 123.70400
21 3 21 12 17 47285.50000 10.10000000 1489.22000 163.00000 26.00000 123.70400
21 3 21 12 18 47298.00000 10.10000000 1489.58000 163.09000 26.00000 123.97400
21 3 21 12 18 47285.40000 10.10000000 1488.89000 163.08000 26.00000 123.83600
21 3 21 12 18 47298.00000 10.10000000 1489.06000 163.08000 26.00000 123.83600
21 3 21 12 19 47280.60000 10.10000000 1488.29000 163.08000 26.00000 123.83600
21 3 21 12 19 47260.20000 10.10000000 1487.74000 162.83000 26.00000 123.83600
21 3 21 12 20 47254.50000 10.10500000 1487.85000 162.85000 26.00000 123.83600
21 3 21 12 20 47253.30000 10.10500000 1487.68000 162.85000 26.00000 123.83600
21 3 21 12 21 47220.00000 10.10500000 1486.53000 162.75000 26.00000 123.83600
21 3 21 12 21 47210.80000 10.10500000 1486.57000 162.75000 26.00000 123.83600
21 3 21 12 21 47209.00000 10.10500000 1486.56000 162.57000 26.00000 123.35400
21 3 21 12 22 47189.10000 10.10500000 1485.56000 162.56000 26.00000 123.35400
21 3 21 12 22 47156.40000 10.10500000 1484.56000 162.42000 26.00000 123.35400
21 3 21 12 23 47167.40000 10.10500000 1484.63000 162.38000 26.00000 123.35400
21 3 21 12 23 47148.30000 10.10000000 1483.40000 162.31000 26.00000 123.35400
21 3 21 12 24 47152.10000 10.10000000 1483.77000 162.22000 26.00000 122.87400
21 3 21 12 24 47192.60000 10.10000000 1485.35000 162.52000 26.00000 122.87400
21 3 21 12 24 47201.70000 10.10000000 1484.76000 162.45000 26.00000 123.31400
21 3 21 12 25 47187.30000 10.10000000 1484.31000 162.32000 26.00000 123.31400
21 3 21 12 25 47199.50000 10.10000000 1484.68000 162.29000 26.00000 123.31400
21 3 21 12 26 47187.10000 10.10000000 1484.11000 162.29000 26.00000 122.70000
21 3 21 12 26 47187.20000 10.10000000 1484.11000 162.29000 26.00000 122.70000
21 3 21 12 27 47187.20000 10.10000000 1485.25000 162.29000 26.00000 122.70000
21 3 21 12 27 47219.80000 10.10000000 1485.08000 162.29000 26.00000 122.70000
21 3 21 12 27 47241.70000 10.10000000 1485.46000 162.29000 26.00000 122.70000
21 3 21 12 28 47249.10000 10.10000000 1485.71000 162.29000 26.00000 122.70000
21 3 21 12 28 47206.90000 10.10000000 1484.87000 162.43000 26.00000 122.70000
21 3 21 12 29 47208.50000 10.08500000 1484.91000 162.43000 26.00000 122.70000
21 3 21 12 29 47220.90000 10.08500000 1484.44000 162.29000 26.00000 122.70000
21 3 21 12 30 47227.00000 10.08500000 1484.72000 162.27000 26.00000 122.70000
21 3 21 12 30 47229.90000 10.08500000 1484.31000 162.27000 26.00000 122.70000
21 3 21 12 30 47230.00000 10.08500000 1484.99000 162.51000 26.00000 122.70000
21 3 21 12 31 47229.90000 10.08500000 1484.99000 162.53000 26.00000 123.23500
21 3 21 12 31 47286.80000 10.08500000 1485.00000 162.52000 26.00000 123.23500
21 3 21 12 32 47295.10000 10.08500000 1486.14000 162.52000 26.00000 123.23500
21 3 21 12 32 47297.90000 10.08500000 1486.93000 162.52000 26.00000 123.23500
21 3 21 12 33 47298.00000 10.08500000 1487.87000 162.67000 26.00000 123.23500
21 3 21 12 33 47323.10000 10.08500000 1487.84000 162.78000 26.00000 123.23500
21 3 21 12 33 47332.90000 10.08500000 1488.01000 162.88000 26.00000 123.23500
21 3 21 12 34 47345.30000 10.08500000 1488.05000 162.88000 26.00000 123.23500
21 3 21 12 34 47352.20000 10.08500000 1488.88000 162.90000 26.00000 123.23500
21 3 21 12 35 47361.70000 10.08500000 1489.86000 163.01000 26.00000 123.23500
21 3 21 12 35 47345.30000 10.08500000 1489.98000 163.01000 26.00000 123.23500
21 3 21 12 36 47356.80000 10.08500000 1489.66000 163.01000 26.00000 124.64400
21 3 21 12 36 47345.40000 10.08500000 1489.44000 163.01000 26.00000 124.51400
21 3 21 12 36 47335.70000 10.08500000 1489.44000 163.01000 26.00000 124.51400
21 3 21 12 37 47329.70000 10.08500000 1489.01000 162.93000 26.00000 124.51400
21 3 21 12 37 47323.20000 10.08500000 1489.03000 162.94000 26.00000 124.51400
21 3 21 12 38 47339.00000 10.08500000 1489.39000 162.98000 26.00000 124.70000
21 3 21 12 38 47358.40000 10.08500000 1489.43000 163.03000 26.00000 124.70000
21 3 21 12 39 47358.50000 10.08500000 1489.97000 163.03000 26.00000 124.70000
21 3 21 12 39 47381.20000 10.08500000 1489.99000 163.14000 26.00000 124.70000
21 3 21 12 39 47388.50000 10.08500000 1490.00000 163.28000 26.00000 124.70000
21 3 21 12 40 47388.50000 10.08500000 1489.98000 163.37000 26.00000 125.06100
21 3 21 12 40 47394.40000 10.08500000 1489.99000 163.38000 26.00000 125.06100
21 3 21 12 41 47381.20000 10.08500000 1490.00000 163.48000 26.00000 125.06100
21 3 21 12 41 47350.10000 10.08500000 1489.43000 163.48000 26.00000 125.06100
21 3 21 12 42 47350.10000 10.08500000 1489.40000 163.48000 26.00000 125.06100
21 3 21 12 42 47285.10000 10.08500000 1489.00000 163.48000 26.00000 124.81000
21 3 21 12 42 47286.70000 10.08500000 1487.34000 163.08000 26.00000 124.81000
21 3 21 12 43 47331.40000 10.08500000 1487.34000 163.08000 26.00000 124.81000
21 3 21 12 43 47331.80000 10.08500000 1488.49000 163.19000 26.00000 124.81000
21 3 21 12 44 47325.70000 10.08500000 1487.67000 163.23000 26.00000 124.81000
21 3 21 12 44 47339.80000 10.08500000 1488.00000 163.13000 26.00000 124.81000
21 3 21 12 45 47349.70000 10.08500000 1488.81000 163.24000 26.00000 124.81000
21 3 21 12 45 47358.40000 10.08500000 1489.06000 163.24000 26.05600 124.81000
21 3 21 12 45 47372.90000 10.08500000 1489.95000 163.24000 26.05600 124.81000
21 3 21 12 46 47372.90000 10.08500000 1490.00000 163.24000 26.05600 124.81000
21 3 21 12 46 47372.90000 10.08500000 1490.33000 163.24000 26.05600 124.81000
21 3 21 12 47 47372.90000 10.08500000 1490.33000 163.24000 26.05600 124.81000
21 3 21 12 47 47360.70000 10.08500000 1490.45000 163.23000 26.05600 124.81000
21 3 21 12 48 47400.00000 10.08500000 1490.50000 163.39000 26.05600 124.81000
21 3 21 12 48 47418.00000 10.08500000 1490.49000 163.39000 25.69300 124.81000
21 3 21 12 48 47397.70000 10.08500000 1490.50000 163.43000 25.69300 124.81000
21 3 21 12 49 47400.00000 10.08500000 1491.72000 163.49000 25.69300 124.81000
21 3 21 12 49 47400.00000 10.08500000 1491.75000 163.50000 25.69300 125.17500
21 3 21 12 50 47400.10000 10.08500000 1491.85000 163.50000 25.69300 125.17500
21 3 21 12 50 47399.70000 10.08500000 1491.38000 163.50000 25.69300 125.17500
21 3 21 12 50 47343.50000 10.08500000 1490.51000 163.49000 25.69300 125.17500
21 3 21 12 51 47371.50000 10.08500000 1491.29000 163.49000 25.69300 124.56900
