M=[
28 1 21 14 19 26291.50000 6.07400000 1108.72000 107.72000 16.81300 68.94000
28 1 21 14 19 26332.10000 6.07400000 1109.48000 107.72000 16.81300 68.94000
28 1 21 14 20 26373.70000 6.07400000 1112.00000 107.79000 16.81300 69.01800
28 1 21 14 20 26427.30000 6.07400000 1113.54000 107.79000 16.81300 69.01800
28 1 21 14 21 26393.00000 6.07400000 1112.32000 108.00000 16.81300 69.01800
28 1 21 14 21 26308.50000 6.07400000 1109.45000 107.93000 16.81300 69.01800
28 1 21 14 22 26302.40000 6.07400000 1109.09000 107.93000 16.81300 69.01800
28 1 21 14 22 26293.60000 6.04100000 1109.10000 107.69000 16.61000 68.82100
28 1 21 14 22 26283.30000 6.04100000 1107.95000 107.69000 16.61000 68.82100
28 1 21 14 23 26250.00000 6.04100000 1108.09000 107.62000 16.61000 68.82100
28 1 21 14 23 26230.00000 6.04100000 1107.06000 107.62000 16.61000 68.83900
28 1 21 14 24 26230.00000 6.04100000 1105.29000 107.62000 16.61000 68.83900
28 1 21 14 24 26230.20000 6.04100000 1104.33000 107.23000 16.52800 68.83900
28 1 21 14 25 26214.10000 6.04100000 1104.96000 107.30000 16.52800 68.83900
28 1 21 14 25 26242.60000 6.04100000 1105.31000 107.46000 16.71700 68.83900
28 1 21 14 25 26279.40000 6.04100000 1106.51000 107.48000 16.71700 68.83900
28 1 21 14 26 26261.10000 6.04100000 1105.55000 107.41000 16.71700 68.67600
28 1 21 14 26 26269.40000 6.04100000 1105.83000 107.48000 16.71700 68.67600
28 1 21 14 27 26265.20000 6.04100000 1105.23000 107.51000 16.71700 68.67600
28 1 21 14 27 26295.90000 6.04100000 1106.80000 107.51000 16.71700 68.67600
28 1 21 14 28 26261.80000 6.04100000 1105.44000 107.51000 16.71700 68.67600
28 1 21 14 28 26251.10000 6.04100000 1105.25000 107.50000 16.71700 68.67600
28 1 21 14 28 26269.20000 6.04100000 1105.68000 107.53000 16.71700 68.67600
28 1 21 14 29 26266.00000 6.04100000 1105.41000 107.58000 16.71700 68.90400
28 1 21 14 29 26253.10000 6.04100000 1103.51000 107.58000 16.72200 68.90400
28 1 21 14 30 26296.00000 6.04100000 1105.32000 107.58000 16.72200 68.90400
28 1 21 14 30 26280.70000 6.04100000 1104.70000 107.62000 16.72200 68.90400
28 1 21 14 31 26255.10000 6.04100000 1103.51000 107.61000 16.72200 68.90400
28 1 21 14 31 26257.50000 6.04100000 1103.51000 107.53000 16.72200 68.90400
28 1 21 14 31 26258.20000 6.04100000 1104.27000 107.57000 16.73800 68.90400
28 1 21 14 32 26262.30000 6.04100000 1103.41000 107.57000 16.86200 68.90400
28 1 21 14 32 26219.90000 6.04100000 1102.08000 107.46000 16.75400 68.90400
28 1 21 14 33 26215.70000 6.01600000 1101.92000 107.47000 16.75400 68.90400
28 1 21 14 33 26245.00000 6.01600000 1101.95000 107.53000 16.75400 68.90400
28 1 21 14 34 26215.40000 6.01600000 1100.50000 107.37000 16.75400 68.90400
28 1 21 14 34 26217.70000 6.01600000 1101.63000 107.50000 16.75400 68.90400
28 1 21 14 34 26223.50000 6.01600000 1101.45000 107.40000 16.75400 68.90400
28 1 21 14 35 26223.00000 6.01600000 1101.66000 107.54000 16.75400 68.90400
28 1 21 14 35 26218.00000 6.01600000 1100.82000 107.54000 16.75400 68.90400
28 1 21 14 36 26222.80000 6.01600000 1100.67000 107.54000 16.75400 68.40000
28 1 21 14 36 26205.00000 6.01600000 1098.58000 107.26000 16.75400 68.40000
28 1 21 14 37 26209.90000 6.01600000 1099.64000 107.27000 16.75400 68.40000
28 1 21 14 37 26184.50000 6.01600000 1099.04000 107.19000 16.75400 68.40000
28 1 21 14 37 26180.50000 6.01600000 1099.61000 107.19000 16.75400 68.40000
28 1 21 14 38 26216.90000 6.01600000 1099.76000 107.30000 16.75400 68.40000
28 1 21 14 38 26210.20000 6.00900000 1099.99000 107.37000 16.75400 68.21000
28 1 21 14 39 26202.90000 6.00900000 1100.00000 107.23000 16.75400 68.21000
28 1 21 14 39 26229.30000 6.00900000 1103.99000 107.23000 16.75400 68.21000
28 1 21 14 40 26211.40000 6.01000000 1103.57000 107.23000 16.75400 68.21000
28 1 21 14 40 26235.90000 6.01000000 1106.43000 107.23000 16.75400 68.21000
28 1 21 14 40 26232.60000 6.01000000 1106.58000 107.23000 16.77000 68.21000
28 1 21 14 41 26217.40000 6.01000000 1104.75000 107.23000 16.77000 68.21000
28 1 21 14 41 26210.50000 6.01000000 1104.92000 107.40000 16.77000 68.21000
28 1 21 14 42 26205.60000 6.02400000 1104.64000 107.40000 16.77000 68.50600
28 1 21 14 42 26216.60000 6.02400000 1104.81000 107.29000 16.77000 68.50600
28 1 21 14 43 26222.50000 6.02400000 1104.29000 107.29000 16.77000 68.50600
28 1 21 14 43 26222.60000 6.02400000 1104.36000 107.29000 16.77000 68.50600
28 1 21 14 43 26216.90000 6.02400000 1103.43000 107.26000 16.77000 68.50600
28 1 21 14 44 26209.30000 6.02400000 1101.91000 107.22000 16.77000 68.50600
28 1 21 14 44 26222.60000 6.02400000 1102.63000 107.22000 16.77000 68.50600
28 1 21 14 45 26222.60000 6.02400000 1102.75000 107.33000 16.77000 68.50600
28 1 21 14 45 26238.30000 6.02400000 1103.57000 107.38000 16.77000 68.50600
28 1 21 14 46 26233.80000 6.02400000 1104.50000 107.38000 16.77000 68.50600
28 1 21 14 46 26245.00000 6.02400000 1105.00000 107.33000 16.77000 68.50600
28 1 21 14 46 26268.70000 6.02400000 1106.58000 107.53000 16.77000 68.50600
28 1 21 14 47 26277.20000 6.02400000 1108.84000 107.53000 16.77000 68.50600
28 1 21 14 47 26332.10000 6.02400000 1112.63000 107.76000 16.77000 68.50600
28 1 21 14 48 26323.70000 6.05500000 1110.22000 107.69000 16.77000 68.50600
28 1 21 14 48 26250.40000 6.05500000 1108.51000 107.69000 16.77000 68.56900
28 1 21 14 49 26242.50000 6.05500000 1107.46000 107.38000 16.77000 68.56900
28 1 21 14 49 26277.50000 6.05500000 1108.99000 107.41000 16.77000 68.56900
28 1 21 14 49 26263.40000 6.05500000 1108.92000 107.41000 16.77000 68.56900
28 1 21 14 50 26264.80000 6.05500000 1109.23000 107.66000 16.77000 68.56900
28 1 21 14 50 26252.50000 6.05500000 1109.22000 107.66000 16.77000 68.73000
28 1 21 14 51 26280.00000 6.05500000 1114.51000 107.59000 16.77000 68.73000
28 1 21 14 51 26290.40000 6.05500000 1115.00000 107.71000 16.77000 68.73000
28 1 21 14 52 26270.00000 6.04700000 1112.27000 107.69000 16.77000 68.73000
28 1 21 14 52 26299.00000 6.04700000 1114.11000 107.77000 16.77000 68.73000
28 1 21 14 52 26284.30000 6.04700000 1113.35000 107.77000 16.77000 68.73000
28 1 21 14 53 26289.70000 6.04700000 1112.83000 107.68000 16.77000 68.73000
28 1 21 14 53 26273.10000 6.04700000 1111.52000 107.48000 16.67800 68.73000
28 1 21 14 54 26272.10000 6.01600000 1112.27000 107.50000 16.70000 68.73000
28 1 21 14 54 26296.00000 6.01600000 1112.81000 107.50000 16.70000 68.73000
28 1 21 14 55 26280.00000 6.01600000 1111.25000 107.52000 16.70000 68.73000
28 1 21 14 55 26275.10000 6.01600000 1111.44000 107.52000 16.70000 68.73000
28 1 21 14 55 26279.90000 6.01600000 1111.03000 107.51000 16.70000 68.73000
28 1 21 14 56 26264.30000 6.01600000 1111.00000 107.49000 16.70000 68.73000
28 1 21 14 56 26264.30000 6.01600000 1109.69000 107.48000 16.70000 68.73000
28 1 21 14 57 26280.00000 6.01600000 1110.47000 107.48000 16.70000 68.55000
28 1 21 14 57 26342.90000 6.01600000 1113.92000 107.71000 16.70000 68.55000
28 1 21 14 58 26328.90000 6.01600000 1113.08000 107.64000 16.70000 68.55000
28 1 21 14 58 26318.80000 6.01600000 1111.60000 107.64000 16.70000 68.55000
28 1 21 14 58 26300.00000 6.01600000 1110.66000 107.37000 16.65700 68.55000
28 1 21 14 59 26284.70000 6.02300000 1112.81000 107.34000 16.65700 68.46200
28 1 21 14 59 26280.10000 6.02300000 1111.07000 107.29000 16.65700 68.46200
28 1 21 15 00 26271.80000 6.04500000 1112.24000 107.29000 16.93700 68.45400
28 1 21 15 00 26273.00000 6.04500000 1112.42000 107.29000 16.82500 68.45400
28 1 21 15 01 26271.70000 6.04500000 1110.95000 107.43000 16.82500 68.54000
28 1 21 15 01 26278.10000 6.04500000 1110.21000 107.30000 16.82500 68.54000
28 1 21 15 01 26289.90000 6.04500000 1110.21000 107.28000 16.80300 68.54000
28 1 21 15 02 26289.10000 6.04500000 1109.77000 107.28000 16.72400 68.45200
28 1 21 15 02 26348.90000 6.04500000 1109.57000 107.50000 16.72400 68.45200
28 1 21 15 03 26355.10000 6.04500000 1112.23000 107.66000 16.72500 68.45200
28 1 21 15 03 26346.80000 6.04500000 1112.64000 107.66000 16.72500 68.45200
28 1 21 15 04 26359.30000 6.05000000 1113.16000 107.62000 16.86600 68.45200
