M=[
18 4 21 04 42 46845.40000 28.39000000 1838.00000 217.63000 37.40000 188.85200
18 4 21 04 42 46964.80000 28.65800000 1840.25000 219.39000 37.40000 188.25600
18 4 21 04 43 46964.30000 28.65800000 1845.55000 220.88000 37.40000 186.82000
18 4 21 04 43 47170.90000 29.00500000 1848.62000 222.05000 37.40000 190.00000
18 4 21 04 44 47186.20000 29.16800000 1853.59000 222.17000 37.40000 191.03800
18 4 21 04 44 47000.30000 29.16800000 1843.48000 221.52000 37.40000 189.89900
18 4 21 04 45 47147.00000 29.20100000 1847.78000 221.87000 36.98100 192.28000
18 4 21 04 45 46966.10000 29.20100000 1841.66000 222.18000 36.98100 192.28000
18 4 21 04 45 47084.90000 29.52700000 1852.22000 224.74000 36.85200 193.09000
18 4 21 04 46 47178.80000 29.08000000 1847.50000 222.77000 36.85200 192.71800
18 4 21 04 46 47141.80000 29.08000000 1844.25000 222.77000 36.85200 192.71800
18 4 21 04 47 47027.00000 29.35200000 1839.55000 222.26000 36.85200 192.71800
18 4 21 04 47 47116.90000 29.35200000 1841.75000 222.56000 36.85200 192.15400
18 4 21 04 48 47195.80000 29.35200000 1846.11000 221.69000 36.85200 192.15400
18 4 21 04 48 47116.40000 29.20800000 1848.81000 222.10000 36.85200 192.39900
18 4 21 04 48 47244.50000 29.49200000 1846.23000 222.02000 36.85200 192.39900
18 4 21 04 49 47215.20000 29.43800000 1848.33000 221.88000 36.85200 191.97700
18 4 21 04 49 47128.00000 29.19900000 1844.45000 221.43000 36.48700 191.97700
18 4 21 04 50 47055.00000 29.07600000 1840.78000 219.31000 36.48700 191.72500
18 4 21 04 50 47068.60000 28.94200000 1839.86000 219.83000 36.48700 191.09000
18 4 21 04 51 47146.10000 29.03200000 1846.63000 221.01000 36.48700 191.62000
18 4 21 04 51 47106.20000 28.81400000 1845.03000 219.04000 36.48700 190.96300
18 4 21 04 51 47071.30000 28.99200000 1846.92000 218.98000 36.48700 191.90800
18 4 21 04 52 47022.20000 29.21900000 1846.56000 218.84000 36.48700 191.31300
18 4 21 04 52 47019.90000 29.21900000 1842.98000 218.69000 36.48700 191.31300
18 4 21 04 53 46962.80000 29.02000000 1842.99000 218.28000 36.48700 189.96000
18 4 21 04 53 46947.70000 28.90100000 1840.64000 217.56000 36.48700 190.30800
18 4 21 04 54 47054.00000 28.95000000 1843.00000 218.05000 36.48700 190.30800
18 4 21 04 54 46908.60000 28.90000000 1838.05000 216.10000 36.48700 190.30800
18 4 21 04 54 46800.00000 28.74500000 1831.79000 216.59000 36.48700 189.57100
18 4 21 04 55 46800.10000 28.74500000 1831.84000 216.05000 36.48700 188.40600
18 4 21 04 55 46792.10000 28.80100000 1829.92000 215.59000 36.22800 188.30600
18 4 21 04 56 46845.20000 28.80100000 1832.98000 216.60000 36.22800 188.45500
18 4 21 04 56 46961.50000 28.80100000 1838.14000 217.85000 36.22800 189.41000
18 4 21 04 57 46806.50000 28.85200000 1835.26000 218.12000 36.22800 189.67200
18 4 21 04 57 46684.10000 28.83000000 1827.18000 215.85000 36.22800 189.39400
18 4 21 04 57 46653.20000 28.59800000 1826.83000 216.12000 36.12600 189.39400
18 4 21 04 58 46750.00000 28.70800000 1831.94000 216.47000 36.10000 188.00200
18 4 21 04 58 46745.10000 28.70500000 1826.47000 216.63000 36.10000 188.09600
18 4 21 04 59 46816.20000 28.70500000 1830.84000 216.22000 35.96800 187.08900
18 4 21 04 59 46830.00000 28.70500000 1834.03000 216.11000 35.96800 188.12500
18 4 21 05 00 46801.80000 28.96700000 1832.85000 215.45000 35.96800 188.33100
18 4 21 05 00 46825.50000 28.92800000 1832.65000 216.22000 35.52200 187.66300
18 4 21 05 00 46932.90000 28.92800000 1838.38000 216.51000 35.64700 189.26000
18 4 21 05 01 47047.00000 29.06500000 1842.51000 217.96000 35.64700 192.01000
18 4 21 05 01 47005.70000 29.06500000 1841.65000 216.51000 35.64700 191.62600
18 4 21 05 02 47072.20000 29.12100000 1846.61000 217.14000 35.64700 191.70900
18 4 21 05 02 47134.20000 29.10700000 1850.00000 218.31000 36.13800 192.87400
18 4 21 05 03 47133.10000 29.10700000 1852.61000 218.44000 36.13800 193.62400
18 4 21 05 03 47144.10000 29.19500000 1855.55000 219.86000 35.78600 194.49100
18 4 21 05 03 47158.20000 29.22300000 1856.49000 219.88000 35.78600 194.87100
18 4 21 05 04 47119.60000 29.22000000 1851.51000 220.25000 35.78600 195.07300
18 4 21 05 04 47190.70000 29.24900000 1856.24000 220.79000 35.78600 195.00000
18 4 21 05 05 47304.10000 29.37400000 1859.18000 221.86000 35.78600 195.00000
18 4 21 05 05 47420.00000 29.38400000 1863.69000 221.86000 35.78600 197.35100
18 4 21 05 06 47464.20000 29.47000000 1860.42000 221.79000 35.78600 196.52900
18 4 21 05 06 47471.20000 29.42200000 1863.77000 221.84000 35.78600 196.05900
18 4 21 05 06 47516.20000 29.42200000 1864.67000 221.65000 35.78600 197.88900
18 4 21 05 07 47522.60000 29.48800000 1865.76000 222.14000 35.78600 197.88900
18 4 21 05 07 47394.50000 29.33200000 1861.93000 223.32000 35.78600 196.85700
18 4 21 05 08 47237.10000 29.35500000 1855.25000 221.30000 35.78600 195.40400
18 4 21 05 08 47269.10000 29.21200000 1855.72000 221.71000 35.78600 194.95600
18 4 21 05 09 47400.00000 29.54900000 1861.36000 222.27000 35.78600 195.74100
18 4 21 05 09 47494.00000 29.43100000 1864.95000 222.07000 36.50600 195.74100
18 4 21 05 09 47531.50000 29.43100000 1864.86000 221.97000 36.50600 195.74100
18 4 21 05 10 47567.40000 29.66200000 1863.94000 221.75000 36.50600 197.41500
18 4 21 05 10 47464.80000 29.61300000 1863.64000 221.18000 36.50600 197.53100
18 4 21 05 11 47499.30000 29.54000000 1863.16000 220.99000 36.85300 197.53200
18 4 21 05 11 47493.20000 29.55100000 1860.75000 221.19000 36.85300 198.63000
18 4 21 05 12 47531.60000 29.72800000 1861.59000 221.85000 36.77000 198.66200
18 4 21 05 12 47452.70000 29.72800000 1858.26000 221.23000 36.77000 197.24200
18 4 21 05 12 47410.20000 29.70700000 1854.19000 221.81000 36.77000 197.97300
18 4 21 05 13 47462.90000 29.72100000 1860.36000 221.78000 36.77000 197.97300
18 4 21 05 13 47500.60000 29.78300000 1859.49000 221.76000 36.76800 197.97300
18 4 21 05 14 47526.50000 29.78300000 1858.61000 221.52000 36.76800 197.01700
18 4 21 05 14 47517.90000 29.83800000 1859.66000 221.90000 36.77000 196.72000
18 4 21 05 15 47518.10000 29.90600000 1860.49000 221.64000 36.77000 196.77300
18 4 21 05 15 47582.90000 30.09500000 1863.90000 222.06000 36.75200 196.92300
18 4 21 05 15 47588.50000 30.21500000 1863.37000 222.11000 36.75200 196.92300
18 4 21 05 16 47527.50000 30.19000000 1860.91000 222.26000 36.75200 194.62300
18 4 21 05 16 47500.10000 29.76700000 1859.91000 221.87000 36.75200 194.71100
18 4 21 05 17 47460.00000 29.46800000 1858.01000 221.33000 36.75200 194.86400
18 4 21 05 17 47471.30000 29.59200000 1859.40000 221.62000 36.75200 194.90500
18 4 21 05 18 47400.10000 29.57300000 1858.02000 221.10000 36.75200 194.90500
18 4 21 05 18 47301.50000 29.21200000 1854.17000 220.17000 36.75200 195.94100
18 4 21 05 18 47300.20000 29.22500000 1856.52000 219.51000 36.74400 195.35600
18 4 21 05 19 47343.90000 29.23900000 1857.99000 219.93000 36.74400 195.35700
18 4 21 05 19 47286.00000 29.20500000 1854.73000 218.81000 36.33900 195.35900
18 4 21 05 20 47274.20000 29.21700000 1853.01000 219.21000 36.33900 193.12500
18 4 21 05 20 47225.10000 29.12200000 1850.29000 219.16000 36.33900 193.12500
18 4 21 05 21 47167.50000 29.09200000 1847.44000 217.80000 36.33900 191.66100
18 4 21 05 21 47203.80000 28.87300000 1848.04000 217.88000 36.33900 191.90000
18 4 21 05 21 47202.00000 28.87300000 1849.72000 218.81000 36.33900 193.01200
18 4 21 05 22 47167.60000 28.86400000 1849.91000 218.20000 36.33900 194.00000
18 4 21 05 22 47167.50000 28.84900000 1849.52000 218.03000 36.33900 194.15900
18 4 21 05 23 47193.80000 28.94400000 1851.79000 218.10000 36.33900 194.15900
18 4 21 05 23 47188.00000 29.09900000 1853.51000 218.94000 36.72200 194.15900
18 4 21 05 24 47262.20000 29.07900000 1853.67000 218.91000 36.72200 194.74900
18 4 21 05 24 47203.10000 29.10900000 1853.08000 218.28000 36.71600 194.74900
18 4 21 05 24 47156.80000 29.03300000 1849.44000 217.82000 36.71600 195.00000
18 4 21 05 25 47101.30000 28.88500000 1846.88000 217.08000 36.33900 195.00000
18 4 21 05 25 47168.20000 28.63200000 1847.64000 217.51000 36.33900 195.00000
