M=[
 8 6 20 03 15 8615.60000 6.03600000 216.22000 41.27000 13.21100 45.96000
 8 6 20 03 16 8615.50000 6.03600000 216.23000 41.27000 13.21100 45.96000
 8 6 20 03 16 8615.00000 6.03600000 216.23000 41.27000 13.21100 45.96000
 8 6 20 03 17 8613.50000 6.03600000 216.23000 41.27000 13.21100 45.96000
 8 6 20 03 17 8617.30000 6.03600000 216.22000 41.27000 13.21100 45.96000
 8 6 20 03 18 8615.60000 6.03600000 216.22000 41.27000 13.23300 45.96000
 8 6 20 03 18 8617.90000 6.03600000 216.23000 41.27000 13.21100 45.96000
 8 6 20 03 19 8617.90000 6.03600000 216.23000 41.27000 13.23300 45.96000
 8 6 20 03 19 8614.70000 6.03600000 216.23000 41.27000 13.21100 45.96000
 8 6 20 03 19 8614.60000 6.03600000 216.22000 41.27000 13.43600 45.96000
 8 6 20 03 20 8615.70000 6.03600000 216.22000 41.27000 13.21100 45.96000
 8 6 20 03 20 8615.70000 6.03600000 216.22000 41.27000 13.21100 46.13500
 8 6 20 03 21 8614.90000 6.03600000 216.22000 41.27000 13.43600 45.96000
 8 6 20 03 21 8614.90000 6.03600000 216.22000 41.27000 13.21100 45.96000
 8 6 20 03 22 8614.90000 6.03600000 216.22000 41.27000 13.21100 45.96000
 8 6 20 03 22 8614.90000 6.03600000 216.22000 41.27000 13.21100 45.96000
 8 6 20 03 23 8615.20000 6.03600000 216.22000 41.27000 13.21100 45.96000
 8 6 20 03 23 8617.30000 6.03000000 216.22000 41.27000 13.21100 45.96000
 8 6 20 03 24 8617.30000 6.03000000 216.22000 41.27000 13.21100 45.96000
 8 6 20 03 24 8615.70000 6.03000000 216.22000 41.27000 13.21100 45.96000
 8 6 20 03 24 8617.00000 6.03000000 216.22000 41.27000 13.46200 45.96000
 8 6 20 03 25 8617.00000 6.03000000 216.22000 41.23000 13.21100 45.96000
 8 6 20 03 25 8617.00000 6.03000000 216.22000 41.27000 13.21100 45.96000
 8 6 20 03 26 8617.00000 6.03000000 216.22000 41.27000 13.21100 45.96000
 8 6 20 03 26 8617.00000 6.03000000 216.22000 41.27000 13.21100 45.96000
 8 6 20 03 27 8617.00000 6.03000000 216.20000 41.27000 13.21100 45.96000
 8 6 20 03 27 8617.00000 6.03000000 216.20000 41.27000 13.23300 45.96000
 8 6 20 03 28 8614.80000 6.03000000 216.19000 41.27000 13.21100 45.96000
 8 6 20 03 28 8614.80000 6.03000000 215.98000 41.27000 13.21100 45.96000
 8 6 20 03 29 8614.80000 6.03000000 216.19000 41.27000 13.21100 45.96000
 8 6 20 03 29 8614.80000 6.03000000 215.98000 41.27000 13.21100 45.96000
 8 6 20 03 29 8614.80000 6.03000000 215.98000 41.27000 13.21100 45.96000
 8 6 20 03 30 8614.80000 6.03000000 215.98000 41.27000 13.21100 45.96000
 8 6 20 03 30 8610.80000 6.03000000 215.98000 41.27000 13.21100 45.96000
 8 6 20 03 31 8612.30000 6.03000000 215.98000 41.27000 13.21100 45.96000
 8 6 20 03 31 8610.80000 6.03000000 215.98000 41.27000 13.21100 45.96000
 8 6 20 03 32 8612.70000 6.03000000 215.98000 41.27000 13.24300 45.96000
 8 6 20 03 32 8610.30000 6.03000000 215.98000 41.29000 13.24300 45.96000
 8 6 20 03 33 8609.60000 6.03000000 215.98000 41.29000 13.24300 45.96000
 8 6 20 03 33 8611.50000 6.03000000 215.98000 41.28000 13.24300 45.96000
 8 6 20 03 34 8613.20000 6.03000000 215.98000 41.29000 13.24300 45.96000
 8 6 20 03 34 8613.20000 6.03000000 215.98000 41.28000 13.24300 45.96000
 8 6 20 03 34 8613.10000 6.03000000 215.98000 41.31000 13.24300 45.96000
 8 6 20 03 35 8613.20000 6.03000000 215.98000 41.28000 13.24300 45.96000
 8 6 20 03 35 8610.20000 6.03000000 215.98000 41.28000 13.24300 45.96000
 8 6 20 03 36 8610.60000 6.03000000 215.98000 41.28000 13.24300 45.96000
 8 6 20 03 36 8608.30000 6.03000000 215.98000 41.28000 13.24300 45.96000
 8 6 20 03 37 8609.70000 6.03000000 215.98000 41.28000 13.21100 45.96000
 8 6 20 03 37 8610.00000 6.03000000 215.98000 41.28000 13.24300 45.96000
 8 6 20 03 38 8609.10000 6.03000000 215.98000 41.28000 13.21100 45.96000
 8 6 20 03 38 8609.10000 6.03000000 215.98000 41.28000 13.24300 45.96000
 8 6 20 03 39 8606.10000 6.03000000 215.98000 41.28000 13.24300 45.96000
 8 6 20 03 39 8606.10000 6.03000000 215.98000 41.31000 13.24600 45.96000
 8 6 20 03 39 8606.10000 6.03000000 215.98000 41.28000 13.24600 46.13500
 8 6 20 03 40 8604.40000 6.03300000 215.98000 41.28000 13.24600 45.96000
 8 6 20 03 40 8606.50000 6.03300000 215.98000 41.28000 13.24600 45.96000
 8 6 20 03 41 8604.60000 6.02500000 215.98000 41.28000 13.24600 46.13500
 8 6 20 03 41 8604.60000 6.02500000 215.98000 41.28000 13.24600 45.96000
 8 6 20 03 42 8604.60000 6.02500000 215.98000 41.28000 13.24600 45.96000
 8 6 20 03 42 8604.60000 6.02500000 215.96000 41.28000 13.24600 45.96000
 8 6 20 03 43 8606.00000 6.02500000 215.96000 41.28000 13.24600 45.96000
 8 6 20 03 43 8603.30000 6.02500000 215.98000 41.28000 13.24600 45.96000
 8 6 20 03 43 8605.30000 6.02500000 215.96000 41.28000 13.24600 45.96000
 8 6 20 03 44 8602.40000 6.02500000 215.96000 41.28000 13.24600 45.96000
 8 6 20 03 44 8603.40000 6.02500000 215.96000 41.28000 13.24600 45.96000
 8 6 20 03 45 8601.60000 6.02500000 215.96000 41.28000 13.24600 45.96000
 8 6 20 03 45 8602.60000 6.02500000 215.96000 41.28000 13.24600 45.96000
 8 6 20 03 46 8601.80000 6.02500000 215.96000 41.28000 13.24600 45.96000
 8 6 20 03 46 8601.80000 6.02500000 215.98000 41.28000 13.24600 45.96000
 8 6 20 03 47 8601.80000 6.02500000 215.98000 41.28000 13.24600 45.96000
 8 6 20 03 47 8603.30000 6.02500000 215.98000 41.28000 13.24600 45.96000
 8 6 20 03 47 8603.30000 6.02500000 215.96000 41.28000 13.24600 45.96000
 8 6 20 03 48 8601.80000 6.02500000 215.98000 41.28000 13.24600 45.96000
 8 6 20 03 48 8603.40000 6.02500000 215.98000 41.28000 13.24600 45.96000
 8 6 20 03 49 8602.40000 6.03300000 215.98000 41.28000 13.24600 45.96000
 8 6 20 03 49 8602.40000 6.02500000 215.98000 41.28000 13.24600 45.96000
 8 6 20 03 50 8602.40000 6.02500000 215.98000 41.28000 13.23300 45.96000
 8 6 20 03 50 8602.40000 6.03300000 215.98000 41.28000 13.24600 45.96000
 8 6 20 03 51 8606.70000 6.02500000 215.98000 41.28000 13.24600 45.96000
 8 6 20 03 51 8600.50000 6.02500000 215.98000 41.28000 13.24600 45.96000
 8 6 20 03 52 8608.50000 6.02500000 216.07000 41.28000 13.24600 45.96000
 8 6 20 03 52 8610.50000 6.02500000 216.07000 41.28000 13.24600 45.96000
 8 6 20 03 53 8611.20000 6.02500000 216.08000 41.28000 13.24600 45.96000
 8 6 20 03 53 8610.40000 6.02500000 216.08000 41.28000 13.24600 45.96000
 8 6 20 03 53 8610.90000 6.03300000 216.17000 41.28000 13.24600 45.96000
 8 6 20 03 54 8609.70000 6.02500000 216.17000 41.28000 13.24600 45.96000
 8 6 20 03 54 8612.80000 6.02500000 216.17000 41.28000 13.24600 45.96000
 8 6 20 03 55 8612.80000 6.02500000 216.17000 41.28000 13.36600 46.13500
 8 6 20 03 55 8614.60000 6.02500000 216.17000 41.28000 13.36600 45.96000
 8 6 20 03 56 8613.30000 6.02500000 216.17000 41.28000 13.36600 45.96000
 8 6 20 03 56 8615.80000 6.02500000 216.17000 41.28000 13.35800 45.96000
 8 6 20 03 57 8615.80000 6.02500000 216.17000 41.28000 13.35800 45.96000
 8 6 20 03 57 8618.10000 6.03000000 216.17000 41.29000 13.35800 45.96000
 8 6 20 03 58 8619.60000 6.02500000 216.20000 41.28000 13.35800 45.96000
 8 6 20 03 58 8616.30000 6.02500000 216.20000 41.28000 13.35800 45.96000
 8 6 20 03 58 8618.90000 6.02500000 216.20000 41.38000 13.34300 45.96000
 8 6 20 03 59 8618.90000 6.02500000 216.20000 41.38000 13.34300 45.96000
 8 6 20 03 59 8619.00000 6.03300000 216.20000 41.38000 13.34300 45.96000
 8 6 20 04 00 8618.90000 6.02500000 216.20000 41.38000 13.34300 46.04800
 8 6 20 04 00 8615.50000 6.02500000 216.32000 41.38000 13.34300 46.04800
 8 6 20 04 01 8617.10000 6.02500000 216.42000 41.29000 13.34300 46.04800
 8 6 20 04 01 8619.00000 6.03000000 216.42000 41.38000 13.34300 46.04800
 8 6 20 04 02 8619.00000 6.03500000 216.43000 41.37000 13.34300 46.04800
 8 6 20 04 02 8617.10000 6.03500000 216.43000 41.37000 13.34300 46.04800
 8 6 20 04 03 8619.00000 6.03500000 216.43000 41.37000 13.34300 46.04800
 8 6 20 04 03 8618.90000 6.03500000 216.43000 41.37000 13.24600 46.04800
 8 6 20 04 04 8619.00000 6.03500000 216.43000 41.37000 13.34300 46.04800
 8 6 20 04 04 8623.40000 6.03500000 216.43000 41.29000 13.34300 46.04800
 8 6 20 04 05 8623.40000 6.03500000 216.43000 41.37000 13.34300 46.04800
