M=[
13 4 21 10 15 52820.00000 16.95000000 1858.46000 222.46000 41.92100 190.59300
13 4 21 10 15 52811.00000 16.95000000 1859.22000 222.59000 41.92100 190.59300
13 4 21 10 16 52796.40000 16.89800000 1858.81000 223.03000 41.92100 190.59300
13 4 21 10 16 52799.00000 16.89800000 1859.43000 222.88000 41.92100 190.59300
13 4 21 10 17 52800.10000 16.89800000 1859.72000 223.17000 41.92100 190.66100
13 4 21 10 17 52755.20000 16.89800000 1862.29000 223.66000 41.92100 190.66100
13 4 21 10 17 52799.90000 16.89800000 1863.94000 223.68000 41.92100 190.23600
13 4 21 10 18 52772.40000 16.89800000 1862.63000 222.87000 41.92100 190.23600
13 4 21 10 18 52756.30000 16.89800000 1862.12000 222.64000 41.92100 190.23600
13 4 21 10 19 52767.50000 16.90200000 1863.76000 223.00000 41.92100 190.23600
13 4 21 10 19 52797.90000 16.90200000 1864.47000 223.45000 41.92100 190.23600
13 4 21 10 20 52800.00000 16.90200000 1864.97000 223.98000 41.92100 190.23600
13 4 21 10 20 52800.00000 16.90200000 1863.99000 224.00000 41.92100 190.23600
13 4 21 10 20 52784.20000 16.93400000 1863.77000 223.85000 41.92100 190.09800
13 4 21 10 21 52764.00000 16.93400000 1863.06000 223.83000 41.92100 190.09800
13 4 21 10 21 52761.00000 16.93400000 1863.58000 224.18000 41.92100 190.09800
13 4 21 10 22 52707.40000 16.93400000 1862.82000 223.76000 41.92100 189.99100
13 4 21 10 22 52721.90000 16.89900000 1863.79000 223.76000 41.92100 191.36400
13 4 21 10 23 52731.20000 16.89900000 1863.69000 223.78000 41.70100 192.45600
13 4 21 10 23 52739.80000 16.89900000 1863.90000 224.13000 41.70100 193.29100
13 4 21 10 23 52758.00000 16.89900000 1865.00000 224.13000 41.70100 193.83100
13 4 21 10 24 52752.80000 16.89900000 1864.05000 224.18000 41.70100 193.92900
13 4 21 10 24 52722.70000 16.89900000 1863.81000 224.25000 41.70100 192.28700
13 4 21 10 25 52691.70000 16.89900000 1861.36000 224.14000 41.91100 192.56100
13 4 21 10 25 52642.80000 16.89900000 1860.32000 224.36000 41.91100 193.06300
13 4 21 10 26 52630.00000 16.89900000 1861.05000 224.42000 41.91100 193.31900
13 4 21 10 26 52698.30000 16.94200000 1863.20000 224.70000 41.91100 193.24200
13 4 21 10 26 52718.20000 16.94200000 1863.04000 224.50000 41.91100 193.24200
13 4 21 10 27 52740.60000 16.98400000 1864.38000 224.27000 41.91100 193.24200
13 4 21 10 27 52751.60000 16.98400000 1863.28000 223.84000 41.91100 193.24200
13 4 21 10 28 52734.40000 16.97700000 1863.24000 223.90000 41.91100 192.31900
13 4 21 10 28 52685.80000 16.97700000 1862.81000 223.87000 41.91100 192.36800
13 4 21 10 29 52682.50000 16.97700000 1863.76000 223.88000 41.91100 192.36800
13 4 21 10 29 52699.90000 16.97700000 1863.99000 223.96000 41.91100 192.36800
13 4 21 10 29 52735.70000 16.97700000 1864.99000 224.12000 41.91100 192.36800
13 4 21 10 30 52726.80000 16.92900000 1865.78000 224.11000 41.89900 192.27800
13 4 21 10 30 52715.80000 16.92900000 1865.65000 223.95000 41.85600 192.27800
13 4 21 10 31 52679.80000 16.92900000 1865.09000 223.87000 41.85600 192.27800
13 4 21 10 31 52688.10000 16.98700000 1864.75000 223.78000 41.85600 192.27800
13 4 21 10 32 52719.40000 17.01500000 1864.33000 223.57000 41.85600 191.53400
13 4 21 10 32 52720.00000 17.03200000 1864.93000 223.57000 41.85600 191.73500
13 4 21 10 32 52743.60000 17.03200000 1865.61000 223.76000 41.85600 191.73500
13 4 21 10 33 52750.00000 17.03200000 1865.98000 223.86000 41.85600 191.73500
13 4 21 10 33 52702.60000 17.03200000 1863.50000 223.56000 42.02200 191.73500
13 4 21 10 34 52700.00000 16.98900000 1863.72000 223.39000 42.03200 191.08400
13 4 21 10 34 52690.20000 16.98900000 1863.50000 223.28000 42.03200 191.08400
13 4 21 10 35 52682.00000 16.98900000 1862.39000 223.10000 42.03200 191.26500
13 4 21 10 35 52690.00000 17.01900000 1864.37000 223.40000 42.03200 191.26500
13 4 21 10 35 52683.10000 17.01200000 1863.23000 223.15000 42.03200 191.04600
13 4 21 10 36 52630.10000 17.01200000 1861.51000 222.49000 42.03200 191.04600
13 4 21 10 36 52600.00000 17.01200000 1861.19000 222.78000 42.03200 191.32500
13 4 21 10 37 52576.60000 17.01200000 1860.03000 222.74000 42.03200 191.32500
13 4 21 10 37 52510.50000 17.01200000 1858.08000 222.42000 42.03200 191.32500
13 4 21 10 38 52540.90000 17.01200000 1856.98000 222.48000 42.03200 191.32500
13 4 21 10 38 52566.50000 17.01200000 1858.58000 222.71000 42.19600 191.32500
13 4 21 10 38 52571.70000 17.01200000 1857.27000 222.51000 42.19600 191.32500
13 4 21 10 39 52520.60000 16.94500000 1855.00000 222.39000 42.19600 191.32500
13 4 21 10 39 52515.10000 16.94500000 1855.40000 222.27000 42.19600 191.32500
13 4 21 10 40 52504.40000 16.94500000 1856.00000 222.37000 42.21000 191.32500
13 4 21 10 40 52535.10000 16.91500000 1855.47000 222.35000 42.21000 191.32500
13 4 21 10 41 52550.00000 16.94600000 1855.79000 222.52000 42.21000 191.32500
13 4 21 10 41 52564.70000 16.94600000 1856.97000 222.99000 42.21000 191.32500
13 4 21 10 41 52556.70000 16.94600000 1856.96000 222.83000 42.21000 191.67800
13 4 21 10 42 52548.10000 16.89700000 1856.98000 222.69000 42.31300 191.81400
13 4 21 10 42 52564.70000 16.89700000 1857.05000 223.30000 42.31300 191.81400
13 4 21 10 43 52600.10000 16.98000000 1859.05000 223.81000 42.35000 191.81400
13 4 21 10 43 52621.40000 16.98000000 1858.65000 223.87000 42.70000 192.00000
13 4 21 10 44 52589.50000 16.98000000 1857.55000 223.92000 42.70000 192.00000
13 4 21 10 44 52576.20000 16.98000000 1858.09000 223.65000 42.37000 192.00000
13 4 21 10 44 52582.60000 16.98000000 1859.11000 223.83000 42.24300 192.00000
13 4 21 10 45 52589.60000 16.98000000 1859.11000 223.71000 42.24400 192.00000
13 4 21 10 45 52589.50000 16.98000000 1861.00000 224.04000 42.35600 192.00000
13 4 21 10 46 52589.60000 16.98000000 1860.99000 223.97000 42.35600 192.00000
13 4 21 10 46 52589.60000 16.98000000 1861.00000 224.15000 42.35600 192.00000
13 4 21 10 46 52608.40000 16.98000000 1859.78000 223.98000 42.35600 189.67000
13 4 21 10 47 52622.00000 16.98000000 1860.52000 224.11000 42.35600 190.00000
13 4 21 10 47 52621.80000 16.98000000 1860.52000 224.20000 42.35600 189.05100
13 4 21 10 48 52596.80000 16.98000000 1860.51000 224.25000 42.35600 189.15900
13 4 21 10 48 52621.00000 16.98000000 1860.48000 224.65000 42.35600 189.15900
13 4 21 10 49 52632.30000 16.98000000 1860.09000 224.65000 42.35600 189.52200
13 4 21 10 49 52655.50000 16.98000000 1860.38000 224.65000 42.35600 189.52200
13 4 21 10 49 52654.70000 16.98000000 1859.40000 224.65000 42.35600 189.52200
13 4 21 10 50 52677.30000 16.98000000 1860.09000 224.69000 42.35600 189.17900
13 4 21 10 50 52674.80000 16.98000000 1859.44000 224.69000 42.35600 189.17900
13 4 21 10 51 52699.90000 16.98000000 1860.09000 224.39000 42.35600 189.17900
13 4 21 10 51 52700.00000 16.98000000 1860.69000 224.42000 42.35600 189.17900
13 4 21 10 52 52700.00000 16.98000000 1859.56000 224.03000 42.35600 190.23900
13 4 21 10 52 52709.40000 16.93100000 1859.57000 223.94000 42.35600 190.23900
13 4 21 10 52 52683.70000 16.93100000 1859.14000 223.98000 42.35600 189.30900
13 4 21 10 53 52690.30000 16.93100000 1858.21000 224.04000 42.35600 189.30900
13 4 21 10 53 52693.20000 16.93100000 1858.21000 223.91000 42.28100 189.89100
13 4 21 10 54 52691.20000 16.93100000 1858.61000 223.82000 42.28100 189.89100
13 4 21 10 54 52663.50000 16.93100000 1858.60000 223.80000 42.28100 189.89100
13 4 21 10 55 52669.30000 16.93100000 1859.20000 223.97000 42.28100 189.89100
13 4 21 10 55 52691.10000 16.96400000 1859.39000 224.03000 42.28100 189.89100
13 4 21 10 55 52723.00000 16.96400000 1860.00000 224.41000 42.24200 189.89100
13 4 21 10 56 52712.60000 16.96400000 1860.31000 224.41000 42.24200 189.89100
13 4 21 10 56 52719.30000 16.96400000 1860.00000 224.49000 42.24200 189.89100
13 4 21 10 57 52698.40000 16.96400000 1860.03000 224.61000 42.24200 189.89100
13 4 21 10 57 52697.50000 16.96400000 1859.08000 224.61000 42.24200 189.85800
13 4 21 10 58 52700.00000 16.96400000 1860.00000 224.43000 42.24200 189.77100
13 4 21 10 58 52700.00000 16.96400000 1860.00000 224.46000 42.22500 189.77100
