M=[
 3 3 21 22 04 42146.90000 9.34400000 1317.57000 156.40000 26.00000 105.98200
 3 3 21 22 05 42160.00000 9.34400000 1318.57000 157.11000 26.00000 105.98200
 3 3 21 22 05 42199.90000 9.34400000 1321.94000 157.30000 26.00000 106.98600
 3 3 21 22 06 42226.60000 9.34400000 1321.24000 157.30000 26.00000 106.98600
 3 3 21 22 06 42226.50000 9.34400000 1320.00000 157.43000 26.00000 106.98600
 3 3 21 22 07 42226.60000 9.34400000 1321.88000 157.58000 26.00000 107.11200
 3 3 21 22 07 42214.50000 9.34400000 1322.15000 157.58000 26.00000 107.11200
 3 3 21 22 07 42223.30000 9.34400000 1322.15000 157.58000 26.00000 107.11200
 3 3 21 22 08 42238.00000 9.40700000 1323.11000 157.58000 26.00000 107.11200
 3 3 21 22 08 42254.80000 9.40700000 1323.73000 157.58000 26.00000 107.11200
 3 3 21 22 09 42254.70000 9.40700000 1323.76000 157.60000 26.00000 107.11200
 3 3 21 22 09 42288.60000 9.40700000 1323.76000 157.50000 26.00000 107.11200
 3 3 21 22 10 42308.90000 9.40700000 1323.76000 157.59000 26.00000 107.11200
 3 3 21 22 10 42329.40000 9.40700000 1323.82000 157.59000 26.00000 107.11200
 3 3 21 22 10 42335.70000 9.40700000 1323.83000 157.59000 26.00000 107.11200
 3 3 21 22 11 42343.90000 9.40700000 1326.09000 157.89000 26.00000 107.11200
 3 3 21 22 11 42344.00000 9.40700000 1327.41000 157.90000 26.00000 107.11200
 3 3 21 22 12 42460.10000 9.44400000 1330.45000 158.26000 26.00000 107.42300
 3 3 21 22 12 42499.90000 9.44400000 1330.83000 158.40000 26.00000 107.42300
 3 3 21 22 13 42500.00000 9.44300000 1331.71000 158.31000 26.00000 107.42300
 3 3 21 22 13 42538.50000 9.44300000 1331.99000 158.55000 26.00000 107.55700
 3 3 21 22 13 42566.20000 9.44300000 1333.00000 158.55000 26.00000 107.55700
 3 3 21 22 14 42566.10000 9.44300000 1333.00000 158.67000 26.00000 107.55700
 3 3 21 22 14 42523.60000 9.44300000 1331.39000 158.57000 26.00000 107.55700
 3 3 21 22 15 42526.50000 9.44400000 1331.39000 158.53000 26.00000 107.55700
 3 3 21 22 15 42516.60000 9.44400000 1330.73000 158.36000 26.00000 107.55700
 3 3 21 22 16 42476.10000 9.44400000 1332.33000 158.38000 26.00000 107.55700
 3 3 21 22 16 42453.90000 9.43900000 1331.16000 158.38000 26.00000 107.55700
 3 3 21 22 16 42395.90000 9.43900000 1330.73000 158.38000 26.00000 107.55700
 3 3 21 22 17 42375.70000 9.43900000 1328.23000 158.10000 26.00000 107.55700
 3 3 21 22 17 42364.50000 9.43900000 1328.52000 158.00000 26.00000 107.55700
 3 3 21 22 18 42360.00000 9.43900000 1328.96000 157.93000 26.00000 107.60500
 3 3 21 22 18 42350.30000 9.43900000 1328.96000 157.89000 26.00000 107.60500
 3 3 21 22 19 42345.90000 9.43900000 1327.13000 157.66000 26.00000 107.39600
 3 3 21 22 19 42326.30000 9.43900000 1325.68000 157.66000 26.00000 107.39600
 3 3 21 22 19 42305.70000 9.43900000 1325.20000 157.60000 26.00000 107.39600
 3 3 21 22 20 42301.10000 9.43900000 1324.97000 157.60000 26.00000 107.26200
 3 3 21 22 20 42301.10000 9.43900000 1324.96000 157.29000 26.00000 107.03200
 3 3 21 22 21 42301.00000 9.43900000 1324.63000 157.17000 26.38100 107.03200
 3 3 21 22 21 42254.80000 9.43900000 1320.83000 157.16000 26.38100 107.03200
 3 3 21 22 22 42251.50000 9.43900000 1320.14000 156.94000 26.38100 106.74700
 3 3 21 22 22 42251.60000 9.43900000 1320.13000 156.93000 26.38100 107.02500
 3 3 21 22 22 42227.80000 9.40600000 1320.00000 156.79000 26.38100 107.02500
 3 3 21 22 23 42227.90000 9.40600000 1321.01000 156.80000 26.38100 107.02500
 3 3 21 22 23 42325.40000 9.40600000 1322.72000 156.80000 26.38100 107.02500
 3 3 21 22 24 42311.00000 9.40600000 1324.33000 157.02000 26.38100 107.02500
 3 3 21 22 24 42310.90000 9.40600000 1324.33000 157.10000 26.38100 107.02500
 3 3 21 22 25 42365.00000 9.40600000 1326.99000 157.10000 26.38100 107.20000
 3 3 21 22 25 42320.00000 9.40600000 1326.01000 156.96000 26.38100 107.20000
 3 3 21 22 25 42344.70000 9.40600000 1325.50000 157.05000 26.38100 107.20000
 3 3 21 22 26 42344.80000 9.40600000 1324.40000 157.09000 26.38100 107.20000
 3 3 21 22 26 42332.80000 9.40600000 1324.51000 157.05000 26.38100 107.20000
 3 3 21 22 27 42311.00000 9.40600000 1324.51000 157.05000 26.38100 107.26200
 3 3 21 22 27 42288.70000 9.40600000 1324.44000 156.86000 26.38100 107.26200
 3 3 21 22 28 42299.30000 9.40600000 1324.44000 156.86000 26.38100 107.26200
 3 3 21 22 28 42324.70000 9.40600000 1324.51000 157.03000 25.71200 107.26200
 3 3 21 22 28 42348.50000 9.40600000 1324.51000 157.03000 25.63200 107.26200
 3 3 21 22 29 42336.70000 9.41000000 1325.93000 157.14000 26.00000 107.26200
 3 3 21 22 29 42348.50000 9.41000000 1326.48000 157.14000 26.00000 107.26200
 3 3 21 22 30 42355.40000 9.41000000 1326.32000 157.21000 26.00000 107.26200
 3 3 21 22 30 42355.50000 9.41000000 1325.82000 157.30000 25.80100 107.26200
 3 3 21 22 31 42355.40000 9.41000000 1325.63000 157.30000 25.80100 107.26200
 3 3 21 22 31 42293.10000 9.41000000 1324.75000 157.03000 25.77600 107.26200
 3 3 21 22 31 42272.70000 9.41000000 1324.29000 156.98000 25.75100 107.26200
 3 3 21 22 32 42280.80000 9.41000000 1324.29000 156.98000 25.75100 107.26200
 3 3 21 22 32 42276.80000 9.41000000 1324.00000 156.98000 25.79900 107.26200
 3 3 21 22 33 42276.90000 9.41000000 1324.20000 156.95000 25.79900 107.26200
 3 3 21 22 33 42271.60000 9.43300000 1324.22000 157.08000 25.79900 107.00200
 3 3 21 22 34 42275.90000 9.43300000 1324.22000 157.08000 25.79900 107.00200
 3 3 21 22 34 42273.40000 9.43300000 1324.20000 157.08000 25.79900 107.00200
 3 3 21 22 34 42271.30000 9.41400000 1323.99000 157.08000 25.79900 107.00200
 3 3 21 22 35 42332.40000 9.40500000 1325.56000 157.30000 25.79900 106.72000
 3 3 21 22 35 42304.40000 9.40500000 1324.98000 157.30000 25.79900 106.72000
 3 3 21 22 36 42256.50000 9.40500000 1324.06000 157.30000 25.79900 106.72000
 3 3 21 22 36 42148.90000 9.40500000 1321.59000 156.58000 25.72600 106.72000
 3 3 21 22 37 42144.60000 9.40500000 1320.00000 156.62000 25.72600 106.38300
 3 3 21 22 37 42178.70000 9.40500000 1321.77000 156.62000 25.72600 106.77000
 3 3 21 22 37 42112.20000 9.40500000 1320.00000 156.58000 25.72600 106.77000
 3 3 21 22 38 42112.20000 9.40500000 1321.51000 156.68000 25.72600 106.77000
 3 3 21 22 38 42188.30000 9.40500000 1321.75000 156.64000 25.72600 106.68800
 3 3 21 22 39 42164.20000 9.40500000 1322.12000 156.77000 25.72600 106.68800
 3 3 21 22 39 42101.70000 9.40500000 1321.30000 156.77000 25.72600 106.68800
 3 3 21 22 40 42101.70000 9.40500000 1321.58000 156.77000 25.72600 106.68800
 3 3 21 22 40 42091.20000 9.40500000 1321.19000 156.77000 25.72600 106.68800
 3 3 21 22 40 42098.50000 9.40500000 1321.20000 156.77000 25.72600 106.68800
 3 3 21 22 41 42098.20000 9.40500000 1321.60000 156.84000 25.72600 106.68800
 3 3 21 22 41 42098.40000 9.40500000 1321.60000 156.81000 25.72600 106.68800
 3 3 21 22 42 42098.40000 9.39500000 1322.06000 156.84000 25.72600 106.76600
 3 3 21 22 42 42098.40000 9.39500000 1322.06000 156.84000 25.72600 106.73900
 3 3 21 22 43 42101.70000 9.39500000 1321.95000 157.13000 25.72600 106.73900
 3 3 21 22 43 42156.50000 9.39500000 1321.95000 157.30000 25.72600 106.73900
 3 3 21 22 43 42142.40000 9.39500000 1321.95000 157.30000 25.72600 106.73900
 3 3 21 22 44 42142.40000 9.39500000 1321.94000 156.92000 25.72600 106.64700
 3 3 21 22 44 42142.30000 9.39500000 1321.94000 156.92000 25.70100 106.64700
 3 3 21 22 45 42142.40000 9.39500000 1321.94000 156.78000 25.70100 106.64700
 3 3 21 22 45 42142.30000 9.39500000 1321.83000 156.68000 25.70100 106.64700
 3 3 21 22 46 42142.30000 9.38300000 1320.00000 156.68000 25.70100 106.64700
 3 3 21 22 46 42139.00000 9.38300000 1320.00000 156.68000 25.70100 106.64700
 3 3 21 22 46 42135.80000 9.38300000 1319.43000 156.64000 25.70100 106.64700
 3 3 21 22 47 42135.80000 9.38300000 1319.43000 156.64000 25.70100 106.64700
 3 3 21 22 47 42135.70000 9.38300000 1321.48000 156.71000 25.70100 106.64700
 3 3 21 22 48 42135.70000 9.38300000 1321.94000 156.92000 25.70100 106.64700
 3 3 21 22 48 42122.40000 9.38000000 1321.94000 156.92000 25.84300 106.64700
