M=[
24 5 20 17 01 8210.60000 6.04400000 187.08000 39.40000 11.16100 42.00400
24 5 20 17 02 8212.50000 6.05200000 187.08000 39.40000 11.16100 41.61400
24 5 20 17 02 8211.70000 6.05200000 187.30000 39.40000 11.16100 42.00400
24 5 20 17 03 8214.90000 6.05200000 187.10000 39.40000 11.16100 41.62100
24 5 20 17 03 8214.90000 6.05200000 187.40000 39.40000 11.16100 42.00400
24 5 20 17 04 8220.30000 6.04500000 187.52000 39.40000 11.16100 42.00400
24 5 20 17 04 8233.20000 6.04500000 187.52000 39.40000 11.16100 41.61400
24 5 20 17 05 8251.30000 6.04500000 187.69000 39.40000 11.16100 42.00400
24 5 20 17 05 8239.60000 6.05200000 187.71000 39.40000 11.16100 42.00400
24 5 20 17 06 8239.90000 6.05600000 187.69000 39.40000 11.16100 42.00400
24 5 20 17 06 8236.10000 6.05600000 187.70000 39.40000 11.16100 42.00400
24 5 20 17 07 8234.60000 6.05200000 187.71000 39.44000 11.16100 42.00400
24 5 20 17 07 8239.90000 6.05600000 187.60000 39.48000 11.24000 42.00400
24 5 20 17 08 8234.20000 6.05200000 187.52000 39.48000 11.23000 42.00400
24 5 20 17 08 8233.20000 6.05600000 187.52000 39.48000 11.23000 42.00400
24 5 20 17 09 8232.10000 6.05600000 187.52000 39.48000 11.23000 42.00400
24 5 20 17 09 8230.00000 6.05600000 187.50000 39.48000 11.23000 42.00400
24 5 20 17 10 8225.10000 6.05600000 187.23000 39.40000 11.23000 42.00400
24 5 20 17 10 8224.20000 6.05600000 187.29000 39.40000 11.23000 42.00400
24 5 20 17 11 8227.80000 6.05600000 187.29000 39.44000 11.24000 42.00400
24 5 20 17 11 8238.30000 6.05600000 187.38000 39.44000 11.23000 41.61400
24 5 20 17 12 8238.50000 6.05600000 187.38000 39.44000 11.23000 42.00400
24 5 20 17 12 8225.30000 6.05600000 187.51000 39.44000 11.23000 42.00400
24 5 20 17 13 8235.30000 6.05600000 187.51000 39.44000 11.23000 42.00400
24 5 20 17 13 8234.70000 6.05600000 187.52000 39.47000 11.23000 42.00400
24 5 20 17 14 8234.20000 6.05600000 187.44000 39.46000 11.23000 42.18800
24 5 20 17 14 8231.00000 6.04500000 187.44000 39.46000 11.23000 42.18800
24 5 20 17 15 8229.40000 6.05600000 187.44000 39.46000 11.23000 42.18800
24 5 20 17 15 8232.40000 6.05600000 187.49000 39.46000 11.23000 42.18800
24 5 20 17 16 8230.00000 6.05600000 187.44000 39.46000 11.26000 42.20000
24 5 20 17 16 8224.20000 6.04500000 187.31000 39.46000 11.26000 42.20000
24 5 20 17 17 8222.50000 6.07000000 187.19000 39.44000 11.26000 42.20000
24 5 20 17 17 8208.90000 6.07000000 187.19000 39.44000 11.26000 42.20000
24 5 20 17 18 8212.00000 6.07000000 187.19000 39.44000 11.25500 42.20000
24 5 20 17 18 8208.10000 6.07000000 187.13000 39.44000 11.25500 42.20000
24 5 20 17 19 8207.50000 6.07000000 186.94000 39.44000 11.25500 42.20000
24 5 20 17 19 8209.60000 6.07000000 187.13000 39.44000 11.25500 42.20000
24 5 20 17 20 8200.00000 6.04500000 186.90000 39.44000 11.25500 42.20000
24 5 20 17 20 8203.50000 6.07000000 187.11000 39.48000 11.25500 42.20000
24 5 20 17 21 8210.70000 6.07000000 187.11000 39.51000 11.25500 42.20000
24 5 20 17 21 8210.90000 6.07000000 187.24000 39.51000 11.25500 42.20000
24 5 20 17 21 8211.80000 6.07000000 187.24000 39.51000 11.25500 42.20000
24 5 20 17 22 8217.50000 6.07000000 187.28000 39.51000 11.25500 42.20000
24 5 20 17 22 8221.60000 6.07000000 187.26000 39.51000 11.25500 42.20000
24 5 20 17 23 8219.30000 6.07000000 187.36000 39.51000 11.25500 42.20000
24 5 20 17 23 8221.10000 6.07000000 187.24000 39.47000 11.25500 42.20000
24 5 20 17 24 8221.30000 6.07000000 187.14000 39.47000 11.25500 42.20000
24 5 20 17 24 8220.40000 6.07000000 187.25000 39.47000 11.25500 42.20000
24 5 20 17 25 8220.10000 6.07000000 187.23000 39.48000 11.25500 42.20000
24 5 20 17 25 8222.10000 6.07000000 187.23000 39.45000 11.25500 42.20000
24 5 20 17 26 8226.90000 6.07000000 187.23000 39.45000 11.27900 42.20000
24 5 20 17 26 8226.00000 6.07000000 187.23000 39.47000 11.27900 42.20000
24 5 20 17 27 8227.50000 6.07000000 187.38000 39.45000 11.27900 42.20000
24 5 20 17 27 8231.90000 6.07000000 187.23000 39.45000 11.27900 42.20000
24 5 20 17 28 8234.90000 6.07000000 187.60000 39.45000 11.27900 42.20000
24 5 20 17 28 8236.60000 6.07000000 187.60000 39.57000 11.27900 42.20000
24 5 20 17 29 8225.00000 6.07000000 187.67000 39.57000 11.27900 42.20000
24 5 20 17 29 8225.10000 6.07000000 187.67000 39.57000 11.25500 42.20000
24 5 20 17 30 8225.00000 6.04500000 187.44000 39.57000 11.27900 42.20000
24 5 20 17 30 8224.60000 6.07000000 187.45000 39.57000 11.27900 42.20000
24 5 20 17 31 8228.60000 6.07000000 187.58000 39.57000 11.27900 42.20000
24 5 20 17 31 8221.80000 6.07000000 187.68000 39.57000 11.27900 42.20000
24 5 20 17 32 8233.10000 6.07000000 187.80000 39.57000 11.27900 42.20000
24 5 20 17 32 8233.10000 6.07000000 187.83000 39.57000 11.27900 42.20000
24 5 20 17 33 8235.60000 6.07000000 187.88000 39.57000 11.27900 42.20000
24 5 20 17 33 8235.50000 6.07000000 187.88000 39.57000 11.27900 42.20000
24 5 20 17 33 8235.40000 6.07000000 187.89000 39.57000 11.27900 42.20000
24 5 20 17 34 8236.10000 6.07000000 187.88000 39.56000 11.27900 42.20000
24 5 20 17 34 8233.50000 6.07000000 187.90000 39.56000 11.27900 42.20000
24 5 20 17 35 8231.40000 6.07000000 187.80000 39.56000 11.27900 42.21100
24 5 20 17 35 8230.10000 6.08500000 187.68000 39.50000 11.27900 42.21100
24 5 20 17 36 8230.10000 6.08800000 187.63000 39.50000 11.27900 42.20000
24 5 20 17 36 8220.00000 6.08800000 187.67000 39.50000 11.27900 42.21100
24 5 20 17 37 8220.10000 6.08800000 187.52000 39.50000 11.27900 42.21100
24 5 20 17 37 8220.40000 6.10000000 187.49000 39.50000 11.27900 42.21100
24 5 20 17 38 8220.40000 6.10000000 187.53000 39.50000 11.27900 42.21100
24 5 20 17 38 8220.30000 6.05200000 187.53000 39.50000 11.27900 42.21100
24 5 20 17 39 8212.80000 6.10000000 187.48000 39.50000 11.27900 42.20000
24 5 20 17 39 8210.20000 6.09000000 187.41000 39.50000 11.27900 42.21100
24 5 20 17 39 8215.60000 6.09000000 187.40000 39.48000 11.27900 42.20000
24 5 20 17 40 8215.40000 6.09000000 187.40000 39.48000 11.27900 42.21100
24 5 20 17 40 8215.60000 6.09000000 187.41000 39.47000 11.27900 42.21100
24 5 20 17 41 8210.80000 6.09000000 187.41000 39.47000 11.27900 42.21100
24 5 20 17 41 8210.10000 6.09000000 187.40000 39.45000 11.27900 42.21100
24 5 20 17 42 8210.20000 6.10000000 187.40000 39.45000 11.27900 42.21100
24 5 20 17 42 8210.10000 6.09000000 187.40000 39.45000 11.27900 42.20000
24 5 20 17 43 8210.10000 6.09000000 187.40000 39.45000 11.26000 42.21100
24 5 20 17 43 8208.70000 6.09000000 187.40000 39.45000 11.27900 42.21100
24 5 20 17 44 8209.80000 6.08700000 187.41000 39.45000 11.31500 42.20000
24 5 20 17 44 8210.80000 6.09000000 187.30000 39.47000 11.30000 42.21100
24 5 20 17 44 8212.00000 6.09000000 187.30000 39.47000 11.30000 42.21100
24 5 20 17 45 8208.70000 6.09000000 187.28000 39.46000 11.30000 42.21100
24 5 20 17 45 8213.40000 6.09000000 187.32000 39.46000 11.30000 42.21100
24 5 20 17 46 8207.90000 6.09000000 187.39000 39.47000 11.30000 42.21100
24 5 20 17 46 8213.60000 6.09000000 187.32000 39.47000 11.31500 42.20000
24 5 20 17 47 8214.30000 6.09000000 187.32000 39.47000 11.30000 42.21100
24 5 20 17 47 8213.80000 6.09000000 187.32000 39.47000 11.30000 42.21100
24 5 20 17 48 8213.70000 6.09000000 187.32000 39.47000 11.30000 42.21100
24 5 20 17 48 8213.00000 6.08400000 187.32000 39.45000 11.30000 42.21100
24 5 20 17 49 8211.90000 6.08400000 187.32000 39.47000 11.30000 42.21100
24 5 20 17 49 8211.50000 6.08400000 187.20000 39.47000 11.30000 42.21100
24 5 20 17 50 8212.70000 6.08400000 187.20000 39.44000 11.30000 42.20000
24 5 20 17 50 8208.10000 6.08400000 187.20000 39.44000 11.30000 42.21100
24 5 20 17 50 8210.80000 6.08400000 187.20000 39.44000 11.25500 42.21100
24 5 20 17 51 8208.10000 6.08400000 187.20000 39.44000 11.30000 42.21100
24 5 20 17 51 8209.30000 6.08400000 187.28000 39.44000 11.30000 42.21100
24 5 20 17 52 8212.00000 6.08400000 187.35000 39.44000 11.30000 42.20000
24 5 20 17 52 8211.50000 6.08400000 187.31000 39.44000 11.30000 42.20000
24 5 20 17 53 8216.80000 6.08400000 187.34000 39.44000 11.30000 42.21100
