M=[
 1 3 21 05 51 38267.70000 8.61800000 1188.62000 136.89000 25.47100 93.32400
 1 3 21 05 51 38258.90000 8.61800000 1188.18000 136.89000 25.47100 93.32400
 1 3 21 05 52 38295.80000 8.61800000 1188.18000 136.89000 25.47100 93.32400
 1 3 21 05 52 38274.50000 8.61800000 1187.83000 136.89000 25.47100 93.32400
 1 3 21 05 53 38277.40000 8.61800000 1186.68000 137.11000 25.83300 93.32400
 1 3 21 05 53 38275.00000 8.61800000 1187.09000 137.12000 25.89200 93.32400
 1 3 21 05 54 38277.10000 8.61800000 1187.03000 137.10000 25.90200 93.32400
 1 3 21 05 54 38277.10000 8.61800000 1186.94000 137.10000 25.99000 93.32400
 1 3 21 05 54 38277.10000 8.61800000 1186.92000 137.10000 25.99000 93.32400
 1 3 21 05 55 38305.70000 8.61800000 1188.27000 137.17000 25.99000 93.32400
 1 3 21 05 55 38315.10000 8.61800000 1188.27000 137.17000 25.99000 93.32400
 1 3 21 05 56 38335.80000 8.61800000 1188.84000 137.17000 26.12300 93.32400
 1 3 21 05 56 38335.70000 8.61800000 1188.39000 137.11000 26.12300 93.32400
 1 3 21 05 57 38339.70000 8.61800000 1188.10000 137.11000 26.20800 93.32400
 1 3 21 05 57 38340.10000 8.61800000 1188.09000 137.11000 26.20800 93.32400
 1 3 21 05 57 38340.10000 8.61800000 1188.09000 137.11000 26.20800 93.32400
 1 3 21 05 58 38340.20000 8.61800000 1188.09000 137.25000 26.21200 93.32400
 1 3 21 05 58 38340.10000 8.61800000 1188.60000 137.25000 26.21200 93.32400
 1 3 21 05 59 38340.20000 8.61800000 1188.60000 137.25000 26.20800 93.32400
 1 3 21 05 59 38357.60000 8.61800000 1189.96000 137.19000 26.20800 93.32400
 1 3 21 06 00 38357.60000 8.61800000 1190.57000 137.19000 26.20800 93.32400
 1 3 21 06 00 38357.60000 8.61800000 1192.40000 137.19000 26.20800 93.32400
 1 3 21 06 00 38357.60000 8.61800000 1192.95000 137.19000 26.35200 93.32400
 1 3 21 06 01 38357.50000 8.61800000 1192.94000 137.19000 26.42300 93.32400
 1 3 21 06 01 38357.60000 8.61800000 1192.94000 137.19000 26.42300 93.32400
 1 3 21 06 02 38334.00000 8.61800000 1190.03000 137.19000 26.42300 92.66000
 1 3 21 06 02 38334.00000 8.61800000 1189.32000 137.19000 26.65700 92.66000
 1 3 21 06 03 38334.10000 8.61800000 1188.77000 137.19000 26.65700 92.57000
 1 3 21 06 03 38285.60000 8.61800000 1187.76000 137.19000 26.65700 92.57000
 1 3 21 06 03 38265.80000 8.61800000 1187.76000 136.90000 26.65700 92.57000
 1 3 21 06 04 38265.90000 8.61800000 1187.53000 136.90000 26.47300 92.31700
 1 3 21 06 04 38265.10000 8.61800000 1187.81000 136.84000 26.35700 92.31700
 1 3 21 06 05 38299.80000 8.61800000 1188.72000 136.78000 26.35700 92.31700
 1 3 21 06 05 38260.20000 8.59200000 1186.91000 136.59000 26.35700 92.31700
 1 3 21 06 06 38287.50000 8.59200000 1187.73000 136.59000 26.35700 92.31700
 1 3 21 06 06 38300.70000 8.59200000 1188.00000 136.84000 26.35700 92.31700
 1 3 21 06 06 38311.50000 8.59200000 1189.51000 136.83000 26.35700 92.31700
 1 3 21 06 07 38311.60000 8.59200000 1190.67000 136.83000 26.35700 92.31700
 1 3 21 06 07 38311.50000 8.59200000 1188.95000 136.84000 26.35700 92.31700
 1 3 21 06 08 38317.60000 8.59200000 1189.92000 136.84000 26.35700 92.31700
 1 3 21 06 08 38319.40000 8.59200000 1189.66000 136.84000 26.35700 92.31700
 1 3 21 06 09 38334.00000 8.59200000 1190.42000 136.84000 26.35700 92.31700
 1 3 21 06 09 38344.70000 8.59200000 1190.42000 136.84000 26.35700 92.31700
 1 3 21 06 09 38363.60000 8.59200000 1190.56000 136.84000 26.35700 92.57000
 1 3 21 06 10 38363.70000 8.59200000 1190.56000 136.84000 26.35700 92.57000
 1 3 21 06 10 38362.30000 8.59200000 1191.20000 136.84000 26.35700 92.57000
 1 3 21 06 11 38379.50000 8.59200000 1191.29000 136.84000 26.35700 92.75000
 1 3 21 06 11 38388.90000 8.59200000 1191.91000 136.84000 26.35700 92.75000
 1 3 21 06 12 38396.40000 8.59200000 1192.18000 136.84000 26.35700 92.75000
 1 3 21 06 12 38368.60000 8.59200000 1191.67000 137.35000 26.35700 92.75000
 1 3 21 06 12 38376.20000 8.59200000 1191.49000 137.35000 26.35700 92.75000
 1 3 21 06 13 38369.00000 8.59200000 1190.73000 137.35000 26.35700 92.75000
 1 3 21 06 13 38360.10000 8.59200000 1190.51000 137.20000 26.21200 92.75000
 1 3 21 06 14 38360.10000 8.59200000 1190.62000 137.20000 26.21200 92.75000
 1 3 21 06 14 38360.00000 8.59200000 1190.69000 137.20000 26.21200 92.75000
 1 3 21 06 15 38388.30000 8.59200000 1190.67000 137.34000 26.21200 92.89400
 1 3 21 06 15 38388.30000 8.59200000 1191.13000 137.33000 26.21200 93.03000
 1 3 21 06 15 38400.00000 8.59200000 1191.13000 137.33000 26.21200 93.03000
 1 3 21 06 16 38395.20000 8.59200000 1190.88000 137.33000 26.21200 93.03000
 1 3 21 06 16 38395.20000 8.59200000 1190.91000 137.35000 26.21200 93.03000
 1 3 21 06 17 38392.00000 8.59200000 1191.38000 137.35000 26.04000 93.15400
 1 3 21 06 17 38395.10000 8.59200000 1192.41000 137.35000 26.04000 93.15400
 1 3 21 06 18 38399.10000 8.59200000 1194.79000 137.35000 26.04000 93.24400
 1 3 21 06 18 38399.00000 8.59200000 1193.88000 137.35000 26.04000 93.24400
 1 3 21 06 18 38399.10000 8.61500000 1197.00000 137.58000 26.04000 93.24400
 1 3 21 06 19 38397.30000 8.61500000 1195.71000 137.69000 26.04000 93.24400
 1 3 21 06 19 38398.30000 8.61500000 1196.50000 137.69000 26.04000 93.24400
 1 3 21 06 20 38388.90000 8.61500000 1195.79000 137.69000 26.04000 93.24400
 1 3 21 06 20 38374.80000 8.61500000 1194.42000 137.69000 25.90200 93.24400
 1 3 21 06 21 38374.80000 8.61500000 1195.04000 137.50000 25.90200 93.24400
 1 3 21 06 21 38349.00000 8.61500000 1193.84000 137.25000 25.90200 93.10000
 1 3 21 06 21 38333.70000 8.59900000 1192.16000 137.25000 25.90200 93.10000
 1 3 21 06 22 38333.70000 8.59900000 1193.98000 137.18000 25.90200 93.10000
 1 3 21 06 22 38331.30000 8.59900000 1193.98000 137.18000 25.90200 93.10000
 1 3 21 06 23 38331.30000 8.59900000 1192.45000 137.14000 25.90200 93.10000
 1 3 21 06 23 38331.30000 8.59900000 1192.61000 137.14000 25.90200 93.10000
 1 3 21 06 24 38331.30000 8.59900000 1192.58000 137.14000 25.90200 93.10000
 1 3 21 06 24 38331.20000 8.59900000 1192.58000 137.14000 25.90200 93.10000
 1 3 21 06 24 38331.30000 8.59900000 1192.52000 137.14000 25.90200 93.10000
 1 3 21 06 25 38354.30000 8.59900000 1192.71000 137.14000 25.90200 93.10000
 1 3 21 06 25 38370.30000 8.59900000 1193.90000 137.14000 25.90200 93.10000
 1 3 21 06 26 38379.00000 8.59900000 1195.04000 137.48000 25.90200 93.10000
 1 3 21 06 26 38381.10000 8.59900000 1194.07000 137.48000 25.90200 93.10000
 1 3 21 06 27 38384.00000 8.59900000 1194.21000 137.48000 25.90200 93.10000
 1 3 21 06 27 38390.70000 8.59900000 1195.15000 137.66000 25.90200 93.10000
 1 3 21 06 27 38388.00000 8.59900000 1195.15000 137.66000 25.90200 93.10000
 1 3 21 06 28 38388.30000 8.59900000 1194.19000 137.66000 25.90200 93.10000
 1 3 21 06 28 38355.00000 8.59900000 1193.70000 137.50000 25.90200 93.10000
 1 3 21 06 29 38355.00000 8.59900000 1193.18000 137.50000 25.90200 93.10000
 1 3 21 06 29 38370.30000 8.59100000 1193.00000 137.50000 25.78300 93.10000
 1 3 21 06 30 38413.60000 8.59100000 1193.60000 137.50000 25.78300 93.10000
 1 3 21 06 30 38420.10000 8.59100000 1193.79000 137.50000 25.78300 93.10000
 1 3 21 06 30 38425.50000 8.61000000 1193.88000 137.50000 25.78300 93.10000
 1 3 21 06 31 38407.50000 8.61000000 1192.68000 137.50000 25.78300 93.10000
 1 3 21 06 31 38386.50000 8.61000000 1191.93000 137.51000 25.78300 93.10000
 1 3 21 06 32 38372.80000 8.61000000 1191.61000 137.51000 25.78300 93.10000
 1 3 21 06 32 38370.70000 8.61000000 1191.42000 137.51000 25.78300 92.89300
 1 3 21 06 33 38368.70000 8.61000000 1191.33000 137.51000 25.78300 92.89300
 1 3 21 06 33 38355.10000 8.61000000 1191.11000 137.51000 25.90200 92.89300
 1 3 21 06 33 38355.10000 8.61000000 1190.18000 137.51000 25.90200 92.89300
 1 3 21 06 34 38350.00000 8.61000000 1190.40000 137.51000 25.90200 92.88400
 1 3 21 06 34 38302.80000 8.61000000 1188.91000 137.51000 25.90200 92.88400
 1 3 21 06 35 38314.00000 8.61000000 1188.31000 136.88000 25.90200 92.88400
 1 3 21 06 35 38224.80000 8.61000000 1186.31000 136.88000 25.90200 92.77000
 1 3 21 06 36 38211.00000 8.61000000 1186.53000 136.88000 25.90200 92.77000
