M=[
28 2 21 15 35 36371.30000 8.24800000 1097.78000 130.16000 23.90000 92.28800
28 2 21 15 35 36369.90000 8.26500000 1098.73000 130.06000 23.90000 92.10600
28 2 21 15 36 36367.50000 8.26500000 1097.29000 130.44000 23.92000 92.13400
28 2 21 15 36 36406.40000 8.26500000 1098.40000 130.38000 23.92000 92.13400
28 2 21 15 37 36442.30000 8.26500000 1098.18000 130.49000 23.92000 92.13400
28 2 21 15 37 36407.70000 8.26500000 1097.56000 130.47000 23.92000 92.25300
28 2 21 15 38 36361.00000 8.26200000 1095.88000 130.47000 23.92000 92.25300
28 2 21 15 38 36296.80000 8.22200000 1093.35000 129.96000 23.92000 92.01700
28 2 21 15 38 36263.00000 8.22200000 1092.64000 129.77000 23.82700 92.01700
28 2 21 15 39 36264.90000 8.22200000 1091.10000 129.49000 23.82700 92.01700
28 2 21 15 39 36207.30000 8.21800000 1086.53000 129.28000 23.82700 92.01700
28 2 21 15 40 36199.90000 8.18100000 1088.11000 129.40000 23.82700 91.73900
28 2 21 15 40 36254.80000 8.18100000 1088.94000 129.45000 23.82700 91.73900
28 2 21 15 41 36164.70000 8.17000000 1086.77000 129.42000 23.82700 91.73900
28 2 21 15 41 36166.90000 8.17000000 1085.17000 129.41000 23.82700 91.73900
28 2 21 15 41 36223.90000 8.17000000 1087.13000 129.45000 23.82700 91.73900
28 2 21 15 42 36171.80000 8.16800000 1086.10000 129.27000 23.87400 91.73900
28 2 21 15 42 36124.00000 8.16000000 1084.07000 129.27000 23.87400 91.73900
28 2 21 15 43 36141.00000 8.16000000 1084.34000 129.21000 23.85100 91.12100
28 2 21 15 43 36126.30000 8.16000000 1083.64000 128.98000 23.85100 91.12100
28 2 21 15 44 36133.50000 8.16000000 1084.72000 129.12000 23.69300 91.12800
28 2 21 15 44 36100.80000 8.16000000 1083.27000 129.04000 23.82800 91.23700
28 2 21 15 44 36092.40000 8.11100000 1082.04000 128.64000 23.82800 91.12000
28 2 21 15 45 36120.80000 8.11100000 1086.36000 129.05000 23.82800 91.12000
28 2 21 15 45 36076.80000 8.11100000 1083.53000 128.87000 23.82800 91.11700
28 2 21 15 46 36110.00000 8.15400000 1085.53000 128.93000 23.82800 91.00100
28 2 21 15 46 36160.30000 8.17800000 1087.35000 129.40000 23.82800 91.11800
28 2 21 15 47 36169.10000 8.16100000 1086.39000 129.26000 23.82600 91.34900
28 2 21 15 47 36098.20000 8.18000000 1082.02000 128.90000 23.80500 91.34900
28 2 21 15 47 36127.30000 8.18000000 1083.26000 128.96000 23.80500 91.34900
28 2 21 15 48 36146.40000 8.15100000 1085.69000 129.36000 23.39800 91.15300
28 2 21 15 48 36142.90000 8.15100000 1085.60000 129.36000 23.75800 91.09600
28 2 21 15 49 36100.10000 8.15100000 1085.05000 129.25000 23.75800 91.09600
28 2 21 15 49 36043.10000 8.15100000 1083.46000 128.77000 23.75800 90.75600
28 2 21 15 50 36000.80000 8.15100000 1081.57000 128.93000 23.73500 90.95000
28 2 21 15 50 36000.00000 8.15100000 1081.56000 128.73000 23.71200 90.29200
28 2 21 15 50 35976.80000 8.15100000 1079.74000 128.53000 23.68900 90.10000
28 2 21 15 51 36009.90000 8.15100000 1081.24000 128.46000 23.36400 90.10000
28 2 21 15 51 36041.00000 8.15100000 1081.83000 128.73000 23.64300 90.10000
28 2 21 15 52 36032.30000 8.12000000 1083.25000 128.74000 23.61200 90.32800
28 2 21 15 52 36099.90000 8.12000000 1085.26000 129.03000 23.54700 90.32800
28 2 21 15 53 36130.40000 8.12000000 1084.88000 129.14000 23.52800 90.32800
28 2 21 15 53 36173.20000 8.12000000 1088.00000 129.46000 23.50600 90.32800
28 2 21 15 53 36134.00000 8.12000000 1088.99000 129.47000 23.48300 90.32800
28 2 21 15 54 36201.00000 8.12000000 1092.63000 129.47000 23.59400 90.32800
28 2 21 15 54 36145.90000 8.12000000 1090.92000 129.94000 23.50800 90.32800
28 2 21 15 55 36202.70000 8.12000000 1093.45000 130.28000 23.49100 90.77900
28 2 21 15 55 36101.00000 8.12000000 1091.48000 130.28000 23.49100 90.89800
28 2 21 15 56 36131.90000 8.12000000 1091.98000 129.75000 23.49100 90.89800
28 2 21 15 56 36064.00000 8.12000000 1091.10000 129.73000 23.49100 90.62500
28 2 21 15 56 36076.30000 8.16600000 1091.76000 129.73000 23.49100 90.62500
28 2 21 15 57 36076.20000 8.16600000 1092.82000 129.74000 23.49100 90.62500
28 2 21 15 57 36123.10000 8.16600000 1093.01000 129.87000 23.48400 90.62500
28 2 21 15 58 36125.30000 8.16600000 1095.63000 130.01000 23.48400 90.74500
28 2 21 15 58 36081.20000 8.15500000 1094.00000 129.76000 23.47400 90.74500
28 2 21 15 59 36087.50000 8.15500000 1094.61000 129.58000 23.43800 90.74500
28 2 21 15 59 36070.90000 8.18700000 1095.18000 129.58000 23.43800 90.74500
28 2 21 15 59 36087.10000 8.18700000 1094.94000 129.66000 23.44000 90.10000
28 2 21 16 00 36060.00000 8.14800000 1095.78000 129.25000 23.44000 90.00000
28 2 21 16 00 36046.20000 8.14800000 1093.22000 129.15000 23.44000 89.67300
28 2 21 16 01 36001.00000 8.14800000 1093.19000 128.90000 23.41500 89.26400
28 2 21 16 01 35985.20000 8.10000000 1090.75000 128.57000 23.41500 88.88000
28 2 21 16 02 35901.10000 8.09400000 1088.45000 128.13000 23.36300 88.13700
28 2 21 16 02 35897.10000 8.09300000 1085.05000 127.62000 23.39200 87.64100
28 2 21 16 02 36140.70000 8.12500000 1095.47000 128.30000 23.39200 88.24200
28 2 21 16 03 36150.00000 8.14900000 1099.99000 129.54000 23.39200 88.80900
28 2 21 16 03 36188.20000 8.21500000 1102.83000 129.74000 23.39200 88.85200
28 2 21 16 04 36246.90000 8.21500000 1106.68000 130.17000 23.27900 89.55500
28 2 21 16 04 36290.50000 8.21500000 1110.54000 130.63000 23.27900 89.37300
28 2 21 16 05 36405.40000 8.27000000 1114.73000 131.64000 23.44600 89.49700
28 2 21 16 05 36364.20000 8.28000000 1114.32000 131.83000 23.34900 89.75900
28 2 21 16 05 36353.50000 8.28000000 1111.75000 131.71000 23.34900 89.75900
28 2 21 16 06 36326.70000 8.28000000 1113.41000 131.08000 23.34900 89.19700
28 2 21 16 06 36300.20000 8.28000000 1111.18000 130.93000 23.34900 89.19700
28 2 21 16 07 36280.10000 8.28000000 1110.17000 130.69000 23.46000 89.19700
28 2 21 16 07 36310.00000 8.27300000 1114.01000 130.89000 23.46000 89.19700
28 2 21 16 08 36280.20000 8.27300000 1113.71000 130.94000 23.46000 88.57600
28 2 21 16 08 36305.10000 8.28000000 1115.00000 131.14000 23.46000 88.57600
28 2 21 16 08 36305.40000 8.28000000 1115.44000 131.20000 23.46000 88.74100
28 2 21 16 09 36326.50000 8.28000000 1117.95000 131.37000 23.46000 88.74100
28 2 21 16 09 36311.80000 8.28000000 1117.34000 131.39000 23.46000 88.74100
28 2 21 16 10 36307.50000 8.28000000 1118.17000 131.53000 23.46000 88.74100
28 2 21 16 10 36217.90000 8.28000000 1116.64000 131.59000 23.46000 88.74100
28 2 21 16 11 36247.80000 8.28000000 1116.64000 131.51000 23.46000 88.74100
28 2 21 16 11 36222.10000 8.28000000 1114.65000 130.86000 23.46000 88.74100
28 2 21 16 11 36199.70000 8.28000000 1112.67000 130.94000 23.46000 88.74100
28 2 21 16 12 36109.60000 8.21500000 1109.76000 130.54000 23.32400 89.34800
28 2 21 16 12 36030.50000 8.21500000 1109.71000 129.61000 23.32400 88.96200
28 2 21 16 13 36015.10000 8.21500000 1107.91000 129.73000 23.32400 88.96200
28 2 21 16 13 35989.80000 8.21500000 1102.49000 129.41000 23.32400 88.75000
28 2 21 16 14 35986.60000 8.21500000 1105.45000 129.42000 23.32400 88.75000
28 2 21 16 14 36090.00000 8.21500000 1109.65000 130.10000 23.32400 88.51700
28 2 21 16 14 36079.70000 8.21500000 1110.00000 129.89000 23.32400 88.54700
28 2 21 16 15 36008.60000 8.21500000 1108.01000 130.15000 23.32400 88.54700
28 2 21 16 15 36050.00000 8.21500000 1112.42000 129.97000 23.32400 88.94300
28 2 21 16 16 36090.00000 8.21500000 1113.21000 130.26000 23.32400 88.94300
28 2 21 16 16 36170.60000 8.21500000 1114.00000 130.50000 23.32400 88.94300
28 2 21 16 16 36172.10000 8.21500000 1116.78000 131.00000 23.32400 89.41100
28 2 21 16 17 36199.90000 8.25900000 1119.99000 131.41000 23.32400 89.41100
28 2 21 16 17 36220.00000 8.25900000 1121.47000 131.41000 23.32400 89.41100
28 2 21 16 18 36272.80000 8.25900000 1121.10000 131.48000 23.32400 89.51500
28 2 21 16 18 36203.80000 8.25900000 1120.00000 131.55000 23.32400 89.32300
28 2 21 16 19 36172.00000 8.25900000 1120.01000 131.71000 23.32400 89.32300
28 2 21 16 19 36207.10000 8.29000000 1122.97000 132.17000 23.30200 89.52200
28 2 21 16 19 36265.00000 8.29000000 1125.13000 132.36000 23.30200 89.52200
