M=[
14 9 20 15 07 8994.20000 4.42900000 316.17000 41.48000 14.95400 53.80000
14 9 20 15 08 8992.90000 4.42900000 316.17000 41.48000 14.95400 53.80000
14 9 20 15 08 8996.70000 4.42900000 316.17000 41.48000 14.95400 53.80000
14 9 20 15 09 8996.50000 4.42900000 316.24000 41.48000 14.95400 53.80000
14 9 20 15 09 8994.10000 4.42900000 316.25000 41.50000 14.95400 53.80000
14 9 20 15 09 8994.00000 4.42900000 316.24000 41.49000 14.95400 53.80000
14 9 20 15 10 8994.00000 4.42900000 316.25000 41.49000 14.95400 53.80000
14 9 20 15 10 8992.30000 4.42900000 316.24000 41.49000 14.95400 53.80000
14 9 20 15 11 8993.80000 4.42900000 316.42000 41.49000 14.95400 53.80000
14 9 20 15 11 8993.10000 4.42900000 316.40000 41.49000 14.95400 53.80000
14 9 20 15 12 8990.20000 4.42900000 316.42000 41.49000 14.95400 53.80000
14 9 20 15 12 8988.70000 4.42900000 316.41000 41.49000 14.95400 53.80000
14 9 20 15 12 8986.50000 4.42900000 316.41000 41.50000 14.95400 53.65700
14 9 20 15 13 8987.20000 4.42900000 316.42000 41.50000 14.95400 53.65700
14 9 20 15 13 8985.80000 4.42900000 316.38000 41.50000 14.95400 53.65700
14 9 20 15 14 8988.00000 4.42900000 316.50000 41.50000 14.95400 53.65700
14 9 20 15 14 8990.90000 4.42900000 316.50000 41.50000 14.87000 53.65700
14 9 20 15 15 8989.70000 4.42900000 316.99000 41.57000 14.87000 53.65700
14 9 20 15 15 8992.50000 4.42900000 317.29000 41.57000 14.87000 53.65700
14 9 20 15 16 8993.90000 4.42900000 317.44000 41.57000 14.87000 53.65700
14 9 20 15 16 8998.90000 4.42900000 317.71000 41.57000 14.87000 53.65700
14 9 20 15 16 8999.00000 4.42900000 317.75000 41.57000 14.87000 53.65700
14 9 20 15 17 8998.80000 4.42900000 317.58000 41.57000 14.87000 53.65700
14 9 20 15 17 8998.90000 4.42900000 317.67000 41.57000 14.87000 53.65700
14 9 20 15 18 8999.00000 4.42900000 317.74000 41.57000 14.87000 53.65700
14 9 20 15 18 9000.00000 4.49700000 318.84000 41.55000 14.87000 53.65700
14 9 20 15 19 9001.80000 4.49700000 318.66000 41.55000 14.87000 53.65700
14 9 20 15 20 9008.70000 4.49700000 319.49000 41.55000 14.95300 53.65700
14 9 20 15 20 9008.70000 4.49700000 318.91000 41.55000 14.95300 53.65700
14 9 20 15 21 9008.90000 4.49700000 319.46000 41.55000 14.95300 53.65700
14 9 20 15 21 9008.90000 4.49700000 319.55000 41.55000 14.95300 53.65700
14 9 20 15 21 9010.00000 4.49700000 319.91000 41.55000 14.95400 53.65700
14 9 20 15 22 9010.60000 4.49700000 320.00000 41.55000 14.95400 53.65700
14 9 20 15 22 9015.00000 4.49700000 320.00000 41.62000 14.95400 53.65700
14 9 20 15 23 9016.60000 4.47000000 319.97000 41.62000 14.95400 53.65700
14 9 20 15 23 9017.00000 4.47000000 319.99000 41.62000 14.95400 53.65700
14 9 20 15 24 9016.10000 4.47000000 319.82000 41.72000 14.95400 53.65700
14 9 20 15 24 9023.20000 4.47000000 319.99000 41.74000 14.95400 53.65700
14 9 20 15 25 9019.20000 4.47000000 319.89000 41.80000 14.95400 53.65700
14 9 20 15 25 9017.10000 4.47000000 319.21000 41.80000 14.95400 53.65700
14 9 20 15 26 9014.40000 4.47000000 319.50000 41.84000 14.95400 53.65700
14 9 20 15 26 9013.90000 4.50000000 319.54000 41.84000 14.95400 53.65700
14 9 20 15 27 9013.90000 4.50000000 319.42000 41.84000 14.95400 53.65700
14 9 20 15 27 9010.80000 4.50000000 319.54000 41.84000 14.95400 53.65700
14 9 20 15 28 9007.90000 4.50000000 319.33000 41.84000 14.95400 53.65700
14 9 20 15 28 9007.90000 4.50000000 319.39000 41.84000 14.95400 53.65700
14 9 20 15 28 9009.10000 4.50000000 319.39000 41.84000 14.95400 53.65700
14 9 20 15 29 9011.00000 4.50000000 319.50000 41.74000 14.95400 53.65700
14 9 20 15 31 9013.20000 4.50000000 319.60000 41.76000 14.95300 53.65700
14 9 20 15 31 9003.90000 4.50000000 319.34000 41.76000 14.95300 53.65700
14 9 20 15 32 9001.60000 4.50000000 319.35000 41.76000 14.95300 53.65700
14 9 20 15 32 9000.00000 4.50000000 319.34000 41.76000 14.95300 53.65700
14 9 20 15 33 8997.60000 4.50000000 319.03000 41.65000 14.95300 53.65700
14 9 20 15 34 9010.70000 4.50000000 319.70000 41.65000 14.95300 53.65700
14 9 20 15 35 9009.80000 4.50000000 319.44000 41.67000 14.89200 53.65700
14 9 20 15 36 9011.40000 4.50000000 319.70000 41.67000 14.95600 53.65700
14 9 20 15 36 9011.40000 4.50000000 319.50000 41.67000 14.95400 53.65700
14 9 20 15 37 9007.00000 4.50000000 319.21000 41.67000 14.95400 53.84900
14 9 20 15 38 9008.40000 4.50000000 320.31000 41.65000 14.95400 53.84900
14 9 20 15 39 9012.70000 4.50000000 321.82000 41.68000 14.95600 53.84900
14 9 20 15 41 9010.60000 4.50000000 322.05000 41.75000 14.95600 54.10900
14 9 20 15 43 9019.10000 4.50000000 322.01000 41.74000 14.95600 54.08600
14 9 20 15 44 9018.60000 4.50000000 322.03000 41.74000 14.95600 54.08600
14 9 20 15 46 9019.40000 4.50000000 322.09000 41.74000 14.95600 54.08600
14 9 20 15 47 9019.40000 4.50000000 322.23000 41.75000 14.95600 53.93800
14 9 20 15 47 9019.60000 4.50000000 322.16000 41.75000 14.95600 53.93800
14 9 20 15 50 9019.40000 4.50000000 321.91000 41.75000 14.95600 53.93800
14 9 20 15 52 9019.00000 4.50000000 321.90000 41.75000 14.95600 53.93800
14 9 20 16 07 9044.80000 4.50000000 323.02000 41.78000 14.95600 53.93800
14 9 20 16 08 9044.80000 4.50000000 322.96000 41.78000 14.95600 53.93800
14 9 20 16 08 9044.50000 4.50000000 322.78000 41.74000 14.95400 53.93800
14 9 20 16 09 9044.50000 4.50000000 322.54000 41.71000 14.95600 53.93800
14 9 20 16 11 9044.50000 4.50000000 322.20000 41.69000 14.95600 53.93800
14 9 20 16 12 9039.50000 4.50000000 322.17000 41.68000 14.95600 53.93800
14 9 20 16 13 9038.20000 4.50000000 321.58000 41.68000 14.95600 53.93800
14 9 20 16 13 9027.90000 4.50000000 320.99000 41.67000 14.95600 53.84000
14 9 20 16 14 9022.00000 4.50000000 319.74000 41.59000 14.95600 53.78000
14 9 20 16 16 9012.90000 4.50000000 318.67000 41.34000 14.95600 53.60400
14 9 20 16 17 9010.00000 4.50000000 318.99000 41.38000 14.95600 53.60400
14 9 20 16 18 9009.90000 4.50000000 319.28000 41.38000 14.95600 53.60400
14 9 20 16 18 9008.40000 4.50000000 318.90000 41.41000 14.95600 53.60400
14 9 20 16 19 9009.90000 4.50000000 319.05000 41.39000 14.95600 53.60400
14 9 20 16 20 9009.90000 4.50000000 319.28000 41.39000 14.95600 53.60400
14 9 20 16 21 9010.00000 4.50000000 318.87000 41.39000 14.95600 53.60400
14 9 20 16 21 9008.40000 4.50000000 318.80000 41.39000 14.95600 53.60400
14 9 20 16 22 9007.20000 4.50000000 318.62000 41.49000 14.95500 53.60400
14 9 20 16 22 9007.20000 4.50000000 317.92000 41.49000 14.95500 53.60400
14 9 20 16 23 9007.30000 4.50000000 318.00000 41.49000 14.95500 53.60400
14 9 20 16 23 9007.20000 4.50000000 317.95000 41.43000 14.95600 53.60400
14 9 20 16 24 9007.20000 4.50000000 317.24000 41.40000 14.95600 53.60400
14 9 20 16 25 9000.20000 4.50000000 317.54000 41.43000 14.95600 53.60400
14 9 20 16 25 8998.10000 4.50000000 317.50000 41.43000 14.95600 53.60400
14 9 20 16 26 8997.80000 4.50000000 317.50000 41.38000 14.95600 53.49100
14 9 20 16 26 8997.40000 4.50000000 317.41000 41.40000 14.95600 53.49100
14 9 20 16 27 8997.30000 4.50000000 317.69000 41.41000 14.95600 53.49100
14 9 20 16 27 8999.90000 4.50000000 318.00000 41.41000 14.95600 53.49100
14 9 20 16 28 9001.90000 4.50000000 317.99000 41.46000 14.95600 53.49100
14 9 20 16 28 9002.00000 4.50000000 317.90000 41.46000 14.95600 53.49100
14 9 20 16 29 9001.60000 4.50000000 317.68000 41.46000 14.95600 53.49100
14 9 20 16 29 9002.00000 4.50000000 317.93000 41.46000 14.95600 53.49100
14 9 20 16 30 9002.00000 4.50000000 317.85000 41.47000 14.95600 53.49100
14 9 20 16 30 9001.90000 4.50000000 317.98000 41.47000 14.95600 53.49100
14 9 20 16 31 9000.00000 4.50000000 317.82000 41.47000 14.95600 53.49100
14 9 20 16 31 9000.00000 4.50000000 317.83000 41.47000 14.95600 53.49100
14 9 20 16 32 8999.80000 4.50000000 317.76000 41.47000 14.95600 53.49100
14 9 20 16 32 8997.40000 4.50000000 317.76000 41.47000 14.95600 53.49100
14 9 20 16 33 8999.80000 4.50000000 317.51000 41.47000 14.95600 53.49100
14 9 20 16 33 9000.00000 4.50000000 317.51000 41.47000 14.95600 53.49100
14 9 20 16 34 9000.00000 4.50000000 318.00000 41.47000 14.95600 53.49100
