M=[
19 5 20 17 44 8834.50000 6.08600000 194.50000 41.27000 11.81800 43.50600
19 5 20 17 45 8833.10000 6.08600000 194.52000 41.27000 11.81800 43.50600
19 5 20 17 45 8835.70000 6.08600000 194.51000 41.27000 11.81800 43.50600
19 5 20 17 46 8836.10000 6.08600000 194.51000 41.27000 11.81800 43.50600
19 5 20 17 46 8841.10000 6.08600000 194.55000 41.27000 11.81800 43.50600
19 5 20 17 46 8843.40000 6.08600000 194.69000 41.27000 11.81800 43.74100
19 5 20 17 47 8853.10000 6.08600000 194.71000 41.27000 11.81800 43.50600
19 5 20 17 47 8849.60000 6.08600000 194.71000 41.27000 11.81800 43.50600
19 5 20 17 48 8849.50000 6.08600000 194.67000 41.27000 11.81800 43.74100
19 5 20 17 48 8849.30000 6.08600000 194.67000 41.27000 11.81800 43.74100
19 5 20 17 49 8853.70000 6.08600000 194.75000 41.27000 11.81800 43.50600
19 5 20 17 49 8852.50000 6.08600000 194.75000 41.34000 11.81800 43.50600
19 5 20 17 50 8849.70000 6.08600000 194.64000 41.34000 11.81800 43.50600
19 5 20 17 50 8849.60000 6.08600000 194.64000 41.34000 11.81800 43.50600
19 5 20 17 51 8849.70000 6.08600000 194.60000 41.34000 11.81800 43.50600
19 5 20 17 51 8849.60000 6.08600000 194.72000 41.34000 11.81800 43.50600
19 5 20 17 51 8849.60000 6.07000000 194.72000 41.34000 11.81800 43.50600
19 5 20 17 52 8849.60000 6.07000000 194.72000 41.34000 11.81800 43.50600
19 5 20 17 52 8849.60000 6.07000000 194.65000 41.35000 11.81800 43.50600
19 5 20 17 53 8849.60000 6.07000000 194.56000 41.35000 11.81800 43.50600
19 5 20 17 53 8849.60000 6.07000000 194.56000 41.36000 11.79000 43.40600
19 5 20 17 54 8849.70000 6.07000000 194.76000 41.36000 11.79000 43.40600
19 5 20 17 54 8849.70000 6.07000000 194.72000 41.36000 11.79000 43.40600
19 5 20 17 55 8849.80000 6.07000000 194.75000 41.36000 11.81800 43.40600
19 5 20 17 55 8849.60000 6.07000000 194.75000 41.36000 11.79000 43.40600
19 5 20 17 55 8849.60000 6.07000000 194.67000 41.35000 11.79000 43.40600
19 5 20 17 56 8840.90000 6.07000000 194.68000 41.36000 11.79000 43.74100
19 5 20 17 56 8843.40000 6.07000000 194.79000 41.36000 11.79000 43.40400
19 5 20 17 57 8843.40000 6.07000000 194.80000 41.36000 11.79000 43.40400
19 5 20 17 57 8838.20000 6.07000000 194.70000 41.36000 11.79000 43.40400
19 5 20 17 58 8839.50000 6.07000000 194.64000 41.36000 11.79000 43.40400
19 5 20 17 58 8839.70000 6.07000000 194.68000 41.36000 11.79000 43.40400
19 5 20 17 59 8839.80000 6.07000000 194.68000 41.36000 11.79000 43.39600
19 5 20 17 59 8839.90000 6.07000000 194.68000 41.36000 11.79000 43.39600
19 5 20 17 59 8838.90000 6.07000000 194.71000 41.36000 11.79000 43.39600
19 5 20 18 00 8837.70000 6.07000000 194.71000 41.36000 11.79000 43.46600
19 5 20 18 00 8834.40000 6.06500000 194.71000 41.36000 11.79000 43.42000
19 5 20 18 01 8834.30000 6.06500000 194.65000 41.36000 11.79000 43.42000
19 5 20 18 01 8837.60000 6.06500000 194.66000 41.38000 11.79000 43.42000
19 5 20 18 02 8837.70000 6.07000000 194.72000 41.38000 11.79000 43.52800
19 5 20 18 02 8837.60000 6.06300000 194.74000 41.36000 11.79000 43.52800
19 5 20 18 03 8837.70000 6.06300000 194.74000 41.36000 11.79000 43.52800
19 5 20 18 03 8836.50000 6.06300000 194.74000 41.36000 11.79000 43.52800
19 5 20 18 04 8837.10000 6.06300000 194.74000 41.36000 11.79000 43.52800
19 5 20 18 04 8840.00000 6.06300000 194.73000 41.36000 11.79000 43.52800
19 5 20 18 05 8847.30000 6.06300000 194.73000 41.36000 11.79000 43.52800
19 5 20 18 05 8849.70000 6.07000000 194.73000 41.36000 11.79000 43.52800
19 5 20 18 05 8850.00000 6.07000000 194.80000 41.36000 11.79000 43.52800
19 5 20 18 06 8854.40000 6.07000000 194.85000 41.36000 11.79000 43.52800
19 5 20 18 06 8854.70000 6.07000000 194.85000 41.40000 11.79000 43.52800
19 5 20 18 07 8854.50000 6.07000000 194.76000 41.40000 11.79500 43.64800
19 5 20 18 07 8854.40000 6.07000000 194.72000 41.40000 11.79500 43.64800
19 5 20 18 08 8857.80000 6.07000000 194.86000 41.40000 11.79500 43.64800
19 5 20 18 08 8858.10000 6.07000000 194.86000 41.40000 11.79500 43.64800
19 5 20 18 09 8854.50000 6.08100000 194.83000 41.36000 11.79500 43.64800
19 5 20 18 09 8854.50000 6.08100000 194.82000 41.40000 11.79500 43.64800
19 5 20 18 10 8854.20000 6.07000000 194.86000 41.40000 11.79500 43.64800
19 5 20 18 10 8854.60000 6.07000000 194.82000 41.40000 11.79500 43.64800
19 5 20 18 11 8859.00000 6.07000000 194.93000 41.40000 11.79500 43.64800
19 5 20 18 11 8860.00000 6.08100000 194.93000 41.40000 11.79500 43.64800
19 5 20 18 11 8860.20000 6.07000000 194.93000 41.40000 11.79500 43.64800
19 5 20 18 12 8866.50000 6.07000000 195.07000 41.42000 11.79500 43.64800
19 5 20 18 12 8865.90000 6.07000000 195.06000 41.46000 11.79500 43.64800
19 5 20 18 13 8861.70000 6.07000000 195.06000 41.47000 11.79500 43.64800
19 5 20 18 13 8862.30000 6.07000000 194.94000 41.47000 11.79500 43.64800
19 5 20 18 14 8856.90000 6.07000000 194.84000 41.44000 11.79500 43.64800
19 5 20 18 14 8855.60000 6.07000000 194.82000 41.44000 11.79500 43.64800
19 5 20 18 15 8856.30000 6.08100000 194.91000 41.42000 11.79500 43.64800
19 5 20 18 15 8855.60000 6.07000000 194.91000 41.42000 11.79500 43.52800
19 5 20 18 16 8855.10000 6.07000000 194.92000 41.43000 11.79500 43.64800
19 5 20 18 16 8854.70000 6.07000000 194.93000 41.42000 11.79500 43.64800
19 5 20 18 17 8860.90000 6.08100000 194.91000 41.43000 11.79500 43.64800
19 5 20 18 17 8859.50000 6.07000000 194.94000 41.43000 11.79500 43.64800
19 5 20 18 17 8854.70000 6.07000000 194.94000 41.45000 11.79500 43.64800
19 5 20 18 18 8858.00000 6.07000000 194.94000 41.45000 11.79500 43.64800
19 5 20 18 18 8858.00000 6.07000000 194.94000 41.42000 11.79500 43.64800
19 5 20 18 19 8857.90000 6.07000000 194.86000 41.42000 11.79500 43.64800
19 5 20 18 19 8861.40000 6.07000000 194.86000 41.42000 11.79500 43.52800
19 5 20 18 20 8863.00000 6.07000000 194.93000 41.42000 11.79500 43.64800
19 5 20 18 20 8859.70000 6.07000000 194.93000 41.42000 11.79500 43.52800
19 5 20 18 21 8858.30000 6.07000000 194.84000 41.42000 11.79500 43.64800
19 5 20 18 21 8856.30000 6.07000000 194.84000 41.42000 11.79500 43.64800
19 5 20 18 22 8854.00000 6.07000000 194.83000 41.44000 11.79500 43.64800
19 5 20 18 22 8856.30000 6.08100000 194.79000 41.44000 11.79500 43.64800
19 5 20 18 23 8851.20000 6.07000000 194.79000 41.44000 11.79500 43.64800
19 5 20 18 23 8852.30000 6.07000000 194.81000 41.44000 11.79500 43.64800
19 5 20 18 23 8850.10000 6.08100000 194.74000 41.44000 11.79500 43.64800
19 5 20 18 24 8851.20000 6.07000000 194.73000 41.44000 11.79500 43.64800
19 5 20 18 24 8851.40000 6.07000000 194.71000 41.45000 11.79500 43.64800
19 5 20 18 25 8851.50000 6.07000000 194.67000 41.45000 11.79500 43.64800
19 5 20 18 25 8850.10000 6.07000000 194.67000 41.45000 11.79000 43.64800
19 5 20 18 26 8850.10000 6.07000000 194.67000 41.44000 11.79500 43.64800
19 5 20 18 26 8850.10000 6.07000000 194.67000 41.44000 11.79500 43.64800
19 5 20 18 27 8856.90000 6.07000000 194.70000 41.44000 11.79500 43.64800
19 5 20 18 27 8861.30000 6.07000000 194.70000 41.45000 11.79500 43.64800
19 5 20 18 28 8859.50000 6.07000000 194.91000 41.45000 11.79500 43.64800
19 5 20 18 28 8860.10000 6.07000000 194.92000 41.45000 11.79500 43.64800
19 5 20 18 29 8860.30000 6.07000000 194.92000 41.45000 11.79500 43.64800
19 5 20 18 29 8860.20000 6.07000000 194.92000 41.47000 11.79500 43.64800
19 5 20 18 29 8860.20000 6.07000000 194.84000 41.47000 11.79500 43.64800
19 5 20 18 30 8858.00000 6.07000000 194.92000 41.47000 11.79500 43.64800
19 5 20 18 30 8857.70000 6.07000000 194.84000 41.47000 11.79500 43.64800
19 5 20 18 31 8858.20000 6.07000000 194.84000 41.45000 11.79500 43.52800
19 5 20 18 31 8866.40000 6.07000000 195.09000 41.47000 11.79500 43.64800
19 5 20 18 32 8863.00000 6.08100000 195.14000 41.47000 11.79500 43.64800
19 5 20 18 32 8861.20000 6.07000000 195.12000 41.49000 11.79500 43.64800
19 5 20 18 33 8859.60000 6.07000000 195.12000 41.49000 11.79500 43.64800
19 5 20 18 33 8859.60000 6.07000000 195.14000 41.46000 11.79500 43.64800
19 5 20 18 34 8860.00000 6.07000000 195.14000 41.46000 11.79500 43.64800
