M=[
19 6 21 21 25 30453.60000 44.02300000 1879.30000 132.15000 18.25000 109.61500
19 6 21 21 25 30455.90000 44.02300000 1879.56000 132.15000 18.25000 109.61500
19 6 21 21 26 30437.10000 44.02300000 1878.77000 132.15000 18.25000 109.61500
19 6 21 21 26 30445.80000 44.02300000 1878.42000 132.16000 18.25000 109.61500
19 6 21 21 27 30442.10000 44.02300000 1878.42000 132.13000 18.25000 109.61500
19 6 21 21 27 30416.00000 44.02300000 1877.56000 132.13000 18.25000 109.61500
19 6 21 21 28 30414.50000 44.02300000 1877.56000 132.06000 18.25000 109.74200
19 6 21 21 28 30409.10000 44.02300000 1877.48000 132.06000 18.25000 109.74200
19 6 21 21 28 30446.70000 44.02300000 1879.34000 132.06000 18.25000 109.74200
19 6 21 21 29 30440.60000 44.02300000 1879.36000 132.06000 18.25000 109.74200
19 6 21 21 29 30452.30000 44.02300000 1880.48000 132.06000 18.25000 109.74200
19 6 21 21 30 30447.60000 44.02300000 1880.48000 132.06000 18.25000 109.74200
19 6 21 21 30 30447.60000 44.02300000 1880.48000 132.06000 18.25000 109.74200
19 6 21 21 31 30433.30000 44.02300000 1879.68000 132.06000 18.25000 109.74200
19 6 21 21 31 30406.90000 44.02300000 1879.63000 132.14000 18.25000 109.74200
19 6 21 21 31 30415.30000 44.02300000 1879.37000 132.14000 18.25000 109.74200
19 6 21 21 32 30417.50000 44.02300000 1879.37000 132.14000 18.25000 109.74200
19 6 21 21 32 30434.70000 44.02300000 1879.37000 132.14000 18.25000 109.74200
19 6 21 21 33 30428.10000 44.02300000 1879.37000 132.14000 18.25000 109.74200
19 6 21 21 33 30422.70000 44.02300000 1879.37000 132.14000 18.25000 109.74200
19 6 21 21 34 30422.60000 44.02300000 1879.37000 132.14000 18.25000 109.74200
19 6 21 21 34 30423.70000 44.02300000 1879.37000 132.03000 18.25000 109.74200
19 6 21 21 34 30420.50000 44.02300000 1879.36000 132.03000 18.25000 109.74200
19 6 21 21 35 30429.10000 44.02300000 1879.36000 132.03000 18.25000 109.74200
19 6 21 21 35 30429.10000 44.02300000 1878.31000 132.02000 18.25000 109.74200
19 6 21 21 36 30419.00000 44.02300000 1878.29000 132.02000 18.25000 109.74200
19 6 21 21 36 30428.40000 44.02300000 1878.01000 132.02000 18.25000 109.74200
19 6 21 21 37 30427.80000 44.02300000 1877.63000 132.02000 18.25000 109.74200
19 6 21 21 37 30434.20000 44.02300000 1877.63000 132.02000 18.25000 109.74200
19 6 21 21 37 30434.20000 44.02300000 1877.63000 132.02000 18.25000 109.74200
19 6 21 21 38 30429.90000 44.02300000 1877.51000 132.02000 18.25000 109.74200
19 6 21 21 38 30416.70000 44.02300000 1877.53000 132.02000 18.25000 109.74200
19 6 21 21 39 30425.70000 44.02300000 1877.41000 132.02000 18.25000 109.74200
19 6 21 21 39 30418.90000 44.02300000 1877.40000 132.02000 18.25000 109.74200
19 6 21 21 40 30418.00000 44.02300000 1877.42000 132.02000 18.25000 109.74200
19 6 21 21 40 30416.70000 44.02300000 1877.47000 132.02000 18.25000 109.74200
19 6 21 21 40 30416.60000 44.02300000 1877.54000 132.02000 18.25000 109.74200
19 6 21 21 41 30416.60000 44.02300000 1877.54000 132.02000 18.25000 109.74200
19 6 21 21 41 30403.50000 44.02300000 1877.55000 132.02000 18.25000 109.74200
19 6 21 21 42 30407.50000 44.02300000 1877.54000 132.02000 18.25000 109.74200
19 6 21 21 42 30406.50000 44.02300000 1878.23000 132.16000 18.30200 109.74200
19 6 21 21 43 30403.30000 44.02300000 1878.52000 132.16000 18.30200 109.74200
19 6 21 21 43 30362.00000 44.02300000 1872.35000 132.16000 18.30200 109.74200
19 6 21 21 43 30326.30000 44.02300000 1867.88000 132.16000 18.30200 109.74200
19 6 21 21 44 30300.00000 44.02300000 1869.03000 132.16000 18.30200 109.74200
19 6 21 21 44 30300.00000 44.02300000 1871.28000 131.57000 18.30200 109.74200
19 6 21 21 45 30300.00000 44.02300000 1871.33000 131.57000 18.30200 109.74200
19 6 21 21 45 30344.10000 44.02300000 1872.76000 131.57000 18.30200 108.95900
19 6 21 21 46 30354.70000 44.02300000 1873.31000 131.57000 18.30200 108.95900
19 6 21 21 46 30364.00000 44.02300000 1873.31000 131.57000 18.30200 108.95900
19 6 21 21 46 30359.80000 44.02300000 1874.40000 131.57000 18.30200 108.95900
19 6 21 21 47 30352.40000 44.02300000 1874.54000 131.91000 18.30200 108.95900
19 6 21 21 47 30364.70000 44.02300000 1873.90000 131.92000 18.30200 108.95900
19 6 21 21 48 30373.70000 44.02300000 1873.72000 131.85000 18.30200 108.95900
19 6 21 21 48 30388.10000 44.02300000 1873.72000 131.85000 18.30200 108.95900
19 6 21 21 49 30386.90000 44.02300000 1873.81000 131.85000 18.30200 108.95900
19 6 21 21 49 30373.70000 44.01600000 1873.81000 131.85000 18.30200 108.95900
19 6 21 21 49 30376.70000 44.01600000 1873.81000 131.85000 18.30200 108.95900
19 6 21 21 50 30412.90000 44.01600000 1874.53000 132.06000 18.30200 108.95900
19 6 21 21 50 30394.50000 44.01600000 1874.61000 132.06000 18.30200 108.95900
19 6 21 21 51 30424.40000 44.01600000 1873.56000 132.06000 18.30200 108.95900
19 6 21 21 51 30440.00000 44.01600000 1875.54000 132.06000 18.30200 108.95900
19 6 21 21 52 30419.00000 44.01600000 1874.50000 132.06000 18.30200 108.95900
19 6 21 21 52 30422.20000 44.01600000 1873.43000 132.12000 18.30200 108.95900
19 6 21 21 52 30419.10000 44.01600000 1873.43000 132.12000 18.30200 108.95900
19 6 21 21 53 30419.00000 44.01600000 1872.97000 132.13000 18.30200 108.95900
19 6 21 21 53 30413.40000 44.01600000 1872.98000 132.04000 18.30200 108.95900
19 6 21 21 54 30404.70000 44.01600000 1872.01000 132.02000 18.30200 108.95900
19 6 21 21 54 30396.40000 44.01600000 1872.01000 132.02000 18.30200 108.95900
19 6 21 21 55 30396.40000 44.01600000 1872.12000 132.01000 18.30200 108.95900
19 6 21 21 55 30381.50000 44.01600000 1871.41000 132.01000 18.30200 108.95900
19 6 21 21 55 30370.70000 44.01600000 1870.72000 132.01000 18.30200 108.95900
19 6 21 21 56 30331.00000 44.01600000 1868.10000 132.01000 18.30200 108.95900
19 6 21 21 56 30346.10000 44.01600000 1868.10000 131.35000 18.30200 108.95900
19 6 21 21 57 30338.50000 44.01600000 1868.10000 131.23000 18.30200 108.95900
19 6 21 21 57 30338.50000 44.01600000 1868.10000 131.23000 18.30200 108.95900
19 6 21 21 58 30322.20000 44.01600000 1868.10000 131.24000 18.30200 108.95900
19 6 21 21 58 30322.20000 44.01600000 1866.48000 131.24000 18.30200 108.95900
19 6 21 21 58 30308.20000 44.01600000 1866.48000 131.07000 18.16100 108.95900
19 6 21 21 59 30300.10000 44.01600000 1865.32000 131.07000 18.16100 108.95900
19 6 21 21 59 30314.70000 44.01600000 1865.10000 131.07000 18.16100 108.95900
19 6 21 22 00 30321.80000 44.01600000 1866.12000 130.90000 18.16100 108.95900
19 6 21 22 00 30309.70000 44.01600000 1864.04000 130.82000 18.16100 108.95900
19 6 21 22 01 30308.00000 44.01600000 1863.34000 130.82000 18.16100 108.95900
19 6 21 22 01 30308.00000 44.01600000 1863.34000 130.82000 18.16100 108.95900
19 6 21 22 01 30293.00000 44.01600000 1863.34000 130.82000 18.16100 108.95900
19 6 21 22 02 30288.00000 44.01600000 1863.21000 130.82000 18.16100 108.95900
19 6 21 22 02 30279.50000 44.01600000 1857.90000 130.79000 18.45800 108.95900
19 6 21 22 03 30234.20000 44.01600000 1857.82000 130.64000 18.45800 108.95900
19 6 21 22 03 30247.70000 44.01600000 1858.75000 130.64000 18.45800 108.95900
19 6 21 22 04 30230.70000 44.01600000 1858.21000 130.64000 18.45800 108.95900
19 6 21 22 04 30224.20000 44.01600000 1856.06000 130.57000 18.45800 108.95900
19 6 21 22 04 30230.30000 44.01600000 1856.06000 130.57000 18.45800 108.95900
19 6 21 22 05 30230.40000 44.01600000 1853.65000 130.57000 18.36100 108.95900
19 6 21 22 05 30215.70000 44.01600000 1855.57000 130.57000 18.26500 108.95900
19 6 21 22 06 30216.70000 44.01600000 1855.57000 130.44000 18.26500 108.95900
19 6 21 22 06 30200.40000 44.01600000 1854.50000 130.48000 18.26500 108.95900
19 6 21 22 07 30209.50000 44.01600000 1854.38000 130.47000 18.26500 108.95900
19 6 21 22 07 30209.50000 44.01600000 1854.00000 130.42000 18.26500 108.95900
19 6 21 22 07 30200.40000 44.01600000 1852.22000 130.42000 18.26500 108.95900
19 6 21 22 08 30197.30000 44.01600000 1851.95000 130.31000 18.26500 108.95900
19 6 21 22 08 30152.40000 44.01600000 1851.95000 130.27000 18.17000 108.95900
