M=[
13 2 21 18 37 38938.30000 11.86800000 1494.95000 177.85000 25.39900 145.80900
13 2 21 18 37 38900.10000 11.92600000 1493.70000 177.54000 25.39900 145.20800
13 2 21 18 38 38900.00000 11.99600000 1493.56000 177.44000 25.39900 145.81000
13 2 21 18 38 38887.00000 12.00000000 1493.52000 177.39000 25.39900 145.81000
13 2 21 18 39 38860.10000 12.03300000 1492.24000 177.19000 25.39900 145.81000
13 2 21 18 39 38840.10000 12.02800000 1492.22000 177.18000 25.39900 145.81000
13 2 21 18 39 38840.10000 12.00500000 1492.53000 177.18000 25.39900 145.81000
13 2 21 18 40 38842.00000 12.00500000 1492.48000 177.19000 25.39900 145.61000
13 2 21 18 40 38841.90000 12.16300000 1493.30000 177.35000 25.39900 145.61000
13 2 21 18 41 38858.30000 12.18800000 1494.15000 177.38000 25.14900 145.62300
13 2 21 18 41 38891.30000 12.22700000 1494.92000 177.77000 25.14900 145.62300
13 2 21 18 42 38883.40000 12.33800000 1494.62000 177.89000 25.14900 145.62300
13 2 21 18 42 38900.00000 12.29000000 1494.99000 178.06000 25.14900 145.18800
13 2 21 18 42 38896.00000 12.26700000 1495.40000 178.18000 25.14900 145.05000
13 2 21 18 43 38875.80000 12.29400000 1494.00000 178.07000 25.14900 145.05000
13 2 21 18 43 38818.60000 12.29400000 1493.00000 177.48000 25.14900 144.84100
13 2 21 18 44 38835.60000 12.29000000 1492.22000 177.94000 25.14900 144.49200
13 2 21 18 44 38813.80000 12.32100000 1491.00000 177.70000 25.14900 144.00000
13 2 21 18 44 38851.00000 12.26200000 1491.96000 178.18000 25.14900 143.61100
13 2 21 18 45 38875.20000 12.16900000 1491.99000 178.43000 25.14900 143.70300
13 2 21 18 45 38856.70000 12.29900000 1493.00000 178.43000 25.14900 143.73200
13 2 21 18 46 38815.90000 12.29900000 1492.30000 178.43000 25.14900 143.94700
13 2 21 18 46 38837.90000 12.29900000 1492.02000 178.16000 25.14900 144.20700
13 2 21 18 47 38826.20000 12.30000000 1492.98000 178.16000 25.14900 145.10300
13 2 21 18 47 38830.50000 12.33100000 1492.98000 178.71000 25.14900 145.10300
13 2 21 18 47 38846.70000 12.44500000 1492.99000 178.99000 25.14900 145.10300
13 2 21 18 48 38849.90000 12.44500000 1494.06000 179.21000 25.14900 145.61300
13 2 21 18 48 38892.50000 12.41600000 1495.85000 179.70000 25.14900 145.72700
13 2 21 18 49 38892.50000 12.44400000 1496.00000 179.39000 25.14900 146.15700
13 2 21 18 49 38867.80000 12.34100000 1497.50000 179.69000 25.14900 146.03500
13 2 21 18 50 38862.60000 12.45100000 1497.79000 179.48000 25.14900 146.03500
13 2 21 18 50 38873.50000 12.49200000 1498.97000 179.46000 25.14900 146.08800
13 2 21 18 50 38870.30000 12.51400000 1498.36000 178.87000 25.14900 146.07800
13 2 21 18 51 38870.40000 12.53700000 1498.52000 179.09000 25.14900 146.18900
13 2 21 18 51 38870.40000 12.48000000 1498.01000 178.64000 25.14900 146.07500
13 2 21 18 52 38849.90000 12.57900000 1497.24000 178.83000 25.14900 145.91800
13 2 21 18 52 38850.00000 12.58000000 1497.03000 179.01000 25.14900 146.12100
13 2 21 18 53 38846.10000 12.58000000 1497.03000 178.84000 25.14900 146.12100
13 2 21 18 53 38827.10000 12.60500000 1497.00000 178.40000 25.14900 146.19000
13 2 21 18 53 38838.10000 12.64300000 1496.53000 178.99000 25.14900 146.19000
13 2 21 18 54 38838.00000 12.53400000 1495.17000 178.70000 25.39900 146.19300
13 2 21 18 54 38825.70000 12.53500000 1495.01000 178.68000 25.39900 146.19300
13 2 21 18 55 38825.80000 12.56900000 1495.01000 178.77000 25.39900 146.18400
13 2 21 18 55 38825.70000 12.50800000 1494.01000 178.54000 25.39900 145.73000
13 2 21 18 56 38815.20000 12.52800000 1493.02000 178.51000 25.39900 145.13000
13 2 21 18 56 38817.00000 12.48900000 1493.34000 178.54000 25.40000 145.13500
13 2 21 18 56 38821.80000 12.47900000 1493.34000 178.56000 25.40000 145.06100
13 2 21 18 57 38815.00000 12.63500000 1493.94000 178.58000 25.40000 145.05000
13 2 21 18 57 38807.60000 12.58200000 1493.60000 178.50000 25.40000 144.93200
13 2 21 18 58 38807.70000 12.60900000 1493.63000 178.58000 25.40000 145.00100
13 2 21 18 58 38807.60000 12.60500000 1493.51000 178.65000 25.40000 145.03100
13 2 21 18 59 38807.60000 12.54200000 1493.51000 178.50000 25.40000 145.03100
13 2 21 18 59 38799.40000 12.62600000 1493.50000 178.57000 25.40000 145.03100
13 2 21 18 59 38772.20000 12.90000000 1493.43000 178.60000 25.40000 145.03100
13 2 21 19 00 38775.50000 12.71600000 1492.73000 178.49000 25.40000 145.18300
13 2 21 19 00 38765.70000 12.60400000 1491.05000 178.41000 25.39500 145.48400
13 2 21 19 01 38763.90000 12.64800000 1491.51000 178.47000 25.39500 145.64000
13 2 21 19 01 38756.60000 12.37300000 1490.89000 178.45000 25.20100 145.64000
13 2 21 19 02 38755.20000 12.58400000 1490.45000 178.40000 25.20100 145.45400
13 2 21 19 02 38760.10000 12.51800000 1489.65000 177.84000 25.20100 145.72200
13 2 21 19 02 38755.30000 12.37600000 1489.01000 177.67000 25.37100 145.08400
13 2 21 19 03 38761.40000 12.49300000 1490.00000 177.62000 25.37100 145.50600
13 2 21 19 03 38766.10000 12.55700000 1490.00000 177.35000 25.37100 145.04900
13 2 21 19 04 38800.00000 12.55200000 1488.94000 177.22000 25.63500 144.71400
13 2 21 19 04 38783.10000 12.51000000 1488.95000 177.21000 25.63500 144.71400
13 2 21 19 05 38780.00000 12.47500000 1488.55000 177.11000 25.63500 144.55700
13 2 21 19 05 38775.10000 12.51200000 1488.01000 177.11000 25.63500 144.55700
13 2 21 19 05 38766.50000 12.51100000 1488.01000 176.90000 25.63500 144.55700
13 2 21 19 06 38795.00000 12.56100000 1488.29000 177.12000 25.63500 144.50000
13 2 21 19 06 38777.70000 12.47900000 1488.00000 176.86000 25.63500 144.30000
13 2 21 19 07 38787.60000 12.50000000 1487.68000 176.94000 25.63500 144.30000
13 2 21 19 07 38787.00000 12.55300000 1487.94000 177.12000 25.63500 144.15700
13 2 21 19 08 38797.90000 12.42700000 1487.65000 176.96000 25.24800 144.15700
13 2 21 19 08 38831.10000 12.47500000 1488.00000 177.12000 25.24800 144.03200
13 2 21 19 08 38836.10000 12.47800000 1488.00000 177.12000 25.24800 144.19100
13 2 21 19 09 38835.10000 12.49500000 1488.00000 177.12000 25.24800 144.15400
13 2 21 19 09 38837.10000 12.48900000 1489.00000 177.12000 25.24800 143.76000
13 2 21 19 10 38836.70000 12.53000000 1489.50000 177.48000 25.24800 143.54200
13 2 21 19 10 38825.70000 12.45900000 1488.82000 177.26000 25.24800 143.96000
13 2 21 19 11 38836.20000 12.53100000 1488.93000 177.37000 25.24800 144.08000
13 2 21 19 11 38847.00000 12.56100000 1489.36000 177.37000 25.24800 144.08000
13 2 21 19 11 38849.90000 12.67600000 1489.99000 178.00000 25.43900 144.64400
13 2 21 19 12 38849.90000 12.64400000 1490.00000 178.06000 25.45400 144.41100
13 2 21 19 12 38850.00000 12.64200000 1490.00000 178.30000 25.46000 144.41100
13 2 21 19 13 38849.90000 12.61500000 1491.00000 178.29000 25.46000 144.41100
13 2 21 19 13 38850.00000 12.64500000 1491.00000 177.99000 25.46000 144.41100
13 2 21 19 14 38849.90000 12.61700000 1491.00000 178.12000 25.46000 144.41100
13 2 21 19 14 38861.60000 12.61700000 1490.99000 178.20000 25.46000 145.38900
13 2 21 19 14 38859.60000 12.61700000 1491.00000 178.30000 25.46000 145.37700
13 2 21 19 15 38850.00000 12.66900000 1491.00000 178.08000 25.46000 145.37700
13 2 21 19 15 38850.00000 12.66900000 1491.00000 177.95000 25.46000 145.37700
13 2 21 19 16 38850.10000 12.66900000 1491.00000 178.29000 25.46000 145.32200
13 2 21 19 16 38859.40000 12.66200000 1493.03000 178.91000 25.46000 145.51700
13 2 21 19 17 38887.60000 12.67400000 1494.31000 178.92000 25.46000 145.51700
13 2 21 19 17 38895.50000 12.64300000 1494.31000 179.10000 25.46000 145.51700
13 2 21 19 17 38900.00000 12.64300000 1495.78000 179.19000 25.46000 145.89200
13 2 21 19 18 38934.20000 12.62000000 1495.03000 179.53000 25.46000 146.50500
13 2 21 19 18 38934.40000 12.67600000 1496.00000 179.91000 25.46000 146.11200
13 2 21 19 19 38935.30000 12.61600000 1496.94000 179.94000 25.46000 146.11200
13 2 21 19 19 38949.00000 12.61600000 1498.00000 180.43000 25.46000 146.67400
13 2 21 19 20 38951.20000 12.60000000 1497.50000 180.18000 25.46000 146.00000
13 2 21 19 20 38969.50000 12.53600000 1498.00000 180.03000 25.63900 145.20200
