M=[
31 3 21 00 46 50266.70000 11.25000000 1580.99000 167.79000 35.06800 132.66700
31 3 21 00 47 50287.20000 11.25000000 1581.00000 167.79000 35.62600 132.66700
31 3 21 00 47 50286.60000 11.25000000 1581.93000 167.79000 35.62600 132.66700
31 3 21 00 48 50285.90000 11.25000000 1581.93000 168.01000 35.62600 132.66700
31 3 21 00 48 50275.10000 11.25000000 1582.00000 167.99000 35.62600 132.66700
31 3 21 00 48 50275.10000 11.25000000 1582.00000 167.99000 35.62600 132.66700
31 3 21 00 49 50287.70000 11.25000000 1582.00000 167.99000 35.62600 132.66700
31 3 21 00 49 50287.70000 11.25000000 1582.00000 167.99000 35.62600 132.66700
31 3 21 00 50 50273.30000 11.25000000 1582.00000 167.99000 35.62600 132.66700
31 3 21 00 50 50278.50000 11.25000000 1582.00000 167.99000 35.40800 132.66700
31 3 21 00 51 50283.00000 11.25000000 1582.00000 168.09000 35.40800 132.66700
31 3 21 00 51 50287.30000 11.25000000 1582.00000 168.09000 35.40800 132.66700
31 3 21 00 51 50287.30000 11.22700000 1582.00000 168.09000 35.40800 132.66700
31 3 21 00 52 50264.70000 11.22700000 1582.00000 168.09000 35.40800 132.66700
31 3 21 00 52 50264.70000 11.22700000 1581.93000 168.09000 35.40800 132.66700
31 3 21 00 53 50287.70000 11.22700000 1581.99000 168.09000 35.84500 132.66700
31 3 21 00 53 50287.60000 11.22700000 1581.99000 168.09000 35.84500 132.32600
31 3 21 00 54 50287.70000 11.22700000 1581.99000 168.09000 35.84500 132.32600
31 3 21 00 54 50271.20000 11.22700000 1581.99000 168.09000 35.84500 132.32600
31 3 21 00 54 50271.20000 11.22700000 1582.00000 168.09000 35.84500 132.32600
31 3 21 00 55 50275.50000 11.22700000 1582.00000 168.09000 35.84500 132.32600
31 3 21 00 55 50265.30000 11.22700000 1582.00000 168.09000 35.62700 132.32600
31 3 21 00 56 50263.10000 11.22700000 1582.00000 168.09000 35.62700 132.32600
31 3 21 00 56 50266.00000 11.22700000 1582.00000 168.09000 35.62700 132.12500
31 3 21 00 57 50266.00000 11.22700000 1581.99000 168.09000 35.62700 132.12500
31 3 21 00 57 50250.10000 11.22600000 1581.99000 168.09000 35.62700 132.12500
31 3 21 00 57 50250.10000 11.22600000 1581.99000 168.09000 35.62700 132.12500
31 3 21 00 58 50239.90000 11.22600000 1581.77000 168.11000 35.62700 132.12500
31 3 21 00 58 50250.00000 11.22600000 1582.60000 168.11000 35.62700 132.12500
31 3 21 00 59 50287.70000 11.25000000 1583.69000 168.25000 35.63000 132.12500
31 3 21 00 59 50287.70000 11.25000000 1583.69000 168.25000 35.63000 132.12500
31 3 21 01 00 50287.60000 11.25000000 1583.89000 168.30000 35.63100 132.12500
31 3 21 01 00 50283.30000 11.25000000 1584.45000 168.33000 35.63100 131.95400
31 3 21 01 00 50287.70000 11.25000000 1586.50000 168.33000 35.63100 131.95400
31 3 21 01 01 50287.60000 11.25000000 1586.50000 168.33000 35.63100 131.95400
31 3 21 01 01 50287.60000 11.25000000 1586.50000 168.33000 35.63100 131.95400
31 3 21 01 02 50276.10000 11.25000000 1586.05000 168.33000 35.63100 131.95400
31 3 21 01 02 50273.10000 11.23100000 1585.50000 168.30000 35.63100 131.94500
31 3 21 01 03 50267.60000 11.23100000 1585.09000 168.21000 35.66200 131.94500
31 3 21 01 03 50267.60000 11.23100000 1584.09000 168.15000 35.66200 131.94500
31 3 21 01 03 50267.60000 11.23100000 1584.09000 168.12000 35.66200 131.94500
31 3 21 01 04 50267.60000 11.23100000 1584.17000 168.05000 35.66200 131.94500
31 3 21 01 04 50267.60000 11.23100000 1584.17000 168.07000 35.66200 131.94500
31 3 21 01 05 50232.20000 11.25000000 1582.79000 168.06000 35.66200 131.94500
31 3 21 01 05 50248.50000 11.25000000 1583.62000 168.09000 35.66200 132.47000
31 3 21 01 06 50250.30000 11.25000000 1582.98000 168.06000 35.66200 132.47000
31 3 21 01 06 50250.40000 11.25000000 1583.07000 168.06000 35.66200 132.47000
31 3 21 01 06 50250.40000 11.25100000 1583.07000 168.06000 35.66200 132.47000
31 3 21 01 07 50250.40000 11.25100000 1583.07000 168.06000 35.66200 132.47000
31 3 21 01 07 50257.80000 11.25100000 1583.07000 168.06000 35.66200 132.47000
31 3 21 01 08 50267.50000 11.25100000 1582.51000 168.06000 35.66200 132.47000
31 3 21 01 08 50267.50000 11.26000000 1582.41000 168.06000 35.66200 132.47000
31 3 21 01 09 50260.20000 11.26000000 1581.92000 168.06000 35.66200 132.47000
31 3 21 01 09 50273.30000 11.26000000 1581.92000 168.06000 35.66200 132.47000
31 3 21 01 09 50252.60000 11.26000000 1581.91000 168.06000 35.66200 132.47000
31 3 21 01 10 50276.10000 11.28000000 1582.51000 168.09000 35.66200 132.47000
31 3 21 01 10 50287.70000 11.28000000 1582.51000 168.09000 35.66200 132.33500
31 3 21 01 11 50279.00000 11.28000000 1581.38000 168.09000 35.66200 132.33500
31 3 21 01 11 50279.10000 11.28000000 1581.38000 168.09000 35.66200 132.33500
31 3 21 01 12 50279.10000 11.28000000 1581.38000 168.09000 35.66200 132.33500
31 3 21 01 12 50287.70000 11.28000000 1581.38000 168.09000 35.66200 132.33500
31 3 21 01 12 50280.40000 11.28000000 1581.28000 168.09000 35.66200 132.33500
31 3 21 01 13 50282.70000 11.28000000 1581.55000 168.09000 35.66200 132.33500
31 3 21 01 13 50279.10000 11.28000000 1581.67000 168.09000 35.66200 132.33500
31 3 21 01 14 50279.10000 11.28000000 1581.68000 168.09000 35.66200 132.33500
31 3 21 01 14 50279.10000 11.28000000 1581.68000 168.09000 35.66200 132.33500
31 3 21 01 15 50270.20000 11.28000000 1581.68000 168.09000 35.66200 132.33500
31 3 21 01 15 50287.70000 11.28000000 1581.68000 168.09000 35.66200 132.33500
31 3 21 01 15 50270.30000 11.28000000 1581.68000 168.09000 35.66200 132.33500
31 3 21 01 16 50270.70000 11.28000000 1581.68000 168.09000 35.66200 132.33500
31 3 21 01 16 50269.00000 11.28000000 1581.68000 168.09000 35.66200 132.33500
31 3 21 01 17 50270.30000 11.28000000 1581.67000 167.98000 35.52900 132.33500
31 3 21 01 17 50269.50000 11.28000000 1581.41000 167.99000 35.52900 132.33500
31 3 21 01 18 50248.10000 11.28000000 1581.41000 167.94000 35.52900 132.33500
31 3 21 01 18 50250.30000 11.28000000 1581.41000 167.94000 35.52900 132.33500
31 3 21 01 18 50250.30000 11.28000000 1581.41000 167.94000 35.52900 132.33500
31 3 21 01 19 50254.10000 11.32400000 1580.41000 167.94000 35.52900 132.27100
31 3 21 01 19 50250.30000 11.32400000 1580.28000 167.94000 35.52900 132.27100
31 3 21 01 20 50250.30000 11.32400000 1579.75000 167.94000 35.52900 132.27100
31 3 21 01 20 50250.20000 11.32400000 1579.57000 167.94000 35.52900 132.27100
31 3 21 01 21 50250.30000 11.32400000 1579.57000 167.94000 35.52900 132.27100
31 3 21 01 21 50250.30000 11.32400000 1578.58000 167.94000 35.52900 132.27100
31 3 21 01 21 50202.30000 11.32400000 1578.58000 167.80000 35.52900 131.97700
31 3 21 01 22 50244.30000 11.32400000 1578.58000 167.80000 35.52900 131.97700
31 3 21 01 22 50244.40000 11.32400000 1578.45000 167.80000 35.52900 131.97700
31 3 21 01 23 50231.80000 11.32400000 1578.45000 167.80000 35.52900 131.88700
31 3 21 01 23 50240.00000 11.32400000 1578.45000 167.80000 35.52900 131.88700
31 3 21 01 24 50241.90000 11.32400000 1578.57000 167.80000 35.52900 131.88700
31 3 21 01 24 50253.60000 11.32400000 1579.11000 167.80000 35.98400 131.88700
31 3 21 01 24 50263.90000 11.32400000 1579.07000 167.80000 35.98400 131.88700
31 3 21 01 25 50270.50000 11.32400000 1579.07000 167.80000 35.98400 131.88700
31 3 21 01 25 50269.20000 11.32400000 1579.74000 167.80000 35.98400 131.88700
31 3 21 01 26 50278.00000 11.32400000 1579.24000 167.80000 35.98400 131.88700
31 3 21 01 26 50287.70000 11.32400000 1579.11000 167.80000 35.98400 131.88700
31 3 21 01 27 50294.50000 11.32400000 1579.11000 167.80000 35.98400 131.88700
31 3 21 01 27 50339.60000 11.32400000 1579.11000 167.80000 35.98400 131.64000
31 3 21 01 27 50348.00000 11.32400000 1579.11000 168.01000 35.98400 131.64000
31 3 21 01 28 50349.80000 11.30900000 1579.11000 168.01000 35.98400 131.64000
31 3 21 01 28 50348.30000 11.30900000 1579.75000 168.25000 35.98400 131.45200
31 3 21 01 29 50349.80000 11.30900000 1580.45000 168.25000 35.98400 131.45200
31 3 21 01 29 50348.00000 11.30900000 1579.76000 168.25000 35.98400 131.45200
31 3 21 01 30 50348.10000 11.30900000 1579.75000 168.25000 35.98400 131.45200
