M=[
24 9 20 07 08 8860.80000 4.94200000 279.20000 37.51000 11.30100 45.16600
24 9 20 07 09 8860.80000 4.94200000 279.15000 37.51000 11.30100 45.16600
24 9 20 07 09 8860.60000 4.94200000 279.20000 37.50000 11.30100 45.16600
24 9 20 07 10 8860.50000 4.94200000 279.20000 37.50000 11.30100 45.16600
24 9 20 07 10 8860.60000 4.94200000 279.20000 37.50000 11.30100 45.28700
24 9 20 07 10 8860.60000 4.94200000 279.37000 37.50000 11.30100 45.31600
24 9 20 07 11 8857.30000 4.94200000 279.43000 37.50000 11.30100 45.31600
24 9 20 07 11 8856.90000 4.94200000 279.63000 37.50000 11.30100 45.31600
24 9 20 07 12 8855.30000 4.94200000 279.55000 37.50000 11.30100 45.37300
24 9 20 07 12 8855.40000 4.91800000 279.46000 37.50000 11.30100 45.37300
24 9 20 07 13 8854.60000 4.91800000 279.56000 37.50000 11.30100 45.37300
24 9 20 07 13 8854.50000 4.91800000 279.47000 37.50000 11.30100 45.37300
24 9 20 07 13 8854.60000 4.91800000 279.49000 37.58000 11.30100 45.37300
24 9 20 07 14 8857.20000 4.91800000 279.47000 37.58000 11.30100 45.37300
24 9 20 07 14 8854.50000 4.91800000 279.34000 37.58000 11.30100 45.37300
24 9 20 07 15 8852.00000 4.91800000 279.34000 37.58000 11.30100 45.37300
24 9 20 07 15 8852.10000 4.91800000 279.35000 37.51000 11.30100 45.37300
24 9 20 07 16 8852.10000 4.91800000 279.35000 37.51000 11.30100 45.37300
24 9 20 07 16 8855.40000 4.91800000 279.27000 37.53000 11.30100 45.37300
24 9 20 07 16 8855.90000 4.91800000 279.27000 37.52000 11.30100 45.37300
24 9 20 07 17 8856.10000 4.91800000 279.59000 37.52000 11.30100 45.37300
24 9 20 07 17 8858.20000 4.91800000 279.77000 37.52000 11.30100 45.37300
24 9 20 07 18 8861.20000 4.91800000 279.76000 37.52000 11.30100 45.37300
24 9 20 07 18 8861.20000 4.91800000 279.78000 37.58000 11.30100 45.37300
24 9 20 07 19 8861.10000 4.91800000 279.76000 37.58000 11.31700 45.37300
24 9 20 07 19 8861.20000 4.91800000 279.65000 37.58000 11.31700 45.37300
24 9 20 07 19 8863.10000 4.91800000 279.41000 37.58000 11.31700 45.37300
24 9 20 07 20 8860.10000 4.91800000 279.41000 37.58000 11.31700 45.37300
24 9 20 07 20 8859.60000 4.91800000 279.41000 37.58000 11.31700 45.37300
24 9 20 07 21 8863.20000 4.91800000 279.11000 37.58000 11.31700 45.37300
24 9 20 07 21 8860.90000 4.91800000 279.23000 37.58000 11.31700 45.37300
24 9 20 07 22 8862.30000 4.91800000 279.23000 37.53000 11.31700 45.37300
24 9 20 07 22 8862.30000 4.91800000 279.47000 37.53000 11.31700 45.37300
24 9 20 07 22 8862.40000 4.91900000 279.36000 37.53000 11.31700 45.37300
24 9 20 07 23 8862.40000 4.91500000 279.50000 37.53000 11.31700 45.37300
24 9 20 07 23 8862.30000 4.91500000 279.57000 37.53000 11.31700 45.37300
24 9 20 07 24 8858.70000 4.91500000 279.10000 37.53000 11.31700 45.37300
24 9 20 07 24 8858.00000 4.90900000 279.06000 37.53000 11.31700 45.37300
24 9 20 07 25 8855.00000 4.90900000 279.04000 37.53000 11.31700 45.37300
24 9 20 07 25 8857.90000 4.90900000 279.04000 37.53000 11.31700 45.37300
24 9 20 07 25 8859.90000 4.90900000 279.04000 37.53000 11.31700 45.37300
24 9 20 07 26 8857.50000 4.90900000 279.04000 37.53000 11.31700 45.37300
24 9 20 07 26 8857.60000 4.90900000 279.03000 37.53000 11.31700 45.37300
24 9 20 07 27 8859.30000 4.90900000 279.09000 37.53000 11.31700 45.37300
24 9 20 07 27 8857.50000 4.89500000 279.26000 37.53000 11.31700 45.37300
24 9 20 07 28 8858.90000 4.89500000 279.20000 37.54000 11.31700 45.37300
24 9 20 07 28 8859.00000 4.89500000 279.21000 37.54000 11.31700 45.37300
24 9 20 07 28 8860.40000 4.89500000 279.24000 37.54000 11.31700 45.37300
24 9 20 07 29 8860.70000 4.89500000 279.31000 37.54000 11.31700 45.58700
24 9 20 07 29 8860.60000 4.89500000 279.24000 37.54000 11.31700 45.58700
24 9 20 07 30 8858.10000 4.89500000 279.24000 37.54000 11.31700 45.58700
24 9 20 07 30 8860.60000 4.89500000 279.25000 37.54000 11.31700 45.58700
24 9 20 07 31 8858.20000 4.89500000 279.25000 37.54000 11.31700 45.58700
24 9 20 07 31 8857.50000 4.89500000 279.25000 37.54000 11.31700 45.58700
24 9 20 07 31 8857.60000 4.89500000 279.10000 37.54000 11.31700 45.58700
24 9 20 07 32 8857.50000 4.89500000 279.13000 37.54000 11.31700 45.58700
24 9 20 07 32 8857.60000 4.89500000 279.12000 37.54000 11.31700 45.58700
24 9 20 07 33 8852.50000 4.89500000 279.04000 37.49000 11.31700 45.58700
24 9 20 07 33 8853.00000 4.89500000 279.20000 37.49000 11.31700 45.58700
24 9 20 07 34 8853.00000 4.89500000 279.31000 37.49000 11.31700 45.58700
24 9 20 07 34 8856.20000 4.89500000 279.39000 37.49000 11.31700 45.58700
24 9 20 07 35 8856.90000 4.89500000 279.54000 37.49000 11.31700 45.58700
24 9 20 07 35 8855.60000 4.89500000 279.54000 37.49000 11.31700 45.58700
24 9 20 07 35 8855.60000 4.89500000 279.38000 37.52000 11.31700 45.47500
24 9 20 07 36 8855.00000 4.89500000 279.38000 37.52000 11.31700 45.47500
24 9 20 07 36 8857.40000 4.89500000 279.38000 37.52000 11.31700 45.47500
24 9 20 07 37 8857.40000 4.89500000 279.69000 37.52000 11.31700 45.47500
24 9 20 07 37 8857.40000 4.89500000 279.46000 37.56000 11.31700 45.47500
24 9 20 07 38 8857.50000 4.89500000 279.55000 37.56000 11.31700 45.47500
24 9 20 07 38 8857.40000 4.89500000 279.55000 37.56000 11.31700 45.47500
24 9 20 07 38 8857.50000 4.89500000 279.55000 37.56000 11.31700 45.47500
24 9 20 07 39 8857.40000 4.89500000 279.56000 37.56000 11.31700 45.47500
24 9 20 07 39 8857.50000 4.89500000 279.40000 37.56000 11.31700 45.47500
24 9 20 07 40 8857.50000 4.89500000 279.45000 37.56000 11.31700 45.47500
24 9 20 07 40 8857.30000 4.89500000 279.45000 37.56000 11.31700 45.47500
24 9 20 07 41 8857.40000 4.89500000 279.53000 37.56000 11.31700 45.47500
24 9 20 07 41 8857.40000 4.89500000 279.53000 37.56000 11.31700 45.47500
24 9 20 07 41 8857.50000 4.89500000 279.67000 37.56000 11.31700 45.47500
24 9 20 07 42 8857.40000 4.89500000 279.67000 37.56000 11.31700 45.47500
24 9 20 07 42 8860.60000 4.89500000 279.67000 37.60000 11.31700 45.47500
24 9 20 07 43 8860.60000 4.89500000 279.70000 37.60000 11.31700 45.53300
24 9 20 07 43 8860.60000 4.89500000 279.70000 37.60000 11.31700 45.53300
24 9 20 07 44 8860.60000 4.89500000 279.70000 37.60000 11.31700 45.53300
24 9 20 07 44 8859.30000 4.89500000 279.69000 37.60000 11.31700 45.53300
24 9 20 07 44 8858.50000 4.89500000 279.70000 37.60000 11.31700 45.53300
24 9 20 07 45 8861.80000 4.89500000 279.69000 37.60000 11.31700 45.53300
24 9 20 07 45 8861.70000 4.96200000 279.70000 37.60000 11.31700 45.53300
24 9 20 07 46 8854.40000 4.96200000 279.70000 37.60000 11.31700 45.53300
24 9 20 07 46 8853.10000 4.96200000 279.70000 37.60000 11.31700 45.53300
24 9 20 07 47 8853.10000 4.96200000 279.70000 37.60000 11.31700 45.53300
24 9 20 07 47 8853.10000 4.96200000 279.70000 37.60000 11.31700 45.53300
24 9 20 07 48 8856.70000 4.96200000 279.70000 37.59000 11.31700 45.53300
24 9 20 07 48 8857.90000 4.96200000 279.70000 37.59000 11.31700 45.53300
24 9 20 07 48 8858.10000 4.96200000 279.70000 37.59000 11.31700 45.53300
24 9 20 07 49 8862.30000 4.96200000 279.69000 37.59000 11.31700 45.53300
24 9 20 07 49 8861.40000 4.96200000 279.70000 37.59000 11.31700 45.53300
24 9 20 07 50 8859.90000 4.96200000 279.70000 37.59000 11.31700 45.53300
24 9 20 07 50 8859.90000 4.96200000 279.70000 37.59000 11.31700 45.53300
24 9 20 07 51 8862.40000 4.96200000 279.70000 37.59000 11.31700 45.53300
24 9 20 07 51 8861.00000 4.96200000 279.70000 37.59000 11.31700 45.53300
24 9 20 07 51 8860.40000 4.96200000 279.70000 37.59000 11.31700 45.53300
24 9 20 07 52 8859.40000 4.96200000 279.70000 37.59000 11.31700 45.53300
24 9 20 07 52 8852.00000 4.96200000 279.69000 37.56000 11.31700 45.53300
24 9 20 07 53 8858.90000 4.96200000 279.69000 37.56000 11.31700 45.53300
24 9 20 07 53 8859.50000 4.96200000 279.70000 37.56000 11.31700 45.53300
24 9 20 07 54 8879.00000 4.96200000 280.11000 37.60000 11.31700 45.53300
24 9 20 07 54 8870.00000 4.96200000 280.11000 37.60000 11.31700 45.53300
24 9 20 07 54 8877.20000 4.96200000 280.24000 37.60000 11.31700 45.53300
24 9 20 07 55 8877.60000 4.96200000 280.24000 37.62000 11.31700 45.53300
