M=[
 2 12 16 05 32 719.68100 0.71720000 7.64006 3.67940 3.20000 58.25344
 2 12 16 05 32 719.74000 0.71720000 7.64006 3.67940 3.20000 58.25344
 2 12 16 05 31 720.00000 0.71720000 7.64006 3.67940 3.20000 58.25344
 2 12 16 05 32 721.83200 0.71720000 7.64006 3.67940 3.20000 58.25344
 2 12 16 05 32 722.63600 0.71720000 7.64006 3.67940 3.20000 58.25344
 2 12 16 05 34 722.63600 0.71720000 7.64006 3.67940 3.20000 58.25344
 2 12 16 05 34 722.71000 0.71720000 7.64006 3.67264 3.20000 58.25344
 2 12 16 05 33 722.74900 0.71720000 7.64006 3.67264 3.20000 58.25344
 2 12 16 05 35 722.99900 0.71720000 7.64006 3.67264 3.20000 58.25344
 2 12 16 05 34 723.00000 0.71720000 7.64006 3.67264 3.20000 58.25344
 2 12 16 05 36 721.97700 0.71720000 7.64006 3.67264 3.20000 58.25344
 2 12 16 05 37 721.52700 0.71720000 7.64006 3.67264 3.20000 58.25344
 2 12 16 05 37 721.52700 0.71720000 7.64064 3.67264 3.20000 58.25344
 2 12 16 05 37 721.52800 0.71720000 7.64064 3.67264 3.20000 58.25344
 2 12 16 05 38 721.52800 0.71720000 7.64064 3.67264 3.20000 58.25344
 2 12 16 05 37 721.52800 0.71720000 7.64064 3.67264 3.20000 58.25344
 2 12 16 05 37 723.00000 0.71720000 7.64064 3.67264 3.20000 58.25344
 2 12 16 05 38 721.52600 0.71720000 7.64064 3.67264 3.20000 58.25344
 2 12 16 05 38 721.52700 0.71720000 7.68625 3.67264 3.20000 58.25344
 2 12 16 05 40 722.88900 0.71720000 7.68625 3.67264 3.20000 58.25344
 2 12 16 05 41 723.00000 0.71720000 7.68615 3.67264 3.20000 58.25344
 2 12 16 05 40 723.00000 0.71720000 7.68615 3.67264 3.20000 58.25344
 2 12 16 05 41 723.00000 0.71720000 7.68599 3.67264 3.20000 58.25344
 2 12 16 05 42 723.00000 0.71720000 7.65003 3.67264 3.20000 58.25344
 2 12 16 05 41 723.00000 0.71720000 7.65004 3.67264 3.20000 58.25300
 2 12 16 05 42 723.00000 0.71720000 7.65004 3.67264 3.20000 58.25310
 2 12 16 05 42 722.88000 0.71720000 7.65004 3.67264 3.20000 58.25300
 2 12 16 05 44 722.88000 0.71720000 7.65004 3.67264 3.20000 58.25301
 2 12 16 05 43 722.88000 0.71720000 7.65004 3.67264 3.20000 58.25300
 2 12 16 05 45 722.88000 0.71720000 7.65004 3.67264 3.20000 58.25300
 2 12 16 05 44 723.00000 0.71720000 7.65009 3.67264 3.20000 58.25300
 2 12 16 05 44 723.00000 0.71720000 7.65009 3.67264 3.20000 58.25300
 2 12 16 05 45 723.00000 0.71720000 7.65009 3.67264 3.20000 58.25300
 2 12 16 05 46 723.00000 0.71720000 7.65009 3.67264 3.20000 58.25300
 2 12 16 05 47 722.50000 0.71720000 7.65009 3.67264 3.20000 58.25300
 2 12 16 05 46 722.50000 0.71720000 7.65009 3.67264 3.20000 58.25300
 2 12 16 05 46 723.20800 0.71720000 7.65009 3.67264 3.20000 58.25300
 2 12 16 05 47 723.20800 0.71720000 7.65009 3.67264 3.20000 58.25300
 2 12 16 05 49 723.11800 0.71720000 7.65009 3.67264 3.20000 58.25300
 2 12 16 05 48 723.11700 0.71720000 7.65009 3.67264 3.20000 58.25300
 2 12 16 05 48 721.52600 0.71720000 7.65009 3.67264 3.20000 58.00000
 2 12 16 05 49 720.29600 0.71720000 7.65009 3.67264 3.20000 58.00020
 2 12 16 05 50 721.61500 0.71720000 7.65024 3.67264 3.20000 58.00010
 2 12 16 05 50 722.85900 0.71720000 7.65024 3.67264 3.20000 58.00010
 2 12 16 05 51 720.15200 0.71720000 7.65024 3.67264 3.20000 58.00010
 2 12 16 05 52 720.00000 0.71720000 7.65024 3.67264 3.20000 58.00000
 2 12 16 05 52 719.99900 0.71720000 7.65000 3.67264 3.20000 58.00000
 2 12 16 05 51 719.72500 0.71720000 7.65000 3.67264 3.20000 58.00020
 2 12 16 05 53 719.72400 0.71720000 7.65000 3.67264 3.20000 58.00020
 2 12 16 05 52 719.72400 0.71720000 7.63000 3.67264 3.20000 58.00010
 2 12 16 05 54 720.87900 0.71720000 7.63001 3.67264 3.20000 58.00010
 2 12 16 05 54 720.87900 0.71720000 7.63001 3.67264 3.20000 58.00010
 2 12 16 05 55 720.87000 0.71720000 7.63001 3.67264 3.39249 58.00010
 2 12 16 05 54 720.87500 0.71289000 7.63001 3.67264 3.39249 58.00010
 2 12 16 05 55 720.87500 0.71289000 7.63001 3.67264 3.39249 58.00010
 2 12 16 05 55 720.65100 0.71289000 7.63001 3.67264 3.39249 58.00000
 2 12 16 05 56 720.65100 0.71121000 7.63001 3.67264 3.39249 58.00010
 2 12 16 05 56 720.53600 0.71121000 7.63001 3.67264 3.39249 58.00000
 2 12 16 05 58 720.53700 0.71121000 7.63001 3.67264 3.39249 58.00000
 2 12 16 05 58 720.53700 0.71121000 7.63001 3.67264 3.39249 58.00010
 2 12 16 05 58 720.53700 0.71121000 7.63001 3.67264 3.39249 58.00000
 2 12 16 05 58 720.42100 0.71121000 7.63001 3.67264 3.39249 58.00000
 2 12 16 05 58 720.42100 0.71121000 7.63001 3.67264 3.39249 58.00000
 2 12 16 06 00 720.42100 0.71121000 7.63001 3.67264 3.39249 58.00000
 2 12 16 06 00 721.49000 0.71121000 7.63001 3.67264 3.39249 58.00000
 2 12 16 06 00 721.48900 0.71121000 7.63001 3.67264 3.39249 58.00000
 2 12 16 06 00 721.48800 0.71121000 7.63001 3.67264 3.39249 58.00010
 2 12 16 06 01 721.48600 0.71121000 7.63001 3.67264 3.39249 58.49985
 2 12 16 06 01 720.16000 0.71121000 7.63001 3.67264 3.39249 58.00000
 2 12 16 06 02 720.04900 0.71121000 7.63001 3.67264 3.39249 58.00000
 2 12 16 06 02 720.04900 0.71121000 7.63001 3.67264 3.39249 58.00000
 2 12 16 06 03 720.16000 0.71121000 7.63001 3.67264 3.39249 58.00000
 2 12 16 06 04 719.61000 0.71121000 7.63001 3.67264 3.39249 58.00000
 2 12 16 06 04 720.99800 0.71121000 7.63001 3.67264 3.39249 58.00000
 2 12 16 06 05 720.99800 0.71121000 7.63001 3.67264 3.39249 58.00000
 2 12 16 06 05 720.99300 0.71121000 7.63001 3.67264 3.39249 58.00000
 2 12 16 06 06 720.99300 0.71121000 7.63001 3.67264 3.39249 58.00000
 2 12 16 06 05 720.82800 0.71121000 7.63001 3.67264 3.39249 58.00000
 2 12 16 06 07 720.82800 0.71121000 7.63001 3.67264 3.39249 58.00000
 2 12 16 06 07 720.22100 0.71121000 7.63001 3.67264 3.39249 58.00000
 2 12 16 06 06 720.22100 0.71121000 7.63000 3.67264 3.39249 58.00000
 2 12 16 06 08 719.24000 0.71121000 7.63000 3.67264 3.39249 58.00000
 2 12 16 06 09 719.24000 0.71121000 7.63000 3.67264 3.39249 58.00000
 2 12 16 06 09 719.66600 0.71121000 7.63000 3.67264 3.39249 58.00000
 2 12 16 06 09 719.66600 0.71121000 7.62003 3.67264 3.39249 58.00000
 2 12 16 06 10 719.66500 0.71121000 7.62004 3.67264 3.39249 58.00000
 2 12 16 06 09 720.13000 0.71121000 7.62004 3.67264 3.39249 58.00000
 2 12 16 06 10 720.13000 0.71121000 7.62004 3.67264 3.39249 58.00000
 2 12 16 06 10 718.82600 0.71121000 7.62004 3.67264 3.39249 58.00000
 2 12 16 06 12 718.82600 0.71121000 7.62004 3.67264 3.39249 58.00000
 2 12 16 06 12 718.04100 0.71121000 7.62004 3.67264 3.39249 58.00000
 2 12 16 06 11 719.67100 0.71121000 7.62001 3.67264 3.39249 58.00000
 2 12 16 06 12 718.04300 0.71121000 7.62001 3.67264 3.39249 58.00000
 2 12 16 06 12 718.04300 0.71121000 7.62001 3.67264 3.39249 58.00000
 2 12 16 06 13 719.22700 0.71121000 7.62001 3.67264 3.39249 58.00000
 2 12 16 06 14 718.04600 0.71121000 7.62001 3.67264 3.39249 58.00000
 2 12 16 06 14 719.22800 0.71121000 7.62001 3.67264 3.39249 58.00000
 2 12 16 06 15 719.23000 0.71121000 7.62001 3.67264 3.39249 58.00000
 2 12 16 06 15 719.23000 0.71121000 7.62001 3.67264 3.39249 58.00000
 2 12 16 06 16 719.23000 0.71121000 7.62001 3.67264 3.39249 58.00000
 2 12 16 06 15 719.23000 0.71121000 7.62001 3.67264 3.39249 58.00000
 2 12 16 06 17 719.23000 0.71121000 7.62001 3.67264 3.39249 58.00000
 2 12 16 06 18 719.23000 0.71121000 7.62001 3.67264 3.39249 58.00000
 2 12 16 06 18 719.56500 0.71121000 7.62001 3.67264 3.39249 58.00000
 2 12 16 06 18 719.56500 0.71121000 7.62001 3.67264 3.39249 58.00000
 2 12 16 06 19 719.23000 0.71121000 7.62001 3.63524 3.39249 58.00000
 2 12 16 06 19 719.80000 0.71121000 7.62001 3.63524 3.39249 58.00000
 2 12 16 06 19 719.80700 0.71121000 7.62001 3.63524 3.39249 58.00000
 2 12 16 06 20 719.80600 0.71121000 7.62001 3.63524 3.39249 58.00000
 2 12 16 06 20 719.50000 0.71121000 7.62001 3.63524 3.39249 58.00000
 2 12 16 06 21 719.49900 0.71121000 7.62001 3.63524 3.39249 58.00000
 2 12 16 06 20 719.49800 0.71121000 7.62001 3.63524 3.39249 58.00000
 2 12 16 06 21 719.22900 0.71228000 7.62001 3.63524 3.39249 58.00000
 2 12 16 06 21 719.22800 0.71228000 7.62001 3.63524 3.39249 58.00000
 2 12 16 06 23 718.52000 0.71228000 7.62001 3.63524 3.39249 58.00000
