M=[
13 11 20 12 33 13819.70000 4.29400000 394.84000 54.62000 13.12200 53.71500
13 11 20 12 33 13804.10000 4.29400000 394.85000 54.54000 13.12400 53.71500
13 11 20 12 34 13800.90000 4.29400000 394.84000 54.54000 13.12400 53.71500
13 11 20 12 34 13800.90000 4.29400000 394.80000 54.43000 13.12400 53.98000
13 11 20 12 34 13800.90000 4.29400000 394.80000 54.43000 13.12400 53.98000
13 11 20 12 35 13802.70000 4.29400000 394.80000 54.43000 13.12400 53.98000
13 11 20 12 35 13805.00000 4.29400000 395.00000 54.43000 13.32600 53.98000
13 11 20 12 36 13805.60000 4.29400000 395.06000 54.43000 13.32600 53.98000
13 11 20 12 36 13804.80000 4.29400000 395.04000 54.44000 13.38600 53.98000
13 11 20 12 37 13804.70000 4.29400000 395.07000 54.59000 13.51600 53.98000
13 11 20 12 37 13805.80000 4.29400000 395.20000 54.76000 13.51600 53.98000
13 11 20 12 37 13805.80000 4.29400000 395.19000 54.92000 13.51600 53.98000
13 11 20 12 38 13805.80000 4.29400000 395.19000 54.73000 13.51600 53.98000
13 11 20 12 38 13806.40000 4.29400000 395.19000 54.73000 13.51600 53.98000
13 11 20 12 39 13806.30000 4.29400000 395.29000 54.93000 13.51600 53.98000
13 11 20 12 39 13808.90000 4.29400000 395.40000 54.90000 13.51600 53.98000
13 11 20 12 40 13807.70000 4.29400000 395.87000 55.14000 13.51600 53.98000
13 11 20 12 40 13807.90000 4.29400000 395.95000 55.21000 13.51600 53.98000
13 11 20 12 40 13807.50000 4.29400000 395.97000 55.48000 13.37200 53.98000
13 11 20 12 41 13807.50000 4.29400000 396.24000 55.37000 13.37200 53.98000
13 11 20 12 41 13809.20000 4.29400000 396.50000 55.37000 13.37200 53.98000
13 11 20 12 42 13811.60000 4.28500000 396.75000 55.46000 13.37200 53.98000
13 11 20 12 42 13822.00000 4.28500000 396.76000 55.60000 13.37200 53.98000
13 11 20 12 43 13830.00000 4.28500000 396.76000 55.58000 13.37200 53.98000
13 11 20 12 43 13835.40000 4.28500000 396.76000 55.63000 13.37200 53.98000
13 11 20 12 43 13831.50000 4.28500000 396.75000 55.65000 13.37200 53.98000
13 11 20 12 44 13826.00000 4.28500000 396.32000 55.43000 13.37200 53.98000
13 11 20 12 44 13830.00000 4.28500000 396.59000 55.57000 13.37200 53.98000
13 11 20 12 45 13834.20000 4.28500000 396.65000 55.57000 13.37200 53.92500
13 11 20 12 45 13834.90000 4.28500000 396.62000 55.52000 13.37300 53.97200
13 11 20 12 46 13834.10000 4.29600000 396.54000 55.52000 13.37300 54.00000
13 11 20 12 46 13837.90000 4.29600000 396.32000 55.52000 13.37300 54.08200
13 11 20 12 46 13834.90000 4.29600000 396.31000 55.52000 13.37300 54.08200
13 11 20 12 47 13820.70000 4.29600000 396.31000 55.58000 13.37300 54.08200
13 11 20 12 47 13813.40000 4.29600000 396.15000 55.58000 13.37300 54.08200
13 11 20 12 48 13811.40000 4.29600000 395.92000 55.32000 13.37300 54.08200
13 11 20 12 48 13811.90000 4.29600000 395.92000 55.31000 13.37300 54.08200
13 11 20 12 49 13811.40000 4.29600000 395.90000 55.32000 13.37300 54.08200
13 11 20 12 49 13812.00000 4.29600000 395.90000 55.26000 13.37300 53.98200
13 11 20 12 49 13810.40000 4.29600000 395.91000 55.31000 13.37300 53.98200
13 11 20 12 50 13809.00000 4.29600000 395.90000 55.31000 13.37300 53.98200
13 11 20 12 50 13805.10000 4.29600000 395.37000 55.10000 13.37300 53.98200
13 11 20 12 51 13804.80000 4.29600000 395.18000 55.08000 13.37300 53.98200
13 11 20 12 51 13804.70000 4.29600000 395.30000 55.09000 13.37300 53.98200
13 11 20 12 52 13799.90000 4.29600000 395.30000 55.01000 13.37300 53.98200
13 11 20 12 52 13785.30000 4.29600000 394.90000 55.01000 13.37300 53.98200
13 11 20 12 52 13779.90000 4.29600000 394.80000 55.00000 13.37300 53.98200
13 11 20 12 53 13779.90000 4.29600000 394.92000 55.00000 13.37300 53.98200
13 11 20 12 53 13780.00000 4.29600000 395.10000 55.01000 13.37300 53.98200
13 11 20 12 54 13784.30000 4.29600000 395.01000 55.01000 13.37300 53.98200
13 11 20 12 54 13791.20000 4.29600000 394.97000 55.08000 13.37300 53.98200
13 11 20 12 54 13792.60000 4.29600000 395.00000 55.11000 13.37300 53.98200
13 11 20 12 55 13784.90000 4.29600000 395.00000 55.11000 13.37300 53.98200
13 11 20 12 55 13783.10000 4.29600000 395.00000 55.00000 13.37300 53.98200
13 11 20 12 56 13783.00000 4.29600000 395.01000 55.02000 13.37300 53.98200
13 11 20 12 56 13784.60000 4.29600000 395.01000 55.08000 13.37300 53.98200
13 11 20 12 57 13789.10000 4.29600000 395.00000 55.13000 13.37300 53.98200
13 11 20 12 57 13790.10000 4.29600000 395.00000 55.13000 13.37300 53.98200
13 11 20 12 57 13789.90000 4.29600000 395.00000 55.13000 13.37300 53.98200
13 11 20 12 58 13790.10000 4.29600000 395.00000 55.15000 13.37300 53.98200
13 11 20 12 58 13790.00000 4.29600000 395.00000 55.15000 13.37300 53.98200
13 11 20 12 59 13790.10000 4.29600000 395.01000 55.18000 13.37300 53.98200
13 11 20 12 59 13790.00000 4.29600000 395.01000 55.18000 13.37300 53.98200
13 11 20 13 00 13790.00000 4.29600000 395.00000 55.20000 13.37300 53.98200
13 11 20 13 00 13790.10000 4.29600000 395.00000 55.25000 13.37300 53.98200
13 11 20 13 00 13790.00000 4.29600000 395.00000 55.25000 13.37300 53.98200
13 11 20 13 01 13790.10000 4.29600000 395.01000 55.22000 13.37300 53.98200
13 11 20 13 01 13790.10000 4.29600000 395.01000 55.22000 13.37300 53.98200
13 11 20 13 02 13790.00000 4.29600000 395.01000 55.35000 13.37300 53.98200
13 11 20 13 02 13790.10000 4.29600000 395.01000 55.47000 13.37300 53.98200
13 11 20 13 03 13790.00000 4.29600000 395.01000 55.49000 13.37300 53.91500
13 11 20 13 03 13790.10000 4.29600000 395.00000 55.39000 13.37300 53.91500
13 11 20 13 03 13783.00000 4.29600000 395.01000 55.38000 13.37300 53.91500
13 11 20 13 04 13783.10000 4.29600000 395.00000 55.45000 13.37300 53.91500
13 11 20 13 04 13783.10000 4.29600000 395.00000 55.45000 13.37300 54.10000
13 11 20 13 05 13783.10000 4.29600000 395.00000 55.40000 13.37300 54.10000
13 11 20 13 05 13783.00000 4.29600000 395.00000 55.60000 13.37300 54.10000
13 11 20 13 06 13783.00000 4.29600000 395.00000 55.60000 13.37300 54.10000
13 11 20 13 06 13783.00000 4.29600000 394.64000 55.40000 13.34200 54.10000
13 11 20 13 06 13780.00000 4.29600000 394.85000 55.40000 13.34200 54.10000
13 11 20 13 07 13779.90000 4.29600000 394.85000 55.32000 13.34200 54.10000
13 11 20 13 07 13779.80000 4.29600000 394.85000 55.34000 13.34200 54.10000
13 11 20 13 08 13765.50000 4.29600000 394.55000 55.34000 13.34200 54.10000
13 11 20 13 08 13758.30000 4.29600000 394.51000 55.40000 13.34200 54.10000
13 11 20 13 09 13764.40000 4.29600000 394.73000 55.43000 13.34200 54.10000
13 11 20 13 09 13769.70000 4.29600000 394.86000 55.44000 13.34200 54.10000
13 11 20 13 09 13769.60000 4.29600000 394.86000 55.44000 13.34200 54.10000
13 11 20 13 10 13769.60000 4.29600000 394.77000 55.44000 13.34200 53.94500
13 11 20 13 10 13769.40000 4.29600000 394.77000 55.44000 13.34200 53.94500
13 11 20 13 11 13771.60000 4.29600000 394.63000 55.44000 13.33800 53.94500
13 11 20 13 11 13769.80000 4.29600000 394.56000 55.44000 13.33800 53.94500
13 11 20 13 12 13773.80000 4.29600000 394.70000 55.39000 13.33800 53.94500
13 11 20 13 12 13773.80000 4.29600000 394.56000 55.39000 13.33800 53.94500
13 11 20 13 12 13774.60000 4.29600000 394.52000 55.39000 13.33800 53.94500
13 11 20 13 13 13775.60000 4.29600000 394.52000 55.43000 13.33800 53.94500
13 11 20 13 13 13773.60000 4.29600000 394.52000 55.48000 13.33800 53.94500
13 11 20 13 14 13773.50000 4.29600000 394.56000 55.48000 13.33800 53.94500
13 11 20 13 14 13776.20000 4.29600000 394.50000 55.52000 13.33800 53.94500
13 11 20 13 15 13776.40000 4.29600000 394.56000 55.62000 13.33800 53.94500
13 11 20 13 15 13777.60000 4.29600000 394.56000 55.79000 13.33800 53.94500
13 11 20 13 15 13777.60000 4.29600000 394.72000 55.80000 13.33800 53.94500
13 11 20 13 16 13784.80000 4.29600000 394.77000 55.85000 13.33800 53.94500
13 11 20 13 16 13784.70000 4.29600000 394.87000 55.96000 13.33800 53.94500
13 11 20 13 17 13784.70000 4.29600000 394.94000 55.96000 13.33800 53.94500
13 11 20 13 17 13784.60000 4.29600000 394.80000 55.87000 13.33800 53.94500
13 11 20 13 18 13784.70000 4.29600000 394.65000 55.79000 13.33800 53.94500
