M=[
31 5 21 01 59 28690.90000 51.65300000 1896.38000 136.01000 23.46100 118.06100
31 5 21 01 59 28632.70000 51.65300000 1894.20000 135.81000 23.54700 117.67600
31 5 21 01 59 28619.90000 51.65300000 1890.83000 135.81000 23.52400 117.67600
31 5 21 02 00 28621.60000 51.60900000 1892.60000 135.66000 23.52400 117.67600
31 5 21 02 00 28654.90000 51.64600000 1897.97000 136.09000 23.50100 117.92000
31 5 21 02 01 28689.40000 51.64600000 1900.60000 136.09000 23.50100 118.16300
31 5 21 02 01 28685.90000 51.64600000 1900.60000 136.09000 23.47900 118.16300
31 5 21 02 02 28659.60000 51.64600000 1900.34000 136.09000 23.47900 118.16300
31 5 21 02 02 28692.30000 51.64600000 1903.10000 136.09000 23.47900 118.16300
31 5 21 02 02 28693.70000 51.64600000 1904.90000 136.09000 23.47900 118.16300
31 5 21 02 03 28699.00000 51.64600000 1905.40000 136.09000 23.47900 118.78500
31 5 21 02 03 28688.40000 51.64600000 1905.52000 136.09000 23.47900 118.78500
31 5 21 02 04 28684.90000 51.64600000 1903.32000 136.09000 23.47900 118.78500
31 5 21 02 04 28680.40000 51.64600000 1903.32000 136.09000 23.47900 118.78500
31 5 21 02 05 28661.10000 51.64600000 1903.29000 136.09000 23.47900 118.78500
31 5 21 02 05 28650.90000 51.64600000 1903.14000 136.69000 23.47900 118.16500
31 5 21 02 05 28633.80000 51.64600000 1900.66000 136.69000 23.47900 118.16500
31 5 21 02 06 28567.10000 51.64600000 1895.15000 136.13000 23.47900 118.16500
31 5 21 02 06 28561.30000 51.64600000 1897.01000 135.93000 23.47900 118.16500
31 5 21 02 07 28550.00000 51.64600000 1896.29000 135.86000 23.47900 117.48900
31 5 21 02 07 28550.10000 51.64600000 1891.62000 135.86000 23.47900 117.48900
31 5 21 02 08 28545.00000 51.36300000 1887.07000 135.86000 23.47900 117.48900
31 5 21 02 08 28561.60000 51.36300000 1887.07000 135.86000 23.47900 117.48900
31 5 21 02 09 28522.80000 51.36300000 1891.60000 135.96000 23.47900 117.48900
31 5 21 02 09 28554.00000 51.36300000 1891.14000 135.96000 23.41700 117.48900
31 5 21 02 09 28554.30000 51.35300000 1891.14000 135.96000 23.41000 117.48900
31 5 21 02 10 28536.40000 51.41900000 1891.60000 135.96000 23.41000 117.48900
31 5 21 02 10 28517.00000 51.41900000 1884.27000 135.89000 23.36500 117.48900
31 5 21 02 11 28517.10000 51.41900000 1883.43000 135.70000 23.36500 117.48900
31 5 21 02 11 28522.20000 51.41900000 1883.43000 135.67000 23.36500 117.48900
31 5 21 02 12 28530.10000 51.41900000 1884.87000 135.80000 23.36500 117.48900
31 5 21 02 12 28533.80000 51.41900000 1885.75000 135.80000 23.36500 117.48900
31 5 21 02 12 28523.40000 51.41900000 1886.60000 135.80000 23.36500 117.48900
31 5 21 02 13 28520.00000 51.41900000 1883.29000 135.59000 23.36500 117.48900
31 5 21 02 13 28520.00000 51.41900000 1884.81000 135.59000 23.34200 117.48900
31 5 21 02 14 28532.90000 51.41900000 1884.81000 135.80000 23.34200 117.48900
31 5 21 02 14 28535.30000 51.29000000 1886.63000 135.80000 23.34200 117.48900
31 5 21 02 15 28533.20000 51.29000000 1886.01000 135.80000 23.32000 117.48900
31 5 21 02 15 28532.40000 51.29000000 1886.69000 135.80000 23.27400 117.48900
31 5 21 02 15 28567.60000 51.48700000 1887.75000 135.83000 23.27400 117.48900
31 5 21 02 16 28605.40000 51.48700000 1892.70000 135.83000 23.25200 117.48900
31 5 21 02 16 28595.00000 51.48700000 1894.71000 135.83000 23.25200 117.48900
31 5 21 02 17 28587.80000 51.52000000 1894.71000 135.83000 23.25300 117.48900
31 5 21 02 17 28559.50000 51.52000000 1893.66000 136.08000 23.25300 118.07000
31 5 21 02 18 28561.90000 51.52000000 1891.39000 136.10000 23.27100 117.93400
31 5 21 02 18 28574.10000 51.52000000 1893.19000 136.09000 23.27100 117.93400
31 5 21 02 18 28559.50000 51.52000000 1893.19000 135.82000 23.27100 117.93400
31 5 21 02 19 28518.10000 51.37400000 1886.32000 135.82000 23.27100 117.50100
31 5 21 02 19 28519.10000 51.37400000 1885.43000 135.53000 23.27100 117.50100
31 5 21 02 20 28535.30000 51.37400000 1886.28000 135.52000 23.27100 117.50100
31 5 21 02 20 28522.30000 51.37400000 1886.28000 135.61000 23.27100 117.50100
31 5 21 02 21 28484.70000 51.09900000 1886.28000 135.52000 23.27100 117.50100
31 5 21 02 21 28482.90000 51.09900000 1880.71000 135.45000 23.27100 117.00600
31 5 21 02 22 28476.50000 51.09900000 1880.71000 135.37000 23.16200 117.00600
31 5 21 02 22 28472.80000 51.09900000 1883.62000 135.37000 23.16200 117.00600
31 5 21 02 22 28444.40000 51.03300000 1881.14000 135.32000 23.16200 117.00600
31 5 21 02 23 28494.80000 51.15500000 1885.63000 135.32000 23.22900 117.00600
31 5 21 02 23 28503.20000 51.15500000 1886.71000 135.64000 23.22900 117.00600
31 5 21 02 24 28509.40000 51.29300000 1889.51000 135.64000 23.24100 117.00600
31 5 21 02 24 28506.60000 51.29300000 1886.00000 135.62000 23.24100 117.00600
31 5 21 02 25 28525.80000 51.29300000 1886.00000 135.62000 23.24100 117.00600
31 5 21 02 25 28518.30000 51.29300000 1888.97000 135.45000 23.24100 117.00600
31 5 21 02 25 28515.40000 51.29300000 1888.97000 135.45000 23.24100 117.00600
31 5 21 02 26 28504.00000 51.15900000 1886.36000 135.10000 23.24100 117.00600
31 5 21 02 26 28538.30000 51.15900000 1890.72000 135.54000 23.24100 117.00600
31 5 21 02 27 28549.20000 51.15900000 1891.13000 135.51000 23.24100 117.00600
31 5 21 02 27 28548.80000 51.15900000 1891.13000 135.56000 23.24100 117.00600
31 5 21 02 28 28575.00000 51.32000000 1894.71000 135.70000 23.24100 117.00600
31 5 21 02 28 28572.00000 51.32000000 1895.05000 135.70000 23.24100 117.00600
31 5 21 02 28 28577.60000 51.32000000 1895.18000 135.70000 23.24100 117.00600
31 5 21 02 29 28568.20000 51.32000000 1892.88000 135.70000 22.84500 117.00600
31 5 21 02 29 28570.10000 51.32000000 1892.88000 135.60000 23.18400 117.00600
31 5 21 02 30 28535.70000 51.32000000 1892.88000 135.49000 23.16200 117.00600
31 5 21 02 30 28587.00000 51.32000000 1892.88000 135.75000 23.16200 117.00600
31 5 21 02 31 28578.80000 51.32000000 1895.60000 135.75000 23.16200 117.00600
31 5 21 02 31 28587.80000 51.60200000 1897.14000 135.75000 23.13900 117.00600
31 5 21 02 31 28579.10000 51.60200000 1898.07000 135.74000 23.13900 117.00600
31 5 21 02 32 28579.40000 51.60200000 1896.46000 135.81000 23.13900 117.00600
31 5 21 02 32 28557.30000 51.60200000 1894.64000 135.81000 23.13900 117.00600
31 5 21 02 33 28554.60000 51.60200000 1897.53000 135.71000 23.13900 117.00600
31 5 21 02 33 28562.50000 51.60200000 1897.53000 135.76000 23.13900 117.00600
31 5 21 02 34 28537.90000 51.60200000 1896.56000 135.76000 23.11700 117.00600
31 5 21 02 34 28528.90000 51.60200000 1895.48000 135.76000 23.11700 117.00600
31 5 21 02 35 28529.90000 51.60200000 1895.48000 135.76000 23.11700 117.00600
31 5 21 02 35 28521.90000 51.60200000 1893.56000 135.76000 23.11700 117.00600
31 5 21 02 35 28550.40000 51.60200000 1894.21000 135.68000 23.11700 117.00600
31 5 21 02 36 28536.40000 51.60200000 1893.70000 135.68000 23.09400 117.00600
31 5 21 02 36 28544.20000 51.60200000 1894.57000 135.68000 22.82100 117.00600
31 5 21 02 37 28571.40000 51.60200000 1897.17000 136.30000 22.82100 117.00600
31 5 21 02 37 28590.60000 51.60200000 1896.56000 136.30000 23.08700 117.00600
31 5 21 02 38 28617.70000 51.60200000 1901.29000 136.51000 23.05000 117.00600
31 5 21 02 38 28623.00000 51.60200000 1900.08000 136.49000 23.05000 117.00600
31 5 21 02 38 28621.40000 51.60200000 1900.92000 136.49000 23.02700 117.00600
31 5 21 02 39 28667.60000 51.60200000 1905.32000 136.35000 23.00500 117.00600
31 5 21 02 39 28639.40000 51.84400000 1903.39000 136.35000 23.00500 117.00600
31 5 21 02 40 28630.00000 51.84400000 1902.78000 136.35000 23.00500 117.00600
31 5 21 02 40 28623.20000 51.84400000 1901.91000 136.35000 23.00500 117.00600
31 5 21 02 41 28610.40000 51.84400000 1900.91000 136.35000 23.00500 117.00600
31 5 21 02 41 28599.60000 51.84400000 1901.44000 136.35000 23.00500 117.00600
31 5 21 02 41 28604.20000 51.84400000 1901.98000 136.35000 22.98300 118.80000
31 5 21 02 42 28591.80000 51.87700000 1901.54000 136.35000 22.98300 118.80000
31 5 21 02 42 28590.90000 51.87700000 1901.93000 136.35000 22.98300 118.80000
