M=[
12 9 20 19 39 8840.00000 4.49900000 324.29000 43.12000 15.55200 56.29600
12 9 20 19 39 8841.20000 4.49900000 324.29000 43.12000 15.55200 56.29600
12 9 20 19 40 8841.30000 4.49900000 324.35000 43.12000 15.55200 56.29600
12 9 20 19 40 8841.30000 4.49900000 324.34000 43.12000 15.55200 56.29600
12 9 20 19 40 8841.20000 4.49900000 324.34000 43.05000 15.55200 56.29600
12 9 20 19 41 8841.30000 4.49900000 324.12000 43.05000 15.55200 56.16000
12 9 20 19 41 8841.30000 4.49900000 324.96000 43.05000 15.55200 56.16000
12 9 20 19 42 8841.20000 4.49900000 324.99000 43.05000 15.55200 56.16000
12 9 20 19 42 8841.30000 4.49900000 324.55000 43.05000 15.55200 56.16000
12 9 20 19 43 8841.20000 4.49900000 324.55000 43.05000 15.55200 56.16000
12 9 20 19 43 8841.30000 4.49900000 324.43000 43.05000 15.55200 56.16000
12 9 20 19 43 8841.30000 4.49900000 324.43000 43.05000 15.55200 56.16000
12 9 20 19 44 8841.30000 4.49900000 324.42000 43.05000 15.55200 56.16000
12 9 20 19 44 8841.30000 4.49900000 324.22000 43.07000 15.55200 56.16000
12 9 20 19 45 8841.30000 4.49900000 323.99000 43.07000 15.55200 56.16000
12 9 20 19 45 8841.30000 4.49900000 324.39000 43.07000 15.55300 56.16000
12 9 20 19 46 8841.30000 4.49900000 324.29000 43.05000 15.55300 56.16000
12 9 20 19 46 8841.30000 4.49900000 324.08000 43.05000 15.55300 56.16000
12 9 20 19 46 8841.30000 4.49900000 324.04000 43.05000 15.55300 56.16000
12 9 20 19 47 8841.20000 4.49900000 324.03000 43.05000 15.55300 56.16000
12 9 20 19 47 8840.60000 4.49900000 324.00000 43.05000 15.55300 56.16000
12 9 20 19 48 8840.60000 4.49900000 324.00000 42.95000 15.55300 56.16000
12 9 20 19 48 8840.70000 4.49900000 324.01000 42.95000 15.55200 56.05800
12 9 20 19 49 8840.20000 4.49900000 324.00000 42.95000 15.59200 56.05800
12 9 20 19 49 8840.30000 4.49900000 324.01000 42.95000 15.59200 56.05800
12 9 20 19 49 8840.20000 4.49900000 324.01000 42.95000 15.59200 56.05800
12 9 20 19 50 8840.10000 4.49900000 324.01000 42.95000 15.59200 56.05800
12 9 20 19 50 8839.30000 4.49900000 324.00000 43.01000 15.59200 56.05800
12 9 20 19 51 8839.40000 4.49900000 324.00000 43.01000 15.55200 56.05800
12 9 20 19 51 8839.80000 4.49900000 324.00000 43.02000 15.73800 56.05200
12 9 20 19 52 8840.70000 4.49900000 324.01000 43.02000 15.73800 56.05200
12 9 20 19 52 8839.90000 4.49900000 324.01000 43.02000 15.73800 56.05200
12 9 20 19 52 8840.00000 4.49900000 324.01000 43.02000 15.50000 56.05200
12 9 20 19 53 8843.30000 4.49900000 324.01000 43.02000 15.50000 56.05200
12 9 20 19 53 8843.40000 4.49900000 324.39000 43.11000 15.50000 56.15200
12 9 20 19 54 8845.70000 4.49900000 324.49000 43.11000 15.50000 56.15200
12 9 20 19 54 8847.40000 4.49900000 324.49000 43.12000 15.52100 56.15200
12 9 20 19 55 8847.10000 4.49900000 324.49000 43.12000 15.52100 56.15200
12 9 20 19 55 8846.70000 4.49900000 324.49000 43.12000 15.52100 56.15200
12 9 20 19 55 8847.20000 4.49900000 324.54000 43.12000 15.52100 56.15200
12 9 20 19 56 8846.60000 4.49900000 324.72000 43.12000 15.52100 56.03000
12 9 20 19 56 8847.10000 4.49900000 324.82000 43.12000 15.52100 56.03000
12 9 20 19 57 8848.60000 4.49900000 324.90000 43.14000 15.52100 56.03000
12 9 20 19 57 8848.50000 4.49900000 324.90000 43.14000 15.52100 56.03000
12 9 20 19 58 8849.80000 4.49900000 324.97000 43.14000 15.52100 56.03000
12 9 20 19 58 8849.90000 4.49900000 325.00000 43.14000 15.52100 56.03000
12 9 20 19 58 8850.00000 4.49900000 325.00000 43.19000 15.52100 56.03000
12 9 20 19 59 8848.20000 4.49900000 325.00000 43.19000 15.52100 56.03000
12 9 20 19 59 8847.40000 4.49900000 325.13000 43.19000 15.52100 56.03000
12 9 20 20 00 8850.00000 4.49900000 325.60000 43.24000 15.52100 56.03000
12 9 20 20 00 8850.00000 4.49900000 325.86000 43.24000 15.52100 56.03000
12 9 20 20 01 8850.00000 4.49900000 326.00000 43.26000 15.52100 56.03000
12 9 20 20 01 8850.00000 4.49900000 326.25000 43.33000 15.52100 56.03000
12 9 20 20 02 8847.50000 4.49900000 325.43000 43.19000 15.52100 56.03000
12 9 20 20 02 8849.90000 4.49800000 325.70000 43.26000 15.56900 56.30200
12 9 20 20 03 8849.40000 4.49800000 325.73000 43.29000 15.56600 56.29500
12 9 20 20 03 8849.50000 4.49800000 327.00000 43.34000 15.56600 56.39900
12 9 20 20 04 8853.00000 4.49800000 326.90000 43.34000 15.55800 56.39900
12 9 20 20 04 8852.60000 4.49800000 326.31000 43.34000 15.55800 56.39900
12 9 20 20 04 8852.60000 4.49800000 326.73000 43.30000 15.55800 56.23600
12 9 20 20 05 8850.10000 4.49800000 326.67000 43.25000 15.58000 56.23600
12 9 20 20 05 8851.70000 4.49800000 326.51000 43.25000 15.58000 56.23600
12 9 20 20 06 8848.20000 4.47800000 326.51000 43.25000 15.58000 56.23600
12 9 20 20 06 8845.00000 4.47800000 326.05000 43.25000 15.58000 56.23600
12 9 20 20 07 8845.10000 4.47800000 326.02000 43.25000 15.58000 56.23600
12 9 20 20 07 8845.10000 4.47800000 326.01000 43.25000 15.58000 56.23600
12 9 20 20 07 8844.20000 4.47800000 325.79000 43.25000 15.58000 56.23600
12 9 20 20 08 8841.30000 4.47800000 325.79000 43.25000 15.58000 56.23600
12 9 20 20 08 8842.30000 4.47800000 325.46000 43.25000 15.58000 56.23600
12 9 20 20 09 8840.50000 4.47800000 325.50000 43.25000 15.58000 56.23600
12 9 20 20 09 8841.90000 4.47800000 325.77000 43.10000 15.58000 56.23600
12 9 20 20 10 8841.00000 4.47800000 326.18000 43.10000 15.58000 56.23600
12 9 20 20 10 8841.10000 4.47800000 325.88000 43.10000 15.58000 56.23600
12 9 20 20 11 8840.10000 4.47800000 325.88000 43.10000 15.58000 56.23600
12 9 20 20 11 8840.70000 4.47800000 326.22000 43.10000 15.58000 56.23600
12 9 20 20 11 8841.40000 4.47800000 326.11000 43.14000 15.58000 56.23600
12 9 20 20 12 8842.80000 4.47800000 326.17000 43.14000 15.58000 56.23600
12 9 20 20 12 8842.80000 4.47800000 326.19000 43.14000 15.58000 56.23600
12 9 20 20 13 8845.20000 4.47800000 326.38000 43.14000 15.58000 56.23600
12 9 20 20 13 8847.10000 4.47800000 326.59000 43.14000 15.58000 56.23600
12 9 20 20 14 8847.10000 4.47800000 326.26000 43.11000 15.58000 56.23600
12 9 20 20 14 8847.10000 4.47800000 326.08000 43.11000 15.58000 56.23600
12 9 20 20 14 8847.10000 4.47800000 326.62000 43.11000 15.58000 56.23600
12 9 20 20 15 8842.80000 4.47800000 326.57000 43.11000 15.58000 56.23600
12 9 20 20 15 8842.10000 4.49800000 326.47000 43.20000 15.58000 56.23600
12 9 20 20 16 8841.10000 4.49800000 326.47000 43.20000 15.58000 55.90000
12 9 20 20 16 8841.10000 4.49800000 325.84000 43.10000 15.58000 55.90000
12 9 20 20 17 8840.90000 4.49800000 325.84000 43.10000 15.58000 55.90000
12 9 20 20 17 8840.90000 4.49800000 325.83000 43.10000 15.58000 55.90000
12 9 20 20 17 8840.90000 4.49800000 325.34000 43.10000 15.58000 55.90000
12 9 20 20 18 8841.00000 4.49800000 325.34000 43.10000 15.58000 55.90000
12 9 20 20 18 8840.90000 4.49800000 325.41000 43.10000 15.58000 55.90000
12 9 20 20 19 8840.00000 4.49800000 325.21000 43.10000 15.58000 55.90000
12 9 20 20 19 8840.10000 4.49800000 325.14000 43.10000 15.58000 55.90000
12 9 20 20 20 8836.70000 4.49800000 324.98000 43.10000 15.58000 55.90000
12 9 20 20 20 8837.50000 4.49800000 324.98000 43.17000 15.58000 55.82800
12 9 20 20 20 8837.10000 4.49800000 325.04000 43.14000 15.58000 55.82800
12 9 20 20 21 8837.10000 4.49800000 325.03000 43.14000 15.58000 55.82800
12 9 20 20 21 8836.80000 4.49800000 324.72000 43.14000 15.58000 55.82800
12 9 20 20 22 8844.40000 4.49800000 325.49000 43.14000 15.58000 55.82800
12 9 20 20 22 8839.30000 4.49800000 325.57000 43.25000 15.58000 55.82800
12 9 20 20 23 8840.50000 4.49800000 325.63000 43.25000 15.58000 55.82800
12 9 20 20 23 8840.50000 4.49800000 325.54000 43.25000 15.58000 55.99600
12 9 20 20 23 8843.20000 4.49800000 325.79000 43.25000 15.58000 55.99600
12 9 20 20 24 8842.50000 4.49800000 325.63000 43.25000 15.58000 55.99600
12 9 20 20 24 8842.40000 4.49800000 325.63000 43.24000 15.58000 55.99600
12 9 20 20 25 8844.50000 4.49800000 325.63000 43.27000 15.58000 55.99600
12 9 20 20 25 8844.40000 4.49800000 325.59000 43.27000 15.50700 55.99600
12 9 20 20 26 8844.70000 4.49800000 325.33000 43.27000 15.50700 55.99600
