M=[
30 11 20 18 59 16034.70000 5.57400000 499.55000 71.17000 13.46500 64.06200
30 11 20 18 59 16005.10000 5.57400000 499.34000 71.09000 13.46500 64.06200
30 11 20 19 00 15983.00000 5.57400000 499.00000 71.01000 13.46500 64.06200
30 11 20 19 00 15980.50000 5.55800000 498.47000 71.03000 13.46500 64.04000
30 11 20 19 01 15977.70000 5.55800000 499.02000 70.94000 13.46500 64.04000
30 11 20 19 01 15996.90000 5.55800000 498.94000 71.00000 13.46500 64.04000
30 11 20 19 02 16031.60000 5.55800000 500.31000 71.20000 13.46500 64.04000
30 11 20 19 02 16016.80000 5.58700000 500.08000 71.37000 13.43900 64.23000
30 11 20 19 02 16000.10000 5.58300000 499.26000 71.31000 13.41800 64.02000
30 11 20 19 03 16015.40000 5.57700000 499.53000 71.26000 13.51900 64.00600
30 11 20 19 03 16010.50000 5.57700000 499.26000 71.37000 13.51900 64.00600
30 11 20 19 04 16031.40000 5.57700000 499.72000 71.41000 13.51900 64.00600
30 11 20 19 04 16031.50000 5.57700000 499.86000 71.41000 13.51900 64.00600
30 11 20 19 05 16039.00000 5.57700000 500.25000 71.41000 13.51900 64.00600
30 11 20 19 05 16048.80000 5.57700000 500.01000 71.41000 13.51900 64.17900
30 11 20 19 05 16039.60000 5.57700000 500.00000 71.41000 13.51900 64.17900
30 11 20 19 06 16047.80000 5.57700000 500.00000 71.42000 13.51900 64.17900
30 11 20 19 06 16047.40000 5.57700000 500.38000 71.45000 13.51900 64.17900
30 11 20 19 07 16026.20000 5.57700000 499.38000 71.39000 13.51900 64.17900
30 11 20 19 07 16016.10000 5.57700000 499.43000 71.37000 13.51900 64.17900
30 11 20 19 08 16030.60000 5.57700000 500.12000 71.33000 13.51900 64.17900
30 11 20 19 08 16049.90000 5.57700000 500.38000 71.38000 13.44500 64.10000
30 11 20 19 08 16055.30000 5.57700000 500.92000 71.45000 13.44500 64.10000
30 11 20 19 09 16064.90000 5.57700000 501.00000 71.55000 13.44500 64.24400
30 11 20 19 09 16056.10000 5.57700000 501.00000 71.55000 13.44500 64.24400
30 11 20 19 10 16071.90000 5.57700000 501.00000 71.60000 13.44500 64.24400
30 11 20 19 10 16059.30000 5.55700000 500.98000 71.63000 13.52700 64.24400
30 11 20 19 11 16052.70000 5.55700000 500.98000 71.60000 13.39900 64.24400
30 11 20 19 11 16058.00000 5.55700000 500.97000 71.55000 13.39900 64.24400
30 11 20 19 11 16065.10000 5.55700000 500.40000 71.55000 13.39900 64.24400
30 11 20 19 12 16076.20000 5.55700000 500.38000 71.55000 13.39900 64.24400
30 11 20 19 12 16066.10000 5.55700000 500.30000 71.55000 13.39900 64.24400
30 11 20 19 13 16072.60000 5.55700000 500.56000 71.55000 13.39900 64.24400
30 11 20 19 13 16062.00000 5.55700000 500.45000 71.56000 13.46600 64.24400
30 11 20 19 14 16030.20000 5.55700000 500.19000 71.47000 13.46600 64.24400
30 11 20 19 14 16043.80000 5.55700000 500.35000 71.50000 13.38800 64.24400
30 11 20 19 14 16030.20000 5.55700000 500.26000 71.50000 13.38800 64.24400
30 11 20 19 15 16034.50000 5.55700000 500.15000 71.50000 13.38800 64.24400
30 11 20 19 15 16046.70000 5.55700000 500.69000 71.54000 13.38800 64.24400
30 11 20 19 16 16062.00000 5.57800000 500.94000 71.75000 13.38800 64.24400
30 11 20 19 16 16085.30000 5.57800000 500.94000 71.73000 13.38800 64.24400
30 11 20 19 17 16077.90000 5.57800000 501.75000 71.73000 13.38800 64.24400
30 11 20 19 17 16089.70000 5.57800000 503.20000 71.75000 13.38800 64.24400
30 11 20 19 17 16096.50000 5.57800000 503.20000 71.71000 13.38800 64.24400
30 11 20 19 18 16090.60000 5.57800000 501.95000 71.76000 13.38800 64.60200
30 11 20 19 18 16094.80000 5.57800000 501.97000 71.70000 13.38800 64.60200
30 11 20 19 19 16098.20000 5.57800000 502.10000 71.67000 13.38800 64.60300
30 11 20 19 19 16089.80000 5.57800000 501.91000 71.69000 13.38800 64.60300
30 11 20 19 20 16083.60000 5.57800000 501.88000 71.69000 13.38800 64.60300
30 11 20 19 20 16093.00000 5.57800000 501.92000 71.69000 13.38800 64.60300
30 11 20 19 20 16103.40000 5.57800000 502.31000 71.77000 13.38800 64.60300
30 11 20 19 21 16099.80000 5.57800000 502.31000 71.77000 13.38800 64.60300
30 11 20 19 21 16077.90000 5.57800000 502.02000 71.77000 13.38800 64.60300
30 11 20 19 22 16078.60000 5.57800000 501.49000 71.77000 13.38800 64.62500
30 11 20 19 22 16091.10000 5.57800000 501.49000 71.71000 13.38800 64.62500
30 11 20 19 23 16089.20000 5.57800000 501.92000 71.71000 13.38800 64.62500
30 11 20 19 23 16089.70000 5.57800000 502.08000 71.69000 13.38800 64.62500
30 11 20 19 23 16075.10000 5.57800000 501.31000 71.68000 13.38800 64.62500
30 11 20 19 24 16070.10000 5.57800000 501.51000 71.68000 13.38800 64.62500
30 11 20 19 24 16096.80000 5.57800000 501.50000 71.68000 13.38800 64.62500
30 11 20 19 25 16109.90000 5.57800000 502.35000 71.68000 13.38800 64.62500
30 11 20 19 25 16101.30000 5.57800000 502.58000 71.83000 13.38800 64.62500
30 11 20 19 26 16103.60000 5.57800000 502.60000 71.79000 13.38800 64.62500
30 11 20 19 26 16105.50000 5.57800000 502.30000 71.79000 13.38800 64.62500
30 11 20 19 26 16110.10000 5.57800000 502.41000 71.79000 13.38800 64.62500
30 11 20 19 27 16114.60000 5.57800000 502.90000 71.78000 13.38800 64.62500
30 11 20 19 27 16110.90000 5.57800000 502.71000 71.78000 13.38800 64.62500
30 11 20 19 28 16100.00000 5.57800000 502.28000 71.78000 13.38800 64.78200
30 11 20 19 28 16104.50000 5.57800000 501.91000 71.70000 13.38800 64.78200
30 11 20 19 29 16100.10000 5.57800000 502.28000 71.73000 13.38800 64.78200
30 11 20 19 29 16111.00000 5.57800000 502.97000 71.73000 13.38800 64.78200
30 11 20 19 29 16108.20000 5.57800000 502.88000 71.79000 13.38800 64.78200
30 11 20 19 30 16119.20000 5.57800000 503.00000 71.85000 13.38800 64.78200
30 11 20 19 30 16100.00000 5.57800000 502.20000 71.90000 13.38800 64.89100
30 11 20 19 31 16046.60000 5.57800000 502.00000 71.70000 13.38800 64.89100
30 11 20 19 31 16038.60000 5.57800000 501.18000 71.47000 13.38800 64.56100
30 11 20 19 32 16041.80000 5.57800000 501.18000 71.47000 13.38800 64.60100
30 11 20 19 32 16050.70000 5.57800000 501.85000 71.47000 13.38800 64.60100
30 11 20 19 32 16056.90000 5.57800000 502.85000 71.67000 13.38800 64.60100
30 11 20 19 33 16058.60000 5.57800000 502.94000 71.77000 13.38800 64.60100
30 11 20 19 33 16064.20000 5.57800000 503.20000 71.80000 13.38800 64.60100
30 11 20 19 34 16050.00000 5.57800000 502.72000 71.82000 13.38800 64.60100
30 11 20 19 34 16048.90000 5.57800000 502.99000 71.70000 13.38800 64.60100
30 11 20 19 35 16048.00000 5.57800000 503.25000 71.70000 13.38800 64.60100
30 11 20 19 35 16059.60000 5.57800000 503.29000 71.77000 13.38800 64.60100
30 11 20 19 35 16051.00000 5.57800000 503.35000 71.77000 13.38800 64.60100
30 11 20 19 36 16053.50000 5.57800000 503.17000 71.77000 13.38800 64.60100
30 11 20 19 36 16053.50000 5.57800000 503.34000 71.77000 13.38800 64.60100
30 11 20 19 37 16040.80000 5.57800000 503.34000 71.77000 13.38800 64.60100
30 11 20 19 37 16030.10000 5.57800000 503.02000 71.75000 13.38800 64.60100
30 11 20 19 38 16032.90000 5.57800000 503.36000 71.75000 13.38800 64.60100
30 11 20 19 38 16018.20000 5.57800000 503.29000 71.75000 13.38800 64.60100
30 11 20 19 38 16031.00000 5.57800000 503.29000 71.75000 13.38800 64.60100
30 11 20 19 39 16042.00000 5.57800000 503.06000 71.75000 13.36600 64.60100
30 11 20 19 39 16035.90000 5.57800000 503.02000 71.69000 13.36600 64.60100
30 11 20 19 40 16041.60000 5.57800000 503.03000 71.69000 13.36600 64.60100
30 11 20 19 40 16022.70000 5.57800000 503.03000 71.62000 13.36600 64.60100
30 11 20 19 41 16020.60000 5.57800000 503.03000 71.62000 13.36600 64.60100
30 11 20 19 41 16010.20000 5.57800000 502.23000 71.48000 13.36600 64.60100
30 11 20 19 41 16010.10000 5.57800000 502.38000 71.48000 13.36600 64.60100
30 11 20 19 42 16025.30000 5.57800000 503.08000 71.47000 13.35000 64.60100
30 11 20 19 42 16036.60000 5.57800000 503.28000 71.59000 13.35000 64.60100
30 11 20 19 43 16036.00000 5.57800000 503.30000 71.56000 13.30400 64.60100
30 11 20 19 43 16070.80000 5.57800000 503.36000 71.56000 13.30400 64.60100
30 11 20 19 44 16064.60000 5.57800000 503.77000 71.56000 13.30400 64.60100
30 11 20 19 44 16065.20000 5.57800000 504.07000 71.64000 13.30400 64.60100
