M=[
17 12 20 14 30 18818.70000 5.40300000 540.96000 82.42000 13.91100 61.34800
17 12 20 14 30 18816.00000 5.40000000 540.66000 82.38000 14.07400 61.34800
17 12 20 14 31 18807.90000 5.40000000 540.68000 82.41000 14.07400 61.34800
17 12 20 14 31 18800.10000 5.40000000 540.32000 82.31000 14.07400 61.42800
17 12 20 14 32 18800.00000 5.40000000 540.32000 82.24000 14.07400 61.37300
17 12 20 14 32 18814.00000 5.40000000 540.26000 82.37000 14.07400 61.37300
17 12 20 14 33 18814.40000 5.40000000 540.34000 82.37000 14.07400 61.37300
17 12 20 14 33 18825.00000 5.40000000 540.45000 82.50000 14.07400 61.37300
17 12 20 14 33 18825.00000 5.40000000 540.35000 82.50000 14.07400 61.37300
17 12 20 14 34 18857.90000 5.38200000 540.35000 82.53000 14.07400 61.37300
17 12 20 14 34 18829.40000 5.41000000 540.75000 82.53000 14.07400 61.37300
17 12 20 14 35 18830.40000 5.41000000 541.14000 82.49000 14.07400 61.37300
17 12 20 14 35 18847.90000 5.41000000 541.16000 82.48000 14.07400 61.37300
17 12 20 14 36 18849.60000 5.41000000 541.11000 82.62000 14.07400 61.37300
17 12 20 14 36 18850.70000 5.41000000 541.08000 82.62000 14.07400 61.37300
17 12 20 14 36 18871.60000 5.41000000 541.07000 82.61000 14.07400 61.37300
17 12 20 14 37 18849.70000 5.41000000 540.82000 82.60000 14.07400 61.37300
17 12 20 14 37 18855.70000 5.41000000 540.97000 82.68000 14.05000 61.45100
17 12 20 14 38 18894.40000 5.41000000 541.50000 82.97000 14.05000 61.45100
17 12 20 14 38 18887.70000 5.41000000 542.00000 83.27000 14.05000 61.43100
17 12 20 14 39 18910.90000 5.41000000 542.30000 83.62000 14.05000 61.43100
17 12 20 14 39 18909.90000 5.41000000 542.04000 83.42000 14.05000 61.43100
17 12 20 14 39 18907.80000 5.41000000 542.18000 83.67000 14.05000 61.43100
17 12 20 14 40 18910.00000 5.41000000 542.05000 83.49000 14.05000 61.43100
17 12 20 14 40 18929.90000 5.41000000 542.41000 83.80000 14.05000 61.43100
17 12 20 14 41 18930.00000 5.41000000 542.53000 83.95000 14.05000 61.43100
17 12 20 14 41 18930.60000 5.41000000 542.56000 83.77000 14.05000 61.43100
17 12 20 14 42 18920.10000 5.41000000 541.94000 83.65000 14.05000 61.43100
17 12 20 14 42 18931.90000 5.41000000 542.45000 83.86000 14.05000 61.43100
17 12 20 14 42 18927.00000 5.41000000 542.56000 83.80000 14.05000 61.77100
17 12 20 14 43 18925.10000 5.41000000 542.84000 83.88000 14.05000 61.77100
17 12 20 14 43 18912.90000 5.41000000 542.84000 83.88000 14.05000 61.77100
17 12 20 14 44 18926.70000 5.41000000 543.00000 83.90000 14.05000 61.77100
17 12 20 14 44 18926.90000 5.41000000 542.98000 84.02000 14.05000 61.77100
17 12 20 14 45 18920.50000 5.41000000 541.83000 83.67000 14.05000 61.77100
17 12 20 14 45 18931.70000 5.41000000 542.00000 83.96000 14.05000 61.77100
17 12 20 14 45 18880.00000 5.41000000 541.60000 83.64000 14.05000 61.77100
17 12 20 14 46 18897.00000 5.41000000 542.32000 83.59000 14.05000 61.77100
17 12 20 14 46 18853.70000 5.41000000 541.60000 83.63000 14.05000 61.74300
17 12 20 14 47 18831.40000 5.43200000 541.00000 83.08000 14.05000 61.74300
17 12 20 14 47 18843.30000 5.43200000 541.24000 83.43000 14.05000 61.72900
17 12 20 14 48 18854.70000 5.43000000 541.37000 83.54000 14.05000 61.72900
17 12 20 14 48 18847.90000 5.43000000 541.36000 83.55000 14.05000 61.72900
17 12 20 14 48 18861.40000 5.43000000 541.36000 83.70000 14.05000 61.76300
17 12 20 14 49 18897.00000 5.43000000 541.71000 83.98000 14.05000 61.76300
17 12 20 14 49 18891.10000 5.43000000 542.00000 84.15000 14.05000 61.83600
17 12 20 14 50 18903.30000 5.43100000 542.46000 84.38000 14.05000 61.85000
17 12 20 14 50 18871.20000 5.43000000 541.99000 84.14000 14.05000 61.85000
17 12 20 14 51 18889.00000 5.43000000 541.98000 84.19000 14.05000 61.85000
17 12 20 14 51 18888.90000 5.43000000 542.24000 84.21000 14.05000 61.85000
17 12 20 14 51 18860.10000 5.43000000 541.23000 83.88000 14.05000 61.85000
17 12 20 14 52 18831.00000 5.43100000 541.22000 83.78000 13.97700 61.85000
17 12 20 14 52 18819.30000 5.43000000 540.95000 83.62000 13.97700 61.85000
17 12 20 14 53 18845.30000 5.43000000 541.01000 83.84000 13.97700 61.85000
17 12 20 14 53 18836.50000 5.44200000 541.01000 83.71000 13.97700 61.85000
17 12 20 14 54 18827.00000 5.44200000 540.97000 83.67000 13.97700 61.85000
17 12 20 14 54 18812.20000 5.44200000 540.82000 83.46000 13.97700 61.85000
17 12 20 14 54 18826.70000 5.44000000 540.82000 83.64000 13.97700 61.85000
17 12 20 14 55 18826.80000 5.44000000 541.24000 83.65000 13.97700 61.85000
17 12 20 14 55 18824.00000 5.44000000 541.18000 83.66000 13.97700 61.85000
17 12 20 14 56 18833.40000 5.41200000 540.83000 83.44000 13.97700 61.85000
17 12 20 14 56 18824.60000 5.41200000 540.16000 83.41000 13.97700 61.85000
17 12 20 14 57 18821.20000 5.41200000 540.13000 83.45000 13.91000 61.85000
17 12 20 14 57 18850.90000 5.41200000 540.27000 83.55000 13.91000 61.65700
17 12 20 14 57 18854.40000 5.41200000 540.52000 83.67000 13.91000 61.65700
17 12 20 14 58 18860.10000 5.41200000 540.52000 83.61000 13.91000 61.68100
17 12 20 14 58 18840.30000 5.41200000 540.20000 83.51000 13.91000 61.68100
17 12 20 14 59 18861.60000 5.41200000 540.39000 83.47000 13.91000 61.68100
17 12 20 14 59 18840.10000 5.39600000 540.07000 83.45000 13.91000 61.68100
17 12 20 15 00 18840.00000 5.39600000 540.42000 83.60000 13.91000 61.68100
17 12 20 15 00 18840.10000 5.39600000 540.41000 83.95000 13.91000 61.68100
17 12 20 15 00 18867.50000 5.39600000 541.99000 84.96000 13.91000 61.72800
17 12 20 15 01 18864.00000 5.41300000 541.73000 85.04000 13.91000 61.72800
17 12 20 15 01 18870.00000 5.41300000 541.96000 85.06000 13.91000 61.72800
17 12 20 15 02 18878.40000 5.41300000 541.90000 84.94000 13.91000 61.72800
17 12 20 15 02 18888.10000 5.43000000 542.29000 85.37000 13.97000 61.86500
17 12 20 15 03 18880.10000 5.43000000 541.05000 84.97000 13.97000 61.86500
17 12 20 15 03 18882.40000 5.43000000 541.33000 85.33000 13.97000 61.86500
17 12 20 15 03 18880.00000 5.43000000 541.15000 85.03000 13.97000 61.86500
17 12 20 15 04 18870.00000 5.43000000 541.19000 85.13000 13.97000 61.86500
17 12 20 15 04 18850.10000 5.43000000 541.31000 85.21000 13.97000 61.86500
17 12 20 15 05 18850.00000 5.43000000 541.09000 85.11000 13.97000 61.86500
17 12 20 15 05 18866.70000 5.43000000 540.52000 85.21000 13.97000 61.86500
17 12 20 15 06 18854.10000 5.43000000 540.94000 84.98000 13.97000 61.86500
17 12 20 15 06 18852.10000 5.43000000 541.02000 85.10000 13.97000 61.86500
17 12 20 15 06 18840.00000 5.43000000 540.86000 84.97000 13.97000 61.86500
17 12 20 15 07 18840.00000 5.43000000 540.37000 84.84000 13.97000 61.86500
17 12 20 15 07 18852.20000 5.43000000 541.22000 85.00000 13.97000 61.86500
17 12 20 15 08 18841.50000 5.46300000 540.82000 85.00000 13.97000 61.86500
17 12 20 15 08 18846.60000 5.46300000 540.86000 85.00000 13.97000 61.86500
17 12 20 15 09 18846.60000 5.46300000 541.42000 85.03000 13.97000 61.86500
17 12 20 15 09 18876.30000 5.46300000 541.53000 85.25000 13.97000 61.86500
17 12 20 15 09 18865.60000 5.46300000 541.66000 85.18000 13.97000 61.86500
17 12 20 15 10 18880.00000 5.45000000 541.66000 85.18000 13.97000 61.86500
17 12 20 15 10 18880.00000 5.45000000 541.65000 85.15000 13.97000 61.86500
17 12 20 15 11 18898.90000 5.45000000 541.66000 85.17000 13.97000 61.86500
17 12 20 15 11 18887.30000 5.45000000 541.23000 84.85000 13.97000 61.86500
17 12 20 15 12 18894.50000 5.45000000 541.23000 84.96000 13.97000 61.86500
17 12 20 15 12 18894.10000 5.45000000 541.61000 84.96000 13.97000 61.86500
17 12 20 15 12 18894.20000 5.45000000 541.46000 84.89000 13.97000 61.86500
17 12 20 15 13 18897.40000 5.45000000 541.61000 85.00000 13.97000 61.86500
17 12 20 15 13 18865.10000 5.45000000 541.10000 84.82000 13.97000 61.86500
17 12 20 15 14 18883.50000 5.43000000 541.41000 84.96000 13.97400 61.67000
17 12 20 15 14 18846.70000 5.43000000 540.53000 84.91000 13.97400 61.67000
17 12 20 15 15 18830.10000 5.43000000 540.42000 84.90000 13.97400 61.73400
17 12 20 15 15 18841.10000 5.43000000 540.76000 84.91000 13.97400 61.73400
