M=[
27 5 20 15 00 8354.00000 6.17000000 187.48000 39.72000 11.30700 41.76900
27 5 20 15 00 8353.90000 6.17000000 187.48000 39.72000 11.30700 41.76900
27 5 20 15 01 8355.00000 6.17000000 187.57000 39.72000 11.30700 41.76900
27 5 20 15 01 8359.40000 6.17000000 187.61000 39.72000 11.30700 41.76900
27 5 20 15 02 8359.90000 6.17000000 187.69000 39.72000 11.30700 41.76900
27 5 20 15 02 8359.80000 6.17000000 187.57000 39.72000 11.30700 41.76900
27 5 20 15 03 8359.90000 6.17000000 187.70000 39.72000 11.30700 41.76900
27 5 20 15 03 8359.90000 6.17000000 187.70000 39.77000 11.30700 41.76900
27 5 20 15 04 8359.90000 6.17000000 187.70000 39.77000 11.35900 41.76900
27 5 20 15 04 8359.80000 6.16000000 187.77000 39.77000 11.35900 41.76900
27 5 20 15 04 8364.70000 6.16000000 187.77000 39.77000 11.35900 41.76900
27 5 20 15 05 8366.60000 6.16000000 187.83000 39.77000 11.35900 41.76900
27 5 20 15 05 8366.80000 6.16000000 187.85000 39.77000 11.30700 41.76900
27 5 20 15 06 8366.00000 6.16000000 187.85000 39.83000 11.35900 41.76900
27 5 20 15 06 8366.70000 6.16000000 187.85000 39.83000 11.35900 41.76900
27 5 20 15 07 8369.90000 6.17000000 187.87000 39.83000 11.35900 41.76900
27 5 20 15 07 8367.00000 6.17000000 188.01000 39.72000 11.35900 41.76900
27 5 20 15 08 8366.30000 6.17000000 187.95000 39.83000 11.35900 41.76900
27 5 20 15 08 8366.90000 6.17000000 187.95000 39.72000 11.35900 41.76900
27 5 20 15 09 8366.80000 6.17000000 187.87000 39.83000 11.35900 41.76900
27 5 20 15 09 8366.60000 6.17000000 187.86000 39.83000 11.35900 41.76900
27 5 20 15 10 8357.10000 6.17000000 187.82000 39.83000 11.37000 41.83000
27 5 20 15 10 8366.70000 6.17000000 187.94000 39.83000 11.37000 41.76900
27 5 20 15 11 8366.70000 6.17000000 187.83000 39.85000 11.37000 41.76900
27 5 20 15 11 8366.50000 6.17000000 187.90000 39.84000 11.37000 41.76900
27 5 20 15 12 8365.40000 6.17000000 187.83000 39.87000 11.37000 41.76900
27 5 20 15 12 8365.40000 6.17000000 187.89000 39.87000 11.37000 41.76900
27 5 20 15 13 8365.50000 6.17000000 187.92000 39.87000 11.37000 41.76900
27 5 20 15 13 8365.70000 6.16000000 188.04000 39.87000 11.37000 41.76900
27 5 20 15 13 8365.90000 6.17000000 187.95000 39.87000 11.37000 41.76900
27 5 20 15 14 8365.70000 6.17000000 188.00000 39.87000 11.37000 41.76900
27 5 20 15 14 8359.80000 6.17000000 188.00000 39.80000 11.37000 41.76900
27 5 20 15 15 8365.40000 6.17000000 187.83000 39.80000 11.37000 41.76900
27 5 20 15 15 8361.50000 6.17000000 187.83000 39.87000 11.37000 41.76900
27 5 20 15 16 8361.80000 6.17000000 187.83000 39.87000 11.37000 41.76900
27 5 20 15 16 8361.80000 6.16000000 187.99000 39.80000 11.37000 41.76900
27 5 20 15 17 8370.00000 6.17000000 188.20000 39.80000 11.37000 41.76900
27 5 20 15 17 8379.10000 6.18000000 188.34000 39.80000 11.37000 41.76900
27 5 20 15 18 8376.00000 6.18000000 188.13000 39.80000 11.37000 41.76900
27 5 20 15 18 8377.20000 6.18000000 188.24000 39.80000 11.37000 41.76900
27 5 20 15 19 8400.70000 6.18000000 188.54000 39.97000 11.37000 41.76900
27 5 20 15 19 8403.30000 6.18000000 188.75000 39.97000 11.37000 42.00000
27 5 20 15 20 8406.60000 6.18000000 188.74000 39.97000 11.37000 42.00000
27 5 20 15 20 8396.80000 6.18000000 188.56000 39.97000 11.37000 42.00000
27 5 20 15 21 8396.80000 6.18000000 188.56000 39.97000 11.37000 42.00000
27 5 20 15 21 8396.90000 6.18000000 188.56000 39.97000 11.37000 41.76900
27 5 20 15 22 8381.50000 6.18000000 188.51000 39.97000 11.35900 42.00000
27 5 20 15 22 8383.40000 6.18000000 188.51000 39.97000 11.37000 42.00000
27 5 20 15 23 8378.10000 6.18000000 188.50000 39.97000 11.37000 42.00000
27 5 20 15 23 8378.20000 6.18000000 188.36000 39.97000 11.38900 42.00000
27 5 20 15 24 8378.20000 6.18000000 188.36000 39.97000 11.38900 41.76900
27 5 20 15 24 8376.10000 6.18000000 188.35000 39.97000 11.38900 42.00000
27 5 20 15 25 8356.20000 6.18000000 188.18000 39.83000 11.38900 42.00000
27 5 20 15 25 8355.30000 6.18000000 187.81000 39.76000 11.37900 41.83000
27 5 20 15 26 8349.90000 6.18000000 187.86000 39.76000 11.37900 42.00000
27 5 20 15 26 8343.20000 6.16800000 187.82000 39.76000 11.37900 42.00000
27 5 20 15 27 8340.10000 6.16800000 187.56000 39.76000 11.37900 42.00000
27 5 20 15 27 8343.90000 6.16800000 187.56000 39.97000 11.37900 42.00000
27 5 20 15 28 8349.90000 6.16800000 187.56000 39.83000 11.37900 42.00000
27 5 20 15 28 8338.90000 6.16800000 187.66000 39.76000 11.37900 42.00000
27 5 20 15 29 8344.30000 6.16800000 187.65000 39.76000 11.37900 42.00000
27 5 20 15 29 8345.00000 6.16800000 187.65000 39.76000 11.37900 42.00000
27 5 20 15 30 8345.10000 6.16800000 187.54000 39.76000 11.37900 42.00000
27 5 20 15 30 8340.10000 6.16800000 187.54000 39.76000 11.37900 42.00000
27 5 20 15 30 8340.10000 6.16800000 187.54000 39.76000 11.37900 42.00000
27 5 20 15 31 8340.50000 6.16800000 187.54000 39.76000 11.37900 42.00000
27 5 20 15 31 8340.60000 6.16800000 187.54000 39.72000 11.37900 41.76900
27 5 20 15 32 8344.70000 6.16800000 187.58000 39.72000 11.37900 42.00000
27 5 20 15 32 8345.00000 6.16800000 187.58000 39.96000 11.35000 42.00000
27 5 20 15 33 8345.10000 6.16800000 187.55000 39.71000 11.35000 42.00000
27 5 20 15 33 8345.10000 6.16800000 187.55000 39.71000 11.35000 42.00000
27 5 20 15 34 8345.90000 6.16800000 187.55000 39.71000 11.35000 42.00000
27 5 20 15 34 8346.00000 6.16800000 187.55000 39.71000 11.35000 42.00000
27 5 20 15 35 8346.00000 6.16800000 187.55000 39.73000 11.35000 42.00000
27 5 20 15 35 8345.90000 6.16800000 187.53000 39.73000 11.35000 42.00000
27 5 20 15 36 8346.00000 6.16800000 187.55000 39.73000 11.35000 42.00000
27 5 20 15 36 8346.00000 6.16800000 187.55000 39.73000 11.35000 42.00000
27 5 20 15 37 8345.90000 6.16800000 187.66000 39.73000 11.35000 42.00000
27 5 20 15 37 8346.00000 6.16800000 187.65000 39.73000 11.35000 41.76900
27 5 20 15 37 8345.80000 6.16800000 187.65000 39.73000 11.35000 42.00000
27 5 20 15 38 8344.90000 6.18000000 187.65000 39.73000 11.35000 42.00000
27 5 20 15 38 8340.70000 6.12200000 187.50000 39.63000 11.35000 41.76900
27 5 20 15 39 8330.10000 6.12200000 187.48000 39.62000 11.37900 42.00000
27 5 20 15 39 8336.80000 6.12200000 187.52000 39.62000 11.35000 42.00000
27 5 20 15 40 8333.00000 6.12200000 187.63000 39.62000 11.35000 42.00000
27 5 20 15 40 8333.00000 6.12200000 187.52000 39.62000 11.35000 42.00000
27 5 20 15 41 8334.80000 6.12200000 187.62000 39.62000 11.35000 42.00000
27 5 20 15 41 8334.00000 6.12200000 187.59000 39.62000 11.35000 42.00000
27 5 20 15 42 8333.90000 6.16800000 187.57000 39.62000 11.35000 42.00000
27 5 20 15 42 8336.30000 6.12200000 187.57000 39.62000 11.35000 42.00000
27 5 20 15 43 8336.00000 6.16000000 187.57000 39.62000 11.35000 42.00000
27 5 20 15 43 8334.50000 6.12200000 187.57000 39.68000 11.35000 42.00000
27 5 20 15 44 8336.40000 6.12200000 187.57000 39.68000 11.35000 42.00000
27 5 20 15 44 8331.30000 6.16800000 187.57000 39.68000 11.35000 42.00000
27 5 20 15 45 8333.20000 6.12200000 187.51000 39.68000 11.35000 42.00000
27 5 20 15 45 8339.70000 6.16800000 187.68000 39.68000 11.35000 42.00000
27 5 20 15 46 8341.60000 6.12200000 187.63000 39.72000 11.35000 42.00000
27 5 20 15 46 8341.40000 6.15800000 187.77000 39.72000 11.35000 42.00000
27 5 20 15 47 8345.80000 6.16800000 187.77000 39.72000 11.35000 42.00000
27 5 20 15 47 8345.40000 6.15800000 187.81000 39.78000 11.35000 42.00000
27 5 20 15 48 8346.00000 6.15800000 187.79000 39.78000 11.35000 42.00000
27 5 20 15 48 8345.90000 6.15800000 187.80000 39.78000 11.35000 42.00000
27 5 20 15 49 8334.20000 6.15800000 187.80000 39.78000 11.35000 42.00000
27 5 20 15 49 8338.10000 6.16600000 187.77000 39.78000 11.35000 42.00000
27 5 20 15 50 8334.20000 6.16600000 187.77000 39.78000 11.35000 41.76900
27 5 20 15 50 8337.70000 6.16600000 187.68000 39.78000 11.35000 41.76900
27 5 20 15 50 8336.90000 6.16600000 187.71000 39.75000 11.35000 41.83000
27 5 20 15 51 8332.70000 6.16600000 187.72000 39.75000 11.35000 42.00000
27 5 20 15 51 8337.60000 6.16600000 187.93000 39.75000 11.35000 42.00000
