M=[
 7 8 21 03 41 36836.40000 46.44300000 2481.79000 129.92000 23.00100 109.96100
 7 8 21 03 41 36820.00000 46.44300000 2481.79000 129.92000 23.00100 109.96100
 7 8 21 03 42 36814.10000 46.44300000 2481.79000 129.92000 23.00100 109.96100
 7 8 21 03 42 36807.60000 46.44300000 2481.79000 129.92000 23.00100 109.96100
 7 8 21 03 43 36797.40000 46.44300000 2481.79000 129.92000 23.00100 109.96100
 7 8 21 03 43 36797.40000 46.44300000 2476.32000 129.92000 23.00100 109.96100
 7 8 21 03 44 36787.90000 46.44300000 2476.55000 129.74000 23.00100 109.96100
 7 8 21 03 44 36826.70000 46.44300000 2476.55000 129.74000 23.00100 109.96100
 7 8 21 03 44 36821.70000 46.44300000 2476.55000 129.74000 23.00100 109.96100
 7 8 21 03 45 36818.30000 46.44300000 2476.55000 129.74000 23.00100 109.96100
 7 8 21 03 45 36831.00000 46.44300000 2478.99000 129.74000 23.00100 109.96100
 7 8 21 03 46 36831.00000 46.44300000 2478.99000 129.80000 23.00100 109.96100
 7 8 21 03 46 36831.00000 46.44300000 2479.08000 129.80000 23.00100 109.96100
 7 8 21 03 47 36942.10000 46.44300000 2480.94000 130.06000 23.00100 109.96100
 7 8 21 03 47 37097.30000 46.44300000 2485.87000 130.13000 23.00100 109.96100
 7 8 21 03 48 37063.40000 46.44300000 2489.88000 130.36000 23.00100 109.96100
 7 8 21 03 48 37131.50000 46.74100000 2492.77000 130.66000 23.00100 110.79500
 7 8 21 03 48 37048.20000 46.74100000 2489.44000 130.34000 23.00100 110.39700
 7 8 21 03 49 37029.20000 46.74100000 2488.38000 130.08000 23.00100 110.39700
 7 8 21 03 49 37103.50000 46.76400000 2492.77000 130.31000 23.00100 110.39700
 7 8 21 03 50 37110.50000 46.66700000 2492.98000 130.31000 23.00100 110.39700
 7 8 21 03 50 37110.50000 46.66700000 2493.14000 130.31000 23.00100 110.39700
 7 8 21 03 51 37110.50000 46.66700000 2492.33000 130.31000 23.00100 110.39700
 7 8 21 03 51 37105.10000 46.66700000 2492.33000 130.31000 23.00100 110.39700
 7 8 21 03 51 37070.10000 46.66700000 2492.33000 130.31000 23.00100 110.39700
 7 8 21 03 52 37066.00000 46.66700000 2492.32000 130.31000 23.00100 110.39700
 7 8 21 03 52 37074.00000 46.66700000 2489.64000 130.31000 23.00100 110.39700
 7 8 21 03 53 37073.90000 46.66700000 2486.96000 130.31000 23.00100 110.39700
 7 8 21 03 53 37048.80000 46.66700000 2487.07000 130.31000 23.00100 110.39700
 7 8 21 03 54 37064.00000 46.66700000 2487.07000 130.31000 23.00100 110.39700
 7 8 21 03 54 37064.00000 46.66700000 2492.32000 130.31000 23.00100 110.39700
 7 8 21 03 55 37098.30000 46.66700000 2492.32000 130.31000 23.00100 110.39700
 7 8 21 03 55 37067.90000 46.66700000 2492.00000 130.31000 23.00100 110.29400
 7 8 21 03 55 37067.90000 46.66700000 2492.00000 130.31000 23.00100 110.29400
 7 8 21 03 56 37102.90000 46.66700000 2491.97000 130.31000 23.00100 110.29400
 7 8 21 03 56 37102.80000 46.66700000 2492.16000 130.33000 23.00100 110.29400
 7 8 21 03 57 37140.40000 46.66700000 2492.16000 130.33000 23.00100 110.29400
 7 8 21 03 57 37101.40000 46.66700000 2492.16000 130.33000 23.00100 110.29400
 7 8 21 03 58 37119.80000 46.66700000 2492.15000 130.33000 23.00100 110.29400
 7 8 21 03 58 37111.60000 46.66700000 2492.15000 130.25000 23.00100 110.29400
 7 8 21 03 58 37143.60000 46.66700000 2492.15000 130.25000 23.00100 110.29400
 7 8 21 03 59 37129.90000 46.66700000 2492.15000 130.29000 23.00100 110.29400
 7 8 21 03 59 37129.90000 46.70300000 2492.15000 130.29000 23.00100 110.29400
 7 8 21 04 00 37090.70000 46.71200000 2492.16000 130.29000 23.00100 110.29400
 7 8 21 04 00 37076.00000 46.71200000 2492.16000 130.29000 23.00100 110.29400
 7 8 21 04 01 37076.10000 46.71200000 2492.16000 130.29000 23.00100 110.29400
 7 8 21 04 01 37048.90000 46.71200000 2492.16000 130.29000 23.00100 110.29400
 7 8 21 04 02 37034.80000 46.71200000 2486.22000 130.29000 23.00100 109.67000
 7 8 21 04 02 37036.10000 46.71200000 2488.66000 130.29000 23.00100 109.67000
 7 8 21 04 02 37066.30000 46.71200000 2493.15000 130.29000 23.00100 109.67000
 7 8 21 04 03 37074.50000 46.71200000 2494.92000 130.29000 23.00100 109.67000
 7 8 21 04 03 37080.10000 46.71200000 2497.00000 130.37000 23.00100 109.67000
 7 8 21 04 04 37099.50000 46.71200000 2500.00000 130.37000 23.00100 109.67000
 7 8 21 04 04 37103.30000 46.74300000 2500.00000 130.37000 23.00100 109.67000
 7 8 21 04 05 37053.90000 46.74300000 2499.98000 130.37000 23.00100 109.67000
 7 8 21 04 05 37051.30000 46.74300000 2497.95000 130.37000 23.00100 109.70000
 7 8 21 04 05 37051.30000 46.74300000 2499.68000 130.37000 23.00100 109.59100
 7 8 21 04 06 37034.80000 46.74300000 2500.00000 130.37000 23.00100 109.59100
 7 8 21 04 06 37035.40000 46.74300000 2500.00000 130.37000 23.00100 109.59100
 7 8 21 04 07 37065.00000 46.74300000 2504.12000 130.37000 23.00100 109.59100
 7 8 21 04 07 37070.20000 46.74300000 2507.11000 130.37000 23.00100 109.59100
 7 8 21 04 08 37101.80000 46.88000000 2513.16000 130.37000 22.96700 109.59100
 7 8 21 04 08 37069.60000 46.88400000 2511.00000 130.40000 22.96700 109.68600
 7 8 21 04 09 37078.70000 46.88400000 2513.89000 130.43000 22.96700 109.68300
 7 8 21 04 09 37110.60000 46.88400000 2515.45000 130.43000 22.96700 109.68300
 7 8 21 04 09 37121.70000 46.88400000 2516.97000 130.43000 22.96700 109.68300
 7 8 21 04 10 37129.30000 46.88400000 2516.71000 130.43000 22.96700 109.68300
 7 8 21 04 10 37171.40000 46.88400000 2518.99000 130.55000 22.96700 109.68300
 7 8 21 04 11 37135.60000 46.88400000 2516.60000 130.59000 22.96700 109.68300
 7 8 21 04 11 37132.80000 46.88400000 2516.80000 130.59000 22.96700 109.68300
 7 8 21 04 12 37171.30000 46.88400000 2518.93000 130.49000 22.96700 109.68300
 7 8 21 04 12 37154.40000 46.88400000 2518.37000 130.52000 22.96700 109.66000
 7 8 21 04 12 37171.10000 47.14600000 2519.39000 130.52000 22.96700 109.66000
 7 8 21 04 13 37216.10000 47.20800000 2524.00000 130.85000 22.96700 109.66000
 7 8 21 04 13 37216.10000 47.20800000 2525.15000 130.80000 22.95800 109.66000
 7 8 21 04 14 37216.10000 47.20800000 2527.75000 130.77000 22.95800 109.66000
 7 8 21 04 14 37204.70000 47.20800000 2526.07000 130.58000 22.95800 109.66000
 7 8 21 04 15 37204.70000 47.20800000 2522.58000 130.75000 22.95800 109.66000
 7 8 21 04 15 37182.60000 47.20800000 2520.65000 130.75000 22.96900 109.66000
 7 8 21 04 16 37175.90000 47.20800000 2520.99000 130.58000 22.96900 109.66000
 7 8 21 04 16 37149.10000 46.98500000 2518.37000 130.58000 22.96900 109.53900
 7 8 21 04 16 37157.50000 46.98500000 2520.18000 130.58000 22.96900 109.53900
 7 8 21 04 17 37129.30000 46.98500000 2522.11000 130.58000 22.96900 109.53900
 7 8 21 04 17 37099.50000 46.98500000 2519.46000 130.44000 22.96900 109.53900
 7 8 21 04 18 37099.50000 46.98500000 2522.99000 130.44000 22.96900 109.40600
 7 8 21 04 18 37139.40000 47.02300000 2524.58000 130.44000 22.96900 109.40600
 7 8 21 04 19 37148.80000 47.02300000 2529.99000 130.44000 22.96900 109.40600
 7 8 21 04 19 37135.50000 47.02300000 2528.51000 130.56000 22.96900 109.40600
 7 8 21 04 19 37124.20000 47.02300000 2526.25000 130.56000 22.96900 109.49600
 7 8 21 04 20 37113.70000 47.02300000 2522.80000 130.56000 22.96900 109.49600
 7 8 21 04 20 37099.00000 47.02300000 2522.77000 130.40000 22.96900 109.49600
 7 8 21 04 21 37099.00000 47.02300000 2522.77000 130.40000 22.96900 109.49600
 7 8 21 04 21 37099.00000 47.02300000 2522.99000 130.40000 22.96900 109.49600
 7 8 21 04 22 37099.00000 47.02300000 2522.78000 130.40000 22.96900 109.49600
 7 8 21 04 22 37072.10000 47.02300000 2522.77000 130.40000 22.96900 109.29900
 7 8 21 04 23 37088.20000 47.02300000 2522.77000 130.40000 22.96900 109.29900
 7 8 21 04 23 37072.60000 47.02300000 2522.78000 130.41000 22.96900 109.20800
 7 8 21 04 23 37084.00000 47.02300000 2523.70000 130.41000 22.96900 109.20800
 7 8 21 04 24 37072.60000 47.02300000 2523.32000 130.41000 22.96900 109.20800
 7 8 21 04 24 37053.40000 47.02300000 2523.01000 130.41000 22.96900 109.20800
 7 8 21 04 25 37055.30000 47.02300000 2523.01000 130.41000 22.96900 109.20800
 7 8 21 04 25 37041.60000 47.01900000 2522.77000 130.41000 23.00100 109.20800
