M=[
26 2 21 06 30 37782.50000 8.64900000 1198.19000 139.03000 26.64800 96.80500
26 2 21 06 30 37848.50000 8.64900000 1198.68000 139.03000 26.64800 96.80500
26 2 21 06 31 37914.40000 8.60200000 1204.44000 139.39000 26.64800 96.80500
26 2 21 06 31 37892.60000 8.60200000 1201.52000 139.53000 26.64800 96.80500
26 2 21 06 31 37897.60000 8.60200000 1200.91000 139.35000 26.64800 96.80500
26 2 21 06 32 38000.50000 8.60200000 1204.88000 139.74000 26.64800 96.64100
26 2 21 06 32 38007.00000 8.60200000 1207.00000 140.36000 26.64800 96.64100
26 2 21 06 33 38065.10000 8.68300000 1207.00000 140.47000 26.64800 97.04200
26 2 21 06 33 37996.30000 8.68300000 1205.75000 140.41000 26.64800 97.04200
26 2 21 06 34 37988.30000 8.68300000 1206.44000 140.00000 26.64800 97.04200
26 2 21 06 34 37988.40000 8.68300000 1206.31000 139.67000 26.64800 97.23000
26 2 21 06 34 37929.20000 8.68300000 1205.49000 139.51000 26.64800 97.07100
26 2 21 06 35 37870.70000 8.68300000 1205.00000 139.51000 26.64800 97.07100
26 2 21 06 35 37848.90000 8.68300000 1205.48000 139.51000 26.64800 97.07100
26 2 21 06 36 37936.30000 8.68300000 1209.86000 139.57000 26.64800 97.12900
26 2 21 06 36 37993.00000 8.68300000 1210.39000 140.02000 26.64800 97.12900
26 2 21 06 37 38022.20000 8.68300000 1210.29000 140.49000 26.64800 97.12900
26 2 21 06 37 38067.80000 8.68300000 1209.82000 140.45000 26.64800 97.12900
26 2 21 06 37 38090.00000 8.69200000 1210.17000 140.57000 26.64800 97.12900
26 2 21 06 38 38090.20000 8.72300000 1209.97000 140.61000 26.64800 97.12900
26 2 21 06 38 38036.90000 8.72300000 1206.43000 140.01000 26.64800 97.12900
26 2 21 06 39 38001.50000 8.69200000 1205.31000 139.69000 26.64800 97.23000
26 2 21 06 39 37967.40000 8.69200000 1202.03000 139.52000 26.60000 97.23000
26 2 21 06 40 38073.00000 8.69100000 1207.33000 140.13000 26.60000 97.23000
26 2 21 06 40 38001.00000 8.69100000 1204.47000 140.27000 26.60000 97.23000
26 2 21 06 40 38127.80000 8.69100000 1208.61000 140.12000 26.60000 97.23000
26 2 21 06 41 38066.30000 8.69100000 1205.18000 140.21000 26.60000 97.23000
26 2 21 06 41 38047.30000 8.69100000 1204.70000 140.14000 26.60000 97.25300
26 2 21 06 42 38001.00000 8.69100000 1203.01000 139.90000 26.60000 97.30200
26 2 21 06 42 38036.50000 8.69100000 1205.65000 140.37000 26.60000 97.30200
26 2 21 06 43 38001.00000 8.69100000 1204.81000 140.25000 26.60000 97.21000
26 2 21 06 43 38042.10000 8.69100000 1205.00000 140.24000 26.60000 97.32500
26 2 21 06 43 38001.40000 8.69000000 1204.19000 140.21000 26.60000 97.32500
26 2 21 06 44 38001.10000 8.69000000 1203.75000 139.83000 26.60000 97.32500
26 2 21 06 44 37950.00000 8.69000000 1202.48000 139.80000 26.60000 97.32500
26 2 21 06 45 37969.70000 8.69000000 1203.20000 139.80000 26.60000 97.32500
26 2 21 06 45 37955.90000 8.69000000 1202.76000 139.72000 26.60000 97.32500
26 2 21 06 45 37936.30000 8.64500000 1202.95000 139.84000 26.60000 97.32500
26 2 21 06 46 37918.10000 8.64500000 1202.76000 139.84000 26.60000 97.32500
26 2 21 06 46 38000.80000 8.67800000 1205.97000 140.00000 26.60000 97.32500
26 2 21 06 47 38044.40000 8.67800000 1207.09000 140.41000 26.60000 97.32500
26 2 21 06 47 38039.90000 8.67800000 1208.47000 140.41000 26.60000 97.32500
26 2 21 06 48 38049.10000 8.67800000 1208.36000 140.33000 26.60000 97.32500
26 2 21 06 48 38000.10000 8.67800000 1206.41000 140.06000 26.60000 97.32500
26 2 21 06 48 38059.50000 8.67800000 1208.62000 140.58000 26.60000 97.32500
26 2 21 06 49 38081.30000 8.67800000 1210.21000 140.77000 26.60000 97.32500
26 2 21 06 49 38146.00000 8.67800000 1211.69000 140.84000 26.60000 97.32500
26 2 21 06 50 38108.50000 8.67800000 1211.73000 140.81000 26.60000 97.32500
26 2 21 06 50 38209.70000 8.67800000 1212.87000 141.09000 26.60000 97.32500
26 2 21 06 51 38210.30000 8.67800000 1213.67000 141.22000 26.60000 97.32500
26 2 21 06 51 38243.90000 8.67800000 1213.58000 141.22000 26.60000 97.32500
26 2 21 06 51 38256.90000 8.67800000 1214.02000 141.49000 26.60000 97.32500
26 2 21 06 52 38232.10000 8.75300000 1212.60000 141.15000 26.60000 97.84300
26 2 21 06 52 38250.10000 8.75300000 1213.35000 141.34000 26.60000 97.68200
26 2 21 06 53 38247.30000 8.75300000 1213.29000 141.09000 26.60000 97.68200
26 2 21 06 53 38183.00000 8.75300000 1211.42000 140.90000 26.60000 97.68200
26 2 21 06 54 38205.40000 8.75300000 1211.55000 140.90000 26.60000 97.68200
26 2 21 06 54 38151.30000 8.75300000 1209.40000 140.87000 26.60000 97.68200
26 2 21 06 54 38137.50000 8.74500000 1209.19000 140.87000 26.60000 97.68200
26 2 21 06 55 38169.60000 8.74500000 1210.75000 140.77000 26.60000 97.68200
26 2 21 06 55 38104.00000 8.74500000 1208.49000 140.44000 26.60000 97.68200
26 2 21 06 56 38050.60000 8.74500000 1207.40000 140.07000 26.60000 97.27500
26 2 21 06 56 38091.10000 8.74500000 1209.01000 140.04000 26.60000 97.25400
26 2 21 06 57 38142.80000 8.74500000 1210.41000 140.75000 26.60000 97.25400
26 2 21 06 57 38111.30000 8.74500000 1209.21000 140.20000 26.60000 97.25400
26 2 21 06 57 38050.70000 8.74500000 1207.70000 140.06000 26.60000 97.30200
26 2 21 06 58 38001.00000 8.74500000 1206.77000 139.78000 26.60000 97.30200
26 2 21 06 58 38074.20000 8.74500000 1207.26000 139.95000 26.60000 97.30200
26 2 21 06 59 38056.40000 8.74500000 1207.81000 140.18000 26.60000 97.30200
26 2 21 06 59 38025.60000 8.74500000 1206.32000 139.98000 26.60000 97.30200
26 2 21 07 00 38019.90000 8.74500000 1206.00000 139.79000 26.60000 97.15100
26 2 21 07 00 38046.00000 8.74500000 1206.48000 139.52000 26.60000 97.15100
26 2 21 07 00 38062.80000 8.74500000 1206.87000 139.52000 26.60000 97.15100
26 2 21 07 01 38186.00000 8.74500000 1210.71000 140.51000 26.60000 97.15100
26 2 21 07 01 38180.50000 8.74500000 1211.78000 140.47000 26.60000 97.15100
26 2 21 07 02 38164.50000 8.74500000 1211.15000 139.85000 26.60000 97.40800
26 2 21 07 02 38152.60000 8.74500000 1209.66000 139.79000 26.60000 97.40800
26 2 21 07 03 38108.80000 8.74500000 1210.08000 139.83000 26.60000 97.40800
26 2 21 07 03 38108.90000 8.74500000 1208.87000 140.28000 26.60000 97.40800
26 2 21 07 03 38140.00000 8.74200000 1209.81000 140.29000 26.60000 97.32000
26 2 21 07 04 38195.20000 8.74200000 1211.76000 140.35000 26.60000 97.40200
26 2 21 07 04 38283.10000 8.74200000 1212.72000 140.54000 26.60000 97.40200
26 2 21 07 05 38212.40000 8.74200000 1212.17000 140.54000 26.60000 97.40200
26 2 21 07 05 38247.10000 8.74200000 1213.34000 140.76000 26.60000 97.40200
26 2 21 07 06 38211.50000 8.74200000 1212.42000 140.89000 26.60000 97.55200
26 2 21 07 06 38224.50000 8.74200000 1211.87000 140.85000 26.60000 97.55200
26 2 21 07 06 38227.90000 8.71900000 1210.38000 140.53000 26.60000 97.55200
26 2 21 07 07 38250.00000 8.71900000 1210.38000 140.83000 26.60000 97.55200
26 2 21 07 07 38271.70000 8.71900000 1212.19000 140.83000 26.60000 97.55200
26 2 21 07 08 38271.70000 8.71900000 1210.91000 140.85000 26.60000 97.55200
26 2 21 07 08 38254.20000 8.71900000 1210.74000 140.85000 26.60000 97.55200
26 2 21 07 09 38264.00000 8.71900000 1210.58000 140.97000 26.60000 97.55200
26 2 21 07 09 38302.50000 8.71900000 1212.20000 140.97000 26.60000 97.55200
26 2 21 07 09 38295.00000 8.71900000 1211.18000 140.97000 26.60000 97.46500
26 2 21 07 10 38282.50000 8.71900000 1211.97000 140.97000 26.60000 97.46500
26 2 21 07 10 38230.20000 8.71900000 1210.84000 141.06000 26.60000 97.55700
26 2 21 07 11 38218.90000 8.71900000 1210.10000 140.83000 26.60000 97.55700
26 2 21 07 11 38190.10000 8.71900000 1209.32000 140.51000 26.60000 97.55700
26 2 21 07 12 38150.60000 8.71900000 1209.32000 140.30000 26.65200 97.55700
26 2 21 07 12 38141.00000 8.67400000 1208.13000 140.30000 26.65200 97.55700
26 2 21 07 12 38123.10000 8.67400000 1207.75000 140.16000 26.65200 97.33300
26 2 21 07 13 38138.90000 8.67400000 1207.38000 140.35000 26.65200 97.33300
26 2 21 07 13 38127.90000 8.67400000 1206.29000 140.35000 26.65200 97.33300
26 2 21 07 14 38146.30000 8.67400000 1205.68000 140.06000 26.65200 97.33300
26 2 21 07 14 38069.70000 8.67400000 1203.02000 139.97000 26.65200 97.33300
