M=[
17 2 21 08 12 42192.20000 12.20100000 1492.17000 180.33000 32.45100 129.67600
17 2 21 08 12 42150.00000 12.20100000 1492.18000 180.41000 32.45100 129.67600
17 2 21 08 13 42137.20000 12.20100000 1491.07000 180.26000 32.45100 129.67600
17 2 21 08 13 42070.10000 12.20100000 1490.01000 180.01000 32.45100 129.11400
17 2 21 08 14 42077.80000 12.20100000 1490.90000 180.16000 32.45100 129.22600
17 2 21 08 14 42118.90000 12.20100000 1490.97000 180.25000 32.45100 129.22600
17 2 21 08 15 42123.70000 12.20100000 1491.34000 180.36000 32.45100 129.22600
17 2 21 08 15 42130.10000 12.20100000 1491.99000 180.36000 32.45100 129.22600
17 2 21 08 16 42122.40000 12.21300000 1492.00000 180.20000 32.45100 129.22600
17 2 21 08 16 42070.10000 12.18200000 1490.90000 180.00000 32.45100 129.22600
17 2 21 08 16 42027.20000 12.17400000 1490.00000 180.00000 32.45100 129.22600
17 2 21 08 17 42051.60000 12.17200000 1488.43000 179.91000 32.45100 129.22600
17 2 21 08 17 41950.70000 12.17200000 1486.06000 179.80000 32.45100 129.22600
17 2 21 08 18 42026.00000 12.14100000 1485.97000 179.81000 32.45100 129.22600
17 2 21 08 18 42020.90000 12.14100000 1485.22000 179.61000 32.45100 129.22600
17 2 21 08 18 41989.40000 12.15300000 1483.07000 179.43000 32.45100 129.22600
17 2 21 08 19 42037.80000 12.15300000 1483.86000 179.47000 32.45100 129.22600
17 2 21 08 19 42027.90000 12.13500000 1483.92000 179.57000 32.45100 129.22600
17 2 21 08 20 42036.80000 12.13000000 1484.18000 179.63000 32.45100 129.22600
17 2 21 08 20 42016.40000 12.13000000 1483.86000 179.58000 32.45000 129.22600
17 2 21 08 21 42028.20000 12.13000000 1484.36000 179.76000 32.45000 128.49600
17 2 21 08 21 42014.20000 12.13200000 1484.98000 179.81000 32.45000 128.60100
17 2 21 08 21 42004.40000 12.13000000 1485.30000 179.81000 32.45000 128.60100
17 2 21 08 22 42012.80000 12.10000000 1485.98000 179.81000 32.45000 128.32700
17 2 21 08 22 42000.10000 12.02700000 1483.78000 179.70000 32.45000 128.32700
17 2 21 08 23 42009.60000 12.02700000 1484.40000 179.70000 32.45000 128.24100
17 2 21 08 23 42012.40000 12.02700000 1485.25000 179.70000 32.45000 128.24100
17 2 21 08 24 42012.40000 12.02700000 1486.04000 179.81000 32.45000 128.06900
17 2 21 08 24 42015.50000 12.02700000 1486.04000 179.81000 32.74700 128.06900
17 2 21 08 24 42000.00000 12.02700000 1485.64000 179.81000 32.45100 128.06900
17 2 21 08 25 42005.70000 12.13300000 1485.56000 179.99000 32.77800 128.23200
17 2 21 08 25 42005.80000 12.13300000 1485.48000 179.93000 32.77800 128.24000
17 2 21 08 26 42012.30000 12.13300000 1485.48000 180.06000 32.45000 128.24000
17 2 21 08 26 42024.90000 12.11300000 1485.48000 180.05000 32.17000 128.24000
17 2 21 08 27 42039.20000 12.11300000 1486.56000 180.00000 32.17000 128.24000
17 2 21 08 27 42109.90000 12.11300000 1487.72000 180.31000 32.17000 128.16500
17 2 21 08 27 42160.00000 12.11300000 1488.61000 180.50000 32.17000 128.16500
17 2 21 08 28 42142.30000 12.11300000 1488.07000 180.74000 32.17100 128.68700
17 2 21 08 28 42169.80000 12.11300000 1489.26000 180.78000 32.17100 128.68700
17 2 21 08 29 42169.90000 12.11300000 1489.59000 180.78000 32.17100 128.85200
17 2 21 08 29 42170.60000 12.11300000 1489.86000 180.50000 32.17100 128.85200
17 2 21 08 30 42185.30000 12.11300000 1489.99000 180.51000 32.17100 128.85200
17 2 21 08 30 42199.90000 12.11300000 1490.00000 180.51000 32.17100 128.85200
17 2 21 08 30 42208.10000 12.11300000 1490.00000 180.49000 32.17100 128.85200
17 2 21 08 31 42222.90000 12.11300000 1493.50000 180.81000 32.17100 128.85200
17 2 21 08 31 42220.90000 12.11300000 1495.00000 180.80000 32.17100 128.85200
17 2 21 08 32 42066.70000 12.11300000 1494.16000 180.86000 32.17100 128.85200
17 2 21 08 32 42195.10000 12.11300000 1494.04000 180.86000 32.17100 128.85200
17 2 21 08 33 42192.90000 12.11300000 1494.04000 181.30000 32.17100 128.85200
17 2 21 08 33 42209.50000 12.11300000 1494.04000 181.50000 32.17100 128.80400
17 2 21 08 33 42213.50000 12.11300000 1493.86000 181.67000 32.17100 128.80400
17 2 21 08 34 42208.20000 12.11300000 1493.59000 181.84000 32.17000 128.80400
17 2 21 08 34 42205.00000 12.16200000 1493.51000 181.88000 32.17000 128.80400
17 2 21 08 35 42210.70000 12.16200000 1492.34000 181.89000 32.49200 128.80400
17 2 21 08 35 42210.70000 12.16200000 1493.49000 181.99000 32.49200 128.80400
17 2 21 08 36 42210.70000 12.16200000 1493.49000 182.00000 32.49200 128.80400
17 2 21 08 36 42237.00000 12.16200000 1493.50000 182.29000 32.49200 129.25600
17 2 21 08 36 42249.90000 12.16200000 1494.47000 182.27000 32.49200 129.25600
17 2 21 08 37 42246.40000 12.24500000 1494.16000 182.17000 32.49200 129.25600
17 2 21 08 37 42254.60000 12.24500000 1494.98000 181.88000 32.49700 129.25600
17 2 21 08 38 42250.00000 12.17600000 1494.99000 181.99000 32.49700 129.43600
17 2 21 08 38 42286.30000 12.17600000 1495.00000 182.08000 32.49700 129.43600
17 2 21 08 39 42285.00000 12.17600000 1495.61000 182.19000 32.49700 129.43600
17 2 21 08 39 42351.10000 12.17600000 1496.12000 182.30000 32.49700 129.43600
17 2 21 08 39 42369.60000 12.17600000 1496.50000 182.37000 32.49700 129.43600
17 2 21 08 40 42382.80000 12.17600000 1496.35000 182.31000 32.17000 129.43600
17 2 21 08 40 42384.50000 12.18500000 1495.30000 182.23000 32.17000 129.43600
17 2 21 08 41 42388.90000 12.18500000 1495.30000 182.25000 32.00000 129.43600
17 2 21 08 41 42378.70000 12.18500000 1495.30000 182.23000 32.00000 129.43600
17 2 21 08 42 42393.50000 12.18500000 1495.31000 182.44000 32.00000 129.43600
17 2 21 08 42 42367.70000 12.18500000 1493.16000 182.02000 32.00000 129.43600
17 2 21 08 42 42349.10000 12.18500000 1492.80000 181.76000 32.00000 129.43600
17 2 21 08 43 42300.00000 12.18500000 1492.78000 181.45000 32.00000 129.43600
17 2 21 08 43 42300.00000 12.18500000 1491.29000 181.29000 32.15800 129.47800
17 2 21 08 44 42343.10000 12.18500000 1492.80000 181.75000 32.15800 129.64000
17 2 21 08 44 42316.80000 12.18500000 1492.80000 181.22000 32.15800 129.64000
17 2 21 08 45 42319.60000 12.18500000 1492.75000 181.40000 32.15800 129.64000
17 2 21 08 45 42258.40000 12.18500000 1492.75000 181.13000 32.15800 129.64000
17 2 21 08 45 42231.70000 12.18500000 1492.75000 180.98000 32.15800 129.36400
17 2 21 08 46 42179.20000 12.17900000 1492.00000 180.86000 32.15800 129.36400
17 2 21 08 46 42224.90000 12.17900000 1490.74000 180.89000 32.37500 129.36400
17 2 21 08 47 42281.10000 12.17900000 1490.59000 181.06000 32.37500 129.36400
17 2 21 08 47 42277.30000 12.21500000 1491.82000 181.34000 32.37500 129.29400
17 2 21 08 48 42286.50000 12.21500000 1492.80000 181.22000 32.37500 129.29200
17 2 21 08 48 42282.10000 12.21500000 1492.79000 181.31000 32.37500 129.28800
17 2 21 08 48 42293.30000 12.21500000 1492.79000 181.48000 32.37500 129.28800
17 2 21 08 49 42293.30000 12.21500000 1493.80000 181.51000 32.37500 129.28800
17 2 21 08 49 42292.90000 12.29100000 1493.99000 181.55000 32.15900 129.36400
17 2 21 08 50 42291.10000 12.17700000 1493.81000 181.67000 32.15900 129.36400
17 2 21 08 50 42224.00000 12.17700000 1492.79000 181.50000 32.15900 129.55200
17 2 21 08 51 42244.80000 12.17700000 1491.91000 181.49000 32.15900 129.59700
17 2 21 08 51 42204.90000 12.13500000 1492.55000 181.49000 32.15900 129.59700
17 2 21 08 51 42235.50000 12.13500000 1493.25000 181.59000 32.15900 129.59700
17 2 21 08 52 42244.10000 12.13500000 1493.04000 181.62000 32.15900 129.59700
17 2 21 08 52 42206.80000 12.13500000 1491.86000 181.66000 32.15900 129.15000
17 2 21 08 53 42235.80000 12.13500000 1491.60000 181.67000 32.15900 129.15000
17 2 21 08 53 42250.90000 12.13500000 1492.98000 182.23000 32.15900 129.15000
17 2 21 08 54 42233.70000 12.13500000 1492.24000 182.30000 32.37500 129.35900
17 2 21 08 54 42273.20000 12.13500000 1491.86000 182.66000 32.37500 129.35900
17 2 21 08 54 42267.70000 12.13500000 1491.63000 182.56000 32.16100 129.35900
17 2 21 08 55 42269.70000 12.19800000 1492.41000 182.72000 32.16100 129.35900
17 2 21 08 55 42276.30000 12.19800000 1493.04000 182.56000 32.16000 129.35900
