M=[
27 7 21 14 56 32352.70000 41.39100000 1929.07000 113.04000 23.00400 86.24600
27 7 21 14 56 32371.40000 41.39100000 1930.01000 113.04000 23.00400 86.24600
27 7 21 14 57 32369.30000 41.39100000 1931.00000 113.04000 23.00400 86.24600
27 7 21 14 57 32399.90000 41.52500000 1931.01000 113.04000 23.00400 86.24600
27 7 21 14 58 32379.50000 41.52500000 1931.23000 113.04000 23.00400 86.24600
27 7 21 14 58 32400.00000 41.52500000 1931.13000 112.88000 23.00400 86.24600
27 7 21 14 58 32403.90000 41.52500000 1931.46000 112.88000 23.00400 86.24600
27 7 21 14 59 32391.50000 41.49500000 1930.16000 112.88000 23.00400 86.24600
27 7 21 14 59 32391.60000 41.49500000 1930.65000 112.87000 23.00400 86.24600
27 7 21 15 00 32392.00000 41.48600000 1931.52000 112.90000 23.00400 86.24600
27 7 21 15 00 32350.10000 41.48600000 1928.11000 112.88000 23.00400 86.27800
27 7 21 15 01 32302.30000 41.48600000 1927.00000 112.72000 23.00400 86.27800
27 7 21 15 01 32303.20000 41.39800000 1927.15000 112.69000 23.00400 86.27800
27 7 21 15 01 32400.80000 41.39800000 1932.84000 113.07000 23.00400 86.27800
27 7 21 15 02 32463.80000 41.62800000 1934.93000 113.45000 23.00400 86.24800
27 7 21 15 02 32444.90000 41.62800000 1935.51000 113.45000 23.00400 86.24800
27 7 21 15 03 32440.10000 41.62800000 1934.30000 113.45000 23.00400 86.24800
27 7 21 15 03 32469.40000 41.62800000 1933.75000 113.31000 23.00400 86.24800
27 7 21 15 04 32400.10000 41.62800000 1933.47000 113.13000 23.00400 86.24800
27 7 21 15 04 32369.20000 41.62800000 1931.54000 113.13000 23.00400 86.19400
27 7 21 15 05 32389.70000 41.62800000 1931.99000 113.12000 23.00400 86.19400
27 7 21 15 05 32434.40000 41.62800000 1932.74000 113.23000 23.00400 86.19400
27 7 21 15 05 32433.60000 41.62800000 1932.74000 113.19000 23.00400 86.19400
27 7 21 15 06 32422.70000 41.62800000 1935.84000 113.20000 23.00400 86.19400
27 7 21 15 06 32422.80000 41.62800000 1936.28000 113.20000 23.00400 86.19400
27 7 21 15 07 32450.00000 41.62800000 1934.45000 113.26000 23.00400 86.19400
27 7 21 15 07 32494.90000 41.62800000 1937.00000 113.37000 23.00400 86.19400
27 7 21 15 08 32493.20000 41.62800000 1936.98000 113.37000 23.00400 86.57600
27 7 21 15 08 32500.00000 41.52100000 1937.80000 113.37000 23.00400 86.57600
27 7 21 15 08 32515.30000 41.52100000 1938.67000 113.37000 23.00400 86.57600
27 7 21 15 09 32526.40000 41.52100000 1939.99000 113.37000 23.00200 86.57600
27 7 21 15 09 32495.70000 41.52100000 1938.09000 113.37000 23.00200 86.57600
27 7 21 15 10 32475.50000 41.52100000 1938.00000 113.28000 23.00200 86.57600
27 7 21 15 10 32493.00000 41.52100000 1938.49000 113.28000 22.99400 86.57600
27 7 21 15 11 32508.10000 41.58000000 1940.99000 113.41000 22.99400 86.57600
27 7 21 15 11 32542.30000 41.58000000 1939.48000 113.37000 22.99400 86.57600
27 7 21 15 11 32542.60000 41.58000000 1940.47000 113.40000 22.99400 86.57600
27 7 21 15 12 32566.00000 41.69000000 1941.00000 113.48000 22.99400 86.57600
27 7 21 15 12 32577.40000 41.69000000 1942.00000 113.43000 22.99400 86.73200
27 7 21 15 13 32577.30000 41.69000000 1942.00000 113.45000 22.99400 86.73200
27 7 21 15 13 32612.30000 41.69000000 1942.00000 113.45000 22.84900 86.73200
27 7 21 15 14 32616.00000 41.69000000 1942.26000 113.51000 22.84900 86.82600
27 7 21 15 14 32598.20000 41.69000000 1942.02000 113.57000 22.84900 86.83300
27 7 21 15 15 32612.00000 41.69000000 1943.85000 113.57000 22.84900 86.83300
27 7 21 15 15 32538.00000 41.69000000 1939.64000 113.51000 22.84900 86.83300
27 7 21 15 15 32535.50000 41.69000000 1940.36000 113.51000 22.84900 86.83300
27 7 21 15 16 32573.40000 41.69000000 1941.25000 113.51000 22.84900 86.83300
27 7 21 15 16 32552.60000 41.69000000 1940.26000 113.51000 22.84900 86.83300
27 7 21 15 17 32559.70000 41.69000000 1940.41000 113.51000 22.84900 86.83300
27 7 21 15 17 32547.00000 41.69000000 1938.88000 113.51000 22.84900 86.83300
27 7 21 15 18 32521.70000 41.69000000 1938.00000 113.51000 22.84900 86.83300
27 7 21 15 18 32555.70000 41.69000000 1940.72000 113.51000 22.84900 86.83300
27 7 21 15 18 32523.70000 41.69000000 1939.52000 113.51000 22.84900 86.83300
27 7 21 15 19 32506.50000 41.69000000 1937.04000 113.51000 22.84900 86.83300
27 7 21 15 19 32463.10000 41.60000000 1935.88000 113.25000 22.84900 86.83300
27 7 21 15 20 32450.60000 41.60000000 1937.76000 113.23000 22.84900 86.83300
27 7 21 15 20 32442.00000 41.60000000 1937.43000 113.23000 22.84900 86.83300
27 7 21 15 21 32439.80000 41.60000000 1936.61000 113.16000 22.84900 86.69300
27 7 21 15 21 32438.80000 41.60000000 1937.13000 113.16000 22.84900 86.69300
27 7 21 15 21 32416.00000 41.60000000 1934.23000 113.16000 22.98600 86.69300
27 7 21 15 22 32411.10000 41.60000000 1935.45000 113.08000 22.98600 86.69300
27 7 21 15 22 32400.10000 41.60000000 1934.06000 113.03000 22.98600 86.69300
27 7 21 15 23 32399.60000 41.60000000 1932.65000 112.99000 22.98600 86.69300
27 7 21 15 23 32432.20000 41.60000000 1932.99000 112.99000 22.98600 86.69300
27 7 21 15 24 32422.90000 41.60000000 1932.73000 112.99000 22.98600 86.69300
27 7 21 15 24 32428.60000 41.60000000 1933.43000 112.99000 22.98600 86.69300
27 7 21 15 25 32421.90000 41.60000000 1934.42000 113.06000 22.98600 86.69300
27 7 21 15 25 32475.70000 41.60000000 1936.59000 113.06000 22.98600 86.69300
27 7 21 15 25 32434.20000 41.60000000 1934.38000 113.06000 22.98600 86.69300
27 7 21 15 26 32401.90000 41.35000000 1933.50000 113.06000 22.98600 86.69300
27 7 21 15 26 32376.40000 41.25400000 1930.51000 113.06000 22.98600 86.69300
27 7 21 15 27 32387.50000 41.25400000 1929.65000 113.06000 22.98600 86.69300
27 7 21 15 27 32400.00000 41.25400000 1931.88000 113.18000 22.98600 86.69300
27 7 21 15 28 32400.00000 41.25400000 1931.88000 113.18000 22.98600 86.69300
27 7 21 15 28 32386.00000 41.25400000 1930.88000 113.07000 22.98600 86.69300
27 7 21 15 28 32383.90000 41.25400000 1928.47000 113.07000 22.98600 86.69300
27 7 21 15 29 32389.60000 41.25400000 1929.75000 113.07000 22.98600 86.69300
27 7 21 15 29 32414.40000 41.25400000 1929.75000 113.07000 22.98600 86.69300
27 7 21 15 30 32454.70000 41.25400000 1931.30000 113.07000 22.98600 86.69300
27 7 21 15 30 32427.70000 41.25400000 1931.57000 113.07000 22.98600 86.56300
27 7 21 15 31 32412.40000 41.25400000 1931.57000 113.07000 22.98600 86.56300
27 7 21 15 31 32400.00000 41.25400000 1928.87000 113.07000 22.98600 86.56300
27 7 21 15 31 32337.40000 41.25400000 1923.75000 112.78000 22.98600 86.56300
27 7 21 15 32 32290.10000 41.25400000 1916.07000 112.68000 22.98600 85.98300
27 7 21 15 32 32265.30000 41.25400000 1916.07000 112.52000 22.98600 85.85000
27 7 21 15 33 32235.10000 41.25400000 1921.19000 112.56000 22.98600 85.85000
27 7 21 15 33 32235.50000 41.25400000 1918.91000 112.56000 22.98600 85.85000
27 7 21 15 34 32281.00000 41.25400000 1919.53000 112.56000 22.98600 85.85000
27 7 21 15 34 32291.00000 41.25400000 1922.48000 112.56000 22.98600 85.85000
27 7 21 15 34 32294.30000 41.25400000 1920.97000 112.56000 22.98600 85.85000
27 7 21 15 35 32342.80000 41.25400000 1921.00000 112.56000 22.98600 85.85000
27 7 21 15 35 32330.10000 41.25400000 1923.52000 112.85000 22.98600 85.85000
27 7 21 15 36 32351.90000 41.25400000 1923.09000 112.85000 22.98600 85.85000
27 7 21 15 36 32350.90000 41.25400000 1923.99000 112.85000 22.98600 85.85000
27 7 21 15 37 32351.00000 41.25400000 1923.28000 112.63000 22.98600 85.85000
27 7 21 15 37 32347.10000 41.25400000 1921.90000 112.63000 22.98600 85.85000
27 7 21 15 37 32330.00000 41.25400000 1921.38000 112.63000 22.98600 85.88900
27 7 21 15 38 32278.40000 41.25400000 1918.00000 112.59000 22.98600 85.88900
27 7 21 15 38 32253.90000 41.25400000 1916.46000 112.57000 22.98600 85.88900
27 7 21 15 39 32250.10000 41.25400000 1916.46000 112.57000 22.98600 85.88900
27 7 21 15 39 32201.00000 41.25400000 1918.21000 112.44000 22.98600 85.88900
27 7 21 15 40 32197.50000 41.25400000 1917.40000 112.44000 22.98600 85.88900
27 7 21 15 40 32202.10000 41.25400000 1918.40000 112.64000 22.98600 85.88900
