M=[
 1 6 21 06 41 30160.00000 56.18600000 2167.11000 150.76000 24.40000 128.90000
 1 6 21 06 41 30176.80000 56.18600000 2167.11000 150.87000 24.40000 128.90000
 1 6 21 06 41 30182.10000 56.18600000 2168.17000 150.98000 24.40000 128.90000
 1 6 21 06 42 30182.00000 56.18600000 2168.15000 150.80000 24.40000 128.90000
 1 6 21 06 42 30152.30000 56.18600000 2167.11000 150.71000 24.40000 128.90000
 1 6 21 06 43 30151.70000 56.18600000 2167.12000 150.57000 24.40000 128.90000
 1 6 21 06 43 30152.20000 56.18600000 2167.12000 150.57000 24.40000 128.90000
 1 6 21 06 44 30155.10000 56.18600000 2169.00000 150.93000 24.40000 128.90000
 1 6 21 06 44 30183.10000 56.18600000 2171.85000 150.93000 24.40000 128.90000
 1 6 21 06 44 30188.10000 56.18600000 2170.46000 150.93000 24.40000 128.90000
 1 6 21 06 45 30143.40000 56.18600000 2168.27000 150.78000 24.40000 128.93000
 1 6 21 06 45 30098.30000 56.18600000 2167.00000 150.55000 24.40000 128.93000
 1 6 21 06 46 30099.90000 56.18600000 2167.00000 150.55000 24.40000 128.93000
 1 6 21 06 46 30104.00000 56.18600000 2167.00000 150.38000 24.40000 128.93000
 1 6 21 06 46 30123.80000 56.18600000 2167.00000 150.38000 24.40000 128.93000
 1 6 21 06 47 30182.40000 56.18600000 2170.74000 150.65000 24.40000 128.93000
 1 6 21 06 47 30182.30000 56.18600000 2170.62000 150.65000 24.40000 128.93000
 1 6 21 06 48 30154.80000 56.18600000 2171.71000 150.65000 24.40000 128.93000
 1 6 21 06 48 30167.70000 56.18600000 2171.92000 150.83000 24.40000 128.93000
 1 6 21 06 49 30181.70000 56.18600000 2172.98000 150.79000 24.40000 128.93000
 1 6 21 06 49 30178.60000 56.18600000 2172.19000 150.90000 24.40000 128.93000
 1 6 21 06 49 30182.50000 56.18600000 2172.14000 150.90000 24.40000 128.93000
 1 6 21 06 50 30148.50000 56.16300000 2169.01000 150.65000 24.40000 128.93000
 1 6 21 06 50 30172.70000 56.16300000 2168.20000 150.65000 24.40000 128.93000
 1 6 21 06 51 30169.90000 56.16300000 2168.27000 150.69000 24.40000 128.93000
 1 6 21 06 51 30172.50000 56.16300000 2169.60000 150.90000 24.40000 128.86000
 1 6 21 06 52 30182.00000 56.16300000 2169.60000 150.93000 24.40000 128.86000
 1 6 21 06 52 30164.30000 56.16300000 2168.13000 150.93000 24.40000 128.86000
 1 6 21 06 52 30191.40000 56.16300000 2168.13000 150.91000 24.40000 128.86000
 1 6 21 06 53 30227.90000 56.16300000 2172.63000 151.30000 24.40000 129.03000
 1 6 21 06 53 30233.90000 56.16300000 2172.08000 151.23000 24.40000 129.03000
 1 6 21 06 54 30221.70000 56.16300000 2170.89000 151.15000 24.40000 129.36200
 1 6 21 06 54 30196.30000 56.16300000 2170.89000 151.15000 24.40000 129.36200
 1 6 21 06 55 30214.70000 56.16300000 2172.91000 151.49000 24.40000 129.36200
 1 6 21 06 55 30239.00000 56.16300000 2177.64000 151.51000 24.40000 129.36200
 1 6 21 06 55 30245.10000 56.16300000 2177.89000 151.51000 24.40000 129.36200
 1 6 21 06 56 30215.60000 56.39500000 2175.71000 151.51000 24.40000 129.36200
 1 6 21 06 56 30230.60000 56.39500000 2177.72000 151.56000 24.40000 129.36200
 1 6 21 06 57 30244.90000 56.39500000 2177.89000 151.72000 24.40000 129.36200
 1 6 21 06 57 30249.00000 56.62100000 2177.89000 151.72000 24.40000 129.36200
 1 6 21 06 58 30254.30000 56.62100000 2177.88000 151.72000 24.40000 129.36200
 1 6 21 06 58 30245.10000 56.62100000 2177.88000 151.72000 24.40000 129.36200
 1 6 21 06 59 30253.00000 56.62100000 2177.89000 151.72000 24.40000 129.36200
 1 6 21 06 59 30249.30000 56.62100000 2177.88000 151.53000 24.40000 129.36200
 1 6 21 06 59 30249.30000 56.62100000 2175.00000 151.47000 24.40000 129.36200
 1 6 21 07 00 30249.30000 56.62100000 2176.45000 151.41000 24.40000 129.90000
 1 6 21 07 00 30251.30000 56.48500000 2176.77000 151.41000 24.40000 130.05400
 1 6 21 07 01 30255.50000 56.48500000 2176.77000 151.41000 24.40000 130.05400
 1 6 21 07 01 30274.80000 56.48500000 2179.71000 151.41000 24.40000 130.05400
 1 6 21 07 01 30307.70000 56.48500000 2183.02000 151.41000 24.40000 130.05400
 1 6 21 07 02 30335.00000 56.48500000 2185.54000 151.64000 24.40000 130.05400
 1 6 21 07 02 30343.90000 56.48500000 2184.66000 151.85000 24.40000 130.05400
 1 6 21 07 03 30347.80000 56.48500000 2187.51000 151.82000 24.40000 130.05400
 1 6 21 07 03 30377.90000 56.48500000 2191.60000 151.95000 24.40000 130.05400
 1 6 21 07 04 30422.80000 56.82000000 2192.81000 152.05000 24.40000 130.05400
 1 6 21 07 04 30411.60000 56.82000000 2192.58000 152.04000 24.40000 130.05400
 1 6 21 07 04 30414.40000 56.82000000 2191.01000 152.04000 24.40000 130.05400
 1 6 21 07 05 30393.80000 56.82000000 2190.00000 151.92000 24.40000 130.05400
 1 6 21 07 05 30375.00000 56.82000000 2187.01000 151.75000 24.40000 130.05400
 1 6 21 07 06 30351.30000 56.82000000 2185.67000 151.72000 24.40000 130.05400
 1 6 21 07 06 30325.50000 56.82000000 2185.15000 151.54000 24.40000 130.05400
 1 6 21 07 07 30306.50000 56.70900000 2182.34000 151.39000 24.40000 130.05400
 1 6 21 07 07 30317.60000 56.66100000 2184.12000 151.39000 24.40000 130.05400
 1 6 21 07 07 30328.90000 56.66100000 2186.82000 151.41000 24.40000 130.05400
 1 6 21 07 08 30334.00000 56.66100000 2185.00000 151.41000 24.40000 130.05400
 1 6 21 07 08 30334.00000 56.58000000 2186.77000 151.44000 24.40000 130.07000
 1 6 21 07 09 30302.90000 56.58000000 2186.66000 151.33000 24.50600 130.07000
 1 6 21 07 09 30309.40000 56.58000000 2185.84000 151.20000 24.50600 130.07000
 1 6 21 07 10 30327.50000 56.58000000 2186.31000 151.20000 24.50600 130.07000
 1 6 21 07 10 30291.30000 56.58000000 2184.05000 150.97000 24.50600 130.07000
 1 6 21 07 11 30241.80000 56.58000000 2180.01000 150.77000 24.50600 130.07000
 1 6 21 07 11 30164.50000 56.58000000 2172.92000 150.43000 24.50600 130.07000
 1 6 21 07 11 30156.00000 56.58000000 2172.90000 150.43000 24.50600 130.07000
 1 6 21 07 12 30165.00000 56.58000000 2171.83000 150.24000 24.50600 130.07000
 1 6 21 07 12 30139.30000 56.58000000 2170.54000 150.22000 24.50600 130.07000
 1 6 21 07 13 30151.20000 56.58000000 2172.58000 150.22000 24.50600 130.07000
 1 6 21 07 13 30162.30000 56.58000000 2171.10000 150.28000 24.50600 130.07000
 1 6 21 07 13 30162.40000 56.58000000 2171.38000 150.29000 24.50600 129.07900
 1 6 21 07 14 30218.80000 56.58000000 2174.00000 150.40000 24.50600 129.07900
 1 6 21 07 14 30205.80000 56.58000000 2174.08000 150.36000 24.50600 129.05900
 1 6 21 07 15 30168.30000 56.58000000 2173.00000 150.29000 24.50600 129.05900
 1 6 21 07 15 30140.60000 56.58000000 2169.43000 150.09000 24.50600 129.05900
 1 6 21 07 16 30159.70000 56.21200000 2168.92000 150.00000 24.50600 129.05900
 1 6 21 07 16 30144.00000 56.11700000 2168.11000 149.93000 24.50600 129.05900
 1 6 21 07 16 30157.30000 56.24000000 2168.00000 150.00000 24.50600 129.05900
 1 6 21 07 17 30175.30000 56.24000000 2170.51000 149.93000 24.50600 129.05900
 1 6 21 07 17 30178.70000 56.18200000 2169.99000 150.00000 24.50600 129.05900
 1 6 21 07 18 30156.00000 56.18200000 2169.60000 149.88000 24.50600 129.05900
 1 6 21 07 18 30159.70000 56.18200000 2170.66000 149.93000 24.50600 129.05900
 1 6 21 07 19 30142.90000 56.18200000 2169.89000 149.74000 24.50600 129.05900
 1 6 21 07 19 30133.10000 56.18200000 2168.13000 149.51000 24.50600 128.58000
 1 6 21 07 19 30137.50000 56.18200000 2167.04000 149.54000 24.50600 128.58000
 1 6 21 07 20 30169.80000 56.18200000 2168.05000 149.54000 24.50600 128.58000
 1 6 21 07 20 30173.80000 56.18200000 2171.26000 149.92000 24.50600 128.66100
 1 6 21 07 21 30185.20000 56.18200000 2173.28000 149.94000 24.50600 128.66100
 1 6 21 07 21 30212.40000 56.18200000 2173.32000 150.00000 24.50600 128.66100
 1 6 21 07 22 30196.00000 56.18200000 2170.00000 150.04000 24.50600 128.66100
 1 6 21 07 22 30186.80000 56.18200000 2169.66000 150.04000 24.50600 128.66100
 1 6 21 07 22 30174.90000 56.18200000 2169.37000 149.93000 24.50600 128.66100
 1 6 21 07 23 30159.30000 56.18200000 2169.37000 149.79000 24.50600 128.66100
 1 6 21 07 23 30174.90000 56.18200000 2171.22000 149.90000 24.50600 128.82100
 1 6 21 07 24 30189.70000 56.18200000 2172.31000 150.12000 24.50600 128.82100
