M=[
22 3 21 16 43 47316.00000 10.19100000 1480.50000 162.85000 30.08800 122.50700
22 3 21 16 43 47292.70000 10.19100000 1480.46000 162.85000 30.08800 122.50700
22 3 21 16 43 47349.30000 10.19100000 1480.11000 162.92000 30.08800 122.50700
22 3 21 16 44 47351.40000 10.19100000 1480.62000 162.92000 30.08800 122.50700
22 3 21 16 44 47429.50000 10.19100000 1481.70000 163.20000 30.08800 122.50700
22 3 21 16 45 47390.20000 10.19100000 1482.06000 163.42000 30.08800 122.96100
22 3 21 16 45 47462.30000 10.19100000 1482.07000 163.42000 30.08800 122.96100
22 3 21 16 46 47487.00000 10.19100000 1482.82000 163.60000 30.08800 122.96100
22 3 21 16 46 47487.00000 10.19100000 1483.48000 163.60000 30.08800 122.98100
22 3 21 16 46 47492.20000 10.19100000 1482.44000 163.62000 30.08800 122.98100
22 3 21 16 47 47489.60000 10.19100000 1482.58000 163.65000 30.08800 122.98100
22 3 21 16 47 47497.60000 10.19100000 1483.15000 163.56000 30.08800 122.98100
22 3 21 16 48 47510.00000 10.19100000 1484.03000 163.67000 30.08800 122.98100
22 3 21 16 48 47498.10000 10.19100000 1484.31000 163.65000 30.48000 123.33900
22 3 21 16 49 47554.50000 10.19100000 1484.03000 163.64000 30.45500 123.33900
22 3 21 16 49 47551.50000 10.19100000 1485.49000 163.62000 30.45500 123.33900
22 3 21 16 49 47561.30000 10.19100000 1484.67000 163.62000 30.29600 123.33900
22 3 21 16 50 47582.90000 10.21600000 1485.71000 163.62000 30.33400 123.33900
22 3 21 16 50 47596.20000 10.21600000 1486.40000 163.62000 30.33400 123.42400
22 3 21 16 51 47590.10000 10.21600000 1486.31000 163.62000 30.05800 123.42400
22 3 21 16 51 47570.00000 10.21600000 1486.39000 163.62000 30.05800 123.31800
22 3 21 16 52 47524.20000 10.21600000 1485.61000 163.62000 30.48200 123.31800
22 3 21 16 52 47524.00000 10.21600000 1485.36000 163.63000 30.48500 123.31800
22 3 21 16 52 47556.60000 10.22000000 1485.99000 163.67000 30.35300 123.18900
22 3 21 16 53 47553.00000 10.22000000 1485.77000 163.67000 30.48500 123.18900
22 3 21 16 53 47560.10000 10.22000000 1486.13000 163.67000 30.48500 123.18900
22 3 21 16 54 47559.30000 10.22000000 1486.01000 163.67000 30.48500 123.18900
22 3 21 16 54 47550.00000 10.22000000 1486.27000 163.67000 30.48500 123.18900
22 3 21 16 55 47528.70000 10.22000000 1486.05000 163.67000 30.48500 123.18900
22 3 21 16 55 47535.10000 10.22000000 1486.06000 163.72000 30.48500 123.18900
22 3 21 16 55 47554.00000 10.22000000 1486.20000 163.72000 30.48500 123.18900
22 3 21 16 56 47533.30000 10.22000000 1486.40000 163.72000 30.48500 123.18900
22 3 21 16 56 47546.10000 10.22000000 1486.37000 163.72000 30.48500 123.18900
22 3 21 16 57 47530.10000 10.22000000 1486.40000 163.64000 30.48500 123.18900
22 3 21 16 57 47527.30000 10.22000000 1486.40000 163.64000 30.48500 123.18900
22 3 21 16 58 47511.70000 10.22000000 1486.39000 163.64000 30.48500 123.15400
22 3 21 16 58 47503.40000 10.22000000 1485.78000 163.44000 30.48500 123.15400
22 3 21 16 58 47544.80000 10.22000000 1486.20000 163.58000 30.48000 123.15400
22 3 21 16 59 47559.10000 10.22000000 1487.54000 163.58000 30.35300 123.15400
22 3 21 16 59 47632.20000 10.22000000 1487.54000 163.58000 30.35300 123.15400
22 3 21 17 00 47544.30000 10.22000000 1487.51000 163.77000 30.35300 123.15400
22 3 21 17 00 47536.30000 10.22000000 1486.68000 163.55000 30.35300 123.15400
22 3 21 17 01 47534.50000 10.22000000 1485.80000 163.50000 30.35300 123.15400
22 3 21 17 01 47569.20000 10.22000000 1486.39000 163.63000 30.35300 123.15400
22 3 21 17 01 47612.50000 10.22000000 1486.68000 163.64000 30.35300 123.48600
22 3 21 17 02 47573.30000 10.22000000 1486.67000 163.74000 30.35300 123.48600
22 3 21 17 02 47587.10000 10.22000000 1486.61000 163.59000 30.48200 123.48600
22 3 21 17 03 47553.70000 10.22000000 1485.70000 163.59000 30.48200 123.48600
22 3 21 17 03 47554.70000 10.22000000 1486.32000 163.59000 30.48200 123.48600
22 3 21 17 04 47563.30000 10.22000000 1485.78000 163.60000 30.48200 123.48600
22 3 21 17 04 47523.40000 10.27400000 1485.70000 163.58000 30.48200 123.48600
22 3 21 17 04 47528.70000 10.27400000 1485.15000 163.58000 30.48300 123.48600
22 3 21 17 05 47563.10000 10.27400000 1485.79000 163.64000 30.48300 123.48600
22 3 21 17 05 47527.30000 10.27400000 1485.79000 163.64000 30.48300 123.48600
22 3 21 17 06 47500.10000 10.27400000 1485.14000 163.64000 30.13300 123.48600
22 3 21 17 06 47483.30000 10.27400000 1485.01000 163.46000 30.48200 123.48600
22 3 21 17 07 47486.00000 10.25500000 1484.20000 163.36000 30.48200 123.48600
22 3 21 17 07 47534.40000 10.25500000 1484.19000 163.36000 30.48200 123.48600
22 3 21 17 07 47542.90000 10.25500000 1484.19000 163.36000 30.48200 123.17700
22 3 21 17 08 47542.90000 10.25500000 1484.19000 163.36000 30.48200 123.17700
22 3 21 17 08 47557.60000 10.25500000 1484.20000 163.36000 30.48200 123.17700
22 3 21 17 09 47549.50000 10.25500000 1484.20000 163.56000 30.48200 123.17700
22 3 21 17 09 47549.60000 10.25500000 1484.20000 163.47000 30.48200 123.17700
22 3 21 17 10 47523.90000 10.25500000 1484.01000 163.32000 30.48200 123.17700
22 3 21 17 10 47521.90000 10.25500000 1484.03000 163.32000 30.48200 123.17700
22 3 21 17 10 47524.30000 10.25500000 1484.01000 163.32000 30.48200 123.17700
22 3 21 17 11 47551.70000 10.25500000 1484.53000 163.32000 30.48200 123.17700
22 3 21 17 11 47578.80000 10.25500000 1484.72000 163.55000 30.48200 123.17700
22 3 21 17 12 47577.40000 10.24500000 1484.75000 163.62000 30.33300 123.17700
22 3 21 17 12 47570.80000 10.24500000 1484.75000 163.55000 30.33300 123.17700
22 3 21 17 13 47588.60000 10.24500000 1485.67000 163.55000 30.33300 123.17700
22 3 21 17 13 47610.50000 10.24500000 1485.94000 163.55000 30.48100 123.17700
22 3 21 17 13 47628.10000 10.24500000 1487.15000 163.78000 30.48100 123.17700
22 3 21 17 14 47606.10000 10.28800000 1487.22000 163.72000 30.48100 123.17700
22 3 21 17 14 47597.80000 10.28800000 1486.08000 163.72000 30.48100 123.17700
22 3 21 17 15 47572.70000 10.28800000 1485.75000 163.45000 30.48100 123.17700
22 3 21 17 15 47569.50000 10.28800000 1485.75000 163.45000 30.33700 123.17700
22 3 21 17 16 47563.70000 10.28700000 1485.74000 163.42000 30.33700 123.17700
22 3 21 17 16 47548.50000 10.28700000 1485.74000 163.46000 30.50000 123.17700
22 3 21 17 16 47533.20000 10.28700000 1485.74000 163.46000 30.50000 123.17700
22 3 21 17 17 47532.60000 10.28700000 1485.74000 163.46000 30.50000 123.17700
22 3 21 17 17 47512.50000 10.28700000 1485.74000 163.46000 30.75000 123.17700
22 3 21 17 18 47518.70000 10.28700000 1485.08000 163.29000 30.75000 123.17700
22 3 21 17 18 47530.10000 10.28700000 1485.31000 163.29000 30.75000 123.17700
22 3 21 17 19 47537.20000 10.28700000 1485.51000 163.38000 30.36200 123.17700
22 3 21 17 19 47530.90000 10.28700000 1485.00000 163.38000 30.36200 123.17700
22 3 21 17 19 47561.90000 10.28700000 1485.07000 163.34000 30.36200 123.17700
22 3 21 17 20 47570.00000 10.28700000 1486.02000 163.34000 30.36200 123.17700
22 3 21 17 20 47601.90000 10.28700000 1487.24000 163.34000 30.36200 123.17700
22 3 21 17 21 47602.00000 10.28700000 1487.23000 163.61000 30.36200 123.17700
22 3 21 17 21 47570.10000 10.28700000 1486.47000 163.61000 30.36200 123.17700
22 3 21 17 22 47566.70000 10.28700000 1486.29000 163.38000 30.36200 123.17700
22 3 21 17 22 47581.80000 10.28700000 1487.23000 163.38000 30.36200 123.17700
22 3 21 17 22 47623.60000 10.28700000 1487.32000 163.38000 30.36200 123.17700
22 3 21 17 23 47650.00000 10.28700000 1488.29000 163.38000 30.36200 123.17700
22 3 21 17 23 47668.00000 10.28700000 1489.72000 163.78000 30.36200 123.17700
22 3 21 17 24 47667.80000 10.28700000 1489.14000 163.78000 30.92300 123.17700
22 3 21 17 24 47686.60000 10.28200000 1489.28000 163.72000 30.31500 123.17700
22 3 21 17 25 47667.50000 10.28200000 1489.73000 163.70000 30.31500 123.17700
22 3 21 17 25 47651.00000 10.28200000 1488.52000 163.70000 30.35500 123.17700
22 3 21 17 25 47657.00000 10.28200000 1488.95000 163.70000 30.33100 123.17700
22 3 21 17 26 47647.50000 10.28200000 1487.98000 163.50000 30.33100 123.17700
