M=[
 6 7 20 03 15 8070.40000 5.06000000 202.26000 37.07000 16.53000 46.19400
 6 7 20 03 16 8070.40000 5.06000000 202.30000 37.07000 16.53000 46.25000
 6 7 20 03 16 8070.40000 5.06000000 202.30000 37.07000 16.53000 46.19400
 6 7 20 03 17 8070.40000 5.06000000 202.30000 37.07000 16.53000 46.19400
 6 7 20 03 17 8070.40000 5.06000000 202.30000 37.07000 16.53000 46.19400
 6 7 20 03 17 8070.40000 5.06000000 202.30000 37.07000 16.53000 46.19400
 6 7 20 03 18 8070.40000 5.06000000 202.30000 37.07000 16.53000 46.25000
 6 7 20 03 18 8070.40000 5.06000000 202.30000 37.07000 16.53000 46.19400
 6 7 20 03 19 8070.40000 5.06000000 202.30000 37.07000 16.53000 46.19400
 6 7 20 03 19 8070.40000 5.06000000 202.30000 37.07000 16.53000 46.19400
 6 7 20 03 20 8070.40000 5.06000000 202.32000 37.07000 16.53000 46.19400
 6 7 20 03 20 8070.30000 5.06000000 202.32000 37.07000 16.53000 46.19400
 6 7 20 03 21 8070.40000 5.06000000 202.32000 37.07000 16.53000 46.19400
 6 7 20 03 21 8070.30000 5.06000000 202.30000 37.07000 16.53000 46.19400
 6 7 20 03 21 8070.30000 5.06000000 202.33000 37.07000 16.53000 46.19400
 6 7 20 03 22 8070.40000 5.06000000 202.33000 37.07000 16.53000 46.19400
 6 7 20 03 22 8070.30000 5.06000000 202.30000 37.07000 16.53000 45.91700
 6 7 20 03 23 8070.40000 5.06000000 202.23000 37.07000 16.53000 45.84300
 6 7 20 03 23 8070.40000 5.06000000 202.24000 37.07000 16.53000 45.84300
 6 7 20 03 24 8070.30000 5.06000000 202.24000 37.07000 16.53000 45.84300
 6 7 20 03 24 8070.30000 5.06000000 202.31000 37.07000 16.53000 45.84300
 6 7 20 03 25 8070.30000 5.06000000 202.31000 37.07000 16.53000 45.84300
 6 7 20 03 25 8070.30000 5.06000000 202.31000 37.07000 16.53000 45.84300
 6 7 20 03 26 8070.40000 5.06000000 202.31000 37.07000 16.53000 45.84300
 6 7 20 03 26 8070.30000 5.06000000 202.31000 37.07000 16.53000 45.84300
 6 7 20 03 26 8070.30000 5.06000000 202.31000 37.07000 16.53000 45.84300
 6 7 20 03 27 8070.30000 5.06000000 202.31000 37.07000 16.53000 45.84300
 6 7 20 03 27 8070.40000 5.06000000 202.31000 37.07000 16.53000 45.84300
 6 7 20 03 28 8070.40000 5.06000000 202.31000 37.07000 16.53000 45.84300
 6 7 20 03 28 8070.40000 5.06000000 202.31000 37.07000 16.53000 45.84300
 6 7 20 03 29 8070.40000 5.06000000 202.30000 37.07000 16.53000 45.84300
 6 7 20 03 29 8070.40000 5.06000000 202.30000 37.07000 16.53000 45.84300
 6 7 20 03 30 8070.40000 5.06000000 202.18000 37.07000 16.53000 45.84300
 6 7 20 03 30 8070.40000 5.06000000 202.18000 37.07000 16.53000 45.84300
 6 7 20 03 31 8067.80000 5.06000000 202.18000 37.07000 16.53000 45.84300
 6 7 20 03 31 8067.80000 5.06000000 202.18000 37.07000 16.53000 45.84300
 6 7 20 03 32 8067.80000 5.06000000 202.18000 37.07000 16.53000 45.84300
 6 7 20 03 32 8067.80000 5.06000000 202.18000 37.07000 16.53000 45.84300
 6 7 20 03 33 8067.70000 5.06000000 202.13000 37.07000 16.53000 45.94100
 6 7 20 03 33 8067.70000 5.06000000 202.16000 37.07000 16.53000 45.94100
 6 7 20 03 34 8067.80000 5.06000000 202.16000 37.07000 16.53000 45.94100
 6 7 20 03 34 8067.70000 5.06000000 202.16000 37.07000 16.53000 45.94100
 6 7 20 03 34 8067.70000 5.06000000 202.13000 37.07000 16.53000 45.88500
 6 7 20 03 35 8067.70000 5.06000000 202.13000 37.07000 16.53000 45.88500
 6 7 20 03 35 8067.80000 5.06000000 202.13000 37.07000 16.53000 45.88500
 6 7 20 03 36 8067.20000 5.06000000 202.13000 37.07000 16.53000 45.88500
 6 7 20 03 36 8067.20000 5.06000000 202.13000 37.07000 16.53000 45.88500
 6 7 20 03 37 8067.20000 5.06000000 202.13000 37.07000 16.53000 45.88500
 6 7 20 03 37 8067.20000 5.06000000 202.13000 37.07000 16.53000 45.88500
 6 7 20 03 38 8067.30000 5.06000000 202.12000 37.07000 16.53000 45.88500
 6 7 20 03 38 8067.20000 5.06000000 202.12000 37.07000 16.53000 45.88500
 6 7 20 03 39 8067.30000 5.06000000 202.12000 37.07000 16.53000 45.88500
 6 7 20 03 39 8067.20000 5.06000000 202.01000 37.07000 16.53000 45.88500
 6 7 20 03 40 8067.20000 5.06000000 202.01000 37.07000 16.53000 45.88500
 6 7 20 03 40 8064.60000 5.06000000 202.00000 37.07000 16.53000 45.88500
 6 7 20 03 40 8064.60000 5.06000000 201.83000 37.07000 16.53000 45.88500
 6 7 20 03 41 8064.70000 5.06000000 201.83000 37.07000 16.53000 45.88500
 6 7 20 03 41 8064.70000 5.06000000 201.96000 37.07000 16.53000 45.88500
 6 7 20 03 42 8064.60000 5.06000000 201.96000 37.07000 16.53000 45.88500
 6 7 20 03 42 8064.70000 5.06000000 201.96000 37.07000 16.53000 45.88500
 6 7 20 03 43 8063.00000 5.06000000 201.99000 37.07000 16.53000 45.88500
 6 7 20 03 43 8063.00000 5.06000000 201.99000 37.07000 16.53000 45.88500
 6 7 20 03 44 8062.50000 5.06000000 202.04000 37.07000 16.53000 45.88500
 6 7 20 03 44 8062.50000 5.06000000 202.04000 37.07000 16.53000 45.88500
 6 7 20 03 45 8062.50000 5.06000000 202.04000 37.07000 16.53000 45.85400
 6 7 20 03 45 8062.50000 5.06000000 202.04000 37.07000 16.53000 45.85400
 6 7 20 03 45 8062.50000 5.06000000 202.05000 37.07000 16.53000 45.85400
 6 7 20 03 46 8062.50000 5.06000000 202.05000 37.07000 16.53000 45.85400
 6 7 20 03 46 8061.10000 5.06000000 202.05000 37.07000 16.53000 45.85400
 6 7 20 03 47 8061.10000 5.06000000 201.96000 36.98000 16.53000 45.85400
 6 7 20 03 47 8061.10000 5.06000000 201.96000 36.98000 16.53000 45.85400
 6 7 20 03 48 8061.00000 5.06000000 201.95000 36.98000 16.53000 45.85400
 6 7 20 03 48 8061.00000 5.06000000 201.95000 37.07000 16.53000 45.85400
 6 7 20 03 49 8061.00000 5.06000000 201.95000 36.98000 16.53000 45.85400
 6 7 20 03 49 8061.00000 5.06000000 201.95000 36.98000 16.53000 45.85400
 6 7 20 03 50 8061.10000 5.06000000 201.95000 36.98000 16.53000 45.85400
 6 7 20 03 50 8061.10000 5.06000000 201.95000 36.98000 16.53000 45.85400
 6 7 20 03 51 8061.10000 5.06000000 202.09000 36.98000 16.53000 45.85400
 6 7 20 03 51 8061.10000 5.06000000 202.09000 36.98000 16.53000 45.87300
 6 7 20 03 52 8061.10000 5.06000000 202.09000 36.98000 16.53000 45.87300
 6 7 20 03 52 8061.00000 5.06000000 202.09000 36.98000 16.53000 45.87300
 6 7 20 03 52 8061.00000 5.06000000 202.09000 36.98000 16.53000 45.87300
 6 7 20 03 53 8061.10000 5.06000000 202.09000 37.03000 16.53000 45.87300
 6 7 20 03 53 8061.00000 5.06000000 202.09000 37.03000 16.53000 45.87300
 6 7 20 03 54 8061.10000 5.06000000 202.08000 37.03000 16.53000 45.87300
 6 7 20 03 54 8061.10000 5.06000000 202.08000 37.03000 16.53000 45.87300
 6 7 20 03 55 8061.10000 5.06000000 202.08000 37.03000 16.53000 45.87300
 6 7 20 03 55 8061.10000 5.06000000 202.08000 37.03000 16.53000 45.87300
 6 7 20 03 56 8061.10000 5.06000000 202.08000 37.03000 16.53000 45.87300
 6 7 20 03 56 8061.10000 5.06000000 202.08000 37.03000 16.53000 45.87300
 6 7 20 03 57 8061.10000 5.06000000 202.08000 37.03000 16.53000 45.87300
 6 7 20 03 57 8061.10000 5.06000000 202.08000 37.03000 16.53000 45.87300
 6 7 20 03 57 8061.00000 5.06000000 202.08000 37.03000 16.53000 45.87300
 6 7 20 03 58 8061.00000 5.06000000 202.09000 37.03000 16.53000 45.87300
 6 7 20 03 58 8061.00000 5.06000000 202.09000 37.03000 16.53000 45.87300
 6 7 20 03 59 8061.10000 5.06000000 202.08000 37.03000 16.53000 45.87300
 6 7 20 03 59 8061.10000 5.06000000 202.18000 37.03000 16.53000 45.87300
 6 7 20 04 00 8061.00000 5.06000000 202.18000 37.03000 16.53000 45.93200
 6 7 20 04 00 8061.10000 5.06000000 202.18000 37.03000 16.53000 45.97300
 6 7 20 04 01 8061.10000 5.06000000 202.41000 37.03000 16.53000 45.97300
 6 7 20 04 01 8061.00000 5.06000000 202.34000 37.05000 16.53000 45.97300
 6 7 20 04 02 8061.00000 5.03800000 202.20000 37.05000 16.53000 45.97300
 6 7 20 04 02 8061.10000 5.03800000 202.20000 37.05000 16.53000 45.97300
 6 7 20 04 03 8061.10000 5.03800000 202.20000 37.05000 16.53000 45.97300
 6 7 20 04 03 8061.10000 5.03800000 202.20000 37.05000 16.53000 45.97300
 6 7 20 04 03 8061.10000 5.03800000 202.18000 37.05000 16.53000 45.97300
 6 7 20 04 04 8061.00000 5.03800000 202.24000 37.05000 16.53000 45.97300
 6 7 20 04 04 8061.00000 5.03800000 202.24000 37.05000 16.53000 45.97300
 6 7 20 04 05 8061.10000 5.03800000 202.24000 37.05000 16.53000 45.97300
