M=[
15 11 20 21 41 13429.20000 4.21800000 375.66000 52.43000 13.38000 51.46300
15 11 20 21 42 13420.40000 4.21800000 375.66000 52.39000 13.38000 51.46300
15 11 20 21 42 13419.30000 4.21800000 375.67000 52.39000 13.38000 51.46300
15 11 20 21 42 13418.00000 4.21800000 375.67000 52.39000 13.38000 51.54800
15 11 20 21 43 13424.80000 4.21800000 375.67000 52.35000 13.38000 51.54800
15 11 20 21 43 13424.80000 4.23000000 375.67000 52.33000 13.38000 51.54800
15 11 20 21 44 13422.50000 4.23000000 375.66000 52.32000 13.38000 51.54800
15 11 20 21 44 13421.50000 4.23000000 375.66000 52.32000 13.38000 51.54800
15 11 20 21 45 13418.10000 4.23000000 375.57000 52.32000 13.38000 51.54800
15 11 20 21 45 13417.90000 4.23000000 375.31000 52.32000 13.38000 51.54800
15 11 20 21 45 13417.10000 4.23000000 375.33000 52.32000 13.38000 51.54800
15 11 20 21 46 13418.00000 4.23000000 375.26000 52.36000 13.38000 51.54800
15 11 20 21 46 13418.10000 4.23000000 375.66000 52.42000 13.38000 51.54800
15 11 20 21 47 13417.90000 4.23000000 375.37000 52.42000 13.38000 51.54800
15 11 20 21 47 13418.00000 4.23000000 375.37000 52.42000 13.38000 51.54800
15 11 20 21 48 13418.00000 4.23000000 375.54000 52.38000 13.38000 51.54800
15 11 20 21 48 13417.90000 4.23000000 375.54000 52.38000 13.44700 51.54800
15 11 20 21 48 13418.00000 4.23000000 375.54000 52.37000 13.44700 51.54800
15 11 20 21 49 13417.90000 4.23000000 375.54000 52.37000 13.44700 51.54800
15 11 20 21 49 13418.10000 4.23000000 375.54000 52.37000 13.44700 51.54800
15 11 20 21 50 13428.90000 4.23000000 375.57000 52.37000 13.44700 51.54800
15 11 20 21 50 13427.80000 4.23000000 375.57000 52.37000 13.44700 51.54800
15 11 20 21 51 13426.70000 4.23000000 375.57000 52.37000 13.38200 51.54800
15 11 20 21 51 13426.70000 4.23000000 375.79000 52.37000 13.38200 51.54800
15 11 20 21 51 13422.00000 4.23000000 375.79000 52.37000 13.38200 51.54800
15 11 20 21 52 13424.00000 4.23000000 375.79000 52.37000 13.38200 51.54800
15 11 20 21 52 13423.60000 4.23000000 375.87000 52.41000 13.38200 51.54800
15 11 20 21 53 13424.40000 4.23000000 375.87000 52.38000 13.38200 51.54800
15 11 20 21 53 13419.00000 4.23000000 375.67000 52.38000 13.38200 51.54800
15 11 20 21 53 13419.40000 4.23000000 375.69000 52.38000 13.38200 51.54800
15 11 20 21 54 13416.70000 4.23000000 375.38000 52.38000 13.38200 51.54800
15 11 20 21 54 13415.90000 4.23000000 375.33000 52.38000 13.38200 51.54800
15 11 20 21 55 13412.70000 4.23000000 375.33000 52.38000 13.38200 51.54800
15 11 20 21 55 13412.70000 4.23000000 375.33000 52.38000 13.38200 51.54800
15 11 20 21 56 13412.50000 4.23000000 375.33000 52.38000 13.38200 51.54800
15 11 20 21 56 13414.30000 4.23000000 375.33000 52.38000 13.38200 51.54800
15 11 20 21 56 13414.30000 4.23000000 375.50000 52.38000 13.38200 51.54800
15 11 20 21 57 13414.70000 4.23000000 375.56000 52.33000 13.38200 51.54800
15 11 20 21 57 13414.70000 4.23000000 375.54000 52.33000 13.38200 51.54800
15 11 20 21 58 13413.80000 4.23000000 375.54000 52.33000 13.38200 51.43300
15 11 20 21 58 13409.20000 4.23000000 375.44000 52.33000 13.38200 51.43300
15 11 20 21 59 13407.80000 4.23000000 375.46000 52.34000 13.38200 51.43300
15 11 20 21 59 13406.30000 4.23000000 375.37000 52.34000 13.38200 51.43300
15 11 20 21 59 13406.10000 4.23000000 375.37000 52.34000 13.38200 51.43300
15 11 20 22 00 13406.10000 4.23000000 375.37000 52.34000 13.38200 51.43300
15 11 20 22 00 13406.00000 4.23100000 375.36000 52.34000 13.38200 51.43300
15 11 20 22 01 13409.20000 4.23100000 375.36000 52.34000 13.38200 51.43300
15 11 20 22 01 13409.20000 4.23100000 375.35000 52.30000 13.38200 51.43300
15 11 20 22 02 13408.50000 4.23100000 375.32000 52.30000 13.38200 51.43300
15 11 20 22 02 13408.30000 4.23100000 375.00000 52.30000 13.38200 51.43300
15 11 20 22 02 13408.20000 4.23100000 375.01000 52.30000 13.38200 51.43300
15 11 20 22 03 13408.30000 4.23100000 375.01000 52.30000 13.38200 51.43300
15 11 20 22 03 13408.20000 4.23100000 375.01000 52.30000 13.38200 51.43300
15 11 20 22 04 13408.30000 4.23100000 375.00000 52.30000 13.38200 51.43300
15 11 20 22 04 13408.20000 4.23100000 375.00000 52.31000 13.38200 51.43300
15 11 20 22 05 13405.20000 4.23100000 374.55000 52.31000 13.38200 51.43300
15 11 20 22 05 13400.10000 4.23100000 374.55000 52.31000 13.38200 51.43300
15 11 20 22 05 13404.50000 4.23100000 375.02000 52.31000 13.38200 51.43300
15 11 20 22 06 13403.20000 4.23100000 374.99000 52.38000 13.38200 51.43300
15 11 20 22 06 13403.20000 4.23100000 374.99000 52.38000 13.38200 51.43300
15 11 20 22 07 13403.10000 4.23100000 374.91000 52.38000 13.38200 51.43300
15 11 20 22 07 13397.40000 4.23100000 374.68000 52.38000 13.38200 51.43300
15 11 20 22 08 13397.00000 4.23100000 374.64000 52.38000 13.38200 51.43300
15 11 20 22 08 13396.20000 4.22700000 374.50000 52.25000 13.38200 51.43300
15 11 20 22 08 13388.90000 4.22700000 374.06000 52.25000 13.38200 51.43300
15 11 20 22 09 13388.80000 4.22700000 374.09000 52.25000 13.38200 51.31600
15 11 20 22 09 13395.40000 4.22700000 374.21000 52.25000 13.38200 51.30900
15 11 20 22 10 13396.20000 4.22700000 374.13000 52.25000 13.38200 51.30900
15 11 20 22 10 13396.10000 4.22700000 374.04000 52.25000 13.38200 51.30900
15 11 20 22 11 13388.80000 4.22700000 374.00000 52.18000 13.38200 51.30900
15 11 20 22 11 13388.90000 4.22700000 373.63000 52.14000 13.38200 51.30900
15 11 20 22 11 13387.80000 4.22700000 373.51000 52.14000 13.38200 51.17700
15 11 20 22 12 13382.90000 4.22700000 373.11000 52.14000 13.38200 51.29600
15 11 20 22 12 13367.10000 4.21900000 372.85000 52.03000 13.38200 51.29600
15 11 20 22 13 13360.00000 4.21900000 372.97000 52.02000 13.38200 51.29600
15 11 20 22 13 13358.00000 4.21900000 372.88000 52.00000 13.38200 51.29600
15 11 20 22 14 13353.30000 4.21900000 372.83000 51.70000 13.38200 51.15100
15 11 20 22 14 13358.80000 4.21900000 372.88000 51.75000 13.38200 51.15100
15 11 20 22 14 13363.40000 4.21900000 373.00000 51.75000 13.38200 51.15100
15 11 20 22 15 13369.30000 4.21900000 372.96000 51.78000 13.38200 51.15100
15 11 20 22 15 13370.40000 4.21900000 373.09000 51.80000 13.38200 51.15100
15 11 20 22 16 13375.10000 4.21100000 373.25000 51.83000 13.38200 51.15100
15 11 20 22 16 13377.00000 4.21100000 373.25000 51.83000 13.38200 51.15100
15 11 20 22 17 13377.00000 4.20900000 373.25000 51.83000 13.38200 51.15100
15 11 20 22 17 13377.00000 4.20900000 373.65000 51.82000 13.38200 51.15100
15 11 20 22 17 13376.90000 4.20900000 373.68000 51.83000 13.38200 51.15100
15 11 20 22 18 13377.00000 4.20900000 373.66000 51.83000 13.38200 51.15000
15 11 20 22 18 13377.00000 4.20900000 373.66000 51.83000 13.38200 51.15000
15 11 20 22 19 13377.00000 4.20900000 373.64000 51.83000 13.38200 51.15000
15 11 20 22 19 13376.20000 4.20700000 373.64000 51.83000 13.38200 51.15000
15 11 20 22 20 13370.60000 4.20700000 373.53000 51.83000 13.38200 51.15000
15 11 20 22 20 13368.40000 4.20700000 373.53000 51.83000 13.38200 51.15000
15 11 20 22 20 13364.70000 4.20700000 373.38000 51.83000 13.38200 51.15000
15 11 20 22 21 13359.20000 4.20700000 373.09000 51.83000 13.38200 51.15000
15 11 20 22 21 13360.20000 4.20700000 373.00000 51.82000 13.38200 50.87000
15 11 20 22 22 13356.50000 4.20700000 372.83000 51.75000 13.38200 50.75800
15 11 20 22 22 13360.30000 4.20700000 372.83000 51.72000 13.38200 50.61000
15 11 20 22 23 13360.40000 4.15800000 372.84000 51.72000 13.38200 50.66600
15 11 20 22 23 13360.40000 4.15800000 372.82000 51.71000 13.38200 50.70400
15 11 20 22 23 13372.10000 4.15800000 372.80000 51.71000 13.38200 50.70400
15 11 20 22 24 13376.90000 4.15800000 372.80000 51.71000 13.38200 50.70400
15 11 20 22 24 13376.90000 4.15800000 372.82000 51.75000 13.38200 50.70400
15 11 20 22 25 13379.90000 4.15800000 373.52000 51.75000 13.38200 50.70400
15 11 20 22 25 13387.10000 4.15800000 373.54000 51.84000 13.38200 50.70400
15 11 20 22 26 13392.50000 4.15800000 373.82000 51.84000 13.38200 50.70400
15 11 20 22 26 13391.00000 4.15800000 373.82000 51.84000 13.38200 50.89500
