M=[
27 6 21 22 47 28589.10000 34.88400000 1626.94000 109.30000 16.84900 87.93200
27 6 21 22 47 28641.80000 34.97300000 1632.66000 109.58000 16.90800 88.33000
27 6 21 22 47 28661.70000 35.05100000 1634.01000 109.63000 16.90800 88.33000
27 6 21 22 48 28661.70000 35.05100000 1633.07000 109.65000 16.90800 88.33000
27 6 21 22 48 28679.50000 35.05100000 1633.07000 109.65000 16.90800 88.33000
27 6 21 22 49 28676.00000 35.04100000 1635.15000 109.65000 16.90800 88.33000
27 6 21 22 49 28657.50000 35.04100000 1633.52000 109.63000 16.90800 88.33000
27 6 21 22 50 28673.40000 35.04100000 1635.29000 109.63000 16.90800 88.33000
27 6 21 22 50 28673.40000 35.04100000 1632.61000 109.63000 16.90800 88.33000
27 6 21 22 50 28673.40000 35.04100000 1632.61000 109.63000 16.90800 88.33000
27 6 21 22 51 28651.30000 35.04100000 1630.12000 109.63000 16.90800 88.33000
27 6 21 22 51 28651.30000 35.04100000 1629.51000 109.63000 16.90800 88.33000
27 6 21 22 52 28643.30000 35.04100000 1629.13000 109.63000 16.90800 88.33000
27 6 21 22 52 28692.10000 35.04100000 1633.44000 109.63000 16.90800 88.33000
27 6 21 22 53 28682.40000 35.04100000 1634.68000 109.63000 16.90800 88.33000
27 6 21 22 53 28682.40000 35.04100000 1634.39000 109.63000 16.90800 88.33000
27 6 21 22 53 28682.50000 35.04100000 1635.06000 109.63000 16.90800 88.33000
27 6 21 22 54 28669.80000 35.04100000 1634.33000 109.82000 16.88200 88.33000
27 6 21 22 54 28661.90000 35.04100000 1634.33000 109.82000 16.88200 88.33000
27 6 21 22 55 28661.70000 35.04100000 1633.43000 109.82000 16.88200 88.33000
27 6 21 22 55 28676.10000 35.04100000 1632.46000 109.86000 16.88200 88.33000
27 6 21 22 56 28676.10000 35.04100000 1632.32000 109.86000 16.88200 88.33000
27 6 21 22 56 28720.60000 35.04100000 1633.56000 109.86000 16.88200 88.33000
27 6 21 22 56 28736.50000 35.04100000 1634.06000 109.86000 16.88200 88.65500
27 6 21 22 57 28821.00000 34.97600000 1633.08000 109.87000 16.91900 88.76200
27 6 21 22 57 28937.20000 35.05700000 1638.82000 109.86000 16.91900 88.56000
27 6 21 22 58 28940.00000 35.05700000 1639.07000 109.86000 16.89200 88.56000
27 6 21 22 58 28902.50000 35.09900000 1639.71000 109.84000 16.89200 88.61000
27 6 21 22 59 28895.80000 35.09900000 1639.09000 109.84000 17.11700 88.61000
27 6 21 22 59 28884.90000 35.09900000 1639.16000 109.84000 17.10000 88.61000
27 6 21 22 59 28827.60000 35.09900000 1638.34000 109.84000 17.10000 88.61000
27 6 21 23 00 28926.50000 35.09900000 1643.11000 109.89000 17.10000 88.52500
27 6 21 23 00 28840.00000 35.09900000 1640.88000 109.89000 17.10000 88.33000
27 6 21 23 01 28776.10000 35.09900000 1637.31000 109.89000 17.10000 88.33000
27 6 21 23 01 28780.00000 34.80000000 1636.61000 109.89000 17.10000 88.33000
27 6 21 23 02 28780.00000 34.84100000 1636.84000 109.34000 17.10000 88.33000
27 6 21 23 02 28794.60000 34.84100000 1636.49000 109.37000 17.10000 88.33000
27 6 21 23 02 28780.10000 34.84100000 1634.05000 109.37000 17.10000 88.33000
27 6 21 23 03 28782.40000 34.84100000 1634.97000 109.37000 17.10000 88.33000
27 6 21 23 03 28780.20000 34.84100000 1634.95000 109.37000 17.10000 88.33000
27 6 21 23 04 28780.10000 34.84100000 1634.06000 109.42000 17.10000 88.30500
27 6 21 23 04 28780.00000 34.84100000 1632.00000 109.42000 17.10000 88.30500
27 6 21 23 05 28779.90000 34.84100000 1629.42000 109.41000 17.10000 88.30500
27 6 21 23 05 28784.00000 34.84100000 1632.00000 109.41000 17.10000 88.30500
27 6 21 23 05 28839.60000 34.84100000 1634.93000 109.41000 17.10000 88.22700
27 6 21 23 06 28786.60000 34.84100000 1631.12000 109.41000 17.10000 88.22700
27 6 21 23 06 28799.20000 34.84100000 1631.94000 109.41000 17.10000 88.22700
27 6 21 23 07 28798.30000 34.84100000 1631.39000 109.41000 16.84100 88.22700
27 6 21 23 07 28790.30000 34.84100000 1631.39000 109.49000 16.84100 88.22700
27 6 21 23 08 28771.60000 34.84100000 1631.09000 109.47000 16.84100 88.22700
27 6 21 23 08 28770.00000 34.84100000 1630.33000 109.47000 16.95500 88.22700
27 6 21 23 08 28777.20000 34.84100000 1630.33000 109.47000 16.95500 88.22700
27 6 21 23 09 28770.00000 34.84100000 1629.84000 109.47000 16.95500 88.22700
27 6 21 23 09 28770.00000 34.84100000 1630.14000 109.47000 16.95500 88.22700
27 6 21 23 10 28764.70000 34.84100000 1630.14000 109.47000 16.95500 88.22700
27 6 21 23 10 28767.90000 34.84100000 1632.46000 109.47000 16.82500 88.22700
27 6 21 23 11 28736.70000 34.84100000 1629.77000 109.47000 16.82500 88.22700
27 6 21 23 11 28738.10000 34.84100000 1630.75000 109.47000 16.82500 88.22700
27 6 21 23 11 28700.00000 34.84100000 1629.76000 109.37000 16.81800 88.22700
27 6 21 23 12 28696.00000 34.84100000 1629.73000 109.37000 16.81800 88.22700
27 6 21 23 12 28699.90000 34.84100000 1629.73000 109.37000 16.81800 88.22700
27 6 21 23 13 28708.30000 34.84100000 1630.99000 109.37000 16.81800 88.22700
27 6 21 23 13 28722.30000 34.84100000 1631.78000 109.37000 16.81800 88.22700
27 6 21 23 14 28731.20000 34.84100000 1631.78000 109.59000 16.81800 88.22700
27 6 21 23 14 28729.70000 34.84100000 1630.78000 109.59000 16.81800 88.22700
27 6 21 23 14 28730.00000 34.84100000 1631.28000 109.59000 16.81800 88.22700
27 6 21 23 15 28715.80000 34.81900000 1630.74000 109.59000 16.81800 88.22700
27 6 21 23 15 28732.50000 34.81900000 1632.22000 109.59000 16.81800 88.22700
27 6 21 23 16 28744.30000 34.81900000 1631.14000 109.59000 16.81800 88.22700
27 6 21 23 16 28744.30000 34.81900000 1631.82000 109.59000 16.81800 88.22700
27 6 21 23 17 28780.00000 34.81900000 1631.82000 109.59000 16.81800 88.22700
27 6 21 23 17 28771.90000 34.81900000 1632.91000 109.59000 16.81800 88.22700
27 6 21 23 17 28762.00000 34.81900000 1635.00000 109.59000 16.81800 88.22700
27 6 21 23 18 28754.80000 34.81900000 1635.00000 109.59000 16.81800 88.22700
27 6 21 23 18 28741.10000 34.81900000 1632.93000 109.77000 16.81800 88.22700
27 6 21 23 19 28741.20000 34.81900000 1632.93000 109.77000 16.81800 88.22700
27 6 21 23 19 28741.20000 34.81900000 1631.62000 109.77000 16.81800 88.22700
27 6 21 23 20 28751.10000 34.81900000 1632.04000 109.77000 16.81800 88.22700
27 6 21 23 20 28746.00000 34.81900000 1632.07000 109.77000 16.81800 88.22700
27 6 21 23 20 28751.20000 34.81900000 1631.83000 109.77000 16.81800 88.22700
27 6 21 23 21 28751.30000 34.81900000 1634.34000 109.77000 16.81800 88.76200
27 6 21 23 21 28819.40000 34.81900000 1635.99000 109.77000 16.81800 88.76200
27 6 21 23 22 28819.20000 34.81900000 1635.98000 109.77000 16.81800 88.76200
27 6 21 23 22 28819.20000 34.81900000 1635.99000 109.77000 16.81800 88.76200
27 6 21 23 23 28788.80000 34.81900000 1636.00000 109.77000 16.81800 88.76200
27 6 21 23 23 28764.40000 34.81900000 1636.02000 109.77000 16.81800 88.76200
27 6 21 23 23 28754.80000 34.81900000 1635.30000 109.77000 16.81800 88.76200
27 6 21 23 24 28772.40000 34.81900000 1635.23000 109.77000 16.81800 88.92800
27 6 21 23 24 28771.00000 34.81900000 1634.76000 109.77000 16.81800 88.92800
27 6 21 23 25 28777.50000 34.81900000 1634.53000 109.77000 16.81800 89.00000
27 6 21 23 25 28754.50000 34.81900000 1634.53000 109.78000 16.81800 88.92000
27 6 21 23 26 28778.90000 34.81900000 1633.64000 109.80000 16.81800 88.92000
27 6 21 23 26 28787.40000 34.81900000 1633.14000 109.80000 16.81800 88.92000
27 6 21 23 26 28809.50000 34.81900000 1634.50000 109.80000 16.81800 88.92000
27 6 21 23 27 28849.10000 34.81900000 1636.48000 109.80000 16.81800 88.92000
27 6 21 23 27 28847.50000 34.81900000 1637.57000 109.80000 16.81800 88.92000
27 6 21 23 28 28849.00000 34.81900000 1636.64000 109.80000 16.81800 88.92000
27 6 21 23 28 28853.40000 34.81900000 1636.76000 109.77000 16.81800 88.92000
27 6 21 23 29 28842.70000 34.81900000 1636.62000 109.77000 16.81800 88.92000
27 6 21 23 29 28842.80000 34.81900000 1635.26000 109.77000 16.81800 88.63400
27 6 21 23 29 28842.10000 34.81900000 1635.01000 109.70000 16.81800 88.63400
27 6 21 23 30 28842.10000 34.81900000 1636.52000 109.70000 16.81800 88.63400
27 6 21 23 30 28842.10000 34.81900000 1635.00000 109.70000 16.81800 88.63400
