M=[
22 5 20 18 17 8466.30000 5.98000000 191.94000 40.54000 11.60300 44.08000
22 5 20 18 18 8464.30000 5.98200000 192.00000 40.54000 11.60300 44.21800
22 5 20 18 18 8463.00000 5.98200000 192.04000 40.54000 11.60300 44.08000
22 5 20 18 18 8460.60000 5.98200000 191.98000 40.54000 11.60300 44.08000
22 5 20 18 19 8463.00000 5.98200000 191.92000 40.54000 11.60300 44.08000
22 5 20 18 19 8457.30000 5.98200000 191.89000 40.54000 11.60300 44.08000
22 5 20 18 20 8458.30000 5.98200000 191.82000 40.54000 11.60300 44.08000
22 5 20 18 20 8456.30000 5.98200000 191.80000 40.54000 11.60300 44.08000
22 5 20 18 21 8455.80000 5.98200000 191.80000 40.54000 11.60300 44.08000
22 5 20 18 21 8454.90000 5.98200000 191.80000 40.54000 11.60300 44.08000
22 5 20 18 22 8464.20000 5.98200000 191.46000 40.54000 11.60300 44.08000
22 5 20 18 22 8463.40000 5.98200000 191.61000 40.54000 11.60300 44.08000
22 5 20 18 23 8456.80000 5.98200000 191.61000 40.54000 11.60300 44.08000
22 5 20 18 23 8460.40000 5.98200000 191.60000 40.54000 11.60300 44.08000
22 5 20 18 23 8461.10000 5.98200000 191.55000 40.54000 11.60300 44.08000
22 5 20 18 24 8458.30000 5.98200000 191.60000 40.54000 11.60300 44.08000
22 5 20 18 24 8461.30000 5.98200000 191.56000 40.54000 11.60300 44.08000
22 5 20 18 25 8461.20000 5.98200000 191.56000 40.54000 11.60300 44.08000
22 5 20 18 25 8461.20000 5.99200000 191.43000 40.54000 11.60300 44.08000
22 5 20 18 26 8463.40000 5.98200000 191.43000 40.54000 11.60300 44.08000
22 5 20 18 26 8463.00000 5.98200000 191.43000 40.54000 11.60300 44.08000
22 5 20 18 27 8465.00000 5.98200000 191.42000 40.54000 11.60300 44.08000
22 5 20 18 27 8465.00000 5.98200000 191.43000 40.54000 11.60300 44.08000
22 5 20 18 28 8469.30000 5.98800000 191.58000 40.54000 11.60300 44.08000
22 5 20 18 28 8468.40000 5.98800000 191.65000 40.65000 11.60300 44.08000
22 5 20 18 28 8469.40000 5.98800000 191.64000 40.65000 11.60300 44.08000
22 5 20 18 29 8470.00000 5.98800000 191.82000 40.65000 11.60300 44.08000
22 5 20 18 29 8469.90000 5.98800000 191.88000 40.65000 11.60300 44.08000
22 5 20 18 30 8470.00000 5.98800000 191.88000 40.65000 11.60300 44.08000
22 5 20 18 30 8470.00000 5.98800000 191.75000 40.65000 11.60300 44.21800
22 5 20 18 31 8468.80000 5.98800000 191.75000 40.65000 11.60300 44.08000
22 5 20 18 31 8467.30000 5.98800000 191.56000 40.66000 11.60300 44.08000
22 5 20 18 32 8469.90000 5.98800000 191.69000 40.65000 11.60300 44.21800
22 5 20 18 32 8470.00000 5.98800000 191.69000 40.67000 11.60300 44.08000
22 5 20 18 33 8470.00000 5.98800000 191.69000 40.62000 11.60300 44.08000
22 5 20 18 33 8469.60000 5.98800000 191.69000 40.62000 11.60300 44.21800
22 5 20 18 34 8467.80000 5.98800000 191.69000 40.64000 11.60300 44.08000
22 5 20 18 34 8468.30000 5.98800000 191.68000 40.64000 11.60300 44.08000
22 5 20 18 35 8467.60000 5.98800000 191.69000 40.61000 11.60300 44.08000
22 5 20 18 35 8470.00000 5.98800000 191.59000 40.57000 11.60300 44.08000
22 5 20 18 35 8467.80000 5.98800000 191.59000 40.57000 11.60300 44.08000
22 5 20 18 36 8470.00000 6.00000000 191.54000 40.57000 11.60300 44.08000
22 5 20 18 36 8467.40000 6.00000000 191.53000 40.57000 11.60300 44.08000
22 5 20 18 37 8467.50000 5.98800000 191.53000 40.57000 11.60300 44.08000
22 5 20 18 37 8467.50000 6.00000000 191.53000 40.57000 11.60300 44.08000
22 5 20 18 38 8467.40000 6.00000000 191.46000 40.50000 11.60300 44.08000
22 5 20 18 38 8465.10000 6.00000000 191.43000 40.50000 11.62700 44.08000
22 5 20 18 39 8464.90000 6.00000000 191.43000 40.50000 11.62700 44.21800
22 5 20 18 39 8463.60000 6.00000000 191.43000 40.50000 11.62700 44.08000
22 5 20 18 39 8463.90000 6.00000000 191.43000 40.50000 11.62700 44.08000
22 5 20 18 40 8455.50000 6.00000000 191.40000 40.50000 11.62700 44.08000
22 5 20 18 40 8442.00000 6.00000000 191.40000 40.50000 11.62700 44.08000
22 5 20 18 41 8440.00000 5.98800000 191.32000 40.50000 11.62700 44.08000
22 5 20 18 41 8439.90000 6.00000000 191.24000 40.50000 11.62000 44.08000
22 5 20 18 42 8440.10000 6.00000000 191.25000 40.57000 11.61000 44.21800
22 5 20 18 42 8448.30000 6.00000000 191.24000 40.50000 11.61000 44.08000
22 5 20 18 43 8449.60000 6.00000000 191.24000 40.57000 11.61000 44.08000
22 5 20 18 43 8444.00000 6.00000000 191.24000 40.50000 11.61000 44.08000
22 5 20 18 44 8445.00000 6.00000000 191.24000 40.50000 11.61000 44.08000
22 5 20 18 44 8445.50000 6.00000000 191.25000 40.43000 11.61000 44.08000
22 5 20 18 45 8446.30000 6.00000000 191.24000 40.43000 11.61000 44.08000
22 5 20 18 45 8448.50000 6.00000000 191.25000 40.43000 11.61000 44.08000
22 5 20 18 46 8446.30000 6.00000000 191.25000 40.43000 11.61000 44.08000
22 5 20 18 46 8445.40000 6.00000000 191.25000 40.41000 11.61000 44.08000
22 5 20 18 47 8446.40000 6.00000000 191.25000 40.41000 11.61000 44.08000
22 5 20 18 47 8446.40000 6.00000000 191.25000 40.41000 11.61000 44.08000
22 5 20 18 47 8448.20000 6.00000000 191.25000 40.41000 11.61000 44.08000
22 5 20 18 48 8447.30000 5.96100000 191.25000 40.41000 11.61000 44.08000
22 5 20 18 48 8447.20000 5.96100000 191.24000 40.66000 11.61000 44.08000
22 5 20 18 49 8447.80000 5.96100000 191.24000 40.41000 11.61000 44.08000
22 5 20 18 49 8447.40000 5.96100000 191.24000 40.66000 11.61000 44.08000
22 5 20 18 50 8447.40000 5.96100000 191.25000 40.41000 11.61000 44.08000
22 5 20 18 50 8448.50000 5.96100000 191.27000 40.41000 11.61000 44.08000
22 5 20 18 51 8450.00000 5.96100000 191.27000 40.41000 11.61000 44.08000
22 5 20 18 51 8445.10000 5.96100000 191.27000 40.41000 11.61000 44.08000
22 5 20 18 52 8445.00000 5.96100000 191.25000 40.57000 11.61000 44.08000
22 5 20 18 52 8445.60000 5.96100000 191.25000 40.41000 11.61000 44.00000
22 5 20 18 53 8445.00000 5.96100000 191.24000 40.41000 11.61000 44.00000
22 5 20 18 53 8447.50000 5.96100000 190.90000 40.40000 11.61000 44.00000
22 5 20 18 53 8447.50000 5.96100000 190.90000 40.40000 11.61000 44.00000
22 5 20 18 54 8445.40000 5.96100000 190.94000 40.40000 11.61000 44.00000
22 5 20 18 54 8445.10000 5.96100000 190.94000 40.40000 11.61000 44.00000
22 5 20 18 55 8434.00000 5.96100000 190.94000 40.40000 11.61000 44.00000
22 5 20 18 55 8444.30000 5.96100000 191.03000 40.40000 11.61000 44.00000
22 5 20 18 56 8444.30000 5.96100000 191.03000 40.36000 11.61000 44.00000
22 5 20 18 56 8444.30000 5.96100000 191.03000 40.36000 11.61000 44.06400
22 5 20 18 57 8445.80000 5.96100000 191.03000 40.36000 11.61000 44.06400
22 5 20 18 57 8444.30000 5.96100000 191.03000 40.36000 11.61000 44.06400
22 5 20 18 58 8445.30000 5.96100000 191.03000 40.36000 11.61000 44.06400
22 5 20 18 58 8445.20000 5.96100000 190.89000 40.40000 11.61000 44.08000
22 5 20 18 58 8440.10000 5.96100000 190.88000 40.36000 11.61000 44.02500
22 5 20 18 59 8438.10000 5.96100000 190.83000 40.35000 11.61000 43.85200
22 5 20 18 59 8450.00000 5.96100000 191.14000 40.36000 11.61000 43.85200
22 5 20 19 00 8449.80000 5.96100000 191.21000 40.35000 11.61000 43.85200
22 5 20 19 00 8449.90000 5.96100000 191.21000 40.36000 11.61000 43.85200
22 5 20 19 01 8450.00000 5.96100000 191.24000 40.35000 11.62000 43.85200
22 5 20 19 01 8450.00000 5.96100000 191.21000 40.45000 11.61000 43.85200
22 5 20 19 02 8450.00000 5.96100000 191.21000 40.45000 11.61000 43.85200
22 5 20 19 02 8448.40000 5.96100000 191.21000 40.45000 11.61000 43.85200
22 5 20 19 03 8450.00000 5.95900000 191.23000 40.45000 11.61000 43.85200
22 5 20 19 03 8462.60000 5.95900000 191.30000 40.45000 11.61000 44.00000
22 5 20 19 04 8459.90000 5.96800000 191.30000 40.45000 11.61000 44.00000
22 5 20 19 04 8457.40000 5.96800000 191.30000 40.45000 11.61000 43.85200
22 5 20 19 05 8459.80000 5.96800000 191.30000 40.54000 11.61000 43.85200
22 5 20 19 05 8458.20000 5.96800000 191.58000 40.54000 11.61000 43.85200
22 5 20 19 06 8458.20000 5.96800000 191.57000 40.54000 11.61000 43.85200
22 5 20 19 06 8460.00000 5.96800000 191.59000 40.54000 11.61000 44.00000
22 5 20 19 06 8461.90000 5.95900000 191.59000 40.54000 11.61000 43.85200
22 5 20 19 07 8460.10000 5.96800000 191.59000 40.62000 11.61000 43.85200
