M=[
 3 11 20 02 41 11606.80000 4.23700000 327.99000 46.13000 12.50000 46.75100
 3 11 20 02 41 11598.60000 4.23700000 327.62000 46.13000 12.50000 46.75100
 3 11 20 02 41 11581.50000 4.22000000 327.14000 46.02000 12.50000 46.75100
 3 11 20 02 42 11585.10000 4.22300000 327.33000 46.02000 12.50000 46.75100
 3 11 20 02 42 11607.10000 4.22300000 327.70000 46.02000 12.50000 46.75100
 3 11 20 02 43 11602.70000 4.22300000 327.70000 46.19000 12.50000 46.75100
 3 11 20 02 43 11600.10000 4.22300000 327.70000 46.19000 12.50000 46.75100
 3 11 20 02 44 11602.70000 4.22300000 327.70000 46.19000 12.50000 46.75100
 3 11 20 02 44 11599.40000 4.22300000 327.70000 46.19000 12.50000 46.75100
 3 11 20 02 44 11595.00000 4.22300000 327.70000 46.19000 12.50000 46.75100
 3 11 20 02 45 11595.00000 4.22300000 327.70000 46.20000 12.50000 46.75100
 3 11 20 02 45 11594.90000 4.22300000 327.70000 46.20000 12.50000 46.75100
 3 11 20 02 46 11589.60000 4.22300000 327.70000 46.20000 12.50000 46.75100
 3 11 20 02 46 11589.60000 4.22300000 327.70000 46.20000 12.50000 46.75100
 3 11 20 02 47 11589.60000 4.22300000 327.41000 46.20000 12.50000 46.59900
 3 11 20 02 47 11581.70000 4.22300000 327.39000 46.20000 12.50000 46.59900
 3 11 20 02 47 11581.70000 4.22300000 327.36000 46.20000 12.50000 46.53000
 3 11 20 02 48 11577.40000 4.22300000 327.27000 46.07000 12.50000 46.53000
 3 11 20 02 48 11575.90000 4.22300000 326.84000 46.02000 12.50000 46.44800
 3 11 20 02 49 11575.90000 4.22300000 326.81000 46.02000 12.50000 46.44800
 3 11 20 02 49 11575.90000 4.22300000 326.81000 45.93000 12.50000 46.44800
 3 11 20 02 50 11575.10000 4.22300000 326.71000 45.91000 12.50000 46.26000
 3 11 20 02 50 11575.10000 4.22300000 326.71000 45.91000 12.50000 46.30000
 3 11 20 02 50 11577.40000 4.22300000 326.93000 45.91000 12.50000 46.36800
 3 11 20 02 51 11579.80000 4.22300000 326.93000 45.91000 12.50000 46.36800
 3 11 20 02 51 11579.80000 4.21000000 326.93000 45.91000 12.50000 46.36800
 3 11 20 02 52 11590.30000 4.21000000 327.38000 45.91000 12.50000 46.36800
 3 11 20 02 52 11585.30000 4.20300000 327.38000 45.85000 12.50000 46.36800
 3 11 20 02 53 11590.00000 4.20200000 327.49000 45.85000 12.50000 46.36800
 3 11 20 02 53 11589.40000 4.20000000 327.60000 45.85000 12.50000 46.22800
 3 11 20 02 53 11586.30000 4.19300000 327.60000 45.85000 12.50000 46.22800
 3 11 20 02 54 11581.50000 4.19300000 327.60000 45.85000 12.50000 46.21000
 3 11 20 02 54 11584.20000 4.19300000 327.35000 45.85000 12.50000 46.23300
 3 11 20 02 55 11578.90000 4.19000000 327.35000 45.85000 12.50000 46.23300
 3 11 20 02 55 11578.90000 4.19000000 327.30000 45.78000 12.50000 46.23300
 3 11 20 02 56 11575.00000 4.18800000 326.72000 45.69000 12.50000 46.20000
 3 11 20 02 56 11575.10000 4.18800000 326.72000 45.79000 12.50000 46.20000
 3 11 20 02 56 11560.10000 4.18800000 326.49000 45.79000 12.50000 46.20000
 3 11 20 02 57 11514.90000 4.18800000 325.73000 45.40000 12.50000 46.11000
 3 11 20 02 57 11515.00000 4.16700000 325.59000 45.35000 12.50000 46.01000
 3 11 20 02 58 11528.30000 4.16700000 326.03000 45.36000 12.50000 46.01000
 3 11 20 02 58 11538.30000 4.16700000 326.06000 45.46000 12.50000 45.98000
 3 11 20 02 59 11542.90000 4.16700000 325.95000 45.37000 12.50000 45.98000
 3 11 20 02 59 11539.60000 4.16700000 325.59000 45.31000 12.50000 45.82600
 3 11 20 02 59 11541.20000 4.16700000 325.57000 45.31000 12.50000 45.82600
 3 11 20 03 00 11542.80000 4.18500000 325.57000 45.37000 12.50000 45.93000
 3 11 20 03 00 11548.60000 4.18500000 326.13000 45.48000 12.50000 45.93000
 3 11 20 03 01 11559.90000 4.18500000 326.74000 45.48000 12.50000 45.93000
 3 11 20 03 01 11566.30000 4.18500000 326.68000 45.55000 12.50000 45.93000
 3 11 20 03 02 11569.90000 4.18500000 326.61000 45.48000 12.50000 45.93000
 3 11 20 03 02 11569.90000 4.18500000 326.49000 45.48000 12.50000 45.93000
 3 11 20 03 02 11563.40000 4.18500000 326.79000 45.48000 12.50000 45.93000
 3 11 20 03 03 11561.20000 4.18500000 326.79000 45.42000 12.50000 45.93000
 3 11 20 03 03 11563.50000 4.18500000 326.76000 45.43000 12.50000 45.93000
 3 11 20 03 04 11567.20000 4.18500000 326.84000 45.43000 12.50000 45.93000
 3 11 20 03 04 11568.40000 4.18500000 326.84000 45.45000 12.50000 45.93000
 3 11 20 03 05 11569.80000 4.18500000 326.90000 45.45000 12.50000 45.93000
 3 11 20 03 05 11578.10000 4.18500000 326.90000 45.46000 12.50000 45.93000
 3 11 20 03 05 11578.10000 4.18500000 326.89000 45.47000 12.50000 45.93000
 3 11 20 03 06 11578.20000 4.18500000 326.89000 45.48000 12.50000 45.93000
 3 11 20 03 06 11578.20000 4.18500000 326.89000 45.48000 12.50000 45.93000
 3 11 20 03 07 11578.20000 4.16700000 326.84000 45.41000 12.50000 45.93000
 3 11 20 03 07 11564.30000 4.15500000 326.22000 45.41000 12.50000 45.93000
 3 11 20 03 08 11567.10000 4.15500000 326.22000 45.41000 12.50000 45.93000
 3 11 20 03 08 11567.00000 4.15500000 326.22000 45.40000 12.50000 45.93000
 3 11 20 03 08 11564.30000 4.15500000 325.40000 45.36000 12.50000 45.93000
 3 11 20 03 09 11564.20000 4.15500000 325.25000 45.33000 12.50000 45.93000
 3 11 20 03 09 11564.20000 4.15500000 325.20000 45.30000 12.50000 45.93000
 3 11 20 03 10 11544.80000 4.15000000 325.00000 45.29000 12.50000 45.93000
 3 11 20 03 10 11544.70000 4.15000000 325.05000 45.27000 12.50000 45.93000
 3 11 20 03 11 11522.10000 4.15000000 324.80000 45.15000 12.50000 45.93000
 3 11 20 03 11 11509.20000 4.14600000 324.00000 45.09000 12.50000 45.62000
 3 11 20 03 11 11500.00000 4.14000000 323.63000 44.56000 12.50000 45.46800
 3 11 20 03 12 11470.00000 4.12600000 322.63000 44.05000 12.72600 45.00100
 3 11 20 03 12 11504.00000 4.12300000 323.67000 44.44000 12.72600 45.06800
 3 11 20 03 13 11492.80000 4.12300000 323.93000 44.53000 12.72600 45.06800
 3 11 20 03 13 11492.70000 4.12300000 323.72000 44.75000 12.72600 45.18000
 3 11 20 03 14 11480.60000 4.12300000 323.72000 44.62000 12.72600 45.14100
 3 11 20 03 14 11479.30000 4.12300000 323.36000 44.58000 12.72600 45.14100
 3 11 20 03 14 11479.50000 4.12300000 323.78000 44.73000 12.72600 45.14100
 3 11 20 03 15 11473.80000 4.12300000 323.43000 44.67000 12.72600 45.15800
 3 11 20 03 15 11483.90000 4.11200000 323.70000 44.77000 12.72600 45.15800
 3 11 20 03 16 11496.00000 4.11200000 323.70000 44.70000 12.72600 45.15800
 3 11 20 03 16 11509.90000 4.11300000 324.48000 44.84000 12.72600 45.15800
 3 11 20 03 17 11507.20000 4.11300000 324.76000 44.81000 12.72600 45.15800
 3 11 20 03 17 11507.20000 4.11300000 324.76000 44.91000 12.72600 45.15800
 3 11 20 03 17 11510.00000 4.10700000 324.76000 44.93000 12.72600 45.15800
 3 11 20 03 18 11510.00000 4.10400000 324.78000 44.88000 12.72600 45.15800
 3 11 20 03 18 11528.70000 4.10000000 324.78000 44.85000 12.72600 45.15800
 3 11 20 03 19 11532.50000 4.10000000 324.78000 44.85000 12.72600 45.15800
 3 11 20 03 19 11541.50000 4.10000000 324.78000 44.88000 12.72600 45.15800
 3 11 20 03 20 11530.90000 4.10000000 324.52000 44.88000 12.72600 45.15800
 3 11 20 03 20 11543.00000 4.10000000 324.60000 44.81000 12.72600 45.15800
 3 11 20 03 20 11540.60000 4.07900000 324.48000 44.81000 12.72600 45.15800
 3 11 20 03 21 11541.50000 4.07900000 324.50000 44.81000 12.72600 45.15800
 3 11 20 03 21 11535.10000 4.08200000 324.47000 44.81000 12.72600 45.15800
 3 11 20 03 22 11520.20000 4.08200000 324.07000 44.84000 12.72600 45.15800
 3 11 20 03 22 11520.20000 4.07000000 324.15000 44.84000 12.72600 45.15800
 3 11 20 03 23 11520.70000 4.07000000 324.15000 44.84000 12.72600 45.15800
 3 11 20 03 23 11522.00000 4.07000000 323.93000 44.84000 12.66800 45.15800
 3 11 20 03 23 11525.00000 4.07000000 323.93000 44.84000 12.66800 45.15800
 3 11 20 03 24 11527.60000 4.07000000 324.28000 44.86000 12.66800 45.15800
 3 11 20 03 24 11530.30000 4.09300000 324.31000 44.86000 12.66800 45.15800
 3 11 20 03 25 11533.10000 4.09000000 324.37000 44.86000 12.66800 45.24000
 3 11 20 03 25 11532.80000 4.09200000 324.51000 44.86000 12.66800 45.24000
 3 11 20 03 26 11532.10000 4.09200000 324.51000 44.86000 12.66800 45.24000
