M=[
 7 5 20 23 54 9240.10000 6.57100000 196.01000 43.93000 10.35000 41.00000
 7 5 20 23 55 9233.90000 6.57100000 196.02000 43.86000 10.35000 41.00000
 7 5 20 23 55 9233.40000 6.57100000 196.01000 43.78000 10.35000 41.00000
 7 5 20 23 56 9237.20000 6.57100000 196.01000 43.78000 10.35000 41.00000
 7 5 20 23 56 9239.60000 6.57100000 196.01000 43.78000 10.35000 41.00000
 7 5 20 23 57 9234.10000 6.57100000 196.00000 43.78000 10.35000 41.00000
 7 5 20 23 57 9234.10000 6.57100000 196.00000 43.71000 10.35000 41.00000
 7 5 20 23 58 9213.60000 6.57100000 195.83000 43.71000 10.35000 41.00000
 7 5 20 23 58 9224.80000 6.57100000 196.08000 43.72000 10.35000 41.00000
 7 5 20 23 59 9219.00000 6.57800000 196.08000 43.72000 10.35000 41.00000
 7 5 20 23 59 9218.10000 6.57100000 196.08000 43.72000 10.35000 41.00000
 8 5 20 00 00 9230.00000 6.57100000 196.05000 43.73000 10.30200 41.00000
 8 5 20 00 00 9237.40000 6.57100000 196.31000 43.73000 10.35000 41.00000
 8 5 20 00 01 9225.40000 6.57100000 196.30000 43.73000 10.30000 41.00000
 8 5 20 00 01 9213.20000 6.57100000 196.30000 43.76000 10.30000 41.00000
 8 5 20 00 02 9215.10000 6.57100000 196.64000 43.75000 10.30000 41.00000
 8 5 20 00 02 9190.70000 6.57800000 196.64000 43.76000 10.30200 41.00000
 8 5 20 00 03 9201.00000 6.57100000 196.75000 43.76000 10.30000 41.00000
 8 5 20 00 03 9189.90000 6.58100000 196.74000 43.76000 10.30000 40.95900
 8 5 20 00 04 9185.00000 6.58100000 196.74000 43.76000 10.30000 40.95900
 8 5 20 00 05 9131.90000 6.57400000 196.20000 43.80000 10.27400 40.95900
 8 5 20 00 05 9139.10000 6.55000000 196.62000 43.80000 10.27400 40.90600
 8 5 20 00 06 9143.70000 6.57400000 196.63000 43.85000 10.34900 40.83000
 8 5 20 00 06 9154.00000 6.55000000 196.63000 43.85000 10.34900 40.83000
 8 5 20 00 07 9140.60000 6.55000000 196.37000 43.88000 10.35000 40.83000
 8 5 20 00 08 9143.80000 6.55000000 196.28000 43.85000 10.35000 40.83000
 8 5 20 00 08 9150.00000 6.55000000 196.46000 43.86000 10.35000 40.83000
 8 5 20 00 09 9148.10000 6.55000000 196.46000 43.86000 10.35000 40.83000
 8 5 20 00 09 9139.40000 6.55000000 196.04000 43.87000 10.35000 40.90600
 8 5 20 00 09 9140.00000 6.55000000 196.15000 43.87000 10.38100 40.90600
 8 5 20 00 10 9143.80000 6.55000000 196.15000 43.87000 10.38100 40.90600
 8 5 20 00 11 9150.00000 6.57400000 196.06000 43.87000 10.39700 40.90600
 8 5 20 00 11 9154.40000 6.55000000 196.00000 43.87000 10.39700 40.90600
 8 5 20 00 12 9158.30000 6.55000000 196.09000 43.87000 10.40900 40.90600
 8 5 20 00 12 9169.80000 6.55000000 196.00000 43.87000 10.40900 40.90600
 8 5 20 00 13 9167.20000 6.55000000 196.00000 43.87000 10.40900 40.90600
 8 5 20 00 13 9170.50000 6.55000000 196.00000 43.85000 10.40900 40.90600
 8 5 20 00 14 9163.60000 6.57400000 195.96000 43.85000 10.42700 40.90600
 8 5 20 00 14 9155.30000 6.57400000 195.90000 43.87000 10.42700 40.90600
 8 5 20 00 15 9150.00000 6.57400000 195.90000 43.85000 10.42700 40.90600
 8 5 20 00 15 9146.10000 6.57400000 195.91000 43.85000 10.42600 40.90600
 8 5 20 00 16 9153.90000 6.57400000 195.99000 43.87000 10.42600 40.90600
 8 5 20 00 16 9164.70000 6.57400000 195.99000 43.87000 10.42600 40.90600
 8 5 20 00 17 9166.20000 6.55900000 195.96000 43.87000 10.42600 40.90600
 8 5 20 00 17 9166.40000 6.55900000 195.93000 43.87000 10.42600 40.90600
 8 5 20 00 18 9170.30000 6.57400000 195.96000 43.87000 10.42600 40.90600
 8 5 20 00 18 9167.60000 6.57400000 195.89000 43.87000 10.42600 40.90600
 8 5 20 00 19 9175.40000 6.57400000 195.81000 43.87000 10.42600 40.90600
 8 5 20 00 19 9168.60000 6.57400000 195.74000 43.88000 10.42600 40.90600
 8 5 20 00 20 9169.10000 6.57400000 195.74000 43.88000 10.42600 40.90600
 8 5 20 00 20 9165.00000 6.55900000 195.67000 43.88000 10.42600 40.90600
 8 5 20 00 21 9161.80000 6.57400000 195.67000 43.88000 10.42600 40.83000
 8 5 20 00 21 9165.50000 6.57400000 195.67000 43.88000 10.42600 40.90600
 8 5 20 00 22 9166.60000 6.57400000 195.67000 43.89000 10.42600 40.90600
 8 5 20 00 22 9168.10000 6.57400000 195.87000 43.89000 10.42600 40.90600
 8 5 20 00 23 9168.90000 6.57400000 195.66000 43.89000 10.42600 40.90600
 8 5 20 00 23 9175.10000 6.57400000 195.95000 43.89000 10.42600 40.90600
 8 5 20 00 24 9180.00000 6.57400000 196.00000 43.89000 10.42600 40.90600
 8 5 20 00 24 9191.00000 6.57400000 196.00000 43.89000 10.42600 40.90600
 8 5 20 00 25 9191.80000 6.57400000 196.00000 43.88000 10.42700 40.90600
 8 5 20 00 25 9192.20000 6.57400000 196.28000 43.88000 10.42600 40.90600
 8 5 20 00 26 9199.60000 6.57400000 196.52000 43.88000 10.42600 40.90600
 8 5 20 00 26 9190.10000 6.57400000 196.32000 43.89000 10.42600 40.90600
 8 5 20 00 27 9207.00000 6.57400000 196.43000 43.88000 10.42600 40.90200
 8 5 20 00 27 9207.10000 6.57100000 196.55000 43.88000 10.42600 40.90200
 8 5 20 00 28 9213.20000 6.57100000 196.57000 43.93000 10.42600 40.90200
 8 5 20 00 28 9214.80000 6.57400000 196.57000 43.93000 10.43000 40.90200
 8 5 20 00 29 9216.20000 6.57100000 196.57000 43.93000 10.43000 40.90200
 8 5 20 00 29 9221.00000 6.57100000 196.57000 43.93000 10.43000 40.90200
 8 5 20 00 30 9219.40000 6.57100000 196.55000 43.93000 10.43000 40.90200
 8 5 20 00 30 9220.50000 6.57100000 196.55000 43.93000 10.43000 40.90200
 8 5 20 00 31 9220.10000 6.57100000 196.55000 43.93000 10.43000 40.90200
 8 5 20 00 31 9222.50000 6.57100000 196.53000 43.93000 10.43000 40.90200
 8 5 20 00 32 9222.60000 6.57100000 196.55000 43.88000 10.43000 40.90200
 8 5 20 00 32 9222.50000 6.57100000 196.43000 43.95000 10.43000 40.90200
 8 5 20 00 33 9223.10000 6.57100000 196.60000 43.95000 10.43000 40.90200
 8 5 20 00 33 9232.80000 6.57100000 196.67000 43.95000 10.43000 40.90200
 8 5 20 00 34 9233.10000 6.57100000 196.63000 43.95000 10.42600 40.88900
 8 5 20 00 34 9235.00000 6.57100000 196.63000 43.95000 10.43000 40.90200
 8 5 20 00 35 9240.10000 6.57100000 196.67000 43.95000 10.43000 40.90600
 8 5 20 00 35 9244.70000 6.57100000 196.68000 43.95000 10.43000 40.90600
 8 5 20 00 36 9246.20000 6.57100000 196.69000 44.00000 10.43000 40.90600
 8 5 20 00 36 9231.80000 6.57100000 196.58000 43.95000 10.43000 40.90600
 8 5 20 00 37 9222.00000 6.57100000 196.54000 44.00000 10.43000 40.90600
 8 5 20 00 37 9229.80000 6.57100000 196.70000 44.00000 10.43000 40.90600
 8 5 20 00 38 9228.80000 6.57100000 196.75000 44.00000 10.43000 40.90600
 8 5 20 00 38 9228.90000 6.57100000 196.75000 44.09000 10.43000 40.90600
 8 5 20 00 39 9229.60000 6.57100000 196.75000 44.09000 10.43000 40.90600
 8 5 20 00 39 9222.20000 6.57100000 196.75000 44.09000 10.43000 40.90600
 8 5 20 00 40 9225.00000 6.57100000 196.56000 44.09000 10.43000 40.90600
 8 5 20 00 40 9217.90000 6.57400000 196.56000 44.05000 10.43000 40.90600
 8 5 20 00 41 9215.70000 6.57100000 196.56000 44.05000 10.43000 40.90600
 8 5 20 00 41 9216.80000 6.57400000 196.55000 44.05000 10.43000 40.90600
 8 5 20 00 42 9215.60000 6.57100000 196.56000 44.05000 10.43000 40.90600
 8 5 20 00 42 9215.20000 6.57100000 196.56000 44.05000 10.43000 40.95900
 8 5 20 00 43 9215.30000 6.57100000 196.56000 44.05000 10.43000 40.95900
 8 5 20 00 43 9221.90000 6.57100000 197.00000 44.13000 10.43000 40.95900
 8 5 20 00 44 9230.10000 6.57400000 197.00000 44.18000 10.43000 40.95900
 8 5 20 00 44 9238.00000 6.60100000 197.48000 44.29000 10.43000 40.95900
 8 5 20 00 45 9248.60000 6.60100000 197.50000 44.30000 10.40700 40.95900
 8 5 20 00 45 9248.90000 6.60000000 197.56000 44.34000 10.40700 40.95900
 8 5 20 00 46 9249.40000 6.57100000 197.83000 44.34000 10.40700 41.35000
 8 5 20 00 46 9250.50000 6.61200000 198.00000 44.34000 10.40700 41.35000
 8 5 20 00 47 9255.00000 6.61200000 197.86000 44.34000 10.43000 41.35000
 8 5 20 00 47 9254.60000 6.61200000 197.60000 44.30000 10.40700 41.23700
 8 5 20 00 48 9253.00000 6.61200000 197.60000 44.34000 10.42600 41.23700
 8 5 20 00 48 9250.60000 6.63000000 197.60000 44.34000 10.40700 41.23700
 8 5 20 00 49 9243.30000 6.63000000 197.75000 44.34000 10.40700 41.23700
 8 5 20 00 49 9234.10000 6.63000000 197.57000 44.34000 10.40700 41.23700
