M=[
24 5 21 19 43 31446.10000 51.15000000 2096.84000 141.10000 24.99700 114.62200
24 5 21 19 43 31550.00000 51.75200000 2100.00000 141.10000 24.99700 114.62200
24 5 21 19 44 31955.90000 52.19000000 2114.97000 142.33000 24.99700 115.23800
24 5 21 19 44 32105.70000 52.14000000 2123.04000 142.87000 25.06300 115.75800
24 5 21 19 45 32240.10000 52.50200000 2137.60000 143.66000 25.06800 116.63800
24 5 21 19 45 32255.50000 52.46000000 2133.00000 143.37000 25.06200 116.43700
24 5 21 19 46 32410.00000 52.77400000 2150.00000 144.51000 25.22200 117.75800
24 5 21 19 46 32338.90000 52.75400000 2131.23000 143.99000 25.22900 117.58500
24 5 21 19 46 32290.40000 52.60800000 2137.94000 144.12000 25.25300 117.18000
24 5 21 19 47 32036.10000 52.37800000 2127.16000 143.00000 25.25300 116.63900
24 5 21 19 47 32039.60000 52.17500000 2123.79000 143.30000 25.10800 116.46700
24 5 21 19 48 32140.90000 52.36300000 2136.46000 144.17000 25.10800 117.13000
24 5 21 19 48 32148.00000 52.69900000 2137.64000 144.33000 25.24800 116.95900
24 5 21 19 49 32176.80000 52.67600000 2146.57000 144.43000 25.24800 116.96600
24 5 21 19 49 32200.80000 52.81200000 2153.61000 145.00000 25.24800 116.96600
24 5 21 19 49 32236.10000 53.00000000 2155.45000 145.39000 25.24800 117.54000
24 5 21 19 50 32283.50000 53.00000000 2159.31000 145.22000 25.24800 117.54000
24 5 21 19 50 32307.90000 53.46100000 2162.99000 145.99000 25.38000 117.54000
24 5 21 19 51 32304.10000 53.42400000 2169.89000 146.50000 25.27800 117.84000
24 5 21 19 51 32486.20000 53.63400000 2174.81000 147.25000 25.30300 118.42200
24 5 21 19 52 32368.10000 53.50000000 2168.36000 146.72000 25.47300 118.42200
24 5 21 19 52 32345.10000 53.36300000 2172.45000 147.12000 25.47300 118.05500
24 5 21 19 52 32425.70000 53.68500000 2179.60000 147.70000 25.47500 118.05500
24 5 21 19 53 32374.30000 53.42700000 2179.01000 147.58000 25.52400 118.05500
24 5 21 19 53 32463.70000 53.66700000 2178.69000 148.49000 25.43400 118.05500
24 5 21 19 54 32538.20000 53.78700000 2180.46000 148.55000 25.48300 118.57300
24 5 21 19 54 32613.50000 53.87900000 2179.90000 148.69000 25.48300 118.57300
24 5 21 19 55 32618.90000 53.69700000 2178.86000 149.12000 25.48300 118.62000
24 5 21 19 55 32621.60000 53.69700000 2181.40000 149.17000 25.48300 118.62000
24 5 21 19 55 32552.30000 53.78300000 2176.88000 149.42000 25.48300 118.62000
24 5 21 19 56 32422.20000 53.37400000 2161.81000 148.21000 25.42000 118.42100
24 5 21 19 56 32483.40000 53.47500000 2165.03000 148.69000 25.40700 118.42100
24 5 21 19 57 32466.20000 53.47500000 2165.87000 149.13000 25.39200 118.42100
24 5 21 19 57 32450.00000 53.50000000 2163.75000 149.27000 25.39200 118.42100
24 5 21 19 58 32459.40000 53.29100000 2160.46000 149.45000 25.39200 118.42100
24 5 21 19 58 32448.50000 53.57900000 2166.63000 149.28000 25.39200 118.42100
24 5 21 19 58 32513.10000 53.71200000 2173.58000 149.94000 25.40600 118.73600
24 5 21 19 59 32607.30000 54.00000000 2179.07000 150.05000 25.40600 118.73600
24 5 21 19 59 32551.30000 54.00000000 2177.49000 149.94000 25.40600 118.73600
24 5 21 20 00 32600.00000 53.85400000 2182.57000 149.99000 25.39300 118.76400
24 5 21 20 00 32710.50000 54.22500000 2189.99000 150.09000 25.41900 118.80900
24 5 21 20 01 32707.00000 54.24300000 2188.28000 149.76000 25.43200 118.80900
24 5 21 20 01 32779.80000 54.38800000 2193.41000 150.05000 25.43200 118.97300
24 5 21 20 01 32718.70000 54.25800000 2187.60000 149.56000 25.43200 118.25000
24 5 21 20 02 32581.00000 53.66200000 2173.38000 148.68000 25.43200 118.25000
24 5 21 20 02 32617.90000 53.73700000 2180.00000 148.90000 25.43200 118.25000
24 5 21 20 03 32596.80000 53.73700000 2178.51000 149.13000 25.43200 117.72200
24 5 21 20 03 32553.40000 53.59500000 2176.27000 148.97000 25.43200 117.72200
24 5 21 20 04 32581.80000 53.91500000 2180.74000 149.20000 25.45000 117.86000
24 5 21 20 04 32574.00000 53.84200000 2178.41000 149.37000 25.60000 118.13700
24 5 21 20 04 32594.60000 53.54800000 2181.98000 149.47000 25.60000 118.13700
24 5 21 20 05 32583.00000 53.51100000 2176.16000 149.37000 25.60000 118.13700
24 5 21 20 05 32536.10000 53.74700000 2177.37000 149.35000 25.60000 118.14000
24 5 21 20 06 32607.60000 53.84200000 2184.38000 149.61000 25.54900 118.32700
24 5 21 20 06 32594.50000 53.74700000 2177.52000 149.02000 25.54900 118.32700
24 5 21 20 07 32510.10000 53.74700000 2174.59000 148.46000 25.54900 118.32700
24 5 21 20 07 32494.80000 53.50100000 2174.12000 148.55000 25.54900 118.32700
24 5 21 20 07 32443.80000 53.50000000 2169.56000 148.16000 25.70000 118.32700
24 5 21 20 08 32459.20000 53.27700000 2168.99000 148.37000 25.53000 117.89500
24 5 21 20 08 32474.40000 53.27700000 2169.93000 148.44000 25.53000 117.89500
24 5 21 20 09 32467.30000 53.27700000 2163.86000 148.24000 25.53000 117.89500
24 5 21 20 09 32500.40000 53.65900000 2162.51000 148.40000 25.52800 117.89500
24 5 21 20 10 32457.50000 53.30200000 2162.05000 148.46000 25.52800 117.89500
24 5 21 20 10 32458.20000 53.44600000 2165.05000 148.55000 25.52800 117.89500
24 5 21 20 10 32502.90000 53.48000000 2166.56000 148.84000 25.52800 117.89500
24 5 21 20 11 32488.50000 53.51300000 2164.91000 148.95000 25.52800 117.89500
24 5 21 20 11 32454.20000 53.51300000 2167.78000 148.98000 25.52800 117.89500
24 5 21 20 12 32487.50000 53.52500000 2165.01000 148.87000 25.52800 117.94700
24 5 21 20 12 32457.50000 53.56400000 2164.17000 149.00000 25.52800 117.94700
24 5 21 20 13 32463.10000 53.41300000 2164.43000 148.94000 25.52800 117.97200
24 5 21 20 13 32475.40000 53.41300000 2166.12000 149.16000 25.53200 117.97200
24 5 21 20 13 32447.90000 53.41300000 2166.44000 148.92000 25.53200 118.32900
24 5 21 20 14 32463.40000 53.72500000 2174.44000 148.92000 25.53200 118.32900
24 5 21 20 14 32505.80000 53.72500000 2180.00000 149.38000 25.53200 118.32900
24 5 21 20 15 32444.00000 53.85400000 2174.37000 149.47000 25.53200 118.30300
24 5 21 20 15 32382.90000 53.51100000 2169.19000 148.76000 25.53200 117.82400
24 5 21 20 16 32322.60000 53.51100000 2167.31000 148.58000 25.53200 117.82400
24 5 21 20 16 32305.10000 53.30900000 2162.61000 148.15000 25.53200 117.63700
24 5 21 20 16 32279.70000 53.34100000 2162.01000 148.28000 25.53200 117.63700
24 5 21 20 17 32215.10000 53.15600000 2156.34000 147.97000 25.53200 117.63700
24 5 21 20 17 32199.30000 53.00000000 2156.78000 148.02000 25.53200 116.88500
24 5 21 20 18 32215.00000 53.09100000 2157.89000 147.95000 25.53200 116.88500
24 5 21 20 18 32158.20000 53.09100000 2155.96000 147.95000 25.52700 116.80100
24 5 21 20 19 32133.90000 52.98100000 2153.94000 147.42000 25.52700 116.64100
24 5 21 20 19 32165.30000 53.00600000 2155.57000 147.80000 25.52700 116.64100
24 5 21 20 19 32150.60000 53.17400000 2155.01000 147.81000 25.51400 116.64100
24 5 21 20 20 32243.30000 53.36800000 2162.08000 147.87000 25.51400 116.88100
24 5 21 20 20 32225.00000 53.39000000 2163.37000 147.91000 25.51400 117.38400
24 5 21 20 21 32168.20000 53.39000000 2159.35000 147.90000 25.51400 117.38400
24 5 21 20 21 32228.70000 53.33100000 2163.43000 147.99000 25.51400 117.38400
24 5 21 20 22 32309.50000 53.35700000 2169.46000 148.13000 25.51400 117.38400
24 5 21 20 22 32243.80000 53.41100000 2167.93000 148.13000 25.51400 117.74100
24 5 21 20 22 32280.90000 53.41100000 2166.04000 147.93000 25.51400 117.74100
24 5 21 20 23 32223.50000 53.32000000 2163.64000 147.89000 25.51400 117.74100
24 5 21 20 23 32186.20000 53.24400000 2163.00000 147.89000 25.51400 117.74100
24 5 21 20 24 32223.00000 53.38200000 2165.05000 148.00000 25.51400 117.74100
24 5 21 20 24 32261.30000 53.28300000 2165.63000 148.22000 25.51400 117.74100
24 5 21 20 25 32165.40000 53.15900000 2156.96000 147.82000 25.51400 117.74100
24 5 21 20 25 32185.00000 53.15900000 2151.44000 147.72000 25.51400 117.74100
24 5 21 20 25 32114.40000 53.15900000 2150.10000 147.92000 25.51400 117.74100
24 5 21 20 26 32103.40000 52.98600000 2148.41000 147.44000 25.50100 117.19600
24 5 21 20 26 32125.20000 52.95300000 2144.27000 147.72000 25.50100 117.19600
