M=[
23 11 20 01 28 15224.30000 5.09600000 466.86000 68.90000 13.67700 57.70000
23 11 20 01 28 15206.60000 5.09600000 465.91000 68.85000 13.67700 57.70000
23 11 20 01 29 15211.90000 5.09600000 466.83000 68.85000 13.67700 57.70000
23 11 20 01 29 15211.70000 5.09600000 466.41000 68.85000 13.67700 57.25700
23 11 20 01 30 15211.70000 5.09600000 466.13000 68.86000 13.67700 57.25700
23 11 20 01 30 15213.80000 5.09600000 466.19000 68.86000 13.67700 57.25700
23 11 20 01 31 15200.10000 5.09600000 466.19000 68.86000 13.67700 57.25700
23 11 20 01 31 15204.60000 5.09600000 466.19000 68.86000 13.67700 57.25700
23 11 20 01 31 15204.50000 5.09600000 467.00000 68.86000 13.67700 57.25700
23 11 20 01 32 15240.30000 5.09600000 467.94000 69.10000 13.67700 57.25700
23 11 20 01 32 15261.50000 5.09600000 468.42000 69.17000 13.67700 57.25700
23 11 20 01 33 15269.20000 5.09600000 468.89000 69.21000 13.67700 57.25700
23 11 20 01 33 15264.20000 5.09600000 469.33000 69.21000 13.67700 57.25700
23 11 20 01 33 15260.60000 5.09600000 468.86000 69.21000 13.67700 57.25700
23 11 20 01 34 15260.60000 5.09600000 468.86000 69.21000 13.67700 57.25700
23 11 20 01 34 15241.40000 5.09600000 468.10000 69.30000 13.67700 57.25700
23 11 20 01 35 15241.40000 5.09600000 468.10000 69.19000 13.67700 57.25700
23 11 20 01 35 15241.40000 5.09600000 469.00000 69.19000 13.67700 57.25700
23 11 20 01 36 15226.40000 5.09600000 468.58000 69.28000 13.67700 57.25700
23 11 20 01 36 15216.70000 5.09600000 468.58000 69.12000 13.67700 57.25700
23 11 20 01 36 15216.60000 5.09600000 468.58000 68.98000 13.67700 57.25700
23 11 20 01 37 15216.40000 5.09600000 467.89000 68.98000 13.67700 57.25700
23 11 20 01 37 15201.90000 5.02900000 466.75000 68.74000 13.67700 57.25700
23 11 20 01 38 15192.30000 5.02900000 466.15000 68.74000 13.67700 57.25700
23 11 20 01 38 15211.20000 5.02900000 467.19000 68.74000 13.67700 57.25700
23 11 20 01 39 15198.10000 5.02900000 467.19000 68.74000 13.67700 57.25700
23 11 20 01 39 15198.10000 5.02900000 466.81000 68.74000 13.67700 57.25700
23 11 20 01 39 15198.10000 5.02900000 466.81000 68.74000 13.67700 57.25700
23 11 20 01 40 15210.80000 5.02900000 468.28000 68.85000 13.67700 57.25700
23 11 20 01 40 15228.40000 5.02900000 468.71000 68.85000 13.67700 57.25700
23 11 20 01 41 15230.30000 5.02900000 469.20000 68.98000 13.67700 57.25700
23 11 20 01 41 15255.40000 5.02900000 469.94000 69.09000 13.67700 57.25700
23 11 20 01 42 15255.40000 5.02900000 469.88000 69.09000 13.67700 57.25700
23 11 20 01 42 15259.90000 5.02900000 469.27000 69.22000 13.67700 57.25700
23 11 20 01 42 15251.40000 5.02900000 469.28000 69.22000 13.67700 57.25700
23 11 20 01 43 15256.00000 5.02900000 469.28000 69.22000 13.67700 57.25700
23 11 20 01 43 15269.20000 5.02900000 470.52000 69.22000 13.67700 57.25700
23 11 20 01 44 15275.20000 5.02900000 470.63000 69.22000 13.67700 57.25700
23 11 20 01 44 15281.80000 5.02900000 470.63000 69.22000 13.67700 57.25700
23 11 20 01 45 15267.70000 5.02900000 470.62000 69.22000 13.67700 57.25700
23 11 20 01 45 15275.00000 5.02900000 471.01000 69.22000 13.67700 57.25700
23 11 20 01 45 15276.30000 5.02900000 471.50000 69.22000 13.67700 57.25700
23 11 20 01 46 15270.20000 5.02900000 471.49000 69.33000 13.67700 57.25700
23 11 20 01 46 15265.20000 5.02900000 470.54000 69.33000 13.67700 57.25700
23 11 20 01 47 15265.20000 5.02900000 470.05000 69.20000 13.67700 57.25700
23 11 20 01 47 15286.80000 5.02900000 470.05000 69.26000 13.67700 57.25700
23 11 20 01 48 15295.90000 5.02900000 471.72000 69.44000 13.67700 57.25700
23 11 20 01 48 15304.80000 5.02900000 472.28000 69.44000 13.67700 57.25700
23 11 20 01 48 15300.00000 5.02900000 471.75000 69.49000 13.67700 57.25700
23 11 20 01 49 15320.00000 5.02900000 472.66000 69.59000 13.67700 57.25700
23 11 20 01 49 15313.80000 5.02900000 472.28000 69.64000 13.67700 57.25700
23 11 20 01 50 15311.90000 5.02900000 471.49000 69.64000 13.67700 57.25700
23 11 20 01 50 15303.70000 5.02900000 471.49000 69.64000 13.67700 57.25700
23 11 20 01 51 15292.40000 5.02900000 470.94000 69.49000 13.67700 57.25700
23 11 20 01 51 15292.40000 5.02900000 470.94000 69.49000 13.67700 57.25700
23 11 20 01 51 15314.30000 5.02900000 470.94000 69.49000 13.67700 57.25700
23 11 20 01 52 15294.70000 5.02900000 471.71000 69.49000 13.67700 57.25700
23 11 20 01 52 15294.60000 5.02900000 471.00000 69.55000 13.67700 57.25700
23 11 20 01 53 15294.60000 5.02900000 471.83000 69.55000 13.67700 57.25700
23 11 20 01 53 15312.60000 5.08200000 471.83000 69.55000 13.67700 57.25700
23 11 20 01 54 15304.00000 5.08200000 471.83000 69.55000 13.67700 57.25700
23 11 20 01 54 15320.00000 5.08200000 471.83000 69.55000 13.67700 57.59700
23 11 20 01 54 15308.40000 5.08200000 471.83000 69.55000 13.67700 57.59700
23 11 20 01 55 15303.20000 5.08200000 471.83000 69.54000 13.67700 57.59700
23 11 20 01 55 15303.20000 5.08200000 471.19000 69.50000 13.67700 57.59700
23 11 20 01 56 15297.00000 5.08200000 471.19000 69.50000 13.67700 57.59700
23 11 20 01 56 15297.00000 5.08200000 470.86000 69.50000 13.67700 57.59700
23 11 20 01 57 15312.40000 5.08200000 470.91000 69.50000 13.67700 57.59700
23 11 20 01 57 15314.60000 5.08200000 470.91000 69.54000 13.67700 57.59700
23 11 20 01 57 15314.60000 5.08200000 470.86000 69.56000 13.67700 57.59700
23 11 20 01 58 15333.00000 5.08200000 471.12000 69.56000 13.67700 57.59700
23 11 20 01 58 15323.10000 5.08200000 471.45000 69.57000 13.67700 57.59700
23 11 20 01 59 15313.70000 5.08200000 471.45000 69.49000 13.67700 57.59700
23 11 20 01 59 15313.70000 5.08200000 471.45000 69.49000 13.67700 57.59500
23 11 20 02 00 15305.00000 5.08200000 471.01000 69.47000 13.67700 57.59500
23 11 20 02 00 15306.00000 5.08200000 471.01000 69.47000 13.67700 57.59500
23 11 20 02 00 15300.00000 5.08200000 470.25000 69.44000 13.67700 57.59500
23 11 20 02 01 15300.70000 5.08200000 470.25000 69.44000 13.67700 57.59500
23 11 20 02 01 15319.90000 5.08200000 470.25000 69.56000 13.67700 57.59500
23 11 20 02 02 15350.00000 5.08200000 471.77000 69.74000 13.67700 57.59500
23 11 20 02 02 15368.50000 5.08800000 472.20000 69.72000 13.67700 57.59500
23 11 20 02 03 15360.80000 5.08800000 472.56000 69.58000 13.67700 57.59500
23 11 20 02 03 15360.10000 5.08800000 472.99000 69.58000 13.67700 57.59500
23 11 20 02 03 15358.00000 5.08800000 472.99000 69.58000 13.67700 57.59500
23 11 20 02 04 15361.80000 5.08800000 472.99000 69.58000 13.67700 57.59500
23 11 20 02 04 15361.60000 5.08800000 472.40000 69.58000 13.67700 57.59500
23 11 20 02 05 15360.30000 5.08800000 472.40000 69.58000 13.67700 57.59500
23 11 20 02 05 15355.10000 5.08800000 472.40000 69.58000 13.67700 57.59500
23 11 20 02 06 15362.30000 5.08800000 471.96000 69.58000 13.67700 57.59500
23 11 20 02 06 15369.70000 5.08800000 471.96000 69.58000 13.67700 57.59500
23 11 20 02 06 15389.10000 5.08800000 472.60000 69.58000 13.67700 57.59500
23 11 20 02 07 15387.60000 5.08800000 472.53000 69.58000 13.67700 57.59500
23 11 20 02 07 15381.90000 5.08800000 472.45000 69.58000 13.67700 57.59500
23 11 20 02 08 15382.60000 5.08800000 472.45000 69.66000 13.67700 57.59500
23 11 20 02 08 15384.00000 5.08800000 472.45000 69.66000 13.67700 57.59500
23 11 20 02 09 15381.90000 5.08800000 471.97000 69.60000 13.67700 57.59500
23 11 20 02 09 15367.50000 5.08800000 471.26000 69.57000 13.67700 57.59500
23 11 20 02 09 15352.20000 5.08800000 471.26000 69.57000 13.67700 57.59500
23 11 20 02 10 15352.20000 5.08800000 470.48000 69.42000 13.67700 57.59500
23 11 20 02 10 15350.70000 5.08800000 471.47000 69.42000 13.67700 57.59500
23 11 20 02 11 15357.30000 5.08800000 471.73000 69.42000 13.67700 57.59500
23 11 20 02 11 15357.30000 5.08800000 471.73000 69.42000 13.67700 57.59500
23 11 20 02 12 15357.30000 5.08800000 471.73000 69.42000 13.67700 57.59500
23 11 20 02 12 15357.30000 5.08800000 471.73000 69.42000 13.67700 57.59500
23 11 20 02 12 15357.30000 5.08800000 471.73000 69.42000 13.67700 57.59500
23 11 20 02 13 15365.80000 5.08800000 472.39000 69.42000 13.67700 57.59500
