M=[
 2 5 20 03 50 8055.20000 6.06300000 194.13000 43.11000 9.98600 41.60000
 2 5 20 03 50 8055.20000 6.06300000 194.20000 43.11000 9.98600 41.60000
 2 5 20 03 51 8055.40000 6.06300000 194.20000 43.11000 9.98600 41.60000
 2 5 20 03 51 8044.70000 6.06100000 194.20000 43.11000 9.98600 41.60000
 2 5 20 03 52 8050.20000 6.06300000 194.35000 43.11000 9.98600 41.60000
 2 5 20 03 52 8043.70000 6.06300000 194.35000 43.11000 9.98600 41.60000
 2 5 20 03 53 8050.10000 6.06300000 194.35000 43.11000 9.98600 41.60000
 2 5 20 03 53 8050.20000 6.06300000 194.35000 43.11000 9.98600 41.60000
 2 5 20 03 54 8050.20000 6.06300000 194.35000 43.11000 9.98600 41.60000
 2 5 20 03 54 8050.20000 6.06300000 194.35000 43.11000 9.98600 41.60000
 2 5 20 03 55 8050.10000 6.06300000 194.02000 43.11000 9.98600 41.60000
 2 5 20 03 55 8050.10000 6.06300000 193.94000 43.11000 9.98600 41.60000
 2 5 20 03 56 8050.10000 6.06300000 193.90000 43.08000 9.98600 41.60000
 2 5 20 03 56 8038.30000 6.06300000 193.88000 43.05000 9.98600 41.60000
 2 5 20 03 57 8039.10000 6.06300000 193.88000 43.05000 9.98600 41.60000
 2 5 20 03 57 8042.40000 6.06300000 193.88000 43.07000 9.98600 41.60000
 2 5 20 03 58 8041.50000 6.06300000 193.88000 43.07000 9.98600 41.60000
 2 5 20 03 58 8041.50000 6.06300000 193.86000 43.07000 9.98600 41.60000
 2 5 20 03 59 8045.20000 6.06300000 193.80000 43.07000 9.98600 41.60000
 2 5 20 03 59 8044.20000 6.06300000 194.09000 43.07000 9.98600 41.60000
 2 5 20 04 00 8041.50000 6.06300000 193.95000 43.07000 9.98600 41.60000
 2 5 20 04 00 8038.30000 6.06300000 193.97000 43.05000 9.98600 41.60000
 2 5 20 04 01 8038.30000 6.06300000 194.18000 43.07000 9.98600 41.60000
 2 5 20 04 01 8041.50000 6.07000000 194.21000 43.07000 9.98600 41.60000
 2 5 20 04 02 8041.50000 6.06300000 194.21000 43.04000 9.98600 41.60000
 2 5 20 04 02 8038.60000 6.06300000 194.21000 43.07000 9.98600 41.63700
 2 5 20 04 03 8041.30000 6.06300000 194.03000 43.04000 9.98600 41.63700
 2 5 20 04 03 8037.70000 6.06300000 194.03000 43.07000 9.98600 41.60000
 2 5 20 04 04 8048.40000 6.06100000 194.39000 43.08000 9.98600 41.60000
 2 5 20 04 04 8050.20000 6.06300000 194.45000 43.08000 9.98600 41.60000
 2 5 20 04 05 8058.10000 6.06300000 194.38000 43.08000 9.98600 41.60000
 2 5 20 04 05 8054.70000 6.06300000 194.38000 43.08000 9.96200 41.60000
 2 5 20 04 06 8054.70000 6.06300000 194.38000 43.08000 9.98600 41.60000
 2 5 20 04 06 8054.70000 6.06300000 194.38000 43.08000 9.98600 41.60000
 2 5 20 04 07 8058.00000 6.10000000 194.42000 43.14000 9.98600 41.60000
 2 5 20 04 07 8053.50000 6.10000000 194.42000 43.14000 9.98600 41.63700
 2 5 20 04 08 8053.60000 6.06300000 194.51000 43.14000 9.98600 41.60000
 2 5 20 04 08 8058.70000 6.09900000 194.51000 43.14000 9.98600 41.60000
 2 5 20 04 09 8058.70000 6.09900000 194.51000 43.14000 9.98600 41.60000
 2 5 20 04 09 8058.70000 6.09900000 194.51000 43.14000 9.98600 41.60000
 2 5 20 04 10 8055.80000 6.08400000 194.45000 43.14000 9.98600 41.60000
 2 5 20 04 11 8050.10000 6.08400000 194.24000 43.14000 9.98600 41.60000
 2 5 20 04 11 8049.70000 6.08400000 194.25000 43.14000 9.98600 41.60000
 2 5 20 04 12 8049.70000 6.08400000 194.25000 43.12000 9.98600 41.60000
 2 5 20 04 12 8049.70000 6.08400000 194.25000 43.12000 9.98600 41.60000
 2 5 20 04 13 8049.80000 6.08400000 194.17000 43.12000 9.98600 41.60000
 2 5 20 04 13 8049.70000 6.08400000 194.11000 43.08000 9.98600 41.60000
 2 5 20 04 14 8047.90000 6.08400000 194.11000 43.08000 9.98600 41.60000
 2 5 20 04 14 8047.90000 6.08400000 194.11000 43.08000 9.98600 41.60000
 2 5 20 04 15 8048.10000 6.08400000 194.11000 43.12000 9.98600 41.60000
 2 5 20 04 15 8049.80000 6.08400000 194.20000 43.08000 9.96200 41.60000
 2 5 20 04 15 8050.00000 6.08400000 194.20000 43.08000 9.98600 41.60000
 2 5 20 04 16 8050.20000 6.10000000 194.20000 43.08000 9.98600 41.60000
 2 5 20 04 16 8050.20000 6.08400000 194.20000 43.08000 9.98600 41.60000
 2 5 20 04 17 8045.10000 6.08400000 194.11000 43.06000 9.98600 41.60000
 2 5 20 04 17 8045.10000 6.08100000 194.00000 43.06000 9.98600 41.60000
 2 5 20 04 18 8050.00000 6.08100000 194.17000 43.06000 9.98600 41.60000
 2 5 20 04 18 8059.30000 6.08400000 194.17000 43.06000 9.96200 41.60000
 2 5 20 04 19 8050.00000 6.08100000 194.36000 43.06000 9.98600 41.60000
 2 5 20 04 19 8059.30000 6.10000000 194.33000 43.06000 9.96200 41.60000
 2 5 20 04 20 8054.40000 6.10000000 194.23000 43.12000 9.98600 41.60000
 2 5 20 04 21 8045.20000 6.08100000 194.23000 43.12000 9.98600 41.60000
 2 5 20 04 21 8045.20000 6.08100000 194.11000 43.12000 9.98600 41.60000
 2 5 20 04 22 8045.60000 6.08100000 194.04000 43.12000 9.98600 41.60000
 2 5 20 04 22 8045.60000 6.10000000 194.12000 43.12000 9.98600 41.60000
 2 5 20 04 23 8045.50000 6.08100000 194.12000 43.12000 9.98600 41.60000
 2 5 20 04 23 8045.50000 6.08100000 194.08000 43.12000 9.96200 41.60000
 2 5 20 04 23 8045.50000 6.08100000 194.12000 43.12000 9.98600 41.60000
 2 5 20 04 24 8045.20000 6.08100000 194.08000 43.08000 9.98600 41.60000
 2 5 20 04 24 8045.20000 6.08100000 194.08000 43.08000 9.98600 41.60000
 2 5 20 04 25 8045.20000 6.08100000 193.93000 43.08000 9.98600 41.60000
 2 5 20 04 25 8045.10000 6.08100000 193.94000 43.08000 9.98600 41.60000
 2 5 20 04 26 8045.10000 6.08100000 193.94000 43.08000 9.98600 41.60000
 2 5 20 04 26 8050.30000 6.08100000 193.94000 43.08000 9.98600 41.60000
 2 5 20 04 27 8050.30000 6.08100000 193.91000 43.08000 9.98600 41.57500
 2 5 20 04 28 8045.10000 6.08100000 193.91000 43.08000 9.98600 41.60000
 2 5 20 04 28 8045.00000 6.08400000 193.80000 43.08000 9.98600 41.60000
 2 5 20 04 29 8033.30000 6.08100000 193.80000 43.08000 9.98600 41.60000
 2 5 20 04 29 8034.30000 6.08100000 193.80000 43.08000 9.96200 41.60000
 2 5 20 04 30 8028.60000 6.08100000 193.64000 43.06000 9.98600 41.60000
 2 5 20 04 30 8032.60000 6.08100000 193.64000 43.00000 9.98600 41.60000
 2 5 20 04 31 8031.20000 6.08100000 193.71000 43.00000 9.98600 41.60000
 2 5 20 04 31 8029.00000 6.08100000 193.80000 43.00000 9.98600 41.60000
 2 5 20 04 32 8029.00000 6.08100000 193.71000 42.97000 9.98600 41.60000
 2 5 20 04 32 8028.70000 6.08100000 193.63000 42.97000 9.98600 41.60000
 2 5 20 04 33 8028.70000 6.08100000 193.62000 42.97000 9.98600 41.60000
 2 5 20 04 33 8033.50000 6.08400000 193.62000 42.97000 9.98600 41.60000
 2 5 20 04 34 8033.60000 6.08100000 193.64000 42.97000 9.98600 41.60000
 2 5 20 04 34 8033.60000 6.08100000 193.64000 42.97000 9.98600 41.60000
 2 5 20 04 35 8031.20000 6.08100000 193.64000 42.99000 9.98600 41.60000
 2 5 20 04 35 8031.20000 6.08100000 193.64000 42.99000 9.98600 41.60000
 2 5 20 04 36 8032.20000 6.08100000 193.72000 42.99000 9.98600 41.60000
 2 5 20 04 36 8032.20000 6.08100000 193.72000 42.99000 9.98600 41.60000
 2 5 20 04 37 8031.40000 6.08100000 193.72000 42.99000 9.98600 41.60000
 2 5 20 04 37 8031.50000 6.08100000 193.69000 43.12000 9.98600 41.60000
 2 5 20 04 38 8031.40000 6.10000000 193.69000 42.99000 9.98600 41.60000
 2 5 20 04 38 8031.40000 6.08500000 193.69000 42.99000 9.98600 41.60000
 2 5 20 04 39 8031.40000 6.08100000 193.69000 42.99000 9.98600 41.60000
 2 5 20 04 39 8031.40000 6.08200000 193.69000 42.99000 9.98600 41.60000
 2 5 20 04 40 8031.40000 6.08200000 193.69000 42.99000 9.98600 41.57500
 2 5 20 04 40 8031.40000 6.08400000 193.72000 42.99000 9.98600 41.60000
 2 5 20 04 41 8031.50000 6.08200000 193.71000 42.99000 9.98600 41.60000
 2 5 20 04 41 8031.50000 6.08200000 193.71000 42.99000 9.98600 41.60000
 2 5 20 04 41 8031.50000 6.08200000 193.71000 42.99000 9.98600 41.60000
 2 5 20 04 42 8038.20000 6.08200000 193.71000 42.99000 9.98600 41.63700
 2 5 20 04 43 8036.80000 6.08200000 193.86000 42.99000 9.98600 41.60000
 2 5 20 04 43 8031.50000 6.08200000 193.86000 42.99000 9.98600 41.60000
 2 5 20 04 43 8031.60000 6.08200000 193.70000 42.99000 9.98600 41.57500
 2 5 20 04 44 8023.20000 6.08200000 193.63000 43.02000 9.98600 41.60000
 2 5 20 04 45 8022.60000 6.08200000 193.47000 42.99000 9.98600 41.60000
 2 5 20 04 45 8020.10000 6.08200000 193.47000 42.99000 9.98600 41.60000
