M=[
12 6 20 11 46 8413.40000 5.70300000 209.83000 39.41000 13.31200 45.93400
12 6 20 11 46 8412.20000 5.70300000 209.81000 39.41000 13.31200 45.93400
12 6 20 11 47 8408.60000 5.70300000 209.67000 39.41000 13.31200 45.93400
12 6 20 11 47 8407.10000 5.70300000 209.67000 39.45000 13.31200 45.93400
12 6 20 11 48 8407.90000 5.70300000 209.78000 39.41000 13.28900 45.93400
12 6 20 11 49 8408.70000 5.70300000 209.78000 39.41000 13.28900 45.90000
12 6 20 11 49 8406.60000 5.70300000 209.78000 39.41000 13.31200 45.90000
12 6 20 11 50 8408.70000 5.70300000 209.67000 39.41000 13.31200 45.90000
12 6 20 11 50 8409.80000 5.70300000 209.78000 39.41000 13.31200 45.93400
12 6 20 11 51 8412.30000 5.70300000 209.76000 39.41000 13.31200 45.93400
12 6 20 11 51 8411.40000 5.70400000 209.68000 39.38000 13.31200 45.93400
12 6 20 11 52 8410.10000 5.70300000 209.68000 39.38000 13.31200 45.93400
12 6 20 11 52 8408.60000 5.70300000 209.68000 39.38000 13.31200 45.93400
12 6 20 11 53 8410.00000 5.70300000 209.96000 39.45000 13.34000 45.93400
12 6 20 11 53 8410.00000 5.70300000 209.96000 39.36000 13.34000 45.93400
12 6 20 11 54 8414.30000 5.70300000 210.00000 39.36000 13.34000 45.93400
12 6 20 11 54 8415.30000 5.69000000 210.00000 39.36000 13.29900 45.93400
12 6 20 11 55 8415.00000 5.69000000 210.00000 39.36000 13.26900 45.93400
12 6 20 11 55 8417.00000 5.69000000 210.02000 39.36000 13.26900 45.93400
12 6 20 11 56 8416.00000 5.70400000 210.02000 39.36000 13.26900 45.93400
12 6 20 11 56 8422.20000 5.69000000 210.00000 39.36000 13.26900 45.93400
12 6 20 11 57 8419.60000 5.69000000 210.20000 39.36000 13.26900 45.90000
12 6 20 11 57 8422.20000 5.69000000 210.19000 39.36000 13.26900 45.84000
12 6 20 11 58 8424.20000 5.69000000 210.32000 39.36000 13.26900 45.93400
12 6 20 11 58 8424.20000 5.69000000 210.49000 39.38000 13.26900 45.93400
12 6 20 11 59 8420.80000 5.69000000 210.25000 39.36000 13.35300 45.93400
12 6 20 11 59 8417.70000 5.69000000 210.49000 39.38000 13.35300 45.90000
12 6 20 12 00 8417.70000 5.69000000 210.37000 39.37000 13.35300 45.84000
12 6 20 12 00 8420.00000 5.70000000 210.49000 39.40000 13.35300 45.93400
12 6 20 12 01 8420.00000 5.70000000 210.48000 39.40000 13.35300 45.93400
12 6 20 12 01 8424.00000 5.70000000 210.45000 39.43000 13.35300 45.93400
12 6 20 12 02 8420.10000 5.70000000 210.25000 39.43000 13.35300 45.93400
12 6 20 12 02 8417.40000 5.70000000 210.22000 39.39000 13.35300 45.93400
12 6 20 12 03 8417.40000 5.70000000 210.36000 39.39000 13.35300 45.93400
12 6 20 12 03 8413.30000 5.70000000 210.50000 39.38000 13.35300 45.93400
12 6 20 12 04 8409.80000 5.70000000 210.26000 39.38000 13.35300 45.93400
12 6 20 12 04 8409.20000 5.70000000 210.26000 39.38000 13.35300 45.93400
12 6 20 12 05 8406.30000 5.70000000 210.27000 39.39000 13.35300 45.90000
12 6 20 12 05 8396.40000 5.70300000 210.22000 39.38000 13.32000 45.86600
12 6 20 12 06 8402.90000 5.70100000 210.21000 39.38000 13.32000 45.86600
12 6 20 12 06 8402.90000 5.70100000 210.20000 39.38000 13.32000 45.86600
12 6 20 12 07 8396.30000 5.70100000 209.83000 39.37000 13.32000 45.80600
12 6 20 12 07 8396.50000 5.70100000 209.83000 39.37000 13.42200 45.80600
12 6 20 12 08 8402.90000 5.70100000 209.89000 39.37000 13.38400 45.80600
12 6 20 12 08 8396.40000 5.70100000 209.95000 39.37000 13.38400 45.80600
12 6 20 12 09 8398.80000 5.70100000 209.95000 39.33000 13.38400 45.80600
12 6 20 12 09 8395.90000 5.70300000 209.95000 39.30000 13.38400 45.80600
12 6 20 12 10 8395.00000 5.70100000 209.83000 39.30000 13.38400 45.80600
12 6 20 12 10 8391.80000 5.70300000 209.79000 39.34000 13.40600 45.77000
12 6 20 12 11 8391.30000 5.70100000 209.77000 39.32000 13.40600 45.77000
12 6 20 12 11 8396.20000 5.70000000 209.77000 39.32000 13.39000 45.77000
12 6 20 12 12 8390.10000 5.70100000 209.78000 39.32000 13.40500 45.80600
12 6 20 12 13 8390.50000 5.70100000 209.79000 39.32000 13.39000 45.80600
12 6 20 12 13 8388.00000 5.70100000 209.72000 39.32000 13.39000 45.77000
12 6 20 12 13 8386.90000 5.70100000 209.72000 39.28000 13.39000 45.77000
12 6 20 12 14 8375.20000 5.68400000 209.75000 39.28000 13.39000 45.77000
12 6 20 12 14 8379.70000 5.68400000 209.50000 39.28000 13.39000 45.77000
12 6 20 12 15 8360.20000 5.68400000 209.43000 39.27000 13.39000 45.77000
12 6 20 12 16 8391.00000 5.68400000 209.35000 39.27000 13.39000 45.77000
12 6 20 12 16 8371.30000 5.68400000 209.29000 39.27000 13.39000 45.77000
12 6 20 12 17 8368.00000 5.70100000 209.36000 39.27000 13.39000 45.77000
12 6 20 12 17 8370.00000 5.68400000 209.36000 39.27000 13.39000 45.77000
12 6 20 12 18 8368.80000 5.68400000 209.36000 39.27000 13.39000 45.77000
12 6 20 12 18 8369.60000 5.68400000 209.36000 39.30000 13.39000 45.77000
12 6 20 12 19 8371.30000 5.68400000 209.36000 39.33000 13.40500 45.77000
12 6 20 12 19 8373.10000 5.68400000 209.47000 39.28000 13.39000 45.77000
12 6 20 12 20 8373.10000 5.68400000 209.46000 39.30000 13.40500 45.77000
12 6 20 12 20 8373.10000 5.68400000 209.49000 39.27000 13.39000 45.77000
12 6 20 12 21 8381.30000 5.68400000 209.70000 39.30000 13.41600 45.77000
12 6 20 12 21 8381.10000 5.68400000 209.70000 39.30000 13.41600 45.77000
12 6 20 12 22 8380.40000 5.68400000 209.70000 39.30000 13.41600 45.77000
12 6 20 12 22 8381.30000 5.68400000 209.76000 39.30000 13.41600 45.77000
12 6 20 12 23 8381.30000 5.68400000 209.94000 39.47000 13.41600 45.77000
12 6 20 12 23 8386.10000 5.68400000 209.93000 39.53000 13.41600 45.77000
12 6 20 12 24 8386.70000 5.68400000 209.97000 39.51000 13.44100 45.77000
12 6 20 12 24 8387.60000 5.68400000 209.99000 39.51000 13.44100 45.77000
12 6 20 12 25 8389.30000 5.68400000 209.99000 39.58000 13.44100 45.77000
12 6 20 12 25 8387.10000 5.68400000 209.98000 39.58000 13.44100 45.77000
12 6 20 12 26 8386.80000 5.68400000 209.87000 39.54000 13.44100 45.80600
12 6 20 12 26 8386.80000 5.68400000 209.99000 39.54000 13.44100 45.77000
12 6 20 12 27 8387.20000 5.68400000 210.04000 39.58000 13.49500 45.77000
12 6 20 12 27 8388.40000 5.68400000 209.99000 39.58000 13.49500 45.77000
12 6 20 12 28 8390.80000 5.68400000 210.05000 39.59000 13.49500 45.77000
12 6 20 12 28 8394.20000 5.68400000 210.10000 39.60000 13.49600 45.77000
12 6 20 12 29 8392.90000 5.68400000 210.11000 39.62000 13.49600 45.77000
12 6 20 12 29 8390.70000 5.68400000 210.02000 39.62000 13.49600 45.77000
12 6 20 12 30 8392.00000 5.71100000 209.95000 39.62000 13.50000 45.77000
12 6 20 12 30 8393.20000 5.71100000 210.07000 39.62000 13.50000 45.77000
12 6 20 12 31 8393.10000 5.71100000 210.01000 39.62000 13.50000 45.77000
12 6 20 12 31 8393.20000 5.71100000 210.04000 39.62000 13.50000 45.77000
12 6 20 12 32 8386.70000 5.71100000 210.04000 39.62000 13.50000 45.77000
12 6 20 12 32 8386.20000 5.71100000 210.04000 39.62000 13.50000 45.77000
12 6 20 12 33 8385.80000 5.71100000 209.98000 39.58000 13.50000 45.77000
12 6 20 12 33 8386.80000 5.70000000 209.98000 39.58000 13.50000 45.77000
12 6 20 12 34 8384.20000 5.71100000 209.98000 39.58000 13.50000 45.77000
12 6 20 12 34 8385.70000 5.71100000 209.98000 39.51000 13.50000 45.77000
12 6 20 12 35 8385.60000 5.71100000 209.98000 39.50000 13.50000 45.77000
12 6 20 12 35 8385.80000 5.71100000 209.98000 39.50000 13.50000 45.77000
12 6 20 12 36 8385.00000 5.71100000 209.96000 39.47000 13.50000 45.77000
12 6 20 12 36 8387.50000 5.71100000 209.96000 39.47000 13.50000 45.77000
12 6 20 12 37 8385.20000 5.71100000 209.71000 39.49000 13.50000 45.77000
12 6 20 12 37 8384.20000 5.71100000 209.70000 39.48000 13.50000 45.77000
12 6 20 12 38 8379.60000 5.71100000 209.72000 39.48000 13.50000 45.85700
12 6 20 12 38 8378.50000 5.71100000 209.71000 39.47000 13.50000 45.85700
12 6 20 12 39 8378.50000 5.71100000 209.58000 39.47000 13.50000 45.85700
12 6 20 12 39 8380.50000 5.71100000 209.58000 39.47000 13.50000 45.77000
12 6 20 12 40 8380.50000 5.71100000 209.79000 39.47000 13.50000 45.85700
12 6 20 12 40 8380.50000 5.71100000 209.80000 39.48000 13.50000 45.85700
12 6 20 12 41 8380.50000 5.71100000 209.77000 39.48000 13.50000 45.85700
