M=[
30 6 20 19 13 8120.80000 5.08800000 200.40000 36.52000 14.53900 46.02800
30 6 20 19 14 8124.10000 5.08800000 200.33000 36.51000 14.53900 46.02800
30 6 20 19 14 8127.00000 5.08800000 200.54000 36.52000 14.53900 46.02800
30 6 20 19 15 8124.60000 5.08800000 200.54000 36.52000 14.53900 46.02800
30 6 20 19 15 8128.60000 5.08800000 200.43000 36.52000 14.53900 46.02800
30 6 20 19 16 8127.90000 5.08800000 200.43000 36.52000 14.53900 46.02800
30 6 20 19 16 8127.80000 5.08800000 200.43000 36.52000 14.53900 46.02800
30 6 20 19 17 8131.60000 5.08800000 200.43000 36.52000 14.53900 46.02800
30 6 20 19 17 8133.30000 5.08800000 200.50000 36.52000 14.53900 46.02800
30 6 20 19 18 8134.50000 5.08800000 200.50000 36.52000 14.53900 46.02800
30 6 20 19 18 8135.00000 5.08800000 200.50000 36.52000 14.53900 46.02800
30 6 20 19 19 8134.90000 5.08800000 200.71000 36.52000 14.53900 46.02800
30 6 20 19 19 8134.90000 5.08800000 200.71000 36.52000 14.53900 46.02800
30 6 20 19 20 8135.10000 5.08800000 200.71000 36.52000 14.53900 46.02800
30 6 20 19 20 8136.00000 5.08800000 200.77000 36.51000 14.53900 46.02800
30 6 20 19 21 8143.40000 5.08800000 200.99000 36.52000 14.53900 46.02800
30 6 20 19 21 8145.10000 5.08800000 200.95000 36.51000 14.53900 46.02800
30 6 20 19 22 8147.30000 5.08800000 200.95000 36.51000 14.53900 46.02800
30 6 20 19 22 8147.90000 5.08800000 200.95000 36.52000 14.53900 46.02800
30 6 20 19 22 8147.90000 5.08800000 200.98000 36.52000 14.53900 46.02800
30 6 20 19 23 8151.20000 5.08800000 200.98000 36.66000 14.53900 46.08800
30 6 20 19 23 8150.00000 5.08800000 201.06000 36.66000 14.53900 46.08800
30 6 20 19 24 8149.60000 5.08800000 200.99000 36.66000 14.53900 46.08800
30 6 20 19 24 8149.60000 5.08800000 200.99000 36.66000 14.53900 46.08800
30 6 20 19 25 8149.60000 5.08800000 200.99000 36.66000 14.53900 46.08800
30 6 20 19 25 8149.60000 5.08800000 200.99000 36.66000 14.53900 46.09000
30 6 20 19 26 8149.60000 5.08800000 200.99000 36.63000 14.53900 46.09000
30 6 20 19 26 8149.60000 5.08800000 200.91000 36.63000 14.53900 46.09000
30 6 20 19 27 8149.60000 5.09800000 200.87000 36.63000 14.53900 46.09000
30 6 20 19 27 8149.50000 5.09800000 200.87000 36.63000 14.53900 46.09000
30 6 20 19 28 8149.50000 5.08800000 200.85000 36.63000 14.53900 46.12200
30 6 20 19 28 8149.50000 5.09800000 200.87000 36.63000 14.53900 46.12200
30 6 20 19 29 8149.20000 5.09800000 200.87000 36.67000 14.53900 46.12200
30 6 20 19 29 8148.70000 5.09800000 200.85000 36.67000 14.53900 46.12200
30 6 20 19 29 8149.00000 5.09800000 200.85000 36.65000 14.53900 46.12200
30 6 20 19 30 8148.40000 5.09800000 200.78000 36.65000 14.53900 46.12200
30 6 20 19 30 8144.70000 5.08800000 200.77000 36.65000 14.53900 46.12200
30 6 20 19 31 8146.60000 5.09800000 200.73000 36.65000 14.53900 46.12200
30 6 20 19 31 8146.60000 5.09800000 200.73000 36.65000 14.53900 46.12200
30 6 20 19 32 8148.40000 5.08800000 200.99000 36.67000 14.53900 46.12200
30 6 20 19 32 8148.40000 5.09800000 200.99000 36.67000 14.53900 46.14900
30 6 20 19 33 8148.30000 5.09800000 201.02000 36.67000 14.53900 46.14900
30 6 20 19 33 8152.40000 5.09800000 201.10000 36.67000 14.53900 46.14900
30 6 20 19 34 8154.90000 5.09800000 201.10000 36.67000 14.53900 46.14900
30 6 20 19 34 8154.80000 5.09800000 201.10000 36.67000 14.53900 46.14900
30 6 20 19 35 8154.80000 5.09800000 201.17000 36.67000 14.53900 46.14900
30 6 20 19 35 8154.70000 5.09800000 201.16000 36.67000 14.53900 46.14900
30 6 20 19 35 8154.70000 5.09800000 201.12000 36.67000 14.53900 46.14900
30 6 20 19 36 8154.80000 5.08800000 201.11000 36.67000 14.53900 46.16700
30 6 20 19 36 8154.80000 5.09800000 201.11000 36.67000 14.53900 46.16700
30 6 20 19 37 8154.80000 5.09800000 201.10000 36.67000 14.53900 46.16700
30 6 20 19 37 8152.60000 5.09800000 201.10000 36.67000 14.53900 46.16700
30 6 20 19 38 8151.70000 5.09800000 201.11000 36.67000 14.53900 46.16700
30 6 20 19 38 8150.50000 5.09800000 200.91000 36.67000 14.53900 46.16700
30 6 20 19 39 8153.60000 5.09800000 200.96000 36.67000 14.53900 46.16700
30 6 20 19 39 8154.80000 5.09800000 200.99000 36.67000 14.53900 46.16700
30 6 20 19 40 8154.20000 5.09800000 200.99000 36.64000 14.53900 46.16700
30 6 20 19 40 8154.20000 5.09800000 200.99000 36.67000 14.53900 46.16700
30 6 20 19 41 8154.10000 5.09800000 200.96000 36.67000 14.53900 46.16700
30 6 20 19 41 8153.70000 5.09800000 200.90000 36.67000 14.53900 46.14900
30 6 20 19 42 8153.60000 5.09800000 200.92000 36.67000 14.53900 46.16700
30 6 20 19 42 8153.20000 5.09800000 200.88000 36.67000 14.53900 46.16700
30 6 20 19 42 8153.10000 5.09800000 200.88000 36.67000 14.53900 46.16700
30 6 20 19 43 8152.40000 5.09800000 200.85000 36.67000 14.55900 46.16700
30 6 20 19 43 8151.00000 5.09800000 200.85000 36.63000 14.55900 46.16700
30 6 20 19 44 8151.00000 5.09800000 200.85000 36.63000 14.55900 46.16700
30 6 20 19 44 8150.40000 5.09800000 200.85000 36.63000 14.59500 46.16700
30 6 20 19 45 8150.40000 5.09800000 200.81000 36.63000 14.59500 46.16700
30 6 20 19 45 8150.30000 5.09800000 200.81000 36.63000 14.59500 46.16700
30 6 20 19 46 8151.30000 5.09800000 200.83000 36.63000 14.59500 46.16700
30 6 20 19 46 8152.00000 5.09800000 200.86000 36.63000 14.59500 46.16700
30 6 20 19 47 8150.30000 5.09800000 200.78000 36.63000 14.59500 46.16700
30 6 20 19 47 8150.10000 5.08800000 200.73000 36.63000 14.59500 46.16700
30 6 20 19 48 8146.40000 5.09800000 200.62000 36.63000 14.59500 46.16700
30 6 20 19 48 8149.10000 5.09800000 200.65000 36.63000 14.59500 46.16700
30 6 20 19 49 8148.80000 5.09800000 200.68000 36.63000 14.59500 46.16700
30 6 20 19 49 8148.80000 5.09800000 200.66000 36.63000 14.59500 46.16700
30 6 20 19 50 8148.60000 5.09800000 200.60000 36.63000 14.59500 46.16700
30 6 20 19 50 8148.70000 5.08800000 200.85000 36.63000 14.59500 46.16700
30 6 20 19 51 8152.40000 5.09800000 201.08000 36.63000 14.59500 46.16700
30 6 20 19 51 8153.60000 5.09800000 201.09000 36.73000 14.59500 46.16700
30 6 20 19 52 8156.90000 5.09800000 201.09000 36.70000 14.59500 46.15800
30 6 20 19 52 8154.50000 5.09800000 201.08000 36.73000 14.59500 46.15800
30 6 20 19 53 8154.50000 5.09800000 201.09000 36.70000 14.59500 46.15800
30 6 20 19 53 8153.60000 5.09800000 201.09000 36.73000 14.59500 46.15800
30 6 20 19 54 8153.70000 5.09800000 201.08000 36.73000 14.59500 46.15800
30 6 20 19 54 8152.80000 5.09800000 201.00000 36.73000 14.59500 46.15800
30 6 20 19 55 8152.90000 5.09800000 201.00000 36.73000 14.59500 46.15800
30 6 20 19 55 8152.90000 5.08800000 200.93000 36.75000 14.57900 46.15800
30 6 20 19 55 8152.90000 5.09800000 200.93000 36.75000 14.57900 46.15800
30 6 20 19 56 8152.90000 5.09800000 200.69000 36.75000 14.57900 46.15800
30 6 20 19 56 8150.10000 5.09800000 200.61000 36.69000 14.57900 46.16700
30 6 20 19 57 8147.00000 5.09800000 200.61000 36.69000 14.57900 46.15800
30 6 20 19 57 8147.00000 5.09800000 200.69000 36.69000 14.57900 46.15800
30 6 20 19 58 8148.90000 5.09800000 200.53000 36.69000 14.57900 46.15800
30 6 20 19 58 8148.90000 5.08800000 200.57000 36.69000 14.57900 46.15800
30 6 20 19 59 8148.90000 5.09800000 200.48000 36.69000 14.57900 46.15800
30 6 20 19 59 8148.90000 5.08800000 200.48000 36.69000 14.57900 46.15800
30 6 20 20 00 8141.90000 5.09800000 200.40000 36.67000 14.57900 46.15800
30 6 20 20 00 8142.00000 5.09800000 200.40000 36.67000 14.57900 46.15800
30 6 20 20 01 8138.20000 5.09800000 200.38000 36.67000 14.57900 46.15800
30 6 20 20 01 8142.00000 5.08800000 200.37000 36.67000 14.57900 46.15800
30 6 20 20 02 8144.80000 5.09800000 200.37000 36.67000 14.57900 46.15800
30 6 20 20 02 8144.80000 5.09800000 200.38000 36.67000 14.57900 46.15800
30 6 20 20 03 8144.80000 5.09800000 200.38000 36.67000 14.57900 46.15800
30 6 20 20 03 8143.90000 5.09800000 200.38000 36.67000 14.57900 46.15800
30 6 20 20 04 8145.10000 5.09800000 200.50000 36.68000 14.57900 46.15800
30 6 20 20 04 8145.20000 5.09800000 200.50000 36.68000 14.57900 46.15800
30 6 20 20 05 8144.60000 5.08800000 200.50000 36.68000 14.57900 46.15800
