M=[
14 1 21 14 54 32720.10000 6.43300000 997.11000 126.90000 16.60000 95.54100
14 1 21 14 55 32699.80000 6.47600000 996.98000 126.93000 16.60000 95.54100
14 1 21 14 55 32687.00000 6.47600000 996.22000 126.77000 16.60000 95.54100
14 1 21 14 56 32699.90000 6.47600000 997.96000 126.95000 16.60000 95.93000
14 1 21 14 56 32675.10000 6.47600000 995.81000 126.82000 16.60400 95.93000
14 1 21 14 56 32642.40000 6.47600000 995.24000 126.74000 16.60400 95.93000
14 1 21 14 57 32652.40000 6.47600000 996.03000 126.74000 16.60400 95.93000
14 1 21 14 57 32692.30000 6.44000000 997.57000 126.77000 16.60400 95.93000
14 1 21 14 58 32699.80000 6.44000000 998.97000 126.79000 16.60400 95.93000
14 1 21 14 58 32709.90000 6.44000000 998.88000 126.79000 16.60400 96.24500
14 1 21 14 59 32699.70000 6.44000000 998.89000 126.78000 16.60400 96.28700
14 1 21 14 59 32681.10000 6.44000000 996.92000 126.79000 16.60400 96.37400
14 1 21 14 59 32681.00000 6.44000000 997.92000 126.79000 16.60400 96.36600
14 1 21 15 00 32663.20000 6.43800000 997.19000 126.79000 16.60400 96.36600
14 1 21 15 00 32660.00000 6.43600000 995.44000 126.78000 16.60400 96.36600
14 1 21 15 01 32709.80000 6.43600000 997.00000 126.38000 16.60400 96.36600
14 1 21 15 01 32668.00000 6.43600000 996.69000 126.38000 16.60400 96.36600
14 1 21 15 02 32650.10000 6.43600000 996.13000 126.02000 16.60400 96.36600
14 1 21 15 02 32611.20000 6.45800000 994.00000 125.63000 16.60400 96.36600
14 1 21 15 02 32562.60000 6.45800000 992.21000 125.67000 16.60400 95.38800
14 1 21 15 03 32563.40000 6.45800000 992.84000 125.67000 16.60400 95.38800
14 1 21 15 03 32563.30000 6.45800000 991.43000 125.71000 16.60400 95.38800
14 1 21 15 04 32563.40000 6.45800000 991.25000 125.75000 16.60400 95.38800
14 1 21 15 04 32560.10000 6.45800000 989.82000 125.75000 16.60400 95.38800
14 1 21 15 05 32560.20000 6.45800000 989.05000 125.67000 16.60400 95.38800
14 1 21 15 05 32560.00000 6.45800000 989.61000 125.29000 16.60400 95.38800
14 1 21 15 05 32476.70000 6.40000000 987.81000 125.32000 16.53900 95.38800
14 1 21 15 06 32519.90000 6.36300000 989.64000 125.45000 16.53900 95.38800
14 1 21 15 06 32560.00000 6.36300000 991.40000 125.48000 16.53900 95.38800
14 1 21 15 07 32560.00000 6.36300000 991.61000 125.58000 16.53900 95.38800
14 1 21 15 07 32560.10000 6.36300000 991.36000 125.18000 16.53900 95.07600
14 1 21 15 08 32565.00000 6.36300000 991.97000 125.48000 16.53900 95.00000
14 1 21 15 08 32627.40000 6.41200000 993.05000 125.58000 16.53900 95.00000
14 1 21 15 08 32646.40000 6.41200000 994.01000 125.57000 16.53900 95.00000
14 1 21 15 09 32650.10000 6.41800000 994.50000 125.61000 16.53900 95.00000
14 1 21 15 09 32665.90000 6.41800000 995.46000 125.61000 16.53900 95.00000
14 1 21 15 10 32665.00000 6.41800000 995.16000 125.39000 16.53900 95.14000
14 1 21 15 10 32699.20000 6.41800000 996.16000 125.55000 16.53900 95.14000
14 1 21 15 11 32664.40000 6.41800000 996.42000 125.55000 16.53900 95.14000
14 1 21 15 11 32704.00000 6.41800000 996.62000 125.77000 16.53900 95.14000
14 1 21 15 11 32699.90000 6.41800000 996.99000 125.96000 16.53900 95.14000
14 1 21 15 12 32718.80000 6.40900000 997.66000 126.00000 16.53900 95.01700
14 1 21 15 12 32703.30000 6.40900000 998.00000 125.99000 16.53900 95.01700
14 1 21 15 13 32667.60000 6.40900000 996.00000 126.02000 16.53900 95.01700
14 1 21 15 13 32625.60000 6.40900000 995.99000 125.76000 16.53900 95.01700
14 1 21 15 14 32646.90000 6.40900000 996.99000 125.84000 16.53900 95.03400
14 1 21 15 14 32607.70000 6.40900000 995.24000 125.64000 16.53900 95.03400
14 1 21 15 14 32601.40000 6.40900000 995.68000 125.60000 16.53900 94.88000
14 1 21 15 15 32641.60000 6.40900000 995.53000 125.50000 16.53900 94.88000
14 1 21 15 15 32636.00000 6.40900000 995.23000 125.71000 16.53900 94.88000
14 1 21 15 16 32636.00000 6.40900000 996.46000 125.98000 16.60300 94.88000
14 1 21 15 16 32649.00000 6.43400000 997.86000 125.98000 16.60300 94.88000
14 1 21 15 17 32669.90000 6.43400000 997.99000 125.82000 16.60300 95.49900
14 1 21 15 17 32699.90000 6.43400000 997.99000 125.81000 16.60300 95.49900
14 1 21 15 17 32696.40000 6.43400000 998.55000 125.81000 16.60300 95.49900
14 1 21 15 18 32700.00000 6.43400000 999.09000 125.91000 16.60300 95.49900
14 1 21 15 18 32700.00000 6.43400000 999.10000 125.82000 16.60300 95.49900
14 1 21 15 19 32699.90000 6.43400000 999.33000 125.84000 16.60300 95.49900
14 1 21 15 19 32700.00000 6.43400000 999.32000 125.82000 16.60300 95.50000
14 1 21 15 20 32700.00000 6.43400000 999.98000 125.88000 16.60300 95.50000
14 1 21 15 20 32702.40000 6.42200000 999.74000 125.86000 16.60300 95.50000
14 1 21 15 20 32718.70000 6.42200000 1000.00000 125.89000 16.60300 95.30100
14 1 21 15 21 32711.60000 6.42200000 1000.00000 126.00000 16.60300 95.30100
14 1 21 15 21 32673.90000 6.42200000 998.01000 125.89000 16.60300 95.06600
14 1 21 15 22 32681.40000 6.42200000 998.38000 125.84000 16.60300 95.03700
14 1 21 15 22 32659.60000 6.42200000 998.14000 125.80000 16.60300 95.03700
14 1 21 15 23 32648.10000 6.42200000 997.99000 125.70000 16.60300 95.21600
14 1 21 15 23 32637.10000 6.37400000 997.24000 125.64000 16.60300 95.21600
14 1 21 15 23 32640.70000 6.37300000 997.57000 125.57000 16.60300 95.21600
14 1 21 15 24 32632.40000 6.35500000 997.57000 125.65000 16.60300 95.21600
14 1 21 15 24 32610.30000 6.35000000 996.94000 125.39000 16.60300 95.01000
14 1 21 15 25 32624.00000 6.35000000 997.21000 125.35000 16.60300 95.01000
14 1 21 15 25 32687.30000 6.35000000 997.26000 125.35000 16.60300 95.01000
14 1 21 15 26 32690.00000 6.35000000 998.99000 125.62000 16.60300 94.99600
14 1 21 15 26 32689.30000 6.35000000 998.49000 125.62000 16.60300 94.99600
14 1 21 15 26 32695.30000 6.35000000 997.57000 125.62000 16.60000 94.99600
14 1 21 15 27 32695.10000 6.35000000 996.92000 125.69000 16.60000 94.99600
14 1 21 15 27 32692.00000 6.35000000 997.54000 125.67000 16.60000 94.99600
14 1 21 15 28 32695.00000 6.35800000 998.23000 125.73000 16.60000 94.90100
14 1 21 15 28 32694.90000 6.35800000 998.00000 125.83000 16.60000 94.84700
14 1 21 15 29 32720.00000 6.35800000 997.90000 125.97000 16.60000 94.84700
14 1 21 15 29 32774.90000 6.35800000 998.82000 126.00000 16.60000 94.84700
14 1 21 15 29 32813.10000 6.35800000 999.50000 126.15000 16.60000 94.84700
14 1 21 15 30 32832.20000 6.35800000 999.37000 126.13000 16.60000 94.84700
14 1 21 15 30 32858.70000 6.39400000 1000.00000 126.40000 16.60000 94.84700
14 1 21 15 31 32830.40000 6.39400000 999.72000 126.45000 16.60000 94.84700
14 1 21 15 31 32836.50000 6.39400000 1000.05000 126.39000 16.60000 94.84700
14 1 21 15 32 32865.00000 6.39400000 1000.09000 126.53000 16.60000 94.84700
14 1 21 15 32 32871.40000 6.39400000 1002.08000 126.54000 16.60000 94.84700
14 1 21 15 32 32882.80000 6.39400000 1002.88000 126.54000 16.60300 94.84700
14 1 21 15 33 32878.90000 6.39400000 1002.96000 126.50000 16.60300 94.84700
14 1 21 15 33 32898.00000 6.39400000 1002.55000 126.50000 16.60300 94.84700
14 1 21 15 34 32900.00000 6.39400000 1002.19000 126.57000 16.60300 94.89300
14 1 21 15 34 32920.30000 6.39400000 1002.71000 126.53000 16.60300 94.89300
14 1 21 15 35 32941.70000 6.39400000 1003.00000 126.55000 16.60300 94.89300
14 1 21 15 35 32990.00000 6.40000000 1003.92000 126.53000 16.60300 94.89300
14 1 21 15 35 32979.50000 6.40000000 1003.70000 127.00000 16.60300 94.89300
14 1 21 15 36 32911.60000 6.40000000 1003.02000 127.42000 16.60300 94.89300
14 1 21 15 36 32908.10000 6.40000000 1000.54000 126.68000 16.80000 94.89300
14 1 21 15 37 32910.10000 6.40000000 1001.90000 126.88000 16.80000 94.57300
14 1 21 15 37 32875.10000 6.40000000 1000.04000 126.65000 16.42000 94.57300
14 1 21 15 38 32859.00000 6.37100000 1000.21000 126.65000 16.42000 94.73200
14 1 21 15 38 32702.20000 6.37100000 997.86000 126.16000 16.42000 94.73200
14 1 21 15 38 32751.90000 6.37100000 997.60000 126.19000 16.42000 94.38600
14 1 21 15 39 32803.80000 6.37100000 999.99000 126.21000 16.42000 94.38600
14 1 21 15 39 32758.30000 6.39300000 998.21000 126.12000 16.77000 94.38600
