M=[
28 4 21 21 39 45135.30000 28.58300000 2252.00000 210.94000 33.36200 193.38900
28 4 21 21 39 45137.50000 28.58300000 2252.77000 210.94000 33.36200 193.38900
28 4 21 21 40 45130.20000 28.58300000 2252.78000 210.94000 33.36200 193.38900
28 4 21 21 40 45137.10000 28.58300000 2252.97000 210.94000 33.36200 193.38900
28 4 21 21 40 45164.90000 28.58300000 2252.98000 210.94000 33.36200 193.38900
28 4 21 21 41 45180.10000 28.58300000 2252.97000 211.25000 33.36200 193.38900
28 4 21 21 41 45179.90000 28.58300000 2252.98000 211.24000 33.36200 193.38900
28 4 21 21 42 45180.00000 28.53400000 2252.97000 211.33000 33.36200 193.38900
28 4 21 21 42 45180.10000 28.53400000 2252.98000 211.36000 33.36200 193.38900
28 4 21 21 43 45142.20000 28.53400000 2252.97000 211.36000 33.36200 193.38900
28 4 21 21 43 45143.10000 28.53400000 2252.98000 211.15000 33.36200 193.49900
28 4 21 21 43 45119.00000 28.53400000 2252.01000 210.98000 33.36200 193.49900
28 4 21 21 44 45200.00000 28.53400000 2255.22000 210.98000 33.36200 193.49900
28 4 21 21 44 45206.00000 28.59500000 2255.22000 210.98000 33.36200 193.49900
28 4 21 21 45 45207.40000 28.62200000 2255.93000 211.25000 33.36200 193.49900
28 4 21 21 45 45223.30000 28.64700000 2260.03000 211.25000 33.36200 193.49900
28 4 21 21 46 45250.00000 28.64700000 2262.39000 211.25000 33.64400 193.49900
28 4 21 21 46 45250.90000 28.69600000 2263.98000 211.25000 33.64400 193.49900
28 4 21 21 46 45250.90000 28.69600000 2267.95000 211.75000 33.64400 193.49900
28 4 21 21 47 45250.90000 28.69600000 2267.68000 211.50000 33.64400 193.49900
28 4 21 21 47 45250.90000 28.69600000 2266.96000 211.50000 33.64400 193.49900
28 4 21 21 48 45250.80000 28.59100000 2267.22000 211.23000 33.64400 194.29300
28 4 21 21 48 45250.80000 28.59100000 2268.56000 211.23000 33.64400 194.29300
28 4 21 21 49 45250.90000 28.59600000 2267.78000 211.23000 33.64400 194.29300
28 4 21 21 49 45250.80000 28.59600000 2267.25000 211.25000 33.65000 194.29300
28 4 21 21 49 45250.90000 28.59600000 2268.38000 211.24000 33.65000 194.29300
28 4 21 21 50 45250.90000 28.59600000 2268.53000 211.24000 33.65000 194.56600
28 4 21 21 50 45254.20000 28.59600000 2265.67000 211.24000 33.65000 194.56600
28 4 21 21 51 45254.20000 28.59600000 2263.67000 211.24000 33.65000 194.56600
28 4 21 21 51 45258.80000 28.66400000 2267.44000 211.24000 33.65000 194.56600
28 4 21 21 52 45298.00000 28.66400000 2268.99000 211.24000 33.65000 194.56600
28 4 21 21 52 45268.70000 28.66400000 2268.25000 211.37000 33.65000 194.56600
28 4 21 21 52 45263.80000 28.66400000 2269.00000 211.41000 33.65000 194.56600
28 4 21 21 53 45272.20000 28.66400000 2269.50000 211.41000 33.65000 194.56600
28 4 21 21 53 45284.30000 28.66400000 2271.00000 211.41000 33.65000 194.56600
28 4 21 21 54 45277.30000 28.66400000 2269.91000 211.41000 33.65000 194.56600
28 4 21 21 54 45286.10000 28.66400000 2270.50000 211.41000 33.65000 194.56600
28 4 21 21 55 45298.00000 28.66400000 2272.00000 211.41000 33.65000 194.56600
28 4 21 21 55 45305.10000 28.68100000 2272.20000 211.41000 33.65000 194.56600
28 4 21 21 55 45305.20000 28.68100000 2273.00000 211.41000 33.65000 194.56600
28 4 21 21 56 45305.10000 28.64600000 2273.00000 211.56000 33.65000 194.56600
28 4 21 21 56 45305.20000 28.64600000 2273.57000 211.62000 33.65000 194.56600
28 4 21 21 57 45305.10000 28.64600000 2277.00000 211.66000 33.65000 194.56600
28 4 21 21 57 45305.10000 28.64600000 2278.00000 211.66000 33.65000 194.56600
28 4 21 21 58 45305.10000 28.64600000 2277.92000 211.67000 33.65000 194.56600
28 4 21 21 58 45305.10000 28.68200000 2277.93000 211.67000 33.65000 194.48900
28 4 21 21 58 45285.20000 28.68200000 2276.71000 211.54000 33.65000 194.48900
28 4 21 21 59 45265.30000 28.68200000 2274.02000 211.54000 33.65000 194.48900
28 4 21 21 59 45299.10000 28.68200000 2276.61000 211.57000 33.65000 194.48900
28 4 21 22 00 45303.40000 28.68200000 2277.70000 211.57000 33.65000 194.48900
28 4 21 22 00 45305.20000 28.71400000 2278.00000 211.61000 33.65000 194.48900
28 4 21 22 01 45305.20000 28.77000000 2277.96000 211.52000 33.65000 194.48900
28 4 21 22 01 45282.00000 28.77000000 2276.04000 211.60000 33.65000 194.48900
28 4 21 22 01 45266.00000 28.77000000 2270.32000 211.60000 33.65000 194.48900
28 4 21 22 02 45279.20000 28.77000000 2274.00000 211.60000 33.65000 194.48900
28 4 21 22 02 45280.60000 28.79700000 2272.69000 211.53000 33.65000 194.48900
28 4 21 22 03 45271.70000 28.79700000 2271.50000 211.47000 33.65000 194.48900
28 4 21 22 03 45229.50000 28.83200000 2270.54000 211.47000 33.65000 194.48900
28 4 21 22 04 45251.10000 28.83200000 2271.67000 211.47000 33.65000 194.48900
28 4 21 22 04 45253.20000 28.83200000 2271.55000 211.50000 33.65000 194.48900
28 4 21 22 04 45266.40000 28.83200000 2272.23000 211.50000 33.65000 194.48900
28 4 21 22 05 45264.50000 28.83200000 2271.15000 211.50000 33.65000 194.48900
28 4 21 22 05 45253.90000 28.83200000 2270.75000 211.50000 33.50600 194.48900
28 4 21 22 06 45264.20000 28.83200000 2269.78000 211.77000 33.50600 194.48900
28 4 21 22 06 45296.70000 28.83200000 2270.10000 211.90000 33.50600 194.48900
28 4 21 22 07 45296.70000 28.83200000 2270.25000 211.90000 33.50900 194.48900
28 4 21 22 07 45285.60000 28.83200000 2270.25000 211.91000 33.50900 194.48900
28 4 21 22 07 45285.40000 28.83200000 2264.24000 211.91000 33.50900 194.48900
28 4 21 22 08 45285.40000 28.83200000 2268.89000 211.90000 33.50900 194.48900
28 4 21 22 08 45285.40000 28.83200000 2267.84000 211.90000 33.50900 194.48900
28 4 21 22 09 45268.00000 28.83200000 2267.00000 211.90000 33.50900 194.48900
28 4 21 22 09 45262.90000 28.83200000 2267.80000 211.90000 33.50900 194.48900
28 4 21 22 10 45262.90000 28.83200000 2267.84000 211.90000 33.50900 194.48900
28 4 21 22 10 45263.90000 28.83200000 2268.95000 211.90000 33.50900 194.48900
28 4 21 22 10 45259.10000 28.80500000 2268.96000 211.90000 33.50900 194.48900
28 4 21 22 11 45259.20000 28.80500000 2268.88000 211.99000 33.50900 194.90700
28 4 21 22 11 45259.20000 28.80500000 2268.87000 212.00000 33.50900 194.90700
28 4 21 22 12 45215.00000 28.80500000 2268.86000 212.00000 33.50900 194.89300
28 4 21 22 12 45215.10000 28.80500000 2267.15000 212.00000 33.50900 194.89300
28 4 21 22 13 45215.20000 28.73500000 2267.16000 212.00000 33.50900 194.89300
28 4 21 22 13 45215.10000 28.73500000 2267.01000 212.00000 33.50900 194.89300
28 4 21 22 13 45215.10000 28.73500000 2264.55000 211.85000 33.50900 194.89300
28 4 21 22 14 45215.10000 28.73500000 2265.22000 211.85000 33.50900 194.89300
28 4 21 22 14 45215.10000 28.73500000 2265.37000 211.85000 33.50900 194.89300
28 4 21 22 15 45134.70000 28.73500000 2262.85000 211.85000 33.50900 194.89300
28 4 21 22 15 45099.30000 28.63800000 2261.64000 211.85000 33.50900 194.89300
28 4 21 22 16 45077.70000 28.63800000 2260.00000 211.24000 33.50900 194.76900
28 4 21 22 16 45077.70000 28.63800000 2259.89000 211.24000 33.50900 194.76900
28 4 21 22 16 45107.20000 28.63800000 2261.37000 211.24000 33.49800 194.76900
28 4 21 22 17 45122.30000 28.63800000 2262.92000 211.20000 33.49800 194.76900
28 4 21 22 17 45129.10000 28.63800000 2263.25000 211.20000 33.49800 194.76900
28 4 21 22 18 45138.10000 28.63800000 2263.59000 211.20000 33.49800 194.76900
28 4 21 22 18 45138.10000 28.63800000 2263.37000 211.20000 33.49800 195.19400
28 4 21 22 19 45133.80000 28.63800000 2263.38000 211.20000 33.49800 195.19400
28 4 21 22 19 45129.30000 28.63800000 2262.20000 211.20000 33.49800 195.19400
28 4 21 22 19 45116.90000 28.63800000 2262.48000 211.09000 33.49800 195.19400
28 4 21 22 20 45116.90000 28.63800000 2262.47000 211.09000 33.49800 195.19400
28 4 21 22 20 45117.00000 28.63800000 2263.30000 211.40000 33.49800 195.19400
28 4 21 22 21 45117.00000 28.63800000 2262.80000 211.44000 33.49800 195.19400
28 4 21 22 21 45117.00000 28.63800000 2262.80000 211.43000 33.49800 195.19400
28 4 21 22 22 45141.10000 28.63800000 2262.99000 211.43000 33.49800 195.19400
28 4 21 22 22 45150.00000 28.60500000 2262.98000 211.47000 33.49800 195.19400
