M=[
 1 8 21 03 05 35299.60000 44.29800000 2171.06000 124.56000 23.09400 96.49600
 1 8 21 03 05 35303.10000 44.29800000 2170.74000 124.56000 23.09400 96.49600
 1 8 21 03 06 35303.00000 44.29800000 2170.74000 124.56000 23.09400 96.49600
 1 8 21 03 06 35303.10000 44.29800000 2169.50000 124.56000 23.09400 96.49600
 1 8 21 03 06 35303.10000 44.29800000 2169.50000 124.56000 23.09400 96.49600
 1 8 21 03 07 35303.00000 44.29800000 2170.63000 124.56000 23.09400 96.49600
 1 8 21 03 07 35303.00000 44.29800000 2170.63000 124.56000 23.09400 96.49600
 1 8 21 03 08 35303.00000 44.38800000 2169.00000 124.54000 23.09400 96.51000
 1 8 21 03 08 35303.00000 44.38800000 2169.00000 124.54000 23.09400 96.51000
 1 8 21 03 09 35289.10000 44.38800000 2169.00000 124.54000 23.09400 96.51000
 1 8 21 03 09 35264.40000 44.38800000 2167.76000 124.54000 23.09400 96.51000
 1 8 21 03 09 35288.80000 44.38800000 2167.76000 124.54000 23.09400 96.51000
 1 8 21 03 10 35288.90000 44.38800000 2167.76000 124.54000 23.09400 96.55900
 1 8 21 03 10 35288.90000 44.38800000 2167.75000 124.54000 23.09400 96.55900
 1 8 21 03 11 35299.50000 44.38800000 2167.75000 124.54000 23.09400 96.55900
 1 8 21 03 11 35299.50000 44.38800000 2167.75000 124.54000 23.09400 96.55900
 1 8 21 03 12 35301.20000 44.38800000 2167.76000 124.54000 23.09400 96.55900
 1 8 21 03 12 35301.20000 44.38800000 2167.76000 124.54000 23.09400 96.55900
 1 8 21 03 12 35303.00000 44.38800000 2167.75000 124.54000 23.09400 96.55900
 1 8 21 03 13 35303.00000 44.38800000 2167.36000 124.54000 23.09400 96.55900
 1 8 21 03 13 35344.90000 44.38800000 2167.76000 124.54000 23.09400 96.55900
 1 8 21 03 14 35344.90000 44.38800000 2167.76000 124.54000 23.09400 96.55900
 1 8 21 03 14 35345.40000 44.38800000 2167.95000 124.54000 23.09400 96.55900
 1 8 21 03 15 35345.40000 44.42700000 2167.95000 124.54000 23.09400 96.55900
 1 8 21 03 15 35345.40000 44.42700000 2167.97000 124.54000 23.09400 96.55900
 1 8 21 03 16 35345.50000 44.42700000 2167.97000 124.54000 23.09400 96.55900
 1 8 21 03 16 35345.50000 44.42700000 2169.20000 124.54000 23.09400 96.55900
 1 8 21 03 16 35345.40000 44.42700000 2169.32000 124.54000 23.09400 96.55900
 1 8 21 03 17 35345.50000 44.49800000 2170.12000 124.79000 23.09400 96.55900
 1 8 21 03 17 35345.50000 44.49800000 2167.99000 124.79000 23.09400 96.55900
 1 8 21 03 18 35314.90000 44.49800000 2168.55000 124.79000 23.09400 96.55900
 1 8 21 03 18 35314.90000 44.49800000 2168.55000 124.79000 23.09400 96.55900
 1 8 21 03 19 35314.90000 44.49800000 2168.55000 124.79000 23.09400 96.55900
 1 8 21 03 19 35314.90000 44.49800000 2168.00000 124.79000 23.09400 96.55900
 1 8 21 03 19 35324.40000 44.49800000 2168.26000 124.79000 23.09400 96.55900
 1 8 21 03 20 35324.50000 44.49800000 2168.26000 124.79000 23.09400 96.55900
 1 8 21 03 20 35327.50000 44.49800000 2168.72000 124.79000 23.09400 96.55900
 1 8 21 03 21 35322.80000 44.49800000 2167.55000 124.83000 23.09400 96.55900
 1 8 21 03 21 35322.80000 44.49800000 2167.55000 124.83000 23.09400 96.55900
 1 8 21 03 22 35328.60000 44.49800000 2167.88000 124.83000 23.09400 96.55900
 1 8 21 03 22 35324.10000 44.78100000 2167.88000 124.82000 23.09400 96.55900
 1 8 21 03 22 35332.30000 44.78100000 2167.88000 124.82000 23.09400 96.55900
 1 8 21 03 23 35332.30000 44.78100000 2169.39000 124.82000 23.09400 96.55900
 1 8 21 03 23 35332.30000 44.78100000 2169.39000 124.82000 23.09400 96.55900
 1 8 21 03 24 35345.50000 44.78100000 2169.53000 124.82000 23.09400 96.55900
 1 8 21 03 24 35394.80000 44.78100000 2169.70000 124.82000 23.09400 96.55900
 1 8 21 03 25 35369.90000 44.78100000 2169.70000 124.82000 23.09400 96.55900
 1 8 21 03 25 35400.00000 44.78100000 2169.70000 124.87000 23.09400 96.55900
 1 8 21 03 25 35400.00000 44.78100000 2169.70000 124.87000 23.09400 96.55900
 1 8 21 03 26 35430.40000 44.78100000 2171.53000 125.00000 23.09400 96.55900
 1 8 21 03 26 35489.00000 44.69100000 2173.49000 124.99000 23.09400 96.55900
 1 8 21 03 27 35476.90000 44.69100000 2171.58000 125.00000 23.09400 96.55900
 1 8 21 03 27 35570.00000 44.69100000 2174.54000 125.24000 23.09400 96.55900
 1 8 21 03 28 35647.80000 44.81600000 2177.74000 125.36000 23.09400 96.84700
 1 8 21 03 28 35636.10000 44.81600000 2177.60000 125.36000 23.09400 96.84700
 1 8 21 03 28 35618.10000 44.81600000 2177.60000 125.32000 23.09400 96.84700
 1 8 21 03 29 35579.10000 44.81600000 2174.55000 125.24000 23.09400 96.84700
 1 8 21 03 29 35569.60000 44.81600000 2176.32000 125.16000 23.09400 96.84700
 1 8 21 03 30 35598.90000 44.81600000 2177.00000 125.20000 23.09400 96.84700
 1 8 21 03 30 35664.00000 44.81600000 2177.00000 125.20000 23.09400 96.84700
 1 8 21 03 31 35626.70000 44.81600000 2177.48000 125.31000 23.09400 96.84700
 1 8 21 03 31 35612.80000 44.81600000 2178.56000 125.31000 23.09400 96.84700
 1 8 21 03 32 35537.40000 44.81600000 2174.55000 125.31000 23.09400 96.84700
 1 8 21 03 32 35548.80000 44.81600000 2173.99000 125.07000 23.09400 96.84700
 1 8 21 03 32 35543.50000 44.81600000 2174.60000 125.07000 23.09400 96.84700
 1 8 21 03 33 35540.00000 44.81600000 2174.94000 125.07000 23.09400 96.84700
 1 8 21 03 33 35520.40000 44.81600000 2173.32000 125.03000 23.09400 96.95700
 1 8 21 03 34 35524.40000 44.81600000 2173.89000 125.01000 23.09400 96.95700
 1 8 21 03 34 35534.40000 44.81600000 2173.96000 125.05000 23.09400 96.95700
 1 8 21 03 35 35562.00000 44.81600000 2174.76000 125.05000 23.09400 96.95700
 1 8 21 03 35 35559.00000 44.81600000 2174.51000 125.05000 23.09400 96.95700
 1 8 21 03 35 35554.20000 44.81600000 2176.17000 125.05000 23.09400 96.95700
 1 8 21 03 36 35547.20000 44.81600000 2176.17000 125.12000 23.09400 96.95700
 1 8 21 03 36 35553.00000 44.81600000 2176.90000 125.13000 23.09400 96.95700
 1 8 21 03 37 35560.80000 44.81600000 2182.78000 125.13000 23.09400 96.95700
 1 8 21 03 37 35592.90000 44.81600000 2181.55000 125.13000 23.09400 97.04700
 1 8 21 03 38 35604.00000 44.81600000 2182.79000 125.13000 23.09400 97.21300
 1 8 21 03 38 35595.50000 44.81600000 2183.86000 125.13000 23.09400 97.37900
 1 8 21 03 38 35617.70000 44.81600000 2184.26000 125.39000 23.09400 97.37900
 1 8 21 03 39 35610.10000 44.81600000 2184.95000 125.47000 23.09400 97.28800
 1 8 21 03 39 35565.30000 44.81600000 2184.01000 125.47000 23.09400 97.28800
 1 8 21 03 40 35573.60000 44.81600000 2186.10000 125.47000 23.09400 97.28800
 1 8 21 03 40 35569.10000 44.81600000 2185.86000 125.40000 23.09400 97.28800
 1 8 21 03 41 35575.10000 44.81600000 2185.91000 125.40000 23.09400 97.28800
 1 8 21 03 41 35578.30000 44.81600000 2186.00000 125.40000 23.09400 97.28800
 1 8 21 03 41 35597.70000 44.81600000 2187.75000 125.40000 23.09400 97.28800
 1 8 21 03 42 35622.80000 44.81600000 2188.00000 125.44000 23.09400 97.28800
 1 8 21 03 42 35612.80000 44.81600000 2188.00000 125.44000 23.09400 97.28800
 1 8 21 03 43 35617.30000 44.90400000 2188.38000 125.44000 23.09400 97.28800
 1 8 21 03 43 35647.60000 44.90400000 2189.04000 125.44000 23.09400 97.44400
 1 8 21 03 44 35659.80000 44.90400000 2193.82000 125.44000 23.09400 97.49900
 1 8 21 03 44 35645.00000 44.90400000 2193.40000 125.44000 23.09400 97.49900
 1 8 21 03 45 35623.10000 44.90400000 2193.76000 125.44000 23.09400 97.49900
 1 8 21 03 45 35648.10000 45.04900000 2195.71000 125.44000 23.09400 97.50000
 1 8 21 03 45 35637.90000 45.04900000 2195.28000 125.49000 23.09400 97.50000
 1 8 21 03 46 35615.00000 45.01800000 2190.75000 125.49000 23.09400 97.60000
 1 8 21 03 46 35613.00000 45.03700000 2190.75000 125.49000 23.09400 97.60000
 1 8 21 03 47 35589.30000 45.03700000 2191.03000 125.49000 23.05400 97.60000
 1 8 21 03 47 35617.90000 45.03700000 2191.90000 125.49000 23.05400 97.60000
 1 8 21 03 48 35615.40000 45.23200000 2191.90000 125.49000 23.05400 97.60000
 1 8 21 03 48 35615.30000 45.23200000 2191.90000 125.60000 23.05400 97.60000
 1 8 21 03 48 35615.40000 45.23200000 2193.50000 125.60000 23.05400 97.83600
 1 8 21 03 49 35628.50000 45.23200000 2193.31000 125.60000 23.05400 97.83600
