M=[
 3 7 21 22 04 29197.90000 47.69100000 1855.06000 116.73000 18.81700 97.86700
 3 7 21 22 04 29186.50000 47.69100000 1855.29000 116.86000 18.81700 97.86700
 3 7 21 22 05 29175.70000 47.69100000 1852.98000 116.81000 18.81700 97.76900
 3 7 21 22 05 29173.90000 47.69200000 1852.74000 116.66000 18.81700 97.76900
 3 7 21 22 06 29155.20000 47.72000000 1854.38000 116.73000 18.81700 97.76900
 3 7 21 22 06 29150.10000 47.72000000 1854.73000 116.73000 18.81700 97.76900
 3 7 21 22 06 29150.10000 47.69600000 1854.73000 116.73000 18.81700 97.76900
 3 7 21 22 07 29150.00000 47.69600000 1853.77000 116.68000 18.81700 97.76900
 3 7 21 22 07 29150.00000 47.69600000 1852.69000 116.72000 18.81700 97.80400
 3 7 21 22 08 29150.00000 47.69600000 1854.96000 116.70000 18.81700 97.80400
 3 7 21 22 08 29152.30000 47.69600000 1854.61000 116.66000 18.81700 97.80400
 3 7 21 22 09 29156.00000 47.69600000 1853.68000 116.66000 18.81700 97.74400
 3 7 21 22 09 29161.80000 47.69600000 1853.68000 116.66000 18.81700 97.74400
 3 7 21 22 09 29174.20000 47.69600000 1853.80000 116.66000 18.81700 97.74400
 3 7 21 22 10 29162.90000 47.69600000 1853.82000 116.66000 18.81700 97.74400
 3 7 21 22 10 29165.80000 47.69600000 1854.93000 116.66000 18.81700 97.74400
 3 7 21 22 11 29174.90000 47.69600000 1854.53000 116.59000 18.81700 97.74400
 3 7 21 22 11 29182.30000 47.69600000 1854.62000 116.66000 18.81700 97.74400
 3 7 21 22 12 29170.00000 47.69600000 1854.62000 116.66000 18.81700 97.74400
 3 7 21 22 12 29155.10000 47.69600000 1854.47000 116.68000 18.81700 97.74400
 3 7 21 22 12 29155.10000 47.69600000 1854.61000 116.68000 18.81700 97.74400
 3 7 21 22 13 29175.50000 47.69600000 1854.62000 116.68000 18.81700 97.74400
 3 7 21 22 13 29165.40000 47.70100000 1855.35000 116.68000 18.81700 97.74400
 3 7 21 22 14 29165.40000 47.70100000 1856.90000 116.68000 18.81700 97.74400
 3 7 21 22 14 29166.60000 47.70100000 1856.90000 116.86000 18.81700 97.74400
 3 7 21 22 15 29166.60000 47.70100000 1855.72000 116.86000 18.81700 97.74400
 3 7 21 22 15 29173.70000 47.70100000 1856.70000 117.10000 18.81700 97.74400
 3 7 21 22 16 29165.40000 47.70100000 1856.70000 116.99000 18.81700 97.74400
 3 7 21 22 16 29164.60000 47.70100000 1857.36000 116.99000 18.81700 97.74400
 3 7 21 22 16 29159.10000 47.70100000 1857.60000 116.99000 18.81700 97.74400
 3 7 21 22 17 29167.10000 47.70100000 1857.61000 117.07000 18.81700 97.74400
 3 7 21 22 17 29171.80000 47.70100000 1859.00000 117.07000 18.81700 97.74400
 3 7 21 22 18 29176.60000 47.70100000 1859.92000 117.12000 18.81700 97.74400
 3 7 21 22 18 29166.90000 47.65100000 1859.92000 116.99000 18.81700 97.74400
 3 7 21 22 19 29166.90000 47.65100000 1859.92000 117.01000 18.81700 97.74400
 3 7 21 22 19 29166.80000 47.65100000 1859.92000 117.01000 18.81700 97.74400
 3 7 21 22 19 29166.80000 47.65100000 1859.92000 117.01000 18.81700 97.74400
 3 7 21 22 20 29173.70000 47.65100000 1859.75000 117.11000 18.81700 97.74400
 3 7 21 22 20 29173.70000 47.71800000 1859.75000 117.11000 18.81700 97.74400
 3 7 21 22 21 29159.20000 47.71800000 1859.75000 117.12000 18.81700 97.74400
 3 7 21 22 21 29170.50000 47.71800000 1859.22000 117.12000 18.92900 97.74400
 3 7 21 22 22 29170.50000 47.71800000 1859.92000 117.12000 18.92900 97.74400
 3 7 21 22 22 29162.70000 47.71800000 1859.68000 117.12000 18.92900 98.05200
 3 7 21 22 22 29173.60000 47.71800000 1859.68000 117.12000 18.92900 98.05200
 3 7 21 22 23 29169.70000 47.71800000 1860.00000 117.12000 18.92900 98.05200
 3 7 21 22 23 29167.90000 47.71800000 1860.00000 117.37000 18.92900 98.11600
 3 7 21 22 24 29169.70000 47.71800000 1860.00000 117.37000 18.92900 98.11600
 3 7 21 22 24 29169.70000 47.71800000 1862.51000 117.37000 18.92900 98.11600
 3 7 21 22 25 29173.30000 47.71800000 1862.51000 117.37000 18.92900 98.11600
 3 7 21 22 25 29119.20000 47.71800000 1860.84000 117.37000 18.92900 98.11600
 3 7 21 22 25 29104.60000 47.71800000 1858.81000 117.37000 18.92900 98.11600
 3 7 21 22 26 29134.00000 47.64400000 1856.97000 117.37000 18.92900 98.11600
 3 7 21 22 26 29112.10000 47.64400000 1858.71000 117.37000 18.92900 98.11600
 3 7 21 22 27 29104.40000 47.64400000 1857.20000 117.37000 18.92900 98.11600
 3 7 21 22 27 29055.00000 47.64400000 1855.72000 117.37000 18.92900 97.65800
 3 7 21 22 28 28990.60000 47.50000000 1850.47000 117.37000 18.92900 97.65800
 3 7 21 22 28 28918.10000 47.07600000 1848.38000 116.10000 18.92900 96.80300
 3 7 21 22 28 28955.10000 47.07600000 1849.27000 116.25000 18.92900 96.80300
 3 7 21 22 29 28947.20000 47.07600000 1849.09000 116.25000 18.92900 96.80300
 3 7 21 22 29 28939.50000 47.14400000 1848.54000 116.25000 18.92900 96.80300
 3 7 21 22 30 28948.70000 47.14400000 1847.04000 116.25000 18.92900 96.80300
 3 7 21 22 30 28957.40000 47.14400000 1850.76000 116.25000 18.92900 96.80300
 3 7 21 22 31 28957.40000 47.14400000 1851.50000 116.41000 18.92900 96.80300
 3 7 21 22 31 28964.90000 47.14400000 1851.90000 116.41000 18.92900 96.80300
 3 7 21 22 31 28965.10000 47.14400000 1851.96000 116.41000 18.92900 96.80300
 3 7 21 22 32 28957.30000 47.14400000 1851.59000 116.41000 18.92900 97.06900
 3 7 21 22 32 28945.00000 47.06000000 1848.59000 116.41000 18.92900 97.06900
 3 7 21 22 33 28900.10000 46.84700000 1846.27000 116.25000 18.92900 96.81100
 3 7 21 22 33 28900.00000 46.88800000 1844.25000 116.25000 18.92900 96.71700
 3 7 21 22 34 28907.30000 46.88800000 1846.10000 116.25000 18.92900 96.71700
 3 7 21 22 34 28907.30000 46.88800000 1843.54000 116.15000 18.73300 96.71700
 3 7 21 22 34 28900.00000 46.88800000 1844.56000 116.15000 18.73300 96.71700
 3 7 21 22 35 28900.00000 46.88800000 1844.56000 116.15000 18.73300 96.71700
 3 7 21 22 35 28900.00000 46.94600000 1844.56000 116.15000 18.73300 96.71700
 3 7 21 22 36 28927.70000 46.94600000 1846.96000 116.10000 18.73300 96.71700
 3 7 21 22 36 28938.70000 46.94600000 1848.53000 116.40000 18.73300 96.71700
 3 7 21 22 37 28944.40000 46.94600000 1848.81000 116.40000 18.73300 96.71700
 3 7 21 22 37 28948.60000 46.94600000 1849.63000 116.40000 18.73300 96.71700
 3 7 21 22 37 28924.30000 46.94600000 1849.06000 116.40000 18.73300 96.71700
 3 7 21 22 38 28944.20000 46.94600000 1849.10000 116.40000 18.73300 96.71700
 3 7 21 22 38 28950.40000 46.94600000 1849.60000 116.40000 18.73300 96.71700
 3 7 21 22 39 28940.50000 46.94600000 1849.60000 116.40000 18.73300 96.71700
 3 7 21 22 39 28940.50000 46.94600000 1850.32000 116.40000 18.73300 96.71700
 3 7 21 22 40 28952.20000 47.20500000 1849.83000 116.58000 18.73300 96.71700
 3 7 21 22 40 28952.30000 47.20500000 1850.73000 116.72000 18.73300 96.71700
 3 7 21 22 40 28952.30000 47.20500000 1851.14000 116.72000 18.73300 96.71700
 3 7 21 22 41 28970.30000 47.20500000 1851.14000 116.72000 18.73300 96.71700
 3 7 21 22 41 28984.30000 47.20500000 1851.14000 116.77000 18.73300 96.71700
 3 7 21 22 42 28996.20000 47.20500000 1851.14000 116.77000 18.73300 96.71700
 3 7 21 22 42 28992.40000 47.30000000 1851.46000 116.77000 18.73300 96.71700
 3 7 21 22 43 29004.70000 47.30000000 1851.46000 116.77000 18.73300 96.71700
 3 7 21 22 43 28990.00000 47.30800000 1851.46000 116.75000 18.73300 96.71700
 3 7 21 22 44 28989.90000 47.25800000 1851.46000 116.75000 18.73300 96.71700
 3 7 21 22 44 28990.00000 47.25800000 1850.17000 116.68000 18.73300 96.71700
 3 7 21 22 44 28999.80000 47.25800000 1850.30000 116.68000 18.73300 96.71700
 3 7 21 22 45 28997.00000 47.25800000 1848.98000 116.68000 18.73300 96.71700
 3 7 21 22 45 28994.80000 47.25800000 1848.98000 116.68000 18.73300 96.71700
 3 7 21 22 46 28999.60000 47.36100000 1850.87000 116.68000 18.73300 96.71700
 3 7 21 22 46 29012.20000 47.36800000 1850.86000 116.68000 18.73300 96.71700
 3 7 21 22 47 29030.80000 47.36800000 1850.87000 116.68000 18.73300 96.71700
 3 7 21 22 47 29022.20000 47.36800000 1852.78000 116.68000 18.73300 96.71700
 3 7 21 22 47 29022.20000 47.36800000 1852.78000 116.68000 18.73300 96.71700
 3 7 21 22 48 29030.70000 47.41400000 1851.97000 116.68000 18.73300 97.26800
