M=[
21 4 21 11 13 45892.80000 26.95300000 1893.25000 213.04000 34.50000 198.05800
21 4 21 11 13 45905.50000 26.95300000 1892.44000 213.41000 34.50000 198.05800
21 4 21 11 14 45922.00000 26.95300000 1892.44000 213.41000 34.50000 198.05800
21 4 21 11 14 45971.50000 27.05500000 1896.34000 213.60000 34.50000 198.05800
21 4 21 11 14 45974.30000 27.05500000 1894.79000 213.60000 34.50000 198.05800
21 4 21 11 15 45981.40000 27.05500000 1895.34000 213.60000 34.50000 198.05800
21 4 21 11 15 45976.10000 27.05500000 1895.79000 213.60000 34.50000 198.05800
21 4 21 11 16 45967.10000 26.99100000 1894.40000 213.57000 34.50000 198.05800
21 4 21 11 16 45967.10000 26.99100000 1894.39000 213.57000 34.50000 198.05800
21 4 21 11 17 45950.10000 26.99100000 1893.71000 213.52000 34.50000 198.05800
21 4 21 11 17 45921.50000 26.99100000 1893.71000 213.44000 34.50000 198.05800
21 4 21 11 17 45931.70000 26.99100000 1893.43000 213.37000 34.50000 197.65300
21 4 21 11 18 45930.10000 26.99200000 1893.53000 213.54000 34.50000 197.65300
21 4 21 11 18 45950.00000 26.99200000 1892.57000 213.54000 34.50000 197.65300
21 4 21 11 19 45946.10000 26.99200000 1892.99000 213.52000 34.50000 197.65300
21 4 21 11 19 45935.50000 26.99200000 1892.55000 213.52000 34.50000 197.65300
21 4 21 11 20 45891.80000 26.99200000 1890.03000 213.52000 34.50000 197.65300
21 4 21 11 20 45821.10000 26.95000000 1886.31000 212.65000 34.50000 197.65300
21 4 21 11 20 45835.80000 26.87600000 1886.98000 212.60000 34.50000 197.65300
21 4 21 11 21 45801.70000 26.87600000 1887.50000 212.85000 34.50000 197.65300
21 4 21 11 21 45807.80000 26.87600000 1888.85000 212.85000 34.50000 197.65300
21 4 21 11 22 45813.20000 26.91800000 1889.58000 212.68000 34.50000 197.65300
21 4 21 11 22 45782.00000 26.91800000 1887.43000 212.66000 34.50000 197.65300
21 4 21 11 23 45785.40000 26.91800000 1886.80000 212.35000 34.50000 197.65300
21 4 21 11 23 45787.40000 26.91800000 1886.59000 212.34000 34.50000 197.65300
21 4 21 11 23 45793.90000 26.91800000 1887.69000 212.40000 34.50000 197.65300
21 4 21 11 24 45803.40000 26.91800000 1886.61000 212.47000 34.50000 197.65300
21 4 21 11 24 45828.20000 26.91800000 1886.82000 212.80000 34.50000 197.65300
21 4 21 11 25 45846.40000 26.91800000 1888.09000 212.80000 34.50000 197.65300
21 4 21 11 25 45872.50000 26.93200000 1890.00000 213.23000 34.50000 197.65300
21 4 21 11 26 45834.90000 26.93200000 1888.26000 213.23000 34.50000 197.65300
21 4 21 11 26 45783.40000 26.92900000 1882.93000 212.24000 34.50000 197.65300
21 4 21 11 26 45719.90000 26.92900000 1883.95000 211.67000 34.50000 197.65300
21 4 21 11 27 45638.30000 26.74100000 1879.17000 211.09000 34.50000 195.88600
21 4 21 11 27 45659.90000 26.74100000 1880.75000 211.89000 34.50000 195.88600
21 4 21 11 28 45702.00000 26.75800000 1883.25000 211.89000 34.50000 195.88600
21 4 21 11 28 45734.10000 26.75800000 1885.45000 212.93000 34.50000 195.88600
21 4 21 11 28 45650.00000 26.75800000 1880.00000 212.93000 34.70000 196.50100
21 4 21 11 29 45555.00000 26.66000000 1875.00000 211.77000 34.70000 195.31200
21 4 21 11 29 45575.70000 26.56800000 1870.96000 211.19000 34.69900 195.31200
21 4 21 11 30 45650.00000 26.56800000 1877.26000 211.90000 34.69900 195.58700
21 4 21 11 30 45546.50000 26.56800000 1869.60000 211.90000 34.69900 195.58700
21 4 21 11 31 45580.80000 26.56800000 1870.00000 211.38000 34.69900 194.13700
21 4 21 11 31 45634.00000 26.56800000 1873.07000 211.49000 34.69900 194.13700
21 4 21 11 31 45647.90000 26.56800000 1871.67000 211.73000 34.69900 194.13700
21 4 21 11 32 45610.50000 26.56800000 1871.28000 211.73000 34.69900 194.13700
21 4 21 11 32 45614.60000 26.64900000 1870.90000 211.37000 34.69900 195.10400
21 4 21 11 33 45630.00000 26.56900000 1870.99000 211.37000 34.69900 195.10400
21 4 21 11 33 45660.10000 26.57500000 1871.73000 211.54000 34.69900 195.10400
21 4 21 11 34 45640.10000 26.57500000 1870.99000 211.54000 34.69900 195.06800
21 4 21 11 34 45614.60000 26.66900000 1869.24000 211.19000 34.69900 195.06800
21 4 21 11 34 45600.10000 26.66900000 1869.70000 211.06000 34.69900 195.06800
21 4 21 11 35 45662.70000 26.66900000 1873.98000 211.11000 34.69900 195.06800
21 4 21 11 35 45616.00000 26.66900000 1873.98000 211.11000 34.69900 195.06800
21 4 21 11 36 45547.50000 26.62200000 1867.69000 211.04000 34.69900 195.06800
21 4 21 11 36 45523.10000 26.62200000 1868.00000 210.12000 34.69900 194.84100
21 4 21 11 37 45521.70000 26.62200000 1867.99000 210.08000 34.69900 194.84100
21 4 21 11 37 45507.40000 26.58000000 1869.26000 210.01000 34.69900 194.84100
21 4 21 11 37 45591.30000 26.58000000 1873.83000 211.05000 34.69900 194.84100
21 4 21 11 38 45610.00000 26.58000000 1874.33000 210.85000 34.69900 195.00000
21 4 21 11 38 45612.30000 26.70500000 1874.75000 210.85000 34.69900 195.00000
21 4 21 11 39 45652.50000 26.70500000 1877.78000 211.70000 34.69900 195.00000
21 4 21 11 39 45705.10000 26.70500000 1879.98000 212.62000 34.69900 195.00000
21 4 21 11 40 45688.10000 26.70500000 1880.29000 212.38000 34.69900 195.89800
21 4 21 11 40 45665.60000 26.70500000 1879.56000 212.38000 34.35400 195.89800
21 4 21 11 40 45674.50000 26.70500000 1878.21000 212.38000 34.35400 195.89800
21 4 21 11 41 45724.00000 26.70500000 1880.29000 212.12000 34.35400 195.89800
21 4 21 11 41 45721.80000 26.70500000 1881.14000 212.81000 34.35400 195.89800
21 4 21 11 42 45721.80000 26.93200000 1883.81000 213.38000 34.35400 195.89800
21 4 21 11 42 45743.40000 26.93200000 1884.02000 213.38000 34.35400 195.89800
21 4 21 11 43 45728.90000 26.93200000 1884.06000 213.38000 34.35400 195.89800
21 4 21 11 43 45735.40000 26.93200000 1884.05000 213.38000 34.35400 195.89800
21 4 21 11 43 45727.70000 26.92700000 1882.92000 212.45000 34.35400 195.89800
21 4 21 11 44 45725.80000 26.92700000 1881.36000 212.45000 34.35400 196.40400
21 4 21 11 44 45700.20000 26.92700000 1880.60000 212.38000 34.35400 196.32600
21 4 21 11 45 45665.70000 26.92700000 1877.94000 212.05000 34.35400 196.32600
21 4 21 11 45 45634.00000 26.70500000 1877.88000 211.43000 34.35400 196.32600
21 4 21 11 46 45598.40000 26.68600000 1875.00000 210.63000 34.35400 196.32600
21 4 21 11 46 45500.00000 26.68600000 1870.32000 210.28000 34.35400 193.94700
21 4 21 11 46 45500.10000 26.54300000 1870.20000 210.28000 34.35400 193.91400
21 4 21 11 47 45513.80000 26.35900000 1868.68000 210.06000 34.35400 193.91400
21 4 21 11 47 45505.30000 26.35900000 1869.14000 210.56000 34.35400 193.91400
21 4 21 11 48 45468.50000 26.47200000 1868.07000 210.31000 34.35400 193.91400
21 4 21 11 48 45477.40000 26.43500000 1867.87000 210.42000 34.35400 193.91400
21 4 21 11 49 45468.60000 26.43500000 1867.95000 210.42000 34.35400 193.91400
21 4 21 11 49 45468.50000 26.43500000 1867.95000 210.41000 34.35400 193.91400
21 4 21 11 49 45447.80000 26.43500000 1868.44000 210.07000 34.35400 193.91400
21 4 21 11 50 45500.20000 26.43500000 1871.49000 210.55000 34.35400 193.86500
21 4 21 11 50 45500.50000 26.43500000 1873.22000 210.68000 34.22300 194.93700
21 4 21 11 51 45439.00000 26.43500000 1871.49000 210.11000 34.22300 194.93700
21 4 21 11 51 45359.70000 26.43500000 1869.64000 209.51000 34.22300 194.93700
21 4 21 11 52 45388.00000 26.29200000 1871.08000 210.03000 34.22300 193.37600
21 4 21 11 52 45471.90000 26.29200000 1874.36000 210.43000 34.22300 193.37600
21 4 21 11 52 45491.00000 26.51700000 1879.00000 210.43000 34.22400 193.37600
21 4 21 11 53 45492.10000 26.59300000 1879.20000 210.97000 34.22400 193.37600
21 4 21 11 53 45526.80000 26.59300000 1881.74000 211.01000 34.22400 194.75300
21 4 21 11 54 45570.00000 26.59300000 1883.35000 211.13000 34.22400 194.75300
21 4 21 11 54 45579.70000 26.59300000 1885.77000 211.73000 34.22400 195.20700
21 4 21 11 55 45522.80000 26.59300000 1882.86000 211.02000 34.22400 195.20700
21 4 21 11 55 45497.80000 26.59300000 1885.17000 211.02000 34.22400 195.20700
21 4 21 11 55 45544.90000 26.59300000 1886.29000 211.10000 34.22400 195.21200
21 4 21 11 56 45573.80000 26.55200000 1889.65000 211.45000 34.22400 195.00000
