M=[
17 2 21 22 29 43409.00000 12.72200000 1532.16000 194.11000 32.50800 140.20400
17 2 21 22 29 43400.90000 12.78700000 1529.56000 194.24000 32.50800 140.20400
17 2 21 22 30 43400.80000 12.72400000 1531.14000 194.08000 32.50800 140.20400
17 2 21 22 30 43400.70000 12.72400000 1531.11000 194.08000 32.50800 140.12700
17 2 21 22 31 43401.60000 12.72700000 1530.94000 194.14000 32.50800 140.12700
17 2 21 22 31 43401.60000 12.72700000 1531.48000 194.04000 32.50800 140.12700
17 2 21 22 32 43426.90000 12.75300000 1532.09000 194.33000 32.50800 140.12700
17 2 21 22 32 43450.00000 12.71500000 1532.52000 194.87000 32.62100 140.12700
17 2 21 22 32 43450.00000 12.71700000 1532.52000 195.13000 32.62100 140.12700
17 2 21 22 33 43489.20000 12.77200000 1532.52000 195.02000 32.62100 140.12700
17 2 21 22 33 43489.20000 12.78900000 1532.52000 195.00000 32.62100 140.12700
17 2 21 22 34 43489.10000 12.78900000 1533.31000 194.85000 32.65500 140.50000
17 2 21 22 34 43489.10000 12.78900000 1533.50000 194.69000 32.65500 140.50000
17 2 21 22 35 43488.00000 12.78900000 1533.71000 194.93000 32.65500 140.50000
17 2 21 22 35 43485.20000 12.80000000 1533.50000 194.96000 32.65500 140.50000
17 2 21 22 35 43485.20000 12.80000000 1533.73000 195.01000 32.65500 140.50000
17 2 21 22 36 43485.10000 12.80000000 1534.00000 195.06000 32.65500 140.50000
17 2 21 22 36 43485.10000 12.80000000 1534.61000 194.95000 32.65500 140.50000
17 2 21 22 37 43485.00000 12.80000000 1534.79000 195.50000 32.65500 140.50000
17 2 21 22 37 43485.00000 12.80000000 1535.00000 195.49000 32.65500 140.50000
17 2 21 22 38 43485.00000 12.85000000 1535.07000 195.47000 32.65500 140.50000
17 2 21 22 38 43480.10000 12.85800000 1535.48000 195.28000 32.41500 140.49900
17 2 21 22 38 43455.10000 12.85800000 1534.94000 195.00000 32.41500 140.49900
17 2 21 22 39 43450.00000 12.85800000 1534.77000 194.81000 32.41500 140.49900
17 2 21 22 39 43446.00000 12.85800000 1535.01000 194.91000 32.41500 140.49900
17 2 21 22 40 43446.00000 12.85800000 1534.84000 194.76000 32.41500 140.49900
17 2 21 22 40 43446.20000 12.72300000 1533.76000 194.72000 32.41500 140.49900
17 2 21 22 41 43449.00000 12.74100000 1533.51000 194.72000 32.41500 139.93900
17 2 21 22 41 43447.10000 12.74100000 1531.10000 194.40000 32.41500 139.93900
17 2 21 22 41 43447.10000 12.74100000 1530.48000 194.37000 32.41500 139.89100
17 2 21 22 42 43447.00000 12.70800000 1531.07000 194.34000 32.41500 139.89100
17 2 21 22 42 43445.00000 12.70800000 1531.60000 194.27000 32.41500 139.89100
17 2 21 22 43 43445.00000 12.70800000 1530.53000 194.24000 32.41500 139.89100
17 2 21 22 43 43404.40000 12.70800000 1526.00000 193.94000 32.41500 139.89100
17 2 21 22 44 43359.70000 12.70800000 1526.23000 193.56000 32.41500 139.89100
17 2 21 22 44 43280.00000 12.70800000 1524.25000 193.02000 32.41500 139.89100
17 2 21 22 44 43237.60000 12.70800000 1525.00000 192.77000 32.41500 139.89100
17 2 21 22 45 43278.90000 12.70800000 1524.62000 192.88000 32.41500 139.89100
17 2 21 22 45 43348.00000 12.70800000 1528.09000 193.88000 32.41500 139.89100
17 2 21 22 46 43344.00000 12.70800000 1528.01000 193.40000 32.41500 139.34900
17 2 21 22 46 43316.10000 12.70800000 1526.14000 193.43000 32.41500 139.34900
17 2 21 22 47 43320.50000 12.70800000 1527.66000 193.63000 32.41500 139.34900
17 2 21 22 47 43291.90000 12.70800000 1526.76000 193.63000 32.41500 139.34900
17 2 21 22 47 43255.20000 12.70800000 1525.39000 193.67000 32.41500 139.34900
17 2 21 22 48 43250.00000 12.70800000 1526.82000 193.45000 32.41500 139.04800
17 2 21 22 48 43293.10000 12.70800000 1527.54000 193.21000 32.41500 139.04800
17 2 21 22 49 43299.20000 12.70000000 1525.64000 193.35000 32.41500 139.04800
17 2 21 22 49 43275.90000 12.70100000 1525.42000 193.43000 32.41500 139.04800
17 2 21 22 50 43253.80000 12.70100000 1524.00000 193.01000 32.41500 139.04800
17 2 21 22 50 43231.70000 12.69600000 1522.52000 192.82000 32.41500 138.71200
17 2 21 22 50 43249.90000 12.67000000 1523.14000 193.35000 32.41500 138.71200
17 2 21 22 51 43249.80000 12.67100000 1523.00000 193.03000 32.41500 138.71200
17 2 21 22 51 43249.90000 12.67000000 1524.10000 193.26000 32.41500 138.71200
17 2 21 22 52 43266.50000 12.67000000 1525.31000 193.20000 32.41500 139.14400
17 2 21 22 52 43273.60000 12.67000000 1525.37000 193.10000 32.41500 139.14400
17 2 21 22 53 43296.30000 12.67000000 1525.76000 193.17000 32.41500 138.88100
17 2 21 22 53 43289.10000 12.67000000 1525.60000 193.18000 32.41500 138.88100
17 2 21 22 53 43299.80000 12.67000000 1525.65000 193.36000 32.41500 138.88100
17 2 21 22 54 43300.10000 12.67000000 1525.65000 193.26000 32.41500 138.88100
17 2 21 22 54 43300.10000 12.67000000 1525.65000 193.26000 32.41500 138.49100
17 2 21 22 55 43310.00000 12.67000000 1525.67000 193.37000 32.30000 138.46700
17 2 21 22 55 43319.90000 12.67000000 1528.01000 193.38000 32.30000 138.66700
17 2 21 22 56 43319.90000 12.67000000 1528.37000 193.37000 32.30000 138.66700
17 2 21 22 56 43321.20000 12.67800000 1528.44000 193.38000 32.30000 138.25600
17 2 21 22 56 43321.40000 12.63100000 1529.75000 193.50000 32.30000 138.25600
17 2 21 22 57 43321.40000 12.63100000 1529.97000 193.57000 32.30000 138.67300
17 2 21 22 57 43320.10000 12.63100000 1529.28000 193.40000 32.30000 138.67300
17 2 21 22 58 43295.10000 12.63100000 1529.27000 193.31000 32.30000 138.67300
17 2 21 22 58 43292.00000 12.63100000 1527.63000 193.27000 32.61100 138.67300
17 2 21 22 59 43319.90000 12.63100000 1528.70000 193.48000 32.61100 138.67300
17 2 21 22 59 43321.40000 12.63100000 1528.74000 193.55000 32.61100 137.98100
17 2 21 22 59 43321.40000 12.63300000 1529.21000 193.47000 32.61100 137.98100
17 2 21 23 00 43248.20000 12.63300000 1527.53000 193.34000 32.61100 137.98100
17 2 21 23 00 43265.60000 12.63300000 1527.53000 193.06000 32.61100 137.98100
17 2 21 23 01 43279.90000 12.63300000 1526.79000 193.09000 32.61100 137.98100
17 2 21 23 01 43275.00000 12.63300000 1525.94000 193.06000 32.51700 137.87600
17 2 21 23 02 43224.10000 12.63100000 1524.85000 193.05000 32.51700 137.87600
17 2 21 23 02 43218.20000 12.63100000 1526.52000 192.75000 32.51700 137.78200
17 2 21 23 02 43218.30000 12.63100000 1526.52000 192.64000 32.51700 138.15500
17 2 21 23 03 43218.30000 12.63200000 1525.95000 192.60000 32.51700 138.23200
17 2 21 23 03 43218.30000 12.63200000 1525.95000 192.70000 32.51700 138.23200
17 2 21 23 04 43218.30000 12.63200000 1525.95000 192.84000 32.51700 138.23200
17 2 21 23 04 43218.30000 12.63200000 1525.95000 192.83000 32.51700 138.23200
17 2 21 23 05 43218.30000 12.63100000 1525.94000 192.67000 32.51700 138.23200
17 2 21 23 05 43218.20000 12.54700000 1526.64000 192.69000 32.51700 138.23200
17 2 21 23 05 43218.20000 12.57800000 1526.63000 192.54000 32.51700 138.23200
17 2 21 23 06 43218.20000 12.54700000 1525.14000 192.37000 32.51700 138.23200
17 2 21 23 06 43212.60000 12.55400000 1526.11000 192.47000 32.51700 138.23200
17 2 21 23 07 43211.90000 12.54100000 1526.11000 192.38000 32.51700 138.23200
17 2 21 23 07 43224.10000 12.54100000 1526.76000 192.71000 32.51700 138.23200
17 2 21 23 08 43260.70000 12.54100000 1528.53000 193.06000 32.51700 138.23200
17 2 21 23 08 43271.90000 12.54100000 1527.05000 193.06000 32.51700 138.31700
17 2 21 23 08 43285.80000 12.54100000 1527.48000 193.12000 32.51700 138.31700
17 2 21 23 09 43290.00000 12.54100000 1527.72000 193.16000 32.51700 138.31700
17 2 21 23 09 43294.40000 12.54100000 1527.72000 193.11000 32.51700 138.31700
17 2 21 23 10 43350.40000 12.54100000 1528.23000 193.57000 32.51700 138.31700
17 2 21 23 10 43327.70000 12.54100000 1528.58000 193.57000 32.51700 138.31700
17 2 21 23 10 43324.80000 12.54100000 1528.92000 193.57000 32.51700 138.47000
17 2 21 23 11 43330.50000 12.54100000 1527.46000 193.56000 32.51700 138.47000
17 2 21 23 11 43329.70000 12.56600000 1527.18000 193.25000 32.51700 138.47000
17 2 21 23 12 43336.10000 12.56600000 1527.23000 193.46000 32.51700 137.88800
17 2 21 23 12 43336.20000 12.59400000 1529.44000 193.32000 32.51700 137.88800
