M=[
19 5 21 18 13 31837.00000 54.18400000 2211.06000 168.98000 23.59800 135.19000
19 5 21 18 13 31797.50000 54.18400000 2200.00000 168.99000 23.59800 135.54000
19 5 21 18 14 31669.20000 53.78200000 2186.72000 167.49000 23.59800 134.35300
19 5 21 18 14 31668.70000 53.38600000 2183.87000 167.56000 23.74300 134.61200
19 5 21 18 14 31591.20000 53.52500000 2188.83000 168.21000 23.74300 134.61100
19 5 21 18 15 31539.50000 53.33400000 2182.28000 167.29000 23.74300 134.61100
19 5 21 18 15 31529.90000 53.31100000 2168.82000 166.76000 23.81800 133.25800
19 5 21 18 16 31426.20000 53.15300000 2159.06000 166.22000 23.80100 133.48700
19 5 21 18 16 31441.90000 52.82000000 2164.29000 166.13000 23.82200 133.03300
19 5 21 18 17 31480.00000 52.59700000 2158.96000 166.28000 23.82100 132.87500
19 5 21 18 17 31413.10000 52.82300000 2155.43000 166.08000 23.82100 132.74000
19 5 21 18 17 31289.90000 52.34800000 2138.75000 165.36000 23.82100 131.82300
19 5 21 18 18 31319.10000 52.32200000 2143.75000 165.10000 23.81900 131.82300
19 5 21 18 18 31441.90000 52.32200000 2155.16000 166.74000 23.81900 131.95000
19 5 21 18 19 31519.80000 52.57500000 2169.03000 167.19000 23.81900 132.63600
19 5 21 18 19 31568.50000 52.69800000 2170.38000 167.55000 23.81900 134.47100
19 5 21 18 20 31546.60000 52.95400000 2163.96000 167.63000 23.81900 133.51600
19 5 21 18 20 31275.00000 52.19100000 2147.04000 165.54000 23.81900 132.55200
19 5 21 18 20 31301.80000 52.13200000 2144.23000 165.58000 23.81900 132.07900
19 5 21 18 21 31361.00000 52.13200000 2147.23000 165.48000 23.81900 132.61100
19 5 21 18 21 31391.00000 52.30100000 2162.02000 167.02000 23.81900 133.27400
19 5 21 18 22 31600.00000 53.00500000 2183.14000 168.24000 23.81900 133.49400
19 5 21 18 22 31648.10000 53.28500000 2185.73000 168.92000 23.83900 133.49400
19 5 21 18 23 31650.20000 52.93300000 2175.35000 168.58000 23.83900 134.02800
19 5 21 18 23 31676.50000 53.05600000 2183.26000 168.26000 23.83900 134.02800
19 5 21 18 23 31849.30000 53.01700000 2200.95000 169.21000 23.45700 135.36600
19 5 21 18 24 31826.40000 53.48000000 2204.59000 169.90000 23.74300 134.21300
19 5 21 18 24 31784.80000 53.37800000 2200.27000 169.21000 23.74300 134.21300
19 5 21 18 25 31781.00000 53.39800000 2201.99000 169.46000 23.74300 134.92300
19 5 21 18 25 31784.30000 53.35100000 2199.94000 169.15000 23.80000 134.92300
19 5 21 18 26 31796.50000 53.48800000 2209.42000 169.38000 24.16600 134.68900
19 5 21 18 26 31776.40000 53.47000000 2203.87000 169.31000 23.83900 134.91100
19 5 21 18 26 31544.40000 53.20200000 2186.42000 167.86000 23.83900 133.67200
19 5 21 18 27 31616.50000 53.10600000 2202.35000 168.90000 23.85000 134.13000
19 5 21 18 27 31721.00000 53.42000000 2205.87000 169.08000 23.85000 134.59900
19 5 21 18 28 31749.20000 53.18500000 2205.17000 169.35000 23.85000 135.29000
19 5 21 18 28 31799.60000 53.48400000 2211.34000 169.95000 23.85000 135.53000
19 5 21 18 29 31843.50000 53.40500000 2213.29000 170.07000 23.82500 135.38200
19 5 21 18 29 31837.90000 53.89200000 2213.78000 170.17000 23.82500 135.38200
19 5 21 18 29 31744.60000 53.54500000 2204.37000 169.25000 23.82500 135.38400
19 5 21 18 30 31857.20000 53.69900000 2213.94000 170.10000 23.82500 135.98700
19 5 21 18 30 31936.60000 53.97200000 2214.55000 169.86000 23.82500 135.98700
19 5 21 18 31 31933.40000 54.07600000 2220.15000 170.10000 23.82500 136.02300
19 5 21 18 31 31939.90000 54.19300000 2217.36000 170.09000 23.82500 136.85800
19 5 21 18 32 31942.20000 54.04500000 2213.43000 170.23000 23.82500 136.76800
19 5 21 18 32 31837.10000 53.70200000 2204.55000 169.29000 23.82800 135.71000
19 5 21 18 32 31856.20000 53.71600000 2200.33000 169.39000 23.82800 135.71000
19 5 21 18 33 31955.60000 53.89400000 2212.86000 170.36000 23.82800 135.71000
19 5 21 18 33 31958.30000 54.21400000 2218.52000 170.24000 23.82800 136.24200
19 5 21 18 34 31766.40000 54.01700000 2194.54000 168.67000 23.82800 135.14900
19 5 21 18 34 31699.80000 53.69800000 2190.91000 169.04000 23.86400 134.21200
19 5 21 18 35 31715.80000 53.69800000 2192.59000 169.26000 23.86400 134.78500
19 5 21 18 35 31795.80000 53.92400000 2197.88000 169.53000 23.90000 135.63000
19 5 21 18 35 31814.20000 53.76200000 2199.79000 169.74000 23.90000 135.63000
19 5 21 18 36 31789.20000 54.00400000 2193.76000 169.49000 23.90000 136.00000
19 5 21 18 36 31859.70000 53.71700000 2203.79000 169.86000 23.90000 136.24200
19 5 21 18 37 31808.50000 53.75800000 2199.40000 169.82000 23.90000 136.35500
19 5 21 18 37 31800.00000 53.75800000 2192.36000 169.63000 23.97600 136.35500
19 5 21 18 38 31694.80000 53.44400000 2180.00000 168.74000 23.97600 135.52900
19 5 21 18 38 31580.00000 53.19100000 2164.83000 167.76000 23.97600 134.91200
19 5 21 18 38 31611.80000 53.08000000 2169.56000 168.04000 23.97600 134.87900
19 5 21 18 39 31554.30000 52.78000000 2164.88000 167.59000 23.97600 134.72100
19 5 21 18 39 31546.30000 52.79700000 2161.60000 167.36000 23.97600 134.44800
19 5 21 18 40 31463.90000 52.52100000 2158.76000 166.98000 23.82800 133.92600
19 5 21 18 40 31431.10000 52.62600000 2147.40000 166.75000 23.81700 133.77700
19 5 21 18 41 31615.70000 53.00000000 2164.61000 168.01000 23.81700 134.02200
19 5 21 18 41 31566.20000 53.02700000 2163.27000 167.82000 23.81700 134.91300
19 5 21 18 42 31599.40000 53.03800000 2167.45000 167.76000 23.81700 134.91300
19 5 21 18 42 31548.50000 53.20000000 2156.63000 167.34000 23.85000 134.91300
19 5 21 18 42 31477.00000 53.08800000 2152.46000 166.38000 23.85000 134.29000
19 5 21 18 43 31432.40000 52.85200000 2154.98000 166.28000 23.85000 133.27100
19 5 21 18 43 31350.90000 52.45700000 2141.00000 165.92000 23.85000 133.06400
19 5 21 18 44 31295.20000 52.32200000 2134.41000 165.33000 23.85000 132.54100
19 5 21 18 44 31107.40000 51.65800000 2117.33000 163.44000 23.85000 130.92100
19 5 21 18 45 31121.30000 51.91200000 2122.42000 163.28000 23.74200 131.43900
19 5 21 18 45 31353.10000 52.29900000 2147.25000 165.44000 23.74200 132.99100
19 5 21 18 45 31236.70000 52.27900000 2130.32000 164.56000 23.70000 132.08600
19 5 21 18 46 31315.50000 52.22800000 2138.23000 164.48000 23.70000 132.54600
19 5 21 18 46 31200.00000 52.00700000 2123.62000 163.87000 23.70000 132.54600
19 5 21 18 47 31253.10000 51.99800000 2128.48000 163.99000 23.66800 131.69600
19 5 21 18 47 31289.20000 52.16100000 2143.50000 164.68000 23.64800 131.86400
19 5 21 18 48 31300.00000 52.39400000 2139.63000 164.51000 23.60300 132.44400
19 5 21 18 48 31318.80000 52.50300000 2146.30000 165.57000 23.60300 133.44000
19 5 21 18 48 31359.70000 52.56600000 2146.55000 165.66000 23.60300 133.44000
19 5 21 18 49 31341.70000 52.36000000 2151.00000 165.78000 23.60300 133.56100
19 5 21 18 49 31300.00000 52.36000000 2150.00000 165.74000 23.59400 133.05000
19 5 21 18 50 31291.90000 52.34300000 2148.61000 165.46000 23.76700 133.06100
19 5 21 18 50 31442.00000 52.41500000 2160.01000 165.78000 23.76700 133.06100
19 5 21 18 51 31425.90000 52.75200000 2160.50000 166.74000 23.76700 133.06100
19 5 21 18 51 31459.60000 52.75200000 2164.98000 166.81000 23.76700 133.06100
19 5 21 18 51 31459.40000 52.97400000 2164.70000 167.05000 23.76700 133.83400
19 5 21 18 52 31371.70000 52.68400000 2159.19000 166.13000 23.76700 134.01400
19 5 21 18 52 31280.70000 52.35900000 2151.65000 165.22000 23.76700 132.46900
19 5 21 18 53 31403.50000 52.35900000 2160.14000 165.72000 23.76700 132.46900
19 5 21 18 53 31479.00000 52.35900000 2164.31000 166.52000 23.76700 132.97000
19 5 21 18 54 31538.10000 52.61000000 2169.04000 167.07000 23.76700 132.97100
19 5 21 18 54 31511.20000 52.62300000 2167.93000 166.73000 23.76700 133.05000
19 5 21 18 54 31531.90000 52.94100000 2168.51000 166.78000 23.76700 133.00000
19 5 21 18 55 31368.40000 52.71700000 2157.33000 165.25000 23.76700 132.29700
19 5 21 18 55 31349.80000 52.85700000 2154.54000 165.04000 23.76700 132.39000
19 5 21 18 56 31423.50000 52.64000000 2161.63000 165.38000 23.76700 132.60400
19 5 21 18 56 31464.80000 52.80500000 2164.08000 165.92000 23.76700 131.78000
