M=[
14 1 21 00 39 31130.90000 6.18400000 936.82000 121.01000 16.14800 95.82500
14 1 21 00 39 31085.00000 6.18400000 937.05000 120.82000 16.20000 95.77200
14 1 21 00 40 31085.00000 6.18400000 935.98000 120.45000 16.16200 95.77200
14 1 21 00 40 31116.80000 6.18400000 935.98000 120.45000 16.16200 95.77200
14 1 21 00 41 31228.20000 6.18400000 938.27000 120.45000 16.16200 95.77200
14 1 21 00 41 31185.20000 6.18400000 937.75000 121.00000 16.16200 95.77200
14 1 21 00 41 31207.60000 6.18400000 938.00000 121.00000 16.16200 95.77200
14 1 21 00 42 31169.30000 6.18400000 937.86000 121.00000 16.16200 95.90400
14 1 21 00 42 31150.00000 6.18400000 936.57000 120.95000 16.16200 95.72000
14 1 21 00 43 31137.40000 6.18400000 936.57000 120.93000 16.16200 95.72000
14 1 21 00 43 31132.40000 6.18400000 936.01000 120.82000 16.16200 95.72000
14 1 21 00 44 31126.60000 6.18400000 936.01000 120.82000 16.16200 95.72000
14 1 21 00 44 31100.00000 6.18400000 935.32000 120.82000 16.16200 95.72000
14 1 21 00 44 31100.00000 6.18400000 935.00000 120.81000 16.16200 95.35700
14 1 21 00 45 31061.40000 6.18400000 935.00000 120.81000 16.16200 95.35700
14 1 21 00 45 31067.90000 6.18400000 934.13000 120.81000 16.16200 95.35700
14 1 21 00 46 31096.60000 6.18400000 934.49000 120.81000 16.16200 95.27000
14 1 21 00 46 31085.00000 6.18400000 935.00000 120.92000 16.16200 95.31500
14 1 21 00 47 31095.20000 6.18400000 935.00000 120.81000 16.10400 95.00900
14 1 21 00 47 31104.90000 6.18400000 935.73000 120.81000 16.27000 95.00900
14 1 21 00 47 31102.40000 6.18400000 936.53000 120.81000 16.17800 95.00900
14 1 21 00 48 31130.00000 6.18400000 936.85000 120.81000 16.17800 95.00900
14 1 21 00 48 31130.00000 6.18400000 936.62000 120.81000 16.17800 95.10400
14 1 21 00 49 31126.60000 6.20000000 935.49000 120.81000 16.17800 95.10400
14 1 21 00 49 31112.80000 6.20000000 935.49000 120.84000 16.17800 95.10400
14 1 21 00 50 31116.70000 6.20000000 935.29000 120.85000 16.17800 95.10400
14 1 21 00 50 31100.00000 6.20000000 934.10000 120.85000 16.17800 95.10400
14 1 21 00 50 31056.90000 6.20000000 934.01000 120.75000 16.17800 94.48000
14 1 21 00 51 31046.30000 6.20000000 933.19000 120.60000 16.17800 94.48000
14 1 21 00 51 31069.90000 6.20000000 932.99000 120.58000 16.17800 94.59000
14 1 21 00 52 31053.70000 6.20000000 932.34000 120.50000 16.17800 94.45300
14 1 21 00 52 31036.40000 6.20000000 931.56000 120.56000 16.11700 94.29500
14 1 21 00 53 31046.80000 6.20000000 932.30000 120.66000 16.11700 93.80000
14 1 21 00 53 31024.00000 6.16700000 931.66000 120.55000 16.11700 93.80000
14 1 21 00 53 31012.00000 6.13600000 931.50000 120.50000 16.11700 93.80000
14 1 21 00 54 31048.50000 6.13600000 931.04000 120.60000 16.11700 93.80000
14 1 21 00 54 31026.10000 6.13600000 930.00000 120.73000 16.11700 94.21900
14 1 21 00 55 31023.60000 6.13600000 929.48000 120.78000 16.11700 94.21900
14 1 21 00 55 31010.10000 6.15000000 929.22000 120.78000 16.11700 94.43600
14 1 21 00 56 31010.00000 6.15000000 929.66000 120.75000 16.17800 94.43600
14 1 21 00 56 31010.00000 6.15000000 929.10000 120.69000 16.17800 94.43600
14 1 21 00 56 31016.70000 6.15000000 930.30000 120.69000 16.17800 94.43600
14 1 21 00 57 31049.90000 6.15000000 930.74000 120.62000 16.17800 94.43600
14 1 21 00 57 31014.80000 6.15000000 930.40000 120.58000 16.17800 94.43600
14 1 21 00 58 31016.70000 6.15000000 930.34000 120.66000 16.17800 94.23700
14 1 21 00 58 31016.80000 6.17000000 930.95000 120.66000 16.17800 94.23700
14 1 21 00 59 31016.80000 6.17000000 930.74000 120.66000 16.17800 94.23700
14 1 21 00 59 31063.80000 6.17000000 932.25000 120.74000 16.17800 94.23700
14 1 21 00 59 31050.90000 6.17000000 932.49000 120.75000 16.17800 94.23700
14 1 21 01 00 31050.20000 6.17000000 932.50000 120.87000 16.17800 94.23700
14 1 21 01 00 30924.20000 6.17000000 928.77000 120.54000 16.17200 94.23700
14 1 21 01 01 30966.10000 6.17000000 928.71000 120.54000 16.17200 94.23700
14 1 21 01 01 30937.30000 6.17000000 927.91000 120.39000 16.17200 94.14900
14 1 21 01 02 30879.30000 6.17000000 927.55000 120.34000 16.17200 94.14900
14 1 21 01 02 30849.60000 6.16700000 925.95000 120.34000 16.17200 94.04100
14 1 21 01 02 30862.90000 6.15200000 926.88000 120.00000 16.17200 94.10700
14 1 21 01 03 30874.50000 6.15200000 927.00000 120.00000 16.17200 94.10700
14 1 21 01 03 30887.00000 6.15200000 926.62000 120.00000 16.17200 94.10700
14 1 21 01 04 30887.20000 6.15200000 927.00000 120.02000 16.17200 94.10700
14 1 21 01 04 30844.30000 6.15200000 926.14000 120.00000 16.17200 94.10700
14 1 21 01 05 30827.00000 6.15200000 925.86000 119.53000 16.17200 93.80000
14 1 21 01 05 30869.10000 6.15200000 925.57000 119.68000 16.17200 93.80000
14 1 21 01 05 30874.30000 6.16500000 926.96000 119.90000 16.17200 93.80000
14 1 21 01 06 30894.20000 6.16500000 926.58000 120.01000 16.17200 93.80000
14 1 21 01 06 30879.20000 6.16500000 927.83000 120.04000 16.17200 93.80000
14 1 21 01 07 30900.00000 6.14500000 927.64000 120.09000 16.17200 94.22300
14 1 21 01 07 30931.70000 6.16800000 928.99000 120.09000 16.17200 94.22300
14 1 21 01 08 30949.80000 6.16800000 929.56000 120.37000 16.17200 94.34600
14 1 21 01 08 30929.50000 6.16800000 929.00000 120.26000 16.17200 94.34600
14 1 21 01 08 30909.80000 6.16800000 929.00000 120.15000 16.17200 94.34600
14 1 21 01 09 30947.80000 6.15700000 930.01000 120.15000 16.14400 94.34600
14 1 21 01 09 30960.40000 6.15800000 930.01000 120.32000 16.14400 94.54400
14 1 21 01 10 30946.00000 6.15800000 927.29000 120.17000 16.14400 94.48100
14 1 21 01 10 30888.90000 6.15800000 926.75000 120.00000 16.14400 94.48100
14 1 21 01 11 30887.60000 6.15800000 923.38000 120.00000 16.14400 94.48100
14 1 21 01 11 30887.60000 6.15800000 922.55000 119.80000 16.14400 94.48100
14 1 21 01 11 30901.60000 6.15800000 923.48000 119.62000 16.26900 94.48100
14 1 21 01 12 30859.00000 6.15800000 922.50000 119.58000 16.26900 94.48100
14 1 21 01 12 30857.20000 6.15800000 920.57000 119.48000 16.14500 94.48100
14 1 21 01 13 30842.60000 6.09600000 920.56000 119.10000 16.14500 94.48100
14 1 21 01 13 30817.20000 6.09600000 920.84000 119.18000 16.14500 94.48100
14 1 21 01 14 30856.10000 6.09600000 921.70000 119.16000 16.14400 93.32300
14 1 21 01 14 30825.80000 6.09600000 921.68000 119.16000 16.14400 93.28000
14 1 21 01 14 30842.00000 6.09600000 922.65000 119.26000 16.14400 93.23300
14 1 21 01 15 30849.70000 6.13600000 923.51000 119.57000 16.11600 93.28100
14 1 21 01 15 30857.60000 6.13600000 923.51000 119.76000 16.11600 93.28100
14 1 21 01 16 30882.10000 6.13600000 923.57000 119.76000 16.11600 94.33700
14 1 21 01 16 30918.20000 6.13600000 924.00000 119.79000 16.11600 94.33700
14 1 21 01 17 30933.20000 6.13600000 924.93000 119.79000 16.11600 94.33700
14 1 21 01 17 30932.80000 6.13600000 924.54000 119.68000 16.11600 94.33700
14 1 21 01 17 30915.10000 6.13600000 924.04000 119.70000 16.11600 94.33700
14 1 21 01 18 30824.20000 6.13700000 921.69000 119.60000 16.11600 94.33700
14 1 21 01 18 30862.50000 6.13700000 921.57000 119.60000 16.11600 94.33700
14 1 21 01 19 30811.50000 6.13700000 920.90000 119.47000 16.11600 94.33700
14 1 21 01 19 30811.70000 6.10800000 919.38000 119.47000 16.20900 94.33700
14 1 21 01 20 30782.70000 6.10800000 918.35000 119.12000 16.20900 94.33700
14 1 21 01 20 30781.90000 6.10800000 919.34000 119.12000 16.20900 94.33700
14 1 21 01 20 30726.20000 6.10800000 917.96000 118.84000 16.20900 94.33700
14 1 21 01 21 30775.90000 6.10800000 918.90000 118.84000 16.20900 94.33700
14 1 21 01 21 30777.90000 6.10800000 918.71000 118.84000 16.20900 94.33700
14 1 21 01 22 30774.70000 6.10800000 919.68000 119.09000 16.20900 94.33700
14 1 21 01 22 30768.20000 6.10800000 918.62000 118.98000 16.20900 94.33700
14 1 21 01 23 30772.90000 6.10800000 919.10000 119.00000 16.20900 94.33700
14 1 21 01 23 30747.40000 6.10800000 918.44000 118.90000 16.20900 94.33700
14 1 21 01 23 30779.90000 6.10800000 919.80000 119.06000 16.20900 94.33700
14 1 21 01 24 30779.90000 6.10800000 919.50000 119.06000 16.20900 94.33700
