M=[
 9 12 20 13 21 15057.70000 4.99600000 464.96000 63.08000 13.95400 56.79300
 9 12 20 13 21 15057.80000 4.99600000 465.07000 63.04000 13.95400 56.79300
 9 12 20 13 22 15072.30000 4.99600000 465.12000 63.04000 13.95400 56.79300
 9 12 20 13 22 15073.60000 4.99600000 465.67000 63.15000 13.95400 56.86400
 9 12 20 13 22 15074.90000 4.99600000 465.87000 63.15000 13.95400 56.86400
 9 12 20 13 23 15078.30000 4.99600000 466.21000 63.15000 13.95400 56.86400
 9 12 20 13 23 15088.30000 4.99600000 466.03000 63.15000 13.95400 56.92600
 9 12 20 13 24 15081.60000 4.99600000 465.86000 63.15000 13.95400 56.92600
 9 12 20 13 24 15077.00000 4.99600000 465.70000 63.15000 13.95400 56.92600
 9 12 20 13 25 15073.90000 4.99600000 465.70000 63.15000 13.95400 56.92600
 9 12 20 13 25 15062.60000 4.99600000 465.50000 63.18000 13.95400 56.72200
 9 12 20 13 25 15060.20000 4.99600000 464.79000 63.05000 13.95400 56.72200
 9 12 20 13 26 15050.00000 4.99600000 464.32000 63.04000 13.95400 56.72200
 9 12 20 13 26 15049.20000 4.99600000 464.33000 63.04000 13.95400 56.72200
 9 12 20 13 27 15046.10000 4.99600000 464.52000 63.06000 13.95400 56.72200
 9 12 20 13 27 15038.50000 4.99600000 464.38000 62.97000 13.95400 56.72200
 9 12 20 13 28 15047.20000 4.99600000 464.54000 63.03000 13.95400 56.72200
 9 12 20 13 28 15045.70000 4.99600000 464.48000 63.03000 13.95400 56.72200
 9 12 20 13 28 15044.30000 4.99600000 464.30000 63.03000 13.95400 56.72200
 9 12 20 13 29 15042.40000 4.99600000 464.30000 63.00000 13.95400 56.72200
 9 12 20 13 29 15044.00000 4.99600000 464.40000 62.99000 13.95400 56.72200
 9 12 20 13 30 15044.70000 4.99600000 464.51000 62.99000 13.95400 56.72200
 9 12 20 13 30 15044.80000 4.99600000 464.51000 62.89000 13.95400 56.72200
 9 12 20 13 31 15087.20000 4.99600000 464.78000 62.91000 13.95400 56.72200
 9 12 20 13 31 15093.20000 4.99600000 466.05000 62.91000 13.95400 56.72200
 9 12 20 13 31 15075.00000 4.99600000 465.52000 62.91000 13.95400 56.72200
 9 12 20 13 32 15063.20000 4.99600000 465.52000 62.91000 13.95400 56.72200
 9 12 20 13 32 15061.10000 4.99600000 465.52000 62.91000 13.95400 56.72200
 9 12 20 13 33 15074.90000 4.99600000 466.31000 63.01000 13.95400 56.76100
 9 12 20 13 33 15075.90000 4.99600000 466.81000 63.01000 13.95400 56.76100
 9 12 20 13 34 15080.00000 4.99600000 467.10000 63.13000 13.95400 56.76100
 9 12 20 13 34 15080.00000 4.99600000 467.09000 63.13000 13.95400 56.76100
 9 12 20 13 34 15076.30000 4.99600000 466.91000 63.13000 13.95400 56.76100
 9 12 20 13 35 15075.80000 4.99600000 466.71000 63.13000 13.95400 56.76100
 9 12 20 13 35 15080.00000 4.99600000 466.71000 63.12000 13.95400 56.76100
 9 12 20 13 36 15079.90000 4.99600000 466.83000 63.16000 13.95400 56.76100
 9 12 20 13 36 15095.00000 4.99600000 467.10000 63.23000 13.95400 56.76100
 9 12 20 13 37 15094.40000 4.99600000 467.19000 63.31000 13.95400 56.76100
 9 12 20 13 37 15092.00000 4.99600000 466.97000 63.31000 13.95400 56.76100
 9 12 20 13 37 15091.80000 5.00000000 466.97000 63.31000 13.95400 56.76100
 9 12 20 13 38 15095.20000 5.00000000 466.97000 63.31000 13.95400 56.76100
 9 12 20 13 38 15093.00000 5.00000000 466.97000 63.31000 13.95400 56.76100
 9 12 20 13 39 15094.40000 5.00000000 467.11000 63.31000 13.95400 56.76100
 9 12 20 13 39 15097.00000 5.00000000 467.11000 63.31000 13.95400 56.76100
 9 12 20 13 40 15109.20000 5.00000000 467.11000 63.31000 13.95400 56.76100
 9 12 20 13 40 15116.20000 5.00000000 468.52000 63.31000 13.95400 56.76100
 9 12 20 13 40 15128.80000 5.00000000 468.73000 63.37000 14.13800 57.00000
 9 12 20 13 41 15126.20000 5.00000000 468.51000 63.37000 14.13800 57.00000
 9 12 20 13 41 15126.00000 5.00000000 468.50000 63.37000 14.13800 57.00000
 9 12 20 13 42 15125.90000 5.00000000 468.50000 63.46000 14.13800 57.00000
 9 12 20 13 42 15137.20000 5.00000000 468.51000 63.45000 14.13800 57.09700
 9 12 20 13 43 15131.50000 5.00000000 468.50000 63.45000 14.13800 57.09700
 9 12 20 13 43 15134.80000 5.00000000 468.17000 63.37000 14.13800 57.09700
 9 12 20 13 43 15134.80000 5.00000000 468.14000 63.37000 14.13800 57.09700
 9 12 20 13 44 15137.70000 5.00000000 467.95000 63.40000 14.13800 57.09700
 9 12 20 13 44 15137.60000 5.00000000 467.96000 63.40000 14.13800 57.09700
 9 12 20 13 45 15137.70000 5.00000000 468.00000 63.39000 14.13800 57.09700
 9 12 20 13 45 15137.90000 5.00500000 467.98000 63.42000 14.13800 57.09700
 9 12 20 13 46 15140.00000 5.00500000 467.83000 63.42000 14.13800 57.17900
 9 12 20 13 46 15137.80000 5.00500000 467.35000 63.42000 14.13800 57.17900
 9 12 20 13 46 15137.70000 5.00500000 467.34000 63.37000 14.13800 57.17900
 9 12 20 13 47 15137.70000 5.00500000 467.32000 63.37000 14.13800 57.17900
 9 12 20 13 47 15133.80000 5.00500000 467.44000 63.37000 14.13800 57.17900
 9 12 20 13 48 15133.90000 5.00500000 467.44000 63.37000 14.13800 57.17900
 9 12 20 13 48 15131.70000 5.00500000 467.50000 63.33000 14.13800 57.17900
 9 12 20 13 49 15134.10000 5.00500000 467.26000 63.33000 14.13800 57.17900
 9 12 20 13 49 15134.10000 5.00500000 467.26000 63.34000 14.13800 57.17900
 9 12 20 13 49 15134.10000 5.00500000 466.98000 63.34000 14.13800 57.17900
 9 12 20 13 50 15137.70000 5.00500000 467.82000 63.34000 14.13800 57.17900
 9 12 20 13 50 15137.70000 5.00500000 467.98000 63.37000 14.13800 57.17900
 9 12 20 13 51 15150.10000 5.00500000 467.99000 63.38000 14.13800 57.17900
 9 12 20 13 51 15150.80000 5.00500000 468.09000 63.38000 14.13800 57.17900
 9 12 20 13 52 15180.00000 5.00500000 468.09000 63.52000 14.13800 57.17900
 9 12 20 13 52 15191.90000 4.99000000 469.96000 63.52000 14.13800 57.17900
 9 12 20 13 52 15193.40000 4.99000000 469.99000 63.52000 14.13800 57.17900
 9 12 20 13 53 15208.10000 4.99000000 470.00000 63.60000 14.13800 57.17900
 9 12 20 13 53 15211.70000 4.99000000 470.36000 63.60000 14.13800 57.17900
 9 12 20 13 54 15216.80000 4.99000000 470.80000 63.60000 14.13800 57.17900
 9 12 20 13 54 15243.10000 4.99000000 473.11000 63.60000 14.13800 57.17900
 9 12 20 13 55 15258.30000 4.99000000 473.40000 63.82000 14.13800 57.17900
 9 12 20 13 55 15258.10000 4.99000000 473.14000 63.82000 14.13800 57.17900
 9 12 20 13 55 15260.00000 4.99000000 472.07000 63.82000 14.13800 57.17900
 9 12 20 13 56 15252.00000 4.99000000 472.54000 63.82000 14.13800 57.17900
 9 12 20 13 56 15244.40000 5.02100000 472.18000 63.78000 14.13800 57.17900
 9 12 20 13 57 15249.50000 5.02100000 472.18000 63.79000 14.13800 57.17900
 9 12 20 13 57 15253.40000 5.02100000 472.30000 63.77000 14.13800 57.17900
 9 12 20 13 58 15248.20000 5.02100000 472.20000 63.77000 14.13800 57.17900
 9 12 20 13 58 15250.10000 5.02100000 471.76000 63.76000 14.13800 57.45700
 9 12 20 13 58 15260.10000 5.02100000 472.92000 63.80000 14.13800 57.45700
 9 12 20 13 59 15273.00000 5.02100000 473.00000 63.96000 14.13800 57.57000
 9 12 20 13 59 15274.50000 5.02100000 472.90000 63.99000 14.13800 57.51100
 9 12 20 14 00 15279.10000 5.02100000 473.05000 64.08000 14.13800 57.51100
 9 12 20 14 00 15284.20000 5.03400000 473.90000 64.08000 14.13800 57.51100
 9 12 20 14 01 15300.00000 5.03400000 475.00000 64.20000 14.13800 57.51100
 9 12 20 14 01 15300.00000 5.03300000 473.99000 64.20000 14.13800 57.51100
 9 12 20 14 01 15300.10000 5.03300000 474.05000 64.24000 14.13800 57.51100
 9 12 20 14 02 15307.80000 5.03300000 474.29000 64.21000 14.13800 57.51100
 9 12 20 14 02 15299.90000 5.03300000 474.44000 64.23000 14.13800 57.51100
 9 12 20 14 03 15294.00000 5.03400000 474.15000 64.23000 14.13800 57.57200
 9 12 20 14 03 15291.60000 5.03400000 474.31000 64.22000 14.13800 57.57200
 9 12 20 14 04 15272.30000 5.03400000 474.00000 64.21000 14.13800 57.57200
 9 12 20 14 04 15272.30000 5.03400000 473.76000 64.04000 14.13800 57.57200
 9 12 20 14 04 15270.70000 5.03400000 473.92000 64.14000 14.08900 57.57200
 9 12 20 14 05 15270.70000 5.03400000 473.91000 64.16000 14.08900 57.57200
 9 12 20 14 05 15270.90000 5.03400000 473.72000 64.12000 14.08900 57.57200
 9 12 20 14 06 15270.90000 5.03400000 473.62000 64.10000 14.08900 57.57200
