M=[
 5 9 20 08 17 8800.50000 4.62000000 320.82000 41.94000 16.17900 48.52300
 5 9 20 08 18 8800.30000 4.62000000 320.61000 41.92000 16.17900 48.52300
 5 9 20 08 18 8800.40000 4.62000000 320.50000 41.92000 16.17900 48.52300
 5 9 20 08 19 8800.40000 4.62000000 320.46000 41.92000 16.17900 48.52300
 5 9 20 08 19 8808.50000 4.62000000 320.71000 41.92000 16.17900 48.52300
 5 9 20 08 19 8809.70000 4.62000000 320.63000 41.92000 16.17900 48.44700
 5 9 20 08 20 8805.90000 4.62000000 320.62000 41.92000 16.17900 48.44700
 5 9 20 08 20 8795.80000 4.62000000 320.62000 41.92000 16.17900 48.49200
 5 9 20 08 21 8793.20000 4.62000000 320.25000 41.92000 16.17900 48.49200
 5 9 20 08 21 8795.00000 4.62000000 320.37000 41.92000 16.17900 48.49200
 5 9 20 08 22 8789.50000 4.62000000 320.26000 41.92000 16.17900 48.49200
 5 9 20 08 22 8773.90000 4.62000000 319.16000 41.75000 16.17900 48.20700
 5 9 20 08 23 8773.90000 4.62000000 318.98000 41.82000 16.17900 48.20700
 5 9 20 08 23 8768.90000 4.62000000 318.58000 41.82000 16.00000 48.20700
 5 9 20 08 24 8770.00000 4.62000000 317.99000 41.82000 16.00000 48.00200
 5 9 20 08 24 8770.70000 4.62000000 318.25000 41.82000 15.89900 48.00200
 5 9 20 08 24 8770.90000 4.62000000 318.25000 41.82000 16.00000 48.00200
 5 9 20 08 25 8774.30000 4.62000000 318.84000 41.82000 16.00000 48.00200
 5 9 20 08 25 8772.20000 4.62000000 318.35000 41.82000 15.93100 48.00200
 5 9 20 08 26 8773.00000 4.62000000 319.08000 41.82000 15.93100 48.00200
 5 9 20 08 26 8774.60000 4.62000000 318.50000 41.78000 16.00000 48.00200
 5 9 20 08 27 8775.40000 4.62000000 318.34000 41.78000 15.94000 48.00200
 5 9 20 08 27 8773.10000 4.62000000 318.34000 41.78000 15.94000 48.00200
 5 9 20 08 28 8778.60000 4.62000000 318.54000 41.78000 15.94000 48.21000
 5 9 20 08 28 8777.70000 4.62000000 318.29000 41.78000 15.94000 48.21000
 5 9 20 08 29 8778.80000 4.62000000 318.52000 41.78000 15.94000 48.21000
 5 9 20 08 29 8773.10000 4.62000000 318.64000 41.78000 15.94000 48.21000
 5 9 20 08 29 8776.40000 4.62000000 318.29000 41.78000 15.94000 48.21000
 5 9 20 08 30 8773.20000 4.62000000 317.56000 41.78000 15.89500 48.21000
 5 9 20 08 30 8771.00000 4.62000000 317.56000 41.78000 15.89500 48.21000
 5 9 20 08 31 8770.90000 4.62000000 317.59000 41.78000 15.89500 48.17100
 5 9 20 08 31 8770.90000 4.62000000 317.50000 41.78000 15.89500 48.17100
 5 9 20 08 32 8770.30000 4.62000000 317.01000 41.78000 15.89500 48.17100
 5 9 20 08 32 8774.30000 4.62000000 317.01000 41.64000 15.89500 48.17100
 5 9 20 08 32 8793.10000 4.62000000 318.36000 41.80000 15.89500 48.17100
 5 9 20 08 33 8785.50000 4.62000000 318.87000 41.80000 15.89500 48.17100
 5 9 20 08 33 8786.30000 4.62000000 318.44000 41.81000 15.89500 48.17100
 5 9 20 08 34 8792.20000 4.62000000 318.65000 41.81000 15.89500 48.17100
 5 9 20 08 34 8790.40000 4.62000000 318.65000 41.81000 15.89500 48.17100
 5 9 20 08 35 8789.50000 4.62000000 318.76000 41.81000 15.99800 48.17100
 5 9 20 08 35 8790.90000 4.62000000 318.76000 41.81000 16.00000 48.17100
 5 9 20 08 36 8791.90000 4.62000000 319.44000 41.81000 16.00000 48.17100
 5 9 20 08 36 8791.00000 4.62000000 319.29000 41.81000 16.00000 48.17100
 5 9 20 08 37 8785.90000 4.62000000 319.29000 41.81000 15.95200 48.17100
 5 9 20 08 37 8788.80000 4.62000000 319.42000 41.81000 15.95200 48.17100
 5 9 20 08 37 8786.60000 4.62000000 319.40000 41.81000 15.95200 48.17100
 5 9 20 08 38 8787.50000 4.62000000 319.40000 41.81000 15.95200 48.17100
 5 9 20 08 38 8787.80000 4.62000000 319.40000 41.90000 15.95200 48.17100
 5 9 20 08 39 8787.30000 4.62000000 319.45000 41.90000 15.95200 48.26200
 5 9 20 08 39 8787.30000 4.62000000 319.46000 41.90000 15.95200 48.26200
 5 9 20 08 40 8786.40000 4.62000000 319.33000 41.90000 15.95200 48.14600
 5 9 20 08 40 8788.10000 4.62000000 319.25000 41.90000 15.95200 48.14600
 5 9 20 08 41 8785.90000 4.62000000 318.82000 41.90000 15.95200 48.16900
 5 9 20 08 41 8785.90000 4.62000000 318.99000 41.90000 15.95200 48.16900
 5 9 20 08 41 8785.90000 4.62000000 319.14000 41.90000 15.95200 48.16900
 5 9 20 08 42 8787.30000 4.62000000 319.39000 41.90000 15.95200 48.16900
 5 9 20 08 42 8784.50000 4.62000000 319.39000 41.86000 15.95200 48.16900
 5 9 20 08 43 8784.40000 4.62000000 319.19000 41.86000 15.95200 48.16900
 5 9 20 08 43 8792.80000 4.62000000 319.35000 41.86000 15.95200 48.16900
 5 9 20 08 44 8799.50000 4.62000000 319.35000 41.86000 15.95200 48.16900
 5 9 20 08 44 8800.00000 4.62000000 319.80000 41.86000 15.95200 48.16900
 5 9 20 08 45 8799.90000 4.62000000 319.80000 41.86000 15.95200 48.16900
 5 9 20 08 45 8801.60000 4.62000000 319.80000 41.86000 15.95200 48.16900
 5 9 20 08 45 8807.80000 4.62000000 319.84000 41.86000 15.96200 48.16900
 5 9 20 08 46 8806.40000 4.62000000 319.91000 41.86000 15.96200 48.16900
 5 9 20 08 46 8807.60000 4.62000000 319.89000 41.86000 15.96200 48.16900
 5 9 20 08 47 8806.80000 4.62000000 319.92000 41.86000 15.96200 48.16900
 5 9 20 08 47 8805.30000 4.62000000 319.81000 41.86000 15.96200 48.16900
 5 9 20 08 48 8799.60000 4.62000000 319.75000 41.96000 15.96200 48.16900
 5 9 20 08 48 8796.00000 4.62000000 319.75000 41.96000 15.96200 48.16900
 5 9 20 08 48 8795.70000 4.62000000 319.27000 41.96000 15.96200 48.16900
 5 9 20 08 49 8796.60000 4.62000000 319.27000 41.96000 15.96200 48.16900
 5 9 20 08 49 8796.10000 4.62000000 319.27000 41.96000 15.96200 48.16900
 5 9 20 08 50 8795.60000 4.62000000 319.57000 41.96000 15.96200 48.16900
 5 9 20 08 50 8794.50000 4.62000000 319.63000 41.96000 15.96200 48.16900
 5 9 20 08 51 8789.40000 4.62000000 319.23000 41.91000 15.96200 48.16900
 5 9 20 08 51 8789.50000 4.62000000 318.90000 41.91000 15.96200 48.16900
 5 9 20 08 52 8781.60000 4.62000000 318.39000 41.91000 15.96200 48.16900
 5 9 20 08 52 8781.50000 4.62000000 318.35000 41.84000 15.96200 48.16900
 5 9 20 08 53 8781.70000 4.62100000 318.37000 41.84000 15.96200 48.16900
 5 9 20 08 53 8781.00000 4.62100000 318.26000 41.84000 15.96200 48.16900
 5 9 20 08 53 8781.00000 4.62100000 318.01000 41.85000 15.96200 48.16900
 5 9 20 08 54 8778.80000 4.62100000 318.24000 41.85000 15.96200 48.16900
 5 9 20 08 54 8774.60000 4.62100000 317.84000 41.84000 15.96200 48.16900
 5 9 20 08 55 8774.70000 4.62100000 317.64000 41.84000 15.96200 48.16900
 5 9 20 08 55 8773.20000 4.62100000 318.23000 41.84000 15.96200 48.16900
 5 9 20 08 56 8774.70000 4.62100000 318.21000 41.84000 15.90500 48.16900
 5 9 20 08 56 8774.80000 4.62100000 318.14000 41.84000 15.90500 48.16900
 5 9 20 08 56 8774.80000 4.62100000 318.10000 41.84000 15.90500 48.13700
 5 9 20 08 57 8772.90000 4.62100000 317.90000 41.84000 15.90500 48.13700
 5 9 20 08 57 8768.80000 4.62100000 317.50000 41.71000 15.96300 48.00000
 5 9 20 08 58 8768.90000 4.62100000 317.61000 41.71000 15.96300 48.09300
 5 9 20 08 58 8774.10000 4.62100000 317.47000 41.71000 15.96300 48.09300
 5 9 20 08 59 8771.30000 4.62100000 317.19000 41.69000 15.96300 48.09300
 5 9 20 08 59 8760.00000 4.62100000 316.00000 41.69000 15.96300 48.09300
 5 9 20 09 00 8752.30000 4.63900000 316.00000 41.55000 15.96300 48.09300
 5 9 20 09 00 8764.10000 4.63500000 315.95000 41.64000 15.96300 47.82400
 5 9 20 09 01 8756.90000 4.63500000 315.53000 41.63000 15.96300 47.82100
 5 9 20 09 01 8757.60000 4.63500000 315.17000 41.58000 15.96300 47.67500
 5 9 20 09 02 8754.80000 4.63500000 315.48000 41.58000 15.88200 47.67500
 5 9 20 09 02 8750.40000 4.63500000 315.46000 41.57000 15.88200 47.69900
 5 9 20 09 03 8756.00000 4.63500000 315.17000 41.57000 15.88200 47.51200
 5 9 20 09 03 8755.90000 4.63500000 315.17000 41.41000 15.88200 47.62800
 5 9 20 09 03 8753.90000 4.63800000 314.92000 41.39000 15.88200 47.49100
 5 9 20 09 04 8747.40000 4.65000000 314.97000 41.39000 15.88200 47.48300
 5 9 20 09 04 8759.00000 4.65000000 315.20000 41.39000 15.88200 47.54900
 5 9 20 09 05 8768.10000 4.65000000 316.74000 41.39000 15.88200 47.54900
 5 9 20 09 05 8764.90000 4.65000000 316.74000 41.39000 15.88200 47.54900
 5 9 20 09 06 8748.90000 4.65500000 316.52000 41.61000 15.88200 47.54900
