M=[
18 3 21 12 45 48503.00000 10.37000000 1503.70000 169.93000 26.60000 120.40000
18 3 21 12 45 48479.10000 10.37000000 1503.31000 169.93000 26.60000 120.40000
18 3 21 12 46 48510.30000 10.37000000 1503.09000 169.92000 26.60000 120.70700
18 3 21 12 46 48502.30000 10.37000000 1503.09000 169.92000 26.60000 120.70700
18 3 21 12 47 48508.50000 10.37000000 1503.55000 169.93000 26.60000 120.70700
18 3 21 12 47 48500.00000 10.37000000 1503.73000 170.11000 26.60000 120.70700
18 3 21 12 47 48511.80000 10.37000000 1504.11000 170.11000 26.60000 120.70700
18 3 21 12 48 48530.80000 10.37000000 1504.39000 170.13000 26.60000 120.70700
18 3 21 12 48 48549.80000 10.37000000 1505.78000 170.13000 26.60000 120.75600
18 3 21 12 49 48600.70000 10.37000000 1505.85000 170.28000 26.60000 121.16300
18 3 21 12 49 48581.50000 10.37000000 1506.45000 170.44000 26.71300 121.16300
18 3 21 12 50 48576.40000 10.37000000 1506.07000 170.44000 26.71300 121.16300
18 3 21 12 50 48583.70000 10.37000000 1505.98000 170.44000 26.71300 121.16300
18 3 21 12 50 48606.40000 10.37000000 1505.86000 170.44000 26.71300 121.16300
18 3 21 12 51 48635.00000 10.37000000 1506.07000 170.53000 26.71300 121.16300
18 3 21 12 51 48650.00000 10.37000000 1507.74000 170.53000 26.71300 121.16300
18 3 21 12 52 48673.90000 10.37000000 1508.03000 170.53000 26.71300 121.16300
18 3 21 12 52 48652.00000 10.37000000 1508.01000 170.53000 26.71300 121.16300
18 3 21 12 53 48685.90000 10.37000000 1508.01000 170.60000 26.71300 121.16300
18 3 21 12 53 48682.20000 10.37000000 1508.02000 170.60000 26.71300 121.16300
18 3 21 12 53 48660.10000 10.37000000 1508.02000 170.59000 26.71300 121.16300
18 3 21 12 54 48645.20000 10.41000000 1508.02000 170.57000 26.71300 121.16300
18 3 21 12 54 48640.50000 10.41000000 1508.01000 170.51000 26.71300 121.16300
18 3 21 12 55 48634.50000 10.41000000 1508.01000 170.51000 26.71300 121.03300
18 3 21 12 55 48634.40000 10.41000000 1508.02000 170.78000 26.71200 121.03300
18 3 21 12 56 48589.70000 10.41000000 1506.50000 170.63000 26.71200 120.83900
18 3 21 12 56 48603.90000 10.41000000 1506.51000 170.54000 26.71200 120.83900
18 3 21 12 56 48682.30000 10.41000000 1507.08000 170.78000 26.71200 120.83900
18 3 21 12 57 48711.00000 10.41000000 1507.80000 170.65000 26.60000 120.83900
18 3 21 12 57 48710.90000 10.41000000 1507.80000 170.65000 26.60000 120.83900
18 3 21 12 58 48694.50000 10.41000000 1508.20000 170.65000 26.60000 120.83900
18 3 21 12 58 48711.00000 10.41000000 1507.70000 170.60000 26.60000 120.83900
18 3 21 12 59 48709.00000 10.41000000 1508.19000 170.60000 26.60000 120.83900
18 3 21 12 59 48680.40000 10.40400000 1507.47000 170.51000 26.60000 120.83900
18 3 21 12 59 48702.50000 10.40400000 1507.35000 170.48000 26.60000 120.83900
18 3 21 13 00 48692.80000 10.40400000 1506.41000 170.48000 26.60000 120.83900
18 3 21 13 00 48702.60000 10.40400000 1506.54000 170.45000 26.60000 120.83900
18 3 21 13 01 48747.70000 10.40400000 1506.65000 170.55000 26.60000 120.83900
18 3 21 13 01 48716.80000 10.40400000 1506.50000 170.42000 26.60000 120.83900
18 3 21 13 02 48715.40000 10.38700000 1506.80000 170.49000 26.60000 120.85400
18 3 21 13 02 48714.90000 10.38600000 1506.16000 170.49000 26.71100 120.87600
18 3 21 13 02 48727.10000 10.38600000 1506.35000 170.49000 26.71100 120.87600
18 3 21 13 03 48738.20000 10.38600000 1506.77000 170.48000 26.71100 121.14700
18 3 21 13 03 48737.20000 10.38600000 1506.85000 170.39000 26.71100 121.14700
18 3 21 13 04 48725.20000 10.38600000 1506.20000 170.33000 26.71100 120.83900
18 3 21 13 04 48732.90000 10.39800000 1506.96000 170.33000 26.71100 120.84000
18 3 21 13 05 48730.30000 10.39800000 1506.84000 170.25000 26.71100 120.84000
18 3 21 13 05 48730.00000 10.39800000 1507.47000 170.25000 26.71100 120.84000
18 3 21 13 05 48730.10000 10.39800000 1507.47000 170.32000 26.71100 120.84000
18 3 21 13 06 48730.10000 10.39800000 1507.47000 170.23000 26.60000 120.84000
18 3 21 13 06 48700.00000 10.39800000 1508.48000 170.23000 26.60000 120.84000
18 3 21 13 07 48653.60000 10.39800000 1508.48000 170.14000 26.60000 120.84000
18 3 21 13 07 48650.10000 10.39800000 1507.19000 170.20000 26.60000 120.84000
18 3 21 13 08 48663.00000 10.39800000 1508.57000 170.27000 26.60000 120.84000
18 3 21 13 08 48667.60000 10.39800000 1508.54000 170.27000 26.60000 120.84000
18 3 21 13 08 48664.10000 10.39800000 1508.61000 170.32000 26.60000 120.84000
18 3 21 13 09 48676.20000 10.39800000 1508.58000 170.16000 26.60000 120.84000
18 3 21 13 09 48667.20000 10.39800000 1508.59000 170.18000 26.60000 120.84000
18 3 21 13 10 48663.90000 10.39800000 1508.70000 170.18000 26.60000 120.84000
18 3 21 13 10 48656.00000 10.39800000 1508.70000 170.14000 26.60000 120.84000
18 3 21 13 11 48658.20000 10.39800000 1508.69000 170.20000 26.60000 120.84000
18 3 21 13 11 48670.00000 10.39800000 1508.70000 170.29000 26.60000 120.84000
18 3 21 13 11 48678.20000 10.39800000 1507.77000 170.29000 26.60000 120.84000
18 3 21 13 12 48688.00000 10.39800000 1508.10000 170.29000 26.60000 120.84000
18 3 21 13 12 48681.70000 10.39800000 1507.71000 170.21000 26.60000 120.84000
18 3 21 13 13 48685.50000 10.39800000 1508.01000 170.24000 26.60000 120.84000
18 3 21 13 13 48693.80000 10.39800000 1508.01000 170.24000 26.60000 120.84000
18 3 21 13 14 48692.00000 10.39800000 1508.15000 170.28000 26.60000 121.04400
18 3 21 13 14 48687.80000 10.39800000 1508.14000 170.36000 26.60000 121.07600
18 3 21 13 14 48729.90000 10.39800000 1509.28000 170.57000 26.60000 121.07600
18 3 21 13 15 48690.00000 10.39800000 1508.20000 170.57000 26.60000 121.07600
18 3 21 13 15 48685.00000 10.39800000 1508.01000 170.57000 26.60000 121.07600
18 3 21 13 16 48667.90000 10.39800000 1506.33000 170.09000 26.60000 121.07600
18 3 21 13 16 48656.40000 10.39800000 1506.62000 170.16000 26.60000 121.07600
18 3 21 13 17 48600.00000 10.39800000 1504.98000 170.16000 26.60000 121.07600
18 3 21 13 17 48592.30000 10.39800000 1504.51000 170.16000 26.60000 121.07600
18 3 21 13 17 48600.00000 10.39800000 1505.09000 170.10000 26.60000 121.07600
18 3 21 13 18 48669.80000 10.39800000 1507.25000 170.24000 26.60000 121.07600
18 3 21 13 18 48685.10000 10.39800000 1508.25000 170.24000 26.60000 121.07600
18 3 21 13 19 48750.50000 10.39800000 1509.70000 170.44000 26.60000 121.23100
18 3 21 13 19 48750.10000 10.40400000 1508.88000 170.39000 26.60000 121.23100
18 3 21 13 20 48727.20000 10.40400000 1509.24000 170.23000 26.60000 121.23100
18 3 21 13 20 48681.90000 10.40400000 1508.18000 170.25000 26.60000 121.23100
18 3 21 13 20 48765.40000 10.40400000 1509.69000 170.25000 26.60000 121.23100
18 3 21 13 21 48742.10000 10.40400000 1509.69000 170.27000 26.60000 121.23100
18 3 21 13 21 48747.50000 10.40400000 1509.70000 170.27000 26.60000 121.23100
18 3 21 13 22 48754.00000 10.40400000 1509.69000 170.32000 26.60000 121.23100
18 3 21 13 22 48757.10000 10.40400000 1509.70000 170.32000 26.60000 121.23100
18 3 21 13 23 48753.50000 10.40400000 1509.41000 170.41000 26.60000 121.23100
18 3 21 13 23 48754.90000 10.40400000 1509.23000 170.41000 26.60000 121.23100
18 3 21 13 23 48766.60000 10.40400000 1509.57000 170.38000 26.60000 121.23100
18 3 21 13 24 48785.90000 10.40400000 1509.69000 170.44000 26.60000 121.23100
18 3 21 13 24 48838.50000 10.40400000 1510.45000 170.60000 26.60000 121.23100
18 3 21 13 25 48819.70000 10.40400000 1511.22000 170.60000 26.60000 121.23100
18 3 21 13 25 48813.50000 10.40400000 1511.22000 170.60000 26.60000 121.23100
18 3 21 13 26 48812.70000 10.40400000 1511.22000 170.60000 26.60000 121.23100
18 3 21 13 26 48817.20000 10.40400000 1511.22000 170.45000 26.60000 121.27400
18 3 21 13 26 48829.90000 10.40400000 1511.21000 170.45000 26.60000 121.27400
18 3 21 13 27 48812.40000 10.40400000 1511.22000 170.48000 26.60000 121.27400
18 3 21 13 27 48817.50000 10.40500000 1510.70000 170.48000 26.60000 121.27400
18 3 21 13 28 48799.30000 10.40500000 1511.21000 170.30000 26.60000 121.27400
18 3 21 13 28 48798.60000 10.40500000 1511.22000 170.27000 26.60000 121.27400
