M=[
11 10 20 06 21 9560.40000 4.79700000 313.42000 41.79000 11.86900 57.11900
11 10 20 06 21 9560.30000 4.79700000 313.42000 41.79000 11.86900 57.11900
11 10 20 06 21 9564.70000 4.79700000 313.53000 41.79000 11.84000 57.11900
11 10 20 06 22 9564.70000 4.79700000 313.59000 41.84000 11.84000 57.11900
11 10 20 06 22 9564.70000 4.79700000 313.59000 41.84000 11.84000 57.11900
11 10 20 06 23 9564.00000 4.79700000 313.60000 41.84000 11.84000 57.11900
11 10 20 06 23 9564.10000 4.79700000 313.60000 41.84000 11.84000 57.11900
11 10 20 06 24 9564.10000 4.79700000 313.60000 41.84000 11.84000 57.11900
11 10 20 06 24 9564.10000 4.79700000 313.60000 41.84000 11.84000 57.11900
11 10 20 06 24 9564.00000 4.79700000 313.60000 41.84000 11.84000 57.11900
11 10 20 06 25 9564.00000 4.79700000 313.60000 41.84000 11.84000 57.11900
11 10 20 06 25 9564.00000 4.79700000 313.60000 41.85000 11.84000 57.11900
11 10 20 06 26 9572.50000 4.79700000 314.02000 41.85000 11.84000 57.11900
11 10 20 06 26 9572.50000 4.80200000 313.89000 41.85000 11.84000 57.11900
11 10 20 06 27 9572.50000 4.80200000 313.72000 41.85000 11.84000 57.11900
11 10 20 06 27 9570.70000 4.80200000 313.76000 41.85000 11.84000 57.11900
11 10 20 06 27 9570.70000 4.80300000 313.67000 41.85000 11.84000 57.11900
11 10 20 06 28 9571.70000 4.80300000 313.79000 41.85000 11.84000 57.11900
11 10 20 06 28 9572.50000 4.80300000 313.79000 41.85000 11.84000 57.11900
11 10 20 06 29 9567.90000 4.80300000 313.79000 41.85000 11.84000 57.11900
11 10 20 06 29 9571.10000 4.80300000 313.64000 41.86000 11.84000 57.11900
11 10 20 06 30 9571.10000 4.80300000 313.53000 41.86000 11.84000 57.11900
11 10 20 06 30 9571.00000 4.80300000 313.53000 41.86000 11.84000 57.11900
11 10 20 06 30 9571.00000 4.80300000 313.58000 41.86000 11.84000 57.11900
11 10 20 06 31 9571.00000 4.80300000 313.64000 41.86000 11.84000 57.11900
11 10 20 06 31 9571.00000 4.80300000 313.64000 41.86000 11.84000 57.11900
11 10 20 06 32 9571.10000 4.80300000 313.64000 41.86000 11.84000 57.11900
11 10 20 06 32 9571.00000 4.80300000 313.63000 41.86000 11.84000 57.11900
11 10 20 06 33 9571.10000 4.80300000 313.69000 41.86000 11.84000 57.11900
11 10 20 06 33 9571.10000 4.80300000 313.69000 41.86000 11.84000 57.11900
11 10 20 06 33 9571.00000 4.80300000 313.69000 41.86000 11.84000 57.11900
11 10 20 06 34 9571.00000 4.80300000 313.69000 41.86000 11.84000 57.11900
11 10 20 06 34 9571.00000 4.80300000 313.69000 41.86000 11.84000 57.11900
11 10 20 06 35 9571.00000 4.80300000 313.69000 41.86000 11.84000 57.11900
11 10 20 06 35 9571.10000 4.80300000 313.68000 41.86000 11.84000 57.11900
11 10 20 06 36 9565.40000 4.80300000 313.77000 41.86000 11.84000 57.11900
11 10 20 06 36 9565.60000 4.80300000 313.77000 41.86000 11.84000 57.11900
11 10 20 06 36 9563.00000 4.80300000 313.77000 41.86000 11.84000 57.11900
11 10 20 06 37 9563.00000 4.80300000 313.77000 41.86000 11.84000 57.11900
11 10 20 06 37 9563.20000 4.80300000 313.75000 41.86000 11.84000 57.11900
11 10 20 06 38 9561.60000 4.80300000 313.75000 41.86000 11.84000 57.11900
11 10 20 06 38 9563.00000 4.80300000 313.73000 41.86000 11.84000 57.11900
11 10 20 06 39 9560.20000 4.80300000 313.73000 41.86000 11.84000 57.11900
11 10 20 06 39 9560.20000 4.80300000 313.73000 41.86000 11.84000 57.11900
11 10 20 06 39 9560.20000 4.80300000 313.73000 41.86000 11.84000 57.11900
11 10 20 06 40 9559.20000 4.80300000 313.73000 41.86000 11.84000 57.11900
11 10 20 06 40 9559.50000 4.80300000 313.74000 41.86000 11.84000 57.11900
11 10 20 06 41 9559.50000 4.80300000 313.65000 41.86000 11.84000 57.11900
11 10 20 06 41 9560.10000 4.80300000 313.65000 41.86000 11.84000 57.11900
11 10 20 06 42 9560.10000 4.80300000 313.65000 41.86000 11.90500 57.11900
11 10 20 06 42 9560.10000 4.80300000 313.65000 41.86000 11.90500 57.11900
11 10 20 06 42 9560.10000 4.80300000 313.65000 41.86000 11.90500 57.11900
11 10 20 06 43 9558.20000 4.80300000 313.65000 41.86000 11.90500 57.11900
11 10 20 06 43 9558.20000 4.80300000 313.65000 41.86000 11.90500 57.11900
11 10 20 06 44 9558.20000 4.80300000 313.65000 41.86000 11.90500 57.11900
11 10 20 06 44 9558.10000 4.80300000 313.50000 41.86000 11.90500 57.11900
11 10 20 06 45 9558.10000 4.80300000 313.50000 41.86000 11.90500 57.11900
11 10 20 06 45 9558.20000 4.80300000 313.56000 41.86000 11.90500 57.11900
11 10 20 06 45 9558.20000 4.80300000 313.68000 41.86000 11.90500 57.11900
11 10 20 06 46 9558.20000 4.80300000 313.68000 41.86000 11.90500 57.11900
11 10 20 06 46 9558.20000 4.80300000 313.68000 41.86000 11.90500 57.11900
11 10 20 06 47 9558.20000 4.80300000 313.68000 41.86000 11.90500 57.11900
11 10 20 06 47 9558.20000 4.80300000 313.68000 41.86000 11.90500 57.11900
11 10 20 06 48 9558.10000 4.80300000 313.68000 41.86000 11.90500 57.18900
11 10 20 06 48 9558.10000 4.80300000 313.69000 41.86000 11.90500 57.18900
11 10 20 06 48 9558.10000 4.80300000 313.69000 41.86000 11.90500 57.18900
11 10 20 06 49 9558.10000 4.80300000 313.69000 41.86000 11.90500 57.18900
11 10 20 06 49 9558.10000 4.80300000 313.69000 41.86000 11.90500 57.18900
11 10 20 06 50 9558.10000 4.80300000 313.69000 41.90000 11.90500 57.18900
11 10 20 06 50 9558.10000 4.80300000 313.69000 41.92000 11.90500 57.18900
11 10 20 06 51 9558.20000 4.80300000 313.69000 41.92000 11.90500 57.18900
11 10 20 06 51 9558.10000 4.80300000 313.75000 41.92000 11.90500 57.18900
11 10 20 06 51 9558.10000 4.80300000 313.75000 41.92000 11.90500 57.18900
11 10 20 06 52 9558.10000 4.80300000 313.75000 41.92000 11.90500 57.12800
11 10 20 06 52 9558.10000 4.80300000 313.75000 41.92000 11.90500 57.12800
11 10 20 06 53 9558.10000 4.80300000 313.58000 41.92000 11.90500 57.12800
11 10 20 06 53 9558.10000 4.80300000 313.58000 41.92000 11.90500 57.12800
11 10 20 06 54 9558.10000 4.80300000 313.58000 41.92000 11.90500 57.12800
11 10 20 06 54 9558.20000 4.80300000 313.58000 41.92000 11.90500 57.12800
11 10 20 06 54 9558.20000 4.80300000 313.56000 41.92000 11.90500 57.12800
11 10 20 06 55 9558.10000 4.80300000 313.57000 41.85000 11.90500 57.12800
11 10 20 06 55 9558.10000 4.81600000 313.57000 41.85000 11.90500 57.12800
11 10 20 06 56 9560.30000 4.81600000 313.57000 41.87000 11.90500 57.12800
11 10 20 06 56 9565.40000 4.81600000 313.57000 41.87000 11.90500 57.12800
11 10 20 06 57 9565.50000 4.82900000 313.57000 41.87000 11.90500 57.12800
11 10 20 06 57 9567.60000 4.82900000 313.57000 41.88000 11.90500 57.12800
11 10 20 06 57 9567.70000 4.82900000 313.75000 41.88000 11.90500 57.12800
11 10 20 06 58 9572.40000 4.82900000 313.78000 41.88000 11.90500 57.12800
11 10 20 06 58 9572.40000 4.82900000 313.78000 41.88000 11.90500 57.12800
11 10 20 06 59 9573.60000 4.82900000 313.78000 41.88000 11.90500 57.12800
11 10 20 06 59 9574.80000 4.82900000 313.78000 41.88000 11.90500 57.12800
11 10 20 07 00 9574.60000 4.82900000 313.78000 41.88000 11.90500 57.12800
11 10 20 07 00 9574.40000 4.82900000 313.78000 41.88000 11.90500 57.19000
11 10 20 07 00 9574.40000 4.82900000 313.78000 41.88000 11.90500 57.19000
11 10 20 07 01 9574.90000 4.82900000 313.99000 41.88000 11.90500 57.19000
11 10 20 07 01 9574.90000 4.82900000 313.99000 41.88000 11.90500 57.19000
11 10 20 07 02 9574.90000 4.82900000 313.99000 41.88000 11.90500 57.19000
11 10 20 07 02 9574.80000 4.82900000 314.00000 41.88000 11.90500 57.19000
11 10 20 07 03 9574.90000 4.82900000 313.99000 41.88000 11.90500 57.19000
11 10 20 07 03 9574.40000 4.82900000 313.99000 41.88000 11.90500 57.19000
11 10 20 07 03 9574.40000 4.82900000 314.00000 41.88000 11.90500 57.19000
11 10 20 07 04 9574.10000 4.82900000 314.00000 41.88000 11.90500 57.19000
11 10 20 07 04 9574.10000 4.82900000 314.00000 41.93000 11.90500 57.19000
11 10 20 07 05 9574.70000 4.83500000 314.00000 41.93000 11.90500 57.19000
11 10 20 07 05 9574.70000 4.83500000 314.04000 41.93000 11.90500 57.31300
11 10 20 07 06 9574.70000 4.83500000 314.29000 41.93000 11.93900 57.31300
11 10 20 07 06 9574.70000 4.83500000 314.29000 41.93000 11.93900 57.31300
11 10 20 07 06 9575.90000 4.83500000 314.30000 41.93000 11.93900 57.31300
