M=[
18 5 21 06 02 37417.30000 76.73400000 2902.43000 252.33000 30.73500 210.18000
18 5 21 06 02 37381.00000 76.73400000 2900.00000 251.85000 30.73500 210.18000
18 5 21 06 03 37368.90000 76.73400000 2897.10000 251.64000 30.73500 210.18000
18 5 21 06 03 37437.20000 76.76600000 2900.96000 251.68000 30.73500 210.46000
18 5 21 06 04 37426.40000 76.75400000 2902.23000 252.11000 30.73500 210.61600
18 5 21 06 04 37448.00000 76.76600000 2904.18000 252.11000 30.73500 210.60800
18 5 21 06 04 37443.30000 76.76600000 2905.67000 252.13000 30.73500 210.60800
18 5 21 06 05 37417.20000 76.76600000 2903.60000 252.13000 30.73500 210.60800
18 5 21 06 05 37431.10000 76.75000000 2904.93000 252.21000 31.11900 210.60800
18 5 21 06 06 37449.90000 76.75000000 2904.94000 252.46000 31.11900 210.60800
18 5 21 06 06 37460.80000 76.75000000 2909.77000 252.39000 31.11900 210.60800
18 5 21 06 07 37484.80000 76.76600000 2913.34000 252.41000 31.31500 210.60800
18 5 21 06 07 37512.60000 77.00500000 2913.09000 252.72000 31.31500 210.60800
18 5 21 06 07 37526.30000 77.00500000 2917.95000 253.13000 31.31500 210.60800
18 5 21 06 08 37529.80000 77.01600000 2917.96000 253.60000 31.31500 210.31500
18 5 21 06 08 37522.60000 77.02600000 2918.77000 253.94000 31.31500 210.32900
18 5 21 06 09 37522.60000 77.02600000 2917.95000 254.10000 31.31500 210.32900
18 5 21 06 09 37552.10000 77.02600000 2919.61000 254.93000 31.31500 210.32900
18 5 21 06 10 37603.60000 77.40600000 2921.61000 254.92000 31.31500 210.32900
18 5 21 06 10 37625.70000 77.40600000 2921.92000 254.24000 30.79500 210.32900
18 5 21 06 10 37574.80000 77.41500000 2919.44000 253.57000 30.79500 210.32900
18 5 21 06 11 37585.50000 77.48400000 2920.42000 253.54000 30.79500 210.32900
18 5 21 06 11 37613.30000 77.48400000 2921.00000 253.71000 30.79500 210.32900
18 5 21 06 12 37680.40000 77.43400000 2924.67000 254.40000 30.79500 210.32900
18 5 21 06 12 37710.40000 77.43400000 2927.60000 254.22000 30.79500 210.32900
18 5 21 06 13 37649.90000 77.43400000 2925.49000 254.12000 30.79500 210.32900
18 5 21 06 13 37649.40000 77.50000000 2924.99000 253.88000 30.79500 210.32900
18 5 21 06 13 37649.30000 77.50000000 2921.45000 253.88000 30.79500 210.32900
18 5 21 06 14 37695.00000 77.11300000 2924.99000 253.81000 30.79500 210.32900
18 5 21 06 14 37659.60000 77.11300000 2925.00000 253.81000 30.79500 210.32900
18 5 21 06 15 37695.10000 77.11300000 2926.00000 253.67000 30.79500 211.36100
18 5 21 06 15 37679.40000 77.11300000 2927.60000 253.76000 31.23200 211.13200
18 5 21 06 16 37682.60000 77.18000000 2925.21000 253.69000 31.23200 211.13200
18 5 21 06 16 37633.90000 77.18000000 2924.71000 253.45000 31.23200 211.13200
18 5 21 06 16 37577.20000 76.97600000 2921.71000 252.99000 30.82500 211.13200
18 5 21 06 17 37532.70000 76.97600000 2922.08000 252.92000 30.82500 211.13200
18 5 21 06 17 37564.80000 76.94200000 2927.40000 252.92000 30.82500 211.13200
18 5 21 06 18 37550.10000 76.91700000 2927.08000 252.92000 30.82500 210.81000
18 5 21 06 18 37548.80000 76.91700000 2927.60000 252.94000 30.82500 210.81000
18 5 21 06 19 37526.30000 76.91700000 2925.21000 252.94000 31.31000 210.81000
18 5 21 06 19 37518.30000 76.90000000 2925.22000 253.09000 31.31000 210.81000
18 5 21 06 19 37534.20000 76.90000000 2924.30000 253.11000 31.31000 210.81000
18 5 21 06 20 37501.00000 76.90000000 2925.22000 253.37000 31.31000 210.81000
18 5 21 06 20 37393.40000 77.00900000 2922.56000 252.80000 30.80000 210.81000
18 5 21 06 21 37396.90000 76.95000000 2916.85000 252.63000 30.80000 210.81000
18 5 21 06 21 37364.90000 76.95000000 2917.70000 252.47000 30.80000 210.81000
18 5 21 06 22 37400.00000 77.15900000 2920.39000 252.26000 30.80000 210.34500
18 5 21 06 22 37401.20000 77.15900000 2918.96000 252.48000 30.80000 210.34500
18 5 21 06 22 37402.20000 77.15900000 2919.00000 251.96000 30.80000 210.28900
18 5 21 06 23 37400.20000 76.91500000 2916.53000 251.82000 30.80000 210.28900
18 5 21 06 23 37397.20000 76.91500000 2917.90000 251.82000 30.80000 210.28900
18 5 21 06 24 37381.10000 76.83500000 2918.32000 251.90000 30.80000 210.28900
18 5 21 06 24 37345.90000 76.83500000 2919.32000 251.59000 30.80000 210.28900
18 5 21 06 25 37369.20000 76.83500000 2918.00000 251.47000 30.80000 211.38900
18 5 21 06 25 37424.80000 76.83500000 2920.57000 251.55000 30.80000 211.38900
18 5 21 06 25 37419.40000 76.83500000 2918.63000 251.71000 30.80000 211.38900
18 5 21 06 26 37416.10000 76.83500000 2917.56000 251.71000 30.80000 211.38900
18 5 21 06 26 37418.60000 76.83500000 2915.98000 251.72000 30.80000 212.00000
18 5 21 06 27 37420.70000 76.83500000 2916.28000 251.89000 30.80000 212.00000
18 5 21 06 27 37433.80000 76.83500000 2918.08000 251.88000 30.80000 212.64100
18 5 21 06 28 37420.80000 76.83500000 2916.13000 251.88000 30.80000 212.64100
18 5 21 06 28 37428.40000 76.83500000 2916.01000 251.96000 30.80000 212.64100
18 5 21 06 28 37420.10000 77.00000000 2915.45000 251.96000 30.80000 212.72600
18 5 21 06 29 37420.10000 77.00000000 2915.01000 252.05000 30.80000 213.06400
18 5 21 06 29 37411.70000 77.00000000 2915.48000 251.80000 30.80000 213.06400
18 5 21 06 30 37440.70000 76.99800000 2915.23000 251.82000 30.80000 212.72700
18 5 21 06 30 37397.90000 76.99800000 2915.00000 251.87000 30.80000 212.45600
18 5 21 06 31 37343.30000 76.99800000 2910.11000 251.72000 30.80000 212.45600
18 5 21 06 31 37326.10000 76.98800000 2909.02000 251.41000 30.80000 211.53900
18 5 21 06 31 37250.10000 76.89500000 2901.54000 250.63000 30.80000 210.84400
18 5 21 06 32 37247.20000 76.89500000 2903.07000 250.71000 30.80000 211.10500
18 5 21 06 32 37243.90000 76.89500000 2906.25000 250.72000 30.80000 211.10500
18 5 21 06 33 37239.10000 76.89500000 2902.39000 250.79000 30.80000 211.10500
18 5 21 06 33 37236.50000 76.83000000 2902.91000 250.50000 30.80000 211.10500
18 5 21 06 34 37222.80000 76.83000000 2900.25000 250.00000 30.80000 210.73200
18 5 21 06 34 37222.90000 76.83100000 2900.48000 249.97000 30.80000 210.64000
18 5 21 06 34 37210.00000 76.83000000 2898.83000 249.97000 30.80000 210.64000
18 5 21 06 35 37200.30000 76.83000000 2896.24000 250.13000 30.96900 210.43100
18 5 21 06 35 37200.60000 76.83000000 2895.00000 250.09000 30.96900 210.43100
18 5 21 06 36 37200.70000 76.83000000 2895.20000 250.18000 30.96900 210.43100
18 5 21 06 36 37200.70000 76.83000000 2895.06000 250.32000 30.96900 211.01200
18 5 21 06 37 37201.00000 76.83000000 2895.00000 250.48000 30.96900 211.01200
18 5 21 06 37 37201.00000 76.83000000 2892.37000 250.48000 31.24400 211.01200
18 5 21 06 37 37201.00000 76.83000000 2893.58000 250.16000 31.24400 211.01200
18 5 21 06 38 37202.70000 76.69200000 2890.00000 250.22000 31.24400 211.01200
18 5 21 06 38 37202.60000 76.69200000 2885.32000 250.24000 31.24400 210.99400
18 5 21 06 39 37177.90000 76.49600000 2884.23000 250.08000 31.24400 210.99400
18 5 21 06 39 37171.40000 76.50500000 2878.53000 250.07000 31.24400 210.59700
18 5 21 06 40 37171.40000 76.25800000 2881.04000 250.01000 31.24400 210.59700
18 5 21 06 40 37187.10000 76.25800000 2883.79000 250.00000 30.97600 210.59700
18 5 21 06 40 37171.50000 76.25800000 2883.07000 249.37000 30.97600 209.85300
18 5 21 06 41 37148.00000 76.36800000 2883.07000 249.07000 30.97600 209.85300
18 5 21 06 41 37180.70000 76.47100000 2885.27000 248.75000 30.97600 209.85300
18 5 21 06 42 37187.00000 76.47100000 2885.24000 249.28000 30.97500 210.35900
18 5 21 06 42 37187.10000 76.47100000 2881.74000 249.45000 30.97500 209.90300
18 5 21 06 43 37187.90000 76.37200000 2880.95000 249.47000 30.97500 209.90300
18 5 21 06 43 37188.00000 76.25800000 2883.77000 249.77000 30.97500 209.90300
18 5 21 06 43 37209.80000 76.25800000 2884.59000 249.74000 30.97500 209.90300
18 5 21 06 44 37209.80000 76.45800000 2884.81000 249.88000 30.97500 209.90300
18 5 21 06 44 37228.50000 76.45800000 2884.76000 249.97000 30.97500 209.90300
18 5 21 06 45 37229.50000 76.45800000 2884.86000 249.97000 30.97500 209.90300
18 5 21 06 45 37233.00000 76.45800000 2883.84000 249.97000 30.97500 209.90300
