M=[
 1 4 21 19 40 49925.00000 12.03800000 1671.58000 171.18000 33.14000 139.66800
 1 4 21 19 41 49924.80000 12.03800000 1670.39000 171.03000 33.14000 139.66800
 1 4 21 19 41 49925.00000 12.06100000 1671.33000 171.07000 33.14000 139.66800
 1 4 21 19 42 49925.00000 12.06400000 1672.78000 171.07000 33.14000 139.91600
 1 4 21 19 42 49980.00000 12.06400000 1674.69000 171.07000 33.14000 139.91600
 1 4 21 19 42 49980.00000 12.06400000 1674.70000 171.31000 33.14000 139.91600
 1 4 21 19 43 49983.20000 12.07700000 1675.29000 171.29000 33.14000 139.91600
 1 4 21 19 43 49983.20000 12.07700000 1675.78000 171.31000 33.14000 139.91600
 1 4 21 19 44 49970.10000 12.07700000 1676.04000 171.31000 33.14000 139.68400
 1 4 21 19 44 49970.10000 12.07700000 1676.40000 171.31000 33.14000 139.62600
 1 4 21 19 45 49975.70000 12.07700000 1677.44000 171.64000 33.14000 139.52400
 1 4 21 19 45 49983.00000 12.07700000 1678.06000 171.64000 33.14000 139.52400
 1 4 21 19 45 49985.00000 12.07700000 1679.26000 171.68000 33.14000 139.52400
 1 4 21 19 46 49987.00000 12.08000000 1677.01000 171.56000 33.00700 139.35100
 1 4 21 19 46 49994.80000 12.05000000 1678.23000 171.41000 33.00700 139.25300
 1 4 21 19 47 49981.10000 12.05000000 1676.44000 171.34000 33.00700 138.99500
 1 4 21 19 47 49993.50000 12.05000000 1677.14000 171.10000 33.00700 138.99500
 1 4 21 19 48 49995.00000 12.05000000 1677.91000 171.15000 33.00700 138.99500
 1 4 21 19 48 49998.00000 12.03300000 1679.82000 171.15000 33.00700 138.99500
 1 4 21 19 49 49998.00000 12.03300000 1677.30000 171.09000 33.00700 138.99500
 1 4 21 19 49 49998.00000 12.03300000 1676.06000 171.09000 33.00700 138.99500
 1 4 21 19 49 49970.10000 12.03300000 1674.37000 170.87000 33.00700 138.99500
 1 4 21 19 50 49966.40000 12.03300000 1673.65000 170.73000 33.00700 139.18000
 1 4 21 19 50 49963.90000 12.03300000 1673.16000 170.73000 33.00700 139.18000
 1 4 21 19 51 49924.80000 12.03300000 1674.34000 170.84000 33.00700 139.18000
 1 4 21 19 51 49948.30000 12.03300000 1673.20000 170.85000 33.00700 139.18000
 1 4 21 19 52 49951.40000 12.03300000 1673.18000 170.84000 33.00700 139.18000
 1 4 21 19 52 49963.90000 12.08000000 1673.21000 170.84000 33.00700 139.18000
 1 4 21 19 52 49963.80000 12.09900000 1673.97000 170.96000 33.00700 139.47100
 1 4 21 19 53 49991.70000 12.09900000 1675.00000 170.80000 33.00700 139.47100
 1 4 21 19 53 49997.90000 12.09900000 1675.94000 171.07000 33.00700 139.92900
 1 4 21 19 54 49999.00000 12.09900000 1676.40000 171.22000 33.13400 139.53800
 1 4 21 19 54 49998.90000 12.09900000 1675.69000 171.32000 33.13400 139.90400
 1 4 21 19 55 49967.90000 12.10000000 1675.10000 171.32000 33.13400 139.90400
 1 4 21 19 55 49996.60000 12.10000000 1675.68000 171.32000 33.13400 139.90400
 1 4 21 19 55 50000.00000 12.10000000 1676.80000 171.30000 33.13400 139.90400
 1 4 21 19 56 50000.00000 12.15200000 1677.11000 171.29000 33.13400 139.90400
 1 4 21 19 56 50000.00000 12.15200000 1675.95000 171.29000 33.13400 139.90400
 1 4 21 19 57 50000.00000 12.15200000 1675.95000 171.29000 33.13400 139.90400
 1 4 21 19 57 50000.00000 12.15200000 1675.57000 171.23000 33.06500 139.90400
 1 4 21 19 58 50000.00000 12.15200000 1676.36000 171.23000 33.06500 139.90400
 1 4 21 19 58 50000.00000 12.15200000 1676.36000 171.23000 33.06500 139.80100
 1 4 21 19 58 50000.00000 12.21500000 1676.36000 171.22000 33.06500 139.80100
 1 4 21 19 59 50000.00000 12.21500000 1676.34000 171.22000 33.06500 139.52900
 1 4 21 19 59 50017.00000 12.21500000 1676.40000 171.24000 33.06500 139.52900
 1 4 21 20 00 50020.90000 12.21500000 1676.67000 171.24000 33.06500 139.21000
 1 4 21 20 00 50020.90000 12.25000000 1676.36000 171.24000 33.00000 139.21000
 1 4 21 20 01 50024.00000 12.25000000 1676.36000 171.24000 33.00000 139.21000
 1 4 21 20 01 50024.00000 12.24400000 1676.36000 171.20000 33.00000 139.21000
 1 4 21 20 01 50023.70000 12.24400000 1676.00000 171.23000 33.00000 139.21000
 1 4 21 20 02 50021.00000 12.19600000 1674.15000 171.11000 33.00000 139.21000
 1 4 21 20 02 50021.00000 12.19600000 1674.97000 171.11000 33.00000 139.21000
 1 4 21 20 03 50023.60000 12.19600000 1674.97000 171.11000 33.00000 139.21000
 1 4 21 20 03 50018.60000 12.18800000 1674.52000 171.18000 33.00000 139.21000
 1 4 21 20 04 50012.50000 12.18800000 1676.42000 171.18000 33.00000 139.21000
 1 4 21 20 04 50012.50000 12.20800000 1675.15000 171.18000 33.00000 139.59500
 1 4 21 20 04 50012.50000 12.20800000 1675.07000 171.19000 33.00000 139.59500
 1 4 21 20 05 50000.00000 12.20800000 1674.02000 171.19000 33.00000 139.36100
 1 4 21 20 05 50005.00000 12.18800000 1674.50000 171.19000 33.00000 139.36100
 1 4 21 20 06 50005.00000 12.18800000 1674.83000 171.19000 33.00000 139.36100
 1 4 21 20 06 50010.00000 12.15900000 1675.70000 171.19000 33.00000 139.36100
 1 4 21 20 07 50010.00000 12.15900000 1675.70000 171.19000 33.00000 139.66100
 1 4 21 20 07 50012.40000 12.15900000 1677.40000 171.45000 33.23800 139.89000
 1 4 21 20 07 50017.90000 12.15900000 1678.16000 171.50000 33.23800 139.89000
 1 4 21 20 08 50032.90000 12.13600000 1678.45000 171.50000 33.23800 139.89000
 1 4 21 20 08 50033.00000 12.13600000 1679.10000 171.50000 33.23800 139.89000
 1 4 21 20 09 50033.00000 12.16900000 1679.35000 171.50000 33.23800 139.89000
 1 4 21 20 09 50032.90000 12.14500000 1679.36000 171.50000 33.23800 139.89000
 1 4 21 20 10 50033.00000 12.14500000 1679.69000 171.50000 33.23800 139.89000
 1 4 21 20 10 50032.90000 12.14500000 1677.36000 171.67000 33.23800 139.60000
 1 4 21 20 10 50017.90000 12.14500000 1678.48000 171.50000 33.23800 139.60000
 1 4 21 20 11 50015.40000 12.14500000 1677.77000 171.50000 33.23800 139.60000
 1 4 21 20 11 50015.80000 12.14500000 1677.41000 171.51000 33.23800 139.60000
 1 4 21 20 12 50024.70000 12.14500000 1676.81000 171.51000 33.23800 139.60000
 1 4 21 20 12 50028.00000 12.14500000 1677.30000 171.39000 33.23800 139.35400
 1 4 21 20 13 50028.10000 12.14500000 1676.86000 171.39000 33.23800 139.35400
 1 4 21 20 13 50029.10000 12.14500000 1676.97000 171.39000 33.18900 139.35400
 1 4 21 20 13 50025.90000 12.14500000 1676.35000 171.40000 33.18900 139.35400
 1 4 21 20 14 50030.00000 12.14500000 1676.42000 171.47000 33.18900 139.36600
 1 4 21 20 14 50029.90000 12.14500000 1676.82000 171.52000 33.18900 139.36600
 1 4 21 20 15 50047.00000 12.14500000 1676.99000 171.57000 33.18900 139.36600
 1 4 21 20 15 50047.00000 12.14500000 1679.78000 171.56000 33.18900 139.74400
 1 4 21 20 16 50079.40000 12.14500000 1682.41000 171.56000 33.18900 139.74400
 1 4 21 20 16 50092.50000 12.14500000 1683.00000 171.56000 33.18900 139.74400
 1 4 21 20 16 50089.30000 12.14500000 1682.01000 171.76000 33.18900 139.74400
 1 4 21 20 17 50089.40000 12.14500000 1682.01000 171.77000 33.18900 139.74400
 1 4 21 20 17 50098.60000 12.14500000 1683.03000 171.77000 33.05200 139.74400
 1 4 21 20 18 50094.10000 12.16000000 1680.89000 171.77000 33.05200 139.86100
 1 4 21 20 18 50089.20000 12.16000000 1679.93000 171.60000 33.05200 139.86100
 1 4 21 20 19 50050.20000 12.16000000 1679.02000 171.71000 33.05200 139.86100
 1 4 21 20 19 50050.10000 12.17200000 1679.19000 171.53000 33.05200 139.86100
 1 4 21 20 19 50047.50000 12.17200000 1677.87000 171.49000 33.05200 139.86100
 1 4 21 20 20 50019.40000 12.13100000 1675.71000 171.31000 33.05200 139.66600
 1 4 21 20 20 50000.10000 12.13100000 1673.62000 171.19000 33.17800 139.38300
 1 4 21 20 21 50000.00000 12.13100000 1674.89000 171.18000 33.17800 139.38300
 1 4 21 20 21 50000.00000 12.13100000 1676.33000 171.23000 33.17800 139.38300
 1 4 21 20 22 50000.00000 12.13100000 1676.31000 171.23000 33.17800 139.12000
 1 4 21 20 22 49900.00000 12.06800000 1672.00000 170.89000 33.00000 139.00000
 1 4 21 20 22 49900.10000 12.06800000 1670.79000 170.87000 32.98700 139.00000
 1 4 21 20 23 49936.60000 12.06800000 1672.41000 170.87000 32.98700 139.00000
 1 4 21 20 23 49953.50000 12.06800000 1672.50000 171.05000 32.98700 139.00000
 1 4 21 20 24 49929.30000 12.06800000 1671.98000 171.05000 32.98700 139.00000
