M=[
19 1 21 23 15 30075.50000 6.59900000 1154.89000 129.15000 18.03500 87.23300
19 1 21 23 15 30050.20000 6.59900000 1153.54000 129.29000 18.03500 87.23300
19 1 21 23 16 30006.90000 6.59900000 1152.98000 129.38000 18.03500 87.23300
19 1 21 23 16 30024.00000 6.59900000 1154.08000 129.38000 18.03500 86.82600
19 1 21 23 17 30051.10000 6.59500000 1154.00000 129.46000 18.03500 86.82600
19 1 21 23 17 30035.50000 6.59500000 1153.42000 129.46000 18.03500 86.82600
19 1 21 23 18 30079.40000 6.59500000 1156.35000 129.45000 18.03500 86.82600
19 1 21 23 18 30068.90000 6.59500000 1155.28000 129.51000 18.03500 86.82600
19 1 21 23 18 30067.10000 6.59500000 1155.95000 129.51000 18.03500 86.82600
19 1 21 23 19 30066.90000 6.59500000 1156.50000 129.51000 18.03500 86.82600
19 1 21 23 19 30067.00000 6.59500000 1157.08000 129.50000 18.03500 86.82600
19 1 21 23 20 30067.00000 6.59500000 1157.40000 129.53000 18.03500 86.82600
19 1 21 23 20 30057.20000 6.59500000 1158.19000 129.53000 18.03500 86.82600
19 1 21 23 21 30064.00000 6.59500000 1157.27000 129.46000 18.03500 86.82600
19 1 21 23 21 30068.90000 6.59500000 1156.88000 129.44000 18.03500 86.82600
19 1 21 23 21 30062.20000 6.59500000 1158.13000 129.44000 18.03500 86.82600
19 1 21 23 22 30057.30000 6.59500000 1157.89000 129.39000 18.03500 86.82600
19 1 21 23 22 30051.70000 6.59500000 1157.17000 129.39000 18.03500 86.82600
19 1 21 23 23 30027.30000 6.59500000 1154.82000 129.36000 18.03500 86.82600
19 1 21 23 23 30015.20000 6.59500000 1154.55000 129.36000 18.03500 86.82600
19 1 21 23 24 30021.20000 6.59500000 1154.70000 129.15000 18.03500 86.82600
19 1 21 23 24 30007.00000 6.59500000 1154.10000 129.15000 18.03500 86.80000
19 1 21 23 24 30046.50000 6.59500000 1154.85000 128.95000 18.03500 86.80000
19 1 21 23 25 30047.30000 6.59500000 1155.58000 128.95000 18.03500 86.80000
19 1 21 23 25 30028.10000 6.59500000 1155.78000 129.36000 18.03500 86.80000
19 1 21 23 26 30050.00000 6.59500000 1156.06000 129.49000 18.03500 86.80000
19 1 21 23 26 30003.90000 6.59500000 1153.93000 129.30000 18.03500 86.80000
19 1 21 23 27 30006.70000 6.59500000 1152.55000 129.29000 18.03500 86.80000
19 1 21 23 27 30016.50000 6.59500000 1153.60000 129.36000 18.03500 86.80000
19 1 21 23 27 30032.60000 6.59500000 1152.69000 129.21000 18.03500 86.80000
19 1 21 23 28 30012.30000 6.59500000 1152.28000 129.29000 18.03500 86.80000
19 1 21 23 28 29968.10000 6.59200000 1147.43000 129.02000 18.03500 86.72500
19 1 21 23 29 29957.60000 6.59200000 1148.28000 129.01000 18.03500 86.44600
19 1 21 23 29 29948.50000 6.59200000 1146.39000 128.92000 18.03500 86.34100
19 1 21 23 30 29935.90000 6.59200000 1146.41000 128.71000 18.03500 86.34100
19 1 21 23 30 29943.00000 6.59200000 1148.40000 128.73000 18.03500 86.27400
19 1 21 23 30 29970.80000 6.59200000 1150.72000 128.73000 18.03500 86.27400
19 1 21 23 31 29979.10000 6.59200000 1147.80000 128.99000 18.03500 86.27400
19 1 21 23 31 29983.80000 6.59200000 1149.26000 128.99000 18.03500 86.27400
19 1 21 23 32 29975.20000 6.59200000 1148.84000 128.68000 18.03500 86.27400
19 1 21 23 32 29972.80000 6.62700000 1149.53000 128.69000 18.03500 86.27400
19 1 21 23 33 29972.80000 6.62700000 1149.94000 128.60000 18.03500 86.27400
19 1 21 23 33 29930.10000 6.62700000 1143.31000 128.45000 18.03500 86.27400
19 1 21 23 33 29922.00000 6.62700000 1143.31000 128.50000 18.03500 86.27400
19 1 21 23 34 29937.50000 6.62700000 1144.75000 128.47000 18.03500 86.27400
19 1 21 23 34 29922.00000 6.57200000 1142.67000 128.56000 18.03500 86.27300
19 1 21 23 35 29920.00000 6.57200000 1141.94000 128.20000 18.03500 86.27300
19 1 21 23 35 29875.70000 6.57200000 1139.66000 128.26000 18.03500 86.02200
19 1 21 23 36 29850.20000 6.57200000 1139.54000 128.26000 18.03500 85.68000
19 1 21 23 36 29835.00000 6.57200000 1135.74000 127.88000 18.03500 85.80000
19 1 21 23 36 29812.30000 6.57200000 1134.76000 127.89000 18.03500 85.48800
19 1 21 23 37 29837.30000 6.57200000 1135.59000 127.88000 18.03500 85.48800
19 1 21 23 37 29831.00000 6.57200000 1136.15000 127.81000 18.03500 85.48800
19 1 21 23 38 29837.20000 6.57200000 1136.29000 127.81000 18.03500 85.48800
19 1 21 23 38 29834.20000 6.57200000 1136.93000 127.81000 18.03500 85.48800
19 1 21 23 39 29860.60000 6.53400000 1137.64000 127.99000 18.03500 85.48800
19 1 21 23 39 29845.90000 6.53400000 1138.05000 128.06000 18.03500 85.48800
19 1 21 23 39 29869.10000 6.53400000 1140.50000 128.07000 18.03500 85.48800
19 1 21 23 40 29855.30000 6.53400000 1138.46000 128.05000 18.03500 85.48800
19 1 21 23 40 29855.40000 6.53400000 1139.78000 128.03000 18.03500 85.48800
19 1 21 23 41 29855.40000 6.53400000 1139.82000 128.02000 18.03500 85.48800
19 1 21 23 41 29860.50000 6.53400000 1138.81000 127.88000 18.03500 85.48800
19 1 21 23 42 29863.70000 6.53400000 1137.01000 127.83000 18.03500 85.48800
19 1 21 23 42 29833.00000 6.53100000 1136.01000 127.80000 18.02700 85.22000
19 1 21 23 42 29811.40000 6.53100000 1131.72000 127.50000 18.02700 85.68600
19 1 21 23 43 29811.50000 6.53100000 1133.06000 127.21000 18.02700 85.68600
19 1 21 23 43 29811.40000 6.52200000 1132.22000 127.21000 18.02700 85.68600
19 1 21 23 44 29824.50000 6.50600000 1132.85000 127.23000 18.02700 85.72300
19 1 21 23 44 29869.20000 6.50600000 1135.97000 127.50000 18.02700 85.72300
19 1 21 23 45 29861.40000 6.50600000 1133.73000 127.77000 18.02700 85.72300
19 1 21 23 45 29858.70000 6.52200000 1134.15000 127.77000 18.02700 85.72300
19 1 21 23 45 29852.60000 6.52200000 1136.34000 127.78000 18.02700 85.72300
19 1 21 23 46 29839.80000 6.52200000 1136.22000 127.59000 18.02700 85.72300
19 1 21 23 46 29852.60000 6.52200000 1136.79000 127.52000 18.02700 85.72300
19 1 21 23 47 29861.20000 6.52200000 1140.13000 127.59000 18.02700 85.72300
19 1 21 23 47 29867.40000 6.52200000 1140.92000 127.67000 18.02700 85.72300
19 1 21 23 48 29872.20000 6.52200000 1140.61000 127.66000 18.02700 85.72300
19 1 21 23 48 29874.40000 6.52200000 1145.05000 127.85000 18.02700 85.53600
19 1 21 23 48 29941.80000 6.52200000 1146.07000 127.85000 18.02700 85.53600
19 1 21 23 49 29921.20000 6.52200000 1145.24000 128.27000 18.02700 85.53600
19 1 21 23 49 29934.40000 6.52200000 1145.05000 128.17000 18.13200 85.53600
19 1 21 23 50 29934.20000 6.52200000 1147.26000 128.21000 18.13200 85.53600
19 1 21 23 50 29944.00000 6.52200000 1147.17000 128.18000 18.13200 85.53600
19 1 21 23 51 29950.30000 6.52200000 1148.91000 128.28000 18.13100 85.53600
19 1 21 23 51 29948.30000 6.52200000 1148.46000 128.28000 18.13100 85.53600
19 1 21 23 51 29948.30000 6.52200000 1147.00000 128.37000 18.13100 85.53600
19 1 21 23 52 29923.70000 6.52200000 1148.28000 128.36000 17.96500 85.53600
19 1 21 23 52 29923.70000 6.52200000 1147.83000 128.29000 17.96500 85.53600
19 1 21 23 53 29874.30000 6.52200000 1145.28000 128.28000 17.96500 85.53600
19 1 21 23 53 29850.00000 6.52200000 1145.00000 128.00000 17.96500 85.53600
19 1 21 23 54 29814.80000 6.52200000 1142.47000 128.00000 17.96500 85.53600
19 1 21 23 54 29800.00000 6.52200000 1139.57000 127.28000 17.96500 85.53600
19 1 21 23 54 29806.80000 6.52200000 1139.64000 127.33000 17.96500 85.53600
19 1 21 23 55 29768.40000 6.50000000 1138.53000 127.28000 17.96500 85.08000
19 1 21 23 55 29758.50000 6.50000000 1134.64000 126.73000 17.96500 85.08000
19 1 21 23 56 29700.10000 6.50000000 1135.25000 126.48000 18.13200 84.87000
19 1 21 23 56 29715.10000 6.50000000 1134.99000 126.48000 18.13200 84.87000
19 1 21 23 57 29715.40000 6.50000000 1135.25000 126.45000 18.13200 84.80000
19 1 21 23 57 29700.10000 6.47500000 1134.01000 126.00000 18.13200 84.80000
19 1 21 23 57 29700.10000 6.46400000 1133.21000 125.93000 18.13200 84.80000
19 1 21 23 58 29685.20000 6.46400000 1132.56000 126.16000 18.13200 84.80000
19 1 21 23 58 29692.10000 6.46400000 1133.22000 126.01000 18.13200 84.74000
19 1 21 23 59 29692.10000 6.46400000 1132.09000 125.72000 18.28600 84.74000
19 1 21 23 59 29686.60000 6.46400000 1130.24000 125.39000 18.28600 84.74000
20 1 21 00 00 29600.10000 6.46400000 1126.83000 125.18000 18.28400 84.74000
