M=[
17 4 21 14 26 51060.20000 35.71000000 2017.98000 270.61000 42.59600 237.09300
17 4 21 14 26 51020.90000 35.60000000 2016.48000 270.43000 42.59600 235.99500
17 4 21 14 27 51047.30000 35.60000000 2016.58000 271.29000 42.59600 235.99500
17 4 21 14 27 51035.30000 35.53300000 2015.97000 271.29000 42.59600 235.99500
17 4 21 14 27 51058.00000 35.64500000 2017.28000 270.82000 42.59600 236.29100
17 4 21 14 28 51119.30000 35.87600000 2020.57000 271.54000 42.59600 236.29100
17 4 21 14 28 51112.50000 35.87500000 2019.66000 271.54000 42.59600 236.92400
17 4 21 14 29 51073.00000 35.75200000 2017.45000 270.70000 42.59600 236.92400
17 4 21 14 29 51075.10000 35.70600000 2016.98000 270.40000 42.59600 236.92400
17 4 21 14 30 51084.60000 35.70600000 2018.02000 270.40000 42.59600 236.92400
17 4 21 14 30 51136.00000 35.62500000 2020.28000 271.66000 42.59600 236.92400
17 4 21 14 30 51117.80000 35.62500000 2020.27000 271.66000 42.59600 236.92400
17 4 21 14 31 51117.90000 35.62500000 2020.20000 271.18000 42.59600 236.92400
17 4 21 14 31 51116.20000 35.62500000 2019.99000 270.90000 42.59600 237.22700
17 4 21 14 32 51175.30000 35.62500000 2022.07000 271.98000 42.59600 237.58500
17 4 21 14 32 51164.90000 35.62500000 2022.03000 271.65000 42.59600 237.58500
17 4 21 14 33 51136.50000 35.80700000 2019.92000 271.24000 42.59600 237.58500
17 4 21 14 33 51113.60000 35.68000000 2019.72000 270.84000 42.59600 237.58500
17 4 21 14 34 51100.10000 35.70100000 2019.72000 270.61000 42.59600 237.35000
17 4 21 14 34 51094.50000 35.61800000 2017.00000 270.59000 42.59600 237.35000
17 4 21 14 34 51074.00000 35.41000000 2015.95000 270.59000 42.59600 237.15900
17 4 21 14 35 51116.90000 35.40200000 2017.67000 269.68000 42.59600 237.15900
17 4 21 14 35 51119.80000 35.40200000 2018.37000 270.55000 42.59600 237.15900
17 4 21 14 36 51130.20000 35.29800000 2017.91000 270.23000 42.59600 237.15900
17 4 21 14 36 51116.40000 35.15900000 2016.66000 269.97000 42.59600 237.15900
17 4 21 14 37 51132.00000 35.58200000 2016.78000 270.07000 42.59600 237.15900
17 4 21 14 37 51113.10000 35.26200000 2015.20000 269.49000 42.59600 237.15900
17 4 21 14 37 51075.40000 35.19800000 2015.00000 268.67000 42.59600 237.15900
17 4 21 14 38 51074.40000 35.13200000 2014.50000 268.90000 42.59600 237.15900
17 4 21 14 38 51073.10000 35.12900000 2012.25000 268.08000 42.59600 237.15900
17 4 21 14 39 51054.10000 35.12900000 2011.83000 267.99000 42.59600 236.12600
17 4 21 14 39 51022.10000 35.04000000 2012.32000 268.18000 42.59600 236.12600
17 4 21 14 40 51022.00000 35.04000000 2010.93000 267.06000 42.59600 236.12600
17 4 21 14 40 51027.50000 35.06200000 2011.32000 267.07000 42.59600 236.24000
17 4 21 14 40 51068.00000 35.10000000 2012.84000 268.14000 42.59600 236.48300
17 4 21 14 41 51056.00000 35.18300000 2013.49000 267.78000 42.59600 236.48300
17 4 21 14 41 51064.90000 35.20000000 2013.75000 267.90000 42.59600 236.48300
17 4 21 14 42 51064.90000 35.20000000 2012.75000 267.66000 42.59600 236.48300
17 4 21 14 42 51080.90000 35.20000000 2013.01000 267.59000 43.08300 236.48300
17 4 21 14 43 51099.70000 35.08700000 2015.16000 267.59000 43.08600 236.48300
17 4 21 14 43 51125.70000 35.08700000 2014.22000 267.97000 43.08600 236.48300
17 4 21 14 43 51053.10000 35.16900000 2011.63000 267.17000 43.08600 236.48300
17 4 21 14 44 51022.00000 34.86400000 2009.15000 266.00000 43.08600 236.48300
17 4 21 14 44 51032.90000 34.86400000 2009.83000 266.40000 43.08600 236.30500
17 4 21 14 45 51050.00000 34.86400000 2011.41000 266.91000 43.08600 236.30500
17 4 21 14 45 51085.20000 35.04000000 2013.55000 267.59000 43.08600 236.30500
17 4 21 14 45 51081.10000 34.97100000 2012.32000 267.59000 43.08600 236.30500
17 4 21 14 46 51066.80000 34.95400000 2012.77000 267.59000 43.08600 236.30500
17 4 21 14 46 51016.70000 34.95400000 2009.96000 265.63000 43.08600 236.30500
17 4 21 14 47 51016.60000 34.72900000 2007.07000 265.34000 43.08600 236.30500
17 4 21 14 47 50966.00000 34.72900000 2006.23000 264.35000 43.04700 236.19000
17 4 21 14 48 50957.20000 34.66700000 2005.45000 264.35000 43.04700 236.20600
17 4 21 14 48 50955.60000 34.78500000 2004.99000 265.00000 43.04700 236.20600
17 4 21 14 48 50989.60000 34.95300000 2007.73000 265.29000 43.04700 236.20600
17 4 21 14 49 51008.90000 34.95300000 2008.05000 266.04000 43.04700 236.20600
17 4 21 14 49 51008.80000 34.95300000 2006.67000 265.78000 43.04700 236.20600
17 4 21 14 50 51008.80000 34.69200000 2006.18000 265.25000 43.04700 236.20600
17 4 21 14 50 50992.70000 34.66000000 2006.00000 265.26000 43.04700 236.00500
17 4 21 14 51 50969.10000 34.66000000 2005.01000 264.82000 42.93600 236.00500
17 4 21 14 51 50954.30000 34.65900000 2002.46000 264.11000 42.89400 236.00500
17 4 21 14 51 50925.70000 34.75700000 2001.10000 265.24000 42.89400 235.54800
17 4 21 14 52 50915.50000 34.75700000 2000.68000 264.46000 42.89400 235.54800
17 4 21 14 52 50926.90000 34.75700000 2001.00000 265.43000 42.89400 235.54800
17 4 21 14 53 50954.00000 34.59600000 2003.36000 265.63000 42.89400 235.54800
17 4 21 14 53 50937.00000 34.70200000 2003.48000 265.70000 42.89400 235.54800
17 4 21 14 54 50966.30000 34.70200000 2005.13000 266.19000 42.89400 235.54800
17 4 21 14 54 51004.30000 34.74900000 2007.24000 266.00000 42.86400 235.54800
17 4 21 14 55 50985.00000 34.74900000 2007.05000 266.15000 42.86400 236.15000
17 4 21 14 55 51020.80000 34.74900000 2010.88000 266.05000 42.86400 236.72800
17 4 21 14 55 51016.90000 34.75800000 2007.14000 265.18000 42.86400 236.72800
17 4 21 14 56 50990.00000 34.75800000 2007.56000 265.18000 42.86400 236.72800
17 4 21 14 56 51018.20000 34.73800000 2010.05000 265.85000 42.86400 236.72800
17 4 21 14 57 50990.20000 34.73800000 2010.05000 265.36000 42.86400 236.72800
17 4 21 14 57 50990.20000 34.76000000 2008.42000 265.83000 42.86400 236.10100
17 4 21 14 58 51000.30000 34.80600000 2010.01000 265.83000 42.86400 236.10100
17 4 21 14 58 51005.40000 34.80600000 2009.17000 265.18000 42.86400 236.10100
17 4 21 14 58 50956.30000 34.94900000 2006.31000 264.89000 42.86400 236.10100
17 4 21 14 59 50956.20000 34.92000000 2006.30000 264.89000 42.86400 236.10100
17 4 21 14 59 50911.10000 34.81200000 2003.01000 264.65000 42.86400 235.92900
17 4 21 15 00 50890.10000 34.79500000 2001.60000 263.78000 43.00100 235.92900
17 4 21 15 00 50890.10000 34.58000000 2000.01000 263.60000 43.00100 235.63600
17 4 21 15 01 50860.40000 34.60000000 2000.01000 262.70000 43.00100 235.63600
17 4 21 15 01 50891.10000 34.60000000 2001.20000 263.76000 43.00100 235.63600
17 4 21 15 01 50870.80000 34.60000000 1999.30000 263.25000 43.00100 235.26500
17 4 21 15 02 50909.70000 34.60000000 2002.78000 263.97000 43.00100 236.05000
17 4 21 15 02 50866.20000 34.60000000 1998.27000 262.66000 43.00100 236.05000
17 4 21 15 03 50858.50000 34.49900000 1998.01000 262.45000 43.00100 236.05000
17 4 21 15 03 50840.00000 34.57800000 1995.00000 261.69000 42.92700 235.00000
17 4 21 15 03 50830.90000 34.30000000 1992.64000 260.90000 42.92700 234.83100
17 4 21 15 04 50820.80000 34.23500000 1996.40000 261.54000 42.92700 234.32700
17 4 21 15 04 50745.10000 34.01100000 1992.01000 260.90000 42.92700 234.32700
17 4 21 15 05 50745.00000 34.01100000 1991.84000 261.60000 42.92700 234.32700
17 4 21 15 05 50774.40000 33.99700000 1991.76000 261.49000 42.92700 234.32700
17 4 21 15 06 50757.60000 33.91200000 1990.06000 261.16000 42.92700 233.86500
17 4 21 15 06 50737.30000 33.79400000 1989.62000 260.78000 42.92700 233.86500
17 4 21 15 06 50757.60000 33.79400000 1990.45000 261.09000 42.73500 233.86500
17 4 21 15 07 50758.60000 33.83600000 1991.34000 261.71000 42.73500 233.86500
17 4 21 15 07 50794.00000 33.83600000 1990.88000 262.26000 42.77900 233.89300
17 4 21 15 08 50774.30000 33.89200000 1990.01000 262.30000 42.77900 233.89300
17 4 21 15 08 50816.60000 34.16400000 1992.50000 262.83000 42.77900 233.89300
17 4 21 15 09 50812.60000 34.21300000 1990.01000 262.98000 42.77900 233.89300
17 4 21 15 09 50796.70000 34.10400000 1990.00000 263.14000 42.75500 234.23500
