M=[
19 9 20 03 58 9274.10000 5.16800000 323.54000 40.83000 12.85600 49.11800
19 9 20 03 58 9274.20000 5.16800000 323.54000 40.83000 12.85600 49.11800
19 9 20 03 59 9274.20000 5.16800000 323.58000 40.83000 12.85600 49.11800
19 9 20 03 59 9274.60000 5.16800000 323.61000 40.83000 12.85600 49.11800
19 9 20 04 00 9274.60000 5.16800000 323.62000 40.83000 12.85600 49.11800
19 9 20 04 00 9279.20000 5.16800000 323.71000 40.83000 12.85600 49.11800
19 9 20 04 01 9279.20000 5.16800000 323.71000 40.83000 12.85600 49.11800
19 9 20 04 01 9279.20000 5.16800000 323.72000 40.83000 12.85600 49.11800
19 9 20 04 01 9279.20000 5.16800000 323.72000 40.83000 12.85600 49.11800
19 9 20 04 02 9279.20000 5.16800000 323.72000 40.83000 12.85600 49.11800
19 9 20 04 02 9278.90000 5.16800000 323.72000 40.83000 12.85600 49.11800
19 9 20 04 03 9278.90000 5.16800000 323.72000 40.83000 12.85600 49.11800
19 9 20 04 03 9278.50000 5.16800000 323.58000 40.83000 12.85600 49.11800
19 9 20 04 04 9277.60000 5.16800000 323.58000 40.83000 12.85600 49.11800
19 9 20 04 04 9277.60000 5.16800000 323.58000 40.83000 12.85600 49.11800
19 9 20 04 04 9277.60000 5.16800000 323.58000 40.83000 12.85600 49.11800
19 9 20 04 05 9274.80000 5.16800000 323.70000 40.83000 12.85600 49.11800
19 9 20 04 05 9274.80000 5.16800000 323.70000 40.83000 12.85600 49.11800
19 9 20 04 06 9271.10000 5.16800000 323.70000 40.83000 12.85600 49.11800
19 9 20 04 06 9271.20000 5.16800000 323.70000 40.83000 12.85600 49.11800
19 9 20 04 07 9271.20000 5.16800000 323.70000 40.83000 12.85600 49.11800
19 9 20 04 07 9270.80000 5.16800000 323.70000 40.83000 12.85600 49.11800
19 9 20 04 07 9270.80000 5.16800000 323.70000 40.83000 12.85600 49.11800
19 9 20 04 08 9270.90000 5.16800000 323.70000 40.83000 12.85600 49.11800
19 9 20 04 08 9270.90000 5.16800000 323.70000 40.83000 12.85600 49.11800
19 9 20 04 09 9270.90000 5.16800000 323.70000 40.83000 12.85600 49.11800
19 9 20 04 09 9270.90000 5.16800000 323.50000 40.83000 12.85600 49.11800
19 9 20 04 10 9270.90000 5.16800000 323.50000 40.83000 12.85600 49.11800
19 9 20 04 10 9269.00000 5.16800000 323.50000 40.83000 12.85600 49.11800
19 9 20 04 10 9269.00000 5.16800000 323.50000 40.83000 12.85600 49.11800
19 9 20 04 11 9269.00000 5.16800000 323.50000 40.83000 12.85600 49.11800
19 9 20 04 11 9269.00000 5.16800000 323.50000 40.83000 12.85600 49.11800
19 9 20 04 12 9269.10000 5.16800000 323.08000 40.83000 12.85600 49.11800
19 9 20 04 12 9269.10000 5.16800000 323.08000 40.83000 12.85600 49.11800
19 9 20 04 13 9269.00000 5.16800000 323.08000 40.83000 12.85600 49.11800
19 9 20 04 13 9269.10000 5.16800000 323.08000 40.83000 12.85600 49.11800
19 9 20 04 13 9269.10000 5.16800000 323.08000 40.83000 12.85600 49.11800
19 9 20 04 14 9269.10000 5.16800000 323.08000 40.83000 12.85600 49.11800
19 9 20 04 14 9274.50000 5.16800000 323.08000 40.83000 12.85600 49.11800
19 9 20 04 15 9274.50000 5.16800000 323.51000 40.83000 12.85600 49.11800
19 9 20 04 15 9274.50000 5.16800000 323.51000 40.83000 12.85600 49.11800
19 9 20 04 16 9276.00000 5.16800000 323.70000 40.83000 12.85600 49.11800
19 9 20 04 16 9276.00000 5.16800000 323.71000 40.83000 12.85600 49.11800
19 9 20 04 17 9276.00000 5.16800000 323.71000 40.83000 12.85600 49.11800
19 9 20 04 17 9274.60000 5.16800000 323.71000 40.83000 12.85600 49.11800
19 9 20 04 17 9274.60000 5.16800000 323.71000 40.83000 12.85600 49.11800
19 9 20 04 18 9275.60000 5.16800000 323.71000 40.83000 12.85600 49.11800
19 9 20 04 18 9275.60000 5.16800000 323.71000 40.83000 12.85600 49.11800
19 9 20 04 19 9275.60000 5.16800000 323.71000 40.83000 12.85600 49.11800
19 9 20 04 19 9275.60000 5.16800000 323.71000 40.83000 12.85600 49.11800
19 9 20 04 20 9275.60000 5.16800000 323.71000 40.83000 12.85600 49.11800
19 9 20 04 20 9274.50000 5.16800000 323.71000 40.83000 12.85600 49.11800
19 9 20 04 20 9274.50000 5.20900000 323.71000 40.83000 12.85600 49.11800
19 9 20 04 21 9267.10000 5.20900000 323.71000 40.83000 12.85600 49.11800
19 9 20 04 21 9267.10000 5.20900000 323.71000 40.81000 12.85600 49.11800
19 9 20 04 22 9267.20000 5.20900000 323.71000 40.81000 12.85600 49.11800
19 9 20 04 22 9267.10000 5.20900000 323.71000 40.81000 12.85600 49.11800
19 9 20 04 23 9267.10000 5.20900000 323.01000 40.81000 12.85600 49.11800
19 9 20 04 23 9267.10000 5.20900000 322.87000 40.81000 12.85600 49.11800
19 9 20 04 23 9267.10000 5.20900000 322.87000 40.81000 12.85600 49.11800
19 9 20 04 24 9267.10000 5.20900000 322.85000 40.81000 12.85600 49.11800
19 9 20 04 24 9267.10000 5.20900000 323.03000 40.81000 12.85600 49.11800
19 9 20 04 25 9267.10000 5.20900000 323.03000 40.81000 12.85600 49.11800
19 9 20 04 25 9267.10000 5.20900000 323.03000 40.81000 12.85600 49.11800
19 9 20 04 26 9267.10000 5.20900000 323.03000 40.81000 12.85600 49.11800
19 9 20 04 26 9267.10000 5.20900000 323.03000 40.81000 12.85600 49.11800
19 9 20 04 26 9267.10000 5.20900000 323.03000 40.81000 12.85600 49.11800
19 9 20 04 27 9270.10000 5.20900000 323.03000 40.81000 12.85600 49.11800
19 9 20 04 27 9270.10000 5.20900000 323.03000 40.81000 12.85600 49.11800
19 9 20 04 28 9275.40000 5.20900000 323.33000 40.81000 12.85600 49.11800
19 9 20 04 28 9275.40000 5.20900000 323.33000 40.81000 12.85600 49.11800
19 9 20 04 29 9275.40000 5.20900000 323.33000 40.81000 12.85600 49.11800
19 9 20 04 29 9275.40000 5.20900000 323.33000 40.81000 12.85600 49.11800
19 9 20 04 29 9275.40000 5.20900000 323.37000 40.81000 12.85600 49.11800
19 9 20 04 30 9275.40000 5.20900000 323.41000 40.81000 12.85600 49.11800
19 9 20 04 30 9275.40000 5.20900000 323.41000 40.81000 12.85600 49.11800
19 9 20 04 31 9275.40000 5.20900000 323.21000 40.81000 12.85600 49.11800
19 9 20 04 31 9270.70000 5.20900000 323.21000 40.81000 12.85600 49.11800
19 9 20 04 32 9270.70000 5.20900000 323.12000 40.81000 12.85600 49.11800
19 9 20 04 32 9270.70000 5.20900000 323.04000 40.81000 12.85600 49.11800
19 9 20 04 32 9270.70000 5.20900000 323.04000 40.81000 12.85600 49.11800
19 9 20 04 33 9270.70000 5.20900000 323.03000 40.81000 12.85600 49.11800
19 9 20 04 33 9270.70000 5.20900000 322.30000 40.80000 12.85600 49.11800
19 9 20 04 34 9270.70000 5.20900000 322.39000 40.80000 12.85600 49.11800
19 9 20 04 34 9268.50000 5.20900000 322.39000 40.80000 12.85600 49.11800
19 9 20 04 35 9271.40000 5.20900000 322.39000 40.80000 12.85600 49.11800
19 9 20 04 35 9271.40000 5.20900000 322.39000 40.80000 12.85600 49.11800
19 9 20 04 35 9271.40000 5.20900000 322.39000 40.80000 12.85600 49.11800
19 9 20 04 36 9269.40000 5.20900000 322.79000 40.80000 12.85600 49.11800
19 9 20 04 36 9269.70000 5.20900000 322.74000 40.80000 12.85600 49.11800
19 9 20 04 37 9267.20000 5.20900000 322.65000 40.80000 12.85600 49.11800
19 9 20 04 37 9267.20000 5.20900000 322.93000 40.80000 12.85600 49.11800
19 9 20 04 38 9269.90000 5.20900000 322.93000 40.80000 12.85600 49.11800
19 9 20 04 38 9269.70000 5.20900000 322.93000 40.81000 12.85600 49.11800
19 9 20 04 38 9269.70000 5.20900000 322.93000 40.81000 12.85600 49.11800
19 9 20 04 39 9268.90000 5.20900000 322.93000 40.81000 12.85600 49.11800
19 9 20 04 39 9271.20000 5.20900000 322.93000 40.81000 12.85600 49.11800
19 9 20 04 40 9271.70000 5.20900000 322.93000 40.81000 12.85600 49.11800
19 9 20 04 40 9271.70000 5.20900000 322.93000 40.81000 12.85600 49.11800
19 9 20 04 41 9270.90000 5.20900000 322.93000 40.81000 12.85600 49.11800
19 9 20 04 41 9269.30000 5.20900000 322.93000 40.81000 12.85600 49.11800
19 9 20 04 41 9270.00000 5.20900000 322.71000 40.81000 12.85600 49.11800
19 9 20 04 42 9267.80000 5.20900000 322.85000 40.81000 12.85600 49.11800
19 9 20 04 42 9267.80000 5.20900000 322.81000 40.80000 12.85600 49.11800
19 9 20 04 43 9270.80000 5.20900000 322.81000 40.80000 12.85600 49.11800
19 9 20 04 43 9269.70000 5.20900000 322.81000 40.80000 12.85600 49.11800
19 9 20 04 44 9269.70000 5.20900000 322.81000 40.80000 12.85600 49.11800
19 9 20 04 44 9267.20000 5.20900000 322.81000 40.80000 12.85600 49.11800
19 9 20 04 44 9267.80000 5.20900000 322.67000 40.80000 12.85600 49.11800
