M=[
 8 4 21 16 03 48700.70000 15.99700000 1742.10000 189.84000 40.25500 154.49000
 8 4 21 16 04 48700.60000 16.04600000 1741.73000 189.89000 40.25500 154.24700
 8 4 21 16 04 48700.60000 16.04600000 1741.64000 189.89000 40.25500 155.00000
 8 4 21 16 04 48697.70000 16.06600000 1742.63000 190.21000 40.36500 155.28000
 8 4 21 16 05 48700.60000 16.06600000 1743.00000 190.30000 40.36500 155.31900
 8 4 21 16 05 48702.90000 16.17000000 1742.99000 190.36000 40.36500 155.31900
 8 4 21 16 06 48693.30000 16.17000000 1742.00000 190.27000 40.36500 154.57500
 8 4 21 16 06 48700.70000 16.17000000 1742.00000 190.32000 40.36500 154.57500
 8 4 21 16 07 48693.10000 16.17000000 1740.49000 190.16000 40.36500 154.57500
 8 4 21 16 07 48658.90000 16.17000000 1737.98000 189.98000 40.36500 154.57500
 8 4 21 16 07 48650.00000 16.17000000 1736.30000 189.93000 40.36500 154.57500
 8 4 21 16 08 48650.10000 16.10300000 1738.00000 189.73000 40.36500 154.57500
 8 4 21 16 08 48650.10000 16.10300000 1737.45000 189.91000 40.36500 154.25200
 8 4 21 16 09 48649.00000 16.10300000 1737.01000 189.85000 40.36500 154.00000
 8 4 21 16 09 48611.80000 16.13100000 1736.92000 189.85000 40.36500 154.00000
 8 4 21 16 10 48565.80000 16.13100000 1736.60000 189.44000 40.12000 154.00000
 8 4 21 16 10 48575.80000 16.04800000 1737.47000 189.44000 40.12000 153.45800
 8 4 21 16 10 48580.20000 16.04800000 1737.98000 189.74000 40.12000 153.61900
 8 4 21 16 11 48580.10000 16.04800000 1737.84000 189.58000 40.12000 153.61900
 8 4 21 16 11 48564.40000 16.08400000 1737.91000 189.43000 40.12000 153.61900
 8 4 21 16 12 48567.90000 16.06100000 1739.00000 189.64000 40.12000 153.61900
 8 4 21 16 12 48568.10000 16.06100000 1739.07000 189.71000 40.18600 153.61900
 8 4 21 16 13 48560.20000 16.08700000 1739.46000 189.47000 40.18600 153.61900
 8 4 21 16 13 48584.10000 16.11900000 1740.00000 189.47000 40.18600 153.61900
 8 4 21 16 13 48565.90000 16.11900000 1740.10000 189.58000 40.18600 153.61900
 8 4 21 16 14 48570.80000 16.11900000 1741.35000 189.67000 40.18600 153.61900
 8 4 21 16 14 48570.50000 16.11900000 1740.31000 189.53000 40.18600 153.61900
 8 4 21 16 15 48586.30000 16.11900000 1742.00000 189.70000 40.18600 153.61900
 8 4 21 16 15 48608.50000 16.11900000 1742.00000 189.71000 40.18600 153.61900
 8 4 21 16 16 48589.10000 16.11900000 1741.54000 189.80000 40.18600 153.61900
 8 4 21 16 16 48584.30000 16.20400000 1740.84000 189.74000 40.18600 153.61900
 8 4 21 16 16 48580.00000 16.18800000 1740.01000 189.50000 40.18600 153.61900
 8 4 21 16 17 48580.00000 16.21500000 1740.00000 189.24000 40.18600 153.61900
 8 4 21 16 17 48560.10000 16.21500000 1738.92000 189.24000 40.18600 153.61900
 8 4 21 16 18 48560.10000 16.18900000 1738.70000 189.17000 40.38500 152.98600
 8 4 21 16 18 48545.20000 16.18900000 1737.05000 188.96000 40.44000 152.98600
 8 4 21 16 19 48511.70000 16.18900000 1738.54000 189.00000 40.44000 152.98600
 8 4 21 16 19 48512.30000 16.18900000 1739.00000 189.00000 40.44000 152.98600
 8 4 21 16 19 48500.00000 16.18900000 1738.88000 189.02000 40.44000 152.98600
 8 4 21 16 20 48523.40000 16.18900000 1740.23000 189.02000 40.44000 152.76300
 8 4 21 16 20 48517.60000 16.18900000 1740.53000 189.08000 40.41500 152.76300
 8 4 21 16 21 48517.40000 16.18900000 1740.29000 189.08000 40.41500 152.76300
 8 4 21 16 21 48524.70000 16.15900000 1741.09000 188.92000 40.41500 152.76300
 8 4 21 16 22 48520.70000 16.15900000 1741.87000 188.96000 40.41500 152.76300
 8 4 21 16 22 48509.10000 16.15900000 1740.11000 188.86000 40.41500 153.11800
 8 4 21 16 22 48509.00000 16.15900000 1739.76000 188.86000 40.30000 153.11800
 8 4 21 16 23 48505.70000 16.15900000 1738.76000 188.78000 40.30000 153.05200
 8 4 21 16 23 48500.00000 16.15900000 1739.18000 188.72000 40.30000 153.05200
 8 4 21 16 24 48485.10000 16.15900000 1739.00000 188.66000 40.30000 152.77800
 8 4 21 16 24 48477.60000 16.03300000 1738.45000 188.66000 40.30000 152.77800
 8 4 21 16 25 48462.20000 16.03300000 1739.00000 188.66000 40.30000 152.77800
 8 4 21 16 25 48452.90000 16.03300000 1738.45000 188.83000 40.30800 153.11500
 8 4 21 16 25 48454.70000 16.03300000 1739.03000 188.83000 40.40000 153.11500
 8 4 21 16 26 48477.10000 16.03300000 1740.08000 188.83000 40.40000 153.11800
 8 4 21 16 26 48488.10000 16.22000000 1740.07000 188.83000 40.40000 153.11800
 8 4 21 16 27 48470.20000 16.22000000 1739.12000 189.01000 40.40000 153.11800
 8 4 21 16 27 48471.00000 16.22000000 1739.77000 189.01000 40.40000 153.11800
 8 4 21 16 28 48468.90000 16.22000000 1739.71000 189.01000 40.40000 153.11800
 8 4 21 16 28 48469.20000 16.22700000 1739.05000 189.01000 40.48100 153.11800
 8 4 21 16 28 48469.50000 16.27200000 1739.04000 188.93000 40.48100 153.11800
 8 4 21 16 29 48469.10000 16.33300000 1738.63000 188.98000 40.48100 153.11800
 8 4 21 16 29 48469.10000 16.39300000 1739.34000 188.92000 40.48100 153.11800
 8 4 21 16 30 48469.00000 16.37800000 1739.67000 188.91000 40.48100 153.49100
 8 4 21 16 30 48478.20000 16.37800000 1740.00000 188.90000 40.48100 153.43100
 8 4 21 16 31 48488.80000 16.37800000 1739.70000 188.91000 40.38200 153.43100
 8 4 21 16 31 48482.50000 16.37800000 1739.13000 188.91000 40.38200 153.43100
 8 4 21 16 31 48478.10000 16.40000000 1738.50000 188.91000 40.38200 153.43100
 8 4 21 16 32 48469.00000 16.41900000 1738.54000 188.67000 40.38200 153.10800
 8 4 21 16 32 48476.90000 16.41900000 1738.94000 188.79000 40.30000 153.10800
 8 4 21 16 33 48486.60000 16.41900000 1739.02000 188.95000 40.50700 153.10800
 8 4 21 16 33 48528.70000 16.41900000 1740.95000 188.96000 40.53500 153.10800
 8 4 21 16 34 48559.40000 16.41900000 1741.47000 189.17000 40.53500 153.10800
 8 4 21 16 34 48563.40000 16.41900000 1741.51000 189.36000 40.53500 153.10800
 8 4 21 16 34 48525.50000 16.41900000 1739.81000 189.17000 40.53500 153.10800
 8 4 21 16 35 48514.00000 16.30700000 1739.65000 189.17000 40.53500 153.22500
 8 4 21 16 35 48532.70000 16.30600000 1741.41000 189.24000 40.53500 153.22500
 8 4 21 16 36 48519.20000 16.30600000 1741.16000 189.24000 40.53500 153.22500
 8 4 21 16 36 48556.00000 16.30600000 1741.99000 189.39000 40.53500 153.22500
 8 4 21 16 37 48567.40000 16.30600000 1744.11000 189.39000 40.53500 153.22500
 8 4 21 16 37 48564.10000 16.30600000 1743.93000 189.39000 40.53500 153.22500
 8 4 21 16 37 48566.80000 16.30600000 1743.69000 189.48000 40.53500 153.22500
 8 4 21 16 38 48566.90000 16.30600000 1743.70000 189.48000 40.53500 153.22500
 8 4 21 16 38 48569.00000 16.30600000 1744.38000 189.81000 40.53500 153.22500
 8 4 21 16 39 48612.80000 16.30600000 1744.32000 189.86000 40.53500 153.76900
 8 4 21 16 39 48579.20000 16.30600000 1742.17000 189.79000 40.53500 153.76900
 8 4 21 16 40 48571.90000 16.29600000 1742.43000 189.88000 40.53500 153.76900
 8 4 21 16 40 48569.10000 16.28400000 1742.44000 189.68000 40.53500 153.77300
 8 4 21 16 40 48539.20000 16.28400000 1740.63000 189.68000 40.53500 153.77300
 8 4 21 16 41 48559.40000 16.28400000 1741.00000 189.68000 40.53500 153.77300
 8 4 21 16 41 48545.60000 16.28400000 1741.74000 189.68000 40.65800 153.77300
 8 4 21 16 42 48524.00000 16.28400000 1740.30000 189.54000 40.65800 153.77300
 8 4 21 16 42 48505.70000 16.28400000 1739.28000 189.33000 40.65800 153.77300
 8 4 21 16 43 48505.80000 16.28400000 1739.29000 189.33000 40.65800 153.77300
 8 4 21 16 43 48506.20000 16.28400000 1738.62000 189.44000 40.65800 153.77300
 8 4 21 16 43 48505.60000 16.28400000 1738.96000 189.43000 40.65800 153.77300
 8 4 21 16 44 48531.80000 16.28400000 1739.51000 189.43000 40.65800 153.99700
 8 4 21 16 44 48530.20000 16.28400000 1739.51000 189.43000 40.65800 153.99700
 8 4 21 16 45 48540.20000 16.28400000 1740.35000 189.79000 40.65800 154.00000
 8 4 21 16 45 48564.40000 16.25000000 1740.93000 189.79000 40.65800 154.00000
 8 4 21 16 46 48552.80000 16.25000000 1740.60000 189.78000 40.65800 154.00000
 8 4 21 16 46 48524.10000 16.29500000 1739.29000 189.78000 40.65800 154.11400
 8 4 21 16 46 48508.40000 16.29500000 1739.29000 189.78000 40.65800 154.11400
