M=[
15 7 20 08 44 8072.70000 5.45500000 209.80000 37.99000 17.13200 53.73500
15 7 20 08 45 8074.50000 5.45500000 209.84000 37.99000 17.13200 53.73500
15 7 20 08 45 8074.80000 5.45500000 209.86000 37.99000 17.13200 53.73500
15 7 20 08 46 8073.50000 5.45500000 209.81000 38.00000 17.13200 53.73500
15 7 20 08 46 8075.00000 5.45500000 209.81000 38.00000 17.13200 53.73500
15 7 20 08 47 8075.00000 5.45500000 209.80000 38.00000 17.18800 53.73500
15 7 20 08 47 8075.00000 5.45500000 209.80000 38.00000 17.18800 53.73500
15 7 20 08 47 8074.90000 5.45500000 209.80000 38.00000 17.18800 53.73500
15 7 20 08 48 8074.90000 5.45500000 209.80000 38.00000 17.18800 53.73500
15 7 20 08 48 8074.90000 5.45500000 209.80000 38.00000 17.18800 53.73500
15 7 20 08 49 8075.00000 5.45500000 209.81000 38.00000 17.18800 53.73500
15 7 20 08 49 8074.90000 5.45500000 209.81000 38.00000 17.18800 53.73500
15 7 20 08 50 8076.70000 5.45500000 209.81000 38.00000 17.18800 53.73500
15 7 20 08 50 8076.80000 5.45500000 209.80000 38.00000 17.18800 53.73500
15 7 20 08 51 8078.50000 5.45500000 209.84000 38.00000 17.18800 53.73500
15 7 20 08 51 8078.60000 5.45500000 209.89000 38.00000 17.18800 53.73500
15 7 20 08 51 8078.80000 5.45500000 209.89000 38.00000 17.18800 53.73500
15 7 20 08 52 8078.70000 5.45500000 209.89000 38.00000 17.18800 53.73500
15 7 20 08 52 8079.70000 5.45500000 209.93000 38.06000 17.18800 53.73500
15 7 20 08 53 8079.70000 5.45500000 209.95000 38.06000 17.18800 53.73500
15 7 20 08 53 8079.60000 5.45500000 209.95000 38.06000 17.18800 53.73500
15 7 20 08 54 8079.90000 5.45500000 209.95000 38.06000 17.18800 53.81300
15 7 20 08 54 8079.90000 5.45500000 209.96000 38.06000 17.18800 53.81300
15 7 20 08 55 8079.70000 5.45500000 209.96000 38.06000 17.18800 53.81300
15 7 20 08 55 8079.60000 5.45500000 209.95000 38.06000 17.18800 53.81300
15 7 20 08 56 8079.60000 5.45500000 209.93000 38.06000 17.18800 53.81300
15 7 20 08 56 8079.70000 5.45900000 209.90000 38.02000 17.18800 53.81300
15 7 20 08 56 8079.70000 5.45900000 209.91000 38.02000 17.18800 53.81300
15 7 20 08 57 8079.70000 5.45900000 209.91000 38.02000 17.18800 53.81300
15 7 20 08 57 8079.70000 5.45900000 209.82000 38.02000 17.18800 53.81300
15 7 20 08 58 8079.70000 5.45900000 209.81000 38.02000 17.18800 53.81300
15 7 20 08 58 8079.70000 5.45900000 209.80000 38.02000 17.18800 53.81300
15 7 20 08 59 8079.60000 5.45900000 209.80000 38.02000 17.18800 53.81300
15 7 20 08 59 8079.60000 5.45900000 209.79000 38.02000 17.18800 53.81300
15 7 20 09 00 8079.60000 5.45900000 209.80000 38.02000 17.18800 53.81300
15 7 20 09 00 8075.80000 5.45900000 209.80000 38.02000 17.18800 53.81300
15 7 20 09 00 8072.40000 5.45900000 209.80000 38.02000 17.18800 53.81300
15 7 20 09 01 8071.50000 5.45900000 209.66000 37.94000 17.18800 53.81300
15 7 20 09 01 8070.10000 5.45900000 209.66000 37.94000 17.18800 53.81300
15 7 20 09 02 8070.10000 5.45900000 209.61000 37.94000 17.18800 53.81300
15 7 20 09 02 8071.90000 5.45900000 209.70000 37.94000 17.18800 53.81300
15 7 20 09 03 8070.10000 5.45900000 209.64000 37.94000 17.18800 53.81300
15 7 20 09 03 8070.10000 5.45900000 209.64000 37.94000 17.18800 53.81300
15 7 20 09 04 8070.60000 5.45900000 209.86000 37.94000 17.18800 53.81300
15 7 20 09 04 8071.30000 5.45900000 209.86000 37.97000 17.18800 53.81300
15 7 20 09 05 8071.80000 5.45900000 209.86000 37.97000 17.18800 53.81300
15 7 20 09 05 8071.20000 5.45900000 209.86000 37.97000 17.18800 53.81300
15 7 20 09 05 8071.40000 5.45900000 209.86000 37.97000 17.18800 53.81300
15 7 20 09 06 8071.50000 5.45900000 209.86000 37.97000 17.18800 53.81300
15 7 20 09 06 8071.50000 5.45900000 209.95000 37.97000 17.18800 53.81300
15 7 20 09 07 8073.90000 5.45900000 209.93000 37.97000 17.18800 53.81300
15 7 20 09 07 8074.50000 5.45900000 209.93000 37.99000 17.18800 53.81300
15 7 20 09 08 8074.30000 5.45900000 209.93000 38.00000 17.18800 53.81300
15 7 20 09 08 8075.20000 5.45900000 209.93000 38.00000 17.18800 53.81300
15 7 20 09 09 8074.60000 5.45900000 210.00000 38.00000 17.18800 53.81300
15 7 20 09 09 8073.80000 5.45900000 210.00000 38.00000 17.18800 53.81300
15 7 20 09 09 8073.90000 5.45900000 210.04000 38.00000 17.18800 53.81300
15 7 20 09 10 8075.00000 5.45900000 210.13000 38.02000 17.18800 53.81300
15 7 20 09 10 8075.60000 5.45900000 210.00000 38.02000 17.18800 53.81300
15 7 20 09 11 8075.50000 5.45900000 209.97000 38.02000 17.18800 53.73400
15 7 20 09 11 8075.10000 5.45900000 209.93000 38.02000 17.18800 53.73400
15 7 20 09 12 8075.10000 5.45900000 209.82000 38.02000 17.18800 53.68300
15 7 20 09 12 8075.10000 5.45900000 209.80000 38.00000 17.19200 53.68300
15 7 20 09 13 8075.10000 5.45900000 209.80000 38.00000 17.19200 53.68300
15 7 20 09 13 8070.10000 5.45900000 209.47000 37.99000 17.19200 53.68300
15 7 20 09 13 8070.20000 5.45900000 209.52000 37.99000 17.19200 53.68300
15 7 20 09 14 8070.20000 5.45900000 209.55000 38.00000 17.19200 53.68300
15 7 20 09 14 8070.20000 5.45900000 209.54000 38.00000 17.19200 53.68300
15 7 20 09 15 8070.20000 5.45900000 209.55000 38.00000 17.19200 53.63400
15 7 20 09 15 8070.10000 5.45900000 209.55000 38.00000 17.19200 53.63400
15 7 20 09 16 8070.70000 5.45900000 209.55000 38.00000 17.19200 53.63400
15 7 20 09 16 8071.00000 5.45900000 209.54000 38.00000 17.19200 53.63400
15 7 20 09 17 8071.20000 5.45900000 209.54000 38.00000 17.19200 53.63400
15 7 20 09 17 8067.50000 5.45900000 209.57000 38.00000 17.19200 53.63400
15 7 20 09 18 8067.50000 5.45900000 209.51000 38.00000 17.19200 53.63400
15 7 20 09 18 8067.40000 5.45900000 209.42000 38.00000 17.19200 53.63400
15 7 20 09 18 8067.50000 5.45900000 209.40000 38.00000 17.19200 53.42800
15 7 20 09 19 8067.50000 5.45900000 209.49000 38.00000 17.19200 53.42800
15 7 20 09 19 8067.60000 5.45900000 209.52000 38.00000 17.19200 53.42800
15 7 20 09 20 8067.60000 5.45900000 209.51000 37.95000 17.19200 53.42800
15 7 20 09 20 8067.70000 5.45900000 209.51000 37.95000 17.19200 53.52700
15 7 20 09 21 8067.70000 5.45900000 209.48000 37.95000 17.19200 53.52700
15 7 20 09 21 8067.60000 5.45900000 209.48000 37.95000 17.19200 53.52700
15 7 20 09 22 8067.60000 5.45900000 209.39000 37.95000 17.19200 53.52700
15 7 20 09 22 8067.70000 5.45900000 209.39000 37.95000 17.19200 53.52700
15 7 20 09 23 8068.10000 5.45900000 209.39000 37.95000 17.19200 53.52700
15 7 20 09 23 8068.10000 5.45900000 209.46000 37.95000 17.19200 53.52700
15 7 20 09 24 8067.60000 5.45900000 209.44000 37.95000 17.19200 53.52700
15 7 20 09 24 8067.60000 5.45900000 209.48000 37.94000 17.19200 53.52700
15 7 20 09 24 8067.50000 5.45900000 209.39000 37.94000 17.19200 53.52700
15 7 20 09 25 8067.50000 5.45900000 209.39000 37.94000 17.19200 53.45800
15 7 20 09 25 8067.50000 5.45900000 209.41000 37.94000 17.19200 53.45800
15 7 20 09 26 8067.40000 5.45900000 209.36000 37.94000 17.19200 53.45800
15 7 20 09 26 8067.20000 5.45900000 209.28000 37.96000 17.19200 53.45800
15 7 20 09 27 8067.20000 5.45900000 209.28000 37.96000 17.19200 53.45800
15 7 20 09 27 8067.20000 5.45900000 209.27000 37.94000 17.19200 53.45800
15 7 20 09 28 8067.20000 5.45900000 209.27000 37.94000 17.19200 53.45800
15 7 20 09 28 8067.20000 5.45900000 209.26000 37.94000 17.19200 53.45800
15 7 20 09 29 8067.20000 5.45900000 209.25000 37.93000 17.19200 53.45800
15 7 20 09 29 8067.00000 5.45900000 209.25000 37.93000 17.13100 53.45800
15 7 20 09 30 8067.00000 5.45900000 209.21000 37.93000 17.13100 53.45800
15 7 20 09 30 8067.10000 5.45900000 209.17000 37.93000 17.13100 53.38000
15 7 20 09 30 8063.10000 5.45900000 209.16000 37.93000 17.13100 53.38000
15 7 20 09 31 8062.30000 5.45000000 209.18000 37.93000 17.13100 53.34400
15 7 20 09 31 8062.00000 5.45000000 209.18000 37.93000 17.13100 53.34400
15 7 20 09 32 8062.00000 5.45000000 209.20000 37.93000 17.13100 53.36900
15 7 20 09 32 8060.40000 5.45000000 209.16000 37.93000 17.13100 53.36900
15 7 20 09 33 8060.10000 5.45000000 209.12000 37.93000 17.13100 53.36900
15 7 20 09 33 8060.00000 5.45000000 209.10000 37.93000 17.14000 53.30000
