M=[
23 7 21 10 02 27452.70000 37.50000000 1739.68000 101.37000 16.32100 80.71300
23 7 21 10 03 27459.50000 37.50000000 1739.68000 101.32000 16.32100 80.71300
23 7 21 10 03 27427.40000 37.50000000 1740.57000 101.32000 16.32100 80.71300
23 7 21 10 04 27438.30000 37.50000000 1740.00000 101.21000 16.32100 80.47600
23 7 21 10 04 27442.40000 37.50000000 1739.77000 101.21000 16.32100 80.47600
23 7 21 10 05 27442.40000 37.42700000 1739.77000 101.21000 16.32100 80.47600
23 7 21 10 05 27456.90000 37.42700000 1739.48000 101.21000 16.32100 80.47600
23 7 21 10 05 27453.60000 37.42700000 1739.48000 101.21000 16.32100 80.47600
23 7 21 10 06 27458.30000 37.42700000 1743.28000 101.21000 16.32100 80.47600
23 7 21 10 06 27459.50000 37.42700000 1743.60000 101.21000 16.32100 80.47600
23 7 21 10 07 27469.40000 37.42700000 1743.90000 101.21000 16.32100 80.47600
23 7 21 10 07 27464.60000 37.42700000 1743.90000 101.21000 16.32100 80.47600
23 7 21 10 08 27464.60000 37.42700000 1744.20000 101.53000 16.32100 80.47600
23 7 21 10 08 27464.60000 37.42700000 1744.69000 101.53000 16.32100 80.47600
23 7 21 10 08 27465.60000 37.42700000 1744.69000 101.53000 16.32100 80.47600
23 7 21 10 09 27471.30000 37.42700000 1745.35000 101.55000 16.32100 80.47600
23 7 21 10 09 27471.40000 37.42700000 1745.48000 101.55000 16.32100 80.47600
23 7 21 10 10 27471.30000 37.42700000 1744.93000 101.52000 16.32100 80.47600
23 7 21 10 10 27464.30000 37.42700000 1743.39000 101.52000 16.32100 80.47600
23 7 21 10 11 27445.80000 37.42700000 1742.85000 101.52000 16.32100 80.47600
23 7 21 10 11 27449.00000 37.42700000 1742.31000 101.52000 16.32100 80.47600
23 7 21 10 11 27449.10000 37.42700000 1742.12000 101.52000 16.32100 80.47600
23 7 21 10 12 27442.30000 37.42700000 1741.04000 101.52000 16.32100 80.47600
23 7 21 10 12 27427.30000 37.42700000 1740.05000 101.16000 16.32100 80.47600
23 7 21 10 13 27405.60000 37.42700000 1739.77000 101.08000 16.32100 80.47600
23 7 21 10 13 27398.40000 37.42700000 1738.62000 101.08000 16.32100 80.47600
23 7 21 10 14 27423.90000 37.42700000 1739.01000 101.12000 16.32100 80.47600
23 7 21 10 14 27432.80000 37.42700000 1739.95000 101.27000 16.32100 80.47600
23 7 21 10 14 27439.20000 37.42700000 1741.77000 101.27000 16.32100 80.47600
23 7 21 10 15 27459.90000 37.42700000 1741.77000 101.27000 16.32100 80.47600
23 7 21 10 15 27470.20000 37.64000000 1744.32000 101.27000 16.32100 80.47600
23 7 21 10 16 27463.80000 37.64000000 1744.69000 101.27000 16.32900 80.47600
23 7 21 10 16 27463.80000 37.64000000 1742.03000 101.27000 16.32900 80.47600
23 7 21 10 17 27441.80000 37.64000000 1742.03000 101.37000 16.32900 80.47600
23 7 21 10 17 27458.90000 37.64000000 1743.45000 101.37000 16.32900 80.47600
23 7 21 10 17 27465.70000 37.64000000 1743.00000 101.44000 16.32900 80.47600
23 7 21 10 18 27461.40000 37.64000000 1743.00000 101.57000 16.32900 80.47600
23 7 21 10 18 27461.50000 37.64000000 1743.00000 101.57000 16.32900 80.47600
23 7 21 10 19 27454.20000 37.64000000 1743.00000 101.57000 16.32900 80.47600
23 7 21 10 19 27451.90000 37.64000000 1743.00000 101.57000 16.32900 80.47600
23 7 21 10 20 27451.90000 37.64000000 1743.00000 101.57000 16.32900 80.47600
23 7 21 10 20 27451.90000 37.64000000 1742.99000 101.57000 16.32900 80.47600
23 7 21 10 21 27441.90000 37.64000000 1741.76000 101.57000 16.32900 80.47600
23 7 21 10 21 27409.50000 37.64000000 1739.38000 101.22000 16.32900 80.47600
23 7 21 10 21 27413.20000 37.64000000 1740.31000 101.22000 16.32900 80.47600
23 7 21 10 22 27409.60000 37.64000000 1739.22000 101.22000 16.32900 80.94500
23 7 21 10 22 27415.30000 37.64000000 1739.68000 101.22000 16.32900 80.93100
23 7 21 10 23 27428.80000 37.64000000 1740.70000 101.33000 16.32900 80.93100
23 7 21 10 23 27424.90000 37.64000000 1740.02000 101.33000 16.32900 80.93100
23 7 21 10 24 27423.10000 37.64000000 1739.91000 101.25000 16.32900 80.93100
23 7 21 10 24 27396.50000 37.64000000 1737.89000 101.25000 16.32900 80.93100
23 7 21 10 24 27399.90000 37.44000000 1739.07000 101.25000 16.32900 80.93100
23 7 21 10 25 27419.90000 37.44000000 1739.90000 101.25000 16.32900 80.93100
23 7 21 10 25 27419.40000 37.44000000 1740.50000 101.20000 16.32900 80.93100
23 7 21 10 26 27429.30000 37.54100000 1741.05000 101.20000 16.32900 80.93100
23 7 21 10 26 27429.40000 37.54100000 1740.87000 101.20000 16.32900 80.93100
23 7 21 10 27 27429.40000 37.54100000 1741.75000 101.20000 16.32900 80.93100
23 7 21 10 27 27437.10000 37.54100000 1742.49000 101.26000 16.32900 80.93100
23 7 21 10 27 27444.80000 37.54100000 1742.50000 101.26000 16.32900 80.93100
23 7 21 10 28 27443.10000 37.54100000 1743.00000 101.26000 16.32900 81.20600
23 7 21 10 28 27443.00000 37.54100000 1742.99000 101.26000 16.32900 81.20600
23 7 21 10 29 27443.00000 37.54100000 1743.00000 101.26000 16.32900 81.20600
23 7 21 10 29 27444.90000 37.54100000 1743.00000 101.26000 16.32900 81.20600
23 7 21 10 30 27444.80000 37.54100000 1741.09000 101.29000 16.32900 81.20600
23 7 21 10 30 27409.50000 37.54100000 1741.09000 101.29000 16.32900 81.20600
23 7 21 10 30 27407.90000 37.54100000 1739.51000 101.29000 16.32900 81.20600
23 7 21 10 31 27425.10000 37.54100000 1740.96000 101.15000 16.32900 81.20600
23 7 21 10 31 27425.50000 37.54100000 1740.97000 101.15000 16.32900 81.20600
23 7 21 10 32 27435.80000 37.54100000 1742.57000 101.24000 16.32900 81.20600
23 7 21 10 32 27447.30000 37.54100000 1742.57000 101.24000 16.32900 81.20600
23 7 21 10 33 27447.20000 37.54100000 1742.81000 101.21000 16.32900 81.20600
23 7 21 10 33 27452.00000 37.54100000 1742.99000 101.21000 16.32900 81.20600
23 7 21 10 33 27447.20000 37.54100000 1741.86000 101.21000 16.32900 81.20600
23 7 21 10 34 27435.70000 37.54100000 1741.86000 101.21000 16.32900 81.20600
23 7 21 10 34 27438.70000 37.54100000 1741.08000 101.21000 16.32900 81.20600
23 7 21 10 35 27423.40000 37.54100000 1739.43000 101.21000 16.32900 81.20600
23 7 21 10 35 27424.60000 37.54100000 1741.18000 101.21000 16.32900 81.20600
23 7 21 10 36 27432.80000 37.54100000 1742.11000 101.21000 16.32900 81.20600
23 7 21 10 36 27440.50000 37.54100000 1741.85000 101.15000 16.32900 81.20600
23 7 21 10 36 27440.50000 37.54100000 1742.86000 101.15000 16.32900 81.20600
23 7 21 10 37 27444.40000 37.54100000 1742.63000 101.15000 16.32900 81.20600
23 7 21 10 37 27459.50000 37.54100000 1743.00000 101.15000 16.32900 81.20600
23 7 21 10 38 27460.90000 37.54100000 1743.00000 101.15000 16.32900 81.20600
23 7 21 10 38 27461.00000 37.54100000 1742.99000 101.15000 16.32900 81.20600
23 7 21 10 39 27461.00000 37.54100000 1742.96000 101.15000 16.32900 81.20600
23 7 21 10 39 27460.90000 37.54100000 1742.96000 101.15000 16.32900 81.20600
23 7 21 10 39 27461.00000 37.54100000 1742.99000 101.20000 16.32900 81.20600
23 7 21 10 40 27469.90000 37.63000000 1744.30000 101.21000 16.32900 81.20600
23 7 21 10 40 27470.00000 37.63000000 1744.30000 101.41000 16.32900 81.20600
23 7 21 10 41 27470.00000 37.63000000 1744.30000 101.41000 16.32900 81.20600
23 7 21 10 41 27470.00000 37.63000000 1744.29000 101.41000 16.32900 81.20600
23 7 21 10 42 27501.90000 37.73300000 1746.22000 101.41000 16.32900 81.20600
23 7 21 10 42 27506.20000 37.73300000 1746.50000 101.41000 16.32900 81.20600
23 7 21 10 43 27506.30000 37.73300000 1745.50000 101.41000 16.32900 81.20600
23 7 21 10 43 27506.30000 37.73300000 1745.51000 101.30000 16.32900 81.20600
23 7 21 10 43 27506.30000 37.73300000 1743.79000 101.30000 16.32900 81.20600
23 7 21 10 44 27509.90000 37.73300000 1745.18000 101.41000 16.32900 81.20600
23 7 21 10 44 27509.90000 37.73300000 1745.64000 101.41000 16.32900 81.20600
23 7 21 10 45 27489.30000 37.73300000 1745.44000 101.41000 16.32900 81.20600
23 7 21 10 45 27495.40000 37.73300000 1745.50000 101.41000 16.32900 81.20600
23 7 21 10 46 27495.40000 37.73300000 1745.84000 101.41000 16.32900 81.20600
23 7 21 10 46 27488.90000 37.73300000 1743.73000 101.22000 16.32900 81.20600
23 7 21 10 46 27491.90000 37.73300000 1743.73000 101.22000 16.33800 81.20600
