M=[
 7 4 21 18 38 47360.80000 15.85100000 1668.22000 185.40000 34.88300 143.22100
 7 4 21 18 39 47350.10000 15.91200000 1665.71000 184.94000 34.88300 143.22100
 7 4 21 18 39 47301.10000 15.91200000 1663.24000 184.20000 34.88300 142.94900
 7 4 21 18 39 47301.10000 15.91200000 1663.18000 184.14000 34.88300 142.94900
 7 4 21 18 40 47306.80000 15.91200000 1663.18000 184.26000 34.88300 142.94900
 7 4 21 18 40 47360.50000 15.91200000 1664.78000 184.49000 34.88300 142.94900
 7 4 21 18 41 47360.80000 15.89900000 1666.31000 184.49000 34.88300 142.94900
 7 4 21 18 41 47404.80000 15.89900000 1667.63000 185.12000 34.88300 142.94900
 7 4 21 18 42 47417.50000 15.89900000 1669.52000 185.59000 34.88300 143.41900
 7 4 21 18 42 47417.40000 15.95300000 1670.00000 185.68000 34.88300 143.41900
 7 4 21 18 42 47417.30000 15.95300000 1670.42000 185.36000 34.88300 143.34300
 7 4 21 18 43 47417.60000 15.98600000 1671.59000 186.06000 34.88300 143.34300
 7 4 21 18 43 47417.60000 15.98600000 1672.24000 186.10000 34.88300 143.34300
 7 4 21 18 44 47405.50000 15.92700000 1672.27000 185.93000 34.88300 143.34300
 7 4 21 18 44 47369.40000 15.92700000 1669.18000 185.98000 34.88300 143.60500
 7 4 21 18 45 47385.20000 15.92700000 1669.79000 186.02000 34.88300 143.60500
 7 4 21 18 45 47335.10000 15.86100000 1666.79000 185.55000 34.88300 143.60500
 7 4 21 18 45 47325.10000 15.86100000 1667.42000 185.23000 34.88300 143.60500
 7 4 21 18 46 47335.80000 15.86100000 1667.25000 185.47000 34.88300 143.60500
 7 4 21 18 46 47341.90000 15.87600000 1667.25000 185.47000 34.88300 143.60500
 7 4 21 18 47 47339.60000 15.87600000 1667.53000 185.36000 34.88300 142.99900
 7 4 21 18 47 47300.10000 15.87600000 1665.07000 184.69000 34.88300 142.99600
 7 4 21 18 48 47273.30000 15.77200000 1663.12000 184.54000 34.88300 142.99600
 7 4 21 18 48 47273.00000 15.77200000 1661.14000 184.25000 34.88300 142.99600
 7 4 21 18 48 47241.00000 15.77200000 1662.23000 184.65000 34.88300 142.58900
 7 4 21 18 49 47293.30000 15.82900000 1662.07000 184.65000 34.88300 142.83800
 7 4 21 18 49 47300.00000 15.82900000 1663.82000 185.42000 34.88300 142.83800
 7 4 21 18 50 47300.00000 15.82900000 1665.93000 185.33000 34.88300 142.83800
 7 4 21 18 50 47300.00000 15.82900000 1666.34000 185.33000 34.88300 143.10800
 7 4 21 18 51 47341.90000 15.82900000 1666.86000 185.64000 34.88300 143.10800
 7 4 21 18 51 47397.00000 15.91400000 1669.78000 185.63000 34.88300 143.10800
 7 4 21 18 51 47400.00000 15.91100000 1670.56000 186.16000 34.88300 144.50000
 7 4 21 18 52 47417.70000 15.91100000 1669.80000 185.93000 34.88300 144.50000
 7 4 21 18 52 47414.60000 15.91100000 1668.10000 185.37000 34.88300 144.50000
 7 4 21 18 53 47346.90000 15.91100000 1667.83000 185.22000 34.88300 144.50000
 7 4 21 18 53 47341.90000 15.93500000 1666.32000 185.22000 34.88300 144.50000
 7 4 21 18 54 47341.90000 15.94900000 1666.32000 185.22000 34.88300 144.50000
 7 4 21 18 54 47311.50000 15.88100000 1666.00000 184.89000 34.88300 144.50000
 7 4 21 18 54 47281.00000 15.88100000 1665.05000 184.79000 34.88300 144.50000
 7 4 21 18 55 47280.90000 15.88100000 1665.05000 184.79000 34.88300 143.83600
 7 4 21 18 55 47259.00000 15.76800000 1662.23000 184.54000 34.88300 143.83600
 7 4 21 18 56 47229.80000 15.76800000 1661.43000 184.25000 34.88300 143.39500
 7 4 21 18 56 47252.50000 15.76800000 1661.74000 184.48000 34.88300 143.39500
 7 4 21 18 57 47240.60000 15.76800000 1660.86000 184.25000 34.88300 143.39500
 7 4 21 18 57 47198.00000 15.76800000 1660.02000 183.93000 34.97700 143.51600
 7 4 21 18 57 47208.60000 15.76800000 1658.95000 183.61000 34.97700 143.51600
 7 4 21 18 58 47214.60000 15.76800000 1661.60000 184.17000 34.97700 143.51600
 7 4 21 18 58 47214.60000 15.72200000 1659.52000 183.80000 34.97700 143.51600
 7 4 21 18 59 47214.50000 15.72200000 1659.62000 183.73000 34.97700 143.51600
 7 4 21 18 59 47189.00000 15.72200000 1658.51000 183.73000 34.97700 143.51600
 7 4 21 19 00 47164.60000 15.72500000 1657.30000 183.73000 34.97700 143.51600
 7 4 21 19 00 47197.30000 15.72500000 1658.42000 183.73000 34.97700 143.51600
 7 4 21 19 00 47174.30000 15.71100000 1656.04000 183.94000 34.97700 142.94700
 7 4 21 19 01 47149.50000 15.71100000 1654.37000 183.40000 34.97700 142.94700
 7 4 21 19 01 47134.20000 15.71100000 1652.98000 183.11000 34.97700 142.60100
 7 4 21 19 02 47103.50000 15.71100000 1652.97000 183.36000 34.97700 142.60100
 7 4 21 19 02 47100.10000 15.71100000 1651.16000 182.68000 34.97700 142.60100
 7 4 21 19 03 47100.10000 15.71100000 1651.03000 182.74000 34.63900 142.60100
 7 4 21 19 03 47100.10000 15.71100000 1652.08000 182.82000 34.63900 142.16800
 7 4 21 19 03 47100.10000 15.75500000 1650.00000 182.29000 34.63900 142.03600
 7 4 21 19 04 47077.80000 15.75500000 1649.14000 182.10000 34.63900 142.03600
 7 4 21 19 04 47076.30000 15.75500000 1649.65000 182.31000 34.63900 141.52300
 7 4 21 19 05 47065.10000 15.75500000 1648.69000 181.91000 34.63900 141.52300
 7 4 21 19 05 47065.10000 15.79900000 1648.65000 182.22000 34.63900 141.52300
 7 4 21 19 06 47045.10000 15.79900000 1649.53000 182.22000 34.63900 141.52300
 7 4 21 19 06 47141.10000 15.79900000 1652.00000 182.86000 34.63900 142.09400
 7 4 21 19 06 47122.60000 15.83600000 1652.28000 182.99000 34.63900 142.00900
 7 4 21 19 07 47159.50000 15.83600000 1653.28000 182.92000 34.63900 142.00900
 7 4 21 19 07 47161.00000 15.83600000 1653.30000 183.06000 34.63900 142.00900
 7 4 21 19 08 47125.30000 15.80000000 1652.01000 182.89000 34.63900 141.89200
 7 4 21 19 08 47120.00000 15.80000000 1651.89000 182.51000 34.63900 141.89200
 7 4 21 19 09 47099.10000 15.80000000 1651.65000 182.67000 34.63900 141.53900
 7 4 21 19 09 47059.10000 15.78000000 1651.32000 182.67000 34.63900 141.53900
 7 4 21 19 09 47001.00000 15.75200000 1648.86000 182.05000 34.63900 141.33200
 7 4 21 19 10 47001.00000 15.75200000 1647.36000 182.12000 34.63900 141.00000
 7 4 21 19 10 47044.90000 15.75200000 1650.31000 182.44000 34.63900 141.02700
 7 4 21 19 11 47017.30000 15.75200000 1648.00000 182.25000 34.63900 141.02700
 7 4 21 19 11 46995.40000 15.75200000 1645.94000 182.25000 34.63900 140.74100
 7 4 21 19 12 47018.20000 15.67000000 1646.00000 181.91000 34.63900 140.74100
 7 4 21 19 12 47018.20000 15.67000000 1650.00000 182.20000 34.69300 141.21100
 7 4 21 19 12 47000.00000 15.67000000 1646.63000 181.22000 34.69300 141.03700
 7 4 21 19 13 46978.50000 15.67000000 1643.85000 180.86000 34.45900 140.97500
 7 4 21 19 13 46950.00000 15.67000000 1645.37000 181.10000 34.49000 141.21800
 7 4 21 19 14 46950.10000 15.62000000 1645.08000 180.97000 34.49000 141.05700
 7 4 21 19 14 46960.00000 15.62000000 1645.00000 181.27000 34.49000 140.96900
 7 4 21 19 15 46993.90000 15.62000000 1645.94000 181.15000 34.49000 140.85300
 7 4 21 19 15 46993.90000 15.62000000 1646.51000 181.17000 34.49000 140.93500
 7 4 21 19 15 47011.00000 15.62000000 1647.87000 181.17000 34.49000 141.30000
 7 4 21 19 16 47013.20000 15.62000000 1644.03000 181.39000 34.49000 141.34000
 7 4 21 19 16 47013.10000 15.62000000 1643.36000 181.35000 34.49000 141.34000
 7 4 21 19 17 46994.30000 15.59900000 1642.00000 181.00000 34.44500 141.34000
 7 4 21 19 17 46951.20000 15.59900000 1638.00000 180.79000 34.44500 141.01900
 7 4 21 19 18 46950.00000 15.59900000 1639.64000 180.72000 34.44500 141.01900
 7 4 21 19 18 46940.10000 15.59900000 1641.62000 181.01000 34.44500 140.66200
 7 4 21 19 18 46940.10000 15.59900000 1640.00000 181.19000 34.44500 140.66200
 7 4 21 19 19 46900.00000 15.56600000 1640.10000 180.52000 34.44500 140.66200
 7 4 21 19 19 46900.10000 15.60400000 1640.81000 180.52000 34.44500 140.56800
 7 4 21 19 20 46914.60000 15.45000000 1641.14000 180.80000 34.44500 140.56800
 7 4 21 19 20 46873.40000 15.45000000 1640.93000 180.45000 34.44500 140.36000
 7 4 21 19 21 46864.20000 15.45900000 1642.10000 180.29000 34.44500 140.36000
 7 4 21 19 21 46931.80000 15.45000000 1643.68000 181.09000 34.44500 140.39700
 7 4 21 19 21 46920.60000 15.45400000 1644.08000 180.97000 34.44500 140.39700
