M=[
27 5 21 04 56 31010.60000 60.84000000 2218.22000 152.20000 25.37400 117.57200
27 5 21 04 57 31017.10000 60.84000000 2218.27000 152.28000 25.37400 117.57200
27 5 21 04 57 31047.00000 60.84000000 2221.58000 152.76000 25.37400 117.57200
27 5 21 04 58 31009.80000 60.99600000 2218.94000 152.76000 25.37400 117.57200
27 5 21 04 58 31047.10000 60.99600000 2220.63000 152.75000 25.37400 117.57200
27 5 21 04 58 31047.10000 60.99600000 2223.65000 153.12000 25.37400 117.57200
27 5 21 04 59 31057.10000 60.99600000 2224.00000 152.87000 25.20100 117.57200
27 5 21 04 59 31089.70000 61.33100000 2226.65000 152.88000 25.20100 117.57200
27 5 21 05 00 31062.30000 61.33100000 2226.60000 152.88000 25.20100 118.22200
27 5 21 05 00 31041.60000 61.33100000 2224.00000 152.88000 25.20100 118.22200
27 5 21 05 01 31017.80000 61.00000000 2220.23000 152.27000 25.20100 118.22200
27 5 21 05 01 30976.70000 61.05200000 2216.82000 152.27000 25.20100 118.22200
27 5 21 05 01 30980.60000 61.05200000 2217.39000 152.27000 25.53800 118.22200
27 5 21 05 02 30973.00000 60.90300000 2216.24000 152.15000 25.53800 118.22200
27 5 21 05 02 30973.00000 60.90300000 2216.24000 152.24000 25.53800 118.22200
27 5 21 05 03 30957.30000 60.90300000 2213.37000 152.24000 25.53800 118.22200
27 5 21 05 03 30957.30000 60.90300000 2213.11000 151.83000 25.53800 118.22200
27 5 21 05 04 30950.00000 60.90300000 2212.53000 151.75000 25.53800 117.89900
27 5 21 05 04 30931.50000 60.90300000 2210.71000 151.70000 25.59700 117.89900
27 5 21 05 04 30941.50000 60.81600000 2210.45000 151.70000 25.59700 117.89900
27 5 21 05 05 30997.10000 60.97100000 2216.46000 152.17000 25.59700 117.89900
27 5 21 05 05 30960.00000 60.97100000 2213.68000 152.17000 25.59700 117.89900
27 5 21 05 06 31017.10000 60.97100000 2217.93000 152.17000 25.59700 118.18100
27 5 21 05 06 31010.40000 60.97100000 2221.59000 152.41000 25.59700 118.18100
27 5 21 05 07 31021.50000 60.97100000 2219.43000 152.36000 25.59700 118.41900
27 5 21 05 07 31022.40000 60.97100000 2218.29000 152.36000 25.59700 118.41900
27 5 21 05 07 31024.20000 60.97100000 2215.25000 152.36000 25.41800 118.41900
27 5 21 05 08 30968.80000 60.97100000 2210.27000 151.98000 25.41800 118.41900
27 5 21 05 08 30962.70000 60.80500000 2210.00000 151.98000 25.41800 118.41900
27 5 21 05 09 30962.70000 60.80500000 2208.21000 151.98000 25.41800 118.41900
27 5 21 05 09 30933.70000 60.80500000 2208.21000 151.62000 25.41800 118.41900
27 5 21 05 10 30933.80000 60.80500000 2207.39000 151.62000 25.41800 118.41900
27 5 21 05 10 30981.60000 60.80500000 2209.33000 151.62000 25.41800 118.41900
27 5 21 05 10 30946.00000 60.80500000 2206.80000 151.64000 25.41800 118.41900
27 5 21 05 11 30931.40000 60.80500000 2206.13000 151.34000 25.41800 118.41900
27 5 21 05 11 30896.90000 60.58100000 2201.22000 151.34000 25.41800 118.41900
27 5 21 05 12 30896.20000 60.58100000 2201.62000 151.34000 25.41800 118.41900
27 5 21 05 12 30880.00000 60.58100000 2202.57000 151.04000 25.41800 118.41900
27 5 21 05 13 30871.40000 60.58100000 2200.84000 151.04000 25.41800 118.41900
27 5 21 05 13 30880.00000 60.58100000 2200.00000 151.04000 25.41800 118.41900
27 5 21 05 14 30905.40000 60.58100000 2197.16000 151.00000 25.41800 118.41900
27 5 21 05 14 30905.40000 60.58100000 2195.11000 151.00000 25.41800 118.41900
27 5 21 05 14 30880.10000 60.58100000 2194.97000 151.00000 25.41800 118.41900
27 5 21 05 15 30934.00000 60.58600000 2198.85000 151.54000 25.41800 117.35900
27 5 21 05 15 30906.80000 60.58600000 2200.53000 151.20000 25.41800 117.35900
27 5 21 05 16 30985.70000 60.58600000 2205.34000 152.02000 25.41800 118.20500
27 5 21 05 16 30993.80000 60.58600000 2208.84000 152.20000 25.41800 118.37000
27 5 21 05 17 30979.30000 60.58600000 2203.93000 151.84000 25.41800 118.37000
27 5 21 05 17 30902.20000 60.58600000 2197.96000 151.63000 25.41800 117.68600
27 5 21 05 17 30887.70000 60.58600000 2196.92000 151.39000 25.41800 117.68600
27 5 21 05 18 30876.10000 60.58600000 2193.09000 151.39000 25.41800 117.68600
27 5 21 05 18 30887.70000 60.58600000 2192.34000 151.39000 25.41800 117.68600
27 5 21 05 19 30887.60000 60.58600000 2192.70000 151.26000 25.41800 117.68600
27 5 21 05 19 30873.10000 60.58600000 2192.41000 151.26000 25.41800 117.68600
27 5 21 05 20 30911.10000 60.58600000 2197.92000 151.58000 25.41800 117.68600
27 5 21 05 20 30932.90000 60.58600000 2200.00000 151.94000 25.41800 117.68600
27 5 21 05 20 30960.80000 60.80400000 2204.42000 151.94000 25.41800 117.68600
27 5 21 05 21 30951.00000 60.80400000 2202.33000 152.01000 25.41800 117.68600
27 5 21 05 21 30980.30000 60.80400000 2205.65000 152.02000 25.40000 117.68600
27 5 21 05 22 31014.80000 60.80400000 2208.72000 152.55000 25.40000 117.68600
27 5 21 05 22 31045.10000 60.80400000 2211.93000 152.55000 25.40000 118.68700
27 5 21 05 22 31038.20000 60.80400000 2213.23000 152.55000 25.40000 118.68700
27 5 21 05 23 31044.30000 60.80400000 2213.23000 152.55000 25.40000 118.68700
27 5 21 05 23 31038.20000 60.80400000 2211.77000 152.55000 25.40000 118.68700
27 5 21 05 24 31047.60000 60.80400000 2213.65000 152.77000 25.40000 118.69700
27 5 21 05 24 31002.90000 60.80400000 2212.10000 152.77000 25.40000 118.69700
27 5 21 05 25 31012.50000 60.87100000 2208.45000 152.79000 25.51400 118.69700
27 5 21 05 25 30930.90000 60.59700000 2196.53000 151.94000 25.51400 118.69700
27 5 21 05 25 30919.00000 60.59700000 2196.12000 151.74000 25.51400 118.69700
27 5 21 05 26 30865.50000 60.57000000 2193.00000 151.74000 25.51400 118.69700
27 5 21 05 26 30901.40000 60.57000000 2197.44000 151.66000 25.51400 118.69700
27 5 21 05 27 30889.00000 60.57000000 2198.71000 151.66000 25.51400 118.69700
27 5 21 05 27 30905.30000 60.57000000 2201.17000 151.66000 25.51400 118.69700
27 5 21 05 28 30905.30000 60.57000000 2195.58000 151.53000 25.51400 118.69700
27 5 21 05 28 30921.80000 60.57000000 2200.00000 151.81000 25.51400 118.69700
27 5 21 05 28 30921.50000 60.57000000 2199.13000 151.93000 25.51400 118.69700
27 5 21 05 29 30907.60000 60.57000000 2197.36000 151.86000 25.51400 118.69700
27 5 21 05 29 30954.50000 60.57000000 2200.00000 151.86000 25.51400 118.69700
27 5 21 05 30 30919.10000 60.57000000 2200.00000 151.86000 25.51400 118.69700
27 5 21 05 30 30919.20000 60.57000000 2200.00000 151.86000 25.51400 118.69700
27 5 21 05 31 30986.20000 60.83000000 2203.96000 151.86000 25.51400 118.69700
27 5 21 05 31 31013.30000 60.83000000 2207.26000 152.53000 25.51400 118.69700
27 5 21 05 31 30997.90000 61.00400000 2207.99000 152.53000 25.51400 118.69700
27 5 21 05 32 31025.50000 61.00400000 2208.74000 152.57000 25.51400 118.69700
27 5 21 05 32 31000.50000 61.00400000 2208.55000 152.57000 25.51400 118.69700
27 5 21 05 33 31009.90000 61.00400000 2207.73000 152.40000 25.51400 118.69700
27 5 21 05 33 31020.00000 61.02600000 2210.00000 152.40000 25.51400 118.69700
27 5 21 05 34 31019.90000 61.02600000 2210.35000 152.40000 25.51400 118.69700
27 5 21 05 34 31049.60000 61.02600000 2210.34000 152.40000 25.51400 118.69700
27 5 21 05 34 31039.10000 61.02600000 2209.00000 152.40000 25.51400 118.69700
27 5 21 05 35 30982.80000 60.79000000 2203.51000 151.87000 25.51400 118.69700
27 5 21 05 35 30960.00000 60.59200000 2202.10000 151.70000 25.51400 118.28800
27 5 21 05 36 30999.90000 60.59200000 2205.06000 151.97000 25.51400 118.28800
27 5 21 05 36 30976.20000 60.59200000 2205.06000 151.97000 25.51400 118.28800
27 5 21 05 37 30981.80000 60.59200000 2203.78000 151.93000 25.51400 118.28800
27 5 21 05 37 30961.90000 60.59200000 2203.78000 151.93000 25.51400 118.28800
27 5 21 05 37 30999.70000 60.59200000 2208.92000 151.83000 25.51400 118.69700
27 5 21 05 38 30980.50000 60.87300000 2203.47000 151.86000 25.51400 118.89900
27 5 21 05 38 30982.30000 60.87300000 2203.16000 151.58000 25.51400 118.89900
27 5 21 05 39 30982.40000 60.87300000 2204.06000 151.70000 25.51400 118.89900
27 5 21 05 39 30982.40000 60.87300000 2201.92000 151.70000 25.51400 118.89900
27 5 21 05 40 30970.00000 60.73600000 2199.27000 151.50000 25.51400 118.89900
