M=[
14 9 20 22 42 9003.50000 4.97600000 315.01000 41.17000 14.88700 53.40000
14 9 20 22 43 9001.20000 4.97600000 314.21000 41.03000 14.88700 53.40000
14 9 20 22 43 9009.90000 4.97600000 315.28000 41.03000 14.88700 53.40000
14 9 20 22 44 9009.90000 4.97600000 315.21000 41.03000 14.88700 53.40000
14 9 20 22 44 9005.10000 4.97600000 314.87000 41.03000 14.88700 53.40000
14 9 20 22 45 9001.30000 4.97600000 314.87000 41.03000 14.88700 53.40000
14 9 20 22 45 9004.30000 5.00300000 314.96000 41.03000 14.88700 53.40000
14 9 20 22 46 9004.30000 5.01200000 314.96000 41.03000 14.88700 53.40000
14 9 20 22 46 9006.70000 5.01700000 314.96000 41.03000 14.88700 53.40000
14 9 20 22 46 9009.90000 5.01700000 314.96000 41.03000 14.88700 53.40000
14 9 20 22 47 9009.90000 5.01700000 315.44000 41.03000 14.88700 53.40000
14 9 20 22 47 9009.90000 5.04100000 315.44000 41.03000 14.88700 53.40000
14 9 20 22 48 9001.20000 5.04100000 314.78000 41.03000 14.88700 53.40000
14 9 20 22 48 9005.70000 5.04100000 314.72000 41.03000 14.88600 53.40000
14 9 20 22 49 9005.60000 5.01700000 314.96000 41.03000 14.88700 53.40000
14 9 20 22 49 9005.40000 5.01700000 314.96000 41.03000 14.88700 53.40000
14 9 20 22 49 9005.40000 5.01700000 314.70000 41.03000 14.88700 53.40000
14 9 20 22 50 9003.40000 5.01700000 314.71000 41.03000 14.88600 53.40000
14 9 20 22 50 9003.40000 5.01700000 314.71000 41.03000 14.88700 53.40000
14 9 20 22 51 9008.60000 5.01700000 314.80000 41.03000 14.78200 53.40000
14 9 20 22 51 9008.60000 5.01700000 314.83000 41.03000 14.78200 53.40000
14 9 20 22 52 9008.60000 5.01700000 314.70000 41.07000 14.78200 53.40000
14 9 20 22 52 9001.30000 5.01700000 313.82000 41.07000 14.78200 53.12800
14 9 20 22 52 9000.00000 5.01700000 313.82000 41.07000 14.78200 53.09900
14 9 20 22 53 8998.70000 5.01700000 313.82000 41.07000 14.78200 53.09900
14 9 20 22 53 8998.60000 5.01700000 314.44000 41.07000 14.78200 53.09900
14 9 20 22 54 8998.70000 5.01700000 314.48000 41.02000 14.78200 53.09900
14 9 20 22 54 8998.70000 5.01700000 314.48000 41.02000 14.78200 53.09900
14 9 20 22 55 8998.70000 5.01700000 314.31000 41.02000 14.78200 53.09900
14 9 20 22 55 9005.20000 5.01700000 314.35000 41.02000 14.78200 53.09900
14 9 20 22 56 9007.20000 5.01700000 314.72000 41.02000 14.78200 53.09900
14 9 20 22 56 9007.30000 5.01700000 314.72000 41.02000 14.78200 53.09900
14 9 20 22 56 8999.50000 5.01700000 314.69000 41.02000 14.78200 53.09900
14 9 20 22 57 8997.40000 5.00200000 313.94000 41.02000 14.78200 53.09900
14 9 20 22 57 8997.40000 5.00200000 313.99000 41.02000 14.78200 53.03700
14 9 20 22 58 8994.10000 5.00000000 313.67000 41.02000 14.78200 53.03700
14 9 20 22 58 8994.00000 5.01300000 313.67000 41.02000 14.78200 53.03700
14 9 20 22 59 8990.30000 5.01300000 313.78000 41.02000 14.78200 53.03700
14 9 20 22 59 8994.50000 5.01300000 313.78000 41.02000 14.78200 53.03700
14 9 20 23 00 8990.70000 5.01300000 313.78000 41.02000 14.78200 53.03700
14 9 20 23 00 8990.30000 4.99700000 313.88000 41.02000 14.78200 53.03700
14 9 20 23 01 8991.30000 4.99700000 313.88000 41.02000 14.78200 53.03700
14 9 20 23 01 8992.00000 4.99700000 313.82000 41.02000 14.78200 52.96000
14 9 20 23 01 8991.90000 4.99700000 313.82000 41.02000 14.78200 52.96000
14 9 20 23 02 8991.80000 4.99700000 314.19000 41.02000 14.78200 52.96000
14 9 20 23 02 8993.90000 4.99700000 314.84000 41.02000 14.78100 52.96000
14 9 20 23 03 8996.00000 4.99700000 314.84000 41.02000 14.78100 52.96000
14 9 20 23 03 9005.20000 4.99700000 315.02000 41.02000 14.78100 52.96000
14 9 20 23 04 9005.10000 4.99700000 315.11000 41.02000 14.78100 52.96000
14 9 20 23 04 8996.70000 4.99700000 315.06000 41.02000 14.78100 52.96000
14 9 20 23 05 9000.20000 4.99700000 315.06000 41.02000 14.78100 52.96000
14 9 20 23 05 8999.50000 4.99700000 314.69000 41.02000 14.78100 52.96000
14 9 20 23 05 8999.10000 4.99700000 314.56000 41.02000 14.68600 52.96000
14 9 20 23 06 8987.50000 4.97000000 314.56000 41.02000 14.62400 52.96000
14 9 20 23 06 8990.50000 4.97000000 314.45000 41.02000 14.62100 52.96000
14 9 20 23 07 8992.60000 4.97000000 314.46000 41.02000 14.62100 52.96000
14 9 20 23 07 8992.40000 4.97000000 314.45000 41.02000 14.62100 52.96000
14 9 20 23 08 8987.80000 4.97000000 314.45000 41.02000 14.62100 52.96000
14 9 20 23 08 8987.90000 4.97000000 314.11000 41.02000 14.62100 52.96000
14 9 20 23 09 8987.20000 4.96800000 313.78000 41.02000 14.62100 52.96000
14 9 20 23 09 8987.30000 4.96800000 313.79000 41.02000 14.62100 52.96000
14 9 20 23 09 8987.20000 4.96800000 313.82000 41.02000 14.62100 52.96000
14 9 20 23 10 8987.30000 4.96800000 314.00000 41.07000 14.62100 52.96000
14 9 20 23 10 8987.10000 4.96800000 314.00000 41.07000 14.62100 52.96000
14 9 20 23 11 8987.20000 4.96800000 314.00000 41.07000 14.62100 52.96000
14 9 20 23 11 8987.20000 4.96800000 313.87000 41.07000 14.62100 52.96000
14 9 20 23 12 8987.20000 4.96800000 313.87000 41.07000 14.62100 52.96000
14 9 20 23 12 8986.10000 4.96800000 314.00000 41.07000 14.62100 52.96000
14 9 20 23 12 8984.90000 4.96800000 314.00000 41.07000 14.62100 52.96000
14 9 20 23 13 8984.90000 4.96800000 313.94000 41.07000 14.62100 52.96000
14 9 20 23 13 8984.90000 4.96800000 313.94000 41.07000 14.62100 52.96000
14 9 20 23 14 8984.10000 4.96800000 313.94000 41.07000 14.62100 52.96000
14 9 20 23 14 8984.20000 4.96800000 314.31000 41.07000 14.62100 53.25100
14 9 20 23 15 8987.80000 4.96800000 314.31000 41.07000 14.62100 53.25100
14 9 20 23 15 8992.00000 4.96800000 314.31000 41.07000 14.62100 53.25100
14 9 20 23 15 8988.60000 4.96800000 314.31000 41.07000 14.62100 53.25100
14 9 20 23 16 8988.60000 4.96800000 314.31000 41.07000 14.62100 53.25100
14 9 20 23 16 8988.00000 4.96800000 314.31000 41.07000 14.62100 53.25100
14 9 20 23 17 8988.00000 4.96800000 314.31000 41.07000 14.62100 53.25100
14 9 20 23 17 8986.00000 4.96800000 314.59000 41.07000 14.62100 53.25100
14 9 20 23 18 8986.00000 4.96800000 314.59000 41.07000 14.62100 53.25100
14 9 20 23 18 8986.80000 4.96800000 314.59000 41.07000 14.62100 53.25100
14 9 20 23 18 8986.70000 4.96800000 314.70000 41.07000 14.62100 53.25100
14 9 20 23 19 8986.80000 4.96800000 314.79000 41.07000 14.62100 53.25100
14 9 20 23 19 8986.80000 4.96800000 314.79000 41.07000 14.62100 53.25100
14 9 20 23 20 8982.50000 4.96800000 314.51000 41.07000 14.62100 53.25100
14 9 20 23 20 8980.70000 4.96800000 314.51000 41.07000 14.62100 53.25100
14 9 20 23 21 8980.80000 4.98100000 314.51000 41.07000 14.62100 53.17400
14 9 20 23 21 8980.80000 4.99000000 314.46000 41.07000 14.62100 53.17400
14 9 20 23 21 8980.80000 4.99000000 314.46000 41.07000 14.62100 53.17400
14 9 20 23 22 8980.70000 4.99000000 314.46000 41.07000 14.62100 53.17400
14 9 20 23 22 8980.80000 4.99000000 314.42000 41.07000 14.62100 53.17400
14 9 20 23 23 8980.80000 4.99000000 314.29000 41.07000 14.62100 53.17400
14 9 20 23 23 8980.70000 4.99000000 314.29000 41.07000 14.62100 53.17400
14 9 20 23 24 8978.90000 4.99000000 314.29000 41.07000 14.62100 53.17400
14 9 20 23 24 8978.90000 4.99000000 314.29000 41.07000 14.62100 53.17400
14 9 20 23 25 8978.10000 4.99000000 314.29000 41.07000 14.62100 53.17400
14 9 20 23 25 8977.30000 4.99000000 314.25000 41.07000 14.62100 53.17400
14 9 20 23 25 8977.20000 4.99000000 314.25000 41.07000 14.62100 53.17400
14 9 20 23 26 8977.20000 4.99000000 314.25000 41.07000 14.62100 53.17400
14 9 20 23 26 8977.20000 4.99000000 314.25000 41.07000 14.62100 53.17400
14 9 20 23 27 8977.30000 4.99000000 314.25000 41.07000 14.62100 53.17400
14 9 20 23 27 8977.30000 4.99000000 314.25000 41.07000 14.62100 53.17400
14 9 20 23 28 8977.90000 4.99000000 314.25000 41.07000 14.62100 53.17400
14 9 20 23 28 8979.00000 4.99000000 314.73000 41.07000 14.62100 53.17400
14 9 20 23 28 8985.00000 4.99000000 315.24000 41.07000 14.62100 53.17400
14 9 20 23 29 8990.00000 4.99000000 316.35000 41.07000 14.62100 53.17400
14 9 20 23 29 8992.00000 4.99000000 316.38000 41.07000 14.62100 53.17400
14 9 20 23 30 8991.90000 4.99000000 316.37000 41.07000 14.62100 53.17400
