M=[
12 7 21 00 27 28785.90000 42.08400000 1796.55000 113.12000 17.08100 93.18900
12 7 21 00 28 28791.90000 42.08400000 1796.55000 113.12000 17.08100 93.18900
12 7 21 00 28 28791.90000 42.08400000 1796.55000 113.12000 17.08100 93.18900
12 7 21 00 28 28791.90000 42.08400000 1796.55000 113.12000 17.08100 93.18900
12 7 21 00 29 28791.90000 42.08400000 1796.55000 113.12000 17.08100 93.18900
12 7 21 00 29 28791.90000 42.08400000 1798.23000 113.12000 17.08100 93.18900
12 7 21 00 30 28791.90000 42.08400000 1798.46000 113.22000 17.08100 93.18900
12 7 21 00 30 28820.70000 42.08400000 1800.89000 113.22000 17.08100 93.18900
12 7 21 00 31 28799.80000 42.08400000 1799.74000 113.22000 17.08100 93.18900
12 7 21 00 31 28806.30000 42.08400000 1800.01000 113.22000 17.08100 93.18900
12 7 21 00 31 28806.30000 42.08400000 1800.01000 113.33000 17.08100 93.18900
12 7 21 00 32 28820.50000 42.08400000 1800.44000 113.48000 17.08100 93.18900
12 7 21 00 32 28819.20000 42.08400000 1800.44000 113.42000 17.08100 93.18900
12 7 21 00 33 28819.20000 42.08400000 1800.44000 113.42000 17.08100 93.18900
12 7 21 00 33 28814.80000 42.08400000 1800.44000 113.42000 17.08100 93.18900
12 7 21 00 34 28814.80000 42.08400000 1800.44000 113.65000 17.08100 93.18900
12 7 21 00 34 28820.60000 42.08400000 1800.57000 113.68000 17.08100 93.18900
12 7 21 00 34 28820.60000 42.08400000 1800.57000 113.68000 17.08100 93.18900
12 7 21 00 35 28828.60000 42.08400000 1800.57000 113.65000 17.08100 93.18900
12 7 21 00 35 28828.60000 42.08400000 1800.57000 113.64000 17.08100 93.18900
12 7 21 00 36 28847.70000 42.08400000 1800.57000 113.62000 17.08100 93.18900
12 7 21 00 36 28863.90000 42.08400000 1800.57000 113.62000 17.08100 93.18900
12 7 21 00 37 28855.20000 42.08400000 1802.38000 113.62000 17.08100 93.18900
12 7 21 00 37 28855.20000 42.08400000 1802.38000 113.71000 17.08100 93.18900
12 7 21 00 37 28863.60000 42.08400000 1802.38000 113.71000 17.08100 93.18900
12 7 21 00 38 28852.60000 42.08400000 1802.38000 113.71000 17.08100 93.18900
12 7 21 00 38 28852.10000 42.08400000 1802.38000 113.71000 17.08100 93.18900
12 7 21 00 39 28852.10000 42.08400000 1802.38000 113.71000 17.08100 93.18900
12 7 21 00 39 28846.10000 42.08400000 1801.86000 113.71000 17.08100 93.18900
12 7 21 00 40 28847.30000 42.08400000 1800.58000 113.71000 17.08100 93.18900
12 7 21 00 40 28841.20000 42.08400000 1800.77000 113.71000 17.08100 93.18900
12 7 21 00 40 28841.20000 42.08400000 1800.52000 113.63000 17.08100 93.18900
12 7 21 00 41 28846.90000 42.08400000 1800.52000 113.63000 17.08100 93.18900
12 7 21 00 41 28846.90000 42.08400000 1800.52000 113.63000 17.08100 93.18900
12 7 21 00 42 28840.70000 42.08400000 1800.52000 113.58000 17.08100 93.18900
12 7 21 00 42 28840.70000 42.08400000 1800.52000 113.58000 17.08100 93.18900
12 7 21 00 43 28840.70000 42.08400000 1800.80000 113.58000 17.08100 93.18900
12 7 21 00 43 28831.30000 42.08400000 1800.80000 113.58000 17.08100 93.18900
12 7 21 00 43 28844.40000 42.08400000 1798.02000 113.58000 17.08100 93.18900
12 7 21 00 44 28829.10000 42.08400000 1798.02000 113.58000 17.08100 93.18900
12 7 21 00 44 28829.10000 42.08400000 1798.51000 113.48000 17.08100 93.18900
12 7 21 00 45 28829.10000 41.99100000 1797.50000 113.48000 17.08100 93.18900
12 7 21 00 45 28821.40000 41.99100000 1795.91000 113.48000 17.08100 93.18900
12 7 21 00 46 28821.40000 41.99100000 1795.91000 113.48000 17.08100 93.18900
12 7 21 00 46 28821.40000 41.99100000 1795.91000 113.48000 17.08100 93.18900
12 7 21 00 47 28821.40000 41.99100000 1795.91000 113.48000 17.08100 93.18900
12 7 21 00 47 28821.30000 41.99100000 1795.91000 113.23000 17.08100 93.18900
12 7 21 00 47 28821.30000 41.99100000 1796.06000 113.23000 17.08100 93.18900
12 7 21 00 48 28810.00000 41.99100000 1794.08000 113.23000 17.08100 93.18900
12 7 21 00 48 28810.00000 41.91900000 1794.08000 113.23000 17.08100 93.18900
12 7 21 00 49 28790.80000 41.91900000 1794.25000 113.23000 17.08100 93.18900
12 7 21 00 49 28790.80000 41.91900000 1794.21000 113.23000 17.08100 93.18900
12 7 21 00 50 28786.50000 41.91900000 1794.72000 113.09000 17.08100 93.18900
12 7 21 00 50 28781.90000 41.91900000 1794.72000 113.09000 17.08100 93.18900
12 7 21 00 50 28781.90000 41.91900000 1794.72000 113.09000 17.08100 93.18900
12 7 21 00 51 28783.90000 41.91900000 1794.56000 113.09000 17.08100 93.18900
12 7 21 00 51 28778.90000 41.91900000 1794.53000 113.09000 17.08100 93.18900
12 7 21 00 52 28772.40000 41.91900000 1794.13000 113.09000 17.08100 93.18900
12 7 21 00 52 28772.80000 41.91900000 1794.13000 113.09000 17.08100 93.18900
12 7 21 00 53 28772.80000 41.91900000 1794.13000 113.09000 17.08100 93.18900
12 7 21 00 53 28772.80000 41.91900000 1794.13000 113.09000 17.08100 93.18900
12 7 21 00 53 28772.80000 41.91900000 1794.13000 113.09000 17.08100 93.18900
12 7 21 00 54 28772.80000 41.91900000 1794.57000 113.09000 17.08100 93.18900
12 7 21 00 54 28783.00000 41.91900000 1796.16000 113.09000 17.08100 93.18900
12 7 21 00 55 28783.00000 41.91900000 1796.16000 113.09000 17.08100 93.18900
12 7 21 00 55 28783.00000 41.91900000 1795.54000 113.09000 17.08100 93.18900
12 7 21 00 56 28783.00000 41.91900000 1795.54000 113.09000 17.08100 93.18900
12 7 21 00 56 28783.00000 41.91900000 1797.10000 113.09000 17.08100 93.18900
12 7 21 00 56 28783.00000 41.91900000 1797.10000 113.09000 17.08100 93.18900
12 7 21 00 57 28783.00000 41.91900000 1797.93000 113.09000 17.08100 93.18900
12 7 21 00 57 28783.00000 41.91900000 1798.49000 113.11000 17.08100 93.18900
12 7 21 00 58 28783.00000 41.91900000 1797.72000 113.11000 17.08100 93.18900
12 7 21 00 58 28783.00000 41.91900000 1796.89000 113.11000 17.08100 93.18900
12 7 21 00 59 28783.00000 41.91900000 1796.89000 113.11000 17.08100 93.18900
12 7 21 00 59 28783.00000 41.91900000 1796.89000 113.11000 17.08100 93.18900
12 7 21 00 59 28783.00000 41.91900000 1796.89000 112.94000 17.08100 93.18900
12 7 21 01 00 28782.90000 41.91900000 1795.16000 112.94000 17.08100 93.18900
12 7 21 01 00 28782.90000 41.91900000 1795.16000 112.94000 17.08100 93.18900
12 7 21 01 01 28782.90000 41.91900000 1795.16000 112.94000 17.08100 93.18900
12 7 21 01 01 28783.00000 41.91900000 1795.16000 112.94000 17.08100 93.18900
12 7 21 01 02 28783.00000 41.91900000 1797.37000 112.94000 17.08100 93.18900
12 7 21 01 02 28783.00000 41.91900000 1797.37000 112.99000 17.08100 93.18900
12 7 21 01 03 28781.20000 41.91900000 1794.55000 112.99000 17.08100 93.18900
12 7 21 01 03 28742.10000 41.91900000 1794.55000 112.99000 17.08100 93.18900
12 7 21 01 03 28725.10000 41.91900000 1792.00000 112.99000 17.08100 93.09300
12 7 21 01 04 28707.80000 41.76400000 1792.94000 112.99000 17.08100 93.09300
12 7 21 01 04 28710.00000 41.76400000 1792.94000 112.99000 17.08100 93.09300
12 7 21 01 05 28718.00000 41.76400000 1792.94000 112.78000 17.08100 93.09300
12 7 21 01 05 28724.90000 41.76400000 1794.05000 112.78000 17.08100 93.09300
12 7 21 01 06 28724.90000 41.76400000 1794.44000 112.78000 17.08100 93.09300
12 7 21 01 06 28740.00000 41.76400000 1794.44000 112.78000 17.08100 93.09300
12 7 21 01 06 28740.00000 41.76400000 1795.19000 112.78000 17.08100 93.09300
12 7 21 01 07 28735.10000 41.76400000 1795.19000 112.78000 17.08100 93.09300
12 7 21 01 07 28739.90000 41.76400000 1795.19000 112.78000 17.08100 93.09300
12 7 21 01 08 28740.00000 41.76400000 1795.18000 112.78000 17.08100 93.09300
12 7 21 01 08 28740.00000 41.76400000 1795.19000 112.78000 17.08100 93.09300
12 7 21 01 09 28739.90000 41.76400000 1795.19000 112.78000 17.08100 93.09300
12 7 21 01 09 28739.90000 41.76400000 1795.19000 112.78000 17.08100 93.09300
12 7 21 01 09 28739.90000 41.76400000 1795.19000 112.78000 17.08100 93.09300
12 7 21 01 10 28740.00000 41.76400000 1795.19000 112.78000 17.08100 93.09300
12 7 21 01 10 28740.00000 41.76400000 1795.19000 112.78000 17.08100 93.09300
12 7 21 01 11 28740.00000 41.76400000 1795.18000 112.83000 17.08100 93.09300
12 7 21 01 11 28743.20000 41.76400000 1795.18000 112.83000 17.08100 93.09300
