M=[
16 6 21 07 26 33205.40000 47.90900000 2092.97000 144.17000 20.52800 115.01600
16 6 21 07 27 33229.80000 47.90900000 2093.50000 144.23000 20.52800 115.01600
16 6 21 07 27 33225.00000 47.90900000 2093.47000 144.30000 20.52800 115.01600
16 6 21 07 28 33225.40000 47.90900000 2093.28000 144.21000 20.52800 115.14600
16 6 21 07 28 33225.30000 47.90900000 2093.44000 144.24000 20.52800 115.14600
16 6 21 07 29 33222.90000 47.90900000 2093.08000 144.24000 20.52800 115.14600
16 6 21 07 29 33226.30000 47.90900000 2093.27000 144.37000 20.52800 115.15400
16 6 21 07 29 33221.50000 47.86100000 2093.27000 144.37000 20.52800 115.15400
16 6 21 07 30 33213.10000 47.86100000 2093.89000 144.37000 20.52800 115.15400
16 6 21 07 30 33213.00000 47.86100000 2093.50000 144.38000 20.52800 115.15400
16 6 21 07 31 33207.70000 47.86100000 2093.50000 144.38000 20.52900 115.15400
16 6 21 07 31 33207.70000 47.86100000 2093.51000 144.38000 20.52900 115.15400
16 6 21 07 32 33205.30000 47.86100000 2093.58000 144.38000 20.52900 115.15400
16 6 21 07 32 33190.00000 47.86100000 2093.30000 144.37000 20.52900 115.15400
16 6 21 07 32 33190.00000 47.86100000 2093.27000 144.37000 20.52900 115.15400
16 6 21 07 33 33187.80000 47.86100000 2093.27000 144.37000 20.52900 115.15400
16 6 21 07 33 33171.10000 47.86100000 2092.90000 144.19000 20.52900 115.15400
16 6 21 07 34 33164.90000 47.86100000 2092.90000 144.18000 20.52900 115.15400
16 6 21 07 34 33164.90000 47.86100000 2092.05000 144.18000 20.52900 115.15400
16 6 21 07 35 33165.70000 47.86100000 2092.05000 144.18000 20.52900 115.15400
16 6 21 07 35 33165.00000 47.86100000 2092.27000 144.18000 20.46100 115.15400
16 6 21 07 35 33164.90000 47.86100000 2092.55000 144.22000 20.46100 115.04000
16 6 21 07 36 33170.80000 47.86100000 2093.72000 144.37000 20.46100 115.04000
16 6 21 07 36 33206.00000 47.86100000 2094.09000 144.30000 20.46100 115.04000
16 6 21 07 37 33205.50000 47.86100000 2093.83000 144.30000 20.46100 115.04000
16 6 21 07 37 33207.70000 47.86100000 2094.68000 144.30000 20.46100 115.04000
16 6 21 07 38 33207.70000 47.86100000 2094.53000 144.30000 20.46100 115.04000
16 6 21 07 38 33207.60000 47.86100000 2093.92000 144.18000 20.46100 115.04000
16 6 21 07 38 33207.70000 47.86100000 2093.92000 144.18000 20.46100 115.04000
16 6 21 07 39 33207.70000 47.86100000 2093.92000 144.18000 20.46100 115.04000
16 6 21 07 39 33207.70000 47.86100000 2093.92000 144.18000 20.46100 115.04000
16 6 21 07 40 33207.60000 47.86100000 2093.97000 144.18000 20.46100 115.04000
16 6 21 07 40 33207.70000 47.86100000 2093.97000 144.18000 20.46100 115.04000
16 6 21 07 41 33207.60000 47.86100000 2094.27000 144.18000 20.46100 115.04000
16 6 21 07 41 33207.60000 47.86100000 2094.30000 144.18000 20.46100 115.04000
16 6 21 07 41 33207.70000 47.86100000 2094.26000 144.35000 20.46100 115.08200
16 6 21 07 42 33207.60000 47.86100000 2094.04000 144.34000 20.46100 115.08200
16 6 21 07 42 33207.60000 47.86100000 2094.04000 144.34000 20.46100 115.08200
16 6 21 07 43 33207.60000 47.86100000 2093.98000 144.34000 20.46100 115.08200
16 6 21 07 43 33207.70000 47.86100000 2093.97000 144.20000 20.46100 115.08200
16 6 21 07 44 33182.60000 47.86100000 2091.71000 144.20000 20.46100 115.08200
16 6 21 07 44 33177.20000 47.86100000 2092.29000 144.21000 20.46100 115.08200
16 6 21 07 44 33183.20000 47.86100000 2092.53000 144.21000 20.46100 115.08200
16 6 21 07 45 33207.00000 47.86100000 2092.53000 144.32000 20.46100 115.14200
16 6 21 07 45 33207.00000 47.86100000 2094.24000 144.32000 20.46100 115.14200
16 6 21 07 46 33207.00000 47.86100000 2094.39000 144.32000 20.46100 115.14200
16 6 21 07 46 33207.00000 47.86100000 2094.39000 144.31000 20.46100 115.14200
16 6 21 07 47 33207.00000 47.86100000 2094.23000 144.31000 20.46100 115.18300
16 6 21 07 47 33206.80000 47.86100000 2094.01000 144.26000 20.46100 115.18300
16 6 21 07 47 33206.90000 47.86100000 2094.00000 144.19000 20.46100 115.18300
16 6 21 07 48 33201.10000 47.86100000 2092.59000 144.16000 20.46100 115.18300
16 6 21 07 48 33201.00000 47.86100000 2092.73000 144.16000 20.46100 115.18300
16 6 21 07 49 33201.10000 47.86100000 2092.51000 144.16000 20.46100 115.18300
16 6 21 07 49 33192.70000 47.90400000 2092.51000 144.17000 20.46100 115.18300
16 6 21 07 50 33192.70000 47.90400000 2092.58000 144.20000 20.46100 115.18300
16 6 21 07 50 33192.60000 47.90400000 2092.76000 144.20000 20.46100 115.18300
16 6 21 07 50 33192.60000 47.90400000 2092.76000 144.23000 20.46100 115.18300
16 6 21 07 51 33186.60000 47.90400000 2093.19000 144.23000 20.46100 115.18300
16 6 21 07 51 33186.60000 47.90400000 2092.82000 144.23000 20.46100 115.18300
16 6 21 07 52 33182.00000 47.90400000 2092.52000 144.23000 20.46100 115.18300
16 6 21 07 52 33177.80000 47.90400000 2092.34000 144.23000 20.46100 115.18300
16 6 21 07 53 33169.30000 47.90400000 2092.34000 144.23000 20.46100 115.18300
16 6 21 07 53 33178.20000 47.90400000 2091.39000 144.23000 20.46100 115.18300
16 6 21 07 53 33180.10000 47.90400000 2091.39000 144.23000 20.46100 115.18300
16 6 21 07 54 33170.10000 47.90400000 2091.47000 144.23000 20.47000 115.18300
16 6 21 07 54 33165.00000 47.89900000 2091.46000 144.23000 20.47000 115.18300
16 6 21 07 55 33164.70000 47.89900000 2091.29000 144.23000 20.47000 115.18300
16 6 21 07 55 33148.30000 47.89900000 2090.01000 144.23000 20.47000 114.69700
16 6 21 07 56 33148.20000 47.89900000 2089.64000 144.23000 20.47000 114.69700
16 6 21 07 56 33148.30000 47.89900000 2089.64000 143.99000 20.47000 114.69700
16 6 21 07 56 33155.10000 47.89900000 2089.00000 144.09000 20.47000 114.69700
16 6 21 07 57 33085.30000 47.89900000 2086.45000 143.86000 20.47000 114.69700
16 6 21 07 57 33042.60000 47.89900000 2085.71000 143.75000 20.47000 114.69700
16 6 21 07 58 33074.20000 47.89900000 2085.88000 143.75000 20.47000 114.69700
16 6 21 07 58 33080.00000 47.89900000 2086.80000 143.75000 20.47000 114.69700
16 6 21 07 59 33090.00000 47.89900000 2086.86000 143.75000 20.47000 114.69700
16 6 21 07 59 33089.90000 47.89900000 2085.39000 143.75000 20.47000 114.69700
16 6 21 07 59 33090.20000 47.89900000 2085.38000 143.75000 20.47000 114.69700
16 6 21 08 00 33090.20000 47.89900000 2085.51000 143.76000 20.47000 114.69700
16 6 21 08 00 33086.00000 47.89900000 2086.50000 143.76000 20.47000 114.69700
16 6 21 08 01 33084.30000 47.89900000 2086.49000 143.76000 20.47000 114.69700
16 6 21 08 01 33086.00000 47.89900000 2087.39000 143.76000 20.47000 114.69700
16 6 21 08 02 33075.00000 47.89900000 2087.39000 143.76000 20.47000 114.69700
16 6 21 08 02 33086.00000 47.89900000 2087.39000 143.94000 20.47000 114.69700
16 6 21 08 02 33086.00000 47.89900000 2087.39000 144.03000 20.47000 114.69700
16 6 21 08 03 33086.10000 47.89900000 2087.10000 144.03000 20.47000 114.69700
16 6 21 08 03 33127.80000 47.89900000 2087.50000 144.09000 20.47000 114.69700
16 6 21 08 04 33127.80000 47.89900000 2088.09000 144.09000 20.47000 114.69700
16 6 21 08 04 33127.90000 47.86900000 2088.10000 144.09000 20.47000 114.69700
16 6 21 08 05 33153.20000 47.86900000 2088.10000 144.30000 20.47000 114.69700
16 6 21 08 05 33150.00000 47.86900000 2089.10000 144.42000 20.47000 114.69700
16 6 21 08 05 33146.80000 47.86900000 2089.09000 144.42000 20.47000 114.69700
16 6 21 08 06 33155.40000 47.90400000 2089.10000 144.66000 20.47000 115.01000
16 6 21 08 06 33153.80000 47.90400000 2089.09000 144.84000 20.47000 115.01000
16 6 21 08 07 33157.20000 47.90400000 2090.10000 144.90000 20.47000 115.36200
16 6 21 08 07 33157.20000 47.90400000 2090.09000 145.61000 20.47000 115.36200
16 6 21 08 08 33155.50000 47.90400000 2090.09000 145.57000 20.47000 115.96000
16 6 21 08 08 33161.30000 47.90400000 2092.50000 145.65000 20.47000 116.00000
16 6 21 08 08 33170.20000 47.90400000 2093.22000 146.22000 20.47000 116.26100
16 6 21 08 09 33169.70000 47.90400000 2093.22000 146.09000 20.47000 116.56200
16 6 21 08 09 33198.60000 47.90400000 2092.47000 146.02000 20.47000 116.77800
16 6 21 08 10 33164.90000 47.90400000 2093.60000 146.04000 20.47000 117.99200
