M=[
13 1 17 05 27 744.35800 1.11510000 8.99900 3.67918 3.94000 40.44263
13 1 17 05 24 744.24400 1.11510000 8.99900 3.67918 3.94000 40.44263
13 1 17 05 28 744.24400 1.11510000 8.99900 3.67918 3.94000 40.44263
13 1 17 05 25 743.90400 1.11510000 8.99900 3.67918 3.94000 40.44263
13 1 17 05 26 743.79000 1.11510000 9.00900 3.67918 3.94000 40.44263
13 1 17 05 29 741.47100 1.11510000 9.00900 3.67918 3.94000 40.44263
13 1 17 05 29 741.47100 1.11510000 9.00900 3.67918 3.94000 40.44263
13 1 17 05 27 741.47100 1.11510000 9.00900 3.67918 3.94000 40.44263
13 1 17 05 28 741.47100 1.11510000 9.00900 3.67918 3.94000 40.44263
13 1 17 05 30 743.89900 1.11510000 9.00900 3.67918 3.94000 40.44263
13 1 17 05 31 743.89900 1.11510000 9.00900 3.67918 3.94000 40.44263
13 1 17 05 31 744.00000 1.11510000 9.00900 3.67918 3.94000 40.44263
13 1 17 05 32 744.00000 1.11510000 9.00900 3.67918 3.94000 40.44263
13 1 17 05 30 741.51400 1.11510000 9.00900 3.67918 3.94000 40.44263
13 1 17 05 30 744.87900 1.11510000 9.00900 3.67918 3.99106 40.44263
13 1 17 05 31 744.87400 1.11510000 9.00900 3.67918 3.99106 40.44263
13 1 17 05 34 745.00000 1.11510000 9.00900 3.67918 3.99106 40.44263
13 1 17 05 34 745.00000 1.11510000 9.00900 3.67918 3.99106 40.44263
13 1 17 05 35 745.00000 1.11510000 9.00900 3.67918 3.99106 40.44263
13 1 17 05 34 744.99800 1.11510000 9.00900 3.67918 3.99106 40.44263
13 1 17 05 33 744.99800 1.11510000 9.00900 3.65000 3.99106 40.44263
13 1 17 05 33 744.99900 1.11510000 9.00900 3.63001 3.99106 40.44263
13 1 17 05 36 744.99900 1.11510000 9.00900 3.63001 3.99106 40.44263
13 1 17 05 34 744.98900 1.11510000 9.00900 3.63001 3.99106 40.44263
13 1 17 05 37 744.98900 1.11510000 9.00900 3.63001 3.99106 40.44263
13 1 17 05 35 744.98900 1.11510000 9.00900 3.63001 3.99106 40.44263
13 1 17 05 38 745.09700 1.11510000 9.00900 3.63001 3.99106 40.44263
13 1 17 05 36 745.09700 1.11510000 9.00900 3.63001 3.99106 40.44263
13 1 17 05 37 744.99300 1.11510000 9.01887 3.63001 3.99106 40.44263
13 1 17 05 37 744.99300 1.11510000 9.01887 3.63001 3.99106 40.10612
13 1 17 05 37 744.99300 1.11510000 9.01887 3.63001 3.99106 40.10612
13 1 17 05 38 744.99300 1.11510000 9.01887 3.63001 3.99106 40.10612
13 1 17 05 38 744.99300 1.12200000 9.01887 3.63001 3.99106 40.10612
13 1 17 05 39 744.99300 1.12200000 9.01887 3.63001 3.99106 40.10612
13 1 17 05 42 744.99300 1.12200000 9.01887 3.63001 3.99106 40.10612
13 1 17 05 40 745.25900 1.12200000 9.01887 3.63001 3.99106 40.10612
13 1 17 05 40 743.00700 1.12200000 9.01887 3.63001 3.99106 40.10612
13 1 17 05 42 745.10400 1.12200000 9.01887 3.63001 3.99106 40.10612
13 1 17 05 44 743.02600 1.12200000 9.01899 3.63001 3.99106 40.10612
13 1 17 05 41 743.00000 1.12200000 9.01899 3.63001 3.99106 40.10612
13 1 17 05 42 744.65700 1.12200000 9.01899 3.63001 3.99106 40.10612
13 1 17 05 42 743.00000 1.12200000 9.01899 3.63001 3.99106 40.10612
13 1 17 05 43 743.00000 1.12200000 9.01899 3.63001 3.99106 40.10612
13 1 17 05 43 743.00000 1.12200000 9.01899 3.63001 3.99106 40.10612
13 1 17 05 46 743.00000 1.12200000 9.01899 3.63001 3.99106 40.10612
13 1 17 05 46 743.00000 1.12200000 9.01899 3.63001 3.99106 40.10612
13 1 17 05 47 743.99500 1.12200000 9.01899 3.63001 3.99106 40.10612
13 1 17 05 47 743.88900 1.12200000 9.01899 3.63001 3.99106 40.10612
13 1 17 05 46 741.96600 1.12200000 9.01899 3.63001 3.99106 40.10612
13 1 17 05 48 744.00000 1.12200000 9.01899 3.63001 3.99106 40.10612
13 1 17 05 46 744.00000 1.12200000 9.01899 3.63001 3.99106 40.10612
13 1 17 05 50 743.66500 1.12200000 9.01899 3.63001 3.99106 40.10612
13 1 17 05 47 743.66500 1.12200000 9.01899 3.63001 3.99106 40.10612
13 1 17 05 48 742.88800 1.12200000 9.01899 3.63001 3.99106 40.10612
13 1 17 05 48 743.66500 1.12200000 9.01899 3.63001 3.99106 40.10612
13 1 17 05 48 744.00000 1.12200000 9.01899 3.63001 3.99106 40.10612
13 1 17 05 52 744.00000 1.12200000 9.01899 3.63001 3.99106 40.10612
13 1 17 05 50 744.00000 1.12200000 9.01899 3.63001 3.99106 40.10612
13 1 17 05 53 744.00000 1.12200000 9.01899 3.63001 3.99106 40.10612
13 1 17 05 50 744.00000 1.12200000 9.01899 3.63001 3.99106 40.10612
13 1 17 05 53 744.00000 1.12200000 9.01899 3.63001 3.99106 40.10612
13 1 17 05 53 743.99800 1.12200000 9.01899 3.63001 3.99106 40.10612
13 1 17 05 54 743.99800 1.12200000 9.01899 3.63001 3.99106 40.10612
13 1 17 05 55 743.01700 1.12200000 9.01899 3.63001 3.99106 40.10612
13 1 17 05 55 744.00000 1.12200000 9.01899 3.63001 3.99106 40.10612
13 1 17 05 53 743.99900 1.12200000 9.01899 3.63001 3.99106 40.10612
13 1 17 05 55 743.99900 1.12200000 9.01899 3.63001 3.99106 40.10612
13 1 17 05 57 743.98900 1.12200000 9.01899 3.63001 3.99106 40.10612
13 1 17 05 56 743.98900 1.12200000 9.01899 3.63001 3.99106 40.10612
13 1 17 05 55 743.98900 1.12200000 9.01899 3.63001 3.99106 40.10612
13 1 17 05 57 743.98900 1.12200000 9.01899 3.63001 3.99106 40.10612
13 1 17 05 58 743.98700 1.12200000 9.01899 3.63001 3.99106 40.10612
13 1 17 05 59 743.98700 1.12200000 9.01899 3.63001 3.99106 40.08002
13 1 17 05 59 743.98700 1.12200000 9.01899 3.63001 3.99106 40.08002
13 1 17 05 57 743.98700 1.12200000 9.01899 3.63001 3.99106 40.08002
13 1 17 05 57 743.98700 1.12200000 9.01899 3.63001 3.99106 40.08002
13 1 17 05 58 743.98900 1.12200000 9.01899 3.63001 3.99106 40.08002
13 1 17 05 59 744.00000 1.12200000 9.01899 3.63001 3.99106 40.08002
13 1 17 05 59 744.00000 1.12200000 9.01899 3.63001 3.99106 40.08002
13 1 17 06 01 744.00000 1.12200000 9.01899 3.63001 3.99106 40.08002
13 1 17 06 00 745.14600 1.12200000 9.01899 3.63001 3.99106 40.08002
13 1 17 06 00 745.26000 1.12200000 9.01899 3.63001 3.99106 40.08002
13 1 17 06 01 745.26000 1.12200000 9.01899 3.63001 3.99106 40.08002
13 1 17 06 03 745.26000 1.12200000 9.01899 3.63001 3.99106 40.08002
13 1 17 06 03 745.26000 1.12200000 9.01899 3.63001 3.99106 40.08002
13 1 17 06 02 745.26000 1.12200000 9.01899 3.63001 3.99106 40.08002
13 1 17 06 05 745.26000 1.12200000 9.01899 3.63001 3.99106 40.08002
13 1 17 06 05 745.26000 1.12200000 9.01899 3.63001 3.99106 40.08002
13 1 17 06 03 745.26000 1.12200000 9.01900 3.63001 3.99106 40.08002
13 1 17 06 07 748.99000 1.12200000 9.02900 3.63001 3.99106 40.08002
13 1 17 06 06 748.98900 1.11850000 9.04900 3.63001 3.99106 40.08002
13 1 17 06 05 748.99000 1.12150000 9.04900 3.63001 3.99106 40.08002
13 1 17 06 08 748.99000 1.12150000 9.04900 3.63001 3.99106 40.08002
13 1 17 06 08 750.39500 1.12150000 9.05900 3.63001 3.99106 40.08002
13 1 17 06 06 750.39000 1.12200000 9.05900 3.63001 3.99106 40.08002
13 1 17 06 07 750.39000 1.12200000 9.05900 3.63001 3.99106 40.08002
13 1 17 06 09 750.33900 1.12200000 9.05900 3.63001 3.99106 40.08002
13 1 17 06 10 750.33600 1.12200000 9.05900 3.63001 3.99106 40.08002
13 1 17 06 08 750.33600 1.12200000 9.05900 3.63001 3.99106 40.08002
13 1 17 06 08 750.33600 1.12200000 9.05900 3.63001 3.99106 40.08002
13 1 17 06 09 750.37800 1.12200000 9.05900 3.63001 3.99106 40.08002
13 1 17 06 12 750.37800 1.12200000 9.09000 3.63001 3.99106 40.08002
13 1 17 06 12 750.37800 1.12200000 9.09000 3.63001 3.99106 40.08002
13 1 17 06 10 747.76400 1.12200000 9.09000 3.63001 3.99106 40.08002
13 1 17 06 13 747.77000 1.12200000 9.09000 3.63001 3.99106 40.08002
13 1 17 06 13 747.77000 1.12200000 9.09000 3.63001 3.99106 40.08002
13 1 17 06 14 752.64900 1.12200000 9.09900 3.63001 3.99106 40.08002
13 1 17 06 14 752.64200 1.12200000 9.08000 3.63001 3.99106 40.08002
13 1 17 06 12 752.64100 1.12200000 9.08000 3.63001 3.99106 40.08002
13 1 17 06 13 752.64100 1.12200000 9.10835 3.63001 3.99106 40.08002
13 1 17 06 16 752.64100 1.12200000 9.10835 3.63001 3.99106 40.08002
13 1 17 06 14 755.18100 1.12200000 9.10835 3.70843 3.99106 40.08002
13 1 17 06 14 752.73000 1.12200000 9.11856 3.70843 3.99106 40.08002
13 1 17 06 14 752.73000 1.12200000 9.08502 3.70843 3.99106 40.08002
13 1 17 06 15 751.99900 1.12200000 9.07101 3.70843 3.99106 40.08002
13 1 17 06 18 750.00100 1.12200000 9.07102 3.70843 3.99106 40.08002
13 1 17 06 19 750.00100 1.12200000 9.07102 3.70843 3.99106 40.08002
