M=[
29 10 20 13 15 11211.80000 4.65100000 328.70000 46.44000 11.47300 47.89400
29 10 20 13 16 11216.00000 4.65100000 328.66000 46.43000 11.47300 47.89400
29 10 20 13 16 11219.30000 4.65100000 328.76000 46.44000 11.47300 47.89400
29 10 20 13 16 11214.10000 4.65100000 328.60000 46.44000 11.42800 47.89400
29 10 20 13 17 11214.50000 4.65100000 328.60000 46.44000 11.41100 47.89400
29 10 20 13 17 11211.90000 4.65100000 328.59000 46.39000 11.41100 47.89400
29 10 20 13 18 11214.00000 4.65100000 328.60000 46.39000 11.41100 47.89400
29 10 20 13 18 11213.00000 4.65100000 328.60000 46.39000 11.48100 47.89400
29 10 20 13 19 11207.30000 4.65800000 328.60000 46.39000 11.48100 47.89400
29 10 20 13 19 11200.50000 4.65800000 328.59000 46.39000 11.48100 47.89400
29 10 20 13 19 11200.60000 4.65800000 328.52000 46.39000 11.48100 47.89400
29 10 20 13 20 11200.60000 4.65800000 328.28000 46.39000 11.41200 47.89400
29 10 20 13 20 11200.50000 4.65800000 328.35000 46.39000 11.41200 47.89400
29 10 20 13 21 11200.50000 4.65800000 328.27000 46.39000 11.41200 47.89400
29 10 20 13 21 11200.50000 4.65800000 328.27000 46.39000 11.41200 47.89400
29 10 20 13 22 11200.40000 4.65800000 328.27000 46.39000 11.41200 47.89400
29 10 20 13 22 11200.50000 4.65800000 328.27000 46.39000 11.41200 47.89400
29 10 20 13 22 11210.30000 4.65800000 328.27000 46.39000 11.41200 47.89400
29 10 20 13 23 11213.70000 4.65800000 328.27000 46.50000 11.41200 47.89400
29 10 20 13 23 11212.80000 4.65800000 328.77000 46.45000 11.41200 47.89400
29 10 20 13 24 11220.10000 4.65800000 328.81000 46.48000 11.41200 47.89400
29 10 20 13 24 11223.10000 4.64900000 328.80000 46.48000 11.41200 47.89400
29 10 20 13 25 11221.70000 4.64800000 328.80000 46.47000 11.41200 47.89400
29 10 20 13 25 11218.30000 4.64800000 328.64000 46.47000 11.41200 47.89400
29 10 20 13 25 11209.70000 4.64800000 328.45000 46.47000 11.47200 47.89400
29 10 20 13 26 11208.00000 4.64800000 328.45000 46.43000 11.47200 47.89400
29 10 20 13 26 11206.60000 4.64800000 328.45000 46.43000 11.47000 47.89400
29 10 20 13 27 11208.60000 4.64800000 328.27000 46.43000 11.47000 47.89400
29 10 20 13 27 11215.60000 4.64800000 328.27000 46.43000 11.47000 47.89400
29 10 20 13 28 11217.20000 4.64800000 328.45000 46.43000 11.47000 47.89400
29 10 20 13 28 11216.00000 4.64800000 328.45000 46.43000 11.47000 47.89400
29 10 20 13 28 11216.70000 4.64800000 328.45000 46.42000 11.47000 47.89400
29 10 20 13 29 11218.60000 4.64800000 328.45000 46.42000 11.47000 47.89400
29 10 20 13 29 11221.70000 4.64800000 328.47000 46.46000 11.48800 47.89400
29 10 20 13 30 11242.20000 4.64800000 328.83000 46.46000 11.48700 47.98100
29 10 20 13 30 11244.00000 4.64800000 329.20000 46.58000 11.68800 47.98100
29 10 20 13 31 11250.00000 4.64800000 329.33000 46.62000 11.68800 47.98100
29 10 20 13 31 11260.00000 4.64800000 329.85000 46.62000 11.68500 47.98100
29 10 20 13 31 11267.00000 4.64800000 329.97000 46.71000 11.68500 47.98100
29 10 20 13 32 11267.00000 4.64800000 330.00000 46.71000 11.68500 47.98100
29 10 20 13 32 11270.60000 4.64800000 330.00000 46.71000 11.68500 47.98100
29 10 20 13 33 11274.90000 4.64800000 330.48000 46.77000 11.68500 47.98100
29 10 20 13 33 11285.30000 4.64800000 330.49000 46.81000 11.68500 47.98100
29 10 20 13 34 11298.00000 4.64800000 330.50000 46.86000 11.68500 47.98100
29 10 20 13 34 11288.00000 4.64800000 330.48000 46.84000 11.68500 47.98100
29 10 20 13 34 11288.00000 4.68000000 330.74000 46.84000 11.68500 47.98100
29 10 20 13 35 11282.20000 4.68000000 330.66000 46.84000 11.68500 47.98100
29 10 20 13 35 11284.80000 4.68000000 330.47000 46.84000 11.68500 47.98100
29 10 20 13 36 11283.90000 4.68000000 330.47000 46.84000 11.67800 47.98100
29 10 20 13 36 11284.60000 4.68000000 330.27000 46.84000 11.67800 47.98100
29 10 20 13 37 11281.10000 4.67300000 330.30000 46.81000 11.69000 47.98100
29 10 20 13 37 11293.00000 4.67300000 330.79000 46.81000 11.72000 47.98100
29 10 20 13 37 11292.50000 4.67300000 330.66000 46.81000 11.72000 47.98100
29 10 20 13 38 11286.20000 4.67300000 330.46000 46.97000 11.65100 47.98100
29 10 20 13 38 11281.90000 4.67300000 330.46000 46.97000 11.65100 48.21000
29 10 20 13 39 11280.00000 4.67300000 330.19000 47.11000 11.65100 48.21000
29 10 20 13 39 11274.20000 4.67300000 329.98000 47.04000 11.65100 48.21000
29 10 20 13 40 11269.90000 4.67300000 329.95000 47.04000 11.60000 48.21000
29 10 20 13 40 11270.10000 4.67300000 329.90000 47.02000 11.60000 48.21000
29 10 20 13 40 11267.10000 4.67300000 329.63000 46.91000 11.56600 48.21000
29 10 20 13 41 11274.50000 4.67300000 329.83000 47.06000 11.56600 48.21000
29 10 20 13 41 11270.40000 4.67300000 329.83000 47.04000 11.56600 48.21000
29 10 20 13 42 11264.60000 4.67300000 329.76000 47.04000 11.56600 48.21000
29 10 20 13 42 11267.90000 4.67300000 329.76000 47.11000 11.56600 48.08200
29 10 20 13 43 11268.10000 4.67300000 329.76000 47.11000 11.56600 48.08200
29 10 20 13 43 11270.50000 4.67300000 329.77000 47.12000 11.56600 48.08200
29 10 20 13 43 11272.70000 4.67300000 329.77000 47.20000 11.57000 48.08200
29 10 20 13 44 11271.90000 4.67300000 329.77000 47.20000 11.57000 48.08200
29 10 20 13 44 11271.50000 4.67300000 329.93000 47.25000 11.57000 48.08200
29 10 20 13 45 11275.90000 4.67300000 329.93000 47.25000 11.64000 48.08200
29 10 20 13 45 11273.10000 4.67300000 330.05000 47.25000 11.64000 48.08200
29 10 20 13 46 11267.20000 4.67300000 329.92000 47.25000 11.64000 48.08200
29 10 20 13 46 11278.20000 4.67300000 330.13000 47.25000 11.64000 48.08200
29 10 20 13 46 11283.90000 4.68000000 330.13000 47.22000 11.64000 48.08200
29 10 20 13 47 11285.50000 4.68000000 330.13000 47.17000 11.64000 48.08200
29 10 20 13 47 11276.00000 4.68000000 330.13000 47.17000 11.64000 48.08200
29 10 20 13 48 11280.40000 4.68000000 330.32000 47.29000 11.64000 48.08200
29 10 20 13 48 11275.50000 4.68000000 330.20000 47.32000 11.64000 48.08200
29 10 20 13 49 11281.20000 4.68000000 330.28000 47.32000 11.64000 48.08200
29 10 20 13 49 11278.90000 4.68000000 330.32000 47.28000 11.56300 48.08200
29 10 20 13 49 11276.80000 4.68000000 330.09000 47.22000 11.56300 48.08200
29 10 20 13 50 11278.20000 4.68000000 330.09000 47.22000 11.60000 48.08200
29 10 20 13 50 11281.60000 4.68000000 329.71000 47.22000 11.60000 48.08200
29 10 20 13 51 11284.40000 4.68000000 329.99000 47.23000 11.60000 48.08200
29 10 20 13 51 11281.10000 4.68000000 329.99000 47.15000 11.63600 48.08200
29 10 20 13 52 11284.00000 4.68000000 330.17000 47.15000 11.80900 48.08200
29 10 20 13 52 11284.00000 4.68000000 330.17000 47.13000 11.81900 48.08200
29 10 20 13 52 11283.90000 4.68000000 330.30000 47.17000 11.81900 48.08200
29 10 20 13 53 11283.60000 4.68000000 330.24000 47.17000 11.81900 48.08200
29 10 20 13 53 11283.90000 4.68000000 330.20000 47.17000 11.90000 48.08200
29 10 20 13 54 11284.00000 4.68000000 330.39000 47.18000 11.82700 48.08200
29 10 20 13 54 11284.00000 4.68000000 330.39000 47.18000 11.82700 48.08200
29 10 20 13 55 11284.00000 4.68000000 330.59000 47.18000 11.82700 48.08200
29 10 20 13 55 11289.00000 4.68000000 330.57000 47.18000 11.82600 48.08200
29 10 20 13 55 11306.20000 4.69000000 331.00000 47.19000 11.82600 48.12600
29 10 20 13 56 11314.90000 4.69000000 331.05000 47.33000 11.82600 48.12600
29 10 20 13 56 11314.90000 4.69000000 331.05000 47.32000 11.82600 48.12600
29 10 20 13 57 11325.00000 4.69000000 331.05000 47.37000 11.84500 48.12600
29 10 20 13 57 11317.60000 4.65800000 331.07000 47.31000 11.84500 48.12600
29 10 20 13 58 11321.40000 4.65800000 331.07000 47.31000 11.89600 48.12600
29 10 20 13 58 11324.90000 4.65800000 331.24000 47.30000 11.89600 48.12600
29 10 20 13 59 11324.80000 4.65800000 331.46000 47.30000 11.89600 48.12600
29 10 20 13 59 11325.00000 4.65800000 331.48000 47.30000 11.89600 48.12600
29 10 20 13 59 11325.00000 4.65800000 331.49000 47.30000 11.89600 48.12600
29 10 20 14 00 11325.00000 4.65800000 331.27000 47.35000 11.85100 48.12600
29 10 20 14 00 11325.00000 4.65800000 331.09000 47.27000 11.86000 48.24300
