M=[
25 5 21 02 53 31388.50000 61.33300000 2118.65000 148.48000 25.69600 118.32300
25 5 21 02 53 31379.30000 61.24000000 2115.86000 147.85000 25.69600 117.15100
25 5 21 02 54 31401.90000 61.40700000 2118.39000 147.85000 25.69600 117.15100
25 5 21 02 54 31385.90000 61.40700000 2118.65000 147.85000 25.57600 117.15100
25 5 21 02 55 31423.10000 61.58200000 2121.89000 147.85000 25.57600 117.15100
25 5 21 02 55 31485.60000 61.91500000 2128.20000 149.08000 25.57600 117.15100
25 5 21 02 56 31506.30000 61.91100000 2129.08000 149.24000 25.57600 117.15100
25 5 21 02 56 31449.90000 61.77300000 2121.21000 148.65000 25.67100 117.15100
25 5 21 02 56 31413.60000 61.77300000 2121.21000 148.55000 25.62200 117.15100
25 5 21 02 57 31364.40000 61.21200000 2113.04000 148.55000 25.59700 117.15100
25 5 21 02 57 31350.90000 61.21200000 2111.00000 147.77000 25.57200 117.15100
25 5 21 02 58 31313.30000 60.52700000 2105.19000 147.41000 25.54700 116.58200
25 5 21 02 58 31306.80000 60.79000000 2108.37000 147.29000 25.54700 116.58200
25 5 21 02 59 31271.50000 60.52000000 2108.12000 146.87000 25.54700 115.99100
25 5 21 02 59 31321.30000 60.90400000 2113.96000 147.18000 25.52200 115.99100
25 5 21 02 59 31291.90000 60.77000000 2112.61000 147.15000 25.47300 115.99100
25 5 21 03 00 31252.50000 60.77000000 2104.44000 146.54000 25.47300 115.98300
25 5 21 03 00 31200.90000 60.03000000 2102.00000 146.14000 25.44800 115.98300
25 5 21 03 01 31178.90000 60.00700000 2099.71000 146.17000 25.42300 115.42400
25 5 21 03 01 31214.50000 60.24900000 2107.82000 146.63000 25.42300 115.42400
25 5 21 03 02 31209.90000 60.24900000 2105.30000 146.37000 25.42300 115.42400
25 5 21 03 02 31233.50000 60.12700000 2109.42000 146.82000 25.39900 115.42400
25 5 21 03 02 31296.10000 60.53800000 2114.41000 147.27000 25.39900 116.77300
25 5 21 03 03 31314.30000 60.40200000 2115.10000 147.27000 25.39900 116.77300
25 5 21 03 03 31244.80000 59.99100000 2106.78000 147.27000 25.39900 116.77300
25 5 21 03 04 31250.80000 59.99100000 2108.53000 146.85000 25.39900 116.77300
25 5 21 03 04 31190.60000 59.55000000 2100.71000 146.30000 25.39900 116.77300
25 5 21 03 05 31155.30000 59.55000000 2098.18000 146.30000 25.39900 116.77300
25 5 21 03 05 31163.50000 58.99200000 2096.67000 146.02000 25.39900 116.77300
25 5 21 03 05 31108.90000 58.99200000 2091.74000 145.73000 25.37400 116.77300
25 5 21 03 06 31090.30000 58.73200000 2092.47000 145.72000 25.32500 116.77300
25 5 21 03 06 31122.10000 58.74300000 2091.84000 145.72000 25.30000 115.07200
25 5 21 03 07 31171.50000 58.74300000 2100.55000 146.57000 25.11200 115.07200
25 5 21 03 07 31175.70000 59.14000000 2095.40000 146.51000 25.27600 115.07200
25 5 21 03 08 31141.80000 58.52200000 2096.11000 145.31000 25.29300 114.84300
25 5 21 03 08 31149.80000 58.98200000 2096.87000 145.31000 25.29300 114.84300
25 5 21 03 08 31235.70000 58.98200000 2102.30000 145.31000 25.29300 114.84300
25 5 21 03 09 31165.00000 58.99000000 2094.21000 145.52000 25.27600 114.84300
25 5 21 03 09 31144.60000 58.99000000 2089.16000 145.45000 25.25100 114.84300
25 5 21 03 10 31130.90000 58.40000000 2088.20000 145.01000 25.22700 114.84300
25 5 21 03 10 31111.90000 58.17800000 2088.20000 144.92000 25.20200 114.84300
25 5 21 03 11 31156.20000 59.08800000 2092.22000 145.83000 25.17800 114.84300
25 5 21 03 11 31225.20000 59.04000000 2099.99000 146.14000 25.15300 114.84300
25 5 21 03 11 31235.20000 59.19000000 2095.25000 145.84000 25.15300 114.84300
25 5 21 03 12 31295.90000 59.53400000 2104.31000 145.84000 25.15300 114.84300
25 5 21 03 12 31310.00000 59.77700000 2106.00000 146.71000 25.15300 114.84300
25 5 21 03 13 31302.40000 59.61700000 2106.38000 146.71000 25.15300 114.84300
25 5 21 03 13 31280.50000 59.25700000 2102.54000 146.72000 25.15300 115.69600
25 5 21 03 14 31295.60000 59.44900000 2109.14000 146.72000 25.15400 115.69600
25 5 21 03 14 31264.30000 59.44900000 2103.95000 146.81000 25.15400 115.69600
25 5 21 03 14 31297.30000 59.44500000 2106.67000 146.81000 25.15400 115.69600
25 5 21 03 15 31273.20000 59.44500000 2104.72000 146.81000 25.15400 115.69600
25 5 21 03 15 31262.20000 58.95100000 2103.06000 146.81000 25.15400 115.69600
25 5 21 03 16 31281.60000 58.91000000 2099.27000 145.87000 25.15400 115.69600
25 5 21 03 16 31255.40000 58.57500000 2096.49000 146.65000 25.15400 115.69600
25 5 21 03 17 31255.40000 58.62200000 2096.49000 146.65000 25.15400 115.69600
25 5 21 03 17 31255.50000 58.62200000 2095.96000 146.65000 25.15400 115.69600
25 5 21 03 17 31273.40000 58.80900000 2095.38000 146.65000 25.15400 115.69600
25 5 21 03 18 31314.10000 59.37400000 2104.99000 146.76000 25.15400 114.81600
25 5 21 03 18 31319.20000 59.37400000 2104.99000 146.76000 25.15400 115.40600
25 5 21 03 19 31286.20000 59.45500000 2107.31000 147.01000 25.15400 115.40600
25 5 21 03 19 31285.80000 59.34600000 2100.20000 146.54000 25.15400 115.40600
25 5 21 03 20 31280.80000 59.12800000 2105.41000 146.55000 25.15400 115.40600
25 5 21 03 20 31341.70000 59.67300000 2110.51000 147.25000 25.15400 115.91200
25 5 21 03 20 31407.20000 59.70500000 2118.90000 147.49000 25.20500 116.13600
25 5 21 03 21 31459.60000 59.70500000 2122.42000 147.57000 25.20500 116.19100
25 5 21 03 21 31454.40000 60.14600000 2120.01000 147.57000 25.20500 116.19100
25 5 21 03 22 31451.00000 59.98600000 2120.94000 147.57000 25.20500 116.19100
25 5 21 03 22 31432.80000 60.01300000 2118.56000 147.76000 25.20500 116.19100
25 5 21 03 23 31434.10000 60.28000000 2117.51000 148.00000 25.23400 116.19100
25 5 21 03 23 31418.10000 60.36500000 2118.08000 148.00000 25.23400 116.19100
25 5 21 03 23 31451.10000 60.36500000 2118.72000 148.00000 25.23400 116.49000
25 5 21 03 24 31426.60000 60.11100000 2116.02000 148.00000 25.43200 116.49000
25 5 21 03 24 31441.60000 60.11100000 2116.61000 148.03000 25.43200 116.49000
25 5 21 03 25 31446.30000 60.11100000 2116.77000 147.99000 25.43200 116.49000
25 5 21 03 25 31374.80000 60.09500000 2109.89000 147.99000 25.15300 116.49000
25 5 21 03 26 31407.00000 60.07200000 2110.00000 147.88000 25.15300 116.49000
25 5 21 03 26 31377.60000 59.77900000 2111.51000 147.88000 25.15300 116.49000
25 5 21 03 26 31377.00000 59.70800000 2106.13000 147.88000 25.15300 116.49000
25 5 21 03 27 31365.50000 59.79100000 2108.54000 147.88000 25.15300 116.49000
25 5 21 03 27 31389.20000 59.79100000 2108.54000 147.88000 25.15300 116.49000
25 5 21 03 28 31407.10000 59.66100000 2105.70000 147.88000 25.15300 116.49000
25 5 21 03 28 31437.30000 59.92300000 2105.81000 147.88000 25.15300 116.49000
25 5 21 03 29 31375.00000 59.92300000 2102.24000 147.88000 25.15300 116.49000
25 5 21 03 29 31367.30000 59.92000000 2102.73000 147.88000 25.15300 116.49000
25 5 21 03 29 31372.80000 59.67900000 2101.70000 147.77000 25.15300 116.49000
25 5 21 03 30 31455.40000 59.73500000 2113.79000 147.77000 25.15300 116.49000
25 5 21 03 30 31462.20000 60.27000000 2117.13000 147.77000 25.15300 116.49000
25 5 21 03 31 31510.40000 60.68900000 2121.09000 147.77000 25.15300 117.35400
25 5 21 03 31 31518.90000 60.78400000 2120.31000 147.77000 25.15300 117.35400
25 5 21 03 32 31470.50000 60.69300000 2117.10000 148.52000 25.15300 117.35400
25 5 21 03 32 31470.50000 60.59300000 2114.14000 148.52000 25.15300 117.35400
25 5 21 03 32 31451.50000 60.56500000 2110.69000 148.19000 25.25700 117.35400
25 5 21 03 33 31491.20000 60.56500000 2119.80000 148.19000 25.25700 117.07000
25 5 21 03 33 31513.40000 60.77200000 2120.99000 148.46000 25.25700 117.07000
25 5 21 03 34 31489.80000 60.77200000 2121.87000 148.59000 25.25700 117.49000
25 5 21 03 34 31474.10000 60.77200000 2119.10000 148.59000 25.25700 117.68100
25 5 21 03 35 31449.00000 60.77200000 2118.38000 148.41000 25.27700 117.68100
25 5 21 03 35 31432.40000 60.77200000 2114.90000 148.39000 25.27700 117.68100
25 5 21 03 35 31432.40000 60.55100000 2112.66000 148.17000 25.27700 117.68100
25 5 21 03 36 31411.90000 60.36900000 2107.63000 148.17000 25.27700 117.68100
25 5 21 03 36 31401.00000 60.36900000 2108.60000 147.78000 25.21700 117.68100
