M=[
19 6 21 14 16 30318.60000 43.92800000 1885.77000 133.34000 18.69000 110.86100
19 6 21 14 17 30319.10000 43.92800000 1885.77000 133.36000 18.69000 110.86100
19 6 21 14 17 30319.10000 43.92800000 1886.61000 133.36000 18.69000 110.86100
19 6 21 14 17 30319.00000 43.92800000 1886.52000 133.36000 18.69000 110.86100
19 6 21 14 18 30319.00000 43.92800000 1887.84000 133.36000 18.69000 110.86100
19 6 21 14 18 30319.10000 43.92800000 1887.84000 133.36000 18.69000 110.86100
19 6 21 14 19 30333.50000 43.92800000 1887.84000 133.36000 18.69000 110.86100
19 6 21 14 19 30333.50000 43.92800000 1889.17000 133.36000 18.69000 110.86100
19 6 21 14 20 30333.40000 43.92800000 1889.14000 133.45000 18.69000 111.37100
19 6 21 14 20 30333.50000 43.92800000 1890.02000 133.44000 18.69000 111.37100
19 6 21 14 20 30350.00000 43.92800000 1890.03000 133.44000 18.69000 111.37100
19 6 21 14 21 30377.90000 43.92800000 1890.49000 133.44000 18.69000 111.37100
19 6 21 14 21 30388.70000 43.92800000 1890.93000 133.44000 18.69000 111.37100
19 6 21 14 22 30388.60000 43.92800000 1890.93000 133.44000 18.69000 111.36600
19 6 21 14 22 30435.90000 43.92800000 1890.93000 133.44000 18.69000 111.36600
19 6 21 14 23 30447.30000 43.92800000 1897.01000 133.69000 18.69000 111.37100
19 6 21 14 23 30441.10000 43.92800000 1897.01000 133.72000 18.69000 111.37100
19 6 21 14 23 30449.90000 43.92800000 1895.63000 133.72000 18.69000 111.37100
19 6 21 14 24 30449.90000 43.92800000 1895.63000 133.72000 18.69000 111.37100
19 6 21 14 24 30449.90000 43.92800000 1896.70000 133.74000 18.69000 111.37100
19 6 21 14 25 30449.90000 43.92800000 1896.70000 133.79000 18.69000 111.37100
19 6 21 14 25 30449.90000 43.92800000 1894.70000 133.79000 18.69000 111.37100
19 6 21 14 26 30431.90000 43.92800000 1893.98000 133.79000 18.69000 111.37100
19 6 21 14 26 30430.90000 43.92800000 1893.98000 133.79000 18.69000 111.37100
19 6 21 14 26 30413.10000 43.92800000 1892.36000 133.79000 18.69000 111.37100
19 6 21 14 27 30416.50000 43.92800000 1892.82000 133.70000 18.69000 111.37100
19 6 21 14 27 30419.20000 43.92800000 1892.81000 133.70000 18.69000 111.37100
19 6 21 14 28 30415.30000 43.92800000 1892.81000 133.70000 18.69000 111.37100
19 6 21 14 28 30419.30000 43.92800000 1892.77000 133.70000 18.69000 111.37100
19 6 21 14 29 30408.40000 43.92800000 1892.02000 133.65000 18.69000 111.37100
19 6 21 14 29 30414.10000 43.92800000 1892.00000 133.65000 18.69000 111.37100
19 6 21 14 29 30414.20000 43.92800000 1893.55000 133.65000 18.69000 111.37100
19 6 21 14 30 30488.00000 43.92800000 1896.64000 133.65000 18.69000 111.37100
19 6 21 14 30 30488.00000 43.92800000 1897.96000 133.65000 18.69000 111.37100
19 6 21 14 31 30487.90000 43.92800000 1897.98000 133.65000 18.69000 111.37100
19 6 21 14 31 30534.60000 43.92800000 1900.01000 133.85000 18.69000 111.37100
19 6 21 14 32 30534.60000 43.92800000 1900.44000 133.85000 18.69000 111.37100
19 6 21 14 32 30504.10000 43.92800000 1900.44000 133.85000 18.69000 111.37100
19 6 21 14 32 30530.10000 43.92800000 1898.29000 133.90000 18.69000 111.37100
19 6 21 14 33 30540.50000 43.92800000 1899.91000 133.86000 18.69000 111.37100
19 6 21 14 33 30526.70000 43.92800000 1899.91000 133.86000 18.69000 111.37100
19 6 21 14 34 30542.40000 44.54600000 1900.59000 134.02000 18.69000 111.37100
19 6 21 14 34 30556.50000 44.54600000 1900.59000 134.04000 18.69000 111.37100
19 6 21 14 35 30558.80000 44.54500000 1901.60000 134.04000 18.69000 111.37100
19 6 21 14 35 30537.00000 44.54500000 1901.60000 134.04000 18.69000 111.37100
19 6 21 14 35 30574.90000 44.54500000 1901.60000 134.04000 18.69000 111.37100
19 6 21 14 36 30601.20000 44.54500000 1902.72000 134.04000 18.69000 111.37100
19 6 21 14 36 30607.90000 44.54500000 1903.97000 134.04000 18.69000 111.37100
19 6 21 14 37 30607.90000 44.54500000 1903.96000 134.04000 18.69000 111.37100
19 6 21 14 37 30607.90000 44.54500000 1904.06000 134.04000 18.69000 111.37100
19 6 21 14 38 30607.90000 44.54500000 1902.06000 134.19000 18.69000 111.37100
19 6 21 14 38 30607.90000 44.54500000 1903.55000 134.20000 18.69000 111.37100
19 6 21 14 38 30644.60000 44.54500000 1903.55000 134.20000 18.69000 111.37100
19 6 21 14 39 30632.40000 44.54500000 1904.99000 134.37000 18.69000 111.37100
19 6 21 14 39 30637.30000 44.54500000 1904.99000 134.24000 18.69000 111.37100
19 6 21 14 40 30598.00000 44.54500000 1902.68000 134.22000 18.69000 111.37100
19 6 21 14 40 30537.30000 44.54500000 1900.00000 134.22000 18.69000 111.37100
19 6 21 14 41 30548.20000 44.54500000 1898.53000 134.22000 18.69000 111.37100
19 6 21 14 41 30596.00000 44.54500000 1899.99000 134.22000 18.69000 111.75100
19 6 21 14 41 30578.40000 44.54500000 1900.00000 134.22000 18.69000 111.75100
19 6 21 14 42 30563.10000 44.54500000 1900.00000 134.15000 18.69000 111.70900
19 6 21 14 42 30550.00000 44.54500000 1898.65000 134.15000 18.69000 111.70900
19 6 21 14 43 30576.10000 44.54500000 1899.14000 134.15000 18.69000 111.70900
19 6 21 14 43 30576.40000 44.54500000 1899.42000 134.15000 18.69000 111.70900
19 6 21 14 44 30571.20000 44.54500000 1899.61000 134.15000 18.69000 111.70900
19 6 21 14 44 30598.40000 44.54500000 1899.61000 134.15000 18.69000 111.70900
19 6 21 14 45 30585.60000 44.54500000 1899.61000 134.15000 18.69000 111.70900
19 6 21 14 45 30585.60000 44.54500000 1900.00000 134.15000 18.69000 111.70900
19 6 21 14 45 30597.70000 44.50200000 1900.00000 134.15000 18.69000 111.70900
19 6 21 14 46 30585.60000 44.50200000 1900.00000 134.16000 18.69000 111.70900
19 6 21 14 46 30585.60000 44.50200000 1899.99000 134.16000 18.69000 111.70900
19 6 21 14 47 30553.30000 44.50200000 1897.52000 134.08000 18.69000 111.70900
19 6 21 14 47 30510.70000 44.50200000 1897.52000 134.08000 18.69000 111.70900
19 6 21 14 48 30521.00000 44.50200000 1897.52000 134.08000 18.69000 111.70900
19 6 21 14 48 30508.50000 44.50200000 1897.52000 134.08000 18.69000 111.70900
19 6 21 14 48 30474.60000 44.50200000 1897.52000 134.08000 18.69000 111.70900
19 6 21 14 49 30435.80000 44.50200000 1890.95000 134.08000 18.69000 111.70900
19 6 21 14 49 30388.80000 44.29100000 1890.90000 134.08000 18.69000 111.70900
19 6 21 14 50 30403.00000 44.29100000 1890.90000 134.08000 18.69000 111.70900
19 6 21 14 50 30403.00000 44.29100000 1890.90000 134.08000 18.69000 111.70900
19 6 21 14 51 30407.70000 44.29100000 1890.90000 134.08000 18.69000 111.70900
19 6 21 14 51 30401.80000 44.29100000 1890.90000 134.08000 18.69000 111.70900
19 6 21 14 51 30403.70000 44.29100000 1890.66000 134.08000 18.69000 111.70900
19 6 21 14 52 30435.20000 44.29100000 1891.00000 134.08000 18.69000 111.70900
19 6 21 14 52 30436.50000 44.29100000 1891.00000 134.08000 18.69000 111.70900
19 6 21 14 53 30436.50000 44.29100000 1894.28000 134.08000 18.69000 111.70900
19 6 21 14 53 30472.60000 44.29100000 1894.28000 134.08000 18.69000 111.70900
19 6 21 14 54 30474.50000 44.29100000 1894.28000 133.84000 18.69000 111.70900
19 6 21 14 54 30473.50000 44.29100000 1894.28000 133.79000 18.67200 111.70900
19 6 21 14 54 30468.60000 44.29100000 1895.69000 133.79000 18.67200 111.70900
19 6 21 14 55 30499.20000 44.29100000 1895.69000 133.92000 18.67200 111.70900
19 6 21 14 55 30499.20000 44.29100000 1897.50000 133.92000 18.67200 111.70900
19 6 21 14 56 30499.20000 44.29100000 1899.10000 133.92000 18.67200 111.70900
19 6 21 14 56 30476.60000 44.29100000 1899.10000 133.92000 18.67200 111.70900
19 6 21 14 57 30453.90000 44.29100000 1895.69000 133.92000 18.67200 111.70900
19 6 21 14 57 30478.70000 44.29100000 1897.43000 133.92000 18.67200 111.70900
19 6 21 14 57 30487.00000 44.29100000 1897.43000 133.92000 18.67200 111.70900
19 6 21 14 58 30507.60000 44.29100000 1899.45000 134.17000 18.64500 111.70900
19 6 21 14 58 30544.30000 44.29100000 1900.69000 134.17000 18.64500 111.70900
19 6 21 14 59 30605.30000 44.29100000 1900.69000 134.17000 18.64500 111.70900
19 6 21 14 59 30572.20000 44.29100000 1900.71000 134.17000 18.64500 111.70900
19 6 21 15 00 30606.20000 44.29100000 1900.71000 134.17000 18.64500 111.70900
