M=[
31 1 21 01 07 28081.70000 6.21900000 1126.42000 109.04000 16.95000 71.66200
31 1 21 01 08 28081.80000 6.21900000 1126.42000 109.04000 16.95000 71.66200
31 1 21 01 08 28086.20000 6.21900000 1126.42000 109.10000 16.95000 71.66200
31 1 21 01 09 28086.10000 6.21900000 1126.75000 109.10000 16.95000 71.66200
31 1 21 01 09 28064.80000 6.21900000 1125.99000 109.26000 16.95000 71.66200
31 1 21 01 09 28036.40000 6.21900000 1125.04000 109.05000 16.95900 71.28900
31 1 21 01 10 28036.00000 6.21900000 1123.91000 109.05000 16.95900 71.28900
31 1 21 01 10 28035.20000 6.21900000 1123.76000 109.10000 16.95900 71.28900
31 1 21 01 11 28033.00000 6.21900000 1123.76000 109.10000 16.95900 71.28900
31 1 21 01 11 28021.30000 6.21900000 1124.40000 109.10000 16.95900 71.28900
31 1 21 01 12 28000.20000 6.21900000 1124.40000 109.06000 16.95900 71.28900
31 1 21 01 12 28003.50000 6.21900000 1124.44000 109.20000 16.95900 71.28900
31 1 21 01 12 28044.60000 6.21900000 1125.66000 109.43000 16.95900 71.28900
31 1 21 01 13 28067.20000 6.21900000 1125.83000 109.58000 16.95900 71.28900
31 1 21 01 13 28070.30000 6.21900000 1126.12000 109.63000 16.95900 71.28900
31 1 21 01 14 28070.20000 6.21900000 1126.05000 109.76000 16.95900 71.22000
31 1 21 01 14 28074.00000 6.21900000 1126.05000 109.81000 16.95900 71.22000
31 1 21 01 15 28040.40000 6.21900000 1126.48000 109.88000 16.95900 71.22000
31 1 21 01 15 28037.00000 6.21900000 1126.48000 109.86000 16.95900 71.22000
31 1 21 01 15 28021.30000 6.21900000 1126.48000 109.81000 16.95900 71.22000
31 1 21 01 16 28024.10000 6.21900000 1125.40000 109.89000 16.95900 71.28900
31 1 21 01 16 28078.70000 6.21900000 1127.02000 110.05000 16.95900 71.28900
31 1 21 01 17 28094.30000 6.21900000 1128.86000 110.41000 16.95900 71.28900
31 1 21 01 17 28119.00000 6.21900000 1128.90000 110.49000 16.95900 71.28900
31 1 21 01 18 28169.90000 6.21900000 1129.73000 110.52000 16.95900 71.28900
31 1 21 01 18 28153.70000 6.21900000 1129.73000 110.53000 16.95900 71.28900
31 1 21 01 18 28120.60000 6.21900000 1129.01000 110.53000 16.95900 71.28900
31 1 21 01 19 28120.60000 6.21900000 1128.99000 110.52000 16.95900 71.17900
31 1 21 01 19 28119.00000 6.21900000 1128.99000 110.49000 16.95900 71.17900
31 1 21 01 20 28119.20000 6.21900000 1128.25000 110.65000 16.95900 71.17900
31 1 21 01 20 28143.10000 6.21900000 1129.54000 110.79000 16.95900 71.17900
31 1 21 01 21 28120.40000 6.21900000 1128.63000 110.76000 16.95900 71.17900
31 1 21 01 21 28111.50000 6.21900000 1128.63000 110.76000 16.95900 71.06600
31 1 21 01 21 28116.20000 6.21900000 1128.63000 110.99000 16.95900 71.06600
31 1 21 01 22 28100.10000 6.21900000 1127.21000 110.95000 16.95900 71.06600
31 1 21 01 22 28106.40000 6.21900000 1128.47000 110.90000 16.95900 71.06600
31 1 21 01 23 28100.10000 6.21900000 1127.53000 111.08000 16.95900 71.06600
31 1 21 01 23 28100.10000 6.21900000 1127.53000 111.08000 16.95900 71.06600
31 1 21 01 24 28106.50000 6.21900000 1127.98000 111.03000 16.95900 71.06600
31 1 21 01 24 28118.30000 6.21900000 1127.98000 111.07000 16.95900 71.05000
31 1 21 01 24 28123.50000 6.21900000 1127.98000 110.95000 16.95900 71.05000
31 1 21 01 25 28100.10000 6.21900000 1127.48000 110.85000 16.95900 71.05000
31 1 21 01 25 28101.90000 6.21900000 1127.98000 110.85000 16.95900 71.05000
31 1 21 01 26 28101.90000 6.21900000 1127.98000 110.85000 16.95900 71.05000
31 1 21 01 26 28101.90000 6.21900000 1127.68000 110.42000 16.95900 71.05000
31 1 21 01 27 28101.90000 6.21900000 1127.68000 110.24000 16.95900 71.05000
31 1 21 01 27 28118.60000 6.21900000 1127.68000 110.24000 16.95900 71.05000
31 1 21 01 27 28108.30000 6.21900000 1127.48000 110.24000 16.95900 71.05000
31 1 21 01 28 28119.00000 6.21900000 1128.20000 110.28000 16.95900 71.05000
31 1 21 01 28 28100.00000 6.21900000 1128.14000 110.28000 16.95900 70.94000
31 1 21 01 29 28114.20000 6.21900000 1128.14000 110.28000 16.95900 70.94000
31 1 21 01 29 28104.30000 6.21900000 1129.00000 110.27000 16.95900 70.94000
31 1 21 01 30 28104.30000 6.21900000 1129.00000 110.27000 16.95900 70.94000
31 1 21 01 30 28100.00000 6.21900000 1128.35000 110.23000 16.95900 70.94000
31 1 21 01 30 28093.30000 6.21900000 1128.31000 110.23000 16.95900 70.94000
31 1 21 01 31 28094.80000 6.21900000 1128.31000 110.27000 16.95900 70.94000
31 1 21 01 31 28097.60000 6.21900000 1128.78000 110.20000 17.15600 70.94000
31 1 21 01 32 28110.10000 6.21900000 1129.56000 110.20000 17.15600 70.94000
31 1 21 01 32 28110.10000 6.21900000 1129.53000 110.20000 17.15600 70.94000
31 1 21 01 33 28078.00000 6.21900000 1129.53000 110.20000 17.15600 70.94000
31 1 21 01 33 28106.60000 6.21900000 1129.05000 110.20000 17.15600 70.94000
31 1 21 01 33 28106.60000 6.21900000 1128.82000 110.20000 17.15600 70.94000
31 1 21 01 34 28127.00000 6.21900000 1128.82000 110.28000 17.15600 70.94000
31 1 21 01 34 28130.10000 6.21900000 1129.04000 110.28000 17.15600 70.94000
31 1 21 01 35 28130.10000 6.21900000 1129.04000 110.28000 17.15600 70.94000
31 1 21 01 35 28132.20000 6.21900000 1128.86000 110.28000 16.94300 70.94000
31 1 21 01 36 28128.80000 6.21900000 1128.75000 110.28000 16.94300 70.94000
31 1 21 01 36 28132.40000 6.21900000 1128.57000 110.28000 16.94300 70.69000
31 1 21 01 36 28125.20000 6.21900000 1128.57000 110.28000 16.94300 70.74900
31 1 21 01 37 28113.50000 6.21900000 1128.57000 110.13000 16.94300 70.74900
31 1 21 01 37 28103.70000 6.21900000 1128.49000 110.13000 16.94300 70.74900
31 1 21 01 38 28130.90000 6.21900000 1128.83000 110.15000 16.94300 70.74900
31 1 21 01 38 28120.40000 6.21900000 1129.05000 110.28000 16.94300 70.74900
31 1 21 01 39 28108.00000 6.21900000 1128.13000 110.27000 16.94300 70.74900
31 1 21 01 39 28115.80000 6.26900000 1129.02000 110.27000 16.94300 70.74900
31 1 21 01 39 28113.10000 6.26900000 1129.02000 110.27000 16.94300 70.74900
31 1 21 01 40 28123.40000 6.26900000 1128.26000 110.30000 16.94300 70.74900
31 1 21 01 40 28123.40000 6.29000000 1128.14000 110.30000 16.94300 70.74900
31 1 21 01 41 28123.40000 6.29500000 1128.23000 110.30000 16.94300 70.74900
31 1 21 01 41 28123.40000 6.29500000 1128.23000 110.30000 16.94300 70.74900
31 1 21 01 42 28128.10000 6.29500000 1128.23000 110.30000 16.94300 70.58500
31 1 21 01 42 28128.00000 6.29500000 1128.23000 110.30000 16.94300 70.58500
31 1 21 01 42 28128.10000 6.29500000 1128.58000 110.30000 16.94300 70.58500
31 1 21 01 43 28122.30000 6.29500000 1128.46000 110.14000 16.94300 70.58500
31 1 21 01 43 28123.20000 6.29500000 1128.46000 110.16000 16.94300 70.58500
31 1 21 01 44 28132.30000 6.29500000 1128.76000 110.16000 16.94300 70.58500
31 1 21 01 44 28142.30000 6.29500000 1128.76000 110.16000 16.94300 70.58500
31 1 21 01 45 28142.30000 6.29400000 1128.01000 110.16000 16.94300 70.58500
31 1 21 01 45 28142.30000 6.29500000 1128.01000 110.16000 16.94300 70.58500
31 1 21 01 45 28142.30000 6.29700000 1128.05000 110.16000 16.94300 70.58500
31 1 21 01 46 28142.30000 6.32200000 1128.49000 110.23000 16.94300 70.58500
31 1 21 01 46 28142.30000 6.32200000 1128.55000 110.23000 16.94300 70.58500
31 1 21 01 47 28099.50000 6.32200000 1127.48000 110.23000 16.94300 70.58500
31 1 21 01 47 28081.60000 6.32200000 1127.48000 110.23000 16.94300 70.58500
31 1 21 01 48 28075.00000 6.31100000 1127.00000 110.16000 16.94300 70.67100
31 1 21 01 48 28045.00000 6.31100000 1125.51000 110.01000 17.05600 70.67100
31 1 21 01 48 28018.40000 6.31100000 1123.90000 109.86000 17.05600 70.67100
31 1 21 01 49 28014.30000 6.31100000 1123.90000 109.81000 17.05600 70.58300
31 1 21 01 49 28001.30000 6.31100000 1123.90000 109.76000 17.05600 70.58300
31 1 21 01 50 28000.00000 6.31100000 1123.83000 109.58000 17.05600 70.58300
31 1 21 01 50 28000.00000 6.31100000 1124.58000 109.70000 17.05600 70.58300
31 1 21 01 51 28000.10000 6.31100000 1124.58000 109.74000 17.05600 70.58300
31 1 21 01 51 28030.90000 6.31100000 1124.58000 109.89000 17.16900 70.58300
31 1 21 01 51 28051.00000 6.31100000 1124.57000 109.82000 17.16900 70.58300
31 1 21 01 52 28053.80000 6.27600000 1124.51000 109.82000 17.20700 70.58300
