M=[
 4 5 20 20 30 8147.60000 6.66600000 188.70000 43.16000 10.06600 40.32700
 4 5 20 20 31 8148.80000 6.66600000 189.32000 43.14000 10.06600 40.40500
 4 5 20 20 31 8151.20000 6.66600000 189.32000 43.14000 10.06600 40.40500
 4 5 20 20 32 8156.20000 6.66600000 189.31000 43.14000 10.06600 40.53900
 4 5 20 20 32 8157.50000 6.66600000 189.61000 43.14000 10.06600 40.53900
 4 5 20 20 33 8159.20000 6.66600000 189.53000 43.14000 10.06600 40.53900
 4 5 20 20 33 8162.10000 6.66600000 190.15000 43.14000 10.06600 40.53900
 4 5 20 20 34 8164.20000 6.66600000 189.73000 43.18000 10.06600 40.53900
 4 5 20 20 34 8165.00000 6.66600000 189.67000 43.18000 10.06600 40.53900
 4 5 20 20 35 8169.00000 6.66600000 189.71000 43.18000 10.06600 40.53900
 4 5 20 20 35 8169.00000 6.66600000 189.73000 43.25000 10.06600 40.53900
 4 5 20 20 36 8169.90000 6.68000000 189.73000 43.25000 10.06600 40.53900
 4 5 20 20 36 8168.90000 6.68000000 189.72000 43.25000 10.06600 40.53900
 4 5 20 20 37 8165.10000 6.68000000 189.26000 43.25000 10.06600 40.53900
 4 5 20 20 37 8165.10000 6.68000000 189.26000 43.25000 10.06600 40.57800
 4 5 20 20 38 8169.90000 6.68000000 189.44000 43.25000 10.06600 40.57800
 4 5 20 20 38 8169.90000 6.68000000 189.60000 43.25000 10.06600 40.57800
 4 5 20 20 39 8169.90000 6.68000000 189.58000 43.14000 10.06600 40.57800
 4 5 20 20 39 8169.90000 6.68000000 189.50000 43.14000 10.07600 40.57800
 4 5 20 20 40 8175.00000 6.66900000 189.57000 43.14000 10.07600 40.57800
 4 5 20 20 40 8174.90000 6.66900000 189.59000 43.14000 10.03900 40.57800
 4 5 20 20 41 8171.50000 6.66900000 189.59000 43.14000 10.03900 40.57800
 4 5 20 20 41 8172.50000 6.66900000 189.58000 43.14000 10.03900 40.57800
 4 5 20 20 42 8170.80000 6.66900000 189.59000 43.14000 10.03900 40.57800
 4 5 20 20 42 8177.00000 6.66900000 189.60000 43.14000 10.02700 40.57800
 4 5 20 20 43 8180.00000 6.66900000 189.78000 43.14000 10.02700 40.57800
 4 5 20 20 43 8189.90000 6.66900000 189.75000 43.15000 10.02700 40.57800
 4 5 20 20 44 8195.00000 6.66900000 189.74000 43.18000 10.02700 40.57800
 4 5 20 20 44 8198.00000 6.66900000 189.86000 43.18000 10.02700 40.57800
 4 5 20 20 45 8190.00000 6.66900000 189.95000 43.18000 10.02700 40.57800
 4 5 20 20 45 8193.10000 6.66900000 189.95000 43.16000 10.02700 40.50100
 4 5 20 20 46 8195.00000 6.66900000 189.95000 43.16000 10.02700 40.50100
 4 5 20 20 46 8196.40000 6.66900000 189.96000 43.16000 10.02700 40.50100
 4 5 20 20 47 8197.40000 6.66900000 189.96000 43.16000 10.02700 40.50100
 4 5 20 20 47 8198.20000 6.66900000 189.82000 43.16000 10.02700 40.50100
 4 5 20 20 48 8197.80000 6.66900000 189.80000 43.13000 10.02700 40.50100
 4 5 20 20 48 8195.00000 6.66900000 189.66000 43.13000 10.02700 40.50100
 4 5 20 20 49 8184.90000 6.66900000 189.66000 43.16000 10.02700 40.50100
 4 5 20 20 49 8177.50000 6.66900000 189.27000 43.12000 10.02700 40.50100
 4 5 20 20 50 8177.50000 6.66900000 189.20000 43.12000 10.02700 40.50100
 4 5 20 20 50 8178.90000 6.66900000 189.19000 43.12000 10.02700 40.50100
 4 5 20 20 51 8176.00000 6.66900000 189.21000 43.05000 10.02700 40.50100
 4 5 20 20 51 8174.30000 6.66900000 189.17000 43.04000 10.02700 40.50100
 4 5 20 20 52 8174.80000 6.66900000 189.10000 43.02000 10.02700 40.50100
 4 5 20 20 52 8172.00000 6.66900000 189.17000 43.02000 10.02700 40.50100
 4 5 20 20 53 8172.00000 6.66900000 189.19000 43.02000 10.02700 40.50100
 4 5 20 20 53 8185.80000 6.66900000 189.48000 43.06000 10.02700 40.50100
 4 5 20 20 54 8185.80000 6.66900000 189.41000 43.04000 10.02700 40.50100
 4 5 20 20 54 8187.10000 6.66900000 189.53000 42.99000 10.02700 40.50100
 4 5 20 20 55 8194.10000 6.66900000 189.70000 42.99000 10.02700 40.50100
 4 5 20 20 55 8191.90000 6.66900000 189.84000 42.99000 10.02700 40.44700
 4 5 20 20 56 8191.50000 6.66900000 189.84000 42.99000 10.03900 40.44700
 4 5 20 20 56 8195.00000 6.66900000 190.08000 42.99000 10.02700 40.44700
 4 5 20 20 57 8191.70000 6.66900000 190.08000 42.99000 10.02700 40.33000
 4 5 20 20 57 8192.00000 6.66900000 190.09000 42.99000 10.02700 40.33000
 4 5 20 20 58 8195.00000 6.66900000 190.00000 42.99000 10.02700 40.44700
 4 5 20 20 58 8195.00000 6.66900000 190.48000 42.99000 10.02700 40.33000
 4 5 20 20 59 8197.00000 6.66900000 190.49000 42.99000 9.96600 40.33000
 4 5 20 20 59 8195.00000 6.66900000 190.69000 43.25000 9.96600 40.33000
 4 5 20 21 00 8189.40000 6.66900000 190.51000 43.25000 9.94800 40.33000
 4 5 20 21 00 8192.70000 6.66900000 190.57000 43.25000 9.94800 40.33000
 4 5 20 21 01 8198.90000 6.66900000 190.69000 43.25000 9.95900 40.33000
 4 5 20 21 01 8198.90000 6.66900000 190.69000 43.25000 9.95900 40.33000
 4 5 20 21 02 8192.50000 6.66900000 190.54000 43.25000 9.95900 40.33000
 4 5 20 21 02 8192.50000 6.66900000 190.38000 43.25000 9.92300 40.33000
 4 5 20 21 03 8192.50000 6.66900000 190.38000 43.25000 9.92300 40.33000
 4 5 20 21 03 8196.70000 6.66900000 190.53000 43.25000 9.92300 40.44700
 4 5 20 21 04 8196.90000 6.66900000 190.53000 43.25000 9.92300 40.33000
 4 5 20 21 04 8196.80000 6.66900000 190.48000 43.25000 9.92300 40.33000
 4 5 20 21 05 8196.80000 6.66900000 190.47000 43.25000 9.92300 40.33000
 4 5 20 21 05 8196.90000 6.66900000 190.41000 43.25000 9.82200 40.33000
 4 5 20 21 06 8197.00000 6.66900000 190.40000 43.25000 9.89000 40.33000
 4 5 20 21 06 8198.90000 6.66900000 190.52000 43.25000 9.88800 40.33000
 4 5 20 21 07 8199.90000 6.66900000 190.62000 43.25000 9.90400 40.33000
 4 5 20 21 07 8198.50000 6.66900000 190.69000 43.25000 9.90400 40.33000
 4 5 20 21 08 8199.00000 6.66900000 190.80000 43.32000 9.90400 40.33000
 4 5 20 21 08 8197.70000 6.66900000 190.79000 43.32000 9.90400 40.33000
 4 5 20 21 09 8199.00000 6.66900000 190.80000 43.32000 9.87900 40.65800
 4 5 20 21 09 8199.90000 6.66900000 190.88000 43.32000 9.87900 40.65800
 4 5 20 21 10 8199.80000 6.66900000 190.88000 43.32000 9.87900 40.65800
 4 5 20 21 10 8199.90000 6.66900000 190.88000 43.32000 9.87900 40.65800
 4 5 20 21 11 8199.90000 6.66900000 190.89000 43.32000 9.87900 40.65800
 4 5 20 21 11 8199.80000 6.66900000 191.20000 43.32000 9.87900 40.65800
 4 5 20 21 12 8199.90000 6.66900000 191.09000 43.32000 9.87900 40.65800
 4 5 20 21 12 8199.90000 6.66900000 191.09000 43.32000 9.87900 40.65800
 4 5 20 21 12 8210.90000 6.69900000 191.20000 43.32000 9.87900 40.65900
 4 5 20 21 13 8199.80000 6.69900000 191.34000 43.32000 9.87900 40.65900
 4 5 20 21 13 8213.70000 6.69500000 191.32000 43.32000 9.87900 40.65900
 4 5 20 21 14 8205.50000 6.69500000 191.29000 43.32000 9.87900 40.65900
 4 5 20 21 14 8202.90000 6.69500000 191.15000 43.32000 9.87900 40.65900
 4 5 20 21 15 8193.00000 6.69500000 191.05000 43.30000 9.90400 40.65900
 4 5 20 21 15 8184.40000 6.69500000 190.87000 43.30000 9.87900 40.65900
 4 5 20 21 16 8184.50000 6.69900000 190.88000 43.26000 9.87900 40.65900
 4 5 20 21 16 8196.90000 6.69500000 190.72000 43.26000 9.87900 40.65900
 4 5 20 21 17 8192.00000 6.69500000 190.55000 43.30000 9.87900 40.65900
 4 5 20 21 17 8193.10000 6.69500000 190.55000 43.26000 9.87900 40.65900
 4 5 20 21 18 8186.00000 6.69500000 190.02000 43.26000 9.87900 40.65900
 4 5 20 21 18 8181.30000 6.69500000 189.85000 43.26000 9.87900 40.65900
 4 5 20 21 19 8176.90000 6.69500000 189.78000 43.08000 9.87900 40.65900
 4 5 20 21 19 8176.90000 6.69500000 189.66000 43.08000 9.87900 40.65900
 4 5 20 21 20 8177.20000 6.69500000 189.65000 43.08000 9.87900 40.65900
 4 5 20 21 20 8179.30000 6.69500000 189.77000 43.08000 9.87900 40.65900
 4 5 20 21 21 8186.20000 6.69500000 189.83000 43.08000 9.87900 40.65900
 4 5 20 21 21 8187.50000 6.69500000 189.83000 43.08000 9.87900 40.65900
 4 5 20 21 22 8186.40000 6.69500000 189.91000 43.08000 9.87900 40.65900
 4 5 20 21 22 8182.20000 6.69500000 189.96000 43.08000 9.87900 40.65900
 4 5 20 21 23 8178.80000 6.69500000 189.95000 43.13000 9.87900 40.65900
 4 5 20 21 23 8182.30000 6.69500000 189.91000 43.13000 9.87900 40.65900
 4 5 20 21 24 8176.70000 6.69500000 189.90000 43.10000 9.87900 40.65900
 4 5 20 21 24 8176.70000 6.69500000 189.66000 43.10000 9.87900 40.65900
