M=[
26 5 21 07 30 33052.90000 66.66700000 2342.94000 163.38000 26.55400 128.59200
26 5 21 07 30 33079.90000 66.67500000 2345.05000 163.72000 26.55400 128.49500
26 5 21 07 30 33079.20000 66.74100000 2345.06000 163.54000 26.55400 128.49500
26 5 21 07 31 33069.00000 66.63000000 2346.48000 163.66000 26.55400 128.49500
26 5 21 07 31 33099.90000 66.70000000 2357.45000 163.89000 26.55400 128.49500
26 5 21 07 32 33099.90000 66.75600000 2355.65000 163.82000 26.55400 128.49500
26 5 21 07 32 33100.00000 66.95000000 2353.08000 163.86000 26.55400 129.01800
26 5 21 07 33 33110.20000 66.95000000 2354.18000 163.90000 26.48600 129.28600
26 5 21 07 33 33107.70000 66.95000000 2354.19000 163.78000 26.48600 129.24000
26 5 21 07 33 33100.10000 66.95000000 2356.98000 163.88000 26.73400 129.24000
26 5 21 07 34 33089.40000 66.81700000 2355.01000 163.77000 26.73400 129.24000
26 5 21 07 34 33081.80000 66.82800000 2356.01000 163.66000 26.36900 129.24000
26 5 21 07 35 33092.20000 66.82800000 2355.66000 163.56000 26.43700 129.24000
26 5 21 07 35 33055.30000 66.82800000 2353.57000 163.17000 26.43700 129.24000
26 5 21 07 36 33095.90000 66.77000000 2354.94000 163.50000 26.41400 129.24000
26 5 21 07 36 33113.80000 66.67700000 2357.89000 163.61000 26.41400 129.24000
26 5 21 07 36 33129.90000 66.84200000 2359.00000 163.75000 26.41400 129.24000
26 5 21 07 37 33181.70000 66.84200000 2361.42000 163.99000 26.41400 129.24000
26 5 21 07 37 33128.70000 66.80500000 2360.70000 163.61000 26.41400 129.24000
26 5 21 07 38 33121.10000 66.98600000 2360.02000 163.90000 26.41400 128.63200
26 5 21 07 38 33121.30000 66.93900000 2360.13000 163.90000 26.41400 128.63200
26 5 21 07 39 33121.30000 66.90700000 2359.69000 163.99000 26.41400 128.63200
26 5 21 07 39 33140.90000 66.90900000 2362.66000 164.17000 26.41400 128.63200
26 5 21 07 39 33145.80000 66.97700000 2362.76000 164.74000 26.41400 129.50000
26 5 21 07 40 33176.50000 67.00000000 2364.21000 165.21000 26.41400 129.88100
26 5 21 07 40 33136.00000 67.00000000 2362.67000 164.76000 26.41400 129.88100
26 5 21 07 41 33150.00000 66.99700000 2363.59000 164.67000 26.41400 129.62600
26 5 21 07 41 33120.10000 67.01300000 2361.27000 164.39000 26.41400 129.62600
26 5 21 07 42 33132.20000 67.01300000 2361.70000 164.30000 26.41400 129.15000
26 5 21 07 42 33145.70000 67.16800000 2363.93000 164.75000 26.41400 129.15000
26 5 21 07 42 33152.00000 67.16800000 2365.01000 164.53000 26.41400 129.15000
26 5 21 07 43 33174.30000 67.20400000 2366.98000 164.53000 26.41400 130.06500
26 5 21 07 43 33181.30000 67.20400000 2367.61000 164.87000 26.41400 130.06500
26 5 21 07 44 33180.50000 67.33300000 2367.24000 165.01000 26.41400 130.26900
26 5 21 07 44 33169.10000 67.28400000 2365.95000 164.76000 26.41400 130.26900
26 5 21 07 45 33169.20000 67.28400000 2367.11000 164.84000 26.41400 130.26900
26 5 21 07 45 33177.80000 67.37700000 2367.52000 164.88000 26.41400 130.26900
26 5 21 07 45 33179.20000 67.26300000 2368.93000 164.79000 26.41400 130.26900
26 5 21 07 46 33202.90000 67.39400000 2370.20000 164.99000 26.41400 130.28500
26 5 21 07 46 33194.20000 67.21000000 2368.39000 164.93000 26.41400 130.28500
26 5 21 07 47 33186.60000 67.21000000 2367.53000 165.00000 26.72800 130.30000
26 5 21 07 47 33151.30000 67.21000000 2363.80000 164.99000 26.72800 130.30000
26 5 21 07 48 33137.20000 67.21000000 2361.55000 164.58000 26.72800 129.76100
26 5 21 07 48 33091.00000 67.21000000 2355.25000 164.44000 26.72800 129.76100
26 5 21 07 48 33094.60000 66.72000000 2354.77000 164.08000 26.72800 129.76100
26 5 21 07 49 33063.00000 66.76900000 2351.65000 163.93000 26.72800 129.76100
26 5 21 07 49 33102.00000 66.76900000 2357.77000 164.02000 26.72800 129.76100
26 5 21 07 50 33118.20000 66.87500000 2361.00000 164.39000 26.72800 129.76100
26 5 21 07 50 33131.70000 67.01100000 2365.00000 164.40000 26.72800 129.76100
26 5 21 07 51 33139.00000 67.01100000 2364.91000 164.66000 26.72800 129.76100
26 5 21 07 51 33163.70000 67.01100000 2368.27000 165.01000 26.72800 129.76100
26 5 21 07 51 33182.40000 67.01100000 2368.55000 164.92000 26.72800 129.76100
26 5 21 07 52 33152.30000 66.98700000 2366.09000 164.67000 26.72800 129.69400
26 5 21 07 52 33161.40000 67.15400000 2363.71000 164.66000 26.72800 129.69400
26 5 21 07 53 33152.40000 67.05700000 2362.15000 164.67000 26.72800 129.69400
26 5 21 07 53 33176.40000 67.05000000 2365.56000 164.58000 26.72800 129.74600
26 5 21 07 54 33178.40000 67.05000000 2363.86000 164.92000 26.72800 129.74600
26 5 21 07 54 33172.90000 67.05000000 2366.52000 164.92000 26.72800 129.74600
26 5 21 07 54 33173.70000 67.00800000 2364.40000 164.95000 26.69500 129.74600
26 5 21 07 55 33173.30000 67.15200000 2362.68000 165.20000 26.74800 129.74600
26 5 21 07 55 33177.90000 67.25800000 2365.75000 165.32000 26.74800 129.74600
26 5 21 07 56 33163.10000 67.26700000 2363.44000 165.13000 26.74800 129.74600
26 5 21 07 56 33141.00000 67.33200000 2363.42000 165.33000 26.74800 129.74600
26 5 21 07 57 33173.70000 67.40200000 2365.82000 166.35000 26.74800 129.74600
26 5 21 07 57 33171.80000 67.40200000 2365.82000 166.19000 26.73600 129.74600
26 5 21 07 57 33174.50000 67.44500000 2366.93000 166.58000 26.73600 129.88700
26 5 21 07 58 33147.20000 67.44600000 2365.83000 166.56000 26.73600 130.09100
26 5 21 07 58 33152.00000 67.36000000 2364.24000 166.52000 26.73600 130.09100
26 5 21 07 59 33154.00000 67.45700000 2365.37000 166.51000 26.73600 130.09100
26 5 21 07 59 33177.80000 67.47800000 2368.65000 166.59000 26.73600 130.09100
26 5 21 08 00 33175.50000 67.37900000 2369.99000 166.62000 26.73600 130.09100
26 5 21 08 00 33171.20000 67.44700000 2371.34000 166.58000 26.73600 129.69700
26 5 21 08 00 33177.90000 67.44700000 2372.85000 166.66000 26.73600 129.83800
26 5 21 08 01 33182.80000 67.35900000 2367.26000 166.45000 26.73600 129.83800
26 5 21 08 01 33175.10000 67.25100000 2366.39000 166.29000 26.49800 129.83800
26 5 21 08 02 33174.60000 67.25100000 2362.09000 165.73000 26.49800 129.83800
26 5 21 08 02 33276.70000 67.32800000 2371.10000 166.66000 26.49800 129.83800
26 5 21 08 03 33408.30000 67.92000000 2378.38000 166.93000 26.49800 130.42100
26 5 21 08 03 33408.20000 67.92000000 2381.87000 167.14000 26.49800 130.42100
26 5 21 08 03 33373.30000 67.92000000 2381.82000 166.95000 26.49800 130.42100
26 5 21 08 04 33313.50000 67.51000000 2375.05000 166.66000 26.69800 129.98000
26 5 21 08 04 33309.70000 67.74600000 2377.64000 166.43000 26.69800 130.25400
26 5 21 08 05 33178.00000 67.58700000 2362.83000 165.84000 26.69800 130.25400
26 5 21 08 05 33083.30000 67.25100000 2357.05000 166.00000 26.69800 129.27600
26 5 21 08 06 33095.00000 66.81800000 2355.19000 165.37000 26.69800 129.27600
26 5 21 08 06 32995.10000 66.37300000 2349.99000 164.78000 26.69800 128.11100
26 5 21 08 06 33027.70000 66.58000000 2351.33000 164.77000 26.69800 128.11100
26 5 21 08 07 33007.70000 66.58000000 2350.13000 164.33000 26.69800 128.28800
26 5 21 08 07 32977.80000 66.29700000 2346.34000 164.49000 26.69800 128.28800
26 5 21 08 08 32931.00000 66.18200000 2342.64000 163.68000 26.69800 128.28800
26 5 21 08 08 32833.90000 65.75400000 2332.24000 163.40000 26.69800 128.28800
26 5 21 08 09 32806.40000 65.64300000 2329.88000 163.13000 26.69800 128.28800
26 5 21 08 09 32835.70000 65.81300000 2336.94000 162.99000 26.69800 128.28800
26 5 21 08 09 32817.90000 65.81300000 2332.49000 162.83000 26.51900 128.28800
26 5 21 08 10 32748.60000 65.75700000 2322.47000 162.44000 26.51900 128.28800
26 5 21 08 10 32836.80000 65.75700000 2325.78000 162.93000 26.51900 128.28800
26 5 21 08 11 32829.20000 66.17700000 2326.95000 163.32000 26.51900 128.28800
26 5 21 08 11 32787.30000 66.15100000 2326.56000 162.86000 26.51900 127.33200
26 5 21 08 12 32780.90000 65.65500000 2324.21000 162.48000 26.79300 126.78000
26 5 21 08 12 32638.10000 64.67400000 2311.00000 161.34000 26.46700 126.78000
26 5 21 08 12 32689.40000 64.98600000 2313.18000 161.13000 26.46700 126.78000
26 5 21 08 13 32660.90000 64.81000000 2311.95000 161.36000 26.46700 126.31800
