M=[
16 11 20 19 05 14106.60000 4.54000000 389.79000 60.63000 13.88000 56.22700
16 11 20 19 05 14106.60000 4.54000000 389.80000 60.63000 13.88000 56.22700
16 11 20 19 06 14106.70000 4.54000000 389.80000 60.56000 13.88000 56.15000
16 11 20 19 06 14106.80000 4.54000000 389.79000 60.56000 13.89000 56.15000
16 11 20 19 07 14106.70000 4.54000000 389.79000 60.56000 13.89000 56.15000
16 11 20 19 07 14106.80000 4.54000000 389.79000 60.56000 13.89000 56.15000
16 11 20 19 08 14106.70000 4.54000000 389.80000 60.58000 13.89000 56.15000
16 11 20 19 08 14106.80000 4.54000000 389.79000 60.58000 13.89000 56.15000
16 11 20 19 08 14106.70000 4.54000000 389.80000 60.57000 13.89000 56.15000
16 11 20 19 09 14106.90000 4.52200000 389.79000 60.57000 13.89000 56.15000
16 11 20 19 09 14118.90000 4.52200000 389.80000 60.52000 13.89000 56.15000
16 11 20 19 10 14120.50000 4.52200000 389.80000 60.48000 13.89000 56.01300
16 11 20 19 10 14132.60000 4.52200000 390.37000 60.60000 13.89000 56.01300
16 11 20 19 11 14139.00000 4.52200000 390.51000 60.60000 13.89000 56.01300
16 11 20 19 11 14140.00000 4.52200000 390.74000 60.60000 13.89000 56.01300
16 11 20 19 11 14147.70000 4.52200000 390.60000 60.60000 13.89000 56.22900
16 11 20 19 12 14149.00000 4.53000000 390.66000 60.60000 13.89000 56.22900
16 11 20 19 12 14148.90000 4.53000000 390.60000 60.60000 13.89000 56.22900
16 11 20 19 13 14159.90000 4.53000000 390.60000 60.60000 13.85600 56.23000
16 11 20 19 13 14159.90000 4.53000000 390.66000 60.60000 13.85800 56.41300
16 11 20 19 14 14160.00000 4.53000000 390.53000 60.60000 13.85800 56.29500
16 11 20 19 14 14159.90000 4.53000000 390.48000 60.60000 13.89000 56.32700
16 11 20 19 14 14160.00000 4.53000000 390.47000 60.72000 13.89000 56.32700
16 11 20 19 15 14179.70000 4.53000000 390.47000 60.72000 13.89000 56.32700
16 11 20 19 15 14181.90000 4.53000000 390.47000 60.73000 13.89000 56.32700
16 11 20 19 16 14181.80000 4.52200000 390.51000 60.71000 13.89000 56.32700
16 11 20 19 16 14181.80000 4.52200000 390.66000 60.71000 13.89000 56.32700
16 11 20 19 17 14181.90000 4.52200000 390.66000 60.71000 13.89000 56.41800
16 11 20 19 17 14188.00000 4.52200000 390.81000 60.74000 13.89000 56.41800
16 11 20 19 17 14190.00000 4.52200000 390.64000 60.76000 13.89000 56.41800
16 11 20 19 18 14192.30000 4.52200000 390.93000 60.81000 13.89000 56.41800
16 11 20 19 18 14210.00000 4.52200000 391.27000 60.95000 13.89000 56.41800
16 11 20 19 19 14210.80000 4.53200000 391.16000 60.97000 13.89000 56.41800
16 11 20 19 19 14200.00000 4.53200000 391.15000 60.90000 13.89000 56.41800
16 11 20 19 20 14200.10000 4.53200000 391.15000 60.90000 13.89000 56.46100
16 11 20 19 20 14200.00000 4.53200000 391.15000 60.94000 13.89000 56.46100
16 11 20 19 20 14200.10000 4.53200000 391.20000 60.94000 13.89000 56.58200
16 11 20 19 21 14205.70000 4.53200000 391.48000 60.94000 13.89000 56.60000
16 11 20 19 21 14209.10000 4.53200000 391.43000 60.98000 13.89000 56.60000
16 11 20 19 22 14214.90000 4.51300000 391.48000 60.98000 13.89000 56.81300
16 11 20 19 22 14215.00000 4.52900000 391.50000 61.00000 13.89000 56.81300
16 11 20 19 23 14214.90000 4.52900000 391.65000 61.00000 13.89000 56.68300
16 11 20 19 23 14216.70000 4.52900000 391.59000 61.00000 13.89000 56.76500
16 11 20 19 23 14216.80000 4.52900000 391.59000 61.00000 13.89000 56.93000
16 11 20 19 24 14216.80000 4.52900000 391.50000 60.99000 13.89000 56.89700
16 11 20 19 24 14215.00000 4.52900000 391.57000 60.99000 13.89000 56.89700
16 11 20 19 25 14205.50000 4.51300000 391.62000 60.98000 13.90000 56.89700
16 11 20 19 25 14200.70000 4.50900000 391.55000 60.91000 13.90000 56.89700
16 11 20 19 26 14205.80000 4.50900000 391.64000 60.94000 13.90000 56.89700
16 11 20 19 26 14200.00000 4.50900000 391.61000 60.94000 13.90000 56.89700
16 11 20 19 26 14200.20000 4.50900000 391.61000 60.92000 13.90000 56.89700
16 11 20 19 27 14204.10000 4.50900000 391.64000 60.92000 13.90000 56.89700
16 11 20 19 27 14226.20000 4.50900000 391.71000 60.96000 13.90000 56.89700
16 11 20 19 28 14217.10000 4.50900000 391.76000 61.00000 13.90000 56.89700
16 11 20 19 28 14225.40000 4.50900000 391.80000 61.00000 13.90000 56.89700
16 11 20 19 29 14224.20000 4.50900000 391.90000 61.00000 13.90000 56.88000
16 11 20 19 29 14220.30000 4.50900000 391.90000 61.02000 13.85500 56.88000
16 11 20 19 29 14216.80000 4.50900000 391.89000 61.02000 13.85500 56.74100
16 11 20 19 30 14210.70000 4.50900000 391.63000 60.99000 13.85500 56.74100
16 11 20 19 30 14210.10000 4.50900000 391.62000 60.98000 13.85500 56.74100
16 11 20 19 31 14210.10000 4.50900000 391.63000 60.95000 13.85500 56.74100
16 11 20 19 31 14210.00000 4.47400000 391.32000 60.97000 13.85500 56.74100
16 11 20 19 32 14210.10000 4.49700000 391.33000 60.97000 13.85500 56.71200
16 11 20 19 32 14210.10000 4.49700000 391.46000 61.02000 13.90000 56.71200
16 11 20 19 32 14210.00000 4.49700000 391.47000 61.00000 13.90000 56.71200
16 11 20 19 33 14210.00000 4.49700000 391.20000 60.92000 13.90000 56.68300
16 11 20 19 33 14204.40000 4.49700000 391.16000 60.97000 13.90000 56.68300
16 11 20 19 34 14206.00000 4.49700000 390.98000 60.97000 13.88300 56.68300
16 11 20 19 34 14204.20000 4.49700000 390.98000 61.00000 13.88300 56.68300
16 11 20 19 35 14204.20000 4.49700000 390.99000 61.00000 13.90000 56.68300
16 11 20 19 35 14204.50000 4.49700000 390.99000 61.00000 13.90000 56.75200
16 11 20 19 35 14204.50000 4.49700000 390.64000 60.89000 13.90000 56.75200
16 11 20 19 36 14190.10000 4.49700000 390.56000 60.85000 13.90000 56.75200
16 11 20 19 36 14191.60000 4.49700000 390.63000 60.80000 13.90000 56.75200
16 11 20 19 37 14195.00000 4.51100000 390.53000 60.75000 13.90000 56.75200
16 11 20 19 37 14180.00000 4.51100000 390.51000 60.69000 13.90000 56.75200
16 11 20 19 38 14175.60000 4.51100000 390.50000 60.63000 13.90000 56.75200
16 11 20 19 38 14183.10000 4.51100000 390.51000 60.66000 13.90000 56.75200
16 11 20 19 38 14184.50000 4.51100000 390.52000 60.66000 13.90000 56.75200
16 11 20 19 39 14185.30000 4.50800000 390.51000 60.77000 13.90000 56.75200
16 11 20 19 39 14185.40000 4.50800000 390.51000 60.72000 13.90000 56.75200
16 11 20 19 40 14180.20000 4.50800000 390.51000 60.72000 13.90000 56.75200
16 11 20 19 40 14175.00000 4.50800000 390.51000 60.62000 13.90900 56.75200
16 11 20 19 41 14175.10000 4.50800000 390.51000 60.60000 13.90900 56.28000
16 11 20 19 41 14175.00000 4.49500000 390.50000 60.43000 13.90900 56.28000
16 11 20 19 41 14165.50000 4.49500000 390.11000 60.41000 13.90900 56.28000
16 11 20 19 42 14151.90000 4.49500000 390.11000 60.31000 13.94000 56.28000
16 11 20 19 43 14162.10000 4.49500000 389.47000 60.38000 13.94000 56.28000
16 11 20 19 44 14162.00000 4.49500000 390.08000 60.42000 13.94000 56.28000
16 11 20 19 44 14162.00000 4.49500000 390.09000 60.43000 13.94000 56.28000
16 11 20 19 45 14163.80000 4.49500000 390.08000 60.40000 13.93900 56.28000
16 11 20 19 45 14184.30000 4.49500000 390.10000 60.43000 13.94000 56.28000
16 11 20 19 45 14180.50000 4.49500000 390.10000 60.43000 13.94000 56.28000
16 11 20 19 46 14171.80000 4.49500000 390.08000 60.39000 13.94000 56.28000
16 11 20 19 46 14168.40000 4.49500000 389.98000 60.42000 13.94000 56.28000
16 11 20 19 47 14176.70000 4.49500000 390.10000 60.42000 13.94000 56.35100
16 11 20 19 47 14180.50000 4.49500000 390.10000 60.42000 13.94000 56.35100
16 11 20 19 48 14174.70000 4.49500000 390.10000 60.36000 13.93900 56.33600
16 11 20 19 48 14170.50000 4.49500000 390.04000 60.26000 13.93900 56.28000
16 11 20 19 48 14170.00000 4.49500000 390.00000 60.20000 13.93900 56.28400
16 11 20 19 49 14171.10000 4.49500000 390.16000 60.19000 13.93900 56.28000
16 11 20 19 49 14171.10000 4.49500000 390.30000 60.19000 13.93900 56.28000
16 11 20 19 50 14171.00000 4.49500000 390.30000 60.19000 13.93900 56.28000
16 11 20 19 50 14171.10000 4.49500000 390.37000 60.39000 13.93900 56.28000
16 11 20 19 51 14177.20000 4.49500000 390.29000 60.35000 13.93900 56.28000
16 11 20 19 51 14176.80000 4.49500000 390.11000 60.25000 13.93900 56.28000
