M=[
 2 4 21 09 58 50634.30000 12.48700000 1692.49000 174.50000 32.35600 150.12800
 2 4 21 09 59 50638.20000 12.48700000 1693.03000 174.50000 32.35600 150.12800
 2 4 21 09 59 50640.00000 12.46600000 1693.65000 174.53000 32.48400 149.34000
 2 4 21 10 00 50642.30000 12.46600000 1694.58000 174.53000 32.48400 149.54400
 2 4 21 10 00 50629.60000 12.48900000 1693.95000 174.53000 32.48400 149.09200
 2 4 21 10 00 50590.10000 12.48900000 1693.23000 174.25000 32.48400 149.09200
 2 4 21 10 01 50618.00000 12.48900000 1693.18000 174.25000 32.60000 149.09200
 2 4 21 10 01 50582.90000 12.46900000 1691.05000 174.25000 32.60000 148.85100
 2 4 21 10 02 50587.00000 12.46500000 1691.05000 174.12000 32.79000 148.85100
 2 4 21 10 02 50611.50000 12.46500000 1691.50000 174.12000 32.79000 148.81000
 2 4 21 10 03 50602.40000 12.46500000 1691.28000 174.12000 32.79000 148.81000
 2 4 21 10 03 50599.60000 12.46500000 1691.57000 174.28000 32.79000 148.81000
 2 4 21 10 03 50590.20000 12.46500000 1692.15000 174.30000 32.79000 148.81000
 2 4 21 10 04 50608.30000 12.46500000 1692.82000 174.30000 32.79000 148.81000
 2 4 21 10 04 50600.30000 12.46500000 1692.88000 174.32000 32.79000 149.50800
 2 4 21 10 05 50608.40000 12.46500000 1692.76000 174.33000 32.79000 149.30300
 2 4 21 10 05 50600.90000 12.47700000 1691.94000 174.27000 32.79000 149.30300
 2 4 21 10 06 50597.60000 12.46500000 1691.82000 174.16000 32.79000 149.54700
 2 4 21 10 06 50597.60000 12.46500000 1692.12000 174.16000 32.79000 149.23400
 2 4 21 10 06 50588.60000 12.46600000 1692.13000 174.16000 32.62000 149.23400
 2 4 21 10 07 50588.80000 12.46600000 1692.23000 174.16000 32.62000 149.23400
 2 4 21 10 07 50589.50000 12.46600000 1692.36000 174.14000 32.62000 149.23400
 2 4 21 10 08 50589.60000 12.46600000 1692.50000 174.15000 32.62000 149.23400
 2 4 21 10 08 50578.90000 12.46600000 1692.49000 174.20000 32.62000 149.23400
 2 4 21 10 09 50566.60000 12.46500000 1692.01000 173.98000 32.62000 149.62900
 2 4 21 10 09 50558.10000 12.46500000 1691.75000 173.98000 32.62000 149.62900
 2 4 21 10 09 50548.20000 12.46500000 1691.32000 173.98000 32.62000 149.48100
 2 4 21 10 10 50545.20000 12.46500000 1690.94000 173.98000 32.62000 149.25300
 2 4 21 10 10 50548.30000 12.46500000 1690.69000 173.98000 32.62000 149.25300
 2 4 21 10 11 50546.40000 12.46500000 1690.67000 173.98000 32.62000 149.25300
 2 4 21 10 11 50556.10000 12.46500000 1690.68000 173.89000 32.62000 149.25300
 2 4 21 10 12 50557.10000 12.46500000 1690.90000 173.89000 32.62000 149.25300
 2 4 21 10 12 50552.80000 12.41900000 1690.79000 173.89000 32.62000 149.45900
 2 4 21 10 12 50542.00000 12.41900000 1690.84000 173.86000 32.62000 149.45900
 2 4 21 10 13 50539.60000 12.41900000 1690.60000 173.81000 32.62000 149.14900
 2 4 21 10 13 50524.90000 12.42900000 1690.01000 173.75000 32.62000 149.14900
 2 4 21 10 14 50515.60000 12.44600000 1690.01000 173.65000 32.62000 149.14900
 2 4 21 10 14 50519.10000 12.44600000 1690.01000 173.67000 32.80200 149.14900
 2 4 21 10 15 50515.20000 12.44600000 1690.00000 173.67000 32.80200 149.14900
 2 4 21 10 15 50542.00000 12.44600000 1690.01000 173.59000 32.80200 149.14900
 2 4 21 10 15 50567.40000 12.44600000 1690.02000 173.59000 32.80200 149.14900
 2 4 21 10 16 50600.00000 12.45300000 1692.05000 173.98000 32.80200 148.94100
 2 4 21 10 16 50611.40000 12.45300000 1692.49000 174.05000 32.80200 148.94100
 2 4 21 10 17 50620.00000 12.45300000 1692.50000 173.98000 32.80200 149.09600
 2 4 21 10 17 50600.20000 12.45300000 1692.50000 173.83000 32.80200 149.09600
 2 4 21 10 18 50587.50000 12.45300000 1692.00000 173.83000 32.80300 149.00800
 2 4 21 10 18 50592.30000 12.45300000 1692.99000 173.83000 32.80300 149.00800
 2 4 21 10 18 50603.00000 12.45300000 1693.08000 173.83000 32.80300 149.25900
 2 4 21 10 19 50603.50000 12.45300000 1693.39000 174.06000 32.72200 149.25900
 2 4 21 10 19 50588.10000 12.45300000 1693.17000 174.06000 32.72200 149.25900
 2 4 21 10 20 50588.10000 12.45300000 1693.28000 174.06000 32.72200 149.25900
 2 4 21 10 20 50599.80000 12.45300000 1693.28000 174.06000 32.72200 149.25900
 2 4 21 10 21 50620.00000 12.45300000 1693.28000 174.06000 32.72200 149.25900
 2 4 21 10 21 50619.90000 12.45300000 1693.29000 174.06000 32.72200 149.37200
 2 4 21 10 21 50619.90000 12.45300000 1693.29000 174.10000 32.80100 149.37200
 2 4 21 10 22 50619.90000 12.47700000 1693.28000 174.10000 32.80100 149.37200
 2 4 21 10 22 50621.90000 12.47700000 1693.29000 174.10000 32.80100 149.37200
 2 4 21 10 23 50626.00000 12.47700000 1693.29000 174.09000 32.80100 149.37200
 2 4 21 10 23 50632.10000 12.47700000 1694.08000 174.09000 32.80100 149.37200
 2 4 21 10 24 50633.40000 12.47700000 1694.11000 174.09000 32.80100 149.37200
 2 4 21 10 24 50647.50000 12.47700000 1694.32000 174.09000 32.80200 149.37200
 2 4 21 10 24 50650.00000 12.47700000 1694.32000 174.09000 32.80200 149.37200
 2 4 21 10 25 50655.00000 12.47700000 1694.56000 174.12000 32.80200 149.23000
 2 4 21 10 25 50642.10000 12.47700000 1694.39000 174.12000 32.80200 149.23000
 2 4 21 10 26 50638.40000 12.47700000 1694.20000 174.11000 32.80200 149.23000
 2 4 21 10 26 50599.90000 12.44700000 1694.12000 174.11000 32.80200 148.87900
 2 4 21 10 27 50599.90000 12.44700000 1694.17000 174.11000 32.80200 148.87900
 2 4 21 10 27 50625.70000 12.44700000 1694.16000 174.12000 32.80200 148.87900
 2 4 21 10 27 50632.20000 12.44700000 1694.56000 174.09000 32.80200 148.87900
 2 4 21 10 28 50648.00000 12.52400000 1694.56000 174.12000 32.33300 149.22500
 2 4 21 10 28 50655.00000 12.52400000 1694.56000 174.11000 32.33300 149.22500
 2 4 21 10 29 50650.80000 12.52400000 1694.56000 174.12000 32.33300 149.22500
 2 4 21 10 29 50650.80000 12.52400000 1694.56000 174.12000 32.33300 149.22500
 2 4 21 10 30 50638.80000 12.52400000 1694.55000 174.12000 32.33300 148.92800
 2 4 21 10 30 50650.20000 12.52100000 1694.56000 174.11000 32.33300 148.92800
 2 4 21 10 30 50647.80000 12.52100000 1694.56000 174.17000 32.33300 148.92800
 2 4 21 10 31 50635.30000 12.52500000 1694.55000 174.19000 32.33300 148.92800
 2 4 21 10 31 50636.50000 12.52500000 1696.39000 174.19000 32.33300 148.92800
 2 4 21 10 32 50636.50000 12.52500000 1696.46000 174.19000 32.33300 148.92800
 2 4 21 10 32 50636.50000 12.52500000 1696.78000 174.24000 32.33300 148.82300
 2 4 21 10 33 50636.50000 12.52500000 1696.78000 174.46000 32.33300 148.82300
 2 4 21 10 33 50651.20000 12.52500000 1696.78000 174.46000 32.33300 148.82300
 2 4 21 10 33 50648.30000 12.52500000 1696.77000 174.46000 32.33300 148.82300
 2 4 21 10 34 50651.60000 12.52500000 1696.90000 174.37000 32.33300 148.82300
 2 4 21 10 34 50644.60000 12.52500000 1696.87000 174.43000 32.33300 148.82300
 2 4 21 10 35 50650.80000 12.52500000 1697.12000 174.42000 32.33300 148.82300
 2 4 21 10 35 50652.60000 12.52500000 1697.13000 174.30000 32.60900 148.82300
 2 4 21 10 36 50648.70000 12.52500000 1697.26000 174.30000 32.60900 148.82300
 2 4 21 10 36 50648.50000 12.52500000 1696.81000 174.28000 32.60900 148.82300
 2 4 21 10 36 50648.40000 12.52500000 1696.19000 174.28000 32.60900 148.82300
 2 4 21 10 37 50634.00000 12.52500000 1696.15000 174.28000 32.60900 148.82300
 2 4 21 10 37 50595.20000 12.52500000 1696.16000 174.28000 32.60900 148.82700
 2 4 21 10 38 50608.50000 12.52500000 1696.15000 174.28000 32.60900 148.82700
 2 4 21 10 38 50606.90000 12.46900000 1696.15000 174.07000 32.60900 148.79900
 2 4 21 10 39 50636.10000 12.46900000 1696.15000 174.07000 32.60900 148.79900
 2 4 21 10 39 50636.20000 12.46900000 1698.40000 174.34000 32.60900 149.12000
 2 4 21 10 39 50636.20000 12.46900000 1696.94000 174.52000 32.60900 149.12000
 2 4 21 10 40 50636.00000 12.51500000 1696.17000 174.45000 32.64900 148.84400
 2 4 21 10 40 50614.30000 12.51500000 1696.30000 174.45000 32.64900 148.84400
 2 4 21 10 41 50606.90000 12.51500000 1696.15000 174.36000 32.64900 148.84400
 2 4 21 10 41 50606.80000 12.51500000 1695.67000 174.36000 32.64900 148.84400
 2 4 21 10 42 50600.00000 12.51500000 1695.84000 174.36000 32.64900 148.73600
