M=[
18 6 21 23 43 30280.40000 44.41100000 1887.40000 132.00000 18.70900 112.29100
18 6 21 23 44 30280.50000 44.41100000 1886.99000 132.00000 18.70900 112.19800
18 6 21 23 44 30305.90000 44.41100000 1887.47000 132.07000 18.70900 112.19800
18 6 21 23 45 30277.50000 44.41100000 1887.47000 132.07000 18.70900 112.19800
18 6 21 23 45 30277.50000 44.41100000 1884.53000 132.07000 18.70900 112.19800
18 6 21 23 46 30277.50000 44.41100000 1884.53000 132.07000 18.70900 112.19800
18 6 21 23 46 30280.40000 44.41100000 1885.35000 132.07000 18.70900 112.19800
18 6 21 23 46 30280.40000 44.41100000 1885.35000 132.07000 18.70900 112.19800
18 6 21 23 47 30286.00000 44.41100000 1885.35000 132.07000 18.70900 112.19800
18 6 21 23 47 30286.00000 44.41100000 1884.70000 132.07000 18.70900 112.19800
18 6 21 23 48 30260.50000 44.41100000 1883.67000 132.07000 18.70900 112.19800
18 6 21 23 48 30238.60000 44.41100000 1883.67000 132.07000 18.70900 112.19800
18 6 21 23 49 30212.90000 44.41100000 1883.67000 132.07000 18.70900 112.19800
18 6 21 23 49 30222.10000 44.41100000 1883.00000 132.07000 18.70900 112.19800
18 6 21 23 49 30222.10000 44.41100000 1883.00000 132.07000 18.70900 112.19800
18 6 21 23 50 30181.10000 44.41100000 1882.49000 132.07000 18.70900 112.19800
18 6 21 23 50 30192.50000 44.41100000 1882.89000 132.07000 18.70900 112.19800
18 6 21 23 51 30194.40000 44.41100000 1882.01000 132.07000 18.70900 112.19800
18 6 21 23 51 30174.40000 44.41100000 1882.01000 132.07000 18.70900 112.19800
18 6 21 23 52 30159.40000 44.41100000 1880.47000 131.82000 18.70900 112.19800
18 6 21 23 52 30144.50000 44.41100000 1880.01000 131.78000 18.58100 112.19800
18 6 21 23 52 30103.20000 44.41100000 1880.00000 131.76000 18.58100 112.19800
18 6 21 23 53 30109.40000 44.41100000 1879.60000 131.76000 18.58100 112.19800
18 6 21 23 53 30109.40000 44.41100000 1879.60000 131.76000 18.58100 112.19800
18 6 21 23 54 30085.30000 44.41100000 1879.60000 131.76000 18.58100 112.19800
18 6 21 23 54 30085.30000 44.41100000 1878.64000 131.76000 18.58100 112.19800
18 6 21 23 55 30106.80000 44.41100000 1879.59000 131.76000 18.58100 112.19800
18 6 21 23 55 30090.90000 44.41100000 1879.75000 131.76000 18.58100 112.19800
18 6 21 23 55 30094.20000 44.41100000 1879.75000 131.62000 18.58100 112.19800
18 6 21 23 56 30107.90000 44.41100000 1878.03000 131.65000 18.58100 112.19800
18 6 21 23 56 30094.10000 44.41100000 1877.53000 131.65000 18.58100 112.19800
18 6 21 23 57 30163.40000 44.41100000 1877.25000 131.68000 18.58100 112.19800
18 6 21 23 57 30182.60000 44.31600000 1880.88000 131.68000 18.58100 112.19800
18 6 21 23 58 30182.60000 44.31600000 1880.88000 131.88000 18.58100 112.19800
18 6 21 23 58 30190.70000 44.31600000 1882.72000 131.88000 18.58100 112.19800
18 6 21 23 58 30190.70000 44.31600000 1882.72000 131.88000 18.58100 112.19800
18 6 21 23 59 30187.30000 44.31600000 1882.82000 131.88000 18.58100 112.19800
18 6 21 23 59 30189.10000 44.31600000 1882.82000 131.88000 18.58100 112.19800
19 6 21 00 00 30216.70000 44.31600000 1885.25000 131.99000 18.58100 111.74900
19 6 21 00 00 30205.90000 44.36200000 1885.24000 131.90000 18.61500 111.97000
19 6 21 00 01 30212.50000 44.36200000 1885.24000 131.90000 18.61500 111.97000
19 6 21 00 01 30212.50000 44.37000000 1885.98000 131.77000 18.79300 111.43300
19 6 21 00 01 30169.20000 44.25900000 1880.67000 131.80000 18.79300 111.43300
19 6 21 00 02 30142.60000 44.25900000 1882.73000 131.54000 18.79300 111.11200
19 6 21 00 02 30142.60000 44.25900000 1886.00000 131.54000 18.79300 111.29500
19 6 21 00 03 30180.60000 44.25900000 1884.37000 131.88000 18.79300 111.29500
19 6 21 00 03 30146.10000 44.25900000 1884.37000 131.88000 18.79300 111.29500
19 6 21 00 04 30153.90000 44.25900000 1882.47000 131.88000 18.79300 111.29500
19 6 21 00 04 30158.70000 44.25900000 1883.45000 131.92000 18.79300 111.29500
19 6 21 00 04 30187.40000 44.25900000 1884.84000 131.92000 18.79300 111.29500
19 6 21 00 05 30193.40000 44.25900000 1884.84000 132.04000 18.79300 111.29500
19 6 21 00 05 30195.10000 44.25900000 1887.03000 132.04000 18.79300 111.29500
19 6 21 00 06 30172.30000 44.25900000 1887.03000 132.04000 18.79300 111.29500
19 6 21 00 06 30172.80000 44.25900000 1887.03000 132.03000 18.79300 111.29500
19 6 21 00 07 30172.80000 44.25900000 1887.03000 132.03000 18.79300 111.29500
19 6 21 00 07 30205.50000 44.25900000 1888.15000 132.03000 18.79300 111.29500
19 6 21 00 07 30233.70000 44.25900000 1890.00000 132.08000 18.79300 111.29500
19 6 21 00 08 30244.80000 44.25900000 1890.99000 132.17000 18.79300 111.29500
19 6 21 00 08 30248.30000 44.25900000 1893.17000 132.17000 18.79300 111.29500
19 6 21 00 09 30248.30000 44.25900000 1893.17000 132.29000 18.79300 111.29500
19 6 21 00 09 30248.40000 44.25900000 1894.38000 132.29000 18.79300 111.29500
19 6 21 00 10 30275.80000 44.25900000 1894.38000 132.29000 18.79300 111.29500
19 6 21 00 10 30271.00000 44.25900000 1894.38000 132.29000 18.79300 111.29500
19 6 21 00 10 30243.90000 44.25900000 1894.38000 132.29000 18.79300 111.29500
19 6 21 00 11 30280.40000 44.25900000 1894.38000 132.29000 18.79300 111.29500
19 6 21 00 11 30283.40000 44.25900000 1894.38000 132.29000 18.79300 111.29500
19 6 21 00 12 30288.30000 44.25900000 1894.38000 132.51000 18.79300 111.29500
19 6 21 00 12 30288.30000 44.25900000 1897.19000 132.53000 18.79300 111.29500
19 6 21 00 13 30290.90000 44.25900000 1897.19000 132.53000 18.79300 111.29500
19 6 21 00 13 30300.00000 44.25900000 1897.75000 132.53000 18.79300 111.29500
19 6 21 00 13 30300.00000 44.25900000 1898.00000 132.53000 18.79300 111.29500
19 6 21 00 14 30330.20000 44.25900000 1898.00000 132.53000 18.79300 111.29500
19 6 21 00 14 30343.70000 44.64700000 1898.00000 132.53000 18.79300 111.29500
19 6 21 00 15 30342.30000 44.64700000 1899.00000 132.53000 18.79300 111.29500
19 6 21 00 15 30344.60000 44.64700000 1898.99000 132.53000 18.79300 111.29500
19 6 21 00 16 30314.10000 44.64700000 1896.79000 132.69000 18.79300 111.29500
19 6 21 00 16 30297.80000 44.64700000 1896.95000 132.69000 18.79300 111.29500
19 6 21 00 16 30297.80000 44.68200000 1898.32000 132.69000 18.79300 111.29500
19 6 21 00 17 30281.90000 44.68200000 1896.83000 132.69000 18.79300 111.29500
19 6 21 00 17 30277.70000 44.68200000 1896.85000 132.69000 18.79300 111.29500
19 6 21 00 18 30244.00000 44.68200000 1896.01000 132.69000 18.79300 111.29500
19 6 21 00 18 30236.10000 44.68200000 1896.01000 132.69000 18.79300 111.29500
19 6 21 00 19 30249.00000 44.68200000 1894.65000 132.69000 18.79300 111.29500
19 6 21 00 19 30260.50000 44.68200000 1894.65000 132.69000 18.79300 111.29500
19 6 21 00 19 30277.40000 44.68200000 1896.22000 132.69000 18.79300 111.29500
19 6 21 00 20 30277.40000 44.68200000 1894.38000 132.68000 18.79300 111.29500
19 6 21 00 20 30249.10000 44.68200000 1894.08000 132.68000 18.79300 111.29500
19 6 21 00 21 30249.00000 44.68200000 1894.25000 132.58000 18.79300 111.29500
19 6 21 00 21 30249.10000 44.68200000 1894.02000 132.53000 18.79300 111.29500
19 6 21 00 22 30249.10000 44.68200000 1894.02000 132.53000 18.79300 111.29500
19 6 21 00 22 30249.00000 44.68200000 1895.45000 132.53000 18.79300 111.29500
19 6 21 00 22 30249.00000 44.68200000 1894.89000 132.53000 18.79300 111.29500
19 6 21 00 23 30235.30000 44.68200000 1894.89000 132.57000 18.79300 111.29500
19 6 21 00 23 30225.90000 44.68200000 1894.09000 132.57000 18.79300 111.29500
19 6 21 00 24 30223.30000 44.68200000 1895.06000 132.57000 18.79300 111.29500
19 6 21 00 24 30223.30000 44.68200000 1894.43000 132.57000 18.79300 111.29500
19 6 21 00 25 30225.80000 44.68200000 1894.43000 132.57000 18.79300 111.29500
19 6 21 00 25 30225.80000 44.68200000 1894.43000 132.57000 18.79300 111.29500
19 6 21 00 25 30240.50000 44.68200000 1894.43000 132.57000 18.79300 111.29500
19 6 21 00 26 30236.30000 44.68200000 1898.40000 132.57000 18.79300 111.29500
19 6 21 00 26 30248.10000 44.68200000 1899.00000 132.57000 18.79300 111.29500
19 6 21 00 27 30261.10000 44.68200000 1900.00000 132.57000 18.79300 111.29500
