M=[
14 7 20 02 34 8148.70000 5.55100000 211.19000 38.63000 16.39000 53.99800
14 7 20 02 34 8148.70000 5.55100000 211.26000 38.63000 16.39000 53.99800
14 7 20 02 35 8148.60000 5.55100000 211.29000 38.63000 16.39000 53.99800
14 7 20 02 35 8148.70000 5.55100000 211.26000 38.63000 16.39000 53.99800
14 7 20 02 35 8148.60000 5.55100000 211.26000 38.63000 16.39000 53.99800
14 7 20 02 36 8148.60000 5.55100000 211.26000 38.63000 16.39000 53.99800
14 7 20 02 36 8148.60000 5.55100000 211.16000 38.56000 16.39000 53.99800
14 7 20 02 37 8147.20000 5.55100000 211.16000 38.56000 16.39000 53.99800
14 7 20 02 37 8142.70000 5.55100000 211.00000 38.50000 16.39000 53.99800
14 7 20 02 38 8142.70000 5.55100000 211.07000 38.50000 16.39000 53.99800
14 7 20 02 38 8142.60000 5.55100000 211.06000 38.50000 16.39000 53.99800
14 7 20 02 39 8142.30000 5.55100000 211.06000 38.50000 16.39000 53.99800
14 7 20 02 39 8142.70000 5.55100000 211.16000 38.50000 16.39000 53.99800
14 7 20 02 39 8142.70000 5.55100000 211.12000 38.50000 16.39000 53.99800
14 7 20 02 40 8140.70000 5.55100000 211.16000 38.50000 16.39000 53.99800
14 7 20 02 40 8139.60000 5.55100000 211.13000 38.50000 16.39000 53.99800
14 7 20 02 41 8139.00000 5.55100000 211.13000 38.50000 16.39000 53.99800
14 7 20 02 41 8142.10000 5.55100000 211.13000 38.50000 16.39000 53.99800
14 7 20 02 42 8142.50000 5.55100000 211.13000 38.50000 16.39000 53.99800
14 7 20 02 42 8142.20000 5.55100000 211.12000 38.50000 16.39000 53.99800
14 7 20 02 43 8139.70000 5.55100000 211.12000 38.50000 16.39000 53.58000
14 7 20 02 43 8142.30000 5.55100000 211.12000 38.50000 16.39000 53.58000
14 7 20 02 43 8142.30000 5.55100000 211.12000 38.50000 16.39000 53.58000
14 7 20 02 44 8142.30000 5.55100000 211.12000 38.50000 16.39000 53.58000
14 7 20 02 44 8142.40000 5.55100000 211.12000 38.50000 16.39000 53.58000
14 7 20 02 45 8142.60000 5.55100000 211.13000 38.50000 16.39000 53.58000
14 7 20 02 45 8142.60000 5.55100000 211.13000 38.50000 16.39000 53.58000
14 7 20 02 46 8142.60000 5.55100000 211.13000 38.50000 16.39000 53.58000
14 7 20 02 46 8142.40000 5.55100000 211.13000 38.50000 16.39000 53.58000
14 7 20 02 47 8142.50000 5.55100000 211.12000 38.50000 16.39000 53.58000
14 7 20 02 47 8142.40000 5.55100000 211.12000 38.50000 16.39000 53.58000
14 7 20 02 48 8142.30000 5.55100000 211.12000 38.50000 16.39000 53.58000
14 7 20 02 48 8142.30000 5.55100000 211.12000 38.50000 16.39000 53.58000
14 7 20 02 48 8142.30000 5.55100000 211.12000 38.50000 16.39000 53.58000
14 7 20 02 49 8142.30000 5.55100000 211.04000 38.50000 16.39000 53.58000
14 7 20 02 49 8142.30000 5.55100000 211.13000 38.50000 16.39000 53.59500
14 7 20 02 50 8142.30000 5.55100000 211.25000 38.50000 16.39000 53.59500
14 7 20 02 50 8142.60000 5.55100000 211.25000 38.50000 16.39000 53.59500
14 7 20 02 51 8142.30000 5.55100000 211.25000 38.50000 16.39000 53.59500
14 7 20 02 51 8142.30000 5.55100000 211.25000 38.50000 16.39000 53.59500
14 7 20 02 52 8142.30000 5.55100000 211.29000 38.50000 16.39000 53.59500
14 7 20 02 52 8142.30000 5.55100000 211.29000 38.50000 16.39000 53.59500
14 7 20 02 53 8142.30000 5.55100000 211.34000 38.50000 16.39000 53.59500
14 7 20 02 53 8142.30000 5.55100000 211.34000 38.50000 16.39000 53.59500
14 7 20 02 54 8142.30000 5.55100000 211.26000 38.50000 16.39000 53.59500
14 7 20 02 54 8142.30000 5.55100000 211.26000 38.50000 16.39000 53.59500
14 7 20 02 54 8142.30000 5.55100000 211.26000 38.50000 16.39000 53.71300
14 7 20 02 55 8142.10000 5.55100000 211.26000 38.50000 16.39000 53.71300
14 7 20 02 55 8142.10000 5.55100000 211.26000 38.50000 16.39000 53.71300
14 7 20 02 56 8141.60000 5.55100000 211.26000 38.50000 16.39000 53.71300
14 7 20 02 56 8141.60000 5.55100000 211.26000 38.50000 16.39000 53.71300
14 7 20 02 57 8141.40000 5.55100000 211.26000 38.50000 16.39000 53.71300
14 7 20 02 57 8141.30000 5.55100000 211.26000 38.50000 16.39000 53.71300
14 7 20 02 58 8141.40000 5.55100000 211.26000 38.50000 16.39000 53.71300
14 7 20 02 58 8141.40000 5.55100000 211.26000 38.50000 16.39000 53.71300
14 7 20 02 58 8141.40000 5.55100000 211.26000 38.50000 16.39000 53.71300
14 7 20 02 59 8139.80000 5.55100000 211.25000 38.50000 16.39000 53.71300
14 7 20 02 59 8139.80000 5.55100000 211.26000 38.50000 16.39000 53.71300
14 7 20 03 00 8139.90000 5.55100000 211.26000 38.50000 16.39000 53.71300
14 7 20 03 00 8139.80000 5.55100000 211.26000 38.50000 16.39000 53.57900
14 7 20 03 01 8139.60000 5.55100000 211.26000 38.55000 16.39000 53.57900
14 7 20 03 01 8139.50000 5.55100000 211.26000 38.55000 16.39000 53.57900
14 7 20 03 02 8139.50000 5.55100000 211.25000 38.55000 16.39000 53.57900
14 7 20 03 02 8139.50000 5.55100000 211.26000 38.55000 16.39000 53.48700
14 7 20 03 02 8139.50000 5.55100000 211.26000 38.55000 16.39000 53.46700
14 7 20 03 03 8139.50000 5.55100000 211.26000 38.55000 16.39000 53.46700
14 7 20 03 03 8139.00000 5.55100000 211.26000 38.55000 16.39000 53.46700
14 7 20 03 04 8138.20000 5.55100000 211.26000 38.55000 16.39000 53.46700
14 7 20 03 04 8138.20000 5.55100000 211.26000 38.55000 16.39000 53.46700
14 7 20 03 05 8138.20000 5.55100000 211.26000 38.55000 16.39000 53.46700
14 7 20 03 05 8138.20000 5.55100000 211.31000 38.55000 16.43500 53.46700
14 7 20 03 06 8141.40000 5.55100000 211.37000 38.55000 16.43500 53.46700
14 7 20 03 06 8143.90000 5.55100000 211.37000 38.55000 16.43500 53.46700
14 7 20 03 07 8143.40000 5.55100000 211.37000 38.55000 16.43500 53.46700
14 7 20 03 07 8143.20000 5.55100000 211.40000 38.55000 16.43500 53.46700
14 7 20 03 07 8143.20000 5.55100000 211.40000 38.55000 16.43500 53.46700
14 7 20 03 08 8143.30000 5.55100000 211.40000 38.55000 16.43500 53.46700
14 7 20 03 08 8143.30000 5.55100000 211.40000 38.55000 16.43500 53.46700
14 7 20 03 09 8143.30000 5.55100000 211.41000 38.55000 16.37400 53.46700
14 7 20 03 09 8143.30000 5.55100000 211.41000 38.56000 16.37400 53.46700
14 7 20 03 10 8143.30000 5.55100000 211.41000 38.56000 16.37400 53.46700
14 7 20 03 10 8143.30000 5.55100000 211.41000 38.56000 16.37400 53.46700
14 7 20 03 11 8141.60000 5.55100000 211.41000 38.56000 16.37400 53.46700
14 7 20 03 11 8141.50000 5.55100000 211.37000 38.56000 16.37400 53.46700
14 7 20 03 11 8142.80000 5.55100000 211.37000 38.56000 16.37400 53.46700
14 7 20 03 12 8142.80000 5.55100000 211.37000 38.56000 16.37400 53.46700
14 7 20 03 12 8143.10000 5.55100000 211.37000 38.56000 16.37400 53.46700
14 7 20 03 13 8143.90000 5.55100000 211.37000 38.56000 16.37400 53.46700
14 7 20 03 13 8140.10000 5.55100000 211.36000 38.56000 16.37400 53.46700
14 7 20 03 14 8140.70000 5.55100000 211.36000 38.56000 16.37400 53.46700
14 7 20 03 14 8140.70000 5.55100000 211.37000 38.56000 16.37400 53.46700
14 7 20 03 15 8140.10000 5.55100000 211.36000 38.56000 16.37400 53.46700
14 7 20 03 15 8140.20000 5.55100000 211.37000 38.56000 16.37400 53.46700
14 7 20 03 16 8140.10000 5.54000000 211.37000 38.56000 16.37400 53.46700
14 7 20 03 16 8140.10000 5.54000000 211.37000 38.56000 16.37400 53.46700
14 7 20 03 16 8140.10000 5.54000000 211.36000 38.56000 16.37400 53.46700
14 7 20 03 17 8140.80000 5.54000000 211.36000 38.56000 16.37400 53.46700
14 7 20 03 17 8140.80000 5.54000000 211.36000 38.56000 16.37400 53.46700
14 7 20 03 18 8140.80000 5.54000000 211.37000 38.56000 16.37400 53.46700
14 7 20 03 18 8140.20000 5.54000000 211.37000 38.56000 16.37400 53.46700
14 7 20 03 19 8140.20000 5.54000000 211.37000 38.56000 16.37400 53.46700
14 7 20 03 19 8141.10000 5.54000000 211.36000 38.56000 16.37400 53.46700
14 7 20 03 19 8141.00000 5.54000000 211.36000 38.56000 16.37400 53.46700
14 7 20 03 20 8141.00000 5.54000000 211.36000 38.56000 16.37400 53.46700
14 7 20 03 20 8142.00000 5.54000000 211.26000 38.56000 16.37400 53.46700
14 7 20 03 21 8142.00000 5.54000000 211.25000 38.56000 16.37400 53.46700
14 7 20 03 21 8140.10000 5.54000000 211.25000 38.56000 16.37400 53.46700
14 7 20 03 22 8140.10000 5.54000000 211.25000 38.56000 16.37400 53.46700
14 7 20 03 22 8141.70000 5.54000000 211.26000 38.56000 16.37400 53.46700
