M=[
10 9 20 02 26 8799.80000 4.37700000 313.17000 41.64000 14.61100 52.23800
10 9 20 02 27 8801.20000 4.37700000 313.26000 41.64000 14.61100 52.23800
10 9 20 02 27 8801.00000 4.37700000 312.80000 41.64000 14.61100 52.23800
10 9 20 02 28 8800.90000 4.37700000 312.80000 41.64000 14.61100 52.23800
10 9 20 02 28 8789.60000 4.37700000 312.80000 41.64000 14.61100 52.23800
10 9 20 02 29 8793.60000 4.37700000 312.92000 41.64000 14.61100 52.23800
10 9 20 02 29 8793.10000 4.37700000 312.95000 41.64000 14.61100 52.23800
10 9 20 02 29 8795.80000 4.37700000 312.95000 41.64000 14.61100 52.23800
10 9 20 02 30 8795.90000 4.37700000 312.95000 41.64000 14.61100 52.23800
10 9 20 02 30 8798.30000 4.37700000 312.95000 41.64000 14.61100 52.23800
10 9 20 02 31 8798.20000 4.37700000 313.42000 41.64000 14.61100 52.23800
10 9 20 02 31 8798.40000 4.37700000 313.38000 41.64000 14.61100 52.23800
10 9 20 02 32 8793.20000 4.37700000 312.97000 41.64000 14.52900 52.23800
10 9 20 02 32 8790.60000 4.37700000 312.69000 41.64000 14.52900 52.23800
10 9 20 02 32 8788.80000 4.37700000 312.51000 41.62000 14.50100 52.09600
10 9 20 02 33 8789.00000 4.37700000 312.37000 41.62000 14.50100 52.09600
10 9 20 02 33 8788.40000 4.37700000 312.31000 41.62000 14.50100 52.09600
10 9 20 02 34 8788.50000 4.37700000 312.31000 41.62000 14.50100 52.09600
10 9 20 02 34 8788.50000 4.37700000 312.29000 41.62000 14.50100 52.09600
10 9 20 02 35 8782.60000 4.37700000 312.29000 41.62000 14.50100 52.09600
10 9 20 02 35 8786.40000 4.37700000 312.48000 41.62000 14.50100 52.09600
10 9 20 02 36 8786.40000 4.37700000 313.24000 41.62000 14.50100 52.09600
10 9 20 02 36 8790.10000 4.37700000 312.90000 41.62000 14.50100 52.09600
10 9 20 02 36 8792.10000 4.37700000 312.75000 41.62000 14.50100 52.09600
10 9 20 02 37 8793.80000 4.37700000 313.01000 41.62000 14.50100 52.09600
10 9 20 02 37 8794.10000 4.37700000 313.22000 41.62000 14.50100 52.09600
10 9 20 02 38 8794.20000 4.37700000 313.22000 41.62000 14.50100 52.09600
10 9 20 02 38 8794.20000 4.37700000 313.12000 41.62000 14.50100 52.09600
10 9 20 02 39 8794.40000 4.37700000 313.12000 41.62000 14.50100 52.09600
10 9 20 02 39 8795.00000 4.37700000 313.12000 41.62000 14.50100 52.22700
10 9 20 02 39 8795.50000 4.37700000 313.12000 41.62000 14.50100 52.22700
10 9 20 02 40 8794.60000 4.37700000 313.12000 41.62000 14.50100 52.22700
10 9 20 02 40 8792.50000 4.37700000 313.12000 41.62000 14.50100 52.22700
10 9 20 02 41 8792.50000 4.37700000 313.20000 41.62000 14.50100 52.22700
10 9 20 02 41 8792.70000 4.37700000 313.20000 41.62000 14.50100 52.22700
10 9 20 02 42 8792.90000 4.37700000 313.12000 41.62000 14.50100 52.22700
10 9 20 02 42 8792.90000 4.37700000 313.12000 41.62000 14.50100 52.22700
10 9 20 02 42 8795.70000 4.37700000 313.12000 41.62000 14.50100 52.22700
10 9 20 02 43 8800.00000 4.37700000 312.94000 41.62000 14.50100 52.22700
10 9 20 02 43 8800.00000 4.37700000 313.31000 41.62000 14.50100 52.22700
10 9 20 02 44 8800.00000 4.37700000 313.79000 41.62000 14.50100 52.22700
10 9 20 02 44 8803.40000 4.37700000 313.32000 41.62000 14.50100 52.22700
10 9 20 02 45 8803.40000 4.37700000 313.22000 41.62000 14.50100 52.22700
10 9 20 02 45 8806.90000 4.37700000 313.27000 41.62000 14.50100 52.22700
10 9 20 02 45 8806.80000 4.37700000 313.27000 41.62000 14.50100 52.22700
10 9 20 02 46 8806.20000 4.37700000 313.27000 41.62000 14.50100 52.22700
10 9 20 02 46 8808.00000 4.37700000 313.31000 41.62000 14.50100 52.22700
10 9 20 02 47 8810.30000 4.37700000 313.47000 41.62000 14.50100 52.22700
10 9 20 02 47 8810.30000 4.37700000 313.85000 41.62000 14.50100 52.22700
10 9 20 02 48 8814.90000 4.37700000 313.77000 41.62000 14.49200 52.22700
10 9 20 02 48 8814.80000 4.37700000 314.22000 41.62000 14.49200 52.22700
10 9 20 02 49 8807.30000 4.37700000 314.00000 41.62000 14.49200 52.22700
10 9 20 02 49 8814.90000 4.37700000 314.00000 41.62000 14.49200 52.22700
10 9 20 02 49 8815.00000 4.37700000 314.23000 41.62000 14.49200 52.22700
10 9 20 02 50 8807.50000 4.37700000 313.94000 41.62000 14.49200 52.22700
10 9 20 02 50 8807.50000 4.37700000 313.94000 41.62000 14.49200 52.22700
10 9 20 02 51 8807.50000 4.37700000 313.65000 41.62000 14.49200 52.22700
10 9 20 02 51 8801.20000 4.37700000 313.65000 41.62000 14.49200 52.22700
10 9 20 02 52 8799.80000 4.37700000 313.65000 41.62000 14.49200 52.03100
10 9 20 02 52 8801.00000 4.37700000 313.65000 41.62000 14.49200 52.03100
10 9 20 02 52 8801.00000 4.37700000 313.65000 41.62000 14.49200 52.03000
10 9 20 02 53 8801.20000 4.37700000 313.65000 41.65000 14.49200 52.03000
10 9 20 02 53 8793.80000 4.37700000 312.71000 41.65000 14.49200 52.03000
10 9 20 02 54 8792.70000 4.37700000 312.51000 41.65000 14.49200 52.03000
10 9 20 02 54 8792.70000 4.37700000 312.40000 41.57000 14.49200 52.03000
10 9 20 02 55 8792.70000 4.37700000 312.50000 41.57000 14.49200 52.03000
10 9 20 02 55 8792.70000 4.37700000 312.50000 41.57000 14.49200 52.03000
10 9 20 02 56 8792.90000 4.37700000 312.27000 41.57000 14.49200 52.03000
10 9 20 02 56 8792.60000 4.37700000 312.20000 41.57000 14.49200 52.03000
10 9 20 02 56 8792.70000 4.37700000 312.08000 41.57000 14.46200 52.03000
10 9 20 02 57 8793.20000 4.37700000 312.08000 41.57000 14.46200 52.03000
10 9 20 02 57 8793.00000 4.37700000 312.08000 41.57000 14.46200 52.03000
10 9 20 02 58 8793.00000 4.37700000 312.08000 41.57000 14.46200 52.03000
10 9 20 02 58 8792.80000 4.37700000 312.06000 41.57000 14.46200 52.03000
10 9 20 02 59 8791.40000 4.37700000 312.06000 41.57000 14.46200 52.03000
10 9 20 02 59 8791.00000 4.37700000 311.40000 41.57000 14.43600 52.03000
10 9 20 02 59 8791.10000 4.37700000 311.22000 41.57000 14.43600 52.03000
10 9 20 03 00 8784.00000 4.37700000 311.22000 41.57000 14.43600 52.03000
10 9 20 03 00 8784.00000 4.37700000 311.22000 41.57000 14.43600 52.03000
10 9 20 03 01 8779.10000 4.37700000 311.68000 41.57000 14.43600 52.03000
10 9 20 03 01 8778.60000 4.37700000 311.39000 41.57000 14.43600 52.03000
10 9 20 03 02 8778.20000 4.37700000 311.39000 41.57000 14.43600 52.03000
10 9 20 03 02 8784.00000 4.37700000 311.88000 41.57000 14.43600 52.03000
10 9 20 03 02 8784.00000 4.37700000 311.82000 41.57000 14.43600 52.03000
10 9 20 03 03 8784.10000 4.37700000 311.82000 41.57000 14.43600 52.03000
10 9 20 03 03 8784.10000 4.37700000 311.94000 41.57000 14.43600 52.03000
10 9 20 03 04 8784.10000 4.37700000 311.94000 41.57000 14.43600 52.03000
10 9 20 03 04 8784.00000 4.37700000 311.94000 41.55000 14.43600 52.03000
10 9 20 03 05 8778.00000 4.37700000 311.23000 41.55000 14.43600 52.03000
10 9 20 03 05 8777.90000 4.37700000 311.23000 41.55000 14.43600 52.03000
10 9 20 03 05 8777.90000 4.35500000 311.97000 41.55000 14.43600 52.03000
10 9 20 03 06 8781.30000 4.35500000 311.97000 41.55000 14.43600 52.03000
10 9 20 03 06 8786.80000 4.35500000 312.12000 41.55000 14.43600 52.03000
10 9 20 03 07 8782.80000 4.35500000 311.73000 41.55000 14.43600 52.03000
10 9 20 03 07 8782.80000 4.35500000 311.73000 41.55000 14.43600 52.03000
10 9 20 03 08 8786.70000 4.35500000 311.73000 41.55000 14.43600 52.03000
10 9 20 03 08 8785.10000 4.35500000 311.73000 41.55000 14.43600 52.03000
10 9 20 03 08 8783.80000 4.35500000 311.73000 41.55000 14.43600 52.03000
10 9 20 03 09 8784.40000 4.35500000 311.99000 41.55000 14.43600 52.03000
10 9 20 03 09 8786.00000 4.35500000 311.99000 41.55000 14.43600 52.03000
10 9 20 03 10 8784.70000 4.35500000 311.99000 41.55000 14.43600 52.03000
10 9 20 03 10 8786.80000 4.35500000 311.99000 41.55000 14.43600 51.82600
10 9 20 03 11 8787.90000 4.35500000 311.99000 41.55000 14.43600 51.82600
10 9 20 03 11 8787.90000 4.35500000 312.55000 41.55000 14.46000 51.82600
10 9 20 03 11 8788.00000 4.35500000 312.73000 41.55000 14.46000 51.82600
10 9 20 03 12 8784.90000 4.35500000 312.50000 41.55000 14.46000 51.82600
10 9 20 03 12 8786.70000 4.35500000 312.50000 41.64000 14.46000 51.82600
10 9 20 03 13 8786.70000 4.35500000 312.50000 41.64000 14.46000 51.82600
10 9 20 03 13 8786.60000 4.35500000 312.50000 41.64000 14.46000 51.82600
