M=[
11 4 21 22 32 50348.30000 16.90500000 1798.00000 209.22000 41.32000 186.70400
11 4 21 22 33 50301.20000 16.90500000 1797.94000 209.21000 41.32000 186.70400
11 4 21 22 33 50251.80000 16.90500000 1796.44000 209.21000 41.32000 186.70400
11 4 21 22 33 50286.00000 16.90500000 1796.44000 209.21000 41.32000 186.70400
11 4 21 22 34 50265.00000 16.90500000 1796.44000 209.21000 41.32000 186.70400
11 4 21 22 34 50280.50000 16.90500000 1796.44000 209.21000 41.32000 186.70400
11 4 21 22 35 50280.40000 16.90500000 1796.44000 209.21000 41.32000 186.70400
11 4 21 22 35 50280.50000 16.90500000 1796.33000 209.21000 41.46200 186.70400
11 4 21 22 36 50280.40000 16.90500000 1796.33000 209.21000 41.46200 186.70400
11 4 21 22 36 50280.50000 16.90500000 1796.33000 208.85000 41.46200 186.70400
11 4 21 22 36 50224.10000 16.84900000 1795.54000 208.47000 41.46200 186.70400
11 4 21 22 37 50222.00000 16.84900000 1795.54000 208.49000 41.44500 186.70400
11 4 21 22 37 50222.00000 16.84900000 1793.62000 208.57000 41.44500 186.70400
11 4 21 22 38 50222.10000 16.84900000 1793.97000 208.77000 41.44500 185.69600
11 4 21 22 38 50222.10000 16.85300000 1793.94000 208.75000 41.44500 185.12100
11 4 21 22 39 50222.00000 16.85300000 1793.94000 208.75000 41.44500 185.54200
11 4 21 22 39 50222.10000 16.85300000 1793.94000 208.52000 41.44500 185.54200
11 4 21 22 39 50222.10000 16.85300000 1793.03000 208.52000 41.44500 185.54200
11 4 21 22 40 50222.00000 16.85300000 1793.95000 209.00000 41.44500 185.54200
11 4 21 22 40 50222.10000 16.85300000 1794.96000 209.00000 41.39700 185.54200
11 4 21 22 41 50222.20000 16.85300000 1795.10000 209.43000 41.39700 185.86800
11 4 21 22 41 50222.20000 16.85300000 1796.31000 209.73000 41.39700 185.86800
11 4 21 22 42 50222.20000 16.87900000 1795.42000 209.54000 41.39700 185.86800
11 4 21 22 42 50222.20000 16.87900000 1795.33000 209.54000 41.39700 185.86800
11 4 21 22 42 50222.20000 16.87900000 1795.33000 209.54000 41.39700 185.86800
11 4 21 22 43 50222.20000 16.87900000 1793.77000 209.54000 41.39700 185.86800
11 4 21 22 43 50222.20000 16.87900000 1793.77000 209.36000 41.39700 185.86800
11 4 21 22 44 50222.20000 16.87900000 1793.88000 209.02000 41.39700 185.86800
11 4 21 22 44 50224.10000 16.85900000 1794.99000 209.02000 41.39700 185.86800
11 4 21 22 45 50224.20000 16.85900000 1794.99000 209.02000 41.39700 185.86800
11 4 21 22 45 50290.10000 16.85900000 1796.15000 209.02000 41.39700 185.86800
11 4 21 22 45 50290.00000 16.85900000 1795.79000 209.13000 41.39700 185.86800
11 4 21 22 46 50290.00000 16.85900000 1795.79000 209.01000 41.39700 185.86800
11 4 21 22 46 50290.10000 16.85900000 1795.28000 208.92000 41.39700 185.86800
11 4 21 22 47 50290.10000 16.85900000 1795.51000 208.92000 41.39700 185.20500
11 4 21 22 47 50320.00000 16.85900000 1796.95000 208.92000 41.39700 185.20500
11 4 21 22 48 50355.60000 16.83100000 1796.95000 208.92000 41.39700 185.62200
11 4 21 22 48 50367.00000 16.83100000 1797.98000 208.92000 41.39700 185.62200
11 4 21 22 48 50366.90000 16.83100000 1797.85000 208.92000 41.39700 185.62200
11 4 21 22 49 50370.60000 16.87800000 1797.75000 209.26000 41.39700 185.62200
11 4 21 22 49 50365.70000 16.87800000 1797.75000 209.26000 41.39700 185.62200
11 4 21 22 50 50372.40000 16.87800000 1797.53000 209.36000 41.39700 185.62200
11 4 21 22 50 50364.40000 16.87800000 1797.36000 209.36000 41.39700 185.62200
11 4 21 22 51 50380.90000 16.87800000 1797.37000 210.00000 41.39700 186.65900
11 4 21 22 51 50381.80000 16.87800000 1797.37000 210.00000 41.40100 186.65900
11 4 21 22 51 50390.00000 16.87800000 1797.37000 209.89000 41.40100 186.65900
11 4 21 22 52 50389.00000 16.87800000 1798.32000 209.82000 41.40100 186.65900
11 4 21 22 52 50395.90000 16.87800000 1798.42000 209.82000 41.40100 186.65900
11 4 21 22 53 50396.00000 16.87800000 1797.90000 209.93000 41.40100 186.86600
11 4 21 22 53 50396.00000 16.87800000 1798.38000 209.83000 41.40100 186.86600
11 4 21 22 54 50400.00000 16.87800000 1798.51000 209.83000 41.40100 186.86600
11 4 21 22 54 50399.90000 16.87800000 1798.10000 209.54000 41.40100 186.86600
11 4 21 22 54 50400.00000 16.87800000 1798.09000 209.54000 41.40100 186.86600
11 4 21 22 55 50400.00000 16.87800000 1798.09000 209.24000 41.40100 186.86600
11 4 21 22 55 50370.30000 16.87800000 1796.89000 209.07000 41.40100 186.86600
11 4 21 22 56 50370.30000 16.91400000 1796.89000 209.07000 41.40100 186.86600
11 4 21 22 56 50369.90000 16.91400000 1796.89000 209.07000 41.40100 186.86600
11 4 21 22 57 50339.90000 16.91400000 1796.88000 209.07000 41.40100 186.86600
11 4 21 22 57 50333.00000 16.91400000 1796.22000 209.07000 41.38000 186.86600
11 4 21 22 57 50338.70000 16.87900000 1796.80000 209.07000 41.38000 186.86600
11 4 21 22 58 50341.30000 16.87900000 1796.90000 209.52000 41.38000 186.86600
11 4 21 22 58 50391.30000 16.87900000 1798.71000 209.65000 41.38000 186.86600
11 4 21 22 59 50399.90000 16.87900000 1798.72000 209.66000 41.38000 187.26900
11 4 21 22 59 50400.00000 16.87900000 1798.72000 210.16000 41.38000 187.26900
11 4 21 23 00 50399.90000 16.87900000 1800.00000 210.24000 41.38000 187.26900
11 4 21 23 00 50395.30000 16.87900000 1800.00000 210.35000 41.38000 187.26900
11 4 21 23 00 50389.30000 16.87900000 1800.00000 209.95000 41.38000 187.26900
11 4 21 23 01 50391.60000 16.87900000 1800.00000 209.95000 41.38000 187.26900
11 4 21 23 01 50351.80000 16.87900000 1799.95000 209.58000 41.38000 187.26900
11 4 21 23 02 50363.90000 16.87900000 1800.00000 209.58000 41.38000 187.26900
11 4 21 23 02 50367.30000 16.87900000 1800.00000 209.73000 41.38000 187.26900
11 4 21 23 03 50349.70000 16.87900000 1800.00000 209.73000 41.38000 187.26900
11 4 21 23 03 50349.80000 16.87900000 1800.00000 209.73000 41.46400 187.26900
11 4 21 23 03 50340.60000 17.00000000 1800.00000 209.17000 41.46400 187.26900
11 4 21 23 04 50389.80000 17.00000000 1800.00000 209.40000 41.46400 187.26900
11 4 21 23 04 50374.70000 17.00000000 1800.18000 209.40000 41.46400 187.26900
11 4 21 23 05 50369.50000 17.00000000 1800.18000 209.40000 41.46400 187.26900
11 4 21 23 05 50340.00000 17.00000000 1800.22000 209.39000 41.46400 187.26900
11 4 21 23 06 50352.80000 16.95400000 1800.22000 209.39000 41.46400 187.26900
11 4 21 23 06 50333.10000 16.95400000 1800.26000 209.39000 41.46400 187.26900
11 4 21 23 06 50333.00000 16.95400000 1800.00000 209.39000 41.46400 187.26900
11 4 21 23 07 50346.90000 16.95400000 1800.02000 209.39000 41.46400 187.26900
11 4 21 23 07 50335.00000 16.95400000 1799.99000 209.39000 41.46400 187.26900
11 4 21 23 08 50334.70000 16.95400000 1799.99000 209.39000 41.46400 187.26900
11 4 21 23 08 50338.50000 16.95400000 1800.30000 209.39000 41.46400 187.26900
11 4 21 23 09 50342.50000 16.95400000 1800.30000 209.39000 41.46400 187.26900
11 4 21 23 09 50343.10000 16.95400000 1800.48000 209.39000 41.46400 187.26900
11 4 21 23 09 50343.10000 16.96700000 1800.48000 209.39000 41.46400 187.26900
11 4 21 23 10 50346.60000 16.96700000 1800.00000 209.39000 41.46400 187.26900
11 4 21 23 10 50346.60000 16.96700000 1800.99000 209.64000 41.46400 187.26900
11 4 21 23 11 50353.10000 16.96700000 1801.00000 209.64000 41.46400 187.26900
11 4 21 23 11 50353.10000 16.96700000 1801.00000 209.64000 41.46400 187.26900
11 4 21 23 12 50353.20000 16.96700000 1800.81000 209.47000 41.46400 187.26900
11 4 21 23 12 50353.20000 16.96700000 1800.65000 209.47000 41.46400 187.26900
11 4 21 23 12 50335.80000 16.96700000 1800.47000 209.47000 41.46400 187.26900
11 4 21 23 13 50333.10000 16.96700000 1800.29000 209.47000 41.46400 187.26900
11 4 21 23 13 50333.00000 16.96700000 1800.25000 209.20000 41.46400 187.26900
11 4 21 23 14 50316.30000 16.96700000 1800.25000 209.20000 41.46400 187.26900
11 4 21 23 14 50292.80000 16.96700000 1799.99000 209.17000 41.46400 187.26900
11 4 21 23 15 50305.40000 16.96700000 1798.26000 209.16000 41.25700 187.26900
11 4 21 23 15 50305.40000 16.96700000 1799.67000 209.16000 41.25700 185.48800
11 4 21 23 15 50330.00000 16.96700000 1799.94000 209.47000 41.25700 185.48800
