M=[
 6 8 21 05 57 34246.60000 44.01900000 2355.36000 123.56000 22.58700 101.54000
 6 8 21 05 57 34255.50000 44.01900000 2354.59000 123.56000 22.58700 101.54000
 6 8 21 05 57 34259.80000 44.01900000 2354.59000 123.58000 22.58700 101.54000
 6 8 21 05 58 34252.00000 44.01900000 2354.43000 123.58000 22.58700 101.54000
 6 8 21 05 58 34254.10000 44.01900000 2354.38000 123.59000 22.58700 101.54000
 6 8 21 05 59 34270.80000 44.01900000 2355.65000 123.59000 22.58700 101.54000
 6 8 21 05 59 34292.30000 44.01900000 2355.65000 123.59000 22.58700 101.54000
 6 8 21 06 00 34297.50000 44.01900000 2354.48000 123.59000 22.58700 101.54000
 6 8 21 06 00 34278.40000 44.01900000 2353.40000 123.59000 22.58700 101.54000
 6 8 21 06 00 34278.40000 44.01900000 2353.55000 123.59000 22.58700 101.54000
 6 8 21 06 01 34252.40000 44.01900000 2353.99000 123.59000 22.58700 101.54000
 6 8 21 06 01 34254.00000 44.01900000 2352.52000 123.59000 22.58700 101.54000
 6 8 21 06 02 34249.60000 44.01900000 2352.62000 123.53000 22.58700 101.54000
 6 8 21 06 02 34242.40000 44.01900000 2351.95000 123.49000 22.58700 101.54000
 6 8 21 06 03 34242.40000 44.01900000 2351.71000 123.49000 22.58700 101.54000
 6 8 21 06 03 34242.40000 44.01900000 2350.59000 123.49000 22.58700 101.54000
 6 8 21 06 03 34242.30000 43.98800000 2350.02000 123.49000 22.58700 101.54000
 6 8 21 06 04 34242.30000 43.98800000 2351.06000 123.49000 22.58700 101.54000
 6 8 21 06 04 34242.40000 43.95000000 2350.43000 123.49000 22.58700 101.54000
 6 8 21 06 05 34238.70000 43.95000000 2350.79000 123.47000 22.58700 101.54000
 6 8 21 06 05 34238.70000 43.95000000 2350.95000 123.47000 22.58700 101.54000
 6 8 21 06 06 34238.70000 43.95000000 2350.37000 123.51000 22.58700 101.54000
 6 8 21 06 06 34238.70000 43.95000000 2349.39000 123.51000 22.58700 101.54000
 6 8 21 06 06 34238.60000 43.93700000 2349.39000 123.51000 22.58700 101.54000
 6 8 21 06 07 34238.70000 43.93700000 2349.43000 123.44000 22.58700 101.54000
 6 8 21 06 07 34239.60000 43.93700000 2349.43000 123.44000 22.58700 101.54000
 6 8 21 06 08 34264.10000 43.93700000 2350.08000 123.44000 22.58700 101.58700
 6 8 21 06 08 34264.10000 43.93700000 2350.38000 123.44000 22.58700 101.58700
 6 8 21 06 09 34282.30000 43.93700000 2350.45000 123.44000 22.58700 101.58700
 6 8 21 06 09 34282.30000 43.93700000 2349.89000 123.44000 22.58700 101.58700
 6 8 21 06 10 34282.30000 43.93700000 2349.74000 123.44000 22.58700 101.58700
 6 8 21 06 10 34301.50000 43.93700000 2350.99000 123.44000 22.58700 101.58700
 6 8 21 06 10 34301.50000 43.93700000 2351.76000 123.44000 22.58700 101.58700
 6 8 21 06 11 34301.50000 43.93700000 2351.28000 123.44000 22.58700 101.58700
 6 8 21 06 11 34301.50000 43.93700000 2351.28000 123.44000 22.58700 101.58700
 6 8 21 06 12 34299.80000 43.93700000 2350.22000 123.53000 22.58700 101.36900
 6 8 21 06 12 34297.60000 43.93700000 2349.51000 123.53000 22.58700 101.36900
 6 8 21 06 13 34301.50000 43.93700000 2349.51000 123.53000 22.58700 101.36900
 6 8 21 06 13 34383.90000 43.93700000 2352.99000 123.53000 22.58700 101.36900
 6 8 21 06 13 34391.30000 43.93700000 2356.82000 123.79000 22.59400 101.36900
 6 8 21 06 14 34399.90000 43.93700000 2355.49000 123.72000 22.59400 101.36900
 6 8 21 06 14 34421.40000 43.93700000 2355.49000 123.72000 22.59400 101.36900
 6 8 21 06 15 34493.60000 43.93700000 2359.20000 123.72000 22.59400 101.36900
 6 8 21 06 15 34632.10000 44.23300000 2364.72000 124.24000 22.59500 101.36900
 6 8 21 06 16 34633.80000 44.18400000 2371.72000 124.34000 22.59500 101.36900
 6 8 21 06 16 34607.80000 44.18400000 2365.54000 124.23000 22.59500 101.99000
 6 8 21 06 16 34655.40000 44.18400000 2363.94000 124.23000 22.59500 101.99000
 6 8 21 06 17 34753.90000 44.31900000 2368.29000 124.34000 22.59500 101.99000
 6 8 21 06 17 34760.40000 44.31900000 2369.43000 124.45000 22.62400 101.99000
 6 8 21 06 18 34800.00000 44.31900000 2371.15000 124.52000 22.62400 101.99000
 6 8 21 06 18 34800.00000 44.31900000 2370.65000 124.59000 22.62400 101.99000
 6 8 21 06 19 34747.00000 44.31900000 2369.81000 124.55000 22.62400 101.99000
 6 8 21 06 19 34788.50000 44.31900000 2370.53000 124.55000 22.62400 101.99000
 6 8 21 06 19 34783.50000 44.31900000 2369.81000 124.55000 22.62400 101.99000
 6 8 21 06 20 34733.40000 44.31900000 2367.05000 124.54000 22.62400 101.99000
 6 8 21 06 20 34722.10000 44.31900000 2367.59000 124.32000 22.62400 101.99000
 6 8 21 06 21 34752.60000 44.35000000 2367.58000 124.36000 22.62400 101.99000
 6 8 21 06 21 34771.20000 44.35000000 2367.57000 124.36000 22.62400 101.99000
 6 8 21 06 22 34753.70000 44.35000000 2367.58000 124.36000 22.62400 101.99000
 6 8 21 06 22 34810.00000 44.35000000 2370.77000 124.29000 22.62400 101.99000
 6 8 21 06 23 34819.30000 44.35000000 2371.40000 124.29000 22.62400 101.99000
 6 8 21 06 23 34807.50000 44.38500000 2370.17000 124.29000 22.62400 101.99000
 6 8 21 06 23 34788.50000 44.38500000 2369.88000 124.29000 22.62400 101.99000
 6 8 21 06 24 34791.20000 44.38500000 2369.14000 124.38000 22.62400 101.99000
 6 8 21 06 24 34802.30000 44.38500000 2369.35000 124.41000 22.62400 101.99000
 6 8 21 06 25 34791.90000 44.38500000 2369.66000 124.46000 22.62400 101.99000
 6 8 21 06 25 34771.40000 44.38500000 2367.68000 124.42000 22.62400 101.99000
 6 8 21 06 26 34751.30000 44.38500000 2367.58000 124.42000 22.62400 101.99000
 6 8 21 06 26 34741.00000 44.38500000 2367.04000 124.42000 22.62400 101.99000
 6 8 21 06 26 34741.10000 44.39300000 2366.35000 124.42000 22.62400 101.99000
 6 8 21 06 27 34741.10000 44.39900000 2366.53000 124.30000 22.62400 101.99000
 6 8 21 06 27 34711.10000 44.39900000 2365.41000 124.31000 22.62400 101.99000
 6 8 21 06 28 34703.80000 44.39900000 2365.00000 124.31000 22.62400 101.99000
 6 8 21 06 28 34650.70000 44.39900000 2365.00000 124.31000 22.62400 101.99000
 6 8 21 06 29 34624.10000 44.39900000 2361.97000 124.30000 22.62400 101.99000
 6 8 21 06 29 34630.00000 44.39900000 2363.70000 124.30000 22.62400 102.04000
 6 8 21 06 29 34649.70000 44.39900000 2364.43000 124.23000 22.62400 102.04000
 6 8 21 06 30 34587.80000 44.39900000 2362.94000 124.09000 22.62400 102.04000
 6 8 21 06 30 34572.00000 44.39900000 2360.05000 124.01000 22.62400 102.04000
 6 8 21 06 31 34553.60000 44.39900000 2358.98000 124.01000 22.62400 102.04000
 6 8 21 06 31 34507.00000 44.39900000 2357.99000 124.01000 22.62400 102.04000
 6 8 21 06 32 34506.60000 44.39900000 2357.49000 123.79000 22.62400 102.04000
 6 8 21 06 32 34489.20000 44.09500000 2354.37000 123.70000 22.62400 102.04000
 6 8 21 06 32 34479.50000 44.09500000 2354.75000 123.59000 22.62400 102.04000
 6 8 21 06 33 34513.60000 44.09500000 2352.59000 123.59000 22.62400 102.04000
 6 8 21 06 33 34534.70000 44.09500000 2353.94000 123.62000 22.62400 102.04000
 6 8 21 06 34 34530.60000 44.09500000 2353.88000 123.72000 22.62400 102.04000
 6 8 21 06 34 34521.50000 44.09500000 2354.96000 123.65000 22.62400 102.04000
 6 8 21 06 35 34547.20000 44.09500000 2356.57000 123.65000 22.62400 102.04000
 6 8 21 06 35 34479.10000 44.09500000 2351.69000 123.51000 22.62400 102.04000
 6 8 21 06 35 34469.90000 44.09500000 2352.22000 123.51000 22.62400 102.04000
 6 8 21 06 36 34476.50000 44.09500000 2352.22000 123.47000 22.62400 102.04000
 6 8 21 06 36 34472.40000 44.09500000 2351.55000 123.47000 22.62400 102.04000
 6 8 21 06 37 34485.00000 44.09500000 2352.71000 123.51000 22.62400 102.04000
 6 8 21 06 37 34484.90000 44.09500000 2352.21000 123.51000 22.62400 102.04000
 6 8 21 06 38 34485.00000 44.11400000 2352.30000 123.49000 22.62400 102.04000
 6 8 21 06 38 34485.00000 44.11400000 2351.13000 123.50000 22.62400 102.04000
 6 8 21 06 39 34505.90000 44.11400000 2351.40000 123.33000 22.62400 102.04000
 6 8 21 06 39 34521.50000 44.11400000 2351.96000 123.33000 22.62400 102.04000
 6 8 21 06 39 34521.40000 44.18500000 2352.67000 123.33000 22.62400 102.04000
 6 8 21 06 40 34521.50000 44.18500000 2353.62000 123.33000 22.62400 102.04000
 6 8 21 06 40 34518.80000 44.18500000 2353.62000 123.33000 22.62400 102.04000
