M=[
22 9 20 11 31 8940.90000 4.94300000 291.21000 37.40000 11.80800 44.68000
22 9 20 11 31 8943.20000 4.94300000 291.27000 37.40000 11.80800 44.68000
22 9 20 11 32 8944.60000 4.94300000 291.33000 37.40000 11.80800 44.68000
22 9 20 11 32 8943.30000 4.94300000 291.39000 37.40000 11.80800 44.69300
22 9 20 11 32 8943.30000 4.94300000 291.39000 37.40000 11.80800 44.69300
22 9 20 11 33 8943.30000 4.94300000 291.34000 37.41000 11.80800 44.69300
22 9 20 11 33 8943.20000 4.94300000 291.49000 37.41000 11.80800 44.69300
22 9 20 11 34 8943.30000 4.94300000 291.47000 37.41000 11.80800 44.69300
22 9 20 11 34 8943.20000 4.94300000 291.47000 37.41000 11.80800 44.69300
22 9 20 11 35 8943.30000 4.94300000 291.47000 37.41000 11.80800 44.69300
22 9 20 11 35 8943.70000 4.94300000 291.47000 37.41000 11.80800 44.69300
22 9 20 11 35 8943.40000 4.94300000 291.47000 37.40000 11.80800 44.69300
22 9 20 11 36 8943.30000 4.94300000 291.52000 37.40000 11.80800 44.69300
22 9 20 11 36 8944.50000 4.94300000 291.52000 37.40000 11.80800 44.69300
22 9 20 11 37 8943.20000 4.94300000 291.52000 37.40000 11.80800 44.69300
22 9 20 11 37 8943.30000 4.94300000 291.52000 37.41000 11.80800 44.69300
22 9 20 11 38 8943.30000 4.94300000 291.52000 37.42000 11.80800 44.69300
22 9 20 11 38 8944.00000 4.94300000 291.52000 37.40000 11.80800 44.69300
22 9 20 11 38 8945.70000 4.94300000 291.54000 37.40000 11.80800 44.76900
22 9 20 11 39 8945.90000 4.94300000 291.75000 37.40000 11.80800 44.76900
22 9 20 11 39 8944.60000 4.94300000 291.52000 37.40000 11.80800 44.76900
22 9 20 11 40 8943.50000 4.94300000 291.24000 37.40000 11.80800 44.76900
22 9 20 11 40 8943.30000 4.94300000 291.24000 37.40000 11.80800 44.76900
22 9 20 11 41 8943.30000 4.94300000 291.30000 37.40000 11.80800 44.76900
22 9 20 11 41 8943.30000 4.94300000 291.31000 37.40000 11.80800 44.76900
22 9 20 11 41 8943.30000 4.94300000 291.31000 37.40000 11.80800 44.76900
22 9 20 11 42 8943.30000 4.94300000 291.25000 37.40000 11.80800 44.76900
22 9 20 11 42 8943.20000 4.94300000 291.25000 37.40000 11.80800 44.76900
22 9 20 11 43 8933.90000 4.94300000 290.82000 37.34000 11.80800 44.76900
22 9 20 11 43 8934.50000 4.94300000 290.81000 37.34000 11.80800 44.76900
22 9 20 11 44 8933.40000 4.94300000 290.81000 37.30000 11.80800 44.76900
22 9 20 11 44 8928.30000 4.94300000 290.53000 37.30000 11.80800 44.76900
22 9 20 11 44 8928.20000 4.94300000 290.37000 37.30000 11.80800 44.76900
22 9 20 11 45 8928.30000 4.94300000 290.36000 37.34000 11.80800 44.76900
22 9 20 11 45 8924.30000 4.94300000 290.35000 37.34000 11.80800 44.76900
22 9 20 11 46 8925.40000 4.94300000 290.35000 37.30000 11.80800 44.76900
22 9 20 11 46 8932.90000 4.94300000 290.26000 37.30000 11.80800 44.76900
22 9 20 11 47 8930.40000 4.94300000 290.20000 37.30000 11.80800 44.76900
22 9 20 11 47 8930.40000 4.94300000 290.43000 37.30000 11.80800 44.76900
22 9 20 11 47 8930.40000 4.94300000 290.43000 37.30000 11.80800 44.76900
22 9 20 11 48 8929.10000 4.94300000 290.05000 37.30000 11.80800 44.76900
22 9 20 11 48 8929.40000 4.94300000 290.05000 37.30000 11.80800 44.76900
22 9 20 11 49 8932.60000 4.94300000 290.56000 37.30000 11.80800 44.76900
22 9 20 11 49 8934.90000 4.94300000 290.59000 37.30000 11.80800 44.76900
22 9 20 11 50 8935.50000 4.94300000 290.69000 37.32000 11.80800 44.76900
22 9 20 11 50 8934.00000 4.94300000 290.71000 37.32000 11.80800 44.76900
22 9 20 11 50 8934.00000 4.94300000 290.57000 37.32000 11.80800 44.76900
22 9 20 11 51 8934.00000 4.94300000 290.57000 37.32000 11.80800 44.76900
22 9 20 11 51 8930.60000 4.94300000 290.18000 37.26000 11.66100 44.76900
22 9 20 11 52 8930.50000 4.94300000 290.18000 37.26000 11.66100 44.76900
22 9 20 11 52 8925.10000 4.94300000 290.16000 37.28000 11.68100 44.76900
22 9 20 11 53 8924.40000 4.94300000 290.23000 37.28000 11.66000 44.76900
22 9 20 11 53 8924.40000 4.94300000 290.23000 37.22000 11.66000 44.76900
22 9 20 11 53 8919.50000 4.94300000 290.00000 37.22000 11.59200 44.76900
22 9 20 11 54 8919.50000 4.94300000 289.94000 37.22000 11.56700 44.76900
22 9 20 11 54 8919.50000 4.94300000 289.57000 37.24000 11.56700 44.45900
22 9 20 11 55 8920.60000 4.94300000 290.13000 37.24000 11.56600 44.45900
22 9 20 11 55 8920.60000 4.94300000 289.81000 37.24000 11.52900 44.44200
22 9 20 11 56 8921.10000 4.94300000 289.82000 37.25000 11.52900 44.44200
22 9 20 11 56 8922.60000 4.94300000 289.82000 37.25000 11.52900 44.44200
22 9 20 11 57 8924.20000 4.94300000 289.81000 37.25000 11.52900 44.44200
22 9 20 11 57 8921.10000 4.94300000 290.08000 37.25000 11.52900 44.44200
22 9 20 11 57 8911.50000 4.94300000 290.08000 37.22000 11.52900 44.44200
22 9 20 11 58 8911.60000 4.94300000 289.65000 37.22000 11.52900 44.44200
22 9 20 11 58 8911.60000 4.94300000 289.65000 37.22000 11.52900 44.44200
22 9 20 11 59 8906.90000 4.94300000 289.19000 37.22000 11.52900 44.44200
22 9 20 11 59 8906.90000 4.94300000 289.19000 37.21000 11.52900 44.44200
22 9 20 12 00 8911.30000 4.94300000 289.19000 37.21000 11.52900 44.44200
22 9 20 12 00 8916.00000 5.02800000 289.66000 37.21000 11.52900 44.44200
22 9 20 12 00 8906.80000 5.02800000 289.66000 37.21000 11.52900 44.44200
22 9 20 12 01 8909.30000 5.02800000 289.28000 37.20000 11.52900 44.44200
22 9 20 12 01 8908.50000 5.02800000 289.28000 37.20000 11.52900 44.44200
22 9 20 12 02 8909.70000 5.02800000 289.19000 37.20000 11.52900 44.44200
22 9 20 12 02 8909.90000 4.94000000 289.53000 37.17000 11.51600 44.33900
22 9 20 12 03 8911.10000 4.93900000 289.34000 37.21000 11.51500 44.35900
22 9 20 12 03 8909.10000 4.93900000 289.24000 37.21000 11.51400 44.35900
22 9 20 12 04 8909.70000 4.93900000 289.36000 37.21000 11.51400 44.35900
22 9 20 12 04 8907.00000 4.93900000 289.36000 37.21000 11.51400 44.35900
22 9 20 12 04 8907.00000 4.93900000 289.28000 37.21000 11.51400 44.35900
22 9 20 12 05 8907.20000 4.93900000 289.35000 37.21000 11.55000 44.36100
22 9 20 12 05 8909.90000 4.93900000 289.67000 37.20000 11.55000 44.36100
22 9 20 12 06 8908.70000 4.93900000 289.57000 37.20000 11.55000 44.36100
22 9 20 12 06 8910.30000 4.93900000 289.41000 37.20000 11.55000 44.36100
22 9 20 12 07 8905.90000 4.93900000 289.41000 37.20000 11.55000 44.36100
22 9 20 12 07 8903.80000 4.93900000 289.43000 37.20000 11.55000 44.36100
22 9 20 12 07 8903.40000 4.93900000 289.43000 37.20000 11.55000 44.36100
22 9 20 12 08 8903.30000 4.93900000 289.43000 37.23000 11.55000 44.36100
22 9 20 12 08 8910.20000 4.93900000 289.43000 37.23000 11.55000 44.36100
22 9 20 12 09 8907.50000 4.93900000 289.54000 37.23000 11.55000 44.36100
22 9 20 12 09 8906.70000 4.93900000 289.54000 37.23000 11.55000 44.36100
22 9 20 12 10 8907.70000 4.93900000 289.54000 37.22000 11.55000 44.36100
22 9 20 12 10 8906.70000 4.93900000 289.54000 37.22000 11.55000 44.36100
22 9 20 12 10 8910.20000 4.93900000 289.54000 37.22000 11.55000 44.36100
22 9 20 12 11 8912.70000 4.93900000 289.56000 37.22000 11.55000 44.36100
22 9 20 12 11 8909.30000 4.93900000 289.55000 37.22000 11.55000 44.36100
22 9 20 12 12 8909.70000 4.93900000 289.56000 37.19000 11.55000 44.36100
22 9 20 12 12 8909.70000 4.93900000 289.55000 37.19000 11.55000 44.36100
22 9 20 12 13 8912.00000 4.94800000 289.55000 37.19000 11.55000 44.36100
22 9 20 12 13 8912.60000 4.94800000 289.55000 37.19000 11.55000 44.36100
22 9 20 12 13 8912.00000 4.94800000 289.56000 37.23000 11.55000 44.36100
22 9 20 12 14 8912.00000 4.94800000 289.55000 37.23000 11.55000 44.36100
22 9 20 12 14 8912.00000 4.94800000 289.55000 37.23000 11.55000 44.36100
22 9 20 12 15 8912.70000 4.94800000 289.56000 37.23000 11.55000 44.36100
22 9 20 12 15 8912.10000 4.94800000 289.56000 37.23000 11.55000 44.36100
22 9 20 12 16 8912.10000 4.94800000 289.55000 37.23000 11.55000 44.36100
22 9 20 12 16 8912.10000 4.94900000 289.54000 37.23000 11.55000 44.36100
22 9 20 12 17 8912.10000 4.94900000 289.54000 37.23000 11.55000 44.36100
22 9 20 12 17 8917.30000 4.94900000 289.54000 37.25000 11.55000 44.36100
22 9 20 12 17 8917.30000 4.94900000 289.54000 37.25000 11.55000 44.36100
