M=[
 7 2 21 12 17 32479.20000 7.04000000 1349.03000 126.61000 19.13800 78.15500
 7 2 21 12 17 32455.00000 7.04000000 1348.06000 126.52000 19.13800 78.15500
 7 2 21 12 18 32401.50000 7.04000000 1346.62000 126.45000 19.13800 78.15500
 7 2 21 12 18 32334.50000 7.04000000 1343.80000 126.30000 19.13800 78.15500
 7 2 21 12 18 32331.40000 7.04000000 1343.21000 126.21000 19.13800 77.87600
 7 2 21 12 19 32300.00000 7.01200000 1344.09000 126.16000 19.13800 77.87600
 7 2 21 12 19 32253.80000 7.01200000 1341.60000 126.00000 19.13800 77.87600
 7 2 21 12 20 32220.20000 7.01200000 1338.09000 125.91000 19.13800 77.87600
 7 2 21 12 20 32242.90000 7.01200000 1340.00000 125.77000 19.13800 77.69100
 7 2 21 12 21 32258.70000 7.01200000 1342.84000 125.77000 19.13800 77.69100
 7 2 21 12 21 32282.30000 7.01200000 1342.01000 126.06000 19.13800 77.69100
 7 2 21 12 21 32277.20000 7.01200000 1342.44000 126.24000 19.13800 77.69100
 7 2 21 12 22 32260.80000 7.01200000 1340.43000 126.02000 19.13800 77.69100
 7 2 21 12 22 32247.20000 7.01200000 1341.06000 126.03000 19.13800 77.69100
 7 2 21 12 23 32208.50000 6.95000000 1339.92000 125.98000 19.13800 77.69100
 7 2 21 12 23 32239.60000 6.95000000 1339.42000 126.05000 19.13800 77.69100
 7 2 21 12 24 32213.20000 6.95000000 1338.16000 125.91000 19.13800 77.50000
 7 2 21 12 24 32188.00000 6.95000000 1337.02000 125.70000 19.13800 77.50000
 7 2 21 12 24 32144.80000 6.95000000 1334.02000 125.43000 19.13800 77.20000
 7 2 21 12 25 32208.60000 6.94000000 1335.85000 125.50000 19.13800 77.21500
 7 2 21 12 25 32174.50000 6.94000000 1334.93000 125.27000 19.13800 77.11000
 7 2 21 12 26 32202.80000 6.94000000 1336.86000 125.69000 19.13800 77.17900
 7 2 21 12 26 32176.90000 6.91300000 1336.94000 125.52000 19.13800 77.17900
 7 2 21 12 27 32164.40000 6.94200000 1336.11000 125.25000 19.13800 77.17900
 7 2 21 12 27 32152.20000 6.92300000 1336.30000 125.09000 19.13800 77.17900
 7 2 21 12 27 32125.40000 6.92300000 1335.27000 125.00000 19.13800 77.17900
 7 2 21 12 28 32104.70000 6.90400000 1332.43000 125.03000 19.13800 77.16300
 7 2 21 12 28 32125.50000 6.91500000 1332.97000 125.03000 19.13800 77.16300
 7 2 21 12 29 32133.20000 6.91500000 1334.01000 125.09000 19.13800 77.16300
 7 2 21 12 29 32172.80000 6.91500000 1335.24000 125.38000 19.13800 77.16300
 7 2 21 12 30 32164.00000 6.91500000 1336.10000 125.45000 19.05300 77.16300
 7 2 21 12 30 32173.60000 6.91500000 1335.60000 125.10000 19.05300 77.19500
 7 2 21 12 30 32191.00000 6.91500000 1337.29000 125.51000 19.05300 77.19500
 7 2 21 12 31 32148.60000 6.91500000 1337.05000 125.50000 19.05300 77.19500
 7 2 21 12 31 32154.60000 6.91500000 1336.84000 125.52000 19.05300 77.19500
 7 2 21 12 32 32150.00000 6.91500000 1336.84000 125.41000 19.05300 77.19500
 7 2 21 12 32 32152.60000 6.91500000 1336.83000 125.31000 19.05300 77.19500
 7 2 21 12 33 32189.00000 6.91500000 1339.34000 125.48000 19.05300 77.19500
 7 2 21 12 33 32179.90000 6.94200000 1338.65000 125.48000 19.05300 77.19500
 7 2 21 12 33 32188.40000 6.94200000 1340.84000 125.55000 19.05300 77.19500
 7 2 21 12 34 32200.00000 6.94200000 1339.93000 125.74000 19.05300 77.19500
 7 2 21 12 34 32200.00000 6.94200000 1340.46000 125.73000 19.05300 77.19500
 7 2 21 12 35 32196.80000 6.94200000 1339.15000 125.58000 19.05300 77.19500
 7 2 21 12 35 32199.90000 6.94200000 1340.55000 125.64000 19.05300 77.19500
 7 2 21 12 36 32199.90000 6.94200000 1340.66000 125.75000 19.05300 77.19500
 7 2 21 12 36 32213.00000 6.94200000 1340.34000 125.74000 19.05300 77.19500
 7 2 21 12 36 32248.20000 6.94200000 1342.40000 125.90000 19.05300 77.19500
 7 2 21 12 37 32286.90000 6.95400000 1342.54000 126.02000 19.05300 77.19500
 7 2 21 12 37 32287.10000 6.95400000 1344.82000 125.97000 19.05300 77.47100
 7 2 21 12 38 32250.20000 6.96300000 1342.68000 125.81000 19.05300 77.46500
 7 2 21 12 38 32289.30000 6.96300000 1343.72000 125.81000 19.05300 77.35800
 7 2 21 12 39 32293.30000 6.96300000 1343.72000 126.02000 19.05300 77.35800
 7 2 21 12 39 32293.20000 6.96300000 1344.91000 126.07000 19.05300 77.35800
 7 2 21 12 39 32312.70000 6.96300000 1345.37000 126.09000 19.05300 77.35800
 7 2 21 12 40 32293.20000 6.96300000 1342.94000 125.92000 19.05300 77.47300
 7 2 21 12 40 32293.40000 6.96300000 1343.31000 126.00000 19.05300 77.47300
 7 2 21 12 41 32271.20000 6.95000000 1342.91000 126.03000 19.05300 77.47300
 7 2 21 12 41 32241.80000 6.95000000 1342.72000 125.85000 19.05300 77.47300
 7 2 21 12 42 32244.70000 6.95000000 1344.44000 126.06000 19.05300 77.47300
 7 2 21 12 42 32254.20000 6.95000000 1343.61000 126.14000 19.05300 77.47300
 7 2 21 12 42 32215.50000 6.95000000 1343.30000 125.98000 19.05300 77.47300
 7 2 21 12 43 32211.00000 6.97200000 1342.91000 125.94000 19.05300 77.47300
 7 2 21 12 43 32173.00000 6.97200000 1341.38000 125.76000 19.05300 77.47300
 7 2 21 12 44 32158.70000 6.97200000 1342.62000 125.61000 19.05300 77.34600
 7 2 21 12 44 32150.20000 6.97200000 1343.70000 125.84000 19.05300 77.34600
 7 2 21 12 45 32173.90000 6.97200000 1344.00000 125.69000 19.05300 77.34600
 7 2 21 12 45 32226.00000 6.97200000 1345.87000 125.84000 19.05300 77.34600
 7 2 21 12 45 32232.40000 6.97200000 1347.56000 125.96000 19.05300 77.34600
 7 2 21 12 46 32209.10000 6.97200000 1345.26000 125.98000 19.05300 77.34600
 7 2 21 12 46 32228.50000 6.97200000 1344.97000 125.98000 19.05300 77.34600
 7 2 21 12 47 32218.50000 6.97200000 1344.52000 125.96000 19.05300 77.34600
 7 2 21 12 47 32212.30000 6.97200000 1344.49000 125.90000 19.05300 77.34600
 7 2 21 12 48 32224.30000 6.97200000 1343.30000 125.85000 19.05300 77.34600
 7 2 21 12 48 32224.30000 6.97200000 1343.12000 126.01000 19.05300 77.34600
 7 2 21 12 48 32227.20000 6.97200000 1342.13000 125.87000 19.05300 77.34600
 7 2 21 12 49 32231.80000 6.97200000 1343.77000 125.99000 19.05300 77.34600
 7 2 21 12 49 32237.70000 6.97200000 1343.77000 126.02000 19.05300 77.34600
 7 2 21 12 50 32238.40000 6.97200000 1344.03000 126.10000 19.05300 77.94800
 7 2 21 12 50 32245.40000 6.94800000 1343.51000 126.10000 19.05300 77.94800
 7 2 21 12 51 32262.00000 6.94800000 1344.00000 126.01000 19.05300 77.86600
 7 2 21 12 51 32256.10000 6.94800000 1344.00000 126.01000 19.05300 77.86600
 7 2 21 12 51 32256.10000 6.94800000 1344.66000 126.10000 19.05300 77.86600
 7 2 21 12 52 32263.00000 6.94800000 1344.27000 126.27000 19.05300 77.86600
 7 2 21 12 52 32281.70000 6.99800000 1345.42000 126.26000 19.05300 77.86600
 7 2 21 12 53 32260.00000 6.98500000 1345.00000 126.31000 19.05300 77.86600
 7 2 21 12 53 32264.00000 6.98500000 1343.26000 126.31000 19.05300 77.86600
 7 2 21 12 54 32269.90000 6.98500000 1343.91000 126.42000 19.05300 77.86600
 7 2 21 12 54 32276.00000 6.98600000 1343.92000 126.36000 19.05300 78.24000
 7 2 21 12 54 32262.40000 6.98600000 1343.30000 126.29000 19.05300 78.24000
 7 2 21 12 55 32223.60000 6.98600000 1343.43000 126.30000 19.05300 78.24000
 7 2 21 12 55 32250.00000 6.98600000 1344.04000 126.31000 19.05300 78.24000
 7 2 21 12 56 32250.00000 6.98600000 1344.71000 126.30000 19.05300 78.24000
 7 2 21 12 56 32249.90000 6.98600000 1344.64000 126.32000 19.05300 78.24000
 7 2 21 12 57 32250.00000 6.98600000 1344.08000 126.32000 19.05300 78.24000
 7 2 21 12 57 32293.30000 6.98600000 1344.65000 126.47000 19.05300 78.24000
 7 2 21 12 57 32293.30000 6.98600000 1346.10000 126.46000 19.05300 78.24000
 7 2 21 12 58 32293.20000 7.01500000 1346.91000 126.48000 19.05300 78.30500
 7 2 21 12 58 32293.20000 7.01500000 1345.17000 126.48000 19.05300 78.30500
 7 2 21 12 59 32293.30000 7.01500000 1345.15000 126.59000 19.05300 78.30500
 7 2 21 12 59 32299.40000 7.01500000 1345.01000 126.90000 19.05300 78.30500
 7 2 21 13 00 32295.30000 7.01500000 1345.03000 126.90000 19.05300 78.30500
 7 2 21 13 00 32299.90000 7.03200000 1345.16000 126.89000 19.05300 78.30500
 7 2 21 13 00 32300.00000 7.04600000 1345.92000 126.97000 19.05300 78.30500
 7 2 21 13 01 32328.80000 7.04600000 1344.90000 126.92000 19.08000 78.30500
 7 2 21 13 01 32295.40000 7.03100000 1344.85000 127.00000 19.08000 78.30500
