M=[
30 9 20 08 33 9137.00000 4.84800000 302.83000 39.14000 12.11200 51.55200
30 9 20 08 33 9139.70000 4.84800000 302.97000 39.14000 12.11200 51.55200
30 9 20 08 34 9139.70000 4.84800000 302.97000 39.18000 12.11200 51.55200
30 9 20 08 34 9139.70000 4.84800000 303.01000 39.18000 12.11200 51.55200
30 9 20 08 34 9141.80000 4.84800000 303.01000 39.19000 12.11200 51.55200
30 9 20 08 35 9143.20000 4.84800000 303.01000 39.19000 12.11200 51.55200
30 9 20 08 35 9143.20000 4.84800000 303.09000 39.19000 12.11200 51.55200
30 9 20 08 36 9143.10000 4.84800000 303.13000 39.19000 12.11200 51.58600
30 9 20 08 36 9146.40000 4.84800000 303.24000 39.19000 12.11200 51.58600
30 9 20 08 37 9146.40000 4.84800000 303.24000 39.19000 12.11200 51.58600
30 9 20 08 37 9146.40000 4.84800000 303.25000 39.19000 12.11200 51.58600
30 9 20 08 37 9146.20000 4.84800000 303.25000 39.19000 12.11200 51.58600
30 9 20 08 38 9147.00000 4.84800000 303.25000 39.19000 12.11200 51.58600
30 9 20 08 38 9147.00000 4.84800000 303.30000 39.19000 12.11200 51.58600
30 9 20 08 39 9147.10000 4.84800000 303.30000 39.20000 12.11200 51.58600
30 9 20 08 39 9147.00000 4.84800000 303.30000 39.20000 12.11200 51.58600
30 9 20 08 40 9147.10000 4.84800000 303.41000 39.24000 12.11200 51.58600
30 9 20 08 40 9147.10000 4.84800000 303.45000 39.24000 12.11200 51.58600
30 9 20 08 40 9149.20000 4.84800000 303.68000 39.29000 12.11200 51.58600
30 9 20 08 41 9149.20000 4.84800000 303.80000 39.29000 12.11200 51.58600
30 9 20 08 41 9149.20000 4.84800000 303.80000 39.29000 12.11200 51.58600
30 9 20 08 42 9149.40000 4.84800000 303.80000 39.29000 12.11200 51.58600
30 9 20 08 42 9149.50000 4.84800000 303.80000 39.29000 12.11200 51.58600
30 9 20 08 43 9149.40000 4.84800000 303.84000 39.29000 12.11200 51.58600
30 9 20 08 43 9149.40000 4.84800000 303.84000 39.29000 12.11200 51.58600
30 9 20 08 43 9155.70000 4.84800000 303.84000 39.29000 12.11200 51.58600
30 9 20 08 44 9157.50000 4.84800000 303.91000 39.29000 12.11200 51.58600
30 9 20 08 44 9157.80000 4.84800000 303.92000 39.29000 12.11200 51.58600
30 9 20 08 45 9157.90000 4.84800000 303.92000 39.32000 12.11200 51.58600
30 9 20 08 45 9158.00000 4.84800000 303.92000 39.32000 12.11200 51.58600
30 9 20 08 46 9157.90000 4.84800000 304.00000 39.34000 12.11200 51.58600
30 9 20 08 46 9158.00000 4.84800000 304.00000 39.34000 12.11200 51.58600
30 9 20 08 46 9158.00000 4.84800000 304.00000 39.34000 12.11200 51.58600
30 9 20 08 47 9160.00000 4.84800000 304.00000 39.34000 12.11200 51.58600
30 9 20 08 47 9160.00000 4.84800000 304.00000 39.34000 12.11200 51.58600
30 9 20 08 48 9157.80000 4.84800000 303.92000 39.36000 12.11200 51.58600
30 9 20 08 48 9159.90000 4.84800000 303.92000 39.36000 12.11200 51.55100
30 9 20 08 49 9159.40000 4.84800000 303.92000 39.36000 12.11200 51.55100
30 9 20 08 49 9158.70000 4.84800000 303.92000 39.35000 12.11200 51.55100
30 9 20 08 49 9158.60000 4.84800000 303.93000 39.35000 12.11200 51.55100
30 9 20 08 50 9158.60000 4.84800000 303.93000 39.35000 12.11200 51.55100
30 9 20 08 50 9160.00000 4.84800000 303.93000 39.35000 12.11200 51.55100
30 9 20 08 51 9159.90000 4.84800000 304.00000 39.35000 12.11200 51.55100
30 9 20 08 51 9159.90000 4.84800000 304.00000 39.36000 12.11200 51.55100
30 9 20 08 52 9159.00000 4.84800000 304.00000 39.36000 12.11200 51.55100
30 9 20 08 52 9157.60000 4.84800000 304.00000 39.36000 12.11200 51.55100
30 9 20 08 52 9159.20000 4.84800000 303.96000 39.36000 12.11200 51.55100
30 9 20 08 53 9160.00000 4.84800000 303.92000 39.36000 12.11200 51.55100
30 9 20 08 53 9159.20000 4.84800000 303.92000 39.36000 12.11200 51.55100
30 9 20 08 54 9158.40000 4.84800000 303.92000 39.36000 12.11200 51.55100
30 9 20 08 54 9159.00000 4.84800000 303.92000 39.36000 12.11200 51.55100
30 9 20 08 55 9158.40000 4.84800000 303.92000 39.36000 12.11200 51.55100
30 9 20 08 55 9158.90000 4.84800000 303.92000 39.36000 12.11200 51.55100
30 9 20 08 55 9159.00000 4.84800000 303.92000 39.36000 12.11200 51.55100
30 9 20 08 56 9158.30000 4.84800000 303.98000 39.36000 12.11200 51.55100
30 9 20 08 56 9158.90000 4.84800000 303.98000 39.36000 12.11200 51.55100
30 9 20 08 57 9157.60000 4.84800000 303.98000 39.36000 12.11200 51.55100
30 9 20 08 57 9155.50000 4.84800000 303.92000 39.36000 12.11200 51.55100
30 9 20 08 58 9156.00000 4.84800000 303.92000 39.36000 12.11200 51.55100
30 9 20 08 58 9155.70000 4.84800000 303.92000 39.36000 12.11200 51.55100
30 9 20 08 59 9155.00000 4.84800000 303.92000 39.36000 12.11200 51.55100
30 9 20 08 59 9153.20000 4.84800000 303.93000 39.36000 12.11200 51.55100
30 9 20 08 59 9153.30000 4.84800000 303.91000 39.36000 12.11200 51.55100
30 9 20 09 00 9153.40000 4.84800000 303.55000 39.36000 12.11200 51.55100
30 9 20 09 00 9153.40000 4.84800000 303.55000 39.34000 12.11200 51.39300
30 9 20 09 01 9153.30000 4.84800000 303.49000 39.33000 12.11200 51.34600
30 9 20 09 01 9153.40000 4.84800000 303.48000 39.29000 12.11200 51.34600
30 9 20 09 02 9154.50000 4.84800000 303.49000 39.29000 12.11200 51.34600
30 9 20 09 02 9153.40000 4.84800000 303.53000 39.29000 12.11200 51.34600
30 9 20 09 02 9153.30000 4.84800000 303.53000 39.29000 12.11200 51.34600
30 9 20 09 03 9153.40000 4.84800000 303.49000 39.31000 12.11200 51.34600
30 9 20 09 03 9153.40000 4.84800000 303.49000 39.31000 12.11200 51.34600
30 9 20 09 04 9151.40000 4.84800000 303.35000 39.31000 12.11200 51.34600
30 9 20 09 04 9151.30000 4.84800000 303.30000 39.29000 12.11200 51.34600
30 9 20 09 05 9150.40000 4.84800000 303.17000 39.29000 12.11200 51.34600
30 9 20 09 05 9148.00000 4.84800000 303.17000 39.29000 12.11200 51.34600
30 9 20 09 05 9146.30000 4.84800000 303.17000 39.29000 12.11200 51.34600
30 9 20 09 06 9142.40000 4.84800000 302.99000 39.29000 12.11200 51.34600
30 9 20 09 06 9140.80000 4.84800000 302.77000 39.29000 12.11200 51.34600
30 9 20 09 07 9141.50000 4.84800000 302.83000 39.29000 12.11200 51.34600
30 9 20 09 07 9144.00000 4.84800000 302.97000 39.29000 12.11200 51.34600
30 9 20 09 08 9144.10000 4.84800000 302.97000 39.29000 12.11200 51.34600
30 9 20 09 08 9145.20000 4.84800000 302.97000 39.29000 12.11200 51.34600
30 9 20 09 08 9145.30000 4.84800000 302.97000 39.27000 12.11200 51.34600
30 9 20 09 09 9145.30000 4.84800000 303.11000 39.26000 12.11200 51.34600
30 9 20 09 09 9145.20000 4.84800000 303.11000 39.26000 12.11200 51.34600
30 9 20 09 10 9145.20000 4.84800000 303.11000 39.22000 12.11200 51.34600
30 9 20 09 10 9140.00000 4.84800000 302.81000 39.22000 12.11200 51.34600
30 9 20 09 11 9140.90000 4.84800000 302.78000 39.22000 12.11200 51.34600
30 9 20 09 11 9136.60000 4.84800000 302.39000 39.22000 12.11200 51.34600
30 9 20 09 11 9136.70000 4.84800000 302.39000 39.22000 12.11200 51.34600
30 9 20 09 12 9135.00000 4.84800000 302.11000 39.17000 12.11200 51.34600
30 9 20 09 12 9135.10000 4.84800000 302.19000 39.17000 12.11200 51.34600
30 9 20 09 13 9132.90000 4.84800000 302.32000 39.17000 12.11200 51.34600
30 9 20 09 13 9132.90000 4.84800000 302.41000 39.17000 12.11200 51.34600
30 9 20 09 14 9132.90000 4.84800000 302.41000 39.17000 12.11200 51.34600
30 9 20 09 14 9132.80000 4.84800000 302.37000 39.17000 12.11200 51.34600
30 9 20 09 15 9133.60000 4.84800000 302.38000 39.17000 12.11200 51.34600
30 9 20 09 15 9130.90000 4.84800000 302.32000 39.16000 12.11200 51.34600
30 9 20 09 15 9131.10000 4.84800000 302.40000 39.16000 12.11200 51.34600
30 9 20 09 16 9133.10000 4.84800000 302.75000 39.16000 12.11200 51.34600
30 9 20 09 16 9139.30000 4.84800000 302.86000 39.16000 12.11200 51.34600
30 9 20 09 17 9139.90000 4.84800000 302.94000 39.16000 12.11200 51.34600
30 9 20 09 17 9134.60000 4.84800000 302.94000 39.16000 12.11200 51.34600
30 9 20 09 18 9134.60000 4.84800000 302.75000 39.16000 12.11200 51.34600
30 9 20 09 18 9133.60000 4.84800000 302.78000 39.16000 12.11200 51.34600
30 9 20 09 18 9133.50000 4.84800000 302.78000 39.16000 12.11200 51.34600
30 9 20 09 19 9136.50000 4.84800000 302.78000 39.16000 12.11200 51.34600
30 9 20 09 19 9137.00000 4.84800000 302.52000 39.16000 12.11200 51.34600
