M=[
 9 6 20 17 50 8578.00000 6.00700000 214.65000 40.75000 12.91400 45.35000
 9 6 20 17 51 8575.90000 6.00700000 214.63000 40.75000 12.91400 45.35000
 9 6 20 17 51 8575.60000 6.00700000 214.63000 40.75000 12.91400 45.35000
 9 6 20 17 52 8575.00000 6.00700000 214.62000 40.75000 12.91400 45.35000
 9 6 20 17 52 8575.70000 6.00700000 214.70000 40.75000 12.91400 45.35000
 9 6 20 17 53 8577.30000 6.00700000 214.70000 40.75000 12.91400 45.35000
 9 6 20 17 53 8576.80000 6.00700000 214.70000 40.75000 12.90400 45.35000
 9 6 20 17 54 8575.40000 6.00700000 214.71000 40.75000 12.91400 45.35000
 9 6 20 17 54 8572.60000 6.00700000 214.71000 40.75000 12.91400 45.37900
 9 6 20 17 55 8575.50000 6.00700000 214.71000 40.75000 12.91400 45.37900
 9 6 20 17 55 8576.60000 6.00700000 214.77000 40.75000 12.91400 45.37900
 9 6 20 17 55 8576.60000 6.00700000 214.77000 40.75000 12.91400 45.37900
 9 6 20 17 56 8575.90000 6.00700000 214.72000 40.75000 12.91400 45.37900
 9 6 20 17 56 8575.90000 6.00700000 214.72000 40.75000 12.91400 45.37900
 9 6 20 17 57 8573.80000 6.00700000 214.75000 40.75000 12.91400 45.37900
 9 6 20 17 57 8573.60000 6.00700000 214.79000 40.75000 12.91400 45.37900
 9 6 20 17 58 8573.80000 6.00700000 214.84000 40.75000 12.91400 45.37900
 9 6 20 17 58 8572.70000 6.00700000 214.71000 40.75000 12.91400 45.37900
 9 6 20 17 59 8572.70000 6.00700000 214.71000 40.75000 12.91400 45.37900
 9 6 20 17 59 8575.90000 6.00700000 214.70000 40.75000 12.91400 45.37900
 9 6 20 17 59 8573.60000 6.00700000 214.73000 40.75000 12.91400 45.37900
 9 6 20 18 00 8573.70000 6.00700000 214.71000 40.75000 12.91400 45.37900
 9 6 20 18 00 8573.70000 6.00700000 214.71000 40.75000 12.91400 45.37900
 9 6 20 18 01 8575.90000 6.00700000 214.71000 40.75000 12.91400 45.42300
 9 6 20 18 01 8573.70000 6.00700000 214.71000 40.75000 12.91400 45.37900
 9 6 20 18 02 8572.70000 6.00700000 214.71000 40.75000 12.91400 45.37900
 9 6 20 18 02 8573.70000 6.00700000 214.56000 40.75000 12.91400 45.35600
 9 6 20 18 03 8570.30000 6.00700000 214.56000 40.75000 12.91400 45.35600
 9 6 20 18 03 8570.20000 6.00700000 214.52000 40.75000 12.91400 45.35600
 9 6 20 18 04 8570.00000 5.99000000 214.52000 40.75000 12.91400 45.35600
 9 6 20 18 04 8570.40000 6.00700000 214.52000 40.75000 12.91400 45.35600
 9 6 20 18 05 8570.40000 6.00700000 214.52000 40.75000 12.91400 45.35600
 9 6 20 18 05 8570.30000 6.00700000 214.53000 40.75000 12.91400 45.35600
 9 6 20 18 05 8570.00000 6.00700000 214.53000 40.75000 12.91400 45.37900
 9 6 20 18 06 8570.20000 6.00700000 214.58000 40.75000 12.91400 45.35600
 9 6 20 18 06 8570.20000 6.00700000 214.74000 40.75000 12.91400 45.35600
 9 6 20 18 07 8570.10000 6.01000000 214.74000 40.75000 12.87700 45.37900
 9 6 20 18 07 8570.10000 6.00700000 214.74000 40.75000 12.87700 45.35600
 9 6 20 18 08 8570.20000 6.00700000 214.74000 40.75000 12.87700 45.35600
 9 6 20 18 08 8570.20000 6.00700000 214.74000 40.75000 12.87700 45.35600
 9 6 20 18 09 8571.70000 6.00700000 214.73000 40.75000 12.87700 45.35600
 9 6 20 18 09 8572.90000 6.00700000 214.53000 40.75000 12.87700 45.35600
 9 6 20 18 10 8572.80000 6.00700000 214.71000 40.76000 12.87700 45.35600
 9 6 20 18 10 8572.50000 6.00700000 214.73000 40.76000 12.90400 45.35600
 9 6 20 18 11 8573.50000 6.00700000 214.88000 40.76000 12.87700 45.35600
 9 6 20 18 11 8573.40000 6.00700000 214.88000 40.76000 12.87700 45.35600
 9 6 20 18 12 8572.40000 6.00700000 214.88000 40.76000 12.87700 45.35600
 9 6 20 18 12 8573.40000 6.00700000 214.88000 40.76000 12.87700 45.35600
 9 6 20 18 12 8573.10000 6.00700000 214.98000 40.76000 12.87700 45.35600
 9 6 20 18 13 8575.50000 5.99000000 214.98000 40.76000 12.87700 45.35600
 9 6 20 18 13 8577.10000 6.00700000 214.95000 40.76000 12.87700 45.35600
 9 6 20 18 14 8577.90000 6.00700000 214.95000 40.76000 12.87700 45.35600
 9 6 20 18 14 8575.60000 6.00700000 214.95000 40.76000 12.87700 45.37900
 9 6 20 18 15 8577.40000 6.00700000 214.97000 40.76000 12.91400 45.35600
 9 6 20 18 15 8577.50000 6.00700000 214.99000 40.76000 12.87700 45.35600
 9 6 20 18 16 8575.60000 6.00700000 214.99000 40.76000 12.87700 45.35600
 9 6 20 18 16 8576.30000 6.00700000 214.99000 40.76000 12.87700 45.35600
 9 6 20 18 17 8573.60000 6.00700000 214.78000 40.76000 12.87700 45.37900
 9 6 20 18 17 8568.40000 6.00700000 214.70000 40.76000 12.87700 45.37900
 9 6 20 18 17 8573.60000 6.00700000 214.70000 40.74000 12.87700 45.34400
 9 6 20 18 18 8573.70000 6.00700000 214.90000 40.74000 12.87700 45.34400
 9 6 20 18 18 8573.70000 6.00700000 214.74000 40.74000 12.87700 45.34400
 9 6 20 18 19 8573.70000 6.00700000 214.90000 40.74000 12.87700 45.34400
 9 6 20 18 19 8573.70000 6.00700000 214.90000 40.74000 12.87700 45.34400
 9 6 20 18 20 8570.80000 6.00700000 214.90000 40.74000 12.87700 45.34400
 9 6 20 18 20 8576.30000 6.00700000 214.90000 40.74000 12.87700 45.34400
 9 6 20 18 21 8577.30000 6.00700000 214.86000 40.74000 12.87700 45.32700
 9 6 20 18 21 8577.80000 6.00700000 214.86000 40.75000 12.87700 45.30100
 9 6 20 18 22 8573.70000 6.00700000 214.85000 40.74000 12.87700 45.28300
 9 6 20 18 22 8577.80000 6.00700000 214.85000 40.75000 12.87700 45.28300
 9 6 20 18 23 8577.80000 6.00700000 214.83000 40.75000 12.87700 45.28300
 9 6 20 18 23 8576.30000 6.00700000 214.83000 40.75000 12.90400 45.28300
 9 6 20 18 23 8576.30000 6.01000000 214.78000 40.75000 12.87700 45.28300
 9 6 20 18 24 8572.40000 5.99000000 214.78000 40.75000 12.87700 45.28300
 9 6 20 18 24 8569.70000 6.00700000 214.78000 40.75000 12.87700 45.28300
 9 6 20 18 25 8568.10000 6.00700000 214.78000 40.74000 12.87700 45.28300
 9 6 20 18 25 8568.10000 6.00700000 214.78000 40.74000 12.87700 45.28300
 9 6 20 18 26 8567.40000 6.00700000 214.51000 40.74000 12.87700 45.28300
 9 6 20 18 26 8571.50000 6.00700000 214.51000 40.74000 12.87700 45.28300
 9 6 20 18 27 8570.50000 6.01000000 214.57000 40.74000 12.90400 45.28300
 9 6 20 18 27 8572.40000 5.99000000 214.57000 40.74000 12.87700 45.28300
 9 6 20 18 28 8570.10000 6.00700000 214.57000 40.74000 12.87700 45.28300
 9 6 20 18 28 8570.50000 6.00700000 214.68000 40.74000 12.87700 45.28300
 9 6 20 18 29 8572.80000 6.00700000 214.74000 40.74000 12.87700 45.28300
 9 6 20 18 29 8570.00000 6.00700000 214.54000 40.74000 12.87700 45.28300
 9 6 20 18 29 8570.10000 6.00700000 214.57000 40.73000 12.87700 45.28300
 9 6 20 18 30 8570.00000 6.00700000 214.53000 40.74000 12.87700 45.32900
 9 6 20 18 31 8570.20000 6.00700000 214.57000 40.73000 12.83100 45.32900
 9 6 20 18 31 8569.00000 6.00700000 214.50000 40.73000 12.83100 45.32900
 9 6 20 18 32 8569.90000 6.00700000 214.55000 40.73000 12.83100 45.32900
 9 6 20 18 32 8570.00000 6.00700000 214.55000 40.73000 12.83100 45.32900
 9 6 20 18 32 8570.70000 6.00700000 214.55000 40.73000 12.83100 45.32900
 9 6 20 18 33 8570.80000 6.00700000 214.55000 40.73000 12.83100 45.32900
 9 6 20 18 33 8571.10000 6.00700000 214.50000 40.73000 12.83100 45.32900
 9 6 20 18 34 8569.30000 6.00700000 214.57000 40.69000 12.83100 45.28300
 9 6 20 18 34 8569.40000 6.00700000 214.50000 40.69000 12.83100 45.32900
 9 6 20 18 35 8570.10000 6.00700000 214.56000 40.69000 12.83100 45.32900
 9 6 20 18 35 8570.90000 6.00700000 214.50000 40.69000 12.83100 45.28300
 9 6 20 18 36 8570.30000 6.00700000 214.60000 40.69000 12.83100 45.32900
 9 6 20 18 36 8570.30000 6.00700000 214.60000 40.69000 12.83100 45.32900
 9 6 20 18 37 8576.10000 6.00700000 214.66000 40.69000 12.83100 45.32900
 9 6 20 18 37 8578.00000 6.00700000 214.65000 40.69000 12.83100 45.32900
 9 6 20 18 38 8581.20000 6.00700000 214.79000 40.69000 12.83100 45.27100
 9 6 20 18 38 8581.20000 6.00700000 214.65000 40.69000 12.83100 45.28300
 9 6 20 18 39 8581.40000 6.00700000 214.85000 40.70000 12.83100 45.27100
 9 6 20 18 39 8581.40000 6.00700000 214.85000 40.70000 12.83100 45.27100
 9 6 20 18 40 8579.10000 6.00700000 214.83000 40.70000 12.83100 45.27100
 9 6 20 18 40 8578.40000 6.00700000 214.69000 40.70000 12.83100 45.27100
 9 6 20 18 41 8578.40000 6.00700000 214.79000 40.70000 12.83100 45.27100
