M=[
 9 2 21 21 44 38990.00000 8.09900000 1462.00000 145.87000 21.03800 90.93100
 9 2 21 21 44 38960.00000 8.09900000 1461.42000 145.77000 21.03800 90.96300
 9 2 21 21 45 38974.20000 8.09900000 1461.89000 145.92000 21.03800 90.96300
 9 2 21 21 45 38965.00000 8.05900000 1461.02000 145.97000 21.03800 90.96300
 9 2 21 21 46 38962.80000 8.05900000 1461.54000 146.21000 21.03800 90.78000
 9 2 21 21 46 38943.10000 8.05900000 1461.60000 146.38000 21.03800 90.78000
 9 2 21 21 46 38962.60000 8.06600000 1461.59000 146.64000 21.03800 90.92900
 9 2 21 21 47 38979.80000 8.00700000 1461.59000 146.76000 21.03800 90.84900
 9 2 21 21 47 38962.90000 8.00700000 1460.35000 146.82000 21.03800 90.84900
 9 2 21 21 48 38990.00000 8.02800000 1460.01000 146.98000 21.03800 90.84900
 9 2 21 21 48 39035.10000 8.03000000 1461.72000 147.00000 21.03800 90.87100
 9 2 21 21 49 39042.00000 8.03000000 1461.19000 147.05000 21.03800 90.87100
 9 2 21 21 49 39033.70000 8.03000000 1460.36000 147.11000 21.31600 90.78600
 9 2 21 21 49 39033.70000 8.03000000 1460.00000 147.29000 21.31600 90.78600
 9 2 21 21 50 39038.00000 8.03000000 1460.01000 147.39000 21.31600 90.78600
 9 2 21 21 50 39039.80000 8.05000000 1460.01000 147.12000 21.38000 90.78600
 9 2 21 21 51 39059.20000 8.03000000 1460.75000 147.12000 21.38000 90.78600
 9 2 21 21 51 39059.20000 8.05000000 1460.09000 147.15000 21.38000 90.78600
 9 2 21 21 52 39079.10000 8.05000000 1460.41000 147.12000 21.38000 90.94300
 9 2 21 21 52 39088.40000 8.00000000 1460.73000 147.14000 21.38000 90.94300
 9 2 21 21 52 39106.50000 8.00000000 1460.73000 147.10000 21.38000 90.94300
 9 2 21 21 53 39106.40000 8.00000000 1460.10000 146.88000 21.38000 90.80600
 9 2 21 21 53 39106.40000 8.00000000 1460.00000 146.88000 21.38000 90.88300
 9 2 21 21 54 39100.00000 8.01900000 1460.01000 146.45000 21.38000 90.88300
 9 2 21 21 54 39079.10000 8.01900000 1460.00000 146.50000 21.38000 90.88300
 9 2 21 21 55 39099.90000 8.01900000 1460.63000 146.68000 21.38000 90.88300
 9 2 21 21 55 39079.10000 8.02700000 1461.61000 146.70000 21.38000 90.87600
 9 2 21 21 55 39094.80000 8.02700000 1461.56000 146.85000 21.12900 90.87600
 9 2 21 21 56 39094.80000 8.05000000 1460.80000 146.91000 21.12900 90.87600
 9 2 21 21 56 39098.30000 8.05000000 1461.41000 146.85000 21.12900 90.87600
 9 2 21 21 57 39051.90000 8.05000000 1460.51000 146.53000 21.12900 90.87600
 9 2 21 21 57 39038.90000 8.05000000 1460.00000 146.50000 21.12900 90.87600
 9 2 21 21 58 39096.20000 8.00900000 1460.01000 146.50000 21.12900 90.81200
 9 2 21 21 58 39113.30000 8.00900000 1459.64000 146.50000 21.12900 90.81200
 9 2 21 21 58 39128.00000 8.05000000 1460.91000 146.51000 21.12900 90.81200
 9 2 21 21 59 39124.30000 8.01000000 1461.22000 146.53000 21.12900 91.00000
 9 2 21 21 59 39128.10000 8.01000000 1461.81000 146.37000 21.12900 90.89400
 9 2 21 22 00 39073.50000 8.01000000 1461.81000 146.18000 21.12900 90.94800
 9 2 21 22 00 39038.80000 8.01000000 1461.51000 146.08000 21.37800 90.94800
 9 2 21 22 01 38900.00000 8.01000000 1459.15000 145.75000 21.37800 90.94800
 9 2 21 22 01 38860.70000 8.01000000 1458.34000 145.87000 21.37800 90.45300
 9 2 21 22 01 38723.00000 8.01000000 1454.29000 145.53000 21.37800 90.25400
 9 2 21 22 02 38727.30000 8.00000000 1455.12000 145.00000 21.13000 90.38500
 9 2 21 22 02 38725.50000 8.02800000 1453.53000 145.06000 21.13000 90.04800
 9 2 21 22 03 38774.20000 8.00000000 1452.86000 145.07000 21.13000 89.92400
 9 2 21 22 03 38853.90000 8.00000000 1455.58000 145.06000 21.13000 89.92400
 9 2 21 22 04 38881.20000 8.00000000 1456.24000 145.38000 21.13000 89.92400
 9 2 21 22 04 38798.40000 8.00300000 1455.89000 145.34000 21.13000 90.16300
 9 2 21 22 04 38839.30000 8.00300000 1457.38000 145.24000 21.13000 89.97600
 9 2 21 22 05 38730.30000 8.00300000 1455.83000 145.11000 21.13000 90.03000
 9 2 21 22 05 38723.50000 8.00300000 1453.93000 144.67000 21.12900 89.80200
 9 2 21 22 06 38641.90000 8.00000000 1452.38000 144.48000 21.12900 89.80200
 9 2 21 22 06 38703.00000 8.00000000 1451.05000 144.71000 21.12900 89.79400
 9 2 21 22 07 38612.70000 8.00000000 1451.10000 144.49000 20.95300 89.75300
 9 2 21 22 07 38542.20000 8.00000000 1450.00000 144.26000 20.82100 89.75300
 9 2 21 22 07 38532.70000 8.01500000 1450.34000 144.32000 20.76000 89.75300
 9 2 21 22 08 38509.90000 8.02200000 1451.06000 144.00000 20.72900 89.88100
 9 2 21 22 08 38557.20000 8.02200000 1451.39000 144.00000 20.80100 89.61000
 9 2 21 22 09 38600.10000 8.02200000 1451.99000 144.04000 21.10900 89.75400
 9 2 21 22 09 38553.20000 8.02200000 1451.99000 144.04000 21.17400 89.75400
 9 2 21 22 10 38553.30000 8.02200000 1452.00000 143.93000 20.70000 90.06500
 9 2 21 22 10 38539.20000 7.98700000 1450.51000 143.83000 20.74900 90.06500
 9 2 21 22 10 38574.50000 7.91400000 1451.86000 143.84000 20.70000 90.06500
 9 2 21 22 11 38554.70000 8.02200000 1451.99000 143.84000 20.70000 90.06500
 9 2 21 22 11 38591.60000 8.02200000 1451.99000 144.08000 20.92000 90.06500
 9 2 21 22 12 38591.60000 7.96400000 1452.00000 144.14000 20.92000 90.17200
 9 2 21 22 12 38649.90000 7.96400000 1452.00000 144.14000 20.76000 90.06300
 9 2 21 22 13 38650.90000 7.96400000 1453.00000 144.24000 20.76000 90.06300
 9 2 21 22 13 38683.70000 7.96400000 1454.43000 144.37000 20.76000 90.06300
 9 2 21 22 13 38708.90000 7.96400000 1454.44000 144.37000 20.92100 90.06300
 9 2 21 22 14 38656.50000 7.96400000 1453.78000 144.40000 20.99700 90.06300
 9 2 21 22 14 38656.50000 7.96400000 1454.00000 144.39000 20.99700 90.06300
 9 2 21 22 15 38673.50000 7.96400000 1454.48000 144.47000 20.99700 90.14400
 9 2 21 22 15 38696.60000 8.00500000 1455.07000 144.61000 20.99700 90.14400
 9 2 21 22 16 38728.60000 8.00100000 1455.97000 144.50000 20.99700 90.14400
 9 2 21 22 16 38720.40000 8.01900000 1455.01000 144.50000 20.99700 90.14400
 9 2 21 22 16 38720.40000 8.01900000 1455.02000 144.60000 20.99700 90.14400
 9 2 21 22 17 38700.70000 8.01900000 1454.05000 144.56000 20.99700 90.14400
 9 2 21 22 17 38700.70000 8.00700000 1454.16000 144.56000 20.99700 90.25700
 9 2 21 22 18 38719.90000 8.00600000 1454.15000 144.56000 20.99700 90.25700
 9 2 21 22 18 38719.90000 8.01900000 1453.95000 144.60000 20.99700 90.14500
 9 2 21 22 19 38716.40000 8.01900000 1453.09000 144.61000 20.99700 90.28300
 9 2 21 22 19 38700.60000 8.01900000 1452.00000 144.51000 20.99700 90.28300
 9 2 21 22 19 38656.60000 8.01900000 1452.01000 144.39000 20.99700 90.28300
 9 2 21 22 20 38704.70000 8.01900000 1453.72000 144.56000 20.99700 90.28300
 9 2 21 22 20 38714.90000 8.01900000 1452.50000 144.56000 20.99700 90.28300
 9 2 21 22 21 38701.40000 8.01900000 1452.50000 144.56000 20.99700 90.28300
 9 2 21 22 21 38713.00000 8.01900000 1452.21000 144.68000 20.78100 90.24500
 9 2 21 22 22 38720.00000 8.01900000 1452.00000 144.68000 20.78100 90.24500
 9 2 21 22 22 38719.90000 8.02000000 1452.71000 144.70000 20.77900 90.21600
 9 2 21 22 22 38719.90000 8.02000000 1452.72000 144.70000 20.72000 90.21600
 9 2 21 22 23 38763.00000 8.02000000 1453.46000 144.70000 20.72000 90.21600
 9 2 21 22 23 38763.00000 8.02000000 1453.41000 144.83000 20.72000 90.21600
 9 2 21 22 24 38762.90000 8.02000000 1453.85000 144.85000 20.72000 90.15100
 9 2 21 22 24 38763.00000 8.02000000 1453.41000 144.85000 20.72000 90.15100
 9 2 21 22 25 38760.10000 8.02000000 1453.89000 144.85000 20.72000 90.15100
 9 2 21 22 25 38760.00000 8.02000000 1451.00000 144.87000 20.94500 90.16900
 9 2 21 22 25 38729.70000 8.05000000 1452.96000 144.87000 20.94500 90.16900
 9 2 21 22 26 38799.90000 8.05000000 1454.58000 144.86000 20.94500 90.16900
 9 2 21 22 26 38800.00000 8.05000000 1454.99000 144.86000 20.94500 90.27500
 9 2 21 22 27 38800.00000 8.04200000 1454.01000 144.87000 20.94500 90.25600
 9 2 21 22 27 38807.50000 8.04200000 1454.41000 145.00000 20.68000 90.25600
 9 2 21 22 28 38833.10000 8.04200000 1454.67000 145.07000 21.00100 90.27700
 9 2 21 22 28 38862.30000 8.04200000 1455.13000 145.06000 21.00100 90.27700
 9 2 21 22 28 38862.40000 8.04200000 1455.13000 145.06000 21.00100 90.41600
