M=[
27 2 21 18 11 39030.00000 9.39100000 1237.00000 145.03000 26.29700 102.04000
27 2 21 18 12 39029.90000 9.39100000 1237.43000 145.26000 28.00000 101.97700
27 2 21 18 12 39029.90000 9.39100000 1238.30000 145.26000 26.72700 101.97700
27 2 21 18 13 39030.00000 9.39100000 1237.96000 145.14000 26.72700 101.97700
27 2 21 18 13 39029.90000 9.37000000 1236.79000 145.20000 26.72700 101.97700
27 2 21 18 14 39040.40000 9.37000000 1236.80000 145.22000 26.72700 101.97700
27 2 21 18 14 39040.40000 9.37000000 1236.80000 145.33000 26.72700 101.94700
27 2 21 18 14 39040.40000 9.37000000 1236.76000 145.24000 26.72700 101.94700
27 2 21 18 15 39040.40000 9.37000000 1236.99000 145.25000 26.72700 101.94700
27 2 21 18 15 39030.60000 9.37000000 1236.99000 145.25000 26.72700 101.94700
27 2 21 18 16 39062.80000 9.37000000 1236.83000 145.51000 26.72700 101.94700
27 2 21 18 16 39092.20000 9.37000000 1237.98000 145.65000 26.72700 101.94700
27 2 21 18 17 39089.10000 9.37000000 1237.38000 145.65000 26.72700 101.94700
27 2 21 18 17 39089.00000 9.37000000 1237.22000 145.47000 26.49300 101.94700
27 2 21 18 17 39010.50000 9.37000000 1237.22000 145.26000 26.49300 101.94700
27 2 21 18 18 39010.00000 9.37000000 1236.70000 145.18000 26.49300 101.94700
27 2 21 18 18 39010.10000 9.37000000 1236.70000 145.25000 26.49300 101.94700
27 2 21 18 19 39010.10000 9.37000000 1236.69000 145.25000 26.49300 101.94700
27 2 21 18 19 39010.10000 9.37000000 1236.71000 145.27000 26.49300 101.94700
27 2 21 18 20 39045.00000 9.37000000 1238.00000 145.27000 26.49300 101.94700
27 2 21 18 20 39044.90000 9.37000000 1237.98000 145.23000 26.49300 101.94700
27 2 21 18 20 39021.30000 9.37000000 1238.49000 145.35000 26.49300 101.94700
27 2 21 18 21 39010.30000 9.37000000 1238.38000 145.35000 26.49300 101.94700
27 2 21 18 21 39010.10000 9.37000000 1238.37000 145.23000 26.49300 101.94700
27 2 21 18 22 39010.40000 9.37000000 1236.90000 145.23000 26.49300 101.94700
27 2 21 18 22 39036.60000 9.37000000 1238.49000 145.33000 26.49300 101.94700
27 2 21 18 22 39036.60000 9.37000000 1238.49000 145.33000 26.49300 101.94700
27 2 21 18 23 39036.60000 9.37000000 1239.00000 145.33000 26.49300 101.94700
27 2 21 18 23 39044.90000 9.37000000 1239.00000 145.33000 26.49300 101.94700
27 2 21 18 24 39049.00000 9.37000000 1238.90000 145.25000 26.49300 102.00500
27 2 21 18 24 39049.00000 9.37000000 1238.90000 145.25000 26.49300 102.09300
27 2 21 18 25 39048.90000 9.37000000 1238.90000 145.25000 26.49300 102.19600
27 2 21 18 25 39049.00000 9.37000000 1238.90000 145.25000 26.49300 102.02400
27 2 21 18 25 39041.20000 9.37000000 1238.63000 145.27000 26.49300 102.02400
27 2 21 18 26 39041.20000 9.37000000 1238.54000 145.23000 26.49300 102.02400
27 2 21 18 26 39034.90000 9.45400000 1238.78000 145.05000 26.49300 102.02400
27 2 21 18 27 39041.20000 9.45400000 1238.78000 145.05000 26.49300 102.07900
27 2 21 18 27 39041.20000 9.45400000 1238.02000 145.16000 26.49300 102.12400
27 2 21 18 28 39033.70000 9.45400000 1238.78000 145.16000 26.49300 102.12400
27 2 21 18 28 39033.70000 9.45400000 1238.78000 145.16000 26.49300 102.12100
27 2 21 18 28 39033.80000 9.45400000 1238.77000 145.28000 26.49300 102.12100
27 2 21 18 29 39058.20000 9.45400000 1238.78000 145.28000 26.49300 102.12800
27 2 21 18 29 39073.20000 9.45400000 1238.77000 145.28000 26.49300 102.12800
27 2 21 18 30 39098.00000 9.45400000 1238.78000 145.31000 26.49300 102.13000
27 2 21 18 30 39117.40000 9.45400000 1238.77000 145.31000 26.49300 102.13000
27 2 21 18 31 39175.70000 9.45400000 1240.00000 145.73000 26.49300 102.13000
27 2 21 18 31 39197.90000 9.45400000 1240.95000 145.73000 26.49300 102.13000
27 2 21 18 31 39198.00000 9.45400000 1240.99000 145.73000 26.49300 102.13000
27 2 21 18 32 39200.00000 9.41900000 1240.32000 145.65000 26.49300 102.13000
27 2 21 18 32 39199.90000 9.41900000 1237.95000 145.65000 26.49300 102.13000
27 2 21 18 33 39199.90000 9.41900000 1238.00000 145.28000 26.49300 102.13000
27 2 21 18 33 39161.20000 9.41900000 1238.00000 145.26000 26.49300 102.13000
27 2 21 18 34 39190.10000 9.41900000 1239.32000 145.37000 26.49300 102.13000
27 2 21 18 34 39199.40000 9.41900000 1240.55000 145.37000 26.49300 102.13000
27 2 21 18 34 39203.10000 9.41900000 1240.33000 145.37000 26.49300 102.13000
27 2 21 18 35 39203.10000 9.41900000 1240.32000 145.37000 26.49300 102.13000
27 2 21 18 35 39202.50000 9.38300000 1240.00000 145.72000 26.49300 102.13000
27 2 21 18 36 39206.70000 9.38300000 1239.06000 145.69000 26.79300 102.13000
27 2 21 18 36 39206.50000 9.38300000 1239.06000 145.69000 26.79300 102.13000
27 2 21 18 37 39202.50000 9.38300000 1239.06000 145.72000 26.79300 102.13000
27 2 21 18 37 39202.50000 9.38300000 1239.06000 145.75000 26.79300 102.13000
27 2 21 18 37 39202.50000 9.45600000 1239.07000 145.75000 26.79300 102.13000
27 2 21 18 38 39202.50000 9.45600000 1239.68000 145.75000 26.79300 102.11300
27 2 21 18 38 39191.30000 9.45600000 1239.68000 145.75000 26.79300 102.11300
27 2 21 18 39 39191.40000 9.45600000 1239.59000 145.64000 26.79300 102.11300
27 2 21 18 39 39199.10000 9.45600000 1239.59000 145.71000 26.79300 102.11300
27 2 21 18 40 39236.10000 9.45600000 1239.59000 145.77000 26.79300 102.11300
27 2 21 18 40 39248.00000 9.45600000 1239.58000 145.66000 26.79300 102.11300
27 2 21 18 40 39250.00000 9.45600000 1238.94000 145.70000 26.79300 102.11300
27 2 21 18 41 39268.00000 9.37900000 1238.76000 145.71000 26.79300 102.11300
27 2 21 18 41 39254.70000 9.37900000 1238.77000 145.71000 26.79300 102.11300
27 2 21 18 42 39261.20000 9.37900000 1239.58000 145.68000 26.79300 102.11300
27 2 21 18 42 39272.90000 9.37900000 1240.00000 145.68000 26.79300 102.11300
27 2 21 18 43 39273.00000 9.37900000 1240.03000 145.55000 26.79300 102.11300
27 2 21 18 43 39242.10000 9.37900000 1240.00000 145.58000 26.79300 102.11300
27 2 21 18 43 39242.00000 9.37900000 1238.52000 145.58000 26.79300 102.11300
27 2 21 18 44 39242.10000 9.37900000 1238.47000 145.50000 26.79300 102.11300
27 2 21 18 44 39231.50000 9.37900000 1238.47000 145.47000 26.79300 102.11300
27 2 21 18 45 39216.70000 9.37900000 1238.47000 145.47000 26.79300 102.11300
27 2 21 18 45 39231.60000 9.37900000 1238.46000 145.47000 26.79300 102.11300
27 2 21 18 46 39242.00000 9.37900000 1237.63000 145.55000 26.79300 102.11300
27 2 21 18 46 39241.90000 9.37900000 1238.01000 145.55000 26.79300 102.11300
27 2 21 18 46 39213.00000 9.37900000 1237.51000 145.41000 26.79300 102.11300
27 2 21 18 47 39196.20000 9.37900000 1237.50000 145.25000 26.79300 102.11300
27 2 21 18 47 39196.30000 9.37900000 1237.51000 145.25000 26.79300 102.13200
27 2 21 18 48 39180.90000 9.37900000 1237.51000 145.25000 26.79300 102.13200
27 2 21 18 48 39180.80000 9.37900000 1238.00000 145.25000 26.59800 102.13200
27 2 21 18 49 39180.90000 9.37900000 1238.20000 145.25000 26.59800 102.13200
27 2 21 18 49 39173.30000 9.37900000 1238.90000 145.35000 26.59800 102.13200
27 2 21 18 49 39179.20000 9.37900000 1238.56000 145.35000 26.59800 102.13200
27 2 21 18 50 39162.40000 9.37900000 1238.93000 145.24000 26.59800 102.13200
27 2 21 18 50 39175.40000 9.37900000 1238.99000 145.15000 26.59800 102.13200
27 2 21 18 51 39164.30000 9.40000000 1238.14000 145.17000 26.59800 102.13200
27 2 21 18 51 39164.20000 9.40000000 1238.32000 145.17000 26.59800 102.13200
27 2 21 18 52 39164.30000 9.40000000 1238.32000 145.10000 26.59800 102.13200
27 2 21 18 52 39130.00000 9.40000000 1238.29000 145.03000 26.59800 102.13200
27 2 21 18 52 39141.80000 9.40000000 1238.67000 145.10000 26.59800 102.13200
27 2 21 18 53 39142.40000 9.40000000 1238.76000 145.10000 26.59800 102.13200
27 2 21 18 53 39142.30000 9.40000000 1238.69000 145.10000 26.59800 102.13200
27 2 21 18 54 39142.40000 9.40000000 1237.41000 145.10000 26.59800 102.13200
27 2 21 18 54 39142.30000 9.40000000 1237.41000 145.23000 26.59800 102.13200
27 2 21 18 55 39167.80000 9.40000000 1237.90000 145.23000 26.59800 102.13200
27 2 21 18 55 39167.90000 9.40000000 1237.78000 145.19000 26.59800 102.13200
