M=[
 9 12 20 06 12 15050.00000 4.76300000 453.80000 62.95000 13.89100 58.33500
 9 12 20 06 12 15050.00000 4.76300000 453.80000 62.94000 13.89100 58.33500
 9 12 20 06 13 15050.00000 4.76300000 454.12000 62.97000 13.89100 58.33500
 9 12 20 06 13 15050.00000 4.76300000 454.25000 63.00000 13.89100 58.33500
 9 12 20 06 14 15058.20000 4.76300000 454.07000 63.00000 13.89100 58.33500
 9 12 20 06 14 15059.20000 4.75300000 454.07000 63.00000 13.89100 58.33500
 9 12 20 06 15 15061.50000 4.75300000 454.26000 63.00000 13.89100 58.33500
 9 12 20 06 15 15068.90000 4.75300000 454.26000 63.00000 13.89100 58.33500
 9 12 20 06 15 15066.00000 4.75300000 454.43000 63.00000 13.89100 58.33500
 9 12 20 06 16 15057.60000 4.75300000 454.56000 63.00000 13.87800 58.33500
 9 12 20 06 16 15061.40000 4.77400000 454.56000 63.00000 13.80100 58.33500
 9 12 20 06 17 15061.40000 4.77400000 454.57000 63.00000 13.80100 58.33500
 9 12 20 06 17 15073.50000 4.77400000 454.80000 63.04000 13.80000 58.33500
 9 12 20 06 18 15064.80000 4.77400000 454.58000 63.04000 13.80000 58.33500
 9 12 20 06 18 15064.70000 4.77400000 454.58000 63.04000 13.80000 58.33500
 9 12 20 06 18 15064.80000 4.77400000 454.70000 63.04000 13.80000 58.49000
 9 12 20 06 19 15064.80000 4.77400000 454.70000 63.04000 13.80000 58.49000
 9 12 20 06 19 15066.70000 4.77400000 454.83000 63.04000 13.80000 58.49000
 9 12 20 06 20 15064.90000 4.77400000 454.83000 63.04000 13.80000 58.49000
 9 12 20 06 20 15064.70000 4.76300000 454.44000 63.04000 13.80000 58.49000
 9 12 20 06 21 15064.90000 4.76300000 454.48000 63.03000 13.80000 58.49000
 9 12 20 06 21 15050.00000 4.76200000 454.29000 62.98000 13.80000 58.49000
 9 12 20 06 21 15041.30000 4.76900000 453.68000 62.87000 13.80000 58.49000
 9 12 20 06 22 15050.10000 4.76900000 454.05000 62.86000 13.80000 58.49000
 9 12 20 06 22 15013.70000 4.76900000 453.57000 62.86000 13.80000 58.49000
 9 12 20 06 23 15018.20000 4.76900000 453.39000 62.85000 13.80000 58.49000
 9 12 20 06 23 15018.20000 4.76900000 453.39000 62.80000 13.80000 58.49000
 9 12 20 06 24 15018.10000 4.76900000 453.54000 62.80000 13.80000 58.49000
 9 12 20 06 24 15018.30000 4.76900000 453.54000 62.79000 13.80000 58.49000
 9 12 20 06 24 15024.70000 4.76900000 453.53000 62.80000 13.80000 58.49000
 9 12 20 06 25 15024.70000 4.76900000 453.53000 62.81000 13.80000 58.49000
 9 12 20 06 25 15024.80000 4.76900000 453.54000 62.79000 13.80000 58.49000
 9 12 20 06 26 15024.70000 4.76900000 453.54000 62.79000 13.80000 58.49000
 9 12 20 06 26 15023.90000 4.76900000 453.54000 62.79000 13.80000 58.49000
 9 12 20 06 27 15023.80000 4.76900000 453.54000 62.79000 13.80000 58.49000
 9 12 20 06 27 15024.00000 4.76900000 453.53000 62.80000 13.80000 58.40900
 9 12 20 06 27 15026.10000 4.76900000 453.75000 62.80000 13.80000 58.40900
 9 12 20 06 28 15027.00000 4.76900000 453.75000 62.80000 13.80000 58.40900
 9 12 20 06 28 15036.70000 4.76900000 453.75000 62.80000 13.80000 58.40900
 9 12 20 06 29 15036.70000 4.76900000 453.75000 62.79000 13.80000 58.40900
 9 12 20 06 29 15036.80000 4.76900000 453.75000 62.79000 13.80000 58.40900
 9 12 20 06 30 15036.10000 4.76900000 453.75000 62.74000 13.80000 58.40900
 9 12 20 06 30 15036.80000 4.76900000 453.75000 62.73000 13.80000 58.40900
 9 12 20 06 30 15036.70000 4.76900000 453.74000 62.73000 13.80000 58.40900
 9 12 20 06 31 15036.70000 4.76900000 453.35000 62.73000 13.80000 58.40900
 9 12 20 06 31 15026.40000 4.76900000 453.00000 62.69000 13.80000 58.42600
 9 12 20 06 32 15026.40000 4.76900000 453.00000 62.64000 13.80000 58.42600
 9 12 20 06 32 15021.80000 4.76900000 453.01000 62.64000 13.80000 58.42600
 9 12 20 06 33 15023.40000 4.76900000 453.40000 62.64000 13.80000 58.42600
 9 12 20 06 33 15023.40000 4.76900000 453.40000 62.65000 13.80000 58.42600
 9 12 20 06 33 15021.80000 4.76900000 453.19000 62.66000 13.80000 58.42600
 9 12 20 06 34 15036.50000 4.76900000 453.42000 62.66000 13.80000 58.42600
 9 12 20 06 34 15039.60000 4.76900000 453.61000 62.66000 13.80000 58.42600
 9 12 20 06 35 15049.20000 4.76900000 453.90000 62.71000 13.80000 58.40800
 9 12 20 06 35 15050.00000 4.76900000 454.11000 62.78000 13.80000 58.40800
 9 12 20 06 36 15050.00000 4.76900000 454.15000 62.78000 13.80000 58.40800
 9 12 20 06 36 15050.10000 4.76900000 454.23000 62.78000 13.80100 58.40800
 9 12 20 06 36 15056.00000 4.76900000 454.21000 62.78000 13.80100 58.40800
 9 12 20 06 37 15055.70000 4.76900000 454.01000 62.78000 13.77000 58.50000
 9 12 20 06 37 15055.70000 4.76900000 453.85000 62.78000 13.77000 58.50000
 9 12 20 06 38 15055.70000 4.76900000 453.86000 62.80000 13.77000 58.50000
 9 12 20 06 38 15055.80000 4.76900000 453.64000 62.80000 13.84600 58.50000
 9 12 20 06 39 15055.80000 4.79900000 453.45000 62.80000 13.84600 58.50000
 9 12 20 06 39 15050.00000 4.79900000 453.21000 62.80000 13.84600 58.50000
 9 12 20 06 39 15047.10000 4.79900000 453.21000 62.80000 13.84600 58.50000
 9 12 20 06 40 15044.70000 4.79900000 453.39000 62.80000 13.84600 58.50000
 9 12 20 06 40 15047.50000 4.79900000 453.48000 62.80000 13.84600 58.50000
 9 12 20 06 41 15045.40000 4.79900000 453.51000 62.80000 13.84600 58.50000
 9 12 20 06 41 15045.20000 4.79900000 453.48000 62.80000 13.84600 58.50000
 9 12 20 06 42 15045.20000 4.79900000 453.36000 62.80000 13.84600 58.50000
 9 12 20 06 42 15021.30000 4.79900000 453.00000 62.79000 13.84600 58.50000
 9 12 20 06 42 15024.10000 4.79900000 453.00000 62.74000 13.84600 58.50000
 9 12 20 06 43 15024.30000 4.79900000 453.01000 62.71000 13.84600 58.50000
 9 12 20 06 43 15032.60000 4.79900000 453.16000 62.69000 13.84600 58.50000
 9 12 20 06 44 15024.20000 4.79900000 453.01000 62.70000 13.84600 58.50000
 9 12 20 06 44 15001.10000 4.79900000 452.89000 62.70000 13.84600 58.50000
 9 12 20 06 45 15008.70000 4.79900000 452.89000 62.67000 13.84600 58.50000
 9 12 20 06 45 15011.80000 4.79900000 452.64000 62.67000 13.84600 58.50000
 9 12 20 06 45 15000.00000 4.79900000 452.37000 62.65000 13.82400 58.50000
 9 12 20 06 46 15000.00000 4.74500000 452.20000 62.61000 13.82400 58.50000
 9 12 20 06 46 15000.10000 4.74500000 452.20000 62.61000 13.82400 58.50000
 9 12 20 06 47 14994.10000 4.74200000 452.20000 62.61000 13.82400 58.50000
 9 12 20 06 47 15001.90000 4.74200000 452.40000 62.62000 13.82400 58.50000
 9 12 20 06 48 15000.50000 4.74200000 452.28000 62.62000 13.82400 58.10300
 9 12 20 06 48 15000.50000 4.74200000 452.28000 62.62000 13.82400 58.10300
 9 12 20 06 48 15000.30000 4.74200000 452.19000 62.63000 13.82400 58.10300
 9 12 20 06 49 14997.50000 4.74200000 452.18000 62.62000 13.82400 58.10100
 9 12 20 06 49 14997.40000 4.74200000 452.13000 62.58000 13.82400 58.00200
 9 12 20 06 50 15002.40000 4.74200000 452.18000 62.63000 13.82400 58.00200
 9 12 20 06 50 15002.40000 4.74200000 452.63000 62.67000 13.82400 58.06900
 9 12 20 06 51 15002.70000 4.74200000 452.63000 62.68000 13.82400 58.06900
 9 12 20 06 51 15002.70000 4.74200000 452.33000 62.68000 13.82400 58.06900
 9 12 20 06 51 14993.00000 4.74200000 452.40000 62.68000 13.82400 58.06900
 9 12 20 06 52 14994.20000 4.74200000 452.12000 62.68000 13.82400 58.06900
 9 12 20 06 52 14995.70000 4.74200000 452.21000 62.65000 13.82400 58.06900
 9 12 20 06 53 15002.00000 4.74200000 452.21000 62.67000 13.82400 58.06900
 9 12 20 06 53 14993.80000 4.74200000 452.33000 62.65000 13.82400 58.06900
 9 12 20 06 54 14992.20000 4.74200000 452.18000 62.64000 13.82400 58.06900
 9 12 20 06 54 14992.10000 4.74200000 452.19000 62.64000 13.82400 58.06900
 9 12 20 06 54 14979.30000 4.74200000 452.19000 62.61000 13.82400 58.06900
 9 12 20 06 55 14976.90000 4.74200000 452.18000 62.61000 13.82400 58.06900
 9 12 20 06 55 15026.90000 4.74200000 453.00000 62.64000 13.82400 58.06900
 9 12 20 06 56 15030.00000 4.74200000 453.10000 62.64000 13.82400 58.06900
 9 12 20 06 56 15032.60000 4.74200000 453.70000 62.79000 13.82400 58.06900
 9 12 20 06 57 15035.90000 4.74200000 453.30000 62.74000 13.82400 58.06900
 9 12 20 06 57 15014.90000 4.74200000 453.21000 62.72000 13.82400 58.06900
