M=[
24 7 21 07 41 28700.00000 38.80000000 1810.00000 107.26000 19.51900 84.18900
24 7 21 07 41 28700.00000 38.81600000 1809.61000 107.26000 19.51900 84.18900
24 7 21 07 42 28710.50000 38.81600000 1809.84000 107.30000 19.51900 84.18900
24 7 21 07 42 28713.10000 38.81600000 1809.52000 107.30000 19.51900 84.18900
24 7 21 07 42 28710.70000 38.81600000 1809.70000 107.30000 19.52600 84.18900
24 7 21 07 43 28693.10000 38.81600000 1808.13000 107.30000 19.52600 84.18900
24 7 21 07 43 28697.50000 38.81600000 1808.84000 107.30000 19.52600 84.18900
24 7 21 07 44 28693.10000 38.81600000 1808.84000 107.26000 19.52600 84.18900
24 7 21 07 44 28690.60000 38.81600000 1808.41000 107.27000 19.52600 84.18900
24 7 21 07 45 28691.00000 38.81600000 1808.68000 107.27000 19.52600 84.18900
24 7 21 07 45 28691.00000 38.81600000 1808.68000 107.27000 19.52600 84.18900
24 7 21 07 46 28691.00000 38.81600000 1809.60000 107.27000 19.52600 84.18900
24 7 21 07 46 28691.00000 38.81600000 1809.26000 107.32000 19.57500 84.09700
24 7 21 07 46 28703.90000 38.81600000 1810.00000 107.31000 19.57500 84.09700
24 7 21 07 47 28703.30000 38.81600000 1811.00000 107.31000 19.57500 84.09700
24 7 21 07 47 28708.90000 38.81600000 1811.00000 107.31000 19.57500 84.09700
24 7 21 07 48 28714.80000 38.81600000 1811.00000 107.31000 19.57500 84.09700
24 7 21 07 48 28710.20000 38.81600000 1811.00000 107.31000 19.57500 84.09700
24 7 21 07 49 28718.90000 38.81600000 1810.60000 107.31000 19.57500 84.09700
24 7 21 07 49 28722.60000 38.81600000 1810.85000 107.31000 19.57500 84.09700
24 7 21 07 49 28722.60000 38.81600000 1811.00000 107.31000 19.57500 84.09700
24 7 21 07 50 28722.50000 38.81600000 1813.11000 107.31000 19.57500 84.09700
24 7 21 07 50 28722.60000 38.81600000 1811.30000 107.31000 19.57500 84.09700
24 7 21 07 51 28722.50000 38.81600000 1811.53000 107.31000 19.57500 84.09700
24 7 21 07 51 28727.20000 38.82700000 1812.25000 107.31000 19.57500 84.09700
24 7 21 07 52 28726.50000 38.82700000 1811.75000 107.40000 19.57400 84.09700
24 7 21 07 52 28733.50000 38.82700000 1811.75000 107.56000 19.57500 84.09700
24 7 21 07 52 28725.80000 38.90000000 1811.60000 107.54000 19.57500 84.09700
24 7 21 07 53 28725.50000 38.90000000 1811.27000 107.54000 19.57500 84.09700
24 7 21 07 53 28717.40000 38.86200000 1811.01000 107.46000 19.57500 84.09700
24 7 21 07 54 28733.00000 38.86200000 1812.00000 107.56000 19.57500 84.09700
24 7 21 07 54 28724.90000 38.86200000 1812.61000 107.56000 19.57500 84.09700
24 7 21 07 55 28737.30000 38.86200000 1812.61000 107.56000 19.57500 84.09700
24 7 21 07 55 28730.60000 38.86200000 1812.01000 107.56000 19.57500 84.09700
24 7 21 07 55 28737.00000 38.86200000 1812.01000 107.49000 19.57500 84.09700
24 7 21 07 56 28743.80000 38.86200000 1813.11000 107.52000 19.57500 84.09700
24 7 21 07 56 28739.60000 38.86200000 1813.11000 107.52000 19.57500 84.09700
24 7 21 07 57 28739.60000 38.86200000 1812.59000 107.52000 19.57500 84.09700
24 7 21 07 57 28733.90000 38.94600000 1812.59000 107.62000 19.57500 84.09700
24 7 21 07 58 28731.70000 38.94600000 1813.11000 107.62000 19.57500 84.09700
24 7 21 07 58 28742.20000 38.94600000 1813.11000 107.53000 19.57500 84.09700
24 7 21 07 58 28736.30000 38.94600000 1813.11000 107.53000 19.57500 84.09700
24 7 21 07 59 28736.20000 38.94600000 1813.11000 107.51000 19.57500 84.09700
24 7 21 07 59 28736.20000 38.94600000 1813.11000 107.51000 19.57500 84.09700
24 7 21 08 00 28736.70000 38.90100000 1812.93000 107.51000 19.57500 84.61700
24 7 21 08 00 28724.20000 38.90100000 1812.01000 107.51000 19.57500 84.61700
24 7 21 08 01 28731.70000 38.90100000 1812.00000 107.51000 19.57500 84.61700
24 7 21 08 01 28736.60000 38.90100000 1812.00000 107.51000 19.57500 84.61700
24 7 21 08 01 28737.40000 38.90100000 1813.71000 107.51000 19.57500 84.61700
24 7 21 08 02 28721.70000 38.90100000 1813.33000 107.55000 19.57500 84.61700
24 7 21 08 02 28705.90000 38.90100000 1813.33000 107.56000 19.57500 84.61700
24 7 21 08 03 28710.20000 38.90100000 1810.60000 107.51000 19.57500 84.61700
24 7 21 08 03 28700.10000 38.90100000 1807.77000 107.40000 19.57500 84.61700
24 7 21 08 04 28700.10000 38.80000000 1806.73000 107.29000 19.57500 84.61700
24 7 21 08 04 28700.10000 38.80000000 1806.73000 107.20000 19.57500 84.61700
24 7 21 08 05 28692.30000 38.80000000 1806.73000 107.20000 19.57500 84.61700
24 7 21 08 05 28695.90000 38.80000000 1807.45000 107.17000 19.57500 84.61700
24 7 21 08 05 28701.90000 38.80000000 1809.92000 107.17000 19.56500 84.61700
24 7 21 08 06 28702.00000 38.80000000 1810.36000 107.30000 19.56500 84.61700
24 7 21 08 06 28695.00000 38.80000000 1808.49000 107.30000 19.57500 84.61700
24 7 21 08 07 28689.00000 38.80000000 1808.12000 107.30000 19.57500 84.61700
24 7 21 08 07 28692.60000 38.80000000 1807.23000 107.30000 19.57500 84.61700
24 7 21 08 08 28679.40000 38.80000000 1807.77000 107.30000 19.57500 84.61700
24 7 21 08 08 28661.10000 38.80000000 1808.14000 107.17000 19.57500 84.61700
24 7 21 08 08 28649.80000 38.80000000 1806.55000 107.09000 19.57500 84.61700
24 7 21 08 09 28652.90000 38.80000000 1806.89000 107.09000 19.57500 84.61700
24 7 21 08 09 28619.00000 38.80000000 1806.41000 107.09000 19.57500 84.61700
24 7 21 08 10 28628.20000 38.80000000 1804.54000 106.97000 19.57500 83.71000
24 7 21 08 10 28628.20000 38.78000000 1803.45000 106.97000 19.57500 83.71000
24 7 21 08 11 28628.10000 38.78000000 1804.53000 106.96000 19.50800 83.71000
24 7 21 08 11 28639.00000 38.78000000 1805.52000 106.93000 19.50800 83.71000
24 7 21 08 11 28640.90000 38.78000000 1804.55000 106.93000 19.50800 83.71000
24 7 21 08 12 28640.90000 38.78000000 1803.82000 106.93000 19.50800 83.71000
24 7 21 08 12 28631.70000 38.78000000 1800.94000 106.93000 19.50800 83.71000
24 7 21 08 13 28631.70000 38.78000000 1801.89000 106.93000 19.50800 83.71000
24 7 21 08 13 28619.00000 38.78000000 1801.89000 106.67000 19.50800 83.71000
24 7 21 08 14 28601.50000 38.78000000 1799.00000 106.67000 19.56200 83.71000
24 7 21 08 14 28600.10000 38.78000000 1799.00000 106.68000 19.56200 83.71000
24 7 21 08 14 28570.60000 38.62400000 1799.00000 106.69000 19.56200 83.71000
24 7 21 08 15 28594.40000 38.62400000 1800.08000 106.69000 19.56200 83.71000
24 7 21 08 15 28597.50000 38.62400000 1802.30000 106.69000 19.56200 83.71000
24 7 21 08 16 28594.60000 38.62400000 1802.11000 106.81000 19.35900 83.71000
24 7 21 08 16 28587.30000 38.62400000 1799.56000 106.79000 19.35900 83.71000
24 7 21 08 17 28600.00000 38.57200000 1799.56000 106.79000 19.35900 83.71000
24 7 21 08 17 28615.20000 38.57200000 1801.15000 106.79000 19.35900 83.71000
24 7 21 08 17 28623.50000 38.57200000 1802.74000 106.79000 19.35900 83.71000
24 7 21 08 18 28642.70000 38.57200000 1804.73000 106.79000 19.57300 83.71000
24 7 21 08 18 28646.10000 38.57200000 1803.98000 106.79000 19.57300 83.71000
24 7 21 08 19 28625.70000 38.57200000 1804.04000 106.79000 19.57300 83.71000
24 7 21 08 19 28631.00000 38.72500000 1804.04000 106.79000 19.57300 83.71000
24 7 21 08 20 28627.70000 38.67700000 1803.70000 106.92000 19.57300 83.71000
24 7 21 08 20 28639.00000 38.73400000 1804.61000 106.92000 19.57300 83.71000
24 7 21 08 21 28637.10000 38.72900000 1804.43000 106.92000 19.57300 83.71000
24 7 21 08 21 28631.20000 38.72900000 1804.72000 106.92000 19.57300 83.71000
24 7 21 08 21 28632.70000 38.72900000 1804.69000 107.03000 19.57300 83.71000
24 7 21 08 22 28627.90000 38.72900000 1804.90000 106.99000 19.57300 83.71000
24 7 21 08 22 28632.50000 38.72900000 1805.00000 106.99000 19.57300 83.71000
24 7 21 08 23 28627.90000 38.69400000 1805.45000 106.98000 19.57300 83.71000
24 7 21 08 23 28630.20000 38.69400000 1805.70000 106.94000 19.57300 83.71000
24 7 21 08 24 28632.70000 38.69400000 1806.23000 106.94000 19.57300 83.71000
24 7 21 08 24 28632.70000 38.69400000 1806.62000 106.94000 19.57500 83.71000
24 7 21 08 24 28632.70000 38.69000000 1806.03000 106.94000 19.57500 83.71000
24 7 21 08 25 28632.70000 38.69000000 1805.92000 106.94000 19.51500 83.71000
