M=[
 9 3 21 14 31 45800.10000 10.14700000 1538.62000 167.52000 27.50000 112.69100
 9 3 21 14 32 45850.00000 10.14700000 1539.73000 167.44000 27.50000 112.69100
 9 3 21 14 32 45832.20000 10.14700000 1538.78000 167.60000 27.50000 112.69100
 9 3 21 14 33 45795.70000 10.17900000 1538.63000 167.27000 27.50000 112.69100
 9 3 21 14 33 45796.70000 10.17900000 1538.01000 167.25000 27.50000 112.69100
 9 3 21 14 34 45814.90000 10.17900000 1538.81000 167.25000 27.50000 112.69100
 9 3 21 14 34 45843.00000 10.16600000 1539.08000 167.25000 27.50000 112.69100
 9 3 21 14 34 45843.00000 10.16600000 1539.69000 167.71000 27.50000 112.69100
 9 3 21 14 35 45863.10000 10.16600000 1540.44000 167.71000 27.50000 112.69100
 9 3 21 14 35 45850.40000 10.16600000 1540.01000 167.56000 27.50000 112.69100
 9 3 21 14 36 45819.20000 10.16600000 1540.01000 167.56000 27.50000 112.69100
 9 3 21 14 36 45825.90000 10.16600000 1540.00000 167.41000 27.50000 112.69100
 9 3 21 14 37 45814.30000 10.16600000 1539.06000 167.34000 27.62800 112.69100
 9 3 21 14 37 45819.50000 10.16600000 1539.53000 167.34000 27.62800 112.69100
 9 3 21 14 37 45820.50000 10.16600000 1539.46000 167.33000 27.62800 112.69100
 9 3 21 14 38 45813.60000 10.16600000 1540.24000 167.33000 27.62800 112.69100
 9 3 21 14 38 45814.10000 10.16600000 1539.92000 167.26000 27.62800 112.69100
 9 3 21 14 39 45809.50000 10.16600000 1540.04000 167.26000 27.62800 112.69100
 9 3 21 14 39 45800.10000 10.16600000 1539.18000 167.26000 27.62800 113.11500
 9 3 21 14 40 45791.10000 10.16600000 1539.46000 167.77000 27.62800 113.11500
 9 3 21 14 40 45802.70000 10.16600000 1538.81000 167.76000 27.62800 113.11500
 9 3 21 14 40 45802.40000 10.16600000 1538.79000 167.77000 27.62800 113.11500
 9 3 21 14 41 45790.60000 10.16600000 1538.06000 167.77000 27.62800 113.11500
 9 3 21 14 41 45785.30000 10.20000000 1538.47000 167.77000 27.62800 113.11500
 9 3 21 14 42 45771.50000 10.15300000 1538.01000 167.77000 27.62800 113.11500
 9 3 21 14 42 45787.10000 10.15300000 1537.75000 167.77000 27.62800 113.11500
 9 3 21 14 43 45751.00000 10.15300000 1537.01000 167.77000 27.62800 113.11500
 9 3 21 14 43 45741.10000 10.15300000 1537.17000 167.77000 27.20000 113.11500
 9 3 21 14 43 45758.80000 10.15300000 1537.07000 167.77000 27.20000 113.11500
 9 3 21 14 44 45768.00000 10.15300000 1536.38000 167.77000 27.20000 112.70600
 9 3 21 14 44 45763.70000 10.15900000 1536.97000 167.77000 27.20000 112.70600
 9 3 21 14 45 45746.00000 10.18300000 1536.01000 167.77000 27.20000 112.70600
 9 3 21 14 45 45762.90000 10.18300000 1536.57000 167.10000 27.20000 112.70600
 9 3 21 14 46 45818.20000 10.18300000 1537.80000 167.10000 27.20000 112.70600
 9 3 21 14 46 45791.30000 10.18300000 1537.50000 167.43000 27.50000 112.70600
 9 3 21 14 46 45786.10000 10.18300000 1537.66000 167.43000 27.50000 112.70600
 9 3 21 14 47 45788.30000 10.18300000 1538.06000 167.44000 27.50000 112.70600
 9 3 21 14 47 45809.70000 10.18300000 1539.47000 167.50000 27.50000 113.03000
 9 3 21 14 48 45788.80000 10.18300000 1538.36000 167.47000 27.50000 113.03000
 9 3 21 14 48 45822.00000 10.18300000 1539.29000 167.41000 27.50000 113.03000
 9 3 21 14 49 45805.30000 10.16100000 1538.55000 167.44000 27.50000 113.03000
 9 3 21 14 49 45851.00000 10.16100000 1539.04000 167.49000 27.50000 113.03000
 9 3 21 14 49 45851.00000 10.16100000 1539.24000 167.70000 27.50000 113.03000
 9 3 21 14 50 45884.50000 10.16100000 1539.89000 167.78000 27.50000 113.03000
 9 3 21 14 50 45895.30000 10.16100000 1539.91000 167.78000 27.50000 113.03000
 9 3 21 14 51 45896.20000 10.16100000 1539.29000 167.78000 27.50000 113.03000
 9 3 21 14 51 45913.50000 10.16100000 1540.01000 167.78000 27.50000 113.03000
 9 3 21 14 52 45920.00000 10.16100000 1540.09000 167.78000 27.50000 112.98000
 9 3 21 14 52 45919.90000 10.16100000 1540.80000 167.78000 27.50000 112.98000
 9 3 21 14 52 45919.90000 10.16100000 1541.86000 167.77000 27.50000 112.98000
 9 3 21 14 53 45900.10000 10.16100000 1541.29000 167.77000 27.50000 112.98000
 9 3 21 14 53 45871.60000 10.16100000 1541.02000 167.84000 27.50000 112.98000
 9 3 21 14 54 45877.30000 10.16100000 1540.99000 167.74000 27.50000 112.98000
 9 3 21 14 54 45877.30000 10.16100000 1539.49000 167.74000 27.50000 112.98000
 9 3 21 14 55 45870.20000 10.16100000 1538.96000 167.67000 27.50000 112.98000
 9 3 21 14 55 45870.30000 10.16100000 1539.06000 167.65000 27.37400 112.98000
 9 3 21 14 55 45870.20000 10.16100000 1539.93000 167.65000 27.37400 112.98000
 9 3 21 14 56 45847.50000 10.16100000 1538.55000 167.68000 27.37400 112.98000
 9 3 21 14 56 45806.50000 10.21500000 1537.60000 167.51000 27.37400 112.98000
 9 3 21 14 57 45834.40000 10.21500000 1538.57000 167.21000 27.37400 112.98000
 9 3 21 14 57 45801.00000 10.21500000 1538.00000 167.29000 27.37400 112.98000
 9 3 21 14 58 45812.00000 10.21500000 1538.36000 167.35000 27.37400 112.98000
 9 3 21 14 58 45827.40000 10.21500000 1539.39000 167.35000 27.23000 112.98000
 9 3 21 14 58 45834.20000 10.21500000 1539.39000 167.40000 27.23000 112.98000
 9 3 21 14 59 45834.40000 10.21500000 1539.34000 167.40000 27.23000 112.98000
 9 3 21 14 59 45809.40000 10.21500000 1538.70000 167.40000 27.23000 112.89100
 9 3 21 15 00 45786.10000 10.21500000 1537.94000 167.40000 27.23000 112.89100
 9 3 21 15 00 45789.90000 10.21500000 1538.03000 167.28000 27.23000 112.89100
 9 3 21 15 01 45786.10000 10.20700000 1537.95000 167.28000 27.23000 112.89100
 9 3 21 15 01 45786.00000 10.20700000 1537.94000 167.27000 27.23000 112.89100
 9 3 21 15 01 45722.80000 10.20700000 1537.49000 167.22000 27.23000 112.89100
 9 3 21 15 02 45731.40000 10.20700000 1537.36000 167.32000 27.23000 112.89100
 9 3 21 15 02 45731.40000 10.20700000 1537.01000 167.32000 27.23000 112.89100
 9 3 21 15 03 45728.60000 10.20700000 1536.77000 167.53000 27.23000 112.89100
 9 3 21 15 03 45700.00000 10.20700000 1535.00000 167.53000 27.23000 112.89100
 9 3 21 15 04 45693.80000 10.20700000 1535.00000 167.22000 27.23000 112.75100
 9 3 21 15 04 45694.90000 10.20700000 1535.01000 167.22000 27.23000 112.75100
 9 3 21 15 04 45700.00000 10.20700000 1535.00000 167.22000 27.23000 112.75100
 9 3 21 15 05 45700.00000 10.20700000 1535.00000 167.21000 27.23000 112.75100
 9 3 21 15 05 45700.00000 10.20700000 1534.99000 167.29000 27.23000 112.75100
 9 3 21 15 06 45700.00000 10.20700000 1534.99000 167.29000 27.23000 112.75100
 9 3 21 15 06 45717.80000 10.20700000 1535.06000 167.29000 27.23000 112.75100
 9 3 21 15 07 45717.80000 10.20700000 1535.36000 167.19000 27.23000 112.47200
 9 3 21 15 07 45717.80000 10.20700000 1535.41000 167.12000 27.23000 112.47200
 9 3 21 15 07 45720.00000 10.20700000 1535.43000 167.12000 27.23000 112.47200
 9 3 21 15 08 45719.90000 10.18400000 1534.50000 167.12000 27.23000 112.47200
 9 3 21 15 08 45756.80000 10.18400000 1534.10000 167.12000 27.23000 112.47200
 9 3 21 15 09 45754.60000 10.16000000 1533.97000 167.08000 27.23000 112.47200
 9 3 21 15 09 45754.50000 10.16000000 1533.42000 167.08000 27.23000 112.47200
 9 3 21 15 10 45725.40000 10.16000000 1533.00000 167.08000 27.23000 112.47200
 9 3 21 15 10 45711.10000 10.16000000 1533.00000 167.05000 27.23000 112.47200
 9 3 21 15 10 45690.00000 10.16000000 1528.91000 166.59000 27.23000 112.47200
 9 3 21 15 11 45651.30000 10.16000000 1530.26000 166.71000 27.23000 112.47200
 9 3 21 15 11 45639.10000 10.16000000 1529.93000 166.61000 27.23000 112.47200
 9 3 21 15 12 45619.20000 10.16000000 1529.30000 166.61000 27.23000 112.47200
 9 3 21 15 12 45629.50000 10.16000000 1527.96000 166.53000 27.23000 112.47200
 9 3 21 15 13 45610.30000 10.16000000 1529.34000 166.45000 27.23000 112.47200
 9 3 21 15 13 45533.60000 10.16000000 1527.13000 166.10000 27.23000 112.47200
 9 3 21 15 13 45577.30000 10.16000000 1527.41000 166.10000 27.23000 112.47200
 9 3 21 15 14 45529.10000 10.16000000 1526.76000 166.21000 27.23000 112.14400
 9 3 21 15 14 45554.90000 10.16000000 1526.48000 166.15000 27.23000 112.14400
 9 3 21 15 15 45548.90000 10.16000000 1526.24000 166.15000 27.23000 112.14400
