M=[
 8 11 20 04 14 12594.20000 4.33900000 368.19000 49.90000 11.74500 48.46700
 8 11 20 04 15 12596.70000 4.33900000 368.19000 49.90000 11.74500 48.46700
 8 11 20 04 15 12596.70000 4.33900000 368.19000 49.90000 11.74500 48.46700
 8 11 20 04 15 12595.00000 4.33900000 368.19000 49.90000 11.74500 48.46700
 8 11 20 04 16 12589.70000 4.33900000 368.19000 49.90000 11.74500 48.46700
 8 11 20 04 16 12591.80000 4.33900000 368.19000 49.90000 11.74500 48.46700
 8 11 20 04 17 12591.80000 4.33900000 368.19000 49.90000 11.74500 48.46700
 8 11 20 04 17 12591.80000 4.33900000 368.19000 49.90000 11.74500 48.46700
 8 11 20 04 18 12598.10000 4.33900000 369.05000 49.90000 11.74500 48.46700
 8 11 20 04 18 12598.90000 4.31800000 369.05000 49.90000 11.82200 48.46700
 8 11 20 04 18 12598.90000 4.31800000 369.05000 49.90000 11.82200 48.46700
 8 11 20 04 19 12598.90000 4.31800000 369.05000 49.90000 11.82200 48.46700
 8 11 20 04 19 12602.80000 4.31800000 369.05000 49.90000 11.82200 48.46700
 8 11 20 04 20 12601.40000 4.31800000 369.13000 49.90000 11.82200 48.46700
 8 11 20 04 20 12601.40000 4.31800000 369.13000 49.90000 11.82200 48.46700
 8 11 20 04 21 12601.40000 4.31800000 369.04000 49.90000 11.82200 48.46700
 8 11 20 04 21 12588.50000 4.31800000 368.40000 49.90000 11.82200 48.46700
 8 11 20 04 21 12588.50000 4.31800000 368.40000 49.90000 11.82200 48.46700
 8 11 20 04 22 12588.50000 4.31800000 368.40000 49.90000 11.82200 48.46700
 8 11 20 04 22 12588.50000 4.31800000 368.40000 49.90000 11.82200 48.46700
 8 11 20 04 23 12584.20000 4.31800000 368.40000 49.90000 11.82200 48.46700
 8 11 20 04 23 12589.00000 4.31800000 368.40000 49.90000 11.82200 48.46700
 8 11 20 04 24 12586.90000 4.31800000 368.40000 49.90000 11.82200 48.46700
 8 11 20 04 24 12587.20000 4.33400000 368.40000 49.90000 11.82200 48.46700
 8 11 20 04 24 12587.20000 4.33400000 368.40000 49.90000 11.82200 48.46700
 8 11 20 04 25 12582.40000 4.33400000 368.40000 49.90000 11.82200 48.46700
 8 11 20 04 25 12590.40000 4.33400000 368.40000 49.90000 11.82200 48.46700
 8 11 20 04 26 12590.40000 4.34100000 368.40000 49.90000 11.82200 48.46700
 8 11 20 04 26 12592.70000 4.34100000 368.40000 49.90000 11.82200 48.46700
 8 11 20 04 27 12592.70000 4.34100000 368.40000 50.20000 11.82200 48.46700
 8 11 20 04 27 12592.70000 4.34100000 368.81000 50.20000 11.82200 48.46700
 8 11 20 04 27 12593.10000 4.34100000 368.81000 50.20000 11.82200 48.46700
 8 11 20 04 28 12590.40000 4.34100000 368.81000 50.20000 11.82200 48.46700
 8 11 20 04 28 12590.40000 4.34100000 368.81000 50.20000 11.82200 48.46700
 8 11 20 04 29 12590.40000 4.34100000 368.56000 50.20000 11.82200 48.46700
 8 11 20 04 29 12590.40000 4.34100000 368.56000 50.20000 11.82200 48.46700
 8 11 20 04 30 12590.40000 4.33700000 368.12000 50.20000 11.82200 48.46700
 8 11 20 04 30 12574.40000 4.33700000 368.25000 50.20000 11.82200 48.46700
 8 11 20 04 30 12574.40000 4.33700000 368.29000 50.20000 11.82200 48.46700
 8 11 20 04 31 12574.40000 4.33700000 368.29000 50.20000 11.82200 48.46700
 8 11 20 04 31 12566.80000 4.33700000 368.29000 50.20000 11.82200 48.46700
 8 11 20 04 32 12565.60000 4.33700000 368.29000 50.20000 11.82200 48.46700
 8 11 20 04 32 12565.60000 4.33700000 368.29000 50.20000 11.82200 48.46700
 8 11 20 04 33 12565.60000 4.33700000 368.29000 50.20000 11.82200 48.46700
 8 11 20 04 33 12572.40000 4.33700000 368.22000 50.20000 11.82200 48.46700
 8 11 20 04 33 12575.30000 4.33700000 367.98000 50.20000 11.82200 48.46700
 8 11 20 04 34 12567.80000 4.33700000 367.42000 50.20000 11.82200 48.46700
 8 11 20 04 34 12567.80000 4.33700000 367.42000 50.20000 11.82200 48.46700
 8 11 20 04 35 12560.10000 4.33700000 367.42000 50.20000 11.82200 48.46700
 8 11 20 04 35 12560.10000 4.33700000 367.06000 50.20000 11.82200 48.46700
 8 11 20 04 36 12560.10000 4.33700000 367.06000 50.20000 11.82200 48.46700
 8 11 20 04 36 12560.10000 4.33700000 367.06000 50.20000 11.82200 48.46700
 8 11 20 04 36 12560.10000 4.33700000 366.84000 49.96000 11.82200 48.46700
 8 11 20 04 37 12560.10000 4.33700000 366.84000 49.96000 11.82200 48.46700
 8 11 20 04 37 12560.10000 4.33700000 366.84000 49.96000 11.82200 48.46700
 8 11 20 04 38 12560.10000 4.33700000 366.83000 49.96000 11.82200 48.46700
 8 11 20 04 38 12562.60000 4.33700000 366.83000 49.96000 11.82200 48.46700
 8 11 20 04 39 12559.20000 4.33700000 366.83000 49.96000 11.82200 48.46700
 8 11 20 04 39 12559.20000 4.33700000 366.83000 49.96000 11.82200 48.46700
 8 11 20 04 39 12552.70000 4.33700000 365.36000 49.96000 11.82200 48.46700
 8 11 20 04 40 12545.90000 4.33700000 366.00000 49.96000 11.82200 48.46700
 8 11 20 04 40 12545.90000 4.33700000 365.99000 49.96000 11.82200 48.46700
 8 11 20 04 41 12540.10000 4.33700000 365.99000 49.96000 11.70800 48.46700
 8 11 20 04 41 12540.10000 4.33700000 366.46000 49.96000 11.70800 48.46700
 8 11 20 04 42 12540.10000 4.33700000 366.46000 49.96000 11.70800 48.46700
 8 11 20 04 42 12548.20000 4.33700000 366.46000 49.96000 11.70800 48.46700
 8 11 20 04 42 12548.20000 4.33700000 366.46000 49.96000 11.70800 48.46700
 8 11 20 04 43 12555.00000 4.33700000 366.46000 49.96000 11.70800 48.46700
 8 11 20 04 43 12555.00000 4.33700000 366.46000 49.96000 11.70800 48.46700
 8 11 20 04 44 12555.00000 4.33700000 366.46000 49.96000 11.83600 48.46700
 8 11 20 04 44 12555.00000 4.33700000 366.47000 49.96000 11.83600 48.46700
 8 11 20 04 45 12559.00000 4.33700000 366.47000 49.96000 11.83600 48.46700
 8 11 20 04 45 12564.70000 4.33700000 366.47000 49.96000 11.83600 48.46700
 8 11 20 04 45 12562.20000 4.33700000 366.80000 49.96000 11.83600 48.46700
 8 11 20 04 46 12565.60000 4.33700000 366.80000 49.96000 11.83600 48.46700
 8 11 20 04 46 12570.80000 4.33700000 366.92000 49.96000 11.83600 48.46700
 8 11 20 04 47 12573.90000 4.33700000 366.92000 49.90000 11.83600 48.46700
 8 11 20 04 47 12573.90000 4.33700000 366.92000 49.90000 11.83600 48.46700
 8 11 20 04 48 12573.90000 4.33700000 366.92000 49.90000 11.83600 48.46700
 8 11 20 04 48 12567.70000 4.33700000 366.92000 49.90000 11.83600 48.46700
 8 11 20 04 48 12570.30000 4.33700000 367.06000 49.90000 11.83600 48.46700
 8 11 20 04 49 12578.10000 4.33700000 367.30000 49.88000 11.83600 48.46700
 8 11 20 04 49 12574.40000 4.33700000 367.27000 49.88000 11.83600 48.46700
 8 11 20 04 50 12578.10000 4.33700000 367.27000 49.88000 11.83600 48.46700
 8 11 20 04 50 12578.10000 4.33700000 367.27000 49.88000 11.83600 48.46700
 8 11 20 04 51 12578.10000 4.33700000 367.27000 49.88000 11.83600 48.46700
 8 11 20 04 51 12576.10000 4.33700000 367.27000 49.83000 11.83600 48.46700
 8 11 20 04 51 12576.20000 4.33700000 367.23000 49.83000 11.83600 48.46700
 8 11 20 04 52 12578.10000 4.33700000 367.23000 49.83000 11.83600 48.46700
 8 11 20 04 52 12578.10000 4.33700000 367.23000 49.83000 11.83600 48.46700
 8 11 20 04 53 12582.60000 4.33700000 367.41000 49.89000 11.83600 48.46700
 8 11 20 04 53 12582.60000 4.33700000 367.41000 49.89000 11.83600 48.46700
 8 11 20 04 54 12583.10000 4.33700000 367.41000 49.89000 11.83600 48.46700
 8 11 20 04 54 12580.90000 4.33700000 367.38000 49.89000 11.83600 48.46700
 8 11 20 04 54 12580.90000 4.33700000 367.50000 49.89000 11.83600 48.46700
 8 11 20 04 55 12580.90000 4.33700000 367.40000 49.89000 11.83600 48.46700
 8 11 20 04 55 12580.90000 4.33700000 367.40000 49.82000 11.83600 48.46700
 8 11 20 04 56 12582.60000 4.33700000 367.40000 49.82000 11.83600 48.46700
 8 11 20 04 56 12576.90000 4.33700000 367.40000 49.82000 11.83600 48.46700
 8 11 20 04 57 12583.10000 4.33700000 367.40000 49.82000 11.83600 48.46700
 8 11 20 04 57 12583.10000 4.33700000 367.63000 49.82000 11.83600 48.46700
 8 11 20 04 57 12583.10000 4.33700000 367.63000 49.82000 11.83600 48.46700
 8 11 20 04 58 12583.10000 4.33700000 367.63000 49.82000 11.83600 48.46700
 8 11 20 04 58 12583.10000 4.33700000 367.63000 49.82000 11.83600 48.46700
 8 11 20 04 59 12583.10000 4.33700000 367.58000 49.82000 11.83600 48.46700
 8 11 20 04 59 12571.10000 4.33700000 367.58000 49.82000 11.83600 48.46700
