M=[
16 9 20 03 41 9099.00000 5.07900000 304.24000 40.34000 13.60200 49.13700
16 9 20 03 41 9099.00000 5.07900000 304.24000 40.34000 13.60200 49.13700
16 9 20 03 42 9099.00000 5.07900000 304.24000 40.34000 13.60200 49.13700
16 9 20 03 42 9099.00000 5.07900000 304.24000 40.34000 13.60200 49.13700
16 9 20 03 42 9101.20000 5.07900000 304.00000 40.34000 13.60200 49.13700
16 9 20 03 43 9100.90000 5.07900000 304.00000 40.34000 13.60200 49.13700
16 9 20 03 43 9101.80000 5.07900000 304.00000 40.48000 13.60200 49.13700
16 9 20 03 44 9103.10000 5.07900000 304.00000 40.48000 13.60200 49.13700
16 9 20 03 44 9104.60000 5.07900000 304.00000 40.48000 13.60200 49.13700
16 9 20 03 45 9105.10000 5.07900000 304.00000 40.48000 13.60200 49.13700
16 9 20 03 45 9102.60000 5.07900000 303.81000 40.48000 13.60200 49.13700
16 9 20 03 45 9102.00000 5.07900000 303.81000 40.48000 13.60200 49.13700
16 9 20 03 46 9102.20000 5.07900000 303.81000 40.48000 13.60200 49.13700
16 9 20 03 46 9101.20000 5.07900000 303.81000 40.48000 13.60200 49.13700
16 9 20 03 47 9102.80000 5.07900000 303.81000 40.48000 13.60200 49.13700
16 9 20 03 47 9102.80000 5.07900000 303.81000 40.48000 13.60200 49.13700
16 9 20 03 48 9101.80000 5.07900000 303.81000 40.48000 13.60200 49.13700
16 9 20 03 48 9106.10000 5.07900000 303.81000 40.48000 13.60200 49.13700
16 9 20 03 48 9106.30000 5.07900000 303.78000 40.48000 13.60200 49.13700
16 9 20 03 49 9103.90000 5.07900000 303.82000 40.48000 13.59100 49.13700
16 9 20 03 49 9103.90000 5.07900000 303.82000 40.48000 13.59100 49.13700
16 9 20 03 50 9103.90000 5.07900000 303.93000 40.48000 13.59100 49.13700
16 9 20 03 50 9103.90000 5.07900000 303.93000 40.48000 13.59100 49.13700
16 9 20 03 51 9103.90000 5.07900000 303.93000 40.48000 13.59100 49.13700
16 9 20 03 51 9103.90000 5.07900000 304.12000 40.48000 13.59100 49.13700
16 9 20 03 51 9103.90000 5.07900000 304.12000 40.48000 13.59100 49.13700
16 9 20 03 52 9103.90000 5.07900000 303.97000 40.52000 13.59100 49.13700
16 9 20 03 52 9105.30000 5.07900000 303.97000 40.52000 13.59100 49.13700
16 9 20 03 53 9104.00000 5.07900000 303.97000 40.52000 13.59100 49.13700
16 9 20 03 53 9105.50000 5.07900000 303.97000 40.52000 13.59100 49.13700
16 9 20 03 54 9105.60000 5.07900000 303.83000 40.52000 13.59100 49.13700
16 9 20 03 54 9105.60000 5.07900000 303.83000 40.52000 13.59100 49.13700
16 9 20 03 55 9108.70000 5.07900000 303.84000 40.52000 13.59100 49.13700
16 9 20 03 55 9108.70000 5.07900000 303.90000 40.52000 13.59100 49.13700
16 9 20 03 55 9110.20000 5.07900000 303.90000 40.52000 13.59100 49.13700
16 9 20 03 56 9112.60000 5.07900000 303.90000 40.53000 13.59100 49.13700
16 9 20 03 56 9113.20000 5.07900000 303.90000 40.55000 13.59100 49.13700
16 9 20 03 57 9110.20000 5.07900000 303.81000 40.56000 13.59100 49.13700
16 9 20 03 57 9113.00000 5.07900000 303.81000 40.56000 13.59100 49.13700
16 9 20 03 58 9113.60000 5.07900000 303.81000 40.56000 13.59100 49.13700
16 9 20 03 58 9117.40000 5.07900000 303.81000 40.56000 13.59100 49.13700
16 9 20 03 58 9119.10000 5.07900000 303.90000 40.56000 13.59100 49.13700
16 9 20 03 59 9121.20000 5.07900000 303.90000 40.56000 13.59100 49.13700
16 9 20 03 59 9122.60000 5.07900000 304.35000 40.56000 13.59100 49.13700
16 9 20 04 00 9121.30000 5.07900000 304.30000 40.56000 13.59100 49.21900
16 9 20 04 00 9121.30000 5.07900000 304.14000 40.56000 13.59100 49.13600
16 9 20 04 00 9121.30000 5.07900000 304.06000 40.56000 13.59100 49.13600
16 9 20 04 01 9121.30000 5.07900000 304.01000 40.58000 13.59100 49.13600
16 9 20 04 01 9121.10000 5.07900000 303.91000 40.58000 13.59100 49.13600
16 9 20 04 02 9119.20000 5.07900000 303.91000 40.58000 13.59100 49.13600
16 9 20 04 02 9113.30000 5.10900000 303.58000 40.53000 13.59100 49.13600
16 9 20 04 03 9111.10000 5.10900000 303.58000 40.53000 13.59100 49.13600
16 9 20 04 03 9108.00000 5.10900000 303.58000 40.53000 13.68800 49.13600
16 9 20 04 04 9107.60000 5.10900000 303.58000 40.53000 13.68800 49.13600
16 9 20 04 04 9107.60000 5.10900000 303.58000 40.53000 13.68800 49.13600
16 9 20 04 04 9109.20000 5.10900000 303.52000 40.53000 13.68800 49.13600
16 9 20 04 05 9111.40000 5.10900000 303.82000 40.53000 13.68800 49.13600
16 9 20 04 05 9114.20000 5.10900000 303.82000 40.53000 13.68800 49.13600
16 9 20 04 06 9115.30000 5.07100000 303.84000 40.53000 13.68800 49.13600
16 9 20 04 06 9115.30000 5.07100000 303.84000 40.53000 13.68800 49.13600
16 9 20 04 07 9115.30000 5.07100000 303.84000 40.53000 13.68800 49.13600
16 9 20 04 07 9115.20000 5.07100000 303.84000 40.53000 13.68800 49.13600
16 9 20 04 07 9115.30000 5.07100000 303.82000 40.53000 13.68800 49.13600
16 9 20 04 08 9115.50000 5.07100000 303.73000 40.53000 13.68800 49.13600
16 9 20 04 08 9115.60000 5.07100000 303.73000 40.53000 13.68800 49.13600
16 9 20 04 09 9115.10000 5.07100000 303.73000 40.53000 13.68800 49.13600
16 9 20 04 09 9111.40000 5.07100000 303.74000 40.53000 13.68800 49.13600
16 9 20 04 09 9112.70000 5.07100000 303.74000 40.53000 13.68800 49.13600
16 9 20 04 10 9110.50000 5.07100000 303.74000 40.53000 13.68800 49.13600
16 9 20 04 10 9110.50000 5.07100000 303.73000 40.53000 13.68800 49.13600
16 9 20 04 11 9110.50000 5.07100000 303.74000 40.53000 13.68800 49.13600
16 9 20 04 11 9110.60000 5.07100000 303.74000 40.53000 13.68800 49.13600
16 9 20 04 12 9110.60000 5.07100000 303.74000 40.53000 13.68800 49.13600
16 9 20 04 12 9110.60000 5.07100000 303.72000 40.53000 13.68800 49.13600
16 9 20 04 12 9110.60000 5.07100000 303.91000 40.53000 13.68800 49.03400
16 9 20 04 13 9110.60000 5.07100000 303.91000 40.53000 13.68800 49.03400
16 9 20 04 13 9110.60000 5.07100000 303.91000 40.53000 13.68800 49.03400
16 9 20 04 14 9110.60000 5.07100000 303.91000 40.53000 13.68800 49.00900
16 9 20 04 14 9110.60000 5.07100000 303.91000 40.53000 13.68800 49.00900
16 9 20 04 15 9112.90000 5.07100000 303.78000 40.53000 13.68800 49.00900
16 9 20 04 15 9113.30000 5.07100000 303.77000 40.53000 13.68800 48.92900
16 9 20 04 15 9114.50000 5.07100000 303.77000 40.53000 13.68800 48.92900
16 9 20 04 16 9116.00000 5.07100000 303.78000 40.53000 13.68800 48.88600
16 9 20 04 16 9113.30000 5.07100000 303.78000 40.53000 13.68800 48.88300
16 9 20 04 17 9113.30000 5.07100000 303.78000 40.53000 13.68800 48.88300
16 9 20 04 17 9113.30000 5.07100000 303.78000 40.53000 13.68800 48.88300
16 9 20 04 18 9113.30000 5.07100000 303.78000 40.53000 13.68800 48.88300
16 9 20 04 18 9113.30000 5.07100000 304.37000 40.53000 13.68800 48.88300
16 9 20 04 18 9118.60000 5.07100000 304.95000 40.53000 13.68800 48.88300
16 9 20 04 19 9125.00000 5.11100000 305.20000 40.53000 13.68800 48.88300
16 9 20 04 19 9128.30000 5.04400000 305.51000 40.53000 13.68800 48.88300
16 9 20 04 20 9131.30000 5.11100000 305.42000 40.53000 13.68800 48.88300
16 9 20 04 20 9131.30000 5.11100000 305.71000 40.53000 13.68800 48.88300
16 9 20 04 21 9139.90000 5.11100000 305.73000 40.53000 13.68800 48.88300
16 9 20 04 21 9135.50000 5.09900000 305.73000 40.53000 13.68800 48.88300
16 9 20 04 22 9138.20000 5.09900000 305.42000 40.53000 13.68800 48.88300
16 9 20 04 22 9142.90000 5.09900000 305.77000 40.53000 13.68800 48.88300
16 9 20 04 22 9148.80000 5.09900000 306.05000 40.53000 13.68800 48.88300
16 9 20 04 23 9138.00000 5.09900000 305.55000 40.61000 13.68800 48.88300
16 9 20 04 23 9134.10000 5.09900000 305.66000 40.66000 13.68800 49.26500
16 9 20 04 24 9137.30000 5.09900000 305.93000 40.66000 13.68800 49.25400
16 9 20 04 24 9137.40000 5.09900000 305.74000 40.66000 13.68800 49.25100
16 9 20 04 25 9136.50000 5.09900000 305.62000 40.66000 13.68800 49.25100
16 9 20 04 25 9136.60000 5.09900000 305.93000 40.66000 13.68800 49.24800
16 9 20 04 26 9137.30000 5.09900000 305.96000 40.69000 13.68800 49.24800
16 9 20 04 26 9137.60000 5.09900000 306.09000 40.69000 13.68800 49.24800
16 9 20 04 26 9136.60000 5.09900000 306.10000 40.69000 13.68800 49.22800
16 9 20 04 27 9136.40000 5.09900000 306.10000 40.69000 13.68800 49.22800
16 9 20 04 27 9134.50000 5.09900000 306.10000 40.64000 13.68800 49.22800
