M=[
23 5 20 17 12 8442.60000 6.01000000 190.29000 40.48000 11.66700 43.30000
23 5 20 17 12 8446.10000 6.03400000 190.33000 40.48000 11.66700 43.30000
23 5 20 17 13 8443.50000 6.03400000 190.33000 40.48000 11.66700 43.30000
23 5 20 17 13 8442.60000 6.03400000 190.40000 40.48000 11.66700 43.30000
23 5 20 17 13 8444.90000 6.03400000 190.40000 40.48000 11.66700 43.30000
23 5 20 17 14 8442.30000 6.01300000 190.45000 40.48000 11.66700 43.29900
23 5 20 17 14 8443.50000 6.01300000 190.42000 40.48000 11.66700 43.29900
23 5 20 17 15 8442.90000 6.01200000 190.42000 40.48000 11.66700 43.29900
23 5 20 17 15 8446.00000 6.01200000 190.42000 40.48000 11.66700 43.29900
23 5 20 17 16 8445.50000 6.01200000 190.45000 40.48000 11.66700 43.29900
23 5 20 17 16 8449.10000 6.01200000 190.45000 40.48000 11.66700 43.29900
23 5 20 17 17 8448.70000 6.01200000 190.45000 40.48000 11.66700 43.29900
23 5 20 17 17 8445.30000 6.01200000 190.52000 40.48000 11.66700 43.29900
23 5 20 17 17 8450.00000 6.01200000 190.51000 40.48000 11.62700 43.29900
23 5 20 17 18 8449.60000 6.01200000 190.51000 40.32000 11.66700 43.30000
23 5 20 17 18 8450.50000 6.01200000 190.51000 40.48000 11.66700 43.30000
23 5 20 17 19 8450.50000 6.01200000 190.52000 40.48000 11.66700 43.30000
23 5 20 17 19 8447.80000 6.01200000 190.50000 40.48000 11.66700 43.30000
23 5 20 17 20 8442.20000 6.01200000 190.50000 40.48000 11.66700 43.30000
23 5 20 17 20 8442.20000 6.01200000 190.50000 40.48000 11.66700 43.30000
23 5 20 17 21 8439.30000 6.01200000 190.37000 40.48000 11.66700 43.30000
23 5 20 17 21 8435.80000 5.99800000 190.07000 40.48000 11.66700 43.30000
23 5 20 17 22 8435.80000 6.00000000 190.18000 40.48000 11.62100 43.30000
