M=[
 5 12 20 00 11 15347.30000 4.89200000 467.59000 65.83000 12.88400 56.43100
 5 12 20 00 11 15336.50000 4.89200000 466.62000 65.74000 12.88400 56.43100
 5 12 20 00 12 15331.30000 4.89200000 466.45000 65.55000 12.88400 56.43100
 5 12 20 00 12 15332.40000 4.89200000 466.84000 65.55000 12.88400 56.43100
 5 12 20 00 12 15345.30000 4.89200000 467.10000 65.55000 12.88400 56.43100
 5 12 20 00 13 15351.70000 4.89200000 467.37000 65.78000 12.88400 56.43100
 5 12 20 00 13 15351.70000 4.89200000 467.34000 65.78000 12.88400 56.43100
 5 12 20 00 14 15342.90000 4.89200000 467.54000 65.84000 12.80400 56.43100
 5 12 20 00 14 15335.00000 4.89200000 466.70000 65.65000 12.80400 56.43100
 5 12 20 00 15 15324.80000 4.89200000 466.78000 65.65000 12.80400 56.43100
 5 12 20 00 15 15333.20000 4.89200000 467.23000 65.65000 12.80400 56.43100
 5 12 20 00 15 15351.10000 4.89200000 467.57000 65.65000 12.80400 56.43100
 5 12 20 00 16 15359.90000 4.89200000 467.96000 65.65000 12.80400 56.43100
 5 12 20 00 16 15357.10000 4.89200000 468.37000 65.99000 12.80400 56.43100
 5 12 20 00 17 15365.50000 4.92600000 469.16000 66.17000 12.80400 56.43100
 5 12 20 00 17 15368.70000 4.93700000 469.16000 66.10000 12.80400 56.43100
 5 12 20 00 18 15359.50000 4.93200000 468.03000 66.06000 12.80400 56.43100
 5 12 20 00 18 15354.00000 4.93200000 468.63000 66.06000 12.80400 56.43100
 5 12 20 00 18 15349.30000 4.93200000 468.42000 66.06000 12.80400 56.43100
 5 12 20 00 19 15353.90000 4.93200000 468.43000 65.96000 12.80400 56.43100
 5 12 20 00 19 15365.50000 4.93200000 468.43000 65.96000 12.80400 56.43100
 5 12 20 00 20 15370.80000 4.93200000 468.43000 65.96000 12.80400 56.43100
 5 12 20 00 20 15364.10000 4.93200000 468.31000 66.03000 12.80400 56.43100
 5 12 20 00 21 15347.40000 4.93200000 468.02000 66.03000 12.80400 56.43100
 5 12 20 00 21 15351.90000 4.93200000 468.31000 66.03000 12.80400 56.43100
 5 12 20 00 21 15361.50000 4.93200000 468.31000 66.03000 12.80400 56.43100
 5 12 20 00 22 15367.50000 4.93200000 468.86000 66.03000 12.80400 56.43100
 5 12 20 00 22 15347.40000 4.93200000 468.53000 66.03000 12.80400 56.43100
 5 12 20 00 23 15356.20000 4.93200000 468.70000 66.03000 12.80400 56.43100
 5 12 20 00 23 15370.00000 4.93200000 468.85000 66.03000 12.80400 56.43100
 5 12 20 00 24 15369.90000 4.93200000 469.29000 66.03000 12.80400 56.43100
 5 12 20 00 24 15370.00000 4.93200000 469.20000 66.03000 12.80400 56.43100
 5 12 20 00 24 15370.00000 4.93200000 468.69000 66.03000 12.80400 56.43100
 5 12 20 00 25 15374.30000 4.93200000 468.69000 66.03000 12.84200 56.43100
 5 12 20 00 25 15390.00000 4.93200000 469.18000 66.16000 12.80200 56.43100
 5 12 20 00 26 15389.90000 4.93200000 469.18000 66.16000 12.80200 56.43100
 5 12 20 00 26 15390.00000 4.93200000 469.29000 66.16000 12.80200 56.43100
 5 12 20 00 26 15380.20000 4.93200000 469.63000 66.16000 12.80200 56.43100
 5 12 20 00 27 15368.30000 4.93200000 469.29000 66.16000 12.80200 56.43100
 5 12 20 00 27 15375.00000 4.93200000 469.70000 66.16000 12.80200 56.43100
 5 12 20 00 28 15375.00000 4.93200000 469.62000 66.16000 12.80200 56.43100
 5 12 20 00 28 15375.00000 4.93200000 469.63000 66.16000 12.80200 56.43100
 5 12 20 00 29 15375.00000 4.93200000 469.76000 66.16000 12.80200 56.43100
 5 12 20 00 29 15365.00000 4.93200000 469.39000 66.18000 12.80200 56.43100
 5 12 20 00 29 15371.20000 4.93200000 469.56000 66.18000 12.80200 56.43100
 5 12 20 00 30 15371.30000 4.93200000 469.48000 66.17000 12.80200 56.43100
 5 12 20 00 30 15371.20000 4.93200000 469.51000 66.19000 12.80200 56.43100
 5 12 20 00 31 15371.20000 4.93200000 469.47000 66.19000 12.80200 57.44800
 5 12 20 00 31 15390.00000 4.93200000 469.81000 66.19000 12.94800 57.44800
 5 12 20 00 32 15390.00000 4.93200000 470.28000 66.19000 12.94800 57.44800
 5 12 20 00 32 15380.80000 4.93200000 470.08000 66.19000 12.94800 57.44800
 5 12 20 00 32 15391.30000 4.93200000 470.31000 66.19000 12.94800 57.44800
 5 12 20 00 33 15393.00000 4.93200000 470.41000 66.19000 12.94800 57.44800
 5 12 20 00 33 15397.60000 4.93200000 470.95000 66.19000 12.94800 57.44800
 5 12 20 00 34 15398.30000 4.93200000 470.78000 66.32000 12.94800 57.44800
 5 12 20 00 34 15396.10000 4.93200000 471.09000 66.32000 12.94800 57.44800
 5 12 20 00 35 15405.00000 4.93200000 471.23000 66.32000 12.94800 57.44800
 5 12 20 00 35 15404.40000 4.93200000 471.19000 66.32000 12.94800 57.44800
 5 12 20 00 35 15406.10000 4.93200000 471.26000 66.40000 12.94800 57.44800
 5 12 20 00 36 15414.50000 4.93200000 471.26000 66.38000 12.94800 57.44800
 5 12 20 00 36 15442.50000 4.96500000 471.51000 66.40000 12.94800 57.44800
 5 12 20 00 37 15437.90000 4.96500000 472.08000 66.56000 12.94800 57.44800
 5 12 20 00 37 15443.40000 4.96500000 472.91000 66.56000 12.94800 57.44800
 5 12 20 00 38 15458.30000 4.96500000 473.00000 66.56000 12.94800 57.44800
 5 12 20 00 38 15449.50000 4.96400000 473.00000 66.56000 12.94800 57.44800
 5 12 20 00 38 15445.70000 4.96400000 472.65000 66.56000 12.94800 57.44800
 5 12 20 00 39 15445.90000 4.96400000 472.48000 66.56000 12.94800 57.44800
 5 12 20 00 39 15440.70000 4.96400000 471.74000 66.56000 12.94800 57.44800
 5 12 20 00 40 15447.10000 4.96400000 472.37000 66.56000 12.94800 57.44800
 5 12 20 00 40 15449.90000 4.96400000 472.39000 66.59000 12.94800 57.44800
 5 12 20 00 41 15442.90000 4.96400000 472.38000 66.48000 12.94800 57.44800
 5 12 20 00 41 15446.60000 4.96400000 471.76000 66.49000 12.94800 57.44800
 5 12 20 00 41 15447.70000 4.96400000 471.76000 66.49000 12.94800 57.44800
 5 12 20 00 42 15441.30000 4.96400000 471.78000 66.49000 12.94800 57.76000
 5 12 20 00 42 15450.00000 4.96400000 472.05000 66.49000 12.94800 57.76000
 5 12 20 00 43 15434.70000 4.96400000 471.63000 66.49000 12.94800 57.85900
 5 12 20 00 43 15441.90000 4.96400000 471.62000 66.48000 12.94800 57.85900
 5 12 20 00 44 15449.60000 4.96400000 471.62000 66.48000 12.94800 57.85900
 5 12 20 00 44 15437.30000 4.96400000 471.62000 66.48000 12.94800 57.83100
 5 12 20 00 44 15435.10000 4.96400000 471.22000 66.48000 12.94800 57.83100
 5 12 20 00 45 15438.60000 4.96400000 471.22000 66.44000 12.94800 57.83100
 5 12 20 00 45 15438.50000 4.96400000 471.22000 66.38000 12.94800 57.73700
 5 12 20 00 46 15435.20000 4.96400000 470.80000 66.38000 12.94800 57.73700
 5 12 20 00 46 15435.20000 4.96400000 470.85000 66.45000 12.94800 57.73700
 5 12 20 00 47 15435.00000 4.96400000 471.00000 66.45000 12.94800 57.84200
 5 12 20 00 47 15435.00000 4.96400000 471.00000 66.45000 12.94800 57.84200
 5 12 20 00 47 15435.10000 4.96100000 471.00000 66.45000 12.94800 57.84200
 5 12 20 00 48 15435.10000 4.96100000 470.87000 66.45000 12.94800 57.84200
 5 12 20 00 48 15435.10000 4.96100000 471.04000 66.45000 12.94800 57.84200
 5 12 20 00 49 15450.20000 4.96100000 471.40000 66.43000 12.94800 57.84200
 5 12 20 00 49 15450.10000 4.96100000 471.63000 66.43000 12.94800 57.84200
 5 12 20 00 50 15450.20000 4.98100000 471.63000 66.48000 12.94800 57.84200
 5 12 20 00 50 15450.20000 4.98100000 471.63000 66.48000 12.94800 57.84200
 5 12 20 00 50 15450.20000 4.98100000 472.07000 66.51000 12.94800 57.84200
 5 12 20 00 51 15455.10000 4.98100000 471.99000 66.52000 12.94800 57.84200
 5 12 20 00 51 15457.30000 4.98100000 471.91000 66.52000 12.94800 57.84200
 5 12 20 00 52 15457.30000 4.98100000 471.91000 66.52000 12.94800 57.84200
 5 12 20 00 52 15460.00000 4.98100000 471.91000 66.52000 12.94800 57.84200
 5 12 20 00 53 15464.30000 4.98100000 471.83000 66.53000 12.94800 57.84200
 5 12 20 00 53 15471.20000 4.98100000 471.83000 66.53000 12.94800 57.84200
 5 12 20 00 53 15481.00000 4.98100000 472.39000 66.53000 12.94800 57.84200
 5 12 20 00 54 15480.40000 4.98100000 472.50000 66.54000 12.94800 57.84200
 5 12 20 00 54 15483.70000 4.98100000 472.50000 66.54000 12.94800 57.96000
 5 12 20 00 55 15498.60000 4.98100000 472.50000 66.65000 12.94800 57.96000
 5 12 20 00 55 15473.00000 4.98100000 472.74000 66.65000 12.94800 57.96000
 5 12 20 00 56 15496.10000 4.98100000 472.74000 66.65000 12.94800 57.96000
