M=[
18 6 21 09 26 31683.40000 45.54200000 1953.54000 139.20000 19.95200 117.39800
18 6 21 09 26 31674.30000 45.54200000 1953.54000 139.10000 19.95200 117.39800
18 6 21 09 27 31650.70000 45.54200000 1950.88000 138.99000 19.95200 117.09500
18 6 21 09 27 31662.00000 45.54200000 1951.83000 139.08000 19.95200 117.09500
18 6 21 09 28 31652.00000 45.54200000 1952.55000 139.08000 19.95200 117.09500
18 6 21 09 28 31634.80000 45.54200000 1950.22000 138.96000 19.95200 117.09500
18 6 21 09 29 31634.50000 45.54200000 1949.52000 138.96000 19.95200 117.09500
18 6 21 09 29 31642.50000 45.54200000 1950.40000 138.77000 19.95200 117.09500
18 6 21 09 29 31644.60000 45.54200000 1949.95000 138.77000 19.95200 117.09500
18 6 21 09 30 31646.70000 45.54200000 1949.23000 138.90000 19.95200 116.88400
18 6 21 09 30 31642.60000 45.54200000 1949.01000 138.79000 19.95200 116.88400
18 6 21 09 31 31642.70000 45.54200000 1949.01000 138.79000 19.95200 116.88400
18 6 21 09 31 31642.70000 45.54200000 1950.29000 138.75000 19.95200 116.88400
18 6 21 09 32 31667.50000 45.54200000 1952.40000 138.75000 19.95200 116.88400
18 6 21 09 32 31683.60000 45.54200000 1953.15000 138.84000 19.95200 116.88400
18 6 21 09 32 31675.10000 45.54200000 1951.72000 138.84000 19.95200 116.88400
18 6 21 09 33 31687.60000 45.48200000 1951.72000 138.84000 19.95200 116.88400
18 6 21 09 33 31699.60000 45.48200000 1953.22000 138.85000 19.95200 116.88400
18 6 21 09 34 31699.50000 45.48200000 1952.36000 138.85000 19.95200 116.88400
18 6 21 09 34 31680.90000 45.48200000 1951.68000 138.85000 19.95200 116.88400
18 6 21 09 35 31666.30000 45.48200000 1950.87000 138.85000 19.95200 116.88400
18 6 21 09 35 31650.10000 45.48200000 1949.46000 138.81000 19.95200 116.88400
18 6 21 09 35 31624.10000 45.48200000 1946.37000 138.81000 19.95200 116.88400
18 6 21 09 36 31622.40000 45.48200000 1947.83000 138.81000 19.95200 116.88400
18 6 21 09 36 31623.20000 45.48200000 1947.83000 138.70000 19.95200 116.88400
18 6 21 09 37 31618.00000 45.48200000 1946.16000 138.70000 19.95200 116.88400
18 6 21 09 37 31618.10000 45.48200000 1948.16000 138.70000 19.95200 116.88400
18 6 21 09 38 31618.10000 45.48200000 1948.39000 138.60000 19.95200 116.88400
18 6 21 09 38 31618.10000 45.48200000 1947.67000 138.60000 19.95200 116.88400
18 6 21 09 38 31604.90000 45.48200000 1946.32000 138.30000 19.95200 116.81800
18 6 21 09 39 31603.20000 45.48200000 1946.32000 138.40000 19.95200 116.81800
18 6 21 09 39 31600.00000 45.48200000 1946.15000 138.30000 19.95200 116.81800
18 6 21 09 40 31600.10000 45.48200000 1945.01000 138.30000 19.95200 116.81800
18 6 21 09 40 31600.10000 45.48200000 1944.91000 138.33000 19.95200 116.81800
18 6 21 09 41 31600.10000 45.48200000 1944.07000 138.33000 19.95200 116.81800
18 6 21 09 41 31544.70000 45.48200000 1944.01000 138.24000 19.95200 116.79300
18 6 21 09 41 31544.70000 45.48200000 1944.81000 138.24000 19.95200 116.79300
18 6 21 09 42 31582.40000 45.48200000 1944.81000 138.23000 19.95200 116.79300
18 6 21 09 42 31593.10000 45.48200000 1944.87000 138.23000 19.95200 116.79300
18 6 21 09 43 31599.60000 45.40100000 1945.78000 138.23000 19.95200 116.79300
18 6 21 09 43 31599.60000 45.40100000 1945.48000 138.23000 19.95200 116.79300
18 6 21 09 44 31573.60000 45.40100000 1945.00000 138.26000 19.95200 116.79300
18 6 21 09 44 31591.80000 45.40100000 1941.69000 138.26000 19.95200 116.79300
18 6 21 09 44 31572.60000 45.40100000 1941.01000 138.12000 19.95200 116.79300
18 6 21 09 45 31585.70000 45.40100000 1942.52000 138.12000 19.95200 116.79300
18 6 21 09 45 31580.00000 45.40100000 1941.27000 138.19000 19.95200 116.79300
18 6 21 09 46 31599.60000 45.40100000 1942.73000 138.19000 19.95200 116.79300
18 6 21 09 46 31600.00000 45.40100000 1941.31000 138.20000 19.95200 116.79300
18 6 21 09 47 31600.00000 45.40100000 1941.86000 138.11000 19.95200 116.79300
18 6 21 09 47 31599.90000 45.40100000 1942.90000 138.11000 19.95200 116.79300
18 6 21 09 47 31599.90000 45.40100000 1945.80000 138.22000 19.95200 116.79300
18 6 21 09 48 31599.90000 45.40100000 1945.55000 138.22000 19.95200 116.77200
18 6 21 09 48 31600.00000 45.40100000 1946.38000 138.22000 19.95200 116.77200
18 6 21 09 49 31599.90000 45.40100000 1945.84000 138.22000 19.95200 116.77200
18 6 21 09 49 31598.20000 45.40100000 1945.98000 138.22000 19.95200 116.77200
18 6 21 09 50 31600.00000 45.40100000 1947.53000 138.36000 19.95200 116.77200
18 6 21 09 50 31599.90000 45.44500000 1947.22000 138.36000 19.95200 116.77200
18 6 21 09 50 31610.20000 45.44500000 1943.50000 138.36000 19.95200 116.77200
18 6 21 09 51 31590.00000 45.44500000 1943.71000 138.36000 19.95200 116.77200
18 6 21 09 51 31570.60000 45.44500000 1942.89000 138.23000 19.95200 116.77200
18 6 21 09 52 31583.20000 45.44500000 1942.89000 138.20000 19.95200 116.77200
18 6 21 09 52 31584.70000 45.44500000 1942.56000 138.20000 19.95200 116.77200
18 6 21 09 53 31584.40000 45.44500000 1943.22000 138.20000 19.95200 116.77200
18 6 21 09 53 31584.40000 45.44500000 1940.97000 138.27000 19.95200 116.77200
18 6 21 09 53 31560.00000 45.44500000 1936.67000 138.27000 19.95200 116.77200
18 6 21 09 54 31505.00000 45.23100000 1933.93000 138.27000 19.95200 116.49100
18 6 21 09 54 31501.90000 45.23100000 1930.48000 138.27000 19.95200 116.49100
18 6 21 09 55 31514.20000 45.23100000 1932.09000 137.91000 19.95200 116.49100
18 6 21 09 55 31509.10000 45.23100000 1930.87000 137.93000 19.95200 116.49100
18 6 21 09 56 31507.80000 45.23100000 1930.61000 137.86000 19.95200 116.49100
18 6 21 09 56 31532.50000 45.23100000 1933.72000 137.90000 19.95200 116.49100
18 6 21 09 56 31501.80000 45.23100000 1931.01000 137.79000 19.95200 116.49100
18 6 21 09 57 31501.80000 45.23100000 1930.42000 137.79000 19.95200 116.37000
18 6 21 09 57 31501.70000 45.25000000 1930.88000 137.79000 19.95200 116.37000
18 6 21 09 58 31501.70000 45.21600000 1930.67000 137.68000 19.95200 116.19400
18 6 21 09 58 31501.80000 45.21600000 1932.35000 137.68000 19.95200 116.19400
18 6 21 09 59 31501.70000 45.21600000 1932.34000 137.68000 19.95200 116.19400
18 6 21 09 59 31501.80000 45.21600000 1933.67000 137.74000 19.95200 116.19400
18 6 21 09 59 31501.80000 45.21600000 1931.15000 137.68000 19.95200 116.19400
18 6 21 10 00 31501.80000 45.23500000 1932.33000 137.66000 19.95200 116.31500
18 6 21 10 00 31462.80000 45.23500000 1925.80000 137.62000 19.95200 116.19000
18 6 21 10 01 31436.20000 45.23500000 1926.74000 137.68000 19.95200 116.19000
18 6 21 10 01 31441.50000 45.23500000 1926.04000 137.62000 19.95200 116.19000
18 6 21 10 02 31431.30000 45.23500000 1925.56000 137.62000 19.95200 116.19000
18 6 21 10 02 31433.50000 45.15400000 1925.00000 137.62000 19.95200 116.19000
18 6 21 10 02 31392.40000 45.15400000 1922.57000 137.62000 19.95200 116.19000
18 6 21 10 03 31417.00000 45.15400000 1925.00000 137.54000 19.95200 116.23900
18 6 21 10 03 31421.60000 45.15400000 1927.31000 137.52000 19.95200 116.22900
18 6 21 10 04 31406.30000 45.15400000 1926.71000 137.52000 19.95200 116.22900
18 6 21 10 04 31435.30000 45.15400000 1929.63000 137.52000 19.95200 116.22900
18 6 21 10 05 31424.20000 45.15400000 1930.01000 137.52000 19.95200 116.22900
18 6 21 10 05 31406.40000 45.15400000 1926.52000 137.37000 19.95200 116.22900
18 6 21 10 05 31399.30000 45.15400000 1925.75000 137.37000 19.95200 116.22900
18 6 21 10 06 31428.80000 45.18500000 1928.13000 137.37000 19.95200 116.22900
18 6 21 10 06 31442.60000 45.18500000 1928.62000 137.37000 19.95200 116.16500
18 6 21 10 07 31397.90000 45.18500000 1927.16000 137.37000 19.95200 116.16500
18 6 21 10 07 31388.50000 45.12900000 1923.66000 137.26000 19.95200 116.16500
18 6 21 10 08 31370.60000 45.06800000 1921.01000 137.09000 19.95200 116.16500
18 6 21 10 08 31373.30000 45.07100000 1921.00000 137.09000 19.95200 116.16500
18 6 21 10 08 31362.90000 45.07100000 1920.81000 136.92000 19.95200 116.16500
18 6 21 10 09 31360.40000 45.07100000 1920.00000 136.92000 19.95200 115.86900
18 6 21 10 09 31360.60000 45.07100000 1920.01000 136.87000 19.95200 115.86900
