M=[
11 12 20 01 25 14767.00000 4.77800000 448.00000 59.64000 13.80000 53.12000
11 12 20 01 26 14772.30000 4.77800000 448.10000 59.64000 13.80000 52.95700
11 12 20 01 26 14790.40000 4.77800000 448.69000 59.64000 13.80000 52.95700
11 12 20 01 27 14787.30000 4.77800000 448.69000 59.72000 13.80000 52.95700
11 12 20 01 27 14770.00000 4.77800000 447.27000 59.45000 13.80000 52.95700
11 12 20 01 27 14770.60000 4.77800000 447.00000 59.22000 13.80000 52.95700
11 12 20 01 28 14770.60000 4.77800000 447.78000 59.14000 13.80000 52.95700
11 12 20 01 28 14770.20000 4.77800000 447.84000 59.34000 13.80000 52.95700
11 12 20 01 29 14768.60000 4.77800000 448.32000 59.32000 13.80000 52.95700
11 12 20 01 29 14766.40000 4.77800000 447.46000 59.34000 13.80000 52.95700
11 12 20 01 30 14758.90000 4.77800000 447.34000 59.33000 13.80000 52.95700
11 12 20 01 30 14712.90000 4.77800000 446.36000 59.19000 13.80000 52.95700
11 12 20 01 30 14705.00000 4.77800000 446.42000 59.04000 13.80000 52.95700
11 12 20 01 31 14705.10000 4.77800000 446.35000 59.04000 13.80000 52.95700
11 12 20 01 31 14700.10000 4.77800000 446.20000 58.71000 13.80000 52.95700
11 12 20 01 32 14718.10000 4.74600000 446.13000 58.76000 13.80000 52.75100
11 12 20 01 32 14732.40000 4.74600000 448.35000 58.90000 13.77200 52.75100
11 12 20 01 33 14739.80000 4.74600000 447.86000 58.69000 13.77100 52.75100
11 12 20 01 33 14718.40000 4.74600000 447.64000 58.52000 13.77100 52.75100
11 12 20 01 33 14710.20000 4.74600000 447.85000 58.63000 13.77100 52.75100
11 12 20 01 34 14720.10000 4.74600000 448.00000 58.64000 13.75000 52.75100
11 12 20 01 34 14732.60000 4.74600000 448.37000 58.77000 13.75000 52.75100
11 12 20 01 35 14731.40000 4.74600000 448.36000 58.77000 13.75000 52.75100
11 12 20 01 35 14744.30000 4.74600000 448.57000 58.88000 13.79800 52.75100
11 12 20 01 36 14734.30000 4.74600000 448.57000 58.95000 13.79800 52.75100
11 12 20 01 36 14730.00000 4.74600000 448.57000 58.94000 13.79800 52.75100
11 12 20 01 36 14738.90000 4.74600000 448.57000 58.94000 13.79800 52.75100
11 12 20 01 37 14750.10000 4.74600000 448.67000 58.94000 13.79800 52.75100
11 12 20 01 37 14763.20000 4.74600000 448.81000 58.94000 13.79800 52.75100
11 12 20 01 38 14760.00000 4.74600000 449.01000 59.03000 13.79800 53.12000
11 12 20 01 38 14769.10000 4.74600000 448.83000 59.10000 13.79800 53.12000
11 12 20 01 39 14771.30000 4.74600000 448.83000 59.10000 13.79800 53.12000
11 12 20 01 39 14788.40000 4.74600000 449.23000 59.10000 13.79800 53.12000
11 12 20 01 39 14797.50000 4.74600000 449.54000 59.15000 13.79800 53.12000
11 12 20 01 40 14797.50000 4.74600000 449.38000 59.15000 13.79800 53.12000
11 12 20 01 40 14797.50000 4.74600000 448.64000 59.15000 13.79800 53.12000
11 12 20 01 41 14797.50000 4.74600000 448.74000 59.20000 13.79800 53.12000
11 12 20 01 41 14797.50000 4.74600000 448.75000 59.20000 13.79800 53.12000
11 12 20 01 42 14793.10000 4.74600000 449.03000 59.21000 13.79800 53.12000
11 12 20 01 42 14793.10000 4.74600000 449.17000 59.21000 13.79800 53.12000
11 12 20 01 42 14797.50000 4.74600000 449.17000 59.30000 13.79800 53.12000
11 12 20 01 43 14809.80000 4.74600000 449.37000 59.26000 13.79800 53.12000
11 12 20 01 43 14810.10000 4.74600000 449.37000 59.26000 13.79800 53.12000
11 12 20 01 44 14800.90000 4.74600000 449.37000 59.26000 13.79800 53.12000
11 12 20 01 44 14798.70000 4.74600000 449.37000 59.21000 13.79800 53.12000
11 12 20 01 45 14787.70000 4.74600000 449.37000 59.21000 13.79800 53.12000
11 12 20 01 45 14784.50000 4.74600000 449.12000 59.15000 13.79800 53.12000
11 12 20 01 45 14763.50000 4.74600000 448.62000 59.15000 13.79800 53.12000
11 12 20 01 46 14758.20000 4.74600000 448.01000 58.96000 13.79800 53.12000
11 12 20 01 46 14776.00000 4.74600000 448.48000 59.09000 13.79800 53.12000
11 12 20 01 47 14765.50000 4.74600000 448.70000 59.02000 13.79800 53.12000
11 12 20 01 47 14732.10000 4.74600000 448.70000 58.96000 13.79800 53.12000
11 12 20 01 48 14727.00000 4.74600000 447.86000 58.83000 13.79800 53.12000
11 12 20 01 48 14726.80000 4.74600000 447.87000 58.83000 13.70000 53.12000
11 12 20 01 48 14730.00000 4.74600000 447.87000 58.68000 13.69900 53.12000
11 12 20 01 49 14712.40000 4.74600000 447.65000 58.63000 13.69900 53.12000
11 12 20 01 49 14728.80000 4.74600000 447.44000 58.75000 13.69900 53.12000
11 12 20 01 50 14715.10000 4.74600000 447.43000 58.43000 13.69900 53.12000
11 12 20 01 50 14721.60000 4.74600000 447.51000 58.40000 13.69900 53.12000
11 12 20 01 51 14700.00000 4.74600000 447.51000 58.52000 13.69900 53.12000
11 12 20 01 51 14709.40000 4.74600000 447.45000 58.63000 13.69900 53.12000
11 12 20 01 51 14712.90000 4.74600000 447.54000 58.63000 13.69900 53.12000
11 12 20 01 52 14679.80000 4.74600000 447.05000 58.60000 13.69900 53.12000
11 12 20 01 52 14681.40000 4.74600000 446.70000 58.55000 13.69900 53.12000
11 12 20 01 53 14673.70000 4.74600000 447.44000 58.55000 13.69900 53.12000
11 12 20 01 53 14693.10000 4.74600000 447.94000 58.55000 13.69900 53.12000
11 12 20 01 54 14705.80000 4.74600000 449.33000 58.89000 13.69900 53.12000
11 12 20 01 54 14719.20000 4.74600000 449.24000 59.00000 13.69900 53.12000
11 12 20 01 54 14719.80000 4.74600000 449.18000 58.97000 13.69900 53.05700
11 12 20 01 55 14746.30000 4.74600000 450.59000 59.11000 13.69900 53.05700
11 12 20 01 55 14746.30000 4.74600000 450.83000 59.11000 13.69900 53.05700
11 12 20 01 56 14752.70000 4.74600000 450.34000 59.14000 13.69900 53.10900
11 12 20 01 56 14753.30000 4.74600000 450.34000 59.17000 13.69900 53.10900
11 12 20 01 57 14758.30000 4.74600000 450.75000 59.27000 13.69900 53.10900
11 12 20 01 57 14750.00000 4.74600000 450.30000 59.27000 13.69900 53.10900
11 12 20 01 57 14758.60000 4.74600000 450.15000 59.27000 13.69900 53.10900
11 12 20 01 58 14750.00000 4.74600000 450.15000 59.16000 13.69900 53.10900
11 12 20 01 58 14750.10000 4.74600000 449.90000 59.16000 13.69900 53.10900
11 12 20 01 59 14750.10000 4.74600000 449.90000 59.16000 13.69900 53.10900
11 12 20 01 59 14750.00000 4.74600000 449.90000 59.16000 13.69900 53.10900
11 12 20 02 00 14750.00000 4.74600000 449.87000 59.16000 13.69900 53.10900
11 12 20 02 00 14750.00000 4.74600000 449.87000 59.16000 13.69900 53.10900
11 12 20 02 00 14741.30000 4.74600000 449.65000 59.16000 13.69900 53.10900
11 12 20 02 01 14735.70000 4.74600000 449.10000 59.16000 13.69900 53.10900
11 12 20 02 01 14725.00000 4.74600000 448.74000 59.16000 13.69900 53.10900
11 12 20 02 02 14724.90000 4.74600000 448.44000 58.94000 13.69900 53.10900
11 12 20 02 02 14720.60000 4.74600000 447.54000 58.70000 13.70000 53.10900
11 12 20 02 03 14720.00000 4.74600000 447.65000 58.70000 13.70000 53.10900
11 12 20 02 03 14725.00000 4.74600000 448.65000 58.91000 13.70000 53.10900
11 12 20 02 03 14747.80000 4.74600000 448.89000 58.91000 13.70000 53.10900
11 12 20 02 04 14749.30000 4.74600000 448.89000 58.91000 13.70000 53.10900
11 12 20 02 04 14765.40000 4.74600000 449.15000 59.03000 13.70000 53.10900
11 12 20 02 05 14769.10000 4.74600000 449.29000 59.03000 13.70000 53.04300
11 12 20 02 05 14791.90000 4.74600000 448.32000 59.05000 13.70000 53.04300
11 12 20 02 06 14780.60000 4.74600000 448.60000 59.02000 13.70000 53.04300
11 12 20 02 06 14779.70000 4.74600000 448.60000 58.90000 13.70000 53.04300
11 12 20 02 06 14777.00000 4.74600000 448.20000 58.90000 13.70000 53.04300
11 12 20 02 07 14766.40000 4.74600000 448.25000 58.90000 13.70000 53.04300
11 12 20 02 07 14771.30000 4.74600000 448.25000 58.90000 13.70000 53.04300
11 12 20 02 08 14771.40000 4.74600000 448.64000 58.90000 13.70000 53.04300
11 12 20 02 08 14770.20000 4.74600000 448.28000 58.90000 13.70000 53.04300
11 12 20 02 09 14760.00000 4.74600000 448.26000 58.90000 13.70000 53.04300
11 12 20 02 09 14760.00000 4.74600000 448.17000 58.90000 13.70000 53.04300
11 12 20 02 09 14756.50000 4.74600000 448.23000 58.90000 13.70000 53.04300
11 12 20 02 10 14757.40000 4.74600000 447.95000 58.90000 13.70000 53.04300
11 12 20 02 10 14739.90000 4.74600000 447.95000 58.90000 13.70000 53.04300
