M=[
14 4 21 21 59 52487.90000 18.04200000 2027.24000 234.31000 40.25000 191.87800
14 4 21 22 00 52436.00000 18.06000000 2024.53000 233.79000 40.25000 191.87200
14 4 21 22 00 52400.00000 18.06000000 2022.18000 232.58000 40.25000 191.87200
14 4 21 22 01 52376.20000 18.06000000 2021.66000 233.56000 40.38200 191.87200
14 4 21 22 01 52370.60000 18.06000000 2020.50000 233.55000 40.38200 191.87200
14 4 21 22 02 52337.40000 18.06000000 2018.78000 233.26000 40.38200 191.87200
14 4 21 22 02 52336.20000 18.06000000 2018.50000 233.26000 40.38200 191.87200
14 4 21 22 02 52306.40000 18.06000000 2017.66000 232.37000 40.38200 191.87200
14 4 21 22 03 52330.90000 18.07800000 2018.00000 232.71000 40.38200 191.87200
14 4 21 22 03 52330.90000 18.07800000 2018.00000 232.47000 40.38200 191.87200
14 4 21 22 04 52330.90000 18.07800000 2018.00000 232.47000 40.38200 191.87200
14 4 21 22 04 52364.80000 18.07800000 2020.89000 232.99000 40.38200 192.05900
14 4 21 22 05 52364.80000 18.07800000 2018.56000 232.79000 40.38200 192.05900
14 4 21 22 05 52364.80000 18.07800000 2021.00000 233.72000 40.38200 192.05900
14 4 21 22 05 52377.00000 18.07800000 2020.99000 234.03000 40.38200 192.05900
14 4 21 22 06 52390.10000 18.07800000 2023.47000 234.03000 40.38200 192.05900
14 4 21 22 06 52390.10000 18.09600000 2022.15000 233.61000 40.38200 192.05900
14 4 21 22 07 52390.10000 18.09600000 2022.75000 233.61000 40.38200 192.26700
14 4 21 22 07 52390.10000 18.09600000 2022.15000 233.74000 40.38200 192.26700
14 4 21 22 08 52414.30000 18.09600000 2024.67000 233.83000 40.38200 192.28300
14 4 21 22 08 52429.90000 18.09600000 2026.84000 233.90000 40.38200 192.28300
14 4 21 22 08 52434.00000 18.09600000 2029.32000 234.36000 40.38200 192.44500
14 4 21 22 09 52439.80000 18.09600000 2028.99000 234.44000 40.38200 192.44500
14 4 21 22 09 52453.30000 18.09600000 2028.97000 234.44000 40.38200 192.44500
14 4 21 22 10 52459.00000 18.18300000 2029.93000 234.44000 40.38200 192.44500
14 4 21 22 10 52459.00000 18.15300000 2029.96000 234.45000 40.38200 192.44500
14 4 21 22 11 52459.00000 18.15300000 2029.94000 234.38000 40.38200 192.50000
14 4 21 22 11 52473.60000 18.15300000 2029.96000 234.38000 40.38200 192.50000
14 4 21 22 11 52487.70000 18.15300000 2032.23000 234.39000 40.38200 192.50000
14 4 21 22 12 52488.00000 18.15300000 2032.52000 234.65000 40.38200 192.55300
14 4 21 22 12 52488.00000 18.14800000 2032.96000 234.94000 40.38200 192.55300
14 4 21 22 13 52487.90000 18.14800000 2034.18000 234.95000 40.38200 192.55300
14 4 21 22 13 52488.00000 18.14800000 2034.31000 234.99000 40.38200 192.55300
14 4 21 22 14 52488.00000 18.14800000 2034.58000 234.55000 40.38200 192.55300
14 4 21 22 14 52488.00000 18.16600000 2031.81000 233.80000 40.38200 193.03200
14 4 21 22 14 52487.20000 18.16600000 2030.60000 233.61000 40.38200 193.03200
14 4 21 22 15 52487.90000 18.16600000 2034.17000 234.24000 40.38200 193.03200
14 4 21 22 15 52487.80000 18.16600000 2034.17000 234.04000 40.38200 193.03200
14 4 21 22 16 52487.90000 18.21000000 2034.17000 234.17000 40.38200 193.03200
14 4 21 22 16 52488.00000 18.21000000 2031.47000 233.98000 40.38200 193.03200
14 4 21 22 17 52485.10000 18.21000000 2029.97000 233.61000 40.38200 193.03200
14 4 21 22 17 52429.10000 18.24400000 2030.45000 233.44000 40.38200 193.03200
14 4 21 22 17 52421.70000 18.24400000 2028.05000 232.94000 40.38200 193.03200
14 4 21 22 18 52431.90000 18.24400000 2033.24000 233.32000 40.38200 195.25500
14 4 21 22 18 52431.90000 18.24400000 2032.94000 233.72000 40.38200 195.19300
14 4 21 22 19 52478.60000 18.24400000 2033.59000 233.72000 40.38200 197.23000
14 4 21 22 19 52470.50000 18.24400000 2033.58000 233.78000 40.38200 197.29000
14 4 21 22 20 52473.90000 18.28500000 2034.58000 234.73000 40.38200 197.08500
14 4 21 22 20 52474.00000 18.28500000 2035.00000 234.75000 40.05900 197.86600
14 4 21 22 20 52487.80000 18.27100000 2035.54000 234.19000 40.05900 196.93800
14 4 21 22 21 52487.90000 18.27300000 2035.63000 233.99000 40.05900 196.62100
14 4 21 22 21 52469.90000 18.27300000 2034.69000 233.74000 40.05900 196.87000
14 4 21 22 22 52484.50000 18.27300000 2034.75000 233.74000 40.05900 197.41000
14 4 21 22 22 52488.00000 18.27300000 2035.97000 233.61000 40.05900 197.50600
14 4 21 22 23 52483.90000 18.27300000 2034.97000 233.30000 40.39200 197.56500
14 4 21 22 23 52463.80000 18.27300000 2032.96000 233.25000 40.39200 198.00000
14 4 21 22 23 52455.70000 18.27300000 2029.25000 233.25000 40.39200 198.00000
14 4 21 22 24 52455.70000 18.24400000 2032.46000 232.86000 40.39200 198.00000
14 4 21 22 24 52455.70000 18.21300000 2030.68000 232.84000 40.39200 198.00000
14 4 21 22 25 52463.60000 18.21300000 2031.51000 233.01000 40.39200 198.00000
14 4 21 22 25 52463.70000 18.21300000 2032.43000 233.01000 40.39200 198.43900
14 4 21 22 26 52484.50000 18.21300000 2031.64000 233.01000 40.39200 198.43900
14 4 21 22 26 52484.50000 18.21300000 2024.25000 232.94000 40.39200 198.43900
14 4 21 22 26 52463.90000 18.18900000 2022.99000 232.31000 40.39200 198.43900
14 4 21 22 27 52435.00000 18.18000000 2023.95000 232.45000 40.39200 198.43900
14 4 21 22 27 52405.10000 18.19500000 2022.18000 232.20000 40.39200 198.43900
14 4 21 22 28 52412.30000 18.19500000 2024.54000 232.39000 40.39200 198.57500
14 4 21 22 28 52425.50000 18.19500000 2025.76000 232.50000 40.39200 198.57600
14 4 21 22 29 52433.60000 18.22500000 2026.19000 232.55000 40.39200 198.57600
14 4 21 22 29 52434.90000 18.22500000 2027.99000 232.55000 40.39200 198.57600
14 4 21 22 29 52354.20000 18.22500000 2025.00000 232.21000 40.39200 198.57600
14 4 21 22 30 52402.00000 18.22500000 2025.00000 232.30000 40.39200 199.51000
14 4 21 22 30 52416.90000 18.21400000 2027.13000 232.84000 40.39200 200.00000
14 4 21 22 31 52434.00000 18.21400000 2030.00000 232.70000 40.39200 200.67500
14 4 21 22 31 52433.90000 18.21400000 2028.74000 232.75000 40.39200 200.24400
14 4 21 22 32 52434.00000 18.23800000 2027.41000 232.75000 40.39200 201.48400
14 4 21 22 32 52400.00000 18.24200000 2026.81000 231.96000 40.39200 201.48400
14 4 21 22 32 52426.10000 18.21900000 2027.68000 232.19000 40.39200 202.24900
14 4 21 22 33 52434.00000 18.21900000 2027.83000 232.26000 40.39200 202.34200
14 4 21 22 33 52423.50000 18.21900000 2028.20000 232.57000 40.39200 202.37200
14 4 21 22 34 52434.00000 18.32300000 2028.62000 232.50000 40.39200 202.51900
14 4 21 22 34 52433.50000 18.32300000 2027.80000 232.46000 40.39200 202.18100
14 4 21 22 35 52433.60000 18.28200000 2027.52000 232.61000 40.64600 202.18100
14 4 21 22 35 52433.60000 18.28200000 2027.99000 233.08000 40.64600 202.66000
14 4 21 22 35 52433.60000 18.28200000 2028.00000 233.36000 40.64600 202.66000
14 4 21 22 36 52433.50000 18.28200000 2028.00000 233.80000 40.64600 202.69600
14 4 21 22 36 52434.00000 18.28200000 2028.49000 234.01000 40.64300 202.06400
14 4 21 22 37 52433.90000 18.28200000 2028.50000 234.01000 40.64300 202.77900
14 4 21 22 37 52433.90000 18.28200000 2028.50000 234.01000 40.64300 202.66400
14 4 21 22 38 52449.90000 18.34400000 2028.50000 234.01000 40.64300 202.66400
14 4 21 22 38 52484.50000 18.34400000 2029.97000 234.01000 40.50000 202.99600
14 4 21 22 38 52484.50000 18.34400000 2030.00000 233.89000 40.50000 202.97700
14 4 21 22 39 52484.50000 18.34400000 2029.99000 234.29000 40.51800 200.93800
14 4 21 22 39 52488.00000 18.34400000 2029.99000 233.90000 40.51800 200.61100
14 4 21 22 40 52488.30000 18.34400000 2028.14000 233.46000 40.51800 200.74400
14 4 21 22 40 52490.50000 18.34400000 2028.13000 233.22000 40.51800 200.51900
14 4 21 22 41 52493.60000 18.25100000 2028.99000 233.85000 40.51800 200.51900
14 4 21 22 41 52493.70000 18.25100000 2029.99000 233.78000 40.51800 200.60100
14 4 21 22 41 52493.60000 18.25100000 2029.99000 233.28000 40.51800 200.60100
14 4 21 22 42 52493.60000 18.26500000 2028.39000 233.31000 40.51800 200.86400
14 4 21 22 42 52493.70000 18.26500000 2027.55000 233.17000 40.51800 200.86400
14 4 21 22 43 52495.30000 18.26500000 2028.00000 233.17000 40.51800 200.86400
