M=[
28 5 20 08 31 8348.30000 6.09900000 187.20000 39.48000 11.39100 41.66500
28 5 20 08 32 8346.00000 6.09900000 187.26000 39.47000 11.39100 41.66500
28 5 20 08 32 8345.10000 6.08000000 187.26000 39.47000 11.39100 41.66500
28 5 20 08 33 8347.00000 6.09900000 187.18000 39.47000 11.38700 41.66500
28 5 20 08 33 8345.10000 6.09900000 187.24000 39.47000 11.39100 41.66500
28 5 20 08 34 8347.60000 6.09900000 187.33000 39.52000 11.39100 41.66500
28 5 20 08 34 8347.10000 6.08000000 187.33000 39.52000 11.39100 41.66500
28 5 20 08 35 8348.30000 6.09900000 187.33000 39.52000 11.39100 41.66500
28 5 20 08 35 8347.80000 6.09900000 187.33000 39.52000 11.39100 41.66500
28 5 20 08 36 8348.50000 6.09900000 187.50000 39.52000 11.39100 41.66500
28 5 20 08 36 8348.40000 6.09900000 187.52000 39.52000 11.39100 41.66500
28 5 20 08 37 8348.40000 6.09900000 187.56000 39.52000 11.39100 41.66500
28 5 20 08 37 8348.50000 6.09900000 187.41000 39.52000 11.39100 41.66500
28 5 20 08 38 8348.00000 6.09900000 187.56000 39.52000 11.39100 41.66500
28 5 20 08 38 8348.00000 6.09900000 187.43000 39.52000 11.39100 41.66500
28 5 20 08 39 8346.30000 6.09900000 187.43000 39.47000 11.39100 41.66500
28 5 20 08 39 8345.70000 6.09900000 187.43000 39.58000 11.39100 41.66500
28 5 20 08 40 8345.00000 6.08000000 187.44000 39.58000 11.38700 41.66500
28 5 20 08 40 8346.30000 6.09900000 187.43000 39.56000 11.39100 41.66500
28 5 20 08 41 8345.10000 6.09900000 187.43000 39.57000 11.39100 41.66500
28 5 20 08 41 8345.00000 6.09900000 187.44000 39.57000 11.44000 41.66500
28 5 20 08 42 8345.10000 6.09900000 187.44000 39.57000 11.38700 41.66500
28 5 20 08 42 8345.10000 6.09900000 187.44000 39.57000 11.39100 41.66500
28 5 20 08 43 8346.20000 6.09900000 187.41000 39.57000 11.39100 41.66500
28 5 20 08 43 8347.60000 6.09900000 187.43000 39.57000 11.39100 41.66500
28 5 20 08 44 8347.60000 6.08000000 187.43000 39.57000 11.39100 41.66500
28 5 20 08 44 8347.00000 6.09900000 187.43000 39.57000 11.39100 41.66500
28 5 20 08 45 8347.50000 6.09900000 187.43000 39.57000 11.38700 41.66500
28 5 20 08 45 8347.60000 6.09900000 187.43000 39.57000 11.39100 41.66500
28 5 20 08 46 8347.60000 6.09900000 187.43000 39.57000 11.39100 41.66500
28 5 20 08 46 8346.20000 6.09900000 187.43000 39.57000 11.39100 41.66500
28 5 20 08 47 8354.20000 6.09900000 187.44000 39.57000 11.39100 41.73600
28 5 20 08 47 8352.80000 6.09900000 187.43000 39.57000 11.44000 41.66500
28 5 20 08 48 8350.00000 6.09900000 187.43000 39.57000 11.39100 41.66500
28 5 20 08 48 8350.00000 6.09900000 187.49000 39.58000 11.39100 41.66500
28 5 20 08 49 8350.50000 6.09900000 187.47000 39.58000 11.38700 41.66500
28 5 20 08 49 8350.30000 6.09900000 187.47000 39.58000 11.39100 41.66500
28 5 20 08 50 8350.80000 6.09900000 187.47000 39.58000 11.39100 41.66500
28 5 20 08 50 8350.80000 6.09900000 187.47000 39.58000 11.39100 41.66500
28 5 20 08 51 8350.80000 6.09900000 187.46000 39.58000 11.44000 41.66500
28 5 20 08 51 8351.00000 6.09900000 187.46000 39.58000 11.39100 41.66500
28 5 20 08 52 8349.20000 6.09900000 187.34000 39.58000 11.38700 41.66500
28 5 20 08 52 8347.90000 6.09900000 187.33000 39.58000 11.39100 41.66500
28 5 20 08 53 8349.50000 6.09900000 187.33000 39.58000 11.39100 41.66500
28 5 20 08 53 8349.50000 6.09900000 187.29000 39.57000 11.39100 41.66500
28 5 20 08 54 8349.50000 6.09900000 187.33000 39.58000 11.39100 41.66500
28 5 20 08 54 8351.50000 6.09900000 187.33000 39.57000 11.39100 41.66500
28 5 20 08 55 8351.00000 6.09900000 187.32000 39.58000 11.39100 41.66500
28 5 20 08 55 8351.00000 6.09900000 187.32000 39.58000 11.39100 41.73600
28 5 20 08 56 8351.50000 6.09900000 187.33000 39.58000 11.39100 41.66500
28 5 20 08 56 8351.50000 6.09900000 187.41000 39.57000 11.44000 41.66500
28 5 20 08 57 8353.10000 6.09900000 187.50000 39.58000 11.39100 41.66500
28 5 20 08 57 8353.00000 6.09900000 187.68000 39.58000 11.39100 41.66500
28 5 20 08 57 8353.10000 6.09900000 187.68000 39.58000 11.39100 41.66500
28 5 20 08 58 8353.00000 6.09900000 187.77000 39.58000 11.39100 41.66500
28 5 20 08 59 8353.10000 6.08000000 187.79000 39.58000 11.39100 41.66500
28 5 20 08 59 8357.80000 6.09900000 187.83000 39.58000 11.39100 41.66500
28 5 20 09 00 8367.40000 6.09900000 187.88000 39.58000 11.39100 41.66500
28 5 20 09 00 8362.40000 6.09900000 187.77000 39.58000 11.39100 41.66500
28 5 20 09 01 8363.50000 6.09900000 187.69000 39.58000 11.39100 41.66500
28 5 20 09 01 8363.50000 6.09900000 187.69000 39.58000 11.39100 41.66500
28 5 20 09 02 8363.90000 6.09900000 187.53000 39.58000 11.44000 41.66500
28 5 20 09 02 8363.60000 6.09900000 187.54000 39.58000 11.39100 41.66500
28 5 20 09 03 8362.40000 6.09900000 187.53000 39.58000 11.39100 41.66500
28 5 20 09 03 8361.50000 6.09900000 187.46000 39.58000 11.39100 41.66500
28 5 20 09 04 8361.50000 6.09900000 187.46000 39.58000 11.44000 41.66500
28 5 20 09 04 8360.50000 6.09900000 187.46000 39.58000 11.44000 41.66500
28 5 20 09 05 8360.50000 6.09900000 187.54000 39.57000 11.39100 41.66500
28 5 20 09 05 8362.30000 6.08000000 187.51000 39.58000 11.39100 41.66500
28 5 20 09 06 8362.30000 6.09900000 187.54000 39.58000 11.39100 41.66500
28 5 20 09 06 8361.20000 6.09900000 187.54000 39.58000 11.38700 41.66500
28 5 20 09 07 8362.20000 6.09900000 187.54000 39.58000 11.49700 41.66500
28 5 20 09 07 8362.70000 6.09900000 187.54000 39.62000 11.49700 41.73600
28 5 20 09 08 8363.70000 6.09900000 187.63000 39.62000 11.44000 41.66500
28 5 20 09 08 8365.00000 6.09900000 187.64000 39.62000 11.49700 41.66500
28 5 20 09 09 8364.90000 6.09900000 187.64000 39.62000 11.49700 41.66500
28 5 20 09 09 8364.90000 6.09900000 187.69000 39.62000 11.49700 41.66500
28 5 20 09 10 8364.90000 6.09900000 187.69000 39.62000 11.49700 41.66500
28 5 20 09 10 8363.70000 6.08000000 187.83000 39.64000 11.49700 41.66500
28 5 20 09 11 8366.40000 6.09900000 187.83000 39.63000 11.49700 41.66500
28 5 20 09 11 8374.80000 6.09900000 187.92000 39.64000 11.49700 41.66500
28 5 20 09 12 8374.80000 6.09900000 187.92000 39.64000 11.49700 41.73600
28 5 20 09 12 8370.80000 6.09900000 187.92000 39.64000 11.49700 41.66500
28 5 20 09 13 8371.00000 6.09900000 187.93000 39.64000 11.49700 42.02300
28 5 20 09 13 8370.30000 6.09900000 187.93000 39.64000 11.49700 42.02300
28 5 20 09 14 8371.00000 6.09900000 187.94000 39.64000 11.44000 42.02300
28 5 20 09 14 8366.40000 6.09900000 187.94000 39.64000 11.49700 42.02300
28 5 20 09 15 8365.00000 6.09900000 187.92000 39.64000 11.49700 42.02300
28 5 20 09 15 8360.90000 6.08000000 187.82000 39.64000 11.49700 42.02300
28 5 20 09 15 8360.90000 6.09900000 187.58000 39.62000 11.49700 42.02300
28 5 20 09 16 8361.20000 6.09900000 187.62000 39.64000 11.49700 42.02300
28 5 20 09 16 8358.70000 6.09900000 187.69000 39.59000 11.49700 42.02300
28 5 20 09 17 8360.40000 6.09900000 187.74000 39.60000 11.49700 42.02300
28 5 20 09 17 8359.30000 6.09900000 187.74000 39.60000 11.49700 42.02300
28 5 20 09 18 8359.30000 6.09900000 187.69000 39.63000 11.49700 41.66500
28 5 20 09 18 8359.30000 6.09900000 187.69000 39.59000 11.49700 42.02300
28 5 20 09 19 8359.30000 6.09900000 187.69000 39.59000 11.49700 42.02300
28 5 20 09 19 8359.20000 6.09900000 187.73000 39.59000 11.49700 42.02300
28 5 20 09 20 8359.80000 6.09900000 187.72000 39.59000 11.49700 42.02300
28 5 20 09 20 8360.10000 6.09900000 187.67000 39.59000 11.49700 42.02300
28 5 20 09 21 8359.20000 6.09900000 187.66000 39.59000 11.49700 42.02300
28 5 20 09 21 8359.90000 6.09900000 187.65000 39.59000 11.49700 42.02300
28 5 20 09 22 8359.90000 6.09900000 187.65000 39.59000 11.49700 42.02300
28 5 20 09 22 8359.80000 6.09900000 187.65000 39.59000 11.49700 42.02300
28 5 20 09 23 8359.90000 6.09900000 187.65000 39.61000 11.49700 42.02300
28 5 20 09 23 8359.90000 6.09900000 187.72000 39.61000 11.49700 42.02300
28 5 20 09 24 8359.80000 6.09900000 187.73000 39.61000 11.49700 42.02300
28 5 20 09 24 8359.80000 6.09900000 187.77000 39.61000 11.49700 42.02300
28 5 20 09 25 8359.90000 6.09900000 187.74000 39.61000 11.49700 41.73600
