M=[
17 7 20 14 13 8021.50000 5.32500000 204.23000 36.84000 16.80600 52.57000
17 7 20 14 13 8023.10000 5.32500000 204.23000 36.84000 16.80600 52.57000
17 7 20 14 14 8023.60000 5.32500000 204.30000 36.90000 16.80600 52.57000
17 7 20 14 14 8023.50000 5.32500000 204.31000 36.90000 16.80600 52.57000
17 7 20 14 15 8024.40000 5.32500000 204.25000 36.90000 16.80600 52.57000
17 7 20 14 15 8025.40000 5.32500000 204.26000 36.87000 16.80600 52.57000
17 7 20 14 16 8025.40000 5.32500000 204.26000 36.87000 16.80600 52.66000
17 7 20 14 16 8025.40000 5.32500000 204.27000 36.87000 16.80600 52.66000
17 7 20 14 17 8025.40000 5.32500000 204.27000 36.87000 16.80600 52.66000
17 7 20 14 17 8025.40000 5.32500000 204.26000 36.87000 16.80600 52.66000
17 7 20 14 17 8026.00000 5.32500000 204.26000 36.87000 16.80600 52.66000
17 7 20 14 18 8027.20000 5.32500000 204.26000 36.87000 16.80600 52.66000
17 7 20 14 18 8028.60000 5.32500000 204.27000 36.87000 16.80600 52.66000
17 7 20 14 19 8027.60000 5.32500000 204.27000 36.87000 16.80600 52.66000
17 7 20 14 19 8025.80000 5.32500000 204.26000 36.87000 16.80600 52.66000
17 7 20 14 20 8026.60000 5.32500000 204.25000 36.87000 16.80600 52.66000
17 7 20 14 20 8026.50000 5.32500000 204.25000 36.91000 16.80600 52.66000
17 7 20 14 21 8027.30000 5.32500000 204.27000 36.91000 16.80600 52.66000
17 7 20 14 21 8028.50000 5.32500000 204.26000 36.91000 16.80600 52.66000
17 7 20 14 22 8028.50000 5.32500000 204.27000 36.91000 16.80600 52.66000
17 7 20 14 22 8028.60000 5.32500000 204.27000 36.91000 16.80600 52.66000
17 7 20 14 22 8027.10000 5.32500000 204.27000 36.91000 16.80600 52.66000
17 7 20 14 23 8027.10000 5.32500000 204.24000 36.91000 16.80600 52.66000
17 7 20 14 23 8027.10000 5.32500000 204.21000 36.91000 16.80600 52.66000
17 7 20 14 24 8027.10000 5.32500000 204.19000 36.91000 16.80600 52.58000
17 7 20 14 24 8027.10000 5.32500000 204.18000 36.91000 16.80600 52.58000
17 7 20 14 25 8025.10000 5.32500000 204.17000 36.91000 16.80600 52.58000
17 7 20 14 25 8023.60000 5.32500000 204.17000 36.91000 16.80600 52.58000
17 7 20 14 26 8021.60000 5.32500000 204.17000 36.91000 16.80600 52.43300
17 7 20 14 26 8016.70000 5.32500000 204.16000 36.84000 16.80600 52.43300
17 7 20 14 27 8016.80000 5.32500000 204.01000 36.85000 16.80600 52.43300
17 7 20 14 27 8015.70000 5.32500000 204.01000 36.85000 16.80600 52.35300
17 7 20 14 27 8013.90000 5.32500000 204.10000 36.85000 16.80600 52.35300
17 7 20 14 28 8015.30000 5.32500000 204.05000 36.84000 16.80600 52.35300
17 7 20 14 28 8015.40000 5.32500000 204.06000 36.84000 16.80600 52.35300
17 7 20 14 29 8015.00000 5.32500000 204.03000 36.85000 16.80600 52.35300
17 7 20 14 29 8014.40000 5.32500000 204.07000 36.85000 16.80600 52.35300
17 7 20 14 30 8011.80000 5.32500000 204.07000 36.83000 16.80600 52.40500
17 7 20 14 30 8010.30000 5.32500000 204.02000 36.83000 16.80600 52.40500
17 7 20 14 31 8010.30000 5.32500000 204.03000 36.83000 16.80600 52.40500
17 7 20 14 31 8010.20000 5.30800000 204.02000 36.83000 16.80600 52.40300
17 7 20 14 32 8010.10000 5.30800000 204.02000 36.83000 16.80600 52.40300
17 7 20 14 32 8010.10000 5.30800000 204.01000 36.83000 16.80600 52.40300
17 7 20 14 32 8010.10000 5.30800000 204.01000 36.83000 16.80600 52.40300
17 7 20 14 33 8010.10000 5.30800000 204.01000 36.83000 16.80600 52.40300
17 7 20 14 33 8010.10000 5.30800000 204.01000 36.83000 16.80600 52.28400
17 7 20 14 34 8008.60000 5.30800000 204.01000 36.83000 16.80600 52.28400
17 7 20 14 34 8007.90000 5.30800000 204.00000 36.83000 16.80600 52.28400
17 7 20 14 35 8010.00000 5.30800000 204.00000 36.83000 16.70300 52.28400
17 7 20 14 35 8010.80000 5.30800000 204.00000 36.83000 16.70300 52.28400
17 7 20 14 36 8010.60000 5.30800000 204.01000 36.83000 16.70300 52.28400
17 7 20 14 36 8010.80000 5.30800000 204.00000 36.85000 16.70300 52.28400
17 7 20 14 37 8010.10000 5.30800000 204.00000 36.85000 16.70300 52.28400
17 7 20 14 37 8010.80000 5.30800000 204.01000 36.85000 16.70300 52.28400
17 7 20 14 37 8010.90000 5.30800000 204.01000 36.85000 16.70300 52.28400
17 7 20 14 38 8010.90000 5.30800000 204.01000 36.85000 16.70300 52.28400
17 7 20 14 38 8010.80000 5.30800000 204.00000 36.85000 16.70300 52.28400
17 7 20 14 39 8010.90000 5.30800000 203.95000 36.85000 16.70300 52.28400
17 7 20 14 39 8010.90000 5.30800000 203.95000 36.85000 16.70300 52.28400
17 7 20 14 40 8010.90000 5.30800000 203.95000 36.85000 16.70300 52.28400
17 7 20 14 40 8010.10000 5.30800000 203.84000 36.85000 16.70300 52.28400
17 7 20 14 41 8010.20000 5.30800000 203.84000 36.85000 16.70300 52.28400
17 7 20 14 41 8010.70000 5.30800000 203.88000 36.85000 16.70300 52.28400
17 7 20 14 41 8010.80000 5.30800000 203.89000 36.85000 16.70300 52.28400
17 7 20 14 42 8010.80000 5.30800000 203.89000 36.85000 16.70300 52.28400
17 7 20 14 42 8010.80000 5.30800000 203.89000 36.85000 16.70300 52.28400
17 7 20 14 43 8010.80000 5.30800000 203.88000 36.85000 16.70300 52.28400
17 7 20 14 43 8010.70000 5.30800000 204.00000 36.85000 16.70300 52.28400
17 7 20 14 44 8010.70000 5.30800000 203.94000 36.81000 16.70300 52.28400
17 7 20 14 44 8010.70000 5.30800000 204.02000 36.81000 16.70300 52.28400
17 7 20 14 45 8010.80000 5.30800000 204.00000 36.81000 16.70300 52.28400
17 7 20 14 45 8010.80000 5.30800000 204.02000 36.81000 16.70300 52.28400
17 7 20 14 46 8010.80000 5.30800000 204.01000 36.81000 16.70300 52.28400
17 7 20 14 46 8010.70000 5.30800000 204.01000 36.81000 16.70300 52.18000
17 7 20 14 47 8010.80000 5.30800000 204.01000 36.80000 16.70300 52.18000
17 7 20 14 47 8010.80000 5.30800000 204.01000 36.80000 16.70300 52.18000
17 7 20 14 48 8010.80000 5.30800000 204.01000 36.80000 16.70300 52.18000
17 7 20 14 48 8010.80000 5.30800000 204.01000 36.80000 16.70300 52.18000
17 7 20 14 48 8010.80000 5.30800000 204.01000 36.80000 16.70300 52.18000
17 7 20 14 49 8010.70000 5.30800000 204.05000 36.80000 16.70300 52.18000
17 7 20 14 49 8010.70000 5.30800000 204.09000 36.80000 16.70300 52.18000
17 7 20 14 50 8010.70000 5.30800000 204.07000 36.80000 16.70300 52.18000
17 7 20 14 50 8010.80000 5.31800000 204.06000 36.80000 16.70300 52.18000
17 7 20 14 51 8010.80000 5.31800000 204.07000 36.79000 16.70300 52.18000
17 7 20 14 51 8010.90000 5.31800000 204.14000 36.79000 16.70300 52.18000
17 7 20 14 51 8010.80000 5.31800000 204.14000 36.79000 16.70300 52.18000
17 7 20 14 52 8010.80000 5.31400000 204.08000 36.79000 16.70300 52.18000
17 7 20 14 52 8010.90000 5.31400000 204.08000 36.79000 16.70300 52.18000
17 7 20 14 53 8010.90000 5.31400000 204.10000 36.79000 16.70300 52.18000
17 7 20 14 53 8010.90000 5.31400000 204.20000 36.79000 16.70300 52.18000
17 7 20 14 54 8010.90000 5.31400000 204.34000 36.87000 16.70300 52.22500
17 7 20 14 54 8011.30000 5.31400000 204.40000 36.87000 16.70300 52.22500
17 7 20 14 55 8011.40000 5.31400000 204.40000 36.87000 16.70300 52.22500
17 7 20 14 55 8011.40000 5.31400000 204.40000 36.87000 16.70300 52.22500
17 7 20 14 56 8013.30000 5.31400000 204.40000 36.87000 16.70300 52.22500
17 7 20 14 56 8013.40000 5.31400000 204.40000 36.87000 16.70300 52.22500
17 7 20 14 57 8015.40000 5.31400000 204.45000 36.87000 16.87000 52.22500
17 7 20 14 57 8015.70000 5.31400000 204.44000 36.87000 16.87000 52.22500
17 7 20 14 57 8019.90000 5.31400000 204.44000 36.87000 16.87000 52.22500
17 7 20 14 58 8019.00000 5.31400000 204.44000 36.87000 16.87000 52.22500
17 7 20 14 58 8019.90000 5.31400000 204.44000 36.87000 16.87000 52.22500
17 7 20 14 59 8021.20000 5.31400000 204.44000 36.87000 16.87000 52.22500
17 7 20 14 59 8021.90000 5.31400000 204.45000 36.87000 16.87000 52.22500
17 7 20 15 00 8023.30000 5.31400000 204.45000 36.89000 16.87000 52.22500
17 7 20 15 00 8023.00000 5.31400000 204.45000 36.89000 16.87000 52.22500
17 7 20 15 01 8023.30000 5.31400000 204.45000 36.89000 16.87000 52.22500
17 7 20 15 01 8023.30000 5.31400000 204.45000 36.89000 16.87000 52.22500
17 7 20 15 01 8026.70000 5.31400000 204.57000 36.89000 16.87000 52.43300
17 7 20 15 02 8026.70000 5.31400000 204.57000 36.89000 16.87000 52.43300
