M=[
10 1 21 02 25 32610.20000 6.64500000 1053.29000 144.55000 16.63000 63.65100
10 1 21 02 25 32610.30000 6.64500000 1053.17000 144.51000 16.63000 63.65100
10 1 21 02 26 32611.70000 6.64500000 1053.00000 144.51000 16.63000 63.65100
10 1 21 02 26 32577.40000 6.62200000 1051.35000 144.44000 16.63000 63.65100
10 1 21 02 27 32577.40000 6.62200000 1050.40000 144.35000 16.63000 63.65100
10 1 21 02 27 32577.50000 6.62200000 1051.02000 144.29000 16.61300 63.65100
10 1 21 02 27 32577.50000 6.62200000 1052.83000 144.29000 16.61300 63.65100
10 1 21 02 28 32588.00000 6.62200000 1053.29000 144.35000 16.54000 63.65100
10 1 21 02 28 32587.90000 6.62200000 1053.29000 144.35000 16.54000 63.65100
10 1 21 02 29 32500.00000 6.62200000 1049.80000 144.46000 16.64600 63.65100
10 1 21 02 29 32470.30000 6.63800000 1050.60000 144.36000 16.64600 63.65100
10 1 21 02 30 32470.30000 6.63800000 1050.53000 144.20000 16.64600 63.65100
10 1 21 02 30 32496.10000 6.63800000 1053.29000 144.24000 16.64600 63.65100
10 1 21 02 30 32515.70000 6.63800000 1055.37000 144.30000 16.64600 63.65100
10 1 21 02 31 32515.70000 6.63800000 1052.78000 144.27000 16.64600 63.65100
10 1 21 02 31 32551.70000 6.63800000 1055.00000 144.19000 16.64600 63.65100
10 1 21 02 32 32551.70000 6.63800000 1055.48000 144.29000 16.64600 63.65100
10 1 21 02 32 32551.70000 6.63800000 1055.49000 144.29000 16.64600 63.96100
10 1 21 02 33 32529.80000 6.63800000 1055.49000 144.29000 16.64600 63.96100
10 1 21 02 33 32529.80000 6.63800000 1053.84000 144.32000 16.64600 63.96100
10 1 21 02 33 32560.00000 6.63800000 1054.92000 144.32000 16.64600 63.96100
10 1 21 02 34 32560.00000 6.63800000 1054.68000 144.32000 16.61000 63.96000
10 1 21 02 34 32535.70000 6.63800000 1054.42000 144.31000 16.61000 63.96000
10 1 21 02 35 32535.70000 6.63800000 1052.23000 144.31000 16.61000 63.96000
10 1 21 02 35 32535.80000 6.63800000 1052.82000 144.15000 16.61000 63.96000
10 1 21 02 36 32535.80000 6.63800000 1051.99000 143.94000 16.61000 63.74700
10 1 21 02 36 32535.80000 6.63800000 1050.86000 143.94000 16.64600 63.67200
10 1 21 02 36 32487.00000 6.63800000 1050.50000 143.94000 16.64600 63.64100
10 1 21 02 37 32522.30000 6.63800000 1049.90000 143.95000 16.64600 63.64100
10 1 21 02 37 32540.10000 6.63800000 1050.30000 143.95000 16.64600 63.64100
10 1 21 02 38 32540.10000 6.63800000 1049.63000 143.94000 16.64600 63.64100
10 1 21 02 38 32571.80000 6.63800000 1052.09000 143.94000 16.64600 63.64100
10 1 21 02 39 32532.30000 6.63800000 1051.65000 143.94000 16.64600 63.64100
10 1 21 02 39 32532.30000 6.63800000 1052.69000 144.07000 16.64600 63.64100
10 1 21 02 39 32532.30000 6.63800000 1053.03000 144.07000 16.64600 63.64000
10 1 21 02 40 32560.40000 6.63800000 1053.04000 144.20000 16.64600 63.64000
10 1 21 02 40 32546.80000 6.63800000 1051.90000 144.20000 16.64600 63.64000
10 1 21 02 41 32594.20000 6.63800000 1053.33000 144.20000 16.64600 63.53100
10 1 21 02 41 32633.50000 6.63800000 1055.26000 144.36000 16.64600 63.53100
10 1 21 02 42 32643.40000 6.72700000 1055.50000 144.67000 16.64600 63.53100
10 1 21 02 42 32645.20000 6.72700000 1055.54000 144.67000 16.45000 63.53100
10 1 21 02 42 32628.30000 6.72700000 1053.90000 144.67000 16.45000 63.53100
10 1 21 02 43 32631.10000 6.72700000 1053.19000 144.57000 16.45000 63.60000
10 1 21 02 43 32633.00000 6.72700000 1052.39000 144.38000 16.45000 63.60000
10 1 21 02 44 32595.20000 6.72700000 1053.14000 144.38000 16.29800 63.60000
10 1 21 02 44 32611.40000 6.72700000 1054.43000 144.38000 16.29800 63.60000
10 1 21 02 45 32630.00000 6.72700000 1055.20000 144.43000 16.29800 63.60000
10 1 21 02 45 32612.50000 6.72700000 1055.60000 144.77000 16.29800 63.60000
10 1 21 02 45 32591.50000 6.87900000 1055.70000 144.51000 16.49900 63.60000
10 1 21 02 46 32591.40000 6.87900000 1055.56000 144.51000 16.49900 63.91200
10 1 21 02 46 32591.50000 6.87900000 1055.06000 145.18000 16.49900 63.91200
10 1 21 02 47 32591.50000 6.87900000 1055.12000 144.98000 16.49900 64.00700
10 1 21 02 47 32591.50000 6.87900000 1054.57000 144.98000 16.49900 64.00700
10 1 21 02 48 32591.40000 6.87900000 1054.33000 144.96000 16.49900 64.00700
10 1 21 02 48 32591.50000 6.87900000 1053.76000 144.96000 16.49900 64.00700
10 1 21 02 48 32591.40000 6.72500000 1053.81000 144.87000 16.49900 64.00700
10 1 21 02 49 32591.40000 6.72500000 1054.66000 144.87000 16.49900 64.00700
10 1 21 02 49 32591.50000 6.69400000 1055.48000 144.87000 16.49900 64.00700
10 1 21 02 50 32591.40000 6.69400000 1055.48000 144.97000 16.49900 64.00700
10 1 21 02 50 32593.60000 6.69400000 1055.69000 144.80000 16.49900 64.00700
10 1 21 02 51 32593.50000 6.69400000 1055.64000 144.80000 16.49900 64.00700
10 1 21 02 51 32591.60000 6.69400000 1055.52000 144.80000 16.49900 64.00700
10 1 21 02 51 32557.80000 6.69400000 1055.19000 144.94000 16.44000 64.00700
10 1 21 02 52 32557.80000 6.69400000 1055.40000 144.78000 16.49700 64.00700
10 1 21 02 52 32557.80000 6.69400000 1055.40000 144.78000 16.51000 64.00700
10 1 21 02 53 32580.60000 6.69400000 1055.40000 144.78000 16.46000 64.00700
10 1 21 02 53 32580.60000 6.69400000 1056.99000 144.92000 16.46000 64.00700
10 1 21 02 54 32580.60000 6.69400000 1056.33000 144.92000 16.46000 64.00700
10 1 21 02 54 32576.30000 6.69400000 1055.70000 144.92000 16.46000 64.00700
10 1 21 02 54 32580.80000 6.67200000 1055.30000 144.92000 16.46000 64.00700
10 1 21 02 55 32609.00000 6.67300000 1057.00000 144.92000 16.46000 64.00700
10 1 21 02 55 32605.70000 6.67300000 1057.00000 145.29000 16.46000 64.00700
10 1 21 02 56 32605.50000 6.67300000 1057.00000 145.32000 16.46000 64.00700
10 1 21 02 56 32605.40000 6.67300000 1057.00000 145.30000 16.46000 64.00700
10 1 21 02 57 32599.90000 6.67300000 1058.99000 145.19000 16.46000 64.00700
10 1 21 02 57 32559.40000 6.67300000 1060.50000 145.19000 16.46000 64.00700
10 1 21 02 57 32559.40000 6.67300000 1060.53000 145.19000 16.44100 64.00700
10 1 21 02 58 32540.10000 6.67300000 1060.50000 145.19000 16.44100 64.00700
10 1 21 02 58 32540.00000 6.60800000 1060.61000 144.99000 16.44100 64.00700
10 1 21 02 59 32532.40000 6.60800000 1061.18000 144.99000 16.44100 64.00700
10 1 21 02 59 32556.60000 6.60800000 1061.26000 144.84000 16.44100 64.00700
10 1 21 03 00 32590.90000 6.60800000 1062.00000 144.85000 16.51600 64.00700
10 1 21 03 00 32589.30000 6.60800000 1064.05000 144.85000 16.51600 64.00700
10 1 21 03 00 32586.00000 6.60800000 1064.00000 144.85000 16.51600 64.00700
10 1 21 03 01 32532.30000 6.60800000 1060.74000 144.82000 16.51600 64.00700
10 1 21 03 01 32503.80000 6.60800000 1058.02000 144.43000 16.51600 64.00700
10 1 21 03 02 32546.40000 6.60800000 1059.72000 144.43000 16.51600 63.83500
10 1 21 03 02 32539.10000 6.60800000 1058.12000 144.29000 16.51600 63.83500
10 1 21 03 03 32536.60000 6.60800000 1057.63000 143.96000 16.51600 63.83500
10 1 21 03 03 32532.80000 6.60800000 1057.26000 143.96000 16.51600 63.84100
10 1 21 03 03 32532.80000 6.60800000 1056.99000 143.96000 16.51600 63.84100
10 1 21 03 04 32532.70000 6.60800000 1056.86000 143.82000 16.51600 63.68800
10 1 21 03 04 32547.50000 6.60800000 1057.60000 143.82000 16.51600 63.68800
10 1 21 03 05 32547.50000 6.60800000 1056.90000 143.90000 16.51600 63.68800
10 1 21 03 05 32526.80000 6.60800000 1057.00000 143.90000 16.51600 63.68800
10 1 21 03 06 32525.10000 6.60800000 1055.05000 143.90000 16.51600 63.68800
10 1 21 03 06 32525.00000 6.60800000 1055.95000 144.24000 16.51600 63.68800
10 1 21 03 06 32438.80000 6.60800000 1055.95000 144.16000 16.51600 63.68800
10 1 21 03 07 32451.10000 6.60800000 1055.07000 144.29000 16.51600 63.68800
10 1 21 03 07 32451.00000 6.60800000 1052.88000 144.10000 16.51600 63.68800
10 1 21 03 08 32440.30000 6.60800000 1052.10000 143.91000 16.51600 63.71700
10 1 21 03 08 32440.30000 6.63000000 1050.94000 143.91000 16.51600 63.71700
10 1 21 03 09 32438.70000 6.63000000 1050.07000 143.75000 16.51600 63.71700
10 1 21 03 09 32411.40000 6.63000000 1045.53000 143.63000 16.51600 63.71700
10 1 21 03 09 32328.50000 6.63000000 1047.79000 143.47000 16.51600 63.71700
