M=[
21 6 21 16 42 27111.60000 35.68300000 1617.86000 110.71000 16.05800 88.96800
21 6 21 16 42 27035.50000 35.68300000 1614.05000 110.46000 16.05000 88.66600
21 6 21 16 42 27022.40000 35.68300000 1613.81000 110.34000 16.05000 88.66300
21 6 21 16 43 27003.30000 35.68300000 1610.44000 110.24000 16.05000 88.43500
21 6 21 16 43 27024.20000 35.68300000 1614.00000 110.23000 16.05000 88.49500
21 6 21 16 44 27010.30000 35.68300000 1613.33000 110.23000 16.05000 88.66900
21 6 21 16 44 27011.90000 35.68300000 1612.51000 110.25000 16.05000 88.47400
21 6 21 16 45 27021.60000 35.68300000 1613.85000 110.16000 16.05000 88.44900
21 6 21 16 45 27064.00000 35.68300000 1617.53000 110.57000 16.05000 88.57700
21 6 21 16 45 27029.60000 35.68300000 1611.10000 110.38000 16.05000 88.66900
21 6 21 16 46 26954.10000 35.68300000 1607.00000 110.11000 16.05000 88.66900
21 6 21 16 46 26921.90000 35.41300000 1605.47000 109.92000 16.05000 88.49700
21 6 21 16 47 26923.20000 35.41300000 1607.98000 110.04000 16.05000 88.58200
21 6 21 16 47 26951.10000 35.40600000 1611.16000 110.01000 15.94200 88.58200
21 6 21 16 48 26950.00000 35.45300000 1609.33000 109.96000 15.93400 88.66400
21 6 21 16 48 26990.50000 35.45300000 1614.00000 110.13000 15.93400 88.66400
21 6 21 16 48 27023.70000 35.52100000 1616.84000 110.32000 16.02500 88.66400
21 6 21 16 49 27049.10000 35.66400000 1618.45000 110.32000 16.02500 88.66400
21 6 21 16 49 27050.80000 35.66400000 1618.03000 110.39000 16.02500 88.66400
21 6 21 16 50 27000.70000 35.55500000 1613.53000 110.04000 16.02500 88.66400
21 6 21 16 50 27026.00000 35.55500000 1618.20000 110.20000 16.02500 88.66400
21 6 21 16 51 27090.30000 35.71600000 1620.31000 110.54000 16.02500 88.66400
21 6 21 16 51 27059.50000 35.69400000 1620.03000 110.45000 16.02500 88.66400
21 6 21 16 51 27097.30000 35.69400000 1624.43000 110.45000 16.02500 88.66400
21 6 21 16 52 27061.10000 35.69400000 1620.01000 110.34000 16.02500 89.16400
21 6 21 16 52 27053.50000 35.68500000 1621.62000 110.34000 16.02500 89.16400
21 6 21 16 53 27034.80000 35.63900000 1620.88000 110.49000 16.02500 89.16400
21 6 21 16 53 27030.30000 35.63900000 1618.22000 110.36000 16.02500 89.08100
21 6 21 16 54 27017.40000 35.61000000 1619.64000 110.36000 16.02500 89.08100
21 6 21 16 54 26998.90000 35.61000000 1616.63000 110.35000 16.02500 89.08100
21 6 21 16 54 27000.10000 35.61000000 1616.09000 110.21000 16.02500 89.08100
21 6 21 16 55 27016.60000 35.61000000 1616.00000 110.22000 16.02500 89.08100
21 6 21 16 55 27035.20000 35.61000000 1618.00000 110.38000 16.02500 89.08100
21 6 21 16 56 27009.20000 35.61000000 1616.58000 110.24000 16.02500 89.08100
21 6 21 16 56 27038.30000 35.61000000 1618.04000 110.54000 16.02500 89.17200
21 6 21 16 57 27038.30000 35.61000000 1618.38000 110.43000 16.16300 89.17200
21 6 21 16 57 27000.00000 35.54200000 1612.24000 110.22000 16.16300 89.07900
21 6 21 16 57 26978.20000 35.51300000 1613.76000 110.13000 16.16300 89.07900
21 6 21 16 58 26930.10000 35.40300000 1607.63000 109.98000 16.16300 88.58400
21 6 21 16 58 26998.20000 35.40300000 1612.48000 109.98000 16.16300 88.58400
21 6 21 16 59 26968.60000 35.40300000 1610.94000 110.20000 16.16300 88.61800
21 6 21 16 59 26955.20000 35.40300000 1613.60000 110.26000 16.16300 88.61800
21 6 21 17 00 27000.00000 35.40300000 1614.15000 110.32000 16.16300 88.61800
21 6 21 17 00 27000.00000 35.40300000 1615.50000 110.13000 16.16300 88.61800
21 6 21 17 00 27050.10000 35.40300000 1619.60000 110.13000 16.16300 89.00000
21 6 21 17 01 27047.20000 35.40300000 1619.21000 110.54000 16.16300 89.00000
21 6 21 17 01 27090.20000 35.82400000 1622.49000 110.84000 16.16300 89.00000
21 6 21 17 02 27111.50000 35.75100000 1624.14000 110.83000 16.16300 89.43700
21 6 21 17 02 27073.70000 35.75100000 1622.00000 110.83000 16.16300 89.43700
21 6 21 17 03 27103.50000 35.75100000 1624.78000 111.03000 16.16300 89.43700
21 6 21 17 03 27108.50000 35.75100000 1622.63000 111.03000 16.16300 89.43700
21 6 21 17 03 27093.80000 35.75100000 1621.99000 111.07000 16.16300 89.43700
21 6 21 17 04 27085.20000 35.83000000 1621.99000 110.93000 16.16300 89.62500
21 6 21 17 04 27115.80000 35.83000000 1624.12000 111.11000 16.16300 89.62500
21 6 21 17 05 27116.00000 35.83000000 1624.70000 111.14000 16.16300 89.78400
21 6 21 17 05 27156.20000 36.03000000 1628.46000 111.14000 16.16300 89.78400
21 6 21 17 06 27177.80000 36.01900000 1629.50000 111.37000 16.16300 89.78400
21 6 21 17 06 27344.80000 36.13700000 1641.47000 112.08000 16.16300 90.14000
21 6 21 17 06 27363.00000 36.18000000 1638.75000 112.19000 16.16300 90.69300
21 6 21 17 07 27338.30000 36.19700000 1637.65000 112.19000 16.16300 90.72100
21 6 21 17 07 27327.60000 36.19700000 1637.82000 112.30000 16.16300 90.72100
21 6 21 17 08 27275.90000 36.19700000 1636.19000 112.34000 16.16300 90.80400
21 6 21 17 08 27217.30000 36.19700000 1630.60000 112.34000 16.16300 90.80400
21 6 21 17 09 27196.40000 36.19700000 1630.42000 112.34000 16.16300 90.80400
21 6 21 17 09 27114.80000 36.19700000 1625.20000 111.48000 16.16300 90.80400
21 6 21 17 09 27100.30000 36.19700000 1622.70000 111.48000 16.16300 90.00000
21 6 21 17 10 27094.80000 36.19700000 1621.69000 111.29000 16.16300 90.00000
21 6 21 17 10 27110.20000 36.19700000 1623.69000 111.27000 16.16300 90.00000
21 6 21 17 11 27027.40000 36.19700000 1618.00000 110.89000 16.16300 89.76200
21 6 21 17 11 27078.30000 36.19700000 1619.00000 110.89000 16.16300 89.83900
21 6 21 17 12 27081.10000 35.90100000 1618.70000 111.04000 16.16300 89.83900
21 6 21 17 12 27018.80000 35.90100000 1615.95000 110.89000 16.16300 89.83900
21 6 21 17 12 27027.00000 35.88700000 1616.00000 110.89000 16.16300 89.73400
21 6 21 17 13 27084.10000 35.88700000 1617.52000 110.89000 16.16300 89.73400
21 6 21 17 13 27018.80000 35.88700000 1614.82000 110.86000 16.16300 89.65100
21 6 21 17 14 27102.70000 35.88700000 1621.71000 110.86000 16.16300 89.65100
21 6 21 17 14 27106.50000 35.88700000 1621.68000 111.10000 16.16300 89.65100
21 6 21 17 15 27105.90000 35.88700000 1621.00000 111.19000 16.16300 89.65100
21 6 21 17 15 27144.60000 35.88700000 1624.71000 111.19000 16.16300 89.65100
21 6 21 17 15 27181.70000 35.88700000 1625.92000 111.19000 16.16300 89.65100
21 6 21 17 16 27196.30000 36.05300000 1629.84000 111.59000 16.16300 89.65100
21 6 21 17 16 27200.30000 36.15200000 1628.43000 111.59000 16.16300 89.65100
21 6 21 17 17 27200.30000 36.19600000 1629.38000 111.59000 16.16300 89.65100
21 6 21 17 17 27205.80000 36.19600000 1628.99000 111.80000 16.17800 89.65100
21 6 21 17 18 27200.20000 36.19600000 1626.72000 111.80000 16.17800 89.65100
21 6 21 17 18 27164.70000 36.19600000 1622.38000 111.59000 16.17800 89.65100
21 6 21 17 18 27194.80000 36.19600000 1624.25000 111.56000 16.17800 90.56300
21 6 21 17 19 27245.50000 36.19600000 1629.00000 111.96000 16.17800 91.44500
21 6 21 17 19 27270.80000 36.19600000 1629.75000 111.94000 16.17800 91.44500
21 6 21 17 20 27205.10000 36.19600000 1626.03000 111.66000 16.17800 91.14600
21 6 21 17 20 27140.90000 36.19600000 1621.89000 111.70000 16.17800 90.84200
21 6 21 17 21 27118.50000 36.06200000 1621.53000 111.30000 16.05100 90.84200
21 6 21 17 21 27196.90000 36.06200000 1622.63000 111.30000 16.05100 91.09000
21 6 21 17 21 27196.90000 36.14600000 1629.24000 111.59000 16.05100 91.19000
21 6 21 17 22 27205.10000 36.14600000 1626.98000 111.59000 16.05100 91.19000
21 6 21 17 22 27233.10000 36.14600000 1629.04000 111.77000 16.05100 91.19000
21 6 21 17 23 27209.70000 36.14600000 1627.03000 111.61000 16.05100 91.19000
21 6 21 17 23 27206.70000 36.32600000 1627.96000 111.78000 16.05100 91.19000
21 6 21 17 24 27212.00000 36.32600000 1627.26000 111.72000 16.05100 91.19000
21 6 21 17 24 27200.20000 36.32600000 1628.46000 111.80000 16.05100 91.19000
21 6 21 17 24 27221.40000 36.32600000 1627.48000 111.80000 16.05100 91.19000
21 6 21 17 25 27171.80000 36.32600000 1626.30000 111.80000 16.05100 91.19000
21 6 21 17 25 27173.00000 36.32600000 1625.70000 111.55000 16.05100 91.19000
