M=[
15 6 20 03 25 8193.60000 5.50000000 202.00000 38.35000 13.34000 43.93400
15 6 20 03 25 8193.60000 5.50000000 201.89000 38.35000 13.34000 43.93400
15 6 20 03 26 8194.20000 5.50000000 201.98000 38.35000 13.34000 43.93400
15 6 20 03 26 8180.40000 5.50000000 201.78000 38.35000 13.34000 43.93400
15 6 20 03 27 8170.10000 5.50000000 201.29000 38.28000 13.27700 43.89100
15 6 20 03 27 8193.40000 5.50000000 201.71000 38.28000 13.27700 43.89100
15 6 20 03 28 8188.30000 5.50000000 201.75000 38.28000 13.33200 43.89100
15 6 20 03 29 8190.20000 5.50000000 201.65000 38.28000 13.27700 43.89100
15 6 20 03 29 8187.60000 5.50000000 201.58000 38.28000 13.27700 43.86300
15 6 20 03 29 8184.30000 5.50000000 200.99000 38.30000 13.27700 43.80000
15 6 20 03 30 8185.30000 5.50000000 201.27000 38.24000 13.27700 43.71800
15 6 20 03 31 8187.60000 5.50000000 201.92000 38.26000 13.27700 43.71800
15 6 20 03 31 8187.70000 5.50300000 202.05000 38.26000 13.27700 43.71800
15 6 20 03 32 8199.00000 5.50000000 202.04000 38.26000 13.27700 43.59000
15 6 20 03 32 8197.20000 5.50000000 201.89000 38.26000 13.27700 43.59000
15 6 20 03 33 8195.20000 5.50000000 201.75000 38.26000 13.27700 43.59000
15 6 20 03 33 8192.90000 5.50000000 201.73000 38.26000 13.27700 43.59000
15 6 20 03 34 8189.10000 5.50000000 201.30000 38.26000 13.27700 43.59000
15 6 20 03 34 8187.10000 5.50000000 201.37000 38.26000 13.27700 43.59000
15 6 20 03 35 8187.10000 5.50000000 201.35000 38.26000 13.22800 43.59000
15 6 20 03 35 8187.10000 5.50300000 201.09000 38.26000 13.22800 43.59000
15 6 20 03 36 8191.40000 5.50000000 201.05000 38.26000 13.21700 43.66200
15 6 20 03 37 8191.40000 5.50000000 200.91000 38.26000 13.17500 43.60300
15 6 20 03 37 8169.50000 5.44700000 200.20000 38.12000 13.11800 43.80000
15 6 20 03 38 8165.70000 5.44700000 200.49000 38.12000 13.11800 43.55000
15 6 20 03 38 8160.20000 5.45000000 200.54000 38.12000 13.11000 43.54300
15 6 20 03 39 8170.80000 5.46000000 200.54000 38.12000 13.11000 43.54300
15 6 20 03 39 8160.20000 5.46000000 201.01000 38.35000 13.11000 43.70700
15 6 20 03 40 8161.40000 5.45000000 200.46000 38.35000 13.11000 43.61000
15 6 20 03 40 8166.10000 5.46000000 200.46000 38.35000 13.11000 43.69400
15 6 20 03 41 8164.00000 5.45000000 200.48000 38.35000 13.11000 43.69400
15 6 20 03 41 8159.60000 5.46000000 200.48000 38.34000 13.10000 43.69400
15 6 20 03 42 8160.10000 5.46000000 200.68000 38.29000 13.10000 43.69400
15 6 20 03 42 8159.00000 5.46000000 200.67000 38.29000 13.10000 43.69400
15 6 20 03 43 8143.70000 5.46000000 200.28000 38.28000 13.10700 43.53900
15 6 20 03 43 8120.40000 5.44000000 199.71000 38.04000 13.10700 43.40100
15 6 20 03 44 8151.80000 5.44000000 200.24000 38.17000 13.10700 43.40100
15 6 20 03 45 8140.20000 5.44000000 200.56000 38.28000 13.04500 43.52000
15 6 20 03 45 8142.20000 5.43500000 200.24000 38.04000 13.04500 43.52000
15 6 20 03 46 8135.10000 5.43500000 200.09000 38.17000 13.04500 43.52000
15 6 20 03 46 8136.30000 5.43500000 200.08000 38.04000 13.03600 43.52000
15 6 20 03 47 8135.80000 5.43500000 200.70000 38.18000 13.03600 43.52000
15 6 20 03 47 8135.80000 5.43500000 200.75000 38.18000 13.03100 43.52000
15 6 20 03 48 8150.20000 5.43500000 200.75000 38.28000 13.03100 43.52000
15 6 20 03 49 8150.10000 5.43500000 200.79000 38.28000 13.03100 43.52000
15 6 20 03 49 8150.10000 5.43500000 200.79000 38.28000 13.03100 43.52000
15 6 20 03 49 8150.60000 5.43500000 200.79000 38.28000 13.03100 43.52000
15 6 20 03 50 8152.20000 5.43500000 200.79000 38.29000 13.03100 43.52000
15 6 20 03 50 8152.00000 5.43500000 200.78000 38.29000 13.03100 43.52000
15 6 20 03 51 8150.20000 5.43500000 200.79000 38.29000 13.04500 43.66000
15 6 20 03 51 8149.20000 5.43500000 200.79000 38.29000 13.03600 43.70000
15 6 20 03 52 8142.20000 5.43500000 200.79000 38.29000 13.03600 43.70000
15 6 20 03 52 8141.80000 5.43500000 200.79000 38.29000 13.03100 43.70000
15 6 20 03 53 8140.80000 5.43500000 200.79000 38.29000 13.03100 43.70000
15 6 20 03 53 8140.90000 5.43500000 200.95000 38.29000 13.07900 43.70000
15 6 20 03 54 8141.90000 5.43500000 200.95000 38.29000 13.07900 43.70000
15 6 20 03 54 8141.80000 5.43500000 200.68000 38.29000 13.07900 43.70000
15 6 20 03 55 8129.60000 5.43500000 200.39000 38.18000 13.07900 43.70000
15 6 20 03 55 8131.10000 5.43500000 200.36000 38.18000 13.07900 43.70000
15 6 20 03 56 8126.40000 5.44000000 200.36000 38.29000 13.03100 43.70000
15 6 20 03 56 8130.00000 5.46300000 200.38000 38.18000 13.03100 43.70000
15 6 20 03 57 8129.90000 5.46300000 200.35000 38.22000 13.08800 43.70000
15 6 20 03 57 8126.50000 5.46300000 200.53000 38.22000 13.08800 43.70000
15 6 20 03 58 8129.80000 5.46300000 200.39000 38.22000 13.08800 43.70000
15 6 20 03 58 8129.80000 5.46300000 200.39000 38.22000 13.08800 43.70000
15 6 20 03 59 8122.70000 5.46300000 200.24000 38.22000 13.06600 43.70000
15 6 20 03 59 8128.90000 5.46300000 200.28000 38.22000 13.06600 43.70000
15 6 20 04 00 8117.30000 5.46300000 199.98000 38.22000 13.06600 43.41400
15 6 20 04 01 8111.10000 5.46300000 199.62000 38.22000 13.08800 43.57800
15 6 20 04 01 8120.90000 5.46300000 200.09000 38.18000 13.04000 43.46700
15 6 20 04 02 8123.50000 5.46300000 200.55000 38.21000 13.01300 43.46700
15 6 20 04 02 8133.20000 5.46300000 200.08000 38.16000 13.01300 43.46700
15 6 20 04 03 8141.70000 5.46300000 200.86000 38.18000 13.01300 43.46700
15 6 20 04 03 8139.30000 5.46300000 200.65000 38.16000 13.01300 43.46700
15 6 20 04 04 8139.30000 5.46300000 200.61000 38.16000 13.01300 43.46700
15 6 20 04 04 8139.30000 5.46300000 200.61000 38.16000 13.01300 43.46700
15 6 20 04 05 8144.30000 5.46300000 200.61000 38.30000 13.01300 43.46700
15 6 20 04 05 8143.40000 5.46300000 200.61000 38.30000 13.04000 43.46700
15 6 20 04 06 8145.30000 5.46300000 200.61000 38.30000 13.04000 43.46700
15 6 20 04 06 8145.70000 5.46300000 200.85000 38.30000 13.01300 43.46700
15 6 20 04 07 8150.10000 5.46300000 201.10000 38.30000 13.04000 43.46700
15 6 20 04 07 8153.20000 5.46300000 201.17000 38.30000 13.01300 43.46700
15 6 20 04 08 8158.10000 5.46300000 201.26000 38.30000 13.01300 43.46600
15 6 20 04 08 8153.30000 5.46300000 201.10000 38.30000 13.04000 43.46700
15 6 20 04 09 8154.90000 5.46300000 201.09000 38.32000 13.01300 43.46700
15 6 20 04 09 8155.00000 5.46300000 201.19000 38.32000 13.01300 43.46700
15 6 20 04 10 8155.00000 5.46300000 201.26000 38.32000 13.01300 43.46700
15 6 20 04 10 8155.00000 5.46300000 201.26000 38.32000 13.01300 43.46700
15 6 20 04 11 8153.30000 5.46300000 201.07000 38.32000 13.01300 43.46700
15 6 20 04 11 8147.30000 5.46300000 201.10000 38.32000 13.01300 43.46700
15 6 20 04 12 8146.60000 5.46300000 201.17000 38.32000 13.01300 43.46600
15 6 20 04 12 8146.10000 5.44000000 200.86000 38.32000 13.01300 43.46700
15 6 20 04 13 8145.80000 5.44000000 200.87000 38.32000 13.01300 43.46700
15 6 20 04 13 8146.20000 5.44000000 200.89000 38.32000 13.01300 43.46700
15 6 20 04 14 8143.40000 5.44000000 200.89000 38.32000 13.01300 43.46700
15 6 20 04 14 8142.20000 5.44000000 200.89000 38.32000 13.01300 43.46600
15 6 20 04 14 8142.50000 5.44000000 201.11000 38.32000 13.01300 43.46700
15 6 20 04 15 8148.90000 5.44000000 201.01000 38.32000 13.01300 43.46700
15 6 20 04 15 8148.90000 5.44000000 201.11000 38.32000 13.01300 43.46600
15 6 20 04 16 8155.50000 5.44000000 201.01000 38.38000 13.01300 43.46700
15 6 20 04 16 8155.00000 5.44000000 201.01000 38.38000 13.01300 43.70600
15 6 20 04 17 8155.60000 5.44000000 201.11000 38.38000 13.01300 43.70700
15 6 20 04 17 8157.00000 5.44000000 201.39000 38.38000 13.01300 43.46700
15 6 20 04 18 8158.60000 5.44000000 201.35000 38.38000 13.01300 43.70700
15 6 20 04 18 8163.60000 5.46900000 201.63000 38.38000 13.01300 43.70700
15 6 20 04 19 8166.40000 5.46900000 201.63000 38.47000 13.01300 43.70700
15 6 20 04 19 8166.80000 5.46900000 201.63000 38.47000 13.01300 43.70700
15 6 20 04 20 8169.20000 5.46900000 201.75000 38.47000 13.01300 43.70700
15 6 20 04 20 8161.90000 5.46900000 201.49000 38.45000 13.01300 43.70700
