M=[
 4 3 21 12 23 41253.10000 9.50700000 1306.04000 155.02000 26.09500 103.25100
 4 3 21 12 23 41207.30000 9.49000000 1305.16000 155.06000 26.09500 103.25100
 4 3 21 12 23 41253.30000 9.49000000 1306.06000 155.06000 26.09500 103.25100
 4 3 21 12 24 41252.30000 9.50200000 1307.24000 155.22000 26.09500 103.25100
 4 3 21 12 24 41241.10000 9.50200000 1307.30000 154.98000 26.09500 103.25100
 4 3 21 12 25 41222.40000 9.50200000 1307.36000 155.23000 26.09500 103.25100
 4 3 21 12 25 41243.50000 9.50200000 1307.36000 155.23000 26.09500 103.25100
 4 3 21 12 25 41209.50000 9.50200000 1306.80000 155.23000 26.09500 103.25100
 4 3 21 12 26 41177.70000 9.50200000 1305.03000 155.23000 26.09500 103.25100
 4 3 21 12 26 41138.00000 9.50200000 1304.57000 155.23000 26.09500 103.25100
 4 3 21 12 27 41141.30000 9.50200000 1304.31000 155.23000 26.09500 103.25100
 4 3 21 12 27 41141.00000 9.50200000 1304.33000 155.23000 26.09500 103.25100
 4 3 21 12 28 41156.30000 9.50200000 1304.52000 155.23000 26.09500 103.25100
 4 3 21 12 28 41114.70000 9.50200000 1303.27000 155.23000 26.09500 103.25100
 4 3 21 12 28 41100.70000 9.50200000 1303.26000 155.23000 26.09500 103.25100
 4 3 21 12 29 41138.40000 9.50200000 1303.26000 154.63000 26.09500 103.25100
 4 3 21 12 29 41152.10000 9.50200000 1304.86000 154.63000 26.09500 103.25100
 4 3 21 12 30 41124.90000 9.50200000 1303.53000 154.52000 25.76100 103.25100
 4 3 21 12 30 41108.20000 9.50200000 1302.56000 154.48000 25.76100 103.25100
 4 3 21 12 31 41064.50000 9.50200000 1302.05000 154.48000 25.76100 103.25100
 4 3 21 12 31 41066.70000 9.50200000 1302.08000 154.02000 25.76100 103.25100
 4 3 21 12 31 41092.60000 9.50200000 1303.39000 154.35000 25.76100 103.25100
 4 3 21 12 32 41063.70000 9.50200000 1302.13000 154.39000 25.76100 103.25100
 4 3 21 12 32 41003.80000 9.50200000 1300.58000 154.04000 25.76100 103.25100
 4 3 21 12 33 41020.60000 9.50200000 1300.78000 154.04000 25.76100 102.64100
 4 3 21 12 33 40991.80000 9.50200000 1300.43000 153.80000 25.76100 102.64100
 4 3 21 12 34 40967.90000 9.50200000 1300.35000 153.80000 25.76100 102.59000
 4 3 21 12 34 40937.90000 9.50200000 1299.95000 153.80000 25.76100 102.60000
 4 3 21 12 34 40980.00000 9.50200000 1300.00000 153.80000 25.76100 102.45800
 4 3 21 12 35 41056.40000 9.41300000 1302.42000 154.00000 25.76100 102.45800
 4 3 21 12 35 41027.80000 9.41300000 1302.47000 153.98000 25.76100 102.45800
 4 3 21 12 36 41027.90000 9.42700000 1301.29000 153.98000 25.76100 102.45800
 4 3 21 12 36 41038.30000 9.42700000 1302.50000 154.15000 25.76100 102.45800
 4 3 21 12 37 41038.30000 9.42700000 1302.50000 154.02000 25.76100 102.64000
 4 3 21 12 37 41027.90000 9.42700000 1302.50000 154.02000 25.76100 102.51300
 4 3 21 12 37 41050.70000 9.42700000 1302.30000 154.02000 25.76100 102.51300
 4 3 21 12 38 41047.30000 9.42700000 1302.30000 154.02000 25.76100 102.51300
 4 3 21 12 38 41027.90000 9.42700000 1302.04000 154.00000 25.76100 102.51300
 4 3 21 12 39 41020.70000 9.42700000 1300.57000 154.00000 25.76100 102.51300
 4 3 21 12 39 41030.10000 9.42700000 1300.28000 153.84000 25.76100 102.51300
 4 3 21 12 40 41000.60000 9.42700000 1300.01000 153.85000 25.76100 102.51300
 4 3 21 12 40 41026.30000 9.42700000 1300.00000 153.98000 25.76100 102.51300
 4 3 21 12 40 41026.20000 9.42700000 1299.84000 153.88000 25.76100 102.51300
 4 3 21 12 41 41017.10000 9.43500000 1299.24000 153.88000 25.76100 102.51300
 4 3 21 12 41 41059.40000 9.43500000 1301.15000 153.88000 25.76100 102.51300
 4 3 21 12 42 41059.50000 9.43500000 1300.37000 153.97000 25.76100 102.51300
 4 3 21 12 42 41097.00000 9.43500000 1301.84000 153.99000 25.76100 102.51300
 4 3 21 12 43 41127.60000 9.43500000 1302.75000 154.37000 25.76100 102.64100
 4 3 21 12 43 41155.70000 9.43500000 1302.26000 154.37000 25.76100 102.76100
 4 3 21 12 43 41117.10000 9.43500000 1302.27000 154.21000 25.76100 102.76100
 4 3 21 12 44 41101.70000 9.43500000 1301.44000 154.01000 25.76100 102.76100
 4 3 21 12 44 41149.10000 9.43500000 1302.66000 154.01000 25.76100 102.76100
 4 3 21 12 45 41152.00000 9.43500000 1302.89000 154.01000 25.76100 102.76100
 4 3 21 12 45 41153.70000 9.43500000 1302.66000 154.01000 25.76100 102.76100
 4 3 21 12 46 41128.20000 9.45900000 1301.55000 154.25000 25.76100 102.76100
 4 3 21 12 46 41101.60000 9.45900000 1300.13000 154.25000 25.76100 102.76100
 4 3 21 12 46 41063.10000 9.45900000 1299.19000 154.25000 25.76100 102.76100
 4 3 21 12 47 41015.60000 9.45900000 1299.05000 154.25000 25.76100 102.76100
 4 3 21 12 47 40980.00000 9.45900000 1295.64000 153.33000 25.76100 102.76100
 4 3 21 12 48 40987.20000 9.45900000 1297.40000 153.33000 25.76100 102.10900
 4 3 21 12 48 41038.80000 9.45900000 1297.87000 153.33000 25.76100 102.10900
 4 3 21 12 49 41057.30000 9.45900000 1299.29000 153.91000 25.76100 102.36800
 4 3 21 12 49 41040.60000 9.45900000 1298.63000 153.91000 25.76100 102.36800
 4 3 21 12 49 41015.40000 9.45900000 1298.81000 153.74000 25.76100 102.36800
 4 3 21 12 50 41015.40000 9.45900000 1299.26000 153.77000 25.76100 102.36800
 4 3 21 12 50 41039.40000 9.45900000 1298.97000 153.77000 25.76100 102.36800
 4 3 21 12 51 41067.20000 9.45900000 1299.97000 153.93000 25.76100 102.36800
 4 3 21 12 51 41067.30000 9.45900000 1299.96000 153.93000 25.76100 102.36800
 4 3 21 12 52 41067.20000 9.45900000 1300.20000 153.93000 25.76100 102.36800
 4 3 21 12 52 41071.50000 9.45900000 1300.78000 153.93000 25.76100 102.36800
 4 3 21 12 52 41108.30000 9.45900000 1301.09000 153.93000 25.76100 102.36800
 4 3 21 12 53 41101.10000 9.45900000 1299.69000 154.00000 25.76100 102.36800
 4 3 21 12 53 41101.00000 9.45900000 1299.75000 154.03000 25.76100 102.36800
 4 3 21 12 54 41093.10000 9.45900000 1298.55000 153.98000 25.76100 102.36800
 4 3 21 12 54 41051.20000 9.45900000 1298.55000 153.98000 25.76100 102.36800
 4 3 21 12 55 41085.70000 9.45900000 1299.63000 154.06000 25.76100 102.36800
 4 3 21 12 55 41086.80000 9.45900000 1299.18000 154.06000 25.76100 102.58000
 4 3 21 12 55 41086.80000 9.45900000 1299.18000 154.08000 25.76100 102.58000
 4 3 21 12 56 41086.60000 9.45900000 1298.54000 153.98000 25.76100 102.58000
 4 3 21 12 56 41057.10000 9.45900000 1298.70000 154.05000 25.76100 102.58000
 4 3 21 12 57 41071.20000 9.45900000 1298.75000 154.00000 26.09500 102.58000
 4 3 21 12 57 41108.30000 9.45900000 1300.12000 154.28000 26.09500 102.58000
 4 3 21 12 58 41108.20000 9.45900000 1300.82000 154.14000 26.09500 102.58000
 4 3 21 12 58 41108.30000 9.45900000 1299.49000 154.14000 26.09500 102.58000
 4 3 21 12 58 41066.70000 9.45900000 1298.81000 153.97000 26.09500 102.58000
 4 3 21 12 59 41065.30000 9.45900000 1298.81000 153.97000 26.09500 102.58000
 4 3 21 12 59 41081.20000 9.45900000 1299.31000 153.79000 26.09500 102.58000
 4 3 21 13 00 41098.00000 9.45900000 1300.11000 153.76000 26.09500 102.58000
 4 3 21 13 00 41053.00000 9.45900000 1300.28000 153.76000 26.09500 102.58000
 4 3 21 13 01 41072.00000 9.45900000 1300.28000 153.76000 26.09500 102.58000
 4 3 21 13 01 41107.50000 9.45900000 1300.99000 153.68000 26.09500 102.58000
 4 3 21 13 01 41086.70000 9.45900000 1300.32000 153.68000 26.09500 102.58000
 4 3 21 13 02 41055.00000 9.45900000 1297.86000 153.56000 26.09500 102.30800
 4 3 21 13 02 40999.90000 9.45900000 1297.56000 153.56000 26.09500 102.30800
 4 3 21 13 03 40968.10000 9.45900000 1296.57000 153.56000 26.09500 102.30800
 4 3 21 13 03 40954.40000 9.45900000 1295.12000 153.02000 26.09500 102.30800
 4 3 21 13 04 40906.70000 9.45900000 1293.94000 153.15000 26.09500 102.30800
 4 3 21 13 04 40821.00000 9.45900000 1293.94000 152.63000 26.09500 101.87100
 4 3 21 13 04 40784.10000 9.45900000 1291.00000 152.21000 26.09500 101.87100
 4 3 21 13 05 40718.60000 9.45900000 1290.97000 152.20000 26.09500 101.87100
 4 3 21 13 05 40703.10000 9.37500000 1288.52000 152.06000 26.09500 101.87100
 4 3 21 13 06 40689.10000 9.37200000 1288.51000 151.94000 26.09500 101.32000
 4 3 21 13 06 40746.10000 9.37200000 1289.77000 152.18000 26.09500 101.32000
