M=[
23 2 21 14 17 40331.90000 9.40700000 1288.00000 147.29000 24.27300 102.52500
23 2 21 14 17 40384.20000 9.40700000 1288.92000 147.47000 24.27300 103.08600
23 2 21 14 18 40384.10000 9.40700000 1289.12000 147.59000 24.23700 103.14600
23 2 21 14 18 40293.80000 9.40700000 1287.00000 147.26000 24.23700 103.00000
23 2 21 14 19 40224.00000 9.40700000 1285.99000 147.08000 24.23700 103.00000
23 2 21 14 19 40270.90000 9.42100000 1286.15000 146.96000 24.23700 102.93500
23 2 21 14 19 40224.20000 9.42100000 1284.85000 146.92000 24.39400 102.93500
23 2 21 14 20 40289.60000 9.43700000 1286.41000 147.01000 24.39400 102.76200
23 2 21 14 20 40248.90000 9.43700000 1285.75000 146.72000 24.47700 102.76200
23 2 21 14 21 40222.60000 9.43800000 1286.00000 146.67000 24.41500 102.68000
23 2 21 14 21 40251.40000 9.43800000 1286.00000 146.70000 24.99000 102.68000
23 2 21 14 22 40243.70000 9.39600000 1286.00000 146.57000 24.46800 102.82900
23 2 21 14 22 40195.30000 9.39600000 1285.24000 146.48000 24.46800 102.82900
23 2 21 14 22 40222.20000 9.39600000 1285.23000 146.33000 24.50000 102.82900
23 2 21 14 23 40206.00000 9.37500000 1282.65000 146.02000 24.51000 102.82900
23 2 21 14 23 40180.10000 9.37500000 1280.43000 145.87000 24.63300 101.62900
23 2 21 14 24 40167.90000 9.33200000 1281.37000 145.76000 24.55500 101.87500
23 2 21 14 24 40199.90000 9.33200000 1285.00000 146.11000 24.86600 101.87500
23 2 21 14 25 40207.20000 9.33200000 1284.68000 145.99000 24.86600 101.87500
23 2 21 14 25 40273.00000 9.33200000 1286.46000 146.36000 24.64000 101.87500
23 2 21 14 25 40235.20000 9.33200000 1286.50000 146.32000 24.65300 101.87500
23 2 21 14 26 40250.10000 9.40300000 1285.61000 146.20000 24.65300 102.40400
23 2 21 14 26 40214.00000 9.40300000 1285.49000 146.07000 25.10000 102.40400
23 2 21 14 27 40185.20000 9.40300000 1283.97000 146.16000 25.10000 102.02800
23 2 21 14 27 40125.30000 9.34500000 1283.52000 146.16000 25.10000 102.10100
23 2 21 14 28 40126.30000 9.35500000 1282.82000 145.61000 25.10000 101.83700
23 2 21 14 28 40030.40000 9.32800000 1280.45000 145.42000 25.10000 101.55400
23 2 21 14 28 40151.90000 9.32100000 1285.00000 145.42000 25.10000 101.84200
23 2 21 14 29 40093.70000 9.32100000 1283.40000 145.40000 25.03900 101.84200
23 2 21 14 29 40095.40000 9.34900000 1283.45000 145.49000 25.03900 101.84200
23 2 21 14 30 40058.30000 9.36100000 1282.34000 145.49000 25.03900 101.66500
23 2 21 14 30 40130.90000 9.33300000 1287.21000 145.87000 25.10000 101.68300
23 2 21 14 31 40151.70000 9.33300000 1289.09000 145.90000 25.08700 101.68300
23 2 21 14 31 40206.60000 9.33300000 1289.95000 146.21000 25.34900 101.68300
23 2 21 14 31 40120.90000 9.33300000 1288.35000 146.01000 25.10200 101.68300
23 2 21 14 32 40132.90000 9.31700000 1289.99000 146.22000 25.10300 102.34400
23 2 21 14 32 40094.00000 9.31700000 1288.07000 146.22000 25.75500 102.34400
23 2 21 14 33 40093.80000 9.31700000 1288.73000 146.09000 25.10600 102.34400
23 2 21 14 33 40000.20000 9.31700000 1285.00000 145.83000 25.10600 102.34400
23 2 21 14 34 39975.40000 9.31700000 1285.29000 145.58000 25.10600 102.34400
23 2 21 14 34 39900.10000 9.25700000 1280.68000 145.13000 25.18500 102.34400
23 2 21 14 34 39879.80000 9.25700000 1279.53000 145.04000 25.18500 100.96200
23 2 21 14 35 39892.20000 9.25700000 1279.48000 144.99000 25.18500 101.04100
23 2 21 14 35 39794.50000 9.21500000 1278.01000 144.89000 25.18500 100.94200
23 2 21 14 36 39773.10000 9.19500000 1276.66000 144.70000 25.20900 100.94200
23 2 21 14 36 39728.30000 9.18000000 1276.89000 144.55000 25.23400 100.94200
23 2 21 14 37 39603.70000 9.16500000 1274.00000 144.17000 25.25800 100.42600
23 2 21 14 37 39501.00000 9.14500000 1271.42000 143.70000 25.23600 99.94300
23 2 21 14 37 39501.10000 9.16800000 1270.74000 143.70000 25.24000 99.94700
23 2 21 14 38 39368.00000 9.12000000 1267.79000 143.17000 25.23500 99.94700
23 2 21 14 38 39279.50000 9.00000000 1262.76000 142.47000 25.28300 98.88000
23 2 21 14 39 39284.90000 9.08200000 1263.26000 142.73000 25.28300 98.88000
23 2 21 14 39 39181.00000 9.08200000 1263.49000 142.59000 25.26600 99.04500
23 2 21 14 40 39117.10000 9.09600000 1262.68000 142.01000 25.33200 99.04500
23 2 21 14 40 39181.50000 9.07800000 1264.55000 142.48000 26.00000 98.82600
23 2 21 14 40 39202.90000 9.10400000 1266.78000 143.05000 26.00000 98.82600
23 2 21 14 41 39308.80000 9.11900000 1269.31000 143.43000 25.38100 99.72500
23 2 21 14 41 39150.00000 9.11900000 1263.05000 142.60000 25.47500 99.21000
23 2 21 14 42 39000.00000 9.11900000 1258.62000 142.28000 25.47500 98.93000
23 2 21 14 42 38842.80000 9.12600000 1256.29000 141.36000 25.49100 98.15800
23 2 21 14 43 38765.80000 9.00000000 1254.94000 140.73000 25.49100 97.57900
23 2 21 14 43 38764.20000 9.00000000 1253.15000 140.63000 25.74700 97.40100
23 2 21 14 43 38720.20000 9.00000000 1252.83000 140.37000 25.74700 97.40100
23 2 21 14 44 38607.20000 8.98100000 1249.22000 139.87000 26.00000 97.40100
23 2 21 14 44 38602.50000 8.94700000 1249.90000 139.36000 26.00000 97.20100
23 2 21 14 45 38765.50000 9.04300000 1251.47000 140.23000 25.69000 97.20100
23 2 21 14 45 38787.10000 9.04000000 1253.55000 140.61000 25.67300 97.20100
23 2 21 14 46 38656.20000 9.04000000 1251.84000 140.41000 25.70400 98.43900
23 2 21 14 46 38921.90000 9.02700000 1257.31000 141.53000 25.81700 98.73700
23 2 21 14 46 39010.50000 9.10100000 1258.03000 141.84000 25.81700 99.24900
23 2 21 14 47 38929.70000 9.09500000 1257.70000 141.64000 25.90900 99.17600
23 2 21 14 47 38830.90000 9.16300000 1254.62000 141.60000 25.82900 99.16500
23 2 21 14 48 38744.50000 9.09300000 1252.46000 141.27000 25.81800 99.16500
23 2 21 14 48 38487.80000 9.09000000 1243.38000 139.87000 25.85400 96.96700
23 2 21 14 49 38430.50000 8.98000000 1235.79000 139.04000 25.85400 95.81600
23 2 21 14 49 38440.80000 8.98000000 1232.58000 138.94000 26.01700 96.01900
23 2 21 14 49 38347.10000 8.92500000 1230.00000 138.80000 26.01900 96.34500
23 2 21 14 50 38276.10000 8.84200000 1225.78000 138.07000 26.01900 96.25000
23 2 21 14 50 38186.40000 8.77100000 1227.75000 137.90000 25.99600 96.62600
23 2 21 14 51 38200.60000 8.77100000 1227.04000 138.11000 25.99600 96.62600
23 2 21 14 51 38189.60000 8.80700000 1231.07000 138.00000 25.99600 96.40800
23 2 21 14 52 38000.00000 8.77000000 1224.97000 137.38000 26.20400 96.40800
23 2 21 14 52 38088.50000 8.77000000 1228.82000 138.02000 26.20400 96.19000
23 2 21 14 52 38151.30000 8.84400000 1232.79000 138.41000 26.03300 96.33400
23 2 21 14 53 38264.10000 8.84400000 1236.41000 138.75000 26.03300 96.65300
23 2 21 14 53 38440.90000 8.84400000 1242.36000 139.49000 26.46800 97.65000
23 2 21 14 54 38514.20000 8.88800000 1242.83000 139.58000 26.35500 97.65000
23 2 21 14 54 38595.60000 8.91000000 1247.01000 139.58000 26.35500 97.76300
23 2 21 14 55 38607.90000 8.91000000 1246.22000 140.14000 26.09000 98.05500
23 2 21 14 55 38603.80000 8.87600000 1247.71000 139.99000 26.49300 97.53700
23 2 21 14 55 38636.00000 8.87600000 1249.80000 140.51000 26.49300 97.53700
23 2 21 14 56 38764.80000 8.99900000 1252.61000 140.70000 26.13100 97.53700
23 2 21 14 56 38828.10000 8.93400000 1255.70000 141.12000 26.13100 97.53700
23 2 21 14 57 38900.00000 8.99900000 1257.96000 141.09000 26.43900 98.96500
23 2 21 14 57 38934.00000 8.99900000 1262.25000 141.23000 26.43900 98.96500
23 2 21 14 58 39091.70000 9.04500000 1264.13000 141.89000 26.18300 99.03600
23 2 21 14 58 38951.30000 9.01200000 1259.70000 141.24000 27.09100 99.03600
23 2 21 14 58 38821.10000 9.01200000 1256.28000 140.71000 26.27200 98.14400
23 2 21 14 59 38713.90000 8.99600000 1254.65000 140.50000 26.27200 98.14400
23 2 21 14 59 38791.90000 8.99600000 1255.84000 140.78000 26.27000 98.14400
23 2 21 15 00 38788.10000 9.03900000 1255.34000 140.78000 26.27000 98.14400
23 2 21 15 00 38684.30000 9.03900000 1250.05000 140.30000 26.27000 98.14400
23 2 21 15 01 38638.90000 8.95000000 1248.00000 139.88000 27.01800 97.53700
23 2 21 15 01 38900.00000 8.96400000 1258.77000 140.09000 27.01800 97.92400
