M=[
 8 8 21 01 23 37395.00000 51.17800000 2647.00000 130.18000 23.06800 112.41100
 8 8 21 01 24 37454.10000 51.17800000 2654.32000 130.33000 23.06800 112.41100
 8 8 21 01 24 37475.60000 51.33100000 2655.06000 130.33000 23.06800 112.41100
 8 8 21 01 24 37454.00000 51.33100000 2655.06000 130.33000 23.06800 112.41100
 8 8 21 01 25 37454.10000 51.33100000 2649.78000 130.19000 23.06800 112.41100
 8 8 21 01 25 37424.90000 51.33100000 2648.19000 130.19000 23.06800 112.41100
 8 8 21 01 26 37463.20000 51.33100000 2648.37000 130.19000 23.06800 112.10600
 8 8 21 01 26 37507.50000 51.33100000 2655.47000 130.19000 23.06800 112.42600
 8 8 21 01 27 37555.40000 51.33100000 2655.55000 130.49000 23.06800 112.42600
 8 8 21 01 27 37517.20000 51.49100000 2655.12000 130.49000 23.06800 112.42600
 8 8 21 01 28 37522.30000 51.49100000 2653.16000 130.49000 23.06800 112.42600
 8 8 21 01 28 37532.70000 51.47400000 2649.04000 130.30000 23.06800 112.42600
 8 8 21 01 28 37500.10000 51.47400000 2650.65000 130.23000 23.01600 112.42600
 8 8 21 01 29 37494.90000 51.47400000 2650.46000 130.18000 23.01600 112.42600
 8 8 21 01 29 37499.70000 51.47400000 2650.46000 130.18000 23.01600 112.42600
 8 8 21 01 30 37482.20000 51.47400000 2650.27000 130.18000 23.01600 112.09400
 8 8 21 01 30 37464.20000 51.47400000 2650.00000 130.18000 23.01600 112.09400
 8 8 21 01 31 37455.90000 51.30200000 2647.29000 130.18000 23.01600 112.09400
 8 8 21 01 31 37424.40000 51.30200000 2647.00000 130.18000 23.01600 112.09400
 8 8 21 01 31 37424.40000 51.30200000 2645.36000 130.18000 23.01600 112.09400
 8 8 21 01 32 37456.40000 51.30200000 2645.73000 129.88000 23.01600 112.09400
 8 8 21 01 32 37420.40000 51.30800000 2642.13000 129.80000 23.01600 112.09400
 8 8 21 01 33 37405.50000 51.30800000 2642.03000 129.80000 23.01600 112.09400
 8 8 21 01 33 37387.10000 51.30800000 2641.11000 129.60000 23.01600 112.09400
 8 8 21 01 34 37365.10000 51.30800000 2639.44000 129.49000 23.01600 111.58400
 8 8 21 01 34 37350.30000 50.67100000 2639.43000 129.49000 23.01600 111.29800
 8 8 21 01 34 37350.20000 50.67100000 2635.13000 129.38000 23.01600 111.29800
 8 8 21 01 35 37350.20000 50.67100000 2634.30000 129.14000 23.01600 111.29800
 8 8 21 01 35 37350.20000 50.67100000 2634.41000 129.14000 23.01600 111.29800
 8 8 21 01 36 37330.80000 50.67100000 2634.41000 129.14000 23.01600 111.29800
 8 8 21 01 36 37298.70000 50.67100000 2632.60000 129.14000 23.01600 111.29800
 8 8 21 01 37 37296.60000 50.67100000 2629.98000 129.14000 23.01600 111.16000
 8 8 21 01 37 37329.60000 50.67100000 2631.60000 129.21000 23.01600 111.16500
 8 8 21 01 37 37329.60000 50.67100000 2638.45000 129.63000 23.01600 111.16500
 8 8 21 01 38 37354.50000 50.67100000 2636.82000 129.55000 23.01600 111.16500
 8 8 21 01 38 37302.40000 50.67100000 2631.91000 129.31000 23.01600 111.16500
 8 8 21 01 39 37312.60000 50.84700000 2632.23000 129.33000 23.01600 111.16500
 8 8 21 01 39 37280.20000 50.88400000 2632.23000 129.33000 23.01600 111.16500
 8 8 21 01 40 37280.20000 50.84900000 2632.23000 129.33000 23.01600 111.16500
 8 8 21 01 40 37280.00000 50.80500000 2629.95000 129.33000 23.01600 111.16500
 8 8 21 01 41 37260.80000 50.65700000 2629.95000 129.33000 23.01600 111.16500
 8 8 21 01 41 37293.80000 50.65700000 2629.56000 129.38000 23.01600 111.33700
 8 8 21 01 41 37263.30000 50.65700000 2628.38000 129.38000 23.01600 111.33700
 8 8 21 01 42 37286.30000 50.65700000 2629.36000 129.38000 23.01600 111.33700
 8 8 21 01 42 37310.10000 50.92700000 2629.36000 129.38000 23.01600 111.33700
 8 8 21 01 43 37321.30000 50.92700000 2630.19000 129.38000 23.01600 111.33700
 8 8 21 01 43 37345.00000 50.92700000 2633.81000 129.38000 23.01600 111.33700
 8 8 21 01 44 37340.90000 50.92700000 2633.81000 129.38000 23.01600 111.33700
 8 8 21 01 44 37310.00000 50.92700000 2632.40000 129.38000 23.01600 111.33700
 8 8 21 01 44 37310.00000 50.92700000 2636.36000 129.60000 23.01600 111.33700
 8 8 21 01 45 37310.00000 50.92700000 2635.90000 129.60000 23.01600 111.33700
 8 8 21 01 45 37371.20000 50.92700000 2641.00000 129.66000 23.01600 111.33700
 8 8 21 01 46 37400.00000 50.92700000 2641.00000 129.66000 23.01600 111.33700
 8 8 21 01 46 37429.50000 50.92700000 2644.36000 129.66000 23.01600 111.33700
 8 8 21 01 47 37429.50000 50.92700000 2643.94000 129.66000 23.01600 111.33700
 8 8 21 01 47 37412.20000 50.92700000 2643.80000 129.66000 23.01600 111.33700
 8 8 21 01 47 37434.00000 50.92700000 2643.81000 129.66000 23.01600 111.33700
 8 8 21 01 48 37419.30000 50.92700000 2644.98000 129.98000 23.01600 111.33700
 8 8 21 01 48 37421.20000 50.92700000 2645.01000 129.98000 23.01600 111.33700
 8 8 21 01 49 37416.80000 50.92700000 2645.52000 130.06000 23.01600 111.33700
 8 8 21 01 49 37416.80000 51.20300000 2645.00000 130.06000 23.01600 111.33700
 8 8 21 01 50 37407.80000 51.20300000 2643.81000 130.06000 23.01600 111.33700
 8 8 21 01 50 37407.70000 51.20300000 2643.80000 130.06000 23.01600 111.33700
 8 8 21 01 50 37366.40000 51.20300000 2640.36000 129.92000 23.01600 111.33700
 8 8 21 01 51 37373.30000 51.20300000 2639.23000 129.92000 23.01600 111.33700
 8 8 21 01 51 37358.80000 51.20300000 2639.23000 129.92000 23.01600 111.33700
 8 8 21 01 52 37358.80000 51.20300000 2634.19000 129.92000 23.01600 111.33700
 8 8 21 01 52 37358.80000 51.20300000 2634.41000 129.92000 23.01600 111.33700
 8 8 21 01 53 37306.20000 51.20300000 2630.71000 129.92000 23.01600 111.33700
 8 8 21 01 53 37295.60000 50.95400000 2630.00000 129.92000 23.01600 111.33700
 8 8 21 01 54 37306.10000 50.95400000 2630.00000 129.92000 23.01600 111.33700
 8 8 21 01 54 37351.50000 50.95400000 2630.99000 129.92000 23.01600 111.33700
 8 8 21 01 54 37393.00000 50.95400000 2640.02000 129.92000 23.01600 111.38000
 8 8 21 01 55 37403.10000 50.95400000 2640.02000 130.11000 23.01600 111.38000
 8 8 21 01 55 37372.10000 50.95400000 2637.06000 130.11000 23.01600 111.38000
 8 8 21 01 56 37336.10000 50.95400000 2631.64000 130.11000 23.01600 111.38000
 8 8 21 01 56 37336.10000 50.95400000 2633.93000 130.11000 23.01600 111.38000
 8 8 21 01 57 37357.40000 50.95400000 2633.93000 130.11000 23.01600 111.38000
 8 8 21 01 57 37369.90000 50.95400000 2634.68000 129.75000 23.01600 111.38000
 8 8 21 01 57 37370.20000 50.95400000 2636.04000 129.75000 23.01600 111.38000
 8 8 21 01 58 37374.70000 50.95400000 2636.67000 129.75000 23.01600 111.38000
 8 8 21 01 58 37359.50000 50.95400000 2634.92000 129.75000 23.01600 111.38000
 8 8 21 01 59 37365.20000 51.13100000 2634.92000 129.75000 23.01600 111.38000
 8 8 21 01 59 37365.20000 51.13100000 2634.92000 129.75000 23.01600 111.38000
 8 8 21 02 00 37406.60000 51.13100000 2634.77000 129.75000 23.01600 111.38000
 8 8 21 02 00 37406.50000 51.13100000 2631.25000 129.75000 23.01600 111.38000
 8 8 21 02 00 37390.50000 51.19400000 2632.48000 129.67000 23.01600 111.38000
 8 8 21 02 01 37335.70000 51.19400000 2630.00000 129.67000 23.01600 111.38000
 8 8 21 02 01 37326.30000 51.19400000 2630.00000 129.51000 23.01600 111.38000
 8 8 21 02 02 37309.00000 51.19400000 2630.00000 129.51000 23.01600 111.38000
 8 8 21 02 02 37309.00000 51.19400000 2630.01000 129.51000 23.01600 111.38000
 8 8 21 02 03 37309.00000 51.19400000 2633.99000 129.51000 23.01600 111.38000
 8 8 21 02 03 37309.00000 51.19400000 2634.32000 129.51000 23.01600 111.38000
 8 8 21 02 03 37384.80000 51.19400000 2634.45000 129.51000 23.01600 111.38000
 8 8 21 02 04 37357.00000 51.20100000 2633.83000 129.51000 23.01600 111.38000
 8 8 21 02 04 37347.30000 51.20100000 2630.45000 129.51000 23.01600 111.38000
 8 8 21 02 05 37326.10000 51.20100000 2630.00000 129.51000 23.01600 111.38000
 8 8 21 02 05 37328.50000 51.20100000 2632.44000 129.51000 23.01600 111.38000
 8 8 21 02 06 37386.10000 51.16500000 2632.44000 129.51000 23.01600 111.38000
 8 8 21 02 06 37399.00000 51.16500000 2633.99000 129.51000 23.01600 111.38000
 8 8 21 02 07 37399.00000 51.16500000 2633.99000 129.51000 23.01600 111.38000
 8 8 21 02 07 37399.00000 51.29900000 2633.84000 129.51000 23.01600 111.38000
