M=[
 8 8 21 08 36 37982.60000 51.88200000 2660.89000 131.04000 23.34600 111.00000
 8 8 21 08 37 37959.70000 51.88200000 2662.31000 131.04000 23.34600 111.00000
 8 8 21 08 37 37956.10000 51.88200000 2661.60000 131.10000 23.34600 111.00000
 8 8 21 08 38 37959.60000 51.90100000 2662.39000 131.20000 23.34600 110.81800
 8 8 21 08 38 37978.60000 51.90100000 2663.09000 131.20000 23.34600 110.81800
 8 8 21 08 39 38018.10000 51.90100000 2664.49000 131.31000 23.34600 110.81800
 8 8 21 08 39 38020.60000 51.90100000 2667.54000 131.31000 23.34600 110.81800
 8 8 21 08 39 38031.50000 51.90100000 2671.13000 131.31000 23.36300 110.81800
 8 8 21 08 40 38044.70000 51.90100000 2671.35000 131.39000 23.36300 110.81800
 8 8 21 08 40 38044.70000 51.90100000 2670.00000 131.38000 23.36300 110.81800
 8 8 21 08 41 37994.40000 51.90100000 2670.09000 131.38000 23.36300 110.81800
 8 8 21 08 41 37994.50000 51.90100000 2669.30000 131.38000 23.36300 110.81800
 8 8 21 08 42 37994.40000 52.03200000 2667.45000 131.38000 23.36300 110.81800
 8 8 21 08 42 37990.10000 52.03200000 2666.12000 131.38000 23.36300 110.81800
 8 8 21 08 42 38000.60000 52.03200000 2666.05000 131.38000 23.36300 110.81800
 8 8 21 08 43 37995.30000 52.09000000 2667.21000 131.38000 23.36300 110.81800
 8 8 21 08 43 37983.20000 52.09000000 2666.45000 131.36000 23.36300 110.81800
 8 8 21 08 44 37993.10000 52.04300000 2667.09000 131.38000 23.36300 110.81800
 8 8 21 08 44 37993.30000 52.04300000 2667.66000 131.38000 23.36300 110.81800
 8 8 21 08 45 37962.60000 52.04300000 2666.84000 131.38000 23.36300 110.81800
 8 8 21 08 45 37986.50000 52.04300000 2668.31000 131.38000 23.36300 110.81800
 8 8 21 08 46 38000.00000 52.04300000 2668.72000 131.38000 23.36300 110.81800
 8 8 21 08 46 38037.90000 52.04300000 2669.08000 131.39000 23.36300 110.81800
 8 8 21 08 46 38036.00000 52.04300000 2670.85000 131.39000 23.36300 110.81800
 8 8 21 08 47 38022.10000 52.04300000 2669.73000 131.39000 23.36300 110.81800
 8 8 21 08 47 38007.20000 52.04300000 2668.00000 131.39000 23.36300 111.17400
 8 8 21 08 48 38012.00000 52.05300000 2668.00000 131.39000 23.36300 111.17400
 8 8 21 08 48 38012.00000 52.05300000 2667.99000 131.49000 23.36300 111.17400
 8 8 21 08 49 38012.00000 52.05300000 2668.00000 131.35000 23.36300 111.17400
 8 8 21 08 49 38000.10000 52.05300000 2668.00000 131.35000 23.36300 111.17400
 8 8 21 08 49 38000.00000 52.05300000 2667.98000 131.35000 23.36300 111.17400
 8 8 21 08 50 38006.90000 52.05300000 2668.00000 131.35000 23.36300 110.98700
 8 8 21 08 50 38007.00000 52.05300000 2667.99000 131.35000 23.36300 110.98700
 8 8 21 08 51 38006.90000 52.05300000 2669.98000 131.35000 23.36300 110.98700
 8 8 21 08 51 38005.00000 52.13300000 2669.98000 131.45000 23.36300 110.98700
 8 8 21 08 52 38005.10000 52.14900000 2669.98000 131.45000 23.36300 110.98700
 8 8 21 08 52 38005.00000 52.14900000 2670.00000 131.45000 23.36300 110.98700
 8 8 21 08 52 37972.80000 52.14900000 2668.19000 131.37000 23.36300 110.97000
 8 8 21 08 53 37970.20000 52.14900000 2668.08000 131.37000 23.36300 110.97000
 8 8 21 08 53 37967.80000 51.93000000 2666.41000 131.37000 23.36300 110.94400
 8 8 21 08 54 37969.20000 51.93300000 2666.13000 131.37000 23.36300 110.94300
 8 8 21 08 54 37958.00000 51.93300000 2664.04000 131.37000 23.36300 110.94300
 8 8 21 08 55 37900.60000 51.93300000 2663.84000 131.37000 23.36300 110.94300
 8 8 21 08 55 37936.00000 51.93300000 2664.25000 131.37000 23.36300 110.94400
 8 8 21 08 55 37921.50000 51.93300000 2663.22000 131.37000 23.36300 110.94400
 8 8 21 08 56 37891.70000 51.79600000 2660.00000 131.09000 23.36300 110.93900
 8 8 21 08 56 37891.60000 51.79600000 2656.47000 131.09000 23.36300 110.93900
 8 8 21 08 57 37884.30000 51.79600000 2661.15000 131.09000 23.36300 110.73300
 8 8 21 08 57 37890.00000 51.79600000 2659.70000 131.00000 23.36300 110.73300
 8 8 21 08 58 37800.80000 51.49800000 2656.01000 130.77000 23.36300 110.73300
 8 8 21 08 58 37800.90000 51.49800000 2654.32000 130.77000 23.36300 110.57300
 8 8 21 08 58 37808.90000 51.49800000 2655.06000 130.77000 23.36300 110.57300
 8 8 21 08 59 37809.40000 51.49800000 2655.07000 130.77000 23.36300 110.28200
 8 8 21 08 59 37800.80000 51.49800000 2653.21000 130.77000 23.36300 110.28200
 8 8 21 09 00 37786.10000 51.55800000 2651.79000 130.57000 23.36300 110.28200
 8 8 21 09 00 37808.90000 51.55800000 2654.74000 130.57000 23.36300 110.28200
 8 8 21 09 01 37809.00000 51.55800000 2655.99000 130.57000 23.36300 110.28200
 8 8 21 09 01 37847.00000 51.55800000 2660.11000 130.82000 23.36300 110.28200
 8 8 21 09 02 37858.30000 51.55800000 2661.57000 130.94000 23.36300 110.28200
 8 8 21 09 02 37871.50000 51.55800000 2663.70000 130.96000 23.36300 111.08100
 8 8 21 09 02 37897.30000 51.55800000 2664.67000 131.02000 23.36300 110.88200
 8 8 21 09 03 37888.30000 51.92700000 2665.49000 131.02000 23.36300 110.88200
 8 8 21 09 03 37900.00000 51.92700000 2667.18000 131.02000 23.36300 111.18400
 8 8 21 09 04 37908.90000 51.82200000 2667.62000 131.13000 23.27000 111.18400
 8 8 21 09 04 37899.10000 51.82200000 2666.58000 131.13000 23.27000 111.18400
 8 8 21 09 05 37889.00000 51.82200000 2667.31000 131.13000 23.27000 111.18400
 8 8 21 09 05 37892.70000 51.82200000 2666.34000 131.13000 23.27000 111.18400
 8 8 21 09 05 37933.10000 51.89200000 2669.15000 131.13000 23.27000 111.18400
 8 8 21 09 06 37974.20000 51.84100000 2668.89000 131.15000 23.27000 111.18400
 8 8 21 09 06 37985.80000 51.96000000 2669.99000 131.15000 23.27000 111.18400
 8 8 21 09 07 37981.60000 51.96000000 2670.00000 131.15000 23.27000 111.18400
 8 8 21 09 07 37981.60000 51.96000000 2669.98000 131.28000 23.27000 111.18400
 8 8 21 09 08 37955.20000 51.96000000 2669.80000 131.28000 23.27000 111.18400
 8 8 21 09 08 37984.20000 51.96000000 2670.40000 131.26000 23.27000 111.18400
 8 8 21 09 08 37963.20000 51.96000000 2669.22000 131.26000 23.27000 111.18400
 8 8 21 09 09 37958.70000 51.96000000 2669.18000 131.22000 23.27000 111.18400
 8 8 21 09 09 37961.90000 51.96000000 2669.17000 131.22000 23.27000 111.18400
 8 8 21 09 10 37996.60000 51.93000000 2669.19000 131.30000 23.27000 111.18400
 8 8 21 09 10 38007.90000 51.93000000 2669.63000 131.30000 23.27000 111.18400
 8 8 21 09 11 38007.00000 51.93000000 2669.52000 131.30000 23.27000 111.18400
 8 8 21 09 11 38011.50000 51.93000000 2670.16000 131.30000 23.27000 111.18400
 8 8 21 09 11 38005.80000 51.96000000 2670.86000 131.30000 23.27000 111.18400
 8 8 21 09 12 38000.00000 52.33600000 2670.86000 131.30000 23.27000 111.18400
 8 8 21 09 12 38030.00000 52.33500000 2673.53000 131.29000 23.27000 111.18400
 8 8 21 09 13 38025.80000 52.33500000 2673.53000 131.29000 23.27000 111.18400
 8 8 21 09 13 38020.50000 52.33500000 2673.86000 131.29000 23.27000 111.45500
 8 8 21 09 14 38025.80000 52.33500000 2675.62000 131.49000 23.27000 111.49100
 8 8 21 09 14 38032.30000 52.33600000 2676.74000 131.49000 23.27000 111.49100
 8 8 21 09 14 38020.20000 52.33600000 2675.70000 131.52000 23.27000 111.49100
 8 8 21 09 15 38032.10000 52.33600000 2678.06000 131.52000 23.27000 111.49100
 8 8 21 09 15 38027.30000 52.33600000 2679.14000 131.52000 23.27000 111.49100
 8 8 21 09 16 38029.10000 52.33600000 2679.80000 131.65000 23.27000 111.49100
 8 8 21 09 16 38000.10000 52.33600000 2676.45000 131.60000 23.27000 111.49100
 8 8 21 09 17 38000.10000 52.33600000 2676.91000 131.60000 23.27000 111.49100
 8 8 21 09 17 38000.00000 52.33600000 2676.63000 131.60000 23.27000 111.49100
 8 8 21 09 18 38000.00000 52.33600000 2678.64000 131.60000 23.27000 111.49100
 8 8 21 09 18 38000.00000 52.18600000 2679.27000 131.51000 23.27000 111.49100
 8 8 21 09 18 37994.60000 52.18600000 2677.79000 131.54000 23.27000 111.49100
 8 8 21 09 19 37988.50000 52.18600000 2678.80000 131.54000 23.27000 111.49100
 8 8 21 09 19 37984.60000 52.18600000 2677.21000 131.54000 23.27000 111.49100
 8 8 21 09 20 37988.00000 52.18600000 2676.90000 131.54000 23.27000 111.37900
 8 8 21 09 20 37955.20000 52.20000000 2672.28000 131.54000 23.27000 111.37900
