M=[
12 1 21 20 07 28086.80000 5.83900000 875.56000 111.06000 15.69000 79.81900
12 1 21 20 08 28050.00000 5.83900000 875.41000 111.12000 15.69000 79.81900
12 1 21 20 08 28078.90000 5.83900000 875.85000 111.12000 15.69000 79.81900
12 1 21 20 09 28102.00000 5.83900000 876.71000 111.08000 15.69000 79.79000
12 1 21 20 09 28147.40000 5.83900000 879.10000 111.08000 15.69000 79.79000
12 1 21 20 09 28082.30000 5.83900000 875.44000 110.97000 15.69000 79.79000
12 1 21 20 10 28100.00000 5.83900000 878.19000 111.15000 15.69000 79.87200
12 1 21 20 10 28050.00000 5.83900000 876.87000 111.21000 15.69000 79.87200
12 1 21 20 11 28085.50000 5.83900000 876.89000 110.99000 15.69000 79.80500
12 1 21 20 11 28099.60000 5.77500000 879.40000 111.13000 15.69000 80.00000
12 1 21 20 12 28062.90000 5.77500000 877.00000 111.13000 15.69000 80.01100
12 1 21 20 12 28064.90000 5.77500000 876.63000 111.13000 15.69000 80.01100
12 1 21 20 12 28100.00000 5.77500000 878.01000 111.13000 15.69000 80.10800
12 1 21 20 13 28111.60000 5.77500000 878.60000 111.43000 15.69000 80.10800
12 1 21 20 13 28087.80000 5.77500000 878.77000 111.43000 15.69000 80.10800
12 1 21 20 14 28238.60000 5.77500000 882.26000 111.60000 15.69000 80.82100
12 1 21 20 14 28149.70000 5.77500000 879.71000 111.79000 15.69000 80.82100
12 1 21 20 15 28116.80000 5.77500000 881.27000 111.53000 15.69000 80.85100
12 1 21 20 15 28079.60000 5.79900000 878.51000 111.51000 15.69000 80.75800
12 1 21 20 15 28050.10000 5.79900000 876.33000 111.02000 15.69000 80.75800
12 1 21 20 16 28022.10000 5.79900000 875.37000 111.18000 15.69000 80.75800
12 1 21 20 16 27999.50000 5.79900000 874.93000 111.01000 15.69000 80.39100
12 1 21 20 17 27999.90000 5.79900000 873.36000 110.84000 15.69000 80.39100
12 1 21 20 17 27956.00000 5.79900000 873.00000 111.01000 15.69000 80.39100
12 1 21 20 18 27911.80000 5.79900000 872.11000 110.85000 15.69000 80.39100
12 1 21 20 18 27875.10000 5.79900000 871.37000 110.88000 15.68900 80.12100
12 1 21 20 18 27890.60000 5.79900000 872.59000 110.84000 15.68900 80.12100
12 1 21 20 19 27913.40000 5.79900000 872.84000 111.02000 15.68900 80.12500
12 1 21 20 19 27887.80000 5.79900000 872.27000 110.84000 15.68900 80.33100
12 1 21 20 20 27939.40000 5.79900000 876.21000 110.88000 15.68900 80.33100
12 1 21 20 20 27925.80000 5.79900000 874.25000 110.84000 15.46900 80.91200
12 1 21 20 21 27944.20000 5.79900000 874.40000 110.96000 15.46900 81.08000
12 1 21 20 21 27912.90000 5.79900000 873.34000 110.87000 15.80000 81.08000
12 1 21 20 21 27920.50000 5.79900000 873.69000 111.00000 15.80000 81.44900
12 1 21 20 22 27929.50000 5.79900000 875.00000 111.00000 15.80000 81.53700
12 1 21 20 22 27900.00000 5.79900000 873.99000 110.99000 15.80000 81.64200
12 1 21 20 23 27909.00000 5.79900000 874.49000 110.94000 15.80000 81.64200
12 1 21 20 23 27931.30000 5.79900000 875.37000 110.93000 15.80000 81.64200
12 1 21 20 24 27912.70000 5.76600000 873.88000 110.96000 15.80000 81.64200
12 1 21 20 24 27888.50000 5.76600000 872.05000 110.90000 15.80000 81.16200
12 1 21 20 24 27789.10000 5.76600000 868.93000 110.94000 15.80000 81.16200
12 1 21 20 25 27788.10000 5.76600000 869.97000 110.39000 15.80000 81.16200
12 1 21 20 25 27871.20000 5.76600000 872.40000 110.61000 15.80000 81.16200
12 1 21 20 26 27914.60000 5.76600000 874.84000 110.65000 15.80000 81.16200
12 1 21 20 26 27973.50000 5.76600000 877.58000 110.92000 15.80000 82.03400
12 1 21 20 27 28077.20000 5.80000000 878.49000 111.08000 15.80000 82.12900
12 1 21 20 27 28050.30000 5.80000000 878.26000 111.14000 15.75000 82.12900
12 1 21 20 27 28044.70000 5.80000000 879.20000 111.32000 15.75000 81.89500
12 1 21 20 28 28030.60000 5.83400000 878.41000 111.11000 15.75000 81.89500
12 1 21 20 28 28064.30000 5.83400000 880.15000 110.64000 15.75000 82.02000
12 1 21 20 29 28069.00000 5.83400000 881.15000 110.97000 15.75000 82.02000
12 1 21 20 29 28025.00000 5.83400000 878.26000 110.73000 15.75000 82.02000
12 1 21 20 30 28044.30000 5.83400000 878.40000 110.72000 15.75000 82.16100
12 1 21 20 30 27933.60000 5.83400000 875.21000 110.57000 15.75000 82.16100
12 1 21 20 30 27902.10000 5.83400000 874.77000 110.36000 15.75000 81.89500
12 1 21 20 31 27837.40000 5.83400000 872.00000 109.94000 15.75000 81.67300
12 1 21 20 31 27820.70000 5.83400000 871.11000 109.88000 15.75000 81.67300
12 1 21 20 32 27797.00000 5.78700000 870.93000 109.81000 15.49100 81.43300
12 1 21 20 32 27829.20000 5.78700000 870.93000 110.11000 15.49100 81.50200
12 1 21 20 33 27783.30000 5.78700000 870.57000 109.77000 15.49100 81.39900
12 1 21 20 33 27781.80000 5.78700000 870.95000 109.78000 15.49100 81.39900
12 1 21 20 33 27797.90000 5.78700000 871.84000 109.77000 15.49100 81.39900
12 1 21 20 34 27833.30000 5.78700000 872.99000 109.79000 15.49100 81.39900
12 1 21 20 34 27788.50000 5.78700000 871.22000 109.79000 15.49100 81.68900
12 1 21 20 35 27790.10000 5.78700000 870.98000 109.80000 15.49100 81.68900
12 1 21 20 35 27750.20000 5.78700000 870.64000 109.76000 15.49100 81.68900
12 1 21 20 36 27783.10000 5.78700000 872.70000 109.81000 15.49100 81.35700
12 1 21 20 36 27860.20000 5.78700000 875.19000 110.22000 15.49100 81.43000
12 1 21 20 36 27784.60000 5.78700000 871.90000 109.97000 15.49100 81.50800
12 1 21 20 37 27813.30000 5.78700000 873.93000 110.04000 15.49100 81.50800
12 1 21 20 37 27750.00000 5.78700000 871.66000 109.91000 15.49100 81.26800
12 1 21 20 38 27699.70000 5.78700000 870.48000 109.78000 15.49100 81.36900
12 1 21 20 38 27731.20000 5.78700000 872.49000 109.42000 15.49100 81.36900
12 1 21 20 39 27724.90000 5.78700000 870.38000 109.28000 15.49100 81.15200
12 1 21 20 39 27750.00000 5.77500000 872.84000 109.59000 15.49100 81.25700
12 1 21 20 39 27736.10000 5.77500000 872.41000 109.50000 15.49100 81.03400
12 1 21 20 40 27735.40000 5.77500000 871.80000 109.26000 15.49100 80.90500
12 1 21 20 40 27819.40000 5.77500000 873.36000 109.50000 15.49100 80.90500
12 1 21 20 41 27851.50000 5.77500000 876.21000 109.67000 15.49100 80.90500
12 1 21 20 41 27825.90000 5.80000000 876.84000 109.73000 15.49100 81.15000
12 1 21 20 42 27851.30000 5.80000000 876.40000 109.78000 15.49100 81.07900
12 1 21 20 42 27748.30000 5.80000000 872.93000 109.54000 15.49100 80.67000
12 1 21 20 42 27722.90000 5.80000000 873.39000 109.59000 15.49100 80.86900
12 1 21 20 43 27747.10000 5.80000000 873.58000 109.57000 15.49100 80.86900
12 1 21 20 43 27769.30000 5.80000000 874.37000 109.66000 15.49100 80.91500
12 1 21 20 44 27762.00000 5.80000000 874.84000 109.75000 15.49100 80.87200
12 1 21 20 44 27807.60000 5.80000000 875.55000 110.00000 15.49100 80.87200
12 1 21 20 45 27829.80000 5.80000000 876.40000 109.90000 15.49100 80.87200
12 1 21 20 45 27814.30000 5.80000000 876.20000 109.95000 15.49100 80.87200
12 1 21 20 45 27969.70000 5.80000000 879.38000 110.15000 15.49100 80.87200
12 1 21 20 46 28023.70000 5.80000000 881.44000 110.15000 15.49100 80.87200
12 1 21 20 46 28012.00000 5.80000000 881.91000 110.35000 15.49100 81.45000
12 1 21 20 47 27995.30000 5.80000000 879.75000 110.21000 15.49100 81.49800
12 1 21 20 47 28021.80000 5.80000000 882.28000 110.41000 15.49100 81.49800
12 1 21 20 48 28011.90000 5.83400000 881.73000 110.49000 15.49100 81.49800
12 1 21 20 48 27994.90000 5.83400000 882.02000 110.47000 15.49100 81.49800
12 1 21 20 48 27994.80000 5.83400000 882.68000 110.55000 15.49100 81.49800
12 1 21 20 49 27970.50000 5.83400000 881.75000 110.47000 15.49100 81.19100
12 1 21 20 49 27961.50000 5.83400000 882.01000 110.47000 15.49100 81.19100
12 1 21 20 50 27952.60000 5.83400000 882.31000 110.52000 15.49100 81.19100
12 1 21 20 50 27940.00000 5.83400000 881.42000 110.49000 15.49100 81.31000
12 1 21 20 51 27929.20000 5.83400000 881.55000 110.49000 15.49100 81.31000
12 1 21 20 51 27911.10000 5.83400000 881.44000 110.49000 15.49100 81.31000
12 1 21 20 51 27878.40000 5.83400000 880.68000 110.48000 15.49100 80.96500
12 1 21 20 52 27847.20000 5.83400000 878.65000 110.11000 15.49100 81.13900
12 1 21 20 52 27832.10000 5.83400000 878.77000 110.14000 15.49100 81.13900
