M=[
19 5 21 10 39 32034.20000 60.42500000 2343.19000 212.65000 26.20700 171.10000
19 5 21 10 40 32012.10000 60.42500000 2337.65000 212.50000 26.20700 171.10000
19 5 21 10 40 31968.50000 60.16400000 2333.00000 212.06000 26.20700 170.48300
19 5 21 10 41 32082.00000 60.55800000 2344.67000 212.34000 26.17600 170.48300
19 5 21 10 41 32208.70000 60.64700000 2355.05000 213.43000 26.17600 170.48300
19 5 21 10 42 32142.40000 60.55400000 2354.37000 213.52000 26.17600 172.25100
19 5 21 10 42 32200.10000 60.82800000 2354.99000 213.58000 26.17600 172.25100
19 5 21 10 42 32218.20000 61.11000000 2357.50000 213.99000 26.17600 172.25100
19 5 21 10 43 32202.20000 60.88700000 2352.81000 213.41000 26.17600 172.79700
19 5 21 10 43 32103.50000 60.56000000 2343.55000 212.82000 26.17600 171.69400
19 5 21 10 44 32099.20000 60.34400000 2338.38000 212.66000 26.17600 171.09600
19 5 21 10 44 32096.20000 60.44600000 2341.98000 212.97000 26.17600 170.95600
19 5 21 10 45 32098.30000 60.40100000 2340.67000 212.51000 26.46200 170.95600
19 5 21 10 45 32123.20000 60.58700000 2347.92000 213.16000 26.46200 170.95600
19 5 21 10 45 32204.30000 60.65200000 2354.68000 214.24000 26.46200 171.18400
19 5 21 10 46 32222.60000 60.65500000 2358.21000 214.03000 26.46200 171.18400
19 5 21 10 46 32207.40000 60.61000000 2353.15000 214.06000 26.46200 171.18400
19 5 21 10 47 32142.60000 60.17200000 2345.44000 213.10000 26.12500 171.18400
19 5 21 10 47 32063.10000 60.04200000 2338.67000 212.76000 26.12500 171.18400
19 5 21 10 48 32032.30000 60.22600000 2336.78000 213.26000 26.12500 171.18400
19 5 21 10 48 32021.30000 60.22600000 2335.78000 213.05000 26.12500 171.18400
19 5 21 10 48 31987.60000 59.79100000 2322.00000 212.53000 26.12500 171.18400
19 5 21 10 49 31892.90000 60.02400000 2320.00000 212.42000 26.12500 171.18400
19 5 21 10 49 31904.50000 59.81900000 2314.63000 211.92000 26.12500 170.77600
19 5 21 10 50 31896.10000 59.64200000 2313.94000 211.19000 26.12500 170.67800
19 5 21 10 50 31934.20000 59.60100000 2315.83000 211.66000 26.12500 170.67800
19 5 21 10 51 31935.70000 59.45100000 2314.00000 211.57000 26.05900 170.67800
19 5 21 10 51 32022.00000 59.45100000 2324.73000 212.47000 26.05900 170.67800
19 5 21 10 51 32004.60000 59.89500000 2320.52000 212.02000 26.05900 171.25000
19 5 21 10 52 32019.90000 59.86700000 2318.48000 211.70000 26.05900 171.23700
19 5 21 10 52 32026.00000 59.87700000 2322.82000 212.18000 26.05900 171.23700
19 5 21 10 53 32060.10000 59.76800000 2322.15000 212.26000 26.05900 171.23700
19 5 21 10 53 32079.70000 59.76800000 2327.68000 212.69000 26.05900 171.23700
19 5 21 10 54 32077.20000 59.84100000 2324.48000 212.63000 26.05900 171.23700
19 5 21 10 54 32036.20000 59.61500000 2314.36000 212.36000 26.05900 171.23700
19 5 21 10 55 32055.50000 59.71900000 2313.47000 211.77000 26.03300 170.67000
19 5 21 10 55 32005.00000 59.38000000 2307.35000 211.66000 26.03300 170.67000
19 5 21 10 55 32065.10000 59.38000000 2316.53000 212.25000 26.03300 170.06300
19 5 21 10 56 32154.90000 59.89100000 2326.61000 213.13000 26.03300 170.06300
19 5 21 10 56 32217.20000 60.07400000 2328.61000 213.48000 26.03300 171.11000
19 5 21 10 57 32268.10000 60.00000000 2333.23000 213.67000 26.03300 171.11000
19 5 21 10 57 32306.50000 60.24300000 2340.55000 214.23000 26.03300 171.11000
19 5 21 10 58 32320.10000 60.24300000 2337.28000 214.66000 26.46400 171.11000
19 5 21 10 58 32303.90000 60.39700000 2341.98000 214.71000 26.46400 171.11000
19 5 21 10 58 32269.90000 60.39700000 2338.43000 214.65000 26.46400 171.11000
19 5 21 10 59 32240.70000 60.15300000 2332.49000 214.32000 26.46400 171.11000
19 5 21 10 59 32236.80000 60.15300000 2333.44000 213.85000 26.46400 171.11000
19 5 21 11 00 32284.80000 60.36100000 2340.28000 214.18000 26.46400 171.11000
19 5 21 11 00 32254.50000 60.23800000 2336.11000 213.82000 26.46400 173.15100
19 5 21 11 01 32236.80000 60.32600000 2335.61000 213.82000 26.46400 173.15100
19 5 21 11 01 32135.70000 60.00000000 2327.73000 212.87000 26.46400 171.25400
19 5 21 11 01 32102.60000 59.92800000 2320.03000 212.09000 26.46400 171.25400
19 5 21 11 02 32071.00000 59.92800000 2316.16000 211.99000 26.19600 171.00100
19 5 21 11 02 32159.30000 59.92800000 2322.83000 212.22000 26.19600 170.95600
19 5 21 11 03 32070.60000 59.57300000 2313.72000 211.77000 26.19600 170.95600
19 5 21 11 03 32096.40000 59.47700000 2312.30000 211.88000 26.19600 170.95600
19 5 21 11 04 32146.50000 59.47700000 2318.11000 212.97000 26.19600 170.67700
19 5 21 11 04 32146.20000 59.46700000 2315.48000 212.46000 26.19600 170.67700
19 5 21 11 04 32161.80000 59.46700000 2312.94000 212.46000 26.19600 170.67700
19 5 21 11 05 32290.00000 59.66700000 2322.32000 212.98000 26.19600 171.14300
19 5 21 11 05 32289.50000 60.00000000 2319.76000 213.51000 26.19600 171.14300
19 5 21 11 06 32236.30000 60.09800000 2314.25000 212.43000 26.19600 171.48800
19 5 21 11 06 32198.80000 59.84600000 2308.04000 211.92000 26.19600 171.48800
19 5 21 11 07 32163.30000 59.72300000 2307.87000 211.85000 26.19600 171.48800
19 5 21 11 07 32204.10000 59.91200000 2311.20000 211.92000 26.19600 171.06500
19 5 21 11 08 32180.60000 59.74800000 2303.92000 211.87000 26.19600 171.06500
19 5 21 11 08 32162.40000 59.62700000 2298.43000 211.53000 26.19600 171.06500
19 5 21 11 08 32168.80000 59.61400000 2296.66000 211.48000 26.19600 171.06500
19 5 21 11 09 32244.70000 59.61400000 2303.56000 212.13000 26.19600 171.06500
19 5 21 11 09 32204.20000 59.79600000 2299.28000 211.59000 26.19600 171.06500
19 5 21 11 10 32170.40000 59.69800000 2296.28000 211.51000 26.19600 170.49800
19 5 21 11 10 32267.20000 59.69800000 2304.64000 212.03000 26.19600 170.49800
19 5 21 11 11 32293.40000 59.78000000 2310.42000 212.43000 26.19900 170.49800
19 5 21 11 11 32229.90000 59.78000000 2302.12000 211.57000 26.19900 170.49800
19 5 21 11 11 32204.10000 59.78000000 2295.76000 211.84000 26.19900 170.49800
19 5 21 11 12 32175.60000 59.64500000 2292.92000 210.13000 26.19900 170.49800
19 5 21 11 12 32186.60000 59.51100000 2295.18000 210.26000 26.05500 170.43800
19 5 21 11 13 32145.70000 59.41500000 2290.85000 209.66000 26.05500 170.43800
19 5 21 11 13 32139.20000 59.41500000 2286.16000 209.39000 25.95700 169.74200
19 5 21 11 14 32193.80000 59.55600000 2290.66000 210.16000 25.95700 169.37800
19 5 21 11 14 32270.50000 59.55600000 2296.72000 209.96000 25.98300 169.37800
19 5 21 11 14 32257.40000 59.45900000 2283.81000 209.59000 25.98300 169.37800
19 5 21 11 15 32229.40000 59.41600000 2282.75000 209.01000 25.95800 169.72900
19 5 21 11 15 32236.60000 59.31700000 2284.33000 208.86000 25.95800 169.72900
19 5 21 11 16 32188.40000 59.22200000 2277.72000 208.69000 25.95800 169.02900
19 5 21 11 16 32174.40000 58.96700000 2271.72000 207.92000 25.95800 169.02900
19 5 21 11 17 32133.60000 58.74900000 2265.31000 207.82000 25.95800 169.02900
19 5 21 11 17 32046.80000 58.62500000 2253.07000 206.92000 25.95800 168.60000
19 5 21 11 17 32048.90000 58.53500000 2262.31000 207.01000 25.71800 168.17100
19 5 21 11 18 32020.20000 58.36000000 2257.37000 206.97000 25.71800 168.36800
19 5 21 11 18 31943.30000 57.90900000 2248.59000 206.01000 25.71800 167.10800
19 5 21 11 19 31924.10000 57.88500000 2250.71000 206.39000 25.71800 167.10800
19 5 21 11 19 31924.00000 57.78500000 2245.13000 206.09000 25.71800 166.93400
19 5 21 11 20 31881.70000 57.27500000 2232.48000 205.50000 25.71800 166.78400
19 5 21 11 20 31878.40000 57.49200000 2243.00000 205.69000 25.71800 166.27100
19 5 21 11 20 31920.30000 57.40500000 2252.61000 205.95000 25.71800 167.16000
19 5 21 11 21 31892.60000 57.38400000 2248.39000 205.92000 25.71800 167.47900
19 5 21 11 21 31869.40000 57.50000000 2247.19000 205.84000 25.90700 166.27400
19 5 21 11 22 31767.20000 57.20000000 2232.36000 203.99000 25.90700 164.05700
19 5 21 11 22 31778.80000 57.00400000 2237.68000 204.55000 25.88200 164.38100
19 5 21 11 23 31768.00000 56.61400000 2236.05000 204.06000 25.84300 164.13200
19 5 21 11 23 31760.50000 56.88900000 2225.00000 203.72000 25.84300 165.00000
