M=[
21 12 20 18 26 18655.30000 5.02200000 497.91000 85.86000 14.80900 55.64100
21 12 20 18 27 18640.90000 5.02200000 497.89000 85.92000 14.80900 55.64100
21 12 20 18 27 18656.30000 5.02200000 497.99000 86.12000 14.80900 55.64100
21 12 20 18 28 18659.50000 5.02200000 498.21000 86.19000 14.80900 55.64100
21 12 20 18 28 18651.20000 5.02200000 498.20000 85.95000 14.80900 55.64100
21 12 20 18 29 18652.40000 5.02200000 498.21000 86.06000 14.80900 55.64100
21 12 20 18 29 18668.40000 5.02200000 498.20000 86.06000 14.80900 55.64100
21 12 20 18 29 18669.90000 5.05000000 498.33000 86.18000 14.80900 55.64100
21 12 20 18 30 18635.20000 5.05000000 497.70000 85.90000 14.80900 55.64100
21 12 20 18 30 18630.10000 5.04800000 497.70000 85.76000 14.80900 55.64100
21 12 20 18 31 18657.30000 5.04800000 498.11000 86.09000 14.80900 55.64100
21 12 20 18 31 18692.00000 5.04800000 498.89000 86.09000 14.80900 55.64100
21 12 20 18 32 18698.50000 5.04800000 499.00000 86.47000 14.80900 55.64100
21 12 20 18 32 18713.90000 5.04800000 499.19000 86.30000 14.80900 56.06000
21 12 20 18 32 18715.80000 5.04800000 499.40000 86.40000 14.80900 56.06000
21 12 20 18 33 18708.60000 5.04800000 499.11000 86.29000 14.80900 56.06000
21 12 20 18 33 18706.00000 5.04800000 499.18000 86.29000 14.80000 56.06000
21 12 20 18 34 18700.20000 5.04800000 499.09000 86.29000 14.80000 56.06000
21 12 20 18 34 18713.80000 5.04800000 499.35000 86.29000 14.74400 56.06000
21 12 20 18 35 18703.90000 5.04800000 499.38000 86.16000 14.74400 56.06000
21 12 20 18 35 18700.00000 5.04800000 498.65000 85.95000 14.68200 56.06000
21 12 20 18 35 18698.60000 5.04800000 498.32000 85.95000 14.68200 56.06000
21 12 20 18 36 18700.60000 5.04800000 498.91000 86.10000 14.68200 56.06000
21 12 20 18 36 18689.30000 5.04800000 498.88000 86.10000 14.61600 56.06000
21 12 20 18 37 18683.90000 5.04800000 498.88000 85.87000 14.61600 56.06000
21 12 20 18 37 18681.60000 5.04800000 498.88000 85.81000 14.55500 56.06000
21 12 20 18 38 18670.80000 5.04800000 498.08000 85.86000 14.50000 56.06000
21 12 20 18 38 18689.30000 5.04800000 498.33000 86.00000 14.50000 56.06000
21 12 20 18 38 18692.40000 5.04800000 498.03000 86.14000 14.50000 56.06000
21 12 20 18 39 18680.10000 5.04800000 497.82000 86.14000 14.50000 56.10300
21 12 20 18 39 18679.60000 5.04800000 498.18000 86.01000 14.50000 56.10300
21 12 20 18 40 18687.00000 5.04800000 498.07000 86.00000 14.50000 56.10400
21 12 20 18 40 18685.10000 5.04800000 498.00000 86.00000 14.50000 56.10400
21 12 20 18 41 18666.00000 5.04800000 497.64000 85.80000 14.56000 56.10400
21 12 20 18 41 18655.10000 5.04800000 497.90000 85.87000 14.55300 56.10400
21 12 20 18 41 18683.60000 5.04800000 498.45000 85.87000 14.55300 56.10400
21 12 20 18 42 18639.30000 5.04800000 497.45000 85.74000 14.55300 56.10400
21 12 20 18 42 18639.40000 5.04800000 497.45000 85.79000 14.55300 56.10400
21 12 20 18 43 18645.10000 5.04800000 498.52000 85.79000 14.55300 56.10400
21 12 20 18 43 18659.00000 5.04800000 499.47000 85.73000 14.55300 56.10400
21 12 20 18 44 18654.20000 5.04800000 499.02000 85.93000 14.55300 56.10400
21 12 20 18 44 18635.20000 5.04800000 498.45000 85.77000 14.54800 56.10400
21 12 20 18 44 18629.30000 5.04800000 498.45000 85.86000 14.54800 56.10400
21 12 20 18 45 18629.90000 5.04800000 498.45000 85.75000 14.53600 56.10400
21 12 20 18 45 18629.20000 5.04800000 498.35000 85.75000 14.53600 56.10400
21 12 20 18 46 18631.40000 5.04800000 498.45000 85.74000 14.53600 56.10400
21 12 20 18 46 18637.60000 5.04800000 498.44000 85.87000 14.53600 56.10400
21 12 20 18 47 18629.60000 5.04800000 498.64000 85.86000 14.53600 56.10400
21 12 20 18 47 18615.60000 5.04800000 498.63000 85.86000 14.53600 56.10400
21 12 20 18 47 18624.40000 5.04800000 498.62000 85.68000 14.53600 56.10400
21 12 20 18 48 18616.00000 5.04800000 498.63000 85.68000 14.53600 56.10400
21 12 20 18 48 18653.70000 5.04800000 499.07000 85.84000 14.53600 56.10400
21 12 20 18 49 18685.80000 5.04800000 499.18000 86.00000 14.53600 56.22700
21 12 20 18 49 18700.00000 5.06300000 499.55000 86.20000 14.55200 56.21000
21 12 20 18 50 18699.90000 5.06200000 499.69000 86.23000 14.55200 56.21000
21 12 20 18 50 18714.90000 5.06200000 499.83000 86.07000 14.55200 56.07900
21 12 20 18 50 18714.70000 5.06200000 499.88000 86.14000 14.55200 56.07900
21 12 20 18 51 18720.00000 5.06200000 499.87000 86.23000 14.55200 56.07900
21 12 20 18 51 18720.00000 5.06300000 500.47000 86.23000 14.55200 56.07900
21 12 20 18 52 18719.90000 5.06300000 500.21000 86.31000 14.55200 56.07900
21 12 20 18 52 18710.30000 5.06300000 499.81000 86.16000 14.55200 56.07900
21 12 20 18 53 18700.00000 5.06300000 499.34000 86.13000 14.55200 56.07900
21 12 20 18 53 18690.00000 5.06300000 498.90000 85.98000 14.55200 56.07900
21 12 20 18 53 18675.80000 5.06300000 499.05000 85.89000 14.55200 56.07900
21 12 20 18 54 18689.60000 5.06300000 498.84000 85.89000 14.55200 56.07900
21 12 20 18 54 18681.40000 5.06300000 498.52000 85.73000 14.55200 56.07900
21 12 20 18 55 18681.40000 5.06300000 498.27000 85.81000 14.55200 56.07900
21 12 20 18 55 18667.20000 5.06300000 497.97000 85.58000 14.55200 56.07900
21 12 20 18 56 18687.50000 5.06300000 498.53000 85.58000 14.55200 56.07900
21 12 20 18 56 18658.30000 5.06300000 498.36000 85.58000 14.55200 56.07900
21 12 20 18 56 18643.00000 5.06300000 497.87000 85.51000 14.55200 56.07900
21 12 20 18 57 18643.90000 5.06300000 497.73000 85.51000 14.55200 56.07900
21 12 20 18 57 18634.60000 5.06400000 497.24000 85.51000 14.55200 55.95500
21 12 20 18 58 18630.20000 5.06400000 497.24000 85.53000 14.55200 55.95500
21 12 20 18 58 18623.40000 5.06400000 497.34000 85.45000 14.55200 55.95500
21 12 20 18 59 18635.10000 5.06400000 497.30000 85.63000 14.55200 55.91300
21 12 20 18 59 18637.20000 5.06400000 497.47000 85.73000 14.55200 55.99600
21 12 20 18 59 18648.60000 5.06400000 497.48000 85.78000 14.55200 55.99600
21 12 20 19 00 18663.90000 5.06400000 497.99000 85.85000 14.55200 56.02900
21 12 20 19 00 18634.90000 5.06400000 497.71000 85.77000 14.55200 56.02900
21 12 20 19 01 18634.70000 5.06400000 497.82000 85.77000 14.55200 56.02900
21 12 20 19 01 18634.20000 5.06400000 497.78000 85.67000 14.55200 56.03900
21 12 20 19 02 18634.80000 5.06400000 497.58000 85.67000 14.55200 56.03900
21 12 20 19 02 18647.70000 5.06400000 497.93000 85.68000 14.55200 56.03900
21 12 20 19 02 18649.20000 5.06400000 498.16000 85.78000 14.55200 56.03900
21 12 20 19 03 18673.10000 5.06400000 498.72000 85.78000 14.55200 56.03900
21 12 20 19 03 18674.00000 5.06400000 499.09000 85.78000 14.55200 56.03900
21 12 20 19 04 18670.00000 5.06400000 499.09000 86.15000 14.55200 56.14800
21 12 20 19 04 18674.00000 5.06400000 499.09000 86.07000 14.55200 56.14800
21 12 20 19 05 18674.10000 5.06400000 499.06000 86.07000 14.55200 56.14800
21 12 20 19 05 18684.00000 5.06400000 499.06000 86.08000 14.55200 56.14800
21 12 20 19 05 18681.60000 5.06400000 499.06000 86.08000 14.55200 56.14800
21 12 20 19 06 18710.00000 5.07100000 500.00000 86.43000 14.55200 56.14800
21 12 20 19 06 18725.00000 5.07100000 500.38000 86.59000 14.55200 56.14800
21 12 20 19 07 18725.00000 5.09100000 500.85000 86.77000 14.55200 56.14800
21 12 20 19 07 18736.90000 5.09100000 500.97000 86.71000 14.55200 56.14800
21 12 20 19 08 18742.90000 5.09100000 501.30000 86.71000 14.55200 56.14800
21 12 20 19 08 18751.40000 5.09100000 501.20000 86.84000 14.55200 56.14800
21 12 20 19 08 18747.80000 5.09100000 501.20000 86.84000 14.55200 56.14800
21 12 20 19 09 18740.70000 5.09100000 501.13000 86.77000 14.55200 56.14800
21 12 20 19 09 18740.20000 5.09100000 501.13000 86.64000 14.55200 56.14800
21 12 20 19 10 18738.90000 5.09100000 501.20000 86.65000 14.55200 56.14800
21 12 20 19 10 18739.10000 5.09100000 500.84000 86.57000 14.55200 56.37600
21 12 20 19 11 18749.60000 5.09100000 501.20000 86.57000 14.55200 56.37700
21 12 20 19 11 18751.20000 5.09100000 501.20000 86.60000 14.55200 56.37700
21 12 20 19 11 18753.00000 5.09100000 501.20000 86.72000 14.52200 56.37700
