M=[
 5 6 20 06 06 8604.20000 6.12000000 214.39000 41.87000 12.77200 47.06100
 5 6 20 06 06 8604.10000 6.12000000 214.39000 41.87000 12.77200 46.96700
 5 6 20 06 07 8603.70000 6.12000000 214.23000 41.87000 12.77200 47.06100
 5 6 20 06 07 8603.40000 6.12000000 214.27000 41.87000 12.77200 47.06100
 5 6 20 06 08 8603.40000 6.12000000 214.19000 41.87000 12.77200 47.06100
 5 6 20 06 08 8603.40000 6.12000000 214.19000 41.80000 12.77200 47.06100
 5 6 20 06 09 8603.00000 6.12000000 214.19000 41.80000 12.77200 47.06000
 5 6 20 06 09 8601.70000 6.12000000 214.16000 41.80000 12.70900 47.06000
 5 6 20 06 10 8601.80000 6.12000000 214.17000 41.80000 12.70900 47.06000
 5 6 20 06 10 8602.20000 6.12000000 214.13000 41.80000 12.70900 47.06000
 5 6 20 06 10 8602.20000 6.12000000 214.15000 41.80000 12.77200 47.06100
 5 6 20 06 11 8603.40000 6.12000000 214.24000 41.80000 12.70900 47.06100
 5 6 20 06 11 8604.50000 6.10100000 214.21000 41.80000 12.77200 47.06000
 5 6 20 06 12 8604.50000 6.12000000 214.01000 41.80000 12.70900 47.06000
 5 6 20 06 12 8601.80000 6.12000000 214.01000 41.80000 12.70900 46.96000
 5 6 20 06 13 8601.80000 6.12000000 214.07000 41.73000 12.67000 46.96000
 5 6 20 06 13 8602.60000 6.12000000 214.01000 41.87000 12.67000 46.96000
 5 6 20 06 14 8604.00000 6.12000000 214.01000 41.73000 12.67000 46.96000
 5 6 20 06 14 8601.80000 6.12000000 214.01000 41.73000 12.67000 46.96000
 5 6 20 06 15 8602.30000 6.12000000 214.01000 41.73000 12.67000 46.96000
 5 6 20 06 15 8600.00000 6.12000000 214.01000 41.73000 12.67000 46.68600
 5 6 20 06 16 8599.30000 6.12000000 214.21000 41.73000 12.67000 46.68600
 5 6 20 06 16 8598.50000 6.12000000 214.01000 41.73000 12.67000 46.68600
 5 6 20 06 17 8598.40000 6.12000000 214.00000 41.80000 12.67000 46.68600
 5 6 20 06 17 8598.40000 6.12000000 214.00000 41.73000 12.67000 46.68600
 5 6 20 06 17 8600.00000 6.10100000 214.00000 41.73000 12.67000 46.68600
 5 6 20 06 18 8598.20000 6.12000000 214.03000 41.73000 12.67000 46.68600
 5 6 20 06 18 8600.00000 6.12000000 214.03000 41.73000 12.67000 46.96000
 5 6 20 06 19 8600.50000 6.12000000 213.99000 41.73000 12.67000 46.68600
 5 6 20 06 19 8600.00000 6.12000000 213.99000 41.68000 12.67000 46.68600
 5 6 20 06 20 8602.40000 6.12000000 213.99000 41.68000 12.67000 46.68600
 5 6 20 06 20 8602.50000 6.12000000 213.99000 41.80000 12.67000 46.68600
 5 6 20 06 21 8602.90000 6.12000000 213.82000 41.68000 12.67000 46.68600
 5 6 20 06 21 8605.80000 6.12000000 213.84000 41.68000 12.67000 46.68600
 5 6 20 06 22 8605.00000 6.12000000 213.84000 41.68000 12.67000 46.68600
 5 6 20 06 22 8603.30000 6.12000000 213.89000 41.68000 12.67000 46.68600
 5 6 20 06 23 8604.80000 6.12000000 213.89000 41.68000 12.67000 46.68600
 5 6 20 06 23 8603.50000 6.12000000 213.82000 41.68000 12.67000 46.68600
 5 6 20 06 23 8602.30000 6.12000000 213.89000 41.80000 12.67000 46.68600
 5 6 20 06 24 8604.90000 6.12000000 213.89000 41.68000 12.67000 46.68600
 5 6 20 06 24 8606.30000 6.12000000 213.89000 41.68000 12.67000 46.68600
 5 6 20 06 25 8606.80000 6.12000000 214.00000 41.68000 12.67000 46.68600
 5 6 20 06 25 8605.60000 6.12000000 214.00000 41.68000 12.67000 46.68600
 5 6 20 06 26 8605.80000 6.10500000 214.00000 41.68000 12.67000 46.68600
 5 6 20 06 26 8606.70000 6.10500000 214.00000 41.80000 12.67000 46.96000
 5 6 20 06 27 8606.60000 6.10500000 213.97000 41.68000 12.67000 46.68600
 5 6 20 06 27 8606.40000 6.10500000 213.86000 41.68000 12.67000 46.68600
 5 6 20 06 28 8606.30000 6.10500000 213.86000 41.68000 12.67000 46.68600
 5 6 20 06 28 8605.60000 6.10500000 213.86000 41.67000 12.67000 46.68600
 5 6 20 06 28 8605.60000 6.10500000 213.86000 41.67000 12.67000 46.96000
 5 6 20 06 29 8605.10000 6.10500000 213.75000 41.67000 12.67000 46.68600
 5 6 20 06 29 8604.10000 6.10500000 213.86000 41.67000 12.67000 46.68600
 5 6 20 06 30 8600.10000 6.10500000 213.75000 41.61000 12.67000 46.68600
 5 6 20 06 30 8582.50000 6.08900000 213.35000 41.54000 12.67000 46.68600
 5 6 20 06 31 8583.10000 6.08900000 213.68000 41.54000 12.67000 46.74400
 5 6 20 06 31 8585.00000 6.08900000 213.55000 41.54000 12.67000 46.74400
 5 6 20 06 32 8584.50000 6.08900000 213.62000 41.54000 12.67000 46.74400
 5 6 20 06 33 8582.10000 6.08900000 213.64000 41.54000 12.67000 46.68600
 5 6 20 06 33 8582.10000 6.08900000 213.83000 41.54000 12.67000 46.74400
 5 6 20 06 34 8582.10000 6.10200000 213.62000 41.54000 12.67000 46.74400
 5 6 20 06 34 8584.40000 6.10200000 213.83000 41.54000 12.67000 46.74400
 5 6 20 06 35 8587.20000 6.10200000 213.83000 41.54000 12.67000 46.74400
 5 6 20 06 35 8573.40000 6.10200000 213.78000 41.54000 12.67000 46.74400
 5 6 20 06 36 8584.60000 6.10200000 213.69000 41.54000 12.67000 46.74400
 5 6 20 06 36 8577.50000 6.10200000 213.69000 41.63000 12.67000 46.68600
 5 6 20 06 37 8590.60000 6.09000000 213.89000 41.65000 12.67000 46.74400
 5 6 20 06 37 8616.20000 6.09000000 214.13000 41.65000 12.67000 46.74400
 5 6 20 06 38 8617.70000 6.09000000 214.45000 41.65000 12.67000 46.85700
 5 6 20 06 38 8622.80000 6.09000000 214.52000 41.63000 12.67000 46.85700
 5 6 20 06 39 8626.10000 6.09000000 214.52000 41.76000 12.67000 46.85700
 5 6 20 06 39 8626.00000 6.09000000 214.52000 41.76000 12.67000 46.85700
 5 6 20 06 40 8626.30000 6.09000000 214.52000 41.76000 12.67000 46.85700
 5 6 20 06 40 8626.30000 6.09000000 214.57000 41.76000 12.67000 46.85700
 5 6 20 06 41 8626.50000 6.09000000 214.58000 41.63000 12.67000 46.85700
 5 6 20 06 41 8626.50000 6.09000000 214.58000 41.82000 12.67000 46.85700
 5 6 20 06 42 8626.60000 6.09000000 214.52000 41.82000 12.67000 46.85700
 5 6 20 06 42 8625.00000 6.09000000 214.54000 41.82000 12.67000 46.85700
 5 6 20 06 43 8625.00000 6.10200000 214.61000 41.76000 12.67000 46.85700
 5 6 20 06 43 8625.00000 6.09000000 214.52000 41.82000 12.67000 46.85700
 5 6 20 06 44 8626.30000 6.09000000 214.56000 41.82000 12.67000 46.85700
 5 6 20 06 44 8625.00000 6.09000000 214.56000 41.82000 12.67000 46.85700
 5 6 20 06 45 8625.00000 6.09000000 214.54000 41.82000 12.67000 46.85700
 5 6 20 06 45 8625.00000 6.10700000 214.78000 41.82000 12.67000 46.85700
 5 6 20 06 45 8625.40000 6.10700000 214.78000 41.82000 12.67000 46.85700
 5 6 20 06 46 8625.70000 6.10700000 214.78000 41.82000 12.67000 46.85700
 5 6 20 06 46 8625.10000 6.10700000 214.78000 41.82000 12.67000 46.85700
 5 6 20 06 47 8625.20000 6.10700000 214.66000 41.82000 12.67000 46.85700
 5 6 20 06 47 8625.10000 6.10700000 214.65000 41.82000 12.67000 46.68600
 5 6 20 06 48 8627.00000 6.10200000 214.76000 41.82000 12.67000 46.85700
 5 6 20 06 48 8627.00000 6.10700000 214.78000 41.82000 12.67000 46.85700
 5 6 20 06 49 8627.60000 6.10700000 214.77000 41.82000 12.67000 46.85700
 5 6 20 06 49 8629.40000 6.10700000 214.77000 41.82000 12.67000 46.85700
 5 6 20 06 50 8631.10000 6.10700000 214.77000 41.86000 12.67000 46.85700
 5 6 20 06 50 8632.60000 6.10700000 214.77000 41.86000 12.67000 46.85700
 5 6 20 06 51 8632.60000 6.10700000 214.78000 41.86000 12.67000 46.85700
 5 6 20 06 51 8630.10000 6.10700000 214.77000 41.86000 12.67000 46.85700
 5 6 20 06 51 8630.20000 6.10700000 214.78000 41.86000 12.67000 46.85700
 5 6 20 06 52 8631.90000 6.10700000 214.80000 41.86000 12.67000 46.85700
 5 6 20 06 52 8633.20000 6.10200000 214.80000 41.86000 12.67000 46.85700
 5 6 20 06 53 8632.10000 6.10700000 214.95000 41.86000 12.67000 46.85700
 5 6 20 06 53 8633.40000 6.10700000 214.96000 41.86000 12.67000 46.85700
 5 6 20 06 54 8632.20000 6.10700000 214.95000 41.85000 12.67000 46.85700
 5 6 20 06 54 8632.10000 6.10700000 214.98000 41.85000 12.67000 46.85700
 5 6 20 06 55 8632.10000 6.10700000 215.00000 41.85000 12.67000 47.12600
 5 6 20 06 55 8633.10000 6.10700000 215.00000 41.85000 12.67000 47.12600
 5 6 20 06 56 8632.10000 6.10700000 215.00000 41.85000 12.67000 47.12600
 5 6 20 06 56 8632.60000 6.10200000 215.00000 41.85000 12.67000 47.12600
 5 6 20 06 56 8633.20000 6.10700000 215.00000 41.88000 12.67000 47.12600
 5 6 20 06 57 8633.60000 6.10700000 214.99000 41.88000 12.67000 47.12600
