M=[
27 5 21 12 06 32708.20000 64.18300000 2331.74000 165.04000 26.27800 126.04500
27 5 21 12 06 32705.90000 64.18300000 2329.57000 165.36000 26.27800 126.04500
27 5 21 12 07 32682.00000 64.18300000 2325.00000 165.34000 26.27800 126.04500
27 5 21 12 07 32655.10000 64.18300000 2327.87000 165.40000 26.27800 126.04500
27 5 21 12 07 32627.70000 64.18300000 2322.52000 164.86000 26.27800 126.04500
27 5 21 12 08 32594.60000 64.18300000 2315.90000 164.66000 26.27800 126.04500
27 5 21 12 08 32537.80000 64.18300000 2312.03000 164.30000 26.27800 126.04500
27 5 21 12 09 32575.00000 63.77700000 2313.39000 164.37000 26.27800 126.04500
27 5 21 12 09 32534.10000 63.77700000 2312.36000 164.12000 26.27800 126.04500
27 5 21 12 10 32493.60000 63.51900000 2305.91000 163.55000 26.27800 126.04500
27 5 21 12 10 32519.20000 63.60600000 2310.00000 163.82000 26.27800 126.04500
27 5 21 12 10 32500.00000 63.60600000 2310.00000 163.89000 26.27800 126.04500
27 5 21 12 11 32520.90000 63.60600000 2310.57000 163.75000 26.27800 126.07800
27 5 21 12 11 32512.20000 63.56300000 2312.21000 163.75000 26.27800 126.07800
27 5 21 12 12 32575.60000 63.56300000 2312.81000 164.02000 26.27800 126.07800
27 5 21 12 12 32565.10000 63.56300000 2314.45000 164.30000 26.27800 126.07800
27 5 21 12 13 32563.70000 63.56300000 2316.33000 164.51000 26.27800 126.07800
27 5 21 12 13 32583.60000 63.56300000 2312.50000 164.69000 26.27800 126.07800
27 5 21 12 13 32594.90000 63.56300000 2317.00000 164.96000 26.27800 126.07800
27 5 21 12 14 32613.00000 63.56300000 2316.96000 165.19000 26.27800 126.91700
27 5 21 12 14 32584.40000 63.56300000 2315.62000 164.66000 26.27800 126.91700
27 5 21 12 15 32562.80000 63.56300000 2313.72000 164.60000 26.27800 126.91700
27 5 21 12 15 32480.30000 63.56300000 2310.00000 164.60000 26.27800 126.91700
27 5 21 12 16 32496.80000 63.56300000 2306.74000 164.11000 26.27800 126.45700
27 5 21 12 16 32444.60000 63.56300000 2304.07000 164.11000 26.27800 126.45700
27 5 21 12 16 32455.50000 63.56300000 2297.48000 163.51000 26.27800 126.45700
27 5 21 12 17 32438.80000 63.56300000 2302.17000 163.55000 26.27800 126.45700
27 5 21 12 17 32434.40000 63.37300000 2301.07000 163.32000 26.27800 126.45700
27 5 21 12 18 32444.80000 63.37300000 2301.00000 163.48000 26.27800 126.45700
27 5 21 12 18 32437.70000 63.37300000 2303.07000 163.53000 26.27800 126.45700
27 5 21 12 19 32444.90000 63.37300000 2301.25000 163.23000 26.27800 126.45700
27 5 21 12 19 32444.80000 63.37300000 2299.36000 163.19000 26.27800 126.45700
27 5 21 12 19 32442.00000 63.37300000 2297.64000 163.08000 26.27800 126.45700
27 5 21 12 20 32444.90000 63.28400000 2299.70000 163.05000 26.27800 126.45700
27 5 21 12 20 32480.50000 63.28300000 2302.20000 163.27000 26.27800 126.03200
27 5 21 12 21 32459.30000 63.28300000 2298.90000 163.27000 26.27800 126.03200
27 5 21 12 21 32465.80000 63.08300000 2301.34000 163.27000 26.27800 126.03200
27 5 21 12 22 32488.40000 63.21900000 2300.54000 163.12000 26.27800 126.23100
27 5 21 12 22 32539.40000 63.21900000 2302.13000 163.12000 26.27800 126.23100
27 5 21 12 22 32532.40000 63.21900000 2303.43000 163.46000 26.27800 126.23100
27 5 21 12 23 32521.20000 63.11500000 2302.21000 163.49000 26.27800 126.23100
27 5 21 12 23 32514.80000 63.16800000 2304.04000 163.35000 26.27800 126.23100
27 5 21 12 24 32527.30000 63.16800000 2308.62000 163.27000 26.43300 126.33900
27 5 21 12 24 32490.80000 63.16800000 2305.87000 163.27000 26.43300 126.33900
27 5 21 12 25 32496.40000 63.16800000 2304.84000 163.27000 26.27900 126.33900
27 5 21 12 25 32525.60000 63.16800000 2305.49000 163.68000 26.27900 126.33900
27 5 21 12 25 32525.60000 63.18100000 2305.85000 163.78000 26.27900 126.33900
27 5 21 12 26 32584.40000 63.16800000 2310.17000 163.84000 26.27900 126.33900
27 5 21 12 26 32566.90000 63.16800000 2307.34000 163.83000 26.27900 126.33900
27 5 21 12 27 32584.40000 63.16800000 2308.37000 163.76000 26.27900 126.33900
27 5 21 12 27 32586.90000 63.16800000 2309.91000 164.08000 26.32900 126.33900
27 5 21 12 28 32577.90000 63.16800000 2308.20000 163.89000 26.32900 126.38400
27 5 21 12 28 32586.90000 63.21800000 2308.39000 164.09000 26.32900 126.38400
27 5 21 12 28 32586.90000 63.21800000 2308.72000 164.20000 26.32900 126.38400
27 5 21 12 29 32586.00000 63.00700000 2305.57000 164.20000 26.22300 126.38400
27 5 21 12 29 32586.00000 63.00000000 2305.38000 164.20000 26.22300 126.38400
27 5 21 12 30 32545.10000 63.00000000 2304.63000 163.85000 26.22300 126.38400
27 5 21 12 30 32559.60000 63.00000000 2305.41000 163.85000 26.22300 126.38400
27 5 21 12 31 32572.20000 63.00000000 2305.88000 164.27000 26.22300 126.38400
27 5 21 12 31 32647.50000 63.07200000 2310.00000 164.36000 26.22300 126.38400
27 5 21 12 31 32681.10000 63.22700000 2311.40000 164.99000 26.22300 127.00000
27 5 21 12 32 32711.70000 63.22700000 2314.98000 165.00000 26.22300 127.39500
27 5 21 12 32 32700.60000 63.26100000 2315.06000 165.37000 26.22300 127.39500
27 5 21 12 33 32674.30000 63.29700000 2314.27000 165.47000 26.22300 127.39500
27 5 21 12 33 32687.70000 63.35200000 2311.75000 165.41000 26.22300 127.39500
27 5 21 12 34 32682.20000 63.35200000 2314.40000 165.55000 26.22300 127.84000
27 5 21 12 34 32629.80000 63.35200000 2308.03000 165.17000 26.22300 127.90500
27 5 21 12 34 32636.80000 63.35200000 2308.80000 165.31000 26.22300 127.85200
27 5 21 12 35 32656.90000 63.35200000 2312.13000 165.22000 26.22300 127.85200
27 5 21 12 35 32620.70000 63.35200000 2307.91000 165.16000 26.19000 127.85200
27 5 21 12 36 32574.70000 63.00000000 2304.80000 165.16000 26.19000 127.85200
27 5 21 12 36 32570.00000 62.95100000 2303.50000 164.70000 26.19000 127.85200
27 5 21 12 37 32529.40000 62.90400000 2301.14000 164.55000 26.19000 127.85200
27 5 21 12 37 32523.40000 62.90400000 2303.38000 164.63000 26.19000 127.85200
27 5 21 12 37 32547.30000 62.90400000 2303.90000 164.68000 26.19000 127.85200
27 5 21 12 38 32554.90000 62.90400000 2305.10000 164.84000 26.19000 127.85200
27 5 21 12 38 32549.90000 62.85000000 2303.35000 164.78000 26.19000 127.85200
27 5 21 12 39 32550.00000 62.68400000 2301.78000 164.71000 26.19000 127.67100
27 5 21 12 39 32550.00000 62.79600000 2301.43000 164.71000 26.19000 127.67100
27 5 21 12 40 32477.10000 62.79600000 2297.03000 164.27000 26.19000 127.67100
27 5 21 12 40 32444.90000 62.53800000 2289.04000 163.91000 26.19000 126.79500
27 5 21 12 40 32435.50000 62.41000000 2290.74000 163.74000 26.19000 126.79500
27 5 21 12 41 32438.00000 62.41000000 2291.46000 163.67000 26.19000 126.79500
27 5 21 12 41 32415.60000 62.41000000 2286.90000 163.67000 26.19000 126.79500
27 5 21 12 42 32346.80000 62.21800000 2284.98000 162.96000 26.19000 126.79500
27 5 21 12 42 32392.00000 62.21800000 2288.01000 163.03000 26.19000 126.79500
27 5 21 12 43 32388.70000 62.21800000 2286.91000 163.06000 26.19000 126.79500
27 5 21 12 43 32386.00000 62.21800000 2287.78000 163.29000 26.19000 126.79500
27 5 21 12 43 32402.30000 62.21800000 2288.29000 163.27000 26.19000 126.79500
27 5 21 12 44 32388.90000 62.47800000 2289.08000 162.96000 26.19000 126.79500
27 5 21 12 44 32357.20000 62.47800000 2282.58000 162.73000 26.19000 126.79500
27 5 21 12 45 32343.40000 62.47800000 2285.15000 162.67000 26.19000 126.79500
27 5 21 12 45 32357.70000 62.47800000 2287.46000 162.64000 26.31700 126.79500
27 5 21 12 46 32305.10000 62.47800000 2287.46000 162.83000 26.11600 126.79500
27 5 21 12 46 32329.40000 62.47800000 2285.29000 162.83000 26.11600 126.79500
27 5 21 12 46 32358.10000 62.47800000 2286.70000 162.68000 26.11600 126.79500
27 5 21 12 47 32378.90000 62.47800000 2288.95000 162.71000 26.11600 126.79500
27 5 21 12 47 32369.30000 62.47800000 2289.20000 162.92000 26.11600 126.79500
27 5 21 12 48 32390.00000 62.42200000 2292.33000 163.31000 26.11600 126.79500
27 5 21 12 48 32392.10000 62.57600000 2290.82000 163.25000 26.11600 126.79500
27 5 21 12 49 32409.40000 62.30600000 2294.57000 163.38000 26.11600 126.79500
27 5 21 12 49 32413.30000 62.30600000 2295.21000 163.54000 26.11600 126.79500
