M=[
25 1 21 22 01 26940.00000 6.19000000 1108.51000 114.27000 16.95500 74.96000
25 1 21 22 01 26934.40000 6.18700000 1107.91000 114.26000 16.95500 74.96000
25 1 21 22 02 26946.40000 6.18700000 1108.50000 114.28000 17.17500 74.96000
25 1 21 22 02 26957.00000 6.18700000 1107.73000 114.36000 17.17500 74.93000
25 1 21 22 02 26931.30000 6.18700000 1107.72000 114.28000 17.25600 74.93000
25 1 21 22 03 26930.80000 6.18700000 1106.67000 114.28000 17.25600 74.93000
25 1 21 22 03 26900.00000 6.18700000 1106.25000 114.26000 17.25600 74.93000
25 1 21 22 04 26855.80000 6.18700000 1101.28000 113.99000 17.11400 74.93000
25 1 21 22 04 26902.00000 6.18700000 1105.29000 114.15000 17.11400 74.93000
25 1 21 22 05 26888.40000 6.18700000 1105.28000 114.17000 16.89300 74.93000
25 1 21 22 05 26792.50000 6.18700000 1101.72000 113.96000 16.89300 74.93000
25 1 21 22 05 26808.90000 6.18700000 1098.00000 113.84000 16.89300 74.93000
25 1 21 22 06 26764.60000 6.18700000 1092.23000 113.84000 16.89300 74.50000
25 1 21 22 06 26743.70000 6.18700000 1093.56000 113.84000 16.89300 74.50000
25 1 21 22 07 26736.50000 6.15300000 1090.77000 113.29000 16.89300 74.50000
25 1 21 22 07 26730.70000 6.15300000 1090.15000 113.29000 16.89300 74.50000
25 1 21 22 08 26696.20000 6.15300000 1087.84000 113.23000 16.89400 74.50000
25 1 21 22 08 26695.90000 6.14500000 1086.29000 113.23000 17.06400 74.50000
25 1 21 22 08 26680.00000 6.14500000 1083.93000 113.10000 17.06400 74.50000
25 1 21 22 09 26687.00000 6.14500000 1083.66000 113.10000 17.06500 74.50000
25 1 21 22 09 26743.70000 6.14500000 1089.11000 113.12000 17.06500 74.11600
25 1 21 22 10 26674.70000 6.14500000 1086.89000 113.10000 17.06500 74.12100
25 1 21 22 10 26670.00000 6.14500000 1085.27000 113.10000 17.06500 74.12100
25 1 21 22 11 26676.50000 6.14500000 1084.58000 113.00000 17.06500 74.12100
25 1 21 22 11 26662.80000 6.13200000 1086.05000 113.00000 17.06500 74.12100
25 1 21 22 11 26645.50000 6.13200000 1085.03000 113.00000 17.06500 74.12100
25 1 21 22 12 26634.90000 6.13200000 1084.22000 113.00000 17.06500 74.12100
25 1 21 22 12 26671.30000 6.13300000 1086.80000 112.97000 17.06500 74.12100
25 1 21 22 13 26620.00000 6.13300000 1082.59000 112.91000 17.06500 74.12100
25 1 21 22 13 26600.00000 6.13300000 1078.97000 112.94000 17.06500 74.12100
25 1 21 22 14 26628.50000 6.09000000 1081.10000 112.91000 17.06500 74.12100
25 1 21 22 14 26650.10000 6.09000000 1083.88000 113.29000 17.06500 74.12100
25 1 21 22 14 26591.60000 6.11000000 1081.98000 113.09000 17.04900 74.12100
25 1 21 22 15 26591.60000 6.11100000 1084.00000 113.09000 17.04900 74.12100
25 1 21 22 15 26521.00000 6.11100000 1080.85000 113.09000 17.04800 74.08900
25 1 21 22 16 26532.10000 6.11100000 1081.51000 112.91000 17.04800 74.06300
25 1 21 22 16 26508.00000 6.09300000 1079.97000 112.92000 17.04800 74.06300
25 1 21 22 17 26552.40000 6.09300000 1079.36000 112.92000 17.04800 74.06300
25 1 21 22 17 26617.10000 6.12600000 1083.99000 112.98000 17.04800 74.06300
25 1 21 22 17 26694.20000 6.14000000 1086.88000 112.98000 17.04800 74.06300
25 1 21 22 18 26700.00000 6.14000000 1087.16000 113.22000 17.04800 74.06300
25 1 21 22 18 26719.60000 6.11200000 1090.69000 113.53000 17.04800 74.06300
25 1 21 22 19 26706.10000 6.11200000 1090.70000 113.53000 17.04800 74.06300
25 1 21 22 19 26735.90000 6.12800000 1090.65000 113.53000 17.04800 74.06300
25 1 21 22 20 26746.70000 6.12800000 1092.99000 113.53000 17.04800 74.06300
25 1 21 22 20 26739.00000 6.12800000 1091.21000 113.53000 17.04800 74.06300
25 1 21 22 20 26679.20000 6.13400000 1088.91000 113.80000 17.04800 74.06300
25 1 21 22 21 26732.50000 6.13400000 1090.00000 113.75000 17.04800 74.06300
25 1 21 22 21 26662.30000 6.13400000 1086.76000 113.75000 17.04800 74.06300
25 1 21 22 22 26666.30000 6.13400000 1085.01000 113.64000 17.04800 74.33000
25 1 21 22 22 26708.90000 6.13400000 1086.82000 113.58000 17.04800 74.33000
25 1 21 22 23 26695.10000 6.13400000 1086.16000 113.73000 17.04800 74.33000
25 1 21 22 23 26716.00000 6.13400000 1088.45000 113.72000 17.05000 74.33000
25 1 21 22 23 26735.00000 6.13400000 1092.90000 113.72000 17.05000 74.33000
25 1 21 22 24 26747.60000 6.13400000 1092.99000 113.72000 17.05000 74.39800
25 1 21 22 24 26744.90000 6.13400000 1092.69000 113.83000 17.05000 74.39800
25 1 21 22 25 26713.20000 6.13400000 1090.51000 113.92000 17.05000 74.39800
25 1 21 22 25 26713.20000 6.13400000 1090.60000 113.97000 17.05000 74.39800
25 1 21 22 26 26683.20000 6.13400000 1088.63000 113.97000 17.05000 74.39800
25 1 21 22 26 26650.10000 6.13400000 1088.45000 113.82000 17.03100 74.39800
25 1 21 22 26 26610.10000 6.13400000 1084.68000 113.65000 17.03100 74.39800
25 1 21 22 27 26694.20000 6.13400000 1088.36000 113.65000 17.01500 74.39800
25 1 21 22 27 26689.80000 6.13400000 1085.00000 113.70000 16.99800 74.39800
25 1 21 22 28 26650.10000 6.13400000 1082.53000 113.70000 16.99800 74.39800
25 1 21 22 28 26601.00000 6.13400000 1082.18000 113.52000 16.99800 74.39800
25 1 21 22 29 26519.90000 6.13400000 1080.18000 113.52000 16.99800 74.39800
25 1 21 22 29 26463.00000 6.13400000 1076.96000 113.52000 16.99800 73.83500
25 1 21 22 29 26430.90000 6.11100000 1075.00000 113.01000 16.99800 73.83500
25 1 21 22 30 26431.10000 6.10600000 1079.95000 112.92000 16.99800 73.83500
25 1 21 22 30 26420.80000 6.10600000 1079.03000 112.92000 16.99800 73.83500
25 1 21 22 31 26421.60000 6.10600000 1076.44000 112.92000 16.99800 73.83500
25 1 21 22 31 26401.10000 6.10600000 1073.63000 112.90000 16.99800 73.83500
25 1 21 22 32 26365.00000 6.09500000 1071.18000 112.89000 17.08900 73.58000
25 1 21 22 32 26421.60000 6.09300000 1073.55000 113.03000 17.08900 73.44600
25 1 21 22 32 26500.20000 6.09300000 1080.65000 113.21000 17.08900 73.33100
25 1 21 22 33 26533.80000 6.09300000 1082.88000 113.44000 17.08900 73.33100
25 1 21 22 33 26557.40000 6.09300000 1081.83000 113.44000 17.08900 73.33100
25 1 21 22 34 26574.80000 6.09300000 1083.22000 113.44000 17.08900 73.56000
25 1 21 22 34 26594.60000 6.09300000 1083.22000 113.44000 17.08900 73.56000
25 1 21 22 35 26608.60000 6.09300000 1084.67000 113.44000 17.08900 73.56000
25 1 21 22 35 26613.10000 6.09300000 1083.26000 113.66000 17.08900 73.56000
25 1 21 22 35 26522.70000 6.09300000 1078.00000 113.66000 17.08900 73.56000
25 1 21 22 36 26527.90000 6.09300000 1081.16000 113.45000 17.08900 73.56000
25 1 21 22 36 26530.40000 6.09300000 1081.64000 113.31000 17.08900 73.56000
25 1 21 22 37 26635.90000 6.09300000 1084.22000 113.48000 17.08900 73.56000
25 1 21 22 37 26658.00000 6.09300000 1087.45000 113.48000 17.08900 73.56000
25 1 21 22 38 26627.50000 6.14000000 1084.64000 113.48000 17.08900 73.82900
25 1 21 22 38 26627.00000 6.14000000 1083.90000 113.86000 17.08900 73.82900
25 1 21 22 38 26634.60000 6.14000000 1086.55000 113.79000 17.08900 73.82900
25 1 21 22 39 26673.40000 6.16400000 1086.27000 113.79000 17.08900 73.82900
25 1 21 22 39 26705.30000 6.16400000 1087.09000 113.79000 17.08900 73.82900
25 1 21 22 40 26700.00000 6.15300000 1086.13000 113.76000 17.08900 73.72600
25 1 21 22 40 26650.30000 6.15300000 1085.75000 113.76000 17.08900 73.72600
25 1 21 22 41 26681.20000 6.15300000 1086.88000 113.76000 17.08900 73.72600
25 1 21 22 41 26740.80000 6.15300000 1088.64000 113.86000 17.08900 73.72600
25 1 21 22 41 26763.50000 6.15300000 1089.82000 113.86000 17.08900 73.72600
25 1 21 22 42 26768.20000 6.15300000 1089.53000 113.86000 17.08900 73.72600
25 1 21 22 42 26726.10000 6.15300000 1090.00000 113.78000 17.08900 73.72600
25 1 21 22 43 26740.00000 6.15300000 1091.05000 113.81000 17.08900 73.63800
25 1 21 22 43 26836.50000 6.15300000 1092.62000 113.81000 17.08900 73.63800
25 1 21 22 44 26823.90000 6.15300000 1091.74000 113.99000 17.08900 73.63800
25 1 21 22 44 26801.20000 6.15300000 1093.66000 113.99000 17.08900 73.63800
25 1 21 22 44 26802.00000 6.15300000 1095.71000 113.93000 17.08900 73.63800
25 1 21 22 45 26844.00000 6.15300000 1096.17000 113.93000 17.08900 73.63800
25 1 21 22 45 26843.50000 6.16300000 1096.04000 113.86000 17.08900 73.63800
