M=[
20 6 20 01 51 8341.20000 5.65600000 205.43000 38.46000 16.80400 45.99500
20 6 20 01 51 8341.20000 5.65600000 205.43000 38.46000 16.80500 45.99500
20 6 20 01 52 8341.20000 5.65600000 205.43000 38.46000 16.80500 45.99500
20 6 20 01 52 8341.30000 5.65600000 205.43000 38.46000 16.80500 45.99500
20 6 20 01 53 8341.30000 5.65600000 205.43000 38.46000 16.80500 45.99500
20 6 20 01 53 8341.30000 5.65600000 205.44000 38.46000 16.80500 45.99500
20 6 20 01 54 8341.30000 5.65600000 205.50000 38.46000 16.80500 45.99500
20 6 20 01 54 8339.50000 5.65600000 205.50000 38.46000 16.80500 45.99500
20 6 20 01 55 8339.40000 5.65600000 205.50000 38.46000 16.80500 45.99500
20 6 20 01 55 8340.10000 5.65600000 205.50000 38.46000 16.80500 45.99500
20 6 20 01 56 8340.10000 5.65600000 205.49000 38.46000 16.80500 45.99500
20 6 20 01 56 8341.30000 5.65600000 205.49000 38.46000 16.91100 45.99500
20 6 20 01 57 8341.30000 5.65600000 205.50000 38.46000 16.91100 45.99500
20 6 20 01 57 8341.30000 5.65600000 205.50000 38.46000 16.91100 45.99500
20 6 20 01 58 8341.30000 5.65600000 205.50000 38.46000 16.91100 45.99500
20 6 20 01 58 8340.20000 5.65100000 205.50000 38.46000 17.02900 45.99500
20 6 20 01 59 8340.20000 5.65600000 205.50000 38.46000 17.02900 45.99500
20 6 20 01 59 8340.10000 5.65600000 205.50000 38.46000 17.02900 45.99500
20 6 20 02 00 8340.20000 5.65600000 205.50000 38.46000 17.02900 45.99500
20 6 20 02 00 8330.20000 5.65600000 205.50000 38.46000 17.06400 45.99500
20 6 20 02 01 8332.80000 5.65600000 205.50000 38.46000 17.06400 45.99500
20 6 20 02 01 8334.30000 5.65600000 205.50000 38.46000 17.06400 45.99500
20 6 20 02 02 8334.30000 5.65600000 205.50000 38.46000 17.06400 45.99500
20 6 20 02 02 8337.10000 5.65900000 205.49000 38.46000 17.06400 45.99500
20 6 20 02 03 8339.50000 5.65900000 205.50000 38.46000 17.06400 45.99500
20 6 20 02 03 8339.50000 5.65900000 205.49000 38.46000 17.06400 45.99500
20 6 20 02 04 8339.50000 5.65900000 205.49000 38.46000 17.06400 45.99500
20 6 20 02 04 8338.20000 5.65900000 205.49000 38.46000 17.08400 45.99500
20 6 20 02 05 8338.10000 5.65900000 205.49000 38.46000 17.08400 45.99500
20 6 20 02 05 8336.70000 5.65900000 205.45000 38.46000 17.08400 45.99500
20 6 20 02 06 8332.60000 5.65900000 205.45000 38.46000 17.08400 45.99500
20 6 20 02 06 8328.50000 5.65900000 205.45000 38.46000 17.08400 45.99500
20 6 20 02 07 8330.60000 5.65900000 205.44000 38.46000 17.12100 45.99500
20 6 20 02 07 8330.60000 5.65900000 205.44000 38.46000 17.12100 45.99500
20 6 20 02 08 8332.50000 5.65900000 205.44000 38.46000 17.12100 45.99500
20 6 20 02 08 8331.60000 5.65900000 205.45000 38.45000 17.08400 45.99500
20 6 20 02 09 8329.60000 5.65900000 205.45000 38.45000 17.12100 45.99500
20 6 20 02 09 8324.50000 5.65900000 205.45000 38.45000 17.12100 45.99500
20 6 20 02 10 8323.80000 5.65900000 205.45000 38.45000 17.12100 45.99500
20 6 20 02 10 8323.80000 5.65900000 205.45000 38.45000 17.12100 45.99500
20 6 20 02 11 8327.20000 5.68200000 205.45000 38.45000 16.99600 45.99500
20 6 20 02 11 8327.20000 5.68200000 205.45000 38.45000 16.97200 45.99500
20 6 20 02 12 8329.10000 5.68200000 205.44000 38.45000 16.97800 45.99500
20 6 20 02 12 8330.90000 5.68200000 205.44000 38.46000 16.97800 45.99500
20 6 20 02 13 8332.60000 5.68200000 205.44000 38.45000 16.97800 45.99500
20 6 20 02 13 8332.60000 5.65900000 205.44000 38.45000 16.98300 45.99500
20 6 20 02 14 8332.00000 5.68200000 205.44000 38.46000 16.98300 45.99500
20 6 20 02 14 8330.40000 5.68200000 205.44000 38.45000 16.98300 45.99500
20 6 20 02 15 8330.40000 5.68200000 205.44000 38.45000 16.98300 45.99500
20 6 20 02 15 8329.50000 5.68200000 205.44000 38.45000 16.96500 45.99500
20 6 20 02 16 8329.50000 5.68200000 205.44000 38.45000 16.96500 45.99500
20 6 20 02 16 8329.50000 5.68200000 205.41000 38.46000 17.02100 45.99500
20 6 20 02 17 8329.50000 5.68200000 205.41000 38.46000 17.02100 45.99500
20 6 20 02 17 8329.10000 5.68200000 205.41000 38.45000 17.02100 45.99500
20 6 20 02 18 8325.60000 5.68200000 205.41000 38.45000 17.02100 45.99500
20 6 20 02 18 8324.20000 5.68200000 205.38000 38.45000 17.19100 45.99500
20 6 20 02 19 8331.90000 5.68200000 205.38000 38.45000 17.20800 45.99500
20 6 20 02 19 8338.00000 5.68200000 205.50000 38.45000 17.20800 45.99500
20 6 20 02 20 8335.60000 5.68200000 205.50000 38.45000 17.20800 45.99500
20 6 20 02 20 8338.40000 5.65900000 205.50000 38.46000 17.09200 45.99500
20 6 20 02 21 8336.70000 5.68200000 205.50000 38.45000 17.10800 45.99500
20 6 20 02 21 8336.20000 5.68200000 205.50000 38.45000 17.10800 45.99500
20 6 20 02 22 8335.30000 5.68200000 205.50000 38.45000 17.07200 45.99500
20 6 20 02 22 8335.30000 5.68200000 205.50000 38.45000 17.04800 45.99500
20 6 20 02 23 8330.50000 5.68200000 205.50000 38.45000 17.03700 45.99500
20 6 20 02 23 8326.00000 5.68200000 205.50000 38.45000 17.06800 45.99500
20 6 20 02 24 8326.00000 5.68200000 205.38000 38.45000 17.12900 45.99500
20 6 20 02 25 8330.40000 5.68200000 205.38000 38.45000 17.12900 45.99500
20 6 20 02 25 8327.30000 5.68200000 205.38000 38.45000 17.12300 45.99500
20 6 20 02 26 8327.30000 5.68200000 205.38000 38.45000 17.12900 45.99500
20 6 20 02 26 8329.50000 5.68200000 205.38000 38.45000 17.12900 45.99500
20 6 20 02 27 8329.50000 5.68200000 205.38000 38.45000 17.12900 45.99500
20 6 20 02 27 8329.50000 5.68200000 205.38000 38.45000 17.12900 45.99500
20 6 20 02 28 8333.60000 5.68200000 205.38000 38.45000 17.08200 45.99500
20 6 20 02 28 8333.60000 5.68200000 205.38000 38.45000 17.08200 45.99500
20 6 20 02 29 8333.60000 5.68200000 205.38000 38.45000 16.98100 45.99500
20 6 20 02 29 8333.60000 5.68200000 205.38000 38.45000 16.98100 45.99500
20 6 20 02 30 8333.60000 5.68200000 205.38000 38.45000 16.98100 45.99500
20 6 20 02 30 8333.60000 5.68200000 205.38000 38.45000 16.84000 45.99500
20 6 20 02 31 8333.60000 5.68200000 205.37000 38.46000 16.81200 45.99500
20 6 20 02 31 8333.60000 5.68200000 205.38000 38.40000 16.81200 45.99500
20 6 20 02 31 8333.60000 5.68200000 205.37000 38.40000 16.81200 45.99500
20 6 20 02 32 8333.60000 5.65900000 205.37000 38.40000 16.81200 45.99500
20 6 20 02 32 8337.70000 5.68200000 205.38000 38.40000 16.77900 45.99500
20 6 20 02 33 8337.70000 5.68200000 205.38000 38.40000 16.77900 45.99500
20 6 20 02 33 8337.60000 5.68200000 205.41000 38.40000 16.77900 45.99500
20 6 20 02 34 8336.50000 5.68200000 205.41000 38.40000 16.77900 45.99500
20 6 20 02 34 8335.60000 5.68200000 205.41000 38.40000 16.77900 45.99500
20 6 20 02 35 8333.50000 5.68200000 205.41000 38.40000 16.69900 45.99500
20 6 20 02 35 8333.50000 5.68200000 205.41000 38.40000 16.68300 45.99500
20 6 20 02 36 8333.50000 5.68200000 205.24000 38.40000 16.68300 45.99500
20 6 20 02 36 8333.50000 5.68200000 205.24000 38.40000 16.68300 45.99500
20 6 20 02 37 8333.50000 5.68200000 205.24000 38.40000 16.68300 45.99500
20 6 20 02 37 8333.50000 5.68200000 205.24000 38.40000 16.65000 45.99500
20 6 20 02 38 8331.80000 5.65900000 205.38000 38.40000 16.65000 45.99500
20 6 20 02 38 8331.80000 5.68200000 205.38000 38.40000 16.65000 45.99500
20 6 20 02 39 8332.50000 5.68200000 205.38000 38.40000 16.65000 45.99500
20 6 20 02 39 8332.50000 5.68200000 205.38000 38.40000 16.64800 45.99500
20 6 20 02 40 8330.70000 5.68200000 205.33000 38.40000 16.64800 45.99500
20 6 20 02 40 8331.20000 5.68200000 205.33000 38.40000 16.60300 45.99500
20 6 20 02 41 8330.70000 5.68200000 205.33000 38.40000 16.60300 45.99500
20 6 20 02 41 8330.70000 5.68200000 205.33000 38.43000 16.60300 45.99500
20 6 20 02 42 8330.70000 5.68200000 205.33000 38.43000 16.60300 45.99500
20 6 20 02 42 8333.00000 5.68200000 205.33000 38.43000 16.60300 45.99500
20 6 20 02 43 8336.10000 5.68200000 205.33000 38.43000 16.60300 45.99500
20 6 20 02 43 8336.10000 5.68200000 205.33000 38.43000 16.60300 45.99500
20 6 20 02 44 8335.90000 5.68200000 205.33000 38.43000 16.60300 45.99500
20 6 20 02 45 8335.90000 5.68200000 205.33000 38.43000 16.60300 45.99500
20 6 20 02 45 8335.90000 5.68200000 205.33000 38.43000 16.67500 45.99500
