M=[
 8 4 21 23 11 48729.20000 16.53000000 1746.64000 191.19000 41.52500 154.23700
 8 4 21 23 12 48732.20000 16.53000000 1746.64000 190.95000 41.52500 154.23700
 8 4 21 23 12 48725.80000 16.53000000 1745.84000 190.73000 41.52500 154.23700
 8 4 21 23 13 48698.70000 16.53000000 1745.00000 190.75000 41.52500 154.23700
 8 4 21 23 13 48672.90000 16.53000000 1744.98000 190.75000 41.52500 154.23700
 8 4 21 23 13 48672.90000 16.53000000 1744.99000 190.75000 41.52500 154.23700
 8 4 21 23 14 48645.60000 16.53000000 1744.82000 190.59000 41.52500 154.23700
 8 4 21 23 14 48653.40000 16.53000000 1744.82000 190.59000 41.52500 154.23700
 8 4 21 23 15 48653.40000 16.53000000 1744.82000 190.59000 41.52500 154.23700
 8 4 21 23 15 48653.40000 16.53000000 1744.82000 190.70000 41.52500 154.23700
 8 4 21 23 16 48653.40000 16.53000000 1744.82000 190.48000 41.52500 154.23700
 8 4 21 23 16 48672.80000 16.53000000 1745.00000 190.23000 41.52500 154.23700
 8 4 21 23 16 48638.60000 16.53000000 1744.99000 189.74000 41.52500 154.23700
 8 4 21 23 17 48638.70000 16.53000000 1744.94000 189.69000 41.57100 154.23700
 8 4 21 23 17 48637.60000 16.53000000 1744.82000 189.50000 41.57100 154.23700
 8 4 21 23 18 48628.90000 16.53000000 1745.00000 189.56000 41.57100 154.23700
 8 4 21 23 18 48614.10000 16.53000000 1745.00000 189.10000 41.57100 154.23700
 8 4 21 23 19 48614.10000 16.53000000 1744.99000 189.10000 41.57100 154.23700
 8 4 21 23 19 48614.00000 16.53000000 1744.99000 189.10000 41.57100 154.23700
 8 4 21 23 19 48614.00000 16.53000000 1744.99000 189.10000 41.57100 154.23700
 8 4 21 23 20 48614.10000 16.53000000 1744.80000 189.21000 41.57100 154.23700
 8 4 21 23 20 48614.10000 16.53000000 1743.65000 189.49000 41.57100 154.23700
 8 4 21 23 21 48614.00000 16.53000000 1743.66000 189.49000 41.57100 154.23700
 8 4 21 23 21 48614.00000 16.53000000 1743.65000 189.49000 41.57100 154.23700
 8 4 21 23 22 48593.70000 16.53000000 1743.03000 189.49000 41.57100 154.23700
 8 4 21 23 22 48597.30000 16.42500000 1742.01000 189.49000 41.57100 154.23700
 8 4 21 23 22 48574.90000 16.39900000 1741.43000 189.49000 41.57100 154.23700
 8 4 21 23 23 48576.10000 16.39900000 1742.27000 189.26000 41.61300 154.23700
 8 4 21 23 23 48611.80000 16.39900000 1742.37000 189.29000 41.61300 154.23700
 8 4 21 23 24 48611.90000 16.43000000 1743.51000 189.46000 41.61300 154.23700
 8 4 21 23 24 48611.80000 16.43000000 1743.49000 189.46000 41.61300 154.23700
 8 4 21 23 25 48611.80000 16.40600000 1743.50000 189.46000 41.61300 154.49800
 8 4 21 23 25 48611.80000 16.40600000 1743.50000 189.31000 41.61300 154.49800
 8 4 21 23 25 48611.80000 16.40600000 1743.50000 189.31000 41.61300 154.49800
 8 4 21 23 26 48591.80000 16.40600000 1743.50000 189.31000 41.61300 154.49800
 8 4 21 23 26 48591.80000 16.40600000 1743.50000 189.31000 41.61300 154.49800
 8 4 21 23 27 48591.90000 16.40600000 1743.50000 189.31000 41.61300 154.49800
 8 4 21 23 27 48591.90000 16.44700000 1743.50000 189.31000 41.61300 154.49800
 8 4 21 23 28 48591.80000 16.44700000 1743.50000 189.31000 41.56200 154.49800
 8 4 21 23 28 48591.90000 16.44700000 1742.72000 189.52000 41.56200 154.49800
 8 4 21 23 28 48591.90000 16.44700000 1743.27000 189.52000 41.56200 154.49800
 8 4 21 23 29 48591.80000 16.44700000 1743.27000 189.74000 41.56200 154.49800
 8 4 21 23 29 48591.80000 16.44700000 1743.27000 189.66000 41.72900 154.49800
 8 4 21 23 30 48591.90000 16.44700000 1743.27000 189.66000 41.72900 155.00000
 8 4 21 23 30 48591.80000 16.44700000 1743.27000 189.66000 41.72900 155.00000
 8 4 21 23 31 48591.90000 16.44700000 1743.27000 189.66000 41.72900 155.00000
 8 4 21 23 31 48582.30000 16.44700000 1743.27000 189.66000 41.72900 155.00000
 8 4 21 23 31 48582.30000 16.44700000 1743.27000 189.66000 41.73000 155.00000
 8 4 21 23 32 48575.50000 16.44700000 1743.27000 189.65000 41.73000 155.00000
 8 4 21 23 32 48575.50000 16.44700000 1742.29000 189.65000 41.73000 155.00000
 8 4 21 23 33 48571.90000 16.44700000 1742.29000 189.65000 41.73000 155.00000
 8 4 21 23 33 48586.30000 16.44700000 1741.84000 189.65000 41.73000 155.00000
 8 4 21 23 34 48586.30000 16.44700000 1741.84000 189.65000 41.73000 155.00000
 8 4 21 23 34 48586.30000 16.44700000 1741.39000 189.65000 41.73000 155.00000
 8 4 21 23 34 48568.80000 16.44700000 1741.38000 189.65000 41.73000 155.42200
 8 4 21 23 35 48539.30000 16.44700000 1741.38000 189.26000 41.73000 155.42200
 8 4 21 23 35 48539.30000 16.44700000 1741.07000 189.63000 41.73000 155.42200
 8 4 21 23 36 48568.40000 16.44700000 1741.07000 189.63000 41.73000 155.42200
 8 4 21 23 36 48611.90000 16.44700000 1743.11000 189.63000 41.73000 155.42200
 8 4 21 23 37 48611.90000 16.44700000 1743.11000 189.63000 41.73000 155.42200
 8 4 21 23 37 48638.00000 16.44700000 1744.75000 189.63000 41.85000 155.42200
 8 4 21 23 37 48637.90000 16.44700000 1744.75000 189.63000 41.85000 155.42200
 8 4 21 23 38 48637.90000 16.44700000 1745.00000 189.63000 41.85100 155.42200
 8 4 21 23 38 48638.00000 16.44700000 1745.00000 189.77000 41.85100 155.42200
 8 4 21 23 39 48642.40000 16.44700000 1744.99000 189.78000 41.85100 155.42200
 8 4 21 23 39 48642.30000 16.44700000 1744.99000 189.78000 41.85100 155.42200
 8 4 21 23 40 48642.40000 16.44700000 1745.00000 189.78000 41.85100 155.42200
 8 4 21 23 40 48664.50000 16.44700000 1746.63000 189.78000 41.85100 155.42200
 8 4 21 23 40 48675.40000 16.44700000 1746.63000 189.78000 41.85100 155.42200
 8 4 21 23 41 48675.30000 16.44700000 1746.63000 189.78000 41.85100 155.42200
 8 4 21 23 41 48682.50000 16.44700000 1746.63000 190.00000 41.85100 155.42200
 8 4 21 23 42 48682.50000 16.38200000 1747.00000 190.00000 41.85100 155.42200
 8 4 21 23 42 48703.60000 16.38200000 1747.99000 190.00000 41.85100 155.42200
 8 4 21 23 43 48703.60000 16.38200000 1748.61000 190.56000 41.85100 155.42200
 8 4 21 23 43 48721.50000 16.35500000 1749.53000 190.06000 41.85100 155.42200
 8 4 21 23 43 48721.50000 16.35500000 1749.55000 190.26000 41.85100 155.42200
 8 4 21 23 44 48721.50000 16.35500000 1748.54000 190.21000 41.75500 155.42200
 8 4 21 23 44 48721.50000 16.35500000 1749.37000 190.21000 41.75500 155.42200
 8 4 21 23 45 48721.50000 16.35500000 1749.36000 190.21000 41.75500 155.42200
 8 4 21 23 45 48721.50000 16.35500000 1749.37000 190.21000 41.75500 155.42200
 8 4 21 23 46 48721.50000 16.35500000 1749.37000 190.06000 41.75500 155.42200
 8 4 21 23 46 48696.50000 16.35500000 1746.11000 190.06000 41.75500 155.42200
 8 4 21 23 46 48696.50000 16.35500000 1746.73000 190.06000 41.75500 155.42200
 8 4 21 23 47 48696.50000 16.35500000 1745.95000 190.06000 41.75500 155.42200
 8 4 21 23 47 48696.50000 16.35500000 1745.95000 190.06000 41.75500 155.42200
 8 4 21 23 48 48696.40000 16.35500000 1746.04000 190.06000 41.75500 155.42200
 8 4 21 23 48 48696.50000 16.35500000 1746.23000 189.80000 41.75500 155.42200
 8 4 21 23 49 48696.50000 16.35500000 1746.24000 189.80000 41.75500 155.42200
 8 4 21 23 49 48696.50000 16.35500000 1745.98000 189.81000 41.75500 155.15500
 8 4 21 23 49 48696.40000 16.35500000 1745.97000 189.81000 41.75500 155.31900
 8 4 21 23 50 48696.50000 16.35500000 1745.97000 189.63000 41.75500 155.31900
 8 4 21 23 50 48696.50000 16.35000000 1745.97000 189.57000 41.75500 155.31900
 8 4 21 23 51 48696.50000 16.35000000 1745.97000 189.57000 41.75500 155.31900
 8 4 21 23 51 48696.40000 16.35000000 1745.71000 189.73000 41.75500 155.31900
 8 4 21 23 52 48696.50000 16.35000000 1745.71000 189.73000 41.75500 155.31900
 8 4 21 23 52 48681.60000 16.35000000 1745.28000 189.73000 41.75500 155.28800
 8 4 21 23 52 48681.60000 16.35000000 1745.48000 189.62000 41.98900 155.28800
 8 4 21 23 53 48681.60000 16.35000000 1745.48000 189.64000 41.98900 155.14100
 8 4 21 23 53 48681.60000 16.35000000 1745.48000 189.64000 41.98900 155.14100
 8 4 21 23 54 48687.00000 16.35000000 1746.00000 189.64000 41.98900 155.14100
 8 4 21 23 54 48687.00000 16.35000000 1746.00000 189.64000 41.95200 155.14100
 8 4 21 23 55 48696.50000 16.35000000 1746.96000 189.81000 41.95200 155.14100
