M=[
 6 12 20 13 55 15629.40000 4.99900000 483.48000 66.51000 16.37900 58.00000
 6 12 20 13 55 15626.20000 4.99900000 483.54000 66.51000 16.39000 58.00000
 6 12 20 13 56 15635.00000 4.99900000 483.75000 66.51000 16.39000 58.00000
 6 12 20 13 56 15640.90000 4.99900000 483.75000 66.66000 16.37700 58.00000
 6 12 20 13 56 15649.00000 4.99900000 484.36000 66.75000 16.37700 58.00000
 6 12 20 13 57 15646.40000 4.99900000 484.43000 66.75000 16.37700 58.00000
 6 12 20 13 57 15647.80000 4.99900000 484.36000 66.75000 16.36000 58.00000
 6 12 20 13 58 15649.00000 4.99900000 484.74000 66.75000 16.36000 58.00000
 6 12 20 13 58 15649.00000 4.99900000 484.86000 67.00000 16.36000 58.00000
 6 12 20 13 59 15649.00000 4.99900000 485.01000 66.96000 16.36000 58.00000
 6 12 20 13 59 15656.60000 4.99900000 485.01000 67.00000 16.56900 58.00000
 6 12 20 13 59 15659.90000 4.99900000 485.44000 67.12000 16.56900 58.00000
 6 12 20 14 00 15660.00000 4.99900000 485.45000 67.04000 16.56900 58.00000
 6 12 20 14 00 15657.50000 4.99900000 485.46000 66.91000 16.30900 58.00000
 6 12 20 14 01 15657.50000 4.99900000 485.46000 66.97000 16.30900 58.00000
 6 12 20 14 01 15657.50000 4.99900000 485.46000 67.00000 16.30900 58.00000
 6 12 20 14 02 15659.90000 4.99900000 485.72000 67.18000 16.30900 58.00000
 6 12 20 14 02 15669.10000 5.03400000 485.87000 67.29000 16.30900 58.00000
 6 12 20 14 02 15674.90000 5.03400000 486.22000 67.29000 16.30900 58.00000
 6 12 20 14 03 15674.80000 5.03400000 486.29000 67.27000 16.30900 58.00000
 6 12 20 14 03 15676.60000 5.02900000 486.22000 67.27000 16.30900 58.00000
 6 12 20 14 04 15673.60000 5.02900000 486.22000 67.27000 16.52900 58.00000
 6 12 20 14 04 15666.60000 5.02900000 485.97000 67.22000 16.32800 58.00000
 6 12 20 14 05 15670.20000 5.02900000 485.97000 67.26000 16.32800 58.00000
 6 12 20 14 05 15679.70000 5.02900000 486.41000 67.38000 16.32800 58.37800
 6 12 20 14 05 15690.00000 5.02900000 486.80000 67.36000 16.32800 58.37800
 6 12 20 14 06 15689.90000 5.02900000 486.58000 67.35000 16.32800 58.37900
 6 12 20 14 06 15693.90000 5.02900000 486.65000 67.34000 16.32800 58.37900
 6 12 20 14 07 15687.80000 5.02900000 486.42000 67.34000 16.32800 58.37900
 6 12 20 14 07 15685.90000 5.02900000 486.42000 67.34000 16.32800 58.37800
 6 12 20 14 08 15685.90000 5.02900000 486.16000 67.28000 16.30900 58.37800
 6 12 20 14 08 15670.00000 5.02900000 486.16000 67.28000 15.94800 58.37800
 6 12 20 14 08 15669.90000 5.02900000 486.20000 67.28000 15.94800 58.37800
 6 12 20 14 09 15669.90000 5.02900000 486.18000 67.28000 16.23000 58.37800
 6 12 20 14 09 15670.00000 5.02900000 486.18000 67.28000 16.23500 58.37800
 6 12 20 14 10 15670.00000 5.02900000 486.19000 67.28000 16.21400 58.37800
 6 12 20 14 10 15670.00000 5.02900000 486.31000 67.28000 16.21400 58.37800
 6 12 20 14 11 15670.00000 5.02900000 486.31000 67.30000 16.19700 58.37800
 6 12 20 14 11 15670.00000 5.02900000 486.27000 67.25000 16.19700 58.37800
 6 12 20 14 11 15672.70000 5.02900000 486.26000 67.25000 16.19700 58.37800
 6 12 20 14 12 15676.80000 5.02900000 486.10000 67.25000 16.18100 58.37800
 6 12 20 14 12 15690.50000 5.02900000 486.10000 67.26000 16.18100 58.37800
 6 12 20 14 13 15686.50000 5.02900000 486.31000 67.26000 16.16500 58.37800
 6 12 20 14 13 15684.40000 5.02900000 486.31000 67.24000 16.16500 58.37800
 6 12 20 14 14 15694.60000 5.02900000 486.31000 67.24000 16.14300 58.37800
 6 12 20 14 14 15694.50000 5.02900000 486.31000 67.24000 16.08000 58.37800
 6 12 20 14 14 15693.20000 5.02900000 486.31000 67.24000 16.03400 58.37800
 6 12 20 14 15 15691.10000 5.02900000 486.31000 67.24000 16.03400 58.37800
 6 12 20 14 15 15680.90000 5.02900000 486.10000 67.24000 15.82900 58.37800
 6 12 20 14 16 15683.10000 5.02900000 486.31000 67.24000 16.02000 58.37800
 6 12 20 14 16 15680.20000 5.02900000 486.31000 67.24000 16.02000 58.37800
 6 12 20 14 17 15690.40000 5.02900000 486.23000 67.24000 15.93400 58.37800
 6 12 20 14 17 15686.10000 5.02900000 486.23000 67.24000 15.93400 58.37800
 6 12 20 14 17 15685.90000 5.02900000 486.19000 67.24000 15.93400 58.37800
 6 12 20 14 18 15684.20000 5.02900000 486.19000 67.20000 16.03900 58.37800
 6 12 20 14 18 15686.60000 5.02900000 486.19000 67.27000 15.98800 58.37800
 6 12 20 14 19 15689.40000 5.02900000 486.30000 67.22000 15.97200 58.37800
 6 12 20 14 19 15692.60000 5.02900000 486.30000 67.22000 15.97200 58.37800
 6 12 20 14 20 15696.40000 5.02900000 486.31000 67.30000 15.84600 58.37800
 6 12 20 14 20 15710.00000 5.02900000 487.20000 67.37000 15.84600 58.37800
 6 12 20 14 20 15739.90000 5.02900000 487.99000 67.50000 15.97200 58.37800
 6 12 20 14 21 15744.70000 5.02900000 488.00000 67.54000 15.97100 58.37800
 6 12 20 14 21 15744.10000 5.02900000 488.00000 67.54000 15.97100 58.49800
 6 12 20 14 22 15743.20000 5.02900000 487.99000 67.54000 15.97100 58.49800
 6 12 20 14 22 15734.80000 5.02900000 488.00000 67.54000 15.97100 58.49800
 6 12 20 14 22 15744.80000 5.02900000 488.00000 67.54000 15.97100 58.49800
 6 12 20 14 23 15745.80000 5.02900000 487.99000 67.60000 15.97100 58.49800
 6 12 20 14 23 15750.00000 5.02900000 488.00000 67.62000 16.00200 58.49800
 6 12 20 14 24 15743.90000 5.02900000 488.00000 67.62000 16.00400 58.49800
 6 12 20 14 24 15750.00000 5.02900000 488.59000 67.62000 16.00400 58.49800
 6 12 20 14 25 15748.80000 5.02900000 488.41000 67.62000 16.00400 58.49800
 6 12 20 14 25 15748.80000 5.02900000 488.53000 67.63000 16.00400 58.49800
 6 12 20 14 25 15748.70000 5.02900000 488.53000 67.67000 15.94100 58.49800
 6 12 20 14 26 15750.50000 5.02900000 488.90000 67.68000 16.00300 58.49800
 6 12 20 14 26 15765.80000 5.02900000 488.90000 67.74000 16.00400 58.49800
 6 12 20 14 27 15763.00000 5.02900000 489.01000 67.73000 16.00400 58.49800
 6 12 20 14 27 15760.50000 5.02900000 489.27000 67.73000 16.00400 58.49800
 6 12 20 14 28 15762.10000 5.02900000 489.52000 67.73000 15.88500 58.49800
 6 12 20 14 28 15759.80000 5.02900000 489.33000 67.74000 16.00200 58.49800
 6 12 20 14 28 15760.20000 5.02900000 489.33000 67.75000 16.00200 58.49800
 6 12 20 14 29 15755.90000 5.02900000 489.25000 67.75000 16.00200 58.49800
 6 12 20 14 29 15756.40000 5.02900000 489.25000 67.75000 16.00200 58.49800
 6 12 20 14 30 15759.00000 5.02900000 488.86000 67.75000 16.00100 58.49800
 6 12 20 14 30 15756.30000 5.02900000 488.98000 67.75000 16.00100 58.49800
 6 12 20 14 31 15756.30000 5.02900000 488.98000 67.75000 16.00200 58.49800
 6 12 20 14 31 15756.80000 5.02900000 488.89000 67.75000 16.00200 58.49800
 6 12 20 14 31 15758.60000 5.02900000 488.90000 67.71000 16.00200 58.49800
 6 12 20 14 32 15764.90000 5.02900000 489.57000 67.77000 16.00200 58.49800
 6 12 20 14 32 15778.90000 5.02900000 490.60000 67.84000 16.00400 58.49800
 6 12 20 14 33 15771.90000 5.02900000 490.42000 67.87000 16.00400 58.49800
 6 12 20 14 33 15767.10000 5.02900000 490.42000 67.87000 16.00400 58.49800
 6 12 20 14 34 15776.80000 5.02900000 490.66000 67.87000 16.00400 58.49800
 6 12 20 14 34 15771.90000 5.02900000 490.56000 67.85000 16.05000 58.49800
 6 12 20 14 34 15761.80000 5.02900000 490.13000 67.70000 16.06200 58.49800
 6 12 20 14 35 15769.80000 5.02900000 490.13000 67.70000 16.06200 58.49800
 6 12 20 14 35 15769.80000 5.02900000 490.13000 67.70000 16.06200 58.49800
 6 12 20 14 36 15769.80000 5.02900000 490.42000 67.70000 16.06200 58.49800
 6 12 20 14 36 15771.50000 5.02900000 490.73000 67.78000 16.06200 58.49800
 6 12 20 14 37 15773.10000 5.02900000 490.85000 67.77000 16.06200 58.49800
 6 12 20 14 37 15772.80000 5.02900000 491.22000 67.77000 16.06200 58.49800
 6 12 20 14 37 15774.20000 5.02900000 491.18000 67.82000 16.06200 58.49800
 6 12 20 14 38 15778.30000 5.02900000 491.18000 67.86000 16.06200 58.49800
 6 12 20 14 38 15772.00000 5.02900000 491.18000 67.86000 16.23600 58.49800
 6 12 20 14 39 15775.60000 5.02900000 491.18000 67.86000 16.23600 58.49800
 6 12 20 14 39 15775.60000 5.02900000 490.99000 67.88000 16.23600 58.49800
 6 12 20 14 40 15774.70000 5.02900000 490.99000 67.88000 16.23600 58.49800
