M=[
23 6 20 18 11 8539.20000 5.67200000 215.41000 39.15000 15.80300 51.91800
23 6 20 18 12 8539.20000 5.67200000 215.38000 39.15000 15.80300 51.91800
23 6 20 18 12 8539.40000 5.67200000 215.39000 39.15000 15.80300 51.91600
23 6 20 18 13 8539.40000 5.67200000 215.41000 39.16000 15.80300 51.91600
23 6 20 18 13 8539.60000 5.67200000 215.41000 39.16000 15.80300 51.83000
23 6 20 18 14 8539.90000 5.67200000 215.40000 39.16000 15.80300 51.74200
23 6 20 18 14 8539.90000 5.67200000 215.40000 39.16000 15.80300 51.74200
23 6 20 18 15 8540.70000 5.67200000 215.43000 39.16000 15.80300 51.69000
23 6 20 18 15 8540.30000 5.67200000 215.43000 39.16000 15.80300 51.64500
23 6 20 18 16 8540.30000 5.67200000 215.39000 39.16000 15.80300 51.64500
23 6 20 18 16 8540.20000 5.67200000 215.41000 39.16000 15.80300 51.67100
23 6 20 18 17 8540.30000 5.67200000 215.41000 39.16000 15.80300 51.78800
23 6 20 18 17 8542.40000 5.67200000 215.57000 39.16000 15.80300 51.78800
23 6 20 18 18 8544.20000 5.67200000 215.57000 39.17000 15.80300 51.78800
23 6 20 18 18 8544.50000 5.67200000 215.57000 39.17000 15.80300 51.78800
23 6 20 18 19 8544.80000 5.67200000 215.57000 39.17000 15.80300 51.78800
23 6 20 18 19 8544.80000 5.67200000 215.57000 39.17000 15.80300 52.10000
23 6 20 18 20 8547.80000 5.67200000 215.68000 39.17000 15.80300 52.10000
23 6 20 18 20 8548.10000 5.67200000 215.74000 39.17000 15.80300 52.10000
23 6 20 18 21 8548.10000 5.67200000 215.69000 39.17000 15.80300 52.10000
23 6 20 18 21 8549.70000 5.67200000 215.69000 39.17000 15.80300 52.10000
23 6 20 18 22 8549.40000 5.67200000 215.74000 39.17000 15.80300 51.86600
23 6 20 18 22 8550.50000 5.67200000 215.69000 39.17000 15.80300 51.86600
23 6 20 18 23 8551.20000 5.67200000 215.78000 39.17000 15.80300 51.86600
23 6 20 18 23 8549.80000 5.67200000 215.71000 39.17000 15.80300 51.86600
23 6 20 18 24 8550.70000 5.67200000 215.75000 39.22000 15.80300 51.86600
23 6 20 18 24 8550.00000 5.67200000 215.78000 39.22000 15.80300 51.97500
23 6 20 18 25 8550.00000 5.67200000 215.75000 39.19000 15.80300 51.97500
23 6 20 18 25 8548.10000 5.67200000 215.70000 39.19000 15.80300 51.97500
23 6 20 18 26 8544.80000 5.67200000 215.70000 39.15000 15.80300 51.97500
23 6 20 18 26 8546.00000 5.67200000 215.70000 39.15000 15.80300 51.97500
23 6 20 18 27 8544.80000 5.67200000 215.70000 39.15000 15.80300 51.97500
23 6 20 18 27 8544.90000 5.67200000 215.70000 39.15000 15.80300 51.97500
23 6 20 18 28 8545.40000 5.67200000 215.70000 39.15000 15.80300 51.97500
23 6 20 18 28 8545.30000 5.67200000 215.70000 39.15000 15.80300 51.97500
23 6 20 18 29 8554.60000 5.67200000 215.78000 39.15000 15.80300 51.79000
23 6 20 18 29 8552.50000 5.67200000 215.78000 39.15000 15.80300 51.79000
23 6 20 18 30 8553.30000 5.67200000 215.82000 39.15000 15.80300 51.79000
23 6 20 18 30 8553.30000 5.67200000 215.83000 39.15000 15.81300 51.79000
23 6 20 18 31 8552.70000 5.67200000 215.86000 39.15000 15.81300 51.79000
23 6 20 18 31 8553.80000 5.67200000 215.87000 39.15000 15.81300 51.79000
23 6 20 18 32 8553.80000 5.67200000 215.87000 39.15000 15.81300 51.79000
23 6 20 18 32 8556.00000 5.67200000 215.87000 39.15000 15.72700 51.96600
23 6 20 18 33 8556.10000 5.67200000 215.87000 39.15000 15.81300 51.96600
23 6 20 18 33 8558.30000 5.67200000 215.94000 39.15000 15.81300 51.96600
23 6 20 18 34 8563.60000 5.67200000 215.99000 39.15000 15.81300 51.96600
23 6 20 18 34 8563.50000 5.67200000 215.99000 39.15000 15.79400 51.96600
23 6 20 18 35 8563.40000 5.67200000 216.01000 39.23000 15.79400 51.92300
23 6 20 18 35 8562.80000 5.67200000 216.01000 39.23000 15.79400 51.92300
23 6 20 18 36 8560.30000 5.67200000 216.01000 39.21000 15.79400 51.92300
23 6 20 18 36 8560.30000 5.67200000 216.01000 39.21000 15.79400 51.92300
23 6 20 18 37 8560.30000 5.67200000 216.01000 39.21000 15.79400 51.92300
23 6 20 18 37 8560.30000 5.67200000 216.01000 39.21000 15.79400 51.92300
23 6 20 18 38 8561.00000 5.67200000 216.01000 39.21000 15.70000 51.92300
23 6 20 18 38 8565.40000 5.67200000 216.01000 39.21000 15.70000 51.90600
23 6 20 18 39 8566.70000 5.67200000 216.05000 39.21000 15.70000 51.90600
23 6 20 18 39 8563.50000 5.67200000 216.07000 39.21000 15.70000 51.90600
23 6 20 18 40 8563.60000 5.67200000 216.07000 39.21000 15.70000 51.90600
23 6 20 18 40 8563.60000 5.67200000 216.07000 39.21000 15.70000 51.76200
23 6 20 18 41 8560.40000 5.67200000 216.04000 39.21000 15.70000 51.73100
23 6 20 18 41 8563.70000 5.67200000 216.01000 39.21000 15.70000 51.73100
23 6 20 18 42 8563.50000 5.67200000 216.01000 39.21000 15.70000 51.73100
23 6 20 18 42 8561.30000 5.67200000 216.01000 39.21000 15.70000 51.73100
23 6 20 18 43 8560.90000 5.67200000 216.01000 39.21000 15.70000 51.73100
23 6 20 18 43 8563.20000 5.67200000 216.00000 39.21000 15.70000 51.73100
23 6 20 18 44 8564.30000 5.67200000 216.01000 39.21000 15.70300 51.73100
23 6 20 18 44 8566.50000 5.67300000 216.01000 39.21000 15.70300 51.73100
23 6 20 18 45 8564.60000 5.67300000 216.06000 39.21000 15.70300 51.73100
23 6 20 18 45 8564.50000 5.67300000 216.06000 39.15000 15.70300 51.73100
23 6 20 18 46 8568.10000 5.67300000 216.09000 39.15000 15.70300 51.75800
23 6 20 18 46 8568.10000 5.67300000 216.09000 39.15000 15.70000 51.75800
23 6 20 18 47 8567.30000 5.67300000 216.09000 39.15000 15.70300 51.75800
23 6 20 18 47 8565.60000 5.67300000 216.10000 39.15000 15.70300 51.75800
23 6 20 18 48 8564.50000 5.67300000 216.00000 39.15000 15.70000 51.75800
23 6 20 18 48 8565.20000 5.67300000 216.03000 39.15000 15.70000 51.75800
23 6 20 18 49 8565.20000 5.67300000 216.03000 39.15000 15.70000 51.75800
23 6 20 18 49 8565.30000 5.67300000 215.89000 39.15000 15.70000 51.75800
23 6 20 18 50 8561.90000 5.67300000 215.96000 39.15000 15.70000 51.75800
23 6 20 18 50 8563.00000 5.67300000 215.96000 39.15000 15.67000 51.75800
23 6 20 18 51 8561.30000 5.67300000 215.96000 39.15000 15.64000 51.75800
23 6 20 18 52 8562.30000 5.67300000 215.96000 39.15000 15.62100 51.75800
23 6 20 18 52 8560.30000 5.67200000 215.91000 39.15000 15.62100 51.65100
23 6 20 18 52 8562.30000 5.67200000 215.91000 39.15000 15.62100 51.65100
23 6 20 18 53 8561.90000 5.67200000 215.91000 39.15000 15.62100 51.65100
23 6 20 18 53 8562.00000 5.67200000 215.91000 39.15000 15.62100 51.65100
23 6 20 18 54 8553.90000 5.67200000 216.00000 39.17000 15.62100 51.65100
23 6 20 18 55 8551.70000 5.67200000 215.88000 39.17000 15.62100 51.65100
23 6 20 18 55 8548.20000 5.67200000 215.88000 39.17000 15.62100 51.65100
23 6 20 18 56 8548.20000 5.67200000 215.70000 39.17000 15.62100 51.61300
23 6 20 18 56 8546.10000 5.67200000 215.69000 39.17000 15.62100 51.61300
23 6 20 18 57 8546.10000 5.67200000 215.58000 39.17000 15.62100 51.61300
23 6 20 18 57 8546.00000 5.67200000 215.57000 39.17000 15.62100 51.61300
23 6 20 18 58 8546.10000 5.67200000 215.65000 39.17000 15.62100 51.63900
23 6 20 18 58 8547.10000 5.67200000 215.65000 39.17000 15.62100 51.83900
23 6 20 18 59 8545.30000 5.67200000 215.91000 39.18000 15.66600 52.49900
23 6 20 18 59 8547.00000 5.67200000 215.92000 39.23000 15.66600 52.61600
23 6 20 19 00 8546.50000 5.67200000 215.78000 39.18000 15.66000 52.29900
23 6 20 19 00 8546.60000 5.67200000 215.78000 39.18000 15.66000 52.20500
23 6 20 19 01 8545.70000 5.67200000 215.84000 39.18000 15.66000 53.04700
23 6 20 19 01 8550.00000 5.67200000 216.07000 39.18000 15.66000 52.92700
23 6 20 19 02 8550.00000 5.67200000 216.15000 39.18000 15.66000 52.87300
23 6 20 19 02 8549.90000 5.67200000 216.20000 39.18000 15.66000 52.87200
23 6 20 19 03 8550.00000 5.67200000 216.25000 39.18000 15.66000 53.04000
23 6 20 19 03 8550.00000 5.67200000 216.42000 39.18000 15.62100 52.95500
23 6 20 19 04 8550.00000 5.67200000 216.42000 39.18000 15.62100 52.95500
23 6 20 19 04 8549.90000 5.67200000 216.48000 39.18000 15.62100 52.71100
23 6 20 19 05 8552.50000 5.67200000 216.42000 39.18000 15.62100 52.71100
23 6 20 19 05 8552.50000 5.67200000 216.32000 39.18000 15.62100 52.71100
23 6 20 19 06 8550.10000 5.67200000 216.36000 39.18000 15.62100 52.62500
