M=[
 9 2 21 14 35 38263.50000 7.49800000 1440.31000 138.32000 20.40500 84.85300
 9 2 21 14 35 38269.20000 7.49800000 1440.01000 138.36000 20.40500 84.93400
 9 2 21 14 35 38299.30000 7.49800000 1439.86000 138.41000 20.40500 84.93400
 9 2 21 14 36 38287.20000 7.49800000 1439.63000 138.27000 20.40500 84.93400
 9 2 21 14 36 38335.00000 7.49800000 1440.26000 138.29000 20.22000 85.07700
 9 2 21 14 37 38338.30000 7.49800000 1440.23000 138.45000 20.22000 85.07700
 9 2 21 14 37 38427.70000 7.51000000 1440.59000 138.53000 20.22000 85.07700
 9 2 21 14 38 38416.40000 7.51000000 1440.59000 138.52000 20.22000 85.07700
 9 2 21 14 38 38416.40000 7.51000000 1441.99000 138.67000 20.22000 85.07700
 9 2 21 14 38 38470.10000 7.51000000 1442.83000 138.64000 20.22000 85.07700
 9 2 21 14 39 38452.70000 7.51000000 1444.11000 138.64000 20.22000 85.07700
 9 2 21 14 39 38458.70000 7.51000000 1444.01000 138.78000 20.22000 85.07700
 9 2 21 14 40 38451.10000 7.54700000 1444.01000 138.77000 20.22000 85.01400
 9 2 21 14 40 38422.20000 7.54700000 1442.80000 138.73000 20.39600 85.01400
 9 2 21 14 41 38437.80000 7.54700000 1442.56000 138.58000 20.13300 85.01400
 9 2 21 14 41 38421.90000 7.54700000 1441.96000 138.69000 20.13300 85.01400
 9 2 21 14 41 38420.10000 7.54700000 1442.58000 138.69000 20.13300 85.11200
 9 2 21 14 42 38420.00000 7.54700000 1443.34000 138.64000 20.13300 85.14800
 9 2 21 14 42 38420.10000 7.54700000 1443.13000 138.69000 20.13300 85.14800
 9 2 21 14 43 38395.70000 7.54700000 1443.77000 138.64000 20.13300 85.14800
 9 2 21 14 43 38363.50000 7.54700000 1443.59000 138.64000 20.13300 85.14800
 9 2 21 14 44 38358.90000 7.54700000 1443.64000 138.44000 20.13300 85.14800
 9 2 21 14 44 38340.40000 7.54700000 1443.06000 138.47000 20.13300 85.14800
 9 2 21 14 44 38300.00000 7.55000000 1441.13000 138.40000 20.13300 85.14800
 9 2 21 14 45 38316.90000 7.55000000 1441.60000 138.39000 20.13300 85.14800
 9 2 21 14 45 38325.50000 7.55000000 1441.87000 138.41000 20.13300 85.14800
 9 2 21 14 46 38330.10000 7.55000000 1441.80000 138.41000 20.13300 85.14800
 9 2 21 14 46 38313.80000 7.55000000 1441.02000 138.41000 20.13300 85.30000
 9 2 21 14 47 38311.30000 7.55000000 1440.60000 138.41000 20.13300 85.30000
 9 2 21 14 47 38310.40000 7.55000000 1440.48000 138.39000 20.13300 85.30000
 9 2 21 14 47 38300.10000 7.57900000 1440.09000 138.38000 20.40500 85.30000
 9 2 21 14 48 38300.00000 7.57900000 1439.62000 138.38000 20.40500 85.30000
 9 2 21 14 48 38275.00000 7.57900000 1439.42000 138.38000 20.40500 85.30000
 9 2 21 14 49 38262.70000 7.59500000 1439.76000 138.38000 20.40500 85.57900
 9 2 21 14 49 38263.90000 7.59500000 1440.00000 138.37000 20.40500 85.58000
 9 2 21 14 50 38249.30000 7.59500000 1439.13000 138.37000 20.40500 85.77200
 9 2 21 14 50 38300.00000 7.60800000 1440.26000 138.37000 20.40500 85.77200
 9 2 21 14 50 38268.60000 7.60800000 1440.13000 138.37000 20.51200 85.77200
 9 2 21 14 51 38268.50000 7.60800000 1439.72000 138.39000 20.51200 85.77200
 9 2 21 14 51 38290.60000 7.60800000 1440.26000 138.39000 20.51200 85.65200
 9 2 21 14 52 38299.50000 7.60800000 1439.57000 138.39000 20.51200 85.65200
 9 2 21 14 52 38300.20000 7.60800000 1440.67000 138.57000 20.51200 85.71600
 9 2 21 14 53 38301.60000 7.58500000 1441.08000 138.60000 20.51200 85.91000
 9 2 21 14 53 38305.40000 7.59100000 1442.25000 138.62000 20.51200 86.18300
 9 2 21 14 53 38320.20000 7.59100000 1441.87000 138.62000 20.71900 86.18300
 9 2 21 14 54 38324.50000 7.59100000 1443.22000 138.68000 20.51300 86.26500
 9 2 21 14 54 38350.00000 7.63300000 1442.44000 138.62000 20.51300 86.26500
 9 2 21 14 55 38411.50000 7.63200000 1444.13000 138.62000 20.51300 86.26500
 9 2 21 14 55 38408.90000 7.63200000 1445.00000 138.75000 20.72200 86.26500
 9 2 21 14 56 38408.60000 7.63200000 1446.98000 138.73000 20.72200 86.26500
 9 2 21 14 56 38476.30000 7.63200000 1451.24000 139.03000 20.51600 85.99100
 9 2 21 14 56 38524.70000 7.60200000 1452.36000 139.04000 20.51600 85.99100
 9 2 21 14 57 38586.60000 7.60200000 1452.10000 139.22000 20.52100 86.05100
 9 2 21 14 57 38599.90000 7.60200000 1453.64000 139.45000 20.52100 86.05100
 9 2 21 14 58 38606.20000 7.60200000 1453.74000 139.54000 20.52100 85.82300
 9 2 21 14 58 38634.00000 7.60200000 1453.04000 139.64000 20.51500 85.82300
 9 2 21 14 59 38635.90000 7.60200000 1452.82000 139.64000 20.51500 85.82500
 9 2 21 14 59 38611.50000 7.60200000 1452.10000 139.59000 20.51200 85.82500
 9 2 21 14 59 38586.80000 7.62500000 1452.97000 139.51000 20.51200 85.82500
 9 2 21 15 00 38624.80000 7.60300000 1453.01000 139.59000 20.51200 86.01200
 9 2 21 15 00 38586.50000 7.60300000 1452.34000 139.59000 20.51200 86.30100
 9 2 21 15 01 38566.50000 7.60300000 1452.13000 139.59000 20.33900 86.56100
 9 2 21 15 01 38582.90000 7.60300000 1452.33000 139.51000 20.33900 86.56100
 9 2 21 15 02 38581.30000 7.60300000 1452.99000 139.35000 20.33900 86.70000
 9 2 21 15 02 38575.00000 7.61100000 1453.58000 139.35000 20.33900 86.70000
 9 2 21 15 02 38524.80000 7.61100000 1453.00000 139.18000 20.33900 86.70000
 9 2 21 15 03 38517.00000 7.61100000 1453.03000 139.26000 20.33900 86.80000
 9 2 21 15 03 38500.20000 7.60200000 1452.62000 139.26000 20.63900 86.83400
 9 2 21 15 04 38500.00000 7.60200000 1452.02000 139.25000 20.25100 86.80900
 9 2 21 15 04 38500.10000 7.59600000 1450.01000 139.03000 20.25100 86.80900
 9 2 21 15 05 38474.00000 7.59600000 1449.87000 139.03000 20.64000 86.80900
 9 2 21 15 05 38454.80000 7.60100000 1448.83000 138.81000 20.64000 86.80900
 9 2 21 15 05 38446.50000 7.59100000 1449.46000 138.81000 20.53000 86.90000
 9 2 21 15 06 38433.10000 7.59100000 1448.11000 138.81000 20.13700 86.89600
 9 2 21 15 06 38442.90000 7.59100000 1449.25000 138.81000 20.13200 86.89600
 9 2 21 15 07 38448.50000 7.59100000 1448.76000 138.81000 20.13200 86.89600
 9 2 21 15 07 38452.90000 7.59100000 1448.18000 138.85000 20.13200 86.89600
 9 2 21 15 08 38452.90000 7.59100000 1449.37000 138.85000 20.13200 86.89600
 9 2 21 15 08 38451.70000 7.59100000 1450.69000 138.78000 20.00100 86.89600
 9 2 21 15 08 38471.10000 7.59100000 1451.46000 138.78000 20.00100 86.89600
 9 2 21 15 09 38491.40000 7.59100000 1450.62000 138.78000 20.00100 86.80000
 9 2 21 15 09 38565.10000 7.59400000 1451.85000 138.90000 20.00100 86.80000
 9 2 21 15 10 38564.80000 7.59100000 1450.96000 138.89000 20.00100 86.80000
 9 2 21 15 10 38500.00000 7.59100000 1449.20000 138.75000 20.02900 86.80000
 9 2 21 15 11 38541.20000 7.56100000 1450.22000 138.95000 20.03000 86.56500
 9 2 21 15 11 38514.70000 7.56700000 1449.96000 138.89000 20.37200 86.56500
 9 2 21 15 11 38500.10000 7.56700000 1449.35000 138.85000 20.37200 86.56500
 9 2 21 15 12 38500.10000 7.58300000 1449.33000 138.87000 20.37200 86.61500
 9 2 21 15 12 38509.90000 7.58300000 1449.45000 138.87000 20.37200 86.61500
 9 2 21 15 13 38500.30000 7.58300000 1449.41000 138.95000 20.37200 86.61500
 9 2 21 15 13 38489.90000 7.58300000 1449.01000 138.95000 20.37200 86.61500
 9 2 21 15 14 38456.80000 7.58300000 1448.09000 138.95000 20.37400 86.61500
 9 2 21 15 14 38458.70000 7.58300000 1448.23000 138.95000 20.37400 86.61500
 9 2 21 15 14 38466.80000 7.58300000 1448.40000 138.85000 20.37400 86.20400
 9 2 21 15 15 38470.10000 7.58300000 1447.56000 138.80000 20.37400 86.20400
 9 2 21 15 15 38430.50000 7.58300000 1444.02000 138.56000 20.37400 86.20400
 9 2 21 15 16 38400.40000 7.58300000 1443.86000 138.47000 20.37400 86.20400
 9 2 21 15 16 38406.80000 7.61900000 1445.54000 138.68000 20.37400 85.95800
 9 2 21 15 17 38405.90000 7.61900000 1444.51000 138.66000 20.37400 86.19100
 9 2 21 15 17 38430.20000 7.61900000 1445.60000 138.66000 20.37400 85.99700
 9 2 21 15 17 38420.70000 7.61900000 1445.83000 138.66000 20.37400 85.99700
 9 2 21 15 18 38446.80000 7.61900000 1445.79000 138.66000 20.37400 85.99700
 9 2 21 15 18 38462.40000 7.64000000 1446.57000 138.66000 20.37400 85.99700
 9 2 21 15 19 38544.10000 7.64000000 1448.06000 138.89000 20.37400 85.99700
 9 2 21 15 19 38570.70000 7.64000000 1445.87000 138.89000 20.37400 85.99700
