M=[
19 3 21 17 18 49479.90000 10.40400000 1532.49000 169.50000 27.96000 123.73100
19 3 21 17 18 49455.50000 10.40400000 1531.60000 169.50000 27.96000 123.73100
19 3 21 17 19 49418.50000 10.40400000 1530.28000 169.33000 27.96000 123.73100
19 3 21 17 19 49380.10000 10.40400000 1530.26000 169.36000 27.96000 123.73100
19 3 21 17 20 49380.10000 10.40400000 1530.10000 169.37000 27.96000 123.73100
19 3 21 17 20 49400.00000 10.40400000 1530.45000 169.47000 27.96000 123.73100
19 3 21 17 21 49381.30000 10.40400000 1529.84000 169.47000 27.96000 123.73100
19 3 21 17 21 49384.00000 10.40400000 1530.30000 169.45000 27.96000 123.73100
19 3 21 17 21 49384.00000 10.40400000 1530.31000 169.45000 27.96000 123.73100
19 3 21 17 22 49325.20000 10.40400000 1529.99000 169.45000 27.96000 123.75900
19 3 21 17 22 49340.00000 10.40400000 1529.70000 169.45000 27.96000 123.75900
19 3 21 17 23 49324.60000 10.40400000 1529.01000 169.33000 27.96000 123.75900
19 3 21 17 23 49300.10000 10.40400000 1528.87000 169.29000 27.96000 123.75900
19 3 21 17 24 49289.80000 10.38100000 1528.06000 169.26000 27.96000 123.75900
19 3 21 17 24 49289.90000 10.38100000 1527.85000 169.25000 27.96000 123.75900
19 3 21 17 24 49313.80000 10.38100000 1528.05000 169.34000 27.96000 123.75900
19 3 21 17 25 49340.00000 10.38100000 1528.90000 169.34000 27.96000 123.75900
19 3 21 17 25 49340.00000 10.38100000 1528.90000 169.39000 27.96000 123.75900
19 3 21 17 26 49340.00000 10.38100000 1528.90000 169.39000 27.96000 123.75900
19 3 21 17 26 49339.90000 10.38100000 1528.90000 169.39000 27.96000 123.75900
19 3 21 17 27 49335.60000 10.38100000 1528.90000 169.39000 27.96000 123.75900
19 3 21 17 27 49335.60000 10.34500000 1528.88000 169.29000 27.96000 123.75900
19 3 21 17 27 49353.50000 10.34500000 1528.88000 169.29000 27.96000 123.75900
19 3 21 17 28 49365.00000 10.34500000 1528.90000 169.34000 27.96000 123.75900
19 3 21 17 28 49368.30000 10.34500000 1529.18000 169.31000 27.96000 123.75900
19 3 21 17 29 49381.40000 10.34500000 1529.37000 169.31000 27.96000 123.75900
19 3 21 17 29 49355.10000 10.34500000 1529.48000 169.31000 27.96000 123.59700
19 3 21 17 30 49365.40000 10.34500000 1528.84000 169.29000 27.96000 123.59700
19 3 21 17 30 49380.00000 10.34500000 1528.84000 169.45000 27.96000 123.59700
19 3 21 17 30 49400.00000 10.34500000 1529.68000 169.43000 27.96000 123.59700
19 3 21 17 31 49445.00000 10.34500000 1532.55000 169.45000 27.96000 123.61700
19 3 21 17 31 49463.10000 10.34500000 1533.00000 169.82000 27.96000 123.61700
19 3 21 17 32 49476.40000 10.34500000 1533.00000 169.82000 27.96000 123.61700
19 3 21 17 32 49460.70000 10.34500000 1531.77000 169.81000 27.96000 123.61700
19 3 21 17 33 49459.90000 10.34500000 1532.99000 169.57000 27.96000 123.61700
19 3 21 17 33 49474.30000 10.34500000 1532.98000 169.57000 27.96000 123.61700
19 3 21 17 33 49425.30000 10.34500000 1532.99000 169.63000 27.96000 123.61700
19 3 21 17 34 49440.50000 10.34500000 1532.80000 169.56000 27.96000 123.61700
19 3 21 17 34 49423.90000 10.34500000 1532.20000 169.56000 27.96000 123.61700
19 3 21 17 35 49420.10000 10.34500000 1531.39000 169.56000 27.96000 123.61700
19 3 21 17 35 49432.30000 10.34500000 1531.74000 169.56000 27.96000 123.61700
19 3 21 17 36 49438.20000 10.34500000 1532.39000 169.56000 27.96000 123.61700
19 3 21 17 36 49449.90000 10.34500000 1532.15000 169.50000 27.96000 123.61700
19 3 21 17 36 49429.90000 10.34500000 1531.93000 169.51000 28.01500 123.61700
19 3 21 17 37 49438.20000 10.34500000 1531.93000 169.50000 27.75500 123.61700
19 3 21 17 37 49420.10000 10.34500000 1531.06000 169.50000 27.75500 123.61700
19 3 21 17 38 49407.10000 10.34500000 1531.07000 169.35000 27.75500 123.61700
19 3 21 17 38 49403.80000 10.34500000 1530.52000 169.27000 27.75500 123.63500
19 3 21 17 39 49393.80000 10.34500000 1530.46000 169.27000 27.75500 123.63500
19 3 21 17 39 49328.00000 10.34500000 1530.00000 169.27000 27.75500 123.63500
19 3 21 17 39 49344.70000 10.34500000 1528.80000 169.22000 27.75500 123.63500
19 3 21 17 40 49364.40000 10.34500000 1529.02000 169.25000 27.75500 123.63500
19 3 21 17 40 49389.90000 10.34500000 1529.02000 169.23000 28.01500 123.63500
19 3 21 17 41 49390.00000 10.34500000 1529.01000 169.23000 28.01500 123.63500
19 3 21 17 41 49362.00000 10.34500000 1529.02000 169.34000 28.01500 123.63500
19 3 21 17 42 49362.00000 10.34500000 1529.02000 169.34000 28.01500 123.63500
19 3 21 17 42 49364.90000 10.34100000 1529.01000 169.28000 28.01500 123.63500
19 3 21 17 42 49364.70000 10.34100000 1529.02000 169.28000 28.01500 123.63500
19 3 21 17 43 49359.90000 10.34100000 1529.00000 169.23000 28.01600 123.63500
19 3 21 17 43 49359.90000 10.34100000 1529.00000 169.11000 28.01600 123.63500
19 3 21 17 44 49350.70000 10.34100000 1527.84000 169.09000 28.01600 123.63500
19 3 21 17 44 49343.00000 10.34100000 1526.82000 169.09000 28.01600 123.63500
19 3 21 17 45 49360.90000 10.34100000 1527.93000 169.09000 28.01600 123.63500
19 3 21 17 45 49369.90000 10.34100000 1528.59000 169.09000 28.01600 123.38100
19 3 21 17 45 49393.70000 10.34100000 1528.60000 169.09000 28.01600 123.38100
19 3 21 17 46 49419.50000 10.36000000 1529.83000 169.09000 28.01600 123.38100
19 3 21 17 46 49426.60000 10.36000000 1529.90000 169.27000 28.01600 123.38100
19 3 21 17 47 49437.60000 10.36000000 1529.82000 169.33000 27.84600 123.47300
19 3 21 17 47 49426.70000 10.36000000 1528.71000 169.23000 27.84600 123.47300
19 3 21 17 48 49421.50000 10.36000000 1529.50000 169.23000 27.84600 123.47300
19 3 21 17 48 49370.80000 10.36000000 1528.25000 169.08000 27.84600 123.47300
19 3 21 17 48 49381.30000 10.36000000 1528.24000 169.08000 27.84600 123.47300
19 3 21 17 49 49379.40000 10.36000000 1528.24000 169.08000 27.84600 123.47300
19 3 21 17 49 49388.00000 10.36000000 1528.29000 169.09000 27.84600 123.47300
19 3 21 17 50 49419.60000 10.36000000 1528.68000 169.09000 27.84600 123.47300
19 3 21 17 50 49420.70000 10.36000000 1528.67000 169.20000 27.98100 123.47300
19 3 21 17 51 49426.60000 10.36000000 1528.68000 169.15000 27.98100 123.47300
19 3 21 17 51 49426.70000 10.36000000 1529.27000 169.15000 27.98100 123.47300
19 3 21 17 51 49426.70000 10.36000000 1529.26000 169.21000 27.98100 123.47300
19 3 21 17 52 49434.60000 10.36000000 1530.00000 169.23000 27.98100 123.47300
19 3 21 17 52 49461.40000 10.36000000 1530.00000 169.39000 27.98100 123.47300
19 3 21 17 53 49500.00000 10.36000000 1532.00000 169.50000 27.98100 123.69000
19 3 21 17 53 49499.90000 10.36000000 1531.99000 169.40000 27.98100 123.69000
19 3 21 17 54 49499.90000 10.36000000 1531.99000 169.39000 27.98100 123.69000
19 3 21 17 54 49499.90000 10.36000000 1531.73000 169.41000 27.98100 123.64100
19 3 21 17 54 49471.60000 10.36000000 1530.39000 169.41000 27.98100 123.64100
19 3 21 17 55 49485.20000 10.36000000 1530.90000 169.35000 28.28000 123.64100
19 3 21 17 55 49492.90000 10.36000000 1530.99000 169.35000 28.28000 123.64100
19 3 21 17 56 49473.40000 10.36000000 1530.62000 169.23000 28.28000 123.64100
19 3 21 17 56 49467.50000 10.36000000 1530.65000 169.23000 28.28000 123.64100
19 3 21 17 57 49473.30000 10.36000000 1530.58000 169.15000 28.28000 123.64100
19 3 21 17 57 49473.30000 10.36000000 1530.56000 169.16000 28.28000 123.64100
19 3 21 17 57 49455.50000 10.36000000 1530.00000 169.16000 28.28000 123.64100
19 3 21 17 58 49461.00000 10.36000000 1530.22000 169.17000 28.28000 123.64100
19 3 21 17 58 49473.20000 10.36000000 1530.99000 169.17000 28.28000 123.64100
19 3 21 17 59 49473.20000 10.36000000 1531.00000 169.29000 28.28600 123.64100
19 3 21 17 59 49474.90000 10.36000000 1531.06000 169.22000 28.28600 123.64100
19 3 21 18 00 49473.40000 10.36000000 1530.77000 169.22000 28.28600 123.64100
19 3 21 18 00 49499.60000 10.36000000 1531.09000 169.22000 28.32300 123.64100
19 3 21 18 00 49499.90000 10.36000000 1531.39000 169.41000 28.32300 123.64100
19 3 21 18 01 49500.00000 10.36000000 1531.39000 169.41000 28.32300 123.64100
19 3 21 18 01 49499.90000 10.36000000 1531.39000 169.33000 28.32300 123.64100
