M=[
 3 8 21 05 38 32286.20000 41.45000000 2092.12000 116.72000 22.60700 92.96400
 3 8 21 05 38 32272.60000 41.45000000 2089.82000 116.68000 22.60700 92.96400
 3 8 21 05 39 32269.00000 41.39700000 2091.42000 116.68000 22.60700 92.96400
 3 8 21 05 39 32269.00000 41.39700000 2089.68000 116.63000 22.60700 92.96400
 3 8 21 05 40 32251.70000 41.39700000 2089.30000 116.63000 22.60700 93.59300
 3 8 21 05 40 32223.00000 41.39700000 2088.35000 116.55000 22.60700 93.59300
 3 8 21 05 40 32215.10000 41.39700000 2086.59000 116.55000 22.60700 93.59300
 3 8 21 05 41 32210.50000 41.39700000 2087.43000 116.55000 22.60700 93.59300
 3 8 21 05 41 32233.10000 41.39700000 2087.74000 116.55000 22.60700 93.59300
 3 8 21 05 42 32229.10000 41.39700000 2087.86000 116.55000 22.60700 93.59300
 3 8 21 05 42 32213.40000 41.39700000 2086.46000 116.52000 22.60700 93.59300
 3 8 21 05 43 32198.70000 41.39700000 2085.91000 116.38000 22.60700 93.59300
 3 8 21 05 43 32192.80000 41.39700000 2085.68000 116.38000 22.60700 93.59300
 3 8 21 05 43 32169.60000 41.39700000 2083.55000 116.38000 22.60700 93.59300
 3 8 21 05 44 32166.20000 41.39700000 2083.33000 116.34000 22.51700 92.96600
 3 8 21 05 44 32169.60000 41.39700000 2082.38000 116.34000 22.57500 92.96600
 3 8 21 05 45 32166.10000 41.39700000 2082.38000 116.34000 22.57500 92.96600
 3 8 21 05 45 32214.20000 41.39700000 2085.34000 116.59000 22.57500 92.96600
 3 8 21 05 46 32233.80000 41.39700000 2085.48000 116.61000 22.57500 92.96600
 3 8 21 05 46 32242.90000 41.39700000 2087.00000 116.61000 22.56300 92.96600
 3 8 21 05 47 32250.00000 41.39700000 2089.05000 116.61000 22.56300 92.96600
 3 8 21 05 47 32235.20000 41.39700000 2088.72000 116.61000 22.56300 92.96600
 3 8 21 05 47 32268.40000 41.43500000 2090.33000 116.83000 22.56300 92.96600
 3 8 21 05 48 32286.90000 41.43500000 2088.80000 116.83000 22.56300 92.96600
 3 8 21 05 48 32277.50000 41.43200000 2088.19000 116.83000 22.56300 92.96600
 3 8 21 05 49 32239.30000 41.38500000 2085.50000 116.83000 22.56300 92.96600
 3 8 21 05 49 32253.50000 41.32300000 2086.03000 116.83000 22.51700 92.96600
 3 8 21 05 50 32245.30000 41.31800000 2086.03000 116.80000 22.51700 92.96600
 3 8 21 05 50 32246.20000 41.31800000 2085.58000 116.80000 22.51700 93.10800
 3 8 21 05 50 32316.10000 41.31800000 2086.00000 116.79000 22.51700 93.36500
 3 8 21 05 51 32302.20000 41.31800000 2089.36000 116.79000 22.51700 93.36500
 3 8 21 05 51 32300.90000 41.31800000 2089.36000 116.79000 22.51700 93.36500
 3 8 21 05 52 32288.00000 41.31800000 2090.95000 116.79000 22.51700 93.36500
 3 8 21 05 52 32312.20000 41.31800000 2090.46000 116.91000 22.51700 93.36500
 3 8 21 05 53 32273.20000 41.31800000 2090.01000 116.91000 22.51700 93.36500
 3 8 21 05 53 32273.10000 41.31800000 2089.37000 116.91000 22.51700 93.36500
 3 8 21 05 53 32273.10000 41.31800000 2088.20000 116.91000 22.51700 93.36500
 3 8 21 05 54 32273.10000 41.31800000 2087.19000 116.91000 22.51700 93.36500
 3 8 21 05 54 32273.10000 41.31800000 2085.77000 116.72000 22.51700 93.36500
 3 8 21 05 55 32273.00000 41.31800000 2085.63000 116.74000 22.51700 93.36500
 3 8 21 05 55 32265.30000 41.31800000 2085.63000 116.74000 22.51700 93.36500
 3 8 21 05 56 32281.40000 41.36800000 2086.42000 116.75000 22.51700 93.39200
 3 8 21 05 56 32253.70000 41.38000000 2084.13000 116.75000 22.51700 93.39200
 3 8 21 05 56 32253.70000 41.38000000 2083.43000 116.75000 22.51700 93.39200
 3 8 21 05 57 32266.20000 41.38000000 2083.43000 116.75000 22.51700 93.39200
 3 8 21 05 57 32274.30000 41.38000000 2084.43000 116.75000 22.51700 93.39200
 3 8 21 05 58 32256.90000 41.38000000 2084.00000 116.78000 22.51700 93.39200
 3 8 21 05 58 32257.00000 41.38000000 2084.59000 116.77000 22.51900 93.39200
 3 8 21 05 59 32257.80000 41.38000000 2083.11000 116.77000 22.51900 93.39200
 3 8 21 05 59 32257.80000 41.38000000 2083.80000 116.77000 22.51900 93.39200
 3 8 21 06 00 32257.80000 41.38000000 2083.14000 116.77000 22.51900 93.39200
 3 8 21 06 00 32233.10000 41.38000000 2080.01000 116.77000 22.51900 93.10900
 3 8 21 06 00 32205.00000 41.38000000 2076.02000 116.54000 22.51900 93.14300
 3 8 21 06 01 32213.00000 41.21900000 2078.93000 116.54000 22.51900 93.14300
 3 8 21 06 01 32225.60000 41.21900000 2080.00000 116.54000 22.51900 93.14300
 3 8 21 06 02 32250.00000 41.21900000 2082.43000 116.61000 22.51900 93.14300
 3 8 21 06 02 32255.10000 41.21900000 2083.89000 116.61000 22.43600 93.14300
 3 8 21 06 03 32255.10000 41.21900000 2088.12000 116.61000 22.43600 93.14300
 3 8 21 06 03 32233.90000 41.21900000 2085.69000 116.60000 22.56200 93.33000
 3 8 21 06 03 32237.80000 41.21900000 2084.35000 116.60000 22.56300 93.33000
 3 8 21 06 04 32267.30000 41.21900000 2086.00000 116.66000 22.56300 93.33000
 3 8 21 06 04 32282.20000 41.21900000 2086.90000 116.66000 22.56300 93.33000
 3 8 21 06 05 32306.30000 41.21900000 2086.90000 116.66000 22.56300 93.33000
 3 8 21 06 05 32300.00000 41.21900000 2089.99000 116.85000 22.56300 93.33000
 3 8 21 06 06 32302.00000 41.21900000 2089.99000 116.91000 22.56300 93.33000
 3 8 21 06 06 32302.00000 41.21900000 2089.21000 116.90000 22.56300 93.33000
 3 8 21 06 06 32338.20000 41.21900000 2092.08000 116.91000 22.56300 93.33000
 3 8 21 06 07 32340.70000 41.21900000 2093.30000 116.95000 22.56300 93.33000
 3 8 21 06 07 32353.10000 41.21900000 2092.80000 116.95000 22.56200 93.33000
 3 8 21 06 08 32354.00000 41.56700000 2093.72000 116.95000 22.56200 93.42300
 3 8 21 06 08 32356.40000 41.56700000 2094.07000 117.06000 22.56200 93.65100
 3 8 21 06 09 32350.10000 41.56000000 2094.46000 117.06000 22.56200 93.65100
 3 8 21 06 09 32340.00000 41.56000000 2092.39000 117.06000 22.56200 93.63400
 3 8 21 06 09 32323.20000 41.56000000 2092.01000 117.06000 22.56200 93.63400
 3 8 21 06 10 32350.80000 41.56000000 2093.47000 116.94000 22.56200 93.63400
 3 8 21 06 10 32333.40000 41.56000000 2093.88000 116.94000 22.49700 93.63400
 3 8 21 06 11 32342.70000 41.56000000 2092.29000 116.94000 22.49700 93.63400
 3 8 21 06 11 32333.40000 41.56000000 2091.47000 116.94000 22.49700 93.63400
 3 8 21 06 12 32333.40000 41.56000000 2092.55000 116.94000 22.49700 93.63400
 3 8 21 06 12 32334.00000 41.56000000 2092.35000 116.94000 22.49700 93.63400
 3 8 21 06 12 32301.20000 41.56000000 2092.29000 116.94000 22.49700 93.42000
 3 8 21 06 13 32300.10000 41.56000000 2091.01000 116.94000 22.49700 93.42000
 3 8 21 06 13 32330.40000 41.53600000 2091.88000 116.94000 22.49700 93.42000
 3 8 21 06 14 32303.20000 41.54000000 2091.01000 116.94000 22.49700 93.42000
 3 8 21 06 14 32336.40000 41.54000000 2092.60000 116.85000 22.49700 93.33700
 3 8 21 06 15 32319.10000 41.54000000 2091.21000 116.85000 22.49700 93.33700
 3 8 21 06 15 32311.70000 41.47600000 2091.01000 116.85000 22.49700 93.33700
 3 8 21 06 16 32320.10000 41.47600000 2089.51000 116.85000 22.49700 93.33700
 3 8 21 06 16 32315.20000 41.47600000 2088.40000 116.69000 22.49700 93.33700
 3 8 21 06 16 32316.90000 41.47600000 2088.38000 116.69000 22.35900 93.33700
 3 8 21 06 17 32311.10000 41.47600000 2087.98000 116.62000 22.35900 93.33700
 3 8 21 06 17 32311.10000 41.47600000 2086.84000 116.60000 22.35900 93.33700
 3 8 21 06 18 32315.00000 41.50900000 2088.50000 116.60000 22.35900 93.33700
 3 8 21 06 18 32341.00000 41.50900000 2090.45000 116.60000 22.35900 93.33700
 3 8 21 06 19 32342.40000 41.57100000 2090.80000 116.60000 22.35900 93.42800
 3 8 21 06 19 32354.00000 41.57100000 2092.60000 116.60000 22.35900 93.52800
 3 8 21 06 19 32361.00000 41.57100000 2093.20000 116.60000 22.47500 93.52800
 3 8 21 06 20 32360.00000 41.60900000 2094.24000 116.60000 22.47500 93.52800
 3 8 21 06 20 32351.00000 41.60900000 2093.36000 116.80000 22.47500 93.52800
 3 8 21 06 21 32347.60000 41.60900000 2092.91000 116.80000 22.47500 93.52800
 3 8 21 06 21 32355.50000 41.60900000 2093.29000 116.80000 22.45400 93.52800
 3 8 21 06 22 32347.60000 41.60900000 2092.95000 116.80000 22.43300 93.52800
 3 8 21 06 22 32347.70000 41.60600000 2091.28000 116.79000 22.43300 93.47600
