M=[
12 11 20 22 17 13800.00000 4.24500000 392.64000 50.33000 13.23600 53.40300
12 11 20 22 18 13800.10000 4.24900000 392.64000 50.29000 13.23600 53.40300
12 11 20 22 18 13761.30000 4.24900000 392.00000 50.25000 13.23600 53.40300
12 11 20 22 19 13765.80000 4.24900000 392.00000 50.25000 13.23600 53.40300
12 11 20 22 19 13783.20000 4.24900000 392.07000 50.25000 13.23600 53.40300
12 11 20 22 19 13788.80000 4.24900000 392.07000 50.22000 13.23600 53.40300
12 11 20 22 20 13787.80000 4.24900000 392.89000 50.24000 13.23600 53.40300
12 11 20 22 20 13785.30000 4.24900000 392.90000 50.26000 13.23600 53.40300
12 11 20 22 21 13760.10000 4.24900000 392.64000 50.26000 13.23600 53.40300
12 11 20 22 21 13769.90000 4.24900000 392.39000 50.23000 13.23600 53.40300
12 11 20 22 22 13772.20000 4.24900000 392.29000 50.23000 13.23600 53.40300
12 11 20 22 22 13781.60000 4.24900000 392.29000 50.23000 13.23600 53.40300
12 11 20 22 22 13787.80000 4.24900000 392.55000 50.23000 13.23600 53.40300
12 11 20 22 23 13792.00000 4.24900000 392.55000 50.23000 13.23600 53.40300
12 11 20 22 23 13799.50000 4.24900000 392.40000 50.23000 13.23600 53.40300
12 11 20 22 24 13792.30000 4.24900000 392.38000 50.23000 13.23600 53.40300
12 11 20 22 24 13791.70000 4.24900000 392.38000 50.23000 13.23600 53.40300
12 11 20 22 24 13792.10000 4.24900000 392.38000 50.23000 13.23600 53.40300
12 11 20 22 25 13799.90000 4.24900000 392.43000 50.23000 12.96300 53.40300
12 11 20 22 25 13799.90000 4.24900000 392.43000 50.23000 12.96300 53.40300
12 11 20 22 26 13799.20000 4.24900000 392.53000 50.23000 12.96300 53.40300
12 11 20 22 26 13797.60000 4.24900000 392.52000 50.23000 12.96300 53.40300
12 11 20 22 27 13797.70000 4.24900000 392.49000 50.23000 12.96300 53.40300
12 11 20 22 27 13797.60000 4.24900000 392.49000 50.23000 12.94000 53.40300
12 11 20 22 27 13797.70000 4.24900000 392.49000 50.23000 12.94000 53.40300
12 11 20 22 28 13797.70000 4.24900000 392.49000 50.23000 12.94000 53.40300
12 11 20 22 28 13799.00000 4.24900000 392.41000 50.20000 12.94000 53.40300
12 11 20 22 29 13810.90000 4.24900000 392.41000 50.20000 12.94000 53.40300
12 11 20 22 29 13800.00000 4.24900000 392.41000 50.20000 12.94000 53.40300
12 11 20 22 30 13790.10000 4.24900000 392.41000 50.20000 12.94000 53.16400
12 11 20 22 30 13790.00000 4.24900000 392.42000 50.20000 12.94000 53.16400
12 11 20 22 30 13790.00000 4.24900000 392.42000 50.20000 12.94000 53.16400
12 11 20 22 31 13807.60000 4.24900000 392.41000 50.20000 12.94000 53.16400
12 11 20 22 31 13811.70000 4.24900000 392.41000 50.20000 12.94000 53.16400
12 11 20 22 32 13803.40000 4.24900000 392.73000 50.21000 12.94000 53.16400
12 11 20 22 32 13820.00000 4.24900000 392.74000 50.21000 12.94000 53.16400
12 11 20 22 33 13823.40000 4.24900000 392.74000 50.21000 12.94000 53.16400
12 11 20 22 33 13820.50000 4.24900000 392.74000 50.21000 12.94000 53.16400
12 11 20 22 34 13826.30000 4.24900000 392.74000 50.21000 12.94000 53.16400
12 11 20 22 34 13839.60000 4.24900000 392.74000 50.36000 12.94000 53.16400
12 11 20 22 34 13815.10000 4.24900000 392.74000 50.36000 12.94000 53.16400
12 11 20 22 35 13840.10000 4.24900000 392.74000 50.36000 12.94000 53.16400
12 11 20 22 35 13836.80000 4.24900000 393.52000 50.36000 12.94000 53.16400
12 11 20 22 36 13838.70000 4.24900000 393.22000 50.36000 12.94000 53.16400
12 11 20 22 36 13842.70000 4.24900000 393.22000 50.39000 12.94000 53.16400
12 11 20 22 36 13844.60000 4.24900000 393.24000 50.41000 12.94000 53.16400
12 11 20 22 37 13824.50000 4.24900000 393.18000 50.42000 12.94000 53.16400
12 11 20 22 37 13823.90000 4.24900000 393.18000 50.41000 12.94000 53.16400
12 11 20 22 38 13821.30000 4.24900000 392.76000 50.43000 12.94000 53.16400
12 11 20 22 38 13790.10000 4.24900000 392.09000 50.39000 12.94000 53.16400
12 11 20 22 39 13729.70000 4.24900000 391.29000 50.17000 12.94000 53.50000
12 11 20 22 39 13765.40000 4.24900000 391.55000 50.30000 12.94000 53.18900
12 11 20 22 39 13763.20000 4.24900000 391.50000 50.30000 12.94000 53.18900
12 11 20 22 40 13766.10000 4.24900000 391.57000 50.30000 12.94000 53.18900
12 11 20 22 40 13759.60000 4.24900000 391.57000 50.30000 12.92000 53.18900
12 11 20 22 41 13742.90000 4.24900000 391.57000 50.26000 12.92000 53.18900
12 11 20 22 41 13755.50000 4.24900000 391.63000 50.26000 12.92000 53.18900
12 11 20 22 42 13761.70000 4.24900000 391.69000 50.25000 12.92000 53.18900
12 11 20 22 42 13761.70000 4.22400000 391.72000 50.25000 12.92000 53.18900
12 11 20 22 42 13791.90000 4.22400000 391.99000 50.25000 12.92000 53.18900
12 11 20 22 43 13785.60000 4.22400000 392.39000 50.30000 12.92000 53.18900
12 11 20 22 43 13770.10000 4.22400000 392.16000 50.30000 12.92000 53.18900
12 11 20 22 44 13773.20000 4.22400000 392.16000 50.30000 12.92000 53.18900
12 11 20 22 44 13785.00000 4.22400000 392.42000 50.30000 12.92000 53.18900
12 11 20 22 45 13784.90000 4.22400000 392.58000 50.30000 12.92000 53.18900
12 11 20 22 45 13786.00000 4.22400000 392.58000 50.31000 12.92000 53.18900
12 11 20 22 45 13801.00000 4.22400000 392.58000 50.32000 12.92000 53.18900
12 11 20 22 46 13808.00000 4.22400000 392.56000 50.32000 12.92000 53.18900
12 11 20 22 46 13817.40000 4.22400000 392.56000 50.32000 12.92000 53.18900
12 11 20 22 47 13813.90000 4.22400000 393.06000 50.32000 12.92000 53.18900
12 11 20 22 47 13817.70000 4.22400000 393.06000 50.32000 12.92000 53.18900
12 11 20 22 48 13802.80000 4.22400000 393.06000 50.32000 12.92000 53.18900
12 11 20 22 48 13813.10000 4.22400000 393.06000 50.32000 12.92000 53.18900
12 11 20 22 48 13798.50000 4.22400000 393.08000 50.37000 12.92000 53.18900
12 11 20 22 49 13800.20000 4.22400000 393.08000 50.37000 12.92000 53.18900
12 11 20 22 49 13800.80000 4.22400000 393.08000 50.37000 12.92000 53.18900
12 11 20 22 50 13805.50000 4.22400000 393.08000 50.37000 12.92000 53.18900
12 11 20 22 50 13798.90000 4.22400000 393.29000 50.37000 12.92000 53.18900
12 11 20 22 51 13799.40000 4.22400000 393.29000 50.37000 12.92000 53.18900
12 11 20 22 51 13798.30000 4.22400000 393.12000 50.39000 12.92000 53.18900
12 11 20 22 51 13798.20000 4.22400000 393.12000 50.39000 12.92000 53.18900
12 11 20 22 52 13797.60000 4.22400000 393.12000 50.39000 12.92000 53.18900
12 11 20 22 52 13775.60000 4.22400000 393.11000 50.39000 12.92000 53.18900
12 11 20 22 53 13766.30000 4.22400000 393.11000 50.39000 12.92000 53.18900
12 11 20 22 53 13750.00000 4.22400000 392.24000 50.39000 12.92000 53.18900
12 11 20 22 54 13752.90000 4.22400000 392.57000 50.39000 12.92000 53.18900
12 11 20 22 54 13766.70000 4.22400000 392.69000 50.39000 12.92000 53.18900
12 11 20 22 54 13769.90000 4.22400000 392.69000 50.39000 12.92000 53.18900
12 11 20 22 55 13765.50000 4.22400000 392.69000 50.27000 12.92000 53.18900
12 11 20 22 55 13765.90000 4.22400000 392.54000 50.27000 12.92000 53.18900
12 11 20 22 56 13760.60000 4.22400000 392.31000 50.27000 12.92000 53.18900
12 11 20 22 56 13760.60000 4.22400000 392.31000 50.27000 12.92000 53.23100
12 11 20 22 57 13762.40000 4.22400000 392.41000 50.27000 12.92000 53.23100
12 11 20 22 57 13764.30000 4.22400000 392.30000 50.27000 12.92000 53.22100
12 11 20 22 57 13760.90000 4.22400000 392.31000 50.27000 12.92000 53.22100
12 11 20 22 58 13754.50000 4.22400000 392.11000 50.27000 12.92000 53.22100
12 11 20 22 58 13751.60000 4.22400000 392.11000 50.25000 12.92000 53.22100
12 11 20 22 59 13750.10000 4.22400000 391.59000 50.25000 12.92000 53.22100
12 11 20 22 59 13751.90000 4.22400000 391.59000 50.25000 12.92000 53.22100
12 11 20 23 00 13754.40000 4.22400000 391.59000 50.27000 12.92000 53.22100
12 11 20 23 00 13750.00000 4.22400000 391.60000 50.26000 12.92000 53.22100
12 11 20 23 00 13750.10000 4.22400000 391.59000 50.26000 12.92000 53.22100
12 11 20 23 01 13750.10000 4.22400000 391.59000 50.15000 12.92000 53.22100
12 11 20 23 01 13752.50000 4.22400000 391.59000 50.15000 12.92000 53.22100
12 11 20 23 02 13762.70000 4.22400000 391.66000 50.15000 12.92000 53.22100
12 11 20 23 02 13765.40000 4.22400000 391.57000 50.15000 12.92000 53.22100
