M=[
16 12 20 17 04 17120.60000 5.21200000 516.19000 73.78000 13.91800 59.38400
16 12 20 17 04 17119.50000 5.21200000 516.16000 73.77000 13.91800 59.38400
16 12 20 17 05 17126.00000 5.21200000 516.01000 73.81000 13.91800 59.33800
16 12 20 17 05 17123.00000 5.21200000 516.01000 73.93000 13.91800 59.33800
16 12 20 17 06 17115.20000 5.21200000 515.84000 73.74000 13.91800 59.30000
16 12 20 17 06 17111.10000 5.21200000 515.65000 73.71000 13.91800 59.30000
16 12 20 17 07 17114.90000 5.21200000 515.73000 73.69000 13.91800 59.30000
16 12 20 17 07 17116.80000 5.21200000 516.00000 73.69000 13.91800 59.30000
16 12 20 17 07 17111.00000 5.21200000 515.92000 73.67000 13.91800 59.30000
16 12 20 17 08 17111.10000 5.21200000 515.20000 73.63000 13.91800 59.30000
16 12 20 17 08 17109.60000 5.21200000 515.05000 73.58000 13.91800 59.30000
16 12 20 17 09 17106.50000 5.21200000 514.83000 73.63000 13.91800 59.30000
16 12 20 17 09 17092.00000 5.21200000 514.79000 73.56000 13.91800 59.30000
16 12 20 17 10 17082.10000 5.21000000 515.15000 73.53000 13.91800 59.30000
16 12 20 17 10 17069.50000 5.21000000 514.77000 73.44000 13.91800 59.30000
16 12 20 17 10 17065.00000 5.21000000 514.73000 73.49000 13.91800 59.30000
16 12 20 17 11 17090.80000 5.21000000 514.83000 73.49000 13.91800 59.08500
16 12 20 17 11 17089.50000 5.21000000 515.00000 73.56000 13.91800 59.08500
16 12 20 17 12 17086.30000 5.21000000 514.79000 73.53000 13.91800 59.01500
16 12 20 17 12 17108.50000 5.21000000 515.00000 73.63000 13.91800 59.01500
16 12 20 17 13 17105.60000 5.21000000 515.00000 73.65000 13.91800 59.01500
16 12 20 17 13 17102.60000 5.21000000 514.99000 73.67000 13.91800 59.01500
16 12 20 17 13 17085.20000 5.21000000 515.00000 73.58000 13.91800 59.01500
16 12 20 17 14 17090.00000 5.21000000 514.99000 73.59000 13.91800 59.13000
16 12 20 17 14 17070.10000 5.21000000 514.99000 73.56000 13.91800 59.13000
16 12 20 17 15 17070.00000 5.21000000 514.99000 73.60000 13.91800 59.13000
16 12 20 17 15 17060.80000 5.21000000 514.82000 73.64000 13.91800 59.13000
16 12 20 17 16 17077.00000 5.23900000 514.99000 73.77000 13.91800 59.13000
16 12 20 17 16 17077.30000 5.23900000 514.99000 73.77000 13.91800 59.13000
16 12 20 17 16 17079.00000 5.23900000 514.99000 73.81000 13.91800 59.13000
16 12 20 17 17 17078.90000 5.23900000 514.94000 73.78000 13.91800 59.13000
16 12 20 17 17 17079.00000 5.23900000 514.95000 73.82000 13.91800 59.13000
16 12 20 17 18 17097.30000 5.23900000 515.00000 73.93000 13.91800 59.06700
16 12 20 17 18 17100.00000 5.23900000 515.64000 73.93000 13.91800 59.06700
16 12 20 17 19 17093.40000 5.23900000 515.32000 73.91000 13.91800 59.08700
16 12 20 17 19 17090.10000 5.23900000 515.30000 73.98000 13.91800 59.08700
16 12 20 17 19 17080.90000 5.23900000 515.37000 73.96000 13.91800 59.08700
16 12 20 17 20 17077.90000 5.23900000 515.30000 74.04000 13.91800 59.08700
16 12 20 17 20 17078.90000 5.23900000 515.36000 73.95000 13.91900 59.08700
16 12 20 17 21 17077.40000 5.22800000 515.23000 73.95000 13.91900 59.08700
16 12 20 17 21 17077.30000 5.22800000 515.30000 73.94000 13.99900 59.08700
16 12 20 17 22 17076.00000 5.22800000 515.46000 73.94000 13.99900 59.21300
16 12 20 17 22 17081.30000 5.22600000 515.61000 73.84000 13.81100 59.10000
16 12 20 17 22 17096.10000 5.22900000 515.97000 73.87000 13.81100 59.10000
16 12 20 17 23 17090.00000 5.22900000 515.74000 73.76000 13.81100 59.10000
16 12 20 17 23 17076.60000 5.22900000 515.73000 73.76000 13.81100 59.10000
16 12 20 17 24 17050.00000 5.24600000 515.60000 73.70000 13.81100 59.10000
16 12 20 17 24 17041.10000 5.24600000 513.99000 73.48000 13.81100 59.10000
16 12 20 17 25 17012.40000 5.24600000 513.30000 73.20000 13.99800 59.10000
16 12 20 17 25 17020.00000 5.24600000 512.82000 73.22000 13.99800 59.10000
16 12 20 17 25 17017.90000 5.24600000 512.81000 73.36000 13.99700 59.10000
16 12 20 17 26 17013.50000 5.24600000 512.63000 73.22000 13.99700 59.10000
16 12 20 17 26 17003.10000 5.24600000 512.73000 73.34000 13.99700 59.10000
16 12 20 17 27 17000.00000 5.24600000 512.73000 73.32000 13.99700 59.10000
16 12 20 17 27 17001.60000 5.24600000 512.43000 73.33000 13.99700 59.10000
16 12 20 17 28 17015.60000 5.24600000 512.21000 73.24000 13.99700 59.10000
16 12 20 17 28 17016.00000 5.24600000 512.31000 73.22000 13.99700 59.10000
16 12 20 17 28 17011.10000 5.24600000 512.00000 73.16000 13.99700 59.10000
16 12 20 17 29 17000.50000 5.24600000 512.00000 73.27000 13.99700 59.10000
16 12 20 17 29 17004.00000 5.24600000 512.00000 73.19000 13.99700 59.10000
16 12 20 17 30 17000.80000 5.24600000 512.01000 73.15000 13.99700 59.10000
16 12 20 17 30 17000.70000 5.24600000 512.00000 73.15000 13.99700 58.78000
16 12 20 17 31 16970.00000 5.24600000 511.26000 72.96000 13.99700 58.73900
16 12 20 17 31 16959.40000 5.24600000 510.99000 73.01000 13.99700 58.69800
16 12 20 17 31 16939.10000 5.24600000 510.60000 72.87000 13.99700 58.69800
16 12 20 17 32 16961.60000 5.24600000 510.79000 72.98000 13.99700 58.65000
16 12 20 17 32 16940.90000 5.24600000 510.38000 72.97000 13.99700 58.62200
16 12 20 17 33 16935.90000 5.20000000 509.87000 72.79000 13.99700 58.62200
16 12 20 17 33 16917.60000 5.20000000 509.62000 72.80000 13.99700 58.62200
16 12 20 17 34 16936.00000 5.16800000 509.98000 73.05000 13.99700 58.62200
16 12 20 17 34 16919.10000 5.16800000 509.99000 72.93000 13.99700 58.43300
16 12 20 17 34 16950.00000 5.16800000 510.99000 73.05000 13.99700 58.46100
16 12 20 17 35 16966.60000 5.16800000 510.99000 72.95000 13.99700 58.46100
16 12 20 17 35 16967.20000 5.17600000 510.73000 73.01000 13.99700 58.46300
16 12 20 17 36 16960.80000 5.17600000 510.74000 72.93000 13.99700 58.46300
16 12 20 17 36 16959.00000 5.17600000 510.99000 73.05000 13.99700 58.46300
16 12 20 17 37 16968.90000 5.17600000 510.99000 73.08000 13.99700 58.46300
16 12 20 17 37 16967.50000 5.17800000 511.31000 73.05000 13.99700 58.46300
16 12 20 17 37 16963.60000 5.17800000 511.49000 73.02000 13.99700 58.55000
16 12 20 17 38 16961.70000 5.17800000 511.38000 72.87000 13.99700 58.55000
16 12 20 17 38 16964.40000 5.17800000 511.50000 72.87000 13.99700 58.55000
16 12 20 17 39 16959.00000 5.17800000 511.42000 72.92000 13.99700 58.46300
16 12 20 17 39 16965.70000 5.17800000 511.74000 73.03000 13.99700 58.46300
16 12 20 17 40 16959.30000 5.17800000 511.54000 73.00000 13.99700 58.47900
16 12 20 17 40 16941.10000 5.17800000 510.50000 72.97000 13.99700 58.47900
16 12 20 17 40 16928.20000 5.17800000 510.73000 72.85000 13.99700 58.56900
16 12 20 17 41 16943.60000 5.17800000 511.11000 72.88000 13.99700 58.56900
16 12 20 17 41 16938.50000 5.17800000 510.71000 72.85000 13.99700 58.56900
16 12 20 17 42 16946.70000 5.17800000 511.23000 72.97000 13.99700 58.56900
16 12 20 17 42 16930.00000 5.17800000 510.44000 72.84000 13.99700 58.56900
16 12 20 17 43 16926.30000 5.17800000 510.39000 72.86000 13.99700 58.56900
16 12 20 17 43 16920.50000 5.17800000 510.35000 72.88000 13.99700 58.47200
16 12 20 17 43 16920.10000 5.17800000 509.97000 72.88000 13.99700 58.47200
16 12 20 17 44 16924.80000 5.17800000 509.97000 72.88000 13.99700 58.47200
16 12 20 17 44 16936.20000 5.17800000 510.46000 72.93000 13.99700 58.47200
16 12 20 17 45 16936.80000 5.17800000 510.35000 72.93000 13.99700 58.47200
16 12 20 17 45 16942.80000 5.17800000 510.44000 72.99000 13.99700 58.47200
16 12 20 17 46 16954.00000 5.17800000 510.47000 73.01000 13.99700 58.47200
16 12 20 17 46 16960.00000 5.17800000 510.99000 73.03000 13.99700 58.47200
16 12 20 17 46 16969.90000 5.17800000 510.99000 73.10000 13.99700 58.47200
16 12 20 17 47 16982.90000 5.17800000 511.56000 73.25000 13.99700 58.47200
16 12 20 17 47 16983.40000 5.17800000 511.55000 73.30000 13.99700 58.47200
16 12 20 17 48 16991.60000 5.17800000 511.54000 73.25000 13.99700 58.47200
16 12 20 17 48 16983.10000 5.17800000 511.09000 73.24000 13.99700 58.47200
16 12 20 17 49 16976.00000 5.17800000 511.07000 73.25000 13.99700 58.47200
16 12 20 17 49 16973.80000 5.17800000 511.06000 73.25000 13.99700 58.47200
