M=[
24 8 20 14 37 9967.80000 5.78000000 343.26000 52.91000 21.00000 68.77100
24 8 20 14 38 9968.00000 5.78000000 343.16000 52.91000 21.00000 68.77100
24 8 20 14 38 9972.00000 5.78000000 343.59000 52.81000 21.00000 68.57800
24 8 20 14 39 9978.50000 5.78000000 343.46000 52.81000 21.00000 68.57800
24 8 20 14 40 9978.30000 5.78000000 343.30000 52.81000 21.02400 68.57800
24 8 20 14 40 9978.30000 5.78000000 343.32000 52.81000 21.05000 68.57800
24 8 20 14 40 9978.20000 5.78000000 343.19000 52.79000 21.10300 68.57800
24 8 20 14 41 9969.30000 5.78000000 343.20000 52.79000 21.28600 68.57800
24 8 20 14 41 9968.90000 5.78000000 343.00000 52.75000 21.28600 68.57800
24 8 20 14 42 9962.90000 5.78000000 343.00000 52.75000 21.28600 68.47400
24 8 20 14 43 9959.30000 5.78000000 342.54000 52.75000 21.40000 68.46800
24 8 20 14 43 9959.30000 5.78000000 342.55000 52.64000 21.39800 68.46800
24 8 20 14 44 9961.00000 5.78000000 342.68000 52.64000 21.39800 68.46800
24 8 20 14 44 9961.80000 5.78000000 342.55000 52.60000 21.39800 68.46800
24 8 20 14 45 9961.30000 5.78000000 342.57000 52.60000 21.34700 68.46800
24 8 20 14 45 9961.40000 5.78000000 342.59000 52.60000 21.39700 68.46800
24 8 20 14 46 9962.00000 5.78000000 342.57000 52.60000 21.39700 68.46800
24 8 20 14 46 9961.60000 5.78000000 342.53000 52.60000 21.39700 68.46800
24 8 20 14 47 9960.60000 5.78000000 342.19000 52.60000 21.44200 68.54500
24 8 20 14 47 9959.10000 5.78000000 342.05000 52.60000 21.53300 68.54500
24 8 20 14 48 9959.10000 5.78000000 341.86000 52.63000 21.53300 68.54500
24 8 20 14 48 9960.70000 5.78000000 342.17000 52.63000 21.53300 68.54500
24 8 20 14 49 9960.70000 5.78000000 342.70000 52.63000 21.55000 68.54500
24 8 20 14 49 9966.90000 5.78000000 342.88000 52.63000 21.79800 68.54500
24 8 20 14 50 9967.80000 5.76600000 342.70000 52.62000 21.79800 68.54500
24 8 20 14 51 9967.80000 5.76600000 342.45000 52.62000 21.83400 68.80000
24 8 20 14 51 9967.80000 5.76600000 342.49000 52.62000 21.83400 68.80000
24 8 20 14 52 9967.70000 5.76600000 342.52000 52.62000 21.83400 68.80000
24 8 20 14 52 9960.70000 5.76600000 342.35000 52.62000 21.73100 68.80000
24 8 20 14 52 9960.60000 5.76600000 342.35000 52.62000 21.73100 68.80000
24 8 20 14 53 9960.70000 5.76600000 342.36000 52.62000 21.73100 68.80000
24 8 20 14 53 9960.70000 5.76600000 342.36000 52.61000 21.73100 68.80000
24 8 20 14 54 9960.60000 5.76600000 342.35000 52.61000 21.90000 68.80000
24 8 20 14 55 9959.10000 5.76600000 341.77000 52.51000 21.90000 68.80000
24 8 20 14 55 9957.90000 5.76600000 341.84000 52.51000 21.90000 68.46600
24 8 20 14 56 9956.50000 5.76600000 342.04000 52.49000 21.90000 68.46600
24 8 20 14 56 9956.80000 5.76600000 341.90000 52.49000 22.00000 68.46600
24 8 20 14 57 9956.80000 5.76600000 342.14000 52.49000 22.00000 68.46600
24 8 20 14 57 9956.80000 5.76600000 342.12000 52.49000 21.94000 68.46600
24 8 20 14 58 9956.80000 5.76600000 341.98000 52.49000 21.98300 68.46600
24 8 20 14 58 9952.10000 5.76600000 341.99000 52.49000 21.98300 68.46600
24 8 20 14 59 9952.10000 5.74900000 341.54000 52.41000 21.98300 68.45000
24 8 20 14 59 9952.00000 5.74900000 341.34000 52.36000 21.98200 68.44000
24 8 20 15 00 9950.00000 5.74900000 341.05000 52.36000 22.05000 68.21400
24 8 20 15 01 9950.10000 5.74900000 342.00000 52.40000 22.05100 68.21400
24 8 20 15 01 9954.40000 5.74900000 342.02000 52.40000 22.05100 68.41800
24 8 20 15 02 9955.00000 5.74900000 341.92000 52.40000 22.04900 68.41800
24 8 20 15 02 9955.20000 5.74900000 341.92000 52.40000 22.04900 68.41800
24 8 20 15 03 9958.30000 5.74900000 341.92000 52.40000 22.04900 68.41800
24 8 20 15 03 9960.50000 5.74900000 341.92000 52.40000 22.05900 68.41800
24 8 20 15 04 9961.00000 5.75100000 342.14000 52.40000 22.11100 68.41800
24 8 20 15 04 9961.20000 5.75100000 342.14000 52.40000 22.11100 68.41800
24 8 20 15 05 9961.00000 5.75100000 342.10000 52.40000 22.17000 68.41800
24 8 20 15 05 9960.80000 5.75100000 341.91000 52.40000 22.17000 68.41800
24 8 20 15 06 9960.40000 5.75100000 341.90000 52.40000 22.17000 68.41800
24 8 20 15 07 9971.40000 5.76200000 341.90000 52.40000 22.17000 68.41800
24 8 20 15 07 9972.00000 5.76200000 342.04000 52.40000 22.18500 68.41800
24 8 20 15 08 9972.50000 5.76200000 342.01000 52.40000 22.19900 68.41800
24 8 20 15 08 9974.40000 5.76200000 342.11000 52.40000 22.24600 68.41800
24 8 20 15 09 9973.40000 5.76200000 342.12000 52.40000 22.24500 68.41800
24 8 20 15 09 9966.90000 5.76200000 342.15000 52.40000 22.24500 69.25200
24 8 20 15 10 9963.90000 5.76200000 342.04000 52.40000 22.24500 69.25200
24 8 20 15 10 9963.90000 5.76200000 342.05000 52.64000 22.20800 69.25200
24 8 20 15 11 9963.20000 5.76200000 342.05000 52.61000 22.20800 69.25200
24 8 20 15 11 9961.20000 5.76200000 342.07000 52.66000 22.26500 69.25200
24 8 20 15 12 9963.80000 5.74800000 342.04000 52.66000 22.26500 69.25200
24 8 20 15 12 9961.30000 5.74800000 342.02000 52.66000 22.26500 69.25200
24 8 20 15 13 9961.80000 5.74800000 342.01000 52.66000 22.26500 69.25200
24 8 20 15 13 9962.40000 5.74800000 342.00000 52.66000 22.26500 69.25200
24 8 20 15 14 9961.90000 5.74800000 342.00000 52.66000 22.26500 69.25200
24 8 20 15 14 9961.90000 5.74800000 341.99000 52.66000 22.26500 69.25200
24 8 20 15 15 9966.80000 5.74800000 342.04000 52.66000 22.26500 69.25200
24 8 20 15 15 9962.00000 5.74800000 341.99000 52.66000 22.34400 69.25200
24 8 20 15 16 9965.40000 5.74800000 341.99000 52.62000 22.34400 69.25200
24 8 20 15 16 9964.10000 5.74800000 341.98000 52.62000 22.34400 69.25200
24 8 20 15 17 9964.00000 5.74800000 341.62000 52.62000 22.38000 69.25200
24 8 20 15 17 9964.00000 5.74800000 341.13000 52.62000 22.38000 69.25200
24 8 20 15 18 9964.10000 5.74800000 341.90000 52.62000 22.38000 69.25200
24 8 20 15 18 9965.00000 5.74800000 341.73000 52.68000 22.38000 69.25200
24 8 20 15 19 9965.10000 5.74800000 341.91000 52.68000 22.37900 69.25200
24 8 20 15 19 9968.30000 5.74800000 341.92000 52.68000 22.37900 69.25200
24 8 20 15 20 9975.30000 5.74800000 342.34000 52.68000 22.37900 69.25200
24 8 20 15 20 9972.90000 5.74800000 342.28000 52.72000 22.37900 69.25200
24 8 20 15 21 9975.20000 5.74800000 342.36000 52.73000 22.38000 69.25200
24 8 20 15 21 9971.80000 5.74800000 342.40000 52.73000 22.38000 69.25200
24 8 20 15 22 9968.40000 5.74800000 342.37000 52.73000 22.38000 68.98000
24 8 20 15 22 9967.60000 5.74800000 342.36000 52.73000 22.38000 68.88300
24 8 20 15 23 9971.50000 5.74800000 342.36000 52.73000 22.37900 68.88300
24 8 20 15 23 9966.30000 5.74800000 342.21000 52.73000 22.20400 68.88300
24 8 20 15 23 9965.80000 5.74800000 342.22000 52.73000 22.10100 68.88300
24 8 20 15 24 9964.30000 5.74800000 341.92000 52.64000 22.10100 68.88300
24 8 20 15 24 9964.30000 5.74800000 341.94000 52.64000 22.10100 68.88300
24 8 20 15 25 9964.20000 5.74800000 341.82000 52.64000 22.18400 68.88300
24 8 20 15 26 9964.10000 5.74800000 341.63000 52.56000 22.18200 68.38000
24 8 20 15 26 9964.20000 5.74800000 341.13000 52.56000 21.98500 68.23900
24 8 20 15 27 9964.10000 5.74800000 340.60000 52.56000 22.12600 68.23900
24 8 20 15 27 9964.20000 5.74800000 341.13000 52.56000 22.00000 68.29000
24 8 20 15 28 9964.10000 5.74800000 341.24000 52.56000 22.00000 68.29000
24 8 20 15 28 9964.10000 5.74800000 341.23000 52.56000 22.00000 68.29000
24 8 20 15 29 9964.20000 5.74800000 341.19000 52.56000 22.08100 68.29000
24 8 20 15 30 9964.10000 5.74800000 341.41000 52.56000 22.15000 68.29000
24 8 20 15 30 9964.20000 5.74800000 341.41000 52.53000 22.14800 68.29000
24 8 20 15 30 9964.30000 5.74800000 341.41000 52.53000 22.14800 68.29000
24 8 20 15 31 9964.20000 5.74800000 341.41000 52.53000 22.12000 68.29000
24 8 20 15 31 9964.10000 5.74800000 341.41000 52.53000 22.17100 68.29000
24 8 20 15 32 9964.00000 5.74800000 341.41000 52.53000 22.18100 68.29000
24 8 20 15 32 9964.00000 5.74800000 341.10000 52.53000 22.18100 68.29000
24 8 20 15 33 9964.00000 5.74800000 341.02000 52.53000 22.18100 68.29000
24 8 20 15 33 9964.10000 5.74800000 341.01000 52.53000 22.18100 68.35000
