M=[
 6 1 21 12 22 28311.20000 5.99500000 930.41000 132.57000 15.95000 49.43200
 6 1 21 12 22 28315.00000 5.99500000 930.58000 132.64000 15.90000 49.43200
 6 1 21 12 23 28315.00000 6.04100000 931.06000 132.51000 15.87000 49.43200
 6 1 21 12 23 28346.70000 6.00000000 932.62000 132.55000 15.84100 49.43200
 6 1 21 12 23 28315.00000 6.00000000 930.79000 132.70000 15.83400 49.43200
 6 1 21 12 24 28315.10000 6.00000000 930.00000 132.68000 15.81500 49.43200
 6 1 21 12 24 28324.00000 6.01900000 930.52000 132.72000 15.81500 49.43200
 6 1 21 12 25 28326.80000 6.01900000 930.12000 132.67000 15.71800 49.43200
 6 1 21 12 25 28296.50000 6.01900000 929.21000 132.58000 15.71800 49.43200
 6 1 21 12 26 28286.50000 6.01900000 929.07000 132.54000 15.71800 49.58200
 6 1 21 12 26 28300.00000 6.01900000 930.17000 132.49000 15.65900 49.58200
 6 1 21 12 26 28325.80000 6.01900000 931.50000 132.58000 15.65900 49.58200
 6 1 21 12 27 28355.20000 6.01900000 931.89000 132.72000 15.65900 49.58200
 6 1 21 12 27 28379.90000 6.01900000 931.46000 132.71000 15.75000 49.58200
 6 1 21 12 28 28380.00000 6.05900000 931.96000 132.72000 15.70000 49.58200
 6 1 21 12 28 28379.90000 6.05900000 932.98000 132.72000 15.70000 49.58200
 6 1 21 12 29 28380.00000 6.05900000 932.89000 132.73000 15.70000 49.58200
 6 1 21 12 29 28389.40000 6.05900000 932.91000 132.74000 15.70000 49.58200
 6 1 21 12 29 28378.20000 6.05900000 932.01000 132.62000 15.75000 49.67500
 6 1 21 12 30 28378.50000 6.05900000 931.79000 132.67000 15.76000 49.67500
 6 1 21 12 30 28378.40000 6.05900000 931.01000 132.63000 15.76000 49.67500
 6 1 21 12 31 28336.20000 6.05900000 930.01000 132.35000 15.76000 49.67500
 6 1 21 12 31 28340.80000 6.03400000 929.94000 132.28000 15.76000 49.67500
 6 1 21 12 32 28370.40000 6.06600000 931.73000 132.43000 15.76000 49.64100
 6 1 21 12 32 28354.70000 6.04000000 930.82000 132.43000 15.76000 49.52000
 6 1 21 12 32 28354.70000 6.04000000 931.70000 132.41000 15.76000 49.52000
 6 1 21 12 33 28350.00000 6.04000000 930.95000 132.32000 15.78000 49.52000
 6 1 21 12 33 28300.00000 6.04000000 930.00000 132.21000 15.78000 49.52000
 6 1 21 12 34 28270.90000 6.04000000 928.00000 131.92000 15.78000 49.52000
 6 1 21 12 34 28228.90000 6.04000000 927.60000 131.74000 15.78000 49.52000
 6 1 21 12 35 28186.60000 6.06000000 927.41000 131.98000 15.78000 49.52000
 6 1 21 12 35 28178.20000 6.03200000 926.06000 131.99000 15.78000 49.57700
 6 1 21 12 35 28200.40000 6.03200000 925.95000 131.94000 15.78000 49.57700
 6 1 21 12 36 28211.50000 6.03200000 927.33000 132.08000 15.78000 49.57700
 6 1 21 12 36 28201.70000 6.03200000 927.72000 132.17000 15.78000 49.42600
 6 1 21 12 37 28130.00000 6.03200000 926.91000 132.13000 15.78000 49.42600
 6 1 21 12 37 28150.40000 6.03200000 926.79000 132.11000 15.78000 49.40000
 6 1 21 12 38 28165.00000 6.03200000 926.64000 132.10000 15.78000 49.40000
 6 1 21 12 38 28189.10000 6.03200000 928.00000 132.15000 15.97000 49.40000
 6 1 21 12 38 28199.90000 6.03200000 927.98000 132.24000 15.97000 49.40000
 6 1 21 12 39 28177.90000 6.03200000 926.92000 132.09000 16.01300 49.40000
 6 1 21 12 39 28200.00000 6.03200000 927.19000 132.15000 16.01300 49.40000
 6 1 21 12 40 28193.30000 6.03200000 927.01000 132.06000 16.09000 49.40000
 6 1 21 12 40 28200.40000 6.03200000 928.01000 132.00000 16.13600 49.40000
 6 1 21 12 41 28190.00000 6.04800000 926.71000 131.85000 16.13600 49.40000
 6 1 21 12 41 28198.50000 6.04800000 926.41000 132.00000 16.13600 49.40000
 6 1 21 12 41 28174.60000 6.04800000 924.27000 131.88000 16.11000 49.40000
 6 1 21 12 42 28146.90000 6.04900000 924.49000 131.75000 16.11000 49.38200
 6 1 21 12 42 28174.10000 6.04900000 925.24000 131.79000 16.11000 49.38200
 6 1 21 12 43 28201.90000 6.03000000 925.92000 131.95000 16.16700 49.38200
 6 1 21 12 43 28199.80000 6.03000000 925.03000 131.84000 16.21500 49.38200
 6 1 21 12 44 28201.70000 6.03000000 925.34000 131.78000 16.21500 49.38200
 6 1 21 12 44 28201.70000 6.03000000 924.26000 131.58000 16.07200 49.42300
 6 1 21 12 44 28200.00000 6.03000000 922.03000 131.49000 16.07200 49.42300
 6 1 21 12 45 28114.10000 6.03000000 920.00000 131.26000 16.07200 49.42300
 6 1 21 12 45 28091.30000 6.03000000 919.00000 131.31000 16.00000 49.42300
 6 1 21 12 46 28091.70000 6.03300000 920.53000 131.70000 16.00000 49.44100
 6 1 21 12 46 28099.90000 6.03300000 922.64000 131.78000 15.97300 49.44100
 6 1 21 12 47 28132.10000 6.03300000 923.75000 132.16000 15.97300 49.30800
 6 1 21 12 47 28152.40000 6.03300000 924.01000 132.02000 15.97300 49.30800
 6 1 21 12 47 28165.50000 6.03300000 924.51000 131.94000 15.97300 49.49900
 6 1 21 12 48 28150.00000 6.03300000 922.00000 131.82000 15.97300 49.49900
 6 1 21 12 48 28192.10000 6.01200000 924.73000 131.91000 15.97300 49.49900
 6 1 21 12 49 28211.90000 6.01200000 925.00000 132.03000 15.92000 49.49900
 6 1 21 12 49 28226.60000 6.01500000 925.86000 132.12000 15.92000 49.48800
 6 1 21 12 50 28234.50000 6.01500000 926.98000 132.25000 15.92000 49.48800
 6 1 21 12 50 28219.10000 6.01500000 923.87000 132.12000 15.92000 49.48700
 6 1 21 12 50 28234.50000 6.01500000 925.49000 132.13000 15.92000 49.48700
 6 1 21 12 51 28299.80000 6.01500000 925.73000 132.08000 15.92000 49.30000
 6 1 21 12 51 28300.00000 6.00700000 926.04000 132.28000 15.82300 49.30000
 6 1 21 12 52 28378.60000 6.00500000 928.87000 132.64000 15.82300 49.30000
 6 1 21 12 52 28400.00000 6.03600000 929.45000 132.64000 15.82100 49.21400
 6 1 21 12 53 28395.00000 6.02100000 929.78000 132.64000 15.82100 49.31000
 6 1 21 12 53 28397.30000 6.02100000 930.57000 132.38000 15.82200 49.31000
 6 1 21 12 53 28356.10000 6.01400000 928.93000 132.45000 15.82100 49.31000
 6 1 21 12 54 28355.90000 6.01400000 929.37000 132.45000 15.81500 49.31000
 6 1 21 12 54 28370.00000 6.01400000 929.85000 132.67000 15.81500 49.31000
 6 1 21 12 55 28369.80000 6.04600000 929.11000 132.67000 15.69200 49.31000
 6 1 21 12 55 28349.50000 6.04600000 928.73000 132.75000 15.69200 49.31000
 6 1 21 12 56 28337.20000 6.04600000 928.01000 133.04000 15.69200 49.54200
 6 1 21 12 56 28341.70000 6.02700000 928.54000 132.84000 15.74100 49.54200
 6 1 21 12 56 28317.20000 6.02700000 926.74000 132.49000 15.74100 49.54200
 6 1 21 12 57 28324.40000 6.02700000 927.45000 132.45000 15.74100 49.54200
 6 1 21 12 57 28307.50000 6.02700000 926.42000 132.20000 15.82900 49.49500
 6 1 21 12 58 28341.30000 6.02700000 927.44000 132.10000 15.82900 49.49500
 6 1 21 12 58 28395.00000 6.05400000 929.45000 132.30000 15.82900 49.49500
 6 1 21 12 58 28400.00000 6.02200000 929.61000 132.30000 15.82900 49.49500
 6 1 21 12 59 28409.90000 6.02200000 930.01000 132.30000 15.82900 49.49500
 6 1 21 12 59 28409.90000 6.02200000 930.78000 132.74000 15.82100 49.49500
 6 1 21 13 00 28488.90000 6.02200000 932.00000 132.91000 15.82100 49.67900
 6 1 21 13 00 28500.00000 6.02200000 934.20000 133.09000 15.84200 49.67900
 6 1 21 13 01 28484.40000 6.04500000 932.84000 132.95000 15.84200 49.78100
 6 1 21 13 01 28499.80000 6.04500000 932.06000 132.95000 15.84200 49.92000
 6 1 21 13 01 28499.90000 6.04300000 932.92000 132.99000 15.84200 49.92000
 6 1 21 13 02 28485.80000 6.04300000 932.59000 133.00000 15.84200 49.98000
 6 1 21 13 02 28480.30000 6.06900000 932.72000 133.10000 15.74300 49.98000
 6 1 21 13 03 28456.50000 6.09400000 932.00000 133.35000 15.74300 50.11900
 6 1 21 13 03 28442.20000 6.09400000 929.45000 133.14000 15.74300 50.11900
 6 1 21 13 04 28426.50000 6.10000000 929.34000 133.14000 15.74300 50.26900
 6 1 21 13 04 28442.10000 6.10000000 931.02000 133.11000 15.74300 50.26900
 6 1 21 13 04 28442.20000 6.11000000 930.49000 133.09000 15.74300 50.26900
 6 1 21 13 05 28400.10000 6.12600000 930.01000 132.89000 15.74300 50.29400
 6 1 21 13 05 28395.50000 6.12500000 928.01000 132.97000 15.74300 50.20700
 6 1 21 13 06 28343.00000 6.11200000 927.90000 132.75000 15.74300 50.20700
 6 1 21 13 06 28339.00000 6.11200000 928.03000 132.56000 15.74300 50.09500
 6 1 21 13 07 28339.00000 6.12000000 927.96000 132.50000 15.74000 50.18900
