M=[
 5 1 21 07 50 25215.70000 5.56600000 821.79000 123.26000 14.22100 47.74800
 5 1 21 07 51 25247.00000 5.56600000 821.87000 123.42000 14.14500 47.74800
 5 1 21 07 51 25247.30000 5.56600000 822.77000 123.42000 14.14500 47.74800
 5 1 21 07 51 25251.50000 5.55600000 822.75000 123.42000 14.14500 47.74800
 5 1 21 07 52 25244.50000 5.55600000 821.64000 123.59000 14.14500 47.74800
 5 1 21 07 52 25222.00000 5.55600000 821.93000 123.44000 14.14500 47.74800
 5 1 21 07 53 25250.00000 5.55600000 823.55000 123.44000 14.14500 47.70000
 5 1 21 07 53 25266.20000 5.55600000 824.68000 123.64000 14.14500 47.70000
 5 1 21 07 54 25265.30000 5.55600000 823.56000 123.55000 14.14500 47.70000
 5 1 21 07 54 25250.10000 5.55600000 822.80000 123.50000 14.14500 47.70000
 5 1 21 07 54 25237.50000 5.55600000 822.56000 123.50000 14.13500 47.70000
 5 1 21 07 55 25249.90000 5.55600000 822.43000 123.37000 14.13500 47.70000
 5 1 21 07 55 25214.90000 5.55600000 822.17000 123.37000 14.13500 47.70000
 5 1 21 07 56 25221.20000 5.55600000 822.77000 123.44000 14.13500 47.70000
 5 1 21 07 56 25271.80000 5.55600000 824.00000 123.44000 14.13500 47.70000
 5 1 21 07 57 25262.10000 5.55600000 824.23000 123.46000 14.13500 47.70000
 5 1 21 07 57 25224.90000 5.55600000 824.08000 123.64000 14.13500 47.70000
 5 1 21 07 57 25193.80000 5.55600000 822.14000 123.46000 14.13500 47.70000
 5 1 21 07 58 25181.50000 5.55600000 821.01000 123.22000 14.13500 47.70000
 5 1 21 07 58 25181.30000 5.55600000 820.89000 123.02000 14.19400 47.70000
 5 1 21 07 59 25150.00000 5.55600000 819.16000 123.01000 14.21700 47.70000
 5 1 21 07 59 25154.10000 5.55600000 818.41000 123.02000 14.21700 47.70000
 5 1 21 08 00 25180.30000 5.55600000 819.23000 123.06000 14.21700 47.70000
 5 1 21 08 00 25200.00000 5.55600000 822.36000 123.34000 14.21700 47.57900
 5 1 21 08 00 25214.90000 5.57800000 822.47000 123.35000 14.21700 47.57900
 5 1 21 08 01 25265.50000 5.57800000 822.75000 123.50000 14.21700 47.57900
 5 1 21 08 01 25286.30000 5.57800000 825.89000 123.83000 14.21700 47.67600
 5 1 21 08 02 25312.90000 5.57800000 828.92000 124.09000 14.21700 47.67600
 5 1 21 08 02 25312.10000 5.57800000 828.48000 124.09000 14.22100 47.67600
 5 1 21 08 03 25281.50000 5.57800000 827.58000 124.09000 14.22100 47.67600
 5 1 21 08 03 25282.20000 5.60300000 826.39000 123.79000 14.22100 47.67600
 5 1 21 08 03 25277.20000 5.60300000 827.00000 123.83000 14.28300 47.67600
 5 1 21 08 04 25250.10000 5.60300000 826.03000 123.79000 14.28300 47.67600
 5 1 21 08 04 25254.90000 5.60300000 826.87000 123.79000 14.28300 47.67600
 5 1 21 08 05 25222.00000 5.60300000 825.04000 123.22000 14.28300 47.67600
 5 1 21 08 05 25281.40000 5.60300000 827.87000 123.46000 14.28300 47.67600
 5 1 21 08 06 25298.00000 5.60500000 828.55000 123.46000 14.28300 47.67600
 5 1 21 08 06 25278.90000 5.60500000 827.07000 123.35000 14.28300 47.67600
 5 1 21 08 06 25301.30000 5.60500000 827.61000 123.44000 14.28300 47.67600
 5 1 21 08 07 25369.70000 5.60500000 831.00000 123.67000 14.28300 47.67600
 5 1 21 08 07 25450.00000 5.60500000 832.82000 123.85000 14.05100 47.67600
 5 1 21 08 08 25435.50000 5.60500000 831.52000 123.91000 14.05100 47.67600
 5 1 21 08 08 25492.70000 5.61000000 833.49000 124.70000 14.05100 47.67600
 5 1 21 08 09 25490.00000 5.61000000 832.53000 124.37000 14.05100 47.67600
 5 1 21 08 09 25483.10000 5.61000000 832.59000 124.37000 14.05100 47.67600
 5 1 21 08 09 25503.00000 5.61000000 836.50000 124.39000 14.05100 47.67600
 5 1 21 08 10 25544.00000 5.61000000 837.13000 124.68000 14.05100 47.97600
 5 1 21 08 10 25548.80000 5.61000000 836.78000 124.65000 14.05100 47.97600
 5 1 21 08 11 25576.30000 5.61000000 838.47000 125.00000 14.05100 47.97600
 5 1 21 08 11 25598.50000 5.61000000 839.00000 125.00000 14.05100 47.97600
 5 1 21 08 12 25584.80000 5.61000000 838.56000 124.99000 14.05100 47.97600
 5 1 21 08 12 25554.00000 5.66400000 839.90000 124.79000 14.05100 47.97600
 5 1 21 08 12 25615.50000 5.66400000 842.00000 125.11000 14.05100 47.97600
 5 1 21 08 13 25619.20000 5.66400000 840.02000 125.03000 14.05100 47.97600
 5 1 21 08 13 25592.50000 5.66400000 843.43000 125.16000 14.05100 47.97600
 5 1 21 08 14 25586.90000 5.66400000 842.51000 125.03000 14.05100 47.97600
 5 1 21 08 14 25614.50000 5.66400000 844.98000 125.33000 14.05100 47.97600
 5 1 21 08 14 25598.50000 5.66400000 843.54000 124.87000 14.05100 47.97600
 5 1 21 08 15 25590.00000 5.66400000 842.27000 124.86000 14.05100 47.97600
 5 1 21 08 15 25600.00000 5.66400000 845.25000 125.03000 14.05100 47.97600
 5 1 21 08 16 25611.30000 5.66400000 844.51000 125.22000 14.11200 47.97600
 5 1 21 08 16 25600.10000 5.66400000 846.00000 125.11000 14.11200 47.97600
 5 1 21 08 17 25612.40000 5.66400000 845.99000 125.10000 14.11200 47.97600
 5 1 21 08 17 25631.60000 5.66400000 846.50000 125.11000 14.11200 47.97600
 5 1 21 08 18 25675.80000 5.66400000 848.89000 125.23000 14.11200 47.97600
 5 1 21 08 18 25682.20000 5.66400000 849.40000 125.37000 14.11200 47.97600
 5 1 21 08 18 25685.00000 5.66400000 850.95000 125.38000 14.11200 47.97600
 5 1 21 08 19 25687.60000 5.66400000 851.13000 125.50000 14.11200 47.97600
 5 1 21 08 19 25689.10000 5.66400000 851.65000 125.50000 14.11200 47.97600
 5 1 21 08 20 25690.10000 5.66400000 850.02000 125.43000 14.11200 47.97600
 5 1 21 08 20 25656.10000 5.66400000 848.83000 125.46000 14.11200 47.97600
 5 1 21 08 20 25656.20000 5.66400000 848.11000 125.33000 14.11200 47.84400
 5 1 21 08 21 25595.50000 5.66400000 846.16000 125.34000 14.17300 47.84400
 5 1 21 08 21 25603.80000 5.64400000 845.06000 125.34000 14.17300 47.84400
 5 1 21 08 22 25570.70000 5.65900000 844.49000 125.20000 14.17300 47.84400
 5 1 21 08 22 25645.30000 5.65900000 848.00000 125.30000 14.17300 47.84400
 5 1 21 08 23 25590.40000 5.65900000 845.10000 125.13000 14.25600 47.84400
 5 1 21 08 23 25590.10000 5.65900000 846.67000 125.20000 14.40500 47.84400
 5 1 21 08 23 25590.10000 5.65900000 845.70000 125.19000 14.40500 47.84400
 5 1 21 08 24 25544.60000 5.65900000 844.37000 125.19000 14.40500 47.84400
 5 1 21 08 24 25544.00000 5.65900000 845.18000 125.08000 14.40500 47.84400
 5 1 21 08 25 25574.10000 5.65900000 846.34000 125.13000 14.40500 47.84400
 5 1 21 08 25 25539.80000 5.65900000 843.35000 125.07000 14.40500 47.84400
 5 1 21 08 26 25527.40000 5.65900000 844.19000 125.00000 14.40500 47.84400
 5 1 21 08 26 25523.00000 5.65900000 844.11000 125.13000 14.40500 47.84400
 5 1 21 08 26 25500.20000 5.65900000 844.93000 125.00000 14.40500 47.84400
 5 1 21 08 27 25535.80000 5.65900000 844.00000 124.88000 14.40500 47.84400
 5 1 21 08 27 25562.40000 5.65900000 844.25000 124.98000 14.40500 47.84400
 5 1 21 08 28 25542.90000 5.65900000 842.09000 124.69000 14.40500 47.84400
 5 1 21 08 28 25529.70000 5.65900000 843.00000 124.59000 14.40500 47.84400
 5 1 21 08 29 25547.00000 5.65900000 843.16000 124.64000 14.40500 47.84400
 5 1 21 08 29 25526.80000 5.65900000 842.81000 124.68000 14.40500 47.95200
 5 1 21 08 29 25500.90000 5.65900000 840.53000 124.62000 14.40500 47.95200
 5 1 21 08 30 25510.50000 5.65200000 840.71000 124.52000 14.40500 47.95200
 5 1 21 08 30 25514.20000 5.65200000 841.47000 124.60000 14.40500 47.95200
 5 1 21 08 31 25540.10000 5.65800000 842.48000 124.60000 14.40500 47.95200
 5 1 21 08 31 25547.30000 5.64300000 843.41000 124.60000 14.40500 47.95200
 5 1 21 08 32 25528.80000 5.64100000 842.15000 124.67000 14.40500 47.96100
 5 1 21 08 32 25504.90000 5.64100000 841.45000 124.60000 14.40500 47.96100
 5 1 21 08 32 25510.10000 5.64100000 842.10000 124.67000 14.40500 47.96100
 5 1 21 08 33 25507.30000 5.63900000 841.97000 124.67000 14.40500 47.96100
 5 1 21 08 33 25500.10000 5.63900000 841.28000 124.67000 14.40500 47.96100
 5 1 21 08 34 25511.00000 5.67100000 841.41000 124.67000 14.40500 48.08000
 5 1 21 08 34 25521.90000 5.65100000 842.94000 124.67000 14.40500 48.08000
 5 1 21 08 35 25553.20000 5.65100000 843.89000 124.69000 14.40500 48.08000
 5 1 21 08 35 25560.00000 5.65100000 845.13000 124.85000 14.40500 48.08000
