M=[
 6 12 20 21 02 15828.10000 5.06000000 491.10000 67.82000 17.59700 60.37100
 6 12 20 21 02 15828.10000 5.06000000 491.05000 67.81000 17.69900 60.37100
 6 12 20 21 03 15828.10000 5.06000000 491.07000 67.81000 17.69900 60.37100
 6 12 20 21 03 15822.60000 5.06000000 491.03000 67.81000 17.62900 60.37100
 6 12 20 21 04 15820.80000 5.06000000 491.02000 67.84000 17.64900 60.20400
 6 12 20 21 04 15819.40000 5.06000000 491.00000 67.84000 17.64900 60.20400
 6 12 20 21 05 15812.80000 5.06000000 490.61000 67.84000 17.49000 60.20400
 6 12 20 21 05 15809.20000 5.06000000 490.46000 67.84000 17.63800 60.20400
 6 12 20 21 05 15808.10000 5.05100000 490.15000 67.84000 17.64700 60.20400
 6 12 20 21 06 15808.10000 5.05100000 490.15000 67.84000 17.64000 60.24700
 6 12 20 21 06 15800.00000 5.05100000 490.01000 67.77000 17.63500 60.24700
 6 12 20 21 07 15796.30000 5.05100000 490.00000 67.67000 17.59400 60.24700
 6 12 20 21 07 15798.80000 5.05100000 490.06000 67.67000 17.65000 60.24700
 6 12 20 21 08 15798.60000 5.05100000 490.04000 67.67000 17.70400 60.24700
 6 12 20 21 08 15799.30000 5.05100000 490.04000 67.67000 17.70500 60.24700
 6 12 20 21 08 15804.20000 5.05100000 490.04000 67.67000 17.70500 60.24700
 6 12 20 21 09 15797.90000 5.05100000 490.21000 67.67000 17.70500 60.24700
 6 12 20 21 09 15797.10000 5.05100000 490.21000 67.67000 17.70500 60.24700
 6 12 20 21 10 15799.90000 5.05100000 490.54000 67.67000 17.75000 60.24700
 6 12 20 21 10 15800.00000 5.05100000 490.57000 67.67000 17.75000 60.24700
 6 12 20 21 11 15803.40000 5.05100000 490.57000 67.69000 17.75000 60.24700
 6 12 20 21 11 15799.90000 5.05100000 490.34000 67.69000 17.75000 60.24700
 6 12 20 21 11 15800.00000 5.05100000 490.34000 67.69000 17.75000 60.24700
 6 12 20 21 12 15800.30000 5.05100000 490.45000 67.69000 17.75000 60.24700
 6 12 20 21 12 15801.40000 5.05100000 490.46000 67.69000 17.75000 60.24700
 6 12 20 21 13 15803.10000 5.05100000 490.46000 67.69000 17.75000 60.24700
 6 12 20 21 13 15803.10000 5.05100000 490.46000 67.74000 17.72800 60.24700
 6 12 20 21 14 15801.20000 5.05100000 490.57000 67.74000 17.72800 60.24700
 6 12 20 21 14 15805.80000 5.05100000 490.57000 67.74000 17.72800 60.24700
 6 12 20 21 14 15802.90000 5.05100000 490.52000 67.74000 17.72800 60.24700
 6 12 20 21 15 15806.80000 5.05100000 490.52000 67.74000 17.72800 60.24700
 6 12 20 21 15 15803.40000 5.05100000 490.52000 67.74000 17.72800 60.24700
 6 12 20 21 16 15799.80000 5.05100000 490.50000 67.78000 17.74800 60.24700
 6 12 20 21 16 15798.50000 5.05100000 490.51000 67.78000 17.74800 60.24700
 6 12 20 21 17 15797.40000 5.05100000 490.51000 67.78000 17.74800 60.24700
 6 12 20 21 17 15797.40000 5.05100000 490.57000 67.86000 17.74800 60.24700
 6 12 20 21 17 15798.40000 5.05100000 490.82000 67.86000 17.74800 60.24700
 6 12 20 21 18 15797.40000 5.05100000 490.75000 67.86000 17.60100 60.24700
 6 12 20 21 18 15798.10000 5.05100000 490.47000 67.87000 17.60100 60.24700
 6 12 20 21 19 15799.70000 5.05100000 490.72000 67.87000 17.60100 60.24700
 6 12 20 21 19 15798.50000 5.05100000 490.53000 67.87000 17.60100 60.24700
 6 12 20 21 20 15808.80000 5.05100000 490.80000 67.87000 17.60100 60.24700
 6 12 20 21 20 15806.70000 5.05100000 490.80000 67.87000 17.60100 60.24700
 6 12 20 21 20 15797.60000 5.05100000 490.53000 67.87000 17.74800 60.24700
 6 12 20 21 21 15803.40000 5.05100000 490.65000 67.81000 17.74800 60.24700
 6 12 20 21 21 15803.30000 5.05100000 490.65000 67.82000 17.74800 60.24700
 6 12 20 21 22 15805.50000 5.05100000 490.74000 67.82000 17.74800 60.24700
 6 12 20 21 22 15803.80000 5.03200000 490.68000 67.82000 17.74800 60.24700
 6 12 20 21 23 15803.30000 5.03200000 490.68000 67.82000 17.76400 60.24700
 6 12 20 21 23 15805.50000 5.03200000 490.68000 67.82000 17.76400 60.24700
 6 12 20 21 23 15811.70000 5.03200000 490.99000 67.86000 17.76400 60.24700
 6 12 20 21 24 15814.70000 5.03200000 491.01000 67.86000 17.76400 60.24700
 6 12 20 21 24 15806.60000 5.03200000 491.01000 67.85000 17.76400 60.24700
 6 12 20 21 25 15804.70000 5.03200000 490.66000 67.85000 17.76600 60.24700
 6 12 20 21 25 15807.90000 5.03200000 490.86000 67.85000 17.76600 60.24700
 6 12 20 21 26 15809.20000 5.03200000 490.61000 67.90000 17.91400 60.24700
 6 12 20 21 26 15815.10000 5.03200000 490.61000 67.90000 17.91400 60.24700
 6 12 20 21 26 15814.00000 5.03200000 490.61000 67.90000 17.97000 60.24700
 6 12 20 21 27 15818.30000 5.03200000 490.61000 67.90000 17.97600 60.24700
 6 12 20 21 27 15818.40000 5.03200000 490.61000 67.90000 17.97600 60.24700
 6 12 20 21 28 15815.20000 5.03200000 490.92000 67.90000 17.97600 60.24700
 6 12 20 21 28 15816.30000 5.03200000 490.90000 67.90000 17.97600 60.24700
 6 12 20 21 29 15818.00000 5.03200000 491.14000 67.90000 17.97600 60.24700
 6 12 20 21 29 15818.10000 5.03200000 491.00000 67.90000 17.97600 60.24700
 6 12 20 21 29 15816.50000 5.03200000 491.02000 67.90000 17.97600 60.24700
 6 12 20 21 30 15818.00000 5.03200000 491.02000 67.90000 17.97600 60.24700
 6 12 20 21 30 15816.50000 5.03200000 491.02000 67.90000 17.97600 60.24700
 6 12 20 21 31 15820.00000 5.03200000 491.29000 67.88000 17.97600 60.24700
 6 12 20 21 31 15828.50000 5.03200000 491.58000 67.88000 17.97700 60.24700
 6 12 20 21 32 15828.60000 5.03200000 491.50000 67.98000 17.97700 60.24700
 6 12 20 21 32 15828.50000 5.03200000 491.74000 68.07000 17.97700 60.24700
 6 12 20 21 32 15828.40000 5.03200000 491.72000 68.05000 17.97700 60.24700
 6 12 20 21 33 15828.40000 5.03200000 491.73000 68.05000 17.97700 60.24700
 6 12 20 21 33 15828.50000 5.03200000 491.72000 68.05000 17.97700 60.24700
 6 12 20 21 34 15828.50000 5.03200000 491.50000 68.05000 17.97700 60.24700
 6 12 20 21 34 15828.60000 5.03200000 491.50000 68.05000 17.81700 60.24700
 6 12 20 21 35 15828.50000 5.03200000 491.65000 68.05000 17.81700 60.24700
 6 12 20 21 35 15828.50000 5.03200000 491.65000 68.01000 17.81700 60.24700
 6 12 20 21 35 15828.60000 5.03200000 491.65000 68.01000 17.81700 60.24700
 6 12 20 21 36 15828.50000 5.03200000 491.70000 68.01000 17.81700 60.24700
 6 12 20 21 36 15828.50000 5.03200000 491.73000 68.05000 17.82700 60.24700
 6 12 20 21 37 15828.60000 5.06000000 491.71000 68.05000 17.97400 60.24700
 6 12 20 21 37 15828.50000 5.06000000 491.71000 68.05000 17.97400 60.24700
 6 12 20 21 38 15828.60000 5.06000000 491.72000 67.97000 17.97400 60.24700
 6 12 20 21 38 15828.50000 5.06000000 491.72000 67.97000 17.97400 60.24700
 6 12 20 21 38 15828.60000 5.06000000 491.73000 67.97000 17.97400 60.24700
 6 12 20 21 39 15828.60000 5.06000000 491.73000 67.97000 18.14400 60.24700
 6 12 20 21 39 15828.60000 5.06000000 491.99000 67.97000 18.14400 60.24700
 6 12 20 21 40 15828.60000 5.06000000 491.91000 68.05000 18.14400 60.24700
 6 12 20 21 40 15828.60000 5.06000000 491.94000 68.05000 18.14400 60.24700
 6 12 20 21 41 15828.60000 5.06000000 491.94000 68.05000 18.14400 60.24700
 6 12 20 21 41 15828.60000 5.06000000 491.94000 68.05000 18.14000 60.24700
 6 12 20 21 41 15828.60000 5.06000000 491.94000 68.05000 18.14000 60.24700
 6 12 20 21 42 15828.60000 5.06000000 491.94000 68.05000 18.10300 60.24700
 6 12 20 21 42 15828.60000 5.06000000 491.94000 68.00000 18.10300 60.24700
 6 12 20 21 43 15828.60000 5.06000000 491.86000 68.00000 17.97400 60.24700
 6 12 20 21 43 15828.60000 5.06000000 491.96000 68.00000 18.10100 60.24700
 6 12 20 21 44 15828.50000 5.06000000 491.95000 68.00000 18.10100 60.24700
 6 12 20 21 44 15828.50000 5.06000000 491.94000 68.00000 18.10300 60.24700
 6 12 20 21 44 15828.60000 5.06000000 491.94000 68.00000 18.10300 60.24700
 6 12 20 21 45 15828.60000 5.06000000 491.94000 68.05000 18.10300 60.24700
 6 12 20 21 45 15826.80000 5.06000000 491.97000 68.05000 18.10300 60.24700
 6 12 20 21 46 15826.80000 5.06000000 491.97000 68.05000 18.10300 60.24700
 6 12 20 21 46 15828.60000 5.06000000 491.97000 68.05000 18.10300 60.24700
 6 12 20 21 47 15828.50000 5.06000000 492.00000 68.08000 18.10300 60.24700
 6 12 20 21 47 15828.60000 5.06000000 492.00000 68.08000 18.04900 60.24700
