M=[
27 7 20 20 18 9209.10000 6.13100000 275.85000 45.07000 17.85900 60.87500
27 7 20 20 19 9209.10000 6.13100000 275.85000 45.31000 17.85900 60.87500
27 7 20 20 19 9205.90000 6.13100000 275.84000 45.35000 17.85900 60.87500
27 7 20 20 20 9212.50000 6.13100000 275.84000 45.51000 17.85900 60.87500
27 7 20 20 20 9214.90000 6.13100000 275.98000 45.76000 17.85900 60.87500
27 7 20 20 21 9212.40000 6.16600000 276.07000 45.91000 17.85900 60.87500
27 7 20 20 21 9210.30000 6.16600000 276.17000 45.93000 17.84000 60.87500
27 7 20 20 22 9214.30000 6.13900000 276.13000 46.01000 17.84000 60.87500
27 7 20 20 22 9212.90000 6.14800000 276.13000 45.80000 17.84000 60.87500
27 7 20 20 23 9211.50000 6.15000000 276.11000 45.80000 17.84000 60.87500
27 7 20 20 23 9210.50000 6.15000000 276.09000 45.89000 17.84000 60.87500
27 7 20 20 24 9211.90000 6.15000000 276.10000 45.87000 17.84000 60.87500
27 7 20 20 24 9210.00000 6.13800000 275.30000 45.52000 17.72300 60.87500
27 7 20 20 25 9199.10000 6.12800000 275.53000 45.57000 17.72300 60.63800
27 7 20 20 25 9206.40000 6.12800000 275.68000 45.73000 17.72300 60.63800
27 7 20 20 26 9213.00000 6.12800000 275.70000 45.73000 17.72300 60.63800
27 7 20 20 26 9209.70000 6.12800000 275.70000 45.65000 17.72300 60.63800
27 7 20 20 27 9210.60000 6.12800000 275.51000 45.63000 17.72300 60.63800
27 7 20 20 27 9210.60000 6.12800000 275.35000 45.62000 17.70000 60.63800
27 7 20 20 28 9213.50000 6.12800000 275.34000 45.67000 17.70000 60.63800
27 7 20 20 28 9211.80000 6.12800000 275.40000 45.75000 17.70000 60.63800
27 7 20 20 29 9215.30000 6.12800000 275.69000 45.99000 17.70000 60.73900
27 7 20 20 29 9215.10000 6.12800000 275.48000 46.00000 17.70000 60.73900
27 7 20 20 30 9215.50000 6.15000000 275.71000 46.08000 17.70000 60.73900
27 7 20 20 30 9215.80000 6.15000000 275.71000 46.14000 17.70000 60.73900
27 7 20 20 30 9211.10000 6.15000000 275.59000 46.10000 17.70000 60.62600
27 7 20 20 31 9209.10000 6.15000000 275.58000 46.13000 17.57000 60.62600
27 7 20 20 31 9210.30000 6.15000000 275.55000 46.09000 17.57000 60.62600
27 7 20 20 32 9215.60000 6.15000000 275.57000 46.03000 17.57000 60.62600
27 7 20 20 32 9215.60000 6.15000000 275.71000 46.03000 17.59700 60.62600
27 7 20 20 33 9209.90000 6.15000000 276.01000 46.00000 17.59700 60.62600
27 7 20 20 33 9210.60000 6.17300000 276.01000 45.85000 17.59700 60.62600
27 7 20 20 34 9214.30000 6.17300000 275.88000 45.93000 17.59700 60.62600
27 7 20 20 34 9214.40000 6.17300000 275.86000 45.96000 17.59700 60.62600
27 7 20 20 35 9212.20000 6.12800000 275.73000 45.96000 17.59700 60.62600
27 7 20 20 35 9215.00000 6.12800000 275.67000 45.95000 17.59400 60.62600
27 7 20 20 36 9215.00000 6.12800000 275.65000 46.11000 17.59400 60.62600
27 7 20 20 36 9215.00000 6.12800000 275.64000 46.16000 17.59400 60.62600
27 7 20 20 37 9217.80000 6.12800000 275.86000 46.43000 17.59400 60.62600
27 7 20 20 37 9217.70000 6.12800000 275.86000 46.37000 17.59400 60.62600
27 7 20 20 38 9215.70000 6.12800000 275.85000 46.37000 17.59400 60.62600
27 7 20 20 38 9218.40000 6.12800000 275.70000 46.48000 17.59400 60.62600
27 7 20 20 38 9219.00000 6.12800000 275.85000 46.54000 17.59400 60.62600
27 7 20 20 39 9221.60000 6.12800000 275.82000 46.57000 17.59400 60.62600
27 7 20 20 39 9225.10000 6.12800000 276.00000 46.56000 17.57700 60.62600
27 7 20 20 40 9226.90000 6.12800000 276.04000 46.64000 17.57700 60.62600
27 7 20 20 40 9231.00000 6.12800000 276.31000 46.69000 17.57700 60.62600
27 7 20 20 41 9236.70000 6.12800000 276.39000 46.64000 17.57700 60.62600
27 7 20 20 41 9234.80000 6.12800000 276.38000 46.69000 17.57700 60.62600
27 7 20 20 42 9236.00000 6.12800000 276.38000 46.68000 17.57700 60.62600
27 7 20 20 42 9236.10000 6.12800000 276.37000 46.69000 17.57700 60.62600
27 7 20 20 43 9236.60000 6.12800000 276.30000 46.70000 17.62000 60.62600
27 7 20 20 43 9236.80000 6.12800000 276.30000 46.68000 17.64200 60.62600
27 7 20 20 44 9237.60000 6.12800000 276.31000 46.65000 17.64200 60.62600
27 7 20 20 45 9230.70000 6.12800000 275.63000 46.35000 17.64200 60.70400
27 7 20 20 45 9220.80000 6.12800000 275.37000 46.19000 17.64200 60.70400
27 7 20 20 46 9225.00000 6.12800000 275.40000 46.08000 17.64900 60.70400
27 7 20 20 46 9230.50000 6.12800000 275.38000 46.21000 17.64900 60.70400
27 7 20 20 47 9227.60000 6.12800000 275.48000 46.23000 17.64900 60.70400
27 7 20 20 47 9229.30000 6.12800000 275.51000 46.27000 17.72700 60.70400
27 7 20 20 48 9230.30000 6.12800000 275.62000 46.17000 17.72700 60.70400
27 7 20 20 48 9232.20000 6.12800000 275.64000 46.20000 17.71300 60.70400
27 7 20 20 48 9232.00000 6.12800000 275.64000 46.20000 17.71300 60.70400
27 7 20 20 49 9229.30000 6.14500000 275.51000 46.20000 17.71300 60.70400
27 7 20 20 49 9228.10000 6.14500000 275.51000 46.12000 17.71300 60.70400
27 7 20 20 50 9225.10000 6.14500000 275.55000 46.17000 17.71300 60.70400
27 7 20 20 50 9231.80000 6.14500000 275.59000 46.17000 17.71300 60.70400
27 7 20 20 51 9232.60000 6.14500000 275.53000 46.17000 17.70700 60.87600
27 7 20 20 51 9230.00000 6.14500000 275.51000 46.17000 17.70700 60.87600
27 7 20 20 52 9227.10000 6.14500000 275.51000 46.03000 17.74800 60.87600
27 7 20 20 52 9226.10000 6.14400000 275.50000 46.00000 17.74800 60.87600
27 7 20 20 53 9226.70000 6.14400000 275.50000 46.00000 17.74800 60.87600
27 7 20 20 53 9237.40000 6.14400000 275.59000 46.09000 17.74800 60.87600
27 7 20 20 53 9237.50000 6.14400000 275.76000 46.16000 17.75400 60.87600
27 7 20 20 54 9239.90000 6.14400000 275.96000 46.25000 17.75400 60.87600
27 7 20 20 54 9237.60000 6.14400000 275.80000 46.28000 17.81100 60.87600
27 7 20 20 55 9234.10000 6.14400000 275.66000 46.40000 17.81100 60.87600
27 7 20 20 55 9234.10000 6.14400000 275.73000 46.39000 17.81100 60.87600
27 7 20 20 56 9234.90000 6.14400000 275.83000 46.51000 17.81100 60.90300
27 7 20 20 56 9234.40000 6.14400000 275.87000 46.51000 17.90000 60.75800
27 7 20 20 57 9236.30000 6.14400000 275.79000 46.52000 17.90000 60.75800
27 7 20 20 57 9238.50000 6.16000000 275.91000 46.52000 17.90000 60.75800
27 7 20 20 58 9240.00000 6.16000000 275.97000 46.66000 17.90000 60.75800
27 7 20 20 58 9239.90000 6.16000000 275.97000 46.51000 17.90000 60.75800
27 7 20 20 59 9246.90000 6.16000000 275.98000 46.48000 17.90000 60.75800
27 7 20 20 59 9254.90000 6.16000000 276.00000 46.48000 17.90000 60.75800
27 7 20 21 00 9259.90000 6.16000000 275.96000 46.43000 17.90000 60.75800
27 7 20 21 00 9252.60000 6.16000000 275.80000 46.43000 17.90000 60.75800
27 7 20 21 01 9253.20000 6.13200000 275.77000 46.42000 17.90000 60.75800
27 7 20 21 01 9258.80000 6.12400000 275.78000 46.43000 17.90000 60.91700
27 7 20 21 02 9253.20000 6.12700000 275.33000 46.30000 17.90000 60.91700
27 7 20 21 02 9253.10000 6.12700000 275.40000 46.19000 17.90000 60.91700
27 7 20 21 03 9252.80000 6.12700000 275.40000 46.21000 17.90000 60.91700
27 7 20 21 03 9251.90000 6.12700000 275.40000 46.21000 17.91600 60.91700
27 7 20 21 04 9251.60000 6.12700000 275.49000 46.18000 17.91600 60.91700
27 7 20 21 04 9250.00000 6.12700000 275.49000 46.07000 17.91600 60.91700
27 7 20 21 04 9248.40000 6.12900000 275.50000 46.03000 17.91600 60.91700
27 7 20 21 05 9247.90000 6.12900000 275.50000 46.04000 17.91600 60.91700
27 7 20 21 05 9249.80000 6.12900000 275.61000 46.10000 17.91600 60.91700
27 7 20 21 06 9249.90000 6.12900000 275.29000 45.86000 17.91600 60.92900
27 7 20 21 06 9252.80000 6.12900000 275.39000 45.88000 17.90000 60.92900
27 7 20 21 07 9251.60000 6.12900000 275.40000 46.08000 17.90000 60.92900
27 7 20 21 07 9249.80000 6.12900000 275.45000 45.96000 17.90000 60.92900
27 7 20 21 08 9246.50000 6.12900000 275.32000 46.09000 17.90000 60.92900
27 7 20 21 08 9248.50000 6.12900000 275.40000 45.90000 17.90000 60.92900
27 7 20 21 09 9246.30000 6.12900000 275.40000 45.89000 17.90000 60.92900
27 7 20 21 09 9249.80000 6.12900000 275.34000 45.90000 17.90000 60.92900
27 7 20 21 10 9246.40000 6.12900000 275.37000 45.90000 17.90000 60.92900
27 7 20 21 10 9241.70000 6.12900000 275.30000 45.90000 17.90000 60.92900
