M=[
20 3 21 07 35 49190.70000 10.51000000 1535.74000 169.95000 27.93800 128.46100
20 3 21 07 35 49191.80000 10.51000000 1535.74000 170.22000 27.93800 128.46100
20 3 21 07 36 49174.70000 10.51000000 1534.38000 170.27000 27.93800 128.46100
20 3 21 07 36 49174.50000 10.51000000 1534.69000 170.25000 27.93800 128.46100
20 3 21 07 37 49179.10000 10.53500000 1534.68000 170.28000 27.93800 128.46100
20 3 21 07 37 49179.00000 10.53500000 1534.68000 170.20000 27.93800 128.46100
20 3 21 07 38 49179.10000 10.53500000 1534.69000 170.31000 27.83000 128.46100
20 3 21 07 38 49180.50000 10.53500000 1534.70000 170.30000 27.79900 128.68500
20 3 21 07 38 49188.70000 10.53500000 1534.70000 170.30000 27.79900 128.68500
20 3 21 07 39 49147.00000 10.53500000 1535.58000 170.30000 27.79900 128.68500
20 3 21 07 39 49150.30000 10.53500000 1535.58000 170.30000 27.79900 128.60700
20 3 21 07 40 49163.40000 10.53500000 1535.58000 170.29000 27.83700 128.60700
20 3 21 07 40 49172.20000 10.53500000 1535.60000 170.29000 27.83700 128.60700
20 3 21 07 41 49179.80000 10.53500000 1535.60000 170.49000 27.83700 128.60700
20 3 21 07 41 49189.80000 10.53500000 1536.99000 170.49000 27.83700 128.60700
20 3 21 07 41 49181.10000 10.53500000 1537.00000 170.49000 27.83700 128.60700
20 3 21 07 42 49189.40000 10.53500000 1537.00000 170.49000 27.83700 128.60700
20 3 21 07 42 49174.80000 10.53500000 1536.87000 170.49000 27.83700 128.60700
20 3 21 07 43 49169.90000 10.53500000 1536.87000 170.49000 27.83700 128.60700
20 3 21 07 43 49157.90000 10.53500000 1535.79000 170.49000 27.85300 128.81900
20 3 21 07 43 49163.50000 10.53500000 1535.79000 170.49000 27.85300 128.81900
20 3 21 07 44 49152.70000 10.53500000 1535.78000 170.49000 27.85300 128.83300
20 3 21 07 44 49155.70000 10.53500000 1535.50000 170.49000 27.85300 128.83300
20 3 21 07 45 49154.40000 10.53500000 1534.94000 170.36000 27.85300 128.83300
20 3 21 07 45 49145.60000 10.53500000 1534.73000 170.36000 27.85300 128.83300
20 3 21 07 46 49152.70000 10.53500000 1535.29000 170.36000 27.85300 128.83300
20 3 21 07 46 49163.10000 10.53500000 1535.32000 170.36000 27.85300 128.83300
20 3 21 07 46 49157.60000 10.53500000 1534.68000 170.36000 27.85300 128.83300
20 3 21 07 47 49165.60000 10.53500000 1534.83000 170.36000 27.85300 128.82300
20 3 21 07 47 49152.70000 10.53500000 1534.65000 170.25000 27.85300 128.82300
20 3 21 07 48 49123.90000 10.52000000 1533.05000 170.25000 27.85300 128.82300
20 3 21 07 48 49129.60000 10.52000000 1533.05000 170.13000 27.85300 128.82300
20 3 21 07 49 49133.90000 10.52000000 1533.42000 170.13000 27.85300 128.82300
20 3 21 07 49 49162.30000 10.52000000 1534.46000 170.13000 27.85300 128.82300
20 3 21 07 49 49159.10000 10.52000000 1534.46000 170.22000 27.85300 129.02500
20 3 21 07 50 49155.20000 10.52000000 1534.45000 170.28000 27.87100 129.02500
20 3 21 07 50 49143.50000 10.52000000 1534.46000 170.28000 27.87100 129.02500
20 3 21 07 51 49139.70000 10.52000000 1534.46000 170.28000 27.87100 129.22800
20 3 21 07 51 49151.50000 10.52000000 1534.27000 170.28000 27.70800 129.22800
20 3 21 07 52 49161.20000 10.52000000 1534.27000 170.28000 27.70800 129.22800
20 3 21 07 52 49165.20000 10.52000000 1534.27000 170.28000 27.70800 129.22800
20 3 21 07 52 49165.20000 10.52000000 1534.27000 170.28000 27.70800 129.22800
20 3 21 07 53 49165.30000 10.52000000 1534.27000 170.26000 27.70800 129.22800
20 3 21 07 53 49165.20000 10.52000000 1534.27000 170.26000 27.70800 129.22800
20 3 21 07 54 49175.30000 10.52000000 1534.30000 170.26000 27.70800 129.38800
20 3 21 07 54 49175.20000 10.52000000 1534.29000 170.26000 27.70800 129.38800
20 3 21 07 55 49175.50000 10.52000000 1534.46000 170.45000 27.69600 129.53600
20 3 21 07 55 49175.60000 10.52000000 1534.45000 170.45000 27.69600 129.53600
20 3 21 07 55 49175.60000 10.52000000 1534.45000 170.45000 27.69600 129.53600
20 3 21 07 56 49180.10000 10.52000000 1534.36000 170.42000 27.69600 129.53600
20 3 21 07 56 49199.80000 10.52000000 1534.36000 170.47000 27.69600 129.53600
20 3 21 07 57 49200.00000 10.52000000 1534.37000 170.47000 27.69600 129.53600
20 3 21 07 57 49200.00000 10.52000000 1534.46000 170.47000 27.69600 129.53600
20 3 21 07 58 49200.00000 10.52000000 1534.46000 170.41000 27.69600 129.29500
20 3 21 07 58 49177.50000 10.52000000 1534.45000 170.41000 27.69600 129.29500
20 3 21 07 58 49197.60000 10.52000000 1534.45000 170.41000 27.69600 129.29500
20 3 21 07 59 49189.60000 10.52000000 1534.46000 170.41000 27.69600 129.29500
20 3 21 07 59 49181.20000 10.52000000 1534.46000 170.41000 27.69600 129.29500
20 3 21 08 00 49183.50000 10.52000000 1534.91000 170.35000 27.69600 129.29500
20 3 21 08 00 49319.30000 10.52000000 1536.25000 170.35000 27.69600 129.29500
20 3 21 08 01 49332.80000 10.53100000 1538.73000 170.45000 27.69600 129.75700
20 3 21 08 01 49359.10000 10.53100000 1537.18000 170.41000 27.69600 129.75700
20 3 21 08 01 49421.80000 10.53100000 1538.66000 170.76000 27.59600 129.75700
20 3 21 08 02 49416.30000 10.54900000 1539.46000 170.88000 27.59600 129.75700
20 3 21 08 02 49399.50000 10.54900000 1538.43000 170.88000 27.59600 129.75700
20 3 21 08 03 49377.10000 10.54600000 1537.26000 170.81000 27.59600 129.75700
20 3 21 08 03 49367.70000 10.54600000 1536.88000 170.89000 27.62000 129.75700
20 3 21 08 04 49370.20000 10.54600000 1536.10000 170.92000 27.62000 129.19000
20 3 21 08 04 49344.00000 10.54600000 1536.36000 170.93000 27.62000 129.19000
20 3 21 08 04 49339.50000 10.55300000 1536.98000 170.93000 27.62000 129.19000
20 3 21 08 05 49326.80000 10.55300000 1536.92000 170.94000 27.62000 129.19000
20 3 21 08 05 49320.20000 10.59400000 1536.92000 170.94000 27.62000 129.19000
20 3 21 08 06 49323.30000 10.59400000 1536.92000 170.94000 27.62000 129.51200
20 3 21 08 06 49323.10000 10.59400000 1536.92000 170.95000 27.82700 129.51200
20 3 21 08 07 49347.30000 10.59400000 1537.30000 170.95000 27.82700 129.51200
20 3 21 08 07 49369.80000 10.59400000 1537.29000 170.89000 27.82700 129.51200
20 3 21 08 07 49384.90000 10.59400000 1537.29000 171.00000 27.82700 129.51200
20 3 21 08 08 49364.90000 10.59400000 1538.07000 170.96000 27.82700 129.51200
20 3 21 08 08 49382.30000 10.59400000 1537.76000 170.94000 27.82700 129.51200
20 3 21 08 09 49420.00000 10.59400000 1539.05000 170.94000 27.82700 129.51200
20 3 21 08 09 49416.50000 10.59400000 1539.01000 170.94000 27.82700 129.51200
20 3 21 08 10 49389.60000 10.59400000 1538.98000 170.94000 27.82700 129.55900
20 3 21 08 10 49387.20000 10.57100000 1538.48000 170.94000 27.82700 129.55900
20 3 21 08 10 49355.70000 10.57100000 1537.49000 170.75000 27.82700 129.54700
20 3 21 08 11 49338.50000 10.57100000 1538.45000 170.78000 27.82700 129.54500
20 3 21 08 11 49310.30000 10.57100000 1538.45000 170.78000 27.91300 129.54500
20 3 21 08 12 49358.10000 10.57100000 1537.21000 170.78000 27.91300 129.54500
20 3 21 08 12 49355.00000 10.57100000 1537.21000 170.86000 27.91300 129.54500
20 3 21 08 13 49343.70000 10.57200000 1538.20000 170.75000 27.91300 129.54500
20 3 21 08 13 49343.90000 10.57200000 1538.36000 170.79000 27.91300 129.54500
20 3 21 08 13 49343.70000 10.57200000 1538.18000 170.86000 27.71500 129.54500
20 3 21 08 14 49355.80000 10.57200000 1538.18000 170.75000 27.71500 129.54500
20 3 21 08 14 49349.70000 10.57200000 1538.59000 170.75000 27.71500 129.54500
20 3 21 08 15 49355.80000 10.57200000 1538.59000 170.75000 27.71500 129.54500
20 3 21 08 15 49355.80000 10.57700000 1538.59000 170.75000 27.71500 129.54500
20 3 21 08 16 49390.00000 10.57700000 1539.50000 170.99000 27.89300 129.37300
20 3 21 08 16 49401.70000 10.57700000 1539.84000 170.99000 27.89300 129.37300
20 3 21 08 16 49398.10000 10.57700000 1539.33000 170.99000 27.89300 129.37300
20 3 21 08 17 49389.80000 10.58700000 1538.50000 170.85000 27.89300 129.56500
20 3 21 08 17 49394.00000 10.58700000 1538.09000 170.85000 27.89300 129.39100
20 3 21 08 18 49398.20000 10.58700000 1538.78000 170.85000 27.89300 129.39100
20 3 21 08 18 49419.90000 10.58700000 1538.74000 170.85000 27.89300 129.36200
