M=[
28 3 21 01 18 47337.10000 10.09300000 1447.29000 155.81000 28.65000 113.90100
28 3 21 01 19 47359.80000 10.09300000 1447.29000 155.81000 28.65000 113.90100
28 3 21 01 19 47355.70000 10.09300000 1447.69000 155.81000 28.65000 113.90100
28 3 21 01 19 47324.10000 10.09300000 1447.46000 155.81000 28.65000 113.90100
28 3 21 01 20 47359.70000 10.09300000 1447.46000 155.81000 28.65000 113.90100
28 3 21 01 20 47359.70000 10.09300000 1447.46000 155.81000 28.65000 113.90100
28 3 21 01 21 47392.60000 10.09300000 1448.77000 155.81000 28.65000 113.90100
28 3 21 01 21 47410.80000 10.09300000 1448.77000 155.81000 28.65000 113.90100
28 3 21 01 22 47403.40000 10.09300000 1448.77000 155.81000 28.65000 113.90100
28 3 21 01 22 47430.90000 10.09300000 1449.37000 155.81000 28.65000 113.90100
28 3 21 01 22 47440.00000 10.09300000 1449.04000 155.81000 28.79900 113.90100
28 3 21 01 23 47473.20000 10.09300000 1449.83000 156.24000 28.79900 113.90100
28 3 21 01 23 47462.90000 10.09300000 1449.83000 156.24000 28.79900 113.90100
28 3 21 01 24 47419.10000 10.09300000 1449.83000 156.15000 28.79900 113.90100
28 3 21 01 24 47401.10000 10.09300000 1449.27000 156.15000 28.79900 113.90100
28 3 21 01 25 47415.40000 10.09300000 1449.27000 156.15000 28.79900 113.90100
28 3 21 01 25 47422.60000 10.09300000 1449.47000 156.15000 28.79900 113.90100
28 3 21 01 25 47440.00000 10.09300000 1449.86000 156.15000 28.79900 113.90100
28 3 21 01 26 47456.60000 10.09300000 1449.55000 156.12000 28.79900 113.90100
28 3 21 01 26 47412.50000 10.07000000 1448.65000 156.12000 28.79900 113.90100
28 3 21 01 27 47408.60000 10.07000000 1448.65000 156.12000 28.79900 113.90100
28 3 21 01 27 47408.60000 10.07000000 1448.83000 156.12000 28.79900 113.90100
28 3 21 01 28 47420.90000 10.07000000 1448.30000 156.12000 28.79900 113.90100
28 3 21 01 28 47443.30000 10.07000000 1448.30000 156.16000 28.79900 113.90100
28 3 21 01 28 47462.70000 10.07000000 1449.52000 156.16000 28.79900 113.90100
28 3 21 01 29 47480.30000 10.07000000 1449.52000 156.16000 28.79900 113.90100
28 3 21 01 29 47453.20000 10.07000000 1449.52000 156.16000 28.79900 113.90100
28 3 21 01 30 47469.50000 10.07000000 1448.34000 156.16000 28.79900 113.90100
28 3 21 01 30 47459.20000 10.07000000 1448.34000 156.16000 28.79900 113.90100
28 3 21 01 31 47444.30000 10.05800000 1448.34000 156.16000 28.79900 113.90100
28 3 21 01 31 47475.50000 10.05800000 1448.34000 156.16000 28.79900 113.90100
28 3 21 01 31 47477.30000 10.05800000 1449.07000 156.16000 28.79900 113.90100
28 3 21 01 32 47458.30000 10.05800000 1449.08000 156.16000 28.79900 113.90100
28 3 21 01 32 47458.30000 10.05800000 1449.08000 156.16000 28.79900 113.90100
28 3 21 01 33 47458.20000 10.05800000 1449.07000 156.16000 28.79900 113.90100
28 3 21 01 33 47423.70000 10.05800000 1449.07000 156.16000 28.79900 113.90100
28 3 21 01 34 47446.10000 10.05800000 1449.07000 156.16000 28.79900 113.90100
28 3 21 01 34 47478.50000 10.05800000 1448.75000 156.16000 28.79900 113.90100
28 3 21 01 34 47479.10000 10.05800000 1448.75000 156.47000 28.79900 113.90100
28 3 21 01 35 47481.60000 10.05800000 1449.98000 156.47000 28.80000 113.90100
28 3 21 01 35 47481.60000 10.05800000 1450.12000 156.47000 28.80000 113.90100
28 3 21 01 36 47487.90000 10.05800000 1450.12000 156.47000 28.80000 113.90100
28 3 21 01 36 47487.80000 10.05800000 1450.58000 156.47000 28.80000 113.90100
28 3 21 01 37 47501.90000 10.05800000 1450.58000 156.47000 28.90000 113.90100
28 3 21 01 37 47513.00000 10.05800000 1450.85000 156.47000 28.90000 113.90100
28 3 21 01 37 47519.10000 10.05800000 1450.92000 156.75000 28.90000 113.90100
28 3 21 01 38 47503.60000 10.05800000 1450.65000 156.84000 29.00000 113.90100
28 3 21 01 38 47495.70000 10.05800000 1450.65000 156.84000 29.00000 113.90100
28 3 21 01 39 47521.60000 10.05800000 1451.17000 156.84000 29.00000 113.90100
28 3 21 01 39 47526.30000 10.05800000 1451.17000 156.89000 29.00000 113.90100
28 3 21 01 40 47537.70000 10.05800000 1451.60000 157.00000 29.00000 113.90100
28 3 21 01 40 47544.20000 10.05800000 1452.14000 157.00000 29.00000 113.90100
28 3 21 01 40 47558.50000 10.05800000 1452.39000 156.99000 29.00000 113.90100
28 3 21 01 41 47558.60000 10.05800000 1452.76000 157.18000 29.00000 113.90100
28 3 21 01 41 47582.70000 10.05800000 1452.93000 157.45000 29.00000 113.90100
28 3 21 01 42 47585.80000 10.09000000 1452.52000 157.58000 29.00000 113.90100
28 3 21 01 42 47585.80000 10.09000000 1452.45000 157.57000 29.00000 113.90100
28 3 21 01 43 47559.30000 10.09000000 1451.78000 157.60000 29.00000 113.90100
28 3 21 01 43 47588.10000 10.09000000 1451.67000 157.60000 29.00000 113.90100
28 3 21 01 43 47579.00000 10.09000000 1451.97000 157.60000 29.00000 113.90100
28 3 21 01 44 47544.70000 10.09000000 1451.32000 157.60000 29.00000 113.90100
28 3 21 01 44 47559.00000 10.09000000 1451.32000 157.60000 29.00000 113.90100
28 3 21 01 45 47546.50000 10.09000000 1450.70000 157.60000 29.00000 113.90100
28 3 21 01 45 47556.10000 10.09000000 1451.10000 157.60000 28.80800 113.90100
28 3 21 01 46 47520.20000 10.09000000 1451.10000 157.60000 28.80800 113.90100
28 3 21 01 46 47520.10000 10.09000000 1449.85000 157.60000 28.80800 113.90100
28 3 21 01 46 47530.00000 10.09000000 1449.56000 157.60000 28.80800 113.90100
28 3 21 01 47 47547.10000 10.09000000 1451.38000 157.60000 28.80800 113.90100
28 3 21 01 47 47573.70000 10.09000000 1451.57000 157.60000 28.80800 113.90100
28 3 21 01 48 47576.40000 10.09000000 1451.60000 157.60000 28.80800 113.90100
28 3 21 01 48 47585.90000 10.09000000 1451.60000 157.60000 28.80800 113.90100
28 3 21 01 49 47577.70000 10.09000000 1451.64000 157.60000 28.80800 113.90100
28 3 21 01 49 47565.00000 10.09000000 1451.64000 157.36000 28.80800 113.90100
28 3 21 01 49 47567.50000 10.09000000 1451.64000 157.47000 28.80800 113.90100
28 3 21 01 50 47565.10000 10.09000000 1451.35000 157.49000 28.80800 113.90100
28 3 21 01 50 47565.10000 10.09000000 1451.35000 157.49000 28.80800 113.90100
28 3 21 01 51 47565.50000 10.09000000 1451.35000 157.49000 28.80800 113.90100
28 3 21 01 51 47565.10000 10.09000000 1451.35000 157.49000 28.82000 113.90100
28 3 21 01 52 47565.00000 10.09000000 1451.35000 157.49000 28.82000 113.90100
28 3 21 01 52 47520.20000 10.09000000 1451.00000 157.28000 28.82000 113.90100
28 3 21 01 52 47520.20000 10.09000000 1451.00000 157.28000 28.82000 113.90100
28 3 21 01 53 47522.30000 10.09000000 1451.01000 157.28000 28.82000 113.90100
28 3 21 01 53 47520.10000 10.09000000 1451.00000 157.28000 28.82000 113.90100
28 3 21 01 54 47530.50000 10.09000000 1451.00000 157.28000 28.82000 113.90100
28 3 21 01 54 47520.10000 10.09000000 1450.27000 157.28000 28.82000 113.90100
28 3 21 01 55 47520.10000 10.09000000 1450.17000 157.28000 29.26300 113.90100
28 3 21 01 55 47520.20000 10.09000000 1450.49000 157.28000 29.26300 113.90100
28 3 21 01 55 47520.20000 10.09000000 1450.50000 157.28000 29.26300 113.90100
28 3 21 01 56 47520.20000 10.09000000 1450.50000 157.28000 29.26300 113.90100
28 3 21 01 56 47520.10000 10.09000000 1450.50000 157.28000 29.26300 113.90100
28 3 21 01 57 47520.10000 10.09000000 1450.69000 157.25000 29.68900 113.90100
28 3 21 01 57 47520.20000 10.09000000 1450.69000 157.25000 29.68900 113.90100
28 3 21 01 58 47554.30000 10.09000000 1451.05000 157.43000 29.68900 113.90100
28 3 21 01 58 47573.90000 10.09000000 1451.05000 157.49000 29.69200 113.90100
28 3 21 01 58 47573.90000 10.09000000 1451.05000 157.49000 29.69200 113.90100
28 3 21 01 59 47560.20000 10.09000000 1451.56000 157.49000 30.00000 113.90100
28 3 21 01 59 47560.20000 10.09000000 1451.57000 157.49000 30.05900 113.90100
28 3 21 02 00 47557.40000 10.09000000 1451.78000 157.49000 29.57600 113.90100
28 3 21 02 00 47557.40000 10.09000000 1451.78000 157.42000 29.72100 113.90100
28 3 21 02 01 47556.10000 10.09000000 1451.57000 157.42000 29.72100 113.90100
28 3 21 02 01 47520.20000 10.09000000 1451.57000 157.29000 29.72100 113.90100
28 3 21 02 01 47520.20000 10.09000000 1451.57000 157.29000 29.72100 113.90100
