M=[
26 6 21 18 14 26773.00000 33.27500000 1507.94000 103.76000 14.57100 86.80400
26 6 21 18 15 26749.30000 33.27500000 1508.59000 103.93000 14.57100 86.80400
26 6 21 18 15 26710.90000 33.27500000 1508.58000 103.98000 14.57100 86.80400
26 6 21 18 15 26676.00000 33.27500000 1503.72000 103.98000 14.57100 86.80400
26 6 21 18 16 26659.00000 33.27500000 1502.69000 103.72000 14.57100 86.26700
26 6 21 18 16 26651.80000 33.27500000 1502.69000 103.72000 14.57100 86.26700
26 6 21 18 17 26640.60000 33.26900000 1502.69000 103.66000 14.57100 86.03400
26 6 21 18 17 26640.60000 33.26900000 1500.58000 103.66000 14.57100 86.03400
26 6 21 18 18 26640.60000 33.26900000 1499.71000 103.59000 14.57100 86.03400
26 6 21 18 18 26640.60000 33.26900000 1499.71000 103.59000 14.57100 86.03400
26 6 21 18 18 26630.10000 33.26900000 1499.71000 103.59000 14.57100 86.24400
26 6 21 18 19 26630.00000 33.26900000 1500.77000 103.59000 14.57100 86.24400
26 6 21 18 19 26643.00000 33.26900000 1500.77000 103.57000 14.57100 86.24400
26 6 21 18 20 26645.00000 33.26900000 1501.54000 103.57000 14.57100 86.53400
26 6 21 18 20 26671.10000 33.26900000 1501.54000 103.57000 14.57100 86.53400
26 6 21 18 21 26642.90000 33.26900000 1500.48000 103.57000 14.57100 86.53400
26 6 21 18 21 26688.10000 33.26900000 1500.94000 103.51000 14.57100 86.53400
26 6 21 18 21 26688.10000 33.26900000 1502.06000 103.54000 14.57100 86.53400
26 6 21 18 22 26664.50000 33.26900000 1500.81000 103.54000 14.57100 86.53400
26 6 21 18 22 26659.20000 33.26900000 1500.81000 103.54000 14.57100 86.85100
26 6 21 18 23 26652.30000 33.26900000 1500.66000 103.54000 14.57100 86.85100
26 6 21 18 23 26652.40000 33.26900000 1500.56000 103.51000 14.57100 86.85100
26 6 21 18 24 26641.40000 33.26900000 1500.56000 103.52000 14.57100 86.85100
26 6 21 18 24 26649.70000 33.26900000 1501.94000 103.52000 14.57100 86.85100
26 6 21 18 24 26649.70000 33.26900000 1501.94000 103.52000 14.57100 86.85100
26 6 21 18 25 26666.00000 33.26900000 1502.60000 103.49000 14.57100 86.85100
26 6 21 18 25 26661.90000 33.26900000 1501.83000 103.49000 14.57100 86.85100
26 6 21 18 26 26640.90000 33.26900000 1500.02000 103.39000 14.57100 86.85100
26 6 21 18 26 26616.60000 33.26900000 1500.02000 103.39000 14.57100 86.85100
26 6 21 18 27 26606.40000 33.26900000 1500.02000 103.39000 14.57100 86.85100
26 6 21 18 27 26637.20000 33.26900000 1499.74000 103.39000 14.57100 86.85100
26 6 21 18 27 26575.50000 33.26900000 1498.57000 103.25000 14.57100 86.85100
26 6 21 18 28 26587.10000 33.26900000 1498.80000 103.25000 14.57100 86.85100
26 6 21 18 28 26580.50000 33.26900000 1498.55000 103.25000 14.57100 86.85100
26 6 21 18 29 26623.70000 33.26900000 1498.81000 103.32000 14.57100 86.85100
26 6 21 18 29 26620.00000 33.26900000 1499.87000 103.32000 14.57100 86.85100
26 6 21 18 30 26612.80000 33.26900000 1499.87000 103.32000 14.57100 86.85100
26 6 21 18 30 26627.20000 33.26900000 1500.57000 103.32000 14.57100 86.85100
26 6 21 18 30 26623.00000 33.26900000 1500.92000 103.32000 14.57100 86.85100
26 6 21 18 31 26560.20000 33.26900000 1498.39000 103.31000 14.57100 86.85100
26 6 21 18 31 26581.50000 33.26900000 1497.16000 103.31000 14.57100 86.85100
26 6 21 18 32 26533.30000 33.26900000 1495.70000 103.31000 14.57100 86.85100
26 6 21 18 32 26535.70000 33.26900000 1495.25000 103.31000 14.57100 86.85100
26 6 21 18 33 26548.00000 33.26900000 1495.34000 103.31000 14.57100 86.85100
26 6 21 18 33 26540.20000 33.26900000 1495.34000 103.31000 14.57100 86.85100
26 6 21 18 33 26570.40000 33.26900000 1495.28000 103.32000 14.57100 86.85100
26 6 21 18 34 26583.20000 33.26900000 1497.10000 103.32000 14.57100 86.85100
26 6 21 18 34 26572.10000 33.26900000 1496.24000 103.32000 14.57100 86.85100
26 6 21 18 35 26584.50000 33.26900000 1496.24000 103.32000 14.57100 86.85100
26 6 21 18 35 26611.80000 33.26900000 1496.17000 103.32000 14.57300 86.85100
26 6 21 18 36 26675.30000 33.26900000 1499.86000 103.32000 14.57300 86.85100
26 6 21 18 36 26731.70000 33.26900000 1500.30000 103.32000 14.57300 86.85100
26 6 21 18 36 26691.50000 33.26900000 1500.26000 103.32000 14.57300 86.85100
26 6 21 18 37 26693.10000 33.26900000 1498.28000 103.32000 14.57300 86.85100
26 6 21 18 37 26665.30000 33.26900000 1497.38000 103.32000 14.57300 86.85100
26 6 21 18 38 26685.10000 33.26900000 1497.38000 103.32000 14.57300 86.85100
26 6 21 18 38 26681.40000 33.26900000 1499.39000 103.32000 14.57300 86.85100
26 6 21 18 39 26671.10000 33.26900000 1499.58000 103.32000 14.57300 86.85100
26 6 21 18 39 26643.30000 33.26900000 1499.58000 103.32000 14.57300 86.85100
26 6 21 18 39 26636.20000 33.26900000 1499.58000 103.32000 14.57300 86.85100
26 6 21 18 40 26629.40000 33.26900000 1499.58000 103.32000 14.57300 86.85100
26 6 21 18 40 26621.70000 33.26900000 1499.58000 103.32000 14.57300 86.85100
26 6 21 18 41 26635.90000 33.26900000 1498.05000 103.32000 14.57300 86.85100
26 6 21 18 41 26621.60000 33.26900000 1497.15000 103.32000 14.57300 86.85100
26 6 21 18 42 26576.30000 33.26900000 1496.68000 103.32000 14.57300 86.85100
26 6 21 18 42 26554.60000 33.26900000 1496.68000 103.32000 14.57300 86.85100
26 6 21 18 42 26550.10000 33.26900000 1496.68000 103.32000 14.57300 86.85100
26 6 21 18 43 26553.40000 33.26900000 1495.67000 103.32000 14.57300 86.85100
26 6 21 18 43 26535.90000 33.26900000 1495.33000 103.32000 14.57300 86.85100
26 6 21 18 44 26533.40000 33.26900000 1495.32000 103.09000 14.57300 86.85100
26 6 21 18 44 26573.10000 33.26900000 1498.16000 103.09000 14.57300 86.85100
26 6 21 18 45 26549.50000 33.26900000 1498.16000 103.09000 14.57300 86.85100
26 6 21 18 45 26587.00000 33.26900000 1498.00000 103.25000 14.57300 86.85100
26 6 21 18 45 26528.40000 33.26900000 1495.80000 103.25000 14.57300 86.85100
26 6 21 18 46 26534.20000 33.26900000 1496.01000 103.25000 14.57300 86.85100
26 6 21 18 46 26538.30000 33.26900000 1496.79000 103.05000 14.57300 86.85100
26 6 21 18 47 26547.10000 33.26900000 1497.69000 103.05000 14.57300 86.85100
26 6 21 18 47 26518.80000 33.26900000 1497.69000 103.05000 14.57300 86.85100
26 6 21 18 48 26539.80000 33.26900000 1497.96000 103.05000 14.57300 86.85100
26 6 21 18 48 26557.70000 33.26900000 1498.48000 103.05000 14.57300 85.96500
26 6 21 18 48 26530.60000 33.26900000 1497.34000 103.05000 14.57300 85.96500
26 6 21 18 49 26542.10000 33.26900000 1497.35000 103.15000 14.57300 85.96500
26 6 21 18 49 26541.50000 33.26900000 1497.34000 103.15000 14.57300 85.96500
26 6 21 18 50 26548.70000 33.26900000 1497.34000 103.15000 14.57300 85.96500
26 6 21 18 50 26563.80000 33.26900000 1499.83000 103.15000 14.57300 85.96500
26 6 21 18 51 26571.00000 33.26900000 1499.27000 103.15000 14.57300 85.96500
26 6 21 18 51 26595.30000 33.26900000 1501.31000 103.15000 14.57300 85.96500
26 6 21 18 51 26576.80000 33.26900000 1501.31000 103.15000 14.57300 85.96500
26 6 21 18 52 26580.00000 33.26900000 1501.29000 103.15000 14.57300 85.96500
26 6 21 18 52 26580.20000 33.26900000 1501.29000 103.15000 14.57300 85.96500
26 6 21 18 53 26580.00000 33.26900000 1500.00000 103.15000 14.57300 85.96500
26 6 21 18 53 26518.80000 33.26900000 1499.18000 103.15000 14.57300 85.96500
26 6 21 18 54 26529.30000 33.26900000 1499.18000 103.21000 14.57300 85.96500
26 6 21 18 54 26528.50000 33.26900000 1497.47000 103.21000 14.57300 85.75900
26 6 21 18 54 26520.10000 33.26900000 1496.90000 103.18000 14.57300 85.75900
26 6 21 18 55 26500.10000 33.26900000 1496.90000 103.18000 14.57300 85.75900
26 6 21 18 55 26476.60000 33.26900000 1495.92000 103.18000 14.57300 85.70600
26 6 21 18 56 26472.60000 33.26900000 1494.88000 103.03000 14.57300 85.67600
26 6 21 18 56 26425.80000 33.26900000 1493.25000 103.03000 14.57300 85.67600
26 6 21 18 57 26446.70000 33.26900000 1493.25000 103.03000 14.57300 85.67600
26 6 21 18 57 26459.20000 33.26900000 1493.88000 102.97000 14.57300 85.67600
26 6 21 18 57 26463.30000 33.26900000 1493.88000 102.97000 14.57300 85.67600
26 6 21 18 58 26488.20000 33.26900000 1495.53000 103.00000 14.57300 85.67600
