M=[
26 3 21 06 27 44757.60000 9.67100000 1375.01000 149.35000 27.75200 107.04000
26 3 21 06 28 44759.60000 9.67100000 1375.18000 149.35000 27.75200 107.04000
26 3 21 06 28 44757.20000 9.67100000 1375.04000 149.34000 27.75200 107.04000
26 3 21 06 29 44765.80000 9.67100000 1375.01000 149.34000 27.75200 107.04000
26 3 21 06 29 44788.10000 9.67100000 1375.02000 149.34000 27.75200 107.04000
26 3 21 06 29 44766.10000 9.67100000 1375.37000 149.34000 27.75200 107.04000
26 3 21 06 30 44743.80000 9.66000000 1375.25000 149.34000 27.75200 107.04000
26 3 21 06 30 44728.10000 9.66000000 1375.01000 149.34000 27.75200 107.04000
26 3 21 06 31 44704.30000 9.66000000 1375.00000 149.27000 27.75200 107.04000
26 3 21 06 31 44772.70000 9.66000000 1375.00000 149.27000 27.75200 107.04000
26 3 21 06 32 44782.30000 9.66000000 1375.47000 149.27000 27.75200 107.04000
26 3 21 06 32 44803.20000 9.66000000 1377.02000 149.57000 27.75200 107.04000
26 3 21 06 32 44803.20000 9.66000000 1377.10000 149.57000 27.75200 107.04000
26 3 21 06 33 44830.60000 9.66000000 1377.09000 149.79000 27.75200 107.04000
26 3 21 06 33 44830.60000 9.66000000 1377.09000 149.86000 27.75200 107.04000
26 3 21 06 34 44830.60000 9.66000000 1378.00000 150.07000 27.75200 107.04000
26 3 21 06 34 44830.60000 9.66000000 1378.00000 150.14000 27.75200 107.04000
26 3 21 06 35 44918.30000 9.66000000 1379.48000 150.14000 27.75200 107.04000
26 3 21 06 35 44948.40000 9.66000000 1380.00000 150.24000 27.75200 107.04000
26 3 21 06 35 44974.80000 9.66000000 1380.00000 150.40000 27.75200 107.04000
26 3 21 06 36 44948.50000 9.66000000 1379.58000 150.36000 27.75200 107.55500
26 3 21 06 36 44957.80000 9.66000000 1379.21000 150.28000 27.75200 107.55500
26 3 21 06 37 44973.80000 9.67900000 1379.51000 150.41000 27.75200 107.41900
26 3 21 06 37 44951.00000 9.67900000 1379.51000 150.26000 27.75200 107.41900
26 3 21 06 38 44975.00000 9.67900000 1379.51000 150.31000 27.75200 107.41900
26 3 21 06 38 44959.20000 9.67900000 1379.98000 150.31000 27.75200 107.70900
26 3 21 06 38 44968.40000 9.67900000 1379.99000 150.31000 27.75200 107.70900
26 3 21 06 39 44913.50000 9.67900000 1379.26000 150.06000 27.75200 107.70900
26 3 21 06 39 44908.50000 9.67900000 1379.47000 150.06000 27.75200 107.70900
26 3 21 06 40 44887.40000 9.67900000 1378.93000 149.75000 27.75200 107.49500
26 3 21 06 40 44869.80000 9.67900000 1378.93000 149.75000 27.75200 107.49500
26 3 21 06 41 44872.90000 9.67900000 1378.31000 149.57000 27.75200 107.49500
26 3 21 06 41 44897.80000 9.67900000 1378.14000 149.57000 27.75200 107.49500
26 3 21 06 41 44870.10000 9.67900000 1378.25000 149.57000 27.75200 107.49500
26 3 21 06 42 44839.90000 9.67900000 1377.58000 149.45000 27.75200 107.49500
26 3 21 06 42 44800.00000 9.67900000 1377.27000 149.45000 27.75200 107.49500
26 3 21 06 43 44800.00000 9.67900000 1377.49000 149.53000 27.75200 107.49500
26 3 21 06 43 44827.70000 9.67900000 1377.49000 149.53000 27.75200 107.49500
26 3 21 06 44 44805.70000 9.67900000 1377.71000 149.53000 27.75200 107.49500
26 3 21 06 44 44807.70000 9.67900000 1376.76000 149.53000 27.75200 107.49500
26 3 21 06 44 44799.90000 9.67900000 1376.60000 149.51000 27.75200 107.49500
26 3 21 06 45 44778.00000 9.67900000 1376.00000 149.50000 27.75200 107.49500
26 3 21 06 45 44743.60000 9.67900000 1375.01000 149.12000 27.75200 106.95100
26 3 21 06 46 44714.50000 9.67900000 1373.61000 149.12000 27.75200 106.95100
26 3 21 06 46 44654.00000 9.67900000 1373.61000 149.00000 27.75200 106.95100
26 3 21 06 47 44667.60000 9.67900000 1373.47000 149.00000 27.75200 106.79100
26 3 21 06 47 44674.80000 9.67900000 1374.28000 149.00000 27.75200 106.79100
26 3 21 06 47 44710.40000 9.67900000 1375.49000 149.23000 27.75200 106.79100
26 3 21 06 48 44711.30000 9.67900000 1375.36000 149.20000 27.75200 106.79100
26 3 21 06 48 44743.90000 9.67900000 1375.29000 149.20000 27.75200 106.79100
26 3 21 06 49 44748.90000 9.67900000 1376.07000 149.26000 27.75200 106.79100
26 3 21 06 49 44729.70000 9.67900000 1375.79000 149.26000 27.75200 106.79100
26 3 21 06 50 44734.60000 9.65500000 1375.65000 149.26000 27.75200 106.79100
26 3 21 06 50 44748.30000 9.65500000 1375.65000 149.26000 27.75200 106.79100
26 3 21 06 50 44784.70000 9.65500000 1375.65000 149.40000 27.75200 106.79100
26 3 21 06 51 44758.40000 9.65500000 1376.23000 149.40000 27.75200 106.79100
26 3 21 06 51 44758.30000 9.65500000 1376.23000 149.26000 27.75200 106.79100
26 3 21 06 52 44757.10000 9.65500000 1375.81000 149.24000 27.75200 106.79100
26 3 21 06 52 44773.80000 9.65500000 1376.48000 149.24000 27.75200 106.79100
26 3 21 06 53 44819.90000 9.65500000 1376.48000 149.50000 27.75200 107.06000
26 3 21 06 53 44796.30000 9.65500000 1376.68000 149.50000 27.75200 107.06000
26 3 21 06 53 44796.40000 9.65500000 1376.73000 149.44000 27.77900 107.06000
26 3 21 06 54 44796.40000 9.65500000 1376.73000 149.44000 27.77900 107.06000
26 3 21 06 54 44820.50000 9.65500000 1376.99000 149.52000 27.77900 107.06000
26 3 21 06 55 44832.30000 9.65500000 1377.00000 149.53000 27.77900 107.06000
26 3 21 06 55 44834.90000 9.65500000 1377.39000 149.53000 27.77900 107.06000
26 3 21 06 56 44830.60000 9.65500000 1377.32000 149.72000 27.77900 107.06000
26 3 21 06 56 44863.60000 9.65500000 1378.04000 149.74000 27.77900 107.06000
26 3 21 06 56 44861.60000 9.65500000 1378.37000 149.70000 27.77900 107.06000
26 3 21 06 57 44836.20000 9.65500000 1378.37000 149.70000 27.77900 107.06000
26 3 21 06 57 44800.10000 9.65500000 1377.21000 149.63000 27.75200 107.06000
26 3 21 06 58 44821.60000 9.65500000 1377.57000 149.63000 27.75200 107.06000
26 3 21 06 58 44773.50000 9.65500000 1377.29000 149.28000 27.75200 107.06000
26 3 21 06 59 44763.40000 9.65500000 1376.33000 149.28000 27.75200 107.28000
26 3 21 06 59 44746.40000 9.65500000 1376.31000 149.21000 27.75200 107.28000
26 3 21 06 59 44744.10000 9.65500000 1375.78000 149.21000 27.75200 107.28000
26 3 21 07 00 44718.60000 9.65500000 1375.22000 149.16000 27.75200 107.28000
26 3 21 07 00 44700.10000 9.65500000 1375.03000 149.05000 27.75200 107.28000
26 3 21 07 01 44738.80000 9.65500000 1375.28000 149.12000 27.75200 107.28000
26 3 21 07 01 44763.90000 9.65500000 1375.28000 149.21000 27.75200 107.28000
26 3 21 07 02 44788.40000 9.65500000 1376.16000 149.21000 27.75200 107.28000
26 3 21 07 02 44771.40000 9.65500000 1375.00000 149.10000 27.75200 107.28000
26 3 21 07 02 44751.10000 9.65500000 1375.00000 149.10000 27.75200 107.28000
26 3 21 07 03 44751.10000 9.65500000 1374.00000 149.10000 27.75200 107.28000
26 3 21 07 03 44700.10000 9.65500000 1373.02000 149.00000 27.75200 107.28000
26 3 21 07 04 44685.30000 9.65500000 1373.54000 148.76000 27.75200 107.28000
26 3 21 07 04 44695.40000 9.65500000 1373.19000 148.67000 27.75200 107.28000
26 3 21 07 05 44643.10000 9.65000000 1372.79000 148.67000 27.75200 107.28000
26 3 21 07 05 44644.00000 9.65000000 1372.42000 148.67000 27.75200 107.28000
26 3 21 07 05 44646.40000 9.59500000 1372.42000 148.67000 27.75200 107.28000
26 3 21 07 06 44598.80000 9.58200000 1370.60000 148.37000 27.44100 106.40200
26 3 21 07 06 44632.90000 9.58200000 1371.09000 148.37000 27.63800 106.40200
26 3 21 07 07 44634.30000 9.58200000 1372.01000 148.37000 27.63800 106.40200
26 3 21 07 07 44612.30000 9.58200000 1370.83000 148.29000 27.63800 106.40200
26 3 21 07 08 44614.20000 9.58200000 1371.10000 148.36000 27.63800 106.40200
26 3 21 07 08 44622.20000 9.58200000 1371.27000 148.46000 27.63800 106.40200
26 3 21 07 08 44638.00000 9.58200000 1370.88000 148.46000 27.63800 106.40200
26 3 21 07 09 44668.00000 9.58200000 1370.88000 148.46000 27.63800 106.40200
26 3 21 07 09 44647.60000 9.58200000 1371.52000 148.44000 27.44000 106.40200
26 3 21 07 10 44647.60000 9.58200000 1371.40000 148.46000 27.44000 106.40200
26 3 21 07 10 44704.50000 9.58200000 1371.50000 148.46000 27.44000 106.40200
26 3 21 07 11 44699.20000 9.58200000 1372.04000 148.46000 27.44000 106.40200
26 3 21 07 11 44616.90000 9.58200000 1371.95000 148.29000 27.44000 106.40200
