M=[
19 12 20 23 37 19338.80000 5.19000000 535.31000 97.50000 15.74800 59.50900
19 12 20 23 38 19344.50000 5.19000000 535.31000 97.54000 15.74800 59.50900
19 12 20 23 38 19350.00000 5.19000000 535.31000 97.79000 15.74800 59.50900
19 12 20 23 38 19353.40000 5.19000000 535.75000 97.84000 15.74800 59.50900
19 12 20 23 39 19357.60000 5.19000000 535.75000 97.83000 15.74800 59.50900
19 12 20 23 39 19359.90000 5.19000000 535.74000 97.84000 15.74800 59.50900
19 12 20 23 40 19359.90000 5.19000000 535.67000 97.79000 15.74800 59.50900
19 12 20 23 40 19362.70000 5.19000000 535.67000 97.80000 15.74800 59.50900
19 12 20 23 41 19362.20000 5.19000000 535.14000 97.66000 15.74800 59.50900
19 12 20 23 41 19367.70000 5.19000000 535.70000 97.78000 15.74800 59.50900
19 12 20 23 41 19364.20000 5.19000000 535.75000 97.78000 15.74800 59.50900
19 12 20 23 42 19364.20000 5.19000000 536.00000 97.85000 15.74800 59.50900
19 12 20 23 42 19369.80000 5.19000000 536.01000 97.85000 15.74800 59.50900
19 12 20 23 43 19369.80000 5.22000000 536.00000 97.98000 15.77500 59.50900
19 12 20 23 43 19369.80000 5.22000000 536.01000 97.89000 15.77500 59.73100
19 12 20 23 44 19364.40000 5.22000000 535.83000 97.91000 15.77500 59.75900
19 12 20 23 44 19369.90000 5.22000000 536.00000 97.91000 15.77500 59.75900
19 12 20 23 44 19369.90000 5.22000000 535.72000 97.98000 15.77500 59.75900
19 12 20 23 45 19369.90000 5.22000000 535.72000 98.20000 15.91400 59.75900
19 12 20 23 45 19369.90000 5.22000000 535.74000 98.27000 15.91400 59.75900
19 12 20 23 46 19367.30000 5.22000000 535.74000 98.27000 15.91400 59.75900
19 12 20 23 46 19374.90000 5.22000000 535.74000 98.26000 15.91400 59.75900
19 12 20 23 47 19364.60000 5.22000000 535.74000 98.16000 15.91400 59.75900
19 12 20 23 47 19370.00000 5.22000000 535.56000 98.16000 15.91400 59.75900
19 12 20 23 47 19373.90000 5.22000000 535.56000 98.16000 15.91400 59.75900
19 12 20 23 48 19375.00000 5.22000000 535.56000 98.16000 15.91400 59.75900
19 12 20 23 48 19373.10000 5.22000000 535.50000 98.14000 15.91400 59.75900
19 12 20 23 49 19375.30000 5.22000000 535.50000 98.14000 15.91400 59.75900
19 12 20 23 49 19374.40000 5.22000000 535.61000 98.06000 15.91400 59.75900
19 12 20 23 50 19372.00000 5.22000000 535.50000 97.91000 15.91400 59.75900
19 12 20 23 50 19379.90000 5.22600000 535.62000 97.87000 15.91400 59.75900
19 12 20 23 50 19365.20000 5.22600000 535.58000 97.90000 15.91400 59.75900
19 12 20 23 51 19374.10000 5.22600000 535.58000 97.88000 15.87000 59.75900
19 12 20 23 51 19376.60000 5.22600000 535.58000 97.95000 15.87000 59.75900
19 12 20 23 52 19377.00000 5.22600000 535.57000 97.95000 15.87000 59.75900
19 12 20 23 52 19379.40000 5.22600000 535.58000 97.99000 15.94200 59.75900
19 12 20 23 53 19377.10000 5.22600000 535.58000 97.99000 15.94200 59.75900
19 12 20 23 53 19379.00000 5.22600000 535.58000 97.99000 15.94200 59.75900
19 12 20 23 53 19368.50000 5.22600000 535.58000 97.98000 15.94200 59.75900
19 12 20 23 54 19379.00000 5.22600000 535.58000 97.98000 15.94200 59.75900
19 12 20 23 54 19378.40000 5.22600000 535.81000 97.98000 15.94200 59.75900
19 12 20 23 55 19378.00000 5.22600000 535.81000 97.99000 15.94200 59.75900
19 12 20 23 55 19379.00000 5.22600000 535.81000 98.04000 15.94200 59.75900
19 12 20 23 56 19377.70000 5.22600000 535.73000 98.04000 15.94200 59.75900
19 12 20 23 56 19378.40000 5.22600000 535.73000 98.04000 15.94200 59.75900
19 12 20 23 56 19379.00000 5.22600000 535.72000 97.94000 15.94200 59.75900
19 12 20 23 57 19378.90000 5.22600000 535.73000 97.94000 15.94200 59.75900
19 12 20 23 57 19379.00000 5.22600000 535.73000 97.94000 15.94200 59.75900
19 12 20 23 58 19378.90000 5.22600000 535.73000 97.88000 15.94200 59.75900
19 12 20 23 58 19379.00000 5.22600000 535.73000 97.80000 15.94200 59.75900
19 12 20 23 59 19378.90000 5.22600000 535.72000 97.82000 15.94200 59.75900
19 12 20 23 59 19368.80000 5.22600000 535.73000 97.77000 15.94200 59.75900
19 12 20 23 59 19365.10000 5.22600000 535.02000 97.41000 15.94200 59.75900
20 12 20 00 00 19353.00000 5.22600000 534.89000 97.54000 15.95500 59.75900
20 12 20 00 00 19349.30000 5.22600000 535.01000 97.40000 15.95500 59.75900
20 12 20 00 01 19319.80000 5.20100000 534.00000 97.14000 15.95500 59.64800
20 12 20 00 01 19320.10000 5.20100000 534.01000 97.14000 15.95500 59.64800
20 12 20 00 02 19295.90000 5.20100000 532.87000 96.68000 15.95500 59.64800
20 12 20 00 02 19303.10000 5.20100000 533.69000 96.65000 15.95500 59.53800
20 12 20 00 02 19311.30000 5.20100000 533.66000 96.50000 15.95500 59.53800
20 12 20 00 03 19311.30000 5.20100000 533.20000 97.15000 15.88600 59.53800
20 12 20 00 03 19324.30000 5.20100000 533.89000 97.08000 15.88600 59.53800
20 12 20 00 04 19313.20000 5.20100000 533.89000 96.98000 15.88600 59.53800
20 12 20 00 04 19313.20000 5.20100000 533.84000 96.98000 15.88600 59.53800
20 12 20 00 05 19300.10000 5.20100000 533.64000 96.97000 15.88600 59.53800
20 12 20 00 05 19321.30000 5.20100000 533.70000 97.12000 15.88600 59.53800
20 12 20 00 05 19296.00000 5.20100000 533.70000 96.95000 15.88600 59.53800
20 12 20 00 06 19300.00000 5.20100000 533.40000 96.93000 15.88600 59.53800
20 12 20 00 06 19295.50000 5.20100000 533.21000 96.63000 15.88600 59.53800
20 12 20 00 07 19252.10000 5.20100000 531.94000 96.38000 15.88600 59.53800
20 12 20 00 07 19253.60000 5.20100000 532.01000 96.48000 15.88600 59.53800
20 12 20 00 07 19250.00000 5.20100000 532.13000 96.36000 15.88600 59.53800
20 12 20 00 08 19250.00000 5.20100000 531.94000 96.24000 15.88600 59.53800
20 12 20 00 08 19250.10000 5.20100000 532.19000 96.46000 15.88600 59.53800
20 12 20 00 09 19250.10000 5.20100000 531.93000 96.58000 15.88600 59.53800
20 12 20 00 09 19262.50000 5.20100000 532.16000 96.58000 15.88600 59.52800
20 12 20 00 10 19260.90000 5.20100000 532.43000 96.81000 15.88600 59.54600
20 12 20 00 10 19258.20000 5.20100000 532.44000 96.81000 15.88600 59.54600
20 12 20 00 10 19258.30000 5.20100000 532.65000 96.81000 15.88600 59.54600
20 12 20 00 11 19258.30000 5.20100000 532.29000 96.81000 15.88600 59.54600
20 12 20 00 11 19261.70000 5.20100000 532.46000 96.87000 15.88600 59.54600
20 12 20 00 12 19284.90000 5.20100000 532.80000 96.95000 15.88600 59.54600
20 12 20 00 12 19288.20000 5.20100000 532.89000 96.99000 15.88600 59.54600
20 12 20 00 13 19290.10000 5.20100000 532.89000 96.99000 15.88600 59.54600
20 12 20 00 13 19290.20000 5.20100000 532.97000 96.99000 15.88600 59.54600
20 12 20 00 13 19295.20000 5.20100000 532.97000 97.08000 15.88600 59.54600
20 12 20 00 14 19294.10000 5.20100000 532.90000 96.89000 15.88600 59.54600
20 12 20 00 14 19294.00000 5.20100000 532.93000 96.91000 15.88600 59.54600
20 12 20 00 15 19288.50000 5.20100000 532.98000 96.91000 15.88600 59.54600
20 12 20 00 15 19287.20000 5.20100000 532.97000 96.95000 15.88600 59.54600
20 12 20 00 16 19287.20000 5.20100000 532.97000 96.79000 15.88600 59.54600
20 12 20 00 16 19258.20000 5.20100000 532.00000 96.66000 15.73300 59.54600
20 12 20 00 16 19250.00000 5.20100000 530.82000 96.40000 15.73300 59.54600
20 12 20 00 17 19235.50000 5.20100000 531.14000 96.47000 15.73300 59.54600
20 12 20 00 17 19205.10000 5.20100000 530.25000 96.28000 15.73300 59.54600
20 12 20 00 18 19227.80000 5.20100000 530.71000 96.28000 15.71900 59.54600
20 12 20 00 18 19224.80000 5.20100000 530.66000 96.52000 15.71600 59.54600
20 12 20 00 19 19234.00000 5.20100000 530.85000 96.50000 15.71600 59.54600
20 12 20 00 19 19233.20000 5.20100000 530.89000 96.26000 15.71600 59.54600
20 12 20 00 19 19186.10000 5.20100000 530.11000 95.90000 15.70000 59.54600
20 12 20 00 20 19053.80000 5.20100000 527.13000 95.31000 15.60100 59.32700
20 12 20 00 20 19061.40000 5.20100000 528.42000 95.71000 15.68500 59.18000
20 12 20 00 21 19058.70000 5.20100000 527.80000 95.61000 15.71000 59.17000
20 12 20 00 21 19080.00000 5.20100000 528.63000 95.82000 15.71000 59.17000
20 12 20 00 22 19065.60000 5.20100000 528.49000 95.88000 15.71000 59.17000
20 12 20 00 22 19099.90000 5.20100000 528.88000 95.91000 15.71000 59.17000
