M=[
17 7 20 21 48 8020.00000 5.28500000 203.84000 36.70000 16.65000 51.81900
17 7 20 21 48 8019.20000 5.28500000 203.85000 36.70000 16.65000 51.81900
17 7 20 21 49 8018.40000 5.28500000 203.82000 36.70000 16.65000 51.81900
17 7 20 21 49 8019.10000 5.28500000 203.81000 36.70000 16.65000 51.80500
17 7 20 21 50 8018.40000 5.28500000 203.81000 36.70000 16.65000 51.80500
17 7 20 21 50 8018.50000 5.28500000 203.82000 36.70000 16.65000 51.80500
17 7 20 21 51 8018.50000 5.28500000 203.82000 36.70000 16.65000 51.80500
17 7 20 21 51 8018.50000 5.28500000 203.82000 36.70000 16.65000 51.80500
17 7 20 21 52 8018.30000 5.28500000 203.79000 36.70000 16.65000 51.80500
17 7 20 21 52 8018.50000 5.28500000 203.79000 36.70000 16.65000 51.80500
17 7 20 21 53 8018.70000 5.28500000 203.80000 36.70000 16.65000 51.80500
17 7 20 21 53 8018.00000 5.28500000 203.76000 36.70000 16.65000 51.80500
17 7 20 21 53 8018.00000 5.28500000 203.76000 36.70000 16.65000 51.80500
17 7 20 21 54 8017.90000 5.28500000 203.75000 36.70000 16.65000 51.80500
17 7 20 21 54 8018.00000 5.28500000 203.73000 36.70000 16.65000 51.80500
17 7 20 21 55 8018.00000 5.28500000 203.72000 36.70000 16.65000 51.80500
17 7 20 21 55 8017.90000 5.28500000 203.72000 36.70000 16.65000 51.80500
17 7 20 21 56 8016.30000 5.28500000 203.86000 36.70000 16.65000 51.80500
17 7 20 21 56 8016.40000 5.28500000 203.82000 36.70000 16.65000 51.80500
17 7 20 21 57 8016.40000 5.28500000 203.90000 36.70000 16.65000 51.80500
17 7 20 21 57 8016.40000 5.28500000 203.90000 36.70000 16.65000 51.80500
17 7 20 21 57 8016.30000 5.28500000 203.98000 36.70000 16.65000 51.80500
17 7 20 21 58 8016.40000 5.28500000 203.99000 36.70000 16.65000 51.80500
17 7 20 21 58 8016.60000 5.28500000 203.91000 36.70000 16.65000 51.80500
17 7 20 21 59 8020.00000 5.28500000 203.90000 36.70000 16.65000 51.80500
17 7 20 21 59 8018.90000 5.28500000 203.80000 36.70000 16.65000 51.80500
17 7 20 22 00 8018.90000 5.28500000 203.80000 36.70000 16.65000 51.80500
17 7 20 22 00 8019.10000 5.28500000 203.97000 36.70000 16.65000 51.80500
17 7 20 22 00 8019.20000 5.28500000 203.94000 36.70000 16.65000 51.80500
17 7 20 22 01 8019.10000 5.28500000 203.83000 36.70000 16.65000 51.80500
17 7 20 22 01 8019.10000 5.28500000 203.93000 36.70000 16.65000 51.80500
17 7 20 22 02 8019.20000 5.28500000 203.93000 36.70000 16.65000 51.80500
17 7 20 22 02 8019.30000 5.28500000 203.93000 36.70000 16.65000 51.80500
17 7 20 22 03 8019.20000 5.28500000 203.90000 36.70000 16.65000 51.80500
17 7 20 22 03 8019.20000 5.28000000 203.94000 36.70000 16.65000 51.80500
17 7 20 22 04 8019.00000 5.28000000 203.94000 36.70000 16.65000 51.80500
17 7 20 22 04 8019.00000 5.28000000 203.70000 36.70000 16.65000 51.80500
17 7 20 22 04 8016.50000 5.28000000 203.70000 36.70000 16.65000 51.80500
17 7 20 22 05 8016.50000 5.28000000 203.70000 36.70000 16.65000 51.80500
17 7 20 22 05 8017.90000 5.28000000 203.70000 36.71000 16.65000 51.80500
17 7 20 22 06 8016.50000 5.28000000 203.70000 36.71000 16.65000 51.80500
17 7 20 22 06 8016.40000 5.28000000 203.70000 36.71000 16.65000 51.80500
17 7 20 22 07 8016.40000 5.28000000 203.76000 36.71000 16.65000 51.80500
17 7 20 22 07 8017.20000 5.28000000 203.75000 36.71000 16.65000 51.80500
17 7 20 22 08 8017.20000 5.28000000 203.76000 36.75000 16.68400 51.80500
17 7 20 22 08 8017.20000 5.28000000 203.82000 36.75000 16.68400 51.80500
17 7 20 22 09 8017.10000 5.28000000 203.74000 36.74000 16.68400 51.80500
17 7 20 22 09 8017.20000 5.28000000 203.79000 36.74000 16.68400 51.80500
17 7 20 22 09 8017.20000 5.28000000 203.76000 36.74000 16.68400 51.80500
17 7 20 22 10 8017.20000 5.28000000 203.82000 36.74000 16.68400 51.80500
17 7 20 22 10 8017.20000 5.28000000 203.79000 36.74000 16.68400 51.80500
17 7 20 22 11 8018.80000 5.28000000 203.85000 36.74000 16.68400 51.80500
17 7 20 22 11 8017.30000 5.28000000 203.85000 36.74000 16.68400 51.80500
17 7 20 22 12 8017.30000 5.28000000 203.99000 36.77000 16.68400 51.80500
17 7 20 22 12 8017.30000 5.28000000 203.99000 36.77000 16.68400 51.80500
17 7 20 22 13 8017.30000 5.28000000 204.06000 36.77000 16.68400 51.80500
17 7 20 22 13 8017.90000 5.28000000 203.97000 36.77000 16.68400 51.80500
17 7 20 22 14 8017.10000 5.28000000 203.97000 36.78000 16.68400 51.95700
17 7 20 22 14 8017.10000 5.28000000 204.06000 36.78000 16.68400 51.95700
17 7 20 22 15 8017.10000 5.28000000 204.02000 36.78000 16.68400 51.95700
17 7 20 22 15 8018.70000 5.28000000 204.02000 36.78000 16.68400 51.95700
17 7 20 22 15 8018.70000 5.28000000 204.02000 36.78000 16.68400 51.95700
17 7 20 22 16 8018.10000 5.28000000 204.02000 36.77000 16.68400 51.95700
17 7 20 22 16 8018.90000 5.28000000 204.02000 36.77000 16.68400 51.95700
17 7 20 22 17 8018.90000 5.28000000 204.02000 36.77000 16.68400 51.95700
17 7 20 22 17 8018.40000 5.28000000 204.00000 36.77000 16.68400 51.95700
17 7 20 22 18 8018.40000 5.28000000 204.08000 36.77000 16.68400 51.95700
17 7 20 22 18 8018.80000 5.28000000 204.09000 36.77000 16.68400 51.95700
17 7 20 22 19 8018.50000 5.28000000 204.09000 36.77000 16.68400 51.95700
17 7 20 22 19 8018.60000 5.28000000 203.98000 36.77000 16.68400 51.95700
17 7 20 22 20 8018.90000 5.28000000 203.94000 36.77000 16.68400 51.95700
17 7 20 22 20 8018.90000 5.28000000 203.99000 36.77000 16.68400 51.95700
17 7 20 22 20 8020.00000 5.28000000 204.09000 36.77000 16.68400 51.95700
17 7 20 22 21 8020.00000 5.28000000 204.09000 36.77000 16.68400 51.95700
17 7 20 22 21 8018.20000 5.28000000 204.06000 36.77000 16.68400 51.95700
17 7 20 22 22 8020.10000 5.28000000 204.06000 36.77000 16.68400 51.95700
17 7 20 22 22 8020.10000 5.28000000 204.06000 36.77000 16.68400 51.95700
17 7 20 22 23 8020.10000 5.28000000 204.06000 36.77000 16.68400 51.95700
17 7 20 22 23 8020.00000 5.28000000 204.05000 36.73000 16.68400 51.95700
17 7 20 22 23 8020.00000 5.28000000 203.97000 36.73000 16.68400 51.95700
17 7 20 22 24 8020.40000 5.28000000 203.97000 36.73000 16.68400 51.95700
17 7 20 22 24 8020.20000 5.28000000 203.97000 36.73000 16.68400 51.95700
17 7 20 22 25 8020.20000 5.28000000 204.06000 36.72000 16.68400 51.95700
17 7 20 22 25 8020.20000 5.28000000 204.08000 36.73000 16.68400 51.95700
17 7 20 22 26 8020.20000 5.28000000 204.10000 36.73000 16.68400 51.95700
17 7 20 22 26 8020.70000 5.28000000 204.09000 36.73000 16.68400 51.95700
17 7 20 22 27 8021.30000 5.28000000 204.09000 36.73000 16.68400 51.95700
17 7 20 22 27 8019.20000 5.28000000 204.09000 36.73000 16.68400 51.95700
17 7 20 22 28 8019.20000 5.28000000 204.09000 36.70000 16.68400 51.95700
17 7 20 22 28 8021.20000 5.28000000 204.10000 36.70000 16.68400 51.95700
17 7 20 22 29 8021.60000 5.28000000 204.10000 36.70000 16.68400 51.95700
17 7 20 22 29 8021.60000 5.28000000 204.10000 36.70000 16.68400 51.95700
17 7 20 22 29 8019.90000 5.28000000 204.10000 36.70000 16.68400 51.95700
17 7 20 22 30 8021.30000 5.28000000 204.10000 36.70000 16.68400 51.95700
17 7 20 22 30 8021.30000 5.28000000 204.10000 36.70000 16.68400 51.95700
17 7 20 22 31 8021.20000 5.28000000 204.10000 36.70000 16.68400 51.95700
17 7 20 22 31 8021.10000 5.28000000 204.10000 36.70000 16.68400 51.95700
17 7 20 22 32 8019.30000 5.28000000 204.10000 36.70000 16.68400 51.95700
17 7 20 22 32 8021.20000 5.28000000 204.10000 36.70000 16.68400 51.95700
17 7 20 22 33 8021.60000 5.28000000 204.09000 36.70000 16.68400 51.95700
17 7 20 22 33 8021.30000 5.28000000 204.09000 36.70000 16.68400 51.95700
17 7 20 22 33 8021.30000 5.28000000 204.10000 36.70000 16.75100 51.95700
17 7 20 22 34 8020.80000 5.28000000 204.08000 36.78000 16.75100 51.95700
17 7 20 22 34 8020.90000 5.28000000 204.09000 36.78000 16.75100 51.95700
17 7 20 22 35 8021.60000 5.28000000 204.10000 36.78000 16.75100 51.95700
17 7 20 22 35 8023.10000 5.28000000 204.10000 36.78000 16.75100 51.95700
17 7 20 22 36 8023.00000 5.28000000 204.09000 36.78000 16.75100 51.95700
17 7 20 22 36 8023.00000 5.28000000 204.09000 36.78000 16.75100 51.95700
17 7 20 22 36 8023.00000 5.28000000 204.09000 36.76000 16.75100 51.95700
