M=[
24 12 20 10 40 19084.90000 4.28500000 475.64000 85.43000 14.22200 47.11900
24 12 20 10 40 19081.70000 4.28500000 475.73000 85.43000 14.22200 47.11900
24 12 20 10 41 19086.80000 4.29800000 475.73000 85.40000 14.22200 47.11900
24 12 20 10 41 19086.80000 4.29800000 475.33000 85.37000 14.22200 47.11900
24 12 20 10 41 19085.70000 4.29800000 475.64000 85.37000 14.22200 47.11900
24 12 20 10 42 19086.80000 4.29800000 475.77000 85.37000 14.22200 47.11900
24 12 20 10 42 19086.90000 4.29800000 476.16000 85.37000 14.22200 47.11900
24 12 20 10 43 19086.90000 4.29800000 476.16000 85.45000 14.22200 47.11900
24 12 20 10 43 19086.90000 4.29800000 476.16000 85.41000 14.22200 47.11900
24 12 20 10 44 19098.70000 4.29800000 476.16000 85.44000 14.22200 47.11900
24 12 20 10 44 19100.00000 4.29800000 476.16000 85.44000 14.22200 47.11900
24 12 20 10 44 19104.00000 4.29800000 476.91000 85.68000 14.22200 47.11900
24 12 20 10 45 19104.10000 4.29800000 476.84000 85.71000 14.22200 47.11900
24 12 20 10 45 19104.10000 4.29800000 476.29000 85.45000 14.22200 47.11900
24 12 20 10 46 19080.10000 4.29900000 475.05000 85.41000 14.22200 47.11900
24 12 20 10 46 19086.30000 4.29900000 475.73000 85.41000 14.22200 47.11900
24 12 20 10 47 19086.20000 4.29900000 475.59000 85.31000 14.22200 47.11900
24 12 20 10 47 19086.20000 4.29900000 475.37000 85.31000 14.22200 47.11900
24 12 20 10 47 19086.20000 4.29900000 475.37000 85.34000 14.22200 47.11900
24 12 20 10 48 19091.50000 4.29900000 475.60000 85.34000 14.22200 47.11900
24 12 20 10 48 19091.30000 4.29900000 475.86000 85.46000 14.22200 47.11900
24 12 20 10 49 19089.60000 4.29900000 475.96000 85.46000 14.22200 47.11900
24 12 20 10 49 19077.50000 4.29900000 475.96000 85.46000 14.22200 47.11900
24 12 20 10 50 19078.00000 4.29900000 476.07000 85.46000 14.22200 47.11900
24 12 20 10 50 19090.60000 4.29900000 476.40000 85.46000 14.22200 47.11900
24 12 20 10 50 19089.90000 4.29900000 476.40000 85.46000 14.22200 47.11900
24 12 20 10 51 19091.20000 4.29900000 476.40000 85.45000 14.22200 47.11900
24 12 20 10 51 19091.30000 4.29900000 476.66000 85.45000 14.22200 47.11900
24 12 20 10 52 19091.20000 4.29900000 476.73000 85.45000 14.22200 47.11900
24 12 20 10 52 19091.10000 4.29900000 476.73000 85.44000 14.22200 47.11900
24 12 20 10 53 19091.10000 4.29900000 476.72000 85.41000 14.22200 47.11900
24 12 20 10 53 19091.20000 4.29900000 476.72000 85.51000 14.22200 47.11900
24 12 20 10 53 19091.30000 4.29900000 476.73000 85.51000 14.22200 47.11900
24 12 20 10 54 19091.20000 4.29900000 476.40000 85.43000 14.22200 47.11900
24 12 20 10 54 19091.20000 4.29900000 476.45000 85.43000 14.22200 47.11900
24 12 20 10 55 19091.20000 4.29900000 476.42000 85.38000 14.22200 47.11900
24 12 20 10 55 19079.00000 4.28900000 476.41000 85.26000 14.22200 47.11900
24 12 20 10 56 19072.30000 4.28800000 476.41000 85.26000 14.22200 47.11900
24 12 20 10 56 19072.30000 4.28800000 476.24000 85.25000 14.22200 47.11900
24 12 20 10 56 19059.90000 4.28800000 475.98000 85.25000 14.22200 47.11900
24 12 20 10 57 19049.00000 4.28800000 475.38000 85.10000 14.22200 47.11900
24 12 20 10 57 19043.40000 4.28800000 475.06000 84.86000 14.22200 47.11900
24 12 20 10 58 19043.40000 4.28800000 475.10000 84.95000 14.22200 47.11900
24 12 20 10 58 19043.40000 4.28800000 475.38000 85.14000 14.22200 46.93000
24 12 20 10 59 19043.30000 4.28800000 475.38000 85.12000 14.22200 46.93000
24 12 20 10 59 19040.30000 4.28800000 475.36000 85.13000 14.22200 46.93000
24 12 20 10 59 19027.90000 4.28800000 475.01000 84.92000 14.22200 46.93000
24 12 20 11 00 19026.30000 4.28800000 475.07000 84.91000 14.22200 46.93000
24 12 20 11 00 19026.30000 4.28800000 475.38000 85.17000 14.22200 46.93000
24 12 20 11 01 19033.30000 4.28800000 475.28000 85.06000 14.22200 46.82300
24 12 20 11 01 19015.60000 4.28800000 474.47000 84.76000 14.22200 46.76000
24 12 20 11 02 19015.50000 4.28800000 474.46000 84.63000 14.22200 46.72200
24 12 20 11 02 19006.10000 4.28800000 474.16000 84.49000 14.22200 46.69000
24 12 20 11 02 19008.50000 4.26000000 474.19000 84.59000 14.22200 46.65100
24 12 20 11 03 19013.80000 4.25000000 474.40000 84.61000 14.05000 46.65100
24 12 20 11 03 19010.00000 4.25000000 474.66000 84.67000 14.05000 46.65100
24 12 20 11 04 19006.10000 4.25000000 474.70000 84.67000 14.05000 46.65100
24 12 20 11 04 19006.00000 4.25000000 474.70000 84.67000 14.05000 46.65100
24 12 20 11 05 19006.10000 4.25000000 474.68000 84.67000 14.05000 46.75500
24 12 20 11 05 19005.10000 4.25000000 474.21000 84.48000 14.05000 46.75500
24 12 20 11 05 19005.10000 4.25000000 474.22000 84.50000 14.05000 46.65800
24 12 20 11 06 19005.00000 4.25000000 474.77000 84.60000 14.05000 46.65800
24 12 20 11 06 19005.10000 4.25000000 474.63000 84.60000 14.05000 46.65800
24 12 20 11 07 19028.40000 4.25000000 474.82000 84.60000 14.05000 46.65800
24 12 20 11 07 19008.80000 4.25000000 474.50000 84.57000 14.00700 46.65800
24 12 20 11 08 19006.00000 4.25000000 474.50000 84.57000 14.00700 46.65800
24 12 20 11 08 18996.80000 4.25000000 474.40000 84.43000 14.00700 46.65800
24 12 20 11 08 18977.70000 4.25000000 473.21000 84.27000 13.16800 46.65800
24 12 20 11 09 18986.10000 4.25000000 473.55000 84.39000 13.89500 46.70100
24 12 20 11 09 18989.20000 4.25000000 473.93000 84.39000 13.89500 46.70100
24 12 20 11 10 18982.50000 4.25000000 473.79000 84.37000 13.86600 46.70100
24 12 20 11 10 18975.30000 4.25000000 473.65000 84.28000 13.86600 46.70100
24 12 20 11 11 18970.00000 4.24600000 472.88000 84.03000 13.86600 46.70100
24 12 20 11 11 18963.20000 4.25100000 472.77000 83.98000 13.75000 46.70100
24 12 20 11 11 18973.00000 4.25100000 473.50000 84.26000 13.75000 46.70100
24 12 20 11 12 19007.70000 4.25100000 474.16000 84.54000 13.75000 46.60300
24 12 20 11 12 19007.50000 4.25100000 474.06000 84.54000 13.75000 46.60300
24 12 20 11 13 19014.40000 4.25100000 474.32000 84.54000 13.75000 46.60300
24 12 20 11 13 19026.20000 4.25100000 474.60000 84.68000 13.75000 46.60300
24 12 20 11 14 19026.10000 4.25100000 474.99000 84.93000 13.75000 46.73900
24 12 20 11 14 19026.20000 4.25100000 474.99000 84.96000 13.93100 46.73900
24 12 20 11 14 19026.10000 4.25100000 475.34000 85.05000 13.93100 46.83400
24 12 20 11 15 19026.20000 4.25100000 475.22000 85.12000 13.93100 46.83400
24 12 20 11 15 19014.40000 4.28100000 474.86000 85.01000 13.93100 46.83400
24 12 20 11 16 19009.90000 4.28100000 474.67000 85.06000 13.93100 46.79800
24 12 20 11 16 19020.50000 4.29000000 475.50000 85.22000 13.93100 46.79800
24 12 20 11 17 19036.80000 4.29000000 476.16000 85.32000 13.93100 46.79800
24 12 20 11 17 19042.20000 4.29000000 476.64000 85.40000 13.93100 46.79800
24 12 20 11 17 19038.10000 4.29000000 476.64000 85.40000 13.93100 46.87400
24 12 20 11 18 19043.10000 4.29000000 476.99000 85.45000 14.07100 46.87400
24 12 20 11 18 19043.10000 4.29000000 476.98000 85.62000 14.07100 46.87400
24 12 20 11 19 19043.10000 4.29000000 477.45000 85.62000 13.91600 46.87400
24 12 20 11 19 19043.10000 4.29000000 477.55000 85.62000 13.91600 46.87400
24 12 20 11 20 19043.10000 4.29000000 477.59000 85.60000 13.88100 47.08200
24 12 20 11 20 19043.00000 4.29000000 477.35000 85.64000 13.88100 47.08200
24 12 20 11 20 19043.00000 4.29000000 477.65000 85.61000 14.04800 47.08200
24 12 20 11 21 19043.00000 4.34900000 477.30000 85.55000 14.04800 47.08200
24 12 20 11 21 19041.40000 4.34900000 477.69000 85.45000 14.04800 47.08200
24 12 20 11 22 19043.30000 4.34900000 477.69000 85.45000 14.04800 47.08200
24 12 20 11 22 19061.60000 4.36700000 478.34000 85.77000 13.90900 47.08200
24 12 20 11 23 19070.00000 4.36700000 478.44000 86.00000 13.90900 47.31600
24 12 20 11 23 19098.90000 4.40900000 479.46000 86.01000 13.90900 47.58900
24 12 20 11 23 19104.10000 4.44600000 479.46000 86.05000 13.90900 47.73600
24 12 20 11 24 19104.00000 4.44600000 479.45000 86.00000 13.90900 47.59000
24 12 20 11 24 19094.40000 4.41200000 479.31000 85.86000 13.90900 47.50400
24 12 20 11 25 19094.40000 4.41200000 479.32000 85.98000 13.90900 47.50400
