M=[
30 5 20 18 17 8580.00000 6.58000000 213.85000 42.33000 11.78000 48.29900
30 5 20 18 18 8573.20000 6.58000000 213.55000 42.35000 11.78000 48.29900
30 5 20 18 18 8578.60000 6.58000000 213.68000 42.35000 11.78000 48.21700
30 5 20 18 19 8576.30000 6.58000000 213.80000 42.35000 11.78000 48.21700
30 5 20 18 19 8578.60000 6.58000000 213.88000 42.35000 11.78000 48.21700
30 5 20 18 20 8578.50000 6.58000000 213.91000 42.35000 11.78000 48.21700
30 5 20 18 20 8578.60000 6.60700000 213.87000 42.33000 11.78000 48.21700
30 5 20 18 20 8578.70000 6.58000000 213.81000 42.35000 11.78000 48.02800
30 5 20 18 21 8579.30000 6.60700000 213.86000 42.35000 11.78000 48.21700
30 5 20 18 21 8580.00000 6.60700000 213.86000 42.35000 11.78000 48.21700
30 5 20 18 22 8580.00000 6.60700000 213.86000 42.35000 11.78000 48.21700
30 5 20 18 22 8580.00000 6.60000000 213.78000 42.31000 11.78000 48.21700
30 5 20 18 23 8577.50000 6.60000000 213.50000 42.31000 11.78000 48.11100
30 5 20 18 23 8579.90000 6.60000000 213.50000 42.32000 11.78000 48.06700
30 5 20 18 24 8577.60000 6.60000000 213.51000 42.32000 11.78000 48.21900
30 5 20 18 24 8579.70000 6.60000000 213.51000 42.32000 11.78000 48.21900
30 5 20 18 25 8581.70000 6.60000000 213.51000 42.34000 11.78000 48.21900
30 5 20 18 25 8579.70000 6.60000000 213.51000 42.32000 11.78000 48.21900
30 5 20 18 26 8575.30000 6.60000000 213.50000 42.31000 11.78000 48.21900
30 5 20 18 26 8575.60000 6.60000000 213.51000 42.33000 11.79800 48.21900
30 5 20 18 26 8574.30000 6.58000000 213.51000 42.33000 11.78000 48.21900
30 5 20 18 27 8576.50000 6.60000000 213.51000 42.33000 11.78000 48.21900
30 5 20 18 27 8575.90000 6.60000000 213.51000 42.33000 11.78000 48.21900
30 5 20 18 28 8577.60000 6.60000000 213.51000 42.31000 11.78000 48.21900
30 5 20 18 28 8577.50000 6.60000000 213.51000 42.33000 11.78000 48.19900
30 5 20 18 29 8577.90000 6.60000000 213.51000 42.33000 11.79800 48.19900
30 5 20 18 29 8579.00000 6.60000000 213.51000 42.33000 11.78000 48.21900
30 5 20 18 30 8581.80000 6.60000000 213.51000 42.33000 11.78000 48.19900
30 5 20 18 30 8580.20000 6.60000000 213.58000 42.33000 11.78000 48.24900
30 5 20 18 31 8580.90000 6.60000000 213.56000 42.40000 11.78000 48.33500
30 5 20 18 31 8581.00000 6.60000000 213.64000 42.40000 11.78000 48.33500
30 5 20 18 32 8581.00000 6.60000000 213.56000 42.33000 11.78000 48.33500
30 5 20 18 32 8578.00000 6.60000000 213.43000 42.33000 11.78000 48.33500
30 5 20 18 32 8577.30000 6.60000000 213.43000 42.33000 11.78000 48.21900
30 5 20 18 33 8577.70000 6.60000000 213.55000 42.34000 11.78000 48.33500
30 5 20 18 33 8579.10000 6.60000000 213.40000 42.34000 11.78000 48.33500
30 5 20 18 34 8579.00000 6.60000000 213.47000 42.34000 11.78000 48.33500
30 5 20 18 34 8576.30000 6.59900000 213.31000 42.34000 11.78000 48.21600
30 5 20 18 35 8576.30000 6.59900000 213.48000 42.33000 11.78000 48.21600
30 5 20 18 35 8576.80000 6.60700000 213.29000 42.31000 11.78000 48.21600
30 5 20 18 36 8578.80000 6.56500000 213.31000 42.34000 11.78000 48.21600
30 5 20 18 36 8579.20000 6.59900000 213.40000 42.34000 11.78000 48.21600
30 5 20 18 36 8579.20000 6.59900000 213.39000 42.33000 11.78000 48.33300
30 5 20 18 37 8579.20000 6.59900000 213.31000 42.34000 11.78000 48.33300
30 5 20 18 37 8579.10000 6.59900000 213.39000 42.34000 11.79800 48.33500
30 5 20 18 38 8579.20000 6.58700000 213.47000 42.32000 11.78000 48.33300
30 5 20 18 38 8581.40000 6.58700000 213.52000 42.32000 11.78000 48.24000
30 5 20 18 39 8582.00000 6.58700000 213.52000 42.32000 11.78000 48.24000
30 5 20 18 39 8582.20000 6.58700000 213.55000 42.32000 11.78000 48.24000
30 5 20 18 40 8582.00000 6.58700000 213.52000 42.32000 11.78000 48.24000
30 5 20 18 40 8582.00000 6.58700000 213.38000 42.32000 11.80600 48.33400
30 5 20 18 41 8582.00000 6.58700000 213.44000 42.32000 11.78000 48.33400
30 5 20 18 41 8582.10000 6.58700000 213.44000 42.32000 11.80600 48.33500
30 5 20 18 42 8582.00000 6.59900000 213.50000 42.32000 11.80600 48.33300
30 5 20 18 42 8582.10000 6.58700000 213.50000 42.34000 11.80600 48.33400
30 5 20 18 42 8580.30000 6.58700000 213.39000 42.32000 11.80600 48.33400
30 5 20 18 43 8582.10000 6.58700000 213.39000 42.32000 11.80600 48.33400
30 5 20 18 43 8580.50000 6.58700000 213.39000 42.34000 11.80600 48.33500
30 5 20 18 44 8581.70000 6.58700000 213.47000 42.32000 11.79800 48.50000
30 5 20 18 44 8582.00000 6.58700000 213.48000 42.32000 11.80600 48.43300
30 5 20 18 45 8580.50000 6.59900000 213.17000 42.32000 11.80600 48.47500
30 5 20 18 45 8579.30000 6.58700000 213.14000 42.32000 11.80600 48.50000
30 5 20 18 46 8575.90000 6.59900000 213.32000 42.30000 11.80600 48.47500
30 5 20 18 46 8575.90000 6.58700000 213.10000 42.30000 11.80600 48.26300
30 5 20 18 47 8575.90000 6.59400000 212.94000 42.30000 11.80600 48.26300
30 5 20 18 47 8576.00000 6.59400000 212.78000 42.30000 11.80600 48.26300
30 5 20 18 48 8576.00000 6.58700000 213.08000 42.30000 11.78000 48.26300
30 5 20 18 48 8575.50000 6.59400000 213.09000 42.30000 11.80600 48.28300
30 5 20 18 49 8572.70000 6.59400000 213.10000 42.30000 11.80600 48.28300
30 5 20 18 49 8572.20000 6.59400000 213.10000 42.28000 11.80600 48.28300
30 5 20 18 50 8572.30000 6.59400000 213.05000 42.28000 11.80600 48.28300
30 5 20 18 50 8572.30000 6.59400000 213.05000 42.28000 11.80600 48.28300
30 5 20 18 51 8572.30000 6.59400000 213.05000 42.28000 11.80600 48.28300
30 5 20 18 51 8572.30000 6.59400000 213.10000 42.28000 11.80600 48.28300
30 5 20 18 51 8569.30000 6.59400000 212.97000 42.28000 11.80600 48.28300
30 5 20 18 52 8569.10000 6.59400000 212.97000 42.32000 11.80600 48.38500
30 5 20 18 52 8569.00000 6.59400000 212.97000 42.30000 11.80600 48.38500
30 5 20 18 53 8569.00000 6.59400000 212.97000 42.28000 11.80600 48.28300
30 5 20 18 53 8569.20000 6.59400000 212.95000 42.28000 11.80600 48.38500
30 5 20 18 54 8569.20000 6.59700000 213.08000 42.28000 11.80600 48.39300
30 5 20 18 54 8573.50000 6.59400000 213.08000 42.28000 11.80600 48.39300
30 5 20 18 55 8573.50000 6.59700000 213.09000 42.31000 11.80600 48.39300
30 5 20 18 55 8572.00000 6.59700000 213.08000 42.31000 11.80600 48.28300
30 5 20 18 56 8572.60000 6.59700000 213.08000 42.35000 11.80600 48.39300
30 5 20 18 56 8572.60000 6.59700000 213.09000 42.31000 11.80600 48.53300
30 5 20 18 57 8576.00000 6.59700000 213.08000 42.31000 11.80600 48.53300
30 5 20 18 57 8574.40000 6.59700000 213.09000 42.31000 11.80600 48.53300
30 5 20 18 57 8574.80000 6.59700000 213.08000 42.38000 11.80600 48.53300
30 5 20 18 58 8576.00000 6.59700000 213.09000 42.31000 11.80600 48.53300
30 5 20 18 58 8576.00000 6.59700000 213.09000 42.38000 11.80600 48.53300
30 5 20 18 59 8574.50000 6.59700000 213.08000 42.28000 11.80600 48.53300
30 5 20 18 59 8575.40000 6.59700000 213.08000 42.28000 11.80600 48.53300
30 5 20 19 00 8573.70000 6.59700000 213.09000 42.28000 11.80600 48.51500
30 5 20 19 00 8574.40000 6.59700000 213.29000 42.28000 11.80600 48.51500
30 5 20 19 01 8574.40000 6.59700000 213.29000 42.28000 11.80600 48.51500
30 5 20 19 01 8572.90000 6.59700000 213.29000 42.28000 11.80600 48.51500
30 5 20 19 02 8575.10000 6.59700000 213.31000 42.28000 11.80600 48.51500
30 5 20 19 02 8574.10000 6.59700000 213.29000 42.28000 11.80600 48.51500
30 5 20 19 02 8569.20000 6.59700000 213.20000 42.31000 11.80600 48.51500
30 5 20 19 03 8569.20000 6.59700000 213.21000 42.31000 11.80600 48.59000
30 5 20 19 03 8568.20000 6.59700000 213.21000 42.31000 11.80600 48.59000
30 5 20 19 04 8566.70000 6.59700000 212.94000 42.31000 11.80600 48.51500
30 5 20 19 04 8566.30000 6.59700000 212.45000 42.31000 11.80600 48.59000
30 5 20 19 05 8566.30000 6.59700000 212.55000 42.31000 11.78000 48.59000
30 5 20 19 05 8566.30000 6.59700000 212.55000 42.31000 11.80900 48.59000
30 5 20 19 06 8567.70000 6.59700000 212.70000 42.25000 11.80900 48.59000
30 5 20 19 06 8566.30000 6.59700000 212.70000 42.25000 11.80600 48.59000
30 5 20 19 07 8570.50000 6.59700000 212.70000 42.25000 11.80900 48.39000
30 5 20 19 07 8569.10000 6.59700000 212.70000 42.25000 11.80900 48.43100
