M=[
10 12 20 10 49 15040.50000 4.91000000 460.28000 61.72000 13.91000 55.59000
10 12 20 10 50 15044.00000 4.91000000 460.33000 61.72000 13.91000 55.59000
10 12 20 10 50 15048.60000 4.91000000 460.31000 61.78000 13.91000 55.59000
10 12 20 10 51 15045.30000 4.91000000 460.20000 61.76000 13.91000 55.59000
10 12 20 10 51 15042.20000 4.91000000 460.47000 61.76000 14.09000 55.59000
10 12 20 10 52 15046.40000 4.91000000 460.47000 61.85000 13.91400 55.59000
10 12 20 10 52 15040.50000 4.91000000 460.35000 61.85000 13.91400 55.59000
10 12 20 10 53 15045.20000 4.91000000 460.40000 61.84000 13.91400 55.59000
10 12 20 10 53 15038.60000 4.91000000 460.26000 61.84000 13.91400 55.59000
10 12 20 10 54 15038.50000 4.91000000 460.47000 61.84000 13.91400 55.59000
10 12 20 10 54 15027.10000 4.91000000 460.14000 61.84000 13.91400 55.59000
10 12 20 10 54 15025.00000 4.91000000 460.00000 61.75000 13.91400 55.59000
10 12 20 10 55 15017.40000 4.92000000 459.24000 61.64000 13.91400 55.59000
10 12 20 10 55 15014.10000 4.92000000 458.78000 61.64000 13.91400 55.59000
10 12 20 10 56 15001.10000 4.92000000 458.27000 61.61000 13.91400 55.59000
10 12 20 10 56 15014.20000 4.92000000 459.00000 61.62000 13.91400 55.59000
10 12 20 10 57 15013.60000 4.92000000 458.83000 61.60000 13.91400 55.59000
10 12 20 10 57 15009.20000 4.92000000 458.54000 61.60000 13.91400 55.59000
10 12 20 10 58 15001.00000 4.92000000 458.25000 61.41000 13.91400 55.59000
10 12 20 10 58 15004.30000 4.92000000 458.28000 61.41000 13.91400 55.57200
10 12 20 10 58 15006.40000 4.92000000 458.28000 61.40000 13.91400 55.57200
10 12 20 10 59 15006.90000 4.92000000 458.20000 61.40000 13.91400 55.57200
10 12 20 10 59 15006.90000 4.92000000 458.18000 61.40000 13.91400 55.57200
10 12 20 11 00 15013.20000 4.92000000 458.28000 61.47000 13.91400 55.57200
10 12 20 11 00 15027.10000 4.92000000 459.06000 61.47000 13.91400 55.57200
10 12 20 11 01 15007.10000 4.92000000 458.45000 61.43000 13.91400 55.57200
10 12 20 11 01 15006.10000 4.92000000 458.45000 61.47000 13.91400 55.57200
10 12 20 11 02 15015.40000 4.92000000 458.88000 61.58000 13.91400 55.57200
10 12 20 11 02 15010.10000 4.92000000 458.85000 61.58000 13.91400 55.57200
10 12 20 11 03 15010.00000 4.92000000 458.73000 61.50000 14.06200 55.57200
10 12 20 11 03 15010.50000 4.92000000 458.86000 61.50000 14.06200 55.57200
10 12 20 11 03 15010.50000 4.92000000 459.13000 61.56000 13.91400 55.57200
10 12 20 11 04 15010.20000 4.92000000 459.13000 61.56000 13.91400 55.57200
10 12 20 11 04 15010.20000 4.92000000 459.23000 61.52000 13.91400 55.57200
10 12 20 11 05 15030.00000 4.92000000 459.86000 61.60000 13.91400 55.58500
10 12 20 11 05 15036.10000 4.92000000 460.23000 61.60000 13.91400 55.58500
10 12 20 11 06 15051.70000 4.92000000 460.60000 61.73000 13.91400 55.58500
10 12 20 11 06 15055.70000 4.92000000 460.64000 61.73000 13.91400 55.58500
10 12 20 11 07 15055.70000 4.92000000 460.90000 61.73000 13.91400 55.58500
10 12 20 11 07 15056.00000 4.92000000 460.90000 61.76000 13.91400 55.58500
10 12 20 11 08 15068.80000 4.92000000 461.51000 61.83000 13.91400 55.58500
10 12 20 11 08 15078.00000 4.92000000 461.74000 61.76000 13.91400 55.58500
10 12 20 11 08 15087.20000 4.92000000 461.46000 61.76000 13.91400 55.58500
10 12 20 11 09 15099.30000 4.92000000 462.40000 61.97000 13.91400 55.58500
10 12 20 11 09 15096.40000 4.92000000 462.47000 61.97000 13.91400 55.96700
10 12 20 11 10 15091.20000 4.92000000 462.70000 62.04000 13.91400 55.96700
10 12 20 11 10 15089.80000 4.92000000 462.69000 62.04000 13.91400 56.02200
10 12 20 11 11 15079.80000 4.92000000 461.93000 61.98000 14.03300 56.02200
10 12 20 11 11 15088.90000 4.92000000 461.93000 61.98000 14.03300 56.02200
10 12 20 11 12 15088.90000 4.92000000 462.01000 61.97000 14.03300 56.02200
10 12 20 11 12 15085.10000 4.92000000 462.01000 61.97000 14.03300 56.02200
10 12 20 11 12 15085.10000 4.92000000 461.71000 61.97000 14.03300 56.02200
10 12 20 11 13 15081.00000 4.92000000 461.94000 61.97000 14.03300 56.02200
10 12 20 11 13 15081.00000 4.92000000 461.84000 61.97000 14.03300 56.02200
10 12 20 11 14 15081.00000 4.92000000 461.70000 61.87000 14.03300 56.02200
10 12 20 11 14 15080.20000 4.92000000 461.53000 61.87000 14.03300 55.89900
10 12 20 11 15 15080.30000 4.92000000 461.52000 61.87000 14.03300 55.89900
10 12 20 11 15 15080.30000 4.92000000 461.33000 61.86000 14.03300 55.89900
10 12 20 11 16 15080.30000 4.92000000 461.65000 61.86000 14.03300 55.89900
10 12 20 11 16 15066.00000 4.92000000 461.47000 61.86000 14.03300 55.89900
10 12 20 11 17 15066.80000 4.92000000 461.38000 61.85000 14.03300 55.91700
10 12 20 11 17 15071.20000 4.92000000 461.94000 61.85000 14.03300 55.91700
10 12 20 11 17 15069.50000 4.92000000 462.17000 61.85000 14.03300 55.91700
10 12 20 11 18 15067.90000 4.92000000 461.96000 61.85000 14.03300 55.91700
10 12 20 11 18 15067.90000 4.92000000 461.11000 61.87000 14.03300 55.91700
10 12 20 11 19 15067.90000 4.92000000 461.15000 61.83000 14.03300 55.91700
10 12 20 11 19 15067.90000 4.92000000 461.23000 61.83000 14.03300 55.91700
10 12 20 11 20 15067.80000 4.92000000 461.09000 61.84000 14.03300 55.91700
10 12 20 11 20 15067.80000 4.92000000 461.23000 61.84000 14.03300 55.91700
10 12 20 11 21 15067.80000 4.92000000 461.17000 61.84000 14.03300 55.91700
10 12 20 11 21 15067.90000 4.92000000 460.93000 61.85000 14.03300 55.91700
10 12 20 11 22 15067.80000 4.92000000 460.93000 61.85000 14.03300 55.91700
10 12 20 11 22 15067.90000 4.92000000 460.44000 61.85000 14.03300 55.91700
10 12 20 11 22 15067.90000 4.92000000 460.44000 61.80000 14.03300 55.91700
10 12 20 11 23 15065.90000 4.92000000 460.29000 61.80000 14.03300 55.91700
10 12 20 11 23 15060.00000 4.92000000 460.14000 61.73000 14.03300 56.08700
10 12 20 11 24 15060.40000 4.92000000 459.81000 61.72000 14.03300 56.08700
10 12 20 11 24 15060.40000 4.92000000 459.81000 61.72000 14.03300 56.08700
10 12 20 11 25 15060.40000 4.92000000 460.33000 61.72000 14.03300 56.08700
10 12 20 11 25 15060.30000 4.92000000 459.81000 61.71000 14.03300 56.08700
10 12 20 11 26 15050.10000 4.92000000 459.68000 61.71000 14.03300 56.08700
10 12 20 11 26 15050.00000 4.92000000 459.88000 61.64000 14.03300 56.08700
10 12 20 11 27 15029.70000 4.92000000 459.61000 61.59000 14.03300 56.08700
10 12 20 11 27 15031.50000 4.92000000 459.15000 61.59000 14.03300 56.08700
10 12 20 11 27 15017.70000 4.92000000 459.00000 61.59000 14.03300 56.08700
10 12 20 11 28 15018.20000 4.88300000 459.00000 61.59000 14.03300 56.08700
10 12 20 11 28 15024.20000 4.88000000 459.02000 61.59000 14.03300 56.08700
10 12 20 11 29 15024.10000 4.88000000 459.00000 61.59000 14.03300 56.08700
10 12 20 11 29 15024.20000 4.88000000 459.00000 61.59000 14.03300 56.08700
10 12 20 11 30 15026.40000 4.88000000 459.01000 61.59000 14.03300 56.08700
10 12 20 11 30 15026.40000 4.88000000 459.00000 61.68000 14.03300 56.08700
10 12 20 11 31 15026.40000 4.88000000 459.00000 61.68000 14.03300 56.08700
10 12 20 11 31 15026.40000 4.88000000 458.21000 61.64000 14.03300 56.08700
10 12 20 11 32 15026.40000 4.88000000 458.17000 61.64000 14.03300 56.08700
10 12 20 11 32 15026.40000 4.88000000 458.17000 61.62000 14.03300 56.08700
10 12 20 11 32 15017.70000 4.88000000 457.92000 61.61000 14.03300 56.08700
10 12 20 11 33 15012.20000 4.88000000 457.72000 61.61000 14.03300 56.08700
10 12 20 11 33 15024.00000 4.88000000 458.18000 61.61000 14.03300 56.08700
10 12 20 11 34 15044.50000 4.88000000 459.00000 61.94000 14.03300 56.08700
10 12 20 11 34 15059.70000 4.88000000 459.58000 61.94000 14.03300 55.98000
10 12 20 11 35 15064.70000 4.88000000 459.90000 61.94000 14.03300 55.98000
10 12 20 11 35 15064.60000 4.88000000 459.89000 61.94000 14.03300 55.98000
10 12 20 11 36 15064.70000 4.88000000 459.89000 61.91000 14.03300 55.98000
10 12 20 11 36 15064.70000 4.88000000 459.89000 61.86000 14.03300 55.98000
10 12 20 11 37 15064.70000 4.88000000 459.71000 61.87000 14.03300 55.98000
10 12 20 11 37 15064.70000 4.88000000 459.74000 61.89000 14.03300 55.98000
