M=[
24 3 21 18 44 47047.80000 10.42600000 1417.47000 161.70000 29.47400 116.21000
24 3 21 18 44 47040.00000 10.42600000 1416.05000 161.52000 29.47400 116.21000
24 3 21 18 45 47000.00000 10.42600000 1415.74000 161.40000 29.47400 116.21000
24 3 21 18 45 47000.00000 10.42600000 1413.53000 161.23000 29.47400 116.21000
24 3 21 18 45 46966.00000 10.42600000 1413.01000 161.24000 29.47400 116.21000
24 3 21 18 46 47072.50000 10.42600000 1417.03000 161.24000 29.47300 116.21000
24 3 21 18 46 47046.40000 10.42600000 1417.49000 161.53000 29.47300 116.21000
24 3 21 18 47 47046.30000 10.42600000 1417.59000 161.50000 29.47300 116.21400
24 3 21 18 47 47090.30000 10.42600000 1418.26000 161.47000 29.47300 116.21400
24 3 21 18 48 47088.40000 10.42600000 1418.06000 161.45000 29.47300 116.21400
24 3 21 18 48 47110.00000 10.43900000 1418.30000 161.47000 29.47300 116.21400
24 3 21 18 48 47064.40000 10.43900000 1418.04000 161.45000 29.47300 116.21400
24 3 21 18 49 47089.20000 10.43900000 1418.09000 161.45000 29.47300 116.21400
24 3 21 18 49 47095.90000 10.43900000 1418.66000 161.45000 29.47300 116.21400
24 3 21 18 50 47045.50000 10.43800000 1418.00000 161.44000 29.47300 116.21400
24 3 21 18 50 47044.50000 10.43800000 1415.76000 161.44000 29.47300 116.21400
24 3 21 18 51 47013.00000 10.43800000 1415.00000 161.29000 29.47300 116.21400
24 3 21 18 51 47044.50000 10.43800000 1416.06000 161.40000 29.47300 116.21400
24 3 21 18 51 47062.20000 10.42200000 1415.02000 161.40000 29.47300 116.16800
24 3 21 18 52 47059.80000 10.42200000 1415.07000 161.40000 29.47300 116.16800
24 3 21 18 52 47048.70000 10.42200000 1414.38000 161.40000 29.47300 116.16800
24 3 21 18 53 47035.80000 10.42200000 1414.44000 161.62000 29.47300 116.16800
24 3 21 18 53 47043.50000 10.42200000 1414.44000 161.62000 29.47300 116.16800
24 3 21 18 54 47060.70000 10.42200000 1414.99000 161.62000 29.47100 115.97300
24 3 21 18 54 47013.50000 10.42200000 1414.14000 161.29000 29.47100 115.97300
24 3 21 18 54 47000.00000 10.42200000 1413.00000 161.37000 29.47100 115.97300
24 3 21 18 55 46964.90000 10.40400000 1411.59000 161.20000 29.47100 115.97300
24 3 21 18 55 46981.20000 10.40400000 1413.45000 161.36000 29.47100 115.97300
24 3 21 18 56 46952.80000 10.40400000 1411.88000 161.36000 29.46600 115.97300
24 3 21 18 56 46947.30000 10.40400000 1411.77000 161.29000 29.46600 115.97300
24 3 21 18 57 46947.40000 10.40000000 1411.34000 161.29000 29.46600 115.97300
24 3 21 18 57 46955.50000 10.40000000 1412.05000 161.32000 29.46600 115.97300
24 3 21 18 57 46988.50000 10.40000000 1412.77000 161.29000 29.30500 115.97300
24 3 21 18 58 46989.70000 10.40000000 1412.86000 161.29000 29.30500 115.97300
24 3 21 18 58 47000.50000 10.40000000 1413.10000 161.29000 29.30500 115.97300
24 3 21 18 59 46976.90000 10.40000000 1413.09000 161.29000 29.30500 115.97300
24 3 21 18 59 46942.80000 10.40000000 1411.51000 161.05000 29.30500 115.97300
24 3 21 19 00 46868.40000 10.38200000 1409.94000 161.00000 29.20000 115.97300
24 3 21 19 00 46887.90000 10.38200000 1409.67000 161.12000 29.20000 115.97300
24 3 21 19 00 46900.00000 10.40100000 1410.92000 161.25000 29.20000 115.97300
24 3 21 19 01 46960.10000 10.40100000 1413.76000 161.41000 29.20000 115.97300
24 3 21 19 01 46982.30000 10.40100000 1414.37000 161.55000 29.21100 115.97300
24 3 21 19 02 46999.30000 10.40100000 1414.52000 161.55000 29.21100 115.97300
24 3 21 19 02 46943.20000 10.40100000 1414.00000 161.53000 29.21100 115.97300
24 3 21 19 03 46979.20000 10.40100000 1413.31000 161.43000 29.35000 115.97300
24 3 21 19 03 46943.30000 10.40100000 1412.49000 161.43000 29.35000 116.13700
24 3 21 19 03 46943.30000 10.40100000 1412.48000 161.55000 29.71200 116.13700
24 3 21 19 04 46945.70000 10.40100000 1411.97000 161.44000 29.71200 116.13700
24 3 21 19 04 46904.10000 10.40100000 1411.34000 161.38000 29.45500 116.13700
24 3 21 19 05 46859.20000 10.40100000 1410.16000 161.38000 29.45500 116.19000
24 3 21 19 05 46886.50000 10.40100000 1410.28000 161.38000 29.31500 116.19000
24 3 21 19 06 46889.80000 10.40100000 1411.40000 161.38000 29.31500 116.19000
24 3 21 19 06 46916.60000 10.40100000 1412.14000 161.38000 29.31500 116.19000
24 3 21 19 06 46916.60000 10.40100000 1411.95000 161.50000 29.31500 116.19000
24 3 21 19 07 46891.10000 10.40100000 1410.89000 161.50000 29.31500 116.19000
24 3 21 19 07 46882.10000 10.40100000 1410.27000 161.50000 29.31500 116.19000
24 3 21 19 08 46852.40000 10.40100000 1409.75000 161.36000 29.31500 116.19000
24 3 21 19 08 46900.00000 10.40100000 1411.34000 161.36000 29.31500 116.19100
24 3 21 19 09 46941.50000 10.40100000 1411.45000 161.50000 29.31500 116.19100
24 3 21 19 09 46943.00000 10.40100000 1411.37000 161.50000 29.31500 116.19100
24 3 21 19 09 46935.10000 10.40100000 1410.80000 161.48000 29.31500 116.19100
24 3 21 19 10 46900.00000 10.40100000 1410.72000 161.37000 29.36500 116.19100
24 3 21 19 10 46866.90000 10.40100000 1409.41000 161.23000 29.49700 116.19100
24 3 21 19 11 46899.20000 10.40100000 1409.94000 161.23000 29.49700 116.19100
24 3 21 19 11 46894.70000 10.40100000 1410.46000 161.23000 29.37300 116.19100
24 3 21 19 12 46893.00000 10.40100000 1410.61000 161.25000 29.37300 116.19100
24 3 21 19 12 46892.90000 10.40100000 1410.24000 161.24000 29.37300 116.19100
24 3 21 19 12 46886.10000 10.40100000 1410.88000 161.24000 29.37300 116.19100
24 3 21 19 13 46893.00000 10.40100000 1411.13000 161.26000 29.37300 116.19100
24 3 21 19 13 46928.50000 10.40100000 1411.90000 161.37000 29.38100 116.19100
24 3 21 19 14 46936.90000 10.40100000 1411.94000 161.41000 29.38100 116.19100
24 3 21 19 14 46935.00000 10.40100000 1411.51000 161.36000 29.38100 116.19100
24 3 21 19 15 46934.90000 10.40100000 1410.75000 161.36000 29.38100 116.19100
24 3 21 19 15 46916.10000 10.40100000 1410.14000 161.28000 29.38100 116.19100
24 3 21 19 15 46925.20000 10.40100000 1410.62000 161.28000 29.38100 116.10400
24 3 21 19 16 46916.30000 10.40100000 1410.17000 161.24000 29.18100 116.10400
24 3 21 19 16 46876.80000 10.40100000 1409.78000 161.22000 29.18100 115.70000
24 3 21 19 17 46874.00000 10.40100000 1409.10000 161.28000 29.18100 115.70000
24 3 21 19 17 46895.40000 10.40100000 1408.60000 161.28000 29.18100 115.70000
24 3 21 19 18 46891.70000 10.37500000 1408.72000 161.28000 29.18100 115.82000
24 3 21 19 18 46901.10000 10.37500000 1409.05000 161.28000 29.18100 115.86100
24 3 21 19 18 46927.40000 10.37500000 1409.24000 161.25000 29.15700 115.86100
24 3 21 19 19 46934.80000 10.37500000 1409.46000 161.22000 29.15700 115.86100
24 3 21 19 19 46929.30000 10.37500000 1409.45000 161.12000 29.15700 115.86100
24 3 21 19 20 46879.70000 10.37500000 1408.00000 161.08000 29.03000 115.70000
24 3 21 19 20 46865.90000 10.37500000 1406.81000 160.77000 29.03000 115.62100
24 3 21 19 21 46866.00000 10.37500000 1407.02000 160.79000 29.03000 115.62100
24 3 21 19 21 46852.40000 10.37500000 1407.00000 160.78000 29.03000 115.80500
24 3 21 19 21 46852.40000 10.37500000 1406.89000 160.91000 29.03000 115.80500
24 3 21 19 22 46851.40000 10.37500000 1405.64000 160.87000 29.03000 115.80500
24 3 21 19 22 46850.30000 10.37500000 1406.46000 160.84000 29.03000 115.80500
24 3 21 19 23 46900.00000 10.37500000 1408.75000 160.87000 29.18600 115.80500
24 3 21 19 23 46953.10000 10.37500000 1410.92000 160.87000 29.18600 115.80500
24 3 21 19 24 46964.50000 10.37500000 1410.83000 161.00000 29.18600 115.80500
24 3 21 19 24 46942.30000 10.37500000 1410.26000 161.00000 29.18600 115.80500
24 3 21 19 24 46942.30000 10.37500000 1409.76000 160.81000 29.18600 115.80500
24 3 21 19 25 46899.60000 10.37500000 1408.75000 160.81000 29.18600 115.80500
24 3 21 19 25 46814.70000 10.37500000 1406.76000 160.59000 29.01200 115.60000
24 3 21 19 26 46812.50000 10.37500000 1406.08000 160.64000 29.01200 115.60000
24 3 21 19 26 46812.50000 10.37500000 1406.94000 160.64000 29.01200 115.60000
24 3 21 19 27 46769.50000 10.37500000 1404.31000 160.56000 29.01200 115.57000
24 3 21 19 27 46771.60000 10.36800000 1404.61000 160.43000 29.09000 115.57000
