M=[
14 5 21 23 48 41250.30000 86.09400000 3367.92000 269.67000 34.06200 253.19500
14 5 21 23 49 41261.00000 86.09400000 3373.10000 270.23000 34.06200 253.19500
14 5 21 23 49 41259.80000 86.09400000 3374.04000 270.41000 34.06200 253.19500
14 5 21 23 50 41271.20000 86.09400000 3373.05000 269.73000 34.06200 253.19500
14 5 21 23 50 41279.60000 86.03400000 3372.24000 269.60000 33.84000 253.19500
14 5 21 23 51 41262.80000 86.03400000 3370.51000 269.66000 33.84000 253.19500
14 5 21 23 51 41255.10000 85.87700000 3369.71000 269.42000 33.84000 253.19500
14 5 21 23 51 41258.40000 85.87700000 3370.88000 269.38000 33.84000 253.19500
14 5 21 23 52 41207.90000 86.06300000 3367.71000 269.49000 33.84000 253.19500
14 5 21 23 52 41179.50000 86.06300000 3366.83000 269.32000 33.84000 253.19500
14 5 21 23 53 41210.30000 86.06300000 3364.76000 269.32000 33.84000 253.19500
14 5 21 23 53 41227.50000 86.07500000 3364.76000 269.32000 33.84000 253.19500
14 5 21 23 54 41232.40000 86.11600000 3368.48000 269.32000 33.84000 253.19500
14 5 21 23 54 41213.70000 86.07900000 3368.48000 269.62000 33.84000 253.19500
14 5 21 23 54 41245.80000 86.07900000 3369.31000 269.62000 33.84000 253.19500
14 5 21 23 55 41263.00000 86.07900000 3370.00000 269.74000 33.84000 253.19500
14 5 21 23 55 41259.10000 86.07900000 3369.99000 269.78000 33.84000 253.19500
14 5 21 23 56 41224.30000 86.07900000 3369.63000 269.78000 33.84000 253.19500
14 5 21 23 56 41197.40000 85.91500000 3365.00000 269.28000 33.84000 253.19500
14 5 21 23 57 41204.70000 85.91500000 3365.00000 269.28000 33.84000 253.19500
14 5 21 23 57 41198.80000 86.11900000 3366.76000 269.58000 33.84000 253.19500
14 5 21 23 57 41197.40000 86.11900000 3366.11000 269.54000 33.84000 253.19500
14 5 21 23 58 41206.00000 86.00000000 3367.44000 269.54000 33.84000 253.19500
14 5 21 23 58 41214.20000 86.00000000 3369.72000 269.57000 33.84000 253.19500
14 5 21 23 59 41218.30000 86.00000000 3370.03000 269.57000 33.84000 253.19500
14 5 21 23 59 41183.90000 85.54900000 3369.99000 269.57000 33.84000 253.19500
15 5 21 00 00 41201.20000 85.55200000 3365.94000 269.48000 33.84000 253.19500
15 5 21 00 00 41191.10000 85.64300000 3365.93000 269.37000 34.02700 253.19500
15 5 21 00 00 41232.90000 85.44300000 3364.41000 269.55000 34.02700 253.19400
15 5 21 00 01 41229.70000 85.69500000 3362.26000 269.47000 34.02700 253.19400
15 5 21 00 01 41210.00000 85.96700000 3361.63000 269.10000 34.02700 253.19400
15 5 21 00 02 41200.00000 85.96700000 3361.63000 269.10000 34.02700 253.19400
15 5 21 00 02 41221.20000 86.38000000 3370.03000 269.90000 34.02700 253.09100
15 5 21 00 03 41235.10000 86.92100000 3377.58000 270.49000 34.02700 253.09100
15 5 21 00 03 41264.50000 87.24100000 3383.24000 270.49000 34.02700 253.09100
15 5 21 00 03 41305.20000 87.35800000 3383.26000 270.49000 34.02700 253.09100
15 5 21 00 04 41349.10000 87.35800000 3391.57000 271.89000 34.02700 253.09100
15 5 21 00 04 41350.00000 87.35800000 3396.32000 271.89000 34.02700 254.47700
15 5 21 00 05 41359.50000 87.37400000 3392.00000 272.17000 34.02700 254.47700
15 5 21 00 05 41350.80000 87.37400000 3393.68000 271.96000 33.84200 254.47700
15 5 21 00 06 41302.70000 87.37400000 3391.60000 271.34000 33.84200 254.47700
15 5 21 00 06 41317.70000 86.65400000 3392.65000 271.50000 33.84200 254.47700
15 5 21 00 06 41335.20000 86.65400000 3400.00000 272.03000 33.84200 254.47700
15 5 21 00 07 41376.00000 86.65400000 3408.57000 272.03000 33.80900 254.47700
15 5 21 00 07 41408.10000 87.71300000 3409.22000 272.24000 33.80900 254.47700
15 5 21 00 08 41382.30000 87.71300000 3400.01000 272.35000 33.80900 253.77100
15 5 21 00 08 41457.80000 87.72500000 3408.20000 272.35000 33.80900 253.77100
15 5 21 00 09 41480.60000 87.72500000 3409.99000 272.35000 33.80900 253.77100
15 5 21 00 09 41451.70000 87.88800000 3406.76000 271.71000 33.80900 253.77100
15 5 21 00 09 41450.60000 88.14200000 3403.58000 271.71000 33.80900 253.77100
15 5 21 00 10 41487.40000 88.11200000 3403.18000 271.78000 33.80900 253.77100
15 5 21 00 10 41470.60000 88.66100000 3403.92000 271.78000 33.80900 253.77100
15 5 21 00 11 41484.00000 88.70900000 3406.26000 271.78000 33.80900 253.77100
15 5 21 00 11 41481.50000 88.58800000 3402.10000 271.66000 33.80900 253.77100
15 5 21 00 12 41461.10000 88.74000000 3402.40000 271.66000 33.80900 253.77100
15 5 21 00 12 41499.90000 89.22300000 3404.20000 271.90000 33.80900 253.77100
15 5 21 00 12 41450.70000 88.78600000 3404.20000 272.21000 33.80900 253.77100
15 5 21 00 13 41448.80000 88.88800000 3398.62000 272.13000 33.80900 253.77100
15 5 21 00 13 41424.50000 89.21000000 3396.50000 272.07000 33.80900 253.77100
15 5 21 00 14 41412.60000 89.21000000 3394.43000 272.13000 34.00700 253.61300
15 5 21 00 14 41417.10000 88.80800000 3395.29000 272.06000 34.00700 253.61300
15 5 21 00 15 41396.10000 88.98900000 3394.16000 272.06000 34.00700 253.61300
15 5 21 00 15 41377.00000 88.98900000 3392.82000 271.78000 33.80500 253.61300
15 5 21 00 15 41371.50000 88.65700000 3392.82000 271.60000 33.80500 253.61300
15 5 21 00 16 41351.70000 88.87200000 3385.54000 271.79000 33.80500 253.61300
15 5 21 00 16 41336.10000 88.72200000 3378.63000 271.65000 33.80500 253.61300
15 5 21 00 17 41368.70000 88.73300000 3387.86000 271.65000 33.80500 253.61300
15 5 21 00 17 41359.60000 88.73300000 3380.68000 271.44000 33.80500 253.61300
15 5 21 00 18 41316.40000 88.73300000 3380.20000 271.09000 33.60500 253.61300
15 5 21 00 18 41300.50000 88.32600000 3380.55000 271.09000 33.60500 253.61300
15 5 21 00 18 41294.00000 88.32600000 3380.55000 270.70000 33.60500 253.61300
15 5 21 00 19 41286.20000 88.32600000 3379.51000 270.70000 33.60500 253.61300
15 5 21 00 19 41292.90000 88.01800000 3374.89000 270.42000 33.60500 253.61300
15 5 21 00 20 41261.20000 88.07200000 3373.41000 270.42000 33.60500 253.61300
15 5 21 00 20 41292.70000 88.43700000 3380.28000 270.48000 33.60500 253.61300
15 5 21 00 21 41252.20000 88.43700000 3377.74000 270.32000 33.60500 253.61300
15 5 21 00 21 41225.00000 88.43700000 3373.38000 269.94000 33.60500 253.61300
15 5 21 00 21 41186.20000 87.74700000 3372.65000 269.94000 33.60500 253.61300
15 5 21 00 22 41105.50000 87.70000000 3370.12000 269.94000 33.60500 253.61300
15 5 21 00 22 41087.00000 87.70000000 3368.00000 269.94000 33.60500 253.61300
15 5 21 00 23 40974.60000 86.97600000 3361.04000 269.07000 33.60500 253.61300
15 5 21 00 23 41014.00000 86.97000000 3363.66000 269.07000 33.60500 253.61300
15 5 21 00 24 40865.40000 86.51000000 3346.86000 269.06000 33.60500 253.61300
15 5 21 00 24 40865.40000 86.51000000 3346.83000 269.06000 33.60500 253.61300
15 5 21 00 24 40865.40000 86.71500000 3349.34000 268.26000 33.60500 253.61300
15 5 21 00 25 40812.10000 86.19000000 3336.41000 268.26000 33.60500 250.10000
15 5 21 00 25 40807.00000 86.26800000 3337.57000 268.26000 33.60500 250.10000
15 5 21 00 26 40813.80000 86.24500000 3343.26000 268.59000 33.60500 250.10000
15 5 21 00 26 40814.30000 86.35600000 3335.21000 267.79000 33.60500 247.81300
15 5 21 00 27 40767.50000 86.35600000 3334.46000 267.55000 33.60500 247.81300
15 5 21 00 27 40836.20000 86.35600000 3343.30000 267.55000 33.60500 247.81300
15 5 21 00 27 40814.20000 86.70100000 3345.40000 267.55000 33.60500 247.81300
15 5 21 00 28 40875.20000 86.89900000 3345.22000 267.55000 33.60500 247.81300
15 5 21 00 28 40899.90000 86.97400000 3349.94000 268.10000 33.60500 247.81300
15 5 21 00 29 40838.60000 87.10900000 3343.10000 268.10000 33.60500 247.81300
15 5 21 00 29 40855.70000 87.10900000 3346.56000 268.10000 33.60500 247.81300
15 5 21 00 30 40905.90000 87.10900000 3353.60000 268.65000 33.60500 247.81300
15 5 21 00 30 40933.10000 87.10900000 3355.83000 269.12000 33.60500 247.81300
15 5 21 00 30 40934.40000 87.10900000 3355.83000 269.51000 33.60500 247.81300
15 5 21 00 31 41005.00000 87.60600000 3362.80000 270.45000 33.60500 247.81300
15 5 21 00 31 41001.10000 87.68700000 3364.79000 270.59000 33.60500 247.81300
15 5 21 00 32 40980.00000 87.90300000 3363.83000 270.94000 33.60500 247.81300
