M=[
 4 2 21 19 57 31303.80000 6.44400000 1381.74000 123.18000 17.59900 76.26800
 4 2 21 19 58 31321.60000 6.44400000 1380.78000 123.30000 17.59900 76.26800
 4 2 21 19 58 31344.70000 6.44400000 1382.00000 123.46000 17.59900 76.26800
 4 2 21 19 59 31364.50000 6.44400000 1383.64000 123.39000 17.59900 76.26800
 4 2 21 19 59 31364.50000 6.44400000 1384.29000 123.50000 17.59900 76.26800
 4 2 21 20 00 31364.80000 6.44400000 1384.76000 123.50000 17.59900 76.26800
 4 2 21 20 00 31364.80000 6.45600000 1384.21000 123.52000 17.59800 76.26800
 4 2 21 20 00 31399.90000 6.45600000 1385.84000 123.58000 17.50200 76.26800
 4 2 21 20 01 31442.20000 6.46400000 1385.20000 123.58000 17.50200 76.52800
 4 2 21 20 01 31445.00000 6.46400000 1389.73000 123.68000 17.50200 76.52800
 4 2 21 20 02 31450.00000 6.46400000 1390.00000 123.60000 17.50200 76.52800
 4 2 21 20 02 31482.60000 6.46400000 1390.00000 123.55000 17.50200 76.52800
 4 2 21 20 03 31482.70000 6.46400000 1390.87000 123.55000 17.50200 76.52800
 4 2 21 20 03 31489.00000 6.46400000 1391.81000 123.49000 17.50200 76.52800
 4 2 21 20 03 31498.90000 6.46400000 1391.23000 123.66000 17.50200 76.52800
 4 2 21 20 04 31500.00000 6.46000000 1391.24000 123.66000 17.50200 76.44700
 4 2 21 20 04 31511.40000 6.46000000 1392.08000 123.61000 17.50200 76.44700
 4 2 21 20 05 31525.00000 6.46000000 1392.00000 123.61000 17.50200 76.44700
 4 2 21 20 05 31525.00000 6.46000000 1392.01000 123.71000 17.50200 76.44700
 4 2 21 20 06 31525.20000 6.47100000 1392.40000 123.83000 17.50200 76.44700
 4 2 21 20 06 31577.10000 6.47000000 1393.45000 123.84000 17.50200 76.44700
 4 2 21 20 06 31577.50000 6.47000000 1392.78000 123.96000 17.50200 76.44700
 4 2 21 20 07 31588.30000 6.47000000 1392.49000 123.96000 17.50200 76.44700
 4 2 21 20 07 31571.10000 6.47300000 1388.62000 123.80000 17.50200 76.51700
 4 2 21 20 08 31576.30000 6.48000000 1390.64000 123.69000 17.50200 76.51700
 4 2 21 20 08 31539.60000 6.48700000 1390.01000 123.83000 17.50200 76.51700
 4 2 21 20 09 31479.90000 6.48000000 1386.76000 123.62000 17.50200 76.51700
 4 2 21 20 09 31525.30000 6.48000000 1389.22000 123.78000 17.50200 76.51700
 4 2 21 20 09 31520.80000 6.48000000 1389.09000 123.78000 17.50200 76.50500
 4 2 21 20 10 31540.00000 6.48000000 1389.95000 123.84000 17.50200 76.50500
 4 2 21 20 10 31534.10000 6.48000000 1389.41000 123.83000 17.50200 76.50500
 4 2 21 20 11 31532.50000 6.48000000 1390.28000 123.80000 17.50200 76.50500
 4 2 21 20 11 31540.00000 6.48000000 1390.86000 123.84000 17.50200 76.50500
 4 2 21 20 12 31539.90000 6.48000000 1392.00000 123.81000 17.50200 76.50500
 4 2 21 20 12 31540.00000 6.47000000 1392.11000 123.77000 17.50200 76.50500
 4 2 21 20 12 31539.90000 6.47000000 1392.37000 123.75000 17.50200 76.50500
 4 2 21 20 13 31540.00000 6.47000000 1390.70000 123.75000 17.50200 76.50500
 4 2 21 20 13 31539.90000 6.47000000 1391.76000 123.82000 17.50200 76.50500
 4 2 21 20 14 31540.00000 6.47000000 1391.20000 123.83000 17.50200 76.50500
 4 2 21 20 14 31534.20000 6.47000000 1391.83000 123.92000 17.50200 76.50500
 4 2 21 20 15 31540.00000 6.47000000 1392.98000 123.91000 17.50200 76.50500
 4 2 21 20 15 31530.10000 6.47200000 1395.00000 123.94000 17.59900 76.50500
 4 2 21 20 15 31540.00000 6.47300000 1397.44000 123.97000 17.59900 76.50500
 4 2 21 20 16 31515.40000 6.47300000 1397.11000 123.94000 17.60000 76.50500
 4 2 21 20 16 31491.10000 6.47500000 1395.95000 123.77000 17.60000 76.59200
 4 2 21 20 17 31486.20000 6.48600000 1392.47000 123.87000 17.60000 76.59200
 4 2 21 20 17 31467.20000 6.48600000 1391.00000 123.82000 17.60000 76.53000
 4 2 21 20 18 31486.80000 6.48600000 1391.93000 123.81000 17.60000 76.53000
 4 2 21 20 18 31489.90000 6.48000000 1391.33000 123.81000 17.60000 76.53000
 4 2 21 20 18 31488.00000 6.48000000 1393.34000 123.81000 17.60000 76.53000
 4 2 21 20 19 31514.00000 6.48000000 1395.65000 123.81000 17.60000 76.53000
 4 2 21 20 19 31480.90000 6.48000000 1393.22000 123.63000 17.60000 76.53000
 4 2 21 20 20 31466.60000 6.48300000 1393.06000 123.56000 17.60000 76.49500
 4 2 21 20 20 31450.10000 6.47000000 1391.30000 123.56000 17.60000 76.49500
 4 2 21 20 21 31450.10000 6.47000000 1391.34000 123.56000 17.60000 76.49500
 4 2 21 20 21 31450.10000 6.47000000 1391.26000 123.56000 17.78000 76.49500
 4 2 21 20 21 31450.00000 6.47000000 1389.47000 123.56000 17.78000 76.49500
 4 2 21 20 22 31428.10000 6.47100000 1390.62000 123.47000 17.78000 76.50300
 4 2 21 20 22 31438.10000 6.47100000 1389.29000 123.51000 17.78000 76.56700
 4 2 21 20 23 31420.40000 6.47100000 1389.64000 123.43000 17.78000 76.56700
 4 2 21 20 23 31430.70000 6.47100000 1390.68000 123.43000 17.56600 76.56700
 4 2 21 20 24 31417.30000 6.47100000 1390.44000 123.59000 17.56600 76.56700
 4 2 21 20 24 31394.00000 6.46700000 1389.22000 123.49000 17.68000 76.57000
 4 2 21 20 24 31415.10000 6.46700000 1388.90000 123.40000 17.68000 76.57000
 4 2 21 20 25 31410.20000 6.46700000 1388.91000 123.40000 17.68000 76.57000
 4 2 21 20 25 31393.90000 6.46700000 1387.53000 123.21000 17.68000 76.57000
 4 2 21 20 26 31407.30000 6.46700000 1387.63000 123.21000 17.68000 76.44600
 4 2 21 20 26 31465.20000 6.46700000 1389.51000 123.47000 17.68000 76.44600
 4 2 21 20 27 31428.00000 6.46700000 1387.90000 123.34000 17.68000 76.44600
 4 2 21 20 27 31421.20000 6.47800000 1387.98000 123.21000 17.68000 76.44600
 4 2 21 20 27 31428.60000 6.43400000 1387.65000 123.13000 17.68000 76.44600
 4 2 21 20 28 31384.10000 6.43400000 1384.11000 123.07000 17.68000 76.44600
 4 2 21 20 28 31405.40000 6.43400000 1385.57000 123.00000 17.68000 76.44600
 4 2 21 20 29 31395.20000 6.47300000 1385.99000 123.08000 17.68000 76.44600
 4 2 21 20 29 31400.80000 6.47300000 1387.57000 123.17000 17.68000 76.44600
 4 2 21 20 30 31368.70000 6.47300000 1387.61000 123.00000 17.68000 76.44600
 4 2 21 20 30 31406.60000 6.45500000 1389.27000 123.22000 17.68000 76.58900
 4 2 21 20 30 31428.00000 6.45500000 1389.81000 123.23000 17.68000 76.58900
 4 2 21 20 31 31405.50000 6.45500000 1388.04000 123.09000 17.68000 76.59200
 4 2 21 20 31 31385.90000 6.45500000 1388.58000 123.09000 17.68000 76.59200
 4 2 21 20 32 31386.60000 6.45500000 1388.81000 123.13000 17.68000 76.59200
 4 2 21 20 32 31376.80000 6.45300000 1387.31000 123.00000 17.68000 76.59200
 4 2 21 20 33 31365.20000 6.46300000 1386.00000 122.90000 17.60300 76.59200
 4 2 21 20 33 31356.20000 6.46300000 1386.01000 122.89000 17.60300 76.59200
 4 2 21 20 33 31352.00000 6.46300000 1384.02000 122.89000 17.46600 76.59200
 4 2 21 20 34 31352.10000 6.44500000 1383.62000 122.98000 17.46600 76.59200
 4 2 21 20 34 31390.10000 6.44500000 1384.64000 123.00000 17.46600 76.59200
 4 2 21 20 35 31345.10000 6.44500000 1384.21000 122.88000 17.59400 76.59200
 4 2 21 20 35 31350.60000 6.44500000 1383.84000 122.98000 17.59400 76.50000
 4 2 21 20 36 31345.10000 6.44500000 1384.08000 123.00000 17.59400 76.50000
 4 2 21 20 36 31350.00000 6.44900000 1385.00000 123.00000 17.59400 76.50000
 4 2 21 20 36 31350.00000 6.44900000 1384.52000 123.07000 17.59400 76.46700
 4 2 21 20 37 31346.50000 6.44900000 1384.45000 123.06000 17.59400 76.46700
 4 2 21 20 37 31349.90000 6.46000000 1384.55000 123.10000 17.59400 76.46700
 4 2 21 20 38 31354.30000 6.46000000 1384.23000 123.04000 17.59400 76.31700
 4 2 21 20 38 31379.70000 6.44600000 1384.20000 123.04000 17.59400 76.31700
 4 2 21 20 39 31371.30000 6.44600000 1384.03000 123.08000 17.59400 76.31700
 4 2 21 20 39 31370.20000 6.44600000 1384.05000 123.03000 17.46900 76.31700
 4 2 21 20 39 31370.00000 6.46700000 1383.60000 123.01000 17.46900 76.31700
 4 2 21 20 40 31368.80000 6.45000000 1382.00000 123.01000 17.46900 76.32300
 4 2 21 20 40 31345.70000 6.45000000 1380.33000 122.91000 17.46900 76.32300
 4 2 21 20 41 31343.80000 6.45000000 1379.63000 122.90000 17.46900 76.32300
 4 2 21 20 41 31346.40000 6.45000000 1381.34000 122.97000 17.46900 76.32300
 4 2 21 20 42 31346.90000 6.45000000 1380.58000 122.84000 17.46900 76.32300
 4 2 21 20 42 31352.60000 6.45000000 1381.01000 122.94000 17.46900 76.32300
