M=[
10 7 20 05 36 8181.50000 5.69100000 213.01000 39.30000 16.83600 49.50900
10 7 20 05 36 8129.00000 5.90200000 213.01000 38.97000 16.83600 49.50900
10 7 20 05 36 8131.10000 5.90200000 213.01000 38.88000 16.83600 49.18400
10 7 20 05 37 8181.00000 5.90200000 211.02000 38.88000 17.15800 49.50900
10 7 20 05 37 8179.40000 5.69100000 211.03000 39.30000 17.15800 49.50900
10 7 20 05 38 8131.60000 5.90200000 211.03000 39.00000 16.78200 49.50900
10 7 20 05 39 8131.70000 5.69100000 211.03000 39.30000 16.77900 49.50900
10 7 20 05 39 8181.00000 5.90200000 213.01000 39.30000 16.77900 49.98600
10 7 20 05 39 8181.00000 5.90200000 213.01000 38.94000 17.23000 49.98600
10 7 20 05 39 8179.40000 5.90200000 214.27000 38.83000 17.15800 49.21500
10 7 20 05 41 8123.30000 5.62500000 210.70000 38.68000 17.23000 49.21500
10 7 20 05 42 8179.40000 5.62500000 214.27000 38.68000 16.95900 49.21500
10 7 20 05 42 8181.50000 5.64400000 210.99000 38.68000 16.66700 49.98600
10 7 20 05 43 8127.20000 5.62500000 210.87000 39.00000 17.09700 49.98600
10 7 20 05 43 8181.00000 5.63800000 214.27000 39.00000 17.15800 49.98600
10 7 20 05 44 8179.40000 5.62500000 210.91000 38.98000 17.26300 49.21500
10 7 20 05 44 8179.40000 5.65800000 214.26000 38.77000 17.10200 49.98600
10 7 20 05 45 8122.40000 5.65400000 211.00000 38.77000 17.15000 49.21500
10 7 20 05 45 8179.40000 5.87700000 211.16000 38.77000 17.09700 49.21500
10 7 20 05 46 8128.70000 5.65400000 211.16000 39.30000 16.74100 49.18400
10 7 20 05 46 8128.10000 5.90200000 211.40000 39.00000 17.23000 49.21500
10 7 20 05 47 8181.00000 5.80700000 211.40000 38.77000 16.74100 49.98600
10 7 20 05 47 8181.00000 5.90200000 214.10000 38.77000 16.84200 49.98600
10 7 20 05 47 8181.00000 5.65400000 213.01000 38.77000 16.84200 49.21500
10 7 20 05 48 8179.40000 5.65400000 213.01000 38.88000 17.15800 49.21500
10 7 20 05 48 8126.10000 5.65400000 211.44000 38.88000 17.26300 49.21500
10 7 20 05 49 8129.10000 5.65400000 213.01000 38.88000 17.26300 49.21500
10 7 20 05 49 8130.00000 5.90200000 211.55000 38.88000 17.23000 49.98600
10 7 20 05 50 8133.00000 5.65400000 211.53000 38.92000 16.89200 49.21500
10 7 20 05 50 8133.30000 5.65400000 211.55000 38.91000 16.89200 49.98600
10 7 20 05 51 8179.40000 5.90200000 211.55000 38.91000 16.84200 49.98600
10 7 20 05 51 8132.50000 5.90200000 211.55000 38.98000 16.89200 49.98600
10 7 20 05 52 8179.40000 5.90200000 211.56000 38.91000 17.15000 49.98600
10 7 20 05 53 8181.00000 5.65400000 211.56000 39.30000 17.15800 49.21500
10 7 20 05 53 8181.00000 5.90200000 212.69000 38.87000 16.89200 49.25200
10 7 20 05 53 8181.00000 5.65400000 211.60000 38.91000 17.26300 49.98600
10 7 20 05 54 8137.00000 5.65400000 211.61000 38.97000 17.15800 49.21500
10 7 20 05 54 8136.90000 5.90200000 213.01000 39.30000 17.15800 49.21500
10 7 20 05 55 8137.00000 5.65400000 214.10000 38.94000 17.15800 49.98600
10 7 20 05 55 8136.90000 5.65400000 211.55000 38.93000 17.35800 49.98600
10 7 20 05 56 8137.00000 5.87700000 213.01000 38.93000 16.89200 49.48000
10 7 20 05 57 8136.90000 5.65400000 211.45000 39.30000 16.84200 49.50900
10 7 20 05 56 8179.40000 5.65400000 211.45000 38.87000 17.10200 49.21500
10 7 20 05 57 8137.00000 5.65400000 213.01000 38.93000 16.89200 49.21500
10 7 20 05 57 8136.90000 5.68000000 211.45000 39.30000 16.89200 49.21500
10 7 20 05 58 8137.00000 5.65400000 211.44000 38.93000 17.15800 49.98600
10 7 20 05 58 8179.40000 5.90200000 211.34000 38.93000 17.09700 49.21500
10 7 20 05 59 8181.50000 5.80700000 213.01000 39.00000 16.95900 49.21500
10 7 20 05 59 8179.40000 5.65400000 211.44000 38.93000 16.89200 49.21500
10 7 20 06 01 8181.50000 5.87700000 213.01000 38.87000 16.86700 49.21500
10 7 20 06 00 8138.10000 5.87700000 211.42000 38.93000 17.15800 49.21500
10 7 20 06 01 8179.40000 5.65400000 213.19000 39.36000 16.86700 49.21500
10 7 20 06 02 8138.10000 5.65400000 211.34000 39.00000 17.15800 49.98600
10 7 20 06 02 8138.10000 5.65400000 213.01000 38.93000 17.15800 49.21500
10 7 20 06 02 8138.10000 5.90200000 213.01000 38.94000 17.09700 49.50900
10 7 20 06 03 8138.00000 5.90200000 211.58000 38.94000 16.89500 49.21500
10 7 20 06 03 8181.00000 5.66000000 211.58000 38.93000 17.15800 49.50900
10 7 20 06 04 8135.50000 5.80700000 211.63000 38.93000 16.89500 49.98600
10 7 20 06 04 8135.50000 5.90200000 214.27000 38.98000 17.26300 49.98600
10 7 20 06 05 8181.00000 5.87700000 211.63000 38.93000 17.15800 49.21500
10 7 20 06 06 8137.80000 5.66000000 213.01000 38.87000 17.23000 49.21500
10 7 20 06 06 8179.40000 5.90200000 211.64000 38.93000 17.10200 49.21500
10 7 20 06 07 8179.40000 5.71000000 212.69000 39.00000 17.26300 49.98600
10 7 20 06 07 8140.00000 5.68000000 211.63000 38.93000 16.89500 49.21500
10 7 20 06 07 8181.50000 5.66000000 211.64000 39.30000 16.89500 49.98600
10 7 20 06 08 8141.10000 5.87700000 214.27000 39.36000 16.89500 49.21500
10 7 20 06 08 8141.00000 5.90200000 211.64000 38.93000 17.15800 49.21500
10 7 20 06 08 8141.10000 5.66000000 211.63000 38.93000 17.15800 49.25200
10 7 20 06 10 8179.40000 5.66000000 211.65000 38.87000 17.15800 49.21500
10 7 20 06 09 8179.40000 5.68000000 213.01000 39.36000 17.35800 49.21500
10 7 20 06 10 8141.40000 5.66000000 211.65000 38.94000 16.86700 49.21500
10 7 20 06 11 8181.00000 5.66000000 213.01000 38.93000 17.15800 49.98600
10 7 20 06 11 8142.20000 5.80700000 211.64000 38.97000 16.86700 49.50900
10 7 20 06 11 8181.00000 5.66000000 213.01000 38.99000 16.86700 49.98600
10 7 20 06 12 8181.00000 5.90200000 211.64000 38.98000 17.35800 49.21500
10 7 20 06 12 8142.30000 5.66000000 211.64000 39.00000 17.15800 49.21500
10 7 20 06 12 8179.40000 5.66000000 211.64000 38.99000 16.95900 49.21500
10 7 20 06 13 8181.00000 5.66000000 211.58000 38.94000 17.15800 49.21500
10 7 20 06 13 8179.40000 5.66000000 211.58000 39.30000 17.09700 49.98600
10 7 20 06 14 8142.50000 5.66000000 213.01000 39.00000 16.83900 49.21500
10 7 20 06 14 8181.00000 5.66000000 211.74000 39.00000 17.35800 49.98600
10 7 20 06 15 8181.00000 5.90200000 214.10000 39.30000 17.15800 49.21500
10 7 20 06 16 8144.10000 5.66000000 212.69000 39.01000 16.85800 49.98600
10 7 20 06 16 8181.50000 5.66000000 213.01000 39.01000 17.26300 49.21500
10 7 20 06 16 8145.50000 5.87700000 211.87000 39.00000 17.15800 49.50900
10 7 20 06 17 8179.40000 5.66000000 211.91000 39.01000 17.23000 49.50900
10 7 20 06 18 8150.90000 5.87700000 213.01000 39.01000 17.15800 49.48000
10 7 20 06 18 8181.00000 5.67900000 212.69000 39.01000 17.15800 49.98600
10 7 20 06 18 8181.00000 5.67900000 211.91000 39.30000 16.78800 49.50900
10 7 20 06 19 8179.40000 5.90200000 213.01000 39.01000 16.78800 49.21500
10 7 20 06 19 8152.10000 5.87700000 213.01000 38.94000 16.78800 49.48000
10 7 20 06 20 8181.50000 5.80700000 211.64000 39.01000 16.95900 49.48000
10 7 20 06 20 8179.40000 5.90200000 211.97000 39.01000 17.35800 49.98600
10 7 20 06 21 8155.20000 5.90200000 211.97000 39.00000 16.78800 49.48000
10 7 20 06 21 8179.40000 5.67900000 213.01000 39.01000 17.15800 49.98600
10 7 20 06 21 8155.10000 5.90200000 211.90000 39.01000 16.78800 49.98600
10 7 20 06 22 8155.20000 5.67900000 212.69000 39.01000 16.78800 49.98600
10 7 20 06 22 8155.20000 5.67900000 211.90000 39.01000 16.78800 49.50900
10 7 20 06 23 8155.20000 5.90200000 211.90000 39.07000 16.78800 49.25200
10 7 20 06 23 8155.20000 5.67900000 214.27000 39.00000 16.78800 49.98600
10 7 20 06 24 8179.40000 5.67900000 211.64000 39.00000 17.15800 49.18400
10 7 20 06 24 8155.20000 5.90200000 212.69000 39.07000 17.15800 49.21500
10 7 20 06 25 8155.20000 5.67900000 211.89000 38.98000 17.15800 49.21500
10 7 20 06 25 8179.40000 5.67900000 213.01000 39.30000 17.10200 49.21500
10 7 20 06 25 8155.20000 5.71000000 213.01000 39.30000 16.78800 49.21500
10 7 20 06 26 8155.20000 5.67900000 211.89000 39.04000 17.09700 49.98600
10 7 20 06 26 8181.00000 5.87700000 213.01000 39.07000 17.23000 49.25200
10 7 20 06 27 8155.20000 5.67900000 211.85000 39.04000 16.78800 49.21500
10 7 20 06 28 8181.00000 5.90200000 213.01000 38.94000 17.15800 49.21500
