M=[
20 11 20 02 07 15133.00000 5.09600000 403.59000 68.91000 13.50000 52.89800
20 11 20 02 07 15140.60000 5.09600000 403.72000 68.91000 13.50000 52.89800
20 11 20 02 08 15133.20000 5.09600000 403.68000 68.91000 13.50000 52.89800
20 11 20 02 08 15135.40000 5.09600000 403.68000 68.91000 13.50000 52.89800
20 11 20 02 09 15128.70000 5.13000000 403.68000 68.99000 13.50000 52.89800
20 11 20 02 09 15145.50000 5.11000000 404.04000 68.99000 13.50000 52.89800
20 11 20 02 09 15156.70000 5.11000000 404.06000 69.11000 13.50000 52.89800
20 11 20 02 10 15148.00000 5.11000000 403.96000 69.11000 13.50000 52.89800
20 11 20 02 10 15147.80000 5.11000000 403.96000 69.15000 13.50000 52.89800
20 11 20 02 11 15143.10000 5.11000000 403.72000 69.15000 13.50000 52.89800
20 11 20 02 11 15134.60000 5.11000000 403.72000 68.99000 13.50000 52.89800
20 11 20 02 12 15133.40000 5.11000000 403.72000 69.03000 13.50000 52.89800
20 11 20 02 12 15136.20000 5.11000000 403.72000 68.94000 13.50000 52.89800
20 11 20 02 12 15130.20000 5.11000000 403.72000 68.94000 13.50000 52.89800
20 11 20 02 13 15126.60000 5.11000000 403.80000 68.94000 13.50000 52.89800
20 11 20 02 13 15132.00000 5.11000000 403.80000 68.94000 13.50000 52.89800
20 11 20 02 14 15131.70000 5.11000000 403.80000 68.94000 13.50000 52.89800
20 11 20 02 14 15148.60000 5.11000000 403.80000 68.94000 13.50000 52.89800
20 11 20 02 15 15142.20000 5.11000000 404.15000 68.94000 13.50000 52.89800
20 11 20 02 15 15154.10000 5.11000000 404.33000 69.09000 13.50000 52.89800
20 11 20 02 15 15159.90000 5.11000000 404.53000 69.09000 13.50000 52.89800
20 11 20 02 16 15167.00000 5.11000000 405.00000 69.09000 13.50000 52.93800
20 11 20 02 16 15169.00000 5.11000000 405.00000 69.06000 13.50000 52.93800
20 11 20 02 17 15177.00000 5.11000000 405.59000 69.06000 13.50000 52.93800
20 11 20 02 17 15179.70000 5.11000000 405.52000 69.03000 13.50000 52.93800
20 11 20 02 18 15177.20000 5.08300000 405.52000 68.97000 13.50000 52.93800
20 11 20 02 18 15178.50000 5.08300000 405.52000 68.86000 13.50000 52.93800
20 11 20 02 19 15175.60000 5.08300000 405.52000 68.86000 13.50000 52.93800
20 11 20 02 19 15189.00000 5.07900000 405.70000 68.86000 13.50000 52.93800
20 11 20 02 19 15192.10000 5.07900000 405.70000 68.86000 13.50000 52.93800
20 11 20 02 20 15184.40000 5.07100000 405.33000 68.86000 13.50000 52.93800
20 11 20 02 20 15177.10000 5.07100000 405.33000 68.70000 13.50000 52.93800
20 11 20 02 21 15178.50000 5.06100000 405.44000 68.59000 13.50000 52.93800
20 11 20 02 21 15181.50000 5.06100000 405.60000 68.59000 13.50000 52.93800
20 11 20 02 22 15188.70000 5.06100000 405.69000 68.65000 13.50000 52.93800
20 11 20 02 22 15192.30000 5.06100000 405.69000 68.86000 13.50000 52.93800
20 11 20 02 22 15192.40000 5.06100000 405.68000 68.86000 13.50000 52.93800
20 11 20 02 23 15185.70000 5.06100000 405.68000 68.88000 13.50000 52.93800
20 11 20 02 23 15180.80000 5.06100000 405.71000 68.88000 13.50000 52.93800
20 11 20 02 24 15180.90000 5.06100000 406.49000 68.88000 13.50000 52.93800
20 11 20 02 24 15180.90000 5.06400000 406.68000 69.06000 13.50000 52.93800
20 11 20 02 25 15180.80000 5.08300000 407.86000 69.06000 13.50000 52.93800
20 11 20 02 25 15182.10000 5.04600000 407.25000 69.28000 13.50000 52.93800
20 11 20 02 25 15195.30000 5.04600000 407.28000 69.34000 13.50000 52.93800
20 11 20 02 26 15198.90000 5.04600000 406.99000 69.42000 13.50000 52.75000
20 11 20 02 26 15198.90000 5.04600000 406.99000 69.42000 13.50000 52.75000
20 11 20 02 27 15198.90000 5.04600000 406.99000 69.43000 13.50000 52.75000
20 11 20 02 27 15198.90000 5.02700000 406.99000 69.41000 13.50000 52.75000
20 11 20 02 28 15195.10000 5.02700000 406.99000 69.44000 13.50000 52.75000
20 11 20 02 28 15192.10000 5.02200000 406.88000 69.63000 13.50000 52.75000
20 11 20 02 28 15189.50000 5.02200000 406.88000 69.61000 13.50000 52.75000
20 11 20 02 29 15181.90000 5.02200000 406.85000 69.61000 13.50000 52.75000
20 11 20 02 29 15181.90000 5.02200000 407.57000 69.61000 13.50000 52.75000
20 11 20 02 30 15199.90000 5.02200000 407.57000 69.61000 13.50000 52.75000
20 11 20 02 30 15209.20000 5.02500000 407.50000 69.30000 13.50000 52.75000
20 11 20 02 31 15214.60000 5.02500000 407.65000 69.30000 13.50000 52.75000
20 11 20 02 31 15210.70000 5.01900000 407.65000 69.30000 13.50000 52.75000
20 11 20 02 31 15192.40000 5.01900000 407.12000 69.33000 13.50000 52.75000
20 11 20 02 32 15195.70000 5.01900000 407.17000 69.29000 13.50000 52.75000
20 11 20 02 32 15190.30000 5.00000000 406.99000 69.26000 13.50000 52.75000
20 11 20 02 33 15183.40000 5.00000000 406.99000 69.26000 13.50000 52.75000
20 11 20 02 33 15181.50000 5.00000000 406.96000 69.26000 13.50000 52.75000
20 11 20 02 34 15174.50000 4.98600000 406.72000 69.26000 13.50000 52.75000
20 11 20 02 34 15181.20000 4.97900000 406.60000 69.26000 13.50000 52.75000
20 11 20 02 34 15176.50000 4.97900000 406.81000 69.26000 13.50000 52.75000
20 11 20 02 35 15174.80000 4.97900000 406.80000 69.26000 13.50000 52.75000
20 11 20 02 35 15180.70000 4.97900000 406.75000 69.21000 13.50000 52.75000
20 11 20 02 36 15184.30000 4.97900000 406.75000 69.19000 13.50000 52.75000
20 11 20 02 36 15183.80000 4.97900000 406.32000 69.19000 13.50000 52.75000
20 11 20 02 37 15184.70000 5.02900000 406.40000 69.05000 13.50000 52.75000
20 11 20 02 37 15179.00000 4.98800000 406.30000 69.07000 13.50000 52.75000
20 11 20 02 37 15181.90000 4.98800000 406.30000 69.07000 13.50000 52.75000
20 11 20 02 38 15184.10000 4.98800000 406.70000 69.07000 13.50000 52.75000
20 11 20 02 38 15181.50000 4.98800000 406.70000 69.07000 13.50000 52.75000
20 11 20 02 39 15181.50000 4.98800000 406.71000 69.05000 13.50000 52.75000
20 11 20 02 39 15181.50000 4.98800000 406.71000 69.05000 13.50000 52.75000
20 11 20 02 40 15183.80000 4.98800000 406.71000 69.05000 13.50000 52.75000
20 11 20 02 40 15176.00000 4.98800000 406.71000 69.13000 13.50000 52.75000
20 11 20 02 40 15170.90000 4.98800000 406.47000 69.13000 13.50000 52.75000
20 11 20 02 41 15165.90000 4.98800000 406.28000 69.08000 13.50000 52.75000
20 11 20 02 41 15166.00000 4.98800000 406.28000 69.08000 13.50000 52.75000
20 11 20 02 42 15166.00000 4.98800000 406.28000 69.08000 13.50000 52.83200
20 11 20 02 42 15166.00000 4.98800000 406.50000 69.13000 13.50000 52.83200
20 11 20 02 43 15166.00000 4.98800000 406.49000 69.13000 13.50000 52.83200
20 11 20 02 43 15166.00000 4.98800000 406.49000 69.13000 13.50000 52.83200
20 11 20 02 43 15166.00000 4.98800000 406.50000 69.20000 13.50000 52.83200
20 11 20 02 44 15172.70000 4.98800000 407.00000 69.20000 13.50000 52.83200
20 11 20 02 44 15172.70000 4.98800000 407.24000 69.24000 13.50000 52.83200
20 11 20 02 45 15173.00000 4.98800000 407.10000 69.24000 13.50000 52.83200
20 11 20 02 45 15175.80000 4.98800000 407.41000 69.24000 13.50000 52.83200
20 11 20 02 46 15168.30000 4.98800000 407.41000 69.24000 13.50000 52.83200
20 11 20 02 46 15168.20000 4.98800000 406.91000 69.24000 13.50000 52.83200
20 11 20 02 46 15166.00000 5.05500000 406.84000 69.24000 13.50000 52.83200
20 11 20 02 47 15166.00000 5.03000000 406.84000 69.24000 13.50000 52.83200
20 11 20 02 47 15166.00000 5.03000000 406.84000 69.31000 13.50000 52.83200
20 11 20 02 48 15173.50000 5.03000000 407.17000 69.34000 13.50000 52.83200
20 11 20 02 48 15173.50000 5.03000000 407.17000 69.41000 13.50000 52.83200
20 11 20 02 49 15165.90000 5.03000000 407.17000 69.38000 13.50000 52.83200
20 11 20 02 49 15169.90000 5.03000000 407.17000 69.38000 13.50000 52.83200
20 11 20 02 49 15169.90000 5.03000000 407.17000 69.38000 13.50000 52.83200
20 11 20 02 50 15169.70000 5.03000000 407.17000 69.38000 13.50000 52.83200
20 11 20 02 50 15169.70000 5.03000000 407.17000 69.38000 13.50000 52.92700
20 11 20 02 51 15178.70000 5.03000000 407.17000 69.38000 13.50000 52.92700
20 11 20 02 51 15178.70000 5.03000000 406.94000 69.38000 13.50000 52.92700
20 11 20 02 52 15171.50000 5.03000000 406.94000 69.33000 13.50000 52.92700
20 11 20 02 52 15171.50000 5.03000000 407.00000 69.33000 13.50000 52.92700
