M=[
25 4 21 08 01 41294.30000 24.36900000 1823.86000 186.21000 29.68100 167.50700
25 4 21 08 01 41293.20000 24.36900000 1823.16000 186.21000 29.68100 167.50700
25 4 21 08 01 41241.20000 24.36900000 1822.60000 186.17000 29.68100 167.50700
25 4 21 08 02 41249.70000 24.36900000 1820.86000 185.82000 29.68100 167.50700
25 4 21 08 02 41251.90000 24.36900000 1821.35000 185.84000 29.68100 167.50700
25 4 21 08 03 41261.40000 24.36900000 1822.04000 185.84000 29.68100 167.50700
25 4 21 08 03 41252.70000 24.36900000 1820.04000 185.85000 29.68100 167.50700
25 4 21 08 04 41265.00000 24.36900000 1821.60000 185.93000 29.68100 167.50700
25 4 21 08 04 41246.50000 24.34100000 1821.41000 185.81000 29.68100 167.50700
25 4 21 08 04 41244.50000 24.34100000 1821.03000 185.81000 29.68100 167.50700
25 4 21 08 05 41240.50000 24.40800000 1820.82000 185.81000 29.68100 167.50700
25 4 21 08 05 41250.90000 24.40800000 1821.02000 185.64000 29.68100 167.50700
25 4 21 08 06 41229.00000 24.40800000 1821.33000 185.52000 29.68100 167.50700
25 4 21 08 06 41229.00000 24.40800000 1822.06000 185.58000 29.68100 167.50700
25 4 21 08 07 41232.00000 24.40800000 1822.22000 185.58000 29.68100 167.50700
25 4 21 08 07 41229.00000 24.40800000 1821.59000 185.61000 29.68100 167.50700
25 4 21 08 07 41229.00000 24.40800000 1820.53000 185.60000 29.68100 167.50700
25 4 21 08 08 41228.80000 24.40800000 1820.07000 185.60000 29.68100 167.50700
25 4 21 08 08 41228.80000 24.27900000 1820.34000 185.27000 29.68100 167.50700
25 4 21 08 09 41228.10000 24.27900000 1820.34000 185.27000 29.41300 167.50700
25 4 21 08 09 41231.00000 24.27900000 1821.50000 185.27000 29.41300 167.50700
25 4 21 08 10 41220.10000 24.27900000 1821.49000 185.04000 29.40800 167.50700
25 4 21 08 10 41197.20000 24.27900000 1820.97000 185.06000 29.40800 167.50700
25 4 21 08 10 41190.90000 24.27900000 1820.02000 185.06000 29.40800 167.50700
25 4 21 08 11 41190.90000 24.34000000 1820.02000 185.06000 29.40800 167.50700
25 4 21 08 11 41190.90000 24.34000000 1818.01000 184.97000 29.40800 167.50700
25 4 21 08 12 41190.90000 24.34000000 1818.27000 185.01000 29.40800 167.50700
25 4 21 08 12 41190.80000 24.34000000 1818.28000 184.96000 29.40800 167.50700
25 4 21 08 13 41158.20000 24.31400000 1818.28000 184.96000 29.40800 167.50700
25 4 21 08 13 41157.90000 24.31400000 1816.46000 184.96000 29.40800 167.50700
25 4 21 08 13 41157.90000 24.31400000 1818.01000 184.96000 29.40800 167.50700
25 4 21 08 14 41182.80000 24.31400000 1817.96000 184.96000 29.40800 167.24300
25 4 21 08 14 41210.50000 24.31400000 1818.47000 185.03000 29.40800 167.48100
25 4 21 08 15 41250.80000 24.31400000 1820.38000 185.47000 29.40800 167.48100
25 4 21 08 15 41239.00000 24.31400000 1820.56000 185.50000 29.40800 167.48100
25 4 21 08 16 41260.80000 24.36400000 1821.71000 185.90000 29.40600 167.30900
25 4 21 08 16 41266.80000 24.36400000 1821.98000 185.84000 29.63900 167.30900
25 4 21 08 16 41284.00000 24.36400000 1822.24000 185.98000 29.63900 167.30900
25 4 21 08 17 41294.40000 24.36400000 1823.94000 185.98000 29.63900 167.30900
25 4 21 08 17 41295.00000 24.36400000 1823.37000 185.98000 29.63900 167.56800
25 4 21 08 18 41299.60000 24.36400000 1825.00000 186.04000 29.63900 167.56800
25 4 21 08 18 41328.00000 24.41600000 1827.45000 186.04000 29.63900 167.56800
25 4 21 08 19 41331.90000 24.41600000 1828.18000 186.04000 29.63900 167.56800
25 4 21 08 19 41330.00000 24.41600000 1828.47000 186.04000 29.63900 167.56800
25 4 21 08 19 41316.80000 24.41600000 1828.20000 186.04000 29.63900 167.56800
25 4 21 08 20 41320.60000 24.41600000 1828.20000 186.04000 29.63900 167.56800
25 4 21 08 20 41320.70000 24.41600000 1828.19000 186.04000 29.63900 167.56800
25 4 21 08 21 41311.00000 24.41600000 1828.04000 186.29000 29.63900 167.75600
25 4 21 08 21 41314.80000 24.41600000 1827.71000 186.35000 29.63900 167.75600
25 4 21 08 22 41320.70000 24.49900000 1828.43000 186.35000 29.63900 167.75600
25 4 21 08 22 41320.70000 24.45300000 1827.87000 186.35000 29.63900 167.75600
25 4 21 08 22 41318.70000 24.45300000 1827.96000 186.35000 29.63900 167.75600
25 4 21 08 23 41321.10000 24.50000000 1827.56000 186.36000 29.63900 167.75600
25 4 21 08 23 41320.00000 24.53300000 1827.99000 186.36000 29.63900 167.75600
25 4 21 08 24 41320.00000 24.54900000 1827.86000 186.36000 29.30000 168.30900
25 4 21 08 24 41313.60000 24.54900000 1828.00000 186.36000 29.30000 168.30900
25 4 21 08 25 41341.90000 24.54100000 1829.95000 186.36000 29.25700 168.30900
25 4 21 08 25 41342.40000 24.54100000 1831.00000 186.36000 29.13800 168.30900
25 4 21 08 25 41323.20000 24.44900000 1830.20000 186.46000 29.13800 167.93000
25 4 21 08 26 41326.80000 24.54200000 1830.50000 186.63000 29.13800 168.15500
25 4 21 08 26 41320.70000 24.54200000 1830.11000 186.63000 29.13800 168.15500
25 4 21 08 27 41305.70000 24.54200000 1830.00000 186.63000 29.13800 168.15500
25 4 21 08 27 41308.10000 24.54200000 1828.15000 186.63000 29.13800 168.15500
25 4 21 08 28 41306.30000 24.54200000 1828.47000 186.63000 29.13800 168.15500
25 4 21 08 28 41304.10000 24.54200000 1828.26000 186.51000 29.13800 168.15500
25 4 21 08 28 41305.30000 24.54200000 1828.41000 186.44000 29.13800 168.15500
25 4 21 08 29 41302.70000 24.54200000 1828.35000 186.48000 29.11400 168.15500
25 4 21 08 29 41287.70000 24.47300000 1828.35000 186.48000 29.11400 168.15500
25 4 21 08 30 41245.40000 24.46600000 1826.66000 186.25000 29.11400 167.66800
25 4 21 08 30 41269.80000 24.46600000 1826.14000 186.25000 29.11400 167.66800
25 4 21 08 31 41275.00000 24.45000000 1825.45000 186.25000 29.11400 167.66800
25 4 21 08 31 41270.90000 24.45000000 1825.76000 186.25000 29.11400 167.66800
25 4 21 08 32 41275.00000 24.45000000 1825.04000 186.25000 29.11400 167.66800
25 4 21 08 32 41275.00000 24.45000000 1828.02000 186.24000 29.11400 167.66800
25 4 21 08 32 41274.90000 24.40900000 1828.56000 186.20000 29.11400 167.66800
25 4 21 08 33 41274.90000 24.40900000 1828.50000 186.20000 29.11400 167.66800
25 4 21 08 33 41275.00000 24.40900000 1827.87000 186.19000 29.11400 167.66800
25 4 21 08 34 41275.00000 24.40900000 1827.28000 186.20000 29.11400 167.66800
25 4 21 08 34 41299.10000 24.40900000 1827.28000 186.20000 29.11400 167.66800
25 4 21 08 35 41299.10000 24.40900000 1826.27000 186.18000 29.11400 167.66800
25 4 21 08 35 41299.10000 24.40900000 1826.16000 186.19000 29.11400 167.66800
25 4 21 08 35 41299.00000 24.40900000 1826.71000 186.19000 29.11400 167.66800
25 4 21 08 36 41289.00000 24.40900000 1827.52000 186.19000 29.11400 167.66800
25 4 21 08 36 41299.00000 24.40900000 1828.03000 186.19000 29.11400 167.66800
25 4 21 08 37 41300.00000 24.40900000 1828.14000 186.19000 29.11400 167.66800
25 4 21 08 37 41292.90000 24.40900000 1828.14000 186.19000 29.11400 167.66800
25 4 21 08 38 41292.80000 24.40900000 1826.44000 186.19000 29.11400 167.66800
25 4 21 08 38 41292.80000 24.43600000 1826.44000 186.20000 29.11400 167.66800
25 4 21 08 38 41300.00000 24.43600000 1827.66000 186.24000 29.11400 167.66800
25 4 21 08 39 41275.00000 24.43600000 1825.52000 186.24000 29.11400 167.66800
25 4 21 08 39 41251.00000 24.43600000 1825.29000 186.21000 29.11400 167.66800
25 4 21 08 40 41263.20000 24.43600000 1825.16000 186.21000 29.11400 167.66800
25 4 21 08 40 41270.70000 24.43600000 1825.16000 186.21000 29.11400 167.66800
25 4 21 08 41 41292.80000 24.43600000 1825.16000 186.22000 29.11400 167.66800
25 4 21 08 41 41274.90000 24.43600000 1825.23000 186.16000 29.11400 167.66800
25 4 21 08 41 41269.40000 24.43600000 1826.60000 186.16000 29.11400 167.66800
25 4 21 08 42 41272.80000 24.43600000 1826.35000 186.26000 29.11400 167.66800
25 4 21 08 42 41272.80000 24.43600000 1827.59000 186.26000 29.11400 167.66800
25 4 21 08 43 41289.50000 24.43600000 1827.60000 186.26000 29.11400 167.66800
25 4 21 08 43 41289.40000 24.43600000 1827.67000 186.26000 29.11400 167.66800
25 4 21 08 44 41300.00000 24.43600000 1834.09000 186.26000 29.11400 167.66800
25 4 21 08 44 41300.00000 24.43600000 1833.42000 186.26000 29.11400 167.66800
