M=[
13 1 21 03 15 28066.30000 5.98400000 866.13000 111.47000 15.30400 83.42700
13 1 21 03 16 28040.00000 5.98400000 865.76000 111.47000 15.30400 83.42700
13 1 21 03 16 27994.50000 5.98400000 864.94000 111.60000 15.31900 83.42700
13 1 21 03 17 27975.70000 5.98400000 863.69000 111.29000 15.31900 83.03600
13 1 21 03 17 27930.00000 5.98400000 862.39000 111.25000 15.31900 82.99100
13 1 21 03 18 27889.60000 5.98400000 860.35000 110.89000 15.31900 82.72000
13 1 21 03 18 27849.40000 5.98400000 860.01000 110.86000 15.31900 82.65000
13 1 21 03 18 27886.70000 5.98400000 860.17000 110.74000 15.31900 82.65000
13 1 21 03 19 27873.10000 5.98400000 860.17000 110.70000 15.31900 82.58600
13 1 21 03 19 27841.80000 5.98400000 860.07000 110.70000 15.31900 82.40100
13 1 21 03 20 27942.80000 5.98400000 860.35000 110.89000 15.31900 82.62000
13 1 21 03 20 27991.40000 5.98400000 863.91000 111.14000 15.31900 82.72400
13 1 21 03 21 27894.10000 5.94400000 862.59000 111.11000 15.31900 82.55200
13 1 21 03 21 27883.80000 5.94400000 859.70000 111.11000 15.31900 82.60700
13 1 21 03 21 27849.10000 5.94400000 858.99000 110.75000 15.31900 82.53600
13 1 21 03 22 27735.10000 5.94400000 859.19000 110.75000 15.31900 82.20300
13 1 21 03 22 27768.80000 5.94400000 858.31000 110.38000 15.31900 82.20300
13 1 21 03 23 27765.10000 5.94400000 857.16000 110.06000 15.31900 82.16900
13 1 21 03 23 27910.90000 5.94400000 860.53000 110.71000 15.31900 82.16900
13 1 21 03 24 27813.90000 5.94400000 859.74000 110.51000 15.33400 82.38700
13 1 21 03 24 27909.20000 5.94400000 863.65000 111.04000 15.57700 82.38700
13 1 21 03 24 27805.40000 5.94400000 863.65000 110.93000 15.35000 82.38700
13 1 21 03 25 27868.70000 5.94400000 862.42000 110.98000 15.35000 82.38700
13 1 21 03 25 27910.90000 5.94400000 862.47000 111.26000 15.35000 82.38700
13 1 21 03 26 27875.70000 5.94400000 862.47000 111.46000 15.35000 82.38700
13 1 21 03 26 27785.10000 5.94400000 859.36000 111.34000 15.35000 82.38700
13 1 21 03 27 27828.00000 5.94400000 860.14000 111.36000 15.35000 82.38700
13 1 21 03 27 27828.80000 5.94400000 861.80000 111.47000 15.36500 82.38700
13 1 21 03 27 27846.70000 5.94400000 861.79000 111.47000 15.36500 82.38700
13 1 21 03 28 27910.90000 5.94400000 862.66000 111.88000 15.36500 82.38700
13 1 21 03 28 27892.10000 5.94400000 862.66000 111.96000 15.36500 82.38700
13 1 21 03 29 27867.00000 5.94400000 862.68000 111.85000 15.36500 82.38700
13 1 21 03 29 27835.10000 5.94400000 862.20000 111.63000 15.36500 82.38700
13 1 21 03 30 27803.80000 5.94400000 862.20000 111.47000 15.36500 82.38700
13 1 21 03 30 27828.40000 5.94400000 860.78000 111.26000 15.36500 82.38700
13 1 21 03 30 27806.80000 5.94400000 860.00000 111.26000 15.36500 82.38700
13 1 21 03 31 27780.20000 5.94400000 858.94000 111.08000 15.36500 82.47800
13 1 21 03 31 27740.10000 5.94400000 857.91000 111.06000 15.36500 82.47800
13 1 21 03 32 27756.10000 5.94400000 858.52000 110.95000 15.36500 82.47800
13 1 21 03 32 27765.80000 5.94400000 859.24000 110.95000 15.36500 82.47800
13 1 21 03 33 27760.80000 5.94400000 859.24000 110.83000 15.36500 82.47800
13 1 21 03 33 27800.00000 5.94400000 859.24000 111.22000 15.36500 82.47800
13 1 21 03 33 27867.00000 5.94400000 861.81000 111.22000 15.36500 82.47800
13 1 21 03 34 27865.10000 5.94400000 862.00000 111.26000 15.36500 82.47800
13 1 21 03 34 27842.20000 5.94400000 862.00000 111.26000 15.36500 82.47800
13 1 21 03 35 27807.40000 5.94400000 860.86000 110.86000 15.36500 82.47800
13 1 21 03 35 27771.70000 5.94400000 858.69000 110.52000 15.36500 82.47800
13 1 21 03 36 27750.90000 5.94400000 857.70000 110.46000 15.36500 82.31700
13 1 21 03 36 27749.90000 5.94400000 857.00000 110.46000 15.36500 82.17100
13 1 21 03 36 27749.90000 5.94400000 856.55000 110.46000 15.36500 82.17100
13 1 21 03 37 27877.20000 5.94400000 860.00000 110.74000 15.36500 82.17100
13 1 21 03 37 27858.00000 5.94400000 860.15000 111.00000 15.36500 82.17100
13 1 21 03 38 27900.60000 5.94400000 861.78000 110.96000 15.36500 82.17100
13 1 21 03 38 27869.60000 5.94400000 861.99000 111.08000 15.36500 82.17100
13 1 21 03 39 27824.90000 5.94400000 860.00000 110.75000 15.36500 82.17100
13 1 21 03 39 27741.70000 5.94400000 859.92000 110.75000 15.36500 82.17100
13 1 21 03 39 27738.90000 5.94400000 859.92000 110.75000 15.36500 82.17100
13 1 21 03 40 27737.00000 5.94400000 859.92000 110.31000 15.36500 82.17100
13 1 21 03 40 27757.00000 5.94400000 859.92000 110.46000 15.36500 82.17100
13 1 21 03 41 27735.80000 5.94400000 856.67000 110.31000 15.36500 82.15700
13 1 21 03 41 27837.70000 5.94400000 856.67000 110.56000 15.36500 82.15700
13 1 21 03 42 27759.70000 5.94400000 856.67000 110.41000 15.36500 82.15700
13 1 21 03 42 27732.60000 5.94400000 856.33000 110.38000 15.36500 82.15700
13 1 21 03 42 27732.50000 5.94400000 855.68000 110.23000 15.36500 82.15700
13 1 21 03 43 27726.90000 5.94400000 856.28000 110.22000 15.36500 82.15700
13 1 21 03 43 27806.30000 5.94400000 857.39000 110.35000 15.36500 82.15700
13 1 21 03 44 27773.60000 5.94400000 857.44000 110.45000 15.36500 82.15700
13 1 21 03 44 27740.40000 5.94400000 857.16000 110.45000 15.36500 82.15700
13 1 21 03 45 27726.90000 5.94400000 856.40000 109.86000 15.36500 82.15700
13 1 21 03 45 27784.90000 5.94400000 858.12000 110.39000 15.35000 82.15700
13 1 21 03 45 27802.00000 5.94400000 860.69000 110.60000 15.35000 82.15700
13 1 21 03 46 27773.70000 5.94400000 859.23000 110.61000 15.23500 82.15700
13 1 21 03 46 27750.00000 5.94400000 859.23000 110.48000 15.23500 82.15700
13 1 21 03 47 27738.20000 5.94400000 858.16000 110.47000 15.23500 82.15700
13 1 21 03 47 27712.40000 5.94400000 857.00000 110.17000 15.23500 81.91500
13 1 21 03 48 27700.00000 5.94400000 855.89000 110.07000 15.23500 81.91500
13 1 21 03 48 27690.90000 5.94400000 855.89000 110.07000 15.23500 81.91500
13 1 21 03 48 27695.90000 5.94400000 856.22000 110.07000 15.23500 81.91500
13 1 21 03 49 27662.10000 5.94400000 856.22000 110.02000 15.23500 81.63900
13 1 21 03 49 27629.40000 5.94400000 855.21000 110.02000 15.23500 81.55600
13 1 21 03 50 27636.80000 5.94400000 855.01000 110.02000 15.23500 81.55600
13 1 21 03 50 27650.00000 5.94400000 855.01000 110.02000 15.23500 81.55600
13 1 21 03 51 27650.00000 5.94400000 855.34000 110.02000 15.23500 81.55600
13 1 21 03 51 27630.60000 5.94400000 854.78000 109.77000 15.23500 81.55600
13 1 21 03 51 27630.60000 5.94400000 855.00000 109.76000 15.23500 81.55600
13 1 21 03 52 27587.60000 5.94400000 853.60000 109.46000 15.23500 81.15800
13 1 21 03 52 27606.30000 5.94400000 853.18000 109.46000 15.23500 81.15800
13 1 21 03 53 27601.10000 5.94400000 854.00000 109.46000 15.23500 81.15800
13 1 21 03 53 27678.30000 5.94400000 856.73000 110.12000 15.23500 81.15800
13 1 21 03 54 27708.20000 5.94400000 855.79000 110.10000 15.23500 81.15800
13 1 21 03 54 27609.90000 5.94400000 854.14000 109.78000 15.23500 81.15800
13 1 21 03 54 27585.80000 5.94400000 854.14000 109.77000 15.23500 81.15800
13 1 21 03 55 27628.80000 5.94400000 854.17000 109.65000 15.23500 81.15800
13 1 21 03 55 27644.90000 5.94400000 855.81000 109.69000 15.23500 81.15800
13 1 21 03 56 27620.10000 5.94400000 854.42000 109.69000 15.23500 81.15800
13 1 21 03 56 27612.50000 5.88200000 853.04000 109.59000 15.23500 81.15800
13 1 21 03 57 27618.40000 5.88200000 854.27000 109.59000 15.23500 81.15800
13 1 21 03 57 27600.70000 5.88200000 853.71000 109.59000 15.23500 81.15800
13 1 21 03 57 27600.70000 5.88200000 853.71000 109.51000 15.23500 81.15800
13 1 21 03 58 27597.00000 5.88200000 854.07000 109.51000 15.23500 81.15800
13 1 21 03 58 27629.00000 5.88200000 854.57000 109.51000 15.23500 81.15800
13 1 21 03 59 27606.40000 5.88200000 854.74000 109.56000 15.23500 81.15800
13 1 21 03 59 27676.50000 5.88200000 854.74000 109.56000 15.23500 81.15800
13 1 21 04 00 27683.40000 5.88200000 856.94000 109.83000 15.23500 81.15800
13 1 21 04 00 27702.90000 5.88200000 857.34000 109.99000 15.23500 81.15800
13 1 21 04 00 27735.30000 5.88200000 857.34000 109.99000 15.23500 81.15800
