M=[
 2 8 21 00 46 33476.50000 41.70800000 2141.76000 117.85000 25.03100 96.08500
 2 8 21 00 47 33502.60000 41.70800000 2144.69000 117.85000 25.00900 96.08500
 2 8 21 00 47 33473.90000 41.70800000 2143.85000 117.85000 25.18900 96.08500
 2 8 21 00 48 33479.10000 41.70800000 2143.85000 117.85000 25.34900 96.08500
 2 8 21 00 48 33489.80000 41.70800000 2144.46000 117.85000 25.31000 96.08500
 2 8 21 00 48 33489.80000 41.70800000 2144.46000 117.85000 25.31000 96.08500
 2 8 21 00 49 33453.40000 41.70800000 2144.46000 117.85000 25.34900 96.08500
 2 8 21 00 49 33399.50000 41.70800000 2137.46000 117.85000 25.40900 96.08500
 2 8 21 00 50 33350.00000 41.70800000 2130.20000 117.46000 25.56500 96.08500
 2 8 21 00 50 33328.40000 41.70800000 2122.08000 117.27000 25.77800 96.08500
 2 8 21 00 51 33342.30000 41.70800000 2118.91000 117.25000 26.02400 96.08500
 2 8 21 00 51 33409.20000 41.70800000 2124.89000 117.25000 25.80400 96.08500
 2 8 21 00 51 33421.80000 41.70800000 2127.45000 117.25000 25.80400 96.08500
 2 8 21 00 52 33432.60000 42.05400000 2130.34000 117.91000 25.78000 96.08500
 2 8 21 00 52 33454.80000 42.05400000 2132.96000 117.86000 25.78000 96.08500
 2 8 21 00 53 33469.20000 42.05400000 2135.53000 117.86000 25.78000 96.08500
 2 8 21 00 53 33477.40000 42.05400000 2134.52000 117.86000 25.79500 96.08500
 2 8 21 00 54 33397.90000 42.05400000 2132.21000 117.86000 25.43200 96.08500
 2 8 21 00 54 33436.30000 42.05400000 2132.21000 117.86000 25.23000 96.08500
 2 8 21 00 55 33436.30000 42.05400000 2132.21000 117.86000 25.23000 96.08500
 2 8 21 00 55 33398.50000 42.05400000 2134.49000 117.86000 25.29200 96.08500
 2 8 21 00 55 33398.50000 42.05400000 2134.49000 117.86000 25.36900 96.08500
 2 8 21 00 56 33411.90000 42.05400000 2132.88000 117.94000 25.36900 96.08500
 2 8 21 00 56 33398.80000 42.05400000 2130.58000 117.81000 25.36900 96.08500
 2 8 21 00 57 33398.90000 42.05400000 2129.20000 117.81000 25.36900 96.08500
 2 8 21 00 57 33395.80000 42.05400000 2131.88000 117.81000 25.10400 96.08500
 2 8 21 00 58 33370.70000 42.05400000 2131.83000 117.81000 25.15800 96.08500
 2 8 21 00 58 33368.00000 42.05400000 2125.67000 117.81000 25.03400 96.08500
 2 8 21 00 58 33349.10000 42.05400000 2125.13000 117.81000 24.84000 96.08500
 2 8 21 00 59 33403.50000 42.05400000 2127.46000 117.81000 24.59900 96.08500
 2 8 21 00 59 33391.50000 42.05400000 2127.46000 117.81000 24.89300 96.08500
 2 8 21 01 00 33326.80000 42.05400000 2124.75000 117.81000 24.50000 96.08500
 2 8 21 01 00 33371.20000 42.05400000 2126.93000 117.81000 24.55800 96.08500
 2 8 21 01 01 33316.10000 42.05400000 2126.93000 117.81000 24.50000 96.08500
 2 8 21 01 01 33252.90000 42.05400000 2122.73000 117.81000 24.50000 95.98200
 2 8 21 01 01 33231.50000 42.05400000 2122.89000 117.18000 24.52200 95.98200
 2 8 21 01 02 33227.50000 42.05400000 2124.12000 117.18000 24.50000 95.98200
 2 8 21 01 02 33152.80000 42.05400000 2121.44000 117.31000 24.68700 95.98200
 2 8 21 01 03 33236.30000 42.05400000 2123.80000 117.53000 24.68700 95.98200
 2 8 21 01 03 33272.60000 42.05400000 2124.77000 117.53000 24.50300 95.98200
 2 8 21 01 04 33236.20000 42.05400000 2124.77000 117.53000 24.50300 95.98200
 2 8 21 01 04 33273.20000 42.05400000 2130.56000 117.53000 24.50000 95.98200
 2 8 21 01 04 33269.60000 42.05400000 2130.02000 117.70000 24.50000 95.98200
 2 8 21 01 05 33274.40000 42.05400000 2132.02000 117.70000 24.50000 95.98200
 2 8 21 01 05 33304.40000 42.05400000 2132.02000 117.70000 24.50000 95.98200
 2 8 21 01 06 33310.80000 42.05400000 2134.41000 117.87000 24.68900 95.98200
 2 8 21 01 06 33366.40000 42.14000000 2136.90000 117.87000 24.68900 95.98200
 2 8 21 01 07 33376.00000 42.14000000 2136.90000 118.18000 24.68800 95.98200
 2 8 21 01 07 33397.50000 42.14400000 2138.18000 118.18000 24.67600 95.98200
 2 8 21 01 07 33430.00000 42.14400000 2138.16000 118.09000 24.67600 95.98200
 2 8 21 01 08 33430.10000 42.14400000 2139.30000 117.96000 24.67600 95.98200
 2 8 21 01 08 33424.60000 42.14400000 2139.30000 117.96000 24.67600 95.98200
 2 8 21 01 09 33431.70000 42.14400000 2138.59000 117.96000 24.66200 96.51400
 2 8 21 01 09 33431.70000 42.14400000 2138.59000 117.96000 24.55100 96.51400
 2 8 21 01 10 33431.80000 42.14400000 2138.59000 117.96000 24.55100 96.51400
 2 8 21 01 10 33441.30000 42.14400000 2139.13000 117.96000 24.55100 96.51400
 2 8 21 01 10 33441.30000 42.14400000 2139.64000 117.96000 24.55100 96.51400
 2 8 21 01 11 33474.80000 42.14400000 2140.22000 117.96000 24.55100 96.51400
 2 8 21 01 11 33474.70000 42.14400000 2140.95000 117.96000 24.55100 96.51400
 2 8 21 01 12 33471.80000 42.14400000 2141.11000 118.15000 24.50000 96.51400
 2 8 21 01 12 33471.70000 42.14400000 2139.64000 118.12000 24.50000 96.51400
 2 8 21 01 13 33430.70000 42.14400000 2138.99000 118.12000 24.50000 96.51400
 2 8 21 01 13 33377.80000 42.14400000 2136.95000 118.11000 24.47900 96.51400
 2 8 21 01 14 33372.30000 42.14400000 2135.20000 118.11000 24.38700 96.51400
 2 8 21 01 14 33439.70000 42.19900000 2138.74000 118.11000 24.29700 96.51400
 2 8 21 01 14 33462.70000 42.19900000 2138.74000 118.11000 24.37200 96.51400
 2 8 21 01 15 33408.80000 42.19900000 2138.74000 118.11000 24.29500 96.51400
 2 8 21 01 15 33417.90000 42.19900000 2139.29000 118.11000 24.36100 96.51400
 2 8 21 01 16 33385.80000 42.19900000 2140.55000 118.11000 24.36100 96.51400
 2 8 21 01 16 33368.70000 42.19900000 2137.12000 118.11000 24.33700 96.51400
 2 8 21 01 17 33390.10000 42.19900000 2137.12000 117.99000 24.29500 96.51400
 2 8 21 01 17 33438.80000 42.19900000 2141.81000 118.09000 24.29500 96.51400
 2 8 21 01 17 33449.00000 42.19900000 2141.81000 118.09000 24.29500 96.51400
 2 8 21 01 18 33457.80000 42.19900000 2141.63000 118.09000 24.29500 96.51400
 2 8 21 01 18 33457.80000 42.19900000 2141.63000 118.09000 24.29500 96.51400
 2 8 21 01 19 33436.40000 42.19900000 2142.52000 118.09000 24.29500 96.51400
 2 8 21 01 19 33436.40000 42.19900000 2142.51000 118.09000 24.29500 96.51400
 2 8 21 01 20 33430.40000 42.19900000 2142.51000 118.09000 24.29500 96.51400
 2 8 21 01 20 33428.30000 42.19900000 2142.26000 118.09000 24.29500 96.51400
 2 8 21 01 20 33428.30000 42.19900000 2142.02000 118.09000 24.29000 96.51400
 2 8 21 01 21 33415.70000 42.19900000 2142.01000 118.09000 24.29000 96.51400
 2 8 21 01 21 33354.90000 42.19900000 2142.01000 118.09000 24.20900 96.51400
 2 8 21 01 22 33351.40000 42.07600000 2142.01000 118.09000 24.20900 96.51400
 2 8 21 01 22 33380.80000 42.07600000 2142.01000 118.09000 24.20900 96.51400
 2 8 21 01 23 33347.30000 42.07600000 2142.01000 118.09000 24.17500 96.51400
 2 8 21 01 23 33345.20000 42.07600000 2137.63000 117.68000 24.17500 96.51400
 2 8 21 01 23 33345.20000 42.07600000 2137.78000 117.68000 24.14400 96.51400
 2 8 21 01 24 33384.70000 42.07600000 2141.28000 117.93000 24.14400 96.51400
 2 8 21 01 24 33345.20000 42.07600000 2141.28000 117.93000 24.12500 96.51400
 2 8 21 01 25 33351.80000 42.07600000 2141.28000 117.93000 24.03300 96.51400
 2 8 21 01 25 33345.10000 42.07600000 2138.46000 117.93000 24.03300 96.51400
 2 8 21 01 26 33345.10000 42.07600000 2139.62000 117.69000 24.10800 96.51400
 2 8 21 01 26 33345.10000 42.07600000 2139.62000 117.63000 24.10800 96.51400
 2 8 21 01 26 33310.80000 42.07600000 2139.62000 117.63000 24.10200 96.51400
 2 8 21 01 27 33326.50000 42.07600000 2136.46000 117.63000 24.10200 96.51400
 2 8 21 01 27 33324.40000 42.07600000 2136.46000 117.63000 24.10200 96.51400
 2 8 21 01 28 33328.00000 42.07600000 2136.46000 117.44000 24.10200 96.51400
 2 8 21 01 28 33328.00000 42.07600000 2138.72000 117.44000 23.99700 96.51400
 2 8 21 01 29 33328.00000 42.07600000 2138.72000 117.44000 23.99700 96.51400
 2 8 21 01 29 33347.30000 42.07600000 2139.82000 117.44000 23.95400 96.51400
 2 8 21 01 30 33394.10000 42.07600000 2142.14000 117.44000 23.77700 96.77800
 2 8 21 01 30 33473.10000 42.07600000 2144.90000 117.44000 23.76900 96.77800
 2 8 21 01 30 33454.70000 42.07600000 2144.90000 117.44000 23.76900 96.77800
