M=[
19 12 20 09 23 18760.00000 5.27800000 532.76000 87.49000 15.91500 60.52700
19 12 20 09 23 18771.00000 5.27800000 532.75000 87.49000 15.91500 60.52700
19 12 20 09 24 18765.50000 5.27800000 532.75000 87.49000 15.91500 60.52700
19 12 20 09 24 18761.40000 5.27800000 532.55000 87.49000 15.91500 60.52700
19 12 20 09 24 18761.40000 5.27800000 532.64000 87.45000 15.91500 60.52700
19 12 20 09 25 18767.60000 5.27800000 532.64000 87.45000 15.91500 60.52700
19 12 20 09 25 18767.30000 5.27800000 532.74000 87.45000 15.91500 60.52700
19 12 20 09 26 18773.50000 5.27800000 532.74000 87.52000 15.91500 60.52700
19 12 20 09 26 18773.90000 5.27800000 532.73000 87.52000 15.91500 60.52700
19 12 20 09 26 18777.20000 5.27800000 532.73000 87.52000 15.91500 60.52700
19 12 20 09 27 18780.00000 5.27800000 532.88000 87.56000 15.91500 60.52700
19 12 20 09 27 18780.00000 5.27800000 532.94000 87.56000 15.91500 60.52700
19 12 20 09 28 18784.00000 5.27800000 532.84000 87.56000 15.91500 60.52700
19 12 20 09 28 18790.00000 5.27800000 532.84000 87.56000 15.77100 60.52700
19 12 20 09 29 18787.70000 5.27800000 532.84000 87.56000 15.77100 60.52700
19 12 20 09 29 18785.00000 5.27800000 532.84000 87.56000 15.77100 60.55200
19 12 20 09 29 18758.70000 5.27800000 532.32000 87.56000 15.77100 60.55200
19 12 20 09 30 18767.20000 5.27800000 532.32000 87.56000 15.77000 60.55200
19 12 20 09 30 18760.60000 5.27800000 532.36000 87.49000 15.77000 60.55200
19 12 20 09 31 18759.80000 5.27800000 532.36000 87.48000 15.77000 60.55200
19 12 20 09 31 18759.90000 5.27800000 532.24000 87.46000 15.77000 60.55200
19 12 20 09 32 18757.50000 5.27800000 531.87000 87.46000 15.77000 60.60800
19 12 20 09 32 18761.90000 5.27800000 531.98000 87.53000 15.77000 60.60800
19 12 20 09 32 18763.60000 5.27800000 531.98000 87.53000 15.77000 60.60800
19 12 20 09 33 18756.90000 5.27800000 531.92000 87.53000 15.77000 60.60800
19 12 20 09 33 18745.00000 5.27800000 532.02000 87.53000 15.77000 60.60800
19 12 20 09 34 18747.00000 5.27800000 532.04000 87.59000 15.77000 60.60800
19 12 20 09 34 18758.20000 5.27800000 532.45000 87.62000 15.77000 60.60800
19 12 20 09 35 18758.20000 5.27800000 532.45000 87.75000 15.77000 60.60800
19 12 20 09 35 18738.30000 5.27800000 532.63000 87.74000 15.77000 60.60800
19 12 20 09 35 18742.70000 5.27800000 531.98000 87.64000 15.77000 60.60800
19 12 20 09 36 18735.40000 5.27800000 531.95000 87.59000 15.77000 60.60800
19 12 20 09 36 18741.10000 5.27800000 532.03000 87.59000 15.77000 60.60800
19 12 20 09 37 18743.40000 5.27800000 532.10000 87.59000 15.77000 60.75300
19 12 20 09 37 18751.90000 5.27800000 532.10000 87.59000 15.68900 60.75300
19 12 20 09 38 18748.00000 5.27800000 532.10000 87.59000 15.68900 60.75300
19 12 20 09 38 18752.00000 5.27800000 532.10000 87.59000 15.68900 60.75300
19 12 20 09 38 18757.10000 5.27800000 532.10000 87.62000 15.68900 60.83900
19 12 20 09 39 18758.10000 5.27800000 532.10000 87.62000 15.68900 60.83900
19 12 20 09 39 18759.30000 5.27800000 532.63000 87.62000 15.68900 60.88000
19 12 20 09 40 18760.70000 5.27100000 532.63000 87.61000 15.68900 60.88000
19 12 20 09 40 18760.70000 5.27100000 532.63000 87.63000 15.68900 60.88000
19 12 20 09 41 18767.50000 5.27100000 532.63000 87.63000 15.68900 60.88000
19 12 20 09 41 18776.90000 5.27100000 532.93000 87.63000 15.68900 60.88000
19 12 20 09 41 18776.90000 5.27100000 532.93000 87.66000 15.68900 60.89100
19 12 20 09 42 18783.60000 5.27100000 533.14000 87.76000 15.68900 60.89100
19 12 20 09 42 18776.60000 5.27100000 532.95000 87.76000 15.68900 60.89100
19 12 20 09 43 18779.90000 5.27100000 532.77000 87.76000 15.68900 60.89100
19 12 20 09 43 18786.70000 5.27100000 533.10000 87.85000 15.68900 60.89100
19 12 20 09 44 18779.10000 5.27100000 533.00000 87.85000 15.68900 60.89100
19 12 20 09 44 18776.90000 5.27100000 533.00000 87.85000 15.68900 60.89100
19 12 20 09 44 18768.60000 5.27100000 532.57000 87.62000 15.68900 61.00000
19 12 20 09 45 18769.20000 5.27100000 532.87000 87.65000 15.68900 61.00000
19 12 20 09 45 18775.20000 5.27100000 532.87000 87.70000 15.68900 61.00000
19 12 20 09 46 18756.60000 5.27100000 532.52000 87.73000 15.68900 61.00000
19 12 20 09 46 18757.30000 5.27100000 532.22000 87.69000 15.68900 61.00000
19 12 20 09 47 18754.80000 5.27100000 532.22000 87.69000 15.68900 61.00000
19 12 20 09 47 18756.10000 5.27100000 532.33000 87.69000 15.68900 61.00000
19 12 20 09 47 18756.30000 5.27100000 532.52000 87.65000 15.68900 61.00000
19 12 20 09 48 18754.30000 5.27100000 532.52000 87.65000 15.68900 61.00000
19 12 20 09 48 18750.30000 5.27100000 532.45000 87.65000 15.68900 61.00000
19 12 20 09 49 18751.60000 5.27100000 532.45000 87.67000 15.68900 61.00000
19 12 20 09 49 18755.70000 5.27100000 532.49000 87.70000 15.68900 61.00000
19 12 20 09 50 18754.50000 5.27100000 532.49000 87.70000 15.68900 61.00000
19 12 20 09 50 18754.40000 5.27100000 532.48000 87.66000 15.68900 61.00000
19 12 20 09 50 18754.00000 5.27100000 532.48000 87.66000 15.68900 61.00000
19 12 20 09 51 18750.70000 5.27100000 532.48000 87.69000 15.61400 61.00000
19 12 20 09 51 18746.60000 5.27100000 532.48000 87.69000 15.61400 61.00000
19 12 20 09 52 18736.70000 5.27100000 531.75000 87.62000 15.61400 61.00000
19 12 20 09 52 18736.40000 5.27100000 531.75000 87.51000 15.61400 61.00000
19 12 20 09 53 18736.50000 5.27100000 532.14000 87.51000 15.61400 61.00000
19 12 20 09 53 18733.30000 5.27100000 532.14000 87.58000 15.61400 61.00000
19 12 20 09 53 18736.10000 5.27100000 532.14000 87.64000 15.61400 61.00000
19 12 20 09 54 18732.40000 5.27100000 532.14000 87.60000 15.61400 61.00000
19 12 20 09 54 18732.50000 5.27100000 532.14000 87.60000 15.61400 60.73700
19 12 20 09 55 18738.10000 5.27100000 532.20000 87.60000 15.61400 60.73700
19 12 20 09 55 18733.30000 5.27100000 532.01000 87.60000 15.61400 60.73700
19 12 20 09 56 18730.70000 5.27100000 531.66000 87.60000 15.61400 60.73700
19 12 20 09 56 18736.70000 5.27100000 532.16000 87.60000 15.61400 60.73700
19 12 20 09 56 18735.70000 5.27100000 531.98000 87.60000 15.61400 60.73700
19 12 20 09 57 18746.40000 5.27100000 532.17000 87.67000 15.61400 60.73700
19 12 20 09 57 18750.80000 5.27100000 532.26000 87.67000 15.61400 60.73700
19 12 20 09 58 18739.90000 5.27100000 532.26000 87.60000 15.61400 60.73700
19 12 20 09 58 18741.90000 5.27100000 532.11000 87.60000 15.61400 60.73700
19 12 20 09 59 18738.20000 5.27000000 532.26000 87.60000 15.61400 60.73700
19 12 20 09 59 18735.50000 5.27000000 532.38000 87.60000 15.59300 60.73700
19 12 20 09 59 18735.40000 5.27000000 532.38000 87.60000 15.59300 60.87000
19 12 20 10 00 18749.10000 5.27000000 532.49000 87.60000 15.60700 61.02200
19 12 20 10 00 18756.80000 5.27000000 532.85000 87.72000 15.60000 61.02200
19 12 20 10 01 18754.80000 5.27000000 532.85000 87.72000 15.60000 61.02200
19 12 20 10 01 18758.70000 5.27000000 532.98000 87.80000 15.60000 61.02200
19 12 20 10 02 18759.30000 5.27000000 532.98000 87.85000 15.60000 61.02200
19 12 20 10 02 18759.60000 5.27000000 533.15000 87.90000 15.60000 61.02200
19 12 20 10 02 18769.50000 5.27000000 533.79000 88.00000 15.60000 61.21600
19 12 20 10 03 18776.70000 5.27000000 533.96000 88.01000 15.60000 61.21600
19 12 20 10 03 18780.10000 5.27000000 533.96000 88.01000 15.60000 61.21600
19 12 20 10 04 18790.00000 5.27900000 533.97000 88.01000 15.60000 61.21600
19 12 20 10 04 18791.50000 5.27900000 534.12000 87.96000 15.60000 61.40000
19 12 20 10 05 18788.40000 5.27900000 534.09000 87.97000 15.60000 61.40000
19 12 20 10 05 18785.90000 5.27900000 534.04000 87.87000 15.60000 61.40000
19 12 20 10 05 18786.30000 5.27900000 534.04000 87.95000 15.60000 61.40000
19 12 20 10 06 18787.10000 5.27900000 534.06000 88.07000 15.60000 61.40000
19 12 20 10 06 18785.30000 5.27900000 534.06000 88.07000 15.60000 61.40000
19 12 20 10 07 18798.00000 5.27900000 534.29000 88.24000 15.60000 61.40000
19 12 20 10 07 18804.30000 5.27900000 534.28000 88.18000 15.60000 61.40000
19 12 20 10 08 18809.90000 5.27900000 534.50000 88.14000 15.60000 61.40000
