M=[
13 3 21 11 27 49798.00000 10.38000000 1555.17000 187.26000 26.33800 121.93500
13 3 21 11 27 49807.50000 10.38000000 1556.66000 187.56000 26.33800 121.93500
13 3 21 11 28 49849.00000 10.39800000 1557.49000 187.73000 26.33800 122.20400
13 3 21 11 28 49845.80000 10.39800000 1557.60000 187.69000 26.33800 122.21700
13 3 21 11 29 49869.00000 10.39500000 1559.88000 187.69000 26.33800 122.00900
13 3 21 11 29 49900.00000 10.41500000 1560.91000 188.00000 26.33800 122.20300
13 3 21 11 29 49714.80000 10.41500000 1557.29000 187.39000 26.33800 122.10700
13 3 21 11 30 49611.20000 10.41500000 1553.84000 187.16000 26.33800 122.17000
13 3 21 11 30 49633.50000 10.35500000 1555.00000 187.09000 26.17500 122.17000
13 3 21 11 31 49635.30000 10.35800000 1555.05000 187.00000 26.17500 122.17000
13 3 21 11 31 49673.30000 10.35300000 1556.01000 187.00000 26.17500 122.17000
13 3 21 11 32 49680.10000 10.37900000 1556.62000 186.92000 26.17500 122.17000
13 3 21 11 32 49778.50000 10.37900000 1558.12000 187.37000 26.17500 122.17000
13 3 21 11 32 49732.60000 10.37900000 1558.44000 187.23000 26.17500 122.62000
13 3 21 11 33 49757.80000 10.37900000 1559.41000 187.12000 26.17500 122.52900
13 3 21 11 33 49787.40000 10.37900000 1561.24000 187.12000 26.17500 122.52900
13 3 21 11 34 49818.50000 10.40000000 1562.67000 187.76000 26.17500 122.52900
13 3 21 11 34 49828.90000 10.43600000 1563.85000 187.72000 26.17500 122.52900
13 3 21 11 35 49809.00000 10.43600000 1563.86000 187.71000 26.17500 123.00000
13 3 21 11 35 49750.00000 10.45000000 1561.38000 187.70000 26.17500 123.00000
13 3 21 11 35 49812.50000 10.44900000 1563.77000 187.82000 26.17500 123.00000
13 3 21 11 36 49826.20000 10.44900000 1564.99000 188.01000 26.25800 123.16200
13 3 21 11 36 49861.50000 10.44900000 1567.49000 188.06000 26.25800 123.47800
13 3 21 11 37 49876.00000 10.42900000 1568.49000 188.10000 26.25800 123.47800
13 3 21 11 37 49892.80000 10.45000000 1568.99000 188.25000 26.25800 123.47800
13 3 21 11 38 49839.00000 10.45000000 1567.98000 188.27000 26.25800 123.47800
13 3 21 11 38 49816.90000 10.45000000 1564.52000 188.28000 26.25800 123.42900
13 3 21 11 38 49777.50000 10.45000000 1564.67000 187.81000 26.25800 123.42900
13 3 21 11 39 49740.00000 10.42400000 1563.66000 187.88000 26.25800 123.42900
13 3 21 11 39 49757.40000 10.42400000 1564.20000 187.88000 26.25800 123.42100
13 3 21 11 40 49736.60000 10.42400000 1564.00000 187.83000 26.58200 123.42100
13 3 21 11 40 49729.90000 10.42400000 1562.94000 187.68000 26.58200 123.42100
13 3 21 11 41 49684.10000 10.42400000 1560.13000 187.50000 26.58200 123.42100
13 3 21 11 41 49699.00000 10.42400000 1559.62000 187.32000 26.58200 123.05200
13 3 21 11 41 49691.00000 10.42400000 1557.99000 187.32000 26.48600 123.19400
13 3 21 11 42 49692.00000 10.42400000 1557.97000 187.17000 26.48600 123.19400
13 3 21 11 42 49692.00000 10.42400000 1558.99000 187.13000 26.48600 123.19400
13 3 21 11 43 49699.80000 10.42400000 1558.79000 187.27000 26.48600 123.19400
13 3 21 11 43 49699.80000 10.42400000 1558.45000 187.23000 26.48600 123.19400
13 3 21 11 44 49699.90000 10.42400000 1558.69000 187.20000 26.48600 123.19400
13 3 21 11 44 49776.90000 10.42400000 1559.99000 187.46000 26.48600 123.19400
13 3 21 11 44 49799.90000 10.42400000 1560.75000 187.50000 26.48600 123.19400
13 3 21 11 45 49799.90000 10.42400000 1560.99000 187.50000 26.48600 123.19400
13 3 21 11 45 49799.90000 10.42400000 1561.57000 187.75000 26.48600 123.19400
13 3 21 11 46 49815.00000 10.42400000 1561.87000 187.75000 26.48600 123.19400
13 3 21 11 46 49896.90000 10.40700000 1563.81000 187.75000 26.48600 123.19400
13 3 21 11 47 49870.00000 10.40700000 1564.54000 187.95000 26.48600 123.19400
13 3 21 11 47 49872.00000 10.40400000 1566.29000 188.14000 26.36000 123.19400
13 3 21 11 47 49871.90000 10.40800000 1565.66000 187.98000 26.36000 123.19400
13 3 21 11 48 49788.10000 10.40900000 1561.43000 187.98000 26.36000 123.19400
13 3 21 11 48 49830.10000 10.40900000 1561.64000 187.59000 26.36000 123.19400
13 3 21 11 49 49732.70000 10.38600000 1558.21000 187.63000 26.36000 122.83000
13 3 21 11 49 49818.40000 10.38600000 1561.55000 187.76000 26.36000 122.83000
13 3 21 11 50 49800.00000 10.38600000 1559.71000 187.64000 26.36000 122.84600
13 3 21 11 50 49800.00000 10.38600000 1559.89000 187.64000 26.36000 122.84600
13 3 21 11 50 49794.90000 10.38600000 1559.49000 187.63000 26.36000 122.84600
13 3 21 11 51 49799.90000 10.38600000 1559.11000 187.63000 26.36000 123.04200
13 3 21 11 51 49699.00000 10.38600000 1557.51000 187.54000 26.36000 123.04200
13 3 21 11 52 49706.40000 10.38600000 1555.97000 187.12000 26.36000 122.98300
13 3 21 11 52 49755.70000 10.38600000 1555.95000 187.02000 26.36000 122.98300
13 3 21 11 53 49713.00000 10.38600000 1555.88000 187.00000 26.49200 122.98300
13 3 21 11 53 49751.60000 10.38600000 1556.23000 187.00000 26.46300 122.98300
13 3 21 11 53 49705.80000 10.38600000 1555.49000 186.95000 26.46300 122.98300
13 3 21 11 54 49669.00000 10.38600000 1555.90000 186.92000 26.46300 122.85000
13 3 21 11 54 49650.40000 10.38600000 1555.00000 186.67000 26.46300 122.85000
13 3 21 11 55 49684.40000 10.39600000 1554.68000 186.57000 26.49200 122.85000
13 3 21 11 55 49688.70000 10.39600000 1555.32000 186.90000 26.49200 122.85000
13 3 21 11 56 49695.70000 10.36400000 1555.21000 187.00000 26.36100 122.85000
13 3 21 11 56 49728.00000 10.36400000 1556.62000 187.32000 26.36100 122.75400
13 3 21 11 56 49720.60000 10.36400000 1557.00000 187.31000 26.36000 122.75400
13 3 21 11 57 49714.20000 10.36400000 1556.02000 187.21000 26.36000 122.66600
13 3 21 11 57 49719.00000 10.36400000 1556.81000 186.99000 26.36000 122.66600
13 3 21 11 58 49711.40000 10.36400000 1556.80000 186.79000 26.36000 122.66600
13 3 21 11 58 49711.50000 10.36400000 1555.55000 186.93000 26.36000 122.66600
13 3 21 11 59 49700.20000 10.36400000 1556.48000 186.88000 26.36000 122.66600
13 3 21 11 59 49661.60000 10.36100000 1553.73000 186.71000 26.36000 122.66600
13 3 21 11 59 49680.00000 10.36100000 1555.58000 186.71000 26.36000 122.66600
13 3 21 12 00 49749.90000 10.35000000 1557.59000 186.97000 26.43600 122.66600
13 3 21 12 00 49599.70000 10.40500000 1557.23000 187.08000 26.43600 122.66600
13 3 21 12 01 49420.10000 10.40500000 1545.40000 185.83000 26.36000 122.66600
13 3 21 12 01 49617.20000 10.38700000 1553.15000 186.44000 26.36000 122.47100
13 3 21 12 01 49570.00000 10.38700000 1552.18000 186.50000 26.36000 122.47100
13 3 21 12 02 49617.10000 10.38700000 1556.74000 186.54000 26.36000 122.47100
13 3 21 12 02 49644.90000 10.38700000 1557.72000 186.91000 26.36000 122.47200
13 3 21 12 03 49663.70000 10.38700000 1557.60000 187.04000 26.36000 122.47200
13 3 21 12 03 49625.00000 10.42400000 1557.28000 186.88000 26.36000 122.47200
13 3 21 12 04 49622.20000 10.42400000 1556.39000 186.88000 26.36000 122.47200
13 3 21 12 04 49572.40000 10.42400000 1554.64000 186.64000 26.36000 122.47200
13 3 21 12 04 49599.90000 10.42400000 1555.68000 186.64000 26.36000 122.61600
13 3 21 12 05 49641.90000 10.42400000 1556.47000 186.69000 26.34800 122.61600
13 3 21 12 05 49641.90000 10.42400000 1556.56000 186.63000 26.34800 123.11000
13 3 21 12 06 49649.90000 10.38700000 1557.81000 186.79000 26.34800 122.89400
13 3 21 12 06 49659.80000 10.38700000 1558.34000 186.79000 26.34800 123.00700
13 3 21 12 07 49674.20000 10.38700000 1557.25000 186.80000 26.23700 123.00700
13 3 21 12 07 49668.00000 10.38700000 1557.52000 186.76000 26.23700 123.00700
13 3 21 12 07 49688.20000 10.38700000 1557.51000 186.59000 26.23700 123.00700
13 3 21 12 08 49676.80000 10.39200000 1555.42000 186.67000 26.23700 123.00700
13 3 21 12 08 49676.80000 10.39200000 1556.09000 186.44000 26.23700 123.00700
13 3 21 12 09 49689.40000 10.39200000 1556.10000 186.56000 26.23700 123.00700
13 3 21 12 09 49679.20000 10.39200000 1556.43000 186.61000 26.23700 123.00700
13 3 21 12 10 49685.60000 10.39200000 1557.40000 186.50000 26.23700 123.00100
13 3 21 12 10 49697.00000 10.39200000 1558.18000 186.53000 26.23700 123.00100
