M=[
15 4 21 19 26 52719.20000 21.81700000 2060.13000 236.21000 42.41900 208.03800
15 4 21 19 26 52717.70000 21.83400000 2061.31000 236.33000 42.44900 208.03800
15 4 21 19 27 52731.00000 21.83400000 2062.55000 236.50000 42.44900 208.03800
15 4 21 19 27 52758.80000 21.89100000 2061.87000 236.78000 42.44900 208.18700
15 4 21 19 27 52758.70000 21.83300000 2062.70000 237.05000 42.44900 208.18700
15 4 21 19 28 52785.00000 21.84700000 2062.10000 237.10000 42.44900 208.12000
15 4 21 19 28 52860.20000 21.84700000 2063.65000 237.00000 42.43900 208.12000
15 4 21 19 29 52885.50000 21.81100000 2064.02000 237.20000 42.43900 208.12000
15 4 21 19 29 52876.50000 21.88200000 2061.37000 237.49000 42.43900 208.12000
15 4 21 19 30 52876.40000 21.79900000 2061.50000 237.70000 42.43900 208.12000
15 4 21 19 30 52876.50000 21.82500000 2062.03000 238.53000 42.43900 208.12000
15 4 21 19 30 52876.60000 21.84600000 2062.02000 238.42000 42.43900 208.12000
15 4 21 19 31 52885.40000 21.92800000 2060.18000 238.94000 42.43900 208.12000
15 4 21 19 31 52885.40000 22.04700000 2060.03000 238.75000 42.43900 208.12000
15 4 21 19 32 52885.50000 22.05600000 2060.53000 239.37000 42.43900 208.12000
15 4 21 19 32 52885.50000 22.05600000 2060.53000 239.32000 42.43900 208.12000
15 4 21 19 33 52890.00000 22.05600000 2060.80000 239.20000 42.44700 207.96200
15 4 21 19 33 52897.90000 21.90900000 2060.53000 238.47000 42.40400 207.96200
15 4 21 19 33 52897.80000 21.94500000 2058.98000 239.24000 42.44400 207.96200
15 4 21 19 34 52881.00000 21.91400000 2058.25000 239.02000 42.44400 207.96200
15 4 21 19 34 52886.50000 21.91400000 2059.48000 239.01000 42.44400 208.24400
15 4 21 19 35 52886.40000 21.96600000 2058.28000 238.27000 42.44400 208.24400
15 4 21 19 35 52886.40000 22.02700000 2059.82000 238.27000 42.44400 208.24400
15 4 21 19 36 52886.50000 22.01300000 2059.36000 238.58000 42.44400 208.24400
15 4 21 19 36 52912.40000 22.03500000 2059.45000 238.62000 42.44400 208.24400
15 4 21 19 36 52899.90000 21.97100000 2059.46000 238.63000 42.44400 208.24400
15 4 21 19 37 52900.00000 21.96900000 2059.72000 238.58000 42.44400 208.24400
15 4 21 19 37 52899.90000 22.03400000 2059.72000 238.26000 42.44400 208.24400
15 4 21 19 38 52900.00000 21.97600000 2059.72000 238.27000 42.44400 208.24400
15 4 21 19 38 52918.40000 21.97600000 2061.10000 238.73000 42.44400 208.24400
15 4 21 19 39 52934.00000 21.97600000 2060.93000 238.63000 42.44400 208.24400
15 4 21 19 39 52937.30000 22.04800000 2061.70000 238.88000 42.44400 208.33000
15 4 21 19 39 52940.00000 22.04800000 2062.41000 238.71000 42.44400 208.33000
15 4 21 19 40 52940.00000 22.02000000 2062.89000 238.70000 42.44400 208.22200
15 4 21 19 40 52940.00000 21.96400000 2063.92000 238.83000 42.44400 208.22200
15 4 21 19 41 52943.00000 22.02100000 2065.25000 238.87000 42.44400 208.22200
15 4 21 19 41 52918.00000 22.03900000 2063.09000 238.10000 42.44400 208.22200
15 4 21 19 42 52900.60000 22.02600000 2064.06000 237.43000 42.44400 208.22200
15 4 21 19 42 52909.40000 22.02600000 2064.41000 237.53000 42.44400 208.11300
15 4 21 19 42 52909.10000 22.06000000 2063.27000 237.32000 42.44400 208.42400
15 4 21 19 43 52905.00000 22.07100000 2064.41000 237.30000 42.44400 208.42400
15 4 21 19 43 52943.00000 22.03700000 2066.17000 237.54000 42.44400 208.46300
15 4 21 19 44 52942.90000 22.13800000 2067.30000 238.18000 42.44400 208.68700
15 4 21 19 44 52942.90000 22.13800000 2067.61000 238.77000 42.44400 208.76700
15 4 21 19 45 52943.00000 22.13800000 2069.06000 238.75000 42.44400 208.76700
15 4 21 19 45 52961.00000 22.13800000 2069.41000 238.26000 42.44400 208.97500
15 4 21 19 45 52974.00000 22.09400000 2069.41000 237.83000 42.44400 208.97500
15 4 21 19 46 52988.90000 22.17100000 2069.41000 238.43000 42.44400 209.00800
15 4 21 19 46 52995.00000 22.18000000 2070.00000 238.67000 42.44400 209.00800
15 4 21 19 47 53000.00000 22.16700000 2071.30000 238.77000 42.44400 209.45700
15 4 21 19 47 53012.10000 22.16700000 2072.00000 238.97000 42.44400 209.34800
15 4 21 19 48 53012.50000 22.20300000 2072.91000 238.52000 42.44400 209.34800
15 4 21 19 48 53008.40000 22.17500000 2071.95000 238.35000 42.44400 209.39900
15 4 21 19 48 53034.90000 22.17500000 2072.58000 238.39000 42.44400 209.39900
15 4 21 19 49 53068.40000 22.16400000 2072.74000 238.61000 42.44400 209.39900
15 4 21 19 49 53038.30000 22.16400000 2072.74000 239.14000 42.44400 209.39900
15 4 21 19 50 53038.30000 22.16400000 2072.90000 239.76000 42.44400 208.87000
15 4 21 19 50 53038.30000 22.16400000 2074.53000 239.89000 42.44400 208.87000
15 4 21 19 51 53038.30000 22.16400000 2074.22000 240.21000 42.44400 208.87000
15 4 21 19 51 53076.10000 22.16400000 2076.00000 240.43000 42.44400 208.90300
15 4 21 19 51 53099.90000 22.19100000 2077.45000 240.59000 42.44400 208.90300
15 4 21 19 52 53099.90000 22.22500000 2080.00000 240.78000 42.46500 208.54500
15 4 21 19 52 53105.00000 22.22500000 2080.00000 240.62000 42.45800 208.54500
15 4 21 19 53 53139.80000 22.14400000 2080.97000 240.01000 42.46900 208.54500
15 4 21 19 53 53139.80000 22.14400000 2080.98000 240.72000 42.46900 208.54500
15 4 21 19 54 53137.70000 22.14300000 2080.97000 240.34000 42.46900 208.54500
15 4 21 19 54 53139.80000 22.14300000 2083.25000 240.85000 42.26000 208.62200
15 4 21 19 54 53146.20000 22.19400000 2083.52000 240.55000 42.27400 208.62200
15 4 21 19 55 53147.00000 22.19400000 2083.53000 240.11000 42.27400 208.62200
15 4 21 19 55 53135.90000 22.19400000 2081.23000 239.29000 42.14200 208.62200
15 4 21 19 56 53147.00000 22.16100000 2081.61000 240.13000 42.14200 208.55100
15 4 21 19 56 53147.00000 22.16400000 2081.34000 240.20000 42.21600 208.55100
15 4 21 19 57 53140.50000 22.16400000 2080.27000 239.79000 42.21600 208.55100
15 4 21 19 57 53090.70000 22.12600000 2074.71000 239.32000 42.21600 208.55100
15 4 21 19 57 53059.70000 22.10800000 2073.81000 239.38000 42.21600 208.55100
15 4 21 19 58 53104.80000 22.08000000 2076.88000 240.00000 42.21600 208.93100
15 4 21 19 58 53101.70000 22.08000000 2075.71000 239.65000 42.27500 208.93100
15 4 21 19 59 53100.00000 22.08000000 2075.50000 239.80000 42.27500 209.11000
15 4 21 19 59 53083.70000 22.15800000 2074.41000 239.92000 42.27500 209.10800
15 4 21 20 00 53040.00000 22.12800000 2074.17000 239.59000 42.29700 209.10800
15 4 21 20 00 53134.00000 22.12800000 2075.88000 240.06000 42.29800 209.08400
15 4 21 20 00 53083.80000 22.22600000 2074.87000 239.38000 42.29800 209.08400
15 4 21 20 01 53085.80000 22.23700000 2077.92000 239.27000 42.29800 209.08400
15 4 21 20 01 53099.00000 22.25200000 2079.62000 239.31000 42.29800 209.92800
15 4 21 20 02 53023.30000 22.22200000 2077.11000 239.24000 42.33000 209.92800
15 4 21 20 02 53069.50000 22.40600000 2079.46000 239.48000 42.33000 209.93300
15 4 21 20 03 53066.90000 22.38700000 2079.84000 239.18000 42.33000 210.26800
15 4 21 20 03 53057.00000 22.36700000 2081.10000 239.09000 42.33000 210.67600
15 4 21 20 03 53074.00000 22.38300000 2081.60000 239.03000 42.35700 211.38300
15 4 21 20 04 53074.00000 22.38300000 2082.61000 238.67000 42.35700 211.79100
15 4 21 20 04 53074.90000 22.32800000 2082.93000 238.94000 42.35700 211.71800
15 4 21 20 05 53072.30000 22.32800000 2082.89000 238.54000 42.35700 211.71800
15 4 21 20 05 53060.90000 22.26600000 2081.10000 238.88000 42.25500 211.71800
15 4 21 20 06 53038.30000 22.25500000 2079.16000 238.89000 42.38000 211.69800
15 4 21 20 06 53055.30000 22.29900000 2077.43000 238.84000 42.38000 211.96000
15 4 21 20 06 53049.10000 22.29900000 2079.47000 238.80000 42.38000 212.02000
15 4 21 20 07 53049.00000 22.33300000 2081.00000 238.87000 42.38000 212.61700
15 4 21 20 07 53050.20000 22.34500000 2083.00000 238.82000 42.38000 212.99900
15 4 21 20 08 53059.60000 22.27600000 2082.06000 238.40000 42.38000 213.23000
15 4 21 20 08 53064.40000 22.27600000 2082.20000 237.89000 42.31800 212.82100
15 4 21 20 09 53064.50000 22.27600000 2082.99000 238.36000 42.31800 212.99900
15 4 21 20 09 53065.00000 22.35700000 2084.19000 238.58000 42.31800 212.61000
