M=[
22 2 21 16 53 44007.10000 11.15000000 1436.47000 168.02000 28.50000 119.47800
22 2 21 16 53 43990.70000 11.31400000 1435.61000 167.91000 27.96900 119.47800
22 2 21 16 54 43941.90000 11.31400000 1431.61000 167.77000 28.38900 118.84000
22 2 21 16 54 43942.10000 11.22500000 1429.29000 167.44000 28.38900 118.72800
22 2 21 16 54 43882.50000 11.25600000 1428.71000 167.02000 28.38900 118.60100
22 2 21 16 55 43942.40000 11.25600000 1430.96000 167.00000 28.38900 118.15600
22 2 21 16 55 43966.80000 11.19700000 1433.24000 167.53000 28.38900 118.19000
22 2 21 16 56 43973.20000 11.25400000 1431.23000 167.35000 28.38900 118.06500
22 2 21 16 56 43970.90000 11.25400000 1430.85000 167.32000 28.38900 118.26300
22 2 21 16 57 43975.00000 11.25600000 1431.05000 167.42000 28.38900 117.88700
22 2 21 16 57 43912.70000 11.19100000 1426.91000 167.16000 28.38900 117.88700
22 2 21 16 57 43923.60000 11.19100000 1428.94000 167.06000 28.38900 117.64500
22 2 21 16 58 43875.00000 11.19800000 1426.78000 167.29000 28.38900 117.83800
22 2 21 16 58 43906.50000 11.19800000 1428.24000 167.19000 28.01400 117.71000
22 2 21 16 59 43900.00000 11.21200000 1429.33000 167.40000 28.01400 117.71000
22 2 21 16 59 43938.60000 11.21200000 1429.06000 167.36000 28.01400 117.71000
22 2 21 17 00 43903.80000 11.21200000 1428.01000 166.97000 28.01400 117.50000
22 2 21 17 00 43946.90000 11.21200000 1431.01000 167.05000 28.01400 117.66100
22 2 21 17 00 43885.20000 11.21200000 1428.92000 166.72000 28.01400 117.56000
22 2 21 17 01 43783.90000 11.21200000 1425.76000 166.21000 28.01400 117.41500
22 2 21 17 01 43704.20000 11.11000000 1422.62000 166.16000 28.01400 117.41500
22 2 21 17 02 43723.30000 11.11000000 1421.69000 165.70000 28.01400 117.18900
22 2 21 17 02 43705.00000 11.11000000 1419.63000 165.63000 28.01400 117.18900
22 2 21 17 03 43653.60000 11.12400000 1421.25000 165.23000 28.05400 116.71200
22 2 21 17 03 43699.90000 11.12400000 1422.83000 165.94000 28.05400 116.66000
22 2 21 17 03 43707.20000 11.12400000 1425.22000 165.98000 28.05400 116.83000
22 2 21 17 04 43767.20000 11.12400000 1424.31000 166.21000 28.05400 117.01000
22 2 21 17 04 43845.00000 11.12400000 1425.73000 166.46000 28.05400 117.20000
22 2 21 17 05 43848.60000 11.12500000 1427.00000 166.49000 28.05400 117.20000
22 2 21 17 05 43871.80000 11.12500000 1429.43000 166.49000 28.05400 117.34000
22 2 21 17 06 43800.10000 11.12500000 1426.87000 166.23000 28.49600 117.34000
22 2 21 17 06 43730.40000 11.13000000 1422.15000 165.79000 28.49600 116.87000
22 2 21 17 06 43731.70000 11.13000000 1422.27000 165.79000 28.49600 116.87000
22 2 21 17 07 43624.10000 11.11000000 1420.02000 165.19000 28.49600 116.53100
22 2 21 17 07 43737.00000 11.07200000 1423.86000 165.62000 28.49600 116.34000
22 2 21 17 08 43733.40000 11.07200000 1424.98000 166.18000 28.49600 116.36000
22 2 21 17 08 43700.10000 11.12900000 1423.73000 166.41000 28.49600 116.59400
22 2 21 17 09 43610.30000 11.12900000 1421.01000 166.41000 28.49600 116.59400
22 2 21 17 09 43506.10000 11.04200000 1417.22000 164.77000 27.96900 116.04800
22 2 21 17 09 43460.00000 11.04200000 1420.97000 165.43000 27.96900 115.80100
22 2 21 17 10 43531.40000 11.04200000 1420.10000 165.00000 27.96900 115.90300
22 2 21 17 10 43520.30000 11.04200000 1420.10000 164.99000 27.96900 115.98900
22 2 21 17 11 43478.70000 11.04200000 1420.10000 164.76000 27.96900 115.96000
22 2 21 17 11 43400.20000 11.04200000 1417.01000 164.27000 27.96900 115.41000
22 2 21 17 12 43390.90000 11.04200000 1414.75000 164.15000 27.96900 115.41000
22 2 21 17 12 43394.60000 11.04200000 1416.21000 164.61000 27.96900 115.39900
22 2 21 17 12 43398.80000 11.01500000 1416.88000 163.96000 27.96400 115.40700
22 2 21 17 13 43311.30000 10.94900000 1414.13000 163.65000 27.96400 115.23600
22 2 21 17 13 43235.00000 10.90000000 1410.01000 163.36000 27.96400 115.00000
22 2 21 17 14 43124.10000 10.90000000 1408.59000 163.30000 27.88200 114.30000
22 2 21 17 14 43239.50000 10.90000000 1411.28000 163.12000 27.88200 114.53700
22 2 21 17 15 43210.70000 10.90000000 1410.69000 163.90000 27.88200 114.63400
22 2 21 17 15 43418.60000 10.77400000 1416.82000 164.47000 27.88200 115.32500
22 2 21 17 15 43397.20000 10.77400000 1418.36000 164.38000 27.88200 115.44800
22 2 21 17 16 43353.40000 10.77400000 1416.20000 164.40000 27.88200 115.47500
22 2 21 17 16 43375.50000 10.97700000 1417.87000 164.80000 27.88200 115.63200
22 2 21 17 17 43448.80000 10.97700000 1418.89000 164.56000 27.88200 115.75000
22 2 21 17 17 43546.60000 10.97700000 1421.89000 165.16000 27.88200 116.00900
22 2 21 17 18 43612.00000 11.00800000 1422.73000 165.74000 27.88200 116.00900
22 2 21 17 18 43579.60000 11.06800000 1421.03000 165.87000 27.88200 116.12700
22 2 21 17 18 43500.10000 11.06800000 1419.00000 165.45000 27.88200 116.12700
22 2 21 17 19 43541.80000 11.05300000 1420.08000 165.18000 27.50300 115.75600
22 2 21 17 19 43375.40000 11.00800000 1413.97000 164.29000 27.50300 114.84700
22 2 21 17 20 43409.30000 11.00800000 1415.42000 164.82000 27.50300 115.34700
22 2 21 17 20 43383.60000 11.00800000 1414.95000 164.78000 27.50300 115.34700
22 2 21 17 21 43473.70000 11.00800000 1418.99000 165.20000 27.50300 115.41000
22 2 21 17 21 43499.90000 11.00800000 1419.51000 165.66000 27.50300 115.41000
22 2 21 17 21 43533.70000 11.10100000 1420.91000 165.75000 27.50300 115.41000
22 2 21 17 22 43475.20000 11.10100000 1418.64000 165.69000 27.50300 116.13100
22 2 21 17 22 43500.00000 11.10100000 1419.37000 165.82000 27.50300 116.11000
22 2 21 17 23 43492.20000 11.06700000 1417.87000 165.67000 27.50300 116.11000
22 2 21 17 23 43481.90000 11.06700000 1417.35000 165.72000 27.50300 116.11000
22 2 21 17 24 43480.90000 11.06700000 1416.68000 165.67000 27.50300 116.11000
22 2 21 17 24 43533.00000 11.06700000 1418.96000 165.76000 27.50300 116.11000
22 2 21 17 24 43573.80000 11.06700000 1418.11000 165.90000 27.50300 116.11000
22 2 21 17 25 43651.80000 11.06700000 1422.54000 166.20000 27.50300 116.11000
22 2 21 17 25 43688.50000 11.06700000 1423.82000 166.46000 27.50300 116.11000
22 2 21 17 26 43700.00000 11.02700000 1424.94000 166.45000 27.50300 116.11000
22 2 21 17 26 43755.90000 11.02700000 1426.12000 166.72000 27.50300 116.11000
22 2 21 17 27 43730.40000 11.02700000 1424.00000 166.55000 27.50300 116.11000
22 2 21 17 27 43701.00000 11.02700000 1424.68000 166.34000 27.50300 116.11000
22 2 21 17 27 43700.00000 11.03700000 1423.00000 166.31000 27.50300 116.11000
22 2 21 17 28 43631.40000 11.03700000 1421.01000 165.71000 27.50300 116.11000
22 2 21 17 28 43672.40000 11.03700000 1421.86000 166.03000 27.50300 116.11000
22 2 21 17 29 43678.70000 11.03700000 1420.01000 165.95000 27.50300 116.11000
22 2 21 17 29 43669.00000 11.03700000 1421.43000 166.18000 27.50300 116.11000
22 2 21 17 30 43670.10000 11.06000000 1419.76000 165.95000 27.50300 115.76500
22 2 21 17 30 43721.90000 11.06000000 1422.38000 166.20000 27.50300 116.03000
22 2 21 17 30 43720.90000 11.06000000 1420.70000 166.43000 27.50100 116.03000
22 2 21 17 31 43686.00000 11.14500000 1418.20000 166.35000 27.50100 116.37600
22 2 21 17 31 43655.30000 11.02900000 1417.46000 166.20000 27.50100 116.37600
22 2 21 17 32 43633.40000 11.02900000 1416.08000 165.92000 28.12100 115.55100
22 2 21 17 32 43649.60000 11.11700000 1416.07000 165.96000 28.12100 115.55100
22 2 21 17 33 43638.30000 11.11700000 1415.34000 165.91000 28.12100 115.55100
22 2 21 17 33 43623.50000 11.11700000 1413.87000 165.71000 28.12100 115.55100
22 2 21 17 33 43564.00000 11.11700000 1414.51000 165.47000 28.12100 115.55100
22 2 21 17 34 43527.10000 11.11700000 1412.40000 165.30000 28.12100 115.55100
22 2 21 17 34 43573.50000 10.99300000 1411.00000 165.30000 28.12100 115.26700
22 2 21 17 35 43511.20000 10.99300000 1410.16000 165.21000 28.12100 115.09900
22 2 21 17 35 43478.50000 11.02700000 1409.53000 164.82000 27.50100 115.00000
22 2 21 17 36 43450.10000 11.02700000 1408.61000 164.78000 27.50100 114.68000
22 2 21 17 36 43510.10000 11.02700000 1411.98000 165.34000 27.50100 114.86000
