M=[
 1 4 21 12 31 49956.80000 11.78100000 1636.90000 166.72000 33.01800 133.55200
 1 4 21 12 31 49956.80000 11.78100000 1636.01000 166.72000 33.01800 133.55200
 1 4 21 12 32 49956.80000 11.78100000 1635.65000 166.72000 33.01800 133.55200
 1 4 21 12 32 49956.80000 11.79800000 1635.65000 166.59000 33.01800 133.55200
 1 4 21 12 33 49906.50000 11.79800000 1635.01000 166.47000 33.01800 133.55200
 1 4 21 12 33 49900.00000 11.79800000 1633.53000 166.47000 33.01800 133.55200
 1 4 21 12 33 49906.90000 11.79800000 1634.07000 166.47000 33.01800 133.55200
 1 4 21 12 34 49909.70000 11.79800000 1634.79000 166.47000 33.01800 133.50200
 1 4 21 12 34 49928.40000 11.79800000 1635.00000 166.69000 33.01800 133.50200
 1 4 21 12 35 49923.30000 11.80400000 1634.99000 166.69000 33.01800 133.50200
 1 4 21 12 35 49914.40000 11.80400000 1635.00000 166.48000 33.01800 133.50200
 1 4 21 12 36 49915.00000 11.80400000 1635.00000 166.42000 33.01800 133.50200
 1 4 21 12 36 49914.40000 11.80400000 1634.99000 166.42000 33.01800 133.87600
 1 4 21 12 36 49900.10000 11.80400000 1633.80000 166.36000 33.01800 133.94800
 1 4 21 12 37 49900.10000 11.80400000 1633.95000 166.36000 33.26900 134.20800
 1 4 21 12 37 49900.10000 11.80400000 1634.56000 166.36000 33.26900 134.20800
 1 4 21 12 38 49905.20000 11.79400000 1634.17000 166.45000 33.26900 134.20800
 1 4 21 12 38 49915.60000 11.79300000 1634.16000 166.44000 33.26900 134.51500
 1 4 21 12 39 49923.10000 11.79300000 1634.16000 166.47000 33.26900 134.51500
 1 4 21 12 39 49928.30000 11.79300000 1634.57000 166.44000 33.26900 134.51500
 1 4 21 12 39 49903.70000 11.79300000 1634.32000 166.34000 33.26900 134.51500
 1 4 21 12 40 49900.10000 11.79300000 1634.01000 166.38000 33.26900 134.32600
 1 4 21 12 40 49900.10000 11.79300000 1634.02000 166.28000 33.26900 134.32600
 1 4 21 12 41 49900.00000 11.79300000 1634.30000 166.28000 33.26900 134.32600
 1 4 21 12 41 49926.40000 11.79300000 1634.39000 166.32000 33.26900 134.32600
 1 4 21 12 42 49923.60000 11.79300000 1634.80000 166.36000 33.26900 134.48300
 1 4 21 12 42 49939.90000 11.79300000 1634.86000 166.27000 33.26900 134.48300
 1 4 21 12 42 49933.40000 11.79300000 1635.49000 166.27000 33.26900 134.48300
 1 4 21 12 43 49922.40000 11.79300000 1634.54000 166.27000 33.26900 134.48300
 1 4 21 12 43 49850.10000 11.76000000 1634.01000 166.27000 33.27100 134.53000
 1 4 21 12 44 49845.50000 11.74300000 1634.01000 166.27000 33.27100 134.37600
 1 4 21 12 44 49831.20000 11.74300000 1633.21000 166.20000 33.27100 134.37600
 1 4 21 12 45 49829.00000 11.74300000 1632.01000 166.14000 33.27100 134.37000
 1 4 21 12 45 49820.20000 11.69100000 1632.00000 166.14000 33.27100 134.37000
 1 4 21 12 45 49838.00000 11.69100000 1632.20000 166.14000 33.27100 134.37000
 1 4 21 12 46 49872.60000 11.69100000 1632.51000 166.23000 33.09800 134.37000
 1 4 21 12 46 49887.20000 11.71000000 1633.54000 166.32000 33.09800 134.37000
 1 4 21 12 47 49887.30000 11.71000000 1635.22000 166.46000 33.28300 134.37000
 1 4 21 12 47 49914.70000 11.71000000 1634.85000 166.57000 33.28300 134.37000
 1 4 21 12 48 49932.50000 11.71000000 1635.70000 166.57000 33.37700 134.37000
 1 4 21 12 48 49953.00000 11.71000000 1636.21000 166.80000 33.37700 134.37000
 1 4 21 12 48 49956.90000 11.71000000 1637.01000 166.85000 33.34500 134.37000
 1 4 21 12 49 49950.10000 11.71000000 1636.39000 166.83000 33.34500 134.72100
 1 4 21 12 49 49950.10000 11.71000000 1636.39000 166.92000 33.34500 134.72100
 1 4 21 12 50 49962.10000 11.71000000 1637.19000 166.92000 33.40700 135.04000
 1 4 21 12 50 49979.60000 11.71000000 1637.56000 167.05000 33.51400 135.04000
 1 4 21 12 51 49979.60000 11.71000000 1638.17000 167.05000 33.51400 135.05200
 1 4 21 12 51 49972.00000 11.71000000 1638.17000 167.05000 33.51400 135.19300
 1 4 21 12 51 49979.60000 11.71000000 1638.22000 167.05000 33.51400 135.19300
 1 4 21 12 52 49978.80000 11.71000000 1637.27000 166.83000 33.51800 135.19300
 1 4 21 12 52 49972.10000 11.71000000 1637.28000 166.79000 33.51800 135.19300
 1 4 21 12 53 49972.10000 11.71000000 1636.36000 166.71000 33.51800 135.19300
 1 4 21 12 53 49972.10000 11.71000000 1636.29000 166.71000 33.43600 135.19300
 1 4 21 12 54 49972.10000 11.71000000 1635.81000 166.61000 33.43600 135.19300
 1 4 21 12 54 49972.20000 11.71000000 1636.56000 166.63000 33.43600 135.19300
 1 4 21 12 54 49972.20000 11.71000000 1636.60000 166.71000 33.43600 135.19300
 1 4 21 12 55 49972.10000 11.71000000 1636.80000 166.72000 33.43600 135.19300
 1 4 21 12 55 49973.60000 11.73000000 1636.37000 166.66000 33.43600 135.02800
 1 4 21 12 56 49972.10000 11.74600000 1635.46000 166.61000 33.43600 135.02800
 1 4 21 12 56 49972.10000 11.74600000 1635.09000 166.40000 33.43600 135.02800
 1 4 21 12 57 49972.00000 11.74600000 1635.09000 166.41000 33.43600 135.02800
 1 4 21 12 57 49972.10000 11.74600000 1634.24000 166.41000 33.43600 135.02800
 1 4 21 12 57 49979.60000 11.74600000 1635.95000 166.60000 33.43600 135.28700
 1 4 21 12 58 49979.60000 11.76500000 1636.75000 166.64000 33.43600 135.35100
 1 4 21 12 58 49979.50000 11.76500000 1637.64000 166.64000 33.43600 135.35100
 1 4 21 12 59 49979.60000 11.76500000 1637.37000 166.65000 33.43600 135.35100
 1 4 21 12 59 49979.60000 11.76500000 1636.37000 166.65000 33.43600 135.35100
 1 4 21 13 00 49984.00000 11.76500000 1636.48000 166.65000 33.43600 135.35100
 1 4 21 13 00 49992.00000 11.76500000 1636.33000 166.66000 33.43600 135.09300
 1 4 21 13 00 49999.00000 11.76500000 1636.60000 166.66000 33.43600 135.18100
 1 4 21 13 01 49999.00000 11.76500000 1636.25000 166.70000 33.43600 135.18100
 1 4 21 13 01 49999.00000 11.76500000 1636.25000 166.70000 33.43600 135.18100
 1 4 21 13 02 49999.00000 11.77800000 1636.63000 166.70000 33.52500 135.18100
 1 4 21 13 02 49999.00000 11.77800000 1636.42000 166.70000 33.52500 135.18100
 1 4 21 13 03 49999.00000 11.77800000 1636.63000 166.70000 33.52500 135.18100
 1 4 21 13 03 50099.10000 11.77800000 1639.09000 166.70000 33.52500 135.18100
 1 4 21 13 03 50107.10000 11.77800000 1640.00000 166.70000 33.52500 135.00300
 1 4 21 13 04 50107.00000 11.77800000 1639.99000 166.70000 33.52500 135.00300
 1 4 21 13 04 50107.00000 11.77800000 1639.24000 166.70000 33.52500 135.00300
 1 4 21 13 05 50107.00000 11.77800000 1639.24000 166.70000 33.52500 135.00300
 1 4 21 13 05 50107.00000 11.80000000 1639.32000 166.70000 33.52500 135.00300
 1 4 21 13 06 50115.70000 11.80000000 1641.62000 167.05000 33.52500 135.00300
 1 4 21 13 06 50132.80000 11.80000000 1641.61000 167.05000 33.52500 135.00300
 1 4 21 13 06 50133.00000 11.80000000 1643.47000 167.03000 33.52500 135.00300
 1 4 21 13 07 50167.20000 11.81600000 1646.44000 167.31000 33.52500 135.00300
 1 4 21 13 07 50207.00000 11.81600000 1646.41000 167.31000 33.55600 135.00300
 1 4 21 13 08 50206.90000 11.81600000 1645.13000 167.31000 33.32300 135.16800
 1 4 21 13 08 50207.00000 11.78400000 1644.62000 167.24000 33.34500 135.16800
 1 4 21 13 09 50206.90000 11.78400000 1645.22000 167.24000 33.34500 135.82000
 1 4 21 13 09 50207.00000 11.78400000 1645.01000 167.24000 33.34500 135.69100
 1 4 21 13 09 50199.10000 11.78400000 1645.01000 167.50000 33.34500 135.69100
 1 4 21 13 10 50188.40000 11.78400000 1644.48000 167.50000 33.34500 135.71200
 1 4 21 13 10 50204.10000 11.78400000 1644.46000 167.50000 33.34500 135.71200
 1 4 21 13 11 50188.50000 11.78400000 1644.47000 167.52000 33.34500 135.71200
 1 4 21 13 11 50169.00000 11.78400000 1644.46000 167.52000 33.34500 135.71200
 1 4 21 13 12 50167.20000 11.78400000 1641.81000 167.52000 33.34500 135.71200
 1 4 21 13 12 50167.20000 11.78400000 1642.38000 167.52000 33.34500 135.71200
 1 4 21 13 12 50165.10000 11.81700000 1642.19000 167.52000 33.34500 135.71200
 1 4 21 13 13 50163.00000 11.81700000 1642.78000 167.52000 33.34500 135.95600
 1 4 21 13 13 50128.00000 11.81700000 1641.98000 167.29000 33.34500 135.95600
 1 4 21 13 14 50128.00000 11.81700000 1641.73000 167.22000 33.34500 135.95600
 1 4 21 13 14 50128.00000 11.81700000 1641.42000 167.22000 33.34500 135.94600
