M=[
17 5 21 16 18 35364.10000 70.97700000 2683.07000 223.31000 29.40600 190.21400
17 5 21 16 18 35359.50000 70.97700000 2680.82000 223.71000 29.40600 189.22500
17 5 21 16 18 35315.20000 70.87200000 2675.67000 223.20000 29.40600 189.22500
17 5 21 16 19 35389.40000 70.81000000 2684.40000 223.48000 29.22000 189.60200
17 5 21 16 19 35357.30000 70.81000000 2681.47000 223.78000 29.22000 190.17400
17 5 21 16 20 35456.70000 71.37900000 2689.80000 224.23000 29.22000 190.17400
17 5 21 16 20 35554.20000 71.53300000 2694.40000 224.90000 29.22000 190.17400
17 5 21 16 21 35579.80000 71.64800000 2695.60000 225.72000 29.22000 190.94500
17 5 21 16 21 35529.00000 71.64800000 2693.84000 225.02000 29.41800 190.94500
17 5 21 16 21 35572.50000 72.03000000 2696.15000 225.94000 29.41800 190.94500
17 5 21 16 22 35562.80000 72.03000000 2698.73000 225.54000 29.19300 191.60100
17 5 21 16 22 35590.00000 72.03000000 2703.60000 226.13000 29.19300 191.60100
17 5 21 16 23 35658.40000 72.20900000 2705.34000 226.57000 29.40800 192.07300
17 5 21 16 23 35709.30000 72.20900000 2713.79000 226.73000 29.40800 191.94600
17 5 21 16 24 35662.40000 72.41900000 2714.05000 226.80000 29.40800 191.74900
17 5 21 16 24 35663.90000 72.41900000 2714.64000 226.85000 29.40800 191.39800
17 5 21 16 25 35731.00000 72.48800000 2724.10000 227.21000 29.40800 191.39800
17 5 21 16 25 35677.10000 72.49000000 2715.03000 226.84000 29.40300 191.39800
17 5 21 16 25 35654.70000 72.49000000 2716.45000 226.68000 29.40300 191.51300
17 5 21 16 26 35663.20000 72.49000000 2717.46000 227.06000 29.40300 191.88400
17 5 21 16 26 35614.90000 72.49000000 2706.71000 226.13000 29.40300 191.88400
17 5 21 16 27 35612.30000 72.09500000 2712.36000 226.13000 29.40300 191.88400
17 5 21 16 27 35704.70000 72.09500000 2719.06000 227.35000 29.35500 191.88400
17 5 21 16 28 35693.30000 72.28600000 2716.21000 227.02000 29.35500 192.14900
17 5 21 16 28 35671.50000 72.19400000 2711.45000 227.00000 29.35500 192.14900
17 5 21 16 28 35678.70000 72.19400000 2710.70000 226.75000 29.35500 192.16600
17 5 21 16 29 35698.20000 72.19400000 2713.54000 226.72000 29.39300 192.16600
17 5 21 16 29 35814.20000 72.60000000 2722.02000 227.82000 29.39300 192.59500
17 5 21 16 30 35819.50000 72.75800000 2724.55000 227.75000 29.39300 193.04100
17 5 21 16 30 35808.70000 72.75800000 2720.54000 227.18000 29.39300 192.41300
17 5 21 16 31 35766.30000 72.75800000 2716.91000 227.06000 29.19200 192.41300
17 5 21 16 31 35734.20000 72.75800000 2716.07000 227.08000 29.38600 192.41300
17 5 21 16 31 35731.00000 72.75800000 2718.78000 226.72000 29.38600 192.41300
17 5 21 16 32 35702.20000 72.75800000 2709.63000 226.49000 29.38600 192.80700
17 5 21 16 32 35673.30000 72.75800000 2708.46000 226.42000 29.38600 192.80700
17 5 21 16 33 35652.00000 72.19000000 2707.44000 226.44000 29.16400 192.80700
17 5 21 16 33 35621.00000 71.83200000 2699.36000 225.83000 29.30600 192.60000
17 5 21 16 34 35560.50000 71.83200000 2694.17000 225.24000 29.13500 192.60000
17 5 21 16 34 35632.80000 71.97600000 2699.11000 225.01000 29.26400 192.60000
17 5 21 16 34 35530.80000 71.75900000 2686.97000 224.81000 29.10700 191.38500
17 5 21 16 35 35497.10000 71.75900000 2687.11000 224.62000 29.23400 191.38500
17 5 21 16 35 35515.30000 71.75900000 2696.94000 225.63000 29.23400 191.11000
17 5 21 16 36 35521.10000 71.71400000 2691.41000 225.20000 29.10700 191.11000
17 5 21 16 36 35491.70000 71.71400000 2686.13000 224.70000 29.08100 191.07300
17 5 21 16 37 35479.70000 71.71400000 2689.25000 224.62000 29.08100 191.07300
17 5 21 16 37 35438.20000 71.71400000 2684.41000 224.21000 29.23400 191.07300
17 5 21 16 37 35429.70000 71.72100000 2679.75000 224.71000 29.23400 191.07300
17 5 21 16 38 35458.20000 71.72100000 2685.66000 224.74000 29.23400 191.07300
17 5 21 16 38 35548.30000 71.72100000 2694.76000 225.00000 29.23400 191.07300
17 5 21 16 39 35544.00000 71.72100000 2694.42000 225.56000 29.23400 191.07300
17 5 21 16 39 35455.10000 71.72100000 2687.78000 224.92000 29.23400 191.07300
17 5 21 16 40 35445.20000 71.72100000 2682.41000 224.84000 29.23400 191.07300
17 5 21 16 40 35429.70000 71.72100000 2681.42000 224.54000 29.23400 191.44600
17 5 21 16 40 35411.80000 71.72100000 2684.99000 224.68000 29.23400 191.44600
17 5 21 16 41 35404.10000 71.89300000 2681.94000 224.26000 29.20900 191.44600
17 5 21 16 41 35360.30000 71.80000000 2680.90000 224.09000 29.20900 191.44600
17 5 21 16 42 35404.00000 71.97400000 2683.05000 224.69000 29.20900 191.44600
17 5 21 16 42 35437.00000 71.82700000 2681.89000 224.64000 29.19100 191.44600
17 5 21 16 43 35543.90000 72.36300000 2690.01000 225.29000 29.23400 191.44600
17 5 21 16 43 35485.40000 72.01300000 2685.22000 225.15000 29.23400 191.44600
17 5 21 16 43 35485.30000 72.07000000 2687.92000 224.84000 29.23400 191.44600
17 5 21 16 44 35400.10000 72.09700000 2679.92000 224.17000 29.07900 191.88100
17 5 21 16 44 35359.60000 71.78600000 2677.52000 223.99000 29.07900 191.88100
17 5 21 16 45 35444.80000 71.78600000 2683.89000 224.20000 29.07900 191.88100
17 5 21 16 45 35525.00000 72.26500000 2693.15000 225.42000 29.23400 191.79700
17 5 21 16 46 35536.40000 72.28700000 2692.71000 225.37000 29.23400 191.79700
17 5 21 16 46 35428.70000 72.17700000 2681.36000 224.56000 29.23400 191.39900
17 5 21 16 46 35393.30000 72.17700000 2679.12000 224.13000 29.23400 191.39900
17 5 21 16 47 35385.40000 72.12000000 2673.72000 224.05000 28.96400 191.39900
17 5 21 16 47 35368.30000 71.85300000 2672.87000 223.74000 28.96300 191.39900
17 5 21 16 48 35303.10000 71.73700000 2664.47000 223.06000 28.91700 190.05000
17 5 21 16 48 35303.20000 71.61600000 2663.99000 223.21000 28.91700 190.00000
17 5 21 16 49 35151.30000 71.50000000 2657.91000 222.00000 28.91200 189.77400
17 5 21 16 49 35224.00000 71.28900000 2659.59000 222.10000 28.91200 190.03100
17 5 21 16 49 35210.00000 71.28900000 2657.21000 221.82000 28.76500 190.03100
17 5 21 16 50 35123.50000 71.28900000 2652.20000 221.59000 28.55600 190.03100
17 5 21 16 50 35100.20000 70.98800000 2653.58000 221.20000 28.71000 188.94500
17 5 21 16 51 35209.90000 70.98800000 2663.36000 221.52000 28.70400 188.94500
17 5 21 16 51 35356.20000 71.36400000 2670.46000 222.65000 28.70400 188.94500
17 5 21 16 52 35300.00000 71.36400000 2669.00000 222.63000 28.70400 190.27400
17 5 21 16 52 35324.50000 71.63500000 2671.08000 222.62000 28.70400 191.39000
17 5 21 16 52 35188.10000 71.63500000 2662.41000 221.95000 28.57200 191.39000
17 5 21 16 53 35063.20000 71.27100000 2653.58000 221.04000 28.55800 190.29800
17 5 21 16 53 35085.60000 71.27100000 2652.69000 220.84000 28.55800 190.29800
17 5 21 16 54 35139.50000 71.20900000 2651.25000 221.36000 28.28200 190.29800
17 5 21 16 54 35185.70000 71.20900000 2655.98000 221.42000 28.66500 190.29800
17 5 21 16 55 35188.20000 71.15400000 2653.99000 222.01000 28.52100 190.29800
17 5 21 16 55 35098.00000 71.15400000 2646.77000 221.54000 28.54800 190.29800
17 5 21 16 55 35119.70000 70.83200000 2644.93000 221.16000 28.54800 190.29800
17 5 21 16 56 35058.10000 70.83200000 2641.60000 220.54000 28.54800 189.65900
17 5 21 16 56 35032.90000 70.83200000 2637.64000 220.50000 28.52000 189.91000
17 5 21 16 57 35050.00000 71.04500000 2643.66000 220.54000 28.52000 189.91000
17 5 21 16 57 35039.90000 70.84600000 2638.92000 220.67000 28.52100 189.91000
17 5 21 16 58 35022.90000 70.89100000 2635.29000 220.40000 28.52100 189.25900
17 5 21 16 58 35050.00000 71.26200000 2643.73000 221.04000 28.40000 189.24900
17 5 21 16 58 35093.20000 71.39100000 2646.63000 221.24000 28.40000 189.70800
17 5 21 16 59 35017.10000 71.39100000 2636.02000 220.22000 28.40000 189.32200
17 5 21 16 59 34966.70000 71.39100000 2633.86000 220.01000 28.49300 189.32200
17 5 21 17 00 34995.10000 71.39100000 2637.92000 220.42000 28.49300 189.13100
17 5 21 17 00 35073.00000 71.17100000 2643.63000 220.93000 28.66300 189.99500
17 5 21 17 01 34965.60000 71.02000000 2634.01000 220.32000 28.66300 189.99500
17 5 21 17 01 34944.00000 70.79400000 2631.44000 220.31000 28.66700 189.99500
