M=[
 6 6 21 01 30 29665.70000 52.42800000 2193.87000 144.46000 23.16200 128.54100
 6 6 21 01 31 29762.10000 52.42800000 2195.86000 144.46000 23.16200 128.54100
 6 6 21 01 31 29765.80000 52.42800000 2195.86000 144.63000 23.16200 128.54100
 6 6 21 01 32 29737.90000 52.42800000 2198.07000 144.63000 23.16200 128.54100
 6 6 21 01 32 29735.50000 52.42800000 2196.83000 144.63000 23.16200 128.54100
 6 6 21 01 32 29731.10000 52.42800000 2196.63000 144.63000 23.16200 128.54100
 6 6 21 01 33 29714.80000 52.42800000 2196.63000 144.63000 23.16200 128.54100
 6 6 21 01 33 29693.50000 52.42800000 2194.09000 144.63000 23.16200 128.54100
 6 6 21 01 34 29689.40000 52.42800000 2194.78000 144.38000 23.16200 128.54100
 6 6 21 01 34 29672.80000 52.42800000 2194.69000 144.38000 23.16200 128.54100
 6 6 21 01 35 29672.80000 52.42800000 2196.41000 144.38000 23.16200 128.54100
 6 6 21 01 35 29739.30000 52.42800000 2200.69000 144.59000 23.16200 128.54100
 6 6 21 01 35 29717.10000 52.42800000 2200.69000 144.59000 23.16200 128.54100
 6 6 21 01 36 29685.30000 52.42800000 2200.69000 144.59000 23.16200 128.54100
 6 6 21 01 36 29681.70000 52.42800000 2200.69000 144.59000 23.16200 128.54100
 6 6 21 01 37 29681.40000 52.42800000 2200.69000 144.36000 23.16200 128.54100
 6 6 21 01 37 29681.40000 52.42800000 2200.69000 144.36000 23.16200 128.54100
 6 6 21 01 38 29681.40000 52.42800000 2200.69000 144.36000 23.16200 128.54100
 6 6 21 01 38 29719.40000 52.42800000 2200.04000 144.36000 23.16200 128.54100
 6 6 21 01 38 29699.10000 52.42800000 2200.04000 144.36000 23.16200 128.54100
 6 6 21 01 39 29711.80000 52.42800000 2198.58000 144.46000 23.16200 128.54100
 6 6 21 01 39 29699.00000 52.42800000 2198.23000 144.46000 23.16200 128.54100
 6 6 21 01 40 29699.10000 52.42800000 2195.94000 144.46000 23.16200 128.54100
 6 6 21 01 40 29699.10000 52.42800000 2197.16000 144.46000 23.16200 128.54100
 6 6 21 01 41 29699.70000 52.42800000 2197.16000 144.46000 23.16200 128.54100
 6 6 21 01 41 29699.70000 52.42800000 2197.16000 144.46000 23.16200 128.54100
 6 6 21 01 42 29673.50000 52.42800000 2197.16000 144.46000 23.16200 128.54100
 6 6 21 01 42 29679.80000 52.42800000 2195.93000 144.45000 23.16200 128.54100
 6 6 21 01 42 29710.10000 52.42800000 2195.93000 144.45000 23.16200 128.54100
 6 6 21 01 43 29710.10000 52.42800000 2197.18000 144.80000 23.16200 128.54100
 6 6 21 01 43 29710.10000 52.42800000 2197.18000 144.73000 23.16200 128.54100
 6 6 21 01 44 29710.10000 52.42800000 2195.48000 144.73000 23.16200 128.54100
 6 6 21 01 44 29710.80000 52.42800000 2195.48000 144.73000 23.16200 128.54100
 6 6 21 01 45 29749.90000 52.42800000 2195.48000 144.73000 23.16200 128.54100
 6 6 21 01 45 29747.40000 52.42800000 2195.82000 144.73000 23.16200 128.54100
 6 6 21 01 45 29747.50000 52.42800000 2197.46000 144.73000 23.16200 128.54100
 6 6 21 01 46 29718.80000 52.42800000 2198.38000 144.73000 23.16200 128.54100
 6 6 21 01 46 29734.30000 52.42800000 2198.38000 144.73000 23.16200 128.54100
 6 6 21 01 47 29707.90000 52.42800000 2198.61000 144.73000 23.16200 128.54100
 6 6 21 01 47 29699.40000 52.42800000 2198.61000 144.73000 23.16200 128.54100
 6 6 21 01 48 29683.80000 52.42800000 2198.02000 144.73000 23.16200 128.54100
 6 6 21 01 48 29683.80000 52.42800000 2198.02000 144.69000 23.16200 128.54100
 6 6 21 01 48 29683.80000 52.42800000 2198.02000 144.69000 23.16200 128.54100
 6 6 21 01 49 29701.40000 52.42800000 2199.53000 144.69000 23.16200 128.54100
 6 6 21 01 49 29701.30000 52.42800000 2199.53000 144.69000 23.16200 128.54100
 6 6 21 01 50 29719.00000 52.38600000 2199.53000 144.69000 23.16200 128.54100
 6 6 21 01 50 29718.90000 52.38600000 2199.53000 144.69000 23.16200 128.54100
 6 6 21 01 51 29718.90000 52.38600000 2199.53000 144.69000 23.16200 128.54100
 6 6 21 01 51 29701.40000 52.41900000 2199.53000 144.69000 23.16200 128.54100
 6 6 21 01 51 29701.30000 52.41900000 2199.53000 144.60000 23.16200 128.54100
 6 6 21 01 52 29688.10000 52.36400000 2199.53000 144.69000 23.16200 128.54100
 6 6 21 01 52 29689.10000 52.36400000 2200.15000 144.69000 23.16200 128.54100
 6 6 21 01 53 29697.50000 52.36400000 2198.92000 144.69000 23.16200 128.54100
 6 6 21 01 53 29711.60000 52.36400000 2198.92000 144.69000 23.16200 128.54100
 6 6 21 01 54 29711.60000 52.36400000 2198.92000 144.70000 23.16200 128.54100
 6 6 21 01 54 29697.30000 52.36400000 2198.92000 144.70000 23.16200 128.54100
 6 6 21 01 54 29697.30000 52.36400000 2200.72000 144.70000 23.16200 128.54100
 6 6 21 01 55 29708.30000 52.36400000 2203.05000 144.70000 23.16200 128.54100
 6 6 21 01 55 29692.80000 52.36400000 2202.16000 144.70000 23.16200 128.54100
 6 6 21 01 56 29692.80000 52.36400000 2200.81000 144.70000 23.16200 128.54100
 6 6 21 01 56 29702.60000 52.36400000 2201.93000 144.70000 23.16200 128.54100
 6 6 21 01 57 29702.50000 52.36400000 2201.52000 144.70000 23.16200 128.54100
 6 6 21 01 57 29702.60000 52.36400000 2201.49000 144.70000 23.16200 128.54100
 6 6 21 01 57 29702.60000 52.36400000 2201.49000 144.70000 23.16200 128.54100
 6 6 21 01 58 29702.60000 52.36400000 2201.49000 144.70000 23.16200 128.54100
 6 6 21 01 58 29709.70000 52.36400000 2201.49000 144.70000 23.16200 128.54100
 6 6 21 01 59 29709.70000 52.36400000 2203.59000 144.86000 23.16200 128.54100
 6 6 21 01 59 29773.70000 52.50200000 2209.48000 145.15000 23.16200 128.54100
 6 6 21 02 00 29846.60000 52.50200000 2213.85000 145.51000 23.16200 128.60000
 6 6 21 02 00 29846.50000 52.50200000 2211.07000 145.51000 23.16200 128.60000
 6 6 21 02 00 29815.20000 52.50200000 2211.11000 145.51000 23.16200 128.60000
 6 6 21 02 01 29828.80000 52.50200000 2211.33000 145.02000 23.16200 128.60000
 6 6 21 02 01 29815.20000 52.50200000 2208.23000 145.02000 23.16200 128.60000
 6 6 21 02 02 29801.20000 52.50200000 2207.70000 144.71000 23.16200 128.60000
 6 6 21 02 02 29801.20000 52.50200000 2206.53000 144.69000 23.35400 128.60000
 6 6 21 02 03 29815.20000 52.50200000 2206.72000 144.69000 23.35400 128.60000
 6 6 21 02 03 29799.40000 52.50200000 2204.10000 144.69000 23.35400 128.60000
 6 6 21 02 03 29799.40000 52.50200000 2204.10000 144.69000 23.35400 128.60000
 6 6 21 02 04 29799.40000 52.50200000 2200.81000 144.67000 23.35400 128.60000
 6 6 21 02 04 29793.80000 52.50200000 2200.80000 144.73000 23.35400 128.60000
 6 6 21 02 05 29798.10000 52.50200000 2204.07000 144.73000 23.35400 128.20600
 6 6 21 02 05 29798.10000 52.50200000 2203.39000 144.88000 23.35400 128.20600
 6 6 21 02 06 29777.30000 52.50200000 2203.39000 144.88000 23.35400 128.20600
 6 6 21 02 06 29777.30000 52.50200000 2203.39000 144.88000 23.35400 128.20600
 6 6 21 02 06 29783.80000 52.50200000 2203.39000 144.88000 23.35400 128.20600
 6 6 21 02 07 29797.30000 52.50200000 2203.39000 144.88000 23.35400 128.20600
 6 6 21 02 07 29834.50000 52.50200000 2207.71000 145.12000 23.35400 128.20600
 6 6 21 02 08 29823.60000 52.50200000 2207.71000 145.12000 23.35400 128.20600
 6 6 21 02 08 29823.60000 52.50200000 2207.71000 145.04000 23.35400 128.20600
 6 6 21 02 09 29790.40000 52.50200000 2206.35000 145.04000 23.35400 128.20600
 6 6 21 02 09 29790.30000 52.50200000 2208.00000 145.04000 23.35400 128.20600
 6 6 21 02 09 29790.30000 52.50200000 2209.72000 145.04000 23.35400 128.20600
 6 6 21 02 10 29782.80000 52.50200000 2208.34000 145.04000 23.35400 128.20600
 6 6 21 02 10 29782.20000 52.50200000 2208.34000 145.04000 23.35400 128.20600
 6 6 21 02 11 29782.10000 52.50200000 2208.33000 145.04000 23.35400 128.20600
 6 6 21 02 11 29782.10000 52.50200000 2208.32000 145.04000 23.35400 128.20600
 6 6 21 02 12 29798.90000 52.50200000 2209.66000 145.04000 23.35400 128.19600
 6 6 21 02 12 29803.80000 52.50200000 2211.09000 145.04000 23.35400 128.19600
 6 6 21 02 13 29803.80000 52.50200000 2212.13000 145.04000 23.35400 128.19600
 6 6 21 02 13 29803.80000 52.50200000 2212.25000 145.04000 23.35400 128.19600
 6 6 21 02 13 29803.80000 52.50200000 2212.81000 145.04000 23.35400 128.19600
 6 6 21 02 14 29802.90000 52.50200000 2214.38000 145.04000 23.35400 128.19600
