M=[
17 5 20 18 44 8922.40000 6.16700000 189.81000 40.26000 11.70000 42.68000
17 5 20 18 44 8922.40000 6.16700000 189.81000 40.26000 11.70000 42.72000
17 5 20 18 45 8921.10000 6.16800000 189.70000 40.26000 11.70000 42.68000
17 5 20 18 46 8920.20000 6.16700000 189.81000 40.26000 11.70000 42.68000
17 5 20 18 47 8921.60000 6.16700000 189.86000 40.26000 11.70000 42.68000
17 5 20 18 47 8921.50000 6.16700000 189.88000 40.23000 11.70000 42.68000
17 5 20 18 48 8934.50000 6.16000000 190.07000 40.25000 11.70000 42.68000
17 5 20 18 49 8936.80000 6.15200000 190.20000 40.34000 11.70000 42.68000
17 5 20 18 50 8941.60000 6.15200000 190.30000 40.34000 11.70000 42.68000
17 5 20 18 50 8942.40000 6.15200000 190.30000 40.34000 11.70000 42.73300
17 5 20 18 51 8943.60000 6.16000000 190.45000 40.34000 11.70000 42.73300
17 5 20 18 51 8942.50000 6.15200000 190.45000 40.25000 11.70000 42.77000
17 5 20 18 52 8947.50000 6.15200000 190.50000 40.33000 11.70000 42.77000
17 5 20 18 53 8947.60000 6.15200000 190.50000 40.33000 11.70000 42.72000
17 5 20 18 53 8950.30000 6.15200000 190.50000 40.38000 11.70000 42.77000
17 5 20 18 54 8962.50000 6.16800000 190.61000 40.38000 11.70000 42.77000
17 5 20 18 55 8962.60000 6.16800000 190.73000 40.38000 11.70000 42.77000
17 5 20 18 55 8961.20000 6.16800000 190.65000 40.38000 11.70000 42.77000
17 5 20 18 56 8964.80000 6.16800000 190.65000 40.38000 11.70000 42.77000
17 5 20 18 56 8963.10000 6.16800000 190.76000 40.38000 11.70000 42.77000
17 5 20 18 57 8962.60000 6.14800000 190.73000 40.38000 11.70000 42.68000
17 5 20 18 57 8960.30000 6.16800000 190.74000 40.34000 11.76900 42.68000
17 5 20 18 58 8957.90000 6.16800000 190.65000 40.34000 11.76900 43.01600
17 5 20 18 59 8957.00000 6.16800000 190.66000 40.34000 11.76900 43.01600
17 5 20 18 59 8957.30000 6.16800000 190.66000 40.34000 11.76900 42.72000
17 5 20 19 00 8955.90000 6.16800000 190.66000 40.34000 11.76900 43.01600
17 5 20 19 01 8948.70000 6.16800000 190.63000 40.34000 11.76900 43.01600
17 5 20 19 01 8958.60000 6.16800000 190.63000 40.34000 11.76900 43.01600
17 5 20 19 02 8963.40000 6.16800000 190.63000 40.34000 11.76900 42.68000
17 5 20 19 03 8963.50000 6.16800000 190.69000 40.34000 11.76900 43.01600
17 5 20 19 03 8960.90000 6.16800000 190.73000 40.34000 11.76900 43.01600
17 5 20 19 04 8960.90000 6.16800000 190.69000 40.31000 11.76900 42.77000
17 5 20 19 04 8960.90000 6.16800000 190.63000 40.31000 11.76900 43.01600
17 5 20 19 05 8960.90000 6.16800000 190.55000 40.31000 11.76900 42.90000
17 5 20 19 05 8956.60000 6.16800000 190.49000 40.31000 11.76900 42.90000
17 5 20 19 06 8956.60000 6.16800000 190.57000 40.31000 11.76900 42.90000
17 5 20 19 06 8956.60000 6.16800000 190.62000 40.31000 11.76900 42.90000
17 5 20 19 07 8956.60000 6.16800000 190.63000 40.31000 11.76900 42.90000
17 5 20 19 07 8956.60000 6.16800000 190.58000 40.31000 11.76900 42.90000
17 5 20 19 08 8956.50000 6.16800000 190.59000 40.38000 11.76900 43.04500
17 5 20 19 09 8956.60000 6.16800000 190.59000 40.33000 11.75100 43.04500
17 5 20 19 09 8956.60000 6.16800000 190.59000 40.33000 11.76900 43.04500
17 5 20 19 10 8956.60000 6.16800000 190.58000 40.33000 11.75100 43.04500
17 5 20 19 11 8956.50000 6.16800000 190.56000 40.33000 11.75100 43.04500
17 5 20 19 11 8956.50000 6.16800000 190.48000 40.33000 11.75100 42.90000
17 5 20 19 12 8955.10000 6.16800000 190.49000 40.33000 11.75100 43.04500
17 5 20 19 13 8955.10000 6.16800000 190.41000 40.32000 11.75100 43.04500
17 5 20 19 13 8955.10000 6.16800000 190.41000 40.33000 11.75100 43.04500
17 5 20 19 14 8955.10000 6.16800000 190.49000 40.33000 11.75100 43.04500
17 5 20 19 15 8955.10000 6.16800000 190.47000 40.33000 11.75100 43.04500
17 5 20 19 15 8955.00000 6.16800000 190.43000 40.33000 11.79100 43.04500
17 5 20 19 16 8955.00000 6.16800000 190.46000 40.33000 11.75100 43.04500
17 5 20 19 16 8955.00000 6.16800000 190.50000 40.33000 11.75100 43.04500
17 5 20 19 17 8955.10000 6.16800000 190.50000 40.33000 11.75100 43.04500
17 5 20 19 17 8955.10000 6.16800000 190.50000 40.33000 11.75100 43.04500
17 5 20 19 18 8955.00000 6.16800000 190.32000 40.31000 11.75100 42.90000
17 5 20 19 18 8950.10000 6.16800000 190.32000 40.33000 11.75100 43.04500
17 5 20 19 19 8950.10000 6.16800000 190.30000 40.33000 11.75100 42.90200
17 5 20 19 19 8950.00000 6.16800000 190.22000 40.31000 11.75100 42.78100
17 5 20 19 21 8950.10000 6.16800000 190.27000 40.27000 11.75100 42.90200
17 5 20 19 22 8950.10000 6.16100000 190.22000 40.27000 11.75100 42.78100
17 5 20 19 22 8950.20000 6.16100000 190.27000 40.27000 11.75100 42.88000
17 5 20 19 23 8950.10000 6.16100000 190.32000 40.33000 11.76900 42.88000
17 5 20 19 24 8954.40000 6.16100000 190.32000 40.33000 11.80000 42.88000
17 5 20 19 25 8960.00000 6.16800000 190.50000 40.30000 11.80000 42.85600
17 5 20 19 25 8967.40000 6.16100000 190.59000 40.33000 11.80000 42.85600
17 5 20 19 26 8972.80000 6.16100000 190.57000 40.33000 11.80000 42.90400
17 5 20 19 28 8975.70000 6.16100000 190.67000 40.36000 11.80000 42.91500
17 5 20 19 28 8974.20000 6.16600000 190.69000 40.36000 11.80000 43.07700
17 5 20 19 29 8974.10000 6.16800000 190.69000 40.40000 11.80000 43.07700
17 5 20 19 30 8974.10000 6.16800000 190.65000 40.40000 11.80000 43.07700
17 5 20 19 31 8974.20000 6.16800000 190.65000 40.38000 11.80000 43.07700
17 5 20 19 31 8974.20000 6.16800000 190.55000 40.38000 11.80000 43.07700
17 5 20 19 32 8977.00000 6.16800000 190.55000 40.38000 11.80000 42.91500
17 5 20 19 32 8992.10000 6.16800000 190.78000 40.38000 11.80000 43.07700
17 5 20 19 33 8992.10000 6.16800000 190.78000 40.38000 11.80000 43.07500
17 5 20 19 34 8996.90000 6.16800000 190.96000 40.39000 11.83000 43.07500
17 5 20 19 34 8998.90000 6.16800000 191.09000 40.43000 11.80900 43.07500
17 5 20 19 35 8998.90000 6.16800000 191.04000 40.43000 11.80900 43.07500
17 5 20 19 36 9000.00000 6.16800000 190.97000 40.43000 11.80900 43.07500
17 5 20 19 36 8999.90000 6.16800000 191.04000 40.43000 11.81400 43.07500
17 5 20 19 37 8999.90000 6.16800000 191.00000 40.43000 11.81400 43.07500
17 5 20 19 38 9003.40000 6.16800000 191.00000 40.43000 11.81400 43.07500
17 5 20 19 39 9002.20000 6.16800000 191.00000 40.43000 11.81400 43.07500
17 5 20 19 40 8996.50000 6.16800000 190.90000 40.43000 11.81400 43.07500
17 5 20 19 40 8995.10000 6.16800000 190.85000 40.43000 11.81400 43.07500
17 5 20 19 41 8995.50000 6.16800000 190.88000 40.43000 11.81400 43.07500
17 5 20 19 41 9000.60000 6.16800000 190.84000 40.37000 11.85000 43.07500
17 5 20 19 42 8999.30000 6.16800000 190.86000 40.38000 11.85000 43.07500
17 5 20 19 42 8995.60000 6.16800000 190.79000 40.38000 11.85000 43.07500
17 5 20 19 43 8995.00000 6.16800000 190.79000 40.43000 11.85000 43.07500
17 5 20 19 43 8995.00000 6.16800000 190.79000 40.42000 11.85000 43.07500
17 5 20 19 44 8995.70000 6.16800000 190.89000 40.42000 11.84700 43.00000
17 5 20 19 45 8995.10000 6.16800000 190.84000 40.42000 11.84700 43.00000
17 5 20 19 46 8995.10000 6.16800000 190.88000 40.41000 11.84700 43.00000
17 5 20 19 47 8995.20000 6.16800000 190.90000 40.41000 11.84700 43.00000
17 5 20 19 47 8995.20000 6.16800000 190.90000 40.41000 11.84700 43.00000
17 5 20 19 48 8995.20000 6.16800000 190.92000 40.41000 11.84700 43.00000
17 5 20 19 48 8995.20000 6.16800000 190.92000 40.41000 11.84700 43.00000
17 5 20 19 49 8995.20000 6.16800000 191.00000 40.43000 11.84700 43.00000
17 5 20 19 50 8995.20000 6.16800000 190.97000 40.43000 11.84700 43.00000
17 5 20 19 50 8995.10000 6.16800000 190.97000 40.43000 11.84700 43.00000
17 5 20 19 51 8995.20000 6.16800000 191.05000 40.43000 11.84700 43.00000
17 5 20 19 51 8995.10000 6.16800000 190.96000 40.43000 11.84700 43.00000
17 5 20 19 52 8995.10000 6.16800000 191.05000 40.43000 11.84700 43.00000
17 5 20 19 53 8995.10000 6.16800000 191.05000 40.43000 11.84700 43.00000
17 5 20 19 53 8995.20000 6.16800000 191.04000 40.43000 11.84700 43.00000
17 5 20 19 54 8995.10000 6.16800000 191.04000 40.43000 11.84700 43.00000
17 5 20 19 54 8995.20000 6.16800000 191.04000 40.43000 11.84700 43.00000
