M=[
 2 3 21 03 17 41030.40000 9.34500000 1305.50000 145.57000 26.28600 102.83000
 2 3 21 03 17 41030.40000 9.34500000 1305.50000 145.57000 26.28600 102.83000
 2 3 21 03 18 41030.30000 9.34500000 1304.37000 145.19000 26.28600 102.83000
 2 3 21 03 18 41000.00000 9.34500000 1303.00000 145.19000 26.28600 102.83000
 2 3 21 03 19 41002.20000 9.34500000 1303.62000 145.19000 26.28600 102.34300
 2 3 21 03 19 41000.00000 9.34500000 1303.62000 145.19000 26.28600 102.34300
 2 3 21 03 20 40994.10000 9.34500000 1300.01000 145.19000 26.28600 102.34300
 2 3 21 03 20 40961.90000 9.34500000 1299.16000 145.02000 26.28600 102.34300
 2 3 21 03 20 40993.90000 9.34500000 1300.85000 145.02000 26.28600 102.34300
 2 3 21 03 21 41012.90000 9.34500000 1300.85000 145.02000 26.28600 102.34300
 2 3 21 03 21 41014.50000 9.34500000 1300.85000 145.02000 26.28600 102.34300
 2 3 21 03 22 41000.10000 9.30700000 1302.63000 145.02000 26.28600 101.87100
 2 3 21 03 22 40982.20000 9.30700000 1300.85000 145.02000 26.28600 101.56800
 2 3 21 03 23 40934.60000 9.30700000 1299.54000 145.02000 26.28600 101.56800
 2 3 21 03 23 40905.40000 9.30700000 1299.04000 145.02000 26.28600 101.56500
 2 3 21 03 23 40910.70000 9.30700000 1298.71000 145.02000 26.28600 101.56500
 2 3 21 03 24 40947.60000 9.30700000 1300.09000 145.02000 26.28600 101.56500
 2 3 21 03 24 40876.00000 9.30700000 1297.47000 144.78000 26.28600 101.85900
 2 3 21 03 25 40866.30000 9.30700000 1297.47000 144.78000 26.28600 101.85900
 2 3 21 03 25 40916.40000 9.30700000 1298.69000 144.78000 26.28600 101.85900
 2 3 21 03 25 40903.80000 9.30700000 1297.28000 144.78000 26.28600 101.85900
 2 3 21 03 26 40920.40000 9.30700000 1297.28000 144.78000 26.28600 101.85900
 2 3 21 03 26 40920.50000 9.30700000 1297.37000 144.78000 26.28600 101.85900
 2 3 21 03 27 40883.00000 9.30700000 1295.62000 144.78000 26.28600 101.85900
 2 3 21 03 27 40820.00000 9.30700000 1295.00000 144.71000 26.28600 101.85900
 2 3 21 03 28 40899.00000 9.26500000 1295.00000 144.71000 26.28400 101.37900
 2 3 21 03 28 40893.20000 9.26500000 1296.36000 144.71000 26.28400 101.37900
 2 3 21 03 28 40893.20000 9.26500000 1293.98000 144.71000 26.28400 101.37900
 2 3 21 03 29 40879.50000 9.25400000 1293.98000 144.71000 26.28400 101.37900
 2 3 21 03 29 40869.90000 9.25400000 1294.00000 144.70000 26.28400 101.37900
 2 3 21 03 30 40820.90000 9.25400000 1292.71000 144.70000 26.28400 101.37900
 2 3 21 03 30 40820.90000 9.25400000 1293.38000 144.70000 26.28400 101.37900
 2 3 21 03 31 40881.30000 9.25400000 1295.86000 144.70000 26.28400 101.37900
 2 3 21 03 31 40799.30000 9.25400000 1292.56000 144.70000 26.28400 101.37900
 2 3 21 03 31 40799.40000 9.25400000 1292.56000 144.70000 26.28400 101.37900
 2 3 21 03 32 40872.30000 9.25400000 1293.19000 144.70000 26.28400 101.37900
 2 3 21 03 32 40793.90000 9.25400000 1293.18000 144.91000 26.28400 101.37900
 2 3 21 03 33 40763.80000 9.25400000 1292.26000 144.91000 26.28400 101.37900
 2 3 21 03 33 40833.80000 9.25400000 1292.26000 144.91000 26.28400 101.37900
 2 3 21 03 34 40844.40000 9.25400000 1292.26000 144.91000 26.28400 101.37900
 2 3 21 03 34 40863.80000 9.25400000 1296.39000 144.91000 26.28400 101.37900
 2 3 21 03 34 40883.60000 9.25400000 1297.27000 144.91000 26.25800 101.37900
 2 3 21 03 35 40890.80000 9.25400000 1298.10000 144.91000 26.25800 101.37900
 2 3 21 03 35 40818.80000 9.29400000 1295.47000 144.91000 26.25800 101.37900
 2 3 21 03 36 40862.70000 9.29400000 1295.39000 144.91000 26.25800 101.37900
 2 3 21 03 36 40888.10000 9.29400000 1297.27000 144.91000 26.25800 101.37900
 2 3 21 03 37 40863.40000 9.29400000 1297.27000 144.91000 26.25800 101.37900
 2 3 21 03 37 40862.90000 9.29400000 1297.27000 144.91000 26.25800 101.37900
 2 3 21 03 37 40874.10000 9.29400000 1296.26000 145.09000 26.25800 101.37900
 2 3 21 03 38 40866.20000 9.29400000 1297.45000 145.10000 26.25800 101.37900
 2 3 21 03 38 40894.20000 9.29400000 1296.69000 145.10000 26.25800 101.37900
 2 3 21 03 39 40870.10000 9.29400000 1296.69000 145.10000 26.25800 101.37900
 2 3 21 03 39 40866.00000 9.29400000 1296.69000 145.10000 26.25800 101.37900
 2 3 21 03 40 40844.00000 9.29400000 1296.40000 145.10000 26.25800 101.37900
 2 3 21 03 40 40839.30000 9.27200000 1295.01000 145.10000 26.25800 101.37900
 2 3 21 03 40 40867.70000 9.27200000 1295.89000 145.02000 26.25800 101.37900
 2 3 21 03 41 40866.30000 9.27200000 1295.89000 145.02000 26.25800 101.37900
 2 3 21 03 41 40835.30000 9.27200000 1295.35000 145.02000 26.25800 101.37900
 2 3 21 03 42 40828.50000 9.27200000 1295.00000 144.91000 26.25800 101.37900
 2 3 21 03 42 40834.00000 9.27200000 1295.00000 144.91000 26.25800 101.37900
 2 3 21 03 43 40862.50000 9.27200000 1294.06000 144.91000 26.25800 101.37900
 2 3 21 03 43 40824.00000 9.27200000 1294.95000 144.91000 26.25800 101.37900
 2 3 21 03 43 40774.20000 9.27200000 1293.50000 144.91000 26.25800 101.37900
 2 3 21 03 44 40774.30000 9.24400000 1293.50000 144.71000 26.25800 101.37900
 2 3 21 03 44 40769.40000 9.24400000 1292.23000 144.69000 26.25800 101.37900
 2 3 21 03 45 40774.90000 9.21700000 1291.60000 144.63000 26.25800 101.37900
 2 3 21 03 45 40777.50000 9.21700000 1291.60000 144.57000 26.25800 101.37900
 2 3 21 03 46 40726.90000 9.21200000 1291.59000 144.50000 26.25800 101.61300
 2 3 21 03 46 40745.00000 9.20800000 1293.02000 144.50000 26.25800 101.61300
 2 3 21 03 46 40718.60000 9.19200000 1291.75000 144.39000 26.25800 101.61300
 2 3 21 03 47 40753.90000 9.19200000 1291.75000 144.39000 26.25800 101.61300
 2 3 21 03 47 40790.50000 9.19200000 1293.80000 144.57000 26.25800 101.61300
 2 3 21 03 48 40740.80000 9.19300000 1291.89000 144.63000 26.25800 101.61300
 2 3 21 03 48 40776.20000 9.19300000 1292.71000 144.63000 26.25800 101.61300
 2 3 21 03 49 40837.30000 9.18500000 1295.09000 144.63000 26.25800 101.61300
 2 3 21 03 49 40866.10000 9.18500000 1295.09000 144.63000 26.25800 101.61300
 2 3 21 03 49 40866.20000 9.18500000 1296.98000 144.63000 26.25800 101.61300
 2 3 21 03 50 40855.20000 9.18500000 1296.45000 144.63000 26.25800 101.61300
 2 3 21 03 50 40909.00000 9.18500000 1297.00000 144.63000 26.25800 101.61300
 2 3 21 03 51 40895.40000 9.18500000 1298.26000 144.63000 26.25800 101.61300
 2 3 21 03 51 40871.20000 9.18500000 1298.30000 144.93000 26.25800 101.61300
 2 3 21 03 52 40889.10000 9.18500000 1299.96000 145.04000 26.25800 101.61300
 2 3 21 03 52 40877.30000 9.18500000 1299.96000 145.04000 26.00000 102.14800
 2 3 21 03 52 40877.30000 9.18500000 1298.57000 144.73000 26.00000 102.14800
 2 3 21 03 53 40830.50000 9.18500000 1298.34000 144.73000 26.00000 102.14800
 2 3 21 03 53 40830.50000 9.18500000 1298.42000 144.54000 26.00000 102.14800
 2 3 21 03 54 40852.00000 9.18500000 1299.47000 144.54000 26.00000 102.14800
 2 3 21 03 54 40852.20000 9.25600000 1299.46000 144.54000 26.00000 102.14800
 2 3 21 03 55 40877.30000 9.20400000 1299.46000 144.54000 26.00000 102.14800
 2 3 21 03 55 40870.10000 9.20400000 1298.67000 144.54000 26.00000 102.14800
 2 3 21 03 55 40853.70000 9.20400000 1298.67000 144.54000 26.00000 102.14800
 2 3 21 03 56 40828.40000 9.20400000 1298.67000 144.54000 26.00000 102.14800
 2 3 21 03 56 40802.30000 9.20400000 1298.00000 144.54000 26.00000 102.14800
 2 3 21 03 57 40802.30000 9.19700000 1296.52000 144.54000 26.00000 102.14800
 2 3 21 03 57 40823.70000 9.19700000 1297.30000 144.54000 26.00000 102.14800
 2 3 21 03 58 40828.10000 9.19700000 1297.30000 144.54000 26.00000 102.14800
 2 3 21 03 58 40869.00000 9.19700000 1297.75000 144.54000 26.00000 102.14800
 2 3 21 03 58 40856.70000 9.19700000 1297.75000 144.54000 26.00000 102.14800
 2 3 21 03 59 40807.10000 9.18300000 1297.75000 144.65000 26.00000 102.14800
 2 3 21 03 59 40816.90000 9.18300000 1296.68000 144.65000 26.00000 102.14800
 2 3 21 04 00 40817.00000 9.18300000 1296.42000 144.65000 26.00000 102.14800
 2 3 21 04 00 40795.00000 9.18300000 1296.42000 144.65000 26.00000 102.14800
 2 3 21 04 01 40793.20000 9.18300000 1296.42000 144.65000 26.00000 102.14800
