M=[
17 3 21 15 20 46272.20000 10.15000000 1491.31000 166.32000 25.24200 118.61100
17 3 21 15 20 46292.40000 10.15000000 1491.31000 166.32000 25.24200 118.61100
17 3 21 15 21 46250.00000 10.15000000 1489.19000 166.32000 25.24200 118.61100
17 3 21 15 21 46369.80000 10.15000000 1491.17000 166.32000 25.24200 118.61100
17 3 21 15 21 46348.20000 10.13600000 1490.79000 166.36000 25.24200 118.61100
17 3 21 15 22 46365.90000 10.13600000 1490.44000 166.27000 25.13500 118.61100
17 3 21 15 22 46351.20000 10.13600000 1491.76000 166.27000 25.13500 118.61100
17 3 21 15 23 46366.50000 10.11100000 1491.12000 166.33000 25.13500 118.67000
17 3 21 15 23 46366.40000 10.11100000 1491.12000 166.33000 25.13500 118.67000
17 3 21 15 24 46366.50000 10.11100000 1491.90000 166.39000 25.13500 118.78300
17 3 21 15 24 46361.70000 10.11100000 1491.19000 166.39000 25.13500 118.78300
17 3 21 15 24 46361.70000 10.11100000 1491.59000 166.39000 25.13600 118.79000
17 3 21 15 25 46361.00000 10.12000000 1490.50000 166.52000 25.13600 118.94100
17 3 21 15 25 46320.70000 10.12000000 1490.52000 166.29000 25.13600 118.94100
17 3 21 15 26 46320.80000 10.12000000 1490.31000 166.32000 25.13600 118.94100
17 3 21 15 26 46320.80000 10.12000000 1490.28000 166.32000 25.13600 118.60800
17 3 21 15 27 46295.80000 10.12900000 1490.63000 166.38000 25.13600 118.60800
17 3 21 15 27 46348.40000 10.12900000 1490.91000 166.38000 25.13600 118.57600
17 3 21 15 27 46349.20000 10.12900000 1490.91000 166.35000 25.13600 118.57600
17 3 21 15 28 46349.80000 10.12900000 1491.60000 166.17000 25.13600 118.71900
17 3 21 15 28 46331.20000 10.12900000 1490.89000 166.17000 25.13600 118.92200
17 3 21 15 29 46325.50000 10.12900000 1490.66000 166.30000 25.13600 118.91500
17 3 21 15 29 46320.80000 10.12900000 1490.07000 166.30000 25.13600 118.91500
17 3 21 15 30 46272.60000 10.12700000 1489.97000 166.25000 25.13600 118.91500
17 3 21 15 30 46164.60000 10.11700000 1486.76000 166.04000 25.13600 118.91500
17 3 21 15 30 46102.90000 10.11700000 1486.00000 166.04000 25.13600 118.91500
17 3 21 15 31 46133.80000 10.11700000 1486.66000 166.00000 25.13600 118.61400
17 3 21 15 31 46079.10000 10.11700000 1486.73000 166.00000 25.13600 118.61400
17 3 21 15 32 46081.70000 10.11700000 1487.50000 166.07000 25.13600 118.61400
17 3 21 15 32 46070.10000 10.11700000 1487.50000 166.08000 25.13600 118.61400
17 3 21 15 33 46078.20000 10.11700000 1488.62000 166.07000 25.13600 118.61400
17 3 21 15 33 46043.40000 10.11700000 1485.64000 166.00000 25.13600 118.61400
17 3 21 15 33 46059.80000 10.11700000 1487.16000 166.00000 25.13600 118.61400
17 3 21 15 34 46078.20000 10.11700000 1487.16000 165.96000 25.13600 118.20500
17 3 21 15 34 46113.90000 10.07100000 1488.54000 165.96000 25.13600 118.20500
17 3 21 15 35 46101.40000 10.07100000 1489.37000 165.96000 25.13600 118.20500
17 3 21 15 35 46153.90000 10.07100000 1490.32000 166.14000 25.13600 118.20500
17 3 21 15 36 46145.00000 10.07100000 1490.32000 166.14000 25.13600 118.20500
17 3 21 15 36 46096.40000 10.07100000 1490.31000 166.26000 25.13600 118.57700
17 3 21 15 36 46080.60000 10.07100000 1488.70000 166.16000 25.13600 118.57700
17 3 21 15 37 46081.90000 10.07100000 1488.76000 166.10000 25.13600 118.57700
17 3 21 15 37 46106.80000 10.07100000 1489.37000 166.17000 25.13600 118.57100
17 3 21 15 38 46095.10000 10.07100000 1489.36000 166.13000 25.13600 118.57100
17 3 21 15 38 46080.00000 10.07100000 1489.37000 166.15000 25.13600 118.57100
17 3 21 15 39 46050.10000 10.07100000 1488.11000 165.95000 25.13600 118.57100
17 3 21 15 39 46029.10000 10.07100000 1488.39000 166.06000 25.13600 118.57100
17 3 21 15 39 46020.00000 10.07100000 1488.20000 166.14000 25.13600 118.57100
17 3 21 15 40 46026.20000 10.07100000 1487.91000 166.15000 25.13600 118.57100
17 3 21 15 40 46033.40000 10.09000000 1487.62000 166.15000 25.56100 118.57100
17 3 21 15 41 46039.70000 10.09000000 1487.28000 166.02000 25.56100 118.57100
17 3 21 15 41 46023.60000 10.09000000 1486.65000 166.02000 25.56100 118.57100
17 3 21 15 42 46032.10000 10.09000000 1485.41000 166.02000 25.67100 118.57100
17 3 21 15 42 46032.10000 10.09000000 1485.77000 165.96000 25.67100 118.57100
17 3 21 15 42 46000.10000 10.09000000 1485.66000 165.96000 25.67100 118.57100
17 3 21 15 43 46062.10000 10.09000000 1486.43000 165.99000 25.67100 118.62600
17 3 21 15 43 46061.70000 10.09000000 1486.23000 166.16000 25.67100 118.62600
17 3 21 15 44 46053.00000 10.09000000 1486.24000 166.16000 25.67100 118.62600
17 3 21 15 44 46070.20000 10.09000000 1486.99000 166.13000 25.67100 118.62600
17 3 21 15 45 46052.40000 10.09000000 1486.24000 166.13000 25.67100 118.62600
17 3 21 15 45 46098.70000 10.09000000 1487.24000 166.01000 25.67100 118.62600
17 3 21 15 45 46097.00000 10.09000000 1487.43000 166.20000 25.67100 118.62600
17 3 21 15 46 46098.70000 10.09000000 1487.94000 166.20000 25.67100 118.61000
17 3 21 15 46 46126.00000 10.09000000 1487.98000 166.28000 25.46300 118.94500
17 3 21 15 47 46122.70000 10.09000000 1487.99000 166.22000 25.46300 118.99300
17 3 21 15 47 46141.80000 10.09000000 1488.48000 166.22000 25.46300 118.99300
17 3 21 15 48 46160.40000 10.08300000 1488.42000 166.30000 25.46300 119.28600
17 3 21 15 48 46147.00000 10.08300000 1488.80000 166.26000 25.46300 119.28600
17 3 21 15 48 46129.10000 10.08300000 1488.97000 166.11000 25.46300 119.28600
17 3 21 15 49 46128.00000 10.08300000 1488.63000 166.11000 25.46300 119.28600
17 3 21 15 49 46149.80000 10.08300000 1488.63000 166.11000 25.46300 119.52400
17 3 21 15 50 46144.40000 10.08300000 1489.21000 166.29000 25.46300 119.77200
17 3 21 15 50 46147.10000 10.08300000 1489.19000 166.26000 25.46300 119.67900
17 3 21 15 51 46133.40000 10.08300000 1489.31000 166.26000 25.46300 119.67900
17 3 21 15 51 46149.90000 10.08300000 1489.36000 166.18000 25.46300 119.67900
17 3 21 15 51 46150.50000 10.08300000 1489.49000 166.27000 25.46300 119.67900
17 3 21 15 52 46160.00000 10.08300000 1489.84000 166.23000 25.46300 119.67900
17 3 21 15 52 46140.00000 10.08300000 1489.86000 166.03000 25.46300 119.72800
17 3 21 15 53 46144.40000 10.08300000 1489.51000 166.18000 25.46300 119.72800
17 3 21 15 53 46133.90000 10.08300000 1489.79000 166.09000 25.46300 119.88800
17 3 21 15 54 46119.30000 10.08300000 1489.84000 166.13000 25.46300 119.69200
17 3 21 15 54 46160.00000 10.08300000 1490.00000 166.25000 25.62900 119.69200
17 3 21 15 54 46162.00000 10.08300000 1490.00000 166.25000 25.70700 119.69200
17 3 21 15 55 46265.00000 10.08300000 1491.80000 166.29000 25.55500 120.02600
17 3 21 15 55 46319.40000 10.08300000 1492.00000 166.29000 25.57100 120.02600
17 3 21 15 56 46289.00000 10.08300000 1491.99000 166.29000 25.67900 120.32600
17 3 21 15 56 46268.60000 10.08300000 1491.95000 166.29000 25.70400 120.32600
17 3 21 15 57 46251.50000 10.08300000 1491.99000 166.25000 25.51800 120.32700
17 3 21 15 57 46222.70000 10.08300000 1491.91000 166.24000 25.51800 120.32700
17 3 21 15 57 46215.20000 10.08300000 1491.09000 166.24000 25.51900 120.32700
17 3 21 15 58 46218.70000 10.08300000 1491.00000 166.02000 25.51900 119.94300
17 3 21 15 58 46218.80000 10.08300000 1491.00000 166.02000 25.51900 119.94300
17 3 21 15 59 46218.80000 10.08300000 1490.68000 165.99000 25.51900 119.94300
17 3 21 15 59 46217.60000 10.08300000 1491.00000 165.99000 25.51900 119.94300
17 3 21 16 00 46215.20000 10.08300000 1491.00000 165.99000 25.51900 119.94300
17 3 21 16 00 46199.40000 10.08300000 1490.68000 165.87000 25.51900 120.33000
17 3 21 16 00 46129.30000 10.08300000 1487.70000 165.87000 25.51900 120.32900
17 3 21 16 01 46171.60000 10.08300000 1487.36000 165.77000 25.51900 120.72000
17 3 21 16 01 46167.90000 10.12400000 1489.43000 165.54000 25.51900 120.83200
17 3 21 16 02 46120.00000 10.12400000 1490.16000 165.54000 25.51900 120.52300
17 3 21 16 02 46133.40000 10.12400000 1490.00000 165.54000 25.51900 120.52300
17 3 21 16 03 46109.40000 10.12400000 1489.97000 165.53000 25.51900 120.58500
17 3 21 16 03 46092.20000 10.12400000 1487.65000 165.27000 25.51900 120.08900
