M=[
28 12 20 21 36 21940.10000 4.85300000 599.65000 106.57000 14.48000 57.24900
28 12 20 21 37 21942.70000 4.85300000 599.64000 106.65000 14.48000 57.24900
28 12 20 21 37 21950.80000 4.85300000 599.64000 106.65000 14.48000 57.24900
28 12 20 21 38 21950.80000 4.85300000 599.75000 106.68000 14.48000 57.24900
28 12 20 21 38 21949.10000 4.85300000 599.75000 106.68000 14.48000 57.24900
28 12 20 21 39 21949.90000 4.85300000 600.00000 106.75000 14.48000 57.24900
28 12 20 21 39 21950.00000 4.85300000 600.15000 106.85000 14.48000 57.24900
28 12 20 21 39 21952.10000 4.85300000 600.15000 106.81000 14.48000 57.24900
28 12 20 21 40 21970.40000 4.85300000 600.22000 106.81000 14.48000 57.24900
28 12 20 21 40 21976.00000 4.85300000 600.77000 106.80000 14.48000 57.40000
28 12 20 21 41 21970.40000 4.85700000 601.03000 106.80000 14.48000 57.45900
28 12 20 21 41 21960.80000 4.85700000 600.88000 106.80000 14.48000 57.45900
28 12 20 21 42 21951.30000 4.85700000 600.67000 106.73000 14.48000 57.42300
28 12 20 21 42 21944.40000 4.85700000 600.06000 106.72000 14.48000 57.42300
28 12 20 21 42 21937.40000 4.85700000 600.01000 106.72000 14.48000 57.39900
28 12 20 21 43 21937.40000 4.85700000 600.44000 106.71000 14.44000 57.39900
28 12 20 21 43 21932.80000 4.85700000 600.00000 106.67000 14.44000 57.39900
28 12 20 21 44 21945.50000 4.85700000 600.13000 106.67000 14.44000 57.39900
28 12 20 21 44 21936.70000 4.85700000 600.21000 106.69000 14.44000 57.39900
28 12 20 21 45 21896.10000 4.85700000 598.05000 106.61000 14.44000 57.39900
28 12 20 21 45 21892.20000 4.85700000 598.68000 106.45000 14.44000 57.39900
28 12 20 21 45 21911.10000 4.85700000 599.38000 106.70000 14.44000 57.39900
28 12 20 21 46 21916.80000 4.85800000 600.15000 106.77000 14.44000 57.34000
28 12 20 21 46 21930.00000 4.85800000 600.33000 106.77000 14.44000 57.34000
28 12 20 21 47 21925.70000 4.84200000 600.36000 106.77000 14.44000 57.34000
28 12 20 21 47 21917.10000 4.84200000 600.36000 106.77000 14.44000 57.34000
28 12 20 21 48 21915.50000 4.84200000 600.40000 106.74000 14.44000 57.54000
28 12 20 21 48 21909.80000 4.84200000 600.40000 106.74000 14.44000 57.54000
28 12 20 21 48 21899.90000 4.84200000 600.40000 106.63000 14.43700 57.54000
28 12 20 21 49 21907.40000 4.84200000 600.40000 106.63000 14.43700 57.54000
28 12 20 21 49 21895.10000 4.84200000 599.83000 106.62000 14.43700 57.54000
28 12 20 21 50 21881.70000 4.84200000 599.46000 106.62000 14.43700 57.54000
28 12 20 21 50 21870.10000 4.84600000 598.95000 106.62000 14.43700 57.54000
28 12 20 21 51 21874.80000 4.84600000 599.80000 106.75000 14.43700 57.54000
28 12 20 21 51 21865.10000 4.84600000 600.00000 106.75000 14.43700 57.33100
28 12 20 21 51 21865.10000 4.84600000 599.99000 106.63000 14.43700 57.33100
28 12 20 21 52 21862.90000 4.84600000 600.56000 106.74000 14.43700 57.33100
28 12 20 21 52 21858.10000 4.84600000 599.81000 106.62000 14.43700 57.33100
28 12 20 21 53 21850.00000 4.84600000 599.50000 106.62000 14.43700 57.33900
28 12 20 21 53 21850.10000 4.83600000 599.22000 106.55000 14.43700 57.33900
28 12 20 21 54 21872.70000 4.83600000 599.22000 106.55000 14.43700 57.44000
28 12 20 21 54 21866.00000 4.83600000 599.07000 106.61000 14.43700 57.44000
28 12 20 21 54 21855.10000 4.83600000 598.63000 106.60000 14.43700 57.44000
28 12 20 21 55 21850.00000 4.83600000 598.58000 106.67000 14.43700 57.44000
28 12 20 21 55 21850.10000 4.83600000 598.87000 106.67000 14.43700 57.44000
28 12 20 21 56 21850.10000 4.83600000 598.74000 106.55000 14.43700 57.46500
28 12 20 21 56 21850.10000 4.83600000 598.74000 106.54000 14.43700 57.46500
28 12 20 21 57 21850.00000 4.83600000 598.26000 106.54000 14.43700 57.46500
28 12 20 21 57 21849.90000 4.83600000 598.49000 106.48000 14.43700 57.46500
28 12 20 21 57 21849.90000 4.83600000 597.99000 106.32000 14.43700 57.46500
28 12 20 21 58 21812.00000 4.83600000 596.98000 106.21000 14.43700 57.46500
28 12 20 21 58 21812.10000 4.83600000 596.88000 106.21000 14.43700 57.46500
28 12 20 21 59 21812.00000 4.83600000 596.87000 106.00000 14.43700 57.46500
28 12 20 21 59 21789.10000 4.83600000 595.49000 105.98000 14.43700 57.46500
28 12 20 22 00 21764.80000 4.83600000 595.15000 105.82000 14.43700 57.46500
28 12 20 22 00 21765.00000 4.83600000 595.22000 105.61000 14.43700 57.46500
28 12 20 22 00 21778.70000 4.83600000 595.46000 105.70000 14.43700 57.37900
28 12 20 22 01 21838.30000 4.83600000 595.56000 105.96000 14.43700 57.37900
28 12 20 22 01 21840.00000 4.83600000 597.07000 105.95000 14.43700 57.37900
28 12 20 22 02 21848.30000 4.83600000 597.67000 105.95000 14.22700 57.37900
28 12 20 22 02 21858.60000 4.83600000 598.11000 106.12000 14.22700 57.60200
28 12 20 22 03 21873.50000 4.83600000 598.49000 106.12000 14.22700 57.60200
28 12 20 22 03 21860.30000 4.83600000 598.48000 106.26000 14.22700 57.60200
28 12 20 22 03 21852.90000 4.83600000 598.40000 106.24000 14.22700 57.60200
28 12 20 22 04 21857.30000 4.83600000 598.40000 106.19000 14.22700 57.60200
28 12 20 22 04 21854.70000 4.83600000 598.40000 106.19000 14.22700 57.60200
28 12 20 22 05 21840.10000 4.83600000 598.40000 106.29000 14.22700 57.60200
28 12 20 22 05 21844.20000 4.83600000 598.40000 106.12000 14.22700 57.60200
28 12 20 22 06 21850.90000 4.83600000 598.40000 106.12000 14.22700 57.75100
28 12 20 22 06 21856.00000 4.83600000 598.71000 106.12000 14.22700 57.81000
28 12 20 22 06 21879.20000 4.83600000 599.93000 106.12000 14.22700 57.92800
28 12 20 22 07 21869.10000 4.83600000 599.71000 106.12000 14.22700 57.93400
28 12 20 22 07 21867.70000 4.85700000 599.85000 106.29000 14.22700 57.98900
28 12 20 22 08 21860.00000 4.85800000 599.25000 106.27000 14.22700 57.98900
28 12 20 22 08 21840.10000 4.85800000 599.25000 106.21000 14.22700 57.95500
28 12 20 22 09 21859.90000 4.85800000 598.56000 106.22000 14.22700 57.95500
28 12 20 22 09 21860.00000 4.85800000 599.30000 106.22000 14.22700 57.95500
28 12 20 22 09 21868.20000 4.85800000 599.16000 106.40000 14.22700 57.95500
28 12 20 22 10 21854.10000 4.85800000 599.50000 106.40000 14.22700 57.99800
28 12 20 22 10 21855.30000 4.85800000 599.50000 106.38000 14.22700 57.99800
28 12 20 22 11 21841.00000 4.85800000 598.56000 106.38000 14.22700 57.99800
28 12 20 22 11 21844.10000 4.85400000 598.68000 106.38000 14.22700 57.99800
28 12 20 22 11 21842.10000 4.85400000 598.67000 106.38000 14.22700 57.99800
28 12 20 22 12 21842.10000 4.85400000 598.93000 106.37000 14.22700 57.99800
28 12 20 22 12 21842.00000 4.85400000 599.07000 106.37000 14.22700 57.99800
28 12 20 22 13 21842.10000 4.85400000 599.07000 106.37000 14.22700 57.99800
28 12 20 22 13 21842.00000 4.85400000 599.05000 106.37000 14.22700 57.99800
28 12 20 22 14 21840.00000 4.85400000 599.04000 106.34000 14.22700 57.99800
28 12 20 22 14 21790.70000 4.85400000 598.93000 106.34000 14.22700 57.89900
28 12 20 22 14 21761.90000 4.85400000 597.57000 106.33000 14.22700 57.88900
28 12 20 22 15 21761.20000 4.85400000 597.13000 106.02000 14.22700 57.88900
28 12 20 22 15 21761.60000 4.85400000 597.01000 106.02000 14.22700 57.88900
28 12 20 22 16 21809.10000 4.85400000 597.14000 106.12000 14.22700 58.00000
28 12 20 22 16 21826.00000 4.85400000 599.59000 106.36000 14.22700 58.01800
28 12 20 22 17 21850.00000 4.85400000 599.78000 106.60000 14.22700 58.11300
28 12 20 22 17 21849.90000 4.85400000 599.32000 106.52000 14.22700 58.11300
28 12 20 22 17 21811.20000 4.85400000 598.61000 106.52000 14.22700 58.11300
28 12 20 22 18 21800.80000 4.85400000 598.15000 106.29000 14.22700 58.07900
28 12 20 22 18 21797.60000 4.85400000 598.00000 106.29000 14.22700 58.07900
28 12 20 22 19 21802.50000 4.85400000 598.00000 106.29000 14.22700 58.07900
28 12 20 22 19 21820.00000 4.85400000 598.58000 106.29000 14.22700 58.07900
28 12 20 22 20 21808.80000 4.85400000 597.70000 106.29000 14.22700 58.07900
28 12 20 22 20 21798.70000 4.85400000 597.51000 106.34000 14.22700 58.07900
28 12 20 22 20 21807.50000 4.85400000 597.58000 106.34000 14.22700 58.07900
28 12 20 22 21 21816.80000 4.85400000 597.58000 106.34000 14.22700 58.07900
