M=[
 2 1 21 15 41 25666.60000 4.73500000 624.77000 106.61000 13.81000 47.92300
 2 1 21 15 42 25689.70000 4.73500000 624.88000 106.63000 13.86000 47.79000
 2 1 21 15 42 25700.00000 4.73500000 625.30000 106.63000 13.86000 47.79000
 2 1 21 15 43 25850.00000 4.73500000 626.32000 106.82000 13.86000 47.79000
 2 1 21 15 43 25809.20000 4.73500000 625.99000 106.54000 13.86000 47.79000
 2 1 21 15 44 25808.20000 4.73500000 625.31000 106.54000 13.86000 47.78800
 2 1 21 15 44 25834.10000 4.73500000 625.29000 106.50000 13.86000 47.68800
 2 1 21 15 44 25838.30000 4.73500000 625.01000 106.49000 13.86000 47.68800
 2 1 21 15 45 25802.30000 4.73500000 625.01000 106.58000 13.86000 47.68800
 2 1 21 15 45 25790.50000 4.73500000 625.01000 106.51000 13.86000 47.68800
 2 1 21 15 46 25776.50000 4.72900000 625.01000 106.43000 13.87000 47.78600
 2 1 21 15 46 25777.80000 4.72900000 624.17000 106.23000 13.87000 47.78600
 2 1 21 15 46 25760.00000 4.72900000 624.10000 106.20000 13.87000 47.78600
 2 1 21 15 47 25773.80000 4.72900000 624.41000 106.16000 13.87000 47.78600
 2 1 21 15 47 25773.70000 4.72900000 624.44000 106.28000 13.87000 47.78600
 2 1 21 15 48 25773.70000 4.72900000 623.08000 106.07000 13.87000 47.71100
 2 1 21 15 48 25773.70000 4.72900000 621.71000 106.01000 13.87000 47.71100
 2 1 21 15 49 25800.00000 4.72900000 623.10000 106.01000 13.87000 47.71100
 2 1 21 15 49 25795.90000 4.72900000 623.00000 106.16000 13.87000 47.71100
 2 1 21 15 49 25837.90000 4.72900000 623.59000 106.18000 13.87000 47.77900
 2 1 21 15 50 25760.00000 4.72900000 623.38000 106.22000 13.87000 47.77000
 2 1 21 15 50 25825.70000 4.72900000 623.49000 106.26000 13.87000 47.71000
 2 1 21 15 51 25810.50000 4.72900000 623.35000 106.27000 13.87000 47.71000
 2 1 21 15 51 25822.70000 4.72900000 623.35000 106.28000 13.85000 47.71000
 2 1 21 15 52 25783.00000 4.72900000 623.42000 106.26000 13.85000 47.71000
 2 1 21 15 52 25811.50000 4.72900000 623.85000 106.26000 13.85000 47.71000
 2 1 21 15 52 25825.10000 4.72900000 623.88000 106.33000 13.85000 47.71000
 2 1 21 15 53 25854.40000 4.72900000 624.67000 106.36000 13.85000 47.71000
 2 1 21 15 53 25887.90000 4.72900000 624.22000 106.30000 13.85000 47.71000
 2 1 21 15 54 25852.40000 4.72900000 623.92000 106.48000 13.85000 47.71000
 2 1 21 15 54 25872.80000 4.72900000 624.16000 106.43000 13.85000 47.71000
 2 1 21 15 55 25843.90000 4.72900000 624.19000 106.49000 13.85000 47.71000
 2 1 21 15 55 25829.90000 4.72900000 624.15000 106.49000 13.85000 47.80500
 2 1 21 15 55 25820.10000 4.72900000 624.77000 106.53000 13.85000 47.80500
 2 1 21 15 56 25810.10000 4.72900000 624.25000 106.53000 13.85000 47.81100
 2 1 21 15 56 25782.10000 4.72900000 623.78000 106.52000 13.85000 47.81100
 2 1 21 15 57 25814.10000 4.72900000 624.50000 106.41000 13.85000 47.81200
 2 1 21 15 57 25789.30000 4.72900000 624.11000 106.49000 13.85000 47.81200
 2 1 21 15 58 25791.00000 4.72900000 624.37000 106.49000 13.85000 47.81200
 2 1 21 15 58 25790.20000 4.72900000 624.49000 106.49000 13.85000 47.81200
 2 1 21 15 58 25801.00000 4.72900000 625.53000 106.50000 13.85000 47.81200
 2 1 21 15 59 25829.00000 4.72900000 625.59000 106.60000 13.85000 47.81200
 2 1 21 15 59 25800.00000 4.72900000 626.17000 106.79000 13.85000 47.81200
 2 1 21 16 00 25830.00000 4.72900000 626.87000 106.97000 13.85000 47.92400
 2 1 21 16 00 25874.20000 4.72900000 626.99000 107.11000 13.85000 47.81100
 2 1 21 16 01 25871.20000 4.70900000 627.00000 107.30000 13.85000 47.64700
 2 1 21 16 01 25900.00000 4.70900000 627.40000 107.53000 13.85000 47.38900
 2 1 21 16 01 25899.80000 4.73000000 628.49000 107.66000 13.85000 47.29800
 2 1 21 16 02 25947.40000 4.73000000 628.79000 107.91000 13.85000 47.10000
 2 1 21 16 02 25951.30000 4.71900000 628.89000 108.02000 13.85000 46.94200
 2 1 21 16 03 25914.80000 4.71900000 626.85000 107.70000 13.85000 46.92900
 2 1 21 16 03 25939.80000 4.71900000 626.41000 107.36000 13.85000 46.93900
 2 1 21 16 04 25944.00000 4.71900000 627.73000 107.42000 13.85000 47.29900
 2 1 21 16 04 25940.20000 4.73900000 628.01000 107.53000 13.85000 47.20000
 2 1 21 16 04 25957.80000 4.73900000 627.71000 107.32000 13.85000 47.20000
 2 1 21 16 05 25922.70000 4.73900000 627.43000 107.32000 13.85000 47.20000
 2 1 21 16 05 25871.20000 4.73900000 625.95000 107.15000 13.71100 47.24700
 2 1 21 16 06 25886.60000 4.73900000 626.40000 106.81000 13.71100 47.24700
 2 1 21 16 06 25927.90000 4.73900000 626.55000 106.82000 13.71100 47.24700
 2 1 21 16 07 25950.00000 4.72400000 627.41000 106.95000 13.71100 47.24700
 2 1 21 16 07 25949.10000 4.72400000 627.13000 106.96000 13.71100 47.46000
 2 1 21 16 07 25963.70000 4.70600000 627.14000 106.98000 13.71100 47.46000
 2 1 21 16 08 26000.00000 4.73800000 627.22000 106.90000 13.71100 47.26000
 2 1 21 16 08 26145.90000 4.73800000 627.95000 106.96000 13.71100 47.28000
 2 1 21 16 09 26100.00000 4.73800000 627.40000 106.60000 13.71100 47.35000
 2 1 21 16 09 26152.70000 4.73800000 628.33000 106.74000 13.71100 47.33200
 2 1 21 16 10 26122.70000 4.73800000 627.84000 106.64000 13.71100 47.33200
 2 1 21 16 10 26147.30000 4.73800000 628.00000 106.61000 13.69000 47.17100
 2 1 21 16 10 26143.60000 4.73800000 627.09000 106.30000 13.69000 47.17100
 2 1 21 16 11 26102.30000 4.73800000 625.36000 106.05000 13.69000 47.17000
 2 1 21 16 11 26136.50000 4.73800000 625.63000 106.00000 13.70000 47.17000
 2 1 21 16 12 26105.50000 4.73800000 625.89000 105.84000 13.64000 47.17000
 2 1 21 16 12 26128.10000 4.73800000 624.10000 105.91000 13.64000 47.17000
 2 1 21 16 13 26106.60000 4.73800000 624.24000 105.96000 13.64000 47.17000
 2 1 21 16 13 26110.00000 4.73800000 624.30000 106.03000 13.64000 47.17000
 2 1 21 16 13 26011.00000 4.73800000 622.99000 105.74000 13.64000 47.28800
 2 1 21 16 14 26051.60000 4.73800000 623.27000 105.59000 13.63500 47.37100
 2 1 21 16 14 25966.20000 4.73800000 621.23000 105.40000 13.63500 47.37000
 2 1 21 16 15 26010.80000 4.66100000 621.99000 105.58000 13.63500 47.34300
 2 1 21 16 15 26010.80000 4.66500000 622.23000 105.72000 13.63500 47.34300
 2 1 21 16 16 25989.80000 4.66500000 621.50000 105.50000 13.60000 47.13000
 2 1 21 16 16 25974.80000 4.66500000 621.78000 105.63000 13.60000 47.25600
 2 1 21 16 16 26021.50000 4.66500000 622.66000 105.81000 13.60100 47.25600
 2 1 21 16 17 26020.00000 4.66500000 622.58000 105.78000 13.60100 47.25600
 2 1 21 16 17 26010.90000 4.66500000 622.62000 105.78000 13.60100 47.25600
 2 1 21 16 18 26059.80000 4.66500000 622.62000 105.83000 13.60100 47.25600
 2 1 21 16 18 26073.60000 4.66500000 624.04000 106.12000 13.60100 47.25600
 2 1 21 16 19 26119.90000 4.66500000 624.29000 106.12000 13.60100 47.25600
 2 1 21 16 19 26180.10000 4.66500000 625.00000 106.38000 13.60100 47.25600
 2 1 21 16 19 26180.20000 4.66500000 624.10000 106.20000 13.60100 47.41900
 2 1 21 16 20 26238.10000 4.66500000 624.16000 106.21000 13.60100 47.38000
 2 1 21 16 20 26252.10000 4.66500000 624.59000 106.18000 13.60100 47.38000
 2 1 21 16 21 26221.20000 4.66500000 624.73000 106.17000 13.60100 47.38000
 2 1 21 16 21 26179.00000 4.66500000 623.40000 105.98000 13.60100 47.38000
 2 1 21 16 22 26175.10000 4.66500000 623.44000 105.86000 13.60100 47.37800
 2 1 21 16 22 26180.00000 4.66500000 623.49000 106.12000 13.60100 47.35100
 2 1 21 16 22 26175.20000 4.66500000 623.28000 106.12000 13.60100 47.40100
 2 1 21 16 23 26180.00000 4.66500000 623.50000 106.11000 13.60100 47.43800
 2 1 21 16 23 26249.00000 4.66500000 624.55000 106.25000 13.60100 47.43800
 2 1 21 16 24 26283.70000 4.66500000 624.99000 106.13000 13.64000 47.22200
 2 1 21 16 24 26294.90000 4.66500000 625.00000 106.25000 13.64000 47.22200
 2 1 21 16 25 26288.10000 4.66900000 625.31000 106.13000 13.64000 47.42800
 2 1 21 16 25 26260.10000 4.66900000 625.39000 106.15000 13.64000 47.42800
 2 1 21 16 25 26273.90000 4.66900000 625.50000 106.30000 13.64000 47.41700
 2 1 21 16 26 26288.40000 4.67200000 625.67000 106.28000 13.64000 47.36000
 2 1 21 16 26 26284.30000 4.67200000 625.54000 106.18000 13.64000 47.36000
