M=[
26 3 21 20 44 45922.70000 9.85200000 1415.84000 155.01000 27.87600 111.21300
26 3 21 20 45 45897.10000 9.85200000 1415.27000 154.99000 27.87600 111.21300
26 3 21 20 45 45886.10000 9.85200000 1415.27000 154.91000 27.87600 111.21300
26 3 21 20 46 45886.00000 9.87700000 1414.80000 154.91000 27.87600 111.21300
26 3 21 20 46 45883.20000 9.87700000 1414.48000 154.91000 27.87600 111.21300
26 3 21 20 46 45891.70000 9.87700000 1414.48000 154.91000 27.87600 111.21300
26 3 21 20 47 45851.30000 9.87700000 1414.96000 154.91000 27.87600 111.21300
26 3 21 20 47 45846.00000 9.87700000 1414.96000 154.93000 27.87600 111.21300
26 3 21 20 48 45851.20000 9.87700000 1414.96000 154.96000 27.87600 111.21300
26 3 21 20 48 45851.10000 9.87700000 1413.71000 154.96000 27.90500 111.21300
26 3 21 20 49 45870.80000 9.87700000 1413.79000 154.96000 27.90500 111.21300
26 3 21 20 49 45897.70000 9.87700000 1413.96000 155.10000 27.90500 111.21300
26 3 21 20 49 45894.20000 9.87700000 1414.35000 155.10000 27.90500 111.21300
26 3 21 20 50 45894.20000 9.87700000 1414.77000 154.96000 27.90500 111.21300
26 3 21 20 50 45900.10000 9.87700000 1414.56000 155.02000 27.90500 111.21300
26 3 21 20 51 45894.10000 9.87700000 1414.17000 155.04000 27.90500 111.21300
26 3 21 20 51 45890.00000 9.87700000 1414.04000 155.01000 27.90500 111.21300
26 3 21 20 52 45852.80000 9.87700000 1413.02000 154.98000 27.90500 111.21300
26 3 21 20 52 45852.90000 9.87700000 1413.00000 154.95000 27.90500 111.21300
26 3 21 20 52 45830.10000 9.87700000 1412.74000 154.95000 27.90500 111.21300
26 3 21 20 53 45883.00000 9.87700000 1414.01000 155.11000 27.90500 111.21300
26 3 21 20 53 45889.90000 9.87700000 1414.01000 155.04000 27.90500 111.21300
26 3 21 20 54 45893.20000 9.87700000 1414.07000 155.12000 27.90500 111.21300
26 3 21 20 54 45900.00000 9.87700000 1414.92000 155.12000 27.90500 111.50000
26 3 21 20 55 45920.90000 9.87700000 1414.66000 155.33000 27.91000 111.50000
26 3 21 20 55 45913.00000 9.87700000 1414.53000 155.17000 27.91000 111.50000
26 3 21 20 55 45871.90000 9.87700000 1414.01000 155.17000 27.91000 111.50000
26 3 21 20 56 45882.90000 9.87700000 1414.02000 155.18000 27.91000 111.50000
26 3 21 20 56 45876.70000 9.87700000 1414.01000 155.22000 27.91000 111.50000
26 3 21 20 57 45873.60000 9.87700000 1414.01000 155.22000 27.91000 111.50000
26 3 21 20 57 45886.10000 9.87700000 1414.10000 155.22000 27.91000 111.50000
26 3 21 20 58 45886.60000 9.87700000 1414.05000 155.22000 27.91000 111.50000
26 3 21 20 58 45858.60000 9.87700000 1414.01000 155.24000 27.91000 111.50000
26 3 21 20 58 45852.80000 9.87700000 1413.42000 155.15000 27.91000 111.50000
26 3 21 20 59 45852.90000 9.87700000 1413.62000 155.20000 27.91000 111.50000
26 3 21 20 59 45849.80000 9.87700000 1413.41000 155.16000 27.88300 111.50000
26 3 21 21 00 45825.40000 9.87700000 1412.59000 155.16000 27.88300 111.50000
26 3 21 21 00 45825.40000 9.87700000 1412.91000 155.22000 28.00000 111.50000
26 3 21 21 01 45825.40000 9.87700000 1413.44000 155.24000 28.06900 111.50000
26 3 21 21 01 45832.00000 9.87700000 1413.54000 155.26000 28.06900 111.50000
26 3 21 21 01 45852.80000 9.87700000 1413.57000 155.35000 28.06900 111.50000
26 3 21 21 02 45852.80000 9.87700000 1413.58000 155.35000 28.15500 111.50000
26 3 21 21 02 45852.80000 9.87700000 1413.57000 155.47000 28.15500 111.50000
26 3 21 21 03 45890.70000 9.87700000 1413.35000 155.27000 28.06700 111.50000
26 3 21 21 03 45886.70000 9.87700000 1413.35000 155.24000 28.06700 111.50000
26 3 21 21 04 45890.00000 9.87700000 1413.35000 155.24000 28.06700 111.50000
26 3 21 21 04 45890.80000 9.87700000 1414.00000 155.09000 28.06700 111.50000
26 3 21 21 04 45918.50000 9.87700000 1414.65000 155.22000 28.06700 111.50000
26 3 21 21 05 45920.90000 9.87700000 1415.05000 155.24000 28.06700 111.50000
26 3 21 21 05 45950.00000 9.87700000 1415.13000 155.27000 28.06700 111.50000
26 3 21 21 06 45966.50000 9.87700000 1414.61000 155.30000 28.06700 111.50000
26 3 21 21 06 45965.60000 9.87700000 1414.72000 155.30000 28.06700 111.50000
26 3 21 21 07 45966.70000 9.87700000 1414.85000 155.30000 28.06700 111.50000
26 3 21 21 07 45963.00000 9.87700000 1414.48000 155.30000 28.06700 111.50000
26 3 21 21 07 45934.40000 9.87700000 1414.43000 155.30000 28.06700 111.50000
26 3 21 21 08 45934.50000 9.87700000 1414.28000 155.30000 28.06700 111.50000
26 3 21 21 08 45934.50000 9.87700000 1414.28000 155.15000 28.06800 111.50000
26 3 21 21 09 45950.00000 9.87700000 1414.28000 155.17000 28.06800 111.50000
26 3 21 21 09 45950.00000 9.90400000 1414.28000 155.17000 28.06800 111.43500
26 3 21 21 10 45964.00000 9.90400000 1414.28000 155.19000 28.06800 111.43500
26 3 21 21 10 45952.60000 9.90400000 1414.28000 155.24000 28.06800 111.34200
26 3 21 21 10 45956.50000 9.90400000 1414.28000 155.24000 28.08700 111.34200
26 3 21 21 11 45956.10000 9.90400000 1414.28000 155.24000 28.08700 111.34200
26 3 21 21 11 45962.60000 9.90400000 1414.28000 155.16000 28.08700 111.34200
26 3 21 21 12 45900.00000 9.90400000 1414.60000 155.05000 28.08700 111.32800
26 3 21 21 12 45910.80000 9.90400000 1414.60000 155.05000 28.08700 111.32800
26 3 21 21 13 45923.20000 9.90400000 1414.98000 155.05000 28.08700 111.32800
26 3 21 21 13 45935.30000 9.90400000 1415.93000 155.15000 28.08700 111.32800
26 3 21 21 13 45966.50000 9.90400000 1415.99000 155.17000 28.08700 111.32800
26 3 21 21 14 45966.50000 9.90400000 1416.45000 155.22000 28.08700 111.32800
26 3 21 21 14 45966.40000 9.90400000 1416.06000 155.22000 28.08700 111.32800
26 3 21 21 15 45928.10000 9.90400000 1415.73000 155.22000 28.08700 111.32800
26 3 21 21 15 45905.50000 9.90400000 1414.83000 155.05000 28.08700 111.32800
26 3 21 21 16 45900.00000 9.90400000 1414.20000 155.05000 28.49300 111.32800
26 3 21 21 16 45900.00000 9.90400000 1414.30000 155.05000 28.49300 111.32800
26 3 21 21 16 45968.90000 9.90400000 1414.30000 155.05000 28.49300 111.32800
26 3 21 21 17 45968.90000 9.90400000 1415.98000 155.05000 28.49300 111.32800
26 3 21 21 17 45968.90000 9.90400000 1416.16000 155.30000 28.25900 111.32800
26 3 21 21 18 45969.00000 9.90400000 1416.34000 155.23000 28.25900 111.32800
26 3 21 21 18 45968.90000 9.90400000 1416.34000 155.23000 28.25900 111.32800
26 3 21 21 19 45969.00000 9.90400000 1416.34000 155.35000 28.25900 111.32800
26 3 21 21 19 45969.00000 9.90400000 1416.33000 155.35000 28.25900 111.45000
26 3 21 21 19 45969.00000 9.90400000 1416.33000 155.21000 28.27400 111.45000
26 3 21 21 20 45975.00000 9.90400000 1416.50000 155.21000 28.23200 111.45000
26 3 21 21 20 45975.00000 9.90400000 1416.50000 155.35000 28.23200 111.45000
26 3 21 21 21 45984.20000 9.90400000 1417.00000 155.34000 28.23200 111.45000
26 3 21 21 21 45984.30000 9.90400000 1417.60000 155.34000 28.23200 111.45000
26 3 21 21 22 45999.00000 9.90400000 1417.60000 155.34000 28.23200 111.45000
26 3 21 21 22 46017.10000 9.88900000 1417.61000 155.34000 28.23200 111.45000
26 3 21 21 22 46110.00000 9.88900000 1418.71000 155.39000 28.23200 111.45000
26 3 21 21 23 46110.00000 9.88900000 1420.00000 155.39000 28.23200 111.46200
26 3 21 21 23 46109.90000 9.88900000 1420.00000 155.40000 28.23200 111.46200
26 3 21 21 24 46110.00000 9.88900000 1419.79000 155.39000 28.23200 111.46200
26 3 21 21 24 46120.00000 9.88900000 1419.71000 155.37000 28.23200 111.46200
26 3 21 21 25 46127.50000 9.88900000 1419.42000 155.39000 28.23200 111.46200
26 3 21 21 25 46183.20000 9.88900000 1419.42000 155.39000 28.35200 111.46200
26 3 21 21 25 46161.70000 9.89500000 1419.43000 155.35000 28.35200 111.46200
26 3 21 21 26 46143.90000 9.89500000 1418.78000 155.40000 28.35200 111.46200
26 3 21 21 26 46105.70000 9.89500000 1419.84000 155.40000 28.35200 111.46200
26 3 21 21 27 46131.20000 9.89500000 1419.85000 155.40000 28.35200 111.46200
26 3 21 21 27 46151.70000 9.89500000 1420.00000 155.33000 28.35200 111.46200
26 3 21 21 28 46156.50000 9.89500000 1420.00000 155.33000 28.35200 111.46200
26 3 21 21 28 46159.70000 9.87500000 1420.00000 155.33000 28.35200 111.45000
