M=[
10 2 21 12 02 38292.60000 9.05700000 1473.75000 155.51000 22.63700 95.81500
10 2 21 12 03 38223.00000 9.05700000 1472.00000 155.09000 22.63700 95.39800
10 2 21 12 03 38258.40000 9.05700000 1471.22000 155.00000 22.63700 95.39800
10 2 21 12 04 38286.40000 9.05700000 1471.88000 155.17000 22.63700 95.39800
10 2 21 12 04 38285.00000 9.05700000 1472.17000 155.12000 22.77300 95.58000
10 2 21 12 04 38274.00000 9.05700000 1471.05000 154.92000 22.77300 95.35700
10 2 21 12 05 38230.10000 9.00000000 1470.00000 154.87000 22.77300 95.35700
10 2 21 12 05 38190.50000 9.00000000 1468.05000 154.21000 22.77300 94.65300
10 2 21 12 06 38165.10000 9.00000000 1464.00000 153.80000 22.77300 94.48400
10 2 21 12 06 38168.80000 9.00000000 1462.37000 154.20000 22.79000 94.55200
10 2 21 12 07 38190.90000 9.00000000 1464.12000 153.95000 22.79000 94.55200
10 2 21 12 07 38221.60000 9.00000000 1464.12000 154.05000 22.59000 94.55200
10 2 21 12 07 38230.20000 9.00000000 1463.75000 154.04000 22.59000 94.68600
10 2 21 12 08 38272.70000 9.00000000 1468.07000 154.16000 22.59000 94.74100
10 2 21 12 08 38290.90000 9.00000000 1469.93000 153.95000 22.59000 94.74100
10 2 21 12 09 38299.90000 9.00000000 1470.13000 154.53000 22.59000 95.16000
10 2 21 12 09 38314.90000 9.00000000 1470.17000 154.61000 22.74200 95.16000
10 2 21 12 09 38334.20000 9.00700000 1471.22000 154.53000 22.74200 95.16000
10 2 21 12 10 38308.50000 8.97800000 1471.37000 154.45000 22.52500 95.16000
10 2 21 12 10 38300.10000 8.97800000 1469.05000 154.42000 22.52500 95.16000
10 2 21 12 11 38277.00000 8.97800000 1467.14000 153.59000 22.52500 95.16000
10 2 21 12 11 38210.00000 8.90000000 1465.38000 153.56000 22.52500 95.16000
10 2 21 12 12 38226.40000 8.89200000 1464.54000 153.37000 22.52500 94.69600
10 2 21 12 12 38210.10000 8.85000000 1464.17000 153.47000 22.27700 94.53200
10 2 21 12 12 38159.70000 8.85000000 1460.10000 152.72000 22.25000 94.50000
10 2 21 12 13 38160.30000 8.90600000 1459.01000 152.74000 22.25000 93.75700
10 2 21 12 13 38193.20000 8.79800000 1459.92000 153.19000 22.25000 94.05100
10 2 21 12 14 38245.90000 8.78100000 1461.35000 153.44000 22.25000 94.05100
10 2 21 12 14 38263.60000 8.78200000 1462.35000 153.19000 22.25000 94.01000
10 2 21 12 15 38276.90000 8.85400000 1463.07000 153.12000 22.25000 94.45600
10 2 21 12 15 38299.90000 8.76500000 1462.39000 153.40000 22.25000 94.53400
10 2 21 12 15 38300.20000 8.84600000 1461.95000 153.72000 22.25000 94.53400
10 2 21 12 16 38364.50000 8.76900000 1462.74000 153.66000 22.25000 94.81000
10 2 21 12 16 38350.00000 8.83100000 1463.87000 153.74000 22.25000 94.81000
10 2 21 12 17 38334.70000 8.85600000 1464.79000 153.90000 22.25000 94.81000
10 2 21 12 17 38342.20000 8.87900000 1465.86000 153.97000 22.25000 95.07100
10 2 21 12 18 38381.10000 8.91200000 1466.41000 154.17000 22.15300 95.38000
10 2 21 12 18 38351.30000 8.91200000 1467.06000 154.27000 22.15300 95.38000
10 2 21 12 18 38375.10000 8.91200000 1466.45000 154.05000 22.15300 95.38000
10 2 21 12 19 38366.00000 8.89100000 1464.83000 153.87000 22.15300 95.42300
10 2 21 12 19 38355.10000 8.89100000 1465.16000 153.98000 22.15300 95.42300
10 2 21 12 20 38340.00000 8.89100000 1464.63000 153.86000 22.15300 95.42300
10 2 21 12 20 38344.00000 8.89100000 1465.07000 154.06000 22.15300 95.42300
10 2 21 12 21 38343.90000 8.83900000 1464.45000 153.86000 22.15300 95.42300
10 2 21 12 21 38335.00000 8.87600000 1464.21000 153.92000 22.15300 95.42300
10 2 21 12 21 38335.70000 8.88000000 1464.45000 153.80000 22.15300 95.42300
10 2 21 12 22 38335.80000 8.88000000 1463.81000 153.75000 21.88200 95.41000
10 2 21 12 22 38336.60000 8.88000000 1463.89000 153.78000 22.11200 95.41000
10 2 21 12 23 38342.20000 8.88000000 1463.22000 153.53000 22.02000 95.41000
10 2 21 12 23 38310.50000 8.88000000 1462.79000 153.50000 22.02000 95.41000
10 2 21 12 24 38300.10000 8.88000000 1463.27000 153.23000 22.02000 95.41000
10 2 21 12 24 38307.40000 8.88000000 1463.12000 153.34000 21.83400 95.41000
10 2 21 12 24 38310.30000 8.88000000 1463.59000 153.32000 21.83400 95.41000
10 2 21 12 25 38300.00000 8.88000000 1463.18000 153.42000 22.05000 95.41000
10 2 21 12 25 38268.60000 8.82800000 1463.18000 152.83000 22.05000 95.41000
10 2 21 12 26 38261.30000 8.84800000 1463.00000 152.62000 22.05000 95.41000
10 2 21 12 26 38234.60000 8.84800000 1462.50000 152.61000 22.07000 94.89600
10 2 21 12 27 38192.20000 8.80900000 1458.28000 152.01000 22.07000 94.89600
10 2 21 12 27 38133.00000 8.75800000 1458.01000 151.66000 22.07000 94.89600
10 2 21 12 27 38138.60000 8.77300000 1457.82000 151.54000 22.07000 94.13000
10 2 21 12 28 38152.30000 8.77900000 1457.95000 151.88000 22.21500 94.31200
10 2 21 12 28 38149.40000 8.77300000 1458.27000 151.71000 22.04800 94.31200
10 2 21 12 29 38180.70000 8.77300000 1460.07000 152.05000 22.04800 94.12300
10 2 21 12 29 38188.30000 8.77300000 1459.52000 152.15000 22.04800 94.12300
10 2 21 12 30 38202.60000 8.77300000 1460.24000 152.31000 22.04800 94.19000
10 2 21 12 30 38256.30000 8.77300000 1461.99000 152.82000 22.04800 94.19000
10 2 21 12 30 38181.70000 8.77300000 1462.03000 152.47000 21.83500 94.54500
10 2 21 12 31 38159.00000 8.80800000 1460.01000 152.16000 21.83500 94.54500
10 2 21 12 31 38106.00000 8.80800000 1457.26000 151.61000 21.83500 94.00000
10 2 21 12 32 38036.40000 8.70500000 1450.98000 151.31000 21.83500 93.73600
10 2 21 12 32 37953.00000 8.70500000 1445.01000 150.76000 22.00500 93.51000
10 2 21 12 33 37959.10000 8.70500000 1446.81000 150.92000 22.04600 93.28400
10 2 21 12 33 37820.00000 8.67900000 1447.08000 150.04000 22.04600 93.15000
10 2 21 12 33 37700.00000 8.65200000 1444.00000 149.06000 22.04600 92.55000
10 2 21 12 34 37800.00000 8.60500000 1444.94000 149.05000 22.04600 92.47400
10 2 21 12 34 37846.40000 8.62500000 1446.01000 150.29000 22.16800 92.55000
10 2 21 12 35 37861.80000 8.62500000 1445.84000 149.93000 22.16800 92.77900
10 2 21 12 35 37867.10000 8.65100000 1446.99000 150.24000 22.04600 92.78000
10 2 21 12 36 37869.50000 8.66900000 1446.36000 149.31000 22.04600 92.31100
10 2 21 12 36 37908.10000 8.65700000 1451.89000 150.35000 22.04600 92.92800
10 2 21 12 36 37845.00000 8.60800000 1448.53000 150.26000 22.04600 93.03100
10 2 21 12 37 37842.80000 8.60800000 1447.70000 150.26000 21.83400 93.03100
10 2 21 12 37 37683.00000 8.60800000 1441.29000 148.76000 21.83400 93.03100
10 2 21 12 38 37607.10000 8.50200000 1437.40000 148.65000 21.98400 92.29000
10 2 21 12 38 37533.70000 8.48100000 1433.38000 148.24000 21.98400 92.07600
10 2 21 12 39 37500.00000 8.37000000 1427.24000 147.24000 21.98400 91.55700
10 2 21 12 39 37426.00000 8.37000000 1428.00000 146.31000 21.83700 91.08000
10 2 21 12 39 37258.90000 8.45600000 1423.21000 144.98000 21.83300 90.83600
10 2 21 12 40 37099.00000 8.32000000 1420.07000 143.49000 21.83000 90.58800
10 2 21 12 40 37174.40000 8.31900000 1421.49000 142.90000 21.96200 89.84000
10 2 21 12 41 37420.00000 8.25100000 1427.95000 143.03000 21.96200 89.86600
10 2 21 12 41 37423.90000 8.30000000 1425.61000 143.08000 21.96200 90.05000
10 2 21 12 42 37401.00000 8.25100000 1425.60000 144.92000 21.96200 90.50000
10 2 21 12 42 37406.00000 8.27000000 1428.58000 145.23000 21.68200 90.36100
10 2 21 12 43 37459.40000 8.31800000 1432.12000 145.18000 21.68200 90.28400
10 2 21 12 43 37518.60000 8.34300000 1430.07000 145.16000 21.94100 90.50000
10 2 21 12 43 37523.50000 8.31500000 1433.40000 145.74000 21.94100 90.42800
10 2 21 12 44 37500.00000 8.33000000 1434.32000 146.31000 21.94100 90.50000
10 2 21 12 44 37508.10000 8.21100000 1431.85000 146.23000 21.94100 90.50000
10 2 21 12 45 37505.70000 8.27600000 1430.13000 147.09000 21.39400 90.50000
10 2 21 12 45 37617.90000 8.27600000 1432.22000 147.82000 21.49200 90.55100
10 2 21 12 46 37589.10000 8.39800000 1435.97000 147.80000 21.77000 90.55100
10 2 21 12 46 37650.00000 8.49500000 1437.32000 148.14000 21.76400 91.10200
10 2 21 12 46 37606.80000 8.48400000 1438.85000 148.20000 21.76400 91.10200
10 2 21 12 47 37648.60000 8.48300000 1440.37000 148.17000 21.66600 91.09000
