M=[
17 1 21 14 11 28783.40000 6.18500000 993.61000 115.32000 15.94800 82.01000
17 1 21 14 11 28783.40000 6.18500000 992.95000 115.31000 15.94800 82.01000
17 1 21 14 11 28783.40000 6.18500000 993.11000 115.31000 15.94800 82.01000
17 1 21 14 12 28840.20000 6.18500000 995.99000 115.61000 15.94800 81.88000
17 1 21 14 12 28833.20000 6.18500000 994.40000 115.45000 15.94800 82.03900
17 1 21 14 13 28835.60000 6.18500000 993.50000 115.45000 15.94800 82.04000
17 1 21 14 13 28781.60000 6.18000000 991.37000 115.25000 15.94800 82.04000
17 1 21 14 14 28785.70000 6.18000000 991.85000 115.25000 15.94800 82.04000
17 1 21 14 14 28787.90000 6.18000000 993.34000 115.25000 15.94800 81.94100
17 1 21 14 14 28858.80000 6.18000000 995.86000 115.25000 15.94800 81.94100
17 1 21 14 15 28837.70000 6.18000000 995.94000 115.25000 15.94800 82.12000
17 1 21 14 15 28828.20000 6.15100000 994.22000 115.25000 15.94800 82.12000
17 1 21 14 16 28827.00000 6.15100000 993.05000 115.25000 15.94800 82.12000
17 1 21 14 16 28820.00000 6.15100000 992.60000 115.22000 15.94800 82.12000
17 1 21 14 17 28794.10000 6.15100000 992.60000 115.22000 15.94800 82.12000
17 1 21 14 17 28830.00000 6.15100000 993.82000 115.22000 15.94800 82.12000
17 1 21 14 17 28900.00000 6.15100000 996.60000 115.22000 15.94800 82.12000
17 1 21 14 18 28900.00000 6.15100000 996.23000 115.22000 15.94800 82.12000
17 1 21 14 18 28995.10000 6.15100000 998.21000 115.95000 15.94800 82.12000
17 1 21 14 19 28994.10000 6.15100000 998.01000 115.95000 15.94800 82.12000
17 1 21 14 19 28995.10000 6.15100000 998.56000 115.95000 15.94800 82.12000
17 1 21 14 20 28998.40000 6.15100000 998.56000 116.05000 15.94800 82.12000
17 1 21 14 20 29008.20000 6.21100000 998.51000 116.05000 15.94800 82.12000
17 1 21 14 20 28998.70000 6.21100000 997.79000 116.05000 15.94800 82.12000
17 1 21 14 21 28998.10000 6.21100000 997.61000 116.07000 15.94800 82.12000
17 1 21 14 21 28950.40000 6.19800000 996.76000 116.03000 15.94800 82.12000
17 1 21 14 22 28950.00000 6.19800000 996.00000 115.86000 15.94800 82.32900
17 1 21 14 22 28918.40000 6.19800000 995.00000 115.77000 15.94800 82.32900
17 1 21 14 22 28925.00000 6.19800000 995.30000 115.77000 15.94800 82.32900
17 1 21 14 23 28934.30000 6.19800000 995.29000 115.84000 15.94800 82.32900
17 1 21 14 23 28920.00000 6.19800000 994.13000 115.84000 15.94800 82.32900
17 1 21 14 24 28920.00000 6.19800000 994.05000 115.84000 15.94800 82.32900
17 1 21 14 24 28887.30000 6.19800000 994.05000 115.84000 15.94800 82.32900
17 1 21 14 25 28919.40000 6.19800000 994.73000 115.84000 15.94800 82.32900
17 1 21 14 25 28921.10000 6.19800000 994.63000 115.82000 15.94800 82.32900
17 1 21 14 25 28923.20000 6.19800000 994.68000 115.82000 15.94800 82.32900
17 1 21 14 26 28989.90000 6.19800000 996.76000 115.82000 15.94800 82.28000
17 1 21 14 26 29018.70000 6.19800000 997.00000 115.82000 15.94800 82.28000
17 1 21 14 27 28990.10000 6.19800000 996.00000 116.11000 15.94800 82.28000
17 1 21 14 27 28971.00000 6.19800000 995.65000 116.11000 15.94800 82.50700
17 1 21 14 28 28970.90000 6.19800000 995.65000 116.11000 15.94800 82.50700
17 1 21 14 28 29008.60000 6.19800000 996.51000 116.17000 15.94800 82.50700
17 1 21 14 28 29008.60000 6.19800000 997.00000 116.17000 15.94800 82.50000
17 1 21 14 29 29026.80000 6.19800000 998.20000 116.17000 15.94800 82.50000
17 1 21 14 29 29032.20000 6.19800000 997.31000 116.11000 15.94800 82.50000
17 1 21 14 30 28974.10000 6.19800000 997.00000 116.10000 15.94800 82.30000
17 1 21 14 30 28975.80000 6.21200000 996.47000 116.10000 15.94800 82.30000
17 1 21 14 31 28947.00000 6.21200000 995.02000 116.10000 15.94800 82.30000
17 1 21 14 31 28975.50000 6.21200000 996.97000 116.04000 15.94800 82.30000
17 1 21 14 31 28953.10000 6.21200000 997.59000 116.04000 15.94800 82.30000
17 1 21 14 32 28983.00000 6.21200000 999.28000 116.20000 15.94800 82.30000
17 1 21 14 32 29037.70000 6.21200000 1000.37000 116.59000 15.94800 82.30000
17 1 21 14 33 29093.40000 6.21200000 1000.65000 116.83000 15.94800 82.30000
17 1 21 14 33 29085.00000 6.21200000 1002.86000 116.77000 15.94800 82.30000
17 1 21 14 34 29130.00000 6.21200000 1003.37000 116.77000 15.94800 82.30000
17 1 21 14 34 29133.70000 6.21200000 1002.94000 116.77000 15.94800 82.30000
17 1 21 14 34 29135.40000 6.21200000 1003.43000 116.90000 15.94800 82.30000
17 1 21 14 35 29104.40000 6.21200000 1002.53000 116.90000 15.94800 82.30000
17 1 21 14 35 29086.70000 6.21200000 1001.10000 116.90000 15.94800 82.30000
17 1 21 14 36 29116.60000 6.21200000 1001.12000 116.90000 15.94800 82.30000
17 1 21 14 36 29100.80000 6.21200000 1001.62000 116.73000 15.94800 82.30000
17 1 21 14 37 29085.00000 6.21200000 1000.92000 116.67000 15.94800 82.30000
17 1 21 14 37 29117.10000 6.21200000 1001.63000 116.67000 15.94800 82.30000
17 1 21 14 37 29116.70000 6.21200000 1001.57000 116.67000 15.94800 82.30000
17 1 21 14 38 29107.10000 6.21200000 1001.48000 116.75000 15.94800 82.30000
17 1 21 14 38 29098.00000 6.21200000 1001.48000 116.75000 15.94800 82.30000
17 1 21 14 39 29110.40000 6.21200000 1003.00000 116.75000 15.94800 82.81100
17 1 21 14 39 29080.90000 6.21200000 1002.99000 116.75000 15.94800 82.81100
17 1 21 14 40 29087.90000 6.21200000 1000.85000 116.70000 15.94800 82.81100
17 1 21 14 40 29066.50000 6.21200000 1001.24000 116.75000 15.94800 82.81100
17 1 21 14 40 29062.40000 6.21200000 1000.79000 116.75000 16.02000 82.81100
17 1 21 14 41 29039.80000 6.21200000 1000.00000 116.75000 16.02000 82.81100
17 1 21 14 41 29038.10000 6.21200000 1000.08000 116.75000 16.02000 82.81100
17 1 21 14 42 29067.30000 6.21200000 1000.25000 116.75000 16.02000 82.81100
17 1 21 14 42 29075.30000 6.21200000 1001.37000 116.77000 16.02000 82.81100
17 1 21 14 43 29068.80000 6.21200000 1000.61000 116.77000 16.02000 82.81100
17 1 21 14 43 29092.30000 6.21200000 1000.99000 116.77000 16.02000 82.81100
17 1 21 14 43 29075.40000 6.21200000 1000.61000 116.60000 16.02000 82.81100
17 1 21 14 44 29071.00000 6.21200000 1000.43000 116.60000 16.02000 82.80500
17 1 21 14 44 29060.50000 6.21200000 1000.56000 116.60000 16.02000 82.80500
17 1 21 14 45 29062.30000 6.21200000 1000.00000 116.60000 16.02000 82.80500
17 1 21 14 45 29062.30000 6.21200000 999.61000 116.52000 16.02000 82.80500
17 1 21 14 46 29140.50000 6.21200000 1002.43000 116.81000 16.02000 82.80500
17 1 21 14 46 29179.60000 6.21200000 1003.99000 116.95000 16.02000 82.87000
17 1 21 14 46 29180.00000 6.21200000 1003.99000 116.96000 16.02000 82.87000
17 1 21 14 47 29174.80000 6.21200000 1002.23000 116.96000 16.02000 83.10700
17 1 21 14 47 29152.50000 6.21200000 1000.89000 116.96000 16.02000 83.10700
17 1 21 14 48 29160.10000 6.21200000 1001.74000 116.73000 16.02000 82.65600
17 1 21 14 48 29147.80000 6.21200000 1002.19000 116.73000 16.02000 82.65600
17 1 21 14 49 29128.50000 6.21200000 1001.89000 116.73000 16.02000 82.65600
17 1 21 14 49 29138.70000 6.21200000 1001.82000 116.74000 16.02000 82.65600
17 1 21 14 49 29117.60000 6.21200000 1001.27000 116.74000 16.02000 82.65600
17 1 21 14 50 29139.90000 6.21200000 1001.99000 116.74000 16.02000 82.65600
17 1 21 14 50 29125.50000 6.21200000 1001.92000 116.74000 16.02000 82.65600
17 1 21 14 51 29126.00000 6.21200000 1001.83000 116.74000 16.02000 82.65600
17 1 21 14 51 29114.70000 6.21200000 1001.65000 116.77000 16.02000 82.65600
17 1 21 14 52 29117.70000 6.21200000 1002.41000 116.78000 16.02000 82.65600
17 1 21 14 52 29096.10000 6.21200000 1001.92000 116.78000 16.02100 82.65600
17 1 21 14 52 29100.00000 6.21200000 1001.93000 117.07000 16.02100 82.65600
17 1 21 14 53 29135.00000 6.21200000 1002.36000 116.79000 16.02100 82.65600
17 1 21 14 53 29140.00000 6.21200000 1002.66000 117.02000 16.02100 82.65600
17 1 21 14 54 29139.90000 6.27100000 1002.78000 117.02000 16.02100 82.65600
17 1 21 14 54 29110.10000 6.27100000 1001.29000 116.78000 16.02100 82.65600
17 1 21 14 55 29110.00000 6.27100000 1000.60000 116.65000 16.02100 82.65600
17 1 21 14 55 29033.30000 6.27100000 999.04000 116.50000 16.02100 82.80000
