M=[
27 1 21 02 35 26450.00000 6.04200000 1083.17000 109.25000 17.11400 72.57500
27 1 21 02 35 26440.40000 6.04200000 1081.00000 109.19000 17.11400 72.57500
27 1 21 02 35 26418.50000 6.04200000 1080.73000 109.19000 17.11400 72.57500
27 1 21 02 36 26424.30000 6.04200000 1081.39000 109.19000 17.11400 72.57500
27 1 21 02 36 26460.30000 6.04200000 1081.65000 109.01000 17.11400 72.57500
27 1 21 02 37 26419.90000 6.01600000 1082.21000 109.01000 17.11400 72.57500
27 1 21 02 37 26419.90000 6.01600000 1082.21000 109.01000 17.11400 72.57500
27 1 21 02 38 26411.10000 6.01600000 1081.00000 108.97000 17.15700 72.57500
27 1 21 02 38 26417.80000 6.01600000 1080.99000 108.95000 17.15700 72.57500
27 1 21 02 38 26407.10000 6.01600000 1080.93000 108.95000 17.15700 72.57500
27 1 21 02 39 26436.00000 6.01600000 1081.00000 108.95000 17.15700 72.57500
27 1 21 02 39 26436.00000 6.01600000 1081.00000 108.95000 17.15700 72.57500
27 1 21 02 40 26441.30000 6.01600000 1081.99000 108.95000 17.15700 72.57500
27 1 21 02 40 26431.40000 6.01600000 1081.99000 108.94000 17.15700 72.57500
27 1 21 02 41 26413.60000 6.01600000 1081.35000 108.94000 17.15700 72.57500
27 1 21 02 41 26434.80000 6.01600000 1081.99000 108.94000 17.15700 72.57500
27 1 21 02 41 26434.80000 6.01600000 1082.27000 109.03000 17.15700 72.57500
27 1 21 02 42 26482.90000 6.01600000 1084.04000 109.28000 17.15700 72.57500
27 1 21 02 42 26475.30000 6.01600000 1084.04000 109.30000 17.15700 72.57500
27 1 21 02 43 26467.90000 6.01600000 1085.47000 109.23000 17.15700 72.57500
27 1 21 02 43 26470.10000 6.01600000 1085.48000 109.23000 17.15700 72.57500
27 1 21 02 44 26480.00000 6.01600000 1085.48000 109.23000 17.15700 72.57500
27 1 21 02 44 26468.90000 6.01600000 1085.48000 109.23000 17.15700 72.57500
27 1 21 02 44 26446.80000 6.01600000 1084.39000 109.23000 17.15700 72.57500
27 1 21 02 45 26446.80000 6.01600000 1082.64000 109.23000 17.15700 72.57500
27 1 21 02 45 26434.70000 6.01600000 1080.54000 109.23000 17.15700 72.57500
27 1 21 02 46 26403.50000 6.01600000 1080.54000 109.23000 17.15700 72.57500
27 1 21 02 46 26458.00000 6.01600000 1083.48000 109.23000 17.15700 72.57500
27 1 21 02 47 26499.90000 6.01600000 1085.34000 109.23000 17.15700 72.57500
27 1 21 02 47 26499.10000 6.01600000 1085.10000 109.32000 17.15700 72.57500
27 1 21 02 47 26475.90000 6.01600000 1085.10000 109.32000 17.15700 72.57500
27 1 21 02 48 26513.30000 6.02400000 1085.00000 109.32000 17.15700 72.57500
27 1 21 02 48 26496.40000 6.02400000 1085.00000 109.32000 17.15700 72.57500
27 1 21 02 49 26497.70000 6.02400000 1085.00000 109.32000 17.15700 72.57500
27 1 21 02 49 26497.20000 6.02400000 1085.00000 109.32000 17.15700 72.57500
27 1 21 02 50 26513.20000 6.02400000 1085.00000 109.32000 17.15700 72.57500
27 1 21 02 50 26513.30000 6.02400000 1085.00000 109.32000 17.15700 72.57500
27 1 21 02 50 26498.70000 6.02400000 1085.00000 109.32000 17.15700 72.57500
27 1 21 02 51 26460.40000 6.02400000 1082.79000 109.32000 17.15700 72.57500
27 1 21 02 51 26460.40000 6.02400000 1082.79000 109.32000 17.15700 72.57500
27 1 21 02 52 26465.00000 6.02400000 1082.77000 109.34000 17.15700 72.57500
27 1 21 02 52 26445.30000 6.02400000 1082.77000 109.34000 17.15700 72.57500
27 1 21 02 53 26437.20000 6.02400000 1082.35000 109.34000 17.15700 72.57500
27 1 21 02 53 26433.20000 6.02400000 1081.34000 109.34000 17.15700 72.57500
27 1 21 02 53 26433.20000 6.02400000 1081.96000 109.34000 17.15700 72.57500
27 1 21 02 54 26448.20000 6.02400000 1082.92000 109.34000 17.15700 72.57500
27 1 21 02 54 26448.20000 6.02400000 1082.92000 109.34000 17.15700 72.57500
27 1 21 02 55 26448.20000 6.00300000 1082.92000 109.34000 17.15700 72.57500
27 1 21 02 55 26448.20000 6.00300000 1082.92000 109.34000 17.15700 72.57500
27 1 21 02 56 26448.20000 6.00300000 1082.92000 109.34000 17.15700 72.57500
27 1 21 02 56 26440.10000 6.00300000 1082.32000 109.34000 17.15700 72.57500
27 1 21 02 56 26440.10000 6.00300000 1082.32000 109.34000 17.15700 72.57500
27 1 21 02 57 26448.30000 6.00300000 1081.42000 109.34000 17.15700 72.57500
27 1 21 02 57 26448.30000 6.00300000 1081.42000 109.34000 17.15700 72.57500
27 1 21 02 58 26440.20000 6.00300000 1080.12000 109.34000 17.15700 72.57500
27 1 21 02 58 26403.50000 6.00300000 1077.68000 108.79000 17.15700 72.57500
27 1 21 02 59 26403.40000 6.00000000 1077.21000 108.70000 17.15700 72.57500
27 1 21 02 59 26359.30000 6.00000000 1075.36000 108.44000 17.15700 72.57500
27 1 21 02 59 26244.40000 5.99100000 1072.78000 108.12000 17.15700 71.36900
27 1 21 03 00 26214.10000 5.99100000 1072.78000 108.18000 17.15700 71.12400
27 1 21 03 00 26201.10000 5.99100000 1076.24000 108.27000 17.15700 71.12400
27 1 21 03 01 26233.50000 5.99100000 1075.00000 108.27000 17.15700 71.12400
27 1 21 03 01 26235.80000 5.99100000 1075.04000 108.27000 17.15700 71.12400
27 1 21 03 02 26234.40000 5.99100000 1075.04000 108.27000 17.15700 71.12400
27 1 21 03 02 26241.40000 5.99100000 1075.04000 108.27000 17.15700 71.12400
27 1 21 03 02 26240.90000 5.99100000 1075.91000 108.27000 17.15700 71.12400
27 1 21 03 03 26249.20000 5.99100000 1075.91000 108.27000 17.15700 71.12400
27 1 21 03 03 26249.20000 5.99100000 1076.52000 108.27000 17.15700 71.12400
27 1 21 03 04 26268.40000 5.99100000 1076.99000 108.27000 17.15700 71.12400
27 1 21 03 04 26260.40000 5.99100000 1076.98000 108.27000 17.15700 71.12400
27 1 21 03 05 26260.40000 5.99100000 1076.99000 108.66000 17.15700 71.12400
27 1 21 03 05 26287.90000 5.99100000 1077.21000 108.66000 17.15700 71.12400
27 1 21 03 05 26282.70000 5.99100000 1077.20000 108.75000 17.15700 71.12400
27 1 21 03 06 26281.90000 5.99100000 1077.20000 108.75000 17.15700 71.12400
27 1 21 03 06 26286.40000 5.99100000 1077.57000 108.75000 17.15700 71.12400
27 1 21 03 07 26271.20000 5.99100000 1077.47000 108.78000 17.15700 71.12400
27 1 21 03 07 26250.00000 5.99100000 1077.47000 108.78000 17.15700 71.12400
27 1 21 03 08 26256.00000 5.99100000 1077.47000 108.78000 17.15700 71.12400
27 1 21 03 08 26245.00000 5.99100000 1076.99000 108.78000 17.15700 71.12400
27 1 21 03 08 26245.00000 5.99100000 1076.99000 108.47000 17.15700 71.12400
27 1 21 03 09 26252.40000 5.99100000 1076.16000 108.47000 17.15700 71.12400
27 1 21 03 09 26254.40000 5.99100000 1076.46000 108.47000 17.15700 71.12400
27 1 21 03 10 26252.40000 5.99100000 1076.66000 108.47000 17.15700 71.12400
27 1 21 03 10 26209.50000 5.99100000 1075.15000 108.47000 17.15700 71.12400
27 1 21 03 11 26209.50000 5.99100000 1075.71000 108.47000 17.15700 71.12400
27 1 21 03 11 26217.20000 5.99100000 1075.13000 108.47000 17.15700 71.12400
27 1 21 03 11 26185.10000 5.99100000 1074.37000 108.11000 17.15700 71.12400
27 1 21 03 12 26184.60000 5.99100000 1074.04000 108.15000 17.15700 71.20800
27 1 21 03 12 26184.60000 5.99100000 1074.73000 108.15000 17.15700 71.20800
27 1 21 03 13 26211.40000 5.99100000 1074.73000 108.15000 17.15700 71.20800
27 1 21 03 13 26211.40000 5.99100000 1075.23000 108.15000 17.15700 71.20800
27 1 21 03 14 26208.90000 5.99100000 1075.85000 108.28000 17.15700 71.20800
27 1 21 03 14 26211.00000 5.99100000 1075.27000 108.28000 17.15700 71.20800
27 1 21 03 14 26208.40000 5.99100000 1075.00000 108.35000 17.15700 71.20800
27 1 21 03 15 26218.40000 5.99100000 1075.25000 108.35000 17.15700 71.20800
27 1 21 03 15 26218.90000 5.99100000 1074.87000 108.35000 17.15700 71.20800
27 1 21 03 16 26110.10000 5.99100000 1074.87000 107.96000 17.15700 71.09000
27 1 21 03 16 26111.10000 5.99100000 1073.57000 107.97000 17.15700 71.09000
27 1 21 03 17 26100.00000 5.99100000 1075.71000 107.97000 17.15700 71.09000
27 1 21 03 17 26085.00000 5.99100000 1076.50000 107.97000 17.15700 71.09000
27 1 21 03 17 26031.30000 5.99100000 1076.75000 107.93000 17.15700 71.09000
27 1 21 03 18 26041.40000 5.99100000 1076.75000 107.92000 17.15700 71.09000
27 1 21 03 18 26089.00000 5.99100000 1076.81000 107.90000 17.15700 71.09000
27 1 21 03 19 26095.20000 5.99100000 1076.99000 107.90000 17.15700 71.09000
27 1 21 03 19 26094.10000 5.99100000 1076.99000 107.90000 17.15700 71.09000
