M=[
22 4 21 22 55 42948.70000 27.93200000 2001.32000 209.62000 32.87600 185.75200
22 4 21 22 55 42998.00000 27.93200000 2000.47000 209.65000 32.87600 185.75200
22 4 21 22 56 42997.90000 28.15600000 2001.69000 209.96000 32.87600 185.75200
22 4 21 22 56 42998.00000 28.10700000 2002.82000 210.39000 32.87600 185.75200
22 4 21 22 57 43074.60000 28.10700000 2008.89000 211.00000 32.87600 185.75200
22 4 21 22 57 43012.30000 28.19000000 2006.48000 211.94000 32.87600 185.75200
22 4 21 22 58 43041.80000 28.19000000 2005.85000 211.04000 32.87600 185.75200
22 4 21 22 58 42985.00000 28.19000000 2002.09000 210.97000 32.87600 185.75200
22 4 21 22 58 42948.70000 28.19000000 1996.67000 210.97000 32.87600 185.75200
22 4 21 22 59 42942.70000 28.19000000 2000.18000 210.51000 32.87600 185.75200
22 4 21 22 59 42959.30000 28.16800000 1998.80000 210.14000 32.87600 186.31300
22 4 21 23 00 42962.90000 28.16800000 2001.76000 210.14000 32.87600 186.31300
22 4 21 23 00 42906.70000 28.16800000 1995.81000 210.14000 32.87600 186.69000
22 4 21 23 01 42848.70000 28.16800000 1991.96000 210.14000 32.87600 186.69000
22 4 21 23 01 42899.60000 28.16800000 1994.93000 210.14000 32.87600 186.69000
22 4 21 23 01 42905.00000 28.16800000 1998.81000 210.97000 32.87600 186.69000
22 4 21 23 02 42999.10000 28.27500000 2003.44000 210.97000 32.91500 186.69000
22 4 21 23 02 43100.00000 28.46000000 2008.24000 210.97000 32.91500 186.69000
22 4 21 23 03 43149.30000 28.46000000 2011.89000 212.33000 32.91500 186.69000
22 4 21 23 03 43148.00000 28.59000000 2011.37000 212.33000 32.91500 186.69000
22 4 21 23 04 43126.90000 28.59000000 2008.39000 212.93000 32.91500 186.69000
22 4 21 23 04 43133.70000 28.62000000 2008.84000 212.93000 32.91500 186.69000
22 4 21 23 04 43149.90000 28.62000000 2009.41000 212.93000 32.91500 186.69000
22 4 21 23 05 43144.90000 28.63100000 2009.31000 212.93000 32.91500 186.69000
22 4 21 23 05 43083.60000 28.63100000 2007.53000 212.84000 32.91500 186.69000
22 4 21 23 06 43095.90000 28.69100000 2009.80000 212.84000 32.91500 186.69000
22 4 21 23 06 43249.90000 28.59200000 2019.00000 213.40000 32.91500 188.88000
22 4 21 23 07 43286.90000 28.82900000 2020.29000 213.97000 32.91500 188.88000
22 4 21 23 07 43286.80000 28.81900000 2023.37000 214.07000 32.91500 188.88000
22 4 21 23 07 43338.50000 28.81900000 2026.73000 213.98000 32.91500 188.88000
22 4 21 23 08 43314.60000 28.77800000 2026.11000 213.99000 32.91500 188.88000
22 4 21 23 08 43313.70000 28.77800000 2025.18000 214.37000 32.91500 188.88000
22 4 21 23 09 43326.90000 28.77800000 2026.05000 214.41000 32.91500 188.88000
22 4 21 23 09 43334.50000 28.77800000 2028.61000 214.50000 32.91500 188.88000
22 4 21 23 10 43390.20000 28.77800000 2031.91000 214.55000 32.91500 188.88000
22 4 21 23 10 43366.50000 28.77800000 2029.67000 214.84000 32.91500 188.88000
22 4 21 23 10 43309.30000 28.81500000 2028.02000 214.55000 32.91500 189.44400
22 4 21 23 11 43353.50000 28.81500000 2031.20000 214.82000 32.91500 189.44400
22 4 21 23 11 43331.10000 28.81500000 2029.28000 214.67000 32.91500 189.44400
22 4 21 23 12 43310.80000 28.81500000 2028.95000 214.36000 32.91500 189.44400
22 4 21 23 12 43273.60000 28.85300000 2025.25000 213.93000 32.91500 189.44400
22 4 21 23 13 43255.70000 28.83000000 2025.86000 213.84000 32.91500 189.44400
22 4 21 23 13 43272.40000 28.95600000 2024.63000 213.64000 32.91500 189.44400
22 4 21 23 13 43272.40000 28.91900000 2024.50000 213.93000 32.91500 188.85300
22 4 21 23 14 43315.90000 29.01200000 2028.99000 214.42000 32.91500 188.85300
22 4 21 23 14 43281.20000 28.93200000 2026.66000 213.99000 32.91500 188.85300
22 4 21 23 15 43257.30000 28.93200000 2026.85000 213.99000 32.91500 188.85300
22 4 21 23 15 43213.40000 28.90700000 2020.01000 213.99000 32.91500 188.85300
22 4 21 23 16 43208.20000 28.90700000 2020.00000 213.99000 32.91500 188.85300
22 4 21 23 16 43213.40000 28.85200000 2018.34000 213.99000 32.91500 188.85300
22 4 21 23 16 43213.40000 28.85200000 2020.99000 213.43000 32.91500 188.85300
22 4 21 23 17 43213.80000 28.88900000 2017.61000 213.43000 32.91500 188.85300
22 4 21 23 17 43175.30000 28.88900000 2017.61000 212.94000 32.91500 188.85300
22 4 21 23 18 43175.40000 28.74600000 2017.19000 212.94000 32.91500 188.85300
22 4 21 23 18 43222.40000 28.74600000 2019.30000 212.94000 32.91500 188.85300
22 4 21 23 19 43222.00000 28.74600000 2018.97000 212.34000 32.91500 188.85300
22 4 21 23 19 43237.10000 28.74600000 2019.71000 212.34000 32.91500 188.85300
22 4 21 23 19 43238.90000 28.74600000 2024.91000 212.84000 32.91500 188.85300
22 4 21 23 20 43280.10000 28.74600000 2025.19000 212.84000 32.91500 188.15500
22 4 21 23 20 43197.40000 28.92500000 2019.72000 212.31000 32.91500 188.15500
22 4 21 23 21 43174.70000 28.92500000 2018.99000 212.30000 32.83000 188.15500
22 4 21 23 21 43181.30000 28.92500000 2018.99000 212.25000 32.83000 188.15500
22 4 21 23 22 43144.10000 28.64600000 2015.15000 212.00000 32.83000 188.15500
22 4 21 23 22 43144.40000 28.64600000 2015.76000 211.80000 32.83000 188.15500
22 4 21 23 22 43144.40000 28.70600000 2014.46000 211.76000 32.83000 188.15500
22 4 21 23 23 43224.20000 28.70600000 2018.75000 212.15000 32.83000 188.15500
22 4 21 23 23 43228.10000 28.84500000 2018.65000 212.39000 32.83000 188.15500
22 4 21 23 24 43195.30000 28.84500000 2014.15000 212.32000 32.83000 188.04100
22 4 21 23 24 43186.00000 28.84500000 2013.09000 212.32000 32.83000 188.04100
22 4 21 23 25 43300.30000 28.84500000 2018.95000 212.49000 32.83000 188.04100
22 4 21 23 25 43342.70000 28.84500000 2026.05000 213.15000 32.83000 188.04100
22 4 21 23 25 43366.00000 29.05400000 2028.00000 214.19000 32.83000 188.04100
22 4 21 23 26 43340.90000 29.05400000 2024.32000 213.53000 32.83000 188.04100
22 4 21 23 26 43335.00000 29.05400000 2025.99000 213.53000 32.83000 188.04100
22 4 21 23 27 43353.40000 29.05400000 2027.51000 213.88000 32.83000 188.04100
22 4 21 23 27 43390.70000 29.05400000 2029.71000 213.88000 32.83000 188.04100
22 4 21 23 28 43400.00000 29.03800000 2032.96000 214.54000 32.83000 188.04100
22 4 21 23 28 43391.20000 29.11500000 2030.47000 214.31000 32.83000 188.04100
22 4 21 23 28 43406.30000 29.11500000 2031.00000 214.64000 32.83000 188.04100
22 4 21 23 29 43416.50000 29.11500000 2031.84000 214.79000 32.83000 188.04100
22 4 21 23 29 43380.10000 29.11500000 2029.63000 214.70000 32.83000 188.04100
22 4 21 23 30 43381.00000 29.04200000 2029.18000 214.91000 32.83000 188.04100
22 4 21 23 30 43335.00000 29.04200000 2024.86000 214.48000 32.83000 188.04100
22 4 21 23 31 43293.30000 28.75300000 2021.99000 214.48000 32.83000 188.04100
22 4 21 23 31 43289.90000 28.78500000 2023.55000 214.08000 33.01400 188.04100
22 4 21 23 31 43289.90000 28.74900000 2024.77000 214.08000 33.01400 188.04100
22 4 21 23 32 43289.10000 28.74900000 2020.00000 213.57000 33.01400 188.01200
22 4 21 23 32 43250.30000 28.69500000 2020.01000 213.14000 33.01400 188.01200
22 4 21 23 33 43210.30000 28.66200000 2018.89000 212.73000 33.01400 188.01200
22 4 21 23 33 43209.10000 28.61900000 2020.88000 213.01000 33.05400 188.01200
22 4 21 23 34 43209.10000 28.56200000 2018.86000 213.01000 33.05400 188.01200
22 4 21 23 34 43200.00000 28.53600000 2018.86000 212.35000 33.05400 188.01200
22 4 21 23 34 43200.10000 28.46900000 2014.67000 212.35000 33.05400 188.01200
22 4 21 23 35 43200.10000 28.53500000 2015.00000 212.35000 33.05400 187.58000
22 4 21 23 35 43181.10000 28.56800000 2015.23000 212.01000 33.05400 187.58000
22 4 21 23 36 43200.10000 28.51400000 2015.99000 212.42000 33.05400 187.58000
22 4 21 23 36 43200.10000 28.47300000 2013.93000 212.20000 33.05400 187.58000
22 4 21 23 37 43181.10000 28.42400000 2013.81000 212.20000 33.05400 187.58000
22 4 21 23 37 43181.10000 28.43200000 2012.76000 212.04000 33.05400 187.58000
22 4 21 23 37 43176.30000 28.48800000 2013.25000 212.04000 33.05400 187.58000
22 4 21 23 38 43176.90000 28.48800000 2013.25000 212.04000 33.05400 187.58000
22 4 21 23 38 43158.70000 28.42800000 2011.69000 212.04000 33.05400 187.58000
