M=[
18 9 20 13 33 9282.70000 5.11600000 326.58000 41.29000 13.43300 50.21500
18 9 20 13 33 9282.70000 5.11600000 326.58000 41.29000 13.43300 50.21500
18 9 20 13 34 9286.30000 5.11600000 326.57000 41.29000 13.43300 50.21500
18 9 20 13 34 9288.50000 5.11600000 326.77000 41.29000 13.43300 50.21500
18 9 20 13 35 9288.60000 5.11600000 326.77000 41.29000 13.43300 50.21500
18 9 20 13 35 9288.50000 5.11600000 326.47000 41.29000 13.43300 50.21500
18 9 20 13 35 9288.20000 5.11600000 326.36000 41.24000 13.43300 50.21500
18 9 20 13 36 9290.10000 5.11600000 326.36000 41.23000 13.43300 50.21500
18 9 20 13 36 9291.50000 5.11600000 326.26000 41.23000 13.43300 50.21500
18 9 20 13 37 9293.70000 5.11600000 326.46000 41.23000 13.43300 50.21500
18 9 20 13 37 9292.80000 5.11600000 326.30000 41.23000 13.43300 50.14500
18 9 20 13 38 9291.70000 5.11600000 326.30000 41.23000 13.43300 50.14500
18 9 20 13 38 9291.70000 5.11600000 326.30000 41.23000 13.43300 50.14500
18 9 20 13 38 9292.20000 5.11600000 326.30000 41.23000 13.43300 50.14500
18 9 20 13 39 9291.90000 5.11600000 326.19000 41.23000 13.43300 50.14500
18 9 20 13 39 9292.80000 5.11600000 326.25000 41.23000 13.43300 50.14500
18 9 20 13 40 9292.40000 5.11600000 326.18000 41.23000 13.43300 50.14500
18 9 20 13 40 9291.80000 5.11600000 326.02000 41.23000 13.43300 50.14500
18 9 20 13 41 9289.50000 5.11600000 326.02000 41.23000 13.43300 50.14500
18 9 20 13 41 9290.70000 5.11600000 326.11000 41.23000 13.43300 50.14500
18 9 20 13 41 9290.70000 5.11600000 326.11000 41.14000 13.43300 50.14500
18 9 20 13 42 9290.70000 5.11600000 326.10000 41.14000 13.43300 50.14500
18 9 20 13 42 9290.70000 5.11600000 326.08000 41.14000 13.43300 50.14500
18 9 20 13 43 9291.80000 5.11600000 326.08000 41.14000 13.43300 50.14500
18 9 20 13 43 9295.00000 5.11600000 326.27000 41.14000 13.43300 50.14500
18 9 20 13 44 9291.80000 5.11600000 326.27000 41.14000 13.43300 50.14500
18 9 20 13 44 9289.80000 5.11600000 326.17000 41.14000 13.43300 50.14500
18 9 20 13 44 9287.90000 5.11600000 326.17000 41.14000 13.43300 50.14500
18 9 20 13 45 9286.40000 5.11600000 326.09000 41.14000 13.43300 50.14500
18 9 20 13 45 9286.50000 5.11600000 326.09000 41.14000 13.43300 50.14500
18 9 20 13 46 9286.40000 5.11600000 326.09000 41.14000 13.43300 50.14500
18 9 20 13 46 9286.50000 5.11600000 326.02000 41.14000 13.43300 50.14500
18 9 20 13 47 9282.80000 5.11600000 326.02000 41.14000 13.43300 50.14500
18 9 20 13 47 9282.80000 5.12000000 326.01000 41.14000 13.43300 50.14500
18 9 20 13 47 9277.60000 5.12000000 325.50000 41.14000 13.43300 50.00300
18 9 20 13 48 9274.70000 5.12000000 324.80000 41.14000 13.43300 49.95500
18 9 20 13 48 9272.40000 5.12000000 324.78000 41.14000 13.43300 49.95500
18 9 20 13 49 9268.10000 5.12000000 324.75000 41.14000 13.43300 49.86700
18 9 20 13 49 9270.10000 5.12000000 324.80000 41.14000 13.43300 49.86700
18 9 20 13 50 9268.80000 5.12000000 324.80000 41.14000 13.43300 49.86700
18 9 20 13 50 9267.10000 5.12000000 324.68000 41.14000 13.43300 49.86700
18 9 20 13 50 9265.10000 5.12000000 324.70000 41.14000 13.43300 49.86700
18 9 20 13 51 9257.00000 5.12000000 324.59000 41.14000 13.43300 49.85000
18 9 20 13 51 9253.00000 5.12000000 324.58000 41.14000 13.43300 49.85000
18 9 20 13 52 9257.10000 5.12000000 324.79000 41.14000 13.43300 49.85000
18 9 20 13 52 9250.10000 5.12000000 324.61000 41.14000 13.49700 49.85000
18 9 20 13 53 9248.10000 5.12000000 324.60000 41.14000 13.49700 49.85000
18 9 20 13 53 9248.20000 5.12000000 324.72000 41.14000 13.49700 49.85000
18 9 20 13 54 9248.20000 5.12000000 324.75000 41.14000 13.49700 49.72700
18 9 20 13 54 9248.30000 5.12000000 324.66000 41.05000 13.56700 49.72600
18 9 20 13 54 9248.20000 5.12000000 324.67000 41.05000 13.56700 49.72600
18 9 20 13 55 9248.20000 5.12000000 324.45000 41.04000 13.56700 49.72600
18 9 20 13 55 9248.30000 5.12000000 324.37000 41.04000 13.56700 49.72600
18 9 20 13 56 9248.20000 5.12000000 324.72000 41.02000 13.56700 49.72600
18 9 20 13 56 9257.20000 5.12000000 324.72000 41.02000 13.56700 49.72600
18 9 20 13 57 9258.20000 5.12000000 324.72000 41.02000 13.56700 49.72600
18 9 20 13 57 9258.10000 5.12000000 324.72000 41.02000 13.56700 49.78100
18 9 20 13 58 9257.20000 5.12000000 324.46000 41.02000 13.56700 49.78100
18 9 20 13 58 9249.70000 5.12000000 324.40000 41.02000 13.56700 49.78100
18 9 20 13 59 9252.30000 5.12000000 324.45000 41.02000 13.56700 49.78100
18 9 20 13 59 9252.20000 5.12000000 324.46000 41.02000 13.56700 49.78100
18 9 20 13 59 9252.10000 5.12000000 324.45000 41.02000 13.56700 49.78100
18 9 20 14 00 9248.20000 5.12000000 324.46000 41.02000 13.56700 49.78100
18 9 20 14 00 9250.90000 5.12000000 324.58000 41.02000 13.56700 49.70200
18 9 20 14 01 9252.00000 5.12000000 324.60000 41.02000 13.56700 49.71100
18 9 20 14 01 9256.80000 5.12000000 324.60000 41.02000 13.56700 49.71100
18 9 20 14 02 9258.60000 5.12000000 324.60000 41.02000 13.56700 49.71100
18 9 20 14 02 9258.80000 5.12000000 324.71000 41.02000 13.56700 49.71100
18 9 20 14 02 9258.80000 5.12000000 324.72000 41.02000 13.56700 49.71100
18 9 20 14 03 9260.20000 5.14000000 324.72000 41.02000 13.56700 49.66200
18 9 20 14 03 9260.20000 5.14000000 324.90000 41.02000 13.56700 49.66200
18 9 20 14 04 9259.50000 5.14000000 324.90000 41.02000 13.56700 49.66200
18 9 20 14 04 9265.40000 5.14000000 325.26000 41.02000 13.56700 49.68000
18 9 20 14 05 9266.10000 5.14000000 325.51000 41.02000 13.51200 49.68000
18 9 20 14 05 9269.30000 5.14000000 325.49000 41.14000 13.51200 49.68000
18 9 20 14 05 9269.70000 5.14000000 325.49000 41.14000 13.51200 49.68000
18 9 20 14 06 9269.40000 5.14000000 325.39000 41.14000 13.51200 49.68000
18 9 20 14 06 9267.70000 5.14000000 325.39000 41.14000 13.51200 49.68000
18 9 20 14 07 9263.20000 5.14000000 325.30000 41.14000 13.51200 49.68000
18 9 20 14 07 9267.60000 5.14000000 325.35000 41.19000 13.51200 49.68000
18 9 20 14 08 9270.10000 5.14000000 325.35000 41.19000 13.51200 49.68000
18 9 20 14 08 9270.10000 5.14000000 325.47000 41.19000 13.51200 49.68000
18 9 20 14 09 9265.90000 5.14000000 325.33000 41.19000 13.51200 49.68000
18 9 20 14 09 9265.90000 5.14000000 325.33000 41.19000 13.51200 49.68000
18 9 20 14 09 9264.80000 5.14000000 325.33000 41.12000 13.51200 49.68000
18 9 20 14 10 9261.80000 5.14000000 325.32000 41.12000 13.51200 49.68000
18 9 20 14 10 9261.60000 5.14000000 325.31000 41.12000 13.51200 49.68000
18 9 20 14 11 9260.00000 5.14000000 325.31000 41.12000 13.51200 49.68000
18 9 20 14 11 9259.90000 5.14000000 325.31000 41.12000 13.51200 49.68000
18 9 20 14 12 9260.60000 5.14000000 325.31000 41.12000 13.51200 49.68000
18 9 20 14 12 9260.80000 5.14000000 325.30000 41.12000 13.51200 49.68000
18 9 20 14 12 9261.10000 5.14000000 325.31000 41.12000 13.51200 49.68000
18 9 20 14 13 9261.70000 5.14000000 325.31000 41.12000 13.51200 49.68000
18 9 20 14 13 9264.40000 5.14000000 325.40000 41.12000 13.51200 49.68000
18 9 20 14 16 9268.10000 5.14000000 325.57000 41.11000 13.51200 49.68000
18 9 20 14 16 9269.80000 5.14000000 325.57000 41.11000 13.51200 49.68000
18 9 20 14 17 9269.80000 5.14000000 325.55000 41.11000 13.51200 49.68000
18 9 20 14 17 9270.00000 5.14000000 325.56000 41.11000 13.51200 49.88400
18 9 20 14 18 9269.90000 5.14000000 325.56000 41.11000 13.51200 49.88400
18 9 20 14 19 9269.30000 5.14000000 325.56000 41.11000 13.51200 49.88400
18 9 20 14 20 9269.40000 5.14000000 325.45000 41.11000 13.51200 49.88400
18 9 20 14 20 9269.30000 5.14000000 325.51000 41.13000 13.51200 49.88400
18 9 20 14 21 9269.70000 5.14000000 325.51000 41.11000 13.51200 49.88400
18 9 20 14 21 9269.30000 5.14000000 325.30000 41.11000 13.51200 49.88400
18 9 20 14 21 9269.10000 5.14000000 325.30000 41.11000 13.51200 49.88400
18 9 20 14 22 9269.00000 5.14000000 325.30000 41.11000 13.51200 49.88400
18 9 20 14 22 9266.30000 5.14000000 325.30000 41.11000 13.51200 49.88400
18 9 20 14 23 9264.20000 5.14000000 325.30000 41.11000 13.51200 49.88400
18 9 20 14 23 9265.90000 5.14000000 325.20000 41.11000 13.51200 49.88400
