M=[
10 5 20 16 44 7836.60000 5.49000000 170.12000 37.51000 10.58900 36.35300
10 5 20 16 44 7831.60000 5.49000000 170.08000 37.54000 10.58900 36.35300
10 5 20 16 45 7822.60000 5.49000000 169.91000 37.56000 10.58900 36.20000
10 5 20 16 45 7851.10000 5.48700000 170.62000 37.61000 10.58900 36.20000
10 5 20 16 46 7863.90000 5.48500000 170.71000 37.71000 10.58900 36.20000
10 5 20 16 46 7875.00000 5.48500000 171.18000 37.78000 10.56100 36.20000
10 5 20 16 47 7867.10000 5.48500000 170.70000 37.69000 10.56200 36.37900
10 5 20 16 47 7862.90000 5.48500000 170.81000 37.69000 10.56200 36.46800
10 5 20 16 48 7858.10000 5.48500000 170.59000 37.69000 10.56700 36.46800
10 5 20 16 48 7860.60000 5.48500000 170.56000 37.75000 10.56700 36.37900
10 5 20 16 49 7850.00000 5.50900000 169.94000 37.75000 10.56700 36.50900
10 5 20 16 49 7850.00000 5.50900000 169.74000 37.66000 10.56700 36.50900
10 5 20 16 50 7827.30000 5.50000000 169.74000 37.60000 10.54000 36.20000
10 5 20 16 51 7824.60000 5.50000000 169.66000 37.60000 10.54000 36.50900
10 5 20 16 51 7832.90000 5.49300000 169.79000 37.66000 10.54000 36.46800
10 5 20 16 52 7830.00000 5.46300000 169.80000 37.62000 10.54000 36.50900
10 5 20 16 52 7832.90000 5.45800000 169.86000 37.61000 10.54000 36.50900
10 5 20 16 52 7820.40000 5.45800000 169.90000 37.57000 10.54000 36.50900
10 5 20 16 53 7814.10000 5.45800000 169.91000 37.60000 10.54000 36.50900
10 5 20 16 53 7797.70000 5.45800000 169.90000 37.45000 10.54000 36.50900
10 5 20 16 54 7810.30000 5.46800000 169.88000 37.54000 10.54000 36.37000
10 5 20 16 55 7814.40000 5.46800000 169.64000 37.54000 10.51000 36.37000
10 5 20 16 55 7785.50000 5.45000000 169.22000 37.41000 10.47200 36.37000
10 5 20 16 56 7781.40000 5.41100000 168.82000 37.25000 10.47200 36.37000
10 5 20 16 56 7745.10000 5.41100000 168.27000 37.17000 10.47200 36.00100
10 5 20 16 57 7730.00000 5.40500000 167.88000 37.10000 10.30000 36.00100
10 5 20 16 58 7739.40000 5.43100000 168.13000 37.15000 10.34300 36.00100
10 5 20 16 58 7725.10000 5.42300000 167.72000 37.17000 10.34300 36.29900
10 5 20 16 59 7698.20000 5.39800000 167.52000 37.00000 10.34300 36.21000
10 5 20 17 00 7693.20000 5.41100000 168.02000 37.08000 10.32000 36.00000
10 5 20 17 01 7745.80000 5.40400000 168.17000 37.43000 10.30600 36.07700
10 5 20 17 01 7701.70000 5.40900000 168.20000 37.33000 10.30600 36.07700
10 5 20 17 02 7711.50000 5.41000000 167.90000 37.43000 10.30600 36.02800
10 5 20 17 02 7734.90000 5.41000000 168.36000 37.50000 10.30600 36.21000
10 5 20 17 03 7748.70000 5.41000000 168.57000 37.47000 10.30600 36.21000
10 5 20 17 03 7746.20000 5.43600000 168.51000 37.48000 10.30600 36.21000
10 5 20 17 04 7736.80000 5.43200000 168.51000 37.49000 10.30000 36.31400
10 5 20 17 04 7759.60000 5.43500000 169.00000 37.49000 10.30500 36.31400
10 5 20 17 05 7778.70000 5.43500000 169.17000 37.65000 10.30000 36.41900
10 5 20 17 06 7773.40000 5.43500000 169.61000 37.70000 10.25000 36.41900
10 5 20 17 06 7804.30000 5.49900000 169.85000 37.69000 10.30000 36.64600
10 5 20 17 07 7797.70000 5.49900000 169.88000 37.77000 10.31900 36.66000
10 5 20 17 07 7802.00000 5.49900000 169.96000 37.84000 10.31900 36.66000
10 5 20 17 08 7823.30000 5.43200000 170.18000 37.89000 10.31900 36.67000
10 5 20 17 08 7810.10000 5.51400000 169.97000 37.83000 10.31900 36.67000
10 5 20 17 09 7805.10000 5.51400000 169.85000 37.75000 10.31200 36.67000
10 5 20 17 09 7809.00000 5.51400000 170.06000 37.87000 10.30100 36.67000
10 5 20 17 10 7816.60000 5.53300000 170.46000 37.86000 10.31200 36.67000
10 5 20 17 10 7813.70000 5.53300000 170.23000 37.86000 10.30100 36.70800
10 5 20 17 11 7816.80000 5.53300000 170.30000 37.84000 10.30100 36.70800
10 5 20 17 11 7788.00000 5.50000000 170.09000 37.71000 10.30100 36.50400
10 5 20 17 12 7783.90000 5.47000000 169.76000 37.71000 10.30100 36.50400
10 5 20 17 12 7791.90000 5.48700000 169.91000 37.72000 10.30100 36.50400
10 5 20 17 13 7800.00000 5.48700000 169.88000 37.72000 10.30100 36.70800
10 5 20 17 13 7800.10000 5.49900000 170.00000 37.82000 10.31200 36.50400
10 5 20 17 14 7801.40000 5.49900000 170.00000 37.82000 10.30100 36.50400
10 5 20 17 14 7800.00000 5.49900000 169.99000 37.82000 10.30100 36.50400
10 5 20 17 15 7790.20000 5.49900000 170.28000 37.82000 10.30100 36.50400
10 5 20 17 15 7820.10000 5.49900000 170.28000 37.71000 10.30100 36.50400
10 5 20 17 16 7820.00000 5.49900000 170.41000 37.92000 10.30100 36.50400
10 5 20 17 16 7818.30000 5.49900000 170.42000 37.92000 10.30100 36.70800
10 5 20 17 17 7832.10000 5.51200000 170.50000 37.91000 10.30100 36.50400
10 5 20 17 17 7835.40000 5.51200000 170.62000 37.93000 10.30100 36.50400
10 5 20 17 18 7818.00000 5.51200000 170.27000 37.88000 10.30100 36.50400
10 5 20 17 18 7818.80000 5.51200000 170.39000 37.81000 10.30100 36.50400
10 5 20 17 19 7825.40000 5.51200000 170.36000 37.89000 10.30100 36.70800
10 5 20 17 20 7839.00000 5.51200000 170.70000 37.89000 10.30100 36.50400
10 5 20 17 20 7830.40000 5.51200000 170.40000 37.95000 10.30100 36.50400
10 5 20 17 21 7841.80000 5.52100000 170.48000 37.95000 10.34000 36.83700
10 5 20 17 21 7856.80000 5.51200000 170.68000 37.81000 10.37000 36.83700
10 5 20 17 22 7840.00000 5.51200000 170.39000 37.76000 10.34000 36.83700
10 5 20 17 22 7849.70000 5.51200000 170.40000 37.79000 10.34000 36.83700
10 5 20 17 23 7830.40000 5.49000000 170.21000 37.66000 10.34000 36.83700
10 5 20 17 23 7830.40000 5.49000000 170.05000 37.66000 10.34000 36.83700
10 5 20 17 24 7835.70000 5.48500000 170.04000 37.66000 10.34000 36.83700
10 5 20 17 24 7839.30000 5.48500000 170.29000 37.71000 10.34000 36.83700
10 5 20 17 25 7823.40000 5.48500000 170.04000 37.77000 10.37000 36.72900
10 5 20 17 25 7845.00000 5.48500000 170.32000 37.77000 10.30400 36.72900
10 5 20 17 26 7870.10000 5.48500000 170.64000 37.71000 10.30400 36.72900
10 5 20 17 26 7870.00000 5.48500000 170.67000 37.88000 10.30400 36.72900
10 5 20 17 27 7878.10000 5.48500000 170.57000 37.88000 10.30400 36.72900
10 5 20 17 27 7888.60000 5.53900000 170.81000 37.85000 10.30400 36.72900
10 5 20 17 28 7874.70000 5.53900000 170.45000 37.85000 10.36700 36.68100
10 5 20 17 28 7867.20000 5.53900000 170.48000 37.86000 10.36700 36.68700
10 5 20 17 29 7873.10000 5.53900000 170.59000 37.85000 10.36700 36.68700
10 5 20 17 29 7873.30000 5.53900000 170.51000 37.75000 10.36700 36.68700
10 5 20 17 30 7884.20000 5.53900000 170.52000 37.74000 10.36700 36.68700
10 5 20 17 30 7901.10000 5.53900000 170.90000 37.86000 10.36700 36.68700
10 5 20 17 31 7891.50000 5.53000000 170.67000 37.86000 10.36700 36.68700
10 5 20 17 31 7883.80000 5.52400000 170.90000 37.86000 10.36700 36.68700
10 5 20 17 32 7889.10000 5.52400000 170.71000 37.86000 10.36700 36.68700
10 5 20 17 32 7873.10000 5.52400000 170.52000 37.86000 10.36700 36.68700
10 5 20 17 33 7876.80000 5.52400000 170.41000 37.86000 10.36700 36.68700
10 5 20 17 33 7870.00000 5.52400000 170.41000 37.65000 10.36700 36.68700
10 5 20 17 34 7861.90000 5.51200000 170.04000 37.60000 10.36700 36.68600
10 5 20 17 34 7855.80000 5.51200000 169.95000 37.58000 10.28900 36.68700
10 5 20 17 35 7859.90000 5.51200000 170.35000 37.61000 10.28900 36.68700
10 5 20 17 35 7879.20000 5.52200000 170.39000 37.61000 10.28900 36.68700
10 5 20 17 36 7879.20000 5.52200000 170.54000 37.75000 10.31200 36.70000
10 5 20 17 36 7887.30000 5.53900000 170.65000 37.75000 10.31200 36.70000
10 5 20 17 37 7900.00000 5.53900000 170.83000 37.61000 10.31700 36.70000
10 5 20 17 37 7888.00000 5.53900000 170.59000 37.77000 10.31700 36.73000
10 5 20 17 38 7897.40000 5.54700000 170.71000 37.82000 10.31700 36.73000
10 5 20 17 38 7893.10000 5.54700000 170.57000 37.80000 10.36600 36.73000
10 5 20 17 39 7891.80000 5.54700000 170.62000 37.77000 10.36600 36.73000
10 5 20 17 39 7896.80000 5.55800000 170.63000 37.79000 10.36600 36.73000
10 5 20 17 40 7893.40000 5.55800000 170.71000 37.79000 10.36600 36.73000
10 5 20 17 40 7880.10000 5.55800000 170.59000 37.79000 10.36600 36.73000
10 5 20 17 41 7868.90000 5.54100000 170.22000 37.79000 10.36600 36.73000
