M=[
27 11 20 05 25 14502.80000 5.27800000 442.76000 60.65000 12.59100 58.73200
27 11 20 05 25 14500.50000 5.27800000 442.69000 60.70000 12.59100 58.73200
27 11 20 05 26 14502.50000 5.27800000 442.69000 60.73000 12.59100 58.73200
27 11 20 05 26 14502.50000 5.27800000 442.68000 60.71000 12.59100 58.73200
27 11 20 05 27 14500.00000 5.27800000 442.73000 60.71000 12.59100 58.73200
27 11 20 05 27 14500.00000 5.27800000 442.53000 60.71000 12.59100 58.73200
27 11 20 05 28 14500.00000 5.27800000 443.04000 60.71000 12.59100 58.73200
27 11 20 05 28 14502.20000 5.27800000 443.04000 60.71000 12.59100 58.73200
27 11 20 05 28 14500.00000 5.27800000 442.42000 60.71000 12.59100 58.73200
27 11 20 05 29 14500.00000 5.27800000 442.32000 60.71000 12.58200 58.73200
27 11 20 05 29 14500.00000 5.27800000 442.32000 60.71000 12.58200 58.73200
27 11 20 05 30 14500.10000 5.27800000 442.32000 60.71000 12.58200 58.73200
27 11 20 05 30 14500.10000 5.27800000 442.32000 60.71000 12.58200 58.73200
27 11 20 05 31 14503.90000 5.27800000 443.27000 60.73000 12.58200 58.73200
27 11 20 05 31 14515.10000 5.27800000 443.64000 60.73000 12.58200 58.73200
27 11 20 05 31 14518.20000 5.27800000 443.73000 60.80000 12.58200 58.73200
27 11 20 05 32 14521.10000 5.27800000 443.75000 60.80000 12.58200 58.73200
27 11 20 05 32 14504.70000 5.27800000 443.75000 60.75000 12.58200 58.73200
27 11 20 05 33 14500.20000 5.27800000 442.78000 60.66000 12.58200 58.73200
27 11 20 05 33 14474.70000 5.27800000 442.50000 60.66000 12.58200 58.73200
27 11 20 05 34 14484.20000 5.27800000 442.47000 60.66000 12.58200 58.73200
27 11 20 05 34 14477.70000 5.27800000 441.95000 60.48000 12.58200 58.73200
27 11 20 05 34 14471.90000 5.27800000 441.95000 60.48000 12.58200 58.73200
27 11 20 05 35 14482.50000 5.29100000 441.95000 60.48000 12.58200 58.73200
27 11 20 05 35 14483.30000 5.31900000 441.95000 60.48000 12.58200 58.73200
27 11 20 05 36 14496.00000 5.33200000 442.86000 60.63000 12.58200 58.73200
27 11 20 05 36 14503.50000 5.33200000 442.86000 60.63000 12.58200 58.73200
27 11 20 05 37 14503.90000 5.35000000 444.05000 60.73000 12.58200 58.73200
27 11 20 05 37 14518.60000 5.36000000 444.32000 60.77000 12.58200 58.73200
27 11 20 05 37 14518.60000 5.36700000 444.14000 60.77000 12.58200 58.73200
27 11 20 05 38 14519.00000 5.34100000 443.97000 60.77000 12.58200 58.73200
27 11 20 05 38 14504.30000 5.33100000 443.91000 60.77000 12.58200 58.73200
27 11 20 05 39 14501.30000 5.33100000 443.23000 60.66000 12.58200 58.73200
27 11 20 05 39 14486.10000 5.33100000 443.46000 60.65000 12.58200 58.73200
27 11 20 05 40 14487.20000 5.33100000 443.46000 60.67000 12.58200 58.73200
27 11 20 05 40 14504.30000 5.33100000 443.46000 60.67000 12.58200 58.73200
27 11 20 05 40 14512.90000 5.33100000 443.71000 60.69000 12.58200 58.73200
27 11 20 05 41 14503.90000 5.34000000 442.99000 60.69000 12.58200 58.73200
27 11 20 05 41 14494.00000 5.34000000 442.84000 60.62000 12.58200 58.73200
27 11 20 05 42 14490.40000 5.34000000 442.35000 60.62000 12.58200 58.73200
27 11 20 05 42 14502.70000 5.34000000 442.60000 60.55000 12.58200 58.98000
27 11 20 05 43 14499.90000 5.34000000 442.60000 60.55000 12.58200 58.98000
27 11 20 05 43 14497.50000 5.34000000 442.57000 60.55000 12.58200 58.98000
27 11 20 05 43 14497.50000 5.34000000 442.57000 60.55000 12.58200 58.98000
27 11 20 05 44 14507.40000 5.34000000 443.21000 60.55000 12.58200 58.98000
27 11 20 05 44 14510.10000 5.34000000 443.31000 60.55000 12.58200 58.98000
27 11 20 05 45 14518.00000 5.38800000 443.31000 60.61000 12.58200 58.98000
27 11 20 05 45 14519.20000 5.39200000 443.57000 60.67000 12.58200 58.98000
27 11 20 05 46 14520.20000 5.42100000 443.56000 60.67000 12.58200 58.98000
27 11 20 05 46 14524.80000 5.42100000 443.11000 60.58000 12.58200 58.98000
27 11 20 05 46 14524.20000 5.42100000 442.70000 60.57000 12.58200 58.98000
27 11 20 05 47 14528.40000 5.42100000 442.84000 60.57000 12.58200 58.98000
27 11 20 05 47 14545.10000 5.42100000 443.27000 60.57000 12.58200 58.98000
27 11 20 05 48 14566.00000 5.42400000 443.76000 60.57000 12.58200 58.98000
27 11 20 05 48 14541.80000 5.42400000 443.51000 60.56000 12.58200 58.98000
27 11 20 05 49 14552.10000 5.42400000 443.81000 60.65000 12.58200 58.98000
27 11 20 05 49 14563.30000 5.42400000 443.93000 60.65000 12.58200 58.98000
27 11 20 05 49 14557.00000 5.42400000 443.93000 60.65000 12.58200 59.21900
27 11 20 05 50 14561.00000 5.42400000 443.91000 60.65000 12.58200 59.21900
27 11 20 05 50 14568.30000 5.42400000 444.01000 60.70000 12.58200 59.21900
27 11 20 05 51 14567.70000 5.42400000 444.08000 60.70000 12.58200 59.21900
27 11 20 05 51 14558.50000 5.42400000 444.08000 60.70000 12.58200 59.21900
27 11 20 05 52 14563.70000 5.42400000 444.01000 60.70000 12.58200 59.21900
27 11 20 05 52 14559.60000 5.35800000 444.00000 60.72000 12.58200 59.11000
27 11 20 05 52 14558.50000 5.35800000 444.00000 60.72000 12.58200 59.11000
27 11 20 05 53 14551.20000 5.35800000 443.76000 60.72000 12.58900 59.11000
27 11 20 05 53 14543.40000 5.35800000 443.48000 60.70000 12.58900 59.11000
27 11 20 05 54 14550.70000 5.33400000 443.56000 60.71000 12.58900 59.11500
27 11 20 05 54 14542.70000 5.33400000 443.59000 60.68000 12.58900 59.11500
27 11 20 05 55 14542.50000 5.33400000 443.42000 60.63000 12.58900 59.11500
27 11 20 05 55 14530.00000 5.33400000 443.42000 60.63000 12.58900 59.12000
27 11 20 05 55 14514.20000 5.33400000 442.73000 60.63000 12.58900 59.03000
27 11 20 05 56 14512.20000 5.33400000 442.41000 60.63000 12.58900 58.97300
27 11 20 05 56 14503.90000 5.33400000 442.21000 60.63000 12.58900 58.97300
27 11 20 05 57 14502.00000 5.33400000 442.20000 60.63000 12.58900 58.97300
27 11 20 05 57 14500.10000 5.33400000 442.67000 60.58000 12.58900 58.97300
27 11 20 05 58 14509.40000 5.33400000 442.83000 60.51000 12.58900 58.97300
27 11 20 05 58 14513.50000 5.33500000 442.48000 60.51000 12.58900 58.97300
27 11 20 05 58 14505.80000 5.33500000 442.38000 60.51000 12.58900 58.97300
27 11 20 05 59 14509.40000 5.33500000 442.37000 60.51000 12.58900 58.97300
27 11 20 05 59 14504.20000 5.33500000 442.37000 60.51000 12.58900 58.97300
27 11 20 06 00 14504.20000 5.33500000 442.66000 60.52000 12.58200 58.97300
27 11 20 06 00 14502.00000 5.33500000 442.49000 60.53000 12.58200 58.97300
27 11 20 06 01 14509.30000 5.33500000 442.82000 60.60000 12.58200 58.97300
27 11 20 06 01 14509.40000 5.33500000 442.82000 60.66000 12.58200 58.97300
27 11 20 06 01 14528.50000 5.33500000 442.82000 60.64000 12.58200 58.97300
27 11 20 06 02 14530.00000 5.33500000 442.82000 60.72000 12.57000 58.97300
27 11 20 06 02 14516.20000 5.33500000 442.46000 60.66000 12.57000 58.97300
27 11 20 06 03 14500.10000 5.33500000 442.01000 60.52000 12.57000 58.97300
27 11 20 06 03 14491.20000 5.33500000 441.40000 60.46000 12.57000 58.97300
27 11 20 06 04 14500.10000 5.33500000 441.35000 60.42000 12.57000 58.86000
27 11 20 06 04 14490.50000 5.33500000 440.75000 60.29000 12.57000 58.86000
27 11 20 06 04 14488.00000 5.33500000 440.32000 60.29000 12.57000 58.86000
27 11 20 06 05 14475.20000 5.33500000 440.10000 60.29000 12.57000 58.86000
27 11 20 06 05 14477.30000 5.33500000 440.10000 60.29000 12.57000 58.86000
27 11 20 06 06 14453.40000 5.33500000 440.29000 60.29000 12.57000 58.86000
27 11 20 06 06 14458.60000 5.33500000 439.85000 60.29000 12.57000 58.86000
27 11 20 06 07 14453.20000 5.33500000 440.26000 60.16000 12.57000 58.86000
27 11 20 06 07 14445.20000 5.33500000 439.76000 60.06000 12.57000 58.86000
27 11 20 06 07 14445.20000 5.33500000 439.76000 60.21000 12.57000 58.86000
27 11 20 06 08 14453.90000 5.33800000 439.76000 60.23000 12.57000 58.86000
27 11 20 06 08 14453.90000 5.33800000 440.78000 60.33000 12.57000 58.86000
27 11 20 06 09 14461.50000 5.33800000 440.78000 60.31000 12.57000 58.86000
27 11 20 06 09 14457.70000 5.34600000 440.23000 60.31000 12.57000 58.86000
27 11 20 06 10 14454.70000 5.34600000 440.38000 60.31000 12.57000 58.86000
27 11 20 06 10 14453.50000 5.34600000 440.79000 60.26000 12.57000 58.86000
