M=[
13 1 21 17 31 28734.60000 6.05500000 885.00000 114.75000 15.60500 92.95700
13 1 21 17 31 28735.00000 6.05500000 885.00000 114.75000 15.60500 93.23700
13 1 21 17 32 28730.30000 6.05500000 886.00000 114.75000 15.60500 93.45400
13 1 21 17 32 28730.20000 6.07000000 886.00000 114.75000 15.60500 93.40000
13 1 21 17 33 28705.60000 6.07100000 883.48000 114.73000 15.60500 93.40000
13 1 21 17 33 28681.40000 6.07100000 884.72000 114.67000 15.60500 93.21000
13 1 21 17 33 28735.00000 6.07400000 885.83000 114.67000 15.60500 93.21000
13 1 21 17 34 28735.00000 6.07400000 885.87000 114.61000 15.60500 93.12700
13 1 21 17 34 28734.90000 6.07400000 885.73000 114.59000 15.60500 93.12700
13 1 21 17 35 28743.10000 6.07400000 885.63000 114.59000 15.60500 93.12700
13 1 21 17 35 28736.20000 6.07400000 885.00000 114.62000 15.60500 93.12700
13 1 21 17 36 28663.90000 6.07400000 884.02000 114.58000 15.60500 93.54700
13 1 21 17 36 28698.60000 6.07400000 884.25000 114.58000 15.69800 93.56000
13 1 21 17 36 28701.00000 6.07400000 884.76000 114.57000 15.69800 93.56000
13 1 21 17 37 28715.70000 6.07400000 884.78000 114.57000 15.69800 93.56000
13 1 21 17 37 28716.00000 6.07400000 884.77000 114.36000 15.69800 93.70200
13 1 21 17 38 28715.70000 6.07400000 884.05000 114.39000 15.69800 93.61200
13 1 21 17 38 28611.20000 6.07400000 881.95000 114.38000 15.69800 93.70900
13 1 21 17 39 28599.90000 6.07400000 881.96000 114.38000 15.69800 93.70900
13 1 21 17 39 28620.50000 6.07400000 882.13000 114.38000 15.69800 93.71000
13 1 21 17 39 28606.50000 6.07400000 882.29000 114.08000 15.69800 93.71000
13 1 21 17 40 28613.80000 6.07400000 881.50000 114.09000 15.69800 93.87900
13 1 21 17 40 28648.60000 6.07400000 883.44000 114.09000 15.69800 94.00000
13 1 21 17 41 28659.10000 6.07400000 882.73000 114.22000 15.69800 94.00000
13 1 21 17 41 28666.40000 6.07400000 882.85000 114.23000 15.69800 94.16200
13 1 21 17 42 28675.90000 6.07400000 882.96000 114.23000 15.69800 94.17600
13 1 21 17 42 28651.40000 6.07400000 882.13000 114.17000 15.69800 94.17600
13 1 21 17 42 28652.10000 6.07400000 882.56000 114.14000 15.69800 94.17600
13 1 21 17 43 28661.70000 6.07400000 882.56000 114.17000 15.69800 94.17600
13 1 21 17 43 28687.20000 6.07400000 883.00000 114.17000 15.69800 94.17600
13 1 21 17 44 28682.90000 6.07400000 883.00000 114.20000 15.69800 94.48000
13 1 21 17 44 28669.40000 6.07400000 882.67000 114.20000 15.69800 94.48000
13 1 21 17 45 28656.80000 6.07400000 882.60000 114.15000 15.69800 94.48000
13 1 21 17 45 28656.90000 6.07400000 882.59000 114.15000 15.69800 94.48000
13 1 21 17 45 28613.90000 6.07400000 882.23000 114.06000 15.69800 94.64800
13 1 21 17 46 28650.60000 6.07400000 883.00000 114.17000 15.69800 94.70800
13 1 21 17 46 28655.20000 6.07400000 882.81000 114.17000 15.69800 94.70800
13 1 21 17 47 28679.90000 6.07400000 884.17000 114.17000 15.69800 95.22700
13 1 21 17 47 28680.00000 6.07400000 884.47000 114.26000 15.69800 95.22700
13 1 21 17 48 28659.10000 6.07400000 884.78000 114.27000 15.69800 95.26200
13 1 21 17 48 28680.00000 6.07400000 885.00000 114.35000 15.69800 95.22700
13 1 21 17 48 28640.70000 6.07400000 884.67000 114.26000 15.60800 95.22800
13 1 21 17 49 28642.50000 6.07400000 884.99000 114.32000 15.60800 95.22800
13 1 21 17 49 28619.60000 6.07400000 885.00000 114.26000 15.60800 95.11900
13 1 21 17 50 28650.00000 6.07400000 885.00000 114.26000 15.60800 95.12200
13 1 21 17 50 28711.30000 6.07400000 885.78000 114.35000 15.60800 95.29200
13 1 21 17 51 28704.80000 6.07400000 886.00000 114.35000 15.60800 95.29800
13 1 21 17 51 28704.30000 6.07400000 885.97000 114.27000 15.60800 95.29800
13 1 21 17 51 28711.60000 6.07400000 886.00000 114.37000 15.60800 94.77600
13 1 21 17 52 28715.90000 6.07400000 886.00000 114.28000 15.60800 94.99800
13 1 21 17 52 28700.10000 6.07400000 885.01000 114.25000 15.60800 94.80900
13 1 21 17 53 28707.00000 6.07400000 885.17000 114.16000 15.60800 94.38500
13 1 21 17 53 28707.20000 6.07400000 885.82000 114.16000 15.60800 94.35700
13 1 21 17 54 28679.60000 6.07400000 885.66000 114.26000 15.60800 94.15200
13 1 21 17 54 28669.00000 6.07400000 884.54000 114.17000 15.60800 94.15200
13 1 21 17 54 28666.40000 6.07400000 884.87000 114.26000 15.60800 94.15200
13 1 21 17 55 28666.00000 6.07400000 883.68000 114.48000 15.69800 94.15200
13 1 21 17 55 28628.40000 6.07400000 883.36000 114.39000 15.69800 94.15200
13 1 21 17 56 28620.00000 6.07400000 882.76000 114.35000 15.69800 93.95500
13 1 21 17 56 28581.60000 6.04600000 881.61000 114.15000 15.69800 93.95500
13 1 21 17 57 28569.50000 6.04600000 881.24000 114.07000 15.69800 93.95500
13 1 21 17 57 28580.50000 6.04600000 881.56000 114.07000 15.69800 93.95500
13 1 21 17 57 28562.80000 6.04600000 881.14000 114.00000 15.69800 93.95500
13 1 21 17 58 28563.00000 6.04600000 882.04000 114.04000 15.69800 94.02500
13 1 21 17 58 28571.30000 6.04600000 882.37000 114.03000 15.69800 94.02500
13 1 21 17 59 28571.10000 6.04600000 882.04000 114.26000 15.69800 94.02500
13 1 21 17 59 28594.40000 6.04600000 882.37000 114.17000 15.69800 93.90600
13 1 21 18 00 28594.30000 6.03900000 882.50000 114.17000 15.69800 93.90600
13 1 21 18 00 28620.10000 6.03900000 883.81000 114.42000 15.69800 93.90600
13 1 21 18 00 28665.20000 6.03900000 885.00000 114.42000 15.69800 93.90600
13 1 21 18 01 28650.50000 6.03900000 885.18000 114.64000 15.69800 93.90600
13 1 21 18 01 28636.40000 6.03900000 885.18000 114.46000 15.69800 93.90600
13 1 21 18 02 28593.00000 6.03900000 883.86000 114.51000 15.69800 94.04800
13 1 21 18 02 28570.50000 6.03900000 882.32000 114.41000 15.69800 94.04800
13 1 21 18 03 28578.60000 6.03900000 881.80000 114.41000 15.69800 94.04800
13 1 21 18 03 28550.00000 6.03900000 880.98000 114.14000 15.69800 93.78900
13 1 21 18 03 28532.40000 6.03900000 880.63000 114.02000 15.69800 93.68200
13 1 21 18 04 28529.70000 6.03900000 881.02000 113.91000 15.69800 93.99600
13 1 21 18 04 28539.80000 6.03900000 881.38000 114.12000 15.69800 94.25700
13 1 21 18 05 28549.90000 6.03900000 881.39000 114.13000 15.69800 94.25700
13 1 21 18 05 28542.20000 6.03900000 881.22000 114.12000 15.69800 94.41600
13 1 21 18 06 28551.70000 6.03900000 881.16000 114.12000 15.69800 94.41600
13 1 21 18 06 28545.50000 6.03900000 880.61000 114.01000 15.53000 94.66400
13 1 21 18 06 28542.40000 6.03900000 880.61000 114.05000 15.53000 94.66400
13 1 21 18 07 28559.90000 6.03300000 881.50000 114.16000 15.53000 94.80000
13 1 21 18 07 28555.40000 6.05000000 881.16000 114.12000 15.53000 94.80000
13 1 21 18 08 28535.00000 6.05000000 880.79000 114.11000 15.53000 94.76100
13 1 21 18 08 28555.00000 6.05000000 881.48000 114.11000 15.53000 94.76100
13 1 21 18 09 28555.00000 6.05000000 881.50000 114.11000 15.53000 94.76100
13 1 21 18 09 28600.60000 6.05000000 881.50000 114.11000 15.53000 94.66500
13 1 21 18 09 28580.50000 6.05000000 881.96000 114.04000 15.53000 94.66500
13 1 21 18 10 28603.70000 6.05000000 881.94000 114.15000 15.53000 94.66500
13 1 21 18 10 28580.10000 6.05000000 882.09000 114.09000 15.53000 94.66500
13 1 21 18 11 28571.50000 6.05000000 882.43000 114.09000 15.53000 94.66500
13 1 21 18 11 28550.30000 6.04900000 881.53000 114.09000 15.53000 94.66500
13 1 21 18 12 28583.90000 6.01600000 882.50000 114.08000 15.53000 94.66500
13 1 21 18 12 28577.70000 6.01600000 881.77000 114.03000 15.53000 94.66500
13 1 21 18 12 28567.00000 6.01600000 881.42000 114.04000 15.53000 94.64900
13 1 21 18 13 28577.70000 6.01600000 882.02000 114.01000 15.53000 94.70000
13 1 21 18 13 28577.70000 6.01600000 882.38000 114.01000 15.53000 94.86200
13 1 21 18 14 28603.60000 6.01600000 882.51000 114.13000 15.53000 94.86500
13 1 21 18 14 28585.60000 6.01600000 882.25000 114.04000 15.53000 94.86500
13 1 21 18 15 28581.00000 6.01600000 882.48000 114.04000 15.53000 94.92400
13 1 21 18 15 28530.80000 6.01600000 881.46000 114.06000 15.53000 94.92400
13 1 21 18 15 28540.00000 6.01600000 881.48000 114.02000 15.53000 94.92400
13 1 21 18 16 28548.10000 6.01600000 881.71000 114.03000 15.53000 94.83300
