M=[
29 5 21 14 08 28915.90000 53.39900000 1987.16000 140.80000 23.40900 133.56200
29 5 21 14 09 28876.50000 53.39900000 1985.70000 140.75000 23.40900 133.56200
29 5 21 14 09 28962.20000 53.39900000 1988.90000 140.89000 23.40900 133.86500
29 5 21 14 10 28944.60000 53.39900000 1984.93000 140.89000 23.40900 133.86500
29 5 21 14 10 28925.80000 53.39900000 1982.37000 140.89000 23.40900 133.86500
29 5 21 14 11 28930.40000 53.39900000 1985.13000 140.89000 23.40900 133.86500
29 5 21 14 11 28904.60000 53.39900000 1981.92000 140.89000 23.40900 133.47400
29 5 21 14 11 28951.20000 53.39900000 1984.99000 140.92000 23.40900 133.47400
29 5 21 14 12 28900.90000 53.39900000 1984.96000 141.00000 23.40900 133.47400
29 5 21 14 12 28904.10000 53.39900000 1983.35000 141.00000 23.40900 133.47400
29 5 21 14 13 28914.90000 53.39900000 1984.43000 141.00000 23.40900 133.47400
29 5 21 14 13 28899.20000 53.39900000 1980.96000 141.00000 23.40900 133.47400
29 5 21 14 14 28903.60000 53.39900000 1980.96000 140.73000 23.40900 133.47400
29 5 21 14 14 28899.70000 53.39900000 1980.96000 140.73000 23.40900 133.47400
29 5 21 14 14 28902.30000 53.39900000 1981.26000 140.77000 23.40900 133.47400
29 5 21 14 15 28861.30000 53.39900000 1980.09000 140.60000 23.40900 133.47400
29 5 21 14 15 28846.70000 53.39900000 1976.30000 140.33000 23.40900 132.65400
29 5 21 14 16 28851.50000 53.01300000 1975.86000 140.18000 23.40900 132.69900
29 5 21 14 16 28824.10000 53.00000000 1971.50000 139.89000 23.40900 132.69900
29 5 21 14 17 28807.80000 53.00000000 1971.12000 139.83000 23.40900 132.69900
29 5 21 14 17 28770.30000 53.00000000 1970.30000 139.91000 23.40900 132.69900
29 5 21 14 17 28722.90000 52.77000000 1965.71000 139.70000 23.40900 132.69900
29 5 21 14 18 28767.60000 52.77000000 1970.98000 139.65000 23.40900 132.69900
29 5 21 14 18 28786.40000 52.77000000 1971.88000 139.77000 23.40900 133.15000
29 5 21 14 19 28775.50000 52.77000000 1970.71000 139.74000 23.40900 133.15000
29 5 21 14 19 28752.90000 52.77000000 1968.96000 139.61000 23.40900 133.15000
29 5 21 14 20 28688.50000 52.77100000 1967.25000 139.53000 23.40900 132.32400
29 5 21 14 20 28661.00000 52.77100000 1963.35000 139.40000 23.40900 132.32400
29 5 21 14 20 28636.40000 52.77100000 1962.52000 139.22000 23.40900 132.21400
29 5 21 14 21 28631.70000 52.77100000 1962.89000 139.25000 23.40900 132.21400
29 5 21 14 21 28592.80000 52.72700000 1959.45000 138.78000 23.40900 131.95700
29 5 21 14 22 28585.60000 52.72700000 1958.19000 138.84000 23.40900 131.79000
29 5 21 14 22 28622.70000 52.72700000 1964.32000 138.94000 23.40900 131.79000
29 5 21 14 23 28575.80000 52.72700000 1959.81000 138.82000 23.40900 131.79000
29 5 21 14 23 28552.30000 52.72700000 1958.62000 138.70000 23.40900 131.79000
29 5 21 14 23 28534.10000 52.47800000 1957.38000 138.49000 23.40900 131.79000
29 5 21 14 24 28577.40000 52.49200000 1960.16000 138.63000 23.40900 131.72800
29 5 21 14 24 28595.00000 52.49200000 1962.99000 138.79000 23.40900 131.72800
29 5 21 14 25 28584.20000 52.55000000 1963.25000 138.79000 23.40900 131.77300
29 5 21 14 25 28636.80000 52.55000000 1964.79000 139.24000 23.40900 131.77300
29 5 21 14 26 28594.90000 52.55000000 1965.19000 138.69000 23.40900 132.46100
29 5 21 14 26 28562.80000 52.55000000 1960.75000 138.59000 23.40900 132.46100
29 5 21 14 26 28561.10000 52.55000000 1962.65000 138.59000 23.40900 132.46100
29 5 21 14 27 28615.50000 52.55000000 1965.46000 138.99000 23.16200 132.46100
29 5 21 14 27 28616.50000 52.76300000 1964.85000 138.99000 23.16200 132.46100
29 5 21 14 28 28618.10000 52.72300000 1964.93000 138.99000 23.16200 132.46100
29 5 21 14 28 28615.60000 52.72300000 1964.66000 138.99000 23.16200 132.46100
29 5 21 14 29 28615.50000 52.72300000 1963.64000 138.96000 23.16200 132.46100
29 5 21 14 29 28620.90000 52.72300000 1964.43000 139.02000 23.16200 132.46100
29 5 21 14 29 28660.40000 52.72300000 1965.69000 139.02000 23.16200 132.46100
29 5 21 14 30 28658.60000 52.72300000 1966.05000 139.02000 23.16200 132.79500
29 5 21 14 30 28713.10000 52.96400000 1971.78000 139.70000 23.16200 132.79500
29 5 21 14 31 28723.40000 52.96400000 1970.82000 139.65000 23.16200 132.79500
29 5 21 14 31 28697.60000 52.96400000 1969.37000 139.38000 23.16200 132.79500
29 5 21 14 32 28713.30000 52.96400000 1970.81000 139.74000 23.16200 133.14900
29 5 21 14 32 28758.50000 52.96400000 1972.58000 139.82000 23.16200 133.14900
29 5 21 14 32 28782.20000 52.97100000 1972.58000 139.92000 23.16200 133.14900
29 5 21 14 33 28757.50000 52.97100000 1973.06000 139.94000 23.16200 133.14900
29 5 21 14 33 28761.00000 52.97100000 1972.68000 139.94000 23.16200 133.14900
29 5 21 14 34 28691.30000 52.97100000 1971.67000 139.71000 23.16200 133.14900
29 5 21 14 34 28639.00000 52.97100000 1963.69000 139.18000 23.16200 133.14900
29 5 21 14 35 28584.10000 52.97100000 1960.81000 138.76000 23.16200 133.14900
29 5 21 14 35 28536.00000 52.50000000 1961.31000 138.87000 23.16200 133.14900
29 5 21 14 35 28532.30000 52.50000000 1955.78000 138.87000 23.16200 133.14900
29 5 21 14 36 28426.40000 52.20500000 1951.97000 137.90000 23.16200 133.14900
29 5 21 14 36 28420.00000 52.20500000 1952.26000 138.00000 23.16200 133.14900
29 5 21 14 37 28454.70000 52.21100000 1954.71000 138.34000 23.13900 133.14900
29 5 21 14 37 28420.00000 52.21100000 1952.13000 137.98000 23.11700 132.03700
29 5 21 14 38 28388.90000 52.21100000 1949.95000 137.93000 23.11700 131.86700
29 5 21 14 38 28411.90000 52.21100000 1949.65000 138.05000 23.11700 131.86700
29 5 21 14 38 28419.60000 52.20200000 1949.38000 138.05000 23.11700 131.79500
29 5 21 14 39 28444.50000 52.20200000 1949.48000 137.99000 23.11700 131.79500
29 5 21 14 39 28456.40000 52.24100000 1946.93000 137.99000 23.11700 131.79500
29 5 21 14 40 28440.40000 52.24100000 1948.42000 138.25000 23.11700 131.82300
29 5 21 14 40 28443.00000 52.24100000 1949.10000 138.12000 23.11700 131.82300
29 5 21 14 41 28502.30000 52.24100000 1951.70000 138.12000 23.11700 131.82300
29 5 21 14 41 28491.10000 52.24100000 1954.32000 138.49000 23.11700 131.82300
29 5 21 14 41 28504.20000 52.24100000 1955.48000 138.48000 23.11700 131.82300
29 5 21 14 42 28511.00000 52.24100000 1953.64000 138.73000 23.11700 131.82300
29 5 21 14 42 28431.80000 52.24100000 1947.02000 138.73000 23.11700 132.63400
29 5 21 14 43 28429.00000 52.24100000 1946.46000 138.73000 23.11700 132.63400
29 5 21 14 43 28397.40000 52.24100000 1942.02000 137.77000 23.11700 132.63400
29 5 21 14 44 28390.90000 52.24100000 1943.47000 137.86000 23.11700 132.63400
29 5 21 14 44 28410.10000 52.18500000 1946.00000 137.81000 23.11700 132.63400
29 5 21 14 44 28440.50000 52.18500000 1947.91000 138.00000 23.11700 132.63400
29 5 21 14 45 28423.20000 52.18500000 1945.27000 138.00000 23.11700 132.63400
29 5 21 14 45 28474.50000 52.18500000 1948.06000 138.45000 23.11700 132.63400
29 5 21 14 46 28404.10000 52.15400000 1942.12000 138.45000 23.11700 132.25700
29 5 21 14 46 28370.00000 52.15400000 1941.49000 137.83000 23.11700 132.25700
29 5 21 14 47 28389.30000 52.15400000 1941.44000 137.83000 23.11700 132.25700
29 5 21 14 47 28450.40000 52.15400000 1944.58000 137.83000 23.11700 132.25700
29 5 21 14 47 28481.90000 52.15400000 1948.13000 138.50000 23.11700 132.25700
29 5 21 14 48 28474.50000 52.36300000 1950.92000 138.50000 23.11700 132.69600
29 5 21 14 48 28505.50000 52.36300000 1950.22000 138.79000 23.11700 132.92800
29 5 21 14 49 28515.50000 52.42200000 1953.20000 138.91000 23.11700 133.44100
29 5 21 14 49 28505.50000 52.42200000 1951.33000 138.91000 23.11700 133.44100
29 5 21 14 50 28505.40000 52.42200000 1953.21000 138.91000 23.11700 133.44100
29 5 21 14 50 28505.50000 52.42200000 1952.17000 138.69000 23.11700 133.64300
29 5 21 14 50 28519.80000 52.42200000 1952.23000 138.69000 23.11700 133.64300
29 5 21 14 51 28596.40000 52.53100000 1958.55000 139.09000 23.11700 133.64300
29 5 21 14 51 28627.30000 52.53100000 1961.09000 139.14000 23.11700 134.00000
29 5 21 14 52 28581.20000 52.53100000 1960.04000 139.37000 23.11700 134.42200
